   0.0000000E+00   0.0000000E+00   0.0000000E+00   5.6773942E+10   0.0000000E+00   0.0000000E+00   6.1350245E-07
   1.4492754E-02   0.0000000E+00   0.0000000E+00   4.3173563E+07   0.0000000E+00   0.0000000E+00   8.6348109E-05
   2.8985507E-02   0.0000000E+00   0.0000000E+00   3.3073691E+07   0.0000000E+00   0.0000000E+00   9.2829349E-05
   4.3478261E-02   0.0000000E+00   0.0000000E+00   2.3859360E+07   0.0000000E+00   0.0000000E+00   1.5075174E-04
   5.7971014E-02   0.0000000E+00   0.0000000E+00   1.6722870E+07   0.0000000E+00   0.0000000E+00   1.3253823E-04
   7.2463768E-02   0.0000000E+00   0.0000000E+00   1.2811357E+07   0.0000000E+00   0.0000000E+00   2.9855658E-04
   8.6956522E-02   0.0000000E+00   0.0000000E+00   1.0837150E+07   0.0000000E+00   0.0000000E+00   3.8658055E-04
   1.0144928E-01   0.0000000E+00   0.0000000E+00   9.6227146E+06   0.0000000E+00   0.0000000E+00   2.4862804E-04
   1.1594203E-01   0.0000000E+00   0.0000000E+00   8.7472176E+06   0.0000000E+00   0.0000000E+00   5.8484975E-04
   1.3043478E-01   0.0000000E+00   0.0000000E+00   7.8824821E+06   0.0000000E+00   0.0000000E+00   7.8200027E-04
   1.4492754E-01   0.0000000E+00   0.0000000E+00   6.7512065E+06   0.0000000E+00   0.0000000E+00   9.8841663E-04
   1.5942029E-01   0.0000000E+00   0.0000000E+00   5.4637637E+06   0.0000000E+00   0.0000000E+00   1.5647645E-03
   1.7391304E-01   0.0000000E+00   0.0000000E+00   4.1695724E+06   0.0000000E+00   0.0000000E+00   1.9145781E-03
   1.8840580E-01   0.0000000E+00   0.0000000E+00   3.0198138E+06   0.0000000E+00   0.0000000E+00   1.9285447E-03
   2.0289855E-01   0.0000000E+00   0.0000000E+00   2.1709156E+06   0.0000000E+00   0.0000000E+00   2.6653591E-03
   2.1739130E-01   0.0000000E+00   0.0000000E+00   1.6438340E+06   0.0000000E+00   0.0000000E+00   3.5695945E-03
   2.3188406E-01   0.0000000E+00   0.0000000E+00   1.3125894E+06   0.0000000E+00   0.0000000E+00   3.6267577E-03
   2.4637681E-01   0.0000000E+00   0.0000000E+00   1.0784376E+06   0.0000000E+00   0.0000000E+00   5.0416399E-03
   2.6086957E-01   0.0000000E+00   0.0000000E+00   8.8933029E+05   0.0000000E+00   0.0000000E+00   5.3977241E-03
   2.7536232E-01   0.0000000E+00   0.0000000E+00   7.1470522E+05   0.0000000E+00   0.0000000E+00   5.3128607E-03
   2.8985507E-01   0.0000000E+00   0.0000000E+00   5.4079667E+05   0.0000000E+00   0.0000000E+00   8.4001752E-03
   3.0434783E-01   0.0000000E+00   0.0000000E+00   3.3860005E+05   0.0000000E+00   0.0000000E+00   1.2290796E-02
   3.1884058E-01   0.0000000E+00   0.0000000E+00   1.3907912E+05   0.0000000E+00   0.0000000E+00   2.7937018E-02
   3.3333333E-01   0.0000000E+00   0.0000000E+00   3.3208634E+04   0.0000000E+00   0.0000000E+00   9.5599184E-02
   3.4782609E-01   0.0000000E+00   0.0000000E+00   1.4239135E+04   0.0000000E+00   0.0000000E+00   2.1943136E-01
   3.6231884E-01   0.0000000E+00   0.0000000E+00   1.3305856E+04   0.0000000E+00   0.0000000E+00   2.5969585E-01
   3.7681159E-01   0.0000000E+00   0.0000000E+00   1.1803206E+04   0.0000000E+00   0.0000000E+00   2.7155353E-01
   3.9130435E-01   0.0000000E+00   0.0000000E+00   1.0075091E+04   0.0000000E+00   0.0000000E+00   2.8995657E-01
   4.0579710E-01   0.0000000E+00   0.0000000E+00   8.3351035E+03   0.0000000E+00   0.0000000E+00   2.9800362E-01
   4.2028986E-01   0.0000000E+00   0.0000000E+00   6.6628570E+03   0.0000000E+00   0.0000000E+00   2.8534625E-01
   4.3478261E-01   0.0000000E+00   0.0000000E+00   5.1020937E+03   0.0000000E+00   0.0000000E+00   2.8369005E-01
   4.4927536E-01   0.0000000E+00   0.0000000E+00   4.1553302E+03   0.0000000E+00   0.0000000E+00   2.9641876E-01
   4.6376812E-01   0.0000000E+00   0.0000000E+00   3.8123627E+03   0.0000000E+00   0.0000000E+00   3.0087766E-01
   4.7826087E-01   0.0000000E+00   0.0000000E+00   3.2835256E+03   0.0000000E+00   0.0000000E+00   2.9250040E-01
   4.9275362E-01   0.0000000E+00   0.0000000E+00   2.3623555E+03   0.0000000E+00   0.0000000E+00   3.0616517E-01
   5.0724638E-01   0.0000000E+00   0.0000000E+00   2.1216627E+03   0.0000000E+00   0.0000000E+00   3.0224737E-01
   5.2173913E-01   0.0000000E+00   0.0000000E+00   2.1890171E+03   0.0000000E+00   0.0000000E+00   2.9743809E-01
   5.3623188E-01   0.0000000E+00   0.0000000E+00   2.0888957E+03   0.0000000E+00   0.0000000E+00   2.8810774E-01
   5.5072464E-01   0.0000000E+00   0.0000000E+00   1.7746991E+03   0.0000000E+00   0.0000000E+00   2.6880486E-01
   5.6521739E-01   0.0000000E+00   0.0000000E+00   1.2434653E+03   0.0000000E+00   0.0000000E+00   2.7564973E-01
   5.7971014E-01   0.0000000E+00   0.0000000E+00   1.0418879E+03   0.0000000E+00   0.0000000E+00   2.6695999E-01
   5.9420290E-01   0.0000000E+00   0.0000000E+00   1.0904016E+03   0.0000000E+00   0.0000000E+00   2.4687827E-01
   6.0869565E-01   0.0000000E+00   0.0000000E+00   1.1005223E+03   0.0000000E+00   0.0000000E+00   2.2290900E-01
   6.2318841E-01   0.0000000E+00   0.0000000E+00   1.0573070E+03   0.0000000E+00   0.0000000E+00   2.1416033E-01
   6.3768116E-01   0.0000000E+00   0.0000000E+00   1.0849412E+03   0.0000000E+00   0.0000000E+00   2.1305049E-01
   6.5217391E-01   0.0000000E+00   0.0000000E+00   1.0103156E+03   0.0000000E+00   0.0000000E+00   2.4353516E-01
   6.6666667E-01   0.0000000E+00   0.0000000E+00   8.5657190E+02   0.0000000E+00   0.0000000E+00   2.7939977E-01
   6.8115942E-01   0.0000000E+00   0.0000000E+00   8.8671314E+02   0.0000000E+00   0.0000000E+00   2.3273672E-01
   6.9565217E-01   0.0000000E+00   0.0000000E+00   7.8930905E+02   0.0000000E+00   0.0000000E+00   2.1451060E-01
   7.1014493E-01   0.0000000E+00   0.0000000E+00   5.1031246E+02   0.0000000E+00   0.0000000E+00   2.4355350E-01
   7.2463768E-01   0.0000000E+00   0.0000000E+00   5.6072515E+02   0.0000000E+00   0.0000000E+00   2.3374726E-01
   7.3913043E-01   0.0000000E+00   0.0000000E+00   6.2401845E+02   0.0000000E+00   0.0000000E+00   1.9068277E-01
   7.5362319E-01   0.0000000E+00   0.0000000E+00   4.9544322E+02   0.0000000E+00   0.0000000E+00   1.6521209E-01
   7.6811594E-01   0.0000000E+00   0.0000000E+00   4.1461064E+02   0.0000000E+00   0.0000000E+00   2.0057577E-01
   7.8260870E-01   0.0000000E+00   0.0000000E+00   3.9290050E+02   0.0000000E+00   0.0000000E+00   2.5242337E-01
   7.9710145E-01   0.0000000E+00   0.0000000E+00   3.7197983E+02   0.0000000E+00   0.0000000E+00   2.2273661E-01
   8.1159420E-01   0.0000000E+00   0.0000000E+00   2.3002721E+02   0.0000000E+00   0.0000000E+00   2.2039154E-01
   8.2608696E-01   0.0000000E+00   0.0000000E+00   2.5257889E+02   0.0000000E+00   0.0000000E+00   2.2436295E-01
   8.4057971E-01   0.0000000E+00   0.0000000E+00   2.3515966E+02   0.0000000E+00   0.0000000E+00   2.1683631E-01
   8.5507246E-01   0.0000000E+00   0.0000000E+00   8.9900963E+01   0.0000000E+00   0.0000000E+00   2.7809955E-01
   8.6956522E-01   0.0000000E+00   0.0000000E+00   1.1366050E+02   0.0000000E+00   0.0000000E+00   1.3473372E-01
   8.8405797E-01   0.0000000E+00   0.0000000E+00   1.7390678E+02   0.0000000E+00   0.0000000E+00   1.4475090E-01
   8.9855072E-01   0.0000000E+00   0.0000000E+00   2.1998807E+02   0.0000000E+00   0.0000000E+00   2.0023817E-01
   9.1304348E-01   0.0000000E+00   0.0000000E+00   1.5635836E+02   0.0000000E+00   0.0000000E+00   2.5033918E-01
   9.2753623E-01   0.0000000E+00   0.0000000E+00   8.2877450E+01   0.0000000E+00   0.0000000E+00   2.9512207E-01
   9.4202899E-01   0.0000000E+00   0.0000000E+00   9.3259900E+01   0.0000000E+00   0.0000000E+00   2.5626500E-01
   9.5652174E-01   0.0000000E+00   0.0000000E+00   5.7404294E+01   0.0000000E+00   0.0000000E+00   3.3415573E-01
   9.7101449E-01   0.0000000E+00   0.0000000E+00   6.7857016E+01   0.0000000E+00   0.0000000E+00   2.1087214E-01
   9.8550725E-01   0.0000000E+00   0.0000000E+00   4.4572746E+01   0.0000000E+00   0.0000000E+00   1.0671852E-01
   1.0000000E+00   0.0000000E+00   0.0000000E+00   0.0000000E+00   0.0000000E+00   0.0000000E+00   0.0000000E+00
