   0.0000000E+00   0.0000000E+00   0.0000000E+00   5.8610181E+10   0.0000000E+00   0.0000000E+00   4.9578790E-05
   1.4492754E-02   0.0000000E+00   0.0000000E+00   3.5312803E+07   0.0000000E+00   0.0000000E+00   2.7955053E-02
   2.8985507E-02   0.0000000E+00   0.0000000E+00   2.1487897E+07   0.0000000E+00   0.0000000E+00   1.7490803E-02
   4.3478261E-02   0.0000000E+00   0.0000000E+00   1.2069482E+07   0.0000000E+00   0.0000000E+00   4.3450147E-03
   5.7971014E-02   0.0000000E+00   0.0000000E+00   7.7222840E+06   0.0000000E+00   0.0000000E+00   1.4992006E-03
   7.2463768E-02   0.0000000E+00   0.0000000E+00   5.7713772E+06   0.0000000E+00   0.0000000E+00   1.2678890E-03
   8.6956522E-02   0.0000000E+00   0.0000000E+00   4.6302763E+06   0.0000000E+00   0.0000000E+00   1.6068585E-03
   1.0144928E-01   0.0000000E+00   0.0000000E+00   3.8027557E+06   0.0000000E+00   0.0000000E+00   2.4141290E-03
   1.1594203E-01   0.0000000E+00   0.0000000E+00   3.1656344E+06   0.0000000E+00   0.0000000E+00   3.0181119E-03
   1.3043478E-01   0.0000000E+00   0.0000000E+00   2.6865133E+06   0.0000000E+00   0.0000000E+00   4.2821516E-03
   1.4492754E-01   0.0000000E+00   0.0000000E+00   2.2976092E+06   0.0000000E+00   0.0000000E+00   6.1564158E-03
   1.5942029E-01   0.0000000E+00   0.0000000E+00   1.9570272E+06   0.0000000E+00   0.0000000E+00   6.8822650E-03
   1.7391304E-01   0.0000000E+00   0.0000000E+00   1.6902580E+06   0.0000000E+00   0.0000000E+00   6.7908142E-03
   1.8840580E-01   0.0000000E+00   0.0000000E+00   1.4918087E+06   0.0000000E+00   0.0000000E+00   5.7951236E-03
   2.0289855E-01   0.0000000E+00   0.0000000E+00   1.3191654E+06   0.0000000E+00   0.0000000E+00   6.2197520E-03
   2.1739130E-01   0.0000000E+00   0.0000000E+00   1.1498907E+06   0.0000000E+00   0.0000000E+00   5.7863370E-03
   2.3188406E-01   0.0000000E+00   0.0000000E+00   9.9452940E+05   0.0000000E+00   0.0000000E+00   3.7645320E-03
   2.4637681E-01   0.0000000E+00   0.0000000E+00   8.5477155E+05   0.0000000E+00   0.0000000E+00   4.4893638E-03
   2.6086957E-01   0.0000000E+00   0.0000000E+00   7.2296499E+05   0.0000000E+00   0.0000000E+00   5.7484773E-03
   2.7536232E-01   0.0000000E+00   0.0000000E+00   5.9270961E+05   0.0000000E+00   0.0000000E+00   6.2798306E-03
   2.8985507E-01   0.0000000E+00   0.0000000E+00   4.5358118E+05   0.0000000E+00   0.0000000E+00   6.1608661E-03
   3.0434783E-01   0.0000000E+00   0.0000000E+00   2.9324410E+05   0.0000000E+00   0.0000000E+00   7.5232733E-03
   3.1884058E-01   0.0000000E+00   0.0000000E+00   1.2764419E+05   0.0000000E+00   0.0000000E+00   2.1355283E-02
   3.3333333E-01   0.0000000E+00   0.0000000E+00   3.9006967E+04   0.0000000E+00   0.0000000E+00   9.2417962E-02
   3.4782609E-01   0.0000000E+00   0.0000000E+00   2.4247574E+04   0.0000000E+00   0.0000000E+00   1.6053092E-01
   3.6231884E-01   0.0000000E+00   0.0000000E+00   2.3368599E+04   0.0000000E+00   0.0000000E+00   1.7985560E-01
   3.7681159E-01   0.0000000E+00   0.0000000E+00   2.0750328E+04   0.0000000E+00   0.0000000E+00   1.8783400E-01
   3.9130435E-01   0.0000000E+00   0.0000000E+00   1.6810529E+04   0.0000000E+00   0.0000000E+00   1.8297698E-01
   4.0579710E-01   0.0000000E+00   0.0000000E+00   1.3612198E+04   0.0000000E+00   0.0000000E+00   1.6934903E-01
   4.2028986E-01   0.0000000E+00   0.0000000E+00   1.1601210E+04   0.0000000E+00   0.0000000E+00   1.6431316E-01
   4.3478261E-01   0.0000000E+00   0.0000000E+00   1.0633571E+04   0.0000000E+00   0.0000000E+00   1.7233891E-01
   4.4927536E-01   0.0000000E+00   0.0000000E+00   8.7261934E+03   0.0000000E+00   0.0000000E+00   1.8275567E-01
   4.6376812E-01   0.0000000E+00   0.0000000E+00   6.9380265E+03   0.0000000E+00   0.0000000E+00   1.8022764E-01
   4.7826087E-01   0.0000000E+00   0.0000000E+00   6.0159700E+03   0.0000000E+00   0.0000000E+00   1.5736876E-01
   4.9275362E-01   0.0000000E+00   0.0000000E+00   4.8807157E+03   0.0000000E+00   0.0000000E+00   1.5560368E-01
   5.0724638E-01   0.0000000E+00   0.0000000E+00   4.2216758E+03   0.0000000E+00   0.0000000E+00   1.6607535E-01
   5.2173913E-01   0.0000000E+00   0.0000000E+00   3.8097317E+03   0.0000000E+00   0.0000000E+00   1.6013380E-01
   5.3623188E-01   0.0000000E+00   0.0000000E+00   3.0514261E+03   0.0000000E+00   0.0000000E+00   1.7921440E-01
   5.5072464E-01   0.0000000E+00   0.0000000E+00   2.4925549E+03   0.0000000E+00   0.0000000E+00   2.0586440E-01
   5.6521739E-01   0.0000000E+00   0.0000000E+00   2.3120683E+03   0.0000000E+00   0.0000000E+00   2.2971239E-01
   5.7971014E-01   0.0000000E+00   0.0000000E+00   1.8564549E+03   0.0000000E+00   0.0000000E+00   2.7062139E-01
   5.9420290E-01   0.0000000E+00   0.0000000E+00   1.4969920E+03   0.0000000E+00   0.0000000E+00   2.9703486E-01
   6.0869565E-01   0.0000000E+00   0.0000000E+00   1.4252666E+03   0.0000000E+00   0.0000000E+00   2.8235367E-01
   6.2318841E-01   0.0000000E+00   0.0000000E+00   1.1630377E+03   0.0000000E+00   0.0000000E+00   2.5469740E-01
   6.3768116E-01   0.0000000E+00   0.0000000E+00   9.1272828E+02   0.0000000E+00   0.0000000E+00   2.4765479E-01
   6.5217391E-01   0.0000000E+00   0.0000000E+00   6.2302794E+02   0.0000000E+00   0.0000000E+00   2.7161726E-01
   6.6666667E-01   0.0000000E+00   0.0000000E+00   5.1064863E+02   0.0000000E+00   0.0000000E+00   2.9143111E-01
   6.8115942E-01   0.0000000E+00   0.0000000E+00   4.8366171E+02   0.0000000E+00   0.0000000E+00   2.9296370E-01
   6.9565217E-01   0.0000000E+00   0.0000000E+00   4.2622688E+02   0.0000000E+00   0.0000000E+00   3.2762043E-01
   7.1014493E-01   0.0000000E+00   0.0000000E+00   4.1752838E+02   0.0000000E+00   0.0000000E+00   3.2292754E-01
   7.2463768E-01   0.0000000E+00   0.0000000E+00   4.2433254E+02   0.0000000E+00   0.0000000E+00   3.2281138E-01
   7.3913043E-01   0.0000000E+00   0.0000000E+00   4.1601230E+02   0.0000000E+00   0.0000000E+00   3.2184053E-01
   7.5362319E-01   0.0000000E+00   0.0000000E+00   2.6229347E+02   0.0000000E+00   0.0000000E+00   3.1110091E-01
   7.6811594E-01   0.0000000E+00   0.0000000E+00   2.0015686E+02   0.0000000E+00   0.0000000E+00   3.7190141E-01
   7.8260870E-01   0.0000000E+00   0.0000000E+00   2.2451457E+02   0.0000000E+00   0.0000000E+00   3.4960715E-01
   7.9710145E-01   0.0000000E+00   0.0000000E+00   3.1687170E+02   0.0000000E+00   0.0000000E+00   3.0482206E-01
   8.1159420E-01   0.0000000E+00   0.0000000E+00   3.2474429E+02   0.0000000E+00   0.0000000E+00   2.6707928E-01
   8.2608696E-01   0.0000000E+00   0.0000000E+00   1.5952351E+02   0.0000000E+00   0.0000000E+00   2.1831798E-01
   8.4057971E-01   0.0000000E+00   0.0000000E+00   1.5677311E+02   0.0000000E+00   0.0000000E+00   3.3957113E-01
   8.5507246E-01   0.0000000E+00   0.0000000E+00   1.9264492E+02   0.0000000E+00   0.0000000E+00   3.7012514E-01
   8.6956522E-01   0.0000000E+00   0.0000000E+00   1.3891839E+02   0.0000000E+00   0.0000000E+00   3.0250865E-01
   8.8405797E-01   0.0000000E+00   0.0000000E+00   7.4531477E+01   0.0000000E+00   0.0000000E+00   2.4178443E-01
   8.9855072E-01   0.0000000E+00   0.0000000E+00   1.2221559E+02   0.0000000E+00   0.0000000E+00   1.8334566E-01
   9.1304348E-01   0.0000000E+00   0.0000000E+00   1.5635836E+02   0.0000000E+00   0.0000000E+00   2.0937644E-01
   9.2753623E-01   0.0000000E+00   0.0000000E+00   1.7759454E+02   0.0000000E+00   0.0000000E+00   2.4277635E-01
   9.4202899E-01   0.0000000E+00   0.0000000E+00   1.5154734E+02   0.0000000E+00   0.0000000E+00   2.2259255E-01
   9.5652174E-01   0.0000000E+00   0.0000000E+00   4.5923435E+01   0.0000000E+00   0.0000000E+00   3.1737796E-01
   9.7101449E-01   0.0000000E+00   0.0000000E+00   1.1309503E+01   0.0000000E+00   0.0000000E+00   4.1974265E-01
   9.8550725E-01   0.0000000E+00   0.0000000E+00   0.0000000E+00   0.0000000E+00   0.0000000E+00   0.0000000E+00
   1.0000000E+00   0.0000000E+00   0.0000000E+00   0.0000000E+00   0.0000000E+00   0.0000000E+00   0.0000000E+00
