   0.0000000E+00   0.0000000E+00   0.0000000E+00   5.8317525E+10   0.0000000E+00   0.0000000E+00   6.6082140E-06
   1.4492754E-02   0.0000000E+00   0.0000000E+00   4.5427072E+07   0.0000000E+00   0.0000000E+00   1.0112153E-02
   2.8985507E-02   0.0000000E+00   0.0000000E+00   3.3514694E+07   0.0000000E+00   0.0000000E+00   1.6536825E-02
   4.3478261E-02   0.0000000E+00   0.0000000E+00   2.4698680E+07   0.0000000E+00   0.0000000E+00   2.1342865E-02
   5.7971014E-02   0.0000000E+00   0.0000000E+00   1.6907000E+07   0.0000000E+00   0.0000000E+00   2.6335164E-02
   7.2463768E-02   0.0000000E+00   0.0000000E+00   1.0913075E+07   0.0000000E+00   0.0000000E+00   2.9751080E-02
   8.6956522E-02   0.0000000E+00   0.0000000E+00   7.0054019E+06   0.0000000E+00   0.0000000E+00   2.9074923E-02
   1.0144928E-01   0.0000000E+00   0.0000000E+00   4.7014314E+06   0.0000000E+00   0.0000000E+00   2.5128036E-02
   1.1594203E-01   0.0000000E+00   0.0000000E+00   3.3773271E+06   0.0000000E+00   0.0000000E+00   2.0620608E-02
   1.3043478E-01   0.0000000E+00   0.0000000E+00   2.5630864E+06   0.0000000E+00   0.0000000E+00   1.7136475E-02
   1.4492754E-01   0.0000000E+00   0.0000000E+00   2.0014099E+06   0.0000000E+00   0.0000000E+00   1.3859268E-02
   1.5942029E-01   0.0000000E+00   0.0000000E+00   1.5777455E+06   0.0000000E+00   0.0000000E+00   1.2661382E-02
   1.7391304E-01   0.0000000E+00   0.0000000E+00   1.2616316E+06   0.0000000E+00   0.0000000E+00   1.2021502E-02
   1.8840580E-01   0.0000000E+00   0.0000000E+00   1.0466675E+06   0.0000000E+00   0.0000000E+00   9.9522756E-03
   2.0289855E-01   0.0000000E+00   0.0000000E+00   8.8514470E+05   0.0000000E+00   0.0000000E+00   9.7542231E-03
   2.1739130E-01   0.0000000E+00   0.0000000E+00   7.4192525E+05   0.0000000E+00   0.0000000E+00   1.0184941E-02
   2.3188406E-01   0.0000000E+00   0.0000000E+00   6.2219653E+05   0.0000000E+00   0.0000000E+00   9.7155882E-03
   2.4637681E-01   0.0000000E+00   0.0000000E+00   5.2034224E+05   0.0000000E+00   0.0000000E+00   1.2079921E-02
   2.6086957E-01   0.0000000E+00   0.0000000E+00   4.1822855E+05   0.0000000E+00   0.0000000E+00   1.2483129E-02
   2.7536232E-01   0.0000000E+00   0.0000000E+00   3.1302501E+05   0.0000000E+00   0.0000000E+00   1.2892612E-02
   2.8985507E-01   0.0000000E+00   0.0000000E+00   2.1121910E+05   0.0000000E+00   0.0000000E+00   1.8232805E-02
   3.0434783E-01   0.0000000E+00   0.0000000E+00   1.2048013E+05   0.0000000E+00   0.0000000E+00   2.5058868E-02
   3.1884058E-01   0.0000000E+00   0.0000000E+00   4.8391820E+04   0.0000000E+00   0.0000000E+00   3.4913541E-02
   3.3333333E-01   0.0000000E+00   0.0000000E+00   1.2123787E+04   0.0000000E+00   0.0000000E+00   6.3753730E-02
   3.4782609E-01   0.0000000E+00   0.0000000E+00   4.9568608E+03   0.0000000E+00   0.0000000E+00   7.5099831E-02
   3.6231884E-01   0.0000000E+00   0.0000000E+00   4.9404432E+03   0.0000000E+00   0.0000000E+00   9.6016102E-02
   3.7681159E-01   0.0000000E+00   0.0000000E+00   4.4589889E+03   0.0000000E+00   0.0000000E+00   1.1130627E-01
   3.9130435E-01   0.0000000E+00   0.0000000E+00   4.5744844E+03   0.0000000E+00   0.0000000E+00   9.3893459E-02
   4.0579710E-01   0.0000000E+00   0.0000000E+00   4.6546682E+03   0.0000000E+00   0.0000000E+00   9.7841117E-02
   4.2028986E-01   0.0000000E+00   0.0000000E+00   4.1283585E+03   0.0000000E+00   0.0000000E+00   1.1320575E-01
   4.3478261E-01   0.0000000E+00   0.0000000E+00   3.9149729E+03   0.0000000E+00   0.0000000E+00   1.1148163E-01
   4.4927536E-01   0.0000000E+00   0.0000000E+00   4.2775458E+03   0.0000000E+00   0.0000000E+00   1.3558597E-01
   4.6376812E-01   0.0000000E+00   0.0000000E+00   4.7121750E+03   0.0000000E+00   0.0000000E+00   1.5126922E-01
   4.7826087E-01   0.0000000E+00   0.0000000E+00   4.4545732E+03   0.0000000E+00   0.0000000E+00   1.2778480E-01
   4.9275362E-01   0.0000000E+00   0.0000000E+00   3.9446880E+03   0.0000000E+00   0.0000000E+00   1.2728832E-01
   5.0724638E-01   0.0000000E+00   0.0000000E+00   3.6804353E+03   0.0000000E+00   0.0000000E+00   1.3991826E-01
   5.2173913E-01   0.0000000E+00   0.0000000E+00   3.4940080E+03   0.0000000E+00   0.0000000E+00   1.2405192E-01
   5.3623188E-01   0.0000000E+00   0.0000000E+00   3.4610135E+03   0.0000000E+00   0.0000000E+00   1.2265715E-01
   5.5072464E-01   0.0000000E+00   0.0000000E+00   3.5493982E+03   0.0000000E+00   0.0000000E+00   1.2342996E-01
   5.6521739E-01   0.0000000E+00   0.0000000E+00   2.8755136E+03   0.0000000E+00   0.0000000E+00   1.2394024E-01
   5.7971014E-01   0.0000000E+00   0.0000000E+00   2.2921535E+03   0.0000000E+00   0.0000000E+00   1.4141027E-01
   5.9420290E-01   0.0000000E+00   0.0000000E+00   2.2547287E+03   0.0000000E+00   0.0000000E+00   1.4720305E-01
   6.0869565E-01   0.0000000E+00   0.0000000E+00   2.2732101E+03   0.0000000E+00   0.0000000E+00   1.3922634E-01
   6.2318841E-01   0.0000000E+00   0.0000000E+00   1.9736397E+03   0.0000000E+00   0.0000000E+00   1.3837018E-01
   6.3768116E-01   0.0000000E+00   0.0000000E+00   1.5154734E+03   0.0000000E+00   0.0000000E+00   1.5637239E-01
   6.5217391E-01   0.0000000E+00   0.0000000E+00   1.3807646E+03   0.0000000E+00   0.0000000E+00   1.4741654E-01
   6.6666667E-01   0.0000000E+00   0.0000000E+00   1.0048247E+03   0.0000000E+00   0.0000000E+00   1.2308702E-01
   6.8115942E-01   0.0000000E+00   0.0000000E+00   7.0937051E+02   0.0000000E+00   0.0000000E+00   1.5564881E-01
   6.9565217E-01   0.0000000E+00   0.0000000E+00   7.5773668E+02   0.0000000E+00   0.0000000E+00   1.7690673E-01
   7.1014493E-01   0.0000000E+00   0.0000000E+00   6.6495260E+02   0.0000000E+00   0.0000000E+00   1.7990765E-01
   7.2463768E-01   0.0000000E+00   0.0000000E+00   6.3649881E+02   0.0000000E+00   0.0000000E+00   2.1366216E-01
   7.3913043E-01   0.0000000E+00   0.0000000E+00   6.5373361E+02   0.0000000E+00   0.0000000E+00   2.3665001E-01
   7.5362319E-01   0.0000000E+00   0.0000000E+00   5.8287437E+02   0.0000000E+00   0.0000000E+00   2.5024784E-01
   7.6811594E-01   0.0000000E+00   0.0000000E+00   5.2898599E+02   0.0000000E+00   0.0000000E+00   2.3596474E-01
   7.8260870E-01   0.0000000E+00   0.0000000E+00   3.7886834E+02   0.0000000E+00   0.0000000E+00   2.3430250E-01
   7.9710145E-01   0.0000000E+00   0.0000000E+00   1.9287843E+02   0.0000000E+00   0.0000000E+00   2.5936867E-01
   8.1159420E-01   0.0000000E+00   0.0000000E+00   1.8943417E+02   0.0000000E+00   0.0000000E+00   2.7692255E-01
   8.2608696E-01   0.0000000E+00   0.0000000E+00   1.7281714E+02   0.0000000E+00   0.0000000E+00   2.9656384E-01
   8.4057971E-01   0.0000000E+00   0.0000000E+00   1.4370868E+02   0.0000000E+00   0.0000000E+00   3.6390407E-01
   8.5507246E-01   0.0000000E+00   0.0000000E+00   1.6695893E+02   0.0000000E+00   0.0000000E+00   3.7880382E-01
   8.6956522E-01   0.0000000E+00   0.0000000E+00   1.6417628E+02   0.0000000E+00   0.0000000E+00   3.8969038E-01
   8.8405797E-01   0.0000000E+00   0.0000000E+00   1.2421913E+02   0.0000000E+00   0.0000000E+00   3.4789902E-01
   8.9855072E-01   0.0000000E+00   0.0000000E+00   2.4443119E+01   0.0000000E+00   0.0000000E+00   1.9076607E-01
   9.1304348E-01   0.0000000E+00   0.0000000E+00   4.8110266E+01   0.0000000E+00   0.0000000E+00   3.7661144E-01
   9.2753623E-01   0.0000000E+00   0.0000000E+00   8.2877450E+01   0.0000000E+00   0.0000000E+00   3.8687622E-01
   9.4202899E-01   0.0000000E+00   0.0000000E+00   4.6629950E+01   0.0000000E+00   0.0000000E+00   4.0573624E-01
   9.5652174E-01   0.0000000E+00   0.0000000E+00   2.2961718E+01   0.0000000E+00   0.0000000E+00   4.2449319E-01
   9.7101449E-01   0.0000000E+00   0.0000000E+00   2.2619005E+01   0.0000000E+00   0.0000000E+00   4.2369598E-01
   9.8550725E-01   0.0000000E+00   0.0000000E+00   1.1143187E+01   0.0000000E+00   0.0000000E+00   4.1966273E-01
   1.0000000E+00   0.0000000E+00   0.0000000E+00   0.0000000E+00   0.0000000E+00   0.0000000E+00   0.0000000E+00
