   0.0000000E+00   3.6597312E+10   1.8414614E+10   5.4502836E+10   1.8981737E-06   1.0907490E-06   1.0237973E-06
   1.4492754E-02   1.9385935E+07   9.6626582E+06   2.9046320E+07   3.6728574E-03   5.5313553E-03   4.2822587E-03
   2.8985507E-02   1.8411865E+07   9.2985657E+06   2.7708915E+07   8.6218536E-03   9.5052911E-03   8.9183858E-03
   4.3478261E-02   1.6422427E+07   8.0865659E+06   2.4506972E+07   1.4076748E-02   1.5474542E-02   1.4535209E-02
   5.7971014E-02   1.3464413E+07   6.7440459E+06   2.0206185E+07   2.0938687E-02   2.0635923E-02   2.0839584E-02
   7.2463768E-02   1.0363413E+07   5.1282103E+06   1.5490866E+07   2.6507201E-02   2.6435816E-02   2.6462193E-02
   8.6956522E-02   7.4206416E+06   3.7196031E+06   1.1138982E+07   3.2495701E-02   3.1853382E-02   3.2281621E-02
   1.0144928E-01   5.2525224E+06   2.6276143E+06   7.8793790E+06   3.6466143E-02   3.8267258E-02   3.7074031E-02
   1.1594203E-01   3.6892305E+06   1.8464149E+06   5.5354559E+06   3.9015426E-02   3.8218924E-02   3.8733281E-02
   1.3043478E-01   2.6523310E+06   1.3118948E+06   3.9642258E+06   4.1087737E-02   3.9050396E-02   4.0398133E-02
   1.4492754E-01   1.9557942E+06   9.7869270E+05   2.9345626E+06   4.0762471E-02   3.9151840E-02   4.0230669E-02
   1.5942029E-01   1.4451416E+06   7.2501624E+05   2.1700890E+06   3.7836590E-02   4.1043799E-02   3.8880098E-02
   1.7391304E-01   1.0225025E+06   5.2151227E+05   1.5440148E+06   3.3329028E-02   3.1197719E-02   3.2604584E-02
   1.8840580E-01   7.4549632E+05   3.6989208E+05   1.1153884E+06   2.4501455E-02   3.3292603E-02   2.7409213E-02
   2.0289855E-01   5.6153701E+05   2.8474662E+05   8.4622950E+05   2.0550915E-02   1.9178886E-02   2.0102814E-02
   2.1739130E-01   4.4080069E+05   2.2631069E+05   6.6711138E+05   1.4430166E-02   1.5411607E-02   1.4742910E-02
   2.3188406E-01   3.5968813E+05   1.7409000E+05   5.3377814E+05   1.5614577E-02   1.7881064E-02   1.6353376E-02
   2.4637681E-01   2.8843024E+05   1.4379168E+05   4.3222192E+05   1.8846688E-02   1.9619927E-02   1.9029769E-02
   2.6086957E-01   2.2386909E+05   1.1256599E+05   3.3643509E+05   1.4132197E-02   1.8171506E-02   1.5424057E-02
   2.7536232E-01   1.7140801E+05   8.8136741E+04   2.5954475E+05   2.1933285E-02   2.4558352E-02   2.2677958E-02
   2.8985507E-01   1.1824481E+05   6.2854258E+04   1.8109907E+05   2.5852774E-02   2.5689951E-02   2.5690311E-02
   3.0434783E-01   7.7253059E+04   3.8608488E+04   1.1582546E+05   3.9333202E-02   4.2264992E-02   4.0083556E-02
   3.1884058E-01   3.9712291E+04   2.0355563E+04   6.0067854E+04   4.7727098E-02   5.8692727E-02   5.1330543E-02
   3.3333333E-01   1.0015302E+04   5.2382666E+03   1.5253569E+04   6.8444603E-02   5.4782869E-02   6.3634912E-02
   3.4782609E-01   1.1366050E+03   8.2088141E+02   1.9574864E+03   7.2871558E-02   7.4157776E-02   6.2568206E-02
   3.6231884E-01   1.5457828E+03   3.0309467E+02   1.8488775E+03   1.1036002E-01   1.1296690E-01   1.1052494E-01
   3.7681159E-01   1.4280422E+03   6.1201809E+02   2.0400603E+03   8.3202886E-02   7.7811374E-02   8.0123203E-02
   3.9130435E-01   1.3190231E+03   5.3322211E+02   1.8522452E+03   1.0098318E-01   7.7401932E-02   9.4169682E-02
   4.0579710E-01   1.4072253E+03   1.0554190E+03   2.4626442E+03   1.0046887E-01   1.0695153E-01   1.0287515E-01
   4.2028986E-01   1.4893445E+03   4.9644817E+02   1.9857927E+03   1.3060677E-01   1.1900027E-01   1.2738015E-01
   4.3478261E-01   1.0355735E+03   6.8196302E+02   1.7175365E+03   1.3478267E-01   9.4242102E-02   1.1825450E-01
   4.4927536E-01   1.0021679E+03   6.8440733E+02   1.6865752E+03   1.7392014E-01   9.5017522E-02   1.4189375E-01
   4.6376812E-01   9.7085013E+02   6.6301960E+02   1.6338697E+03   1.0698083E-01   1.0105565E-01   1.0455121E-01
   4.7826087E-01   1.1251242E+03   6.4292810E+02   1.7680523E+03   1.3947644E-01   7.7348110E-02   1.1686079E-01
   4.9275362E-01   1.3148960E+03   6.0173207E+02   1.9166281E+03   1.3213101E-01   1.1799548E-01   1.2767542E-01
   5.0724638E-01   1.2556779E+03   5.8453973E+02   1.8402177E+03   1.2757806E-01   1.9295878E-01   1.4828412E-01
   5.2173913E-01   9.8926734E+02   4.4201307E+02   1.4312804E+03   1.5179696E-01   9.1831404E-02   1.3257349E-01
   5.3623188E-01   1.0239685E+03   6.7581920E+02   1.6997877E+03   1.5659229E-01   1.5497858E-01   1.5593663E-01
   5.5072464E-01   9.7708151E+02   6.9791537E+02   1.6749969E+03   1.8503127E-01   1.6420962E-01   1.7634251E-01
   5.6521739E-01   9.3259900E+02   5.4401608E+02   1.4766151E+03   1.2920731E-01   1.4699428E-01   1.3543449E-01
   5.7971014E-01   9.4717086E+02   6.0618935E+02   1.5533602E+03   1.4764183E-01   2.4125166E-01   1.8413498E-01
   5.9420290E-01   1.1828085E+03   5.1747871E+02   1.7002872E+03   1.7004263E-01   1.8812229E-01   1.7551611E-01
   6.0869565E-01   1.1366050E+03   3.7886834E+02   1.5154734E+03   1.6148696E-01   2.0565450E-01   1.7252100E-01
   6.2318841E-01   8.4584560E+02   4.2292280E+02   1.2687684E+03   1.7104791E-01   1.7786348E-01   1.7331575E-01
   6.3768116E-01   7.0607282E+02   4.3053221E+02   1.1366050E+03   1.5533723E-01   1.5740482E-01   1.5612041E-01
   6.5217391E-01   8.0825246E+02   3.5361045E+02   1.1618629E+03   1.7856934E-01   1.1401176E-01   1.5891179E-01
   6.6666667E-01   5.4359371E+02   5.1064863E+02   1.0542423E+03   1.5967789E-01   1.5712112E-01   1.5842954E-01
   6.8115942E-01   6.7712640E+02   2.9019703E+02   9.6732343E+02   2.1638445E-01   1.9023685E-01   2.0853868E-01
   6.9565217E-01   8.6823995E+02   3.9465452E+02   1.2628945E+03   1.8946318E-01   2.0985420E-01   1.9583538E-01
   7.1014493E-01   6.9588063E+02   3.8660035E+02   1.0824810E+03   1.7396428E-01   1.4781534E-01   1.6462537E-01
   7.2463768E-01   4.6979674E+02   3.3340414E+02   8.0320089E+02   1.6836604E-01   1.0883390E-01   1.4365459E-01
   7.3913043E-01   5.4973054E+02   4.1601230E+02   9.6574283E+02   9.4445192E-02   1.6118110E-01   1.2319297E-01
   7.5362319E-01   4.6629950E+02   2.6229347E+02   7.2859297E+02   2.1379647E-01   1.8278028E-01   2.0262960E-01
   7.6811594E-01   4.2890756E+02   2.1445378E+02   6.4336134E+02   1.7108520E-01   5.5508584E-02   1.3255966E-01
   7.8260870E-01   4.6306131E+02   1.4032161E+02   6.0338292E+02   1.2824725E-01   1.5659225E-01   1.3483849E-01
   7.9710145E-01   5.5108122E+02   2.0665546E+02   7.5773668E+02   1.3370594E-01   1.3907599E-01   1.3517050E-01
   8.1159420E-01   4.3299239E+02   1.4884113E+02   5.8183353E+02   1.4647926E-01   1.3126368E-01   1.4257849E-01
   8.2608696E-01   2.7916615E+02   1.8611076E+02   4.6527691E+02   1.8375399E-01   1.3581360E-01   1.6457783E-01
   8.4057971E-01   5.6177030E+02   1.3064426E+02   6.9241456E+02   1.6902452E-01   1.8596552E-01   1.7222094E-01
   8.5507246E-01   4.1097583E+02   1.5411594E+02   5.6509176E+02   1.0730479E-01   1.5545623E-01   1.2043700E-01
   8.6956522E-01   3.4098151E+02   2.0206312E+02   5.4304462E+02   8.5373117E-02   1.6088533E-01   1.1338784E-01
   8.8405797E-01   1.9875061E+02   1.4906295E+02   3.4781356E+02   1.2297667E-01   1.5846493E-01   1.3818592E-01
   8.9855072E-01   1.7110183E+02   7.3329357E+01   2.4443119E+02   1.5970184E-01   1.3072912E-01   1.5101002E-01
   9.1304348E-01   1.3230323E+02   4.8110266E+01   1.8041350E+02   1.4413409E-01   1.0286458E-01   1.3312889E-01
   9.2753623E-01   1.3023599E+02   9.4717086E+01   2.2495308E+02   1.8763492E-01   1.5340140E-01   1.7322081E-01
   9.4202899E-01   2.4480724E+02   8.1602412E+01   3.2640965E+02   1.1882774E-01   1.1616701E-01   1.1816256E-01
   9.5652174E-01   1.9517460E+02   3.4442577E+01   2.2961718E+02   1.2281124E-01   1.3263712E-01   1.2428512E-01
   9.7101449E-01   9.0476022E+01   5.6547514E+01   1.4702354E+02   5.5942386E-05   1.7094917E-01   6.5715437E-02
   9.8550725E-01   6.6859119E+01   4.4572746E+01   1.1143187E+02   2.0264161E-05   1.0666867E-01   4.2655312E-02
   1.0000000E+00   2.1884092E+01   0.0000000E+00   2.1884092E+01   4.2481049E-01   0.0000000E+00   4.2481049E-01
