   0.0000000E+00   3.6935911E+10   1.8573733E+10   5.5098568E+10   1.0504526E-06   1.4541464E-06   7.2483804E-07
   1.4492754E-02   9.8755822E+06   4.9396854E+06   1.4815268E+07   2.7506838E-03   1.1718826E-03   2.1681217E-03
   2.8985507E-02   9.6456091E+06   4.7601018E+06   1.4405711E+07   4.5229039E-03   5.4517168E-03   4.6480102E-03
   4.3478261E-02   9.0418193E+06   4.5774873E+06   1.3619054E+07   7.4846734E-03   9.0200719E-03   7.9238631E-03
   5.7971014E-02   8.3190016E+06   4.1315593E+06   1.2449424E+07   1.1943532E-02   1.2611934E-02   1.2142465E-02
   7.2463768E-02   7.4997746E+06   3.7329140E+06   1.1231779E+07   1.5811774E-02   1.6043684E-02   1.5867201E-02
   8.6956522E-02   6.5640203E+06   3.2258114E+06   9.7886951E+06   1.9776806E-02   2.0385935E-02   1.9985421E-02
   1.0144928E-01   5.5261736E+06   2.7738575E+06   8.2997064E+06   2.6058719E-02   2.3568114E-02   2.5225534E-02
   1.1594203E-01   4.6032504E+06   2.3144120E+06   6.9170940E+06   3.1282971E-02   3.0711486E-02   3.1092195E-02
   1.3043478E-01   3.7682245E+06   1.8553604E+06   5.6235849E+06   3.5730191E-02   3.4697280E-02   3.5399604E-02
   1.4492754E-01   2.9999553E+06   1.5297188E+06   4.5296741E+06   4.2066402E-02   4.2668477E-02   4.2260985E-02
   1.5942029E-01   2.3372044E+06   1.1736652E+06   3.5103874E+06   4.9188393E-02   4.8586138E-02   4.8980858E-02
   1.7391304E-01   1.6706831E+06   8.1728216E+05   2.4876495E+06   5.5403477E-02   5.4847339E-02   5.5221179E-02
   1.8840580E-01   1.0893339E+06   5.4860136E+05   1.6377021E+06   5.7666203E-02   5.8683303E-02   5.7975437E-02
   2.0289855E-01   7.2374678E+05   3.5315942E+05   1.0767980E+06   6.2665027E-02   5.8843494E-02   6.1405868E-02
   2.1739130E-01   4.8722469E+05   2.3696952E+05   7.2414369E+05   6.0546386E-02   6.4184644E-02   6.1726786E-02
   2.3188406E-01   3.3785584E+05   1.6613377E+05   5.0398961E+05   5.6955711E-02   5.7393456E-02   5.7089993E-02
   2.4637681E-01   2.3382863E+05   1.1789491E+05   3.5172354E+05   5.6366529E-02   6.0290574E-02   5.7678217E-02
   2.6086957E-01   1.7141688E+05   8.6592464E+04   2.5800934E+05   5.4059668E-02   7.1279667E-02   5.9899589E-02
   2.7536232E-01   1.2063966E+05   6.1456433E+04   1.8209609E+05   5.9642696E-02   5.9166372E-02   5.9429740E-02
   2.8985507E-01   8.5169603E+04   4.1182989E+04   1.2635259E+05   6.8082848E-02   6.1487622E-02   6.5890168E-02
   3.0434783E-01   5.3402395E+04   2.6087792E+04   7.9490186E+04   6.6192093E-02   6.8037224E-02   6.6586883E-02
   3.1884058E-01   2.8931764E+04   1.4775865E+04   4.3707630E+04   8.6236668E-02   6.6489044E-02   7.9535924E-02
   3.3333333E-01   6.4572344E+03   3.8875186E+03   1.0344753E+04   6.2251902E-02   5.3332117E-02   5.8491517E-02
   3.4782609E-01   2.8415126E+02   1.8943417E+02   4.7358543E+02   5.2430655E-02   1.6416182E-01   9.7106178E-02
   3.6231884E-01   3.6371361E+02   1.2123787E+02   4.8495148E+02   5.1537442E-02   1.0525126E-01   6.4868101E-02
   3.7681159E-01   2.6229347E+02   5.8287437E+01   3.2058090E+02   1.3144705E-01   2.5652459E-06   1.0754715E-01
   3.9130435E-01   3.3677186E+02   2.2451457E+02   5.6128643E+02   9.3368150E-02   7.7703883E-02   8.7048556E-02
   4.0579710E-01   2.4355822E+02   8.1186073E+01   3.2474429E+02   1.4030530E-01   1.3360525E-01   1.3838162E-01
   4.2028986E-01   2.8741736E+02   7.8386554E+01   3.6580392E+02   9.4893022E-02   1.4363377E-04   7.4528978E-02
   4.3478261E-01   2.7783678E+02   1.2628945E+02   4.0412623E+02   6.3838110E-02   1.7046407E-06   4.3888242E-02
   4.4927536E-01   2.9331743E+02   4.8886238E+01   3.4220366E+02   9.8529851E-02   6.2545436E-02   9.3382744E-02
   4.6376812E-01   3.7886834E+02   9.4717086E+01   4.7358543E+02   1.1042885E-01   1.7163042E-02   9.1696027E-02
   4.7826087E-01   9.1846871E+01   2.2961718E+01   1.1480859E+02   1.4073051E-01   3.8937147E-01   4.7866218E-02
   4.9275362E-01   2.2286373E+02   1.5600461E+02   3.7886834E+02   1.2297261E-01   7.2054105E-02   1.0104873E-01
   5.0724638E-01   2.1649620E+02   1.0824810E+02   3.2474429E+02   1.5359903E-01   1.2213325E-01   1.3981942E-01
   5.2173913E-01   2.5257889E+02   1.2628945E+02   3.7886834E+02   1.2235004E-01   1.5074294E-01   1.3177535E-01
   5.3623188E-01   1.6383496E+02   1.0239685E+02   2.6623181E+02   1.2502198E-01   5.2520257E-02   9.7014727E-02
   5.5072464E-01   1.7946395E+02   1.1964263E+02   2.9910659E+02   8.9690981E-02   1.1735723E-01   1.0009656E-01
   5.6521739E-01   1.9429146E+02   7.7716583E+01   2.7200804E+02   2.0297463E-01   2.6303907E-01   2.1674717E-01
   5.7971014E-01   2.2732101E+02   1.8943417E+01   2.4626442E+02   1.9870416E-01   3.2045917E-02   1.8513686E-01
   5.9420290E-01   1.2936968E+02   1.8481383E+01   1.4785106E+02   1.3387417E-01   3.6421518E-01   1.4573042E-01
   6.0869565E-01   1.4433080E+02   9.0206748E+01   2.3453755E+02   5.9197083E-02   1.4617535E-01   8.9330294E-02
   6.2318841E-01   1.5859605E+02   8.8108917E+01   2.4670497E+02   1.9415795E-01   2.1870364E-01   2.0287247E-01
   6.3768116E-01   1.5499159E+02   1.7221288E+01   1.7221288E+02   1.5025659E-01   1.6856384E-05   1.3523261E-01
   6.5217391E-01   1.5154734E+02   1.0103156E+02   2.5257889E+02   1.5663142E-01   1.9007030E-01   1.6892702E-01
   6.6666667E-01   1.4825283E+02   4.9417610E+01   1.9767044E+02   1.0471291E-01   7.0406649E-02   9.6129631E-02
   6.8115942E-01   1.1285440E+02   9.6732343E+01   2.0958674E+02   1.7849938E-01   1.8979981E-01   1.8282473E-01
   6.9565217E-01   1.1050327E+02   9.4717086E+01   2.0522035E+02   2.0872355E-01   2.2253295E-01   2.1251027E-01
   7.1014493E-01   1.0824810E+02   6.1856056E+01   1.7010415E+02   1.4673812E-01   1.7863064E-01   1.5803598E-01
   7.2463768E-01   1.3639260E+02   9.0928402E+01   2.2732101E+02   1.3980393E-01   2.0864990E-01   1.6724777E-01
   7.3913043E-01   1.4857582E+02   4.4572746E+01   1.9314857E+02   1.6836814E-01   1.7046335E-01   1.6847622E-01
   7.5362319E-01   2.0400603E+02   2.9143719E+01   2.3314975E+02   2.0989687E-01   2.3962413E-01   2.1078866E-01
   7.6811594E-01   8.5781511E+01   7.1484593E+01   1.5726610E+02   2.1882768E-01   2.2217521E-01   2.1772016E-01
   7.8260870E-01   9.8225126E+01   7.0160804E+01   1.6838593E+02   7.7246522E-02   1.9517655E-01   1.2630510E-01
   7.9710145E-01   4.1331092E+01   4.1331092E+01   8.2662184E+01   4.2157084E-01   4.1923133E-01   4.2039784E-01
   8.1159420E-01   9.4717086E+01   2.7062024E+01   1.2177911E+02   9.1347228E-02   3.1264471E-01   1.3945839E-01
   8.2608696E-01   1.1964263E+02   3.9880878E+01   1.5952351E+02   1.8433341E-01   3.2866284E-06   1.3825079E-01
   8.4057971E-01   1.3064426E+02   6.5322128E+01   1.9596638E+02   1.0959912E-01   2.4557248E-01   1.5492357E-01
   8.5507246E-01   5.1371979E+01   6.4214973E+01   1.1558695E+02   8.5817038E-02   1.5251784E-01   1.2176544E-01
   8.6956522E-01   5.0515779E+01   6.3144724E+01   1.1366050E+02   2.5895359E-01   2.2224481E-01   2.3565893E-01
   8.8405797E-01   8.6953390E+01   2.4843826E+01   1.1179722E+02   2.0422891E-01   2.7605601E-01   2.1934434E-01
   8.9855072E-01   7.3329357E+01   2.4443119E+01   9.7772475E+01   2.5257629E-01   2.4101689E-01   2.4819624E-01
   9.1304348E-01   6.0137832E+01   2.4055133E+01   8.4192965E+01   3.3680937E-01   2.1183683E-01   3.0110293E-01
   9.2753623E-01   4.7358543E+01   0.0000000E+00   4.7358543E+01   4.1752741E-01   0.0000000E+00   4.1752741E-01
   9.4202899E-01   5.8287437E+01   2.3314975E+01   8.1602412E+01   3.2188913E-01   4.1105359E-01   3.4736469E-01
   9.5652174E-01   6.8885153E+01   3.4442577E+01   1.0332773E+02   2.5786651E-01   3.3260768E-06   1.7191210E-01
   9.7101449E-01   5.6547514E+01   2.2619005E+01   7.9166519E+01   3.3451221E-01   2.0114807E-01   2.9639255E-01
   9.8550725E-01   2.2286373E+01   0.0000000E+00   2.2286373E+01   1.4219831E-05   0.0000000E+00   1.4219831E-05
   1.0000000E+00   0.0000000E+00   0.0000000E+00   0.0000000E+00   0.0000000E+00   0.0000000E+00   0.0000000E+00
