   0.0000000E+00   3.4666023E+10   1.7518199E+10   5.1782979E+10   4.7511590E-06   5.0322164E-06   3.7194905E-06
   1.4492754E-02   4.3351631E+07   2.1472742E+07   6.4821342E+07   1.3302037E-02   1.1998888E-02   1.2863302E-02
   2.8985507E-02   3.9265157E+07   1.9568929E+07   5.8821204E+07   2.2984411E-02   2.2871242E-02   2.2948792E-02
   4.3478261E-02   2.7388898E+07   1.3580662E+07   4.0965266E+07   2.1359954E-02   2.1154681E-02   2.1261416E-02
   5.7971014E-02   1.5795779E+07   7.7217157E+06   2.3516737E+07   1.9027413E-02   1.8187007E-02   1.8741197E-02
   7.2463768E-02   9.2337792E+06   4.5780935E+06   1.3810509E+07   1.1135632E-02   1.1151650E-02   1.1133747E-02
   8.6956522E-02   6.3617046E+06   3.1246535E+06   9.4856004E+06   6.6939741E-03   6.1752052E-03   6.5230165E-03
   1.0144928E-01   4.9199843E+06   2.4113346E+06   7.3311024E+06   2.0563020E-03   4.0260387E-03   2.7074757E-03
   1.1594203E-01   4.0233924E+06   1.9638641E+06   5.9868775E+06   2.9084046E-03   3.4338239E-03   3.0736166E-03
   1.3043478E-01   3.3525639E+06   1.6494244E+06   5.0018199E+06   3.6173818E-03   4.2309643E-03   3.7723382E-03
   1.4492754E-01   2.8669725E+06   1.4062835E+06   4.2730287E+06   1.6915646E-03   4.3000755E-03   2.4989381E-03
   1.5942029E-01   2.4141491E+06   1.1740097E+06   3.5880899E+06   6.0895545E-03   5.5062413E-03   5.8632220E-03
   1.7391304E-01   2.0141273E+06   9.8152158E+05   2.9955857E+06   5.4777686E-03   3.3205811E-03   4.7707032E-03
   1.8840580E-01   1.7033338E+06   8.2878907E+05   2.5320063E+06   5.9491143E-03   5.5231088E-03   5.7933976E-03
   2.0289855E-01   1.4898727E+06   7.1687303E+05   2.2066916E+06   5.1729908E-03   3.3138391E-03   4.4986078E-03
   2.1739130E-01   1.3087628E+06   6.3417509E+05   1.9428369E+06   5.0851037E-03   4.2306088E-03   4.6967189E-03
   2.3188406E-01   1.1537962E+06   5.5556307E+05   1.7092172E+06   4.0925374E-03   5.4009231E-03   4.4601316E-03
   2.4637681E-01   1.0019062E+06   4.7929074E+05   1.4811524E+06   5.4710236E-03   2.9333383E-03   4.4900932E-03
   2.6086957E-01   8.5472698E+05   4.0749395E+05   1.2622209E+06   3.3618426E-03   6.1468191E-03   4.1368013E-03
   2.7536232E-01   6.8734693E+05   3.3196843E+05   1.0192356E+06   3.1899045E-03   5.6411104E-03   3.9851691E-03
   2.8985507E-01   5.1988314E+05   2.5035620E+05   7.7020145E+05   5.5332010E-03   7.6660991E-03   6.1720744E-03
   3.0434783E-01   3.3979078E+05   1.5883604E+05   4.9862682E+05   6.6379816E-03   7.1989523E-03   6.8143226E-03
   3.1884058E-01   1.5220175E+05   6.9022923E+04   2.2122467E+05   1.7974257E-02   1.1307183E-02   1.5875070E-02
   3.3333333E-01   3.8249230E+04   1.7790340E+04   5.6039570E+04   6.2174297E-02   6.2588782E-02   6.2260521E-02
   3.4782609E-01   1.5312595E+04   6.5986236E+03   2.1911219E+04   1.0318332E-01   9.7384595E-02   1.0143686E-01
   3.6231884E-01   1.4912258E+04   6.6680828E+03   2.1580341E+04   1.2854620E-01   1.3397456E-01   1.3020587E-01
   3.7681159E-01   1.5271309E+04   6.7613427E+03   2.2032651E+04   1.3575205E-01   1.2924509E-01   1.3375141E-01
   3.9130435E-01   1.5070541E+04   7.4931739E+03   2.2563715E+04   1.5438568E-01   1.4961943E-01   1.5280284E-01
   4.0579710E-01   1.4748803E+04   7.1173124E+03   2.1866116E+04   1.5344205E-01   1.4823366E-01   1.5174650E-01
   4.2028986E-01   1.4423126E+04   6.5844705E+03   2.1007596E+04   1.5032064E-01   1.5273864E-01   1.5107223E-01
   4.3478261E-01   1.3235134E+04   6.1376671E+03   1.9372801E+04   1.4759333E-01   1.5658965E-01   1.5044337E-01
   4.4927536E-01   1.1512709E+04   4.4730907E+03   1.5985800E+04   1.6927832E-01   1.5929307E-01   1.6648254E-01
   4.6376812E-01   1.0347842E+04   4.0491554E+03   1.4396997E+04   1.4512916E-01   1.6700392E-01   1.5128136E-01
   4.7826087E-01   9.5750363E+03   3.8805303E+03   1.3455567E+04   1.3882694E-01   1.5913619E-01   1.4468404E-01
   4.9275362E-01   7.4882213E+03   3.2983832E+03   1.0786605E+04   1.2513282E-01   1.1670748E-01   1.2255514E-01
   5.0724638E-01   6.4732362E+03   3.2041437E+03   9.6773799E+03   1.3178114E-01   1.4348396E-01   1.3565590E-01
   5.2173913E-01   5.3883498E+03   2.7783678E+03   8.1667176E+03   1.4389434E-01   1.3516064E-01   1.4092065E-01
   5.3623188E-01   4.5259407E+03   2.4780038E+03   7.0039445E+03   1.3742301E-01   1.2735332E-01   1.3386012E-01
   5.5072464E-01   4.7059436E+03   2.2333292E+03   6.9392728E+03   1.4211143E-01   1.2915649E-01   1.3794189E-01
   5.6521739E-01   3.9246874E+03   1.2240362E+03   5.1487236E+03   1.4167544E-01   1.5090519E-01   1.4386968E-01
   5.7971014E-01   2.8415126E+03   1.0040011E+03   3.8455137E+03   1.9319365E-01   1.8107113E-01   1.9002862E-01
   5.9420290E-01   2.2916914E+03   9.6103189E+02   3.2527233E+03   1.8832265E-01   1.9055398E-01   1.8898191E-01
   6.0869565E-01   1.6958869E+03   7.9381938E+02   2.4897062E+03   2.2631836E-01   1.9327689E-01   2.1578340E-01
   6.2318841E-01   1.3568773E+03   6.3438420E+02   1.9912615E+03   2.7435452E-01   2.6120865E-01   2.7016646E-01
   6.3768116E-01   1.1366050E+03   5.6830251E+02   1.7049075E+03   2.8428654E-01   2.6913077E-01   2.7923462E-01
   6.5217391E-01   9.7663839E+02   4.0412623E+02   1.3807646E+03   2.7500845E-01   2.7364726E-01   2.7453082E-01
   6.6666667E-01   7.9068176E+02   4.2828595E+02   1.2189677E+03   3.1779985E-01   2.7144088E-01   3.0151156E-01
   6.8115942E-01   7.0937051E+02   2.4183086E+02   9.5120137E+02   2.9407074E-01   2.8339961E-01   2.9135774E-01
   6.9565217E-01   7.5773668E+02   2.9993744E+02   1.0576741E+03   3.2186580E-01   2.8450255E-01   3.1127025E-01
   7.1014493E-01   7.7320070E+02   2.6288824E+02   1.0360889E+03   2.8196397E-01   3.8383357E-01   3.0781148E-01
   7.2463768E-01   3.9402308E+02   1.8185680E+02   5.7587988E+02   3.2685610E-01   2.1883524E-01   2.9274425E-01
   7.3913043E-01   5.2001537E+02   1.4857582E+02   6.6859119E+02   3.4330415E-01   3.7887265E-01   3.5120826E-01
   7.5362319E-01   2.3314975E+02   1.1657487E+02   3.4972462E+02   3.5169948E-01   2.9893837E-01   3.3411245E-01
   7.6811594E-01   4.4320448E+02   1.7156302E+02   6.1476750E+02   3.2826307E-01   2.9056867E-01   3.1774371E-01
   7.8260870E-01   4.3499699E+02   1.1225729E+02   5.4725427E+02   3.5008437E-01   2.8538153E-01   3.3681199E-01
   7.9710145E-01   2.6176358E+02   1.5154734E+02   4.1331092E+02   3.6754061E-01   3.4677548E-01   3.5992673E-01
   8.1159420E-01   1.0824810E+02   6.7655061E+01   1.7590316E+02   3.2925828E-01   3.2331578E-01   3.2697270E-01
   8.2608696E-01   1.4622989E+02   1.1964263E+02   2.6587252E+02   3.7699384E-01   3.9227745E-01   3.8387146E-01
   8.4057971E-01   2.4822409E+02   1.1757983E+02   3.6580392E+02   3.7117877E-01   3.5202471E-01   3.6502211E-01
   8.5507246E-01   1.5411594E+02   8.9900963E+01   2.4401690E+02   3.5574114E-01   3.3983503E-01   3.4988099E-01
   8.6956522E-01   2.0206312E+02   7.5773668E+01   2.7783678E+02   3.1527478E-01   3.7912310E-01   3.3268796E-01
   8.8405797E-01   1.8632869E+02   7.4531477E+01   2.6086017E+02   3.9617079E-01   3.4209137E-01   3.8071953E-01
   8.9855072E-01   1.7110183E+02   9.7772475E+01   2.6887431E+02   3.9838295E-01   4.0544186E-01   4.0094983E-01
   9.1304348E-01   1.2027566E+02   3.6082699E+01   1.5635836E+02   3.5017647E-01   4.0420555E-01   3.6264472E-01
   9.2753623E-01   7.1037814E+01   1.1839636E+01   8.2877450E+01   3.3135809E-01   4.0757276E-01   3.4224590E-01
   9.4202899E-01   4.6629950E+01   2.3314975E+01   6.9944925E+01   4.0224464E-01   3.9941869E-01   4.0130266E-01
   9.5652174E-01   2.2961718E+01   3.4442577E+01   5.7404294E+01   4.1025623E-01   2.7719966E-01   3.3042229E-01
   9.7101449E-01   1.1309503E+01   3.3928508E+01   4.5238011E+01   4.2716150E-01   4.1845128E-01   4.2062883E-01
   9.8550725E-01   4.4572746E+01   0.0000000E+00   4.4572746E+01   4.2435531E-01   0.0000000E+00   4.2435531E-01
   1.0000000E+00   2.1884092E+01   2.1884092E+01   4.3768184E+01   4.2814175E-01   4.2626113E-01   4.2720144E-01
