   0.0000000E+00   0.0000000E+00   0.0000000E+00   5.8490089E+10   0.0000000E+00   0.0000000E+00   4.4561744E-06
   1.4492754E-02   0.0000000E+00   0.0000000E+00   3.2978974E+07   0.0000000E+00   0.0000000E+00   7.6661099E-03
   2.8985507E-02   0.0000000E+00   0.0000000E+00   2.5161783E+07   0.0000000E+00   0.0000000E+00   1.3259322E-02
   4.3478261E-02   0.0000000E+00   0.0000000E+00   2.0105280E+07   0.0000000E+00   0.0000000E+00   1.7617239E-02
   5.7971014E-02   0.0000000E+00   0.0000000E+00   1.5469194E+07   0.0000000E+00   0.0000000E+00   2.2803643E-02
   7.2463768E-02   0.0000000E+00   0.0000000E+00   1.1323920E+07   0.0000000E+00   0.0000000E+00   2.8718961E-02
   8.6956522E-02   0.0000000E+00   0.0000000E+00   7.9765678E+06   0.0000000E+00   0.0000000E+00   3.4341074E-02
   1.0144928E-01   0.0000000E+00   0.0000000E+00   5.5774832E+06   0.0000000E+00   0.0000000E+00   3.7930911E-02
   1.1594203E-01   0.0000000E+00   0.0000000E+00   3.9033858E+06   0.0000000E+00   0.0000000E+00   3.9324312E-02
   1.3043478E-01   0.0000000E+00   0.0000000E+00   2.8096034E+06   0.0000000E+00   0.0000000E+00   3.9392507E-02
   1.4492754E-01   0.0000000E+00   0.0000000E+00   2.0768047E+06   0.0000000E+00   0.0000000E+00   3.7695852E-02
   1.5942029E-01   0.0000000E+00   0.0000000E+00   1.5087915E+06   0.0000000E+00   0.0000000E+00   3.5580353E-02
   1.7391304E-01   0.0000000E+00   0.0000000E+00   1.0817323E+06   0.0000000E+00   0.0000000E+00   3.0757077E-02
   1.8840580E-01   0.0000000E+00   0.0000000E+00   7.9078566E+05   0.0000000E+00   0.0000000E+00   2.5187487E-02
   2.0289855E-01   0.0000000E+00   0.0000000E+00   6.0066869E+05   0.0000000E+00   0.0000000E+00   2.2090379E-02
   2.1739130E-01   0.0000000E+00   0.0000000E+00   4.7762669E+05   0.0000000E+00   0.0000000E+00   1.7389346E-02
   2.3188406E-01   0.0000000E+00   0.0000000E+00   3.8635099E+05   0.0000000E+00   0.0000000E+00   1.4455170E-02
   2.4637681E-01   0.0000000E+00   0.0000000E+00   3.0768567E+05   0.0000000E+00   0.0000000E+00   1.9945720E-02
   2.6086957E-01   0.0000000E+00   0.0000000E+00   2.3986576E+05   0.0000000E+00   0.0000000E+00   2.5375588E-02
   2.7536232E-01   0.0000000E+00   0.0000000E+00   1.7184670E+05   0.0000000E+00   0.0000000E+00   2.8306791E-02
   2.8985507E-01   0.0000000E+00   0.0000000E+00   1.1779017E+05   0.0000000E+00   0.0000000E+00   3.5206589E-02
   3.0434783E-01   0.0000000E+00   0.0000000E+00   7.3283962E+04   0.0000000E+00   0.0000000E+00   4.7788002E-02
   3.1884058E-01   0.0000000E+00   0.0000000E+00   2.9413960E+04   0.0000000E+00   0.0000000E+00   6.6861517E-02
   3.3333333E-01   0.0000000E+00   0.0000000E+00   6.1277836E+03   0.0000000E+00   0.0000000E+00   6.5714643E-02
   3.4782609E-01   0.0000000E+00   0.0000000E+00   1.8943417E+03   0.0000000E+00   0.0000000E+00   7.0931791E-02
   3.6231884E-01   0.0000000E+00   0.0000000E+00   1.7882586E+03   0.0000000E+00   0.0000000E+00   7.9699276E-02
   3.7681159E-01   0.0000000E+00   0.0000000E+00   1.4863296E+03   0.0000000E+00   0.0000000E+00   9.2571456E-02
   3.9130435E-01   0.0000000E+00   0.0000000E+00   1.5716020E+03   0.0000000E+00   0.0000000E+00   1.0450330E-01
   4.0579710E-01   0.0000000E+00   0.0000000E+00   1.6237215E+03   0.0000000E+00   0.0000000E+00   1.0367010E-01
   4.2028986E-01   0.0000000E+00   0.0000000E+00   1.5416022E+03   0.0000000E+00   0.0000000E+00   1.1169482E-01
   4.3478261E-01   0.0000000E+00   0.0000000E+00   1.9953733E+03   0.0000000E+00   0.0000000E+00   1.1251371E-01
   4.4927536E-01   0.0000000E+00   0.0000000E+00   1.7843477E+03   0.0000000E+00   0.0000000E+00   1.1158428E-01
   4.6376812E-01   0.0000000E+00   0.0000000E+00   1.4681148E+03   0.0000000E+00   0.0000000E+00   1.3118093E-01
   4.7826087E-01   0.0000000E+00   0.0000000E+00   1.5613968E+03   0.0000000E+00   0.0000000E+00   1.1501713E-01
   4.9275362E-01   0.0000000E+00   0.0000000E+00   1.4263279E+03   0.0000000E+00   0.0000000E+00   1.2290853E-01
   5.0724638E-01   0.0000000E+00   0.0000000E+00   1.4288749E+03   0.0000000E+00   0.0000000E+00   1.5268295E-01
   5.2173913E-01   0.0000000E+00   0.0000000E+00   1.1787015E+03   0.0000000E+00   0.0000000E+00   1.4695076E-01
   5.3623188E-01   0.0000000E+00   0.0000000E+00   1.2287622E+03   0.0000000E+00   0.0000000E+00   1.9243381E-01
   5.5072464E-01   0.0000000E+00   0.0000000E+00   1.3559499E+03   0.0000000E+00   0.0000000E+00   1.7857857E-01
   5.6521739E-01   0.0000000E+00   0.0000000E+00   1.2628945E+03   0.0000000E+00   0.0000000E+00   1.3537772E-01
   5.7971014E-01   0.0000000E+00   0.0000000E+00   1.0418879E+03   0.0000000E+00   0.0000000E+00   1.4286743E-01
   5.9420290E-01   0.0000000E+00   0.0000000E+00   9.7951327E+02   0.0000000E+00   0.0000000E+00   1.5292377E-01
   6.0869565E-01   0.0000000E+00   0.0000000E+00   1.1726877E+03   0.0000000E+00   0.0000000E+00   1.6811663E-01
   6.2318841E-01   0.0000000E+00   0.0000000E+00   1.1454159E+03   0.0000000E+00   0.0000000E+00   2.0288263E-01
   6.3768116E-01   0.0000000E+00   0.0000000E+00   1.2227115E+03   0.0000000E+00   0.0000000E+00   2.0450687E-01
   6.5217391E-01   0.0000000E+00   0.0000000E+00   1.1113471E+03   0.0000000E+00   0.0000000E+00   1.5697221E-01
   6.6666667E-01   0.0000000E+00   0.0000000E+00   8.8951698E+02   0.0000000E+00   0.0000000E+00   1.4709785E-01
   6.8115942E-01   0.0000000E+00   0.0000000E+00   8.3834697E+02   0.0000000E+00   0.0000000E+00   1.6548993E-01
   6.9565217E-01   0.0000000E+00   0.0000000E+00   8.3666759E+02   0.0000000E+00   0.0000000E+00   1.5434565E-01
   7.1014493E-01   0.0000000E+00   0.0000000E+00   8.3505675E+02   0.0000000E+00   0.0000000E+00   1.7600694E-01
   7.2463768E-01   0.0000000E+00   0.0000000E+00   6.2134408E+02   0.0000000E+00   0.0000000E+00   1.8002581E-01
   7.3913043E-01   0.0000000E+00   0.0000000E+00   5.3487295E+02   0.0000000E+00   0.0000000E+00   1.3253487E-01
   7.5362319E-01   0.0000000E+00   0.0000000E+00   5.9744623E+02   0.0000000E+00   0.0000000E+00   1.1361484E-01
   7.6811594E-01   0.0000000E+00   0.0000000E+00   5.1468907E+02   0.0000000E+00   0.0000000E+00   1.5679870E-01
   7.8260870E-01   0.0000000E+00   0.0000000E+00   5.1918995E+02   0.0000000E+00   0.0000000E+00   1.9686618E-01
   7.9710145E-01   0.0000000E+00   0.0000000E+00   4.8219607E+02   0.0000000E+00   0.0000000E+00   1.6796020E-01
   8.1159420E-01   0.0000000E+00   0.0000000E+00   4.1946138E+02   0.0000000E+00   0.0000000E+00   1.8060664E-01
   8.2608696E-01   0.0000000E+00   0.0000000E+00   4.3868966E+02   0.0000000E+00   0.0000000E+00   1.6491464E-01
   8.4057971E-01   0.0000000E+00   0.0000000E+00   3.7886834E+02   0.0000000E+00   0.0000000E+00   1.0345519E-01
   8.5507246E-01   0.0000000E+00   0.0000000E+00   3.4676086E+02   0.0000000E+00   0.0000000E+00   1.1486835E-01
   8.6956522E-01   0.0000000E+00   0.0000000E+00   4.0412623E+02   0.0000000E+00   0.0000000E+00   1.8284058E-01
   8.8405797E-01   0.0000000E+00   0.0000000E+00   2.9812591E+02   0.0000000E+00   0.0000000E+00   2.2562767E-01
   8.9855072E-01   0.0000000E+00   0.0000000E+00   2.0776651E+02   0.0000000E+00   0.0000000E+00   1.7427890E-01
   9.1304348E-01   0.0000000E+00   0.0000000E+00   2.6460646E+02   0.0000000E+00   0.0000000E+00   1.5750714E-01
   9.2753623E-01   0.0000000E+00   0.0000000E+00   2.1311344E+02   0.0000000E+00   0.0000000E+00   1.5266397E-01
   9.4202899E-01   0.0000000E+00   0.0000000E+00   1.6320482E+02   0.0000000E+00   0.0000000E+00   5.8672535E-02
   9.5652174E-01   0.0000000E+00   0.0000000E+00   1.7221288E+02   0.0000000E+00   0.0000000E+00   1.1141769E-01
   9.7101449E-01   0.0000000E+00   0.0000000E+00   1.1309503E+02   0.0000000E+00   0.0000000E+00   1.2507656E-01
   9.8550725E-01   0.0000000E+00   0.0000000E+00   4.4572746E+01   0.0000000E+00   0.0000000E+00   1.1817264E-06
   1.0000000E+00   0.0000000E+00   0.0000000E+00   2.1884092E+01   0.0000000E+00   0.0000000E+00   1.6096620E-05
