   0.0000000E+00   6.3728686E+07   3.1776446E+07   9.5505132E+07   1.9367309E-03   2.0534845E-04   1.3604651E-03
   1.4492754E-02   6.4801641E+07   3.2596317E+07   9.7396442E+07   7.3564142E-04   1.1262618E-04   5.1207780E-04
   2.8985507E-02   6.6863064E+07   3.4064810E+07   1.0092295E+08   9.5312952E-05   1.4807486E-04   1.4311160E-05
   4.3478261E-02   7.0816302E+07   3.6118024E+07   1.0692776E+08   1.5096201E-04   1.0760423E-04   1.1685750E-04
   5.7971014E-02   7.3056993E+07   3.7279508E+07   1.1032229E+08   1.5237908E-04   2.5097494E-05   1.0624807E-04
   7.2463768E-02   7.3189938E+07   3.7391426E+07   1.1056106E+08   1.3415365E-04   2.7618927E-05   8.7706377E-05
   8.6956522E-02   7.1076711E+07   3.6258205E+07   1.0731206E+08   1.6277005E-04   1.2892182E-05   1.1326588E-04
   1.0144928E-01   6.7693273E+07   3.4461648E+07   1.0213240E+08   2.1961824E-04   2.4706945E-05   1.5576813E-04
   1.1594203E-01   6.3742231E+07   3.2469869E+07   9.6184632E+07   1.7628159E-04   7.9354301E-05   1.3921721E-04
   1.3043478E-01   6.0397002E+07   3.0729927E+07   9.1103776E+07   3.8847814E-04   9.1281042E-05   2.5920685E-04
   1.4492754E-01   5.8519625E+07   2.9784507E+07   8.8273747E+07   5.8099303E-05   1.1437527E-04   7.3288408E-05
   1.5942029E-01   5.0190205E+07   2.5439976E+07   7.5610962E+07   9.5491013E-05   1.8781569E-04   1.4418289E-05
   1.7391304E-01   1.8858487E+07   9.2871997E+06   2.8141709E+07   3.6963456E-03   9.1102270E-04   2.7765751E-03
   1.8840580E-01   7.3904390E+06   3.3968753E+06   1.0786032E+07   8.9548097E-03   2.4394220E-03   6.8996170E-03
   2.0289855E-01   5.3771701E+06   2.4165305E+06   7.7932677E+06   8.8557909E-03   3.3823479E-03   7.1626044E-03
   2.1739130E-01   4.5242437E+06   2.0352807E+06   6.5593223E+06   9.1900061E-03   3.6239611E-03   7.4625645E-03
   2.3188406E-01   3.9910465E+06   1.8071073E+06   5.7979643E+06   8.4516847E-03   3.0742875E-03   6.7743881E-03
   2.4637681E-01   3.6100359E+06   1.6557884E+06   5.2656014E+06   7.7264148E-03   2.6675641E-03   6.1226460E-03
   2.6086957E-01   3.3628775E+06   1.5487296E+06   4.9113966E+06   6.4703356E-03   2.5042028E-03   5.2192897E-03
   2.7536232E-01   3.1420947E+06   1.4819335E+06   4.6237890E+06   5.8639744E-03   1.6393848E-03   4.5079538E-03
   2.8985507E-01   2.9200141E+06   1.3761256E+06   4.2958745E+06   4.4049476E-03   8.8846970E-04   3.2784529E-03
   3.0434783E-01   2.4005459E+06   1.1516515E+06   3.5521974E+06   4.5595643E-03   5.8659280E-04   3.2737672E-03
   3.1884058E-01   1.3212172E+06   6.3419116E+05   1.9553740E+06   8.7835034E-03   1.3774889E-04   5.9469036E-03
   3.3333333E-01   1.9948242E+05   8.0320089E+04   2.7980251E+05   5.7008367E-02   1.4149673E-03   4.1043304E-02
   3.4782609E-01   6.3050007E+04   1.6133477E+04   7.9183483E+04   1.4215182E-01   2.9678879E-03   1.1377178E-01
   3.6231884E-01   6.7377946E+04   1.5912470E+04   8.3290416E+04   1.6105346E-01   2.0100443E-03   1.3061328E-01
   3.7681159E-01   6.6972265E+04   1.7573662E+04   8.4545928E+04   1.8302980E-01   4.7110486E-03   1.4596213E-01
   3.9130435E-01   6.9178553E+04   1.9673089E+04   8.8851642E+04   2.0359490E-01   2.3208342E-03   1.5902980E-01
   4.0579710E-01   6.4975921E+04   1.7400882E+04   8.2376802E+04   2.1668234E-01   4.9811483E-03   1.7196189E-01
   4.2028986E-01   6.5060839E+04   1.4788930E+04   7.9849769E+04   2.3828052E-01   1.5338425E-03   1.9442753E-01
   4.3478261E-01   5.6830251E+04   1.3336166E+04   7.0166417E+04   2.4035658E-01   1.8132089E-03   1.9500864E-01
   4.4927536E-01   4.8812908E+04   1.1854913E+04   6.0667821E+04   2.5115729E-01   3.7898908E-03   2.0278603E-01
   4.6376812E-01   4.0680988E+04   1.0418879E+04   5.1099868E+04   2.4918315E-01   5.1842334E-03   1.9943232E-01
   4.7826087E-01   3.6440246E+04   8.9550699E+03   4.5395316E+04   2.5522606E-01   2.7560040E-03   2.0542163E-01
   4.9275362E-01   2.9507158E+04   7.3099304E+03   3.6817088E+04   2.5965946E-01   3.6716846E-03   2.0877029E-01
   5.0724638E-01   2.4745515E+04   5.7587988E+03   3.0504314E+04   2.5429410E-01   3.2677706E-03   2.0689707E-01
   5.2173913E-01   2.2858390E+04   4.8831920E+03   2.7741582E+04   2.5833557E-01   5.4013387E-03   2.1380571E-01
   5.3623188E-01   1.7468902E+04   3.9525184E+03   2.1421421E+04   2.5441950E-01   3.3708425E-06   2.0747648E-01
   5.5072464E-01   1.6849671E+04   3.5294577E+03   2.0379129E+04   2.5705431E-01   6.6217081E-03   2.1367844E-01
   5.6521739E-01   1.3600402E+04   2.8366553E+03   1.6437057E+04   2.4897540E-01   5.7969376E-03   2.0696865E-01
   5.7971014E-01   1.1574428E+04   2.5005311E+03   1.4074959E+04   2.4888429E-01   9.2186064E-03   2.0627781E-01
   5.9420290E-01   1.0405018E+04   2.1808031E+03   1.2585822E+04   2.5541654E-01   1.1174941E-05   2.1115851E-01
   6.0869565E-01   9.8144942E+03   2.1649620E+03   1.1979456E+04   2.4924271E-01   3.5638515E-03   2.0484250E-01
   6.2318841E-01   8.4584560E+03   1.4802298E+03   9.9386858E+03   2.5479510E-01   1.5051748E-05   2.1684487E-01
   6.3768116E-01   7.3879327E+03   1.6532437E+03   9.0411763E+03   2.4620608E-01   3.8267426E-03   2.0180087E-01
   6.5217391E-01   6.3986653E+03   1.2628945E+03   7.6615598E+03   2.4787292E-01   1.0120113E-05   2.0701581E-01
   6.6666667E-01   5.5018272E+03   1.0377698E+03   6.5395970E+03   2.4506027E-01   7.0722416E-06   2.0617270E-01
   6.8115942E-01   4.9978377E+03   9.3507931E+02   5.9329170E+03   2.5693496E-01   7.3747820E-03   2.1759845E-01
   6.9565217E-01   4.4674892E+03   7.2616432E+02   5.1936535E+03   2.4392789E-01   9.6829185E-07   2.0982259E-01
   7.1014493E-01   3.6958993E+03   8.5052077E+02   4.5464201E+03   2.3925690E-01   3.3283732E-05   1.9449180E-01
   7.2463768E-01   3.7280645E+03   7.4258195E+02   4.4706464E+03   2.3527385E-01   4.6861709E-06   1.9619368E-01
   7.3913043E-01   2.9418012E+03   4.9030021E+02   3.4321015E+03   2.3361494E-01   1.7658586E-04   2.0026586E-01
   7.5362319E-01   2.7395096E+03   5.2458694E+02   3.2640965E+03   2.4130718E-01   1.0489906E-05   2.0252404E-01
   7.6811594E-01   2.6735238E+03   4.5750139E+02   3.1310252E+03   2.2077646E-01   2.2710671E-06   1.8851722E-01
   7.8260870E-01   2.3433709E+03   3.5080402E+02   2.6941749E+03   2.3610577E-01   3.6256411E-06   2.0536237E-01
   7.9710145E-01   2.1216627E+03   3.9953389E+02   2.5211966E+03   2.1841862E-01   1.6157160E-03   1.8405805E-01
   8.1159420E-01   2.1514309E+03   2.7062024E+02   2.4220512E+03   2.2114590E-01   2.1981452E-05   1.9643444E-01
   8.2608696E-01   1.9009885E+03   2.6587252E+02   2.1668610E+03   2.0011827E-01   3.1211101E-06   1.7556351E-01
   8.4057971E-01   1.7114398E+03   1.6983753E+02   1.8812773E+03   2.1773002E-01   1.5639257E-05   1.9807301E-01
   8.5507246E-01   1.2971425E+03   1.7980193E+02   1.4769444E+03   2.3188637E-01   1.1821296E-05   2.0365813E-01
   8.6956522E-01   9.7242874E+02   1.8943417E+02   1.1618629E+03   2.3791450E-01   3.8336978E-05   1.9912883E-01
   8.8405797E-01   1.0558626E+03   1.4906295E+02   1.2049255E+03   2.1160730E-01   1.0860199E-05   1.8542774E-01
   8.9855072E-01   8.9217384E+02   1.8332339E+02   1.0754972E+03   2.1372665E-01   8.7132019E-05   1.7728170E-01
   9.1304348E-01   6.6151615E+02   1.6838593E+02   8.2990208E+02   2.4083112E-01   2.0147631E-06   1.9196672E-01
   9.2753623E-01   6.7485923E+02   1.3023599E+02   8.0509523E+02   2.6141378E-01   1.7678708E-05   2.1912905E-01
   9.4202899E-01   5.8287437E+02   1.6320482E+02   7.4607920E+02   2.3265819E-01   8.1812292E-06   1.8176600E-01
   9.5652174E-01   3.7886834E+02   1.1480859E+02   4.9367693E+02   2.0694350E-01   1.8016336E-07   1.5881708E-01
   9.7101449E-01   3.1666608E+02   6.7857016E+01   3.8452309E+02   2.6234862E-01   2.3617743E-05   2.1605596E-01
   9.8550725E-01   1.7829098E+02   4.4572746E+01   2.2286373E+02   2.3331328E-01   9.8018580E-06   1.8664867E-01
   1.0000000E+00   8.7536368E+01   2.1884092E+01   1.0942046E+02   2.1405636E-01   1.0846934E-05   1.7124717E-01
