   0.0000000E+00   0.0000000E+00   0.0000000E+00   5.8750320E+10   0.0000000E+00   0.0000000E+00   1.9485197E-06
   1.4492754E-02   0.0000000E+00   0.0000000E+00   1.0204440E+07   0.0000000E+00   0.0000000E+00   2.0565432E-03
   2.8985507E-02   0.0000000E+00   0.0000000E+00   8.3112348E+06   0.0000000E+00   0.0000000E+00   3.8998901E-03
   4.3478261E-02   0.0000000E+00   0.0000000E+00   7.5185160E+06   0.0000000E+00   0.0000000E+00   6.4295088E-03
   5.7971014E-02   0.0000000E+00   0.0000000E+00   6.9656839E+06   0.0000000E+00   0.0000000E+00   6.3876213E-03
   7.2463768E-02   0.0000000E+00   0.0000000E+00   6.4454598E+06   0.0000000E+00   0.0000000E+00   8.5281863E-03
   8.6956522E-02   0.0000000E+00   0.0000000E+00   5.9566944E+06   0.0000000E+00   0.0000000E+00   1.2034743E-02
   1.0144928E-01   0.0000000E+00   0.0000000E+00   5.4198740E+06   0.0000000E+00   0.0000000E+00   1.4102009E-02
   1.1594203E-01   0.0000000E+00   0.0000000E+00   4.8657114E+06   0.0000000E+00   0.0000000E+00   1.6933691E-02
   1.3043478E-01   0.0000000E+00   0.0000000E+00   4.3173310E+06   0.0000000E+00   0.0000000E+00   2.1065913E-02
   1.4492754E-01   0.0000000E+00   0.0000000E+00   3.7097273E+06   0.0000000E+00   0.0000000E+00   2.6907577E-02
   1.5942029E-01   0.0000000E+00   0.0000000E+00   3.0821284E+06   0.0000000E+00   0.0000000E+00   3.2185076E-02
   1.7391304E-01   0.0000000E+00   0.0000000E+00   2.4399121E+06   0.0000000E+00   0.0000000E+00   3.8501058E-02
   1.8840580E-01   0.0000000E+00   0.0000000E+00   1.8391435E+06   0.0000000E+00   0.0000000E+00   4.7533050E-02
   2.0289855E-01   0.0000000E+00   0.0000000E+00   1.3527224E+06   0.0000000E+00   0.0000000E+00   5.6072572E-02
   2.1739130E-01   0.0000000E+00   0.0000000E+00   9.8919998E+05   0.0000000E+00   0.0000000E+00   6.4663566E-02
   2.3188406E-01   0.0000000E+00   0.0000000E+00   7.0881531E+05   0.0000000E+00   0.0000000E+00   7.1177160E-02
   2.4637681E-01   0.0000000E+00   0.0000000E+00   4.9654039E+05   0.0000000E+00   0.0000000E+00   7.5782239E-02
   2.6086957E-01   0.0000000E+00   0.0000000E+00   3.4056054E+05   0.0000000E+00   0.0000000E+00   8.0655019E-02
   2.7536232E-01   0.0000000E+00   0.0000000E+00   2.3039183E+05   0.0000000E+00   0.0000000E+00   8.4289358E-02
   2.8985507E-01   0.0000000E+00   0.0000000E+00   1.4863005E+05   0.0000000E+00   0.0000000E+00   8.8368887E-02
   3.0434783E-01   0.0000000E+00   0.0000000E+00   7.8371623E+04   0.0000000E+00   0.0000000E+00   9.8309630E-02
   3.1884058E-01   0.0000000E+00   0.0000000E+00   2.7829602E+04   0.0000000E+00   0.0000000E+00   1.0235246E-01
   3.3333333E-01   0.0000000E+00   0.0000000E+00   3.8545736E+03   0.0000000E+00   0.0000000E+00   6.5291972E-02
   3.4782609E-01   0.0000000E+00   0.0000000E+00   3.1572362E+01   0.0000000E+00   0.0000000E+00   3.7364129E-01
   3.6231884E-01   0.0000000E+00   0.0000000E+00   3.0309467E+01   0.0000000E+00   0.0000000E+00   1.6734117E-01
   3.7681159E-01   0.0000000E+00   0.0000000E+00   5.8287437E+01   0.0000000E+00   0.0000000E+00   8.3668125E-02
   3.9130435E-01   0.0000000E+00   0.0000000E+00   8.4192965E+01   0.0000000E+00   0.0000000E+00   5.2443311E-06
   4.0579710E-01   0.0000000E+00   0.0000000E+00   1.3531012E+02   0.0000000E+00   0.0000000E+00   8.7312046E-02
   4.2028986E-01   0.0000000E+00   0.0000000E+00   7.8386554E+01   0.0000000E+00   0.0000000E+00   1.4551942E-01
   4.3478261E-01   0.0000000E+00   0.0000000E+00   2.5257889E+01   0.0000000E+00   0.0000000E+00   3.4261246E-01
   4.4927536E-01   0.0000000E+00   0.0000000E+00   4.8886238E+01   0.0000000E+00   0.0000000E+00   3.8027982E-01
   4.6376812E-01   0.0000000E+00   0.0000000E+00   7.1037814E+01   0.0000000E+00   0.0000000E+00   1.4143417E-01
   4.7826087E-01   0.0000000E+00   0.0000000E+00   4.5923435E+01   0.0000000E+00   0.0000000E+00   4.8493612E-06
   4.9275362E-01   0.0000000E+00   0.0000000E+00   0.0000000E+00   0.0000000E+00   0.0000000E+00   0.0000000E+00
   5.0724638E-01   0.0000000E+00   0.0000000E+00   0.0000000E+00   0.0000000E+00   0.0000000E+00   0.0000000E+00
   5.2173913E-01   0.0000000E+00   0.0000000E+00   2.1048241E+01   0.0000000E+00   0.0000000E+00   1.1808212E-01
   5.3623188E-01   0.0000000E+00   0.0000000E+00   6.1438110E+01   0.0000000E+00   0.0000000E+00   1.1858885E-01
   5.5072464E-01   0.0000000E+00   0.0000000E+00   3.9880878E+01   0.0000000E+00   0.0000000E+00   1.1884222E-01
   5.6521739E-01   0.0000000E+00   0.0000000E+00   1.9429146E+01   0.0000000E+00   0.0000000E+00   1.3863074E-01
   5.7971014E-01   0.0000000E+00   0.0000000E+00   1.8943417E+01   0.0000000E+00   0.0000000E+00   1.3863074E-01
   5.9420290E-01   0.0000000E+00   0.0000000E+00   1.8481383E+01   0.0000000E+00   0.0000000E+00   1.1445042E-06
   6.0869565E-01   0.0000000E+00   0.0000000E+00   5.4124049E+01   0.0000000E+00   0.0000000E+00   6.5021514E-07
   6.2318841E-01   0.0000000E+00   0.0000000E+00   3.5243567E+01   0.0000000E+00   0.0000000E+00   4.0307062E-07
   6.3768116E-01   0.0000000E+00   0.0000000E+00   0.0000000E+00   0.0000000E+00   0.0000000E+00   0.0000000E+00
   6.5217391E-01   0.0000000E+00   0.0000000E+00   0.0000000E+00   0.0000000E+00   0.0000000E+00   0.0000000E+00
   6.6666667E-01   0.0000000E+00   0.0000000E+00   1.6472537E+01   0.0000000E+00   0.0000000E+00   1.2539871E-01
   6.8115942E-01   0.0000000E+00   0.0000000E+00   3.2244114E+01   0.0000000E+00   0.0000000E+00   6.2571298E-02
   6.9565217E-01   0.0000000E+00   0.0000000E+00   4.7358543E+01   0.0000000E+00   0.0000000E+00   1.2545056E-01
   7.1014493E-01   0.0000000E+00   0.0000000E+00   4.6392042E+01   0.0000000E+00   0.0000000E+00   2.1470807E-01
   7.2463768E-01   0.0000000E+00   0.0000000E+00   1.5154734E+01   0.0000000E+00   0.0000000E+00   4.7621596E-01
   7.3913043E-01   0.0000000E+00   0.0000000E+00   0.0000000E+00   0.0000000E+00   0.0000000E+00   0.0000000E+00
   7.5362319E-01   0.0000000E+00   0.0000000E+00   0.0000000E+00   0.0000000E+00   0.0000000E+00   0.0000000E+00
   7.6811594E-01   0.0000000E+00   0.0000000E+00   1.4296919E+01   0.0000000E+00   0.0000000E+00   1.8784780E-06
   7.8260870E-01   0.0000000E+00   0.0000000E+00   1.4032161E+01   0.0000000E+00   0.0000000E+00   1.8784780E-06
   7.9710145E-01   0.0000000E+00   0.0000000E+00   0.0000000E+00   0.0000000E+00   0.0000000E+00   0.0000000E+00
   8.1159420E-01   0.0000000E+00   0.0000000E+00   0.0000000E+00   0.0000000E+00   0.0000000E+00   0.0000000E+00
   8.2608696E-01   0.0000000E+00   0.0000000E+00   0.0000000E+00   0.0000000E+00   0.0000000E+00   0.0000000E+00
   8.4057971E-01   0.0000000E+00   0.0000000E+00   0.0000000E+00   0.0000000E+00   0.0000000E+00   0.0000000E+00
   8.5507246E-01   0.0000000E+00   0.0000000E+00   0.0000000E+00   0.0000000E+00   0.0000000E+00   0.0000000E+00
   8.6956522E-01   0.0000000E+00   0.0000000E+00   1.2628945E+01   0.0000000E+00   0.0000000E+00   3.7390610E-01
   8.8405797E-01   0.0000000E+00   0.0000000E+00   1.2421913E+01   0.0000000E+00   0.0000000E+00   3.7390610E-01
   8.9855072E-01   0.0000000E+00   0.0000000E+00   0.0000000E+00   0.0000000E+00   0.0000000E+00   0.0000000E+00
   9.1304348E-01   0.0000000E+00   0.0000000E+00   2.4055133E+01   0.0000000E+00   0.0000000E+00   1.6864524E-01
   9.2753623E-01   0.0000000E+00   0.0000000E+00   2.3679271E+01   0.0000000E+00   0.0000000E+00   1.6864524E-01
   9.4202899E-01   0.0000000E+00   0.0000000E+00   0.0000000E+00   0.0000000E+00   0.0000000E+00   0.0000000E+00
   9.5652174E-01   0.0000000E+00   0.0000000E+00   0.0000000E+00   0.0000000E+00   0.0000000E+00   0.0000000E+00
   9.7101449E-01   0.0000000E+00   0.0000000E+00   1.1309503E+01   0.0000000E+00   0.0000000E+00   9.7880619E-06
   9.8550725E-01   0.0000000E+00   0.0000000E+00   1.1143187E+01   0.0000000E+00   0.0000000E+00   9.7880619E-06
   1.0000000E+00   0.0000000E+00   0.0000000E+00   0.0000000E+00   0.0000000E+00   0.0000000E+00   0.0000000E+00
