   0.0000000E+00   3.8250063E+10   1.9261242E+10   5.6942566E+10   1.5743775E-06   3.3217802E-06   2.0938073E-06
   1.4492754E-02   1.6380752E+07   8.2373555E+06   2.4617349E+07   1.5315703E-02   1.1630396E-02   1.4070692E-02
   2.8985507E-02   1.3682451E+07   6.9007080E+06   2.0580507E+07   2.1144304E-02   2.1454462E-02   2.1261749E-02
   4.3478261E-02   8.0110448E+06   4.0225715E+06   1.2033111E+07   1.8536552E-02   1.7705126E-02   1.8229510E-02
   5.7971014E-02   4.2171835E+06   2.0869963E+06   6.3038009E+06   1.3624046E-02   1.2998719E-02   1.3347521E-02
   7.2463768E-02   2.7169407E+06   1.3718065E+06   4.0884441E+06   5.6773842E-03   6.8141001E-03   6.0706845E-03
   8.6956522E-02   2.0765774E+06   1.0425194E+06   3.1189705E+06   4.5266476E-03   3.0342535E-03   3.8909152E-03
   1.0144928E-01   1.6823919E+06   8.3091240E+05   2.5131961E+06   4.9849546E-03   6.0135890E-03   5.0027959E-03
   1.1594203E-01   1.4075906E+06   6.9976983E+05   2.1073604E+06   7.8405831E-03   6.7092106E-03   7.4648991E-03
   1.3043478E-01   1.1953717E+06   5.9591781E+05   1.7910369E+06   8.4428414E-03   9.3752664E-03   8.7465367E-03
   1.4492754E-01   1.0227172E+06   5.1306351E+05   1.5357807E+06   1.3130359E-02   1.6711059E-02   1.4325823E-02
   1.5942029E-01   8.7119053E+05   4.4596248E+05   1.3171530E+06   1.4474341E-02   1.6917697E-02   1.5295295E-02
   1.7391304E-01   7.2925841E+05   3.6889148E+05   1.0982130E+06   1.8543061E-02   1.9485963E-02   1.8749852E-02
   1.8840580E-01   6.1761368E+05   3.0565932E+05   9.2327301E+05   2.0385447E-02   1.4898262E-02   1.8498218E-02
   2.0289855E-01   5.1888726E+05   2.5806346E+05   7.7695072E+05   1.7246563E-02   1.6214597E-02   1.6644964E-02
   2.1739130E-01   4.5504614E+05   2.1933951E+05   6.7438565E+05   1.2041921E-02   1.9419871E-02   1.4354662E-02
   2.3188406E-01   3.9766968E+05   1.9393323E+05   5.9160292E+05   1.4513211E-02   1.9504619E-02   1.6015867E-02
   2.4637681E-01   3.3380530E+05   1.6505288E+05   4.9885817E+05   1.3715963E-02   1.1478386E-02   1.2971684E-02
   2.6086957E-01   2.7804727E+05   1.4157047E+05   4.1961774E+05   1.2477114E-02   1.1657888E-02   1.2110627E-02
   2.7536232E-01   2.2265494E+05   1.0831646E+05   3.3097141E+05   1.6838181E-02   1.1466626E-02   1.4898114E-02
   2.8985507E-01   1.7219566E+05   8.3767790E+04   2.5596345E+05   1.0252202E-02   1.1340264E-02   1.0458622E-02
   3.0434783E-01   1.1283060E+05   5.9139544E+04   1.7197014E+05   1.3602405E-02   2.0282770E-02   1.5686097E-02
   3.1884058E-01   5.2593814E+04   2.6589669E+04   7.9183483E+04   2.5626669E-02   2.6415226E-02   2.5886961E-02
   3.3333333E-01   1.5484184E+04   7.6103119E+03   2.3094496E+04   7.2353938E-02   8.0737075E-02   7.5093243E-02
   3.4782609E-01   8.4613930E+03   3.9149729E+03   1.2376366E+04   1.3956582E-01   1.2534622E-01   1.3504465E-01
   3.6231884E-01   1.0002124E+04   3.9402308E+03   1.3942355E+04   1.4855886E-01   1.6518761E-01   1.5325450E-01
   3.7681159E-01   9.7922895E+03   4.5172764E+03   1.4309566E+04   1.8227797E-01   1.7890541E-01   1.8121091E-01
   3.9130435E-01   8.9244543E+03   4.4902915E+03   1.3414746E+04   1.9536698E-01   1.9466119E-01   1.9513022E-01
   4.0579710E-01   9.4446465E+03   4.0322416E+03   1.3476888E+04   2.1210662E-01   1.5747181E-01   1.9575860E-01
   4.2028986E-01   8.2305881E+03   3.6057815E+03   1.1836370E+04   2.2897501E-01   2.1916715E-01   2.2597723E-01
   4.3478261E-01   6.8954038E+03   3.6371361E+03   1.0532540E+04   2.1806859E-01   2.0551333E-01   2.1373296E-01
   4.4927536E-01   5.9641210E+03   2.5176412E+03   8.4817622E+03   1.9804554E-01   2.1371800E-01   2.0269438E-01
   4.6376812E-01   5.0200055E+03   2.5100028E+03   7.5300083E+03   1.9451177E-01   2.1524161E-01   2.0141777E-01
   4.7826087E-01   3.7657217E+03   1.8598991E+03   5.6256208E+03   2.2080397E-01   2.0639809E-01   2.1604032E-01
   4.9275362E-01   3.9001153E+03   1.8720553E+03   5.7721706E+03   2.1845642E-01   2.1684793E-01   2.1793415E-01
   5.0724638E-01   3.3123918E+03   1.2556779E+03   4.5680697E+03   2.3928328E-01   2.4736736E-01   2.4150407E-01
   5.2173913E-01   2.4205477E+03   1.0313638E+03   3.4519116E+03   2.3006332E-01   2.3100843E-01   2.3034275E-01
   5.3623188E-01   2.3960863E+03   1.2287622E+03   3.6248485E+03   2.4147149E-01   2.3940704E-01   2.4076834E-01
   5.5072464E-01   2.0139843E+03   6.9791537E+02   2.7118997E+03   2.0233556E-01   1.9995929E-01   2.0172402E-01
   5.6521739E-01   1.5154734E+03   7.5773668E+02   2.2732101E+03   1.9393830E-01   2.5892317E-01   2.1559986E-01
   5.7971014E-01   1.4207563E+03   8.3351035E+02   2.2542666E+03   2.0296479E-01   1.8282040E-01   1.9551644E-01
   5.9420290E-01   1.1828085E+03   7.3925530E+02   1.9220638E+03   1.9485496E-01   2.4046835E-01   2.1239857E-01
   6.0869565E-01   1.2448531E+03   6.4948859E+02   1.8943417E+03   1.9959039E-01   2.2819683E-01   2.0939729E-01
   6.2318841E-01   9.5157630E+02   4.5816637E+02   1.4097427E+03   2.0012546E-01   2.0347857E-01   2.0121522E-01
   6.3768116E-01   8.0940055E+02   4.9941736E+02   1.3088179E+03   2.4135310E-01   2.5606530E-01   2.4696689E-01
   6.5217391E-01   8.7560683E+02   4.0412623E+02   1.2797331E+03   1.8485080E-01   2.8029966E-01   2.1497100E-01
   6.6666667E-01   6.5890146E+02   5.2712117E+02   1.1860226E+03   2.0495301E-01   2.4752745E-01   2.2387498E-01
   6.8115942E-01   9.3507931E+02   3.0631909E+02   1.2413984E+03   2.1677716E-01   2.0020806E-01   2.1268499E-01
   6.9565217E-01   4.1044070E+02   2.6836508E+02   6.7880578E+02   2.7112327E-01   1.4472532E-01   2.2114660E-01
   7.1014493E-01   4.7938443E+02   3.4020831E+02   8.1959274E+02   2.1695798E-01   2.5433713E-01   2.3247385E-01
   7.2463768E-01   4.8495148E+02   2.5763047E+02   7.4258195E+02   2.4221941E-01   2.1299445E-01   2.3208014E-01
   7.3913043E-01   5.0515779E+02   1.3371824E+02   6.3887603E+02   2.1169878E-01   1.4519460E-01   1.9777930E-01
   7.5362319E-01   5.5373065E+02   1.3114673E+02   6.8487739E+02   2.1847859E-01   2.3011937E-01   2.2070768E-01
   7.6811594E-01   3.2882913E+02   1.7156302E+02   5.0039215E+02   1.9882663E-01   2.3869381E-01   2.1249538E-01
   7.8260870E-01   3.5080402E+02   1.4032161E+02   4.9112563E+02   3.1478877E-01   3.0080191E-01   3.1079252E-01
   7.9710145E-01   3.3064873E+02   1.3777031E+02   4.6841904E+02   2.6858798E-01   2.0630675E-01   2.4965643E-01
   8.1159420E-01   2.1649620E+02   1.4884113E+02   3.6533733E+02   1.5638168E-01   2.6912610E-01   2.0231459E-01
   8.2608696E-01   2.2599164E+02   9.3055382E+01   3.1904702E+02   3.1193633E-01   2.0850634E-01   2.8176925E-01
   8.4057971E-01   1.0451540E+02   1.5677311E+02   2.6128851E+02   1.9890548E-01   1.8111326E-01   1.8823015E-01
   8.5507246E-01   2.1833091E+02   6.4214973E+01   2.8254588E+02   2.2295681E-01   3.7932734E-01   2.5849557E-01
   8.6956522E-01   2.3994995E+02   8.8402613E+01   3.2835256E+02   2.2246515E-01   2.6546665E-01   2.3404247E-01
   8.8405797E-01   1.1179722E+02   4.9687651E+01   1.6148487E+02   3.0019651E-01   1.0710852E-01   2.4078482E-01
   8.9855072E-01   1.8332339E+02   4.8886238E+01   2.3220963E+02   1.7967454E-01   9.1031483E-02   1.6101284E-01
   9.1304348E-01   3.6082699E+01   9.6220531E+01   1.3230323E+02   2.6373419E-01   2.5662135E-01   2.5856121E-01
   9.2753623E-01   8.2877450E+01   5.9198178E+01   1.4207563E+02   2.4282888E-01   1.6262277E-01   2.0940967E-01
   9.4202899E-01   1.5154734E+02   3.4972462E+01   1.8651980E+02   2.5505317E-01   1.4216461E-01   2.3388657E-01
   9.5652174E-01   1.0332773E+02   3.4442577E+01   1.3777031E+02   3.1711730E-01   2.6900112E-01   3.0508825E-01
   9.7101449E-01   6.7857016E+01   4.5238011E+01   1.1309503E+02   1.4078500E-01   2.0726923E-01   1.6737869E-01
   9.8550725E-01   2.2286373E+01   0.0000000E+00   2.2286373E+01   4.1301592E-01   0.0000000E+00   4.1301592E-01
   1.0000000E+00   4.3768184E+01   0.0000000E+00   4.3768184E+01   4.2640154E-01   0.0000000E+00   4.2640154E-01
