   0.0000000E+00   3.0485038E+10   1.5612322E+10   4.5860794E+10   2.5421101E-06   7.8892827E-06   2.7094710E-06
   1.4492754E-02   7.9944251E+07   3.8746108E+07   1.1867596E+08   1.0816135E-02   9.5376140E-03   1.0395944E-02
   2.8985507E-02   7.1497760E+07   3.4700930E+07   1.0617937E+08   2.1156020E-02   2.0281243E-02   2.0867591E-02
   4.3478261E-02   5.1257351E+07   2.4758541E+07   7.6000484E+07   2.2385577E-02   2.0381410E-02   2.1724022E-02
   5.7971014E-02   3.0313635E+07   1.4599502E+07   4.4907265E+07   2.1697475E-02   2.0111242E-02   2.1179227E-02
   7.2463768E-02   1.7505688E+07   8.4427021E+06   2.5943540E+07   1.5686517E-02   1.4727830E-02   1.5373704E-02
   8.6956522E-02   1.1670029E+07   5.5151865E+06   1.7184584E+07   9.3513952E-03   7.2635274E-03   8.6485692E-03
   1.0144928E-01   8.8164828E+06   4.1098555E+06   1.2925689E+07   5.0209105E-03   3.9281674E-03   4.6122400E-03
   1.1594203E-01   7.2155476E+06   3.3208757E+06   1.0536234E+07   3.9717543E-03   2.3813450E-03   3.4065559E-03
   1.3043478E-01   6.0385720E+06   2.7540361E+06   8.7926081E+06   3.5157679E-03   3.5537254E-03   3.4549848E-03
   1.4492754E-01   5.0643331E+06   2.3391331E+06   7.4029359E+06   3.6790238E-03   3.6418161E-03   3.6223089E-03
   1.5942029E-01   4.2500073E+06   1.9318152E+06   6.1815470E+06   4.9187306E-03   5.8036957E-03   5.0873952E-03
   1.7391304E-01   3.4890617E+06   1.5854377E+06   5.0743100E+06   4.7178247E-03   5.7130800E-03   5.0126823E-03
   1.8840580E-01   2.9076688E+06   1.3190447E+06   4.2266552E+06   4.8471322E-03   4.9547771E-03   4.8666856E-03
   2.0289855E-01   2.5231008E+06   1.1317880E+06   3.6545099E+06   4.6450710E-03   5.4658967E-03   4.7424996E-03
   2.1739130E-01   2.1899095E+06   9.7742981E+05   3.1672888E+06   5.6468891E-03   4.2300665E-03   4.9796512E-03
   2.3188406E-01   1.8728883E+06   8.3327356E+05   2.7061145E+06   5.2558472E-03   4.5010106E-03   5.0101125E-03
   2.4637681E-01   1.6051092E+06   7.1040043E+05   2.3153759E+06   4.4021326E-03   4.6256950E-03   4.4291574E-03
   2.6086957E-01   1.3440986E+06   5.9810682E+05   1.9420791E+06   3.8902355E-03   3.3135178E-03   3.5847428E-03
   2.7536232E-01   1.0945307E+06   4.7761340E+05   1.5721042E+06   4.8836731E-03   3.4272072E-03   4.4328647E-03
   2.8985507E-01   8.2074249E+05   3.5488598E+05   1.1756285E+06   4.7265361E-03   4.4227500E-03   4.6290091E-03
   3.0434783E-01   5.1821973E+05   2.2894473E+05   7.4716445E+05   1.0336681E-02   6.7919427E-03   9.1986645E-03
   3.1884058E-01   2.3186743E+05   9.9125735E+04   3.3099316E+05   2.0830441E-02   2.2466211E-02   2.1276661E-02
   3.3333333E-01   6.0421264E+04   2.6389004E+04   8.6810268E+04   5.9218917E-02   5.1550899E-02   5.6549213E-02
   3.4782609E-01   2.1595495E+04   8.9349784E+03   3.0530474E+04   1.0524855E-01   9.5091830E-02   1.0227597E-01
   3.6231884E-01   2.1822817E+04   9.3959349E+03   3.1218751E+04   1.2781021E-01   1.0511529E-01   1.2096896E-01
   3.7681159E-01   2.3606412E+04   8.8305467E+03   3.2436959E+04   1.4882002E-01   1.2674688E-01   1.4280491E-01
   3.9130435E-01   2.2704036E+04   9.0647759E+03   3.1768812E+04   1.4901105E-01   1.5725946E-01   1.5129774E-01
   4.0579710E-01   2.4193450E+04   9.4987706E+03   3.3692220E+04   1.6446580E-01   1.4942002E-01   1.6021786E-01
   4.2028986E-01   2.1686946E+04   8.8054228E+03   3.0492369E+04   1.6612944E-01   1.6046895E-01   1.6449479E-01
   4.3478261E-01   1.9549606E+04   8.5371666E+03   2.8086773E+04   1.7389662E-01   1.5776265E-01   1.6899223E-01
   4.4927536E-01   1.9676711E+04   7.3329357E+03   2.7009646E+04   1.8272760E-01   1.5500619E-01   1.7520137E-01
   4.6376812E-01   1.6125584E+04   6.4407618E+03   2.2566346E+04   1.7889298E-01   1.5029236E-01   1.7072991E-01
   4.7826087E-01   1.5545083E+04   5.6945060E+03   2.1239589E+04   1.6191643E-01   1.6034326E-01   1.6149414E-01
   4.9275362E-01   1.3661547E+04   5.3710159E+03   1.9032563E+04   1.5733978E-01   1.4396880E-01   1.5356647E-01
   5.0724638E-01   1.1539247E+04   4.2649751E+03   1.5804222E+04   1.7067549E-01   1.5308022E-01   1.6592684E-01
   5.2173913E-01   1.0292590E+04   4.2306965E+03   1.4523286E+04   1.5975376E-01   1.2586417E-01   1.4988123E-01
   5.3623188E-01   8.2941448E+03   3.5634104E+03   1.1857555E+04   1.5665248E-01   1.4000720E-01   1.5165015E-01
   5.5072464E-01   7.9562352E+03   2.8315423E+03   1.0787778E+04   1.5275586E-01   1.4988820E-01   1.5200315E-01
   5.6521739E-01   7.8299457E+03   2.7395096E+03   1.0569455E+04   1.5695793E-01   1.6175874E-01   1.5819982E-01
   5.7971014E-01   6.6491394E+03   2.3868706E+03   9.0360100E+03   1.3781393E-01   9.2529213E-02   1.2585187E-01
   5.9420290E-01   5.8401169E+03   2.3840983E+03   8.2242152E+03   1.3235573E-01   1.4312206E-01   1.3547676E-01
   6.0869565E-01   5.3221981E+03   1.9845485E+03   7.3067466E+03   1.3628750E-01   1.0825238E-01   1.2867302E-01
   6.2318841E-01   4.6873944E+03   1.7269348E+03   6.4143291E+03   1.3793834E-01   1.1381903E-01   1.3144468E-01
   6.3768116E-01   3.9264537E+03   1.6876863E+03   5.6141400E+03   1.4784226E-01   1.2129042E-01   1.3986042E-01
   6.5217391E-01   3.5361045E+03   1.3639260E+03   4.9000306E+03   1.4361779E-01   1.4353000E-01   1.4359335E-01
   6.6666667E-01   2.3885178E+03   9.8835220E+02   3.3768700E+03   1.6224168E-01   1.6302588E-01   1.6247120E-01
   6.8115942E-01   2.3376983E+03   7.0937051E+02   3.0470688E+03   2.0602341E-01   2.1802990E-01   2.0881844E-01
   6.9565217E-01   1.6575490E+03   5.2094397E+02   2.1784930E+03   1.8844949E-01   1.8067779E-01   1.8659104E-01
   7.1014493E-01   1.2216571E+03   6.1856056E+02   1.8402177E+03   2.6274654E-01   2.3722441E-01   2.5416767E-01
   7.2463768E-01   1.2881524E+03   3.4855887E+02   1.6367112E+03   2.4993313E-01   2.6998786E-01   2.5420257E-01
   7.3913043E-01   1.1440338E+03   3.1200922E+02   1.4560430E+03   2.8377625E-01   2.9640784E-01   2.8648302E-01
   7.5362319E-01   1.0054583E+03   2.9143719E+02   1.2968955E+03   3.2945932E-01   2.3589838E-01   3.0843439E-01
   7.6811594E-01   8.2922128E+02   1.5726610E+02   9.8648738E+02   3.2198975E-01   3.5665110E-01   3.2751547E-01
   7.8260870E-01   6.5951156E+02   3.0870754E+02   9.6821910E+02   2.9403897E-01   3.0570849E-01   2.9775968E-01
   7.9710145E-01   6.4752044E+02   1.5154734E+02   7.9906778E+02   3.5432324E-01   3.3103952E-01   3.4990736E-01
   8.1159420E-01   4.3299239E+02   2.0296518E+02   6.3595757E+02   3.2879880E-01   3.1693335E-01   3.2501195E-01
   8.2608696E-01   4.6527691E+02   2.1269802E+02   6.7797493E+02   3.6653775E-01   3.2370987E-01   3.5310155E-01
   8.4057971E-01   3.2661064E+02   9.1450979E+01   4.1806162E+02   3.0163630E-01   2.8397247E-01   2.9777234E-01
   8.5507246E-01   3.0823187E+02   7.7057968E+01   3.8528984E+02   3.6749800E-01   3.2476353E-01   3.5895110E-01
   8.6956522E-01   2.2732101E+02   3.7886834E+01   2.6520784E+02   3.5915362E-01   4.0397303E-01   3.6555640E-01
   8.8405797E-01   2.8570400E+02   6.2109564E+01   3.4781356E+02   3.9847537E-01   3.8581265E-01   3.9621417E-01
   8.9855072E-01   2.3220963E+02   7.3329357E+01   3.0553899E+02   3.6159641E-01   3.8270602E-01   3.6666272E-01
   9.1304348E-01   1.0824810E+02   3.6082699E+01   1.4433080E+02   3.9621101E-01   3.8106687E-01   3.9242498E-01
   9.2753623E-01   1.5391526E+02   5.9198178E+01   2.1311344E+02   4.0435149E-01   4.1245982E-01   4.0660380E-01
   9.4202899E-01   4.6629950E+01   4.6629950E+01   9.3259900E+01   4.1980548E-01   3.9123980E-01   4.0552264E-01
   9.5652174E-01   6.8885153E+01   2.2961718E+01   9.1846871E+01   4.1763821E-01   4.2062487E-01   4.1838487E-01
   9.7101449E-01   6.7857016E+01   3.3928508E+01   1.0178552E+02   4.2100687E-01   4.2276795E-01   4.2159390E-01
   9.8550725E-01   6.6859119E+01   0.0000000E+00   6.6859119E+01   4.2028285E-01   0.0000000E+00   4.2028285E-01
   1.0000000E+00   0.0000000E+00   2.1884092E+01   2.1884092E+01   0.0000000E+00   4.2808410E-01   4.2808410E-01
