   0.0000000E+00   6.5929153E+07   3.3267671E+07   9.9196825E+07   2.8855984E-04   7.2976238E-04   3.7318549E-04
   1.4492754E-02   6.6091309E+07   3.3003979E+07   9.9089226E+07   1.6202859E-04   2.6266586E-04   4.2700724E-05
   2.8985507E-02   6.9362079E+07   3.4973716E+07   1.0431799E+08   6.4783330E-05   1.0158975E-04   1.8200272E-05
   4.3478261E-02   7.4504712E+07   3.7029834E+07   1.1151434E+08   1.0955221E-04   8.4848264E-05   4.8060619E-05
   5.7971014E-02   7.7033027E+07   3.8735689E+07   1.1573878E+08   5.2930094E-05   6.3317177E-05   4.6976427E-05
   7.2463768E-02   7.7288536E+07   3.8759898E+07   1.1599403E+08   3.9022581E-05   9.1775908E-05   4.0190604E-05
   8.6956522E-02   7.4861353E+07   3.7574394E+07   1.1238687E+08   1.8728193E-04   1.0427916E-04   9.1468016E-05
   1.0144928E-01   7.0965721E+07   3.5533412E+07   1.0644847E+08   1.7384467E-05   1.2443334E-04   4.8009530E-05
   1.1594203E-01   6.6907202E+07   3.3508063E+07   1.0036147E+08   2.5071119E-05   1.4623934E-04   4.5325373E-05
   1.3043478E-01   6.3690631E+07   3.1800020E+07   9.5434157E+07   8.6126047E-05   1.1688220E-04   9.6295265E-05
   1.4492754E-01   6.2048178E+07   3.1199202E+07   9.3176986E+07   4.6666156E-05   5.0192726E-05   4.8902628E-05
   1.5942029E-01   5.3622752E+07   2.6840755E+07   8.0414117E+07   4.6384009E-05   5.2302531E-05   4.6711543E-05
   1.7391304E-01   1.6834510E+07   8.3884608E+06   2.5217603E+07   4.8034249E-04   6.8366381E-04   5.3203448E-04
   1.8840580E-01   4.5572033E+06   2.2716363E+06   6.8280818E+06   1.7897552E-03   1.0124946E-03   1.4972554E-03
   2.0289855E-01   3.0947049E+06   1.5331719E+06   4.6276062E+06   1.4274593E-03   1.4811762E-03   1.4152935E-03
   2.1739130E-01   2.7006241E+06   1.3426589E+06   4.0430304E+06   1.5046211E-03   3.1180560E-04   1.1012205E-03
   2.3188406E-01   2.5775360E+06   1.2822799E+06   3.8596739E+06   1.0771211E-03   1.3541589E-03   1.1493404E-03
   2.4637681E-01   2.5024923E+06   1.2455408E+06   3.7478548E+06   1.8474929E-03   6.3006582E-04   1.3976185E-03
   2.6086957E-01   2.5003627E+06   1.2461822E+06   3.7464606E+06   8.2245973E-04   1.4608601E-03   1.0350993E-03
   2.7536232E-01   2.5293649E+06   1.2627084E+06   3.7919138E+06   4.9299219E-04   1.0041528E-03   6.6225061E-04
   2.8985507E-01   2.4897333E+06   1.2320420E+06   3.7214343E+06   7.6768784E-04   8.9210565E-04   8.0958847E-04
   3.0434783E-01   2.1846270E+06   1.0803160E+06   3.2646544E+06   8.1086586E-04   6.0026340E-04   7.4426205E-04
   3.1884058E-01   1.2241581E+06   6.0632712E+05   1.8304163E+06   1.2406770E-03   1.4805316E-03   1.3193861E-03
   3.3333333E-01   1.3069311E+05   6.4638234E+04   1.9533134E+05   1.2795124E-02   1.0770097E-02   1.2113149E-02
   3.4782609E-01   1.3355109E+04   6.6617683E+03   2.0016877E+04   9.6033276E-02   8.5455943E-02   9.1711253E-02
   3.6231884E-01   1.5063805E+04   6.8802491E+03   2.1944054E+04   1.0042899E-01   1.1219399E-01   1.0407216E-01
   3.7681159E-01   1.3901554E+04   7.0236362E+03   2.0925190E+04   1.0748561E-01   1.1968929E-01   1.1155637E-01
   3.9130435E-01   1.4060225E+04   6.7073729E+03   2.0767598E+04   1.1254702E-01   1.2273257E-01   1.1583450E-01
   4.0579710E-01   1.2692089E+04   6.1160175E+03   1.8808107E+04   1.2550327E-01   1.2975880E-01   1.2683886E-01
   4.2028986E-01   1.0660571E+04   4.8860952E+03   1.5546666E+04   1.3596740E-01   1.3280936E-01   1.3484867E-01
   4.3478261E-01   9.0928402E+03   4.7737411E+03   1.3866581E+04   1.6345245E-01   1.6603592E-01   1.6422961E-01
   4.4927536E-01   7.5773668E+03   4.1064440E+03   1.1683811E+04   1.4618965E-01   1.3522509E-01   1.4231225E-01
   4.6376812E-01   7.0564229E+03   2.9835882E+03   1.0040011E+04   1.4935113E-01   1.4372831E-01   1.4764534E-01
   4.7826087E-01   5.4419271E+03   2.4798655E+03   7.9217926E+03   1.6639396E-01   1.5700975E-01   1.6340945E-01
   4.9275362E-01   4.7469975E+03   2.0057736E+03   6.7527710E+03   1.3442237E-01   1.6647044E-01   1.4394154E-01
   5.0724638E-01   3.7237346E+03   1.7752688E+03   5.4990034E+03   1.5689999E-01   1.5745894E-01   1.5691523E-01
   5.2173913E-01   3.2835256E+03   1.4733769E+03   4.7569025E+03   1.9825012E-01   1.6356736E-01   1.8739905E-01
   5.3623188E-01   2.7851943E+03   1.4949940E+03   4.2801883E+03   1.5915358E-01   1.8884996E-01   1.6951644E-01
   5.5072464E-01   1.9940439E+03   9.1726020E+02   2.9113041E+03   1.8138738E-01   1.8746646E-01   1.8325097E-01
   5.6521739E-01   1.5543317E+03   7.9659498E+02   2.3509266E+03   1.7039683E-01   2.0255445E-01   1.8127009E-01
   5.7971014E-01   1.4586431E+03   6.0618935E+02   2.0648325E+03   1.7414125E-01   1.6976039E-01   1.7284801E-01
   5.9420290E-01   1.2567340E+03   4.9899733E+02   1.7557313E+03   1.6019768E-01   3.2155593E-01   2.0603637E-01
   6.0869565E-01   1.2268118E+03   5.5928184E+02   1.7860936E+03   2.5573324E-01   2.4336747E-01   2.5181669E-01
   6.2318841E-01   7.2249312E+02   4.5816637E+02   1.1806595E+03   2.0977498E-01   2.5872361E-01   2.2867678E-01
   6.3768116E-01   7.4051540E+02   5.5108122E+02   1.2915966E+03   2.3400837E-01   2.9657986E-01   2.6066212E-01
   6.5217391E-01   6.7354372E+02   3.3677186E+02   1.0103156E+03   3.0401156E-01   2.6001684E-01   2.8933739E-01
   6.6666667E-01   6.0948385E+02   1.4825283E+02   7.5773668E+02   2.6395667E-01   2.8091741E-01   2.6727501E-01
   6.8115942E-01   3.2244114E+02   2.7407497E+02   5.9651611E+02   3.2718215E-01   2.7427508E-01   3.0285015E-01
   6.9565217E-01   4.7358543E+02   1.7364799E+02   6.4723342E+02   2.7006712E-01   3.2824948E-01   2.8553719E-01
   7.1014493E-01   3.4020831E+02   2.0103218E+02   5.4124049E+02   3.3382220E-01   3.0805456E-01   3.2381991E-01
   7.2463768E-01   3.6371361E+02   1.2123787E+02   4.8495148E+02   2.8778160E-01   3.3370859E-01   2.9737285E-01
   7.3913043E-01   2.0800615E+02   1.3371824E+02   3.4172439E+02   2.9798588E-01   2.7282597E-01   2.8784975E-01
   7.5362319E-01   1.7486231E+02   1.3114673E+02   3.0600905E+02   3.1732353E-01   3.3688895E-01   3.2425038E-01
   7.6811594E-01   2.5734453E+02   1.8585994E+02   4.4320448E+02   3.3001826E-01   2.7367308E-01   3.0609726E-01
   7.8260870E-01   2.2451457E+02   1.2628945E+02   3.5080402E+02   3.5434944E-01   3.4399518E-01   3.5044773E-01
   7.9710145E-01   2.4798655E+02   1.2399328E+02   3.7197983E+02   3.4399574E-01   3.0741516E-01   3.3179782E-01
   8.1159420E-01   1.6237215E+02   9.4717086E+01   2.5708923E+02   3.3334298E-01   2.8820277E-01   3.1669670E-01
   8.2608696E-01   2.3928527E+02   6.6468130E+01   3.0575340E+02   3.3882507E-01   3.4061402E-01   3.3787106E-01
   8.4057971E-01   1.5677311E+02   9.1450979E+01   2.4822409E+02   2.7249981E-01   3.7567944E-01   3.0981556E-01
   8.5507246E-01   1.2842995E+02   1.0274396E+02   2.3117390E+02   3.3299913E-01   3.7893101E-01   3.5336550E-01
   8.6956522E-01   1.0103156E+02   7.5773668E+01   1.7680523E+02   3.5272376E-01   3.0893145E-01   3.3280899E-01
   8.8405797E-01   1.6148487E+02   7.4531477E+01   2.3601634E+02   2.5725007E-01   2.4927928E-01   2.5423118E-01
   8.9855072E-01   1.0999403E+02   8.5550916E+01   1.9554495E+02   2.3913356E-01   2.8225254E-01   2.5769136E-01
   9.1304348E-01   8.4192965E+01   2.4055133E+01   1.0824810E+02   3.9082790E-01   2.0970938E-01   3.5057705E-01
   9.2753623E-01   7.1037814E+01   3.5518907E+01   1.0655672E+02   2.4890290E-01   1.2507768E-01   2.0684045E-01
   9.4202899E-01   8.1602412E+01   4.6629950E+01   1.2823236E+02   2.7779128E-01   1.9129122E-01   2.4607014E-01
   9.5652174E-01   1.2628945E+02   2.2961718E+01   1.4925117E+02   3.6248922E-01   3.8157958E-06   3.0672151E-01
   9.7101449E-01   7.9166519E+01   1.1309503E+01   9.0476022E+01   2.3400731E-01   4.1192967E-01   2.5550380E-01
   9.8550725E-01   2.2286373E+01   2.2286373E+01   4.4572746E+01   4.1334161E-01   2.1427701E-01   3.1246107E-01
   1.0000000E+00   0.0000000E+00   0.0000000E+00   0.0000000E+00   0.0000000E+00   0.0000000E+00   0.0000000E+00
