   0.0000000E+00   0.0000000E+00   0.0000000E+00   5.8650886E+10   0.0000000E+00   0.0000000E+00   1.8464105E-06
   1.4492754E-02   0.0000000E+00   0.0000000E+00   1.6977090E+07   0.0000000E+00   0.0000000E+00   2.7521864E-03
   2.8985507E-02   0.0000000E+00   0.0000000E+00   1.3601752E+07   0.0000000E+00   0.0000000E+00   6.5978854E-03
   4.3478261E-02   0.0000000E+00   0.0000000E+00   1.1953549E+07   0.0000000E+00   0.0000000E+00   1.0330224E-02
   5.7971014E-02   0.0000000E+00   0.0000000E+00   1.0496737E+07   0.0000000E+00   0.0000000E+00   1.3653751E-02
   7.2463768E-02   0.0000000E+00   0.0000000E+00   9.0551049E+06   0.0000000E+00   0.0000000E+00   1.8101216E-02
   8.6956522E-02   0.0000000E+00   0.0000000E+00   7.6094444E+06   0.0000000E+00   0.0000000E+00   2.3609876E-02
   1.0144928E-01   0.0000000E+00   0.0000000E+00   6.3133538E+06   0.0000000E+00   0.0000000E+00   2.9387703E-02
   1.1594203E-01   0.0000000E+00   0.0000000E+00   5.1845291E+06   0.0000000E+00   0.0000000E+00   3.3025241E-02
   1.3043478E-01   0.0000000E+00   0.0000000E+00   4.1544177E+06   0.0000000E+00   0.0000000E+00   3.7707975E-02
   1.4492754E-01   0.0000000E+00   0.0000000E+00   3.2809241E+06   0.0000000E+00   0.0000000E+00   4.4331241E-02
   1.5942029E-01   0.0000000E+00   0.0000000E+00   2.4523803E+06   0.0000000E+00   0.0000000E+00   5.0202953E-02
   1.7391304E-01   0.0000000E+00   0.0000000E+00   1.6687888E+06   0.0000000E+00   0.0000000E+00   5.6611025E-02
   1.8840580E-01   0.0000000E+00   0.0000000E+00   1.0857784E+06   0.0000000E+00   0.0000000E+00   6.2077984E-02
   2.0289855E-01   0.0000000E+00   0.0000000E+00   7.2742722E+05   0.0000000E+00   0.0000000E+00   6.4540426E-02
   2.1739130E-01   0.0000000E+00   0.0000000E+00   4.9742888E+05   0.0000000E+00   0.0000000E+00   6.3468631E-02
   2.3188406E-01   0.0000000E+00   0.0000000E+00   3.3965547E+05   0.0000000E+00   0.0000000E+00   6.3518194E-02
   2.4637681E-01   0.0000000E+00   0.0000000E+00   2.3868706E+05   0.0000000E+00   0.0000000E+00   6.3531784E-02
   2.6086957E-01   0.0000000E+00   0.0000000E+00   1.7377428E+05   0.0000000E+00   0.0000000E+00   5.9065715E-02
   2.7536232E-01   0.0000000E+00   0.0000000E+00   1.2179620E+05   0.0000000E+00   0.0000000E+00   6.2523471E-02
   2.8985507E-01   0.0000000E+00   0.0000000E+00   8.0850504E+04   0.0000000E+00   0.0000000E+00   6.7433828E-02
   3.0434783E-01   0.0000000E+00   0.0000000E+00   4.9974538E+04   0.0000000E+00   0.0000000E+00   7.3170212E-02
   3.1884058E-01   0.0000000E+00   0.0000000E+00   2.1561053E+04   0.0000000E+00   0.0000000E+00   8.2618286E-02
   3.3333333E-01   0.0000000E+00   0.0000000E+00   3.7557383E+03   0.0000000E+00   0.0000000E+00   5.3434696E-02
   3.4782609E-01   0.0000000E+00   0.0000000E+00   2.8415126E+02   0.0000000E+00   0.0000000E+00   9.8111660E-03
   3.6231884E-01   0.0000000E+00   0.0000000E+00   3.6371361E+02   0.0000000E+00   0.0000000E+00   3.6412383E-02
   3.7681159E-01   0.0000000E+00   0.0000000E+00   3.2058090E+02   0.0000000E+00   0.0000000E+00   6.3134747E-02
   3.9130435E-01   0.0000000E+00   0.0000000E+00   1.6838593E+02   0.0000000E+00   0.0000000E+00   4.8820486E-02
   4.0579710E-01   0.0000000E+00   0.0000000E+00   1.8943417E+02   0.0000000E+00   0.0000000E+00   8.9722909E-02
   4.2028986E-01   0.0000000E+00   0.0000000E+00   2.0903081E+02   0.0000000E+00   0.0000000E+00   1.5937999E-01
   4.3478261E-01   0.0000000E+00   0.0000000E+00   1.2628945E+02   0.0000000E+00   0.0000000E+00   1.6369644E-01
   4.4927536E-01   0.0000000E+00   0.0000000E+00   1.2221559E+02   0.0000000E+00   0.0000000E+00   1.3921177E-01
   4.6376812E-01   0.0000000E+00   0.0000000E+00   1.6575490E+02   0.0000000E+00   0.0000000E+00   1.0001738E-01
   4.7826087E-01   0.0000000E+00   0.0000000E+00   2.2961718E+02   0.0000000E+00   0.0000000E+00   7.4094496E-02
   4.9275362E-01   0.0000000E+00   0.0000000E+00   2.0057736E+02   0.0000000E+00   0.0000000E+00   1.1737283E-01
   5.0724638E-01   0.0000000E+00   0.0000000E+00   1.5154734E+02   0.0000000E+00   0.0000000E+00   1.3176860E-01
   5.2173913E-01   0.0000000E+00   0.0000000E+00   1.6838593E+02   0.0000000E+00   0.0000000E+00   9.5793490E-02
   5.3623188E-01   0.0000000E+00   0.0000000E+00   1.8431433E+02   0.0000000E+00   0.0000000E+00   9.2744154E-02
   5.5072464E-01   0.0000000E+00   0.0000000E+00   2.7916615E+02   0.0000000E+00   0.0000000E+00   1.0628785E-01
   5.6521739E-01   0.0000000E+00   0.0000000E+00   3.1086633E+02   0.0000000E+00   0.0000000E+00   6.8709696E-02
   5.7971014E-01   0.0000000E+00   0.0000000E+00   2.4626442E+02   0.0000000E+00   0.0000000E+00   7.7824563E-02
   5.9420290E-01   0.0000000E+00   0.0000000E+00   3.5114627E+02   0.0000000E+00   0.0000000E+00   1.6524847E-01
   6.0869565E-01   0.0000000E+00   0.0000000E+00   3.6082699E+02   0.0000000E+00   0.0000000E+00   2.1126388E-01
   6.2318841E-01   0.0000000E+00   0.0000000E+00   2.2908318E+02   0.0000000E+00   0.0000000E+00   2.1425962E-01
   6.3768116E-01   0.0000000E+00   0.0000000E+00   2.4109804E+02   0.0000000E+00   0.0000000E+00   2.0309170E-01
   6.5217391E-01   0.0000000E+00   0.0000000E+00   2.1890171E+02   0.0000000E+00   0.0000000E+00   2.9271871E-01
   6.6666667E-01   0.0000000E+00   0.0000000E+00   1.6472537E+02   0.0000000E+00   0.0000000E+00   2.4253359E-01
   6.8115942E-01   0.0000000E+00   0.0000000E+00   9.6732343E+01   0.0000000E+00   0.0000000E+00   1.6815009E-01
   6.9565217E-01   0.0000000E+00   0.0000000E+00   9.4717086E+01   0.0000000E+00   0.0000000E+00   1.8107185E-01
   7.1014493E-01   0.0000000E+00   0.0000000E+00   1.7010415E+02   0.0000000E+00   0.0000000E+00   1.5711282E-01
   7.2463768E-01   0.0000000E+00   0.0000000E+00   1.3639260E+02   0.0000000E+00   0.0000000E+00   1.8682883E-01
   7.3913043E-01   0.0000000E+00   0.0000000E+00   1.6343340E+02   0.0000000E+00   0.0000000E+00   1.5813329E-01
   7.5362319E-01   0.0000000E+00   0.0000000E+00   1.8943417E+02   0.0000000E+00   0.0000000E+00   1.7428430E-01
   7.6811594E-01   0.0000000E+00   0.0000000E+00   1.4296919E+02   0.0000000E+00   0.0000000E+00   2.2895284E-01
   7.8260870E-01   0.0000000E+00   0.0000000E+00   9.8225126E+01   0.0000000E+00   0.0000000E+00   1.4913539E-01
   7.9710145E-01   0.0000000E+00   0.0000000E+00   6.8885153E+01   0.0000000E+00   0.0000000E+00   1.4493258E-01
   8.1159420E-01   0.0000000E+00   0.0000000E+00   8.1186073E+01   0.0000000E+00   0.0000000E+00   2.4927429E-01
   8.2608696E-01   0.0000000E+00   0.0000000E+00   1.0634901E+02   0.0000000E+00   0.0000000E+00   1.9111717E-01
   8.4057971E-01   0.0000000E+00   0.0000000E+00   1.0451540E+02   0.0000000E+00   0.0000000E+00   1.8755620E-01
   8.5507246E-01   0.0000000E+00   0.0000000E+00   1.0274396E+02   0.0000000E+00   0.0000000E+00   2.1916722E-01
   8.6956522E-01   0.0000000E+00   0.0000000E+00   1.0103156E+02   0.0000000E+00   0.0000000E+00   2.0788910E-01
   8.8405797E-01   0.0000000E+00   0.0000000E+00   7.4531477E+01   0.0000000E+00   0.0000000E+00   2.3244153E-01
   8.9855072E-01   0.0000000E+00   0.0000000E+00   6.1107797E+01   0.0000000E+00   0.0000000E+00   2.2020552E-01
   9.1304348E-01   0.0000000E+00   0.0000000E+00   3.6082699E+01   0.0000000E+00   0.0000000E+00   2.3732212E-01
   9.2753623E-01   0.0000000E+00   0.0000000E+00   4.7358543E+01   0.0000000E+00   0.0000000E+00   2.8957375E-01
   9.4202899E-01   0.0000000E+00   0.0000000E+00   8.1602412E+01   0.0000000E+00   0.0000000E+00   2.2792408E-01
   9.5652174E-01   0.0000000E+00   0.0000000E+00   5.7404294E+01   0.0000000E+00   0.0000000E+00   2.3909221E-01
   9.7101449E-01   0.0000000E+00   0.0000000E+00   4.5238011E+01   0.0000000E+00   0.0000000E+00   3.0911339E-01
   9.8550725E-01   0.0000000E+00   0.0000000E+00   3.3429560E+01   0.0000000E+00   0.0000000E+00   2.7788442E-01
   1.0000000E+00   0.0000000E+00   0.0000000E+00   0.0000000E+00   0.0000000E+00   0.0000000E+00   0.0000000E+00
