   0.0000000E+00   5.6272557E+07   3.1115699E+07   8.7388256E+07   2.9736476E-04   1.8555654E-03   8.4244238E-04
   1.4492754E-02   5.6499120E+07   3.1118730E+07   8.7614820E+07   7.6336628E-04   4.6526532E-04   6.5579410E-04
   2.8985507E-02   5.8581002E+07   3.2426963E+07   9.1001145E+07   3.7133245E-04   1.7568394E-04   2.2250896E-04
   4.3478261E-02   6.1783829E+07   3.4049908E+07   9.5821613E+07   1.0557229E-04   1.4736191E-04   2.9301514E-05
   5.7971014E-02   6.3463099E+07   3.5005730E+07   9.8451591E+07   2.0102956E-04   2.1078205E-04   1.9067376E-04
   7.2463768E-02   6.3418317E+07   3.5058506E+07   9.8456061E+07   7.0531435E-05   3.6647018E-04   1.1947366E-04
   8.6956522E-02   6.2286461E+07   3.4020735E+07   9.6284590E+07   1.3630719E-04   2.8737599E-04   5.5815475E-05
   1.0144928E-01   5.9740501E+07   3.2488393E+07   9.2202049E+07   1.2150800E-04   2.2183621E-04   1.4814727E-04
   1.1594203E-01   5.6949027E+07   3.0533379E+07   8.7453990E+07   8.2356322E-05   2.1456437E-04   1.2714744E-04
   1.3043478E-01   5.4352958E+07   2.9096752E+07   8.3418811E+07   2.7603335E-04   8.1594691E-05   1.5153405E-04
   1.4492754E-01   5.2720288E+07   2.8059217E+07   8.0745709E+07   7.4028845E-05   5.5752913E-05   3.6987410E-05
   1.5942029E-01   4.6217736E+07   2.4203970E+07   7.0397113E+07   1.6533121E-04   2.9962656E-04   8.3816957E-05
   1.7391304E-01   2.0793179E+07   9.8472302E+06   3.0634789E+07   5.5102384E-04   5.1509755E-04   5.3876322E-04
   1.8840580E-01   1.1214969E+07   4.5310905E+06   1.5743553E+07   1.4313729E-03   2.1634520E-03   1.6318093E-03
   2.0289855E-01   9.1299152E+06   3.4912718E+06   1.2619563E+07   1.7203949E-03   1.8810026E-03   1.7488156E-03
   2.1739130E-01   7.9930612E+06   2.9637102E+06   1.0955610E+07   8.7409060E-04   1.5017659E-03   9.4949444E-04
   2.3188406E-01   7.2243089E+06   2.6490948E+06   9.8722671E+06   1.2828647E-03   1.4187447E-03   1.2087604E-03
   2.4637681E-01   6.5638717E+06   2.3866923E+06   8.9498063E+06   1.4199500E-03   1.4954306E-03   1.4293215E-03
   2.6086957E-01   5.9178393E+06   2.1961735E+06   8.1134234E+06   8.5173081E-04   6.4517536E-04   7.3306775E-04
   2.7536232E-01   5.4009876E+06   2.0007040E+06   7.4011332E+06   1.5428526E-03   1.2406799E-03   1.4075552E-03
   2.8985507E-01   4.7946925E+06   1.8280776E+06   6.6223534E+06   1.9301028E-03   1.1393454E-03   1.6440669E-03
   3.0434783E-01   3.8896428E+06   1.5228342E+06   5.4120801E+06   2.5213523E-03   1.0106074E-03   2.0917050E-03
   3.1884058E-01   2.2450016E+06   8.7522031E+05   3.1201186E+06   4.0361928E-03   2.2994674E-03   3.5377602E-03
   3.3333333E-01   3.9833888E+05   1.3214269E+05   5.3044862E+05   3.0565294E-02   1.4627406E-02   2.6518133E-02
   3.4782609E-01   1.3440354E+05   3.3150980E+04   1.6755452E+05   1.2009679E-01   7.5521781E-02   1.1127717E-01
   3.6231884E-01   1.2435974E+05   3.2249273E+04   1.5660902E+05   1.2880967E-01   8.4469495E-02   1.1961130E-01
   3.7681159E-01   1.0083727E+05   2.3460693E+04   1.2429796E+05   1.3120114E-01   8.4146146E-02   1.2230864E-01
   3.9130435E-01   8.2677492E+04   1.8410195E+04   1.0108769E+05   1.3709200E-01   8.3253470E-02   1.2728663E-01
   4.0579710E-01   6.6301960E+04   1.5208858E+04   8.1510818E+04   1.3479967E-01   7.3228710E-02   1.2330234E-01
   4.2028986E-01   4.9618688E+04   1.1130891E+04   6.0749579E+04   1.3212332E-01   7.5345111E-02   1.2171409E-01
   4.3478261E-01   4.1372423E+04   9.5222243E+03   5.0894647E+04   1.4056041E-01   7.9541117E-02   1.2914049E-01
   4.4927536E-01   3.3707061E+04   7.1862769E+03   4.0893338E+04   1.3819317E-01   9.5835879E-02   1.3070737E-01
   4.6376812E-01   2.6662860E+04   5.8014215E+03   3.2464281E+04   1.4728591E-01   7.0159239E-02   1.3350156E-01
   4.7826087E-01   2.1193665E+04   4.4775350E+03   2.5671200E+04   1.4242191E-01   8.1399693E-02   1.3177850E-01
   4.9275362E-01   1.7784526E+04   3.2538105E+03   2.1038336E+04   1.4608890E-01   1.0971425E-01   1.4043625E-01
   5.0724638E-01   1.4743391E+04   2.7495017E+03   1.7492893E+04   1.4293158E-01   8.9857810E-02   1.3455096E-01
   5.2173913E-01   1.2607896E+04   2.4836925E+03   1.5091589E+04   1.4931469E-01   9.7456601E-02   1.4077480E-01
   5.3623188E-01   9.4819482E+03   2.5394419E+03   1.2021390E+04   1.5748001E-01   8.4803261E-02   1.4212040E-01
   5.5072464E-01   7.9562352E+03   1.4556521E+03   9.4118872E+03   1.6315340E-01   6.8187078E-02   1.4843084E-01
   5.6521739E-01   5.6150231E+03   1.0491739E+03   6.6641970E+03   1.7534778E-01   1.3419626E-01   1.6885405E-01
   5.7971014E-01   5.0010621E+03   7.9562352E+02   5.7966856E+03   1.7891484E-01   1.2420634E-01   1.7130544E-01
   5.9420290E-01   4.2322366E+03   7.2077392E+02   4.9530105E+03   1.7593688E-01   1.0266922E-01   1.6503099E-01
   6.0869565E-01   3.6623940E+03   4.5103374E+02   4.1134277E+03   2.0602459E-01   1.5612963E-01   2.0055135E-01
   6.2318841E-01   2.8371071E+03   4.7578815E+02   3.3128953E+03   2.2195303E-01   1.6417101E-01   2.1326694E-01
   6.3768116E-01   2.3937591E+03   4.1331092E+02   2.8070700E+03   2.2212506E-01   1.2565352E-01   2.0792054E-01
   6.5217391E-01   1.8690838E+03   1.5154734E+02   2.0206312E+03   2.4132380E-01   2.3628020E-01   2.4081213E-01
   6.6666667E-01   1.4001656E+03   2.9650566E+02   1.6966713E+03   2.3999580E-01   2.1221213E-01   2.3513712E-01
   6.8115942E-01   1.3703749E+03   2.2570880E+02   1.5960837E+03   2.4318759E-01   2.4275650E-01   2.4312440E-01
   6.9565217E-01   1.2628945E+03   9.4717086E+01   1.3576116E+03   2.3225998E-01   2.2482281E-01   2.3171838E-01
   7.1014493E-01   1.0515529E+03   7.7320070E+01   1.1288730E+03   2.5259803E-01   6.7981046E-02   2.3994927E-01
   7.2463768E-01   8.7897455E+02   6.0618935E+01   9.3959349E+02   2.9298075E-01   1.0715034E-01   2.8079211E-01
   7.3913043E-01   8.4688218E+02   7.4287910E+01   9.2117009E+02   2.4010158E-01   1.6462086E-01   2.3359596E-01
   7.5362319E-01   7.7230854E+02   1.0200302E+02   8.7431156E+02   2.1110429E-01   1.5877143E-01   2.0499148E-01
   7.6811594E-01   7.1484593E+02   8.5781511E+01   8.0062744E+02   2.4613796E-01   1.9208840E-01   2.3957846E-01
   7.8260870E-01   4.7709347E+02   8.4192965E+01   5.6128643E+02   2.4099794E-01   9.4950986E-02   2.1903375E-01
   7.9710145E-01   5.6485826E+02   1.3777031E+01   5.7863529E+02   2.6437974E-01   4.4230121E-05   2.5808602E-01
   8.1159420E-01   4.3299239E+02   6.7655061E+01   5.0064745E+02   1.8324978E-01   6.7866998E-02   1.6758939E-01
   8.2608696E-01   4.6527691E+02   1.3293626E+01   4.7857054E+02   1.7161149E-01   2.5339383E-06   1.6684443E-01
   8.4057971E-01   4.4419047E+02   1.0451540E+02   5.4870587E+02   1.2106213E-01   1.0286775E-01   1.1722686E-01
   8.5507246E-01   4.3666182E+02   2.5685989E+01   4.6234781E+02   1.0199595E-01   3.8097478E-06   9.6329305E-02
   8.6956522E-01   3.7886834E+02   3.7886834E+01   4.1675518E+02   1.3907636E-01   1.7600032E-05   1.2643147E-01
   8.8405797E-01   5.2172034E+02   3.7265739E+01   5.5898608E+02   1.2005396E-01   2.2921368E-01   1.2695382E-01
   8.9855072E-01   2.8109587E+02   1.2221559E+01   2.9331743E+02   4.8087631E-02   1.9028762E-05   4.6083192E-02
   9.1304348E-01   2.0446863E+02   3.6082699E+01   2.4055133E+02   1.1588800E-01   1.3249486E-01   1.1837144E-01
   9.2753623E-01   2.2495308E+02   0.0000000E+00   2.2495308E+02   1.2473436E-01   0.0000000E+00   1.2473436E-01
   9.4202899E-01   1.1657487E+02   1.1657487E+01   1.2823236E+02   7.8798777E-02   1.9025993E-06   7.1635424E-02
   9.5652174E-01   1.6073202E+02   0.0000000E+00   1.6073202E+02   8.2837051E-02   0.0000000E+00   8.2837051E-02
   9.7101449E-01   1.4702354E+02   1.1309503E+01   1.5833304E+02   1.5615448E-01   7.0842786E-05   1.4499555E-01
   9.8550725E-01   1.0028868E+02   0.0000000E+00   1.0028868E+02   4.5472895E-02   0.0000000E+00   4.5472895E-02
   1.0000000E+00   2.1884092E+01   2.1884092E+01   4.3768184E+01   1.4798731E-06   7.4282113E-06   4.4537626E-06
