   0.0000000E+00   3.3881862E+10   1.7105190E+10   5.0581051E+10   7.1012665E-07   1.1166644E-06   4.7572354E-07
   1.4492754E-02   1.9317739E+07   9.6937254E+06   2.9008433E+07   1.9366672E-04   6.8820460E-04   3.5573312E-04
   2.8985507E-02   2.0926414E+07   1.0351820E+07   3.1275203E+07   6.1027947E-05   9.2115081E-05   2.3983672E-05
   4.3478261E-02   1.6824785E+07   8.3777894E+06   2.5202322E+07   2.3287695E-04   2.4354171E-04   1.2847151E-04
   5.7971014E-02   1.1703622E+07   5.7125769E+06   1.7414873E+07   5.1275105E-04   4.8337253E-04   3.8187274E-04
   7.2463768E-02   9.0541956E+06   4.4435195E+06   1.3496503E+07   3.2051850E-04   8.1716525E-04   2.3375330E-04
   8.6956522E-02   7.6449317E+06   3.7905778E+06   1.1434373E+07   3.1723832E-04   7.4238971E-04   4.4002730E-04
   1.0144928E-01   6.6950366E+06   3.3010257E+06   9.9948716E+06   5.4429039E-04   7.0456955E-04   5.5207261E-04
   1.1594203E-01   6.0511904E+06   2.9738323E+06   9.0239809E+06   6.2012599E-04   4.0700168E-04   5.3813938E-04
   1.3043478E-01   5.5079880E+06   2.7169912E+06   8.2243898E+06   6.9700075E-04   7.2196850E-04   6.4273777E-04
   1.4492754E-01   5.1075241E+06   2.5125033E+06   7.6186635E+06   1.4016752E-03   5.8177094E-04   1.1253850E-03
   1.5942029E-01   4.6170274E+06   2.2674926E+06   6.8839689E+06   1.3109764E-03   1.0237331E-03   1.2191371E-03
   1.7391304E-01   4.1206352E+06   2.0126118E+06   6.1324261E+06   1.2497132E-03   1.4794318E-03   1.3150810E-03
   1.8840580E-01   3.5643351E+06   1.7457087E+06   5.3095192E+06   2.0626294E-03   1.3509402E-03   1.8185654E-03
   2.0289855E-01   2.9444565E+06   1.4266017E+06   4.3708417E+06   1.2213718E-03   1.3693112E-03   1.2664987E-03
   2.1739130E-01   2.3324145E+06   1.1271081E+06   3.4593711E+06   2.0933276E-03   1.6801469E-03   1.9403271E-03
   2.3188406E-01   1.7175523E+06   8.2678544E+05   2.5442904E+06   1.3092048E-03   2.2383098E-03   1.4709424E-03
   2.4637681E-01   1.2401475E+06   5.9544732E+05   1.8354611E+06   1.6389594E-03   1.7758952E-03   1.6795060E-03
   2.6086957E-01   9.8939363E+05   4.7543767E+05   1.4646629E+06   3.1863712E-03   3.3951402E-03   3.2316234E-03
   2.7536232E-01   8.0914314E+05   3.8859928E+05   1.1977025E+06   4.0824955E-03   5.9852029E-03   4.7055031E-03
   2.8985507E-01   6.4934245E+05   3.1124034E+05   9.6054491E+05   5.1455474E-03   4.9887596E-03   5.0150929E-03
   3.0434783E-01   4.9703918E+05   2.3403239E+05   7.3103549E+05   7.0827573E-03   9.0139724E-03   7.6678872E-03
   3.1884058E-01   2.6872098E+05   1.2743753E+05   3.9615852E+05   6.9049481E-03   1.1744888E-02   8.4612305E-03
   3.3333333E-01   5.4589986E+04   2.6356059E+04   8.0946045E+04   5.7784130E-02   5.5574556E-02   5.6995933E-02
   3.4782609E-01   1.5407313E+04   7.9562352E+03   2.3363548E+04   2.1682703E-01   2.2552242E-01   2.1973891E-01
   3.6231884E-01   1.6548969E+04   6.6983923E+03   2.3247361E+04   2.4677485E-01   2.4014688E-01   2.4486453E-01
   3.7681159E-01   1.2794092E+04   5.6247377E+03   1.8418830E+04   2.5459259E-01   2.4646519E-01   2.5211031E-01
   3.9130435E-01   9.5138050E+03   5.4164141E+03   1.4930219E+04   2.6293029E-01   2.8581430E-01   2.7123210E-01
   4.0579710E-01   7.5773668E+03   4.0593037E+03   1.1636671E+04   2.6728612E-01   2.7756535E-01   2.7087189E-01
   4.2028986E-01   6.1402800E+03   2.8741736E+03   9.0144537E+03   2.8305093E-01   2.6913570E-01   2.7861417E-01
   4.3478261E-01   5.2536410E+03   2.2226943E+03   7.4763353E+03   2.8689728E-01   2.7224876E-01   2.8254059E-01
   4.4927536E-01   3.8375697E+03   2.3465394E+03   6.1841091E+03   2.7173812E-01   2.9440163E-01   2.8033770E-01
   4.6376812E-01   3.5282114E+03   1.6812283E+03   5.2094397E+03   2.7902485E-01   3.1205705E-01   2.8967663E-01
   4.7826087E-01   2.9620616E+03   1.6532437E+03   4.6153053E+03   3.1364277E-01   2.7310809E-01   2.9912259E-01
   4.9275362E-01   3.0086604E+03   9.1374130E+02   3.9224017E+03   2.9999395E-01   3.0512449E-01   3.0118909E-01
   5.0724638E-01   2.3165093E+03   8.0103592E+02   3.1175452E+03   2.8403624E-01   2.8442085E-01   2.8413506E-01
   5.2173913E-01   1.9574864E+03   1.0945085E+03   3.0519950E+03   2.9480953E-01   2.7385497E-01   2.8729479E-01
   5.3623188E-01   1.6793083E+03   8.1917479E+02   2.4984831E+03   3.0443448E-01   2.9916045E-01   3.0270529E-01
   5.5072464E-01   1.3958307E+03   6.7797493E+02   2.0738057E+03   3.0380812E-01   2.7734357E-01   2.9515625E-01
   5.6521739E-01   1.2823236E+03   4.8572864E+02   1.7680523E+03   2.8014531E-01   2.7465796E-01   2.7863779E-01
   5.7971014E-01   1.2881524E+03   5.1147226E+02   1.7996246E+03   2.4083299E-01   1.9871914E-01   2.2886379E-01
   5.9420290E-01   1.0164760E+03   7.7621807E+02   1.7926941E+03   2.6446340E-01   2.1841777E-01   2.4452612E-01
   6.0869565E-01   8.1186073E+02   4.5103374E+02   1.2628945E+03   2.4053480E-01   3.0344764E-01   2.6300367E-01
   6.2318841E-01   8.1060203E+02   4.5816637E+02   1.2687684E+03   2.4269902E-01   2.6733388E-01   2.5159494E-01
   6.3768116E-01   7.9217926E+02   4.8219607E+02   1.2743753E+03   2.4209532E-01   1.5869166E-01   2.1053718E-01
   6.5217391E-01   7.9141387E+02   3.7044905E+02   1.1618629E+03   2.4412248E-01   1.5984542E-01   2.1725154E-01
   6.6666667E-01   7.7420922E+02   3.4592327E+02   1.1201325E+03   2.6499641E-01   1.9945223E-01   2.4475483E-01
   6.8115942E-01   5.9651611E+02   3.2244114E+02   9.1895726E+02   2.4030969E-01   1.8946496E-01   2.2246944E-01
   6.9565217E-01   6.3144724E+02   2.9993744E+02   9.3138467E+02   2.2381381E-01   2.1690432E-01   2.2158872E-01
   7.1014493E-01   5.2577647E+02   2.7835225E+02   8.0412873E+02   2.3193180E-01   2.1434186E-01   2.2584298E-01
   7.2463768E-01   4.2433254E+02   1.9701154E+02   6.2134408E+02   2.5190168E-01   1.8901704E-01   2.3196265E-01
   7.3913043E-01   3.5658197E+02   1.0400307E+02   4.6058504E+02   1.7937221E-01   2.1544100E-01   1.8751677E-01
   7.5362319E-01   4.0801206E+02   1.8943417E+02   5.9744623E+02   2.3685625E-01   3.4042714E-01   2.6969580E-01
   7.6811594E-01   3.1453221E+02   1.0007843E+02   4.1461064E+02   1.6954245E-01   2.2832936E-01   1.8373239E-01
   7.8260870E-01   2.5257889E+02   1.2628945E+02   3.7886834E+02   2.1188501E-01   2.5408714E-01   2.2595239E-01
   7.9710145E-01   2.4798655E+02   1.3777031E+02   3.8575686E+02   2.6374074E-01   1.8248116E-01   2.3471946E-01
   8.1159420E-01   2.4355822E+02   9.4717086E+01   3.3827531E+02   2.2299955E-01   1.6174344E-01   2.0584784E-01
   8.2608696E-01   1.7281714E+02   1.3293626E+02   3.0575340E+02   2.0138818E-01   2.3868361E-01   2.1760358E-01
   8.4057971E-01   1.1757983E+02   6.5322128E+01   1.8290196E+02   2.5067404E-01   1.4404069E-01   2.1259070E-01
   8.5507246E-01   1.6695893E+02   6.4214973E+01   2.3117390E+02   2.3792356E-01   2.3638919E-01   2.3749735E-01
   8.6956522E-01   2.0206312E+02   7.5773668E+01   2.7783678E+02   2.7912407E-01   3.4727944E-01   2.9771190E-01
   8.8405797E-01   1.2421913E+02   3.7265739E+01   1.6148487E+02   2.3346578E-01   2.4333086E-01   2.3574233E-01
   8.9855072E-01   9.7772475E+01   6.1107797E+01   1.5888027E+02   2.8103424E-01   2.9475517E-01   2.8631152E-01
   9.1304348E-01   4.8110266E+01   3.6082699E+01   8.4192965E+01   2.0906087E-01   3.9298769E-01   2.8788665E-01
   9.2753623E-01   8.2877450E+01   8.2877450E+01   1.6575490E+02   3.5202265E-01   3.4036105E-01   3.4619185E-01
   9.4202899E-01   5.8287437E+01   0.0000000E+00   5.8287437E+01   1.6996098E-01   0.0000000E+00   1.6996098E-01
   9.5652174E-01   1.0332773E+02   4.5923435E+01   1.4925117E+02   2.7449724E-01   2.9617752E-01   2.8116809E-01
   9.7101449E-01   3.3928508E+01   2.2619005E+01   5.6547514E+01   2.7709396E-01   4.2750403E-01   3.3725799E-01
   9.8550725E-01   4.4572746E+01   1.1143187E+01   5.5715933E+01   1.1343023E-05   4.2841217E-01   8.5691508E-02
   1.0000000E+00   0.0000000E+00   2.1884092E+01   2.1884092E+01   0.0000000E+00   5.2739901E-06   5.2739901E-06
