   0.0000000E+00   6.3189178E+07   3.2752410E+07   9.5941588E+07   1.2472171E-04   5.9676132E-04   1.8656047E-04
   1.4492754E-02   6.5119891E+07   3.2478110E+07   9.7598000E+07   2.5753878E-04   2.6293863E-04   1.0987314E-04
   2.8985507E-02   6.8199333E+07   3.4313348E+07   1.0250397E+08   1.7200481E-04   1.6235092E-04   1.4171256E-04
   4.3478261E-02   7.2455539E+07   3.6420109E+07   1.0885847E+08   1.8058008E-04   5.1540630E-05   1.3815239E-04
   5.7971014E-02   7.5252914E+07   3.7866375E+07   1.1309409E+08   7.8647676E-05   2.5733504E-04   6.1650721E-05
   7.2463768E-02   7.5475423E+07   3.7878651E+07   1.1331558E+08   1.1511675E-04   2.0424349E-05   6.8918911E-05
   8.6956522E-02   7.3186124E+07   3.6789631E+07   1.0993787E+08   4.8909840E-05   1.2332698E-04   4.4302070E-05
   1.0144928E-01   6.9704522E+07   3.5007543E+07   1.0467180E+08   7.7095477E-05   7.7470000E-05   5.3030131E-05
   1.1594203E-01   6.5548296E+07   3.3044518E+07   9.8551423E+07   4.7224113E-05   8.5156262E-05   4.2046306E-05
   1.3043478E-01   6.2531041E+07   3.1363227E+07   9.3848551E+07   9.4266787E-05   1.9877122E-04   3.5127500E-05
   1.4492754E-01   6.0817083E+07   3.0559520E+07   9.1320304E+07   1.0203206E-04   1.8791162E-04   8.3450583E-05
   1.5942029E-01   5.2404862E+07   2.6335552E+07   7.8704594E+07   2.3631614E-04   3.1228994E-04   2.6087141E-04
   1.7391304E-01   1.7928492E+07   8.9399037E+06   2.6863470E+07   8.0880421E-04   8.5971739E-04   7.9559199E-04
   1.8840580E-01   5.7664345E+06   2.8295636E+06   8.5954735E+06   3.6066613E-03   3.4718427E-03   3.5228137E-03
   2.0289855E-01   3.9649654E+06   1.9572339E+06   5.9218204E+06   3.1608832E-03   2.4853255E-03   2.9374545E-03
   2.1739130E-01   3.4564917E+06   1.6776795E+06   5.1338176E+06   2.0065446E-03   1.5276573E-03   1.7687972E-03
   2.3188406E-01   3.1522320E+06   1.5603693E+06   4.7124118E+06   1.6278934E-03   2.4573320E-03   1.8443435E-03
   2.4637681E-01   3.0173966E+06   1.4796815E+06   4.4965878E+06   7.9924014E-04   1.9403284E-03   1.1615592E-03
   2.6086957E-01   2.9552994E+06   1.4387736E+06   4.3939466E+06   1.0461138E-03   6.9164126E-04   9.2666562E-04
   2.7536232E-01   2.8115221E+06   1.4092706E+06   4.2205534E+06   1.3112607E-03   7.1996640E-04   1.1105331E-03
   2.8985507E-01   2.6521921E+06   1.3227430E+06   3.9748593E+06   9.8007457E-04   1.3647715E-03   9.7313676E-04
   3.0434783E-01   2.2262665E+06   1.1007388E+06   3.3269331E+06   6.2444701E-04   4.8178013E-04   5.0803495E-04
   3.1884058E-01   1.2574296E+06   6.2037969E+05   1.8777404E+06   2.2168500E-03   1.8031188E-03   2.0769857E-03
   3.3333333E-01   1.4670441E+05   7.2116765E+04   2.1882118E+05   1.3726492E-02   1.3025434E-02   1.3472108E-02
   3.4782609E-01   1.1492340E+04   5.0515779E+03   1.6543918E+04   5.6875654E-02   5.3013493E-02   5.5636382E-02
   3.6231884E-01   1.1638835E+04   5.8800367E+03   1.7518872E+04   6.9396220E-02   7.1862956E-02   7.0130209E-02
   3.7681159E-01   1.1686631E+04   5.5955940E+03   1.7282225E+04   7.4738501E-02   6.9264377E-02   7.2958748E-02
   3.9130435E-01   1.1674758E+04   5.3041568E+03   1.6978915E+04   1.0660983E-01   9.2150611E-02   1.0199175E-01
   4.0579710E-01   1.1122492E+04   5.1147226E+03   1.6237215E+04   9.8389089E-02   1.0743342E-01   1.0122038E-01
   4.2028986E-01   1.0660571E+04   5.1212548E+03   1.5781826E+04   9.5039260E-02   8.5723314E-02   9.1908352E-02
   4.3478261E-01   1.0330477E+04   5.4557041E+03   1.5786181E+04   1.1044809E-01   1.0901585E-01   1.0995310E-01
   4.4927536E-01   9.4839301E+03   4.6197495E+03   1.4103680E+04   1.1789797E-01   1.2648839E-01   1.2069312E-01
   4.6376812E-01   9.2112366E+03   4.2385896E+03   1.3449826E+04   1.3551264E-01   1.0376145E-01   1.2548405E-01
   4.7826087E-01   7.8069840E+03   3.3983342E+03   1.1205318E+04   1.2316577E-01   1.4042038E-01   1.2839872E-01
   4.9275362E-01   6.3293299E+03   3.1423786E+03   9.4717086E+03   1.4610806E-01   1.3991166E-01   1.4397619E-01
   5.0724638E-01   5.9536454E+03   2.5979543E+03   8.5515997E+03   1.4387302E-01   1.6327875E-01   1.4972230E-01
   5.2173913E-01   5.2620603E+03   2.1679688E+03   7.4300292E+03   1.5219229E-01   1.4407847E-01   1.4966812E-01
   5.3623188E-01   4.5259407E+03   2.0479370E+03   6.5738777E+03   1.5610958E-01   1.2849340E-01   1.4749433E-01
   5.5072464E-01   3.3101129E+03   1.6749969E+03   4.9851098E+03   1.5370633E-01   1.6945147E-01   1.5892224E-01
   5.6521739E-01   3.1086633E+03   1.2046070E+03   4.3132704E+03   1.6916051E-01   1.5267179E-01   1.6455266E-01
   5.7971014E-01   2.7846823E+03   1.2881524E+03   4.0728347E+03   1.7397164E-01   1.7126607E-01   1.7304149E-01
   5.9420290E-01   1.7926941E+03   1.0164760E+03   2.8091701E+03   2.2009724E-01   1.9225267E-01   2.0993443E-01
   6.0869565E-01   1.8041350E+03   8.1186073E+02   2.6159957E+03   1.9736618E-01   1.9093380E-01   1.9533193E-01
   6.2318841E-01   1.6212041E+03   8.2822382E+02   2.4494279E+03   2.5119241E-01   2.3109587E-01   2.4439684E-01
   6.3768116E-01   1.2743753E+03   4.1331092E+02   1.6876863E+03   2.4984978E-01   1.6449563E-01   2.2869349E-01
   6.5217391E-01   1.0945085E+03   3.0309467E+02   1.3976032E+03   2.3731627E-01   2.4263989E-01   2.3790803E-01
   6.6666667E-01   7.5773668E+02   2.8003312E+02   1.0377698E+03   2.9828356E-01   1.8930863E-01   2.6883425E-01
   6.8115942E-01   7.7385874E+02   3.8692937E+02   1.1607881E+03   3.1246999E-01   2.8063972E-01   3.0181977E-01
   6.9565217E-01   7.1037814E+02   3.6308216E+02   1.0734603E+03   2.6873905E-01   2.8887107E-01   2.7546899E-01
   7.1014493E-01   4.1752838E+02   2.1649620E+02   6.3402457E+02   2.8707687E-01   3.0661887E-01   2.9368060E-01
   7.2463768E-01   3.7886834E+02   2.7278521E+02   6.5165355E+02   3.2160750E-01   3.3955962E-01   3.2857518E-01
   7.3913043E-01   6.8344877E+02   1.9314857E+02   8.7659734E+02   3.1903141E-01   2.8304890E-01   3.1098295E-01
   7.5362319E-01   2.7686533E+02   1.4571859E+02   4.2258392E+02   3.4102735E-01   3.7017964E-01   3.5093616E-01
   7.6811594E-01   4.5750139E+02   2.0015686E+02   6.5765825E+02   3.2303032E-01   3.4246437E-01   3.2863373E-01
   7.8260870E-01   2.8064322E+02   1.9645025E+02   4.7709347E+02   3.3931023E-01   2.7975450E-01   3.1461948E-01
   7.9710145E-01   4.6841904E+02   1.6532437E+02   6.3374341E+02   3.4877979E-01   3.4047196E-01   3.4629284E-01
   8.1159420E-01   2.3002721E+02   1.7590316E+02   4.0593037E+02   3.6882217E-01   3.1234542E-01   3.4433975E-01
   8.2608696E-01   1.8611076E+02   1.4622989E+02   3.3234065E+02   3.6052468E-01   3.2884043E-01   3.4658290E-01
   8.4057971E-01   1.1757983E+02   6.5322128E+01   1.8290196E+02   3.8287447E-01   3.7048277E-01   3.7819402E-01
   8.5507246E-01   1.4127294E+02   1.5411594E+02   2.9538888E+02   3.5459131E-01   3.7802109E-01   3.6678858E-01
   8.6956522E-01   1.2628945E+02   0.0000000E+00   1.2628945E+02   3.3632009E-01   0.0000000E+00   3.3632009E-01
   8.8405797E-01   1.2421913E+02   6.2109564E+01   1.8632869E+02   3.6842652E-01   3.8136233E-01   3.7267032E-01
   8.9855072E-01   1.3443715E+02   6.1107797E+01   1.9554495E+02   3.4870109E-01   3.1996205E-01   3.3928513E-01
   9.1304348E-01   1.4433080E+02   6.0137832E+01   2.0446863E+02   3.6222497E-01   2.9410017E-01   3.4215322E-01
   9.2753623E-01   1.1839636E+02   4.7358543E+01   1.6575490E+02   3.7451557E-01   2.7320135E-01   3.4525144E-01
   9.4202899E-01   1.0491739E+02   9.3259900E+01   1.9817729E+02   4.0073774E-01   3.3487081E-01   3.6916938E-01
   9.5652174E-01   8.0366012E+01   3.4442577E+01   1.1480859E+02   3.9616732E-01   3.8881071E-01   3.9320667E-01
   9.7101449E-01   4.5238011E+01   2.2619005E+01   6.7857016E+01   4.0891508E-01   4.1465382E-01   4.1010399E-01
   9.8550725E-01   2.2286373E+01   3.3429560E+01   5.5715933E+01   4.1612729E-01   4.2163584E-01   4.1916226E-01
   1.0000000E+00   2.1884092E+01   0.0000000E+00   2.1884092E+01   4.1424188E-01   0.0000000E+00   4.1424188E-01
