   0.0000000E+00   6.7093037E+07   3.3516209E+07   1.0060925E+08   4.2519409E-04   5.8914133E-04   3.3718080E-04
   1.4492754E-02   6.7104403E+07   3.3959485E+07   1.0105934E+08   1.9518155E-04   2.6481172E-04   2.0133084E-04
   2.8985507E-02   7.0794202E+07   3.5408656E+07   1.0619414E+08   1.0201263E-04   6.2781783E-05   7.6499086E-05
   4.3478261E-02   7.5366764E+07   3.7588791E+07   1.1294520E+08   1.2360478E-05   6.1884683E-05   2.4410110E-05
   5.7971014E-02   7.7928672E+07   3.9031206E+07   1.1694188E+08   7.3430904E-05   1.5346620E-04   9.2677145E-05
   7.2463768E-02   7.7767274E+07   3.9251670E+07   1.1699515E+08   1.2904878E-04   1.0490233E-04   1.1840859E-04
   8.6956522E-02   7.5815975E+07   3.8031057E+07   1.1382253E+08   7.7186546E-05   1.5226987E-04   9.7712012E-05
   1.0144928E-01   7.1781803E+07   3.5957961E+07   1.0771703E+08   2.1192211E-04   1.0719164E-04   1.2952754E-04
   1.1594203E-01   6.7336649E+07   3.3844783E+07   1.0115425E+08   1.4793839E-04   1.0997546E-04   1.1210376E-04
   1.3043478E-01   6.3852955E+07   3.2045947E+07   9.5870277E+07   1.4190446E-04   1.0484647E-04   1.1786275E-04
   1.4492754E-01   6.1763420E+07   3.0975821E+07   9.2706431E+07   2.2554244E-04   1.4811901E-04   1.9304628E-04
   1.5942029E-01   5.2838081E+07   2.6580094E+07   7.9396407E+07   6.2369227E-04   4.8005503E-04   5.7530752E-04
   1.7391304E-01   1.7336826E+07   8.6332098E+06   2.5967573E+07   4.1004748E-03   2.5423343E-03   3.5811920E-03
   1.8840580E-01   5.0940306E+06   2.4787898E+06   7.5724707E+06   1.6063285E-02   1.0650760E-02   1.4290590E-02
   2.0289855E-01   3.2599456E+06   1.5582314E+06   4.8180687E+06   2.1289288E-02   1.5351015E-02   1.9368556E-02
   2.1739130E-01   2.6129287E+06   1.2624903E+06   3.8754190E+06   2.1613410E-02   1.3542699E-02   1.8983748E-02
   2.3188406E-01   2.3666011E+06   1.1265177E+06   3.4931188E+06   1.9189029E-02   1.2337074E-02   1.6968073E-02
   2.4637681E-01   2.2409394E+06   1.0694339E+06   3.3102841E+06   1.6439142E-02   9.9039683E-03   1.4325063E-02
   2.6086957E-01   2.2201685E+06   1.0714397E+06   3.2915661E+06   1.2708674E-02   8.5059272E-03   1.1340283E-02
   2.7536232E-01   2.2291417E+06   1.1011110E+06   3.3301331E+06   9.9477655E-03   6.1025673E-03   8.6740055E-03
   2.8985507E-01   2.2167966E+06   1.0934898E+06   3.3101348E+06   7.0941193E-03   4.1521509E-03   6.1035155E-03
   3.0434783E-01   1.9596514E+06   9.7022770E+05   2.9297708E+06   5.2926905E-03   3.2945215E-03   4.6277487E-03
   3.1884058E-01   1.1212781E+06   5.6392831E+05   1.6851719E+06   5.2681152E-03   2.0039845E-03   4.1743910E-03
   3.3333333E-01   1.1296866E+05   5.5314778E+04   1.6828343E+05   1.3366919E-02   1.0632548E-02   1.2293298E-02
   3.4782609E-01   6.8512025E+03   2.6836508E+03   9.5348533E+03   4.9507735E-02   5.9255827E-02   5.2250643E-02
   3.6231884E-01   7.5773668E+03   2.5156858E+03   1.0093053E+04   6.1087374E-02   4.8683691E-02   5.7171994E-02
   3.7681159E-01   6.6447678E+03   2.6520784E+03   9.2968462E+03   7.3732192E-02   6.6824023E-02   7.1499465E-02
   3.9130435E-01   5.6409286E+03   2.8906251E+03   8.5315538E+03   9.0541239E-02   6.3620097E-02   8.0980026E-02
   4.0579710E-01   6.3866378E+03   2.6250164E+03   9.0116541E+03   9.4945301E-02   6.3178091E-02   8.5674455E-02
   4.2028986E-01   5.9573781E+03   2.3777255E+03   8.3351035E+03   1.0831236E-01   5.7926790E-02   9.3766897E-02
   4.3478261E-01   5.5314778E+03   2.9804310E+03   8.5119088E+03   1.1209488E-01   7.9762920E-02   1.0023146E-01
   4.4927536E-01   5.7441329E+03   2.9087311E+03   8.6528641E+03   1.2421111E-01   9.8609997E-02   1.1556163E-01
   4.6376812E-01   6.0855727E+03   2.2968893E+03   8.3824621E+03   1.3876602E-01   1.0738108E-01   1.3004504E-01
   4.7826087E-01   6.1307786E+03   2.3420952E+03   8.4728738E+03   1.4410315E-01   8.6091538E-02   1.2806325E-01
   4.9275362E-01   5.4155887E+03   2.5852193E+03   8.0008079E+03   1.5289608E-01   1.0884524E-01   1.3866189E-01
   5.0724638E-01   5.4557041E+03   2.4031078E+03   7.8588119E+03   1.6941115E-01   1.0942116E-01   1.5093400E-01
   5.2173913E-01   5.7040734E+03   2.3574030E+03   8.0614764E+03   1.6677067E-01   1.1595104E-01   1.5160987E-01
   5.3623188E-01   4.9355281E+03   1.6383496E+03   6.5738777E+03   1.7224000E-01   1.0901303E-01   1.5637183E-01
   5.5072464E-01   4.8854076E+03   2.1136865E+03   6.9990941E+03   1.8505353E-01   1.4224827E-01   1.7211381E-01
   5.6521739E-01   4.7601407E+03   1.5737608E+03   6.3339015E+03   1.9794107E-01   1.1939911E-01   1.7836003E-01
   5.7971014E-01   4.9252884E+03   2.2163798E+03   7.1416682E+03   2.1424175E-01   1.3039392E-01   1.8812450E-01
   5.9420290E-01   4.5833829E+03   1.7002872E+03   6.2836701E+03   1.7808317E-01   1.2933241E-01   1.6488960E-01
   6.0869565E-01   4.2216758E+03   1.4793907E+03   5.7010665E+03   2.0435169E-01   1.7085389E-01   1.9562746E-01
   6.2318841E-01   3.9296577E+03   1.6740694E+03   5.6037271E+03   2.1887176E-01   1.1772786E-01   1.8864632E-01
   6.3768116E-01   3.4442577E+03   1.7049075E+03   5.1491652E+03   2.1670590E-01   1.5245785E-01   1.9542235E-01
   6.5217391E-01   3.7550062E+03   1.5154734E+03   5.2704796E+03   1.9690329E-01   1.7535958E-01   1.9064315E-01
   6.6666667E-01   3.3603975E+03   1.2354402E+03   4.5958377E+03   2.3286450E-01   1.4139704E-01   2.0827025E-01
   6.8115942E-01   2.8213600E+03   1.2252763E+03   4.0466363E+03   2.4079364E-01   1.8563370E-01   2.2402045E-01
   6.9565217E-01   2.6994369E+03   1.0892465E+03   3.7886834E+03   2.3455269E-01   1.9614901E-01   2.2339795E-01
   7.1014493E-01   3.0773388E+03   9.5876887E+02   4.0361076E+03   2.3919027E-01   1.5184226E-01   2.1832112E-01
   7.2463768E-01   2.4399121E+03   9.0928402E+02   3.3491961E+03   2.4444436E-01   1.4490316E-01   2.1724399E-01
   7.3913043E-01   2.2137797E+03   7.8745185E+02   3.0012316E+03   2.6306171E-01   1.6013743E-01   2.3603222E-01
   7.5362319E-01   2.1420633E+03   8.4516784E+02   2.9872312E+03   2.2606559E-01   1.4584195E-01   2.0336720E-01
   7.6811594E-01   1.7156302E+03   8.7211203E+02   2.5877423E+03   2.2992461E-01   1.6620988E-01   2.0834415E-01
   7.8260870E-01   1.3330553E+03   7.1564020E+02   2.0486955E+03   2.4304575E-01   1.2748350E-01   2.0267584E-01
   7.9710145E-01   1.4465882E+03   4.8219607E+02   1.9287843E+03   2.4656268E-01   1.5453234E-01   2.2355458E-01
   8.1159420E-01   1.4884113E+03   5.0064745E+02   1.9890588E+03   2.5530267E-01   1.5795865E-01   2.3077179E-01
   8.2608696E-01   1.3559499E+03   4.1210241E+02   1.7680523E+03   2.6080740E-01   1.8286746E-01   2.4247991E-01
   8.4057971E-01   1.1366050E+03   3.2661064E+02   1.4632157E+03   2.4790491E-01   2.2470919E-01   2.4264375E-01
   8.5507246E-01   1.1301835E+03   4.4950481E+02   1.5796883E+03   2.5379351E-01   1.9245887E-01   2.3623136E-01
   8.6956522E-01   8.9665508E+02   4.1675518E+02   1.3134103E+03   2.3876684E-01   1.2757715E-01   2.0333453E-01
   8.8405797E-01   6.8320521E+02   2.4843826E+02   9.3164346E+02   2.5852313E-01   1.3236065E-01   2.2487436E-01
   8.9855072E-01   7.6995824E+02   2.1998807E+02   9.8994631E+02   2.6921486E-01   2.1046197E-01   2.5611532E-01
   9.1304348E-01   5.2921292E+02   1.9244106E+02   7.2165398E+02   2.6308600E-01   1.7929307E-01   2.4070292E-01
   9.2753623E-01   5.4462324E+02   2.1311344E+02   7.5773668E+02   2.8792945E-01   1.7542690E-01   2.5628662E-01
   9.4202899E-01   3.8469709E+02   9.3259900E+01   4.7795699E+02   2.4352421E-01   3.4563106E-01   2.6321042E-01
   9.5652174E-01   3.2146405E+02   1.1480859E+02   4.3627264E+02   3.0068388E-01   1.6070544E-01   2.6363194E-01
   9.7101449E-01   3.2797558E+02   1.3571403E+02   4.6368961E+02   3.1841351E-01   1.7361578E-01   2.7603368E-01
   9.8550725E-01   1.7829098E+02   8.9145492E+01   2.6743648E+02   3.2981758E-01   2.0289065E-01   2.8745001E-01
   1.0000000E+00   8.7536368E+01   2.1884092E+01   1.0942046E+02   4.2826049E-01   1.1177577E-06   3.4260860E-01
