   0.0000000E+00   0.0000000E+00   0.0000000E+00   5.5938910E+10   0.0000000E+00   0.0000000E+00   1.3778689E-06
   1.4492754E-02   0.0000000E+00   0.0000000E+00   5.4664640E+07   0.0000000E+00   0.0000000E+00   2.3195243E-04
   2.8985507E-02   0.0000000E+00   0.0000000E+00   4.3663440E+07   0.0000000E+00   0.0000000E+00   1.0448855E-04
   4.3478261E-02   0.0000000E+00   0.0000000E+00   3.3173965E+07   0.0000000E+00   0.0000000E+00   7.6509876E-05
   5.7971014E-02   0.0000000E+00   0.0000000E+00   2.4658835E+07   0.0000000E+00   0.0000000E+00   8.9998249E-05
   7.2463768E-02   0.0000000E+00   0.0000000E+00   1.9756317E+07   0.0000000E+00   0.0000000E+00   1.6737666E-04
   8.6956522E-02   0.0000000E+00   0.0000000E+00   1.6605926E+07   0.0000000E+00   0.0000000E+00   2.4679412E-04
   1.0144928E-01   0.0000000E+00   0.0000000E+00   1.3818519E+07   0.0000000E+00   0.0000000E+00   3.2866070E-04
   1.1594203E-01   0.0000000E+00   0.0000000E+00   1.1019386E+07   0.0000000E+00   0.0000000E+00   5.8514958E-04
   1.3043478E-01   0.0000000E+00   0.0000000E+00   8.3255897E+06   0.0000000E+00   0.0000000E+00   8.6992309E-04
   1.4492754E-01   0.0000000E+00   0.0000000E+00   5.9614176E+06   0.0000000E+00   0.0000000E+00   1.2114372E-03
   1.5942029E-01   0.0000000E+00   0.0000000E+00   4.2765281E+06   0.0000000E+00   0.0000000E+00   1.5755907E-03
   1.7391304E-01   0.0000000E+00   0.0000000E+00   3.3436394E+06   0.0000000E+00   0.0000000E+00   1.8085800E-03
   1.8840580E-01   0.0000000E+00   0.0000000E+00   2.7966312E+06   0.0000000E+00   0.0000000E+00   1.7829695E-03
   2.0289855E-01   0.0000000E+00   0.0000000E+00   2.3617029E+06   0.0000000E+00   0.0000000E+00   2.3282072E-03
   2.1739130E-01   0.0000000E+00   0.0000000E+00   1.9836031E+06   0.0000000E+00   0.0000000E+00   3.3552787E-03
   2.3188406E-01   0.0000000E+00   0.0000000E+00   1.6516765E+06   0.0000000E+00   0.0000000E+00   3.4580791E-03
   2.4637681E-01   0.0000000E+00   0.0000000E+00   1.3666004E+06   0.0000000E+00   0.0000000E+00   3.6233865E-03
   2.6086957E-01   0.0000000E+00   0.0000000E+00   1.1173248E+06   0.0000000E+00   0.0000000E+00   3.6073849E-03
   2.7536232E-01   0.0000000E+00   0.0000000E+00   8.9947332E+05   0.0000000E+00   0.0000000E+00   4.1867272E-03
   2.8985507E-01   0.0000000E+00   0.0000000E+00   6.9632213E+05   0.0000000E+00   0.0000000E+00   5.1911201E-03
   3.0434783E-01   0.0000000E+00   0.0000000E+00   4.6045133E+05   0.0000000E+00   0.0000000E+00   7.8133185E-03
   3.1884058E-01   0.0000000E+00   0.0000000E+00   2.0255679E+05   0.0000000E+00   0.0000000E+00   1.8405317E-02
   3.3333333E-01   0.0000000E+00   0.0000000E+00   4.7638576E+04   0.0000000E+00   0.0000000E+00   7.7947305E-02
   3.4782609E-01   0.0000000E+00   0.0000000E+00   1.6796496E+04   0.0000000E+00   0.0000000E+00   2.5170469E-01
   3.6231884E-01   0.0000000E+00   0.0000000E+00   1.6185256E+04   0.0000000E+00   0.0000000E+00   2.7319602E-01
   3.7681159E-01   0.0000000E+00   0.0000000E+00   1.2881524E+04   0.0000000E+00   0.0000000E+00   2.7956693E-01
   3.9130435E-01   0.0000000E+00   0.0000000E+00   9.2892905E+03   0.0000000E+00   0.0000000E+00   2.8673178E-01
   4.0579710E-01   0.0000000E+00   0.0000000E+00   7.4149947E+03   0.0000000E+00   0.0000000E+00   2.9577921E-01
   4.2028986E-01   0.0000000E+00   0.0000000E+00   6.6367282E+03   0.0000000E+00   0.0000000E+00   3.0122133E-01
   4.3478261E-01   0.0000000E+00   0.0000000E+00   5.9608619E+03   0.0000000E+00   0.0000000E+00   2.9837589E-01
   4.4927536E-01   0.0000000E+00   0.0000000E+00   5.1574981E+03   0.0000000E+00   0.0000000E+00   2.9255950E-01
   4.6376812E-01   0.0000000E+00   0.0000000E+00   3.7413249E+03   0.0000000E+00   0.0000000E+00   2.7139073E-01
   4.7826087E-01   0.0000000E+00   0.0000000E+00   3.0998319E+03   0.0000000E+00   0.0000000E+00   2.7138082E-01
   4.9275362E-01   0.0000000E+00   0.0000000E+00   3.3652423E+03   0.0000000E+00   0.0000000E+00   2.8461704E-01
   5.0724638E-01   0.0000000E+00   0.0000000E+00   3.2041437E+03   0.0000000E+00   0.0000000E+00   2.6234671E-01
   5.2173913E-01   0.0000000E+00   0.0000000E+00   2.9046573E+03   0.0000000E+00   0.0000000E+00   2.2198470E-01
   5.3623188E-01   0.0000000E+00   0.0000000E+00   2.2322513E+03   0.0000000E+00   0.0000000E+00   2.0745317E-01
   5.5072464E-01   0.0000000E+00   0.0000000E+00   1.8544608E+03   0.0000000E+00   0.0000000E+00   2.2428684E-01
   5.6521739E-01   0.0000000E+00   0.0000000E+00   1.8651980E+03   0.0000000E+00   0.0000000E+00   2.1190886E-01
   5.7971014E-01   0.0000000E+00   0.0000000E+00   1.6291339E+03   0.0000000E+00   0.0000000E+00   1.9935216E-01
   5.9420290E-01   0.0000000E+00   0.0000000E+00   1.4969920E+03   0.0000000E+00   0.0000000E+00   2.3533530E-01
   6.0869565E-01   0.0000000E+00   0.0000000E+00   1.2448531E+03   0.0000000E+00   0.0000000E+00   2.1679710E-01
   6.2318841E-01   0.0000000E+00   0.0000000E+00   9.5157630E+02   0.0000000E+00   0.0000000E+00   1.9996094E-01
   6.3768116E-01   0.0000000E+00   0.0000000E+00   8.0940055E+02   0.0000000E+00   0.0000000E+00   2.3190080E-01
   6.5217391E-01   0.0000000E+00   0.0000000E+00   8.2509106E+02   0.0000000E+00   0.0000000E+00   2.2782202E-01
   6.6666667E-01   0.0000000E+00   0.0000000E+00   9.0598951E+02   0.0000000E+00   0.0000000E+00   1.7562042E-01
   6.8115942E-01   0.0000000E+00   0.0000000E+00   8.8671314E+02   0.0000000E+00   0.0000000E+00   2.1941762E-01
   6.9565217E-01   0.0000000E+00   0.0000000E+00   6.7880578E+02   0.0000000E+00   0.0000000E+00   2.9193534E-01
   7.1014493E-01   0.0000000E+00   0.0000000E+00   5.1031246E+02   0.0000000E+00   0.0000000E+00   2.1804314E-01
   7.2463768E-01   0.0000000E+00   0.0000000E+00   5.0010621E+02   0.0000000E+00   0.0000000E+00   1.9181030E-01
   7.3913043E-01   0.0000000E+00   0.0000000E+00   3.8629713E+02   0.0000000E+00   0.0000000E+00   2.2928940E-01
   7.5362319E-01   0.0000000E+00   0.0000000E+00   3.7886834E+02   0.0000000E+00   0.0000000E+00   2.8811116E-01
   7.6811594E-01   0.0000000E+00   0.0000000E+00   5.1468907E+02   0.0000000E+00   0.0000000E+00   2.5004247E-01
   7.8260870E-01   0.0000000E+00   0.0000000E+00   3.6483618E+02   0.0000000E+00   0.0000000E+00   2.0936203E-01
   7.9710145E-01   0.0000000E+00   0.0000000E+00   2.2043249E+02   0.0000000E+00   0.0000000E+00   2.4826411E-01
   8.1159420E-01   0.0000000E+00   0.0000000E+00   2.7062024E+02   0.0000000E+00   0.0000000E+00   2.4752584E-01
   8.2608696E-01   0.0000000E+00   0.0000000E+00   2.5257889E+02   0.0000000E+00   0.0000000E+00   2.4919567E-01
   8.4057971E-01   0.0000000E+00   0.0000000E+00   2.7435294E+02   0.0000000E+00   0.0000000E+00   2.1184934E-01
   8.5507246E-01   0.0000000E+00   0.0000000E+00   2.0548791E+02   0.0000000E+00   0.0000000E+00   2.1465300E-01
   8.6956522E-01   0.0000000E+00   0.0000000E+00   1.3891839E+02   0.0000000E+00   0.0000000E+00   3.1622583E-01
   8.8405797E-01   0.0000000E+00   0.0000000E+00   1.1179722E+02   0.0000000E+00   0.0000000E+00   3.3501828E-01
   8.9855072E-01   0.0000000E+00   0.0000000E+00   1.3443715E+02   0.0000000E+00   0.0000000E+00   3.2148961E-01
   9.1304348E-01   0.0000000E+00   0.0000000E+00   1.4433080E+02   0.0000000E+00   0.0000000E+00   3.3206560E-01
   9.2753623E-01   0.0000000E+00   0.0000000E+00   1.0655672E+02   0.0000000E+00   0.0000000E+00   4.0398708E-01
   9.4202899E-01   0.0000000E+00   0.0000000E+00   8.1602412E+01   0.0000000E+00   0.0000000E+00   4.0168912E-01
   9.5652174E-01   0.0000000E+00   0.0000000E+00   1.1480859E+01   0.0000000E+00   0.0000000E+00   3.8266838E-01
   9.7101449E-01   0.0000000E+00   0.0000000E+00   0.0000000E+00   0.0000000E+00   0.0000000E+00   0.0000000E+00
   9.8550725E-01   0.0000000E+00   0.0000000E+00   0.0000000E+00   0.0000000E+00   0.0000000E+00   0.0000000E+00
   1.0000000E+00   0.0000000E+00   0.0000000E+00   0.0000000E+00   0.0000000E+00   0.0000000E+00   0.0000000E+00
