   0.0000000E+00   6.4353061E+07   3.2794844E+07   9.7147905E+07   5.4177852E-04   7.6495279E-04   6.1192347E-04
   1.4492754E-02   6.6664158E+07   3.3276006E+07   9.9934103E+07   2.6905536E-04   1.4052731E-04   2.2213297E-04
   2.8985507E-02   6.9577277E+07   3.5064644E+07   1.0463548E+08   1.4515009E-04   1.7371577E-05   9.3734672E-05
   4.3478261E-02   7.3948786E+07   3.7247052E+07   1.1118245E+08   5.2022469E-05   1.5997796E-04   6.7235849E-05
   5.7971014E-02   7.6749444E+07   3.8735878E+07   1.1547111E+08   1.2540381E-04   2.1662192E-04   7.9531392E-05
   7.2463768E-02   7.6825407E+07   3.8720193E+07   1.1551969E+08   1.2758285E-04   6.8959067E-05   7.6681013E-05
   8.6956522E-02   7.4789116E+07   3.7499631E+07   1.1226488E+08   1.1057595E-04   1.9068707E-04   4.4832327E-05
   1.0144928E-01   7.0875009E+07   3.5642851E+07   1.0647987E+08   1.7525467E-04   1.4361613E-04   1.5783142E-04
   1.1594203E-01   6.6448771E+07   3.3543772E+07   9.9961192E+07   9.3634818E-05   1.6999454E-04   1.1965624E-04
   1.3043478E-01   6.3105153E+07   3.1838496E+07   9.4910393E+07   2.3828087E-04   1.0266881E-04   1.3995171E-04
   1.4492754E-01   6.1206938E+07   3.0841171E+07   9.2011511E+07   2.3456777E-04   1.7214272E-04   2.0181880E-04
   1.5942029E-01   5.2544217E+07   2.6576305E+07   7.9093795E+07   1.6461659E-04   1.9106078E-04   1.7460384E-04
   1.7391304E-01   1.7521840E+07   8.6868196E+06   2.6205755E+07   2.8717487E-03   1.6769298E-03   2.4757825E-03
   1.8840580E-01   5.3191367E+06   2.5668622E+06   7.8859405E+06   9.8047198E-03   6.8188185E-03   8.8246010E-03
   2.0289855E-01   3.5265607E+06   1.6679408E+06   5.1943391E+06   1.1870815E-02   7.0208605E-03   1.0320464E-02
   2.1739130E-01   2.9956867E+06   1.4130779E+06   4.4087646E+06   1.1273869E-02   9.0502633E-03   1.0560474E-02
   2.3188406E-01   2.7056409E+06   1.2739448E+06   3.9795857E+06   1.0249595E-02   7.2434516E-03   9.2901124E-03
   2.4637681E-01   2.5508537E+06   1.2154096E+06   3.7662633E+06   8.2203010E-03   5.7810509E-03   7.4156875E-03
   2.6086957E-01   2.4838609E+06   1.1995814E+06   3.6832317E+06   6.5595130E-03   4.9327781E-03   6.0268777E-03
   2.7536232E-01   2.4580978E+06   1.1972638E+06   3.6554015E+06   5.7299691E-03   4.2844238E-03   5.2485264E-03
   2.8985507E-01   2.4016085E+06   1.1761968E+06   3.5776159E+06   4.1278929E-03   3.6177037E-03   3.8861216E-03
   3.0434783E-01   2.0604665E+06   1.0387487E+06   3.0990709E+06   3.8950717E-03   2.0113946E-03   3.2638809E-03
   3.1884058E-01   1.1775572E+06   5.8259618E+05   1.7601534E+06   4.1597428E-03   1.9118127E-03   3.4152114E-03
   3.3333333E-01   1.3316399E+05   6.2365024E+04   1.9552901E+05   2.0440040E-02   1.2453376E-02   1.7863300E-02
   3.4782609E-01   2.1058765E+04   9.7242874E+03   3.0783053E+04   9.0859894E-02   5.8565803E-02   8.0523373E-02
   3.6231884E-01   2.3580766E+04   8.3957225E+03   3.1976488E+04   9.6586525E-02   7.8456159E-02   9.1826109E-02
   3.7681159E-01   2.3664700E+04   8.6265407E+03   3.2291240E+04   1.1649214E-01   7.7812651E-02   1.0589911E-01
   3.9130435E-01   2.3040808E+04   8.6157467E+03   3.1656555E+04   1.4216127E-01   8.4474147E-02   1.2644857E-01
   4.0579710E-01   2.4951187E+04   8.3621655E+03   3.3313352E+04   1.4450842E-01   8.7234514E-02   1.3012144E-01
   4.2028986E-01   2.5135955E+04   8.5702632E+03   3.3706218E+04   1.4649547E-01   1.1355307E-01   1.3811030E-01
   4.3478261E-01   2.1974364E+04   8.0572667E+03   3.0031631E+04   1.7476234E-01   1.0285759E-01   1.5537179E-01
   4.4927536E-01   2.1803262E+04   8.0173430E+03   2.9820605E+04   1.7688188E-01   1.1690431E-01   1.6065842E-01
   4.6376812E-01   2.0648325E+04   7.5300083E+03   2.8178333E+04   1.9540344E-01   1.3826658E-01   1.8013167E-01
   4.7826087E-01   1.8070872E+04   7.5773668E+03   2.5648239E+04   1.9327361E-01   1.1371303E-01   1.6976761E-01
   4.9275362E-01   1.7806812E+04   6.2624708E+03   2.4069283E+04   1.9918682E-01   1.0835531E-01   1.7552888E-01
   5.0724638E-01   1.4202150E+04   6.2134408E+03   2.0415591E+04   1.9748180E-01   1.2500370E-01   1.7541286E-01
   5.2173913E-01   1.3155151E+04   4.6095648E+03   1.7764716E+04   2.1467149E-01   1.4175714E-01   1.9545638E-01
   5.3623188E-01   1.2308101E+04   4.0958740E+03   1.6403975E+04   2.1584368E-01   1.4885964E-01   1.9908025E-01
   5.5072464E-01   1.0927361E+04   3.6092195E+03   1.4536580E+04   2.2634515E-01   1.3375714E-01   2.0335547E-01
   5.6521739E-01   9.2094151E+03   3.3612422E+03   1.2570657E+04   2.0634137E-01   1.4067796E-01   1.8877589E-01
   5.7971014E-01   7.6341971E+03   2.6520784E+03   1.0286275E+04   2.2654469E-01   1.5108676E-01   2.0708319E-01
   5.9420290E-01   6.9120371E+03   2.2362473E+03   9.1482844E+03   2.2651242E-01   1.4514914E-01   2.0655569E-01
   6.0869565E-01   5.6649838E+03   2.1830033E+03   7.8479871E+03   2.3403892E-01   1.4888198E-01   2.1030607E-01
   6.2318841E-01   5.5861053E+03   1.8679090E+03   7.4540144E+03   2.3101663E-01   1.2880345E-01   2.0540291E-01
   6.3768116E-01   4.6497478E+03   1.8943417E+03   6.5440895E+03   2.2760853E-01   1.4584619E-01   2.0393055E-01
   6.5217391E-01   4.6474517E+03   1.4817962E+03   6.1292478E+03   2.2012558E-01   1.2922538E-01   1.9814193E-01
   6.6666667E-01   3.9698813E+03   1.2024952E+03   5.1723765E+03   2.3101532E-01   1.8718177E-01   2.2076057E-01
   6.8115942E-01   3.3533879E+03   1.2575205E+03   4.6109083E+03   2.2583706E-01   1.8664849E-01   2.1501831E-01
   6.9565217E-01   3.1730224E+03   1.0261018E+03   4.1991241E+03   2.3469783E-01   1.2084615E-01   2.0681099E-01
   7.1014493E-01   2.8453786E+03   1.0824810E+03   3.9278595E+03   2.1977757E-01   1.7991265E-01   2.0873312E-01
   7.2463768E-01   2.3944479E+03   1.2123787E+03   3.6068266E+03   2.3213179E-01   1.5687051E-01   2.0637522E-01
   7.3913043E-01   2.1543494E+03   8.1716701E+02   2.9715164E+03   2.2380173E-01   1.6148234E-01   2.0649970E-01
   7.5362319E-01   2.2294945E+03   8.0145226E+02   3.0309467E+03   2.4102520E-01   1.6173845E-01   2.2000452E-01
   7.6811594E-01   2.1874285E+03   6.7195517E+02   2.8593837E+03   2.5916448E-01   1.5577568E-01   2.3484463E-01
   7.8260870E-01   1.5435377E+03   6.7354372E+02   2.2170814E+03   2.3180823E-01   1.5507907E-01   2.0848854E-01
   7.9710145E-01   1.5016963E+03   6.8885153E+02   2.1905479E+03   2.0535563E-01   1.7403575E-01   1.9547716E-01
   8.1159420E-01   1.5831284E+03   5.5477150E+02   2.1378999E+03   2.3372726E-01   1.8744912E-01   2.2170310E-01
   8.2608696E-01   1.1831327E+03   5.1845142E+02   1.7015841E+03   2.6915648E-01   1.5473879E-01   2.3418546E-01
   8.4057971E-01   1.1757983E+03   3.5273949E+02   1.5285378E+03   2.8859321E-01   1.8159857E-01   2.6390119E-01
   8.5507246E-01   9.8891059E+02   2.9538888E+02   1.2842995E+03   2.1383808E-01   1.8816303E-01   2.0792317E-01
   8.6956522E-01   9.9768663E+02   3.7886834E+02   1.3765550E+03   2.3774467E-01   1.4778070E-01   2.1297181E-01
   8.8405797E-01   9.3164346E+02   3.3539165E+02   1.2670351E+03   2.9277256E-01   1.6734648E-01   2.5953668E-01
   8.9855072E-01   7.0885045E+02   2.3220963E+02   9.4106008E+02   2.5553934E-01   1.6886353E-01   2.3393516E-01
   9.1304348E-01   6.1340589E+02   1.6838593E+02   7.8179182E+02   2.1486280E-01   7.8419062E-02   1.8545859E-01
   9.2753623E-01   5.2094397E+02   1.4207563E+02   6.6301960E+02   2.6421163E-01   1.6613498E-01   2.4315136E-01
   9.4202899E-01   5.1292945E+02   1.0491739E+02   6.1784683E+02   2.6426013E-01   1.7307426E-01   2.4870340E-01
   9.5652174E-01   3.7886834E+02   1.0332773E+02   4.8219607E+02   2.7585266E-01   2.2008709E-01   2.6390278E-01
   9.7101449E-01   3.6190409E+02   1.1309503E+02   4.7499912E+02   2.6364313E-01   1.1005116E-01   2.2698004E-01
   9.8550725E-01   1.6714780E+02   4.4572746E+01   2.1172054E+02   2.7379306E-01   1.0693162E-01   2.3804173E-01
   1.0000000E+00   8.7536368E+01   4.3768184E+01   1.3130455E+02   2.1195358E-01   4.1622794E-01   2.7969595E-01
