   0.0000000E+00   0.0000000E+00   0.0000000E+00   5.9180660E+10   0.0000000E+00   0.0000000E+00   7.7352586E-06
   1.4492754E-02   0.0000000E+00   0.0000000E+00   2.6776899E+07   0.0000000E+00   0.0000000E+00   9.3928929E-03
   2.8985507E-02   0.0000000E+00   0.0000000E+00   1.9790188E+07   0.0000000E+00   0.0000000E+00   1.5437854E-02
   4.3478261E-02   0.0000000E+00   0.0000000E+00   1.4825371E+07   0.0000000E+00   0.0000000E+00   2.1934774E-02
   5.7971014E-02   0.0000000E+00   0.0000000E+00   1.0361102E+07   0.0000000E+00   0.0000000E+00   2.7627136E-02
   7.2463768E-02   0.0000000E+00   0.0000000E+00   6.8361488E+06   0.0000000E+00   0.0000000E+00   3.2672940E-02
   8.6956522E-02   0.0000000E+00   0.0000000E+00   4.4309915E+06   0.0000000E+00   0.0000000E+00   3.5180926E-02
   1.0144928E-01   0.0000000E+00   0.0000000E+00   2.9754155E+06   0.0000000E+00   0.0000000E+00   3.4959014E-02
   1.1594203E-01   0.0000000E+00   0.0000000E+00   2.1040453E+06   0.0000000E+00   0.0000000E+00   3.3057572E-02
   1.3043478E-01   0.0000000E+00   0.0000000E+00   1.5690201E+06   0.0000000E+00   0.0000000E+00   2.9061832E-02
   1.4492754E-01   0.0000000E+00   0.0000000E+00   1.2011642E+06   0.0000000E+00   0.0000000E+00   2.7280973E-02
   1.5942029E-01   0.0000000E+00   0.0000000E+00   9.1920348E+05   0.0000000E+00   0.0000000E+00   2.8483962E-02
   1.7391304E-01   0.0000000E+00   0.0000000E+00   7.0778921E+05   0.0000000E+00   0.0000000E+00   2.7633488E-02
   1.8840580E-01   0.0000000E+00   0.0000000E+00   5.5343922E+05   0.0000000E+00   0.0000000E+00   2.3661229E-02
   2.0289855E-01   0.0000000E+00   0.0000000E+00   4.4284297E+05   0.0000000E+00   0.0000000E+00   2.2147338E-02
   2.1739130E-01   0.0000000E+00   0.0000000E+00   3.6538063E+05   0.0000000E+00   0.0000000E+00   2.0453105E-02
   2.3188406E-01   0.0000000E+00   0.0000000E+00   3.0252637E+05   0.0000000E+00   0.0000000E+00   2.1820635E-02
   2.4637681E-01   0.0000000E+00   0.0000000E+00   2.4537297E+05   0.0000000E+00   0.0000000E+00   2.2854361E-02
   2.6086957E-01   0.0000000E+00   0.0000000E+00   1.9478042E+05   0.0000000E+00   0.0000000E+00   1.9215940E-02
   2.7536232E-01   0.0000000E+00   0.0000000E+00   1.4069974E+05   0.0000000E+00   0.0000000E+00   2.0985345E-02
   2.8985507E-01   0.0000000E+00   0.0000000E+00   9.2481762E+04   0.0000000E+00   0.0000000E+00   2.7063520E-02
   3.0434783E-01   0.0000000E+00   0.0000000E+00   5.3979718E+04   0.0000000E+00   0.0000000E+00   4.2163058E-02
   3.1884058E-01   0.0000000E+00   0.0000000E+00   2.2387675E+04   0.0000000E+00   0.0000000E+00   6.2009281E-02
   3.3333333E-01   0.0000000E+00   0.0000000E+00   5.5018272E+03   0.0000000E+00   0.0000000E+00   6.4487196E-02
   3.4782609E-01   0.0000000E+00   0.0000000E+00   2.1784930E+03   0.0000000E+00   0.0000000E+00   5.6086889E-02
   3.6231884E-01   0.0000000E+00   0.0000000E+00   2.2429006E+03   0.0000000E+00   0.0000000E+00   7.3784630E-02
   3.7681159E-01   0.0000000E+00   0.0000000E+00   2.0692040E+03   0.0000000E+00   0.0000000E+00   9.6049185E-02
   3.9130435E-01   0.0000000E+00   0.0000000E+00   1.9925668E+03   0.0000000E+00   0.0000000E+00   1.1805056E-01
   4.0579710E-01   0.0000000E+00   0.0000000E+00   2.0837759E+03   0.0000000E+00   0.0000000E+00   1.3023615E-01
   4.2028986E-01   0.0000000E+00   0.0000000E+00   1.7767619E+03   0.0000000E+00   0.0000000E+00   1.3191268E-01
   4.3478261E-01   0.0000000E+00   0.0000000E+00   2.1721785E+03   0.0000000E+00   0.0000000E+00   1.4825014E-01
   4.4927536E-01   0.0000000E+00   0.0000000E+00   2.2732101E+03   0.0000000E+00   0.0000000E+00   1.6697556E-01
   4.6376812E-01   0.0000000E+00   0.0000000E+00   1.7285868E+03   0.0000000E+00   0.0000000E+00   1.5876360E-01
   4.7826087E-01   0.0000000E+00   0.0000000E+00   1.6532437E+03   0.0000000E+00   0.0000000E+00   1.6643895E-01
   4.9275362E-01   0.0000000E+00   0.0000000E+00   1.8497690E+03   0.0000000E+00   0.0000000E+00   1.7971979E-01
   5.0724638E-01   0.0000000E+00   0.0000000E+00   1.8835169E+03   0.0000000E+00   0.0000000E+00   1.5379893E-01
   5.2173913E-01   0.0000000E+00   0.0000000E+00   1.7470040E+03   0.0000000E+00   0.0000000E+00   1.6171675E-01
   5.3623188E-01   0.0000000E+00   0.0000000E+00   1.7817052E+03   0.0000000E+00   0.0000000E+00   1.9085928E-01
   5.5072464E-01   0.0000000E+00   0.0000000E+00   1.4755925E+03   0.0000000E+00   0.0000000E+00   1.9622968E-01
   5.6521739E-01   0.0000000E+00   0.0000000E+00   1.2434653E+03   0.0000000E+00   0.0000000E+00   2.1889582E-01
   5.7971014E-01   0.0000000E+00   0.0000000E+00   1.4207563E+03   0.0000000E+00   0.0000000E+00   2.0349333E-01
   5.9420290E-01   0.0000000E+00   0.0000000E+00   1.2382526E+03   0.0000000E+00   0.0000000E+00   1.9774965E-01
   6.0869565E-01   0.0000000E+00   0.0000000E+00   1.2809358E+03   0.0000000E+00   0.0000000E+00   2.1262809E-01
   6.2318841E-01   0.0000000E+00   0.0000000E+00   1.0573070E+03   0.0000000E+00   0.0000000E+00   2.1666646E-01
   6.3768116E-01   0.0000000E+00   0.0000000E+00   1.0332773E+03   0.0000000E+00   0.0000000E+00   2.3583328E-01
   6.5217391E-01   0.0000000E+00   0.0000000E+00   1.0608314E+03   0.0000000E+00   0.0000000E+00   2.2464753E-01
   6.6666667E-01   0.0000000E+00   0.0000000E+00   6.7537400E+02   0.0000000E+00   0.0000000E+00   1.9314059E-01
   6.8115942E-01   0.0000000E+00   0.0000000E+00   6.1263817E+02   0.0000000E+00   0.0000000E+00   1.9357331E-01
   6.9565217E-01   0.0000000E+00   0.0000000E+00   6.7880578E+02   0.0000000E+00   0.0000000E+00   2.1722457E-01
   7.1014493E-01   0.0000000E+00   0.0000000E+00   6.0309654E+02   0.0000000E+00   0.0000000E+00   2.4590795E-01
   7.2463768E-01   0.0000000E+00   0.0000000E+00   5.1526095E+02   0.0000000E+00   0.0000000E+00   2.8003060E-01
   7.3913043E-01   0.0000000E+00   0.0000000E+00   5.0515779E+02   0.0000000E+00   0.0000000E+00   2.6606912E-01
   7.5362319E-01   0.0000000E+00   0.0000000E+00   2.7686533E+02   0.0000000E+00   0.0000000E+00   2.7075655E-01
   7.6811594E-01   0.0000000E+00   0.0000000E+00   3.2882913E+02   0.0000000E+00   0.0000000E+00   2.8046658E-01
   7.8260870E-01   0.0000000E+00   0.0000000E+00   3.5080402E+02   0.0000000E+00   0.0000000E+00   2.6149538E-01
   7.9710145E-01   0.0000000E+00   0.0000000E+00   2.2043249E+02   0.0000000E+00   0.0000000E+00   2.2780488E-01
   8.1159420E-01   0.0000000E+00   0.0000000E+00   1.8943417E+02   0.0000000E+00   0.0000000E+00   2.5298988E-01
   8.2608696E-01   0.0000000E+00   0.0000000E+00   2.2599164E+02   0.0000000E+00   0.0000000E+00   3.3170566E-01
   8.4057971E-01   0.0000000E+00   0.0000000E+00   3.2661064E+02   0.0000000E+00   0.0000000E+00   2.6610163E-01
   8.5507246E-01   0.0000000E+00   0.0000000E+00   2.6970289E+02   0.0000000E+00   0.0000000E+00   2.2812463E-01
   8.6956522E-01   0.0000000E+00   0.0000000E+00   1.6417628E+02   0.0000000E+00   0.0000000E+00   3.1754386E-01
   8.8405797E-01   0.0000000E+00   0.0000000E+00   1.6148487E+02   0.0000000E+00   0.0000000E+00   3.2086999E-01
   8.9855072E-01   0.0000000E+00   0.0000000E+00   1.5888027E+02   0.0000000E+00   0.0000000E+00   2.1736441E-01
   9.1304348E-01   0.0000000E+00   0.0000000E+00   1.0824810E+02   0.0000000E+00   0.0000000E+00   1.7215404E-01
   9.2753623E-01   0.0000000E+00   0.0000000E+00   4.7358543E+01   0.0000000E+00   0.0000000E+00   2.9045386E-01
   9.4202899E-01   0.0000000E+00   0.0000000E+00   3.4972462E+01   0.0000000E+00   0.0000000E+00   2.7012896E-01
   9.5652174E-01   0.0000000E+00   0.0000000E+00   5.7404294E+01   0.0000000E+00   0.0000000E+00   2.4819642E-01
   9.7101449E-01   0.0000000E+00   0.0000000E+00   5.6547514E+01   0.0000000E+00   0.0000000E+00   1.6455915E-01
   9.8550725E-01   0.0000000E+00   0.0000000E+00   2.2286373E+01   0.0000000E+00   0.0000000E+00   3.8835577E-06
   1.0000000E+00   0.0000000E+00   0.0000000E+00   0.0000000E+00   0.0000000E+00   0.0000000E+00   0.0000000E+00
