   0.0000000E+00   0.0000000E+00   0.0000000E+00   5.6937929E+10   0.0000000E+00   0.0000000E+00   4.3450645E-07
   1.4492754E-02   0.0000000E+00   0.0000000E+00   3.5906868E+07   0.0000000E+00   0.0000000E+00   2.2652211E-04
   2.8985507E-02   0.0000000E+00   0.0000000E+00   2.7012934E+07   0.0000000E+00   0.0000000E+00   1.7784433E-04
   4.3478261E-02   0.0000000E+00   0.0000000E+00   1.8899974E+07   0.0000000E+00   0.0000000E+00   1.5900145E-04
   5.7971014E-02   0.0000000E+00   0.0000000E+00   1.3437702E+07   0.0000000E+00   0.0000000E+00   2.8973231E-04
   7.2463768E-02   0.0000000E+00   0.0000000E+00   1.0709093E+07   0.0000000E+00   0.0000000E+00   2.4630970E-04
   8.6956522E-02   0.0000000E+00   0.0000000E+00   9.1239074E+06   0.0000000E+00   0.0000000E+00   6.9080857E-04
   1.0144928E-01   0.0000000E+00   0.0000000E+00   8.0468388E+06   0.0000000E+00   0.0000000E+00   7.1939937E-04
   1.1594203E-01   0.0000000E+00   0.0000000E+00   7.2074966E+06   0.0000000E+00   0.0000000E+00   8.7810373E-04
   1.3043478E-01   0.0000000E+00   0.0000000E+00   6.5385940E+06   0.0000000E+00   0.0000000E+00   7.9887516E-04
   1.4492754E-01   0.0000000E+00   0.0000000E+00   5.9716470E+06   0.0000000E+00   0.0000000E+00   9.6398989E-04
   1.5942029E-01   0.0000000E+00   0.0000000E+00   5.3531341E+06   0.0000000E+00   0.0000000E+00   1.3325003E-03
   1.7391304E-01   0.0000000E+00   0.0000000E+00   4.6859699E+06   0.0000000E+00   0.0000000E+00   1.2803803E-03
   1.8840580E-01   0.0000000E+00   0.0000000E+00   3.9624383E+06   0.0000000E+00   0.0000000E+00   1.4055785E-03
   2.0289855E-01   0.0000000E+00   0.0000000E+00   3.2006798E+06   0.0000000E+00   0.0000000E+00   1.6878794E-03
   2.1739130E-01   0.0000000E+00   0.0000000E+00   2.4677968E+06   0.0000000E+00   0.0000000E+00   2.5230762E-03
   2.3188406E-01   0.0000000E+00   0.0000000E+00   1.8013769E+06   0.0000000E+00   0.0000000E+00   3.2041330E-03
   2.4637681E-01   0.0000000E+00   0.0000000E+00   1.3469438E+06   0.0000000E+00   0.0000000E+00   3.4188392E-03
   2.6086957E-01   0.0000000E+00   0.0000000E+00   1.0872259E+06   0.0000000E+00   0.0000000E+00   2.7079740E-03
   2.7536232E-01   0.0000000E+00   0.0000000E+00   8.8930370E+05   0.0000000E+00   0.0000000E+00   3.1272083E-03
   2.8985507E-01   0.0000000E+00   0.0000000E+00   6.9707986E+05   0.0000000E+00   0.0000000E+00   5.2042468E-03
   3.0434783E-01   0.0000000E+00   0.0000000E+00   4.5926060E+05   0.0000000E+00   0.0000000E+00   7.5084688E-03
   3.1884058E-01   0.0000000E+00   0.0000000E+00   1.9356728E+05   0.0000000E+00   0.0000000E+00   1.6888265E-02
   3.3333333E-01   0.0000000E+00   0.0000000E+00   4.1576682E+04   0.0000000E+00   0.0000000E+00   9.1038087E-02
   3.4782609E-01   0.0000000E+00   0.0000000E+00   1.9259141E+04   0.0000000E+00   0.0000000E+00   2.3839111E-01
   3.6231884E-01   0.0000000E+00   0.0000000E+00   1.7791657E+04   0.0000000E+00   0.0000000E+00   2.4871845E-01
   3.7681159E-01   0.0000000E+00   0.0000000E+00   1.3668404E+04   0.0000000E+00   0.0000000E+00   2.6830580E-01
   3.9130435E-01   0.0000000E+00   0.0000000E+00   1.0608314E+04   0.0000000E+00   0.0000000E+00   2.8501380E-01
   4.0579710E-01   0.0000000E+00   0.0000000E+00   8.3621655E+03   0.0000000E+00   0.0000000E+00   2.7610845E-01
   4.2028986E-01   0.0000000E+00   0.0000000E+00   6.9241456E+03   0.0000000E+00   0.0000000E+00   2.7743077E-01
   4.3478261E-01   0.0000000E+00   0.0000000E+00   5.9608619E+03   0.0000000E+00   0.0000000E+00   2.8485275E-01
   4.4927536E-01   0.0000000E+00   0.0000000E+00   4.9619531E+03   0.0000000E+00   0.0000000E+00   3.0215482E-01
   4.6376812E-01   0.0000000E+00   0.0000000E+00   3.8597212E+03   0.0000000E+00   0.0000000E+00   3.1090427E-01
   4.7826087E-01   0.0000000E+00   0.0000000E+00   3.0539085E+03   0.0000000E+00   0.0000000E+00   2.9427039E-01
   4.9275362E-01   0.0000000E+00   0.0000000E+00   2.8080830E+03   0.0000000E+00   0.0000000E+00   2.8078982E-01
   5.0724638E-01   0.0000000E+00   0.0000000E+00   2.5330055E+03   0.0000000E+00   0.0000000E+00   2.8703044E-01
   5.2173913E-01   0.0000000E+00   0.0000000E+00   2.2942583E+03   0.0000000E+00   0.0000000E+00   2.8279359E-01
   5.3623188E-01   0.0000000E+00   0.0000000E+00   1.9455401E+03   0.0000000E+00   0.0000000E+00   2.6963805E-01
   5.5072464E-01   0.0000000E+00   0.0000000E+00   1.4955329E+03   0.0000000E+00   0.0000000E+00   2.6256728E-01
   5.6521739E-01   0.0000000E+00   0.0000000E+00   1.4183276E+03   0.0000000E+00   0.0000000E+00   2.5395668E-01
   5.7971014E-01   0.0000000E+00   0.0000000E+00   1.4018129E+03   0.0000000E+00   0.0000000E+00   2.5684754E-01
   5.9420290E-01   0.0000000E+00   0.0000000E+00   1.4415478E+03   0.0000000E+00   0.0000000E+00   2.4667492E-01
   6.0869565E-01   0.0000000E+00   0.0000000E+00   1.2809358E+03   0.0000000E+00   0.0000000E+00   2.1085366E-01
   6.2318841E-01   0.0000000E+00   0.0000000E+00   1.1630377E+03   0.0000000E+00   0.0000000E+00   1.9057578E-01
   6.3768116E-01   0.0000000E+00   0.0000000E+00   1.1366050E+03   0.0000000E+00   0.0000000E+00   2.0516450E-01
   6.5217391E-01   0.0000000E+00   0.0000000E+00   8.7560683E+02   0.0000000E+00   0.0000000E+00   2.1701920E-01
   6.6666667E-01   0.0000000E+00   0.0000000E+00   7.9068176E+02   0.0000000E+00   0.0000000E+00   2.2548517E-01
   6.8115942E-01   0.0000000E+00   0.0000000E+00   6.7712640E+02   0.0000000E+00   0.0000000E+00   2.5064046E-01
   6.9565217E-01   0.0000000E+00   0.0000000E+00   5.5251633E+02   0.0000000E+00   0.0000000E+00   2.0783437E-01
   7.1014493E-01   0.0000000E+00   0.0000000E+00   6.3402457E+02   0.0000000E+00   0.0000000E+00   2.0216691E-01
   7.2463768E-01   0.0000000E+00   0.0000000E+00   6.3649881E+02   0.0000000E+00   0.0000000E+00   2.1655916E-01
   7.3913043E-01   0.0000000E+00   0.0000000E+00   4.7544263E+02   0.0000000E+00   0.0000000E+00   2.2111708E-01
   7.5362319E-01   0.0000000E+00   0.0000000E+00   4.6629950E+02   0.0000000E+00   0.0000000E+00   2.3973991E-01
   7.6811594E-01   0.0000000E+00   0.0000000E+00   4.8609523E+02   0.0000000E+00   0.0000000E+00   2.2095384E-01
   7.8260870E-01   0.0000000E+00   0.0000000E+00   3.6483618E+02   0.0000000E+00   0.0000000E+00   2.0026065E-01
   7.9710145E-01   0.0000000E+00   0.0000000E+00   3.4442577E+02   0.0000000E+00   0.0000000E+00   1.5887210E-01
   8.1159420E-01   0.0000000E+00   0.0000000E+00   3.2474429E+02   0.0000000E+00   0.0000000E+00   1.7807000E-01
   8.2608696E-01   0.0000000E+00   0.0000000E+00   2.9245977E+02   0.0000000E+00   0.0000000E+00   2.3299902E-01
   8.4057971E-01   0.0000000E+00   0.0000000E+00   3.0048179E+02   0.0000000E+00   0.0000000E+00   2.8130952E-01
   8.5507246E-01   0.0000000E+00   0.0000000E+00   2.6970289E+02   0.0000000E+00   0.0000000E+00   2.4509581E-01
   8.6956522E-01   0.0000000E+00   0.0000000E+00   1.5154734E+02   0.0000000E+00   0.0000000E+00   1.9896058E-01
   8.8405797E-01   0.0000000E+00   0.0000000E+00   1.1179722E+02   0.0000000E+00   0.0000000E+00   3.0929238E-01
   8.9855072E-01   0.0000000E+00   0.0000000E+00   1.3443715E+02   0.0000000E+00   0.0000000E+00   2.5303251E-01
   9.1304348E-01   0.0000000E+00   0.0000000E+00   1.0824810E+02   0.0000000E+00   0.0000000E+00   3.1458000E-01
   9.2753623E-01   0.0000000E+00   0.0000000E+00   7.1037814E+01   0.0000000E+00   0.0000000E+00   3.9794699E-01
   9.4202899E-01   0.0000000E+00   0.0000000E+00   2.3314975E+01   0.0000000E+00   0.0000000E+00   4.0208850E-01
   9.5652174E-01   0.0000000E+00   0.0000000E+00   6.8885153E+01   0.0000000E+00   0.0000000E+00   3.4567546E-01
   9.7101449E-01   0.0000000E+00   0.0000000E+00   9.0476022E+01   0.0000000E+00   0.0000000E+00   2.5778321E-01
   9.8550725E-01   0.0000000E+00   0.0000000E+00   3.3429560E+01   0.0000000E+00   0.0000000E+00   1.3857919E-01
   1.0000000E+00   0.0000000E+00   0.0000000E+00   0.0000000E+00   0.0000000E+00   0.0000000E+00   0.0000000E+00
