   0.0000000E+00   0.0000000E+00   0.0000000E+00   5.9446643E+10   0.0000000E+00   0.0000000E+00   2.0528678E-05
   1.4492754E-02   0.0000000E+00   0.0000000E+00   2.5686516E+07   0.0000000E+00   0.0000000E+00   2.0628909E-02
   2.8985507E-02   0.0000000E+00   0.0000000E+00   1.5081991E+07   0.0000000E+00   0.0000000E+00   2.0557759E-02
   4.3478261E-02   0.0000000E+00   0.0000000E+00   8.0552461E+06   0.0000000E+00   0.0000000E+00   1.4663148E-02
   5.7971014E-02   0.0000000E+00   0.0000000E+00   4.5092910E+06   0.0000000E+00   0.0000000E+00   1.0616767E-02
   7.2463768E-02   0.0000000E+00   0.0000000E+00   3.0648933E+06   0.0000000E+00   0.0000000E+00   8.1926461E-03
   8.6956522E-02   0.0000000E+00   0.0000000E+00   2.3534039E+06   0.0000000E+00   0.0000000E+00   6.0192835E-03
   1.0144928E-01   0.0000000E+00   0.0000000E+00   1.9010531E+06   0.0000000E+00   0.0000000E+00   8.7142377E-03
   1.1594203E-01   0.0000000E+00   0.0000000E+00   1.6007187E+06   0.0000000E+00   0.0000000E+00   1.1206673E-02
   1.3043478E-01   0.0000000E+00   0.0000000E+00   1.3668728E+06   0.0000000E+00   0.0000000E+00   1.2731962E-02
   1.4492754E-01   0.0000000E+00   0.0000000E+00   1.1665356E+06   0.0000000E+00   0.0000000E+00   1.4325367E-02
   1.5942029E-01   0.0000000E+00   0.0000000E+00   9.8464438E+05   0.0000000E+00   0.0000000E+00   1.5732062E-02
   1.7391304E-01   0.0000000E+00   0.0000000E+00   8.2719588E+05   0.0000000E+00   0.0000000E+00   1.5099301E-02
   1.8840580E-01   0.0000000E+00   0.0000000E+00   6.9496111E+05   0.0000000E+00   0.0000000E+00   1.4210201E-02
   2.0289855E-01   0.0000000E+00   0.0000000E+00   5.8892378E+05   0.0000000E+00   0.0000000E+00   1.6393171E-02
   2.1739130E-01   0.0000000E+00   0.0000000E+00   4.9975260E+05   0.0000000E+00   0.0000000E+00   1.6869969E-02
   2.3188406E-01   0.0000000E+00   0.0000000E+00   4.2835802E+05   0.0000000E+00   0.0000000E+00   1.5923257E-02
   2.4637681E-01   0.0000000E+00   0.0000000E+00   3.6540737E+05   0.0000000E+00   0.0000000E+00   1.3013756E-02
   2.6086957E-01   0.0000000E+00   0.0000000E+00   2.9951647E+05   0.0000000E+00   0.0000000E+00   1.3421307E-02
   2.7536232E-01   0.0000000E+00   0.0000000E+00   2.3509778E+05   0.0000000E+00   0.0000000E+00   1.3688576E-02
   2.8985507E-01   0.0000000E+00   0.0000000E+00   1.6708094E+05   0.0000000E+00   0.0000000E+00   1.1637989E-02
   3.0434783E-01   0.0000000E+00   0.0000000E+00   9.9985160E+04   0.0000000E+00   0.0000000E+00   1.9263674E-02
   3.1884058E-01   0.0000000E+00   0.0000000E+00   4.1641075E+04   0.0000000E+00   0.0000000E+00   4.5569773E-02
   3.3333333E-01   0.0000000E+00   0.0000000E+00   1.4495832E+04   0.0000000E+00   0.0000000E+00   1.0439520E-01
   3.4782609E-01   0.0000000E+00   0.0000000E+00   1.0639886E+04   0.0000000E+00   0.0000000E+00   1.4925001E-01
   3.6231884E-01   0.0000000E+00   0.0000000E+00   1.1244812E+04   0.0000000E+00   0.0000000E+00   1.6685075E-01
   3.7681159E-01   0.0000000E+00   0.0000000E+00   1.2764949E+04   0.0000000E+00   0.0000000E+00   1.8533804E-01
   3.9130435E-01   0.0000000E+00   0.0000000E+00   1.2628945E+04   0.0000000E+00   0.0000000E+00   1.9906709E-01
   4.0579710E-01   0.0000000E+00   0.0000000E+00   1.0364755E+04   0.0000000E+00   0.0000000E+00   1.9932875E-01
   4.2028986E-01   0.0000000E+00   0.0000000E+00   8.7009074E+03   0.0000000E+00   0.0000000E+00   2.0109690E-01
   4.3478261E-01   0.0000000E+00   0.0000000E+00   8.2088141E+03   0.0000000E+00   0.0000000E+00   2.2165655E-01
   4.4927536E-01   0.0000000E+00   0.0000000E+00   6.7951870E+03   0.0000000E+00   0.0000000E+00   2.2692947E-01
   4.6376812E-01   0.0000000E+00   0.0000000E+00   5.3988739E+03   0.0000000E+00   0.0000000E+00   2.2661872E-01
   4.7826087E-01   0.0000000E+00   0.0000000E+00   4.7530756E+03   0.0000000E+00   0.0000000E+00   2.2943458E-01
   4.9275362E-01   0.0000000E+00   0.0000000E+00   3.7663970E+03   0.0000000E+00   0.0000000E+00   2.2199209E-01
   5.0724638E-01   0.0000000E+00   0.0000000E+00   2.9010490E+03   0.0000000E+00   0.0000000E+00   2.1967923E-01
   5.2173913E-01   0.0000000E+00   0.0000000E+00   2.7573196E+03   0.0000000E+00   0.0000000E+00   2.1951640E-01
   5.3623188E-01   0.0000000E+00   0.0000000E+00   2.5394419E+03   0.0000000E+00   0.0000000E+00   2.1718127E-01
   5.5072464E-01   0.0000000E+00   0.0000000E+00   1.9142821E+03   0.0000000E+00   0.0000000E+00   2.3392372E-01
   5.6521739E-01   0.0000000E+00   0.0000000E+00   1.7097648E+03   0.0000000E+00   0.0000000E+00   2.5201915E-01
   5.7971014E-01   0.0000000E+00   0.0000000E+00   1.5533602E+03   0.0000000E+00   0.0000000E+00   2.4120170E-01
   5.9420290E-01   0.0000000E+00   0.0000000E+00   1.4600292E+03   0.0000000E+00   0.0000000E+00   2.5842205E-01
   6.0869565E-01   0.0000000E+00   0.0000000E+00   1.3531012E+03   0.0000000E+00   0.0000000E+00   2.4976960E-01
   6.2318841E-01   0.0000000E+00   0.0000000E+00   1.0573070E+03   0.0000000E+00   0.0000000E+00   2.2043759E-01
   6.3768116E-01   0.0000000E+00   0.0000000E+00   9.8161343E+02   0.0000000E+00   0.0000000E+00   2.3843725E-01
   6.5217391E-01   0.0000000E+00   0.0000000E+00   8.2509106E+02   0.0000000E+00   0.0000000E+00   2.1623817E-01
   6.6666667E-01   0.0000000E+00   0.0000000E+00   8.0715429E+02   0.0000000E+00   0.0000000E+00   2.0281054E-01
   6.8115942E-01   0.0000000E+00   0.0000000E+00   6.2876023E+02   0.0000000E+00   0.0000000E+00   2.1774283E-01
   6.9565217E-01   0.0000000E+00   0.0000000E+00   5.2094397E+02   0.0000000E+00   0.0000000E+00   2.3069805E-01
   7.1014493E-01   0.0000000E+00   0.0000000E+00   6.0309654E+02   0.0000000E+00   0.0000000E+00   2.7418353E-01
   7.2463768E-01   0.0000000E+00   0.0000000E+00   6.0618935E+02   0.0000000E+00   0.0000000E+00   2.3391595E-01
   7.3913043E-01   0.0000000E+00   0.0000000E+00   5.2001537E+02   0.0000000E+00   0.0000000E+00   1.8107375E-01
   7.5362319E-01   0.0000000E+00   0.0000000E+00   4.0801206E+02   0.0000000E+00   0.0000000E+00   2.2862487E-01
   7.6811594E-01   0.0000000E+00   0.0000000E+00   4.7179831E+02   0.0000000E+00   0.0000000E+00   2.4409552E-01
   7.8260870E-01   0.0000000E+00   0.0000000E+00   5.1918995E+02   0.0000000E+00   0.0000000E+00   2.5451231E-01
   7.9710145E-01   0.0000000E+00   0.0000000E+00   3.9953389E+02   0.0000000E+00   0.0000000E+00   2.1630541E-01
   8.1159420E-01   0.0000000E+00   0.0000000E+00   2.8415126E+02   0.0000000E+00   0.0000000E+00   1.4517656E-01
   8.2608696E-01   0.0000000E+00   0.0000000E+00   2.6587252E+02   0.0000000E+00   0.0000000E+00   2.4705799E-01
   8.4057971E-01   0.0000000E+00   0.0000000E+00   1.8290196E+02   0.0000000E+00   0.0000000E+00   3.2356399E-01
   8.5507246E-01   0.0000000E+00   0.0000000E+00   1.7980193E+02   0.0000000E+00   0.0000000E+00   1.6339234E-01
   8.6956522E-01   0.0000000E+00   0.0000000E+00   2.2732101E+02   0.0000000E+00   0.0000000E+00   1.9059118E-01
   8.8405797E-01   0.0000000E+00   0.0000000E+00   1.6148487E+02   0.0000000E+00   0.0000000E+00   2.1814542E-01
   8.9855072E-01   0.0000000E+00   0.0000000E+00   1.4665871E+02   0.0000000E+00   0.0000000E+00   2.3564743E-01
   9.1304348E-01   0.0000000E+00   0.0000000E+00   1.6838593E+02   0.0000000E+00   0.0000000E+00   2.5875339E-01
   9.2753623E-01   0.0000000E+00   0.0000000E+00   1.6575490E+02   0.0000000E+00   0.0000000E+00   1.7449049E-01
   9.4202899E-01   0.0000000E+00   0.0000000E+00   1.5154734E+02   0.0000000E+00   0.0000000E+00   9.4965371E-02
   9.5652174E-01   0.0000000E+00   0.0000000E+00   1.1480859E+02   0.0000000E+00   0.0000000E+00   8.3977086E-02
   9.7101449E-01   0.0000000E+00   0.0000000E+00   7.9166519E+01   0.0000000E+00   0.0000000E+00   1.7834221E-01
   9.8550725E-01   0.0000000E+00   0.0000000E+00   3.3429560E+01   0.0000000E+00   0.0000000E+00   2.7892450E-01
   1.0000000E+00   0.0000000E+00   0.0000000E+00   0.0000000E+00   0.0000000E+00   0.0000000E+00   0.0000000E+00
