   0.0000000E+00   6.1916180E+07   3.2861525E+07   9.4777704E+07   2.1492560E-03   1.3430837E-04   1.3622710E-03
   1.4492754E-02   6.2330662E+07   3.3752623E+07   9.6081769E+07   7.7628908E-04   2.4101520E-04   4.7617656E-04
   2.8985507E-02   6.4244705E+07   3.4584239E+07   9.8828565E+07   6.9100876E-04   1.4289451E-04   4.8925983E-04
   4.3478261E-02   6.6603539E+07   3.5959910E+07   1.0256623E+08   6.8160056E-04   1.9451792E-04   4.9271824E-04
   5.7971014E-02   6.8204068E+07   3.6749282E+07   1.0495221E+08   4.9831218E-04   1.8427921E-04   2.8500781E-04
   7.2463768E-02   6.8237219E+07   3.6892684E+07   1.0512854E+08   6.6612480E-04   1.0083984E-04   4.6156799E-04
   8.6956522E-02   6.6721241E+07   3.5609330E+07   1.0233360E+08   4.5622457E-04   7.6778100E-05   3.1774698E-04
   1.0144928E-01   6.3781403E+07   3.4014367E+07   9.7799342E+07   4.4536557E-04   7.4703900E-05   2.8577311E-04
   1.1594203E-01   6.0741404E+07   3.2019111E+07   9.2759189E+07   1.5905088E-04   9.1110798E-05   7.8794388E-05
   1.3043478E-01   5.7838883E+07   3.0286483E+07   8.8123766E+07   1.8129253E-04   5.2996830E-05   1.3835252E-04
   1.4492754E-01   5.4989557E+07   2.8810664E+07   8.3796130E+07   7.0859362E-04   7.8242403E-05   4.3147768E-04
   1.5942029E-01   4.6429695E+07   2.4138460E+07   7.0566846E+07   1.5221854E-03   1.3864273E-04   9.5830466E-04
   1.7391304E-01   2.1736624E+07   1.0293537E+07   3.2030287E+07   4.0858838E-03   9.4687189E-04   3.0771675E-03
   1.8840580E-01   1.0579053E+07   4.3504577E+06   1.4928637E+07   8.8307457E-03   2.2914231E-03   6.9203022E-03
   2.0289855E-01   7.7355173E+06   2.9548483E+06   1.0690203E+07   2.3993726E-03   2.6000231E-03   2.4587262E-03
   2.1739130E-01   6.4592506E+06   2.4102088E+06   8.8693079E+06   1.9427129E-03   2.4810286E-03   2.0835906E-03
   2.3188406E-01   5.6088143E+06   2.0628434E+06   7.6717998E+06   1.4278396E-03   2.4958463E-03   1.7135096E-03
   2.4637681E-01   4.9779734E+06   1.8437071E+06   6.8215022E+06   5.3410318E-04   2.4499121E-03   1.0156319E-03
   2.6086957E-01   4.4599539E+06   1.6842382E+06   6.1439816E+06   5.9270624E-04   1.8279553E-03   9.2785963E-04
   2.7536232E-01   3.9944289E+06   1.5346561E+06   5.5290451E+06   3.5885684E-04   1.4002319E-03   6.2533253E-04
   2.8985507E-01   3.4575525E+06   1.3840439E+06   4.8417480E+06   1.2111270E-03   9.7645712E-04   5.9282828E-04
   3.0434783E-01   2.6686764E+06   1.1105894E+06   3.7794462E+06   3.1359770E-04   7.4233889E-04   4.0654783E-04
   3.1884058E-01   1.4093902E+06   5.9537438E+05   2.0047991E+06   5.0446430E-03   2.4263261E-04   3.5960466E-03
   3.3333333E-01   2.3190037E+05   8.2296793E+04   3.1419716E+05   3.4076908E-02   5.6499630E-04   2.5201513E-02
   3.4782609E-01   4.9126595E+04   8.1456694E+03   5.7272264E+04   8.1941682E-02   2.0714095E-03   7.0428686E-02
   3.6231884E-01   5.0040931E+04   8.6381982E+03   5.8679129E+04   9.6543136E-02   1.4608616E-04   8.2321972E-02
   3.7681159E-01   5.1001508E+04   7.1984985E+03   5.8200006E+04   1.0790909E-01   2.7391302E-03   9.4730891E-02
   3.9130435E-01   5.0010621E+04   8.3631678E+03   5.8373789E+04   1.0785351E-01   1.0998700E-03   9.2471060E-02
   4.0579710E-01   5.0524800E+04   7.2796846E+03   5.7804484E+04   1.1984677E-01   3.8414328E-03   1.0523704E-01
   4.2028986E-01   4.7005803E+04   7.2115629E+03   5.4217366E+04   1.2616608E-01   2.8445239E-03   1.0975801E-01
   4.3478261E-01   4.2382739E+04   6.6933407E+03   4.9076079E+04   1.3554603E-01   1.5581629E-03   1.1726605E-01
   4.4927536E-01   4.2262152E+04   5.1330550E+03   4.7395207E+04   1.2921625E-01   1.0405699E-05   1.1522065E-01
   4.6376812E-01   3.6229285E+04   3.7886834E+03   4.0017969E+04   1.2318128E-01   7.2735519E-06   1.1151927E-01
   4.7826087E-01   3.3317452E+04   4.0642240E+03   3.7381676E+04   1.1856423E-01   1.7107338E-03   1.0584982E-01
   4.9275362E-01   2.8905426E+04   3.3206696E+03   3.2226095E+04   1.1538464E-01   2.0414305E-04   1.0351377E-01
   5.0724638E-01   2.6131091E+04   2.3381589E+03   2.8469250E+04   1.0281297E-01   3.0198802E-03   9.4615350E-02
   5.2173913E-01   2.3763464E+04   1.8522452E+03   2.5615710E+04   9.1036018E-02   3.5754800E-05   8.4450717E-02
   5.3623188E-01   2.0131221E+04   1.5973908E+03   2.1728611E+04   8.8845384E-02   5.4498838E-03   8.2691249E-02
   5.5072464E-01   1.8285383E+04   1.4157712E+03   1.9701154E+04   8.1426385E-02   1.0301311E-05   7.5575631E-02
   5.6521739E-01   1.7797098E+04   1.1851779E+03   1.8982275E+04   7.1312003E-02   3.1471666E-06   6.6859739E-02
   5.7971014E-01   1.5893527E+04   8.1456694E+02   1.6708094E+04   5.4592498E-02   1.9989350E-05   5.1929990E-02
   5.9420290E-01   1.4175220E+04   7.0229254E+02   1.4877513E+04   6.8789347E-02   2.5235168E-05   6.5543334E-02
   6.0869565E-01   1.2719151E+04   6.1340589E+02   1.3332557E+04   5.4352075E-02   7.2582876E-06   5.1851743E-02
   6.2318841E-01   1.0802153E+04   5.2865350E+02   1.1330807E+04   4.4127559E-02   1.0235361E-05   4.2068379E-02
   6.3768116E-01   1.0091675E+04   5.5108122E+02   1.0642756E+04   4.3984612E-02   6.8440211E-06   4.1706741E-02
   6.5217391E-01   7.9646545E+03   4.0412623E+02   8.3687807E+03   4.1759651E-02   2.1416460E-06   3.9743184E-02
   6.6666667E-01   7.1984985E+03   2.3061551E+02   7.4291140E+03   3.9095050E-02   1.0218694E-03   3.7850846E-02
   6.8115942E-01   6.6261655E+03   1.7734263E+02   6.8035081E+03   2.7702262E-02   1.6055182E-06   2.6980177E-02
   6.9565217E-01   6.4091895E+03   2.6836508E+02   6.6775545E+03   3.8879739E-02   2.2903103E-05   3.7316570E-02
   7.1014493E-01   5.0876606E+03   9.2784084E+01   5.1804447E+03   2.4375077E-02   3.2590706E-06   2.3938451E-02
   7.2463768E-01   4.1069328E+03   1.5154734E+02   4.2584802E+03   4.6461060E-02   8.3260916E-06   4.4807924E-02
   7.3913043E-01   3.6995379E+03   7.4287910E+01   3.7738258E+03   2.2539379E-02   2.1212581E-06   2.2095717E-02
   7.5362319E-01   2.8706563E+03   4.3715578E+01   2.9143719E+03   2.8088150E-02   1.5840520E-05   2.7666591E-02
   7.6811594E-01   2.4876638E+03   0.0000000E+00   2.4876638E+03   3.6744096E-02   0.0000000E+00   3.6744096E-02
   7.8260870E-01   2.2030492E+03   2.8064322E+01   2.2311136E+03   4.5023665E-02   4.9185880E-05   4.4456715E-02
   7.9710145E-01   1.7359059E+03   1.3777031E+01   1.7496829E+03   2.1258893E-02   2.6290540E-06   2.1091521E-02
   8.1159420E-01   1.3395702E+03   0.0000000E+00   1.3395702E+03   3.0237412E-02   0.0000000E+00   3.0237412E-02
   8.2608696E-01   8.9067294E+02   0.0000000E+00   8.9067294E+02   2.5918335E-02   0.0000000E+00   2.5918335E-02
   8.4057971E-01   9.2757422E+02   0.0000000E+00   9.2757422E+02   7.5620564E-02   0.0000000E+00   7.5620564E-02
   8.5507246E-01   4.6234781E+02   1.2842995E+01   4.7519080E+02   5.2568358E-02   8.3487923E-06   5.1147394E-02
   8.6956522E-01   5.0515779E+02   0.0000000E+00   5.0515779E+02   5.2098138E-02   0.0000000E+00   5.2098138E-02
   8.8405797E-01   2.8570400E+02   0.0000000E+00   2.8570400E+02   7.9938923E-02   0.0000000E+00   7.9938923E-02
   8.9855072E-01   2.3220963E+02   0.0000000E+00   2.3220963E+02   4.4151201E-02   0.0000000E+00   4.4151201E-02
   9.1304348E-01   1.0824810E+02   1.2027566E+01   1.2027566E+02   8.1489704E-02   8.3620246E-07   7.3340816E-02
   9.2753623E-01   2.2495308E+02   2.3679271E+01   2.4863235E+02   8.4665602E-02   4.0408907E-06   7.6601846E-02
   9.4202899E-01   1.1657487E+02   0.0000000E+00   1.1657487E+02   3.2519938E-02   0.0000000E+00   3.2519938E-02
   9.5652174E-01   4.5923435E+01   0.0000000E+00   4.5923435E+01   5.1718352E-04   0.0000000E+00   5.1718352E-04
   9.7101449E-01   2.2619005E+01   0.0000000E+00   2.2619005E+01   2.1382926E-01   0.0000000E+00   2.1382926E-01
   9.8550725E-01   3.3429560E+01   0.0000000E+00   3.3429560E+01   1.3348949E-01   0.0000000E+00   1.3348949E-01
   1.0000000E+00   0.0000000E+00   0.0000000E+00   0.0000000E+00   0.0000000E+00   0.0000000E+00   0.0000000E+00
