   0.0000000E+00   4.9840888E+07   3.3661694E+07   8.3502583E+07   1.6955257E-03   3.8339138E-04   1.1534783E-03
   1.4492754E-02   5.0444047E+07   3.3148707E+07   8.3589722E+07   7.1613499E-04   7.8940734E-05   4.0426272E-04
   2.8985507E-02   5.2047796E+07   3.4137932E+07   8.6179287E+07   9.3938569E-04   6.4386863E-05   5.4803003E-04
   4.3478261E-02   5.4183982E+07   3.5557804E+07   8.9731431E+07   3.2732958E-04   9.4348731E-05   2.0442627E-04
   5.7971014E-02   5.5723198E+07   3.6436905E+07   9.2147411E+07   2.9867817E-04   8.1838748E-05   1.5055055E-04
   7.2463768E-02   5.6296047E+07   3.6066448E+07   9.2341429E+07   1.1739500E-04   1.1934908E-05   6.6598814E-05
   8.6956522E-02   5.5599813E+07   3.4895037E+07   9.0476538E+07   3.6752124E-04   6.8075416E-05   2.3876395E-04
   1.0144928E-01   5.4284689E+07   3.3130846E+07   8.7391287E+07   1.4703688E-04   8.5637950E-05   7.1677382E-05
   1.1594203E-01   5.2224065E+07   3.0882411E+07   8.3081470E+07   8.0168529E-05   2.7381661E-05   5.1075678E-05
   1.3043478E-01   5.0198035E+07   2.9156445E+07   7.9327622E+07   2.3579079E-04   8.8491530E-05   1.7512373E-04
   1.4492754E-01   4.8686097E+07   2.7642916E+07   7.6298022E+07   2.3300421E-04   3.8417817E-05   1.3187931E-04
   1.5942029E-01   4.2973176E+07   2.3635736E+07   6.6588040E+07   2.2611418E-04   1.1892477E-04   1.6791488E-04
   1.7391304E-01   2.2928165E+07   1.0105682E+07   3.3029363E+07   1.1392476E-03   6.8870899E-04   9.9400416E-04
   1.8840580E-01   1.4453827E+07   4.8947458E+06   1.9345542E+07   1.3560782E-03   1.4699421E-03   1.3754938E-03
   2.0289855E-01   1.1989343E+07   3.6854147E+06   1.5673621E+07   1.0467976E-03   1.3730344E-03   1.0885213E-03
   2.1739130E-01   1.0538147E+07   3.0138219E+06   1.3551009E+07   7.4900701E-04   1.8019432E-03   9.6399835E-04
   2.3188406E-01   9.4690565E+06   2.5315983E+06   1.1999613E+07   4.6618615E-04   1.5558874E-03   6.4232869E-04
   2.4637681E-01   8.4610215E+06   2.1854463E+06   1.0645755E+07   5.0653029E-04   1.4522703E-03   6.8389197E-04
   2.6086957E-01   7.6374806E+06   1.9278084E+06   9.5646576E+06   8.4692571E-04   1.3854490E-03   9.4079336E-04
   2.7536232E-01   6.8711961E+06   1.7247283E+06   8.5954858E+06   7.6162459E-04   7.6691979E-04   7.4989444E-04
   2.8985507E-01   6.0491256E+06   1.5348335E+06   7.5834287E+06   1.0895896E-03   7.5255155E-04   9.6188785E-04
   3.0434783E-01   4.8155249E+06   1.2737193E+06   6.0888112E+06   1.1286356E-03   7.8124669E-04   1.0160365E-03
   3.1884058E-01   2.7658078E+06   7.2291524E+05   3.4886541E+06   2.5326300E-03   6.4414468E-04   2.1410984E-03
   3.3333333E-01   5.3542333E+05   1.0028480E+05   6.3570813E+05   1.8988160E-02   3.5454501E-04   1.5985189E-02
   3.4782609E-01   1.8141479E+05   1.4712721E+04   1.9612751E+05   6.6379484E-02   3.6733781E-04   6.1415399E-02
   3.6231884E-01   1.6633836E+05   1.3669570E+04   1.8000793E+05   7.4495331E-02   8.7355705E-04   6.8903593E-02
   3.7681159E-01   1.3615945E+05   8.8014030E+03   1.4496086E+05   6.7587409E-02   1.1446499E-05   6.3483266E-02
   3.9130435E-01   1.0891763E+05   6.6793085E+03   1.1559694E+05   6.1673779E-02   7.5248102E-06   5.8109797E-02
   4.0579710E-01   8.6652602E+04   4.2487378E+03   9.0901340E+04   5.5906434E-02   2.5317187E-03   5.3391489E-02
   4.2028986E-01   6.9084683E+04   3.0309467E+03   7.2115629E+04   5.1361747E-02   6.5511648E-06   4.9203338E-02
   4.3478261E-01   5.3016310E+04   2.3237258E+03   5.5340036E+04   4.8150669E-02   1.0432259E-06   4.6128828E-02
   4.4927536E-01   4.3215434E+04   1.5888027E+03   4.4804237E+04   4.2505934E-02   1.5046664E-06   4.0998587E-02
   4.6376812E-01   3.4382302E+04   1.1602843E+03   3.5542586E+04   4.0543849E-02   2.8781425E-05   3.9219378E-02
   4.7826087E-01   2.7783678E+04   9.1846871E+02   2.8702147E+04   3.6319331E-02   1.7611753E-05   3.5156552E-02
   4.9275362E-01   2.1060623E+04   6.4630482E+02   2.1706927E+04   3.1314442E-02   2.2514196E-06   3.0382129E-02
   5.0724638E-01   1.7601141E+04   3.4639391E+02   1.7947535E+04   2.9884762E-02   7.0671105E-06   2.9307857E-02
   5.2173913E-01   1.4081273E+04   2.1048241E+02   1.4291756E+04   2.4181403E-02   2.0285256E-05   2.3825544E-02
   5.3623188E-01   1.0260164E+04   2.2527307E+02   1.0485437E+04   2.2332186E-02   1.8566527E-05   2.1851996E-02
   5.5072464E-01   9.3720064E+03   1.7946395E+02   9.5514703E+03   2.3521443E-02   1.3448150E-06   2.3079510E-02
   5.6521739E-01   6.6836261E+03   1.1657487E+02   6.8002010E+03   2.4369808E-02   1.0363512E-05   2.3951868E-02
   5.7971014E-01   4.5085333E+03   5.6830251E+01   4.5653635E+03   1.9374980E-02   1.3496766E-05   1.9133638E-02
   5.9420290E-01   3.3081675E+03   0.0000000E+00   3.3081675E+03   3.5058475E-02   0.0000000E+00   3.5058475E-02
   6.0869565E-01   2.5077476E+03   1.8041350E+01   2.5257889E+03   3.0912667E-02   4.2736066E-05   3.0691559E-02
   6.2318841E-01   1.5859605E+03   3.5243567E+01   1.6212041E+03   2.4338869E-02   8.3095008E-06   2.3809943E-02
   6.3768116E-01   1.1366050E+03   3.4442577E+01   1.1710476E+03   1.8494822E-02   1.0340575E-05   1.7951108E-02
   6.5217391E-01   8.4192965E+02   0.0000000E+00   8.4192965E+02   2.5582192E-02   0.0000000E+00   2.5582192E-02
   6.6666667E-01   4.9417610E+02   1.6472537E+01   5.1064863E+02   3.7432217E-02   7.7415996E-06   3.6224970E-02
   6.8115942E-01   4.1917348E+02   0.0000000E+00   4.1917348E+02   1.5807538E-02   0.0000000E+00   1.5807538E-02
   6.9565217E-01   4.8937161E+02   1.5786181E+01   5.0515779E+02   1.2492057E-02   9.0300398E-06   1.2101417E-02
   7.1014493E-01   3.2474429E+02   0.0000000E+00   3.2474429E+02   3.7873500E-02   0.0000000E+00   3.7873500E-02
   7.2463768E-01   4.5464201E+02   0.0000000E+00   4.5464201E+02   5.2892292E-07   0.0000000E+00   5.2892292E-07
   7.3913043E-01   2.2286373E+02   1.4857582E+01   2.3772131E+02   7.5454189E-06   3.5089381E-06   7.2929054E-06
   7.5362319E-01   2.1857789E+02   0.0000000E+00   2.1857789E+02   6.9668613E-06   0.0000000E+00   6.9668613E-06
   7.6811594E-01   1.8585994E+02   0.0000000E+00   1.8585994E+02   3.2322256E-02   0.0000000E+00   3.2322256E-02
   7.8260870E-01   2.5257889E+02   0.0000000E+00   2.5257889E+02   2.2773252E-02   0.0000000E+00   2.2773252E-02
   7.9710145E-01   1.6532437E+02   0.0000000E+00   1.6532437E+02   3.5304266E-02   0.0000000E+00   3.5304266E-02
   8.1159420E-01   1.7590316E+02   0.0000000E+00   1.7590316E+02   6.8565678E-06   0.0000000E+00   6.8565678E-06
   8.2608696E-01   1.4622989E+02   0.0000000E+00   1.4622989E+02   5.0325786E-07   0.0000000E+00   5.0325786E-07
   8.4057971E-01   1.5677311E+02   0.0000000E+00   1.5677311E+02   1.7246127E-05   0.0000000E+00   1.7246127E-05
   8.5507246E-01   1.9264492E+02   0.0000000E+00   1.9264492E+02   8.8665294E-06   0.0000000E+00   8.8665294E-06
   8.6956522E-01   1.2628945E+02   0.0000000E+00   1.2628945E+02   6.2399873E-06   0.0000000E+00   6.2399873E-06
   8.8405797E-01   1.3664104E+02   0.0000000E+00   1.3664104E+02   4.7026524E-06   0.0000000E+00   4.7026524E-06
   8.9855072E-01   1.0999403E+02   0.0000000E+00   1.0999403E+02   4.4913599E-02   0.0000000E+00   4.4913599E-02
   9.1304348E-01   4.8110266E+01   0.0000000E+00   4.8110266E+01   2.2636490E-06   0.0000000E+00   2.2636490E-06
   9.2753623E-01   3.5518907E+01   0.0000000E+00   3.5518907E+01   1.3188710E-05   0.0000000E+00   1.3188710E-05
   9.4202899E-01   6.9944925E+01   0.0000000E+00   6.9944925E+01   1.4954416E-05   0.0000000E+00   1.4954416E-05
   9.5652174E-01   4.5923435E+01   0.0000000E+00   4.5923435E+01   2.3750499E-04   0.0000000E+00   2.3750499E-04
   9.7101449E-01   4.5238011E+01   0.0000000E+00   4.5238011E+01   3.1211324E-06   0.0000000E+00   3.1211324E-06
   9.8550725E-01   1.1143187E+01   0.0000000E+00   1.1143187E+01   2.4529499E-06   0.0000000E+00   2.4529499E-06
   1.0000000E+00   2.1884092E+01   0.0000000E+00   2.1884092E+01   7.8559656E-05   0.0000000E+00   7.8559656E-05
