   0.0000000E+00   2.7344632E+10   1.4235078E+10   4.1391354E+10   5.4325873E-06   1.5627103E-06   3.4311630E-06
   1.4492754E-02   8.7345065E+07   4.2396125E+07   1.2972528E+08   7.4883535E-03   7.3258287E-03   7.4326703E-03
   2.8985507E-02   8.1169132E+07   3.9469746E+07   1.2060364E+08   1.7238832E-02   1.6548932E-02   1.7010783E-02
   4.3478261E-02   6.5430563E+07   3.1870658E+07   9.7282277E+07   2.1427072E-02   1.9747837E-02   2.0876771E-02
   5.7971014E-02   4.4310168E+07   2.1582425E+07   6.5884258E+07   2.3994836E-02   2.1736841E-02   2.3256645E-02
   7.2463768E-02   2.7443404E+07   1.3190832E+07   4.0627416E+07   2.3613547E-02   2.2572589E-02   2.3277595E-02
   8.6956522E-02   1.7124091E+07   8.0818932E+06   2.5202701E+07   1.9517147E-02   1.8900140E-02   1.9322667E-02
   1.0144928E-01   1.1800233E+07   5.5285551E+06   1.7327165E+07   1.2974664E-02   1.1938331E-02   1.2637548E-02
   1.1594203E-01   9.0171613E+06   4.1617740E+06   1.3178462E+07   8.3438637E-03   7.7892026E-03   8.1588369E-03
   1.3043478E-01   7.3323653E+06   3.3631722E+06   1.0694696E+07   4.3310405E-03   4.8482126E-03   4.4793765E-03
   1.4492754E-01   6.2323842E+06   2.7908958E+06   9.0229011E+06   4.2193355E-03   3.8395230E-03   4.1001945E-03
   1.5942029E-01   5.2303808E+06   2.3305914E+06   7.5605589E+06   4.4130808E-03   4.4482156E-03   4.4172437E-03
   1.7391304E-01   4.4383163E+06   1.9586862E+06   6.3966868E+06   4.0167050E-03   4.5362207E-03   4.1616148E-03
   1.8840580E-01   3.7811643E+06   1.6432394E+06   5.4239375E+06   4.5745573E-03   3.9015503E-03   4.3167898E-03
   2.0289855E-01   3.3243532E+06   1.4512822E+06   4.7753648E+06   3.8130280E-03   4.8081125E-03   4.1152427E-03
   2.1739130E-01   3.0110940E+06   1.2859297E+06   4.2970237E+06   4.8164260E-03   4.4618489E-03   4.6701667E-03
   2.3188406E-01   2.6984898E+06   1.1327690E+06   3.8313061E+06   4.1274837E-03   3.7439288E-03   3.9017237E-03
   2.4637681E-01   2.4089341E+06   1.0112219E+06   3.4199331E+06   3.5128425E-03   2.7641029E-03   3.2902926E-03
   2.6086957E-01   2.0947631E+06   8.7084993E+05   2.9653604E+06   3.9690896E-03   4.4793783E-03   4.1164888E-03
   2.7536232E-01   1.7006403E+06   7.1370819E+05   2.4143086E+06   3.3646109E-03   4.4904321E-03   3.6648800E-03
   2.8985507E-01   1.2893647E+06   5.3094609E+05   1.8203108E+06   4.6750640E-03   5.4841521E-03   4.8971102E-03
   3.0434783E-01   8.0280398E+05   3.3603818E+05   1.1387700E+06   8.5052269E-03   8.1027311E-03   8.2813048E-03
   3.1884058E-01   3.8675569E+05   1.5347612E+05   5.4019737E+05   1.6597516E-02   1.5866588E-02   1.6390879E-02
   3.3333333E-01   1.0397465E+05   4.2927430E+04   1.4690208E+05   3.2768640E-02   2.9968261E-02   3.1949452E-02
   3.4782609E-01   2.1974364E+04   8.7139719E+03   3.0688336E+04   6.1699842E-02   5.0018509E-02   5.8381646E-02
   3.6231884E-01   2.3641385E+04   8.9109834E+03   3.2552368E+04   5.4563987E-02   6.0348487E-02   5.6115214E-02
   3.7681159E-01   2.2557238E+04   9.0345528E+03   3.1591791E+04   7.6742864E-02   6.1698555E-02   7.2434805E-02
   3.9130435E-01   2.2283071E+04   9.0647759E+03   3.1347847E+04   8.7131192E-02   6.9413019E-02   8.2007661E-02
   4.0579710E-01   2.1162503E+04   8.7139719E+03   2.9876475E+04   9.4104039E-02   7.7852846E-02   8.9363820E-02
   4.2028986E-01   2.0119215E+04   7.8386554E+03   2.7957871E+04   9.8930673E-02   8.7131098E-02   9.5621961E-02
   4.3478261E-01   2.1696527E+04   7.9309773E+03   2.9627504E+04   9.9921519E-02   9.6088552E-02   9.8895473E-02
   4.4927536E-01   1.9872256E+04   8.0662292E+03   2.7938485E+04   1.0017530E-01   8.7376867E-02   9.6480191E-02
   4.6376812E-01   1.7806812E+04   8.1693486E+03   2.5976161E+04   1.2633968E-01   8.2914099E-02   1.1268159E-01
   4.7826087E-01   1.6578360E+04   6.7737067E+03   2.3352067E+04   1.1553870E-01   1.1079133E-01   1.1416062E-01
   4.9275362E-01   1.5021015E+04   5.8836025E+03   2.0904618E+04   1.2120648E-01   1.0792748E-01   1.1746873E-01
   5.0724638E-01   1.2361933E+04   5.3041568E+03   1.7666090E+04   1.2735168E-01   1.3815624E-01   1.3059567E-01
   5.2173913E-01   1.1302906E+04   3.6413457E+03   1.4944251E+04   1.4242818E-01   1.0697858E-01   1.3379039E-01
   5.3623188E-01   9.6048245E+03   3.3381373E+03   1.2942962E+04   1.3916084E-01   1.3040003E-01   1.3689934E-01
   5.5072464E-01   7.0389750E+03   2.8315423E+03   9.8705173E+03   1.6499739E-01   1.3653047E-01   1.5682665E-01
   5.6521739E-01   5.3430151E+03   2.1954935E+03   7.5385085E+03   1.7621079E-01   1.4553989E-01   1.6727825E-01
   5.7971014E-01   4.3380425E+03   1.6291339E+03   5.9671764E+03   2.2259769E-01   2.1968069E-01   2.2179938E-01
   5.9420290E-01   3.7517207E+03   1.2382526E+03   4.9899733E+03   2.2977108E-01   2.3184079E-01   2.3028421E-01
   6.0869565E-01   2.5618716E+03   8.8402613E+02   3.4458978E+03   2.5848815E-01   2.1540369E-01   2.4741424E-01
   6.2318841E-01   1.7621783E+03   7.5773668E+02   2.5199150E+03   2.9416647E-01   2.4358375E-01   2.7895606E-01
   6.3768116E-01   1.7049075E+03   6.7163024E+02   2.3765378E+03   2.5995037E-01   2.8049648E-01   2.6575688E-01
   6.5217391E-01   1.3976032E+03   5.0515779E+02   1.9027610E+03   2.7735359E-01   2.7876750E-01   2.7772897E-01
   6.6666667E-01   1.2189677E+03   3.6239581E+02   1.5813635E+03   3.2160769E-01   3.2019866E-01   3.2128479E-01
   6.8115942E-01   1.3381307E+03   3.0631909E+02   1.6444498E+03   2.9789746E-01   3.3167925E-01   3.0419015E-01
   6.9565217E-01   8.0509523E+02   3.4729598E+02   1.1523912E+03   3.3863961E-01   3.5972853E-01   3.4499466E-01
   7.1014493E-01   8.8144880E+02   3.5567232E+02   1.2371211E+03   3.2534991E-01   3.0950735E-01   3.2079517E-01
   7.2463768E-01   9.3959349E+02   2.2732101E+02   1.1669145E+03   3.0964158E-01   4.0036769E-01   3.2731255E-01
   7.3913043E-01   7.7259427E+02   1.3371824E+02   9.0631250E+02   3.3008500E-01   3.1149041E-01   3.2733958E-01
   7.5362319E-01   5.8287437E+02   2.0400603E+02   7.8688040E+02   2.9549371E-01   3.6374977E-01   3.1315962E-01
   7.6811594E-01   4.4320448E+02   1.5726610E+02   6.0047058E+02   3.2018201E-01   3.4490409E-01   3.2665684E-01
   7.8260870E-01   3.6483618E+02   2.9467538E+02   6.5951156E+02   3.5472672E-01   3.2365451E-01   3.4084339E-01
   7.9710145E-01   5.5108122E+02   1.7910140E+02   7.3018262E+02   3.5382355E-01   3.2877330E-01   3.4767915E-01
   8.1159420E-01   4.3299239E+02   1.6237215E+02   5.9536454E+02   3.6291941E-01   3.4637693E-01   3.5840782E-01
   8.2608696E-01   3.1904702E+02   1.4622989E+02   4.6527691E+02   3.6342493E-01   3.8053723E-01   3.6880308E-01
   8.4057971E-01   3.6580392E+02   5.2257702E+01   4.1806162E+02   3.6179471E-01   3.8667860E-01   3.6490520E-01
   8.5507246E-01   2.6970289E+02   1.6695893E+02   4.3666182E+02   3.8185554E-01   3.9385680E-01   3.8644425E-01
   8.6956522E-01   2.1469206E+02   5.0515779E+01   2.6520784E+02   3.9958616E-01   3.7919902E-01   3.9570290E-01
   8.8405797E-01   2.2359443E+02   7.4531477E+01   2.9812591E+02   3.7576808E-01   3.8590452E-01   3.7830219E-01
   8.9855072E-01   1.8332339E+02   6.1107797E+01   2.4443119E+02   2.8025619E-01   3.9243971E-01   3.0830207E-01
   9.1304348E-01   2.0446863E+02   2.4055133E+01   2.2852376E+02   3.8919441E-01   3.7910021E-01   3.8813186E-01
   9.2753623E-01   1.1839636E+02   5.9198178E+01   1.7759454E+02   3.5705396E-01   3.2277100E-01   3.4562631E-01
   9.4202899E-01   1.2823236E+02   2.3314975E+01   1.5154734E+02   4.0690105E-01   4.0270155E-01   4.0625497E-01
   9.5652174E-01   5.7404294E+01   6.8885153E+01   1.2628945E+02   4.1351754E-01   4.1833759E-01   4.1614666E-01
   9.7101449E-01   7.9166519E+01   1.1309503E+01   9.0476022E+01   4.1747718E-01   4.2472023E-01   4.1838256E-01
   9.8550725E-01   7.8002306E+01   0.0000000E+00   7.8002306E+01   3.5787317E-01   0.0000000E+00   3.5787317E-01
   1.0000000E+00   4.3768184E+01   0.0000000E+00   4.3768184E+01   4.2151105E-01   0.0000000E+00   4.2151105E-01
