   0.0000000E+00   3.3143312E+10   1.6722970E+10   4.9526155E+10   2.6966046E-06   2.8686990E-06   2.7097639E-06
   1.4492754E-02   4.3209934E+07   2.1740981E+07   6.4948642E+07   6.6622545E-03   6.7410978E-03   6.6863759E-03
   2.8985507E-02   4.0696901E+07   2.0252028E+07   6.0940215E+07   1.7413673E-02   1.7953754E-02   1.7582781E-02
   4.3478261E-02   3.2283371E+07   1.6014007E+07   4.8295105E+07   1.9620394E-02   1.8257672E-02   1.9169114E-02
   5.7971014E-02   2.1326878E+07   1.0607556E+07   3.1931403E+07   1.7850472E-02   1.8283775E-02   1.7998109E-02
   7.2463768E-02   1.2988365E+07   6.4660702E+06   1.9450494E+07   1.6661982E-02   1.7133832E-02   1.6813936E-02
   8.6956522E-02   8.4216118E+06   4.1608584E+06   1.2581712E+07   1.1234678E-02   1.1757645E-02   1.1410600E-02
   1.0144928E-01   6.1022700E+06   2.9995548E+06   9.1011753E+06   6.0452377E-03   4.5434752E-03   5.5428462E-03
   1.1594203E-01   4.8816239E+06   2.3780619E+06   7.2590227E+06   2.7313368E-03   3.5919903E-03   3.0106462E-03
   1.3043478E-01   4.1292440E+06   2.0024455E+06   6.1317736E+06   3.6019951E-03   4.2414644E-03   3.7800251E-03
   1.4492754E-01   3.5987188E+06   1.7526450E+06   5.3509849E+06   2.2879812E-03   3.9414201E-03   2.7030499E-03
   1.5942029E-01   3.1203597E+06   1.5064494E+06   4.6265335E+06   3.9297583E-03   3.3905623E-03   3.6706374E-03
   1.7391304E-01   2.6990581E+06   1.3019179E+06   4.0008497E+06   3.3682171E-03   3.7223084E-03   3.4899975E-03
   1.8840580E-01   2.3616321E+06   1.1440658E+06   3.5053482E+06   2.0074677E-03   4.7146397E-03   2.8735798E-03
   2.0289855E-01   2.1248560E+06   1.0198053E+06   3.1445531E+06   3.1380573E-03   3.4770239E-03   3.2465960E-03
   2.1739130E-01   1.9543545E+06   9.3120787E+05   2.8854108E+06   3.5612207E-03   3.4695779E-03   3.5142164E-03
   2.3188406E-01   1.7801603E+06   8.5330622E+05   2.6333244E+06   3.7680970E-03   4.0329859E-03   3.8457989E-03
   2.4637681E-01   1.5958826E+06   7.7636809E+05   2.3721615E+06   3.2640060E-03   3.2191225E-03   3.2172997E-03
   2.6086957E-01   1.4345639E+06   6.9341326E+05   2.1276404E+06   3.0421916E-03   5.2203049E-03   3.7400309E-03
   2.7536232E-01   1.2081114E+06   5.7867154E+05   1.7866633E+06   1.9806320E-03   3.3081658E-03   2.3049291E-03
   2.8985507E-01   9.3167514E+05   4.4373060E+05   1.3752921E+06   3.6529975E-03   3.6661654E-03   3.5686528E-03
   3.0434783E-01   5.9814291E+05   2.7855844E+05   8.7670134E+05   6.2858105E-03   6.8277945E-03   6.4472221E-03
   3.1884058E-01   2.7064977E+05   1.3232838E+05   4.0297815E+05   1.3086103E-02   1.0490265E-02   1.2220603E-02
   3.3333333E-01   7.0766017E+04   3.3538085E+04   1.0430410E+05   3.0278097E-02   2.3216922E-02   2.8006310E-02
   3.4782609E-01   1.3576116E+04   6.2513276E+03   1.9827443E+04   6.3191698E-02   6.3991383E-02   6.3439100E-02
   3.6231884E-01   1.4063593E+04   6.2740597E+03   2.0337653E+04   7.2501304E-02   6.8124865E-02   7.1078687E-02
   3.7681159E-01   1.3668404E+04   6.5864804E+03   2.0254884E+04   7.6369121E-02   7.7751993E-02   7.6803032E-02
   3.9130435E-01   1.4537319E+04   6.2864080E+03   2.0823727E+04   8.2636067E-02   9.7415830E-02   8.7096961E-02
   4.0579710E-01   1.3666322E+04   6.7925681E+03   2.0458890E+04   9.6877929E-02   1.0021742E-01   9.7986333E-02
   4.2028986E-01   1.3769905E+04   5.7222184E+03   1.9492123E+04   1.0413691E-01   9.3779134E-02   1.0108398E-01
   4.3478261E-01   1.0886150E+04   5.4557041E+03   1.6341854E+04   1.2435424E-01   1.0460614E-01   1.1775956E-01
   4.4927536E-01   1.1219392E+04   5.6952467E+03   1.6914638E+04   1.3400627E-01   1.2326448E-01   1.3038849E-01
   4.6376812E-01   9.8032184E+03   4.2622688E+03   1.4065487E+04   1.3461157E-01   1.6106858E-01   1.4262768E-01
   4.7826087E-01   7.8299457E+03   3.6738748E+03   1.1503821E+04   1.6196339E-01   1.4632620E-01   1.5696645E-01
   4.9275362E-01   6.1287526E+03   2.8526558E+03   8.9814083E+03   1.5913800E-01   1.6523801E-01   1.6107120E-01
   5.0724638E-01   5.1093102E+03   2.3814581E+03   7.4907684E+03   1.8906839E-01   1.8686078E-01   1.8836479E-01
   5.2173913E-01   4.1254553E+03   1.6838593E+03   5.8093146E+03   2.0835234E-01   2.2022264E-01   2.1179300E-01
   5.3623188E-01   2.7442356E+03   1.5973908E+03   4.3416264E+03   2.1973337E-01   2.0913758E-01   2.1583492E-01
   5.5072464E-01   2.5523762E+03   9.5714107E+02   3.5095173E+03   2.6290364E-01   2.7119999E-01   2.6516076E-01
   5.6521739E-01   2.1954935E+03   8.3545327E+02   3.0309467E+03   2.8579518E-01   2.6697025E-01   2.8060626E-01
   5.7971014E-01   1.6101905E+03   7.1984985E+02   2.3300403E+03   2.5536852E-01   2.6410118E-01   2.5806069E-01
   5.9420290E-01   1.3861037E+03   7.2077392E+02   2.1068776E+03   3.1502187E-01   2.5670255E-01   2.9507035E-01
   6.0869565E-01   1.2268118E+03   5.2319914E+02   1.7500109E+03   3.2350811E-01   3.2420855E-01   3.2371752E-01
   6.2318841E-01   1.0044417E+03   4.7578815E+02   1.4802298E+03   3.3534834E-01   2.6290468E-01   3.1206288E-01
   6.3768116E-01   7.4051540E+02   3.0998319E+02   1.0504986E+03   3.1585422E-01   2.5625826E-01   2.9826249E-01
   6.5217391E-01   7.9141387E+02   3.3677186E+02   1.1281857E+03   3.1033961E-01   2.6395000E-01   2.9649197E-01
   6.6666667E-01   7.4126415E+02   4.9417610E+02   1.2354402E+03   3.1571127E-01   3.6337234E-01   3.3477570E-01
   6.8115942E-01   5.3202788E+02   3.3856320E+02   8.7059108E+02   3.0651241E-01   3.3853291E-01   3.1896482E-01
   6.9565217E-01   6.1566106E+02   2.8415126E+02   8.9981231E+02   2.9510398E-01   3.2179390E-01   3.0353238E-01
   7.1014493E-01   5.5670450E+02   3.8660035E+02   9.4330485E+02   3.2374080E-01   3.4574557E-01   3.3275915E-01
   7.2463768E-01   4.0917781E+02   2.2732101E+02   6.3649881E+02   3.4507509E-01   3.4580997E-01   3.4529503E-01
   7.3913043E-01   4.4572746E+02   1.7829098E+02   6.2401845E+02   3.5603611E-01   3.0817118E-01   3.4236041E-01
   7.5362319E-01   3.0600905E+02   1.1657487E+02   4.2258392E+02   3.5118601E-01   3.5988792E-01   3.5358654E-01
   7.6811594E-01   2.5734453E+02   1.7156302E+02   4.2890756E+02   3.1172403E-01   3.5368940E-01   3.2851018E-01
   7.8260870E-01   3.0870754E+02   1.2628945E+02   4.3499699E+02   3.6316534E-01   2.8387303E-01   3.4014499E-01
   7.9710145E-01   2.7554061E+02   9.6439214E+01   3.7197983E+02   3.5460540E-01   3.3232612E-01   3.4882929E-01
   8.1159420E-01   2.5708923E+02   1.0824810E+02   3.6533733E+02   3.6120496E-01   3.7857483E-01   3.6635159E-01
   8.2608696E-01   2.5257889E+02   5.3174504E+01   3.0575340E+02   3.4075087E-01   3.9779193E-01   3.5067105E-01
   8.4057971E-01   2.4822409E+02   6.5322128E+01   3.1354621E+02   3.4415220E-01   3.2853728E-01   3.4089909E-01
   8.5507246E-01   2.1833091E+02   6.4214973E+01   2.8254588E+02   3.8131482E-01   3.4459826E-01   3.7297015E-01
   8.6956522E-01   1.6417628E+02   6.3144724E+01   2.2732101E+02   3.9671798E-01   3.9434530E-01   3.9605890E-01
   8.8405797E-01   1.2421913E+02   6.2109564E+01   1.8632869E+02   3.7683066E-01   2.8724877E-01   3.4697003E-01
   8.9855072E-01   6.1107797E+01   2.4443119E+01   8.5550916E+01   3.8493982E-01   3.7559433E-01   3.8226968E-01
   9.1304348E-01   9.6220531E+01   2.4055133E+01   1.2027566E+02   3.9055578E-01   4.0776524E-01   3.9399767E-01
   9.2753623E-01   9.4717086E+01   1.1839636E+01   1.0655672E+02   3.5163370E-01   2.6177043E-06   3.1256300E-01
   9.4202899E-01   1.0491739E+02   4.6629950E+01   1.5154734E+02   3.5118071E-01   4.0066631E-01   3.6640705E-01
   9.5652174E-01   5.7404294E+01   4.5923435E+01   1.0332773E+02   3.3622310E-01   4.1447829E-01   3.7100318E-01
   9.7101449E-01   4.5238011E+01   3.3928508E+01   7.9166519E+01   4.2077993E-01   2.8315823E-01   3.6179920E-01
   9.8550725E-01   5.5715933E+01   0.0000000E+00   5.5715933E+01   3.3582317E-01   0.0000000E+00   3.3582317E-01
   1.0000000E+00   2.1884092E+01   0.0000000E+00   2.1884092E+01   4.2795542E-01   0.0000000E+00   4.2795542E-01
