   0.0000000E+00   0.0000000E+00   0.0000000E+00   5.8139511E+10   0.0000000E+00   0.0000000E+00   4.5677743E-05
   1.4492754E-02   0.0000000E+00   0.0000000E+00   5.0544826E+07   0.0000000E+00   0.0000000E+00   2.3282861E-02
   2.8985507E-02   0.0000000E+00   0.0000000E+00   3.3166892E+07   0.0000000E+00   0.0000000E+00   2.2344360E-02
   4.3478261E-02   0.0000000E+00   0.0000000E+00   1.9365729E+07   0.0000000E+00   0.0000000E+00   1.6481531E-02
   5.7971014E-02   0.0000000E+00   0.0000000E+00   1.0845296E+07   0.0000000E+00   0.0000000E+00   9.8323415E-03
   7.2463768E-02   0.0000000E+00   0.0000000E+00   7.0734719E+06   0.0000000E+00   0.0000000E+00   4.2885764E-03
   8.6956522E-02   0.0000000E+00   0.0000000E+00   5.3111027E+06   0.0000000E+00   0.0000000E+00   1.9295381E-03
   1.0144928E-01   0.0000000E+00   0.0000000E+00   4.2796968E+06   0.0000000E+00   0.0000000E+00   1.2829609E-03
   1.1594203E-01   0.0000000E+00   0.0000000E+00   3.5889251E+06   0.0000000E+00   0.0000000E+00   2.1652456E-03
   1.3043478E-01   0.0000000E+00   0.0000000E+00   3.0642030E+06   0.0000000E+00   0.0000000E+00   4.2252336E-03
   1.4492754E-01   0.0000000E+00   0.0000000E+00   2.6174498E+06   0.0000000E+00   0.0000000E+00   4.5727158E-03
   1.5942029E-01   0.0000000E+00   0.0000000E+00   2.2234061E+06   0.0000000E+00   0.0000000E+00   4.4131812E-03
   1.7391304E-01   0.0000000E+00   0.0000000E+00   1.9057709E+06   0.0000000E+00   0.0000000E+00   4.5618652E-03
   1.8840580E-01   0.0000000E+00   0.0000000E+00   1.6852647E+06   0.0000000E+00   0.0000000E+00   4.1031569E-03
   2.0289855E-01   0.0000000E+00   0.0000000E+00   1.5055687E+06   0.0000000E+00   0.0000000E+00   4.9634360E-03
   2.1739130E-01   0.0000000E+00   0.0000000E+00   1.3453362E+06   0.0000000E+00   0.0000000E+00   4.8501987E-03
   2.3188406E-01   0.0000000E+00   0.0000000E+00   1.1996866E+06   0.0000000E+00   0.0000000E+00   4.1561418E-03
   2.4637681E-01   0.0000000E+00   0.0000000E+00   1.0642189E+06   0.0000000E+00   0.0000000E+00   4.2960271E-03
   2.6086957E-01   0.0000000E+00   0.0000000E+00   9.1168352E+05   0.0000000E+00   0.0000000E+00   4.2121246E-03
   2.7536232E-01   0.0000000E+00   0.0000000E+00   7.3297066E+05   0.0000000E+00   0.0000000E+00   5.1789313E-03
   2.8985507E-01   0.0000000E+00   0.0000000E+00   5.3984950E+05   0.0000000E+00   0.0000000E+00   6.1613889E-03
   3.0434783E-01   0.0000000E+00   0.0000000E+00   3.1799683E+05   0.0000000E+00   0.0000000E+00   9.0629262E-03
   3.1884058E-01   0.0000000E+00   0.0000000E+00   1.2134120E+05   0.0000000E+00   0.0000000E+00   2.2249026E-02
   3.3333333E-01   0.0000000E+00   0.0000000E+00   3.1330765E+04   0.0000000E+00   0.0000000E+00   6.7436471E-02
   3.4782609E-01   0.0000000E+00   0.0000000E+00   1.7648950E+04   0.0000000E+00   0.0000000E+00   1.0680713E-01
   3.6231884E-01   0.0000000E+00   0.0000000E+00   2.0307343E+04   0.0000000E+00   0.0000000E+00   1.1708674E-01
   3.7681159E-01   0.0000000E+00   0.0000000E+00   2.0429747E+04   0.0000000E+00   0.0000000E+00   1.2312515E-01
   3.9130435E-01   0.0000000E+00   0.0000000E+00   1.9560832E+04   0.0000000E+00   0.0000000E+00   1.3448963E-01
   4.0579710E-01   0.0000000E+00   0.0000000E+00   1.6886703E+04   0.0000000E+00   0.0000000E+00   1.4341338E-01
   4.2028986E-01   0.0000000E+00   0.0000000E+00   1.3874420E+04   0.0000000E+00   0.0000000E+00   1.3710626E-01
   4.3478261E-01   0.0000000E+00   0.0000000E+00   1.1896466E+04   0.0000000E+00   0.0000000E+00   1.4326928E-01
   4.4927536E-01   0.0000000E+00   0.0000000E+00   8.8239659E+03   0.0000000E+00   0.0000000E+00   1.5744885E-01
   4.6376812E-01   0.0000000E+00   0.0000000E+00   6.8196302E+03   0.0000000E+00   0.0000000E+00   1.7558588E-01
   4.7826087E-01   0.0000000E+00   0.0000000E+00   5.6485826E+03   0.0000000E+00   0.0000000E+00   1.9986336E-01
   4.9275362E-01   0.0000000E+00   0.0000000E+00   4.4795610E+03   0.0000000E+00   0.0000000E+00   2.2329999E-01
   5.0724638E-01   0.0000000E+00   0.0000000E+00   3.5505376E+03   0.0000000E+00   0.0000000E+00   2.5031333E-01
   5.2173913E-01   0.0000000E+00   0.0000000E+00   2.6099819E+03   0.0000000E+00   0.0000000E+00   2.5871442E-01
   5.3623188E-01   0.0000000E+00   0.0000000E+00   2.1708132E+03   0.0000000E+00   0.0000000E+00   2.7297999E-01
   5.5072464E-01   0.0000000E+00   0.0000000E+00   1.7348182E+03   0.0000000E+00   0.0000000E+00   2.9191074E-01
   5.6521739E-01   0.0000000E+00   0.0000000E+00   1.1463196E+03   0.0000000E+00   0.0000000E+00   2.7095993E-01
   5.7971014E-01   0.0000000E+00   0.0000000E+00   8.9034060E+02   0.0000000E+00   0.0000000E+00   2.7818755E-01
   5.9420290E-01   0.0000000E+00   0.0000000E+00   7.9469945E+02   0.0000000E+00   0.0000000E+00   2.8100508E-01
   6.0869565E-01   0.0000000E+00   0.0000000E+00   6.6752994E+02   0.0000000E+00   0.0000000E+00   2.3769606E-01
   6.2318841E-01   0.0000000E+00   0.0000000E+00   6.5200598E+02   0.0000000E+00   0.0000000E+00   2.7436437E-01
   6.3768116E-01   0.0000000E+00   0.0000000E+00   6.0274509E+02   0.0000000E+00   0.0000000E+00   2.7112983E-01
   6.5217391E-01   0.0000000E+00   0.0000000E+00   5.7251216E+02   0.0000000E+00   0.0000000E+00   2.5288178E-01
   6.6666667E-01   0.0000000E+00   0.0000000E+00   6.7537400E+02   0.0000000E+00   0.0000000E+00   2.9318542E-01
   6.8115942E-01   0.0000000E+00   0.0000000E+00   7.2549257E+02   0.0000000E+00   0.0000000E+00   3.0497618E-01
   6.9565217E-01   0.0000000E+00   0.0000000E+00   6.3144724E+02   0.0000000E+00   0.0000000E+00   2.8516160E-01
   7.1014493E-01   0.0000000E+00   0.0000000E+00   4.4845640E+02   0.0000000E+00   0.0000000E+00   2.6783771E-01
   7.2463768E-01   0.0000000E+00   0.0000000E+00   3.3340414E+02   0.0000000E+00   0.0000000E+00   2.7366117E-01
   7.3913043E-01   0.0000000E+00   0.0000000E+00   3.1200922E+02   0.0000000E+00   0.0000000E+00   3.1629471E-01
   7.5362319E-01   0.0000000E+00   0.0000000E+00   2.1857789E+02   0.0000000E+00   0.0000000E+00   3.7745469E-01
   7.6811594E-01   0.0000000E+00   0.0000000E+00   1.7156302E+02   0.0000000E+00   0.0000000E+00   3.8737977E-01
   7.8260870E-01   0.0000000E+00   0.0000000E+00   1.5435377E+02   0.0000000E+00   0.0000000E+00   3.2687284E-01
   7.9710145E-01   0.0000000E+00   0.0000000E+00   1.5154734E+02   0.0000000E+00   0.0000000E+00   2.8990873E-01
   8.1159420E-01   0.0000000E+00   0.0000000E+00   2.0296518E+02   0.0000000E+00   0.0000000E+00   3.4805190E-01
   8.2608696E-01   0.0000000E+00   0.0000000E+00   1.9940439E+02   0.0000000E+00   0.0000000E+00   3.3116018E-01
   8.4057971E-01   0.0000000E+00   0.0000000E+00   2.0903081E+02   0.0000000E+00   0.0000000E+00   3.1348471E-01
   8.5507246E-01   0.0000000E+00   0.0000000E+00   1.9264492E+02   0.0000000E+00   0.0000000E+00   3.3024274E-01
   8.6956522E-01   0.0000000E+00   0.0000000E+00   1.6417628E+02   0.0000000E+00   0.0000000E+00   3.2590779E-01
   8.8405797E-01   0.0000000E+00   0.0000000E+00   1.7390678E+02   0.0000000E+00   0.0000000E+00   2.8414690E-01
   8.9855072E-01   0.0000000E+00   0.0000000E+00   1.5888027E+02   0.0000000E+00   0.0000000E+00   2.1876612E-01
   9.1304348E-01   0.0000000E+00   0.0000000E+00   9.6220531E+01   0.0000000E+00   0.0000000E+00   2.4726489E-01
   9.2753623E-01   0.0000000E+00   0.0000000E+00   8.2877450E+01   0.0000000E+00   0.0000000E+00   4.0129654E-01
   9.4202899E-01   0.0000000E+00   0.0000000E+00   8.1602412E+01   0.0000000E+00   0.0000000E+00   3.5037648E-01
   9.5652174E-01   0.0000000E+00   0.0000000E+00   5.7404294E+01   0.0000000E+00   0.0000000E+00   1.6453396E-01
   9.7101449E-01   0.0000000E+00   0.0000000E+00   5.6547514E+01   0.0000000E+00   0.0000000E+00   1.6837665E-01
   9.8550725E-01   0.0000000E+00   0.0000000E+00   2.2286373E+01   0.0000000E+00   0.0000000E+00   2.0861673E-01
   1.0000000E+00   0.0000000E+00   0.0000000E+00   0.0000000E+00   0.0000000E+00   0.0000000E+00   0.0000000E+00
