   0.0000000E+00   0.0000000E+00   0.0000000E+00   5.8692792E+10   0.0000000E+00   0.0000000E+00   2.5765910E-06
   1.4492754E-02   0.0000000E+00   0.0000000E+00   1.0102903E+07   0.0000000E+00   0.0000000E+00   5.0044869E-03
   2.8985507E-02   0.0000000E+00   0.0000000E+00   8.3445752E+06   0.0000000E+00   0.0000000E+00   6.1470958E-03
   4.3478261E-02   0.0000000E+00   0.0000000E+00   7.5826710E+06   0.0000000E+00   0.0000000E+00   5.2526033E-03
   5.7971014E-02   0.0000000E+00   0.0000000E+00   6.9444673E+06   0.0000000E+00   0.0000000E+00   7.4613856E-03
   7.2463768E-02   0.0000000E+00   0.0000000E+00   6.4581898E+06   0.0000000E+00   0.0000000E+00   9.8095014E-03
   8.6956522E-02   0.0000000E+00   0.0000000E+00   5.9395190E+06   0.0000000E+00   0.0000000E+00   1.1751235E-02
   1.0144928E-01   0.0000000E+00   0.0000000E+00   5.3881573E+06   0.0000000E+00   0.0000000E+00   1.5446791E-02
   1.1594203E-01   0.0000000E+00   0.0000000E+00   4.8602178E+06   0.0000000E+00   0.0000000E+00   1.8842131E-02
   1.3043478E-01   0.0000000E+00   0.0000000E+00   4.2878635E+06   0.0000000E+00   0.0000000E+00   2.2894714E-02
   1.4492754E-01   0.0000000E+00   0.0000000E+00   3.7113185E+06   0.0000000E+00   0.0000000E+00   2.6881025E-02
   1.5942029E-01   0.0000000E+00   0.0000000E+00   3.0866059E+06   0.0000000E+00   0.0000000E+00   3.2563023E-02
   1.7391304E-01   0.0000000E+00   0.0000000E+00   2.4261466E+06   0.0000000E+00   0.0000000E+00   3.9425090E-02
   1.8840580E-01   0.0000000E+00   0.0000000E+00   1.8436899E+06   0.0000000E+00   0.0000000E+00   4.6657002E-02
   2.0289855E-01   0.0000000E+00   0.0000000E+00   1.3549956E+06   0.0000000E+00   0.0000000E+00   5.5817025E-02
   2.1739130E-01   0.0000000E+00   0.0000000E+00   9.7722774E+05   0.0000000E+00   0.0000000E+00   6.2486892E-02
   2.3188406E-01   0.0000000E+00   0.0000000E+00   7.0597380E+05   0.0000000E+00   0.0000000E+00   7.0739536E-02
   2.4637681E-01   0.0000000E+00   0.0000000E+00   5.0255771E+05   0.0000000E+00   0.0000000E+00   7.9633851E-02
   2.6086957E-01   0.0000000E+00   0.0000000E+00   3.4367568E+05   0.0000000E+00   0.0000000E+00   8.3220077E-02
   2.7536232E-01   0.0000000E+00   0.0000000E+00   2.2823827E+05   0.0000000E+00   0.0000000E+00   9.0159610E-02
   2.8985507E-01   0.0000000E+00   0.0000000E+00   1.4594009E+05   0.0000000E+00   0.0000000E+00   9.7521571E-02
   3.0434783E-01   0.0000000E+00   0.0000000E+00   7.7216976E+04   0.0000000E+00   0.0000000E+00   9.3496996E-02
   3.1884058E-01   0.0000000E+00   0.0000000E+00   2.6727439E+04   0.0000000E+00   0.0000000E+00   8.0203519E-02
   3.3333333E-01   0.0000000E+00   0.0000000E+00   3.7227933E+03   0.0000000E+00   0.0000000E+00   6.1656000E-02
   3.4782609E-01   0.0000000E+00   0.0000000E+00   1.5786181E+02   0.0000000E+00   0.0000000E+00   4.0175077E-02
   3.6231884E-01   0.0000000E+00   0.0000000E+00   9.0928402E+01   0.0000000E+00   0.0000000E+00   1.2420511E-02
   3.7681159E-01   0.0000000E+00   0.0000000E+00   5.8287437E+01   0.0000000E+00   0.0000000E+00   1.8565539E-02
   3.9130435E-01   0.0000000E+00   0.0000000E+00   8.4192965E+01   0.0000000E+00   0.0000000E+00   1.0507349E-01
   4.0579710E-01   0.0000000E+00   0.0000000E+00   1.0824810E+02   0.0000000E+00   0.0000000E+00   7.7744262E-02
   4.2028986E-01   0.0000000E+00   0.0000000E+00   7.8386554E+01   0.0000000E+00   0.0000000E+00   1.3624562E-01
   4.3478261E-01   0.0000000E+00   0.0000000E+00   7.5773668E+01   0.0000000E+00   0.0000000E+00   2.7306615E-01
   4.4927536E-01   0.0000000E+00   0.0000000E+00   9.7772475E+01   0.0000000E+00   0.0000000E+00   2.0713519E-01
   4.6376812E-01   0.0000000E+00   0.0000000E+00   7.1037814E+01   0.0000000E+00   0.0000000E+00   7.5552746E-02
   4.7826087E-01   0.0000000E+00   0.0000000E+00   2.2961718E+01   0.0000000E+00   0.0000000E+00   3.6475455E-06
   4.9275362E-01   0.0000000E+00   0.0000000E+00   0.0000000E+00   0.0000000E+00   0.0000000E+00   0.0000000E+00
   5.0724638E-01   0.0000000E+00   0.0000000E+00   0.0000000E+00   0.0000000E+00   0.0000000E+00   0.0000000E+00
   5.2173913E-01   0.0000000E+00   0.0000000E+00   2.1048241E+01   0.0000000E+00   0.0000000E+00   4.0404481E-01
   5.3623188E-01   0.0000000E+00   0.0000000E+00   2.0479370E+01   0.0000000E+00   0.0000000E+00   4.0404481E-01
   5.5072464E-01   0.0000000E+00   0.0000000E+00   3.9880878E+01   0.0000000E+00   0.0000000E+00   2.8071543E-01
   5.6521739E-01   0.0000000E+00   0.0000000E+00   3.8858291E+01   0.0000000E+00   0.0000000E+00   2.8071543E-01
   5.7971014E-01   0.0000000E+00   0.0000000E+00   0.0000000E+00   0.0000000E+00   0.0000000E+00   0.0000000E+00
   5.9420290E-01   0.0000000E+00   0.0000000E+00   0.0000000E+00   0.0000000E+00   0.0000000E+00   0.0000000E+00
   6.0869565E-01   0.0000000E+00   0.0000000E+00   0.0000000E+00   0.0000000E+00   0.0000000E+00   0.0000000E+00
   6.2318841E-01   0.0000000E+00   0.0000000E+00   3.5243567E+01   0.0000000E+00   0.0000000E+00   2.1562301E-01
   6.3768116E-01   0.0000000E+00   0.0000000E+00   5.1663865E+01   0.0000000E+00   0.0000000E+00   1.4374894E-01
   6.5217391E-01   0.0000000E+00   0.0000000E+00   1.6838593E+01   0.0000000E+00   0.0000000E+00   9.2147753E-07
   6.6666667E-01   0.0000000E+00   0.0000000E+00   0.0000000E+00   0.0000000E+00   0.0000000E+00   0.0000000E+00
   6.8115942E-01   0.0000000E+00   0.0000000E+00   0.0000000E+00   0.0000000E+00   0.0000000E+00   0.0000000E+00
   6.9565217E-01   0.0000000E+00   0.0000000E+00   0.0000000E+00   0.0000000E+00   0.0000000E+00   0.0000000E+00
   7.1014493E-01   0.0000000E+00   0.0000000E+00   1.5464014E+01   0.0000000E+00   0.0000000E+00   9.6703408E-05
   7.2463768E-01   0.0000000E+00   0.0000000E+00   3.0309467E+01   0.0000000E+00   0.0000000E+00   2.1222929E-01
   7.3913043E-01   0.0000000E+00   0.0000000E+00   1.4857582E+01   0.0000000E+00   0.0000000E+00   4.2437303E-01
   7.5362319E-01   0.0000000E+00   0.0000000E+00   0.0000000E+00   0.0000000E+00   0.0000000E+00   0.0000000E+00
   7.6811594E-01   0.0000000E+00   0.0000000E+00   0.0000000E+00   0.0000000E+00   0.0000000E+00   0.0000000E+00
   7.8260870E-01   0.0000000E+00   0.0000000E+00   1.4032161E+01   0.0000000E+00   0.0000000E+00   1.1494680E-06
   7.9710145E-01   0.0000000E+00   0.0000000E+00   1.3777031E+01   0.0000000E+00   0.0000000E+00   1.1494680E-06
   8.1159420E-01   0.0000000E+00   0.0000000E+00   0.0000000E+00   0.0000000E+00   0.0000000E+00   0.0000000E+00
   8.2608696E-01   0.0000000E+00   0.0000000E+00   0.0000000E+00   0.0000000E+00   0.0000000E+00   0.0000000E+00
   8.4057971E-01   0.0000000E+00   0.0000000E+00   1.3064426E+01   0.0000000E+00   0.0000000E+00   2.6434901E-05
   8.5507246E-01   0.0000000E+00   0.0000000E+00   5.1371979E+01   0.0000000E+00   0.0000000E+00   8.0724165E-06
   8.6956522E-01   0.0000000E+00   0.0000000E+00   3.7886834E+01   0.0000000E+00   0.0000000E+00   1.9560667E-06
   8.8405797E-01   0.0000000E+00   0.0000000E+00   0.0000000E+00   0.0000000E+00   0.0000000E+00   0.0000000E+00
   8.9855072E-01   0.0000000E+00   0.0000000E+00   0.0000000E+00   0.0000000E+00   0.0000000E+00   0.0000000E+00
   9.1304348E-01   0.0000000E+00   0.0000000E+00   1.2027566E+01   0.0000000E+00   0.0000000E+00   4.9181776E-01
   9.2753623E-01   0.0000000E+00   0.0000000E+00   2.3679271E+01   0.0000000E+00   0.0000000E+00   2.4590970E-01
   9.4202899E-01   0.0000000E+00   0.0000000E+00   1.1657487E+01   0.0000000E+00   0.0000000E+00   1.6541470E-06
   9.5652174E-01   0.0000000E+00   0.0000000E+00   0.0000000E+00   0.0000000E+00   0.0000000E+00   0.0000000E+00
   9.7101449E-01   0.0000000E+00   0.0000000E+00   0.0000000E+00   0.0000000E+00   0.0000000E+00   0.0000000E+00
   9.8550725E-01   0.0000000E+00   0.0000000E+00   0.0000000E+00   0.0000000E+00   0.0000000E+00   0.0000000E+00
   1.0000000E+00   0.0000000E+00   0.0000000E+00   0.0000000E+00   0.0000000E+00   0.0000000E+00   0.0000000E+00
