   0.0000000E+00   0.0000000E+00   0.0000000E+00   5.9876626E+10   0.0000000E+00   0.0000000E+00   4.4748935E-06
   1.4492754E-02   0.0000000E+00   0.0000000E+00   1.0363565E+07   0.0000000E+00   0.0000000E+00   8.8116673E-03
   2.8985507E-02   0.0000000E+00   0.0000000E+00   7.6766303E+06   0.0000000E+00   0.0000000E+00   1.2647802E-02
   4.3478261E-02   0.0000000E+00   0.0000000E+00   5.7113140E+06   0.0000000E+00   0.0000000E+00   1.8402698E-02
   5.7971014E-02   0.0000000E+00   0.0000000E+00   4.0340007E+06   0.0000000E+00   0.0000000E+00   2.6647286E-02
   7.2463768E-02   0.0000000E+00   0.0000000E+00   2.7557368E+06   0.0000000E+00   0.0000000E+00   3.6101281E-02
   8.6956522E-02   0.0000000E+00   0.0000000E+00   1.8823442E+06   0.0000000E+00   0.0000000E+00   4.1579317E-02
   1.0144928E-01   0.0000000E+00   0.0000000E+00   1.3279877E+06   0.0000000E+00   0.0000000E+00   4.6454581E-02
   1.1594203E-01   0.0000000E+00   0.0000000E+00   9.7605957E+05   0.0000000E+00   0.0000000E+00   5.1483921E-02
   1.3043478E-01   0.0000000E+00   0.0000000E+00   7.6421954E+05   0.0000000E+00   0.0000000E+00   5.6208119E-02
   1.4492754E-01   0.0000000E+00   0.0000000E+00   6.3899935E+05   0.0000000E+00   0.0000000E+00   7.0543357E-02
   1.5942029E-01   0.0000000E+00   0.0000000E+00   5.1484763E+05   0.0000000E+00   0.0000000E+00   8.2189337E-02
   1.7391304E-01   0.0000000E+00   0.0000000E+00   3.9623314E+05   0.0000000E+00   0.0000000E+00   8.3800173E-02
   1.8840580E-01   0.0000000E+00   0.0000000E+00   3.1655907E+05   0.0000000E+00   0.0000000E+00   8.4240799E-02
   2.0289855E-01   0.0000000E+00   0.0000000E+00   2.5346292E+05   0.0000000E+00   0.0000000E+00   8.3279194E-02
   2.1739130E-01   0.0000000E+00   0.0000000E+00   1.9544555E+05   0.0000000E+00   0.0000000E+00   8.5079964E-02
   2.3188406E-01   0.0000000E+00   0.0000000E+00   1.5353640E+05   0.0000000E+00   0.0000000E+00   8.8402513E-02
   2.4637681E-01   0.0000000E+00   0.0000000E+00   1.2471454E+05   0.0000000E+00   0.0000000E+00   8.8969242E-02
   2.6086957E-01   0.0000000E+00   0.0000000E+00   9.8168997E+04   0.0000000E+00   0.0000000E+00   8.9128005E-02
   2.7536232E-01   0.0000000E+00   0.0000000E+00   7.1426653E+04   0.0000000E+00   0.0000000E+00   9.2178184E-02
   2.8985507E-01   0.0000000E+00   0.0000000E+00   4.4441257E+04   0.0000000E+00   0.0000000E+00   9.3544800E-02
   3.0434783E-01   0.0000000E+00   0.0000000E+00   2.2984679E+04   0.0000000E+00   0.0000000E+00   9.5359871E-02
   3.1884058E-01   0.0000000E+00   0.0000000E+00   9.7472492E+03   0.0000000E+00   0.0000000E+00   1.0016507E-01
   3.3333333E-01   0.0000000E+00   0.0000000E+00   2.7673862E+03   0.0000000E+00   0.0000000E+00   6.2250216E-02
   3.4782609E-01   0.0000000E+00   0.0000000E+00   1.4207563E+03   0.0000000E+00   0.0000000E+00   5.1455939E-02
   3.6231884E-01   0.0000000E+00   0.0000000E+00   1.3942355E+03   0.0000000E+00   0.0000000E+00   7.3729825E-02
   3.7681159E-01   0.0000000E+00   0.0000000E+00   1.1657487E+03   0.0000000E+00   0.0000000E+00   9.5439405E-02
   3.9130435E-01   0.0000000E+00   0.0000000E+00   8.4192965E+02   0.0000000E+00   0.0000000E+00   1.0847068E-01
   4.0579710E-01   0.0000000E+00   0.0000000E+00   8.3892276E+02   0.0000000E+00   0.0000000E+00   9.4941761E-02
   4.2028986E-01   0.0000000E+00   0.0000000E+00   9.6676749E+02   0.0000000E+00   0.0000000E+00   7.2655715E-02
   4.3478261E-01   0.0000000E+00   0.0000000E+00   1.1871208E+03   0.0000000E+00   0.0000000E+00   7.3519396E-02
   4.4927536E-01   0.0000000E+00   0.0000000E+00   1.1488266E+03   0.0000000E+00   0.0000000E+00   9.8999455E-02
   4.6376812E-01   0.0000000E+00   0.0000000E+00   9.4717086E+02   0.0000000E+00   0.0000000E+00   1.4361110E-01
   4.7826087E-01   0.0000000E+00   0.0000000E+00   1.0562390E+03   0.0000000E+00   0.0000000E+00   1.5233439E-01
   4.9275362E-01   0.0000000E+00   0.0000000E+00   1.0697459E+03   0.0000000E+00   0.0000000E+00   1.3737110E-01
   5.0724638E-01   0.0000000E+00   0.0000000E+00   1.0824810E+03   0.0000000E+00   0.0000000E+00   1.2271226E-01
   5.2173913E-01   0.0000000E+00   0.0000000E+00   9.6821910E+02   0.0000000E+00   0.0000000E+00   1.2881697E-01
   5.3623188E-01   0.0000000E+00   0.0000000E+00   9.0109227E+02   0.0000000E+00   0.0000000E+00   1.4460498E-01
   5.5072464E-01   0.0000000E+00   0.0000000E+00   1.0369028E+03   0.0000000E+00   0.0000000E+00   1.6579219E-01
   5.6521739E-01   0.0000000E+00   0.0000000E+00   9.9088643E+02   0.0000000E+00   0.0000000E+00   1.9338926E-01
   5.7971014E-01   0.0000000E+00   0.0000000E+00   9.0928402E+02   0.0000000E+00   0.0000000E+00   1.8644937E-01
   5.9420290E-01   0.0000000E+00   0.0000000E+00   8.3166221E+02   0.0000000E+00   0.0000000E+00   1.9531715E-01
   6.0869565E-01   0.0000000E+00   0.0000000E+00   8.6598478E+02   0.0000000E+00   0.0000000E+00   2.4297201E-01
   6.2318841E-01   0.0000000E+00   0.0000000E+00   8.9871095E+02   0.0000000E+00   0.0000000E+00   2.5218884E-01
   6.3768116E-01   0.0000000E+00   0.0000000E+00   8.4384313E+02   0.0000000E+00   0.0000000E+00   2.3696134E-01
   6.5217391E-01   0.0000000E+00   0.0000000E+00   7.9141387E+02   0.0000000E+00   0.0000000E+00   2.2281471E-01
   6.6666667E-01   0.0000000E+00   0.0000000E+00   7.5773668E+02   0.0000000E+00   0.0000000E+00   2.0584848E-01
   6.8115942E-01   0.0000000E+00   0.0000000E+00   6.6100434E+02   0.0000000E+00   0.0000000E+00   1.6625743E-01
   6.9565217E-01   0.0000000E+00   0.0000000E+00   5.5251633E+02   0.0000000E+00   0.0000000E+00   2.3297909E-01
   7.1014493E-01   0.0000000E+00   0.0000000E+00   6.4948859E+02   0.0000000E+00   0.0000000E+00   2.5785978E-01
   7.2463768E-01   0.0000000E+00   0.0000000E+00   6.3649881E+02   0.0000000E+00   0.0000000E+00   2.2918884E-01
   7.3913043E-01   0.0000000E+00   0.0000000E+00   4.4572746E+02   0.0000000E+00   0.0000000E+00   2.3827086E-01
   7.5362319E-01   0.0000000E+00   0.0000000E+00   2.9143719E+02   0.0000000E+00   0.0000000E+00   1.7689745E-01
   7.6811594E-01   0.0000000E+00   0.0000000E+00   2.5734453E+02   0.0000000E+00   0.0000000E+00   1.6517771E-01
   7.8260870E-01   0.0000000E+00   0.0000000E+00   2.8064322E+02   0.0000000E+00   0.0000000E+00   1.9620913E-01
   7.9710145E-01   0.0000000E+00   0.0000000E+00   2.0665546E+02   0.0000000E+00   0.0000000E+00   2.6952412E-01
   8.1159420E-01   0.0000000E+00   0.0000000E+00   2.4355822E+02   0.0000000E+00   0.0000000E+00   2.6307367E-01
   8.2608696E-01   0.0000000E+00   0.0000000E+00   2.6587252E+02   0.0000000E+00   0.0000000E+00   2.4050012E-01
   8.4057971E-01   0.0000000E+00   0.0000000E+00   2.0903081E+02   0.0000000E+00   0.0000000E+00   2.6706426E-01
   8.5507246E-01   0.0000000E+00   0.0000000E+00   2.3117390E+02   0.0000000E+00   0.0000000E+00   2.3059184E-01
   8.6956522E-01   0.0000000E+00   0.0000000E+00   2.2732101E+02   0.0000000E+00   0.0000000E+00   2.1809715E-01
   8.8405797E-01   0.0000000E+00   0.0000000E+00   1.9875061E+02   0.0000000E+00   0.0000000E+00   1.7083150E-01
   8.9855072E-01   0.0000000E+00   0.0000000E+00   1.0999403E+02   0.0000000E+00   0.0000000E+00   8.4377193E-02
   9.1304348E-01   0.0000000E+00   0.0000000E+00   1.0824810E+02   0.0000000E+00   0.0000000E+00   1.7057931E-01
   9.2753623E-01   0.0000000E+00   0.0000000E+00   1.1839636E+02   0.0000000E+00   0.0000000E+00   2.7546526E-01
   9.4202899E-01   0.0000000E+00   0.0000000E+00   4.6629950E+01   0.0000000E+00   0.0000000E+00   3.0487316E-01
   9.5652174E-01   0.0000000E+00   0.0000000E+00   2.2961718E+01   0.0000000E+00   0.0000000E+00   2.3633056E-06
   9.7101449E-01   0.0000000E+00   0.0000000E+00   3.3928508E+01   0.0000000E+00   0.0000000E+00   2.8339766E-01
   9.8550725E-01   0.0000000E+00   0.0000000E+00   3.3429560E+01   0.0000000E+00   0.0000000E+00   4.2536176E-01
   1.0000000E+00   0.0000000E+00   0.0000000E+00   2.1884092E+01   0.0000000E+00   0.0000000E+00   4.2589409E-01
