   0.0000000E+00   6.2413255E+07   3.2491749E+07   9.4905004E+07   1.7859669E-03   7.1402980E-04   1.3031607E-03
   1.4492754E-02   6.3052785E+07   3.2653147E+07   9.5701385E+07   9.0429586E-04   1.4798571E-04   5.4491877E-04
   2.8985507E-02   6.5840119E+07   3.3822335E+07   9.9655255E+07   2.1701220E-04   9.8926621E-05   1.4871459E-04
   4.3478261E-02   6.9211416E+07   3.5643934E+07   1.0484550E+08   1.7253546E-04   3.6592575E-05   1.0258642E-04
   5.7971014E-02   7.1502117E+07   3.6709311E+07   1.0819855E+08   1.2026167E-04   1.4133525E-04   4.7500832E-05
   7.2463768E-02   7.1318328E+07   3.6845704E+07   1.0813918E+08   2.2905687E-04   1.1976518E-04   1.7319283E-04
   8.6956522E-02   6.9603292E+07   3.5581294E+07   1.0516590E+08   6.9051738E-05   6.1738528E-05   6.4287339E-05
   1.0144928E-01   6.6094124E+07   3.3947578E+07   1.0001810E+08   1.2725125E-05   6.1673187E-05   2.0677799E-05
   1.1594203E-01   6.2164907E+07   3.1926951E+07   9.4070831E+07   2.0565367E-04   5.5991019E-05   1.5069442E-04
   1.3043478E-01   5.9185549E+07   3.0237398E+07   8.9398448E+07   1.6641799E-04   3.0693622E-05   1.0696796E-04
   1.4492754E-01   5.7225411E+07   2.9334488E+07   8.6531711E+07   1.2140978E-04   8.2574760E-05   5.1630218E-05
   1.5942029E-01   4.9305995E+07   2.5166777E+07   7.4448249E+07   1.4075393E-04   1.8898939E-04   1.3937030E-04
   1.7391304E-01   1.9287366E+07   9.4580693E+06   2.8742342E+07   2.8389619E-03   8.2144338E-04   2.1741444E-03
   1.8840580E-01   8.2248237E+06   3.7469496E+06   1.1971365E+07   5.9402755E-03   2.6837515E-03   4.9220981E-03
   2.0289855E-01   6.2009923E+06   2.7394346E+06   8.9402104E+06   4.7461418E-03   3.1979006E-03   4.2673351E-03
   2.1739130E-01   5.2592988E+06   2.2974071E+06   7.5566554E+06   4.0589840E-03   3.2712390E-03   3.8175226E-03
   2.3188406E-01   4.6363066E+06   2.0334338E+06   6.6694562E+06   4.4796583E-03   2.8218790E-03   3.9606937E-03
   2.4637681E-01   4.1658580E+06   1.8455791E+06   6.0112143E+06   3.8755572E-03   2.5280495E-03   3.4512998E-03
   2.6086957E-01   3.8184456E+06   1.7116851E+06   5.5298360E+06   3.3614596E-03   1.8174547E-03   2.8775308E-03
   2.7536232E-01   3.5189690E+06   1.5895720E+06   5.1084613E+06   4.0597441E-03   1.4839670E-03   3.2614395E-03
   2.8985507E-01   3.2142054E+06   1.4865278E+06   4.7006574E+06   4.1152552E-03   1.2433433E-03   3.2045159E-03
   3.0434783E-01   2.6531248E+06   1.2155901E+06   3.8686788E+06   2.5811788E-03   7.6147558E-04   2.0079251E-03
   3.1884058E-01   1.4569554E+06   6.7214688E+05   2.1289990E+06   8.7512029E-03   5.4714787E-04   6.1388708E-03
   3.3333333E-01   2.3094496E+05   9.2147370E+04   3.2309233E+05   5.3559412E-02   1.9050306E-04   3.8317498E-02
   3.4782609E-01   8.4361351E+04   1.9606437E+04   1.0396779E+05   1.5670544E-01   2.6364431E-03   1.2762998E-01
   3.6231884E-01   8.6472910E+04   2.0883223E+04   1.0735613E+05   1.7463210E-01   5.0448915E-03   1.4163936E-01
   3.7681159E-01   8.8596905E+04   2.1420633E+04   1.1001754E+05   1.9331825E-01   4.5384125E-03   1.5643905E-01
   3.9130435E-01   8.7027461E+04   1.9420511E+04   1.0644797E+05   2.1107862E-01   2.3196526E-03   1.7298459E-01
   4.0579710E-01   7.8533995E+04   1.7671502E+04   9.6205497E+04   2.2634044E-01   2.0025557E-03   1.8513122E-01
   4.2028986E-01   6.8980167E+04   1.5886342E+04   8.4866509E+04   2.2776889E-01   4.0697531E-03   1.8589404E-01
   4.3478261E-01   5.5264262E+04   1.3285650E+04   6.8549912E+04   2.3300505E-01   1.9174758E-03   1.8821155E-01
   4.4927536E-01   4.8519591E+04   9.9727925E+03   5.8492383E+04   2.2938545E-01   5.6420283E-03   1.9122386E-01
   4.6376812E-01   4.0254761E+04   8.5482170E+03   4.8802978E+04   2.3116997E-01   3.4161385E-03   1.9127528E-01
   4.7826087E-01   3.2927103E+04   7.0262856E+03   3.9953389E+04   2.2432632E-01   3.0996425E-03   1.8541602E-01
   4.9275362E-01   2.7701962E+04   5.3264432E+03   3.3028405E+04   2.2812067E-01   4.7529588E-06   1.9133140E-01
   5.0724638E-01   2.3208392E+04   4.3948728E+03   2.7603265E+04   2.1992443E-01   1.9888845E-03   1.8522566E-01
   5.2173913E-01   2.0711469E+04   3.9570694E+03   2.4668539E+04   2.2107393E-01   4.1376014E-03   1.8625076E-01
   5.3623188E-01   1.7223150E+04   3.1128642E+03   2.0336014E+04   2.1938528E-01   2.6982961E-03   1.8617018E-01
   5.5072464E-01   1.3719022E+04   2.8913637E+03   1.6610386E+04   2.1338974E-01   1.0902246E-05   1.7624696E-01
   5.6521739E-01   1.2492941E+04   2.0789186E+03   1.4571859E+04   2.0993951E-01   3.0543638E-03   1.8040546E-01
   5.7971014E-01   1.1517598E+04   2.1784930E+03   1.3696091E+04   2.0118946E-01   4.8990980E-06   1.6918915E-01
   5.9420290E-01   1.0164760E+04   1.6448430E+03   1.1809603E+04   2.0556426E-01   4.6679515E-03   1.7755709E-01
   6.0869565E-01   8.2268554E+03   1.2628945E+03   9.4897499E+03   2.0582729E-01   8.2130715E-06   1.7843474E-01
   6.2318841E-01   7.8240718E+03   1.1101724E+03   8.9342442E+03   2.0111721E-01   6.7733359E-03   1.7696214E-01
   6.3768116E-01   6.1479999E+03   1.0677199E+03   7.2157198E+03   1.9602875E-01   6.8909055E-03   1.6798433E-01
   6.5217391E-01   5.3883498E+03   7.2405950E+02   6.1124093E+03   1.8772747E-01   5.3653674E-06   1.6549038E-01
   6.6666667E-01   5.1888490E+03   6.9184654E+02   5.8806956E+03   1.8359390E-01   7.1740597E-05   1.6198619E-01
   6.8115942E-01   4.3690775E+03   5.6427200E+02   4.9333495E+03   1.6930882E-01   3.6847827E-05   1.4994687E-01
   6.9565217E-01   3.7255387E+03   4.7358543E+02   4.1991241E+03   1.9842118E-01   1.2877401E-06   1.7604291E-01
   7.1014493E-01   3.6804353E+03   3.5567232E+02   4.0361076E+03   1.5731614E-01   1.2414691E-05   1.4345412E-01
   7.2463768E-01   3.0915657E+03   3.6371361E+02   3.4552793E+03   1.6540578E-01   2.1473422E-05   1.4799244E-01
   7.3913043E-01   2.9715164E+03   3.2686680E+02   3.2983832E+03   1.5199809E-01   2.0632802E-05   1.3693332E-01
   7.5362319E-01   2.2586382E+03   2.6229347E+02   2.5209317E+03   1.7253437E-01   1.9073595E-04   1.5460258E-01
   7.6811594E-01   2.2875070E+03   2.5734453E+02   2.5448515E+03   1.6219821E-01   2.3177053E-02   1.4805293E-01
   7.8260870E-01   2.2311136E+03   1.8241809E+02   2.4135317E+03   1.2467997E-01   1.2317439E-05   1.1525741E-01
   7.9710145E-01   1.7359059E+03   1.3777031E+02   1.8736762E+03   1.2902625E-01   1.4490654E-05   1.1954009E-01
   8.1159420E-01   1.6372525E+03   1.7590316E+02   1.8131556E+03   1.3662024E-01   2.5023573E-05   1.2336366E-01
   8.2608696E-01   1.4490052E+03   1.1964263E+02   1.5686479E+03   1.3890384E-01   8.0911505E-06   1.2831001E-01
   8.4057971E-01   1.6983753E+03   1.5677311E+02   1.8551484E+03   1.2966890E-01   5.7548708E-05   1.1871582E-01
   8.5507246E-01   1.3356714E+03   1.1558695E+02   1.4512584E+03   1.2109619E-01   5.0455686E-06   1.1145097E-01
   8.6956522E-01   1.1366050E+03   2.1469206E+02   1.3512971E+03   9.3396355E-02   8.6648018E-05   7.8545022E-02
   8.8405797E-01   1.2173475E+03   1.2421913E+02   1.3415666E+03   1.3218121E-01   1.5359154E-05   1.1994357E-01
   8.9855072E-01   8.7995228E+02   9.7772475E+01   9.7772475E+02   9.7299624E-02   1.5131740E-05   8.7568272E-02
   9.1304348E-01   7.9381938E+02   7.2165398E+01   8.6598478E+02   1.0329491E-01   1.6407592E-05   9.4685688E-02
   9.2753623E-01   7.8141596E+02   9.4717086E+01   8.7613304E+02   9.3463652E-02   1.3468764E-05   8.3360807E-02
   9.4202899E-01   5.8287437E+02   4.6629950E+01   6.2950432E+02   9.0398927E-02   1.7427947E-06   8.3702596E-02
   9.5652174E-01   5.5108122E+02   1.1480859E+01   5.6256208E+02   8.8053588E-02   1.5673569E-06   8.6256546E-02
   9.7101449E-01   4.0714210E+02   2.2619005E+01   4.2976110E+02   5.6543743E-02   9.0934133E-06   5.3568230E-02
   9.8550725E-01   2.7857966E+02   4.4572746E+01   3.2315241E+02   5.0316243E-02   3.6785889E-06   4.3376478E-02
   1.0000000E+00   1.5318864E+02   0.0000000E+00   1.5318864E+02   1.7527052E-01   0.0000000E+00   1.7527052E-01
