   0.0000000E+00   0.0000000E+00   0.0000000E+00   5.8635568E+10   0.0000000E+00   0.0000000E+00   4.8041768E-05
   1.4492754E-02   0.0000000E+00   0.0000000E+00   3.4808908E+07   0.0000000E+00   0.0000000E+00   2.7387815E-02
   2.8985507E-02   0.0000000E+00   0.0000000E+00   2.1221552E+07   0.0000000E+00   0.0000000E+00   1.7434950E-02
   4.3478261E-02   0.0000000E+00   0.0000000E+00   1.2031343E+07   0.0000000E+00   0.0000000E+00   4.6300787E-03
   5.7971014E-02   0.0000000E+00   0.0000000E+00   7.8260939E+06   0.0000000E+00   0.0000000E+00   1.8843806E-03
   7.2463768E-02   0.0000000E+00   0.0000000E+00   5.8145682E+06   0.0000000E+00   0.0000000E+00   8.8977227E-04
   8.6956522E-02   0.0000000E+00   0.0000000E+00   4.5892322E+06   0.0000000E+00   0.0000000E+00   1.1502256E-03
   1.0144928E-01   0.0000000E+00   0.0000000E+00   3.7217861E+06   0.0000000E+00   0.0000000E+00   1.6243755E-03
   1.1594203E-01   0.0000000E+00   0.0000000E+00   3.1131612E+06   0.0000000E+00   0.0000000E+00   2.9574319E-03
   1.3043478E-01   0.0000000E+00   0.0000000E+00   2.6747263E+06   0.0000000E+00   0.0000000E+00   4.3331274E-03
   1.4492754E-01   0.0000000E+00   0.0000000E+00   2.2960179E+06   0.0000000E+00   0.0000000E+00   4.9695632E-03
   1.5942029E-01   0.0000000E+00   0.0000000E+00   1.9648801E+06   0.0000000E+00   0.0000000E+00   4.9735134E-03
   1.7391304E-01   0.0000000E+00   0.0000000E+00   1.6989088E+06   0.0000000E+00   0.0000000E+00   4.7158197E-03
   1.8840580E-01   0.0000000E+00   0.0000000E+00   1.4844645E+06   0.0000000E+00   0.0000000E+00   5.6402341E-03
   2.0289855E-01   0.0000000E+00   0.0000000E+00   1.3116422E+06   0.0000000E+00   0.0000000E+00   5.1888170E-03
   2.1739130E-01   0.0000000E+00   0.0000000E+00   1.1612567E+06   0.0000000E+00   0.0000000E+00   4.7459633E-03
   2.3188406E-01   0.0000000E+00   0.0000000E+00   1.0050430E+06   0.0000000E+00   0.0000000E+00   4.5023629E-03
   2.4637681E-01   0.0000000E+00   0.0000000E+00   8.5757964E+05   0.0000000E+00   0.0000000E+00   5.0600228E-03
   2.6086957E-01   0.0000000E+00   0.0000000E+00   7.2948994E+05   0.0000000E+00   0.0000000E+00   7.0801183E-03
   2.7536232E-01   0.0000000E+00   0.0000000E+00   5.9119414E+05   0.0000000E+00   0.0000000E+00   6.1306262E-03
   2.8985507E-01   0.0000000E+00   0.0000000E+00   4.4994404E+05   0.0000000E+00   0.0000000E+00   4.1548656E-03
   3.0434783E-01   0.0000000E+00   0.0000000E+00   2.9122347E+05   0.0000000E+00   0.0000000E+00   6.6356769E-03
   3.1884058E-01   0.0000000E+00   0.0000000E+00   1.2557763E+05   0.0000000E+00   0.0000000E+00   2.5102336E-02
   3.3333333E-01   0.0000000E+00   0.0000000E+00   3.7919779E+04   0.0000000E+00   0.0000000E+00   9.7967522E-02
   3.4782609E-01   0.0000000E+00   0.0000000E+00   2.4721159E+04   0.0000000E+00   0.0000000E+00   1.6234069E-01
   3.6231884E-01   0.0000000E+00   0.0000000E+00   2.2519934E+04   0.0000000E+00   0.0000000E+00   1.7748725E-01
   3.7681159E-01   0.0000000E+00   0.0000000E+00   2.0925190E+04   0.0000000E+00   0.0000000E+00   1.8085191E-01
   3.9130435E-01   0.0000000E+00   0.0000000E+00   1.7652458E+04   0.0000000E+00   0.0000000E+00   1.7352943E-01
   4.0579710E-01   0.0000000E+00   0.0000000E+00   1.3693384E+04   0.0000000E+00   0.0000000E+00   1.7331580E-01
   4.2028986E-01   0.0000000E+00   0.0000000E+00   1.1261535E+04   0.0000000E+00   0.0000000E+00   1.7556717E-01
   4.3478261E-01   0.0000000E+00   0.0000000E+00   9.2949033E+03   0.0000000E+00   0.0000000E+00   1.5891808E-01
   4.4927536E-01   0.0000000E+00   0.0000000E+00   8.3351035E+03   0.0000000E+00   0.0000000E+00   1.5080950E-01
   4.6376812E-01   0.0000000E+00   0.0000000E+00   7.4116119E+03   0.0000000E+00   0.0000000E+00   1.5580541E-01
   4.7826087E-01   0.0000000E+00   0.0000000E+00   6.2226255E+03   0.0000000E+00   0.0000000E+00   1.5353255E-01
   4.9275362E-01   0.0000000E+00   0.0000000E+00   5.4155887E+03   0.0000000E+00   0.0000000E+00   1.4603594E-01
   5.0724638E-01   0.0000000E+00   0.0000000E+00   5.0876606E+03   0.0000000E+00   0.0000000E+00   1.4771381E-01
   5.2173913E-01   0.0000000E+00   0.0000000E+00   4.4201307E+03   0.0000000E+00   0.0000000E+00   1.3935995E-01
   5.3623188E-01   0.0000000E+00   0.0000000E+00   3.5019722E+03   0.0000000E+00   0.0000000E+00   1.6329571E-01
   5.5072464E-01   0.0000000E+00   0.0000000E+00   2.6321380E+03   0.0000000E+00   0.0000000E+00   2.0661063E-01
   5.6521739E-01   0.0000000E+00   0.0000000E+00   1.9817729E+03   0.0000000E+00   0.0000000E+00   2.1114972E-01
   5.7971014E-01   0.0000000E+00   0.0000000E+00   1.6859641E+03   0.0000000E+00   0.0000000E+00   2.4130304E-01
   5.9420290E-01   0.0000000E+00   0.0000000E+00   1.5339548E+03   0.0000000E+00   0.0000000E+00   2.5530007E-01
   6.0869565E-01   0.0000000E+00   0.0000000E+00   1.3170185E+03   0.0000000E+00   0.0000000E+00   2.5507823E-01
   6.2318841E-01   0.0000000E+00   0.0000000E+00   1.0925506E+03   0.0000000E+00   0.0000000E+00   2.5257168E-01
   6.3768116E-01   0.0000000E+00   0.0000000E+00   9.4717086E+02   0.0000000E+00   0.0000000E+00   2.7377584E-01
   6.5217391E-01   0.0000000E+00   0.0000000E+00   9.0928402E+02   0.0000000E+00   0.0000000E+00   2.8804621E-01
   6.6666667E-01   0.0000000E+00   0.0000000E+00   7.2479161E+02   0.0000000E+00   0.0000000E+00   3.0079307E-01
   6.8115942E-01   0.0000000E+00   0.0000000E+00   6.6100434E+02   0.0000000E+00   0.0000000E+00   3.2056069E-01
   6.9565217E-01   0.0000000E+00   0.0000000E+00   3.9465452E+02   0.0000000E+00   0.0000000E+00   3.2434177E-01
   7.1014493E-01   0.0000000E+00   0.0000000E+00   3.4020831E+02   0.0000000E+00   0.0000000E+00   3.0553592E-01
   7.2463768E-01   0.0000000E+00   0.0000000E+00   5.1526095E+02   0.0000000E+00   0.0000000E+00   3.0364497E-01
   7.3913043E-01   0.0000000E+00   0.0000000E+00   4.4572746E+02   0.0000000E+00   0.0000000E+00   3.2848219E-01
   7.5362319E-01   0.0000000E+00   0.0000000E+00   4.3715578E+02   0.0000000E+00   0.0000000E+00   3.3810284E-01
   7.6811594E-01   0.0000000E+00   0.0000000E+00   3.7171988E+02   0.0000000E+00   0.0000000E+00   3.1153778E-01
   7.8260870E-01   0.0000000E+00   0.0000000E+00   2.3854673E+02   0.0000000E+00   0.0000000E+00   3.0850804E-01
   7.9710145E-01   0.0000000E+00   0.0000000E+00   2.4798655E+02   0.0000000E+00   0.0000000E+00   3.2562431E-01
   8.1159420E-01   0.0000000E+00   0.0000000E+00   2.8415126E+02   0.0000000E+00   0.0000000E+00   3.4154668E-01
   8.2608696E-01   0.0000000E+00   0.0000000E+00   2.1269802E+02   0.0000000E+00   0.0000000E+00   3.6326849E-01
   8.4057971E-01   0.0000000E+00   0.0000000E+00   1.6983753E+02   0.0000000E+00   0.0000000E+00   3.2704772E-01
   8.5507246E-01   0.0000000E+00   0.0000000E+00   1.7980193E+02   0.0000000E+00   0.0000000E+00   3.1873202E-01
   8.6956522E-01   0.0000000E+00   0.0000000E+00   1.2628945E+02   0.0000000E+00   0.0000000E+00   3.6145891E-01
   8.8405797E-01   0.0000000E+00   0.0000000E+00   1.3664104E+02   0.0000000E+00   0.0000000E+00   3.9302347E-01
   8.9855072E-01   0.0000000E+00   0.0000000E+00   1.5888027E+02   0.0000000E+00   0.0000000E+00   3.5733488E-01
   9.1304348E-01   0.0000000E+00   0.0000000E+00   1.2027566E+02   0.0000000E+00   0.0000000E+00   3.1999334E-01
   9.2753623E-01   0.0000000E+00   0.0000000E+00   1.3023599E+02   0.0000000E+00   0.0000000E+00   2.6274140E-01
   9.4202899E-01   0.0000000E+00   0.0000000E+00   1.2823236E+02   0.0000000E+00   0.0000000E+00   2.9773008E-01
   9.5652174E-01   0.0000000E+00   0.0000000E+00   6.8885153E+01   0.0000000E+00   0.0000000E+00   2.7493815E-01
   9.7101449E-01   0.0000000E+00   0.0000000E+00   5.6547514E+01   0.0000000E+00   0.0000000E+00   2.5494340E-01
   9.8550725E-01   0.0000000E+00   0.0000000E+00   3.3429560E+01   0.0000000E+00   0.0000000E+00   4.2489723E-01
   1.0000000E+00   0.0000000E+00   0.0000000E+00   0.0000000E+00   0.0000000E+00   0.0000000E+00   0.0000000E+00
