   0.0000000E+00   3.7844740E+10   1.9045130E+10   5.6405228E+10   3.5918014E-06   1.8383597E-06   2.4317226E-06
   1.4492754E-02   2.1441675E+07   1.0687876E+07   3.2130309E+07   1.0796343E-02   1.0804250E-02   1.0803152E-02
   2.8985507E-02   1.8075430E+07   8.9625095E+06   2.7035287E+07   2.0680858E-02   1.8662340E-02   2.0017308E-02
   4.3478261E-02   1.1209957E+07   5.5501686E+06   1.6759367E+07   2.3093992E-02   2.1901178E-02   2.2696027E-02
   5.7971014E-02   5.8889401E+06   2.9674863E+06   8.8556686E+06   2.0548053E-02   2.0166270E-02   2.0421661E-02
   7.2463768E-02   3.5393881E+06   1.7444614E+06   5.2840010E+06   1.4578749E-02   1.6072959E-02   1.5000293E-02
   8.6956522E-02   2.5238946E+06   1.2539279E+06   3.7776962E+06   8.3701796E-03   1.0949010E-02   9.2279763E-03
   1.0144928E-01   2.0198013E+06   9.9317630E+05   3.0129776E+06   9.5387502E-03   1.0853423E-02   9.8962571E-03
   1.1594203E-01   1.6846381E+06   8.2413336E+05   2.5087714E+06   1.0183081E-02   1.5939199E-02   1.2021305E-02
   1.3043478E-01   1.4469403E+06   6.9349745E+05   2.1403536E+06   1.4529213E-02   1.3433971E-02   1.4159457E-02
   1.4492754E-01   1.2332165E+06   5.9035265E+05   1.8235691E+06   1.7225665E-02   1.4574887E-02   1.6344032E-02
   1.5942029E-01   1.0568360E+06   5.2407824E+05   1.5808454E+06   2.4180280E-02   2.0364358E-02   2.2911156E-02
   1.7391304E-01   8.7663820E+05   4.3393054E+05   1.3105056E+06   2.6789624E-02   2.8589374E-02   2.7357384E-02
   1.8840580E-01   7.1979156E+05   3.5730199E+05   1.0770936E+06   2.6371417E-02   1.9576474E-02   2.4115576E-02
   2.0289855E-01   6.0992391E+05   3.0477252E+05   9.1469643E+05   2.4617972E-02   2.3751486E-02   2.4327394E-02
   2.1739130E-01   5.2900124E+05   2.5788305E+05   7.8688429E+05   2.2291137E-02   2.1984584E-02   2.2028000E-02
   2.3188406E-01   4.5364748E+05   2.2073817E+05   6.7438565E+05   2.0532947E-02   2.2446346E-02   2.1140331E-02
   2.4637681E-01   3.6973093E+05   1.8702724E+05   5.5675817E+05   2.3023757E-02   1.7303934E-02   2.1096576E-02
   2.6086957E-01   3.1521846E+05   1.5361006E+05   4.6882853E+05   1.7153002E-02   1.5477699E-02   1.6588937E-02
   2.7536232E-01   2.5116977E+05   1.2239441E+05   3.7356419E+05   2.1226134E-02   2.2605623E-02   2.1610661E-02
   2.8985507E-01   1.8791870E+05   9.1837686E+04   2.7975638E+05   2.0648971E-02   2.1539254E-02   2.0941193E-02
   3.0434783E-01   1.2123787E+05   5.6722003E+04   1.7795987E+05   2.0191883E-02   2.2090925E-02   2.0495957E-02
   3.1884058E-01   5.6313613E+04   2.6245243E+04   8.2558856E+04   3.2119021E-02   4.3596753E-02   3.5231360E-02
   3.3333333E-01   1.7230273E+04   8.3680486E+03   2.5598322E+04   5.9487137E-02   5.5871039E-02   5.8252267E-02
   3.4782609E-01   9.1559849E+03   4.9884332E+03   1.4144418E+04   1.1648124E-01   1.2915984E-01   1.2091869E-01
   3.6231884E-01   8.3351035E+03   4.3039444E+03   1.2639048E+04   1.4392080E-01   1.3222055E-01   1.3992092E-01
   3.7681159E-01   9.9380080E+03   5.1584382E+03   1.5096446E+04   1.6191132E-01   1.5826144E-01   1.6066414E-01
   3.9130435E-01   9.7383196E+03   4.7989990E+03   1.4537319E+04   1.6657831E-01   1.6545115E-01   1.6616217E-01
   4.0579710E-01   1.0554190E+04   5.3582808E+03   1.5912470E+04   1.8548184E-01   1.6514614E-01   1.7863411E-01
   4.2028986E-01   9.1973556E+03   4.7293221E+03   1.3926678E+04   2.2363063E-01   2.0891947E-01   2.1863256E-01
   4.3478261E-01   8.5876824E+03   4.2685833E+03   1.2856266E+04   2.0684196E-01   2.3072338E-01   2.1477045E-01
   4.4927536E-01   8.0906723E+03   3.9108990E+03   1.2001571E+04   2.0658012E-01   2.0917551E-01   2.0742280E-01
   4.6376812E-01   7.1748192E+03   3.5992492E+03   1.0774068E+04   1.9380249E-01   2.0686938E-01   1.9816768E-01
   4.7826087E-01   6.1767021E+03   3.2376022E+03   9.4143043E+03   2.1806903E-01   1.9217330E-01   2.0916178E-01
   4.9275362E-01   4.6132792E+03   2.0503463E+03   6.6636255E+03   1.9875286E-01   2.4726904E-01   2.1367531E-01
   5.0724638E-01   4.0701285E+03   2.2515604E+03   6.3216889E+03   2.1844686E-01   2.1627711E-01   2.1767392E-01
   5.2173913E-01   3.9149729E+03   1.3470874E+03   5.2620603E+03   2.1000504E-01   1.9268749E-01   2.0555391E-01
   5.3623188E-01   2.9490293E+03   1.5973908E+03   4.5464201E+03   2.1252754E-01   1.9255976E-01   2.0550799E-01
   5.5072464E-01   2.9312445E+03   1.6550564E+03   4.5863010E+03   2.2019645E-01   2.2878874E-01   2.2329490E-01
   5.6521739E-01   2.4286432E+03   1.1074613E+03   3.5361045E+03   2.0538900E-01   1.9811020E-01   2.0310937E-01
   5.7971014E-01   2.0648325E+03   1.0229445E+03   3.0877770E+03   2.1356945E-01   1.9905866E-01   2.0876220E-01
   5.9420290E-01   2.1623218E+03   1.1643271E+03   3.3266489E+03   2.1574258E-01   2.0135522E-01   2.1070642E-01
   6.0869565E-01   2.1649620E+03   7.0361264E+02   2.8685746E+03   2.2351920E-01   2.2328962E-01   2.2346275E-01
   6.2318841E-01   1.1630377E+03   7.7535847E+02   1.9383962E+03   2.3317026E-01   1.8755412E-01   2.1492380E-01
   6.3768116E-01   1.3777031E+03   6.8885153E+02   2.0665546E+03   1.9467758E-01   2.3927663E-01   2.0954376E-01
   6.5217391E-01   1.1113471E+03   4.8831920E+02   1.5996663E+03   2.5506633E-01   2.4905887E-01   2.5322119E-01
   6.6666667E-01   1.0542423E+03   5.7653878E+02   1.6307811E+03   1.8112868E-01   2.2862696E-01   1.9792100E-01
   6.8115942E-01   1.0318117E+03   3.5468526E+02   1.3864969E+03   2.4546614E-01   2.2619456E-01   2.4053620E-01
   6.9565217E-01   6.7880578E+02   3.7886834E+02   1.0576741E+03   2.3557809E-01   2.3776851E-01   2.3636272E-01
   7.1014493E-01   8.6598478E+02   4.0206436E+02   1.2680491E+03   2.1458083E-01   1.9276637E-01   2.0765993E-01
   7.2463768E-01   6.3649881E+02   4.3948728E+02   1.0759861E+03   2.0760174E-01   2.1231829E-01   2.0952822E-01
   7.3913043E-01   7.7259427E+02   3.5658197E+02   1.1291762E+03   2.2841093E-01   2.2765045E-01   2.2817078E-01
   7.5362319E-01   4.9544322E+02   2.6229347E+02   7.5773668E+02   2.5334187E-01   2.1070209E-01   2.3858136E-01
   7.6811594E-01   5.8617366E+02   3.2882913E+02   9.1500279E+02   2.8314354E-01   1.8370116E-01   2.4740591E-01
   7.8260870E-01   4.7709347E+02   2.5257889E+02   7.2967236E+02   2.8473712E-01   3.0004716E-01   2.9003675E-01
   7.9710145E-01   4.6841904E+02   1.2399328E+02   5.9241232E+02   2.7612969E-01   2.2821039E-01   2.6610007E-01
   8.1159420E-01   6.2242656E+02   1.3531012E+02   7.5773668E+02   2.4967108E-01   2.7502507E-01   2.5419289E-01
   8.2608696E-01   3.8551516E+02   1.7281714E+02   5.5833229E+02   2.1275729E-01   1.5835930E-01   1.9591982E-01
   8.4057971E-01   3.7886834E+02   1.4370868E+02   5.2257702E+02   2.3319104E-01   2.7929368E-01   2.4586324E-01
   8.5507246E-01   2.1833091E+02   1.4127294E+02   3.5960385E+02   2.6990518E-01   2.5597702E-01   2.6443340E-01
   8.6956522E-01   2.9046573E+02   8.8402613E+01   3.7886834E+02   2.6880278E-01   2.2129193E-01   2.5771691E-01
   8.8405797E-01   2.2359443E+02   1.2421913E+02   3.4781356E+02   2.1370181E-01   1.5120352E-01   1.9138099E-01
   8.9855072E-01   2.3220963E+02   1.0999403E+02   3.4220366E+02   2.7292088E-01   2.1645150E-01   2.5477001E-01
   9.1304348E-01   1.3230323E+02   4.8110266E+01   1.8041350E+02   2.9897602E-01   2.1345743E-01   2.7617106E-01
   9.2753623E-01   9.4717086E+01   4.7358543E+01   1.4207563E+02   2.0262078E-01   1.0439617E-01   1.6987924E-01
   9.4202899E-01   8.1602412E+01   3.4972462E+01   1.1657487E+02   2.2921011E-01   2.7649687E-01   2.4339614E-01
   9.5652174E-01   1.1480859E+02   8.0366012E+01   1.9517460E+02   2.5007751E-01   2.3881643E-01   2.4544059E-01
   9.7101449E-01   4.5238011E+01   1.1309503E+01   5.6547514E+01   2.0375450E-01   9.1821015E-06   1.6300544E-01
   9.8550725E-01   5.5715933E+01   7.8002306E+01   1.3371824E+02   2.5535157E-01   3.0143894E-01   2.8223587E-01
   1.0000000E+00   6.5652276E+01   0.0000000E+00   6.5652276E+01   2.8373455E-01   0.0000000E+00   2.8373455E-01
