   0.0000000E+00   6.6189815E+07   3.3692004E+07   9.9881819E+07   0.0000000E+00   0.0000000E+00   0.0000000E+00
   1.4492754E-02   6.8165234E+07   3.4098909E+07   1.0226339E+08   0.0000000E+00   0.0000000E+00   0.0000000E+00
   2.8985507E-02   7.1871703E+07   3.5994387E+07   1.0786457E+08   0.0000000E+00   0.0000000E+00   0.0000000E+00
   4.3478261E-02   7.6855969E+07   3.8521818E+07   1.1537728E+08   0.0000000E+00   0.0000000E+00   0.0000000E+00
   5.7971014E-02   8.0190516E+07   4.0033502E+07   1.2022250E+08   0.0000000E+00   0.0000000E+00   0.0000000E+00
   7.2463768E-02   8.0359188E+07   4.0476778E+07   1.2083309E+08   0.0000000E+00   0.0000000E+00   0.0000000E+00
   8.6956522E-02   7.7920336E+07   3.9067135E+07   1.1698419E+08   0.0000000E+00   0.0000000E+00   0.0000000E+00
   1.0144928E-01   7.3670083E+07   3.6940313E+07   1.1060650E+08   0.0000000E+00   0.0000000E+00   0.0000000E+00
   1.1594203E-01   6.9013710E+07   3.4694111E+07   1.0370470E+08   0.0000000E+00   0.0000000E+00   0.0000000E+00
   1.3043478E-01   6.5567124E+07   3.2807725E+07   9.8371397E+07   0.0000000E+00   0.0000000E+00   0.0000000E+00
   1.4492754E-01   6.4044890E+07   3.2033849E+07   9.6075556E+07   0.0000000E+00   0.0000000E+00   0.0000000E+00
   1.5942029E-01   5.5248373E+07   2.7648021E+07   8.2893362E+07   0.0000000E+00   0.0000000E+00   0.0000000E+00
   1.7391304E-01   1.5721268E+07   7.9120970E+06   2.3633049E+07   0.0000000E+00   0.0000000E+00   0.0000000E+00
   1.8840580E-01   3.0345023E+06   1.5191455E+06   4.5536477E+06   0.0000000E+00   0.0000000E+00   0.0000000E+00
   2.0289855E-01   1.7721837E+06   8.8352097E+05   2.6557047E+06   0.0000000E+00   0.0000000E+00   0.0000000E+00
   2.1739130E-01   1.5435096E+06   7.6829448E+05   2.3118041E+06   0.0000000E+00   0.0000000E+00   0.0000000E+00
   2.3188406E-01   1.5400998E+06   7.6057820E+05   2.3006780E+06   0.0000000E+00   0.0000000E+00   0.0000000E+00
   2.4637681E-01   1.6198182E+06   8.0556324E+05   2.4253814E+06   0.0000000E+00   0.0000000E+00   0.0000000E+00
   2.6086957E-01   1.7312178E+06   8.6318837E+05   2.5944062E+06   0.0000000E+00   0.0000000E+00   0.0000000E+00
   2.7536232E-01   1.9055084E+06   9.5295358E+05   2.8584221E+06   0.0000000E+00   0.0000000E+00   0.0000000E+00
   2.8985507E-01   2.0107680E+06   9.9994722E+05   3.0107152E+06   0.0000000E+00   0.0000000E+00   0.0000000E+00
   3.0434783E-01   1.8714653E+06   9.4226361E+05   2.8137289E+06   0.0000000E+00   0.0000000E+00   0.0000000E+00
   3.1884058E-01   1.0823235E+06   5.4043847E+05   1.6227620E+06   0.0000000E+00   0.0000000E+00   0.0000000E+00
   3.3333333E-01   8.7699785E+04   4.1708463E+04   1.2940825E+05   0.0000000E+00   0.0000000E+00   0.0000000E+00
   3.4782609E-01   0.0000000E+00   0.0000000E+00   0.0000000E+00   0.0000000E+00   0.0000000E+00   0.0000000E+00
   3.6231884E-01   0.0000000E+00   0.0000000E+00   0.0000000E+00   0.0000000E+00   0.0000000E+00   0.0000000E+00
   3.7681159E-01   0.0000000E+00   0.0000000E+00   0.0000000E+00   0.0000000E+00   0.0000000E+00   0.0000000E+00
   3.9130435E-01   0.0000000E+00   0.0000000E+00   0.0000000E+00   0.0000000E+00   0.0000000E+00   0.0000000E+00
   4.0579710E-01   0.0000000E+00   0.0000000E+00   0.0000000E+00   0.0000000E+00   0.0000000E+00   0.0000000E+00
   4.2028986E-01   0.0000000E+00   0.0000000E+00   0.0000000E+00   0.0000000E+00   0.0000000E+00   0.0000000E+00
   4.3478261E-01   0.0000000E+00   0.0000000E+00   0.0000000E+00   0.0000000E+00   0.0000000E+00   0.0000000E+00
   4.4927536E-01   0.0000000E+00   0.0000000E+00   0.0000000E+00   0.0000000E+00   0.0000000E+00   0.0000000E+00
   4.6376812E-01   0.0000000E+00   0.0000000E+00   0.0000000E+00   0.0000000E+00   0.0000000E+00   0.0000000E+00
   4.7826087E-01   0.0000000E+00   0.0000000E+00   0.0000000E+00   0.0000000E+00   0.0000000E+00   0.0000000E+00
   4.9275362E-01   0.0000000E+00   0.0000000E+00   0.0000000E+00   0.0000000E+00   0.0000000E+00   0.0000000E+00
   5.0724638E-01   0.0000000E+00   0.0000000E+00   0.0000000E+00   0.0000000E+00   0.0000000E+00   0.0000000E+00
   5.2173913E-01   0.0000000E+00   0.0000000E+00   0.0000000E+00   0.0000000E+00   0.0000000E+00   0.0000000E+00
   5.3623188E-01   0.0000000E+00   0.0000000E+00   0.0000000E+00   0.0000000E+00   0.0000000E+00   0.0000000E+00
   5.5072464E-01   0.0000000E+00   0.0000000E+00   0.0000000E+00   0.0000000E+00   0.0000000E+00   0.0000000E+00
   5.6521739E-01   0.0000000E+00   0.0000000E+00   0.0000000E+00   0.0000000E+00   0.0000000E+00   0.0000000E+00
   5.7971014E-01   0.0000000E+00   0.0000000E+00   0.0000000E+00   0.0000000E+00   0.0000000E+00   0.0000000E+00
   5.9420290E-01   0.0000000E+00   0.0000000E+00   0.0000000E+00   0.0000000E+00   0.0000000E+00   0.0000000E+00
   6.0869565E-01   0.0000000E+00   0.0000000E+00   0.0000000E+00   0.0000000E+00   0.0000000E+00   0.0000000E+00
   6.2318841E-01   0.0000000E+00   0.0000000E+00   0.0000000E+00   0.0000000E+00   0.0000000E+00   0.0000000E+00
   6.3768116E-01   0.0000000E+00   0.0000000E+00   0.0000000E+00   0.0000000E+00   0.0000000E+00   0.0000000E+00
   6.5217391E-01   0.0000000E+00   0.0000000E+00   0.0000000E+00   0.0000000E+00   0.0000000E+00   0.0000000E+00
   6.6666667E-01   0.0000000E+00   0.0000000E+00   0.0000000E+00   0.0000000E+00   0.0000000E+00   0.0000000E+00
   6.8115942E-01   0.0000000E+00   0.0000000E+00   0.0000000E+00   0.0000000E+00   0.0000000E+00   0.0000000E+00
   6.9565217E-01   0.0000000E+00   0.0000000E+00   0.0000000E+00   0.0000000E+00   0.0000000E+00   0.0000000E+00
   7.1014493E-01   0.0000000E+00   0.0000000E+00   0.0000000E+00   0.0000000E+00   0.0000000E+00   0.0000000E+00
   7.2463768E-01   0.0000000E+00   0.0000000E+00   0.0000000E+00   0.0000000E+00   0.0000000E+00   0.0000000E+00
   7.3913043E-01   0.0000000E+00   0.0000000E+00   0.0000000E+00   0.0000000E+00   0.0000000E+00   0.0000000E+00
   7.5362319E-01   0.0000000E+00   0.0000000E+00   0.0000000E+00   0.0000000E+00   0.0000000E+00   0.0000000E+00
   7.6811594E-01   0.0000000E+00   0.0000000E+00   0.0000000E+00   0.0000000E+00   0.0000000E+00   0.0000000E+00
   7.8260870E-01   0.0000000E+00   0.0000000E+00   0.0000000E+00   0.0000000E+00   0.0000000E+00   0.0000000E+00
   7.9710145E-01   0.0000000E+00   0.0000000E+00   0.0000000E+00   0.0000000E+00   0.0000000E+00   0.0000000E+00
   8.1159420E-01   0.0000000E+00   0.0000000E+00   0.0000000E+00   0.0000000E+00   0.0000000E+00   0.0000000E+00
   8.2608696E-01   0.0000000E+00   0.0000000E+00   0.0000000E+00   0.0000000E+00   0.0000000E+00   0.0000000E+00
   8.4057971E-01   0.0000000E+00   0.0000000E+00   0.0000000E+00   0.0000000E+00   0.0000000E+00   0.0000000E+00
   8.5507246E-01   0.0000000E+00   0.0000000E+00   0.0000000E+00   0.0000000E+00   0.0000000E+00   0.0000000E+00
   8.6956522E-01   0.0000000E+00   0.0000000E+00   0.0000000E+00   0.0000000E+00   0.0000000E+00   0.0000000E+00
   8.8405797E-01   0.0000000E+00   0.0000000E+00   0.0000000E+00   0.0000000E+00   0.0000000E+00   0.0000000E+00
   8.9855072E-01   0.0000000E+00   0.0000000E+00   0.0000000E+00   0.0000000E+00   0.0000000E+00   0.0000000E+00
   9.1304348E-01   0.0000000E+00   0.0000000E+00   0.0000000E+00   0.0000000E+00   0.0000000E+00   0.0000000E+00
   9.2753623E-01   0.0000000E+00   0.0000000E+00   0.0000000E+00   0.0000000E+00   0.0000000E+00   0.0000000E+00
   9.4202899E-01   0.0000000E+00   0.0000000E+00   0.0000000E+00   0.0000000E+00   0.0000000E+00   0.0000000E+00
   9.5652174E-01   0.0000000E+00   0.0000000E+00   0.0000000E+00   0.0000000E+00   0.0000000E+00   0.0000000E+00
   9.7101449E-01   0.0000000E+00   0.0000000E+00   0.0000000E+00   0.0000000E+00   0.0000000E+00   0.0000000E+00
   9.8550725E-01   0.0000000E+00   0.0000000E+00   0.0000000E+00   0.0000000E+00   0.0000000E+00   0.0000000E+00
   1.0000000E+00   0.0000000E+00   0.0000000E+00   0.0000000E+00   0.0000000E+00   0.0000000E+00   0.0000000E+00
