   0.0000000E+00   6.5929153E+07   3.4286069E+07   1.0021522E+08   1.6471070E-03   1.5570662E-04   1.0337916E-03
   1.4492754E-02   6.6131469E+07   3.4685397E+07   1.0081383E+08   5.1959963E-04   1.2187634E-04   3.3593775E-04
   2.8985507E-02   6.8580474E+07   3.5294238E+07   1.0387130E+08   1.2106602E-04   2.8731521E-05   7.0429443E-05
   4.3478261E-02   7.1010788E+07   3.6901019E+07   1.0790600E+08   7.3576820E-05   3.9135306E-05   3.9242899E-05
   5.7971014E-02   7.3197743E+07   3.7727709E+07   1.1091617E+08   3.3546750E-04   1.8582309E-05   2.2659823E-04
   7.2463768E-02   7.2648308E+07   3.7283979E+07   1.0991622E+08   2.7501099E-04   6.0150339E-05   2.0041334E-04
   8.6956522E-02   7.0358377E+07   3.6198723E+07   1.0654409E+08   2.0777148E-04   5.7782011E-05   1.3020752E-04
   1.0144928E-01   6.6775654E+07   3.4205641E+07   1.0096636E+08   3.1619564E-04   8.3023380E-05   2.0463403E-04
   1.1594203E-01   6.2807278E+07   3.1975636E+07   9.4768517E+07   3.5727390E-04   9.4987290E-05   2.5292056E-04
   1.3043478E-01   5.8852566E+07   2.9830662E+07   8.8668663E+07   2.4351606E-04   1.4320392E-04   1.5921755E-04
   1.4492754E-01   5.5890279E+07   2.8257213E+07   8.4131277E+07   3.4119770E-04   2.0173793E-04   2.0999009E-04
   1.5942029E-01   4.7176479E+07   2.3783563E+07   7.0947643E+07   7.5846216E-04   3.1361392E-04   4.0189707E-04
   1.7391304E-01   2.0557144E+07   1.0147925E+07   3.0702859E+07   1.6084562E-03   1.1254249E-03   1.4222653E-03
   1.8840580E-01   9.5331435E+06   4.5676367E+06   1.4099964E+07   4.2802575E-03   2.7424455E-03   3.7776451E-03
   2.0289855E-01   6.8272075E+06   3.2568064E+06   1.0083689E+07   3.2549994E-03   3.5931797E-03   3.3623914E-03
   2.1739130E-01   5.4143317E+06   2.5464499E+06   7.9606301E+06   2.6625748E-03   3.5947227E-03   2.9243902E-03
   2.3188406E-01   4.5048867E+06   2.0872331E+06   6.5918829E+06   9.3963314E-04   3.2126624E-03   1.6254961E-03
   2.4637681E-01   3.8899973E+06   1.7554530E+06   5.6452720E+06   1.0430475E-03   3.5869593E-03   8.2854453E-04
   2.6086957E-01   3.4330102E+06   1.5493189E+06   4.9822029E+06   8.7563576E-04   2.8577185E-03   7.5606190E-04
   2.7536232E-01   3.1099109E+06   1.4068777E+06   4.5167089E+06   1.4361376E-03   2.2735116E-03   7.6169939E-04
   2.8985507E-01   2.8155222E+06   1.2673904E+06   4.0826853E+06   7.5650624E-04   1.7899071E-03   4.5358550E-04
   3.0434783E-01   2.3448703E+06   1.0587386E+06   3.4034645E+06   9.6106467E-04   1.2721738E-03   2.9626475E-04
   3.1884058E-01   1.3252126E+06   5.8803811E+05   1.9132507E+06   1.7399643E-03   7.4975332E-04   1.4322400E-03
   3.3333333E-01   2.0554431E+05   7.6630240E+04   2.8217455E+05   2.5352800E-02   5.9621943E-04   1.8629251E-02
   3.4782609E-01   6.4565480E+04   8.5876824E+03   7.3153162E+04   7.8669839E-02   3.7389274E-05   6.9438505E-02
   3.6231884E-01   6.8408468E+04   8.0623183E+03   7.6470786E+04   1.0204494E-01   5.7955446E-06   9.1286535E-02
   3.7681159E-01   5.6917682E+04   6.7904864E+03   6.3708169E+04   9.4269468E-02   5.9471314E-06   8.4222160E-02
   3.9130435E-01   4.8495148E+04   3.7325548E+03   5.2227703E+04   8.4401417E-02   2.0094415E-05   7.8368093E-02
   4.0579710E-01   4.2730937E+04   2.4085202E+03   4.5139457E+04   6.7521753E-02   1.8036970E-05   6.3918048E-02
   4.2028986E-01   3.7625546E+04   1.9857927E+03   3.9611338E+04   4.4733010E-02   1.3401933E-05   4.2490362E-02
   4.3478261E-01   3.5386303E+04   1.0355735E+03   3.6421877E+04   4.1564736E-02   1.7858097E-06   4.0382887E-02
   4.4927536E-01   3.0480569E+04   7.5773668E+02   3.1238306E+04   2.8014796E-02   4.6361542E-06   2.7335151E-02
   4.6376812E-01   2.9030787E+04   4.9726470E+02   2.9528051E+04   1.7709002E-02   4.7385697E-04   1.7403666E-02
   4.7826087E-01   2.7301482E+04   2.9850233E+02   2.7599985E+04   1.5974713E-02   4.7581386E-05   1.5802304E-02
   4.9275362E-01   2.5896765E+04   2.0057736E+02   2.6097343E+04   7.4795986E-03   1.0725579E-06   7.4221061E-03
   5.0724638E-01   2.3294991E+04   8.6598478E+01   2.3381589E+04   4.0409387E-03   1.0698614E-05   4.0259349E-03
   5.2173913E-01   2.2963631E+04   8.4192965E+01   2.3047824E+04   2.9879294E-03   9.8024027E-06   2.9769788E-03
   5.3623188E-01   2.0950395E+04   8.1917479E+01   2.1032313E+04   2.3674154E-03   9.2636477E-06   2.3582306E-03
   5.5072464E-01   1.9681213E+04   3.9880878E+01   1.9721094E+04   1.1634951E-03   2.9788419E-06   1.1611372E-03
   5.6521739E-01   1.7874814E+04   7.7716583E+01   1.7952531E+04   3.1968286E-03   4.6864637E-06   3.1829693E-03
   5.7971014E-01   1.4965300E+04   3.7886834E+01   1.5003186E+04   1.4692603E-03   7.2684999E-06   1.4655671E-03
   5.9420290E-01   1.4341553E+04   0.0000000E+00   1.4341553E+04   1.2712624E-03   0.0000000E+00   1.2712624E-03
   6.0869565E-01   1.2033580E+04   0.0000000E+00   1.2033580E+04   1.1997152E-03   0.0000000E+00   1.1997152E-03
   6.2318841E-01   1.1348428E+04   0.0000000E+00   1.1348428E+04   8.9834748E-06   0.0000000E+00   8.9834748E-06
   6.3768116E-01   9.5750363E+03   1.7221288E+01   9.5922576E+03   4.7041611E-06   6.3429709E-06   4.6844480E-06
   6.5217391E-01   8.9076157E+03   0.0000000E+00   8.9076157E+03   1.4462429E-05   0.0000000E+00   1.4462429E-05
   6.6666667E-01   6.6713773E+03   0.0000000E+00   6.6713773E+03   1.0261685E-03   0.0000000E+00   1.0261685E-03
   6.8115942E-01   6.4165787E+03   0.0000000E+00   6.4165787E+03   5.4172699E-06   0.0000000E+00   5.4172699E-06
   6.9565217E-01   5.2725844E+03   0.0000000E+00   5.2725844E+03   5.7260174E-06   0.0000000E+00   5.7260174E-06
   7.1014493E-01   4.5928121E+03   0.0000000E+00   4.5928121E+03   1.0870784E-05   0.0000000E+00   1.0870784E-05
   7.2463768E-01   3.2885772E+03   0.0000000E+00   3.2885772E+03   8.5343539E-06   0.0000000E+00   8.5343539E-06
   7.3913043E-01   2.9715164E+03   0.0000000E+00   2.9715164E+03   2.1590226E-03   0.0000000E+00   2.1590226E-03
   7.5362319E-01   2.3752131E+03   0.0000000E+00   2.3752131E+03   2.0341483E-06   0.0000000E+00   2.0341483E-06
   7.6811594E-01   1.8728963E+03   0.0000000E+00   1.8728963E+03   2.6560302E-05   0.0000000E+00   2.6560302E-05
   7.8260870E-01   1.4312804E+03   0.0000000E+00   1.4312804E+03   4.2938497E-07   0.0000000E+00   4.2938497E-07
   7.9710145E-01   8.2662184E+02   0.0000000E+00   8.2662184E+02   7.0492016E-06   0.0000000E+00   7.0492016E-06
   8.1159420E-01   8.3892276E+02   0.0000000E+00   8.3892276E+02   3.5295693E-05   0.0000000E+00   3.5295693E-05
   8.2608696E-01   5.4503867E+02   0.0000000E+00   5.4503867E+02   7.8512064E-06   0.0000000E+00   7.8512064E-06
   8.4057971E-01   2.8741736E+02   0.0000000E+00   2.8741736E+02   2.3153095E-06   0.0000000E+00   2.3153095E-06
   8.5507246E-01   2.0548791E+02   0.0000000E+00   2.0548791E+02   5.0285770E-06   0.0000000E+00   5.0285770E-06
   8.6956522E-01   1.3891839E+02   0.0000000E+00   1.3891839E+02   2.1336603E-05   0.0000000E+00   2.1336603E-05
   8.8405797E-01   1.3664104E+02   0.0000000E+00   1.3664104E+02   1.0628597E-04   0.0000000E+00   1.0628597E-04
   8.9855072E-01   9.7772475E+01   0.0000000E+00   9.7772475E+01   1.6158600E-05   0.0000000E+00   1.6158600E-05
   9.1304348E-01   8.4192965E+01   0.0000000E+00   8.4192965E+01   3.1556638E-06   0.0000000E+00   3.1556638E-06
   9.2753623E-01   2.3679271E+01   0.0000000E+00   2.3679271E+01   6.2050840E-05   0.0000000E+00   6.2050840E-05
   9.4202899E-01   5.8287437E+01   0.0000000E+00   5.8287437E+01   7.0652209E-06   0.0000000E+00   7.0652209E-06
   9.5652174E-01   1.1480859E+01   0.0000000E+00   1.1480859E+01   6.4531223E-06   0.0000000E+00   6.4531223E-06
   9.7101449E-01   2.2619005E+01   0.0000000E+00   2.2619005E+01   1.1127445E-04   0.0000000E+00   1.1127445E-04
   9.8550725E-01   3.3429560E+01   0.0000000E+00   3.3429560E+01   3.1713537E-04   0.0000000E+00   3.1713537E-04
   1.0000000E+00   0.0000000E+00   0.0000000E+00   0.0000000E+00   0.0000000E+00   0.0000000E+00   0.0000000E+00
