   0.0000000E+00   6.1952551E+07   3.1703703E+07   9.3656254E+07   4.1804473E-04   4.1924908E-04   3.6345328E-04
   1.4492754E-02   6.3259647E+07   3.2662240E+07   9.5918856E+07   1.0160341E-04   1.5124439E-04   5.2654389E-05
   2.8985507E-02   6.5549527E+07   3.3780280E+07   9.9324125E+07   1.1408191E-04   1.7524947E-04   2.5349245E-05
   4.3478261E-02   6.7959130E+07   3.5217580E+07   1.0318227E+08   4.9835378E-05   2.5845904E-05   4.1388189E-05
   5.7971014E-02   6.8880538E+07   3.5894744E+07   1.0478021E+08   5.1876042E-05   4.9991395E-05   1.8342650E-05
   7.2463768E-02   6.8309811E+07   3.5812454E+07   1.0412226E+08   1.0063954E-04   2.5036249E-05   5.7179736E-05
   8.6956522E-02   6.6028922E+07   3.4450751E+07   1.0047210E+08   5.2299548E-05   7.4845480E-05   1.6101135E-05
   1.0144928E-01   6.2544344E+07   3.2742993E+07   9.5282357E+07   1.0233112E-04   4.4279413E-05   6.6462621E-05
   1.1594203E-01   5.8755281E+07   3.0606879E+07   8.9356667E+07   3.2372402E-05   9.5096035E-05   5.1206726E-05
   1.3043478E-01   5.5339194E+07   2.8795846E+07   8.4128305E+07   5.7614041E-05   4.3756713E-05   3.5401812E-05
   1.4492754E-01   5.2996407E+07   2.7657010E+07   8.0639475E+07   9.4486132E-05   2.8133102E-05   6.9765913E-05
   1.5942029E-01   4.5938613E+07   2.3797203E+07   6.9732578E+07   1.2533107E-04   1.0826475E-05   7.9681086E-05
   1.7391304E-01   2.0853545E+07   1.0058891E+07   3.0911426E+07   3.1147025E-04   2.0149347E-04   2.6794338E-04
   1.8840580E-01   1.1274073E+07   4.8523126E+06   1.6125045E+07   4.9837580E-04   3.1659260E-04   4.1401285E-04
   2.0289855E-01   8.9884349E+06   3.7711472E+06   1.2758879E+07   5.5558164E-04   4.3812518E-04   5.0030697E-04
   2.1739130E-01   7.6321259E+06   3.1699662E+06   1.0802395E+07   3.9029980E-04   6.6308941E-04   4.6467318E-04
   2.3188406E-01   6.5443823E+06   2.7341981E+06   9.2782489E+06   1.0208669E-03   6.3337402E-04   9.0389044E-04
   2.4637681E-01   5.6675138E+06   2.3406486E+06   8.0082070E+06   1.2802358E-03   6.9314178E-04   1.0984944E-03
   2.6086957E-01   4.9036509E+06   2.0549819E+06   6.9582960E+06   1.1578738E-03   9.3082906E-04   1.0834797E-03
   2.7536232E-01   4.2397760E+06   1.8029347E+06   6.0424715E+06   1.5915587E-03   1.2984865E-03   1.4550886E-03
   2.8985507E-01   3.6256564E+06   1.5767743E+06   5.2022412E+06   1.1295521E-03   1.0433275E-03   1.0987897E-03
   3.0434783E-01   2.9038274E+06   1.2693172E+06   4.1732528E+06   1.4358900E-03   1.7123613E-03   1.5179059E-03
   3.1884058E-01   1.5802254E+06   7.0679611E+05   2.2868493E+06   2.9840395E-03   1.5453029E-03   2.4791082E-03
   3.3333333E-01   2.3624912E+05   9.4782976E+04   3.3103210E+05   2.6288023E-02   1.8506228E-02   2.4046962E-02
   3.4782609E-01   3.1098776E+04   9.7558598E+03   4.0854636E+04   1.4327233E-01   1.4268233E-01   1.4307465E-01
   3.6231884E-01   3.1249061E+04   9.9111958E+03   4.1160257E+04   1.6770038E-01   1.5412384E-01   1.6438925E-01
   3.7681159E-01   2.9843168E+04   8.9179779E+03   3.8761146E+04   1.9922505E-01   1.9836269E-01   1.9902557E-01
   3.9130435E-01   2.3630159E+04   6.6793085E+03   3.0309467E+04   2.1033787E-01   2.0218408E-01   2.0848720E-01
   4.0579710E-01   1.8835169E+04   5.8183353E+03   2.4653504E+04   2.3215774E-01   2.2199146E-01   2.2970592E-01
   4.2028986E-01   1.3613131E+04   4.1283585E+03   1.7741490E+04   2.3183385E-01   2.1476524E-01   2.2784855E-01
   4.3478261E-01   1.0785119E+04   2.8793994E+03   1.3664518E+04   2.4043055E-01   2.6158086E-01   2.4465095E-01
   4.4927536E-01   8.0662292E+03   2.5176412E+03   1.0583870E+04   2.4292845E-01   2.4229421E-01   2.4276894E-01
   4.6376812E-01   7.2221778E+03   2.1311344E+03   9.3533122E+03   2.6342720E-01   2.6344318E-01   2.6319375E-01
   4.7826087E-01   6.1996638E+03   1.7221288E+03   7.9217926E+03   2.8162094E-01   2.9314082E-01   2.8381811E-01
   4.9275362E-01   5.5493069E+03   1.3148960E+03   6.8642029E+03   2.5869857E-01   3.0207278E-01   2.6672919E-01
   5.0724638E-01   4.3299239E+03   1.3639260E+03   5.6938499E+03   2.6627716E-01   3.0798461E-01   2.7626789E-01
   5.2173913E-01   3.1782844E+03   9.0507437E+02   4.0833588E+03   2.7457819E-01   2.6173166E-01   2.7167041E-01
   5.3623188E-01   3.2562198E+03   8.8061290E+02   4.1368327E+03   2.5040544E-01   2.6173154E-01   2.5273858E-01
   5.5072464E-01   2.4925549E+03   7.5773668E+02   3.2502916E+03   2.7855011E-01   2.7774460E-01   2.7829990E-01
   5.6521739E-01   2.1372060E+03   6.0230352E+02   2.7395096E+03   2.5880784E-01   2.0690728E-01   2.4735643E-01
   5.7971014E-01   2.3110969E+03   6.8196302E+02   2.9930599E+03   2.2716887E-01   2.0569839E-01   2.2227407E-01
   5.9420290E-01   1.5524361E+03   6.2836701E+02   2.1808031E+03   2.1078656E-01   1.9862051E-01   2.0723710E-01
   6.0869565E-01   1.6417628E+03   3.6082699E+02   2.0025898E+03   2.1675230E-01   2.0253865E-01   2.1381203E-01
   6.2318841E-01   1.7269348E+03   4.4054458E+02   2.1674794E+03   2.1659492E-01   2.0156747E-01   2.1351332E-01
   6.3768116E-01   1.1882689E+03   4.6497478E+02   1.6532437E+03   1.4770871E-01   1.7147682E-01   1.5438634E-01
   6.5217391E-01   1.1113471E+03   2.1890171E+02   1.3302488E+03   1.3771344E-01   1.3190204E-01   1.3667386E-01
   6.6666667E-01   1.0212973E+03   4.2828595E+02   1.4495832E+03   1.7514195E-01   1.7449442E-01   1.7490227E-01
   6.8115942E-01   9.9956754E+02   2.9019703E+02   1.2897646E+03   2.0869104E-01   1.7025563E-01   1.9998011E-01
   6.9565217E-01   9.3138467E+02   1.2628945E+02   1.0576741E+03   1.9106380E-01   3.0361740E-01   2.0399972E-01
   7.1014493E-01   7.2680866E+02   1.7010415E+02   8.9691281E+02   2.0272063E-01   1.8753606E-01   1.9972269E-01
   7.2463768E-01   5.3041568E+02   1.3639260E+02   6.6680828E+02   2.0597888E-01   1.4901237E-01   1.9370885E-01
   7.3913043E-01   4.6058504E+02   1.3371824E+02   5.9430328E+02   1.6658639E-01   1.3097748E-01   1.5842613E-01
   7.5362319E-01   4.0801206E+02   1.3114673E+02   5.3915879E+02   1.9346992E-01   1.0075677E-01   1.6943202E-01
   7.6811594E-01   3.0023529E+02   1.1437535E+02   4.1461064E+02   1.2571389E-01   2.4295680E-01   1.5787928E-01
   7.8260870E-01   3.5080402E+02   2.8064322E+01   3.7886834E+02   2.0769077E-01   1.9048536E-01   2.0605394E-01
   7.9710145E-01   2.7554061E+02   8.2662184E+01   3.5820280E+02   8.5148072E-02   2.7002845E-01   1.2622263E-01
   8.1159420E-01   2.8415126E+02   6.7655061E+01   3.5180632E+02   1.2496022E-01   8.5504458E-02   1.1717373E-01
   8.2608696E-01   2.3928527E+02   5.3174504E+01   2.9245977E+02   1.6217490E-01   1.7281124E-01   1.6369433E-01
   8.4057971E-01   2.8741736E+02   6.5322128E+01   3.5273949E+02   2.5351573E-01   2.1826142E-01   2.4693672E-01
   8.5507246E-01   2.3117390E+02   0.0000000E+00   2.3117390E+02   1.3893423E-01   0.0000000E+00   1.3893423E-01
   8.6956522E-01   1.3891839E+02   3.7886834E+01   1.7680523E+02   1.5737350E-01   1.3098184E-01   1.5160246E-01
   8.8405797E-01   7.4531477E+01   2.4843826E+01   9.9375303E+01   1.6855250E-01   1.6027113E-05   1.2641837E-01
   8.9855072E-01   1.0999403E+02   0.0000000E+00   1.0999403E+02   1.7539076E-01   0.0000000E+00   1.7539076E-01
   9.1304348E-01   1.3230323E+02   1.2027566E+01   1.4433080E+02   7.6045130E-02   1.0349434E-05   6.9708877E-02
   9.2753623E-01   1.1839636E+01   1.1839636E+01   2.3679271E+01   2.4361710E-05   3.3994363E-01   1.6998345E-01
   9.4202899E-01   4.6629950E+01   0.0000000E+00   4.6629950E+01   2.1092922E-01   0.0000000E+00   2.1092922E-01
   9.5652174E-01   2.2961718E+01   1.1480859E+01   3.4442577E+01   2.0245609E-01   3.9826272E-01   2.6689338E-01
   9.7101449E-01   4.5238011E+01   0.0000000E+00   4.5238011E+01   1.0734390E-01   0.0000000E+00   1.0734390E-01
   9.8550725E-01   2.2286373E+01   2.2286373E+01   4.4572746E+01   2.1210744E-01   1.3157870E-05   1.0606015E-01
   1.0000000E+00   2.1884092E+01   0.0000000E+00   2.1884092E+01   1.0192558E-05   0.0000000E+00   1.0192558E-05
