   0.0000000E+00   6.0697739E+07   3.1897683E+07   9.2595423E+07   2.8564891E-03   1.7207299E-03   2.2880927E-03
   1.4492754E-02   6.2217001E+07   3.3154011E+07   9.5372528E+07   9.2633480E-04   6.0641370E-04   4.1163892E-04
   2.8985507E-02   6.4043147E+07   3.4345931E+07   9.8383394E+07   6.4914423E-04   2.5178110E-04   4.6881263E-04
   4.3478261E-02   6.6554034E+07   3.5823012E+07   1.0237654E+08   1.8541836E-04   3.1371481E-04   1.7810577E-04
   5.7971014E-02   6.8264119E+07   3.6793420E+07   1.0505924E+08   6.8457893E-04   2.3388651E-04   5.2810785E-04
   7.2463768E-02   6.8301324E+07   3.6769173E+07   1.0506747E+08   6.1459325E-04   7.2298257E-05   4.0949102E-04
   8.6956522E-02   6.6819620E+07   3.5858626E+07   1.0267875E+08   3.3932906E-04   1.5764198E-04   2.3940637E-04
   1.0144928E-01   6.3910759E+07   3.4101939E+07   9.8014539E+07   3.2126126E-04   1.0618705E-04   2.3938840E-04
   1.1594203E-01   6.0693098E+07   3.2161849E+07   9.2857789E+07   3.9438597E-04   6.7937434E-05   2.7033450E-04
   1.3043478E-01   5.7828022E+07   3.0506647E+07   8.8335343E+07   1.6413695E-04   2.0089824E-04   1.7183737E-04
   1.4492754E-01   5.5413738E+07   2.9176651E+07   8.4584403E+07   6.8788683E-04   2.3153418E-04   5.2637662E-04
   1.5942029E-01   4.7185159E+07   2.4570370E+07   7.1757251E+07   8.9986528E-04   2.1143545E-04   6.1483691E-04
   1.7391304E-01   2.1298526E+07   9.9331702E+06   3.1231317E+07   3.2250991E-03   1.1554416E-03   2.5612653E-03
   1.8840580E-01   1.0256316E+07   4.0165873E+06   1.4272961E+07   6.3998849E-03   3.3538657E-03   5.5453250E-03
   2.0289855E-01   7.5447842E+06   2.7801359E+06   1.0324974E+07   3.8055300E-03   2.4859541E-03   3.4488054E-03
   2.1739130E-01   6.3655438E+06   2.3006906E+06   8.6663355E+06   1.9708140E-03   2.3573765E-03   2.0633157E-03
   2.3188406E-01   5.6094773E+06   1.9941262E+06   7.6033193E+06   1.2745923E-03   2.1605147E-03   1.5066087E-03
   2.4637681E-01   4.9591192E+06   1.8190138E+06   6.7782221E+06   1.6500592E-03   1.6157931E-03   1.5903474E-03
   2.6086957E-01   4.4597855E+06   1.6670207E+06   6.1269325E+06   6.4436985E-04   1.6029637E-03   7.7212808E-04
   2.7536232E-01   4.0083872E+06   1.5390031E+06   5.5473105E+06   1.2945548E-03   1.6807232E-03   1.3862564E-03
   2.8985507E-01   3.4777083E+06   1.4032147E+06   4.8809230E+06   1.0748473E-03   1.2662215E-03   1.0468120E-03
   3.0434783E-01   2.6963519E+06   1.1311926E+06   3.8274723E+06   9.7687134E-04   4.1671540E-04   8.0041778E-04
   3.1884058E-01   1.4257505E+06   6.0911697E+05   2.0347641E+06   7.4499559E-03   2.7327907E-04   5.2756570E-03
   3.3333333E-01   2.3489837E+05   8.4273497E+04   3.1917187E+05   3.3325024E-02   6.2202427E-03   2.6113210E-02
   3.4782609E-01   4.9979049E+04   9.1244126E+03   5.9103461E+04   9.3872225E-02   2.2629410E-02   8.2752667E-02
   3.6231884E-01   4.9586289E+04   9.2140781E+03   5.8800367E+04   9.8394527E-02   1.9659672E-02   8.5988321E-02
   3.7681159E-01   4.9486034E+04   9.4425648E+03   5.8928599E+04   1.1316280E-01   2.1203537E-02   9.8372427E-02
   3.9130435E-01   5.1020937E+04   9.3734834E+03   6.0394420E+04   1.2062754E-01   2.6460811E-02   1.0600588E-01
   4.0579710E-01   4.9415257E+04   9.0116541E+03   5.8426911E+04   1.2884453E-01   2.1279418E-02   1.1225320E-01
   4.2028986E-01   4.9775461E+04   8.6225209E+03   5.8397982E+04   1.4151629E-01   2.9905032E-02   1.2490292E-01
   4.3478261E-01   4.3923470E+04   8.2593299E+03   5.2182800E+04   1.4924383E-01   2.1735748E-02   1.2902465E-01
   4.4927536E-01   4.1504416E+04   7.0151751E+03   4.8519591E+04   1.4572195E-01   2.5104514E-02   1.2828220E-01
   4.6376812E-01   3.8265703E+04   6.4170825E+03   4.4682785E+04   1.4919435E-01   2.7747159E-02   1.3169234E-01
   4.7826087E-01   3.3386338E+04   4.8908459E+03   3.8277183E+04   1.4364940E-01   3.6515733E-02   1.2993868E-01
   4.9275362E-01   2.8036257E+04   4.5687065E+03   3.2604964E+04   1.3980354E-01   2.2809069E-02   1.2340445E-01
   5.0724638E-01   2.5806346E+04   3.6154865E+03   2.9421833E+04   1.4135516E-01   3.2542822E-02   1.2798370E-01
   5.2173913E-01   2.2016460E+04   3.0519950E+03   2.5068455E+04   1.3744635E-01   1.3331640E-02   1.2233377E-01
   5.3623188E-01   1.9148211E+04   2.8671118E+03   2.2015323E+04   1.2267132E-01   3.2300255E-02   1.1089993E-01
   5.5072464E-01   1.7926455E+04   2.2931505E+03   2.0219605E+04   1.2290539E-01   1.6677586E-02   1.1084302E-01
   5.6521739E-01   1.6650778E+04   2.1372060E+03   1.8787984E+04   1.1195776E-01   1.6291581E-02   1.0107530E-01
   5.7971014E-01   1.3392996E+04   1.8375115E+03   1.5230507E+04   1.0693691E-01   2.3690777E-02   9.6815956E-02
   5.9420290E-01   1.2604303E+04   1.6448430E+03   1.4249146E+04   1.0349760E-01   1.1984063E-02   9.2778641E-02
   6.0869565E-01   1.0987182E+04   1.4613493E+03   1.2448531E+04   1.0214654E-01   1.4321239E-02   9.1832515E-02
   6.2318841E-01   9.1280838E+03   8.1060203E+02   9.9386858E+03   8.6611429E-02   2.0854916E-02   8.1232763E-02
   6.3768116E-01   9.2478318E+03   9.9883472E+02   1.0246667E+04   9.9297024E-02   1.6341504E-02   9.1199682E-02
   6.5217391E-01   7.0722091E+03   5.8935075E+02   7.6615598E+03   8.9041802E-02   2.0018938E-02   8.3722826E-02
   6.6666667E-01   6.8031576E+03   8.4009937E+02   7.6432570E+03   8.7490661E-02   8.2538666E-03   7.8780710E-02
   6.8115942E-01   5.9490391E+03   4.8366171E+02   6.4327008E+03   8.3029205E-02   2.9507611E-06   7.6786432E-02
   6.9565217E-01   4.9884332E+03   3.9465452E+02   5.3830877E+03   1.0550047E-01   1.6970953E-02   9.8990320E-02
   7.1014493E-01   4.2062118E+03   3.4020831E+02   4.5464201E+03   1.0312677E-01   7.5232013E-06   9.5410360E-02
   7.2463768E-01   3.8038382E+03   3.4855887E+02   4.1523970E+03   8.3592440E-02   1.8556075E-02   7.8019511E-02
   7.3913043E-01   3.1200922E+03   2.5257889E+02   3.3726711E+03   9.5226920E-02   7.9869780E-06   8.8095092E-02
   7.5362319E-01   3.2203809E+03   2.4772161E+02   3.4681025E+03   1.0800134E-01   2.3603185E-02   1.0171228E-01
   7.6811594E-01   2.2589131E+03   1.4296919E+02   2.4018823E+03   1.1712383E-01   2.9846604E-06   1.1015235E-01
   7.8260870E-01   2.2170814E+03   1.4032161E+02   2.3574030E+03   8.3402295E-02   4.2692977E-02   8.0924089E-02
   7.9710145E-01   1.5843585E+03   9.6439214E+01   1.6807977E+03   1.1785634E-01   6.2128196E-06   1.1109374E-01
   8.1159420E-01   1.2989772E+03   2.0296518E+02   1.5019424E+03   1.4208101E-01   9.9914681E-06   1.2287973E-01
   8.2608696E-01   9.7043470E+02   3.9880878E+01   1.0103156E+03   1.1520410E-01   1.4142235E-01   1.1597276E-01
   8.4057971E-01   8.6225209E+02   5.2257702E+01   9.1450979E+02   9.7250921E-02   6.5188568E-07   9.1693708E-02
   8.5507246E-01   7.1920770E+02   2.5685989E+01   7.4489369E+02   1.3934308E-01   5.4843079E-05   1.3453633E-01
   8.6956522E-01   4.1675518E+02   2.5257889E+01   4.4201307E+02   1.3081414E-01   2.0583619E-01   1.3486983E-01
   8.8405797E-01   3.9750121E+02   1.2421913E+01   4.0992312E+02   2.2633357E-01   7.4326443E-06   2.1947520E-01
   8.9855072E-01   3.6664678E+02   0.0000000E+00   3.6664678E+02   1.9180869E-01   0.0000000E+00   1.9180869E-01
   9.1304348E-01   3.0068916E+02   0.0000000E+00   3.0068916E+02   1.9949939E-01   0.0000000E+00   1.9949939E-01
   9.2753623E-01   2.4863235E+02   1.1839636E+01   2.6047199E+02   1.9003041E-01   2.9184814E-08   1.8139266E-01
   9.4202899E-01   1.5154734E+02   0.0000000E+00   1.5154734E+02   2.1318142E-01   0.0000000E+00   2.1318142E-01
   9.5652174E-01   2.4109804E+02   1.1480859E+01   2.5257889E+02   1.5779367E-01   9.5026448E-05   1.5061691E-01
   9.7101449E-01   7.9166519E+01   0.0000000E+00   7.9166519E+01   2.3934892E-01   0.0000000E+00   2.3934892E-01
   9.8550725E-01   1.1143187E+01   0.0000000E+00   1.1143187E+01   5.8852435E-06   0.0000000E+00   5.8852435E-06
   1.0000000E+00   4.3768184E+01   0.0000000E+00   4.3768184E+01   3.9604514E-01   0.0000000E+00   3.9604514E-01
