   0.0000000E+00   2.6599249E+10   1.3925382E+10   4.0364160E+10   8.8376448E-06   5.0355376E-06   6.8462858E-06
   1.4492754E-02   8.3603362E+07   4.1267855E+07   1.2486288E+08   7.8351672E-03   9.0308037E-03   8.2234188E-03
   2.8985507E-02   7.8288596E+07   3.8438088E+07   1.1669675E+08   1.7667190E-02   1.6630075E-02   1.7311851E-02
   4.3478261E-02   6.2026052E+07   3.0405447E+07   9.2415839E+07   1.9707689E-02   1.8224786E-02   1.9214386E-02
   5.7971014E-02   4.1005489E+07   2.0111468E+07   6.1107675E+07   1.8744166E-02   1.7794414E-02   1.8437689E-02
   7.2463768E-02   2.5009251E+07   1.2096508E+07   3.7098485E+07   1.7032582E-02   1.5963824E-02   1.6692327E-02
   8.6956522E-02   1.6272143E+07   7.6936794E+06   2.3962791E+07   1.1122863E-02   1.0147205E-02   1.0810321E-02
   1.0144928E-01   1.1815821E+07   5.4603588E+06   1.7274989E+07   6.4651457E-03   6.1430490E-03   6.3517561E-03
   1.1594203E-01   9.4941565E+06   4.2891685E+06   1.3782757E+07   3.5227979E-03   3.1234923E-03   3.3952198E-03
   1.3043478E-01   8.0331034E+06   3.6129727E+06   1.1645487E+07   2.5863062E-03   2.4341078E-03   2.5376729E-03
   1.4492754E-01   6.9798915E+06   3.0914899E+06   1.0070624E+07   2.8630090E-03   3.2978176E-03   2.9331535E-03
   1.5942029E-01   6.0561071E+06   2.6680597E+06   8.7242358E+06   3.0102460E-03   3.0079805E-03   2.9933938E-03
   1.7391304E-01   5.2758048E+06   2.2833764E+06   7.5589286E+06   2.6723807E-03   4.0327016E-03   3.0838731E-03
   1.8840580E-01   4.6106529E+06   1.9892919E+06   6.5989539E+06   3.4438777E-03   2.9021481E-03   3.2757903E-03
   2.0289855E-01   4.1626265E+06   1.7871220E+06   5.9493696E+06   2.9066594E-03   4.0181804E-03   3.1793250E-03
   2.1739130E-01   3.7949474E+06   1.6097358E+06   5.4039255E+06   3.5615998E-03   2.8505830E-03   3.3395143E-03
   2.3188406E-01   3.4653666E+06   1.4855901E+06   4.9505779E+06   2.9948052E-03   3.9777153E-03   3.2905273E-03
   2.4637681E-01   3.1710835E+06   1.3380293E+06   4.5088453E+06   2.8864562E-03   3.1747621E-03   2.9243120E-03
   2.6086957E-01   2.8107400E+06   1.1742814E+06   3.9848109E+06   2.8211827E-03   1.6591335E-03   2.4769233E-03
   2.7536232E-01   2.3842783E+06   9.9179756E+05   3.3759961E+06   2.7009833E-03   3.1458166E-03   2.6760044E-03
   2.8985507E-01   1.8228114E+06   7.5822921E+05   2.5809269E+06   3.7444342E-03   3.9607851E-03   3.8080110E-03
   3.0434783E-01   1.1618268E+06   4.8679170E+05   1.6486185E+06   6.0993295E-03   5.7969779E-03   6.0072139E-03
   3.1884058E-01   5.4133398E+05   2.2163798E+05   7.6293751E+05   1.3202369E-02   1.0635088E-02   1.2457163E-02
   3.3333333E-01   1.3958828E+05   5.6863196E+04   1.9645147E+05   2.4743935E-02   2.3388387E-02   2.4318401E-02
   3.4782609E-01   2.5668330E+04   1.0734603E+04   3.6402933E+04   6.2978078E-02   6.0363422E-02   6.2169731E-02
   3.6231884E-01   2.6854188E+04   1.1093265E+04   3.7947453E+04   7.2527052E-02   5.7218994E-02   6.7937203E-02
   3.7681159E-01   2.7220233E+04   1.0404308E+04   3.7624541E+04   7.2292388E-02   6.0849038E-02   6.9106860E-02
   3.9130435E-01   2.6184012E+04   1.1590565E+04   3.7774577E+04   9.6337897E-02   6.9089328E-02   8.7973166E-02
   4.0579710E-01   2.3652209E+04   1.0608314E+04   3.4260523E+04   9.5982773E-02   8.2535217E-02   9.1818504E-02
   4.2028986E-01   2.4587249E+04   9.5370307E+03   3.4124280E+04   1.0214997E-01   8.6266258E-02   9.7710791E-02
   4.3478261E-01   2.3767674E+04   8.3603614E+03   3.2128035E+04   1.1230751E-01   9.8516307E-02   1.0871873E-01
   4.4927536E-01   2.1778819E+04   8.8972953E+03   3.0676114E+04   1.2021355E-01   9.9568413E-02   1.1422556E-01
   4.6376812E-01   1.8588228E+04   6.7959509E+03   2.5384179E+04   1.3487288E-01   1.2847033E-01   1.3315872E-01
   4.7826087E-01   1.4465882E+04   5.9470849E+03   2.0412967E+04   1.4234651E-01   1.3699240E-01   1.4078611E-01
   4.9275362E-01   1.2747805E+04   5.1704386E+03   1.7918244E+04   1.7055335E-01   1.4703988E-01   1.6376836E-01
   5.0724638E-01   1.0521715E+04   3.7020849E+03   1.4223800E+04   1.7271944E-01   1.7578306E-01   1.7351645E-01
   5.2173913E-01   7.6194633E+03   2.3363548E+03   9.9558181E+03   2.1608777E-01   1.9094827E-01   2.1018812E-01
   5.3623188E-01   5.4679917E+03   1.9455401E+03   7.4135319E+03   2.1542467E-01   2.1405607E-01   2.1506536E-01
   5.5072464E-01   4.6062414E+03   1.4556521E+03   6.0618935E+03   2.3534876E-01   2.2862084E-01   2.3373246E-01
   5.6521739E-01   4.0606915E+03   1.0297447E+03   5.0904362E+03   2.8835281E-01   2.9667318E-01   2.9003594E-01
   5.7971014E-01   3.0688336E+03   8.3351035E+02   3.9023439E+03   2.6534492E-01   2.6683397E-01   2.6566297E-01
   5.9420290E-01   2.6428377E+03   6.6532977E+02   3.3081675E+03   2.8978029E-01   3.1439193E-01   2.9472971E-01
   6.0869565E-01   2.1288793E+03   8.4794343E+02   2.9768227E+03   3.1172692E-01   3.0360639E-01   3.0941380E-01
   6.2318841E-01   1.7445566E+03   5.6389707E+02   2.3084536E+03   3.1192884E-01   3.1877447E-01   3.1359927E-01
   6.3768116E-01   1.7393501E+03   5.3385994E+02   2.2732101E+03   3.1974235E-01   3.0770460E-01   3.1691529E-01
   6.5217391E-01   1.4986348E+03   5.8935075E+02   2.0879855E+03   3.1435969E-01   3.2763143E-01   3.1810441E-01
   6.6666667E-01   1.2354402E+03   5.2712117E+02   1.7625614E+03   3.1597797E-01   2.9160711E-01   3.0868558E-01
   6.8115942E-01   1.1769102E+03   4.5141760E+02   1.6283278E+03   3.3542599E-01   3.5295922E-01   3.4028669E-01
   6.9565217E-01   1.1681774E+03   2.3679271E+02   1.4049701E+03   3.5832430E-01   3.4191888E-01   3.5555934E-01
   7.1014493E-01   8.9691281E+02   2.7835225E+02   1.1752651E+03   3.3408953E-01   3.3053563E-01   3.3324684E-01
   7.2463768E-01   6.6680828E+02   2.1216627E+02   8.7897455E+02   3.4153863E-01   3.7557981E-01   3.4975547E-01
   7.3913043E-01   8.1716701E+02   2.5257889E+02   1.0697459E+03   3.1566952E-01   3.4719463E-01   3.2311295E-01
   7.5362319E-01   5.6830251E+02   2.1857789E+02   7.8688040E+02   3.6897764E-01   3.3239348E-01   3.5881537E-01
   7.6811594E-01   7.0054901E+02   2.1445378E+02   9.1500279E+02   3.4999006E-01   3.4909616E-01   3.4978055E-01
   7.8260870E-01   3.0870754E+02   1.8241809E+02   4.9112563E+02   3.0905598E-01   3.2909246E-01   3.1649810E-01
   7.9710145E-01   6.1996638E+02   8.2662184E+01   7.0262856E+02   3.4169130E-01   3.7250238E-01   3.4531614E-01
   8.1159420E-01   4.6005442E+02   1.3531012E+02   5.9536454E+02   3.3614342E-01   3.4209253E-01   3.3749549E-01
   8.2608696E-01   4.6527691E+02   1.7281714E+02   6.3809405E+02   3.5078355E-01   3.2002451E-01   3.4245298E-01
   8.4057971E-01   3.1354621E+02   1.1757983E+02   4.3112604E+02   3.7338124E-01   3.6347452E-01   3.7067941E-01
   8.5507246E-01   1.9264492E+02   1.2842995E+02   3.2107487E+02   3.5678722E-01   3.8984213E-01   3.7000919E-01
   8.6956522E-01   1.8943417E+02   5.0515779E+01   2.3994995E+02   3.6287376E-01   3.8190991E-01   3.6688137E-01
   8.8405797E-01   1.9875061E+02   4.9687651E+01   2.4843826E+02   4.0076791E-01   3.8537991E-01   3.9769031E-01
   8.9855072E-01   1.5888027E+02   3.6664678E+01   1.9554495E+02   3.7401376E-01   4.0914625E-01   3.8060110E-01
   9.1304348E-01   1.9244106E+02   6.0137832E+01   2.5257889E+02   3.5662504E-01   3.9139513E-01   3.6490363E-01
   9.2753623E-01   1.1839636E+02   7.1037814E+01   1.8943417E+02   3.0484010E-01   3.3793667E-01   3.1725131E-01
   9.4202899E-01   9.3259900E+01   5.8287437E+01   1.5154734E+02   3.9980333E-01   4.0656503E-01   4.0240399E-01
   9.5652174E-01   1.4925117E+02   4.5923435E+01   1.9517460E+02   2.8403116E-01   3.1929232E-01   2.9232791E-01
   9.7101449E-01   1.0178552E+02   1.1309503E+01   1.1309503E+02   3.1911820E-01   4.2734147E-01   3.2994053E-01
   9.8550725E-01   5.5715933E+01   1.1143187E+01   6.6859119E+01   3.3732109E-01   4.2642320E-01   3.5217144E-01
   1.0000000E+00   0.0000000E+00   0.0000000E+00   0.0000000E+00   0.0000000E+00   0.0000000E+00   0.0000000E+00
