   0.0000000E+00   6.5777606E+07   3.3661694E+07   9.9439301E+07   5.6781325E-04   1.5884564E-03   4.1347313E-04
   1.4492754E-02   6.7822737E+07   3.4120883E+07   1.0194210E+08   5.8081880E-04   5.4955645E-04   4.7532665E-04
   2.8985507E-02   7.1409484E+07   3.5793587E+07   1.0720383E+08   2.1853564E-04   1.8404205E-04   1.9227979E-04
   4.3478261E-02   7.5925721E+07   3.8032320E+07   1.1395855E+08   1.1891724E-04   1.0975338E-04   8.3828656E-05
   5.7971014E-02   7.8306403E+07   3.9363852E+07   1.1767329E+08   8.8092970E-05   2.7754032E-04   1.4304599E-04
   7.2463768E-02   7.8315269E+07   3.9367149E+07   1.1767484E+08   7.0332206E-05   8.9959651E-05   7.3086509E-05
   8.6956522E-02   7.6194844E+07   3.8065407E+07   1.1425785E+08   8.7982358E-05   2.4970999E-04   9.4784477E-05
   1.0144928E-01   7.2111852E+07   3.6208123E+07   1.0831792E+08   2.8842850E-05   8.3406560E-05   3.7757965E-05
   1.1594203E-01   6.7607445E+07   3.3950582E+07   1.0155215E+08   8.5812569E-05   1.6435121E-04   3.4779361E-05
   1.3043478E-01   6.4104608E+07   3.2087960E+07   9.6188694E+07   4.1638819E-05   1.6703015E-04   8.2496898E-05
   1.4492754E-01   6.1849651E+07   3.0977715E+07   9.2810090E+07   2.0728125E-04   8.3951759E-05   1.5770741E-04
   1.5942029E-01   5.3022831E+07   2.6573274E+07   7.9590939E+07   1.5197430E-04   2.6398270E-04   1.5880896E-04
   1.7391304E-01   1.7299002E+07   8.7245802E+06   2.6023077E+07   1.7857183E-03   1.1668743E-03   1.5779813E-03
   1.8840580E-01   5.0162168E+06   2.4897479E+06   7.5059647E+06   7.0506211E-03   7.6930850E-03   7.2548175E-03
   2.0289855E-01   3.0717563E+06   1.4991279E+06   4.5706677E+06   9.6984729E-03   8.7789892E-03   9.3677513E-03
   2.1739130E-01   2.3968222E+06   1.2128839E+06   3.6096050E+06   8.0765299E-03   7.4195230E-03   7.8360782E-03
   2.3188406E-01   2.1855020E+06   1.0837529E+06   3.2692549E+06   4.7235795E-03   4.0858131E-03   4.5118576E-03
   2.4637681E-01   2.0818593E+06   1.0493762E+06   3.1312800E+06   3.7030269E-03   2.8416788E-03   3.3638239E-03
   2.6086957E-01   2.0956050E+06   1.0335949E+06   3.1291578E+06   1.6534050E-03   1.6836413E-03   1.6604487E-03
   2.7536232E-01   2.1331484E+06   1.0572022E+06   3.1903905E+06   1.9280051E-03   1.4190141E-03   1.7613113E-03
   2.8985507E-01   2.1496232E+06   1.0699621E+06   3.2194716E+06   8.3248509E-04   1.4709200E-03   1.0352930E-03
   3.0434783E-01   1.9072232E+06   9.5911423E+05   2.8663014E+06   1.8235700E-03   1.2839978E-03   1.6381139E-03
   3.1884058E-01   1.1086032E+06   5.5717756E+05   1.6657808E+06   2.9210082E-03   3.6310180E-03   3.1555475E-03
   3.3333333E-01   1.1619727E+05   5.8444560E+04   1.7464183E+05   1.0537258E-02   7.2677043E-03   9.2615748E-03
   3.4782609E-01   3.0625191E+03   1.1997497E+03   4.2622688E+03   6.7560087E-02   8.4711247E-02   7.1700468E-02
   3.6231884E-01   3.3643509E+03   1.5760923E+03   4.9404432E+03   7.7707873E-02   7.1021003E-02   7.5475724E-02
   3.7681159E-01   2.6812221E+03   1.5154734E+03   4.1966955E+03   5.6276600E-02   8.3603313E-02   6.4638897E-02
   3.9130435E-01   2.6941749E+03   1.2909588E+03   3.9851337E+03   8.0213890E-02   8.6223844E-02   8.1973191E-02
   4.0579710E-01   2.6791404E+03   1.2448531E+03   3.9239935E+03   9.3335920E-02   7.8904630E-02   8.7113946E-02
   4.2028986E-01   2.6651428E+03   1.3064426E+03   3.9715854E+03   9.8410430E-02   1.1242376E-01   1.0300825E-01
   4.3478261E-01   2.1974364E+03   1.4144418E+03   3.6118782E+03   9.4711529E-02   1.3023119E-01   1.0821252E-01
   4.4927536E-01   2.5665275E+03   1.1243835E+03   3.6909109E+03   1.2637694E-01   1.0609842E-01   1.2019925E-01
   4.6376812E-01   2.5100028E+03   1.3497185E+03   3.8597212E+03   1.3830465E-01   1.1467121E-01   1.3002071E-01
   4.7826087E-01   2.2961718E+03   1.1480859E+03   3.4442577E+03   1.2057244E-01   9.2348061E-02   1.1108962E-01
   4.9275362E-01   2.1840646E+03   8.9145492E+02   3.0755195E+03   1.3726059E-01   1.4452505E-01   1.3888256E-01
   5.0724638E-01   2.1216627E+03   8.6598478E+02   2.9876475E+03   1.2313563E-01   1.2481835E-01   1.2358977E-01
   5.2173913E-01   2.3363548E+03   1.0313638E+03   3.3677186E+03   1.5916792E-01   1.5615566E-01   1.5815237E-01
   5.3623188E-01   2.2936894E+03   1.0444479E+03   3.3381373E+03   1.3243373E-01   1.6673710E-01   1.4315723E-01
   5.5072464E-01   2.0937461E+03   1.1565455E+03   3.2502916E+03   1.6816184E-01   1.4713055E-01   1.6028460E-01
   5.6521739E-01   1.5543317E+03   8.5488241E+02   2.4092141E+03   1.7399545E-01   1.9151857E-01   1.8012551E-01
   5.7971014E-01   1.9322285E+03   8.5245377E+02   2.7846823E+03   1.6229553E-01   1.2982996E-01   1.5224516E-01
   5.9420290E-01   1.5893989E+03   1.0349574E+03   2.6243563E+03   1.8134466E-01   1.2762250E-01   1.6014470E-01
   6.0869565E-01   1.5876388E+03   9.0206748E+02   2.4897062E+03   1.7569575E-01   1.5957872E-01   1.6979895E-01
   6.2318841E-01   1.6212041E+03   6.8724955E+02   2.3084536E+03   1.1887048E-01   1.8422311E-01   1.3830019E-01
   6.3768116E-01   1.4638095E+03   7.0607282E+02   2.1698823E+03   1.4337707E-01   1.7201071E-01   1.5222659E-01
   6.5217391E-01   1.6165049E+03   7.9141387E+02   2.4079188E+03   1.2852049E-01   1.6777647E-01   1.4106981E-01
   6.6666667E-01   1.5978361E+03   5.4359371E+02   2.1414298E+03   1.4759832E-01   1.3834825E-01   1.4514501E-01
   6.8115942E-01   1.3058866E+03   4.5141760E+02   1.7573042E+03   1.7528521E-01   2.0200908E-01   1.8209305E-01
   6.9565217E-01   9.4717086E+02   5.6830251E+02   1.5154734E+03   1.6512125E-01   1.4915813E-01   1.5913314E-01
   7.1014493E-01   1.1288730E+03   6.1856056E+02   1.7474336E+03   1.3117623E-01   1.4545984E-01   1.3618558E-01
   7.2463768E-01   8.0320089E+02   5.3041568E+02   1.3336166E+03   1.5436598E-01   1.4663616E-01   1.5124236E-01
   7.3913043E-01   8.3202459E+02   3.8629713E+02   1.2183217E+03   1.4957215E-01   2.2804214E-01   1.7444730E-01
   7.5362319E-01   8.0145226E+02   2.6229347E+02   1.0637457E+03   1.6099279E-01   1.7791305E-01   1.6513875E-01
   7.6811594E-01   6.5765825E+02   3.5742296E+02   1.0150812E+03   1.1578170E-01   1.2276384E-01   1.1820845E-01
   7.8260870E-01   7.7176884E+02   3.6483618E+02   1.1366050E+03   1.4565928E-01   1.6729324E-01   1.5230637E-01
   7.9710145E-01   6.7507450E+02   2.4798655E+02   9.2306105E+02   1.5072170E-01   8.5237909E-02   1.3288500E-01
   8.1159420E-01   5.1417846E+02   3.9239935E+02   9.0657782E+02   8.9201921E-02   1.7735905E-01   1.2732986E-01
   8.2608696E-01   6.2480042E+02   3.5892790E+02   9.8372833E+02   1.7313952E-01   1.1969521E-01   1.5360263E-01
   8.4057971E-01   4.9644817E+02   3.7886834E+02   8.7531651E+02   1.5045796E-01   1.9769684E-01   1.7075060E-01
   8.5507246E-01   4.7519080E+02   2.3117390E+02   7.0636471E+02   1.9334813E-01   1.0363487E-01   1.6398731E-01
   8.6956522E-01   4.9252884E+02   1.5154734E+02   6.4407618E+02   9.6611778E-02   1.3482456E-01   1.0553924E-01
   8.8405797E-01   3.6023547E+02   1.9875061E+02   5.5898608E+02   1.7206914E-01   1.9990011E-01   1.8182802E-01
   8.9855072E-01   3.0553899E+02   1.5888027E+02   4.6441926E+02   1.3550033E-01   1.2363057E-01   1.3135097E-01
   9.1304348E-01   3.6082699E+02   1.2027566E+02   4.8110266E+02   1.0205484E-01   1.5539048E-01   1.1420794E-01
   9.2753623E-01   2.0127381E+02   1.4207563E+02   3.4334943E+02   1.3659991E-01   1.3521556E-01   1.3602417E-01
   9.4202899E-01   2.5646472E+02   9.3259900E+01   3.4972462E+02   1.9126513E-01   2.3848859E-01   2.0385130E-01
   9.5652174E-01   1.3777031E+02   9.1846871E+01   2.2961718E+02   1.6944543E-01   1.5750765E-01   1.6466666E-01
   9.7101449E-01   1.4702354E+02   1.1309503E+02   2.6011856E+02   1.2716203E-01   7.8234686E-02   1.0556123E-01
   9.8550725E-01   1.1143187E+02   5.5715933E+01   1.6714780E+02   1.2479907E-01   1.6884236E-01   1.3810320E-01
   1.0000000E+00   2.1884092E+01   2.1884092E+01   4.3768184E+01   1.1531885E-05   4.2618422E-01   2.1309774E-01
