   0.0000000E+00   1.9990555E+10   1.2175956E+10   3.2030390E+10   1.4902671E-06   3.7437242E-06   2.0236002E-06
   1.4492754E-02   6.4540222E+07   3.0503448E+07   9.5039881E+07   1.2646236E-04   3.5469146E-04   8.8617046E-05
   2.8985507E-02   7.0009944E+07   3.3496508E+07   1.0348486E+08   1.4821172E-04   1.7493839E-04   6.0458805E-05
   4.3478261E-02   5.9968291E+07   2.7882184E+07   8.7829259E+07   1.6356882E-04   1.8042291E-04   1.6777829E-04
   5.7971014E-02   4.6646270E+07   2.0705155E+07   6.7332103E+07   1.2695146E-04   5.6214463E-05   1.0295324E-04
   7.2463768E-02   3.7872437E+07   1.6232993E+07   5.4084517E+07   2.3939306E-04   7.6628162E-05   1.8726845E-04
   8.6956522E-02   3.2091790E+07   1.3411055E+07   4.5492616E+07   2.5714142E-04   1.5134038E-04   1.6714043E-04
   1.0144928E-01   2.7981809E+07   1.1387592E+07   3.9361390E+07   1.3783230E-04   2.2872628E-04   7.6994929E-05
   1.1594203E-01   2.4355267E+07   9.7437360E+06   3.4091142E+07   2.6244793E-04   5.7408113E-04   3.4566723E-04
   1.3043478E-01   2.0734791E+07   8.1082035E+06   2.8837943E+07   5.5290917E-04   5.3878696E-04   5.4948216E-04
   1.4492754E-01   1.7016796E+07   6.5859442E+06   2.3598497E+07   4.4128875E-04   1.1486622E-03   6.3778472E-04
   1.5942029E-01   1.3768558E+07   5.1675575E+06   1.8933153E+07   7.9881392E-04   8.7720994E-04   8.2084446E-04
   1.7391304E-01   1.0433971E+07   3.7644990E+06   1.4197207E+07   1.1085552E-03   1.7799302E-03   1.2883169E-03
   1.8840580E-01   7.4613166E+06   2.5715834E+06   1.0031501E+07   1.9653049E-03   1.8472914E-03   1.9341651E-03
   2.0289855E-01   5.7870516E+06   1.9520921E+06   7.7384941E+06   2.0509055E-03   2.2035962E-03   2.0758573E-03
   2.1739130E-01   4.8629015E+06   1.6165554E+06   6.4789517E+06   2.3578761E-03   1.5004665E-03   2.0272597E-03
   2.3188406E-01   4.0674358E+06   1.3043016E+06   5.3715480E+06   2.1648584E-03   3.2963488E-03   2.4308248E-03
   2.4637681E-01   3.3664012E+06   1.0689882E+06   4.4353002E+06   3.3984181E-03   3.6761250E-03   3.4052062E-03
   2.6086957E-01   2.7646023E+06   8.6461965E+05   3.6287589E+06   3.1849940E-03   3.3950221E-03   3.2306107E-03
   2.7536232E-01   2.2434988E+06   6.8973979E+05   2.9330791E+06   4.5674684E-03   4.1757879E-03   4.4793483E-03
   2.8985507E-01   1.8129229E+06   5.3734897E+05   2.3500824E+06   5.1987934E-03   4.6941188E-03   4.9477274E-03
   3.0434783E-01   1.3763746E+06   4.0849224E+05   1.7846864E+06   7.4937862E-03   8.0748883E-03   7.6168738E-03
   3.1884058E-01   9.3611479E+05   2.7343962E+05   1.2094855E+06   1.2875886E-02   1.2040674E-02   1.2679806E-02
   3.3333333E-01   2.4296991E+05   7.1062523E+04   3.1403244E+05   5.9319996E-02   5.6859624E-02   5.8725787E-02
   3.4782609E-01   3.7065953E+04   9.5348533E+03   4.6600806E+04   2.5573801E-01   2.4150493E-01   2.5282539E-01
   3.6231884E-01   2.6611712E+04   7.1833438E+03   3.3795056E+04   2.6128176E-01   2.5019616E-01   2.5892543E-01
   3.7681159E-01   2.0400603E+04   4.5755638E+03   2.4976167E+04   2.6830082E-01   2.4612341E-01   2.6423694E-01
   3.9130435E-01   1.4874090E+04   3.4519116E+03   1.8326002E+04   2.7221555E-01   2.4529377E-01   2.6714431E-01
   4.0579710E-01   1.1528422E+04   2.9226986E+03   1.4451121E+04   2.6653164E-01   2.3440737E-01   2.6003415E-01
   4.2028986E-01   7.7341399E+03   2.3254678E+03   1.0059608E+04   2.8829267E-01   2.5552636E-01   2.8071781E-01
   4.3478261E-01   6.7185986E+03   1.6165049E+03   8.3351035E+03   2.8427020E-01   2.6840527E-01   2.8119336E-01
   4.4927536E-01   5.2308274E+03   1.0999403E+03   6.3307678E+03   2.6950855E-01   2.6853542E-01   2.6933948E-01
   4.6376812E-01   4.1912310E+03   6.3934033E+02   4.8305714E+03   2.5432264E-01   2.5349773E-01   2.5421346E-01
   4.7826087E-01   3.3294491E+03   8.2662184E+02   4.1560709E+03   2.3153641E-01   2.8270438E-01   2.4171346E-01
   4.9275362E-01   3.3429560E+03   7.1316394E+02   4.0561199E+03   2.0726498E-01   2.3906172E-01   2.1285562E-01
   5.0724638E-01   2.9010490E+03   7.7938630E+02   3.6804353E+03   1.9097599E-01   1.8286530E-01   1.8925843E-01
   5.2173913E-01   2.8204643E+03   7.1564020E+02   3.5361045E+03   1.8135648E-01   1.9008122E-01   1.8312220E-01
   5.3623188E-01   2.0888957E+03   2.4575244E+02   2.3346482E+03   1.8620787E-01   1.6420964E-01   1.8389227E-01
   5.5072464E-01   1.8544608E+03   2.3928527E+02   2.0937461E+03   1.8491461E-01   1.9056479E-01   1.8555840E-01
   5.6521739E-01   1.3406111E+03   1.7486231E+02   1.5154734E+03   1.6493031E-01   8.7091024E-02   1.5594885E-01
   5.7971014E-01   1.0608314E+03   3.2203809E+02   1.3828694E+03   1.5408098E-01   1.3301006E-01   1.4917405E-01
   5.9420290E-01   9.6103189E+02   1.4785106E+02   1.1088830E+03   1.6383009E-01   5.3623865E-02   1.4913593E-01
   6.0869565E-01   6.8557129E+02   1.8041350E+02   8.6598478E+02   9.3977672E-02   2.3963013E-01   1.2432193E-01
   6.2318841E-01   6.8724955E+02   1.0573070E+02   7.9298025E+02   1.8490748E-01   6.6705856E-02   1.6914726E-01
   6.3768116E-01   6.5440895E+02   1.7221288E+01   6.7163024E+02   1.3075646E-01   4.4212146E-06   1.2740384E-01
   6.5217391E-01   5.5567357E+02   3.3677186E+01   5.8935075E+02   1.3817716E-01   2.9106942E-06   1.3028149E-01
   6.6666667E-01   4.1181342E+02   3.2945073E+01   4.4475849E+02   1.7327825E-01   5.2623585E-07   1.6044286E-01
   6.8115942E-01   2.0958674E+02   4.8366171E+01   2.5795291E+02   1.0657337E-01   3.9139810E-05   8.6583524E-02
   6.9565217E-01   2.2100653E+02   4.7358543E+01   2.6836508E+02   1.6170416E-01   2.7400611E-05   1.3317297E-01
   7.1014493E-01   2.0103218E+02   0.0000000E+00   2.0103218E+02   2.0044709E-01   0.0000000E+00   2.0044709E-01
   7.2463768E-01   1.3639260E+02   3.0309467E+01   1.6670207E+02   2.6035315E-01   1.7256668E-06   2.1301590E-01
   7.3913043E-01   1.1886066E+02   4.4572746E+01   1.6343340E+02   7.4029991E-06   2.4529336E-01   6.6903574E-02
   7.5362319E-01   1.6029045E+02   0.0000000E+00   1.6029045E+02   2.1971536E-01   0.0000000E+00   2.1971536E-01
   7.6811594E-01   1.7156302E+02   1.4296919E+01   1.8585994E+02   5.8314080E-02   4.2856478E-01   8.6794903E-02
   7.8260870E-01   7.0160804E+01   0.0000000E+00   7.0160804E+01   1.3822589E-01   0.0000000E+00   1.3822589E-01
   7.9710145E-01   6.8885153E+01   1.3777031E+01   8.2662184E+01   8.5596389E-02   4.2465990E-01   1.4210697E-01
   8.1159420E-01   1.3531012E+01   0.0000000E+00   1.3531012E+01   2.6713344E-05   0.0000000E+00   2.6713344E-05
   8.2608696E-01   2.6587252E+01   0.0000000E+00   2.6587252E+01   2.1094815E-01   0.0000000E+00   2.1094815E-01
   8.4057971E-01   2.6128851E+01   0.0000000E+00   2.6128851E+01   2.0801335E-01   0.0000000E+00   2.0801335E-01
   8.5507246E-01   0.0000000E+00   0.0000000E+00   0.0000000E+00   0.0000000E+00   0.0000000E+00   0.0000000E+00
   8.6956522E-01   2.5257889E+01   0.0000000E+00   2.5257889E+01   1.5668824E-01   0.0000000E+00   1.5668824E-01
   8.8405797E-01   2.4843826E+01   0.0000000E+00   2.4843826E+01   1.6035492E-01   0.0000000E+00   1.6035492E-01
   8.9855072E-01   0.0000000E+00   1.2221559E+01   1.2221559E+01   0.0000000E+00   3.4110679E-06   3.4110679E-06
   9.1304348E-01   3.6082699E+01   0.0000000E+00   3.6082699E+01   9.0877320E-06   0.0000000E+00   9.0877320E-06
   9.2753623E-01   1.1839636E+01   0.0000000E+00   1.1839636E+01   2.5005656E-05   0.0000000E+00   2.5005656E-05
   9.4202899E-01   0.0000000E+00   0.0000000E+00   0.0000000E+00   0.0000000E+00   0.0000000E+00   0.0000000E+00
   9.5652174E-01   0.0000000E+00   0.0000000E+00   0.0000000E+00   0.0000000E+00   0.0000000E+00   0.0000000E+00
   9.7101449E-01   0.0000000E+00   0.0000000E+00   0.0000000E+00   0.0000000E+00   0.0000000E+00   0.0000000E+00
   9.8550725E-01   0.0000000E+00   0.0000000E+00   0.0000000E+00   0.0000000E+00   0.0000000E+00   0.0000000E+00
   1.0000000E+00   0.0000000E+00   0.0000000E+00   0.0000000E+00   0.0000000E+00   0.0000000E+00   0.0000000E+00
