   0.0000000E+00   5.2932454E+07   3.3552580E+07   8.6485034E+07   9.0876048E-04   2.8665608E-04   6.4603145E-04
   1.4492754E-02   5.3794000E+07   3.3545003E+07   8.7342034E+07   4.2312387E-04   3.8006939E-05   2.5270372E-04
   2.8985507E-02   5.5369335E+07   3.4553172E+07   8.9922886E+07   1.0110016E-03   4.3105293E-05   6.3497329E-04
   4.3478261E-02   5.7824402E+07   3.5828821E+07   9.3656759E+07   2.0686514E-04   2.4391935E-05   1.2041099E-04
   5.7971014E-02   5.9794328E+07   3.6705902E+07   9.6504965E+07   4.7805066E-04   9.0602323E-05   3.1510170E-04
   7.2463768E-02   6.0879748E+07   3.6588074E+07   9.7468124E+07   3.4114379E-04   9.4226751E-05   2.2712259E-04
   8.6956522E-02   6.0517777E+07   3.5689524E+07   9.6207806E+07   4.0481385E-04   1.0228694E-04   2.4223665E-04
   1.0144928E-01   5.9111796E+07   3.3873319E+07   9.2990961E+07   1.8711645E-04   8.6952459E-05   9.0136033E-05
   1.1594203E-01   5.7038155E+07   3.1734296E+07   8.8779840E+07   1.0264205E-04   3.6352768E-05   7.8814690E-05
   1.3043478E-01   5.4578426E+07   3.0055541E+07   8.4636409E+07   2.9663081E-04   8.8888455E-05   1.7220435E-04
   1.4492754E-01   5.2580106E+07   2.8546214E+07   8.1125941E+07   8.4973504E-04   1.0073143E-04   5.2442537E-04
   1.5942029E-01   4.5029467E+07   2.3859337E+07   6.8894935E+07   1.3758066E-03   1.1011875E-05   9.0464734E-04
   1.7391304E-01   2.2810842E+07   1.0263165E+07   3.3075269E+07   2.8045623E-03   9.0334236E-04   2.2137297E-03
   1.8840580E-01   1.2558145E+07   4.4753677E+06   1.7033571E+07   4.9425910E-03   2.0271425E-03   4.1721443E-03
   2.0289855E-01   9.9309511E+06   3.1045013E+06   1.3036427E+07   1.4298447E-03   2.0395574E-03   1.5696383E-03
   2.1739130E-01   8.6784088E+06   2.5384684E+06   1.1216574E+07   1.0268670E-03   1.8465295E-03   1.2039001E-03
   2.3188406E-01   7.7040509E+06   2.1806715E+06   9.8847224E+06   6.0657396E-04   2.0226537E-03   6.9399509E-04
   2.4637681E-01   6.9614161E+06   1.9086496E+06   8.8704222E+06   9.3656114E-04   1.5774375E-03   1.0431060E-03
   2.6086957E-01   6.2320054E+06   1.7098328E+06   7.9418803E+06   6.4757138E-04   1.4060351E-03   6.2757430E-04
   2.7536232E-01   5.5635021E+06   1.5720643E+06   7.1358855E+06   2.9720780E-04   1.1964628E-03   3.4112903E-04
   2.8985507E-01   4.8474310E+06   1.3877569E+06   6.2353394E+06   1.1298030E-03   1.2183932E-03   6.1552788E-04
   3.0434783E-01   3.6397701E+06   1.1209091E+06   4.7608596E+06   5.6599367E-04   5.0223904E-04   4.6170713E-04
   3.1884058E-01   1.8571782E+06   6.0384725E+05   2.4610254E+06   2.8421615E-03   2.4694235E-04   2.1271018E-03
   3.3333333E-01   3.4612094E+05   8.3120420E+04   4.2924136E+05   2.1035614E-02   1.3429637E-03   1.7205332E-02
   3.4782609E-01   8.7266008E+04   8.3035312E+03   9.5569539E+04   4.9518979E-02   1.2739821E-03   4.5212687E-02
   3.6231884E-01   8.9231072E+04   8.6685077E+03   9.7899580E+04   6.0339276E-02   1.7387793E-05   5.4995951E-02
   3.7681159E-01   9.2239869E+04   7.0819236E+03   9.9321793E+04   6.2735452E-02   6.6820728E-06   5.8262707E-02
   3.9130435E-01   8.6578432E+04   7.1283377E+03   9.3706770E+04   6.8322725E-02   7.3329297E-06   6.3125215E-02
   4.0579710E-01   8.6057238E+04   6.3325137E+03   9.2389751E+04   7.1327441E-02   2.3834925E-06   6.6438408E-02
   4.2028986E-01   7.8543327E+04   5.9051204E+03   8.4448447E+04   7.1648107E-02   1.3231316E-03   6.6727852E-02
   4.3478261E-01   6.8600428E+04   4.5969359E+03   7.3197364E+04   6.8496562E-02   6.0632074E-06   6.4195221E-02
   4.4927536E-01   5.7710204E+04   3.2753779E+03   6.0985582E+04   6.3041667E-02   4.3922488E-06   5.9656001E-02
   4.6376812E-01   4.8045242E+04   2.4863235E+03   5.0531565E+04   5.4152107E-02   4.7329036E-06   5.1487570E-02
   4.7826087E-01   3.9195652E+04   1.3088179E+03   4.0504470E+04   5.3303695E-02   7.4853854E-03   5.1702298E-02
   4.9275362E-01   3.3451846E+04   1.6269052E+03   3.5078751E+04   4.8814132E-02   1.4578299E-05   4.6550801E-02
   5.0724638E-01   2.7343469E+04   1.1690795E+03   2.8512549E+04   4.5956107E-02   1.3955433E-05   4.4071288E-02
   5.2173913E-01   2.3300403E+04   6.1039900E+02   2.3910802E+04   4.1478578E-02   4.2886067E-05   4.0418961E-02
   5.3623188E-01   1.8144722E+04   5.1198425E+02   1.8656706E+04   3.7833929E-02   1.7639031E-06   3.6795676E-02
   5.5072464E-01   1.6071994E+04   5.3839185E+02   1.6610386E+04   4.3755384E-02   7.2589965E-06   4.2336908E-02
   5.6521739E-01   1.2667803E+04   3.6915377E+02   1.3036957E+04   3.4688397E-02   3.7154275E-05   3.3705133E-02
   5.7971014E-01   1.0343106E+04   2.2732101E+02   1.0570427E+04   3.3851966E-02   1.0952164E-05   3.3123748E-02
   5.9420290E-01   8.7786567E+03   2.4025797E+02   9.0189147E+03   3.1559339E-02   1.0509857E-04   3.0715900E-02
   6.0869565E-01   6.3325137E+03   1.2628945E+02   6.4588032E+03   3.3548451E-02   6.3067723E-06   3.2892597E-02
   6.2318841E-01   4.8283686E+03   1.9383962E+02   5.0222083E+03   3.0576153E-02   4.6906768E-06   2.9395842E-02
   6.3768116E-01   4.0814453E+03   8.6106441E+01   4.1675518E+03   2.6459646E-02   5.3927394E-05   2.5911870E-02
   6.5217391E-01   3.3003642E+03   3.3677186E+01   3.3340414E+03   3.9674489E-02   6.3978777E-06   3.9273799E-02
   6.6666667E-01   2.3720453E+03   0.0000000E+00   2.3720453E+03   3.4049255E-02   0.0000000E+00   3.4049255E-02
   6.8115942E-01   1.5315954E+03   3.2244114E+01   1.5638395E+03   3.2875825E-02   2.7799136E-05   3.2198476E-02
   6.9565217E-01   1.3576116E+03   0.0000000E+00   1.3576116E+03   3.0938458E-02   0.0000000E+00   3.0938458E-02
   7.1014493E-01   9.5876887E+02   0.0000000E+00   9.5876887E+02   2.9573103E-02   0.0000000E+00   2.9573103E-02
   7.2463768E-01   5.4557041E+02   0.0000000E+00   5.4557041E+02   6.9635511E-02   0.0000000E+00   6.9635511E-02
   7.3913043E-01   3.7143955E+02   0.0000000E+00   3.7143955E+02   4.5864513E-02   0.0000000E+00   4.5864513E-02
   7.5362319E-01   2.9143719E+02   0.0000000E+00   2.9143719E+02   9.9542475E-02   0.0000000E+00   9.9542475E-02
   7.6811594E-01   2.4304762E+02   0.0000000E+00   2.4304762E+02   2.5120372E-02   0.0000000E+00   2.5120372E-02
   7.8260870E-01   1.4032161E+02   0.0000000E+00   1.4032161E+02   8.0238842E-02   0.0000000E+00   8.0238842E-02
   7.9710145E-01   1.2399328E+02   0.0000000E+00   1.2399328E+02   1.2093485E-01   0.0000000E+00   1.2093485E-01
   8.1159420E-01   1.0824810E+02   0.0000000E+00   1.0824810E+02   3.6363272E-02   0.0000000E+00   3.6363272E-02
   8.2608696E-01   6.6468130E+01   0.0000000E+00   6.6468130E+01   4.1658821E-05   0.0000000E+00   4.1658821E-05
   8.4057971E-01   5.2257702E+01   0.0000000E+00   5.2257702E+01   2.6437445E-03   0.0000000E+00   2.6437445E-03
   8.5507246E-01   1.2842995E+01   0.0000000E+00   1.2842995E+01   4.7917791E-06   0.0000000E+00   4.7917791E-06
   8.6956522E-01   3.7886834E+01   0.0000000E+00   3.7886834E+01   3.7168678E-06   0.0000000E+00   3.7168678E-06
   8.8405797E-01   1.2421913E+01   0.0000000E+00   1.2421913E+01   8.9747325E-06   0.0000000E+00   8.9747325E-06
   8.9855072E-01   1.2221559E+01   0.0000000E+00   1.2221559E+01   2.1502015E-06   0.0000000E+00   2.1502015E-06
   9.1304348E-01   2.4055133E+01   0.0000000E+00   2.4055133E+01   1.1945318E-05   0.0000000E+00   1.1945318E-05
   9.2753623E-01   2.3679271E+01   0.0000000E+00   2.3679271E+01   1.9651241E-06   0.0000000E+00   1.9651241E-06
   9.4202899E-01   1.1657487E+01   0.0000000E+00   1.1657487E+01   7.3553510E-06   0.0000000E+00   7.3553510E-06
   9.5652174E-01   1.1480859E+01   0.0000000E+00   1.1480859E+01   1.0961487E-05   0.0000000E+00   1.0961487E-05
   9.7101449E-01   1.1309503E+01   0.0000000E+00   1.1309503E+01   5.4059770E-04   0.0000000E+00   5.4059770E-04
   9.8550725E-01   1.1143187E+01   0.0000000E+00   1.1143187E+01   2.5235180E-05   0.0000000E+00   2.5235180E-05
   1.0000000E+00   0.0000000E+00   0.0000000E+00   0.0000000E+00   0.0000000E+00   0.0000000E+00   0.0000000E+00
