   0.0000000E+00   5.5290530E+07   3.1855250E+07   8.7145781E+07   1.5074587E-03   7.7094111E-04   7.4715182E-04
   1.4492754E-02   5.6360455E+07   3.1355902E+07   8.7718629E+07   4.1009315E-04   7.0865975E-04   5.1056016E-04
   2.8985507E-02   5.8142272E+07   3.2429236E+07   9.0567719E+07   4.0722322E-05   4.2042789E-04   1.6347733E-04
   4.3478261E-02   6.0403738E+07   3.4102697E+07   9.4504414E+07   3.9922698E-04   4.9038158E-04   3.3532132E-04
   5.7971014E-02   6.2030977E+07   3.4786555E+07   9.6818479E+07   1.2586971E-04   2.4200965E-04   1.0015595E-04
   7.2463768E-02   6.2491908E+07   3.4955454E+07   9.7441907E+07   1.8997711E-04   5.0165154E-04   2.9930048E-04
   8.6956522E-02   6.1365305E+07   3.4062663E+07   9.5427464E+07   2.6336291E-04   5.0868333E-05   1.8567568E-04
   1.0144928E-01   5.9090796E+07   3.2665271E+07   9.1751304E+07   2.1354933E-04   1.9030829E-04   1.4540153E-04
   1.1594203E-01   5.6569685E+07   3.0893493E+07   8.7454274E+07   8.1826591E-05   1.8684110E-04   1.0722520E-04
   1.3043478E-01   5.4650327E+07   2.9508540E+07   8.4152468E+07   5.0842407E-04   2.0562528E-04   3.2022727E-04
   1.4492754E-01   5.3229638E+07   2.8378982E+07   8.1594980E+07   5.5152506E-04   3.0326290E-04   4.6568790E-04
   1.5942029E-01   4.6289101E+07   2.4035614E+07   7.0320237E+07   1.0688569E-03   6.4385316E-04   8.9883367E-04
   1.7391304E-01   2.3190784E+07   1.0740223E+07   3.3929618E+07   2.1828883E-03   1.4252916E-03   1.9346890E-03
   1.8840580E-01   1.2582451E+07   4.8978934E+06   1.7479820E+07   5.3109781E-03   4.3288984E-03   5.0284524E-03
   2.0289855E-01   9.6412792E+06   3.4790939E+06   1.3119994E+07   3.8026253E-03   3.4892702E-03   3.7155624E-03
   2.1739130E-01   8.3166653E+06   2.8907149E+06   1.1207683E+07   2.3184588E-03   2.0162984E-03   2.2030562E-03
   2.3188406E-01   7.4230727E+06   2.5742683E+06   9.9971516E+06   1.7188406E-03   1.4030034E-03   1.6352530E-03
   2.4637681E-01   6.7415387E+06   2.3086900E+06   9.0500949E+06   1.9192536E-03   1.8792319E-03   1.8346093E-03
   2.6086957E-01   6.0417293E+06   2.1114754E+06   8.1525311E+06   1.6439972E-03   1.0180368E-03   1.4833403E-03
   2.7536232E-01   5.2756818E+06   1.8946209E+06   7.1701432E+06   6.4846131E-04   1.7406541E-03   9.2688497E-04
   2.8985507E-01   4.3263355E+06   1.6369764E+06   5.9631983E+06   8.8417757E-04   5.8103124E-04   7.3190301E-04
   3.0434783E-01   3.1837931E+06   1.2668636E+06   4.4506566E+06   1.7903012E-03   8.9625978E-04   1.5027544E-03
   3.1884058E-01   1.6844486E+06   6.8840378E+05   2.3728180E+06   6.5919407E-03   1.9057771E-03   5.2092683E-03
   3.3333333E-01   3.0681747E+05   1.0802690E+05   4.1484436E+05   2.1026729E-02   8.0161830E-03   1.7557035E-02
   3.4782609E-01   4.0696774E+04   1.0766175E+04   5.1462950E+04   6.5769073E-02   3.7130199E-02   5.9725534E-02
   3.6231884E-01   3.9493236E+04   9.9718148E+03   4.9465051E+04   6.7335740E-02   3.4502588E-02   6.0672085E-02
   3.7681159E-01   4.0772062E+04   1.0025439E+04   5.0797502E+04   7.6203442E-02   4.4737658E-02   6.9950148E-02
   3.9130435E-01   3.6904583E+04   8.8683256E+03   4.5772909E+04   7.8723293E-02   4.1242111E-02   7.1452087E-02
   4.0579710E-01   3.9239935E+04   8.8222200E+03   4.8062155E+04   8.9910985E-02   6.1231127E-02   8.4623161E-02
   4.2028986E-01   3.6345232E+04   9.0405825E+03   4.5385814E+04   9.6491125E-02   4.2540559E-02   8.5710548E-02
   4.3478261E-01   3.6320845E+04   8.6887140E+03   4.5009559E+04   1.0079298E-01   5.6186673E-02   9.2062749E-02
   4.4927536E-01   3.2729336E+04   7.3084925E+03   4.0037829E+04   1.0620274E-01   7.8071433E-02   1.0103222E-01
   4.6376812E-01   2.9930599E+04   6.7249131E+03   3.6655512E+04   1.1242061E-01   6.7174438E-02   1.0411616E-01
   4.7826087E-01   2.4936425E+04   6.0159700E+03   3.0952395E+04   1.1006723E-01   8.1291598E-02   1.0445494E-01
   4.9275362E-01   2.2397805E+04   4.8138566E+03   2.7211662E+04   1.2207370E-01   8.5851126E-02   1.1565549E-01
   5.0724638E-01   1.8488775E+04   4.4598216E+03   2.2948597E+04   1.3452027E-01   7.7298276E-02   1.2339798E-01
   5.2173913E-01   1.5659891E+04   3.8518281E+03   1.9511720E+04   1.3301454E-01   7.1113235E-02   1.2073086E-01
   5.3623188E-01   1.2820086E+04   2.7851943E+03   1.5605280E+04   1.3527652E-01   1.1514206E-01   1.3167152E-01
   5.5072464E-01   1.1485693E+04   2.4726144E+03   1.3958307E+04   1.3319181E-01   8.0309744E-02   1.2382329E-01
   5.6521739E-01   8.9374070E+03   1.6320482E+03   1.0569455E+04   1.5629752E-01   1.1642641E-01   1.5012799E-01
   5.7971014E-01   6.1566106E+03   1.3070958E+03   7.4637063E+03   1.7180686E-01   1.0116857E-01   1.5940581E-01
   5.9420290E-01   5.9694866E+03   1.0164760E+03   6.9859626E+03   1.8673963E-01   9.1358351E-02   1.7278868E-01
   6.0869565E-01   5.1057019E+03   9.0206748E+02   6.0077694E+03   1.5754049E-01   1.1876013E-01   1.5169566E-01
   6.2318841E-01   4.0882537E+03   5.9914063E+02   4.6873944E+03   2.0289343E-01   7.0290024E-02   1.8556018E-01
   6.3768116E-01   3.2548235E+03   6.5440895E+02   3.9092324E+03   2.1553395E-01   1.4319193E-01   2.0342039E-01
   6.5217391E-01   2.3237258E+03   2.8625608E+02   2.6099819E+03   2.4431764E-01   1.4982764E-01   2.3381630E-01
   6.6666667E-01   2.2896826E+03   3.1297820E+02   2.6026608E+03   2.3497621E-01   2.1253077E-01   2.3208516E-01
   6.8115942E-01   1.7734263E+03   1.1285440E+02   1.8862807E+03   2.5882478E-01   1.7135818E-01   2.5359028E-01
   6.9565217E-01   1.3260392E+03   1.7364799E+02   1.4996872E+03   2.4905407E-01   1.9592390E-01   2.4288869E-01
   7.1014493E-01   1.2216571E+03   1.5464014E+02   1.3762972E+03   2.6987149E-01   1.7048701E-01   2.5868796E-01
   7.2463768E-01   1.0759861E+03   1.2123787E+02   1.1972240E+03   2.9313052E-01   2.9155333E-01   2.9296999E-01
   7.3913043E-01   9.0631250E+02   1.1886066E+02   1.0251732E+03   3.0933446E-01   3.0202101E-01   3.0783513E-01
   7.5362319E-01   7.8688040E+02   8.7431156E+01   8.7431156E+02   3.0902980E-01   1.7574563E-01   2.9547446E-01
   7.6811594E-01   6.0047058E+02   7.1484593E+01   6.7195517E+02   3.2923682E-01   2.0932910E-01   3.1636931E-01
   7.8260870E-01   5.4725427E+02   2.8064322E+01   5.7531859E+02   3.0016320E-01   4.2139165E-01   3.0554758E-01
   7.9710145E-01   2.8931764E+02   8.2662184E+01   3.7197983E+02   3.1262796E-01   2.3464673E-01   2.9527021E-01
   8.1159420E-01   4.7358543E+02   4.0593037E+01   5.1417846E+02   3.3821750E-01   2.3182764E-01   3.2981787E-01
   8.2608696E-01   5.0515779E+02   2.6587252E+01   5.3174504E+02   3.1832259E-01   1.7991830E-01   3.1138266E-01
   8.4057971E-01   3.5273949E+02   3.9193277E+01   3.9193277E+02   3.6762910E-01   2.5443117E-01   3.5597584E-01
   8.5507246E-01   2.5685989E+02   0.0000000E+00   2.5685989E+02   3.4667115E-01   0.0000000E+00   3.4667115E-01
   8.6956522E-01   2.6520784E+02   0.0000000E+00   2.6520784E+02   3.5372503E-01   0.0000000E+00   3.5372503E-01
   8.8405797E-01   1.7390678E+02   1.2421913E+01   1.8632869E+02   3.5759653E-01   4.1340504E-01   3.6130566E-01
   8.9855072E-01   8.5550916E+01   3.6664678E+01   1.2221559E+02   2.9367265E-01   1.2235087E-01   2.4204673E-01
   9.1304348E-01   2.0446863E+02   2.4055133E+01   2.2852376E+02   3.4347483E-01   4.1701515E-01   3.5102885E-01
   9.2753623E-01   1.4207563E+02   2.3679271E+01   1.6575490E+02   3.2856513E-01   4.2216626E-01   3.4193320E-01
   9.4202899E-01   1.8651980E+02   1.1657487E+01   1.9817729E+02   3.4548566E-01   4.2859816E-01   3.4908142E-01
   9.5652174E-01   8.0366012E+01   0.0000000E+00   8.0366012E+01   3.9509339E-01   0.0000000E+00   3.9509339E-01
   9.7101449E-01   2.2619005E+01   0.0000000E+00   2.2619005E+01   2.0385132E-01   0.0000000E+00   2.0385132E-01
   9.8550725E-01   3.3429560E+01   3.3429560E+01   6.6859119E+01   4.0856636E-01   2.6816902E-01   3.3836587E-01
   1.0000000E+00   0.0000000E+00   0.0000000E+00   0.0000000E+00   0.0000000E+00   0.0000000E+00   0.0000000E+00
