   0.0000000E+00   0.0000000E+00   0.0000000E+00   5.9253584E+10   0.0000000E+00   0.0000000E+00   8.9418424E-07
   1.4492754E-02   0.0000000E+00   0.0000000E+00   1.8440280E+07   0.0000000E+00   0.0000000E+00   5.1495510E-03
   2.8985507E-02   0.0000000E+00   0.0000000E+00   1.4210973E+07   0.0000000E+00   0.0000000E+00   1.1582181E-02
   4.3478261E-02   0.0000000E+00   0.0000000E+00   1.1486025E+07   0.0000000E+00   0.0000000E+00   1.6477132E-02
   5.7971014E-02   0.0000000E+00   0.0000000E+00   8.9736861E+06   0.0000000E+00   0.0000000E+00   2.2207042E-02
   7.2463768E-02   0.0000000E+00   0.0000000E+00   6.7764392E+06   0.0000000E+00   0.0000000E+00   2.9291768E-02
   8.6956522E-02   0.0000000E+00   0.0000000E+00   4.9506726E+06   0.0000000E+00   0.0000000E+00   3.5762220E-02
   1.0144928E-01   0.0000000E+00   0.0000000E+00   3.5729450E+06   0.0000000E+00   0.0000000E+00   4.1495163E-02
   1.1594203E-01   0.0000000E+00   0.0000000E+00   2.6014048E+06   0.0000000E+00   0.0000000E+00   4.6338709E-02
   1.3043478E-01   0.0000000E+00   0.0000000E+00   1.9004878E+06   0.0000000E+00   0.0000000E+00   4.9712020E-02
   1.4492754E-01   0.0000000E+00   0.0000000E+00   1.3976453E+06   0.0000000E+00   0.0000000E+00   5.2792995E-02
   1.5942029E-01   0.0000000E+00   0.0000000E+00   1.0153672E+06   0.0000000E+00   0.0000000E+00   5.4407258E-02
   1.7391304E-01   0.0000000E+00   0.0000000E+00   7.1902897E+05   0.0000000E+00   0.0000000E+00   5.2085094E-02
   1.8840580E-01   0.0000000E+00   0.0000000E+00   5.0978193E+05   0.0000000E+00   0.0000000E+00   4.6894656E-02
   2.0289855E-01   0.0000000E+00   0.0000000E+00   3.7691988E+05   0.0000000E+00   0.0000000E+00   4.0348127E-02
   2.1739130E-01   0.0000000E+00   0.0000000E+00   2.8889974E+05   0.0000000E+00   0.0000000E+00   3.7902118E-02
   2.3188406E-01   0.0000000E+00   0.0000000E+00   2.2751044E+05   0.0000000E+00   0.0000000E+00   4.1809586E-02
   2.4637681E-01   0.0000000E+00   0.0000000E+00   1.7436858E+05   0.0000000E+00   0.0000000E+00   4.4806256E-02
   2.6086957E-01   0.0000000E+00   0.0000000E+00   1.3062539E+05   0.0000000E+00   0.0000000E+00   4.5690051E-02
   2.7536232E-01   0.0000000E+00   0.0000000E+00   9.5355180E+04   0.0000000E+00   0.0000000E+00   4.8426438E-02
   2.8985507E-01   0.0000000E+00   0.0000000E+00   6.4331844E+04   0.0000000E+00   0.0000000E+00   5.0751016E-02
   3.0434783E-01   0.0000000E+00   0.0000000E+00   3.9185811E+04   0.0000000E+00   0.0000000E+00   5.9810835E-02
   3.1884058E-01   0.0000000E+00   0.0000000E+00   1.5499159E+04   0.0000000E+00   0.0000000E+00   7.2958487E-02
   3.3333333E-01   0.0000000E+00   0.0000000E+00   3.7886834E+03   0.0000000E+00   0.0000000E+00   7.1709760E-02
   3.4782609E-01   0.0000000E+00   0.0000000E+00   1.0103156E+03   0.0000000E+00   0.0000000E+00   6.9055967E-02
   3.6231884E-01   0.0000000E+00   0.0000000E+00   8.4866509E+02   0.0000000E+00   0.0000000E+00   4.8625512E-02
   3.7681159E-01   0.0000000E+00   0.0000000E+00   6.7030553E+02   0.0000000E+00   0.0000000E+00   5.2458999E-02
   3.9130435E-01   0.0000000E+00   0.0000000E+00   8.6999397E+02   0.0000000E+00   0.0000000E+00   1.2227285E-01
   4.0579710E-01   0.0000000E+00   0.0000000E+00   8.1186073E+02   0.0000000E+00   0.0000000E+00   1.3722498E-01
   4.2028986E-01   0.0000000E+00   0.0000000E+00   6.0096358E+02   0.0000000E+00   0.0000000E+00   8.0128548E-02
   4.3478261E-01   0.0000000E+00   0.0000000E+00   7.5773668E+02   0.0000000E+00   0.0000000E+00   8.9007167E-02
   4.4927536E-01   0.0000000E+00   0.0000000E+00   8.5550916E+02   0.0000000E+00   0.0000000E+00   1.2449201E-01
   4.6376812E-01   0.0000000E+00   0.0000000E+00   8.2877450E+02   0.0000000E+00   0.0000000E+00   1.1838791E-01
   4.7826087E-01   0.0000000E+00   0.0000000E+00   6.8885153E+02   0.0000000E+00   0.0000000E+00   1.0013612E-01
   4.9275362E-01   0.0000000E+00   0.0000000E+00   6.2401845E+02   0.0000000E+00   0.0000000E+00   8.8118763E-02
   5.0724638E-01   0.0000000E+00   0.0000000E+00   7.3608706E+02   0.0000000E+00   0.0000000E+00   9.5184928E-02
   5.2173913E-01   0.0000000E+00   0.0000000E+00   6.5249548E+02   0.0000000E+00   0.0000000E+00   1.3962004E-01
   5.3623188E-01   0.0000000E+00   0.0000000E+00   4.9150488E+02   0.0000000E+00   0.0000000E+00   1.4169956E-01
   5.5072464E-01   0.0000000E+00   0.0000000E+00   5.1845142E+02   0.0000000E+00   0.0000000E+00   1.5390488E-01
   5.6521739E-01   0.0000000E+00   0.0000000E+00   7.5773668E+02   0.0000000E+00   0.0000000E+00   1.5423890E-01
   5.7971014E-01   0.0000000E+00   0.0000000E+00   8.1456694E+02   0.0000000E+00   0.0000000E+00   1.4464456E-01
   5.9420290E-01   0.0000000E+00   0.0000000E+00   4.8051595E+02   0.0000000E+00   0.0000000E+00   1.6652319E-01
   6.0869565E-01   0.0000000E+00   0.0000000E+00   4.8711644E+02   0.0000000E+00   0.0000000E+00   2.0221467E-01
   6.2318841E-01   0.0000000E+00   0.0000000E+00   6.8724955E+02   0.0000000E+00   0.0000000E+00   2.6911730E-01
   6.3768116E-01   0.0000000E+00   0.0000000E+00   6.8885153E+02   0.0000000E+00   0.0000000E+00   2.4094497E-01
   6.5217391E-01   0.0000000E+00   0.0000000E+00   6.2302794E+02   0.0000000E+00   0.0000000E+00   1.7208526E-01
   6.6666667E-01   0.0000000E+00   0.0000000E+00   5.7653878E+02   0.0000000E+00   0.0000000E+00   1.7299998E-01
   6.8115942E-01   0.0000000E+00   0.0000000E+00   6.2876023E+02   0.0000000E+00   0.0000000E+00   1.6121540E-01
   6.9565217E-01   0.0000000E+00   0.0000000E+00   5.3673015E+02   0.0000000E+00   0.0000000E+00   1.6746705E-01
   7.1014493E-01   0.0000000E+00   0.0000000E+00   3.5567232E+02   0.0000000E+00   0.0000000E+00   1.3627549E-01
   7.2463768E-01   0.0000000E+00   0.0000000E+00   3.7886834E+02   0.0000000E+00   0.0000000E+00   1.6320621E-01
   7.3913043E-01   0.0000000E+00   0.0000000E+00   4.6058504E+02   0.0000000E+00   0.0000000E+00   1.5325935E-01
   7.5362319E-01   0.0000000E+00   0.0000000E+00   3.9344020E+02   0.0000000E+00   0.0000000E+00   1.3676397E-01
   7.6811594E-01   0.0000000E+00   0.0000000E+00   3.5742296E+02   0.0000000E+00   0.0000000E+00   2.6643735E-01
   7.8260870E-01   0.0000000E+00   0.0000000E+00   3.9290050E+02   0.0000000E+00   0.0000000E+00   2.4456672E-01
   7.9710145E-01   0.0000000E+00   0.0000000E+00   2.6176358E+02   0.0000000E+00   0.0000000E+00   1.8023879E-01
   8.1159420E-01   0.0000000E+00   0.0000000E+00   2.1649620E+02   0.0000000E+00   0.0000000E+00   2.4180819E-01
   8.2608696E-01   0.0000000E+00   0.0000000E+00   2.2599164E+02   0.0000000E+00   0.0000000E+00   2.5200952E-01
   8.4057971E-01   0.0000000E+00   0.0000000E+00   1.1757983E+02   0.0000000E+00   0.0000000E+00   2.0768606E-01
   8.5507246E-01   0.0000000E+00   0.0000000E+00   1.1558695E+02   0.0000000E+00   0.0000000E+00   2.9382245E-01
   8.6956522E-01   0.0000000E+00   0.0000000E+00   1.0103156E+02   0.0000000E+00   0.0000000E+00   3.2900435E-01
   8.8405797E-01   0.0000000E+00   0.0000000E+00   8.6953390E+01   0.0000000E+00   0.0000000E+00   1.8007828E-01
   8.9855072E-01   0.0000000E+00   0.0000000E+00   1.2221559E+02   0.0000000E+00   0.0000000E+00   2.0588544E-01
   9.1304348E-01   0.0000000E+00   0.0000000E+00   1.2027566E+02   0.0000000E+00   0.0000000E+00   2.8746388E-01
   9.2753623E-01   0.0000000E+00   0.0000000E+00   1.4207563E+02   0.0000000E+00   0.0000000E+00   2.7281584E-01
   9.4202899E-01   0.0000000E+00   0.0000000E+00   1.0491739E+02   0.0000000E+00   0.0000000E+00   1.7921145E-01
   9.5652174E-01   0.0000000E+00   0.0000000E+00   3.4442577E+01   0.0000000E+00   0.0000000E+00   1.3725348E-01
   9.7101449E-01   0.0000000E+00   0.0000000E+00   2.2619005E+01   0.0000000E+00   0.0000000E+00   4.0713696E-01
   9.8550725E-01   0.0000000E+00   0.0000000E+00   1.1143187E+01   0.0000000E+00   0.0000000E+00   4.0252798E-01
   1.0000000E+00   0.0000000E+00   0.0000000E+00   0.0000000E+00   0.0000000E+00   0.0000000E+00   0.0000000E+00
