   0.0000000E+00   5.9988498E+07   3.3740499E+07   9.3728997E+07   1.5979739E-03   4.6511582E-04   1.1263844E-03
   1.4492754E-02   6.0053663E+07   3.3696550E+07   9.3746425E+07   1.0304755E-03   1.3324079E-04   6.6450561E-04
   2.8985507E-02   6.1663096E+07   3.4705098E+07   9.6359859E+07   8.1122645E-04   4.6266396E-05   5.0342845E-04
   4.3478261E-02   6.3862048E+07   3.5995776E+07   9.9845700E+07   7.3435070E-04   3.3426055E-04   5.3647985E-04
   5.7971014E-02   6.5688951E+07   3.6840210E+07   1.0251552E+08   6.6562278E-04   3.7441818E-05   4.1447619E-04
   7.2463768E-02   6.5945369E+07   3.6712797E+07   1.0263089E+08   4.4868594E-04   8.4921292E-05   2.8689706E-04
   8.6956522E-02   6.4388675E+07   3.5623348E+07   9.9983987E+07   3.2875011E-04   1.1383092E-04   2.4604529E-04
   1.0144928E-01   6.1910226E+07   3.3925603E+07   9.5803355E+07   2.2218910E-04   8.7147976E-05   1.4182405E-04
   1.1594203E-01   5.8930603E+07   3.2018448E+07   9.0913342E+07   1.7642733E-04   3.7454750E-05   1.1161559E-04
   1.3043478E-01   5.6304803E+07   3.0164403E+07   8.6432919E+07   2.5673205E-04   1.5533930E-04   1.3048541E-04
   1.4492754E-01   5.3782104E+07   2.8702005E+07   8.2447283E+07   9.0639706E-04   9.3226752E-05   5.7088698E-04
   1.5942029E-01   4.5589365E+07   2.3945650E+07   6.9507668E+07   1.7101330E-03   1.7066787E-04   1.0661690E-03
   1.7391304E-01   2.2224101E+07   1.0248199E+07   3.2464976E+07   4.0715673E-03   9.1084948E-04   3.0807647E-03
   1.8840580E-01   1.1462283E+07   4.3670114E+06   1.5827371E+07   5.5660641E-03   2.1270883E-03   4.6098111E-03
   2.0289855E-01   8.6326775E+06   3.0606067E+06   1.1692581E+07   1.8570957E-03   2.6210193E-03   2.0516368E-03
   2.1739130E-01   7.3301426E+06   2.4751216E+06   9.8048096E+06   6.7980777E-04   2.3206902E-03   1.0925943E-03
   2.3188406E-01   6.4256544E+06   2.1388539E+06   8.5642715E+06   7.2686561E-04   2.5594399E-03   1.1464554E-03
   2.4637681E-01   5.7315649E+06   1.8853826E+06   7.6161897E+06   2.0848281E-04   2.3367061E-03   7.2845112E-04
   2.6086957E-01   5.1061770E+06   1.6996876E+06   6.8054436E+06   4.9054728E-04   2.0993197E-03   8.8854540E-04
   2.7536232E-01   4.5493713E+06   1.5459424E+06   6.0949547E+06   4.3874732E-04   1.2279150E-03   1.3848825E-04
   2.8985507E-01   3.9489447E+06   1.3907499E+06   5.3394294E+06   5.1610856E-04   1.1235901E-03   6.7749349E-04
   3.0434783E-01   2.9895238E+06   1.1157853E+06   4.1049844E+06   8.6396792E-04   7.6018511E-04   4.3372006E-04
   3.1884058E-01   1.5524647E+06   5.9744093E+05   2.1498712E+06   4.6568369E-03   4.4259411E-04   3.4820396E-03
   3.3333333E-01   2.7657389E+05   8.4306442E+04   3.6088033E+05   2.5430995E-02   8.7277569E-04   1.9668362E-02
   3.4782609E-01   6.5165355E+04   8.8718337E+03   7.4037189E+04   6.4185064E-02   3.5183913E-03   5.6748634E-02
   3.6231884E-01   6.6892994E+04   8.0926278E+03   7.4985622E+04   7.3740832E-02   1.6230045E-03   6.5944988E-02
   3.7681159E-01   6.9915781E+04   7.9270915E+03   7.7842872E+04   8.7184593E-02   4.5872201E-04   7.8309757E-02
   3.9130435E-01   6.6315992E+04   8.0263960E+03   7.4342388E+04   9.5021261E-02   8.4806872E-04   8.4722988E-02
   4.0579710E-01   7.0117705E+04   7.0902504E+03   7.7207956E+04   9.3347131E-02   5.1964476E-07   8.4774724E-02
   4.2028986E-01   6.3702139E+04   6.6105993E+03   7.0312739E+04   9.2780631E-02   2.2571410E-03   8.4251854E-02
   4.3478261E-01   5.6804993E+04   5.9608619E+03   6.2765855E+04   9.4465444E-02   1.2498046E-03   8.5612759E-02
   4.4927536E-01   5.3432658E+04   4.3753183E+03   5.7807976E+04   8.7971959E-02   5.5703207E-06   8.1314016E-02
   4.6376812E-01   4.6932316E+04   3.1967016E+03   5.0129018E+04   8.0826321E-02   1.2590499E-05   7.5671331E-02
   4.7826087E-01   4.0160044E+04   2.8013296E+03   4.2961374E+04   7.8486776E-02   3.5138757E-06   7.3369184E-02
   4.9275362E-01   3.3273555E+04   2.4292147E+03   3.5702770E+04   7.0731972E-02   1.3112663E-05   6.5919062E-02
   5.0724638E-01   3.2063087E+04   1.9051665E+03   3.3968253E+04   6.0903013E-02   5.0924106E-06   5.7486880E-02
   5.2173913E-01   2.6247157E+04   1.1787015E+03   2.7425858E+04   5.4712043E-02   2.7002381E-05   5.2361709E-02
   5.3623188E-01   2.3162167E+04   1.1468447E+03   2.4309012E+04   6.1567342E-02   5.1613592E-05   5.8660307E-02
   5.5072464E-01   1.9681213E+04   7.3779625E+02   2.0419010E+04   4.9090457E-02   1.9576424E-06   4.7316612E-02
   5.6521739E-01   1.6883928E+04   6.4116181E+02   1.7525089E+04   4.5743107E-02   3.6759524E-05   4.4070892E-02
   5.7971014E-01   1.4927413E+04   7.5773668E+02   1.5685149E+04   3.8895742E-02   4.1278267E-06   3.7016525E-02
   5.9420290E-01   1.1994417E+04   3.6962765E+02   1.2364045E+04   3.9393286E-02   3.0620390E-06   3.8215557E-02
   6.0869565E-01   1.0301611E+04   4.3299239E+02   1.0734603E+04   4.3446465E-02   3.5273337E-05   4.1695420E-02
   6.2318841E-01   8.3703471E+03   2.2908318E+02   8.5994303E+03   4.3449000E-02   6.1248645E-06   4.2291384E-02
   6.3768116E-01   6.8885153E+03   2.0665546E+02   7.0951708E+03   4.4022813E-02   1.6352893E-06   4.2740573E-02
   6.5217391E-01   5.7924760E+03   1.5154734E+02   5.9440233E+03   3.4552714E-02   1.2068248E-05   3.3672031E-02
   6.6666667E-01   4.5628926E+03   9.8835220E+01   4.6617279E+03   3.6118069E-02   5.5812169E-06   3.5352431E-02
   6.8115942E-01   3.9015378E+03   1.7734263E+02   4.0788804E+03   3.9235738E-02   8.2133006E-06   3.7529516E-02
   6.9565217E-01   2.8888711E+03   1.5786181E+01   2.9046573E+03   3.0744887E-02   3.1106611E-03   3.0593291E-02
   7.1014493E-01   2.2268180E+03   3.0928028E+01   2.2577460E+03   3.5680370E-02   7.6959931E-06   3.5191697E-02
   7.2463768E-01   1.6973302E+03   4.5464201E+01   1.7427944E+03   5.1814554E-02   1.3913218E-03   5.0431866E-02
   7.3913043E-01   1.4114703E+03   5.9430328E+01   1.4709006E+03   3.2661391E-02   1.6197160E-05   3.1341089E-02
   7.5362319E-01   1.0491739E+03   1.4571859E+01   1.0637457E+03   4.6908550E-02   5.9862346E-06   4.6265887E-02
   7.6811594E-01   8.1492436E+02   0.0000000E+00   8.1492436E+02   3.0741615E-02   0.0000000E+00   3.0741615E-02
   7.8260870E-01   5.3322211E+02   0.0000000E+00   5.3322211E+02   2.4411978E-02   0.0000000E+00   2.4411978E-02
   7.9710145E-01   4.8219607E+02   1.3777031E+01   4.9597310E+02   2.2775875E-02   2.4494788E-06   2.2143279E-02
   8.1159420E-01   3.6533733E+02   0.0000000E+00   3.6533733E+02   5.9047113E-02   0.0000000E+00   5.9047113E-02
   8.2608696E-01   2.7916615E+02   0.0000000E+00   2.7916615E+02   1.6677923E-02   0.0000000E+00   1.6677923E-02
   8.4057971E-01   2.6128851E+02   0.0000000E+00   2.6128851E+02   3.9313380E-02   0.0000000E+00   3.9313380E-02
   8.5507246E-01   5.1371979E+01   0.0000000E+00   5.1371979E+01   7.6901761E-05   0.0000000E+00   7.6901761E-05
   8.6956522E-01   1.0103156E+02   1.2628945E+01   1.1366050E+02   9.6663920E-02   3.2465207E-06   8.5923128E-02
   8.8405797E-01   1.3664104E+02   0.0000000E+00   1.3664104E+02   3.8958212E-02   0.0000000E+00   3.8958212E-02
   8.9855072E-01   7.3329357E+01   0.0000000E+00   7.3329357E+01   1.8822167E-01   0.0000000E+00   1.8822167E-01
   9.1304348E-01   2.4055133E+01   0.0000000E+00   2.4055133E+01   1.2120941E-05   0.0000000E+00   1.2120941E-05
   9.2753623E-01   0.0000000E+00   0.0000000E+00   0.0000000E+00   0.0000000E+00   0.0000000E+00   0.0000000E+00
   9.4202899E-01   1.1657487E+01   0.0000000E+00   1.1657487E+01   9.7214436E-06   0.0000000E+00   9.7214436E-06
   9.5652174E-01   1.1480859E+01   0.0000000E+00   1.1480859E+01   1.3555303E-06   0.0000000E+00   1.3555303E-06
   9.7101449E-01   3.3928508E+01   0.0000000E+00   3.3928508E+01   1.1879562E-01   0.0000000E+00   1.1879562E-01
   9.8550725E-01   1.1143187E+01   0.0000000E+00   1.1143187E+01   1.6392418E-05   0.0000000E+00   1.6392418E-05
   1.0000000E+00   0.0000000E+00   0.0000000E+00   0.0000000E+00   0.0000000E+00   0.0000000E+00   0.0000000E+00
