   0.0000000E+00   0.0000000E+00   0.0000000E+00   5.8151938E+10   0.0000000E+00   0.0000000E+00   1.9276990E-05
   1.4492754E-02   0.0000000E+00   0.0000000E+00   4.9082394E+07   0.0000000E+00   0.0000000E+00   1.1519564E-02
   2.8985507E-02   0.0000000E+00   0.0000000E+00   3.5717813E+07   0.0000000E+00   0.0000000E+00   1.7573802E-02
   4.3478261E-02   0.0000000E+00   0.0000000E+00   2.5552396E+07   0.0000000E+00   0.0000000E+00   2.2441739E-02
   5.7971014E-02   0.0000000E+00   0.0000000E+00   1.6637814E+07   0.0000000E+00   0.0000000E+00   2.5520905E-02
   7.2463768E-02   0.0000000E+00   0.0000000E+00   1.0332043E+07   0.0000000E+00   0.0000000E+00   2.7677502E-02
   8.6956522E-02   0.0000000E+00   0.0000000E+00   6.6030438E+06   0.0000000E+00   0.0000000E+00   2.5696031E-02
   1.0144928E-01   0.0000000E+00   0.0000000E+00   4.5371108E+06   0.0000000E+00   0.0000000E+00   1.9186380E-02
   1.1594203E-01   0.0000000E+00   0.0000000E+00   3.3943762E+06   0.0000000E+00   0.0000000E+00   1.3529824E-02
   1.3043478E-01   0.0000000E+00   0.0000000E+00   2.6720321E+06   0.0000000E+00   0.0000000E+00   1.1014171E-02
   1.4492754E-01   0.0000000E+00   0.0000000E+00   2.1662176E+06   0.0000000E+00   0.0000000E+00   9.6226288E-03
   1.5942029E-01   0.0000000E+00   0.0000000E+00   1.7801301E+06   0.0000000E+00   0.0000000E+00   7.3847323E-03
   1.7391304E-01   0.0000000E+00   0.0000000E+00   1.4543493E+06   0.0000000E+00   0.0000000E+00   7.6739194E-03
   1.8840580E-01   0.0000000E+00   0.0000000E+00   1.2218213E+06   0.0000000E+00   0.0000000E+00   8.5220736E-03
   2.0289855E-01   0.0000000E+00   0.0000000E+00   1.0629963E+06   0.0000000E+00   0.0000000E+00   6.7145923E-03
   2.1739130E-01   0.0000000E+00   0.0000000E+00   9.3817905E+05   0.0000000E+00   0.0000000E+00   7.4094718E-03
   2.3188406E-01   0.0000000E+00   0.0000000E+00   8.0751051E+05   0.0000000E+00   0.0000000E+00   9.1779277E-03
   2.4637681E-01   0.0000000E+00   0.0000000E+00   6.8985239E+05   0.0000000E+00   0.0000000E+00   7.2476782E-03
   2.6086957E-01   0.0000000E+00   0.0000000E+00   5.6771316E+05   0.0000000E+00   0.0000000E+00   7.7011289E-03
   2.7536232E-01   0.0000000E+00   0.0000000E+00   4.3167062E+05   0.0000000E+00   0.0000000E+00   8.4747934E-03
   2.8985507E-01   0.0000000E+00   0.0000000E+00   3.0101090E+05   0.0000000E+00   0.0000000E+00   9.6064553E-03
   3.0434783E-01   0.0000000E+00   0.0000000E+00   1.6796496E+05   0.0000000E+00   0.0000000E+00   1.8586766E-02
   3.1884058E-01   0.0000000E+00   0.0000000E+00   6.8954038E+04   0.0000000E+00   0.0000000E+00   3.2440115E-02
   3.3333333E-01   0.0000000E+00   0.0000000E+00   1.8646911E+04   0.0000000E+00   0.0000000E+00   4.9207092E-02
   3.4782609E-01   0.0000000E+00   0.0000000E+00   5.8093146E+03   0.0000000E+00   0.0000000E+00   8.0929820E-02
   3.6231884E-01   0.0000000E+00   0.0000000E+00   5.9709651E+03   0.0000000E+00   0.0000000E+00   8.0004357E-02
   3.7681159E-01   0.0000000E+00   0.0000000E+00   6.4699055E+03   0.0000000E+00   0.0000000E+00   8.3697969E-02
   3.9130435E-01   0.0000000E+00   0.0000000E+00   6.7073729E+03   0.0000000E+00   0.0000000E+00   9.4536605E-02
   4.0579710E-01   0.0000000E+00   0.0000000E+00   6.4136998E+03   0.0000000E+00   0.0000000E+00   1.0547113E-01
   4.2028986E-01   0.0000000E+00   0.0000000E+00   6.2709243E+03   0.0000000E+00   0.0000000E+00   1.1367248E-01
   4.3478261E-01   0.0000000E+00   0.0000000E+00   6.3397303E+03   0.0000000E+00   0.0000000E+00   1.0377648E-01
   4.4927536E-01   0.0000000E+00   0.0000000E+00   6.7707439E+03   0.0000000E+00   0.0000000E+00   1.0960610E-01
   4.6376812E-01   0.0000000E+00   0.0000000E+00   6.6538753E+03   0.0000000E+00   0.0000000E+00   1.1553893E-01
   4.7826087E-01   0.0000000E+00   0.0000000E+00   5.7863529E+03   0.0000000E+00   0.0000000E+00   1.1050883E-01
   4.9275362E-01   0.0000000E+00   0.0000000E+00   5.6607388E+03   0.0000000E+00   0.0000000E+00   1.2939819E-01
   5.0724638E-01   0.0000000E+00   0.0000000E+00   5.2608575E+03   0.0000000E+00   0.0000000E+00   1.3796098E-01
   5.2173913E-01   0.0000000E+00   0.0000000E+00   4.6306131E+03   0.0000000E+00   0.0000000E+00   1.2376871E-01
   5.3623188E-01   0.0000000E+00   0.0000000E+00   4.0549152E+03   0.0000000E+00   0.0000000E+00   1.2146921E-01
   5.5072464E-01   0.0000000E+00   0.0000000E+00   3.3699342E+03   0.0000000E+00   0.0000000E+00   1.4293759E-01
   5.6521739E-01   0.0000000E+00   0.0000000E+00   3.0892342E+03   0.0000000E+00   0.0000000E+00   1.3724553E-01
   5.7971014E-01   0.0000000E+00   0.0000000E+00   2.4058140E+03   0.0000000E+00   0.0000000E+00   1.2846402E-01
   5.9420290E-01   0.0000000E+00   0.0000000E+00   1.6633244E+03   0.0000000E+00   0.0000000E+00   1.5741479E-01
   6.0869565E-01   0.0000000E+00   0.0000000E+00   1.4793907E+03   0.0000000E+00   0.0000000E+00   1.6613926E-01
   6.2318841E-01   0.0000000E+00   0.0000000E+00   1.2863902E+03   0.0000000E+00   0.0000000E+00   1.7716681E-01
   6.3768116E-01   0.0000000E+00   0.0000000E+00   1.1366050E+03   0.0000000E+00   0.0000000E+00   2.0477499E-01
   6.5217391E-01   0.0000000E+00   0.0000000E+00   1.0103156E+03   0.0000000E+00   0.0000000E+00   1.9801127E-01
   6.6666667E-01   0.0000000E+00   0.0000000E+00   9.3893459E+02   0.0000000E+00   0.0000000E+00   1.9061858E-01
   6.8115942E-01   0.0000000E+00   0.0000000E+00   8.3834697E+02   0.0000000E+00   0.0000000E+00   2.3977973E-01
   6.9565217E-01   0.0000000E+00   0.0000000E+00   6.3144724E+02   0.0000000E+00   0.0000000E+00   2.9091368E-01
   7.1014493E-01   0.0000000E+00   0.0000000E+00   5.4124049E+02   0.0000000E+00   0.0000000E+00   2.8335496E-01
   7.2463768E-01   0.0000000E+00   0.0000000E+00   4.2433254E+02   0.0000000E+00   0.0000000E+00   3.2769581E-01
   7.3913043E-01   0.0000000E+00   0.0000000E+00   2.3772131E+02   0.0000000E+00   0.0000000E+00   3.6415511E-01
   7.5362319E-01   0.0000000E+00   0.0000000E+00   1.8943417E+02   0.0000000E+00   0.0000000E+00   2.6836275E-01
   7.6811594E-01   0.0000000E+00   0.0000000E+00   2.2875070E+02   0.0000000E+00   0.0000000E+00   2.9093814E-01
   7.8260870E-01   0.0000000E+00   0.0000000E+00   1.9645025E+02   0.0000000E+00   0.0000000E+00   3.5087512E-01
   7.9710145E-01   0.0000000E+00   0.0000000E+00   1.2399328E+02   0.0000000E+00   0.0000000E+00   3.7225178E-01
   8.1159420E-01   0.0000000E+00   0.0000000E+00   1.0824810E+02   0.0000000E+00   0.0000000E+00   3.4377457E-01
   8.2608696E-01   0.0000000E+00   0.0000000E+00   1.5952351E+02   0.0000000E+00   0.0000000E+00   3.3924676E-01
   8.4057971E-01   0.0000000E+00   0.0000000E+00   2.2209523E+02   0.0000000E+00   0.0000000E+00   3.4474804E-01
   8.5507246E-01   0.0000000E+00   0.0000000E+00   2.0548791E+02   0.0000000E+00   0.0000000E+00   3.5507184E-01
   8.6956522E-01   0.0000000E+00   0.0000000E+00   1.0103156E+02   0.0000000E+00   0.0000000E+00   4.0293763E-01
   8.8405797E-01   0.0000000E+00   0.0000000E+00   7.4531477E+01   0.0000000E+00   0.0000000E+00   4.1452660E-01
   8.9855072E-01   0.0000000E+00   0.0000000E+00   1.0999403E+02   0.0000000E+00   0.0000000E+00   3.8951957E-01
   9.1304348E-01   0.0000000E+00   0.0000000E+00   8.4192965E+01   0.0000000E+00   0.0000000E+00   3.8678597E-01
   9.2753623E-01   0.0000000E+00   0.0000000E+00   3.5518907E+01   0.0000000E+00   0.0000000E+00   3.9523415E-01
   9.4202899E-01   0.0000000E+00   0.0000000E+00   3.4972462E+01   0.0000000E+00   0.0000000E+00   3.8443146E-01
   9.5652174E-01   0.0000000E+00   0.0000000E+00   4.5923435E+01   0.0000000E+00   0.0000000E+00   4.0096266E-01
   9.7101449E-01   0.0000000E+00   0.0000000E+00   3.3928508E+01   0.0000000E+00   0.0000000E+00   4.0587437E-01
   9.8550725E-01   0.0000000E+00   0.0000000E+00   0.0000000E+00   0.0000000E+00   0.0000000E+00   0.0000000E+00
   1.0000000E+00   0.0000000E+00   0.0000000E+00   0.0000000E+00   0.0000000E+00   0.0000000E+00   0.0000000E+00
