   0.0000000E+00   0.0000000E+00   0.0000000E+00   5.8629452E+10   0.0000000E+00   0.0000000E+00   1.6977695E-06
   1.4492754E-02   0.0000000E+00   0.0000000E+00   1.7220324E+07   0.0000000E+00   0.0000000E+00   2.4859489E-03
   2.8985507E-02   0.0000000E+00   0.0000000E+00   1.3862793E+07   0.0000000E+00   0.0000000E+00   4.9567757E-03
   4.3478261E-02   0.0000000E+00   0.0000000E+00   1.1955064E+07   0.0000000E+00   0.0000000E+00   9.4028856E-03
   5.7971014E-02   0.0000000E+00   0.0000000E+00   1.0383645E+07   0.0000000E+00   0.0000000E+00   1.3677281E-02
   7.2463768E-02   0.0000000E+00   0.0000000E+00   9.0032757E+06   0.0000000E+00   0.0000000E+00   1.8643285E-02
   8.6956522E-02   0.0000000E+00   0.0000000E+00   7.6634962E+06   0.0000000E+00   0.0000000E+00   2.3325068E-02
   1.0144928E-01   0.0000000E+00   0.0000000E+00   6.3928079E+06   0.0000000E+00   0.0000000E+00   2.8526500E-02
   1.1594203E-01   0.0000000E+00   0.0000000E+00   5.2217529E+06   0.0000000E+00   0.0000000E+00   3.5067411E-02
   1.3043478E-01   0.0000000E+00   0.0000000E+00   4.1801807E+06   0.0000000E+00   0.0000000E+00   3.9615773E-02
   1.4492754E-01   0.0000000E+00   0.0000000E+00   3.2640265E+06   0.0000000E+00   0.0000000E+00   4.4612622E-02
   1.5942029E-01   0.0000000E+00   0.0000000E+00   2.4086383E+06   0.0000000E+00   0.0000000E+00   5.0989767E-02
   1.7391304E-01   0.0000000E+00   0.0000000E+00   1.6641792E+06   0.0000000E+00   0.0000000E+00   5.5874114E-02
   1.8840580E-01   0.0000000E+00   0.0000000E+00   1.1169622E+06   0.0000000E+00   0.0000000E+00   6.0244861E-02
   2.0289855E-01   0.0000000E+00   0.0000000E+00   7.4079586E+05   0.0000000E+00   0.0000000E+00   6.3491481E-02
   2.1739130E-01   0.0000000E+00   0.0000000E+00   4.9515567E+05   0.0000000E+00   0.0000000E+00   6.4212628E-02
   2.3188406E-01   0.0000000E+00   0.0000000E+00   3.4770642E+05   0.0000000E+00   0.0000000E+00   6.1877243E-02
   2.4637681E-01   0.0000000E+00   0.0000000E+00   2.4782447E+05   0.0000000E+00   0.0000000E+00   5.8950761E-02
   2.6086957E-01   0.0000000E+00   0.0000000E+00   1.7352170E+05   0.0000000E+00   0.0000000E+00   6.0025672E-02
   2.7536232E-01   0.0000000E+00   0.0000000E+00   1.2351108E+05   0.0000000E+00   0.0000000E+00   6.3248377E-02
   2.8985507E-01   0.0000000E+00   0.0000000E+00   8.1646128E+04   0.0000000E+00   0.0000000E+00   6.7626310E-02
   3.0434783E-01   0.0000000E+00   0.0000000E+00   4.7412667E+04   0.0000000E+00   0.0000000E+00   6.6806727E-02
   3.1884058E-01   0.0000000E+00   0.0000000E+00   2.0286678E+04   0.0000000E+00   0.0000000E+00   7.0500408E-02
   3.3333333E-01   0.0000000E+00   0.0000000E+00   3.7227933E+03   0.0000000E+00   0.0000000E+00   7.0828534E-02
   3.4782609E-01   0.0000000E+00   0.0000000E+00   4.4201307E+02   0.0000000E+00   0.0000000E+00   1.0981392E-01
   3.6231884E-01   0.0000000E+00   0.0000000E+00   3.3340414E+02   0.0000000E+00   0.0000000E+00   1.0629111E-01
   3.7681159E-01   0.0000000E+00   0.0000000E+00   3.2058090E+02   0.0000000E+00   0.0000000E+00   8.2030320E-02
   3.9130435E-01   0.0000000E+00   0.0000000E+00   2.8064322E+02   0.0000000E+00   0.0000000E+00   1.0437768E-01
   4.0579710E-01   0.0000000E+00   0.0000000E+00   1.6237215E+02   0.0000000E+00   0.0000000E+00   8.9682081E-02
   4.2028986E-01   0.0000000E+00   0.0000000E+00   2.3515966E+02   0.0000000E+00   0.0000000E+00   1.4515912E-01
   4.3478261E-01   0.0000000E+00   0.0000000E+00   2.7783678E+02   0.0000000E+00   0.0000000E+00   1.6374500E-01
   4.4927536E-01   0.0000000E+00   0.0000000E+00   3.6664678E+02   0.0000000E+00   0.0000000E+00   1.1506803E-01
   4.6376812E-01   0.0000000E+00   0.0000000E+00   3.0783053E+02   0.0000000E+00   0.0000000E+00   9.9006272E-02
   4.7826087E-01   0.0000000E+00   0.0000000E+00   2.0665546E+02   0.0000000E+00   0.0000000E+00   1.2482691E-01
   4.9275362E-01   0.0000000E+00   0.0000000E+00   2.2286373E+02   0.0000000E+00   0.0000000E+00   1.5256328E-01
   5.0724638E-01   0.0000000E+00   0.0000000E+00   1.7319696E+02   0.0000000E+00   0.0000000E+00   1.2112589E-01
   5.2173913E-01   0.0000000E+00   0.0000000E+00   1.6838593E+02   0.0000000E+00   0.0000000E+00   1.6001195E-01
   5.3623188E-01   0.0000000E+00   0.0000000E+00   1.2287622E+02   0.0000000E+00   0.0000000E+00   1.9205751E-01
   5.5072464E-01   0.0000000E+00   0.0000000E+00   1.7946395E+02   0.0000000E+00   0.0000000E+00   1.4009462E-01
   5.6521739E-01   0.0000000E+00   0.0000000E+00   2.9143719E+02   0.0000000E+00   0.0000000E+00   8.4861717E-02
   5.7971014E-01   0.0000000E+00   0.0000000E+00   2.2732101E+02   0.0000000E+00   0.0000000E+00   1.2046901E-01
   5.9420290E-01   0.0000000E+00   0.0000000E+00   1.6633244E+02   0.0000000E+00   0.0000000E+00   1.6072621E-01
   6.0869565E-01   0.0000000E+00   0.0000000E+00   2.5257889E+02   0.0000000E+00   0.0000000E+00   1.0101664E-01
   6.2318841E-01   0.0000000E+00   0.0000000E+00   2.6432675E+02   0.0000000E+00   0.0000000E+00   9.1646291E-02
   6.3768116E-01   0.0000000E+00   0.0000000E+00   2.0665546E+02   0.0000000E+00   0.0000000E+00   1.6346041E-01
   6.5217391E-01   0.0000000E+00   0.0000000E+00   1.6838593E+02   0.0000000E+00   0.0000000E+00   2.2249955E-01
   6.6666667E-01   0.0000000E+00   0.0000000E+00   1.1530776E+02   0.0000000E+00   0.0000000E+00   2.4997534E-01
   6.8115942E-01   0.0000000E+00   0.0000000E+00   1.1285440E+02   0.0000000E+00   0.0000000E+00   1.9576772E-01
   6.9565217E-01   0.0000000E+00   0.0000000E+00   1.5786181E+02   0.0000000E+00   0.0000000E+00   1.2583051E-01
   7.1014493E-01   0.0000000E+00   0.0000000E+00   1.5464014E+02   0.0000000E+00   0.0000000E+00   1.6812298E-01
   7.2463768E-01   0.0000000E+00   0.0000000E+00   9.0928402E+01   0.0000000E+00   0.0000000E+00   2.0160235E-01
   7.3913043E-01   0.0000000E+00   0.0000000E+00   1.6343340E+02   0.0000000E+00   0.0000000E+00   1.7515282E-01
   7.5362319E-01   0.0000000E+00   0.0000000E+00   2.1857789E+02   0.0000000E+00   0.0000000E+00   1.7817411E-01
   7.6811594E-01   0.0000000E+00   0.0000000E+00   1.1437535E+02   0.0000000E+00   0.0000000E+00   2.0093067E-01
   7.8260870E-01   0.0000000E+00   0.0000000E+00   5.6128643E+01   0.0000000E+00   0.0000000E+00   1.9604954E-01
   7.9710145E-01   0.0000000E+00   0.0000000E+00   6.8885153E+01   0.0000000E+00   0.0000000E+00   1.5992522E-01
   8.1159420E-01   0.0000000E+00   0.0000000E+00   1.0824810E+02   0.0000000E+00   0.0000000E+00   2.7924998E-01
   8.2608696E-01   0.0000000E+00   0.0000000E+00   1.5952351E+02   0.0000000E+00   0.0000000E+00   2.1636908E-01
   8.4057971E-01   0.0000000E+00   0.0000000E+00   1.3064426E+02   0.0000000E+00   0.0000000E+00   1.5046125E-01
   8.5507246E-01   0.0000000E+00   0.0000000E+00   1.0274396E+02   0.0000000E+00   0.0000000E+00   2.4061588E-01
   8.6956522E-01   0.0000000E+00   0.0000000E+00   1.0103156E+02   0.0000000E+00   0.0000000E+00   3.0070125E-01
   8.8405797E-01   0.0000000E+00   0.0000000E+00   8.6953390E+01   0.0000000E+00   0.0000000E+00   3.2979541E-01
   8.9855072E-01   0.0000000E+00   0.0000000E+00   3.6664678E+01   0.0000000E+00   0.0000000E+00   3.6321883E-01
   9.1304348E-01   0.0000000E+00   0.0000000E+00   9.6220531E+01   0.0000000E+00   0.0000000E+00   2.4060384E-01
   9.2753623E-01   0.0000000E+00   0.0000000E+00   1.1839636E+02   0.0000000E+00   0.0000000E+00   2.3024787E-01
   9.4202899E-01   0.0000000E+00   0.0000000E+00   6.9944925E+01   0.0000000E+00   0.0000000E+00   1.3224338E-01
   9.5652174E-01   0.0000000E+00   0.0000000E+00   8.0366012E+01   0.0000000E+00   0.0000000E+00   2.4213410E-01
   9.7101449E-01   0.0000000E+00   0.0000000E+00   5.6547514E+01   0.0000000E+00   0.0000000E+00   3.4050826E-01
   9.8550725E-01   0.0000000E+00   0.0000000E+00   2.2286373E+01   0.0000000E+00   0.0000000E+00   2.1170749E-01
   1.0000000E+00   0.0000000E+00   0.0000000E+00   0.0000000E+00   0.0000000E+00   0.0000000E+00   0.0000000E+00
