   0.0000000E+00   0.0000000E+00   0.0000000E+00   5.8479893E+10   0.0000000E+00   0.0000000E+00   6.2023592E-06
   1.4492754E-02   0.0000000E+00   0.0000000E+00   3.2832731E+07   0.0000000E+00   0.0000000E+00   6.9597633E-03
   2.8985507E-02   0.0000000E+00   0.0000000E+00   2.5112909E+07   0.0000000E+00   0.0000000E+00   1.2350337E-02
   4.3478261E-02   0.0000000E+00   0.0000000E+00   2.0191915E+07   0.0000000E+00   0.0000000E+00   1.7589192E-02
   5.7971014E-02   0.0000000E+00   0.0000000E+00   1.5481886E+07   0.0000000E+00   0.0000000E+00   2.2484737E-02
   7.2463768E-02   0.0000000E+00   0.0000000E+00   1.1228748E+07   0.0000000E+00   0.0000000E+00   2.8337409E-02
   8.6956522E-02   0.0000000E+00   0.0000000E+00   7.9182221E+06   0.0000000E+00   0.0000000E+00   3.3234476E-02
   1.0144928E-01   0.0000000E+00   0.0000000E+00   5.5568078E+06   0.0000000E+00   0.0000000E+00   3.6950264E-02
   1.1594203E-01   0.0000000E+00   0.0000000E+00   3.9246972E+06   0.0000000E+00   0.0000000E+00   4.0130270E-02
   1.3043478E-01   0.0000000E+00   0.0000000E+00   2.8522051E+06   0.0000000E+00   0.0000000E+00   3.9567628E-02
   1.4492754E-01   0.0000000E+00   0.0000000E+00   2.0950662E+06   0.0000000E+00   0.0000000E+00   3.7283332E-02
   1.5942029E-01   0.0000000E+00   0.0000000E+00   1.5102381E+06   0.0000000E+00   0.0000000E+00   3.3897350E-02
   1.7391304E-01   0.0000000E+00   0.0000000E+00   1.0819848E+06   0.0000000E+00   0.0000000E+00   2.7952017E-02
   1.8840580E-01   0.0000000E+00   0.0000000E+00   7.9212627E+05   0.0000000E+00   0.0000000E+00   2.4562108E-02
   2.0289855E-01   0.0000000E+00   0.0000000E+00   6.0954504E+05   0.0000000E+00   0.0000000E+00   2.2179200E-02
   2.1739130E-01   0.0000000E+00   0.0000000E+00   4.8570921E+05   0.0000000E+00   0.0000000E+00   1.9512815E-02
   2.3188406E-01   0.0000000E+00   0.0000000E+00   3.8933458E+05   0.0000000E+00   0.0000000E+00   1.8361290E-02
   2.4637681E-01   0.0000000E+00   0.0000000E+00   3.0875541E+05   0.0000000E+00   0.0000000E+00   1.5684196E-02
   2.6086957E-01   0.0000000E+00   0.0000000E+00   2.4138123E+05   0.0000000E+00   0.0000000E+00   1.6570751E-02
   2.7536232E-01   0.0000000E+00   0.0000000E+00   1.7667229E+05   0.0000000E+00   0.0000000E+00   2.0369246E-02
   2.8985507E-01   0.0000000E+00   0.0000000E+00   1.1608526E+05   0.0000000E+00   0.0000000E+00   2.4872011E-02
   3.0434783E-01   0.0000000E+00   0.0000000E+00   6.8557129E+04   0.0000000E+00   0.0000000E+00   4.1261985E-02
   3.1884058E-01   0.0000000E+00   0.0000000E+00   3.0137254E+04   0.0000000E+00   0.0000000E+00   5.1528795E-02
   3.3333333E-01   0.0000000E+00   0.0000000E+00   7.7091471E+03   0.0000000E+00   0.0000000E+00   3.7303813E-02
   3.4782609E-01   0.0000000E+00   0.0000000E+00   1.9890588E+03   0.0000000E+00   0.0000000E+00   7.4136406E-02
   3.6231884E-01   0.0000000E+00   0.0000000E+00   1.9701154E+03   0.0000000E+00   0.0000000E+00   8.0111930E-02
   3.7681159E-01   0.0000000E+00   0.0000000E+00   1.8943417E+03   0.0000000E+00   0.0000000E+00   8.6112333E-02
   3.9130435E-01   0.0000000E+00   0.0000000E+00   1.8522452E+03   0.0000000E+00   0.0000000E+00   1.0826083E-01
   4.0579710E-01   0.0000000E+00   0.0000000E+00   1.8131556E+03   0.0000000E+00   0.0000000E+00   9.7929506E-02
   4.2028986E-01   0.0000000E+00   0.0000000E+00   1.5938599E+03   0.0000000E+00   0.0000000E+00   1.2040207E-01
   4.3478261E-01   0.0000000E+00   0.0000000E+00   1.5659891E+03   0.0000000E+00   0.0000000E+00   1.2109317E-01
   4.4927536E-01   0.0000000E+00   0.0000000E+00   1.3932578E+03   0.0000000E+00   0.0000000E+00   1.3567016E-01
   4.6376812E-01   0.0000000E+00   0.0000000E+00   1.5391526E+03   0.0000000E+00   0.0000000E+00   1.6793373E-01
   4.7826087E-01   0.0000000E+00   0.0000000E+00   1.8369374E+03   0.0000000E+00   0.0000000E+00   1.4357539E-01
   4.9275362E-01   0.0000000E+00   0.0000000E+00   1.6714780E+03   0.0000000E+00   0.0000000E+00   1.4422974E-01
   5.0724638E-01   0.0000000E+00   0.0000000E+00   1.5804222E+03   0.0000000E+00   0.0000000E+00   1.4588967E-01
   5.2173913E-01   0.0000000E+00   0.0000000E+00   1.5365216E+03   0.0000000E+00   0.0000000E+00   1.4642551E-01
   5.3623188E-01   0.0000000E+00   0.0000000E+00   1.2492416E+03   0.0000000E+00   0.0000000E+00   1.5875515E-01
   5.5072464E-01   0.0000000E+00   0.0000000E+00   1.2761881E+03   0.0000000E+00   0.0000000E+00   1.6078366E-01
   5.6521739E-01   0.0000000E+00   0.0000000E+00   1.4571859E+03   0.0000000E+00   0.0000000E+00   1.6835923E-01
   5.7971014E-01   0.0000000E+00   0.0000000E+00   1.0418879E+03   0.0000000E+00   0.0000000E+00   1.6487192E-01
   5.9420290E-01   0.0000000E+00   0.0000000E+00   8.6862498E+02   0.0000000E+00   0.0000000E+00   1.4486527E-01
   6.0869565E-01   0.0000000E+00   0.0000000E+00   1.1907291E+03   0.0000000E+00   0.0000000E+00   1.6243834E-01
   6.2318841E-01   0.0000000E+00   0.0000000E+00   1.1454159E+03   0.0000000E+00   0.0000000E+00   1.4878529E-01
   6.3768116E-01   0.0000000E+00   0.0000000E+00   9.8161343E+02   0.0000000E+00   0.0000000E+00   1.3772109E-01
   6.5217391E-01   0.0000000E+00   0.0000000E+00   9.7663839E+02   0.0000000E+00   0.0000000E+00   1.7313646E-01
   6.6666667E-01   0.0000000E+00   0.0000000E+00   9.3893459E+02   0.0000000E+00   0.0000000E+00   2.1285253E-01
   6.8115942E-01   0.0000000E+00   0.0000000E+00   9.0283520E+02   0.0000000E+00   0.0000000E+00   2.1330957E-01
   6.9565217E-01   0.0000000E+00   0.0000000E+00   9.7874322E+02   0.0000000E+00   0.0000000E+00   1.8695795E-01
   7.1014493E-01   0.0000000E+00   0.0000000E+00   9.1237682E+02   0.0000000E+00   0.0000000E+00   1.7990938E-01
   7.2463768E-01   0.0000000E+00   0.0000000E+00   6.3649881E+02   0.0000000E+00   0.0000000E+00   1.7646656E-01
   7.3913043E-01   0.0000000E+00   0.0000000E+00   5.4973054E+02   0.0000000E+00   0.0000000E+00   1.8023731E-01
   7.5362319E-01   0.0000000E+00   0.0000000E+00   5.9744623E+02   0.0000000E+00   0.0000000E+00   1.7303360E-01
   7.6811594E-01   0.0000000E+00   0.0000000E+00   5.8617366E+02   0.0000000E+00   0.0000000E+00   2.0933826E-01
   7.8260870E-01   0.0000000E+00   0.0000000E+00   5.6128643E+02   0.0000000E+00   0.0000000E+00   2.3226997E-01
   7.9710145E-01   0.0000000E+00   0.0000000E+00   3.9953389E+02   0.0000000E+00   0.0000000E+00   1.9770888E-01
   8.1159420E-01   0.0000000E+00   0.0000000E+00   3.3827531E+02   0.0000000E+00   0.0000000E+00   1.4227057E-01
   8.2608696E-01   0.0000000E+00   0.0000000E+00   3.5892790E+02   0.0000000E+00   0.0000000E+00   1.0741027E-01
   8.4057971E-01   0.0000000E+00   0.0000000E+00   3.1354621E+02   0.0000000E+00   0.0000000E+00   1.6638502E-01
   8.5507246E-01   0.0000000E+00   0.0000000E+00   3.4676086E+02   0.0000000E+00   0.0000000E+00   1.3984928E-01
   8.6956522E-01   0.0000000E+00   0.0000000E+00   3.0309467E+02   0.0000000E+00   0.0000000E+00   3.9894155E-02
   8.8405797E-01   0.0000000E+00   0.0000000E+00   2.8570400E+02   0.0000000E+00   0.0000000E+00   8.6832697E-02
   8.9855072E-01   0.0000000E+00   0.0000000E+00   3.5442522E+02   0.0000000E+00   0.0000000E+00   1.9673541E-01
   9.1304348E-01   0.0000000E+00   0.0000000E+00   3.3677186E+02   0.0000000E+00   0.0000000E+00   2.0366463E-01
   9.2753623E-01   0.0000000E+00   0.0000000E+00   2.7231162E+02   0.0000000E+00   0.0000000E+00   1.0608246E-01
   9.4202899E-01   0.0000000E+00   0.0000000E+00   2.3314975E+02   0.0000000E+00   0.0000000E+00   7.9254226E-02
   9.5652174E-01   0.0000000E+00   0.0000000E+00   1.6073202E+02   0.0000000E+00   0.0000000E+00   8.7106674E-02
   9.7101449E-01   0.0000000E+00   0.0000000E+00   5.6547514E+01   0.0000000E+00   0.0000000E+00   1.7045913E-01
   9.8550725E-01   0.0000000E+00   0.0000000E+00   1.1143187E+01   0.0000000E+00   0.0000000E+00   4.2850533E-01
   1.0000000E+00   0.0000000E+00   0.0000000E+00   0.0000000E+00   0.0000000E+00   0.0000000E+00   0.0000000E+00
