   0.0000000E+00   3.2061045E+10   1.6297813E+10   4.8124972E+10   2.8315558E-06   5.3528913E-06   1.4927949E-06
   1.4492754E-02   6.6789942E+07   3.2572827E+07   9.9359738E+07   6.8410781E-03   6.5802138E-03   6.7490590E-03
   2.8985507E-02   6.0679175E+07   2.9636976E+07   9.0299102E+07   1.7606861E-02   1.5684030E-02   1.6968424E-02
   4.3478261E-02   4.6208046E+07   2.2618187E+07   6.8815878E+07   2.3119128E-02   2.0528058E-02   2.2269380E-02
   5.7971014E-02   2.9691912E+07   1.4411962E+07   4.4096865E+07   2.5570829E-02   2.3923753E-02   2.5033511E-02
   7.2463768E-02   1.7597828E+07   8.5601513E+06   2.6153585E+07   2.6602811E-02   2.4879850E-02   2.6028446E-02
   8.6956522E-02   1.0910145E+07   5.2637442E+06   1.6172500E+07   2.1245518E-02   2.0140961E-02   2.0885731E-02
   1.0144928E-01   7.6225063E+06   3.6252288E+06   1.1247410E+07   1.4672395E-02   1.3778591E-02   1.4366412E-02
   1.1594203E-01   5.8424340E+06   2.7631815E+06   8.6051419E+06   9.3215955E-03   9.1724666E-03   9.2638285E-03
   1.3043478E-01   4.7181738E+06   2.2349864E+06   6.9529918E+06   7.2739793E-03   7.9875294E-03   7.4759420E-03
   1.4492754E-01   3.9048445E+06   1.8152340E+06   5.7198511E+06   7.3661021E-03   6.0333323E-03   6.9434035E-03
   1.5942029E-01   3.2291293E+06   1.5129935E+06   4.7419851E+06   9.3333067E-03   8.9709570E-03   9.2154800E-03
   1.7391304E-01   2.6035832E+06   1.1998129E+06   3.8032067E+06   9.3571643E-03   8.3816772E-03   9.0515708E-03
   1.8840580E-01   2.1434622E+06   9.8249304E+05   3.1257221E+06   8.4842811E-03   7.1651164E-03   8.0688795E-03
   2.0289855E-01   1.7992999E+06   8.0866741E+05   2.6076967E+06   8.8315941E-03   1.0160910E-02   9.2546545E-03
   2.1739130E-01   1.5420447E+06   6.9620847E+05   2.2382531E+06   7.4516522E-03   4.7485055E-03   6.6107086E-03
   2.3188406E-01   1.2953509E+06   5.9264480E+05   1.8879483E+06   5.6205244E-03   6.0765104E-03   5.7630182E-03
   2.4637681E-01   1.0933249E+06   4.9662954E+05   1.5899544E+06   8.5099868E-03   7.1272236E-03   8.0173495E-03
   2.6086957E-01   9.1804009E+05   4.1359794E+05   1.3315959E+06   6.8777266E-03   7.1499207E-03   6.9241638E-03
   2.7536232E-01   7.1733735E+05   3.2431130E+05   1.0416885E+06   8.3259232E-03   7.8337773E-03   8.0975921E-03
   2.8985507E-01   5.1965582E+05   2.3467105E+05   7.5432687E+05   1.2461449E-02   6.3730213E-03   1.0561656E-02
   3.0434783E-01   3.1951230E+05   1.4223800E+05   4.6175030E+05   1.5668669E-02   1.2279964E-02   1.4622879E-02
   3.1884058E-01   1.4045683E+05   6.4717601E+04   2.0517443E+05   2.7978446E-02   2.5088108E-02   2.7066703E-02
   3.3333333E-01   4.0720110E+04   1.8943417E+04   5.9663528E+04   6.3940195E-02   6.0986378E-02   6.2961406E-02
   3.4782609E-01   1.2029070E+04   5.5567357E+03   1.7585806E+04   1.1233552E-01   7.7400441E-02   1.0129454E-01
   3.6231884E-01   1.2305644E+04   4.5464201E+03   1.6852064E+04   1.2035070E-01   1.2036840E-01   1.2027019E-01
   3.7681159E-01   1.2998099E+04   5.5373065E+03   1.8535405E+04   1.3138025E-01   1.2289705E-01   1.2882690E-01
   3.9130435E-01   1.2881524E+04   5.3041568E+03   1.8185680E+04   1.3697654E-01   1.2959905E-01   1.3482315E-01
   4.0579710E-01   1.3314516E+04   5.7642112E+03   1.9078727E+04   1.4760207E-01   1.3694327E-01   1.4436547E-01
   4.2028986E-01   1.1261535E+04   5.0951260E+03   1.6356661E+04   1.5051281E-01   1.4985492E-01   1.5025841E-01
   4.3478261E-01   1.2679461E+04   5.1020937E+03   1.7781554E+04   1.7651255E-01   1.5434116E-01   1.7014868E-01
   4.4927536E-01   1.1659368E+04   4.9130669E+03   1.6572435E+04   1.7707549E-01   1.6275268E-01   1.7282521E-01
   4.6376812E-01   1.1413409E+04   5.0200055E+03   1.6433414E+04   1.8834115E-01   1.7013957E-01   1.8278065E-01
   4.7826087E-01   1.0677199E+04   4.2249561E+03   1.4902155E+04   1.9400723E-01   2.1729561E-01   2.0060717E-01
   4.9275362E-01   9.8282905E+03   4.1006926E+03   1.3928983E+04   2.0140935E-01   1.9761311E-01   2.0029038E-01
   5.0724638E-01   8.7031471E+03   3.6371361E+03   1.2340283E+04   2.0262119E-01   2.0401506E-01   2.0303201E-01
   5.2173913E-01   7.5563186E+03   3.1361879E+03   1.0692507E+04   1.9792586E-01   1.4544760E-01   1.8253332E-01
   5.3623188E-01   7.3520938E+03   2.8466324E+03   1.0198726E+04   2.2338579E-01   1.8116275E-01   2.1160063E-01
   5.5072464E-01   6.1416552E+03   2.6919593E+03   8.8336145E+03   2.0829569E-01   1.7179642E-01   1.9717237E-01
   5.6521739E-01   4.9544322E+03   2.1760643E+03   7.1304965E+03   1.9794347E-01   1.7826346E-01   1.9193672E-01
   5.7971014E-01   4.9442319E+03   1.9511720E+03   6.8954038E+03   1.8513202E-01   1.7664365E-01   1.8273009E-01
   5.9420290E-01   4.0659042E+03   1.8296569E+03   5.8955610E+03   1.8907554E-01   1.8648727E-01   1.8827096E-01
   6.0869565E-01   3.9330142E+03   1.4613493E+03   5.3943635E+03   1.9665885E-01   1.7840010E-01   1.9171237E-01
   6.2318841E-01   3.7534399E+03   1.0396852E+03   4.7931251E+03   1.7351664E-01   1.7657754E-01   1.7417980E-01
   6.3768116E-01   2.9965042E+03   1.2399328E+03   4.2364369E+03   1.7305545E-01   1.3918712E-01   1.6314273E-01
   6.5217391E-01   2.6268205E+03   1.1787015E+03   3.8055220E+03   1.8034221E-01   1.6370711E-01   1.7518975E-01
   6.6666667E-01   2.5202981E+03   1.1201325E+03   3.6404306E+03   1.8453683E-01   1.4448748E-01   1.7221082E-01
   6.8115942E-01   2.7246277E+03   1.0479337E+03   3.7725614E+03   1.7498581E-01   1.3966459E-01   1.6517436E-01
   6.9565217E-01   1.9890588E+03   1.1050327E+03   3.0940915E+03   1.8735443E-01   1.8157228E-01   1.8528937E-01
   7.1014493E-01   2.0103218E+03   7.8866471E+02   2.7989865E+03   1.7006652E-01   1.5398124E-01   1.6553290E-01
   7.2463768E-01   1.8185680E+03   6.2134408E+02   2.4399121E+03   1.4409962E-01   1.4154117E-01   1.4344757E-01
   7.3913043E-01   1.8571978E+03   7.1316394E+02   2.5703617E+03   1.5913391E-01   1.1340673E-01   1.4644660E-01
   7.5362319E-01   1.5883327E+03   5.3915879E+02   2.1274915E+03   1.5008257E-01   1.1210808E-01   1.4045890E-01
   7.6811594E-01   1.3725042E+03   5.7187674E+02   1.9443809E+03   1.4202625E-01   1.2811661E-01   1.3793518E-01
   7.8260870E-01   1.3751518E+03   6.5951156E+02   2.0346633E+03   1.6322848E-01   1.0541431E-01   1.4448851E-01
   7.9710145E-01   1.4052571E+03   4.5464201E+02   1.8598991E+03   1.3811589E-01   1.5442794E-01   1.4210328E-01
   8.1159420E-01   1.0554190E+03   7.7126770E+02   1.8266866E+03   1.2856440E-01   1.0115590E-01   1.1699192E-01
   8.2608696E-01   1.0900773E+03   4.9186416E+02   1.5819415E+03   1.6107375E-01   9.2257111E-02   1.3967698E-01
   8.4057971E-01   1.0320896E+03   3.9193277E+02   1.4240224E+03   1.3124133E-01   7.9558785E-02   1.1701678E-01
   8.5507246E-01   8.7332364E+02   3.5960385E+02   1.2329275E+03   1.2715376E-01   8.3112160E-02   1.1430829E-01
   8.6956522E-01   9.9768663E+02   3.5361045E+02   1.3512971E+03   1.5133957E-01   1.7598107E-01   1.5778781E-01
   8.8405797E-01   7.3289286E+02   1.8632869E+02   9.1922155E+02   1.5179069E-01   1.2829781E-01   1.4702693E-01
   8.9855072E-01   5.0108394E+02   2.1998807E+02   7.2107201E+02   1.5446729E-01   1.3478332E-01   1.4846201E-01
   9.1304348E-01   5.0515779E+02   1.3230323E+02   6.3746102E+02   1.4152054E-01   1.1153156E-01   1.3529641E-01
   9.2753623E-01   2.9599089E+02   1.5391526E+02   4.4990616E+02   1.6456954E-01   1.9335753E-01   1.7441806E-01
   9.4202899E-01   3.4972462E+02   6.9944925E+01   4.1966955E+02   2.0199051E-01   1.3461513E-01   1.9076128E-01
   9.5652174E-01   2.0665546E+02   9.1846871E+01   2.9850233E+02   1.8783575E-01   1.6028207E-01   1.7935770E-01
   9.7101449E-01   1.4702354E+02   2.2619005E+01   1.6964254E+02   1.9164672E-01   1.5860541E-05   1.6609175E-01
   9.8550725E-01   5.5715933E+01   7.8002306E+01   1.3371824E+02   1.6899752E-01   3.0203875E-01   2.4660490E-01
   1.0000000E+00   2.1884092E+01   2.1884092E+01   4.3768184E+01   4.2854224E-01   2.9085144E-06   2.1426971E-01
