   0.0000000E+00   0.0000000E+00   0.0000000E+00   5.8263835E+10   0.0000000E+00   0.0000000E+00   1.0536304E-05
   1.4492754E-02   0.0000000E+00   0.0000000E+00   4.5311896E+07   0.0000000E+00   0.0000000E+00   1.0054718E-02
   2.8985507E-02   0.0000000E+00   0.0000000E+00   3.3387015E+07   0.0000000E+00   0.0000000E+00   1.5856954E-02
   4.3478261E-02   0.0000000E+00   0.0000000E+00   2.4665087E+07   0.0000000E+00   0.0000000E+00   2.1500248E-02
   5.7971014E-02   0.0000000E+00   0.0000000E+00   1.6906810E+07   0.0000000E+00   0.0000000E+00   2.6653151E-02
   7.2463768E-02   0.0000000E+00   0.0000000E+00   1.0889585E+07   0.0000000E+00   0.0000000E+00   2.9565651E-02
   8.6956522E-02   0.0000000E+00   0.0000000E+00   6.9704198E+06   0.0000000E+00   0.0000000E+00   2.9781255E-02
   1.0144928E-01   0.0000000E+00   0.0000000E+00   4.6835704E+06   0.0000000E+00   0.0000000E+00   2.5825779E-02
   1.1594203E-01   0.0000000E+00   0.0000000E+00   3.3734437E+06   0.0000000E+00   0.0000000E+00   1.9391271E-02
   1.3043478E-01   0.0000000E+00   0.0000000E+00   2.5760521E+06   0.0000000E+00   0.0000000E+00   1.5773457E-02
   1.4492754E-01   0.0000000E+00   0.0000000E+00   2.0072445E+06   0.0000000E+00   0.0000000E+00   1.3849093E-02
   1.5942029E-01   0.0000000E+00   0.0000000E+00   1.5837386E+06   0.0000000E+00   0.0000000E+00   1.3092713E-02
   1.7391304E-01   0.0000000E+00   0.0000000E+00   1.2721767E+06   0.0000000E+00   0.0000000E+00   1.2337420E-02
   1.8840580E-01   0.0000000E+00   0.0000000E+00   1.0403725E+06   0.0000000E+00   0.0000000E+00   1.1152662E-02
   2.0289855E-01   0.0000000E+00   0.0000000E+00   8.7085595E+05   0.0000000E+00   0.0000000E+00   8.6739245E-03
   2.1739130E-01   0.0000000E+00   0.0000000E+00   7.4293556E+05   0.0000000E+00   0.0000000E+00   6.7854672E-03
   2.3188406E-01   0.0000000E+00   0.0000000E+00   6.2939503E+05   0.0000000E+00   0.0000000E+00   8.6446024E-03
   2.4637681E-01   0.0000000E+00   0.0000000E+00   5.2542353E+05   0.0000000E+00   0.0000000E+00   9.2745414E-03
   2.6086957E-01   0.0000000E+00   0.0000000E+00   4.2391158E+05   0.0000000E+00   0.0000000E+00   9.8854606E-03
   2.7536232E-01   0.0000000E+00   0.0000000E+00   3.1840893E+05   0.0000000E+00   0.0000000E+00   1.0941391E-02
   2.8985507E-01   0.0000000E+00   0.0000000E+00   2.1515933E+05   0.0000000E+00   0.0000000E+00   1.3512813E-02
   3.0434783E-01   0.0000000E+00   0.0000000E+00   1.2275334E+05   0.0000000E+00   0.0000000E+00   2.6617005E-02
   3.1884058E-01   0.0000000E+00   0.0000000E+00   5.1250554E+04   0.0000000E+00   0.0000000E+00   4.3880173E-02
   3.3333333E-01   0.0000000E+00   0.0000000E+00   1.3606315E+04   0.0000000E+00   0.0000000E+00   5.5701791E-02
   3.4782609E-01   0.0000000E+00   0.0000000E+00   5.4304462E+03   0.0000000E+00   0.0000000E+00   7.1231621E-02
   3.6231884E-01   0.0000000E+00   0.0000000E+00   4.5767296E+03   0.0000000E+00   0.0000000E+00   8.7310028E-02
   3.7681159E-01   0.0000000E+00   0.0000000E+00   4.5172764E+03   0.0000000E+00   0.0000000E+00   9.0985227E-02
   3.9130435E-01   0.0000000E+00   0.0000000E+00   4.4341628E+03   0.0000000E+00   0.0000000E+00   8.3630671E-02
   4.0579710E-01   0.0000000E+00   0.0000000E+00   4.4922961E+03   0.0000000E+00   0.0000000E+00   1.1304793E-01
   4.2028986E-01   0.0000000E+00   0.0000000E+00   4.5202913E+03   0.0000000E+00   0.0000000E+00   1.4525526E-01
   4.3478261E-01   0.0000000E+00   0.0000000E+00   4.5969359E+03   0.0000000E+00   0.0000000E+00   1.2296850E-01
   4.4927536E-01   0.0000000E+00   0.0000000E+00   4.4242045E+03   0.0000000E+00   0.0000000E+00   9.8375151E-02
   4.6376812E-01   0.0000000E+00   0.0000000E+00   4.5227408E+03   0.0000000E+00   0.0000000E+00   1.2049631E-01
   4.7826087E-01   0.0000000E+00   0.0000000E+00   4.5004967E+03   0.0000000E+00   0.0000000E+00   1.3493053E-01
   4.9275362E-01   0.0000000E+00   0.0000000E+00   4.0561199E+03   0.0000000E+00   0.0000000E+00   1.3366386E-01
   5.0724638E-01   0.0000000E+00   0.0000000E+00   3.7886834E+03   0.0000000E+00   0.0000000E+00   1.2691220E-01
   5.2173913E-01   0.0000000E+00   0.0000000E+00   3.5571528E+03   0.0000000E+00   0.0000000E+00   1.3366516E-01
   5.3623188E-01   0.0000000E+00   0.0000000E+00   3.5634104E+03   0.0000000E+00   0.0000000E+00   1.4941334E-01
   5.5072464E-01   0.0000000E+00   0.0000000E+00   3.5095173E+03   0.0000000E+00   0.0000000E+00   1.3738027E-01
   5.6521739E-01   0.0000000E+00   0.0000000E+00   3.3806714E+03   0.0000000E+00   0.0000000E+00   1.2623495E-01
   5.7971014E-01   0.0000000E+00   0.0000000E+00   3.0120033E+03   0.0000000E+00   0.0000000E+00   1.3327568E-01
   5.9420290E-01   0.0000000E+00   0.0000000E+00   2.3286542E+03   0.0000000E+00   0.0000000E+00   1.4761154E-01
   6.0869565E-01   0.0000000E+00   0.0000000E+00   2.1108379E+03   0.0000000E+00   0.0000000E+00   1.3068967E-01
   6.2318841E-01   0.0000000E+00   0.0000000E+00   1.9560180E+03   0.0000000E+00   0.0000000E+00   1.3508459E-01
   6.3768116E-01   0.0000000E+00   0.0000000E+00   1.4121456E+03   0.0000000E+00   0.0000000E+00   1.7258503E-01
   6.5217391E-01   0.0000000E+00   0.0000000E+00   1.2123787E+03   0.0000000E+00   0.0000000E+00   1.4223153E-01
   6.6666667E-01   0.0000000E+00   0.0000000E+00   1.2683853E+03   0.0000000E+00   0.0000000E+00   1.1939261E-01
   6.8115942E-01   0.0000000E+00   0.0000000E+00   1.1285440E+03   0.0000000E+00   0.0000000E+00   1.4020395E-01
   6.9565217E-01   0.0000000E+00   0.0000000E+00   9.4717086E+02   0.0000000E+00   0.0000000E+00   1.6923467E-01
   7.1014493E-01   0.0000000E+00   0.0000000E+00   7.5773668E+02   0.0000000E+00   0.0000000E+00   2.1577345E-01
   7.2463768E-01   0.0000000E+00   0.0000000E+00   6.2134408E+02   0.0000000E+00   0.0000000E+00   2.2020042E-01
   7.3913043E-01   0.0000000E+00   0.0000000E+00   6.0916086E+02   0.0000000E+00   0.0000000E+00   2.3955158E-01
   7.5362319E-01   0.0000000E+00   0.0000000E+00   4.8087136E+02   0.0000000E+00   0.0000000E+00   2.6493586E-01
   7.6811594E-01   0.0000000E+00   0.0000000E+00   2.4304762E+02   0.0000000E+00   0.0000000E+00   2.5075289E-01
   7.8260870E-01   0.0000000E+00   0.0000000E+00   2.2451457E+02   0.0000000E+00   0.0000000E+00   2.7355131E-01
   7.9710145E-01   0.0000000E+00   0.0000000E+00   3.4442577E+02   0.0000000E+00   0.0000000E+00   2.7488749E-01
   8.1159420E-01   0.0000000E+00   0.0000000E+00   3.6533733E+02   0.0000000E+00   0.0000000E+00   2.8618363E-01
   8.2608696E-01   0.0000000E+00   0.0000000E+00   2.3928527E+02   0.0000000E+00   0.0000000E+00   3.3925168E-01
   8.4057971E-01   0.0000000E+00   0.0000000E+00   1.9596638E+02   0.0000000E+00   0.0000000E+00   3.0999109E-01
   8.5507246E-01   0.0000000E+00   0.0000000E+00   2.1833091E+02   0.0000000E+00   0.0000000E+00   3.1908426E-01
   8.6956522E-01   0.0000000E+00   0.0000000E+00   1.3891839E+02   0.0000000E+00   0.0000000E+00   3.8759570E-01
   8.8405797E-01   0.0000000E+00   0.0000000E+00   6.2109564E+01   0.0000000E+00   0.0000000E+00   3.8267815E-01
   8.9855072E-01   0.0000000E+00   0.0000000E+00   1.0999403E+02   0.0000000E+00   0.0000000E+00   3.4305582E-01
   9.1304348E-01   0.0000000E+00   0.0000000E+00   1.4433080E+02   0.0000000E+00   0.0000000E+00   3.5744813E-01
   9.2753623E-01   0.0000000E+00   0.0000000E+00   8.2877450E+01   0.0000000E+00   0.0000000E+00   4.0404217E-01
   9.4202899E-01   0.0000000E+00   0.0000000E+00   6.9944925E+01   0.0000000E+00   0.0000000E+00   4.0595317E-01
   9.5652174E-01   0.0000000E+00   0.0000000E+00   8.0366012E+01   0.0000000E+00   0.0000000E+00   4.1081775E-01
   9.7101449E-01   0.0000000E+00   0.0000000E+00   5.6547514E+01   0.0000000E+00   0.0000000E+00   4.1513283E-01
   9.8550725E-01   0.0000000E+00   0.0000000E+00   1.1143187E+01   0.0000000E+00   0.0000000E+00   4.2509889E-01
   1.0000000E+00   0.0000000E+00   0.0000000E+00   0.0000000E+00   0.0000000E+00   0.0000000E+00   0.0000000E+00
