   0.0000000E+00   6.6814190E+07   3.3394971E+07   1.0020916E+08   4.0974567E-04   7.2358804E-04   3.6444635E-04
   1.4492754E-02   6.8252374E+07   3.4273188E+07   1.0251874E+08   2.0681431E-04   3.7361054E-04   2.5550490E-04
   2.8985507E-02   7.1627712E+07   3.5812151E+07   1.0741827E+08   9.4617568E-05   6.3230711E-05   3.8457340E-05
   4.3478261E-02   7.6234372E+07   3.8228826E+07   1.1444148E+08   1.5264222E-04   5.7369866E-05   1.1563520E-04
   5.7971014E-02   7.8906720E+07   3.9699719E+07   1.1857689E+08   2.9774000E-05   8.7160843E-05   1.6496615E-05
   7.2463768E-02   7.8984805E+07   3.9583104E+07   1.1851850E+08   9.1198770E-05   8.1573712E-05   4.9813838E-05
   8.6956522E-02   7.6639761E+07   3.8496307E+07   1.1509452E+08   7.7435341E-06   5.9762662E-05   1.7794464E-05
   1.0144928E-01   7.2683077E+07   3.6526264E+07   1.0915857E+08   5.4425693E-05   1.1439834E-04   4.5477579E-05
   1.1594203E-01   6.8119865E+07   3.4187374E+07   1.0225420E+08   4.7688572E-05   6.1461841E-05   1.6037477E-05
   1.3043478E-01   6.4485160E+07   3.2363102E+07   9.6794294E+07   1.0820930E-04   2.6231455E-04   1.5191000E-04
   1.4492754E-01   6.2499031E+07   3.1286645E+07   9.3718161E+07   1.1317943E-04   6.8176016E-05   9.1603780E-05
   1.5942029E-01   5.3664290E+07   2.6869136E+07   8.0490441E+07   3.6506392E-05   1.5874886E-04   3.1615470E-05
   1.7391304E-01   1.6838425E+07   8.4151710E+06   2.5249112E+07   1.0729480E-03   1.1735193E-03   1.1056558E-03
   1.8840580E-01   4.3379842E+06   2.1723145E+06   6.5095993E+06   5.3850566E-03   5.8918389E-03   5.5519234E-03
   2.0289855E-01   2.6387639E+06   1.3226835E+06   3.9611226E+06   7.1123888E-03   8.0423789E-03   7.4242516E-03
   2.1739130E-01   2.1326246E+06   1.0693180E+06   3.2018416E+06   5.2943614E-03   5.2100955E-03   5.2497355E-03
   2.3188406E-01   1.9613067E+06   9.7118164E+05   2.9324410E+06   3.2434838E-03   3.6884952E-03   3.3555878E-03
   2.4637681E-01   1.9409202E+06   9.7124014E+05   2.9119821E+06   2.3778619E-03   2.5757366E-03   2.4392241E-03
   2.6086957E-01   1.9763878E+06   9.8505769E+05   2.9612771E+06   1.6986877E-03   1.6418833E-03   1.6723738E-03
   2.7536232E-01   2.0535063E+06   1.0315588E+06   3.0849056E+06   1.3731211E-03   4.6655782E-04   9.8803142E-04
   2.8985507E-01   2.0870720E+06   1.0526099E+06   3.1395304E+06   1.2383974E-03   5.4891150E-04   9.8956799E-04
   3.0434783E-01   1.8879912E+06   9.6384106E+05   2.8517601E+06   1.3886174E-03   1.1236204E-03   1.2834676E-03
   3.1884058E-01   1.1105320E+06   5.5686758E+05   1.6672962E+06   1.8149990E-03   1.5861570E-03   1.7322807E-03
   3.3333333E-01   1.0493006E+05   5.4359371E+04   1.5928943E+05   7.8662718E-03   8.3652845E-03   7.9995820E-03
   3.4782609E-01   2.0837759E+03   9.7874322E+02   3.0625191E+03   6.7314071E-02   4.3872407E-02   5.9493609E-02
   3.6231884E-01   1.6973302E+03   9.0928402E+02   2.6066142E+03   5.4711196E-02   7.5837817E-02   6.2059314E-02
   3.7681159E-01   1.3988985E+03   9.6174271E+02   2.3606412E+03   7.2219528E-02   7.0111341E-02   6.7830927E-02
   3.9130435E-01   1.6557950E+03   8.6999397E+02   2.5257889E+03   8.4036328E-02   8.2732067E-02   8.3436571E-02
   4.0579710E-01   1.5425354E+03   7.5773668E+02   2.3002721E+03   1.1526390E-01   1.0149559E-01   1.0889745E-01
   4.2028986E-01   1.4893445E+03   8.3612324E+02   2.3254678E+03   9.7982487E-02   1.0442370E-01   9.8782427E-02
   4.3478261E-01   1.5407313E+03   6.3144724E+02   2.1721785E+03   6.3549001E-02   9.1218428E-02   7.1592337E-02
   4.4927536E-01   1.1732697E+03   9.5328163E+02   2.1265513E+03   1.2657658E-01   1.1960751E-01   1.2117181E-01
   4.6376812E-01   1.1602843E+03   6.6301960E+02   1.8233039E+03   8.1875861E-02   1.3100862E-01   9.9686597E-02
   4.7826087E-01   1.6532437E+03   3.6738748E+02   2.0206312E+03   1.3246984E-01   1.3912008E-01   1.3358188E-01
   4.9275362E-01   1.6937644E+03   7.8002306E+02   2.4737874E+03   1.3219844E-01   1.5548272E-01   1.3720387E-01
   5.0724638E-01   1.6670207E+03   5.6289011E+02   2.2299108E+03   1.2736912E-01   1.5371245E-01   1.3401547E-01
   5.2173913E-01   1.4312804E+03   6.1039900E+02   2.0416794E+03   1.4442489E-01   1.3865497E-01   1.4269497E-01
   5.3623188E-01   1.2082828E+03   5.7342236E+02   1.7817052E+03   1.2959170E-01   1.2187458E-01   1.2545854E-01
   5.5072464E-01   1.3758903E+03   5.7827273E+02   1.9541630E+03   1.4226677E-01   1.4696334E-01   1.4362547E-01
   5.6521739E-01   1.2628945E+03   6.2173266E+02   1.8846271E+03   1.8953281E-01   1.9014148E-01   1.8968477E-01
   5.7971014E-01   1.1744919E+03   4.7358543E+02   1.6480773E+03   1.5914706E-01   1.5195852E-01   1.5673942E-01
   5.9420290E-01   9.4255051E+02   7.2077392E+02   1.6633244E+03   1.4630542E-01   1.6982994E-01   1.5648064E-01
   6.0869565E-01   1.2809358E+03   5.4124049E+02   1.8221763E+03   1.5162056E-01   1.5886871E-01   1.5370648E-01
   6.2318841E-01   1.2159031E+03   5.8151885E+02   1.7974219E+03   1.7977694E-01   1.2647282E-01   1.6250877E-01
   6.3768116E-01   1.1366050E+03   5.5108122E+02   1.6876863E+03   1.5533250E-01   1.6755925E-01   1.5931159E-01
   6.5217391E-01   1.0103156E+03   5.2199638E+02   1.5323120E+03   1.8696793E-01   1.4521932E-01   1.7246512E-01
   6.6666667E-01   1.0377698E+03   3.4592327E+02   1.3836931E+03   1.6446218E-01   1.7918043E-01   1.6769614E-01
   6.8115942E-01   7.8998080E+02   4.6753966E+02   1.2575205E+03   1.2982061E-01   1.6380207E-01   1.4217832E-01
   6.9565217E-01   7.8930905E+02   2.9993744E+02   1.0892465E+03   1.5987773E-01   1.7891067E-01   1.6487726E-01
   7.1014493E-01   6.6495260E+02   3.8660035E+02   1.0515529E+03   1.6663117E-01   1.3330346E-01   1.5430161E-01
   7.2463768E-01   6.6680828E+02   2.7278521E+02   9.3959349E+02   1.6190432E-01   8.2810421E-02   1.3893079E-01
   7.3913043E-01   5.3487295E+02   2.5257889E+02   7.8745185E+02   1.6120376E-01   1.0733905E-01   1.4363514E-01
   7.5362319E-01   4.8087136E+02   2.4772161E+02   7.2859297E+02   1.7515704E-01   2.3185804E-01   1.9442590E-01
   7.6811594E-01   5.8617366E+02   2.1445378E+02   8.0062744E+02   1.2654302E-01   1.1413898E-01   1.2321829E-01
   7.8260870E-01   3.6483618E+02   3.5080402E+02   7.1564020E+02   1.6002879E-01   1.0018090E-01   1.3061212E-01
   7.9710145E-01   3.7197983E+02   2.7554061E+02   6.4752044E+02   1.9542464E-01   1.6540200E-01   1.8260564E-01
   8.1159420E-01   5.5477150E+02   1.4884113E+02   7.0361264E+02   1.4909352E-01   9.8799538E-02   1.3843497E-01
   8.2608696E-01   3.4563428E+02   1.5952351E+02   5.0515779E+02   2.1152580E-01   9.5312994E-02   1.7480773E-01
   8.4057971E-01   3.0048179E+02   1.9596638E+02   4.9644817E+02   1.1102671E-01   1.3667859E-01   1.2058369E-01
   8.5507246E-01   3.7244684E+02   1.5411594E+02   5.2656278E+02   1.4223944E-01   1.6324230E-01   1.4806359E-01
   8.6956522E-01   2.9046573E+02   7.5773668E+01   3.6623940E+02   1.6481915E-01   1.1678915E-01   1.5445642E-01
   8.8405797E-01   2.7328208E+02   1.3664104E+02   4.0992312E+02   1.2882486E-01   1.9591003E-01   1.5118153E-01
   8.9855072E-01   1.3443715E+02   8.5550916E+01   2.1998807E+02   1.2406180E-01   1.0520513E-01   1.1607378E-01
   9.1304348E-01   2.8866159E+02   1.0824810E+02   3.9690969E+02   2.0587341E-01   1.8077296E-01   1.9889973E-01
   9.2753623E-01   2.0127381E+02   1.0655672E+02   3.0783053E+02   2.5642855E-01   1.8373444E-01   2.3063564E-01
   9.4202899E-01   9.3259900E+01   5.8287437E+01   1.5154734E+02   1.5363846E-01   3.2301841E-01   2.1842594E-01
   9.5652174E-01   1.1480859E+02   1.1480859E+02   2.2961718E+02   8.5219176E-02   1.6158286E-01   1.2224268E-01
   9.7101449E-01   1.8095204E+02   6.7857016E+01   2.4880906E+02   2.0511580E-01   1.4104570E-01   1.8685155E-01
   9.8550725E-01   7.8002306E+01   1.1143187E+01   8.9145492E+01   1.7039565E-01   1.5610362E-04   1.4911547E-01
   1.0000000E+00   0.0000000E+00   4.3768184E+01   4.3768184E+01   0.0000000E+00   2.1329004E-01   2.1329004E-01
