   0.0000000E+00   6.5686678E+07   3.2752410E+07   9.8439088E+07   2.9510342E-04   9.4415462E-04   5.0321143E-04
   1.4492754E-02   6.6186026E+07   3.3061567E+07   9.9243804E+07   2.4208402E-04   1.6595548E-04   2.1732376E-04
   2.8985507E-02   6.9340105E+07   3.4895290E+07   1.0422289E+08   3.4864018E-05   1.1814494E-04   4.3903823E-05
   4.3478261E-02   7.3898775E+07   3.7251851E+07   1.1113572E+08   1.9516952E-04   9.1568474E-05   1.5446201E-04
   5.7971014E-02   7.6768956E+07   3.8426532E+07   1.1517162E+08   9.2478537E-05   9.6608442E-05   9.1938928E-05
   7.2463768E-02   7.6787065E+07   3.8679578E+07   1.1542997E+08   8.4505936E-05   1.8587252E-04   7.2811922E-05
   8.6956522E-02   7.4637569E+07   3.7401378E+07   1.1200497E+08   5.1290681E-05   3.1750441E-05   3.0295178E-05
   1.0144928E-01   7.0646389E+07   3.5548567E+07   1.0616129E+08   8.3620666E-05   1.1700318E-04   8.8276769E-05
   1.1594203E-01   6.6486090E+07   3.3406148E+07   9.9854161E+07   1.1030554E-04   3.5364691E-05   7.2422813E-05
   1.3043478E-01   6.3049754E+07   3.1672636E+07   9.4680041E+07   1.2596318E-04   1.4163239E-04   1.2219461E-04
   1.4492754E-01   6.1522308E+07   3.0833973E+07   9.2305589E+07   4.0242730E-05   6.1364627E-05   3.3979762E-05
   1.5942029E-01   5.3020420E+07   2.6562666E+07   7.9549401E+07   1.1927649E-04   5.4357659E-05   9.3959045E-05
   1.7391304E-01   1.7099023E+07   8.5509953E+06   2.5646798E+07   1.1692502E-03   8.7059631E-04   1.0686659E-03
   1.8840580E-01   4.9901041E+06   2.4582144E+06   7.4479687E+06   2.8766033E-03   2.8107989E-03   2.8566347E-03
   2.0289855E-01   3.4394209E+06   1.6871007E+06   5.1261969E+06   3.5706112E-03   3.6980954E-03   3.6126940E-03
   2.1739130E-01   2.9561329E+06   1.4626339E+06   4.4186152E+06   4.0709472E-03   4.0703460E-03   4.0740604E-03
   2.3188406E-01   2.7225479E+06   1.3299700E+06   4.0522337E+06   3.3418004E-03   2.8945937E-03   3.1844721E-03
   2.4637681E-01   2.5973431E+06   1.2697884E+06   3.8669532E+06   3.6000215E-03   3.1671662E-03   3.4419082E-03
   2.6086957E-01   2.5518888E+06   1.2568747E+06   3.8086792E+06   2.3594640E-03   3.1289126E-03   2.5647140E-03
   2.7536232E-01   2.5328346E+06   1.2528977E+06   3.7854531E+06   1.9503655E-03   1.3395567E-03   1.7172714E-03
   2.8985507E-01   2.4899606E+06   1.2276471E+06   3.7174941E+06   2.3534162E-03   1.8577039E-03   2.1697969E-03
   3.0434783E-01   2.1836528E+06   1.0897336E+06   3.2730616E+06   1.5547390E-03   1.6785086E-03   1.5899315E-03
   3.1884058E-01   1.2369018E+06   6.1149350E+05   1.8483953E+06   2.8251442E-03   2.4029694E-03   2.6235253E-03
   3.3333333E-01   1.4149909E+05   6.7043224E+04   2.0854231E+05   2.5656533E-02   2.3731405E-02   2.4765991E-02
   3.4782609E-01   3.0246323E+04   1.4112846E+04   4.4359168E+04   1.1481904E-01   9.5588361E-02   1.0867908E-01
   3.6231884E-01   3.1370299E+04   1.5003186E+04   4.6373485E+04   1.4128342E-01   1.2027888E-01   1.3444651E-01
   3.7681159E-01   3.3107264E+04   1.5125590E+04   4.8232854E+04   1.5538500E-01   1.4975398E-01   1.5361764E-01
   3.9130435E-01   3.0870754E+04   1.4088289E+04   4.4959043E+04   1.6664219E-01   1.5924380E-01   1.6414714E-01
   4.0579710E-01   2.8793994E+04   1.3152144E+04   4.1946138E+04   1.8041086E-01   1.6265856E-01   1.7481008E-01
   4.2028986E-01   2.4482734E+04   1.1548952E+04   3.6031686E+04   1.8344556E-01   1.5702232E-01   1.7496635E-01
   4.3478261E-01   1.9877959E+04   9.2949033E+03   2.9172862E+04   1.9627920E-01   1.8040805E-01   1.9122160E-01
   4.4927536E-01   1.7330171E+04   7.9684567E+03   2.5298628E+04   2.0146812E-01   1.9625698E-01   1.9982672E-01
   4.6376812E-01   1.6764924E+04   6.5591582E+03   2.3324082E+04   1.9096831E-01   1.6682201E-01   1.8417788E-01
   4.7826087E-01   1.2284519E+04   5.2811951E+03   1.7565714E+04   1.9455578E-01   1.7184354E-01   1.8771314E-01
   4.9275362E-01   1.0563741E+04   4.7915702E+03   1.5355311E+04   1.9880135E-01   1.9467338E-01   1.9750694E-01
   5.0724638E-01   9.4175845E+03   3.9618804E+03   1.3379465E+04   2.0887947E-01   1.6608621E-01   1.9615663E-01
   5.2173913E-01   7.9351869E+03   3.2835256E+03   1.1218713E+04   1.8401890E-01   1.8289487E-01   1.8367983E-01
   5.3623188E-01   7.2292176E+03   2.6418387E+03   9.8710563E+03   2.0615007E-01   1.8181725E-01   1.9958270E-01
   5.5072464E-01   5.7229060E+03   2.3928527E+03   8.1157587E+03   1.8826440E-01   1.8819898E-01   1.8805527E-01
   5.6521739E-01   5.2458694E+03   2.1760643E+03   7.4219337E+03   1.9852236E-01   1.9280342E-01   1.9682054E-01
   5.7971014E-01   4.6790240E+03   1.7427944E+03   6.4218184E+03   2.1255191E-01   1.9556333E-01   2.0794136E-01
   5.9420290E-01   4.0289414E+03   1.6633244E+03   5.6922658E+03   2.0990407E-01   1.9162147E-01   2.0455187E-01
   6.0869565E-01   3.4639391E+03   1.6598042E+03   5.1237433E+03   2.3156948E-01   1.8942356E-01   2.1791171E-01
   6.2318841E-01   2.9428378E+03   1.3744991E+03   4.3173369E+03   2.1441289E-01   1.6076321E-01   1.9712790E-01
   6.3768116E-01   2.8759551E+03   1.1366050E+03   4.0125602E+03   2.1556067E-01   1.8578514E-01   2.0704152E-01
   6.5217391E-01   2.3910802E+03   9.7663839E+02   3.3677186E+03   2.3748226E-01   1.9377205E-01   2.2466607E-01
   6.6666667E-01   2.4708805E+03   1.1201325E+03   3.5910130E+03   2.0062634E-01   1.9630059E-01   1.9923420E-01
   6.8115942E-01   1.9024027E+03   9.8344548E+02   2.8858482E+03   2.3086667E-01   2.4344948E-01   2.3511623E-01
   6.9565217E-01   2.0679897E+03   8.2088141E+02   2.8888711E+03   2.1824144E-01   1.6916944E-01   2.0428554E-01
   7.1014493E-01   1.3299052E+03   8.6598478E+02   2.1958900E+03   2.0155045E-01   2.4267687E-01   2.1775665E-01
   7.2463768E-01   1.5457828E+03   5.1526095E+02   2.0610438E+03   2.1964648E-01   1.9347915E-01   2.1298986E-01
   7.3913043E-01   1.2183217E+03   5.7944570E+02   1.7977674E+03   2.0321675E-01   1.7643778E-01   1.9441237E-01
   7.5362319E-01   1.1657487E+03   5.3915879E+02   1.7049075E+03   2.5303517E-01   2.0082149E-01   2.3644558E-01
   7.6811594E-01   9.0070587E+02   4.4320448E+02   1.3439103E+03   2.2102618E-01   2.3968040E-01   2.2705173E-01
   7.8260870E-01   7.0160804E+02   4.3499699E+02   1.1366050E+03   2.4082042E-01   2.6477799E-01   2.4967359E-01
   7.9710145E-01   1.0195003E+03   4.5464201E+02   1.4741423E+03   2.1985597E-01   1.8064996E-01   2.0772489E-01
   8.1159420E-01   7.7126770E+02   2.0296518E+02   9.7423288E+02   2.2256728E-01   2.4376200E-01   2.2661949E-01
   8.2608696E-01   5.9821317E+02   2.5257889E+02   8.5079207E+02   2.3154172E-01   2.0095611E-01   2.2245513E-01
   8.4057971E-01   6.9241456E+02   3.2661064E+02   1.0190252E+03   2.2842107E-01   2.7564303E-01   2.4329905E-01
   8.5507246E-01   6.1646374E+02   2.4401690E+02   8.6048064E+02   2.6537236E-01   1.9217484E-01   2.4454537E-01
   8.6956522E-01   5.5567357E+02   1.3891839E+02   6.9459196E+02   2.3195421E-01   2.0645799E-01   2.2608860E-01
   8.8405797E-01   4.2234504E+02   1.7390678E+02   5.9625182E+02   1.9996308E-01   2.2596038E-01   2.0736490E-01
   8.9855072E-01   3.2998210E+02   1.7110183E+02   5.0108394E+02   2.7500452E-01   2.4471910E-01   2.6441167E-01
   9.1304348E-01   2.5257889E+02   1.8041350E+02   4.3299239E+02   1.8679829E-01   2.3445378E-01   2.0645180E-01
   9.2753623E-01   3.1967016E+02   2.1311344E+02   5.3278361E+02   2.0010357E-01   2.9365006E-01   2.3751179E-01
   9.4202899E-01   3.3806714E+02   1.2823236E+02   4.6629950E+02   2.3505325E-01   1.9598113E-01   2.2429704E-01
   9.5652174E-01   2.8702147E+02   1.3777031E+02   4.2479178E+02   2.4815967E-01   1.0599705E-01   2.0169999E-01
   9.7101449E-01   1.3571403E+02   2.2619005E+01   1.5833304E+02   1.3465370E-01   2.0545873E-05   1.1542038E-01
   9.8550725E-01   1.3371824E+02   4.4572746E+01   1.7829098E+02   2.4037216E-01   2.0486860E-01   2.3149298E-01
   1.0000000E+00   6.5652276E+01   2.1884092E+01   8.7536368E+01   7.4655016E-06   1.5891024E-06   5.9961520E-06
