   0.0000000E+00   0.0000000E+00   0.0000000E+00   5.9328242E+10   0.0000000E+00   0.0000000E+00   1.7983856E-06
   1.4492754E-02   0.0000000E+00   0.0000000E+00   9.3860843E+06   0.0000000E+00   0.0000000E+00   9.5905202E-04
   2.8985507E-02   0.0000000E+00   0.0000000E+00   7.5758514E+06   0.0000000E+00   0.0000000E+00   3.3904267E-03
   4.3478261E-02   0.0000000E+00   0.0000000E+00   6.6963717E+06   0.0000000E+00   0.0000000E+00   9.3352332E-03
   5.7971014E-02   0.0000000E+00   0.0000000E+00   5.9649032E+06   0.0000000E+00   0.0000000E+00   1.3103612E-02
   7.2463768E-02   0.0000000E+00   0.0000000E+00   5.2379306E+06   0.0000000E+00   0.0000000E+00   1.7095626E-02
   8.6956522E-02   0.0000000E+00   0.0000000E+00   4.5241932E+06   0.0000000E+00   0.0000000E+00   2.1885514E-02
   1.0144928E-01   0.0000000E+00   0.0000000E+00   3.8716015E+06   0.0000000E+00   0.0000000E+00   2.5334890E-02
   1.1594203E-01   0.0000000E+00   0.0000000E+00   3.2620564E+06   0.0000000E+00   0.0000000E+00   3.0147408E-02
   1.3043478E-01   0.0000000E+00   0.0000000E+00   2.6939223E+06   0.0000000E+00   0.0000000E+00   3.6398867E-02
   1.4492754E-01   0.0000000E+00   0.0000000E+00   2.1878131E+06   0.0000000E+00   0.0000000E+00   4.3386402E-02
   1.5942029E-01   0.0000000E+00   0.0000000E+00   1.6832776E+06   0.0000000E+00   0.0000000E+00   5.2324904E-02
   1.7391304E-01   0.0000000E+00   0.0000000E+00   1.1980448E+06   0.0000000E+00   0.0000000E+00   5.9373093E-02
   1.8840580E-01   0.0000000E+00   0.0000000E+00   8.0803874E+05   0.0000000E+00   0.0000000E+00   6.7121710E-02
   2.0289855E-01   0.0000000E+00   0.0000000E+00   5.4129461E+05   0.0000000E+00   0.0000000E+00   7.4425664E-02
   2.1739130E-01   0.0000000E+00   0.0000000E+00   3.6861364E+05   0.0000000E+00   0.0000000E+00   7.8431103E-02
   2.3188406E-01   0.0000000E+00   0.0000000E+00   2.5441009E+05   0.0000000E+00   0.0000000E+00   8.3554829E-02
   2.4637681E-01   0.0000000E+00   0.0000000E+00   1.7695380E+05   0.0000000E+00   0.0000000E+00   8.2321198E-02
   2.6086957E-01   0.0000000E+00   0.0000000E+00   1.2536332E+05   0.0000000E+00   0.0000000E+00   8.4824709E-02
   2.7536232E-01   0.0000000E+00   0.0000000E+00   8.8296264E+04   0.0000000E+00   0.0000000E+00   9.5363995E-02
   2.8985507E-01   0.0000000E+00   0.0000000E+00   5.5428438E+04   0.0000000E+00   0.0000000E+00   9.9630134E-02
   3.0434783E-01   0.0000000E+00   0.0000000E+00   3.0598129E+04   0.0000000E+00   0.0000000E+00   9.0647288E-02
   3.1884058E-01   0.0000000E+00   0.0000000E+00   1.2158230E+04   0.0000000E+00   0.0000000E+00   6.7224750E-02
   3.3333333E-01   0.0000000E+00   0.0000000E+00   1.7131438E+03   0.0000000E+00   0.0000000E+00   3.7675494E-02
   3.4782609E-01   0.0000000E+00   0.0000000E+00   1.5786181E+02   0.0000000E+00   0.0000000E+00   1.1910310E-02
   3.6231884E-01   0.0000000E+00   0.0000000E+00   9.0928402E+01   0.0000000E+00   0.0000000E+00   1.6984160E-02
   3.7681159E-01   0.0000000E+00   0.0000000E+00   2.9143719E+01   0.0000000E+00   0.0000000E+00   5.0947499E-02
   3.9130435E-01   0.0000000E+00   0.0000000E+00   5.6128643E+01   0.0000000E+00   0.0000000E+00   5.4252524E-02
   4.0579710E-01   0.0000000E+00   0.0000000E+00   1.0824810E+02   0.0000000E+00   0.0000000E+00   4.2944924E-02
   4.2028986E-01   0.0000000E+00   0.0000000E+00   7.8386554E+01   0.0000000E+00   0.0000000E+00   1.3554198E-01
   4.3478261E-01   0.0000000E+00   0.0000000E+00   1.2628945E+02   0.0000000E+00   0.0000000E+00   1.9541973E-01
   4.4927536E-01   0.0000000E+00   0.0000000E+00   1.7110183E+02   0.0000000E+00   0.0000000E+00   1.3037995E-01
   4.6376812E-01   0.0000000E+00   0.0000000E+00   1.8943417E+02   0.0000000E+00   0.0000000E+00   1.2288207E-01
   4.7826087E-01   0.0000000E+00   0.0000000E+00   2.0665546E+02   0.0000000E+00   0.0000000E+00   1.4059061E-01
   4.9275362E-01   0.0000000E+00   0.0000000E+00   1.1143187E+02   0.0000000E+00   0.0000000E+00   1.1700400E-01
   5.0724638E-01   0.0000000E+00   0.0000000E+00   8.6598478E+01   0.0000000E+00   0.0000000E+00   2.5291840E-02
   5.2173913E-01   0.0000000E+00   0.0000000E+00   8.4192965E+01   0.0000000E+00   0.0000000E+00   2.5295333E-02
   5.3623188E-01   0.0000000E+00   0.0000000E+00   6.1438110E+01   0.0000000E+00   0.0000000E+00   4.4660942E-02
   5.5072464E-01   0.0000000E+00   0.0000000E+00   9.9702195E+01   0.0000000E+00   0.0000000E+00   6.2078960E-02
   5.6521739E-01   0.0000000E+00   0.0000000E+00   7.7716583E+01   0.0000000E+00   0.0000000E+00   7.9400492E-02
   5.7971014E-01   0.0000000E+00   0.0000000E+00   7.5773668E+01   0.0000000E+00   0.0000000E+00   1.5622416E-01
   5.9420290E-01   0.0000000E+00   0.0000000E+00   7.3925530E+01   0.0000000E+00   0.0000000E+00   1.2974092E-01
   6.0869565E-01   0.0000000E+00   0.0000000E+00   3.6082699E+01   0.0000000E+00   0.0000000E+00   3.9704961E-06
   6.2318841E-01   0.0000000E+00   0.0000000E+00   1.0573070E+02   0.0000000E+00   0.0000000E+00   1.3138580E-01
   6.3768116E-01   0.0000000E+00   0.0000000E+00   1.5499159E+02   0.0000000E+00   0.0000000E+00   2.3714633E-01
   6.5217391E-01   0.0000000E+00   0.0000000E+00   6.7354372E+01   0.0000000E+00   0.0000000E+00   3.3932439E-01
   6.6666667E-01   0.0000000E+00   0.0000000E+00   3.2945073E+01   0.0000000E+00   0.0000000E+00   1.2220777E-01
   6.8115942E-01   0.0000000E+00   0.0000000E+00   6.4488228E+01   0.0000000E+00   0.0000000E+00   1.2375756E-01
   6.9565217E-01   0.0000000E+00   0.0000000E+00   6.3144724E+01   0.0000000E+00   0.0000000E+00   1.2983964E-01
   7.1014493E-01   0.0000000E+00   0.0000000E+00   7.7320070E+01   0.0000000E+00   0.0000000E+00   1.1489290E-01
   7.2463768E-01   0.0000000E+00   0.0000000E+00   9.0928402E+01   0.0000000E+00   0.0000000E+00   2.3231042E-01
   7.3913043E-01   0.0000000E+00   0.0000000E+00   8.9145492E+01   0.0000000E+00   0.0000000E+00   2.5602928E-01
   7.5362319E-01   0.0000000E+00   0.0000000E+00   1.1657487E+02   0.0000000E+00   0.0000000E+00   2.7889022E-01
   7.6811594E-01   0.0000000E+00   0.0000000E+00   1.0007843E+02   0.0000000E+00   0.0000000E+00   3.0947816E-01
   7.8260870E-01   0.0000000E+00   0.0000000E+00   5.6128643E+01   0.0000000E+00   0.0000000E+00   1.9656160E-01
   7.9710145E-01   0.0000000E+00   0.0000000E+00   6.8885153E+01   0.0000000E+00   0.0000000E+00   2.9681571E-01
   8.1159420E-01   0.0000000E+00   0.0000000E+00   5.4124049E+01   0.0000000E+00   0.0000000E+00   3.7017177E-01
   8.2608696E-01   0.0000000E+00   0.0000000E+00   3.9880878E+01   0.0000000E+00   0.0000000E+00   3.6049833E-01
   8.4057971E-01   0.0000000E+00   0.0000000E+00   3.9193277E+01   0.0000000E+00   0.0000000E+00   3.7697941E-01
   8.5507246E-01   0.0000000E+00   0.0000000E+00   2.5685989E+01   0.0000000E+00   0.0000000E+00   3.6001698E-01
   8.6956522E-01   0.0000000E+00   0.0000000E+00   2.5257889E+01   0.0000000E+00   0.0000000E+00   3.6506130E-01
   8.8405797E-01   0.0000000E+00   0.0000000E+00   3.7265739E+01   0.0000000E+00   0.0000000E+00   3.6795691E-01
   8.9855072E-01   0.0000000E+00   0.0000000E+00   3.6664678E+01   0.0000000E+00   0.0000000E+00   3.2011778E-01
   9.1304348E-01   0.0000000E+00   0.0000000E+00   2.4055133E+01   0.0000000E+00   0.0000000E+00   3.4868528E-01
   9.2753623E-01   0.0000000E+00   0.0000000E+00   2.3679271E+01   0.0000000E+00   0.0000000E+00   4.2095942E-01
   9.4202899E-01   0.0000000E+00   0.0000000E+00   2.3314975E+01   0.0000000E+00   0.0000000E+00   2.1724378E-01
   9.5652174E-01   0.0000000E+00   0.0000000E+00   2.2961718E+01   0.0000000E+00   0.0000000E+00   2.1056582E-01
   9.7101449E-01   0.0000000E+00   0.0000000E+00   1.1309503E+01   0.0000000E+00   0.0000000E+00   4.2115313E-01
   9.8550725E-01   0.0000000E+00   0.0000000E+00   0.0000000E+00   0.0000000E+00   0.0000000E+00   0.0000000E+00
   1.0000000E+00   0.0000000E+00   0.0000000E+00   0.0000000E+00   0.0000000E+00   0.0000000E+00   0.0000000E+00
