   0.0000000E+00   6.5310840E+07   3.3710190E+07   9.9021030E+07   2.7608453E-03   4.5452253E-04   1.7795876E-03
   1.4492754E-02   6.5657126E+07   3.3778386E+07   9.9433239E+07   6.6142332E-04   1.6301556E-04   4.8296021E-04
   2.8985507E-02   6.7606782E+07   3.4720631E+07   1.0231794E+08   2.8861768E-04   5.3831936E-05   2.0145431E-04
   4.3478261E-02   7.0274268E+07   3.6338526E+07   1.0660092E+08   5.0351759E-04   3.5611972E-05   3.4522321E-04
   5.7971014E-02   7.1933838E+07   3.7247683E+07   1.0916466E+08   5.7757131E-04   1.3146592E-04   4.1318284E-04
   7.2463768E-02   7.1823436E+07   3.7052263E+07   1.0885145E+08   6.9208474E-04   2.2886009E-05   4.5467958E-04
   8.6956522E-02   7.0006408E+07   3.6087083E+07   1.0606482E+08   3.5977414E-04   1.4065169E-04   2.5247401E-04
   1.0144928E-01   6.7013366E+07   3.4502782E+07   1.0148865E+08   2.5841699E-04   6.8898441E-05   1.5551619E-04
   1.1594203E-01   6.3381359E+07   3.2482467E+07   9.5833895E+07   2.7802835E-04   5.3339332E-05   1.8494495E-04
   1.3043478E-01   6.0129437E+07   3.0728580E+07   9.0825687E+07   3.3688402E-04   1.4930922E-04   1.7328627E-04
   1.4492754E-01   5.6775391E+07   2.9112016E+07   8.5852248E+07   1.0892147E-03   9.1431077E-05   6.9030990E-04
   1.5942029E-01   4.7511468E+07   2.4267757E+07   7.1755666E+07   1.2905684E-03   1.4126712E-04   8.0854315E-04
   1.7391304E-01   2.1082066E+07   1.0254766E+07   3.1332222E+07   5.4292441E-03   9.1638979E-04   3.9517972E-03
   1.8840580E-01   9.4353372E+06   4.2447826E+06   1.3677963E+07   1.4158471E-02   2.8119043E-03   1.0642369E-02
   2.0289855E-01   6.2904593E+06   2.7060942E+06   8.9960664E+06   1.1998767E-02   3.3811682E-03   9.4080068E-03
   2.1739130E-01   5.0567810E+06   2.1383329E+06   7.1949119E+06   6.3185796E-03   3.6878232E-03   5.5319201E-03
   2.3188406E-01   4.3720459E+06   1.8475988E+06   6.2191238E+06   4.9274831E-03   3.2796699E-03   4.4229829E-03
   2.4637681E-01   3.9134425E+06   1.6397422E+06   5.5530064E+06   2.8731671E-03   2.6822959E-03   2.8103263E-03
   2.6086957E-01   3.5519328E+06   1.5161469E+06   5.0679113E+06   2.2482244E-03   2.2299946E-03   2.2172840E-03
   2.7536232E-01   3.2327839E+06   1.4057212E+06   4.6383455E+06   7.8599928E-04   1.8934412E-03   1.0910592E-03
   2.8985507E-01   2.8388605E+06   1.2750814E+06   4.1138661E+06   7.4007757E-04   1.2708273E-03   8.6976001E-04
   3.0434783E-01   2.2541584E+06   1.0496457E+06   3.3035515E+06   2.5638084E-03   9.4617293E-04   2.0384128E-03
   3.1884058E-01   1.2304266E+06   5.8462829E+05   1.8149860E+06   9.3447401E-03   1.5172872E-04   6.3562869E-03
   3.3333333E-01   1.8910472E+05   8.5228904E+04   2.7433362E+05   3.7412420E-02   1.9062610E-03   2.6109915E-02
   3.4782609E-01   2.8509843E+04   6.9774920E+03   3.5487335E+04   9.4945958E-02   2.3301200E-03   7.5854455E-02
   3.6231884E-01   2.8763685E+04   6.0922029E+03   3.4855887E+04   1.1599305E-01   2.2506761E-03   9.6053064E-02
   3.7681159E-01   2.7832251E+04   5.8870312E+03   3.3719282E+04   1.2320847E-01   6.7962938E-04   1.0174707E-01
   3.9130435E-01   2.7194328E+04   6.7635015E+03   3.3957829E+04   1.2955507E-01   1.6843947E-03   1.0391551E-01
   4.0579710E-01   2.8333940E+04   6.1160175E+03   3.4449957E+04   1.4758404E-01   1.7477002E-03   1.2166648E-01
   4.2028986E-01   2.5945949E+04   5.8528627E+03   3.1798812E+04   1.6812761E-01   1.6409828E-03   1.3758882E-01
   4.3478261E-01   2.5535726E+04   5.2536410E+03   3.0789367E+04   1.6223986E-01   1.8206870E-05   1.3455766E-01
   4.4927536E-01   2.5347514E+04   4.9619531E+03   3.0309467E+04   1.8373776E-01   4.1079374E-03   1.5429857E-01
   4.6376812E-01   2.4223895E+04   4.8542506E+03   2.9078145E+04   1.8002029E-01   3.7103068E-06   1.4996864E-01
   4.7826087E-01   2.2135096E+04   4.5923435E+03   2.6727439E+04   1.9574790E-01   4.3655477E-06   1.6211499E-01
   4.9275362E-01   2.0860045E+04   3.6772516E+03   2.4537297E+04   2.0332447E-01   3.5280681E-03   1.7323298E-01
   5.0724638E-01   2.0047548E+04   3.6371361E+03   2.3684684E+04   2.0709819E-01   5.4204209E-06   1.7529435E-01
   5.2173913E-01   1.6901738E+04   3.5571528E+03   2.0458890E+04   2.0715221E-01   2.0836695E-03   1.7139561E-01
   5.3623188E-01   1.5564321E+04   2.9285499E+03   1.8492871E+04   2.0407972E-01   3.6858654E-05   1.7176726E-01
   5.5072464E-01   1.3699082E+04   2.4127931E+03   1.6111875E+04   2.0854706E-01   3.2866782E-03   1.7780203E-01
   5.6521739E-01   1.2609516E+04   2.4869307E+03   1.5096446E+04   2.0619862E-01   3.2235078E-05   1.7222511E-01
   5.7971014E-01   1.1062956E+04   1.9322285E+03   1.2995184E+04   1.8949360E-01   2.5760725E-06   1.6131849E-01
   5.9420290E-01   9.0743588E+03   1.3676223E+03   1.0441981E+04   2.0048678E-01   3.0034982E-06   1.7422844E-01
   6.0869565E-01   7.7577803E+03   1.3170185E+03   9.0747989E+03   1.8519858E-01   9.3887112E-06   1.5832221E-01
   6.2318841E-01   7.5421233E+03   1.1630377E+03   8.7051610E+03   1.7111289E-01   5.5556076E-06   1.4825091E-01
   6.3768116E-01   6.7335237E+03   1.0504986E+03   7.7840223E+03   1.8797829E-01   3.1996504E-05   1.6260522E-01
   6.5217391E-01   5.6746058E+03   6.7354372E+02   6.3481496E+03   1.6908070E-01   4.4261786E-06   1.5114068E-01
   6.6666667E-01   6.0783660E+03   5.2712117E+02   6.6054872E+03   1.6066455E-01   3.0041767E-05   1.4784113E-01
   6.8115942E-01   5.0623259E+03   6.6100434E+02   5.7233303E+03   1.6413825E-01   4.9304505E-06   1.4518116E-01
   6.9565217E-01   3.8676143E+03   6.9459196E+02   4.5622063E+03   1.5692925E-01   8.9243840E-05   1.3304995E-01
   7.1014493E-01   3.6649713E+03   4.7938443E+02   4.1443557E+03   1.4468205E-01   1.2514156E-02   1.2935548E-01
   7.2463768E-01   3.8493024E+03   4.0917781E+02   4.2584802E+03   1.3155634E-01   1.9163151E-05   1.1891398E-01
   7.3913043E-01   3.3280984E+03   5.0515779E+02   3.8332562E+03   1.6954242E-01   1.9213115E-05   1.4719709E-01
   7.5362319E-01   3.3223839E+03   2.4772161E+02   3.5701055E+03   1.3305327E-01   9.4880422E-06   1.2382035E-01
   7.6811594E-01   2.4876638E+03   2.0015686E+02   2.6878207E+03   1.5491264E-01   1.0231789E-05   1.4337735E-01
   7.8260870E-01   2.3574030E+03   2.3854673E+02   2.5959498E+03   1.2214682E-01   4.1659467E-06   1.1092287E-01
   7.9710145E-01   2.2181019E+03   2.4798655E+02   2.4660885E+03   1.1477415E-01   4.0165214E-06   1.0323302E-01
   8.1159420E-01   2.3949892E+03   2.0296518E+02   2.5979543E+03   9.9865308E-02   2.1967701E-06   9.2063498E-02
   8.2608696E-01   2.0073375E+03   1.5952351E+02   2.1668610E+03   1.1524023E-01   3.0474544E-05   1.0675853E-01
   8.4057971E-01   1.8159552E+03   1.3064426E+02   1.9465994E+03   9.4981723E-02   1.3430372E-06   8.8607156E-02
   8.5507246E-01   2.1062511E+03   3.8528984E+01   2.1447801E+03   1.1453066E-01   3.7862114E-06   1.1247328E-01
   8.6956522E-01   1.5533602E+03   7.5773668E+01   1.6291339E+03   9.4046956E-02   2.8952215E-05   8.9671350E-02
   8.8405797E-01   1.8260212E+03   8.6953390E+01   1.9129746E+03   5.5868855E-02   5.8405996E-06   5.3329610E-02
   8.9855072E-01   1.6987968E+03   4.8886238E+01   1.7476830E+03   5.4071318E-02   2.4468272E-06   5.2558766E-02
   9.1304348E-01   1.5756112E+03   8.4192965E+01   1.6598042E+03   5.7862432E-02   9.7304165E-05   5.4932305E-02
   9.2753623E-01   1.0655672E+03   9.4717086E+01   1.1602843E+03   6.1916893E-02   8.1833940E-06   5.6861790E-02
   9.4202899E-01   1.2123787E+03   8.1602412E+01   1.2939811E+03   5.0465929E-02   3.2778826E-06   4.7283600E-02
   9.5652174E-01   8.9550699E+02   1.1480859E+01   9.0698785E+02   5.7802242E-02   9.3831257E-06   5.7070680E-02
   9.7101449E-01   7.9166519E+02   0.0000000E+00   7.9166519E+02   4.5993578E-02   0.0000000E+00   4.5993578E-02
   9.8550725E-01   4.7915702E+02   2.2286373E+01   5.0144339E+02   4.7120143E-02   3.2470480E-05   4.5024475E-02
   1.0000000E+00   1.5318864E+02   0.0000000E+00   1.5318864E+02   1.8052355E-01   0.0000000E+00   1.8052355E-01
