   0.0000000E+00   3.2444527E+10   1.6450809E+10   4.8532047E+10   1.6024702E-07   7.1708608E-07   1.7334383E-07
   1.4492754E-02   2.4888619E+07   1.2199561E+07   3.7086664E+07   4.8509237E-04   4.5895353E-04   3.5849027E-04
   2.8985507E-02   2.7568355E+07   1.3698364E+07   4.1261793E+07   3.3242642E-05   2.5873429E-04   6.6077377E-05
   4.3478261E-02   2.3698467E+07   1.1692130E+07   3.5387313E+07   2.2380151E-04   1.3568041E-04   1.9793741E-04
   5.7971014E-02   1.7636890E+07   8.7626564E+06   2.6398220E+07   1.9108357E-04   1.3004513E-04   1.6904936E-04
   7.2463768E-02   1.4311524E+07   6.9928488E+06   2.1301191E+07   2.4702498E-04   8.6341519E-05   1.8734381E-04
   8.6956522E-02   1.2390384E+07   6.0352464E+06   1.8422221E+07   1.8955453E-04   1.8608026E-04   1.6379463E-04
   1.0144928E-01   1.0883047E+07   5.3057805E+06   1.6187096E+07   2.6643829E-04   5.0995040E-04   3.2949543E-04
   1.1594203E-01   9.5268339E+06   4.6149953E+06   1.4140124E+07   3.1011458E-04   5.4099275E-04   3.7079393E-04
   1.3043478E-01   7.9945430E+06   3.8463556E+06   1.1839299E+07   1.6325739E-04   2.8620749E-04   1.7141550E-04
   1.4492754E-01   6.4259102E+06   3.1130854E+06   9.5378590E+06   3.4288774E-04   3.3039488E-04   3.3277235E-04
   1.5942029E-01   4.8430396E+06   2.3339668E+06   7.1761797E+06   3.9852232E-04   9.6730461E-04   5.9015576E-04
   1.7391304E-01   3.3854412E+06   1.6358272E+06   5.0210790E+06   1.2693633E-03   1.6699444E-03   1.3504442E-03
   1.8840580E-01   2.6440347E+06   1.2559194E+06   3.8996627E+06   1.7623520E-03   1.1568829E-03   1.5637308E-03
   2.0289855E-01   2.1868281E+06   1.0347436E+06   3.2214634E+06   2.0940540E-03   2.7813779E-03   2.3119769E-03
   2.1739130E-01   1.8352382E+06   8.7801475E+05   2.7129499E+06   2.6631959E-03   2.0739673E-03   2.4070149E-03
   2.3188406E-01   1.5499030E+06   7.3064760E+05   2.2805033E+06   1.8922829E-03   2.4923312E-03   2.0019401E-03
   2.4637681E-01   1.3127565E+06   6.1599535E+05   1.9287073E+06   1.4851750E-03   3.1910508E-03   2.0224460E-03
   2.6086957E-01   1.1064218E+06   5.1660803E+05   1.6229036E+06   2.9991488E-03   2.5874559E-03   2.8472254E-03
   2.7536232E-01   9.0134773E+05   4.2401350E+05   1.3253612E+06   4.4013195E-03   8.9029726E-04   3.2780629E-03
   2.8985507E-01   7.3345122E+05   3.4105728E+05   1.0745085E+06   5.9188945E-03   5.4270805E-03   5.7255329E-03
   3.0434783E-01   5.6256536E+05   2.5885728E+05   8.2138657E+05   5.8227724E-03   6.3211021E-03   5.7213561E-03
   3.1884058E-01   3.4962659E+05   1.6391222E+05   5.1353882E+05   7.3879967E-03   5.5963038E-03   6.7467359E-03
   3.3333333E-01   8.3976992E+04   3.9599978E+04   1.2357697E+05   4.5247014E-02   4.2184973E-02   4.4265788E-02
   3.4782609E-01   1.7049075E+04   7.1669261E+03   2.4216002E+04   2.4652424E-01   2.3788720E-01   2.4396612E-01
   3.6231884E-01   1.5427519E+04   6.3649881E+03   2.1792507E+04   2.8236834E-01   2.6971221E-01   2.7866923E-01
   3.7681159E-01   1.1657487E+04   4.4589889E+03   1.6116476E+04   2.7683404E-01   2.8567716E-01   2.7928066E-01
   3.9130435E-01   9.6821910E+03   4.2938412E+03   1.3976032E+04   2.9525641E-01   2.7179425E-01   2.8804810E-01
   4.0579710E-01   7.3879327E+03   3.4368771E+03   1.0824810E+04   2.7914369E-01   3.0676951E-01   2.8791489E-01
   4.2028986E-01   5.7483473E+03   2.5606274E+03   8.3089747E+03   2.9741850E-01   2.8498393E-01   2.9358548E-01
   4.3478261E-01   4.0665202E+03   2.1216627E+03   6.1881829E+03   2.7365430E-01   3.1683627E-01   2.8845954E-01
   4.4927536E-01   4.0086715E+03   1.7599046E+03   5.7685760E+03   3.0273061E-01   3.1003747E-01   3.0495982E-01
   4.6376812E-01   3.3624565E+03   1.2786807E+03   4.6411372E+03   2.9546123E-01   2.7152613E-01   2.8886647E-01
   4.7826087E-01   2.8702147E+03   1.3088179E+03   4.1790326E+03   2.8403725E-01   2.9308356E-01   2.8687044E-01
   4.9275362E-01   2.5852193E+03   1.3148960E+03   3.9001153E+03   2.6175206E-01   3.0148957E-01   2.7514928E-01
   5.0724638E-01   2.5113559E+03   1.0824810E+03   3.5938368E+03   2.1572095E-01   2.7032387E-01   2.3216761E-01
   5.2173913E-01   1.8101487E+03   1.0734603E+03   2.8836090E+03   2.1990431E-01   2.2169980E-01   2.2057271E-01
   5.3623188E-01   1.9045814E+03   1.0854066E+03   2.9899880E+03   1.9858835E-01   2.1233103E-01   2.0357713E-01
   5.5072464E-01   1.8345204E+03   7.1785581E+02   2.5523762E+03   2.2227928E-01   1.8703615E-01   2.1236715E-01
   5.6521739E-01   1.1851779E+03   7.1887839E+02   1.9040563E+03   2.4537898E-01   2.0955633E-01   2.3185410E-01
   5.7971014E-01   1.4396997E+03   4.5464201E+02   1.8943417E+03   2.4233644E-01   1.7332181E-01   2.2577293E-01
   5.9420290E-01   1.2752154E+03   4.6203456E+02   1.7372500E+03   2.1781598E-01   2.0737240E-01   2.1503843E-01
   6.0869565E-01   9.5619153E+02   5.0515779E+02   1.4613493E+03   1.8017753E-01   2.4818551E-01   2.0368646E-01
   6.2318841E-01   7.2249312E+02   5.2865350E+02   1.2511466E+03   1.9832758E-01   1.9281226E-01   1.9599716E-01
   6.3768116E-01   5.6830251E+02   2.7554061E+02   8.4384313E+02   2.6115131E-01   1.3932337E-01   2.2137076E-01
   6.5217391E-01   8.0825246E+02   4.3780342E+02   1.2460559E+03   1.9504204E-01   1.6381725E-01   1.8407117E-01
   6.6666667E-01   6.0948385E+02   2.8003312E+02   8.8951698E+02   2.1147478E-01   1.7208441E-01   1.9907411E-01
   6.8115942E-01   4.5141760E+02   2.9019703E+02   7.4161463E+02   2.0516640E-01   2.3534222E-01   2.1697433E-01
   6.9565217E-01   3.6308216E+02   3.6308216E+02   7.2616432E+02   2.2283704E-01   2.5735794E-01   2.4009749E-01
   7.1014493E-01   3.0928028E+02   1.5464014E+02   4.6392042E+02   2.4129365E-01   2.1740179E-01   2.3332970E-01
   7.2463768E-01   3.6371361E+02   1.2123787E+02   4.8495148E+02   1.7625027E-01   2.9292734E-01   2.0541953E-01
   7.3913043E-01   3.4172439E+02   2.2286373E+02   5.6458812E+02   2.1009747E-01   2.0491344E-01   2.0805114E-01
   7.5362319E-01   1.7486231E+02   1.0200302E+02   2.7686533E+02   2.3283619E-01   1.9998708E-01   2.2073388E-01
   7.6811594E-01   3.4312605E+02   1.4296919E+02   4.8609523E+02   1.4711147E-01   2.3400707E-01   1.7266900E-01
   7.8260870E-01   2.5257889E+02   9.8225126E+01   3.5080402E+02   1.9099735E-01   3.4787623E-01   2.3492344E-01
   7.9710145E-01   1.6532437E+02   9.6439214E+01   2.6176358E+02   1.2332234E-01   3.1093792E-01   1.9244387E-01
   8.1159420E-01   1.3531012E+02   8.1186073E+01   2.1649620E+02   1.6265523E-01   1.4201574E-01   1.5491542E-01
   8.2608696E-01   2.1269802E+02   5.3174504E+01   2.6587252E+02   2.0714925E-01   1.8985555E-01   2.0369051E-01
   8.4057971E-01   1.9596638E+02   1.3064426E+02   3.2661064E+02   2.8715073E-01   2.7107030E-01   2.8071856E-01
   8.5507246E-01   1.5411594E+02   6.4214973E+01   2.1833091E+02   2.6789926E-01   2.3401022E-01   2.5793190E-01
   8.6956522E-01   1.0103156E+02   3.7886834E+01   1.3891839E+02   2.0044338E-01   9.9855090E-06   1.4577428E-01
   8.8405797E-01   1.2421913E+01   7.4531477E+01   8.6953390E+01   4.4835704E-05   2.4693974E-01   2.1165623E-01
   8.9855072E-01   2.4443119E+01   3.6664678E+01   6.1107797E+01   3.7456638E-01   1.4205164E-01   2.3505754E-01
   9.1304348E-01   8.4192965E+01   4.8110266E+01   1.3230323E+02   2.7764331E-01   2.0833656E-01   2.5244085E-01
   9.2753623E-01   4.7358543E+01   3.5518907E+01   8.2877450E+01   3.0561085E-01   3.7341257E-01   3.3466873E-01
   9.4202899E-01   8.1602412E+01   2.3314975E+01   1.0491739E+02   3.5124720E-01   4.1882832E-01   3.6626523E-01
   9.5652174E-01   4.5923435E+01   2.2961718E+01   6.8885153E+01   4.2436411E-01   4.2144488E-01   4.2339104E-01
   9.7101449E-01   2.2619005E+01   2.2619005E+01   4.5238011E+01   4.1463712E-01   2.0510318E-01   3.0987015E-01
   9.8550725E-01   4.4572746E+01   2.2286373E+01   6.6859119E+01   4.2345927E-01   2.1147033E-01   3.5279629E-01
   1.0000000E+00   2.1884092E+01   0.0000000E+00   2.1884092E+01   4.2430269E-01   0.0000000E+00   4.2430269E-01
