   0.0000000E+00   6.3862048E+07   3.2309892E+07   9.6171940E+07   2.0658672E-04   1.7352745E-04   1.1703967E-04
   1.4492754E-02   6.5515429E+07   3.3391182E+07   9.8908127E+07   8.3505533E-04   1.7943253E-04   5.2169535E-04
   2.8985507E-02   6.8211456E+07   3.4997963E+07   1.0320828E+08   4.6944034E-04   5.7501204E-05   2.9003226E-04
   4.3478261E-02   7.2467158E+07   3.6589842E+07   1.0905321E+08   3.1947011E-04   5.1664414E-05   1.9562597E-04
   5.7971014E-02   7.4635737E+07   3.7961282E+07   1.1259740E+08   3.7438431E-04   3.1217053E-05   2.3798923E-04
   7.2463768E-02   7.4817405E+07   3.7979581E+07   1.1278729E+08   3.0245679E-04   1.9437016E-05   2.0643062E-04
   8.6956522E-02   7.2732997E+07   3.6936759E+07   1.0966294E+08   1.4705158E-04   2.6123982E-05   9.0949589E-05
   1.0144928E-01   6.9270989E+07   3.5123152E+07   1.0438700E+08   2.0764867E-04   1.1739407E-04   1.7168276E-04
   1.1594203E-01   6.5178331E+07   3.2997633E+07   9.8165735E+07   3.8774658E-04   6.3547552E-05   2.7292812E-04
   1.3043478E-01   6.1671178E+07   3.1259417E+07   9.2922597E+07   4.0662023E-04   1.2470815E-04   3.0236910E-04
   1.4492754E-01   5.9585079E+07   3.0280295E+07   8.9851961E+07   1.2593953E-04   1.0784633E-04   1.1033881E-04
   1.5942029E-01   5.1051200E+07   2.5830210E+07   7.6874453E+07   4.2674779E-04   1.7871093E-04   3.4325087E-04
   1.7391304E-01   1.8545037E+07   9.1733497E+06   2.7716934E+07   5.1013005E-03   9.9549736E-04   3.7426508E-03
   1.8840580E-01   6.6430192E+06   3.0583418E+06   9.7010696E+06   1.5900531E-02   3.5190889E-03   1.1992562E-02
   2.0289855E-01   4.5850106E+06   2.0923275E+06   6.6770674E+06   1.6942180E-02   4.4330957E-03   1.3024350E-02
   2.1739130E-01   3.7959072E+06   1.7389047E+06   5.5348118E+06   1.7549800E-02   4.1949461E-03   1.3347130E-02
   2.3188406E-01   3.3798845E+06   1.5415679E+06   4.9213577E+06   1.5225348E-02   3.9337201E-03   1.1691451E-02
   2.4637681E-01   3.0692793E+06   1.4305623E+06   4.4999753E+06   1.4784391E-02   3.4404378E-03   1.1180929E-02
   2.6086957E-01   2.8780523E+06   1.3738187E+06   4.2517447E+06   1.0444754E-02   2.2275555E-03   7.7904106E-03
   2.7536232E-01   2.7776234E+06   1.3143940E+06   4.0920573E+06   8.3178279E-03   1.6707252E-03   6.1818919E-03
   2.8985507E-01   2.6073719E+06   1.2604192E+06   3.8676775E+06   7.3068739E-03   1.3115259E-03   5.3527577E-03
   3.0434783E-01   2.1881631E+06   1.0653778E+06   3.2535409E+06   7.3016786E-03   6.6281142E-04   5.1277264E-03
   3.1884058E-01   1.2263279E+06   5.9888752E+05   1.8251466E+06   8.4591017E-03   8.9367778E-04   5.9756430E-03
   3.3333333E-01   1.5968477E+05   7.1293138E+04   2.3097791E+05   4.0765995E-02   1.0311794E-03   2.8439849E-02
   3.4782609E-01   3.6750229E+04   9.6611427E+03   4.6411372E+04   1.2151932E-01   8.5260709E-04   9.6347486E-02
   3.6231884E-01   3.8280857E+04   1.0365838E+04   4.8646695E+04   1.3941283E-01   5.9714606E-03   1.1097756E-01
   3.7681159E-01   4.1558943E+04   1.0899751E+04   5.2458694E+04   1.5730863E-01   8.1769123E-03   1.2629856E-01
   3.9130435E-01   4.1114231E+04   1.0327670E+04   5.1441902E+04   1.7570225E-01   7.6433372E-03   1.4196047E-01
   4.0579710E-01   4.0457727E+04   1.2637965E+04   5.3095692E+04   1.8930431E-01   7.9136780E-03   1.4612351E-01
   4.2028986E-01   3.9741983E+04   1.1653468E+04   5.1395450E+04   2.0692118E-01   4.9169467E-03   1.6108166E-01
   4.3478261E-01   3.7811061E+04   1.0431508E+04   4.8242569E+04   2.2908959E-01   5.0718362E-03   1.8061887E-01
   4.4927536E-01   3.7862391E+04   1.0339439E+04   4.8201830E+04   2.3587913E-01   7.7456024E-03   1.8691765E-01
   4.6376812E-01   3.3742962E+04   9.6611427E+03   4.3404104E+04   2.4265477E-01   8.2001392E-03   1.9046847E-01
   4.7826087E-01   3.1136089E+04   8.2891801E+03   3.9425269E+04   2.5500513E-01   5.7666925E-03   2.0260132E-01
   4.9275362E-01   2.9640876E+04   7.8893761E+03   3.7530252E+04   2.5818482E-01   4.5884756E-03   2.0487531E-01
   5.0724638E-01   2.5871295E+04   6.7330317E+03   3.2604327E+04   2.6795724E-01   5.9914027E-03   2.1383063E-01
   5.2173913E-01   2.3279355E+04   5.9566523E+03   2.9236007E+04   2.7232200E-01   8.6311935E-03   2.1857897E-01
   5.3623188E-01   2.0110741E+04   5.3860743E+03   2.5496815E+04   2.7662582E-01   7.7208381E-03   2.1979532E-01
   5.5072464E-01   1.6650267E+04   4.2074326E+03   2.0857699E+04   2.7773604E-01   4.7490569E-03   2.2266871E-01
   5.6521739E-01   1.5795895E+04   3.9052583E+03   1.9701154E+04   2.7449334E-01   4.6054625E-03   2.2098963E-01
   5.7971014E-01   1.3904468E+04   3.4287585E+03   1.7333227E+04   2.7863551E-01   1.0516394E-02   2.2555756E-01
   5.9420290E-01   1.1846566E+04   3.1418350E+03   1.4988401E+04   2.8731084E-01   6.7877441E-03   2.2848499E-01
   6.0869565E-01   1.0030990E+04   2.5257889E+03   1.2556779E+04   2.8996434E-01   1.6559260E-03   2.3196264E-01
   6.2318841E-01   9.0223531E+03   2.7137546E+03   1.1736108E+04   2.8854331E-01   1.1357485E-05   2.2182571E-01
   6.3768116E-01   7.8873500E+03   1.6532437E+03   9.5405937E+03   2.9174473E-01   2.6284972E-03   2.4164325E-01
   6.5217391E-01   8.0320089E+03   1.6501821E+03   9.6821910E+03   2.8918496E-01   1.2408387E-06   2.3989773E-01
   6.6666667E-01   6.4242893E+03   1.2189677E+03   7.6432570E+03   2.9002064E-01   1.3247758E-06   2.4376737E-01
   6.8115942E-01   5.7072082E+03   1.3381307E+03   7.0453390E+03   2.7852720E-01   3.6625237E-05   2.2563299E-01
   6.9565217E-01   4.4517030E+03   1.1681774E+03   5.6198804E+03   2.8421695E-01   5.1269634E-03   2.2617981E-01
   7.1014493E-01   4.6546682E+03   1.0824810E+03   5.7371492E+03   2.8385808E-01   1.1243264E-02   2.3239823E-01
   7.2463768E-01   4.0008497E+03   8.7897455E+02   4.8798242E+03   2.8363974E-01   1.0106599E-05   2.3254769E-01
   7.3913043E-01   4.1304078E+03   7.4287910E+02   4.8732869E+03   2.7418859E-01   1.5755283E-05   2.3238915E-01
   7.5362319E-01   3.2786683E+03   6.8487739E+02   3.9635457E+03   2.9046712E-01   8.3750086E-03   2.4167711E-01
   7.6811594E-01   3.0023529E+03   5.4328291E+02   3.5456358E+03   2.8038297E-01   1.0603199E-02   2.3904271E-01
   7.8260870E-01   2.3433709E+03   7.0160804E+02   3.0449789E+03   2.8436199E-01   5.6112088E-06   2.1884208E-01
   7.9710145E-01   2.3696493E+03   6.7507450E+02   3.0447238E+03   3.0451039E-01   7.4081318E-07   2.3699454E-01
   8.1159420E-01   2.1243689E+03   3.7886834E+02   2.5032373E+03   2.9447994E-01   1.1088437E-06   2.4990985E-01
   8.2608696E-01   2.0472184E+03   3.1904702E+02   2.3662654E+03   2.8427404E-01   1.1122366E-05   2.4594644E-01
   8.4057971E-01   1.3978935E+03   4.0499719E+02   1.8028907E+03   2.8098737E-01   1.0672112E-02   2.2025277E-01
   8.5507246E-01   1.4641014E+03   3.9813283E+02   1.8622342E+03   2.9330483E-01   6.5639940E-06   2.3059691E-01
   8.6956522E-01   1.5659891E+03   2.5257889E+02   1.8185680E+03   3.1984156E-01   2.1993776E-05   2.7542181E-01
   8.8405797E-01   1.0310188E+03   2.6086017E+02   1.2918789E+03   3.1742102E-01   1.2540008E-05   2.5332892E-01
   8.9855072E-01   1.0388326E+03   2.5665275E+02   1.2954853E+03   3.2409735E-01   7.7779507E-05   2.5990440E-01
   9.1304348E-01   7.8179182E+02   2.0446863E+02   9.8626045E+02   3.0490126E-01   2.8194850E-06   2.4169059E-01
   9.2753623E-01   6.1566106E+02   1.3023599E+02   7.4589705E+02   3.2165353E-01   3.4327535E-05   2.6549749E-01
   9.4202899E-01   6.1784683E+02   1.3988985E+02   7.5773668E+02   2.9608461E-01   8.3548765E-05   2.4143823E-01
   9.5652174E-01   5.1663865E+02   8.0366012E+01   5.9700466E+02   3.2407930E-01   1.7762634E-06   2.8045341E-01
   9.7101449E-01   4.4107061E+02   6.7857016E+01   5.0892762E+02   3.1597100E-01   5.0098951E-06   2.7384215E-01
   9.8550725E-01   2.3400692E+02   3.3429560E+01   2.6743648E+02   2.7528466E-01   6.1026000E-06   2.4087332E-01
   1.0000000E+00   1.3130455E+02   6.5652276E+01   1.9695683E+02   2.0467144E-01   1.0188789E-05   1.3644436E-01
