   0.0000000E+00   6.6808128E+07   3.4019346E+07   1.0082747E+08   0.0000000E+00   0.0000000E+00   0.0000000E+00
   1.4492754E-02   6.8287988E+07   3.4183775E+07   1.0247100E+08   0.0000000E+00   0.0000000E+00   0.0000000E+00
   2.8985507E-02   7.1679617E+07   3.6015225E+07   1.0769333E+08   0.0000000E+00   0.0000000E+00   0.0000000E+00
   4.3478261E-02   7.6801665E+07   3.8500348E+07   1.1529999E+08   0.0000000E+00   0.0000000E+00   0.0000000E+00
   5.7971014E-02   8.0017373E+07   4.0282798E+07   1.2029714E+08   0.0000000E+00   0.0000000E+00   0.0000000E+00
   7.2463768E-02   8.0375403E+07   4.0189748E+07   1.2056182E+08   0.0000000E+00   0.0000000E+00   0.0000000E+00
   8.6956522E-02   7.8139575E+07   3.9154907E+07   1.1729132E+08   0.0000000E+00   0.0000000E+00   0.0000000E+00
   1.0144928E-01   7.3693248E+07   3.6853823E+07   1.1054263E+08   0.0000000E+00   0.0000000E+00   0.0000000E+00
   1.1594203E-01   6.9051029E+07   3.4604319E+07   1.0365251E+08   0.0000000E+00   0.0000000E+00   0.0000000E+00
   1.3043478E-01   6.5565356E+07   3.2906989E+07   9.8468724E+07   0.0000000E+00   0.0000000E+00   0.0000000E+00
   1.4492754E-01   6.3995637E+07   3.2074691E+07   9.6064796E+07   0.0000000E+00   0.0000000E+00   0.0000000E+00
   1.5942029E-01   5.5085184E+07   2.7657113E+07   8.2738577E+07   0.0000000E+00   0.0000000E+00   0.0000000E+00
   1.7391304E-01   1.5838023E+07   7.8800826E+06   2.3717600E+07   0.0000000E+00   0.0000000E+00   0.0000000E+00
   1.8840580E-01   3.0595659E+06   1.5108687E+06   4.5704345E+06   0.0000000E+00   0.0000000E+00   0.0000000E+00
   2.0289855E-01   1.7556759E+06   8.8492820E+05   2.6406041E+06   0.0000000E+00   0.0000000E+00   0.0000000E+00
   2.1739130E-01   1.5475004E+06   7.6531405E+05   2.3128144E+06   0.0000000E+00   0.0000000E+00   0.0000000E+00
   2.3188406E-01   1.5387738E+06   7.6484047E+05   2.3036142E+06   0.0000000E+00   0.0000000E+00   0.0000000E+00
   2.4637681E-01   1.6113939E+06   8.0877248E+05   2.4201664E+06   0.0000000E+00   0.0000000E+00   0.0000000E+00
   2.6086957E-01   1.7387952E+06   8.7539635E+05   2.6141916E+06   0.0000000E+00   0.0000000E+00   0.0000000E+00
   2.7536232E-01   1.8829358E+06   9.4182682E+05   2.8247626E+06   0.0000000E+00   0.0000000E+00   0.0000000E+00
   2.8985507E-01   2.0214899E+06   1.0088127E+06   3.0303027E+06   0.0000000E+00   0.0000000E+00   0.0000000E+00
   3.0434783E-01   1.8762282E+06   9.3584089E+05   2.8120691E+06   0.0000000E+00   0.0000000E+00   0.0000000E+00
   3.1884058E-01   1.0786726E+06   5.4529487E+05   1.6239675E+06   0.0000000E+00   0.0000000E+00   0.0000000E+00
   3.3333333E-01   8.7600950E+04   4.4706464E+04   1.3230741E+05   0.0000000E+00   0.0000000E+00   0.0000000E+00
   3.4782609E-01   0.0000000E+00   0.0000000E+00   0.0000000E+00   0.0000000E+00   0.0000000E+00   0.0000000E+00
   3.6231884E-01   0.0000000E+00   0.0000000E+00   0.0000000E+00   0.0000000E+00   0.0000000E+00   0.0000000E+00
   3.7681159E-01   0.0000000E+00   0.0000000E+00   0.0000000E+00   0.0000000E+00   0.0000000E+00   0.0000000E+00
   3.9130435E-01   0.0000000E+00   0.0000000E+00   0.0000000E+00   0.0000000E+00   0.0000000E+00   0.0000000E+00
   4.0579710E-01   0.0000000E+00   0.0000000E+00   0.0000000E+00   0.0000000E+00   0.0000000E+00   0.0000000E+00
   4.2028986E-01   0.0000000E+00   0.0000000E+00   0.0000000E+00   0.0000000E+00   0.0000000E+00   0.0000000E+00
   4.3478261E-01   0.0000000E+00   0.0000000E+00   0.0000000E+00   0.0000000E+00   0.0000000E+00   0.0000000E+00
   4.4927536E-01   0.0000000E+00   0.0000000E+00   0.0000000E+00   0.0000000E+00   0.0000000E+00   0.0000000E+00
   4.6376812E-01   0.0000000E+00   0.0000000E+00   0.0000000E+00   0.0000000E+00   0.0000000E+00   0.0000000E+00
   4.7826087E-01   0.0000000E+00   0.0000000E+00   0.0000000E+00   0.0000000E+00   0.0000000E+00   0.0000000E+00
   4.9275362E-01   0.0000000E+00   0.0000000E+00   0.0000000E+00   0.0000000E+00   0.0000000E+00   0.0000000E+00
   5.0724638E-01   0.0000000E+00   0.0000000E+00   0.0000000E+00   0.0000000E+00   0.0000000E+00   0.0000000E+00
   5.2173913E-01   0.0000000E+00   0.0000000E+00   0.0000000E+00   0.0000000E+00   0.0000000E+00   0.0000000E+00
   5.3623188E-01   0.0000000E+00   0.0000000E+00   0.0000000E+00   0.0000000E+00   0.0000000E+00   0.0000000E+00
   5.5072464E-01   0.0000000E+00   0.0000000E+00   0.0000000E+00   0.0000000E+00   0.0000000E+00   0.0000000E+00
   5.6521739E-01   0.0000000E+00   0.0000000E+00   0.0000000E+00   0.0000000E+00   0.0000000E+00   0.0000000E+00
   5.7971014E-01   0.0000000E+00   0.0000000E+00   0.0000000E+00   0.0000000E+00   0.0000000E+00   0.0000000E+00
   5.9420290E-01   0.0000000E+00   0.0000000E+00   0.0000000E+00   0.0000000E+00   0.0000000E+00   0.0000000E+00
   6.0869565E-01   0.0000000E+00   0.0000000E+00   0.0000000E+00   0.0000000E+00   0.0000000E+00   0.0000000E+00
   6.2318841E-01   0.0000000E+00   0.0000000E+00   0.0000000E+00   0.0000000E+00   0.0000000E+00   0.0000000E+00
   6.3768116E-01   0.0000000E+00   0.0000000E+00   0.0000000E+00   0.0000000E+00   0.0000000E+00   0.0000000E+00
   6.5217391E-01   0.0000000E+00   0.0000000E+00   0.0000000E+00   0.0000000E+00   0.0000000E+00   0.0000000E+00
   6.6666667E-01   0.0000000E+00   0.0000000E+00   0.0000000E+00   0.0000000E+00   0.0000000E+00   0.0000000E+00
   6.8115942E-01   0.0000000E+00   0.0000000E+00   0.0000000E+00   0.0000000E+00   0.0000000E+00   0.0000000E+00
   6.9565217E-01   0.0000000E+00   0.0000000E+00   0.0000000E+00   0.0000000E+00   0.0000000E+00   0.0000000E+00
   7.1014493E-01   0.0000000E+00   0.0000000E+00   0.0000000E+00   0.0000000E+00   0.0000000E+00   0.0000000E+00
   7.2463768E-01   0.0000000E+00   0.0000000E+00   0.0000000E+00   0.0000000E+00   0.0000000E+00   0.0000000E+00
   7.3913043E-01   0.0000000E+00   0.0000000E+00   0.0000000E+00   0.0000000E+00   0.0000000E+00   0.0000000E+00
   7.5362319E-01   0.0000000E+00   0.0000000E+00   0.0000000E+00   0.0000000E+00   0.0000000E+00   0.0000000E+00
   7.6811594E-01   0.0000000E+00   0.0000000E+00   0.0000000E+00   0.0000000E+00   0.0000000E+00   0.0000000E+00
   7.8260870E-01   0.0000000E+00   0.0000000E+00   0.0000000E+00   0.0000000E+00   0.0000000E+00   0.0000000E+00
   7.9710145E-01   0.0000000E+00   0.0000000E+00   0.0000000E+00   0.0000000E+00   0.0000000E+00   0.0000000E+00
   8.1159420E-01   0.0000000E+00   0.0000000E+00   0.0000000E+00   0.0000000E+00   0.0000000E+00   0.0000000E+00
   8.2608696E-01   0.0000000E+00   0.0000000E+00   0.0000000E+00   0.0000000E+00   0.0000000E+00   0.0000000E+00
   8.4057971E-01   0.0000000E+00   0.0000000E+00   0.0000000E+00   0.0000000E+00   0.0000000E+00   0.0000000E+00
   8.5507246E-01   0.0000000E+00   0.0000000E+00   0.0000000E+00   0.0000000E+00   0.0000000E+00   0.0000000E+00
   8.6956522E-01   0.0000000E+00   0.0000000E+00   0.0000000E+00   0.0000000E+00   0.0000000E+00   0.0000000E+00
   8.8405797E-01   0.0000000E+00   0.0000000E+00   0.0000000E+00   0.0000000E+00   0.0000000E+00   0.0000000E+00
   8.9855072E-01   0.0000000E+00   0.0000000E+00   0.0000000E+00   0.0000000E+00   0.0000000E+00   0.0000000E+00
   9.1304348E-01   0.0000000E+00   0.0000000E+00   0.0000000E+00   0.0000000E+00   0.0000000E+00   0.0000000E+00
   9.2753623E-01   0.0000000E+00   0.0000000E+00   0.0000000E+00   0.0000000E+00   0.0000000E+00   0.0000000E+00
   9.4202899E-01   0.0000000E+00   0.0000000E+00   0.0000000E+00   0.0000000E+00   0.0000000E+00   0.0000000E+00
   9.5652174E-01   0.0000000E+00   0.0000000E+00   0.0000000E+00   0.0000000E+00   0.0000000E+00   0.0000000E+00
   9.7101449E-01   0.0000000E+00   0.0000000E+00   0.0000000E+00   0.0000000E+00   0.0000000E+00   0.0000000E+00
   9.8550725E-01   0.0000000E+00   0.0000000E+00   0.0000000E+00   0.0000000E+00   0.0000000E+00   0.0000000E+00
   1.0000000E+00   0.0000000E+00   0.0000000E+00   0.0000000E+00   0.0000000E+00   0.0000000E+00   0.0000000E+00
