   0.0000000E+00   3.1439338E+10   1.6108942E+10   4.7275998E+10   2.1440807E-06   6.2870046E-06   3.1774507E-06
   1.4492754E-02   5.7668308E+07   2.8339352E+07   8.5997809E+07   2.8636020E-02   2.6003397E-02   2.7764937E-02
   2.8985507E-02   5.3362469E+07   2.5927476E+07   7.9274033E+07   2.7226123E-02   2.4099743E-02   2.6209898E-02
   4.3478261E-02   3.0518855E+07   1.4811732E+07   4.5325788E+07   8.2106543E-03   7.4268375E-03   7.9512864E-03
   5.7971014E-02   1.8410918E+07   8.8058474E+06   2.7216955E+07   2.3229121E-03   1.6549724E-03   2.1044077E-03
   7.2463768E-02   1.3471801E+07   6.3842347E+06   1.9854520E+07   1.9118295E-03   1.2614670E-03   1.6955728E-03
   8.6956522E-02   1.0632940E+07   5.0135648E+06   1.5645494E+07   1.6922461E-03   2.4971812E-03   1.9416356E-03
   1.0144928E-01   8.6572499E+06   4.0567057E+06   1.2712981E+07   1.9319085E-03   2.3995522E-03   2.0765228E-03
   1.1594203E-01   7.3130115E+06   3.4212758E+06   1.0733530E+07   2.5066560E-03   2.9949996E-03   2.5065966E-03
   1.3043478E-01   6.2073789E+06   2.8969957E+06   9.1037011E+06   3.5094307E-03   1.7506451E-03   2.8887948E-03
   1.4492754E-01   5.3280255E+06   2.4806026E+06   7.8077946E+06   2.7621508E-03   3.9835475E-03   3.0941010E-03
   1.5942029E-01   4.5764540E+06   2.1170474E+06   6.6929504E+06   3.8555433E-03   4.6916549E-03   4.0556447E-03
   1.7391304E-01   3.9279807E+06   1.7813127E+06   5.7088513E+06   3.3578512E-03   5.6568402E-03   4.0627230E-03
   1.8840580E-01   3.3623108E+06   1.5387301E+06   4.9005163E+06   4.8580254E-03   4.0466761E-03   4.5759070E-03
   2.0289855E-01   2.9585829E+06   1.3171087E+06   4.2756375E+06   4.9964759E-03   3.7663244E-03   4.2731129E-03
   2.1739130E-01   2.5494808E+06   1.1472639E+06   3.6964921E+06   5.6944367E-03   3.2976983E-03   4.8592313E-03
   2.3188406E-01   2.2212104E+06   9.9396110E+05   3.2149347E+06   4.2029277E-03   2.4906078E-03   3.6520154E-03
   2.4637681E-01   1.9338777E+06   8.5214176E+05   2.7859304E+06   3.7395856E-03   5.2874785E-03   4.2098753E-03
   2.6086957E-01   1.6423522E+06   7.2835334E+05   2.3706213E+06   5.2163460E-03   3.2050875E-03   4.5251064E-03
   2.7536232E-01   1.3634475E+06   6.0036674E+05   1.9637743E+06   4.0108505E-03   6.8048048E-03   4.8679761E-03
   2.8985507E-01   1.0965965E+06   4.7309290E+05   1.5696515E+06   9.0074740E-03   5.4869340E-03   7.9270311E-03
   3.0434783E-01   7.7563370E+05   3.3892479E+05   1.1145585E+06   7.4608056E-03   6.7858424E-03   7.2535140E-03
   3.1884058E-01   4.0848896E+05   1.7644932E+05   5.8493828E+05   1.3978691E-02   1.2418211E-02   1.3499427E-02
   3.3333333E-01   1.0216267E+05   4.6024267E+04   1.4818694E+05   7.1264602E-02   6.4347336E-02   6.9115027E-02
   3.4782609E-01   5.2915278E+04   2.2290087E+04   7.5205366E+04   1.6606202E-01   1.4868767E-01   1.6091169E-01
   3.6231884E-01   5.3678067E+04   2.2216840E+04   7.5894906E+04   1.9222762E-01   1.5730068E-01   1.8200245E-01
   3.7681159E-01   4.7533405E+04   2.0021735E+04   6.7555140E+04   1.9626202E-01   1.9032532E-01   1.9450144E-01
   3.9130435E-01   4.1282617E+04   1.7119236E+04   5.8401853E+04   1.8661639E-01   1.7653375E-01   1.8365992E-01
   4.0579710E-01   3.4477019E+04   1.3341578E+04   4.7818597E+04   1.9161230E-01   1.6456421E-01   1.8406535E-01
   4.2028986E-01   2.7905613E+04   1.1287664E+04   3.9193277E+04   1.8604972E-01   1.7419874E-01   1.8263664E-01
   4.3478261E-01   2.4020253E+04   9.2191297E+03   3.3239383E+04   1.8463966E-01   1.7167777E-01   1.8104461E-01
   4.4927536E-01   1.9627824E+04   8.1640017E+03   2.7791826E+04   1.7421913E-01   1.6554294E-01   1.7167001E-01
   4.6376812E-01   1.6101905E+04   7.2458570E+03   2.3347762E+04   1.7938365E-01   1.5217234E-01   1.7093801E-01
   4.7826087E-01   1.4649576E+04   5.3730419E+03   2.0022618E+04   1.7142492E-01   1.5093551E-01   1.6592541E-01
   4.9275362E-01   1.3416397E+04   5.2150113E+03   1.8631408E+04   1.6664590E-01   1.4091891E-01   1.5944481E-01
   5.0724638E-01   1.1799043E+04   4.1783766E+03   1.5977419E+04   1.6691747E-01   1.4090818E-01   1.6011556E-01
   5.2173913E-01   9.9137216E+03   3.9149729E+03   1.3828694E+04   1.5754379E-01   1.2607911E-01   1.4863598E-01
   5.3623188E-01   9.1133196E+03   3.1333436E+03   1.2246663E+04   1.6287873E-01   1.4463601E-01   1.5821067E-01
   5.5072464E-01   7.3979029E+03   3.0110063E+03   1.0408909E+04   1.6598701E-01   1.4154371E-01   1.5891612E-01
   5.6521739E-01   6.9944925E+03   2.8366553E+03   9.8311477E+03   1.4589545E-01   1.3170791E-01   1.4180181E-01
   5.7971014E-01   6.0240066E+03   2.2732101E+03   8.2972167E+03   1.6540790E-01   1.2086525E-01   1.5320443E-01
   5.9420290E-01   4.9345291E+03   2.0144707E+03   6.9489998E+03   1.5071346E-01   1.2478868E-01   1.4319803E-01
   6.0869565E-01   3.8969315E+03   1.5154734E+03   5.4124049E+03   1.6884556E-01   1.1359226E-01   1.5337461E-01
   6.2318841E-01   3.0661903E+03   1.2687684E+03   4.3349587E+03   1.8981827E-01   1.6469539E-01   1.8246439E-01
   6.3768116E-01   2.4626442E+03   1.0849412E+03   3.5475854E+03   2.0377574E-01   1.8190750E-01   1.9708654E-01
   6.5217391E-01   2.1216627E+03   6.3986653E+02   2.7615292E+03   2.3287697E-01   2.9642895E-01   2.4760243E-01
   6.6666667E-01   2.0425945E+03   4.9417610E+02   2.5367706E+03   2.4890530E-01   2.3449384E-01   2.4609787E-01
   6.8115942E-01   1.5960837E+03   5.1590583E+02   2.1119895E+03   2.7571038E-01   2.9589465E-01   2.8064089E-01
   6.9565217E-01   1.1208188E+03   4.8937161E+02   1.6101905E+03   2.7001057E-01   2.9882738E-01   2.7876862E-01
   7.1014493E-01   1.1443370E+03   3.8660035E+02   1.5309374E+03   2.4797478E-01   2.9166759E-01   2.5900832E-01
   7.2463768E-01   1.1366050E+03   3.3340414E+02   1.4700092E+03   2.9592044E-01   2.8492826E-01   2.9342737E-01
   7.3913043E-01   7.2802152E+02   2.6743648E+02   9.9545800E+02   2.6750264E-01   2.9527994E-01   2.7496520E-01
   7.5362319E-01   8.5973970E+02   2.1857789E+02   1.0783176E+03   2.9697134E-01   3.3360153E-01   3.0439638E-01
   7.6811594E-01   6.7195517E+02   2.5734453E+02   9.2929971E+02   2.9102739E-01   3.5446884E-01   3.0859579E-01
   7.8260870E-01   8.1386533E+02   1.8241809E+02   9.9628342E+02   3.2895230E-01   3.5482029E-01   3.3368870E-01
   7.9710145E-01   4.9597310E+02   1.9287843E+02   6.8885153E+02   3.0963877E-01   3.5832147E-01   3.2326993E-01
   8.1159420E-01   4.3299239E+02   2.0296518E+02   6.3595757E+02   2.9619046E-01   3.4909427E-01   3.1307466E-01
   8.2608696E-01   3.9880878E+02   1.3293626E+02   5.3174504E+02   3.3457195E-01   2.5862208E-01   3.1558449E-01
   8.4057971E-01   3.1354621E+02   1.1757983E+02   4.3112604E+02   3.5936854E-01   3.1672572E-01   3.4773868E-01
   8.5507246E-01   2.9538888E+02   7.7057968E+01   3.7244684E+02   3.5255593E-01   3.2756383E-01   3.4738515E-01
   8.6956522E-01   2.6520784E+02   1.2628945E+02   3.9149729E+02   3.5641259E-01   3.6487589E-01   3.5914268E-01
   8.8405797E-01   1.7390678E+02   1.2421913E+01   1.8632869E+02   3.6788145E-01   4.2211479E-01   3.7149701E-01
   8.9855072E-01   1.5888027E+02   1.2221559E+02   2.8109587E+02   3.7474683E-01   3.3824334E-01   3.5887575E-01
   9.1304348E-01   1.5635836E+02   4.8110266E+01   2.0446863E+02   3.3859968E-01   4.2236203E-01   3.5830847E-01
   9.2753623E-01   1.6575490E+02   1.1839636E+01   1.7759454E+02   3.7349545E-01   3.8267186E-01   3.7410721E-01
   9.4202899E-01   1.6320482E+02   1.1657487E+01   1.7486231E+02   4.0191287E-01   4.2416121E-01   4.0339609E-01
   9.5652174E-01   8.0366012E+01   4.5923435E+01   1.2628945E+02   2.9484443E-01   4.0402308E-01   3.3454576E-01
   9.7101449E-01   1.1309503E+02   1.1309503E+01   1.2440453E+02   3.7796598E-01   4.2560404E-01   3.8229671E-01
   9.8550725E-01   1.1143187E+01   0.0000000E+00   1.1143187E+01   4.1894282E-01   0.0000000E+00   4.1894282E-01
   1.0000000E+00   6.5652276E+01   0.0000000E+00   6.5652276E+01   2.8388166E-01   0.0000000E+00   2.8388166E-01
