   0.0000000E+00   6.6953613E+07   3.3655633E+07   1.0060925E+08   4.9467387E-04   4.7139088E-04   4.8029232E-04
   1.4492754E-02   6.8522128E+07   3.4295920E+07   1.0281199E+08   1.9582629E-04   1.6409366E-04   9.1536079E-05
   2.8985507E-02   7.1709927E+07   3.6007268E+07   1.0770469E+08   1.5111567E-04   6.6462181E-05   9.2009667E-05
   4.3478261E-02   7.6379353E+07   3.8282120E+07   1.1464834E+08   8.6782501E-05   1.9027661E-04   2.3710384E-05
   5.7971014E-02   7.9304342E+07   3.9632849E+07   1.1890821E+08   1.0733671E-04   4.9747990E-05   8.4629404E-05
   7.2463768E-02   7.9253650E+07   3.9709646E+07   1.1892450E+08   7.5528335E-05   6.4913825E-05   5.7379730E-05
   8.6956522E-02   7.6859126E+07   3.8429626E+07   1.1525061E+08   3.9702800E-05   5.0970928E-05   4.3864133E-05
   1.0144928E-01   7.2546576E+07   3.6405026E+07   1.0891014E+08   7.5243747E-05   4.8605560E-05   6.4297551E-05
   1.1594203E-01   6.7961877E+07   3.4083564E+07   1.0200680E+08   9.8002768E-05   1.1311566E-04   6.0224137E-05
   1.3043478E-01   6.4253124E+07   3.2257524E+07   9.6471667E+07   1.2147512E-04   1.2432486E-04   1.1807066E-04
   1.4492754E-01   6.2318008E+07   3.1223449E+07   9.3492053E+07   1.9801828E-04   1.6262380E-04   1.8183041E-04
   1.5942029E-01   5.3667321E+07   2.6890973E+07   8.0526882E+07   3.8502864E-04   3.8069815E-04   3.8106770E-04
   1.7391304E-01   1.6767324E+07   8.4036787E+06   2.5166772E+07   1.8629917E-03   2.0056903E-03   1.9038296E-03
   1.8840580E-01   4.4692475E+06   2.2649915E+06   6.7338893E+06   8.2024987E-03   8.0185888E-03   8.1384623E-03
   2.0289855E-01   2.8162908E+06   1.4215140E+06   4.2376965E+06   1.3078783E-02   1.1565791E-02   1.2565527E-02
   2.1739130E-01   2.2520439E+06   1.1247338E+06   3.3766262E+06   1.3469949E-02   1.3946628E-02   1.3633161E-02
   2.3188406E-01   2.0217362E+06   1.0040011E+06   3.0256426E+06   1.2114895E-02   1.2036008E-02   1.2090560E-02
   2.4637681E-01   1.9492553E+06   9.6419764E+05   2.9134084E+06   1.0440075E-02   1.0663356E-02   1.0513958E-02
   2.6086957E-01   1.9490671E+06   9.7432309E+05   2.9232218E+06   6.9233386E-03   6.0036683E-03   6.6170119E-03
   2.7536232E-01   1.9998665E+06   1.0126951E+06   3.0123622E+06   4.8557469E-03   4.3320735E-03   4.6678979E-03
   2.8985507E-01   2.0591116E+06   1.0341590E+06   3.0931569E+06   3.1795309E-03   3.2035541E-03   3.1844721E-03
   3.0434783E-01   1.8790787E+06   9.3825843E+05   2.8171928E+06   2.2506888E-03   2.4670402E-03   2.3203628E-03
   3.1884058E-01   1.0991315E+06   5.5225227E+05   1.6513493E+06   2.3628727E-03   2.4978641E-03   2.4080664E-03
   3.3333333E-01   1.0216267E+05   5.1723765E+04   1.5388644E+05   6.6317831E-03   8.6979901E-03   7.2922718E-03
   3.4782609E-01   8.2088141E+02   5.6830251E+02   1.3891839E+03   7.9920580E-02   3.6301725E-02   6.1957929E-02
   3.6231884E-01   1.0608314E+03   2.4247574E+02   1.3033071E+03   1.2872485E-01   1.1431162E-01   1.1908140E-01
   3.7681159E-01   6.9944925E+02   2.6229347E+02   9.6174271E+02   1.4619179E-01   6.4877238E-02   1.2400616E-01
   3.9130435E-01   6.4547940E+02   1.1225729E+02   7.5773668E+02   7.8844178E-02   1.2007671E-01   8.4637053E-02
   4.0579710E-01   1.8943417E+02   1.6237215E+02   3.5180632E+02   9.1850893E-02   9.5276915E-02   9.1715696E-02
   4.2028986E-01   3.9193277E+02   1.3064426E+02   5.2257702E+02   7.7252376E-02   7.7330911E-02   7.6992592E-02
   4.3478261E-01   3.7886834E+02   1.7680523E+02   5.5567357E+02   1.5476926E-01   9.8384467E-02   1.2869760E-01
   4.4927536E-01   2.6887431E+02   2.9331743E+02   5.6219173E+02   1.4983602E-01   1.8585380E-01   1.6834884E-01
   4.6376812E-01   1.8943417E+02   1.1839636E+02   3.0783053E+02   1.1093930E-01   5.0546286E-02   8.7496786E-02
   4.7826087E-01   2.7554061E+02   9.1846871E+01   3.6738748E+02   6.5941524E-02   1.8765051E-01   8.9907644E-02
   4.9275362E-01   2.6743648E+02   1.3371824E+02   4.0115472E+02   1.2569915E-01   7.0288687E-02   1.0709154E-01
   5.0724638E-01   2.5979543E+02   6.4948859E+01   3.2474429E+02   1.1585562E-01   7.7117726E-02   1.0802183E-01
   5.2173913E-01   2.7362714E+02   1.0524121E+02   3.7886834E+02   7.2953871E-02   1.5893179E-01   9.0109701E-02
   5.3623188E-01   2.0479370E+02   8.1917479E+01   2.8671118E+02   1.4205918E-01   1.1690369E-01   1.3300505E-01
   5.5072464E-01   1.7946395E+02   3.9880878E+01   2.1934483E+02   1.0744541E-01   2.7535648E-01   1.3736715E-01
   5.6521739E-01   1.3600402E+02   9.7145729E+01   2.3314975E+02   7.2644708E-02   2.3370526E-01   1.3703928E-01
   5.7971014E-01   2.4626442E+02   7.5773668E+01   3.2203809E+02   1.3786100E-01   3.2213817E-01   1.7862885E-01
   5.9420290E-01   2.0329521E+02   1.1088830E+02   3.1418350E+02   9.2488437E-02   1.9847360E-01   1.2807741E-01
   6.0869565E-01   1.0824810E+02   9.0206748E+01   1.9845485E+02   1.6076076E-01   1.5441840E-01   1.5775023E-01
   6.2318841E-01   1.0573070E+02   5.2865350E+01   1.5859605E+02   1.7304163E-01   2.3173328E-01   1.8546159E-01
   6.3768116E-01   6.8885153E+01   1.7221288E+01   8.6106441E+01   8.3536234E-02   1.1240061E-05   6.6830956E-02
   6.5217391E-01   3.3677186E+01   3.3677186E+01   6.7354372E+01   2.1423489E-01   1.4876285E-05   1.0711002E-01
   6.6666667E-01   1.1530776E+02   1.4825283E+02   2.6356059E+02   1.9165238E-01   1.8476499E-01   1.8127137E-01
   6.8115942E-01   1.4509851E+02   6.4488228E+01   2.0958674E+02   2.1467156E-01   8.9279026E-02   1.7278377E-01
   6.9565217E-01   1.1050327E+02   6.3144724E+01   1.7364799E+02   1.0415840E-01   1.0948783E-05   6.6279535E-02
   7.1014493E-01   1.7010415E+02   3.0928028E+01   2.0103218E+02   2.1061669E-01   1.6071367E-01   1.9792864E-01
   7.2463768E-01   1.8185680E+02   1.5154734E+01   1.9701154E+02   1.6473805E-01   4.4828949E-01   1.8615646E-01
   7.3913043E-01   8.9145492E+01   8.9145492E+01   1.7829098E+02   1.5577590E-01   2.5672187E-01   2.0525617E-01
   7.5362319E-01   8.7431156E+01   4.3715578E+01   1.3114673E+02   2.7950065E-01   2.0610596E-06   1.8633310E-01
   7.6811594E-01   1.1437535E+02   5.7187674E+01   1.7156302E+02   1.4851169E-01   2.0203252E-01   1.6630215E-01
   7.8260870E-01   7.0160804E+01   2.8064322E+01   9.8225126E+01   8.6272585E-02   2.9211451E-01   1.4508374E-01
   7.9710145E-01   8.2662184E+01   2.7554061E+01   1.1021624E+02   2.0915092E-01   1.5377900E-01   1.8520692E-01
   8.1159420E-01   9.4717086E+01   5.4124049E+01   1.4884113E+02   3.3984179E-01   3.5003176E-01   3.4353750E-01
   8.2608696E-01   1.0634901E+02   3.9880878E+01   1.4622989E+02   2.3692221E-01   1.6634491E-01   2.1764279E-01
   8.4057971E-01   5.2257702E+01   6.5322128E+01   1.1757983E+02   4.1167623E-01   2.3586597E-01   3.1137302E-01
   8.5507246E-01   7.7057968E+01   2.5685989E+01   1.0274396E+02   1.5920452E-01   1.7120325E-01   1.6112814E-01
   8.6956522E-01   5.0515779E+01   0.0000000E+00   5.0515779E+01   1.3045310E-01   0.0000000E+00   1.3045310E-01
   8.8405797E-01   6.2109564E+01   1.2421913E+01   7.4531477E+01   3.5577635E-01   3.0472019E-06   2.9648080E-01
   8.9855072E-01   3.6664678E+01   2.4443119E+01   6.1107797E+01   1.1888721E-01   4.0764584E-01   2.3212541E-01
   9.1304348E-01   4.8110266E+01   2.4055133E+01   7.2165398E+01   7.3718403E-02   6.1647531E-06   4.9144402E-02
   9.2753623E-01   2.3679271E+01   5.9198178E+01   8.2877450E+01   2.0286708E-01   3.8686003E-01   3.3362957E-01
   9.4202899E-01   3.4972462E+01   2.3314975E+01   5.8287437E+01   2.6984814E-01   2.0712272E-01   2.4475793E-01
   9.5652174E-01   3.4442577E+01   6.8885153E+01   1.0332773E+02   3.7336687E-01   2.3748161E-01   2.8095284E-01
   9.7101449E-01   2.2619005E+01   2.2619005E+01   4.5238011E+01   1.7403451E-01   2.1429728E-01   1.9384963E-01
   9.8550725E-01   4.4572746E+01   0.0000000E+00   4.4572746E+01   2.7499722E-01   0.0000000E+00   2.7499722E-01
   1.0000000E+00   0.0000000E+00   0.0000000E+00   0.0000000E+00   0.0000000E+00   0.0000000E+00   0.0000000E+00
