   0.0000000E+00   6.6808128E+07   3.2734225E+07   9.9542353E+07   1.4910991E-03   6.8884080E-04   8.1501472E-04
   1.4492754E-02   6.7369611E+07   3.4063295E+07   1.0142760E+08   4.9245887E-04   2.4925385E-04   3.2898421E-04
   2.8985507E-02   6.9984939E+07   3.5135113E+07   1.0511134E+08   4.1197636E-04   4.7021388E-04   3.3226798E-04
   4.3478261E-02   7.3120075E+07   3.7123793E+07   1.1023124E+08   6.7816193E-05   2.5874489E-04   1.1614219E-04
   5.7971014E-02   7.5391201E+07   3.8427290E+07   1.1379708E+08   1.7273176E-04   1.9952031E-04   1.5517239E-04
   7.2463768E-02   7.5474969E+07   3.8310864E+07   1.1376174E+08   7.7469508E-05   1.5493095E-04   1.0008064E-04
   8.6956522E-02   7.3375179E+07   3.7157765E+07   1.1050945E+08   1.7550488E-04   1.5337880E-04   1.4719170E-04
   1.0144928E-01   6.9758863E+07   3.5297864E+07   1.0503172E+08   2.1532146E-04   3.9384693E-05   1.2917145E-04
   1.1594203E-01   6.5828659E+07   3.3258105E+07   9.9059485E+07   1.8686284E-04   8.2772196E-05   1.2540270E-04
   1.3043478E-01   6.2463434E+07   3.1571436E+07   9.4006076E+07   7.4646849E-05   1.0291659E-04   7.5803580E-05
   1.4492754E-01   5.9573637E+07   3.0145948E+07   8.9687002E+07   4.1382358E-04   4.9043782E-04   4.3825918E-04
   1.5942029E-01   5.0318882E+07   2.5465326E+07   7.5762440E+07   3.6548768E-04   2.3078806E-04   2.3856336E-04
   1.7391304E-01   1.9168654E+07   9.4366001E+06   2.8601655E+07   3.3422805E-03   2.2092473E-03   2.9568486E-03
   1.8840580E-01   7.1143314E+06   3.3394039E+06   1.0452744E+07   1.2174876E-02   8.6655179E-03   1.1048800E-02
   2.0289855E-01   4.5771084E+06   2.0928146E+06   6.6698148E+06   1.1957636E-02   8.7797807E-03   1.0962880E-02
   2.1739130E-01   3.6348124E+06   1.6179699E+06   5.2525802E+06   9.4790297E-03   6.0461286E-03   8.4235690E-03
   2.3188406E-01   3.1609933E+06   1.4370476E+06   4.5978515E+06   7.6285435E-03   5.3146513E-03   6.9023995E-03
   2.4637681E-01   2.8695488E+06   1.3194870E+06   4.1889021E+06   5.0964202E-03   4.6952458E-03   4.9643869E-03
   2.6086957E-01   2.7038571E+06   1.2569168E+06   3.9606055E+06   3.3102879E-03   2.8898499E-03   3.1215065E-03
   2.7536232E-01   2.5609107E+06   1.2143329E+06   3.7752037E+06   3.1096084E-03   1.6553277E-03   2.6349565E-03
   2.8985507E-01   2.4085418E+06   1.1519492E+06   3.5604152E+06   2.5215730E-03   1.4446499E-03   2.1429138E-03
   3.0434783E-01   2.0389612E+06   9.9916602E+05   3.0379829E+06   3.4511398E-03   1.4586793E-03   2.7834777E-03
   3.1884058E-01   1.1565473E+06   5.6348055E+05   1.7200278E+06   5.5374597E-03   2.5796385E-03   4.5464187E-03
   3.3333333E-01   1.5171206E+05   6.9711775E+04   2.2142384E+05   2.6929955E-02   1.1377344E-02   2.2031254E-02
   3.4782609E-01   1.1997497E+04   4.0412623E+03   1.6038760E+04   8.1538428E-02   4.4797901E-02   7.1369442E-02
   3.6231884E-01   1.1032646E+04   4.6070390E+03   1.5639685E+04   8.4831647E-02   5.3413097E-02   7.5480627E-02
   3.7681159E-01   1.2211218E+04   3.9052583E+03   1.6116476E+04   8.8206230E-02   6.6527041E-02   8.2912642E-02
   3.9130435E-01   1.1618629E+04   4.2096482E+03   1.5828277E+04   1.0816798E-01   7.2797480E-02   9.8760919E-02
   4.0579710E-01   1.1934353E+04   3.4098151E+03   1.5344168E+04   1.3016444E-01   5.9195367E-02   1.1436529E-01
   4.2028986E-01   1.1731854E+04   4.7031932E+03   1.6435047E+04   1.2637796E-01   7.1393970E-02   1.1063648E-01
   4.3478261E-01   1.1946982E+04   3.4098151E+03   1.5356797E+04   1.3418117E-01   6.1509278E-02   1.1797124E-01
   4.4927536E-01   1.0217224E+04   3.3242642E+03   1.3541488E+04   1.4447570E-01   1.0374998E-01   1.3435738E-01
   4.6376812E-01   1.0892465E+04   3.5992492E+03   1.4491714E+04   1.4529480E-01   8.3323599E-02   1.2988168E-01
   4.7826087E-01   1.0149079E+04   3.6509131E+03   1.3799992E+04   1.5851326E-01   1.1014787E-01   1.4566823E-01
   4.9275362E-01   1.0630600E+04   3.2315241E+03   1.3862124E+04   1.7023297E-01   1.1539664E-01   1.5720596E-01
   5.0724638E-01   9.6557303E+03   2.8793994E+03   1.2535130E+04   1.7777105E-01   1.0560064E-01   1.6108706E-01
   5.2173913E-01   8.9244543E+03   3.0519950E+03   1.1976449E+04   1.8441589E-01   1.0680934E-01   1.6463299E-01
   5.3623188E-01   8.2327067E+03   2.5599212E+03   1.0792628E+04   1.9119979E-01   9.8053050E-02   1.6907166E-01
   5.5072464E-01   8.0359969E+03   2.5922571E+03   1.0628254E+04   1.9480290E-01   1.1833065E-01   1.7610443E-01
   5.6521739E-01   6.8973467E+03   2.4092141E+03   9.3065608E+03   1.9452230E-01   1.1387593E-01   1.7364307E-01
   5.7971014E-01   7.0469512E+03   2.2163798E+03   9.2633310E+03   1.9430655E-01   1.4314919E-01   1.8197842E-01
   5.9420290E-01   6.0803749E+03   1.9959893E+03   8.0763642E+03   2.1636921E-01   1.2300865E-01   1.9306879E-01
   6.0869565E-01   5.4124049E+03   1.7860936E+03   7.1984985E+03   1.9134335E-01   1.2389802E-01   1.7449850E-01
   6.2318841E-01   4.8988558E+03   1.3744991E+03   6.2733549E+03   2.0154620E-01   1.0916686E-01   1.8123761E-01
   6.3768116E-01   4.5808627E+03   1.5326947E+03   6.1135573E+03   1.9843509E-01   1.7376837E-01   1.9221555E-01
   6.5217391E-01   4.3443570E+03   1.3134103E+03   5.6577672E+03   2.0873989E-01   1.1395105E-01   1.8672418E-01
   6.6666667E-01   4.3158046E+03   1.3178029E+03   5.6336075E+03   2.4040649E-01   1.7161178E-01   2.2431104E-01
   6.8115942E-01   3.2566555E+03   1.0801778E+03   4.3368334E+03   2.2742121E-01   1.4012305E-01   2.0564017E-01
   6.9565217E-01   3.5518907E+03   1.0418879E+03   4.5937786E+03   2.0465357E-01   1.1459472E-01   1.8421908E-01
   7.1014493E-01   2.7525945E+03   9.1237682E+02   3.6649713E+03   2.2229631E-01   1.3721489E-01   2.0109695E-01
   7.2463768E-01   2.4399121E+03   1.0456766E+03   3.4855887E+03   2.0955503E-01   1.2893863E-01   1.8536499E-01
   7.3913043E-01   2.5257889E+03   7.1316394E+02   3.2389529E+03   2.3378485E-01   1.3465387E-01   2.1195024E-01
   7.5362319E-01   2.0254884E+03   5.5373065E+02   2.5792191E+03   2.2610237E-01   1.0154696E-01   1.9927502E-01
   7.6811594E-01   2.1731316E+03   5.1468907E+02   2.6878207E+03   1.9885179E-01   1.3058592E-01   1.8571132E-01
   7.8260870E-01   1.6698271E+03   3.6483618E+02   2.0346633E+03   2.2285533E-01   1.2565956E-01   2.0542631E-01
   7.9710145E-01   1.6394666E+03   3.3064873E+02   1.9701154E+03   2.2713153E-01   1.0734267E-01   2.0701324E-01
   8.1159420E-01   1.4072253E+03   4.0593037E+02   1.8131556E+03   2.0938508E-01   1.2595817E-01   1.9068266E-01
   8.2608696E-01   1.2894817E+03   4.7857054E+02   1.7680523E+03   2.2999907E-01   1.4519219E-01   2.0689187E-01
   8.4057971E-01   1.1496695E+03   3.0048179E+02   1.4501512E+03   2.6921851E-01   1.3007975E-01   2.4038624E-01
   8.5507246E-01   1.1173405E+03   2.5685989E+02   1.3742004E+03   2.6029549E-01   1.7030113E-01   2.4345902E-01
   8.6956522E-01   8.4613930E+02   2.5257889E+02   1.0987182E+03   1.9454252E-01   9.1667164E-02   1.7084752E-01
   8.8405797E-01   9.3164346E+02   2.6086017E+02   1.1925036E+03   2.4599236E-01   8.5591306E-02   2.1089080E-01
   8.9855072E-01   6.9662889E+02   2.0776651E+02   9.0439540E+02   2.2116431E-01   1.4598012E-01   2.0388767E-01
   9.1304348E-01   4.5704752E+02   1.9244106E+02   6.4948859E+02   2.5161165E-01   1.7668499E-01   2.2899876E-01
   9.2753623E-01   5.5646288E+02   1.4207563E+02   6.9853851E+02   2.7710708E-01   6.6976835E-02   2.3429796E-01
   9.4202899E-01   4.4298452E+02   6.9944925E+01   5.1292945E+02   2.5206589E-01   2.4772154E-01   2.5146862E-01
   9.5652174E-01   3.5590662E+02   1.3777031E+02   4.9367693E+02   2.2905226E-01   1.6642218E-01   2.1157326E-01
   9.7101449E-01   2.4880906E+02   5.6547514E+01   3.0535657E+02   1.2933069E-01   1.6431469E-01   1.3566837E-01
   9.8550725E-01   1.6714780E+02   2.2286373E+01   1.8943417E+02   2.7642188E-01   3.8397367E-07   2.4390162E-01
   1.0000000E+00   2.1884092E+01   2.1884092E+01   4.3768184E+01   8.4065621E-06   2.8458507E-06   2.8959883E-06
