   0.0000000E+00   3.1408719E+10   1.5818614E+10   4.7107465E+10   3.8253309E-06   3.1706790E-06   1.5341531E-06
   1.4492754E-02   1.6642171E+07   8.3320726E+06   2.4974243E+07   1.6522030E-03   2.3434256E-03   7.0048307E-04
   2.8985507E-02   1.6489487E+07   8.0070035E+06   2.4496112E+07   2.9514345E-03   2.4221609E-03   2.7766252E-03
   4.3478261E-02   1.6149389E+07   7.8935956E+06   2.4042480E+07   4.4117178E-03   3.3712843E-03   4.0750449E-03
   5.7971014E-02   1.5469763E+07   7.6811768E+06   2.3150371E+07   5.2976309E-03   6.5153058E-03   5.7018779E-03
   7.2463768E-02   1.4806629E+07   7.3218580E+06   2.2126820E+07   7.7328837E-03   7.6273335E-03   7.6970485E-03
   8.6956522E-02   1.3873780E+07   6.8932569E+06   2.0766279E+07   1.0885894E-02   1.0590969E-02   1.0726574E-02
   1.0144928E-01   1.2838333E+07   6.3939986E+06   1.9231574E+07   1.2974752E-02   1.1918882E-02   1.2622222E-02
   1.1594203E-01   1.1732321E+07   5.8039788E+06   1.7534879E+07   1.6620483E-02   1.5253624E-02   1.6158574E-02
   1.3043478E-01   1.0514102E+07   5.2069139E+06   1.5720005E+07   1.8957568E-02   1.7814115E-02   1.8575915E-02
   1.4492754E-01   9.3138720E+06   4.6029473E+06   1.3915834E+07   2.4160446E-02   2.1437860E-02   2.3256733E-02
   1.5942029E-01   7.9420448E+06   3.9368554E+06   1.1878418E+07   2.9266208E-02   2.7132274E-02   2.8560469E-02
   1.7391304E-01   6.4355208E+06   3.1908292E+06   9.6260343E+06   3.7366513E-02   3.3827899E-02   3.6195502E-02
   1.8840580E-01   4.9399769E+06   2.4431762E+06   7.3830948E+06   4.3866208E-02   3.9711061E-02   4.2489595E-02
   2.0289855E-01   3.6618708E+06   1.8230062E+06   5.4846605E+06   5.3020916E-02   4.6436891E-02   5.0831361E-02
   2.1739130E-01   2.6955220E+06   1.3262918E+06   4.0217632E+06   6.2012350E-02   5.4981698E-02   5.9687749E-02
   2.3188406E-01   1.9468150E+06   9.5811068E+05   2.9049257E+06   6.8684968E-02   6.2427386E-02   6.6620975E-02
   2.4637681E-01   1.3988711E+06   6.8174015E+05   2.0806112E+06   7.6464822E-02   7.0080529E-02   7.4363790E-02
   2.6086957E-01   9.7512292E+05   4.7451155E+05   1.4495924E+06   8.3012226E-02   7.5628317E-02   8.0595264E-02
   2.7536232E-01   6.6266067E+05   3.2965534E+05   9.9235589E+05   8.7640443E-02   7.8496881E-02   8.4595569E-02
   2.8985507E-01   4.4645845E+05   2.1557609E+05   6.6203454E+05   9.2065893E-02   8.3205929E-02   8.9180836E-02
   3.0434783E-01   2.6416144E+05   1.2852657E+05   3.9268802E+05   9.5891845E-02   8.1310514E-02   9.1096951E-02
   3.1884058E-01   1.1955018E+05   5.9379002E+04   1.7892919E+05   8.9767204E-02   8.5930632E-02   8.8492817E-02
   3.3333333E-01   1.7065548E+04   8.6316092E+03   2.5697157E+04   5.9069560E-02   6.7458149E-02   6.1841323E-02
   3.4782609E-01   4.1044070E+02   2.2100653E+02   6.3144724E+02   3.1719321E-02   1.5215253E-01   7.2985403E-02
   3.6231884E-01   2.4247574E+02   6.0618935E+01   3.0309467E+02   2.5299649E-02   1.5566174E-01   3.2065195E-02
   3.7681159E-01   2.3314975E+02   2.9143719E+02   5.2458694E+02   4.6397161E-02   8.6713783E-02   6.5702635E-02
   3.9130435E-01   1.9645025E+02   1.1225729E+02   3.0870754E+02   1.2569596E-01   9.5442980E-02   9.6528333E-02
   4.0579710E-01   2.4355822E+02   1.0824810E+02   3.5180632E+02   1.9290350E-01   2.3067366E-05   1.3355542E-01
   4.2028986E-01   2.0903081E+02   1.0451540E+02   3.1354621E+02   1.1808593E-01   9.5674765E-02   1.1047490E-01
   4.3478261E-01   1.0103156E+02   5.0515779E+01   1.5154734E+02   6.6537363E-02   1.7825590E-01   3.1938825E-02
   4.4927536E-01   1.9554495E+02   7.3329357E+01   2.6887431E+02   1.3531139E-01   8.1483631E-02   1.2007741E-01
   4.6376812E-01   2.1311344E+02   2.3679271E+01   2.3679271E+02   2.0917814E-01   7.5750536E-07   1.8826032E-01
   4.7826087E-01   2.2961718E+01   6.8885153E+01   9.1846871E+01   2.1567413E-06   1.0782767E-01   8.0870430E-02
   4.9275362E-01   6.6859119E+01   2.2286373E+01   8.9145492E+01   2.2609751E-01   4.7013281E-01   2.8147528E-01
   5.0724638E-01   1.2989772E+02   8.6598478E+01   2.1649620E+02   4.2793378E-02   1.9757086E-01   8.9100023E-02
   5.2173913E-01   4.2096482E+01   1.2628945E+02   1.6838593E+02   2.4472639E-01   5.8393548E-02   8.2280609E-02
   5.3623188E-01   4.0958740E+01   4.0958740E+01   8.1917479E+01   1.2088183E-01   2.8467838E-03   5.9681352E-02
   5.5072464E-01   7.9761756E+01   7.9761756E+01   1.5952351E+02   1.2983636E-01   1.9967794E-01   1.5010526E-01
   5.6521739E-01   1.9429146E+01   1.9429146E+01   3.8858291E+01   4.8333683E-06   3.7304471E-01   1.8652470E-01
   5.7971014E-01   5.6830251E+01   1.8943417E+01   7.5773668E+01   1.4037019E-01   9.8146559E-06   1.0528008E-01
   5.9420290E-01   7.3925530E+01   7.3925530E+01   1.4785106E+02   6.5756503E-02   2.5474487E-01   1.5980203E-01
   6.0869565E-01   1.8041350E+01   7.2165398E+01   9.0206748E+01   2.2628888E-01   1.0728047E-01   4.1204616E-02
   6.2318841E-01   1.0573070E+02   5.2865350E+01   1.5859605E+02   8.6216211E-02   1.9411763E-01   1.2217146E-01
   6.3768116E-01   1.0332773E+02   0.0000000E+00   1.0332773E+02   1.3245910E-01   0.0000000E+00   1.3245910E-01
   6.5217391E-01   6.7354372E+01   3.3677186E+01   1.0103156E+02   1.9009158E-01   1.9916369E-01   1.9267727E-01
   6.6666667E-01   6.5890146E+01   0.0000000E+00   6.5890146E+01   9.3913885E-02   0.0000000E+00   9.3913885E-02
   6.8115942E-01   4.8366171E+01   0.0000000E+00   4.8366171E+01   2.1958975E-01   0.0000000E+00   2.1958975E-01
   6.9565217E-01   1.5786181E+01   1.5786181E+01   3.1572362E+01   2.1546034E-01   7.6033795E-07   1.0773049E-01
   7.1014493E-01   1.5464014E+01   0.0000000E+00   1.5464014E+01   2.2406028E-01   0.0000000E+00   2.2406028E-01
   7.2463768E-01   7.5773668E+01   0.0000000E+00   7.5773668E+01   3.0914394E-01   0.0000000E+00   3.0914394E-01
   7.3913043E-01   1.4857582E+01   0.0000000E+00   1.4857582E+01   2.5135345E-01   0.0000000E+00   2.5135345E-01
   7.5362319E-01   1.4571859E+01   0.0000000E+00   1.4571859E+01   4.3610467E-06   0.0000000E+00   4.3610467E-06
   7.6811594E-01   1.4296919E+01   0.0000000E+00   1.4296919E+01   3.6002058E-01   0.0000000E+00   3.6002058E-01
   7.8260870E-01   2.8064322E+01   1.4032161E+01   4.2096482E+01   3.4655777E-01   3.6784455E-01   3.5365337E-01
   7.9710145E-01   1.3777031E+01   1.3777031E+01   2.7554061E+01   2.7584012E-01   3.8351271E-01   3.1882187E-01
   8.1159420E-01   4.0593037E+01   0.0000000E+00   4.0593037E+01   1.8544247E-01   0.0000000E+00   1.8544247E-01
   8.2608696E-01   1.3293626E+01   2.6587252E+01   3.9880878E+01   1.2488567E-01   1.7601698E-01   1.5893888E-01
   8.4057971E-01   0.0000000E+00   0.0000000E+00   0.0000000E+00   0.0000000E+00   0.0000000E+00   0.0000000E+00
   8.5507246E-01   2.5685989E+01   1.2842995E+01   3.8528984E+01   1.5426787E-05   4.0188291E-01   1.3395353E-01
   8.6956522E-01   3.7886834E+01   0.0000000E+00   3.7886834E+01   1.6327973E-06   0.0000000E+00   1.6327973E-06
   8.8405797E-01   2.4843826E+01   3.7265739E+01   6.2109564E+01   3.6312859E-01   3.1429479E-04   1.4543872E-01
   8.9855072E-01   2.4443119E+01   0.0000000E+00   2.4443119E+01   2.4055834E-01   0.0000000E+00   2.4055834E-01
   9.1304348E-01   2.4055133E+01   1.2027566E+01   3.6082699E+01   1.9416634E-01   1.9386393E-06   1.2944484E-01
   9.2753623E-01   2.3679271E+01   0.0000000E+00   2.3679271E+01   3.7029618E-01   0.0000000E+00   3.7029618E-01
   9.4202899E-01   2.3314975E+01   2.3314975E+01   4.6629950E+01   3.9165003E-01   2.0310481E-01   2.9499645E-01
   9.5652174E-01   2.2961718E+01   0.0000000E+00   2.2961718E+01   4.3138173E-01   0.0000000E+00   4.3138173E-01
   9.7101449E-01   1.1309503E+01   0.0000000E+00   1.1309503E+01   5.0124673E-01   0.0000000E+00   5.0124673E-01
   9.8550725E-01   1.1143187E+01   1.1143187E+01   2.2286373E+01   3.8719040E-01   4.2151536E-01   3.9844704E-01
   1.0000000E+00   0.0000000E+00   0.0000000E+00   0.0000000E+00   0.0000000E+00   0.0000000E+00   0.0000000E+00
