   0.0000000E+00   6.7462812E+07   3.3200991E+07   1.0066380E+08   0.0000000E+00   0.0000000E+00   0.0000000E+00
   1.4492754E-02   6.8085672E+07   3.4316379E+07   1.0240129E+08   0.0000000E+00   0.0000000E+00   0.0000000E+00
   2.8985507E-02   7.2005823E+07   3.6062583E+07   1.0806765E+08   0.0000000E+00   0.0000000E+00   0.0000000E+00
   4.3478261E-02   7.6977965E+07   3.8508178E+07   1.1548463E+08   0.0000000E+00   0.0000000E+00   0.0000000E+00
   5.7971014E-02   8.0461785E+07   4.0167243E+07   1.2062675E+08   0.0000000E+00   0.0000000E+00   0.0000000E+00
   7.2463768E-02   8.0138383E+07   4.0267037E+07   1.2040239E+08   0.0000000E+00   0.0000000E+00   0.0000000E+00
   8.6956522E-02   7.8139827E+07   3.9085826E+07   1.1722338E+08   0.0000000E+00   0.0000000E+00   0.0000000E+00
   1.0144928E-01   7.3893724E+07   3.6862374E+07   1.1075393E+08   0.0000000E+00   0.0000000E+00   0.0000000E+00
   1.1594203E-01   6.9054912E+07   3.4631692E+07   1.0368244E+08   0.0000000E+00   0.0000000E+00   0.0000000E+00
   1.3043478E-01   6.5502295E+07   3.2841823E+07   9.8341340E+07   0.0000000E+00   0.0000000E+00   0.0000000E+00
   1.4492754E-01   6.3994727E+07   3.2034985E+07   9.6025773E+07   0.0000000E+00   0.0000000E+00   0.0000000E+00
   1.5942029E-01   5.5170739E+07   2.7608894E+07   8.2775500E+07   0.0000000E+00   0.0000000E+00   0.0000000E+00
   1.7391304E-01   1.5732824E+07   7.9052142E+06   2.3637975E+07   0.0000000E+00   0.0000000E+00   0.0000000E+00
   1.8840580E-01   3.0504147E+06   1.5340671E+06   4.5845401E+06   0.0000000E+00   0.0000000E+00   0.0000000E+00
   2.0289855E-01   1.7735368E+06   8.8357510E+05   2.6571119E+06   0.0000000E+00   0.0000000E+00   0.0000000E+00
   2.1739130E-01   1.5368415E+06   7.6910273E+05   2.3058938E+06   0.0000000E+00   0.0000000E+00   0.0000000E+00
   2.3188406E-01   1.5198777E+06   7.6971840E+05   2.2895961E+06   0.0000000E+00   0.0000000E+00   0.0000000E+00
   2.4637681E-01   1.5997159E+06   8.0110597E+05   2.4008218E+06   0.0000000E+00   0.0000000E+00   0.0000000E+00
   2.6086957E-01   1.7308390E+06   8.6428288E+05   2.5951219E+06   0.0000000E+00   0.0000000E+00   0.0000000E+00
   2.7536232E-01   1.9049899E+06   9.4246491E+05   2.8474149E+06   0.0000000E+00   0.0000000E+00   0.0000000E+00
   2.8985507E-01   2.0031906E+06   1.0124499E+06   3.0156405E+06   0.0000000E+00   0.0000000E+00   0.0000000E+00
   3.0434783E-01   1.8624807E+06   9.3075323E+05   2.7932339E+06   0.0000000E+00   0.0000000E+00   0.0000000E+00
   3.1884058E-01   1.0765372E+06   5.4495045E+05   1.6214876E+06   0.0000000E+00   0.0000000E+00   0.0000000E+00
   3.3333333E-01   9.0335391E+04   4.3289826E+04   1.3362522E+05   0.0000000E+00   0.0000000E+00   0.0000000E+00
   3.4782609E-01   0.0000000E+00   0.0000000E+00   0.0000000E+00   0.0000000E+00   0.0000000E+00   0.0000000E+00
   3.6231884E-01   0.0000000E+00   0.0000000E+00   0.0000000E+00   0.0000000E+00   0.0000000E+00   0.0000000E+00
   3.7681159E-01   0.0000000E+00   0.0000000E+00   0.0000000E+00   0.0000000E+00   0.0000000E+00   0.0000000E+00
   3.9130435E-01   0.0000000E+00   0.0000000E+00   0.0000000E+00   0.0000000E+00   0.0000000E+00   0.0000000E+00
   4.0579710E-01   0.0000000E+00   0.0000000E+00   0.0000000E+00   0.0000000E+00   0.0000000E+00   0.0000000E+00
   4.2028986E-01   0.0000000E+00   0.0000000E+00   0.0000000E+00   0.0000000E+00   0.0000000E+00   0.0000000E+00
   4.3478261E-01   0.0000000E+00   0.0000000E+00   0.0000000E+00   0.0000000E+00   0.0000000E+00   0.0000000E+00
   4.4927536E-01   0.0000000E+00   0.0000000E+00   0.0000000E+00   0.0000000E+00   0.0000000E+00   0.0000000E+00
   4.6376812E-01   0.0000000E+00   0.0000000E+00   0.0000000E+00   0.0000000E+00   0.0000000E+00   0.0000000E+00
   4.7826087E-01   0.0000000E+00   0.0000000E+00   0.0000000E+00   0.0000000E+00   0.0000000E+00   0.0000000E+00
   4.9275362E-01   0.0000000E+00   0.0000000E+00   0.0000000E+00   0.0000000E+00   0.0000000E+00   0.0000000E+00
   5.0724638E-01   0.0000000E+00   0.0000000E+00   0.0000000E+00   0.0000000E+00   0.0000000E+00   0.0000000E+00
   5.2173913E-01   0.0000000E+00   0.0000000E+00   0.0000000E+00   0.0000000E+00   0.0000000E+00   0.0000000E+00
   5.3623188E-01   0.0000000E+00   0.0000000E+00   0.0000000E+00   0.0000000E+00   0.0000000E+00   0.0000000E+00
   5.5072464E-01   0.0000000E+00   0.0000000E+00   0.0000000E+00   0.0000000E+00   0.0000000E+00   0.0000000E+00
   5.6521739E-01   0.0000000E+00   0.0000000E+00   0.0000000E+00   0.0000000E+00   0.0000000E+00   0.0000000E+00
   5.7971014E-01   0.0000000E+00   0.0000000E+00   0.0000000E+00   0.0000000E+00   0.0000000E+00   0.0000000E+00
   5.9420290E-01   0.0000000E+00   0.0000000E+00   0.0000000E+00   0.0000000E+00   0.0000000E+00   0.0000000E+00
   6.0869565E-01   0.0000000E+00   0.0000000E+00   0.0000000E+00   0.0000000E+00   0.0000000E+00   0.0000000E+00
   6.2318841E-01   0.0000000E+00   0.0000000E+00   0.0000000E+00   0.0000000E+00   0.0000000E+00   0.0000000E+00
   6.3768116E-01   0.0000000E+00   0.0000000E+00   0.0000000E+00   0.0000000E+00   0.0000000E+00   0.0000000E+00
   6.5217391E-01   0.0000000E+00   0.0000000E+00   0.0000000E+00   0.0000000E+00   0.0000000E+00   0.0000000E+00
   6.6666667E-01   0.0000000E+00   0.0000000E+00   0.0000000E+00   0.0000000E+00   0.0000000E+00   0.0000000E+00
   6.8115942E-01   0.0000000E+00   0.0000000E+00   0.0000000E+00   0.0000000E+00   0.0000000E+00   0.0000000E+00
   6.9565217E-01   0.0000000E+00   0.0000000E+00   0.0000000E+00   0.0000000E+00   0.0000000E+00   0.0000000E+00
   7.1014493E-01   0.0000000E+00   0.0000000E+00   0.0000000E+00   0.0000000E+00   0.0000000E+00   0.0000000E+00
   7.2463768E-01   0.0000000E+00   0.0000000E+00   0.0000000E+00   0.0000000E+00   0.0000000E+00   0.0000000E+00
   7.3913043E-01   0.0000000E+00   0.0000000E+00   0.0000000E+00   0.0000000E+00   0.0000000E+00   0.0000000E+00
   7.5362319E-01   0.0000000E+00   0.0000000E+00   0.0000000E+00   0.0000000E+00   0.0000000E+00   0.0000000E+00
   7.6811594E-01   0.0000000E+00   0.0000000E+00   0.0000000E+00   0.0000000E+00   0.0000000E+00   0.0000000E+00
   7.8260870E-01   0.0000000E+00   0.0000000E+00   0.0000000E+00   0.0000000E+00   0.0000000E+00   0.0000000E+00
   7.9710145E-01   0.0000000E+00   0.0000000E+00   0.0000000E+00   0.0000000E+00   0.0000000E+00   0.0000000E+00
   8.1159420E-01   0.0000000E+00   0.0000000E+00   0.0000000E+00   0.0000000E+00   0.0000000E+00   0.0000000E+00
   8.2608696E-01   0.0000000E+00   0.0000000E+00   0.0000000E+00   0.0000000E+00   0.0000000E+00   0.0000000E+00
   8.4057971E-01   0.0000000E+00   0.0000000E+00   0.0000000E+00   0.0000000E+00   0.0000000E+00   0.0000000E+00
   8.5507246E-01   0.0000000E+00   0.0000000E+00   0.0000000E+00   0.0000000E+00   0.0000000E+00   0.0000000E+00
   8.6956522E-01   0.0000000E+00   0.0000000E+00   0.0000000E+00   0.0000000E+00   0.0000000E+00   0.0000000E+00
   8.8405797E-01   0.0000000E+00   0.0000000E+00   0.0000000E+00   0.0000000E+00   0.0000000E+00   0.0000000E+00
   8.9855072E-01   0.0000000E+00   0.0000000E+00   0.0000000E+00   0.0000000E+00   0.0000000E+00   0.0000000E+00
   9.1304348E-01   0.0000000E+00   0.0000000E+00   0.0000000E+00   0.0000000E+00   0.0000000E+00   0.0000000E+00
   9.2753623E-01   0.0000000E+00   0.0000000E+00   0.0000000E+00   0.0000000E+00   0.0000000E+00   0.0000000E+00
   9.4202899E-01   0.0000000E+00   0.0000000E+00   0.0000000E+00   0.0000000E+00   0.0000000E+00   0.0000000E+00
   9.5652174E-01   0.0000000E+00   0.0000000E+00   0.0000000E+00   0.0000000E+00   0.0000000E+00   0.0000000E+00
   9.7101449E-01   0.0000000E+00   0.0000000E+00   0.0000000E+00   0.0000000E+00   0.0000000E+00   0.0000000E+00
   9.8550725E-01   0.0000000E+00   0.0000000E+00   0.0000000E+00   0.0000000E+00   0.0000000E+00   0.0000000E+00
   1.0000000E+00   0.0000000E+00   0.0000000E+00   0.0000000E+00   0.0000000E+00   0.0000000E+00   0.0000000E+00
