#depth	Si	Si+	Si+2	Si+3	Si+4	Si+5	Si+6	Si+7	Si+8	Si+9	Si+10	Si+11	Si+12	Si+13	Si+14
 6.17135e+19	0.00e+00	0.00e+00	0.00e+00	0.00e+00	8.78e-33	1.12e-27	3.88e-23	3.79e-19	1.31e-15	1.97e-12	1.86e-09	1.12e-06	1.40e-03	6.84e-02	9.30e-01
 1.87609e+20	0.00e+00	0.00e+00	0.00e+00	0.00e+00	2.31e-32	2.67e-27	8.39e-23	7.43e-19	2.33e-15	3.19e-12	2.72e-09	1.48e-06	1.68e-03	7.47e-02	9.24e-01
 3.18540e+20	0.00e+00	0.00e+00	0.00e+00	0.00e+00	6.17e-32	6.44e-27	1.83e-22	1.47e-18	4.20e-15	5.20e-12	3.99e-09	1.97e-06	2.02e-03	8.17e-02	9.16e-01
 4.54709e+20	0.00e+00	0.00e+00	0.00e+00	0.00e+00	1.67e-31	1.57e-26	4.03e-22	2.93e-18	7.60e-15	8.54e-12	5.90e-09	2.63e-06	2.45e-03	8.93e-02	9.08e-01
 5.47535e+20	0.00e+00	0.00e+00	0.00e+00	0.00e+00	3.25e-31	2.86e-26	6.85e-22	4.67e-18	1.13e-14	1.19e-11	7.66e-09	3.20e-06	2.78e-03	9.48e-02	9.02e-01
 5.82109e+20	0.00e+00	0.00e+00	0.00e+00	0.00e+00	4.18e-31	3.59e-26	8.38e-22	5.56e-18	1.32e-14	1.35e-11	8.46e-09	3.44e-06	2.91e-03	9.70e-02	9.00e-01
 6.07795e+20	0.00e+00	0.00e+00	0.00e+00	0.00e+00	4.96e-31	4.18e-26	9.59e-22	6.26e-18	1.46e-14	1.47e-11	9.05e-09	3.62e-06	3.01e-03	9.85e-02	8.99e-01
 6.41186e+20	0.00e+00	0.00e+00	0.00e+00	0.00e+00	6.26e-31	5.15e-26	1.15e-21	7.36e-18	1.68e-14	1.65e-11	9.92e-09	3.87e-06	3.14e-03	1.01e-01	8.96e-01
 6.84596e+20	0.00e+00	0.00e+00	0.00e+00	0.00e+00	8.45e-31	6.74e-26	1.46e-21	9.07e-18	2.01e-14	1.92e-11	1.12e-08	4.23e-06	3.33e-03	1.03e-01	8.93e-01
 7.41027e+20	0.00e+00	0.00e+00	0.00e+00	0.00e+00	1.24e-30	9.53e-26	1.99e-21	1.19e-17	2.53e-14	2.33e-11	1.30e-08	4.73e-06	3.58e-03	1.07e-01	8.90e-01
 8.02671e+20	0.00e+00	0.00e+00	0.00e+00	0.00e+00	1.89e-30	1.39e-25	2.78e-21	1.59e-17	3.25e-14	2.88e-11	1.53e-08	5.35e-06	3.87e-03	1.11e-01	8.85e-01
 8.56252e+20	0.00e+00	0.00e+00	0.00e+00	0.00e+00	2.71e-30	1.92e-25	3.70e-21	2.04e-17	4.04e-14	3.45e-11	1.76e-08	5.94e-06	4.15e-03	1.14e-01	8.81e-01
 9.02865e+20	0.00e+00	0.00e+00	0.00e+00	0.00e+00	3.70e-30	2.54e-25	4.74e-21	2.54e-17	4.87e-14	4.03e-11	2.00e-08	6.51e-06	4.40e-03	1.18e-01	8.78e-01
 9.55258e+20	0.00e+00	0.00e+00	0.00e+00	0.00e+00	5.17e-30	3.42e-25	6.19e-21	3.20e-17	5.96e-14	4.77e-11	2.28e-08	7.18e-06	4.69e-03	1.21e-01	8.74e-01
 1.02337e+21	0.00e+00	0.00e+00	0.00e+00	0.00e+00	8.11e-30	5.13e-25	8.85e-21	4.39e-17	7.81e-14	5.99e-11	2.72e-08	8.19e-06	5.10e-03	1.26e-01	8.69e-01
 1.09144e+21	0.00e+00	0.00e+00	0.00e+00	0.00e+00	1.26e-29	7.60e-25	1.26e-20	5.95e-17	1.02e-13	7.47e-11	3.24e-08	9.32e-06	5.54e-03	1.31e-01	8.64e-01
 1.14281e+21	0.00e+00	0.00e+00	0.00e+00	0.00e+00	1.74e-29	1.02e-24	1.63e-20	7.48e-17	1.24e-13	8.81e-11	3.68e-08	1.03e-05	5.89e-03	1.35e-01	8.60e-01
 1.19293e+21	0.00e+00	0.00e+00	0.00e+00	0.00e+00	2.39e-29	1.35e-24	2.09e-20	9.32e-17	1.50e-13	1.03e-10	4.17e-08	1.12e-05	6.25e-03	1.38e-01	8.56e-01
 1.25809e+21	0.00e+00	0.00e+00	0.00e+00	0.00e+00	3.58e-29	1.95e-24	2.89e-20	1.24e-16	1.91e-13	1.27e-10	4.90e-08	1.27e-05	6.75e-03	1.43e-01	8.50e-01
 1.32562e+21	0.00e+00	0.00e+00	0.00e+00	0.00e+00	5.43e-29	2.83e-24	4.03e-20	1.66e-16	2.46e-13	1.57e-10	5.78e-08	1.43e-05	7.30e-03	1.48e-01	8.44e-01
 1.38146e+21	0.00e+00	0.00e+00	0.00e+00	0.00e+00	7.62e-29	3.84e-24	5.28e-20	2.10e-16	3.02e-13	1.86e-10	6.61e-08	1.58e-05	7.78e-03	1.53e-01	8.40e-01
 1.43931e+21	0.00e+00	0.00e+00	0.00e+00	0.00e+00	1.08e-28	5.24e-24	6.96e-20	2.68e-16	3.73e-13	2.22e-10	7.59e-08	1.75e-05	8.30e-03	1.57e-01	8.35e-01
 1.51451e+21	0.00e+00	0.00e+00	0.00e+00	0.00e+00	1.68e-28	7.82e-24	9.93e-20	3.66e-16	4.89e-13	2.79e-10	9.06e-08	2.00e-05	9.03e-03	1.63e-01	8.28e-01
 1.58779e+21	0.00e+00	0.00e+00	0.00e+00	0.00e+00	2.59e-28	1.15e-23	1.40e-19	4.94e-16	6.35e-13	3.47e-10	1.08e-07	2.27e-05	9.78e-03	1.69e-01	8.21e-01
 1.64201e+21	0.00e+00	0.00e+00	0.00e+00	0.00e+00	3.54e-28	1.52e-23	1.80e-19	6.16e-16	7.68e-13	4.07e-10	1.22e-07	2.48e-05	1.04e-02	1.74e-01	8.16e-01
 1.69593e+21	0.00e+00	0.00e+00	0.00e+00	0.00e+00	4.81e-28	2.01e-23	2.30e-19	7.64e-16	9.25e-13	4.76e-10	1.38e-07	2.72e-05	1.10e-02	1.78e-01	8.11e-01
 1.76601e+21	0.00e+00	0.00e+00	0.00e+00	0.00e+00	7.13e-28	2.86e-23	3.15e-19	1.01e-15	1.18e-12	5.82e-10	1.61e-07	3.05e-05	1.18e-02	1.84e-01	8.04e-01
 1.83972e+21	0.00e+00	0.00e+00	0.00e+00	3.54e-33	1.07e-27	4.13e-23	4.36e-19	1.34e-15	1.51e-12	7.18e-10	1.90e-07	3.45e-05	1.28e-02	1.90e-01	7.97e-01
 1.90234e+21	0.00e+00	0.00e+00	0.00e+00	5.15e-33	1.51e-27	5.62e-23	5.74e-19	1.71e-15	1.86e-12	8.56e-10	2.18e-07	3.81e-05	1.36e-02	1.95e-01	7.91e-01
 1.96794e+21	0.00e+00	0.00e+00	0.00e+00	7.58e-33	2.15e-27	7.72e-23	7.60e-19	2.19e-15	2.31e-12	1.03e-09	2.51e-07	4.23e-05	1.45e-02	2.01e-01	7.84e-01
 2.04024e+21	0.00e+00	0.00e+00	0.00e+00	1.15e-32	3.15e-27	1.09e-22	1.03e-18	2.87e-15	2.92e-12	1.25e-09	2.92e-07	4.73e-05	1.56e-02	2.07e-01	7.77e-01
 2.10648e+21	0.00e+00	0.00e+00	0.00e+00	1.69e-32	4.46e-27	1.49e-22	1.36e-18	3.66e-15	3.61e-12	1.49e-09	3.36e-07	5.24e-05	1.66e-02	2.13e-01	7.70e-01
 2.16684e+21	0.00e+00	0.00e+00	0.00e+00	2.37e-32	6.08e-27	1.97e-22	1.75e-18	4.55e-15	4.36e-12	1.75e-09	3.80e-07	5.74e-05	1.76e-02	2.18e-01	7.64e-01
 2.23430e+21	0.00e+00	0.00e+00	0.00e+00	3.44e-32	8.54e-27	2.67e-22	2.30e-18	5.79e-15	5.38e-12	2.09e-09	4.36e-07	6.35e-05	1.88e-02	2.24e-01	7.57e-01
 2.30970e+21	0.00e+00	0.00e+00	0.00e+00	5.18e-32	1.24e-26	3.75e-22	3.10e-18	7.55e-15	6.77e-12	2.54e-09	5.07e-07	7.09e-05	2.01e-02	2.31e-01	7.49e-01
 2.38010e+21	0.00e+00	0.00e+00	0.00e+00	7.55e-32	1.75e-26	5.11e-22	4.09e-18	9.63e-15	8.37e-12	3.03e-09	5.83e-07	7.85e-05	2.14e-02	2.37e-01	7.42e-01
 2.44598e+21	0.00e+00	0.00e+00	0.00e+00	1.07e-31	2.40e-26	6.79e-22	5.27e-18	1.20e-14	1.02e-11	3.57e-09	6.62e-07	8.61e-05	2.27e-02	2.43e-01	7.35e-01
 2.52132e+21	0.00e+00	0.00e+00	0.00e+00	1.57e-31	3.43e-26	9.35e-22	7.01e-18	1.55e-14	1.27e-11	4.29e-09	7.63e-07	9.56e-05	2.42e-02	2.49e-01	7.27e-01
 2.60230e+21	0.00e+00	0.00e+00	0.00e+00	2.37e-31	4.98e-26	1.31e-21	9.47e-18	2.02e-14	1.59e-11	5.21e-09	8.88e-07	1.07e-04	2.59e-02	2.56e-01	7.18e-01
 2.67359e+21	0.00e+00	0.00e+00	0.00e+00	3.37e-31	6.89e-26	1.76e-21	1.23e-17	2.54e-14	1.95e-11	6.16e-09	1.01e-06	1.17e-04	2.75e-02	2.62e-01	7.10e-01
 2.74926e+21	0.00e+00	0.00e+00	0.00e+00	4.87e-31	9.64e-26	2.38e-21	1.61e-17	3.22e-14	2.40e-11	7.33e-09	1.16e-06	1.29e-04	2.92e-02	2.69e-01	7.02e-01
 2.83418e+21	0.00e+00	0.00e+00	0.00e+00	7.30e-31	1.40e-25	3.32e-21	2.17e-17	4.19e-14	3.01e-11	8.88e-09	1.34e-06	1.44e-04	3.12e-02	2.76e-01	6.93e-01
 2.91414e+21	0.00e+00	0.00e+00	0.00e+00	1.06e-30	1.96e-25	4.52e-21	2.86e-17	5.34e-14	3.72e-11	1.06e-08	1.54e-06	1.59e-04	3.32e-02	2.83e-01	6.84e-01
 2.98946e+21	0.00e+00	0.00e+00	0.00e+00	1.50e-30	2.69e-25	6.01e-21	3.68e-17	6.68e-14	4.52e-11	1.25e-08	1.75e-06	1.75e-04	3.51e-02	2.89e-01	6.76e-01
 3.07575e+21	0.00e+00	0.00e+00	0.00e+00	2.20e-30	3.84e-25	8.27e-21	4.90e-17	8.59e-14	5.63e-11	1.50e-08	2.02e-06	1.94e-04	3.74e-02	2.96e-01	6.66e-01
 3.17228e+21	0.00e+00	0.00e+00	0.00e+00	3.36e-30	5.65e-25	1.17e-20	6.69e-17	1.13e-13	7.15e-11	1.84e-08	2.36e-06	2.17e-04	4.01e-02	3.04e-01	6.56e-01
 3.25841e+21	0.00e+00	0.00e+00	0.00e+00	4.87e-30	7.93e-25	1.60e-20	8.79e-17	1.44e-13	8.82e-11	2.19e-08	2.70e-06	2.39e-04	4.25e-02	3.11e-01	6.46e-01
 3.33296e+21	0.00e+00	0.00e+00	0.00e+00	6.66e-30	1.06e-24	2.07e-20	1.11e-16	1.77e-13	1.05e-10	2.54e-08	3.03e-06	2.60e-04	4.47e-02	3.17e-01	6.38e-01
 3.41616e+21	0.00e+00	0.00e+00	0.00e+00	9.36e-30	1.45e-24	2.74e-20	1.43e-16	2.21e-13	1.28e-10	2.98e-08	3.44e-06	2.84e-04	4.73e-02	3.23e-01	6.29e-01
 3.52431e+21	0.00e+00	0.00e+00	0.00e+00	1.45e-29	2.16e-24	3.94e-20	1.97e-16	2.93e-13	1.64e-10	3.67e-08	4.03e-06	3.18e-04	5.07e-02	3.31e-01	6.18e-01
 3.63510e+21	0.00e+00	0.00e+00	0.00e+00	2.24e-29	3.22e-24	5.66e-20	2.72e-16	3.90e-13	2.10e-10	4.52e-08	4.73e-06	3.57e-04	5.43e-02	3.40e-01	6.06e-01
 3.72571e+21	0.00e+00	0.00e+00	0.00e+00	3.18e-29	4.44e-24	7.56e-20	3.53e-16	4.90e-13	2.56e-10	5.33e-08	5.38e-06	3.91e-04	5.73e-02	3.46e-01	5.96e-01
 3.81989e+21	0.00e+00	0.00e+00	0.00e+00	4.53e-29	6.15e-24	1.02e-19	4.59e-16	6.17e-13	3.12e-10	6.30e-08	6.12e-06	4.29e-04	6.06e-02	3.53e-01	5.86e-01
 3.94232e+21	0.00e+00	0.00e+00	0.00e+00	7.11e-29	9.30e-24	1.48e-19	6.41e-16	8.28e-13	4.03e-10	7.80e-08	7.21e-06	4.82e-04	6.49e-02	3.61e-01	5.73e-01
 4.06721e+21	0.00e+00	0.00e+00	0.00e+00	1.12e-28	1.41e-23	2.14e-19	8.95e-16	1.11e-12	5.20e-10	9.64e-08	8.50e-06	5.42e-04	6.96e-02	3.69e-01	5.60e-01
 4.16413e+21	0.00e+00	0.00e+00	0.00e+00	1.57e-28	1.92e-23	2.85e-19	1.15e-15	1.39e-12	6.31e-10	1.13e-07	9.62e-06	5.91e-04	7.33e-02	3.76e-01	5.50e-01
 4.25896e+21	0.00e+00	0.00e+00	2.83e-33	2.18e-28	2.60e-23	3.74e-19	1.47e-15	1.72e-12	7.59e-10	1.32e-07	1.08e-05	6.43e-04	7.70e-02	3.82e-01	5.41e-01
 4.38225e+21	0.00e+00	0.00e+00	4.52e-33	3.30e-28	3.80e-23	5.28e-19	2.00e-15	2.25e-12	9.60e-10	1.61e-07	1.26e-05	7.15e-04	8.19e-02	3.89e-01	5.28e-01
 4.51058e+21	0.00e+00	0.00e+00	7.28e-33	5.04e-28	5.62e-23	7.51e-19	2.74e-15	2.97e-12	1.22e-09	1.96e-07	1.47e-05	7.96e-04	8.73e-02	3.96e-01	5.15e-01
 4.61822e+21	0.00e+00	0.00e+00	1.08e-32	7.15e-28	7.75e-23	1.00e-18	3.55e-15	3.73e-12	1.49e-09	2.31e-07	1.66e-05	8.70e-04	9.18e-02	4.02e-01	5.05e-01
 4.73089e+21	0.00e+00	0.00e+00	1.61e-32	1.02e-27	1.07e-22	1.35e-18	4.62e-15	4.71e-12	1.82e-09	2.73e-07	1.89e-05	9.51e-04	9.67e-02	4.08e-01	4.94e-01
 4.87736e+21	0.00e+00	0.00e+00	2.67e-32	1.61e-27	1.63e-22	1.97e-18	6.47e-15	6.32e-12	2.35e-09	3.38e-07	2.22e-05	1.07e-03	1.03e-01	4.16e-01	4.80e-01
 5.02609e+21	0.00e+00	0.00e+00	4.43e-32	2.52e-27	2.47e-22	2.87e-18	9.05e-15	8.49e-12	3.03e-09	4.17e-07	2.61e-05	1.19e-03	1.10e-01	4.23e-01	4.66e-01
 5.14577e+21	0.00e+00	0.00e+00	6.60e-32	3.59e-27	3.42e-22	3.85e-18	1.18e-14	1.07e-11	3.70e-09	4.92e-07	2.97e-05	1.30e-03	1.16e-01	4.28e-01	4.55e-01
 5.25131e+21	0.00e+00	0.00e+00	9.32e-32	4.89e-27	4.55e-22	4.98e-18	1.48e-14	1.31e-11	4.40e-09	5.68e-07	3.31e-05	1.40e-03	1.21e-01	4.33e-01	4.45e-01
 5.37043e+21	0.00e+00	0.00e+00	1.37e-31	6.87e-27	6.21e-22	6.60e-18	1.91e-14	1.63e-11	5.32e-09	6.65e-07	3.73e-05	1.53e-03	1.27e-01	4.38e-01	4.34e-01
 5.52530e+21	0.00e+00	0.00e+00	2.22e-31	1.06e-26	9.25e-22	9.47e-18	2.63e-14	2.16e-11	6.79e-09	8.13e-07	4.35e-05	1.70e-03	1.34e-01	4.43e-01	4.20e-01
 5.68317e+21	0.00e+00	0.00e+00	3.61e-31	1.63e-26	1.38e-21	1.36e-17	3.63e-14	2.87e-11	8.67e-09	9.94e-07	5.07e-05	1.88e-03	1.42e-01	4.49e-01	4.07e-01
 5.81080e+21	0.00e+00	0.00e+00	5.31e-31	2.30e-26	1.89e-21	1.81e-17	4.69e-14	3.59e-11	1.05e-08	1.17e-06	5.72e-05	2.05e-03	1.49e-01	4.53e-01	3.96e-01
 5.94257e+21	0.00e+00	0.00e+00	7.83e-31	3.25e-26	2.60e-21	2.42e-17	6.07e-14	4.50e-11	1.28e-08	1.37e-06	6.46e-05	2.23e-03	1.56e-01	4.57e-01	3.85e-01
 6.11388e+21	0.00e+00	0.00e+00	1.29e-30	5.05e-26	3.91e-21	3.49e-17	8.43e-14	6.01e-11	1.64e-08	1.68e-06	7.54e-05	2.47e-03	1.65e-01	4.61e-01	3.71e-01
 6.29041e+21	0.00e+00	0.00e+00	2.13e-30	7.89e-26	5.90e-21	5.07e-17	1.18e-13	8.04e-11	2.10e-08	2.06e-06	8.81e-05	2.75e-03	1.75e-01	4.66e-01	3.57e-01
 6.43435e+21	0.00e+00	0.00e+00	3.18e-30	1.13e-25	8.20e-21	6.83e-17	1.54e-13	1.02e-10	2.57e-08	2.43e-06	9.98e-05	2.99e-03	1.83e-01	4.69e-01	3.46e-01
 6.58207e+21	0.00e+00	0.00e+00	4.75e-30	1.61e-25	1.14e-20	9.22e-17	2.01e-13	1.28e-10	3.14e-08	2.87e-06	1.13e-04	3.25e-03	1.91e-01	4.71e-01	3.34e-01
 6.73785e+21	0.00e+00	0.00e+00	7.22e-30	2.33e-25	1.61e-20	1.26e-16	2.65e-13	1.64e-10	3.88e-08	3.41e-06	1.29e-04	3.55e-03	2.00e-01	4.73e-01	3.23e-01
 6.87066e+21	0.00e+00	0.00e+00	1.03e-29	3.19e-25	2.15e-20	1.63e-16	3.35e-13	2.01e-10	4.62e-08	3.94e-06	1.43e-04	3.81e-03	2.08e-01	4.75e-01	3.13e-01
 7.00985e+21	0.00e+00	0.00e+00	1.47e-29	4.39e-25	2.89e-20	2.14e-16	4.25e-13	2.48e-10	5.53e-08	4.56e-06	1.60e-04	4.10e-03	2.16e-01	4.77e-01	3.03e-01
 7.19081e+21	0.00e+00	0.00e+00	2.33e-29	6.59e-25	4.21e-20	3.01e-16	5.77e-13	3.24e-10	6.96e-08	5.51e-06	1.84e-04	4.51e-03	2.26e-01	4.78e-01	2.91e-01
 7.37231e+21	0.00e+00	0.00e+00	3.68e-29	9.87e-25	6.12e-20	4.23e-16	7.83e-13	4.22e-10	8.75e-08	6.64e-06	2.12e-04	4.94e-03	2.37e-01	4.79e-01	2.79e-01
 7.51419e+21	0.00e+00	0.00e+00	5.22e-29	1.35e-24	8.17e-20	5.50e-16	9.88e-13	5.18e-10	1.04e-07	7.66e-06	2.36e-04	5.30e-03	2.46e-01	4.79e-01	2.70e-01
 7.63197e+21	0.00e+00	0.00e+00	6.95e-29	1.73e-24	1.03e-19	6.80e-16	1.20e-12	6.11e-10	1.20e-07	8.60e-06	2.57e-04	5.61e-03	2.53e-01	4.79e-01	2.62e-01
 7.75874e+21	0.00e+00	0.00e+00	9.43e-29	2.27e-24	1.33e-19	8.54e-16	1.47e-12	7.31e-10	1.40e-07	9.74e-06	2.82e-04	5.97e-03	2.60e-01	4.79e-01	2.54e-01
 7.92355e+21	0.00e+00	0.00e+00	1.39e-28	3.19e-24	1.82e-19	1.14e-15	1.90e-12	9.16e-10	1.70e-07	1.14e-05	3.18e-04	6.44e-03	2.70e-01	4.78e-01	2.45e-01
 8.09147e+21	0.00e+00	0.00e+00	2.06e-28	4.51e-24	2.52e-19	1.53e-15	2.47e-12	1.15e-09	2.07e-07	1.34e-05	3.58e-04	6.96e-03	2.81e-01	4.77e-01	2.35e-01
 8.22590e+21	0.00e+00	0.00e+00	2.80e-28	5.93e-24	3.25e-19	1.93e-15	3.04e-12	1.38e-09	2.42e-07	1.52e-05	3.93e-04	7.40e-03	2.89e-01	4.76e-01	2.27e-01
 8.36311e+21	0.00e+00	3.14e-33	3.82e-28	7.79e-24	4.19e-19	2.43e-15	3.74e-12	1.66e-09	2.82e-07	1.72e-05	4.32e-04	7.86e-03	2.97e-01	4.75e-01	2.20e-01
 8.50895e+21	0.00e+00	4.53e-33	5.31e-28	1.04e-23	5.49e-19	3.11e-15	4.66e-12	2.01e-09	3.33e-07	1.97e-05	4.76e-04	8.37e-03	3.06e-01	4.73e-01	2.12e-01
 8.63420e+21	0.00e+00	6.20e-33	7.01e-28	1.33e-23	6.90e-19	3.84e-15	5.62e-12	2.36e-09	3.83e-07	2.21e-05	5.18e-04	8.84e-03	3.14e-01	4.72e-01	2.05e-01
 8.74808e+21	0.00e+00	8.17e-33	8.98e-28	1.65e-23	8.46e-19	4.62e-15	6.64e-12	2.73e-09	4.34e-07	2.44e-05	5.58e-04	9.27e-03	3.21e-01	4.70e-01	1.99e-01
 8.87901e+21	0.00e+00	1.13e-32	1.19e-27	2.11e-23	1.07e-18	5.72e-15	8.04e-12	3.23e-09	5.00e-07	2.74e-05	6.08e-04	9.79e-03	3.29e-01	4.68e-01	1.93e-01
 9.02622e+21	0.00e+00	1.60e-32	1.64e-27	2.79e-23	1.39e-18	7.25e-15	9.95e-12	3.89e-09	5.87e-07	3.12e-05	6.69e-04	1.04e-02	3.38e-01	4.65e-01	1.86e-01
 9.16465e+21	0.00e+00	2.23e-32	2.19e-27	3.61e-23	1.77e-18	9.05e-15	1.21e-11	4.63e-09	6.81e-07	3.52e-05	7.31e-04	1.10e-02	3.46e-01	4.63e-01	1.79e-01
 9.29316e+21	0.00e+00	3.02e-32	2.87e-27	4.56e-23	2.21e-18	1.11e-14	1.46e-11	5.43e-09	7.80e-07	3.93e-05	7.93e-04	1.16e-02	3.54e-01	4.60e-01	1.73e-01
 9.43873e+21	0.00e+00	4.24e-32	3.88e-27	5.93e-23	2.83e-18	1.39e-14	1.79e-11	6.48e-09	9.09e-07	4.45e-05	8.68e-04	1.22e-02	3.63e-01	4.57e-01	1.67e-01
 9.59096e+21	0.00e+00	6.04e-32	5.31e-27	7.80e-23	3.66e-18	1.76e-14	2.21e-11	7.81e-09	1.07e-06	5.06e-05	9.53e-04	1.30e-02	3.72e-01	4.53e-01	1.60e-01
 9.71817e+21	0.00e+00	8.09e-32	6.88e-27	9.77e-23	4.54e-18	2.15e-14	2.64e-11	9.11e-09	1.22e-06	5.63e-05	1.03e-03	1.36e-02	3.80e-01	4.50e-01	1.55e-01
 9.84988e+21	0.00e+00	1.09e-31	8.95e-27	1.23e-22	5.64e-18	2.62e-14	3.16e-11	1.07e-08	1.39e-06	6.27e-05	1.12e-03	1.43e-02	3.88e-01	4.47e-01	1.50e-01
 1.00211e+22	0.00e+00	1.60e-31	1.25e-26	1.65e-22	7.47e-18	3.40e-14	3.99e-11	1.31e-08	1.65e-06	7.21e-05	1.24e-03	1.52e-02	3.98e-01	4.42e-01	1.43e-01
 1.01924e+22	0.00e+00	2.34e-31	1.76e-26	2.21e-22	9.88e-18	4.40e-14	5.03e-11	1.60e-08	1.97e-06	8.30e-05	1.37e-03	1.62e-02	4.08e-01	4.38e-01	1.36e-01
 1.03250e+22	0.00e+00	3.14e-31	2.28e-26	2.77e-22	1.22e-17	5.36e-14	6.01e-11	1.87e-08	2.25e-06	9.23e-05	1.48e-03	1.70e-02	4.16e-01	4.34e-01	1.31e-01
 1.04584e+22	0.00e+00	4.20e-31	2.94e-26	3.45e-22	1.51e-17	6.51e-14	7.17e-11	2.18e-08	2.56e-06	1.03e-04	1.60e-03	1.78e-02	4.24e-01	4.30e-01	1.27e-01
 1.06317e+22	0.00e+00	6.09e-31	4.08e-26	4.58e-22	1.99e-17	8.38e-14	9.01e-11	2.66e-08	3.04e-06	1.18e-04	1.76e-03	1.90e-02	4.34e-01	4.24e-01	1.21e-01
 1.08097e+22	0.00e+00	8.93e-31	5.72e-26	6.12e-22	2.63e-17	1.09e-13	1.14e-10	3.26e-08	3.61e-06	1.35e-04	1.95e-03	2.02e-02	4.45e-01	4.19e-01	1.15e-01
 1.09485e+22	0.00e+00	1.20e-30	7.41e-26	7.66e-22	3.27e-17	1.33e-13	1.37e-10	3.82e-08	4.14e-06	1.51e-04	2.11e-03	2.11e-02	4.53e-01	4.14e-01	1.10e-01
 1.10655e+22	0.00e+00	1.53e-30	9.19e-26	9.22e-22	3.91e-17	1.57e-13	1.59e-10	4.37e-08	4.63e-06	1.65e-04	2.26e-03	2.20e-02	4.59e-01	4.10e-01	1.07e-01
 1.11997e+22	0.00e+00	2.03e-30	1.17e-25	1.14e-21	4.80e-17	1.90e-13	1.89e-10	5.07e-08	5.26e-06	1.83e-04	2.43e-03	2.30e-02	4.67e-01	4.05e-01	1.02e-01
 1.13742e+22	0.00e+00	2.90e-30	1.61e-25	1.49e-21	6.24e-17	2.43e-13	2.36e-10	6.16e-08	6.21e-06	2.09e-04	2.68e-03	2.43e-02	4.76e-01	3.99e-01	9.74e-02
 1.15502e+22	0.00e+00	4.17e-30	2.21e-25	1.95e-21	8.15e-17	3.11e-13	2.95e-10	7.50e-08	7.34e-06	2.39e-04	2.95e-03	2.58e-02	4.86e-01	3.93e-01	9.24e-02
 1.16884e+22	0.00e+00	5.53e-30	2.82e-25	2.40e-21	1.00e-16	3.77e-13	3.52e-10	8.74e-08	8.37e-06	2.66e-04	3.18e-03	2.69e-02	4.94e-01	3.87e-01	8.87e-02
 1.18281e+22	0.00e+00	7.31e-30	3.60e-25	2.96e-21	1.23e-16	4.57e-13	4.19e-10	1.02e-07	9.53e-06	2.95e-04	3.43e-03	2.81e-02	5.01e-01	3.82e-01	8.51e-02
 1.20097e+22	0.00e+00	1.05e-29	4.91e-25	3.86e-21	1.60e-16	5.85e-13	5.26e-10	1.24e-07	1.13e-05	3.37e-04	3.77e-03	2.98e-02	5.10e-01	3.75e-01	8.05e-02
 1.21940e+22	0.00e+00	1.51e-29	6.75e-25	5.04e-21	2.09e-16	7.53e-13	6.62e-10	1.52e-07	1.34e-05	3.86e-04	4.16e-03	3.15e-02	5.20e-01	3.68e-01	7.61e-02
 1.23398e+22	0.00e+00	2.01e-29	8.64e-25	6.22e-21	2.58e-16	9.18e-13	7.93e-10	1.78e-07	1.53e-05	4.30e-04	4.50e-03	3.30e-02	5.27e-01	3.62e-01	7.27e-02
 1.24873e+22	0.00e+00	2.66e-29	1.10e-24	7.64e-21	3.18e-16	1.12e-12	9.49e-10	2.08e-07	1.75e-05	4.78e-04	4.85e-03	3.45e-02	5.34e-01	3.56e-01	6.94e-02
 1.26791e+22	0.00e+00	3.83e-29	1.51e-24	9.95e-21	4.16e-16	1.44e-12	1.20e-09	2.54e-07	2.07e-05	5.49e-04	5.35e-03	3.65e-02	5.44e-01	3.49e-01	6.54e-02
 1.28746e+22	0.00e+00	5.54e-29	2.08e-24	1.30e-20	5.46e-16	1.86e-12	1.52e-09	3.13e-07	2.47e-05	6.31e-04	5.92e-03	3.86e-02	5.53e-01	3.41e-01	6.14e-02
 1.30306e+22	0.00e+00	7.44e-29	2.67e-24	1.60e-20	6.79e-16	2.29e-12	1.83e-09	3.70e-07	2.85e-05	7.07e-04	6.42e-03	4.04e-02	5.60e-01	3.34e-01	5.83e-02
 1.31891e+22	0.00e+00	9.88e-29	3.41e-24	1.97e-20	8.37e-16	2.80e-12	2.20e-09	4.34e-07	3.26e-05	7.87e-04	6.93e-03	4.22e-02	5.67e-01	3.28e-01	5.55e-02
 1.33951e+22	0.00e+00	1.43e-28	4.68e-24	2.56e-20	1.10e-15	3.63e-12	2.80e-09	5.35e-07	3.89e-05	9.05e-04	7.66e-03	4.47e-02	5.75e-01	3.19e-01	5.20e-02
 1.36050e+22	0.00e+00	2.07e-28	6.44e-24	3.34e-20	1.45e-15	4.72e-12	3.57e-09	6.62e-07	4.65e-05	1.04e-03	8.49e-03	4.74e-02	5.84e-01	3.11e-01	4.85e-02
 1.37738e+22	0.00e+00	2.78e-28	8.29e-24	4.11e-20	1.80e-15	5.82e-12	4.33e-09	7.83e-07	5.36e-05	1.17e-03	9.20e-03	4.95e-02	5.90e-01	3.04e-01	4.59e-02
 1.39473e+22	0.00e+00	3.73e-28	1.06e-23	5.05e-20	2.24e-15	7.18e-12	5.25e-09	9.28e-07	6.19e-05	1.31e-03	9.97e-03	5.18e-02	5.97e-01	2.97e-01	4.34e-02
 1.41388e+22	0.00e+00	5.15e-28	1.40e-23	6.33e-20	2.84e-15	9.02e-12	6.48e-09	1.12e-06	7.23e-05	1.48e-03	1.09e-02	5.44e-02	6.03e-01	2.89e-01	4.07e-02
 1.43114e+22	0.00e+00	6.84e-28	1.78e-23	7.72e-20	3.51e-15	1.11e-11	7.82e-09	1.32e-06	8.30e-05	1.65e-03	1.18e-02	5.68e-02	6.09e-01	2.82e-01	3.85e-02
 1.44676e+22	0.00e+00	8.80e-28	2.21e-23	9.20e-20	4.23e-15	1.32e-11	9.24e-09	1.52e-06	9.38e-05	1.82e-03	1.26e-02	5.91e-02	6.14e-01	2.76e-01	3.65e-02
 1.46446e+22	0.00e+00	1.16e-27	2.80e-23	1.12e-19	5.20e-15	1.62e-11	1.11e-08	1.79e-06	1.07e-04	2.03e-03	1.36e-02	6.16e-02	6.19e-01	2.69e-01	3.45e-02
 1.48747e+22	0.00e+00	1.65e-27	3.77e-23	1.43e-19	6.75e-15	2.08e-11	1.40e-08	2.20e-06	1.28e-04	2.32e-03	1.50e-02	6.49e-02	6.25e-01	2.61e-01	3.20e-02
 1.51057e+22	0.00e+00	2.34e-27	5.07e-23	1.82e-19	8.75e-15	2.67e-11	1.77e-08	2.70e-06	1.51e-04	2.66e-03	1.65e-02	6.84e-02	6.31e-01	2.52e-01	2.97e-02
 1.52860e+22	0.00e+00	3.06e-27	6.36e-23	2.18e-19	1.06e-14	3.23e-11	2.11e-08	3.15e-06	1.72e-04	2.95e-03	1.77e-02	7.11e-02	6.35e-01	2.45e-01	2.80e-02
 1.54685e+22	0.00e+00	3.97e-27	7.93e-23	2.61e-19	1.29e-14	3.89e-11	2.51e-08	3.67e-06	1.95e-04	3.26e-03	1.90e-02	7.39e-02	6.38e-01	2.39e-01	2.64e-02
 1.57056e+22	0.00e+00	5.52e-27	1.05e-22	3.28e-19	1.64e-14	4.92e-11	3.13e-08	4.45e-06	2.29e-04	3.69e-03	2.08e-02	7.75e-02	6.42e-01	2.31e-01	2.45e-02
 1.59547e+22	2.99e-33	7.76e-27	1.40e-22	4.15e-19	2.11e-14	6.27e-11	3.92e-08	5.42e-06	2.70e-04	4.20e-03	2.28e-02	8.14e-02	6.46e-01	2.23e-01	2.26e-02
 1.61657e+22	4.13e-33	1.03e-26	1.78e-22	5.04e-19	2.60e-14	7.66e-11	4.72e-08	6.39e-06	3.09e-04	4.68e-03	2.45e-02	8.47e-02	6.49e-01	2.16e-01	2.12e-02
 1.63864e+22	5.72e-33	1.37e-26	2.26e-22	6.14e-19	3.19e-14	9.36e-11	5.69e-08	7.53e-06	3.54e-04	5.20e-03	2.64e-02	8.81e-02	6.51e-01	2.09e-01	1.98e-02
 1.66732e+22	8.64e-33	1.96e-26	3.07e-22	7.87e-19	4.14e-14	1.21e-10	7.20e-08	9.27e-06	4.21e-04	5.95e-03	2.90e-02	9.26e-02	6.53e-01	2.00e-01	1.82e-02
 1.69653e+22	1.31e-32	2.81e-26	4.17e-22	1.01e-18	5.38e-14	1.55e-10	9.10e-08	1.14e-05	4.99e-04	6.80e-03	3.18e-02	9.72e-02	6.55e-01	1.92e-01	1.66e-02
 1.71900e+22	1.79e-32	3.70e-26	5.26e-22	1.22e-18	6.55e-14	1.88e-10	1.09e-07	1.33e-05	5.68e-04	7.52e-03	3.41e-02	1.01e-01	6.56e-01	1.85e-01	1.55e-02
 1.73726e+22	2.28e-32	4.58e-26	6.31e-22	1.42e-18	7.62e-14	2.18e-10	1.25e-07	1.50e-05	6.26e-04	8.12e-03	3.60e-02	1.04e-01	6.56e-01	1.81e-01	1.47e-02
 1.75749e+22	2.97e-32	5.77e-26	7.69e-22	1.67e-18	8.99e-14	2.55e-10	1.45e-07	1.71e-05	6.97e-04	8.82e-03	3.81e-02	1.07e-01	6.56e-01	1.75e-01	1.39e-02
 1.78379e+22	4.16e-32	7.75e-26	9.89e-22	2.05e-18	1.11e-13	3.12e-10	1.74e-07	2.02e-05	7.98e-04	9.80e-03	4.09e-02	1.11e-01	6.56e-01	1.69e-01	1.29e-02
 1.81181e+22	5.94e-32	1.06e-25	1.29e-21	2.55e-18	1.38e-13	3.86e-10	2.12e-07	2.41e-05	9.20e-04	1.09e-02	4.41e-02	1.15e-01	6.55e-01	1.62e-01	1.19e-02
 1.83605e+22	8.02e-32	1.38e-25	1.62e-21	3.07e-18	1.66e-13	4.61e-10	2.51e-07	2.79e-05	1.04e-03	1.20e-02	4.70e-02	1.19e-01	6.54e-01	1.56e-01	1.11e-02
 1.86153e+22	1.09e-31	1.80e-25	2.03e-21	3.71e-18	2.00e-13	5.52e-10	2.96e-07	3.23e-05	1.17e-03	1.32e-02	5.00e-02	1.23e-01	6.52e-01	1.51e-01	1.03e-02
 1.89466e+22	1.60e-31	2.54e-25	2.73e-21	4.73e-18	2.53e-13	6.93e-10	3.66e-07	3.89e-05	1.36e-03	1.48e-02	5.41e-02	1.27e-01	6.49e-01	1.44e-01	9.45e-03
 1.92822e+22	2.37e-31	3.58e-25	3.66e-21	6.04e-18	3.21e-13	8.70e-10	4.52e-07	4.69e-05	1.58e-03	1.66e-02	5.84e-02	1.32e-01	6.46e-01	1.37e-01	8.61e-03
 1.95490e+22	3.20e-31	4.68e-25	4.61e-21	7.31e-18	3.85e-13	1.04e-09	5.32e-07	5.41e-05	1.77e-03	1.81e-02	6.20e-02	1.36e-01	6.42e-01	1.32e-01	8.01e-03
 1.97772e+22	4.12e-31	5.85e-25	5.59e-21	8.57e-18	4.48e-13	1.20e-09	6.09e-07	6.09e-05	1.95e-03	1.95e-02	6.51e-02	1.39e-01	6.39e-01	1.27e-01	7.54e-03
 2.00292e+22	5.40e-31	7.43e-25	6.87e-21	1.02e-17	5.27e-13	1.40e-09	7.03e-07	6.92e-05	2.16e-03	2.11e-02	6.85e-02	1.43e-01	6.36e-01	1.23e-01	7.06e-03
 2.03568e+22	7.63e-31	1.01e-24	8.95e-21	1.27e-17	6.48e-13	1.71e-09	8.44e-07	8.13e-05	2.46e-03	2.33e-02	7.30e-02	1.47e-01	6.31e-01	1.17e-01	6.49e-03
 2.06948e+22	1.08e-30	1.38e-24	1.17e-20	1.59e-17	8.00e-13	2.09e-09	1.02e-06	9.57e-05	2.80e-03	2.57e-02	7.78e-02	1.51e-01	6.25e-01	1.12e-01	5.94e-03
 2.09725e+22	1.44e-30	1.78e-24	1.46e-20	1.91e-17	9.48e-13	2.45e-09	1.18e-06	1.09e-04	3.11e-03	2.78e-02	8.19e-02	1.55e-01	6.19e-01	1.07e-01	5.54e-03
 2.12596e+22	1.91e-30	2.29e-24	1.82e-20	2.30e-17	1.12e-12	2.88e-09	1.37e-06	1.24e-04	3.45e-03	3.00e-02	8.61e-02	1.58e-01	6.14e-01	1.03e-01	5.15e-03
 2.16328e+22	2.74e-30	3.16e-24	2.41e-20	2.91e-17	1.39e-12	3.52e-09	1.65e-06	1.46e-04	3.92e-03	3.31e-02	9.16e-02	1.63e-01	6.06e-01	9.78e-02	4.70e-03
 2.20202e+22	3.96e-30	4.41e-24	3.21e-20	3.71e-17	1.73e-12	4.33e-09	1.99e-06	1.73e-04	4.48e-03	3.65e-02	9.74e-02	1.67e-01	5.98e-01	9.25e-02	4.27e-03
 2.23424e+22	5.35e-30	5.78e-24	4.06e-20	4.52e-17	2.07e-12	5.12e-09	2.32e-06	1.98e-04	4.98e-03	3.95e-02	1.02e-01	1.70e-01	5.90e-01	8.84e-02	3.95e-03
 2.26775e+22	7.22e-30	7.57e-24	5.14e-20	5.52e-17	2.47e-12	6.06e-09	2.71e-06	2.26e-04	5.54e-03	4.27e-02	1.07e-01	1.74e-01	5.83e-01	8.44e-02	3.64e-03
 2.31132e+22	1.06e-29	1.07e-23	6.95e-20	7.12e-17	3.10e-12	7.49e-09	3.29e-06	2.68e-04	6.32e-03	4.71e-02	1.14e-01	1.78e-01	5.72e-01	7.94e-02	3.29e-03
 2.35631e+22	1.56e-29	1.52e-23	9.46e-20	9.26e-17	3.90e-12	9.30e-09	4.00e-06	3.18e-04	7.23e-03	5.19e-02	1.21e-01	1.81e-01	5.61e-01	7.45e-02	2.96e-03
 2.39162e+22	2.10e-29	1.99e-23	1.20e-19	1.13e-16	4.66e-12	1.10e-08	4.65e-06	3.62e-04	8.00e-03	5.59e-02	1.26e-01	1.84e-01	5.51e-01	7.09e-02	2.72e-03
 2.42599e+22	2.77e-29	2.57e-23	1.50e-19	1.37e-16	5.50e-12	1.28e-08	5.35e-06	4.09e-04	8.80e-03	5.99e-02	1.32e-01	1.87e-01	5.42e-01	6.76e-02	2.52e-03
 2.47067e+22	3.95e-29	3.56e-23	1.99e-19	1.74e-16	6.80e-12	1.56e-08	6.39e-06	4.77e-04	9.91e-03	6.52e-02	1.38e-01	1.90e-01	5.30e-01	6.36e-02	2.28e-03
 2.51775e+22	5.70e-29	4.98e-23	2.68e-19	2.25e-16	8.47e-12	1.91e-08	7.68e-06	5.58e-04	1.12e-02	7.12e-02	1.45e-01	1.93e-01	5.17e-01	5.95e-02	2.05e-03
 2.55812e+22	7.73e-29	6.61e-23	3.43e-19	2.77e-16	1.02e-11	2.26e-08	8.95e-06	6.37e-04	1.24e-02	7.65e-02	1.51e-01	1.95e-01	5.06e-01	5.63e-02	1.87e-03
 2.60077e+22	1.06e-28	8.82e-23	4.42e-19	3.45e-16	1.23e-11	2.69e-08	1.04e-05	7.27e-04	1.37e-02	8.22e-02	1.58e-01	1.97e-01	4.94e-01	5.31e-02	1.70e-03
 2.65621e+22	1.56e-28	1.27e-22	6.09e-19	4.53e-16	1.55e-11	3.34e-08	1.27e-05	8.59e-04	1.56e-02	8.98e-02	1.66e-01	1.99e-01	4.79e-01	4.92e-02	1.51e-03
 2.71418e+22	2.33e-28	1.85e-22	8.49e-19	6.03e-16	1.99e-11	4.17e-08	1.55e-05	1.02e-03	1.77e-02	9.82e-02	1.74e-01	2.01e-01	4.62e-01	4.54e-02	1.33e-03
 2.76332e+22	3.24e-28	2.52e-22	1.12e-18	7.62e-16	2.43e-11	5.01e-08	1.82e-05	1.17e-03	1.97e-02	1.06e-01	1.80e-01	2.02e-01	4.48e-01	4.24e-02	1.20e-03
 2.80680e+22	4.30e-28	3.30e-22	1.41e-18	9.33e-16	2.89e-11	5.87e-08	2.10e-05	1.32e-03	2.15e-02	1.12e-01	1.86e-01	2.02e-01	4.36e-01	3.99e-02	1.09e-03
 2.85505e+22	5.84e-28	4.40e-22	1.82e-18	1.16e-15	3.48e-11	6.95e-08	2.44e-05	1.50e-03	2.37e-02	1.20e-01	1.92e-01	2.03e-01	4.22e-01	3.73e-02	9.86e-04
 2.91776e+22	8.49e-28	6.30e-22	2.50e-18	1.53e-15	4.40e-11	8.58e-08	2.94e-05	1.75e-03	2.66e-02	1.29e-01	1.99e-01	2.03e-01	4.05e-01	3.43e-02	8.69e-04
 2.98335e+22	1.26e-27	9.19e-22	3.49e-18	2.03e-15	5.61e-11	1.07e-07	3.57e-05	2.06e-03	3.01e-02	1.40e-01	2.07e-01	2.02e-01	3.87e-01	3.12e-02	7.55e-04
 3.03612e+22	1.70e-27	1.23e-21	4.52e-18	2.54e-15	6.78e-11	1.27e-07	4.14e-05	2.34e-03	3.30e-02	1.49e-01	2.12e-01	2.01e-01	3.72e-01	2.90e-02	6.76e-04
 3.08138e+22	2.18e-27	1.58e-21	5.62e-18	3.05e-15	7.94e-11	1.46e-07	4.69e-05	2.60e-03	3.56e-02	1.56e-01	2.17e-01	2.00e-01	3.60e-01	2.72e-02	6.16e-04
 3.13342e+22	2.89e-27	2.07e-21	7.16e-18	3.76e-15	9.47e-11	1.71e-07	5.39e-05	2.92e-03	3.87e-02	1.65e-01	2.22e-01	1.99e-01	3.46e-01	2.53e-02	5.54e-04
 3.20109e+22	4.08e-27	2.92e-21	9.69e-18	4.88e-15	1.18e-10	2.08e-07	6.40e-05	3.37e-03	4.30e-02	1.76e-01	2.28e-01	1.97e-01	3.29e-01	2.31e-02	4.85e-04
 3.27211e+22	5.84e-27	4.19e-21	1.33e-17	6.41e-15	1.48e-10	2.56e-07	7.66e-05	3.91e-03	4.78e-02	1.88e-01	2.33e-01	1.94e-01	3.11e-01	2.08e-02	4.18e-04
 3.33148e+22	7.77e-27	5.61e-21	1.72e-17	7.98e-15	1.79e-10	3.02e-07	8.84e-05	4.41e-03	5.21e-02	1.98e-01	2.37e-01	1.92e-01	2.97e-01	1.91e-02	3.71e-04
 3.39262e+22	1.03e-26	7.49e-21	2.22e-17	9.94e-15	2.15e-10	3.56e-07	1.02e-04	4.96e-03	5.66e-02	2.08e-01	2.41e-01	1.89e-01	2.82e-01	1.76e-02	3.28e-04
 3.47211e+22	1.47e-26	1.07e-20	3.06e-17	1.31e-14	2.71e-10	4.36e-07	1.22e-04	5.72e-03	6.26e-02	2.21e-01	2.45e-01	1.84e-01	2.65e-01	1.57e-02	2.81e-04
 3.55435e+22	2.10e-26	1.56e-20	4.25e-17	1.73e-14	3.42e-10	5.38e-07	1.46e-04	6.65e-03	6.95e-02	2.35e-01	2.48e-01	1.80e-01	2.46e-01	1.40e-02	2.37e-04
 3.62133e+22	2.76e-26	2.10e-20	5.51e-17	2.16e-14	4.12e-10	6.33e-07	1.68e-04	7.47e-03	7.52e-02	2.46e-01	2.51e-01	1.76e-01	2.33e-01	1.27e-02	2.08e-04
 3.68957e+22	3.62e-26	2.80e-20	7.10e-17	2.69e-14	4.93e-10	7.43e-07	1.93e-04	8.36e-03	8.12e-02	2.56e-01	2.52e-01	1.71e-01	2.19e-01	1.15e-02	1.81e-04
 3.77829e+22	5.05e-26	4.02e-20	9.76e-17	3.53e-14	6.19e-10	9.06e-07	2.29e-04	9.60e-03	8.92e-02	2.69e-01	2.53e-01	1.66e-01	2.03e-01	1.01e-02	1.53e-04
 3.87141e+22	7.09e-26	5.87e-20	1.36e-16	4.68e-14	7.82e-10	1.11e-06	2.73e-04	1.11e-02	9.81e-02	2.83e-01	2.54e-01	1.59e-01	1.86e-01	8.85e-03	1.27e-04
 3.94430e+22	9.12e-26	7.84e-20	1.75e-16	5.81e-14	9.35e-10	1.30e-06	3.12e-04	1.24e-02	1.05e-01	2.93e-01	2.53e-01	1.54e-01	1.74e-01	7.96e-03	1.10e-04
 4.00224e+22	1.11e-25	9.78e-20	2.13e-16	6.86e-14	1.07e-09	1.47e-06	3.46e-04	1.34e-02	1.11e-01	3.00e-01	2.53e-01	1.50e-01	1.65e-01	7.31e-03	9.80e-05
 4.06671e+22	1.37e-25	1.24e-19	2.63e-16	8.21e-14	1.24e-09	1.67e-06	3.86e-04	1.47e-02	1.18e-01	3.09e-01	2.52e-01	1.45e-01	1.55e-01	6.66e-03	8.65e-05
 4.15053e+22	1.77e-25	1.68e-19	3.42e-16	1.03e-13	1.50e-09	1.97e-06	4.42e-04	1.63e-02	1.26e-01	3.18e-01	2.50e-01	1.40e-01	1.43e-01	5.93e-03	7.39e-05
 4.24178e+22	2.33e-25	2.33e-19	4.57e-16	1.31e-13	1.83e-09	2.34e-06	5.14e-04	1.84e-02	1.36e-01	3.29e-01	2.47e-01	1.33e-01	1.31e-01	5.18e-03	6.17e-05
 4.32231e+22	2.94e-25	3.10e-19	5.85e-16	1.62e-13	2.17e-09	2.72e-06	5.83e-04	2.04e-02	1.45e-01	3.37e-01	2.44e-01	1.28e-01	1.21e-01	4.60e-03	5.27e-05
 4.40663e+22	3.72e-25	4.10e-19	7.49e-16	2.00e-13	2.57e-09	3.15e-06	6.61e-04	2.25e-02	1.54e-01	3.45e-01	2.40e-01	1.22e-01	1.12e-01	4.08e-03	4.50e-05
 4.51624e+22	4.96e-25	5.86e-19	1.02e-15	2.60e-13	3.19e-09	3.80e-06	7.73e-04	2.55e-02	1.65e-01	3.54e-01	2.35e-01	1.15e-01	1.00e-01	3.49e-03	3.66e-05
 4.62744e+22	6.60e-25	8.43e-19	1.41e-15	3.40e-13	3.96e-09	4.59e-06	9.06e-04	2.89e-02	1.78e-01	3.63e-01	2.29e-01	1.08e-01	8.98e-02	2.96e-03	2.95e-05
 4.71550e+22	8.10e-25	1.11e-18	1.79e-15	4.18e-13	4.68e-09	5.30e-06	1.02e-03	3.18e-02	1.88e-01	3.68e-01	2.24e-01	1.02e-01	8.21e-02	2.60e-03	2.49e-05
 4.80477e+22	1.00e-24	1.46e-18	2.27e-15	5.11e-13	5.50e-09	6.09e-06	1.15e-03	3.48e-02	1.98e-01	3.73e-01	2.19e-01	9.68e-02	7.51e-02	2.29e-03	2.11e-05
 4.92082e+22	1.29e-24	2.05e-18	3.06e-15	6.57e-13	6.74e-09	7.25e-06	1.33e-03	3.90e-02	2.10e-01	3.79e-01	2.12e-01	9.02e-02	6.70e-02	1.94e-03	1.71e-05
 5.04437e+22	1.68e-24	2.95e-18	4.20e-15	8.61e-13	8.37e-09	8.73e-06	1.55e-03	4.39e-02	2.24e-01	3.83e-01	2.03e-01	8.34e-02	5.90e-02	1.62e-03	1.35e-05
 5.14979e+22	2.09e-24	4.01e-18	5.50e-15	1.08e-12	1.00e-08	1.02e-05	1.76e-03	4.85e-02	2.36e-01	3.86e-01	1.96e-01	7.78e-02	5.28e-02	1.39e-03	1.10e-05
 5.25896e+22	2.57e-24	5.38e-18	7.11e-15	1.35e-12	1.20e-08	1.18e-05	1.99e-03	5.33e-02	2.48e-01	3.87e-01	1.88e-01	7.26e-02	4.74e-02	1.19e-03	9.09e-06
 5.40089e+22	3.33e-24	7.84e-18	9.88e-15	1.78e-12	1.50e-08	1.43e-05	2.33e-03	6.00e-02	2.63e-01	3.88e-01	1.79e-01	6.63e-02	4.11e-02	9.77e-04	7.06e-06
 5.54646e+22	4.35e-24	1.16e-17	1.39e-14	2.38e-12	1.88e-08	1.74e-05	2.73e-03	6.77e-02	2.78e-01	3.87e-01	1.68e-01	6.00e-02	3.53e-02	7.91e-04	5.39e-06
 5.66360e+22	5.25e-24	1.58e-17	1.82e-14	2.99e-12	2.26e-08	2.03e-05	3.09e-03	7.44e-02	2.90e-01	3.85e-01	1.60e-01	5.53e-02	3.11e-02	6.66e-04	4.33e-06
 5.76331e+22	6.11e-24	2.02e-17	2.26e-14	3.60e-12	2.62e-08	2.30e-05	3.41e-03	8.00e-02	3.00e-01	3.83e-01	1.53e-01	5.17e-02	2.81e-02	5.81e-04	3.64e-06
 5.87355e+22	7.29e-24	2.63e-17	2.86e-14	4.40e-12	3.08e-08	2.63e-05	3.80e-03	8.67e-02	3.10e-01	3.80e-01	1.46e-01	4.80e-02	2.52e-02	4.98e-04	3.00e-06
 6.01686e+22	9.04e-24	3.69e-17	3.85e-14	5.67e-12	3.77e-08	3.11e-05	4.34e-03	9.57e-02	3.23e-01	3.75e-01	1.37e-01	4.35e-02	2.18e-02	4.10e-04	2.35e-06
 6.16860e+22	1.12e-23	5.28e-17	5.28e-14	7.44e-12	4.67e-08	3.71e-05	5.00e-03	1.06e-01	3.36e-01	3.68e-01	1.27e-01	3.91e-02	1.86e-02	3.31e-04	1.80e-06
 6.29806e+22	1.35e-23	7.14e-17	6.90e-14	9.36e-12	5.61e-08	4.31e-05	5.63e-03	1.16e-01	3.46e-01	3.61e-01	1.19e-01	3.56e-02	1.62e-02	2.76e-04	1.43e-06
 6.41343e+22	1.57e-23	9.22e-17	8.64e-14	1.14e-11	6.55e-08	4.90e-05	6.21e-03	1.24e-01	3.55e-01	3.55e-01	1.13e-01	3.28e-02	1.44e-02	2.36e-04	1.17e-06
 6.54372e+22	1.85e-23	1.21e-16	1.10e-13	1.40e-11	7.74e-08	5.62e-05	6.91e-03	1.34e-01	3.64e-01	3.47e-01	1.06e-01	2.99e-02	1.27e-02	1.98e-04	9.48e-07
 6.71308e+22	2.28e-23	1.72e-16	1.50e-13	1.83e-11	9.59e-08	6.68e-05	7.90e-03	1.47e-01	3.74e-01	3.37e-01	9.68e-02	2.66e-02	1.07e-02	1.59e-04	7.20e-07
 6.88908e+22	2.85e-23	2.47e-16	2.07e-13	2.43e-11	1.20e-07	8.00e-05	9.07e-03	1.61e-01	3.84e-01	3.25e-01	8.81e-02	2.34e-02	8.95e-03	1.25e-04	5.37e-07
 7.03368e+22	3.34e-23	3.31e-16	2.69e-13	3.05e-11	1.44e-07	9.25e-05	1.01e-02	1.74e-01	3.91e-01	3.14e-01	8.13e-02	2.10e-02	7.72e-03	1.03e-04	4.22e-07
 7.18166e+22	3.92e-23	4.35e-16	3.43e-13	3.77e-11	1.70e-07	1.06e-04	1.12e-02	1.86e-01	3.97e-01	3.04e-01	7.52e-02	1.90e-02	6.70e-03	8.58e-05	3.36e-07
 7.37402e+22	4.81e-23	6.13e-16	4.67e-13	4.94e-11	2.11e-07	1.26e-04	1.28e-02	2.03e-01	4.04e-01	2.90e-01	6.79e-02	1.66e-02	5.57e-03	6.76e-05	2.51e-07
 7.57690e+22	5.94e-23	8.82e-16	6.47e-13	6.57e-11	2.65e-07	1.51e-04	1.46e-02	2.21e-01	4.09e-01	2.76e-01	6.06e-02	1.43e-02	4.57e-03	5.23e-05	1.83e-07
 7.74810e+22	7.07e-23	1.19e-15	8.46e-13	8.32e-11	3.20e-07	1.75e-04	1.63e-02	2.37e-01	4.12e-01	2.63e-01	5.50e-02	1.27e-02	3.86e-03	4.21e-05	1.41e-07
 7.92533e+22	8.36e-23	1.57e-15	1.09e-12	1.04e-10	3.81e-07	2.01e-04	1.80e-02	2.52e-01	4.14e-01	2.51e-01	5.00e-02	1.12e-02	3.29e-03	3.42e-05	0.00e+00
 8.15572e+22	1.03e-22	2.22e-15	1.49e-12	1.37e-10	4.76e-07	2.39e-04	2.04e-02	2.72e-01	4.15e-01	2.35e-01	4.42e-02	9.60e-03	2.67e-03	2.63e-05	0.00e+00
 8.39996e+22	1.29e-22	3.21e-15	2.07e-12	1.84e-10	6.01e-07	2.87e-04	2.33e-02	2.94e-01	4.14e-01	2.19e-01	3.86e-02	8.10e-03	2.13e-03	1.98e-05	0.00e+00
 8.60909e+22	1.56e-22	4.37e-15	2.75e-12	2.36e-10	7.33e-07	3.34e-04	2.60e-02	3.14e-01	4.12e-01	2.05e-01	3.42e-02	6.98e-03	1.75e-03	1.54e-05	0.00e+00
 8.78059e+22	1.80e-22	5.53e-15	3.40e-12	2.85e-10	8.52e-07	3.76e-04	2.82e-02	3.28e-01	4.10e-01	1.95e-01	3.11e-02	6.22e-03	1.51e-03	1.27e-05	0.00e+00
 8.95627e+22	2.08e-22	6.92e-15	4.16e-12	3.42e-10	9.85e-07	4.20e-04	3.05e-02	3.43e-01	4.06e-01	1.85e-01	2.83e-02	5.54e-03	1.30e-03	1.06e-05	0.00e+00
 9.18466e+22	2.48e-22	9.10e-15	5.35e-12	4.27e-10	1.18e-06	4.81e-04	3.35e-02	3.61e-01	4.02e-01	1.73e-01	2.52e-02	4.80e-03	1.08e-03	8.36e-06	0.00e+00
 9.43433e+22	3.01e-22	1.23e-14	7.05e-12	5.47e-10	1.43e-06	5.59e-04	3.72e-02	3.81e-01	3.95e-01	1.60e-01	2.20e-02	4.07e-03	8.72e-04	6.43e-06	0.00e+00
 9.65724e+22	3.58e-22	1.61e-14	8.99e-12	6.80e-10	1.70e-06	6.37e-04	4.06e-02	3.98e-01	3.88e-01	1.49e-01	1.95e-02	3.52e-03	7.22e-04	5.08e-06	0.00e+00
 9.86075e+22	4.13e-22	2.00e-14	1.10e-11	8.13e-10	1.96e-06	7.10e-04	4.37e-02	4.13e-01	3.82e-01	1.40e-01	1.76e-02	3.10e-03	6.16e-04	4.17e-06	0.00e+00
 1.00935e+23	4.83e-22	2.52e-14	1.36e-11	9.84e-10	2.28e-06	7.96e-04	4.73e-02	4.28e-01	3.74e-01	1.30e-01	1.57e-02	2.71e-03	5.18e-04	3.37e-06	0.00e+00
 1.03960e+23	5.87e-22	3.37e-14	1.77e-11	1.25e-09	2.75e-06	9.19e-04	5.20e-02	4.47e-01	3.64e-01	1.19e-01	1.35e-02	2.27e-03	4.15e-04	2.57e-06	0.00e+00
 1.07134e+23	7.25e-22	4.59e-14	2.35e-11	1.61e-09	3.37e-06	1.07e-03	5.74e-02	4.67e-01	3.52e-01	1.08e-01	1.15e-02	1.88e-03	3.26e-04	1.91e-06	0.00e+00
 1.09748e+23	8.54e-22	5.87e-14	2.95e-11	1.98e-09	3.95e-06	1.21e-03	6.21e-02	4.83e-01	3.42e-01	9.94e-02	1.01e-02	1.61e-03	2.69e-04	1.50e-06	0.00e+00
 1.12394e+23	9.94e-22	7.30e-14	3.61e-11	2.38e-09	4.57e-06	1.34e-03	6.66e-02	4.97e-01	3.33e-01	9.20e-02	8.95e-03	1.39e-03	2.24e-04	1.21e-06	0.00e+00
 1.15835e+23	1.19e-21	9.49e-14	4.59e-11	2.95e-09	5.43e-06	1.53e-03	7.24e-02	5.13e-01	3.21e-01	8.36e-02	7.71e-03	1.17e-03	1.80e-04	9.25e-07	0.00e+00
 1.19628e+23	1.46e-21	1.28e-13	6.04e-11	3.78e-09	6.59e-06	1.77e-03	7.93e-02	5.30e-01	3.07e-01	7.48e-02	6.49e-03	9.54e-04	1.40e-04	6.81e-07	0.00e+00
 1.23011e+23	1.76e-21	1.66e-13	7.70e-11	4.72e-09	7.84e-06	2.01e-03	8.58e-02	5.44e-01	2.94e-01	6.75e-02	5.55e-03	7.95e-04	1.12e-04	5.18e-07	0.00e+00
 1.26011e+23	2.03e-21	2.03e-13	9.29e-11	5.59e-09	8.97e-06	2.22e-03	9.13e-02	5.55e-01	2.84e-01	6.22e-02	4.90e-03	6.87e-04	9.36e-05	4.17e-07	0.00e+00
 1.29381e+23	2.36e-21	2.51e-13	1.13e-10	6.70e-09	1.03e-05	2.46e-03	9.74e-02	5.66e-01	2.72e-01	5.68e-02	4.28e-03	5.88e-04	7.72e-05	3.31e-07	0.00e+00
 1.33763e+23	2.80e-21	3.22e-13	1.43e-10	8.26e-09	1.22e-05	2.78e-03	1.05e-01	5.78e-01	2.59e-01	5.10e-02	3.64e-03	4.88e-04	6.15e-05	2.52e-07	0.00e+00
 1.39027e+23	3.47e-21	4.35e-13	1.89e-10	1.07e-08	1.49e-05	3.23e-03	1.15e-01	5.91e-01	2.43e-01	4.45e-02	2.98e-03	3.88e-04	4.64e-05	1.79e-07	0.00e+00
 1.44166e+23	4.29e-21	5.85e-13	2.49e-10	1.38e-08	1.82e-05	3.72e-03	1.25e-01	6.02e-01	2.28e-01	3.89e-02	2.44e-03	3.09e-04	3.52e-05	1.29e-07	0.00e+00
 1.48570e+23	5.06e-21	7.37e-13	3.09e-10	1.68e-08	2.13e-05	4.17e-03	1.33e-01	6.09e-01	2.16e-01	3.48e-02	2.08e-03	2.58e-04	2.82e-05	0.00e+00	0.00e+00
 1.53287e+23	5.87e-21	9.10e-13	3.77e-10	2.02e-08	2.46e-05	4.63e-03	1.41e-01	6.16e-01	2.05e-01	3.13e-02	1.79e-03	2.17e-04	2.28e-05	0.00e+00	0.00e+00
 1.59134e+23	6.95e-21	1.16e-12	4.74e-10	2.49e-08	2.90e-05	5.22e-03	1.51e-01	6.22e-01	1.92e-01	2.76e-02	1.50e-03	1.78e-04	1.79e-05	0.00e+00	0.00e+00
 1.65623e+23	8.41e-21	1.52e-12	6.12e-10	3.16e-08	3.50e-05	5.96e-03	1.63e-01	6.27e-01	1.78e-01	2.40e-02	1.22e-03	1.42e-04	1.36e-05	0.00e+00	0.00e+00
 1.71657e+23	1.01e-20	1.96e-12	7.77e-10	3.94e-08	4.16e-05	6.74e-03	1.74e-01	6.31e-01	1.66e-01	2.10e-02	1.01e-03	1.15e-04	1.06e-05	0.00e+00	0.00e+00
 1.76876e+23	1.17e-20	2.39e-12	9.42e-10	4.71e-08	4.78e-05	7.44e-03	1.84e-01	6.32e-01	1.57e-01	1.88e-02	8.69e-04	9.69e-05	8.59e-06	0.00e+00	0.00e+00
 1.82609e+23	1.30e-20	2.83e-12	1.11e-09	5.47e-08	5.39e-05	8.11e-03	1.92e-01	6.33e-01	1.48e-01	1.70e-02	7.57e-04	8.34e-05	7.17e-06	0.00e+00	0.00e+00
 1.89629e+23	1.48e-20	3.45e-12	1.34e-09	6.55e-08	6.21e-05	8.97e-03	2.03e-01	6.33e-01	1.39e-01	1.51e-02	6.43e-04	6.98e-05	5.78e-06	0.00e+00	0.00e+00
 1.97337e+23	1.71e-20	4.28e-12	1.65e-09	7.96e-08	7.24e-05	1.00e-02	2.15e-01	6.32e-01	1.29e-01	1.33e-02	5.39e-04	5.75e-05	4.58e-06	0.00e+00	0.00e+00
 2.05354e+23	1.95e-20	5.24e-12	2.00e-09	9.58e-08	8.37e-05	1.11e-02	2.27e-01	6.30e-01	1.20e-01	1.17e-02	4.55e-04	4.78e-05	3.67e-06	0.00e+00	0.00e+00
 2.13692e+23	2.19e-20	6.34e-12	2.41e-09	1.14e-07	9.62e-05	1.22e-02	2.38e-01	6.27e-01	1.12e-01	1.04e-02	3.87e-04	4.02e-05	2.97e-06	0.00e+00	0.00e+00
 2.22319e+23	2.43e-20	7.58e-12	2.87e-09	1.34e-07	1.10e-04	1.34e-02	2.49e-01	6.23e-01	1.05e-01	9.27e-03	3.32e-04	3.40e-05	2.44e-06	0.00e+00	0.00e+00
 2.30636e+23	2.72e-20	9.04e-12	3.40e-09	1.58e-07	1.24e-04	1.46e-02	2.60e-01	6.18e-01	9.82e-02	8.29e-03	2.86e-04	2.90e-05	2.01e-06	0.00e+00	0.00e+00
 2.38120e+23	2.96e-20	1.04e-11	3.90e-09	1.80e-07	1.38e-04	1.57e-02	2.69e-01	6.14e-01	9.32e-02	7.59e-03	2.55e-04	2.55e-05	1.73e-06	0.00e+00	0.00e+00
 2.44856e+23	3.18e-20	1.17e-11	4.40e-09	2.02e-07	1.51e-04	1.67e-02	2.77e-01	6.10e-01	8.87e-02	6.99e-03	2.29e-04	2.28e-05	1.50e-06	0.00e+00	0.00e+00
 2.50919e+23	3.39e-20	1.30e-11	4.87e-09	2.22e-07	1.63e-04	1.76e-02	2.84e-01	6.07e-01	8.51e-02	6.53e-03	2.09e-04	2.07e-05	1.34e-06	0.00e+00	0.00e+00
 2.56375e+23	3.51e-20	1.41e-11	5.27e-09	2.40e-07	1.73e-04	1.84e-02	2.89e-01	6.04e-01	8.23e-02	6.19e-03	1.95e-04	1.92e-05	1.23e-06	0.00e+00	0.00e+00
 2.61286e+23	3.65e-20	1.51e-11	5.65e-09	2.57e-07	1.82e-04	1.91e-02	2.94e-01	6.01e-01	7.98e-02	5.89e-03	1.83e-04	1.80e-05	1.13e-06	0.00e+00	0.00e+00
 2.65705e+23	3.75e-20	1.61e-11	6.00e-09	2.72e-07	1.91e-04	1.97e-02	2.99e-01	5.98e-01	7.78e-02	5.65e-03	1.73e-04	1.70e-05	1.06e-06	0.00e+00	0.00e+00
 2.69683e+23	3.84e-20	1.69e-11	6.30e-09	2.86e-07	1.98e-04	2.02e-02	3.02e-01	5.96e-01	7.61e-02	5.46e-03	1.66e-04	1.62e-05	9.99e-07	0.00e+00	0.00e+00
 2.73263e+23	3.91e-20	1.76e-11	6.59e-09	2.98e-07	2.05e-04	2.07e-02	3.05e-01	5.94e-01	7.47e-02	5.29e-03	1.59e-04	1.55e-05	9.50e-07	0.00e+00	0.00e+00
 2.76486e+23	3.97e-20	1.83e-11	6.82e-09	3.08e-07	2.11e-04	2.11e-02	3.08e-01	5.92e-01	7.35e-02	5.16e-03	1.54e-04	1.50e-05	9.13e-07	0.00e+00	0.00e+00
 2.79541e+23	3.97e-20	1.87e-11	7.00e-09	3.16e-07	2.15e-04	2.14e-02	3.10e-01	5.91e-01	7.26e-02	5.06e-03	1.51e-04	1.46e-05	8.85e-07	0.00e+00	0.00e+00
 2.82596e+23	3.98e-20	1.92e-11	7.19e-09	3.25e-07	2.20e-04	2.17e-02	3.12e-01	5.89e-01	7.16e-02	4.96e-03	1.47e-04	1.42e-05	8.57e-07	0.00e+00	0.00e+00
 2.85650e+23	3.99e-20	1.97e-11	7.37e-09	3.33e-07	2.24e-04	2.20e-02	3.14e-01	5.88e-01	7.07e-02	4.86e-03	1.43e-04	1.39e-05	8.31e-07	0.00e+00	0.00e+00
 2.88705e+23	3.99e-20	2.01e-11	7.55e-09	3.41e-07	2.29e-04	2.23e-02	3.16e-01	5.86e-01	6.99e-02	4.77e-03	1.40e-04	1.35e-05	8.06e-07	0.00e+00	0.00e+00
 2.91760e+23	3.99e-20	2.06e-11	7.72e-09	3.49e-07	2.33e-04	2.26e-02	3.18e-01	5.85e-01	6.91e-02	4.68e-03	1.36e-04	1.32e-05	7.85e-07	0.00e+00	0.00e+00
 2.94815e+23	3.96e-20	2.09e-11	7.87e-09	3.56e-07	2.37e-04	2.29e-02	3.20e-01	5.84e-01	6.84e-02	4.61e-03	1.34e-04	1.29e-05	7.67e-07	0.00e+00	0.00e+00
 2.97870e+23	3.93e-20	2.13e-11	8.01e-09	3.62e-07	2.40e-04	2.32e-02	3.22e-01	5.83e-01	6.77e-02	4.54e-03	1.31e-04	1.27e-05	7.49e-07	0.00e+00	0.00e+00
 3.00925e+23	3.90e-20	2.16e-11	8.14e-09	3.68e-07	2.44e-04	2.34e-02	3.23e-01	5.81e-01	6.71e-02	4.47e-03	1.29e-04	1.25e-05	7.33e-07	0.00e+00	0.00e+00
