#depth	Mg	Mg+	Mg+2	Mg+3	Mg+4	Mg+5	Mg+6	Mg+7	Mg+8	Mg+9	Mg+10	Mg+11	Mg+12
 6.17135e+19	0.00e+00	0.00e+00	0.00e+00	0.00e+00	1.88e-28	1.91e-23	4.73e-19	3.94e-15	1.65e-11	3.78e-08	1.84e-04	2.64e-02	9.73e-01
 1.87609e+20	0.00e+00	0.00e+00	0.00e+00	0.00e+00	4.16e-28	3.82e-23	8.51e-19	6.41e-15	2.42e-11	5.01e-08	2.22e-04	2.90e-02	9.71e-01
 3.18540e+20	0.00e+00	0.00e+00	0.00e+00	0.00e+00	9.33e-28	7.70e-23	1.55e-18	1.05e-14	3.57e-11	6.66e-08	2.69e-04	3.19e-02	9.68e-01
 4.54709e+20	0.00e+00	0.00e+00	0.00e+00	5.35e-33	2.12e-27	1.57e-22	2.84e-18	1.74e-14	5.29e-11	8.89e-08	3.27e-04	3.51e-02	9.65e-01
 5.47535e+20	0.00e+00	0.00e+00	0.00e+00	1.00e-32	3.68e-27	2.54e-22	4.29e-18	2.44e-14	6.91e-11	1.08e-07	3.72e-04	3.74e-02	9.62e-01
 5.82109e+20	0.00e+00	0.00e+00	0.00e+00	1.27e-32	4.55e-27	3.05e-22	5.01e-18	2.78e-14	7.64e-11	1.16e-07	3.91e-04	3.83e-02	9.61e-01
 6.07795e+20	0.00e+00	0.00e+00	0.00e+00	1.49e-32	5.23e-27	3.45e-22	5.56e-18	3.03e-14	8.18e-11	1.22e-07	4.04e-04	3.89e-02	9.61e-01
 6.41186e+20	0.00e+00	0.00e+00	0.00e+00	1.86e-32	6.35e-27	4.08e-22	6.42e-18	3.41e-14	8.98e-11	1.31e-07	4.23e-04	3.98e-02	9.60e-01
 6.84596e+20	0.00e+00	0.00e+00	0.00e+00	2.47e-32	8.15e-27	5.07e-22	7.73e-18	3.98e-14	1.01e-10	1.43e-07	4.48e-04	4.10e-02	9.59e-01
 7.41027e+20	0.00e+00	0.00e+00	0.00e+00	3.55e-32	1.12e-26	6.70e-22	9.82e-18	4.85e-14	1.18e-10	1.60e-07	4.84e-04	4.25e-02	9.57e-01
 8.02671e+20	0.00e+00	0.00e+00	0.00e+00	5.28e-32	1.60e-26	9.08e-22	1.27e-17	6.01e-14	1.40e-10	1.81e-07	5.25e-04	4.42e-02	9.55e-01
 8.56252e+20	0.00e+00	0.00e+00	0.00e+00	7.44e-32	2.16e-26	1.18e-21	1.59e-17	7.24e-14	1.62e-10	2.02e-07	5.63e-04	4.58e-02	9.54e-01
 9.02865e+20	0.00e+00	0.00e+00	0.00e+00	1.00e-31	2.80e-26	1.48e-21	1.93e-17	8.51e-14	1.84e-10	2.21e-07	5.99e-04	4.72e-02	9.52e-01
 9.55258e+20	0.00e+00	0.00e+00	0.00e+00	1.38e-31	3.71e-26	1.89e-21	2.38e-17	1.01e-13	2.10e-10	2.45e-07	6.40e-04	4.87e-02	9.51e-01
 1.02337e+21	0.00e+00	0.00e+00	0.00e+00	2.12e-31	5.42e-26	2.63e-21	3.16e-17	1.28e-13	2.52e-10	2.80e-07	6.99e-04	5.09e-02	9.48e-01
 1.09144e+21	0.00e+00	0.00e+00	0.00e+00	3.22e-31	7.85e-26	3.63e-21	4.16e-17	1.61e-13	3.02e-10	3.19e-07	7.62e-04	5.30e-02	9.46e-01
 1.14281e+21	0.00e+00	0.00e+00	0.00e+00	4.41e-31	1.04e-25	4.62e-21	5.11e-17	1.90e-13	3.45e-10	3.52e-07	8.13e-04	5.47e-02	9.44e-01
 1.19293e+21	0.00e+00	0.00e+00	0.00e+00	5.97e-31	1.35e-25	5.82e-21	6.23e-17	2.25e-13	3.92e-10	3.87e-07	8.65e-04	5.64e-02	9.43e-01
 1.25809e+21	0.00e+00	0.00e+00	0.00e+00	8.81e-31	1.91e-25	7.85e-21	8.05e-17	2.78e-13	4.63e-10	4.37e-07	9.38e-04	5.86e-02	9.40e-01
 1.32562e+21	0.00e+00	0.00e+00	0.00e+00	1.32e-30	2.71e-25	1.07e-20	1.05e-16	3.46e-13	5.50e-10	4.96e-07	1.02e-03	6.10e-02	9.38e-01
 1.38146e+21	0.00e+00	0.00e+00	0.00e+00	1.83e-30	3.62e-25	1.37e-20	1.30e-16	4.13e-13	6.33e-10	5.49e-07	1.09e-03	6.30e-02	9.36e-01
 1.43931e+21	0.00e+00	0.00e+00	0.00e+00	2.56e-30	4.87e-25	1.78e-20	1.62e-16	4.97e-13	7.30e-10	6.11e-07	1.17e-03	6.52e-02	9.34e-01
 1.51451e+21	0.00e+00	0.00e+00	0.00e+00	3.94e-30	7.13e-25	2.47e-20	2.15e-16	6.29e-13	8.78e-10	6.99e-07	1.28e-03	6.80e-02	9.31e-01
 1.58779e+21	0.00e+00	0.00e+00	0.00e+00	5.98e-30	1.03e-24	3.41e-20	2.83e-16	7.90e-13	1.05e-09	7.97e-07	1.39e-03	7.08e-02	9.28e-01
 1.64201e+21	0.00e+00	0.00e+00	0.00e+00	8.11e-30	1.35e-24	4.31e-20	3.46e-16	9.33e-13	1.20e-09	8.78e-07	1.48e-03	7.30e-02	9.26e-01
 1.69593e+21	0.00e+00	0.00e+00	0.00e+00	1.09e-29	1.75e-24	5.42e-20	4.21e-16	1.10e-12	1.36e-09	9.64e-07	1.57e-03	7.51e-02	9.23e-01
 1.76601e+21	0.00e+00	0.00e+00	0.00e+00	1.61e-29	2.46e-24	7.28e-20	5.43e-16	1.36e-12	1.60e-09	1.09e-06	1.70e-03	7.80e-02	9.20e-01
 1.83972e+21	0.00e+00	0.00e+00	0.00e+00	2.40e-29	3.50e-24	9.89e-20	7.06e-16	1.69e-12	1.90e-09	1.23e-06	1.85e-03	8.11e-02	9.17e-01
 1.90234e+21	0.00e+00	0.00e+00	0.00e+00	3.35e-29	4.71e-24	1.28e-19	8.81e-16	2.03e-12	2.20e-09	1.37e-06	1.98e-03	8.38e-02	9.14e-01
 1.96794e+21	0.00e+00	0.00e+00	0.00e+00	4.74e-29	6.38e-24	1.67e-19	1.11e-15	2.46e-12	2.55e-09	1.53e-06	2.12e-03	8.67e-02	9.11e-01
 2.04024e+21	0.00e+00	0.00e+00	0.00e+00	6.90e-29	8.89e-24	2.23e-19	1.42e-15	3.02e-12	3.00e-09	1.72e-06	2.30e-03	8.99e-02	9.08e-01
 2.10648e+21	0.00e+00	0.00e+00	0.00e+00	9.69e-29	1.20e-23	2.89e-19	1.77e-15	3.64e-12	3.47e-09	1.92e-06	2.46e-03	9.29e-02	9.05e-01
 2.16684e+21	0.00e+00	0.00e+00	0.00e+00	1.31e-28	1.57e-23	3.65e-19	2.17e-15	4.31e-12	3.96e-09	2.12e-06	2.62e-03	9.57e-02	9.02e-01
 2.23430e+21	0.00e+00	0.00e+00	0.00e+00	1.84e-28	2.11e-23	4.73e-19	2.71e-15	5.18e-12	4.58e-09	2.35e-06	2.81e-03	9.88e-02	8.98e-01
 2.30970e+21	0.00e+00	0.00e+00	0.00e+00	2.66e-28	2.92e-23	6.28e-19	3.46e-15	6.36e-12	5.37e-09	2.65e-06	3.03e-03	1.02e-01	8.95e-01
 2.38010e+21	0.00e+00	0.00e+00	0.00e+00	3.73e-28	3.94e-23	8.15e-19	4.33e-15	7.67e-12	6.22e-09	2.95e-06	3.25e-03	1.06e-01	8.91e-01
 2.44598e+21	0.00e+00	0.00e+00	0.00e+00	5.10e-28	5.19e-23	1.04e-18	5.32e-15	9.11e-12	7.12e-09	3.25e-06	3.46e-03	1.09e-01	8.88e-01
 2.52132e+21	0.00e+00	0.00e+00	0.00e+00	7.24e-28	7.07e-23	1.36e-18	6.71e-15	1.11e-11	8.28e-09	3.64e-06	3.72e-03	1.13e-01	8.84e-01
 2.60230e+21	0.00e+00	0.00e+00	0.00e+00	1.05e-27	9.80e-23	1.80e-18	8.58e-15	1.36e-11	9.73e-09	4.09e-06	4.01e-03	1.17e-01	8.79e-01
 2.67359e+21	0.00e+00	0.00e+00	2.61e-33	1.44e-27	1.30e-22	2.31e-18	1.06e-14	1.62e-11	1.12e-08	4.53e-06	4.28e-03	1.20e-01	8.75e-01
 2.74926e+21	0.00e+00	0.00e+00	3.78e-33	2.01e-27	1.74e-22	2.98e-18	1.32e-14	1.95e-11	1.29e-08	5.03e-06	4.58e-03	1.24e-01	8.71e-01
 2.83418e+21	0.00e+00	0.00e+00	5.69e-33	2.90e-27	2.41e-22	3.95e-18	1.69e-14	2.39e-11	1.51e-08	5.66e-06	4.94e-03	1.28e-01	8.67e-01
 2.91414e+21	0.00e+00	0.00e+00	8.31e-33	4.07e-27	3.24e-22	5.12e-18	2.11e-14	2.88e-11	1.75e-08	6.30e-06	5.29e-03	1.33e-01	8.62e-01
 2.98946e+21	0.00e+00	0.00e+00	1.18e-32	5.56e-27	4.27e-22	6.52e-18	2.60e-14	3.42e-11	2.01e-08	6.96e-06	5.64e-03	1.37e-01	8.58e-01
 3.07575e+21	0.00e+00	0.00e+00	1.74e-32	7.89e-27	5.82e-22	8.53e-18	3.27e-14	4.16e-11	2.34e-08	7.78e-06	6.06e-03	1.41e-01	8.53e-01
 3.17228e+21	0.00e+00	0.00e+00	2.67e-32	1.16e-26	8.16e-22	1.15e-17	4.23e-14	5.14e-11	2.76e-08	8.80e-06	6.56e-03	1.46e-01	8.47e-01
 3.25841e+21	0.00e+00	0.00e+00	3.89e-32	1.62e-26	1.10e-21	1.48e-17	5.28e-14	6.20e-11	3.20e-08	9.79e-06	7.02e-03	1.51e-01	8.42e-01
 3.33296e+21	0.00e+00	0.00e+00	5.34e-32	2.15e-26	1.41e-21	1.85e-17	6.38e-14	7.26e-11	3.62e-08	1.07e-05	7.44e-03	1.55e-01	8.38e-01
 3.41616e+21	0.00e+00	0.00e+00	7.55e-32	2.93e-26	1.85e-21	2.35e-17	7.84e-14	8.62e-11	4.14e-08	1.18e-05	7.92e-03	1.59e-01	8.33e-01
 3.52431e+21	0.00e+00	0.00e+00	1.17e-31	4.35e-26	2.63e-21	3.18e-17	1.02e-13	1.07e-10	4.92e-08	1.34e-05	8.59e-03	1.65e-01	8.26e-01
 3.63510e+21	0.00e+00	0.00e+00	1.83e-31	6.47e-26	3.73e-21	4.32e-17	1.33e-13	1.34e-10	5.85e-08	1.52e-05	9.31e-03	1.71e-01	8.20e-01
 3.72571e+21	0.00e+00	0.00e+00	2.61e-31	8.88e-26	4.94e-21	5.52e-17	1.64e-13	1.60e-10	6.72e-08	1.69e-05	9.93e-03	1.76e-01	8.14e-01
 3.81989e+21	0.00e+00	0.00e+00	3.73e-31	1.22e-25	6.57e-21	7.08e-17	2.03e-13	1.91e-10	7.73e-08	1.87e-05	1.06e-02	1.81e-01	8.08e-01
 3.94232e+21	0.00e+00	0.00e+00	5.89e-31	1.84e-25	9.42e-21	9.70e-17	2.67e-13	2.40e-10	9.24e-08	2.13e-05	1.15e-02	1.88e-01	8.01e-01
 4.06721e+21	0.00e+00	0.00e+00	9.30e-31	2.77e-25	1.35e-20	1.33e-16	3.50e-13	3.01e-10	1.10e-07	2.42e-05	1.25e-02	1.95e-01	7.93e-01
 4.16413e+21	0.00e+00	0.00e+00	1.31e-30	3.78e-25	1.78e-20	1.69e-16	4.31e-13	3.58e-10	1.26e-07	2.67e-05	1.33e-02	2.00e-01	7.87e-01
 4.25896e+21	0.00e+00	0.00e+00	1.83e-30	5.08e-25	2.31e-20	2.12e-16	5.25e-13	4.22e-10	1.44e-07	2.94e-05	1.41e-02	2.05e-01	7.80e-01
 4.38225e+21	0.00e+00	0.00e+00	2.79e-30	7.41e-25	3.23e-20	2.84e-16	6.75e-13	5.21e-10	1.70e-07	3.31e-05	1.52e-02	2.12e-01	7.73e-01
 4.51058e+21	0.00e+00	0.00e+00	4.29e-30	1.09e-24	4.54e-20	3.83e-16	8.73e-13	6.46e-10	2.01e-07	3.74e-05	1.64e-02	2.19e-01	7.64e-01
 4.61822e+21	0.00e+00	0.00e+00	6.11e-30	1.50e-24	6.01e-20	4.89e-16	1.08e-12	7.71e-10	2.30e-07	4.14e-05	1.75e-02	2.25e-01	7.57e-01
 4.73089e+21	0.00e+00	0.00e+00	8.78e-30	2.07e-24	8.00e-20	6.29e-16	1.34e-12	9.23e-10	2.65e-07	4.58e-05	1.87e-02	2.31e-01	7.50e-01
 4.87736e+21	0.00e+00	0.00e+00	1.39e-29	3.12e-24	1.15e-19	8.64e-16	1.76e-12	1.16e-09	3.17e-07	5.22e-05	2.03e-02	2.39e-01	7.40e-01
 5.02609e+21	0.00e+00	0.00e+00	2.20e-29	4.71e-24	1.66e-19	1.19e-15	2.32e-12	1.46e-09	3.80e-07	5.94e-05	2.20e-02	2.47e-01	7.30e-01
 5.14577e+21	0.00e+00	0.00e+00	3.16e-29	6.51e-24	2.21e-19	1.52e-15	2.87e-12	1.75e-09	4.37e-07	6.58e-05	2.34e-02	2.54e-01	7.22e-01
 5.25131e+21	0.00e+00	0.00e+00	4.32e-29	8.62e-24	2.83e-19	1.89e-15	3.47e-12	2.04e-09	4.94e-07	7.18e-05	2.47e-02	2.60e-01	7.15e-01
 5.37043e+21	0.00e+00	0.00e+00	6.10e-29	1.17e-23	3.72e-19	2.40e-15	4.26e-12	2.43e-09	5.65e-07	7.91e-05	2.63e-02	2.66e-01	7.07e-01
 5.52530e+21	0.00e+00	0.00e+00	9.47e-29	1.74e-23	5.27e-19	3.26e-15	5.54e-12	3.02e-09	6.70e-07	8.95e-05	2.84e-02	2.74e-01	6.97e-01
 5.68317e+21	0.00e+00	0.00e+00	1.47e-28	2.59e-23	7.48e-19	4.43e-15	7.21e-12	3.76e-09	7.96e-07	1.01e-04	3.06e-02	2.83e-01	6.86e-01
 5.81080e+21	0.00e+00	0.00e+00	2.09e-28	3.54e-23	9.87e-19	5.64e-15	8.89e-12	4.48e-09	9.12e-07	1.12e-04	3.25e-02	2.90e-01	6.78e-01
 5.94257e+21	0.00e+00	0.00e+00	2.98e-28	4.87e-23	1.31e-18	7.21e-15	1.10e-11	5.34e-09	1.05e-06	1.23e-04	3.46e-02	2.97e-01	6.69e-01
 6.11388e+21	0.00e+00	0.00e+00	4.67e-28	7.29e-23	1.87e-18	9.85e-15	1.44e-11	6.69e-09	1.25e-06	1.40e-04	3.73e-02	3.05e-01	6.57e-01
 6.29041e+21	0.00e+00	0.00e+00	7.38e-28	1.10e-22	2.69e-18	1.35e-14	1.89e-11	8.40e-09	1.49e-06	1.59e-04	4.03e-02	3.14e-01	6.45e-01
 6.43435e+21	0.00e+00	0.00e+00	1.06e-27	1.52e-22	3.59e-18	1.74e-14	2.35e-11	1.01e-08	1.71e-06	1.76e-04	4.29e-02	3.22e-01	6.35e-01
 6.58207e+21	0.00e+00	0.00e+00	1.54e-27	2.12e-22	4.80e-18	2.25e-14	2.93e-11	1.21e-08	1.97e-06	1.94e-04	4.56e-02	3.29e-01	6.25e-01
 6.73785e+21	0.00e+00	0.00e+00	2.25e-27	2.98e-22	6.51e-18	2.93e-14	3.68e-11	1.46e-08	2.29e-06	2.16e-04	4.86e-02	3.37e-01	6.14e-01
 6.87066e+21	0.00e+00	0.00e+00	3.11e-27	3.98e-22	8.39e-18	3.66e-14	4.46e-11	1.72e-08	2.59e-06	2.36e-04	5.13e-02	3.43e-01	6.05e-01
 7.00985e+21	0.00e+00	2.50e-33	4.32e-27	5.35e-22	1.09e-17	4.59e-14	5.43e-11	2.02e-08	2.94e-06	2.58e-04	5.41e-02	3.50e-01	5.96e-01
 7.19081e+21	0.00e+00	3.98e-33	6.58e-27	7.81e-22	1.52e-17	6.15e-14	6.98e-11	2.49e-08	3.46e-06	2.90e-04	5.80e-02	3.58e-01	5.84e-01
 7.37231e+21	0.00e+00	6.31e-33	1.00e-26	1.14e-21	2.12e-17	8.22e-14	8.97e-11	3.07e-08	4.07e-06	3.25e-04	6.21e-02	3.66e-01	5.71e-01
 7.51419e+21	0.00e+00	8.99e-33	1.38e-26	1.52e-21	2.74e-17	1.03e-13	1.09e-10	3.60e-08	4.61e-06	3.54e-04	6.54e-02	3.73e-01	5.61e-01
 7.63197e+21	0.00e+00	1.20e-32	1.79e-26	1.92e-21	3.38e-17	1.23e-13	1.27e-10	4.10e-08	5.10e-06	3.80e-04	6.82e-02	3.78e-01	5.53e-01
 7.75874e+21	0.00e+00	1.63e-32	2.38e-26	2.47e-21	4.22e-17	1.50e-13	1.50e-10	4.72e-08	5.68e-06	4.10e-04	7.13e-02	3.83e-01	5.45e-01
 7.92355e+21	0.00e+00	2.42e-32	3.40e-26	3.40e-21	5.61e-17	1.92e-13	1.86e-10	5.63e-08	6.51e-06	4.52e-04	7.55e-02	3.90e-01	5.34e-01
 8.09147e+21	0.00e+00	3.61e-32	4.88e-26	4.70e-21	7.47e-17	2.46e-13	2.31e-10	6.75e-08	7.49e-06	4.98e-04	7.99e-02	3.97e-01	5.22e-01
 8.22590e+21	0.00e+00	4.94e-32	6.49e-26	6.08e-21	9.38e-17	3.00e-13	2.74e-10	7.78e-08	8.35e-06	5.38e-04	8.36e-02	4.03e-01	5.13e-01
 8.36311e+21	0.00e+00	6.77e-32	8.65e-26	7.86e-21	1.18e-16	3.66e-13	3.26e-10	8.97e-08	9.33e-06	5.81e-04	8.74e-02	4.08e-01	5.04e-01
 8.50895e+21	0.00e+00	9.44e-32	1.17e-25	1.03e-20	1.50e-16	4.52e-13	3.91e-10	1.04e-07	1.05e-05	6.30e-04	9.16e-02	4.13e-01	4.94e-01
 8.63420e+21	0.00e+00	1.25e-31	1.52e-25	1.30e-20	1.84e-16	5.41e-13	4.57e-10	1.19e-07	1.16e-05	6.75e-04	9.53e-02	4.18e-01	4.86e-01
 8.74808e+21	0.00e+00	1.61e-31	1.91e-25	1.60e-20	2.21e-16	6.34e-13	5.23e-10	1.33e-07	1.26e-05	7.17e-04	9.87e-02	4.22e-01	4.78e-01
 8.87901e+21	0.00e+00	2.16e-31	2.48e-25	2.03e-20	2.73e-16	7.62e-13	6.14e-10	1.52e-07	1.40e-05	7.69e-04	1.03e-01	4.27e-01	4.70e-01
 9.02622e+21	0.00e+00	2.98e-31	3.33e-25	2.64e-20	3.44e-16	9.34e-13	7.32e-10	1.76e-07	1.57e-05	8.31e-04	1.07e-01	4.32e-01	4.60e-01
 9.16465e+21	0.00e+00	4.02e-31	4.38e-25	3.38e-20	4.28e-16	1.13e-12	8.63e-10	2.01e-07	1.74e-05	8.94e-04	1.12e-01	4.36e-01	4.51e-01
 9.29316e+21	0.00e+00	5.29e-31	5.63e-25	4.23e-20	5.23e-16	1.35e-12	1.00e-09	2.28e-07	1.91e-05	9.55e-04	1.16e-01	4.40e-01	4.43e-01
 9.43873e+21	0.00e+00	7.20e-31	7.45e-25	5.44e-20	6.54e-16	1.64e-12	1.19e-09	2.63e-07	2.13e-05	1.03e-03	1.21e-01	4.45e-01	4.33e-01
 9.59096e+21	0.00e+00	9.93e-31	9.99e-25	7.08e-20	8.27e-16	2.01e-12	1.42e-09	3.04e-07	2.39e-05	1.11e-03	1.26e-01	4.49e-01	4.24e-01
 9.71817e+21	0.00e+00	1.30e-30	1.27e-24	8.81e-20	1.00e-15	2.38e-12	1.64e-09	3.43e-07	2.62e-05	1.18e-03	1.31e-01	4.52e-01	4.15e-01
 9.84988e+21	0.00e+00	1.70e-30	1.63e-24	1.10e-19	1.22e-15	2.82e-12	1.90e-09	3.89e-07	2.88e-05	1.26e-03	1.36e-01	4.56e-01	4.07e-01
 1.00211e+22	0.00e+00	2.41e-30	2.24e-24	1.47e-19	1.58e-15	3.52e-12	2.31e-09	4.56e-07	3.26e-05	1.37e-03	1.42e-01	4.60e-01	3.96e-01
 1.01924e+22	0.00e+00	3.41e-30	3.08e-24	1.95e-19	2.03e-15	4.40e-12	2.80e-09	5.35e-07	3.68e-05	1.49e-03	1.49e-01	4.64e-01	3.86e-01
 1.03250e+22	0.00e+00	4.45e-30	3.93e-24	2.43e-19	2.47e-15	5.22e-12	3.24e-09	6.05e-07	4.04e-05	1.59e-03	1.54e-01	4.67e-01	3.77e-01
 1.04584e+22	0.00e+00	5.79e-30	5.00e-24	3.02e-19	3.00e-15	6.18e-12	3.76e-09	6.83e-07	4.44e-05	1.69e-03	1.59e-01	4.70e-01	3.69e-01
 1.06317e+22	0.00e+00	8.12e-30	6.82e-24	4.00e-19	3.85e-15	7.68e-12	4.54e-09	7.99e-07	5.00e-05	1.83e-03	1.66e-01	4.73e-01	3.59e-01
 1.08097e+22	0.00e+00	1.15e-29	9.39e-24	5.33e-19	4.97e-15	9.61e-12	5.51e-09	9.39e-07	5.66e-05	1.99e-03	1.74e-01	4.76e-01	3.48e-01
 1.09485e+22	0.00e+00	1.50e-29	1.20e-23	6.66e-19	6.06e-15	1.14e-11	6.40e-09	1.06e-06	6.22e-05	2.12e-03	1.80e-01	4.78e-01	3.40e-01
 1.10655e+22	0.00e+00	1.88e-29	1.48e-23	8.02e-19	7.15e-15	1.32e-11	7.26e-09	1.18e-06	6.74e-05	2.24e-03	1.85e-01	4.80e-01	3.33e-01
 1.11997e+22	0.00e+00	2.43e-29	1.86e-23	9.91e-19	8.63e-15	1.56e-11	8.37e-09	1.33e-06	7.38e-05	2.38e-03	1.91e-01	4.82e-01	3.25e-01
 1.13742e+22	0.00e+00	3.36e-29	2.51e-23	1.30e-18	1.10e-14	1.92e-11	1.01e-08	1.55e-06	8.29e-05	2.57e-03	1.98e-01	4.84e-01	3.15e-01
 1.15502e+22	0.00e+00	4.67e-29	3.41e-23	1.71e-18	1.40e-14	2.38e-11	1.21e-08	1.81e-06	9.33e-05	2.78e-03	2.07e-01	4.86e-01	3.05e-01
 1.16884e+22	0.00e+00	6.03e-29	4.31e-23	2.12e-18	1.70e-14	2.82e-11	1.40e-08	2.04e-06	1.02e-04	2.95e-03	2.13e-01	4.87e-01	2.97e-01
 1.18281e+22	0.00e+00	7.77e-29	5.45e-23	2.62e-18	2.06e-14	3.33e-11	1.62e-08	2.30e-06	1.12e-04	3.13e-03	2.20e-01	4.88e-01	2.89e-01
 1.20097e+22	0.00e+00	1.08e-28	7.36e-23	3.45e-18	2.63e-14	4.12e-11	1.95e-08	2.69e-06	1.26e-04	3.38e-03	2.29e-01	4.89e-01	2.79e-01
 1.21940e+22	0.00e+00	1.50e-28	1.00e-22	4.55e-18	3.37e-14	5.13e-11	2.36e-08	3.15e-06	1.42e-04	3.66e-03	2.38e-01	4.89e-01	2.69e-01
 1.23398e+22	0.00e+00	1.94e-28	1.27e-22	5.67e-18	4.10e-14	6.09e-11	2.75e-08	3.57e-06	1.56e-04	3.89e-03	2.45e-01	4.89e-01	2.62e-01
 1.24873e+22	0.00e+00	2.51e-28	1.61e-22	7.04e-18	4.98e-14	7.22e-11	3.18e-08	4.03e-06	1.72e-04	4.14e-03	2.53e-01	4.89e-01	2.54e-01
 1.26791e+22	0.00e+00	3.48e-28	2.19e-22	9.30e-18	6.40e-14	8.99e-11	3.86e-08	4.73e-06	1.94e-04	4.48e-03	2.62e-01	4.89e-01	2.44e-01
 1.28746e+22	0.00e+00	4.85e-28	2.99e-22	1.24e-17	8.27e-14	1.13e-10	4.69e-08	5.56e-06	2.20e-04	4.85e-03	2.73e-01	4.88e-01	2.34e-01
 1.30306e+22	0.00e+00	6.33e-28	3.83e-22	1.55e-17	1.02e-13	1.35e-10	5.49e-08	6.35e-06	2.43e-04	5.17e-03	2.81e-01	4.87e-01	2.27e-01
 1.31891e+22	0.00e+00	8.17e-28	4.86e-22	1.93e-17	1.24e-13	1.60e-10	6.38e-08	7.19e-06	2.67e-04	5.50e-03	2.89e-01	4.86e-01	2.19e-01
 1.33951e+22	3.69e-33	1.14e-27	6.63e-22	2.57e-17	1.60e-13	2.01e-10	7.77e-08	8.47e-06	3.03e-04	5.95e-03	3.00e-01	4.84e-01	2.10e-01
 1.36050e+22	5.46e-33	1.59e-27	9.08e-22	3.43e-17	2.08e-13	2.53e-10	9.50e-08	1.00e-05	3.44e-04	6.46e-03	3.12e-01	4.81e-01	2.00e-01
 1.37738e+22	7.44e-33	2.06e-27	1.16e-21	4.32e-17	2.56e-13	3.03e-10	1.11e-07	1.14e-05	3.80e-04	6.88e-03	3.21e-01	4.79e-01	1.93e-01
 1.39473e+22	1.01e-32	2.68e-27	1.49e-21	5.43e-17	3.15e-13	3.64e-10	1.30e-07	1.30e-05	4.21e-04	7.34e-03	3.30e-01	4.77e-01	1.85e-01
 1.41388e+22	1.41e-32	3.56e-27	1.95e-21	6.97e-17	3.96e-13	4.44e-10	1.55e-07	1.51e-05	4.70e-04	7.87e-03	3.41e-01	4.74e-01	1.77e-01
 1.43114e+22	1.90e-32	4.58e-27	2.48e-21	8.70e-17	4.84e-13	5.30e-10	1.81e-07	1.71e-05	5.18e-04	8.37e-03	3.50e-01	4.71e-01	1.70e-01
 1.44676e+22	2.48e-32	5.71e-27	3.06e-21	1.06e-16	5.79e-13	6.19e-10	2.08e-07	1.92e-05	5.65e-04	8.84e-03	3.59e-01	4.68e-01	1.64e-01
 1.46446e+22	3.30e-32	7.28e-27	3.86e-21	1.32e-16	7.06e-13	7.37e-10	2.42e-07	2.18e-05	6.22e-04	9.39e-03	3.68e-01	4.64e-01	1.58e-01
 1.48747e+22	4.76e-32	9.90e-27	5.18e-21	1.73e-16	9.06e-13	9.17e-10	2.92e-07	2.55e-05	7.02e-04	1.01e-02	3.80e-01	4.59e-01	1.50e-01
 1.51057e+22	6.83e-32	1.34e-26	6.94e-21	2.27e-16	1.16e-12	1.14e-09	3.54e-07	2.99e-05	7.93e-04	1.09e-02	3.92e-01	4.54e-01	1.42e-01
 1.52860e+22	8.97e-32	1.68e-26	8.66e-21	2.80e-16	1.40e-12	1.35e-09	4.09e-07	3.37e-05	8.69e-04	1.16e-02	4.01e-01	4.50e-01	1.36e-01
 1.54685e+22	1.17e-31	2.10e-26	1.07e-20	3.42e-16	1.69e-12	1.58e-09	4.70e-07	3.78e-05	9.50e-04	1.22e-02	4.11e-01	4.45e-01	1.31e-01
 1.57056e+22	1.64e-31	2.78e-26	1.41e-20	4.41e-16	2.13e-12	1.94e-09	5.62e-07	4.39e-05	1.06e-03	1.31e-02	4.22e-01	4.40e-01	1.24e-01
 1.59547e+22	2.31e-31	3.71e-26	1.86e-20	5.74e-16	2.71e-12	2.40e-09	6.75e-07	5.11e-05	1.20e-03	1.41e-02	4.34e-01	4.33e-01	1.17e-01
 1.61657e+22	3.06e-31	4.69e-26	2.34e-20	7.12e-16	3.31e-12	2.85e-09	7.85e-07	5.78e-05	1.32e-03	1.50e-02	4.44e-01	4.28e-01	1.12e-01
 1.63864e+22	4.06e-31	5.93e-26	2.94e-20	8.85e-16	4.04e-12	3.40e-09	9.13e-07	6.56e-05	1.45e-03	1.59e-02	4.54e-01	4.22e-01	1.06e-01
 1.66732e+22	5.79e-31	7.97e-26	3.93e-20	1.16e-15	5.19e-12	4.23e-09	1.10e-06	7.68e-05	1.63e-03	1.71e-02	4.67e-01	4.14e-01	9.97e-02
 1.69653e+22	8.23e-31	1.07e-25	5.23e-20	1.52e-15	6.66e-12	5.26e-09	1.33e-06	8.98e-05	1.84e-03	1.84e-02	4.80e-01	4.06e-01	9.34e-02
 1.71900e+22	1.07e-30	1.33e-25	6.50e-20	1.87e-15	8.05e-12	6.21e-09	1.54e-06	1.01e-04	2.02e-03	1.95e-02	4.90e-01	4.00e-01	8.88e-02
 1.73726e+22	1.32e-30	1.57e-25	7.68e-20	2.19e-15	9.30e-12	7.04e-09	1.72e-06	1.11e-04	2.16e-03	2.03e-02	4.97e-01	3.95e-01	8.54e-02
 1.75749e+22	1.64e-30	1.89e-25	9.19e-20	2.60e-15	1.09e-11	8.08e-09	1.93e-06	1.22e-04	2.33e-03	2.13e-02	5.05e-01	3.90e-01	8.18e-02
 1.78379e+22	2.17e-30	2.38e-25	1.15e-19	3.23e-15	1.33e-11	9.62e-09	2.25e-06	1.38e-04	2.56e-03	2.26e-02	5.15e-01	3.83e-01	7.74e-02
 1.81181e+22	2.90e-30	3.03e-25	1.47e-19	4.05e-15	1.64e-11	1.15e-08	2.63e-06	1.57e-04	2.83e-03	2.40e-02	5.25e-01	3.75e-01	7.29e-02
 1.83605e+22	3.70e-30	3.70e-25	1.79e-19	4.90e-15	1.95e-11	1.35e-08	3.00e-06	1.75e-04	3.07e-03	2.52e-02	5.34e-01	3.69e-01	6.93e-02
 1.86153e+22	4.73e-30	4.54e-25	2.19e-19	5.94e-15	2.33e-11	1.57e-08	3.43e-06	1.96e-04	3.34e-03	2.65e-02	5.42e-01	3.62e-01	6.58e-02
 1.89466e+22	6.45e-30	5.86e-25	2.83e-19	7.57e-15	2.91e-11	1.91e-08	4.06e-06	2.25e-04	3.71e-03	2.83e-02	5.53e-01	3.53e-01	6.15e-02
 1.92822e+22	8.77e-30	7.56e-25	3.64e-19	9.63e-15	3.63e-11	2.32e-08	4.80e-06	2.58e-04	4.12e-03	3.01e-02	5.63e-01	3.45e-01	5.75e-02
 1.95490e+22	1.11e-29	9.19e-25	4.42e-19	1.16e-14	4.31e-11	2.69e-08	5.46e-06	2.86e-04	4.46e-03	3.16e-02	5.71e-01	3.38e-01	5.45e-02
 1.97772e+22	1.35e-29	1.08e-24	5.20e-19	1.35e-14	4.97e-11	3.04e-08	6.07e-06	3.13e-04	4.77e-03	3.29e-02	5.78e-01	3.32e-01	5.21e-02
 2.00292e+22	1.67e-29	1.29e-24	6.19e-19	1.60e-14	5.79e-11	3.48e-08	6.80e-06	3.43e-04	5.12e-03	3.44e-02	5.85e-01	3.26e-01	4.96e-02
 2.03568e+22	2.18e-29	1.60e-24	7.70e-19	1.97e-14	7.02e-11	4.11e-08	7.86e-06	3.86e-04	5.59e-03	3.62e-02	5.93e-01	3.18e-01	4.66e-02
 2.06948e+22	2.85e-29	2.00e-24	9.63e-19	2.44e-14	8.53e-11	4.87e-08	9.09e-06	4.35e-04	6.12e-03	3.83e-02	6.01e-01	3.10e-01	4.37e-02
 2.09725e+22	3.54e-29	2.40e-24	1.15e-18	2.89e-14	9.98e-11	5.59e-08	1.02e-05	4.78e-04	6.58e-03	3.99e-02	6.08e-01	3.04e-01	4.14e-02
 2.12596e+22	4.39e-29	2.86e-24	1.37e-18	3.42e-14	1.17e-10	6.40e-08	1.15e-05	5.25e-04	7.06e-03	4.17e-02	6.14e-01	2.97e-01	3.93e-02
 2.16328e+22	5.75e-29	3.59e-24	1.72e-18	4.23e-14	1.42e-10	7.59e-08	1.33e-05	5.92e-04	7.72e-03	4.39e-02	6.22e-01	2.89e-01	3.67e-02
 2.20202e+22	7.59e-29	4.52e-24	2.17e-18	5.27e-14	1.74e-10	9.04e-08	1.54e-05	6.68e-04	8.46e-03	4.63e-02	6.30e-01	2.81e-01	3.42e-02
 2.23424e+22	9.51e-29	5.45e-24	2.61e-18	6.30e-14	2.04e-10	1.04e-07	1.74e-05	7.37e-04	9.10e-03	4.84e-02	6.35e-01	2.74e-01	3.23e-02
 2.26775e+22	1.19e-28	6.58e-24	3.15e-18	7.52e-14	2.40e-10	1.20e-07	1.96e-05	8.12e-04	9.78e-03	5.05e-02	6.41e-01	2.67e-01	3.05e-02
 2.31132e+22	1.58e-28	8.35e-24	3.98e-18	9.42e-14	2.95e-10	1.43e-07	2.28e-05	9.17e-04	1.07e-02	5.32e-02	6.48e-01	2.59e-01	2.83e-02
 2.35631e+22	2.12e-28	1.07e-23	5.07e-18	1.18e-13	3.64e-10	1.72e-07	2.66e-05	1.04e-03	1.18e-02	5.62e-02	6.54e-01	2.50e-01	2.62e-02
 2.39162e+22	2.64e-28	1.29e-23	6.11e-18	1.41e-13	4.27e-10	1.98e-07	2.99e-05	1.14e-03	1.26e-02	5.85e-02	6.59e-01	2.44e-01	2.47e-02
 2.42599e+22	3.25e-28	1.53e-23	7.26e-18	1.66e-13	4.96e-10	2.25e-07	3.34e-05	1.25e-03	1.35e-02	6.07e-02	6.63e-01	2.38e-01	2.34e-02
 2.47067e+22	4.24e-28	1.92e-23	9.06e-18	2.05e-13	6.00e-10	2.65e-07	3.84e-05	1.39e-03	1.46e-02	6.36e-02	6.68e-01	2.30e-01	2.18e-02
 2.51775e+22	5.58e-28	2.42e-23	1.14e-17	2.55e-13	7.32e-10	3.15e-07	4.43e-05	1.56e-03	1.59e-02	6.68e-02	6.73e-01	2.23e-01	2.02e-02
 2.55812e+22	7.02e-28	2.95e-23	1.38e-17	3.05e-13	8.63e-10	3.63e-07	5.00e-05	1.72e-03	1.70e-02	6.95e-02	6.77e-01	2.16e-01	1.90e-02
 2.60077e+22	8.88e-28	3.60e-23	1.68e-17	3.68e-13	1.02e-09	4.19e-07	5.65e-05	1.90e-03	1.83e-02	7.23e-02	6.80e-01	2.10e-01	1.78e-02
 2.65621e+22	1.19e-27	4.65e-23	2.16e-17	4.64e-13	1.26e-09	5.04e-07	6.58e-05	2.14e-03	2.00e-02	7.60e-02	6.84e-01	2.02e-01	1.63e-02
 2.71418e+22	1.62e-27	6.06e-23	2.79e-17	5.92e-13	1.57e-09	6.09e-07	7.71e-05	2.43e-03	2.19e-02	8.00e-02	6.87e-01	1.94e-01	1.50e-02
 2.76332e+22	2.09e-27	7.55e-23	3.46e-17	7.23e-13	1.88e-09	7.11e-07	8.79e-05	2.69e-03	2.36e-02	8.33e-02	6.89e-01	1.87e-01	1.39e-02
 2.80680e+22	2.59e-27	9.11e-23	4.15e-17	8.58e-13	2.20e-09	8.13e-07	9.83e-05	2.94e-03	2.51e-02	8.63e-02	6.91e-01	1.81e-01	1.31e-02
 2.85505e+22	3.27e-27	1.12e-22	5.06e-17	1.03e-12	2.60e-09	9.39e-07	1.11e-04	3.24e-03	2.69e-02	8.96e-02	6.92e-01	1.76e-01	1.22e-02
 2.91776e+22	4.41e-27	1.46e-22	6.52e-17	1.31e-12	3.21e-09	1.12e-06	1.29e-04	3.64e-03	2.92e-02	9.36e-02	6.94e-01	1.68e-01	1.12e-02
 2.98335e+22	5.96e-27	1.90e-22	8.43e-17	1.66e-12	4.00e-09	1.36e-06	1.51e-04	4.12e-03	3.20e-02	9.82e-02	6.94e-01	1.61e-01	1.02e-02
 3.03612e+22	7.55e-27	2.34e-22	1.03e-16	2.01e-12	4.74e-09	1.57e-06	1.70e-04	4.53e-03	3.42e-02	1.02e-01	6.95e-01	1.55e-01	9.52e-03
 3.08138e+22	9.20e-27	2.79e-22	1.22e-16	2.36e-12	5.47e-09	1.78e-06	1.88e-04	4.91e-03	3.62e-02	1.05e-01	6.94e-01	1.50e-01	8.96e-03
 3.13342e+22	1.15e-26	3.40e-22	1.48e-16	2.82e-12	6.42e-09	2.04e-06	2.11e-04	5.37e-03	3.85e-02	1.08e-01	6.94e-01	1.45e-01	8.36e-03
 3.20109e+22	1.52e-26	4.39e-22	1.89e-16	3.52e-12	7.85e-09	2.42e-06	2.43e-04	5.99e-03	4.16e-02	1.13e-01	6.93e-01	1.39e-01	7.67e-03
 3.27211e+22	2.01e-26	5.66e-22	2.41e-16	4.44e-12	9.68e-09	2.90e-06	2.82e-04	6.73e-03	4.52e-02	1.18e-01	6.91e-01	1.32e-01	6.98e-03
 3.33148e+22	2.53e-26	6.98e-22	2.96e-16	5.36e-12	1.15e-08	3.35e-06	3.18e-04	7.39e-03	4.83e-02	1.22e-01	6.89e-01	1.27e-01	6.46e-03
 3.39262e+22	3.17e-26	8.60e-22	3.61e-16	6.47e-12	1.36e-08	3.87e-06	3.59e-04	8.11e-03	5.15e-02	1.26e-01	6.86e-01	1.22e-01	5.98e-03
 3.47211e+22	4.24e-26	1.13e-21	4.67e-16	8.20e-12	1.68e-08	4.64e-06	4.16e-04	9.10e-03	5.57e-02	1.31e-01	6.82e-01	1.16e-01	5.44e-03
 3.55435e+22	5.62e-26	1.47e-21	6.03e-16	1.04e-11	2.09e-08	5.59e-06	4.86e-04	1.03e-02	6.06e-02	1.36e-01	6.78e-01	1.10e-01	4.89e-03
 3.62133e+22	7.01e-26	1.81e-21	7.38e-16	1.26e-11	2.48e-08	6.47e-06	5.49e-04	1.13e-02	6.46e-02	1.41e-01	6.73e-01	1.05e-01	4.50e-03
 3.68957e+22	8.71e-26	2.23e-21	9.01e-16	1.52e-11	2.93e-08	7.48e-06	6.18e-04	1.24e-02	6.88e-02	1.45e-01	6.69e-01	1.00e-01	4.15e-03
 3.77829e+22	1.14e-25	2.89e-21	1.16e-15	1.92e-11	3.62e-08	8.96e-06	7.16e-04	1.38e-02	7.44e-02	1.51e-01	6.62e-01	9.46e-02	3.73e-03
 3.87141e+22	1.50e-25	3.78e-21	1.50e-15	2.45e-11	4.51e-08	1.08e-05	8.36e-04	1.56e-02	8.06e-02	1.56e-01	6.54e-01	8.89e-02	3.33e-03
 3.94430e+22	1.83e-25	4.64e-21	1.83e-15	2.95e-11	5.33e-08	1.25e-05	9.41e-04	1.71e-02	8.57e-02	1.61e-01	6.48e-01	8.46e-02	3.05e-03
 4.00224e+22	2.14e-25	5.43e-21	2.12e-15	3.40e-11	6.06e-08	1.39e-05	1.03e-03	1.83e-02	8.98e-02	1.64e-01	6.42e-01	8.14e-02	2.85e-03
 4.06671e+22	2.52e-25	6.42e-21	2.49e-15	3.96e-11	6.96e-08	1.57e-05	1.13e-03	1.97e-02	9.44e-02	1.68e-01	6.36e-01	7.80e-02	2.64e-03
 4.15053e+22	3.11e-25	7.97e-21	3.06e-15	4.80e-11	8.29e-08	1.82e-05	1.28e-03	2.16e-02	1.00e-01	1.73e-01	6.28e-01	7.39e-02	2.41e-03
 4.24178e+22	3.83e-25	9.92e-21	3.79e-15	5.89e-11	9.99e-08	2.14e-05	1.46e-03	2.39e-02	1.07e-01	1.78e-01	6.18e-01	6.94e-02	2.16e-03
 4.32231e+22	4.56e-25	1.20e-20	4.57e-15	7.03e-11	1.17e-07	2.45e-05	1.64e-03	2.60e-02	1.14e-01	1.82e-01	6.09e-01	6.57e-02	1.96e-03
 4.40663e+22	5.44e-25	1.46e-20	5.49e-15	8.38e-11	1.38e-07	2.81e-05	1.83e-03	2.84e-02	1.20e-01	1.87e-01	5.99e-01	6.22e-02	1.79e-03
 4.51624e+22	6.74e-25	1.85e-20	6.91e-15	1.04e-10	1.68e-07	3.34e-05	2.11e-03	3.15e-02	1.29e-01	1.92e-01	5.86e-01	5.78e-02	1.58e-03
 4.62744e+22	8.26e-25	2.34e-20	8.70e-15	1.30e-10	2.06e-07	3.98e-05	2.43e-03	3.51e-02	1.38e-01	1.97e-01	5.72e-01	5.35e-02	1.39e-03
 4.71550e+22	9.54e-25	2.81e-20	1.04e-14	1.54e-10	2.40e-07	4.54e-05	2.70e-03	3.80e-02	1.46e-01	2.01e-01	5.61e-01	5.04e-02	1.26e-03
 4.80477e+22	1.10e-24	3.35e-20	1.22e-14	1.81e-10	2.79e-07	5.16e-05	3.00e-03	4.11e-02	1.53e-01	2.05e-01	5.49e-01	4.74e-02	1.14e-03
 4.92082e+22	1.31e-24	4.16e-20	1.51e-14	2.22e-10	3.36e-07	6.05e-05	3.41e-03	4.53e-02	1.63e-01	2.09e-01	5.34e-01	4.39e-02	1.00e-03
 5.04437e+22	1.53e-24	5.21e-20	1.87e-14	2.74e-10	4.09e-07	7.17e-05	3.91e-03	5.01e-02	1.73e-01	2.14e-01	5.17e-01	4.02e-02	8.70e-04
 5.14979e+22	1.74e-24	6.26e-20	2.23e-14	3.26e-10	4.80e-07	8.24e-05	4.37e-03	5.44e-02	1.83e-01	2.18e-01	5.03e-01	3.73e-02	7.70e-04
 5.25896e+22	1.99e-24	7.54e-20	2.66e-14	3.86e-10	5.63e-07	9.43e-05	4.87e-03	5.89e-02	1.92e-01	2.21e-01	4.88e-01	3.47e-02	6.85e-04
 5.40089e+22	2.32e-24	9.47e-20	3.30e-14	4.77e-10	6.85e-07	1.12e-04	5.57e-03	6.50e-02	2.04e-01	2.25e-01	4.69e-01	3.15e-02	5.88e-04
 5.54646e+22	2.69e-24	1.20e-19	4.10e-14	5.92e-10	8.38e-07	1.33e-04	6.39e-03	7.18e-02	2.16e-01	2.28e-01	4.49e-01	2.84e-02	4.99e-04
 5.66360e+22	2.96e-24	1.43e-19	4.84e-14	6.99e-10	9.79e-07	1.52e-04	7.11e-03	7.75e-02	2.26e-01	2.30e-01	4.33e-01	2.60e-02	4.37e-04
 5.76331e+22	3.22e-24	1.67e-19	5.58e-14	8.02e-10	1.11e-06	1.70e-04	7.74e-03	8.23e-02	2.34e-01	2.32e-01	4.19e-01	2.43e-02	3.93e-04
 5.87355e+22	3.54e-24	1.96e-19	6.46e-14	9.27e-10	1.27e-06	1.90e-04	8.48e-03	8.77e-02	2.43e-01	2.33e-01	4.05e-01	2.25e-02	3.50e-04
 6.01686e+22	3.97e-24	2.41e-19	7.76e-14	1.11e-09	1.51e-06	2.20e-04	9.49e-03	9.49e-02	2.53e-01	2.35e-01	3.87e-01	2.04e-02	3.01e-04
 6.16860e+22	4.45e-24	3.00e-19	9.44e-14	1.35e-09	1.80e-06	2.56e-04	1.07e-02	1.03e-01	2.65e-01	2.36e-01	3.67e-01	1.83e-02	2.55e-04
 6.29806e+22	4.88e-24	3.61e-19	1.11e-13	1.58e-09	2.09e-06	2.91e-04	1.18e-02	1.10e-01	2.74e-01	2.36e-01	3.51e-01	1.67e-02	2.22e-04
 6.41343e+22	5.31e-24	4.27e-19	1.28e-13	1.81e-09	2.38e-06	3.25e-04	1.28e-02	1.16e-01	2.82e-01	2.36e-01	3.37e-01	1.54e-02	1.97e-04
 6.54372e+22	5.83e-24	5.10e-19	1.49e-13	2.10e-09	2.73e-06	3.65e-04	1.40e-02	1.23e-01	2.91e-01	2.36e-01	3.22e-01	1.41e-02	1.72e-04
 6.71308e+22	6.59e-24	6.41e-19	1.82e-13	2.54e-09	3.24e-06	4.22e-04	1.56e-02	1.32e-01	3.01e-01	2.35e-01	3.03e-01	1.25e-02	1.45e-04
 6.88908e+22	7.57e-24	8.23e-19	2.24e-13	3.10e-09	3.89e-06	4.92e-04	1.74e-02	1.42e-01	3.11e-01	2.33e-01	2.84e-01	1.11e-02	1.21e-04
 7.03368e+22	8.34e-24	1.01e-18	2.66e-13	3.65e-09	4.51e-06	5.57e-04	1.91e-02	1.51e-01	3.19e-01	2.31e-01	2.69e-01	9.99e-03	1.05e-04
 7.18166e+22	9.31e-24	1.23e-18	3.14e-13	4.26e-09	5.18e-06	6.25e-04	2.08e-02	1.59e-01	3.26e-01	2.29e-01	2.55e-01	9.06e-03	9.07e-05
 7.37402e+22	1.08e-23	1.60e-18	3.88e-13	5.19e-09	6.18e-06	7.24e-04	2.31e-02	1.69e-01	3.35e-01	2.26e-01	2.38e-01	7.99e-03	7.57e-05
 7.57690e+22	1.27e-23	2.12e-18	4.90e-13	6.42e-09	7.46e-06	8.45e-04	2.58e-02	1.81e-01	3.43e-01	2.22e-01	2.20e-01	6.96e-03	6.22e-05
 7.74810e+22	1.46e-23	2.69e-18	5.97e-13	7.67e-09	8.73e-06	9.61e-04	2.83e-02	1.91e-01	3.49e-01	2.18e-01	2.06e-01	6.20e-03	5.27e-05
 7.92533e+22	1.69e-23	3.39e-18	7.21e-13	9.09e-09	1.01e-05	1.08e-03	3.08e-02	2.00e-01	3.55e-01	2.14e-01	1.93e-01	5.54e-03	4.50e-05
 8.15572e+22	2.05e-23	4.56e-18	9.20e-13	1.13e-08	1.22e-05	1.26e-03	3.43e-02	2.12e-01	3.61e-01	2.09e-01	1.77e-01	4.80e-03	3.68e-05
 8.39996e+22	2.54e-23	6.31e-18	1.20e-12	1.43e-08	1.49e-05	1.48e-03	3.83e-02	2.26e-01	3.66e-01	2.03e-01	1.62e-01	4.11e-03	2.96e-05
 8.60909e+22	3.06e-23	8.35e-18	1.51e-12	1.74e-08	1.77e-05	1.70e-03	4.20e-02	2.37e-01	3.70e-01	1.97e-01	1.49e-01	3.58e-03	2.45e-05
 8.78059e+22	3.56e-23	1.04e-17	1.81e-12	2.04e-08	2.02e-05	1.89e-03	4.52e-02	2.46e-01	3.72e-01	1.92e-01	1.40e-01	3.22e-03	2.12e-05
 8.95627e+22	4.15e-23	1.29e-17	2.15e-12	2.37e-08	2.29e-05	2.09e-03	4.84e-02	2.54e-01	3.74e-01	1.87e-01	1.31e-01	2.91e-03	1.84e-05
 9.18466e+22	5.04e-23	1.68e-17	2.68e-12	2.87e-08	2.68e-05	2.36e-03	5.26e-02	2.65e-01	3.76e-01	1.81e-01	1.21e-01	2.55e-03	1.54e-05
 9.43433e+22	6.28e-23	2.27e-17	3.43e-12	3.54e-08	3.19e-05	2.71e-03	5.76e-02	2.77e-01	3.76e-01	1.74e-01	1.10e-01	2.20e-03	1.26e-05
 9.65724e+22	7.68e-23	2.96e-17	4.27e-12	4.27e-08	3.72e-05	3.05e-03	6.24e-02	2.87e-01	3.76e-01	1.68e-01	1.01e-01	1.93e-03	1.05e-05
 9.86075e+22	9.10e-23	3.71e-17	5.14e-12	5.00e-08	4.24e-05	3.38e-03	6.67e-02	2.96e-01	3.76e-01	1.62e-01	9.37e-02	1.72e-03	9.02e-06
 1.00935e+23	1.10e-22	4.72e-17	6.28e-12	5.92e-08	4.87e-05	3.76e-03	7.16e-02	3.06e-01	3.75e-01	1.56e-01	8.65e-02	1.52e-03	7.65e-06
 1.03960e+23	1.40e-22	6.40e-17	8.07e-12	7.32e-08	5.79e-05	4.30e-03	7.82e-02	3.18e-01	3.72e-01	1.48e-01	7.80e-02	1.30e-03	6.21e-06
 1.07134e+23	1.82e-22	8.92e-17	1.06e-11	9.22e-08	6.98e-05	4.97e-03	8.57e-02	3.30e-01	3.69e-01	1.40e-01	6.95e-02	1.09e-03	4.94e-06
 1.09748e+23	2.24e-22	1.16e-16	1.32e-11	1.11e-07	8.11e-05	5.57e-03	9.22e-02	3.39e-01	3.65e-01	1.33e-01	6.33e-02	9.51e-04	4.10e-06
 1.12394e+23	2.74e-22	1.48e-16	1.61e-11	1.31e-07	9.28e-05	6.18e-03	9.84e-02	3.48e-01	3.61e-01	1.27e-01	5.80e-02	8.35e-04	3.46e-06
 1.15835e+23	3.45e-22	1.97e-16	2.05e-11	1.60e-07	1.09e-04	6.99e-03	1.06e-01	3.58e-01	3.56e-01	1.20e-01	5.20e-02	7.13e-04	2.81e-06
 1.19628e+23	4.53e-22	2.75e-16	2.69e-11	2.01e-07	1.31e-04	8.04e-03	1.16e-01	3.69e-01	3.49e-01	1.12e-01	4.58e-02	5.93e-04	2.21e-06
 1.23011e+23	5.79e-22	3.69e-16	3.44e-11	2.47e-07	1.54e-04	9.09e-03	1.25e-01	3.78e-01	3.42e-01	1.05e-01	4.09e-02	5.03e-04	1.79e-06
 1.26011e+23	6.98e-22	4.64e-16	4.16e-11	2.89e-07	1.75e-04	1.00e-02	1.33e-01	3.85e-01	3.35e-01	9.91e-02	3.72e-02	4.40e-04	1.50e-06
 1.29381e+23	8.59e-22	5.91e-16	5.08e-11	3.42e-07	2.01e-04	1.11e-02	1.41e-01	3.92e-01	3.28e-01	9.33e-02	3.36e-02	3.82e-04	1.25e-06
 1.33763e+23	1.08e-21	7.82e-16	6.42e-11	4.15e-07	2.35e-04	1.25e-02	1.51e-01	4.00e-01	3.20e-01	8.65e-02	2.98e-02	3.22e-04	1.01e-06
 1.39027e+23	1.45e-21	1.11e-15	8.55e-11	5.28e-07	2.84e-04	1.44e-02	1.65e-01	4.08e-01	3.08e-01	7.87e-02	2.56e-02	2.61e-04	7.69e-07
 1.44166e+23	1.94e-21	1.55e-15	1.13e-10	6.67e-07	3.43e-04	1.65e-02	1.78e-01	4.15e-01	2.96e-01	7.15e-02	2.20e-02	2.11e-04	5.89e-07
 1.48570e+23	2.42e-21	2.02e-15	1.41e-10	8.02e-07	3.97e-04	1.84e-02	1.90e-01	4.20e-01	2.86e-01	6.60e-02	1.95e-02	1.78e-04	4.76e-07
 1.53287e+23	2.98e-21	2.59e-15	1.73e-10	9.50e-07	4.54e-04	2.04e-02	2.01e-01	4.23e-01	2.77e-01	6.10e-02	1.73e-02	1.52e-04	3.88e-07
 1.59134e+23	3.74e-21	3.40e-15	2.18e-10	1.15e-06	5.30e-04	2.29e-02	2.14e-01	4.27e-01	2.65e-01	5.55e-02	1.50e-02	1.26e-04	3.07e-07
 1.65623e+23	4.90e-21	4.66e-15	2.83e-10	1.43e-06	6.31e-04	2.60e-02	2.29e-01	4.29e-01	2.52e-01	4.98e-02	1.28e-02	1.02e-04	2.36e-07
 1.71657e+23	6.28e-21	6.23e-15	3.61e-10	1.75e-06	7.41e-04	2.92e-02	2.44e-01	4.31e-01	2.39e-01	4.49e-02	1.11e-02	8.35e-05	1.84e-07
 1.76876e+23	7.73e-21	7.88e-15	4.38e-10	2.06e-06	8.44e-04	3.21e-02	2.56e-01	4.31e-01	2.29e-01	4.12e-02	9.80e-03	7.09e-05	1.50e-07
 1.82609e+23	8.98e-21	9.53e-15	5.14e-10	2.35e-06	9.40e-04	3.48e-02	2.67e-01	4.30e-01	2.20e-01	3.81e-02	8.79e-03	6.15e-05	1.26e-07
 1.89629e+23	1.08e-20	1.20e-14	6.21e-10	2.76e-06	1.07e-03	3.82e-02	2.80e-01	4.29e-01	2.10e-01	3.46e-02	7.70e-03	5.18e-05	0.00e+00
 1.97337e+23	1.32e-20	1.53e-14	7.64e-10	3.28e-06	1.23e-03	4.23e-02	2.94e-01	4.26e-01	1.98e-01	3.11e-02	6.68e-03	4.30e-05	0.00e+00
 2.05354e+23	1.58e-20	1.92e-14	9.25e-10	3.85e-06	1.40e-03	4.65e-02	3.08e-01	4.23e-01	1.87e-01	2.81e-02	5.82e-03	3.60e-05	0.00e+00
 2.13692e+23	1.87e-20	2.39e-14	1.11e-09	4.48e-06	1.59e-03	5.08e-02	3.21e-01	4.19e-01	1.77e-01	2.54e-02	5.09e-03	3.03e-05	0.00e+00
 2.22319e+23	2.16e-20	2.91e-14	1.31e-09	5.16e-06	1.78e-03	5.52e-02	3.34e-01	4.14e-01	1.68e-01	2.30e-02	4.49e-03	2.58e-05	0.00e+00
 2.30636e+23	2.53e-20	3.54e-14	1.54e-09	5.94e-06	2.00e-03	5.98e-02	3.46e-01	4.09e-01	1.59e-01	2.09e-02	3.97e-03	2.20e-05	0.00e+00
 2.38120e+23	2.82e-20	4.11e-14	1.75e-09	6.61e-06	2.18e-03	6.37e-02	3.55e-01	4.04e-01	1.51e-01	1.93e-02	3.59e-03	1.94e-05	0.00e+00
 2.44856e+23	3.13e-20	4.72e-14	1.96e-09	7.29e-06	2.36e-03	6.74e-02	3.64e-01	4.00e-01	1.45e-01	1.80e-02	3.28e-03	1.74e-05	0.00e+00
 2.50919e+23	3.42e-20	5.29e-14	2.16e-09	7.91e-06	2.52e-03	7.06e-02	3.71e-01	3.96e-01	1.40e-01	1.70e-02	3.05e-03	1.58e-05	0.00e+00
 2.56375e+23	3.61e-20	5.76e-14	2.32e-09	8.42e-06	2.66e-03	7.33e-02	3.77e-01	3.92e-01	1.36e-01	1.62e-02	2.87e-03	1.47e-05	0.00e+00
 2.61286e+23	3.80e-20	6.23e-14	2.48e-09	8.90e-06	2.78e-03	7.57e-02	3.82e-01	3.89e-01	1.32e-01	1.55e-02	2.72e-03	1.37e-05	0.00e+00
 2.65705e+23	3.96e-20	6.64e-14	2.62e-09	9.32e-06	2.89e-03	7.78e-02	3.86e-01	3.86e-01	1.29e-01	1.49e-02	2.60e-03	1.29e-05	0.00e+00
 2.69683e+23	4.09e-20	6.99e-14	2.74e-09	9.69e-06	2.99e-03	7.96e-02	3.90e-01	3.84e-01	1.27e-01	1.44e-02	2.50e-03	1.23e-05	0.00e+00
 2.73263e+23	4.20e-20	7.33e-14	2.85e-09	1.00e-05	3.07e-03	8.12e-02	3.93e-01	3.82e-01	1.25e-01	1.40e-02	2.42e-03	1.18e-05	0.00e+00
 2.76486e+23	4.28e-20	7.59e-14	2.93e-09	1.03e-05	3.15e-03	8.26e-02	3.95e-01	3.80e-01	1.23e-01	1.37e-02	2.35e-03	1.14e-05	0.00e+00
 2.79541e+23	4.30e-20	7.77e-14	3.00e-09	1.05e-05	3.20e-03	8.36e-02	3.97e-01	3.79e-01	1.22e-01	1.35e-02	2.30e-03	1.12e-05	0.00e+00
 2.82596e+23	4.32e-20	7.98e-14	3.06e-09	1.07e-05	3.26e-03	8.47e-02	3.99e-01	3.77e-01	1.20e-01	1.32e-02	2.25e-03	1.09e-05	0.00e+00
 2.85650e+23	4.35e-20	8.18e-14	3.13e-09	1.09e-05	3.31e-03	8.58e-02	4.01e-01	3.76e-01	1.19e-01	1.30e-02	2.20e-03	1.06e-05	0.00e+00
 2.88705e+23	4.37e-20	8.38e-14	3.19e-09	1.11e-05	3.37e-03	8.68e-02	4.03e-01	3.74e-01	1.18e-01	1.28e-02	2.16e-03	1.03e-05	0.00e+00
 2.91760e+23	4.37e-20	8.55e-14	3.25e-09	1.13e-05	3.42e-03	8.78e-02	4.05e-01	3.73e-01	1.16e-01	1.25e-02	2.11e-03	1.01e-05	0.00e+00
 2.94815e+23	4.34e-20	8.68e-14	3.30e-09	1.15e-05	3.46e-03	8.86e-02	4.06e-01	3.72e-01	1.15e-01	1.24e-02	2.08e-03	9.90e-06	0.00e+00
 2.97870e+23	4.31e-20	8.81e-14	3.34e-09	1.16e-05	3.51e-03	8.94e-02	4.08e-01	3.71e-01	1.14e-01	1.22e-02	2.05e-03	9.71e-06	0.00e+00
 3.00925e+23	4.28e-20	8.93e-14	3.38e-09	1.17e-05	3.55e-03	9.02e-02	4.09e-01	3.70e-01	1.13e-01	1.20e-02	2.01e-03	9.54e-06	0.00e+00
 3.03967e+23	4.25e-20	9.06e-14	3.43e-09	1.19e-05	3.59e-03	9.11e-02	4.11e-01	3.69e-01	1.12e-01	1.19e-02	1.98e-03	9.37e-06	0.00e+00
