#depth	Cl	Cl+	Cl+2	Cl+3	Cl+4	Cl+5	Cl+6	Cl+7	Cl+8	Cl+9	Cl+10	Cl+11	Cl+12	Cl+13	Cl+14	Cl+15	Cl+16	Cl+17
 6.17135e+19	0.00e+00	0.00e+00	0.00e+00	0.00e+00	0.00e+00	0.00e+00	1.54e-28	3.30e-24	1.75e-20	3.62e-17	3.13e-14	1.34e-11	3.18e-09	5.20e-07	6.84e-05	1.55e-02	2.01e-01	7.84e-01
 1.87609e+20	0.00e+00	0.00e+00	0.00e+00	0.00e+00	0.00e+00	0.00e+00	4.08e-28	8.06e-24	3.92e-20	7.43e-17	5.90e-14	2.32e-11	5.03e-09	7.45e-07	8.93e-05	1.84e-02	2.16e-01	7.66e-01
 3.18540e+20	0.00e+00	0.00e+00	0.00e+00	0.00e+00	0.00e+00	0.00e+00	1.09e-27	1.98e-23	8.83e-20	1.53e-16	1.12e-13	4.03e-11	8.00e-09	1.07e-06	1.17e-04	2.18e-02	2.32e-01	7.46e-01
 4.54709e+20	0.00e+00	0.00e+00	0.00e+00	0.00e+00	0.00e+00	0.00e+00	2.92e-27	4.88e-23	2.00e-19	3.18e-16	2.12e-13	7.04e-11	1.28e-08	1.55e-06	1.53e-04	2.58e-02	2.48e-01	7.26e-01
 5.47535e+20	0.00e+00	0.00e+00	0.00e+00	0.00e+00	0.00e+00	0.00e+00	5.64e-27	8.92e-23	3.45e-19	5.18e-16	3.27e-13	1.02e-10	1.75e-08	1.98e-06	1.83e-04	2.89e-02	2.60e-01	7.11e-01
 5.82109e+20	0.00e+00	0.00e+00	0.00e+00	0.00e+00	0.00e+00	0.00e+00	7.21e-27	1.12e-22	4.23e-19	6.22e-16	3.84e-13	1.18e-10	1.97e-08	2.17e-06	1.96e-04	3.01e-02	2.64e-01	7.05e-01
 6.07795e+20	0.00e+00	0.00e+00	0.00e+00	0.00e+00	0.00e+00	0.00e+00	8.54e-27	1.31e-22	4.87e-19	7.06e-16	4.29e-13	1.30e-10	2.13e-08	2.31e-06	2.05e-04	3.10e-02	2.68e-01	7.01e-01
 6.41186e+20	0.00e+00	0.00e+00	0.00e+00	0.00e+00	0.00e+00	4.47e-31	1.07e-26	1.61e-22	5.88e-19	8.36e-16	4.98e-13	1.48e-10	2.38e-08	2.51e-06	2.19e-04	3.22e-02	2.72e-01	6.96e-01
 6.84596e+20	0.00e+00	0.00e+00	0.00e+00	0.00e+00	0.00e+00	6.20e-31	1.44e-26	2.11e-22	7.50e-19	1.04e-15	6.04e-13	1.74e-10	2.74e-08	2.81e-06	2.37e-04	3.38e-02	2.77e-01	6.89e-01
 7.41027e+20	0.00e+00	0.00e+00	0.00e+00	0.00e+00	0.00e+00	9.44e-31	2.10e-26	2.97e-22	1.03e-18	1.38e-15	7.74e-13	2.16e-10	3.28e-08	3.23e-06	2.63e-04	3.61e-02	2.84e-01	6.80e-01
 8.02671e+20	0.00e+00	0.00e+00	0.00e+00	0.00e+00	0.00e+00	1.49e-30	3.15e-26	4.32e-22	1.44e-18	1.86e-15	1.01e-12	2.73e-10	3.99e-08	3.76e-06	2.94e-04	3.86e-02	2.92e-01	6.69e-01
 8.56252e+20	0.00e+00	0.00e+00	0.00e+00	0.00e+00	0.00e+00	2.19e-30	4.46e-26	5.95e-22	1.92e-18	2.42e-15	1.27e-12	3.34e-10	4.72e-08	4.29e-06	3.23e-04	4.09e-02	2.98e-01	6.61e-01
 9.02865e+20	0.00e+00	0.00e+00	0.00e+00	0.00e+00	0.00e+00	3.07e-30	6.02e-26	7.84e-22	2.47e-18	3.03e-15	1.55e-12	3.97e-10	5.47e-08	4.81e-06	3.51e-04	4.31e-02	3.04e-01	6.53e-01
 9.55258e+20	0.00e+00	0.00e+00	0.00e+00	0.00e+00	0.00e+00	4.42e-30	8.33e-26	1.06e-21	3.24e-18	3.86e-15	1.93e-12	4.78e-10	6.39e-08	5.43e-06	3.83e-04	4.55e-02	3.10e-01	6.44e-01
 1.02337e+21	0.00e+00	0.00e+00	0.00e+00	0.00e+00	0.00e+00	7.16e-30	1.28e-25	1.57e-21	4.65e-18	5.33e-15	2.56e-12	6.14e-10	7.89e-08	6.40e-06	4.32e-04	4.89e-02	3.18e-01	6.32e-01
 1.09144e+21	0.00e+00	0.00e+00	0.00e+00	0.00e+00	0.00e+00	1.14e-29	1.94e-25	2.31e-21	6.60e-18	7.30e-15	3.39e-12	7.83e-10	9.68e-08	7.50e-06	4.84e-04	5.24e-02	3.27e-01	6.21e-01
 1.14281e+21	0.00e+00	0.00e+00	0.00e+00	0.00e+00	0.00e+00	1.62e-29	2.66e-25	3.08e-21	8.57e-18	9.24e-15	4.17e-12	9.39e-10	1.13e-07	8.44e-06	5.28e-04	5.52e-02	3.33e-01	6.12e-01
 1.19293e+21	0.00e+00	0.00e+00	0.00e+00	0.00e+00	0.00e+00	2.27e-29	3.58e-25	4.06e-21	1.10e-17	1.16e-14	5.10e-12	1.12e-09	1.31e-07	9.46e-06	5.73e-04	5.79e-02	3.38e-01	6.03e-01
 1.25809e+21	0.00e+00	0.00e+00	0.00e+00	0.00e+00	0.00e+00	3.50e-29	5.26e-25	5.78e-21	1.52e-17	1.55e-14	6.59e-12	1.40e-09	1.58e-07	1.09e-05	6.37e-04	6.17e-02	3.46e-01	5.92e-01
 1.32562e+21	0.00e+00	0.00e+00	0.00e+00	0.00e+00	0.00e+00	5.44e-29	7.78e-25	8.31e-21	2.12e-17	2.08e-14	8.58e-12	1.76e-09	1.92e-07	1.27e-05	7.09e-04	6.58e-02	3.54e-01	5.80e-01
 1.38146e+21	0.00e+00	0.00e+00	0.00e+00	0.00e+00	0.00e+00	7.79e-29	1.07e-24	1.12e-20	2.77e-17	2.66e-14	1.06e-11	2.13e-09	2.25e-07	1.44e-05	7.75e-04	6.94e-02	3.60e-01	5.70e-01
 1.43931e+21	0.00e+00	0.00e+00	0.00e+00	0.00e+00	0.00e+00	1.12e-28	1.48e-24	1.51e-20	3.65e-17	3.40e-14	1.33e-11	2.58e-09	2.64e-07	1.63e-05	8.47e-04	7.31e-02	3.66e-01	5.60e-01
 1.51451e+21	0.00e+00	0.00e+00	0.00e+00	0.00e+00	0.00e+00	1.80e-28	2.25e-24	2.22e-20	5.19e-17	4.68e-14	1.76e-11	3.30e-09	3.25e-07	1.91e-05	9.50e-04	7.82e-02	3.74e-01	5.47e-01
 1.58779e+21	0.00e+00	0.00e+00	0.00e+00	0.00e+00	0.00e+00	2.82e-28	3.35e-24	3.21e-20	7.28e-17	6.35e-14	2.31e-11	4.19e-09	3.97e-07	2.23e-05	1.06e-03	8.34e-02	3.82e-01	5.34e-01
 1.64201e+21	0.00e+00	0.00e+00	0.00e+00	0.00e+00	0.00e+00	3.92e-28	4.48e-24	4.21e-20	9.32e-17	7.94e-14	2.82e-11	4.99e-09	4.59e-07	2.49e-05	1.15e-03	8.74e-02	3.87e-01	5.24e-01
 1.69593e+21	0.00e+00	0.00e+00	0.00e+00	0.00e+00	0.00e+00	5.41e-28	5.96e-24	5.49e-20	1.19e-16	9.88e-14	3.42e-11	5.91e-09	5.30e-07	2.78e-05	1.24e-03	9.15e-02	3.92e-01	5.15e-01
 1.76601e+21	0.00e+00	0.00e+00	0.00e+00	0.00e+00	0.00e+00	8.17e-28	8.57e-24	7.70e-20	1.62e-16	1.31e-13	4.39e-11	7.36e-09	6.37e-07	3.20e-05	1.37e-03	9.69e-02	3.99e-01	5.03e-01
 1.83972e+21	0.00e+00	0.00e+00	0.00e+00	0.00e+00	0.00e+00	1.25e-27	1.25e-23	1.09e-19	2.23e-16	1.75e-13	5.69e-11	9.23e-09	7.71e-07	3.70e-05	1.52e-03	1.03e-01	4.05e-01	4.90e-01
 1.90234e+21	0.00e+00	0.00e+00	0.00e+00	0.00e+00	0.00e+00	1.79e-27	1.71e-23	1.47e-19	2.92e-16	2.23e-13	7.07e-11	1.12e-08	9.04e-07	4.18e-05	1.66e-03	1.08e-01	4.11e-01	4.80e-01
 1.96794e+21	0.00e+00	0.00e+00	0.00e+00	0.00e+00	0.00e+00	2.58e-27	2.37e-23	1.98e-19	3.86e-16	2.87e-13	8.83e-11	1.36e-08	1.06e-06	4.74e-05	1.81e-03	1.14e-01	4.16e-01	4.68e-01
 2.04024e+21	0.00e+00	0.00e+00	0.00e+00	0.00e+00	0.00e+00	3.84e-27	3.36e-23	2.75e-19	5.22e-16	3.77e-13	1.13e-10	1.68e-08	1.27e-06	5.43e-05	1.99e-03	1.20e-01	4.22e-01	4.56e-01
 2.10648e+21	0.00e+00	0.00e+00	0.00e+00	0.00e+00	0.00e+00	5.50e-27	4.61e-23	3.70e-19	6.84e-16	4.83e-13	1.40e-10	2.04e-08	1.49e-06	6.14e-05	2.17e-03	1.26e-01	4.27e-01	4.45e-01
 2.16684e+21	0.00e+00	0.00e+00	0.00e+00	0.00e+00	0.00e+00	7.59e-27	6.12e-23	4.82e-19	8.74e-16	6.02e-13	1.71e-10	2.42e-08	1.73e-06	6.85e-05	2.34e-03	1.31e-01	4.31e-01	4.35e-01
 2.23430e+21	0.00e+00	0.00e+00	0.00e+00	0.00e+00	5.86e-31	1.08e-26	8.35e-23	6.46e-19	1.14e-15	7.68e-13	2.12e-10	2.92e-08	2.02e-06	7.73e-05	2.54e-03	1.37e-01	4.35e-01	4.25e-01
 2.30970e+21	0.00e+00	0.00e+00	0.00e+00	0.00e+00	9.07e-31	1.59e-26	1.18e-22	8.89e-19	1.53e-15	1.00e-12	2.69e-10	3.60e-08	2.41e-06	8.82e-05	2.78e-03	1.45e-01	4.40e-01	4.13e-01
 2.38010e+21	0.00e+00	0.00e+00	0.00e+00	0.00e+00	1.36e-30	2.28e-26	1.61e-22	1.19e-18	2.01e-15	1.28e-12	3.35e-10	4.36e-08	2.82e-06	9.95e-05	3.03e-03	1.51e-01	4.44e-01	4.02e-01
 2.44598e+21	0.00e+00	0.00e+00	0.00e+00	0.00e+00	1.96e-30	3.16e-26	2.14e-22	1.56e-18	2.58e-15	1.61e-12	4.10e-10	5.20e-08	3.27e-06	1.11e-04	3.27e-03	1.58e-01	4.48e-01	3.91e-01
 2.52132e+21	0.00e+00	0.00e+00	0.00e+00	0.00e+00	2.97e-30	4.56e-26	2.96e-22	2.12e-18	3.41e-15	2.07e-12	5.13e-10	6.33e-08	3.85e-06	1.26e-04	3.56e-03	1.65e-01	4.51e-01	3.80e-01
 2.60230e+21	0.00e+00	0.00e+00	0.00e+00	0.00e+00	4.60e-30	6.72e-26	4.16e-22	2.92e-18	4.59e-15	2.71e-12	6.52e-10	7.80e-08	4.58e-06	1.43e-04	3.89e-03	1.73e-01	4.55e-01	3.68e-01
 2.67359e+21	0.00e+00	0.00e+00	0.00e+00	0.00e+00	6.72e-30	9.40e-26	5.59e-22	3.85e-18	5.93e-15	3.43e-12	8.01e-10	9.34e-08	5.32e-06	1.61e-04	4.20e-03	1.81e-01	4.57e-01	3.58e-01
 2.74926e+21	0.00e+00	0.00e+00	0.00e+00	0.00e+00	9.96e-30	1.33e-25	7.59e-22	5.14e-18	7.74e-15	4.36e-12	9.93e-10	1.13e-07	6.22e-06	1.80e-04	4.54e-03	1.88e-01	4.60e-01	3.47e-01
 2.83418e+21	0.00e+00	0.00e+00	0.00e+00	0.00e+00	1.54e-29	1.96e-25	1.06e-21	7.07e-18	1.04e-14	5.69e-12	1.26e-09	1.38e-07	7.37e-06	2.05e-04	4.95e-03	1.97e-01	4.62e-01	3.35e-01
 2.91414e+21	0.00e+00	0.00e+00	0.00e+00	0.00e+00	2.29e-29	2.79e-25	1.45e-21	9.49e-18	1.36e-14	7.29e-12	1.56e-09	1.67e-07	8.63e-06	2.31e-04	5.36e-03	2.05e-01	4.64e-01	3.25e-01
 2.98946e+21	0.00e+00	0.00e+00	0.00e+00	0.00e+00	3.32e-29	3.87e-25	1.94e-21	1.24e-17	1.75e-14	9.15e-12	1.91e-09	1.99e-07	9.97e-06	2.57e-04	5.76e-03	2.13e-01	4.66e-01	3.15e-01
 3.07575e+21	0.00e+00	0.00e+00	0.00e+00	0.00e+00	5.02e-29	5.59e-25	2.68e-21	1.69e-17	2.32e-14	1.18e-11	2.40e-09	2.43e-07	1.17e-05	2.90e-04	6.25e-03	2.22e-01	4.67e-01	3.04e-01
 3.17228e+21	0.00e+00	0.00e+00	0.00e+00	0.00e+00	7.92e-29	8.37e-25	3.81e-21	2.36e-17	3.16e-14	1.56e-11	3.08e-09	3.01e-07	1.40e-05	3.31e-04	6.82e-03	2.32e-01	4.68e-01	2.92e-01
 3.25841e+21	0.00e+00	0.00e+00	0.00e+00	0.00e+00	1.18e-28	1.19e-24	5.20e-21	3.16e-17	4.14e-14	2.00e-11	3.82e-09	3.63e-07	1.63e-05	3.71e-04	7.36e-03	2.41e-01	4.69e-01	2.82e-01
 3.33296e+21	0.00e+00	0.00e+00	0.00e+00	0.00e+00	1.65e-28	1.61e-24	6.77e-21	4.06e-17	5.21e-14	2.46e-11	4.59e-09	4.26e-07	1.86e-05	4.09e-04	7.85e-03	2.49e-01	4.69e-01	2.74e-01
 3.41616e+21	0.00e+00	0.00e+00	0.00e+00	0.00e+00	2.39e-28	2.23e-24	9.02e-21	5.32e-17	6.70e-14	3.09e-11	5.61e-09	5.06e-07	2.14e-05	4.55e-04	8.41e-03	2.58e-01	4.69e-01	2.64e-01
 3.52431e+21	0.00e+00	0.00e+00	0.00e+00	0.00e+00	3.83e-28	3.39e-24	1.30e-20	7.53e-17	9.23e-14	4.13e-11	7.25e-09	6.31e-07	2.57e-05	5.20e-04	9.18e-03	2.69e-01	4.68e-01	2.53e-01
 3.63510e+21	0.00e+00	0.00e+00	0.00e+00	0.00e+00	6.14e-28	5.16e-24	1.88e-20	1.07e-16	1.27e-13	5.52e-11	9.36e-09	7.87e-07	3.07e-05	5.94e-04	1.00e-02	2.81e-01	4.67e-01	2.41e-01
 3.72571e+21	0.00e+00	0.00e+00	0.00e+00	0.00e+00	8.97e-28	7.21e-24	2.53e-20	1.41e-16	1.65e-13	6.97e-11	1.15e-08	9.39e-07	3.55e-05	6.61e-04	1.07e-02	2.90e-01	4.66e-01	2.32e-01
 3.81989e+21	0.00e+00	0.00e+00	0.00e+00	0.00e+00	1.32e-27	1.01e-23	3.41e-20	1.87e-16	2.14e-13	8.84e-11	1.42e-08	1.12e-06	4.10e-05	7.36e-04	1.15e-02	3.00e-01	4.64e-01	2.24e-01
 3.94232e+21	0.00e+00	0.00e+00	0.00e+00	0.00e+00	2.15e-27	1.57e-23	5.00e-20	2.69e-16	2.98e-13	1.19e-10	1.84e-08	1.41e-06	4.93e-05	8.42e-04	1.25e-02	3.12e-01	4.62e-01	2.12e-01
 4.06721e+21	0.00e+00	0.00e+00	0.00e+00	0.00e+00	3.50e-27	2.42e-23	7.32e-20	3.86e-16	4.16e-13	1.61e-10	2.40e-08	1.76e-06	5.92e-05	9.64e-04	1.37e-02	3.25e-01	4.59e-01	2.02e-01
 4.16413e+21	0.00e+00	0.00e+00	0.00e+00	0.00e+00	5.08e-27	3.36e-23	9.78e-20	5.08e-16	5.36e-13	2.03e-10	2.93e-08	2.09e-06	6.80e-05	1.07e-03	1.46e-02	3.34e-01	4.56e-01	1.94e-01
 4.25896e+21	0.00e+00	0.00e+00	0.00e+00	5.75e-31	7.24e-27	4.62e-23	1.29e-19	6.60e-16	6.83e-13	2.52e-10	3.55e-08	2.47e-06	7.76e-05	1.18e-03	1.55e-02	3.44e-01	4.53e-01	1.86e-01
 4.38225e+21	0.00e+00	0.00e+00	0.00e+00	9.51e-31	1.14e-26	6.90e-23	1.84e-19	9.23e-16	9.30e-13	3.33e-10	4.53e-08	3.03e-06	9.18e-05	1.33e-03	1.67e-02	3.55e-01	4.49e-01	1.77e-01
 4.51058e+21	0.00e+00	0.00e+00	0.00e+00	1.59e-30	1.81e-26	1.04e-22	2.64e-19	1.30e-15	1.28e-12	4.43e-10	5.80e-08	3.75e-06	1.09e-04	1.50e-03	1.81e-02	3.68e-01	4.45e-01	1.68e-01
 4.61822e+21	0.00e+00	0.00e+00	0.00e+00	2.43e-30	2.65e-26	1.46e-22	3.55e-19	1.72e-15	1.65e-12	5.59e-10	7.11e-08	4.46e-06	1.25e-04	1.66e-03	1.93e-02	3.78e-01	4.41e-01	1.60e-01
 4.73089e+21	0.00e+00	0.00e+00	0.00e+00	3.74e-30	3.91e-26	2.07e-22	4.82e-19	2.30e-15	2.16e-12	7.10e-10	8.76e-08	5.32e-06	1.44e-04	1.85e-03	2.06e-02	3.88e-01	4.36e-01	1.53e-01
 4.87736e+21	0.00e+00	0.00e+00	0.00e+00	6.48e-30	6.42e-26	3.21e-22	7.09e-19	3.32e-15	3.02e-12	9.62e-10	1.14e-07	6.66e-06	1.73e-04	2.10e-03	2.23e-02	4.01e-01	4.30e-01	1.44e-01
 5.02609e+21	0.00e+00	0.00e+00	0.00e+00	1.12e-29	1.05e-25	4.98e-22	1.04e-18	4.78e-15	4.23e-12	1.30e-09	1.49e-07	8.33e-06	2.06e-04	2.39e-03	2.41e-02	4.14e-01	4.24e-01	1.35e-01
 5.14577e+21	0.00e+00	0.00e+00	0.00e+00	1.73e-29	1.55e-25	7.04e-22	1.41e-18	6.38e-15	5.52e-12	1.65e-09	1.83e-07	9.93e-06	2.37e-04	2.65e-03	2.57e-02	4.24e-01	4.18e-01	1.29e-01
 5.25131e+21	0.00e+00	0.00e+00	0.00e+00	2.51e-29	2.18e-25	9.50e-22	1.84e-18	8.19e-15	6.95e-12	2.03e-09	2.19e-07	1.16e-05	2.68e-04	2.89e-03	2.71e-02	4.33e-01	4.14e-01	1.23e-01
 5.37043e+21	0.00e+00	0.00e+00	0.00e+00	3.80e-29	3.16e-25	1.32e-21	2.46e-18	1.08e-14	8.96e-12	2.55e-09	2.67e-07	1.37e-05	3.06e-04	3.18e-03	2.87e-02	4.42e-01	4.08e-01	1.17e-01
 5.52530e+21	0.00e+00	0.00e+00	0.00e+00	6.44e-29	5.08e-25	2.02e-21	3.56e-18	1.54e-14	1.24e-11	3.41e-09	3.43e-07	1.69e-05	3.62e-04	3.59e-03	3.08e-02	4.55e-01	4.00e-01	1.10e-01
 5.68317e+21	0.00e+00	0.00e+00	0.00e+00	1.09e-28	8.19e-25	3.08e-21	5.17e-18	2.19e-14	1.71e-11	4.57e-09	4.42e-07	2.09e-05	4.29e-04	4.05e-03	3.31e-02	4.67e-01	3.93e-01	1.03e-01
 5.81080e+21	0.00e+00	0.00e+00	0.00e+00	1.66e-28	1.19e-24	4.31e-21	6.94e-18	2.89e-14	2.22e-11	5.76e-09	5.39e-07	2.47e-05	4.90e-04	4.45e-03	3.51e-02	4.76e-01	3.86e-01	9.79e-02
 5.94257e+21	0.00e+00	0.00e+00	0.00e+00	2.54e-28	1.75e-24	6.05e-21	9.34e-18	3.84e-14	2.88e-11	7.27e-09	6.60e-07	2.93e-05	5.60e-04	4.89e-03	3.71e-02	4.85e-01	3.79e-01	9.28e-02
 6.11388e+21	0.00e+00	0.00e+00	0.00e+00	4.37e-28	2.85e-24	9.32e-21	1.36e-17	5.50e-14	4.01e-11	9.78e-09	8.53e-07	3.63e-05	6.64e-04	5.52e-03	3.98e-02	4.97e-01	3.71e-01	8.65e-02
 6.29041e+21	0.00e+00	0.00e+00	0.00e+00	7.55e-28	4.66e-24	1.44e-20	2.00e-17	7.94e-14	5.61e-11	1.32e-08	1.11e-06	4.51e-05	7.88e-04	6.24e-03	4.27e-02	5.08e-01	3.61e-01	8.04e-02
 6.43435e+21	0.00e+00	0.00e+00	0.00e+00	1.17e-27	6.92e-24	2.05e-20	2.72e-17	1.06e-13	7.34e-11	1.68e-08	1.36e-06	5.37e-05	9.04e-04	6.87e-03	4.52e-02	5.17e-01	3.54e-01	7.58e-02
 6.58207e+21	0.00e+00	0.00e+00	0.00e+00	1.82e-27	1.03e-23	2.91e-20	3.69e-17	1.43e-13	9.62e-11	2.14e-08	1.68e-06	6.39e-05	1.04e-03	7.57e-03	4.78e-02	5.26e-01	3.46e-01	7.14e-02
 6.73785e+21	0.00e+00	0.00e+00	0.00e+00	2.88e-27	1.55e-23	4.20e-20	5.08e-17	1.94e-13	1.27e-10	2.76e-08	2.08e-06	7.66e-05	1.19e-03	8.36e-03	5.06e-02	5.35e-01	3.38e-01	6.70e-02
 6.87066e+21	0.00e+00	0.00e+00	0.00e+00	4.22e-27	2.19e-23	5.70e-20	6.64e-17	2.50e-13	1.61e-10	3.40e-08	2.50e-06	8.91e-05	1.35e-03	9.09e-03	5.30e-02	5.42e-01	3.31e-01	6.34e-02
 7.00985e+21	0.00e+00	0.00e+00	0.00e+00	6.27e-27	3.13e-23	7.81e-20	8.75e-17	3.25e-13	2.06e-10	4.23e-08	3.01e-06	1.04e-04	1.52e-03	9.90e-03	5.56e-02	5.49e-01	3.24e-01	5.99e-02
 7.19081e+21	0.00e+00	0.00e+00	5.68e-31	1.04e-26	4.92e-23	1.17e-19	1.24e-16	4.56e-13	2.80e-10	5.58e-08	3.83e-06	1.27e-04	1.77e-03	1.10e-02	5.91e-02	5.58e-01	3.15e-01	5.57e-02
 7.37231e+21	0.00e+00	0.00e+00	9.86e-31	1.71e-26	7.72e-23	1.74e-19	1.76e-16	6.36e-13	3.81e-10	7.35e-08	4.85e-06	1.55e-04	2.07e-03	1.23e-02	6.27e-02	5.66e-01	3.05e-01	5.17e-02
 7.51419e+21	0.00e+00	0.00e+00	1.51e-30	2.52e-26	1.09e-22	2.36e-19	2.29e-16	8.22e-13	4.83e-10	9.08e-08	5.81e-06	1.80e-04	2.33e-03	1.33e-02	6.55e-02	5.72e-01	2.98e-01	4.88e-02
 7.63197e+21	0.00e+00	0.00e+00	2.13e-30	3.45e-26	1.45e-22	3.03e-19	2.85e-16	1.01e-12	5.86e-10	1.08e-07	6.74e-06	2.03e-04	2.56e-03	1.42e-02	6.79e-02	5.76e-01	2.92e-01	4.65e-02
 7.75874e+21	0.00e+00	0.00e+00	3.08e-30	4.83e-26	1.95e-22	3.95e-19	3.59e-16	1.27e-12	7.21e-10	1.30e-07	7.89e-06	2.32e-04	2.83e-03	1.53e-02	7.06e-02	5.81e-01	2.86e-01	4.41e-02
 7.92355e+21	0.00e+00	0.00e+00	4.93e-30	7.40e-26	2.87e-22	5.54e-19	4.82e-16	1.68e-12	9.37e-10	1.64e-07	9.65e-06	2.73e-04	3.22e-03	1.67e-02	7.40e-02	5.87e-01	2.78e-01	4.13e-02
 8.09147e+21	0.00e+00	0.00e+00	7.94e-30	1.14e-25	4.23e-22	7.80e-19	6.48e-16	2.25e-12	1.22e-09	2.08e-07	1.18e-05	3.23e-04	3.67e-03	1.82e-02	7.77e-02	5.92e-01	2.69e-01	3.85e-02
 8.22590e+21	0.00e+00	0.00e+00	1.16e-29	1.61e-25	5.74e-22	1.02e-18	8.19e-16	2.82e-12	1.51e-09	2.51e-07	1.39e-05	3.69e-04	4.07e-03	1.96e-02	8.06e-02	5.96e-01	2.63e-01	3.65e-02
 8.36311e+21	0.00e+00	0.00e+00	1.69e-29	2.26e-25	7.80e-22	1.34e-18	1.04e-15	3.54e-12	1.86e-09	3.03e-07	1.63e-05	4.22e-04	4.51e-03	2.10e-02	8.37e-02	6.00e-01	2.56e-01	3.45e-02
 8.50895e+21	0.00e+00	0.00e+00	2.52e-29	3.25e-25	1.08e-21	1.78e-18	1.33e-15	4.51e-12	2.33e-09	3.70e-07	1.93e-05	4.85e-04	5.02e-03	2.26e-02	8.69e-02	6.03e-01	2.49e-01	3.25e-02
 8.63420e+21	0.00e+00	0.00e+00	3.54e-29	4.42e-25	1.42e-21	2.27e-18	1.64e-15	5.53e-12	2.81e-09	4.38e-07	2.24e-05	5.47e-04	5.51e-03	2.41e-02	8.98e-02	6.06e-01	2.43e-01	3.08e-02
 8.74808e+21	0.00e+00	0.00e+00	4.78e-29	5.81e-25	1.82e-21	2.82e-18	1.97e-15	6.63e-12	3.33e-09	5.09e-07	2.54e-05	6.07e-04	5.97e-03	2.54e-02	9.24e-02	6.08e-01	2.38e-01	2.94e-02
 8.87901e+21	0.00e+00	0.00e+00	6.78e-29	7.97e-25	2.41e-21	3.61e-18	2.44e-15	8.18e-12	4.04e-09	6.06e-07	2.95e-05	6.86e-04	6.56e-03	2.71e-02	9.54e-02	6.10e-01	2.32e-01	2.79e-02
 9.02622e+21	0.00e+00	0.00e+00	9.97e-29	1.13e-24	3.29e-21	4.75e-18	3.09e-15	1.03e-11	5.01e-09	7.34e-07	3.48e-05	7.85e-04	7.28e-03	2.91e-02	9.89e-02	6.12e-01	2.26e-01	2.62e-02
 9.16465e+21	0.00e+00	0.00e+00	1.43e-28	1.57e-24	4.41e-21	6.14e-18	3.86e-15	1.28e-11	6.12e-09	8.79e-07	4.05e-05	8.90e-04	8.01e-03	3.10e-02	1.02e-01	6.14e-01	2.19e-01	2.47e-02
 9.29316e+21	0.00e+00	0.00e+00	1.99e-28	2.12e-24	5.76e-21	7.76e-18	4.72e-15	1.56e-11	7.36e-09	1.04e-06	4.66e-05	9.99e-04	8.75e-03	3.29e-02	1.05e-01	6.15e-01	2.14e-01	2.34e-02
 9.43873e+21	0.00e+00	0.00e+00	2.88e-28	2.95e-24	7.76e-21	1.01e-17	5.90e-15	1.95e-11	9.04e-09	1.25e-06	5.45e-05	1.14e-03	9.65e-03	3.52e-02	1.09e-01	6.16e-01	2.08e-01	2.21e-02
 9.59096e+21	0.00e+00	0.00e+00	4.24e-28	4.19e-24	1.06e-20	1.32e-17	7.46e-15	2.46e-11	1.12e-08	1.51e-06	6.42e-05	1.30e-03	1.07e-02	3.77e-02	1.12e-01	6.16e-01	2.01e-01	2.07e-02
 9.71817e+21	0.00e+00	0.00e+00	5.84e-28	5.59e-24	1.37e-20	1.66e-17	9.05e-15	2.98e-11	1.34e-08	1.77e-06	7.35e-05	1.45e-03	1.16e-02	3.98e-02	1.15e-01	6.16e-01	1.96e-01	1.96e-02
 9.84988e+21	0.00e+00	0.00e+00	8.08e-28	7.51e-24	1.78e-20	2.08e-17	1.10e-14	3.61e-11	1.60e-08	2.08e-06	8.44e-05	1.62e-03	1.27e-02	4.22e-02	1.19e-01	6.16e-01	1.90e-01	1.85e-02
 1.00211e+22	0.00e+00	0.00e+00	1.23e-27	1.10e-23	2.49e-20	2.80e-17	1.41e-14	4.64e-11	2.02e-08	2.56e-06	1.01e-04	1.87e-03	1.41e-02	4.54e-02	1.23e-01	6.15e-01	1.83e-01	1.72e-02
 1.01924e+22	0.00e+00	0.00e+00	1.87e-27	1.60e-23	3.49e-20	3.75e-17	1.82e-14	5.96e-11	2.56e-08	3.16e-06	1.20e-04	2.16e-03	1.58e-02	4.88e-02	1.27e-01	6.14e-01	1.76e-01	1.60e-02
 1.03250e+22	0.00e+00	0.00e+00	2.58e-27	2.14e-23	4.52e-20	4.69e-17	2.20e-14	7.21e-11	3.05e-08	3.70e-06	1.38e-04	2.41e-03	1.71e-02	5.15e-02	1.30e-01	6.13e-01	1.71e-01	1.51e-02
 1.04584e+22	0.00e+00	0.00e+00	3.54e-27	2.85e-23	5.83e-20	5.86e-17	2.66e-14	8.71e-11	3.64e-08	4.34e-06	1.57e-04	2.69e-03	1.86e-02	5.44e-02	1.33e-01	6.11e-01	1.66e-01	1.42e-02
 1.06317e+22	0.00e+00	0.00e+00	5.34e-27	4.12e-23	8.09e-20	7.79e-17	3.38e-14	1.11e-10	4.57e-08	5.31e-06	1.87e-04	3.09e-03	2.07e-02	5.82e-02	1.37e-01	6.08e-01	1.59e-01	1.32e-02
 1.08097e+22	0.00e+00	0.00e+00	8.13e-27	6.02e-23	1.13e-19	1.04e-16	4.33e-14	1.42e-10	5.76e-08	6.54e-06	2.23e-04	3.57e-03	2.30e-02	6.25e-02	1.42e-01	6.04e-01	1.53e-01	1.22e-02
 1.09485e+22	0.00e+00	0.00e+00	1.13e-26	8.07e-23	1.47e-19	1.31e-16	5.24e-14	1.73e-10	6.89e-08	7.68e-06	2.56e-04	3.98e-03	2.50e-02	6.59e-02	1.45e-01	6.01e-01	1.47e-01	1.14e-02
 1.10655e+22	0.00e+00	4.94e-31	1.48e-26	1.03e-22	1.82e-19	1.57e-16	6.14e-14	2.02e-10	8.00e-08	8.78e-06	2.86e-04	4.36e-03	2.68e-02	6.89e-02	1.47e-01	5.98e-01	1.43e-01	1.09e-02
 1.11997e+22	0.00e+00	6.93e-31	2.01e-26	1.36e-22	2.33e-19	1.95e-16	7.35e-14	2.42e-10	9.48e-08	1.02e-05	3.26e-04	4.84e-03	2.89e-02	7.24e-02	1.50e-01	5.94e-01	1.38e-01	1.02e-02
 1.13742e+22	0.00e+00	1.07e-30	2.99e-26	1.94e-22	3.19e-19	2.56e-16	9.24e-14	3.06e-10	1.18e-07	1.24e-05	3.84e-04	5.52e-03	3.20e-02	7.71e-02	1.54e-01	5.89e-01	1.32e-01	9.43e-03
 1.15502e+22	0.00e+00	1.67e-30	4.46e-26	2.78e-22	4.39e-19	3.36e-16	1.16e-13	3.86e-10	1.47e-07	1.51e-05	4.54e-04	6.31e-03	3.53e-02	8.21e-02	1.58e-01	5.83e-01	1.26e-01	8.68e-03
 1.16884e+22	0.00e+00	2.35e-30	6.10e-26	3.69e-22	5.63e-19	4.17e-16	1.39e-13	4.63e-10	1.74e-07	1.76e-05	5.16e-04	6.99e-03	3.81e-02	8.62e-02	1.61e-01	5.77e-01	1.22e-01	8.13e-03
 1.18281e+22	0.00e+00	3.31e-30	8.32e-26	4.87e-22	7.19e-19	5.15e-16	1.66e-13	5.54e-10	2.06e-07	2.05e-05	5.87e-04	7.74e-03	4.11e-02	9.04e-02	1.64e-01	5.72e-01	1.17e-01	7.61e-03
 1.20097e+22	0.00e+00	5.14e-30	1.24e-25	6.97e-22	9.87e-19	6.76e-16	2.09e-13	6.98e-10	2.56e-07	2.49e-05	6.91e-04	8.82e-03	4.53e-02	9.60e-02	1.67e-01	5.64e-01	1.11e-01	6.97e-03
 1.21940e+22	0.00e+00	8.05e-30	1.87e-25	1.01e-21	1.36e-18	8.91e-16	2.63e-13	8.81e-10	3.18e-07	3.03e-05	8.16e-04	1.01e-02	4.99e-02	1.02e-01	1.71e-01	5.55e-01	1.05e-01	6.36e-03
 1.23398e+22	0.00e+00	1.15e-29	2.57e-25	1.34e-21	1.75e-18	1.11e-15	3.15e-13	1.06e-09	3.78e-07	3.54e-05	9.29e-04	1.12e-02	5.38e-02	1.07e-01	1.73e-01	5.47e-01	1.01e-01	5.92e-03
 1.24873e+22	0.00e+00	1.62e-29	3.53e-25	1.78e-21	2.25e-18	1.37e-15	3.77e-13	1.27e-09	4.47e-07	4.12e-05	1.06e-03	1.23e-02	5.80e-02	1.12e-01	1.76e-01	5.39e-01	9.65e-02	5.50e-03
 1.26791e+22	0.00e+00	2.55e-29	5.31e-25	2.57e-21	3.11e-18	1.81e-15	4.74e-13	1.59e-09	5.55e-07	5.00e-05	1.24e-03	1.40e-02	6.37e-02	1.18e-01	1.79e-01	5.28e-01	9.10e-02	4.99e-03
 1.28746e+22	0.00e+00	4.04e-29	8.06e-25	3.73e-21	4.32e-18	2.39e-15	5.99e-13	2.01e-09	6.91e-07	6.10e-05	1.47e-03	1.60e-02	7.00e-02	1.25e-01	1.81e-01	5.16e-01	8.55e-02	4.51e-03
 1.30306e+22	0.00e+00	5.84e-29	1.13e-24	5.03e-21	5.62e-18	3.00e-15	7.21e-13	2.42e-09	8.22e-07	7.14e-05	1.68e-03	1.77e-02	7.55e-02	1.31e-01	1.83e-01	5.06e-01	8.11e-02	4.14e-03
 1.31891e+22	0.00e+00	8.33e-29	1.56e-24	6.72e-21	7.25e-18	3.73e-15	8.63e-13	2.89e-09	9.71e-07	8.29e-05	1.90e-03	1.96e-02	8.10e-02	1.36e-01	1.85e-01	4.96e-01	7.70e-02	3.82e-03
 1.33951e+22	0.00e+00	1.32e-28	2.37e-24	9.79e-21	1.01e-17	4.94e-15	1.09e-12	3.63e-09	1.20e-06	1.01e-04	2.24e-03	2.22e-02	8.87e-02	1.43e-01	1.87e-01	4.81e-01	7.19e-02	3.42e-03
 1.36050e+22	0.00e+00	2.13e-28	3.64e-24	1.44e-20	1.41e-17	6.59e-15	1.38e-12	4.58e-09	1.50e-06	1.22e-04	2.63e-03	2.52e-02	9.70e-02	1.51e-01	1.88e-01	4.66e-01	6.68e-02	3.05e-03
 1.37738e+22	0.00e+00	3.09e-28	5.11e-24	1.95e-20	1.85e-17	8.28e-15	1.67e-12	5.49e-09	1.77e-06	1.43e-04	2.99e-03	2.78e-02	1.04e-01	1.56e-01	1.89e-01	4.54e-01	6.28e-02	2.78e-03
 1.39473e+22	0.00e+00	4.50e-28	7.18e-24	2.64e-20	2.41e-17	1.04e-14	2.02e-12	6.57e-09	2.10e-06	1.66e-04	3.40e-03	3.06e-02	1.11e-01	1.62e-01	1.90e-01	4.41e-01	5.90e-02	2.53e-03
 1.41388e+22	0.00e+00	6.78e-28	1.04e-23	3.69e-20	3.24e-17	1.34e-14	2.48e-12	7.98e-09	2.52e-06	1.96e-04	3.90e-03	3.40e-02	1.20e-01	1.69e-01	1.90e-01	4.26e-01	5.50e-02	2.27e-03
 1.43114e+22	0.00e+00	9.78e-28	1.45e-23	4.97e-20	4.21e-17	1.67e-14	2.98e-12	9.48e-09	2.96e-06	2.27e-04	4.40e-03	3.73e-02	1.28e-01	1.74e-01	1.90e-01	4.13e-01	5.16e-02	2.06e-03
 1.44676e+22	0.00e+00	1.35e-27	1.95e-23	6.48e-20	5.31e-17	2.04e-14	3.51e-12	1.10e-08	3.41e-06	2.58e-04	4.90e-03	4.04e-02	1.35e-01	1.79e-01	1.90e-01	4.01e-01	4.86e-02	1.88e-03
 1.46446e+22	0.00e+00	1.94e-27	2.71e-23	8.68e-20	6.87e-17	2.54e-14	4.21e-12	1.30e-08	3.98e-06	2.96e-04	5.50e-03	4.40e-02	1.43e-01	1.84e-01	1.89e-01	3.87e-01	4.54e-02	1.70e-03
 1.48747e+22	0.00e+00	3.05e-27	4.09e-23	1.26e-19	9.53e-17	3.36e-14	5.30e-12	1.61e-08	4.83e-06	3.53e-04	6.35e-03	4.90e-02	1.54e-01	1.90e-01	1.88e-01	3.70e-01	4.16e-02	1.50e-03
 1.51057e+22	0.00e+00	4.81e-27	6.19e-23	1.82e-19	1.32e-16	4.44e-14	6.67e-12	1.97e-08	5.85e-06	4.19e-04	7.32e-03	5.45e-02	1.65e-01	1.96e-01	1.86e-01	3.52e-01	3.79e-02	1.31e-03
 1.52860e+22	0.00e+00	6.79e-27	8.48e-23	2.42e-19	1.70e-16	5.49e-14	7.95e-12	2.31e-08	6.76e-06	4.77e-04	8.15e-03	5.89e-02	1.73e-01	2.00e-01	1.84e-01	3.38e-01	3.53e-02	1.18e-03
 1.54685e+22	0.00e+00	9.52e-27	1.15e-22	3.19e-19	2.16e-16	6.76e-14	9.45e-12	2.68e-08	7.77e-06	5.40e-04	9.03e-03	6.35e-02	1.82e-01	2.04e-01	1.82e-01	3.25e-01	3.28e-02	1.06e-03
 1.57056e+22	0.00e+00	1.46e-26	1.70e-22	4.53e-19	2.95e-16	8.81e-14	1.18e-11	3.25e-08	9.25e-06	6.31e-04	1.03e-02	6.96e-02	1.93e-01	2.09e-01	1.79e-01	3.08e-01	2.99e-02	9.31e-04
 1.59547e+22	0.00e+00	2.27e-26	2.55e-22	6.50e-19	4.06e-16	1.16e-13	1.48e-11	3.95e-08	1.10e-05	7.40e-04	1.17e-02	7.64e-02	2.04e-01	2.13e-01	1.76e-01	2.91e-01	2.70e-02	8.07e-04
 1.61657e+22	0.00e+00	3.27e-26	3.55e-22	8.77e-19	5.29e-16	1.45e-13	1.78e-11	4.63e-08	1.28e-05	8.42e-04	1.30e-02	8.23e-02	2.14e-01	2.16e-01	1.72e-01	2.76e-01	2.48e-02	7.16e-04
 1.63864e+22	0.00e+00	4.71e-26	4.96e-22	1.19e-18	6.90e-16	1.83e-13	2.15e-11	5.43e-08	1.48e-05	9.58e-04	1.44e-02	8.85e-02	2.23e-01	2.18e-01	1.69e-01	2.62e-01	2.27e-02	6.33e-04
 1.66732e+22	0.00e+00	7.47e-26	7.56e-22	1.73e-18	9.66e-16	2.44e-13	2.73e-11	6.65e-08	1.77e-05	1.12e-03	1.64e-02	9.68e-02	2.35e-01	2.21e-01	1.64e-01	2.44e-01	2.02e-02	5.39e-04
 1.69653e+22	0.00e+00	1.18e-25	1.15e-21	2.53e-18	1.35e-15	3.25e-13	3.48e-11	8.11e-08	2.12e-05	1.32e-03	1.86e-02	1.06e-01	2.47e-01	2.23e-01	1.59e-01	2.27e-01	1.80e-02	4.58e-04
 1.71900e+22	0.00e+00	1.68e-25	1.58e-21	3.38e-18	1.75e-15	4.05e-13	4.17e-11	9.43e-08	2.42e-05	1.48e-03	2.05e-02	1.13e-01	2.56e-01	2.24e-01	1.55e-01	2.14e-01	1.64e-02	4.03e-04
 1.73726e+22	0.00e+00	2.19e-25	2.02e-21	4.21e-18	2.12e-15	4.79e-13	4.80e-11	1.06e-07	2.68e-05	1.62e-03	2.20e-02	1.18e-01	2.62e-01	2.24e-01	1.52e-01	2.05e-01	1.52e-02	3.65e-04
 1.75749e+22	0.00e+00	2.93e-25	2.64e-21	5.36e-18	2.63e-15	5.76e-13	5.59e-11	1.20e-07	3.00e-05	1.78e-03	2.37e-02	1.24e-01	2.69e-01	2.24e-01	1.48e-01	1.94e-01	1.41e-02	3.27e-04
 1.78379e+22	0.00e+00	4.23e-25	3.70e-21	7.26e-18	3.44e-15	7.27e-13	6.79e-11	1.41e-07	3.44e-05	2.01e-03	2.61e-02	1.32e-01	2.78e-01	2.24e-01	1.43e-01	1.82e-01	1.27e-02	2.84e-04
 1.81181e+22	0.00e+00	6.23e-25	5.27e-21	1.00e-17	4.58e-15	9.28e-13	8.32e-11	1.66e-07	3.98e-05	2.28e-03	2.88e-02	1.41e-01	2.87e-01	2.23e-01	1.38e-01	1.69e-01	1.13e-02	2.44e-04
 1.83605e+22	0.00e+00	8.62e-25	7.09e-21	1.31e-17	5.82e-15	1.14e-12	9.89e-11	1.91e-07	4.50e-05	2.53e-03	3.13e-02	1.48e-01	2.94e-01	2.22e-01	1.33e-01	1.59e-01	1.03e-02	2.14e-04
 1.86153e+22	0.00e+00	1.20e-24	9.58e-21	1.72e-17	7.41e-15	1.41e-12	1.18e-10	2.20e-07	5.08e-05	2.81e-03	3.40e-02	1.56e-01	3.01e-01	2.20e-01	1.28e-01	1.48e-01	9.29e-03	1.88e-04
 1.89466e+22	0.00e+00	1.81e-24	1.40e-20	2.43e-17	1.01e-14	1.83e-12	1.47e-10	2.63e-07	5.93e-05	3.21e-03	3.76e-02	1.66e-01	3.09e-01	2.18e-01	1.22e-01	1.36e-01	8.17e-03	1.58e-04
 1.92822e+22	0.00e+00	2.73e-24	2.05e-20	3.42e-17	1.37e-14	2.38e-12	1.83e-10	3.14e-07	6.90e-05	3.65e-03	4.15e-02	1.76e-01	3.16e-01	2.14e-01	1.16e-01	1.25e-01	7.16e-03	1.33e-04
 1.95490e+22	0.00e+00	3.76e-24	2.74e-20	4.46e-17	1.73e-14	2.92e-12	2.17e-10	3.60e-07	7.76e-05	4.02e-03	4.47e-02	1.84e-01	3.21e-01	2.11e-01	1.12e-01	1.16e-01	6.45e-03	1.16e-04
 1.97772e+22	0.00e+00	4.89e-24	3.49e-20	5.56e-17	2.10e-14	3.46e-12	2.50e-10	4.04e-07	8.55e-05	4.36e-03	4.75e-02	1.91e-01	3.25e-01	2.09e-01	1.08e-01	1.09e-01	5.91e-03	1.03e-04
 2.00292e+22	0.00e+00	6.49e-24	4.53e-20	7.03e-17	2.60e-14	4.15e-12	2.91e-10	4.56e-07	9.48e-05	4.75e-03	5.07e-02	1.98e-01	3.29e-01	2.06e-01	1.04e-01	1.02e-01	5.37e-03	9.09e-05
 2.03568e+22	0.00e+00	9.28e-24	6.29e-20	9.48e-17	3.39e-14	5.23e-12	3.53e-10	5.32e-07	1.08e-04	5.29e-03	5.50e-02	2.07e-01	3.34e-01	2.02e-01	9.84e-02	9.41e-02	4.74e-03	7.74e-05
 2.06948e+22	0.00e+00	1.33e-23	8.79e-20	1.28e-16	4.44e-14	6.61e-12	4.30e-10	6.23e-07	1.23e-04	5.90e-03	5.96e-02	2.17e-01	3.37e-01	1.97e-01	9.31e-02	8.61e-02	4.18e-03	6.55e-05
 2.09725e+22	0.00e+00	1.79e-23	1.15e-19	1.64e-16	5.52e-14	7.97e-12	5.04e-10	7.06e-07	1.37e-04	6.43e-03	6.35e-02	2.24e-01	3.40e-01	1.93e-01	8.90e-02	8.01e-02	3.76e-03	5.72e-05
 2.12596e+22	0.00e+00	2.38e-23	1.50e-19	2.09e-16	6.85e-14	9.62e-12	5.90e-10	8.01e-07	1.52e-04	7.00e-03	6.76e-02	2.32e-01	3.42e-01	1.89e-01	8.49e-02	7.44e-02	3.39e-03	5.00e-05
 2.16328e+22	0.00e+00	3.43e-23	2.10e-19	2.83e-16	9.00e-14	1.22e-11	7.20e-10	9.39e-07	1.73e-04	7.79e-03	7.30e-02	2.41e-01	3.44e-01	1.83e-01	7.99e-02	6.76e-02	2.96e-03	4.20e-05
 2.20202e+22	5.80e-31	4.99e-23	2.96e-19	3.87e-16	1.19e-13	1.55e-11	8.83e-10	1.10e-06	1.98e-04	8.67e-03	7.89e-02	2.50e-01	3.46e-01	1.78e-01	7.48e-02	6.12e-02	2.57e-03	3.50e-05
 2.23424e+22	7.75e-31	6.76e-23	3.92e-19	4.99e-16	1.49e-13	1.89e-11	1.04e-09	1.26e-06	2.21e-04	9.46e-03	8.39e-02	2.58e-01	3.46e-01	1.73e-01	7.09e-02	5.63e-02	2.29e-03	3.02e-05
 2.26775e+22	1.04e-30	9.14e-23	5.17e-19	6.43e-16	1.87e-13	2.30e-11	1.23e-09	1.44e-06	2.46e-04	1.03e-02	8.91e-02	2.66e-01	3.46e-01	1.68e-01	6.70e-02	5.18e-02	2.04e-03	2.60e-05
 2.31132e+22	1.49e-30	1.34e-22	7.34e-19	8.85e-16	2.49e-13	2.95e-11	1.52e-09	1.70e-06	2.82e-04	1.15e-02	9.60e-02	2.75e-01	3.46e-01	1.61e-01	6.23e-02	4.65e-02	1.75e-03	2.14e-05
 2.35631e+22	2.15e-30	1.97e-22	1.05e-18	1.23e-15	3.34e-13	3.80e-11	1.88e-09	2.01e-06	3.23e-04	1.28e-02	1.03e-01	2.84e-01	3.44e-01	1.54e-01	5.77e-02	4.15e-02	1.50e-03	1.76e-05
 2.39162e+22	2.82e-30	2.65e-22	1.38e-18	1.57e-15	4.17e-13	4.61e-11	2.21e-09	2.29e-06	3.59e-04	1.38e-02	1.09e-01	2.91e-01	3.43e-01	1.49e-01	5.43e-02	3.80e-02	1.33e-03	1.51e-05
 2.42599e+22	3.65e-30	3.50e-22	1.78e-18	1.98e-15	5.14e-13	5.52e-11	2.57e-09	2.59e-06	3.96e-04	1.49e-02	1.15e-01	2.97e-01	3.41e-01	1.44e-01	5.13e-02	3.50e-02	1.19e-03	1.30e-05
 2.47067e+22	5.05e-30	4.98e-22	2.47e-18	2.66e-15	6.69e-13	6.94e-11	3.13e-09	3.02e-06	4.48e-04	1.64e-02	1.23e-01	3.05e-01	3.38e-01	1.38e-01	4.76e-02	3.14e-02	1.02e-03	1.08e-05
 2.51775e+22	7.01e-30	7.17e-22	3.45e-18	3.62e-15	8.79e-13	8.81e-11	3.82e-09	3.54e-06	5.08e-04	1.81e-02	1.31e-01	3.12e-01	3.34e-01	1.31e-01	4.39e-02	2.80e-02	8.77e-04	8.92e-06
 2.55812e+22	9.18e-30	9.71e-22	4.57e-18	4.67e-15	1.10e-12	1.07e-10	4.52e-09	4.05e-06	5.65e-04	1.96e-02	1.38e-01	3.19e-01	3.30e-01	1.26e-01	4.10e-02	2.54e-02	7.70e-04	7.57e-06
 2.60077e+22	1.21e-29	1.32e-21	6.07e-18	6.05e-15	1.39e-12	1.31e-10	5.36e-09	4.63e-06	6.29e-04	2.13e-02	1.45e-01	3.24e-01	3.26e-01	1.21e-01	3.82e-02	2.30e-02	6.73e-04	6.39e-06
 2.65621e+22	1.72e-29	1.95e-21	8.69e-18	8.38e-15	1.86e-12	1.69e-10	6.64e-09	5.49e-06	7.20e-04	2.35e-02	1.55e-01	3.31e-01	3.20e-01	1.14e-01	3.48e-02	2.03e-02	5.67e-04	5.16e-06
 2.71418e+22	2.43e-29	2.92e-21	1.26e-17	1.18e-14	2.52e-12	2.20e-10	8.28e-09	6.55e-06	8.26e-04	2.60e-02	1.65e-01	3.38e-01	3.14e-01	1.07e-01	3.16e-02	1.77e-02	4.73e-04	4.12e-06
 2.76332e+22	3.22e-29	4.06e-21	1.71e-17	1.55e-14	3.23e-12	2.73e-10	9.93e-09	7.56e-06	9.25e-04	2.83e-02	1.74e-01	3.43e-01	3.08e-01	1.01e-01	2.91e-02	1.58e-02	4.07e-04	3.41e-06
 2.80680e+22	4.11e-29	5.40e-21	2.22e-17	1.97e-14	4.00e-12	3.28e-10	1.16e-08	8.56e-06	1.02e-03	3.04e-02	1.82e-01	3.47e-01	3.02e-01	9.66e-02	2.70e-02	1.43e-02	3.57e-04	2.90e-06
 2.85505e+22	5.35e-29	7.33e-21	2.94e-17	2.54e-14	5.03e-12	4.01e-10	1.37e-08	9.78e-06	1.13e-03	3.28e-02	1.90e-01	3.50e-01	2.96e-01	9.16e-02	2.49e-02	1.29e-02	3.10e-04	2.43e-06
 2.91776e+22	7.39e-29	1.07e-20	4.17e-17	3.49e-14	6.66e-12	5.12e-10	1.69e-08	1.15e-05	1.28e-03	3.59e-02	2.01e-01	3.54e-01	2.88e-01	8.57e-02	2.26e-02	1.12e-02	2.60e-04	1.95e-06
 2.98335e+22	1.03e-28	1.60e-20	6.04e-17	4.88e-14	9.00e-12	6.64e-10	2.11e-08	1.37e-05	1.47e-03	3.95e-02	2.12e-01	3.58e-01	2.79e-01	7.95e-02	2.02e-02	9.71e-03	2.14e-04	1.54e-06
 3.03612e+22	1.32e-28	2.18e-20	8.04e-17	6.33e-14	1.14e-11	8.13e-10	2.50e-08	1.57e-05	1.63e-03	4.26e-02	2.22e-01	3.60e-01	2.72e-01	7.50e-02	1.85e-02	8.66e-03	1.84e-04	1.27e-06
 3.08138e+22	1.64e-28	2.83e-20	1.02e-16	7.87e-14	1.38e-11	9.61e-10	2.88e-08	1.75e-05	1.77e-03	4.52e-02	2.29e-01	3.62e-01	2.65e-01	7.12e-02	1.72e-02	7.86e-03	1.62e-04	1.09e-06
 3.13342e+22	2.08e-28	3.77e-20	1.33e-16	1.00e-13	1.71e-11	1.16e-09	3.37e-08	1.99e-05	1.95e-03	4.84e-02	2.38e-01	3.63e-01	2.58e-01	6.72e-02	1.58e-02	7.03e-03	1.40e-04	9.13e-07
 3.20109e+22	2.81e-28	5.42e-20	1.86e-16	1.36e-13	2.24e-11	1.46e-09	4.10e-08	2.32e-05	2.19e-03	5.25e-02	2.49e-01	3.64e-01	2.49e-01	6.24e-02	1.42e-02	6.12e-03	1.17e-04	7.32e-07
 3.27211e+22	3.81e-28	7.93e-20	2.64e-16	1.87e-13	2.98e-11	1.88e-09	5.06e-08	2.73e-05	2.48e-03	5.72e-02	2.61e-01	3.64e-01	2.39e-01	5.75e-02	1.27e-02	5.26e-03	9.64e-05	5.75e-07
 3.33148e+22	4.85e-28	1.08e-19	3.50e-16	2.41e-13	3.75e-11	2.29e-09	5.98e-08	3.11e-05	2.74e-03	6.13e-02	2.71e-01	3.64e-01	2.31e-01	5.37e-02	1.15e-02	4.66e-03	8.22e-05	4.73e-07
 3.39262e+22	6.21e-28	1.46e-19	4.64e-16	3.12e-13	4.71e-11	2.79e-09	7.07e-08	3.55e-05	3.03e-03	6.56e-02	2.80e-01	3.63e-01	2.23e-01	5.01e-02	1.05e-02	4.11e-03	7.00e-05	3.89e-07
 3.47211e+22	8.42e-28	2.14e-19	6.59e-16	4.28e-13	6.25e-11	3.57e-09	8.69e-08	4.17e-05	3.42e-03	7.12e-02	2.92e-01	3.62e-01	2.13e-01	4.59e-02	9.26e-03	3.52e-03	5.73e-05	3.04e-07
 3.55435e+22	1.15e-27	3.18e-19	9.50e-16	5.98e-13	8.43e-11	4.62e-09	1.08e-07	4.94e-05	3.88e-03	7.75e-02	3.05e-01	3.59e-01	2.02e-01	4.17e-02	8.12e-03	2.97e-03	4.61e-05	2.33e-07
 3.62133e+22	1.45e-27	4.33e-19	1.26e-15	7.75e-13	1.06e-10	5.65e-09	1.28e-07	5.64e-05	4.27e-03	8.27e-02	3.14e-01	3.56e-01	1.94e-01	3.86e-02	7.31e-03	2.60e-03	3.89e-05	1.89e-07
 3.68957e+22	1.85e-27	5.87e-19	1.67e-15	1.00e-12	1.34e-10	6.88e-09	1.51e-07	6.42e-05	4.70e-03	8.81e-02	3.24e-01	3.53e-01	1.86e-01	3.57e-02	6.59e-03	2.28e-03	3.28e-05	1.54e-07
 3.77829e+22	2.49e-27	8.59e-19	2.38e-15	1.38e-12	1.78e-10	8.81e-09	1.86e-07	7.54e-05	5.30e-03	9.53e-02	3.35e-01	3.49e-01	1.75e-01	3.23e-02	5.76e-03	1.92e-03	2.64e-05	0.00e+00
 3.87141e+22	3.36e-27	1.28e-18	3.44e-15	1.93e-12	2.40e-10	1.14e-08	2.32e-07	8.93e-05	6.00e-03	1.03e-01	3.47e-01	3.43e-01	1.65e-01	2.90e-02	4.99e-03	1.60e-03	2.10e-05	0.00e+00
 3.94430e+22	4.19e-27	1.73e-18	4.55e-15	2.49e-12	3.02e-10	1.39e-08	2.74e-07	1.02e-04	6.59e-03	1.10e-01	3.56e-01	3.38e-01	1.57e-01	2.66e-02	4.46e-03	1.39e-03	1.75e-05	0.00e+00
 4.00224e+22	5.00e-27	2.18e-18	5.64e-15	3.03e-12	3.59e-10	1.62e-08	3.11e-07	1.12e-04	7.08e-03	1.15e-01	3.63e-01	3.34e-01	1.51e-01	2.49e-02	4.09e-03	1.25e-03	1.53e-05	0.00e+00
 4.06671e+22	6.04e-27	2.81e-18	7.12e-15	3.74e-12	4.35e-10	1.91e-08	3.58e-07	1.25e-04	7.65e-03	1.21e-01	3.70e-01	3.29e-01	1.44e-01	2.31e-02	3.71e-03	1.11e-03	1.31e-05	0.00e+00
 4.15053e+22	7.66e-27	3.84e-18	9.51e-15	4.87e-12	5.51e-10	2.35e-08	4.25e-07	1.42e-04	8.41e-03	1.28e-01	3.78e-01	3.23e-01	1.36e-01	2.11e-02	3.29e-03	9.51e-04	1.08e-05	0.00e+00
 4.24178e+22	9.84e-27	5.40e-18	1.31e-14	6.52e-12	7.16e-10	2.95e-08	5.15e-07	1.65e-04	9.35e-03	1.37e-01	3.88e-01	3.16e-01	1.28e-01	1.89e-02	2.86e-03	8.01e-04	8.71e-06	0.00e+00
 4.32231e+22	1.21e-26	7.24e-18	1.72e-14	8.37e-12	8.96e-10	3.58e-08	6.07e-07	1.87e-04	1.02e-02	1.45e-01	3.95e-01	3.09e-01	1.20e-01	1.72e-02	2.54e-03	6.90e-04	7.22e-06	0.00e+00
 4.40663e+22	1.51e-26	9.68e-18	2.25e-14	1.07e-11	1.12e-09	4.35e-08	7.15e-07	2.12e-04	1.12e-02	1.53e-01	4.02e-01	3.02e-01	1.13e-01	1.57e-02	2.25e-03	5.93e-04	5.98e-06	0.00e+00
 4.51624e+22	1.97e-26	1.39e-17	3.16e-14	1.47e-11	1.48e-09	5.55e-08	8.79e-07	2.48e-04	1.25e-02	1.63e-01	4.10e-01	2.92e-01	1.05e-01	1.38e-02	1.92e-03	4.89e-04	4.69e-06	0.00e+00
 4.62744e+22	2.56e-26	2.02e-17	4.47e-14	2.02e-11	1.98e-09	7.13e-08	1.09e-06	2.91e-04	1.40e-02	1.75e-01	4.18e-01	2.82e-01	9.65e-02	1.21e-02	1.63e-03	3.99e-04	3.64e-06	0.00e+00
 4.71550e+22	3.08e-26	2.67e-17	5.82e-14	2.57e-11	2.46e-09	8.63e-08	1.28e-06	3.29e-04	1.52e-02	1.84e-01	4.24e-01	2.74e-01	9.04e-02	1.10e-02	1.44e-03	3.41e-04	2.99e-06	0.00e+00
 4.80477e+22	3.74e-26	3.50e-17	7.51e-14	3.25e-11	3.05e-09	1.04e-07	1.49e-06	3.70e-04	1.65e-02	1.93e-01	4.28e-01	2.66e-01	8.46e-02	9.90e-03	1.27e-03	2.92e-04	2.46e-06	0.00e+00
 4.92082e+22	4.73e-26	4.91e-17	1.03e-13	4.36e-11	3.98e-09	1.31e-07	1.82e-06	4.29e-04	1.83e-02	2.04e-01	4.34e-01	2.56e-01	7.76e-02	8.69e-03	1.08e-03	2.40e-04	1.93e-06	0.00e+00
 5.04437e+22	5.99e-26	7.01e-17	1.45e-13	5.97e-11	5.29e-09	1.68e-07	2.25e-06	5.04e-04	2.05e-02	2.17e-01	4.39e-01	2.44e-01	7.05e-02	7.52e-03	9.04e-04	1.93e-04	1.47e-06	0.00e+00
 5.14979e+22	7.22e-26	9.41e-17	1.91e-13	7.75e-11	6.72e-09	2.07e-07	2.70e-06	5.76e-04	2.24e-02	2.29e-01	4.42e-01	2.34e-01	6.48e-02	6.63e-03	7.77e-04	1.60e-04	1.17e-06	0.00e+00
 5.25896e+22	8.68e-26	1.25e-16	2.51e-13	9.95e-11	8.45e-09	2.53e-07	3.20e-06	6.54e-04	2.44e-02	2.40e-01	4.44e-01	2.25e-01	5.97e-02	5.88e-03	6.71e-04	1.34e-04	9.36e-07	0.00e+00
 5.40089e+22	1.09e-25	1.78e-16	3.51e-13	1.36e-10	1.13e-08	3.27e-07	3.98e-06	7.70e-04	2.73e-02	2.54e-01	4.46e-01	2.12e-01	5.35e-02	5.01e-03	5.54e-04	1.06e-04	7.01e-07	0.00e+00
 5.54646e+22	1.36e-25	2.54e-16	4.96e-13	1.89e-10	1.52e-08	4.25e-07	4.99e-06	9.10e-04	3.05e-02	2.70e-01	4.47e-01	2.00e-01	4.76e-02	4.23e-03	4.53e-04	8.29e-05	5.18e-07	0.00e+00
 5.66360e+22	1.58e-25	3.35e-16	6.48e-13	2.43e-10	1.92e-08	5.23e-07	5.98e-06	1.04e-03	3.33e-02	2.82e-01	4.47e-01	1.90e-01	4.33e-02	3.68e-03	3.84e-04	6.79e-05	4.05e-07	0.00e+00
 5.76331e+22	1.79e-25	4.19e-16	8.04e-13	2.97e-10	2.32e-08	6.16e-07	6.88e-06	1.15e-03	3.57e-02	2.92e-01	4.46e-01	1.82e-01	4.01e-02	3.30e-03	3.37e-04	5.79e-05	3.33e-07	0.00e+00
 5.87355e+22	2.06e-25	5.28e-16	1.01e-12	3.69e-10	2.83e-08	7.36e-07	8.04e-06	1.29e-03	3.85e-02	3.03e-01	4.44e-01	1.73e-01	3.67e-02	2.91e-03	2.92e-04	4.86e-05	2.68e-07	0.00e+00
 6.01686e+22	2.43e-25	7.05e-16	1.34e-12	4.83e-10	3.64e-08	9.21e-07	9.77e-06	1.49e-03	4.22e-02	3.17e-01	4.41e-01	1.63e-01	3.28e-02	2.49e-03	2.42e-04	3.88e-05	2.04e-07	0.00e+00
 6.16860e+22	2.85e-25	9.52e-16	1.80e-12	6.42e-10	4.75e-08	1.17e-06	1.20e-05	1.73e-03	4.65e-02	3.32e-01	4.37e-01	1.52e-01	2.91e-02	2.10e-03	1.99e-04	3.05e-05	1.52e-07	0.00e+00
 6.29806e+22	3.23e-25	1.22e-15	2.30e-12	8.12e-10	5.92e-08	1.42e-06	1.43e-05	1.97e-03	5.05e-02	3.44e-01	4.33e-01	1.42e-01	2.61e-02	1.81e-03	1.67e-04	2.48e-05	0.00e+00	0.00e+00
 6.41343e+22	3.60e-25	1.50e-15	2.84e-12	9.91e-10	7.14e-08	1.68e-06	1.66e-05	2.19e-03	5.40e-02	3.55e-01	4.28e-01	1.35e-01	2.38e-02	1.59e-03	1.45e-04	2.08e-05	0.00e+00	0.00e+00
 6.54372e+22	4.03e-25	1.86e-15	3.53e-12	1.22e-09	8.71e-08	2.01e-06	1.94e-05	2.46e-03	5.81e-02	3.66e-01	4.23e-01	1.27e-01	2.16e-02	1.39e-03	1.23e-04	1.71e-05	0.00e+00	0.00e+00
 6.71308e+22	4.63e-25	2.44e-15	4.64e-12	1.59e-09	1.12e-07	2.52e-06	2.37e-05	2.84e-03	6.36e-02	3.80e-01	4.15e-01	1.18e-01	1.89e-02	1.16e-03	1.01e-04	1.34e-05	0.00e+00	0.00e+00
 6.88908e+22	5.35e-25	3.22e-15	6.16e-12	2.10e-09	1.45e-07	3.18e-06	2.93e-05	3.30e-03	6.98e-02	3.95e-01	4.07e-01	1.08e-01	1.64e-02	9.59e-04	8.11e-05	1.03e-05	0.00e+00	0.00e+00
 7.03368e+22	5.86e-25	4.01e-15	7.72e-12	2.61e-09	1.79e-07	3.84e-06	3.46e-05	3.73e-03	7.52e-02	4.06e-01	3.99e-01	1.00e-01	1.47e-02	8.21e-04	6.79e-05	8.34e-06	0.00e+00	0.00e+00
 7.18166e+22	6.46e-25	4.90e-15	9.50e-12	3.20e-09	2.18e-07	4.58e-06	4.05e-05	4.17e-03	8.05e-02	4.17e-01	3.91e-01	9.38e-02	1.31e-02	7.08e-04	5.74e-05	6.82e-06	0.00e+00	0.00e+00
 7.37402e+22	7.31e-25	6.29e-15	1.23e-11	4.13e-09	2.78e-07	5.72e-06	4.95e-05	4.81e-03	8.77e-02	4.30e-01	3.80e-01	8.58e-02	1.14e-02	5.86e-04	4.64e-05	5.27e-06	0.00e+00	0.00e+00
 7.57690e+22	8.28e-25	8.18e-15	1.62e-11	5.40e-09	3.59e-07	7.22e-06	6.10e-05	5.59e-03	9.59e-02	4.42e-01	3.68e-01	7.78e-02	9.76e-03	4.77e-04	3.69e-05	4.00e-06	0.00e+00	0.00e+00
 7.74810e+22	9.16e-25	1.01e-14	2.03e-11	6.72e-09	4.44e-07	8.74e-06	7.26e-05	6.32e-03	1.03e-01	4.53e-01	3.57e-01	7.15e-02	8.57e-03	4.02e-04	3.04e-05	3.18e-06	0.00e+00	0.00e+00
 7.92533e+22	1.01e-24	1.23e-14	2.50e-11	8.25e-09	5.40e-07	1.04e-05	8.53e-05	7.09e-03	1.10e-01	4.62e-01	3.47e-01	6.60e-02	7.58e-03	3.42e-04	2.54e-05	2.56e-06	0.00e+00	0.00e+00
 8.15572e+22	1.15e-24	1.57e-14	3.25e-11	1.07e-08	6.91e-07	1.31e-05	1.05e-04	8.19e-03	1.20e-01	4.72e-01	3.34e-01	5.94e-02	6.46e-03	2.78e-04	2.01e-05	1.94e-06	0.00e+00	0.00e+00
 8.39996e+22	1.32e-24	2.04e-14	4.30e-11	1.40e-08	8.98e-07	1.66e-05	1.30e-04	9.52e-03	1.30e-01	4.82e-01	3.19e-01	5.31e-02	5.44e-03	2.22e-04	1.57e-05	1.44e-06	0.00e+00	0.00e+00
 8.60909e+22	1.46e-24	2.50e-14	5.39e-11	1.75e-08	1.12e-06	2.02e-05	1.56e-04	1.08e-02	1.40e-01	4.90e-01	3.06e-01	4.80e-02	4.69e-03	1.83e-04	1.27e-05	1.12e-06	0.00e+00	0.00e+00
 8.78059e+22	1.60e-24	2.97e-14	6.47e-11	2.09e-08	1.32e-06	2.36e-05	1.79e-04	1.19e-02	1.48e-01	4.95e-01	2.96e-01	4.44e-02	4.18e-03	1.58e-04	1.07e-05	9.17e-07	0.00e+00	0.00e+00
 8.95627e+22	1.75e-24	3.47e-14	7.67e-11	2.47e-08	1.55e-06	2.73e-05	2.05e-04	1.31e-02	1.56e-01	5.00e-01	2.86e-01	4.11e-02	3.73e-03	1.37e-04	9.16e-06	7.59e-07	0.00e+00	0.00e+00
 9.18466e+22	1.97e-24	4.21e-14	9.47e-11	3.03e-08	1.89e-06	3.26e-05	2.41e-04	1.47e-02	1.65e-01	5.04e-01	2.74e-01	3.73e-02	3.24e-03	1.14e-04	7.51e-06	5.99e-07	0.00e+00	0.00e+00
 9.43433e+22	2.24e-24	5.23e-14	1.20e-10	3.80e-08	2.36e-06	3.98e-05	2.89e-04	1.66e-02	1.77e-01	5.09e-01	2.61e-01	3.34e-02	2.76e-03	9.34e-05	6.02e-06	4.61e-07	0.00e+00	0.00e+00
 9.65724e+22	2.49e-24	6.26e-14	1.46e-10	4.63e-08	2.85e-06	4.73e-05	3.40e-04	1.86e-02	1.87e-01	5.12e-01	2.49e-01	3.03e-02	2.40e-03	7.80e-05	4.94e-06	3.64e-07	0.00e+00	0.00e+00
 9.86075e+22	2.77e-24	7.40e-14	1.75e-10	5.50e-08	3.35e-06	5.48e-05	3.87e-04	2.03e-02	1.96e-01	5.13e-01	2.39e-01	2.78e-02	2.12e-03	6.71e-05	4.18e-06	2.99e-07	0.00e+00	0.00e+00
 1.00935e+23	3.10e-24	8.76e-14	2.10e-10	6.57e-08	3.98e-06	6.39e-05	4.46e-04	2.24e-02	2.06e-01	5.15e-01	2.29e-01	2.54e-02	1.86e-03	5.70e-05	3.50e-06	2.42e-07	0.00e+00	0.00e+00
