#depth	N	N+	N+2	N+3	N+4	N+5	N+6	N+7
 6.17135e+19	0.00e+00	2.71e-32	6.23e-25	1.37e-18	6.21e-13	1.00e-07	4.62e-04	1.00e+00
 1.87609e+20	0.00e+00	4.73e-32	9.72e-25	1.92e-18	7.78e-13	1.18e-07	5.10e-04	9.99e-01
 3.18540e+20	0.00e+00	8.30e-32	1.52e-24	2.68e-18	9.73e-13	1.39e-07	5.63e-04	9.99e-01
 4.54709e+20	0.00e+00	1.46e-31	2.38e-24	3.74e-18	1.21e-12	1.63e-07	6.22e-04	9.99e-01
 5.47535e+20	0.00e+00	2.14e-31	3.22e-24	4.66e-18	1.40e-12	1.82e-07	6.66e-04	9.99e-01
 5.82109e+20	0.00e+00	2.47e-31	3.60e-24	5.06e-18	1.48e-12	1.89e-07	6.83e-04	9.99e-01
 6.07795e+20	0.00e+00	2.72e-31	3.89e-24	5.36e-18	1.54e-12	1.94e-07	6.95e-04	9.99e-01
 6.41186e+20	0.00e+00	3.11e-31	4.32e-24	5.78e-18	1.61e-12	2.02e-07	7.11e-04	9.99e-01
 6.84596e+20	0.00e+00	3.68e-31	4.94e-24	6.38e-18	1.72e-12	2.12e-07	7.33e-04	9.99e-01
 7.41027e+20	0.00e+00	4.58e-31	5.86e-24	7.23e-18	1.86e-12	2.25e-07	7.63e-04	9.99e-01
 8.02671e+20	0.00e+00	5.81e-31	7.06e-24	8.28e-18	2.03e-12	2.40e-07	7.96e-04	9.99e-01
 8.56252e+20	0.00e+00	7.12e-31	8.28e-24	9.29e-18	2.19e-12	2.54e-07	8.26e-04	9.99e-01
 9.02865e+20	0.00e+00	8.49e-31	9.50e-24	1.03e-17	2.33e-12	2.67e-07	8.53e-04	9.99e-01
 9.55258e+20	0.00e+00	1.03e-30	1.10e-23	1.14e-17	2.49e-12	2.81e-07	8.83e-04	9.99e-01
 1.02337e+21	0.00e+00	1.32e-30	1.34e-23	1.32e-17	2.72e-12	3.01e-07	9.25e-04	9.99e-01
 1.09144e+21	0.00e+00	1.69e-30	1.63e-23	1.51e-17	2.97e-12	3.23e-07	9.67e-04	9.99e-01
 1.14281e+21	0.00e+00	2.04e-30	1.88e-23	1.68e-17	3.16e-12	3.39e-07	1.00e-03	9.99e-01
 1.19293e+21	0.00e+00	2.43e-30	2.16e-23	1.85e-17	3.36e-12	3.56e-07	1.03e-03	9.99e-01
 1.25809e+21	0.00e+00	3.05e-30	2.58e-23	2.10e-17	3.63e-12	3.79e-07	1.08e-03	9.99e-01
 1.32562e+21	0.00e+00	3.86e-30	3.09e-23	2.39e-17	3.92e-12	4.04e-07	1.13e-03	9.99e-01
 1.38146e+21	0.00e+00	4.67e-30	3.58e-23	2.65e-17	4.18e-12	4.25e-07	1.17e-03	9.99e-01
 1.43931e+21	0.00e+00	5.68e-30	4.17e-23	2.95e-17	4.46e-12	4.48e-07	1.21e-03	9.99e-01
 1.51451e+21	0.00e+00	7.31e-30	5.06e-23	3.39e-17	4.84e-12	4.80e-07	1.27e-03	9.99e-01
 1.58779e+21	0.00e+00	9.31e-30	6.10e-23	3.86e-17	5.23e-12	5.13e-07	1.33e-03	9.99e-01
 1.64201e+21	0.00e+00	1.11e-29	7.00e-23	4.25e-17	5.54e-12	5.38e-07	1.37e-03	9.99e-01
 1.69593e+21	0.00e+00	1.32e-29	8.00e-23	4.68e-17	5.85e-12	5.64e-07	1.41e-03	9.99e-01
 1.76601e+21	0.00e+00	1.65e-29	9.50e-23	5.28e-17	6.29e-12	5.99e-07	1.47e-03	9.99e-01
 1.83972e+21	0.00e+00	2.09e-29	1.14e-22	5.98e-17	6.77e-12	6.39e-07	1.54e-03	9.98e-01
 1.90234e+21	0.00e+00	2.54e-29	1.32e-22	6.65e-17	7.20e-12	6.74e-07	1.60e-03	9.98e-01
 1.96794e+21	0.00e+00	3.10e-29	1.54e-22	7.41e-17	7.67e-12	7.12e-07	1.66e-03	9.98e-01
 2.04024e+21	0.00e+00	3.87e-29	1.83e-22	8.35e-17	8.22e-12	7.57e-07	1.73e-03	9.98e-01
 2.10648e+21	0.00e+00	4.72e-29	2.13e-22	9.30e-17	8.76e-12	7.99e-07	1.79e-03	9.98e-01
 2.16684e+21	0.00e+00	5.64e-29	2.45e-22	1.02e-16	9.27e-12	8.40e-07	1.85e-03	9.98e-01
 2.23430e+21	0.00e+00	6.87e-29	2.85e-22	1.14e-16	9.87e-12	8.88e-07	1.92e-03	9.98e-01
 2.30970e+21	0.00e+00	8.55e-29	3.37e-22	1.28e-16	1.06e-11	9.44e-07	2.00e-03	9.98e-01
 2.38010e+21	0.00e+00	1.05e-28	3.94e-22	1.43e-16	1.13e-11	9.99e-07	2.08e-03	9.98e-01
 2.44598e+21	0.00e+00	1.26e-28	4.55e-22	1.59e-16	1.20e-11	1.05e-06	2.15e-03	9.98e-01
 2.52132e+21	0.00e+00	1.55e-28	5.35e-22	1.78e-16	1.28e-11	1.12e-06	2.24e-03	9.98e-01
 2.60230e+21	0.00e+00	1.94e-28	6.36e-22	2.01e-16	1.38e-11	1.19e-06	2.33e-03	9.98e-01
 2.67359e+21	0.00e+00	2.36e-28	7.39e-22	2.24e-16	1.47e-11	1.26e-06	2.41e-03	9.98e-01
 2.74926e+21	0.00e+00	2.88e-28	8.65e-22	2.50e-16	1.58e-11	1.34e-06	2.50e-03	9.97e-01
 2.83418e+21	0.00e+00	3.61e-28	1.03e-21	2.84e-16	1.70e-11	1.43e-06	2.61e-03	9.97e-01
 2.91414e+21	0.00e+00	4.44e-28	1.21e-21	3.19e-16	1.83e-11	1.52e-06	2.71e-03	9.97e-01
 2.98946e+21	0.00e+00	5.39e-28	1.41e-21	3.56e-16	1.95e-11	1.61e-06	2.80e-03	9.97e-01
 3.07575e+21	0.00e+00	6.70e-28	1.67e-21	4.02e-16	2.11e-11	1.71e-06	2.91e-03	9.97e-01
 3.17228e+21	0.00e+00	8.52e-28	2.02e-21	4.61e-16	2.29e-11	1.84e-06	3.04e-03	9.97e-01
 3.25841e+21	0.00e+00	1.05e-27	2.39e-21	5.21e-16	2.48e-11	1.96e-06	3.16e-03	9.97e-01
 3.33296e+21	0.00e+00	1.26e-27	2.75e-21	5.78e-16	2.64e-11	2.07e-06	3.26e-03	9.97e-01
 3.41616e+21	0.00e+00	1.54e-27	3.21e-21	6.47e-16	2.84e-11	2.20e-06	3.37e-03	9.97e-01
 3.52431e+21	0.00e+00	1.98e-27	3.93e-21	7.50e-16	3.12e-11	2.38e-06	3.53e-03	9.96e-01
 3.63510e+21	0.00e+00	2.56e-27	4.81e-21	8.71e-16	3.44e-11	2.57e-06	3.69e-03	9.96e-01
 3.72571e+21	0.00e+00	3.15e-27	5.67e-21	9.83e-16	3.72e-11	2.74e-06	3.82e-03	9.96e-01
 3.81989e+21	0.00e+00	3.88e-27	6.70e-21	1.11e-15	4.03e-11	2.92e-06	3.96e-03	9.96e-01
 3.94232e+21	0.00e+00	5.08e-27	8.31e-21	1.31e-15	4.48e-11	3.18e-06	4.15e-03	9.96e-01
 4.06721e+21	0.00e+00	6.67e-27	1.03e-20	1.53e-15	4.98e-11	3.45e-06	4.35e-03	9.96e-01
 4.16413e+21	0.00e+00	8.20e-27	1.22e-20	1.74e-15	5.40e-11	3.68e-06	4.50e-03	9.95e-01
 4.25896e+21	0.00e+00	1.00e-26	1.43e-20	1.96e-15	5.85e-11	3.92e-06	4.66e-03	9.95e-01
 4.38225e+21	0.00e+00	1.29e-26	1.75e-20	2.28e-15	6.48e-11	4.24e-06	4.86e-03	9.95e-01
 4.51058e+21	0.00e+00	1.68e-26	2.16e-20	2.67e-15	7.20e-11	4.60e-06	5.08e-03	9.95e-01
 4.61822e+21	0.00e+00	2.08e-26	2.57e-20	3.04e-15	7.87e-11	4.92e-06	5.27e-03	9.95e-01
 4.73089e+21	0.00e+00	2.60e-26	3.07e-20	3.48e-15	8.62e-11	5.28e-06	5.47e-03	9.95e-01
 4.87736e+21	0.00e+00	3.45e-26	3.86e-20	4.14e-15	9.69e-11	5.77e-06	5.74e-03	9.94e-01
 5.02609e+21	1.13e-33	4.59e-26	4.86e-20	4.93e-15	1.09e-10	6.31e-06	6.01e-03	9.94e-01
 5.14577e+21	1.48e-33	5.74e-26	5.83e-20	5.66e-15	1.20e-10	6.77e-06	6.24e-03	9.94e-01
 5.25131e+21	1.87e-33	6.99e-26	6.83e-20	6.39e-15	1.30e-10	7.20e-06	6.45e-03	9.94e-01
 5.37043e+21	2.43e-33	8.69e-26	8.14e-20	7.31e-15	1.43e-10	7.71e-06	6.68e-03	9.93e-01
 5.52530e+21	3.39e-33	1.15e-25	1.02e-19	8.69e-15	1.61e-10	8.41e-06	6.99e-03	9.93e-01
 5.68317e+21	4.73e-33	1.52e-25	1.28e-19	1.03e-14	1.82e-10	9.19e-06	7.32e-03	9.93e-01
 5.81080e+21	6.18e-33	1.90e-25	1.54e-19	1.19e-14	2.00e-10	9.86e-06	7.59e-03	9.92e-01
 5.94257e+21	8.09e-33	2.39e-25	1.85e-19	1.37e-14	2.21e-10	1.06e-05	7.88e-03	9.92e-01
 6.11388e+21	1.14e-32	3.20e-25	2.35e-19	1.64e-14	2.51e-10	1.16e-05	8.26e-03	9.92e-01
 6.29041e+21	1.63e-32	4.31e-25	2.99e-19	1.98e-14	2.85e-10	1.27e-05	8.66e-03	9.91e-01
 6.43435e+21	2.16e-32	5.47e-25	3.63e-19	2.30e-14	3.17e-10	1.37e-05	9.00e-03	9.91e-01
 6.58207e+21	2.88e-32	6.97e-25	4.42e-19	2.68e-14	3.52e-10	1.48e-05	9.36e-03	9.91e-01
 6.73785e+21	3.89e-32	8.97e-25	5.43e-19	3.14e-14	3.94e-10	1.60e-05	9.74e-03	9.90e-01
 6.87066e+21	5.01e-32	1.11e-24	6.46e-19	3.59e-14	4.33e-10	1.71e-05	1.01e-02	9.90e-01
 7.00985e+21	6.50e-32	1.38e-24	7.74e-19	4.12e-14	4.77e-10	1.84e-05	1.04e-02	9.90e-01
 7.19081e+21	9.08e-32	1.84e-24	9.74e-19	4.93e-14	5.41e-10	2.01e-05	1.09e-02	9.89e-01
 7.37231e+21	1.27e-31	2.43e-24	1.23e-18	5.89e-14	6.13e-10	2.19e-05	1.14e-02	9.89e-01
 7.51419e+21	1.64e-31	3.03e-24	1.47e-18	6.76e-14	6.76e-10	2.34e-05	1.18e-02	9.88e-01
 7.63197e+21	2.03e-31	3.62e-24	1.70e-18	7.58e-14	7.32e-10	2.48e-05	1.21e-02	9.88e-01
 7.75874e+21	2.55e-31	4.39e-24	1.99e-18	8.56e-14	7.98e-10	2.63e-05	1.25e-02	9.87e-01
 7.92355e+21	3.41e-31	5.61e-24	2.43e-18	1.00e-13	8.91e-10	2.84e-05	1.30e-02	9.87e-01
 8.09147e+21	4.59e-31	7.21e-24	2.99e-18	1.17e-13	9.97e-10	3.07e-05	1.35e-02	9.86e-01
 8.22590e+21	5.81e-31	8.80e-24	3.51e-18	1.33e-13	1.09e-09	3.26e-05	1.40e-02	9.86e-01
 8.36311e+21	7.36e-31	1.08e-23	4.14e-18	1.51e-13	1.19e-09	3.47e-05	1.44e-02	9.86e-01
 8.50895e+21	9.47e-31	1.33e-23	4.93e-18	1.73e-13	1.31e-09	3.71e-05	1.49e-02	9.85e-01
 8.63420e+21	1.18e-30	1.60e-23	5.73e-18	1.95e-13	1.43e-09	3.93e-05	1.53e-02	9.85e-01
 8.74808e+21	1.42e-30	1.88e-23	6.55e-18	2.16e-13	1.54e-09	4.13e-05	1.57e-02	9.84e-01
 8.87901e+21	1.78e-30	2.27e-23	7.65e-18	2.44e-13	1.67e-09	4.37e-05	1.61e-02	9.84e-01
 9.02622e+21	2.28e-30	2.80e-23	9.09e-18	2.79e-13	1.84e-09	4.66e-05	1.67e-02	9.83e-01
 9.16465e+21	2.88e-30	3.42e-23	1.07e-17	3.16e-13	2.01e-09	4.96e-05	1.72e-02	9.83e-01
 9.29316e+21	3.57e-30	4.10e-23	1.24e-17	3.55e-13	2.18e-09	5.24e-05	1.77e-02	9.82e-01
 9.43873e+21	4.55e-30	5.03e-23	1.47e-17	4.05e-13	2.40e-09	5.58e-05	1.82e-02	9.82e-01
 9.59096e+21	5.86e-30	6.24e-23	1.75e-17	4.64e-13	2.64e-09	5.96e-05	1.88e-02	9.81e-01
 9.71817e+21	7.24e-30	7.46e-23	2.03e-17	5.21e-13	2.87e-09	6.29e-05	1.93e-02	9.81e-01
 9.84988e+21	8.99e-30	8.96e-23	2.36e-17	5.86e-13	3.11e-09	6.65e-05	1.99e-02	9.80e-01
 1.00211e+22	1.19e-29	1.14e-22	2.87e-17	6.82e-13	3.47e-09	7.15e-05	2.06e-02	9.79e-01
 1.01924e+22	1.58e-29	1.44e-22	3.49e-17	7.95e-13	3.87e-09	7.69e-05	2.14e-02	9.79e-01
 1.03250e+22	1.96e-29	1.74e-22	4.07e-17	8.95e-13	4.21e-09	8.13e-05	2.19e-02	9.78e-01
 1.04584e+22	2.44e-29	2.09e-22	4.73e-17	1.01e-12	4.57e-09	8.60e-05	2.26e-02	9.77e-01
 1.06317e+22	3.23e-29	2.65e-22	5.76e-17	1.17e-12	5.10e-09	9.24e-05	2.34e-02	9.77e-01
 1.08097e+22	4.32e-29	3.39e-22	7.05e-17	1.38e-12	5.70e-09	9.95e-05	2.42e-02	9.76e-01
 1.09485e+22	5.42e-29	4.11e-22	8.26e-17	1.56e-12	6.22e-09	1.05e-04	2.49e-02	9.75e-01
 1.10655e+22	6.55e-29	4.83e-22	9.44e-17	1.73e-12	6.70e-09	1.11e-04	2.55e-02	9.74e-01
 1.11997e+22	8.14e-29	5.80e-22	1.10e-16	1.94e-12	7.29e-09	1.17e-04	2.62e-02	9.74e-01
 1.13742e+22	1.08e-28	7.37e-22	1.34e-16	2.27e-12	8.12e-09	1.26e-04	2.72e-02	9.73e-01
 1.15502e+22	1.44e-28	9.40e-22	1.63e-16	2.65e-12	9.07e-09	1.35e-04	2.82e-02	9.72e-01
 1.16884e+22	1.80e-28	1.14e-21	1.91e-16	3.00e-12	9.90e-09	1.43e-04	2.90e-02	9.71e-01
 1.18281e+22	2.25e-28	1.38e-21	2.24e-16	3.39e-12	1.08e-08	1.51e-04	2.98e-02	9.70e-01
 1.20097e+22	3.01e-28	1.76e-21	2.74e-16	3.97e-12	1.21e-08	1.63e-04	3.09e-02	9.69e-01
 1.21940e+22	4.05e-28	2.27e-21	3.38e-16	4.68e-12	1.36e-08	1.76e-04	3.20e-02	9.68e-01
 1.23398e+22	5.13e-28	2.77e-21	3.99e-16	5.33e-12	1.49e-08	1.87e-04	3.30e-02	9.67e-01
 1.24873e+22	6.50e-28	3.39e-21	4.71e-16	6.07e-12	1.63e-08	1.98e-04	3.40e-02	9.66e-01
 1.26791e+22	8.81e-28	4.39e-21	5.84e-16	7.17e-12	1.84e-08	2.14e-04	3.53e-02	9.65e-01
 1.28746e+22	1.21e-27	5.73e-21	7.28e-16	8.53e-12	2.07e-08	2.32e-04	3.66e-02	9.63e-01
 1.30306e+22	1.56e-27	7.12e-21	8.71e-16	9.82e-12	2.29e-08	2.47e-04	3.78e-02	9.62e-01
 1.31891e+22	1.98e-27	8.76e-21	1.03e-15	1.12e-11	2.52e-08	2.63e-04	3.90e-02	9.61e-01
 1.33951e+22	2.73e-27	1.15e-20	1.30e-15	1.34e-11	2.86e-08	2.85e-04	4.05e-02	9.59e-01
 1.36050e+22	3.80e-27	1.52e-20	1.64e-15	1.61e-11	3.25e-08	3.10e-04	4.22e-02	9.57e-01
 1.37738e+22	4.94e-27	1.90e-20	1.97e-15	1.86e-11	3.60e-08	3.32e-04	4.36e-02	9.56e-01
 1.39473e+22	6.42e-27	2.38e-20	2.37e-15	2.16e-11	4.00e-08	3.55e-04	4.50e-02	9.55e-01
 1.41388e+22	8.57e-27	3.05e-20	2.91e-15	2.53e-11	4.48e-08	3.82e-04	4.67e-02	9.53e-01
 1.43114e+22	1.11e-26	3.80e-20	3.49e-15	2.93e-11	4.96e-08	4.08e-04	4.82e-02	9.51e-01
 1.44676e+22	1.40e-26	4.62e-20	4.11e-15	3.33e-11	5.44e-08	4.33e-04	4.96e-02	9.50e-01
 1.46446e+22	1.80e-26	5.74e-20	4.93e-15	3.84e-11	6.02e-08	4.62e-04	5.12e-02	9.48e-01
 1.48747e+22	2.49e-26	7.57e-20	6.21e-15	4.61e-11	6.85e-08	5.03e-04	5.33e-02	9.46e-01
 1.51057e+22	3.44e-26	9.98e-20	7.82e-15	5.54e-11	7.80e-08	5.47e-04	5.55e-02	9.44e-01
 1.52860e+22	4.41e-26	1.23e-19	9.33e-15	6.37e-11	8.62e-08	5.83e-04	5.72e-02	9.42e-01
 1.54685e+22	5.61e-26	1.52e-19	1.11e-14	7.31e-11	9.51e-08	6.21e-04	5.90e-02	9.40e-01
 1.57056e+22	7.63e-26	1.97e-19	1.38e-14	8.70e-11	1.08e-07	6.73e-04	6.13e-02	9.38e-01
 1.59547e+22	1.05e-25	2.59e-19	1.74e-14	1.04e-10	1.23e-07	7.32e-04	6.38e-02	9.35e-01
 1.61657e+22	1.36e-25	3.24e-19	2.10e-14	1.21e-10	1.36e-07	7.84e-04	6.59e-02	9.33e-01
 1.63864e+22	1.77e-25	4.06e-19	2.53e-14	1.41e-10	1.52e-07	8.41e-04	6.82e-02	9.31e-01
 1.66732e+22	2.47e-25	5.40e-19	3.22e-14	1.71e-10	1.74e-07	9.19e-04	7.11e-02	9.28e-01
 1.69653e+22	3.45e-25	7.19e-19	4.10e-14	2.07e-10	2.00e-07	1.00e-03	7.42e-02	9.25e-01
 1.71900e+22	4.46e-25	8.96e-19	4.93e-14	2.40e-10	2.23e-07	1.08e-03	7.67e-02	9.22e-01
 1.73726e+22	5.40e-25	1.06e-18	5.66e-14	2.68e-10	2.41e-07	1.13e-03	7.86e-02	9.20e-01
 1.75749e+22	6.66e-25	1.27e-18	6.60e-14	3.03e-10	2.64e-07	1.20e-03	8.07e-02	9.18e-01
 1.78379e+22	8.71e-25	1.59e-18	8.02e-14	3.55e-10	2.95e-07	1.29e-03	8.35e-02	9.15e-01
 1.81181e+22	1.16e-24	2.03e-18	9.84e-14	4.18e-10	3.32e-07	1.39e-03	8.66e-02	9.12e-01
 1.83605e+22	1.46e-24	2.49e-18	1.17e-13	4.81e-10	3.67e-07	1.49e-03	8.93e-02	9.09e-01
 1.86153e+22	1.86e-24	3.06e-18	1.39e-13	5.53e-10	4.07e-07	1.59e-03	9.21e-02	9.06e-01
 1.89466e+22	2.52e-24	3.98e-18	1.74e-13	6.61e-10	4.63e-07	1.72e-03	9.58e-02	9.03e-01
 1.92822e+22	3.41e-24	5.16e-18	2.16e-13	7.90e-10	5.27e-07	1.87e-03	9.96e-02	8.99e-01
 1.95490e+22	4.30e-24	6.31e-18	2.57e-13	9.07e-10	5.82e-07	2.00e-03	1.03e-01	8.95e-01
 1.97772e+22	5.22e-24	7.46e-18	2.96e-13	1.02e-09	6.33e-07	2.11e-03	1.05e-01	8.93e-01
 2.00292e+22	6.43e-24	8.92e-18	3.44e-13	1.15e-09	6.92e-07	2.23e-03	1.08e-01	8.90e-01
 2.03568e+22	8.36e-24	1.12e-17	4.17e-13	1.34e-09	7.75e-07	2.40e-03	1.12e-01	8.86e-01
 2.06948e+22	1.09e-23	1.41e-17	5.07e-13	1.57e-09	8.70e-07	2.59e-03	1.16e-01	8.82e-01
 2.09725e+22	1.35e-23	1.70e-17	5.93e-13	1.79e-09	9.55e-07	2.75e-03	1.19e-01	8.78e-01
 2.12596e+22	1.67e-23	2.04e-17	6.93e-13	2.03e-09	1.05e-06	2.92e-03	1.22e-01	8.75e-01
 2.16328e+22	2.18e-23	2.57e-17	8.44e-13	2.38e-09	1.18e-06	3.14e-03	1.27e-01	8.70e-01
 2.20202e+22	2.88e-23	3.25e-17	1.03e-12	2.81e-09	1.33e-06	3.40e-03	1.31e-01	8.65e-01
 2.23424e+22	3.59e-23	3.94e-17	1.22e-12	3.20e-09	1.46e-06	3.61e-03	1.35e-01	8.61e-01
 2.26775e+22	4.48e-23	4.77e-17	1.43e-12	3.66e-09	1.61e-06	3.85e-03	1.39e-01	8.57e-01
 2.31132e+22	5.92e-23	6.08e-17	1.76e-12	4.32e-09	1.82e-06	4.16e-03	1.44e-01	8.52e-01
 2.35631e+22	7.87e-23	7.78e-17	2.17e-12	5.13e-09	2.06e-06	4.51e-03	1.49e-01	8.46e-01
 2.39162e+22	9.78e-23	9.38e-17	2.54e-12	5.84e-09	2.27e-06	4.79e-03	1.53e-01	8.42e-01
 2.42599e+22	1.20e-22	1.12e-16	2.95e-12	6.59e-09	2.48e-06	5.07e-03	1.58e-01	8.37e-01
 2.47067e+22	1.55e-22	1.40e-16	3.56e-12	7.69e-09	2.78e-06	5.45e-03	1.63e-01	8.32e-01
 2.51775e+22	2.02e-22	1.76e-16	4.33e-12	9.02e-09	3.13e-06	5.88e-03	1.68e-01	8.26e-01
 2.55812e+22	2.52e-22	2.13e-16	5.10e-12	1.03e-08	3.45e-06	6.26e-03	1.73e-01	8.21e-01
 2.60077e+22	3.16e-22	2.59e-16	6.02e-12	1.18e-08	3.81e-06	6.67e-03	1.78e-01	8.15e-01
 2.65621e+22	4.20e-22	3.31e-16	7.42e-12	1.40e-08	4.31e-06	7.22e-03	1.84e-01	8.08e-01
 2.71418e+22	5.63e-22	4.27e-16	9.20e-12	1.67e-08	4.91e-06	7.85e-03	1.91e-01	8.01e-01
 2.76332e+22	7.17e-22	5.25e-16	1.10e-11	1.92e-08	5.46e-06	8.39e-03	1.97e-01	7.95e-01
 2.80680e+22	8.82e-22	6.29e-16	1.28e-11	2.18e-08	5.99e-06	8.90e-03	2.02e-01	7.89e-01
 2.85505e+22	1.10e-21	7.63e-16	1.51e-11	2.49e-08	6.61e-06	9.48e-03	2.08e-01	7.83e-01
 2.91776e+22	1.45e-21	9.66e-16	1.84e-11	2.93e-08	7.45e-06	1.02e-02	2.15e-01	7.75e-01
 2.98335e+22	1.95e-21	1.25e-15	2.29e-11	3.50e-08	8.49e-06	1.11e-02	2.22e-01	7.67e-01
 3.03612e+22	2.45e-21	1.52e-15	2.71e-11	4.01e-08	9.38e-06	1.18e-02	2.28e-01	7.60e-01
 3.08138e+22	2.96e-21	1.79e-15	3.11e-11	4.49e-08	1.02e-05	1.25e-02	2.34e-01	7.54e-01
 3.13342e+22	3.66e-21	2.15e-15	3.64e-11	5.10e-08	1.12e-05	1.32e-02	2.40e-01	7.47e-01
 3.20109e+22	4.76e-21	2.70e-15	4.41e-11	5.97e-08	1.26e-05	1.42e-02	2.47e-01	7.39e-01
 3.27211e+22	6.31e-21	3.45e-15	5.43e-11	7.07e-08	1.42e-05	1.54e-02	2.55e-01	7.29e-01
 3.33148e+22	7.92e-21	4.19e-15	6.41e-11	8.10e-08	1.57e-05	1.64e-02	2.62e-01	7.22e-01
 3.39262e+22	9.92e-21	5.10e-15	7.57e-11	9.28e-08	1.74e-05	1.75e-02	2.69e-01	7.14e-01
 3.47211e+22	1.31e-20	6.49e-15	9.28e-11	1.10e-07	1.97e-05	1.89e-02	2.77e-01	7.04e-01
 3.55435e+22	1.77e-20	8.39e-15	1.16e-10	1.31e-07	2.24e-05	2.05e-02	2.87e-01	6.93e-01
 3.62133e+22	2.22e-20	1.03e-14	1.37e-10	1.51e-07	2.49e-05	2.18e-02	2.94e-01	6.84e-01
 3.68957e+22	2.79e-20	1.25e-14	1.62e-10	1.73e-07	2.75e-05	2.33e-02	3.01e-01	6.75e-01
 3.77829e+22	3.71e-20	1.60e-14	2.00e-10	2.05e-07	3.12e-05	2.52e-02	3.11e-01	6.64e-01
 3.87141e+22	5.01e-20	2.07e-14	2.49e-10	2.46e-07	3.56e-05	2.73e-02	3.21e-01	6.52e-01
 3.94430e+22	6.30e-20	2.52e-14	2.95e-10	2.82e-07	3.95e-05	2.91e-02	3.29e-01	6.42e-01
 4.00224e+22	7.51e-20	2.94e-14	3.36e-10	3.14e-07	4.27e-05	3.05e-02	3.35e-01	6.35e-01
 4.06671e+22	9.09e-20	3.47e-14	3.87e-10	3.53e-07	4.65e-05	3.22e-02	3.41e-01	6.26e-01
 4.15053e+22	1.15e-19	4.26e-14	4.61e-10	4.07e-07	5.17e-05	3.43e-02	3.50e-01	6.16e-01
 4.24178e+22	1.50e-19	5.35e-14	5.62e-10	4.79e-07	5.82e-05	3.70e-02	3.59e-01	6.04e-01
 4.32231e+22	1.88e-19	6.51e-14	6.64e-10	5.50e-07	6.44e-05	3.93e-02	3.67e-01	5.94e-01
 4.40663e+22	2.35e-19	7.91e-14	7.85e-10	6.32e-07	7.13e-05	4.18e-02	3.75e-01	5.83e-01
 4.51624e+22	3.11e-19	1.01e-13	9.69e-10	7.52e-07	8.11e-05	4.52e-02	3.86e-01	5.69e-01
 4.62744e+22	4.15e-19	1.30e-13	1.20e-09	9.00e-07	9.25e-05	4.90e-02	3.96e-01	5.55e-01
 4.71550e+22	5.17e-19	1.58e-13	1.42e-09	1.03e-06	1.02e-04	5.20e-02	4.04e-01	5.44e-01
 4.80477e+22	6.40e-19	1.90e-13	1.67e-09	1.18e-06	1.13e-04	5.52e-02	4.12e-01	5.32e-01
 4.92082e+22	8.34e-19	2.39e-13	2.04e-09	1.39e-06	1.28e-04	5.95e-02	4.22e-01	5.18e-01
 5.04437e+22	1.11e-18	3.07e-13	2.53e-09	1.67e-06	1.46e-04	6.44e-02	4.33e-01	5.03e-01
 5.14979e+22	1.40e-18	3.77e-13	3.03e-09	1.95e-06	1.64e-04	6.88e-02	4.41e-01	4.90e-01
 5.25896e+22	1.76e-18	4.60e-13	3.60e-09	2.25e-06	1.82e-04	7.33e-02	4.50e-01	4.77e-01
 5.40089e+22	2.33e-18	5.90e-13	4.48e-09	2.71e-06	2.09e-04	7.95e-02	4.60e-01	4.60e-01
 5.54646e+22	3.12e-18	7.62e-13	5.60e-09	3.28e-06	2.40e-04	8.63e-02	4.71e-01	4.43e-01
 5.66360e+22	3.91e-18	9.32e-13	6.69e-09	3.82e-06	2.69e-04	9.21e-02	4.79e-01	4.29e-01
 5.76331e+22	4.68e-18	1.09e-12	7.70e-09	4.30e-06	2.94e-04	9.69e-02	4.85e-01	4.18e-01
 5.87355e+22	5.66e-18	1.29e-12	8.95e-09	4.89e-06	3.24e-04	1.02e-01	4.92e-01	4.06e-01
 6.01686e+22	7.18e-18	1.60e-12	1.08e-08	5.76e-06	3.66e-04	1.10e-01	5.00e-01	3.90e-01
 6.16860e+22	9.20e-18	2.00e-12	1.32e-08	6.83e-06	4.15e-04	1.18e-01	5.07e-01	3.74e-01
 6.29806e+22	1.13e-17	2.40e-12	1.55e-08	7.89e-06	4.63e-04	1.25e-01	5.14e-01	3.60e-01
 6.41343e+22	1.34e-17	2.80e-12	1.78e-08	8.90e-06	5.06e-04	1.32e-01	5.19e-01	3.49e-01
 6.54372e+22	1.61e-17	3.29e-12	2.06e-08	1.01e-05	5.58e-04	1.39e-01	5.24e-01	3.36e-01
 6.71308e+22	2.01e-17	4.03e-12	2.48e-08	1.19e-05	6.30e-04	1.49e-01	5.30e-01	3.21e-01
 6.88908e+22	2.53e-17	4.96e-12	3.00e-08	1.41e-05	7.15e-04	1.60e-01	5.35e-01	3.05e-01
 7.03368e+22	3.04e-17	5.86e-12	3.49e-08	1.61e-05	7.91e-04	1.69e-01	5.39e-01	2.92e-01
 7.18166e+22	3.59e-17	6.82e-12	4.01e-08	1.82e-05	8.69e-04	1.77e-01	5.42e-01	2.80e-01
 7.37402e+22	4.41e-17	8.23e-12	4.77e-08	2.13e-05	9.78e-04	1.89e-01	5.45e-01	2.65e-01
 7.57690e+22	5.47e-17	1.00e-11	5.71e-08	2.50e-05	1.11e-03	2.02e-01	5.48e-01	2.49e-01
 7.74810e+22	6.51e-17	1.18e-11	6.62e-08	2.86e-05	1.22e-03	2.13e-01	5.49e-01	2.37e-01
 7.92533e+22	7.63e-17	1.36e-11	7.59e-08	3.23e-05	1.34e-03	2.24e-01	5.50e-01	2.25e-01
 8.15572e+22	9.27e-17	1.63e-11	8.98e-08	3.77e-05	1.51e-03	2.38e-01	5.50e-01	2.11e-01
 8.39996e+22	1.14e-16	1.97e-11	1.07e-07	4.42e-05	1.71e-03	2.53e-01	5.49e-01	1.97e-01
 8.60909e+22	1.24e-16	2.30e-11	1.24e-07	5.05e-05	1.89e-03	2.66e-01	5.47e-01	1.85e-01
 8.78059e+22	1.51e-16	2.60e-11	1.39e-07	5.59e-05	2.04e-03	2.77e-01	5.45e-01	1.76e-01
 8.95627e+22	1.70e-16	2.90e-11	1.54e-07	6.15e-05	2.20e-03	2.87e-01	5.43e-01	1.67e-01
 9.18466e+22	1.97e-16	3.32e-11	1.75e-07	6.91e-05	2.41e-03	3.00e-01	5.40e-01	1.57e-01
 9.43433e+22	2.31e-16	3.86e-11	2.02e-07	7.86e-05	2.65e-03	3.15e-01	5.35e-01	1.47e-01
 9.65724e+22	2.64e-16	4.37e-11	2.27e-07	8.78e-05	2.89e-03	3.29e-01	5.31e-01	1.38e-01
 9.86075e+22	2.97e-16	4.88e-11	2.52e-07	9.62e-05	3.10e-03	3.40e-01	5.27e-01	1.31e-01
 1.00935e+23	3.34e-16	5.46e-11	2.80e-07	1.06e-04	3.34e-03	3.52e-01	5.22e-01	1.23e-01
 1.03960e+23	3.86e-16	6.26e-11	3.19e-07	1.19e-04	3.66e-03	3.68e-01	5.15e-01	1.14e-01
 1.07134e+23	4.51e-16	7.25e-11	3.67e-07	1.35e-04	4.03e-03	3.85e-01	5.07e-01	1.05e-01
 1.09748e+23	5.10e-16	8.14e-11	4.10e-07	1.50e-04	4.35e-03	3.98e-01	4.99e-01	9.78e-02
 1.12394e+23	5.65e-16	8.98e-11	4.51e-07	1.63e-04	4.66e-03	4.11e-01	4.93e-01	9.16e-02
 1.15835e+23	6.44e-16	1.02e-10	5.07e-07	1.81e-04	5.05e-03	4.26e-01	4.84e-01	8.47e-02
 1.19628e+23	7.43e-16	1.16e-10	5.78e-07	2.04e-04	5.52e-03	4.43e-01	4.74e-01	7.73e-02
 1.23011e+23	8.39e-16	1.31e-10	6.47e-07	2.26e-04	5.97e-03	4.59e-01	4.64e-01	7.11e-02
 1.26011e+23	9.28e-16	1.44e-10	7.08e-07	2.44e-04	6.34e-03	4.71e-01	4.56e-01	6.65e-02
 1.29381e+23	1.02e-15	1.58e-10	7.75e-07	2.65e-04	6.75e-03	4.84e-01	4.47e-01	6.19e-02
 1.33763e+23	1.15e-15	1.76e-10	8.62e-07	2.91e-04	7.25e-03	4.99e-01	4.37e-01	5.67e-02
 1.39027e+23	1.31e-15	2.00e-10	9.76e-07	3.25e-04	7.90e-03	5.18e-01	4.23e-01	5.09e-02
 1.44166e+23	1.50e-15	2.28e-10	1.11e-06	3.62e-04	8.59e-03	5.36e-01	4.09e-01	4.57e-02
 1.48570e+23	1.66e-15	2.51e-10	1.22e-06	3.94e-04	9.16e-03	5.50e-01	3.98e-01	4.19e-02
 1.53287e+23	1.81e-15	2.73e-10	1.32e-06	4.24e-04	9.70e-03	5.63e-01	3.88e-01	3.85e-02
 1.59134e+23	2.01e-15	3.02e-10	1.46e-06	4.61e-04	1.03e-02	5.78e-01	3.76e-01	3.49e-02
 1.65623e+23	2.23e-15	3.35e-10	1.62e-06	5.05e-04	1.11e-02	5.94e-01	3.63e-01	3.13e-02
 1.71657e+23	2.47e-15	3.71e-10	1.79e-06	5.50e-04	1.19e-02	6.10e-01	3.50e-01	2.82e-02
 1.76876e+23	2.68e-15	4.01e-10	1.94e-06	5.88e-04	1.25e-02	6.22e-01	3.39e-01	2.58e-02
 1.82609e+23	2.83e-15	4.25e-10	2.06e-06	6.19e-04	1.30e-02	6.32e-01	3.31e-01	2.40e-02
 1.89629e+23	3.03e-15	4.55e-10	2.21e-06	6.57e-04	1.37e-02	6.44e-01	3.20e-01	2.19e-02
 1.97337e+23	3.27e-15	4.91e-10	2.39e-06	7.02e-04	1.44e-02	6.56e-01	3.09e-01	1.98e-02
 2.05354e+23	3.49e-15	5.25e-10	2.57e-06	7.44e-04	1.51e-02	6.68e-01	2.98e-01	1.80e-02
 2.13692e+23	3.70e-15	5.58e-10	2.74e-06	7.85e-04	1.57e-02	6.79e-01	2.88e-01	1.64e-02
 2.22319e+23	3.89e-15	5.89e-10	2.90e-06	8.24e-04	1.64e-02	6.89e-01	2.79e-01	1.51e-02
 2.30636e+23	4.10e-15	6.22e-10	3.08e-06	8.64e-04	1.70e-02	6.99e-01	2.70e-01	1.38e-02
 2.38120e+23	4.27e-15	6.49e-10	3.22e-06	8.95e-04	1.75e-02	7.06e-01	2.63e-01	1.29e-02
 2.44856e+23	4.40e-15	6.70e-10	3.35e-06	9.24e-04	1.80e-02	7.13e-01	2.56e-01	1.21e-02
 2.50919e+23	4.52e-15	6.90e-10	3.46e-06	9.48e-04	1.83e-02	7.18e-01	2.51e-01	1.15e-02
 2.56375e+23	4.58e-15	7.03e-10	3.54e-06	9.65e-04	1.86e-02	7.22e-01	2.47e-01	1.11e-02
 2.61286e+23	4.66e-15	7.15e-10	3.61e-06	9.81e-04	1.89e-02	7.26e-01	2.43e-01	1.07e-02
 2.65705e+23	4.71e-15	7.25e-10	3.67e-06	9.94e-04	1.91e-02	7.29e-01	2.40e-01	1.03e-02
 2.69683e+23	4.75e-15	7.33e-10	3.72e-06	1.00e-03	1.93e-02	7.32e-01	2.38e-01	1.01e-02
 2.73263e+23	4.79e-15	7.39e-10	3.76e-06	1.01e-03	1.94e-02	7.34e-01	2.36e-01	9.82e-03
 2.76486e+23	4.82e-15	7.45e-10	3.80e-06	1.02e-03	1.96e-02	7.36e-01	2.34e-01	9.64e-03
 2.79541e+23	4.82e-15	7.46e-10	3.81e-06	1.02e-03	1.96e-02	7.37e-01	2.33e-01	9.50e-03
 2.82596e+23	4.82e-15	7.47e-10	3.82e-06	1.03e-03	1.97e-02	7.39e-01	2.31e-01	9.36e-03
 2.85650e+23	4.81e-15	7.48e-10	3.84e-06	1.03e-03	1.98e-02	7.40e-01	2.30e-01	9.22e-03
 2.88705e+23	4.81e-15	7.49e-10	3.85e-06	1.03e-03	1.98e-02	7.41e-01	2.29e-01	9.09e-03
 2.91760e+23	4.80e-15	7.49e-10	3.86e-06	1.04e-03	1.99e-02	7.43e-01	2.27e-01	8.97e-03
 2.94815e+23	4.78e-15	7.48e-10	3.87e-06	1.04e-03	1.99e-02	7.44e-01	2.26e-01	8.87e-03
 2.97870e+23	4.77e-15	7.46e-10	3.87e-06	1.04e-03	2.00e-02	7.45e-01	2.25e-01	8.77e-03
 3.00925e+23	4.75e-15	7.45e-10	3.87e-06	1.04e-03	2.00e-02	7.46e-01	2.25e-01	8.68e-03
 3.03967e+23	4.73e-15	7.43e-10	3.87e-06	1.04e-03	2.00e-02	7.47e-01	2.24e-01	8.59e-03
