#depth	O	O+	O+2	O+3	O+4	O+5	O+6	O+7	O+8	O[1]	O[2]	O[3]
 6.17135e+19	0.00e+00	0.00e+00	8.54e-29	1.78e-22	7.04e-17	7.90e-12	5.71e-07	1.32e-03	9.99e-01	0.00e+00	0.00e+00	0.00e+00
 1.87609e+20	0.00e+00	0.00e+00	1.47e-28	2.75e-22	9.74e-17	9.83e-12	6.73e-07	1.45e-03	9.99e-01	0.00e+00	0.00e+00	0.00e+00
 3.18540e+20	0.00e+00	0.00e+00	2.56e-28	4.25e-22	1.35e-16	1.22e-11	7.93e-07	1.60e-03	9.98e-01	0.00e+00	0.00e+00	0.00e+00
 4.54709e+20	0.00e+00	0.00e+00	4.46e-28	6.61e-22	1.87e-16	1.51e-11	9.36e-07	1.77e-03	9.98e-01	0.00e+00	0.00e+00	0.00e+00
 5.47535e+20	0.00e+00	0.00e+00	6.48e-28	8.88e-22	2.32e-16	1.75e-11	1.05e-06	1.89e-03	9.98e-01	0.00e+00	0.00e+00	0.00e+00
 5.82109e+20	0.00e+00	0.00e+00	7.46e-28	9.91e-22	2.51e-16	1.84e-11	1.09e-06	1.94e-03	9.98e-01	0.00e+00	0.00e+00	0.00e+00
 6.07795e+20	0.00e+00	0.00e+00	8.22e-28	1.07e-21	2.66e-16	1.91e-11	1.12e-06	1.97e-03	9.98e-01	0.00e+00	0.00e+00	0.00e+00
 6.41186e+20	0.00e+00	0.00e+00	9.36e-28	1.19e-21	2.86e-16	2.01e-11	1.17e-06	2.02e-03	9.98e-01	0.00e+00	0.00e+00	0.00e+00
 6.84596e+20	0.00e+00	0.00e+00	1.11e-27	1.35e-21	3.15e-16	2.13e-11	1.23e-06	2.08e-03	9.98e-01	0.00e+00	0.00e+00	0.00e+00
 7.41027e+20	0.00e+00	0.00e+00	1.38e-27	1.61e-21	3.57e-16	2.31e-11	1.31e-06	2.17e-03	9.98e-01	0.00e+00	0.00e+00	0.00e+00
 8.02671e+20	0.00e+00	0.00e+00	1.74e-27	1.93e-21	4.08e-16	2.52e-11	1.40e-06	2.26e-03	9.98e-01	0.00e+00	0.00e+00	0.00e+00
 8.56252e+20	0.00e+00	0.00e+00	2.13e-27	2.26e-21	4.58e-16	2.72e-11	1.49e-06	2.34e-03	9.98e-01	0.00e+00	0.00e+00	0.00e+00
 9.02865e+20	0.00e+00	1.70e-34	2.54e-27	2.60e-21	5.06e-16	2.89e-11	1.56e-06	2.42e-03	9.98e-01	0.00e+00	0.00e+00	0.00e+00
 9.55258e+20	0.00e+00	2.13e-34	3.07e-27	3.02e-21	5.65e-16	3.11e-11	1.66e-06	2.50e-03	9.97e-01	0.00e+00	0.00e+00	0.00e+00
 1.02337e+21	0.00e+00	2.90e-34	3.95e-27	3.67e-21	6.51e-16	3.40e-11	1.78e-06	2.62e-03	9.97e-01	0.00e+00	0.00e+00	0.00e+00
 1.09144e+21	0.00e+00	3.93e-34	5.06e-27	4.46e-21	7.49e-16	3.71e-11	1.92e-06	2.74e-03	9.97e-01	0.00e+00	0.00e+00	0.00e+00
 1.14281e+21	0.00e+00	4.92e-34	6.08e-27	5.16e-21	8.32e-16	3.97e-11	2.03e-06	2.84e-03	9.97e-01	0.00e+00	0.00e+00	0.00e+00
 1.19293e+21	0.00e+00	6.12e-34	7.28e-27	5.93e-21	9.20e-16	4.23e-11	2.14e-06	2.93e-03	9.97e-01	0.00e+00	0.00e+00	0.00e+00
 1.25809e+21	0.00e+00	8.11e-34	9.16e-27	7.11e-21	1.05e-15	4.59e-11	2.29e-06	3.05e-03	9.97e-01	0.00e+00	0.00e+00	0.00e+00
 1.32562e+21	0.00e+00	1.08e-33	1.16e-26	8.56e-21	1.20e-15	5.00e-11	2.46e-06	3.19e-03	9.97e-01	0.00e+00	0.00e+00	0.00e+00
 1.38146e+21	0.00e+00	1.37e-33	1.41e-26	9.97e-21	1.34e-15	5.35e-11	2.60e-06	3.30e-03	9.97e-01	0.00e+00	0.00e+00	0.00e+00
 1.43931e+21	0.00e+00	1.75e-33	1.72e-26	1.17e-20	1.50e-15	5.75e-11	2.76e-06	3.42e-03	9.97e-01	0.00e+00	0.00e+00	0.00e+00
 1.51451e+21	0.00e+00	2.40e-33	2.23e-26	1.43e-20	1.73e-15	6.30e-11	2.98e-06	3.58e-03	9.96e-01	0.00e+00	0.00e+00	0.00e+00
 1.58779e+21	0.00e+00	3.25e-33	2.86e-26	1.73e-20	1.99e-15	6.88e-11	3.21e-06	3.75e-03	9.96e-01	0.00e+00	0.00e+00	0.00e+00
 1.64201e+21	0.00e+00	4.07e-33	3.44e-26	2.00e-20	2.21e-15	7.35e-11	3.39e-06	3.87e-03	9.96e-01	0.00e+00	0.00e+00	0.00e+00
 1.69593e+21	0.00e+00	5.07e-33	4.12e-26	2.31e-20	2.45e-15	7.83e-11	3.58e-06	4.00e-03	9.96e-01	0.00e+00	0.00e+00	0.00e+00
 1.76601e+21	0.00e+00	6.73e-33	5.20e-26	2.77e-20	2.80e-15	8.52e-11	3.84e-06	4.17e-03	9.96e-01	0.00e+00	0.00e+00	0.00e+00
 1.83972e+21	0.00e+00	9.05e-33	6.63e-26	3.35e-20	3.21e-15	9.29e-11	4.14e-06	4.35e-03	9.96e-01	0.00e+00	0.00e+00	0.00e+00
 1.90234e+21	0.00e+00	1.16e-32	8.15e-26	3.94e-20	3.61e-15	1.00e-10	4.40e-06	4.51e-03	9.95e-01	0.00e+00	0.00e+00	0.00e+00
 1.96794e+21	0.00e+00	1.50e-32	1.01e-25	4.66e-20	4.08e-15	1.08e-10	4.69e-06	4.68e-03	9.95e-01	0.00e+00	0.00e+00	0.00e+00
 2.04024e+21	0.00e+00	2.00e-32	1.27e-25	5.60e-20	4.66e-15	1.18e-10	5.04e-06	4.87e-03	9.95e-01	0.00e+00	0.00e+00	0.00e+00
 2.10648e+21	0.00e+00	2.58e-32	1.57e-25	6.61e-20	5.26e-15	1.27e-10	5.37e-06	5.06e-03	9.95e-01	0.00e+00	0.00e+00	0.00e+00
 2.16684e+21	0.00e+00	3.25e-32	1.90e-25	7.69e-20	5.88e-15	1.37e-10	5.69e-06	5.23e-03	9.95e-01	0.00e+00	0.00e+00	0.00e+00
 2.23430e+21	0.00e+00	4.20e-32	2.35e-25	9.09e-20	6.65e-15	1.48e-10	6.07e-06	5.42e-03	9.95e-01	0.00e+00	0.00e+00	0.00e+00
 2.30970e+21	0.00e+00	5.58e-32	2.97e-25	1.09e-19	7.62e-15	1.62e-10	6.52e-06	5.64e-03	9.94e-01	0.00e+00	0.00e+00	0.00e+00
 2.38010e+21	0.00e+00	7.25e-32	3.69e-25	1.30e-19	8.65e-15	1.76e-10	6.97e-06	5.85e-03	9.94e-01	0.00e+00	0.00e+00	0.00e+00
 2.44598e+21	0.00e+00	9.23e-32	4.51e-25	1.53e-19	9.73e-15	1.90e-10	7.41e-06	6.05e-03	9.94e-01	0.00e+00	0.00e+00	0.00e+00
 2.52132e+21	0.00e+00	1.21e-31	5.65e-25	1.83e-19	1.11e-14	2.07e-10	7.95e-06	6.29e-03	9.94e-01	0.00e+00	0.00e+00	0.00e+00
 2.60230e+21	0.00e+00	1.62e-31	7.19e-25	2.21e-19	1.28e-14	2.28e-10	8.56e-06	6.55e-03	9.93e-01	0.00e+00	0.00e+00	0.00e+00
 2.67359e+21	0.00e+00	2.09e-31	8.87e-25	2.62e-19	1.45e-14	2.48e-10	9.13e-06	6.78e-03	9.93e-01	0.00e+00	0.00e+00	0.00e+00
 2.74926e+21	0.00e+00	2.72e-31	1.11e-24	3.12e-19	1.66e-14	2.70e-10	9.77e-06	7.03e-03	9.93e-01	0.00e+00	0.00e+00	0.00e+00
 2.83418e+21	0.00e+00	3.64e-31	1.41e-24	3.80e-19	1.92e-14	2.98e-10	1.05e-05	7.32e-03	9.93e-01	0.00e+00	0.00e+00	0.00e+00
 2.91414e+21	0.00e+00	4.77e-31	1.77e-24	4.55e-19	2.20e-14	3.27e-10	1.13e-05	7.60e-03	9.92e-01	0.00e+00	0.00e+00	0.00e+00
 2.98946e+21	0.00e+00	6.14e-31	2.18e-24	5.39e-19	2.50e-14	3.57e-10	1.21e-05	7.87e-03	9.92e-01	0.00e+00	0.00e+00	0.00e+00
 3.07575e+21	0.00e+00	8.15e-31	2.76e-24	6.52e-19	2.89e-14	3.94e-10	1.30e-05	8.17e-03	9.92e-01	0.00e+00	0.00e+00	0.00e+00
 3.17228e+21	0.00e+00	1.11e-30	3.59e-24	8.05e-19	3.39e-14	4.39e-10	1.41e-05	8.53e-03	9.91e-01	0.00e+00	0.00e+00	0.00e+00
 3.25841e+21	0.00e+00	1.46e-30	4.51e-24	9.70e-19	3.90e-14	4.84e-10	1.51e-05	8.85e-03	9.91e-01	0.00e+00	0.00e+00	0.00e+00
 3.33296e+21	0.00e+00	1.85e-30	5.49e-24	1.14e-18	4.40e-14	5.25e-10	1.60e-05	9.13e-03	9.91e-01	0.00e+00	0.00e+00	0.00e+00
 3.41616e+21	0.00e+00	2.39e-30	6.79e-24	1.35e-18	5.02e-14	5.76e-10	1.71e-05	9.45e-03	9.91e-01	0.00e+00	0.00e+00	0.00e+00
 3.52431e+21	0.00e+00	3.31e-30	8.94e-24	1.69e-18	5.95e-14	6.48e-10	1.87e-05	9.88e-03	9.90e-01	0.00e+00	0.00e+00	0.00e+00
 3.63510e+21	0.00e+00	4.60e-30	1.18e-23	2.11e-18	7.07e-14	7.31e-10	2.04e-05	1.03e-02	9.90e-01	0.00e+00	0.00e+00	0.00e+00
 3.72571e+21	0.00e+00	5.99e-30	1.47e-23	2.53e-18	8.13e-14	8.05e-10	2.18e-05	1.07e-02	9.89e-01	0.00e+00	0.00e+00	0.00e+00
 3.81989e+21	0.00e+00	7.84e-30	1.85e-23	3.05e-18	9.36e-14	8.89e-10	2.34e-05	1.11e-02	9.89e-01	0.00e+00	0.00e+00	0.00e+00
 3.94232e+21	0.00e+00	1.11e-29	2.46e-23	3.86e-18	1.12e-13	1.01e-09	2.56e-05	1.16e-02	9.88e-01	0.00e+00	0.00e+00	0.00e+00
 4.06721e+21	0.00e+00	1.56e-29	3.29e-23	4.89e-18	1.35e-13	1.15e-09	2.80e-05	1.21e-02	9.88e-01	0.00e+00	0.00e+00	0.00e+00
 4.16413e+21	0.00e+00	2.03e-29	4.11e-23	5.85e-18	1.55e-13	1.27e-09	3.00e-05	1.26e-02	9.87e-01	0.00e+00	0.00e+00	0.00e+00
 4.25896e+21	0.00e+00	2.60e-29	5.08e-23	6.96e-18	1.77e-13	1.39e-09	3.21e-05	1.30e-02	9.87e-01	0.00e+00	0.00e+00	0.00e+00
 4.38225e+21	0.00e+00	3.59e-29	6.65e-23	8.69e-18	2.10e-13	1.58e-09	3.49e-05	1.36e-02	9.86e-01	0.00e+00	0.00e+00	0.00e+00
 4.51058e+21	0.00e+00	4.98e-29	8.78e-23	1.09e-17	2.51e-13	1.79e-09	3.80e-05	1.42e-02	9.86e-01	0.00e+00	0.00e+00	0.00e+00
 4.61822e+21	0.00e+00	6.53e-29	1.10e-22	1.32e-17	2.90e-13	1.98e-09	4.08e-05	1.47e-02	9.85e-01	0.00e+00	0.00e+00	0.00e+00
 4.73089e+21	0.00e+00	8.61e-29	1.40e-22	1.59e-17	3.37e-13	2.20e-09	4.39e-05	1.52e-02	9.85e-01	0.00e+00	0.00e+00	0.00e+00
 4.87736e+21	0.00e+00	1.23e-28	1.88e-22	2.04e-17	4.08e-13	2.53e-09	4.82e-05	1.60e-02	9.84e-01	0.00e+00	0.00e+00	0.00e+00
 5.02609e+21	0.00e+00	1.75e-28	2.54e-22	2.61e-17	4.94e-13	2.90e-09	5.29e-05	1.67e-02	9.83e-01	0.00e+00	0.00e+00	0.00e+00
 5.14577e+21	0.00e+00	2.31e-28	3.21e-22	3.17e-17	5.74e-13	3.23e-09	5.69e-05	1.73e-02	9.83e-01	0.00e+00	0.00e+00	0.00e+00
 5.25131e+21	0.00e+00	2.94e-28	3.95e-22	3.75e-17	6.55e-13	3.55e-09	6.07e-05	1.79e-02	9.82e-01	0.00e+00	0.00e+00	0.00e+00
 5.37043e+21	0.00e+00	3.85e-28	4.95e-22	4.52e-17	7.58e-13	3.94e-09	6.51e-05	1.85e-02	9.81e-01	0.00e+00	0.00e+00	0.00e+00
 5.52530e+21	0.00e+00	5.42e-28	6.62e-22	5.74e-17	9.13e-13	4.50e-09	7.13e-05	1.94e-02	9.81e-01	0.00e+00	0.00e+00	0.00e+00
 5.68317e+21	0.00e+00	7.65e-28	8.87e-22	7.30e-17	1.10e-12	5.16e-09	7.81e-05	2.03e-02	9.80e-01	0.00e+00	0.00e+00	0.00e+00
 5.81080e+21	0.00e+00	1.01e-27	1.12e-21	8.84e-17	1.28e-12	5.74e-09	8.39e-05	2.10e-02	9.79e-01	0.00e+00	0.00e+00	0.00e+00
 5.94257e+21	0.00e+00	1.33e-27	1.42e-21	1.07e-16	1.49e-12	6.40e-09	9.03e-05	2.18e-02	9.78e-01	0.00e+00	0.00e+00	0.00e+00
 6.11388e+21	0.00e+00	1.89e-27	1.91e-21	1.38e-16	1.81e-12	7.36e-09	9.91e-05	2.28e-02	9.77e-01	0.00e+00	0.00e+00	0.00e+00
 6.29041e+21	0.00e+00	2.71e-27	2.60e-21	1.77e-16	2.20e-12	8.49e-09	1.09e-04	2.39e-02	9.76e-01	0.00e+00	0.00e+00	0.00e+00
 6.43435e+21	0.00e+00	3.63e-27	3.32e-21	2.17e-16	2.58e-12	9.52e-09	1.18e-04	2.49e-02	9.75e-01	0.00e+00	0.00e+00	0.00e+00
 6.58207e+21	2.00e-34	4.85e-27	4.25e-21	2.66e-16	3.03e-12	1.07e-08	1.27e-04	2.58e-02	9.74e-01	0.00e+00	0.00e+00	0.00e+00
 6.73785e+21	2.85e-34	6.58e-27	5.51e-21	3.29e-16	3.58e-12	1.21e-08	1.38e-04	2.68e-02	9.73e-01	0.00e+00	0.00e+00	0.00e+00
 6.87066e+21	3.82e-34	8.50e-27	6.85e-21	3.94e-16	4.12e-12	1.33e-08	1.47e-04	2.78e-02	9.72e-01	0.00e+00	0.00e+00	0.00e+00
 7.00985e+21	5.19e-34	1.11e-26	8.57e-21	4.74e-16	4.76e-12	1.48e-08	1.58e-04	2.87e-02	9.71e-01	0.00e+00	0.00e+00	0.00e+00
 7.19081e+21	7.66e-34	1.55e-26	1.14e-20	6.01e-16	5.74e-12	1.69e-08	1.73e-04	3.00e-02	9.70e-01	0.00e+00	0.00e+00	0.00e+00
 7.37231e+21	1.13e-33	2.18e-26	1.52e-20	7.62e-16	6.91e-12	1.94e-08	1.88e-04	3.13e-02	9.68e-01	0.00e+00	0.00e+00	0.00e+00
 7.51419e+21	1.53e-33	2.82e-26	1.90e-20	9.15e-16	7.97e-12	2.15e-08	2.02e-04	3.24e-02	9.67e-01	0.00e+00	0.00e+00	0.00e+00
 7.63197e+21	1.95e-33	3.49e-26	2.27e-20	1.06e-15	8.96e-12	2.34e-08	2.13e-04	3.33e-02	9.67e-01	0.00e+00	0.00e+00	0.00e+00
 7.75874e+21	2.54e-33	4.40e-26	2.76e-20	1.25e-15	1.02e-11	2.56e-08	2.27e-04	3.43e-02	9.65e-01	0.00e+00	0.00e+00	0.00e+00
 7.92355e+21	3.56e-33	5.88e-26	3.54e-20	1.53e-15	1.19e-11	2.87e-08	2.44e-04	3.56e-02	9.64e-01	0.00e+00	0.00e+00	0.00e+00
 8.09147e+21	5.01e-33	7.91e-26	4.55e-20	1.89e-15	1.40e-11	3.23e-08	2.64e-04	3.69e-02	9.63e-01	0.00e+00	0.00e+00	0.00e+00
 8.22590e+21	6.57e-33	1.00e-25	5.56e-20	2.22e-15	1.60e-11	3.55e-08	2.81e-04	3.81e-02	9.62e-01	0.00e+00	0.00e+00	0.00e+00
 8.36311e+21	8.64e-33	1.27e-25	6.79e-20	2.63e-15	1.82e-11	3.90e-08	2.99e-04	3.92e-02	9.60e-01	0.00e+00	0.00e+00	0.00e+00
 8.50895e+21	1.15e-32	1.63e-25	8.41e-20	3.13e-15	2.09e-11	4.31e-08	3.19e-04	4.05e-02	9.59e-01	0.00e+00	0.00e+00	0.00e+00
 8.63420e+21	1.48e-32	2.02e-25	1.01e-19	3.65e-15	2.35e-11	4.69e-08	3.37e-04	4.16e-02	9.58e-01	0.00e+00	0.00e+00	0.00e+00
 8.74808e+21	1.84e-32	2.45e-25	1.19e-19	4.17e-15	2.61e-11	5.06e-08	3.54e-04	4.26e-02	9.57e-01	0.00e+00	0.00e+00	0.00e+00
 8.87901e+21	2.38e-32	3.05e-25	1.43e-19	4.87e-15	2.95e-11	5.53e-08	3.75e-04	4.38e-02	9.56e-01	0.00e+00	0.00e+00	0.00e+00
 9.02622e+21	3.16e-32	3.91e-25	1.77e-19	5.79e-15	3.38e-11	6.09e-08	4.00e-04	4.52e-02	9.54e-01	0.00e+00	0.00e+00	0.00e+00
 9.16465e+21	4.13e-32	4.92e-25	2.15e-19	6.81e-15	3.84e-11	6.68e-08	4.25e-04	4.66e-02	9.53e-01	0.00e+00	0.00e+00	0.00e+00
 9.29316e+21	5.28e-32	6.09e-25	2.57e-19	7.91e-15	4.32e-11	7.27e-08	4.49e-04	4.78e-02	9.52e-01	0.00e+00	0.00e+00	0.00e+00
 9.43873e+21	6.95e-32	7.73e-25	3.15e-19	9.36e-15	4.93e-11	7.99e-08	4.78e-04	4.93e-02	9.50e-01	0.00e+00	0.00e+00	0.00e+00
 9.59096e+21	9.28e-32	9.92e-25	3.90e-19	1.12e-14	5.65e-11	8.82e-08	5.09e-04	5.08e-02	9.49e-01	0.00e+00	0.00e+00	0.00e+00
 9.71817e+21	1.18e-31	1.22e-24	4.65e-19	1.29e-14	6.34e-11	9.58e-08	5.37e-04	5.22e-02	9.47e-01	0.00e+00	0.00e+00	0.00e+00
 9.84988e+21	1.51e-31	1.51e-24	5.58e-19	1.50e-14	7.13e-11	1.04e-07	5.68e-04	5.36e-02	9.46e-01	0.00e+00	0.00e+00	0.00e+00
 1.00211e+22	2.07e-31	1.99e-24	7.04e-19	1.82e-14	8.30e-11	1.16e-07	6.10e-04	5.54e-02	9.44e-01	0.00e+00	0.00e+00	0.00e+00
 1.01924e+22	2.85e-31	2.62e-24	8.91e-19	2.21e-14	9.67e-11	1.30e-07	6.55e-04	5.73e-02	9.42e-01	0.00e+00	0.00e+00	0.00e+00
 1.03250e+22	3.65e-31	3.25e-24	1.07e-18	2.57e-14	1.09e-10	1.41e-07	6.91e-04	5.89e-02	9.40e-01	0.00e+00	0.00e+00	0.00e+00
 1.04584e+22	4.66e-31	4.01e-24	1.28e-18	2.99e-14	1.22e-10	1.53e-07	7.30e-04	6.04e-02	9.39e-01	0.00e+00	0.00e+00	0.00e+00
 1.06317e+22	6.40e-31	5.28e-24	1.61e-18	3.62e-14	1.42e-10	1.71e-07	7.83e-04	6.25e-02	9.37e-01	0.00e+00	0.00e+00	0.00e+00
 1.08097e+22	8.87e-31	7.01e-24	2.05e-18	4.42e-14	1.66e-10	1.91e-07	8.42e-04	6.47e-02	9.34e-01	0.00e+00	0.00e+00	0.00e+00
 1.09485e+22	1.14e-30	8.73e-24	2.48e-18	5.17e-14	1.88e-10	2.09e-07	8.91e-04	6.65e-02	9.33e-01	0.00e+00	0.00e+00	0.00e+00
 1.10655e+22	1.42e-30	1.05e-23	2.90e-18	5.88e-14	2.08e-10	2.24e-07	9.34e-04	6.80e-02	9.31e-01	0.00e+00	0.00e+00	0.00e+00
 1.11997e+22	1.80e-30	1.30e-23	3.46e-18	6.82e-14	2.34e-10	2.44e-07	9.86e-04	6.98e-02	9.29e-01	0.00e+00	0.00e+00	0.00e+00
 1.13742e+22	2.47e-30	1.70e-23	4.36e-18	8.27e-14	2.71e-10	2.71e-07	1.06e-03	7.21e-02	9.27e-01	0.00e+00	0.00e+00	0.00e+00
 1.15502e+22	3.40e-30	2.24e-23	5.52e-18	1.01e-13	3.16e-10	3.03e-07	1.13e-03	7.46e-02	9.24e-01	0.00e+00	0.00e+00	0.00e+00
 1.16884e+22	4.37e-30	2.79e-23	6.64e-18	1.17e-13	3.57e-10	3.30e-07	1.20e-03	7.66e-02	9.22e-01	0.00e+00	0.00e+00	0.00e+00
 1.18281e+22	5.61e-30	3.46e-23	7.98e-18	1.37e-13	4.02e-10	3.59e-07	1.27e-03	7.86e-02	9.20e-01	0.00e+00	0.00e+00	0.00e+00
 1.20097e+22	7.76e-30	4.57e-23	1.01e-17	1.67e-13	4.70e-10	4.02e-07	1.36e-03	8.13e-02	9.17e-01	0.00e+00	0.00e+00	0.00e+00
 1.21940e+22	1.08e-29	6.09e-23	1.29e-17	2.04e-13	5.51e-10	4.50e-07	1.46e-03	8.42e-02	9.14e-01	0.00e+00	0.00e+00	0.00e+00
 1.23398e+22	1.40e-29	7.64e-23	1.57e-17	2.40e-13	6.25e-10	4.92e-07	1.55e-03	8.65e-02	9.12e-01	0.00e+00	0.00e+00	0.00e+00
 1.24873e+22	1.82e-29	9.57e-23	1.90e-17	2.81e-13	7.09e-10	5.38e-07	1.64e-03	8.89e-02	9.09e-01	0.00e+00	0.00e+00	0.00e+00
 1.26791e+22	2.55e-29	1.28e-22	2.43e-17	3.46e-13	8.34e-10	6.04e-07	1.77e-03	9.20e-02	9.06e-01	0.00e+00	0.00e+00	0.00e+00
 1.28746e+22	3.61e-29	1.73e-22	3.14e-17	4.28e-13	9.86e-10	6.81e-07	1.91e-03	9.54e-02	9.03e-01	0.00e+00	0.00e+00	0.00e+00
 1.30306e+22	4.78e-29	2.20e-22	3.86e-17	5.09e-13	1.13e-09	7.50e-07	2.03e-03	9.82e-02	9.00e-01	0.00e+00	0.00e+00	0.00e+00
 1.31891e+22	6.25e-29	2.78e-22	4.71e-17	6.00e-13	1.29e-09	8.23e-07	2.16e-03	1.01e-01	8.97e-01	0.00e+00	0.00e+00	0.00e+00
 1.33951e+22	8.89e-29	3.77e-22	6.10e-17	7.46e-13	1.53e-09	9.29e-07	2.33e-03	1.05e-01	8.93e-01	0.00e+00	0.00e+00	0.00e+00
 1.36050e+22	1.28e-28	5.15e-22	7.97e-17	9.33e-13	1.82e-09	1.05e-06	2.53e-03	1.09e-01	8.89e-01	0.00e+00	0.00e+00	0.00e+00
 1.37738e+22	1.70e-28	6.60e-22	9.85e-17	1.11e-12	2.09e-09	1.16e-06	2.69e-03	1.12e-01	8.85e-01	0.00e+00	0.00e+00	0.00e+00
 1.39473e+22	2.26e-28	8.46e-22	1.22e-16	1.33e-12	2.41e-09	1.29e-06	2.87e-03	1.15e-01	8.82e-01	0.00e+00	0.00e+00	0.00e+00
 1.41388e+22	3.11e-28	1.11e-21	1.54e-16	1.62e-12	2.81e-09	1.44e-06	3.08e-03	1.19e-01	8.78e-01	0.00e+00	0.00e+00	0.00e+00
 1.43114e+22	4.12e-28	1.42e-21	1.89e-16	1.93e-12	3.23e-09	1.59e-06	3.28e-03	1.23e-01	8.74e-01	0.00e+00	0.00e+00	0.00e+00
 1.44676e+22	5.29e-28	1.76e-21	2.28e-16	2.26e-12	3.65e-09	1.73e-06	3.47e-03	1.26e-01	8.71e-01	0.00e+00	0.00e+00	0.00e+00
 1.46446e+22	6.97e-28	2.24e-21	2.80e-16	2.68e-12	4.19e-09	1.91e-06	3.69e-03	1.29e-01	8.67e-01	0.00e+00	0.00e+00	0.00e+00
 1.48747e+22	9.91e-28	3.04e-21	3.64e-16	3.34e-12	4.99e-09	2.16e-06	4.00e-03	1.34e-01	8.62e-01	0.00e+00	0.00e+00	0.00e+00
 1.51057e+22	1.41e-27	4.12e-21	4.72e-16	4.16e-12	5.95e-09	2.45e-06	4.33e-03	1.39e-01	8.56e-01	0.00e+00	0.00e+00	0.00e+00
 1.52860e+22	1.84e-27	5.19e-21	5.76e-16	4.93e-12	6.80e-09	2.70e-06	4.60e-03	1.43e-01	8.52e-01	0.00e+00	0.00e+00	0.00e+00
 1.54685e+22	2.39e-27	6.51e-21	7.00e-16	5.81e-12	7.75e-09	2.96e-06	4.88e-03	1.47e-01	8.48e-01	0.00e+00	0.00e+00	0.00e+00
 1.57056e+22	3.33e-27	8.68e-21	8.96e-16	7.16e-12	9.15e-09	3.34e-06	5.27e-03	1.52e-01	8.43e-01	0.00e+00	0.00e+00	0.00e+00
 1.59547e+22	4.69e-27	1.17e-20	1.16e-15	8.89e-12	1.09e-08	3.78e-06	5.70e-03	1.58e-01	8.37e-01	0.00e+00	0.00e+00	0.00e+00
 1.61657e+22	6.23e-27	1.49e-20	1.43e-15	1.06e-11	1.25e-08	4.19e-06	6.08e-03	1.62e-01	8.32e-01	0.00e+00	0.00e+00	0.00e+00
 1.63864e+22	8.27e-27	1.91e-20	1.77e-15	1.27e-11	1.45e-08	4.65e-06	6.49e-03	1.67e-01	8.26e-01	0.00e+00	0.00e+00	0.00e+00
 1.66732e+22	1.18e-26	2.61e-20	2.31e-15	1.60e-11	1.74e-08	5.30e-06	7.06e-03	1.73e-01	8.20e-01	0.00e+00	0.00e+00	0.00e+00
 1.69653e+22	1.69e-26	3.56e-20	3.02e-15	2.01e-11	2.09e-08	6.04e-06	7.67e-03	1.80e-01	8.12e-01	0.00e+00	0.00e+00	0.00e+00
 1.71900e+22	2.23e-26	4.51e-20	3.71e-15	2.39e-11	2.40e-08	6.69e-06	8.17e-03	1.85e-01	8.07e-01	0.00e+00	0.00e+00	0.00e+00
 1.73726e+22	2.74e-26	5.40e-20	4.33e-15	2.72e-11	2.67e-08	7.21e-06	8.57e-03	1.89e-01	8.03e-01	0.00e+00	0.00e+00	0.00e+00
 1.75749e+22	3.43e-26	6.57e-20	5.13e-15	3.15e-11	3.00e-08	7.85e-06	9.04e-03	1.93e-01	7.98e-01	0.00e+00	0.00e+00	0.00e+00
 1.78379e+22	4.57e-26	8.43e-20	6.36e-15	3.78e-11	3.48e-08	8.73e-06	9.67e-03	1.99e-01	7.91e-01	0.00e+00	0.00e+00	0.00e+00
 1.81181e+22	6.18e-26	1.10e-19	7.98e-15	4.59e-11	4.07e-08	9.77e-06	1.04e-02	2.05e-01	7.84e-01	0.00e+00	0.00e+00	0.00e+00
 1.83605e+22	7.97e-26	1.37e-19	9.66e-15	5.40e-11	4.64e-08	1.07e-05	1.10e-02	2.11e-01	7.78e-01	0.00e+00	0.00e+00	0.00e+00
 1.86153e+22	1.03e-25	1.71e-19	1.17e-14	6.36e-11	5.30e-08	1.18e-05	1.17e-02	2.16e-01	7.72e-01	0.00e+00	0.00e+00	0.00e+00
 1.89466e+22	1.42e-25	2.26e-19	1.49e-14	7.83e-11	6.27e-08	1.34e-05	1.26e-02	2.23e-01	7.64e-01	0.00e+00	0.00e+00	0.00e+00
 1.92822e+22	1.96e-25	3.00e-19	1.91e-14	9.64e-11	7.41e-08	1.51e-05	1.36e-02	2.30e-01	7.56e-01	0.00e+00	0.00e+00	0.00e+00
 1.95490e+22	2.52e-25	3.72e-19	2.30e-14	1.13e-10	8.44e-08	1.66e-05	1.44e-02	2.36e-01	7.49e-01	0.00e+00	0.00e+00	0.00e+00
 1.97772e+22	3.09e-25	4.45e-19	2.69e-14	1.29e-10	9.40e-08	1.79e-05	1.52e-02	2.41e-01	7.44e-01	0.00e+00	0.00e+00	0.00e+00
 2.00292e+22	3.86e-25	5.40e-19	3.18e-14	1.49e-10	1.06e-07	1.95e-05	1.60e-02	2.46e-01	7.38e-01	0.00e+00	0.00e+00	0.00e+00
 2.03568e+22	5.10e-25	6.88e-19	3.92e-14	1.78e-10	1.22e-07	2.17e-05	1.71e-02	2.53e-01	7.30e-01	0.00e+00	0.00e+00	0.00e+00
 2.06948e+22	6.77e-25	8.81e-19	4.86e-14	2.14e-10	1.42e-07	2.41e-05	1.82e-02	2.60e-01	7.21e-01	0.00e+00	0.00e+00	0.00e+00
 2.09725e+22	8.50e-25	1.07e-18	5.77e-14	2.48e-10	1.60e-07	2.63e-05	1.93e-02	2.66e-01	7.15e-01	0.00e+00	0.00e+00	0.00e+00
 2.12596e+22	1.06e-24	1.31e-18	6.84e-14	2.87e-10	1.80e-07	2.87e-05	2.03e-02	2.72e-01	7.08e-01	0.00e+00	0.00e+00	0.00e+00
 2.16328e+22	1.41e-24	1.68e-18	8.49e-14	3.45e-10	2.09e-07	3.20e-05	2.17e-02	2.79e-01	6.99e-01	0.00e+00	0.00e+00	0.00e+00
 2.20202e+22	1.89e-24	2.16e-18	1.06e-13	4.17e-10	2.43e-07	3.57e-05	2.33e-02	2.87e-01	6.90e-01	0.00e+00	0.00e+00	0.00e+00
 2.23424e+22	2.39e-24	2.65e-18	1.27e-13	4.85e-10	2.75e-07	3.91e-05	2.46e-02	2.93e-01	6.82e-01	0.00e+00	0.00e+00	0.00e+00
 2.26775e+22	3.03e-24	3.25e-18	1.51e-13	5.65e-10	3.11e-07	4.28e-05	2.60e-02	3.00e-01	6.74e-01	0.00e+00	0.00e+00	0.00e+00
 2.31132e+22	4.07e-24	4.21e-18	1.89e-13	6.84e-10	3.64e-07	4.79e-05	2.79e-02	3.08e-01	6.64e-01	0.00e+00	0.00e+00	0.00e+00
 2.35631e+22	5.50e-24	5.48e-18	2.38e-13	8.31e-10	4.26e-07	5.37e-05	2.99e-02	3.16e-01	6.54e-01	0.00e+00	0.00e+00	0.00e+00
 2.39162e+22	6.92e-24	6.70e-18	2.83e-13	9.63e-10	4.81e-07	5.86e-05	3.15e-02	3.23e-01	6.46e-01	0.00e+00	0.00e+00	0.00e+00
 2.42599e+22	8.58e-24	8.08e-18	3.33e-13	1.11e-09	5.38e-07	6.37e-05	3.31e-02	3.29e-01	6.38e-01	0.00e+00	0.00e+00	0.00e+00
 2.47067e+22	1.13e-23	1.02e-17	4.09e-13	1.32e-09	6.21e-07	7.06e-05	3.53e-02	3.37e-01	6.28e-01	0.00e+00	0.00e+00	0.00e+00
 2.51775e+22	1.49e-23	1.31e-17	5.06e-13	1.58e-09	7.19e-07	7.86e-05	3.77e-02	3.45e-01	6.17e-01	0.00e+00	0.00e+00	0.00e+00
 2.55812e+22	1.89e-23	1.61e-17	6.05e-13	1.84e-09	8.13e-07	8.59e-05	3.97e-02	3.52e-01	6.09e-01	0.00e+00	0.00e+00	0.00e+00
 2.60077e+22	2.39e-23	1.98e-17	7.24e-13	2.15e-09	9.21e-07	9.40e-05	4.20e-02	3.59e-01	5.99e-01	0.00e+00	0.00e+00	0.00e+00
 2.65621e+22	3.23e-23	2.57e-17	9.09e-13	2.60e-09	1.08e-06	1.05e-04	4.50e-02	3.67e-01	5.87e-01	0.00e+00	0.00e+00	0.00e+00
 2.71418e+22	4.40e-23	3.37e-17	1.15e-12	3.18e-09	1.26e-06	1.18e-04	4.82e-02	3.76e-01	5.75e-01	0.00e+00	0.00e+00	0.00e+00
 2.76332e+22	5.68e-23	4.21e-17	1.39e-12	3.74e-09	1.44e-06	1.30e-04	5.11e-02	3.84e-01	5.65e-01	0.00e+00	0.00e+00	0.00e+00
 2.80680e+22	7.07e-23	5.09e-17	1.64e-12	4.30e-09	1.62e-06	1.41e-04	5.37e-02	3.90e-01	5.56e-01	0.00e+00	0.00e+00	0.00e+00
 2.85505e+22	8.96e-23	6.26e-17	1.97e-12	5.01e-09	1.83e-06	1.55e-04	5.66e-02	3.97e-01	5.46e-01	0.00e+00	0.00e+00	0.00e+00
 2.91776e+22	1.20e-22	8.06e-17	2.45e-12	6.02e-09	2.12e-06	1.72e-04	6.03e-02	4.06e-01	5.34e-01	0.00e+00	0.00e+00	0.00e+00
 2.98335e+22	1.63e-22	1.06e-16	3.09e-12	7.35e-09	2.49e-06	1.93e-04	6.46e-02	4.14e-01	5.21e-01	0.00e+00	0.00e+00	0.00e+00
 3.03612e+22	2.07e-22	1.30e-16	3.70e-12	8.56e-09	2.82e-06	2.11e-04	6.81e-02	4.21e-01	5.10e-01	0.00e+00	0.00e+00	0.00e+00
 3.08138e+22	2.53e-22	1.55e-16	4.31e-12	9.72e-09	3.12e-06	2.27e-04	7.11e-02	4.27e-01	5.02e-01	0.00e+00	0.00e+00	0.00e+00
 3.13342e+22	3.16e-22	1.88e-16	5.10e-12	1.12e-08	3.50e-06	2.47e-04	7.47e-02	4.33e-01	4.92e-01	0.00e+00	0.00e+00	0.00e+00
 3.20109e+22	4.18e-22	2.40e-16	6.28e-12	1.34e-08	4.04e-06	2.74e-04	7.93e-02	4.41e-01	4.80e-01	0.00e+00	0.00e+00	0.00e+00
 3.27211e+22	5.61e-22	3.10e-16	7.85e-12	1.62e-08	4.70e-06	3.05e-04	8.45e-02	4.49e-01	4.67e-01	0.00e+00	0.00e+00	0.00e+00
 3.33148e+22	7.11e-22	3.81e-16	9.39e-12	1.88e-08	5.31e-06	3.33e-04	8.89e-02	4.55e-01	4.56e-01	0.00e+00	0.00e+00	0.00e+00
 3.39262e+22	9.00e-22	4.68e-16	1.12e-11	2.18e-08	6.00e-06	3.64e-04	9.35e-02	4.61e-01	4.45e-01	0.00e+00	0.00e+00	0.00e+00
 3.47211e+22	1.21e-21	6.04e-16	1.40e-11	2.63e-08	6.96e-06	4.04e-04	9.94e-02	4.68e-01	4.32e-01	0.00e+00	0.00e+00	0.00e+00
 3.55435e+22	1.64e-21	7.90e-16	1.77e-11	3.20e-08	8.17e-06	4.53e-04	1.06e-01	4.76e-01	4.18e-01	0.00e+00	0.00e+00	0.00e+00
 3.62133e+22	2.09e-21	9.74e-16	2.12e-11	3.73e-08	9.24e-06	4.95e-04	1.12e-01	4.81e-01	4.06e-01	0.00e+00	0.00e+00	0.00e+00
 3.68957e+22	2.64e-21	1.20e-15	2.53e-11	4.34e-08	1.04e-05	5.40e-04	1.17e-01	4.87e-01	3.95e-01	0.00e+00	0.00e+00	0.00e+00
 3.77829e+22	3.55e-21	1.55e-15	3.16e-11	5.24e-08	1.21e-05	6.02e-04	1.25e-01	4.93e-01	3.82e-01	0.00e+00	0.00e+00	0.00e+00
 3.87141e+22	4.83e-21	2.02e-15	3.99e-11	6.38e-08	1.42e-05	6.74e-04	1.33e-01	4.99e-01	3.67e-01	0.00e+00	0.00e+00	0.00e+00
 3.94430e+22	6.12e-21	2.49e-15	4.77e-11	7.42e-08	1.61e-05	7.35e-04	1.39e-01	5.04e-01	3.56e-01	0.00e+00	0.00e+00	0.00e+00
 4.00224e+22	7.33e-21	2.91e-15	5.47e-11	8.34e-08	1.76e-05	7.86e-04	1.44e-01	5.07e-01	3.47e-01	0.00e+00	0.00e+00	0.00e+00
 4.06671e+22	8.90e-21	3.45e-15	6.34e-11	9.45e-08	1.95e-05	8.45e-04	1.50e-01	5.11e-01	3.38e-01	0.00e+00	0.00e+00	0.00e+00
 4.15053e+22	1.14e-20	4.27e-15	7.62e-11	1.10e-07	2.21e-05	9.23e-04	1.58e-01	5.14e-01	3.27e-01	0.00e+00	0.00e+00	0.00e+00
 4.24178e+22	1.48e-20	5.39e-15	9.34e-11	1.31e-07	2.55e-05	1.02e-03	1.67e-01	5.18e-01	3.14e-01	0.00e+00	0.00e+00	0.00e+00
 4.32231e+22	1.86e-20	6.57e-15	1.11e-10	1.52e-07	2.87e-05	1.11e-03	1.75e-01	5.21e-01	3.03e-01	0.00e+00	0.00e+00	0.00e+00
 4.40663e+22	2.34e-20	8.01e-15	1.32e-10	1.76e-07	3.24e-05	1.21e-03	1.83e-01	5.24e-01	2.92e-01	0.00e+00	0.00e+00	0.00e+00
 4.51624e+22	3.10e-20	1.03e-14	1.64e-10	2.12e-07	3.76e-05	1.35e-03	1.94e-01	5.27e-01	2.78e-01	0.00e+00	0.00e+00	0.00e+00
 4.62744e+22	4.14e-20	1.32e-14	2.05e-10	2.56e-07	4.38e-05	1.50e-03	2.05e-01	5.29e-01	2.65e-01	0.00e+00	0.00e+00	0.00e+00
 4.71550e+22	5.16e-20	1.60e-14	2.42e-10	2.96e-07	4.93e-05	1.63e-03	2.14e-01	5.30e-01	2.54e-01	0.00e+00	0.00e+00	0.00e+00
 4.80477e+22	6.37e-20	1.93e-14	2.85e-10	3.40e-07	5.53e-05	1.77e-03	2.23e-01	5.31e-01	2.44e-01	0.00e+00	0.00e+00	0.00e+00
 4.92082e+22	8.28e-20	2.42e-14	3.49e-10	4.05e-07	6.37e-05	1.96e-03	2.35e-01	5.31e-01	2.32e-01	0.00e+00	0.00e+00	0.00e+00
 5.04437e+22	1.09e-19	3.09e-14	4.33e-10	4.88e-07	7.42e-05	2.18e-03	2.49e-01	5.30e-01	2.19e-01	0.00e+00	0.00e+00	0.00e+00
 5.14979e+22	1.37e-19	3.78e-14	5.18e-10	5.70e-07	8.44e-05	2.39e-03	2.60e-01	5.29e-01	2.08e-01	0.00e+00	0.00e+00	0.00e+00
 5.25896e+22	1.71e-19	4.59e-14	6.14e-10	6.61e-07	9.52e-05	2.61e-03	2.72e-01	5.28e-01	1.98e-01	0.00e+00	0.00e+00	0.00e+00
 5.40089e+22	2.25e-19	5.83e-14	7.61e-10	7.96e-07	1.11e-04	2.91e-03	2.87e-01	5.25e-01	1.85e-01	0.00e+00	0.00e+00	0.00e+00
 5.54646e+22	2.96e-19	7.45e-14	9.48e-10	9.64e-07	1.30e-04	3.26e-03	3.03e-01	5.21e-01	1.72e-01	0.00e+00	0.00e+00	0.00e+00
 5.66360e+22	3.67e-19	8.99e-14	1.12e-09	1.12e-06	1.48e-04	3.56e-03	3.17e-01	5.17e-01	1.62e-01	0.00e+00	0.00e+00	0.00e+00
 5.76331e+22	4.35e-19	1.05e-13	1.29e-09	1.26e-06	1.63e-04	3.82e-03	3.27e-01	5.14e-01	1.55e-01	0.00e+00	0.00e+00	0.00e+00
 5.87355e+22	5.20e-19	1.23e-13	1.49e-09	1.43e-06	1.81e-04	4.13e-03	3.39e-01	5.10e-01	1.47e-01	0.00e+00	0.00e+00	0.00e+00
 6.01686e+22	6.47e-19	1.49e-13	1.77e-09	1.68e-06	2.07e-04	4.54e-03	3.55e-01	5.04e-01	1.37e-01	0.00e+00	0.00e+00	0.00e+00
 6.16860e+22	8.13e-19	1.83e-13	2.14e-09	1.98e-06	2.38e-04	5.02e-03	3.71e-01	4.97e-01	1.27e-01	0.00e+00	0.00e+00	0.00e+00
 6.29806e+22	9.78e-19	2.15e-13	2.49e-09	2.27e-06	2.67e-04	5.46e-03	3.86e-01	4.90e-01	1.19e-01	0.00e+00	0.00e+00	0.00e+00
 6.41343e+22	1.14e-18	2.48e-13	2.84e-09	2.55e-06	2.94e-04	5.86e-03	3.98e-01	4.84e-01	1.12e-01	0.00e+00	0.00e+00	0.00e+00
 6.54372e+22	1.34e-18	2.87e-13	3.25e-09	2.89e-06	3.26e-04	6.31e-03	4.11e-01	4.77e-01	1.05e-01	0.00e+00	0.00e+00	0.00e+00
 6.71308e+22	1.64e-18	3.43e-13	3.84e-09	3.36e-06	3.71e-04	6.94e-03	4.28e-01	4.67e-01	9.70e-02	0.00e+00	0.00e+00	0.00e+00
 6.88908e+22	2.01e-18	4.12e-13	4.57e-09	3.94e-06	4.24e-04	7.65e-03	4.46e-01	4.57e-01	8.88e-02	0.00e+00	0.00e+00	0.00e+00
 7.03368e+22	2.35e-18	4.77e-13	5.24e-09	4.47e-06	4.72e-04	8.27e-03	4.61e-01	4.48e-01	8.26e-02	0.00e+00	0.00e+00	0.00e+00
 7.18166e+22	2.72e-18	5.44e-13	5.94e-09	5.02e-06	5.21e-04	8.89e-03	4.75e-01	4.39e-01	7.70e-02	0.00e+00	0.00e+00	0.00e+00
 7.37402e+22	3.24e-18	6.40e-13	6.95e-09	5.80e-06	5.89e-04	9.73e-03	4.92e-01	4.27e-01	7.02e-02	0.00e+00	0.00e+00	0.00e+00
 7.57690e+22	3.90e-18	7.58e-13	8.18e-09	6.75e-06	6.69e-04	1.07e-02	5.11e-01	4.14e-01	6.36e-02	0.00e+00	0.00e+00	0.00e+00
 7.74810e+22	4.51e-18	8.69e-13	9.34e-09	7.63e-06	7.42e-04	1.15e-02	5.26e-01	4.03e-01	5.85e-02	0.00e+00	0.00e+00	0.00e+00
 7.92533e+22	5.16e-18	9.84e-13	1.05e-08	8.55e-06	8.17e-04	1.24e-02	5.40e-01	3.93e-01	5.39e-02	0.00e+00	0.00e+00	0.00e+00
 8.15572e+22	6.06e-18	1.15e-12	1.23e-08	9.86e-06	9.20e-04	1.35e-02	5.58e-01	3.79e-01	4.86e-02	0.00e+00	0.00e+00	0.00e+00
 8.39996e+22	7.22e-18	1.35e-12	1.44e-08	1.14e-05	1.04e-03	1.48e-02	5.76e-01	3.64e-01	4.34e-02	0.00e+00	0.00e+00	0.00e+00
 8.60909e+22	8.22e-18	1.53e-12	1.63e-08	1.29e-05	1.15e-03	1.60e-02	5.92e-01	3.51e-01	3.93e-02	0.00e+00	0.00e+00	0.00e+00
 8.78059e+22	9.20e-18	1.70e-12	1.81e-08	1.43e-05	1.25e-03	1.70e-02	6.04e-01	3.42e-01	3.64e-02	0.00e+00	0.00e+00	0.00e+00
 8.95627e+22	1.01e-17	1.87e-12	1.99e-08	1.56e-05	1.35e-03	1.80e-02	6.15e-01	3.32e-01	3.38e-02	0.00e+00	0.00e+00	0.00e+00
 9.18466e+22	1.14e-17	2.10e-12	2.24e-08	1.74e-05	1.47e-03	1.92e-02	6.29e-01	3.20e-01	3.07e-02	0.00e+00	0.00e+00	0.00e+00
 9.43433e+22	1.30e-17	2.38e-12	2.54e-08	1.96e-05	1.62e-03	2.07e-02	6.43e-01	3.07e-01	2.76e-02	0.00e+00	0.00e+00	0.00e+00
 9.65724e+22	1.45e-17	2.65e-12	2.84e-08	2.18e-05	1.77e-03	2.21e-02	6.56e-01	2.95e-01	2.50e-02	0.00e+00	0.00e+00	0.00e+00
 9.86075e+22	1.61e-17	2.92e-12	3.12e-08	2.39e-05	1.90e-03	2.33e-02	6.66e-01	2.86e-01	2.31e-02	0.00e+00	0.00e+00	0.00e+00
 1.00935e+23	1.77e-17	3.21e-12	3.45e-08	2.62e-05	2.05e-03	2.46e-02	6.77e-01	2.75e-01	2.11e-02	0.00e+00	0.00e+00	0.00e+00
 1.03960e+23	2.00e-17	3.62e-12	3.89e-08	2.94e-05	2.24e-03	2.64e-02	6.90e-01	2.62e-01	1.88e-02	0.00e+00	0.00e+00	0.00e+00
 1.07134e+23	2.28e-17	4.12e-12	4.44e-08	3.33e-05	2.48e-03	2.84e-02	7.04e-01	2.49e-01	1.66e-02	2.28e-17	1.44e-22	1.49e-22
 1.09748e+23	2.53e-17	4.57e-12	4.94e-08	3.67e-05	2.67e-03	3.00e-02	7.14e-01	2.38e-01	1.50e-02	2.53e-17	1.57e-22	1.63e-22
 1.12394e+23	2.75e-17	4.98e-12	5.41e-08	4.01e-05	2.86e-03	3.16e-02	7.23e-01	2.28e-01	1.37e-02	2.75e-17	1.67e-22	1.74e-22
 1.15835e+23	3.09e-17	5.58e-12	6.06e-08	4.45e-05	3.11e-03	3.36e-02	7.34e-01	2.17e-01	1.22e-02	3.09e-17	1.82e-22	1.90e-22
 1.19628e+23	3.49e-17	6.32e-12	6.89e-08	5.02e-05	3.40e-03	3.60e-02	7.45e-01	2.04e-01	1.07e-02	3.49e-17	2.01e-22	2.09e-22
 1.23011e+23	3.88e-17	7.04e-12	7.71e-08	5.57e-05	3.69e-03	3.82e-02	7.55e-01	1.94e-01	9.49e-03	3.88e-17	2.18e-22	2.27e-22
 1.26011e+23	4.25e-17	7.71e-12	8.45e-08	6.05e-05	3.92e-03	4.00e-02	7.62e-01	1.85e-01	8.63e-03	4.25e-17	2.34e-22	2.44e-22
 1.29381e+23	4.63e-17	8.42e-12	9.26e-08	6.59e-05	4.18e-03	4.20e-02	7.69e-01	1.77e-01	7.78e-03	4.63e-17	2.47e-22	2.59e-22
 1.33763e+23	5.17e-17	9.40e-12	1.03e-07	7.28e-05	4.51e-03	4.44e-02	7.77e-01	1.67e-01	6.88e-03	5.17e-17	2.67e-22	2.80e-22
 1.39027e+23	5.80e-17	1.06e-11	1.18e-07	8.20e-05	4.93e-03	4.74e-02	7.87e-01	1.55e-01	5.91e-03	5.80e-17	2.87e-22	3.02e-22
 1.44166e+23	6.57e-17	1.21e-11	1.34e-07	9.24e-05	5.38e-03	5.06e-02	7.94e-01	1.44e-01	5.10e-03	6.57e-17	3.15e-22	3.32e-22
 1.48570e+23	7.26e-17	1.34e-11	1.49e-07	1.01e-04	5.76e-03	5.32e-02	8.00e-01	1.36e-01	4.53e-03	7.26e-17	3.38e-22	3.56e-22
 1.53287e+23	7.86e-17	1.46e-11	1.63e-07	1.10e-04	6.12e-03	5.58e-02	8.05e-01	1.29e-01	4.03e-03	7.86e-17	3.53e-22	3.73e-22
 1.59134e+23	8.74e-17	1.63e-11	1.82e-07	1.21e-04	6.57e-03	5.87e-02	8.11e-01	1.21e-01	3.53e-03	8.74e-17	3.75e-22	3.97e-22
 1.65623e+23	9.66e-17	1.82e-11	2.05e-07	1.35e-04	7.09e-03	6.23e-02	8.16e-01	1.12e-01	3.03e-03	9.66e-17	3.96e-22	4.20e-22
 1.71657e+23	1.07e-16	2.04e-11	2.30e-07	1.49e-04	7.61e-03	6.57e-02	8.20e-01	1.04e-01	2.64e-03	1.07e-16	4.24e-22	4.50e-22
 1.76876e+23	1.16e-16	2.23e-11	2.52e-07	1.61e-04	8.06e-03	6.85e-02	8.22e-01	9.85e-02	2.36e-03	1.16e-16	4.44e-22	4.72e-22
 1.82609e+23	1.24e-16	2.38e-11	2.70e-07	1.71e-04	8.43e-03	7.10e-02	8.25e-01	9.35e-02	2.13e-03	1.24e-16	4.51e-22	4.80e-22
 1.89629e+23	1.33e-16	2.59e-11	2.95e-07	1.84e-04	8.90e-03	7.40e-02	8.27e-01	8.78e-02	1.88e-03	1.33e-16	4.62e-22	4.92e-22
 1.97337e+23	1.45e-16	2.84e-11	3.24e-07	2.00e-04	9.44e-03	7.74e-02	8.29e-01	8.20e-02	1.65e-03	1.45e-16	4.76e-22	5.07e-22
 2.05354e+23	1.56e-16	3.10e-11	3.55e-07	2.16e-04	9.96e-03	8.07e-02	8.31e-01	7.69e-02	1.45e-03	1.56e-16	4.86e-22	5.18e-22
 2.13692e+23	1.67e-16	3.35e-11	3.85e-07	2.31e-04	1.05e-02	8.39e-02	8.32e-01	7.22e-02	1.29e-03	1.67e-16	4.91e-22	5.25e-22
 2.22319e+23	1.78e-16	3.61e-11	4.16e-07	2.46e-04	1.10e-02	8.70e-02	8.33e-01	6.80e-02	1.15e-03	1.78e-16	4.93e-22	5.27e-22
 2.30636e+23	1.90e-16	3.89e-11	4.50e-07	2.62e-04	1.15e-02	9.02e-02	8.33e-01	6.42e-02	1.03e-03	1.90e-16	4.99e-22	5.34e-22
 2.38120e+23	2.00e-16	4.13e-11	4.78e-07	2.75e-04	1.19e-02	9.27e-02	8.33e-01	6.13e-02	9.45e-04	2.00e-16	5.02e-22	5.38e-22
 2.44856e+23	2.08e-16	4.34e-11	5.03e-07	2.87e-04	1.23e-02	9.51e-02	8.33e-01	5.88e-02	8.73e-04	2.08e-16	5.00e-22	5.36e-22
 2.50919e+23	2.16e-16	4.53e-11	5.27e-07	2.98e-04	1.26e-02	9.71e-02	8.32e-01	5.68e-02	8.17e-04	2.16e-16	5.00e-22	5.36e-22
 2.56375e+23	2.20e-16	4.67e-11	5.44e-07	3.06e-04	1.28e-02	9.87e-02	8.32e-01	5.52e-02	7.74e-04	2.20e-16	4.93e-22	5.29e-22
 2.61286e+23	2.26e-16	4.80e-11	5.60e-07	3.13e-04	1.31e-02	1.00e-01	8.32e-01	5.38e-02	7.39e-04	2.26e-16	4.90e-22	5.25e-22
 2.65705e+23	2.30e-16	4.92e-11	5.74e-07	3.19e-04	1.33e-02	1.01e-01	8.32e-01	5.27e-02	7.10e-04	2.30e-16	4.85e-22	5.21e-22
 2.69683e+23	2.33e-16	5.01e-11	5.85e-07	3.24e-04	1.34e-02	1.02e-01	8.32e-01	5.17e-02	6.86e-04	2.33e-16	4.80e-22	5.15e-22
 2.73263e+23	2.36e-16	5.09e-11	5.96e-07	3.29e-04	1.36e-02	1.03e-01	8.31e-01	5.09e-02	6.66e-04	2.36e-16	4.75e-22	5.10e-22
 2.76486e+23	2.39e-16	5.16e-11	6.05e-07	3.32e-04	1.37e-02	1.04e-01	8.31e-01	5.02e-02	6.50e-04	2.39e-16	4.71e-22	5.07e-22
 2.79541e+23	2.39e-16	5.19e-11	6.09e-07	3.34e-04	1.37e-02	1.04e-01	8.31e-01	4.97e-02	6.38e-04	2.39e-16	4.63e-22	4.97e-22
 2.82596e+23	2.40e-16	5.23e-11	6.14e-07	3.37e-04	1.38e-02	1.05e-01	8.31e-01	4.92e-02	6.25e-04	2.40e-16	4.55e-22	4.89e-22
 2.85650e+23	2.41e-16	5.26e-11	6.19e-07	3.39e-04	1.39e-02	1.05e-01	8.31e-01	4.87e-02	6.13e-04	2.41e-16	4.47e-22	4.81e-22
 2.88705e+23	2.41e-16	5.29e-11	6.23e-07	3.40e-04	1.40e-02	1.06e-01	8.31e-01	4.82e-02	6.02e-04	2.41e-16	4.40e-22	4.72e-22
 2.91760e+23	2.42e-16	5.31e-11	6.27e-07	3.42e-04	1.40e-02	1.06e-01	8.31e-01	4.77e-02	5.91e-04	2.42e-16	4.32e-22	4.64e-22
 2.94815e+23	2.42e-16	5.32e-11	6.30e-07	3.43e-04	1.40e-02	1.07e-01	8.31e-01	4.73e-02	5.82e-04	2.42e-16	4.23e-22	4.55e-22
 2.97870e+23	2.41e-16	5.33e-11	6.32e-07	3.44e-04	1.41e-02	1.07e-01	8.31e-01	4.69e-02	5.74e-04	2.41e-16	4.14e-22	4.45e-22
 3.00925e+23	2.41e-16	5.34e-11	6.34e-07	3.45e-04	1.41e-02	1.07e-01	8.31e-01	4.66e-02	5.65e-04	2.41e-16	4.05e-22	4.36e-22
 3.03967e+23	2.41e-16	5.35e-11	6.36e-07	3.46e-04	1.42e-02	1.08e-01	8.31e-01	4.62e-02	5.57e-04	2.41e-16	3.97e-22	4.27e-22
