#depth	S	S+	S+2	S+3	S+4	S+5	S+6	S+7	S+8	S+9	S+10	S+11	S+12	S+13	S+14	S+15	S+16
 6.17135e+19	0.00e+00	0.00e+00	0.00e+00	0.00e+00	0.00e+00	1.17e-31	7.29e-27	1.02e-22	5.13e-19	9.28e-16	7.85e-13	3.23e-10	9.22e-08	1.94e-05	7.50e-03	1.47e-01	8.46e-01
 1.87609e+20	0.00e+00	0.00e+00	0.00e+00	0.00e+00	0.00e+00	3.20e-31	1.83e-26	2.33e-22	1.07e-18	1.77e-15	1.37e-12	5.15e-10	1.33e-07	2.56e-05	8.94e-03	1.59e-01	8.32e-01
 3.18540e+20	0.00e+00	0.00e+00	0.00e+00	0.00e+00	0.00e+00	8.84e-31	4.61e-26	5.37e-22	2.25e-18	3.40e-15	2.41e-12	8.26e-10	1.94e-07	3.37e-05	1.07e-02	1.72e-01	8.17e-01
 4.54709e+20	0.00e+00	0.00e+00	0.00e+00	0.00e+00	0.00e+00	2.46e-30	1.17e-25	1.25e-21	4.76e-18	6.57e-15	4.26e-12	1.33e-09	2.82e-07	4.45e-05	1.27e-02	1.86e-01	8.01e-01
 5.47535e+20	0.00e+00	0.00e+00	0.00e+00	0.00e+00	0.00e+00	4.87e-30	2.19e-25	2.19e-21	7.87e-18	1.02e-14	6.25e-12	1.84e-09	3.63e-07	5.36e-05	1.43e-02	1.96e-01	7.90e-01
 5.82109e+20	0.00e+00	0.00e+00	0.00e+00	0.00e+00	0.00e+00	6.29e-30	2.77e-25	2.71e-21	9.51e-18	1.21e-14	7.22e-12	2.08e-09	3.99e-07	5.76e-05	1.50e-02	2.00e-01	7.85e-01
 6.07795e+20	0.00e+00	0.00e+00	0.00e+00	0.00e+00	0.00e+00	7.50e-30	3.25e-25	3.13e-21	1.08e-17	1.35e-14	7.96e-12	2.25e-09	4.26e-07	6.04e-05	1.54e-02	2.02e-01	7.82e-01
 6.41186e+20	0.00e+00	0.00e+00	0.00e+00	0.00e+00	0.00e+00	9.51e-30	4.03e-25	3.80e-21	1.29e-17	1.57e-14	9.10e-12	2.52e-09	4.65e-07	6.44e-05	1.61e-02	2.06e-01	7.78e-01
 6.84596e+20	0.00e+00	0.00e+00	0.00e+00	0.00e+00	0.00e+00	1.29e-29	5.33e-25	4.89e-21	1.61e-17	1.92e-14	1.08e-11	2.91e-09	5.21e-07	7.00e-05	1.70e-02	2.11e-01	7.72e-01
 7.41027e+20	0.00e+00	0.00e+00	0.00e+00	0.00e+00	0.00e+00	1.91e-29	7.63e-25	6.76e-21	2.15e-17	2.47e-14	1.35e-11	3.51e-09	6.02e-07	7.80e-05	1.81e-02	2.17e-01	7.65e-01
 8.02671e+20	0.00e+00	0.00e+00	0.00e+00	0.00e+00	0.00e+00	2.92e-29	1.12e-24	9.60e-21	2.94e-17	3.26e-14	1.71e-11	4.29e-09	7.05e-07	8.76e-05	1.95e-02	2.23e-01	7.57e-01
 8.56252e+20	0.00e+00	0.00e+00	0.00e+00	0.00e+00	0.00e+00	4.20e-29	1.57e-24	1.30e-20	3.85e-17	4.13e-14	2.10e-11	5.10e-09	8.07e-07	9.67e-05	2.08e-02	2.29e-01	7.50e-01
 9.02865e+20	0.00e+00	0.00e+00	0.00e+00	0.00e+00	0.00e+00	5.75e-29	2.09e-24	1.68e-20	4.86e-17	5.07e-14	2.51e-11	5.92e-09	9.08e-07	1.05e-04	2.19e-02	2.35e-01	7.43e-01
 9.55258e+20	0.00e+00	0.00e+00	0.00e+00	0.00e+00	0.00e+00	8.08e-29	2.85e-24	2.23e-20	6.24e-17	6.32e-14	3.04e-11	6.96e-09	1.03e-06	1.16e-04	2.32e-02	2.40e-01	7.36e-01
 1.02337e+21	0.00e+00	0.00e+00	0.00e+00	0.00e+00	0.00e+00	1.27e-28	4.31e-24	3.24e-20	8.71e-17	8.48e-14	3.93e-11	8.64e-09	1.22e-06	1.31e-04	2.51e-02	2.48e-01	7.27e-01
 1.09144e+21	0.00e+00	0.00e+00	0.00e+00	0.00e+00	0.00e+00	1.97e-28	6.45e-24	4.66e-20	1.21e-16	1.13e-13	5.05e-11	1.07e-08	1.44e-06	1.48e-04	2.71e-02	2.56e-01	7.17e-01
 1.14281e+21	0.00e+00	0.00e+00	0.00e+00	0.00e+00	6.05e-33	2.73e-28	8.71e-24	6.11e-20	1.54e-16	1.40e-13	6.08e-11	1.25e-08	1.63e-06	1.62e-04	2.86e-02	2.62e-01	7.10e-01
 1.19293e+21	0.00e+00	0.00e+00	0.00e+00	0.00e+00	8.60e-33	3.73e-28	1.16e-23	7.94e-20	1.94e-16	1.72e-13	7.28e-11	1.45e-08	1.83e-06	1.76e-04	3.02e-02	2.67e-01	7.02e-01
 1.25809e+21	0.00e+00	0.00e+00	0.00e+00	0.00e+00	1.35e-32	5.59e-28	1.68e-23	1.11e-19	2.62e-16	2.24e-13	9.18e-11	1.76e-08	2.13e-06	1.97e-04	3.24e-02	2.75e-01	6.93e-01
 1.32562e+21	0.00e+00	0.00e+00	0.00e+00	0.00e+00	2.15e-32	8.44e-28	2.46e-23	1.57e-19	3.57e-16	2.95e-13	1.16e-10	2.16e-08	2.49e-06	2.21e-04	3.47e-02	2.82e-01	6.83e-01
 1.38146e+21	0.00e+00	0.00e+00	0.00e+00	0.00e+00	3.14e-32	1.18e-27	3.35e-23	2.07e-19	4.59e-16	3.68e-13	1.41e-10	2.54e-08	2.83e-06	2.42e-04	3.67e-02	2.89e-01	6.74e-01
 1.43931e+21	0.00e+00	0.00e+00	0.00e+00	0.00e+00	4.62e-32	1.67e-27	4.59e-23	2.76e-19	5.93e-16	4.61e-13	1.72e-10	3.00e-08	3.22e-06	2.66e-04	3.89e-02	2.95e-01	6.66e-01
 1.51451e+21	0.00e+00	0.00e+00	0.00e+00	0.00e+00	7.58e-32	2.58e-27	6.88e-23	3.98e-19	8.25e-16	6.17e-13	2.22e-10	3.72e-08	3.81e-06	3.01e-04	4.19e-02	3.04e-01	6.54e-01
 1.58779e+21	0.00e+00	0.00e+00	0.00e+00	0.00e+00	1.22e-31	3.94e-27	1.02e-22	5.67e-19	1.13e-15	8.17e-13	2.84e-10	4.57e-08	4.47e-06	3.38e-04	4.50e-02	3.12e-01	6.43e-01
 1.64201e+21	0.00e+00	0.00e+00	0.00e+00	0.00e+00	1.73e-31	5.36e-27	1.35e-22	7.34e-19	1.43e-15	1.00e-12	3.40e-10	5.32e-08	5.02e-06	3.68e-04	4.74e-02	3.18e-01	6.35e-01
 1.69593e+21	0.00e+00	0.00e+00	0.00e+00	0.00e+00	2.42e-31	7.23e-27	1.78e-22	9.44e-19	1.79e-15	1.23e-12	4.05e-10	6.17e-08	5.64e-06	3.99e-04	4.98e-02	3.23e-01	6.26e-01
 1.76601e+21	0.00e+00	0.00e+00	0.00e+00	0.00e+00	3.74e-31	1.06e-26	2.54e-22	1.31e-18	2.39e-15	1.59e-12	5.07e-10	7.46e-08	6.53e-06	4.44e-04	5.31e-02	3.31e-01	6.15e-01
 1.83972e+21	0.00e+00	0.00e+00	0.00e+00	0.00e+00	5.88e-31	1.58e-26	3.67e-22	1.83e-18	3.24e-15	2.07e-12	6.41e-10	9.09e-08	7.61e-06	4.96e-04	5.67e-02	3.39e-01	6.04e-01
 1.90234e+21	0.00e+00	0.00e+00	0.00e+00	0.00e+00	8.57e-31	2.21e-26	4.99e-22	2.42e-18	4.17e-15	2.59e-12	7.80e-10	1.07e-07	8.65e-06	5.44e-04	5.99e-02	3.45e-01	5.94e-01
 1.96794e+21	0.00e+00	0.00e+00	0.00e+00	0.00e+00	1.26e-30	3.11e-26	6.86e-22	3.23e-18	5.41e-15	3.26e-12	9.55e-10	1.27e-07	9.86e-06	5.97e-04	6.34e-02	3.52e-01	5.84e-01
 2.04024e+21	0.00e+00	0.00e+00	0.00e+00	0.00e+00	1.92e-30	4.51e-26	9.68e-22	4.42e-18	7.18e-15	4.19e-12	1.19e-09	1.53e-07	1.14e-05	6.62e-04	6.74e-02	3.59e-01	5.73e-01
 2.10648e+21	0.00e+00	0.00e+00	0.00e+00	0.00e+00	2.81e-30	6.31e-26	1.32e-21	5.87e-18	9.27e-15	5.25e-12	1.45e-09	1.81e-07	1.29e-05	7.25e-04	7.11e-02	3.66e-01	5.62e-01
 2.16684e+21	0.00e+00	0.00e+00	0.00e+00	0.00e+00	3.95e-30	8.52e-26	1.74e-21	7.57e-18	1.17e-14	6.44e-12	1.73e-09	2.10e-07	1.45e-05	7.88e-04	7.47e-02	3.71e-01	5.53e-01
 2.23430e+21	0.00e+00	0.00e+00	0.00e+00	0.00e+00	5.73e-30	1.18e-25	2.37e-21	1.00e-17	1.50e-14	8.04e-12	2.11e-09	2.48e-07	1.65e-05	8.62e-04	7.87e-02	3.78e-01	5.43e-01
 2.30970e+21	0.00e+00	0.00e+00	0.00e+00	0.00e+00	8.64e-30	1.70e-25	3.32e-21	1.36e-17	1.98e-14	1.03e-11	2.61e-09	2.97e-07	1.90e-05	9.51e-04	8.34e-02	3.85e-01	5.31e-01
 2.38010e+21	0.00e+00	0.00e+00	0.00e+00	0.00e+00	1.26e-29	2.37e-25	4.51e-21	1.80e-17	2.55e-14	1.29e-11	3.19e-09	3.51e-07	2.16e-05	1.04e-03	8.79e-02	3.91e-01	5.20e-01
 2.44598e+21	0.00e+00	0.00e+00	0.00e+00	0.00e+00	1.78e-29	3.21e-25	6.00e-21	2.34e-17	3.23e-14	1.59e-11	3.82e-09	4.09e-07	2.42e-05	1.13e-03	9.22e-02	3.96e-01	5.10e-01
 2.52132e+21	0.00e+00	0.00e+00	0.00e+00	0.00e+00	2.62e-29	4.52e-25	8.24e-21	3.13e-17	4.19e-14	2.00e-11	4.69e-09	4.85e-07	2.76e-05	1.24e-03	9.73e-02	4.02e-01	4.99e-01
 2.60230e+21	0.00e+00	0.00e+00	0.00e+00	0.00e+00	3.95e-29	6.48e-25	1.15e-20	4.26e-17	5.54e-14	2.56e-11	5.82e-09	5.82e-07	3.18e-05	1.37e-03	1.03e-01	4.09e-01	4.87e-01
 2.67359e+21	0.00e+00	0.00e+00	0.00e+00	0.00e+00	5.63e-29	8.85e-25	1.54e-20	5.56e-17	7.04e-14	3.17e-11	7.01e-09	6.80e-07	3.58e-05	1.49e-03	1.08e-01	4.14e-01	4.77e-01
 2.74926e+21	0.00e+00	0.00e+00	0.00e+00	0.00e+00	8.13e-29	1.22e-24	2.09e-20	7.33e-17	9.04e-14	3.95e-11	8.50e-09	8.00e-07	4.05e-05	1.62e-03	1.13e-01	4.19e-01	4.66e-01
 2.83418e+21	0.00e+00	0.00e+00	0.00e+00	0.00e+00	1.22e-28	1.75e-24	2.91e-20	9.95e-17	1.19e-13	5.04e-11	1.05e-08	9.56e-07	4.64e-05	1.78e-03	1.20e-01	4.25e-01	4.54e-01
 2.91414e+21	0.00e+00	0.00e+00	0.00e+00	4.65e-33	1.77e-28	2.43e-24	3.96e-20	1.32e-16	1.54e-13	6.31e-11	1.28e-08	1.13e-06	5.26e-05	1.94e-03	1.26e-01	4.30e-01	4.43e-01
 2.98946e+21	0.00e+00	0.00e+00	0.00e+00	6.85e-33	2.50e-28	3.29e-24	5.26e-20	1.71e-16	1.94e-13	7.77e-11	1.54e-08	1.31e-06	5.91e-05	2.10e-03	1.31e-01	4.34e-01	4.32e-01
 3.07575e+21	0.00e+00	0.00e+00	0.00e+00	1.06e-32	3.68e-28	4.62e-24	7.23e-20	2.29e-16	2.53e-13	9.81e-11	1.88e-08	1.55e-06	6.72e-05	2.30e-03	1.38e-01	4.39e-01	4.21e-01
 3.17228e+21	0.00e+00	0.00e+00	0.00e+00	1.70e-32	5.62e-28	6.71e-24	1.03e-19	3.16e-16	3.38e-13	1.27e-10	2.35e-08	1.87e-06	7.74e-05	2.53e-03	1.46e-01	4.44e-01	4.08e-01
 3.25841e+21	0.00e+00	0.00e+00	0.00e+00	2.58e-32	8.15e-28	9.30e-24	1.39e-19	4.18e-16	4.36e-13	1.58e-10	2.86e-08	2.20e-06	8.76e-05	2.76e-03	1.52e-01	4.48e-01	3.97e-01
 3.33296e+21	0.00e+00	0.00e+00	0.00e+00	3.67e-32	1.12e-27	1.23e-23	1.80e-19	5.30e-16	5.40e-13	1.91e-10	3.37e-08	2.52e-06	9.72e-05	2.96e-03	1.58e-01	4.51e-01	3.87e-01
 3.41616e+21	0.00e+00	0.00e+00	0.00e+00	5.40e-32	1.57e-27	1.66e-23	2.39e-19	6.87e-16	6.82e-13	2.35e-10	4.04e-08	2.93e-06	1.09e-04	3.20e-03	1.65e-01	4.54e-01	3.77e-01
 3.52431e+21	0.00e+00	0.00e+00	0.00e+00	8.82e-32	2.44e-27	2.44e-23	3.44e-19	9.57e-16	9.20e-13	3.06e-10	5.08e-08	3.54e-06	1.26e-04	3.52e-03	1.74e-01	4.58e-01	3.64e-01
 3.63510e+21	0.00e+00	0.00e+00	0.00e+00	1.44e-31	3.78e-27	3.59e-23	4.94e-19	1.34e-15	1.24e-12	3.99e-10	6.39e-08	4.28e-06	1.45e-04	3.88e-03	1.83e-01	4.62e-01	3.51e-01
 3.72571e+21	0.00e+00	0.00e+00	0.00e+00	2.14e-31	5.37e-27	4.89e-23	6.60e-19	1.74e-15	1.58e-12	4.93e-10	7.67e-08	4.98e-06	1.63e-04	4.19e-03	1.91e-01	4.64e-01	3.41e-01
 3.81989e+21	0.00e+00	0.00e+00	0.00e+00	3.20e-31	7.68e-27	6.70e-23	8.87e-19	2.28e-15	2.02e-12	6.11e-10	9.24e-08	5.81e-06	1.83e-04	4.53e-03	1.99e-01	4.66e-01	3.30e-01
 3.94232e+21	0.00e+00	0.00e+00	0.00e+00	5.31e-31	1.21e-26	9.99e-23	1.29e-18	3.22e-15	2.75e-12	8.02e-10	1.17e-07	7.06e-06	2.11e-04	4.99e-03	2.09e-01	4.68e-01	3.17e-01
 4.06721e+21	0.00e+00	0.00e+00	0.00e+00	8.83e-31	1.90e-26	1.49e-22	1.88e-18	4.54e-15	3.75e-12	1.05e-09	1.48e-07	8.56e-06	2.44e-04	5.50e-03	2.20e-01	4.70e-01	3.04e-01
 4.16413e+21	0.00e+00	0.00e+00	0.00e+00	1.30e-30	2.68e-26	2.02e-22	2.50e-18	5.90e-15	4.74e-12	1.29e-09	1.77e-07	9.91e-06	2.73e-04	5.92e-03	2.28e-01	4.71e-01	2.94e-01
 4.25896e+21	0.00e+00	0.00e+00	0.00e+00	1.88e-30	3.73e-26	2.70e-22	3.28e-18	7.57e-15	5.94e-12	1.58e-09	2.10e-07	1.14e-05	3.03e-04	6.34e-03	2.36e-01	4.72e-01	2.85e-01
 4.38225e+21	0.00e+00	0.00e+00	0.00e+00	3.01e-30	5.67e-26	3.90e-22	4.64e-18	1.04e-14	7.91e-12	2.03e-09	2.60e-07	1.36e-05	3.46e-04	6.92e-03	2.47e-01	4.72e-01	2.74e-01
 4.51058e+21	0.00e+00	0.00e+00	0.00e+00	4.86e-30	8.71e-26	5.69e-22	6.61e-18	1.44e-14	1.06e-11	2.62e-09	3.25e-07	1.63e-05	3.95e-04	7.55e-03	2.58e-01	4.72e-01	2.62e-01
 4.61822e+21	0.00e+00	0.00e+00	0.00e+00	7.21e-30	1.24e-25	7.76e-22	8.85e-18	1.88e-14	1.35e-11	3.23e-09	3.89e-07	1.89e-05	4.42e-04	8.12e-03	2.67e-01	4.72e-01	2.52e-01
 4.73089e+21	0.00e+00	0.00e+00	0.00e+00	1.08e-29	1.78e-25	1.06e-21	1.19e-17	2.47e-14	1.72e-11	4.00e-09	4.68e-07	2.20e-05	4.94e-04	8.73e-03	2.77e-01	4.71e-01	2.43e-01
 4.87736e+21	0.00e+00	0.00e+00	0.00e+00	1.80e-29	2.81e-25	1.59e-21	1.74e-17	3.50e-14	2.36e-11	5.26e-09	5.91e-07	2.66e-05	5.69e-04	9.57e-03	2.89e-01	4.69e-01	2.31e-01
 5.02609e+21	0.00e+00	0.00e+00	0.00e+00	3.01e-29	4.43e-25	2.38e-21	2.54e-17	4.95e-14	3.22e-11	6.90e-09	7.46e-07	3.22e-05	6.55e-04	1.05e-02	3.02e-01	4.67e-01	2.20e-01
 5.14577e+21	0.00e+00	0.00e+00	0.00e+00	4.50e-29	6.34e-25	3.27e-21	3.43e-17	6.51e-14	4.11e-11	8.55e-09	8.96e-07	3.73e-05	7.31e-04	1.12e-02	3.12e-01	4.65e-01	2.11e-01
 5.25131e+21	0.00e+00	0.00e+00	0.00e+00	6.38e-29	8.65e-25	4.29e-21	4.43e-17	8.24e-14	5.09e-11	1.03e-08	1.05e-06	4.24e-05	8.04e-04	1.19e-02	3.21e-01	4.63e-01	2.03e-01
 5.37043e+21	0.00e+00	0.00e+00	0.00e+00	9.37e-29	1.22e-24	5.81e-21	5.90e-17	1.07e-13	6.43e-11	1.26e-08	1.25e-06	4.89e-05	8.92e-04	1.28e-02	3.31e-01	4.61e-01	1.95e-01
 5.52530e+21	0.00e+00	0.00e+00	6.15e-33	1.53e-28	1.89e-24	8.53e-21	8.48e-17	1.49e-13	8.67e-11	1.64e-08	1.56e-06	5.85e-05	1.02e-03	1.39e-02	3.43e-01	4.57e-01	1.85e-01
 5.68317e+21	0.00e+00	0.00e+00	1.06e-32	2.50e-28	2.93e-24	1.26e-20	1.22e-16	2.08e-13	1.17e-10	2.12e-08	1.95e-06	7.00e-05	1.16e-03	1.51e-02	3.56e-01	4.53e-01	1.75e-01
 5.81080e+21	0.00e+00	0.00e+00	1.63e-32	3.70e-28	4.15e-24	1.70e-20	1.63e-16	2.72e-13	1.48e-10	2.61e-08	2.32e-06	8.07e-05	1.29e-03	1.61e-02	3.66e-01	4.49e-01	1.67e-01
 5.94257e+21	0.00e+00	0.00e+00	2.53e-32	5.48e-28	5.89e-24	2.32e-20	2.18e-16	3.55e-13	1.89e-10	3.21e-08	2.77e-06	9.30e-05	1.43e-03	1.72e-02	3.76e-01	4.45e-01	1.60e-01
 6.11388e+21	0.00e+00	0.00e+00	4.40e-32	9.05e-28	9.21e-24	3.43e-20	3.16e-16	4.99e-13	2.56e-10	4.19e-08	3.47e-06	1.12e-04	1.63e-03	1.86e-02	3.90e-01	4.39e-01	1.51e-01
 6.29041e+21	0.00e+00	0.00e+00	7.73e-32	1.50e-27	1.45e-23	5.10e-20	4.60e-16	7.04e-13	3.49e-10	5.48e-08	4.36e-06	1.34e-04	1.87e-03	2.02e-02	4.03e-01	4.33e-01	1.42e-01
 6.43435e+21	0.00e+00	0.00e+00	1.21e-31	2.26e-27	2.08e-23	7.01e-20	6.22e-16	9.28e-13	4.47e-10	6.79e-08	5.23e-06	1.55e-04	2.08e-03	2.16e-02	4.14e-01	4.28e-01	1.35e-01
 6.58207e+21	0.00e+00	0.00e+00	1.91e-31	3.39e-27	2.99e-23	9.63e-20	8.41e-16	1.22e-12	5.73e-10	8.42e-08	6.28e-06	1.79e-04	2.31e-03	2.30e-02	4.24e-01	4.22e-01	1.28e-01
 6.73785e+21	0.00e+00	0.00e+00	3.05e-31	5.19e-27	4.36e-23	1.34e-19	1.15e-15	1.63e-12	7.42e-10	1.05e-07	7.59e-06	2.09e-04	2.58e-03	2.46e-02	4.35e-01	4.16e-01	1.21e-01
 6.87066e+21	0.00e+00	0.00e+00	4.53e-31	7.40e-27	5.98e-23	1.77e-19	1.50e-15	2.08e-12	9.22e-10	1.27e-07	8.90e-06	2.37e-04	2.82e-03	2.60e-02	4.45e-01	4.11e-01	1.16e-01
 7.00985e+21	0.00e+00	0.00e+00	6.79e-31	1.07e-26	8.27e-23	2.35e-19	1.96e-15	2.67e-12	1.15e-09	1.54e-07	1.05e-05	2.70e-04	3.10e-03	2.75e-02	4.54e-01	4.05e-01	1.10e-01
 7.19081e+21	0.00e+00	0.00e+00	1.14e-30	1.70e-26	1.25e-22	3.37e-19	2.77e-15	3.66e-12	1.53e-09	1.97e-07	1.29e-05	3.19e-04	3.49e-03	2.95e-02	4.66e-01	3.97e-01	1.03e-01
 7.37231e+21	0.00e+00	0.00e+00	1.91e-30	2.70e-26	1.89e-22	4.83e-19	3.91e-15	5.02e-12	2.03e-09	2.51e-07	1.58e-05	3.76e-04	3.93e-03	3.17e-02	4.78e-01	3.89e-01	9.70e-02
 7.51419e+21	0.00e+00	0.00e+00	2.83e-30	3.85e-26	2.58e-22	6.35e-19	5.08e-15	6.39e-12	2.53e-09	3.03e-07	1.86e-05	4.26e-04	4.30e-03	3.34e-02	4.86e-01	3.83e-01	9.22e-02
 7.63197e+21	0.00e+00	0.00e+00	3.90e-30	5.14e-26	3.34e-22	7.95e-19	6.30e-15	7.79e-12	3.01e-09	3.53e-07	2.11e-05	4.72e-04	4.63e-03	3.49e-02	4.94e-01	3.78e-01	8.84e-02
 7.75874e+21	0.00e+00	0.00e+00	5.51e-30	7.01e-26	4.39e-22	1.01e-18	7.93e-15	9.63e-12	3.65e-09	4.16e-07	2.42e-05	5.27e-04	5.01e-03	3.65e-02	5.01e-01	3.72e-01	8.45e-02
 7.92355e+21	0.00e+00	0.00e+00	8.53e-30	1.04e-25	6.23e-22	1.37e-18	1.06e-14	1.26e-11	4.64e-09	5.11e-07	2.88e-05	6.05e-04	5.53e-03	3.86e-02	5.10e-01	3.65e-01	7.98e-02
 8.09147e+21	0.00e+00	0.00e+00	1.33e-29	1.55e-25	8.86e-22	1.86e-18	1.43e-14	1.65e-11	5.92e-09	6.31e-07	3.44e-05	6.96e-04	6.11e-03	4.09e-02	5.20e-01	3.57e-01	7.51e-02
 8.22590e+21	0.00e+00	0.00e+00	1.89e-29	2.12e-25	1.17e-21	2.36e-18	1.80e-14	2.05e-11	7.18e-09	7.45e-07	3.96e-05	7.77e-04	6.60e-03	4.28e-02	5.27e-01	3.51e-01	7.16e-02
 8.36311e+21	0.00e+00	0.00e+00	2.68e-29	2.90e-25	1.54e-21	3.01e-18	2.27e-14	2.54e-11	8.71e-09	8.80e-07	4.55e-05	8.68e-04	7.14e-03	4.48e-02	5.34e-01	3.45e-01	6.82e-02
 8.50895e+21	0.00e+00	0.00e+00	3.88e-29	4.04e-25	2.07e-21	3.88e-18	2.91e-14	3.19e-11	1.07e-08	1.05e-06	5.27e-05	9.76e-04	7.76e-03	4.69e-02	5.41e-01	3.38e-01	6.47e-02
 8.63420e+21	0.00e+00	0.00e+00	5.32e-29	5.36e-25	2.66e-21	4.81e-18	3.59e-14	3.88e-11	1.27e-08	1.22e-06	5.98e-05	1.08e-03	8.32e-03	4.88e-02	5.47e-01	3.32e-01	6.18e-02
 8.74808e+21	0.00e+00	0.00e+00	7.04e-29	6.89e-25	3.32e-21	5.83e-18	4.32e-14	4.61e-11	1.49e-08	1.39e-06	6.68e-05	1.18e-03	8.85e-03	5.05e-02	5.53e-01	3.27e-01	5.94e-02
 8.87901e+21	0.00e+00	0.00e+00	9.73e-29	9.20e-25	4.28e-21	7.27e-18	5.36e-14	5.62e-11	1.78e-08	1.62e-06	7.60e-05	1.30e-03	9.51e-03	5.26e-02	5.59e-01	3.21e-01	5.66e-02
 9.02622e+21	0.00e+00	0.00e+00	1.39e-28	1.27e-24	5.68e-21	9.28e-18	6.80e-14	7.01e-11	2.17e-08	1.92e-06	8.77e-05	1.46e-03	1.03e-02	5.49e-02	5.65e-01	3.15e-01	5.37e-02
 9.16465e+21	0.00e+00	0.00e+00	1.94e-28	1.71e-24	7.38e-21	1.16e-17	8.49e-14	8.61e-11	2.61e-08	2.25e-06	1.00e-04	1.62e-03	1.11e-02	5.72e-02	5.71e-01	3.08e-01	5.11e-02
 9.29316e+21	0.00e+00	0.00e+00	2.64e-28	2.25e-24	9.39e-21	1.43e-17	1.04e-13	1.04e-10	3.09e-08	2.60e-06	1.13e-04	1.78e-03	1.18e-02	5.94e-02	5.76e-01	3.02e-01	4.87e-02
 9.43873e+21	0.00e+00	0.00e+00	3.72e-28	3.05e-24	1.23e-20	1.80e-17	1.31e-13	1.28e-10	3.73e-08	3.06e-06	1.30e-04	1.98e-03	1.28e-02	6.18e-02	5.81e-01	2.96e-01	4.62e-02
 9.59096e+21	0.00e+00	4.66e-33	5.32e-28	4.20e-24	1.63e-20	2.29e-17	1.66e-13	1.60e-10	4.55e-08	3.63e-06	1.49e-04	2.22e-03	1.38e-02	6.45e-02	5.87e-01	2.89e-01	4.37e-02
 9.71817e+21	0.00e+00	6.47e-33	7.15e-28	5.47e-24	2.05e-20	2.80e-17	2.02e-13	1.92e-10	5.36e-08	4.18e-06	1.68e-04	2.43e-03	1.47e-02	6.68e-02	5.91e-01	2.83e-01	4.17e-02
 9.84988e+21	0.00e+00	9.03e-33	9.66e-28	7.15e-24	2.59e-20	3.42e-17	2.46e-13	2.31e-10	6.34e-08	4.82e-06	1.89e-04	2.67e-03	1.57e-02	6.91e-02	5.95e-01	2.77e-01	3.97e-02
 1.00211e+22	0.00e+00	1.39e-32	1.42e-27	1.01e-23	3.50e-20	4.43e-17	3.18e-13	2.94e-10	7.87e-08	5.79e-06	2.21e-04	3.01e-03	1.71e-02	7.23e-02	6.00e-01	2.70e-01	3.73e-02
 1.01924e+22	0.00e+00	2.13e-32	2.10e-27	1.42e-23	4.74e-20	5.74e-17	4.11e-13	3.74e-10	9.76e-08	6.96e-06	2.57e-04	3.40e-03	1.86e-02	7.56e-02	6.05e-01	2.62e-01	3.49e-02
 1.03250e+22	0.00e+00	2.96e-32	2.82e-27	1.85e-23	5.97e-20	6.98e-17	5.01e-13	4.49e-10	1.15e-07	8.01e-06	2.89e-04	3.73e-03	1.98e-02	7.81e-02	6.08e-01	2.56e-01	3.32e-02
 1.04584e+22	0.00e+00	4.11e-32	3.78e-27	2.41e-23	7.49e-20	8.47e-17	6.08e-13	5.39e-10	1.36e-07	9.21e-06	3.25e-04	4.08e-03	2.11e-02	8.07e-02	6.11e-01	2.51e-01	3.16e-02
 1.06317e+22	0.00e+00	6.25e-32	5.52e-27	3.37e-23	1.00e-19	1.09e-16	7.81e-13	6.81e-10	1.67e-07	1.10e-05	3.77e-04	4.59e-03	2.29e-02	8.42e-02	6.15e-01	2.43e-01	2.96e-02
 1.08097e+22	0.00e+00	9.62e-32	8.14e-27	4.75e-23	1.35e-19	1.40e-16	1.01e-12	8.66e-10	2.08e-07	1.33e-05	4.40e-04	5.17e-03	2.48e-02	8.78e-02	6.18e-01	2.36e-01	2.76e-02
 1.09485e+22	0.00e+00	1.34e-31	1.10e-26	6.20e-23	1.71e-19	1.70e-16	1.23e-12	1.04e-09	2.46e-07	1.53e-05	4.95e-04	5.68e-03	2.65e-02	9.07e-02	6.21e-01	2.30e-01	2.62e-02
 1.10655e+22	0.00e+00	1.77e-31	1.41e-26	7.73e-23	2.07e-19	2.00e-16	1.45e-12	1.22e-09	2.83e-07	1.72e-05	5.47e-04	6.13e-03	2.79e-02	9.32e-02	6.22e-01	2.25e-01	2.50e-02
 1.11997e+22	0.00e+00	2.43e-31	1.87e-26	9.94e-23	2.57e-19	2.41e-16	1.75e-12	1.45e-09	3.31e-07	1.97e-05	6.11e-04	6.69e-03	2.96e-02	9.60e-02	6.24e-01	2.19e-01	2.38e-02
 1.13742e+22	0.00e+00	3.66e-31	2.70e-26	1.37e-22	3.40e-19	3.05e-16	2.22e-12	1.82e-09	4.06e-07	2.34e-05	7.06e-04	7.49e-03	3.20e-02	9.97e-02	6.26e-01	2.12e-01	2.22e-02
 1.15502e+22	0.00e+00	5.53e-31	3.91e-26	1.90e-22	4.51e-19	3.87e-16	2.84e-12	2.29e-09	5.00e-07	2.79e-05	8.17e-04	8.39e-03	3.46e-02	1.04e-01	6.27e-01	2.05e-01	2.07e-02
 1.16884e+22	0.00e+00	7.62e-31	5.21e-26	2.45e-22	5.62e-19	4.65e-16	3.43e-12	2.74e-09	5.87e-07	3.20e-05	9.14e-04	9.17e-03	3.67e-02	1.07e-01	6.27e-01	1.99e-01	1.96e-02
 1.18281e+22	0.00e+00	1.05e-30	6.93e-26	3.16e-22	6.98e-19	5.58e-16	4.13e-12	3.26e-09	6.88e-07	3.66e-05	1.02e-03	1.00e-02	3.90e-02	1.10e-01	6.28e-01	1.94e-01	1.85e-02
 1.20097e+22	0.00e+00	1.58e-30	1.00e-25	4.36e-22	9.23e-19	7.05e-16	5.25e-12	4.10e-09	8.45e-07	4.36e-05	1.18e-03	1.12e-02	4.20e-02	1.14e-01	6.28e-01	1.87e-01	1.72e-02
 1.21940e+22	0.00e+00	2.40e-30	1.46e-25	6.07e-22	1.23e-18	8.93e-16	6.70e-12	5.17e-09	1.04e-06	5.20e-05	1.37e-03	1.25e-02	4.54e-02	1.18e-01	6.27e-01	1.80e-01	1.59e-02
 1.23398e+22	0.00e+00	3.34e-30	1.96e-25	7.86e-22	1.53e-18	1.08e-15	8.12e-12	6.20e-09	1.23e-06	5.97e-05	1.53e-03	1.37e-02	4.82e-02	1.21e-01	6.26e-01	1.74e-01	1.50e-02
 1.24873e+22	0.00e+00	4.63e-30	2.62e-25	1.02e-21	1.91e-18	1.29e-15	9.80e-12	7.41e-09	1.44e-06	6.84e-05	1.72e-03	1.50e-02	5.11e-02	1.25e-01	6.25e-01	1.69e-01	1.41e-02
 1.26791e+22	0.00e+00	7.05e-30	3.81e-25	1.41e-21	2.54e-18	1.63e-15	1.25e-11	9.34e-09	1.78e-06	8.16e-05	1.98e-03	1.68e-02	5.51e-02	1.29e-01	6.22e-01	1.62e-01	1.30e-02
 1.28746e+22	0.00e+00	1.08e-29	5.60e-25	1.98e-21	3.38e-18	2.08e-15	1.60e-11	1.18e-08	2.20e-06	9.75e-05	2.30e-03	1.88e-02	5.95e-02	1.34e-01	6.19e-01	1.55e-01	1.20e-02
 1.30306e+22	0.00e+00	1.53e-29	7.62e-25	2.59e-21	4.26e-18	2.51e-15	1.95e-11	1.43e-08	2.60e-06	1.13e-04	2.58e-03	2.06e-02	6.33e-02	1.37e-01	6.16e-01	1.49e-01	1.12e-02
 1.31891e+22	0.00e+00	2.14e-29	1.03e-24	3.37e-21	5.33e-18	3.02e-15	2.35e-11	1.71e-08	3.06e-06	1.29e-04	2.89e-03	2.25e-02	6.70e-02	1.41e-01	6.13e-01	1.44e-01	1.04e-02
 1.33951e+22	0.00e+00	3.30e-29	1.51e-24	4.73e-21	7.13e-18	3.84e-15	3.00e-11	2.16e-08	3.78e-06	1.54e-04	3.34e-03	2.51e-02	7.22e-02	1.45e-01	6.08e-01	1.37e-01	9.56e-03
 1.36050e+22	0.00e+00	5.14e-29	2.24e-24	6.69e-21	9.59e-18	4.90e-15	3.85e-11	2.74e-08	4.69e-06	1.84e-04	3.87e-03	2.82e-02	7.78e-02	1.50e-01	6.02e-01	1.30e-01	8.71e-03
 1.37738e+22	0.00e+00	7.31e-29	3.07e-24	8.81e-21	1.21e-17	5.95e-15	4.67e-11	3.30e-08	5.55e-06	2.12e-04	4.35e-03	3.08e-02	8.25e-02	1.53e-01	5.96e-01	1.25e-01	8.07e-03
 1.39473e+22	0.00e+00	1.04e-28	4.21e-24	1.16e-20	1.53e-17	7.22e-15	5.68e-11	3.97e-08	6.57e-06	2.44e-04	4.88e-03	3.37e-02	8.74e-02	1.57e-01	5.90e-01	1.19e-01	7.48e-03
 1.41388e+22	0.00e+00	1.53e-28	5.95e-24	1.57e-20	1.99e-17	8.94e-15	7.01e-11	4.87e-08	7.89e-06	2.85e-04	5.52e-03	3.70e-02	9.30e-02	1.61e-01	5.83e-01	1.13e-01	6.86e-03
 1.43114e+22	0.00e+00	2.16e-28	8.09e-24	2.06e-20	2.50e-17	1.08e-14	8.46e-11	5.83e-08	9.28e-06	3.26e-04	6.16e-03	4.03e-02	9.82e-02	1.64e-01	5.76e-01	1.08e-01	6.35e-03
 1.44676e+22	0.00e+00	2.94e-28	1.06e-23	2.62e-20	3.07e-17	1.28e-14	9.98e-11	6.83e-08	1.07e-05	3.67e-04	6.79e-03	4.34e-02	1.03e-01	1.67e-01	5.70e-01	1.04e-01	5.91e-03
 1.46446e+22	0.00e+00	4.13e-28	1.44e-23	3.42e-20	3.86e-17	1.54e-14	1.20e-10	8.14e-08	1.25e-05	4.19e-04	7.55e-03	4.71e-02	1.09e-01	1.70e-01	5.62e-01	9.93e-02	5.46e-03
 1.48747e+22	0.00e+00	6.37e-28	2.12e-23	4.80e-20	5.16e-17	1.96e-14	1.50e-10	1.01e-07	1.53e-05	4.94e-04	8.62e-03	5.21e-02	1.16e-01	1.74e-01	5.51e-01	9.34e-02	4.93e-03
 1.51057e+22	0.00e+00	9.82e-28	3.13e-23	6.74e-20	6.90e-17	2.49e-14	1.89e-10	1.26e-07	1.86e-05	5.81e-04	9.83e-03	5.76e-02	1.23e-01	1.77e-01	5.40e-01	8.76e-02	4.44e-03
 1.52860e+22	0.00e+00	1.37e-27	4.20e-23	8.74e-20	8.62e-17	2.99e-14	2.24e-10	1.49e-07	2.16e-05	6.57e-04	1.08e-02	6.20e-02	1.29e-01	1.80e-01	5.30e-01	8.34e-02	4.09e-03
 1.54685e+22	0.00e+00	1.89e-27	5.61e-23	1.13e-19	1.07e-16	3.58e-14	2.65e-10	1.75e-07	2.49e-05	7.40e-04	1.19e-02	6.66e-02	1.35e-01	1.82e-01	5.21e-01	7.93e-02	3.77e-03
 1.57056e+22	0.00e+00	2.85e-27	8.12e-23	1.56e-19	1.42e-16	4.51e-14	3.27e-10	2.14e-07	2.99e-05	8.60e-04	1.34e-02	7.29e-02	1.42e-01	1.85e-01	5.08e-01	7.43e-02	3.39e-03
 1.59547e+22	0.00e+00	4.36e-27	1.19e-22	2.18e-19	1.89e-16	5.73e-14	4.07e-10	2.64e-07	3.60e-05	1.00e-03	1.52e-02	7.98e-02	1.50e-01	1.87e-01	4.94e-01	6.93e-02	3.03e-03
 1.61657e+22	0.00e+00	6.20e-27	1.63e-22	2.88e-19	2.40e-16	6.98e-14	4.86e-10	3.12e-07	4.20e-05	1.14e-03	1.67e-02	8.58e-02	1.57e-01	1.89e-01	4.82e-01	6.53e-02	2.76e-03
 1.63864e+22	0.00e+00	8.84e-27	2.24e-22	3.82e-19	3.05e-16	8.53e-14	5.81e-10	3.71e-07	4.89e-05	1.29e-03	1.84e-02	9.23e-02	1.64e-01	1.90e-01	4.70e-01	6.14e-02	2.50e-03
 1.66732e+22	0.00e+00	1.38e-26	3.35e-22	5.45e-19	4.15e-16	1.10e-13	7.27e-10	4.59e-07	5.91e-05	1.50e-03	2.08e-02	1.01e-01	1.72e-01	1.92e-01	4.54e-01	5.66e-02	2.21e-03
 1.69653e+22	0.00e+00	2.17e-26	5.02e-22	7.78e-19	5.64e-16	1.42e-13	9.08e-10	5.67e-07	7.14e-05	1.75e-03	2.34e-02	1.10e-01	1.81e-01	1.93e-01	4.37e-01	5.21e-02	1.94e-03
 1.71900e+22	0.00e+00	3.05e-26	6.82e-22	1.02e-18	7.12e-16	1.72e-13	1.07e-09	6.66e-07	8.23e-05	1.97e-03	2.56e-02	1.17e-01	1.87e-01	1.93e-01	4.24e-01	4.88e-02	1.76e-03
 1.73726e+22	5.71e-33	3.96e-26	8.63e-22	1.26e-18	8.52e-16	2.00e-13	1.22e-09	7.52e-07	9.17e-05	2.15e-03	2.74e-02	1.23e-01	1.92e-01	1.93e-01	4.14e-01	4.63e-02	1.63e-03
 1.75749e+22	7.82e-33	5.27e-26	1.12e-21	1.58e-18	1.04e-15	2.36e-13	1.41e-09	8.58e-07	1.03e-04	2.36e-03	2.94e-02	1.30e-01	1.98e-01	1.93e-01	4.02e-01	4.38e-02	1.49e-03
 1.78379e+22	1.16e-32	7.57e-26	1.55e-21	2.11e-18	1.33e-15	2.91e-13	1.68e-09	1.01e-06	1.20e-04	2.66e-03	3.22e-02	1.38e-01	2.04e-01	1.93e-01	3.88e-01	4.06e-02	1.34e-03
 1.81181e+22	1.77e-32	1.11e-25	2.18e-21	2.86e-18	1.73e-15	3.62e-13	2.03e-09	1.21e-06	1.39e-04	3.01e-03	3.53e-02	1.47e-01	2.11e-01	1.92e-01	3.72e-01	3.75e-02	1.19e-03
 1.83605e+22	2.51e-32	1.53e-25	2.91e-21	3.69e-18	2.16e-15	4.36e-13	2.37e-09	1.40e-06	1.59e-04	3.34e-03	3.81e-02	1.55e-01	2.16e-01	1.91e-01	3.59e-01	3.50e-02	1.07e-03
 1.86153e+22	3.57e-32	2.11e-25	3.90e-21	4.79e-18	2.70e-15	5.26e-13	2.77e-09	1.62e-06	1.80e-04	3.70e-03	4.12e-02	1.64e-01	2.22e-01	1.90e-01	3.46e-01	3.26e-02	9.63e-04
 1.89466e+22	5.59e-32	3.18e-25	5.64e-21	6.65e-18	3.59e-15	6.68e-13	3.39e-09	1.95e-06	2.12e-04	4.21e-03	4.52e-02	1.75e-01	2.28e-01	1.88e-01	3.29e-01	2.96e-02	8.40e-04
 1.92822e+22	8.72e-32	4.79e-25	8.17e-21	9.23e-18	4.78e-15	8.49e-13	4.13e-09	2.34e-06	2.49e-04	4.78e-03	4.96e-02	1.86e-01	2.34e-01	1.86e-01	3.12e-01	2.69e-02	7.31e-04
 1.95490e+22	1.23e-31	6.58e-25	1.09e-20	1.19e-17	5.96e-15	1.02e-12	4.82e-09	2.70e-06	2.81e-04	5.26e-03	5.32e-02	1.95e-01	2.39e-01	1.84e-01	2.99e-01	2.49e-02	6.55e-04
 1.97772e+22	1.63e-31	8.55e-25	1.38e-20	1.47e-17	7.16e-15	1.19e-12	5.47e-09	3.03e-06	3.11e-04	5.69e-03	5.63e-02	2.02e-01	2.42e-01	1.82e-01	2.88e-01	2.34e-02	5.97e-04
 2.00292e+22	2.21e-31	1.13e-24	1.78e-20	1.85e-17	8.71e-15	1.41e-12	6.27e-09	3.43e-06	3.47e-04	6.19e-03	5.98e-02	2.10e-01	2.46e-01	1.79e-01	2.76e-01	2.18e-02	5.40e-04
 2.03568e+22	3.25e-31	1.62e-24	2.46e-20	2.46e-17	1.12e-14	1.73e-12	7.46e-09	4.02e-06	3.97e-04	6.88e-03	6.44e-02	2.20e-01	2.50e-01	1.76e-01	2.62e-01	1.99e-02	4.75e-04
 2.06948e+22	4.80e-31	2.33e-24	3.41e-20	3.30e-17	1.44e-14	2.15e-12	8.90e-09	4.71e-06	4.55e-04	7.65e-03	6.94e-02	2.31e-01	2.53e-01	1.72e-01	2.48e-01	1.81e-02	4.15e-04
 2.09725e+22	6.55e-31	3.12e-24	4.44e-20	4.17e-17	1.77e-14	2.55e-12	1.03e-08	5.35e-06	5.07e-04	8.32e-03	7.35e-02	2.39e-01	2.56e-01	1.69e-01	2.37e-01	1.67e-02	3.72e-04
 2.12596e+22	8.92e-31	4.16e-24	5.77e-20	5.27e-17	2.17e-14	3.03e-12	1.18e-08	6.07e-06	5.64e-04	9.03e-03	7.78e-02	2.48e-01	2.58e-01	1.66e-01	2.26e-01	1.54e-02	3.33e-04
 2.16328e+22	1.32e-30	6.00e-24	8.04e-20	7.09e-17	2.81e-14	3.77e-12	1.41e-08	7.12e-06	6.45e-04	1.00e-02	8.35e-02	2.58e-01	2.60e-01	1.62e-01	2.12e-01	1.40e-02	2.90e-04
 2.20202e+22	1.96e-30	8.74e-24	1.13e-19	9.61e-17	3.66e-14	4.72e-12	1.70e-08	8.38e-06	7.40e-04	1.11e-02	8.96e-02	2.69e-01	2.62e-01	1.57e-01	1.98e-01	1.25e-02	2.50e-04
 2.23424e+22	2.70e-30	1.18e-23	1.49e-19	1.23e-16	4.53e-14	5.66e-12	1.97e-08	9.55e-06	8.26e-04	1.21e-02	9.47e-02	2.77e-01	2.63e-01	1.53e-01	1.88e-01	1.15e-02	2.21e-04
 2.26775e+22	3.71e-30	1.60e-23	1.96e-19	1.57e-16	5.62e-14	6.79e-12	2.28e-08	1.09e-05	9.21e-04	1.31e-02	1.00e-01	2.86e-01	2.63e-01	1.49e-01	1.77e-01	1.05e-02	1.96e-04
 2.31132e+22	5.53e-30	2.35e-23	2.78e-19	2.15e-16	7.37e-14	8.55e-12	2.76e-08	1.28e-05	1.06e-03	1.45e-02	1.07e-01	2.96e-01	2.63e-01	1.44e-01	1.65e-01	9.35e-03	1.67e-04
 2.35631e+22	8.29e-30	3.49e-23	3.97e-19	2.95e-16	9.73e-14	1.08e-11	3.34e-08	1.52e-05	1.21e-03	1.61e-02	1.14e-01	3.07e-01	2.63e-01	1.38e-01	1.53e-01	8.29e-03	1.42e-04
 2.39162e+22	1.13e-29	4.70e-23	5.21e-19	3.76e-16	1.20e-13	1.30e-11	3.87e-08	1.72e-05	1.35e-03	1.74e-02	1.20e-01	3.14e-01	2.62e-01	1.34e-01	1.44e-01	7.55e-03	1.25e-04
 2.42599e+22	1.50e-29	6.22e-23	6.71e-19	4.73e-16	1.47e-13	1.53e-11	4.45e-08	1.94e-05	1.48e-03	1.86e-02	1.26e-01	3.21e-01	2.61e-01	1.29e-01	1.35e-01	6.90e-03	1.11e-04
 2.47067e+22	2.16e-29	8.87e-23	9.27e-19	6.31e-16	1.89e-13	1.90e-11	5.30e-08	2.26e-05	1.68e-03	2.04e-02	1.33e-01	3.30e-01	2.59e-01	1.24e-01	1.26e-01	6.15e-03	9.53e-05
 2.51775e+22	3.12e-29	1.28e-22	1.30e-18	8.52e-16	2.46e-13	2.38e-11	6.36e-08	2.64e-05	1.90e-03	2.23e-02	1.40e-01	3.39e-01	2.57e-01	1.19e-01	1.16e-01	5.45e-03	8.11e-05
 2.55812e+22	4.24e-29	1.75e-22	1.71e-18	1.10e-15	3.06e-13	2.87e-11	7.40e-08	3.00e-05	2.11e-03	2.41e-02	1.47e-01	3.45e-01	2.54e-01	1.14e-01	1.08e-01	4.92e-03	7.07e-05
 2.60077e+22	5.80e-29	2.39e-22	2.28e-18	1.41e-15	3.83e-13	3.47e-11	8.65e-08	3.42e-05	2.35e-03	2.60e-02	1.54e-01	3.52e-01	2.51e-01	1.10e-01	1.01e-01	4.42e-03	6.15e-05
 2.65621e+22	8.56e-29	3.54e-22	3.26e-18	1.95e-15	5.07e-13	4.41e-11	1.05e-07	4.04e-05	2.68e-03	2.85e-02	1.63e-01	3.60e-01	2.47e-01	1.04e-01	9.19e-02	3.86e-03	5.14e-05
 2.71418e+22	1.27e-28	5.33e-22	4.73e-18	2.72e-15	6.78e-13	5.66e-11	1.29e-07	4.79e-05	3.06e-03	3.14e-02	1.72e-01	3.67e-01	2.42e-01	9.77e-02	8.34e-02	3.35e-03	4.26e-05
 2.76332e+22	1.75e-28	7.46e-22	6.42e-18	3.58e-15	8.62e-13	6.94e-11	1.52e-07	5.50e-05	3.42e-03	3.39e-02	1.80e-01	3.72e-01	2.38e-01	9.29e-02	7.68e-02	2.97e-03	3.64e-05
 2.80680e+22	2.31e-28	9.96e-22	8.35e-18	4.53e-15	1.06e-12	8.28e-11	1.76e-07	6.20e-05	3.76e-03	3.62e-02	1.87e-01	3.77e-01	2.34e-01	8.88e-02	7.14e-02	2.68e-03	3.17e-05
 2.85505e+22	3.11e-28	1.36e-21	1.11e-17	5.84e-15	1.32e-12	1.00e-10	2.05e-07	7.06e-05	4.15e-03	3.88e-02	1.94e-01	3.81e-01	2.29e-01	8.45e-02	6.60e-02	2.39e-03	2.73e-05
 2.91776e+22	4.47e-28	2.00e-21	1.57e-17	8.00e-15	1.74e-12	1.27e-10	2.49e-07	8.27e-05	4.70e-03	4.23e-02	2.03e-01	3.85e-01	2.23e-01	7.92e-02	5.98e-02	2.07e-03	2.28e-05
 2.98335e+22	6.52e-28	3.01e-21	2.29e-17	1.12e-14	2.34e-12	1.63e-10	3.05e-07	9.78e-05	5.35e-03	4.62e-02	2.13e-01	3.90e-01	2.17e-01	7.39e-02	5.36e-02	1.77e-03	1.86e-05
 3.03612e+22	8.69e-28	4.14e-21	3.05e-17	1.45e-14	2.93e-12	1.97e-10	3.57e-07	1.11e-04	5.91e-03	4.94e-02	2.21e-01	3.92e-01	2.11e-01	6.98e-02	4.92e-02	1.57e-03	1.59e-05
 3.08138e+22	1.11e-27	5.39e-21	3.88e-17	1.80e-14	3.54e-12	2.32e-10	4.07e-07	1.24e-04	6.42e-03	5.22e-02	2.27e-01	3.94e-01	2.06e-01	6.65e-02	4.58e-02	1.42e-03	1.39e-05
 3.13342e+22	1.45e-27	7.26e-21	5.09e-17	2.29e-14	4.38e-12	2.78e-10	4.72e-07	1.40e-04	7.04e-03	5.55e-02	2.34e-01	3.95e-01	2.01e-01	6.30e-02	4.21e-02	1.26e-03	1.20e-05
 3.20109e+22	2.02e-27	1.05e-20	7.12e-17	3.10e-14	5.71e-12	3.49e-10	5.67e-07	1.63e-04	7.89e-03	5.99e-02	2.43e-01	3.97e-01	1.94e-01	5.87e-02	3.80e-02	1.09e-03	9.95e-06
 3.27211e+22	2.84e-27	1.55e-20	1.02e-16	4.27e-14	7.55e-12	4.43e-10	6.89e-07	1.90e-04	8.89e-03	6.47e-02	2.53e-01	3.97e-01	1.87e-01	5.43e-02	3.39e-02	9.31e-04	8.11e-06
 3.33148e+22	3.73e-27	2.13e-20	1.36e-16	5.52e-14	9.47e-12	5.38e-10	8.06e-07	2.16e-04	9.79e-03	6.89e-02	2.60e-01	3.97e-01	1.81e-01	5.10e-02	3.09e-02	8.18e-04	6.88e-06
 3.39262e+22	4.91e-27	2.92e-20	1.81e-16	7.14e-14	1.19e-11	6.52e-10	9.42e-07	2.45e-04	1.08e-02	7.32e-02	2.68e-01	3.97e-01	1.75e-01	4.77e-02	2.81e-02	7.18e-04	5.82e-06
 3.47211e+22	6.88e-27	4.32e-20	2.58e-16	9.83e-14	1.57e-11	8.28e-10	1.14e-06	2.87e-04	1.21e-02	7.89e-02	2.77e-01	3.95e-01	1.67e-01	4.39e-02	2.50e-02	6.10e-04	4.73e-06
 3.55435e+22	9.71e-27	6.52e-20	3.75e-16	1.38e-13	2.11e-11	1.07e-09	1.40e-06	3.38e-04	1.36e-02	8.52e-02	2.86e-01	3.93e-01	1.59e-01	4.01e-02	2.20e-02	5.12e-04	3.78e-06
 3.62133e+22	1.27e-26	9.00e-20	5.03e-16	1.79e-13	2.66e-11	1.30e-09	1.65e-06	3.84e-04	1.50e-02	9.03e-02	2.93e-01	3.91e-01	1.53e-01	3.74e-02	1.99e-02	4.45e-04	3.17e-06
 3.68957e+22	1.65e-26	1.23e-19	6.71e-16	2.32e-13	3.33e-11	1.58e-09	1.92e-06	4.36e-04	1.64e-02	9.56e-02	3.00e-01	3.88e-01	1.47e-01	3.47e-02	1.80e-02	3.88e-04	2.66e-06
 3.77829e+22	2.29e-26	1.84e-19	9.64e-16	3.22e-13	4.44e-11	2.01e-09	2.34e-06	5.10e-04	1.84e-02	1.03e-01	3.09e-01	3.83e-01	1.39e-01	3.17e-02	1.58e-02	3.25e-04	2.13e-06
 3.87141e+22	3.20e-26	2.79e-19	1.41e-15	4.53e-13	5.99e-11	2.60e-09	2.88e-06	6.00e-04	2.07e-02	1.10e-01	3.17e-01	3.78e-01	1.31e-01	2.86e-02	1.37e-02	2.69e-04	1.68e-06
 3.94430e+22	4.10e-26	3.83e-19	1.89e-15	5.89e-13	7.53e-11	3.17e-09	3.38e-06	6.81e-04	2.27e-02	1.16e-01	3.23e-01	3.73e-01	1.25e-01	2.65e-02	1.23e-02	2.33e-04	1.40e-06
 4.00224e+22	4.99e-26	4.90e-19	2.36e-15	7.20e-13	8.99e-11	3.68e-09	3.81e-06	7.49e-04	2.43e-02	1.21e-01	3.27e-01	3.70e-01	1.20e-01	2.49e-02	1.13e-02	2.08e-04	1.21e-06
 4.06671e+22	6.16e-26	6.39e-19	3.01e-15	8.96e-13	1.09e-10	4.34e-09	4.35e-06	8.32e-04	2.62e-02	1.26e-01	3.32e-01	3.65e-01	1.15e-01	2.33e-02	1.03e-02	1.84e-04	1.04e-06
 4.15053e+22	8.00e-26	8.90e-19	4.07e-15	1.18e-12	1.38e-10	5.33e-09	5.13e-06	9.47e-04	2.87e-02	1.33e-01	3.38e-01	3.59e-01	1.09e-01	2.13e-02	9.21e-03	1.57e-04	8.53e-07
 4.24178e+22	1.06e-25	1.28e-18	5.69e-15	1.59e-12	1.81e-10	6.70e-09	6.16e-06	1.09e-03	3.17e-02	1.41e-01	3.43e-01	3.52e-01	1.03e-01	1.94e-02	8.08e-03	1.32e-04	6.84e-07
 4.32231e+22	1.34e-25	1.76e-18	7.59e-15	2.07e-12	2.27e-10	8.15e-09	7.21e-06	1.24e-03	3.46e-02	1.48e-01	3.48e-01	3.46e-01	9.76e-02	1.78e-02	7.21e-03	1.13e-04	5.64e-07
 4.40663e+22	1.71e-25	2.40e-18	1.01e-14	2.68e-12	2.85e-10	9.92e-09	8.43e-06	1.40e-03	3.76e-02	1.55e-01	3.52e-01	3.39e-01	9.23e-02	1.63e-02	6.42e-03	9.68e-05	4.65e-07
 4.51624e+22	2.31e-25	3.57e-18	1.45e-14	3.72e-12	3.81e-10	1.27e-08	1.03e-05	1.63e-03	4.18e-02	1.65e-01	3.56e-01	3.30e-01	8.59e-02	1.46e-02	5.53e-03	7.94e-05	3.64e-07
 4.62744e+22	3.11e-25	5.34e-18	2.11e-14	5.21e-12	5.13e-10	1.64e-08	1.26e-05	1.91e-03	4.66e-02	1.74e-01	3.60e-01	3.20e-01	7.95e-02	1.30e-02	4.74e-03	6.46e-05	2.81e-07
 4.71550e+22	3.85e-25	7.28e-18	2.80e-14	6.75e-12	6.44e-10	2.00e-08	1.47e-05	2.15e-03	5.05e-02	1.82e-01	3.62e-01	3.12e-01	7.48e-02	1.18e-02	4.20e-03	5.51e-05	2.30e-07
 4.80477e+22	4.81e-25	9.81e-18	3.69e-14	8.68e-12	8.04e-10	2.42e-08	1.72e-05	2.42e-03	5.47e-02	1.89e-01	3.64e-01	3.04e-01	7.04e-02	1.08e-02	3.73e-03	4.70e-05	1.89e-07
 4.92082e+22	6.31e-25	1.43e-17	5.21e-14	1.19e-11	1.06e-09	3.07e-08	2.08e-05	2.81e-03	6.03e-02	1.99e-01	3.66e-01	2.94e-01	6.51e-02	9.61e-03	3.20e-03	3.85e-05	1.48e-07
 5.04437e+22	8.32e-25	2.13e-17	7.57e-14	1.67e-11	1.43e-09	3.99e-08	2.56e-05	3.29e-03	6.69e-02	2.09e-01	3.67e-01	2.83e-01	5.96e-02	8.45e-03	2.71e-03	3.09e-05	0.00e+00
 5.14979e+22	1.04e-24	2.98e-17	1.03e-13	2.22e-11	1.85e-09	4.98e-08	3.04e-05	3.76e-03	7.29e-02	2.18e-01	3.67e-01	2.73e-01	5.52e-02	7.57e-03	2.35e-03	2.56e-05	0.00e+00
 5.25896e+22	1.30e-24	4.11e-17	1.39e-13	2.92e-11	2.36e-09	6.14e-08	3.60e-05	4.28e-03	7.92e-02	2.27e-01	3.67e-01	2.63e-01	5.12e-02	6.79e-03	2.04e-03	2.14e-05	0.00e+00
 5.40089e+22	1.70e-24	6.17e-17	2.03e-13	4.14e-11	3.22e-09	8.05e-08	4.46e-05	5.03e-03	8.78e-02	2.38e-01	3.65e-01	2.51e-01	4.63e-02	5.89e-03	1.71e-03	1.69e-05	0.00e+00
 5.54646e+22	2.24e-24	9.37e-17	3.01e-13	5.94e-11	4.44e-09	1.07e-07	5.57e-05	5.95e-03	9.75e-02	2.49e-01	3.62e-01	2.38e-01	4.17e-02	5.07e-03	1.41e-03	1.32e-05	0.00e+00
 5.66360e+22	2.71e-24	1.30e-16	4.09e-13	7.91e-11	5.73e-09	1.34e-07	6.65e-05	6.81e-03	1.06e-01	2.58e-01	3.59e-01	2.27e-01	3.82e-02	4.49e-03	1.21e-03	1.08e-05	0.00e+00
 5.76331e+22	3.17e-24	1.69e-16	5.22e-13	9.91e-11	7.01e-09	1.59e-07	7.64e-05	7.56e-03	1.13e-01	2.64e-01	3.56e-01	2.19e-01	3.55e-02	4.07e-03	1.07e-03	9.16e-06	0.00e+00
 5.87355e+22	3.78e-24	2.23e-16	6.80e-13	1.27e-10	8.74e-09	1.93e-07	8.91e-05	8.48e-03	1.21e-01	2.72e-01	3.52e-01	2.09e-01	3.28e-02	3.65e-03	9.29e-04	7.67e-06	0.00e+00
 6.01686e+22	4.68e-24	3.16e-16	9.45e-13	1.72e-10	1.15e-08	2.47e-07	1.08e-04	9.79e-03	1.32e-01	2.80e-01	3.46e-01	1.98e-01	2.95e-02	3.17e-03	7.79e-04	6.11e-06	0.00e+00
 6.16860e+22	5.77e-24	4.55e-16	1.34e-12	2.39e-10	1.55e-08	3.21e-07	1.33e-04	1.14e-02	1.44e-01	2.89e-01	3.40e-01	1.86e-01	2.64e-02	2.72e-03	6.44e-04	4.78e-06	0.00e+00
 6.29806e+22	6.84e-24	6.17e-16	1.79e-12	3.14e-10	1.98e-08	4.00e-07	1.58e-04	1.30e-02	1.55e-01	2.97e-01	3.33e-01	1.75e-01	2.39e-02	2.38e-03	5.46e-04	3.87e-06	0.00e+00
 6.41343e+22	7.90e-24	7.97e-16	2.29e-12	3.95e-10	2.44e-08	4.81e-07	1.82e-04	1.44e-02	1.65e-01	3.02e-01	3.27e-01	1.67e-01	2.19e-02	2.12e-03	4.74e-04	3.24e-06	0.00e+00
 6.54372e+22	9.19e-24	1.04e-15	2.96e-12	5.06e-10	3.05e-08	5.87e-07	2.13e-04	1.62e-02	1.76e-01	3.08e-01	3.20e-01	1.58e-01	1.99e-02	1.87e-03	4.07e-04	2.66e-06	0.00e+00
 6.71308e+22	1.11e-23	1.47e-15	4.11e-12	6.90e-10	4.04e-08	7.55e-07	2.59e-04	1.87e-02	1.91e-01	3.15e-01	3.10e-01	1.46e-01	1.76e-02	1.59e-03	3.33e-04	2.07e-06	0.00e+00
 6.88908e+22	1.34e-23	2.08e-15	5.77e-12	9.52e-10	5.42e-08	9.83e-07	3.18e-04	2.17e-02	2.06e-01	3.21e-01	2.99e-01	1.35e-01	1.54e-02	1.34e-03	2.69e-04	1.58e-06	0.00e+00
 7.03368e+22	1.53e-23	2.75e-15	7.55e-12	1.23e-09	6.86e-08	1.21e-06	3.75e-04	2.44e-02	2.20e-01	3.25e-01	2.90e-01	1.26e-01	1.37e-02	1.16e-03	2.26e-04	1.27e-06	0.00e+00
 7.18166e+22	1.75e-23	3.54e-15	9.69e-12	1.56e-09	8.54e-08	1.48e-06	4.38e-04	2.73e-02	2.33e-01	3.28e-01	2.80e-01	1.17e-01	1.23e-02	1.01e-03	1.91e-04	1.03e-06	0.00e+00
 7.37402e+22	2.07e-23	4.87e-15	1.32e-11	2.11e-09	1.12e-07	1.90e-06	5.31e-04	3.13e-02	2.50e-01	3.32e-01	2.68e-01	1.07e-01	1.07e-02	8.42e-04	1.54e-04	7.85e-07	0.00e+00
 7.57690e+22	2.44e-23	6.80e-15	1.84e-11	2.90e-09	1.50e-07	2.47e-06	6.49e-04	3.62e-02	2.68e-01	3.34e-01	2.55e-01	9.67e-02	9.16e-03	6.93e-04	1.22e-04	5.87e-07	0.00e+00
 7.74810e+22	2.79e-23	8.90e-15	2.40e-11	3.75e-09	1.90e-07	3.06e-06	7.66e-04	4.06e-02	2.84e-01	3.35e-01	2.43e-01	8.87e-02	8.03e-03	5.88e-04	1.00e-04	4.60e-07	0.00e+00
 7.92533e+22	3.17e-23	1.14e-14	3.07e-11	4.75e-09	2.37e-07	3.74e-06	8.93e-04	4.52e-02	2.98e-01	3.35e-01	2.32e-01	8.14e-02	7.07e-03	5.02e-04	8.33e-05	3.65e-07	0.00e+00
 8.15572e+22	3.71e-23	1.55e-14	4.17e-11	6.41e-09	3.12e-07	4.81e-06	1.08e-03	5.16e-02	3.17e-01	3.33e-01	2.18e-01	7.27e-02	5.99e-03	4.09e-04	6.55e-05	2.71e-07	0.00e+00
 8.39996e+22	4.38e-23	2.15e-14	5.75e-11	8.76e-09	4.16e-07	6.25e-06	1.32e-03	5.92e-02	3.36e-01	3.31e-01	2.03e-01	6.43e-02	5.01e-03	3.28e-04	5.05e-05	1.97e-07	0.00e+00
 8.60909e+22	4.97e-23	2.79e-14	7.50e-11	1.14e-08	5.30e-07	7.82e-06	1.57e-03	6.64e-02	3.52e-01	3.27e-01	1.90e-01	5.76e-02	4.27e-03	2.70e-04	4.03e-05	1.50e-07	0.00e+00
 8.78059e+22	5.53e-23	3.43e-14	9.22e-11	1.39e-08	6.37e-07	9.24e-06	1.78e-03	7.22e-02	3.65e-01	3.24e-01	1.81e-01	5.28e-02	3.78e-03	2.32e-04	3.38e-05	1.21e-07	0.00e+00
 8.95627e+22	6.12e-23	4.15e-14	1.12e-10	1.68e-08	7.59e-07	1.09e-05	2.01e-03	7.83e-02	3.76e-01	3.20e-01	1.71e-01	4.84e-02	3.34e-03	2.01e-04	2.85e-05	0.00e+00	0.00e+00
 9.18466e+22	6.94e-23	5.24e-14	1.42e-10	2.12e-08	9.41e-07	1.32e-05	2.33e-03	8.64e-02	3.90e-01	3.14e-01	1.60e-01	4.33e-02	2.87e-03	1.67e-04	2.30e-05	0.00e+00	0.00e+00
 9.43433e+22	7.96e-23	6.78e-14	1.84e-10	2.73e-08	1.19e-06	1.64e-05	2.74e-03	9.59e-02	4.05e-01	3.08e-01	1.48e-01	3.82e-02	2.41e-03	1.35e-04	1.81e-05	0.00e+00	0.00e+00
 9.65724e+22	8.90e-23	8.43e-14	2.30e-10	3.41e-08	1.46e-06	1.99e-05	3.15e-03	1.05e-01	4.17e-01	3.01e-01	1.38e-01	3.41e-02	2.06e-03	1.12e-04	1.46e-05	0.00e+00	0.00e+00
 9.86075e+22	9.90e-23	1.02e-13	2.78e-10	4.11e-08	1.74e-06	2.32e-05	3.54e-03	1.13e-01	4.27e-01	2.94e-01	1.29e-01	3.09e-02	1.80e-03	9.57e-05	1.22e-05	0.00e+00	0.00e+00
 1.00935e+23	1.10e-22	1.24e-13	3.39e-10	5.00e-08	2.08e-06	2.75e-05	4.01e-03	1.22e-01	4.37e-01	2.87e-01	1.21e-01	2.77e-02	1.55e-03	8.04e-05	9.97e-06	0.00e+00	0.00e+00
 1.03960e+23	1.26e-22	1.57e-13	4.34e-10	6.37e-08	2.60e-06	3.38e-05	4.67e-03	1.34e-01	4.48e-01	2.77e-01	1.10e-01	2.41e-02	1.29e-03	6.45e-05	7.75e-06	0.00e+00	0.00e+00
 1.07134e+23	1.46e-22	2.04e-13	5.65e-10	8.25e-08	3.31e-06	4.21e-05	5.49e-03	1.48e-01	4.59e-01	2.66e-01	9.93e-02	2.07e-02	1.05e-03	5.07e-05	5.89e-06	0.00e+00	0.00e+00
 1.09748e+23	1.64e-22	2.50e-13	6.96e-10	1.01e-07	4.00e-06	5.01e-05	6.22e-03	1.60e-01	4.66e-01	2.57e-01	9.13e-02	1.82e-02	8.87e-04	4.17e-05	4.72e-06	0.00e+00	0.00e+00
 1.12394e+23	1.81e-22	2.98e-13	8.36e-10	1.22e-07	4.74e-06	5.88e-05	6.99e-03	1.71e-01	4.72e-01	2.48e-01	8.42e-02	1.62e-02	7.58e-04	3.48e-05	3.84e-06	0.00e+00	0.00e+00
 1.15835e+23	2.06e-22	3.72e-13	1.05e-09	1.52e-07	5.80e-06	7.08e-05	8.00e-03	1.85e-01	4.78e-01	2.38e-01	7.62e-02	1.40e-02	6.27e-04	2.80e-05	2.99e-06	0.00e+00	0.00e+00
 1.19628e+23	2.37e-22	4.74e-13	1.35e-09	1.94e-07	7.29e-06	8.74e-05	9.30e-03	2.02e-01	4.84e-01	2.25e-01	6.78e-02	1.18e-02	5.03e-04	2.17e-05	2.25e-06	0.00e+00	0.00e+00
 1.23011e+23	2.67e-22	5.85e-13	1.68e-09	2.41e-07	8.89e-06	1.05e-04	1.06e-02	2.17e-01	4.87e-01	2.14e-01	6.10e-02	1.01e-02	4.12e-04	1.73e-05	1.74e-06	0.00e+00	0.00e+00
 1.26011e+23	2.97e-22	6.96e-13	2.00e-09	2.86e-07	1.04e-05	1.21e-04	1.18e-02	2.30e-01	4.88e-01	2.05e-01	5.59e-02	8.96e-03	3.51e-04	1.44e-05	1.42e-06	0.00e+00	0.00e+00
 1.29381e+23	3.29e-22	8.27e-13	2.39e-09	3.42e-07	1.23e-05	1.41e-04	1.31e-02	2.44e-01	4.89e-01	1.95e-01	5.08e-02	7.83e-03	2.95e-04	1.19e-05	1.14e-06	0.00e+00	0.00e+00
 1.33763e+23	3.73e-22	1.02e-12	2.97e-09	4.21e-07	1.49e-05	1.69e-04	1.48e-02	2.60e-01	4.88e-01	1.84e-01	4.53e-02	6.67e-03	2.40e-04	9.44e-06	8.76e-07	0.00e+00	0.00e+00
 1.39027e+23	4.28e-22	1.30e-12	3.81e-09	5.40e-07	1.87e-05	2.09e-04	1.73e-02	2.81e-01	4.86e-01	1.71e-01	3.91e-02	5.45e-03	1.86e-04	7.09e-06	6.34e-07	0.00e+00	0.00e+00
 1.44166e+23	4.96e-22	1.65e-12	4.90e-09	6.90e-07	2.34e-05	2.57e-04	1.99e-02	3.02e-01	4.81e-01	1.58e-01	3.38e-02	4.45e-03	1.44e-04	5.34e-06	4.61e-07	0.00e+00	0.00e+00
 1.48570e+23	5.56e-22	2.00e-12	5.96e-09	8.36e-07	2.78e-05	3.01e-04	2.23e-02	3.19e-01	4.76e-01	1.48e-01	3.00e-02	3.78e-03	1.18e-04	4.26e-06	3.57e-07	0.00e+00	0.00e+00
