#depth	Ne	Ne+	Ne+2	Ne+3	Ne+4	Ne+5	Ne+6	Ne+7	Ne+8	Ne+9	Ne+10
 6.17135e+19	0.00e+00	0.00e+00	0.00e+00	5.63e-29	2.32e-23	1.88e-18	5.24e-14	6.49e-10	1.30e-05	7.32e-03	9.93e-01
 1.87609e+20	0.00e+00	0.00e+00	0.00e+00	1.11e-28	4.11e-23	2.98e-18	7.47e-14	8.34e-10	1.56e-05	8.05e-03	9.92e-01
 3.18540e+20	0.00e+00	0.00e+00	0.00e+00	2.21e-28	7.34e-23	4.78e-18	1.07e-13	1.08e-09	1.88e-05	8.88e-03	9.91e-01
 4.54709e+20	0.00e+00	0.00e+00	0.00e+00	4.47e-28	1.33e-22	7.72e-18	1.55e-13	1.39e-09	2.26e-05	9.79e-03	9.90e-01
 5.47535e+20	0.00e+00	0.00e+00	0.00e+00	7.19e-28	1.98e-22	1.07e-17	1.98e-13	1.66e-09	2.57e-05	1.05e-02	9.90e-01
 5.82109e+20	0.00e+00	0.00e+00	0.00e+00	8.62e-28	2.30e-22	1.21e-17	2.17e-13	1.77e-09	2.69e-05	1.07e-02	9.89e-01
 6.07795e+20	0.00e+00	0.00e+00	0.00e+00	9.74e-28	2.55e-22	1.31e-17	2.32e-13	1.85e-09	2.78e-05	1.09e-02	9.89e-01
 6.41186e+20	0.00e+00	0.00e+00	0.00e+00	1.15e-27	2.94e-22	1.47e-17	2.53e-13	1.97e-09	2.91e-05	1.12e-02	9.89e-01
 6.84596e+20	0.00e+00	0.00e+00	8.88e-34	1.43e-27	3.52e-22	1.70e-17	2.83e-13	2.13e-09	3.08e-05	1.15e-02	9.88e-01
 7.41027e+20	0.00e+00	0.00e+00	1.23e-33	1.89e-27	4.45e-22	2.06e-17	3.27e-13	2.36e-09	3.32e-05	1.20e-02	9.88e-01
 8.02671e+20	0.00e+00	0.00e+00	1.75e-33	2.55e-27	5.74e-22	2.54e-17	3.84e-13	2.64e-09	3.59e-05	1.25e-02	9.88e-01
 8.56252e+20	0.00e+00	0.00e+00	2.37e-33	3.32e-27	7.16e-22	3.03e-17	4.40e-13	2.90e-09	3.85e-05	1.29e-02	9.87e-01
 9.02865e+20	0.00e+00	0.00e+00	3.08e-33	4.17e-27	8.68e-22	3.55e-17	4.95e-13	3.16e-09	4.09e-05	1.33e-02	9.87e-01
 9.55258e+20	0.00e+00	0.00e+00	4.10e-33	5.32e-27	1.07e-21	4.20e-17	5.64e-13	3.46e-09	4.36e-05	1.38e-02	9.86e-01
 1.02337e+21	0.00e+00	0.00e+00	6.02e-33	7.42e-27	1.41e-21	5.26e-17	6.70e-13	3.91e-09	4.76e-05	1.44e-02	9.86e-01
 1.09144e+21	0.00e+00	0.00e+00	8.78e-33	1.03e-26	1.85e-21	6.57e-17	7.94e-13	4.40e-09	5.19e-05	1.51e-02	9.85e-01
 1.14281e+21	0.00e+00	0.00e+00	1.16e-32	1.31e-26	2.27e-21	7.77e-17	9.02e-13	4.82e-09	5.53e-05	1.56e-02	9.84e-01
 1.19293e+21	0.00e+00	0.00e+00	1.53e-32	1.66e-26	2.77e-21	9.13e-17	1.02e-12	5.26e-09	5.88e-05	1.61e-02	9.84e-01
 1.25809e+21	0.00e+00	0.00e+00	2.18e-32	2.24e-26	3.58e-21	1.12e-16	1.20e-12	5.89e-09	6.37e-05	1.67e-02	9.83e-01
 1.32562e+21	0.00e+00	0.00e+00	3.13e-32	3.07e-26	4.66e-21	1.39e-16	1.41e-12	6.62e-09	6.92e-05	1.74e-02	9.82e-01
 1.38146e+21	0.00e+00	0.00e+00	4.22e-32	3.97e-26	5.79e-21	1.66e-16	1.62e-12	7.28e-09	7.40e-05	1.81e-02	9.82e-01
 1.43931e+21	0.00e+00	0.00e+00	5.73e-32	5.16e-26	7.23e-21	2.00e-16	1.86e-12	8.04e-09	7.93e-05	1.87e-02	9.81e-01
 1.51451e+21	0.00e+00	0.00e+00	8.50e-32	7.26e-26	9.64e-21	2.53e-16	2.23e-12	9.14e-09	8.67e-05	1.96e-02	9.80e-01
 1.58779e+21	0.00e+00	0.00e+00	1.25e-31	1.01e-25	1.27e-20	3.17e-16	2.66e-12	1.04e-08	9.45e-05	2.04e-02	9.79e-01
 1.64201e+21	0.00e+00	0.00e+00	1.65e-31	1.28e-25	1.56e-20	3.75e-16	3.02e-12	1.13e-08	1.01e-04	2.11e-02	9.79e-01
 1.69593e+21	0.00e+00	0.00e+00	2.17e-31	1.63e-25	1.91e-20	4.42e-16	3.43e-12	1.24e-08	1.07e-04	2.18e-02	9.78e-01
 1.76601e+21	0.00e+00	0.00e+00	3.10e-31	2.21e-25	2.48e-20	5.46e-16	4.04e-12	1.40e-08	1.16e-04	2.27e-02	9.77e-01
 1.83972e+21	0.00e+00	0.00e+00	4.48e-31	3.05e-25	3.24e-20	6.82e-16	4.79e-12	1.58e-08	1.26e-04	2.36e-02	9.76e-01
 1.90234e+21	0.00e+00	0.00e+00	6.12e-31	3.99e-25	4.07e-20	8.22e-16	5.53e-12	1.75e-08	1.35e-04	2.45e-02	9.75e-01
 1.96794e+21	0.00e+00	0.00e+00	8.44e-31	5.26e-25	5.15e-20	9.97e-16	6.42e-12	1.94e-08	1.46e-04	2.54e-02	9.74e-01
 2.04024e+21	0.00e+00	0.00e+00	1.20e-30	7.12e-25	6.66e-20	1.23e-15	7.56e-12	2.18e-08	1.58e-04	2.64e-02	9.73e-01
 2.10648e+21	0.00e+00	0.00e+00	1.65e-30	9.37e-25	8.40e-20	1.49e-15	8.76e-12	2.43e-08	1.69e-04	2.73e-02	9.72e-01
 2.16684e+21	0.00e+00	0.00e+00	2.19e-30	1.20e-24	1.04e-19	1.77e-15	1.00e-11	2.67e-08	1.81e-04	2.82e-02	9.72e-01
 2.23430e+21	0.00e+00	0.00e+00	3.00e-30	1.57e-24	1.30e-19	2.14e-15	1.16e-11	2.97e-08	1.94e-04	2.92e-02	9.71e-01
 2.30970e+21	0.00e+00	0.00e+00	4.24e-30	2.13e-24	1.68e-19	2.64e-15	1.36e-11	3.34e-08	2.10e-04	3.04e-02	9.69e-01
 2.38010e+21	0.00e+00	0.00e+00	5.84e-30	2.80e-24	2.13e-19	3.20e-15	1.58e-11	3.72e-08	2.25e-04	3.15e-02	9.68e-01
 2.44598e+21	0.00e+00	0.00e+00	7.84e-30	3.61e-24	2.64e-19	3.83e-15	1.82e-11	4.11e-08	2.41e-04	3.25e-02	9.67e-01
 2.52132e+21	0.00e+00	0.00e+00	1.09e-29	4.81e-24	3.37e-19	4.67e-15	2.13e-11	4.60e-08	2.60e-04	3.38e-02	9.66e-01
 2.60230e+21	0.00e+00	0.00e+00	1.55e-29	6.51e-24	4.36e-19	5.78e-15	2.51e-11	5.18e-08	2.81e-04	3.51e-02	9.65e-01
 2.67359e+21	0.00e+00	0.00e+00	2.09e-29	8.46e-24	5.45e-19	6.95e-15	2.89e-11	5.75e-08	3.01e-04	3.63e-02	9.63e-01
 2.74926e+21	0.00e+00	0.00e+00	2.87e-29	1.11e-23	6.87e-19	8.41e-15	3.36e-11	6.40e-08	3.23e-04	3.76e-02	9.62e-01
 2.83418e+21	0.00e+00	0.00e+00	4.06e-29	1.50e-23	8.87e-19	1.04e-14	3.96e-11	7.21e-08	3.50e-04	3.91e-02	9.61e-01
 2.91414e+21	0.00e+00	0.00e+00	5.60e-29	1.98e-23	1.12e-18	1.26e-14	4.61e-11	8.05e-08	3.76e-04	4.05e-02	9.59e-01
 2.98946e+21	0.00e+00	0.00e+00	7.53e-29	2.57e-23	1.40e-18	1.52e-14	5.31e-11	8.92e-08	4.03e-04	4.18e-02	9.58e-01
 3.07575e+21	0.00e+00	0.00e+00	1.05e-28	3.42e-23	1.79e-18	1.86e-14	6.22e-11	1.00e-07	4.34e-04	4.34e-02	9.56e-01
 3.17228e+21	0.00e+00	0.00e+00	1.51e-28	4.69e-23	2.34e-18	2.32e-14	7.40e-11	1.14e-07	4.72e-04	4.52e-02	9.54e-01
 3.25841e+21	0.00e+00	0.00e+00	2.08e-28	6.19e-23	2.96e-18	2.82e-14	8.62e-11	1.27e-07	5.08e-04	4.68e-02	9.53e-01
 3.33296e+21	0.00e+00	0.00e+00	2.73e-28	7.83e-23	3.62e-18	3.33e-14	9.81e-11	1.39e-07	5.40e-04	4.83e-02	9.51e-01
 3.41616e+21	0.00e+00	0.00e+00	3.66e-28	1.01e-22	4.50e-18	3.99e-14	1.13e-10	1.54e-07	5.78e-04	4.99e-02	9.50e-01
 3.52431e+21	0.00e+00	0.00e+00	5.33e-28	1.40e-22	5.95e-18	5.02e-14	1.35e-10	1.76e-07	6.30e-04	5.20e-02	9.47e-01
 3.63510e+21	0.00e+00	0.00e+00	7.78e-28	1.95e-22	7.88e-18	6.34e-14	1.62e-10	2.01e-07	6.87e-04	5.42e-02	9.45e-01
 3.72571e+21	0.00e+00	0.00e+00	1.05e-27	2.53e-22	9.85e-18	7.63e-14	1.88e-10	2.24e-07	7.36e-04	5.61e-02	9.43e-01
 3.81989e+21	0.00e+00	0.00e+00	1.43e-27	3.30e-22	1.24e-17	9.21e-14	2.18e-10	2.49e-07	7.90e-04	5.80e-02	9.41e-01
 3.94232e+21	0.00e+00	1.03e-33	2.11e-27	4.63e-22	1.65e-17	1.17e-13	2.63e-10	2.85e-07	8.64e-04	6.06e-02	9.39e-01
 4.06721e+21	0.00e+00	1.60e-33	3.12e-27	6.50e-22	2.21e-17	1.49e-13	3.17e-10	3.27e-07	9.45e-04	6.32e-02	9.36e-01
 4.16413e+21	0.00e+00	2.24e-33	4.20e-27	8.41e-22	2.75e-17	1.79e-13	3.66e-10	3.63e-07	1.01e-03	6.53e-02	9.34e-01
 4.25896e+21	0.00e+00	3.09e-33	5.57e-27	1.08e-21	3.39e-17	2.13e-13	4.19e-10	4.02e-07	1.08e-03	6.74e-02	9.32e-01
 4.38225e+21	0.00e+00	4.65e-33	7.99e-27	1.47e-21	4.43e-17	2.66e-13	4.99e-10	4.56e-07	1.17e-03	7.02e-02	9.29e-01
 4.51058e+21	0.00e+00	7.06e-33	1.16e-26	2.03e-21	5.83e-17	3.33e-13	5.97e-10	5.19e-07	1.28e-03	7.31e-02	9.26e-01
 4.61822e+21	0.00e+00	9.96e-33	1.56e-26	2.64e-21	7.30e-17	4.02e-13	6.91e-10	5.78e-07	1.37e-03	7.55e-02	9.23e-01
 4.73089e+21	0.00e+00	1.42e-32	2.13e-26	3.45e-21	9.18e-17	4.87e-13	8.03e-10	6.45e-07	1.47e-03	7.81e-02	9.20e-01
 4.87736e+21	0.00e+00	2.21e-32	3.16e-26	4.86e-21	1.23e-16	6.21e-13	9.72e-10	7.42e-07	1.61e-03	8.16e-02	9.17e-01
 5.02609e+21	0.00e+00	3.46e-32	4.69e-26	6.85e-21	1.65e-16	7.92e-13	1.18e-09	8.52e-07	1.76e-03	8.52e-02	9.13e-01
 5.14577e+21	0.00e+00	4.92e-32	6.39e-26	8.97e-21	2.08e-16	9.59e-13	1.37e-09	9.51e-07	1.89e-03	8.81e-02	9.10e-01
 5.25131e+21	0.00e+00	6.68e-32	8.37e-26	1.13e-20	2.54e-16	1.13e-12	1.56e-09	1.05e-06	2.01e-03	9.07e-02	9.07e-01
 5.37043e+21	0.00e+00	9.35e-32	1.13e-25	1.47e-20	3.17e-16	1.36e-12	1.80e-09	1.16e-06	2.16e-03	9.37e-02	9.04e-01
 5.52530e+21	0.00e+00	1.44e-31	1.65e-25	2.04e-20	4.20e-16	1.72e-12	2.16e-09	1.33e-06	2.35e-03	9.76e-02	9.00e-01
 5.68317e+21	0.00e+00	2.21e-31	2.41e-25	2.84e-20	5.57e-16	2.18e-12	2.60e-09	1.52e-06	2.57e-03	1.02e-01	8.96e-01
 5.81080e+21	0.00e+00	3.12e-31	3.26e-25	3.69e-20	6.97e-16	2.62e-12	3.01e-09	1.69e-06	2.75e-03	1.05e-01	8.92e-01
 5.94257e+21	0.00e+00	4.40e-31	4.42e-25	4.82e-20	8.75e-16	3.17e-12	3.49e-09	1.89e-06	2.95e-03	1.09e-01	8.88e-01
 6.11388e+21	0.00e+00	6.85e-31	6.53e-25	6.76e-20	1.17e-15	4.03e-12	4.22e-09	2.17e-06	3.23e-03	1.13e-01	8.84e-01
 6.29041e+21	0.00e+00	1.07e-30	9.70e-25	9.54e-20	1.57e-15	5.16e-12	5.12e-09	2.49e-06	3.53e-03	1.18e-01	8.78e-01
 6.43435e+21	0.00e+00	1.54e-30	1.33e-24	1.26e-19	1.99e-15	6.27e-12	5.97e-09	2.79e-06	3.80e-03	1.22e-01	8.74e-01
 6.58207e+21	0.00e+00	2.21e-30	1.83e-24	1.66e-19	2.52e-15	7.64e-12	6.97e-09	3.12e-06	4.08e-03	1.26e-01	8.70e-01
 6.73785e+21	0.00e+00	3.22e-30	2.55e-24	2.21e-19	3.23e-15	9.39e-12	8.20e-09	3.51e-06	4.40e-03	1.31e-01	8.65e-01
 6.87066e+21	0.00e+00	4.42e-30	3.38e-24	2.82e-19	3.98e-15	1.12e-11	9.39e-09	3.87e-06	4.69e-03	1.35e-01	8.61e-01
 7.00985e+21	0.00e+00	6.12e-30	4.50e-24	3.63e-19	4.93e-15	1.33e-11	1.08e-08	4.29e-06	5.01e-03	1.39e-01	8.56e-01
 7.19081e+21	0.00e+00	9.29e-30	6.51e-24	4.99e-19	6.48e-15	1.68e-11	1.29e-08	4.88e-06	5.45e-03	1.44e-01	8.50e-01
 7.37231e+21	0.00e+00	1.41e-29	9.38e-24	6.87e-19	8.51e-15	2.10e-11	1.54e-08	5.56e-06	5.92e-03	1.50e-01	8.45e-01
 7.51419e+21	0.00e+00	1.94e-29	1.24e-23	8.77e-19	1.05e-14	2.51e-11	1.77e-08	6.14e-06	6.30e-03	1.54e-01	8.40e-01
 7.63197e+21	0.00e+00	2.52e-29	1.57e-23	1.07e-18	1.25e-14	2.89e-11	1.98e-08	6.65e-06	6.64e-03	1.58e-01	8.36e-01
 7.75874e+21	0.00e+00	3.33e-29	2.01e-23	1.33e-18	1.50e-14	3.37e-11	2.23e-08	7.26e-06	7.02e-03	1.62e-01	8.31e-01
 7.92355e+21	0.00e+00	4.76e-29	2.75e-23	1.75e-18	1.89e-14	4.09e-11	2.60e-08	8.11e-06	7.53e-03	1.67e-01	8.26e-01
 8.09147e+21	0.00e+00	6.84e-29	3.78e-23	2.31e-18	2.40e-14	4.99e-11	3.04e-08	9.07e-06	8.09e-03	1.72e-01	8.20e-01
 8.22590e+21	0.00e+00	9.10e-29	4.87e-23	2.87e-18	2.90e-14	5.84e-11	3.44e-08	9.92e-06	8.56e-03	1.77e-01	8.15e-01
 8.36311e+21	0.00e+00	1.21e-28	6.27e-23	3.58e-18	3.51e-14	6.84e-11	3.89e-08	1.08e-05	9.06e-03	1.81e-01	8.10e-01
 8.50895e+21	0.00e+00	1.65e-28	8.21e-23	4.53e-18	4.28e-14	8.08e-11	4.43e-08	1.19e-05	9.62e-03	1.86e-01	8.04e-01
 8.63420e+21	0.00e+00	2.14e-28	1.03e-22	5.53e-18	5.09e-14	9.32e-11	4.96e-08	1.29e-05	1.01e-02	1.90e-01	8.00e-01
 8.74808e+21	0.00e+00	2.69e-28	1.27e-22	6.60e-18	5.92e-14	1.06e-10	5.47e-08	1.39e-05	1.06e-02	1.94e-01	7.95e-01
 8.87901e+21	0.00e+00	3.52e-28	1.60e-22	8.10e-18	7.06e-14	1.22e-10	6.14e-08	1.51e-05	1.12e-02	1.98e-01	7.90e-01
 9.02622e+21	0.00e+00	4.74e-28	2.08e-22	1.02e-17	8.59e-14	1.44e-10	6.97e-08	1.65e-05	1.18e-02	2.03e-01	7.85e-01
 9.16465e+21	0.00e+00	6.27e-28	2.66e-22	1.26e-17	1.03e-13	1.68e-10	7.86e-08	1.80e-05	1.25e-02	2.08e-01	7.79e-01
 9.29316e+21	0.00e+00	8.09e-28	3.34e-22	1.53e-17	1.22e-13	1.93e-10	8.77e-08	1.95e-05	1.31e-02	2.13e-01	7.74e-01
 9.43873e+21	0.00e+00	1.08e-27	4.30e-22	1.91e-17	1.47e-13	2.26e-10	9.91e-08	2.13e-05	1.39e-02	2.18e-01	7.68e-01
 9.59096e+21	0.00e+00	1.45e-27	5.60e-22	2.40e-17	1.79e-13	2.67e-10	1.13e-07	2.33e-05	1.47e-02	2.23e-01	7.62e-01
 9.71817e+21	0.00e+00	1.87e-27	6.97e-22	2.91e-17	2.11e-13	3.06e-10	1.25e-07	2.52e-05	1.54e-02	2.28e-01	7.57e-01
 9.84988e+21	0.00e+00	2.41e-27	8.72e-22	3.53e-17	2.50e-13	3.51e-10	1.40e-07	2.72e-05	1.62e-02	2.33e-01	7.51e-01
 1.00211e+22	0.00e+00	3.34e-27	1.16e-21	4.54e-17	3.10e-13	4.21e-10	1.61e-07	3.01e-05	1.73e-02	2.39e-01	7.44e-01
 1.01924e+22	0.00e+00	4.64e-27	1.56e-21	5.84e-17	3.85e-13	5.04e-10	1.86e-07	3.33e-05	1.84e-02	2.45e-01	7.36e-01
 1.03250e+22	1.16e-33	5.97e-27	1.94e-21	7.09e-17	4.55e-13	5.79e-10	2.07e-07	3.60e-05	1.93e-02	2.50e-01	7.30e-01
 1.04584e+22	1.54e-33	7.68e-27	2.42e-21	8.59e-17	5.37e-13	6.65e-10	2.30e-07	3.89e-05	2.02e-02	2.55e-01	7.25e-01
 1.06317e+22	2.21e-33	1.06e-26	3.22e-21	1.10e-16	6.64e-13	7.95e-10	2.65e-07	4.30e-05	2.15e-02	2.62e-01	7.17e-01
 1.08097e+22	3.21e-33	1.48e-26	4.33e-21	1.42e-16	8.28e-13	9.56e-10	3.06e-07	4.76e-05	2.29e-02	2.68e-01	7.09e-01
 1.09485e+22	4.28e-33	1.92e-26	5.43e-21	1.73e-16	9.82e-13	1.10e-09	3.42e-07	5.15e-05	2.41e-02	2.74e-01	7.02e-01
 1.10655e+22	5.45e-33	2.38e-26	6.57e-21	2.05e-16	1.13e-12	1.24e-09	3.75e-07	5.50e-05	2.51e-02	2.78e-01	6.97e-01
 1.11997e+22	7.17e-33	3.04e-26	8.16e-21	2.47e-16	1.33e-12	1.42e-09	4.18e-07	5.93e-05	2.63e-02	2.83e-01	6.90e-01
 1.13742e+22	1.02e-32	4.18e-26	1.08e-20	3.15e-16	1.64e-12	1.70e-09	4.79e-07	6.54e-05	2.79e-02	2.90e-01	6.82e-01
 1.15502e+22	1.47e-32	5.77e-26	1.43e-20	4.03e-16	2.03e-12	2.03e-09	5.51e-07	7.22e-05	2.96e-02	2.97e-01	6.73e-01
 1.16884e+22	1.94e-32	7.42e-26	1.79e-20	4.89e-16	2.40e-12	2.33e-09	6.14e-07	7.80e-05	3.11e-02	3.03e-01	6.66e-01
 1.18281e+22	2.56e-32	9.52e-26	2.23e-20	5.93e-16	2.84e-12	2.68e-09	6.85e-07	8.42e-05	3.25e-02	3.08e-01	6.59e-01
 1.20097e+22	3.68e-32	1.31e-25	2.97e-20	7.59e-16	3.51e-12	3.21e-09	7.88e-07	9.30e-05	3.46e-02	3.15e-01	6.50e-01
 1.21940e+22	5.31e-32	1.83e-25	3.97e-20	9.78e-16	4.37e-12	3.86e-09	9.10e-07	1.03e-04	3.68e-02	3.22e-01	6.41e-01
 1.23398e+22	7.10e-32	2.37e-25	4.99e-20	1.19e-15	5.20e-12	4.46e-09	1.02e-06	1.11e-04	3.86e-02	3.28e-01	6.33e-01
 1.24873e+22	9.46e-32	3.06e-25	6.26e-20	1.46e-15	6.17e-12	5.15e-09	1.14e-06	1.21e-04	4.05e-02	3.34e-01	6.25e-01
 1.26791e+22	1.37e-31	4.27e-25	8.39e-20	1.88e-15	7.70e-12	6.20e-09	1.32e-06	1.34e-04	4.30e-02	3.42e-01	6.15e-01
 1.28746e+22	2.00e-31	6.00e-25	1.13e-19	2.44e-15	9.66e-12	7.51e-09	1.53e-06	1.48e-04	4.58e-02	3.49e-01	6.05e-01
 1.30306e+22	2.71e-31	7.88e-25	1.44e-19	3.01e-15	1.16e-11	8.77e-09	1.73e-06	1.61e-04	4.82e-02	3.56e-01	5.96e-01
 1.31891e+22	3.63e-31	1.02e-24	1.82e-19	3.69e-15	1.38e-11	1.02e-08	1.94e-06	1.75e-04	5.06e-02	3.62e-01	5.88e-01
 1.33951e+22	5.31e-31	1.44e-24	2.46e-19	4.80e-15	1.74e-11	1.23e-08	2.26e-06	1.95e-04	5.39e-02	3.70e-01	5.76e-01
 1.36050e+22	7.82e-31	2.04e-24	3.35e-19	6.29e-15	2.20e-11	1.50e-08	2.64e-06	2.17e-04	5.75e-02	3.78e-01	5.65e-01
 1.37738e+22	1.06e-30	2.69e-24	4.28e-19	7.78e-15	2.65e-11	1.76e-08	2.99e-06	2.36e-04	6.04e-02	3.84e-01	5.55e-01
 1.39473e+22	1.44e-30	3.55e-24	5.46e-19	9.64e-15	3.19e-11	2.06e-08	3.39e-06	2.58e-04	6.36e-02	3.90e-01	5.46e-01
 1.41388e+22	2.02e-30	4.80e-24	7.14e-19	1.22e-14	3.92e-11	2.45e-08	3.88e-06	2.83e-04	6.72e-02	3.97e-01	5.35e-01
 1.43114e+22	2.72e-30	6.27e-24	9.06e-19	1.50e-14	4.70e-11	2.86e-08	4.38e-06	3.08e-04	7.06e-02	4.03e-01	5.26e-01
 1.44676e+22	3.54e-30	7.96e-24	1.12e-18	1.81e-14	5.53e-11	3.28e-08	4.88e-06	3.32e-04	7.37e-02	4.09e-01	5.17e-01
 1.46446e+22	4.74e-30	1.04e-23	1.41e-18	2.22e-14	6.61e-11	3.82e-08	5.50e-06	3.61e-04	7.74e-02	4.15e-01	5.08e-01
 1.48747e+22	6.86e-30	1.44e-23	1.90e-18	2.87e-14	8.29e-11	4.63e-08	6.40e-06	4.01e-04	8.22e-02	4.22e-01	4.95e-01
 1.51057e+22	9.90e-30	2.01e-23	2.55e-18	3.72e-14	1.04e-10	5.61e-08	7.45e-06	4.46e-04	8.73e-02	4.29e-01	4.83e-01
 1.52860e+22	1.31e-29	2.59e-23	3.20e-18	4.53e-14	1.24e-10	6.50e-08	8.36e-06	4.83e-04	9.14e-02	4.35e-01	4.73e-01
 1.54685e+22	1.71e-29	3.31e-23	3.98e-18	5.49e-14	1.46e-10	7.50e-08	9.36e-06	5.22e-04	9.55e-02	4.40e-01	4.64e-01
 1.57056e+22	2.42e-29	4.51e-23	5.25e-18	7.00e-14	1.81e-10	8.99e-08	1.08e-05	5.76e-04	1.01e-01	4.46e-01	4.52e-01
 1.59547e+22	3.44e-29	6.21e-23	6.98e-18	8.99e-14	2.26e-10	1.08e-07	1.25e-05	6.38e-04	1.07e-01	4.53e-01	4.39e-01
 1.61657e+22	4.59e-29	8.08e-23	8.84e-18	1.11e-13	2.70e-10	1.26e-07	1.42e-05	6.94e-04	1.12e-01	4.58e-01	4.29e-01
 1.63864e+22	6.14e-29	1.05e-22	1.12e-17	1.36e-13	3.24e-10	1.48e-07	1.60e-05	7.56e-04	1.18e-01	4.63e-01	4.18e-01
 1.66732e+22	8.86e-29	1.47e-22	1.51e-17	1.77e-13	4.08e-10	1.79e-07	1.87e-05	8.41e-04	1.25e-01	4.69e-01	4.05e-01
 1.69653e+22	1.28e-28	2.04e-22	2.03e-17	2.29e-13	5.13e-10	2.18e-07	2.18e-05	9.35e-04	1.32e-01	4.75e-01	3.92e-01
 1.71900e+22	1.68e-28	2.63e-22	2.54e-17	2.80e-13	6.12e-10	2.53e-07	2.45e-05	1.01e-03	1.38e-01	4.79e-01	3.81e-01
 1.73726e+22	2.07e-28	3.18e-22	3.02e-17	3.25e-13	6.98e-10	2.83e-07	2.68e-05	1.08e-03	1.43e-01	4.82e-01	3.74e-01
 1.75749e+22	2.61e-28	3.92e-22	3.64e-17	3.84e-13	8.06e-10	3.20e-07	2.95e-05	1.15e-03	1.48e-01	4.85e-01	3.65e-01
 1.78379e+22	3.48e-28	5.10e-22	4.61e-17	4.72e-13	9.68e-10	3.74e-07	3.34e-05	1.25e-03	1.55e-01	4.89e-01	3.55e-01
 1.81181e+22	4.71e-28	6.72e-22	5.91e-17	5.88e-13	1.17e-09	4.40e-07	3.80e-05	1.37e-03	1.63e-01	4.93e-01	3.43e-01
 1.83605e+22	6.07e-28	8.47e-22	7.28e-17	7.06e-13	1.38e-09	5.05e-07	4.24e-05	1.48e-03	1.69e-01	4.95e-01	3.34e-01
 1.86153e+22	7.85e-28	1.07e-21	8.99e-17	8.50e-13	1.62e-09	5.80e-07	4.73e-05	1.59e-03	1.76e-01	4.98e-01	3.24e-01
 1.89466e+22	1.08e-27	1.44e-21	1.17e-16	1.07e-12	1.99e-09	6.90e-07	5.43e-05	1.75e-03	1.85e-01	5.01e-01	3.12e-01
 1.92822e+22	1.49e-27	1.93e-21	1.53e-16	1.36e-12	2.44e-09	8.21e-07	6.23e-05	1.92e-03	1.94e-01	5.03e-01	3.00e-01
 1.95490e+22	1.91e-27	2.42e-21	1.87e-16	1.62e-12	2.86e-09	9.38e-07	6.92e-05	2.07e-03	2.02e-01	5.05e-01	2.91e-01
 1.97772e+22	2.35e-27	2.92e-21	2.22e-16	1.88e-12	3.26e-09	1.05e-06	7.56e-05	2.19e-03	2.08e-01	5.06e-01	2.84e-01
 2.00292e+22	2.92e-27	3.56e-21	2.66e-16	2.21e-12	3.74e-09	1.18e-06	8.30e-05	2.34e-03	2.15e-01	5.07e-01	2.76e-01
 2.03568e+22	3.85e-27	4.59e-21	3.34e-16	2.70e-12	4.46e-09	1.37e-06	9.33e-05	2.53e-03	2.24e-01	5.08e-01	2.66e-01
 2.06948e+22	5.09e-27	5.93e-21	4.21e-16	3.31e-12	5.34e-09	1.59e-06	1.05e-04	2.75e-03	2.33e-01	5.08e-01	2.56e-01
 2.09725e+22	6.37e-27	7.28e-21	5.06e-16	3.89e-12	6.16e-09	1.80e-06	1.16e-04	2.93e-03	2.41e-01	5.08e-01	2.48e-01
 2.12596e+22	7.95e-27	8.92e-21	6.09e-16	4.57e-12	7.09e-09	2.03e-06	1.27e-04	3.13e-03	2.49e-01	5.08e-01	2.40e-01
 2.16328e+22	1.05e-26	1.15e-20	7.68e-16	5.61e-12	8.48e-09	2.36e-06	1.43e-04	3.39e-03	2.58e-01	5.08e-01	2.30e-01
 2.20202e+22	1.40e-26	1.50e-20	9.73e-16	6.91e-12	1.02e-08	2.75e-06	1.62e-04	3.67e-03	2.69e-01	5.07e-01	2.21e-01
 2.23424e+22	1.77e-26	1.86e-20	1.18e-15	8.18e-12	1.18e-08	3.11e-06	1.78e-04	3.92e-03	2.78e-01	5.05e-01	2.13e-01
 2.26775e+22	2.22e-26	2.29e-20	1.43e-15	9.67e-12	1.36e-08	3.52e-06	1.96e-04	4.19e-03	2.86e-01	5.04e-01	2.05e-01
 2.31132e+22	2.97e-26	2.99e-20	1.82e-15	1.19e-11	1.64e-08	4.11e-06	2.21e-04	4.54e-03	2.98e-01	5.02e-01	1.96e-01
 2.35631e+22	4.00e-26	3.93e-20	2.32e-15	1.48e-11	1.98e-08	4.81e-06	2.50e-04	4.94e-03	3.09e-01	4.99e-01	1.87e-01
 2.39162e+22	5.01e-26	4.83e-20	2.80e-15	1.75e-11	2.28e-08	5.42e-06	2.75e-04	5.25e-03	3.18e-01	4.97e-01	1.80e-01
 2.42599e+22	6.19e-26	5.86e-20	3.33e-15	2.03e-11	2.61e-08	6.06e-06	3.00e-04	5.57e-03	3.27e-01	4.94e-01	1.73e-01
 2.47067e+22	8.09e-26	7.49e-20	4.16e-15	2.47e-11	3.08e-08	6.98e-06	3.35e-04	5.99e-03	3.38e-01	4.91e-01	1.65e-01
 2.51775e+22	1.07e-25	9.66e-20	5.23e-15	3.02e-11	3.67e-08	8.07e-06	3.74e-04	6.45e-03	3.49e-01	4.87e-01	1.57e-01
 2.55812e+22	1.35e-25	1.19e-19	6.33e-15	3.57e-11	4.24e-08	9.11e-06	4.11e-04	6.87e-03	3.59e-01	4.83e-01	1.51e-01
 2.60077e+22	1.70e-25	1.48e-19	7.68e-15	4.23e-11	4.91e-08	1.03e-05	4.52e-04	7.31e-03	3.69e-01	4.79e-01	1.44e-01
 2.65621e+22	2.29e-25	1.94e-19	9.80e-15	5.23e-11	5.91e-08	1.20e-05	5.09e-04	7.90e-03	3.81e-01	4.74e-01	1.36e-01
 2.71418e+22	3.11e-25	2.57e-19	1.26e-14	6.52e-11	7.15e-08	1.40e-05	5.74e-04	8.56e-03	3.95e-01	4.68e-01	1.29e-01
 2.76332e+22	4.00e-25	3.24e-19	1.55e-14	7.81e-11	8.35e-08	1.60e-05	6.34e-04	9.13e-03	4.05e-01	4.62e-01	1.22e-01
 2.80680e+22	4.96e-25	3.95e-19	1.85e-14	9.13e-11	9.55e-08	1.79e-05	6.90e-04	9.65e-03	4.15e-01	4.58e-01	1.17e-01
 2.85505e+22	6.26e-25	4.88e-19	2.25e-14	1.08e-10	1.10e-07	2.01e-05	7.57e-04	1.02e-02	4.25e-01	4.52e-01	1.12e-01
 2.91776e+22	8.39e-25	6.37e-19	2.85e-14	1.33e-10	1.32e-07	2.33e-05	8.45e-04	1.10e-02	4.37e-01	4.45e-01	1.05e-01
 2.98335e+22	1.14e-24	8.41e-19	3.66e-14	1.65e-10	1.59e-07	2.72e-05	9.51e-04	1.19e-02	4.51e-01	4.38e-01	9.88e-02
 3.03612e+22	1.44e-24	1.04e-18	4.44e-14	1.95e-10	1.84e-07	3.06e-05	1.04e-03	1.26e-02	4.61e-01	4.31e-01	9.38e-02
 3.08138e+22	1.75e-24	1.25e-18	5.23e-14	2.25e-10	2.07e-07	3.38e-05	1.12e-03	1.32e-02	4.70e-01	4.26e-01	8.99e-02
 3.13342e+22	2.19e-24	1.53e-18	6.26e-14	2.63e-10	2.37e-07	3.78e-05	1.22e-03	1.40e-02	4.79e-01	4.20e-01	8.56e-02
 3.20109e+22	2.88e-24	1.97e-18	7.86e-14	3.21e-10	2.81e-07	4.34e-05	1.36e-03	1.49e-02	4.91e-01	4.12e-01	8.05e-02
 3.27211e+22	3.84e-24	2.56e-18	9.95e-14	3.94e-10	3.35e-07	5.02e-05	1.51e-03	1.60e-02	5.04e-01	4.04e-01	7.52e-02
 3.33148e+22	4.85e-24	3.17e-18	1.21e-13	4.66e-10	3.86e-07	5.64e-05	1.65e-03	1.69e-02	5.14e-01	3.96e-01	7.11e-02
 3.39262e+22	6.11e-24	3.92e-18	1.46e-13	5.50e-10	4.45e-07	6.34e-05	1.81e-03	1.79e-02	5.24e-01	3.89e-01	6.73e-02
 3.47211e+22	8.18e-24	5.11e-18	1.85e-13	6.76e-10	5.31e-07	7.32e-05	2.01e-03	1.92e-02	5.36e-01	3.80e-01	6.27e-02
 3.55435e+22	1.10e-23	6.70e-18	2.37e-13	8.37e-10	6.38e-07	8.51e-05	2.25e-03	2.06e-02	5.49e-01	3.70e-01	5.81e-02
 3.62133e+22	1.39e-23	8.30e-18	2.87e-13	9.89e-10	7.36e-07	9.58e-05	2.46e-03	2.18e-02	5.59e-01	3.62e-01	5.47e-02
 3.68957e+22	1.74e-23	1.02e-17	3.46e-13	1.17e-09	8.48e-07	1.07e-04	2.69e-03	2.30e-02	5.68e-01	3.54e-01	5.15e-02
 3.77829e+22	2.31e-23	1.33e-17	4.38e-13	1.43e-09	1.01e-06	1.24e-04	2.99e-03	2.46e-02	5.80e-01	3.44e-01	4.77e-02
 3.87141e+22	3.11e-23	1.74e-17	5.61e-13	1.77e-09	1.22e-06	1.44e-04	3.35e-03	2.64e-02	5.92e-01	3.34e-01	4.39e-02
 3.94430e+22	3.89e-23	2.15e-17	6.76e-13	2.09e-09	1.40e-06	1.62e-04	3.65e-03	2.79e-02	6.01e-01	3.26e-01	4.11e-02
 4.00224e+22	4.62e-23	2.51e-17	7.80e-13	2.37e-09	1.56e-06	1.77e-04	3.90e-03	2.90e-02	6.08e-01	3.19e-01	3.91e-02
 4.06671e+22	5.54e-23	2.98e-17	9.10e-13	2.71e-09	1.75e-06	1.95e-04	4.19e-03	3.04e-02	6.16e-01	3.13e-01	3.70e-02
 4.15053e+22	7.00e-23	3.69e-17	1.11e-12	3.21e-09	2.02e-06	2.19e-04	4.58e-03	3.20e-02	6.25e-01	3.04e-01	3.45e-02
 4.24178e+22	8.91e-23	4.63e-17	1.36e-12	3.85e-09	2.37e-06	2.50e-04	5.05e-03	3.41e-02	6.34e-01	2.94e-01	3.19e-02
 4.32231e+22	1.10e-22	5.64e-17	1.63e-12	4.51e-09	2.71e-06	2.79e-04	5.49e-03	3.59e-02	6.43e-01	2.86e-01	2.98e-02
 4.40663e+22	1.35e-22	6.84e-17	1.94e-12	5.27e-09	3.11e-06	3.12e-04	5.97e-03	3.78e-02	6.50e-01	2.78e-01	2.77e-02
 4.51624e+22	1.75e-22	8.71e-17	2.43e-12	6.41e-09	3.68e-06	3.59e-04	6.63e-03	4.03e-02	6.60e-01	2.67e-01	2.54e-02
 4.62744e+22	2.26e-22	1.11e-16	3.04e-12	7.81e-09	4.37e-06	4.14e-04	7.37e-03	4.30e-02	6.69e-01	2.57e-01	2.31e-02
 4.71550e+22	2.75e-22	1.33e-16	3.60e-12	9.08e-09	4.99e-06	4.61e-04	8.00e-03	4.52e-02	6.76e-01	2.49e-01	2.14e-02
 4.80477e+22	3.30e-22	1.59e-16	4.24e-12	1.05e-08	5.66e-06	5.12e-04	8.65e-03	4.75e-02	6.82e-01	2.41e-01	1.99e-02
 4.92082e+22	4.14e-22	1.98e-16	5.20e-12	1.26e-08	6.63e-06	5.84e-04	9.54e-03	5.04e-02	6.90e-01	2.31e-01	1.82e-02
 5.04437e+22	5.22e-22	2.48e-16	6.43e-12	1.52e-08	7.84e-06	6.71e-04	1.06e-02	5.38e-02	6.98e-01	2.21e-01	1.64e-02
 5.14979e+22	6.29e-22	2.97e-16	7.65e-12	1.78e-08	9.02e-06	7.54e-04	1.16e-02	5.68e-02	7.03e-01	2.12e-01	1.51e-02
 5.25896e+22	7.56e-22	3.55e-16	9.07e-12	2.07e-08	1.03e-05	8.44e-04	1.26e-02	5.98e-02	7.09e-01	2.04e-01	1.38e-02
 5.40089e+22	9.40e-22	4.42e-16	1.12e-11	2.50e-08	1.22e-05	9.71e-04	1.40e-02	6.38e-02	7.15e-01	1.94e-01	1.24e-02
 5.54646e+22	1.17e-21	5.49e-16	1.38e-11	3.04e-08	1.45e-05	1.12e-03	1.56e-02	6.83e-02	7.20e-01	1.84e-01	1.10e-02
 5.66360e+22	1.37e-21	6.46e-16	1.62e-11	3.52e-08	1.66e-05	1.26e-03	1.70e-02	7.20e-02	7.24e-01	1.76e-01	1.00e-02
 5.76331e+22	1.57e-21	7.42e-16	1.86e-11	3.98e-08	1.85e-05	1.37e-03	1.81e-02	7.50e-02	7.27e-01	1.69e-01	9.32e-03
 5.87355e+22	1.79e-21	8.51e-16	2.13e-11	4.52e-08	2.08e-05	1.51e-03	1.95e-02	7.84e-02	7.29e-01	1.63e-01	8.57e-03
 6.01686e+22	2.09e-21	1.01e-15	2.52e-11	5.29e-08	2.40e-05	1.71e-03	2.13e-02	8.30e-02	7.32e-01	1.54e-01	7.71e-03
 6.16860e+22	2.46e-21	1.20e-15	3.02e-11	6.25e-08	2.79e-05	1.94e-03	2.35e-02	8.80e-02	7.34e-01	1.46e-01	6.87e-03
 6.29806e+22	2.79e-21	1.38e-15	3.49e-11	7.17e-08	3.16e-05	2.16e-03	2.54e-02	9.24e-02	7.35e-01	1.39e-01	6.23e-03
 6.41343e+22	3.11e-21	1.56e-15	3.96e-11	8.07e-08	3.52e-05	2.36e-03	2.71e-02	9.63e-02	7.35e-01	1.33e-01	5.73e-03
 6.54372e+22	3.47e-21	1.77e-15	4.51e-11	9.14e-08	3.95e-05	2.60e-03	2.91e-02	1.01e-01	7.35e-01	1.27e-01	5.23e-03
 6.71308e+22	3.96e-21	2.06e-15	5.32e-11	1.07e-07	4.56e-05	2.93e-03	3.18e-02	1.06e-01	7.35e-01	1.20e-01	4.65e-03
 6.88908e+22	4.53e-21	2.41e-15	6.31e-11	1.26e-07	5.30e-05	3.31e-03	3.48e-02	1.12e-01	7.33e-01	1.12e-01	4.10e-03
 7.03368e+22	5.03e-21	2.74e-15	7.25e-11	1.44e-07	5.98e-05	3.66e-03	3.74e-02	1.18e-01	7.31e-01	1.06e-01	3.70e-03
 7.18166e+22	5.53e-21	3.08e-15	8.23e-11	1.63e-07	6.70e-05	4.02e-03	4.00e-02	1.23e-01	7.29e-01	1.01e-01	3.36e-03
 7.37402e+22	6.21e-21	3.56e-15	9.69e-11	1.91e-07	7.73e-05	4.52e-03	4.35e-02	1.29e-01	7.25e-01	9.47e-02	2.97e-03
 7.57690e+22	7.03e-21	4.17e-15	1.15e-10	2.25e-07	9.00e-05	5.11e-03	4.75e-02	1.36e-01	7.20e-01	8.82e-02	2.60e-03
 7.74810e+22	7.77e-21	4.74e-15	1.33e-10	2.59e-07	1.02e-04	5.66e-03	5.11e-02	1.42e-01	7.15e-01	8.30e-02	2.32e-03
 7.92533e+22	8.53e-21	5.35e-15	1.53e-10	2.96e-07	1.15e-04	6.22e-03	5.46e-02	1.48e-01	7.10e-01	7.84e-02	2.09e-03
 8.15572e+22	9.58e-21	6.23e-15	1.81e-10	3.50e-07	1.34e-04	7.01e-03	5.93e-02	1.56e-01	7.03e-01	7.28e-02	1.82e-03
 8.39996e+22	1.10e-20	7.40e-15	2.19e-10	4.20e-07	1.57e-04	7.96e-03	6.47e-02	1.64e-01	6.94e-01	6.72e-02	1.58e-03
 8.60909e+22	1.20e-20	8.46e-15	2.57e-10	4.89e-07	1.80e-04	8.85e-03	6.95e-02	1.72e-01	6.86e-01	6.26e-02	1.39e-03
 8.78059e+22	1.33e-20	9.53e-15	2.92e-10	5.52e-07	2.00e-04	9.61e-03	7.35e-02	1.77e-01	6.79e-01	5.93e-02	1.26e-03
 8.95627e+22	1.44e-20	1.06e-14	3.30e-10	6.20e-07	2.21e-04	1.04e-02	7.74e-02	1.83e-01	6.72e-01	5.62e-02	1.15e-03
 9.18466e+22	1.60e-20	1.22e-14	3.84e-10	7.18e-07	2.51e-04	1.14e-02	8.26e-02	1.89e-01	6.63e-01	5.25e-02	1.02e-03
 9.43433e+22	1.81e-20	1.43e-14	4.57e-10	8.45e-07	2.89e-04	1.27e-02	8.86e-02	1.97e-01	6.52e-01	4.87e-02	8.91e-04
 9.65724e+22	2.00e-20	1.63e-14	5.33e-10	9.77e-07	3.27e-04	1.40e-02	9.42e-02	2.04e-01	6.41e-01	4.54e-02	7.91e-04
 9.86075e+22	2.23e-20	1.85e-14	6.10e-10	1.11e-06	3.63e-04	1.52e-02	9.92e-02	2.10e-01	6.32e-01	4.29e-02	7.16e-04
 1.00935e+23	2.47e-20	2.12e-14	7.04e-10	1.26e-06	4.06e-04	1.65e-02	1.05e-01	2.16e-01	6.22e-01	4.02e-02	6.42e-04
 1.03960e+23	2.83e-20	2.50e-14	8.43e-10	1.49e-06	4.68e-04	1.83e-02	1.12e-01	2.23e-01	6.08e-01	3.71e-02	5.59e-04
 1.07134e+23	3.31e-20	3.02e-14	1.03e-09	1.80e-06	5.46e-04	2.05e-02	1.20e-01	2.32e-01	5.93e-01	3.39e-02	4.80e-04
 1.09748e+23	3.77e-20	3.52e-14	1.21e-09	2.08e-06	6.17e-04	2.25e-02	1.27e-01	2.38e-01	5.80e-01	3.15e-02	4.25e-04
 1.12394e+23	4.20e-20	4.04e-14	1.40e-09	2.38e-06	6.89e-04	2.44e-02	1.34e-01	2.44e-01	5.67e-01	2.94e-02	3.80e-04
 1.15835e+23	4.91e-20	4.81e-14	1.68e-09	2.80e-06	7.88e-04	2.69e-02	1.42e-01	2.51e-01	5.52e-01	2.70e-02	3.31e-04
 1.19628e+23	5.85e-20	5.89e-14	2.07e-09	3.37e-06	9.18e-04	3.00e-02	1.52e-01	2.58e-01	5.34e-01	2.45e-02	2.83e-04
 1.23011e+23	6.85e-20	7.07e-14	2.50e-09	3.98e-06	1.05e-03	3.31e-02	1.61e-01	2.64e-01	5.18e-01	2.24e-02	2.45e-04
 1.26011e+23	7.87e-20	8.21e-14	2.90e-09	4.54e-06	1.17e-03	3.58e-02	1.69e-01	2.69e-01	5.04e-01	2.09e-02	2.19e-04
 1.29381e+23	9.03e-20	9.59e-14	3.39e-09	5.21e-06	1.31e-03	3.88e-02	1.77e-01	2.74e-01	4.89e-01	1.93e-02	1.94e-04
 1.33763e+23	1.08e-19	1.16e-13	4.09e-09	6.12e-06	1.49e-03	4.26e-02	1.87e-01	2.79e-01	4.72e-01	1.76e-02	1.67e-04
 1.39027e+23	1.32e-19	1.45e-13	5.13e-09	7.46e-06	1.75e-03	4.78e-02	1.99e-01	2.85e-01	4.50e-01	1.57e-02	1.40e-04
 1.44166e+23	1.65e-19	1.84e-13	6.44e-09	9.08e-06	2.06e-03	5.34e-02	2.12e-01	2.90e-01	4.28e-01	1.39e-02	1.17e-04
 1.48570e+23	1.98e-19	2.22e-13	7.72e-09	1.06e-05	2.33e-03	5.83e-02	2.23e-01	2.94e-01	4.10e-01	1.27e-02	1.01e-04
 1.53287e+23	2.33e-19	2.63e-13	9.10e-09	1.22e-05	2.61e-03	6.32e-02	2.33e-01	2.97e-01	3.93e-01	1.16e-02	8.79e-05
 1.59134e+23	2.85e-19	3.21e-13	1.10e-08	1.43e-05	2.97e-03	6.92e-02	2.44e-01	2.99e-01	3.74e-01	1.04e-02	7.49e-05
 1.65623e+23	3.55e-19	4.03e-13	1.37e-08	1.72e-05	3.44e-03	7.65e-02	2.58e-01	3.01e-01	3.52e-01	9.16e-03	6.23e-05
 1.71657e+23	4.42e-19	5.00e-13	1.67e-08	2.04e-05	3.94e-03	8.40e-02	2.70e-01	3.02e-01	3.32e-01	8.15e-03	5.24e-05
 1.76876e+23	5.27e-19	5.96e-13	1.97e-08	2.34e-05	4.40e-03	9.05e-02	2.80e-01	3.02e-01	3.15e-01	7.39e-03	4.55e-05
 1.82609e+23	6.09e-19	6.87e-13	2.25e-08	2.61e-05	4.81e-03	9.63e-02	2.89e-01	3.02e-01	3.01e-01	6.77e-03	4.01e-05
 1.89629e+23	7.26e-19	8.16e-13	2.64e-08	2.98e-05	5.36e-03	1.04e-01	2.99e-01	3.01e-01	2.85e-01	6.09e-03	3.45e-05
 1.97337e+23	8.84e-19	9.86e-13	3.14e-08	3.44e-05	6.02e-03	1.12e-01	3.10e-01	2.99e-01	2.67e-01	5.43e-03	2.93e-05
 2.05354e+23	1.06e-18	1.18e-12	3.69e-08	3.93e-05	6.71e-03	1.21e-01	3.20e-01	2.97e-01	2.51e-01	4.85e-03	2.50e-05
 2.13692e+23	1.27e-18	1.39e-12	4.29e-08	4.46e-05	7.43e-03	1.29e-01	3.30e-01	2.94e-01	2.36e-01	4.34e-03	2.15e-05
 2.22319e+23	1.49e-18	1.63e-12	4.94e-08	5.00e-05	8.17e-03	1.37e-01	3.39e-01	2.90e-01	2.21e-01	3.91e-03	1.86e-05
 2.30636e+23	1.76e-18	1.90e-12	5.68e-08	5.61e-05	8.96e-03	1.46e-01	3.47e-01	2.86e-01	2.08e-01	3.52e-03	1.61e-05
 2.38120e+23	2.00e-18	2.14e-12	6.32e-08	6.12e-05	9.63e-03	1.53e-01	3.53e-01	2.83e-01	1.98e-01	3.24e-03	1.44e-05
 2.44856e+23	2.25e-18	2.39e-12	6.97e-08	6.63e-05	1.03e-02	1.60e-01	3.59e-01	2.79e-01	1.89e-01	3.00e-03	1.30e-05
 2.50919e+23	2.48e-18	2.61e-12	7.56e-08	7.08e-05	1.08e-02	1.66e-01	3.63e-01	2.76e-01	1.81e-01	2.82e-03	1.19e-05
 2.56375e+23	2.66e-18	2.80e-12	8.03e-08	7.44e-05	1.13e-02	1.70e-01	3.67e-01	2.74e-01	1.75e-01	2.67e-03	1.11e-05
 2.61286e+23	2.85e-18	2.97e-12	8.48e-08	7.78e-05	1.17e-02	1.74e-01	3.70e-01	2.71e-01	1.70e-01	2.55e-03	1.05e-05
 2.65705e+23	3.01e-18	3.13e-12	8.87e-08	8.07e-05	1.21e-02	1.78e-01	3.72e-01	2.69e-01	1.66e-01	2.45e-03	9.93e-06
 2.69683e+23	3.14e-18	3.26e-12	9.21e-08	8.32e-05	1.24e-02	1.81e-01	3.74e-01	2.68e-01	1.62e-01	2.37e-03	9.50e-06
 2.73263e+23	3.27e-18	3.38e-12	9.52e-08	8.55e-05	1.27e-02	1.83e-01	3.76e-01	2.66e-01	1.59e-01	2.30e-03	9.14e-06
 2.76486e+23	3.37e-18	3.48e-12	9.76e-08	8.73e-05	1.29e-02	1.86e-01	3.78e-01	2.65e-01	1.57e-01	2.25e-03	8.86e-06
 2.79541e+23	3.43e-18	3.55e-12	9.92e-08	8.85e-05	1.31e-02	1.87e-01	3.79e-01	2.64e-01	1.55e-01	2.21e-03	8.65e-06
 2.82596e+23	3.51e-18	3.62e-12	1.01e-07	8.99e-05	1.33e-02	1.89e-01	3.80e-01	2.62e-01	1.53e-01	2.17e-03	8.44e-06
 2.85650e+23	3.58e-18	3.69e-12	1.03e-07	9.12e-05	1.34e-02	1.91e-01	3.81e-01	2.61e-01	1.51e-01	2.12e-03	8.24e-06
 2.88705e+23	3.64e-18	3.75e-12	1.05e-07	9.24e-05	1.36e-02	1.92e-01	3.82e-01	2.60e-01	1.49e-01	2.09e-03	8.05e-06
 2.91760e+23	3.70e-18	3.81e-12	1.06e-07	9.35e-05	1.38e-02	1.94e-01	3.83e-01	2.59e-01	1.48e-01	2.05e-03	7.88e-06
 2.94815e+23	3.74e-18	3.85e-12	1.07e-07	9.44e-05	1.39e-02	1.95e-01	3.84e-01	2.59e-01	1.46e-01	2.02e-03	7.74e-06
 2.97870e+23	3.78e-18	3.89e-12	1.08e-07	9.52e-05	1.40e-02	1.96e-01	3.85e-01	2.58e-01	1.45e-01	2.00e-03	7.61e-06
 3.00925e+23	3.82e-18	3.93e-12	1.09e-07	9.60e-05	1.41e-02	1.97e-01	3.86e-01	2.57e-01	1.43e-01	1.97e-03	7.48e-06
 3.03967e+23	3.86e-18	3.97e-12	1.10e-07	9.68e-05	1.43e-02	1.99e-01	3.87e-01	2.56e-01	1.42e-01	1.94e-03	7.35e-06
