#depth	C	C+	C+2	C+3	C+4	C+5	C+6	C[1]	C[2]	C[3]	C+[1]	C+[2]	CO
 6.17135e+19	0.00e+00	4.39e-28	1.06e-20	2.48e-14	1.33e-08	1.37e-04	1.00e+00	0.00e+00	0.00e+00	0.00e+00	0.00e+00	0.00e+00	1.37e-89
 1.87609e+20	0.00e+00	6.99e-28	1.51e-20	3.16e-14	1.58e-08	1.51e-04	1.00e+00	0.00e+00	0.00e+00	0.00e+00	0.00e+00	0.00e+00	1.35e-89
 3.18540e+20	0.00e+00	1.12e-27	2.15e-20	4.04e-14	1.87e-08	1.67e-04	1.00e+00	0.00e+00	0.00e+00	0.00e+00	0.00e+00	0.00e+00	1.33e-89
 4.54709e+20	0.00e+00	1.80e-27	3.07e-20	5.14e-14	2.21e-08	1.84e-04	1.00e+00	0.00e+00	0.00e+00	0.00e+00	0.00e+00	0.00e+00	1.29e-89
 5.47535e+20	0.00e+00	2.46e-27	3.89e-20	6.03e-14	2.47e-08	1.97e-04	1.00e+00	0.00e+00	0.00e+00	0.00e+00	0.00e+00	0.00e+00	1.17e-89
 5.82109e+20	0.00e+00	2.77e-27	4.24e-20	6.39e-14	2.58e-08	2.03e-04	1.00e+00	0.00e+00	0.00e+00	0.00e+00	0.00e+00	0.00e+00	9.65e-90
 6.07795e+20	0.00e+00	3.01e-27	4.51e-20	6.67e-14	2.65e-08	2.06e-04	1.00e+00	0.00e+00	0.00e+00	0.00e+00	0.00e+00	0.00e+00	7.83e-90
 6.41186e+20	0.00e+00	3.36e-27	4.90e-20	7.04e-14	2.76e-08	2.11e-04	1.00e+00	0.00e+00	0.00e+00	0.00e+00	0.00e+00	0.00e+00	6.38e-90
 6.84596e+20	0.00e+00	3.87e-27	5.44e-20	7.55e-14	2.90e-08	2.18e-04	1.00e+00	0.00e+00	0.00e+00	0.00e+00	0.00e+00	0.00e+00	5.22e-90
 7.41027e+20	0.00e+00	4.64e-27	6.22e-20	8.26e-14	3.09e-08	2.26e-04	1.00e+00	0.00e+00	0.00e+00	0.00e+00	0.00e+00	0.00e+00	4.32e-90
 8.02671e+20	0.00e+00	5.64e-27	7.19e-20	9.09e-14	3.31e-08	2.36e-04	1.00e+00	0.00e+00	0.00e+00	0.00e+00	0.00e+00	0.00e+00	3.57e-90
 8.56252e+20	0.00e+00	6.67e-27	8.14e-20	9.87e-14	3.51e-08	2.45e-04	1.00e+00	0.00e+00	0.00e+00	0.00e+00	0.00e+00	0.00e+00	2.90e-90
 9.02865e+20	0.00e+00	7.72e-27	9.06e-20	1.06e-13	3.69e-08	2.53e-04	1.00e+00	0.00e+00	0.00e+00	0.00e+00	0.00e+00	0.00e+00	2.31e-90
 9.55258e+20	0.00e+00	9.03e-27	1.02e-19	1.14e-13	3.90e-08	2.62e-04	1.00e+00	0.00e+00	0.00e+00	0.00e+00	0.00e+00	0.00e+00	5.61e-91
 1.02337e+21	0.00e+00	1.11e-26	1.18e-19	1.26e-13	4.18e-08	2.75e-04	1.00e+00	0.00e+00	0.00e+00	0.00e+00	0.00e+00	0.00e+00	1.34e-91
 1.09144e+21	0.00e+00	1.36e-26	1.37e-19	1.39e-13	4.48e-08	2.88e-04	1.00e+00	0.00e+00	0.00e+00	0.00e+00	0.00e+00	0.00e+00	1.07e-91
 1.14281e+21	0.00e+00	1.58e-26	1.53e-19	1.49e-13	4.72e-08	2.98e-04	1.00e+00	0.00e+00	0.00e+00	0.00e+00	0.00e+00	0.00e+00	8.27e-92
 1.19293e+21	0.00e+00	1.83e-26	1.70e-19	1.59e-13	4.96e-08	3.08e-04	1.00e+00	0.00e+00	0.00e+00	0.00e+00	0.00e+00	0.00e+00	6.32e-92
 1.25809e+21	0.00e+00	2.21e-26	1.95e-19	1.73e-13	5.28e-08	3.21e-04	1.00e+00	0.00e+00	0.00e+00	0.00e+00	0.00e+00	0.00e+00	4.87e-92
 1.32562e+21	0.00e+00	2.67e-26	2.24e-19	1.89e-13	5.63e-08	3.35e-04	1.00e+00	0.00e+00	0.00e+00	0.00e+00	0.00e+00	0.00e+00	3.73e-92
 1.38146e+21	0.00e+00	3.12e-26	2.50e-19	2.03e-13	5.94e-08	3.47e-04	1.00e+00	0.00e+00	0.00e+00	0.00e+00	0.00e+00	0.00e+00	2.81e-92
 1.43931e+21	0.00e+00	3.66e-26	2.80e-19	2.18e-13	6.26e-08	3.60e-04	1.00e+00	0.00e+00	0.00e+00	0.00e+00	0.00e+00	0.00e+00	2.12e-92
 1.51451e+21	0.00e+00	4.48e-26	3.24e-19	2.38e-13	6.70e-08	3.78e-04	1.00e+00	0.00e+00	0.00e+00	0.00e+00	0.00e+00	0.00e+00	1.65e-92
 1.58779e+21	0.00e+00	5.44e-26	3.72e-19	2.59e-13	7.14e-08	3.95e-04	1.00e+00	0.00e+00	0.00e+00	0.00e+00	0.00e+00	0.00e+00	5.37e-93
 1.64201e+21	0.00e+00	6.27e-26	4.12e-19	2.76e-13	7.49e-08	4.09e-04	1.00e+00	0.00e+00	0.00e+00	0.00e+00	0.00e+00	0.00e+00	4.94e-93
 1.69593e+21	0.00e+00	7.20e-26	4.54e-19	2.93e-13	7.84e-08	4.22e-04	1.00e+00	0.00e+00	0.00e+00	0.00e+00	0.00e+00	0.00e+00	7.83e-93
 1.76601e+21	0.00e+00	8.60e-26	5.15e-19	3.16e-13	8.31e-08	4.40e-04	1.00e+00	0.00e+00	0.00e+00	0.00e+00	0.00e+00	0.00e+00	1.29e-92
 1.83972e+21	3.56e-34	1.03e-25	5.86e-19	3.41e-13	8.83e-08	4.60e-04	1.00e+00	0.00e+00	0.00e+00	0.00e+00	0.00e+00	0.00e+00	1.66e-92
 1.90234e+21	4.34e-34	1.21e-25	6.54e-19	3.64e-13	9.29e-08	4.77e-04	1.00e+00	0.00e+00	0.00e+00	0.00e+00	0.00e+00	0.00e+00	2.71e-92
 1.96794e+21	5.33e-34	1.41e-25	7.30e-19	3.89e-13	9.78e-08	4.96e-04	1.00e+00	0.00e+00	0.00e+00	0.00e+00	0.00e+00	0.00e+00	5.06e-92
 2.04024e+21	6.66e-34	1.68e-25	8.24e-19	4.18e-13	1.04e-07	5.17e-04	9.99e-01	0.00e+00	0.00e+00	0.00e+00	0.00e+00	0.00e+00	8.91e-92
 2.10648e+21	8.15e-34	1.96e-25	9.18e-19	4.45e-13	1.09e-07	5.36e-04	9.99e-01	0.00e+00	0.00e+00	0.00e+00	0.00e+00	0.00e+00	1.38e-91
 2.16684e+21	9.76e-34	2.25e-25	1.01e-18	4.71e-13	1.14e-07	5.55e-04	9.99e-01	0.00e+00	0.00e+00	0.00e+00	0.00e+00	0.00e+00	2.25e-91
 2.23430e+21	1.19e-33	2.62e-25	1.13e-18	5.01e-13	1.20e-07	5.76e-04	9.99e-01	0.00e+00	0.00e+00	0.00e+00	0.00e+00	0.00e+00	4.13e-91
 2.30970e+21	1.48e-33	3.09e-25	1.26e-18	5.37e-13	1.27e-07	6.00e-04	9.99e-01	0.00e+00	0.00e+00	0.00e+00	0.00e+00	0.00e+00	7.24e-91
 2.38010e+21	1.81e-33	3.61e-25	1.41e-18	5.71e-13	1.33e-07	6.22e-04	9.99e-01	0.00e+00	0.00e+00	0.00e+00	0.00e+00	0.00e+00	1.13e-90
 2.44598e+21	2.17e-33	4.15e-25	1.55e-18	6.05e-13	1.40e-07	6.44e-04	9.99e-01	0.00e+00	0.00e+00	0.00e+00	0.00e+00	0.00e+00	1.86e-90
 2.52132e+21	2.67e-33	4.87e-25	1.74e-18	6.45e-13	1.47e-07	6.70e-04	9.99e-01	0.00e+00	0.00e+00	0.00e+00	0.00e+00	0.00e+00	3.51e-90
 2.60230e+21	3.32e-33	5.76e-25	1.95e-18	6.90e-13	1.55e-07	6.98e-04	9.99e-01	0.00e+00	0.00e+00	0.00e+00	0.00e+00	0.00e+00	6.23e-90
 2.67359e+21	4.02e-33	6.66e-25	2.16e-18	7.31e-13	1.63e-07	7.23e-04	9.99e-01	0.00e+00	0.00e+00	0.00e+00	0.00e+00	0.00e+00	9.54e-90
 2.74926e+21	4.89e-33	7.74e-25	2.40e-18	7.77e-13	1.72e-07	7.51e-04	9.99e-01	0.00e+00	0.00e+00	0.00e+00	0.00e+00	0.00e+00	1.78e-89
 2.83418e+21	6.07e-33	9.15e-25	2.70e-18	8.31e-13	1.82e-07	7.82e-04	9.99e-01	0.00e+00	0.00e+00	0.00e+00	0.00e+00	0.00e+00	3.16e-89
 2.91414e+21	7.43e-33	1.07e-24	3.00e-18	8.85e-13	1.91e-07	8.12e-04	9.99e-01	0.00e+00	0.00e+00	0.00e+00	0.00e+00	0.00e+00	4.95e-89
 2.98946e+21	8.94e-33	1.23e-24	3.32e-18	9.38e-13	2.01e-07	8.41e-04	9.99e-01	0.00e+00	0.00e+00	0.00e+00	0.00e+00	0.00e+00	8.71e-89
 3.07575e+21	1.10e-32	1.45e-24	3.71e-18	1.00e-12	2.12e-07	8.75e-04	9.99e-01	0.00e+00	0.00e+00	0.00e+00	0.00e+00	0.00e+00	1.59e-88
 3.17228e+21	1.39e-32	1.73e-24	4.21e-18	1.08e-12	2.25e-07	9.14e-04	9.99e-01	0.00e+00	0.00e+00	0.00e+00	0.00e+00	0.00e+00	1.87e-88
 3.25841e+21	1.70e-32	2.02e-24	4.69e-18	1.15e-12	2.38e-07	9.49e-04	9.99e-01	0.00e+00	0.00e+00	0.00e+00	0.00e+00	0.00e+00	4.63e-88
 3.33296e+21	2.01e-32	2.30e-24	5.15e-18	1.21e-12	2.49e-07	9.80e-04	9.99e-01	0.00e+00	0.00e+00	0.00e+00	0.00e+00	0.00e+00	9.33e-88
 3.41616e+21	2.42e-32	2.66e-24	5.70e-18	1.29e-12	2.62e-07	1.01e-03	9.99e-01	0.00e+00	0.00e+00	0.00e+00	0.00e+00	0.00e+00	1.24e-87
 3.52431e+21	3.08e-32	3.20e-24	6.50e-18	1.39e-12	2.79e-07	1.06e-03	9.99e-01	0.00e+00	0.00e+00	0.00e+00	0.00e+00	0.00e+00	1.05e-87
 3.63510e+21	3.92e-32	3.85e-24	7.42e-18	1.51e-12	2.98e-07	1.11e-03	9.99e-01	0.00e+00	0.00e+00	0.00e+00	0.00e+00	0.00e+00	4.19e-87
 3.72571e+21	4.76e-32	4.48e-24	8.26e-18	1.61e-12	3.14e-07	1.15e-03	9.99e-01	0.00e+00	0.00e+00	0.00e+00	0.00e+00	0.00e+00	9.55e-87
 3.81989e+21	5.79e-32	5.22e-24	9.21e-18	1.72e-12	3.32e-07	1.19e-03	9.99e-01	0.00e+00	0.00e+00	0.00e+00	0.00e+00	0.00e+00	1.54e-86
 3.94232e+21	7.44e-32	6.34e-24	1.06e-17	1.87e-12	3.56e-07	1.25e-03	9.99e-01	0.00e+00	0.00e+00	0.00e+00	0.00e+00	0.00e+00	1.13e-86
 4.06721e+21	9.58e-32	7.72e-24	1.22e-17	2.03e-12	3.82e-07	1.31e-03	9.99e-01	0.00e+00	0.00e+00	0.00e+00	0.00e+00	0.00e+00	4.73e-86
 4.16413e+21	1.16e-31	8.97e-24	1.36e-17	2.17e-12	4.03e-07	1.36e-03	9.99e-01	0.00e+00	0.00e+00	0.00e+00	0.00e+00	0.00e+00	1.02e-85
 4.25896e+21	1.40e-31	1.04e-23	1.50e-17	2.31e-12	4.25e-07	1.41e-03	9.99e-01	0.00e+00	0.00e+00	0.00e+00	0.00e+00	0.00e+00	1.70e-85
 4.38225e+21	1.77e-31	1.25e-23	1.72e-17	2.51e-12	4.55e-07	1.47e-03	9.99e-01	0.00e+00	0.00e+00	0.00e+00	0.00e+00	0.00e+00	1.79e-85
 4.51058e+21	2.25e-31	1.50e-23	1.97e-17	2.73e-12	4.88e-07	1.53e-03	9.98e-01	0.00e+00	0.00e+00	0.00e+00	0.00e+00	0.00e+00	3.56e-85
 4.61822e+21	2.75e-31	1.76e-23	2.21e-17	2.93e-12	5.17e-07	1.59e-03	9.98e-01	0.00e+00	0.00e+00	0.00e+00	0.00e+00	0.00e+00	1.05e-84
 4.73089e+21	3.37e-31	2.07e-23	2.48e-17	3.15e-12	5.48e-07	1.65e-03	9.98e-01	0.00e+00	0.00e+00	0.00e+00	0.00e+00	0.00e+00	1.64e-84
 4.87736e+21	4.38e-31	2.54e-23	2.88e-17	3.46e-12	5.92e-07	1.73e-03	9.98e-01	0.00e+00	0.00e+00	0.00e+00	0.00e+00	0.00e+00	2.04e-84
 5.02609e+21	5.70e-31	3.12e-23	3.34e-17	3.80e-12	6.39e-07	1.82e-03	9.98e-01	0.00e+00	0.00e+00	0.00e+00	0.00e+00	0.00e+00	4.69e-84
 5.14577e+21	7.01e-31	3.67e-23	3.77e-17	4.09e-12	6.79e-07	1.89e-03	9.98e-01	0.00e+00	0.00e+00	0.00e+00	0.00e+00	0.00e+00	1.39e-83
 5.25131e+21	8.40e-31	4.23e-23	4.18e-17	4.37e-12	7.17e-07	1.95e-03	9.98e-01	0.00e+00	0.00e+00	0.00e+00	0.00e+00	0.00e+00	2.91e-83
 5.37043e+21	1.03e-30	4.96e-23	4.69e-17	4.70e-12	7.61e-07	2.02e-03	9.98e-01	0.00e+00	0.00e+00	0.00e+00	0.00e+00	0.00e+00	4.12e-83
 5.52530e+21	1.33e-30	6.06e-23	5.44e-17	5.16e-12	8.21e-07	2.12e-03	9.98e-01	0.00e+00	0.00e+00	0.00e+00	0.00e+00	0.00e+00	4.55e-83
 5.68317e+21	1.72e-30	7.44e-23	6.31e-17	5.68e-12	8.87e-07	2.22e-03	9.98e-01	0.00e+00	0.00e+00	0.00e+00	0.00e+00	0.00e+00	9.06e-83
 5.81080e+21	2.11e-30	8.75e-23	7.11e-17	6.13e-12	9.44e-07	2.30e-03	9.98e-01	0.00e+00	0.00e+00	0.00e+00	0.00e+00	0.00e+00	2.67e-82
 5.94257e+21	2.60e-30	1.03e-22	8.03e-17	6.62e-12	1.01e-06	2.39e-03	9.98e-01	0.00e+00	0.00e+00	0.00e+00	0.00e+00	0.00e+00	4.93e-82
 6.11388e+21	3.40e-30	1.28e-22	9.39e-17	7.32e-12	1.09e-06	2.51e-03	9.97e-01	0.00e+00	0.00e+00	0.00e+00	0.00e+00	0.00e+00	5.57e-82
 6.29041e+21	4.46e-30	1.58e-22	1.10e-16	8.11e-12	1.18e-06	2.63e-03	9.97e-01	0.00e+00	0.00e+00	0.00e+00	0.00e+00	0.00e+00	1.20e-81
 6.43435e+21	5.56e-30	1.89e-22	1.25e-16	8.81e-12	1.27e-06	2.73e-03	9.97e-01	0.00e+00	0.00e+00	0.00e+00	0.00e+00	0.00e+00	2.44e-81
 6.58207e+21	6.94e-30	2.25e-22	1.43e-16	9.58e-12	1.36e-06	2.84e-03	9.97e-01	0.00e+00	0.00e+00	0.00e+00	0.00e+00	0.00e+00	1.52e-80
 6.73785e+21	8.75e-30	2.70e-22	1.63e-16	1.05e-11	1.45e-06	2.96e-03	9.97e-01	0.00e+00	0.00e+00	0.00e+00	0.00e+00	0.00e+00	2.81e-80
 6.87066e+21	1.06e-29	3.16e-22	1.83e-16	1.13e-11	1.55e-06	3.07e-03	9.97e-01	0.00e+00	0.00e+00	0.00e+00	0.00e+00	0.00e+00	4.72e-80
 7.00985e+21	1.30e-29	3.71e-22	2.07e-16	1.22e-11	1.64e-06	3.18e-03	9.97e-01	0.00e+00	0.00e+00	0.00e+00	0.00e+00	0.00e+00	8.04e-80
 7.19081e+21	1.69e-29	4.56e-22	2.41e-16	1.35e-11	1.78e-06	3.32e-03	9.97e-01	0.00e+00	0.00e+00	0.00e+00	0.00e+00	0.00e+00	1.59e-79
 7.37231e+21	2.19e-29	5.61e-22	2.81e-16	1.49e-11	1.93e-06	3.48e-03	9.97e-01	0.00e+00	0.00e+00	0.00e+00	0.00e+00	0.00e+00	3.15e-79
 7.51419e+21	2.68e-29	6.58e-22	3.16e-16	1.61e-11	2.05e-06	3.60e-03	9.96e-01	0.00e+00	0.00e+00	0.00e+00	0.00e+00	0.00e+00	5.34e-79
 7.63197e+21	3.16e-29	7.50e-22	3.49e-16	1.71e-11	2.16e-06	3.70e-03	9.96e-01	0.00e+00	0.00e+00	0.00e+00	0.00e+00	0.00e+00	8.21e-79
 7.75874e+21	3.78e-29	8.65e-22	3.88e-16	1.84e-11	2.28e-06	3.82e-03	9.96e-01	0.00e+00	0.00e+00	0.00e+00	0.00e+00	0.00e+00	1.31e-78
 7.92355e+21	4.74e-29	1.04e-21	4.44e-16	2.01e-11	2.45e-06	3.97e-03	9.96e-01	0.00e+00	0.00e+00	0.00e+00	0.00e+00	0.00e+00	2.36e-78
 8.09147e+21	5.97e-29	1.25e-21	5.09e-16	2.20e-11	2.63e-06	4.13e-03	9.96e-01	0.00e+00	0.00e+00	0.00e+00	0.00e+00	0.00e+00	4.31e-78
 8.22590e+21	7.18e-29	1.44e-21	5.68e-16	2.36e-11	2.79e-06	4.26e-03	9.96e-01	0.00e+00	0.00e+00	0.00e+00	0.00e+00	0.00e+00	6.95e-78
 8.36311e+21	8.65e-29	1.68e-21	6.35e-16	2.54e-11	2.95e-06	4.40e-03	9.96e-01	0.00e+00	0.00e+00	0.00e+00	0.00e+00	0.00e+00	1.13e-77
 8.50895e+21	1.05e-28	1.96e-21	7.15e-16	2.75e-11	3.14e-06	4.55e-03	9.95e-01	0.00e+00	0.00e+00	0.00e+00	0.00e+00	0.00e+00	1.88e-77
 8.63420e+21	1.25e-28	2.25e-21	7.92e-16	2.94e-11	3.31e-06	4.68e-03	9.95e-01	0.00e+00	0.00e+00	0.00e+00	0.00e+00	0.00e+00	2.91e-77
 8.74808e+21	1.45e-28	2.54e-21	8.67e-16	3.12e-11	3.47e-06	4.80e-03	9.95e-01	0.00e+00	0.00e+00	0.00e+00	0.00e+00	0.00e+00	4.29e-77
 8.87901e+21	1.73e-28	2.92e-21	9.64e-16	3.35e-11	3.66e-06	4.94e-03	9.95e-01	0.00e+00	0.00e+00	0.00e+00	0.00e+00	0.00e+00	6.75e-77
 9.02622e+21	2.11e-28	3.42e-21	1.09e-15	3.62e-11	3.89e-06	5.11e-03	9.95e-01	0.00e+00	0.00e+00	0.00e+00	0.00e+00	0.00e+00	1.12e-76
 9.16465e+21	2.54e-28	3.97e-21	1.21e-15	3.90e-11	4.12e-06	5.27e-03	9.95e-01	0.00e+00	0.00e+00	0.00e+00	0.00e+00	0.00e+00	1.79e-76
 9.29316e+21	3.01e-28	4.55e-21	1.35e-15	4.17e-11	4.35e-06	5.42e-03	9.95e-01	0.00e+00	0.00e+00	0.00e+00	0.00e+00	0.00e+00	2.77e-76
 9.43873e+21	3.65e-28	5.32e-21	1.51e-15	4.51e-11	4.61e-06	5.59e-03	9.94e-01	0.00e+00	0.00e+00	0.00e+00	0.00e+00	0.00e+00	4.52e-76
 9.59096e+21	4.48e-28	6.26e-21	1.71e-15	4.90e-11	4.91e-06	5.78e-03	9.94e-01	0.00e+00	0.00e+00	0.00e+00	0.00e+00	0.00e+00	7.56e-76
 9.71817e+21	5.30e-28	7.17e-21	1.89e-15	5.24e-11	5.17e-06	5.94e-03	9.94e-01	0.00e+00	0.00e+00	0.00e+00	0.00e+00	0.00e+00	1.16e-75
 9.84988e+21	6.31e-28	8.24e-21	2.10e-15	5.63e-11	5.46e-06	6.11e-03	9.94e-01	0.00e+00	0.00e+00	0.00e+00	0.00e+00	0.00e+00	1.80e-75
 1.00211e+22	7.90e-28	9.89e-21	2.41e-15	6.17e-11	5.85e-06	6.34e-03	9.94e-01	0.00e+00	0.00e+00	0.00e+00	0.00e+00	0.00e+00	3.17e-75
 1.01924e+22	9.94e-28	1.19e-20	2.78e-15	6.78e-11	6.28e-06	6.57e-03	9.93e-01	0.00e+00	0.00e+00	0.00e+00	0.00e+00	0.00e+00	5.62e-75
 1.03250e+22	1.19e-27	1.37e-20	3.09e-15	7.29e-11	6.63e-06	6.76e-03	9.93e-01	0.00e+00	0.00e+00	0.00e+00	0.00e+00	0.00e+00	8.74e-75
 1.04584e+22	1.41e-27	1.58e-20	3.45e-15	7.84e-11	7.00e-06	6.95e-03	9.93e-01	0.00e+00	0.00e+00	0.00e+00	0.00e+00	0.00e+00	1.36e-74
 1.06317e+22	1.78e-27	1.90e-20	3.97e-15	8.62e-11	7.51e-06	7.21e-03	9.93e-01	0.00e+00	0.00e+00	0.00e+00	0.00e+00	0.00e+00	2.40e-74
 1.08097e+22	2.26e-27	2.31e-20	4.60e-15	9.52e-11	8.07e-06	7.49e-03	9.93e-01	0.00e+00	0.00e+00	0.00e+00	0.00e+00	0.00e+00	4.32e-74
 1.09485e+22	2.72e-27	2.68e-20	5.16e-15	1.03e-10	8.54e-06	7.71e-03	9.92e-01	0.00e+00	0.00e+00	0.00e+00	0.00e+00	0.00e+00	6.84e-74
 1.10655e+22	3.18e-27	3.05e-20	5.68e-15	1.10e-10	8.96e-06	7.90e-03	9.92e-01	0.00e+00	0.00e+00	0.00e+00	0.00e+00	0.00e+00	1.01e-73
 1.11997e+22	3.81e-27	3.52e-20	6.35e-15	1.19e-10	9.46e-06	8.12e-03	9.92e-01	0.00e+00	0.00e+00	0.00e+00	0.00e+00	0.00e+00	1.56e-73
 1.13742e+22	4.81e-27	4.26e-20	7.34e-15	1.31e-10	1.02e-05	8.42e-03	9.92e-01	0.00e+00	0.00e+00	0.00e+00	0.00e+00	0.00e+00	2.76e-73
 1.15502e+22	6.11e-27	5.17e-20	8.52e-15	1.45e-10	1.09e-05	8.73e-03	9.91e-01	0.00e+00	0.00e+00	0.00e+00	0.00e+00	0.00e+00	4.94e-73
 1.16884e+22	7.38e-27	6.03e-20	9.58e-15	1.57e-10	1.16e-05	8.99e-03	9.91e-01	0.00e+00	0.00e+00	0.00e+00	0.00e+00	0.00e+00	7.80e-73
 1.18281e+22	8.91e-27	7.03e-20	1.08e-14	1.70e-10	1.22e-05	9.25e-03	9.91e-01	0.00e+00	0.00e+00	0.00e+00	0.00e+00	0.00e+00	1.23e-72
 1.20097e+22	1.14e-26	8.59e-20	1.26e-14	1.89e-10	1.32e-05	9.60e-03	9.90e-01	0.00e+00	0.00e+00	0.00e+00	0.00e+00	0.00e+00	2.22e-72
 1.21940e+22	1.47e-26	1.06e-19	1.47e-14	2.11e-10	1.42e-05	9.97e-03	9.90e-01	0.00e+00	0.00e+00	0.00e+00	0.00e+00	0.00e+00	4.08e-72
 1.23398e+22	1.80e-26	1.24e-19	1.67e-14	2.30e-10	1.51e-05	1.03e-02	9.90e-01	0.00e+00	0.00e+00	0.00e+00	0.00e+00	0.00e+00	6.59e-72
 1.24873e+22	2.20e-26	1.47e-19	1.90e-14	2.51e-10	1.60e-05	1.06e-02	9.89e-01	0.00e+00	0.00e+00	0.00e+00	0.00e+00	0.00e+00	1.06e-71
 1.26791e+22	2.85e-26	1.82e-19	2.24e-14	2.82e-10	1.73e-05	1.10e-02	9.89e-01	0.00e+00	0.00e+00	0.00e+00	0.00e+00	0.00e+00	1.98e-71
 1.28746e+22	3.74e-26	2.27e-19	2.66e-14	3.17e-10	1.88e-05	1.15e-02	9.89e-01	0.00e+00	0.00e+00	0.00e+00	0.00e+00	0.00e+00	3.76e-71
 1.30306e+22	4.66e-26	2.71e-19	3.06e-14	3.50e-10	2.00e-05	1.18e-02	9.88e-01	0.00e+00	0.00e+00	0.00e+00	0.00e+00	0.00e+00	6.31e-71
 1.31891e+22	5.75e-26	3.23e-19	3.49e-14	3.84e-10	2.13e-05	1.22e-02	9.88e-01	0.00e+00	0.00e+00	0.00e+00	0.00e+00	0.00e+00	1.04e-70
 1.33951e+22	7.61e-26	4.06e-19	4.18e-14	4.34e-10	2.32e-05	1.27e-02	9.87e-01	0.00e+00	0.00e+00	0.00e+00	0.00e+00	0.00e+00	1.99e-70
 1.36050e+22	1.01e-25	5.14e-19	5.02e-14	4.94e-10	2.52e-05	1.33e-02	9.87e-01	0.00e+00	0.00e+00	0.00e+00	0.00e+00	0.00e+00	3.90e-70
 1.37738e+22	1.28e-25	6.21e-19	5.81e-14	5.47e-10	2.70e-05	1.37e-02	9.86e-01	0.00e+00	0.00e+00	0.00e+00	0.00e+00	0.00e+00	6.67e-70
 1.39473e+22	1.61e-25	7.51e-19	6.74e-14	6.07e-10	2.89e-05	1.42e-02	9.86e-01	0.00e+00	0.00e+00	0.00e+00	0.00e+00	0.00e+00	1.14e-69
 1.41388e+22	2.08e-25	9.26e-19	7.94e-14	6.80e-10	3.12e-05	1.47e-02	9.85e-01	0.00e+00	0.00e+00	0.00e+00	0.00e+00	0.00e+00	2.06e-69
 1.43114e+22	2.61e-25	1.12e-18	9.20e-14	7.54e-10	3.33e-05	1.52e-02	9.85e-01	0.00e+00	0.00e+00	0.00e+00	0.00e+00	0.00e+00	3.49e-69
 1.44676e+22	3.20e-25	1.32e-18	1.05e-13	8.26e-10	3.54e-05	1.57e-02	9.84e-01	0.00e+00	0.00e+00	0.00e+00	0.00e+00	0.00e+00	5.59e-69
 1.46446e+22	4.01e-25	1.59e-18	1.21e-13	9.16e-10	3.79e-05	1.62e-02	9.84e-01	0.00e+00	0.00e+00	0.00e+00	0.00e+00	0.00e+00	9.41e-69
 1.48747e+22	5.34e-25	2.02e-18	1.46e-13	1.04e-09	4.13e-05	1.69e-02	9.83e-01	0.00e+00	0.00e+00	0.00e+00	0.00e+00	0.00e+00	1.83e-68
 1.51057e+22	7.13e-25	2.57e-18	1.76e-13	1.19e-09	4.50e-05	1.76e-02	9.82e-01	0.00e+00	0.00e+00	0.00e+00	0.00e+00	0.00e+00	3.55e-68
 1.52860e+22	8.88e-25	3.08e-18	2.04e-13	1.32e-09	4.81e-05	1.82e-02	9.82e-01	0.00e+00	0.00e+00	0.00e+00	0.00e+00	0.00e+00	5.88e-68
 1.54685e+22	1.10e-24	3.69e-18	2.34e-13	1.46e-09	5.13e-05	1.88e-02	9.81e-01	0.00e+00	0.00e+00	0.00e+00	0.00e+00	0.00e+00	9.65e-68
 1.57056e+22	1.45e-24	4.63e-18	2.81e-13	1.65e-09	5.57e-05	1.96e-02	9.80e-01	0.00e+00	0.00e+00	0.00e+00	0.00e+00	0.00e+00	1.81e-67
 1.59547e+22	1.93e-24	5.87e-18	3.38e-13	1.89e-09	6.07e-05	2.04e-02	9.80e-01	0.00e+00	0.00e+00	0.00e+00	0.00e+00	0.00e+00	3.47e-67
 1.61657e+22	2.44e-24	7.14e-18	3.94e-13	2.10e-09	6.52e-05	2.12e-02	9.79e-01	0.00e+00	0.00e+00	0.00e+00	0.00e+00	0.00e+00	5.94e-67
 1.63864e+22	3.09e-24	8.70e-18	4.61e-13	2.35e-09	7.01e-05	2.19e-02	9.78e-01	0.00e+00	0.00e+00	0.00e+00	0.00e+00	0.00e+00	1.02e-66
 1.66732e+22	4.16e-24	1.12e-17	5.62e-13	2.71e-09	7.68e-05	2.29e-02	9.77e-01	0.00e+00	0.00e+00	0.00e+00	0.00e+00	0.00e+00	2.03e-66
 1.69653e+22	5.61e-24	1.44e-17	6.85e-13	3.12e-09	8.42e-05	2.40e-02	9.76e-01	0.00e+00	0.00e+00	0.00e+00	0.00e+00	0.00e+00	4.01e-66
 1.71900e+22	7.06e-24	1.74e-17	7.99e-13	3.48e-09	9.04e-05	2.48e-02	9.75e-01	0.00e+00	0.00e+00	0.00e+00	0.00e+00	0.00e+00	6.78e-66
 1.73726e+22	8.37e-24	2.01e-17	8.95e-13	3.77e-09	9.54e-05	2.55e-02	9.74e-01	0.00e+00	0.00e+00	0.00e+00	0.00e+00	0.00e+00	1.00e-65
 1.75749e+22	1.01e-23	2.36e-17	1.02e-12	4.13e-09	1.01e-04	2.62e-02	9.74e-01	0.00e+00	0.00e+00	0.00e+00	0.00e+00	0.00e+00	1.55e-65
 1.78379e+22	1.29e-23	2.89e-17	1.19e-12	4.64e-09	1.09e-04	2.72e-02	9.73e-01	0.00e+00	0.00e+00	0.00e+00	0.00e+00	0.00e+00	2.68e-65
 1.81181e+22	1.66e-23	3.58e-17	1.42e-12	5.24e-09	1.18e-04	2.83e-02	9.72e-01	0.00e+00	0.00e+00	0.00e+00	0.00e+00	0.00e+00	4.79e-65
 1.83605e+22	2.04e-23	4.29e-17	1.63e-12	5.81e-09	1.26e-04	2.92e-02	9.71e-01	0.00e+00	0.00e+00	0.00e+00	0.00e+00	0.00e+00	7.79e-65
 1.86153e+22	2.53e-23	5.15e-17	1.89e-12	6.45e-09	1.35e-04	3.02e-02	9.70e-01	0.00e+00	0.00e+00	0.00e+00	5.14e-17	1.44e-19	1.27e-64
 1.89466e+22	3.32e-23	6.49e-17	2.27e-12	7.37e-09	1.47e-04	3.15e-02	9.68e-01	0.00e+00	0.00e+00	0.00e+00	6.47e-17	1.81e-19	2.37e-64
 1.92822e+22	4.34e-23	8.18e-17	2.73e-12	8.42e-09	1.61e-04	3.29e-02	9.67e-01	0.00e+00	0.00e+00	0.00e+00	8.16e-17	2.28e-19	4.40e-64
 1.95490e+22	5.33e-23	9.78e-17	3.15e-12	9.33e-09	1.72e-04	3.40e-02	9.66e-01	0.00e+00	0.00e+00	0.00e+00	9.75e-17	2.72e-19	7.09e-64
 1.97772e+22	6.33e-23	1.13e-16	3.55e-12	1.02e-08	1.82e-04	3.49e-02	9.65e-01	0.00e+00	0.00e+00	0.00e+00	1.13e-16	3.16e-19	1.05e-63
 2.00292e+22	7.60e-23	1.33e-16	4.03e-12	1.12e-08	1.93e-04	3.60e-02	9.64e-01	0.00e+00	0.00e+00	0.00e+00	1.33e-16	3.70e-19	1.61e-63
 2.03568e+22	9.57e-23	1.63e-16	4.74e-12	1.25e-08	2.08e-04	3.73e-02	9.62e-01	0.00e+00	0.00e+00	0.00e+00	1.62e-16	4.52e-19	2.75e-63
 2.06948e+22	1.21e-22	2.00e-16	5.59e-12	1.41e-08	2.25e-04	3.88e-02	9.61e-01	0.00e+00	0.00e+00	0.00e+00	1.99e-16	5.55e-19	4.74e-63
 2.09725e+22	1.45e-22	2.36e-16	6.38e-12	1.56e-08	2.40e-04	4.00e-02	9.60e-01	0.00e+00	0.00e+00	0.00e+00	2.35e-16	6.54e-19	7.31e-63
 2.12596e+22	1.75e-22	2.78e-16	7.27e-12	1.71e-08	2.55e-04	4.12e-02	9.59e-01	0.00e+00	0.00e+00	0.00e+00	2.77e-16	7.70e-19	1.13e-62
 2.16328e+22	2.20e-22	3.41e-16	8.59e-12	1.93e-08	2.76e-04	4.28e-02	9.57e-01	0.00e+00	0.00e+00	0.00e+00	3.40e-16	9.45e-19	1.94e-62
 2.20202e+22	2.78e-22	4.22e-16	1.02e-11	2.19e-08	3.00e-04	4.45e-02	9.55e-01	0.00e+00	0.00e+00	0.00e+00	4.21e-16	1.17e-18	3.37e-62
 2.23424e+22	3.35e-22	5.01e-16	1.17e-11	2.42e-08	3.20e-04	4.60e-02	9.54e-01	0.00e+00	0.00e+00	0.00e+00	5.00e-16	1.39e-18	5.28e-62
 2.26775e+22	4.04e-22	5.94e-16	1.34e-11	2.67e-08	3.42e-04	4.75e-02	9.52e-01	0.00e+00	0.00e+00	0.00e+00	5.93e-16	1.64e-18	8.24e-62
 2.31132e+22	5.10e-22	7.38e-16	1.60e-11	3.04e-08	3.71e-04	4.94e-02	9.50e-01	0.00e+00	0.00e+00	0.00e+00	7.36e-16	2.03e-18	1.44e-61
 2.35631e+22	6.44e-22	9.20e-16	1.91e-11	3.46e-08	4.04e-04	5.15e-02	9.48e-01	0.00e+00	0.00e+00	0.00e+00	9.17e-16	2.53e-18	2.55e-61
 2.39162e+22	7.66e-22	1.09e-15	2.18e-11	3.82e-08	4.31e-04	5.31e-02	9.46e-01	0.00e+00	0.00e+00	0.00e+00	1.09e-15	2.99e-18	3.91e-61
 2.42599e+22	9.02e-22	1.27e-15	2.48e-11	4.20e-08	4.58e-04	5.47e-02	9.45e-01	0.00e+00	0.00e+00	0.00e+00	1.27e-15	3.50e-18	5.85e-61
 2.47067e+22	1.11e-21	1.55e-15	2.91e-11	4.72e-08	4.95e-04	5.68e-02	9.43e-01	0.00e+00	0.00e+00	0.00e+00	1.55e-15	4.26e-18	9.73e-61
 2.51775e+22	1.36e-21	1.91e-15	3.44e-11	5.34e-08	5.37e-04	5.90e-02	9.40e-01	0.00e+00	0.00e+00	0.00e+00	1.91e-15	5.22e-18	1.64e-60
 2.55812e+22	1.62e-21	2.27e-15	3.95e-11	5.91e-08	5.74e-04	6.09e-02	9.38e-01	0.00e+00	0.00e+00	0.00e+00	2.26e-15	6.20e-18	2.53e-60
 2.60077e+22	1.92e-21	2.70e-15	4.55e-11	6.56e-08	6.14e-04	6.30e-02	9.36e-01	0.00e+00	0.00e+00	0.00e+00	2.70e-15	7.37e-18	3.93e-60
 2.65621e+22	2.38e-21	3.37e-15	5.44e-11	7.49e-08	6.69e-04	6.56e-02	9.34e-01	0.00e+00	0.00e+00	0.00e+00	3.36e-15	9.15e-18	6.82e-60
 2.71418e+22	2.95e-21	4.24e-15	6.54e-11	8.58e-08	7.31e-04	6.85e-02	9.31e-01	0.00e+00	0.00e+00	0.00e+00	4.22e-15	1.15e-17	1.20e-59
 2.76332e+22	3.50e-21	5.11e-15	7.61e-11	9.59e-08	7.87e-04	7.09e-02	9.28e-01	0.00e+00	0.00e+00	0.00e+00	5.09e-15	1.38e-17	1.89e-59
 2.80680e+22	4.05e-21	6.00e-15	8.68e-11	1.06e-07	8.38e-04	7.31e-02	9.26e-01	0.00e+00	0.00e+00	0.00e+00	5.99e-15	1.62e-17	2.81e-59
 2.85505e+22	4.75e-21	7.15e-15	1.00e-10	1.17e-07	8.97e-04	7.55e-02	9.24e-01	0.00e+00	0.00e+00	0.00e+00	7.13e-15	1.92e-17	4.32e-59
 2.91776e+22	5.72e-21	8.83e-15	1.19e-10	1.33e-07	9.75e-04	7.86e-02	9.20e-01	0.00e+00	0.00e+00	0.00e+00	8.81e-15	2.37e-17	7.23e-59
 2.98335e+22	6.97e-21	1.11e-14	1.43e-10	1.53e-07	1.07e-03	8.20e-02	9.17e-01	0.00e+00	0.00e+00	0.00e+00	1.11e-14	2.97e-17	1.26e-58
 3.03612e+22	8.07e-21	1.33e-14	1.65e-10	1.70e-07	1.14e-03	8.48e-02	9.14e-01	0.00e+00	0.00e+00	0.00e+00	1.33e-14	3.54e-17	1.91e-58
 3.08138e+22	9.12e-21	1.54e-14	1.86e-10	1.86e-07	1.21e-03	8.71e-02	9.12e-01	0.00e+00	0.00e+00	0.00e+00	1.54e-14	4.10e-17	2.72e-58
 3.13342e+22	1.05e-20	1.82e-14	2.13e-10	2.05e-07	1.29e-03	8.99e-02	9.09e-01	0.00e+00	0.00e+00	0.00e+00	1.81e-14	4.82e-17	4.04e-58
 3.20109e+22	1.23e-20	2.23e-14	2.51e-10	2.32e-07	1.40e-03	9.34e-02	9.05e-01	0.00e+00	0.00e+00	0.00e+00	2.23e-14	5.90e-17	6.57e-58
 3.27211e+22	1.47e-20	2.79e-14	3.01e-10	2.66e-07	1.53e-03	9.73e-02	9.01e-01	0.00e+00	0.00e+00	0.00e+00	2.78e-14	7.34e-17	1.10e-57
 3.33148e+22	1.67e-20	3.33e-14	3.48e-10	2.96e-07	1.64e-03	1.01e-01	8.98e-01	0.00e+00	0.00e+00	0.00e+00	3.32e-14	8.75e-17	1.66e-57
 3.39262e+22	1.92e-20	3.98e-14	4.02e-10	3.29e-07	1.76e-03	1.04e-01	8.94e-01	0.00e+00	0.00e+00	0.00e+00	3.97e-14	1.04e-16	2.51e-57
 3.47211e+22	2.26e-20	4.95e-14	4.79e-10	3.76e-07	1.92e-03	1.08e-01	8.90e-01	0.00e+00	0.00e+00	0.00e+00	4.94e-14	1.29e-16	4.18e-57
 3.55435e+22	2.68e-20	6.27e-14	5.81e-10	4.33e-07	2.11e-03	1.13e-01	8.85e-01	0.00e+00	0.00e+00	0.00e+00	6.26e-14	1.63e-16	7.15e-57
 3.62133e+22	3.04e-20	7.54e-14	6.75e-10	4.84e-07	2.26e-03	1.17e-01	8.81e-01	0.00e+00	0.00e+00	0.00e+00	7.52e-14	1.95e-16	1.08e-56
 3.68957e+22	3.46e-20	9.03e-14	7.81e-10	5.40e-07	2.43e-03	1.21e-01	8.77e-01	0.00e+00	0.00e+00	0.00e+00	9.01e-14	2.32e-16	1.64e-56
 3.77829e+22	4.06e-20	1.13e-13	9.39e-10	6.19e-07	2.66e-03	1.26e-01	8.72e-01	0.00e+00	0.00e+00	0.00e+00	1.13e-13	2.90e-16	2.74e-56
 3.87141e+22	4.75e-20	1.44e-13	1.14e-09	7.16e-07	2.92e-03	1.31e-01	8.66e-01	0.00e+00	0.00e+00	0.00e+00	1.44e-13	3.67e-16	4.70e-56
 3.94430e+22	5.32e-20	1.73e-13	1.33e-09	8.01e-07	3.14e-03	1.36e-01	8.61e-01	0.00e+00	0.00e+00	0.00e+00	1.73e-13	4.40e-16	7.09e-56
 4.00224e+22	5.84e-20	2.00e-13	1.49e-09	8.73e-07	3.32e-03	1.39e-01	8.57e-01	0.00e+00	0.00e+00	0.00e+00	1.99e-13	5.05e-16	9.76e-56
 4.06671e+22	6.47e-20	2.33e-13	1.69e-09	9.60e-07	3.53e-03	1.43e-01	8.53e-01	0.00e+00	0.00e+00	0.00e+00	2.32e-13	5.87e-16	1.38e-55
 4.15053e+22	7.31e-20	2.82e-13	1.98e-09	1.08e-06	3.81e-03	1.48e-01	8.48e-01	0.00e+00	0.00e+00	0.00e+00	2.81e-13	7.07e-16	2.13e-55
 4.24178e+22	8.36e-20	3.50e-13	2.36e-09	1.23e-06	4.15e-03	1.54e-01	8.42e-01	0.00e+00	0.00e+00	0.00e+00	3.49e-13	8.74e-16	3.44e-55
 4.32231e+22	9.31e-20	4.21e-13	2.74e-09	1.38e-06	4.47e-03	1.59e-01	8.36e-01	0.00e+00	0.00e+00	0.00e+00	4.20e-13	1.05e-15	5.19e-55
 4.40663e+22	1.05e-19	5.06e-13	3.19e-09	1.54e-06	4.81e-03	1.65e-01	8.31e-01	0.00e+00	0.00e+00	0.00e+00	5.05e-13	1.25e-15	7.86e-55
 4.51624e+22	1.21e-19	6.40e-13	3.87e-09	1.78e-06	5.28e-03	1.72e-01	8.23e-01	0.00e+00	0.00e+00	0.00e+00	6.38e-13	1.57e-15	1.33e-54
 4.62744e+22	1.39e-19	8.14e-13	4.72e-09	2.07e-06	5.80e-03	1.79e-01	8.15e-01	0.00e+00	0.00e+00	0.00e+00	8.12e-13	1.99e-15	2.27e-54
 4.71550e+22	1.52e-19	9.80e-13	5.49e-09	2.32e-06	6.25e-03	1.85e-01	8.09e-01	0.00e+00	0.00e+00	0.00e+00	9.77e-13	2.39e-15	3.42e-54
 4.80477e+22	1.69e-19	1.17e-12	6.38e-09	2.59e-06	6.71e-03	1.91e-01	8.03e-01	0.00e+00	0.00e+00	0.00e+00	1.17e-12	2.84e-15	5.13e-54
 4.92082e+22	1.92e-19	1.47e-12	7.68e-09	2.98e-06	7.35e-03	1.98e-01	7.94e-01	0.00e+00	0.00e+00	0.00e+00	1.47e-12	3.54e-15	8.50e-54
 5.04437e+22	2.18e-19	1.88e-12	9.42e-09	3.47e-06	8.10e-03	2.07e-01	7.85e-01	0.00e+00	0.00e+00	0.00e+00	1.87e-12	4.49e-15	1.47e-53
 5.14979e+22	2.41e-19	2.31e-12	1.12e-08	3.95e-06	8.81e-03	2.14e-01	7.77e-01	0.00e+00	0.00e+00	0.00e+00	2.30e-12	5.51e-15	2.31e-53
 5.25896e+22	2.66e-19	2.81e-12	1.32e-08	4.47e-06	9.53e-03	2.22e-01	7.69e-01	0.00e+00	0.00e+00	0.00e+00	2.80e-12	6.66e-15	3.60e-53
 5.40089e+22	3.01e-19	3.62e-12	1.63e-08	5.24e-06	1.06e-02	2.32e-01	7.58e-01	0.00e+00	0.00e+00	0.00e+00	3.61e-12	8.51e-15	6.31e-53
 5.54646e+22	3.41e-19	4.69e-12	2.02e-08	6.17e-06	1.17e-02	2.42e-01	7.46e-01	0.00e+00	0.00e+00	0.00e+00	4.68e-12	1.10e-14	1.13e-52
 5.66360e+22	3.69e-19	5.77e-12	2.41e-08	7.05e-06	1.27e-02	2.50e-01	7.37e-01	0.00e+00	0.00e+00	0.00e+00	5.76e-12	1.35e-14	1.78e-52
 5.76331e+22	3.92e-19	6.79e-12	2.76e-08	7.82e-06	1.36e-02	2.57e-01	7.29e-01	0.00e+00	0.00e+00	0.00e+00	6.78e-12	1.58e-14	2.57e-52
 5.87355e+22	4.26e-19	8.11e-12	3.21e-08	8.76e-06	1.46e-02	2.65e-01	7.20e-01	0.00e+00	0.00e+00	0.00e+00	8.09e-12	1.87e-14	3.82e-52
 6.01686e+22	4.68e-19	1.01e-11	3.87e-08	1.01e-05	1.60e-02	2.75e-01	7.09e-01	0.00e+00	0.00e+00	0.00e+00	1.01e-11	2.33e-14	6.25e-52
 6.16860e+22	5.11e-19	1.28e-11	4.73e-08	1.18e-05	1.77e-02	2.86e-01	6.97e-01	0.00e+00	0.00e+00	0.00e+00	1.28e-11	2.93e-14	1.05e-51
 6.29806e+22	5.49e-19	1.56e-11	5.61e-08	1.34e-05	1.92e-02	2.95e-01	6.86e-01	0.00e+00	0.00e+00	0.00e+00	1.56e-11	3.56e-14	1.63e-51
 6.41343e+22	5.83e-19	1.85e-11	6.47e-08	1.50e-05	2.05e-02	3.03e-01	6.76e-01	0.00e+00	0.00e+00	0.00e+00	1.84e-11	4.18e-14	2.36e-51
 6.54372e+22	6.23e-19	2.20e-11	7.53e-08	1.68e-05	2.21e-02	3.12e-01	6.66e-01	0.00e+00	0.00e+00	0.00e+00	2.20e-11	4.96e-14	3.48e-51
 6.71308e+22	6.76e-19	2.76e-11	9.14e-08	1.96e-05	2.43e-02	3.23e-01	6.53e-01	0.00e+00	0.00e+00	0.00e+00	2.75e-11	6.16e-14	5.68e-51
 6.88908e+22	7.38e-19	3.48e-11	1.12e-07	2.28e-05	2.68e-02	3.35e-01	6.38e-01	0.00e+00	0.00e+00	0.00e+00	3.47e-11	7.72e-14	9.47e-51
 7.03368e+22	7.74e-19	4.20e-11	1.32e-07	2.59e-05	2.90e-02	3.45e-01	6.26e-01	0.00e+00	0.00e+00	0.00e+00	4.19e-11	9.27e-14	1.42e-50
 7.18166e+22	8.21e-19	4.99e-11	1.53e-07	2.91e-05	3.12e-02	3.54e-01	6.15e-01	0.00e+00	0.00e+00	0.00e+00	4.98e-11	1.09e-13	2.07e-50
 7.37402e+22	8.86e-19	6.19e-11	1.85e-07	3.38e-05	3.42e-02	3.66e-01	6.00e-01	0.00e+00	0.00e+00	0.00e+00	6.18e-11	1.35e-13	3.30e-50
 7.57690e+22	9.54e-19	7.78e-11	2.26e-07	3.95e-05	3.77e-02	3.79e-01	5.84e-01	0.00e+00	0.00e+00	0.00e+00	7.76e-11	1.68e-13	5.40e-50
 7.74810e+22	1.01e-18	9.38e-11	2.67e-07	4.50e-05	4.08e-02	3.89e-01	5.70e-01	0.00e+00	0.00e+00	0.00e+00	9.36e-11	2.01e-13	8.07e-50
 7.92533e+22	1.08e-18	1.11e-10	3.11e-07	5.07e-05	4.39e-02	3.99e-01	5.57e-01	0.00e+00	0.00e+00	0.00e+00	1.11e-10	2.37e-13	1.17e-49
 8.15572e+22	1.17e-18	1.38e-10	3.77e-07	5.91e-05	4.82e-02	4.11e-01	5.41e-01	0.00e+00	0.00e+00	0.00e+00	1.38e-10	2.91e-13	1.85e-49
 8.39996e+22	1.26e-18	1.74e-10	4.62e-07	6.92e-05	5.32e-02	4.24e-01	5.23e-01	0.00e+00	0.00e+00	0.00e+00	1.73e-10	3.62e-13	3.02e-49
 8.60909e+22	1.35e-18	2.10e-10	5.48e-07	7.94e-05	5.78e-02	4.35e-01	5.07e-01	0.00e+00	0.00e+00	0.00e+00	2.09e-10	4.34e-13	4.48e-49
 8.78059e+22	1.43e-18	2.43e-10	6.24e-07	8.79e-05	6.15e-02	4.43e-01	4.96e-01	0.00e+00	0.00e+00	0.00e+00	2.42e-10	4.99e-13	6.15e-49
 8.95627e+22	1.51e-18	2.78e-10	7.06e-07	9.71e-05	6.53e-02	4.51e-01	4.84e-01	0.00e+00	0.00e+00	0.00e+00	2.78e-10	5.67e-13	8.20e-49
 9.18466e+22	1.62e-18	3.30e-10	8.23e-07	1.10e-04	7.03e-02	4.60e-01	4.69e-01	0.00e+00	0.00e+00	0.00e+00	3.29e-10	6.63e-13	1.17e-48
 9.43433e+22	1.75e-18	3.96e-10	9.73e-07	1.25e-04	7.63e-02	4.70e-01	4.53e-01	0.00e+00	0.00e+00	0.00e+00	3.96e-10	7.90e-13	1.74e-48
 9.65724e+22	1.87e-18	4.65e-10	1.13e-06	1.41e-04	8.19e-02	4.79e-01	4.39e-01	0.00e+00	0.00e+00	0.00e+00	4.65e-10	9.19e-13	2.43e-48
 9.86075e+22	1.98e-18	5.33e-10	1.27e-06	1.55e-04	8.68e-02	4.86e-01	4.27e-01	0.00e+00	0.00e+00	0.00e+00	5.32e-10	1.04e-12	3.26e-48
 1.00935e+23	2.11e-18	6.13e-10	1.45e-06	1.72e-04	9.24e-02	4.93e-01	4.14e-01	0.00e+00	0.00e+00	0.00e+00	6.12e-10	1.19e-12	4.39e-48
 1.03960e+23	2.29e-18	7.30e-10	1.70e-06	1.96e-04	9.98e-02	5.02e-01	3.98e-01	0.00e+00	0.00e+00	0.00e+00	7.29e-10	1.39e-12	6.35e-48
 1.07134e+23	2.50e-18	8.81e-10	2.02e-06	2.25e-04	1.08e-01	5.11e-01	3.81e-01	0.00e+00	0.00e+00	0.00e+00	8.79e-10	1.65e-12	9.49e-48
 1.09748e+23	2.67e-18	1.02e-09	2.31e-06	2.51e-04	1.16e-01	5.17e-01	3.67e-01	0.00e+00	0.00e+00	0.00e+00	1.02e-09	1.89e-12	1.31e-47
 1.12394e+23	2.85e-18	1.16e-09	2.61e-06	2.78e-04	1.23e-01	5.23e-01	3.54e-01	0.00e+00	0.00e+00	0.00e+00	1.16e-09	2.13e-12	1.71e-47
 1.15835e+23	3.08e-18	1.36e-09	3.01e-06	3.12e-04	1.31e-01	5.29e-01	3.39e-01	0.00e+00	0.00e+00	0.00e+00	1.36e-09	2.44e-12	2.41e-47
 1.19628e+23	3.35e-18	1.62e-09	3.55e-06	3.56e-04	1.42e-01	5.36e-01	3.22e-01	0.00e+00	0.00e+00	0.00e+00	1.62e-09	2.86e-12	3.53e-47
 1.23011e+23	3.61e-18	1.89e-09	4.09e-06	4.00e-04	1.52e-01	5.41e-01	3.07e-01	0.00e+00	0.00e+00	0.00e+00	1.89e-09	3.28e-12	4.90e-47
 1.26011e+23	3.84e-18	2.14e-09	4.58e-06	4.39e-04	1.60e-01	5.44e-01	2.95e-01	0.00e+00	0.00e+00	0.00e+00	2.13e-09	3.65e-12	6.43e-47
 1.29381e+23	4.09e-18	2.42e-09	5.15e-06	4.83e-04	1.69e-01	5.47e-01	2.83e-01	0.00e+00	0.00e+00	0.00e+00	2.42e-09	4.05e-12	8.38e-47
 1.33763e+23	4.39e-18	2.80e-09	5.89e-06	5.39e-04	1.80e-01	5.50e-01	2.69e-01	0.00e+00	0.00e+00	0.00e+00	2.79e-09	4.56e-12	1.16e-46
 1.39027e+23	4.77e-18	3.32e-09	6.94e-06	6.17e-04	1.95e-01	5.53e-01	2.52e-01	0.00e+00	0.00e+00	0.00e+00	3.32e-09	5.26e-12	1.67e-46
 1.44166e+23	5.20e-18	3.93e-09	8.13e-06	7.02e-04	2.10e-01	5.54e-01	2.36e-01	0.00e+00	0.00e+00	0.00e+00	3.93e-09	6.08e-12	2.43e-46
 1.48570e+23	5.55e-18	4.49e-09	9.19e-06	7.77e-04	2.22e-01	5.54e-01	2.23e-01	0.00e+00	0.00e+00	0.00e+00	4.48e-09	6.78e-12	3.27e-46
 1.53287e+23	5.87e-18	5.04e-09	1.03e-05	8.54e-04	2.34e-01	5.53e-01	2.12e-01	0.00e+00	0.00e+00	0.00e+00	5.03e-09	7.40e-12	4.21e-46
 1.59134e+23	6.24e-18	5.77e-09	1.17e-05	9.48e-04	2.48e-01	5.52e-01	1.99e-01	0.00e+00	0.00e+00	0.00e+00	5.76e-09	8.17e-12	5.71e-46
 1.65623e+23	6.67e-18	6.67e-09	1.35e-05	1.07e-03	2.65e-01	5.49e-01	1.85e-01	0.00e+00	0.00e+00	0.00e+00	6.66e-09	9.11e-12	7.83e-46
 1.71657e+23	7.11e-18	7.64e-09	1.53e-05	1.19e-03	2.81e-01	5.45e-01	1.72e-01	0.00e+00	0.00e+00	0.00e+00	7.63e-09	1.01e-11	1.07e-45
 1.76876e+23	7.51e-18	8.49e-09	1.70e-05	1.29e-03	2.95e-01	5.42e-01	1.62e-01	0.00e+00	0.00e+00	0.00e+00	8.48e-09	1.09e-11	1.36e-45
 1.82609e+23	7.70e-18	9.25e-09	1.85e-05	1.39e-03	3.07e-01	5.38e-01	1.54e-01	0.00e+00	0.00e+00	0.00e+00	9.23e-09	1.15e-11	1.64e-45
 1.89629e+23	7.94e-18	1.02e-08	2.04e-05	1.51e-03	3.21e-01	5.33e-01	1.45e-01	0.00e+00	0.00e+00	0.00e+00	1.02e-08	1.22e-11	2.05e-45
 1.97337e+23	8.23e-18	1.14e-08	2.27e-05	1.66e-03	3.38e-01	5.26e-01	1.35e-01	0.00e+00	0.00e+00	0.00e+00	1.14e-08	1.29e-11	2.61e-45
 2.05354e+23	8.46e-18	1.26e-08	2.51e-05	1.80e-03	3.53e-01	5.19e-01	1.26e-01	0.00e+00	0.00e+00	0.00e+00	1.26e-08	1.36e-11	3.27e-45
 2.13692e+23	8.62e-18	1.38e-08	2.75e-05	1.95e-03	3.69e-01	5.12e-01	1.17e-01	0.00e+00	0.00e+00	0.00e+00	1.37e-08	1.42e-11	4.00e-45
 2.22319e+23	8.70e-18	1.49e-08	2.99e-05	2.09e-03	3.83e-01	5.05e-01	1.10e-01	0.00e+00	0.00e+00	0.00e+00	1.49e-08	1.46e-11	4.82e-45
 2.30636e+23	8.86e-18	1.62e-08	3.24e-05	2.24e-03	3.97e-01	4.97e-01	1.03e-01	0.00e+00	0.00e+00	0.00e+00	1.62e-08	1.51e-11	5.80e-45
 2.38120e+23	8.91e-18	1.72e-08	3.45e-05	2.37e-03	4.09e-01	4.91e-01	9.79e-02	0.00e+00	0.00e+00	0.00e+00	1.72e-08	1.54e-11	6.73e-45
 2.44856e+23	8.92e-18	1.81e-08	3.65e-05	2.48e-03	4.19e-01	4.85e-01	9.33e-02	0.00e+00	0.00e+00	0.00e+00	1.81e-08	1.56e-11	7.55e-45
 2.50919e+23	8.98e-18	1.90e-08	3.82e-05	2.58e-03	4.28e-01	4.80e-01	8.96e-02	0.00e+00	0.00e+00	0.00e+00	1.89e-08	1.57e-11	8.37e-45
 2.56375e+23	8.87e-18	1.96e-08	3.95e-05	2.66e-03	4.35e-01	4.76e-01	8.67e-02	0.00e+00	0.00e+00	0.00e+00	1.95e-08	1.57e-11	8.96e-45
 2.61286e+23	8.83e-18	2.01e-08	4.07e-05	2.73e-03	4.41e-01	4.72e-01	8.42e-02	0.00e+00	0.00e+00	0.00e+00	2.01e-08	1.57e-11	9.57e-45
 2.65705e+23	8.77e-18	2.06e-08	4.18e-05	2.79e-03	4.46e-01	4.69e-01	8.21e-02	0.00e+00	0.00e+00	0.00e+00	2.06e-08	1.57e-11	1.01e-44
 2.69683e+23	8.69e-18	2.10e-08	4.27e-05	2.85e-03	4.51e-01	4.66e-01	8.04e-02	0.00e+00	0.00e+00	0.00e+00	2.10e-08	1.56e-11	1.05e-44
 2.73263e+23	8.63e-18	2.13e-08	4.34e-05	2.89e-03	4.55e-01	4.63e-01	7.90e-02	0.00e+00	0.00e+00	0.00e+00	2.13e-08	1.56e-11	1.09e-44
 2.76486e+23	8.56e-18	2.17e-08	4.41e-05	2.93e-03	4.58e-01	4.61e-01	7.78e-02	0.00e+00	0.00e+00	0.00e+00	2.16e-08	1.55e-11	1.13e-44
 2.79541e+23	8.43e-18	2.18e-08	4.45e-05	2.96e-03	4.61e-01	4.60e-01	7.68e-02	0.00e+00	0.00e+00	0.00e+00	2.18e-08	1.53e-11	1.14e-44
 2.82596e+23	8.30e-18	2.20e-08	4.50e-05	2.99e-03	4.63e-01	4.58e-01	7.59e-02	0.00e+00	0.00e+00	0.00e+00	2.20e-08	1.51e-11	1.16e-44
 2.85650e+23	8.18e-18	2.22e-08	4.54e-05	3.01e-03	4.66e-01	4.56e-01	7.50e-02	0.00e+00	0.00e+00	0.00e+00	2.21e-08	1.50e-11	1.17e-44
 2.88705e+23	8.05e-18	2.23e-08	4.58e-05	3.04e-03	4.68e-01	4.54e-01	7.41e-02	0.00e+00	0.00e+00	0.00e+00	2.23e-08	1.48e-11	1.18e-44
 2.91760e+23	7.93e-18	2.25e-08	4.62e-05	3.06e-03	4.71e-01	4.53e-01	7.33e-02	0.00e+00	0.00e+00	0.00e+00	2.24e-08	1.46e-11	1.20e-44
 2.94815e+23	7.77e-18	2.26e-08	4.65e-05	3.08e-03	4.73e-01	4.52e-01	7.27e-02	0.00e+00	0.00e+00	0.00e+00	2.25e-08	1.44e-11	1.20e-44
 2.97870e+23	7.61e-18	2.26e-08	4.68e-05	3.10e-03	4.75e-01	4.50e-01	7.20e-02	0.00e+00	0.00e+00	0.00e+00	2.26e-08	1.42e-11	1.20e-44
 3.00925e+23	7.46e-18	2.27e-08	4.70e-05	3.12e-03	4.76e-01	4.49e-01	7.14e-02	0.00e+00	0.00e+00	0.00e+00	2.27e-08	1.39e-11	1.21e-44
 3.03967e+23	7.31e-18	2.28e-08	4.73e-05	3.14e-03	4.78e-01	4.48e-01	7.07e-02	0.00e+00	0.00e+00	0.00e+00	2.28e-08	1.37e-11	1.21e-44
