#depth	Fe	Fe+	Fe+2	Fe+3	Fe+4	Fe+5	Fe+6	Fe+7	Fe+8	Fe+9	Fe+10	Fe+11	Fe+12	Fe+13	Fe+14	Fe+15	Fe+16	Fe+17	Fe+18	Fe+19	Fe+20	Fe+21	Fe+22	Fe+23	Fe+24	Fe+25	Fe+26
 6.17135e+19	0.00e+00	0.00e+00	0.00e+00	0.00e+00	0.00e+00	0.00e+00	0.00e+00	0.00e+00	1.10e-32	2.05e-29	2.56e-26	2.00e-23	1.35e-20	5.18e-18	1.33e-15	2.34e-13	6.46e-11	5.48e-09	2.82e-07	8.42e-06	1.46e-04	1.41e-03	1.02e-02	6.32e-02	4.78e-01	3.55e-01	9.15e-02
 1.87609e+20	0.00e+00	0.00e+00	0.00e+00	0.00e+00	0.00e+00	0.00e+00	0.00e+00	0.00e+00	5.07e-32	8.46e-29	9.48e-26	6.66e-23	4.02e-20	1.39e-17	3.21e-15	5.12e-13	1.34e-10	1.07e-08	5.13e-07	1.41e-05	2.23e-04	1.97e-03	1.29e-02	7.23e-02	4.98e-01	3.36e-01	7.87e-02
 3.18540e+20	0.00e+00	0.00e+00	0.00e+00	0.00e+00	0.00e+00	0.00e+00	0.00e+00	0.00e+00	2.36e-31	3.53e-28	3.54e-25	2.23e-22	1.21e-19	3.73e-17	7.74e-15	1.12e-12	2.80e-10	2.10e-08	9.36e-07	2.36e-05	3.43e-04	2.74e-03	1.63e-02	8.23e-02	5.15e-01	3.16e-01	6.72e-02
 4.54709e+20	0.00e+00	0.00e+00	0.00e+00	0.00e+00	0.00e+00	0.00e+00	0.00e+00	0.00e+00	1.11e-30	1.49e-27	1.34e-24	7.54e-22	3.64e-19	1.01e-16	1.87e-14	2.44e-12	5.85e-10	4.13e-08	1.71e-06	3.97e-05	5.26e-04	3.82e-03	2.05e-02	9.33e-02	5.30e-01	2.95e-01	5.69e-02
 5.47535e+20	0.00e+00	0.00e+00	0.00e+00	0.00e+00	0.00e+00	0.00e+00	0.00e+00	0.00e+00	3.15e-30	3.92e-27	3.26e-24	1.70e-21	7.59e-19	1.95e-16	3.36e-14	4.09e-12	9.55e-10	6.48e-08	2.56e-06	5.62e-05	6.99e-04	4.76e-03	2.38e-02	1.01e-01	5.39e-01	2.80e-01	5.07e-02
 5.82109e+20	0.00e+00	0.00e+00	0.00e+00	0.00e+00	0.00e+00	0.00e+00	0.00e+00	0.00e+00	4.67e-30	5.63e-27	4.55e-24	2.31e-21	1.00e-18	2.49e-16	4.18e-14	4.95e-12	1.15e-09	7.68e-08	2.98e-06	6.40e-05	7.78e-04	5.17e-03	2.52e-02	1.04e-01	5.42e-01	2.75e-01	4.85e-02
 6.07795e+20	0.00e+00	0.00e+00	0.00e+00	0.00e+00	0.00e+00	0.00e+00	0.00e+00	0.00e+00	6.10e-30	7.22e-27	5.73e-24	2.85e-21	1.21e-18	2.96e-16	4.87e-14	5.67e-12	1.30e-09	8.62e-08	3.31e-06	6.99e-05	8.37e-04	5.46e-03	2.61e-02	1.06e-01	5.43e-01	2.71e-01	4.70e-02
 6.41186e+20	0.00e+00	0.00e+00	0.00e+00	0.00e+00	0.00e+00	0.00e+00	0.00e+00	0.00e+00	8.76e-30	1.01e-26	7.80e-24	3.77e-21	1.56e-18	3.72e-16	5.96e-14	6.78e-12	1.54e-09	1.01e-07	3.80e-06	7.88e-05	9.23e-04	5.89e-03	2.75e-02	1.09e-01	5.46e-01	2.66e-01	4.51e-02
 6.84596e+20	0.00e+00	0.00e+00	0.00e+00	0.00e+00	0.00e+00	0.00e+00	0.00e+00	3.35e-33	1.40e-29	1.56e-26	1.16e-23	5.43e-21	2.17e-18	4.99e-16	7.74e-14	8.53e-12	1.92e-09	1.23e-07	4.55e-06	9.20e-05	1.05e-03	6.49e-03	2.94e-02	1.13e-01	5.48e-01	2.59e-01	4.27e-02
 7.41027e+20	0.00e+00	0.00e+00	0.00e+00	0.00e+00	0.00e+00	0.00e+00	0.00e+00	6.39e-33	2.55e-29	2.72e-26	1.94e-23	8.67e-21	3.32e-18	7.29e-16	1.08e-13	1.15e-11	2.54e-09	1.60e-07	5.74e-06	1.12e-04	1.23e-03	7.34e-03	3.19e-02	1.18e-01	5.51e-01	2.51e-01	3.98e-02
 8.02671e+20	0.00e+00	0.00e+00	0.00e+00	0.00e+00	0.00e+00	0.00e+00	0.00e+00	1.28e-32	4.88e-29	4.97e-26	3.38e-23	1.44e-20	5.24e-18	1.10e-15	1.55e-13	1.57e-11	3.44e-09	2.11e-07	7.37e-06	1.39e-04	1.47e-03	8.39e-03	3.49e-02	1.23e-01	5.54e-01	2.42e-01	3.68e-02
 8.56252e+20	0.00e+00	0.00e+00	0.00e+00	0.00e+00	0.00e+00	0.00e+00	0.00e+00	2.34e-32	8.54e-29	8.34e-26	5.44e-23	2.22e-20	7.76e-18	1.56e-15	2.12e-13	2.07e-11	4.47e-09	2.69e-07	9.13e-06	1.67e-04	1.70e-03	9.40e-03	3.77e-02	1.28e-01	5.55e-01	2.34e-01	3.43e-02
 9.02865e+20	0.00e+00	0.00e+00	0.00e+00	0.00e+00	0.00e+00	0.00e+00	0.00e+00	3.94e-32	1.39e-28	1.31e-25	8.22e-23	3.24e-20	1.09e-17	2.11e-15	2.77e-13	2.61e-11	5.59e-09	3.31e-07	1.10e-05	1.96e-04	1.94e-03	1.04e-02	4.02e-02	1.32e-01	5.56e-01	2.27e-01	3.23e-02
 9.55258e+20	0.00e+00	0.00e+00	0.00e+00	0.00e+00	0.00e+00	0.00e+00	0.00e+00	6.89e-32	2.34e-28	2.12e-25	1.28e-22	4.87e-20	1.58e-17	2.94e-15	3.70e-13	3.37e-11	7.13e-09	4.14e-07	1.34e-05	2.32e-04	2.23e-03	1.15e-02	4.31e-02	1.37e-01	5.56e-01	2.20e-01	3.03e-02
 1.02337e+21	0.00e+00	0.00e+00	0.00e+00	0.00e+00	0.00e+00	0.00e+00	0.00e+00	1.46e-31	4.70e-28	4.05e-25	2.33e-22	8.36e-20	2.56e-17	4.54e-15	5.43e-13	4.71e-11	9.84e-09	5.58e-07	1.75e-05	2.91e-04	2.68e-03	1.32e-02	4.72e-02	1.43e-01	5.56e-01	2.10e-01	2.77e-02
 1.09144e+21	0.00e+00	0.00e+00	0.00e+00	0.00e+00	0.00e+00	0.00e+00	0.00e+00	3.03e-31	9.29e-28	7.61e-25	4.15e-22	1.42e-19	4.13e-17	6.94e-15	7.89e-13	6.53e-11	1.35e-08	7.46e-07	2.27e-05	3.63e-04	3.21e-03	1.52e-02	5.16e-02	1.49e-01	5.55e-01	2.01e-01	2.53e-02
 1.14281e+21	0.00e+00	0.00e+00	0.00e+00	0.00e+00	0.00e+00	0.00e+00	0.00e+00	5.23e-31	1.54e-27	1.22e-24	6.40e-22	2.10e-19	5.89e-17	9.53e-15	1.04e-12	8.33e-11	1.70e-08	9.26e-07	2.75e-05	4.28e-04	3.66e-03	1.67e-02	5.50e-02	1.53e-01	5.54e-01	1.94e-01	2.36e-02
 1.19293e+21	0.00e+00	0.00e+00	0.00e+00	0.00e+00	0.00e+00	0.00e+00	0.00e+00	8.86e-31	2.52e-27	1.92e-24	9.71e-22	3.07e-19	8.29e-17	1.29e-14	1.36e-12	1.05e-10	2.13e-08	1.14e-06	3.32e-05	5.01e-04	4.16e-03	1.84e-02	5.85e-02	1.57e-01	5.52e-01	1.87e-01	2.21e-02
 1.25809e+21	0.00e+00	0.00e+00	0.00e+00	0.00e+00	0.00e+00	0.00e+00	0.00e+00	1.74e-30	4.74e-27	3.44e-24	1.66e-21	5.01e-19	1.29e-16	1.91e-14	1.92e-12	1.42e-10	2.85e-08	1.49e-06	4.21e-05	6.13e-04	4.90e-03	2.08e-02	6.32e-02	1.63e-01	5.49e-01	1.78e-01	2.03e-02
 1.32562e+21	0.00e+00	0.00e+00	0.00e+00	0.00e+00	0.00e+00	0.00e+00	0.00e+00	3.50e-30	9.06e-27	6.26e-24	2.88e-21	8.27e-19	2.02e-16	2.86e-14	2.73e-12	1.93e-10	3.83e-08	1.96e-06	5.37e-05	7.54e-04	5.78e-03	2.35e-02	6.84e-02	1.68e-01	5.45e-01	1.70e-01	1.85e-02
 1.38146e+21	0.00e+00	0.00e+00	0.00e+00	0.00e+00	0.00e+00	0.00e+00	0.00e+00	6.17e-30	1.54e-26	1.02e-23	4.51e-21	1.24e-18	2.92e-16	3.97e-14	3.65e-12	2.48e-10	4.87e-08	2.45e-06	6.55e-05	8.91e-04	6.62e-03	2.60e-02	7.28e-02	1.72e-01	5.41e-01	1.63e-01	1.72e-02
 1.43931e+21	0.00e+00	0.00e+00	0.00e+00	0.00e+00	0.00e+00	0.00e+00	0.00e+00	1.10e-29	2.64e-26	1.69e-23	7.15e-21	1.89e-18	4.26e-16	5.55e-14	4.89e-12	3.20e-10	6.23e-08	3.07e-06	8.02e-05	1.06e-03	7.59e-03	2.87e-02	7.76e-02	1.77e-01	5.36e-01	1.56e-01	1.59e-02
 1.51451e+21	0.00e+00	0.00e+00	0.00e+00	0.00e+00	0.00e+00	0.00e+00	5.46e-33	2.33e-29	5.30e-26	3.21e-23	1.29e-20	3.24e-18	6.90e-16	8.52e-14	7.12e-12	4.43e-10	8.55e-08	4.12e-06	1.04e-04	1.32e-03	9.03e-03	3.27e-02	8.40e-02	1.82e-01	5.29e-01	1.47e-01	1.43e-02
 1.58779e+21	0.00e+00	0.00e+00	0.00e+00	0.00e+00	0.00e+00	0.00e+00	1.18e-32	4.79e-29	1.04e-25	5.97e-23	2.28e-20	5.43e-18	1.10e-15	1.29e-13	1.02e-11	6.06e-10	1.16e-07	5.45e-06	1.33e-04	1.62e-03	1.07e-02	3.69e-02	9.04e-02	1.87e-01	5.22e-01	1.39e-01	1.29e-02
 1.64201e+21	0.00e+00	0.00e+00	0.00e+00	0.00e+00	0.00e+00	0.00e+00	2.07e-32	8.11e-29	1.69e-25	9.38e-23	3.45e-20	7.92e-18	1.54e-15	1.74e-13	1.33e-11	7.62e-10	1.44e-07	6.68e-06	1.60e-04	1.89e-03	1.20e-02	4.02e-02	9.53e-02	1.90e-01	5.15e-01	1.33e-01	1.20e-02
 1.69593e+21	0.00e+00	0.00e+00	0.00e+00	0.00e+00	0.00e+00	0.00e+00	3.58e-32	1.36e-28	2.73e-25	1.46e-22	5.19e-20	1.15e-17	2.15e-15	2.34e-13	1.73e-11	9.53e-10	1.79e-07	8.16e-06	1.91e-04	2.19e-03	1.35e-02	4.38e-02	1.00e-01	1.94e-01	5.09e-01	1.27e-01	1.11e-02
 1.76601e+21	0.00e+00	0.00e+00	0.00e+00	0.00e+00	0.00e+00	0.00e+00	7.27e-32	2.64e-28	5.06e-25	2.59e-22	8.76e-20	1.85e-17	3.30e-15	3.43e-13	2.41e-11	1.27e-09	2.37e-07	1.05e-05	2.39e-04	2.64e-03	1.57e-02	4.87e-02	1.07e-01	1.97e-01	4.99e-01	1.20e-01	1.01e-02
 1.83972e+21	0.00e+00	0.00e+00	0.00e+00	0.00e+00	0.00e+00	0.00e+00	1.51e-31	5.24e-28	9.61e-25	4.68e-22	1.51e-19	3.03e-17	5.15e-15	5.08e-13	3.39e-11	1.71e-09	3.15e-07	1.37e-05	3.01e-04	3.20e-03	1.83e-02	5.43e-02	1.14e-01	2.01e-01	4.88e-01	1.12e-01	9.04e-03
 1.90234e+21	0.00e+00	0.00e+00	0.00e+00	0.00e+00	0.00e+00	0.00e+00	2.80e-31	9.34e-28	1.64e-24	7.69e-22	2.38e-19	4.58e-17	7.46e-15	7.07e-13	4.53e-11	2.19e-09	4.01e-07	1.71e-05	3.66e-04	3.76e-03	2.07e-02	5.93e-02	1.20e-01	2.03e-01	4.78e-01	1.06e-01	8.26e-03
 1.96794e+21	0.00e+00	0.00e+00	0.00e+00	0.00e+00	0.00e+00	0.00e+00	5.28e-31	1.69e-27	2.86e-24	1.28e-21	3.80e-19	7.01e-17	1.09e-14	9.93e-13	6.09e-11	2.83e-09	5.12e-07	2.14e-05	4.46e-04	4.44e-03	2.35e-02	6.49e-02	1.26e-01	2.06e-01	4.68e-01	1.00e-01	7.51e-03
 2.04024e+21	0.00e+00	0.00e+00	0.00e+00	0.00e+00	0.00e+00	0.00e+00	1.05e-30	3.23e-27	5.21e-24	2.24e-21	6.33e-19	1.11e-16	1.66e-14	1.44e-12	8.41e-11	3.74e-09	6.69e-07	2.73e-05	5.53e-04	5.30e-03	2.70e-02	7.14e-02	1.33e-01	2.08e-01	4.55e-01	9.35e-02	6.75e-03
 2.10648e+21	0.00e+00	0.00e+00	0.00e+00	0.00e+00	0.00e+00	0.00e+00	1.96e-30	5.78e-27	8.96e-24	3.69e-21	1.00e-18	1.69e-16	2.42e-14	2.00e-12	1.12e-10	4.80e-09	8.50e-07	3.40e-05	6.70e-04	6.20e-03	3.05e-02	7.77e-02	1.39e-01	2.09e-01	4.43e-01	8.78e-02	6.12e-03
 2.16684e+21	0.00e+00	0.00e+00	0.00e+00	0.00e+00	0.00e+00	0.00e+00	3.42e-30	9.75e-27	1.46e-23	5.79e-21	1.51e-18	2.46e-16	3.38e-14	2.70e-12	1.46e-10	6.00e-09	1.05e-06	4.14e-05	7.95e-04	7.13e-03	3.40e-02	8.36e-02	1.45e-01	2.10e-01	4.32e-01	8.28e-02	5.59e-03
 2.23430e+21	0.00e+00	0.00e+00	0.00e+00	0.00e+00	0.00e+00	0.00e+00	6.32e-30	1.73e-26	2.49e-23	9.49e-21	2.38e-18	3.72e-16	4.89e-14	3.75e-12	1.94e-10	7.68e-09	1.33e-06	5.12e-05	9.57e-04	8.31e-03	3.81e-02	9.05e-02	1.51e-01	2.10e-01	4.19e-01	7.75e-02	5.05e-03
 2.30970e+21	0.00e+00	0.00e+00	0.00e+00	0.00e+00	0.00e+00	0.00e+00	1.24e-29	3.26e-26	4.48e-23	1.64e-20	3.92e-18	5.85e-16	7.35e-14	5.38e-12	2.66e-10	1.01e-08	1.72e-06	6.47e-05	1.17e-03	9.80e-03	4.32e-02	9.85e-02	1.57e-01	2.10e-01	4.04e-01	7.19e-02	4.50e-03
 2.38010e+21	0.00e+00	0.00e+00	0.00e+00	0.00e+00	0.00e+00	0.00e+00	2.30e-29	5.81e-26	7.68e-23	2.69e-20	6.20e-18	8.86e-16	1.07e-13	7.48e-12	3.54e-10	1.29e-08	2.18e-06	8.00e-05	1.41e-03	1.14e-02	4.84e-02	1.06e-01	1.63e-01	2.09e-01	3.89e-01	6.69e-02	4.04e-03
 2.44598e+21	0.00e+00	0.00e+00	0.00e+00	0.00e+00	0.00e+00	3.45e-33	4.06e-29	9.90e-26	1.26e-22	4.26e-20	9.43e-18	1.30e-15	1.50e-13	1.01e-11	4.61e-10	1.61e-08	2.70e-06	9.71e-05	1.67e-03	1.30e-02	5.36e-02	1.13e-01	1.68e-01	2.08e-01	3.76e-01	6.24e-02	3.65e-03
 2.52132e+21	0.00e+00	0.00e+00	0.00e+00	0.00e+00	0.00e+00	6.78e-33	7.66e-29	1.80e-25	2.20e-22	7.11e-20	1.51e-17	1.99e-15	2.20e-13	1.42e-11	6.19e-10	2.08e-08	3.42e-06	1.20e-04	2.01e-03	1.51e-02	5.98e-02	1.22e-01	1.73e-01	2.07e-01	3.60e-01	5.76e-02	3.25e-03
 2.60230e+21	0.00e+00	0.00e+00	0.00e+00	0.00e+00	0.00e+00	1.38e-32	1.50e-28	3.37e-25	3.94e-22	1.22e-19	2.48e-17	3.12e-15	3.30e-13	2.03e-11	8.45e-10	2.71e-08	4.40e-06	1.51e-04	2.44e-03	1.77e-02	6.71e-02	1.31e-01	1.79e-01	2.04e-01	3.43e-01	5.28e-02	2.86e-03
 2.67359e+21	0.00e+00	0.00e+00	0.00e+00	0.00e+00	0.00e+00	2.56e-32	2.67e-28	5.80e-25	6.53e-22	1.95e-19	3.80e-17	4.60e-15	4.68e-13	2.77e-11	1.11e-09	3.41e-08	5.45e-06	1.83e-04	2.87e-03	2.01e-02	7.38e-02	1.39e-01	1.83e-01	2.01e-01	3.28e-01	4.88e-02	2.55e-03
 2.74926e+21	0.00e+00	0.00e+00	0.00e+00	0.00e+00	0.00e+00	4.84e-32	4.87e-28	1.02e-24	1.10e-21	3.16e-19	5.92e-17	6.88e-15	6.71e-13	3.81e-11	1.46e-09	4.33e-08	6.81e-06	2.23e-04	3.40e-03	2.30e-02	8.14e-02	1.48e-01	1.87e-01	1.98e-01	3.13e-01	4.48e-02	2.26e-03
 2.83418e+21	0.00e+00	0.00e+00	0.00e+00	0.00e+00	0.00e+00	9.76e-32	9.42e-28	1.89e-24	1.96e-21	5.38e-19	9.64e-17	1.07e-14	9.97e-13	5.41e-11	1.98e-09	5.62e-08	8.67e-06	2.77e-04	4.08e-03	2.66e-02	9.02e-02	1.57e-01	1.91e-01	1.93e-01	2.95e-01	4.07e-02	1.98e-03
 2.91414e+21	0.00e+00	0.00e+00	0.00e+00	0.00e+00	0.00e+00	1.86e-31	1.73e-27	3.34e-24	3.33e-21	8.77e-19	1.51e-16	1.61e-14	1.43e-12	7.47e-11	2.62e-09	7.13e-08	1.08e-05	3.36e-04	4.82e-03	3.03e-02	9.89e-02	1.66e-01	1.93e-01	1.89e-01	2.79e-01	3.70e-02	1.74e-03
 2.98946e+21	0.00e+00	0.00e+00	0.00e+00	0.00e+00	0.00e+00	3.37e-31	3.02e-27	5.64e-24	5.42e-21	1.38e-18	2.28e-16	2.34e-14	2.01e-12	1.00e-10	3.38e-09	8.88e-08	1.32e-05	4.02e-04	5.60e-03	3.40e-02	1.07e-01	1.73e-01	1.96e-01	1.84e-01	2.64e-01	3.39e-02	1.54e-03
 3.07575e+21	0.00e+00	0.00e+00	0.00e+00	0.00e+00	0.00e+00	6.54e-31	5.64e-27	1.01e-23	9.33e-21	2.28e-18	3.61e-16	3.55e-14	2.92e-12	1.40e-10	4.50e-09	1.13e-07	1.65e-05	4.90e-04	6.61e-03	3.87e-02	1.17e-01	1.82e-01	1.97e-01	1.78e-01	2.48e-01	3.06e-02	1.33e-03
 3.17228e+21	0.00e+00	0.00e+00	0.00e+00	0.00e+00	0.00e+00	1.35e-30	1.12e-26	1.92e-23	1.69e-20	3.94e-18	5.97e-16	5.60e-14	4.38e-12	2.00e-10	6.15e-09	1.48e-07	2.11e-05	6.06e-04	7.89e-03	4.43e-02	1.29e-01	1.91e-01	1.98e-01	1.71e-01	2.30e-01	2.72e-02	1.14e-03
 3.25841e+21	0.00e+00	0.00e+00	0.00e+00	0.00e+00	0.00e+00	2.54e-30	2.02e-26	3.34e-23	2.84e-20	6.35e-18	9.25e-16	8.33e-14	6.25e-12	2.74e-10	8.06e-09	1.86e-07	2.60e-05	7.27e-04	9.19e-03	4.97e-02	1.39e-01	1.99e-01	1.98e-01	1.65e-01	2.14e-01	2.44e-02	9.86e-04
 3.33296e+21	0.00e+00	0.00e+00	0.00e+00	0.00e+00	0.00e+00	4.33e-30	3.34e-26	5.35e-23	4.39e-20	9.51e-18	1.34e-15	1.16e-13	8.43e-12	3.57e-10	1.01e-08	2.26e-07	3.10e-05	8.47e-04	1.04e-02	5.47e-02	1.48e-01	2.05e-01	1.98e-01	1.59e-01	2.01e-01	2.23e-02	8.72e-04
 3.41616e+21	0.00e+00	0.00e+00	0.00e+00	0.00e+00	0.00e+00	7.72e-30	5.75e-26	8.91e-23	7.05e-20	1.47e-17	2.00e-15	1.67e-13	1.17e-11	4.74e-10	1.30e-08	2.78e-07	3.74e-05	9.97e-04	1.19e-02	6.05e-02	1.58e-01	2.11e-01	1.97e-01	1.53e-01	1.88e-01	2.01e-02	7.59e-04
 3.52431e+21	0.00e+00	0.00e+00	0.00e+00	0.00e+00	0.00e+00	1.61e-29	1.15e-25	1.71e-22	1.29e-19	2.57e-17	3.32e-15	2.65e-13	1.76e-11	6.82e-10	1.77e-08	3.63e-07	4.74e-05	1.22e-03	1.41e-02	6.85e-02	1.71e-01	2.18e-01	1.94e-01	1.44e-01	1.71e-01	1.75e-02	6.34e-04
 3.63510e+21	0.00e+00	0.00e+00	0.00e+00	0.00e+00	0.00e+00	3.36e-29	2.30e-25	3.26e-22	2.35e-19	4.48e-17	5.51e-15	4.19e-13	2.65e-11	9.77e-10	2.42e-08	4.72e-07	5.99e-05	1.50e-03	1.66e-02	7.72e-02	1.84e-01	2.24e-01	1.91e-01	1.35e-01	1.55e-01	1.51e-02	5.26e-04
 3.72571e+21	0.00e+00	0.00e+00	0.00e+00	0.00e+00	3.20e-33	6.04e-29	3.98e-25	5.45e-22	3.79e-19	6.95e-17	8.25e-15	6.03e-13	3.66e-11	1.30e-09	3.09e-08	5.80e-07	7.21e-05	1.75e-03	1.88e-02	8.46e-02	1.94e-01	2.29e-01	1.88e-01	1.28e-01	1.42e-01	1.35e-02	4.51e-04
 3.81989e+21	0.00e+00	0.00e+00	0.00e+00	0.00e+00	5.98e-33	1.09e-28	6.94e-25	9.17e-22	6.15e-19	1.09e-16	1.24e-14	8.71e-13	5.08e-11	1.73e-09	3.96e-08	7.15e-07	8.67e-05	2.05e-03	2.13e-02	9.25e-02	2.05e-01	2.32e-01	1.84e-01	1.21e-01	1.30e-01	1.19e-02	3.85e-04
 3.94232e+21	0.00e+00	0.00e+00	0.00e+00	0.00e+00	1.32e-32	2.30e-28	1.40e-24	1.77e-21	1.13e-18	1.90e-16	2.07e-14	1.38e-12	7.68e-11	2.49e-09	5.40e-08	9.29e-07	1.09e-04	2.49e-03	2.49e-02	1.03e-01	2.18e-01	2.35e-01	1.78e-01	1.12e-01	1.16e-01	1.01e-02	3.13e-04
 4.06721e+21	0.00e+00	0.00e+00	0.00e+00	0.00e+00	2.89e-32	4.84e-28	2.81e-24	3.40e-21	2.07e-18	3.33e-16	3.44e-14	2.19e-12	1.16e-10	3.56e-09	7.35e-08	1.20e-06	1.37e-04	3.00e-03	2.89e-02	1.14e-01	2.30e-01	2.38e-01	1.71e-01	1.03e-01	1.03e-01	8.56e-03	2.53e-04
 4.16413e+21	0.00e+00	0.00e+00	0.00e+00	0.00e+00	5.23e-32	8.48e-28	4.76e-24	5.56e-21	3.28e-18	5.07e-16	5.05e-14	3.10e-12	1.57e-10	4.67e-09	9.25e-08	1.46e-06	1.62e-04	3.46e-03	3.23e-02	1.23e-01	2.40e-01	2.38e-01	1.66e-01	9.59e-02	9.34e-02	7.52e-03	2.15e-04
 4.25896e+21	0.00e+00	0.00e+00	0.00e+00	0.00e+00	9.20e-32	1.45e-27	7.87e-24	8.90e-21	5.06e-18	7.56e-16	7.27e-14	4.31e-12	2.11e-10	6.03e-09	1.15e-07	1.75e-06	1.89e-04	3.94e-03	3.58e-02	1.32e-01	2.48e-01	2.38e-01	1.60e-01	8.96e-02	8.50e-02	6.62e-03	1.83e-04
 4.38225e+21	0.00e+00	0.00e+00	0.00e+00	0.00e+00	1.88e-31	2.84e-27	1.48e-23	1.61e-20	8.78e-18	1.26e-15	1.15e-13	6.53e-12	3.05e-10	8.32e-09	1.52e-07	2.21e-06	2.31e-04	4.64e-03	4.06e-02	1.44e-01	2.58e-01	2.37e-01	1.53e-01	8.19e-02	7.51e-02	5.60e-03	1.48e-04
 4.51058e+21	0.00e+00	0.00e+00	0.00e+00	0.00e+00	3.90e-31	5.66e-27	2.83e-23	2.95e-20	1.54e-17	2.10e-15	1.84e-13	9.95e-12	4.43e-10	1.15e-08	2.00e-07	2.78e-06	2.82e-04	5.47e-03	4.60e-02	1.56e-01	2.67e-01	2.35e-01	1.45e-01	7.43e-02	6.58e-02	4.71e-03	1.19e-04
 4.61822e+21	0.00e+00	0.00e+00	0.00e+00	0.00e+00	7.08e-31	9.94e-27	4.80e-23	4.83e-20	2.43e-17	3.20e-15	2.70e-13	1.40e-11	6.01e-10	1.50e-08	2.51e-07	3.36e-06	3.31e-04	6.23e-03	5.07e-02	1.66e-01	2.74e-01	2.33e-01	1.38e-01	6.84e-02	5.89e-02	4.06e-03	9.95e-05
 4.73089e+21	0.00e+00	0.00e+00	0.00e+00	0.00e+00	1.30e-30	1.76e-26	8.22e-23	7.98e-20	3.86e-17	4.90e-15	3.98e-13	1.99e-11	8.19e-10	1.97e-08	3.16e-07	4.06e-06	3.89e-04	7.10e-03	5.60e-02	1.77e-01	2.81e-01	2.29e-01	1.31e-01	6.26e-02	5.24e-02	3.49e-03	8.24e-05
 4.87736e+21	0.00e+00	0.00e+00	0.00e+00	0.00e+00	2.80e-30	3.64e-26	1.62e-22	1.51e-19	6.95e-17	8.40e-15	6.51e-13	3.09e-11	1.21e-09	2.76e-08	4.21e-07	5.15e-06	4.75e-04	8.35e-03	6.31e-02	1.90e-01	2.88e-01	2.24e-01	1.22e-01	5.57e-02	4.50e-02	2.86e-03	6.44e-05
 5.02609e+21	0.00e+00	0.00e+00	0.00e+00	0.00e+00	5.99e-30	7.46e-26	3.18e-22	2.82e-19	1.24e-16	1.43e-14	1.06e-12	4.78e-11	1.78e-09	3.86e-08	5.59e-07	6.51e-06	5.79e-04	9.77e-03	7.09e-02	2.04e-01	2.93e-01	2.18e-01	1.14e-01	4.93e-02	3.85e-02	2.33e-03	5.02e-05
 5.14577e+21	0.00e+00	0.00e+00	0.00e+00	0.00e+00	1.09e-29	1.31e-25	5.39e-22	4.62e-19	1.96e-16	2.18e-14	1.55e-12	6.72e-11	2.40e-09	5.01e-08	6.97e-07	7.80e-06	6.73e-04	1.10e-02	7.73e-02	2.14e-01	2.97e-01	2.12e-01	1.07e-01	4.47e-02	3.39e-02	1.98e-03	4.11e-05
 5.25131e+21	0.00e+00	0.00e+00	0.00e+00	0.00e+00	1.82e-29	2.13e-25	8.51e-22	7.07e-19	2.91e-16	3.13e-14	2.14e-12	9.02e-11	3.11e-09	6.27e-08	8.42e-07	9.12e-06	7.66e-04	1.22e-02	8.32e-02	2.23e-01	2.99e-01	2.07e-01	1.01e-01	4.09e-02	3.03e-02	1.71e-03	3.45e-05
 5.37043e+21	0.00e+00	0.00e+00	0.00e+00	0.00e+00	3.21e-29	3.63e-25	1.40e-21	1.13e-18	4.48e-16	4.64e-14	3.07e-12	1.24e-10	4.13e-09	8.02e-08	1.04e-06	1.08e-05	8.82e-04	1.36e-02	9.01e-02	2.33e-01	3.01e-01	2.01e-01	9.45e-02	3.70e-02	2.67e-02	1.46e-03	2.83e-05
 5.52530e+21	0.00e+00	0.00e+00	0.00e+00	0.00e+00	6.59e-29	7.16e-25	2.65e-21	2.04e-18	7.74e-16	7.67e-14	4.84e-12	1.87e-10	5.91e-09	1.09e-07	1.34e-06	1.34e-05	1.05e-03	1.57e-02	9.92e-02	2.45e-01	3.03e-01	1.93e-01	8.67e-02	3.24e-02	2.27e-02	1.18e-03	2.20e-05
 5.68317e+21	0.00e+00	0.00e+00	0.00e+00	3.46e-33	1.35e-28	1.41e-24	5.00e-21	3.69e-18	1.34e-15	1.27e-13	7.62e-12	2.81e-10	8.45e-09	1.49e-07	1.74e-06	1.65e-05	1.25e-03	1.79e-02	1.09e-01	2.57e-01	3.03e-01	1.84e-01	7.91e-02	2.83e-02	1.92e-02	9.55e-04	1.70e-05
 5.81080e+21	0.00e+00	0.00e+00	0.00e+00	6.32e-33	2.38e-28	2.40e-24	8.25e-21	5.89e-18	2.06e-15	1.88e-13	1.09e-11	3.86e-10	1.12e-08	1.89e-07	2.13e-06	1.95e-05	1.43e-03	1.99e-02	1.17e-01	2.67e-01	3.02e-01	1.77e-01	7.34e-02	2.54e-02	1.67e-02	8.04e-04	1.38e-05
 5.94257e+21	0.00e+00	0.00e+00	0.00e+00	1.16e-32	4.22e-28	4.11e-24	1.36e-20	9.42e-18	3.17e-15	2.79e-13	1.56e-11	5.32e-10	1.48e-08	2.41e-07	2.61e-06	2.30e-05	1.64e-03	2.20e-02	1.25e-01	2.75e-01	3.00e-01	1.70e-01	6.78e-02	2.26e-02	1.45e-02	6.74e-04	1.11e-05
 6.11388e+21	0.00e+00	0.00e+00	0.00e+00	2.50e-32	8.71e-28	8.14e-24	2.58e-20	1.71e-17	5.50e-15	4.62e-13	2.46e-11	7.99e-10	2.12e-08	3.28e-07	3.37e-06	2.83e-05	1.94e-03	2.50e-02	1.36e-01	2.86e-01	2.97e-01	1.60e-01	6.11e-02	1.95e-02	1.21e-02	5.36e-04	8.46e-06
 6.29041e+21	0.00e+00	0.00e+00	0.00e+00	5.45e-32	1.81e-27	1.62e-23	4.93e-20	3.12e-17	9.57e-15	7.67e-13	3.89e-11	1.20e-09	3.03e-08	4.46e-07	4.36e-06	3.48e-05	2.29e-03	2.83e-02	1.48e-01	2.96e-01	2.92e-01	1.51e-01	5.48e-02	1.67e-02	1.00e-02	4.24e-04	6.37e-06
 6.43435e+21	0.00e+00	0.00e+00	0.00e+00	1.01e-31	3.24e-27	2.80e-23	8.23e-20	5.03e-17	1.49e-14	1.15e-12	5.59e-11	1.66e-09	4.02e-08	5.69e-07	5.34e-06	4.10e-05	2.61e-03	3.12e-02	1.58e-01	3.04e-01	2.88e-01	1.43e-01	5.01e-02	1.47e-02	8.62e-03	3.50e-04	5.07e-06
 6.58207e+21	0.00e+00	0.00e+00	0.00e+00	1.88e-31	5.81e-27	4.85e-23	1.38e-19	8.12e-17	2.31e-14	1.72e-12	8.05e-11	2.30e-09	5.34e-08	7.25e-07	6.53e-06	4.82e-05	2.97e-03	3.43e-02	1.68e-01	3.11e-01	2.83e-01	1.35e-01	4.56e-02	1.29e-02	7.37e-03	2.88e-04	4.01e-06
 6.73785e+21	0.00e+00	0.00e+00	0.00e+00	3.58e-31	1.06e-26	8.58e-23	2.34e-19	1.33e-16	3.66e-14	2.61e-12	1.17e-10	3.22e-09	7.16e-08	9.31e-07	8.03e-06	5.69e-05	3.38e-03	3.78e-02	1.78e-01	3.17e-01	2.77e-01	1.27e-01	4.12e-02	1.12e-02	6.25e-03	2.35e-04	3.14e-06
 6.87066e+21	0.00e+00	0.00e+00	0.00e+00	6.13e-31	1.76e-26	1.38e-22	3.66e-19	2.02e-16	5.36e-14	3.70e-12	1.61e-10	4.26e-09	9.15e-08	1.15e-06	9.55e-06	6.54e-05	3.77e-03	4.10e-02	1.87e-01	3.22e-01	2.72e-01	1.20e-01	3.78e-02	9.97e-03	5.43e-03	1.97e-04	2.55e-06
 7.00985e+21	0.00e+00	0.00e+00	0.00e+00	1.06e-30	2.96e-26	2.25e-22	5.78e-19	3.09e-16	7.93e-14	5.29e-12	2.22e-10	5.67e-09	1.17e-07	1.42e-06	1.14e-05	7.52e-05	4.22e-03	4.44e-02	1.97e-01	3.27e-01	2.66e-01	1.14e-01	3.45e-02	8.82e-03	4.69e-03	1.64e-04	2.06e-06
 7.19081e+21	0.00e+00	0.00e+00	0.00e+00	2.15e-30	5.73e-26	4.18e-22	1.03e-18	5.31e-16	1.31e-13	8.34e-12	3.34e-10	8.16e-09	1.61e-07	1.86e-06	1.42e-05	8.98e-05	4.84e-03	4.91e-02	2.09e-01	3.32e-01	2.58e-01	1.05e-01	3.07e-02	7.51e-03	3.88e-03	1.30e-04	1.56e-06
 7.37231e+21	0.00e+00	0.00e+00	0.00e+00	4.30e-30	1.10e-25	7.72e-22	1.83e-18	9.08e-16	2.14e-13	1.31e-11	5.01e-10	1.17e-08	2.20e-07	2.43e-06	1.77e-05	1.07e-04	5.54e-03	5.40e-02	2.21e-01	3.36e-01	2.49e-01	9.74e-02	2.72e-02	6.38e-03	3.20e-03	1.03e-04	1.18e-06
 7.51419e+21	0.00e+00	0.00e+00	0.00e+00	7.32e-30	1.81e-25	1.23e-21	2.85e-18	1.37e-15	3.11e-13	1.84e-11	6.83e-10	1.54e-08	2.80e-07	2.97e-06	2.09e-05	1.22e-04	6.14e-03	5.81e-02	2.30e-01	3.38e-01	2.42e-01	9.15e-02	2.47e-02	5.62e-03	2.76e-03	8.56e-05	9.49e-07
 7.63197e+21	0.00e+00	0.00e+00	0.00e+00	1.13e-29	2.72e-25	1.81e-21	4.07e-18	1.91e-15	4.23e-13	2.44e-11	8.78e-10	1.92e-08	3.39e-07	3.50e-06	2.39e-05	1.36e-04	6.66e-03	6.15e-02	2.38e-01	3.40e-01	2.36e-01	8.69e-02	2.28e-02	5.06e-03	2.44e-03	7.37e-05	7.94e-07
 7.75874e+21	0.00e+00	0.00e+00	0.00e+00	1.79e-29	4.20e-25	2.72e-21	5.97e-18	2.72e-15	5.87e-13	3.29e-11	1.15e-09	2.44e-08	4.17e-07	4.17e-06	2.76e-05	1.52e-04	7.27e-03	6.54e-02	2.46e-01	3.41e-01	2.30e-01	8.20e-02	2.10e-02	4.52e-03	2.14e-03	6.26e-05	6.55e-07
 7.92355e+21	0.00e+00	0.00e+00	0.00e+00	3.22e-29	7.27e-25	4.56e-21	9.68e-18	4.28e-15	8.89e-13	4.80e-11	1.61e-09	3.30e-08	5.42e-07	5.20e-06	3.30e-05	1.75e-04	8.10e-03	7.05e-02	2.57e-01	3.42e-01	2.21e-01	7.61e-02	1.88e-02	3.90e-03	1.80e-03	5.09e-05	5.12e-07
 8.09147e+21	0.00e+00	0.00e+00	0.00e+00	5.82e-29	1.27e-24	7.68e-21	1.58e-17	6.74e-15	1.35e-12	7.03e-11	2.27e-09	4.46e-08	7.04e-07	6.49e-06	3.96e-05	2.02e-04	9.03e-03	7.59e-02	2.67e-01	3.43e-01	2.13e-01	7.04e-02	1.67e-02	3.36e-03	1.52e-03	4.11e-05	3.98e-07
 8.22590e+21	0.00e+00	0.00e+00	0.00e+00	9.26e-29	1.96e-24	1.16e-20	2.32e-17	9.65e-15	1.88e-12	9.49e-11	2.98e-09	5.67e-08	8.66e-07	7.73e-06	4.56e-05	2.26e-04	9.83e-03	8.04e-02	2.75e-01	3.43e-01	2.06e-01	6.61e-02	1.52e-02	2.98e-03	1.32e-03	3.47e-05	3.26e-07
 8.36311e+21	0.00e+00	0.00e+00	0.00e+00	1.48e-28	3.04e-24	1.75e-20	3.40e-17	1.38e-14	2.61e-12	1.28e-10	3.90e-09	7.19e-08	1.06e-06	9.19e-06	5.25e-05	2.52e-04	1.07e-02	8.51e-02	2.83e-01	3.42e-01	1.99e-01	6.19e-02	1.39e-02	2.63e-03	1.15e-03	2.92e-05	2.66e-07
 8.50895e+21	0.00e+00	0.00e+00	0.00e+00	2.41e-28	4.81e-24	2.69e-20	5.11e-17	2.02e-14	3.70e-12	1.76e-10	5.18e-09	9.25e-08	1.32e-06	1.10e-05	6.09e-05	2.83e-04	1.17e-02	9.02e-02	2.92e-01	3.41e-01	1.92e-01	5.77e-02	1.25e-02	2.31e-03	9.86e-04	2.43e-05	2.15e-07
 8.63420e+21	0.00e+00	0.00e+00	0.00e+00	3.66e-28	7.12e-24	3.89e-20	7.21e-17	2.78e-14	4.97e-12	2.30e-10	6.60e-09	1.14e-07	1.59e-06	1.29e-05	6.90e-05	3.12e-04	1.25e-02	9.47e-02	2.99e-01	3.39e-01	1.85e-01	5.43e-02	1.15e-02	2.06e-03	8.66e-04	2.08e-05	1.78e-07
 8.74808e+21	0.00e+00	0.00e+00	3.43e-33	5.29e-28	1.01e-23	5.38e-20	9.77e-17	3.69e-14	6.45e-12	2.92e-10	8.16e-09	1.38e-07	1.87e-06	1.48e-05	7.71e-05	3.40e-04	1.34e-02	9.88e-02	3.05e-01	3.38e-01	1.80e-01	5.14e-02	1.06e-02	1.87e-03	7.72e-04	1.80e-05	1.51e-07
 8.87901e+21	0.00e+00	0.00e+00	5.39e-33	8.09e-28	1.50e-23	7.83e-20	1.39e-16	5.13e-14	8.72e-12	3.84e-10	1.04e-08	1.72e-07	2.25e-06	1.73e-05	8.75e-05	3.75e-04	1.44e-02	1.04e-01	3.12e-01	3.36e-01	1.73e-01	4.82e-02	9.70e-03	1.66e-03	6.74e-04	1.53e-05	1.25e-07
 9.02622e+21	0.00e+00	0.00e+00	8.90e-33	1.30e-27	2.32e-23	1.18e-19	2.05e-16	7.36e-14	1.22e-11	5.20e-10	1.37e-08	2.18e-07	2.77e-06	2.05e-05	1.01e-04	4.18e-04	1.56e-02	1.09e-01	3.20e-01	3.33e-01	1.66e-01	4.48e-02	8.76e-03	1.46e-03	5.80e-04	1.28e-05	0.00e+00
 9.16465e+21	0.00e+00	0.00e+00	1.42e-32	2.00e-27	3.50e-23	1.74e-19	2.94e-16	1.03e-13	1.66e-11	6.90e-10	1.76e-08	2.73e-07	3.36e-06	2.41e-05	1.14e-04	4.62e-04	1.68e-02	1.15e-01	3.27e-01	3.30e-01	1.60e-01	4.18e-02	7.94e-03	1.29e-03	5.04e-04	1.08e-05	0.00e+00
 9.29316e+21	0.00e+00	0.00e+00	2.17e-32	2.99e-27	5.09e-23	2.47e-19	4.09e-16	1.40e-13	2.20e-11	8.93e-10	2.22e-08	3.34e-07	4.00e-06	2.79e-05	1.29e-04	5.06e-04	1.79e-02	1.20e-01	3.33e-01	3.27e-01	1.54e-01	3.92e-02	7.26e-03	1.15e-03	4.42e-04	9.18e-06	0.00e+00
 9.43873e+21	0.00e+00	0.00e+00	3.50e-32	4.67e-27	7.72e-23	3.66e-19	5.90e-16	1.98e-13	3.02e-11	1.19e-09	2.88e-08	4.19e-07	4.86e-06	3.29e-05	1.47e-04	5.60e-04	1.93e-02	1.25e-01	3.40e-01	3.24e-01	1.47e-01	3.64e-02	6.55e-03	1.01e-03	3.81e-04	7.68e-06	0.00e+00
 9.59096e+21	0.00e+00	0.00e+00	5.73e-32	7.41e-27	1.19e-22	5.50e-19	8.66e-16	2.83e-13	4.20e-11	1.61e-09	3.76e-08	5.31e-07	5.95e-06	3.89e-05	1.68e-04	6.21e-04	2.08e-02	1.31e-01	3.46e-01	3.20e-01	1.40e-01	3.36e-02	5.88e-03	8.78e-04	3.26e-04	6.36e-06	0.00e+00
 9.71817e+21	0.00e+00	0.00e+00	8.62e-32	1.09e-26	1.70e-22	7.71e-19	1.19e-15	3.81e-13	5.51e-11	2.06e-09	4.69e-08	6.45e-07	7.04e-06	4.48e-05	1.88e-04	6.77e-04	2.21e-02	1.37e-01	3.52e-01	3.16e-01	1.35e-01	3.15e-02	5.37e-03	7.83e-04	2.87e-04	5.44e-06	0.00e+00
 9.84988e+21	0.00e+00	0.00e+00	1.30e-31	1.60e-26	2.45e-22	1.08e-18	1.64e-15	5.14e-13	7.26e-11	2.64e-09	5.88e-08	7.87e-07	8.34e-06	5.16e-05	2.10e-04	7.38e-04	2.36e-02	1.42e-01	3.57e-01	3.12e-01	1.29e-01	2.94e-02	4.89e-03	6.96e-04	2.51e-04	4.63e-06	0.00e+00
 1.00211e+22	0.00e+00	0.00e+00	2.22e-31	2.63e-26	3.90e-22	1.68e-18	2.47e-15	7.56e-13	1.03e-10	3.65e-09	7.85e-08	1.01e-06	1.04e-05	6.18e-05	2.43e-04	8.24e-04	2.55e-02	1.49e-01	3.63e-01	3.07e-01	1.22e-01	2.69e-02	4.33e-03	5.98e-04	2.11e-04	3.76e-06	0.00e+00
 1.01924e+22	0.00e+00	0.00e+00	3.77e-31	4.32e-26	6.20e-22	2.60e-18	3.73e-15	1.11e-12	1.47e-10	5.04e-09	1.05e-07	1.31e-06	1.29e-05	7.40e-05	2.80e-04	9.19e-04	2.76e-02	1.56e-01	3.69e-01	3.01e-01	1.16e-01	2.45e-02	3.83e-03	5.12e-04	1.77e-04	3.05e-06	0.00e+00
 1.03250e+22	0.00e+00	0.00e+00	5.65e-31	6.30e-26	8.83e-22	3.62e-18	5.10e-15	1.49e-12	1.93e-10	6.44e-09	1.30e-07	1.58e-06	1.52e-05	8.49e-05	3.13e-04	9.99e-04	2.92e-02	1.62e-01	3.74e-01	2.96e-01	1.11e-01	2.28e-02	3.48e-03	4.54e-04	1.55e-04	2.59e-06	0.00e+00
 1.04584e+22	0.00e+00	0.00e+00	8.41e-31	9.14e-26	1.25e-21	5.03e-18	6.94e-15	1.99e-12	2.52e-10	8.21e-09	1.62e-07	1.92e-06	1.79e-05	9.72e-05	3.48e-04	1.08e-03	3.10e-02	1.67e-01	3.78e-01	2.91e-01	1.06e-01	2.13e-02	3.16e-03	4.03e-04	1.35e-04	2.20e-06	0.00e+00
 1.06317e+22	0.00e+00	0.00e+00	1.40e-30	1.47e-25	1.95e-21	7.66e-18	1.03e-14	2.89e-12	3.55e-10	1.12e-08	2.14e-07	2.45e-06	2.20e-05	1.16e-04	3.99e-04	1.20e-03	3.33e-02	1.75e-01	3.83e-01	2.85e-01	9.95e-02	1.94e-02	2.79e-03	3.45e-04	1.14e-04	1.79e-06	0.00e+00
 1.08097e+22	0.00e+00	0.00e+00	2.36e-30	2.40e-25	3.08e-21	1.18e-17	1.55e-14	4.23e-12	5.04e-10	1.54e-08	2.85e-07	3.15e-06	2.73e-05	1.38e-04	4.59e-04	1.34e-03	3.59e-02	1.83e-01	3.88e-01	2.78e-01	9.34e-02	1.76e-02	2.45e-03	2.94e-04	9.49e-05	1.44e-06	0.00e+00
 1.09485e+22	0.00e+00	0.00e+00	3.53e-30	3.49e-25	4.37e-21	1.64e-17	2.11e-14	5.67e-12	6.60e-10	1.98e-08	3.55e-07	3.82e-06	3.22e-05	1.58e-04	5.11e-04	1.45e-03	3.80e-02	1.88e-01	3.91e-01	2.73e-01	8.89e-02	1.63e-02	2.21e-03	2.59e-04	8.24e-05	1.21e-06	0.00e+00
 1.10655e+22	0.00e+00	0.00e+00	4.92e-30	4.76e-25	5.85e-21	2.15e-17	2.74e-14	7.24e-12	8.26e-10	2.42e-08	4.27e-07	4.49e-06	3.69e-05	1.77e-04	5.59e-04	1.55e-03	3.98e-02	1.94e-01	3.94e-01	2.68e-01	8.52e-02	1.52e-02	2.03e-03	2.33e-04	7.32e-05	1.05e-06	0.00e+00
 1.11997e+22	0.00e+00	0.00e+00	7.17e-30	6.76e-25	8.12e-21	2.93e-17	3.67e-14	9.55e-12	1.07e-09	3.06e-08	5.25e-07	5.38e-06	4.31e-05	2.01e-04	6.18e-04	1.67e-03	4.19e-02	1.99e-01	3.96e-01	2.63e-01	8.11e-02	1.41e-02	1.84e-03	2.07e-04	6.39e-05	8.93e-07	0.00e+00
 1.13742e+22	0.00e+00	0.00e+00	1.16e-29	1.06e-24	1.24e-20	4.36e-17	5.35e-14	1.36e-11	1.48e-09	4.12e-08	6.85e-07	6.80e-06	5.25e-05	2.37e-04	7.03e-04	1.84e-03	4.48e-02	2.07e-01	3.99e-01	2.55e-01	7.60e-02	1.28e-02	1.62e-03	1.77e-04	5.36e-05	7.23e-07	0.00e+00
 1.15502e+22	0.00e+00	0.00e+00	1.89e-29	1.66e-24	1.89e-20	6.50e-17	7.81e-14	1.95e-11	2.05e-09	5.57e-08	8.97e-07	8.60e-06	6.42e-05	2.80e-04	8.00e-04	2.03e-03	4.78e-02	2.14e-01	4.02e-01	2.48e-01	7.11e-02	1.16e-02	1.42e-03	1.50e-04	4.48e-05	5.83e-07	0.00e+00
 1.16884e+22	0.00e+00	0.00e+00	2.74e-29	2.36e-24	2.61e-20	8.84e-17	1.05e-13	2.57e-11	2.65e-09	7.03e-08	1.11e-06	1.03e-05	7.50e-05	3.18e-04	8.84e-04	2.19e-03	5.03e-02	2.20e-01	4.04e-01	2.42e-01	6.74e-02	1.07e-02	1.28e-03	1.33e-04	3.89e-05	4.92e-07	0.00e+00
 1.18281e+22	0.00e+00	0.00e+00	3.97e-29	3.32e-24	3.60e-20	1.20e-16	1.40e-13	3.38e-11	3.41e-09	8.86e-08	1.36e-06	1.24e-05	8.74e-05	3.60e-04	9.76e-04	2.36e-03	5.29e-02	2.26e-01	4.05e-01	2.37e-01	6.38e-02	9.88e-03	1.15e-03	1.17e-04	3.38e-05	4.16e-07	0.00e+00
 1.20097e+22	0.00e+00	0.00e+00	6.36e-29	5.16e-24	5.43e-20	1.77e-16	2.02e-13	4.80e-11	4.73e-09	1.19e-07	1.77e-06	1.56e-05	1.07e-04	4.24e-04	1.11e-03	2.60e-03	5.63e-02	2.34e-01	4.07e-01	2.29e-01	5.95e-02	8.90e-03	1.01e-03	9.91e-05	2.81e-05	3.34e-07	0.00e+00
 1.21940e+22	0.00e+00	0.00e+00	1.03e-28	8.04e-24	8.23e-20	2.62e-16	2.95e-13	6.86e-11	6.57e-09	1.61e-07	2.32e-06	1.98e-05	1.30e-04	5.00e-04	1.26e-03	2.86e-03	6.00e-02	2.42e-01	4.08e-01	2.21e-01	5.52e-02	7.98e-03	8.77e-04	8.37e-05	2.33e-05	2.66e-07	0.00e+00
 1.23398e+22	0.00e+00	0.00e+00	1.49e-28	1.14e-23	1.14e-19	3.56e-16	3.95e-13	9.07e-11	8.50e-09	2.04e-07	2.86e-06	2.38e-05	1.52e-04	5.68e-04	1.39e-03	3.08e-03	6.31e-02	2.48e-01	4.09e-01	2.15e-01	5.20e-02	7.32e-03	7.85e-04	7.32e-05	2.00e-05	2.22e-07	0.00e+00
 1.24873e+22	0.00e+00	0.00e+00	2.14e-28	1.59e-23	1.56e-19	4.80e-16	5.27e-13	1.19e-10	1.10e-08	2.58e-07	3.53e-06	2.86e-05	1.78e-04	6.45e-04	1.54e-03	3.32e-03	6.62e-02	2.54e-01	4.09e-01	2.09e-01	4.90e-02	6.71e-03	7.02e-04	6.40e-05	1.72e-05	1.86e-07	0.00e+00
 1.26791e+22	0.00e+00	0.00e+00	3.41e-28	2.46e-23	2.34e-19	7.05e-16	7.61e-13	1.70e-10	1.52e-08	3.47e-07	4.61e-06	3.61e-05	2.16e-04	7.58e-04	1.74e-03	3.65e-03	7.04e-02	2.62e-01	4.09e-01	2.01e-01	4.53e-02	5.99e-03	6.07e-04	5.37e-05	1.42e-05	1.47e-07	0.00e+00
 1.28746e+22	0.00e+00	0.00e+00	5.46e-28	3.80e-23	3.51e-19	1.04e-15	1.11e-12	2.43e-10	2.12e-08	4.71e-07	6.05e-06	4.58e-05	2.65e-04	8.94e-04	1.98e-03	4.01e-03	7.48e-02	2.69e-01	4.08e-01	1.93e-01	4.17e-02	5.32e-03	5.23e-04	4.49e-05	1.16e-05	0.00e+00	0.00e+00
 1.30306e+22	0.00e+00	0.00e+00	7.91e-28	5.36e-23	4.84e-19	1.41e-15	1.49e-12	3.24e-10	2.76e-08	6.01e-07	7.53e-06	5.54e-05	3.11e-04	1.02e-03	2.19e-03	4.33e-03	7.86e-02	2.76e-01	4.07e-01	1.87e-01	3.89e-02	4.83e-03	4.63e-04	3.88e-05	9.86e-06	0.00e+00	0.00e+00
 1.31891e+22	0.00e+00	0.00e+00	1.13e-27	7.46e-23	6.60e-19	1.90e-15	1.98e-12	4.26e-10	3.56e-08	7.58e-07	9.27e-06	6.65e-05	3.63e-04	1.16e-03	2.42e-03	4.66e-03	8.24e-02	2.81e-01	4.06e-01	1.81e-01	3.64e-02	4.39e-03	4.11e-04	3.36e-05	8.42e-06	0.00e+00	0.00e+00
 1.33951e+22	0.00e+00	4.74e-33	1.79e-27	1.14e-22	9.82e-19	2.77e-15	2.86e-12	6.07e-10	4.94e-08	1.03e-06	1.22e-05	8.43e-05	4.43e-04	1.36e-03	2.74e-03	5.13e-03	8.75e-02	2.89e-01	4.04e-01	1.73e-01	3.33e-02	3.88e-03	3.51e-04	2.79e-05	6.84e-06	0.00e+00	0.00e+00
 1.36050e+22	0.00e+00	7.82e-33	2.83e-27	1.75e-22	1.46e-18	4.05e-15	4.14e-12	8.70e-10	6.90e-08	1.40e-06	1.60e-05	1.07e-04	5.43e-04	1.61e-03	3.12e-03	5.65e-03	9.29e-02	2.97e-01	4.01e-01	1.64e-01	3.04e-02	3.40e-03	2.99e-04	2.30e-05	5.52e-06	0.00e+00	0.00e+00
 1.37738e+22	0.00e+00	1.16e-32	4.05e-27	2.44e-22	2.00e-18	5.46e-15	5.55e-12	1.16e-09	8.98e-08	1.78e-06	1.99e-05	1.30e-04	6.37e-04	1.83e-03	3.45e-03	6.09e-03	9.74e-02	3.03e-01	3.98e-01	1.58e-01	2.82e-02	3.07e-03	2.62e-04	1.97e-05	4.65e-06	0.00e+00	0.00e+00
 1.39473e+22	0.00e+00	1.71e-32	5.78e-27	3.39e-22	2.72e-18	7.34e-15	7.41e-12	1.53e-09	1.17e-07	2.27e-06	2.47e-05	1.57e-04	7.47e-04	2.09e-03	3.81e-03	6.57e-03	1.02e-01	3.09e-01	3.95e-01	1.52e-01	2.61e-02	2.76e-03	2.30e-04	1.69e-05	3.91e-06	0.00e+00	0.00e+00
 1.41388e+22	0.00e+00	2.60e-32	8.50e-27	4.83e-22	3.80e-18	1.01e-14	1.02e-11	2.08e-09	1.55e-07	2.95e-06	3.13e-05	1.93e-04	8.89e-04	2.40e-03	4.25e-03	7.14e-03	1.07e-01	3.15e-01	3.91e-01	1.45e-01	2.40e-02	2.45e-03	1.99e-04	1.42e-05	3.22e-06	0.00e+00	0.00e+00
 1.43114e+22	0.00e+00	3.76e-32	1.19e-26	6.61e-22	5.09e-18	1.34e-14	1.34e-11	2.74e-09	2.00e-07	3.73e-06	3.86e-05	2.32e-04	1.04e-03	2.72e-03	4.68e-03	7.68e-03	1.12e-01	3.20e-01	3.88e-01	1.39e-01	2.22e-02	2.20e-03	1.74e-04	1.21e-05	2.71e-06	0.00e+00	0.00e+00
 1.44676e+22	0.00e+00	5.21e-32	1.61e-26	8.71e-22	6.59e-18	1.72e-14	1.72e-11	3.48e-09	2.51e-07	4.59e-06	4.65e-05	2.72e-04	1.19e-03	3.04e-03	5.10e-03	8.20e-03	1.17e-01	3.25e-01	3.84e-01	1.34e-01	2.07e-02	2.00e-03	1.55e-04	1.06e-05	2.32e-06	0.00e+00	0.00e+00
 1.46446e+22	0.00e+00	7.44e-32	2.22e-26	1.18e-21	8.75e-18	2.26e-14	2.25e-11	4.54e-09	3.21e-07	5.77e-06	5.71e-05	3.26e-04	1.38e-03	3.44e-03	5.61e-03	8.81e-03	1.22e-01	3.30e-01	3.80e-01	1.28e-01	1.91e-02	1.79e-03	1.35e-04	9.04e-06	1.95e-06	0.00e+00	0.00e+00
 1.48747e+22	0.00e+00	1.16e-31	3.35e-26	1.72e-21	1.25e-17	3.19e-14	3.17e-11	6.36e-09	4.39e-07	7.71e-06	7.39e-05	4.08e-04	1.67e-03	4.01e-03	6.31e-03	9.65e-03	1.29e-01	3.36e-01	3.74e-01	1.21e-01	1.72e-02	1.56e-03	1.14e-04	7.40e-06	1.56e-06	0.00e+00	0.00e+00
 1.51057e+22	0.00e+00	1.81e-31	5.01e-26	2.50e-21	1.77e-17	4.47e-14	4.44e-11	8.88e-09	5.99e-07	1.03e-05	9.57e-05	5.11e-04	2.01e-03	4.67e-03	7.10e-03	1.06e-02	1.36e-01	3.42e-01	3.67e-01	1.14e-01	1.55e-02	1.35e-03	9.59e-05	6.05e-06	1.25e-06	0.00e+00	0.00e+00
 1.52860e+22	0.00e+00	2.53e-31	6.79e-26	3.31e-21	2.31e-17	5.78e-14	5.74e-11	1.14e-08	7.59e-07	1.28e-05	1.16e-04	6.05e-04	2.32e-03	5.24e-03	7.76e-03	1.13e-02	1.42e-01	3.46e-01	3.62e-01	1.08e-01	1.43e-02	1.21e-03	8.39e-05	5.17e-06	1.05e-06	0.00e+00	0.00e+00
 1.54685e+22	0.00e+00	3.49e-31	9.12e-26	4.34e-21	2.98e-17	7.42e-14	7.37e-11	1.47e-08	9.55e-07	1.58e-05	1.41e-04	7.14e-04	2.66e-03	5.86e-03	8.46e-03	1.21e-02	1.47e-01	3.49e-01	3.56e-01	1.03e-01	1.32e-02	1.08e-03	7.34e-05	4.43e-06	8.86e-07	0.00e+00	0.00e+00
 1.57056e+22	0.00e+00	5.25e-31	1.32e-25	6.12e-21	4.12e-17	1.02e-13	1.01e-10	2.01e-08	1.28e-06	2.07e-05	1.79e-04	8.81e-04	3.17e-03	6.75e-03	9.43e-03	1.31e-02	1.54e-01	3.54e-01	3.48e-01	9.71e-02	1.18e-02	9.40e-04	6.19e-05	3.64e-06	7.11e-07	0.00e+00	0.00e+00
 1.59547e+22	0.00e+00	7.97e-31	1.93e-25	8.71e-21	5.74e-17	1.40e-13	1.40e-10	2.77e-08	1.73e-06	2.74e-05	2.30e-04	1.09e-03	3.79e-03	7.80e-03	1.05e-02	1.43e-02	1.62e-01	3.58e-01	3.40e-01	9.08e-02	1.06e-02	8.10e-04	5.17e-05	2.96e-06	5.65e-07	0.00e+00	0.00e+00
 1.61657e+22	0.00e+00	1.12e-30	2.64e-25	1.16e-20	7.53e-17	1.83e-13	1.83e-10	3.62e-08	2.21e-06	3.44e-05	2.82e-04	1.30e-03	4.39e-03	8.78e-03	1.15e-02	1.54e-02	1.69e-01	3.61e-01	3.32e-01	8.58e-02	9.62e-03	7.14e-04	4.45e-05	2.49e-06	4.67e-07	0.00e+00	0.00e+00
 1.63864e+22	0.00e+00	1.58e-30	3.61e-25	1.55e-20	9.89e-17	2.38e-13	2.39e-10	4.73e-08	2.84e-06	4.33e-05	3.46e-04	1.56e-03	5.09e-03	9.88e-03	1.26e-02	1.65e-02	1.76e-01	3.64e-01	3.24e-01	8.08e-02	8.73e-03	6.28e-04	3.82e-05	2.08e-06	3.84e-07	0.00e+00	0.00e+00
 1.66732e+22	0.00e+00	2.43e-30	5.35e-25	2.23e-20	1.39e-16	3.33e-13	3.36e-10	6.63e-08	3.88e-06	5.79e-05	4.47e-04	1.94e-03	6.11e-03	1.15e-02	1.42e-02	1.80e-02	1.84e-01	3.66e-01	3.14e-01	7.48e-02	7.69e-03	5.33e-04	3.14e-05	1.66e-06	2.99e-07	0.00e+00	0.00e+00
 1.69653e+22	0.00e+00	3.74e-30	7.90e-25	3.20e-20	1.96e-16	4.66e-13	4.72e-10	9.29e-08	5.31e-06	7.73e-05	5.78e-04	2.42e-03	7.33e-03	1.32e-02	1.58e-02	1.96e-02	1.93e-01	3.68e-01	3.03e-01	6.90e-02	6.76e-03	4.50e-04	2.57e-05	1.32e-06	2.32e-07	0.00e+00	0.00e+00
 1.71900e+22	0.00e+00	5.15e-30	1.06e-24	4.20e-20	2.54e-16	5.99e-13	6.10e-10	1.20e-07	6.74e-06	9.63e-05	7.03e-04	2.87e-03	8.42e-03	1.48e-02	1.72e-02	2.09e-02	2.00e-01	3.69e-01	2.95e-01	6.47e-02	6.11e-03	3.94e-04	2.20e-05	1.11e-06	1.90e-07	0.00e+00	0.00e+00
 1.73726e+22	0.00e+00	6.63e-30	1.33e-24	5.20e-20	3.10e-16	7.28e-13	7.44e-10	1.46e-07	8.08e-06	1.14e-04	8.15e-04	3.25e-03	9.34e-03	1.61e-02	1.83e-02	2.20e-02	2.05e-01	3.69e-01	2.88e-01	6.15e-02	5.65e-03	3.57e-04	1.95e-05	9.65e-07	1.64e-07	0.00e+00	0.00e+00
 1.75749e+22	0.00e+00	8.68e-30	1.70e-24	6.53e-20	3.85e-16	9.00e-13	9.23e-10	1.81e-07	9.85e-06	1.36e-04	9.57e-04	3.73e-03	1.05e-02	1.76e-02	1.96e-02	2.32e-02	2.11e-01	3.69e-01	2.80e-01	5.82e-02	5.18e-03	3.19e-04	1.71e-05	8.30e-07	1.39e-07	0.00e+00	0.00e+00
 1.78379e+22	0.00e+00	1.22e-29	2.33e-24	8.72e-20	5.07e-16	1.18e-12	1.21e-09	2.38e-07	1.27e-05	1.72e-04	1.17e-03	4.44e-03	1.20e-02	1.97e-02	2.14e-02	2.48e-02	2.18e-01	3.69e-01	2.70e-01	5.41e-02	4.62e-03	2.76e-04	1.44e-05	6.84e-07	0.00e+00	0.00e+00	0.00e+00
 1.81181e+22	0.00e+00	1.75e-29	3.23e-24	1.18e-19	6.76e-16	1.56e-12	1.62e-09	3.16e-07	1.65e-05	2.19e-04	1.45e-03	5.33e-03	1.40e-02	2.21e-02	2.33e-02	2.65e-02	2.26e-01	3.67e-01	2.60e-01	4.99e-02	4.09e-03	2.36e-04	1.20e-05	5.56e-07	0.00e+00	0.00e+00	0.00e+00
 1.83605e+22	0.00e+00	2.37e-29	4.25e-24	1.53e-19	8.61e-16	1.98e-12	2.06e-09	4.02e-07	2.05e-05	2.68e-04	1.74e-03	6.20e-03	1.58e-02	2.43e-02	2.51e-02	2.80e-02	2.32e-01	3.65e-01	2.51e-01	4.66e-02	3.69e-03	2.07e-04	1.03e-05	4.66e-07	0.00e+00	0.00e+00	0.00e+00
 1.86153e+22	0.00e+00	3.21e-29	5.61e-24	1.98e-19	1.10e-15	2.52e-12	2.63e-09	5.12e-07	2.57e-05	3.29e-04	2.08e-03	7.21e-03	1.79e-02	2.68e-02	2.69e-02	2.96e-02	2.38e-01	3.63e-01	2.41e-01	4.33e-02	3.31e-03	1.80e-04	8.76e-06	3.89e-07	0.00e+00	0.00e+00	0.00e+00
 1.89466e+22	0.00e+00	4.73e-29	7.98e-24	2.74e-19	1.50e-15	3.41e-12	3.59e-09	6.96e-07	3.40e-05	4.25e-04	2.60e-03	8.72e-03	2.08e-02	3.02e-02	2.94e-02	3.17e-02	2.46e-01	3.59e-01	2.29e-01	3.94e-02	2.88e-03	1.51e-04	7.13e-06	3.09e-07	0.00e+00	0.00e+00	0.00e+00
 1.92822e+22	0.00e+00	6.95e-29	1.13e-23	3.80e-19	2.05e-15	4.63e-12	4.89e-09	9.45e-07	4.50e-05	5.48e-04	3.25e-03	1.05e-02	2.42e-02	3.39e-02	3.20e-02	3.39e-02	2.53e-01	3.54e-01	2.17e-01	3.57e-02	2.49e-03	1.26e-04	5.79e-06	2.44e-07	0.00e+00	0.00e+00	0.00e+00
 1.95490e+22	0.00e+00	9.36e-29	1.49e-23	4.90e-19	2.61e-15	5.86e-12	6.22e-09	1.20e-06	5.58e-05	6.67e-04	3.86e-03	1.21e-02	2.71e-02	3.70e-02	3.42e-02	3.56e-02	2.58e-01	3.49e-01	2.07e-01	3.30e-02	2.22e-03	1.10e-04	4.91e-06	2.03e-07	0.00e+00	0.00e+00	0.00e+00
 1.97772e+22	0.00e+00	1.20e-28	1.87e-23	6.05e-19	3.19e-15	7.12e-12	7.59e-09	1.46e-06	6.67e-05	7.84e-04	4.44e-03	1.37e-02	2.98e-02	3.98e-02	3.60e-02	3.70e-02	2.61e-01	3.45e-01	1.99e-01	3.09e-02	2.02e-03	9.71e-05	4.28e-06	1.74e-07	0.00e+00	0.00e+00	0.00e+00
 2.00292e+22	0.00e+00	1.56e-28	2.38e-23	7.58e-19	3.95e-15	8.79e-12	9.39e-09	1.79e-06	8.06e-05	9.32e-04	5.16e-03	1.55e-02	3.29e-02	4.28e-02	3.80e-02	3.85e-02	2.65e-01	3.40e-01	1.91e-01	2.87e-02	1.82e-03	8.53e-05	3.68e-06	1.47e-07	0.00e+00	0.00e+00	0.00e+00
 2.03568e+22	0.00e+00	2.19e-28	3.24e-23	1.01e-18	5.19e-15	1.15e-11	1.23e-08	2.34e-06	1.02e-04	1.16e-03	6.23e-03	1.81e-02	3.71e-02	4.70e-02	4.06e-02	4.05e-02	2.69e-01	3.32e-01	1.80e-01	2.60e-02	1.58e-03	7.21e-05	3.04e-06	1.18e-07	0.00e+00	0.00e+00	0.00e+00
 2.06948e+22	0.00e+00	3.09e-28	4.43e-23	1.35e-18	6.85e-15	1.50e-11	1.62e-08	3.06e-06	1.31e-04	1.44e-03	7.52e-03	2.11e-02	4.20e-02	5.15e-02	4.32e-02	4.24e-02	2.73e-01	3.24e-01	1.69e-01	2.35e-02	1.37e-03	6.06e-05	2.49e-06	0.00e+00	0.00e+00	0.00e+00	0.00e+00
 2.09725e+22	0.00e+00	4.07e-28	5.70e-23	1.71e-18	8.56e-15	1.87e-11	2.02e-08	3.79e-06	1.58e-04	1.72e-03	8.74e-03	2.39e-02	4.62e-02	5.52e-02	4.54e-02	4.40e-02	2.75e-01	3.17e-01	1.60e-01	2.16e-02	1.22e-03	5.25e-05	2.11e-06	0.00e+00	0.00e+00	0.00e+00	0.00e+00
 2.12596e+22	0.00e+00	5.35e-28	7.33e-23	2.16e-18	1.07e-14	2.32e-11	2.51e-08	4.68e-06	1.92e-04	2.04e-03	1.01e-02	2.70e-02	5.06e-02	5.91e-02	4.76e-02	4.54e-02	2.77e-01	3.09e-01	1.52e-01	1.98e-02	1.08e-03	4.55e-05	1.79e-06	0.00e+00	0.00e+00	0.00e+00	0.00e+00
 2.16328e+22	0.00e+00	7.57e-28	1.01e-22	2.91e-18	1.42e-14	3.05e-11	3.30e-08	6.11e-06	2.44e-04	2.52e-03	1.22e-02	3.13e-02	5.68e-02	6.42e-02	5.03e-02	4.72e-02	2.78e-01	2.98e-01	1.41e-01	1.76e-02	9.29e-04	3.77e-05	1.45e-06	0.00e+00	0.00e+00	0.00e+00	0.00e+00
 2.20202e+22	0.00e+00	1.08e-27	1.40e-22	3.94e-18	1.89e-14	4.04e-11	4.38e-08	8.02e-06	3.11e-04	3.13e-03	1.46e-02	3.63e-02	6.36e-02	6.96e-02	5.30e-02	4.90e-02	2.78e-01	2.86e-01	1.30e-01	1.56e-02	7.89e-04	3.11e-05	1.16e-06	0.00e+00	0.00e+00	0.00e+00	0.00e+00
 2.23424e+22	0.00e+00	1.45e-27	1.82e-22	5.04e-18	2.39e-14	5.07e-11	5.50e-08	9.97e-06	3.78e-04	3.73e-03	1.69e-02	4.09e-02	6.95e-02	7.41e-02	5.51e-02	5.02e-02	2.77e-01	2.76e-01	1.21e-01	1.41e-02	6.89e-04	2.64e-05	9.68e-07	0.00e+00	0.00e+00	0.00e+00	0.00e+00
