   0.0000000E+00   3.4674904E+10   1.7421748E+10   5.2091936E+10   2.0870041E-06   2.8567969E-06   1.0674918E-06
   1.4492754E-02   1.5390390E+07   7.5023509E+06   2.2892741E+07   7.8443583E-04   1.3469094E-03   8.7627117E-04
   2.8985507E-02   1.5293021E+07   7.5917638E+06   2.2884784E+07   1.2634638E-03   1.2582108E-03   7.1558350E-04
   4.3478261E-02   1.5077950E+07   7.3568655E+06   2.2434815E+07   1.3474766E-03   1.0082830E-03   1.2360420E-03
   5.7971014E-02   1.3876621E+07   6.9107480E+06   2.0787369E+07   4.4217771E-04   9.0010834E-04   4.6366260E-04
   7.2463768E-02   1.2300794E+07   6.0653791E+06   1.8366022E+07   1.3978718E-03   5.5613127E-04   1.1071373E-03
   8.6956522E-02   1.0484676E+07   5.1930221E+06   1.5677698E+07   1.9080445E-03   4.0939605E-04   1.3929134E-03
   1.0144928E-01   8.7894208E+06   4.3736561E+06   1.3163077E+07   9.6014952E-04   2.2361030E-03   1.3789566E-03
   1.1594203E-01   7.3635904E+06   3.6466078E+06   1.1010198E+07   3.2154907E-03   2.9256279E-03   3.0921354E-03
   1.3043478E-01   6.0690499E+06   2.9881767E+06   9.0571424E+06   2.1170317E-03   2.2451755E-03   2.1082597E-03
   1.4492754E-01   4.9615840E+06   2.4571885E+06   7.4187726E+06   4.9350692E-03   5.1501649E-03   4.9629419E-03
   1.5942029E-01   3.9668893E+06   1.9637091E+06   5.9305984E+06   8.0979551E-03   5.3787446E-03   7.1379145E-03
   1.7391304E-01   3.0509636E+06   1.5031601E+06   4.5541238E+06   7.6953416E-03   6.1713701E-03   7.1678489E-03
   1.8840580E-01   2.2919203E+06   1.1250641E+06   3.4169844E+06   9.9923315E-03   8.6782732E-03   9.5579754E-03
   2.0289855E-01   1.7499387E+06   8.5007231E+05   2.6000111E+06   1.2211752E-02   9.0743330E-03   1.1168079E-02
   2.1739130E-01   1.3450836E+06   6.5034014E+05   1.9954238E+06   1.1497957E-02   1.1361319E-02   1.1428970E-02
   2.3188406E-01   1.0294326E+06   5.0683112E+05   1.5362638E+06   1.1522131E-02   1.1283619E-02   1.1441713E-02
   2.4637681E-01   7.8532721E+05   3.8421707E+05   1.1695443E+06   1.3935685E-02   1.3177174E-02   1.3615984E-02
   2.6086957E-01   6.0378985E+05   2.9400183E+05   8.9779168E+05   1.5873689E-02   8.7975524E-03   1.3552879E-02
   2.7536232E-01   4.4279739E+05   2.1842757E+05   6.6122496E+05   1.4009473E-02   1.4518121E-02   1.4175490E-02
   2.8985507E-01   3.0116245E+05   1.5385843E+05   4.5502088E+05   1.1417275E-02   1.2795869E-02   1.1848372E-02
   3.0434783E-01   1.9257337E+05   9.2516041E+04   2.8508941E+05   1.5552159E-02   1.1119031E-02   1.3837785E-02
   3.1884058E-01   9.1307270E+04   4.3776515E+04   1.3508379E+05   1.1456435E-02   1.5455771E-02   1.2401042E-02
   3.3333333E-01   2.2600320E+04   1.1563721E+04   3.4164041E+04   6.2191392E-03   4.9163135E-03   3.1637719E-03
   3.4782609E-01   2.2100653E+03   1.3576116E+03   3.5676769E+03   4.9909548E-02   6.6511518E-02   4.9513182E-02
   3.6231884E-01   1.5760923E+03   7.5773668E+02   2.3338290E+03   1.1066457E-01   5.0680477E-02   9.0426716E-02
   3.7681159E-01   1.8943417E+03   6.9944925E+02   2.5937910E+03   6.5812403E-02   5.8180173E-02   5.9753817E-02
   3.9130435E-01   1.0664442E+03   7.8580101E+02   1.8522452E+03   1.1783930E-01   4.7069078E-02   8.3080743E-02
   4.0579710E-01   9.4717086E+02   2.4355822E+02   1.1907291E+03   1.0737230E-01   2.8150688E-02   8.1525759E-02
   4.2028986E-01   8.3612324E+02   3.6580392E+02   1.2019272E+03   9.9983092E-02   4.0988239E-02   8.1731805E-02
   4.3478261E-01   5.3041568E+02   3.2835256E+02   8.5876824E+02   9.3726567E-02   9.8923357E-02   9.1954845E-02
   4.4927536E-01   7.0885045E+02   2.6887431E+02   9.7772475E+02   7.8712262E-02   5.6135986E-02   6.5582983E-02
   4.6376812E-01   4.4990616E+02   4.0254761E+02   8.5245377E+02   9.5243847E-02   1.3061680E-01   1.1178098E-01
   4.7826087E-01   4.3627264E+02   2.2961718E+02   6.6588981E+02   2.1064741E-01   1.2776603E-01   1.7890188E-01
   4.9275362E-01   4.9030021E+02   3.1200922E+02   8.0230943E+02   1.1231335E-01   1.6550117E-01   1.3239895E-01
   5.0724638E-01   4.7629163E+02   1.9484658E+02   6.7113821E+02   7.2688814E-02   5.4535360E-02   6.3990720E-02
   5.2173913E-01   5.4725427E+02   2.1048241E+02   7.5773668E+02   1.3241626E-01   9.3272255E-02   1.1686542E-01
   5.3623188E-01   5.1198425E+02   1.6383496E+02   6.7581920E+02   1.1452754E-01   1.4083378E-01   1.2037773E-01
   5.5072464E-01   3.7886834E+02   1.5952351E+02   5.3839185E+02   1.2109334E-01   1.4203876E-01   1.2131629E-01
   5.6521739E-01   3.1086633E+02   1.1657487E+02   4.2744121E+02   1.6553032E-01   1.7204134E-01   1.6424175E-01
   5.7971014E-01   3.0309467E+02   2.0837759E+02   5.1147226E+02   1.7538043E-01   1.2642310E-01   1.5499166E-01
   5.9420290E-01   2.7722074E+02   2.0329521E+02   4.8051595E+02   2.1036386E-01   1.4593243E-01   1.7909770E-01
   6.0869565E-01   3.0670294E+02   5.4124049E+01   3.6082699E+02   2.4079803E-01   8.8816877E-02   2.1628458E-01
   6.2318841E-01   2.6432675E+02   1.9383962E+02   4.5816637E+02   2.0452187E-01   9.4718714E-02   1.5598332E-01
   6.3768116E-01   3.9608963E+02   1.7221288E+02   5.6830251E+02   1.9576087E-01   9.1002717E-02   1.5270740E-01
   6.5217391E-01   3.8728764E+02   1.6838593E+02   5.5567357E+02   1.4026897E-01   2.2173859E-01   1.6333063E-01
   6.6666667E-01   2.9650566E+02   9.8835220E+01   3.9534088E+02   2.4071013E-01   5.1849700E-02   1.9291365E-01
   6.8115942E-01   1.9346469E+02   1.6122057E+02   3.5468526E+02   1.7580305E-01   1.7308068E-01   1.7381971E-01
   6.9565217E-01   2.3679271E+02   1.5786181E+02   3.9465452E+02   2.4872746E-01   2.5367852E-01   2.4895577E-01
   7.1014493E-01   2.1649620E+02   1.3917613E+02   3.5567232E+02   1.3719009E-01   2.2424411E-01   1.7051675E-01
   7.2463768E-01   2.5763047E+02   9.0928402E+01   3.4855887E+02   1.9645135E-01   5.6774059E-02   1.5459357E-01
   7.3913043E-01   2.2286373E+02   2.9715164E+01   2.5257889E+02   2.1765194E-01   4.0646397E-01   2.3981445E-01
   7.5362319E-01   2.0400603E+02   1.0200302E+02   3.0600905E+02   1.9350142E-01   1.3215488E-01   1.7101695E-01
   7.6811594E-01   2.2875070E+02   1.7156302E+02   4.0031372E+02   1.9524475E-01   2.2506053E-01   2.0742451E-01
   7.8260870E-01   2.5257889E+02   4.2096482E+01   2.9467538E+02   2.3134955E-01   2.0514409E-01   2.2759742E-01
   7.9710145E-01   2.2043249E+02   5.5108122E+01   2.7554061E+02   2.0422815E-01   2.5361576E-01   2.1371805E-01
   8.1159420E-01   1.4884113E+02   8.1186073E+01   2.3002721E+02   1.9879568E-01   1.8291092E-01   1.9288466E-01
   8.2608696E-01   1.1964263E+02   6.6468130E+01   1.8611076E+02   2.9406731E-01   3.2493564E-01   3.0487767E-01
   8.4057971E-01   1.1757983E+02   5.2257702E+01   1.6983753E+02   2.3193510E-01   9.7076614E-02   1.8662190E-01
   8.5507246E-01   1.2842995E+02   8.9900963E+01   2.1833091E+02   1.6854588E-01   1.6533538E-01   1.6691571E-01
   8.6956522E-01   1.7680523E+02   5.0515779E+01   2.2732101E+02   2.7637407E-01   2.2720529E-01   2.6453857E-01
   8.8405797E-01   1.4906295E+02   3.7265739E+01   1.8632869E+02   2.0238100E-01   7.0796726E-02   1.7570667E-01
   8.9855072E-01   2.4443119E+01   3.6664678E+01   6.1107797E+01   4.2758605E-01   2.4226386E-01   3.1638709E-01
   9.1304348E-01   8.4192965E+01   6.0137832E+01   1.4433080E+02   2.0365660E-01   1.7092121E-01   1.8996846E-01
   9.2753623E-01   3.5518907E+01   2.3679271E+01   5.9198178E+01   4.0326660E-01   4.5866868E-01   4.2469605E-01
   9.4202899E-01   3.4972462E+01   3.4972462E+01   6.9944925E+01   1.1270452E-01   1.2605956E-04   5.6413933E-02
   9.5652174E-01   9.1846871E+01   8.0366012E+01   1.7221288E+02   3.1642086E-01   3.6043634E-01   3.3684898E-01
   9.7101449E-01   4.5238011E+01   3.3928508E+01   7.9166519E+01   2.1911588E-01   2.1179795E-01   2.1595907E-01
   9.8550725E-01   5.5715933E+01   0.0000000E+00   5.5715933E+01   3.2957275E-01   0.0000000E+00   3.2957275E-01
   1.0000000E+00   0.0000000E+00   2.1884092E+01   2.1884092E+01   0.0000000E+00   4.2602698E-01   4.2602698E-01
