   0.0000000E+00   3.3633986E+10   1.6982861E+10   5.0605517E+10   2.1546982E-06   2.6243602E-06   2.2235368E-06
   1.4492754E-02   4.4726923E+07   2.2010735E+07   6.6737658E+07   4.4936283E-03   2.1771838E-03   3.6637382E-03
   2.8985507E-02   4.1801681E+07   2.0753271E+07   6.2554952E+07   4.4764297E-03   3.2428337E-03   3.9982967E-03
   4.3478261E-02   3.5214297E+07   1.7216283E+07   5.2430580E+07   2.6745156E-03   2.1750051E-03   2.5075284E-03
   5.7971014E-02   2.5482685E+07   1.2512695E+07   3.7995191E+07   1.0866889E-03   9.7368414E-04   9.8075361E-04
   7.2463768E-02   1.7405969E+07   8.5636369E+06   2.5969152E+07   9.7996431E-04   9.5226703E-04   7.9895349E-04
   8.6956522E-02   1.1982974E+07   5.7816572E+06   1.7764631E+07   9.6448280E-04   2.3931704E-03   1.4228585E-03
   1.0144928E-01   8.3945317E+06   4.1088813E+06   1.2503305E+07   2.4535205E-03   3.3451974E-03   2.5486433E-03
   1.1594203E-01   6.0733542E+06   2.9376504E+06   9.0110046E+06   1.9511888E-03   1.0816412E-03   1.6631240E-03
   1.3043478E-01   4.5277293E+06   2.1902800E+06   6.7180092E+06   4.8641912E-03   6.3222050E-03   5.1612588E-03
   1.4492754E-01   3.4562643E+06   1.6575490E+06   5.1138133E+06   6.3062847E-03   9.2212566E-03   7.2474676E-03
   1.5942029E-01   2.6234911E+06   1.2499211E+06   3.8733433E+06   8.5294642E-03   7.9621191E-03   8.2796774E-03
   1.7391304E-01   2.0047187E+06   9.3915148E+05   2.9438702E+06   1.3577786E-02   9.9483089E-03   1.2395598E-02
   1.8840580E-01   1.5549923E+06   7.3127419E+05   2.2862664E+06   1.2605491E-02   1.4506635E-02   1.3212063E-02
   2.0289855E-01   1.2292113E+06   5.7966856E+05   1.8088798E+06   1.1742123E-02   1.4034533E-02   1.2463968E-02
   2.1739130E-01   9.8525975E+05   4.6186577E+05   1.4471255E+06   1.2767122E-02   1.3449364E-02   1.2981406E-02
   2.3188406E-01   8.2669072E+05   3.8630363E+05   1.2129944E+06   1.1865918E-02   1.1117254E-02   1.1564685E-02
   2.4637681E-01   6.6685285E+05   3.0407527E+05   9.7092813E+05   1.2630879E-02   1.1181327E-02   1.2167186E-02
   2.6086957E-01   5.4367607E+05   2.5552565E+05   7.9920172E+05   1.4740493E-02   9.8435503E-03   1.3152617E-02
   2.7536232E-01   4.1635637E+05   1.9083000E+05   6.0718637E+05   1.4221410E-02   1.1740596E-02   1.3438914E-02
   2.8985507E-01   2.9877557E+05   1.3491502E+05   4.3369059E+05   1.2209940E-02   1.1085930E-02   1.1631708E-02
   3.0434783E-01   1.8413001E+05   8.6201568E+04   2.7033158E+05   1.0859452E-02   1.3122187E-02   1.1573445E-02
   3.1884058E-01   8.4763181E+04   3.9643406E+04   1.2440659E+05   1.5660630E-02   1.7516128E-02   1.6147424E-02
   3.3333333E-01   2.0854231E+04   9.3234557E+03   3.0177687E+04   2.9767190E-02   2.3631799E-02   2.6933170E-02
   3.4782609E-01   5.2725844E+03   2.4942166E+03   7.7668010E+03   8.5863599E-02   8.5946364E-02   8.5882609E-02
   3.6231884E-01   4.6373485E+03   1.9701154E+03   6.6074639E+03   7.6103540E-02   8.6009573E-02   7.8904415E-02
   3.7681159E-01   5.0710070E+03   2.1566352E+03   7.2276422E+03   1.0807224E-01   9.9961677E-02   1.0556331E-01
   3.9130435E-01   4.6586774E+03   2.2732101E+03   6.9318874E+03   1.1355893E-01   9.5704240E-02   1.0757423E-01
   4.0579710E-01   4.7087923E+03   1.8672797E+03   6.5760719E+03   1.1896614E-01   1.2695396E-01   1.2121864E-01
   4.2028986E-01   4.9644817E+03   2.0380504E+03   7.0025321E+03   1.3431120E-01   8.4662299E-02   1.1967132E-01
   4.3478261E-01   4.1675518E+03   1.8943417E+03   6.0618935E+03   1.4430234E-01   1.3727787E-01   1.4210408E-01
   4.4927536E-01   4.4975339E+03   1.6865752E+03   6.1841091E+03   1.4619996E-01   1.3904860E-01   1.4423731E-01
   4.6376812E-01   4.8542506E+03   1.7996246E+03   6.6538753E+03   1.5307074E-01   1.6378765E-01   1.5592782E-01
   4.7826087E-01   4.2019943E+03   1.6762054E+03   5.8781997E+03   1.7091415E-01   1.7174400E-01   1.7114223E-01
   4.9275362E-01   4.2121245E+03   1.8497690E+03   6.0618935E+03   1.7913047E-01   1.4347784E-01   1.6824976E-01
   5.0724638E-01   4.2866247E+03   1.9051665E+03   6.1917912E+03   1.7625465E-01   1.5952186E-01   1.7110550E-01
   5.2173913E-01   4.1044070E+03   1.9995829E+03   6.1039900E+03   1.8157297E-01   1.4751924E-01   1.7040541E-01
   5.3623188E-01   4.3211470E+03   1.5769115E+03   5.8980585E+03   1.9308816E-01   1.8024001E-01   1.8964305E-01
   5.5072464E-01   3.9482069E+03   1.5354138E+03   5.4836207E+03   1.8485847E-01   1.9775620E-01   1.8846941E-01
   5.6521739E-01   3.8081126E+03   1.6514774E+03   5.4595900E+03   2.0799025E-01   1.6352757E-01   1.9454036E-01
   5.7971014E-01   3.4098151E+03   1.4207563E+03   4.8305714E+03   1.9889175E-01   1.6729928E-01   1.8959985E-01
   5.9420290E-01   3.2527233E+03   1.4600292E+03   4.7127525E+03   2.0460364E-01   1.7253212E-01   1.9466772E-01
   6.0869565E-01   2.7242438E+03   1.2989772E+03   4.0232210E+03   2.1475340E-01   1.9194949E-01   2.0738669E-01
   6.2318841E-01   2.7313764E+03   1.4449862E+03   4.1763627E+03   2.0175523E-01   1.7813922E-01   1.9358429E-01
   6.3768116E-01   2.4798655E+03   1.0504986E+03   3.5303641E+03   2.0574097E-01   1.7087420E-01   1.9536566E-01
   6.5217391E-01   2.3068872E+03   7.7457528E+02   3.0814625E+03   2.3304266E-01   1.4243571E-01   2.1026340E-01
   6.6666667E-01   2.1908474E+03   8.4009937E+02   3.0309467E+03   2.3525549E-01   1.9866949E-01   2.2511480E-01
   6.8115942E-01   1.8056704E+03   8.3834697E+02   2.6440174E+03   2.1216291E-01   2.1992536E-01   2.1462418E-01
   6.9565217E-01   1.4996872E+03   8.3666759E+02   2.3363548E+03   2.2624627E-01   1.7234985E-01   2.0694552E-01
   7.1014493E-01   1.5154734E+03   6.0309654E+02   2.1185699E+03   2.2983832E-01   1.9487633E-01   2.1988236E-01
   7.2463768E-01   1.1972240E+03   6.2134408E+02   1.8185680E+03   2.1051745E-01   1.9099560E-01   2.0383495E-01
   7.3913043E-01   1.4560430E+03   4.4572746E+02   1.9017705E+03   2.3300320E-01   1.6575346E-01   2.1724148E-01
   7.5362319E-01   9.6174271E+02   3.6429648E+02   1.3260392E+03   2.1892991E-01   2.2500379E-01   2.2059856E-01
   7.6811594E-01   1.0579720E+03   5.4328291E+02   1.6012549E+03   2.0193422E-01   2.7495363E-01   2.2670866E-01
   7.8260870E-01   8.9805829E+02   3.7886834E+02   1.2769266E+03   2.4466784E-01   1.6678871E-01   2.2156085E-01
   7.9710145E-01   8.2662184E+02   3.9953389E+02   1.2261557E+03   2.0903847E-01   1.9542057E-01   2.0460118E-01
   8.1159420E-01   7.9832972E+02   5.0064745E+02   1.2989772E+03   2.6085065E-01   2.2247845E-01   2.4606137E-01
   8.2608696E-01   7.0456218E+02   3.0575340E+02   1.0103156E+03   2.6740518E-01   1.9901993E-01   2.4670965E-01
   8.4057971E-01   5.2257702E+02   1.8290196E+02   7.0547898E+02   2.7190159E-01   2.1214330E-01   2.5640870E-01
   8.5507246E-01   5.3940578E+02   2.4401690E+02   7.8342267E+02   2.6397346E-01   2.3387708E-01   2.5459427E-01
   8.6956522E-01   5.4304462E+02   2.0206312E+02   7.4510774E+02   2.2097017E-01   2.6066638E-01   2.3173524E-01
   8.8405797E-01   4.5961078E+02   1.3664104E+02   5.9625182E+02   3.0881603E-01   1.7236177E-01   2.7754526E-01
   8.9855072E-01   3.2998210E+02   1.8332339E+02   5.1330550E+02   2.6964454E-01   1.5961353E-01   2.3034775E-01
   9.1304348E-01   3.6082699E+02   1.3230323E+02   4.9313022E+02   2.5137940E-01   2.1505459E-01   2.4163372E-01
   9.2753623E-01   2.2495308E+02   1.3023599E+02   3.5518907E+02   3.0800891E-01   4.1644914E-01   3.4777033E-01
   9.4202899E-01   2.6812221E+02   1.8651980E+02   4.5464201E+02   2.4473989E-01   2.6010938E-01   2.5104532E-01
   9.5652174E-01   1.9517460E+02   3.4442577E+01   2.2961718E+02   3.1316710E-01   4.1284810E-01   3.2811925E-01
   9.7101449E-01   2.0357105E+02   1.1309503E+02   3.1666608E+02   2.5728247E-01   2.5004777E-01   2.5469865E-01
   9.8550725E-01   1.0028868E+02   5.5715933E+01   1.5600461E+02   2.7887043E-01   3.3553902E-01   2.9910921E-01
   1.0000000E+00   6.5652276E+01   4.3768184E+01   1.0942046E+02   2.8529445E-01   1.2374856E-06   1.7117717E-01
