   0.0000000E+00   3.8831677E+10   1.9480471E+10   5.8290446E+10   8.3861982E-07   1.7875528E-06   7.0480945E-07
   1.4492754E-02   9.1042063E+06   4.6085545E+06   1.3712761E+07   2.7562578E-03   5.7177996E-03   3.1738661E-03
   2.8985507E-02   8.5518162E+06   4.2592379E+06   1.2811054E+07   2.1807166E-03   1.3331110E-03   1.3472930E-03
   4.3478261E-02   7.0499821E+06   3.5368623E+06   1.0586592E+07   1.5391361E-03   1.7073244E-03   1.5699850E-03
   5.7971014E-02   5.1251415E+06   2.5956270E+06   7.7205791E+06   1.0917643E-03   2.4810530E-04   7.8680509E-04
   7.2463768E-02   3.5900049E+06   1.8006855E+06   5.3906903E+06   3.7352652E-03   1.4770847E-03   2.9572730E-03
   8.6956522E-02   2.5595082E+06   1.2559486E+06   3.8154568E+06   6.8891368E-03   2.8675889E-03   5.4962126E-03
   1.0144928E-01   1.8589446E+06   9.1123249E+05   2.7701771E+06   1.0459094E-02   7.5782915E-03   9.5065842E-03
   1.1594203E-01   1.4111899E+06   6.8887736E+05   2.1000672E+06   1.6690562E-02   1.9846744E-02   1.7725827E-02
   1.3043478E-01   1.1071375E+06   5.5348455E+05   1.6606220E+06   2.5626727E-02   2.4167383E-02   2.5121832E-02
   1.4492754E-01   9.0011541E+05   4.4630691E+05   1.3464223E+06   3.6686233E-02   3.2643381E-02   3.5314510E-02
   1.5942029E-01   7.3238695E+05   3.7342641E+05   1.1058134E+06   4.8447324E-02   5.1047160E-02   4.9317243E-02
   1.7391304E-01   5.9299210E+05   2.9652762E+05   8.8951972E+05   5.9186640E-02   6.4761016E-02   6.1044037E-02
   1.8840580E-01   4.5388427E+05   2.2708786E+05   6.8097213E+05   6.1934833E-02   6.6359659E-02   6.3393507E-02
   2.0289855E-01   3.6100741E+05   1.7812224E+05   5.3912965E+05   6.5798185E-02   6.4119531E-02   6.5233514E-02
   2.1739130E-01   2.8066567E+05   1.4240398E+05   4.2306965E+05   7.2020871E-02   7.4362298E-02   7.2807989E-02
   2.3188406E-01   2.3077818E+05   1.1328163E+05   3.4405981E+05   7.3468199E-02   7.2683455E-02   7.3209820E-02
   2.4637681E-01   1.7757782E+05   9.0393529E+04   2.6797135E+05   7.0222781E-02   5.7324883E-02   6.5865161E-02
   2.6086957E-01   1.3997080E+05   6.8869845E+04   2.0884065E+05   7.1034642E-02   7.0571302E-02   7.0735707E-02
   2.7536232E-01   1.0739920E+05   5.4158232E+04   1.6155744E+05   7.0766776E-02   7.2107435E-02   7.1209585E-02
   2.8985507E-01   7.6872387E+04   4.0122157E+04   1.1699454E+05   6.7071904E-02   6.6372376E-02   6.6774594E-02
   3.0434783E-01   4.2613668E+04   2.2840349E+04   6.5454016E+04   6.7760641E-02   7.5376021E-02   7.0370963E-02
   3.1884058E-01   1.9425613E+04   9.5750363E+03   2.9000649E+04   5.4778694E-02   5.5925660E-02   5.5105701E-02
   3.3333333E-01   4.4805300E+03   1.8449241E+03   6.3254541E+03   5.6489652E-02   2.5490535E-02   4.7021649E-02
   3.4782609E-01   1.6101905E+03   6.3144724E+02   2.2416377E+03   6.3584639E-02   5.9319532E-02   6.0302184E-02
   3.6231884E-01   1.6367112E+03   4.2433254E+02   2.0610438E+03   8.2832013E-02   4.7487874E-02   7.4016040E-02
   3.7681159E-01   1.2823236E+03   8.1602412E+02   2.0983477E+03   1.0443790E-01   7.8213702E-02   9.4063389E-02
   3.9130435E-01   1.4032161E+03   6.1741508E+02   2.0206312E+03   1.3511242E-01   1.0172018E-01   1.2103781E-01
   4.0579710E-01   1.5154734E+03   7.3067466E+02   2.2461480E+03   8.8103892E-02   6.2170786E-02   7.9539535E-02
   4.2028986E-01   1.3064426E+03   7.3160783E+02   2.0380504E+03   8.8818624E-02   1.1436628E-01   9.7932170E-02
   4.3478261E-01   1.3891839E+03   6.5670513E+02   2.0458890E+03   9.4941239E-02   1.3132060E-01   1.0627422E-01
   4.4927536E-01   1.1732697E+03   6.1107797E+02   1.7843477E+03   1.3453895E-01   1.4336296E-01   1.3756086E-01
   4.6376812E-01   1.4207563E+03   7.3405741E+02   2.1548137E+03   1.4757830E-01   1.2652158E-01   1.4037315E-01
   4.7826087E-01   1.3088179E+03   4.1331092E+02   1.7221288E+03   1.3626436E-01   1.1841983E-01   1.3173942E-01
   4.9275362E-01   1.0697459E+03   4.9030021E+02   1.5600461E+03   1.1782827E-01   1.5317972E-01   1.2884604E-01
   5.0724638E-01   1.2989772E+03   5.1959087E+02   1.8185680E+03   1.3727823E-01   1.2308662E-01   1.3312693E-01
   5.2173913E-01   1.4102322E+03   5.2620603E+02   1.9364382E+03   1.5592302E-01   1.7140892E-01   1.6008611E-01
   5.3623188E-01   1.3721178E+03   5.3246362E+02   1.9045814E+03   1.3150486E-01   1.6339188E-01   1.4032639E-01
   5.5072464E-01   1.2363072E+03   6.9791537E+02   1.9342226E+03   1.8026034E-01   1.9619082E-01   1.8595276E-01
   5.6521739E-01   1.2628945E+03   5.0515779E+02   1.7680523E+03   1.8335278E-01   1.8932385E-01   1.8500845E-01
   5.7971014E-01   9.6611427E+02   5.4935910E+02   1.5154734E+03   1.8129632E-01   1.7099705E-01   1.7755534E-01
   5.9420290E-01   1.0349574E+03   5.9140424E+02   1.6263617E+03   1.8243960E-01   1.7518106E-01   1.7973445E-01
   6.0869565E-01   1.3531012E+03   4.3299239E+02   1.7860936E+03   1.5729552E-01   2.1209286E-01   1.7057213E-01
   6.2318841E-01   1.0573070E+03   4.2292280E+02   1.4802298E+03   1.9731493E-01   2.1549506E-01   2.0239496E-01
   6.3768116E-01   9.2994957E+02   3.6164705E+02   1.2915966E+03   2.2928974E-01   2.2313075E-01   2.2756367E-01
   6.5217391E-01   6.7354372E+02   6.2302794E+02   1.2965717E+03   2.5811586E-01   2.1624395E-01   2.3792905E-01
   6.6666667E-01   8.0715429E+02   4.2828595E+02   1.2354402E+03   1.8786467E-01   1.8971939E-01   1.8839713E-01
   6.8115942E-01   5.6427200E+02   4.1917348E+02   9.8344548E+02   2.1370180E-01   1.9192765E-01   2.0438037E-01
   6.9565217E-01   5.8408869E+02   3.6308216E+02   9.4717086E+02   2.0807994E-01   2.6008810E-01   2.2801244E-01
   7.1014493E-01   7.8866471E+02   3.4020831E+02   1.1288730E+03   2.3255956E-01   2.1040631E-01   2.2586930E-01
   7.2463768E-01   5.9103461E+02   3.0309467E+02   8.9412929E+02   2.2219867E-01   1.7963525E-01   2.0775091E-01
   7.3913043E-01   6.0916086E+02   3.8629713E+02   9.9545800E+02   2.2505437E-01   2.5191793E-01   2.3545576E-01
   7.5362319E-01   4.2258392E+02   2.3314975E+02   6.5573367E+02   2.1215465E-01   2.1267708E-01   2.1231489E-01
   7.6811594E-01   5.2898599E+02   1.8585994E+02   7.1484593E+02   2.1371439E-01   2.5611222E-01   2.2463528E-01
   7.8260870E-01   3.6483618E+02   1.5435377E+02   5.1918995E+02   2.1270430E-01   2.3179186E-01   2.1836258E-01
   7.9710145E-01   3.7197983E+02   2.6176358E+02   6.3374341E+02   1.9451883E-01   2.6578219E-01   2.2395053E-01
   8.1159420E-01   4.6005442E+02   1.7590316E+02   6.3595757E+02   2.4785339E-01   2.4627781E-01   2.4741759E-01
   8.2608696E-01   4.2539603E+02   6.6468130E+01   4.9186416E+02   2.3184906E-01   2.0844939E-01   2.2868693E-01
   8.4057971E-01   2.4822409E+02   2.0903081E+02   4.5725490E+02   3.1461454E-01   1.9211610E-01   2.5861525E-01
   8.5507246E-01   2.1833091E+02   5.1371979E+01   2.6970289E+02   2.6963034E-01   2.9608397E-01   2.7466913E-01
   8.6956522E-01   2.0206312E+02   1.1366050E+02   3.1572362E+02   3.1838739E-01   3.1194908E-01   3.1606960E-01
   8.8405797E-01   1.4906295E+02   7.4531477E+01   2.2359443E+02   2.2822394E-01   1.3754338E-01   1.9799709E-01
   8.9855072E-01   1.9554495E+02   9.7772475E+01   2.9331743E+02   2.5370705E-01   1.8184295E-01   2.2975235E-01
   9.1304348E-01   1.6838593E+02   9.6220531E+01   2.6460646E+02   1.9669013E-01   2.9440128E-01   2.3222145E-01
   9.2753623E-01   1.5391526E+02   5.9198178E+01   2.1311344E+02   2.4552601E-01   2.5501722E-01   2.4816246E-01
   9.4202899E-01   1.3988985E+02   4.6629950E+01   1.8651980E+02   3.3530236E-01   2.1212179E-01   3.0450722E-01
   9.5652174E-01   1.3777031E+02   2.2961718E+01   1.6073202E+02   1.7242694E-01   2.0900166E-01   1.7765190E-01
   9.7101449E-01   5.6547514E+01   4.5238011E+01   1.0178552E+02   3.2804208E-01   3.1716527E-01   3.2320794E-01
   9.8550725E-01   1.1143187E+01   1.1143187E+01   2.2286373E+01   4.1807567E-01   4.1680746E-01   4.1744157E-01
   1.0000000E+00   2.1884092E+01   0.0000000E+00   2.1884092E+01   4.2833552E-01   0.0000000E+00   4.2833552E-01
