   0.0000000E+00   2.8122409E+10   1.4637872E+10   4.2749285E+10   1.8882240E-06   9.1716669E-06   4.3732298E-06
   1.4492754E-02   9.0438146E+07   4.3839614E+07   1.3427776E+08   1.5047110E-02   1.3787516E-02   1.4617520E-02
   2.8985507E-02   7.8078703E+07   3.7439770E+07   1.1551620E+08   2.2382687E-02   1.9961248E-02   2.1593692E-02
   4.3478261E-02   5.2522771E+07   2.5225307E+07   7.7746562E+07   8.7528289E-03   7.4673594E-03   8.3299197E-03
   5.7971014E-02   3.0644198E+07   1.4667130E+07   4.5310380E+07   3.0863947E-03   2.9706642E-03   3.0481006E-03
   7.2463768E-02   1.9483229E+07   9.1139053E+06   2.8596831E+07   1.5439578E-03   1.2088819E-03   1.2683751E-03
   8.6956522E-02   1.3924674E+07   6.4081791E+06   2.0332854E+07   1.2434048E-03   1.8433735E-03   1.4316285E-03
   1.0144928E-01   1.0925048E+07   5.0322376E+06   1.5957285E+07   1.5053085E-03   1.9598178E-03   1.4605726E-03
   1.1594203E-01   9.0546692E+06   4.1107215E+06   1.3165296E+07   1.4813338E-03   1.3605657E-03   1.4306550E-03
   1.3043478E-01   7.7002044E+06   3.5092470E+06   1.1209451E+07   1.2725348E-03   1.6960604E-03   1.3500817E-03
   1.4492754E-01   6.7255193E+06   2.9826031E+06   9.7079708E+06   2.5651675E-03   3.0936880E-03   2.7243395E-03
   1.5942029E-01   5.8013698E+06   2.5669363E+06   8.3682373E+06   2.0765650E-03   3.1285523E-03   2.3658685E-03
   1.7391304E-01   4.9023669E+06   2.1391538E+06   7.0414576E+06   2.8151267E-03   4.1668531E-03   3.1448598E-03
   1.8840580E-01   4.2224002E+06   1.8738245E+06   6.0961665E+06   3.3717823E-03   2.3651163E-03   3.0403306E-03
   2.0289855E-01   3.8045959E+06   1.6471031E+06   5.4515907E+06   2.0953854E-03   2.3404478E-03   2.1373885E-03
   2.1739130E-01   3.4401751E+06   1.4668772E+06   4.9070523E+06   2.7770624E-03   3.7147168E-03   3.0509022E-03
   2.3188406E-01   3.0803417E+06   1.3033071E+06   4.3836014E+06   2.4991884E-03   1.5432266E-03   2.2104378E-03
   2.4637681E-01   2.7451463E+06   1.1506900E+06   3.8957917E+06   1.2555197E-03   2.2637076E-03   1.5548454E-03
   2.6086957E-01   2.3927641E+06   9.8951992E+05   3.3822840E+06   8.8282504E-04   1.9409265E-03   1.1429900E-03
   2.7536232E-01   2.0237950E+06   8.3219428E+05   2.8559096E+06   1.7529359E-03   1.2203750E-03   1.5589416E-03
   2.8985507E-01   1.5860565E+06   6.5684404E+05   2.2429006E+06   2.5447598E-03   2.3093909E-03   2.4427302E-03
   3.0434783E-01   1.0869191E+06   4.5464201E+05   1.5415612E+06   3.4943177E-03   2.9501152E-03   3.3298637E-03
   3.1884058E-01   5.3134563E+05   2.1168408E+05   7.4302970E+05   7.5964840E-03   5.1223831E-03   6.8166109E-03
   3.3333333E-01   1.2433471E+05   4.7605631E+04   1.7194034E+05   3.2556649E-02   2.9214640E-02   3.1620080E-02
   3.4782609E-01   4.0349478E+04   1.6133477E+04   5.6482955E+04   9.1267851E-02   9.5660951E-02   9.2522650E-02
   3.6231884E-01   4.5282344E+04   1.5548757E+04   6.0831101E+04   1.1028641E-01   9.5973404E-02   1.0660444E-01
   3.7681159E-01   4.5551632E+04   1.7573662E+04   6.3125295E+04   1.0999493E-01   1.1231829E-01   1.1063057E-01
   3.9130435E-01   4.3752277E+04   1.7399879E+04   6.1152157E+04   1.2766404E-01   1.0906527E-01   1.2237107E-01
   4.0579710E-01   4.0484789E+04   1.6670207E+04   5.7154996E+04   1.2670723E-01   1.1813351E-01   1.2420490E-01
   4.2028986E-01   3.6763294E+04   1.4240224E+04   5.1003517E+04   1.3575117E-01   1.1588103E-01   1.3020308E-01
   4.3478261E-01   3.0233694E+04   1.1770176E+04   4.2003870E+04   1.4312661E-01   1.1288119E-01   1.3465126E-01
   4.4927536E-01   2.3905370E+04   8.8484090E+03   3.2753779E+04   1.3486681E-01   1.2037517E-01   1.3095105E-01
   4.6376812E-01   1.9677475E+04   7.5536876E+03   2.7231162E+04   1.5416303E-01   1.3043698E-01   1.4758148E-01
   4.7826087E-01   1.4006648E+04   5.6485826E+03   1.9655230E+04   1.5296005E-01   1.4862631E-01   1.5171423E-01
   4.9275362E-01   1.1366050E+04   3.8109698E+03   1.5177020E+04   1.8714418E-01   1.7260110E-01   1.8349240E-01
   5.0724638E-01   7.6856149E+03   3.2474429E+03   1.0933058E+04   2.1985271E-01   2.0630331E-01   2.1582804E-01
   5.2173913E-01   6.3355206E+03   1.9995829E+03   8.3351035E+03   2.2948374E-01   2.2786160E-01   2.2909459E-01
   5.3623188E-01   5.0174456E+03   1.6793083E+03   6.6967539E+03   2.5743188E-01   2.2925630E-01   2.5036544E-01
   5.5072464E-01   4.6261819E+03   1.2761881E+03   5.9023700E+03   2.6865946E-01   2.5744059E-01   2.6623376E-01
   5.6521739E-01   3.7498251E+03   1.1463196E+03   4.8961447E+03   2.6894485E-01   2.3321697E-01   2.6057999E-01
   5.7971014E-01   2.6520784E+03   9.0928402E+02   3.5613624E+03   2.6012166E-01   2.9548771E-01   2.6915129E-01
   5.9420290E-01   2.4949866E+03   7.2077392E+02   3.2157606E+03   2.9091358E-01   2.6389209E-01   2.8485704E-01
   6.0869565E-01   2.3453755E+03   7.5773668E+02   3.1031121E+03   2.6556200E-01   2.8015489E-01   2.6912501E-01
   6.2318841E-01   1.8150437E+03   5.1103172E+02   2.3260754E+03   2.8092533E-01   2.7781292E-01   2.8024117E-01
   6.3768116E-01   1.6360224E+03   5.1663865E+02   2.1526610E+03   2.8851749E-01   2.7744686E-01   2.8586054E-01
   6.5217391E-01   1.3134103E+03   4.3780342E+02   1.7512137E+03   3.2307954E-01   3.4665486E-01   3.2897337E-01
   6.6666667E-01   1.1036600E+03   3.6239581E+02   1.4660558E+03   3.1200055E-01   3.1758133E-01   3.1338007E-01
   6.8115942E-01   1.3220087E+03   3.0631909E+02   1.6283278E+03   3.3245367E-01   3.2794307E-01   3.3160004E-01
   6.9565217E-01   1.2155359E+03   2.3679271E+02   1.4523286E+03   3.0475858E-01   3.3024725E-01   3.0891434E-01
   7.1014493E-01   6.9588063E+02   4.3299239E+02   1.1288730E+03   3.0254155E-01   3.2219957E-01   3.1008161E-01
   7.2463768E-01   7.2742722E+02   2.8793994E+02   1.0153672E+03   3.2441942E-01   2.9023840E-01   3.1472629E-01
   7.3913043E-01   5.9430328E+02   3.1200922E+02   9.0631250E+02   3.2119488E-01   3.4203559E-01   3.2836955E-01
   7.5362319E-01   6.7030553E+02   1.4571859E+02   8.1602412E+02   3.2767329E-01   3.8890039E-01   3.3860670E-01
   7.6811594E-01   5.0039215E+02   1.7156302E+02   6.7195517E+02   2.9255716E-01   3.1510785E-01   2.9831478E-01
   7.8260870E-01   4.2096482E+02   2.3854673E+02   6.5951156E+02   3.0220195E-01   2.8098984E-01   2.9452948E-01
   7.9710145E-01   4.4086498E+02   5.5108122E+01   4.9597310E+02   2.9874641E-01   3.3557568E-01   3.0283855E-01
   8.1159420E-01   4.4652340E+02   8.1186073E+01   5.2770948E+02   2.5248024E-01   3.2713207E-01   2.6396514E-01
   8.2608696E-01   5.0515779E+02   1.1964263E+02   6.2480042E+02   2.5332623E-01   2.6027010E-01   2.5465591E-01
   8.4057971E-01   3.7886834E+02   1.5677311E+02   5.3564145E+02   2.6492967E-01   2.4640421E-01   2.5950758E-01
   8.5507246E-01   2.4401690E+02   5.1371979E+01   2.9538888E+02   3.2216547E-01   3.0234713E-01   3.1871880E-01
   8.6956522E-01   3.2835256E+02   1.3891839E+02   4.6727096E+02   2.2616137E-01   2.4059141E-01   2.3045138E-01
   8.8405797E-01   3.1054782E+02   6.2109564E+01   3.7265739E+02   2.7056171E-01   3.9371444E-01   2.9108716E-01
   8.9855072E-01   2.3220963E+02   7.3329357E+01   3.0553899E+02   3.1443267E-01   2.6738361E-01   3.0314090E-01
   9.1304348E-01   3.1271673E+02   1.4433080E+02   4.5704752E+02   2.3943916E-01   2.7122394E-01   2.4947646E-01
   9.2753623E-01   2.8415126E+02   4.7358543E+01   3.3150980E+02   2.8896338E-01   9.3808600E-02   2.6108412E-01
   9.4202899E-01   1.9817729E+02   5.8287437E+01   2.5646472E+02   3.1353851E-01   1.6926959E-01   2.8075012E-01
   9.5652174E-01   1.4925117E+02   3.4442577E+01   1.8369374E+02   2.2678796E-01   2.6331906E-01   2.3363754E-01
   9.7101449E-01   1.2440453E+02   3.3928508E+01   1.5833304E+02   2.2587822E-01   2.7169467E-01   2.3569603E-01
   9.8550725E-01   4.4572746E+01   2.2286373E+01   6.6859119E+01   1.0660959E-01   4.2530657E-01   2.1284192E-01
   1.0000000E+00   0.0000000E+00   0.0000000E+00   0.0000000E+00   0.0000000E+00   0.0000000E+00   0.0000000E+00
