   0.0000000E+00   3.9023809E+10   1.9557802E+10   5.8576477E+10   3.7024016E-07   5.6304969E-07   4.0813490E-07
   1.4492754E-02   1.4533390E+06   7.1984985E+05   2.1731888E+06   4.9189267E-03   1.1711854E-03   2.9259948E-03
   2.8985507E-02   1.4552333E+06   7.0166417E+05   2.1568975E+06   8.0271193E-04   2.9769746E-03   1.1140420E-03
   4.3478261E-02   1.5187569E+06   7.4536032E+05   2.2641172E+06   3.4965096E-03   6.7443037E-03   4.4683414E-03
   5.7971014E-02   1.5412364E+06   7.4220308E+05   2.2834395E+06   4.0539523E-03   3.1673604E-03   2.7522390E-03
   7.2463768E-02   1.5227476E+06   7.7167904E+05   2.2944267E+06   3.9567522E-03   4.9536465E-03   4.1042757E-03
   8.6956522E-02   1.5052439E+06   7.5609492E+05   2.2613388E+06   9.9887939E-03   8.3597840E-03   9.4141109E-03
   1.0144928E-01   1.5215353E+06   7.5427274E+05   2.2758080E+06   1.3042838E-02   9.7049204E-03   1.1935727E-02
   1.1594203E-01   1.4573171E+06   7.3026873E+05   2.1875858E+06   1.3654559E-02   1.5596664E-02   1.4274430E-02
   1.3043478E-01   1.4287546E+06   6.9989612E+05   2.1286507E+06   1.8977684E-02   1.6474050E-02   1.8153867E-02
   1.4492754E-01   1.3637745E+06   6.7870475E+05   2.0424792E+06   2.0167828E-02   2.1855793E-02   2.0722776E-02
   1.5942029E-01   1.2889790E+06   6.4490280E+05   1.9338818E+06   2.4270851E-02   2.4761495E-02   2.4394993E-02
   1.7391304E-01   1.0965713E+06   5.4241318E+05   1.6389844E+06   2.8167625E-02   2.7583470E-02   2.7923330E-02
   1.8840580E-01   8.8596905E+05   4.4193535E+05   1.3279044E+06   3.3301503E-02   3.2042415E-02   3.2809488E-02
   2.0289855E-01   7.0956628E+05   3.5380891E+05   1.0633752E+06   3.0928398E-02   3.4119869E-02   3.1983351E-02
   2.1739130E-01   5.8128507E+05   2.9177914E+05   8.7306421E+05   3.2181149E-02   3.0457806E-02   3.1509752E-02
   2.3188406E-01   4.7055448E+05   2.4119706E+05   7.1175154E+05   3.3824096E-02   3.2208827E-02   3.3276448E-02
   2.4637681E-01   3.7971522E+05   1.8889930E+05   5.6861452E+05   3.3145696E-02   3.5787449E-02   3.4018702E-02
   2.6086957E-01   3.1058785E+05   1.5217878E+05   4.6276663E+05   3.1841175E-02   3.0479803E-02   3.1358736E-02
   2.7536232E-01   2.3430016E+05   1.1884502E+05   3.5314518E+05   3.3537214E-02   3.4684055E-02   3.3869150E-02
   2.8985507E-01   1.7158947E+05   8.5434811E+04   2.5702428E+05   2.8742578E-02   3.5137737E-02   3.0868288E-02
   3.0434783E-01   1.1106255E+05   5.6000349E+04   1.6706290E+05   2.9226608E-02   3.0785887E-02   2.9685294E-02
   3.1884058E-01   5.5108122E+04   2.6383014E+04   8.1491136E+04   2.2263282E-02   2.5503176E-02   2.2570299E-02
   3.3333333E-01   1.1893171E+04   6.4572344E+03   1.8350406E+04   2.9267030E-02   3.2060782E-02   2.9780339E-02
   3.4782609E-01   1.6101905E+03   8.2088141E+02   2.4310719E+03   8.9962708E-02   1.7488657E-02   6.4649211E-02
   3.6231884E-01   1.2729976E+03   6.9711775E+02   1.9701154E+03   7.1587233E-02   8.6090907E-02   7.1505152E-02
   3.7681159E-01   8.1602412E+02   7.8688040E+02   1.6029045E+03   1.2470921E-01   2.3745311E-02   7.4084329E-02
   3.9130435E-01   6.4547940E+02   3.6483618E+02   1.0103156E+03   7.8779803E-02   1.2433467E-01   9.5022107E-02
   4.0579710E-01   5.4124049E+02   2.9768227E+02   8.3892276E+02   5.0816355E-02   1.0060842E-01   5.3158726E-02
   4.2028986E-01   6.0096358E+02   2.6128851E+02   8.6225209E+02   7.3294382E-02   6.2728551E-02   7.0035737E-02
   4.3478261E-01   4.7989990E+02   2.2732101E+02   7.0722091E+02   9.2398158E-02   1.1045908E-01   9.7662629E-02
   4.4927536E-01   4.1553302E+02   7.3329357E+01   4.8886238E+02   3.5515895E-02   2.8183084E-01   4.5075556E-02
   4.6376812E-01   3.7886834E+02   1.1839636E+02   4.9726470E+02   1.2639851E-01   5.4811752E-02   9.9677447E-02
   4.7826087E-01   2.7554061E+02   1.1480859E+02   3.9034920E+02   3.5534556E-02   1.5561520E-01   4.8999520E-02
   4.9275362E-01   1.1143187E+02   1.1143187E+02   2.2286373E+02   2.4416418E-01   7.0803028E-02   1.4680390E-01
   5.0724638E-01   2.5979543E+02   6.4948859E+01   3.2474429E+02   1.9037949E-01   1.8278627E-01   1.5589985E-01
   5.2173913E-01   1.0524121E+02   1.2628945E+02   2.3153065E+02   5.1266244E-02   1.0231523E-02   2.1435739E-02
   5.3623188E-01   1.0239685E+02   4.0958740E+01   1.4335559E+02   2.5624422E-01   3.5265574E-02   1.9089503E-01
   5.5072464E-01   7.9761756E+01   5.9821317E+01   1.3958307E+02   1.2700489E-01   1.5303710E-01   1.3815258E-01
   5.6521739E-01   5.8287437E+01   5.8287437E+01   1.1657487E+02   1.5559848E-01   1.3030940E-01   1.2213397E-01
   5.7971014E-01   9.4717086E+01   5.6830251E+01   1.5154734E+02   6.2970023E-02   1.6892660E-01   1.0267175E-01
   5.9420290E-01   7.3925530E+01   3.6962765E+01   1.1088830E+02   2.1527821E-01   2.1294094E-01   2.1432851E-01
   6.0869565E-01   1.2628945E+02   7.2165398E+01   1.9845485E+02   5.6413053E-02   8.5380354E-02   6.0291606E-02
   6.2318841E-01   3.5243567E+01   1.7621783E+01   5.2865350E+01   1.5862142E-01   4.0155210E-01   2.3705008E-01
   6.3768116E-01   6.8885153E+01   0.0000000E+00   6.8885153E+01   6.4333735E-02   0.0000000E+00   6.4333735E-02
   6.5217391E-01   5.0515779E+01   5.0515779E+01   1.0103156E+02   2.3193075E-01   1.4937640E-01   1.8715951E-01
   6.6666667E-01   4.9417610E+01   1.6472537E+01   6.5890146E+01   3.0467454E-01   1.0032289E-01   2.4855320E-01
   6.8115942E-01   4.8366171E+01   1.6122057E+01   6.4488228E+01   1.1896548E-01   3.1578417E-01   9.6779986E-02
   6.9565217E-01   1.5786181E+01   3.1572362E+01   4.7358543E+01   8.1522132E-06   1.2103786E-01   8.0694616E-02
   7.1014493E-01   4.6392042E+01   3.0928028E+01   7.7320070E+01   1.6375444E-01   8.5813928E-06   9.8252751E-02
   7.2463768E-01   1.2123787E+02   1.5154734E+01   1.3639260E+02   1.7555826E-01   3.4191189E-01   1.9315349E-01
   7.3913043E-01   0.0000000E+00   0.0000000E+00   0.0000000E+00   0.0000000E+00   0.0000000E+00   0.0000000E+00
   7.5362319E-01   4.3715578E+01   4.3715578E+01   8.7431156E+01   2.4496153E-06   2.3637539E-01   1.1818744E-01
   7.6811594E-01   1.4296919E+01   1.4296919E+01   2.8593837E+01   4.1839346E-01   1.8285642E-01   2.8495954E-01
   7.8260870E-01   1.4032161E+01   1.4032161E+01   2.8064322E+01   3.2474674E-01   3.6469767E-05   1.6239152E-01
   7.9710145E-01   1.3777031E+01   1.3777031E+01   2.7554061E+01   3.2248061E-01   5.0957855E-01   4.0638862E-01
   8.1159420E-01   0.0000000E+00   0.0000000E+00   0.0000000E+00   0.0000000E+00   0.0000000E+00   0.0000000E+00
   8.2608696E-01   0.0000000E+00   2.6587252E+01   2.6587252E+01   0.0000000E+00   1.5988067E-01   1.5988067E-01
   8.4057971E-01   2.6128851E+01   1.3064426E+01   3.9193277E+01   3.1205891E-04   3.6356754E-01   1.2103004E-01
   8.5507246E-01   0.0000000E+00   1.2842995E+01   1.2842995E+01   0.0000000E+00   4.3765504E-06   4.3765504E-06
   8.6956522E-01   1.2628945E+01   0.0000000E+00   1.2628945E+01   3.7039283E-01   0.0000000E+00   3.7039283E-01
   8.8405797E-01   0.0000000E+00   0.0000000E+00   0.0000000E+00   0.0000000E+00   0.0000000E+00   0.0000000E+00
   8.9855072E-01   1.2221559E+01   0.0000000E+00   1.2221559E+01   2.5799955E-01   0.0000000E+00   2.5799955E-01
   9.1304348E-01   0.0000000E+00   0.0000000E+00   0.0000000E+00   0.0000000E+00   0.0000000E+00   0.0000000E+00
   9.2753623E-01   1.1839636E+01   1.1839636E+01   2.3679271E+01   4.4020867E-01   3.2850105E-01   3.3178317E-01
   9.4202899E-01   0.0000000E+00   0.0000000E+00   0.0000000E+00   0.0000000E+00   0.0000000E+00   0.0000000E+00
   9.5652174E-01   1.1480859E+01   0.0000000E+00   1.1480859E+01   3.8638604E-01   0.0000000E+00   3.8638604E-01
   9.7101449E-01   0.0000000E+00   0.0000000E+00   0.0000000E+00   0.0000000E+00   0.0000000E+00   0.0000000E+00
   9.8550725E-01   0.0000000E+00   0.0000000E+00   0.0000000E+00   0.0000000E+00   0.0000000E+00   0.0000000E+00
   1.0000000E+00   0.0000000E+00   0.0000000E+00   0.0000000E+00   0.0000000E+00   0.0000000E+00   0.0000000E+00
