   0.0000000E+00   3.6140918E+10   1.8135021E+10   5.4254341E+10   3.8679562E-06   8.1361548E-06   4.2869699E-06
   1.4492754E-02   3.4293647E+07   1.7051349E+07   5.1344995E+07   5.1857957E-03   4.3429692E-03   4.7706189E-03
   2.8985507E-02   3.0845566E+07   1.5289990E+07   4.6135177E+07   8.8916080E-03   8.6034825E-03   8.7796878E-03
   4.3478261E-02   2.3104907E+07   1.1366050E+07   3.4471210E+07   5.7753626E-03   3.1840677E-03   4.9006205E-03
   5.7971014E-02   1.4729454E+07   7.3017401E+06   2.2031194E+07   2.0805089E-03   6.5497576E-04   1.4910541E-03
   7.2463768E-02   9.2102894E+06   4.5720316E+06   1.3782169E+07   2.5213718E-03   1.6661354E-03   2.1447748E-03
   8.6956522E-02   6.0629038E+06   2.9997532E+06   9.0625307E+06   2.5073642E-03   1.3435092E-03   2.0476794E-03
   1.0144928E-01   4.2306604E+06   2.1165751E+06   6.3472355E+06   4.3552053E-04   2.0953386E-03   6.6705828E-04
   1.1594203E-01   3.1775688E+06   1.5571489E+06   4.7346230E+06   2.0788451E-03   3.6168155E-03   2.5822546E-03
   1.3043478E-01   2.5158542E+06   1.2409201E+06   3.7567743E+06   4.4709456E-03   4.1907513E-03   4.3761536E-03
   1.4492754E-01   2.0593768E+06   1.0222626E+06   3.0816393E+06   4.7272311E-03   3.7472103E-03   4.3985247E-03
   1.5942029E-01   1.6807289E+06   8.3357924E+05   2.5143081E+06   5.5089805E-03   9.0130148E-03   6.6561917E-03
   1.7391304E-01   1.3422674E+06   6.4660197E+05   1.9888694E+06   8.1023744E-03   8.1651033E-03   8.0710370E-03
   1.8840580E-01   1.1102591E+06   5.3601127E+05   1.6462121E+06   1.1144251E-02   9.7653737E-03   1.0695742E-02
   2.0289855E-01   9.3374809E+05   4.5366778E+05   1.3874159E+06   8.8251960E-03   1.0548306E-02   9.3886280E-03
   2.1739130E-01   7.9547197E+05   3.8194980E+05   1.1774723E+06   6.4245585E-03   1.0937485E-02   7.8432916E-03
   2.3188406E-01   6.6680828E+05   3.2402715E+05   9.9083543E+05   6.1189657E-03   6.4924696E-03   6.2046776E-03
   2.4637681E-01   5.6433554E+05   2.7452354E+05   8.3885908E+05   5.5154938E-03   9.1534911E-03   6.6075236E-03
   2.6086957E-01   4.6339808E+05   2.2222733E+05   6.8562541E+05   5.2663344E-03   6.9948081E-03   5.7484263E-03
   2.7536232E-01   3.6223802E+05   1.8305323E+05   5.4529125E+05   7.3629814E-03   1.0142384E-02   8.2438178E-03
   2.8985507E-01   2.7505842E+05   1.2942143E+05   4.0447984E+05   6.8359494E-03   1.9226922E-03   5.1222979E-03
   3.0434783E-01   1.6872270E+05   7.9201525E+04   2.4792423E+05   8.9932864E-03   5.1208578E-03   6.9516031E-03
   3.1884058E-01   7.6772503E+04   3.8506801E+04   1.1527930E+05   1.0159982E-02   9.9813926E-03   1.0074604E-02
   3.3333333E-01   1.8482186E+04   8.2362683E+03   2.6718454E+04   2.0584357E-02   3.3112868E-02   2.4035206E-02
   3.4782609E-01   6.0303211E+03   3.1256638E+03   9.1559849E+03   8.5472450E-02   8.5498957E-02   8.5464821E-02
   3.6231884E-01   6.5165355E+03   3.0006373E+03   9.5171728E+03   1.3341227E-01   1.1268736E-01   1.2687615E-01
   3.7681159E-01   5.9453186E+03   2.7686533E+03   8.7139719E+03   1.5129970E-01   1.2231907E-01   1.4182578E-01
   3.9130435E-01   6.1741508E+03   3.0309467E+03   9.2050975E+03   1.4829560E-01   1.4273754E-01   1.4639448E-01
   4.0579710E-01   6.0889555E+03   3.2474429E+03   9.3363984E+03   1.6773255E-01   1.5349481E-01   1.6271891E-01
   4.2028986E-01   6.6105993E+03   3.0570756E+03   9.6676749E+03   1.5822658E-01   1.5564812E-01   1.5740453E-01
   4.3478261E-01   5.4809620E+03   2.9804310E+03   8.4613930E+03   1.9880499E-01   1.7792249E-01   1.9144493E-01
   4.4927536E-01   6.0374504E+03   2.7131862E+03   8.7506365E+03   1.9418634E-01   1.9397595E-01   1.9411844E-01
   4.6376812E-01   5.9198178E+03   2.6757577E+03   8.5955755E+03   1.9319973E-01   1.8208600E-01   1.8973225E-01
   4.7826087E-01   5.1434248E+03   2.2043249E+03   7.3477497E+03   1.9990883E-01   1.9923416E-01   1.9970534E-01
   4.9275362E-01   5.0144339E+03   2.3177828E+03   7.3322167E+03   2.1952376E-01   1.9902617E-01   2.1304427E-01
   5.0724638E-01   4.3732231E+03   1.6453711E+03   6.0185942E+03   1.9941823E-01   2.2250652E-01   2.0572550E-01
   5.2173913E-01   4.0202141E+03   1.8311970E+03   5.8514111E+03   2.0620261E-01   1.9054860E-01   2.0130186E-01
   5.3623188E-01   3.6658072E+03   1.4540353E+03   5.1198425E+03   1.9101718E-01   1.8467121E-01   1.8921304E-01
   5.5072464E-01   3.3499938E+03   1.4556521E+03   4.8056458E+03   2.1476083E-01   2.0938678E-01   2.1313190E-01
   5.6521739E-01   2.6812221E+03   1.0686030E+03   3.7498251E+03   1.9020821E-01   1.8417685E-01   1.8848924E-01
   5.7971014E-01   2.7089086E+03   8.9034060E+02   3.5992492E+03   2.3055756E-01   1.9724558E-01   2.2231687E-01
   5.9420290E-01   1.5893989E+03   1.1828085E+03   2.7722074E+03   1.7302330E-01   1.8868453E-01   1.7970542E-01
   6.0869565E-01   1.4613493E+03   1.0463983E+03   2.5077476E+03   1.8975641E-01   1.8630340E-01   1.8831347E-01
   6.2318841E-01   1.7445566E+03   1.1454159E+03   2.8899725E+03   1.8311689E-01   1.7574404E-01   1.8019472E-01
   6.3768116E-01   1.6704650E+03   7.0607282E+02   2.3765378E+03   1.5272370E-01   1.7200495E-01   1.5845219E-01
   6.5217391E-01   1.3976032E+03   6.9038231E+02   2.0879855E+03   1.8088297E-01   2.1096469E-01   1.9082934E-01
   6.6666667E-01   1.2683853E+03   5.6006624E+02   1.8284516E+03   1.8878107E-01   1.8832247E-01   1.8864060E-01
   6.8115942E-01   1.4026190E+03   5.6427200E+02   1.9668910E+03   1.9444949E-01   1.6509657E-01   1.8602857E-01
   6.9565217E-01   9.9452940E+02   7.4195050E+02   1.7364799E+03   2.1107623E-01   1.8005889E-01   1.9782059E-01
   7.1014493E-01   1.1598010E+03   4.7938443E+02   1.6391855E+03   1.6356244E-01   2.2416672E-01   1.8128633E-01
   7.2463768E-01   1.0305219E+03   3.6371361E+02   1.3942355E+03   1.5854887E-01   1.9298551E-01   1.6753234E-01
   7.3913043E-01   8.9145492E+02   4.7544263E+02   1.3668975E+03   1.7863037E-01   9.2174398E-02   1.4855873E-01
   7.5362319E-01   6.8487739E+02   5.1001508E+02   1.1948925E+03   1.6081006E-01   7.4813396E-02   1.2408729E-01
   7.6811594E-01   5.7187674E+02   2.4304762E+02   8.1492436E+02   1.2799172E-01   2.0005761E-01   1.4948506E-01
   7.8260870E-01   8.5596181E+02   4.2096482E+02   1.2769266E+03   1.3258663E-01   1.6006355E-01   1.4164495E-01
   7.9710145E-01   7.1640559E+02   3.1687170E+02   1.0332773E+03   1.9688509E-01   1.6486251E-01   1.8706483E-01
   8.1159420E-01   6.2242656E+02   2.8415126E+02   9.0657782E+02   1.3709243E-01   1.5125556E-01   1.4153162E-01
   8.2608696E-01   7.3114943E+02   3.4563428E+02   1.0767837E+03   1.1194275E-01   1.3450766E-01   1.1918581E-01
   8.4057971E-01   5.4870587E+02   2.0903081E+02   7.5773668E+02   1.3114076E-01   1.3146482E-01   1.3123016E-01
   8.5507246E-01   4.4950481E+02   3.5960385E+02   8.0910866E+02   1.6225846E-01   1.5566036E-01   1.5932597E-01
   8.6956522E-01   4.2938412E+02   1.5154734E+02   5.8093146E+02   1.3963419E-01   2.6251664E-01   1.7169048E-01
   8.8405797E-01   3.8507930E+02   1.7390678E+02   5.5898608E+02   1.4527619E-01   1.8591396E-01   1.5791905E-01
   8.9855072E-01   3.4220366E+02   1.2221559E+02   4.6441926E+02   2.0445802E-01   1.5666961E-01   1.9188212E-01
   9.1304348E-01   3.3677186E+02   8.4192965E+01   4.2096482E+02   9.8959181E-02   1.5989762E-01   1.1114687E-01
   9.2753623E-01   3.0783053E+02   7.1037814E+01   3.7886834E+02   2.0057133E-01   1.8029254E-01   1.9676906E-01
   9.4202899E-01   1.9817729E+02   9.3259900E+01   2.9143719E+02   1.6933857E-01   2.4440089E-01   1.9263587E-01
   9.5652174E-01   1.1480859E+02   4.5923435E+01   1.6073202E+02   2.8785152E-01   1.0710497E-01   2.3620965E-01
   9.7101449E-01   1.1309503E+02   4.5238011E+01   1.5833304E+02   2.0732862E-01   2.0196972E-01   2.0579751E-01
   9.8550725E-01   2.2286373E+01   0.0000000E+00   2.2286373E+01   5.1687411E-06   0.0000000E+00   5.1687411E-06
   1.0000000E+00   0.0000000E+00   0.0000000E+00   0.0000000E+00   0.0000000E+00   0.0000000E+00   0.0000000E+00
