   0.0000000E+00   3.7204701E+10   1.8674845E+10   5.5846927E+10   2.4629446E-06   2.4167485E-06   2.3684475E-06
   1.4492754E-02   2.7385361E+07   1.3761256E+07   4.1146617E+07   1.6463228E-02   1.6938447E-02   1.6616345E-02
   2.8985507E-02   2.1492064E+07   1.0663249E+07   3.2154935E+07   1.5827244E-02   1.6799434E-02   1.6148488E-02
   4.3478261E-02   1.2473609E+07   6.2551163E+06   1.8728725E+07   4.1115319E-03   4.1104177E-03   4.0259209E-03
   5.7971014E-02   7.1494350E+06   3.5619307E+06   1.0711366E+07   1.7858506E-03   1.6706999E-03   1.7421132E-03
   7.2463768E-02   4.8363302E+06   2.4130882E+06   7.2492669E+06   2.2141936E-03   3.0777471E-03   2.4991602E-03
   8.6956522E-02   3.7038169E+06   1.8151582E+06   5.5189751E+06   2.7053590E-03   2.4709429E-03   2.6000901E-03
   1.0144928E-01   2.9805031E+06   1.4684937E+06   4.4488886E+06   3.8655213E-03   2.2222401E-03   3.3199600E-03
   1.1594203E-01   2.5109499E+06   1.2341636E+06   3.7451136E+06   6.7682608E-03   4.6613272E-03   6.0735290E-03
   1.3043478E-01   2.1363123E+06   1.0598210E+06   3.1961333E+06   5.3750598E-03   4.8114057E-03   5.1727368E-03
   1.4492754E-01   1.8276609E+06   8.9109834E+05   2.7187592E+06   7.8512441E-03   8.1237545E-03   7.9288000E-03
   1.5942029E-01   1.5632797E+06   7.8687510E+05   2.3501548E+06   9.8522334E-03   1.0348853E-02   9.9994351E-03
   1.7391304E-01   1.3080430E+06   6.4900147E+05   1.9570444E+06   1.0821710E-02   1.0167342E-02   1.0603983E-02
   1.8840580E-01   1.1152718E+06   5.4714417E+05   1.6624160E+06   1.1396110E-02   1.0421605E-02   1.1042659E-02
   2.0289855E-01   9.6135136E+05   4.6573744E+05   1.4270888E+06   1.2662813E-02   1.1887685E-02   1.2393497E-02
   2.1739130E-01   8.3027734E+05   4.1614899E+05   1.2464263E+06   8.6991538E-03   9.3909990E-03   8.9101790E-03
   2.3188406E-01   7.1795551E+05   3.5144775E+05   1.0694033E+06   1.1438477E-02   8.6336991E-03   1.0450266E-02
   2.4637681E-01   6.0623392E+05   2.9034687E+05   8.9658079E+05   1.0172640E-02   5.9591046E-03   8.8025587E-03
   2.6086957E-01   5.1888124E+05   2.5228422E+05   7.7116546E+05   9.2535839E-03   8.7636124E-03   9.0190041E-03
   2.7536232E-01   4.1643613E+05   2.0223593E+05   6.1867206E+05   6.3345628E-03   1.2074521E-02   8.1724728E-03
   2.8985507E-01   3.2366722E+05   1.6234508E+05   4.8601231E+05   8.2463223E-03   8.9469674E-03   8.4324379E-03
   3.0434783E-01   2.2569728E+05   1.1228936E+05   3.3798664E+05   1.0838791E-02   1.0598402E-02   1.0715603E-02
   3.1884058E-01   1.1614037E+05   5.5624761E+04   1.7176513E+05   1.0875186E-02   1.9622019E-02   1.3587225E-02
   3.3333333E-01   2.9452895E+04   1.4858228E+04   4.4311123E+04   7.1889962E-02   6.2866321E-02   6.8754682E-02
   3.4782609E-01   1.7017503E+04   8.4613930E+03   2.5478896E+04   1.6006057E-01   1.5920822E-01   1.5977053E-01
   3.6231884E-01   1.7882586E+04   8.1835562E+03   2.6066142E+04   1.7054522E-01   1.8097170E-01   1.7380292E-01
   3.7681159E-01   1.7515375E+04   7.6356543E+03   2.5151029E+04   1.9247786E-01   1.7065784E-01   1.8584875E-01
   3.9130435E-01   1.8129552E+04   7.9702673E+03   2.6099819E+04   2.0852378E-01   2.1319054E-01   2.0994747E-01
   4.0579710E-01   1.4667617E+04   7.8209251E+03   2.2488542E+04   2.1627038E-01   2.0566973E-01   2.1258348E-01
   4.2028986E-01   1.2411204E+04   5.1212548E+03   1.7532459E+04   2.1141718E-01   1.9009301E-01   2.0518366E-01
   4.3478261E-01   1.0178929E+04   4.7484832E+03   1.4927413E+04   2.1139263E-01   1.9717722E-01   2.0686789E-01
   4.4927536E-01   8.5062054E+03   4.3753183E+03   1.2881524E+04   2.0475967E-01   1.9635817E-01   2.0190002E-01
   4.6376812E-01   7.2221778E+03   3.2203809E+03   1.0442559E+04   2.0212859E-01   1.9379705E-01   1.9955536E-01
   4.7826087E-01   6.3374341E+03   3.3524108E+03   9.6898449E+03   2.2281429E-01   1.9173611E-01   2.1206198E-01
   4.9275362E-01   5.0812931E+03   2.8749421E+03   7.9562352E+03   2.3934588E-01   2.1074535E-01   2.2901122E-01
   5.0724638E-01   4.4814712E+03   2.2948597E+03   6.7763309E+03   1.9981671E-01   1.9921950E-01   1.9961354E-01
   5.2173913E-01   3.5992492E+03   2.2311136E+03   5.8303628E+03   2.3998497E-01   2.2163062E-01   2.3295841E-01
   5.3623188E-01   3.4814929E+03   1.4745146E+03   4.9560075E+03   2.1079994E-01   1.9429952E-01   2.0588997E-01
   5.5072464E-01   2.7318402E+03   1.4955329E+03   4.2273731E+03   1.9143134E-01   2.2430726E-01   2.0306197E-01
   5.6521739E-01   2.6617930E+03   1.0491739E+03   3.7109668E+03   1.9791266E-01   2.4486673E-01   2.1118758E-01
   5.7971014E-01   2.1595495E+03   1.0797748E+03   3.2393243E+03   2.1197433E-01   1.8052726E-01   2.0149154E-01
   5.9420290E-01   2.0699148E+03   9.4255051E+02   3.0124654E+03   2.1346014E-01   2.0713194E-01   2.1148015E-01
   6.0869565E-01   1.8041350E+03   8.1186073E+02   2.6159957E+03   2.0218609E-01   1.2804918E-01   1.7917808E-01
   6.2318841E-01   1.4097427E+03   7.7535847E+02   2.1851011E+03   2.2589602E-01   1.9512862E-01   2.1496600E-01
   6.3768116E-01   1.3432605E+03   4.1331092E+02   1.7565714E+03   2.0986382E-01   2.0653693E-01   2.0908102E-01
   6.5217391E-01   1.4312804E+03   4.8831920E+02   1.9195996E+03   2.2730235E-01   1.7812157E-01   2.1479145E-01
   6.6666667E-01   1.4495832E+03   4.2828595E+02   1.8778692E+03   1.8570332E-01   2.1204706E-01   1.9171154E-01
   6.8115942E-01   1.1930322E+03   5.3202788E+02   1.7250601E+03   1.8980897E-01   1.5033118E-01   1.7763258E-01
   6.9565217E-01   9.7874322E+02   4.2622688E+02   1.4049701E+03   2.0646498E-01   1.3648077E-01   1.8523381E-01
   7.1014493E-01   1.0824810E+03   4.9484845E+02   1.5773294E+03   2.4627204E-01   1.3412109E-01   2.1108743E-01
   7.2463768E-01   9.5474822E+02   3.9402308E+02   1.3487713E+03   1.9599269E-01   1.5789459E-01   1.8486291E-01
   7.3913043E-01   6.3887603E+02   4.4572746E+02   1.0846035E+03   1.4853396E-01   1.7849461E-01   1.6084655E-01
   7.5362319E-01   7.1402111E+02   3.3515276E+02   1.0491739E+03   1.8457501E-01   2.0861094E-01   1.9225315E-01
   7.6811594E-01   6.4336134E+02   3.2882913E+02   9.7219046E+02   1.8845814E-01   1.6517529E-01   1.8057574E-01
   7.8260870E-01   5.0515779E+02   2.5257889E+02   7.5773668E+02   2.2715970E-01   1.4840458E-01   2.0090799E-01
   7.9710145E-01   5.0975013E+02   1.7910140E+02   6.8885153E+02   1.3379319E-01   2.1866245E-01   1.5585920E-01
   8.1159420E-01   5.0064745E+02   3.1121328E+02   8.1186073E+02   1.7341980E-01   1.8967079E-01   1.7964934E-01
   8.2608696E-01   4.3868966E+02   2.7916615E+02   7.1785581E+02   2.1666575E-01   2.1685427E-01   2.1673906E-01
   8.4057971E-01   5.3564145E+02   1.1757983E+02   6.5322128E+02   1.4489035E-01   1.2685532E-01   1.4164405E-01
   8.5507246E-01   4.7519080E+02   2.3117390E+02   7.0636471E+02   1.6433471E-01   1.8281250E-01   1.7038199E-01
   8.6956522E-01   2.2732101E+02   1.6417628E+02   3.9149729E+02   2.2068266E-01   1.8222058E-01   2.0455340E-01
   8.8405797E-01   3.2296973E+02   9.9375303E+01   4.2234504E+02   2.0233955E-01   1.7459817E-01   1.9581216E-01
   8.9855072E-01   3.6664678E+02   1.0999403E+02   4.7664082E+02   1.8361937E-01   1.8052280E-01   1.8288697E-01
   9.1304348E-01   2.6460646E+02   1.0824810E+02   3.7285456E+02   9.1458171E-02   2.6796689E-01   1.4270264E-01
   9.2753623E-01   2.6047199E+02   7.1037814E+01   3.3150980E+02   1.0420811E-01   1.2639258E-01   1.0896192E-01
   9.4202899E-01   1.6320482E+02   9.3259900E+01   2.5646472E+02   1.0913499E-01   3.0058962E-01   1.7875486E-01
   9.5652174E-01   2.0665546E+02   6.8885153E+01   2.7554061E+02   1.5924197E-01   2.6766963E-01   1.8634888E-01
   9.7101449E-01   1.1309503E+02   1.3571403E+02   2.4880906E+02   1.6374740E-01   2.4532592E-01   2.0824477E-01
   9.8550725E-01   4.4572746E+01   3.3429560E+01   7.8002306E+01   8.0691555E-06   5.6969856E-06   6.6587985E-06
   1.0000000E+00   4.3768184E+01   2.1884092E+01   6.5652276E+01   2.1424723E-01   1.3221047E-06   1.4283105E-01
