   0.0000000E+00   3.4863829E+10   1.7474596E+10   5.2336358E+10   6.2570395E-07   1.2260550E-06   3.8468621E-07
   1.4492754E-02   5.7747113E+06   2.8445435E+06   8.6192548E+06   2.1118606E-03   3.4909075E-03   2.4493700E-03
   2.8985507E-02   5.7864562E+06   2.9271368E+06   8.7135930E+06   7.7465517E-04   1.3993183E-03   9.7166578E-04
   4.3478261E-02   5.9350989E+06   2.9844722E+06   8.9195711E+06   1.7289961E-03   1.1719770E-03   1.3930288E-03
   5.7971014E-02   6.0618935E+06   2.9712750E+06   9.0331684E+06   5.3765554E-04   1.5601036E-03   8.7382823E-04
   7.2463768E-02   6.1410012E+06   3.0600438E+06   9.2010450E+06   1.0799409E-03   4.7871158E-03   2.2353746E-03
   8.6956522E-02   6.0915715E+06   3.0659289E+06   9.1575004E+06   1.7426707E-04   1.8625130E-03   6.0957536E-04
   1.0144928E-01   5.9752950E+06   3.0136270E+06   8.9889220E+06   2.6686972E-03   1.0751538E-03   2.1285466E-03
   1.1594203E-01   5.8845831E+06   2.9184228E+06   8.8030059E+06   2.8356282E-03   2.4962692E-03   2.7220430E-03
   1.3043478E-01   5.6455593E+06   2.8426913E+06   8.4882505E+06   3.9548618E-03   3.4765706E-03   3.7218673E-03
   1.4492754E-01   5.4276679E+06   2.7061050E+06   8.1337729E+06   4.1711426E-03   3.0007747E-03   3.6938241E-03
   1.5942029E-01   5.0522438E+06   2.5117593E+06   7.5640031E+06   4.7752002E-03   3.2327578E-03   4.2192913E-03
   1.7391304E-01   4.3543970E+06   2.1638434E+06   6.5182404E+06   5.5311582E-03   4.8223954E-03   5.2916434E-03
   1.8840580E-01   3.5252242E+06   1.7615629E+06   5.2867871E+06   4.9507364E-03   4.5864462E-03   4.8164048E-03
   2.0289855E-01   2.8939588E+06   1.4430013E+06   4.3369600E+06   5.8372575E-03   4.1902551E-03   5.2385051E-03
   2.1739130E-01   2.4122800E+06   1.2014673E+06   3.6137473E+06   5.0762312E-03   3.5188701E-03   4.5520768E-03
   2.3188406E-01   2.0152954E+06   1.0044273E+06   3.0197228E+06   5.7559531E-03   6.5414015E-03   5.9742964E-03
   2.4637681E-01   1.6355523E+06   8.2388264E+05   2.4594350E+06   4.8619878E-03   7.5812663E-03   5.7642497E-03
   2.6086957E-01   1.3267969E+06   6.5969398E+05   1.9864909E+06   6.1750589E-03   4.8193077E-03   5.6167729E-03
   2.7536232E-01   1.0529748E+06   5.3125318E+05   1.5841881E+06   5.5841064E-03   6.0667918E-03   5.7127009E-03
   2.8985507E-01   7.8971317E+05   3.9186353E+05   1.1815767E+06   4.6862538E-03   4.6928821E-03   4.6855117E-03
   3.0434783E-01   5.3009093E+05   2.6495526E+05   7.9504620E+05   4.2877576E-03   4.1548101E-03   4.2129217E-03
   3.1884058E-01   2.6703330E+05   1.3181174E+05   3.9884504E+05   6.3886373E-03   2.7845710E-03   5.1635402E-03
   3.3333333E-01   6.6977334E+04   3.5185338E+04   1.0216267E+05   9.9957766E-03   1.3555448E-02   1.0491713E-02
   3.4782609E-01   5.9671764E+03   3.5676769E+03   9.5348533E+03   5.0942642E-02   6.9355310E-02   5.6601603E-02
   3.6231884E-01   3.9099213E+03   1.9701154E+03   5.8800367E+03   8.8507039E-02   6.0807601E-02   7.9203774E-02
   3.7681159E-01   3.5555337E+03   1.6029045E+03   5.1584382E+03   8.2828847E-02   8.6050489E-02   8.0648554E-02
   3.9130435E-01   2.3293387E+03   1.2348302E+03   3.5641688E+03   8.6183474E-02   8.9984324E-02   8.6200649E-02
   4.0579710E-01   1.9484658E+03   1.3260392E+03   3.2745050E+03   1.1610942E-01   1.2789331E-01   1.1855349E-01
   4.2028986E-01   1.7245042E+03   8.0999439E+02   2.5344986E+03   1.0848159E-01   1.2112831E-01   1.0911170E-01
   4.3478261E-01   1.1366050E+03   7.0722091E+02   1.8438259E+03   1.1420804E-01   1.8240147E-01   1.3463164E-01
   4.4927536E-01   1.2710422E+03   7.0885045E+02   1.9798926E+03   1.1302139E-01   1.3166973E-01   1.1969708E-01
   4.6376812E-01   5.6830251E+02   4.9726470E+02   1.0655672E+03   1.1941196E-01   7.9178811E-02   1.0054929E-01
   4.7826087E-01   7.5773668E+02   3.6738748E+02   1.1251242E+03   1.6481785E-01   8.6242656E-02   1.3660696E-01
   4.9275362E-01   7.5773668E+02   4.2344109E+02   1.1811778E+03   1.2323251E-01   5.7822639E-02   9.9767468E-02
   5.0724638E-01   8.2268554E+02   3.8969315E+02   1.2123787E+03   1.5611710E-01   1.3628961E-01   1.4861593E-01
   5.2173913E-01   5.4725427E+02   2.5257889E+02   7.9983317E+02   1.3110651E-01   9.1550070E-02   1.1849324E-01
   5.3623188E-01   2.2527307E+02   1.0239685E+02   3.2766992E+02   1.9920717E-01   9.0353085E-02   1.5913381E-01
   5.5072464E-01   4.7857054E+02   2.1934483E+02   6.9791537E+02   1.6978536E-01   1.6499424E-01   1.6194930E-01
   5.6521739E-01   3.4972462E+02   1.9429146E+02   5.4401608E+02   1.5709692E-01   1.2629408E-01   1.4524425E-01
   5.7971014E-01   2.4626442E+02   2.0837759E+02   4.5464201E+02   1.2286677E-01   1.4962780E-01   1.3511355E-01
   5.9420290E-01   2.9570212E+02   9.2406913E+01   3.8810903E+02   9.9081253E-02   1.3020279E-01   1.0456850E-01
   6.0869565E-01   1.9845485E+02   3.6082699E+01   2.3453755E+02   1.7461392E-01   1.8230726E-01   1.7180813E-01
   6.2318841E-01   1.0573070E+02   7.0487133E+01   1.7621783E+02   6.2461325E-02   3.2805262E-01   1.6596593E-01
   6.3768116E-01   2.4109804E+02   6.8885153E+01   3.0998319E+02   2.1390068E-01   6.1090871E-02   1.7983067E-01
   6.5217391E-01   1.6838593E+02   8.4192965E+01   2.5257889E+02   2.6353269E-01   1.9560266E-06   1.7568790E-01
   6.6666667E-01   8.2362683E+01   1.6472537E+01   9.8835220E+01   3.2150493E-01   1.2967534E-06   2.6792063E-01
   6.8115942E-01   1.2897646E+02   3.2244114E+01   1.6122057E+02   1.9233329E-01   1.1805847E-01   1.7506272E-01
   6.9565217E-01   1.4207563E+02   7.8930905E+01   2.2100653E+02   2.0904521E-01   2.2576421E-01   2.0890094E-01
   7.1014493E-01   7.7320070E+01   4.6392042E+01   1.2371211E+02   5.0917140E-02   1.4278473E-01   4.3196306E-02
   7.2463768E-01   9.0928402E+01   7.5773668E+01   1.6670207E+02   2.6897010E-01   6.4233611E-02   1.7403502E-01
   7.3913043E-01   4.4572746E+01   1.4857582E+01   5.9430328E+01   1.5337237E-01   3.9045806E-01   1.7708109E-01
   7.5362319E-01   8.7431156E+01   4.3715578E+01   1.3114673E+02   1.5402790E-01   1.3255926E-05   1.0268953E-01
   7.6811594E-01   1.5726610E+02   7.1484593E+01   2.2875070E+02   1.4747104E-01   6.8351119E-02   1.2239621E-01
   7.8260870E-01   5.6128643E+01   1.4032161E+01   7.0160804E+01   7.5691217E-02   2.7807357E-01   1.0737282E-01
   7.9710145E-01   5.5108122E+01   1.3777031E+01   6.8885153E+01   2.0133682E-01   2.5432704E-01   2.1167211E-01
   8.1159420E-01   5.4124049E+01   1.3531012E+01   6.7655061E+01   3.4183036E-01   3.7159613E-06   2.7346360E-01
   8.2608696E-01   6.6468130E+01   1.3293626E+01   7.9761756E+01   2.4591358E-01   2.3103410E-01   2.2728407E-01
   8.4057971E-01   2.6128851E+01   1.3064426E+01   3.9193277E+01   1.4149270E-01   8.3493092E-06   9.4326614E-02
   8.5507246E-01   5.1371979E+01   3.8528984E+01   8.9900963E+01   2.7192026E-01   2.7446750E-01   2.7155651E-01
   8.6956522E-01   1.2628945E+01   0.0000000E+00   1.2628945E+01   4.2620352E-01   0.0000000E+00   4.2620352E-01
   8.8405797E-01   2.4843826E+01   3.7265739E+01   6.2109564E+01   1.9904836E-01   2.2947991E-01   2.1566683E-01
   8.9855072E-01   3.6664678E+01   1.2221559E+01   4.8886238E+01   1.4806944E-01   2.7344856E-05   1.1104530E-01
   9.1304348E-01   2.4055133E+01   3.6082699E+01   6.0137832E+01   3.9116656E-01   3.9761952E-01   3.9471253E-01
   9.2753623E-01   0.0000000E+00   0.0000000E+00   0.0000000E+00   0.0000000E+00   0.0000000E+00   0.0000000E+00
   9.4202899E-01   3.4972462E+01   0.0000000E+00   3.4972462E+01   2.7745784E-01   0.0000000E+00   2.7745784E-01
   9.5652174E-01   0.0000000E+00   0.0000000E+00   0.0000000E+00   0.0000000E+00   0.0000000E+00   0.0000000E+00
   9.7101449E-01   1.1309503E+01   1.1309503E+01   2.2619005E+01   4.5405158E-01   4.2143939E-01   4.3746749E-01
   9.8550725E-01   1.1143187E+01   0.0000000E+00   1.1143187E+01   3.3755194E-01   0.0000000E+00   3.3755194E-01
   1.0000000E+00   0.0000000E+00   0.0000000E+00   0.0000000E+00   0.0000000E+00   0.0000000E+00   0.0000000E+00
