#depth	S	S+	S+2	S+3	S+4	S+5	S+6	S+7	S+8	S+9	S+10	S+11	S+12	S+13	S+14	S+15	S+16
 6.17135e+19	0.00e+00	0.00e+00	0.00e+00	0.00e+00	0.00e+00	0.00e+00	0.00e+00	0.00e+00	0.00e+00	1.80e-27	6.98e-23	1.34e-18	1.92e-14	1.96e-10	3.74e-06	3.58e-03	9.96e-01
 1.87609e+20	0.00e+00	0.00e+00	0.00e+00	0.00e+00	0.00e+00	0.00e+00	0.00e+00	0.00e+00	0.00e+00	3.11e-27	1.12e-22	1.97e-18	2.63e-14	2.48e-10	4.38e-06	3.87e-03	9.96e-01
 3.18540e+20	0.00e+00	0.00e+00	0.00e+00	0.00e+00	0.00e+00	0.00e+00	0.00e+00	0.00e+00	0.00e+00	5.37e-27	1.78e-22	2.91e-18	3.58e-14	3.13e-10	5.11e-06	4.18e-03	9.96e-01
 4.54709e+20	0.00e+00	0.00e+00	0.00e+00	0.00e+00	0.00e+00	0.00e+00	0.00e+00	0.00e+00	0.00e+00	9.26e-27	2.84e-22	4.30e-18	4.89e-14	3.95e-10	5.97e-06	4.51e-03	9.95e-01
 5.96324e+20	0.00e+00	0.00e+00	0.00e+00	0.00e+00	0.00e+00	0.00e+00	0.00e+00	0.00e+00	2.58e-31	1.59e-26	4.52e-22	6.33e-18	6.67e-14	4.98e-10	6.97e-06	4.88e-03	9.95e-01
 7.43604e+20	0.00e+00	0.00e+00	0.00e+00	0.00e+00	0.00e+00	0.00e+00	0.00e+00	0.00e+00	4.80e-31	2.74e-26	7.20e-22	9.33e-18	9.10e-14	6.28e-10	8.14e-06	5.27e-03	9.95e-01
 8.96775e+20	0.00e+00	0.00e+00	0.00e+00	0.00e+00	0.00e+00	0.00e+00	0.00e+00	0.00e+00	8.93e-31	4.72e-26	1.15e-21	1.38e-17	1.24e-13	7.93e-10	9.50e-06	5.69e-03	9.94e-01
 1.05607e+21	0.00e+00	0.00e+00	0.00e+00	0.00e+00	0.00e+00	0.00e+00	0.00e+00	0.00e+00	1.66e-30	8.14e-26	1.83e-21	2.03e-17	1.69e-13	1.00e-09	1.11e-05	6.15e-03	9.94e-01
 1.22174e+21	0.00e+00	0.00e+00	0.00e+00	0.00e+00	0.00e+00	0.00e+00	0.00e+00	0.00e+00	3.09e-30	1.40e-25	2.91e-21	2.99e-17	2.31e-13	1.26e-09	1.30e-05	6.64e-03	9.93e-01
 1.39404e+21	0.00e+00	0.00e+00	0.00e+00	0.00e+00	0.00e+00	0.00e+00	0.00e+00	0.00e+00	5.76e-30	2.41e-25	4.64e-21	4.41e-17	3.15e-13	1.59e-09	1.51e-05	7.18e-03	9.93e-01
 1.55868e+21	0.00e+00	0.00e+00	0.00e+00	0.00e+00	0.00e+00	0.00e+00	0.00e+00	0.00e+00	1.02e-29	3.98e-25	7.13e-21	6.31e-17	4.19e-13	1.98e-09	1.75e-05	7.71e-03	9.92e-01
 1.70981e+21	0.00e+00	0.00e+00	0.00e+00	0.00e+00	0.00e+00	0.00e+00	0.00e+00	0.00e+00	1.70e-29	6.21e-25	1.04e-20	8.66e-17	5.40e-13	2.39e-09	1.98e-05	8.21e-03	9.92e-01
 1.88074e+21	0.00e+00	0.00e+00	0.00e+00	0.00e+00	0.00e+00	0.00e+00	0.00e+00	0.00e+00	2.95e-29	1.01e-24	1.58e-20	1.22e-16	7.13e-13	2.94e-09	2.27e-05	8.79e-03	9.91e-01
 2.07861e+21	0.00e+00	0.00e+00	0.00e+00	0.00e+00	0.00e+00	0.00e+00	0.00e+00	0.00e+00	5.48e-29	1.73e-24	2.52e-20	1.80e-16	9.71e-13	3.71e-09	2.65e-05	9.49e-03	9.90e-01
 2.26953e+21	0.00e+00	0.00e+00	0.00e+00	0.00e+00	0.00e+00	0.00e+00	0.00e+00	0.00e+00	9.74e-29	2.87e-24	3.87e-20	2.58e-16	1.29e-12	4.60e-09	3.06e-05	1.02e-02	9.90e-01
 2.44617e+21	0.00e+00	0.00e+00	0.00e+00	0.00e+00	0.00e+00	0.00e+00	0.00e+00	0.00e+00	1.63e-28	4.49e-24	5.69e-20	3.56e-16	1.67e-12	5.57e-09	3.48e-05	1.09e-02	9.89e-01
 2.64553e+21	0.00e+00	0.00e+00	0.00e+00	0.00e+00	0.00e+00	0.00e+00	0.00e+00	0.00e+00	2.85e-28	7.34e-24	8.67e-20	5.06e-16	2.21e-12	6.87e-09	4.00e-05	1.16e-02	9.88e-01
 2.86864e+21	0.00e+00	0.00e+00	0.00e+00	0.00e+00	0.00e+00	0.00e+00	0.00e+00	0.00e+00	5.23e-28	1.25e-23	1.37e-19	7.38e-16	3.00e-12	8.62e-09	4.65e-05	1.25e-02	9.87e-01
 3.08061e+21	0.00e+00	0.00e+00	0.00e+00	0.00e+00	0.00e+00	0.00e+00	0.00e+00	0.00e+00	9.10e-28	2.02e-23	2.07e-19	1.04e-15	3.95e-12	1.06e-08	5.34e-05	1.34e-02	9.87e-01
 3.30719e+21	0.00e+00	0.00e+00	0.00e+00	0.00e+00	0.00e+00	0.00e+00	0.00e+00	0.00e+00	1.61e-27	3.34e-23	3.17e-19	1.49e-15	5.26e-12	1.31e-08	6.16e-05	1.44e-02	9.86e-01
 3.55314e+21	0.00e+00	0.00e+00	0.00e+00	0.00e+00	0.00e+00	0.00e+00	0.00e+00	0.00e+00	2.93e-27	5.63e-23	4.97e-19	2.17e-15	7.09e-12	1.64e-08	7.14e-05	1.55e-02	9.84e-01
 3.78501e+21	0.00e+00	0.00e+00	0.00e+00	0.00e+00	0.00e+00	0.00e+00	0.00e+00	0.00e+00	5.05e-27	9.07e-23	7.48e-19	3.05e-15	9.30e-12	2.01e-08	8.18e-05	1.66e-02	9.83e-01
 4.03592e+21	0.00e+00	0.00e+00	0.00e+00	0.00e+00	0.00e+00	0.00e+00	0.00e+00	1.89e-31	8.92e-27	1.49e-22	1.15e-18	4.35e-15	1.24e-11	2.49e-08	9.42e-05	1.78e-02	9.82e-01
 4.31479e+21	0.00e+00	0.00e+00	0.00e+00	0.00e+00	0.00e+00	0.00e+00	0.00e+00	3.76e-31	1.64e-26	2.54e-22	1.81e-18	6.36e-15	1.68e-11	3.13e-08	1.10e-04	1.92e-02	9.81e-01
 4.57921e+21	0.00e+00	0.00e+00	0.00e+00	0.00e+00	0.00e+00	0.00e+00	0.00e+00	7.05e-31	2.87e-26	4.14e-22	2.75e-18	9.02e-15	2.21e-11	3.86e-08	1.26e-04	2.06e-02	9.79e-01
 4.86021e+21	0.00e+00	0.00e+00	0.00e+00	0.00e+00	0.00e+00	0.00e+00	0.00e+00	1.34e-30	5.08e-26	6.83e-22	4.23e-18	1.29e-14	2.94e-11	4.77e-08	1.45e-04	2.20e-02	9.78e-01
 5.16956e+21	0.00e+00	0.00e+00	0.00e+00	0.00e+00	0.00e+00	0.00e+00	0.00e+00	2.66e-30	9.32e-26	1.16e-21	6.67e-18	1.89e-14	3.99e-11	5.99e-08	1.69e-04	2.38e-02	9.76e-01
 5.43840e+21	0.00e+00	0.00e+00	0.00e+00	0.00e+00	0.00e+00	0.00e+00	0.00e+00	4.72e-30	1.55e-25	1.82e-21	9.78e-18	2.59e-14	5.14e-11	7.25e-08	1.91e-04	2.53e-02	9.75e-01
 5.66039e+21	0.00e+00	0.00e+00	0.00e+00	0.00e+00	0.00e+00	0.00e+00	0.00e+00	7.48e-30	2.34e-25	2.60e-21	1.33e-17	3.35e-14	6.31e-11	8.45e-08	2.12e-04	2.66e-02	9.73e-01
 5.90580e+21	0.00e+00	0.00e+00	0.00e+00	0.00e+00	0.00e+00	0.00e+00	0.00e+00	1.23e-29	3.64e-25	3.83e-21	1.85e-17	4.42e-14	7.87e-11	9.96e-08	2.36e-04	2.81e-02	9.72e-01
 6.22483e+21	0.00e+00	0.00e+00	0.00e+00	0.00e+00	0.00e+00	0.00e+00	0.00e+00	2.30e-29	6.36e-25	6.23e-21	2.81e-17	6.26e-14	1.04e-10	1.23e-07	2.71e-04	3.00e-02	9.70e-01
 6.55460e+21	0.00e+00	0.00e+00	0.00e+00	0.00e+00	0.00e+00	0.00e+00	0.00e+00	4.32e-29	1.11e-24	1.02e-20	4.27e-17	8.87e-14	1.37e-10	1.51e-07	3.11e-04	3.21e-02	9.68e-01
 6.82986e+21	0.00e+00	0.00e+00	0.00e+00	0.00e+00	0.00e+00	0.00e+00	0.00e+00	7.16e-29	1.74e-24	1.50e-20	5.99e-17	1.18e-13	1.72e-10	1.79e-07	3.48e-04	3.39e-02	9.66e-01
 7.11923e+21	0.00e+00	0.00e+00	0.00e+00	0.00e+00	0.00e+00	0.00e+00	0.00e+00	1.20e-28	2.76e-24	2.25e-20	8.47e-17	1.57e-13	2.16e-10	2.12e-07	3.90e-04	3.59e-02	9.64e-01
 7.49016e+21	0.00e+00	0.00e+00	0.00e+00	0.00e+00	0.00e+00	0.00e+00	0.00e+00	2.30e-28	4.90e-24	3.73e-20	1.30e-16	2.25e-13	2.88e-10	2.63e-07	4.49e-04	3.85e-02	9.61e-01
 7.86418e+21	0.00e+00	0.00e+00	0.00e+00	0.00e+00	0.00e+00	0.00e+00	0.00e+00	4.32e-28	8.59e-24	6.08e-20	1.99e-16	3.19e-13	3.81e-10	3.24e-07	5.16e-04	4.11e-02	9.58e-01
 8.17074e+21	0.00e+00	0.00e+00	0.00e+00	0.00e+00	0.00e+00	0.00e+00	0.00e+00	7.11e-28	1.34e-23	8.97e-20	2.77e-16	4.21e-13	4.75e-10	3.83e-07	5.76e-04	4.34e-02	9.56e-01
 8.49252e+21	0.00e+00	0.00e+00	0.00e+00	0.00e+00	0.00e+00	0.00e+00	0.00e+00	1.19e-27	2.11e-23	1.34e-19	3.90e-16	5.61e-13	5.97e-10	4.54e-07	6.44e-04	4.59e-02	9.54e-01
 8.90959e+21	0.00e+00	0.00e+00	0.00e+00	0.00e+00	0.00e+00	0.00e+00	0.00e+00	2.26e-27	3.74e-23	2.21e-19	6.00e-16	8.02e-13	7.93e-10	5.61e-07	7.41e-04	4.91e-02	9.50e-01
 9.33517e+21	0.00e+00	0.00e+00	0.00e+00	0.00e+00	0.00e+00	0.00e+00	0.00e+00	4.30e-27	6.61e-23	3.63e-19	9.20e-16	1.15e-12	1.05e-09	6.94e-07	8.53e-04	5.26e-02	9.47e-01
 9.65485e+21	0.00e+00	0.00e+00	0.00e+00	0.00e+00	0.00e+00	0.00e+00	0.00e+00	6.85e-27	1.00e-22	5.22e-19	1.26e-15	1.49e-12	1.30e-09	8.10e-07	9.44e-04	5.52e-02	9.44e-01
 9.91053e+21	0.00e+00	0.00e+00	0.00e+00	0.00e+00	0.00e+00	0.00e+00	2.53e-31	9.91e-27	1.39e-22	6.96e-19	1.61e-15	1.83e-12	1.53e-09	9.15e-07	1.02e-03	5.74e-02	9.42e-01
 1.02012e+22	0.00e+00	0.00e+00	0.00e+00	0.00e+00	0.00e+00	0.00e+00	3.98e-31	1.49e-26	1.99e-22	9.54e-19	2.11e-15	2.29e-12	1.83e-09	1.05e-06	1.12e-03	5.99e-02	9.39e-01
 1.05790e+22	0.00e+00	0.00e+00	0.00e+00	0.00e+00	0.00e+00	0.00e+00	7.03e-31	2.48e-26	3.14e-22	1.42e-18	2.96e-15	3.04e-12	2.29e-09	1.24e-06	1.25e-03	6.32e-02	9.36e-01
 1.09781e+22	0.00e+00	0.00e+00	0.00e+00	0.00e+00	0.00e+00	0.00e+00	1.28e-30	4.26e-26	5.08e-22	2.16e-18	4.26e-15	4.12e-12	2.91e-09	1.48e-06	1.41e-03	6.69e-02	9.32e-01
 1.13152e+22	0.00e+00	0.00e+00	0.00e+00	0.00e+00	0.00e+00	0.00e+00	2.10e-30	6.64e-26	7.53e-22	3.05e-18	5.72e-15	5.27e-12	3.55e-09	1.72e-06	1.55e-03	7.01e-02	9.28e-01
 1.16640e+22	0.00e+00	0.00e+00	0.00e+00	0.00e+00	0.00e+00	0.00e+00	3.44e-30	1.04e-25	1.12e-21	4.32e-18	7.71e-15	6.75e-12	4.32e-09	1.99e-06	1.70e-03	7.34e-02	9.25e-01
 1.21174e+22	0.00e+00	0.00e+00	0.00e+00	0.00e+00	0.00e+00	0.00e+00	6.41e-30	1.81e-25	1.84e-21	6.67e-18	1.12e-14	9.23e-12	5.53e-09	2.39e-06	1.92e-03	7.78e-02	9.20e-01
 1.25733e+22	0.00e+00	0.00e+00	0.00e+00	0.00e+00	0.00e+00	0.00e+00	1.20e-29	3.19e-25	3.04e-21	1.04e-17	1.63e-14	1.27e-11	7.11e-09	2.89e-06	2.17e-03	8.24e-02	9.15e-01
 1.29276e+22	0.00e+00	0.00e+00	0.00e+00	0.00e+00	0.00e+00	0.00e+00	1.92e-29	4.87e-25	4.42e-21	1.44e-17	2.17e-14	1.60e-11	8.57e-09	3.32e-06	2.38e-03	8.61e-02	9.12e-01
 1.32199e+22	0.00e+00	0.00e+00	0.00e+00	0.00e+00	0.00e+00	0.00e+00	2.85e-29	6.93e-25	6.06e-21	1.90e-17	2.75e-14	1.95e-11	1.00e-08	3.73e-06	2.57e-03	8.93e-02	9.08e-01
 1.35368e+22	0.00e+00	0.00e+00	0.00e+00	0.00e+00	0.00e+00	0.00e+00	4.24e-29	9.91e-25	8.33e-21	2.50e-17	3.49e-14	2.39e-11	1.18e-08	4.20e-06	2.78e-03	9.26e-02	9.05e-01
 1.39487e+22	0.00e+00	0.00e+00	0.00e+00	0.00e+00	0.00e+00	0.00e+00	7.04e-29	1.56e-24	1.25e-20	3.57e-17	4.74e-14	3.08e-11	1.44e-08	4.88e-06	3.06e-03	9.70e-02	9.00e-01
 1.43758e+22	0.00e+00	0.00e+00	0.00e+00	0.00e+00	0.00e+00	0.00e+00	1.20e-28	2.54e-24	1.92e-20	5.21e-17	6.55e-14	4.04e-11	1.78e-08	5.73e-06	3.40e-03	1.02e-01	8.95e-01
 1.47225e+22	0.00e+00	0.00e+00	0.00e+00	0.00e+00	0.00e+00	0.00e+00	1.83e-28	3.70e-24	2.69e-20	6.99e-17	8.45e-14	4.99e-11	2.11e-08	6.49e-06	3.69e-03	1.06e-01	8.90e-01
 1.50269e+22	0.00e+00	0.00e+00	0.00e+00	0.00e+00	0.00e+00	0.00e+00	2.66e-28	5.17e-24	3.62e-20	9.07e-17	1.06e-13	6.02e-11	2.45e-08	7.25e-06	3.96e-03	1.09e-01	8.87e-01
 1.53761e+22	0.00e+00	0.00e+00	0.00e+00	0.00e+00	0.00e+00	0.00e+00	3.97e-28	7.43e-24	4.99e-20	1.20e-16	1.35e-13	7.37e-11	2.87e-08	8.17e-06	4.28e-03	1.13e-01	8.82e-01
 1.58302e+22	0.00e+00	0.00e+00	0.00e+00	0.00e+00	0.00e+00	0.00e+00	6.60e-28	1.17e-23	7.49e-20	1.72e-16	1.83e-13	9.53e-11	3.52e-08	9.50e-06	4.72e-03	1.19e-01	8.77e-01
 1.62983e+22	0.00e+00	0.00e+00	0.00e+00	0.00e+00	0.00e+00	0.00e+00	1.14e-27	1.91e-23	1.16e-19	2.51e-16	2.54e-13	1.25e-10	4.37e-08	1.12e-05	5.24e-03	1.25e-01	8.70e-01
 1.66721e+22	0.00e+00	0.00e+00	0.00e+00	0.00e+00	0.00e+00	0.00e+00	1.72e-27	2.78e-23	1.61e-19	3.36e-16	3.27e-13	1.55e-10	5.17e-08	1.26e-05	5.68e-03	1.29e-01	8.65e-01
 1.69733e+22	0.00e+00	0.00e+00	0.00e+00	0.00e+00	0.00e+00	0.00e+00	2.42e-27	3.77e-23	2.12e-19	4.27e-16	4.02e-13	1.84e-10	5.92e-08	1.40e-05	6.07e-03	1.33e-01	8.61e-01
 1.72932e+22	0.00e+00	0.00e+00	0.00e+00	0.00e+00	0.00e+00	0.00e+00	3.38e-27	5.11e-23	2.77e-19	5.40e-16	4.92e-13	2.18e-10	6.77e-08	1.55e-05	6.47e-03	1.37e-01	8.56e-01
 1.77091e+22	0.00e+00	0.00e+00	0.00e+00	0.00e+00	0.00e+00	0.00e+00	5.20e-27	7.52e-23	3.91e-19	7.31e-16	6.39e-13	2.71e-10	8.05e-08	1.76e-05	7.02e-03	1.43e-01	8.50e-01
 1.81419e+22	0.00e+00	0.00e+00	0.00e+00	0.00e+00	0.00e+00	0.00e+00	8.25e-27	1.14e-22	5.66e-19	1.01e-15	8.46e-13	3.43e-10	9.69e-08	2.02e-05	7.68e-03	1.48e-01	8.44e-01
 1.84933e+22	0.00e+00	0.00e+00	0.00e+00	0.00e+00	0.00e+00	1.99e-31	1.18e-26	1.58e-22	7.57e-19	1.31e-15	1.05e-12	4.13e-10	1.12e-07	2.25e-05	8.23e-03	1.53e-01	8.39e-01
 1.88469e+22	0.00e+00	0.00e+00	0.00e+00	0.00e+00	0.00e+00	2.94e-31	1.69e-26	2.18e-22	1.01e-18	1.68e-15	1.31e-12	4.95e-10	1.29e-07	2.50e-05	8.81e-03	1.58e-01	8.33e-01
 1.93065e+22	0.00e+00	0.00e+00	0.00e+00	0.00e+00	0.00e+00	4.84e-31	2.66e-26	3.28e-22	1.45e-18	2.31e-15	1.73e-12	6.24e-10	1.55e-07	2.86e-05	9.60e-03	1.64e-01	8.26e-01
 1.97666e+22	0.00e+00	0.00e+00	0.00e+00	0.00e+00	0.00e+00	7.98e-31	4.20e-26	4.94e-22	2.09e-18	3.18e-15	2.28e-12	7.88e-10	1.86e-07	3.28e-05	1.05e-02	1.71e-01	8.19e-01
 2.01221e+22	0.00e+00	0.00e+00	0.00e+00	0.00e+00	0.00e+00	1.16e-30	5.93e-26	6.74e-22	2.76e-18	4.06e-15	2.81e-12	9.40e-10	2.14e-07	3.63e-05	1.12e-02	1.76e-01	8.13e-01
 2.04792e+22	0.00e+00	0.00e+00	0.00e+00	0.00e+00	0.00e+00	1.68e-30	8.31e-26	9.14e-22	3.61e-18	5.15e-15	3.45e-12	1.12e-09	2.45e-07	4.02e-05	1.19e-02	1.81e-01	8.07e-01
 2.08717e+22	0.00e+00	0.00e+00	0.00e+00	0.00e+00	0.00e+00	2.52e-30	1.20e-25	1.27e-21	4.86e-18	6.68e-15	4.33e-12	1.35e-09	2.85e-07	4.48e-05	1.28e-02	1.86e-01	8.01e-01
 2.12266e+22	0.00e+00	0.00e+00	0.00e+00	0.00e+00	0.00e+00	3.63e-30	1.67e-25	1.72e-21	6.34e-18	8.45e-15	5.30e-12	1.60e-09	3.26e-07	4.95e-05	1.36e-02	1.92e-01	7.95e-01
 2.15510e+22	0.00e+00	0.00e+00	0.00e+00	0.00e+00	0.00e+00	5.00e-30	2.24e-25	2.24e-21	8.03e-18	1.04e-14	6.34e-12	1.86e-09	3.67e-07	5.40e-05	1.44e-02	1.96e-01	7.89e-01
 2.19192e+22	0.00e+00	0.00e+00	0.00e+00	0.00e+00	0.00e+00	7.19e-30	3.12e-25	3.02e-21	1.05e-17	1.31e-14	7.77e-12	2.21e-09	4.19e-07	5.97e-05	1.53e-02	2.02e-01	7.83e-01
 2.23341e+22	0.00e+00	0.00e+00	0.00e+00	0.00e+00	0.00e+00	1.08e-29	4.51e-25	4.21e-21	1.41e-17	1.71e-14	9.75e-12	2.67e-09	4.87e-07	6.66e-05	1.64e-02	2.08e-01	7.76e-01
 2.27247e+22	0.00e+00	0.00e+00	0.00e+00	0.00e+00	0.00e+00	1.57e-29	6.36e-25	5.74e-21	1.86e-17	2.18e-14	1.20e-11	3.19e-09	5.59e-07	7.38e-05	1.75e-02	2.14e-01	7.69e-01
 2.30878e+22	0.00e+00	0.00e+00	0.00e+00	0.00e+00	0.00e+00	2.21e-29	8.71e-25	7.62e-21	2.39e-17	2.72e-14	1.46e-11	3.75e-09	6.35e-07	8.11e-05	1.86e-02	2.19e-01	7.62e-01
 2.34998e+22	0.00e+00	0.00e+00	0.00e+00	0.00e+00	0.00e+00	3.20e-29	1.22e-24	1.04e-20	3.15e-17	3.46e-14	1.80e-11	4.47e-09	7.29e-07	8.97e-05	1.98e-02	2.25e-01	7.55e-01
 2.39504e+22	0.00e+00	0.00e+00	0.00e+00	0.00e+00	0.00e+00	4.88e-29	1.80e-24	1.47e-20	4.30e-17	4.55e-14	2.29e-11	5.48e-09	8.54e-07	1.01e-04	2.13e-02	2.32e-01	7.47e-01
 2.43440e+22	0.00e+00	0.00e+00	0.00e+00	0.00e+00	0.00e+00	6.98e-29	2.50e-24	1.98e-20	5.60e-17	5.75e-14	2.80e-11	6.49e-09	9.76e-07	1.11e-04	2.27e-02	2.38e-01	7.39e-01
 2.46927e+22	0.00e+00	0.00e+00	0.00e+00	0.00e+00	0.00e+00	9.55e-29	3.33e-24	2.56e-20	7.06e-17	7.05e-14	3.35e-11	7.54e-09	1.10e-06	1.21e-04	2.39e-02	2.43e-01	7.33e-01
 2.50901e+22	0.00e+00	0.00e+00	0.00e+00	0.00e+00	0.00e+00	1.34e-28	4.53e-24	3.38e-20	9.06e-17	8.78e-14	4.05e-11	8.86e-09	1.24e-06	1.33e-04	2.53e-02	2.49e-01	7.25e-01
 2.56067e+22	0.00e+00	0.00e+00	0.00e+00	0.00e+00	0.00e+00	2.09e-28	6.83e-24	4.90e-20	1.26e-16	1.18e-13	5.23e-11	1.10e-08	1.47e-06	1.50e-04	2.74e-02	2.57e-01	7.16e-01
 2.61094e+22	0.00e+00	0.00e+00	0.00e+00	0.00e+00	0.00e+00	3.23e-28	1.02e-23	7.03e-20	1.74e-16	1.56e-13	6.70e-11	1.35e-08	1.73e-06	1.69e-04	2.95e-02	2.65e-01	7.06e-01
 2.64806e+22	0.00e+00	0.00e+00	0.00e+00	0.00e+00	0.00e+00	4.41e-28	1.35e-23	9.11e-20	2.20e-16	1.92e-13	8.01e-11	1.57e-08	1.95e-06	1.85e-04	3.11e-02	2.70e-01	6.98e-01
 2.68496e+22	0.00e+00	0.00e+00	0.00e+00	0.00e+00	0.00e+00	5.95e-28	1.78e-23	1.17e-19	2.75e-16	2.34e-13	9.52e-11	1.82e-08	2.18e-06	2.00e-04	3.27e-02	2.76e-01	6.91e-01
 2.73293e+22	0.00e+00	0.00e+00	0.00e+00	0.00e+00	0.00e+00	8.74e-28	2.54e-23	1.61e-19	3.66e-16	3.01e-13	1.19e-10	2.19e-08	2.52e-06	2.23e-04	3.49e-02	2.83e-01	6.82e-01
 2.78409e+22	0.00e+00	0.00e+00	0.00e+00	0.00e+00	0.00e+00	1.32e-27	3.70e-23	2.27e-19	4.98e-16	3.95e-13	1.50e-10	2.68e-08	2.95e-06	2.50e-04	3.74e-02	2.91e-01	6.72e-01
 2.82822e+22	0.00e+00	0.00e+00	0.00e+00	0.00e+00	0.00e+00	1.87e-27	5.12e-23	3.05e-19	6.48e-16	4.99e-13	1.85e-10	3.18e-08	3.37e-06	2.75e-04	3.97e-02	2.97e-01	6.63e-01
 2.86818e+22	0.00e+00	0.00e+00	0.00e+00	0.00e+00	0.00e+00	2.54e-27	6.76e-23	3.92e-19	8.13e-16	6.10e-13	2.20e-10	3.69e-08	3.78e-06	2.99e-04	4.18e-02	3.03e-01	6.55e-01
 2.91388e+22	0.00e+00	0.00e+00	0.00e+00	0.00e+00	0.00e+00	3.57e-27	9.27e-23	5.22e-19	1.05e-15	7.65e-13	2.68e-10	4.36e-08	4.30e-06	3.29e-04	4.43e-02	3.10e-01	6.46e-01
 2.96448e+22	0.00e+00	0.00e+00	0.00e+00	0.00e+00	0.00e+00	5.21e-27	1.31e-22	7.17e-19	1.40e-15	9.84e-13	3.34e-10	5.25e-08	4.97e-06	3.65e-04	4.71e-02	3.17e-01	6.35e-01
 3.01075e+22	0.00e+00	0.00e+00	0.00e+00	0.00e+00	2.46e-31	7.32e-27	1.80e-22	9.54e-19	1.81e-15	1.24e-12	4.08e-10	6.21e-08	5.66e-06	4.01e-04	4.99e-02	3.24e-01	6.26e-01
 3.05323e+22	0.00e+00	0.00e+00	0.00e+00	0.00e+00	3.47e-31	9.94e-27	2.39e-22	1.23e-18	2.28e-15	1.52e-12	4.88e-10	7.22e-08	6.36e-06	4.36e-04	5.25e-02	3.30e-01	6.17e-01
 3.10148e+22	0.00e+00	0.00e+00	0.00e+00	0.00e+00	5.07e-31	1.39e-26	3.25e-22	1.64e-18	2.93e-15	1.90e-12	5.94e-10	8.52e-08	7.24e-06	4.78e-04	5.55e-02	3.36e-01	6.08e-01
 3.16422e+22	0.00e+00	0.00e+00	0.00e+00	0.00e+00	8.22e-31	2.13e-26	4.83e-22	2.35e-18	4.06e-15	2.53e-12	7.63e-10	1.05e-07	8.53e-06	5.38e-04	5.96e-02	3.45e-01	5.95e-01
 3.22736e+22	0.00e+00	0.00e+00	0.00e+00	0.00e+00	1.34e-30	3.29e-26	7.21e-22	3.38e-18	5.64e-15	3.38e-12	9.86e-10	1.31e-07	1.01e-05	6.06e-04	6.40e-02	3.53e-01	5.82e-01
 3.27533e+22	0.00e+00	0.00e+00	0.00e+00	0.00e+00	1.94e-30	4.56e-26	9.77e-22	4.46e-18	7.23e-15	4.22e-12	1.20e-09	1.54e-07	1.14e-05	6.64e-04	6.75e-02	3.59e-01	5.72e-01
 3.32198e+22	0.00e+00	0.00e+00	0.00e+00	0.00e+00	2.71e-30	6.11e-26	1.28e-21	5.71e-18	9.04e-15	5.14e-12	1.42e-09	1.78e-07	1.28e-05	7.19e-04	7.08e-02	3.65e-01	5.63e-01
 3.38262e+22	0.00e+00	0.00e+00	0.00e+00	0.00e+00	4.17e-30	8.93e-26	1.82e-21	7.88e-18	1.21e-14	6.65e-12	1.78e-09	2.15e-07	1.48e-05	7.98e-04	7.52e-02	3.72e-01	5.52e-01
 3.44528e+22	0.00e+00	0.00e+00	0.00e+00	0.00e+00	6.51e-30	1.32e-25	2.63e-21	1.10e-17	1.63e-14	8.68e-12	2.25e-09	2.62e-07	1.72e-05	8.88e-04	8.01e-02	3.80e-01	5.39e-01
 3.49653e+22	0.00e+00	0.00e+00	0.00e+00	0.00e+00	9.35e-30	1.82e-25	3.54e-21	1.44e-17	2.09e-14	1.08e-11	2.73e-09	3.08e-07	1.95e-05	9.70e-04	8.44e-02	3.86e-01	5.29e-01
 3.54908e+22	0.00e+00	0.00e+00	0.00e+00	0.00e+00	1.32e-29	2.47e-25	4.69e-21	1.87e-17	2.63e-14	1.32e-11	3.26e-09	3.58e-07	2.19e-05	1.05e-03	8.85e-02	3.91e-01	5.19e-01
 3.61741e+22	0.00e+00	0.00e+00	0.00e+00	0.00e+00	2.05e-29	3.64e-25	6.73e-21	2.60e-17	3.55e-14	1.73e-11	4.12e-09	4.35e-07	2.54e-05	1.17e-03	9.41e-02	3.98e-01	5.06e-01
 3.68730e+22	0.00e+00	0.00e+00	0.00e+00	0.00e+00	3.23e-29	5.43e-25	9.79e-21	3.66e-17	4.84e-14	2.27e-11	5.23e-09	5.32e-07	2.97e-05	1.30e-03	1.00e-01	4.06e-01	4.93e-01
 3.74225e+22	0.00e+00	0.00e+00	0.00e+00	0.00e+00	4.59e-29	7.40e-25	1.31e-20	4.77e-17	6.14e-14	2.80e-11	6.30e-09	6.22e-07	3.34e-05	1.42e-03	1.05e-01	4.11e-01	4.83e-01
 3.79670e+22	0.00e+00	0.00e+00	0.00e+00	0.00e+00	6.37e-29	9.88e-25	1.71e-20	6.11e-17	7.67e-14	3.41e-11	7.48e-09	7.18e-07	3.73e-05	1.53e-03	1.10e-01	4.16e-01	4.73e-01
 3.86748e+22	0.00e+00	0.00e+00	0.00e+00	0.00e+00	9.67e-29	1.43e-24	2.41e-20	8.36e-17	1.02e-13	4.39e-11	9.32e-09	8.63e-07	4.30e-05	1.69e-03	1.16e-01	4.22e-01	4.61e-01
 3.94194e+22	0.00e+00	0.00e+00	0.00e+00	0.00e+00	1.50e-28	2.10e-24	3.46e-20	1.16e-16	1.37e-13	5.72e-11	1.17e-08	1.05e-06	4.98e-05	1.87e-03	1.23e-01	4.28e-01	4.48e-01
 4.00480e+22	0.00e+00	0.00e+00	0.00e+00	0.00e+00	2.17e-28	2.90e-24	4.67e-20	1.54e-16	1.76e-13	7.14e-11	1.43e-08	1.23e-06	5.64e-05	2.04e-03	1.29e-01	4.32e-01	4.37e-01
 4.07013e+22	0.00e+00	0.00e+00	0.00e+00	0.00e+00	3.08e-28	3.95e-24	6.24e-20	2.00e-16	2.24e-13	8.81e-11	1.71e-08	1.44e-06	6.33e-05	2.21e-03	1.35e-01	4.37e-01	4.26e-01
 4.15507e+22	0.00e+00	0.00e+00	0.00e+00	0.00e+00	4.83e-28	5.87e-24	9.04e-20	2.81e-16	3.05e-13	1.16e-10	2.17e-08	1.75e-06	7.36e-05	2.45e-03	1.43e-01	4.42e-01	4.13e-01
 4.24303e+22	0.00e+00	0.00e+00	0.00e+00	0.00e+00	7.71e-28	8.86e-24	1.33e-19	4.01e-16	4.19e-13	1.53e-10	2.78e-08	2.15e-06	8.60e-05	2.72e-03	1.51e-01	4.47e-01	3.98e-01
 4.31196e+22	0.00e+00	0.00e+00	0.00e+00	0.00e+00	1.10e-27	1.22e-23	1.79e-19	5.26e-16	5.36e-13	1.90e-10	3.35e-08	2.51e-06	9.68e-05	2.95e-03	1.58e-01	4.51e-01	3.88e-01
 4.36957e+22	0.00e+00	0.00e+00	0.00e+00	0.00e+00	1.47e-27	1.56e-23	2.27e-19	6.53e-16	6.52e-13	2.26e-10	3.90e-08	2.85e-06	1.06e-04	3.15e-03	1.64e-01	4.54e-01	3.79e-01
 4.43542e+22	0.00e+00	0.00e+00	0.00e+00	0.00e+00	2.02e-27	2.07e-23	2.95e-19	8.31e-16	8.10e-13	2.74e-10	4.61e-08	3.27e-06	1.18e-04	3.38e-03	1.70e-01	4.57e-01	3.70e-01
 4.52103e+22	0.00e+00	0.00e+00	0.00e+00	0.00e+00	3.02e-27	2.94e-23	4.10e-19	1.12e-15	1.06e-12	3.48e-10	5.68e-08	3.88e-06	1.35e-04	3.69e-03	1.78e-01	4.60e-01	3.58e-01
 4.61338e+22	0.00e+00	0.00e+00	0.00e+00	0.00e+00	4.64e-27	4.30e-23	5.85e-19	1.56e-15	1.43e-12	4.52e-10	7.11e-08	4.68e-06	1.55e-04	4.06e-03	1.88e-01	4.63e-01	3.45e-01
 4.69462e+22	0.00e+00	0.00e+00	0.00e+00	2.76e-31	6.73e-27	5.97e-23	7.95e-19	2.07e-15	1.84e-12	5.64e-10	8.63e-08	5.49e-06	1.75e-04	4.40e-03	1.96e-01	4.65e-01	3.34e-01
 4.76832e+22	0.00e+00	0.00e+00	0.00e+00	3.97e-31	9.32e-27	7.95e-23	1.04e-18	2.64e-15	2.30e-12	6.86e-10	1.02e-07	6.31e-06	1.94e-04	4.72e-03	2.03e-01	4.67e-01	3.25e-01
 4.85206e+22	0.00e+00	0.00e+00	0.00e+00	5.85e-31	1.32e-26	1.08e-22	1.39e-18	3.44e-15	2.91e-12	8.44e-10	1.22e-07	7.31e-06	2.17e-04	5.08e-03	2.11e-01	4.69e-01	3.15e-01
 4.96093e+22	0.00e+00	0.00e+00	0.00e+00	9.69e-31	2.07e-26	1.60e-22	2.01e-18	4.84e-15	3.97e-12	1.11e-09	1.54e-07	8.87e-06	2.51e-04	5.60e-03	2.22e-01	4.70e-01	3.02e-01
 5.06812e+22	0.00e+00	0.00e+00	0.00e+00	1.60e-30	3.23e-26	2.38e-22	2.91e-18	6.79e-15	5.39e-12	1.45e-09	1.95e-07	1.07e-05	2.89e-04	6.15e-03	2.33e-01	4.72e-01	2.89e-01
 5.14868e+22	0.00e+00	0.00e+00	0.00e+00	2.30e-30	4.46e-26	3.16e-22	3.80e-18	8.67e-15	6.71e-12	1.76e-09	2.30e-07	1.23e-05	3.20e-04	6.58e-03	2.41e-01	4.72e-01	2.80e-01
 5.22898e+22	0.00e+00	0.00e+00	0.00e+00	3.23e-30	6.05e-26	4.13e-22	4.89e-18	1.09e-14	8.26e-12	2.10e-09	2.69e-07	1.40e-05	3.53e-04	7.01e-03	2.49e-01	4.72e-01	2.72e-01
 5.33337e+22	0.00e+00	0.00e+00	0.00e+00	4.93e-30	8.83e-26	5.76e-22	6.69e-18	1.45e-14	1.07e-11	2.63e-09	3.26e-07	1.64e-05	3.97e-04	7.57e-03	2.58e-01	4.72e-01	2.62e-01
 5.44989e+22	0.00e+00	0.00e+00	0.00e+00	8.03e-30	1.36e-25	8.45e-22	9.59e-18	2.03e-14	1.44e-11	3.42e-09	4.09e-07	1.97e-05	4.55e-04	8.28e-03	2.70e-01	4.72e-01	2.50e-01
 5.55498e+22	0.00e+00	0.00e+00	0.00e+00	1.23e-29	2.00e-25	1.18e-21	1.31e-17	2.70e-14	1.87e-11	4.29e-09	4.97e-07	2.31e-05	5.12e-04	8.94e-03	2.80e-01	4.71e-01	2.40e-01
 5.64825e+22	0.00e+00	0.00e+00	0.00e+00	1.77e-29	2.76e-25	1.57e-21	1.72e-17	3.46e-14	2.33e-11	5.21e-09	5.86e-07	2.64e-05	5.66e-04	9.54e-03	2.89e-01	4.70e-01	2.32e-01
 5.75337e+22	0.00e+00	0.00e+00	0.00e+00	2.62e-29	3.91e-25	2.13e-21	2.30e-17	4.51e-14	2.96e-11	6.41e-09	7.00e-07	3.05e-05	6.31e-04	1.02e-02	2.98e-01	4.68e-01	2.23e-01
 5.89001e+22	0.00e+00	0.00e+00	0.00e+00	4.25e-29	6.03e-25	3.12e-21	3.29e-17	6.26e-14	3.97e-11	8.30e-09	8.73e-07	3.65e-05	7.20e-04	1.11e-02	3.10e-01	4.66e-01	2.12e-01
 6.02760e+22	0.00e+00	0.00e+00	0.00e+00	7.06e-29	9.48e-25	4.65e-21	4.78e-17	8.84e-14	5.42e-11	1.09e-08	1.10e-06	4.40e-05	8.27e-04	1.22e-02	3.23e-01	4.63e-01	2.01e-01
 6.13340e+22	0.00e+00	0.00e+00	0.00e+00	1.03e-28	1.32e-24	6.24e-21	6.31e-17	1.14e-13	6.80e-11	1.32e-08	1.30e-06	5.05e-05	9.15e-04	1.30e-02	3.33e-01	4.60e-01	1.93e-01
 6.23790e+22	0.00e+00	0.00e+00	0.00e+00	1.45e-28	1.80e-24	8.17e-21	8.14e-17	1.44e-13	8.39e-11	1.59e-08	1.52e-06	5.73e-05	1.00e-03	1.37e-02	3.42e-01	4.57e-01	1.86e-01
 6.37377e+22	0.00e+00	0.00e+00	0.00e+00	2.25e-28	2.66e-24	1.15e-20	1.13e-16	1.94e-13	1.10e-10	2.01e-08	1.86e-06	6.73e-05	1.13e-03	1.48e-02	3.53e-01	4.54e-01	1.77e-01
 6.52126e+22	0.00e+00	0.00e+00	0.00e+00	3.62e-28	4.07e-24	1.68e-20	1.60e-16	2.68e-13	1.47e-10	2.58e-08	2.30e-06	8.00e-05	1.28e-03	1.60e-02	3.65e-01	4.49e-01	1.68e-01
 6.65081e+22	0.00e+00	0.00e+00	0.00e+00	5.46e-28	5.88e-24	2.31e-20	2.18e-16	3.54e-13	1.88e-10	3.21e-08	2.77e-06	9.29e-05	1.43e-03	1.72e-02	3.76e-01	4.45e-01	1.60e-01
 6.76835e+22	0.00e+00	0.00e+00	0.00e+00	7.80e-28	8.07e-24	3.05e-20	2.83e-16	4.51e-13	2.34e-10	3.87e-08	3.25e-06	1.06e-04	1.57e-03	1.82e-02	3.86e-01	4.41e-01	1.54e-01
 6.90334e+22	0.00e+00	0.00e+00	0.00e+00	1.15e-27	1.14e-23	4.14e-20	3.77e-16	5.87e-13	2.96e-10	4.76e-08	3.87e-06	1.22e-04	1.74e-03	1.94e-02	3.96e-01	4.36e-01	1.47e-01
 7.07884e+22	0.00e+00	0.00e+00	0.00e+00	1.85e-27	1.75e-23	6.02e-20	5.38e-16	8.11e-13	3.96e-10	6.11e-08	4.79e-06	1.44e-04	1.97e-03	2.09e-02	4.08e-01	4.30e-01	1.38e-01
 7.26466e+22	0.00e+00	0.00e+00	0.00e+00	3.16e-27	2.80e-23	9.11e-20	7.98e-16	1.17e-12	5.49e-10	8.11e-08	6.09e-06	1.75e-04	2.27e-03	2.28e-02	4.22e-01	4.23e-01	1.29e-01
 7.40621e+22	0.00e+00	0.00e+00	0.00e+00	4.72e-27	4.01e-23	1.25e-19	1.07e-15	1.53e-12	7.01e-10	1.00e-07	7.28e-06	2.02e-04	2.51e-03	2.42e-02	4.33e-01	4.17e-01	1.23e-01
 7.50998e+22	0.00e+00	0.00e+00	3.73e-31	6.22e-27	5.12e-23	1.55e-19	1.32e-15	1.85e-12	8.29e-10	1.16e-07	8.23e-06	2.23e-04	2.70e-03	2.53e-02	4.40e-01	4.13e-01	1.18e-01
 7.62232e+22	0.00e+00	0.00e+00	5.11e-31	8.25e-27	6.59e-23	1.93e-19	1.62e-15	2.24e-12	9.85e-10	1.34e-07	9.34e-06	2.46e-04	2.90e-03	2.64e-02	4.47e-01	4.09e-01	1.14e-01
 7.76837e+22	0.00e+00	0.00e+00	7.60e-31	1.18e-26	9.05e-23	2.54e-19	2.12e-15	2.86e-12	1.23e-09	1.62e-07	1.10e-05	2.80e-04	3.18e-03	2.79e-02	4.56e-01	4.03e-01	1.09e-01
 7.95822e+22	0.00e+00	0.00e+00	1.24e-30	1.84e-26	1.34e-22	3.58e-19	2.94e-15	3.86e-12	1.61e-09	2.05e-07	1.33e-05	3.28e-04	3.56e-03	2.99e-02	4.68e-01	3.96e-01	1.02e-01
 8.15403e+22	0.00e+00	0.00e+00	2.12e-30	2.97e-26	2.06e-22	5.21e-19	4.20e-15	5.36e-12	2.16e-09	2.64e-07	1.65e-05	3.89e-04	4.03e-03	3.21e-02	4.80e-01	3.88e-01	9.57e-02
 8.30948e+22	0.00e+00	0.00e+00	3.20e-30	4.30e-26	2.85e-22	6.93e-19	5.52e-15	6.90e-12	2.70e-09	3.21e-07	1.95e-05	4.43e-04	4.43e-03	3.39e-02	4.89e-01	3.81e-01	9.08e-02
 8.43304e+22	0.00e+00	0.00e+00	4.33e-30	5.66e-26	3.64e-22	8.57e-19	6.77e-15	8.32e-12	3.19e-09	3.71e-07	2.20e-05	4.88e-04	4.74e-03	3.53e-02	4.96e-01	3.76e-01	8.74e-02
 8.56324e+22	0.00e+00	0.00e+00	6.02e-30	7.59e-26	4.72e-22	1.07e-18	8.41e-15	1.02e-11	3.83e-09	4.34e-07	2.51e-05	5.42e-04	5.11e-03	3.69e-02	5.03e-01	3.71e-01	8.36e-02
 8.73249e+22	0.00e+00	0.00e+00	8.84e-30	1.07e-25	6.41e-22	1.40e-18	1.09e-14	1.29e-11	4.73e-09	5.20e-07	2.93e-05	6.12e-04	5.57e-03	3.88e-02	5.11e-01	3.64e-01	7.95e-02
 8.91721e+22	0.00e+00	0.00e+00	1.37e-29	1.59e-25	9.08e-22	1.90e-18	1.46e-14	1.68e-11	6.02e-09	6.40e-07	3.48e-05	7.03e-04	6.15e-03	4.11e-02	5.20e-01	3.57e-01	7.49e-02
 9.07843e+22	0.00e+00	0.00e+00	2.00e-29	2.23e-25	1.23e-21	2.46e-18	1.87e-14	2.13e-11	7.42e-09	7.66e-07	4.05e-05	7.92e-04	6.69e-03	4.31e-02	5.28e-01	3.50e-01	7.11e-02
 9.21999e+22	0.00e+00	0.00e+00	2.75e-29	2.97e-25	1.58e-21	3.07e-18	2.32e-14	2.59e-11	8.86e-09	8.92e-07	4.60e-05	8.76e-04	7.19e-03	4.49e-02	5.34e-01	3.45e-01	6.80e-02
 9.35676e+22	0.00e+00	0.00e+00	3.69e-29	3.87e-25	1.99e-21	3.76e-18	2.82e-14	3.10e-11	1.04e-08	1.02e-06	5.17e-05	9.61e-04	7.67e-03	4.66e-02	5.40e-01	3.39e-01	6.53e-02
 9.51172e+22	0.00e+00	0.00e+00	5.12e-29	5.18e-25	2.58e-21	4.69e-18	3.50e-14	3.79e-11	1.25e-08	1.20e-06	5.89e-05	1.07e-03	8.25e-03	4.86e-02	5.46e-01	3.33e-01	6.23e-02
 9.68360e+22	0.00e+00	0.00e+00	7.29e-29	7.11e-25	3.41e-21	5.98e-18	4.43e-14	4.71e-11	1.52e-08	1.41e-06	6.78e-05	1.19e-03	8.93e-03	5.07e-02	5.53e-01	3.27e-01	5.92e-02
 9.84318e+22	0.00e+00	0.00e+00	1.02e-28	9.59e-25	4.44e-21	7.51e-18	5.53e-14	5.78e-11	1.82e-08	1.66e-06	7.74e-05	1.32e-03	9.61e-03	5.29e-02	5.59e-01	3.21e-01	5.64e-02
 9.99056e+22	0.00e+00	0.00e+00	1.37e-28	1.25e-24	5.61e-21	9.18e-18	6.73e-14	6.95e-11	2.15e-08	1.91e-06	8.72e-05	1.45e-03	1.03e-02	5.48e-02	5.64e-01	3.15e-01	5.39e-02
 1.01564e+23	0.00e+00	0.00e+00	1.87e-28	1.65e-24	7.17e-21	1.13e-17	8.29e-14	8.42e-11	2.55e-08	2.21e-06	9.87e-05	1.60e-03	1.10e-02	5.70e-02	5.70e-01	3.09e-01	5.14e-02
 1.03719e+23	0.00e+00	0.00e+00	2.72e-28	2.31e-24	9.62e-21	1.46e-17	1.06e-13	1.06e-10	3.14e-08	2.64e-06	1.14e-04	1.80e-03	1.19e-02	5.96e-02	5.76e-01	3.02e-01	4.86e-02
 1.05999e+23	0.00e+00	0.00e+00	4.20e-28	3.41e-24	1.35e-20	1.96e-17	1.42e-13	1.39e-10	4.00e-08	3.25e-06	1.36e-04	2.06e-03	1.31e-02	6.27e-02	5.83e-01	2.94e-01	4.54e-02
 1.07749e+23	0.00e+00	0.00e+00	5.91e-28	4.62e-24	1.77e-20	2.47e-17	1.78e-13	1.71e-10	4.83e-08	3.82e-06	1.56e-04	2.29e-03	1.41e-02	6.53e-02	5.88e-01	2.87e-01	4.31e-02
 1.09034e+23	0.00e+00	0.00e+00	7.45e-28	5.68e-24	2.12e-20	2.89e-17	2.08e-13	1.97e-10	5.49e-08	4.26e-06	1.71e-04	2.46e-03	1.49e-02	6.71e-02	5.91e-01	2.83e-01	4.15e-02
 1.10406e+23	0.00e+00	0.00e+00	9.37e-28	6.96e-24	2.54e-20	3.36e-17	2.42e-13	2.27e-10	6.24e-08	4.75e-06	1.87e-04	2.65e-03	1.56e-02	6.89e-02	5.94e-01	2.78e-01	4.00e-02
 1.12189e+23	0.00e+00	0.00e+00	1.25e-27	8.99e-24	3.17e-20	4.08e-17	2.92e-13	2.71e-10	7.31e-08	5.44e-06	2.09e-04	2.89e-03	1.66e-02	7.12e-02	5.98e-01	2.73e-01	3.82e-02
 1.14507e+23	0.00e+00	0.00e+00	1.77e-27	1.23e-23	4.17e-20	5.15e-17	3.69e-13	3.38e-10	8.90e-08	6.44e-06	2.41e-04	3.23e-03	1.79e-02	7.41e-02	6.03e-01	2.66e-01	3.60e-02
 1.16944e+23	0.00e+00	0.00e+00	2.68e-27	1.77e-23	5.75e-20	6.77e-17	4.85e-13	4.36e-10	1.12e-07	7.83e-06	2.84e-04	3.67e-03	1.96e-02	7.77e-02	6.07e-01	2.58e-01	3.36e-02
 1.18892e+23	0.00e+00	0.00e+00	3.71e-27	2.37e-23	7.40e-20	8.40e-17	6.02e-13	5.33e-10	1.34e-07	9.14e-06	3.23e-04	4.06e-03	2.10e-02	8.06e-02	6.11e-01	2.51e-01	3.18e-02
 1.20498e+23	0.00e+00	0.00e+00	4.82e-27	2.99e-23	9.05e-20	9.96e-17	7.15e-13	6.27e-10	1.56e-07	1.04e-05	3.58e-04	4.41e-03	2.22e-02	8.29e-02	6.14e-01	2.46e-01	3.04e-02
 1.22304e+23	0.00e+00	0.00e+00	6.19e-27	3.73e-23	1.10e-19	1.17e-16	8.44e-13	7.32e-10	1.79e-07	1.17e-05	3.95e-04	4.76e-03	2.35e-02	8.53e-02	6.16e-01	2.41e-01	2.91e-02
 1.24651e+23	0.00e+00	0.00e+00	8.42e-27	4.90e-23	1.39e-19	1.44e-16	1.03e-12	8.86e-10	2.12e-07	1.35e-05	4.46e-04	5.23e-03	2.50e-02	8.81e-02	6.18e-01	2.35e-01	2.76e-02
 1.27245e+23	0.00e+00	0.00e+00	1.22e-26	6.82e-23	1.86e-19	1.83e-16	1.32e-12	1.12e-09	2.61e-07	1.61e-05	5.17e-04	5.87e-03	2.71e-02	9.18e-02	6.21e-01	2.28e-01	2.58e-02
 1.29506e+23	0.00e+00	0.00e+00	1.71e-26	9.17e-23	2.40e-19	2.28e-16	1.65e-12	1.37e-09	3.15e-07	1.89e-05	5.90e-04	6.51e-03	2.91e-02	9.51e-02	6.23e-01	2.21e-01	2.43e-02
 1.31355e+23	0.00e+00	0.00e+00	2.24e-26	1.16e-22	2.95e-19	2.71e-16	1.97e-12	1.62e-09	3.66e-07	2.14e-05	6.56e-04	7.07e-03	3.08e-02	9.78e-02	6.24e-01	2.16e-01	2.31e-02
 1.33322e+23	0.00e+00	0.00e+00	2.81e-26	1.42e-22	3.52e-19	3.15e-16	2.29e-12	1.87e-09	4.16e-07	2.39e-05	7.17e-04	7.58e-03	3.23e-02	1.00e-01	6.25e-01	2.12e-01	2.21e-02
 1.35879e+23	0.00e+00	5.29e-31	3.76e-26	1.85e-22	4.40e-19	3.80e-16	2.78e-12	2.24e-09	4.89e-07	2.74e-05	8.04e-04	8.29e-03	3.43e-02	1.03e-01	6.26e-01	2.06e-01	2.09e-02
 1.39203e+23	0.00e+00	8.03e-31	5.47e-26	2.56e-22	5.84e-19	4.82e-16	3.54e-12	2.82e-09	6.03e-07	3.28e-05	9.32e-04	9.31e-03	3.71e-02	1.07e-01	6.27e-01	1.99e-01	1.95e-02
 1.42550e+23	0.00e+00	1.32e-30	8.55e-26	3.80e-22	8.20e-19	6.39e-16	4.75e-12	3.73e-09	7.75e-07	4.05e-05	1.11e-03	1.07e-02	4.07e-02	1.12e-01	6.27e-01	1.90e-01	1.78e-02
 1.44972e+23	0.00e+00	1.90e-30	1.18e-25	5.05e-22	1.05e-18	7.86e-16	5.86e-12	4.54e-09	9.27e-07	4.71e-05	1.26e-03	1.18e-02	4.35e-02	1.16e-01	6.27e-01	1.84e-01	1.67e-02
 1.46813e+23	0.00e+00	2.30e-30	1.40e-25	5.89e-22	1.20e-18	8.80e-16	6.57e-12	5.05e-09	1.02e-06	5.11e-05	1.35e-03	1.24e-02	4.50e-02	1.18e-01	6.27e-01	1.81e-01	1.61e-02
 1.48856e+23	0.00e+00	3.00e-30	1.78e-25	7.25e-22	1.43e-18	1.02e-15	7.66e-12	5.86e-09	1.17e-06	5.72e-05	1.48e-03	1.33e-02	4.73e-02	1.20e-01	6.26e-01	1.76e-01	1.54e-02
 1.51512e+23	0.00e+00	3.97e-30	2.28e-25	9.03e-22	1.73e-18	1.19e-15	9.00e-12	6.83e-09	1.34e-06	6.42e-05	1.63e-03	1.44e-02	4.98e-02	1.23e-01	6.25e-01	1.72e-01	1.46e-02
 1.54964e+23	0.00e+00	5.59e-30	3.10e-25	1.18e-21	2.18e-18	1.44e-15	1.10e-11	8.24e-09	1.59e-06	7.41e-05	1.83e-03	1.58e-02	5.29e-02	1.27e-01	6.23e-01	1.66e-01	1.37e-02
 1.59453e+23	0.00e+00	8.48e-30	4.50e-25	1.64e-21	2.88e-18	1.82e-15	1.39e-11	1.04e-08	1.95e-06	8.82e-05	2.11e-03	1.76e-02	5.70e-02	1.31e-01	6.21e-01	1.59e-01	1.26e-02
 1.64063e+23	0.00e+00	1.45e-29	7.29e-25	2.50e-21	4.14e-18	2.46e-15	1.90e-11	1.39e-08	2.54e-06	1.10e-04	2.54e-03	2.03e-02	6.27e-02	1.37e-01	6.16e-01	1.50e-01	1.13e-02
 1.67417e+23	0.00e+00	2.23e-29	1.07e-24	3.49e-21	5.50e-18	3.11e-15	2.42e-11	1.75e-08	3.13e-06	1.31e-04	2.94e-03	2.27e-02	6.76e-02	1.41e-01	6.12e-01	1.43e-01	1.04e-02
 1.69740e+23	0.00e+00	2.75e-29	1.29e-24	4.12e-21	6.36e-18	3.51e-15	2.73e-11	1.96e-08	3.47e-06	1.43e-04	3.14e-03	2.40e-02	6.99e-02	1.43e-01	6.10e-01	1.40e-01	9.98e-03
 1.72141e+23	0.00e+00	3.42e-29	1.56e-24	4.88e-21	7.34e-18	3.94e-15	3.08e-11	2.21e-08	3.86e-06	1.57e-04	3.39e-03	2.54e-02	7.27e-02	1.46e-01	6.07e-01	1.37e-01	9.53e-03
 1.75262e+23	0.00e+00	4.26e-29	1.90e-24	5.80e-21	8.51e-18	4.46e-15	3.48e-11	2.48e-08	4.29e-06	1.71e-04	3.64e-03	2.68e-02	7.54e-02	1.48e-01	6.04e-01	1.33e-01	9.11e-03
 1.79320e+23	0.00e+00	5.71e-29	2.47e-24	7.29e-21	1.03e-17	5.23e-15	4.09e-11	2.90e-08	4.94e-06	1.93e-04	4.01e-03	2.90e-02	7.92e-02	1.51e-01	6.00e-01	1.29e-01	8.56e-03
 1.84595e+23	0.00e+00	7.94e-29	3.31e-24	9.44e-21	1.29e-17	6.28e-15	4.92e-11	3.46e-08	5.79e-06	2.20e-04	4.47e-03	3.15e-02	8.37e-02	1.54e-01	5.94e-01	1.24e-01	7.97e-03
 1.91389e+23	0.00e+00	1.18e-28	4.72e-24	1.29e-20	1.68e-17	7.81e-15	6.12e-11	4.26e-08	6.99e-06	2.57e-04	5.08e-03	3.47e-02	8.92e-02	1.58e-01	5.88e-01	1.18e-01	7.31e-03
 1.98414e+23	0.00e+00	2.04e-28	7.68e-24	1.97e-20	2.42e-17	1.05e-14	8.22e-11	5.67e-08	9.04e-06	3.19e-04	6.06e-03	3.98e-02	9.74e-02	1.63e-01	5.77e-01	1.10e-01	6.47e-03
 2.03481e+23	0.00e+00	3.16e-28	1.14e-23	2.78e-20	3.25e-17	1.34e-14	1.04e-10	7.12e-08	1.11e-05	3.78e-04	6.95e-03	4.42e-02	1.04e-01	1.68e-01	5.68e-01	1.03e-01	5.85e-03
 2.06728e+23	0.00e+00	4.12e-28	1.44e-23	3.42e-20	3.87e-17	1.55e-14	1.20e-10	8.15e-08	1.25e-05	4.19e-04	7.55e-03	4.71e-02	1.09e-01	1.70e-01	5.61e-01	9.96e-02	5.50e-03
 2.09930e+23	0.00e+00	4.63e-28	1.60e-23	3.75e-20	4.19e-17	1.66e-14	1.28e-10	8.66e-08	1.32e-05	4.38e-04	7.83e-03	4.84e-02	1.10e-01	1.71e-01	5.59e-01	9.80e-02	5.35e-03
 2.14092e+23	0.00e+00	5.45e-28	1.85e-23	4.26e-20	4.66e-17	1.81e-14	1.39e-10	9.41e-08	1.43e-05	4.67e-04	8.24e-03	5.03e-02	1.13e-01	1.72e-01	5.55e-01	9.57e-02	5.14e-03
 2.19503e+23	0.00e+00	6.50e-28	2.16e-23	4.88e-20	5.25e-17	1.99e-14	1.53e-10	1.03e-07	1.55e-05	4.99e-04	8.69e-03	5.24e-02	1.16e-01	1.74e-01	5.50e-01	9.33e-02	4.93e-03
 2.26537e+23	0.00e+00	7.83e-28	2.56e-23	5.66e-20	5.96e-17	2.21e-14	1.69e-10	1.13e-07	1.68e-05	5.35e-04	9.19e-03	5.47e-02	1.19e-01	1.75e-01	5.45e-01	9.09e-02	4.72e-03
 2.34262e+23	0.00e+00	1.05e-27	3.34e-23	7.15e-20	7.27e-17	2.61e-14	1.97e-10	1.31e-07	1.93e-05	5.98e-04	1.00e-02	5.85e-02	1.24e-01	1.78e-01	5.37e-01	8.70e-02	4.39e-03
 2.41384e+23	0.00e+00	1.38e-27	4.24e-23	8.83e-20	8.72e-17	3.03e-14	2.27e-10	1.50e-07	2.17e-05	6.61e-04	1.09e-02	6.22e-02	1.29e-01	1.80e-01	5.30e-01	8.35e-02	4.10e-03
 2.47793e+23	0.00e+00	1.67e-27	5.04e-23	1.03e-19	9.95e-17	3.39e-14	2.51e-10	1.65e-07	2.37e-05	7.09e-04	1.15e-02	6.48e-02	1.33e-01	1.81e-01	5.24e-01	8.12e-02	3.92e-03
 2.53562e+23	0.00e+00	1.95e-27	5.80e-23	1.16e-19	1.11e-16	3.70e-14	2.72e-10	1.79e-07	2.54e-05	7.50e-04	1.20e-02	6.71e-02	1.35e-01	1.82e-01	5.20e-01	7.92e-02	3.77e-03
 2.58754e+23	0.00e+00	2.20e-27	6.46e-23	1.28e-19	1.20e-16	3.95e-14	2.89e-10	1.90e-07	2.68e-05	7.85e-04	1.25e-02	6.89e-02	1.38e-01	1.83e-01	5.16e-01	7.77e-02	3.65e-03
 2.63427e+23	0.00e+00	2.49e-27	7.20e-23	1.41e-19	1.30e-16	4.22e-14	3.08e-10	2.01e-07	2.82e-05	8.20e-04	1.29e-02	7.08e-02	1.40e-01	1.84e-01	5.12e-01	7.62e-02	3.54e-03
 2.67632e+23	0.00e+00	2.75e-27	7.89e-23	1.52e-19	1.39e-16	4.46e-14	3.24e-10	2.12e-07	2.95e-05	8.52e-04	1.33e-02	7.24e-02	1.42e-01	1.84e-01	5.09e-01	7.49e-02	3.44e-03
 2.71417e+23	0.00e+00	3.08e-27	8.72e-23	1.67e-19	1.50e-16	4.76e-14	3.43e-10	2.23e-07	3.10e-05	8.86e-04	1.37e-02	7.41e-02	1.44e-01	1.85e-01	5.05e-01	7.36e-02	3.35e-03
 2.74824e+23	0.00e+00	3.35e-27	9.41e-23	1.78e-19	1.59e-16	4.98e-14	3.58e-10	2.33e-07	3.22e-05	9.14e-04	1.41e-02	7.55e-02	1.45e-01	1.86e-01	5.03e-01	7.26e-02	3.27e-03
 2.77965e+23	0.00e+00	3.53e-27	9.84e-23	1.85e-19	1.64e-16	5.12e-14	3.67e-10	2.39e-07	3.29e-05	9.31e-04	1.43e-02	7.64e-02	1.46e-01	1.86e-01	5.01e-01	7.20e-02	3.23e-03
 2.81020e+23	0.00e+00	3.63e-27	1.01e-22	1.89e-19	1.67e-16	5.20e-14	3.73e-10	2.42e-07	3.33e-05	9.40e-04	1.44e-02	7.68e-02	1.47e-01	1.86e-01	5.00e-01	7.16e-02	3.20e-03
 2.84074e+23	0.00e+00	3.74e-27	1.04e-22	1.94e-19	1.71e-16	5.29e-14	3.78e-10	2.46e-07	3.38e-05	9.51e-04	1.45e-02	7.73e-02	1.48e-01	1.86e-01	4.99e-01	7.12e-02	3.18e-03
 2.87129e+23	0.00e+00	3.84e-27	1.06e-22	1.98e-19	1.74e-16	5.36e-14	3.83e-10	2.49e-07	3.42e-05	9.60e-04	1.46e-02	7.78e-02	1.48e-01	1.86e-01	4.98e-01	7.09e-02	3.16e-03
 2.90184e+23	0.00e+00	3.91e-27	1.08e-22	2.01e-19	1.76e-16	5.43e-14	3.87e-10	2.51e-07	3.45e-05	9.66e-04	1.47e-02	7.80e-02	1.48e-01	1.86e-01	4.98e-01	7.07e-02	3.14e-03
 2.93239e+23	0.00e+00	3.94e-27	1.09e-22	2.02e-19	1.77e-16	5.45e-14	3.89e-10	2.52e-07	3.46e-05	9.69e-04	1.47e-02	7.82e-02	1.48e-01	1.86e-01	4.97e-01	7.07e-02	3.14e-03
 2.96294e+23	0.00e+00	3.98e-27	1.10e-22	2.04e-19	1.78e-16	5.48e-14	3.91e-10	2.53e-07	3.47e-05	9.72e-04	1.48e-02	7.83e-02	1.49e-01	1.87e-01	4.97e-01	7.06e-02	3.13e-03
 2.99348e+23	0.00e+00	4.01e-27	1.10e-22	2.05e-19	1.79e-16	5.50e-14	3.92e-10	2.54e-07	3.48e-05	9.75e-04	1.48e-02	7.84e-02	1.49e-01	1.87e-01	4.97e-01	7.05e-02	3.12e-03
 3.02403e+23	0.00e+00	4.04e-27	1.11e-22	2.06e-19	1.80e-16	5.53e-14	3.94e-10	2.55e-07	3.49e-05	9.77e-04	1.48e-02	7.86e-02	1.49e-01	1.87e-01	4.97e-01	7.04e-02	3.12e-03
 3.04706e+23	0.00e+00	4.45e-27	1.21e-22	2.22e-19	1.92e-16	5.83e-14	4.13e-10	2.67e-07	3.64e-05	1.01e-03	1.53e-02	8.02e-02	1.51e-01	1.87e-01	4.93e-01	6.93e-02	3.04e-03
