#depth	Ne	Ne+	Ne+2	Ne+3	Ne+4	Ne+5	Ne+6	Ne+7	Ne+8	Ne+9	Ne+10
 6.17135e+19	0.00e+00	0.00e+00	0.00e+00	0.00e+00	0.00e+00	9.28e-27	1.44e-20	9.38e-15	6.45e-09	1.51e-04	1.00e+00
 1.87609e+20	0.00e+00	0.00e+00	0.00e+00	0.00e+00	0.00e+00	1.37e-26	1.96e-20	1.18e-14	7.54e-09	1.63e-04	1.00e+00
 3.18540e+20	0.00e+00	0.00e+00	0.00e+00	0.00e+00	0.00e+00	2.02e-26	2.68e-20	1.49e-14	8.81e-09	1.76e-04	1.00e+00
 4.54709e+20	0.00e+00	0.00e+00	0.00e+00	0.00e+00	0.00e+00	2.98e-26	3.66e-20	1.89e-14	1.03e-08	1.90e-04	1.00e+00
 5.96324e+20	0.00e+00	0.00e+00	0.00e+00	0.00e+00	0.00e+00	4.39e-26	4.98e-20	2.38e-14	1.20e-08	2.06e-04	1.00e+00
 7.43604e+20	0.00e+00	0.00e+00	0.00e+00	0.00e+00	0.00e+00	6.47e-26	6.79e-20	3.00e-14	1.40e-08	2.22e-04	1.00e+00
 8.96775e+20	0.00e+00	0.00e+00	0.00e+00	0.00e+00	3.43e-32	9.54e-26	9.26e-20	3.78e-14	1.64e-08	2.40e-04	1.00e+00
 1.05607e+21	0.00e+00	0.00e+00	0.00e+00	0.00e+00	5.46e-32	1.41e-25	1.26e-19	4.77e-14	1.91e-08	2.60e-04	1.00e+00
 1.22174e+21	0.00e+00	0.00e+00	0.00e+00	0.00e+00	8.71e-32	2.07e-25	1.72e-19	6.02e-14	2.23e-08	2.81e-04	1.00e+00
 1.39404e+21	0.00e+00	0.00e+00	0.00e+00	0.00e+00	1.39e-31	3.06e-25	2.35e-19	7.59e-14	2.61e-08	3.04e-04	1.00e+00
 1.55868e+21	0.00e+00	0.00e+00	0.00e+00	0.00e+00	2.13e-31	4.37e-25	3.12e-19	9.40e-14	3.01e-08	3.26e-04	1.00e+00
 1.70981e+21	0.00e+00	0.00e+00	0.00e+00	0.00e+00	3.12e-31	5.99e-25	4.02e-19	1.14e-13	3.41e-08	3.48e-04	1.00e+00
 1.88074e+21	0.00e+00	0.00e+00	0.00e+00	0.00e+00	4.72e-31	8.47e-25	5.30e-19	1.40e-13	3.92e-08	3.73e-04	1.00e+00
 2.07861e+21	0.00e+00	0.00e+00	0.00e+00	0.00e+00	7.51e-31	1.25e-24	7.21e-19	1.76e-13	4.57e-08	4.03e-04	1.00e+00
 2.26953e+21	0.00e+00	0.00e+00	0.00e+00	0.00e+00	1.16e-30	1.78e-24	9.60e-19	2.18e-13	5.28e-08	4.33e-04	1.00e+00
 2.44617e+21	0.00e+00	0.00e+00	0.00e+00	0.00e+00	1.70e-30	2.46e-24	1.24e-18	2.64e-13	6.00e-08	4.61e-04	1.00e+00
 2.64553e+21	0.00e+00	0.00e+00	0.00e+00	0.00e+00	2.59e-30	3.49e-24	1.64e-18	3.25e-13	6.90e-08	4.95e-04	1.00e+00
 2.86864e+21	0.00e+00	0.00e+00	0.00e+00	0.00e+00	4.07e-30	5.08e-24	2.21e-18	4.07e-13	8.02e-08	5.34e-04	9.99e-01
 3.08061e+21	0.00e+00	0.00e+00	0.00e+00	0.00e+00	6.17e-30	7.18e-24	2.92e-18	5.00e-13	9.21e-08	5.72e-04	9.99e-01
 3.30719e+21	0.00e+00	0.00e+00	0.00e+00	0.00e+00	9.47e-30	1.03e-23	3.87e-18	6.18e-13	1.06e-07	6.15e-04	9.99e-01
 3.55314e+21	0.00e+00	0.00e+00	0.00e+00	0.00e+00	1.48e-29	1.49e-23	5.22e-18	7.71e-13	1.23e-07	6.62e-04	9.99e-01
 3.78501e+21	0.00e+00	0.00e+00	0.00e+00	0.00e+00	2.23e-29	2.09e-23	6.83e-18	9.43e-13	1.41e-07	7.09e-04	9.99e-01
 4.03592e+21	0.00e+00	0.00e+00	0.00e+00	0.00e+00	3.41e-29	2.98e-23	9.06e-18	1.16e-12	1.62e-07	7.62e-04	9.99e-01
 4.31479e+21	0.00e+00	0.00e+00	0.00e+00	0.00e+00	5.39e-29	4.35e-23	1.23e-17	1.46e-12	1.89e-07	8.22e-04	9.99e-01
 4.57921e+21	0.00e+00	0.00e+00	0.00e+00	0.00e+00	8.19e-29	6.16e-23	1.61e-17	1.79e-12	2.17e-07	8.82e-04	9.99e-01
 4.86021e+21	0.00e+00	0.00e+00	0.00e+00	0.00e+00	1.26e-28	8.78e-23	2.14e-17	2.21e-12	2.50e-07	9.47e-04	9.99e-01
 5.16956e+21	0.00e+00	0.00e+00	0.00e+00	0.00e+00	1.98e-28	1.28e-22	2.89e-17	2.76e-12	2.91e-07	1.02e-03	9.99e-01
 5.43840e+21	0.00e+00	0.00e+00	0.00e+00	0.00e+00	2.90e-28	1.76e-22	3.72e-17	3.33e-12	3.30e-07	1.09e-03	9.99e-01
 5.66039e+21	0.00e+00	0.00e+00	0.00e+00	0.00e+00	3.94e-28	2.27e-22	4.55e-17	3.87e-12	3.65e-07	1.15e-03	9.99e-01
 5.90580e+21	0.00e+00	0.00e+00	0.00e+00	0.00e+00	5.49e-28	2.98e-22	5.66e-17	4.55e-12	4.08e-07	1.21e-03	9.99e-01
 6.22483e+21	0.00e+00	0.00e+00	0.00e+00	0.00e+00	8.33e-28	4.22e-22	7.44e-17	5.57e-12	4.68e-07	1.30e-03	9.99e-01
 6.55460e+21	0.00e+00	0.00e+00	0.00e+00	0.00e+00	1.26e-27	5.96e-22	9.79e-17	6.83e-12	5.37e-07	1.40e-03	9.99e-01
 6.82986e+21	0.00e+00	0.00e+00	0.00e+00	0.00e+00	1.77e-27	7.87e-22	1.22e-16	8.04e-12	6.00e-07	1.48e-03	9.99e-01
 7.11923e+21	0.00e+00	0.00e+00	0.00e+00	0.00e+00	2.50e-27	1.05e-21	1.53e-16	9.50e-12	6.72e-07	1.56e-03	9.98e-01
 7.49016e+21	0.00e+00	0.00e+00	0.00e+00	0.00e+00	3.85e-27	1.49e-21	2.03e-16	1.17e-11	7.74e-07	1.68e-03	9.98e-01
 7.86418e+21	0.00e+00	0.00e+00	0.00e+00	0.00e+00	5.85e-27	2.11e-21	2.66e-16	1.43e-11	8.89e-07	1.80e-03	9.98e-01
 8.17074e+21	0.00e+00	0.00e+00	0.00e+00	0.00e+00	8.15e-27	2.78e-21	3.31e-16	1.68e-11	9.91e-07	1.91e-03	9.98e-01
 8.49252e+21	0.00e+00	0.00e+00	0.00e+00	0.00e+00	1.15e-26	3.69e-21	4.13e-16	1.98e-11	1.11e-06	2.02e-03	9.98e-01
 8.90959e+21	0.00e+00	0.00e+00	0.00e+00	0.00e+00	1.76e-26	5.25e-21	5.46e-16	2.42e-11	1.28e-06	2.17e-03	9.98e-01
 9.33517e+21	0.00e+00	0.00e+00	0.00e+00	0.00e+00	2.69e-26	7.46e-21	7.19e-16	2.97e-11	1.47e-06	2.33e-03	9.98e-01
 9.65485e+21	0.00e+00	0.00e+00	0.00e+00	0.00e+00	3.68e-26	9.63e-21	8.79e-16	3.44e-11	1.62e-06	2.46e-03	9.98e-01
 9.91053e+21	0.00e+00	0.00e+00	0.00e+00	3.65e-32	4.70e-26	1.18e-20	1.03e-15	3.86e-11	1.76e-06	2.56e-03	9.97e-01
 1.02012e+22	0.00e+00	0.00e+00	0.00e+00	5.01e-32	6.15e-26	1.47e-20	1.23e-15	4.38e-11	1.92e-06	2.68e-03	9.97e-01
 1.05790e+22	0.00e+00	0.00e+00	0.00e+00	7.48e-32	8.65e-26	1.95e-20	1.53e-15	5.15e-11	2.15e-06	2.84e-03	9.97e-01
 1.09781e+22	0.00e+00	0.00e+00	0.00e+00	1.14e-31	1.24e-25	2.62e-20	1.92e-15	6.09e-11	2.41e-06	3.02e-03	9.97e-01
 1.13152e+22	0.00e+00	0.00e+00	0.00e+00	1.62e-31	1.66e-25	3.33e-20	2.32e-15	6.98e-11	2.66e-06	3.18e-03	9.97e-01
 1.16640e+22	0.00e+00	0.00e+00	0.00e+00	2.30e-31	2.24e-25	4.25e-20	2.81e-15	8.01e-11	2.92e-06	3.34e-03	9.97e-01
 1.21174e+22	0.00e+00	0.00e+00	0.00e+00	3.57e-31	3.25e-25	5.77e-20	3.57e-15	9.53e-11	3.30e-06	3.56e-03	9.96e-01
 1.25733e+22	0.00e+00	0.00e+00	0.00e+00	5.58e-31	4.74e-25	7.86e-20	4.53e-15	1.13e-10	3.73e-06	3.79e-03	9.96e-01
 1.29276e+22	0.00e+00	0.00e+00	0.00e+00	7.78e-31	6.28e-25	9.90e-20	5.42e-15	1.29e-10	4.08e-06	3.98e-03	9.96e-01
 1.32199e+22	0.00e+00	0.00e+00	0.00e+00	1.03e-30	7.96e-25	1.20e-19	6.29e-15	1.43e-10	4.41e-06	4.14e-03	9.96e-01
 1.35368e+22	0.00e+00	0.00e+00	0.00e+00	1.37e-30	1.01e-24	1.46e-19	7.33e-15	1.60e-10	4.76e-06	4.31e-03	9.96e-01
 1.39487e+22	0.00e+00	0.00e+00	0.00e+00	1.96e-30	1.37e-24	1.88e-19	8.91e-15	1.84e-10	5.26e-06	4.54e-03	9.95e-01
 1.43758e+22	0.00e+00	0.00e+00	0.00e+00	2.88e-30	1.90e-24	2.44e-19	1.09e-14	2.13e-10	5.83e-06	4.79e-03	9.95e-01
 1.47225e+22	0.00e+00	0.00e+00	0.00e+00	3.89e-30	2.45e-24	3.00e-19	1.28e-14	2.39e-10	6.33e-06	5.01e-03	9.95e-01
 1.50269e+22	0.00e+00	0.00e+00	0.00e+00	5.08e-30	3.06e-24	3.61e-19	1.47e-14	2.64e-10	6.80e-06	5.20e-03	9.95e-01
 1.53761e+22	0.00e+00	0.00e+00	0.00e+00	6.78e-30	3.91e-24	4.40e-19	1.72e-14	2.95e-10	7.36e-06	5.42e-03	9.95e-01
 1.58302e+22	0.00e+00	0.00e+00	0.00e+00	9.78e-30	5.33e-24	5.66e-19	2.09e-14	3.39e-10	8.13e-06	5.71e-03	9.94e-01
 1.62983e+22	0.00e+00	0.00e+00	0.00e+00	1.45e-29	7.41e-24	7.41e-19	2.57e-14	3.92e-10	9.03e-06	6.04e-03	9.94e-01
 1.66721e+22	0.00e+00	0.00e+00	0.00e+00	1.96e-29	9.55e-24	9.11e-19	3.01e-14	4.39e-10	9.80e-06	6.30e-03	9.94e-01
 1.69733e+22	0.00e+00	0.00e+00	0.00e+00	2.51e-29	1.18e-23	1.08e-18	3.43e-14	4.80e-10	1.05e-05	6.53e-03	9.93e-01
 1.72932e+22	0.00e+00	0.00e+00	0.00e+00	3.20e-29	1.45e-23	1.28e-18	3.90e-14	5.27e-10	1.12e-05	6.76e-03	9.93e-01
 1.77091e+22	0.00e+00	0.00e+00	0.00e+00	4.39e-29	1.88e-23	1.58e-18	4.60e-14	5.93e-10	1.22e-05	7.07e-03	9.93e-01
 1.81419e+22	0.00e+00	0.00e+00	0.00e+00	6.16e-29	2.51e-23	2.00e-18	5.49e-14	6.71e-10	1.33e-05	7.41e-03	9.93e-01
 1.84933e+22	0.00e+00	0.00e+00	0.00e+00	8.05e-29	3.14e-23	2.39e-18	6.32e-14	7.41e-10	1.43e-05	7.70e-03	9.92e-01
 1.88469e+22	0.00e+00	0.00e+00	0.00e+00	1.05e-28	3.92e-23	2.87e-18	7.25e-14	8.17e-10	1.54e-05	7.99e-03	9.92e-01
 1.93065e+22	0.00e+00	0.00e+00	0.00e+00	1.47e-28	5.20e-23	3.61e-18	8.65e-14	9.25e-10	1.68e-05	8.38e-03	9.92e-01
 1.97666e+22	0.00e+00	0.00e+00	0.00e+00	2.06e-28	6.92e-23	4.55e-18	1.03e-13	1.05e-09	1.84e-05	8.79e-03	9.91e-01
 2.01221e+22	0.00e+00	0.00e+00	0.00e+00	2.67e-28	8.61e-23	5.43e-18	1.18e-13	1.15e-09	1.97e-05	9.11e-03	9.91e-01
 2.04792e+22	0.00e+00	0.00e+00	0.00e+00	3.45e-28	1.07e-22	6.46e-18	1.35e-13	1.26e-09	2.11e-05	9.44e-03	9.91e-01
 2.08717e+22	0.00e+00	0.00e+00	0.00e+00	4.55e-28	1.35e-22	7.82e-18	1.56e-13	1.40e-09	2.27e-05	9.82e-03	9.90e-01
 2.12266e+22	0.00e+00	0.00e+00	0.00e+00	5.86e-28	1.67e-22	9.28e-18	1.78e-13	1.54e-09	2.43e-05	1.02e-02	9.90e-01
 2.15510e+22	0.00e+00	0.00e+00	0.00e+00	7.33e-28	2.01e-22	1.08e-17	2.00e-13	1.67e-09	2.58e-05	1.05e-02	9.89e-01
 2.19192e+22	0.00e+00	0.00e+00	0.00e+00	9.44e-28	2.49e-22	1.29e-17	2.28e-13	1.83e-09	2.76e-05	1.09e-02	9.89e-01
 2.23341e+22	0.00e+00	0.00e+00	0.00e+00	1.25e-27	3.16e-22	1.56e-17	2.65e-13	2.03e-09	2.98e-05	1.13e-02	9.89e-01
 2.27247e+22	0.00e+00	0.00e+00	0.00e+00	1.64e-27	3.95e-22	1.87e-17	3.04e-13	2.24e-09	3.19e-05	1.17e-02	9.88e-01
 2.30878e+22	0.00e+00	0.00e+00	0.00e+00	2.09e-27	4.85e-22	2.21e-17	3.45e-13	2.45e-09	3.41e-05	1.21e-02	9.88e-01
 2.34998e+22	0.00e+00	0.00e+00	0.00e+00	2.72e-27	6.06e-22	2.65e-17	3.97e-13	2.70e-09	3.65e-05	1.26e-02	9.87e-01
 2.39504e+22	0.00e+00	0.00e+00	0.00e+00	3.70e-27	7.85e-22	3.27e-17	4.65e-13	3.02e-09	3.96e-05	1.31e-02	9.87e-01
 2.43440e+22	0.00e+00	0.00e+00	0.00e+00	4.80e-27	9.76e-22	3.90e-17	5.33e-13	3.32e-09	4.24e-05	1.36e-02	9.86e-01
 2.46927e+22	0.00e+00	0.00e+00	0.00e+00	6.03e-27	1.18e-21	4.57e-17	6.01e-13	3.62e-09	4.51e-05	1.40e-02	9.86e-01
 2.50901e+22	0.00e+00	0.00e+00	0.00e+00	7.71e-27	1.46e-21	5.40e-17	6.84e-13	3.96e-09	4.81e-05	1.45e-02	9.85e-01
 2.56067e+22	0.00e+00	0.00e+00	0.00e+00	1.07e-26	1.92e-21	6.78e-17	8.14e-13	4.48e-09	5.25e-05	1.52e-02	9.85e-01
 2.61094e+22	0.00e+00	0.00e+00	0.00e+00	1.48e-26	2.53e-21	8.46e-17	9.64e-13	5.05e-09	5.71e-05	1.58e-02	9.84e-01
 2.64806e+22	0.00e+00	0.00e+00	0.00e+00	1.87e-26	3.08e-21	9.94e-17	1.09e-12	5.51e-09	6.08e-05	1.63e-02	9.84e-01
 2.68496e+22	0.00e+00	0.00e+00	0.00e+00	2.35e-26	3.73e-21	1.16e-16	1.23e-12	5.99e-09	6.45e-05	1.68e-02	9.83e-01
 2.73293e+22	0.00e+00	0.00e+00	0.00e+00	3.15e-26	4.77e-21	1.42e-16	1.43e-12	6.68e-09	6.96e-05	1.75e-02	9.82e-01
 2.78409e+22	0.00e+00	0.00e+00	4.64e-32	4.31e-26	6.21e-21	1.76e-16	1.69e-12	7.52e-09	7.56e-05	1.83e-02	9.82e-01
 2.82822e+22	0.00e+00	0.00e+00	6.38e-32	5.67e-26	7.82e-21	2.13e-16	1.95e-12	8.32e-09	8.12e-05	1.89e-02	9.81e-01
 2.86818e+22	0.00e+00	0.00e+00	8.35e-32	7.15e-26	9.52e-21	2.50e-16	2.21e-12	9.09e-09	8.64e-05	1.95e-02	9.80e-01
 2.91388e+22	0.00e+00	0.00e+00	1.14e-31	9.34e-26	1.19e-20	3.01e-16	2.55e-12	1.01e-08	9.26e-05	2.02e-02	9.80e-01
 2.96448e+22	0.00e+00	0.00e+00	1.61e-31	1.26e-25	1.53e-20	3.69e-16	2.98e-12	1.13e-08	1.00e-04	2.10e-02	9.79e-01
 3.01075e+22	0.00e+00	0.00e+00	2.19e-31	1.65e-25	1.93e-20	4.45e-16	3.45e-12	1.25e-08	1.07e-04	2.18e-02	9.78e-01
 3.05323e+22	0.00e+00	0.00e+00	2.91e-31	2.10e-25	2.37e-20	5.26e-16	3.92e-12	1.37e-08	1.14e-04	2.25e-02	9.77e-01
 3.10148e+22	0.00e+00	0.00e+00	3.97e-31	2.74e-25	2.97e-20	6.34e-16	4.53e-12	1.51e-08	1.23e-04	2.33e-02	9.77e-01
 3.16422e+22	0.00e+00	0.00e+00	5.91e-31	3.87e-25	3.97e-20	8.05e-16	5.45e-12	1.73e-08	1.34e-04	2.44e-02	9.75e-01
 3.22736e+22	0.00e+00	0.00e+00	8.88e-31	5.50e-25	5.35e-20	1.03e-15	6.57e-12	1.98e-08	1.47e-04	2.55e-02	9.74e-01
 3.27533e+22	0.00e+00	0.00e+00	1.21e-30	7.20e-25	6.71e-20	1.24e-15	7.59e-12	2.19e-08	1.58e-04	2.64e-02	9.73e-01
 3.32198e+22	0.00e+00	0.00e+00	1.60e-30	9.13e-25	8.21e-20	1.46e-15	8.64e-12	2.40e-08	1.68e-04	2.72e-02	9.73e-01
 3.38262e+22	0.00e+00	0.00e+00	2.29e-30	1.25e-24	1.07e-19	1.82e-15	1.02e-11	2.71e-08	1.82e-04	2.84e-02	9.71e-01
 3.44528e+22	0.00e+00	0.00e+00	3.34e-30	1.73e-24	1.41e-19	2.28e-15	1.22e-11	3.08e-08	1.99e-04	2.96e-02	9.70e-01
 3.49653e+22	0.00e+00	0.00e+00	4.55e-30	2.26e-24	1.77e-19	2.75e-15	1.41e-11	3.42e-08	2.13e-04	3.06e-02	9.69e-01
 3.54908e+22	0.00e+00	0.00e+00	6.07e-30	2.90e-24	2.19e-19	3.28e-15	1.61e-11	3.77e-08	2.27e-04	3.16e-02	9.68e-01
 3.61741e+22	0.00e+00	0.00e+00	8.84e-30	4.01e-24	2.89e-19	4.12e-15	1.93e-11	4.28e-08	2.48e-04	3.30e-02	9.67e-01
 3.68730e+22	0.00e+00	0.00e+00	1.30e-29	5.62e-24	3.84e-19	5.21e-15	2.31e-11	4.89e-08	2.70e-04	3.44e-02	9.65e-01
 3.74225e+22	0.00e+00	0.00e+00	1.76e-29	7.28e-24	4.79e-19	6.25e-15	2.66e-11	5.42e-08	2.89e-04	3.56e-02	9.64e-01
 3.79670e+22	0.00e+00	0.00e+00	2.33e-29	9.28e-24	5.89e-19	7.41e-15	3.04e-11	5.96e-08	3.08e-04	3.67e-02	9.63e-01
 3.86748e+22	0.00e+00	0.00e+00	3.33e-29	1.27e-23	7.67e-19	9.22e-15	3.60e-11	6.74e-08	3.35e-04	3.82e-02	9.61e-01
 3.94194e+22	0.00e+00	0.00e+00	4.85e-29	1.75e-23	1.01e-18	1.16e-14	4.31e-11	7.67e-08	3.64e-04	3.99e-02	9.60e-01
 4.00480e+22	0.00e+00	0.00e+00	6.67e-29	2.31e-23	1.28e-18	1.41e-14	5.01e-11	8.56e-08	3.92e-04	4.13e-02	9.58e-01
 4.07013e+22	0.00e+00	0.00e+00	9.00e-29	2.99e-23	1.60e-18	1.69e-14	5.78e-11	9.49e-08	4.19e-04	4.27e-02	9.57e-01
 4.15507e+22	0.00e+00	0.00e+00	1.32e-28	4.19e-23	2.12e-18	2.14e-14	6.95e-11	1.09e-07	4.58e-04	4.46e-02	9.55e-01
 4.24303e+22	0.00e+00	0.00e+00	1.98e-28	5.94e-23	2.86e-18	2.74e-14	8.43e-11	1.25e-07	5.02e-04	4.66e-02	9.53e-01
 4.31196e+22	0.00e+00	0.00e+00	2.70e-28	7.76e-23	3.59e-18	3.31e-14	9.77e-11	1.39e-07	5.39e-04	4.82e-02	9.51e-01
 4.36957e+22	0.00e+00	0.00e+00	3.46e-28	9.63e-23	4.32e-18	3.85e-14	1.10e-10	1.52e-07	5.71e-04	4.96e-02	9.50e-01
 4.43542e+22	0.00e+00	0.00e+00	4.54e-28	1.22e-22	5.29e-18	4.55e-14	1.25e-10	1.67e-07	6.07e-04	5.11e-02	9.48e-01
 4.52103e+22	0.00e+00	0.00e+00	6.40e-28	1.64e-22	6.82e-18	5.62e-14	1.48e-10	1.88e-07	6.57e-04	5.31e-02	9.46e-01
 4.61338e+22	0.00e+00	0.00e+00	9.29e-28	2.27e-22	8.98e-18	7.06e-14	1.77e-10	2.14e-07	7.16e-04	5.53e-02	9.44e-01
 4.69462e+22	0.00e+00	0.00e+00	1.28e-27	2.99e-22	1.14e-17	8.59e-14	2.06e-10	2.39e-07	7.70e-04	5.73e-02	9.42e-01
 4.76832e+22	0.00e+00	0.00e+00	1.69e-27	3.82e-22	1.40e-17	1.02e-13	2.36e-10	2.64e-07	8.21e-04	5.91e-02	9.40e-01
 4.85206e+22	0.00e+00	0.00e+00	2.27e-27	4.92e-22	1.74e-17	1.22e-13	2.72e-10	2.93e-07	8.79e-04	6.11e-02	9.38e-01
 4.96093e+22	0.00e+00	0.00e+00	3.35e-27	6.92e-22	2.33e-17	1.56e-13	3.28e-10	3.36e-07	9.61e-04	6.38e-02	9.35e-01
 5.06812e+22	0.00e+00	0.00e+00	4.93e-27	9.66e-22	3.09e-17	1.97e-13	3.95e-10	3.85e-07	1.05e-03	6.65e-02	9.32e-01
 5.14868e+22	0.00e+00	0.00e+00	6.50e-27	1.23e-21	3.80e-17	2.34e-13	4.52e-10	4.24e-07	1.12e-03	6.86e-02	9.30e-01
 5.22898e+22	0.00e+00	0.00e+00	8.44e-27	1.54e-21	4.61e-17	2.75e-13	5.13e-10	4.65e-07	1.19e-03	7.06e-02	9.28e-01
 5.33337e+22	0.00e+00	0.00e+00	1.16e-26	2.04e-21	5.85e-17	3.35e-13	5.99e-10	5.21e-07	1.28e-03	7.31e-02	9.26e-01
 5.44989e+22	0.00e+00	0.00e+00	1.70e-26	2.83e-21	7.76e-17	4.23e-13	7.19e-10	5.96e-07	1.40e-03	7.62e-02	9.22e-01
 5.55498e+22	0.00e+00	0.00e+00	2.36e-26	3.77e-21	9.90e-17	5.18e-13	8.43e-10	6.69e-07	1.51e-03	7.90e-02	9.19e-01
 5.64825e+22	0.00e+00	0.00e+00	3.12e-26	4.81e-21	1.22e-16	6.16e-13	9.66e-10	7.38e-07	1.61e-03	8.15e-02	9.17e-01
 5.75337e+22	0.00e+00	0.00e+00	4.21e-26	6.24e-21	1.52e-16	7.41e-13	1.12e-09	8.21e-07	1.72e-03	8.42e-02	9.14e-01
 5.89001e+22	0.00e+00	0.00e+00	6.12e-26	8.63e-21	2.01e-16	9.34e-13	1.34e-09	9.37e-07	1.88e-03	8.77e-02	9.10e-01
 6.02760e+22	0.00e+00	7.29e-32	9.05e-26	1.21e-20	2.69e-16	1.19e-12	1.62e-09	1.08e-06	2.05e-03	9.15e-02	9.06e-01
 6.13340e+22	0.00e+00	1.01e-31	1.21e-25	1.56e-20	3.34e-16	1.42e-12	1.86e-09	1.19e-06	2.19e-03	9.44e-02	9.03e-01
 6.23790e+22	0.00e+00	1.37e-31	1.58e-25	1.96e-20	4.06e-16	1.68e-12	2.12e-09	1.31e-06	2.33e-03	9.72e-02	9.00e-01
 6.37377e+22	0.00e+00	2.01e-31	2.21e-25	2.64e-20	5.23e-16	2.07e-12	2.50e-09	1.48e-06	2.52e-03	1.01e-01	8.97e-01
 6.52126e+22	0.00e+00	3.05e-31	3.20e-25	3.64e-20	6.88e-16	2.60e-12	2.99e-09	1.68e-06	2.74e-03	1.05e-01	8.92e-01
 6.65081e+22	0.00e+00	4.39e-31	4.41e-25	4.81e-20	8.73e-16	3.17e-12	3.49e-09	1.89e-06	2.95e-03	1.09e-01	8.88e-01
 6.76835e+22	0.00e+00	6.01e-31	5.81e-25	6.11e-20	1.07e-15	3.76e-12	3.99e-09	2.08e-06	3.14e-03	1.12e-01	8.85e-01
 6.90334e+22	0.00e+00	8.46e-31	7.86e-25	7.95e-20	1.34e-15	4.53e-12	4.63e-09	2.31e-06	3.37e-03	1.15e-01	8.81e-01
 7.07884e+22	0.00e+00	1.28e-30	1.14e-24	1.10e-19	1.77e-15	5.69e-12	5.53e-09	2.64e-06	3.67e-03	1.20e-01	8.76e-01
 7.26466e+22	0.00e+00	2.07e-30	1.73e-24	1.58e-19	2.42e-15	7.38e-12	6.79e-09	3.06e-06	4.03e-03	1.26e-01	8.70e-01
 7.40621e+22	0.00e+00	2.95e-30	2.37e-24	2.07e-19	3.05e-15	8.97e-12	7.91e-09	3.42e-06	4.33e-03	1.30e-01	8.66e-01
 7.50998e+22	0.00e+00	3.77e-30	2.94e-24	2.50e-19	3.59e-15	1.02e-11	8.78e-09	3.69e-06	4.55e-03	1.33e-01	8.63e-01
 7.62232e+22	0.00e+00	4.86e-30	3.67e-24	3.04e-19	4.23e-15	1.18e-11	9.79e-09	3.99e-06	4.79e-03	1.36e-01	8.59e-01
 7.76837e+22	0.00e+00	6.69e-30	4.87e-24	3.88e-19	5.22e-15	1.40e-11	1.12e-08	4.41e-06	5.10e-03	1.40e-01	8.55e-01
 7.95822e+22	0.00e+00	9.93e-30	6.90e-24	5.26e-19	6.77e-15	1.74e-11	1.33e-08	4.99e-06	5.52e-03	1.45e-01	8.50e-01
 8.15403e+22	0.00e+00	1.53e-29	1.01e-23	7.33e-19	9.00e-15	2.20e-11	1.60e-08	5.71e-06	6.02e-03	1.51e-01	8.43e-01
 8.30948e+22	0.00e+00	2.14e-29	1.36e-23	9.45e-19	1.12e-14	2.64e-11	1.85e-08	6.33e-06	6.43e-03	1.55e-01	8.38e-01
 8.43304e+22	0.00e+00	2.73e-29	1.68e-23	1.14e-18	1.32e-14	3.02e-11	2.05e-08	6.83e-06	6.75e-03	1.59e-01	8.34e-01
 8.56324e+22	0.00e+00	3.57e-29	2.13e-23	1.40e-18	1.57e-14	3.50e-11	2.30e-08	7.43e-06	7.12e-03	1.63e-01	8.30e-01
 8.73249e+22	0.00e+00	4.88e-29	2.81e-23	1.78e-18	1.93e-14	4.15e-11	2.63e-08	8.18e-06	7.58e-03	1.67e-01	8.25e-01
 8.91721e+22	0.00e+00	6.98e-29	3.85e-23	2.34e-18	2.44e-14	5.05e-11	3.07e-08	9.14e-06	8.13e-03	1.73e-01	8.19e-01
 9.07843e+22	0.00e+00	9.52e-29	5.06e-23	2.97e-18	2.99e-14	5.99e-11	3.50e-08	1.01e-05	8.65e-03	1.77e-01	8.14e-01
 9.21999e+22	0.00e+00	1.24e-28	6.39e-23	3.64e-18	3.55e-14	6.92e-11	3.92e-08	1.09e-05	9.11e-03	1.81e-01	8.09e-01
 9.35676e+22	0.00e+00	1.57e-28	7.89e-23	4.37e-18	4.16e-14	7.88e-11	4.35e-08	1.18e-05	9.55e-03	1.85e-01	8.05e-01
 9.51172e+22	0.00e+00	2.06e-28	1.00e-22	5.38e-18	4.97e-14	9.14e-11	4.88e-08	1.28e-05	1.01e-02	1.90e-01	8.00e-01
 9.68360e+22	0.00e+00	2.76e-28	1.29e-22	6.73e-18	6.02e-14	1.07e-10	5.53e-08	1.40e-05	1.07e-02	1.94e-01	7.95e-01
 9.84318e+22	0.00e+00	3.64e-28	1.65e-22	8.31e-18	7.22e-14	1.25e-10	6.23e-08	1.52e-05	1.12e-02	1.99e-01	7.90e-01
 9.99056e+22	0.00e+00	4.67e-28	2.05e-22	1.01e-17	8.50e-14	1.43e-10	6.93e-08	1.64e-05	1.18e-02	2.03e-01	7.85e-01
 1.01564e+23	0.00e+00	6.05e-28	2.58e-22	1.23e-17	1.01e-13	1.65e-10	7.74e-08	1.78e-05	1.24e-02	2.08e-01	7.80e-01
 1.03719e+23	0.00e+00	8.25e-28	3.40e-22	1.56e-17	1.24e-13	1.95e-10	8.84e-08	1.96e-05	1.32e-02	2.13e-01	7.74e-01
 1.05999e+23	0.00e+00	1.19e-27	4.68e-22	2.06e-17	1.57e-13	2.39e-10	1.03e-07	2.19e-05	1.42e-02	2.20e-01	7.66e-01
 1.07749e+23	0.00e+00	1.58e-27	6.03e-22	2.56e-17	1.90e-13	2.79e-10	1.17e-07	2.39e-05	1.50e-02	2.25e-01	7.60e-01
 1.09034e+23	0.00e+00	1.92e-27	7.14e-22	2.97e-17	2.15e-13	3.10e-10	1.27e-07	2.54e-05	1.55e-02	2.28e-01	7.56e-01
 1.10406e+23	0.00e+00	2.33e-27	8.48e-22	3.45e-17	2.45e-13	3.45e-10	1.38e-07	2.70e-05	1.61e-02	2.32e-01	7.52e-01
 1.12189e+23	0.00e+00	2.97e-27	1.05e-21	4.15e-17	2.87e-13	3.94e-10	1.53e-07	2.91e-05	1.69e-02	2.37e-01	7.46e-01
 1.14507e+23	0.00e+00	4.00e-27	1.37e-21	5.22e-17	3.50e-13	4.65e-10	1.74e-07	3.19e-05	1.79e-02	2.42e-01	7.40e-01
 1.16944e+23	0.00e+00	5.69e-27	1.86e-21	6.83e-17	4.40e-13	5.64e-10	2.03e-07	3.55e-05	1.91e-02	2.49e-01	7.32e-01
 1.18892e+23	0.00e+00	7.51e-27	2.38e-21	8.45e-17	5.29e-13	6.57e-10	2.28e-07	3.86e-05	2.02e-02	2.55e-01	7.25e-01
 1.20498e+23	0.00e+00	9.41e-27	2.90e-21	1.00e-16	6.14e-13	7.44e-10	2.52e-07	4.14e-05	2.10e-02	2.59e-01	7.20e-01
 1.22304e+23	0.00e+00	1.16e-26	3.50e-21	1.18e-16	7.07e-13	8.37e-10	2.76e-07	4.42e-05	2.19e-02	2.63e-01	7.15e-01
 1.24651e+23	0.00e+00	1.51e-26	4.41e-21	1.45e-16	8.40e-13	9.68e-10	3.09e-07	4.79e-05	2.30e-02	2.69e-01	7.08e-01
 1.27245e+23	0.00e+00	2.09e-26	5.86e-21	1.85e-16	1.04e-12	1.16e-09	3.55e-07	5.29e-05	2.45e-02	2.75e-01	7.00e-01
 1.29506e+23	0.00e+00	2.79e-26	7.55e-21	2.31e-16	1.26e-12	1.36e-09	4.02e-07	5.77e-05	2.58e-02	2.81e-01	6.93e-01
 1.31355e+23	0.00e+00	3.52e-26	9.29e-21	2.76e-16	1.47e-12	1.54e-09	4.45e-07	6.21e-05	2.70e-02	2.86e-01	6.87e-01
 1.33322e+23	0.00e+00	4.29e-26	1.10e-20	3.21e-16	1.67e-12	1.72e-09	4.84e-07	6.59e-05	2.80e-02	2.91e-01	6.81e-01
 1.35879e+23	0.00e+00	5.52e-26	1.38e-20	3.90e-16	1.98e-12	1.98e-09	5.40e-07	7.12e-05	2.94e-02	2.96e-01	6.74e-01
 1.39203e+23	0.00e+00	7.67e-26	1.84e-20	5.02e-16	2.46e-12	2.38e-09	6.23e-07	7.88e-05	3.13e-02	3.03e-01	6.66e-01
 1.42550e+23	0.00e+00	1.14e-25	2.61e-20	6.80e-16	3.19e-12	2.96e-09	7.40e-07	8.89e-05	3.36e-02	3.12e-01	6.54e-01
 1.44972e+23	0.00e+00	1.51e-25	3.34e-20	8.43e-16	3.84e-12	3.46e-09	8.36e-07	9.69e-05	3.54e-02	3.18e-01	6.46e-01
 1.46813e+23	0.00e+00	1.75e-25	3.81e-20	9.45e-16	4.24e-12	3.76e-09	8.92e-07	1.01e-04	3.64e-02	3.21e-01	6.42e-01
 1.48856e+23	0.00e+00	2.16e-25	4.60e-20	1.11e-15	4.89e-12	4.23e-09	9.79e-07	1.08e-04	3.79e-02	3.26e-01	6.36e-01
 1.51512e+23	0.00e+00	2.69e-25	5.58e-20	1.32e-15	5.66e-12	4.79e-09	1.08e-06	1.16e-04	3.95e-02	3.31e-01	6.29e-01
 1.54964e+23	1.11e-31	3.52e-25	7.08e-20	1.62e-15	6.77e-12	5.57e-09	1.21e-06	1.26e-04	4.15e-02	3.37e-01	6.21e-01
 1.59453e+23	1.59e-31	4.89e-25	9.46e-20	2.09e-15	8.43e-12	6.69e-09	1.40e-06	1.39e-04	4.41e-02	3.44e-01	6.11e-01
 1.64063e+23	2.56e-31	7.49e-25	1.38e-19	2.90e-15	1.12e-11	8.51e-09	1.69e-06	1.59e-04	4.77e-02	3.54e-01	5.98e-01
 1.67417e+23	3.73e-31	1.05e-24	1.86e-19	3.76e-15	1.41e-11	1.03e-08	1.96e-06	1.76e-04	5.08e-02	3.62e-01	5.87e-01
 1.69740e+23	4.46e-31	1.23e-24	2.14e-19	4.25e-15	1.56e-11	1.13e-08	2.11e-06	1.85e-04	5.23e-02	3.66e-01	5.82e-01
 1.72141e+23	5.42e-31	1.47e-24	2.50e-19	4.87e-15	1.76e-11	1.25e-08	2.28e-06	1.96e-04	5.40e-02	3.70e-01	5.76e-01
 1.75262e+23	6.55e-31	1.74e-24	2.91e-19	5.56e-15	1.97e-11	1.37e-08	2.46e-06	2.06e-04	5.57e-02	3.74e-01	5.70e-01
 1.79320e+23	8.48e-31	2.19e-24	3.57e-19	6.65e-15	2.31e-11	1.57e-08	2.73e-06	2.22e-04	5.82e-02	3.79e-01	5.63e-01
 1.84595e+23	1.13e-30	2.84e-24	4.49e-19	8.12e-15	2.75e-11	1.82e-08	3.06e-06	2.40e-04	6.10e-02	3.85e-01	5.54e-01
 1.91389e+23	1.59e-30	3.87e-24	5.90e-19	1.03e-14	3.39e-11	2.17e-08	3.52e-06	2.65e-04	6.45e-02	3.92e-01	5.43e-01
 1.98414e+23	2.56e-30	5.93e-24	8.62e-19	1.44e-14	4.52e-11	2.77e-08	4.27e-06	3.02e-04	6.98e-02	4.02e-01	5.28e-01
 2.03481e+23	3.73e-30	8.32e-24	1.16e-18	1.87e-14	5.69e-11	3.36e-08	4.97e-06	3.36e-04	7.42e-02	4.09e-01	5.16e-01
 2.06728e+23	4.68e-30	1.02e-23	1.40e-18	2.19e-14	6.55e-11	3.79e-08	5.46e-06	3.59e-04	7.71e-02	4.14e-01	5.09e-01
 2.09930e+23	5.17e-30	1.12e-23	1.52e-18	2.35e-14	6.97e-11	3.99e-08	5.69e-06	3.69e-04	7.83e-02	4.16e-01	5.05e-01
 2.14092e+23	5.95e-30	1.27e-23	1.70e-18	2.60e-14	7.59e-11	4.30e-08	6.03e-06	3.85e-04	8.02e-02	4.19e-01	5.01e-01
 2.19503e+23	6.91e-30	1.45e-23	1.91e-18	2.89e-14	8.33e-11	4.65e-08	6.42e-06	4.01e-04	8.22e-02	4.22e-01	4.96e-01
 2.26537e+23	8.08e-30	1.67e-23	2.17e-18	3.22e-14	9.17e-11	5.04e-08	6.84e-06	4.20e-04	8.43e-02	4.25e-01	4.90e-01
 2.34262e+23	1.04e-29	2.10e-23	2.65e-18	3.85e-14	1.07e-10	5.75e-08	7.58e-06	4.51e-04	8.78e-02	4.30e-01	4.82e-01
 2.41384e+23	1.30e-29	2.58e-23	3.19e-18	4.52e-14	1.23e-10	6.48e-08	8.34e-06	4.81e-04	9.11e-02	4.34e-01	4.74e-01
 2.47793e+23	1.52e-29	2.97e-23	3.61e-18	5.04e-14	1.36e-10	7.02e-08	8.88e-06	5.03e-04	9.35e-02	4.37e-01	4.69e-01
 2.53562e+23	1.74e-29	3.34e-23	4.01e-18	5.53e-14	1.47e-10	7.52e-08	9.38e-06	5.22e-04	9.55e-02	4.40e-01	4.64e-01
 2.58754e+23	1.92e-29	3.67e-23	4.36e-18	5.95e-14	1.57e-10	7.94e-08	9.80e-06	5.38e-04	9.71e-02	4.42e-01	4.61e-01
 2.63427e+23	2.13e-29	4.02e-23	4.74e-18	6.39e-14	1.67e-10	8.39e-08	1.02e-05	5.54e-04	9.87e-02	4.44e-01	4.57e-01
 2.67632e+23	2.32e-29	4.35e-23	5.08e-18	6.80e-14	1.76e-10	8.78e-08	1.06e-05	5.68e-04	1.00e-01	4.45e-01	4.54e-01
 2.71417e+23	2.54e-29	4.72e-23	5.47e-18	7.25e-14	1.87e-10	9.21e-08	1.10e-05	5.83e-04	1.02e-01	4.47e-01	4.51e-01
 2.74824e+23	2.73e-29	5.04e-23	5.80e-18	7.64e-14	1.95e-10	9.58e-08	1.14e-05	5.96e-04	1.03e-01	4.48e-01	4.48e-01
 2.77965e+23	2.85e-29	5.24e-23	6.00e-18	7.87e-14	2.00e-10	9.79e-08	1.16e-05	6.03e-04	1.04e-01	4.49e-01	4.47e-01
 2.81020e+23	2.92e-29	5.35e-23	6.11e-18	8.00e-14	2.03e-10	9.91e-08	1.17e-05	6.07e-04	1.04e-01	4.49e-01	4.46e-01
 2.84074e+23	3.00e-29	5.48e-23	6.25e-18	8.15e-14	2.07e-10	1.01e-07	1.18e-05	6.12e-04	1.04e-01	4.50e-01	4.45e-01
 2.87129e+23	3.06e-29	5.59e-23	6.36e-18	8.28e-14	2.10e-10	1.02e-07	1.19e-05	6.16e-04	1.05e-01	4.50e-01	4.44e-01
 2.90184e+23	3.11e-29	5.66e-23	6.43e-18	8.36e-14	2.11e-10	1.02e-07	1.20e-05	6.18e-04	1.05e-01	4.51e-01	4.44e-01
 2.93239e+23	3.13e-29	5.70e-23	6.47e-18	8.40e-14	2.12e-10	1.03e-07	1.20e-05	6.19e-04	1.05e-01	4.51e-01	4.44e-01
 2.96294e+23	3.15e-29	5.74e-23	6.50e-18	8.44e-14	2.13e-10	1.03e-07	1.20e-05	6.21e-04	1.05e-01	4.51e-01	4.43e-01
 2.99348e+23	3.17e-29	5.77e-23	6.54e-18	8.48e-14	2.14e-10	1.04e-07	1.21e-05	6.22e-04	1.05e-01	4.51e-01	4.43e-01
 3.02403e+23	3.19e-29	5.80e-23	6.57e-18	8.52e-14	2.15e-10	1.04e-07	1.21e-05	6.23e-04	1.05e-01	4.51e-01	4.43e-01
 3.04706e+23	3.46e-29	6.24e-23	7.01e-18	9.02e-14	2.26e-10	1.08e-07	1.25e-05	6.38e-04	1.07e-01	4.53e-01	4.40e-01
