#depth	Si	Si+	Si+2	Si+3	Si+4	Si+5	Si+6	Si+7	Si+8	Si+9	Si+10	Si+11	Si+12	Si+13	Si+14
 6.17135e+19	0.00e+00	0.00e+00	0.00e+00	0.00e+00	0.00e+00	0.00e+00	0.00e+00	5.67e-31	9.61e-26	7.13e-21	3.51e-16	1.04e-11	6.35e-07	1.51e-03	9.98e-01
 1.87609e+20	0.00e+00	0.00e+00	0.00e+00	0.00e+00	0.00e+00	0.00e+00	0.00e+00	9.80e-31	1.53e-25	1.05e-20	4.79e-16	1.32e-11	7.43e-07	1.64e-03	9.98e-01
 3.18540e+20	0.00e+00	0.00e+00	0.00e+00	0.00e+00	0.00e+00	0.00e+00	0.00e+00	1.69e-30	2.45e-25	1.55e-20	6.54e-16	1.67e-11	8.68e-07	1.77e-03	9.98e-01
 4.54709e+20	0.00e+00	0.00e+00	0.00e+00	0.00e+00	0.00e+00	0.00e+00	0.00e+00	2.91e-30	3.91e-25	2.29e-20	8.93e-16	2.10e-11	1.01e-06	1.91e-03	9.98e-01
 5.96324e+20	0.00e+00	0.00e+00	0.00e+00	0.00e+00	0.00e+00	0.00e+00	0.00e+00	5.01e-30	6.22e-25	3.38e-20	1.22e-15	2.65e-11	1.18e-06	2.06e-03	9.98e-01
 7.43604e+20	0.00e+00	0.00e+00	0.00e+00	0.00e+00	0.00e+00	0.00e+00	0.00e+00	8.64e-30	9.91e-25	4.99e-20	1.66e-15	3.35e-11	1.38e-06	2.23e-03	9.98e-01
 8.96775e+20	0.00e+00	0.00e+00	0.00e+00	0.00e+00	0.00e+00	0.00e+00	0.00e+00	1.49e-29	1.58e-24	7.35e-20	2.27e-15	4.23e-11	1.61e-06	2.41e-03	9.98e-01
 1.05607e+21	0.00e+00	0.00e+00	0.00e+00	0.00e+00	0.00e+00	0.00e+00	0.00e+00	2.57e-29	2.52e-24	1.08e-19	3.09e-15	5.34e-11	1.89e-06	2.61e-03	9.97e-01
 1.22174e+21	0.00e+00	0.00e+00	0.00e+00	0.00e+00	0.00e+00	0.00e+00	0.00e+00	4.42e-29	4.02e-24	1.60e-19	4.22e-15	6.74e-11	2.20e-06	2.82e-03	9.97e-01
 1.39404e+21	0.00e+00	0.00e+00	0.00e+00	0.00e+00	0.00e+00	0.00e+00	0.00e+00	7.62e-29	6.41e-24	2.36e-19	5.76e-15	8.51e-11	2.57e-06	3.04e-03	9.97e-01
 1.55868e+21	0.00e+00	0.00e+00	0.00e+00	0.00e+00	0.00e+00	0.00e+00	0.00e+00	1.26e-28	9.85e-24	3.38e-19	7.67e-15	1.05e-10	2.97e-06	3.27e-03	9.97e-01
 1.70981e+21	0.00e+00	0.00e+00	0.00e+00	0.00e+00	0.00e+00	0.00e+00	0.00e+00	1.96e-28	1.44e-23	4.64e-19	9.88e-15	1.28e-10	3.37e-06	3.48e-03	9.97e-01
 1.88074e+21	0.00e+00	0.00e+00	0.00e+00	0.00e+00	0.00e+00	0.00e+00	0.00e+00	3.19e-28	2.19e-23	6.56e-19	1.30e-14	1.57e-10	3.87e-06	3.73e-03	9.96e-01
 2.07861e+21	0.00e+00	0.00e+00	0.00e+00	0.00e+00	0.00e+00	0.00e+00	0.00e+00	5.49e-28	3.48e-23	9.66e-19	1.78e-14	1.98e-10	4.52e-06	4.03e-03	9.96e-01
 2.26953e+21	0.00e+00	0.00e+00	0.00e+00	0.00e+00	0.00e+00	0.00e+00	0.00e+00	9.08e-28	5.36e-23	1.39e-18	2.37e-14	2.46e-10	5.22e-06	4.33e-03	9.96e-01
 2.44617e+21	0.00e+00	0.00e+00	0.00e+00	0.00e+00	0.00e+00	0.00e+00	0.00e+00	1.43e-27	7.88e-23	1.91e-18	3.06e-14	2.98e-10	5.93e-06	4.62e-03	9.95e-01
 2.64553e+21	0.00e+00	0.00e+00	0.00e+00	0.00e+00	0.00e+00	0.00e+00	0.00e+00	2.33e-27	1.20e-22	2.71e-18	4.05e-14	3.67e-10	6.82e-06	4.95e-03	9.95e-01
 2.86864e+21	0.00e+00	0.00e+00	0.00e+00	0.00e+00	0.00e+00	0.00e+00	0.00e+00	3.96e-27	1.89e-22	3.96e-18	5.49e-14	4.61e-10	7.93e-06	5.34e-03	9.95e-01
 3.08061e+21	0.00e+00	0.00e+00	0.00e+00	0.00e+00	0.00e+00	0.00e+00	0.00e+00	6.44e-27	2.87e-22	5.61e-18	7.24e-14	5.68e-10	9.11e-06	5.72e-03	9.94e-01
 3.30719e+21	0.00e+00	0.00e+00	0.00e+00	0.00e+00	0.00e+00	0.00e+00	0.00e+00	1.06e-26	4.41e-22	8.02e-18	9.64e-14	7.03e-10	1.05e-05	6.14e-03	9.94e-01
 3.55314e+21	0.00e+00	0.00e+00	0.00e+00	0.00e+00	0.00e+00	0.00e+00	1.62e-31	1.80e-26	6.92e-22	1.17e-17	1.30e-13	8.80e-10	1.22e-05	6.62e-03	9.93e-01
 3.78501e+21	0.00e+00	0.00e+00	0.00e+00	0.00e+00	0.00e+00	0.00e+00	2.80e-31	2.90e-26	1.04e-21	1.64e-17	1.71e-13	1.08e-09	1.40e-05	7.08e-03	9.93e-01
 4.03592e+21	0.00e+00	0.00e+00	0.00e+00	0.00e+00	0.00e+00	0.00e+00	4.96e-31	4.77e-26	1.60e-21	2.34e-17	2.27e-13	1.34e-09	1.61e-05	7.60e-03	9.92e-01
 4.31479e+21	0.00e+00	0.00e+00	0.00e+00	0.00e+00	0.00e+00	0.00e+00	9.15e-31	8.15e-26	2.53e-21	3.43e-17	3.08e-13	1.68e-09	1.88e-05	8.20e-03	9.92e-01
 4.57921e+21	0.00e+00	0.00e+00	0.00e+00	0.00e+00	0.00e+00	0.00e+00	1.60e-30	1.33e-25	3.85e-21	4.87e-17	4.07e-13	2.07e-09	2.16e-05	8.79e-03	9.91e-01
 4.86021e+21	0.00e+00	0.00e+00	0.00e+00	0.00e+00	0.00e+00	0.00e+00	2.84e-30	2.20e-25	5.91e-21	6.97e-17	5.42e-13	2.56e-09	2.49e-05	9.43e-03	9.91e-01
 5.16956e+21	0.00e+00	0.00e+00	0.00e+00	0.00e+00	0.00e+00	0.00e+00	5.24e-30	3.75e-25	9.35e-21	1.02e-16	7.35e-13	3.22e-09	2.89e-05	1.02e-02	9.90e-01
 5.43840e+21	0.00e+00	0.00e+00	0.00e+00	0.00e+00	0.00e+00	0.00e+00	8.75e-30	5.87e-25	1.37e-20	1.41e-16	9.49e-13	3.90e-09	3.29e-05	1.08e-02	9.89e-01
 5.66039e+21	0.00e+00	0.00e+00	0.00e+00	0.00e+00	0.00e+00	0.00e+00	1.32e-29	8.42e-25	1.87e-20	1.82e-16	1.16e-12	4.54e-09	3.64e-05	1.14e-02	9.89e-01
 5.90580e+21	0.00e+00	0.00e+00	0.00e+00	0.00e+00	0.00e+00	0.00e+00	2.06e-29	1.24e-24	2.61e-20	2.40e-16	1.45e-12	5.36e-09	4.07e-05	1.20e-02	9.88e-01
 6.22483e+21	0.00e+00	0.00e+00	0.00e+00	0.00e+00	0.00e+00	0.00e+00	3.61e-29	2.03e-24	3.97e-20	3.40e-16	1.92e-12	6.61e-09	4.67e-05	1.29e-02	9.87e-01
 6.55460e+21	0.00e+00	0.00e+00	0.00e+00	0.00e+00	0.00e+00	0.00e+00	6.34e-29	3.32e-24	6.05e-20	4.83e-16	2.54e-12	8.14e-09	5.37e-05	1.38e-02	9.86e-01
 6.82986e+21	0.00e+00	0.00e+00	0.00e+00	0.00e+00	0.00e+00	0.00e+00	9.96e-29	4.93e-24	8.49e-20	6.41e-16	3.18e-12	9.64e-09	6.01e-05	1.46e-02	9.85e-01
 7.11923e+21	0.00e+00	0.00e+00	0.00e+00	0.00e+00	0.00e+00	0.00e+00	1.59e-28	7.40e-24	1.20e-19	8.57e-16	4.01e-12	1.15e-08	6.74e-05	1.55e-02	9.84e-01
 7.49016e+21	0.00e+00	0.00e+00	0.00e+00	0.00e+00	0.00e+00	0.00e+00	2.83e-28	1.23e-23	1.86e-19	1.23e-15	5.35e-12	1.42e-08	7.78e-05	1.66e-02	9.83e-01
 7.86418e+21	0.00e+00	0.00e+00	0.00e+00	0.00e+00	0.00e+00	0.00e+00	4.99e-28	2.02e-23	2.84e-19	1.75e-15	7.08e-12	1.75e-08	8.95e-05	1.78e-02	9.82e-01
 8.17074e+21	0.00e+00	0.00e+00	0.00e+00	0.00e+00	0.00e+00	0.00e+00	7.82e-28	2.98e-23	3.97e-19	2.32e-15	8.85e-12	2.07e-08	9.99e-05	1.88e-02	9.81e-01
 8.49252e+21	0.00e+00	0.00e+00	0.00e+00	0.00e+00	0.00e+00	0.00e+00	1.24e-27	4.46e-23	5.61e-19	3.09e-15	1.11e-11	2.46e-08	1.12e-04	1.99e-02	9.80e-01
 8.90959e+21	0.00e+00	0.00e+00	0.00e+00	0.00e+00	0.00e+00	0.00e+00	2.21e-27	7.41e-23	8.66e-19	4.43e-15	1.48e-11	3.05e-08	1.29e-04	2.14e-02	9.79e-01
 9.33517e+21	0.00e+00	0.00e+00	0.00e+00	0.00e+00	0.00e+00	0.00e+00	3.94e-27	1.23e-22	1.33e-18	6.35e-15	1.97e-11	3.77e-08	1.49e-04	2.29e-02	9.77e-01
 9.65485e+21	0.00e+00	0.00e+00	0.00e+00	0.00e+00	0.00e+00	0.00e+00	6.00e-27	1.77e-22	1.83e-18	8.25e-15	2.43e-11	4.41e-08	1.65e-04	2.41e-02	9.76e-01
 9.91053e+21	0.00e+00	0.00e+00	0.00e+00	0.00e+00	0.00e+00	0.00e+00	8.37e-27	2.37e-22	2.34e-18	1.01e-14	2.87e-11	4.98e-08	1.79e-04	2.51e-02	9.75e-01
 1.02012e+22	0.00e+00	0.00e+00	0.00e+00	0.00e+00	0.00e+00	1.24e-31	1.21e-26	3.26e-22	3.08e-18	1.28e-14	3.44e-11	5.71e-08	1.96e-04	2.63e-02	9.74e-01
 1.05790e+22	0.00e+00	0.00e+00	0.00e+00	0.00e+00	0.00e+00	2.08e-31	1.91e-26	4.88e-22	4.35e-18	1.70e-14	4.32e-11	6.77e-08	2.19e-04	2.78e-02	9.72e-01
 1.09781e+22	0.00e+00	0.00e+00	0.00e+00	0.00e+00	0.00e+00	3.62e-31	3.13e-26	7.50e-22	6.29e-18	2.31e-14	5.51e-11	8.11e-08	2.48e-04	2.95e-02	9.70e-01
 1.13152e+22	0.00e+00	0.00e+00	0.00e+00	0.00e+00	0.00e+00	5.69e-31	4.67e-26	1.06e-21	8.49e-18	2.96e-14	6.72e-11	9.41e-08	2.73e-04	3.09e-02	9.69e-01
 1.16640e+22	0.00e+00	0.00e+00	0.00e+00	0.00e+00	0.00e+00	8.97e-31	6.99e-26	1.51e-21	1.15e-17	3.81e-14	8.20e-11	1.09e-07	3.01e-04	3.24e-02	9.67e-01
 1.21174e+22	0.00e+00	0.00e+00	0.00e+00	0.00e+00	0.00e+00	1.59e-30	1.16e-25	2.36e-21	1.68e-17	5.23e-14	1.05e-10	1.32e-07	3.41e-04	3.45e-02	9.65e-01
 1.25733e+22	0.00e+00	0.00e+00	0.00e+00	0.00e+00	0.00e+00	2.84e-30	1.94e-25	3.70e-21	2.47e-17	7.20e-14	1.36e-10	1.59e-07	3.87e-04	3.67e-02	9.63e-01
 1.29276e+22	0.00e+00	0.00e+00	0.00e+00	0.00e+00	0.00e+00	4.38e-30	2.85e-25	5.17e-21	3.29e-17	9.15e-14	1.64e-10	1.83e-07	4.25e-04	3.84e-02	9.61e-01
 1.32199e+22	0.00e+00	0.00e+00	0.00e+00	0.00e+00	0.00e+00	6.31e-30	3.94e-25	6.86e-21	4.19e-17	1.12e-13	1.93e-10	2.06e-07	4.59e-04	3.99e-02	9.60e-01
 1.35368e+22	0.00e+00	0.00e+00	0.00e+00	0.00e+00	0.00e+00	9.10e-30	5.45e-25	9.12e-21	5.35e-17	1.37e-13	2.26e-10	2.33e-07	4.97e-04	4.15e-02	9.58e-01
 1.39487e+22	0.00e+00	0.00e+00	0.00e+00	0.00e+00	0.00e+00	1.46e-29	8.27e-25	1.31e-20	7.31e-17	1.78e-13	2.78e-10	2.71e-07	5.50e-04	4.36e-02	9.56e-01
 1.43758e+22	0.00e+00	0.00e+00	0.00e+00	0.00e+00	0.00e+00	2.40e-29	1.29e-24	1.93e-20	1.02e-16	2.34e-13	3.46e-10	3.19e-07	6.13e-04	4.59e-02	9.53e-01
 1.47225e+22	0.00e+00	0.00e+00	0.00e+00	0.00e+00	0.00e+00	3.55e-29	1.82e-24	2.61e-20	1.32e-16	2.91e-13	4.10e-10	3.63e-07	6.67e-04	4.78e-02	9.51e-01
 1.50269e+22	0.00e+00	0.00e+00	0.00e+00	0.00e+00	0.00e+00	5.02e-29	2.48e-24	3.42e-20	1.66e-16	3.53e-13	4.78e-10	4.06e-07	7.18e-04	4.96e-02	9.50e-01
 1.53761e+22	0.00e+00	0.00e+00	0.00e+00	0.00e+00	0.00e+00	7.29e-29	3.45e-24	4.57e-20	2.13e-16	4.34e-13	5.62e-10	4.58e-07	7.78e-04	5.16e-02	9.48e-01
 1.58302e+22	0.00e+00	0.00e+00	0.00e+00	0.00e+00	0.00e+00	1.17e-28	5.25e-24	6.59e-20	2.92e-16	5.63e-13	6.92e-10	5.35e-07	8.61e-04	5.42e-02	9.45e-01
 1.62983e+22	0.00e+00	0.00e+00	0.00e+00	0.00e+00	0.00e+00	1.95e-28	8.24e-24	9.78e-20	4.09e-16	7.47e-13	8.64e-10	6.31e-07	9.60e-04	5.71e-02	9.42e-01
 1.66721e+22	0.00e+00	0.00e+00	0.00e+00	0.00e+00	0.00e+00	2.87e-28	1.16e-23	1.32e-19	5.30e-16	9.26e-13	1.02e-09	7.16e-07	1.04e-03	5.94e-02	9.40e-01
 1.69733e+22	0.00e+00	0.00e+00	0.00e+00	0.00e+00	0.00e+00	3.96e-28	1.55e-23	1.69e-19	6.56e-16	1.11e-12	1.18e-09	7.95e-07	1.12e-03	6.14e-02	9.37e-01
 1.72932e+22	0.00e+00	0.00e+00	0.00e+00	0.00e+00	0.00e+00	5.43e-28	2.04e-23	2.16e-19	8.09e-16	1.32e-12	1.35e-09	8.81e-07	1.20e-03	6.35e-02	9.35e-01
 1.77091e+22	0.00e+00	0.00e+00	0.00e+00	0.00e+00	0.00e+00	8.13e-28	2.92e-23	2.96e-19	1.06e-15	1.65e-12	1.61e-09	1.00e-06	1.30e-03	6.62e-02	9.33e-01
 1.81419e+22	0.00e+00	0.00e+00	0.00e+00	0.00e+00	0.00e+00	1.26e-27	4.31e-23	4.15e-19	1.41e-15	2.10e-12	1.95e-09	1.16e-06	1.43e-03	6.92e-02	9.29e-01
 1.84933e+22	0.00e+00	0.00e+00	0.00e+00	0.00e+00	0.00e+00	1.77e-27	5.83e-23	5.41e-19	1.78e-15	2.54e-12	2.27e-09	1.29e-06	1.54e-03	7.16e-02	9.27e-01
 1.88469e+22	0.00e+00	0.00e+00	0.00e+00	0.00e+00	0.00e+00	2.48e-27	7.87e-23	7.02e-19	2.22e-15	3.06e-12	2.63e-09	1.44e-06	1.65e-03	7.41e-02	9.24e-01
 1.93065e+22	0.00e+00	0.00e+00	0.00e+00	0.00e+00	0.00e+00	3.83e-27	1.15e-22	9.81e-19	2.96e-15	3.89e-12	3.18e-09	1.66e-06	1.81e-03	7.75e-02	9.21e-01
 1.97666e+22	0.00e+00	0.00e+00	0.00e+00	0.00e+00	0.00e+00	5.90e-27	1.69e-22	1.37e-18	3.95e-15	4.95e-12	3.84e-09	1.91e-06	1.99e-03	8.09e-02	9.17e-01
 2.01221e+22	0.00e+00	0.00e+00	0.00e+00	0.00e+00	0.00e+00	8.20e-27	2.26e-22	1.77e-18	4.92e-15	5.94e-12	4.43e-09	2.13e-06	2.13e-03	8.37e-02	9.14e-01
 2.04792e+22	0.00e+00	0.00e+00	0.00e+00	0.00e+00	1.15e-31	1.13e-26	3.01e-22	2.27e-18	6.10e-15	7.11e-12	5.10e-09	2.36e-06	2.28e-03	8.64e-02	9.11e-01
 2.08717e+22	0.00e+00	0.00e+00	0.00e+00	0.00e+00	1.71e-31	1.61e-26	4.12e-22	2.99e-18	7.72e-15	8.65e-12	5.96e-09	2.65e-06	2.46e-03	8.95e-02	9.08e-01
 2.12266e+22	0.00e+00	0.00e+00	0.00e+00	0.00e+00	2.44e-31	2.21e-26	5.46e-22	3.82e-18	9.54e-15	1.03e-11	6.85e-09	2.94e-06	2.63e-03	9.24e-02	9.05e-01
 2.15510e+22	0.00e+00	0.00e+00	0.00e+00	0.00e+00	3.33e-31	2.93e-26	7.00e-22	4.75e-18	1.15e-14	1.21e-11	7.74e-09	3.22e-06	2.79e-03	9.50e-02	9.02e-01
 2.19192e+22	0.00e+00	0.00e+00	0.00e+00	0.00e+00	4.75e-31	4.02e-26	9.28e-22	6.08e-18	1.42e-14	1.44e-11	8.90e-09	3.57e-06	2.98e-03	9.81e-02	8.99e-01
 2.23341e+22	0.00e+00	0.00e+00	0.00e+00	0.00e+00	7.06e-31	5.74e-26	1.27e-21	8.01e-18	1.80e-14	1.76e-11	1.04e-08	4.01e-06	3.22e-03	1.02e-01	8.95e-01
 2.27247e+22	0.00e+00	0.00e+00	0.00e+00	0.00e+00	1.02e-30	7.99e-26	1.70e-21	1.04e-17	2.25e-14	2.11e-11	1.20e-08	4.47e-06	3.45e-03	1.05e-01	8.92e-01
 2.30878e+22	0.00e+00	0.00e+00	0.00e+00	0.00e+00	1.43e-30	1.08e-25	2.23e-21	1.31e-17	2.76e-14	2.51e-11	1.37e-08	4.93e-06	3.68e-03	1.08e-01	8.88e-01
 2.34998e+22	0.00e+00	0.00e+00	0.00e+00	0.00e+00	2.06e-30	1.50e-25	2.98e-21	1.69e-17	3.43e-14	3.01e-11	1.59e-08	5.49e-06	3.94e-03	1.12e-01	8.84e-01
 2.39504e+22	0.00e+00	0.00e+00	0.00e+00	0.00e+00	3.14e-30	2.19e-25	4.16e-21	2.26e-17	4.42e-14	3.72e-11	1.87e-08	6.21e-06	4.27e-03	1.16e-01	8.80e-01
 2.43440e+22	0.00e+00	0.00e+00	0.00e+00	0.00e+00	4.48e-30	3.01e-25	5.52e-21	2.90e-17	5.47e-14	4.44e-11	2.15e-08	6.89e-06	4.56e-03	1.20e-01	8.76e-01
 2.46927e+22	0.00e+00	0.00e+00	0.00e+00	0.00e+00	6.12e-30	3.98e-25	7.08e-21	3.60e-17	6.60e-14	5.20e-11	2.44e-08	7.55e-06	4.84e-03	1.23e-01	8.72e-01
 2.50901e+22	0.00e+00	0.00e+00	0.00e+00	0.00e+00	8.54e-30	5.37e-25	9.23e-21	4.55e-17	8.06e-14	6.15e-11	2.78e-08	8.32e-06	5.15e-03	1.26e-01	8.68e-01
 2.56067e+22	0.00e+00	0.00e+00	0.00e+00	0.00e+00	1.34e-29	8.03e-25	1.32e-20	6.22e-17	1.06e-13	7.71e-11	3.32e-08	9.49e-06	5.61e-03	1.31e-01	8.63e-01
 2.61094e+22	0.00e+00	0.00e+00	0.00e+00	0.00e+00	2.06e-29	1.19e-24	1.86e-20	8.42e-17	1.37e-13	9.60e-11	3.94e-08	1.08e-05	6.08e-03	1.36e-01	8.57e-01
 2.64806e+22	0.00e+00	0.00e+00	0.00e+00	0.00e+00	2.82e-29	1.57e-24	2.39e-20	1.05e-16	1.66e-13	1.12e-10	4.46e-08	1.18e-05	6.45e-03	1.40e-01	8.53e-01
 2.68496e+22	0.00e+00	0.00e+00	0.00e+00	0.00e+00	3.82e-29	2.06e-24	3.04e-20	1.29e-16	1.99e-13	1.31e-10	5.02e-08	1.29e-05	6.83e-03	1.44e-01	8.49e-01
 2.73293e+22	0.00e+00	0.00e+00	0.00e+00	0.00e+00	5.62e-29	2.92e-24	4.14e-20	1.70e-16	2.51e-13	1.59e-10	5.86e-08	1.45e-05	7.35e-03	1.49e-01	8.44e-01
 2.78409e+22	0.00e+00	0.00e+00	0.00e+00	0.00e+00	8.50e-29	4.23e-24	5.76e-20	2.27e-16	3.23e-13	1.97e-10	6.91e-08	1.63e-05	7.94e-03	1.54e-01	8.38e-01
 2.82822e+22	0.00e+00	0.00e+00	0.00e+00	0.00e+00	1.22e-28	5.84e-24	7.67e-20	2.91e-16	4.02e-13	2.36e-10	7.97e-08	1.81e-05	8.49e-03	1.59e-01	8.33e-01
 2.86818e+22	0.00e+00	0.00e+00	0.00e+00	0.00e+00	1.65e-28	7.69e-24	9.78e-20	3.61e-16	4.83e-13	2.76e-10	8.99e-08	1.99e-05	8.99e-03	1.63e-01	8.28e-01
 2.91388e+22	0.00e+00	0.00e+00	0.00e+00	0.00e+00	2.34e-28	1.05e-23	1.29e-19	4.61e-16	5.97e-13	3.29e-10	1.03e-07	2.20e-05	9.60e-03	1.68e-01	8.23e-01
 2.96448e+22	0.00e+00	0.00e+00	0.00e+00	0.00e+00	3.44e-28	1.48e-23	1.76e-19	6.03e-16	7.54e-13	4.01e-10	1.20e-07	2.46e-05	1.03e-02	1.73e-01	8.17e-01
 3.01075e+22	0.00e+00	0.00e+00	0.00e+00	0.00e+00	4.87e-28	2.03e-23	2.32e-19	7.70e-16	9.32e-13	4.79e-10	1.38e-07	2.73e-05	1.10e-02	1.78e-01	8.11e-01
 3.05323e+22	0.00e+00	0.00e+00	0.00e+00	0.00e+00	6.66e-28	2.69e-23	2.98e-19	9.60e-16	1.13e-12	5.62e-10	1.57e-07	2.99e-05	1.17e-02	1.83e-01	8.06e-01
 3.10148e+22	0.00e+00	0.00e+00	0.00e+00	0.00e+00	9.39e-28	3.67e-23	3.92e-19	1.22e-15	1.39e-12	6.70e-10	1.80e-07	3.31e-05	1.24e-02	1.88e-01	8.00e-01
 3.16422e+22	0.00e+00	0.00e+00	0.00e+00	0.00e+00	1.46e-27	5.44e-23	5.57e-19	1.66e-15	1.82e-12	8.40e-10	2.14e-07	3.77e-05	1.35e-02	1.95e-01	7.92e-01
 3.22736e+22	0.00e+00	0.00e+00	0.00e+00	0.00e+00	2.27e-27	8.12e-23	7.95e-19	2.28e-15	2.39e-12	1.06e-09	2.56e-07	4.30e-05	1.47e-02	2.02e-01	7.83e-01
 3.27533e+22	0.00e+00	0.00e+00	0.00e+00	0.00e+00	3.19e-27	1.10e-22	1.04e-18	2.89e-15	2.94e-12	1.26e-09	2.94e-07	4.75e-05	1.56e-02	2.07e-01	7.77e-01
 3.32198e+22	0.00e+00	0.00e+00	0.00e+00	0.00e+00	4.31e-27	1.44e-22	1.33e-18	3.57e-15	3.53e-12	1.47e-09	3.31e-07	5.19e-05	1.65e-02	2.12e-01	7.71e-01
 3.38262e+22	0.00e+00	0.00e+00	0.00e+00	0.00e+00	6.38e-27	2.06e-22	1.82e-18	4.71e-15	4.50e-12	1.80e-09	3.88e-07	5.83e-05	1.78e-02	2.19e-01	7.63e-01
 3.44528e+22	0.00e+00	0.00e+00	0.00e+00	0.00e+00	9.58e-27	2.97e-22	2.52e-18	6.28e-15	5.77e-12	2.22e-09	4.57e-07	6.57e-05	1.92e-02	2.26e-01	7.55e-01
 3.49653e+22	0.00e+00	0.00e+00	0.00e+00	0.00e+00	1.34e-26	4.00e-22	3.29e-18	7.95e-15	7.09e-12	2.63e-09	5.22e-07	7.25e-05	2.04e-02	2.32e-01	7.48e-01
 3.54908e+22	0.00e+00	0.00e+00	0.00e+00	0.00e+00	1.83e-26	5.31e-22	4.23e-18	9.92e-15	8.59e-12	3.10e-09	5.93e-07	7.94e-05	2.16e-02	2.38e-01	7.41e-01
 3.61741e+22	0.00e+00	0.00e+00	0.00e+00	1.23e-31	2.73e-26	7.63e-22	5.85e-18	1.32e-14	1.10e-11	3.82e-09	6.97e-07	8.94e-05	2.32e-02	2.45e-01	7.32e-01
 3.68730e+22	0.00e+00	0.00e+00	0.00e+00	1.94e-31	4.15e-26	1.11e-21	8.17e-18	1.77e-14	1.42e-11	4.73e-09	8.24e-07	1.01e-04	2.51e-02	2.53e-01	7.22e-01
 3.74225e+22	0.00e+00	0.00e+00	0.00e+00	2.75e-31	5.72e-26	1.48e-21	1.06e-17	2.22e-14	1.74e-11	5.59e-09	9.38e-07	1.11e-04	2.66e-02	2.59e-01	7.14e-01
 3.79670e+22	0.00e+00	0.00e+00	0.00e+00	3.82e-31	7.71e-26	1.94e-21	1.35e-17	2.75e-14	2.09e-11	6.53e-09	1.06e-06	1.21e-04	2.81e-02	2.65e-01	7.07e-01
 3.86748e+22	0.00e+00	0.00e+00	0.00e+00	5.80e-31	1.13e-25	2.74e-21	1.83e-17	3.61e-14	2.64e-11	7.96e-09	1.23e-06	1.36e-04	3.01e-02	2.72e-01	6.98e-01
 3.94194e+22	0.00e+00	0.00e+00	0.00e+00	8.99e-31	1.69e-25	3.94e-21	2.53e-17	4.80e-14	3.39e-11	9.81e-09	1.45e-06	1.52e-04	3.23e-02	2.80e-01	6.88e-01
 4.00480e+22	0.00e+00	0.00e+00	0.00e+00	1.30e-30	2.36e-25	5.35e-21	3.32e-17	6.09e-14	4.17e-11	1.17e-08	1.66e-06	1.68e-04	3.43e-02	2.87e-01	6.79e-01
 4.07013e+22	0.00e+00	0.00e+00	0.00e+00	1.84e-30	3.26e-25	7.14e-21	4.29e-17	7.65e-14	5.08e-11	1.38e-08	1.89e-06	1.85e-04	3.63e-02	2.93e-01	6.71e-01
 4.15507e+22	0.00e+00	0.00e+00	0.00e+00	2.89e-30	4.91e-25	1.03e-20	5.98e-17	1.02e-13	6.56e-11	1.71e-08	2.23e-06	2.08e-04	3.91e-02	3.01e-01	6.60e-01
 4.24303e+22	0.00e+00	0.00e+00	0.00e+00	4.60e-30	7.54e-25	1.52e-20	8.44e-17	1.39e-13	8.54e-11	2.13e-08	2.65e-06	2.35e-04	4.22e-02	3.10e-01	6.48e-01
 4.31196e+22	0.00e+00	0.00e+00	0.00e+00	6.58e-30	1.05e-24	2.05e-20	1.10e-16	1.75e-13	1.05e-10	2.52e-08	3.02e-06	2.59e-04	4.47e-02	3.17e-01	6.39e-01
 4.36957e+22	0.00e+00	0.00e+00	0.00e+00	8.76e-30	1.36e-24	2.60e-20	1.36e-16	2.11e-13	1.23e-10	2.89e-08	3.36e-06	2.79e-04	4.68e-02	3.22e-01	6.31e-01
 4.43542e+22	0.00e+00	0.00e+00	0.00e+00	1.20e-29	1.82e-24	3.38e-20	1.72e-16	2.60e-13	1.47e-10	3.36e-08	3.77e-06	3.03e-04	4.92e-02	3.28e-01	6.23e-01
 4.52103e+22	0.00e+00	0.00e+00	0.00e+00	1.79e-29	2.62e-24	4.69e-20	2.30e-16	3.37e-13	1.84e-10	4.06e-08	4.36e-06	3.37e-04	5.24e-02	3.35e-01	6.12e-01
 4.61338e+22	0.00e+00	0.00e+00	0.00e+00	2.75e-29	3.88e-24	6.70e-20	3.17e-16	4.45e-13	2.35e-10	4.97e-08	5.10e-06	3.77e-04	5.60e-02	3.43e-01	6.00e-01
 4.69462e+22	0.00e+00	0.00e+00	0.00e+00	3.98e-29	5.45e-24	9.10e-20	4.16e-16	5.66e-13	2.90e-10	5.92e-08	5.84e-06	4.15e-04	5.94e-02	3.50e-01	5.90e-01
 4.76832e+22	0.00e+00	0.00e+00	0.00e+00	5.49e-29	7.33e-24	1.19e-19	5.29e-16	7.00e-13	3.48e-10	6.90e-08	6.57e-06	4.51e-04	6.24e-02	3.56e-01	5.81e-01
 4.85206e+22	0.00e+00	0.00e+00	0.00e+00	7.74e-29	1.00e-23	1.58e-19	6.82e-16	8.74e-13	4.22e-10	8.10e-08	7.43e-06	4.93e-04	6.58e-02	3.63e-01	5.71e-01
 4.96093e+22	0.00e+00	0.00e+00	0.00e+00	1.21e-28	1.52e-23	2.30e-19	9.51e-16	1.17e-12	5.45e-10	1.00e-07	8.76e-06	5.53e-04	7.05e-02	3.71e-01	5.58e-01
 5.06812e+22	0.00e+00	0.00e+00	0.00e+00	1.89e-28	2.28e-23	3.32e-19	1.32e-15	1.57e-12	7.01e-10	1.24e-07	1.03e-05	6.20e-04	7.54e-02	3.79e-01	5.45e-01
 5.14868e+22	0.00e+00	0.00e+00	0.00e+00	2.60e-28	3.06e-23	4.33e-19	1.67e-15	1.93e-12	8.39e-10	1.44e-07	1.15e-05	6.73e-04	7.91e-02	3.85e-01	5.35e-01
 5.22898e+22	0.00e+00	0.00e+00	0.00e+00	3.51e-28	4.03e-23	5.56e-19	2.09e-15	2.35e-12	9.95e-10	1.65e-07	1.29e-05	7.26e-04	8.27e-02	3.90e-01	5.26e-01
 5.33337e+22	0.00e+00	0.00e+00	0.00e+00	5.10e-28	5.68e-23	7.57e-19	2.76e-15	2.99e-12	1.23e-09	1.97e-07	1.47e-05	7.98e-04	8.74e-02	3.97e-01	5.15e-01
 5.44989e+22	0.00e+00	0.00e+00	0.00e+00	7.86e-28	8.45e-23	1.09e-18	3.81e-15	3.97e-12	1.57e-09	2.42e-07	1.72e-05	8.91e-04	9.31e-02	4.04e-01	5.02e-01
 5.55498e+22	0.00e+00	0.00e+00	0.00e+00	1.15e-27	1.20e-22	1.49e-18	5.04e-15	5.08e-12	1.94e-09	2.88e-07	1.97e-05	9.79e-04	9.83e-02	4.10e-01	4.90e-01
 5.64825e+22	0.00e+00	0.00e+00	0.00e+00	1.58e-27	1.60e-22	1.94e-18	6.39e-15	6.26e-12	2.32e-09	3.35e-07	2.21e-05	1.06e-03	1.03e-01	4.16e-01	4.80e-01
 5.75337e+22	0.00e+00	0.00e+00	0.00e+00	2.23e-27	2.20e-22	2.59e-18	8.26e-15	7.83e-12	2.82e-09	3.93e-07	2.50e-05	1.16e-03	1.08e-01	4.21e-01	4.70e-01
 5.89001e+22	0.00e+00	0.00e+00	0.00e+00	3.42e-27	3.27e-22	3.69e-18	1.13e-14	1.04e-11	3.59e-09	4.80e-07	2.91e-05	1.29e-03	1.15e-01	4.28e-01	4.56e-01
 6.02760e+22	0.00e+00	0.00e+00	0.00e+00	5.35e-27	4.93e-22	5.36e-18	1.58e-14	1.39e-11	4.62e-09	5.92e-07	3.41e-05	1.44e-03	1.22e-01	4.34e-01	4.42e-01
 6.13340e+22	0.00e+00	0.00e+00	1.49e-31	7.43e-27	6.68e-22	7.05e-18	2.02e-14	1.72e-11	5.57e-09	6.90e-07	3.84e-05	1.56e-03	1.28e-01	4.39e-01	4.32e-01
 6.23790e+22	0.00e+00	0.00e+00	2.10e-31	1.01e-26	8.83e-22	9.08e-18	2.53e-14	2.10e-11	6.60e-09	7.94e-07	4.27e-05	1.68e-03	1.33e-01	4.43e-01	4.22e-01
 6.37377e+22	0.00e+00	0.00e+00	3.24e-31	1.48e-26	1.26e-21	1.25e-17	3.38e-14	2.70e-11	8.21e-09	9.51e-07	4.90e-05	1.84e-03	1.40e-01	4.48e-01	4.10e-01
 6.52126e+22	0.00e+00	0.00e+00	5.19e-31	2.25e-26	1.86e-21	1.78e-17	4.62e-14	3.55e-11	1.04e-08	1.16e-06	5.68e-05	2.04e-03	1.49e-01	4.53e-01	3.97e-01
 6.65081e+22	0.00e+00	0.00e+00	7.80e-31	3.24e-26	2.59e-21	2.41e-17	6.05e-14	4.49e-11	1.27e-08	1.37e-06	6.45e-05	2.22e-03	1.56e-01	4.57e-01	3.85e-01
 6.76835e+22	0.00e+00	0.00e+00	1.11e-30	4.42e-26	3.46e-21	3.13e-17	7.64e-14	5.51e-11	1.52e-08	1.58e-06	7.20e-05	2.40e-03	1.62e-01	4.60e-01	3.75e-01
 6.90334e+22	0.00e+00	0.00e+00	1.63e-30	6.22e-26	4.74e-21	4.16e-17	9.86e-14	6.89e-11	1.84e-08	1.85e-06	8.11e-05	2.60e-03	1.70e-01	4.63e-01	3.64e-01
 7.07884e+22	0.00e+00	0.00e+00	2.61e-30	9.46e-26	6.98e-21	5.90e-17	1.35e-13	9.05e-11	2.33e-08	2.24e-06	9.38e-05	2.87e-03	1.79e-01	4.67e-01	3.51e-01
 7.26466e+22	0.00e+00	0.00e+00	4.42e-30	1.51e-25	1.08e-20	8.74e-17	1.91e-13	1.23e-10	3.03e-08	2.79e-06	1.11e-04	3.20e-03	1.90e-01	4.71e-01	3.36e-01
 7.40621e+22	0.00e+00	0.00e+00	6.57e-30	2.15e-25	1.49e-20	1.17e-16	2.49e-13	1.55e-10	3.70e-08	3.28e-06	1.25e-04	3.48e-03	1.98e-01	4.73e-01	3.26e-01
 7.50998e+22	0.00e+00	0.00e+00	8.62e-30	2.73e-25	1.86e-20	1.44e-16	2.98e-13	1.81e-10	4.24e-08	3.67e-06	1.36e-04	3.68e-03	2.04e-01	4.74e-01	3.18e-01
 7.62232e+22	0.00e+00	0.00e+00	1.14e-29	3.50e-25	2.34e-20	1.77e-16	3.59e-13	2.13e-10	4.87e-08	4.11e-06	1.48e-04	3.89e-03	2.10e-01	4.76e-01	3.10e-01
 7.76837e+22	0.00e+00	0.00e+00	1.62e-29	4.79e-25	3.13e-20	2.30e-16	4.54e-13	2.62e-10	5.81e-08	4.75e-06	1.65e-04	4.19e-03	2.18e-01	4.77e-01	3.01e-01
 7.95822e+22	0.00e+00	0.00e+00	2.51e-29	7.04e-25	4.48e-20	3.18e-16	6.07e-13	3.38e-10	7.23e-08	5.68e-06	1.89e-04	4.57e-03	2.28e-01	4.78e-01	2.89e-01
 8.15403e+22	0.00e+00	0.00e+00	4.04e-29	1.07e-24	6.62e-20	4.54e-16	8.33e-13	4.46e-10	9.17e-08	6.89e-06	2.18e-04	5.04e-03	2.39e-01	4.79e-01	2.77e-01
 8.30948e+22	0.00e+00	0.00e+00	5.82e-29	1.48e-24	8.92e-20	5.96e-16	1.06e-12	5.51e-10	1.10e-07	8.00e-06	2.44e-04	5.42e-03	2.48e-01	4.79e-01	2.67e-01
 8.43304e+22	0.00e+00	0.00e+00	7.62e-29	1.88e-24	1.11e-19	7.28e-16	1.27e-12	6.44e-10	1.26e-07	8.92e-06	2.64e-04	5.71e-03	2.55e-01	4.79e-01	2.60e-01
 8.56324e+22	0.00e+00	0.00e+00	1.02e-28	2.43e-24	1.41e-19	9.05e-16	1.54e-12	7.64e-10	1.46e-07	1.01e-05	2.89e-04	6.06e-03	2.62e-01	4.79e-01	2.53e-01
 8.73249e+22	0.00e+00	0.00e+00	1.43e-28	3.28e-24	1.87e-19	1.17e-15	1.94e-12	9.32e-10	1.73e-07	1.16e-05	3.21e-04	6.48e-03	2.71e-01	4.78e-01	2.44e-01
 8.91721e+22	0.00e+00	0.00e+00	2.11e-28	4.61e-24	2.57e-19	1.56e-15	2.51e-12	1.17e-09	2.10e-07	1.35e-05	3.60e-04	6.99e-03	2.81e-01	4.77e-01	2.34e-01
 9.07843e+22	0.00e+00	0.00e+00	2.95e-28	6.19e-24	3.38e-19	2.00e-15	3.14e-12	1.42e-09	2.48e-07	1.55e-05	3.99e-04	7.47e-03	2.90e-01	4.76e-01	2.26e-01
 9.21999e+22	0.00e+00	0.00e+00	3.91e-28	7.95e-24	4.27e-19	2.48e-15	3.80e-12	1.68e-09	2.86e-07	1.74e-05	4.35e-04	7.89e-03	2.98e-01	4.75e-01	2.19e-01
 9.35676e+22	0.00e+00	0.00e+00	5.07e-28	9.98e-24	5.29e-19	3.01e-15	4.52e-12	1.95e-09	3.25e-07	1.93e-05	4.70e-04	8.29e-03	3.05e-01	4.74e-01	2.13e-01
 9.51172e+22	0.00e+00	0.00e+00	6.76e-28	1.28e-23	6.70e-19	3.73e-15	5.49e-12	2.31e-09	3.76e-07	2.18e-05	5.13e-04	8.77e-03	3.13e-01	4.72e-01	2.06e-01
 9.68360e+22	0.00e+00	0.00e+00	9.23e-28	1.69e-23	8.66e-19	4.72e-15	6.77e-12	2.78e-09	4.40e-07	2.47e-05	5.63e-04	9.31e-03	3.21e-01	4.70e-01	1.99e-01
 9.84318e+22	0.00e+00	0.00e+00	1.24e-27	2.19e-23	1.10e-18	5.88e-15	8.25e-12	3.30e-09	5.10e-07	2.79e-05	6.15e-04	9.85e-03	3.30e-01	4.68e-01	1.92e-01
 9.99056e+22	0.00e+00	0.00e+00	1.61e-27	2.75e-23	1.37e-18	7.17e-15	9.85e-12	3.85e-09	5.82e-07	3.10e-05	6.66e-04	1.04e-02	3.37e-01	4.66e-01	1.86e-01
 1.01564e+23	0.00e+00	0.00e+00	2.12e-27	3.50e-23	1.72e-18	8.82e-15	1.19e-11	4.53e-09	6.69e-07	3.47e-05	7.23e-04	1.09e-02	3.45e-01	4.63e-01	1.80e-01
 1.03719e+23	0.00e+00	0.00e+00	2.94e-27	4.66e-23	2.25e-18	1.13e-14	1.48e-11	5.50e-09	7.89e-07	3.97e-05	7.98e-04	1.16e-02	3.55e-01	4.60e-01	1.73e-01
 1.05999e+23	0.00e+00	0.00e+00	4.31e-27	6.51e-23	3.08e-18	1.51e-14	1.92e-11	6.90e-09	9.58e-07	4.64e-05	8.95e-04	1.25e-02	3.66e-01	4.56e-01	1.65e-01
 1.07749e+23	0.00e+00	0.00e+00	5.81e-27	8.45e-23	3.95e-18	1.89e-14	2.35e-11	8.24e-09	1.12e-06	5.25e-05	9.79e-04	1.32e-02	3.75e-01	4.52e-01	1.59e-01
 1.09034e+23	0.00e+00	0.00e+00	7.11e-27	1.01e-22	4.67e-18	2.20e-14	2.70e-11	9.29e-09	1.24e-06	5.70e-05	1.04e-03	1.37e-02	3.81e-01	4.50e-01	1.54e-01
 1.10406e+23	0.00e+00	0.00e+00	8.70e-27	1.20e-22	5.51e-18	2.57e-14	3.10e-11	1.05e-08	1.37e-06	6.20e-05	1.11e-03	1.42e-02	3.87e-01	4.47e-01	1.50e-01
 1.12189e+23	0.00e+00	0.00e+00	1.12e-26	1.49e-22	6.78e-18	3.11e-14	3.68e-11	1.22e-08	1.56e-06	6.87e-05	1.19e-03	1.49e-02	3.94e-01	4.44e-01	1.45e-01
 1.14507e+23	0.00e+00	1.98e-31	1.52e-26	1.95e-22	8.75e-18	3.93e-14	4.54e-11	1.46e-08	1.82e-06	7.80e-05	1.31e-03	1.58e-02	4.04e-01	4.40e-01	1.39e-01
 1.16944e+23	0.00e+00	2.98e-31	2.18e-26	2.66e-22	1.18e-17	5.17e-14	5.82e-11	1.82e-08	2.19e-06	9.05e-05	1.46e-03	1.69e-02	4.15e-01	4.35e-01	1.32e-01
 1.18892e+23	0.00e+00	4.11e-31	2.89e-26	3.40e-22	1.49e-17	6.42e-14	7.08e-11	2.16e-08	2.54e-06	1.02e-04	1.59e-03	1.78e-02	4.23e-01	4.30e-01	1.27e-01
 1.20498e+23	0.00e+00	5.31e-31	3.62e-26	4.13e-22	1.80e-17	7.65e-14	8.30e-11	2.48e-08	2.85e-06	1.12e-04	1.70e-03	1.85e-02	4.30e-01	4.26e-01	1.23e-01
 1.22304e+23	0.00e+00	6.80e-31	4.50e-26	4.99e-22	2.16e-17	9.04e-14	9.65e-11	2.82e-08	3.19e-06	1.23e-04	1.82e-03	1.93e-02	4.37e-01	4.23e-01	1.19e-01
 1.24651e+23	0.00e+00	9.20e-31	5.88e-26	6.28e-22	2.69e-17	1.11e-13	1.16e-10	3.32e-08	3.66e-06	1.37e-04	1.97e-03	2.02e-02	4.45e-01	4.18e-01	1.14e-01
 1.27245e+23	0.00e+00	1.33e-30	8.11e-26	8.29e-22	3.52e-17	1.42e-13	1.46e-10	4.04e-08	4.34e-06	1.57e-04	2.17e-03	2.15e-02	4.55e-01	4.12e-01	1.09e-01
 1.29506e+23	0.00e+00	1.84e-30	1.08e-25	1.06e-21	4.48e-17	1.78e-13	1.78e-10	4.82e-08	5.04e-06	1.77e-04	2.37e-03	2.26e-02	4.64e-01	4.07e-01	1.04e-01
 1.31355e+23	0.00e+00	2.41e-30	1.36e-25	1.29e-21	5.45e-17	2.13e-13	2.10e-10	5.56e-08	5.69e-06	1.95e-04	2.54e-03	2.36e-02	4.71e-01	4.02e-01	1.00e-01
 1.33322e+23	0.00e+00	3.01e-30	1.66e-25	1.53e-21	6.42e-17	2.49e-13	2.41e-10	6.28e-08	6.31e-06	2.12e-04	2.70e-03	2.44e-02	4.77e-01	3.99e-01	9.71e-02
 1.35879e+23	0.00e+00	4.01e-30	2.13e-25	1.90e-21	7.92e-17	3.02e-13	2.88e-10	7.33e-08	7.20e-06	2.35e-04	2.91e-03	2.56e-02	4.85e-01	3.94e-01	9.32e-02
 1.39203e+23	0.00e+00	5.78e-30	2.93e-25	2.49e-21	1.04e-16	3.89e-13	3.62e-10	8.95e-08	8.54e-06	2.70e-04	3.21e-03	2.71e-02	4.94e-01	3.87e-01	8.83e-02
 1.42550e+23	0.00e+00	8.94e-30	4.29e-25	3.44e-21	1.43e-16	5.25e-13	4.76e-10	1.14e-07	1.05e-05	3.18e-04	3.62e-03	2.90e-02	5.06e-01	3.78e-01	8.27e-02
 1.44972e+23	0.00e+00	1.22e-29	5.64e-25	4.34e-21	1.80e-16	6.52e-13	5.80e-10	1.35e-07	1.21e-05	3.57e-04	3.93e-03	3.05e-02	5.14e-01	3.72e-01	7.88e-02
 1.46813e+23	0.00e+00	1.45e-29	6.53e-25	4.92e-21	2.04e-16	7.32e-13	6.44e-10	1.48e-07	1.31e-05	3.80e-04	4.11e-03	3.13e-02	5.18e-01	3.69e-01	7.68e-02
 1.48856e+23	0.00e+00	1.83e-29	7.97e-25	5.82e-21	2.41e-16	8.60e-13	7.46e-10	1.68e-07	1.46e-05	4.15e-04	4.38e-03	3.25e-02	5.24e-01	3.64e-01	7.40e-02
 1.51512e+23	0.00e+00	2.32e-29	9.82e-25	6.94e-21	2.88e-16	1.02e-12	8.70e-10	1.93e-07	1.64e-05	4.54e-04	4.67e-03	3.37e-02	5.31e-01	3.59e-01	7.12e-02
 1.54964e+23	0.00e+00	3.13e-29	1.27e-24	8.62e-21	3.58e-16	1.25e-12	1.05e-09	2.27e-07	1.88e-05	5.08e-04	5.06e-03	3.53e-02	5.38e-01	3.53e-01	6.78e-02
 1.59453e+23	0.00e+00	4.48e-29	1.73e-24	1.12e-20	4.67e-16	1.60e-12	1.32e-09	2.77e-07	2.23e-05	5.81e-04	5.58e-03	3.73e-02	5.47e-01	3.46e-01	6.39e-02
 1.64063e+23	0.00e+00	7.10e-29	2.58e-24	1.56e-20	6.57e-16	2.22e-12	1.78e-09	3.60e-07	2.78e-05	6.93e-04	6.33e-03	4.01e-02	5.58e-01	3.35e-01	5.90e-02
 1.67417e+23	0.00e+00	1.02e-28	3.52e-24	2.02e-20	8.59e-16	2.87e-12	2.25e-09	4.42e-07	3.31e-05	7.97e-04	6.99e-03	4.24e-02	5.67e-01	3.27e-01	5.54e-02
 1.69740e+23	0.00e+00	1.22e-28	4.12e-24	2.31e-20	9.81e-16	3.25e-12	2.52e-09	4.88e-07	3.59e-05	8.50e-04	7.32e-03	4.35e-02	5.71e-01	3.23e-01	5.37e-02
 1.72141e+23	0.00e+00	1.47e-28	4.81e-24	2.62e-20	1.12e-15	3.70e-12	2.85e-09	5.43e-07	3.94e-05	9.14e-04	7.72e-03	4.48e-02	5.75e-01	3.19e-01	5.19e-02
 1.75262e+23	0.00e+00	1.77e-28	5.64e-24	3.00e-20	1.29e-15	4.22e-12	3.21e-09	6.03e-07	4.30e-05	9.80e-04	8.11e-03	4.61e-02	5.80e-01	3.15e-01	5.02e-02
 1.79320e+23	0.00e+00	2.26e-28	6.95e-24	3.56e-20	1.55e-15	5.02e-12	3.77e-09	6.94e-07	4.84e-05	1.08e-03	8.68e-03	4.79e-02	5.85e-01	3.09e-01	4.79e-02
 1.84595e+23	0.00e+00	2.98e-28	8.81e-24	4.33e-20	1.90e-15	6.11e-12	4.52e-09	8.14e-07	5.54e-05	1.20e-03	9.36e-03	5.00e-02	5.91e-01	3.03e-01	4.55e-02
 1.91389e+23	0.00e+00	4.14e-28	1.17e-23	5.47e-20	2.42e-15	7.73e-12	5.61e-09	9.83e-07	6.49e-05	1.36e-03	1.02e-02	5.26e-02	5.98e-01	2.95e-01	4.27e-02
 1.98414e+23	0.00e+00	6.50e-28	1.71e-23	7.48e-20	3.38e-15	1.07e-11	7.56e-09	1.28e-06	8.09e-05	1.62e-03	1.16e-02	5.63e-02	6.07e-01	2.84e-01	3.90e-02
 2.03481e+23	0.00e+00	9.34e-28	2.33e-23	9.66e-20	4.43e-15	1.38e-11	9.59e-09	1.57e-06	9.63e-05	1.86e-03	1.28e-02	5.95e-02	6.14e-01	2.75e-01	3.63e-02
 2.06728e+23	0.00e+00	1.16e-27	2.79e-23	1.12e-19	5.19e-15	1.61e-11	1.11e-08	1.79e-06	1.07e-04	2.02e-03	1.36e-02	6.15e-02	6.18e-01	2.70e-01	3.47e-02
 2.09930e+23	0.00e+00	1.28e-27	3.03e-23	1.20e-19	5.58e-15	1.73e-11	1.18e-08	1.89e-06	1.12e-04	2.10e-03	1.39e-02	6.23e-02	6.20e-01	2.68e-01	3.40e-02
 2.14092e+23	0.00e+00	1.45e-27	3.39e-23	1.31e-19	6.15e-15	1.90e-11	1.29e-08	2.04e-06	1.20e-04	2.21e-03	1.45e-02	6.36e-02	6.22e-01	2.64e-01	3.31e-02
 2.19503e+23	0.00e+00	1.67e-27	3.82e-23	1.44e-19	6.83e-15	2.10e-11	1.42e-08	2.22e-06	1.28e-04	2.34e-03	1.50e-02	6.50e-02	6.25e-01	2.61e-01	3.21e-02
 2.26537e+23	0.00e+00	1.95e-27	4.36e-23	1.61e-19	7.65e-15	2.34e-11	1.57e-08	2.42e-06	1.38e-04	2.47e-03	1.57e-02	6.65e-02	6.27e-01	2.57e-01	3.11e-02
 2.34262e+23	0.00e+00	2.48e-27	5.34e-23	1.90e-19	9.14e-15	2.78e-11	1.84e-08	2.78e-06	1.55e-04	2.71e-03	1.67e-02	6.88e-02	6.31e-01	2.51e-01	2.95e-02
 2.41384e+23	0.00e+00	3.08e-27	6.42e-23	2.21e-19	1.07e-14	3.25e-11	2.12e-08	3.16e-06	1.73e-04	2.95e-03	1.77e-02	7.11e-02	6.34e-01	2.46e-01	2.81e-02
 2.47793e+23	0.00e+00	3.61e-27	7.35e-23	2.47e-19	1.20e-14	3.63e-11	2.35e-08	3.45e-06	1.86e-04	3.12e-03	1.85e-02	7.27e-02	6.36e-01	2.42e-01	2.72e-02
 2.53562e+23	0.00e+00	4.09e-27	8.18e-23	2.70e-19	1.32e-14	3.97e-11	2.55e-08	3.71e-06	1.97e-04	3.27e-03	1.91e-02	7.40e-02	6.38e-01	2.39e-01	2.65e-02
 2.58754e+23	0.00e+00	4.51e-27	8.86e-23	2.88e-19	1.42e-14	4.25e-11	2.72e-08	3.93e-06	2.07e-04	3.40e-03	1.96e-02	7.51e-02	6.39e-01	2.37e-01	2.59e-02
 2.63427e+23	0.00e+00	4.96e-27	9.62e-23	3.07e-19	1.52e-14	4.56e-11	2.90e-08	4.16e-06	2.17e-04	3.53e-03	2.01e-02	7.62e-02	6.40e-01	2.34e-01	2.53e-02
 2.67632e+23	0.00e+00	5.38e-27	1.03e-22	3.24e-19	1.62e-14	4.83e-11	3.07e-08	4.37e-06	2.26e-04	3.65e-03	2.06e-02	7.71e-02	6.41e-01	2.32e-01	2.48e-02
 2.71417e+23	0.00e+00	5.90e-27	1.11e-22	3.46e-19	1.73e-14	5.15e-11	3.25e-08	4.60e-06	2.36e-04	3.77e-03	2.11e-02	7.80e-02	6.42e-01	2.30e-01	2.43e-02
 2.74824e+23	0.00e+00	6.30e-27	1.18e-22	3.61e-19	1.81e-14	5.40e-11	3.41e-08	4.79e-06	2.44e-04	3.87e-03	2.15e-02	7.89e-02	6.43e-01	2.28e-01	2.39e-02
 2.77965e+23	0.00e+00	6.56e-27	1.22e-22	3.72e-19	1.87e-14	5.56e-11	3.50e-08	4.91e-06	2.49e-04	3.93e-03	2.17e-02	7.93e-02	6.44e-01	2.27e-01	2.37e-02
 2.81020e+23	0.00e+00	6.70e-27	1.24e-22	3.77e-19	1.90e-14	5.65e-11	3.55e-08	4.97e-06	2.51e-04	3.97e-03	2.18e-02	7.96e-02	6.44e-01	2.27e-01	2.36e-02
 2.84074e+23	0.00e+00	6.87e-27	1.26e-22	3.83e-19	1.93e-14	5.75e-11	3.61e-08	5.05e-06	2.54e-04	4.01e-03	2.20e-02	7.99e-02	6.44e-01	2.26e-01	2.35e-02
 2.87129e+23	0.00e+00	7.01e-27	1.29e-22	3.88e-19	1.96e-14	5.84e-11	3.66e-08	5.11e-06	2.57e-04	4.04e-03	2.21e-02	8.01e-02	6.44e-01	2.26e-01	2.33e-02
 2.90184e+23	0.00e+00	7.12e-27	1.31e-22	3.93e-19	1.99e-14	5.90e-11	3.69e-08	5.15e-06	2.59e-04	4.06e-03	2.22e-02	8.03e-02	6.45e-01	2.25e-01	2.33e-02
 2.93239e+23	0.00e+00	7.17e-27	1.31e-22	3.95e-19	2.00e-14	5.93e-11	3.71e-08	5.17e-06	2.59e-04	4.07e-03	2.22e-02	8.03e-02	6.45e-01	2.25e-01	2.32e-02
 2.96294e+23	0.00e+00	7.22e-27	1.32e-22	3.97e-19	2.01e-14	5.96e-11	3.73e-08	5.19e-06	2.60e-04	4.08e-03	2.23e-02	8.04e-02	6.45e-01	2.25e-01	2.32e-02
 2.99348e+23	0.00e+00	7.27e-27	1.33e-22	3.99e-19	2.02e-14	5.98e-11	3.74e-08	5.21e-06	2.61e-04	4.09e-03	2.23e-02	8.05e-02	6.45e-01	2.25e-01	2.32e-02
 3.02403e+23	0.00e+00	7.31e-27	1.33e-22	4.01e-19	2.02e-14	6.01e-11	3.76e-08	5.22e-06	2.62e-04	4.10e-03	2.24e-02	8.06e-02	6.45e-01	2.25e-01	2.31e-02
 3.04706e+23	0.00e+00	7.90e-27	1.42e-22	4.22e-19	2.14e-14	6.35e-11	3.95e-08	5.46e-06	2.72e-04	4.22e-03	2.28e-02	8.14e-02	6.46e-01	2.23e-01	2.27e-02
