#depth	N	N+	N+2	N+3	N+4	N+5	N+6	N+7
 6.17135e+19	0.00e+00	0.00e+00	0.00e+00	3.84e-25	9.46e-18	5.57e-11	9.36e-06	1.00e+00
 1.87609e+20	0.00e+00	0.00e+00	0.00e+00	5.24e-25	1.19e-17	6.51e-11	1.01e-05	1.00e+00
 3.18540e+20	0.00e+00	0.00e+00	0.00e+00	7.15e-25	1.51e-17	7.61e-11	1.09e-05	1.00e+00
 4.54709e+20	0.00e+00	0.00e+00	0.00e+00	9.76e-25	1.90e-17	8.89e-11	1.18e-05	1.00e+00
 5.96324e+20	0.00e+00	0.00e+00	0.00e+00	1.33e-24	2.40e-17	1.04e-10	1.28e-05	1.00e+00
 7.43604e+20	0.00e+00	0.00e+00	0.00e+00	1.82e-24	3.03e-17	1.21e-10	1.38e-05	1.00e+00
 8.96775e+20	0.00e+00	0.00e+00	0.00e+00	2.48e-24	3.82e-17	1.41e-10	1.49e-05	1.00e+00
 1.05607e+21	0.00e+00	0.00e+00	4.61e-32	3.38e-24	4.82e-17	1.65e-10	1.61e-05	1.00e+00
 1.22174e+21	0.00e+00	0.00e+00	6.80e-32	4.60e-24	6.08e-17	1.93e-10	1.74e-05	1.00e+00
 1.39404e+21	0.00e+00	0.00e+00	1.00e-31	6.28e-24	7.67e-17	2.25e-10	1.88e-05	1.00e+00
 1.55868e+21	0.00e+00	0.00e+00	1.43e-31	8.35e-24	9.50e-17	2.60e-10	2.02e-05	1.00e+00
 1.70981e+21	0.00e+00	0.00e+00	1.97e-31	1.08e-23	1.15e-16	2.95e-10	2.16e-05	1.00e+00
 1.88074e+21	0.00e+00	0.00e+00	2.79e-31	1.42e-23	1.41e-16	3.38e-10	2.31e-05	1.00e+00
 2.07861e+21	0.00e+00	0.00e+00	4.10e-31	1.93e-23	1.78e-16	3.95e-10	2.50e-05	1.00e+00
 2.26953e+21	0.00e+00	0.00e+00	5.87e-31	2.57e-23	2.20e-16	4.56e-10	2.69e-05	1.00e+00
 2.44617e+21	0.00e+00	0.00e+00	8.10e-31	3.33e-23	2.67e-16	5.18e-10	2.86e-05	1.00e+00
 2.64553e+21	0.00e+00	0.00e+00	1.15e-30	4.40e-23	3.29e-16	5.95e-10	3.07e-05	1.00e+00
 2.86864e+21	0.00e+00	0.00e+00	1.68e-30	5.95e-23	4.12e-16	6.92e-10	3.31e-05	1.00e+00
 3.08061e+21	0.00e+00	0.00e+00	2.37e-30	7.84e-23	5.06e-16	7.94e-10	3.55e-05	1.00e+00
 3.30719e+21	0.00e+00	0.00e+00	3.39e-30	1.04e-22	6.26e-16	9.15e-10	3.82e-05	1.00e+00
 3.55314e+21	0.00e+00	0.00e+00	4.92e-30	1.40e-22	7.82e-16	1.06e-09	4.11e-05	1.00e+00
 3.78501e+21	0.00e+00	0.00e+00	6.92e-30	1.84e-22	9.57e-16	1.22e-09	4.41e-05	1.00e+00
 4.03592e+21	0.00e+00	0.00e+00	9.86e-30	2.44e-22	1.18e-15	1.40e-09	4.73e-05	1.00e+00
 4.31479e+21	0.00e+00	0.00e+00	1.44e-29	3.30e-22	1.48e-15	1.63e-09	5.11e-05	1.00e+00
 4.57921e+21	0.00e+00	0.00e+00	2.04e-29	4.36e-22	1.82e-15	1.87e-09	5.48e-05	1.00e+00
 4.86021e+21	0.00e+00	0.00e+00	2.92e-29	5.79e-22	2.25e-15	2.15e-09	5.89e-05	1.00e+00
 5.16956e+21	0.00e+00	0.00e+00	4.27e-29	7.82e-22	2.81e-15	2.50e-09	6.35e-05	1.00e+00
 5.43840e+21	0.00e+00	0.00e+00	5.87e-29	1.01e-21	3.39e-15	2.84e-09	6.78e-05	1.00e+00
 5.66039e+21	0.00e+00	0.00e+00	7.58e-29	1.23e-21	3.95e-15	3.14e-09	7.13e-05	1.00e+00
 5.90580e+21	0.00e+00	0.00e+00	9.98e-29	1.54e-21	4.64e-15	3.50e-09	7.54e-05	1.00e+00
 6.22483e+21	0.00e+00	0.00e+00	1.41e-28	2.02e-21	5.69e-15	4.02e-09	8.09e-05	1.00e+00
 6.55460e+21	0.00e+00	0.00e+00	2.00e-28	2.66e-21	6.97e-15	4.60e-09	8.68e-05	1.00e+00
 6.82986e+21	0.00e+00	0.00e+00	2.65e-28	3.33e-21	8.22e-15	5.14e-09	9.19e-05	1.00e+00
 7.11923e+21	0.00e+00	0.00e+00	3.53e-28	4.17e-21	9.72e-15	5.76e-09	9.74e-05	1.00e+00
 7.49016e+21	0.00e+00	0.00e+00	5.04e-28	5.54e-21	1.20e-14	6.62e-09	1.05e-04	1.00e+00
 7.86418e+21	0.00e+00	0.00e+00	7.15e-28	7.29e-21	1.47e-14	7.59e-09	1.12e-04	1.00e+00
 8.17074e+21	0.00e+00	0.00e+00	9.42e-28	9.07e-21	1.72e-14	8.46e-09	1.19e-04	1.00e+00
 8.49252e+21	0.00e+00	0.00e+00	1.25e-27	1.13e-20	2.03e-14	9.45e-09	1.26e-04	1.00e+00
 8.90959e+21	0.00e+00	0.00e+00	1.78e-27	1.50e-20	2.49e-14	1.09e-08	1.35e-04	1.00e+00
 9.33517e+21	0.00e+00	0.00e+00	2.54e-27	1.98e-20	3.05e-14	1.25e-08	1.46e-04	1.00e+00
 9.65485e+21	0.00e+00	0.00e+00	3.29e-27	2.42e-20	3.54e-14	1.38e-08	1.53e-04	1.00e+00
 9.91053e+21	0.00e+00	0.00e+00	4.03e-27	2.84e-20	3.97e-14	1.49e-08	1.60e-04	1.00e+00
 1.02012e+22	0.00e+00	0.00e+00	5.04e-27	3.39e-20	4.51e-14	1.63e-08	1.67e-04	1.00e+00
 1.05790e+22	0.00e+00	0.00e+00	6.68e-27	4.22e-20	5.30e-14	1.81e-08	1.77e-04	1.00e+00
 1.09781e+22	0.00e+00	0.00e+00	8.99e-27	5.32e-20	6.26e-14	2.03e-08	1.89e-04	1.00e+00
 1.13152e+22	0.00e+00	0.00e+00	1.15e-26	6.43e-20	7.18e-14	2.23e-08	1.98e-04	1.00e+00
 1.16640e+22	0.00e+00	0.00e+00	1.46e-26	7.78e-20	8.24e-14	2.45e-08	2.09e-04	1.00e+00
 1.21174e+22	0.00e+00	0.00e+00	1.99e-26	9.88e-20	9.79e-14	2.76e-08	2.22e-04	1.00e+00
 1.25733e+22	0.00e+00	0.00e+00	2.71e-26	1.25e-19	1.16e-13	3.10e-08	2.37e-04	1.00e+00
 1.29276e+22	0.00e+00	0.00e+00	3.42e-26	1.50e-19	1.32e-13	3.39e-08	2.49e-04	1.00e+00
 1.32199e+22	0.00e+00	0.00e+00	4.14e-26	1.74e-19	1.47e-13	3.64e-08	2.59e-04	1.00e+00
 1.35368e+22	0.00e+00	0.00e+00	5.04e-26	2.03e-19	1.63e-13	3.92e-08	2.70e-04	1.00e+00
 1.39487e+22	0.00e+00	0.00e+00	6.47e-26	2.46e-19	1.88e-13	4.32e-08	2.85e-04	1.00e+00
 1.43758e+22	0.00e+00	0.00e+00	8.41e-26	3.00e-19	2.16e-13	4.76e-08	3.01e-04	1.00e+00
 1.47225e+22	0.00e+00	0.00e+00	1.03e-25	3.52e-19	2.41e-13	5.15e-08	3.14e-04	1.00e+00
 1.50269e+22	0.00e+00	0.00e+00	1.24e-25	4.04e-19	2.66e-13	5.50e-08	3.27e-04	1.00e+00
 1.53761e+22	0.00e+00	0.00e+00	1.51e-25	4.70e-19	2.96e-13	5.93e-08	3.41e-04	1.00e+00
 1.58302e+22	0.00e+00	0.00e+00	1.94e-25	5.69e-19	3.38e-13	6.51e-08	3.59e-04	1.00e+00
 1.62983e+22	0.00e+00	0.00e+00	2.52e-25	6.94e-19	3.88e-13	7.18e-08	3.80e-04	1.00e+00
 1.66721e+22	0.00e+00	0.00e+00	3.09e-25	8.09e-19	4.32e-13	7.74e-08	3.97e-04	1.00e+00
 1.69733e+22	0.00e+00	0.00e+00	3.64e-25	9.16e-19	4.70e-13	8.22e-08	4.11e-04	1.00e+00
 1.72932e+22	0.00e+00	0.00e+00	4.29e-25	1.04e-18	5.12e-13	8.73e-08	4.26e-04	1.00e+00
 1.77091e+22	0.00e+00	0.00e+00	5.29e-25	1.22e-18	5.72e-13	9.44e-08	4.46e-04	1.00e+00
 1.81419e+22	0.00e+00	0.00e+00	6.61e-25	1.44e-18	6.40e-13	1.02e-07	4.68e-04	1.00e+00
 1.84933e+22	0.00e+00	0.00e+00	7.88e-25	1.64e-18	7.00e-13	1.09e-07	4.87e-04	1.00e+00
 1.88469e+22	0.00e+00	4.51e-32	9.36e-25	1.87e-18	7.64e-13	1.16e-07	5.05e-04	9.99e-01
 1.93065e+22	0.00e+00	5.95e-32	1.17e-24	2.20e-18	8.53e-13	1.26e-07	5.31e-04	9.99e-01
 1.97666e+22	0.00e+00	7.84e-32	1.45e-24	2.59e-18	9.51e-13	1.36e-07	5.57e-04	9.99e-01
 2.01221e+22	0.00e+00	9.67e-32	1.72e-24	2.93e-18	1.03e-12	1.45e-07	5.78e-04	9.99e-01
 2.04792e+22	0.00e+00	1.19e-31	2.02e-24	3.31e-18	1.12e-12	1.54e-07	5.99e-04	9.99e-01
 2.08717e+22	0.00e+00	1.49e-31	2.41e-24	3.77e-18	1.22e-12	1.64e-07	6.24e-04	9.99e-01
 2.12266e+22	0.00e+00	1.82e-31	2.83e-24	4.24e-18	1.32e-12	1.73e-07	6.46e-04	9.99e-01
 2.15510e+22	0.00e+00	2.17e-31	3.26e-24	4.70e-18	1.41e-12	1.82e-07	6.67e-04	9.99e-01
 2.19192e+22	0.00e+00	2.66e-31	3.82e-24	5.29e-18	1.52e-12	1.93e-07	6.92e-04	9.99e-01
 2.23341e+22	0.00e+00	3.33e-31	4.56e-24	6.02e-18	1.66e-12	2.06e-07	7.20e-04	9.99e-01
 2.27247e+22	0.00e+00	4.10e-31	5.37e-24	6.79e-18	1.79e-12	2.18e-07	7.48e-04	9.99e-01
 2.30878e+22	0.00e+00	4.97e-31	6.25e-24	7.57e-18	1.92e-12	2.30e-07	7.74e-04	9.99e-01
 2.34998e+22	0.00e+00	6.11e-31	7.36e-24	8.54e-18	2.07e-12	2.44e-07	8.03e-04	9.99e-01
 2.39504e+22	0.00e+00	7.74e-31	8.84e-24	9.75e-18	2.25e-12	2.60e-07	8.39e-04	9.99e-01
 2.43440e+22	0.00e+00	9.46e-31	1.03e-23	1.09e-17	2.42e-12	2.75e-07	8.70e-04	9.99e-01
 2.46927e+22	0.00e+00	1.13e-30	1.19e-23	1.20e-17	2.57e-12	2.88e-07	8.98e-04	9.99e-01
 2.50901e+22	0.00e+00	1.36e-30	1.38e-23	1.34e-17	2.76e-12	3.04e-07	9.29e-04	9.99e-01
 2.56067e+22	0.00e+00	1.75e-30	1.67e-23	1.54e-17	3.00e-12	3.26e-07	9.73e-04	9.99e-01
 2.61094e+22	0.00e+00	2.24e-30	2.02e-23	1.77e-17	3.26e-12	3.48e-07	1.02e-03	9.99e-01
 2.64806e+22	0.00e+00	2.67e-30	2.32e-23	1.95e-17	3.47e-12	3.65e-07	1.05e-03	9.99e-01
 2.68496e+22	0.00e+00	3.16e-30	2.65e-23	2.14e-17	3.67e-12	3.83e-07	1.09e-03	9.99e-01
 2.73293e+22	0.00e+00	3.94e-30	3.14e-23	2.41e-17	3.95e-12	4.06e-07	1.13e-03	9.99e-01
 2.78409e+22	0.00e+00	4.97e-30	3.76e-23	2.74e-17	4.26e-12	4.32e-07	1.18e-03	9.99e-01
 2.82822e+22	0.00e+00	6.08e-30	4.39e-23	3.06e-17	4.55e-12	4.56e-07	1.22e-03	9.99e-01
 2.86818e+22	0.00e+00	7.23e-30	5.02e-23	3.37e-17	4.82e-12	4.79e-07	1.26e-03	9.99e-01
 2.91388e+22	0.00e+00	8.80e-30	5.84e-23	3.75e-17	5.14e-12	5.05e-07	1.31e-03	9.99e-01
 2.96448e+22	0.00e+00	1.09e-29	6.91e-23	4.22e-17	5.51e-12	5.36e-07	1.37e-03	9.99e-01
 3.01075e+22	0.00e+00	1.33e-29	8.04e-23	4.69e-17	5.87e-12	5.65e-07	1.42e-03	9.99e-01
 3.05323e+22	0.00e+00	1.59e-29	9.22e-23	5.17e-17	6.21e-12	5.93e-07	1.46e-03	9.99e-01
 3.10148e+22	0.00e+00	1.93e-29	1.07e-22	5.74e-17	6.61e-12	6.26e-07	1.52e-03	9.98e-01
 3.16422e+22	0.00e+00	2.48e-29	1.30e-22	6.57e-17	7.15e-12	6.70e-07	1.59e-03	9.98e-01
 3.22736e+22	0.00e+00	3.20e-29	1.58e-22	7.54e-17	7.75e-12	7.18e-07	1.67e-03	9.98e-01
 3.27533e+22	0.00e+00	3.89e-29	1.83e-22	8.37e-17	8.22e-12	7.57e-07	1.73e-03	9.98e-01
 3.32198e+22	0.00e+00	4.62e-29	2.10e-22	9.20e-17	8.70e-12	7.95e-07	1.79e-03	9.98e-01
 3.38262e+22	0.00e+00	5.80e-29	2.50e-22	1.04e-16	9.35e-12	8.47e-07	1.86e-03	9.98e-01
 3.44528e+22	0.00e+00	7.35e-29	3.00e-22	1.18e-16	1.01e-11	9.05e-07	1.95e-03	9.98e-01
 3.49653e+22	0.00e+00	8.92e-29	3.48e-22	1.31e-16	1.07e-11	9.55e-07	2.02e-03	9.98e-01
 3.54908e+22	0.00e+00	1.07e-28	4.01e-22	1.45e-16	1.14e-11	1.01e-06	2.09e-03	9.98e-01
 3.61741e+22	0.00e+00	1.36e-28	4.83e-22	1.65e-16	1.23e-11	1.08e-06	2.18e-03	9.98e-01
 3.68730e+22	0.00e+00	1.74e-28	5.84e-22	1.89e-16	1.33e-11	1.16e-06	2.28e-03	9.98e-01
 3.74225e+22	0.00e+00	2.11e-28	6.78e-22	2.11e-16	1.42e-11	1.22e-06	2.36e-03	9.98e-01
 3.79670e+22	0.00e+00	2.52e-28	7.79e-22	2.33e-16	1.51e-11	1.29e-06	2.44e-03	9.98e-01
 3.86748e+22	0.00e+00	3.17e-28	9.32e-22	2.64e-16	1.63e-11	1.38e-06	2.55e-03	9.97e-01
 3.94194e+22	0.00e+00	4.05e-28	1.13e-21	3.03e-16	1.77e-11	1.48e-06	2.66e-03	9.97e-01
 4.00480e+22	0.00e+00	4.97e-28	1.32e-21	3.40e-16	1.90e-11	1.57e-06	2.76e-03	9.97e-01
 4.07013e+22	0.00e+00	6.06e-28	1.54e-21	3.80e-16	2.03e-11	1.66e-06	2.86e-03	9.97e-01
 4.15507e+22	0.00e+00	7.81e-28	1.89e-21	4.39e-16	2.23e-11	1.80e-06	2.99e-03	9.97e-01
 4.24303e+22	0.00e+00	1.02e-27	2.33e-21	5.11e-16	2.45e-11	1.94e-06	3.14e-03	9.97e-01
 4.31196e+22	0.00e+00	1.25e-27	2.74e-21	5.75e-16	2.64e-11	2.07e-06	3.26e-03	9.97e-01
 4.36957e+22	0.00e+00	1.48e-27	3.12e-21	6.33e-16	2.80e-11	2.18e-06	3.35e-03	9.97e-01
 4.43542e+22	0.00e+00	1.78e-27	3.60e-21	7.04e-16	3.00e-11	2.30e-06	3.46e-03	9.97e-01
 4.52103e+22	0.00e+00	2.24e-27	4.33e-21	8.06e-16	3.27e-11	2.47e-06	3.60e-03	9.96e-01
 4.61338e+22	0.00e+00	2.89e-27	5.30e-21	9.35e-16	3.60e-11	2.67e-06	3.77e-03	9.96e-01
 4.69462e+22	0.00e+00	3.59e-27	6.30e-21	1.06e-15	3.91e-11	2.85e-06	3.91e-03	9.96e-01
 4.76832e+22	0.00e+00	4.36e-27	7.34e-21	1.19e-15	4.22e-11	3.03e-06	4.04e-03	9.96e-01
 4.85206e+22	0.00e+00	5.34e-27	8.65e-21	1.35e-15	4.57e-11	3.23e-06	4.19e-03	9.96e-01
 4.96093e+22	0.00e+00	7.00e-27	1.07e-20	1.58e-15	5.08e-11	3.51e-06	4.39e-03	9.96e-01
 5.06812e+22	0.00e+00	9.17e-27	1.33e-20	1.86e-15	5.65e-11	3.81e-06	4.59e-03	9.95e-01
 5.14868e+22	0.00e+00	1.11e-26	1.56e-20	2.09e-15	6.11e-11	4.05e-06	4.75e-03	9.95e-01
 5.22898e+22	0.00e+00	1.34e-26	1.80e-20	2.33e-15	6.58e-11	4.29e-06	4.90e-03	9.95e-01
 5.33337e+22	0.00e+00	1.68e-26	2.17e-20	2.68e-15	7.23e-11	4.61e-06	5.09e-03	9.95e-01
 5.44989e+22	0.00e+00	2.21e-26	2.69e-20	3.15e-15	8.06e-11	5.02e-06	5.32e-03	9.95e-01
 5.55498e+22	0.00e+00	2.79e-26	3.25e-20	3.64e-15	8.88e-11	5.40e-06	5.54e-03	9.94e-01
 5.64825e+22	0.00e+00	3.41e-26	3.83e-20	4.11e-15	9.65e-11	5.75e-06	5.73e-03	9.94e-01
 5.75337e+22	0.00e+00	4.24e-26	4.56e-20	4.70e-15	1.06e-10	6.16e-06	5.94e-03	9.94e-01
 5.89001e+22	0.00e+00	5.56e-26	5.68e-20	5.55e-15	1.18e-10	6.70e-06	6.21e-03	9.94e-01
 6.02760e+22	0.00e+00	7.40e-26	7.15e-20	6.62e-15	1.34e-10	7.33e-06	6.51e-03	9.93e-01
 6.13340e+22	0.00e+00	9.15e-26	8.49e-20	7.55e-15	1.46e-10	7.84e-06	6.74e-03	9.93e-01
 6.23790e+22	0.00e+00	1.11e-25	9.95e-20	8.52e-15	1.59e-10	8.33e-06	6.96e-03	9.93e-01
 6.37377e+22	0.00e+00	1.43e-25	1.22e-19	9.95e-15	1.77e-10	9.02e-06	7.25e-03	9.93e-01
 6.52126e+22	0.00e+00	1.88e-25	1.52e-19	1.18e-14	1.99e-10	9.83e-06	7.58e-03	9.92e-01
 6.65081e+22	0.00e+00	2.38e-25	1.85e-19	1.37e-14	2.21e-10	1.06e-05	7.88e-03	9.92e-01
 6.76835e+22	0.00e+00	2.93e-25	2.19e-19	1.56e-14	2.41e-10	1.13e-05	8.15e-03	9.92e-01
 6.90334e+22	0.00e+00	3.68e-25	2.63e-19	1.79e-14	2.66e-10	1.21e-05	8.45e-03	9.92e-01
 7.07884e+22	0.00e+00	4.85e-25	3.30e-19	2.14e-14	3.01e-10	1.32e-05	8.84e-03	9.91e-01
 7.26466e+22	0.00e+00	6.67e-25	4.27e-19	2.61e-14	3.46e-10	1.46e-05	9.30e-03	9.91e-01
 7.40621e+22	0.00e+00	8.47e-25	5.18e-19	3.03e-14	3.84e-10	1.58e-05	9.66e-03	9.90e-01
 7.50998e+22	0.00e+00	9.98e-25	5.93e-19	3.36e-14	4.13e-10	1.66e-05	9.92e-03	9.90e-01
 7.62232e+22	0.00e+00	1.18e-24	6.81e-19	3.74e-14	4.45e-10	1.75e-05	1.02e-02	9.90e-01
 7.76837e+22	6.97e-32	1.47e-24	8.13e-19	4.28e-14	4.90e-10	1.87e-05	1.05e-02	9.89e-01
 7.95822e+22	9.58e-32	1.92e-24	1.01e-18	5.07e-14	5.52e-10	2.04e-05	1.10e-02	9.89e-01
 8.15403e+22	1.36e-31	2.58e-24	1.29e-18	6.11e-14	6.30e-10	2.23e-05	1.15e-02	9.88e-01
 8.30948e+22	1.78e-31	3.24e-24	1.55e-18	7.06e-14	6.97e-10	2.40e-05	1.19e-02	9.88e-01
 8.43304e+22	2.17e-31	3.83e-24	1.78e-18	7.86e-14	7.52e-10	2.52e-05	1.23e-02	9.88e-01
 8.56324e+22	2.70e-31	4.61e-24	2.07e-18	8.83e-14	8.16e-10	2.67e-05	1.26e-02	9.87e-01
 8.73249e+22	3.48e-31	5.72e-24	2.47e-18	1.01e-13	8.99e-10	2.86e-05	1.31e-02	9.87e-01
 8.91721e+22	4.67e-31	7.33e-24	3.02e-18	1.19e-13	1.00e-09	3.09e-05	1.36e-02	9.86e-01
 9.07843e+22	6.02e-31	9.08e-24	3.61e-18	1.36e-13	1.11e-09	3.30e-05	1.40e-02	9.86e-01
 9.21999e+22	7.49e-31	1.09e-23	4.19e-18	1.53e-13	1.20e-09	3.49e-05	1.44e-02	9.86e-01
 9.35676e+22	9.12e-31	1.29e-23	4.81e-18	1.70e-13	1.30e-09	3.68e-05	1.48e-02	9.85e-01
 9.51172e+22	1.14e-30	1.56e-23	5.62e-18	1.92e-13	1.41e-09	3.90e-05	1.53e-02	9.85e-01
 9.68360e+22	1.45e-30	1.92e-23	6.65e-18	2.19e-13	1.55e-09	4.15e-05	1.57e-02	9.84e-01
 9.84318e+22	1.83e-30	2.33e-23	7.80e-18	2.48e-13	1.69e-09	4.41e-05	1.62e-02	9.84e-01
 9.99056e+22	2.25e-30	2.77e-23	9.01e-18	2.77e-13	1.83e-09	4.66e-05	1.67e-02	9.83e-01
 1.01564e+23	2.80e-30	3.34e-23	1.05e-17	3.12e-13	1.99e-09	4.93e-05	1.71e-02	9.83e-01
 1.03719e+23	3.63e-30	4.16e-23	1.26e-17	3.59e-13	2.20e-09	5.27e-05	1.77e-02	9.82e-01
 1.05999e+23	4.94e-30	5.40e-23	1.56e-17	4.24e-13	2.48e-09	5.71e-05	1.84e-02	9.82e-01
 1.07749e+23	6.30e-30	6.63e-23	1.84e-17	4.83e-13	2.72e-09	6.08e-05	1.90e-02	9.81e-01
 1.09034e+23	7.42e-30	7.62e-23	2.07e-17	5.28e-13	2.90e-09	6.34e-05	1.94e-02	9.81e-01
 1.10406e+23	8.76e-30	8.77e-23	2.32e-17	5.78e-13	3.09e-09	6.62e-05	1.98e-02	9.80e-01
 1.12189e+23	1.08e-29	1.04e-22	2.68e-17	6.47e-13	3.34e-09	6.98e-05	2.04e-02	9.80e-01
 1.14507e+23	1.39e-29	1.30e-22	3.20e-17	7.44e-13	3.69e-09	7.46e-05	2.10e-02	9.79e-01
 1.16944e+23	1.88e-29	1.68e-22	3.95e-17	8.76e-13	4.15e-09	8.06e-05	2.19e-02	9.78e-01
 1.18892e+23	2.39e-29	2.06e-22	4.68e-17	9.99e-13	4.55e-09	8.57e-05	2.25e-02	9.77e-01
 1.20498e+23	2.91e-29	2.43e-22	5.36e-17	1.11e-12	4.91e-09	9.01e-05	2.31e-02	9.77e-01
 1.22304e+23	3.51e-29	2.84e-22	6.11e-17	1.23e-12	5.27e-09	9.45e-05	2.36e-02	9.76e-01
 1.24651e+23	4.41e-29	3.45e-22	7.16e-17	1.39e-12	5.76e-09	1.00e-04	2.43e-02	9.76e-01
 1.27245e+23	5.85e-29	4.39e-22	8.73e-17	1.63e-12	6.42e-09	1.08e-04	2.52e-02	9.75e-01
 1.29506e+23	7.53e-29	5.44e-22	1.04e-16	1.87e-12	7.08e-09	1.15e-04	2.60e-02	9.74e-01
 1.31355e+23	9.27e-29	6.49e-22	1.20e-16	2.09e-12	7.68e-09	1.21e-04	2.67e-02	9.73e-01
 1.33322e+23	1.10e-28	7.52e-22	1.36e-16	2.30e-12	8.21e-09	1.27e-04	2.73e-02	9.73e-01
 1.35879e+23	1.38e-28	9.10e-22	1.59e-16	2.60e-12	8.96e-09	1.34e-04	2.81e-02	9.72e-01
 1.39203e+23	1.85e-28	1.17e-21	1.96e-16	3.05e-12	1.00e-08	1.45e-04	2.91e-02	9.71e-01
 1.42550e+23	2.65e-28	1.58e-21	2.51e-16	3.71e-12	1.15e-08	1.58e-04	3.04e-02	9.69e-01
 1.44972e+23	3.40e-28	1.96e-21	3.00e-16	4.26e-12	1.27e-08	1.69e-04	3.14e-02	9.68e-01
 1.46813e+23	3.89e-28	2.19e-21	3.29e-16	4.58e-12	1.34e-08	1.75e-04	3.19e-02	9.68e-01
 1.48856e+23	4.73e-28	2.59e-21	3.77e-16	5.10e-12	1.44e-08	1.83e-04	3.27e-02	9.67e-01
 1.51512e+23	5.77e-28	3.07e-21	4.34e-16	5.70e-12	1.56e-08	1.93e-04	3.35e-02	9.66e-01
 1.54964e+23	7.39e-28	3.78e-21	5.17e-16	6.53e-12	1.72e-08	2.05e-04	3.46e-02	9.65e-01
 1.59453e+23	9.99e-28	4.89e-21	6.39e-16	7.70e-12	1.93e-08	2.22e-04	3.59e-02	9.64e-01
 1.64063e+23	1.49e-27	6.85e-21	8.44e-16	9.59e-12	2.26e-08	2.45e-04	3.77e-02	9.62e-01
 1.67417e+23	2.04e-27	8.96e-21	1.05e-15	1.14e-11	2.55e-08	2.66e-04	3.92e-02	9.61e-01
 1.69740e+23	2.36e-27	1.01e-20	1.17e-15	1.24e-11	2.70e-08	2.76e-04	3.99e-02	9.60e-01
 1.72141e+23	2.79e-27	1.17e-20	1.32e-15	1.36e-11	2.89e-08	2.88e-04	4.07e-02	9.59e-01
 1.75262e+23	3.27e-27	1.34e-20	1.47e-15	1.48e-11	3.07e-08	3.00e-04	4.15e-02	9.58e-01
 1.79320e+23	4.07e-27	1.62e-20	1.72e-15	1.68e-11	3.35e-08	3.17e-04	4.27e-02	9.57e-01
 1.84595e+23	5.21e-27	1.99e-20	2.05e-15	1.92e-11	3.69e-08	3.37e-04	4.40e-02	9.56e-01
 1.91389e+23	6.99e-27	2.56e-20	2.52e-15	2.26e-11	4.14e-08	3.64e-04	4.56e-02	9.54e-01
 1.98414e+23	1.05e-26	3.63e-20	3.37e-15	2.85e-11	4.87e-08	4.04e-04	4.80e-02	9.52e-01
 2.03481e+23	1.46e-26	4.80e-20	4.25e-15	3.42e-11	5.55e-08	4.39e-04	5.00e-02	9.50e-01
 2.06728e+23	1.78e-26	5.70e-20	4.90e-15	3.83e-11	6.01e-08	4.63e-04	5.12e-02	9.48e-01
 2.09930e+23	1.95e-26	6.14e-20	5.22e-15	4.02e-11	6.23e-08	4.73e-04	5.18e-02	9.48e-01
 2.14092e+23	2.20e-26	6.82e-20	5.70e-15	4.31e-11	6.54e-08	4.88e-04	5.26e-02	9.47e-01
 2.19503e+23	2.52e-26	7.64e-20	6.26e-15	4.65e-11	6.90e-08	5.05e-04	5.34e-02	9.46e-01
 2.26537e+23	2.88e-26	8.58e-20	6.90e-15	5.02e-11	7.29e-08	5.24e-04	5.44e-02	9.45e-01
 2.34262e+23	3.59e-26	1.04e-19	8.08e-15	5.69e-11	7.96e-08	5.55e-04	5.59e-02	9.44e-01
 2.41384e+23	4.40e-26	1.23e-19	9.34e-15	6.38e-11	8.64e-08	5.85e-04	5.73e-02	9.42e-01
 2.47793e+23	5.04e-26	1.38e-19	1.03e-14	6.89e-11	9.13e-08	6.06e-04	5.83e-02	9.41e-01
 2.53562e+23	5.65e-26	1.53e-19	1.12e-14	7.35e-11	9.57e-08	6.25e-04	5.92e-02	9.40e-01
 2.58754e+23	6.21e-26	1.66e-19	1.20e-14	7.76e-11	9.94e-08	6.40e-04	5.99e-02	9.39e-01
 2.63427e+23	6.81e-26	1.79e-19	1.28e-14	8.17e-11	1.03e-07	6.56e-04	6.06e-02	9.39e-01
 2.67632e+23	7.37e-26	1.92e-19	1.35e-14	8.55e-11	1.06e-07	6.69e-04	6.12e-02	9.38e-01
 2.71417e+23	7.98e-26	2.05e-19	1.43e-14	8.94e-11	1.10e-07	6.83e-04	6.18e-02	9.38e-01
 2.74824e+23	8.53e-26	2.17e-19	1.50e-14	9.29e-11	1.13e-07	6.96e-04	6.23e-02	9.37e-01
 2.77965e+23	8.87e-26	2.24e-19	1.54e-14	9.50e-11	1.15e-07	7.03e-04	6.26e-02	9.37e-01
 2.81020e+23	9.05e-26	2.28e-19	1.57e-14	9.61e-11	1.16e-07	7.06e-04	6.28e-02	9.37e-01
 2.84074e+23	9.29e-26	2.33e-19	1.59e-14	9.75e-11	1.17e-07	7.11e-04	6.30e-02	9.36e-01
 2.87129e+23	9.46e-26	2.37e-19	1.62e-14	9.86e-11	1.18e-07	7.15e-04	6.31e-02	9.36e-01
 2.90184e+23	9.57e-26	2.40e-19	1.63e-14	9.93e-11	1.18e-07	7.17e-04	6.32e-02	9.36e-01
 2.93239e+23	9.63e-26	2.41e-19	1.64e-14	9.96e-11	1.19e-07	7.18e-04	6.33e-02	9.36e-01
 2.96294e+23	9.69e-26	2.42e-19	1.64e-14	9.99e-11	1.19e-07	7.19e-04	6.33e-02	9.36e-01
 2.99348e+23	9.75e-26	2.43e-19	1.65e-14	1.00e-10	1.19e-07	7.20e-04	6.33e-02	9.36e-01
 3.02403e+23	9.80e-26	2.45e-19	1.66e-14	1.01e-10	1.20e-07	7.21e-04	6.34e-02	9.36e-01
 3.04706e+23	1.05e-25	2.60e-19	1.75e-14	1.05e-10	1.23e-07	7.35e-04	6.40e-02	9.35e-01
