#depth	Ar	Ar+	Ar+2	Ar+3	Ar+4	Ar+5	Ar+6	Ar+7	Ar+8	Ar+9	Ar+10	Ar+11	Ar+12	Ar+13	Ar+14	Ar+15	Ar+16	Ar+17	Ar+18
 6.17135e+19	0.00e+00	0.00e+00	0.00e+00	0.00e+00	0.00e+00	0.00e+00	0.00e+00	0.00e+00	0.00e+00	0.00e+00	5.52e-29	1.27e-24	1.62e-20	1.14e-16	6.31e-13	2.60e-09	1.78e-05	7.60e-03	9.92e-01
 1.87609e+20	0.00e+00	0.00e+00	0.00e+00	0.00e+00	0.00e+00	0.00e+00	0.00e+00	0.00e+00	0.00e+00	0.00e+00	1.03e-28	2.19e-24	2.59e-20	1.69e-16	8.62e-13	3.28e-09	2.08e-05	8.21e-03	9.92e-01
 3.18540e+20	0.00e+00	0.00e+00	0.00e+00	0.00e+00	0.00e+00	0.00e+00	0.00e+00	0.00e+00	0.00e+00	0.00e+00	1.92e-28	3.78e-24	4.13e-20	2.49e-16	1.18e-12	4.15e-09	2.43e-05	8.87e-03	9.91e-01
 4.54709e+20	0.00e+00	0.00e+00	0.00e+00	0.00e+00	0.00e+00	0.00e+00	0.00e+00	0.00e+00	0.00e+00	0.00e+00	3.57e-28	6.51e-24	6.58e-20	3.67e-16	1.60e-12	5.23e-09	2.84e-05	9.58e-03	9.90e-01
 5.96324e+20	0.00e+00	0.00e+00	0.00e+00	0.00e+00	0.00e+00	0.00e+00	0.00e+00	0.00e+00	0.00e+00	0.00e+00	6.64e-28	1.12e-23	1.05e-19	5.40e-16	2.19e-12	6.60e-09	3.31e-05	1.03e-02	9.90e-01
 7.43604e+20	0.00e+00	0.00e+00	0.00e+00	0.00e+00	0.00e+00	0.00e+00	0.00e+00	0.00e+00	0.00e+00	0.00e+00	1.23e-27	1.93e-23	1.67e-19	7.97e-16	2.98e-12	8.32e-09	3.87e-05	1.12e-02	9.89e-01
 8.96775e+20	0.00e+00	0.00e+00	0.00e+00	0.00e+00	0.00e+00	0.00e+00	0.00e+00	0.00e+00	0.00e+00	0.00e+00	2.30e-27	3.31e-23	2.65e-19	1.17e-15	4.06e-12	1.05e-08	4.51e-05	1.21e-02	9.88e-01
 1.05607e+21	0.00e+00	0.00e+00	0.00e+00	0.00e+00	0.00e+00	0.00e+00	0.00e+00	0.00e+00	0.00e+00	0.00e+00	4.27e-27	5.70e-23	4.23e-19	1.73e-15	5.54e-12	1.32e-08	5.27e-05	1.30e-02	9.87e-01
 1.22174e+21	0.00e+00	0.00e+00	0.00e+00	0.00e+00	0.00e+00	0.00e+00	0.00e+00	0.00e+00	0.00e+00	0.00e+00	7.95e-27	9.82e-23	6.73e-19	2.55e-15	7.55e-12	1.67e-08	6.15e-05	1.41e-02	9.86e-01
 1.39404e+21	0.00e+00	0.00e+00	0.00e+00	0.00e+00	0.00e+00	0.00e+00	0.00e+00	0.00e+00	0.00e+00	0.00e+00	1.48e-26	1.69e-22	1.07e-18	3.76e-15	1.03e-11	2.11e-08	7.18e-05	1.52e-02	9.85e-01
 1.55868e+21	0.00e+00	0.00e+00	0.00e+00	0.00e+00	0.00e+00	0.00e+00	0.00e+00	0.00e+00	0.00e+00	0.00e+00	2.62e-26	2.78e-22	1.65e-18	5.37e-15	1.37e-11	2.61e-08	8.27e-05	1.63e-02	9.84e-01
 1.70981e+21	0.00e+00	0.00e+00	0.00e+00	0.00e+00	0.00e+00	0.00e+00	0.00e+00	0.00e+00	0.00e+00	1.95e-30	4.34e-26	4.34e-22	2.41e-18	7.37e-15	1.76e-11	3.15e-08	9.38e-05	1.73e-02	9.83e-01
 1.88074e+21	0.00e+00	0.00e+00	0.00e+00	0.00e+00	0.00e+00	0.00e+00	0.00e+00	0.00e+00	0.00e+00	3.63e-30	7.55e-26	7.04e-22	3.64e-18	1.04e-14	2.32e-11	3.88e-08	1.08e-04	1.86e-02	9.81e-01
 2.07861e+21	0.00e+00	0.00e+00	0.00e+00	0.00e+00	0.00e+00	0.00e+00	0.00e+00	0.00e+00	0.00e+00	7.28e-30	1.40e-25	1.21e-21	5.79e-18	1.53e-14	3.16e-11	4.89e-08	1.25e-04	2.00e-02	9.80e-01
 2.26953e+21	0.00e+00	0.00e+00	0.00e+00	0.00e+00	0.00e+00	0.00e+00	0.00e+00	0.00e+00	0.00e+00	1.39e-29	2.48e-25	2.00e-21	8.90e-18	2.19e-14	4.21e-11	6.06e-08	1.45e-04	2.15e-02	9.78e-01
 2.44617e+21	0.00e+00	0.00e+00	0.00e+00	0.00e+00	0.00e+00	0.00e+00	0.00e+00	0.00e+00	0.00e+00	2.47e-29	4.15e-25	3.12e-21	1.31e-17	3.02e-14	5.44e-11	7.34e-08	1.64e-04	2.29e-02	9.77e-01
 2.64553e+21	0.00e+00	0.00e+00	0.00e+00	0.00e+00	0.00e+00	0.00e+00	0.00e+00	0.00e+00	0.00e+00	4.63e-29	7.25e-25	5.09e-21	1.99e-17	4.28e-14	7.19e-11	9.04e-08	1.89e-04	2.45e-02	9.75e-01
 2.86864e+21	0.00e+00	0.00e+00	0.00e+00	0.00e+00	0.00e+00	0.00e+00	0.00e+00	0.00e+00	0.00e+00	9.13e-29	1.33e-24	8.64e-21	3.13e-17	6.24e-14	9.72e-11	1.13e-07	2.19e-04	2.64e-02	9.73e-01
 3.08061e+21	0.00e+00	0.00e+00	0.00e+00	0.00e+00	0.00e+00	0.00e+00	0.00e+00	0.00e+00	0.00e+00	1.70e-28	2.30e-24	1.40e-20	4.73e-17	8.81e-14	1.28e-10	1.39e-07	2.51e-04	2.82e-02	9.72e-01
 3.30719e+21	0.00e+00	0.00e+00	0.00e+00	0.00e+00	0.00e+00	0.00e+00	0.00e+00	0.00e+00	0.00e+00	3.22e-28	4.07e-24	2.30e-20	7.25e-17	1.26e-13	1.70e-10	1.72e-07	2.89e-04	3.03e-02	9.69e-01
 3.55314e+21	0.00e+00	0.00e+00	0.00e+00	0.00e+00	0.00e+00	0.00e+00	0.00e+00	0.00e+00	0.00e+00	6.31e-28	7.38e-24	3.88e-20	1.13e-16	1.83e-13	2.29e-10	2.15e-07	3.35e-04	3.25e-02	9.67e-01
 3.78501e+21	0.00e+00	0.00e+00	0.00e+00	0.00e+00	0.00e+00	0.00e+00	0.00e+00	0.00e+00	0.00e+00	1.16e-27	1.27e-23	6.24e-20	1.70e-16	2.56e-13	3.00e-10	2.63e-07	3.84e-04	3.47e-02	9.65e-01
 4.03592e+21	0.00e+00	0.00e+00	0.00e+00	0.00e+00	0.00e+00	0.00e+00	0.00e+00	0.00e+00	0.00e+00	2.19e-27	2.24e-23	1.02e-19	2.60e-16	3.65e-13	3.98e-10	3.25e-07	4.41e-04	3.72e-02	9.62e-01
 4.31479e+21	0.00e+00	0.00e+00	0.00e+00	0.00e+00	0.00e+00	0.00e+00	0.00e+00	0.00e+00	0.00e+00	4.34e-27	4.10e-23	1.74e-19	4.11e-16	5.33e-13	5.39e-10	4.08e-07	5.13e-04	4.00e-02	9.59e-01
 4.57921e+21	0.00e+00	0.00e+00	0.00e+00	0.00e+00	0.00e+00	0.00e+00	0.00e+00	0.00e+00	0.00e+00	8.10e-27	7.14e-23	2.83e-19	6.22e-16	7.54e-13	7.11e-10	5.02e-07	5.88e-04	4.28e-02	9.57e-01
 4.86021e+21	0.00e+00	0.00e+00	0.00e+00	0.00e+00	0.00e+00	0.00e+00	0.00e+00	0.00e+00	0.00e+00	1.53e-26	1.26e-22	4.65e-19	9.53e-16	1.08e-12	9.44e-10	6.20e-07	6.76e-04	4.58e-02	9.53e-01
 5.16956e+21	0.00e+00	0.00e+00	0.00e+00	0.00e+00	0.00e+00	0.00e+00	0.00e+00	0.00e+00	1.88e-30	3.03e-26	2.31e-22	7.89e-19	1.50e-15	1.57e-12	1.28e-09	7.77e-07	7.84e-04	4.93e-02	9.50e-01
 5.43840e+21	0.00e+00	0.00e+00	0.00e+00	0.00e+00	0.00e+00	0.00e+00	0.00e+00	0.00e+00	3.54e-30	5.36e-26	3.83e-22	1.23e-18	2.19e-15	2.16e-12	1.64e-09	9.39e-07	8.89e-04	5.24e-02	9.47e-01
 5.66039e+21	0.00e+00	0.00e+00	0.00e+00	0.00e+00	0.00e+00	0.00e+00	0.00e+00	0.00e+00	5.88e-30	8.46e-26	5.75e-22	1.75e-18	2.98e-15	2.78e-12	2.01e-09	1.09e-06	9.82e-04	5.50e-02	9.44e-01
 5.90580e+21	0.00e+00	0.00e+00	0.00e+00	0.00e+00	0.00e+00	0.00e+00	0.00e+00	0.00e+00	1.02e-29	1.38e-25	8.91e-22	2.57e-18	4.14e-15	3.66e-12	2.50e-09	1.29e-06	1.09e-03	5.79e-02	9.41e-01
 6.22483e+21	0.00e+00	0.00e+00	0.00e+00	0.00e+00	0.00e+00	0.00e+00	0.00e+00	0.00e+00	2.03e-29	2.58e-25	1.55e-21	4.18e-18	6.27e-15	5.17e-12	3.30e-09	1.58e-06	1.25e-03	6.18e-02	9.37e-01
 6.55460e+21	0.00e+00	0.00e+00	0.00e+00	0.00e+00	0.00e+00	0.00e+00	0.00e+00	0.00e+00	4.04e-29	4.80e-25	2.69e-21	6.77e-18	9.49e-15	7.30e-12	4.34e-09	1.94e-06	1.43e-03	6.60e-02	9.33e-01
 6.82986e+21	0.00e+00	0.00e+00	0.00e+00	0.00e+00	0.00e+00	0.00e+00	0.00e+00	0.00e+00	7.05e-29	7.92e-25	4.20e-21	1.00e-17	1.33e-14	9.65e-12	5.42e-09	2.29e-06	1.60e-03	6.96e-02	9.29e-01
 7.11923e+21	0.00e+00	0.00e+00	0.00e+00	0.00e+00	0.00e+00	0.00e+00	0.00e+00	0.00e+00	1.25e-28	1.32e-24	6.63e-21	1.49e-17	1.87e-14	1.28e-11	6.81e-09	2.71e-06	1.79e-03	7.34e-02	9.25e-01
 7.49016e+21	0.00e+00	0.00e+00	0.00e+00	0.00e+00	0.00e+00	0.00e+00	0.00e+00	0.00e+00	2.54e-28	2.51e-24	1.17e-20	2.45e-17	2.86e-14	1.83e-11	9.04e-09	3.35e-06	2.05e-03	7.84e-02	9.19e-01
 7.86418e+21	0.00e+00	0.00e+00	0.00e+00	0.00e+00	0.00e+00	0.00e+00	0.00e+00	0.00e+00	5.07e-28	4.67e-24	2.04e-20	3.98e-17	4.34e-14	2.59e-11	1.19e-08	4.12e-06	2.35e-03	8.37e-02	9.14e-01
 8.17074e+21	0.00e+00	0.00e+00	0.00e+00	0.00e+00	0.00e+00	0.00e+00	0.00e+00	0.00e+00	8.76e-28	7.65e-24	3.15e-20	5.85e-17	6.03e-14	3.41e-11	1.48e-08	4.85e-06	2.62e-03	8.80e-02	9.09e-01
 8.49252e+21	0.00e+00	0.00e+00	0.00e+00	0.00e+00	0.00e+00	0.00e+00	0.00e+00	0.00e+00	1.54e-27	1.27e-23	4.95e-20	8.67e-17	8.46e-14	4.52e-11	1.85e-08	5.73e-06	2.92e-03	9.27e-02	9.04e-01
 8.90959e+21	0.00e+00	0.00e+00	0.00e+00	0.00e+00	0.00e+00	0.00e+00	0.00e+00	0.00e+00	3.10e-27	2.39e-23	8.69e-20	1.42e-16	1.29e-13	6.44e-11	2.46e-08	7.07e-06	3.35e-03	9.89e-02	8.98e-01
 9.33517e+21	0.00e+00	0.00e+00	0.00e+00	0.00e+00	0.00e+00	0.00e+00	0.00e+00	0.00e+00	6.25e-27	4.49e-23	1.52e-19	2.32e-16	1.97e-13	9.16e-11	3.25e-08	8.70e-06	3.83e-03	1.05e-01	8.91e-01
 9.65485e+21	0.00e+00	0.00e+00	0.00e+00	0.00e+00	0.00e+00	0.00e+00	0.00e+00	0.00e+00	1.04e-26	7.10e-23	2.29e-19	3.32e-16	2.68e-13	1.18e-10	3.98e-08	1.01e-05	4.23e-03	1.10e-01	8.85e-01
 9.91053e+21	0.00e+00	0.00e+00	0.00e+00	0.00e+00	0.00e+00	0.00e+00	0.00e+00	0.00e+00	1.55e-26	1.02e-22	3.16e-19	4.40e-16	3.41e-13	1.45e-10	4.67e-08	1.14e-05	4.57e-03	1.14e-01	8.81e-01
 1.02012e+22	0.00e+00	0.00e+00	0.00e+00	0.00e+00	0.00e+00	0.00e+00	0.00e+00	0.00e+00	2.42e-26	1.52e-22	4.50e-19	6.00e-16	4.46e-13	1.81e-10	5.57e-08	1.30e-05	4.98e-03	1.19e-01	8.76e-01
 1.05790e+22	0.00e+00	0.00e+00	0.00e+00	0.00e+00	0.00e+00	0.00e+00	0.00e+00	1.90e-30	4.22e-26	2.51e-22	7.02e-19	8.86e-16	6.23e-13	2.39e-10	6.96e-08	1.53e-05	5.54e-03	1.25e-01	8.69e-01
 1.09781e+22	0.00e+00	0.00e+00	0.00e+00	0.00e+00	0.00e+00	0.00e+00	0.00e+00	3.61e-30	7.58e-26	4.25e-22	1.13e-18	1.34e-15	8.90e-13	3.22e-10	8.80e-08	1.83e-05	6.21e-03	1.32e-01	8.62e-01
 1.13152e+22	0.00e+00	0.00e+00	0.00e+00	0.00e+00	0.00e+00	0.00e+00	0.00e+00	6.11e-30	1.22e-25	6.55e-22	1.65e-18	1.88e-15	1.19e-12	4.10e-10	1.07e-07	2.11e-05	6.81e-03	1.38e-01	8.56e-01
 1.16640e+22	0.00e+00	0.00e+00	0.00e+00	0.00e+00	0.00e+00	0.00e+00	0.00e+00	1.04e-29	1.98e-25	1.01e-21	2.43e-18	2.63e-15	1.59e-12	5.23e-10	1.29e-07	2.43e-05	7.47e-03	1.44e-01	8.49e-01
 1.21174e+22	0.00e+00	0.00e+00	0.00e+00	0.00e+00	0.00e+00	0.00e+00	0.00e+00	2.02e-29	3.63e-25	1.74e-21	3.95e-18	4.03e-15	2.29e-12	7.10e-10	1.65e-07	2.91e-05	8.38e-03	1.51e-01	8.40e-01
 1.25733e+22	0.00e+00	0.00e+00	0.00e+00	0.00e+00	0.00e+00	0.00e+00	0.00e+00	3.93e-29	6.68e-25	3.02e-21	6.44e-18	6.19e-15	3.32e-12	9.67e-10	2.10e-07	3.49e-05	9.42e-03	1.59e-01	8.31e-01
 1.29276e+22	0.00e+00	0.00e+00	0.00e+00	0.00e+00	0.00e+00	0.00e+00	0.00e+00	6.47e-29	1.05e-24	4.55e-21	9.28e-18	8.52e-15	4.38e-12	1.22e-09	2.52e-07	3.99e-05	1.03e-02	1.66e-01	8.24e-01
 1.32199e+22	0.00e+00	0.00e+00	0.00e+00	0.00e+00	0.00e+00	0.00e+00	0.00e+00	9.80e-29	1.54e-24	6.41e-21	1.26e-17	1.11e-14	5.52e-12	1.48e-09	2.94e-07	4.47e-05	1.10e-02	1.71e-01	8.18e-01
 1.35368e+22	0.00e+00	0.00e+00	0.00e+00	0.00e+00	0.00e+00	0.00e+00	0.00e+00	1.50e-28	2.26e-24	9.07e-21	1.72e-17	1.46e-14	6.97e-12	1.79e-09	3.43e-07	5.01e-05	1.19e-02	1.77e-01	8.11e-01
 1.39487e+22	0.00e+00	0.00e+00	0.00e+00	0.00e+00	0.00e+00	0.00e+00	0.00e+00	2.56e-28	3.69e-24	1.41e-20	2.54e-17	2.06e-14	9.38e-12	2.30e-09	4.17e-07	5.79e-05	1.30e-02	1.84e-01	8.03e-01
 1.43758e+22	0.00e+00	0.00e+00	0.00e+00	0.00e+00	0.00e+00	0.00e+00	0.00e+00	4.51e-28	6.18e-24	2.25e-20	3.85e-17	2.97e-14	1.29e-11	2.99e-09	5.13e-07	6.75e-05	1.44e-02	1.92e-01	7.93e-01
 1.47225e+22	0.00e+00	0.00e+00	0.00e+00	0.00e+00	0.00e+00	0.00e+00	0.00e+00	7.02e-28	9.26e-24	3.24e-20	5.33e-17	3.96e-14	1.65e-11	3.68e-09	6.03e-07	7.61e-05	1.55e-02	1.99e-01	7.86e-01
 1.50269e+22	0.00e+00	0.00e+00	0.00e+00	0.00e+00	0.00e+00	0.00e+00	0.00e+00	1.04e-27	1.32e-23	4.46e-20	7.10e-17	5.09e-14	2.04e-11	4.41e-09	6.96e-07	8.47e-05	1.66e-02	2.05e-01	7.79e-01
 1.53761e+22	0.00e+00	0.00e+00	0.00e+00	0.00e+00	0.00e+00	0.00e+00	0.00e+00	1.58e-27	1.94e-23	6.32e-20	9.69e-17	6.68e-14	2.59e-11	5.37e-09	8.13e-07	9.49e-05	1.78e-02	2.11e-01	7.71e-01
 1.58302e+22	0.00e+00	0.00e+00	0.00e+00	0.00e+00	0.00e+00	0.00e+00	0.00e+00	2.70e-27	3.16e-23	9.82e-20	1.43e-16	9.43e-14	3.48e-11	6.89e-09	9.88e-07	1.10e-04	1.95e-02	2.19e-01	7.61e-01
 1.62983e+22	0.00e+00	0.00e+00	0.00e+00	0.00e+00	0.00e+00	0.00e+00	0.00e+00	4.74e-27	5.30e-23	1.57e-19	2.18e-16	1.36e-13	4.78e-11	8.98e-09	1.22e-06	1.28e-04	2.15e-02	2.29e-01	7.50e-01
 1.66721e+22	0.00e+00	0.00e+00	0.00e+00	0.00e+00	0.00e+00	0.00e+00	0.00e+00	7.31e-27	7.87e-23	2.24e-19	2.99e-16	1.80e-13	6.10e-11	1.10e-08	1.43e-06	1.44e-04	2.32e-02	2.36e-01	7.41e-01
 1.69733e+22	0.00e+00	0.00e+00	0.00e+00	0.00e+00	0.00e+00	0.00e+00	0.00e+00	1.04e-26	1.09e-22	3.00e-19	3.88e-16	2.27e-13	7.44e-11	1.30e-08	1.63e-06	1.58e-04	2.46e-02	2.42e-01	7.33e-01
 1.72932e+22	0.00e+00	0.00e+00	0.00e+00	0.00e+00	0.00e+00	0.00e+00	0.00e+00	1.48e-26	1.50e-22	4.00e-19	5.03e-16	2.84e-13	9.05e-11	1.53e-08	1.85e-06	1.74e-04	2.61e-02	2.48e-01	7.26e-01
 1.77091e+22	0.00e+00	0.00e+00	0.00e+00	0.00e+00	0.00e+00	0.00e+00	0.00e+00	2.31e-26	2.25e-22	5.79e-19	6.99e-16	3.80e-13	1.16e-10	1.89e-08	2.18e-06	1.96e-04	2.82e-02	2.55e-01	7.16e-01
 1.81419e+22	0.00e+00	0.00e+00	0.00e+00	0.00e+00	0.00e+00	0.00e+00	2.21e-30	3.72e-26	3.48e-22	8.60e-19	9.96e-16	5.19e-13	1.52e-10	2.37e-08	2.60e-06	2.24e-04	3.05e-02	2.64e-01	7.05e-01
 1.84933e+22	0.00e+00	0.00e+00	0.00e+00	0.00e+00	0.00e+00	0.00e+00	3.34e-30	5.40e-26	4.90e-22	1.17e-18	1.31e-15	6.62e-13	1.88e-10	2.83e-08	2.99e-06	2.47e-04	3.25e-02	2.71e-01	6.97e-01
 1.88469e+22	0.00e+00	0.00e+00	0.00e+00	0.00e+00	0.00e+00	0.00e+00	5.03e-30	7.79e-26	6.86e-22	1.59e-18	1.72e-15	8.42e-13	2.32e-10	3.37e-08	3.43e-06	2.73e-04	3.46e-02	2.77e-01	6.88e-01
 1.93065e+22	0.00e+00	0.00e+00	0.00e+00	0.00e+00	0.00e+00	0.00e+00	8.46e-30	1.24e-25	1.05e-21	2.34e-18	2.44e-15	1.14e-12	3.02e-10	4.20e-08	4.08e-06	3.10e-04	3.74e-02	2.86e-01	6.76e-01
 1.97666e+22	0.00e+00	0.00e+00	0.00e+00	0.00e+00	0.00e+00	0.00e+00	1.42e-29	1.98e-25	1.61e-21	3.45e-18	3.45e-15	1.55e-12	3.95e-10	5.25e-08	4.85e-06	3.52e-04	4.05e-02	2.95e-01	6.65e-01
 2.01221e+22	0.00e+00	0.00e+00	0.00e+00	0.00e+00	0.00e+00	0.00e+00	2.11e-29	2.82e-25	2.23e-21	4.63e-18	4.49e-15	1.96e-12	4.83e-10	6.22e-08	5.53e-06	3.88e-04	4.29e-02	3.01e-01	6.56e-01
 2.04792e+22	0.00e+00	0.00e+00	0.00e+00	0.00e+00	0.00e+00	0.00e+00	3.10e-29	3.98e-25	3.06e-21	6.16e-18	5.80e-15	2.46e-12	5.88e-10	7.33e-08	6.29e-06	4.26e-04	4.54e-02	3.08e-01	6.46e-01
 2.08717e+22	0.00e+00	0.00e+00	0.00e+00	0.00e+00	0.00e+00	0.00e+00	4.71e-29	5.79e-25	4.32e-21	8.43e-18	7.68e-15	3.15e-12	7.29e-10	8.78e-08	7.24e-06	4.71e-04	4.83e-02	3.15e-01	6.36e-01
 2.12266e+22	0.00e+00	0.00e+00	0.00e+00	0.00e+00	0.00e+00	0.00e+00	6.87e-29	8.11e-25	5.89e-21	1.12e-17	9.88e-15	3.93e-12	8.85e-10	1.03e-07	8.21e-06	5.17e-04	5.11e-02	3.21e-01	6.27e-01
 2.15510e+22	0.00e+00	0.00e+00	0.00e+00	0.00e+00	0.00e+00	0.00e+00	9.59e-29	1.09e-24	7.74e-21	1.43e-17	1.23e-14	4.78e-12	1.05e-09	1.19e-07	9.18e-06	5.60e-04	5.37e-02	3.27e-01	6.19e-01
 2.19192e+22	0.00e+00	0.00e+00	0.00e+00	0.00e+00	0.00e+00	0.00e+00	1.39e-28	1.53e-24	1.05e-20	1.89e-17	1.59e-14	5.97e-12	1.27e-09	1.40e-07	1.04e-05	6.14e-04	5.67e-02	3.33e-01	6.09e-01
 2.23341e+22	0.00e+00	0.00e+00	0.00e+00	0.00e+00	0.00e+00	0.00e+00	2.12e-28	2.21e-24	1.48e-20	2.59e-17	2.10e-14	7.65e-12	1.58e-09	1.68e-07	1.20e-05	6.79e-04	6.03e-02	3.41e-01	5.98e-01
 2.27247e+22	0.00e+00	0.00e+00	0.00e+00	0.00e+00	0.00e+00	0.00e+00	3.12e-28	3.13e-24	2.04e-20	3.46e-17	2.72e-14	9.64e-12	1.93e-09	1.99e-07	1.36e-05	7.46e-04	6.38e-02	3.47e-01	5.88e-01
 2.30878e+22	0.00e+00	0.00e+00	0.00e+00	0.00e+00	0.00e+00	0.00e+00	4.45e-28	4.29e-24	2.73e-20	4.51e-17	3.46e-14	1.19e-11	2.32e-09	2.32e-07	1.54e-05	8.13e-04	6.71e-02	3.53e-01	5.79e-01
 2.34998e+22	0.00e+00	0.00e+00	0.00e+00	0.00e+00	0.00e+00	0.00e+00	6.53e-28	6.05e-24	3.74e-20	6.01e-17	4.47e-14	1.49e-11	2.83e-09	2.74e-07	1.75e-05	8.91e-04	7.09e-02	3.60e-01	5.68e-01
 2.39504e+22	0.00e+00	0.00e+00	0.00e+00	0.00e+00	0.00e+00	0.00e+00	1.01e-27	8.88e-24	5.35e-20	8.31e-17	6.00e-14	1.94e-11	3.56e-09	3.31e-07	2.02e-05	9.91e-04	7.55e-02	3.67e-01	5.56e-01
 2.43440e+22	0.00e+00	0.00e+00	0.00e+00	0.00e+00	0.00e+00	0.00e+00	1.46e-27	1.23e-23	7.24e-20	1.10e-16	7.69e-14	2.41e-11	4.31e-09	3.89e-07	2.29e-05	1.08e-03	7.95e-02	3.73e-01	5.46e-01
 2.46927e+22	0.00e+00	0.00e+00	0.00e+00	0.00e+00	0.00e+00	0.00e+00	2.01e-27	1.64e-23	9.42e-20	1.39e-16	9.55e-14	2.93e-11	5.10e-09	4.49e-07	2.56e-05	1.17e-03	8.32e-02	3.79e-01	5.37e-01
 2.50901e+22	0.00e+00	0.00e+00	0.00e+00	0.00e+00	0.00e+00	0.00e+00	2.85e-27	2.23e-23	1.25e-19	1.81e-16	1.21e-13	3.60e-11	6.11e-09	5.22e-07	2.87e-05	1.27e-03	8.74e-02	3.84e-01	5.27e-01
 2.56067e+22	0.00e+00	0.00e+00	0.00e+00	0.00e+00	0.00e+00	0.00e+00	4.50e-27	3.35e-23	1.83e-19	2.55e-16	1.65e-13	4.74e-11	7.79e-09	6.39e-07	3.35e-05	1.42e-03	9.32e-02	3.92e-01	5.14e-01
 2.61094e+22	0.00e+00	0.00e+00	0.00e+00	0.00e+00	0.00e+00	0.00e+00	7.02e-27	4.97e-23	2.63e-19	3.57e-16	2.23e-13	6.20e-11	9.84e-09	7.77e-07	3.90e-05	1.58e-03	9.91e-02	3.99e-01	5.01e-01
 2.64806e+22	0.00e+00	0.00e+00	0.00e+00	0.00e+00	0.00e+00	0.00e+00	9.67e-27	6.59e-23	3.42e-19	4.54e-16	2.77e-13	7.52e-11	1.17e-08	8.95e-07	4.34e-05	1.71e-03	1.04e-01	4.04e-01	4.91e-01
 2.68496e+22	0.00e+00	0.00e+00	0.00e+00	0.00e+00	0.00e+00	0.00e+00	1.32e-26	8.65e-23	4.41e-19	5.72e-16	3.41e-13	9.05e-11	1.37e-08	1.03e-06	4.82e-05	1.84e-03	1.08e-01	4.08e-01	4.82e-01
 2.73293e+22	0.00e+00	0.00e+00	0.00e+00	0.00e+00	0.00e+00	0.00e+00	1.95e-26	1.23e-22	6.09e-19	7.70e-16	4.46e-13	1.15e-10	1.69e-08	1.22e-06	5.51e-05	2.02e-03	1.14e-01	4.14e-01	4.70e-01
 2.78409e+22	0.00e+00	0.00e+00	0.00e+00	0.00e+00	0.00e+00	2.35e-30	2.97e-26	1.77e-22	8.59e-19	1.06e-15	5.94e-13	1.48e-10	2.11e-08	1.47e-06	6.35e-05	2.23e-03	1.21e-01	4.20e-01	4.57e-01
 2.82822e+22	0.00e+00	0.00e+00	0.00e+00	0.00e+00	0.00e+00	3.53e-30	4.26e-26	2.44e-22	1.16e-18	1.39e-15	7.61e-13	1.85e-10	2.56e-08	1.73e-06	7.19e-05	2.43e-03	1.27e-01	4.25e-01	4.46e-01
 2.86818e+22	0.00e+00	0.00e+00	0.00e+00	0.00e+00	0.00e+00	5.00e-30	5.80e-26	3.20e-22	1.49e-18	1.75e-15	9.40e-13	2.23e-10	3.02e-08	1.99e-06	7.98e-05	2.62e-03	1.32e-01	4.29e-01	4.36e-01
 2.91388e+22	0.00e+00	0.00e+00	0.00e+00	0.00e+00	0.00e+00	7.42e-30	8.24e-26	4.36e-22	1.99e-18	2.29e-15	1.20e-12	2.76e-10	3.65e-08	2.32e-06	8.99e-05	2.84e-03	1.38e-01	4.33e-01	4.26e-01
 2.96448e+22	0.00e+00	0.00e+00	0.00e+00	0.00e+00	0.00e+00	1.15e-29	1.21e-25	6.12e-22	2.73e-18	3.06e-15	1.56e-12	3.49e-10	4.48e-08	2.76e-06	1.02e-04	3.11e-03	1.45e-01	4.38e-01	4.14e-01
 3.01075e+22	0.00e+00	0.00e+00	0.00e+00	0.00e+00	0.00e+00	1.70e-29	1.72e-25	8.32e-22	3.64e-18	3.99e-15	1.98e-12	4.33e-10	5.41e-08	3.23e-06	1.15e-04	3.38e-03	1.52e-01	4.42e-01	4.03e-01
 3.05323e+22	0.00e+00	0.00e+00	0.00e+00	0.00e+00	0.00e+00	2.42e-29	2.35e-25	1.09e-21	4.71e-18	5.07e-15	2.46e-12	5.24e-10	6.40e-08	3.72e-06	1.28e-04	3.63e-03	1.58e-01	4.45e-01	3.93e-01
 3.10148e+22	0.00e+00	0.00e+00	0.00e+00	0.00e+00	0.00e+00	3.57e-29	3.31e-25	1.48e-21	6.26e-18	6.58e-15	3.12e-12	6.47e-10	7.71e-08	4.34e-06	1.44e-04	3.94e-03	1.65e-01	4.49e-01	3.82e-01
 3.16422e+22	0.00e+00	0.00e+00	0.00e+00	0.00e+00	0.00e+00	5.85e-29	5.13e-25	2.17e-21	8.97e-18	9.18e-15	4.22e-12	8.48e-10	9.77e-08	5.28e-06	1.67e-04	4.36e-03	1.74e-01	4.53e-01	3.69e-01
 3.22736e+22	0.00e+00	0.00e+00	0.00e+00	0.00e+00	0.00e+00	9.65e-29	8.00e-25	3.20e-21	1.29e-17	1.29e-14	5.75e-12	1.11e-09	1.24e-07	6.44e-06	1.94e-04	4.83e-03	1.84e-01	4.56e-01	3.55e-01
 3.27533e+22	0.00e+00	0.00e+00	0.00e+00	0.00e+00	0.00e+00	1.41e-28	1.12e-24	4.29e-21	1.70e-17	1.67e-14	7.26e-12	1.37e-09	1.49e-07	7.50e-06	2.18e-04	5.21e-03	1.92e-01	4.58e-01	3.44e-01
 3.32198e+22	0.00e+00	0.00e+00	0.00e+00	0.00e+00	0.00e+00	1.98e-28	1.51e-24	5.59e-21	2.19e-17	2.10e-14	8.95e-12	1.65e-09	1.75e-07	8.58e-06	2.41e-04	5.58e-03	1.99e-01	4.60e-01	3.35e-01
 3.38262e+22	0.00e+00	0.00e+00	0.00e+00	0.00e+00	0.00e+00	3.08e-28	2.23e-24	7.86e-21	3.02e-17	2.83e-14	1.17e-11	2.10e-09	2.17e-07	1.02e-05	2.75e-04	6.10e-03	2.08e-01	4.62e-01	3.23e-01
 3.44528e+22	0.00e+00	0.00e+00	0.00e+00	0.00e+00	0.00e+00	4.87e-28	3.34e-24	1.12e-20	4.21e-17	3.85e-14	1.56e-11	2.70e-09	2.70e-07	1.23e-05	3.15e-04	6.68e-03	2.18e-01	4.64e-01	3.11e-01
 3.49653e+22	0.00e+00	0.00e+00	0.00e+00	0.00e+00	0.00e+00	7.06e-28	4.64e-24	1.49e-20	5.53e-17	4.96e-14	1.96e-11	3.32e-09	3.23e-07	1.42e-05	3.52e-04	7.19e-03	2.27e-01	4.65e-01	3.01e-01
 3.54908e+22	0.00e+00	0.00e+00	0.00e+00	0.00e+00	0.00e+00	1.01e-27	6.35e-24	1.96e-20	7.16e-17	6.31e-14	2.44e-11	4.02e-09	3.82e-07	1.63e-05	3.90e-04	7.70e-03	2.35e-01	4.66e-01	2.91e-01
 3.61741e+22	0.00e+00	0.00e+00	0.00e+00	0.00e+00	0.00e+00	1.58e-27	9.48e-24	2.78e-20	9.99e-17	8.60e-14	3.23e-11	5.16e-09	4.75e-07	1.96e-05	4.46e-04	8.41e-03	2.45e-01	4.66e-01	2.80e-01
 3.68730e+22	0.00e+00	0.00e+00	0.00e+00	0.00e+00	0.00e+00	2.53e-27	1.43e-23	3.99e-20	1.41e-16	1.18e-13	4.32e-11	6.68e-09	5.95e-07	2.35e-05	5.11e-04	9.20e-03	2.56e-01	4.66e-01	2.68e-01
 3.74225e+22	0.00e+00	0.00e+00	0.00e+00	0.00e+00	0.00e+00	3.63e-27	1.97e-23	5.27e-20	1.84e-16	1.51e-13	5.41e-11	8.15e-09	7.08e-07	2.71e-05	5.68e-04	9.86e-03	2.65e-01	4.66e-01	2.58e-01
 3.79670e+22	0.00e+00	0.00e+00	0.00e+00	0.00e+00	0.00e+00	5.10e-27	2.66e-23	6.84e-20	2.35e-16	1.91e-13	6.67e-11	9.81e-09	8.32e-07	3.10e-05	6.26e-04	1.05e-02	2.73e-01	4.65e-01	2.50e-01
 3.86748e+22	0.00e+00	0.00e+00	0.00e+00	0.00e+00	0.00e+00	7.85e-27	3.89e-23	9.53e-20	3.23e-16	2.56e-13	8.72e-11	1.24e-08	1.02e-06	3.66e-05	7.09e-04	1.14e-02	2.84e-01	4.64e-01	2.39e-01
 3.94194e+22	0.00e+00	0.00e+00	0.00e+00	0.00e+00	0.00e+00	1.24e-26	5.82e-23	1.35e-19	4.50e-16	3.49e-13	1.16e-10	1.59e-08	1.27e-06	4.37e-05	8.08e-04	1.24e-02	2.96e-01	4.62e-01	2.29e-01
 4.00480e+22	0.00e+00	0.00e+00	0.00e+00	0.00e+00	1.92e-30	1.81e-26	8.13e-23	1.81e-19	5.95e-16	4.53e-13	1.47e-10	1.97e-08	1.52e-06	5.07e-05	9.01e-04	1.33e-02	3.06e-01	4.61e-01	2.20e-01
 4.07013e+22	0.00e+00	0.00e+00	0.00e+00	0.00e+00	2.89e-30	2.60e-26	1.12e-22	2.40e-19	7.78e-16	5.81e-13	1.84e-10	2.40e-08	1.81e-06	5.83e-05	9.98e-04	1.42e-02	3.15e-01	4.59e-01	2.11e-01
 4.15507e+22	0.00e+00	0.00e+00	0.00e+00	0.00e+00	4.86e-30	4.15e-26	1.70e-22	3.44e-19	1.10e-15	8.00e-13	2.45e-10	3.09e-08	2.25e-06	6.97e-05	1.14e-03	1.54e-02	3.27e-01	4.55e-01	2.01e-01
 4.24303e+22	0.00e+00	0.00e+00	0.00e+00	0.00e+00	8.36e-30	6.75e-26	2.61e-22	5.01e-19	1.57e-15	1.12e-12	3.32e-10	4.04e-08	2.83e-06	8.39e-05	1.30e-03	1.68e-02	3.40e-01	4.52e-01	1.90e-01
 4.31196e+22	0.00e+00	0.00e+00	0.00e+00	0.00e+00	1.27e-29	9.81e-26	3.63e-22	6.69e-19	2.07e-15	1.44e-12	4.19e-10	4.95e-08	3.38e-06	9.67e-05	1.45e-03	1.79e-02	3.50e-01	4.48e-01	1.82e-01
 4.36957e+22	0.00e+00	0.00e+00	0.00e+00	0.00e+00	1.77e-29	1.32e-25	4.73e-22	8.43e-19	2.58e-15	1.77e-12	5.04e-10	5.82e-08	3.89e-06	1.08e-04	1.57e-03	1.89e-02	3.58e-01	4.46e-01	1.76e-01
 4.43542e+22	0.00e+00	0.00e+00	0.00e+00	0.00e+00	2.56e-29	1.84e-25	6.35e-22	1.09e-18	3.29e-15	2.22e-12	6.19e-10	6.97e-08	4.54e-06	1.23e-04	1.72e-03	2.00e-02	3.67e-01	4.42e-01	1.69e-01
 4.52103e+22	0.00e+00	0.00e+00	0.00e+00	0.00e+00	4.08e-29	2.80e-25	9.18e-22	1.50e-18	4.48e-15	2.96e-12	8.02e-10	8.74e-08	5.51e-06	1.44e-04	1.93e-03	2.14e-02	3.78e-01	4.38e-01	1.61e-01
 4.61338e+22	0.00e+00	0.00e+00	0.00e+00	0.00e+00	6.74e-29	4.40e-25	1.37e-21	2.13e-18	6.26e-15	4.03e-12	1.06e-09	1.12e-07	6.79e-06	1.70e-04	2.18e-03	2.31e-02	3.90e-01	4.32e-01	1.52e-01
 4.69462e+22	0.00e+00	0.00e+00	0.00e+00	0.00e+00	1.04e-28	6.48e-25	1.93e-21	2.88e-18	8.33e-15	5.26e-12	1.35e-09	1.38e-07	8.12e-06	1.96e-04	2.42e-03	2.46e-02	4.00e-01	4.28e-01	1.45e-01
 4.76832e+22	0.00e+00	0.00e+00	0.00e+00	0.00e+00	1.52e-28	9.12e-25	2.61e-21	3.75e-18	1.07e-14	6.64e-12	1.67e-09	1.65e-07	9.51e-06	2.22e-04	2.65e-03	2.60e-02	4.09e-01	4.23e-01	1.39e-01
 4.85206e+22	0.00e+00	0.00e+00	0.00e+00	0.00e+00	2.27e-28	1.31e-24	3.60e-21	4.98e-18	1.40e-14	8.51e-12	2.08e-09	2.01e-07	1.12e-05	2.54e-04	2.91e-03	2.76e-02	4.19e-01	4.18e-01	1.33e-01
 4.96093e+22	0.00e+00	0.00e+00	0.00e+00	0.00e+00	3.84e-28	2.10e-24	5.47e-21	7.16e-18	1.99e-14	1.18e-11	2.79e-09	2.59e-07	1.39e-05	3.02e-04	3.30e-03	2.97e-02	4.31e-01	4.11e-01	1.25e-01
 5.06812e+22	0.00e+00	0.00e+00	0.00e+00	0.00e+00	6.49e-28	3.36e-24	8.30e-21	1.03e-17	2.82e-14	1.62e-11	3.73e-09	3.34e-07	1.73e-05	3.58e-04	3.73e-03	3.20e-02	4.43e-01	4.04e-01	1.17e-01
 5.14868e+22	0.00e+00	0.00e+00	0.00e+00	0.00e+00	9.45e-28	4.72e-24	1.12e-20	1.34e-17	3.62e-14	2.05e-11	4.59e-09	4.00e-07	2.01e-05	4.05e-04	4.07e-03	3.37e-02	4.52e-01	3.98e-01	1.12e-01
 5.22898e+22	0.00e+00	0.00e+00	0.00e+00	0.00e+00	1.35e-27	6.49e-24	1.49e-20	1.72e-17	4.58e-14	2.55e-11	5.59e-09	4.74e-07	2.33e-05	4.54e-04	4.42e-03	3.54e-02	4.60e-01	3.93e-01	1.07e-01
 5.33337e+22	0.00e+00	0.00e+00	0.00e+00	0.00e+00	2.10e-27	9.67e-24	2.12e-20	2.34e-17	6.16e-14	3.34e-11	7.13e-09	5.85e-07	2.78e-05	5.22e-04	4.88e-03	3.76e-02	4.69e-01	3.86e-01	1.01e-01
 5.44989e+22	0.00e+00	0.00e+00	0.00e+00	0.00e+00	3.50e-27	1.53e-23	3.18e-20	3.34e-17	8.65e-14	4.58e-11	9.47e-09	7.48e-07	3.42e-05	6.16e-04	5.49e-03	4.02e-02	4.81e-01	3.78e-01	9.48e-02
 5.55498e+22	0.00e+00	0.00e+00	0.00e+00	0.00e+00	5.47e-27	2.29e-23	4.54e-20	4.56e-17	1.16e-13	6.03e-11	1.21e-08	9.26e-07	4.10e-05	7.10e-04	6.07e-03	4.27e-02	4.90e-01	3.71e-01	8.95e-02
 5.64825e+22	0.00e+00	0.00e+00	0.00e+00	0.00e+00	7.99e-27	3.22e-23	6.15e-20	5.94e-17	1.50e-13	7.62e-11	1.49e-08	1.11e-06	4.78e-05	8.00e-04	6.61e-03	4.48e-02	4.98e-01	3.65e-01	8.51e-02
 5.75337e+22	0.00e+00	0.00e+00	0.00e+00	0.00e+00	1.20e-26	4.65e-23	8.53e-20	7.91e-17	1.97e-13	9.81e-11	1.87e-08	1.35e-06	5.63e-05	9.10e-04	7.24e-03	4.73e-02	5.06e-01	3.58e-01	8.06e-02
 5.89001e+22	0.00e+00	0.00e+00	0.00e+00	1.86e-30	2.00e-26	7.36e-23	1.28e-19	1.13e-16	2.77e-13	1.34e-10	2.48e-08	1.72e-06	6.89e-05	1.07e-03	8.10e-03	5.04e-02	5.16e-01	3.49e-01	7.52e-02
 6.02760e+22	0.00e+00	0.00e+00	0.00e+00	3.34e-30	3.41e-26	1.19e-22	1.96e-19	1.64e-16	3.95e-13	1.86e-10	3.32e-08	2.21e-06	8.52e-05	1.26e-03	9.10e-03	5.38e-02	5.26e-01	3.39e-01	6.98e-02
 6.13340e+22	0.00e+00	0.00e+00	0.00e+00	5.14e-30	5.05e-26	1.69e-22	2.68e-19	2.15e-16	5.13e-13	2.37e-10	4.12e-08	2.66e-06	9.95e-05	1.42e-03	9.91e-03	5.65e-02	5.34e-01	3.32e-01	6.61e-02
 6.23790e+22	0.00e+00	0.00e+00	0.00e+00	7.65e-30	7.26e-26	2.34e-22	3.57e-19	2.77e-16	6.53e-13	2.96e-10	5.03e-08	3.15e-06	1.15e-04	1.59e-03	1.07e-02	5.90e-02	5.40e-01	3.26e-01	6.27e-02
 6.37377e+22	0.00e+00	0.00e+00	0.00e+00	1.27e-29	1.15e-25	3.55e-22	5.17e-19	3.82e-16	8.89e-13	3.93e-10	6.48e-08	3.92e-06	1.38e-04	1.83e-03	1.18e-02	6.23e-02	5.48e-01	3.17e-01	5.87e-02
 6.52126e+22	0.00e+00	0.00e+00	0.00e+00	2.21e-29	1.90e-25	5.57e-22	7.71e-19	5.41e-16	1.24e-12	5.35e-10	8.52e-08	4.96e-06	1.68e-04	2.14e-03	1.32e-02	6.61e-02	5.56e-01	3.08e-01	5.45e-02
 6.65081e+22	0.00e+00	0.00e+00	0.00e+00	3.56e-29	2.94e-25	8.24e-22	1.09e-18	7.33e-16	1.66e-12	6.98e-10	1.08e-07	6.09e-06	1.99e-04	2.44e-03	1.44e-02	6.95e-02	5.63e-01	3.00e-01	5.11e-02
 6.76835e+22	0.00e+00	0.00e+00	0.00e+00	5.37e-29	4.27e-25	1.15e-21	1.47e-18	9.50e-16	2.13e-12	8.79e-10	1.33e-07	7.25e-06	2.30e-04	2.73e-03	1.56e-02	7.25e-02	5.68e-01	2.93e-01	4.83e-02
 6.90334e+22	0.00e+00	0.00e+00	0.00e+00	8.43e-29	6.44e-25	1.67e-21	2.04e-18	1.26e-15	2.80e-12	1.13e-09	1.66e-07	8.78e-06	2.70e-04	3.09e-03	1.70e-02	7.59e-02	5.73e-01	2.85e-01	4.53e-02
 7.07884e+22	0.00e+00	0.00e+00	0.00e+00	1.47e-28	1.06e-24	2.62e-21	3.04e-18	1.80e-15	3.91e-12	1.54e-09	2.18e-07	1.11e-05	3.28e-04	3.59e-03	1.88e-02	8.02e-02	5.80e-01	2.75e-01	4.19e-02
 7.26466e+22	0.00e+00	0.00e+00	0.00e+00	2.72e-28	1.87e-24	4.35e-21	4.75e-18	2.65e-15	5.69e-12	2.17e-09	2.97e-07	1.44e-05	4.08e-04	4.25e-03	2.11e-02	8.53e-02	5.86e-01	2.65e-01	3.83e-02
 7.40621e+22	0.00e+00	0.00e+00	0.00e+00	4.34e-28	2.86e-24	6.37e-21	6.66e-18	3.55e-15	7.55e-12	2.82e-09	3.74e-07	1.76e-05	4.80e-04	4.82e-03	2.30e-02	8.92e-02	5.90e-01	2.57e-01	3.57e-02
 7.50998e+22	0.00e+00	0.00e+00	0.00e+00	5.98e-28	3.82e-24	8.27e-21	8.40e-18	4.35e-15	9.16e-12	3.37e-09	4.38e-07	2.01e-05	5.37e-04	5.25e-03	2.44e-02	9.19e-02	5.93e-01	2.51e-01	3.41e-02
 7.62232e+22	0.00e+00	0.00e+00	0.00e+00	8.31e-28	5.16e-24	1.08e-20	1.06e-17	5.34e-15	1.12e-11	4.04e-09	5.15e-07	2.31e-05	6.02e-04	5.74e-03	2.59e-02	9.48e-02	5.95e-01	2.45e-01	3.24e-02
 7.76837e+22	0.00e+00	0.00e+00	0.00e+00	1.26e-27	7.53e-24	1.52e-20	1.44e-17	6.93e-15	1.44e-11	5.10e-09	6.33e-07	2.75e-05	6.96e-04	6.41e-03	2.79e-02	9.85e-02	5.98e-01	2.38e-01	3.04e-02
 7.95822e+22	0.00e+00	0.00e+00	0.00e+00	2.11e-27	1.20e-23	2.31e-20	2.08e-17	9.57e-15	1.96e-11	6.79e-09	8.16e-07	3.42e-05	8.32e-04	7.35e-03	3.06e-02	1.03e-01	6.01e-01	2.29e-01	2.81e-02
 8.15403e+22	0.00e+00	0.00e+00	0.00e+00	3.70e-27	2.00e-23	3.66e-20	3.12e-17	1.36e-14	2.75e-11	9.27e-09	1.08e-06	4.33e-05	1.01e-03	8.52e-03	3.38e-02	1.08e-01	6.03e-01	2.20e-01	2.57e-02
 8.30948e+22	0.00e+00	0.00e+00	0.00e+00	5.70e-27	2.96e-23	5.19e-20	4.25e-17	1.78e-14	3.57e-11	1.18e-08	1.33e-06	5.18e-05	1.17e-03	9.54e-03	3.64e-02	1.12e-01	6.04e-01	2.12e-01	2.40e-02
 8.43304e+22	0.00e+00	0.00e+00	0.00e+00	7.84e-27	3.96e-23	6.73e-20	5.35e-17	2.17e-14	4.33e-11	1.40e-08	1.55e-06	5.91e-05	1.31e-03	1.04e-02	3.85e-02	1.16e-01	6.04e-01	2.07e-01	2.28e-02
 8.56324e+22	0.00e+00	0.00e+00	0.00e+00	1.11e-26	5.40e-23	8.90e-20	6.84e-17	2.68e-14	5.32e-11	1.70e-08	1.84e-06	6.83e-05	1.47e-03	1.13e-02	4.09e-02	1.19e-01	6.05e-01	2.01e-01	2.15e-02
 8.73249e+22	0.00e+00	0.00e+00	0.00e+00	1.66e-26	7.79e-23	1.24e-19	9.13e-17	3.45e-14	6.78e-11	2.13e-08	2.24e-06	8.07e-05	1.69e-03	1.26e-02	4.38e-02	1.23e-01	6.04e-01	1.95e-01	2.01e-02
 8.91721e+22	0.00e+00	0.00e+00	3.53e-30	2.62e-26	1.18e-22	1.80e-19	1.27e-16	4.58e-14	8.93e-11	2.74e-08	2.81e-06	9.76e-05	1.97e-03	1.42e-02	4.73e-02	1.27e-01	6.04e-01	1.87e-01	1.86e-02
 9.07843e+22	0.00e+00	0.00e+00	5.45e-30	3.90e-26	1.70e-22	2.48e-19	1.68e-16	5.85e-14	1.13e-10	3.41e-08	3.41e-06	1.15e-04	2.26e-03	1.57e-02	5.06e-02	1.31e-01	6.02e-01	1.80e-01	1.74e-02
 9.21999e+22	0.00e+00	0.00e+00	7.87e-30	5.46e-26	2.30e-22	3.26e-19	2.14e-16	7.19e-14	1.39e-10	4.11e-08	4.02e-06	1.32e-04	2.53e-03	1.71e-02	5.35e-02	1.35e-01	6.01e-01	1.75e-01	1.64e-02
 9.35676e+22	0.00e+00	0.00e+00	1.10e-29	7.43e-26	3.04e-22	4.18e-19	2.67e-16	8.69e-14	1.67e-10	4.87e-08	4.67e-06	1.50e-04	2.80e-03	1.84e-02	5.62e-02	1.38e-01	5.99e-01	1.70e-01	1.55e-02
 9.51172e+22	0.00e+00	0.00e+00	1.60e-29	1.05e-25	4.15e-22	5.51e-19	3.40e-16	1.07e-13	2.04e-10	5.88e-08	5.52e-06	1.73e-04	3.15e-03	2.01e-02	5.95e-02	1.41e-01	5.97e-01	1.64e-01	1.46e-02
 9.68360e+22	0.00e+00	0.00e+00	2.40e-29	1.52e-25	5.80e-22	7.45e-19	4.42e-16	1.34e-13	2.55e-10	7.21e-08	6.61e-06	2.01e-04	3.56e-03	2.21e-02	6.31e-02	1.45e-01	5.94e-01	1.58e-01	1.36e-02
 9.84318e+22	0.00e+00	0.00e+00	3.52e-29	2.15e-25	7.97e-22	9.89e-19	5.67e-16	1.66e-13	3.14e-10	8.73e-08	7.84e-06	2.32e-04	4.00e-03	2.41e-02	6.68e-02	1.48e-01	5.91e-01	1.53e-01	1.27e-02
 9.99056e+22	0.00e+00	0.00e+00	4.95e-29	2.94e-25	1.06e-21	1.27e-18	7.07e-16	2.01e-13	3.78e-10	1.04e-07	9.12e-06	2.64e-04	4.44e-03	2.60e-02	7.02e-02	1.51e-01	5.88e-01	1.48e-01	1.20e-02
 1.01564e+23	0.00e+00	0.00e+00	7.09e-29	4.08e-25	1.42e-21	1.66e-18	8.91e-16	2.45e-13	4.59e-10	1.24e-07	1.07e-05	3.01e-04	4.95e-03	2.82e-02	7.38e-02	1.55e-01	5.84e-01	1.43e-01	1.13e-02
 1.03719e+23	0.00e+00	0.00e+00	1.09e-28	6.04e-25	2.03e-21	2.27e-18	1.18e-15	3.11e-13	5.79e-10	1.54e-07	1.29e-05	3.53e-04	5.63e-03	3.10e-02	7.84e-02	1.58e-01	5.79e-01	1.37e-01	1.05e-02
 1.05999e+23	0.00e+00	0.00e+00	1.79e-28	9.54e-25	3.06e-21	3.28e-18	1.62e-15	4.09e-13	7.59e-10	1.97e-07	1.61e-05	4.25e-04	6.54e-03	3.46e-02	8.40e-02	1.63e-01	5.72e-01	1.30e-01	9.55e-03
 1.07749e+23	0.00e+00	0.00e+00	2.65e-28	1.37e-24	4.23e-21	4.38e-18	2.08e-15	5.07e-13	9.37e-10	2.39e-07	1.91e-05	4.91e-04	7.35e-03	3.77e-02	8.86e-02	1.66e-01	5.66e-01	1.25e-01	8.88e-03
 1.09034e+23	0.00e+00	0.00e+00	3.46e-28	1.74e-24	5.27e-21	5.32e-18	2.47e-15	5.86e-13	1.08e-09	2.73e-07	2.14e-05	5.40e-04	7.95e-03	4.00e-02	9.18e-02	1.68e-01	5.62e-01	1.21e-01	8.45e-03
 1.10406e+23	0.00e+00	0.00e+00	4.50e-28	2.21e-24	6.55e-21	6.46e-18	2.92e-15	6.76e-13	1.24e-09	3.11e-07	2.40e-05	5.95e-04	8.59e-03	4.23e-02	9.51e-02	1.70e-01	5.57e-01	1.18e-01	8.04e-03
 1.12189e+23	0.00e+00	0.00e+00	6.26e-28	2.99e-24	8.58e-21	8.22e-18	3.61e-15	8.09e-13	1.48e-09	3.66e-07	2.77e-05	6.71e-04	9.46e-03	4.54e-02	9.92e-02	1.73e-01	5.52e-01	1.14e-01	7.54e-03
 1.14507e+23	0.00e+00	0.00e+00	9.38e-28	4.32e-24	1.20e-20	1.10e-17	4.66e-15	1.01e-12	1.84e-09	4.46e-07	3.30e-05	7.77e-04	1.07e-02	4.95e-02	1.05e-01	1.76e-01	5.44e-01	1.08e-01	6.96e-03
 1.16944e+23	0.00e+00	0.00e+00	1.51e-27	6.66e-24	1.77e-20	1.56e-17	6.29e-15	1.30e-12	2.36e-09	5.63e-07	4.05e-05	9.22e-04	1.22e-02	5.47e-02	1.11e-01	1.79e-01	5.34e-01	1.02e-01	6.33e-03
 1.18892e+23	0.00e+00	0.00e+00	2.19e-27	9.37e-24	2.41e-20	2.05e-17	7.98e-15	1.59e-12	2.88e-09	6.76e-07	4.76e-05	1.05e-03	1.36e-02	5.91e-02	1.16e-01	1.81e-01	5.25e-01	9.77e-02	5.86e-03
 1.20498e+23	0.00e+00	0.00e+00	2.96e-27	1.23e-23	3.08e-20	2.55e-17	9.63e-15	1.86e-12	3.37e-09	7.82e-07	5.41e-05	1.17e-03	1.48e-02	6.29e-02	1.21e-01	1.83e-01	5.18e-01	9.39e-02	5.50e-03
 1.22304e+23	0.00e+00	0.00e+00	3.94e-27	1.60e-23	3.90e-20	3.14e-17	1.15e-14	2.17e-12	3.92e-09	8.99e-07	6.12e-05	1.30e-03	1.61e-02	6.66e-02	1.25e-01	1.85e-01	5.11e-01	9.05e-02	5.18e-03
 1.24651e+23	0.00e+00	0.00e+00	5.61e-27	2.21e-23	5.20e-20	4.06e-17	1.44e-14	2.62e-12	4.71e-09	1.07e-06	7.10e-05	1.47e-03	1.78e-02	7.15e-02	1.30e-01	1.86e-01	5.02e-01	8.63e-02	4.80e-03
 1.27245e+23	0.00e+00	0.00e+00	8.61e-27	3.26e-23	7.39e-20	5.54e-17	1.89e-14	3.28e-12	5.88e-09	1.31e-06	8.51e-05	1.71e-03	2.00e-02	7.78e-02	1.36e-01	1.88e-01	4.90e-01	8.13e-02	4.37e-03
 1.29506e+23	0.00e+00	0.00e+00	1.26e-26	4.62e-23	1.01e-19	7.32e-17	2.40e-14	4.01e-12	7.17e-09	1.57e-06	9.98e-05	1.95e-03	2.22e-02	8.38e-02	1.42e-01	1.90e-01	4.79e-01	7.70e-02	4.00e-03
 1.31355e+23	0.00e+00	0.00e+00	1.72e-26	6.13e-23	1.30e-19	9.16e-17	2.91e-14	4.71e-12	8.41e-09	1.82e-06	1.14e-04	2.17e-03	2.42e-02	8.90e-02	1.47e-01	1.91e-01	4.70e-01	7.36e-02	3.73e-03
 1.33322e+23	0.00e+00	0.00e+00	2.24e-26	7.77e-23	1.61e-19	1.11e-16	3.42e-14	5.41e-12	9.61e-09	2.06e-06	1.27e-04	2.38e-03	2.60e-02	9.35e-02	1.51e-01	1.91e-01	4.62e-01	7.07e-02	3.51e-03
 1.35879e+23	0.00e+00	0.00e+00	3.13e-26	1.05e-22	2.12e-19	1.41e-16	4.22e-14	6.44e-12	1.14e-08	2.41e-06	1.45e-04	2.66e-03	2.84e-02	9.95e-02	1.56e-01	1.92e-01	4.51e-01	6.72e-02	3.24e-03
 1.39203e+23	0.00e+00	0.00e+00	4.80e-26	1.56e-22	3.02e-19	1.92e-16	5.50e-14	8.03e-12	1.41e-08	2.95e-06	1.73e-04	3.08e-03	3.18e-02	1.08e-01	1.62e-01	1.92e-01	4.37e-01	6.27e-02	2.91e-03
 1.42550e+23	0.00e+00	0.00e+00	8.03e-26	2.49e-22	4.59e-19	2.78e-16	7.54e-14	1.04e-11	1.83e-08	3.75e-06	2.13e-04	3.66e-03	3.64e-02	1.18e-01	1.70e-01	1.92e-01	4.19e-01	5.75e-02	2.56e-03
 1.44972e+23	0.00e+00	0.00e+00	1.16e-25	3.48e-22	6.20e-19	3.63e-16	9.48e-14	1.26e-11	2.19e-08	4.44e-06	2.47e-04	4.13e-03	4.00e-02	1.26e-01	1.75e-01	1.92e-01	4.06e-01	5.40e-02	2.32e-03
 1.46813e+23	0.00e+00	0.00e+00	1.41e-25	4.16e-22	7.29e-19	4.18e-16	1.07e-13	1.40e-11	2.42e-08	4.85e-06	2.67e-04	4.40e-03	4.20e-02	1.30e-01	1.78e-01	1.92e-01	3.99e-01	5.21e-02	2.21e-03
 1.48856e+23	0.00e+00	0.00e+00	1.86e-25	5.34e-22	9.10e-19	5.09e-16	1.27e-13	1.61e-11	2.76e-08	5.50e-06	2.98e-04	4.81e-03	4.50e-02	1.36e-01	1.82e-01	1.91e-01	3.89e-01	4.96e-02	2.05e-03
 1.51512e+23	0.00e+00	0.00e+00	2.47e-25	6.91e-22	1.15e-18	6.24e-16	1.51e-13	1.86e-11	3.18e-08	6.25e-06	3.33e-04	5.27e-03	4.82e-02	1.43e-01	1.86e-01	1.90e-01	3.78e-01	4.70e-02	1.90e-03
 1.54964e+23	0.00e+00	0.00e+00	3.51e-25	9.51e-22	1.53e-18	8.03e-16	1.87e-13	2.22e-11	3.76e-08	7.31e-06	3.81e-04	5.89e-03	5.25e-02	1.51e-01	1.91e-01	1.89e-01	3.65e-01	4.40e-02	1.72e-03
 1.59453e+23	0.00e+00	0.00e+00	5.38e-25	1.40e-21	2.16e-18	1.09e-15	2.43e-13	2.76e-11	4.61e-08	8.82e-06	4.49e-04	6.72e-03	5.81e-02	1.61e-01	1.96e-01	1.87e-01	3.49e-01	4.04e-02	1.52e-03
 1.64063e+23	0.00e+00	0.00e+00	9.33e-25	2.31e-21	3.39e-18	1.62e-15	3.40e-13	3.64e-11	5.98e-08	1.12e-05	5.53e-04	7.96e-03	6.60e-02	1.75e-01	2.03e-01	1.83e-01	3.27e-01	3.61e-02	1.29e-03
 1.67417e+23	0.00e+00	0.00e+00	1.44e-24	3.43e-21	4.83e-18	2.21e-15	4.43e-13	4.53e-11	7.31e-08	1.35e-05	6.49e-04	9.06e-03	7.28e-02	1.86e-01	2.07e-01	1.80e-01	3.10e-01	3.29e-02	1.13e-03
 1.69740e+23	0.00e+00	0.00e+00	1.78e-24	4.16e-21	5.75e-18	2.58e-15	5.06e-13	5.06e-11	8.09e-08	1.48e-05	7.01e-04	9.64e-03	7.62e-02	1.91e-01	2.09e-01	1.79e-01	3.02e-01	3.14e-02	1.06e-03
 1.72141e+23	0.00e+00	0.00e+00	2.23e-24	5.09e-21	6.89e-18	3.02e-15	5.79e-13	5.64e-11	8.94e-08	1.63e-05	7.61e-04	1.03e-02	8.01e-02	1.97e-01	2.12e-01	1.77e-01	2.93e-01	2.98e-02	9.90e-04
 1.75262e+23	0.00e+00	0.00e+00	2.78e-24	6.23e-21	8.25e-18	3.54e-15	6.63e-13	6.32e-11	9.90e-08	1.79e-05	8.24e-04	1.10e-02	8.39e-02	2.03e-01	2.13e-01	1.75e-01	2.84e-01	2.84e-02	9.23e-04
 1.79320e+23	0.00e+00	0.00e+00	3.74e-24	8.16e-21	1.05e-17	4.38e-15	7.95e-13	7.33e-11	1.13e-07	2.02e-05	9.16e-04	1.19e-02	8.94e-02	2.11e-01	2.16e-01	1.72e-01	2.72e-01	2.65e-02	8.37e-04
 1.84595e+23	0.00e+00	0.00e+00	5.22e-24	1.11e-20	1.38e-17	5.57e-15	9.75e-13	8.67e-11	1.32e-07	2.32e-05	1.03e-03	1.31e-02	9.57e-02	2.19e-01	2.18e-01	1.68e-01	2.59e-01	2.44e-02	7.50e-04
 1.91389e+23	0.00e+00	0.00e+00	7.77e-24	1.59e-20	1.91e-17	7.42e-15	1.25e-12	1.06e-10	1.57e-07	2.73e-05	1.18e-03	1.47e-02	1.04e-01	2.30e-01	2.20e-01	1.64e-01	2.44e-01	2.21e-02	6.55e-04
 1.98414e+23	0.00e+00	5.60e-30	1.34e-23	2.62e-20	3.00e-17	1.10e-14	1.74e-12	1.40e-10	2.00e-07	3.41e-05	1.43e-03	1.70e-02	1.15e-01	2.44e-01	2.22e-01	1.57e-01	2.24e-01	1.92e-02	5.40e-04
 2.03481e+23	0.00e+00	8.91e-30	2.09e-23	3.91e-20	4.30e-17	1.51e-14	2.28e-12	1.75e-10	2.43e-07	4.06e-05	1.65e-03	1.91e-02	1.25e-01	2.55e-01	2.23e-01	1.51e-01	2.08e-01	1.71e-02	4.61e-04
 2.06728e+23	0.00e+00	1.18e-29	2.71e-23	4.96e-20	5.33e-17	1.83e-14	2.68e-12	1.99e-10	2.72e-07	4.50e-05	1.80e-03	2.04e-02	1.31e-01	2.61e-01	2.23e-01	1.48e-01	1.98e-01	1.59e-02	4.18e-04
 2.09930e+23	0.00e+00	1.33e-29	3.05e-23	5.53e-20	5.87e-17	1.99e-14	2.89e-12	2.12e-10	2.86e-07	4.71e-05	1.87e-03	2.10e-02	1.34e-01	2.64e-01	2.23e-01	1.46e-01	1.94e-01	1.54e-02	4.01e-04
 2.14092e+23	0.00e+00	1.58e-29	3.59e-23	6.40e-20	6.71e-17	2.24e-14	3.19e-12	2.30e-10	3.06e-07	5.01e-05	1.97e-03	2.19e-02	1.38e-01	2.68e-01	2.23e-01	1.44e-01	1.88e-01	1.47e-02	3.77e-04
 2.19503e+23	0.00e+00	1.90e-29	4.27e-23	7.51e-20	7.74e-17	2.54e-14	3.55e-12	2.51e-10	3.30e-07	5.36e-05	2.09e-03	2.29e-02	1.42e-01	2.72e-01	2.23e-01	1.41e-01	1.82e-01	1.40e-02	3.52e-04
 2.26537e+23	0.00e+00	2.31e-29	5.13e-23	8.88e-20	9.01e-17	2.91e-14	3.98e-12	2.76e-10	3.58e-07	5.76e-05	2.22e-03	2.40e-02	1.46e-01	2.76e-01	2.22e-01	1.39e-01	1.76e-01	1.33e-02	3.29e-04
 2.34262e+23	0.00e+00	3.15e-29	6.87e-23	1.16e-19	1.15e-16	3.60e-14	4.78e-12	3.21e-10	4.05e-07	6.44e-05	2.43e-03	2.57e-02	1.54e-01	2.83e-01	2.22e-01	1.35e-01	1.67e-01	1.22e-02	2.93e-04
 2.41384e+23	0.00e+00	4.18e-29	8.96e-23	1.48e-19	1.43e-16	4.37e-14	5.63e-12	3.67e-10	4.54e-07	7.13e-05	2.64e-03	2.74e-02	1.60e-01	2.89e-01	2.21e-01	1.31e-01	1.58e-01	1.13e-02	2.64e-04
 2.47793e+23	0.00e+00	5.10e-29	1.08e-22	1.75e-19	1.66e-16	5.00e-14	6.33e-12	4.05e-10	4.93e-07	7.66e-05	2.80e-03	2.87e-02	1.65e-01	2.92e-01	2.20e-01	1.28e-01	1.52e-01	1.07e-02	2.46e-04
 2.53562e+23	0.00e+00	5.99e-29	1.26e-22	2.01e-19	1.89e-16	5.59e-14	6.97e-12	4.38e-10	5.26e-07	8.11e-05	2.94e-03	2.97e-02	1.69e-01	2.95e-01	2.19e-01	1.26e-01	1.48e-01	1.02e-02	2.31e-04
 2.58754e+23	0.00e+00	6.80e-29	1.42e-22	2.25e-19	2.08e-16	6.10e-14	7.50e-12	4.65e-10	5.52e-07	8.48e-05	3.05e-03	3.06e-02	1.72e-01	2.98e-01	2.18e-01	1.24e-01	1.44e-01	9.83e-03	2.20e-04
 2.63427e+23	0.00e+00	7.71e-29	1.59e-22	2.50e-19	2.29e-16	6.65e-14	8.07e-12	4.95e-10	5.81e-07	8.86e-05	3.16e-03	3.14e-02	1.76e-01	3.00e-01	2.17e-01	1.22e-01	1.40e-01	9.48e-03	2.09e-04
 2.67632e+23	0.00e+00	8.58e-29	1.76e-22	2.74e-19	2.49e-16	7.16e-14	8.59e-12	5.20e-10	6.06e-07	9.20e-05	3.26e-03	3.22e-02	1.78e-01	3.02e-01	2.17e-01	1.21e-01	1.37e-01	9.18e-03	2.01e-04
 2.71417e+23	0.00e+00	9.63e-29	1.96e-22	3.03e-19	2.73e-16	7.75e-14	9.20e-12	5.51e-10	6.35e-07	9.58e-05	3.37e-03	3.30e-02	1.81e-01	3.04e-01	2.16e-01	1.19e-01	1.34e-01	8.88e-03	1.92e-04
 2.74824e+23	0.00e+00	1.05e-28	2.14e-22	3.27e-19	2.92e-16	8.24e-14	9.69e-12	5.75e-10	6.57e-07	9.88e-05	3.45e-03	3.36e-02	1.84e-01	3.06e-01	2.15e-01	1.18e-01	1.32e-01	8.64e-03	1.85e-04
 2.77965e+23	0.00e+00	1.11e-28	2.24e-22	3.42e-19	3.04e-16	8.55e-14	9.99e-12	5.90e-10	6.71e-07	1.01e-04	3.50e-03	3.40e-02	1.85e-01	3.07e-01	2.15e-01	1.17e-01	1.30e-01	8.50e-03	1.82e-04
 2.81020e+23	0.00e+00	1.14e-28	2.30e-22	3.51e-19	3.11e-16	8.71e-14	1.02e-11	5.98e-10	6.78e-07	1.02e-04	3.53e-03	3.42e-02	1.86e-01	3.07e-01	2.15e-01	1.17e-01	1.30e-01	8.43e-03	1.80e-04
 2.84074e+23	0.00e+00	1.18e-28	2.38e-22	3.61e-19	3.19e-16	8.91e-14	1.04e-11	6.07e-10	6.87e-07	1.03e-04	3.57e-03	3.45e-02	1.86e-01	3.08e-01	2.14e-01	1.16e-01	1.29e-01	8.34e-03	1.77e-04
 2.87129e+23	0.00e+00	1.21e-28	2.44e-22	3.69e-19	3.26e-16	9.08e-14	1.05e-11	6.15e-10	6.94e-07	1.04e-04	3.59e-03	3.47e-02	1.87e-01	3.08e-01	2.14e-01	1.16e-01	1.28e-01	8.28e-03	1.75e-04
 2.90184e+23	0.00e+00	1.23e-28	2.48e-22	3.75e-19	3.31e-16	9.20e-14	1.06e-11	6.21e-10	7.00e-07	1.04e-04	3.61e-03	3.48e-02	1.88e-01	3.08e-01	2.14e-01	1.15e-01	1.28e-01	8.23e-03	1.74e-04
 2.93239e+23	0.00e+00	1.24e-28	2.50e-22	3.78e-19	3.33e-16	9.25e-14	1.07e-11	6.24e-10	7.02e-07	1.05e-04	3.62e-03	3.49e-02	1.88e-01	3.08e-01	2.14e-01	1.15e-01	1.27e-01	8.21e-03	1.73e-04
 2.96294e+23	0.00e+00	1.26e-28	2.52e-22	3.81e-19	3.35e-16	9.31e-14	1.08e-11	6.26e-10	7.05e-07	1.05e-04	3.63e-03	3.49e-02	1.88e-01	3.09e-01	2.14e-01	1.15e-01	1.27e-01	8.19e-03	1.73e-04
