   0.0000000E+00   2.2610863E+06   1.1456979E+06   3.4067841E+06   1.1333691E-03   0.0000000E+00   7.5221830E-04
   1.4492754E-02   2.3292826E+06   1.1608526E+06   3.4901352E+06   7.1878144E-09   0.0000000E+00   4.7970780E-09
   2.8985507E-02   2.2705580E+06   1.1203137E+06   3.3908717E+06   2.0236572E-09   8.6471245E-10   1.3750839E-09
   4.3478261E-02   2.2623492E+06   1.1704506E+06   3.4327998E+06   3.5216007E-06   0.0000000E+00   2.3208724E-06
   5.7971014E-02   2.3099603E+06   1.1500549E+06   3.4600151E+06   1.3275824E-09   0.0000000E+00   8.8631478E-10
   7.2463768E-02   2.3110969E+06   1.1561546E+06   3.4671000E+06   2.3203026E-05   0.0000000E+00   1.5466655E-05
   8.6956522E-02   2.3350919E+06   1.1632521E+06   3.4982177E+06   1.0810435E-05   2.8966726E-09   7.2167799E-06
   1.0144928E-01   2.3056845E+06   1.1534917E+06   3.4591762E+06   5.5429564E-06   6.5725992E-09   3.6945360E-06
   1.1594203E-01   2.3307033E+06   1.1474028E+06   3.4779167E+06   4.6678104E-05   1.7345759E-09   3.1281441E-05
   1.3043478E-01   2.3660749E+06   1.1729764E+06   3.5389671E+06   7.2262978E-06   1.1825481E-09   4.8313244E-06
   1.4492754E-01   2.3737617E+06   1.1863126E+06   3.5599227E+06   3.9506706E-05   0.0000000E+00   2.6343130E-05
   1.5942029E-01   2.4102915E+06   1.1995661E+06   3.6097887E+06   3.0361061E-05   6.8837681E-11   2.0272395E-05
   1.7391304E-01   2.4131388E+06   1.2172408E+06   3.6303165E+06   1.1564751E-05   3.0246410E-09   7.6866596E-06
   1.8840580E-01   2.4250488E+06   1.2102221E+06   3.6350377E+06   2.5895587E-05   3.6541951E-10   1.7275871E-05
   2.0289855E-01   2.4740103E+06   1.2431212E+06   3.7169691E+06   6.6142673E-06   7.0803065E-11   4.4024406E-06
   2.1739130E-01   2.5047744E+06   1.2498614E+06   3.7544842E+06   7.1547395E-06   5.9443252E-10   4.7731821E-06
   2.3188406E-01   2.5303669E+06   1.2856897E+06   3.8156778E+06   1.9391562E-05   2.0877680E-12   1.2859516E-05
   2.4637681E-01   2.5826786E+06   1.2874392E+06   3.8700287E+06   4.2975408E-05   1.8498231E-09   2.8680277E-05
   2.6086957E-01   2.6240421E+06   1.3065485E+06   3.9304223E+06   1.1714728E-05   3.7422355E-10   7.8211317E-06
   2.7536232E-01   2.6638433E+06   1.3426695E+06   4.0061937E+06   1.5022777E-05   6.1544098E-08   9.9685100E-06
   2.8985507E-01   2.7167512E+06   1.3569170E+06   4.0732135E+06   5.9733549E-06   7.7224733E-10   3.9838499E-06
   3.0434783E-01   2.7579450E+06   1.3830859E+06   4.1402011E+06   2.1393196E-05   8.4377433E-10   1.4250544E-05
   3.1884058E-01   2.8276666E+06   1.4180353E+06   4.2450820E+06   1.3777085E-05   9.2530331E-11   9.1769548E-06
   3.3333333E-01   2.8769615E+06   1.4337366E+06   4.3102698E+06   6.3243348E-06   1.5865534E-09   4.2212229E-06
   3.4782609E-01   2.9181071E+06   1.4622424E+06   4.3797812E+06   1.0536824E-05   6.5945803E-10   7.0201824E-06
   3.6231884E-01   2.9538395E+06   1.4907712E+06   4.4442469E+06   1.5104632E-05   5.6271481E-10   1.0039114E-05
   3.7681159E-01   2.9892129E+06   1.5154151E+06   4.5041034E+06   6.8850354E-06   5.3353728E-10   4.5691766E-06
   3.9130435E-01   3.0382996E+06   1.5196269E+06   4.5571407E+06   1.7972678E-05   7.7644931E-10   1.1982555E-05
   4.0579710E-01   3.0897255E+06   1.5433473E+06   4.6323962E+06   7.0365416E-06   3.2439135E-09   4.6941525E-06
   4.2028986E-01   3.1065375E+06   1.5551108E+06   4.6604725E+06   2.1782497E-05   2.4334331E-10   1.4519532E-05
   4.3478261E-01   3.1506944E+06   1.5671005E+06   4.7169614E+06   2.1410499E-05   4.5488493E-10   1.4300995E-05
   4.4927536E-01   3.1755033E+06   1.5823986E+06   4.7572176E+06   7.1988741E-06   1.3298424E-09   4.8054095E-06
   4.6376812E-01   3.1720042E+06   1.5788154E+06   4.7499908E+06   5.4307142E-06   6.9184612E-10   3.6263679E-06
   4.7826087E-01   3.1631833E+06   1.5937499E+06   4.7563821E+06   4.6658976E-06   1.5193015E-10   3.1029627E-06
   4.9275362E-01   3.1900269E+06   1.5955037E+06   4.7845723E+06   5.2345980E-06   3.6464192E-10   3.4900644E-06
   5.0724638E-01   3.1585063E+06   1.5965512E+06   4.7544946E+06   1.4948180E-05   2.0120747E-09   9.9302779E-06
   5.2173913E-01   3.1531528E+06   1.5798599E+06   4.7319814E+06   2.5997530E-05   2.1778968E-10   1.7323366E-05
   5.3623188E-01   3.1233497E+06   1.5634565E+06   4.6851064E+06   1.3742799E-05   2.7844718E-09   9.2823798E-06
   5.5072464E-01   3.0979067E+06   1.5506682E+06   4.6478372E+06   8.4647892E-06   5.7538606E-10   5.6421979E-06
   5.6521739E-01   3.0649672E+06   1.5445782E+06   4.6085545E+06   9.2196549E-06   6.9994569E-10   6.1318539E-06
   5.7971014E-01   3.0287493E+06   1.5103208E+06   4.5382934E+06   8.6241388E-06   9.9855862E-10   5.7552134E-06
   5.9420290E-01   2.9832278E+06   1.4904681E+06   4.4727903E+06   2.0534245E-05   2.2164535E-08   1.3695538E-05
   6.0869565E-01   2.9164563E+06   1.4632617E+06   4.3789964E+06   5.4123397E-06   1.9405065E-09   4.3507857E-06
   6.2318841E-01   2.8701832E+06   1.4481053E+06   4.3175131E+06   8.0624320E-06   6.2140118E-10   5.3595518E-06
   6.3768116E-01   2.7986660E+06   1.4023639E+06   4.2001517E+06   2.2761964E-05   2.4962483E-09   1.5167669E-05
   6.5217391E-01   2.7304957E+06   1.3594638E+06   4.0886293E+06   1.7134246E-06   2.1317681E-08   1.1409384E-06
   6.6666667E-01   2.6602158E+06   1.3354615E+06   3.9949361E+06   1.6169567E-05   2.6504195E-08   1.0763296E-05
   6.8115942E-01   2.5805609E+06   1.2998086E+06   3.8797892E+06   6.5013651E-06   4.3880340E-10   4.3243578E-06
   6.9565217E-01   2.4872549E+06   1.2534228E+06   3.7397778E+06   9.4160607E-06   1.7164126E-09   6.2622390E-06
   7.1014493E-01   2.4100975E+06   1.2068426E+06   3.6165071E+06   8.7380745E-06   9.9457510E-10   5.8230373E-06
   7.2463768E-01   2.3332228E+06   1.1622468E+06   3.4948938E+06   5.6078051E-06   3.5890532E-10   3.7437315E-06
   7.3913043E-01   2.2372844E+06   1.1220595E+06   3.3588684E+06   1.6871055E-05   6.1365619E-10   1.1237463E-05
   7.5362319E-01   2.1472800E+06   1.0770790E+06   3.2239073E+06   1.4564882E-05   4.5068510E-10   9.7008948E-06
   7.6811594E-01   2.0592281E+06   1.0281915E+06   3.0865903E+06   1.1181212E-05   1.1994170E-09   7.4595553E-06
   7.8260870E-01   1.9651340E+06   9.8699413E+05   2.9517212E+06   1.2191921E-05   5.6028700E-10   8.1170466E-06
   7.9710145E-01   1.8772444E+06   9.4517319E+05   2.8218941E+06   4.5102810E-06   4.9467938E-10   3.0005773E-06
   8.1159420E-01   1.7808165E+06   8.9032707E+05   2.6706835E+06   9.5305013E-06   2.6959471E-10   6.3549744E-06
   8.2608696E-01   1.6926641E+06   8.4443771E+05   2.5366233E+06   7.7762944E-06   1.0873407E-09   5.1894064E-06
   8.4057971E-01   1.5813181E+06   7.9358547E+05   2.3745247E+06   1.6176695E-05   1.4341365E-09   1.0772846E-05
   8.5507246E-01   1.4772526E+06   7.4331400E+05   2.2202455E+06   1.2820440E-05   1.2597011E-10   8.5301109E-06
   8.6956522E-01   1.3805078E+06   6.8899734E+05   2.0692400E+06   8.9443338E-06   1.4415667E-09   5.9669741E-06
   8.8405797E-01   1.2640539E+06   6.3329396E+05   1.8969006E+06   7.0743640E-06   1.4877462E-10   4.7141552E-06
   8.9855072E-01   1.1548763E+06   5.7976634E+05   1.7344593E+06   1.4876964E-05   9.9196373E-10   9.9060184E-06
   9.1304348E-01   1.0434636E+06   5.2412526E+05   1.5673843E+06   3.7866410E-06   8.3733121E-10   2.5206296E-06
   9.2753623E-01   9.2557536E+05   4.6671844E+05   1.3922464E+06   6.9084663E-06   2.0937654E-09   4.5934164E-06
   9.4202899E-01   8.1048681E+05   4.0116912E+05   1.2116210E+06   2.9745726E-05   1.0361278E-09   1.9897398E-05
   9.5652174E-01   6.7487933E+05   3.3692876E+05   1.0117277E+06   1.3392170E-05   4.1598579E-11   8.9333429E-06
   9.7101449E-01   5.2991806E+05   2.6754891E+05   7.9745566E+05   2.1770363E-05   8.3552939E-10   1.4466691E-05
   9.8550725E-01   3.5818659E+05   1.8167851E+05   5.3984281E+05   2.4357361E-05   2.0053479E-10   1.6161093E-05
   1.0000000E+00   1.6629721E+05   8.4954045E+04   2.5125126E+05   5.6973465E-11   0.0000000E+00   3.7709377E-11
