   0.0000000E+00   2.2186530E+06   1.0850789E+06   3.3037319E+06   0.0000000E+00   0.0000000E+00   0.0000000E+00
   1.4492754E-02   2.3406486E+06   1.0949295E+06   3.4355781E+06   2.2862729E-05   8.0460153E-09   1.5578806E-05
   2.8985507E-02   2.2963210E+06   1.1593371E+06   3.4556581E+06   5.2410936E-06   0.0000000E+00   3.4827616E-06
   4.3478261E-02   2.2552770E+06   1.1080636E+06   3.3633406E+06   6.2905111E-05   1.8116171E-09   4.2181234E-05
   5.7971014E-02   2.2891225E+06   1.1381205E+06   3.4270536E+06   4.6621189E-05   1.6827921E-10   3.1140874E-05
   7.2463768E-02   2.2844246E+06   1.1314524E+06   3.4158770E+06   1.1278709E-05   5.4961036E-09   7.5427093E-06
   8.6956522E-02   2.2878596E+06   1.1693140E+06   3.4571736E+06   2.1460384E-05   7.8811759E-10   1.4201635E-05
   1.0144928E-01   2.3070917E+06   1.1670227E+06   3.4741144E+06   2.2507319E-05   8.6205554E-10   1.4946858E-05
   1.1594203E-01   2.3522988E+06   1.1873734E+06   3.5396722E+06   6.5777189E-06   0.0000000E+00   4.3712411E-06
   1.3043478E-01   2.3563085E+06   1.1840057E+06   3.5403142E+06   4.6680171E-05   2.0408572E-09   3.1068057E-05
   1.4492754E-01   2.3648204E+06   1.1685815E+06   3.5333262E+06   9.2475727E-06   5.5726928E-10   6.1892889E-06
   1.5942029E-01   2.3916236E+06   1.2054902E+06   3.5969072E+06   3.6615274E-05   3.5614524E-10   2.4345996E-05
   1.7391304E-01   2.4192007E+06   1.2054959E+06   3.6244440E+06   1.1210624E-05   2.2378347E-09   7.4827563E-06
   1.8840580E-01   2.4300615E+06   1.2200726E+06   3.6497845E+06   1.9563230E-05   8.0803163E-08   1.2998391E-05
   2.0289855E-01   2.4707087E+06   1.2236365E+06   3.6941287E+06   2.6353807E-05   1.1710256E-09   1.7625664E-05
   2.1739130E-01   2.5015414E+06   1.2571357E+06   3.7584750E+06   2.9782262E-05   1.8125077E-09   1.9822651E-05
   2.3188406E-01   2.5275254E+06   1.2740395E+06   3.8014702E+06   5.0178851E-05   7.8432955E-10   3.3363186E-05
   2.4637681E-01   2.5878491E+06   1.2969332E+06   3.8845148E+06   5.0664780E-06   4.1395734E-08   3.3634375E-06
   2.6086957E-01   2.6200430E+06   1.3121053E+06   3.9318115E+06   1.4432880E-05   1.2230133E-08   9.6213635E-06
   2.7536232E-01   2.6716599E+06   1.3521612E+06   4.0235818E+06   2.4202176E-05   1.0324657E-09   1.6070367E-05
   2.8985507E-01   2.7307693E+06   1.3632441E+06   4.0936724E+06   1.3509489E-05   4.4627118E-10   9.0116892E-06
   3.0434783E-01   2.7829503E+06   1.3878849E+06   4.1702940E+06   1.3095420E-05   3.3718610E-10   8.7389392E-06
   3.1884058E-01   2.8058989E+06   1.4145566E+06   4.2202833E+06   1.5833725E-05   1.8388398E-09   1.0527207E-05
   3.3333333E-01   2.8813761E+06   1.4393044E+06   4.3203181E+06   2.1705275E-05   4.3077153E-10   1.4476051E-05
   3.4782609E-01   2.9365454E+06   1.4547281E+06   4.3908315E+06   1.0937156E-05   1.1773326E-09   7.3150463E-06
   3.6231884E-01   2.9740559E+06   1.4871946E+06   4.4609777E+06   2.5133425E-05   1.3473101E-09   1.6755904E-05
   3.7681159E-01   2.9957120E+06   1.5017175E+06   4.4970215E+06   3.0331801E-05   9.3281646E-09   2.0204487E-05
   3.9130435E-01   3.0374577E+06   1.5184763E+06   4.5555129E+06   1.8627448E-05   3.1536533E-09   1.2419701E-05
   4.0579710E-01   3.0717292E+06   1.5402351E+06   4.6114501E+06   2.6327428E-05   6.7325042E-10   1.7537106E-05
   4.2028986E-01   3.1058320E+06   1.5703962E+06   4.6752876E+06   4.8908453E-06   7.2247885E-09   3.2466121E-06
   4.3478261E-01   3.1405660E+06   1.5696768E+06   4.7097124E+06   1.5971409E-05   1.4220061E-08   1.0654665E-05
   4.4927536E-01   3.1414541E+06   1.5878983E+06   4.7286680E+06   1.3101559E-05   3.7859137E-10   8.7037965E-06
   4.6376812E-01   3.1707728E+06   1.5869374E+06   4.7570709E+06   1.3419904E-05   3.2059957E-09   8.9457622E-06
   4.7826087E-01   3.1732175E+06   1.5940024E+06   4.7664852E+06   1.8504379E-05   8.8646712E-10   1.2319074E-05
   4.9275362E-01   3.1634838E+06   1.5861880E+06   4.7490478E+06   3.9208750E-06   1.7009282E-09   2.6123127E-06
   5.0724638E-01   3.1624898E+06   1.5857480E+06   4.7475234E+06   2.0142196E-05   1.3076636E-09   1.3417019E-05
   5.2173913E-01   3.1524582E+06   1.5769763E+06   4.7287821E+06   7.5240395E-06   4.5553803E-09   5.0173315E-06
   5.3623188E-01   3.1223871E+06   1.5682692E+06   4.6894480E+06   7.4679071E-06   2.6523156E-09   4.9714966E-06
   5.5072464E-01   3.1056237E+06   1.5566903E+06   4.6614764E+06   2.1874912E-05   1.6635427E-09   1.4573379E-05
   5.6521739E-01   3.0817540E+06   1.5355631E+06   4.6165593E+06   1.5888235E-05   1.9134633E-09   1.0605690E-05
   5.7971014E-01   3.0189556E+06   1.5176519E+06   4.5357928E+06   1.7666016E-05   1.1415482E-08   1.1761974E-05
   5.9420290E-01   2.9879406E+06   1.4863652E+06   4.4736404E+06   1.4359163E-05   1.3276582E-09   9.5900574E-06
   6.0869565E-01   2.9211290E+06   1.4713262E+06   4.3916975E+06   1.6127452E-05   1.5148559E-09   1.0726794E-05
   6.2318841E-01   2.8664298E+06   1.4191879E+06   4.2851067E+06   8.1829893E-06   2.0187841E-09   5.4742467E-06
   6.3768116E-01   2.7936718E+06   1.4015545E+06   4.1943825E+06   1.6387565E-05   4.8669282E-10   1.0914792E-05
   6.5217391E-01   2.7401948E+06   1.3558772E+06   4.0951290E+06   1.2504748E-05   2.9790117E-08   8.3592479E-06
   6.6666667E-01   2.6582885E+06   1.3400573E+06   3.9977858E+06   1.5189634E-05   4.3478576E-06   1.0194131E-05
   6.8115942E-01   2.5760307E+06   1.2925214E+06   3.8676976E+06   1.0472072E-05   1.1130024E-09   6.9748631E-06
   6.9565217E-01   2.5073349E+06   1.2502971E+06   3.7570163E+06   7.0197031E-06   1.0947793E-10   4.6847576E-06
   7.1014493E-01   2.4143037E+06   1.2084508E+06   3.6223525E+06   4.7768354E-07   4.4144237E-10   3.1823634E-07
   7.2463768E-01   2.3308587E+06   1.1692483E+06   3.4995008E+06   1.2142482E-05   3.3832366E-09   8.0871477E-06
   7.3913043E-01   2.2386513E+06   1.1224012E+06   3.3605919E+06   1.2948189E-05   1.7998256E-09   8.6248602E-06
   7.5362319E-01   2.1503401E+06   1.0797602E+06   3.2295903E+06   1.3855178E-05   1.8399821E-09   9.2245547E-06
   7.6811594E-01   2.0671629E+06   1.0284059E+06   3.0946967E+06   1.3066255E-05   3.1677100E-09   8.7280792E-06
   7.8260870E-01   1.9766263E+06   9.8891653E+05   2.9651219E+06   6.8633161E-06   1.4184637E-09   4.5752707E-06
   7.9710145E-01   1.8753845E+06   9.3506085E+05   2.8100872E+06   2.4452580E-05   6.4673555E-10   1.6319033E-05
   8.1159420E-01   1.7825485E+06   8.9537414E+05   2.6775844E+06   1.1101132E-05   5.3113084E-10   7.3904324E-06
   8.2608696E-01   1.6673398E+06   8.3963871E+05   2.5064999E+06   2.0297787E-05   4.0797443E-10   1.3502328E-05
   8.4057971E-01   1.5777907E+06   7.9533610E+05   2.3728916E+06   1.4985086E-05   1.3561893E-09   9.9643449E-06
   8.5507246E-01   1.4791534E+06   7.4100226E+05   2.2198731E+06   2.2647465E-05   8.4565039E-11   1.5090555E-05
   8.6956522E-01   1.3818844E+06   6.8895945E+05   2.0705913E+06   3.1927912E-05   4.3207588E-10   2.1308304E-05
   8.8405797E-01   1.2632961E+06   6.3653608E+05   1.8995589E+06   7.6503899E-06   3.9756774E-09   5.0866001E-06
   8.9855072E-01   1.1632358E+06   5.8148958E+05   1.7445787E+06   1.3248528E-05   2.4665959E-09   8.8341303E-06
   9.1304348E-01   1.0466268E+06   5.2062524E+05   1.5671318E+06   2.4948731E-05   2.9763080E-09   1.6661445E-05
   9.2753623E-01   9.3419461E+05   4.6329678E+05   1.3973493E+06   2.3592897E-05   8.3030313E-10   1.5773004E-05
   9.4202899E-01   8.0580050E+05   4.0430498E+05   1.2100122E+06   3.3603224E-05   2.1857739E-09   2.2377540E-05
   9.5652174E-01   6.7514339E+05   3.3743392E+05   1.0124855E+06   1.1486725E-05   4.2573591E-09   7.6603416E-06
   9.7101449E-01   5.3155794E+05   2.6543403E+05   7.9696935E+05   3.3746238E-05   1.2002893E-09   2.2508233E-05
   9.8550725E-01   3.6256586E+05   1.8202395E+05   5.4454524E+05   1.3129170E-05   6.1372036E-10   8.7416698E-06
   1.0000000E+00   1.6721635E+05   8.3991145E+04   2.5120749E+05   2.6300741E-05   0.0000000E+00   1.7507097E-05
