   0.0000000E+00   2.0489200E+06   1.1820692E+06   3.2309892E+06   1.9426713E-04   4.0650359E-08   1.2320841E-04
   1.4492754E-02   2.3542879E+06   1.1684300E+06   3.5227178E+06   1.4041997E-04   1.1880492E-08   9.3841114E-05
   2.8985507E-02   2.3008674E+06   1.1707032E+06   3.4715706E+06   1.1166353E-04   0.0000000E+00   7.4007706E-05
   4.3478261E-02   2.2737152E+06   1.1552959E+06   3.4290111E+06   1.5800583E-04   1.0766250E-09   1.0477047E-04
   5.7971014E-02   2.2910169E+06   1.1523281E+06   3.4433449E+06   4.2701738E-05   1.1254894E-09   2.8411507E-05
   7.2463768E-02   2.3012463E+06   1.1772197E+06   3.4783145E+06   4.3149085E-05   4.3429203E-09   2.8545960E-05
   8.6956522E-02   2.3305455E+06   1.1561799E+06   3.4865991E+06   1.0999960E-04   1.1309446E-08   7.3527547E-05
   1.0144928E-01   2.3292826E+06   1.1548990E+06   3.4841815E+06   4.1367856E-05   5.6044245E-09   2.7657391E-05
   1.1594203E-01   2.3446267E+06   1.1551696E+06   3.4996069E+06   3.0015248E-05   4.4761772E-09   2.0109604E-05
   1.3043478E-01   2.3584975E+06   1.1672513E+06   3.5255804E+06   6.8748562E-05   3.7364984E-09   4.5990291E-05
   1.4492754E-01   2.3533786E+06   1.1876765E+06   3.5406762E+06   9.2108661E-05   2.0586482E-08   6.1220402E-05
   1.5942029E-01   2.3959634E+06   1.1744230E+06   3.5702486E+06   5.4251365E-05   5.9306117E-09   3.6409056E-05
   1.7391304E-01   2.4156014E+06   1.2167357E+06   3.6320214E+06   7.1955988E-05   4.7437735E-09   4.7856076E-05
   1.8840580E-01   2.4279049E+06   1.2249688E+06   3.6526405E+06   1.0680824E-04   1.4731238E-08   7.0993587E-05
   2.0289855E-01   2.4644303E+06   1.2364639E+06   3.7005695E+06   7.4740541E-05   3.5803876E-09   4.9773015E-05
   2.1739130E-01   2.5345787E+06   1.2588532E+06   3.7933309E+06   8.2716446E-05   1.9052004E-07   5.5234419E-05
   2.3188406E-01   2.5592557E+06   1.2833218E+06   3.8423406E+06   2.6472071E-05   6.0444630E-09   1.7630178E-05
   2.4637681E-01   2.5774636E+06   1.3080764E+06   3.8854063E+06   3.6061693E-05   6.9350170E-08   2.3939243E-05
   2.6086957E-01   2.6221057E+06   1.3156414E+06   3.9374524E+06   9.4056638E-05   3.5520472E-09   6.2637216E-05
   2.7536232E-01   2.6718593E+06   1.3348928E+06   4.0061538E+06   3.6196160E-05   1.7505786E-08   2.4137102E-05
   2.8985507E-01   2.7327774E+06   1.3799522E+06   4.1124643E+06   7.9894262E-05   7.5491204E-07   5.3183880E-05
   3.0434783E-01   2.7715121E+06   1.3835911E+06   4.1544177E+06   4.1053475E-05   3.9082853E-09   2.7387649E-05
   3.1884058E-01   2.8103076E+06   1.4152799E+06   4.2251742E+06   5.3893542E-05   9.5683713E-09   3.5845361E-05
   3.3333333E-01   2.8748530E+06   1.4394691E+06   4.3138279E+06   4.0924760E-05   4.0658126E-09   2.7274268E-05
   3.4782609E-01   2.9116979E+06   1.4558016E+06   4.3669944E+06   5.3674236E-05   3.6763584E-08   3.5788166E-05
   3.6231884E-01   2.9568704E+06   1.4856489E+06   4.4422162E+06   4.8562859E-05   3.5155229E-09   3.2325396E-05
   3.7681159E-01   3.0232819E+06   1.5055062E+06   4.5283801E+06   2.2417023E-05   4.5821217E-09   1.4965485E-05
   3.9130435E-01   3.0236781E+06   1.5180553E+06   4.5413124E+06   4.2772231E-05   3.8050057E-08   2.8482560E-05
   4.0579710E-01   3.0681570E+06   1.5557958E+06   4.6232221E+06   6.4504292E-05   8.1704317E-10   4.2807779E-05
   4.2028986E-01   3.1163881E+06   1.5536476E+06   4.6693041E+06   5.3487767E-05   1.2800022E-09   3.5698970E-05
   4.3478261E-01   3.1260932E+06   1.5675046E+06   4.6931179E+06   2.7295248E-05   6.2508998E-09   1.8179433E-05
   4.4927536E-01   3.1578065E+06   1.5782677E+06   4.7352921E+06   3.7907841E-05   1.1446321E-09   2.5279300E-05
   4.6376812E-01   3.1582939E+06   1.5809702E+06   4.7387431E+06   1.5723205E-05   8.2726501E-09   1.0479950E-05
   4.7826087E-01   3.1832059E+06   1.5965282E+06   4.7790223E+06   3.2531131E-05   2.4378748E-07   2.1646017E-05
   4.9275362E-01   3.1841878E+06   1.5950357E+06   4.7786664E+06   4.2209511E-05   4.2219429E-09   2.8126424E-05
   5.0724638E-01   3.1621867E+06   1.5956636E+06   4.7572441E+06   2.0276896E-05   4.7082887E-08   1.3477934E-05
   5.2173913E-01   3.1611933E+06   1.5735034E+06   4.7341704E+06   2.7988873E-05   4.6048961E-08   1.8677970E-05
   5.3623188E-01   3.1026655E+06   1.5678391E+06   4.6692349E+06   3.7769935E-05   7.1107577E-09   2.5097722E-05
   5.5072464E-01   3.1057832E+06   1.5624132E+06   4.6677178E+06   3.9329298E-05   1.3071127E-09   2.6169008E-05
   5.6521739E-01   3.0584973E+06   1.5308807E+06   4.5886591E+06   4.4113068E-05   1.7982456E-08   2.9404936E-05
   5.7971014E-01   3.0152426E+06   1.5156439E+06   4.5302424E+06   5.4952698E-05   5.8598910E-09   3.6577175E-05
   5.9420290E-01   2.9751145E+06   1.4919466E+06   4.4661370E+06   6.7414454E-05   4.5900190E-10   4.4016260E-05
   6.0869565E-01   2.9136599E+06   1.4668519E+06   4.3799345E+06   3.1091431E-05   1.0760989E-08   2.0681644E-05
   6.2318841E-01   2.8705004E+06   1.4341312E+06   4.3037505E+06   8.7818788E-06   1.4503014E-07   5.9056252E-06
   6.3768116E-01   2.8071044E+06   1.3997980E+06   4.2061447E+06   5.4818101E-05   9.9443375E-09   3.6586207E-05
   6.5217391E-01   2.7217060E+06   1.3786093E+06   4.0991366E+06   1.5102639E-05   1.0181026E-08   1.0030688E-05
   6.6666667E-01   2.6533303E+06   1.3241119E+06   3.9767833E+06   2.0546450E-05   1.9937821E-08   1.3708459E-05
   6.8115942E-01   2.5828664E+06   1.2879750E+06   3.8701804E+06   6.5509712E-05   4.6789056E-09   4.3720980E-05
   6.9565217E-01   2.5041935E+06   1.2561380E+06   3.7598736E+06   1.6638156E-05   4.4102459E-09   1.1080060E-05
   7.1014493E-01   2.4129274E+06   1.2123323E+06   3.6247185E+06   1.8545212E-05   7.1475254E-08   1.2336505E-05
   7.2463768E-01   2.3236753E+06   1.1666872E+06   3.4898472E+06   6.6086096E-05   6.1478696E-09   4.3460921E-05
   7.3913043E-01   2.2453521E+06   1.1126100E+06   3.3574570E+06   9.5009693E-06   4.9757249E-09   6.3524367E-06
   7.5362319E-01   2.1495824E+06   1.0777930E+06   3.2268654E+06   5.6339498E-05   6.3559766E-09   3.7532565E-05
   7.6811594E-01   2.0640890E+06   1.0341676E+06   3.0975704E+06   4.6102607E-05   1.6322529E-09   3.0721359E-05
   7.8260870E-01   1.9676036E+06   9.9349102E+05   2.9606175E+06   5.3258390E-05   1.0485551E-08   3.5396298E-05
   7.9710145E-01   1.8737037E+06   9.4390570E+05   2.8171961E+06   4.0612848E-05   2.6544851E-09   2.7011651E-05
   8.1159420E-01   1.7820749E+06   8.9153133E+05   2.6733491E+06   8.1917210E-05   1.2395051E-09   5.4606546E-05
   8.2608696E-01   1.6824147E+06   8.4079526E+05   2.5228776E+06   8.3522331E-05   4.0293250E-09   5.5698741E-05
   8.4057971E-01   1.5749426E+06   7.9682545E+05   2.3713108E+06   1.0244551E-04   1.5219915E-08   6.8040105E-05
   8.5507246E-01   1.4809771E+06   7.4128481E+05   2.2219665E+06   6.5720730E-05   1.1749656E-08   4.3807054E-05
   8.6956522E-01   1.3723748E+06   6.8965404E+05   2.0618015E+06   1.6476289E-05   2.8294073E-09   1.0966005E-05
   8.8405797E-01   1.2714200E+06   6.3905773E+05   1.9101424E+06   8.1043866E-05   1.4092976E-08   5.3947677E-05
   8.9855072E-01   1.1559884E+06   5.8247952E+05   1.7382480E+06   1.2848947E-04   7.2296637E-09   8.5451700E-05
   9.1304348E-01   1.0463742E+06   5.2627820E+05   1.5725562E+06   1.5921744E-04   1.3589497E-08   1.0594629E-04
   9.2753623E-01   9.3192140E+05   4.6349806E+05   1.3953484E+06   1.4402548E-04   4.9221222E-09   9.6192968E-05
   9.4202899E-01   8.0224497E+05   3.9821977E+05   1.2003715E+06   1.1341274E-04   1.6004714E-09   7.5797731E-05
   9.5652174E-01   6.7109064E+05   3.4000563E+05   1.0110504E+06   6.9503036E-05   2.6990823E-09   4.6132201E-05
   9.7101449E-01   5.3355972E+05   2.6538879E+05   7.9889196E+05   1.1190487E-04   5.2821751E-09   7.4740138E-05
   9.8550725E-01   3.6164098E+05   1.8330542E+05   5.4493525E+05   3.3288251E-04   3.1506182E-09   2.2091336E-04
   1.0000000E+00   1.6745707E+05   8.4363174E+04   2.5182025E+05   3.6182209E-04   4.5774447E-11   2.4060682E-04
