   0.0000000E+00   2.1944054E+06   1.2002549E+06   3.3946603E+06   1.1796205E-03   0.0000000E+00   7.6254042E-04
   1.4492754E-02   2.3414064E+06   1.1169039E+06   3.4583102E+06   2.5909841E-04   4.6324442E-09   1.7541805E-04
   2.8985507E-02   2.2663904E+06   1.1858579E+06   3.4522483E+06   6.1572941E-05   7.5656243E-09   4.0419988E-05
   4.3478261E-02   2.2754833E+06   1.1623681E+06   3.4378513E+06   5.5297720E-05   0.0000000E+00   3.6601070E-05
   5.7971014E-02   2.3090131E+06   1.1449401E+06   3.4539532E+06   3.1504837E-05   1.3684493E-09   2.1061777E-05
   7.2463768E-02   2.2960937E+06   1.1738857E+06   3.4699794E+06   3.9243489E-05   4.9683834E-09   2.5968083E-05
   8.6956522E-02   2.3222104E+06   1.1626207E+06   3.4848310E+06   4.8581430E-05   1.1563837E-10   3.2373549E-05
   1.0144928E-01   2.3005968E+06   1.1553319E+06   3.4559288E+06   5.6370596E-05   8.4368514E-09   3.7527429E-05
   1.1594203E-01   2.3249256E+06   1.1851002E+06   3.5099310E+06   5.1752516E-06   5.3158941E-09   3.4279418E-06
   1.3043478E-01   2.3281881E+06   1.1904885E+06   3.5185924E+06   2.3416739E-05   1.5486107E-09   1.5493915E-05
   1.4492754E-01   2.3486049E+06   1.1899497E+06   3.5384030E+06   4.9983085E-05   1.9476103E-09   3.3176773E-05
   1.5942029E-01   2.3833574E+06   1.1889577E+06   3.5719018E+06   4.3992103E-05   1.1598367E-09   2.9353903E-05
   1.7391304E-01   2.4032250E+06   1.2185037E+06   3.6214762E+06   3.5214543E-05   3.0878363E-09   2.3367726E-05
   1.8840580E-01   2.4378721E+06   1.2257265E+06   3.6633654E+06   4.4666561E-06   2.3544952E-10   2.9723918E-06
   2.0289855E-01   2.4648092E+06   1.2344072E+06   3.6991081E+06   4.0754706E-05   4.8897105E-08   2.7150648E-05
   2.1739130E-01   2.5021476E+06   1.2521346E+06   3.7540296E+06   1.7554930E-05   1.2288300E-08   1.1703932E-05
   2.3188406E-01   2.5247786E+06   1.2718137E+06   3.7964029E+06   8.4466710E-06   6.7918406E-10   5.6173817E-06
   2.4637681E-01   2.5646267E+06   1.3010785E+06   3.8653485E+06   1.6522142E-05   1.1792434E-09   1.0962626E-05
   2.6086957E-01   2.6154545E+06   1.3254498E+06   3.9407359E+06   3.1092330E-05   2.8204366E-09   2.0636117E-05
   2.7536232E-01   2.6845015E+06   1.3419517E+06   4.0262937E+06   2.1718104E-05   5.8987780E-10   1.4480296E-05
   2.8985507E-01   2.7178121E+06   1.3668054E+06   4.0843902E+06   1.5977431E-05   1.2252806E-09   1.0631769E-05
   3.0434783E-01   2.7840689E+06   1.3887870E+06   4.1722425E+06   1.8821424E-05   3.3113636E-09   1.2560083E-05
   3.1884058E-01   2.8206059E+06   1.4043272E+06   4.2246576E+06   2.2409897E-05   5.2998586E-11   1.4962056E-05
   3.3333333E-01   2.8528786E+06   1.4396997E+06   4.2921830E+06   1.2286927E-05   2.8335403E-09   8.1669811E-06
   3.4782609E-01   2.9001424E+06   1.4606637E+06   4.3603326E+06   3.1018578E-05   7.5506191E-10   2.0630813E-05
   3.6231884E-01   2.9592952E+06   1.4805569E+06   4.4394883E+06   2.1273777E-05   8.4480719E-10   1.4180511E-05
   3.7681159E-01   3.0113039E+06   1.5068177E+06   4.5177135E+06   9.0871353E-06   3.4484331E-10   6.0570735E-06
   3.9130435E-01   3.0321535E+06   1.5204127E+06   4.5518646E+06   2.5265575E-05   1.1678154E-08   1.6828165E-05
   4.0579710E-01   3.0947319E+06   1.5505728E+06   4.6449800E+06   2.7418608E-05   1.2432772E-09   1.8267777E-05
   4.2028986E-01   3.1325357E+06   1.5539612E+06   4.6853733E+06   2.9437702E-05   8.9059564E-10   1.9681496E-05
   4.3478261E-01   3.1288211E+06   1.5804114E+06   4.7086515E+06   2.8418681E-05   4.8804159E-09   1.8885382E-05
   4.4927536E-01   3.1540912E+06   1.5818364E+06   4.7351699E+06   9.6041073E-06   5.8736985E-09   6.3991851E-06
   4.6376812E-01   3.1541263E+06   1.5902288E+06   4.7435974E+06   6.6121456E-06   6.5913926E-10   4.3967697E-06
   4.7826087E-01   3.1832748E+06   1.5902367E+06   4.7725012E+06   5.8892878E-06   2.7837869E-09   3.9288706E-06
   4.9275362E-01   3.1626146E+06   1.5877481E+06   4.7494935E+06   8.0071420E-06   1.2597378E-08   5.3359873E-06
   5.0724638E-01   3.1724486E+06   1.5778026E+06   4.7494286E+06   1.7867732E-05   7.4301770E-09   1.1933333E-05
   5.2173913E-01   3.1707702E+06   1.5753767E+06   4.7451576E+06   9.7755685E-06   4.3920082E-10   6.5320184E-06
   5.3623188E-01   3.1424569E+06   1.5649106E+06   4.7061797E+06   2.2560077E-05   1.5340587E-07   1.5013216E-05
   5.5072464E-01   3.0983853E+06   1.5451049E+06   4.6428919E+06   4.0906225E-05   6.5646343E-09   2.7297868E-05
   5.6521739E-01   3.0825117E+06   1.5372534E+06   4.6190851E+06   9.7854825E-06   6.4692966E-09   6.5288984E-06
   5.7971014E-01   3.0207173E+06   1.5138632E+06   4.5335954E+06   3.0362443E-06   7.2105240E-10   2.0232731E-06
   5.9420290E-01   2.9874600E+06   1.4930555E+06   4.4797393E+06   1.1522138E-05   6.1483261E-09   7.6849631E-06
   6.0869565E-01   2.9045130E+06   1.4593106E+06   4.3630478E+06   8.5312432E-06   1.0392113E-09   5.6796309E-06
   6.2318841E-01   2.8712581E+06   1.4353295E+06   4.3058651E+06   2.3413082E-05   2.7819253E-09   1.5613315E-05
   6.3768116E-01   2.7803253E+06   1.4076853E+06   4.1871151E+06   3.5683194E-06   4.7630607E-09   2.3682075E-06
   6.5217391E-01   2.7244338E+06   1.3632525E+06   4.0864066E+06   1.7567503E-05   1.9345461E-09   1.1712635E-05
   6.6666667E-01   2.6529020E+06   1.3301079E+06   3.9823675E+06   1.3108556E-05   1.2129166E-08   8.7300421E-06
   6.8115942E-01   2.5849461E+06   1.2933759E+06   3.8779029E+06   3.3297278E-05   2.2484685E-08   2.2188018E-05
   6.9565217E-01   2.4901911E+06   1.2507707E+06   3.7402356E+06   2.1773806E-05   9.9916399E-10   1.4496931E-05
   7.1014493E-01   2.4025511E+06   1.2106467E+06   3.6125947E+06   8.2679459E-06   1.6523522E-09   5.4984057E-06
   7.2463768E-01   2.3205989E+06   1.1660810E+06   3.4861646E+06   1.7402335E-05   9.6523243E-10   1.1583754E-05
   7.3913043E-01   2.2515031E+06   1.1226538E+06   3.3735774E+06   2.0443818E-06   3.7590802E-09   1.3634917E-06
   7.5362319E-01   2.1551780E+06   1.0832283E+06   3.2377651E+06   1.2182258E-05   2.4665961E-09   8.1094506E-06
   7.6811594E-01   2.0727816E+06   1.0370413E+06   3.1089078E+06   1.1173805E-05   2.3217555E-09   7.4490879E-06
   7.8260870E-01   1.9770473E+06   9.8869202E+05   2.9651640E+06   1.0597662E-05   6.4182962E-10   7.0659331E-06
   7.9710145E-01   1.8706039E+06   9.3255343E+05   2.8027027E+06   2.2646513E-05   3.5123670E-09   1.5114806E-05
   8.1159420E-01   1.7859177E+06   8.9155839E+05   2.6771649E+06   3.0841950E-05   7.1273363E-09   2.0572702E-05
   8.2608696E-01   1.6883836E+06   8.4017046E+05   2.5282749E+06   2.9416610E-05   3.9504436E-09   1.9645667E-05
   8.4057971E-01   1.5827290E+06   7.9468288E+05   2.3770592E+06   1.1617735E-05   4.8108082E-09   7.7346033E-06
   8.5507246E-01   1.4766618E+06   7.4706416E+05   2.2234306E+06   3.1268048E-05   1.2689932E-09   2.0766555E-05
   8.6956522E-01   1.3791313E+06   6.8954038E+05   2.0684443E+06   1.0304413E-05   2.7490260E-09   6.8696589E-06
   8.8405797E-01   1.2608117E+06   6.3502061E+05   1.8954473E+06   1.0400959E-05   4.0643635E-09   6.9175157E-06
   8.9855072E-01   1.1620014E+06   5.8046296E+05   1.7422688E+06   3.8006547E-05   8.4803026E-10   2.5348419E-05
   9.1304348E-01   1.0427058E+06   5.2372835E+05   1.5663139E+06   1.4460880E-05   3.9280571E-09   9.6259655E-06
   9.2753623E-01   9.3002706E+05   4.6469386E+05   1.3945078E+06   2.0812878E-05   7.6001927E-09   1.3878855E-05
   9.4202899E-01   8.0381873E+05   4.0590206E+05   1.2096508E+06   2.5438896E-05   1.0892459E-09   1.6904595E-05
   9.5652174E-01   6.7610778E+05   3.3945455E+05   1.0155164E+06   1.5180683E-05   2.1915146E-11   1.0106956E-05
   9.7101449E-01   5.3146746E+05   2.6779772E+05   7.9923125E+05   4.6271613E-05   9.6786779E-09   3.0767484E-05
   9.8550725E-01   3.6110610E+05   1.8260340E+05   5.4370950E+05   2.0988010E-05   1.0755204E-09   1.3939529E-05
   1.0000000E+00   1.6642852E+05   8.3662884E+04   2.5009140E+05   9.8568398E-06   0.0000000E+00   6.5594388E-06
