#depth	Ar	Ar+	Ar+2	Ar+3	Ar+4	Ar+5	Ar+6	Ar+7	Ar+8	Ar+9	Ar+10	Ar+11	Ar+12	Ar+13	Ar+14	Ar+15	Ar+16	Ar+17	Ar+18
 6.17135e+19	0.00e+00	0.00e+00	0.00e+00	0.00e+00	0.00e+00	0.00e+00	0.00e+00	0.00e+00	1.20e-28	1.28e-24	6.43e-21	1.45e-17	1.83e-14	1.26e-11	6.71e-09	2.68e-06	1.78e-03	7.31e-02	9.25e-01
 1.87609e+20	0.00e+00	0.00e+00	0.00e+00	0.00e+00	0.00e+00	0.00e+00	0.00e+00	0.00e+00	2.67e-28	2.62e-24	1.22e-20	2.54e-17	2.95e-14	1.88e-11	9.22e-09	3.40e-06	2.07e-03	7.88e-02	9.19e-01
 3.18540e+20	0.00e+00	0.00e+00	0.00e+00	0.00e+00	0.00e+00	0.00e+00	0.00e+00	0.00e+00	5.94e-28	5.39e-24	2.31e-20	4.45e-17	4.77e-14	2.81e-11	1.27e-08	4.32e-06	2.43e-03	8.49e-02	9.13e-01
 4.54709e+20	0.00e+00	0.00e+00	0.00e+00	0.00e+00	0.00e+00	0.00e+00	0.00e+00	0.00e+00	1.32e-27	1.11e-23	4.39e-20	7.81e-17	7.74e-14	4.20e-11	1.75e-08	5.48e-06	2.84e-03	9.14e-02	9.06e-01
 5.74411e+20	0.00e+00	0.00e+00	0.00e+00	0.00e+00	0.00e+00	0.00e+00	0.00e+00	0.00e+00	2.62e-27	2.05e-23	7.58e-20	1.26e-16	1.17e-13	5.92e-11	2.29e-08	6.72e-06	3.24e-03	9.74e-02	8.99e-01
 6.66685e+20	0.00e+00	0.00e+00	0.00e+00	0.00e+00	0.00e+00	0.00e+00	0.00e+00	0.00e+00	4.37e-27	3.25e-23	1.14e-19	1.81e-16	1.59e-13	7.65e-11	2.81e-08	7.82e-06	3.58e-03	1.02e-01	8.94e-01
 7.48882e+20	0.00e+00	0.00e+00	0.00e+00	0.00e+00	0.00e+00	0.00e+00	0.00e+00	0.00e+00	6.83e-27	4.86e-23	1.63e-19	2.47e-16	2.08e-13	9.58e-11	3.36e-08	8.93e-06	3.90e-03	1.06e-01	8.90e-01
 8.41357e+20	0.00e+00	0.00e+00	0.00e+00	0.00e+00	0.00e+00	0.00e+00	0.00e+00	0.00e+00	1.12e-26	7.57e-23	2.42e-19	3.49e-16	2.80e-13	1.23e-10	4.09e-08	1.03e-05	4.29e-03	1.11e-01	8.85e-01
 9.61573e+20	0.00e+00	0.00e+00	0.00e+00	0.00e+00	0.00e+00	0.00e+00	0.00e+00	0.00e+00	2.08e-26	1.33e-22	3.99e-19	5.40e-16	4.07e-13	1.68e-10	5.25e-08	1.24e-05	4.84e-03	1.18e-01	8.78e-01
 1.08324e+21	0.00e+00	0.00e+00	0.00e+00	0.00e+00	0.00e+00	0.00e+00	0.00e+00	1.71e-30	3.85e-26	2.31e-22	6.53e-19	8.31e-16	5.90e-13	2.29e-10	6.71e-08	1.49e-05	5.45e-03	1.24e-01	8.70e-01
 1.17841e+21	0.00e+00	0.00e+00	0.00e+00	0.00e+00	0.00e+00	0.00e+00	0.00e+00	2.87e-30	6.15e-26	3.52e-22	9.51e-19	1.16e-15	7.84e-13	2.90e-10	8.09e-08	1.72e-05	5.96e-03	1.29e-01	8.65e-01
 1.27376e+21	0.00e+00	0.00e+00	0.00e+00	0.00e+00	0.00e+00	0.00e+00	0.00e+00	4.76e-30	9.75e-26	5.33e-22	1.38e-18	1.60e-15	1.04e-12	3.65e-10	9.73e-08	1.97e-05	6.52e-03	1.35e-01	8.59e-01
 1.39771e+21	0.00e+00	0.00e+00	0.00e+00	0.00e+00	0.00e+00	0.00e+00	0.00e+00	9.05e-30	1.75e-25	9.05e-22	2.20e-18	2.41e-15	1.48e-12	4.91e-10	1.23e-07	2.34e-05	7.29e-03	1.42e-01	8.51e-01
 1.52616e+21	0.00e+00	0.00e+00	0.00e+00	0.00e+00	0.00e+00	0.00e+00	0.00e+00	1.74e-29	3.17e-25	1.54e-21	3.54e-18	3.66e-15	2.11e-12	6.63e-10	1.56e-07	2.80e-05	8.17e-03	1.50e-01	8.42e-01
 1.63081e+21	0.00e+00	0.00e+00	0.00e+00	0.00e+00	0.00e+00	0.00e+00	0.00e+00	2.91e-29	5.08e-25	2.36e-21	5.17e-18	5.10e-15	2.81e-12	8.42e-10	1.88e-07	3.21e-05	8.94e-03	1.56e-01	8.35e-01
 1.73722e+21	0.00e+00	0.00e+00	0.00e+00	0.00e+00	0.00e+00	0.00e+00	0.00e+00	4.88e-29	8.13e-25	3.61e-21	7.55e-18	7.11e-15	3.74e-12	1.07e-09	2.27e-07	3.70e-05	9.78e-03	1.62e-01	8.28e-01
 1.84877e+21	0.00e+00	0.00e+00	0.00e+00	0.00e+00	0.00e+00	0.00e+00	0.00e+00	8.30e-29	1.32e-24	5.59e-21	1.11e-17	1.00e-14	5.03e-12	1.37e-09	2.76e-07	4.27e-05	1.07e-02	1.69e-01	8.20e-01
 1.94277e+21	0.00e+00	0.00e+00	0.00e+00	0.00e+00	0.00e+00	0.00e+00	0.00e+00	1.28e-28	1.97e-24	8.00e-21	1.53e-17	1.32e-14	6.40e-12	1.67e-09	3.24e-07	4.81e-05	1.16e-02	1.75e-01	8.14e-01
 2.04073e+21	0.00e+00	0.00e+00	0.00e+00	0.00e+00	0.00e+00	0.00e+00	0.00e+00	2.02e-28	2.97e-24	1.16e-20	2.14e-17	1.77e-14	8.22e-12	2.06e-09	3.82e-07	5.43e-05	1.25e-02	1.81e-01	8.06e-01
 2.16808e+21	0.00e+00	0.00e+00	0.00e+00	0.00e+00	0.00e+00	0.00e+00	0.00e+00	3.57e-28	4.99e-24	1.86e-20	3.25e-17	2.56e-14	1.13e-11	2.69e-09	4.71e-07	6.34e-05	1.38e-02	1.89e-01	7.97e-01
 2.29610e+21	0.00e+00	0.00e+00	0.00e+00	0.00e+00	0.00e+00	0.00e+00	0.00e+00	6.28e-28	8.36e-24	2.96e-20	4.92e-17	3.68e-14	1.55e-11	3.49e-09	5.79e-07	7.39e-05	1.52e-02	1.97e-01	7.88e-01
 2.39468e+21	0.00e+00	0.00e+00	0.00e+00	0.00e+00	0.00e+00	0.00e+00	0.00e+00	9.63e-28	1.23e-23	4.20e-20	6.73e-17	4.85e-14	1.96e-11	4.26e-09	6.78e-07	8.29e-05	1.64e-02	2.04e-01	7.80e-01
 2.49252e+21	0.00e+00	0.00e+00	0.00e+00	0.00e+00	0.00e+00	0.00e+00	0.00e+00	1.46e-27	1.80e-23	5.92e-20	9.13e-17	6.34e-14	2.47e-11	5.17e-09	7.89e-07	9.28e-05	1.76e-02	2.10e-01	7.72e-01
 2.61970e+21	0.00e+00	0.00e+00	0.00e+00	0.00e+00	0.00e+00	0.00e+00	0.00e+00	2.48e-27	2.93e-23	9.16e-20	1.35e-16	8.94e-14	3.33e-11	6.63e-09	9.59e-07	1.07e-04	1.93e-02	2.18e-01	7.62e-01
 2.75085e+21	0.00e+00	0.00e+00	0.00e+00	0.00e+00	0.00e+00	0.00e+00	0.00e+00	4.24e-27	4.79e-23	1.43e-19	2.00e-16	1.27e-13	4.49e-11	8.53e-09	1.17e-06	1.24e-04	2.11e-02	2.27e-01	7.52e-01
 2.85839e+21	0.00e+00	0.00e+00	0.00e+00	0.00e+00	0.00e+00	0.00e+00	0.00e+00	6.53e-27	7.10e-23	2.04e-19	2.75e-16	1.67e-13	5.72e-11	1.04e-08	1.37e-06	1.39e-04	2.27e-02	2.34e-01	7.43e-01
 2.94818e+21	0.00e+00	0.00e+00	0.00e+00	0.00e+00	0.00e+00	0.00e+00	0.00e+00	9.38e-27	9.88e-23	2.75e-19	3.60e-16	2.12e-13	7.02e-11	1.24e-08	1.57e-06	1.54e-04	2.42e-02	2.40e-01	7.36e-01
 3.04361e+21	0.00e+00	0.00e+00	0.00e+00	0.00e+00	0.00e+00	0.00e+00	0.00e+00	1.35e-26	1.38e-22	3.73e-19	4.72e-16	2.69e-13	8.63e-11	1.47e-08	1.79e-06	1.70e-04	2.58e-02	2.46e-01	7.28e-01
 3.16768e+21	0.00e+00	0.00e+00	0.00e+00	0.00e+00	0.00e+00	0.00e+00	0.00e+00	2.18e-26	2.14e-22	5.53e-19	6.71e-16	3.67e-13	1.13e-10	1.84e-08	2.14e-06	1.93e-04	2.79e-02	2.54e-01	7.17e-01
 3.29247e+21	0.00e+00	0.00e+00	0.00e+00	0.00e+00	0.00e+00	0.00e+00	2.06e-30	3.50e-26	3.29e-22	8.17e-19	9.51e-16	4.99e-13	1.47e-10	2.30e-08	2.55e-06	2.20e-04	3.02e-02	2.63e-01	7.07e-01
 3.39031e+21	0.00e+00	0.00e+00	0.00e+00	0.00e+00	0.00e+00	0.00e+00	3.08e-30	5.02e-26	4.59e-22	1.10e-18	1.24e-15	6.32e-13	1.81e-10	2.73e-08	2.91e-06	2.43e-04	3.21e-02	2.69e-01	6.98e-01
 3.48961e+21	0.00e+00	0.00e+00	0.00e+00	0.00e+00	0.00e+00	0.00e+00	4.62e-30	7.23e-26	6.40e-22	1.49e-18	1.63e-15	8.01e-13	2.22e-10	3.25e-08	3.33e-06	2.68e-04	3.42e-02	2.76e-01	6.90e-01
 3.61871e+21	0.00e+00	0.00e+00	0.00e+00	0.00e+00	0.00e+00	0.00e+00	7.75e-30	1.15e-25	9.80e-22	2.19e-18	2.30e-15	1.09e-12	2.89e-10	4.05e-08	3.96e-06	3.04e-04	3.69e-02	2.84e-01	6.78e-01
 3.74825e+21	0.00e+00	0.00e+00	0.00e+00	0.00e+00	0.00e+00	0.00e+00	1.29e-29	1.82e-25	1.49e-21	3.21e-18	3.24e-15	1.47e-12	3.76e-10	5.04e-08	4.70e-06	3.44e-04	3.99e-02	2.93e-01	6.67e-01
 3.84935e+21	0.00e+00	0.00e+00	0.00e+00	0.00e+00	0.00e+00	0.00e+00	1.92e-29	2.59e-25	2.06e-21	4.31e-18	4.21e-15	1.85e-12	4.60e-10	5.97e-08	5.36e-06	3.79e-04	4.23e-02	3.00e-01	6.58e-01
 3.95177e+21	0.00e+00	0.00e+00	0.00e+00	0.00e+00	0.00e+00	0.00e+00	2.84e-29	3.68e-25	2.85e-21	5.78e-18	5.47e-15	2.33e-12	5.62e-10	7.07e-08	6.11e-06	4.17e-04	4.49e-02	3.06e-01	6.49e-01
 4.08491e+21	0.00e+00	0.00e+00	0.00e+00	0.00e+00	0.00e+00	0.00e+00	4.69e-29	5.76e-25	4.30e-21	8.39e-18	7.65e-15	3.14e-12	7.27e-10	8.76e-08	7.22e-06	4.71e-04	4.83e-02	3.15e-01	6.36e-01
 4.21341e+21	0.00e+00	0.00e+00	0.00e+00	0.00e+00	0.00e+00	0.00e+00	7.57e-29	8.84e-25	6.38e-21	1.20e-17	1.05e-14	4.16e-12	9.30e-10	1.08e-07	8.48e-06	5.29e-04	5.18e-02	3.23e-01	6.25e-01
 4.30648e+21	0.00e+00	0.00e+00	0.00e+00	0.00e+00	0.00e+00	0.00e+00	1.07e-28	1.20e-24	8.44e-21	1.55e-17	1.32e-14	5.09e-12	1.11e-09	1.25e-07	9.51e-06	5.75e-04	5.45e-02	3.29e-01	6.16e-01
 4.39811e+21	0.00e+00	0.00e+00	0.00e+00	0.00e+00	0.00e+00	0.00e+00	1.48e-28	1.61e-24	1.11e-20	1.98e-17	1.65e-14	6.19e-12	1.32e-09	1.44e-07	1.06e-05	6.23e-04	5.72e-02	3.34e-01	6.08e-01
 4.51723e+21	0.00e+00	0.00e+00	0.00e+00	0.00e+00	0.00e+00	0.00e+00	2.27e-28	2.35e-24	1.57e-20	2.72e-17	2.20e-14	7.97e-12	1.64e-09	1.73e-07	1.23e-05	6.90e-04	6.09e-02	3.42e-01	5.97e-01
 4.64337e+21	0.00e+00	0.00e+00	0.00e+00	0.00e+00	0.00e+00	0.00e+00	3.54e-28	3.50e-24	2.26e-20	3.80e-17	2.96e-14	1.04e-11	2.06e-09	2.10e-07	1.42e-05	7.69e-04	6.49e-02	3.49e-01	5.85e-01
 4.75157e+21	0.00e+00	0.00e+00	0.00e+00	0.00e+00	0.00e+00	0.00e+00	5.15e-28	4.89e-24	3.08e-20	5.03e-17	3.82e-14	1.30e-11	2.51e-09	2.47e-07	1.61e-05	8.42e-04	6.85e-02	3.56e-01	5.75e-01
 4.84770e+21	0.00e+00	0.00e+00	0.00e+00	0.00e+00	0.00e+00	0.00e+00	7.17e-28	6.56e-24	4.04e-20	6.44e-17	4.77e-14	1.58e-11	2.98e-09	2.86e-07	1.81e-05	9.13e-04	7.19e-02	3.61e-01	5.66e-01
 4.95518e+21	0.00e+00	0.00e+00	0.00e+00	0.00e+00	0.00e+00	0.00e+00	1.03e-27	9.05e-24	5.44e-20	8.44e-17	6.08e-14	1.96e-11	3.60e-09	3.34e-07	2.04e-05	9.96e-04	7.57e-02	3.68e-01	5.56e-01
 5.09491e+21	0.00e+00	0.00e+00	0.00e+00	0.00e+00	0.00e+00	0.00e+00	1.64e-27	1.37e-23	7.96e-20	1.20e-16	8.31e-14	2.59e-11	4.58e-09	4.10e-07	2.38e-05	1.11e-03	8.08e-02	3.75e-01	5.43e-01
 5.23412e+21	0.00e+00	0.00e+00	0.00e+00	0.00e+00	0.00e+00	0.00e+00	2.59e-27	2.05e-23	1.16e-19	1.68e-16	1.13e-13	3.40e-11	5.82e-09	5.01e-07	2.78e-05	1.24e-03	8.62e-02	3.83e-01	5.30e-01
 5.34139e+21	0.00e+00	0.00e+00	0.00e+00	0.00e+00	0.00e+00	0.00e+00	3.66e-27	2.79e-23	1.54e-19	2.19e-16	1.43e-13	4.19e-11	6.99e-09	5.83e-07	3.13e-05	1.35e-03	9.05e-02	3.88e-01	5.20e-01
 5.43467e+21	0.00e+00	0.00e+00	0.00e+00	0.00e+00	0.00e+00	0.00e+00	4.94e-27	3.63e-23	1.97e-19	2.74e-16	1.75e-13	5.02e-11	8.18e-09	6.66e-07	3.46e-05	1.45e-03	9.44e-02	3.93e-01	5.11e-01
 5.54100e+21	0.00e+00	0.00e+00	0.00e+00	0.00e+00	0.00e+00	0.00e+00	6.88e-27	4.88e-23	2.59e-19	3.51e-16	2.20e-13	6.13e-11	9.74e-09	7.71e-07	3.87e-05	1.57e-03	9.89e-02	3.98e-01	5.01e-01
 5.67922e+21	0.00e+00	0.00e+00	0.00e+00	0.00e+00	0.00e+00	0.00e+00	1.06e-26	7.13e-23	3.68e-19	4.85e-16	2.94e-13	7.93e-11	1.22e-08	9.31e-07	4.48e-05	1.74e-03	1.05e-01	4.05e-01	4.88e-01
 5.81988e+21	0.00e+00	0.00e+00	0.00e+00	0.00e+00	0.00e+00	0.00e+00	1.62e-26	1.04e-22	5.24e-19	6.71e-16	3.94e-13	1.03e-10	1.53e-08	1.13e-06	5.18e-05	1.93e-03	1.11e-01	4.11e-01	4.75e-01
 5.93244e+21	0.00e+00	0.00e+00	0.00e+00	0.00e+00	0.00e+00	1.75e-30	2.28e-26	1.41e-22	6.92e-19	8.66e-16	4.96e-13	1.26e-10	1.84e-08	1.31e-06	5.81e-05	2.10e-03	1.16e-01	4.16e-01	4.65e-01
 6.04750e+21	0.00e+00	0.00e+00	0.00e+00	0.00e+00	0.00e+00	2.56e-30	3.21e-26	1.90e-22	9.16e-19	1.12e-15	6.26e-13	1.55e-10	2.20e-08	1.52e-06	6.52e-05	2.27e-03	1.22e-01	4.21e-01	4.55e-01
 6.19709e+21	0.00e+00	0.00e+00	0.00e+00	0.00e+00	0.00e+00	4.19e-30	4.96e-26	2.79e-22	1.31e-18	1.56e-15	8.44e-13	2.02e-10	2.78e-08	1.85e-06	7.56e-05	2.52e-03	1.29e-01	4.27e-01	4.41e-01
 6.34474e+21	0.00e+00	0.00e+00	0.00e+00	0.00e+00	0.00e+00	6.76e-30	7.59e-26	4.05e-22	1.86e-18	2.15e-15	1.13e-12	2.62e-10	3.49e-08	2.24e-06	8.74e-05	2.79e-03	1.37e-01	4.32e-01	4.28e-01
 6.45651e+21	0.00e+00	0.00e+00	0.00e+00	0.00e+00	0.00e+00	9.66e-30	1.04e-25	5.36e-22	2.41e-18	2.73e-15	1.40e-12	3.18e-10	4.13e-08	2.58e-06	9.73e-05	3.00e-03	1.42e-01	4.36e-01	4.18e-01
 6.56848e+21	0.00e+00	0.00e+00	0.00e+00	0.00e+00	0.00e+00	1.37e-29	1.42e-25	7.04e-22	3.12e-18	3.46e-15	1.74e-12	3.85e-10	4.89e-08	2.97e-06	1.08e-04	3.23e-03	1.48e-01	4.40e-01	4.09e-01
 6.71403e+21	0.00e+00	0.00e+00	0.00e+00	0.00e+00	0.00e+00	2.15e-29	2.12e-25	9.99e-22	4.32e-18	4.68e-15	2.29e-12	4.92e-10	6.05e-08	3.55e-06	1.24e-04	3.55e-03	1.56e-01	4.44e-01	3.96e-01
 6.86609e+21	0.00e+00	0.00e+00	0.00e+00	0.00e+00	0.00e+00	3.42e-29	3.19e-25	1.43e-21	6.07e-18	6.40e-15	3.04e-12	6.33e-10	7.56e-08	4.26e-06	1.42e-04	3.90e-03	1.64e-01	4.48e-01	3.83e-01
 6.99350e+21	0.00e+00	0.00e+00	0.00e+00	0.00e+00	0.00e+00	5.02e-29	4.48e-25	1.93e-21	8.02e-18	8.28e-15	3.85e-12	7.80e-10	9.08e-08	4.97e-06	1.60e-04	4.22e-03	1.72e-01	4.51e-01	3.73e-01
 7.12605e+21	0.00e+00	0.00e+00	0.00e+00	0.00e+00	0.00e+00	7.40e-29	6.33e-25	2.61e-21	1.07e-17	1.08e-14	4.88e-12	9.64e-10	1.09e-07	5.80e-06	1.79e-04	4.57e-03	1.79e-01	4.54e-01	3.62e-01
 7.27306e+21	0.00e+00	0.00e+00	0.00e+00	0.00e+00	0.00e+00	1.13e-28	9.23e-25	3.63e-21	1.46e-17	1.44e-14	6.35e-12	1.22e-09	1.34e-07	6.87e-06	2.04e-04	4.99e-03	1.87e-01	4.57e-01	3.50e-01
 7.40880e+21	0.00e+00	0.00e+00	0.00e+00	0.00e+00	0.00e+00	1.67e-28	1.30e-24	4.90e-21	1.93e-17	1.87e-14	8.06e-12	1.51e-09	1.62e-07	8.02e-06	2.29e-04	5.39e-03	1.95e-01	4.59e-01	3.40e-01
 7.53588e+21	0.00e+00	0.00e+00	0.00e+00	0.00e+00	0.00e+00	2.40e-28	1.79e-24	6.48e-21	2.52e-17	2.39e-14	1.01e-11	1.84e-09	1.93e-07	9.27e-06	2.55e-04	5.80e-03	2.03e-01	4.61e-01	3.30e-01
 7.68177e+21	0.00e+00	0.00e+00	0.00e+00	0.00e+00	0.00e+00	3.57e-28	2.54e-24	8.81e-21	3.36e-17	3.13e-14	1.29e-11	2.28e-09	2.33e-07	1.08e-05	2.87e-04	6.28e-03	2.11e-01	4.63e-01	3.19e-01
 7.84198e+21	0.00e+00	0.00e+00	0.00e+00	0.00e+00	0.00e+00	5.52e-28	3.74e-24	1.23e-20	4.62e-17	4.20e-14	1.68e-11	2.90e-09	2.87e-07	1.29e-05	3.27e-04	6.84e-03	2.21e-01	4.64e-01	3.07e-01
 7.98609e+21	0.00e+00	0.00e+00	0.00e+00	0.00e+00	0.00e+00	8.12e-28	5.25e-24	1.66e-20	6.13e-17	5.46e-14	2.14e-11	3.58e-09	3.45e-07	1.50e-05	3.66e-04	7.38e-03	2.30e-01	4.65e-01	2.97e-01
 8.11799e+21	0.00e+00	0.00e+00	0.00e+00	0.00e+00	0.00e+00	1.15e-27	7.13e-24	2.17e-20	7.89e-17	6.90e-14	2.65e-11	4.33e-09	4.07e-07	1.72e-05	4.05e-04	7.90e-03	2.38e-01	4.66e-01	2.88e-01
 8.26878e+21	0.00e+00	0.00e+00	0.00e+00	0.00e+00	0.00e+00	1.69e-27	1.00e-23	2.92e-20	1.05e-16	8.98e-14	3.36e-11	5.35e-09	4.90e-07	2.01e-05	4.54e-04	8.51e-03	2.47e-01	4.66e-01	2.78e-01
 8.43688e+21	0.00e+00	0.00e+00	0.00e+00	0.00e+00	0.00e+00	2.58e-27	1.46e-23	4.05e-20	1.43e-16	1.20e-13	4.38e-11	6.76e-09	6.01e-07	2.37e-05	5.14e-04	9.24e-03	2.57e-01	4.66e-01	2.67e-01
 8.58977e+21	0.00e+00	0.00e+00	0.00e+00	0.00e+00	0.00e+00	3.78e-27	2.04e-23	5.43e-20	1.89e-16	1.55e-13	5.54e-11	8.33e-09	7.21e-07	2.75e-05	5.74e-04	9.93e-03	2.66e-01	4.66e-01	2.57e-01
 8.72746e+21	0.00e+00	0.00e+00	0.00e+00	0.00e+00	0.00e+00	5.29e-27	2.75e-23	7.03e-20	2.42e-16	1.95e-13	6.82e-11	1.00e-08	8.46e-07	3.14e-05	6.33e-04	1.06e-02	2.74e-01	4.65e-01	2.49e-01
 8.88309e+21	0.00e+00	0.00e+00	0.00e+00	0.00e+00	0.00e+00	7.66e-27	3.81e-23	9.36e-20	3.17e-16	2.52e-13	8.59e-11	1.23e-08	1.01e-06	3.63e-05	7.04e-04	1.13e-02	2.84e-01	4.64e-01	2.40e-01
 9.08541e+21	0.00e+00	0.00e+00	0.00e+00	0.00e+00	0.00e+00	1.23e-26	5.79e-23	1.35e-19	4.49e-16	3.48e-13	1.15e-10	1.59e-08	1.27e-06	4.36e-05	8.07e-04	1.24e-02	2.96e-01	4.62e-01	2.29e-01
 9.29003e+21	0.00e+00	0.00e+00	0.00e+00	0.00e+00	2.11e-30	1.97e-26	8.78e-23	1.94e-19	6.34e-16	4.80e-13	1.54e-10	2.06e-08	1.58e-06	5.23e-05	9.22e-04	1.35e-02	3.08e-01	4.60e-01	2.18e-01
 9.45311e+21	0.00e+00	0.00e+00	0.00e+00	0.00e+00	3.19e-30	2.84e-26	1.21e-22	2.57e-19	8.31e-16	6.17e-13	1.94e-10	2.52e-08	1.88e-06	6.03e-05	1.02e-03	1.44e-02	3.17e-01	4.58e-01	2.09e-01
 9.62060e+21	0.00e+00	0.00e+00	0.00e+00	0.00e+00	4.80e-30	4.10e-26	1.68e-22	3.41e-19	1.09e-15	7.93e-13	2.44e-10	3.07e-08	2.24e-06	6.94e-05	1.13e-03	1.54e-02	3.27e-01	4.56e-01	2.01e-01
 9.83834e+21	0.00e+00	0.00e+00	0.00e+00	0.00e+00	8.06e-30	6.54e-26	2.54e-22	4.89e-19	1.53e-15	1.09e-12	3.25e-10	3.96e-08	2.79e-06	8.29e-05	1.29e-03	1.67e-02	3.39e-01	4.52e-01	1.91e-01
 1.00551e+22	0.00e+00	0.00e+00	0.00e+00	0.00e+00	1.34e-29	1.03e-25	3.80e-22	6.97e-19	2.15e-15	1.49e-12	4.33e-10	5.09e-08	3.46e-06	9.87e-05	1.47e-03	1.81e-02	3.51e-01	4.48e-01	1.81e-01
 1.02225e+22	0.00e+00	0.00e+00	0.00e+00	0.00e+00	1.98e-29	1.46e-25	5.17e-22	9.10e-19	2.78e-15	1.89e-12	5.36e-10	6.14e-08	4.07e-06	1.12e-04	1.61e-03	1.92e-02	3.61e-01	4.45e-01	1.74e-01
 1.03920e+22	0.00e+00	0.00e+00	0.00e+00	0.00e+00	2.89e-29	2.06e-25	6.99e-22	1.19e-18	3.57e-15	2.39e-12	6.63e-10	7.40e-08	4.77e-06	1.28e-04	1.77e-03	2.04e-02	3.70e-01	4.41e-01	1.67e-01
 1.06123e+22	0.00e+00	0.00e+00	0.00e+00	0.00e+00	4.70e-29	3.18e-25	1.03e-21	1.66e-18	4.92e-15	3.22e-12	8.68e-10	9.36e-08	5.84e-06	1.50e-04	2.00e-03	2.19e-02	3.81e-01	4.36e-01	1.58e-01
 1.08455e+22	0.00e+00	0.00e+00	0.00e+00	0.00e+00	7.78e-29	5.00e-25	1.53e-21	2.36e-18	6.88e-15	4.40e-12	1.15e-09	1.20e-07	7.21e-06	1.78e-04	2.25e-03	2.36e-02	3.93e-01	4.31e-01	1.50e-01
 1.10464e+22	0.00e+00	0.00e+00	0.00e+00	0.00e+00	1.19e-28	7.33e-25	2.15e-21	3.17e-18	9.13e-15	5.72e-12	1.46e-09	1.47e-07	8.60e-06	2.05e-04	2.50e-03	2.51e-02	4.03e-01	4.26e-01	1.43e-01
 1.12584e+22	0.00e+00	0.00e+00	0.00e+00	0.00e+00	1.84e-28	1.08e-24	3.05e-21	4.29e-18	1.22e-14	7.48e-12	1.85e-09	1.82e-07	1.03e-05	2.37e-04	2.77e-03	2.68e-02	4.14e-01	4.21e-01	1.36e-01
 1.14970e+22	0.00e+00	0.00e+00	0.00e+00	0.00e+00	2.99e-28	1.67e-24	4.48e-21	6.01e-18	1.68e-14	1.01e-11	2.43e-09	2.30e-07	1.26e-05	2.78e-04	3.11e-03	2.87e-02	4.25e-01	4.14e-01	1.28e-01
 1.17128e+22	0.00e+00	0.00e+00	0.00e+00	0.00e+00	4.59e-28	2.46e-24	6.30e-21	8.10e-18	2.24e-14	1.31e-11	3.08e-09	2.82e-07	1.50e-05	3.20e-04	3.44e-03	3.05e-02	4.35e-01	4.09e-01	1.22e-01
 1.19012e+22	0.00e+00	0.00e+00	0.00e+00	0.00e+00	6.64e-28	3.43e-24	8.45e-21	1.05e-17	2.86e-14	1.65e-11	3.78e-09	3.37e-07	1.74e-05	3.61e-04	3.75e-03	3.21e-02	4.44e-01	4.03e-01	1.17e-01
 1.21115e+22	0.00e+00	0.00e+00	0.00e+00	0.00e+00	9.89e-28	4.91e-24	1.16e-20	1.38e-17	3.73e-14	2.11e-11	4.71e-09	4.08e-07	2.05e-05	4.10e-04	4.11e-03	3.39e-02	4.53e-01	3.98e-01	1.11e-01
 1.23848e+22	0.00e+00	0.00e+00	0.00e+00	0.00e+00	1.64e-27	7.76e-24	1.74e-20	1.97e-17	5.23e-14	2.88e-11	6.24e-09	5.21e-07	2.52e-05	4.83e-04	4.62e-03	3.64e-02	4.64e-01	3.90e-01	1.04e-01
 1.26655e+22	0.00e+00	0.00e+00	0.00e+00	0.00e+00	2.75e-27	1.23e-23	2.63e-20	2.82e-17	7.37e-14	3.95e-11	8.30e-09	6.67e-07	3.11e-05	5.70e-04	5.20e-03	3.90e-02	4.75e-01	3.82e-01	9.78e-02
 1.28950e+22	0.00e+00	0.00e+00	0.00e+00	0.00e+00	4.16e-27	1.79e-23	3.65e-20	3.77e-17	9.70e-14	5.10e-11	1.04e-08	8.13e-07	3.67e-05	6.50e-04	5.71e-03	4.12e-02	4.84e-01	3.75e-01	9.27e-02
 1.31327e+22	0.00e+00	0.00e+00	0.00e+00	0.00e+00	6.26e-27	2.59e-23	5.07e-20	5.02e-17	1.28e-13	6.56e-11	1.30e-08	9.87e-07	4.32e-05	7.40e-04	6.25e-03	4.34e-02	4.93e-01	3.69e-01	8.79e-02
 1.34417e+22	0.00e+00	0.00e+00	0.00e+00	0.00e+00	1.07e-26	4.18e-23	7.75e-20	7.27e-17	1.82e-13	9.11e-11	1.75e-08	1.27e-06	5.36e-05	8.77e-04	7.05e-03	4.65e-02	5.04e-01	3.60e-01	8.19e-02
 1.37579e+22	0.00e+00	0.00e+00	0.00e+00	1.67e-30	1.82e-26	6.75e-23	1.19e-19	1.06e-16	2.60e-13	1.27e-10	2.35e-08	1.64e-06	6.64e-05	1.04e-03	7.93e-03	4.98e-02	5.14e-01	3.51e-01	7.62e-02
 1.40157e+22	0.00e+00	0.00e+00	0.00e+00	2.67e-30	2.79e-26	9.89e-23	1.67e-19	1.42e-16	3.45e-13	1.64e-10	2.97e-08	2.01e-06	7.86e-05	1.18e-03	8.71e-03	5.25e-02	5.23e-01	3.43e-01	7.18e-02
 1.42443e+22	0.00e+00	0.00e+00	0.00e+00	4.01e-30	4.03e-26	1.38e-22	2.24e-19	1.84e-16	4.41e-13	2.06e-10	3.64e-08	2.39e-06	9.10e-05	1.33e-03	9.44e-03	5.49e-02	5.30e-01	3.36e-01	6.82e-02
 1.45024e+22	0.00e+00	0.00e+00	0.00e+00	6.28e-30	6.06e-26	1.99e-22	3.10e-19	2.44e-16	5.79e-13	2.65e-10	4.55e-08	2.90e-06	1.07e-04	1.51e-03	1.03e-02	5.77e-02	5.37e-01	3.29e-01	6.44e-02
 1.48380e+22	0.00e+00	0.00e+00	0.00e+00	1.11e-29	1.02e-25	3.17e-22	4.68e-19	3.50e-16	8.18e-13	3.64e-10	6.05e-08	3.70e-06	1.31e-04	1.77e-03	1.15e-02	6.14e-02	5.46e-01	3.20e-01	5.98e-02
 1.51809e+22	0.00e+00	0.00e+00	0.00e+00	1.97e-29	1.72e-25	5.08e-22	7.11e-19	5.04e-16	1.16e-12	5.03e-10	8.06e-08	4.73e-06	1.61e-04	2.07e-03	1.29e-02	6.53e-02	5.54e-01	3.10e-01	5.53e-02
 1.54549e+22	0.00e+00	0.00e+00	0.00e+00	3.10e-29	2.59e-25	7.35e-22	9.85e-19	6.71e-16	1.52e-12	6.46e-10	1.01e-07	5.74e-06	1.89e-04	2.35e-03	1.40e-02	6.85e-02	5.61e-01	3.02e-01	5.21e-02
 1.57325e+22	0.00e+00	0.00e+00	0.00e+00	4.82e-29	3.87e-25	1.06e-21	1.36e-18	8.88e-16	1.99e-12	8.28e-10	1.26e-07	6.93e-06	2.22e-04	2.65e-03	1.53e-02	7.17e-02	5.66e-01	2.95e-01	4.90e-02
 1.60934e+22	0.00e+00	0.00e+00	0.00e+00	8.49e-29	6.48e-25	1.68e-21	2.05e-18	1.27e-15	2.81e-12	1.13e-09	1.67e-07	8.81e-06	2.71e-04	3.10e-03	1.70e-02	7.60e-02	5.73e-01	2.85e-01	4.53e-02
 1.64729e+22	0.00e+00	0.00e+00	0.00e+00	1.53e-28	1.11e-24	2.71e-21	3.13e-18	1.84e-15	4.01e-12	1.58e-09	2.23e-07	1.13e-05	3.33e-04	3.64e-03	1.90e-02	8.06e-02	5.80e-01	2.75e-01	4.16e-02
 1.67908e+22	0.00e+00	0.00e+00	0.00e+00	2.48e-28	1.71e-24	4.02e-21	4.44e-18	2.49e-15	5.37e-12	2.06e-09	2.83e-07	1.39e-05	3.94e-04	4.14e-03	2.08e-02	8.45e-02	5.85e-01	2.66e-01	3.88e-02
 1.70536e+22	0.00e+00	0.00e+00	0.00e+00	3.66e-28	2.45e-24	5.54e-21	5.89e-18	3.19e-15	6.81e-12	2.56e-09	3.44e-07	1.64e-05	4.53e-04	4.61e-03	2.23e-02	8.78e-02	5.89e-01	2.60e-01	3.67e-02
 1.73304e+22	0.00e+00	0.00e+00	0.00e+00	5.50e-28	3.54e-24	7.72e-21	7.90e-18	4.12e-15	8.71e-12	3.21e-09	4.20e-07	1.94e-05	5.22e-04	5.14e-03	2.40e-02	9.12e-02	5.92e-01	2.53e-01	3.45e-02
 1.76902e+22	0.00e+00	0.00e+00	0.00e+00	9.16e-28	5.63e-24	1.17e-20	1.14e-17	5.68e-15	1.19e-11	4.27e-09	5.41e-07	2.41e-05	6.23e-04	5.89e-03	2.64e-02	9.56e-02	5.96e-01	2.44e-01	3.20e-02
 1.80600e+22	0.00e+00	0.00e+00	0.00e+00	1.55e-27	9.09e-24	1.80e-20	1.67e-17	7.90e-15	1.63e-11	5.72e-09	7.01e-07	3.01e-05	7.48e-04	6.77e-03	2.90e-02	1.00e-01	5.99e-01	2.35e-01	2.95e-02
 1.83593e+22	0.00e+00	0.00e+00	0.00e+00	2.36e-27	1.33e-23	2.53e-20	2.25e-17	1.03e-14	2.10e-11	7.21e-09	8.62e-07	3.58e-05	8.64e-04	7.56e-03	3.12e-02	1.04e-01	6.01e-01	2.28e-01	2.76e-02
 1.86651e+22	0.00e+00	0.00e+00	0.00e+00	3.57e-27	1.94e-23	3.55e-20	3.04e-17	1.33e-14	2.69e-11	9.08e-09	1.06e-06	4.26e-05	9.98e-04	8.44e-03	3.36e-02	1.08e-01	6.03e-01	2.20e-01	2.59e-02
 1.90625e+22	0.00e+00	0.00e+00	0.00e+00	6.06e-27	3.13e-23	5.46e-20	4.44e-17	1.85e-14	3.70e-11	1.22e-08	1.37e-06	5.31e-05	1.20e-03	9.69e-03	3.68e-02	1.13e-01	6.04e-01	2.11e-01	2.37e-02
 1.94376e+22	0.00e+00	0.00e+00	0.00e+00	1.01e-26	4.96e-23	8.24e-20	6.38e-17	2.53e-14	5.02e-11	1.61e-08	1.76e-06	6.57e-05	1.43e-03	1.11e-02	4.02e-02	1.18e-01	6.05e-01	2.03e-01	2.18e-02
 1.96947e+22	0.00e+00	0.00e+00	1.77e-30	1.39e-26	6.67e-23	1.07e-19	8.08e-17	3.10e-14	6.11e-11	1.93e-08	2.06e-06	7.51e-05	1.59e-03	1.20e-02	4.25e-02	1.21e-01	6.05e-01	1.97e-01	2.07e-02
 1.99397e+22	0.00e+00	0.00e+00	2.50e-30	1.91e-26	8.88e-23	1.39e-19	1.01e-16	3.77e-14	7.39e-11	2.30e-08	2.41e-06	8.57e-05	1.77e-03	1.31e-02	4.49e-02	1.24e-01	6.04e-01	1.92e-01	1.96e-02
 2.02583e+22	0.00e+00	0.00e+00	3.88e-30	2.86e-26	1.28e-22	1.93e-19	1.35e-16	4.83e-14	9.41e-11	2.88e-08	2.93e-06	1.01e-04	2.03e-03	1.45e-02	4.80e-02	1.28e-01	6.03e-01	1.85e-01	1.83e-02
 2.06073e+22	0.00e+00	0.00e+00	6.25e-30	4.43e-26	1.90e-22	2.75e-19	1.84e-16	6.33e-14	1.22e-10	3.66e-08	3.63e-06	1.21e-04	2.36e-03	1.62e-02	5.17e-02	1.33e-01	6.02e-01	1.78e-01	1.70e-02
 2.08986e+22	0.00e+00	0.00e+00	9.30e-30	6.37e-26	2.64e-22	3.69e-19	2.39e-16	7.91e-14	1.52e-10	4.47e-08	4.34e-06	1.41e-04	2.66e-03	1.77e-02	5.49e-02	1.36e-01	6.00e-01	1.72e-01	1.59e-02
 2.11312e+22	0.00e+00	0.00e+00	1.26e-29	8.43e-26	3.41e-22	4.63e-19	2.92e-16	9.40e-14	1.80e-10	5.22e-08	4.97e-06	1.58e-04	2.93e-03	1.90e-02	5.74e-02	1.39e-01	5.98e-01	1.68e-01	1.51e-02
 2.13845e+22	0.00e+00	0.00e+00	1.77e-29	1.15e-25	4.51e-22	5.94e-19	3.63e-16	1.13e-13	2.16e-10	6.18e-08	5.78e-06	1.79e-04	3.25e-03	2.06e-02	6.04e-02	1.42e-01	5.96e-01	1.63e-01	1.43e-02
 2.17137e+22	0.00e+00	0.00e+00	2.68e-29	1.68e-25	6.36e-22	8.09e-19	4.76e-16	1.43e-13	2.71e-10	7.61e-08	6.94e-06	2.09e-04	3.68e-03	2.26e-02	6.41e-02	1.46e-01	5.93e-01	1.57e-01	1.34e-02
 2.20633e+22	0.00e+00	0.00e+00	4.25e-29	2.56e-25	9.32e-22	1.14e-18	6.41e-16	1.85e-13	3.48e-10	9.60e-08	8.52e-06	2.49e-04	4.24e-03	2.51e-02	6.86e-02	1.50e-01	5.89e-01	1.50e-01	1.23e-02
 2.23537e+22	0.00e+00	0.00e+00	6.17e-29	3.60e-25	1.27e-21	1.50e-18	8.16e-16	2.27e-13	4.26e-10	1.16e-07	1.00e-05	2.86e-04	4.75e-03	2.73e-02	7.24e-02	1.53e-01	5.85e-01	1.45e-01	1.16e-02
 2.26071e+22	0.00e+00	0.00e+00	8.50e-29	4.82e-25	1.65e-21	1.89e-18	1.00e-15	2.71e-13	5.07e-10	1.36e-07	1.16e-05	3.22e-04	5.23e-03	2.94e-02	7.57e-02	1.56e-01	5.82e-01	1.41e-01	1.09e-02
 2.28984e+22	0.00e+00	0.00e+00	1.22e-28	6.69e-25	2.22e-21	2.47e-18	1.26e-15	3.31e-13	6.16e-10	1.62e-07	1.36e-05	3.68e-04	5.83e-03	3.18e-02	7.97e-02	1.59e-01	5.77e-01	1.36e-01	1.03e-02
 2.32771e+22	0.00e+00	0.00e+00	1.93e-28	1.02e-24	3.25e-21	3.46e-18	1.70e-15	4.26e-13	7.89e-10	2.04e-07	1.66e-05	4.37e-04	6.69e-03	3.52e-02	8.49e-02	1.63e-01	5.71e-01	1.29e-01	9.43e-03
 2.36444e+22	0.00e+00	0.00e+00	3.06e-28	1.55e-24	4.75e-21	4.86e-18	2.28e-15	5.47e-13	1.01e-09	2.57e-07	2.03e-05	5.17e-04	7.67e-03	3.90e-02	9.04e-02	1.67e-01	5.64e-01	1.23e-01	8.65e-03
 2.39083e+22	0.00e+00	0.00e+00	4.17e-28	2.06e-24	6.15e-21	6.10e-18	2.78e-15	6.49e-13	1.19e-09	3.00e-07	2.32e-05	5.79e-04	8.41e-03	4.16e-02	9.41e-02	1.69e-01	5.59e-01	1.19e-01	8.16e-03
 2.41625e+22	0.00e+00	0.00e+00	5.67e-28	2.73e-24	7.91e-21	7.64e-18	3.38e-15	7.66e-13	1.41e-09	3.49e-07	2.66e-05	6.48e-04	9.20e-03	4.45e-02	9.80e-02	1.72e-01	5.53e-01	1.15e-01	7.69e-03
 2.44929e+22	0.00e+00	0.00e+00	8.31e-28	3.87e-24	1.08e-20	1.01e-17	4.32e-15	9.43e-13	1.73e-09	4.21e-07	3.14e-05	7.45e-04	1.03e-02	4.83e-02	1.03e-01	1.75e-01	5.46e-01	1.10e-01	7.13e-03
 2.48506e+22	0.00e+00	0.00e+00	1.27e-27	5.68e-24	1.53e-20	1.38e-17	5.64e-15	1.18e-12	2.16e-09	5.18e-07	3.76e-05	8.67e-04	1.16e-02	5.27e-02	1.09e-01	1.78e-01	5.37e-01	1.05e-01	6.56e-03
 2.51636e+22	0.00e+00	0.00e+00	1.82e-27	7.92e-24	2.07e-20	1.79e-17	7.11e-15	1.44e-12	2.62e-09	6.18e-07	4.40e-05	9.88e-04	1.29e-02	5.69e-02	1.14e-01	1.80e-01	5.29e-01	9.99e-02	6.09e-03
 2.54450e+22	0.00e+00	0.00e+00	2.52e-27	1.06e-23	2.70e-20	2.27e-17	8.71e-15	1.71e-12	3.10e-09	7.23e-07	5.05e-05	1.11e-03	1.42e-02	6.08e-02	1.18e-01	1.82e-01	5.22e-01	9.60e-02	5.70e-03
 2.57656e+22	0.00e+00	0.00e+00	3.61e-27	1.48e-23	3.62e-20	2.95e-17	1.09e-14	2.07e-12	3.74e-09	8.62e-07	5.89e-05	1.26e-03	1.57e-02	6.54e-02	1.23e-01	1.84e-01	5.13e-01	9.16e-02	5.28e-03
 2.61824e+22	0.00e+00	0.00e+00	5.73e-27	2.25e-23	5.30e-20	4.13e-17	1.46e-14	2.65e-12	4.77e-09	1.08e-06	7.17e-05	1.48e-03	1.79e-02	7.18e-02	1.30e-01	1.86e-01	5.01e-01	8.61e-02	4.78e-03
 2.65839e+22	0.00e+00	0.00e+00	9.01e-27	3.40e-23	7.68e-20	5.74e-17	1.94e-14	3.36e-12	6.03e-09	1.34e-06	8.68e-05	1.74e-03	2.03e-02	7.86e-02	1.37e-01	1.88e-01	4.89e-01	8.08e-02	4.32e-03
 2.68723e+22	0.00e+00	0.00e+00	1.24e-26	4.55e-23	9.97e-20	7.23e-17	2.37e-14	3.97e-12	7.11e-09	1.56e-06	9.92e-05	1.94e-03	2.21e-02	8.36e-02	1.42e-01	1.90e-01	4.80e-01	7.72e-02	4.02e-03
 2.71538e+22	0.00e+00	0.00e+00	1.68e-26	6.00e-23	1.28e-19	9.01e-17	2.87e-14	4.66e-12	8.31e-09	1.80e-06	1.13e-04	2.16e-03	2.41e-02	8.86e-02	1.46e-01	1.91e-01	4.71e-01	7.38e-02	3.75e-03
 2.75197e+22	0.00e+00	0.00e+00	2.49e-26	8.58e-23	1.76e-19	1.20e-16	3.66e-14	5.72e-12	1.02e-08	2.17e-06	1.32e-04	2.47e-03	2.67e-02	9.54e-02	1.52e-01	1.91e-01	4.58e-01	6.96e-02	3.42e-03
 2.79023e+22	0.00e+00	0.00e+00	3.76e-26	1.25e-22	2.47e-19	1.61e-16	4.73e-14	7.08e-12	1.25e-08	2.64e-06	1.57e-04	2.84e-03	2.99e-02	1.03e-01	1.59e-01	1.92e-01	4.45e-01	6.52e-02	3.09e-03
 2.82212e+22	0.00e+00	0.00e+00	5.33e-26	1.71e-22	3.28e-19	2.07e-16	5.86e-14	8.47e-12	1.49e-08	3.10e-06	1.81e-04	3.19e-03	3.27e-02	1.10e-01	1.64e-01	1.92e-01	4.33e-01	6.16e-02	2.84e-03
 2.85059e+22	0.00e+00	0.00e+00	7.13e-26	2.23e-22	4.17e-19	2.56e-16	7.02e-14	9.85e-12	1.73e-08	3.55e-06	2.03e-04	3.52e-03	3.53e-02	1.16e-01	1.68e-01	1.92e-01	4.23e-01	5.87e-02	2.64e-03
 2.88317e+22	0.00e+00	0.00e+00	9.99e-26	3.03e-22	5.48e-19	3.26e-16	8.64e-14	1.17e-11	2.04e-08	4.14e-06	2.33e-04	3.93e-03	3.85e-02	1.23e-01	1.73e-01	1.92e-01	4.11e-01	5.54e-02	2.42e-03
 2.92553e+22	0.00e+00	0.00e+00	1.54e-25	4.49e-22	7.80e-19	4.44e-16	1.13e-13	1.46e-11	2.52e-08	5.05e-06	2.76e-04	4.52e-03	4.29e-02	1.32e-01	1.80e-01	1.91e-01	3.96e-01	5.13e-02	2.16e-03
 2.96825e+22	0.00e+00	0.00e+00	2.39e-25	6.71e-22	1.12e-18	6.10e-16	1.48e-13	1.83e-11	3.13e-08	6.16e-06	3.29e-04	5.22e-03	4.79e-02	1.42e-01	1.86e-01	1.90e-01	3.79e-01	4.73e-02	1.92e-03
 3.00151e+22	0.00e+00	0.00e+00	3.39e-25	9.21e-22	1.49e-18	7.83e-16	1.83e-13	2.18e-11	3.70e-08	7.20e-06	3.77e-04	5.83e-03	5.21e-02	1.50e-01	1.90e-01	1.89e-01	3.66e-01	4.43e-02	1.74e-03
 3.03478e+22	0.00e+00	0.00e+00	4.71e-25	1.24e-21	1.94e-18	9.91e-16	2.24e-13	2.57e-11	4.33e-08	8.33e-06	4.27e-04	6.46e-03	5.64e-02	1.58e-01	1.95e-01	1.87e-01	3.53e-01	4.15e-02	1.58e-03
 3.07803e+22	0.00e+00	0.00e+00	7.12e-25	1.81e-21	2.72e-18	1.33e-15	2.88e-13	3.18e-11	5.27e-08	9.99e-06	5.00e-04	7.33e-03	6.21e-02	1.68e-01	2.00e-01	1.85e-01	3.38e-01	3.82e-02	1.40e-03
 3.12333e+22	0.00e+00	0.00e+00	1.11e-24	2.71e-21	3.91e-18	1.84e-15	3.79e-13	3.98e-11	6.49e-08	1.21e-05	5.90e-04	8.39e-03	6.87e-02	1.79e-01	2.05e-01	1.82e-01	3.20e-01	3.48e-02	1.23e-03
 3.16065e+22	0.00e+00	0.00e+00	1.60e-24	3.78e-21	5.27e-18	2.39e-15	4.74e-13	4.78e-11	7.69e-08	1.42e-05	6.76e-04	9.36e-03	7.46e-02	1.89e-01	2.08e-01	1.79e-01	3.06e-01	3.21e-02	1.10e-03
 3.19315e+22	0.00e+00	0.00e+00	2.20e-24	5.03e-21	6.82e-18	2.99e-15	5.74e-13	5.60e-11	8.89e-08	1.62e-05	7.58e-04	1.03e-02	7.99e-02	1.97e-01	2.11e-01	1.77e-01	2.93e-01	2.99e-02	9.94e-04
 3.22999e+22	0.00e+00	0.00e+00	3.06e-24	6.81e-21	8.94e-18	3.80e-15	7.04e-13	6.63e-11	1.04e-07	1.86e-05	8.54e-04	1.13e-02	8.58e-02	2.06e-01	2.14e-01	1.73e-01	2.80e-01	2.77e-02	8.94e-04
 3.27788e+22	0.00e+00	1.85e-30	4.73e-24	1.01e-20	1.27e-17	5.19e-15	9.18e-13	8.26e-11	1.26e-07	2.23e-05	9.96e-04	1.28e-02	9.38e-02	2.17e-01	2.17e-01	1.69e-01	2.63e-01	2.50e-02	7.75e-04
 3.32797e+22	0.00e+00	3.00e-30	7.47e-24	1.53e-20	1.85e-17	7.22e-15	1.22e-12	1.04e-10	1.55e-07	2.69e-05	1.17e-03	1.45e-02	1.03e-01	2.29e-01	2.20e-01	1.64e-01	2.46e-01	2.24e-02	6.64e-04
 3.36756e+22	0.00e+00	4.39e-30	1.07e-23	2.13e-20	2.49e-17	9.35e-15	1.52e-12	1.25e-10	1.81e-07	3.11e-05	1.32e-03	1.60e-02	1.10e-01	2.38e-01	2.21e-01	1.60e-01	2.32e-01	2.04e-02	5.86e-04
 3.39952e+22	0.00e+00	5.95e-30	1.43e-23	2.76e-20	3.14e-17	1.15e-14	1.81e-12	1.44e-10	2.05e-07	3.49e-05	1.46e-03	1.73e-02	1.17e-01	2.46e-01	2.22e-01	1.56e-01	2.21e-01	1.89e-02	5.29e-04
 3.43491e+22	0.00e+00	8.09e-30	1.91e-23	3.60e-20	3.99e-17	1.42e-14	2.16e-12	1.67e-10	2.33e-07	3.92e-05	1.61e-03	1.86e-02	1.23e-01	2.53e-01	2.23e-01	1.52e-01	2.11e-01	1.75e-02	4.77e-04
 3.48091e+22	0.00e+00	1.21e-29	2.79e-23	5.09e-20	5.45e-17	1.87e-14	2.73e-12	2.03e-10	2.75e-07	4.55e-05	1.82e-03	2.06e-02	1.32e-01	2.62e-01	2.23e-01	1.47e-01	1.97e-01	1.58e-02	4.15e-04
 3.52993e+22	0.00e+00	1.86e-29	4.18e-23	7.37e-20	7.61e-17	2.51e-14	3.51e-12	2.49e-10	3.28e-07	5.33e-05	2.08e-03	2.28e-02	1.41e-01	2.72e-01	2.23e-01	1.42e-01	1.83e-01	1.41e-02	3.56e-04
 3.57198e+22	0.00e+00	2.67e-29	5.88e-23	1.01e-19	1.01e-16	3.21e-14	4.34e-12	2.96e-10	3.80e-07	6.08e-05	2.32e-03	2.48e-02	1.50e-01	2.80e-01	2.22e-01	1.37e-01	1.72e-01	1.28e-02	3.12e-04
 3.61577e+22	0.00e+00	3.81e-29	8.21e-23	1.36e-19	1.33e-16	4.10e-14	5.34e-12	3.52e-10	4.38e-07	6.90e-05	2.57e-03	2.69e-02	1.58e-01	2.87e-01	2.21e-01	1.32e-01	1.61e-01	1.16e-02	2.74e-04
 3.67271e+22	0.00e+00	5.98e-29	1.26e-22	2.01e-19	1.88e-16	5.59e-14	6.96e-12	4.37e-10	5.25e-07	8.11e-05	2.94e-03	2.98e-02	1.69e-01	2.96e-01	2.19e-01	1.25e-01	1.47e-01	1.02e-02	2.31e-04
 3.73071e+22	0.00e+00	9.48e-29	1.94e-22	2.99e-19	2.70e-16	7.68e-14	9.13e-12	5.47e-10	6.31e-07	9.54e-05	3.36e-03	3.29e-02	1.81e-01	3.04e-01	2.16e-01	1.19e-01	1.35e-01	8.91e-03	1.93e-04
 3.77694e+22	0.00e+00	1.35e-28	2.71e-22	4.06e-19	3.56e-16	9.82e-14	1.13e-11	6.51e-10	7.28e-07	1.08e-04	3.71e-03	3.55e-02	1.90e-01	3.10e-01	2.13e-01	1.14e-01	1.25e-01	8.00e-03	1.68e-04
 3.82386e+22	0.00e+00	1.90e-28	3.72e-22	5.44e-19	4.64e-16	1.24e-13	1.38e-11	7.68e-10	8.33e-07	1.22e-04	4.08e-03	3.82e-02	1.99e-01	3.15e-01	2.10e-01	1.09e-01	1.16e-01	7.21e-03	1.46e-04
 3.88486e+22	0.00e+00	2.92e-28	5.57e-22	7.88e-19	6.48e-16	1.67e-13	1.77e-11	9.49e-10	9.88e-07	1.41e-04	4.60e-03	4.17e-02	2.10e-01	3.21e-01	2.06e-01	1.03e-01	1.06e-01	6.31e-03	1.23e-04
 3.94918e+22	0.00e+00	4.59e-28	8.50e-22	1.16e-18	9.21e-16	2.28e-13	2.32e-11	1.18e-09	1.18e-06	1.64e-04	5.20e-03	4.57e-02	2.22e-01	3.27e-01	2.02e-01	9.68e-02	9.60e-02	5.46e-03	1.02e-04
 4.00360e+22	0.00e+00	6.64e-28	1.20e-21	1.60e-18	1.23e-15	2.95e-13	2.89e-11	1.42e-09	1.37e-06	1.86e-04	5.75e-03	4.91e-02	2.32e-01	3.31e-01	1.97e-01	9.17e-02	8.82e-02	4.84e-03	8.70e-05
 4.05104e+22	0.00e+00	9.08e-28	1.61e-21	2.09e-18	1.57e-15	3.67e-13	3.48e-11	1.66e-09	1.55e-06	2.07e-04	6.25e-03	5.22e-02	2.41e-01	3.33e-01	1.93e-01	8.74e-02	8.19e-02	4.35e-03	7.60e-05
 4.10360e+22	0.00e+00	1.26e-27	2.18e-21	2.77e-18	2.03e-15	4.60e-13	4.23e-11	1.95e-09	1.77e-06	2.31e-04	6.80e-03	5.56e-02	2.50e-01	3.36e-01	1.89e-01	8.31e-02	7.58e-02	3.90e-03	6.59e-05
 4.17192e+22	0.00e+00	1.90e-27	3.21e-21	3.94e-18	2.80e-15	6.13e-13	5.41e-11	2.40e-09	2.08e-06	2.65e-04	7.57e-03	6.00e-02	2.61e-01	3.38e-01	1.83e-01	7.78e-02	6.85e-02	3.38e-03	5.49e-05
 4.24077e+22	0.00e+00	2.89e-27	4.74e-21	5.65e-18	3.88e-15	8.21e-13	6.96e-11	2.95e-09	2.46e-06	3.05e-04	8.43e-03	6.48e-02	2.72e-01	3.40e-01	1.77e-01	7.25e-02	6.17e-02	2.92e-03	4.55e-05
 4.29440e+22	0.00e+00	3.99e-27	6.41e-21	7.45e-18	5.00e-15	1.03e-12	8.45e-11	3.47e-09	2.79e-06	3.39e-04	9.15e-03	6.86e-02	2.81e-01	3.41e-01	1.72e-01	6.86e-02	5.67e-02	2.60e-03	3.92e-05
 4.34822e+22	0.00e+00	5.37e-27	8.44e-21	9.62e-18	6.30e-15	1.27e-12	1.01e-10	4.03e-09	3.14e-06	3.73e-04	9.86e-03	7.23e-02	2.89e-01	3.41e-01	1.68e-01	6.50e-02	5.25e-02	2.33e-03	3.41e-05
 4.41820e+22	0.00e+00	7.76e-27	1.19e-20	1.32e-17	8.41e-15	1.64e-12	1.26e-10	4.85e-09	3.64e-06	4.21e-04	1.08e-02	7.71e-02	2.98e-01	3.41e-01	1.62e-01	6.08e-02	4.76e-02	2.04e-03	2.87e-05
 4.49359e+22	0.00e+00	1.16e-26	1.73e-20	1.86e-17	1.15e-14	2.17e-12	1.61e-10	5.94e-09	4.28e-06	4.80e-04	1.19e-02	8.25e-02	3.09e-01	3.40e-01	1.55e-01	5.64e-02	4.27e-02	1.75e-03	2.37e-05
 4.55901e+22	0.00e+00	1.64e-26	2.38e-20	2.50e-17	1.51e-14	2.76e-12	1.98e-10	7.06e-09	4.91e-06	5.37e-04	1.30e-02	8.74e-02	3.18e-01	3.38e-01	1.50e-01	5.28e-02	3.88e-02	1.54e-03	2.01e-05
 4.61803e+22	0.00e+00	2.21e-26	3.14e-20	3.23e-17	1.91e-14	3.40e-12	2.37e-10	8.22e-09	5.53e-06	5.91e-04	1.39e-02	9.17e-02	3.25e-01	3.37e-01	1.45e-01	4.97e-02	3.56e-02	1.37e-03	1.73e-05
 4.68569e+22	0.00e+00	3.03e-26	4.20e-20	4.24e-17	2.44e-14	4.25e-12	2.87e-10	9.64e-09	6.28e-06	6.54e-04	1.50e-02	9.65e-02	3.33e-01	3.35e-01	1.40e-01	4.67e-02	3.26e-02	1.21e-03	1.49e-05
 4.76023e+22	0.00e+00	4.32e-26	5.84e-20	5.74e-17	3.22e-14	5.45e-12	3.55e-10	1.15e-08	7.24e-06	7.33e-04	1.64e-02	1.02e-01	3.42e-01	3.32e-01	1.34e-01	4.34e-02	2.94e-02	1.05e-03	1.24e-05
 4.82701e+22	0.00e+00	5.92e-26	7.81e-20	7.53e-17	4.13e-14	6.80e-12	4.30e-10	1.36e-08	8.21e-06	8.10e-04	1.76e-02	1.07e-01	3.49e-01	3.29e-01	1.28e-01	4.05e-02	2.67e-02	9.27e-04	1.06e-05
 4.88680e+22	0.00e+00	7.69e-26	9.96e-20	9.42e-17	5.06e-14	8.17e-12	5.04e-10	1.55e-08	9.12e-06	8.80e-04	1.87e-02	1.12e-01	3.55e-01	3.26e-01	1.24e-01	3.83e-02	2.47e-02	8.34e-04	9.29e-06
 4.95418e+22	0.00e+00	1.03e-25	1.30e-19	1.21e-16	6.35e-14	1.00e-11	6.01e-10	1.79e-08	1.02e-05	9.64e-04	2.00e-02	1.16e-01	3.61e-01	3.23e-01	1.19e-01	3.60e-02	2.26e-02	7.41e-04	8.01e-06
 5.04178e+22	0.00e+00	1.47e-25	1.81e-19	1.64e-16	8.42e-14	1.29e-11	7.48e-10	2.16e-08	1.18e-05	1.08e-03	2.17e-02	1.23e-01	3.69e-01	3.18e-01	1.14e-01	3.32e-02	2.03e-02	6.38e-04	6.64e-06
 5.13341e+22	0.00e+00	2.16e-25	2.58e-19	2.27e-16	1.14e-13	1.68e-11	9.43e-10	2.62e-08	1.38e-05	1.22e-03	2.37e-02	1.30e-01	3.76e-01	3.12e-01	1.08e-01	3.04e-02	1.80e-02	5.44e-04	5.43e-06
 5.20971e+22	0.00e+00	2.94e-25	3.43e-19	2.96e-16	1.45e-13	2.09e-11	1.14e-09	3.07e-08	1.56e-05	1.34e-03	2.54e-02	1.36e-01	3.82e-01	3.08e-01	1.03e-01	2.83e-02	1.63e-02	4.77e-04	4.61e-06
 5.28829e+22	0.00e+00	3.96e-25	4.50e-19	3.82e-16	1.82e-13	2.57e-11	1.36e-09	3.57e-08	1.76e-05	1.47e-03	2.71e-02	1.41e-01	3.88e-01	3.03e-01	9.81e-02	2.63e-02	1.48e-02	4.20e-04	3.94e-06
 5.39046e+22	0.00e+00	5.74e-25	6.33e-19	5.23e-16	2.44e-13	3.34e-11	1.70e-09	4.31e-08	2.04e-05	1.65e-03	2.94e-02	1.48e-01	3.94e-01	2.97e-01	9.25e-02	2.41e-02	1.31e-02	3.58e-04	3.22e-06
 5.49827e+22	0.00e+00	8.54e-25	9.13e-19	7.35e-16	3.32e-13	4.41e-11	2.17e-09	5.28e-08	2.40e-05	1.87e-03	3.21e-02	1.56e-01	4.00e-01	2.89e-01	8.67e-02	2.18e-02	1.15e-02	3.01e-04	2.60e-06
 5.58884e+22	0.00e+00	1.18e-24	1.23e-18	9.66e-16	4.27e-13	5.52e-11	2.63e-09	6.23e-08	2.73e-05	2.06e-03	3.44e-02	1.63e-01	4.05e-01	2.83e-01	8.22e-02	2.01e-02	1.03e-02	2.61e-04	2.18e-06
 5.66673e+22	0.00e+00	1.54e-24	1.57e-18	1.21e-15	5.26e-13	6.65e-11	3.09e-09	7.13e-08	3.03e-05	2.23e-03	3.64e-02	1.69e-01	4.08e-01	2.78e-01	7.85e-02	1.88e-02	9.45e-03	2.32e-04	1.88e-06
 5.75270e+22	0.00e+00	2.04e-24	2.02e-18	1.54e-15	6.53e-13	8.07e-11	3.66e-09	8.21e-08	3.39e-05	2.43e-03	3.86e-02	1.74e-01	4.11e-01	2.72e-01	7.48e-02	1.75e-02	8.60e-03	2.05e-04	1.61e-06
 5.86447e+22	0.00e+00	2.89e-24	2.79e-18	2.07e-15	8.58e-13	1.03e-10	4.52e-09	9.82e-08	3.90e-05	2.70e-03	4.15e-02	1.82e-01	4.15e-01	2.65e-01	7.02e-02	1.59e-02	7.61e-03	1.74e-04	1.32e-06
 5.98307e+22	0.00e+00	4.22e-24	3.94e-18	2.85e-15	1.15e-12	1.34e-10	5.67e-09	1.19e-07	4.53e-05	3.03e-03	4.49e-02	1.90e-01	4.18e-01	2.57e-01	6.54e-02	1.44e-02	6.68e-03	1.47e-04	1.07e-06
 6.08459e+22	0.00e+00	5.77e-24	5.24e-18	3.72e-15	1.47e-12	1.67e-10	6.84e-09	1.39e-07	5.13e-05	3.32e-03	4.78e-02	1.97e-01	4.21e-01	2.50e-01	6.17e-02	1.32e-02	5.98e-03	1.27e-04	8.93e-07
 6.19061e+22	0.00e+00	7.81e-24	6.91e-18	4.80e-15	1.85e-12	2.05e-10	8.21e-09	1.62e-07	5.78e-05	3.64e-03	5.08e-02	2.04e-01	4.22e-01	2.43e-01	5.82e-02	1.22e-02	5.37e-03	1.10e-04	7.51e-07
 6.32844e+22	0.00e+00	1.14e-23	9.75e-18	6.60e-15	2.47e-12	2.66e-10	1.03e-08	1.96e-07	6.71e-05	4.06e-03	5.48e-02	2.12e-01	4.24e-01	2.35e-01	5.41e-02	1.10e-02	4.69e-03	9.27e-05	6.06e-07
 6.47621e+22	0.00e+00	1.72e-23	1.42e-17	9.36e-15	3.41e-12	3.54e-10	1.31e-08	2.41e-07	7.89e-05	4.59e-03	5.94e-02	2.22e-01	4.25e-01	2.25e-01	4.97e-02	9.74e-03	4.03e-03	7.61e-05	4.75e-07
 6.60397e+22	0.00e+00	2.43e-23	1.95e-17	1.25e-14	4.44e-12	4.49e-10	1.61e-08	2.87e-07	9.03e-05	5.07e-03	6.35e-02	2.30e-01	4.26e-01	2.17e-01	4.63e-02	8.82e-03	3.55e-03	6.45e-05	3.89e-07
 6.73711e+22	2.04e-30	3.39e-23	2.63e-17	1.66e-14	5.74e-12	5.65e-10	1.96e-08	3.38e-07	1.03e-04	5.58e-03	6.76e-02	2.37e-01	4.25e-01	2.10e-01	4.32e-02	8.00e-03	3.14e-03	5.50e-05	3.19e-07
 6.88510e+22	3.04e-30	4.88e-23	3.67e-17	2.25e-14	7.59e-12	7.24e-10	2.43e-08	4.05e-07	1.18e-04	6.19e-03	7.24e-02	2.45e-01	4.24e-01	2.02e-01	3.99e-02	7.19e-03	2.74e-03	4.62e-05	2.58e-07
 7.02280e+22	4.40e-30	6.85e-23	4.99e-17	2.99e-14	9.85e-12	9.14e-10	2.98e-08	4.80e-07	1.35e-04	6.82e-03	7.71e-02	2.53e-01	4.23e-01	1.94e-01	3.70e-02	6.49e-03	2.41e-03	3.90e-05	2.10e-07
 7.15142e+22	6.08e-30	9.22e-23	6.54e-17	3.84e-14	1.24e-11	1.12e-09	3.54e-08	5.56e-07	1.52e-04	7.42e-03	8.14e-02	2.60e-01	4.21e-01	1.87e-01	3.47e-02	5.93e-03	2.15e-03	3.37e-05	1.76e-07
 7.29780e+22	8.67e-30	1.28e-22	8.79e-17	5.05e-14	1.59e-11	1.40e-09	4.29e-08	6.53e-07	1.72e-04	8.13e-03	8.63e-02	2.67e-01	4.19e-01	1.80e-01	3.22e-02	5.36e-03	1.89e-03	2.87e-05	1.44e-07
 7.46257e+22	1.28e-29	1.83e-22	1.22e-16	6.81e-14	2.08e-11	1.78e-09	5.29e-08	7.79e-07	1.97e-04	8.98e-03	9.19e-02	2.75e-01	4.16e-01	1.72e-01	2.96e-02	4.79e-03	1.65e-03	2.40e-05	0.00e+00
 7.61813e+22	1.84e-29	2.54e-22	1.64e-16	8.99e-14	2.68e-11	2.23e-09	6.42e-08	9.16e-07	2.23e-04	9.84e-03	9.74e-02	2.82e-01	4.13e-01	1.64e-01	2.74e-02	4.32e-03	1.44e-03	2.03e-05	0.00e+00
 7.76392e+22	2.55e-29	3.42e-22	2.15e-16	1.15e-13	3.36e-11	2.73e-09	7.63e-08	1.06e-06	2.50e-04	1.07e-02	1.02e-01	2.89e-01	4.09e-01	1.58e-01	2.55e-02	3.93e-03	1.28e-03	1.74e-05	0.00e+00
 7.93011e+22	3.62e-29	4.72e-22	2.88e-16	1.51e-13	4.30e-11	3.40e-09	9.22e-08	1.24e-06	2.83e-04	1.17e-02	1.08e-01	2.96e-01	4.05e-01	1.51e-01	2.35e-02	3.53e-03	1.13e-03	1.48e-05	0.00e+00
 8.14615e+22	5.54e-29	6.96e-22	4.09e-16	2.09e-13	5.77e-11	4.41e-09	1.15e-07	1.50e-06	3.27e-04	1.29e-02	1.15e-01	3.04e-01	4.00e-01	1.43e-01	2.14e-02	3.11e-03	9.64e-04	1.21e-05	0.00e+00
 8.37129e+22	8.82e-29	1.06e-21	6.00e-16	2.97e-13	7.98e-11	5.89e-09	1.48e-07	1.84e-06	3.84e-04	1.45e-02	1.24e-01	3.12e-01	3.93e-01	1.34e-01	1.91e-02	2.70e-03	8.07e-04	9.65e-06	0.00e+00
 8.55287e+22	1.26e-28	1.47e-21	8.05e-16	3.90e-13	1.02e-10	7.34e-09	1.78e-07	2.16e-06	4.33e-04	1.58e-02	1.30e-01	3.18e-01	3.87e-01	1.27e-01	1.76e-02	2.41e-03	7.04e-04	8.11e-06	0.00e+00
 8.73356e+22	1.75e-28	1.99e-21	1.05e-15	5.01e-13	1.28e-10	8.99e-09	2.12e-07	2.49e-06	4.85e-04	1.71e-02	1.37e-01	3.24e-01	3.82e-01	1.21e-01	1.62e-02	2.18e-03	6.20e-04	6.90e-06	0.00e+00
 8.96845e+22	2.61e-28	2.86e-21	1.47e-15	6.79e-13	1.69e-10	1.15e-08	2.62e-07	2.97e-06	5.55e-04	1.88e-02	1.45e-01	3.30e-01	3.74e-01	1.14e-01	1.47e-02	1.92e-03	5.31e-04	5.67e-06	0.00e+00
 9.22469e+22	4.08e-28	4.30e-21	2.12e-15	9.54e-13	2.30e-10	1.51e-08	3.32e-07	3.63e-06	6.46e-04	2.09e-02	1.54e-01	3.37e-01	3.66e-01	1.06e-01	1.31e-02	1.66e-03	4.43e-04	4.52e-06	0.00e+00
 9.45020e+22	5.98e-28	6.09e-21	2.90e-15	1.28e-12	3.01e-10	1.92e-08	4.06e-07	4.29e-06	7.35e-04	2.29e-02	1.62e-01	3.43e-01	3.58e-01	9.99e-02	1.19e-02	1.46e-03	3.80e-04	3.71e-06	0.00e+00
