#depth	C	C+	C+2	C+3	C+4	C+5	C+6	C[1]	C[2]	C[3]	C+[1]	C+[2]	CO
 6.17135e+19	0.00e+00	2.02e-31	2.65e-23	3.24e-16	7.09e-10	2.86e-05	1.00e+00	0.00e+00	0.00e+00	0.00e+00	0.00e+00	0.00e+00	2.34e-98
 1.87609e+20	0.00e+00	3.04e-31	3.66e-23	4.11e-16	8.31e-10	3.10e-05	1.00e+00	0.00e+00	0.00e+00	0.00e+00	0.00e+00	0.00e+00	1.85e-98
 3.18540e+20	0.00e+00	4.56e-31	5.05e-23	5.21e-16	9.75e-10	3.36e-05	1.00e+00	0.00e+00	0.00e+00	0.00e+00	0.00e+00	0.00e+00	2.05e-98
 4.54709e+20	0.00e+00	6.88e-31	6.98e-23	6.62e-16	1.14e-09	3.65e-05	1.00e+00	0.00e+00	0.00e+00	0.00e+00	0.00e+00	0.00e+00	2.26e-98
 5.74411e+20	0.00e+00	9.75e-31	9.20e-23	8.11e-16	1.31e-09	3.92e-05	1.00e+00	0.00e+00	0.00e+00	0.00e+00	0.00e+00	0.00e+00	2.45e-98
 6.66685e+20	0.00e+00	1.27e-30	1.13e-22	9.45e-16	1.45e-09	4.13e-05	1.00e+00	0.00e+00	0.00e+00	0.00e+00	0.00e+00	0.00e+00	2.55e-98
 7.48882e+20	0.00e+00	1.59e-30	1.36e-22	1.08e-15	1.59e-09	4.33e-05	1.00e+00	0.00e+00	0.00e+00	0.00e+00	0.00e+00	0.00e+00	2.61e-98
 8.41357e+20	0.00e+00	2.05e-30	1.65e-22	1.25e-15	1.75e-09	4.56e-05	1.00e+00	0.00e+00	0.00e+00	0.00e+00	0.00e+00	0.00e+00	2.69e-98
 9.61573e+20	0.00e+00	2.83e-30	2.13e-22	1.50e-15	1.98e-09	4.86e-05	1.00e+00	0.00e+00	0.00e+00	0.00e+00	0.00e+00	0.00e+00	2.83e-98
 1.08324e+21	0.00e+00	3.89e-30	2.73e-22	1.80e-15	2.24e-09	5.18e-05	1.00e+00	0.00e+00	0.00e+00	0.00e+00	0.00e+00	0.00e+00	2.96e-98
 1.17841e+21	0.00e+00	4.95e-30	3.30e-22	2.07e-15	2.46e-09	5.44e-05	1.00e+00	0.00e+00	0.00e+00	0.00e+00	0.00e+00	0.00e+00	3.01e-98
 1.27376e+21	0.00e+00	6.28e-30	3.98e-22	2.37e-15	2.70e-09	5.71e-05	1.00e+00	0.00e+00	0.00e+00	0.00e+00	0.00e+00	0.00e+00	3.04e-98
 1.39771e+21	0.00e+00	8.52e-30	5.05e-22	2.82e-15	3.03e-09	6.08e-05	1.00e+00	0.00e+00	0.00e+00	0.00e+00	0.00e+00	0.00e+00	3.12e-98
 1.52616e+21	0.00e+00	1.16e-29	6.42e-22	3.36e-15	3.41e-09	6.47e-05	1.00e+00	0.00e+00	0.00e+00	0.00e+00	0.00e+00	0.00e+00	3.19e-98
 1.63081e+21	0.00e+00	1.48e-29	7.78e-22	3.86e-15	3.75e-09	6.80e-05	1.00e+00	0.00e+00	0.00e+00	0.00e+00	0.00e+00	0.00e+00	3.19e-98
 1.73722e+21	0.00e+00	1.89e-29	9.42e-22	4.43e-15	4.11e-09	7.15e-05	1.00e+00	0.00e+00	0.00e+00	0.00e+00	0.00e+00	0.00e+00	3.16e-98
 1.84877e+21	0.00e+00	2.44e-29	1.15e-21	5.11e-15	4.53e-09	7.53e-05	1.00e+00	0.00e+00	0.00e+00	0.00e+00	0.00e+00	0.00e+00	3.14e-98
 1.94277e+21	0.00e+00	3.00e-29	1.35e-21	5.74e-15	4.90e-09	7.85e-05	1.00e+00	0.00e+00	0.00e+00	0.00e+00	0.00e+00	0.00e+00	3.04e-98
 2.04073e+21	0.00e+00	3.73e-29	1.59e-21	6.47e-15	5.32e-09	8.21e-05	1.00e+00	0.00e+00	0.00e+00	0.00e+00	0.00e+00	0.00e+00	2.95e-98
 2.16808e+21	0.00e+00	4.90e-29	1.97e-21	7.54e-15	5.90e-09	8.68e-05	1.00e+00	0.00e+00	0.00e+00	0.00e+00	0.00e+00	0.00e+00	2.89e-98
 2.29610e+21	0.00e+00	6.43e-29	2.43e-21	8.76e-15	6.53e-09	9.18e-05	1.00e+00	0.00e+00	0.00e+00	0.00e+00	0.00e+00	0.00e+00	2.82e-98
 2.39468e+21	0.00e+00	7.90e-29	2.85e-21	9.81e-15	7.05e-09	9.58e-05	1.00e+00	0.00e+00	0.00e+00	0.00e+00	0.00e+00	0.00e+00	2.66e-98
 2.49252e+21	0.00e+00	9.65e-29	3.33e-21	1.09e-14	7.60e-09	9.98e-05	1.00e+00	0.00e+00	0.00e+00	0.00e+00	0.00e+00	0.00e+00	2.50e-98
 2.61970e+21	0.00e+00	1.25e-28	4.05e-21	1.26e-14	8.36e-09	1.05e-04	1.00e+00	0.00e+00	0.00e+00	0.00e+00	0.00e+00	0.00e+00	2.38e-98
 2.75085e+21	0.00e+00	1.62e-28	4.95e-21	1.45e-14	9.21e-09	1.11e-04	1.00e+00	0.00e+00	0.00e+00	0.00e+00	0.00e+00	0.00e+00	2.25e-98
 2.85839e+21	0.00e+00	2.00e-28	5.81e-21	1.63e-14	9.96e-09	1.16e-04	1.00e+00	0.00e+00	0.00e+00	0.00e+00	0.00e+00	0.00e+00	2.09e-98
 2.94818e+21	0.00e+00	2.38e-28	6.65e-21	1.79e-14	1.06e-08	1.20e-04	1.00e+00	0.00e+00	0.00e+00	0.00e+00	0.00e+00	0.00e+00	1.88e-98
 3.04361e+21	0.00e+00	2.85e-28	7.63e-21	1.97e-14	1.14e-08	1.25e-04	1.00e+00	0.00e+00	0.00e+00	0.00e+00	0.00e+00	0.00e+00	1.70e-98
 3.16768e+21	0.00e+00	3.60e-28	9.11e-21	2.23e-14	1.24e-08	1.31e-04	1.00e+00	0.00e+00	0.00e+00	0.00e+00	0.00e+00	0.00e+00	1.56e-98
 3.29247e+21	0.00e+00	4.53e-28	1.09e-20	2.52e-14	1.35e-08	1.38e-04	1.00e+00	0.00e+00	0.00e+00	0.00e+00	0.00e+00	0.00e+00	1.42e-98
 3.39031e+21	0.00e+00	5.42e-28	1.24e-20	2.77e-14	1.44e-08	1.43e-04	1.00e+00	0.00e+00	0.00e+00	0.00e+00	0.00e+00	0.00e+00	1.26e-98
 3.48961e+21	0.00e+00	6.48e-28	1.42e-20	3.04e-14	1.53e-08	1.48e-04	1.00e+00	0.00e+00	0.00e+00	0.00e+00	0.00e+00	0.00e+00	1.11e-98
 3.61871e+21	0.00e+00	8.15e-28	1.69e-20	3.42e-14	1.66e-08	1.56e-04	1.00e+00	0.00e+00	0.00e+00	0.00e+00	0.00e+00	0.00e+00	1.00e-98
 3.74825e+21	0.00e+00	1.02e-27	2.01e-20	3.85e-14	1.81e-08	1.64e-04	1.00e+00	0.00e+00	0.00e+00	0.00e+00	0.00e+00	0.00e+00	8.95e-99
 3.84935e+21	0.00e+00	1.22e-27	2.29e-20	4.22e-14	1.92e-08	1.70e-04	1.00e+00	0.00e+00	0.00e+00	0.00e+00	0.00e+00	0.00e+00	7.81e-99
 3.95177e+21	0.00e+00	1.45e-27	2.62e-20	4.61e-14	2.05e-08	1.76e-04	1.00e+00	0.00e+00	0.00e+00	0.00e+00	0.00e+00	0.00e+00	6.75e-99
 4.08491e+21	0.00e+00	1.81e-27	3.09e-20	5.17e-14	2.22e-08	1.85e-04	1.00e+00	0.00e+00	0.00e+00	0.00e+00	0.00e+00	0.00e+00	5.89e-99
 4.21341e+21	0.00e+00	2.24e-27	3.63e-20	5.76e-14	2.39e-08	1.93e-04	1.00e+00	0.00e+00	0.00e+00	0.00e+00	0.00e+00	0.00e+00	5.09e-99
 4.30648e+21	0.00e+00	2.61e-27	4.06e-20	6.22e-14	2.53e-08	2.00e-04	1.00e+00	0.00e+00	0.00e+00	0.00e+00	0.00e+00	0.00e+00	4.28e-99
 4.39811e+21	0.00e+00	3.03e-27	4.54e-20	6.69e-14	2.66e-08	2.06e-04	1.00e+00	0.00e+00	0.00e+00	0.00e+00	0.00e+00	0.00e+00	3.56e-99
 4.51723e+21	0.00e+00	3.67e-27	5.23e-20	7.36e-14	2.85e-08	2.15e-04	1.00e+00	0.00e+00	0.00e+00	0.00e+00	0.00e+00	0.00e+00	2.98e-99
 4.64337e+21	0.00e+00	4.47e-27	6.06e-20	8.12e-14	3.05e-08	2.25e-04	1.00e+00	0.00e+00	0.00e+00	0.00e+00	0.00e+00	0.00e+00	2.49e-99
 4.75157e+21	0.00e+00	5.29e-27	6.86e-20	8.82e-14	3.24e-08	2.33e-04	1.00e+00	0.00e+00	0.00e+00	0.00e+00	0.00e+00	0.00e+00	2.04e-99
 4.84770e+21	0.00e+00	6.14e-27	7.65e-20	9.47e-14	3.41e-08	2.41e-04	1.00e+00	0.00e+00	0.00e+00	0.00e+00	0.00e+00	0.00e+00	1.65e-99
 4.95518e+21	0.00e+00	7.22e-27	8.62e-20	1.03e-13	3.60e-08	2.50e-04	1.00e+00	0.00e+00	0.00e+00	0.00e+00	0.00e+00	0.00e+00	1.33e-99
 5.09491e+21	0.00e+00	8.90e-27	1.01e-19	1.13e-13	3.87e-08	2.62e-04	1.00e+00	0.00e+00	0.00e+00	0.00e+00	0.00e+00	0.00e+00	1.08e-99
 5.23412e+21	0.00e+00	1.09e-26	1.17e-19	1.25e-13	4.16e-08	2.74e-04	1.00e+00	0.00e+00	0.00e+00	0.00e+00	0.00e+00	0.00e+00	8.68e-100
 5.34139e+21	0.00e+00	1.28e-26	1.31e-19	1.34e-13	4.39e-08	2.84e-04	1.00e+00	0.00e+00	0.00e+00	0.00e+00	0.00e+00	0.00e+00	6.80e-100
 5.43467e+21	0.00e+00	1.46e-26	1.44e-19	1.43e-13	4.59e-08	2.92e-04	1.00e+00	0.00e+00	0.00e+00	0.00e+00	0.00e+00	0.00e+00	5.24e-100
 5.54100e+21	0.00e+00	1.70e-26	1.61e-19	1.54e-13	4.83e-08	3.02e-04	1.00e+00	0.00e+00	0.00e+00	0.00e+00	0.00e+00	0.00e+00	4.03e-100
 5.67922e+21	0.00e+00	2.06e-26	1.85e-19	1.68e-13	5.16e-08	3.16e-04	1.00e+00	0.00e+00	0.00e+00	0.00e+00	0.00e+00	0.00e+00	3.11e-100
 5.81988e+21	0.00e+00	2.50e-26	2.13e-19	1.83e-13	5.51e-08	3.30e-04	1.00e+00	0.00e+00	0.00e+00	0.00e+00	0.00e+00	0.00e+00	2.39e-100
 5.93244e+21	0.00e+00	2.91e-26	2.38e-19	1.97e-13	5.80e-08	3.42e-04	1.00e+00	0.00e+00	0.00e+00	0.00e+00	0.00e+00	0.00e+00	1.79e-100
 6.04750e+21	0.00e+00	3.40e-26	2.66e-19	2.11e-13	6.11e-08	3.54e-04	1.00e+00	0.00e+00	0.00e+00	0.00e+00	0.00e+00	0.00e+00	1.32e-100
 6.19709e+21	0.00e+00	4.13e-26	3.06e-19	2.30e-13	6.52e-08	3.71e-04	1.00e+00	0.00e+00	0.00e+00	0.00e+00	0.00e+00	0.00e+00	9.88e-101
 6.34474e+21	0.00e+00	5.01e-26	3.51e-19	2.50e-13	6.95e-08	3.88e-04	1.00e+00	0.00e+00	0.00e+00	0.00e+00	0.00e+00	0.00e+00	1.02e-100
 6.45651e+21	0.00e+00	5.78e-26	3.88e-19	2.66e-13	7.29e-08	4.01e-04	1.00e+00	0.00e+00	0.00e+00	0.00e+00	0.00e+00	0.00e+00	1.04e-100
 6.56848e+21	0.00e+00	6.65e-26	4.29e-19	2.83e-13	7.64e-08	4.14e-04	1.00e+00	0.00e+00	0.00e+00	0.00e+00	0.00e+00	0.00e+00	1.05e-100
 6.71403e+21	0.00e+00	7.95e-26	4.87e-19	3.05e-13	8.10e-08	4.32e-04	1.00e+00	0.00e+00	0.00e+00	0.00e+00	0.00e+00	0.00e+00	1.08e-100
 6.86609e+21	0.00e+00	9.57e-26	5.55e-19	3.31e-13	8.61e-08	4.52e-04	1.00e+00	0.00e+00	0.00e+00	0.00e+00	0.00e+00	0.00e+00	1.11e-100
 6.99350e+21	0.00e+00	1.12e-25	6.19e-19	3.53e-13	9.06e-08	4.68e-04	1.00e+00	0.00e+00	0.00e+00	0.00e+00	0.00e+00	0.00e+00	2.76e-92
 7.12605e+21	0.00e+00	1.30e-25	6.90e-19	3.76e-13	9.53e-08	4.86e-04	1.00e+00	0.00e+00	0.00e+00	0.00e+00	0.00e+00	0.00e+00	5.56e-92
 7.27306e+21	0.00e+00	1.54e-25	7.78e-19	4.04e-13	1.01e-07	5.06e-04	9.99e-01	0.00e+00	0.00e+00	0.00e+00	0.00e+00	0.00e+00	9.74e-92
 7.40880e+21	0.00e+00	1.80e-25	8.67e-19	4.30e-13	1.06e-07	5.26e-04	9.99e-01	0.00e+00	0.00e+00	0.00e+00	0.00e+00	0.00e+00	1.48e-91
 7.53588e+21	0.00e+00	2.08e-25	9.58e-19	4.56e-13	1.11e-07	5.45e-04	9.99e-01	0.00e+00	0.00e+00	0.00e+00	0.00e+00	0.00e+00	2.17e-91
 7.68177e+21	0.00e+00	2.44e-25	1.07e-18	4.87e-13	1.17e-07	5.66e-04	9.99e-01	0.00e+00	0.00e+00	0.00e+00	0.00e+00	0.00e+00	4.42e-91
 7.84198e+21	0.00e+00	2.90e-25	1.21e-18	5.23e-13	1.24e-07	5.90e-04	9.99e-01	0.00e+00	0.00e+00	0.00e+00	0.00e+00	0.00e+00	8.31e-91
 7.98609e+21	0.00e+00	3.37e-25	1.34e-18	5.56e-13	1.30e-07	6.12e-04	9.99e-01	0.00e+00	0.00e+00	0.00e+00	0.00e+00	0.00e+00	1.27e-90
 8.11799e+21	0.00e+00	3.87e-25	1.48e-18	5.88e-13	1.36e-07	6.33e-04	9.99e-01	0.00e+00	0.00e+00	0.00e+00	0.00e+00	0.00e+00	1.85e-90
 8.26878e+21	0.00e+00	4.51e-25	1.65e-18	6.25e-13	1.43e-07	6.58e-04	9.99e-01	0.00e+00	0.00e+00	0.00e+00	0.00e+00	0.00e+00	2.65e-90
 8.43688e+21	0.00e+00	5.34e-25	1.85e-18	6.69e-13	1.52e-07	6.86e-04	9.99e-01	0.00e+00	0.00e+00	0.00e+00	0.00e+00	0.00e+00	6.98e-90
 8.58977e+21	0.00e+00	6.22e-25	2.06e-18	7.11e-13	1.60e-07	7.11e-04	9.99e-01	0.00e+00	0.00e+00	0.00e+00	0.00e+00	0.00e+00	1.07e-89
 8.72746e+21	0.00e+00	7.10e-25	2.26e-18	7.51e-13	1.67e-07	7.35e-04	9.99e-01	0.00e+00	0.00e+00	0.00e+00	0.00e+00	0.00e+00	2.21e-89
 8.88309e+21	0.00e+00	8.24e-25	2.51e-18	7.97e-13	1.75e-07	7.62e-04	9.99e-01	0.00e+00	0.00e+00	0.00e+00	0.00e+00	0.00e+00	2.18e-89
 9.08541e+21	0.00e+00	9.94e-25	2.86e-18	8.60e-13	1.87e-07	7.98e-04	9.99e-01	0.00e+00	0.00e+00	0.00e+00	0.00e+00	0.00e+00	4.07e-89
 9.29003e+21	0.00e+00	1.20e-24	3.26e-18	9.29e-13	1.99e-07	8.36e-04	9.99e-01	0.00e+00	0.00e+00	0.00e+00	0.00e+00	0.00e+00	1.17e-88
 9.45311e+21	0.00e+00	1.39e-24	3.61e-18	9.86e-13	2.09e-07	8.67e-04	9.99e-01	0.00e+00	0.00e+00	0.00e+00	0.00e+00	0.00e+00	1.71e-88
 9.62060e+21	0.00e+00	1.61e-24	4.01e-18	1.05e-12	2.20e-07	8.99e-04	9.99e-01	0.00e+00	0.00e+00	0.00e+00	0.00e+00	0.00e+00	3.44e-88
 9.83834e+21	1.62e-32	1.94e-24	4.57e-18	1.13e-12	2.35e-07	9.41e-04	9.99e-01	0.00e+00	0.00e+00	0.00e+00	0.00e+00	0.00e+00	4.40e-88
 1.00551e+22	2.05e-32	2.34e-24	5.21e-18	1.22e-12	2.50e-07	9.84e-04	9.99e-01	0.00e+00	0.00e+00	0.00e+00	0.00e+00	0.00e+00	8.00e-88
 1.02225e+22	2.46e-32	2.69e-24	5.75e-18	1.30e-12	2.63e-07	1.02e-03	9.99e-01	0.00e+00	0.00e+00	0.00e+00	0.00e+00	0.00e+00	1.70e-87
 1.03920e+22	2.94e-32	3.09e-24	6.34e-18	1.37e-12	2.76e-07	1.05e-03	9.99e-01	0.00e+00	0.00e+00	0.00e+00	0.00e+00	0.00e+00	2.77e-87
 1.06123e+22	3.70e-32	3.68e-24	7.19e-18	1.48e-12	2.93e-07	1.10e-03	9.99e-01	0.00e+00	0.00e+00	0.00e+00	0.00e+00	0.00e+00	4.23e-87
 1.08455e+22	4.69e-32	4.43e-24	8.20e-18	1.60e-12	3.13e-07	1.15e-03	9.99e-01	0.00e+00	0.00e+00	0.00e+00	0.00e+00	0.00e+00	8.47e-87
 1.10464e+22	5.74e-32	5.18e-24	9.17e-18	1.71e-12	3.31e-07	1.19e-03	9.99e-01	0.00e+00	0.00e+00	0.00e+00	0.00e+00	0.00e+00	1.59e-86
 1.12584e+22	7.06e-32	6.09e-24	1.03e-17	1.83e-12	3.51e-07	1.24e-03	9.99e-01	0.00e+00	0.00e+00	0.00e+00	0.00e+00	0.00e+00	2.49e-86
 1.14970e+22	8.89e-32	7.28e-24	1.17e-17	1.98e-12	3.74e-07	1.29e-03	9.99e-01	0.00e+00	0.00e+00	0.00e+00	0.00e+00	0.00e+00	2.68e-86
 1.17128e+22	1.09e-31	8.55e-24	1.31e-17	2.13e-12	3.97e-07	1.34e-03	9.99e-01	0.00e+00	0.00e+00	0.00e+00	0.00e+00	0.00e+00	9.08e-86
 1.19012e+22	1.30e-31	9.81e-24	1.45e-17	2.26e-12	4.17e-07	1.39e-03	9.99e-01	0.00e+00	0.00e+00	0.00e+00	0.00e+00	0.00e+00	2.54e-85
 1.21115e+22	1.58e-31	1.14e-23	1.61e-17	2.41e-12	4.40e-07	1.44e-03	9.99e-01	0.00e+00	0.00e+00	0.00e+00	0.00e+00	0.00e+00	2.65e-85
 1.23848e+22	2.01e-31	1.38e-23	1.85e-17	2.63e-12	4.72e-07	1.50e-03	9.98e-01	0.00e+00	0.00e+00	0.00e+00	0.00e+00	0.00e+00	4.19e-85
 1.26655e+22	2.58e-31	1.68e-23	2.13e-17	2.87e-12	5.07e-07	1.57e-03	9.98e-01	0.00e+00	0.00e+00	0.00e+00	0.00e+00	0.00e+00	8.65e-85
 1.28950e+22	3.15e-31	1.96e-23	2.39e-17	3.08e-12	5.38e-07	1.63e-03	9.98e-01	0.00e+00	0.00e+00	0.00e+00	0.00e+00	0.00e+00	1.71e-84
 1.31327e+22	3.85e-31	2.29e-23	2.68e-17	3.31e-12	5.70e-07	1.69e-03	9.98e-01	0.00e+00	0.00e+00	0.00e+00	0.00e+00	0.00e+00	2.64e-84
 1.34417e+22	5.00e-31	2.81e-23	3.10e-17	3.62e-12	6.15e-07	1.78e-03	9.98e-01	0.00e+00	0.00e+00	0.00e+00	0.00e+00	0.00e+00	4.32e-84
 1.37579e+22	6.49e-31	3.46e-23	3.60e-17	3.98e-12	6.64e-07	1.86e-03	9.98e-01	0.00e+00	0.00e+00	0.00e+00	0.00e+00	0.00e+00	1.03e-83
 1.40157e+22	8.00e-31	4.07e-23	4.06e-17	4.30e-12	7.07e-07	1.93e-03	9.98e-01	0.00e+00	0.00e+00	0.00e+00	0.00e+00	0.00e+00	2.10e-83
 1.42443e+22	9.61e-31	4.71e-23	4.51e-17	4.59e-12	7.46e-07	2.00e-03	9.98e-01	0.00e+00	0.00e+00	0.00e+00	0.00e+00	0.00e+00	6.38e-83
 1.45024e+22	1.18e-30	5.52e-23	5.07e-17	4.94e-12	7.93e-07	2.07e-03	9.98e-01	0.00e+00	0.00e+00	0.00e+00	0.00e+00	0.00e+00	5.95e-83
 1.48380e+22	1.52e-30	6.76e-23	5.89e-17	5.43e-12	8.56e-07	2.17e-03	9.98e-01	0.00e+00	0.00e+00	0.00e+00	0.00e+00	0.00e+00	6.32e-83
 1.51809e+22	1.98e-30	8.32e-23	6.86e-17	5.99e-12	9.26e-07	2.28e-03	9.98e-01	0.00e+00	0.00e+00	0.00e+00	0.00e+00	0.00e+00	1.84e-82
 1.54549e+22	2.43e-30	9.80e-23	7.73e-17	6.46e-12	9.86e-07	2.36e-03	9.98e-01	0.00e+00	0.00e+00	0.00e+00	0.00e+00	0.00e+00	4.13e-82
 1.57325e+22	2.98e-30	1.15e-22	8.71e-17	6.98e-12	1.05e-06	2.45e-03	9.98e-01	0.00e+00	0.00e+00	0.00e+00	0.00e+00	0.00e+00	7.14e-82
 1.60934e+22	3.87e-30	1.42e-22	1.01e-16	7.69e-12	1.13e-06	2.57e-03	9.97e-01	0.00e+00	0.00e+00	0.00e+00	0.00e+00	0.00e+00	7.59e-82
 1.64729e+22	5.09e-30	1.76e-22	1.19e-16	8.52e-12	1.23e-06	2.69e-03	9.97e-01	0.00e+00	0.00e+00	0.00e+00	0.00e+00	0.00e+00	2.15e-81
 1.67908e+22	6.37e-30	2.10e-22	1.36e-16	9.28e-12	1.32e-06	2.80e-03	9.97e-01	0.00e+00	0.00e+00	0.00e+00	0.00e+00	0.00e+00	5.29e-81
 1.70536e+22	7.66e-30	2.43e-22	1.51e-16	9.95e-12	1.40e-06	2.89e-03	9.97e-01	0.00e+00	0.00e+00	0.00e+00	0.00e+00	0.00e+00	1.51e-80
 1.73304e+22	9.28e-30	2.83e-22	1.69e-16	1.07e-11	1.48e-06	2.99e-03	9.97e-01	0.00e+00	0.00e+00	0.00e+00	0.00e+00	0.00e+00	1.64e-80
 1.76902e+22	1.18e-29	3.43e-22	1.95e-16	1.17e-11	1.60e-06	3.12e-03	9.97e-01	0.00e+00	0.00e+00	0.00e+00	0.00e+00	0.00e+00	7.08e-81
 1.80600e+22	1.52e-29	4.19e-22	2.26e-16	1.29e-11	1.72e-06	3.26e-03	9.97e-01	0.00e+00	0.00e+00	0.00e+00	0.00e+00	0.00e+00	1.54e-80
 1.83593e+22	1.86e-29	4.92e-22	2.55e-16	1.40e-11	1.83e-06	3.38e-03	9.97e-01	0.00e+00	0.00e+00	0.00e+00	0.00e+00	0.00e+00	9.05e-80
 1.86651e+22	2.27e-29	5.77e-22	2.87e-16	1.51e-11	1.95e-06	3.50e-03	9.96e-01	0.00e+00	0.00e+00	0.00e+00	0.00e+00	0.00e+00	1.63e-79
 1.90625e+22	2.93e-29	7.08e-22	3.34e-16	1.67e-11	2.11e-06	3.66e-03	9.96e-01	0.00e+00	0.00e+00	0.00e+00	0.00e+00	0.00e+00	1.74e-79
 1.94376e+22	3.76e-29	8.63e-22	3.87e-16	1.83e-11	2.28e-06	3.82e-03	9.96e-01	0.00e+00	0.00e+00	0.00e+00	0.00e+00	0.00e+00	1.75e-79
 1.96947e+22	4.41e-29	9.81e-22	4.26e-16	1.96e-11	2.40e-06	3.92e-03	9.96e-01	0.00e+00	0.00e+00	0.00e+00	0.00e+00	0.00e+00	1.02e-78
 1.99397e+22	5.16e-29	1.11e-21	4.68e-16	2.08e-11	2.52e-06	4.03e-03	9.96e-01	0.00e+00	0.00e+00	0.00e+00	0.00e+00	0.00e+00	1.61e-78
 2.02583e+22	6.32e-29	1.31e-21	5.27e-16	2.25e-11	2.68e-06	4.17e-03	9.96e-01	0.00e+00	0.00e+00	0.00e+00	0.00e+00	0.00e+00	1.40e-78
 2.06073e+22	7.87e-29	1.56e-21	6.01e-16	2.45e-11	2.87e-06	4.33e-03	9.96e-01	0.00e+00	0.00e+00	0.00e+00	0.00e+00	0.00e+00	8.84e-78
 2.08986e+22	9.45e-29	1.80e-21	6.71e-16	2.64e-11	3.04e-06	4.47e-03	9.96e-01	0.00e+00	0.00e+00	0.00e+00	0.00e+00	0.00e+00	1.42e-77
 2.11312e+22	1.09e-28	2.02e-21	7.31e-16	2.79e-11	3.18e-06	4.58e-03	9.95e-01	0.00e+00	0.00e+00	0.00e+00	0.00e+00	0.00e+00	2.05e-77
 2.13845e+22	1.28e-28	2.29e-21	8.04e-16	2.97e-11	3.34e-06	4.70e-03	9.95e-01	0.00e+00	0.00e+00	0.00e+00	0.00e+00	0.00e+00	3.09e-77
 2.17137e+22	1.55e-28	2.68e-21	9.04e-16	3.21e-11	3.54e-06	4.86e-03	9.95e-01	0.00e+00	0.00e+00	0.00e+00	0.00e+00	0.00e+00	5.09e-77
 2.20633e+22	1.94e-28	3.20e-21	1.03e-15	3.50e-11	3.79e-06	5.04e-03	9.95e-01	0.00e+00	0.00e+00	0.00e+00	0.00e+00	0.00e+00	9.00e-77
 2.23537e+22	2.31e-28	3.69e-21	1.15e-15	3.76e-11	4.01e-06	5.19e-03	9.95e-01	0.00e+00	0.00e+00	0.00e+00	0.00e+00	0.00e+00	1.42e-76
 2.26071e+22	2.70e-28	4.18e-21	1.26e-15	4.00e-11	4.21e-06	5.33e-03	9.95e-01	0.00e+00	0.00e+00	0.00e+00	0.00e+00	0.00e+00	2.11e-76
 2.28984e+22	3.22e-28	4.81e-21	1.40e-15	4.29e-11	4.44e-06	5.48e-03	9.95e-01	0.00e+00	0.00e+00	0.00e+00	0.00e+00	0.00e+00	3.30e-76
 2.32771e+22	4.03e-28	5.77e-21	1.61e-15	4.71e-11	4.76e-06	5.69e-03	9.94e-01	0.00e+00	0.00e+00	0.00e+00	0.00e+00	0.00e+00	5.85e-76
 2.36444e+22	5.08e-28	6.94e-21	1.85e-15	5.16e-11	5.12e-06	5.91e-03	9.94e-01	0.00e+00	0.00e+00	0.00e+00	0.00e+00	0.00e+00	1.05e-75
 2.39083e+22	5.92e-28	7.86e-21	2.03e-15	5.50e-11	5.37e-06	6.06e-03	9.94e-01	0.00e+00	0.00e+00	0.00e+00	0.00e+00	0.00e+00	1.55e-75
 2.41625e+22	6.92e-28	8.91e-21	2.23e-15	5.86e-11	5.63e-06	6.21e-03	9.94e-01	0.00e+00	0.00e+00	0.00e+00	0.00e+00	0.00e+00	2.29e-75
 2.44929e+22	8.40e-28	1.04e-20	2.51e-15	6.35e-11	5.98e-06	6.41e-03	9.94e-01	0.00e+00	0.00e+00	0.00e+00	0.00e+00	0.00e+00	3.73e-75
 2.48506e+22	1.04e-27	1.24e-20	2.87e-15	6.94e-11	6.39e-06	6.63e-03	9.93e-01	0.00e+00	0.00e+00	0.00e+00	0.00e+00	0.00e+00	6.41e-75
 2.51636e+22	1.26e-27	1.44e-20	3.22e-15	7.50e-11	6.77e-06	6.84e-03	9.93e-01	0.00e+00	0.00e+00	0.00e+00	0.00e+00	0.00e+00	1.03e-74
 2.54450e+22	1.49e-27	1.66e-20	3.57e-15	8.04e-11	7.13e-06	7.02e-03	9.93e-01	0.00e+00	0.00e+00	0.00e+00	0.00e+00	0.00e+00	1.56e-74
 2.57656e+22	1.80e-27	1.93e-20	4.02e-15	8.70e-11	7.56e-06	7.24e-03	9.93e-01	0.00e+00	0.00e+00	0.00e+00	0.00e+00	0.00e+00	2.51e-74
 2.61824e+22	2.31e-27	2.36e-20	4.68e-15	9.65e-11	8.15e-06	7.53e-03	9.92e-01	0.00e+00	0.00e+00	0.00e+00	0.00e+00	0.00e+00	4.63e-74
 2.65839e+22	2.95e-27	2.88e-20	5.45e-15	1.07e-10	8.79e-06	7.82e-03	9.92e-01	0.00e+00	0.00e+00	0.00e+00	0.00e+00	0.00e+00	8.47e-74
 2.68723e+22	3.52e-27	3.32e-20	6.07e-15	1.15e-10	9.27e-06	8.03e-03	9.92e-01	0.00e+00	0.00e+00	0.00e+00	0.00e+00	0.00e+00	1.30e-73
 2.71538e+22	4.16e-27	3.81e-20	6.74e-15	1.24e-10	9.75e-06	8.25e-03	9.92e-01	0.00e+00	0.00e+00	0.00e+00	0.00e+00	0.00e+00	1.96e-73
 2.75197e+22	5.18e-27	4.55e-20	7.72e-15	1.36e-10	1.04e-05	8.53e-03	9.91e-01	0.00e+00	0.00e+00	0.00e+00	0.00e+00	0.00e+00	3.35e-73
 2.79023e+22	6.54e-27	5.50e-20	8.93e-15	1.50e-10	1.12e-05	8.84e-03	9.91e-01	0.00e+00	0.00e+00	0.00e+00	0.00e+00	0.00e+00	5.91e-73
 2.82212e+22	7.99e-27	6.47e-20	1.01e-14	1.63e-10	1.19e-05	9.11e-03	9.91e-01	0.00e+00	0.00e+00	0.00e+00	0.00e+00	0.00e+00	9.60e-73
 2.85059e+22	9.44e-27	7.41e-20	1.12e-14	1.75e-10	1.25e-05	9.35e-03	9.91e-01	0.00e+00	0.00e+00	0.00e+00	0.00e+00	0.00e+00	1.44e-72
 2.88317e+22	1.15e-26	8.70e-20	1.27e-14	1.91e-10	1.32e-05	9.63e-03	9.90e-01	0.00e+00	0.00e+00	0.00e+00	0.00e+00	0.00e+00	2.30e-72
 2.92553e+22	1.48e-26	1.07e-19	1.49e-14	2.13e-10	1.43e-05	1.00e-02	9.90e-01	0.00e+00	0.00e+00	0.00e+00	0.00e+00	0.00e+00	4.23e-72
 2.96825e+22	1.92e-26	1.33e-19	1.76e-14	2.39e-10	1.55e-05	1.04e-02	9.90e-01	0.00e+00	0.00e+00	0.00e+00	0.00e+00	0.00e+00	7.93e-72
 3.00151e+22	2.38e-26	1.58e-19	2.01e-14	2.62e-10	1.65e-05	1.07e-02	9.89e-01	0.00e+00	0.00e+00	0.00e+00	0.00e+00	0.00e+00	1.32e-71
 3.03478e+22	2.91e-26	1.86e-19	2.28e-14	2.86e-10	1.75e-05	1.11e-02	9.89e-01	0.00e+00	0.00e+00	0.00e+00	0.00e+00	0.00e+00	2.11e-71
 3.07803e+22	3.73e-26	2.29e-19	2.68e-14	3.19e-10	1.89e-05	1.15e-02	9.88e-01	0.00e+00	0.00e+00	0.00e+00	0.00e+00	0.00e+00	3.83e-71
 3.12333e+22	4.92e-26	2.87e-19	3.19e-14	3.61e-10	2.05e-05	1.20e-02	9.88e-01	0.00e+00	0.00e+00	0.00e+00	0.00e+00	0.00e+00	7.36e-71
 3.16065e+22	6.19e-26	3.46e-19	3.70e-14	3.99e-10	2.19e-05	1.24e-02	9.88e-01	0.00e+00	0.00e+00	0.00e+00	0.00e+00	0.00e+00	1.26e-70
 3.19315e+22	7.58e-26	4.09e-19	4.20e-14	4.37e-10	2.33e-05	1.27e-02	9.87e-01	0.00e+00	0.00e+00	0.00e+00	0.00e+00	0.00e+00	2.03e-70
 3.22999e+22	9.33e-26	4.86e-19	4.81e-14	4.80e-10	2.48e-05	1.31e-02	9.87e-01	0.00e+00	0.00e+00	0.00e+00	0.00e+00	0.00e+00	3.30e-70
 3.27788e+22	1.23e-25	6.11e-19	5.75e-14	5.43e-10	2.69e-05	1.37e-02	9.86e-01	0.00e+00	0.00e+00	0.00e+00	0.00e+00	0.00e+00	6.33e-70
 3.32797e+22	1.66e-25	7.81e-19	6.96e-14	6.21e-10	2.94e-05	1.43e-02	9.86e-01	0.00e+00	0.00e+00	0.00e+00	0.00e+00	0.00e+00	1.26e-69
 3.36756e+22	2.09e-25	9.48e-19	8.09e-14	6.90e-10	3.15e-05	1.48e-02	9.85e-01	0.00e+00	0.00e+00	0.00e+00	0.00e+00	0.00e+00	2.18e-69
 3.39952e+22	2.53e-25	1.11e-18	9.15e-14	7.52e-10	3.33e-05	1.52e-02	9.85e-01	0.00e+00	0.00e+00	0.00e+00	0.00e+00	0.00e+00	3.38e-69
 3.43491e+22	3.06e-25	1.30e-18	1.03e-13	8.20e-10	3.53e-05	1.57e-02	9.84e-01	0.00e+00	0.00e+00	0.00e+00	0.00e+00	0.00e+00	5.25e-69
 3.48091e+22	3.93e-25	1.60e-18	1.22e-13	9.20e-10	3.80e-05	1.62e-02	9.84e-01	0.00e+00	0.00e+00	0.00e+00	0.00e+00	0.00e+00	9.40e-69
 3.52993e+22	5.15e-25	2.00e-18	1.45e-13	1.04e-09	4.12e-05	1.69e-02	9.83e-01	0.00e+00	0.00e+00	0.00e+00	0.00e+00	0.00e+00	1.76e-68
 3.57198e+22	6.46e-25	2.42e-18	1.69e-13	1.16e-09	4.42e-05	1.75e-02	9.82e-01	0.00e+00	0.00e+00	0.00e+00	0.00e+00	0.00e+00	2.97e-68
 3.61577e+22	8.09e-25	2.92e-18	1.96e-13	1.28e-09	4.73e-05	1.81e-02	9.82e-01	0.00e+00	0.00e+00	0.00e+00	0.00e+00	0.00e+00	4.99e-68
 3.67271e+22	1.08e-24	3.72e-18	2.36e-13	1.46e-09	5.16e-05	1.89e-02	9.81e-01	0.00e+00	0.00e+00	0.00e+00	0.00e+00	0.00e+00	9.65e-68
 3.73071e+22	1.44e-24	4.76e-18	2.87e-13	1.68e-09	5.64e-05	1.97e-02	9.80e-01	0.00e+00	0.00e+00	0.00e+00	0.00e+00	0.00e+00	1.90e-67
 3.77694e+22	1.81e-24	5.76e-18	3.33e-13	1.87e-09	6.04e-05	2.04e-02	9.80e-01	0.00e+00	0.00e+00	0.00e+00	0.00e+00	0.00e+00	3.20e-67
 3.82386e+22	2.24e-24	6.91e-18	3.85e-13	2.07e-09	6.46e-05	2.11e-02	9.79e-01	0.00e+00	0.00e+00	0.00e+00	0.00e+00	0.00e+00	5.27e-67
 3.88486e+22	2.95e-24	8.72e-18	4.62e-13	2.36e-09	7.03e-05	2.20e-02	9.78e-01	0.00e+00	0.00e+00	0.00e+00	0.00e+00	0.00e+00	9.93e-67
 3.94918e+22	3.93e-24	1.11e-17	5.61e-13	2.71e-09	7.69e-05	2.29e-02	9.77e-01	0.00e+00	0.00e+00	0.00e+00	0.00e+00	0.00e+00	1.93e-66
 4.00360e+22	4.97e-24	1.36e-17	6.58e-13	3.03e-09	8.28e-05	2.38e-02	9.76e-01	0.00e+00	0.00e+00	0.00e+00	0.00e+00	0.00e+00	3.32e-66
 4.05104e+22	6.07e-24	1.62e-17	7.53e-13	3.34e-09	8.82e-05	2.45e-02	9.75e-01	0.00e+00	0.00e+00	0.00e+00	0.00e+00	0.00e+00	5.28e-66
 4.10360e+22	7.46e-24	1.93e-17	8.67e-13	3.69e-09	9.42e-05	2.53e-02	9.75e-01	0.00e+00	0.00e+00	0.00e+00	0.00e+00	0.00e+00	8.53e-66
 4.17192e+22	9.68e-24	2.42e-17	1.04e-12	4.20e-09	1.02e-04	2.64e-02	9.74e-01	0.00e+00	0.00e+00	0.00e+00	0.00e+00	0.00e+00	1.57e-65
 4.24077e+22	1.26e-23	3.05e-17	1.25e-12	4.79e-09	1.12e-04	2.75e-02	9.72e-01	0.00e+00	0.00e+00	0.00e+00	0.00e+00	0.00e+00	2.90e-65
 4.29440e+22	1.55e-23	3.65e-17	1.44e-12	5.30e-09	1.19e-04	2.84e-02	9.71e-01	0.00e+00	0.00e+00	0.00e+00	0.00e+00	0.00e+00	4.68e-65
 4.34822e+22	1.86e-23	4.30e-17	1.64e-12	5.82e-09	1.27e-04	2.93e-02	9.71e-01	0.00e+00	0.00e+00	0.00e+00	0.00e+00	0.00e+00	7.24e-65
 4.41820e+22	2.34e-23	5.26e-17	1.92e-12	6.54e-09	1.37e-04	3.04e-02	9.69e-01	0.00e+00	0.00e+00	0.00e+00	5.26e-17	3.12e-21	1.24e-64
 4.49359e+22	3.00e-23	6.57e-17	2.30e-12	7.43e-09	1.49e-04	3.17e-02	9.68e-01	0.00e+00	0.00e+00	0.00e+00	6.57e-17	3.88e-21	2.23e-64
 4.55901e+22	3.70e-23	7.95e-17	2.68e-12	8.29e-09	1.60e-04	3.28e-02	9.67e-01	0.00e+00	0.00e+00	0.00e+00	7.95e-17	4.68e-21	3.68e-64
 4.61803e+22	4.46e-23	9.41e-17	3.06e-12	9.14e-09	1.70e-04	3.38e-02	9.66e-01	0.00e+00	0.00e+00	0.00e+00	9.40e-17	5.52e-21	5.71e-64
 4.68569e+22	5.38e-23	1.12e-16	3.52e-12	1.01e-08	1.81e-04	3.49e-02	9.65e-01	0.00e+00	0.00e+00	0.00e+00	1.12e-16	6.55e-21	9.00e-64
 4.76023e+22	6.66e-23	1.36e-16	4.12e-12	1.13e-08	1.95e-04	3.62e-02	9.64e-01	0.00e+00	0.00e+00	0.00e+00	1.36e-16	7.95e-21	1.50e-63
 4.82701e+22	8.06e-23	1.63e-16	4.75e-12	1.26e-08	2.09e-04	3.74e-02	9.62e-01	0.00e+00	0.00e+00	0.00e+00	1.63e-16	9.47e-21	2.38e-63
 4.88680e+22	9.36e-23	1.88e-16	5.33e-12	1.37e-08	2.21e-04	3.84e-02	9.61e-01	0.00e+00	0.00e+00	0.00e+00	1.88e-16	1.09e-20	3.44e-63
 4.95418e+22	1.11e-22	2.21e-16	6.06e-12	1.50e-08	2.35e-04	3.96e-02	9.60e-01	0.00e+00	0.00e+00	0.00e+00	2.21e-16	1.28e-20	5.21e-63
 5.04178e+22	1.37e-22	2.70e-16	7.12e-12	1.69e-08	2.53e-04	4.11e-02	9.59e-01	0.00e+00	0.00e+00	0.00e+00	2.70e-16	1.55e-20	8.73e-63
 5.13341e+22	1.70e-22	3.34e-16	8.45e-12	1.91e-08	2.75e-04	4.27e-02	9.57e-01	0.00e+00	0.00e+00	0.00e+00	3.34e-16	1.91e-20	1.50e-62
 5.20971e+22	2.02e-22	3.97e-16	9.71e-12	2.11e-08	2.94e-04	4.41e-02	9.56e-01	0.00e+00	0.00e+00	0.00e+00	3.97e-16	2.26e-20	2.31e-62
 5.28829e+22	2.38e-22	4.68e-16	1.11e-11	2.33e-08	3.13e-04	4.55e-02	9.54e-01	0.00e+00	0.00e+00	0.00e+00	4.68e-16	2.66e-20	3.52e-62
 5.39046e+22	2.92e-22	5.76e-16	1.31e-11	2.63e-08	3.38e-04	4.73e-02	9.52e-01	0.00e+00	0.00e+00	0.00e+00	5.76e-16	3.25e-20	5.91e-62
 5.49827e+22	3.61e-22	7.19e-16	1.56e-11	2.99e-08	3.68e-04	4.92e-02	9.50e-01	0.00e+00	0.00e+00	0.00e+00	7.19e-16	4.03e-20	1.02e-61
 5.58884e+22	4.26e-22	8.59e-16	1.81e-11	3.33e-08	3.95e-04	5.09e-02	9.49e-01	0.00e+00	0.00e+00	0.00e+00	8.59e-16	4.80e-20	1.59e-61
 5.66673e+22	4.89e-22	9.97e-16	2.04e-11	3.63e-08	4.18e-04	5.23e-02	9.47e-01	0.00e+00	0.00e+00	0.00e+00	9.97e-16	5.55e-20	2.29e-61
 5.75270e+22	5.64e-22	1.16e-15	2.30e-11	3.97e-08	4.43e-04	5.39e-02	9.46e-01	0.00e+00	0.00e+00	0.00e+00	1.16e-15	6.43e-20	3.35e-61
 5.86447e+22	6.76e-22	1.41e-15	2.70e-11	4.47e-08	4.78e-04	5.59e-02	9.44e-01	0.00e+00	0.00e+00	0.00e+00	1.41e-15	7.77e-20	5.42e-61
 5.98307e+22	8.12e-22	1.74e-15	3.19e-11	5.05e-08	5.18e-04	5.81e-02	9.41e-01	0.00e+00	0.00e+00	0.00e+00	1.74e-15	9.52e-20	8.99e-61
 6.08459e+22	9.43e-22	2.07e-15	3.67e-11	5.60e-08	5.54e-04	6.00e-02	9.39e-01	0.00e+00	0.00e+00	0.00e+00	2.07e-15	1.13e-19	1.36e-60
 6.19061e+22	1.09e-21	2.45e-15	4.20e-11	6.18e-08	5.91e-04	6.19e-02	9.38e-01	0.00e+00	0.00e+00	0.00e+00	2.45e-15	1.32e-19	2.05e-60
 6.32844e+22	1.30e-21	3.00e-15	4.96e-11	6.98e-08	6.40e-04	6.43e-02	9.35e-01	0.00e+00	0.00e+00	0.00e+00	3.00e-15	1.61e-19	3.36e-60
 6.47621e+22	1.58e-21	3.78e-15	5.98e-11	8.01e-08	7.00e-04	6.71e-02	9.32e-01	0.00e+00	0.00e+00	0.00e+00	3.78e-15	2.01e-19	5.82e-60
 6.60397e+22	1.83e-21	4.57e-15	6.96e-11	8.97e-08	7.53e-04	6.95e-02	9.30e-01	0.00e+00	0.00e+00	0.00e+00	4.57e-15	2.41e-19	9.13e-60
 6.73711e+22	2.13e-21	5.49e-15	8.08e-11	1.00e-07	8.09e-04	7.19e-02	9.27e-01	0.00e+00	0.00e+00	0.00e+00	5.49e-15	2.87e-19	1.41e-59
 6.88510e+22	2.49e-21	6.69e-15	9.47e-11	1.13e-07	8.74e-04	7.46e-02	9.25e-01	0.00e+00	0.00e+00	0.00e+00	6.69e-15	3.47e-19	2.27e-59
 7.02280e+22	2.88e-21	8.09e-15	1.10e-10	1.26e-07	9.40e-04	7.73e-02	9.22e-01	0.00e+00	0.00e+00	0.00e+00	8.09e-15	4.16e-19	3.53e-59
 7.15142e+22	3.27e-21	9.52e-15	1.26e-10	1.39e-07	1.00e-03	7.97e-02	9.19e-01	0.00e+00	0.00e+00	0.00e+00	9.52e-15	4.86e-19	5.19e-59
 7.29780e+22	3.78e-21	1.14e-14	1.46e-10	1.55e-07	1.07e-03	8.24e-02	9.17e-01	0.00e+00	0.00e+00	0.00e+00	1.14e-14	5.76e-19	7.97e-59
 7.46257e+22	4.37e-21	1.39e-14	1.71e-10	1.74e-07	1.16e-03	8.54e-02	9.13e-01	0.00e+00	0.00e+00	0.00e+00	1.39e-14	6.95e-19	1.27e-58
 7.61813e+22	5.01e-21	1.67e-14	1.98e-10	1.94e-07	1.25e-03	8.83e-02	9.10e-01	0.00e+00	0.00e+00	0.00e+00	1.67e-14	8.26e-19	1.95e-58
 7.76392e+22	5.63e-21	1.96e-14	2.26e-10	2.14e-07	1.33e-03	9.10e-02	9.08e-01	0.00e+00	0.00e+00	0.00e+00	1.96e-14	9.63e-19	2.85e-58
 7.93011e+22	6.48e-21	2.35e-14	2.62e-10	2.38e-07	1.42e-03	9.41e-02	9.04e-01	0.00e+00	0.00e+00	0.00e+00	2.35e-14	1.14e-18	4.37e-58
 8.14615e+22	7.56e-21	2.90e-14	3.10e-10	2.71e-07	1.55e-03	9.78e-02	9.01e-01	0.00e+00	0.00e+00	0.00e+00	2.90e-14	1.39e-18	7.23e-58
 8.37129e+22	8.98e-21	3.69e-14	3.77e-10	3.12e-07	1.70e-03	1.02e-01	8.96e-01	0.00e+00	0.00e+00	0.00e+00	3.69e-14	1.74e-18	1.27e-57
 8.55287e+22	1.02e-20	4.42e-14	4.36e-10	3.48e-07	1.82e-03	1.06e-01	8.93e-01	0.00e+00	0.00e+00	0.00e+00	4.42e-14	2.07e-18	1.94e-57
 8.73356e+22	1.15e-20	5.24e-14	5.00e-10	3.85e-07	1.94e-03	1.09e-01	8.89e-01	0.00e+00	0.00e+00	0.00e+00	5.24e-14	2.42e-18	2.89e-57
 8.96845e+22	1.33e-20	6.42e-14	5.90e-10	4.35e-07	2.10e-03	1.13e-01	8.85e-01	0.00e+00	0.00e+00	0.00e+00	6.42e-14	2.92e-18	4.69e-57
 9.22469e+22	1.57e-20	8.11e-14	7.13e-10	5.01e-07	2.30e-03	1.18e-01	8.80e-01	0.00e+00	0.00e+00	0.00e+00	8.11e-14	3.63e-18	8.11e-57
 9.45020e+22	1.80e-20	9.90e-14	8.38e-10	5.64e-07	2.49e-03	1.22e-01	8.75e-01	0.00e+00	0.00e+00	0.00e+00	9.90e-14	4.38e-18	1.30e-56
 9.65348e+22	2.01e-20	1.17e-13	9.57e-10	6.23e-07	2.65e-03	1.26e-01	8.71e-01	0.00e+00	0.00e+00	0.00e+00	1.17e-13	5.09e-18	1.91e-56
 9.88632e+22	2.30e-20	1.40e-13	1.11e-09	6.96e-07	2.85e-03	1.30e-01	8.67e-01	0.00e+00	0.00e+00	0.00e+00	1.40e-13	6.03e-18	2.96e-56
 1.01424e+23	2.63e-20	1.71e-13	1.31e-09	7.84e-07	3.08e-03	1.35e-01	8.62e-01	0.00e+00	0.00e+00	0.00e+00	1.71e-13	7.24e-18	4.73e-56
 1.03741e+23	2.97e-20	2.05e-13	1.51e-09	8.74e-07	3.30e-03	1.39e-01	8.57e-01	0.00e+00	0.00e+00	0.00e+00	2.05e-13	8.55e-18	7.23e-56
 1.05867e+23	3.28e-20	2.38e-13	1.71e-09	9.57e-07	3.50e-03	1.43e-01	8.54e-01	0.00e+00	0.00e+00	0.00e+00	2.38e-13	9.82e-18	1.04e-55
 1.08291e+23	3.69e-20	2.81e-13	1.96e-09	1.06e-06	3.73e-03	1.47e-01	8.49e-01	0.00e+00	0.00e+00	0.00e+00	2.81e-13	1.14e-17	1.54e-55
 1.11443e+23	4.17e-20	3.41e-13	2.29e-09	1.19e-06	4.02e-03	1.52e-01	8.44e-01	0.00e+00	0.00e+00	0.00e+00	3.41e-13	1.35e-17	2.44e-55
 1.14883e+23	4.82e-20	4.27e-13	2.75e-09	1.36e-06	4.38e-03	1.58e-01	8.37e-01	0.00e+00	0.00e+00	0.00e+00	4.27e-13	1.66e-17	4.15e-55
 1.17898e+23	5.46e-20	5.19e-13	3.23e-09	1.53e-06	4.73e-03	1.64e-01	8.31e-01	0.00e+00	0.00e+00	0.00e+00	5.19e-13	1.98e-17	6.61e-55
 1.20559e+23	6.06e-20	6.12e-13	3.70e-09	1.69e-06	5.04e-03	1.69e-01	8.26e-01	0.00e+00	0.00e+00	0.00e+00	6.12e-13	2.30e-17	9.75e-55
 1.23558e+23	6.77e-20	7.20e-13	4.22e-09	1.87e-06	5.37e-03	1.74e-01	8.21e-01	0.00e+00	0.00e+00	0.00e+00	7.20e-13	2.65e-17	1.44e-54
 1.27456e+23	7.53e-20	8.72e-13	4.94e-09	2.10e-06	5.78e-03	1.79e-01	8.15e-01	0.00e+00	0.00e+00	0.00e+00	8.72e-13	3.13e-17	2.26e-54
 1.32314e+23	8.62e-20	1.10e-12	5.96e-09	2.41e-06	6.32e-03	1.87e-01	8.07e-01	0.00e+00	0.00e+00	0.00e+00	1.10e-12	3.81e-17	3.93e-54
 1.37229e+23	9.95e-20	1.41e-12	7.33e-09	2.81e-06	6.97e-03	1.95e-01	7.98e-01	0.00e+00	0.00e+00	0.00e+00	1.41e-12	4.76e-17	7.14e-54
 1.41286e+23	1.11e-19	1.73e-12	8.65e-09	3.18e-06	7.54e-03	2.02e-01	7.91e-01	0.00e+00	0.00e+00	0.00e+00	1.73e-12	5.69e-17	1.16e-53
 1.45420e+23	1.20e-19	2.03e-12	9.87e-09	3.51e-06	8.02e-03	2.07e-01	7.85e-01	0.00e+00	0.00e+00	0.00e+00	2.03e-12	6.49e-17	1.69e-53
 1.50774e+23	1.31e-19	2.45e-12	1.15e-08	3.94e-06	8.63e-03	2.14e-01	7.78e-01	0.00e+00	0.00e+00	0.00e+00	2.45e-12	7.56e-17	2.65e-53
 1.56928e+23	1.46e-19	3.10e-12	1.40e-08	4.56e-06	9.45e-03	2.22e-01	7.68e-01	0.00e+00	0.00e+00	0.00e+00	3.10e-12	9.20e-17	4.59e-53
 1.62882e+23	1.62e-19	3.87e-12	1.68e-08	5.22e-06	1.03e-02	2.31e-01	7.59e-01	0.00e+00	0.00e+00	0.00e+00	3.87e-12	1.11e-16	7.75e-53
 1.68414e+23	1.70e-19	4.64e-12	1.96e-08	5.84e-06	1.11e-02	2.38e-01	7.51e-01	0.00e+00	0.00e+00	0.00e+00	4.64e-12	1.29e-16	1.18e-52
 1.74614e+23	1.76e-19	5.48e-12	2.25e-08	6.48e-06	1.18e-02	2.44e-01	7.44e-01	0.00e+00	0.00e+00	0.00e+00	5.48e-12	1.46e-16	1.74e-52
 1.81722e+23	1.82e-19	6.63e-12	2.64e-08	7.30e-06	1.27e-02	2.52e-01	7.35e-01	0.00e+00	0.00e+00	0.00e+00	6.63e-12	1.69e-16	2.72e-52
 1.89114e+23	1.85e-19	7.92e-12	3.06e-08	8.15e-06	1.36e-02	2.59e-01	7.27e-01	0.00e+00	0.00e+00	0.00e+00	7.92e-12	1.92e-16	4.13e-52
 1.96802e+23	1.89e-19	9.40e-12	3.53e-08	9.08e-06	1.46e-02	2.67e-01	7.19e-01	0.00e+00	0.00e+00	0.00e+00	9.40e-12	2.17e-16	6.14e-52
 2.04798e+23	1.81e-19	1.10e-11	4.02e-08	1.00e-05	1.55e-02	2.73e-01	7.11e-01	0.00e+00	0.00e+00	0.00e+00	1.10e-11	2.41e-16	8.78e-52
 2.13113e+23	1.75e-19	1.27e-11	4.54e-08	1.10e-05	1.64e-02	2.79e-01	7.04e-01	0.00e+00	0.00e+00	0.00e+00	1.27e-11	2.64e-16	1.22e-51
 2.21759e+23	1.68e-19	1.44e-11	5.06e-08	1.19e-05	1.72e-02	2.85e-01	6.98e-01	0.00e+00	0.00e+00	0.00e+00	1.44e-11	2.85e-16	1.65e-51
 2.30131e+23	1.58e-19	1.64e-11	5.64e-08	1.29e-05	1.81e-02	2.91e-01	6.91e-01	0.00e+00	0.00e+00	0.00e+00	1.64e-11	3.08e-16	2.22e-51
 2.37666e+23	1.54e-19	1.80e-11	6.12e-08	1.37e-05	1.88e-02	2.95e-01	6.86e-01	0.00e+00	0.00e+00	0.00e+00	1.80e-11	3.24e-16	2.79e-51
 2.44448e+23	1.44e-19	1.97e-11	6.58e-08	1.45e-05	1.94e-02	2.99e-01	6.81e-01	0.00e+00	0.00e+00	0.00e+00	1.97e-11	3.39e-16	3.40e-51
 2.50551e+23	1.37e-19	2.11e-11	6.99e-08	1.52e-05	2.00e-02	3.03e-01	6.77e-01	0.00e+00	0.00e+00	0.00e+00	2.11e-11	3.52e-16	4.00e-51
 2.56044e+23	1.30e-19	2.23e-11	7.31e-08	1.57e-05	2.04e-02	3.05e-01	6.74e-01	0.00e+00	0.00e+00	0.00e+00	2.23e-11	3.58e-16	4.52e-51
 2.60988e+23	1.25e-19	2.33e-11	7.60e-08	1.61e-05	2.08e-02	3.07e-01	6.72e-01	0.00e+00	0.00e+00	0.00e+00	2.33e-11	3.64e-16	5.02e-51
 2.65437e+23	1.21e-19	2.42e-11	7.84e-08	1.65e-05	2.11e-02	3.09e-01	6.70e-01	0.00e+00	0.00e+00	0.00e+00	2.42e-11	3.68e-16	5.44e-51
 2.69442e+23	1.17e-19	2.49e-11	8.03e-08	1.68e-05	2.13e-02	3.10e-01	6.68e-01	0.00e+00	0.00e+00	0.00e+00	2.49e-11	3.69e-16	5.81e-51
 2.73046e+23	1.13e-19	2.55e-11	8.21e-08	1.71e-05	2.15e-02	3.12e-01	6.67e-01	0.00e+00	0.00e+00	0.00e+00	2.55e-11	3.71e-16	6.16e-51
 2.76289e+23	1.10e-19	2.61e-11	8.37e-08	1.74e-05	2.17e-02	3.13e-01	6.66e-01	0.00e+00	0.00e+00	0.00e+00	2.61e-11	3.72e-16	6.49e-51
 2.79353e+23	1.06e-19	2.64e-11	8.45e-08	1.75e-05	2.18e-02	3.13e-01	6.65e-01	0.00e+00	0.00e+00	0.00e+00	2.64e-11	3.69e-16	6.66e-51
 2.82408e+23	1.02e-19	2.66e-11	8.50e-08	1.76e-05	2.19e-02	3.14e-01	6.65e-01	0.00e+00	0.00e+00	0.00e+00	2.66e-11	3.64e-16	6.79e-51
 2.85463e+23	9.96e-20	2.68e-11	8.57e-08	1.77e-05	2.20e-02	3.14e-01	6.64e-01	0.00e+00	0.00e+00	0.00e+00	2.68e-11	3.61e-16	6.93e-51
 2.88518e+23	9.60e-20	2.72e-11	8.66e-08	1.78e-05	2.21e-02	3.15e-01	6.63e-01	0.00e+00	0.00e+00	0.00e+00	2.72e-11	3.58e-16	7.11e-51
 2.91572e+23	9.29e-20	2.73e-11	8.68e-08	1.79e-05	2.21e-02	3.15e-01	6.63e-01	0.00e+00	0.00e+00	0.00e+00	2.73e-11	3.52e-16	7.19e-51
 2.94627e+23	8.99e-20	2.74e-11	8.72e-08	1.79e-05	2.22e-02	3.15e-01	6.63e-01	0.00e+00	0.00e+00	0.00e+00	2.74e-11	3.47e-16	7.25e-51
 2.97682e+23	8.67e-20	2.75e-11	8.74e-08	1.79e-05	2.22e-02	3.15e-01	6.63e-01	0.00e+00	0.00e+00	0.00e+00	2.75e-11	3.41e-16	7.29e-51
 3.00737e+23	8.38e-20	2.75e-11	8.76e-08	1.80e-05	2.22e-02	3.15e-01	6.63e-01	0.00e+00	0.00e+00	0.00e+00	2.75e-11	3.35e-16	7.33e-51
 3.03792e+23	8.10e-20	2.76e-11	8.78e-08	1.80e-05	2.22e-02	3.15e-01	6.62e-01	0.00e+00	0.00e+00	0.00e+00	2.76e-11	3.30e-16	7.38e-51
 3.05400e+23	8.29e-20	2.93e-11	9.25e-08	1.87e-05	2.28e-02	3.18e-01	6.59e-01	0.00e+00	0.00e+00	0.00e+00	2.93e-11	3.50e-16	8.45e-51
