#depth	Mg	Mg+	Mg+2	Mg+3	Mg+4	Mg+5	Mg+6	Mg+7	Mg+8	Mg+9	Mg+10	Mg+11	Mg+12
 6.17135e+19	0.00e+00	0.00e+00	0.00e+00	0.00e+00	0.00e+00	3.33e-28	4.10e-23	1.70e-18	3.65e-14	4.11e-10	8.70e-06	5.73e-03	9.94e-01
 1.87609e+20	0.00e+00	0.00e+00	0.00e+00	0.00e+00	0.00e+00	5.89e-28	6.68e-23	2.55e-18	5.03e-14	5.23e-10	1.02e-05	6.22e-03	9.94e-01
 3.18540e+20	0.00e+00	0.00e+00	0.00e+00	0.00e+00	0.00e+00	1.04e-27	1.09e-22	3.84e-18	6.95e-14	6.65e-10	1.20e-05	6.74e-03	9.93e-01
 4.54709e+20	0.00e+00	0.00e+00	0.00e+00	0.00e+00	0.00e+00	1.86e-27	1.78e-22	5.77e-18	9.61e-14	8.46e-10	1.41e-05	7.31e-03	9.93e-01
 5.74411e+20	0.00e+00	0.00e+00	0.00e+00	0.00e+00	0.00e+00	3.04e-27	2.71e-22	8.18e-18	1.27e-13	1.04e-09	1.62e-05	7.84e-03	9.92e-01
 6.66685e+20	0.00e+00	0.00e+00	0.00e+00	0.00e+00	0.00e+00	4.40e-27	3.72e-22	1.06e-17	1.56e-13	1.21e-09	1.80e-05	8.26e-03	9.92e-01
 7.48882e+20	0.00e+00	0.00e+00	0.00e+00	0.00e+00	0.00e+00	6.08e-27	4.90e-22	1.34e-17	1.87e-13	1.39e-09	1.97e-05	8.64e-03	9.91e-01
 8.41357e+20	0.00e+00	0.00e+00	0.00e+00	0.00e+00	0.00e+00	8.68e-27	6.65e-22	1.72e-17	2.28e-13	1.61e-09	2.18e-05	9.09e-03	9.91e-01
 9.61573e+20	0.00e+00	0.00e+00	0.00e+00	0.00e+00	0.00e+00	1.36e-26	9.78e-22	2.37e-17	2.94e-13	1.94e-09	2.48e-05	9.68e-03	9.90e-01
 1.08324e+21	0.00e+00	0.00e+00	0.00e+00	0.00e+00	0.00e+00	2.14e-26	1.43e-21	3.25e-17	3.78e-13	2.34e-09	2.81e-05	1.03e-02	9.90e-01
 1.17841e+21	0.00e+00	0.00e+00	0.00e+00	0.00e+00	1.13e-31	3.01e-26	1.92e-21	4.15e-17	4.58e-13	2.70e-09	3.09e-05	1.08e-02	9.89e-01
 1.27376e+21	0.00e+00	0.00e+00	0.00e+00	0.00e+00	1.66e-31	4.22e-26	2.56e-21	5.26e-17	5.54e-13	3.10e-09	3.39e-05	1.13e-02	9.89e-01
 1.39771e+21	0.00e+00	0.00e+00	0.00e+00	0.00e+00	2.73e-31	6.49e-26	3.71e-21	7.14e-17	7.04e-13	3.70e-09	3.83e-05	1.21e-02	9.88e-01
 1.52616e+21	0.00e+00	0.00e+00	0.00e+00	0.00e+00	4.51e-31	1.01e-25	5.38e-21	9.73e-17	8.99e-13	4.44e-09	4.33e-05	1.28e-02	9.87e-01
 1.63081e+21	0.00e+00	0.00e+00	0.00e+00	0.00e+00	6.73e-31	1.43e-25	7.25e-21	1.24e-16	1.09e-12	5.12e-09	4.77e-05	1.35e-02	9.86e-01
 1.73722e+21	0.00e+00	0.00e+00	0.00e+00	0.00e+00	1.01e-30	2.02e-25	9.77e-21	1.59e-16	1.33e-12	5.91e-09	5.25e-05	1.41e-02	9.86e-01
 1.84877e+21	0.00e+00	0.00e+00	0.00e+00	0.00e+00	1.53e-30	2.91e-25	1.33e-20	2.06e-16	1.62e-12	6.86e-09	5.81e-05	1.49e-02	9.85e-01
 1.94277e+21	0.00e+00	0.00e+00	0.00e+00	0.00e+00	2.15e-30	3.91e-25	1.71e-20	2.54e-16	1.91e-12	7.75e-09	6.31e-05	1.55e-02	9.84e-01
 2.04073e+21	0.00e+00	0.00e+00	0.00e+00	0.00e+00	3.06e-30	5.33e-25	2.23e-20	3.16e-16	2.27e-12	8.80e-09	6.87e-05	1.62e-02	9.84e-01
 2.16808e+21	0.00e+00	0.00e+00	0.00e+00	0.00e+00	4.81e-30	7.90e-25	3.12e-20	4.16e-16	2.83e-12	1.03e-08	7.66e-05	1.71e-02	9.83e-01
 2.29610e+21	0.00e+00	0.00e+00	0.00e+00	0.00e+00	7.54e-30	1.17e-24	4.35e-20	5.48e-16	3.51e-12	1.21e-08	8.54e-05	1.80e-02	9.82e-01
 2.39468e+21	0.00e+00	0.00e+00	0.00e+00	0.00e+00	1.06e-29	1.57e-24	5.60e-20	6.76e-16	4.14e-12	1.37e-08	9.27e-05	1.88e-02	9.81e-01
 2.49252e+21	0.00e+00	0.00e+00	0.00e+00	0.00e+00	1.48e-29	2.10e-24	7.17e-20	8.29e-16	4.86e-12	1.54e-08	1.00e-04	1.95e-02	9.80e-01
 2.61970e+21	0.00e+00	0.00e+00	0.00e+00	0.00e+00	2.27e-29	3.04e-24	9.85e-20	1.08e-15	5.97e-12	1.79e-08	1.11e-04	2.05e-02	9.79e-01
 2.75085e+21	0.00e+00	0.00e+00	0.00e+00	0.00e+00	3.50e-29	4.44e-24	1.36e-19	1.41e-15	7.37e-12	2.09e-08	1.23e-04	2.16e-02	9.78e-01
 2.85839e+21	0.00e+00	0.00e+00	0.00e+00	0.00e+00	4.98e-29	6.03e-24	1.76e-19	1.74e-15	8.72e-12	2.37e-08	1.34e-04	2.26e-02	9.77e-01
 2.94818e+21	0.00e+00	0.00e+00	0.00e+00	0.00e+00	6.72e-29	7.82e-24	2.20e-19	2.09e-15	1.01e-11	2.63e-08	1.44e-04	2.34e-02	9.76e-01
 3.04361e+21	0.00e+00	0.00e+00	0.00e+00	0.00e+00	9.06e-29	1.01e-23	2.75e-19	2.52e-15	1.16e-11	2.92e-08	1.55e-04	2.42e-02	9.76e-01
 3.16768e+21	0.00e+00	0.00e+00	0.00e+00	0.00e+00	1.34e-28	1.43e-23	3.68e-19	3.20e-15	1.41e-11	3.36e-08	1.70e-04	2.54e-02	9.74e-01
 3.29247e+21	0.00e+00	0.00e+00	0.00e+00	0.00e+00	1.99e-28	2.01e-23	4.92e-19	4.07e-15	1.70e-11	3.86e-08	1.87e-04	2.66e-02	9.73e-01
 3.39031e+21	0.00e+00	0.00e+00	0.00e+00	0.00e+00	2.69e-28	2.61e-23	6.16e-19	4.90e-15	1.96e-11	4.29e-08	2.00e-04	2.75e-02	9.72e-01
 3.48961e+21	0.00e+00	0.00e+00	0.00e+00	0.00e+00	3.65e-28	3.41e-23	7.73e-19	5.92e-15	2.27e-11	4.78e-08	2.16e-04	2.86e-02	9.71e-01
 3.61871e+21	0.00e+00	0.00e+00	0.00e+00	0.00e+00	5.41e-28	4.79e-23	1.03e-18	7.52e-15	2.75e-11	5.49e-08	2.37e-04	2.99e-02	9.70e-01
 3.74825e+21	0.00e+00	0.00e+00	0.00e+00	0.00e+00	7.99e-28	6.73e-23	1.38e-18	9.56e-15	3.31e-11	6.30e-08	2.59e-04	3.13e-02	9.68e-01
 3.84935e+21	0.00e+00	0.00e+00	0.00e+00	0.00e+00	1.08e-27	8.76e-23	1.73e-18	1.15e-14	3.83e-11	7.01e-08	2.79e-04	3.24e-02	9.67e-01
 3.95177e+21	0.00e+00	0.00e+00	0.00e+00	0.00e+00	1.46e-27	1.14e-22	2.16e-18	1.39e-14	4.43e-11	7.80e-08	2.99e-04	3.36e-02	9.66e-01
 4.08491e+21	0.00e+00	0.00e+00	0.00e+00	0.00e+00	2.15e-27	1.59e-22	2.88e-18	1.76e-14	5.34e-11	8.95e-08	3.28e-04	3.51e-02	9.65e-01
 4.21341e+21	0.00e+00	0.00e+00	0.00e+00	0.00e+00	3.13e-27	2.20e-22	3.80e-18	2.21e-14	6.39e-11	1.02e-07	3.58e-04	3.67e-02	9.63e-01
 4.30648e+21	0.00e+00	0.00e+00	0.00e+00	0.00e+00	4.09e-27	2.78e-22	4.63e-18	2.60e-14	7.26e-11	1.12e-07	3.81e-04	3.78e-02	9.62e-01
 4.39811e+21	0.00e+00	0.00e+00	0.00e+00	0.00e+00	5.30e-27	3.48e-22	5.62e-18	3.05e-14	8.23e-11	1.23e-07	4.05e-04	3.90e-02	9.61e-01
 4.51723e+21	0.00e+00	0.00e+00	0.00e+00	0.00e+00	7.42e-27	4.67e-22	7.21e-18	3.75e-14	9.67e-11	1.38e-07	4.39e-04	4.05e-02	9.59e-01
 4.64337e+21	0.00e+00	0.00e+00	0.00e+00	0.00e+00	1.06e-26	6.34e-22	9.36e-18	4.66e-14	1.15e-10	1.57e-07	4.76e-04	4.22e-02	9.57e-01
 4.75157e+21	0.00e+00	0.00e+00	0.00e+00	0.00e+00	1.42e-26	8.23e-22	1.17e-17	5.61e-14	1.32e-10	1.74e-07	5.11e-04	4.37e-02	9.56e-01
 4.84770e+21	0.00e+00	0.00e+00	0.00e+00	0.00e+00	1.86e-26	1.04e-21	1.43e-17	6.61e-14	1.51e-10	1.92e-07	5.44e-04	4.50e-02	9.54e-01
 4.95518e+21	0.00e+00	0.00e+00	0.00e+00	0.00e+00	2.48e-26	1.33e-21	1.77e-17	7.90e-14	1.73e-10	2.12e-07	5.82e-04	4.65e-02	9.53e-01
 5.09491e+21	0.00e+00	0.00e+00	0.00e+00	1.34e-31	3.62e-26	1.85e-21	2.34e-17	9.96e-14	2.08e-10	2.42e-07	6.36e-04	4.86e-02	9.51e-01
 5.23412e+21	0.00e+00	0.00e+00	0.00e+00	2.04e-31	5.25e-26	2.56e-21	3.08e-17	1.25e-13	2.49e-10	2.77e-07	6.94e-04	5.07e-02	9.49e-01
 5.34139e+21	0.00e+00	0.00e+00	0.00e+00	2.82e-31	6.98e-26	3.28e-21	3.81e-17	1.49e-13	2.85e-10	3.06e-07	7.42e-04	5.23e-02	9.47e-01
 5.43467e+21	0.00e+00	0.00e+00	0.00e+00	3.73e-31	8.93e-26	4.06e-21	4.58e-17	1.74e-13	3.21e-10	3.34e-07	7.86e-04	5.38e-02	9.45e-01
 5.54100e+21	0.00e+00	0.00e+00	0.00e+00	5.09e-31	1.17e-25	5.15e-21	5.61e-17	2.06e-13	3.67e-10	3.68e-07	8.37e-04	5.55e-02	9.44e-01
 5.67922e+21	0.00e+00	0.00e+00	0.00e+00	7.61e-31	1.67e-25	7.02e-21	7.31e-17	2.56e-13	4.35e-10	4.18e-07	9.10e-04	5.78e-02	9.41e-01
 5.81988e+21	0.00e+00	0.00e+00	0.00e+00	1.14e-30	2.40e-25	9.59e-21	9.55e-17	3.20e-13	5.18e-10	4.74e-07	9.89e-04	6.02e-02	9.39e-01
 5.93244e+21	0.00e+00	0.00e+00	0.00e+00	1.58e-30	3.19e-25	1.23e-20	1.18e-16	3.82e-13	5.94e-10	5.25e-07	1.06e-03	6.21e-02	9.37e-01
 6.04750e+21	0.00e+00	0.00e+00	0.00e+00	2.19e-30	4.25e-25	1.58e-20	1.46e-16	4.56e-13	6.83e-10	5.81e-07	1.13e-03	6.42e-02	9.35e-01
 6.19709e+21	0.00e+00	0.00e+00	0.00e+00	3.32e-30	6.14e-25	2.17e-20	1.92e-16	5.73e-13	8.16e-10	6.63e-07	1.23e-03	6.69e-02	9.32e-01
 6.34474e+21	0.00e+00	0.00e+00	0.00e+00	5.01e-30	8.81e-25	2.97e-20	2.52e-16	7.17e-13	9.73e-10	7.54e-07	1.34e-03	6.96e-02	9.29e-01
 6.45651e+21	0.00e+00	0.00e+00	0.00e+00	6.80e-30	1.15e-24	3.76e-20	3.08e-16	8.48e-13	1.11e-09	8.30e-07	1.43e-03	7.17e-02	9.27e-01
 6.56848e+21	0.00e+00	0.00e+00	0.00e+00	9.21e-30	1.51e-24	4.74e-20	3.76e-16	1.00e-12	1.26e-09	9.13e-07	1.52e-03	7.39e-02	9.25e-01
 6.71403e+21	0.00e+00	0.00e+00	0.00e+00	1.36e-29	2.12e-24	6.39e-20	4.85e-16	1.24e-12	1.49e-09	1.03e-06	1.64e-03	7.67e-02	9.22e-01
 6.86609e+21	0.00e+00	0.00e+00	0.00e+00	2.03e-29	3.02e-24	8.70e-20	6.33e-16	1.54e-12	1.77e-09	1.17e-06	1.79e-03	7.98e-02	9.18e-01
 6.99350e+21	0.00e+00	0.00e+00	0.00e+00	2.83e-29	4.05e-24	1.12e-19	7.88e-16	1.85e-12	2.04e-09	1.30e-06	1.91e-03	8.24e-02	9.16e-01
 7.12605e+21	0.00e+00	0.00e+00	0.00e+00	3.97e-29	5.46e-24	1.46e-19	9.85e-16	2.23e-12	2.37e-09	1.45e-06	2.05e-03	8.52e-02	9.13e-01
 7.27306e+21	0.00e+00	0.00e+00	0.00e+00	5.76e-29	7.59e-24	1.94e-19	1.26e-15	2.74e-12	2.78e-09	1.63e-06	2.21e-03	8.83e-02	9.09e-01
 7.40880e+21	0.00e+00	0.00e+00	0.00e+00	8.09e-29	1.02e-23	2.51e-19	1.57e-15	3.30e-12	3.21e-09	1.81e-06	2.37e-03	9.13e-02	9.06e-01
 7.53588e+21	0.00e+00	0.00e+00	0.00e+00	1.11e-28	1.36e-23	3.21e-19	1.94e-15	3.93e-12	3.69e-09	2.01e-06	2.53e-03	9.41e-02	9.03e-01
 7.68177e+21	0.00e+00	0.00e+00	0.00e+00	1.57e-28	1.84e-23	4.19e-19	2.44e-15	4.75e-12	4.28e-09	2.24e-06	2.72e-03	9.73e-02	9.00e-01
 7.84198e+21	0.00e+00	0.00e+00	0.00e+00	2.30e-28	2.57e-23	5.61e-19	3.14e-15	5.87e-12	5.04e-09	2.53e-06	2.94e-03	1.01e-01	8.96e-01
 7.98609e+21	0.00e+00	0.00e+00	0.00e+00	3.22e-28	3.46e-23	7.28e-19	3.93e-15	7.07e-12	5.84e-09	2.81e-06	3.15e-03	1.04e-01	8.93e-01
 8.11799e+21	0.00e+00	0.00e+00	0.00e+00	4.37e-28	4.52e-23	9.19e-19	4.80e-15	8.36e-12	6.66e-09	3.10e-06	3.35e-03	1.07e-01	8.89e-01
 8.26878e+21	0.00e+00	0.00e+00	0.00e+00	6.13e-28	6.10e-23	1.19e-18	6.01e-15	1.01e-11	7.71e-09	3.45e-06	3.59e-03	1.11e-01	8.86e-01
 8.43688e+21	0.00e+00	0.00e+00	0.00e+00	8.90e-28	8.48e-23	1.59e-18	7.69e-15	1.24e-11	9.06e-09	3.88e-06	3.88e-03	1.15e-01	8.81e-01
 8.58977e+21	0.00e+00	0.00e+00	0.00e+00	1.24e-27	1.14e-22	2.05e-18	9.60e-15	1.49e-11	1.05e-08	4.32e-06	4.15e-03	1.19e-01	8.77e-01
 8.72746e+21	0.00e+00	0.00e+00	0.00e+00	1.67e-27	1.47e-22	2.58e-18	1.17e-14	1.75e-11	1.19e-08	4.74e-06	4.41e-03	1.22e-01	8.74e-01
 8.88309e+21	0.00e+00	0.00e+00	0.00e+00	2.31e-27	1.96e-22	3.31e-18	1.45e-14	2.10e-11	1.37e-08	5.26e-06	4.71e-03	1.26e-01	8.70e-01
 9.08541e+21	0.00e+00	0.00e+00	0.00e+00	3.48e-27	2.83e-22	4.55e-18	1.90e-14	2.64e-11	1.64e-08	6.00e-06	5.13e-03	1.31e-01	8.64e-01
 9.29003e+21	0.00e+00	0.00e+00	0.00e+00	5.26e-27	4.07e-22	6.24e-18	2.50e-14	3.32e-11	1.96e-08	6.84e-06	5.58e-03	1.36e-01	8.59e-01
 9.45311e+21	0.00e+00	0.00e+00	0.00e+00	7.24e-27	5.40e-22	7.99e-18	3.09e-14	3.96e-11	2.25e-08	7.57e-06	5.96e-03	1.40e-01	8.54e-01
 9.62060e+21	0.00e+00	0.00e+00	0.00e+00	9.97e-27	7.15e-22	1.02e-17	3.83e-14	4.73e-11	2.59e-08	8.39e-06	6.36e-03	1.44e-01	8.49e-01
 9.83834e+21	0.00e+00	0.00e+00	0.00e+00	1.49e-26	1.02e-21	1.40e-17	5.01e-14	5.93e-11	3.09e-08	9.54e-06	6.91e-03	1.50e-01	8.43e-01
 1.00551e+22	0.00e+00	0.00e+00	0.00e+00	2.23e-26	1.45e-21	1.90e-17	6.53e-14	7.40e-11	3.67e-08	1.08e-05	7.49e-03	1.55e-01	8.37e-01
 1.02225e+22	0.00e+00	0.00e+00	0.00e+00	3.00e-26	1.90e-21	2.39e-17	7.97e-14	8.74e-11	4.19e-08	1.19e-05	7.97e-03	1.60e-01	8.32e-01
 1.03920e+22	0.00e+00	0.00e+00	1.08e-31	4.04e-26	2.46e-21	3.00e-17	9.70e-14	1.03e-10	4.76e-08	1.31e-05	8.46e-03	1.64e-01	8.28e-01
 1.06123e+22	0.00e+00	0.00e+00	1.64e-31	5.87e-26	3.43e-21	4.01e-17	1.25e-13	1.27e-10	5.61e-08	1.48e-05	9.13e-03	1.70e-01	8.21e-01
 1.08455e+22	0.00e+00	0.00e+00	2.54e-31	8.69e-26	4.85e-21	5.43e-17	1.62e-13	1.58e-10	6.66e-08	1.67e-05	9.88e-03	1.76e-01	8.14e-01
 1.10464e+22	0.00e+00	0.00e+00	3.67e-31	1.21e-25	6.48e-21	7.00e-17	2.01e-13	1.90e-10	7.68e-08	1.86e-05	1.06e-02	1.81e-01	8.08e-01
 1.12584e+22	0.00e+00	0.00e+00	5.36e-31	1.69e-25	8.73e-21	9.08e-17	2.52e-13	2.29e-10	8.90e-08	2.07e-05	1.13e-02	1.86e-01	8.02e-01
 1.14970e+22	0.00e+00	0.00e+00	8.13e-31	2.46e-25	1.21e-20	1.21e-16	3.23e-13	2.82e-10	1.05e-07	2.33e-05	1.22e-02	1.93e-01	7.95e-01
 1.17128e+22	0.00e+00	0.00e+00	1.18e-30	3.42e-25	1.63e-20	1.56e-16	4.03e-13	3.39e-10	1.21e-07	2.59e-05	1.30e-02	1.98e-01	7.89e-01
 1.19012e+22	0.00e+00	0.00e+00	1.62e-30	4.55e-25	2.09e-20	1.95e-16	4.87e-13	3.97e-10	1.37e-07	2.83e-05	1.38e-02	2.03e-01	7.83e-01
 1.21115e+22	0.00e+00	0.00e+00	2.27e-30	6.17e-25	2.74e-20	2.47e-16	5.97e-13	4.71e-10	1.57e-07	3.12e-05	1.47e-02	2.09e-01	7.76e-01
 1.23848e+22	0.00e+00	0.00e+00	3.52e-30	9.12e-25	3.88e-20	3.34e-16	7.75e-13	5.85e-10	1.86e-07	3.54e-05	1.59e-02	2.16e-01	7.68e-01
 1.26655e+22	0.00e+00	0.00e+00	5.47e-30	1.36e-24	5.50e-20	4.53e-16	1.01e-12	7.29e-10	2.21e-07	4.01e-05	1.72e-02	2.23e-01	7.60e-01
 1.28950e+22	0.00e+00	0.00e+00	7.80e-30	1.86e-24	7.28e-20	5.79e-16	1.25e-12	8.70e-10	2.53e-07	4.43e-05	1.83e-02	2.29e-01	7.52e-01
 1.31327e+22	0.00e+00	0.00e+00	1.10e-29	2.54e-24	9.60e-20	7.37e-16	1.53e-12	1.03e-09	2.90e-07	4.89e-05	1.95e-02	2.35e-01	7.45e-01
 1.34417e+22	0.00e+00	0.00e+00	1.75e-29	3.83e-24	1.38e-19	1.01e-15	2.02e-12	1.30e-09	3.47e-07	5.56e-05	2.11e-02	2.43e-01	7.35e-01
 1.37579e+22	0.00e+00	0.00e+00	2.76e-29	5.77e-24	1.98e-19	1.39e-15	2.65e-12	1.63e-09	4.15e-07	6.33e-05	2.29e-02	2.52e-01	7.26e-01
 1.40157e+22	0.00e+00	0.00e+00	3.97e-29	7.99e-24	2.64e-19	1.79e-15	3.29e-12	1.96e-09	4.78e-07	7.01e-05	2.44e-02	2.58e-01	7.17e-01
 1.42443e+22	0.00e+00	0.00e+00	5.44e-29	1.06e-23	3.40e-19	2.22e-15	3.98e-12	2.29e-09	5.40e-07	7.66e-05	2.58e-02	2.64e-01	7.10e-01
 1.45024e+22	0.00e+00	0.00e+00	7.70e-29	1.45e-23	4.47e-19	2.83e-15	4.90e-12	2.72e-09	6.18e-07	8.45e-05	2.74e-02	2.71e-01	7.02e-01
 1.48380e+22	0.00e+00	0.00e+00	1.20e-28	2.15e-23	6.35e-19	3.84e-15	6.37e-12	3.39e-09	7.34e-07	9.56e-05	2.95e-02	2.79e-01	6.91e-01
 1.51809e+22	0.00e+00	0.00e+00	1.87e-28	3.21e-23	9.05e-19	5.23e-15	8.33e-12	4.24e-09	8.73e-07	1.08e-04	3.19e-02	2.87e-01	6.81e-01
 1.54549e+22	0.00e+00	0.00e+00	2.66e-28	4.40e-23	1.19e-18	6.66e-15	1.03e-11	5.05e-09	1.00e-06	1.19e-04	3.39e-02	2.94e-01	6.72e-01
 1.57325e+22	0.00e+00	0.00e+00	3.75e-28	5.98e-23	1.57e-18	8.46e-15	1.26e-11	5.99e-09	1.14e-06	1.31e-04	3.59e-02	3.01e-01	6.63e-01
 1.60934e+22	0.00e+00	0.00e+00	5.81e-28	8.86e-23	2.22e-18	1.15e-14	1.64e-11	7.45e-09	1.36e-06	1.48e-04	3.87e-02	3.10e-01	6.52e-01
 1.64729e+22	0.00e+00	0.00e+00	9.17e-28	1.33e-22	3.19e-18	1.57e-14	2.15e-11	9.35e-09	1.62e-06	1.68e-04	4.18e-02	3.19e-01	6.39e-01
 1.67908e+22	0.00e+00	0.00e+00	1.33e-27	1.87e-22	4.29e-18	2.04e-14	2.69e-11	1.13e-08	1.87e-06	1.87e-04	4.45e-02	3.26e-01	6.29e-01
 1.70536e+22	0.00e+00	0.00e+00	1.81e-27	2.45e-22	5.47e-18	2.51e-14	3.23e-11	1.31e-08	2.10e-06	2.03e-04	4.68e-02	3.32e-01	6.21e-01
 1.73304e+22	0.00e+00	0.00e+00	2.48e-27	3.25e-22	7.02e-18	3.13e-14	3.89e-11	1.53e-08	2.37e-06	2.21e-04	4.94e-02	3.39e-01	6.12e-01
 1.76902e+22	0.00e+00	0.00e+00	3.68e-27	4.63e-22	9.60e-18	4.11e-14	4.93e-11	1.87e-08	2.77e-06	2.47e-04	5.27e-02	3.46e-01	6.01e-01
 1.80600e+22	0.00e+00	0.00e+00	5.54e-27	6.68e-22	1.33e-17	5.45e-14	6.29e-11	2.29e-08	3.24e-06	2.76e-04	5.63e-02	3.55e-01	5.89e-01
 1.83593e+22	0.00e+00	0.00e+00	7.65e-27	8.94e-22	1.72e-17	6.83e-14	7.64e-11	2.69e-08	3.67e-06	3.01e-04	5.94e-02	3.61e-01	5.79e-01
 1.86651e+22	0.00e+00	0.00e+00	1.06e-26	1.19e-21	2.22e-17	8.53e-14	9.26e-11	3.15e-08	4.15e-06	3.29e-04	6.26e-02	3.68e-01	5.70e-01
 1.90625e+22	0.00e+00	0.00e+00	1.59e-26	1.72e-21	3.07e-17	1.13e-13	1.18e-10	3.87e-08	4.87e-06	3.68e-04	6.69e-02	3.76e-01	5.57e-01
 1.94376e+22	0.00e+00	0.00e+00	2.36e-26	2.46e-21	4.20e-17	1.49e-13	1.50e-10	4.71e-08	5.67e-06	4.10e-04	7.12e-02	3.83e-01	5.45e-01
 1.96947e+22	0.00e+00	0.00e+00	3.04e-26	3.08e-21	5.13e-17	1.77e-13	1.74e-10	5.33e-08	6.24e-06	4.38e-04	7.41e-02	3.88e-01	5.37e-01
 1.99397e+22	0.00e+00	0.00e+00	3.89e-26	3.84e-21	6.24e-17	2.10e-13	2.02e-10	6.02e-08	6.86e-06	4.68e-04	7.71e-02	3.93e-01	5.30e-01
 2.02583e+22	0.00e+00	0.00e+00	5.32e-26	5.09e-21	8.01e-17	2.62e-13	2.44e-10	7.04e-08	7.74e-06	5.09e-04	8.09e-02	3.99e-01	5.20e-01
 2.06073e+22	0.00e+00	0.00e+00	7.48e-26	6.90e-21	1.05e-16	3.31e-13	2.99e-10	8.34e-08	8.82e-06	5.58e-04	8.54e-02	4.05e-01	5.09e-01
 2.08986e+22	0.00e+00	0.00e+00	9.91e-26	8.89e-21	1.31e-16	4.03e-13	3.54e-10	9.60e-08	9.82e-06	6.02e-04	8.92e-02	4.10e-01	5.00e-01
 2.11312e+22	0.00e+00	0.00e+00	1.23e-25	1.08e-20	1.56e-16	4.68e-13	4.03e-10	1.07e-07	1.07e-05	6.38e-04	9.22e-02	4.14e-01	4.93e-01
 2.13845e+22	0.00e+00	1.30e-31	1.57e-25	1.34e-20	1.89e-16	5.54e-13	4.66e-10	1.21e-07	1.17e-05	6.80e-04	9.57e-02	4.19e-01	4.85e-01
 2.17137e+22	0.00e+00	1.80e-31	2.11e-25	1.75e-20	2.39e-16	6.79e-13	5.55e-10	1.40e-07	1.31e-05	7.35e-04	1.00e-01	4.24e-01	4.75e-01
 2.20633e+22	0.00e+00	2.59e-31	2.93e-25	2.35e-20	3.11e-16	8.55e-13	6.77e-10	1.65e-07	1.49e-05	8.03e-04	1.05e-01	4.29e-01	4.65e-01
 2.23537e+22	0.00e+00	3.46e-31	3.82e-25	2.99e-20	3.84e-16	1.03e-12	7.95e-10	1.88e-07	1.65e-05	8.61e-04	1.09e-01	4.34e-01	4.56e-01
 2.26071e+22	0.00e+00	4.45e-31	4.80e-25	3.67e-20	4.61e-16	1.20e-12	9.12e-10	2.11e-07	1.80e-05	9.15e-04	1.13e-01	4.38e-01	4.48e-01
 2.28984e+22	0.00e+00	5.89e-31	6.20e-25	4.62e-20	5.65e-16	1.44e-12	1.06e-09	2.40e-07	1.99e-05	9.79e-04	1.18e-01	4.42e-01	4.40e-01
 2.32771e+22	0.00e+00	8.45e-31	8.62e-25	6.20e-20	7.35e-16	1.81e-12	1.30e-09	2.82e-07	2.25e-05	1.07e-03	1.23e-01	4.47e-01	4.29e-01
 2.36444e+22	0.00e+00	1.21e-30	1.20e-24	8.35e-20	9.56e-16	2.28e-12	1.58e-09	3.33e-07	2.56e-05	1.16e-03	1.30e-01	4.51e-01	4.18e-01
 2.39083e+22	0.00e+00	1.54e-30	1.50e-24	1.02e-19	1.14e-15	2.66e-12	1.81e-09	3.72e-07	2.78e-05	1.23e-03	1.34e-01	4.55e-01	4.10e-01
 2.41625e+22	0.00e+00	1.96e-30	1.86e-24	1.24e-19	1.36e-15	3.10e-12	2.06e-09	4.15e-07	3.03e-05	1.31e-03	1.38e-01	4.58e-01	4.03e-01
 2.44929e+22	0.00e+00	2.65e-30	2.45e-24	1.59e-19	1.69e-15	3.75e-12	2.43e-09	4.76e-07	3.36e-05	1.40e-03	1.44e-01	4.61e-01	3.94e-01
 2.48506e+22	0.00e+00	3.68e-30	3.31e-24	2.08e-19	2.15e-15	4.62e-12	2.92e-09	5.54e-07	3.78e-05	1.52e-03	1.50e-01	4.65e-01	3.84e-01
 2.51636e+22	0.00e+00	4.89e-30	4.29e-24	2.63e-19	2.65e-15	5.55e-12	3.42e-09	6.32e-07	4.18e-05	1.62e-03	1.55e-01	4.68e-01	3.75e-01
 2.54450e+22	0.00e+00	6.29e-30	5.40e-24	3.24e-19	3.19e-15	6.52e-12	3.93e-09	7.09e-07	4.56e-05	1.72e-03	1.61e-01	4.71e-01	3.67e-01
 2.57656e+22	0.00e+00	8.34e-30	6.99e-24	4.08e-19	3.92e-15	7.81e-12	4.60e-09	8.08e-07	5.04e-05	1.84e-03	1.66e-01	4.73e-01	3.58e-01
 2.61824e+22	0.00e+00	1.20e-29	9.73e-24	5.51e-19	5.11e-15	9.85e-12	5.63e-09	9.55e-07	5.73e-05	2.01e-03	1.74e-01	4.76e-01	3.47e-01
 2.65839e+22	0.00e+00	1.70e-29	1.35e-23	7.38e-19	6.63e-15	1.24e-11	6.86e-09	1.13e-06	6.49e-05	2.18e-03	1.82e-01	4.79e-01	3.36e-01
 2.68723e+22	0.00e+00	2.18e-29	1.69e-23	9.07e-19	7.97e-15	1.45e-11	7.88e-09	1.26e-06	7.09e-05	2.31e-03	1.88e-01	4.81e-01	3.29e-01
 2.71538e+22	0.00e+00	2.77e-29	2.10e-23	1.10e-18	9.51e-15	1.69e-11	9.01e-09	1.41e-06	7.72e-05	2.45e-03	1.93e-01	4.83e-01	3.21e-01
 2.75197e+22	0.00e+00	3.75e-29	2.78e-23	1.42e-18	1.19e-14	2.06e-11	1.07e-08	1.63e-06	8.61e-05	2.63e-03	2.01e-01	4.84e-01	3.12e-01
 2.79023e+22	0.00e+00	5.17e-29	3.74e-23	1.86e-18	1.51e-14	2.54e-11	1.28e-08	1.89e-06	9.66e-05	2.84e-03	2.09e-01	4.86e-01	3.02e-01
 2.82212e+22	0.00e+00	6.76e-29	4.79e-23	2.33e-18	1.85e-14	3.04e-11	1.50e-08	2.15e-06	1.07e-04	3.03e-03	2.16e-01	4.87e-01	2.94e-01
 2.85059e+22	0.00e+00	8.47e-29	5.90e-23	2.82e-18	2.19e-14	3.52e-11	1.70e-08	2.39e-06	1.15e-04	3.19e-03	2.22e-01	4.88e-01	2.87e-01
 2.88317e+22	0.00e+00	1.10e-28	7.50e-23	3.50e-18	2.67e-14	4.17e-11	1.97e-08	2.71e-06	1.27e-04	3.39e-03	2.29e-01	4.89e-01	2.79e-01
 2.92553e+22	0.00e+00	1.53e-28	1.02e-22	4.63e-18	3.42e-14	5.20e-11	2.39e-08	3.17e-06	1.43e-04	3.67e-03	2.38e-01	4.89e-01	2.69e-01
 2.96825e+22	0.00e+00	2.15e-28	1.40e-22	6.17e-18	4.43e-14	6.51e-11	2.91e-08	3.74e-06	1.62e-04	3.98e-03	2.47e-01	4.89e-01	2.59e-01
 3.00151e+22	0.00e+00	2.80e-28	1.79e-22	7.74e-18	5.43e-14	7.78e-11	3.40e-08	4.25e-06	1.79e-04	4.24e-03	2.55e-01	4.89e-01	2.51e-01
 3.03478e+22	0.00e+00	3.60e-28	2.26e-22	9.57e-18	6.57e-14	9.19e-11	3.93e-08	4.80e-06	1.96e-04	4.50e-03	2.63e-01	4.89e-01	2.44e-01
 3.07803e+22	0.00e+00	4.92e-28	3.02e-22	1.25e-17	8.35e-14	1.13e-10	4.72e-08	5.59e-06	2.20e-04	4.85e-03	2.72e-01	4.88e-01	2.35e-01
 3.12333e+22	0.00e+00	6.89e-28	4.14e-22	1.67e-17	1.08e-13	1.42e-10	5.75e-08	6.59e-06	2.50e-04	5.26e-03	2.83e-01	4.87e-01	2.25e-01
 3.16065e+22	0.00e+00	9.06e-28	5.35e-22	2.11e-17	1.34e-13	1.72e-10	6.77e-08	7.55e-06	2.77e-04	5.62e-03	2.92e-01	4.85e-01	2.17e-01
 3.19315e+22	0.00e+00	1.15e-27	6.68e-22	2.59e-17	1.61e-13	2.02e-10	7.81e-08	8.50e-06	3.03e-04	5.95e-03	3.00e-01	4.84e-01	2.10e-01
 3.22999e+22	0.00e+00	1.47e-27	8.43e-22	3.21e-17	1.96e-13	2.39e-10	9.04e-08	9.60e-06	3.33e-04	6.32e-03	3.08e-01	4.82e-01	2.03e-01
 3.27788e+22	0.00e+00	2.03e-27	1.14e-21	4.24e-17	2.52e-13	2.99e-10	1.10e-07	1.13e-05	3.76e-04	6.83e-03	3.19e-01	4.80e-01	1.94e-01
 3.32797e+22	0.00e+00	2.83e-27	1.57e-21	5.70e-17	3.29e-13	3.77e-10	1.35e-07	1.34e-05	4.28e-04	7.41e-03	3.31e-01	4.76e-01	1.84e-01
 3.36756e+22	0.00e+00	3.68e-27	2.01e-21	7.17e-17	4.06e-13	4.53e-10	1.58e-07	1.53e-05	4.74e-04	7.91e-03	3.41e-01	4.74e-01	1.77e-01
 3.39952e+22	0.00e+00	4.53e-27	2.45e-21	8.62e-17	4.80e-13	5.25e-10	1.80e-07	1.70e-05	5.15e-04	8.33e-03	3.49e-01	4.71e-01	1.71e-01
 3.43491e+22	0.00e+00	5.60e-27	3.00e-21	1.04e-16	5.68e-13	6.09e-10	2.04e-07	1.89e-05	5.59e-04	8.76e-03	3.57e-01	4.68e-01	1.66e-01
 3.48091e+22	0.00e+00	7.36e-27	3.90e-21	1.32e-16	7.09e-13	7.40e-10	2.42e-07	2.18e-05	6.22e-04	9.38e-03	3.67e-01	4.64e-01	1.58e-01
 3.52993e+22	0.00e+00	9.83e-27	5.15e-21	1.72e-16	8.99e-13	9.10e-10	2.90e-07	2.53e-05	6.98e-04	1.01e-02	3.78e-01	4.60e-01	1.51e-01
 3.57198e+22	0.00e+00	1.25e-26	6.49e-21	2.13e-16	1.10e-12	1.08e-09	3.38e-07	2.87e-05	7.68e-04	1.07e-02	3.88e-01	4.56e-01	1.45e-01
 3.61577e+22	0.00e+00	1.59e-26	8.15e-21	2.64e-16	1.33e-12	1.28e-09	3.92e-07	3.25e-05	8.44e-04	1.14e-02	3.98e-01	4.52e-01	1.39e-01
 3.67271e+22	0.00e+00	2.14e-26	1.09e-20	3.46e-16	1.71e-12	1.60e-09	4.73e-07	3.80e-05	9.52e-04	1.22e-02	4.10e-01	4.46e-01	1.31e-01
 3.73071e+22	1.70e-31	2.89e-26	1.46e-20	4.56e-16	2.19e-12	1.99e-09	5.73e-07	4.45e-05	1.08e-03	1.32e-02	4.22e-01	4.40e-01	1.24e-01
 3.77694e+22	2.25e-31	3.65e-26	1.83e-20	5.64e-16	2.67e-12	2.36e-09	6.65e-07	5.04e-05	1.18e-03	1.40e-02	4.32e-01	4.34e-01	1.18e-01
 3.82386e+22	2.92e-31	4.55e-26	2.27e-20	6.90e-16	3.21e-12	2.78e-09	7.65e-07	5.66e-05	1.29e-03	1.48e-02	4.41e-01	4.29e-01	1.13e-01
 3.88486e+22	4.08e-31	6.00e-26	2.97e-20	8.90e-16	4.06e-12	3.41e-09	9.14e-07	6.56e-05	1.45e-03	1.59e-02	4.53e-01	4.23e-01	1.07e-01
 3.94918e+22	5.77e-31	8.01e-26	3.94e-20	1.16e-15	5.18e-12	4.22e-09	1.10e-06	7.65e-05	1.63e-03	1.71e-02	4.66e-01	4.15e-01	1.00e-01
 4.00360e+22	7.66e-31	1.01e-25	4.96e-20	1.45e-15	6.34e-12	5.03e-09	1.28e-06	8.68e-05	1.79e-03	1.81e-02	4.76e-01	4.09e-01	9.54e-02
 4.05104e+22	9.72e-31	1.24e-25	6.03e-20	1.74e-15	7.51e-12	5.84e-09	1.46e-06	9.65e-05	1.94e-03	1.90e-02	4.84e-01	4.03e-01	9.13e-02
 4.10360e+22	1.25e-30	1.52e-25	7.39e-20	2.11e-15	8.96e-12	6.81e-09	1.67e-06	1.08e-04	2.11e-03	2.00e-02	4.93e-01	3.98e-01	8.71e-02
 4.17192e+22	1.70e-30	1.97e-25	9.54e-20	2.69e-15	1.12e-11	8.28e-09	1.97e-06	1.24e-04	2.35e-03	2.14e-02	5.04e-01	3.90e-01	8.20e-02
 4.24077e+22	2.33e-30	2.56e-25	1.23e-19	3.43e-15	1.40e-11	1.01e-08	2.34e-06	1.42e-04	2.62e-03	2.28e-02	5.15e-01	3.82e-01	7.70e-02
 4.29440e+22	2.96e-30	3.11e-25	1.50e-19	4.14e-15	1.67e-11	1.17e-08	2.67e-06	1.59e-04	2.84e-03	2.40e-02	5.24e-01	3.76e-01	7.33e-02
 4.34822e+22	3.70e-30	3.74e-25	1.80e-19	4.93e-15	1.96e-11	1.35e-08	3.01e-06	1.75e-04	3.07e-03	2.52e-02	5.32e-01	3.70e-01	7.00e-02
 4.41820e+22	4.88e-30	4.72e-25	2.27e-19	6.12e-15	2.39e-11	1.60e-08	3.49e-06	1.98e-04	3.37e-03	2.66e-02	5.41e-01	3.62e-01	6.61e-02
 4.49359e+22	6.57e-30	6.05e-25	2.90e-19	7.74e-15	2.96e-11	1.94e-08	4.11e-06	2.26e-04	3.72e-03	2.83e-02	5.52e-01	3.54e-01	6.20e-02
 4.55901e+22	8.47e-30	7.46e-25	3.58e-19	9.44e-15	3.56e-11	2.27e-08	4.71e-06	2.54e-04	4.06e-03	2.98e-02	5.60e-01	3.47e-01	5.86e-02
 4.61803e+22	1.05e-29	8.92e-25	4.28e-19	1.12e-14	4.17e-11	2.61e-08	5.31e-06	2.80e-04	4.38e-03	3.12e-02	5.68e-01	3.41e-01	5.58e-02
 4.68569e+22	1.33e-29	1.09e-24	5.20e-19	1.35e-14	4.94e-11	3.03e-08	6.03e-06	3.10e-04	4.73e-03	3.27e-02	5.75e-01	3.34e-01	5.29e-02
 4.76023e+22	1.73e-29	1.35e-24	6.45e-19	1.66e-14	5.97e-11	3.57e-08	6.94e-06	3.48e-04	5.16e-03	3.45e-02	5.84e-01	3.26e-01	4.98e-02
 4.82701e+22	2.17e-29	1.63e-24	7.80e-19	1.99e-14	7.06e-11	4.13e-08	7.88e-06	3.86e-04	5.59e-03	3.61e-02	5.91e-01	3.20e-01	4.72e-02
 4.88680e+22	2.63e-29	1.92e-24	9.17e-19	2.32e-14	8.13e-11	4.67e-08	8.74e-06	4.20e-04	5.95e-03	3.75e-02	5.97e-01	3.14e-01	4.51e-02
 4.95418e+22	3.25e-29	2.29e-24	1.09e-18	2.74e-14	9.47e-11	5.33e-08	9.79e-06	4.61e-04	6.38e-03	3.91e-02	6.03e-01	3.08e-01	4.29e-02
 5.04178e+22	4.23e-29	2.85e-24	1.36e-18	3.37e-14	1.15e-10	6.30e-08	1.13e-05	5.18e-04	6.97e-03	4.12e-02	6.11e-01	3.00e-01	4.02e-02
 5.13341e+22	5.58e-29	3.60e-24	1.72e-18	4.21e-14	1.41e-10	7.52e-08	1.31e-05	5.86e-04	7.64e-03	4.35e-02	6.19e-01	2.92e-01	3.76e-02
 5.20971e+22	6.98e-29	4.35e-24	2.07e-18	5.03e-14	1.66e-10	8.67e-08	1.48e-05	6.46e-04	8.23e-03	4.55e-02	6.25e-01	2.85e-01	3.55e-02
 5.28829e+22	8.66e-29	5.22e-24	2.48e-18	5.98e-14	1.94e-10	9.95e-08	1.67e-05	7.10e-04	8.83e-03	4.74e-02	6.31e-01	2.78e-01	3.36e-02
 5.39046e+22	1.13e-28	6.56e-24	3.11e-18	7.41e-14	2.36e-10	1.18e-07	1.93e-05	7.99e-04	9.64e-03	4.99e-02	6.38e-01	2.70e-01	3.14e-02
 5.49827e+22	1.51e-28	8.38e-24	3.97e-18	9.34e-14	2.92e-10	1.42e-07	2.25e-05	9.06e-04	1.06e-02	5.27e-02	6.45e-01	2.62e-01	2.91e-02
 5.58884e+22	1.91e-28	1.02e-23	4.84e-18	1.13e-13	3.46e-10	1.64e-07	2.55e-05	1.00e-03	1.14e-02	5.50e-02	6.50e-01	2.55e-01	2.74e-02
 5.66673e+22	2.32e-28	1.21e-23	5.70e-18	1.32e-13	3.99e-10	1.86e-07	2.84e-05	1.09e-03	1.21e-02	5.70e-02	6.54e-01	2.49e-01	2.60e-02
 5.75270e+22	2.84e-28	1.44e-23	6.79e-18	1.55e-13	4.63e-10	2.11e-07	3.16e-05	1.19e-03	1.29e-02	5.92e-02	6.59e-01	2.43e-01	2.47e-02
 5.86447e+22	3.66e-28	1.79e-23	8.41e-18	1.90e-13	5.58e-10	2.49e-07	3.62e-05	1.33e-03	1.40e-02	6.20e-02	6.64e-01	2.36e-01	2.30e-02
 5.98307e+22	4.81e-28	2.28e-23	1.06e-17	2.37e-13	6.82e-10	2.96e-07	4.19e-05	1.49e-03	1.53e-02	6.51e-02	6.69e-01	2.28e-01	2.14e-02
 6.08459e+22	6.03e-28	2.78e-23	1.29e-17	2.85e-13	8.06e-10	3.41e-07	4.73e-05	1.64e-03	1.64e-02	6.77e-02	6.72e-01	2.22e-01	2.01e-02
 6.19061e+22	7.52e-28	3.37e-23	1.56e-17	3.40e-13	9.48e-10	3.92e-07	5.32e-05	1.80e-03	1.75e-02	7.04e-02	6.76e-01	2.16e-01	1.89e-02
 6.32844e+22	9.93e-28	4.31e-23	1.98e-17	4.25e-13	1.16e-09	4.67e-07	6.15e-05	2.02e-03	1.91e-02	7.37e-02	6.79e-01	2.08e-01	1.75e-02
 6.47621e+22	1.33e-27	5.61e-23	2.56e-17	5.42e-13	1.45e-09	5.65e-07	7.21e-05	2.29e-03	2.09e-02	7.76e-02	6.83e-01	2.00e-01	1.61e-02
 6.60397e+22	1.71e-27	7.02e-23	3.19e-17	6.65e-13	1.74e-09	6.62e-07	8.23e-05	2.55e-03	2.25e-02	8.09e-02	6.86e-01	1.93e-01	1.50e-02
 6.73711e+22	2.18e-27	8.72e-23	3.93e-17	8.10e-13	2.08e-09	7.71e-07	9.35e-05	2.82e-03	2.42e-02	8.42e-02	6.88e-01	1.87e-01	1.39e-02
 6.88510e+22	2.85e-27	1.12e-22	4.99e-17	1.01e-12	2.53e-09	9.13e-07	1.08e-04	3.14e-03	2.62e-02	8.78e-02	6.90e-01	1.80e-01	1.29e-02
 7.02280e+22	3.62e-27	1.39e-22	6.17e-17	1.23e-12	3.03e-09	1.07e-06	1.22e-04	3.48e-03	2.82e-02	9.14e-02	6.91e-01	1.74e-01	1.20e-02
 7.15142e+22	4.48e-27	1.69e-22	7.46e-17	1.47e-12	3.56e-09	1.22e-06	1.37e-04	3.80e-03	3.00e-02	9.45e-02	6.92e-01	1.68e-01	1.13e-02
 7.29780e+22	5.66e-27	2.10e-22	9.18e-17	1.78e-12	4.23e-09	1.42e-06	1.55e-04	4.19e-03	3.21e-02	9.81e-02	6.93e-01	1.62e-01	1.05e-02
 7.46257e+22	7.31e-27	2.67e-22	1.16e-16	2.21e-12	5.13e-09	1.68e-06	1.78e-04	4.66e-03	3.46e-02	1.02e-01	6.93e-01	1.56e-01	9.68e-03
 7.61813e+22	9.24e-27	3.33e-22	1.43e-16	2.70e-12	6.14e-09	1.95e-06	2.02e-04	5.14e-03	3.71e-02	1.06e-01	6.92e-01	1.50e-01	8.99e-03
 7.76392e+22	1.14e-26	4.08e-22	1.74e-16	3.23e-12	7.20e-09	2.24e-06	2.26e-04	5.61e-03	3.95e-02	1.09e-01	6.92e-01	1.45e-01	8.41e-03
 7.93011e+22	1.43e-26	5.05e-22	2.13e-16	3.91e-12	8.56e-09	2.59e-06	2.55e-04	6.17e-03	4.22e-02	1.13e-01	6.91e-01	1.40e-01	7.81e-03
 8.14615e+22	1.88e-26	6.60e-22	2.75e-16	4.95e-12	1.06e-08	3.10e-06	2.96e-04	6.91e-03	4.56e-02	1.18e-01	6.89e-01	1.34e-01	7.14e-03
 8.37129e+22	2.52e-26	8.75e-22	3.61e-16	6.37e-12	1.33e-08	3.77e-06	3.47e-04	7.83e-03	4.97e-02	1.23e-01	6.86e-01	1.27e-01	6.46e-03
 8.55287e+22	3.14e-26	1.09e-21	4.46e-16	7.76e-12	1.58e-08	4.38e-06	3.92e-04	8.60e-03	5.31e-02	1.27e-01	6.83e-01	1.22e-01	5.97e-03
 8.73356e+22	3.85e-26	1.34e-21	5.41e-16	9.29e-12	1.86e-08	5.03e-06	4.39e-04	9.39e-03	5.64e-02	1.31e-01	6.80e-01	1.17e-01	5.55e-03
 8.96845e+22	4.94e-26	1.72e-21	6.87e-16	1.16e-11	2.27e-08	5.95e-06	5.04e-04	1.04e-02	6.06e-02	1.36e-01	6.76e-01	1.12e-01	5.08e-03
 9.22469e+22	6.45e-26	2.25e-21	8.91e-16	1.48e-11	2.82e-08	7.17e-06	5.87e-04	1.17e-02	6.57e-02	1.41e-01	6.71e-01	1.06e-01	4.58e-03
 9.45020e+22	8.09e-26	2.85e-21	1.12e-15	1.82e-11	3.41e-08	8.42e-06	6.69e-04	1.30e-02	7.03e-02	1.46e-01	6.66e-01	1.01e-01	4.19e-03
 9.65348e+22	9.75e-26	3.47e-21	1.35e-15	2.17e-11	3.98e-08	9.61e-06	7.45e-04	1.41e-02	7.43e-02	1.50e-01	6.61e-01	9.65e-02	3.89e-03
 9.88632e+22	1.19e-25	4.27e-21	1.64e-15	2.62e-11	4.71e-08	1.11e-05	8.39e-04	1.54e-02	7.90e-02	1.54e-01	6.55e-01	9.21e-02	3.57e-03
 1.01424e+23	1.48e-25	5.37e-21	2.05e-15	3.21e-11	5.67e-08	1.30e-05	9.53e-04	1.70e-02	8.43e-02	1.59e-01	6.48e-01	8.75e-02	3.26e-03
 1.03741e+23	1.77e-25	6.56e-21	2.48e-15	3.85e-11	6.68e-08	1.49e-05	1.07e-03	1.85e-02	8.94e-02	1.63e-01	6.42e-01	8.34e-02	2.99e-03
 1.05867e+23	2.09e-25	7.84e-21	2.94e-15	4.51e-11	7.69e-08	1.68e-05	1.18e-03	1.99e-02	9.38e-02	1.67e-01	6.36e-01	8.01e-02	2.78e-03
 1.08291e+23	2.47e-25	9.39e-21	3.50e-15	5.31e-11	8.92e-08	1.91e-05	1.30e-03	2.15e-02	9.88e-02	1.70e-01	6.29e-01	7.65e-02	2.57e-03
 1.11443e+23	2.99e-25	1.17e-20	4.32e-15	6.47e-11	1.06e-07	2.22e-05	1.47e-03	2.36e-02	1.05e-01	1.75e-01	6.20e-01	7.25e-02	2.34e-03
 1.14883e+23	3.70e-25	1.49e-20	5.46e-15	8.07e-11	1.30e-07	2.63e-05	1.69e-03	2.61e-02	1.12e-01	1.80e-01	6.10e-01	6.80e-02	2.09e-03
 1.17898e+23	4.42e-25	1.84e-20	6.68e-15	9.77e-11	1.55e-07	3.05e-05	1.90e-03	2.85e-02	1.19e-01	1.84e-01	6.00e-01	6.42e-02	1.90e-03
 1.20559e+23	5.09e-25	2.19e-20	7.87e-15	1.14e-10	1.78e-07	3.44e-05	2.09e-03	3.07e-02	1.25e-01	1.88e-01	5.91e-01	6.11e-02	1.75e-03
 1.23558e+23	5.90e-25	2.59e-20	9.26e-15	1.33e-10	2.05e-07	3.88e-05	2.30e-03	3.30e-02	1.31e-01	1.92e-01	5.83e-01	5.82e-02	1.61e-03
 1.27456e+23	6.89e-25	3.17e-20	1.13e-14	1.60e-10	2.42e-07	4.47e-05	2.58e-03	3.59e-02	1.38e-01	1.96e-01	5.72e-01	5.48e-02	1.45e-03
 1.32314e+23	8.37e-25	4.07e-20	1.42e-14	2.00e-10	2.96e-07	5.30e-05	2.95e-03	3.97e-02	1.47e-01	2.00e-01	5.58e-01	5.09e-02	1.29e-03
 1.37229e+23	1.01e-24	5.23e-20	1.81e-14	2.52e-10	3.65e-07	6.33e-05	3.41e-03	4.41e-02	1.57e-01	2.05e-01	5.42e-01	4.69e-02	1.12e-03
 1.41286e+23	1.17e-24	6.43e-20	2.20e-14	3.04e-10	4.33e-07	7.32e-05	3.82e-03	4.79e-02	1.66e-01	2.09e-01	5.29e-01	4.38e-02	1.00e-03
 1.45420e+23	1.30e-24	7.51e-20	2.56e-14	3.50e-10	4.93e-07	8.18e-05	4.17e-03	5.11e-02	1.72e-01	2.12e-01	5.18e-01	4.15e-02	9.19e-04
 1.50774e+23	1.46e-24	9.13e-20	3.07e-14	4.18e-10	5.78e-07	9.35e-05	4.64e-03	5.52e-02	1.81e-01	2.15e-01	5.05e-01	3.88e-02	8.25e-04
 1.56928e+23	1.65e-24	1.13e-19	3.78e-14	5.11e-10	6.97e-07	1.10e-04	5.25e-03	6.04e-02	1.91e-01	2.18e-01	4.89e-01	3.56e-02	7.20e-04
 1.62882e+23	1.87e-24	1.40e-19	4.60e-14	6.18e-10	8.30e-07	1.27e-04	5.90e-03	6.57e-02	2.01e-01	2.21e-01	4.72e-01	3.28e-02	6.32e-04
 1.68414e+23	2.00e-24	1.66e-19	5.40e-14	7.22e-10	9.58e-07	1.44e-04	6.49e-03	7.02e-02	2.09e-01	2.24e-01	4.59e-01	3.06e-02	5.67e-04
 1.74614e+23	2.09e-24	1.93e-19	6.22e-14	8.30e-10	1.09e-06	1.60e-04	7.06e-03	7.46e-02	2.17e-01	2.26e-01	4.47e-01	2.87e-02	5.13e-04
 1.81722e+23	2.20e-24	2.31e-19	7.33e-14	9.75e-10	1.26e-06	1.82e-04	7.78e-03	7.99e-02	2.26e-01	2.28e-01	4.32e-01	2.66e-02	4.55e-04
 1.89114e+23	2.28e-24	2.75e-19	8.61e-14	1.14e-09	1.46e-06	2.05e-04	8.52e-03	8.51e-02	2.34e-01	2.29e-01	4.18e-01	2.48e-02	4.07e-04
 1.96802e+23	2.35e-24	3.21e-19	9.90e-14	1.31e-09	1.66e-06	2.28e-04	9.27e-03	9.02e-02	2.42e-01	2.30e-01	4.05e-01	2.31e-02	3.65e-04
 2.04798e+23	2.29e-24	3.71e-19	1.13e-13	1.49e-09	1.87e-06	2.52e-04	1.00e-02	9.51e-02	2.49e-01	2.31e-01	3.93e-01	2.16e-02	3.30e-04
 2.13113e+23	2.23e-24	4.25e-19	1.28e-13	1.67e-09	2.08e-06	2.77e-04	1.07e-02	9.97e-02	2.55e-01	2.32e-01	3.82e-01	2.03e-02	3.00e-04
 2.21759e+23	2.16e-24	4.81e-19	1.43e-13	1.86e-09	2.30e-06	3.01e-04	1.14e-02	1.04e-01	2.61e-01	2.32e-01	3.71e-01	1.92e-02	2.75e-04
 2.30131e+23	2.07e-24	5.45e-19	1.59e-13	2.08e-09	2.54e-06	3.27e-04	1.22e-02	1.08e-01	2.67e-01	2.33e-01	3.61e-01	1.81e-02	2.52e-04
 2.37666e+23	2.04e-24	6.02e-19	1.74e-13	2.26e-09	2.73e-06	3.48e-04	1.27e-02	1.12e-01	2.71e-01	2.33e-01	3.54e-01	1.73e-02	2.36e-04
 2.44448e+23	1.93e-24	6.54e-19	1.87e-13	2.42e-09	2.92e-06	3.68e-04	1.33e-02	1.15e-01	2.75e-01	2.33e-01	3.47e-01	1.67e-02	2.23e-04
 2.50551e+23	1.85e-24	7.02e-19	1.99e-13	2.57e-09	3.08e-06	3.85e-04	1.37e-02	1.17e-01	2.78e-01	2.33e-01	3.41e-01	1.61e-02	2.12e-04
 2.56044e+23	1.77e-24	7.39e-19	2.08e-13	2.68e-09	3.21e-06	3.98e-04	1.41e-02	1.19e-01	2.80e-01	2.33e-01	3.37e-01	1.57e-02	2.04e-04
 2.60988e+23	1.72e-24	7.74e-19	2.16e-13	2.79e-09	3.32e-06	4.10e-04	1.44e-02	1.21e-01	2.82e-01	2.33e-01	3.34e-01	1.54e-02	1.98e-04
 2.65437e+23	1.66e-24	8.01e-19	2.23e-13	2.87e-09	3.41e-06	4.19e-04	1.46e-02	1.22e-01	2.84e-01	2.33e-01	3.31e-01	1.51e-02	1.93e-04
 2.69442e+23	1.61e-24	8.25e-19	2.29e-13	2.94e-09	3.49e-06	4.27e-04	1.48e-02	1.24e-01	2.85e-01	2.32e-01	3.28e-01	1.49e-02	1.89e-04
 2.73046e+23	1.56e-24	8.47e-19	2.34e-13	3.01e-09	3.56e-06	4.34e-04	1.50e-02	1.24e-01	2.86e-01	2.32e-01	3.26e-01	1.47e-02	1.85e-04
 2.76289e+23	1.52e-24	8.66e-19	2.38e-13	3.06e-09	3.62e-06	4.40e-04	1.52e-02	1.25e-01	2.87e-01	2.32e-01	3.25e-01	1.46e-02	1.82e-04
 2.79353e+23	1.48e-24	8.77e-19	2.41e-13	3.10e-09	3.65e-06	4.44e-04	1.52e-02	1.26e-01	2.88e-01	2.32e-01	3.24e-01	1.45e-02	1.81e-04
 2.82408e+23	1.43e-24	8.86e-19	2.43e-13	3.12e-09	3.68e-06	4.46e-04	1.53e-02	1.26e-01	2.88e-01	2.32e-01	3.23e-01	1.45e-02	1.80e-04
 2.85463e+23	1.39e-24	8.94e-19	2.45e-13	3.14e-09	3.70e-06	4.49e-04	1.54e-02	1.26e-01	2.89e-01	2.32e-01	3.22e-01	1.44e-02	1.79e-04
 2.88518e+23	1.34e-24	9.03e-19	2.47e-13	3.17e-09	3.73e-06	4.52e-04	1.55e-02	1.27e-01	2.89e-01	2.32e-01	3.21e-01	1.43e-02	1.77e-04
 2.91572e+23	1.30e-24	9.09e-19	2.49e-13	3.19e-09	3.75e-06	4.53e-04	1.55e-02	1.27e-01	2.89e-01	2.32e-01	3.21e-01	1.43e-02	1.77e-04
 2.94627e+23	1.26e-24	9.12e-19	2.49e-13	3.19e-09	3.76e-06	4.54e-04	1.55e-02	1.27e-01	2.89e-01	2.32e-01	3.21e-01	1.42e-02	1.76e-04
 2.97682e+23	1.21e-24	9.14e-19	2.50e-13	3.20e-09	3.77e-06	4.55e-04	1.55e-02	1.27e-01	2.90e-01	2.32e-01	3.21e-01	1.42e-02	1.76e-04
 3.00737e+23	1.17e-24	9.17e-19	2.50e-13	3.21e-09	3.78e-06	4.56e-04	1.56e-02	1.27e-01	2.90e-01	2.32e-01	3.20e-01	1.42e-02	1.75e-04
 3.03792e+23	1.14e-24	9.19e-19	2.51e-13	3.22e-09	3.78e-06	4.57e-04	1.56e-02	1.28e-01	2.90e-01	2.32e-01	3.20e-01	1.42e-02	1.75e-04
 3.05400e+23	1.17e-24	9.74e-19	2.64e-13	3.38e-09	3.96e-06	4.74e-04	1.60e-02	1.30e-01	2.92e-01	2.32e-01	3.15e-01	1.38e-02	1.68e-04
