#depth	Cl	Cl+	Cl+2	Cl+3	Cl+4	Cl+5	Cl+6	Cl+7	Cl+8	Cl+9	Cl+10	Cl+11	Cl+12	Cl+13	Cl+14	Cl+15	Cl+16	Cl+17
 6.17135e+19	0.00e+00	0.00e+00	0.00e+00	0.00e+00	0.00e+00	0.00e+00	0.00e+00	0.00e+00	2.41e-26	2.20e-22	8.37e-19	1.56e-15	1.64e-12	1.29e-09	7.85e-07	8.52e-04	5.19e-02	9.47e-01
 1.87609e+20	0.00e+00	0.00e+00	0.00e+00	0.00e+00	0.00e+00	0.00e+00	0.00e+00	0.00e+00	4.96e-26	4.19e-22	1.47e-18	2.53e-15	2.46e-12	1.78e-09	9.97e-07	9.98e-04	5.60e-02	9.43e-01
 3.18540e+20	0.00e+00	0.00e+00	0.00e+00	0.00e+00	0.00e+00	0.00e+00	0.00e+00	0.00e+00	1.02e-25	7.97e-22	2.58e-18	4.10e-15	3.68e-12	2.45e-09	1.27e-06	1.17e-03	6.05e-02	9.38e-01
 4.54709e+20	0.00e+00	0.00e+00	0.00e+00	0.00e+00	0.00e+00	0.00e+00	0.00e+00	0.00e+00	2.12e-25	1.52e-21	4.54e-18	6.67e-15	5.52e-12	3.38e-09	1.61e-06	1.37e-03	6.53e-02	9.33e-01
 5.74411e+20	0.00e+00	0.00e+00	0.00e+00	0.00e+00	0.00e+00	0.00e+00	0.00e+00	2.28e-29	3.93e-25	2.64e-21	7.36e-18	1.01e-14	7.79e-12	4.45e-09	1.98e-06	1.57e-03	6.97e-02	9.29e-01
 6.66685e+20	0.00e+00	0.00e+00	0.00e+00	0.00e+00	0.00e+00	0.00e+00	0.00e+00	3.83e-29	6.26e-25	3.99e-21	1.06e-17	1.38e-14	1.01e-11	5.47e-09	2.31e-06	1.73e-03	7.32e-02	9.25e-01
 7.48882e+20	0.00e+00	0.00e+00	0.00e+00	0.00e+00	0.00e+00	0.00e+00	0.00e+00	6.01e-29	9.39e-25	5.72e-21	1.45e-17	1.81e-14	1.27e-11	6.55e-09	2.64e-06	1.89e-03	7.63e-02	9.22e-01
 8.41357e+20	0.00e+00	0.00e+00	0.00e+00	0.00e+00	0.00e+00	0.00e+00	0.00e+00	9.86e-29	1.47e-24	8.51e-21	2.05e-17	2.43e-14	1.62e-11	7.99e-09	3.06e-06	2.09e-03	7.99e-02	9.18e-01
 9.61573e+20	0.00e+00	0.00e+00	0.00e+00	0.00e+00	0.00e+00	0.00e+00	0.00e+00	1.85e-28	2.59e-24	1.41e-20	3.19e-17	3.56e-14	2.23e-11	1.03e-08	3.70e-06	2.36e-03	8.47e-02	9.13e-01
 1.08324e+21	0.00e+00	0.00e+00	0.00e+00	0.00e+00	0.00e+00	0.00e+00	0.00e+00	3.45e-28	4.53e-24	2.32e-20	4.94e-17	5.17e-14	3.05e-11	1.32e-08	4.45e-06	2.67e-03	8.98e-02	9.08e-01
 1.17841e+21	0.00e+00	0.00e+00	0.00e+00	0.00e+00	0.00e+00	0.00e+00	0.00e+00	5.54e-28	6.94e-24	3.39e-20	6.88e-17	6.88e-14	3.87e-11	1.59e-08	5.12e-06	2.92e-03	9.38e-02	9.03e-01
 1.27376e+21	0.00e+00	0.00e+00	0.00e+00	0.00e+00	0.00e+00	0.00e+00	0.00e+00	8.84e-28	1.06e-23	4.92e-20	9.55e-17	9.12e-14	4.89e-11	1.92e-08	5.89e-06	3.20e-03	9.79e-02	8.99e-01
 1.39771e+21	0.00e+00	0.00e+00	0.00e+00	0.00e+00	0.00e+00	0.00e+00	0.00e+00	1.60e-27	1.80e-23	7.92e-20	1.45e-16	1.31e-13	6.60e-11	2.43e-08	7.03e-06	3.59e-03	1.03e-01	8.93e-01
 1.52616e+21	0.00e+00	0.00e+00	0.00e+00	0.00e+00	0.00e+00	0.00e+00	0.00e+00	2.92e-27	3.10e-23	1.28e-19	2.21e-16	1.88e-13	8.93e-11	3.09e-08	8.41e-06	4.04e-03	1.09e-01	8.87e-01
 1.63081e+21	0.00e+00	0.00e+00	0.00e+00	0.00e+00	0.00e+00	0.00e+00	0.00e+00	4.71e-27	4.77e-23	1.88e-19	3.09e-16	2.51e-13	1.14e-10	3.74e-08	9.70e-06	4.43e-03	1.14e-01	8.82e-01
 1.73722e+21	0.00e+00	0.00e+00	0.00e+00	0.00e+00	0.00e+00	0.00e+00	0.00e+00	7.60e-27	7.34e-23	2.76e-19	4.33e-16	3.34e-13	1.45e-10	4.53e-08	1.12e-05	4.86e-03	1.19e-01	8.76e-01
 1.84877e+21	0.00e+00	0.00e+00	0.00e+00	0.00e+00	0.00e+00	0.00e+00	0.00e+00	1.24e-26	1.14e-22	4.10e-19	6.12e-16	4.51e-13	1.86e-10	5.52e-08	1.30e-05	5.34e-03	1.24e-01	8.70e-01
 1.94277e+21	0.00e+00	0.00e+00	0.00e+00	0.00e+00	0.00e+00	0.00e+00	0.00e+00	1.87e-26	1.65e-22	5.67e-19	8.13e-16	5.76e-13	2.28e-10	6.49e-08	1.46e-05	5.78e-03	1.29e-01	8.65e-01
 2.04073e+21	0.00e+00	0.00e+00	0.00e+00	0.00e+00	0.00e+00	0.00e+00	0.00e+00	2.84e-26	2.40e-22	7.93e-19	1.09e-15	7.42e-13	2.82e-10	7.68e-08	1.66e-05	6.26e-03	1.34e-01	8.60e-01
 2.16808e+21	0.00e+00	0.00e+00	0.00e+00	0.00e+00	0.00e+00	0.00e+00	0.00e+00	4.82e-26	3.88e-22	1.21e-18	1.59e-15	1.02e-12	3.69e-10	9.50e-08	1.94e-05	6.94e-03	1.40e-01	8.53e-01
 2.29610e+21	0.00e+00	0.00e+00	0.00e+00	0.00e+00	0.00e+00	0.00e+00	0.00e+00	8.16e-26	6.23e-22	1.85e-18	2.30e-15	1.41e-12	4.81e-10	1.17e-07	2.27e-05	7.68e-03	1.47e-01	8.46e-01
 2.39468e+21	0.00e+00	0.00e+00	0.00e+00	0.00e+00	0.00e+00	0.00e+00	0.00e+00	1.21e-25	8.91e-22	2.55e-18	3.04e-15	1.79e-12	5.89e-10	1.38e-07	2.55e-05	8.28e-03	1.52e-01	8.40e-01
 2.49252e+21	0.00e+00	0.00e+00	0.00e+00	0.00e+00	0.00e+00	0.00e+00	0.00e+00	1.79e-25	1.26e-21	3.48e-18	3.99e-15	2.27e-12	7.17e-10	1.61e-07	2.87e-05	8.92e-03	1.57e-01	8.34e-01
 2.61970e+21	0.00e+00	0.00e+00	0.00e+00	0.00e+00	0.00e+00	0.00e+00	0.00e+00	2.94e-25	1.97e-21	5.17e-18	5.66e-15	3.07e-12	9.23e-10	1.96e-07	3.32e-05	9.81e-03	1.64e-01	8.26e-01
 2.75085e+21	0.00e+00	0.00e+00	0.00e+00	0.00e+00	0.00e+00	0.00e+00	1.88e-29	4.85e-25	3.11e-21	7.75e-18	8.08e-15	4.16e-12	1.19e-09	2.40e-07	3.86e-05	1.08e-02	1.71e-01	8.18e-01
 2.85839e+21	0.00e+00	0.00e+00	0.00e+00	0.00e+00	0.00e+00	0.00e+00	2.93e-29	7.27e-25	4.47e-21	1.07e-17	1.07e-14	5.33e-12	1.47e-09	2.82e-07	4.36e-05	1.17e-02	1.77e-01	8.11e-01
 2.94818e+21	0.00e+00	0.00e+00	0.00e+00	0.00e+00	0.00e+00	0.00e+00	4.25e-29	1.02e-24	6.08e-21	1.41e-17	1.37e-14	6.56e-12	1.74e-09	3.24e-07	4.82e-05	1.24e-02	1.82e-01	8.05e-01
 3.04361e+21	0.00e+00	0.00e+00	0.00e+00	0.00e+00	0.00e+00	0.00e+00	6.19e-29	1.44e-24	8.29e-21	1.86e-17	1.74e-14	8.08e-12	2.08e-09	3.72e-07	5.34e-05	1.33e-02	1.88e-01	7.99e-01
 3.16768e+21	0.00e+00	0.00e+00	0.00e+00	0.00e+00	0.00e+00	0.00e+00	1.01e-28	2.25e-24	1.24e-20	2.66e-17	2.39e-14	1.06e-11	2.61e-09	4.45e-07	6.10e-05	1.45e-02	1.95e-01	7.91e-01
 3.29247e+21	0.00e+00	0.00e+00	0.00e+00	0.00e+00	0.00e+00	0.00e+00	1.64e-28	3.51e-24	1.85e-20	3.81e-17	3.27e-14	1.39e-11	3.28e-09	5.33e-07	6.97e-05	1.57e-02	2.02e-01	7.82e-01
 3.39031e+21	0.00e+00	0.00e+00	0.00e+00	0.00e+00	0.00e+00	0.00e+00	2.39e-28	4.94e-24	2.52e-20	5.01e-17	4.17e-14	1.72e-11	3.91e-09	6.11e-07	7.72e-05	1.68e-02	2.07e-01	7.76e-01
 3.48961e+21	0.00e+00	0.00e+00	0.00e+00	0.00e+00	0.00e+00	0.00e+00	3.47e-28	6.96e-24	3.44e-20	6.61e-17	5.32e-14	2.12e-11	4.67e-09	7.03e-07	8.55e-05	1.79e-02	2.13e-01	7.69e-01
 3.61871e+21	0.00e+00	0.00e+00	0.00e+00	0.00e+00	0.00e+00	0.00e+00	5.61e-28	1.08e-23	5.11e-20	9.41e-17	7.26e-14	2.78e-11	5.85e-09	8.39e-07	9.75e-05	1.94e-02	2.21e-01	7.60e-01
 3.74825e+21	0.00e+00	0.00e+00	0.00e+00	0.00e+00	0.00e+00	0.00e+00	9.03e-28	1.67e-23	7.56e-20	1.34e-16	9.88e-14	3.63e-11	7.32e-09	1.00e-06	1.11e-04	2.11e-02	2.29e-01	7.50e-01
 3.84935e+21	0.00e+00	0.00e+00	0.00e+00	0.00e+00	0.00e+00	0.00e+00	1.30e-27	2.33e-23	1.02e-19	1.75e-16	1.25e-13	4.46e-11	8.70e-09	1.15e-06	1.23e-04	2.25e-02	2.35e-01	7.43e-01
 3.95177e+21	0.00e+00	0.00e+00	0.00e+00	0.00e+00	0.00e+00	0.00e+00	1.87e-27	3.25e-23	1.38e-19	2.29e-16	1.59e-13	5.48e-11	1.03e-08	1.31e-06	1.35e-04	2.39e-02	2.41e-01	7.35e-01
 4.08491e+21	0.00e+00	0.00e+00	0.00e+00	0.00e+00	0.00e+00	0.00e+00	2.98e-27	4.97e-23	2.03e-19	3.23e-16	2.15e-13	7.12e-11	1.29e-08	1.56e-06	1.54e-04	2.59e-02	2.49e-01	7.25e-01
 4.21341e+21	0.00e+00	0.00e+00	0.00e+00	0.00e+00	0.00e+00	0.00e+00	4.65e-27	7.48e-23	2.94e-19	4.49e-16	2.88e-13	9.17e-11	1.59e-08	1.84e-06	1.74e-04	2.79e-02	2.57e-01	7.15e-01
 4.30648e+21	0.00e+00	0.00e+00	0.00e+00	0.00e+00	0.00e+00	0.00e+00	6.38e-27	9.99e-23	3.82e-19	5.68e-16	3.54e-13	1.10e-10	1.85e-08	2.07e-06	1.90e-04	2.95e-02	2.62e-01	7.08e-01
 4.39811e+21	0.00e+00	0.00e+00	0.00e+00	0.00e+00	0.00e+00	0.00e+00	8.68e-27	1.32e-22	4.93e-19	7.14e-16	4.33e-13	1.31e-10	2.15e-08	2.32e-06	2.06e-04	3.10e-02	2.68e-01	7.01e-01
 4.51723e+21	0.00e+00	0.00e+00	0.00e+00	0.00e+00	0.00e+00	0.00e+00	1.29e-26	1.90e-22	6.84e-19	9.57e-16	5.61e-13	1.64e-10	2.60e-08	2.69e-06	2.30e-04	3.32e-02	2.75e-01	6.92e-01
 4.64337e+21	0.00e+00	0.00e+00	0.00e+00	0.00e+00	0.00e+00	0.00e+00	1.95e-26	2.78e-22	9.65e-19	1.30e-15	7.37e-13	2.07e-10	3.17e-08	3.14e-06	2.57e-04	3.56e-02	2.83e-01	6.82e-01
 4.75157e+21	0.00e+00	0.00e+00	0.00e+00	0.00e+00	0.00e+00	0.00e+00	2.76e-26	3.83e-22	1.29e-18	1.69e-15	9.27e-13	2.53e-10	3.75e-08	3.58e-06	2.83e-04	3.78e-02	2.89e-01	6.73e-01
 4.84770e+21	0.00e+00	0.00e+00	0.00e+00	0.00e+00	0.00e+00	0.00e+00	3.75e-26	5.08e-22	1.67e-18	2.12e-15	1.14e-12	3.02e-10	4.35e-08	4.02e-06	3.08e-04	3.98e-02	2.95e-01	6.65e-01
 4.95518e+21	0.00e+00	0.00e+00	0.00e+00	0.00e+00	0.00e+00	0.00e+00	5.24e-26	6.91e-22	2.20e-18	2.73e-15	1.42e-12	3.67e-10	5.11e-08	4.56e-06	3.38e-04	4.21e-02	3.01e-01	6.56e-01
 5.09491e+21	0.00e+00	0.00e+00	0.00e+00	0.00e+00	0.00e+00	0.00e+00	8.07e-26	1.03e-21	3.16e-18	3.77e-15	1.89e-12	4.70e-10	6.30e-08	5.37e-06	3.80e-04	4.52e-02	3.10e-01	6.45e-01
 5.23412e+21	0.00e+00	0.00e+00	0.00e+00	0.00e+00	0.00e+00	0.00e+00	1.23e-25	1.52e-21	4.51e-18	5.19e-15	2.50e-12	6.01e-10	7.75e-08	6.31e-06	4.27e-04	4.86e-02	3.18e-01	6.33e-01
 5.34139e+21	0.00e+00	0.00e+00	0.00e+00	0.00e+00	0.00e+00	0.00e+00	1.70e-25	2.04e-21	5.90e-18	6.61e-15	3.10e-12	7.25e-10	9.07e-08	7.13e-06	4.67e-04	5.12e-02	3.24e-01	6.24e-01
 5.43467e+21	0.00e+00	0.00e+00	0.00e+00	0.00e+00	0.00e+00	0.00e+00	2.25e-25	2.64e-21	7.45e-18	8.15e-15	3.73e-12	8.52e-10	1.04e-07	7.92e-06	5.04e-04	5.37e-02	3.29e-01	6.16e-01
 5.54100e+21	0.00e+00	0.00e+00	0.00e+00	0.00e+00	0.00e+00	1.90e-29	3.06e-25	3.51e-21	9.65e-18	1.03e-14	4.59e-12	1.02e-09	1.21e-07	8.91e-06	5.49e-04	5.65e-02	3.35e-01	6.08e-01
 5.67922e+21	0.00e+00	0.00e+00	0.00e+00	0.00e+00	0.00e+00	2.98e-29	4.55e-25	5.06e-21	1.35e-17	1.39e-14	5.98e-12	1.29e-09	1.47e-07	1.04e-05	6.12e-04	6.03e-02	3.43e-01	5.96e-01
 5.81988e+21	0.00e+00	0.00e+00	0.00e+00	0.00e+00	0.00e+00	4.66e-29	6.79e-25	7.32e-21	1.89e-17	1.88e-14	7.83e-12	1.63e-09	1.79e-07	1.21e-05	6.83e-04	6.44e-02	3.51e-01	5.84e-01
 5.93244e+21	0.00e+00	0.00e+00	0.00e+00	0.00e+00	0.00e+00	6.65e-29	9.29e-25	9.79e-21	2.46e-17	2.39e-14	9.68e-12	1.96e-09	2.09e-07	1.36e-05	7.45e-04	6.78e-02	3.57e-01	5.74e-01
 6.04750e+21	0.00e+00	0.00e+00	0.00e+00	0.00e+00	0.00e+00	9.48e-29	1.27e-24	1.31e-20	3.21e-17	3.03e-14	1.20e-11	2.36e-09	2.45e-07	1.54e-05	8.13e-04	7.14e-02	3.63e-01	5.65e-01
 6.19709e+21	0.00e+00	0.00e+00	0.00e+00	0.00e+00	0.00e+00	1.49e-28	1.91e-24	1.91e-20	4.51e-17	4.13e-14	1.57e-11	3.00e-09	2.99e-07	1.79e-05	9.08e-04	7.62e-02	3.71e-01	5.52e-01
 6.34474e+21	0.00e+00	0.00e+00	0.00e+00	0.00e+00	0.00e+00	2.33e-28	2.83e-24	2.75e-20	6.30e-17	5.58e-14	2.06e-11	3.79e-09	3.65e-07	2.09e-05	1.01e-03	8.12e-02	3.78e-01	5.39e-01
 6.45651e+21	0.00e+00	0.00e+00	0.00e+00	0.00e+00	0.00e+00	3.25e-28	3.79e-24	3.60e-20	8.08e-17	6.98e-14	2.51e-11	4.51e-09	4.22e-07	2.34e-05	1.10e-03	8.51e-02	3.84e-01	5.30e-01
 6.56848e+21	0.00e+00	0.00e+00	0.00e+00	0.00e+00	0.00e+00	4.50e-28	5.06e-24	4.71e-20	1.03e-16	8.71e-14	3.06e-11	5.36e-09	4.88e-07	2.61e-05	1.19e-03	8.91e-02	3.89e-01	5.21e-01
 6.71403e+21	0.00e+00	0.00e+00	0.00e+00	0.00e+00	0.00e+00	6.82e-28	7.31e-24	6.63e-20	1.41e-16	1.16e-13	3.93e-11	6.68e-09	5.87e-07	3.01e-05	1.31e-03	9.45e-02	3.96e-01	5.08e-01
 6.86609e+21	0.00e+00	0.00e+00	0.00e+00	0.00e+00	0.00e+00	1.05e-27	1.07e-23	9.45e-20	1.95e-16	1.55e-13	5.10e-11	8.40e-09	7.12e-07	3.49e-05	1.46e-03	1.00e-01	4.03e-01	4.96e-01
 6.99350e+21	0.00e+00	0.00e+00	0.00e+00	0.00e+00	0.00e+00	1.49e-27	1.46e-23	1.26e-19	2.55e-16	1.97e-13	6.33e-11	1.01e-08	8.34e-07	3.93e-05	1.59e-03	1.05e-01	4.08e-01	4.85e-01
 7.12605e+21	0.00e+00	0.00e+00	0.00e+00	0.00e+00	0.00e+00	2.14e-27	2.01e-23	1.70e-19	3.35e-16	2.53e-13	7.88e-11	1.23e-08	9.79e-07	4.45e-05	1.73e-03	1.11e-01	4.13e-01	4.74e-01
 7.27306e+21	0.00e+00	0.00e+00	0.00e+00	0.00e+00	0.00e+00	3.18e-27	2.84e-23	2.35e-19	4.52e-16	3.31e-13	1.00e-10	1.52e-08	1.17e-06	5.09e-05	1.90e-03	1.17e-01	4.19e-01	4.62e-01
 7.40880e+21	0.00e+00	0.00e+00	0.00e+00	0.00e+00	0.00e+00	4.55e-27	3.90e-23	3.16e-19	5.92e-16	4.23e-13	1.25e-10	1.84e-08	1.37e-06	5.75e-05	2.07e-03	1.23e-01	4.24e-01	4.51e-01
 7.53588e+21	0.00e+00	0.00e+00	0.00e+00	0.00e+00	0.00e+00	6.35e-27	5.23e-23	4.17e-19	7.63e-16	5.33e-13	1.53e-10	2.20e-08	1.60e-06	6.45e-05	2.24e-03	1.28e-01	4.29e-01	4.41e-01
 7.68177e+21	0.00e+00	0.00e+00	0.00e+00	0.00e+00	0.00e+00	9.16e-27	7.22e-23	5.63e-19	1.01e-15	6.85e-13	1.92e-10	2.67e-08	1.88e-06	7.31e-05	2.44e-03	1.34e-01	4.33e-01	4.30e-01
 7.84198e+21	0.00e+00	0.00e+00	0.00e+00	0.00e+00	0.00e+00	1.37e-26	1.03e-22	7.84e-19	1.37e-15	9.03e-13	2.45e-10	3.32e-08	2.25e-06	8.37e-05	2.69e-03	1.42e-01	4.38e-01	4.17e-01
 7.98609e+21	0.00e+00	0.00e+00	0.00e+00	0.00e+00	0.00e+00	1.95e-26	1.40e-22	1.05e-18	1.79e-15	1.15e-12	3.05e-10	4.01e-08	2.64e-06	9.45e-05	2.92e-03	1.48e-01	4.42e-01	4.06e-01
 8.11799e+21	0.00e+00	0.00e+00	0.00e+00	0.00e+00	0.00e+00	2.68e-26	1.86e-22	1.37e-18	2.28e-15	1.44e-12	3.71e-10	4.76e-08	3.04e-06	1.05e-04	3.14e-03	1.54e-01	4.46e-01	3.96e-01
 8.26878e+21	0.00e+00	0.00e+00	0.00e+00	0.00e+00	0.00e+00	3.83e-26	2.54e-22	1.83e-18	2.99e-15	1.84e-12	4.61e-10	5.77e-08	3.57e-06	1.19e-04	3.42e-03	1.62e-01	4.49e-01	3.85e-01
 8.43688e+21	0.00e+00	0.00e+00	0.00e+00	0.00e+00	0.00e+00	5.67e-26	3.58e-22	2.54e-18	4.03e-15	2.41e-12	5.87e-10	7.12e-08	4.25e-06	1.35e-04	3.74e-03	1.70e-01	4.53e-01	3.73e-01
 8.58977e+21	0.00e+00	0.00e+00	0.00e+00	0.00e+00	0.00e+00	8.04e-26	4.87e-22	3.39e-18	5.26e-15	3.07e-12	7.27e-10	8.59e-08	4.96e-06	1.52e-04	4.05e-03	1.77e-01	4.56e-01	3.63e-01
 8.72746e+21	0.00e+00	0.00e+00	0.00e+00	0.00e+00	0.00e+00	1.09e-25	6.39e-22	4.37e-18	6.66e-15	3.80e-12	8.79e-10	1.01e-07	5.69e-06	1.69e-04	4.34e-03	1.84e-01	4.59e-01	3.53e-01
 8.88309e+21	0.00e+00	0.00e+00	0.00e+00	0.00e+00	0.00e+00	1.54e-25	8.61e-22	5.79e-18	8.64e-15	4.82e-12	1.08e-09	1.22e-07	6.63e-06	1.89e-04	4.69e-03	1.91e-01	4.61e-01	3.43e-01
 9.08541e+21	0.00e+00	0.00e+00	0.00e+00	0.00e+00	1.91e-29	2.37e-25	1.26e-21	8.30e-18	1.20e-14	6.51e-12	1.42e-09	1.53e-07	8.03e-06	2.19e-04	5.17e-03	2.01e-01	4.64e-01	3.30e-01
 9.29003e+21	0.00e+00	0.00e+00	0.00e+00	0.00e+00	3.11e-29	3.65e-25	1.84e-21	1.19e-17	1.67e-14	8.79e-12	1.85e-09	1.93e-07	9.72e-06	2.52e-04	5.69e-03	2.12e-01	4.66e-01	3.17e-01
 9.45311e+21	0.00e+00	0.00e+00	0.00e+00	0.00e+00	4.54e-29	5.12e-25	2.48e-21	1.57e-17	2.17e-14	1.11e-11	2.27e-09	2.31e-07	1.13e-05	2.82e-04	6.13e-03	2.20e-01	4.67e-01	3.07e-01
 9.62060e+21	0.00e+00	0.00e+00	0.00e+00	0.00e+00	6.64e-29	7.16e-25	3.33e-21	2.07e-17	2.80e-14	1.40e-11	2.79e-09	2.77e-07	1.31e-05	3.15e-04	6.59e-03	2.28e-01	4.68e-01	2.97e-01
 9.83834e+21	0.00e+00	0.00e+00	0.00e+00	0.00e+00	1.07e-28	1.10e-24	4.84e-21	2.95e-17	3.89e-14	1.89e-11	3.63e-09	3.47e-07	1.57e-05	3.62e-04	7.23e-03	2.39e-01	4.69e-01	2.84e-01
 1.00551e+22	0.00e+00	0.00e+00	0.00e+00	0.00e+00	1.73e-28	1.67e-24	7.00e-21	4.19e-17	5.36e-14	2.53e-11	4.70e-09	4.34e-07	1.89e-05	4.14e-04	7.91e-03	2.50e-01	4.69e-01	2.73e-01
 1.02225e+22	0.00e+00	0.00e+00	0.00e+00	0.00e+00	2.47e-28	2.29e-24	9.24e-21	5.44e-17	6.84e-14	3.15e-11	5.71e-09	5.13e-07	2.17e-05	4.59e-04	8.46e-03	2.59e-01	4.69e-01	2.64e-01
 1.03920e+22	0.00e+00	0.00e+00	0.00e+00	0.00e+00	3.51e-28	3.13e-24	1.22e-20	7.06e-17	8.69e-14	3.91e-11	6.91e-09	6.05e-07	2.48e-05	5.07e-04	9.03e-03	2.67e-01	4.69e-01	2.55e-01
 1.06123e+22	0.00e+00	0.00e+00	0.00e+00	0.00e+00	5.49e-28	4.66e-24	1.72e-20	9.82e-17	1.18e-13	5.15e-11	8.81e-09	7.46e-07	2.94e-05	5.76e-04	9.81e-03	2.78e-01	4.68e-01	2.44e-01
 1.08455e+22	0.00e+00	0.00e+00	0.00e+00	0.00e+00	8.75e-28	7.06e-24	2.48e-20	1.39e-16	1.62e-13	6.87e-11	1.13e-08	9.28e-07	3.52e-05	6.56e-04	1.07e-02	2.89e-01	4.66e-01	2.33e-01
 1.10464e+22	0.00e+00	0.00e+00	0.00e+00	0.00e+00	1.30e-27	1.00e-23	3.37e-20	1.85e-16	2.12e-13	8.75e-11	1.40e-08	1.11e-06	4.08e-05	7.32e-04	1.15e-02	2.99e-01	4.65e-01	2.24e-01
 1.12584e+22	0.00e+00	0.00e+00	0.00e+00	0.00e+00	1.94e-27	1.43e-23	4.62e-20	2.50e-16	2.79e-13	1.12e-10	1.75e-08	1.34e-06	4.75e-05	8.19e-04	1.23e-02	3.09e-01	4.63e-01	2.15e-01
 1.14970e+22	0.00e+00	0.00e+00	0.00e+00	0.00e+00	3.03e-27	2.13e-23	6.55e-20	3.47e-16	3.78e-13	1.48e-10	2.22e-08	1.65e-06	5.62e-05	9.27e-04	1.33e-02	3.21e-01	4.60e-01	2.05e-01
 1.17128e+22	0.00e+00	0.00e+00	0.00e+00	0.00e+00	4.51e-27	3.03e-23	8.92e-20	4.65e-16	4.95e-13	1.89e-10	2.75e-08	1.98e-06	6.51e-05	1.03e-03	1.43e-02	3.31e-01	4.57e-01	1.96e-01
 1.19012e+22	0.00e+00	0.00e+00	0.00e+00	0.00e+00	6.34e-27	4.10e-23	1.16e-19	5.99e-16	6.24e-13	2.32e-10	3.31e-08	2.32e-06	7.39e-05	1.13e-03	1.52e-02	3.40e-01	4.55e-01	1.89e-01
 1.21115e+22	0.00e+00	0.00e+00	0.00e+00	0.00e+00	9.16e-27	5.69e-23	1.55e-19	7.86e-16	8.02e-13	2.91e-10	4.03e-08	2.75e-06	8.47e-05	1.25e-03	1.61e-02	3.50e-01	4.51e-01	1.81e-01
 1.23848e+22	0.00e+00	0.00e+00	0.00e+00	0.00e+00	1.47e-26	8.63e-23	2.24e-19	1.11e-15	1.10e-12	3.89e-10	5.18e-08	3.40e-06	1.01e-04	1.42e-03	1.75e-02	3.62e-01	4.47e-01	1.72e-01
 1.26655e+22	0.00e+00	0.00e+00	0.00e+00	0.00e+00	2.36e-26	1.32e-22	3.25e-19	1.58e-15	1.53e-12	5.21e-10	6.69e-08	4.23e-06	1.20e-04	1.61e-03	1.89e-02	3.74e-01	4.42e-01	1.63e-01
 1.28950e+22	0.00e+00	0.00e+00	0.00e+00	0.00e+00	3.45e-26	1.85e-22	4.37e-19	2.10e-15	1.98e-12	6.57e-10	8.20e-08	5.03e-06	1.38e-04	1.79e-03	2.01e-02	3.84e-01	4.38e-01	1.55e-01
 1.31327e+22	0.00e+00	0.00e+00	0.00e+00	0.00e+00	5.04e-26	2.59e-22	5.88e-19	2.77e-15	2.56e-12	8.28e-10	1.00e-07	5.96e-06	1.58e-04	1.97e-03	2.14e-02	3.94e-01	4.34e-01	1.49e-01
 1.34417e+22	0.00e+00	0.00e+00	0.00e+00	0.00e+00	8.23e-26	4.00e-22	8.62e-19	3.99e-15	3.58e-12	1.12e-09	1.30e-07	7.46e-06	1.89e-04	2.24e-03	2.32e-02	4.07e-01	4.27e-01	1.40e-01
 1.37579e+22	0.00e+00	0.00e+00	0.00e+00	0.00e+00	1.35e-25	6.20e-22	1.27e-18	5.75e-15	5.01e-12	1.52e-09	1.70e-07	9.31e-06	2.26e-04	2.55e-03	2.51e-02	4.20e-01	4.21e-01	1.31e-01
 1.40157e+22	0.00e+00	0.00e+00	0.00e+00	2.28e-29	1.99e-25	8.79e-22	1.72e-18	7.68e-15	6.55e-12	1.93e-09	2.09e-07	1.11e-05	2.60e-04	2.82e-03	2.67e-02	4.30e-01	4.15e-01	1.25e-01
 1.42443e+22	0.00e+00	0.00e+00	0.00e+00	3.33e-29	2.80e-25	1.19e-21	2.24e-18	9.88e-15	8.26e-12	2.37e-09	2.50e-07	1.29e-05	2.93e-04	3.08e-03	2.81e-02	4.39e-01	4.10e-01	1.19e-01
 1.45024e+22	0.00e+00	0.00e+00	0.00e+00	5.05e-29	4.08e-25	1.66e-21	3.01e-18	1.31e-14	1.07e-11	2.99e-09	3.05e-07	1.53e-05	3.35e-04	3.39e-03	2.98e-02	4.49e-01	4.04e-01	1.14e-01
 1.48380e+22	0.00e+00	0.00e+00	0.00e+00	8.57e-29	6.57e-25	2.54e-21	4.36e-18	1.86e-14	1.48e-11	4.00e-09	3.93e-07	1.89e-05	3.97e-04	3.83e-03	3.21e-02	4.61e-01	3.96e-01	1.06e-01
 1.51809e+22	0.00e+00	0.00e+00	0.00e+00	1.47e-28	1.07e-24	3.90e-21	6.35e-18	2.66e-14	2.05e-11	5.37e-09	5.08e-07	2.35e-05	4.71e-04	4.32e-03	3.45e-02	4.73e-01	3.88e-01	9.96e-02
 1.54549e+22	0.00e+00	0.00e+00	0.00e+00	2.23e-28	1.55e-24	5.45e-21	8.52e-18	3.52e-14	2.65e-11	6.76e-09	6.20e-07	2.78e-05	5.38e-04	4.75e-03	3.65e-02	4.82e-01	3.82e-01	9.44e-02
 1.57325e+22	0.00e+00	0.00e+00	0.00e+00	3.37e-28	2.25e-24	7.58e-21	1.14e-17	4.63e-14	3.42e-11	8.49e-09	7.55e-07	3.28e-05	6.12e-04	5.21e-03	3.85e-02	4.91e-01	3.75e-01	8.96e-02
 1.60934e+22	0.00e+00	0.00e+00	0.00e+00	5.70e-28	3.62e-24	1.15e-20	1.64e-17	6.58e-14	4.72e-11	1.13e-08	9.69e-07	4.04e-05	7.22e-04	5.86e-03	4.12e-02	5.02e-01	3.66e-01	8.36e-02
 1.64729e+22	0.00e+00	0.00e+00	0.00e+00	9.84e-28	5.92e-24	1.79e-20	2.41e-17	9.48e-14	6.60e-11	1.53e-08	1.26e-06	5.02e-05	8.57e-04	6.62e-03	4.42e-02	5.13e-01	3.57e-01	7.77e-02
 1.67908e+22	0.00e+00	0.00e+00	0.00e+00	1.54e-27	8.86e-24	2.56e-20	3.30e-17	1.28e-13	8.70e-11	1.96e-08	1.55e-06	5.99e-05	9.86e-04	7.30e-03	4.68e-02	5.22e-01	3.49e-01	7.31e-02
 1.70536e+22	0.00e+00	0.00e+00	0.00e+00	2.22e-27	1.23e-23	3.42e-20	4.25e-17	1.63e-13	1.09e-10	2.39e-08	1.85e-06	6.92e-05	1.10e-03	7.91e-03	4.90e-02	5.30e-01	3.43e-01	6.95e-02
 1.73304e+22	0.00e+00	0.00e+00	0.00e+00	3.24e-27	1.73e-23	4.61e-20	5.52e-17	2.10e-13	1.37e-10	2.95e-08	2.21e-06	8.04e-05	1.24e-03	8.59e-03	5.13e-02	5.37e-01	3.36e-01	6.60e-02
 1.76902e+22	0.00e+00	0.00e+00	0.00e+00	5.20e-27	2.65e-23	6.74e-20	7.69e-17	2.88e-13	1.84e-10	3.82e-08	2.76e-06	9.69e-05	1.44e-03	9.51e-03	5.44e-02	5.45e-01	3.28e-01	6.17e-02
 1.80600e+22	0.00e+00	0.00e+00	0.00e+00	8.49e-27	4.11e-23	9.95e-20	1.08e-16	3.99e-13	2.48e-10	5.00e-08	3.48e-06	1.17e-04	1.67e-03	1.06e-02	5.77e-02	5.54e-01	3.19e-01	5.74e-02
 1.83593e+22	0.00e+00	0.00e+00	0.00e+00	1.25e-26	5.82e-23	1.36e-19	1.42e-16	5.17e-13	3.15e-10	6.19e-08	4.18e-06	1.37e-04	1.88e-03	1.15e-02	6.04e-02	5.60e-01	3.11e-01	5.43e-02
 1.86651e+22	0.00e+00	0.00e+00	0.00e+00	1.84e-26	8.23e-23	1.84e-19	1.85e-16	6.68e-13	3.99e-10	7.65e-08	5.02e-06	1.59e-04	2.12e-03	1.25e-02	6.32e-02	5.67e-01	3.04e-01	5.12e-02
 1.90625e+22	0.00e+00	0.00e+00	0.00e+00	3.01e-26	1.28e-22	2.72e-19	2.60e-16	9.27e-13	5.40e-10	1.00e-07	6.33e-06	1.93e-04	2.46e-03	1.38e-02	6.69e-02	5.74e-01	2.95e-01	4.76e-02
 1.94376e+22	0.00e+00	0.00e+00	0.00e+00	4.82e-26	1.95e-22	3.95e-19	3.59e-16	1.27e-12	7.21e-10	1.30e-07	7.91e-06	2.32e-04	2.84e-03	1.53e-02	7.06e-02	5.81e-01	2.86e-01	4.42e-02
 1.96947e+22	0.00e+00	0.00e+00	0.00e+00	6.53e-26	2.57e-22	5.03e-19	4.44e-16	1.55e-12	8.69e-10	1.53e-07	9.11e-06	2.61e-04	3.11e-03	1.63e-02	7.30e-02	5.85e-01	2.80e-01	4.22e-02
 1.99397e+22	0.00e+00	0.00e+00	0.00e+00	8.76e-26	3.34e-22	6.35e-19	5.42e-16	1.89e-12	1.04e-09	1.80e-07	1.05e-05	2.92e-04	3.39e-03	1.73e-02	7.55e-02	5.89e-01	2.75e-01	4.03e-02
 2.02583e+22	0.00e+00	0.00e+00	0.00e+00	1.28e-25	4.67e-22	8.54e-19	7.02e-16	2.42e-12	1.31e-09	2.22e-07	1.25e-05	3.38e-04	3.80e-03	1.87e-02	7.87e-02	5.93e-01	2.67e-01	3.79e-02
 2.06073e+22	0.00e+00	0.00e+00	0.00e+00	1.91e-25	6.73e-22	1.18e-18	9.27e-16	3.18e-12	1.68e-09	2.77e-07	1.51e-05	3.96e-04	4.29e-03	2.03e-02	8.22e-02	5.98e-01	2.60e-01	3.55e-02
 2.08986e+22	0.00e+00	0.00e+00	2.04e-29	2.68e-25	9.10e-22	1.54e-18	1.17e-15	3.98e-12	2.07e-09	3.34e-07	1.77e-05	4.51e-04	4.75e-03	2.18e-02	8.52e-02	6.01e-01	2.53e-01	3.36e-02
 2.11312e+22	0.00e+00	0.00e+00	2.72e-29	3.48e-25	1.15e-21	1.89e-18	1.40e-15	4.73e-12	2.43e-09	3.85e-07	2.00e-05	4.99e-04	5.13e-03	2.30e-02	8.76e-02	6.03e-01	2.48e-01	3.22e-02
 2.13845e+22	0.00e+00	0.00e+00	3.73e-29	4.64e-25	1.49e-21	2.36e-18	1.70e-15	5.72e-12	2.90e-09	4.51e-07	2.29e-05	5.58e-04	5.60e-03	2.43e-02	9.03e-02	6.06e-01	2.43e-01	3.06e-02
 2.17137e+22	0.00e+00	0.00e+00	5.51e-29	6.61e-25	2.04e-21	3.13e-18	2.16e-15	7.24e-12	3.60e-09	5.47e-07	2.70e-05	6.39e-04	6.21e-03	2.61e-02	9.36e-02	6.08e-01	2.36e-01	2.89e-02
 2.20633e+22	0.00e+00	0.00e+00	8.50e-29	9.79e-25	2.90e-21	4.25e-18	2.81e-15	9.40e-12	4.59e-09	6.80e-07	3.25e-05	7.44e-04	6.98e-03	2.83e-02	9.75e-02	6.11e-01	2.29e-01	2.69e-02
 2.23537e+22	0.00e+00	0.00e+00	1.21e-28	1.34e-24	3.85e-21	5.46e-18	3.49e-15	1.16e-11	5.58e-09	8.09e-07	3.78e-05	8.41e-04	7.67e-03	3.01e-02	1.01e-01	6.13e-01	2.23e-01	2.55e-02
 2.26071e+22	0.00e+00	0.00e+00	1.63e-28	1.77e-24	4.91e-21	6.75e-18	4.19e-15	1.39e-11	6.60e-09	9.40e-07	4.29e-05	9.34e-04	8.31e-03	3.18e-02	1.03e-01	6.14e-01	2.17e-01	2.43e-02
 2.28984e+22	0.00e+00	0.00e+00	2.29e-28	2.40e-24	6.45e-21	8.58e-18	5.15e-15	1.70e-11	7.97e-09	1.11e-06	4.95e-05	1.05e-03	9.09e-03	3.38e-02	1.07e-01	6.15e-01	2.12e-01	2.30e-02
 2.32771e+22	0.00e+00	0.00e+00	3.52e-28	3.55e-24	9.15e-21	1.17e-17	6.70e-15	2.21e-11	1.01e-08	1.38e-06	5.95e-05	1.22e-03	1.02e-02	3.65e-02	1.11e-01	6.16e-01	2.04e-01	2.14e-02
 2.36444e+22	0.00e+00	0.00e+00	5.44e-28	5.25e-24	1.30e-20	1.58e-17	8.69e-15	2.86e-11	1.29e-08	1.71e-06	7.16e-05	1.42e-03	1.14e-02	3.94e-02	1.15e-01	6.16e-01	1.97e-01	1.99e-02
 2.39083e+22	0.00e+00	0.00e+00	7.29e-28	6.84e-24	1.64e-20	1.94e-17	1.04e-14	3.41e-11	1.52e-08	1.98e-06	8.10e-05	1.57e-03	1.24e-02	4.15e-02	1.18e-01	6.16e-01	1.92e-01	1.89e-02
 2.41625e+22	0.00e+00	0.00e+00	9.72e-28	8.88e-24	2.07e-20	2.38e-17	1.23e-14	4.05e-11	1.78e-08	2.29e-06	9.15e-05	1.73e-03	1.33e-02	4.36e-02	1.20e-01	6.15e-01	1.87e-01	1.80e-02
 2.44929e+22	0.00e+00	0.00e+00	1.40e-27	1.23e-23	2.77e-20	3.07e-17	1.53e-14	5.02e-11	2.18e-08	2.74e-06	1.07e-04	1.96e-03	1.46e-02	4.64e-02	1.24e-01	6.15e-01	1.81e-01	1.69e-02
 2.48506e+22	0.00e+00	0.00e+00	2.08e-27	1.76e-23	3.81e-20	4.05e-17	1.94e-14	6.36e-11	2.72e-08	3.33e-06	1.26e-04	2.25e-03	1.62e-02	4.97e-02	1.28e-01	6.13e-01	1.75e-01	1.57e-02
 2.51636e+22	0.00e+00	0.00e+00	2.93e-27	2.40e-23	5.01e-20	5.14e-17	2.38e-14	7.81e-11	3.28e-08	3.95e-06	1.46e-04	2.53e-03	1.78e-02	5.27e-02	1.31e-01	6.12e-01	1.69e-01	1.48e-02
 2.54450e+22	0.00e+00	0.00e+00	3.96e-27	3.16e-23	6.39e-20	6.36e-17	2.85e-14	9.35e-11	3.89e-08	4.60e-06	1.66e-04	2.80e-03	1.92e-02	5.55e-02	1.34e-01	6.10e-01	1.64e-01	1.40e-02
 2.57656e+22	0.00e+00	0.00e+00	5.57e-27	4.29e-23	8.39e-20	8.05e-17	3.49e-14	1.14e-10	4.69e-08	5.44e-06	1.91e-04	3.15e-03	2.10e-02	5.88e-02	1.38e-01	6.07e-01	1.59e-01	1.31e-02
 2.61824e+22	0.00e+00	0.00e+00	8.62e-27	6.36e-23	1.19e-19	1.09e-16	4.51e-14	1.48e-10	5.97e-08	6.75e-06	2.29e-04	3.65e-03	2.34e-02	6.32e-02	1.42e-01	6.03e-01	1.52e-01	1.21e-02
 2.65839e+22	0.00e+00	0.00e+00	1.32e-26	9.35e-23	1.67e-19	1.47e-16	5.80e-14	1.91e-10	7.56e-08	8.34e-06	2.74e-04	4.21e-03	2.61e-02	6.78e-02	1.46e-01	5.99e-01	1.45e-01	1.11e-02
 2.68723e+22	0.00e+00	0.00e+00	1.79e-26	1.23e-22	2.13e-19	1.81e-16	6.91e-14	2.28e-10	8.92e-08	9.68e-06	3.11e-04	4.66e-03	2.82e-02	7.12e-02	1.49e-01	5.95e-01	1.40e-01	1.05e-02
 2.71538e+22	0.00e+00	0.00e+00	2.39e-26	1.59e-22	2.68e-19	2.20e-16	8.17e-14	2.69e-10	1.05e-07	1.12e-05	3.51e-04	5.14e-03	3.03e-02	7.45e-02	1.52e-01	5.92e-01	1.36e-01	9.91e-03
 2.75197e+22	0.00e+00	0.00e+00	3.46e-26	2.22e-22	3.60e-19	2.84e-16	1.01e-13	3.35e-10	1.28e-07	1.34e-05	4.09e-04	5.81e-03	3.32e-02	7.90e-02	1.56e-01	5.86e-01	1.30e-01	9.19e-03
 2.79023e+22	0.00e+00	0.00e+00	5.11e-26	3.15e-22	4.90e-19	3.71e-16	1.27e-13	4.20e-10	1.58e-07	1.62e-05	4.81e-04	6.62e-03	3.66e-02	8.40e-02	1.60e-01	5.80e-01	1.24e-01	8.47e-03
 2.82212e+22	0.00e+00	0.00e+00	7.11e-26	4.23e-22	6.36e-19	4.64e-16	1.53e-13	5.08e-10	1.90e-07	1.91e-05	5.52e-04	7.38e-03	3.97e-02	8.84e-02	1.63e-01	5.74e-01	1.20e-01	7.90e-03
 2.85059e+22	0.00e+00	0.00e+00	9.37e-26	5.43e-22	7.93e-19	5.61e-16	1.79e-13	5.97e-10	2.20e-07	2.18e-05	6.18e-04	8.07e-03	4.24e-02	9.22e-02	1.65e-01	5.69e-01	1.16e-01	7.45e-03
 2.88317e+22	0.00e+00	0.00e+00	1.29e-25	7.23e-22	1.02e-18	6.97e-16	2.15e-13	7.17e-10	2.62e-07	2.54e-05	7.04e-04	8.96e-03	4.58e-02	9.67e-02	1.68e-01	5.62e-01	1.11e-01	6.94e-03
 2.92553e+22	0.00e+00	0.00e+00	1.94e-25	1.04e-21	1.41e-18	9.20e-16	2.71e-13	9.06e-10	3.26e-07	3.10e-05	8.31e-04	1.02e-02	5.05e-02	1.03e-01	1.71e-01	5.53e-01	1.05e-01	6.34e-03
 2.96825e+22	0.00e+00	0.00e+00	2.95e-25	1.52e-21	1.96e-18	1.22e-15	3.43e-13	1.15e-09	4.08e-07	3.79e-05	9.85e-04	1.17e-02	5.58e-02	1.09e-01	1.75e-01	5.43e-01	9.92e-02	5.76e-03
 3.00151e+22	0.00e+00	0.00e+00	4.11e-25	2.04e-21	2.55e-18	1.53e-15	4.13e-13	1.39e-09	4.86e-07	4.45e-05	1.13e-03	1.30e-02	6.03e-02	1.14e-01	1.77e-01	5.34e-01	9.46e-02	5.33e-03
 3.03478e+22	0.00e+00	2.70e-29	5.61e-25	2.70e-21	3.25e-18	1.88e-15	4.92e-13	1.65e-09	5.73e-07	5.16e-05	1.28e-03	1.43e-02	6.47e-02	1.19e-01	1.79e-01	5.26e-01	9.04e-02	4.94e-03
 3.07803e+22	0.00e+00	4.17e-29	8.31e-25	3.84e-21	4.44e-18	2.46e-15	6.14e-13	2.06e-09	7.05e-07	6.20e-05	1.49e-03	1.62e-02	7.07e-02	1.26e-01	1.82e-01	5.14e-01	8.52e-02	4.50e-03
 3.12333e+22	0.00e+00	6.65e-29	1.27e-24	5.61e-21	6.20e-18	3.27e-15	7.77e-13	2.60e-09	8.78e-07	7.57e-05	1.76e-03	1.84e-02	7.77e-02	1.33e-01	1.84e-01	5.01e-01	7.98e-02	4.04e-03
 3.16065e+22	0.00e+00	9.76e-29	1.80e-24	7.66e-21	8.15e-18	4.13e-15	9.43e-13	3.15e-09	1.05e-06	8.90e-05	2.02e-03	2.05e-02	8.38e-02	1.39e-01	1.86e-01	4.90e-01	7.54e-02	3.70e-03
 3.19315e+22	0.00e+00	1.36e-28	2.43e-24	1.00e-20	1.03e-17	5.05e-15	1.11e-12	3.70e-09	1.23e-06	1.02e-04	2.27e-03	2.24e-02	8.94e-02	1.44e-01	1.87e-01	4.80e-01	7.17e-02	3.42e-03
 3.22999e+22	0.00e+00	1.93e-28	3.34e-24	1.33e-20	1.33e-17	6.26e-15	1.33e-12	4.40e-09	1.44e-06	1.18e-04	2.56e-03	2.46e-02	9.55e-02	1.49e-01	1.88e-01	4.69e-01	6.79e-02	3.14e-03
 3.27788e+22	0.00e+00	3.04e-28	5.05e-24	1.93e-20	1.84e-17	8.27e-15	1.67e-12	5.49e-09	1.77e-06	1.43e-04	2.99e-03	2.78e-02	1.04e-01	1.56e-01	1.89e-01	4.54e-01	6.31e-02	2.80e-03
 3.32797e+22	0.00e+00	4.93e-28	7.83e-24	2.86e-20	2.59e-17	1.11e-14	2.13e-12	6.92e-09	2.20e-06	1.73e-04	3.52e-03	3.15e-02	1.14e-01	1.64e-01	1.90e-01	4.37e-01	5.82e-02	2.48e-03
 3.36756e+22	0.00e+00	7.21e-28	1.10e-23	3.89e-20	3.40e-17	1.40e-14	2.58e-12	8.28e-09	2.61e-06	2.02e-04	4.00e-03	3.47e-02	1.21e-01	1.70e-01	1.90e-01	4.23e-01	5.45e-02	2.24e-03
 3.39952e+22	0.00e+00	9.76e-28	1.45e-23	4.98e-20	4.22e-17	1.68e-14	3.00e-12	9.54e-09	2.98e-06	2.28e-04	4.42e-03	3.74e-02	1.28e-01	1.74e-01	1.90e-01	4.12e-01	5.16e-02	2.07e-03
 3.43491e+22	0.00e+00	1.33e-27	1.92e-23	6.40e-20	5.27e-17	2.03e-14	3.51e-12	1.10e-08	3.40e-06	2.57e-04	4.89e-03	4.03e-02	1.35e-01	1.79e-01	1.90e-01	4.01e-01	4.88e-02	1.90e-03
 3.48091e+22	0.00e+00	1.98e-27	2.77e-23	8.88e-20	7.03e-17	2.60e-14	4.30e-12	1.33e-08	4.05e-06	3.00e-04	5.56e-03	4.45e-02	1.44e-01	1.85e-01	1.89e-01	3.86e-01	4.53e-02	1.70e-03
 3.52993e+22	0.00e+00	3.05e-27	4.10e-23	1.26e-19	9.58e-17	3.38e-14	5.35e-12	1.62e-08	4.87e-06	3.54e-04	6.38e-03	4.92e-02	1.54e-01	1.90e-01	1.87e-01	3.69e-01	4.16e-02	1.50e-03
 3.57198e+22	0.00e+00	4.38e-27	5.70e-23	1.70e-19	1.24e-16	4.22e-14	6.43e-12	1.91e-08	5.67e-06	4.07e-04	7.14e-03	5.35e-02	1.63e-01	1.95e-01	1.86e-01	3.55e-01	3.87e-02	1.35e-03
 3.61577e+22	0.00e+00	6.25e-27	7.88e-23	2.27e-19	1.61e-16	5.26e-14	7.70e-12	2.24e-08	6.57e-06	4.65e-04	7.98e-03	5.80e-02	1.72e-01	2.00e-01	1.84e-01	3.41e-01	3.60e-02	1.22e-03
 3.67271e+22	0.00e+00	9.82e-27	1.19e-22	3.28e-19	2.22e-16	6.95e-14	9.70e-12	2.75e-08	7.92e-06	5.49e-04	9.15e-03	6.41e-02	1.83e-01	2.05e-01	1.82e-01	3.23e-01	3.27e-02	1.06e-03
 3.73071e+22	0.00e+00	1.56e-26	1.81e-22	4.79e-19	3.11e-16	9.25e-14	1.23e-11	3.37e-08	9.56e-06	6.50e-04	1.05e-02	7.08e-02	1.95e-01	2.10e-01	1.78e-01	3.05e-01	2.95e-02	9.17e-04
 3.77694e+22	0.00e+00	2.23e-26	2.51e-22	6.42e-19	4.02e-16	1.15e-13	1.48e-11	3.95e-08	1.10e-05	7.39e-04	1.17e-02	7.64e-02	2.04e-01	2.13e-01	1.76e-01	2.91e-01	2.72e-02	8.17e-04
 3.82386e+22	0.00e+00	3.13e-26	3.42e-22	8.49e-19	5.15e-16	1.43e-13	1.76e-11	4.59e-08	1.27e-05	8.34e-04	1.29e-02	8.19e-02	2.13e-01	2.16e-01	1.73e-01	2.77e-01	2.51e-02	7.30e-04
 3.88486e+22	0.00e+00	4.81e-26	5.07e-22	1.21e-18	7.04e-16	1.86e-13	2.20e-11	5.54e-08	1.50e-05	9.70e-04	1.46e-02	8.92e-02	2.24e-01	2.19e-01	1.69e-01	2.60e-01	2.26e-02	6.32e-04
 3.94918e+22	0.00e+00	7.56e-26	7.65e-22	1.75e-18	9.79e-16	2.47e-13	2.78e-11	6.74e-08	1.79e-05	1.13e-03	1.65e-02	9.74e-02	2.36e-01	2.21e-01	1.64e-01	2.43e-01	2.02e-02	5.40e-04
 4.00360e+22	0.00e+00	1.09e-25	1.07e-21	2.38e-18	1.28e-15	3.12e-13	3.36e-11	7.92e-08	2.07e-05	1.29e-03	1.83e-02	1.04e-01	2.46e-01	2.23e-01	1.60e-01	2.29e-01	1.84e-02	4.74e-04
 4.05104e+22	0.00e+00	1.50e-25	1.43e-21	3.08e-18	1.61e-15	3.79e-13	3.96e-11	9.06e-08	2.33e-05	1.43e-03	1.99e-02	1.11e-01	2.53e-01	2.24e-01	1.56e-01	2.18e-01	1.69e-02	4.23e-04
 4.10360e+22	0.00e+00	2.07e-25	1.92e-21	4.03e-18	2.05e-15	4.65e-13	4.70e-11	1.04e-07	2.64e-05	1.60e-03	2.17e-02	1.17e-01	2.62e-01	2.24e-01	1.52e-01	2.06e-01	1.55e-02	3.75e-04
 4.17192e+22	0.00e+00	3.12e-25	2.80e-21	5.66e-18	2.77e-15	6.03e-13	5.83e-11	1.25e-07	3.09e-05	1.83e-03	2.42e-02	1.26e-01	2.71e-01	2.24e-01	1.47e-01	1.91e-01	1.38e-02	3.21e-04
 4.24077e+22	0.00e+00	4.74e-25	4.10e-21	7.99e-18	3.76e-15	7.85e-13	7.26e-11	1.49e-07	3.62e-05	2.10e-03	2.70e-02	1.35e-01	2.81e-01	2.24e-01	1.41e-01	1.77e-01	1.23e-02	2.74e-04
 4.29440e+22	0.00e+00	6.54e-25	5.51e-21	1.04e-17	4.76e-15	9.62e-13	8.60e-11	1.71e-07	4.08e-05	2.33e-03	2.93e-02	1.42e-01	2.88e-01	2.23e-01	1.37e-01	1.67e-01	1.12e-02	2.41e-04
 4.34822e+22	0.00e+00	8.78e-25	7.22e-21	1.33e-17	5.91e-15	1.16e-12	1.01e-10	1.94e-07	4.56e-05	2.56e-03	3.15e-02	1.49e-01	2.95e-01	2.22e-01	1.32e-01	1.57e-01	1.02e-02	2.14e-04
 4.41820e+22	0.00e+00	1.27e-24	1.01e-20	1.81e-17	7.75e-15	1.47e-12	1.22e-10	2.27e-07	5.23e-05	2.88e-03	3.45e-02	1.58e-01	3.02e-01	2.20e-01	1.27e-01	1.46e-01	9.15e-03	1.85e-04
 4.49359e+22	0.00e+00	1.89e-24	1.46e-20	2.52e-17	1.04e-14	1.89e-12	1.51e-10	2.70e-07	6.06e-05	3.26e-03	3.80e-02	1.67e-01	3.10e-01	2.17e-01	1.21e-01	1.34e-01	8.07e-03	1.56e-04
 4.55901e+22	0.00e+00	2.65e-24	1.99e-20	3.34e-17	1.34e-14	2.35e-12	1.81e-10	3.13e-07	6.87e-05	3.63e-03	4.13e-02	1.76e-01	3.16e-01	2.14e-01	1.16e-01	1.25e-01	7.24e-03	1.35e-04
 4.61803e+22	0.00e+00	3.57e-24	2.61e-20	4.27e-17	1.67e-14	2.84e-12	2.12e-10	3.55e-07	7.65e-05	3.97e-03	4.42e-02	1.83e-01	3.21e-01	2.12e-01	1.12e-01	1.17e-01	6.57e-03	1.19e-04
 4.68569e+22	0.00e+00	4.88e-24	3.48e-20	5.55e-17	2.10e-14	3.47e-12	2.51e-10	4.06e-07	8.59e-05	4.37e-03	4.76e-02	1.91e-01	3.26e-01	2.09e-01	1.07e-01	1.09e-01	5.93e-03	1.04e-04
 4.76023e+22	0.00e+00	6.92e-24	4.81e-20	7.43e-17	2.73e-14	4.35e-12	3.04e-10	4.73e-07	9.76e-05	4.86e-03	5.15e-02	2.00e-01	3.30e-01	2.05e-01	1.02e-01	1.00e-01	5.26e-03	8.91e-05
 4.82701e+22	0.00e+00	9.46e-24	6.41e-20	9.64e-17	3.44e-14	5.31e-12	3.59e-10	5.40e-07	1.09e-04	5.34e-03	5.53e-02	2.08e-01	3.34e-01	2.01e-01	9.78e-02	9.32e-02	4.72e-03	7.73e-05
 4.88680e+22	0.00e+00	1.22e-23	8.13e-20	1.20e-16	4.18e-14	6.27e-12	4.13e-10	6.04e-07	1.20e-04	5.77e-03	5.85e-02	2.15e-01	3.37e-01	1.98e-01	9.41e-02	8.76e-02	4.32e-03	6.88e-05
 4.95418e+22	0.00e+00	1.63e-23	1.06e-19	1.52e-16	5.16e-14	7.54e-12	4.82e-10	6.84e-07	1.33e-04	6.27e-03	6.23e-02	2.22e-01	3.39e-01	1.94e-01	9.00e-02	8.16e-02	3.90e-03	6.04e-05
 5.04178e+22	0.00e+00	2.32e-23	1.47e-19	2.04e-16	6.73e-14	9.49e-12	5.85e-10	7.98e-07	1.51e-04	6.97e-03	6.72e-02	2.31e-01	3.42e-01	1.89e-01	8.50e-02	7.46e-02	3.43e-03	5.11e-05
 5.13341e+22	0.00e+00	3.38e-23	2.07e-19	2.80e-16	8.91e-14	1.21e-11	7.17e-10	9.39e-07	1.73e-04	7.77e-03	7.28e-02	2.41e-01	3.44e-01	1.83e-01	7.98e-02	6.76e-02	2.99e-03	4.27e-05
 5.20971e+22	0.00e+00	4.59e-23	2.74e-19	3.61e-16	1.12e-13	1.47e-11	8.47e-10	1.07e-06	1.93e-04	8.48e-03	7.75e-02	2.49e-01	3.46e-01	1.79e-01	7.58e-02	6.24e-02	2.67e-03	3.69e-05
 5.28829e+22	0.00e+00	6.14e-23	3.59e-19	4.61e-16	1.39e-13	1.78e-11	9.93e-10	1.22e-06	2.14e-04	9.21e-03	8.22e-02	2.56e-01	3.46e-01	1.74e-01	7.19e-02	5.76e-02	2.39e-03	3.20e-05
 5.39046e+22	0.00e+00	8.85e-23	5.02e-19	6.25e-16	1.83e-13	2.26e-11	1.21e-09	1.42e-06	2.44e-04	1.02e-02	8.84e-02	2.65e-01	3.46e-01	1.68e-01	6.73e-02	5.21e-02	2.07e-03	2.67e-05
 5.49827e+22	0.00e+00	1.31e-22	7.19e-19	8.68e-16	2.45e-13	2.91e-11	1.50e-09	1.69e-06	2.80e-04	1.14e-02	9.55e-02	2.75e-01	3.46e-01	1.61e-01	6.25e-02	4.67e-02	1.78e-03	2.20e-05
 5.58884e+22	0.00e+00	1.79e-22	9.62e-19	1.13e-15	3.10e-13	3.57e-11	1.78e-09	1.94e-06	3.13e-04	1.24e-02	1.01e-01	2.82e-01	3.45e-01	1.56e-01	5.87e-02	4.26e-02	1.57e-03	1.87e-05
 5.66673e+22	0.00e+00	2.33e-22	1.22e-18	1.41e-15	3.78e-13	4.23e-11	2.06e-09	2.17e-06	3.43e-04	1.34e-02	1.07e-01	2.88e-01	3.44e-01	1.51e-01	5.57e-02	3.95e-02	1.41e-03	1.64e-05
 5.75270e+22	0.00e+00	3.06e-22	1.57e-18	1.77e-15	4.63e-13	5.05e-11	2.39e-09	2.45e-06	3.78e-04	1.44e-02	1.12e-01	2.94e-01	3.42e-01	1.47e-01	5.27e-02	3.64e-02	1.27e-03	1.43e-05
 5.86447e+22	0.00e+00	4.32e-22	2.16e-18	2.36e-15	5.99e-13	6.32e-11	2.89e-09	2.84e-06	4.26e-04	1.58e-02	1.19e-01	3.02e-01	3.39e-01	1.40e-01	4.90e-02	3.28e-02	1.10e-03	1.19e-05
 5.98307e+22	0.00e+00	6.24e-22	3.04e-18	3.21e-15	7.90e-13	8.03e-11	3.53e-09	3.34e-06	4.84e-04	1.74e-02	1.27e-01	3.10e-01	3.36e-01	1.34e-01	4.53e-02	2.93e-02	9.40e-04	9.79e-06
 6.08459e+22	0.00e+00	8.47e-22	4.02e-18	4.15e-15	9.93e-13	9.79e-11	4.18e-09	3.81e-06	5.38e-04	1.89e-02	1.34e-01	3.16e-01	3.32e-01	1.29e-01	4.23e-02	2.66e-02	8.26e-04	8.32e-06
 6.19061e+22	0.00e+00	1.14e-21	5.28e-18	5.32e-15	1.24e-12	1.19e-10	4.92e-09	4.33e-06	5.96e-04	2.04e-02	1.41e-01	3.22e-01	3.28e-01	1.23e-01	3.96e-02	2.42e-02	7.28e-04	7.09e-06
 6.32844e+22	0.00e+00	1.64e-21	7.40e-18	7.23e-15	1.63e-12	1.50e-10	6.01e-09	5.08e-06	6.76e-04	2.24e-02	1.50e-01	3.28e-01	3.23e-01	1.17e-01	3.64e-02	2.16e-02	6.21e-04	5.81e-06
 6.47621e+22	0.00e+00	2.46e-21	1.07e-17	1.01e-14	2.20e-12	1.96e-10	7.49e-09	6.05e-06	7.75e-04	2.48e-02	1.60e-01	3.35e-01	3.17e-01	1.10e-01	3.30e-02	1.89e-02	5.20e-04	4.65e-06
 6.60397e+22	0.00e+00	3.44e-21	1.46e-17	1.34e-14	2.83e-12	2.43e-10	9.00e-09	7.00e-06	8.69e-04	2.70e-02	1.69e-01	3.40e-01	3.11e-01	1.04e-01	3.04e-02	1.69e-02	4.47e-04	3.86e-06
 6.73711e+22	0.00e+00	4.75e-21	1.97e-17	1.76e-14	3.60e-12	2.99e-10	1.07e-08	8.05e-06	9.69e-04	2.92e-02	1.77e-01	3.45e-01	3.05e-01	9.90e-02	2.81e-02	1.51e-02	3.87e-04	3.21e-06
 6.88510e+22	0.00e+00	6.77e-21	2.73e-17	2.36e-14	4.68e-12	3.76e-10	1.30e-08	9.37e-06	1.09e-03	3.19e-02	1.87e-01	3.49e-01	2.98e-01	9.33e-02	2.57e-02	1.34e-02	3.29e-04	2.63e-06
 7.02280e+22	3.04e-29	9.40e-21	3.69e-17	3.11e-14	5.99e-12	4.66e-10	1.56e-08	1.08e-05	1.22e-03	3.45e-02	1.96e-01	3.53e-01	2.92e-01	8.81e-02	2.35e-02	1.19e-02	2.82e-04	2.17e-06
 7.15142e+22	3.84e-29	1.25e-20	4.81e-17	3.95e-14	7.42e-12	5.61e-10	1.82e-08	1.22e-05	1.34e-03	3.70e-02	2.04e-01	3.56e-01	2.85e-01	8.37e-02	2.18e-02	1.08e-02	2.47e-04	1.84e-06
 7.29780e+22	4.99e-29	1.72e-20	6.43e-17	5.14e-14	9.38e-12	6.87e-10	2.16e-08	1.40e-05	1.49e-03	3.98e-02	2.13e-01	3.59e-01	2.78e-01	7.90e-02	2.00e-02	9.61e-03	2.12e-04	1.53e-06
 7.46257e+22	6.60e-29	2.43e-20	8.84e-17	6.87e-14	1.21e-11	8.59e-10	2.61e-08	1.62e-05	1.67e-03	4.32e-02	2.23e-01	3.61e-01	2.70e-01	7.39e-02	1.82e-02	8.47e-03	1.80e-04	1.24e-06
 7.61813e+22	8.54e-29	3.35e-20	1.19e-16	8.97e-14	1.54e-11	1.06e-09	3.10e-08	1.86e-05	1.85e-03	4.65e-02	2.33e-01	3.63e-01	2.63e-01	6.95e-02	1.66e-02	7.52e-03	1.54e-04	1.03e-06
 7.76392e+22	1.07e-28	4.45e-20	1.54e-16	1.14e-13	1.90e-11	1.27e-09	3.62e-08	2.10e-05	2.03e-03	4.96e-02	2.41e-01	3.64e-01	2.56e-01	6.56e-02	1.53e-02	6.76e-03	1.34e-04	8.64e-07
 7.93011e+22	1.39e-28	6.08e-20	2.06e-16	1.48e-13	2.40e-11	1.55e-09	4.29e-08	2.40e-05	2.24e-03	5.32e-02	2.51e-01	3.64e-01	2.48e-01	6.15e-02	1.40e-02	6.00e-03	1.15e-04	7.13e-07
 8.14615e+22	1.88e-28	8.83e-20	2.90e-16	2.01e-13	3.16e-11	1.97e-09	5.24e-08	2.80e-05	2.53e-03	5.78e-02	2.62e-01	3.65e-01	2.38e-01	5.69e-02	1.25e-02	5.19e-03	9.51e-05	5.67e-07
 8.37129e+22	2.61e-28	1.33e-19	4.23e-16	2.84e-13	4.29e-11	2.56e-09	6.54e-08	3.33e-05	2.88e-03	6.32e-02	2.74e-01	3.64e-01	2.28e-01	5.20e-02	1.10e-02	4.42e-03	7.70e-05	4.37e-07
 8.55287e+22	3.35e-28	1.82e-19	5.64e-16	3.69e-13	5.42e-11	3.13e-09	7.74e-08	3.80e-05	3.18e-03	6.76e-02	2.84e-01	3.63e-01	2.20e-01	4.85e-02	1.00e-02	3.90e-03	6.55e-05	3.59e-07
 8.73356e+22	4.24e-28	2.43e-19	7.36e-16	4.69e-13	6.71e-11	3.77e-09	9.04e-08	4.29e-05	3.48e-03	7.19e-02	2.93e-01	3.62e-01	2.12e-01	4.53e-02	9.14e-03	3.46e-03	5.63e-05	2.98e-07
 8.96845e+22	5.63e-28	3.45e-19	1.02e-15	6.28e-13	8.71e-11	4.71e-09	1.09e-07	4.97e-05	3.88e-03	7.74e-02	3.04e-01	3.59e-01	2.03e-01	4.17e-02	8.17e-03	3.00e-03	4.67e-05	2.37e-07
 9.22469e+22	7.69e-28	5.11e-19	1.46e-15	8.72e-13	1.17e-10	6.07e-09	1.35e-07	5.86e-05	4.38e-03	8.39e-02	3.16e-01	3.56e-01	1.92e-01	3.79e-02	7.17e-03	2.54e-03	3.78e-05	1.83e-07
 9.45020e+22	1.00e-27	7.15e-19	1.99e-15	1.15e-12	1.50e-10	7.53e-09	1.62e-07	6.74e-05	4.86e-03	8.99e-02	3.26e-01	3.53e-01	1.83e-01	3.48e-02	6.40e-03	2.20e-03	3.14e-05	1.46e-07
 9.65348e+22	1.25e-27	9.43e-19	2.57e-15	1.45e-12	1.84e-10	8.98e-09	1.87e-07	7.56e-05	5.29e-03	9.50e-02	3.34e-01	3.49e-01	1.76e-01	3.25e-02	5.83e-03	1.95e-03	2.69e-05	0.00e+00
 9.88632e+22	1.60e-27	1.28e-18	3.40e-15	1.88e-12	2.31e-10	1.09e-08	2.21e-07	8.58e-05	5.81e-03	1.01e-01	3.43e-01	3.45e-01	1.68e-01	2.99e-02	5.23e-03	1.71e-03	2.27e-05	0.00e+00
 1.01424e+23	2.07e-27	1.78e-18	4.60e-15	2.47e-12	2.95e-10	1.35e-08	2.64e-07	9.83e-05	6.41e-03	1.08e-01	3.52e-01	3.40e-01	1.60e-01	2.74e-02	4.66e-03	1.47e-03	1.88e-05	0.00e+00
 1.03741e+23	2.60e-27	2.38e-18	6.04e-15	3.16e-12	3.68e-10	1.63e-08	3.09e-07	1.11e-04	7.01e-03	1.14e-01	3.61e-01	3.35e-01	1.52e-01	2.52e-02	4.18e-03	1.29e-03	1.58e-05	0.00e+00
 1.05867e+23	3.16e-27	3.06e-18	7.61e-15	3.90e-12	4.43e-10	1.92e-08	3.54e-07	1.23e-04	7.55e-03	1.19e-01	3.68e-01	3.31e-01	1.46e-01	2.35e-02	3.82e-03	1.15e-03	1.37e-05	0.00e+00
 1.08291e+23	3.92e-27	4.00e-18	9.74e-15	4.88e-12	5.41e-10	2.28e-08	4.09e-07	1.38e-04	8.18e-03	1.26e-01	3.75e-01	3.26e-01	1.39e-01	2.18e-02	3.45e-03	1.01e-03	1.16e-05	0.00e+00
 1.11443e+23	4.99e-27	5.49e-18	1.30e-14	6.37e-12	6.86e-10	2.80e-08	4.85e-07	1.57e-04	8.99e-03	1.33e-01	3.83e-01	3.19e-01	1.32e-01	1.98e-02	3.06e-03	8.69e-04	9.61e-06	0.00e+00
 1.14883e+23	6.56e-27	7.85e-18	1.82e-14	8.61e-12	8.97e-10	3.53e-08	5.90e-07	1.82e-04	1.00e-02	1.42e-01	3.92e-01	3.12e-01	1.23e-01	1.78e-02	2.66e-03	7.31e-04	7.71e-06	0.00e+00
 1.17898e+23	8.30e-27	1.07e-17	2.42e-14	1.12e-11	1.13e-09	4.32e-08	6.99e-07	2.07e-04	1.10e-02	1.51e-01	3.99e-01	3.04e-01	1.16e-01	1.61e-02	2.35e-03	6.26e-04	6.34e-06	0.00e+00
 1.20559e+23	1.01e-26	1.38e-17	3.08e-14	1.39e-11	1.38e-09	5.11e-08	8.05e-07	2.31e-04	1.18e-02	1.58e-01	4.05e-01	2.98e-01	1.10e-01	1.48e-02	2.11e-03	5.49e-04	5.37e-06	0.00e+00
 1.23558e+23	1.23e-26	1.78e-17	3.89e-14	1.72e-11	1.67e-09	6.03e-08	9.25e-07	2.56e-04	1.27e-02	1.65e-01	4.11e-01	2.91e-01	1.04e-01	1.36e-02	1.90e-03	4.82e-04	4.56e-06	0.00e+00
