#depth	Ne	Ne+	Ne+2	Ne+3	Ne+4	Ne+5	Ne+6	Ne+7	Ne+8	Ne+9	Ne+10
 6.17135e+19	0.00e+00	0.00e+00	0.00e+00	0.00e+00	2.45e-27	1.03e-21	1.51e-16	9.40e-12	6.67e-07	1.56e-03	9.98e-01
 1.87609e+20	0.00e+00	0.00e+00	0.00e+00	0.00e+00	3.96e-27	1.53e-21	2.07e-16	1.19e-11	7.82e-07	1.69e-03	9.98e-01
 3.18540e+20	0.00e+00	0.00e+00	0.00e+00	0.00e+00	6.44e-27	2.29e-21	2.84e-16	1.50e-11	9.17e-07	1.83e-03	9.98e-01
 4.54709e+20	0.00e+00	0.00e+00	0.00e+00	0.00e+00	1.05e-26	3.42e-21	3.90e-16	1.89e-11	1.08e-06	1.99e-03	9.98e-01
 5.74411e+20	0.00e+00	0.00e+00	0.00e+00	0.00e+00	1.59e-26	4.82e-21	5.10e-16	2.31e-11	1.23e-06	2.13e-03	9.98e-01
 6.66685e+20	0.00e+00	0.00e+00	0.00e+00	0.00e+00	2.17e-26	6.23e-21	6.24e-16	2.68e-11	1.37e-06	2.25e-03	9.98e-01
 7.48882e+20	0.00e+00	0.00e+00	0.00e+00	0.00e+00	2.84e-26	7.80e-21	7.45e-16	3.04e-11	1.49e-06	2.36e-03	9.98e-01
 8.41357e+20	0.00e+00	0.00e+00	0.00e+00	0.00e+00	3.84e-26	9.98e-21	9.04e-16	3.51e-11	1.65e-06	2.48e-03	9.98e-01
 9.61573e+20	0.00e+00	0.00e+00	0.00e+00	4.50e-32	5.61e-26	1.36e-20	1.16e-15	4.20e-11	1.86e-06	2.64e-03	9.97e-01
 1.08324e+21	0.00e+00	0.00e+00	0.00e+00	7.01e-32	8.18e-26	1.86e-20	1.47e-15	5.01e-11	2.11e-06	2.82e-03	9.97e-01
 1.17841e+21	0.00e+00	0.00e+00	0.00e+00	9.83e-32	1.09e-25	2.35e-20	1.77e-15	5.73e-11	2.31e-06	2.96e-03	9.97e-01
 1.27376e+21	0.00e+00	0.00e+00	0.00e+00	1.37e-31	1.45e-25	2.97e-20	2.12e-15	6.54e-11	2.54e-06	3.10e-03	9.97e-01
 1.39771e+21	0.00e+00	0.00e+00	0.00e+00	2.10e-31	2.07e-25	3.99e-20	2.68e-15	7.73e-11	2.85e-06	3.30e-03	9.97e-01
 1.52616e+21	0.00e+00	0.00e+00	0.00e+00	3.24e-31	2.99e-25	5.39e-20	3.38e-15	9.16e-11	3.21e-06	3.51e-03	9.96e-01
 1.63081e+21	0.00e+00	0.00e+00	0.00e+00	4.56e-31	4.00e-25	6.84e-20	4.07e-15	1.05e-10	3.53e-06	3.68e-03	9.96e-01
 1.73722e+21	0.00e+00	0.00e+00	0.00e+00	6.44e-31	5.35e-25	8.68e-20	4.90e-15	1.20e-10	3.88e-06	3.87e-03	9.96e-01
 1.84877e+21	0.00e+00	0.00e+00	0.00e+00	9.20e-31	7.24e-25	1.11e-19	5.93e-15	1.37e-10	4.28e-06	4.07e-03	9.96e-01
 1.94277e+21	0.00e+00	0.00e+00	0.00e+00	1.23e-30	9.27e-25	1.36e-19	6.94e-15	1.54e-10	4.63e-06	4.25e-03	9.96e-01
 2.04073e+21	0.00e+00	0.00e+00	0.00e+00	1.67e-30	1.20e-24	1.68e-19	8.16e-15	1.73e-10	5.03e-06	4.44e-03	9.96e-01
 2.16808e+21	0.00e+00	0.00e+00	0.00e+00	2.46e-30	1.66e-24	2.19e-19	1.00e-14	2.01e-10	5.59e-06	4.69e-03	9.95e-01
 2.29610e+21	0.00e+00	0.00e+00	0.00e+00	3.61e-30	2.30e-24	2.85e-19	1.23e-14	2.32e-10	6.20e-06	4.95e-03	9.95e-01
 2.39468e+21	0.00e+00	0.00e+00	0.00e+00	4.83e-30	2.94e-24	3.48e-19	1.44e-14	2.59e-10	6.71e-06	5.16e-03	9.95e-01
 2.49252e+21	0.00e+00	0.00e+00	0.00e+00	6.42e-30	3.73e-24	4.24e-19	1.67e-14	2.89e-10	7.25e-06	5.38e-03	9.95e-01
 2.61970e+21	0.00e+00	0.00e+00	0.00e+00	9.24e-30	5.08e-24	5.44e-19	2.03e-14	3.31e-10	8.00e-06	5.66e-03	9.94e-01
 2.75085e+21	0.00e+00	0.00e+00	0.00e+00	1.34e-29	6.94e-24	7.03e-19	2.47e-14	3.81e-10	8.85e-06	5.97e-03	9.94e-01
 2.85839e+21	0.00e+00	0.00e+00	0.00e+00	1.81e-29	8.94e-24	8.63e-19	2.89e-14	4.26e-10	9.59e-06	6.23e-03	9.94e-01
 2.94818e+21	0.00e+00	0.00e+00	0.00e+00	2.33e-29	1.11e-23	1.03e-18	3.30e-14	4.68e-10	1.03e-05	6.46e-03	9.94e-01
 3.04361e+21	0.00e+00	0.00e+00	0.00e+00	3.02e-29	1.37e-23	1.22e-18	3.78e-14	5.15e-10	1.10e-05	6.70e-03	9.93e-01
 3.16768e+21	0.00e+00	0.00e+00	0.00e+00	4.22e-29	1.82e-23	1.54e-18	4.50e-14	5.84e-10	1.20e-05	7.03e-03	9.93e-01
 3.29247e+21	0.00e+00	0.00e+00	0.00e+00	5.90e-29	2.42e-23	1.94e-18	5.37e-14	6.61e-10	1.32e-05	7.37e-03	9.93e-01
 3.39031e+21	0.00e+00	0.00e+00	0.00e+00	7.64e-29	3.00e-23	2.31e-18	6.15e-14	7.27e-10	1.41e-05	7.64e-03	9.92e-01
 3.48961e+21	0.00e+00	0.00e+00	0.00e+00	9.92e-29	3.74e-23	2.76e-18	7.05e-14	8.00e-10	1.51e-05	7.93e-03	9.92e-01
 3.61871e+21	0.00e+00	0.00e+00	0.00e+00	1.39e-28	4.96e-23	3.47e-18	8.39e-14	9.06e-10	1.66e-05	8.31e-03	9.92e-01
 3.74825e+21	0.00e+00	0.00e+00	0.00e+00	1.94e-28	6.57e-23	4.36e-18	1.00e-13	1.02e-09	1.81e-05	8.71e-03	9.91e-01
 3.84935e+21	0.00e+00	0.00e+00	0.00e+00	2.51e-28	8.17e-23	5.21e-18	1.14e-13	1.13e-09	1.94e-05	9.03e-03	9.91e-01
 3.95177e+21	0.00e+00	0.00e+00	0.00e+00	3.25e-28	1.02e-22	6.21e-18	1.31e-13	1.24e-09	2.08e-05	9.37e-03	9.91e-01
 4.08491e+21	0.00e+00	0.00e+00	0.00e+00	4.54e-28	1.34e-22	7.80e-18	1.56e-13	1.40e-09	2.27e-05	9.81e-03	9.90e-01
 4.21341e+21	0.00e+00	0.00e+00	0.00e+00	6.25e-28	1.76e-22	9.70e-18	1.84e-13	1.57e-09	2.47e-05	1.03e-02	9.90e-01
 4.30648e+21	0.00e+00	0.00e+00	0.00e+00	7.87e-28	2.13e-22	1.14e-17	2.08e-13	1.71e-09	2.63e-05	1.06e-02	9.89e-01
 4.39811e+21	0.00e+00	0.00e+00	0.00e+00	9.84e-28	2.58e-22	1.32e-17	2.33e-13	1.86e-09	2.79e-05	1.09e-02	9.89e-01
 4.51723e+21	0.00e+00	0.00e+00	0.00e+00	1.32e-27	3.29e-22	1.61e-17	2.71e-13	2.07e-09	3.01e-05	1.14e-02	9.89e-01
 4.64337e+21	0.00e+00	0.00e+00	0.00e+00	1.79e-27	4.25e-22	1.99e-17	3.18e-13	2.31e-09	3.27e-05	1.19e-02	9.88e-01
 4.75157e+21	0.00e+00	0.00e+00	0.00e+00	2.31e-27	5.29e-22	2.37e-17	3.64e-13	2.54e-09	3.50e-05	1.23e-02	9.88e-01
 4.84770e+21	0.00e+00	0.00e+00	0.00e+00	2.92e-27	6.42e-22	2.78e-17	4.11e-13	2.77e-09	3.72e-05	1.27e-02	9.87e-01
 4.95518e+21	0.00e+00	0.00e+00	0.00e+00	3.75e-27	7.94e-22	3.30e-17	4.69e-13	3.04e-09	3.98e-05	1.31e-02	9.87e-01
 5.09491e+21	0.00e+00	0.00e+00	0.00e+00	5.21e-27	1.05e-21	4.13e-17	5.57e-13	3.43e-09	4.34e-05	1.37e-02	9.86e-01
 5.23412e+21	0.00e+00	0.00e+00	0.00e+00	7.21e-27	1.38e-21	5.16e-17	6.60e-13	3.87e-09	4.73e-05	1.44e-02	9.86e-01
 5.34139e+21	0.00e+00	0.00e+00	0.00e+00	9.25e-27	1.70e-21	6.12e-17	7.52e-13	4.24e-09	5.05e-05	1.49e-02	9.85e-01
 5.43467e+21	0.00e+00	0.00e+00	0.00e+00	1.15e-26	2.04e-21	7.10e-17	8.43e-13	4.59e-09	5.34e-05	1.53e-02	9.85e-01
 5.54100e+21	0.00e+00	0.00e+00	0.00e+00	1.46e-26	2.50e-21	8.38e-17	9.57e-13	5.02e-09	5.69e-05	1.58e-02	9.84e-01
 5.67922e+21	0.00e+00	0.00e+00	0.00e+00	2.00e-26	3.25e-21	1.04e-16	1.13e-12	5.64e-09	6.18e-05	1.65e-02	9.83e-01
 5.81988e+21	0.00e+00	0.00e+00	0.00e+00	2.75e-26	4.25e-21	1.29e-16	1.33e-12	6.35e-09	6.72e-05	1.72e-02	9.83e-01
 5.93244e+21	0.00e+00	0.00e+00	3.69e-32	3.54e-26	5.26e-21	1.54e-16	1.52e-12	6.98e-09	7.18e-05	1.78e-02	9.82e-01
 6.04750e+21	0.00e+00	0.00e+00	4.96e-32	4.57e-26	6.52e-21	1.83e-16	1.74e-12	7.68e-09	7.68e-05	1.84e-02	9.82e-01
 6.19709e+21	0.00e+00	0.00e+00	7.27e-32	6.34e-26	8.60e-21	2.30e-16	2.08e-12	8.69e-09	8.37e-05	1.92e-02	9.81e-01
 6.34474e+21	0.00e+00	0.00e+00	1.06e-31	8.77e-26	1.13e-20	2.88e-16	2.46e-12	9.82e-09	9.11e-05	2.01e-02	9.80e-01
 6.45651e+21	0.00e+00	0.00e+00	1.40e-31	1.12e-25	1.39e-20	3.40e-16	2.80e-12	1.08e-08	9.71e-05	2.07e-02	9.79e-01
 6.56848e+21	0.00e+00	0.00e+00	1.85e-31	1.42e-25	1.70e-20	4.02e-16	3.19e-12	1.18e-08	1.03e-04	2.14e-02	9.79e-01
 6.71403e+21	0.00e+00	0.00e+00	2.65e-31	1.93e-25	2.21e-20	4.98e-16	3.76e-12	1.33e-08	1.12e-04	2.23e-02	9.78e-01
 6.86609e+21	0.00e+00	0.00e+00	3.84e-31	2.67e-25	2.90e-20	6.22e-16	4.46e-12	1.50e-08	1.22e-04	2.32e-02	9.77e-01
 6.99350e+21	0.00e+00	0.00e+00	5.23e-31	3.48e-25	3.63e-20	7.48e-16	5.14e-12	1.66e-08	1.31e-04	2.40e-02	9.76e-01
 7.12605e+21	0.00e+00	0.00e+00	7.16e-31	4.57e-25	4.57e-20	9.03e-16	5.95e-12	1.84e-08	1.40e-04	2.49e-02	9.75e-01
 7.27306e+21	0.00e+00	0.00e+00	1.01e-30	6.16e-25	5.89e-20	1.11e-15	6.99e-12	2.07e-08	1.52e-04	2.59e-02	9.74e-01
 7.40880e+21	0.00e+00	0.00e+00	1.39e-30	8.10e-25	7.42e-20	1.35e-15	8.10e-12	2.30e-08	1.63e-04	2.68e-02	9.73e-01
 7.53588e+21	0.00e+00	0.00e+00	1.87e-30	1.05e-24	9.24e-20	1.61e-15	9.31e-12	2.54e-08	1.74e-04	2.77e-02	9.72e-01
 7.68177e+21	0.00e+00	0.00e+00	2.59e-30	1.39e-24	1.17e-19	1.96e-15	1.08e-11	2.83e-08	1.88e-04	2.88e-02	9.71e-01
 7.84198e+21	0.00e+00	0.00e+00	3.70e-30	1.89e-24	1.52e-19	2.43e-15	1.28e-11	3.19e-08	2.03e-04	2.99e-02	9.70e-01
 7.98609e+21	0.00e+00	0.00e+00	5.09e-30	2.49e-24	1.92e-19	2.94e-15	1.49e-11	3.55e-08	2.18e-04	3.10e-02	9.69e-01
 8.11799e+21	0.00e+00	0.00e+00	6.77e-30	3.18e-24	2.37e-19	3.50e-15	1.70e-11	3.91e-08	2.33e-04	3.20e-02	9.68e-01
 8.26878e+21	0.00e+00	0.00e+00	9.32e-30	4.20e-24	3.00e-19	4.25e-15	1.97e-11	4.36e-08	2.51e-04	3.32e-02	9.67e-01
 8.43688e+21	0.00e+00	0.00e+00	1.33e-29	5.70e-24	3.89e-19	5.26e-15	2.33e-11	4.92e-08	2.71e-04	3.45e-02	9.65e-01
 8.58977e+21	0.00e+00	0.00e+00	1.82e-29	7.49e-24	4.91e-19	6.37e-15	2.71e-11	5.48e-08	2.92e-04	3.57e-02	9.64e-01
 8.72746e+21	0.00e+00	0.00e+00	2.40e-29	9.53e-24	6.02e-19	7.55e-15	3.09e-11	6.02e-08	3.11e-04	3.69e-02	9.63e-01
 8.88309e+21	0.00e+00	0.00e+00	3.26e-29	1.24e-23	7.56e-19	9.11e-15	3.57e-11	6.69e-08	3.33e-04	3.81e-02	9.62e-01
 9.08541e+21	0.00e+00	0.00e+00	4.83e-29	1.75e-23	1.01e-18	1.16e-14	4.30e-11	7.66e-08	3.64e-04	3.98e-02	9.60e-01
 9.29003e+21	0.00e+00	0.00e+00	7.14e-29	2.45e-23	1.35e-18	1.47e-14	5.18e-11	8.76e-08	3.98e-04	4.16e-02	9.58e-01
 9.45311e+21	0.00e+00	0.00e+00	9.68e-29	3.19e-23	1.69e-18	1.77e-14	5.99e-11	9.74e-08	4.27e-04	4.30e-02	9.57e-01
 9.62060e+21	0.00e+00	0.00e+00	1.31e-28	4.15e-23	2.11e-18	2.13e-14	6.92e-11	1.08e-07	4.57e-04	4.45e-02	9.55e-01
 9.83834e+21	0.00e+00	0.00e+00	1.93e-28	5.80e-23	2.80e-18	2.69e-14	8.32e-11	1.24e-07	4.99e-04	4.65e-02	9.53e-01
 1.00551e+22	0.00e+00	0.00e+00	2.82e-28	8.06e-23	3.71e-18	3.40e-14	9.98e-11	1.41e-07	5.44e-04	4.85e-02	9.51e-01
 1.02225e+22	0.00e+00	0.00e+00	3.75e-28	1.03e-22	4.59e-18	4.05e-14	1.14e-10	1.56e-07	5.81e-04	5.00e-02	9.49e-01
 1.03920e+22	0.00e+00	0.00e+00	4.97e-28	1.32e-22	5.65e-18	4.81e-14	1.31e-10	1.72e-07	6.20e-04	5.16e-02	9.48e-01
 1.06123e+22	0.00e+00	0.00e+00	7.11e-28	1.80e-22	7.36e-18	6.00e-14	1.56e-10	1.95e-07	6.73e-04	5.37e-02	9.46e-01
 1.08455e+22	0.00e+00	0.00e+00	1.03e-27	2.49e-22	9.71e-18	7.54e-14	1.86e-10	2.22e-07	7.33e-04	5.60e-02	9.43e-01
 1.10464e+22	0.00e+00	0.00e+00	1.41e-27	3.27e-22	1.23e-17	9.14e-14	2.16e-10	2.48e-07	7.88e-04	5.79e-02	9.41e-01
 1.12584e+22	0.00e+00	0.00e+00	1.95e-27	4.32e-22	1.56e-17	1.11e-13	2.53e-10	2.78e-07	8.48e-04	6.00e-02	9.39e-01
 1.14970e+22	0.00e+00	0.00e+00	2.78e-27	5.89e-22	2.03e-17	1.39e-13	3.00e-10	3.15e-07	9.21e-04	6.25e-02	9.37e-01
 1.17128e+22	0.00e+00	0.00e+00	3.82e-27	7.75e-22	2.56e-17	1.69e-13	3.50e-10	3.52e-07	9.90e-04	6.47e-02	9.34e-01
 1.19012e+22	0.00e+00	0.00e+00	5.01e-27	9.82e-22	3.14e-17	1.99e-13	3.99e-10	3.87e-07	1.05e-03	6.67e-02	9.32e-01
 1.21115e+22	0.00e+00	0.00e+00	6.71e-27	1.26e-21	3.89e-17	2.39e-13	4.59e-10	4.29e-07	1.13e-03	6.88e-02	9.30e-01
 1.23848e+22	0.00e+00	0.00e+00	9.75e-27	1.75e-21	5.14e-17	3.01e-13	5.50e-10	4.90e-07	1.23e-03	7.17e-02	9.27e-01
 1.26655e+22	0.00e+00	0.00e+00	1.42e-26	2.43e-21	6.81e-17	3.80e-13	6.61e-10	5.60e-07	1.34e-03	7.48e-02	9.24e-01
 1.28950e+22	0.00e+00	0.00e+00	1.93e-26	3.16e-21	8.52e-17	4.58e-13	7.65e-10	6.23e-07	1.44e-03	7.73e-02	9.21e-01
 1.31327e+22	0.00e+00	0.00e+00	2.60e-26	4.10e-21	1.06e-16	5.50e-13	8.84e-10	6.92e-07	1.54e-03	7.99e-02	9.19e-01
 1.34417e+22	0.00e+00	0.00e+00	3.85e-26	5.78e-21	1.43e-16	7.02e-13	1.07e-09	7.96e-07	1.69e-03	8.34e-02	9.15e-01
 1.37579e+22	0.00e+00	4.32e-32	5.70e-26	8.12e-21	1.91e-16	8.94e-13	1.29e-09	9.14e-07	1.85e-03	8.70e-02	9.11e-01
 1.40157e+22	0.00e+00	6.15e-32	7.79e-26	1.07e-20	2.41e-16	1.08e-12	1.51e-09	1.02e-06	1.98e-03	9.00e-02	9.08e-01
 1.42443e+22	0.00e+00	8.38e-32	1.02e-25	1.35e-20	2.95e-16	1.28e-12	1.72e-09	1.12e-06	2.11e-03	9.27e-02	9.05e-01
 1.45024e+22	0.00e+00	1.18e-31	1.38e-25	1.75e-20	3.68e-16	1.54e-12	1.99e-09	1.25e-06	2.26e-03	9.58e-02	9.02e-01
 1.48380e+22	0.00e+00	1.81e-31	2.02e-25	2.44e-20	4.88e-16	1.95e-12	2.39e-09	1.43e-06	2.47e-03	9.98e-02	8.98e-01
 1.51809e+22	0.00e+00	2.80e-31	2.97e-25	3.41e-20	6.51e-16	2.48e-12	2.88e-09	1.64e-06	2.70e-03	1.04e-01	8.93e-01
 1.54549e+22	0.00e+00	3.95e-31	4.01e-25	4.43e-20	8.15e-16	2.99e-12	3.34e-09	1.82e-06	2.89e-03	1.07e-01	8.90e-01
 1.57325e+22	0.00e+00	5.53e-31	5.40e-25	5.74e-20	1.02e-15	3.59e-12	3.86e-09	2.03e-06	3.09e-03	1.11e-01	8.86e-01
 1.60934e+22	0.00e+00	8.50e-31	7.90e-25	7.98e-20	1.35e-15	4.54e-12	4.64e-09	2.32e-06	3.37e-03	1.16e-01	8.81e-01
 1.64729e+22	0.00e+00	1.33e-30	1.17e-24	1.12e-19	1.81e-15	5.80e-12	5.62e-09	2.67e-06	3.69e-03	1.20e-01	8.76e-01
 1.67908e+22	0.00e+00	1.92e-30	1.62e-24	1.49e-19	2.30e-15	7.09e-12	6.58e-09	2.99e-06	3.98e-03	1.25e-01	8.71e-01
 1.70536e+22	0.00e+00	2.59e-30	2.11e-24	1.88e-19	2.81e-15	8.36e-12	7.48e-09	3.28e-06	4.22e-03	1.28e-01	8.68e-01
 1.73304e+22	0.00e+00	3.54e-30	2.78e-24	2.38e-19	3.44e-15	9.90e-12	8.55e-09	3.62e-06	4.49e-03	1.32e-01	8.64e-01
 1.76902e+22	0.00e+00	5.23e-30	3.92e-24	3.22e-19	4.45e-15	1.23e-11	1.01e-08	4.09e-06	4.86e-03	1.37e-01	8.58e-01
 1.80600e+22	0.00e+00	7.84e-30	5.60e-24	4.38e-19	5.80e-15	1.53e-11	1.20e-08	4.63e-06	5.27e-03	1.42e-01	8.53e-01
 1.83593e+22	0.00e+00	1.08e-29	7.43e-24	5.61e-19	7.16e-15	1.82e-11	1.38e-08	5.12e-06	5.62e-03	1.46e-01	8.48e-01
 1.86651e+22	0.00e+00	1.49e-29	9.85e-24	7.16e-19	8.83e-15	2.17e-11	1.58e-08	5.66e-06	5.99e-03	1.50e-01	8.44e-01
 1.90625e+22	0.00e+00	2.24e-29	1.41e-23	9.80e-19	1.16e-14	2.71e-11	1.88e-08	6.42e-06	6.49e-03	1.56e-01	8.38e-01
 1.94376e+22	0.00e+00	3.32e-29	2.00e-23	1.33e-18	1.50e-14	3.37e-11	2.23e-08	7.26e-06	7.02e-03	1.62e-01	8.31e-01
 1.96947e+22	0.00e+00	4.26e-29	2.49e-23	1.61e-18	1.76e-14	3.86e-11	2.48e-08	7.85e-06	7.38e-03	1.65e-01	8.27e-01
 1.99397e+22	0.00e+00	5.45e-29	3.10e-23	1.94e-18	2.07e-14	4.41e-11	2.76e-08	8.47e-06	7.75e-03	1.69e-01	8.23e-01
 2.02583e+22	0.00e+00	7.47e-29	4.09e-23	2.47e-18	2.55e-14	5.24e-11	3.16e-08	9.33e-06	8.24e-03	1.74e-01	8.18e-01
 2.06073e+22	0.00e+00	1.05e-28	5.52e-23	3.21e-18	3.19e-14	6.32e-11	3.66e-08	1.04e-05	8.82e-03	1.79e-01	8.12e-01
 2.08986e+22	0.00e+00	1.40e-28	7.09e-23	3.99e-18	3.84e-14	7.38e-11	4.13e-08	1.13e-05	9.32e-03	1.83e-01	8.07e-01
 2.11312e+22	0.00e+00	1.74e-28	8.60e-23	4.71e-18	4.44e-14	8.32e-11	4.53e-08	1.21e-05	9.73e-03	1.87e-01	8.03e-01
 2.13845e+22	0.00e+00	2.22e-28	1.07e-22	5.68e-18	5.21e-14	9.51e-11	5.03e-08	1.31e-05	1.02e-02	1.91e-01	7.99e-01
 2.17137e+22	0.00e+00	2.98e-28	1.38e-22	7.13e-18	6.32e-14	1.12e-10	5.71e-08	1.43e-05	1.08e-02	1.96e-01	7.94e-01
 2.20633e+22	0.00e+00	4.17e-28	1.86e-22	9.22e-18	7.89e-14	1.34e-10	6.60e-08	1.59e-05	1.15e-02	2.01e-01	7.87e-01
 2.23537e+22	0.00e+00	5.46e-28	2.36e-22	1.13e-17	9.42e-14	1.56e-10	7.41e-08	1.73e-05	1.22e-02	2.06e-01	7.82e-01
 2.26071e+22	0.00e+00	6.89e-28	2.90e-22	1.36e-17	1.10e-13	1.77e-10	8.19e-08	1.85e-05	1.27e-02	2.10e-01	7.77e-01
 2.28984e+22	0.00e+00	8.95e-28	3.65e-22	1.66e-17	1.30e-13	2.04e-10	9.16e-08	2.01e-05	1.34e-02	2.15e-01	7.72e-01
 2.32771e+22	0.00e+00	1.25e-27	4.90e-22	2.14e-17	1.63e-13	2.46e-10	1.06e-07	2.23e-05	1.43e-02	2.21e-01	7.65e-01
 2.36444e+22	0.00e+00	1.76e-27	6.61e-22	2.78e-17	2.03e-13	2.96e-10	1.22e-07	2.47e-05	1.53e-02	2.27e-01	7.58e-01
 2.39083e+22	0.00e+00	2.20e-27	8.07e-22	3.30e-17	2.36e-13	3.35e-10	1.35e-07	2.65e-05	1.59e-02	2.31e-01	7.53e-01
 2.41625e+22	0.00e+00	2.76e-27	9.85e-22	3.93e-17	2.74e-13	3.79e-10	1.49e-07	2.84e-05	1.66e-02	2.35e-01	7.48e-01
 2.44929e+22	0.00e+00	3.66e-27	1.26e-21	4.87e-17	3.29e-13	4.43e-10	1.68e-07	3.10e-05	1.76e-02	2.41e-01	7.42e-01
 2.48506e+22	0.00e+00	5.00e-27	1.66e-21	6.18e-17	4.04e-13	5.25e-10	1.92e-07	3.41e-05	1.87e-02	2.47e-01	7.35e-01
 2.51636e+22	0.00e+00	6.54e-27	2.11e-21	7.60e-17	4.83e-13	6.09e-10	2.15e-07	3.70e-05	1.96e-02	2.52e-01	7.28e-01
 2.54450e+22	0.00e+00	8.31e-27	2.60e-21	9.14e-17	5.66e-13	6.95e-10	2.39e-07	3.99e-05	2.06e-02	2.57e-01	7.23e-01
 2.57656e+22	0.00e+00	1.09e-26	3.30e-21	1.12e-16	6.75e-13	8.06e-10	2.68e-07	4.33e-05	2.16e-02	2.62e-01	7.16e-01
 2.61824e+22	0.00e+00	1.54e-26	4.47e-21	1.46e-16	8.49e-13	9.76e-10	3.11e-07	4.81e-05	2.31e-02	2.69e-01	7.08e-01
 2.65839e+22	0.00e+00	2.16e-26	6.03e-21	1.90e-16	1.06e-12	1.18e-09	3.60e-07	5.34e-05	2.46e-02	2.76e-01	6.99e-01
 2.68723e+22	0.00e+00	2.75e-26	7.46e-21	2.28e-16	1.25e-12	1.34e-09	4.00e-07	5.75e-05	2.58e-02	2.81e-01	6.93e-01
 2.71538e+22	0.00e+00	3.46e-26	9.13e-21	2.72e-16	1.45e-12	1.53e-09	4.41e-07	6.17e-05	2.69e-02	2.86e-01	6.87e-01
 2.75197e+22	0.00e+00	4.65e-26	1.19e-20	3.42e-16	1.76e-12	1.80e-09	5.02e-07	6.76e-05	2.85e-02	2.92e-01	6.79e-01
 2.79023e+22	0.00e+00	6.36e-26	1.56e-20	4.35e-16	2.17e-12	2.14e-09	5.75e-07	7.44e-05	3.02e-02	2.99e-01	6.71e-01
 2.82212e+22	0.00e+00	8.30e-26	1.98e-20	5.34e-16	2.59e-12	2.48e-09	6.45e-07	8.07e-05	3.17e-02	3.05e-01	6.63e-01
 2.85059e+22	0.00e+00	1.04e-25	2.40e-20	6.32e-16	3.00e-12	2.81e-09	7.10e-07	8.64e-05	3.31e-02	3.10e-01	6.57e-01
 2.88317e+22	0.00e+00	1.34e-25	3.02e-20	7.71e-16	3.56e-12	3.24e-09	7.95e-07	9.35e-05	3.47e-02	3.15e-01	6.50e-01
 2.92553e+22	5.43e-32	1.86e-25	4.04e-20	9.93e-16	4.43e-12	3.90e-09	9.18e-07	1.03e-04	3.69e-02	3.23e-01	6.40e-01
 2.96825e+22	7.93e-32	2.62e-25	5.44e-20	1.29e-15	5.55e-12	4.71e-09	1.06e-06	1.15e-04	3.93e-02	3.30e-01	6.30e-01
 3.00151e+22	1.07e-31	3.43e-25	6.91e-20	1.59e-15	6.65e-12	5.49e-09	1.20e-06	1.25e-04	4.13e-02	3.36e-01	6.22e-01
 3.03478e+22	1.42e-31	4.42e-25	8.64e-20	1.93e-15	7.88e-12	6.33e-09	1.34e-06	1.35e-04	4.33e-02	3.42e-01	6.14e-01
 3.07803e+22	2.02e-31	6.06e-25	1.14e-19	2.46e-15	9.73e-12	7.56e-09	1.54e-06	1.49e-04	4.59e-02	3.49e-01	6.05e-01
 3.12333e+22	2.97e-31	8.56e-25	1.55e-19	3.21e-15	1.23e-11	9.18e-09	1.79e-06	1.65e-04	4.89e-02	3.57e-01	5.94e-01
 3.16065e+22	4.07e-31	1.14e-24	1.99e-19	4.00e-15	1.48e-11	1.08e-08	2.03e-06	1.81e-04	5.15e-02	3.64e-01	5.85e-01
 3.19315e+22	5.36e-31	1.45e-24	2.48e-19	4.83e-15	1.75e-11	1.24e-08	2.27e-06	1.95e-04	5.39e-02	3.69e-01	5.76e-01
 3.22999e+22	7.12e-31	1.88e-24	3.11e-19	5.89e-15	2.08e-11	1.43e-08	2.54e-06	2.11e-04	5.65e-02	3.75e-01	5.68e-01
 3.27788e+22	1.04e-30	2.63e-24	4.19e-19	7.64e-15	2.61e-11	1.74e-08	2.96e-06	2.34e-04	6.01e-02	3.83e-01	5.57e-01
 3.32797e+22	1.54e-30	3.75e-24	5.73e-19	1.01e-14	3.31e-11	2.13e-08	3.47e-06	2.62e-04	6.41e-02	3.91e-01	5.44e-01
 3.36756e+22	2.09e-30	4.95e-24	7.34e-19	1.25e-14	4.00e-11	2.50e-08	3.93e-06	2.86e-04	6.75e-02	3.98e-01	5.35e-01
 3.39952e+22	2.68e-30	6.19e-24	8.96e-19	1.49e-14	4.66e-11	2.84e-08	4.35e-06	3.07e-04	7.03e-02	4.03e-01	5.27e-01
 3.43491e+22	3.44e-30	7.75e-24	1.09e-18	1.77e-14	5.42e-11	3.23e-08	4.81e-06	3.29e-04	7.32e-02	4.08e-01	5.19e-01
 3.48091e+22	4.77e-30	1.04e-23	1.42e-18	2.22e-14	6.63e-11	3.83e-08	5.50e-06	3.61e-04	7.73e-02	4.14e-01	5.08e-01
 3.52993e+22	6.76e-30	1.42e-23	1.88e-18	2.84e-14	8.21e-11	4.59e-08	6.35e-06	3.99e-04	8.18e-02	4.21e-01	4.96e-01
 3.57198e+22	9.05e-30	1.85e-23	2.38e-18	3.49e-14	9.83e-11	5.35e-08	7.17e-06	4.33e-04	8.58e-02	4.27e-01	4.87e-01
 3.61577e+22	1.21e-29	2.40e-23	2.99e-18	4.27e-14	1.17e-10	6.21e-08	8.07e-06	4.70e-04	9.00e-02	4.33e-01	4.77e-01
 3.67271e+22	1.73e-29	3.34e-23	4.01e-18	5.52e-14	1.47e-10	7.52e-08	9.38e-06	5.22e-04	9.55e-02	4.40e-01	4.64e-01
 3.73071e+22	2.51e-29	4.67e-23	5.41e-18	7.18e-14	1.85e-10	9.15e-08	1.10e-05	5.81e-04	1.01e-01	4.47e-01	4.51e-01
 3.77694e+22	3.34e-29	6.04e-23	6.81e-18	8.80e-14	2.21e-10	1.06e-07	1.23e-05	6.31e-04	1.06e-01	4.52e-01	4.41e-01
 3.82386e+22	4.38e-29	7.73e-23	8.49e-18	1.07e-13	2.62e-10	1.23e-07	1.38e-05	6.83e-04	1.11e-01	4.57e-01	4.32e-01
 3.88486e+22	6.16e-29	1.05e-22	1.12e-17	1.36e-13	3.24e-10	1.47e-07	1.60e-05	7.54e-04	1.17e-01	4.63e-01	4.19e-01
 3.94918e+22	8.82e-29	1.46e-22	1.50e-17	1.76e-13	4.06e-10	1.78e-07	1.86e-05	8.37e-04	1.24e-01	4.68e-01	4.06e-01
 4.00360e+22	1.18e-28	1.90e-22	1.90e-17	2.17e-13	4.88e-10	2.09e-07	2.10e-05	9.11e-04	1.30e-01	4.73e-01	3.96e-01
 4.05104e+22	1.51e-28	2.39e-22	2.33e-17	2.59e-13	5.70e-10	2.38e-07	2.34e-05	9.79e-04	1.35e-01	4.77e-01	3.87e-01
 4.10360e+22	1.96e-28	3.01e-22	2.87e-17	3.11e-13	6.70e-10	2.73e-07	2.60e-05	1.06e-03	1.41e-01	4.81e-01	3.77e-01
 4.17192e+22	2.70e-28	4.05e-22	3.74e-17	3.93e-13	8.22e-10	3.25e-07	2.99e-05	1.16e-03	1.48e-01	4.85e-01	3.65e-01
 4.24077e+22	3.75e-28	5.45e-22	4.89e-17	4.97e-13	1.01e-09	3.88e-07	3.43e-05	1.28e-03	1.56e-01	4.89e-01	3.53e-01
 4.29440e+22	4.83e-28	6.87e-22	6.02e-17	5.97e-13	1.19e-09	4.45e-07	3.83e-05	1.37e-03	1.63e-01	4.92e-01	3.44e-01
 4.34822e+22	6.08e-28	8.48e-22	7.28e-17	7.05e-13	1.38e-09	5.03e-07	4.22e-05	1.47e-03	1.69e-01	4.95e-01	3.35e-01
 4.41820e+22	8.10e-28	1.10e-21	9.20e-17	8.67e-13	1.65e-09	5.87e-07	4.77e-05	1.60e-03	1.76e-01	4.97e-01	3.25e-01
 4.49359e+22	1.11e-27	1.46e-21	1.19e-16	1.09e-12	2.01e-09	6.94e-07	5.45e-05	1.75e-03	1.85e-01	5.00e-01	3.13e-01
 4.55901e+22	1.44e-27	1.86e-21	1.48e-16	1.32e-12	2.38e-09	8.01e-07	6.10e-05	1.89e-03	1.92e-01	5.02e-01	3.04e-01
 4.61803e+22	1.81e-27	2.30e-21	1.79e-16	1.56e-12	2.75e-09	9.07e-07	6.73e-05	2.02e-03	1.99e-01	5.04e-01	2.95e-01
 4.68569e+22	2.31e-27	2.87e-21	2.18e-16	1.85e-12	3.21e-09	1.03e-06	7.46e-05	2.17e-03	2.06e-01	5.05e-01	2.86e-01
 4.76023e+22	3.03e-27	3.68e-21	2.73e-16	2.26e-12	3.82e-09	1.20e-06	8.37e-05	2.35e-03	2.15e-01	5.06e-01	2.77e-01
 4.82701e+22	3.86e-27	4.59e-21	3.33e-16	2.69e-12	4.45e-09	1.36e-06	9.29e-05	2.52e-03	2.22e-01	5.07e-01	2.68e-01
 4.88680e+22	4.71e-27	5.51e-21	3.93e-16	3.11e-12	5.05e-09	1.52e-06	1.01e-04	2.66e-03	2.29e-01	5.08e-01	2.61e-01
 4.95418e+22	5.86e-27	6.74e-21	4.71e-16	3.65e-12	5.81e-09	1.71e-06	1.11e-04	2.84e-03	2.36e-01	5.08e-01	2.53e-01
 5.04178e+22	7.72e-27	8.67e-21	5.91e-16	4.45e-12	6.91e-09	1.98e-06	1.24e-04	3.07e-03	2.45e-01	5.08e-01	2.44e-01
 5.13341e+22	1.03e-26	1.13e-20	7.51e-16	5.50e-12	8.31e-09	2.31e-06	1.41e-04	3.33e-03	2.56e-01	5.07e-01	2.34e-01
 5.20971e+22	1.30e-26	1.40e-20	9.11e-16	6.51e-12	9.64e-09	2.62e-06	1.55e-04	3.56e-03	2.64e-01	5.07e-01	2.26e-01
 5.28829e+22	1.63e-26	1.72e-20	1.10e-15	7.67e-12	1.11e-08	2.95e-06	1.70e-04	3.80e-03	2.72e-01	5.06e-01	2.18e-01
 5.39046e+22	2.15e-26	2.22e-20	1.38e-15	9.39e-12	1.33e-08	3.43e-06	1.92e-04	4.11e-03	2.82e-01	5.04e-01	2.09e-01
 5.49827e+22	2.90e-26	2.92e-20	1.77e-15	1.17e-11	1.60e-08	4.02e-06	2.17e-04	4.46e-03	2.94e-01	5.02e-01	2.00e-01
 5.58884e+22	3.70e-26	3.65e-20	2.16e-15	1.39e-11	1.87e-08	4.57e-06	2.40e-04	4.77e-03	3.03e-01	5.00e-01	1.92e-01
 5.66673e+22	4.52e-26	4.38e-20	2.55e-15	1.61e-11	2.12e-08	5.08e-06	2.60e-04	5.04e-03	3.11e-01	4.98e-01	1.86e-01
 5.75270e+22	5.57e-26	5.31e-20	3.03e-15	1.87e-11	2.41e-08	5.66e-06	2.83e-04	5.33e-03	3.19e-01	4.96e-01	1.80e-01
 5.86447e+22	7.24e-26	6.75e-20	3.77e-15	2.26e-11	2.85e-08	6.51e-06	3.16e-04	5.73e-03	3.29e-01	4.93e-01	1.72e-01
 5.98307e+22	9.59e-26	8.74e-20	4.75e-15	2.77e-11	3.40e-08	7.55e-06	3.54e-04	6.19e-03	3.41e-01	4.89e-01	1.64e-01
 6.08459e+22	1.21e-25	1.08e-19	5.77e-15	3.28e-11	3.94e-08	8.53e-06	3.89e-04	6.58e-03	3.50e-01	4.86e-01	1.57e-01
 6.19061e+22	1.52e-25	1.33e-19	6.95e-15	3.87e-11	4.53e-08	9.59e-06	4.26e-04	6.99e-03	3.59e-01	4.82e-01	1.51e-01
 6.32844e+22	2.02e-25	1.72e-19	8.76e-15	4.73e-11	5.39e-08	1.11e-05	4.76e-04	7.52e-03	3.71e-01	4.78e-01	1.43e-01
 6.47621e+22	2.74e-25	2.29e-19	1.13e-14	5.91e-11	6.54e-08	1.30e-05	5.38e-04	8.15e-03	3.84e-01	4.72e-01	1.35e-01
 6.60397e+22	3.55e-25	2.89e-19	1.40e-14	7.11e-11	7.67e-08	1.48e-05	5.96e-04	8.71e-03	3.94e-01	4.67e-01	1.29e-01
 6.73711e+22	4.55e-25	3.63e-19	1.71e-14	8.49e-11	8.94e-08	1.68e-05	6.56e-04	9.27e-03	4.05e-01	4.62e-01	1.23e-01
 6.88510e+22	5.99e-25	4.66e-19	2.14e-14	1.03e-10	1.06e-07	1.93e-05	7.29e-04	9.92e-03	4.16e-01	4.57e-01	1.17e-01
 7.02280e+22	7.70e-25	5.87e-19	2.64e-14	1.24e-10	1.23e-07	2.20e-05	8.05e-04	1.06e-02	4.27e-01	4.51e-01	1.11e-01
 7.15142e+22	9.62e-25	7.19e-19	3.16e-14	1.45e-10	1.41e-07	2.46e-05	8.76e-04	1.12e-02	4.36e-01	4.46e-01	1.06e-01
 7.29780e+22	1.23e-24	8.97e-19	3.86e-14	1.72e-10	1.64e-07	2.78e-05	9.62e-04	1.19e-02	4.46e-01	4.40e-01	1.01e-01
 7.46257e+22	1.60e-24	1.15e-18	4.80e-14	2.09e-10	1.93e-07	3.18e-05	1.06e-03	1.27e-02	4.57e-01	4.33e-01	9.58e-02
 7.61813e+22	2.05e-24	1.44e-18	5.88e-14	2.49e-10	2.25e-07	3.60e-05	1.17e-03	1.34e-02	4.67e-01	4.27e-01	9.10e-02
 7.76392e+22	2.56e-24	1.76e-18	7.05e-14	2.91e-10	2.57e-07	4.02e-05	1.27e-03	1.42e-02	4.77e-01	4.21e-01	8.69e-02
 7.93011e+22	3.26e-24	2.19e-18	8.59e-14	3.46e-10	2.98e-07	4.53e-05	1.39e-03	1.50e-02	4.87e-01	4.14e-01	8.25e-02
 8.14615e+22	4.36e-24	2.86e-18	1.09e-13	4.25e-10	3.55e-07	5.23e-05	1.55e-03	1.61e-02	4.98e-01	4.06e-01	7.75e-02
 8.37129e+22	5.97e-24	3.81e-18	1.41e-13	5.32e-10	4.30e-07	6.13e-05	1.74e-03	1.73e-02	5.12e-01	3.97e-01	7.21e-02
 8.55287e+22	7.62e-24	4.76e-18	1.72e-13	6.32e-10	4.99e-07	6.91e-05	1.91e-03	1.83e-02	5.21e-01	3.90e-01	6.83e-02
 8.73356e+22	9.52e-24	5.83e-18	2.07e-13	7.41e-10	5.71e-07	7.73e-05	2.07e-03	1.93e-02	5.30e-01	3.83e-01	6.48e-02
 8.96845e+22	1.25e-23	7.48e-18	2.58e-13	8.99e-10	6.74e-07	8.84e-05	2.29e-03	2.05e-02	5.41e-01	3.75e-01	6.08e-02
 9.22469e+22	1.69e-23	9.85e-18	3.31e-13	1.12e-09	8.11e-07	1.03e-04	2.57e-03	2.20e-02	5.53e-01	3.66e-01	5.65e-02
 9.45020e+22	2.19e-23	1.25e-17	4.10e-13	1.34e-09	9.50e-07	1.17e-04	2.83e-03	2.34e-02	5.63e-01	3.57e-01	5.30e-02
 9.65348e+22	2.71e-23	1.52e-17	4.88e-13	1.56e-09	1.08e-06	1.30e-04	3.06e-03	2.46e-02	5.72e-01	3.50e-01	5.03e-02
 9.88632e+22	3.41e-23	1.88e-17	5.92e-13	1.85e-09	1.25e-06	1.46e-04	3.34e-03	2.59e-02	5.81e-01	3.43e-01	4.73e-02
 1.01424e+23	4.38e-23	2.37e-17	7.29e-13	2.22e-09	1.46e-06	1.66e-04	3.67e-03	2.75e-02	5.90e-01	3.34e-01	4.43e-02
 1.03741e+23	5.47e-23	2.90e-17	8.77e-13	2.61e-09	1.68e-06	1.86e-04	3.99e-03	2.89e-02	5.99e-01	3.26e-01	4.17e-02
 1.05867e+23	6.63e-23	3.47e-17	1.03e-12	2.99e-09	1.89e-06	2.05e-04	4.29e-03	3.02e-02	6.06e-01	3.20e-01	3.96e-02
 1.08291e+23	8.10e-23	4.17e-17	1.22e-12	3.47e-09	2.14e-06	2.27e-04	4.63e-03	3.17e-02	6.13e-01	3.13e-01	3.74e-02
 1.11443e+23	1.03e-22	5.21e-17	1.49e-12	4.13e-09	2.48e-06	2.57e-04	5.06e-03	3.35e-02	6.22e-01	3.05e-01	3.50e-02
 1.14883e+23	1.35e-22	6.67e-17	1.86e-12	5.03e-09	2.94e-06	2.95e-04	5.61e-03	3.56e-02	6.31e-01	2.95e-01	3.24e-02
 1.17898e+23	1.69e-22	8.27e-17	2.26e-12	5.96e-09	3.41e-06	3.32e-04	6.13e-03	3.76e-02	6.39e-01	2.87e-01	3.02e-02
 1.20559e+23	2.04e-22	9.85e-17	2.66e-12	6.87e-09	3.85e-06	3.67e-04	6.61e-03	3.94e-02	6.46e-01	2.80e-01	2.84e-02
 1.23558e+23	2.46e-22	1.17e-16	3.11e-12	7.89e-09	4.34e-06	4.05e-04	7.11e-03	4.11e-02	6.52e-01	2.73e-01	2.68e-02
 1.27456e+23	3.06e-22	1.44e-16	3.76e-12	9.31e-09	5.01e-06	4.56e-04	7.74e-03	4.33e-02	6.59e-01	2.65e-01	2.50e-02
 1.32314e+23	4.00e-22	1.85e-16	4.72e-12	1.14e-08	5.95e-06	5.24e-04	8.58e-03	4.61e-02	6.67e-01	2.55e-01	2.29e-02
 1.37229e+23	5.23e-22	2.38e-16	5.98e-12	1.40e-08	7.13e-06	6.09e-04	9.59e-03	4.93e-02	6.75e-01	2.45e-01	2.08e-02
 1.41286e+23	6.51e-22	2.93e-16	7.23e-12	1.66e-08	8.26e-06	6.86e-04	1.05e-02	5.19e-02	6.81e-01	2.36e-01	1.93e-02
 1.45420e+23	7.68e-22	3.43e-16	8.38e-12	1.89e-08	9.25e-06	7.54e-04	1.12e-02	5.42e-02	6.86e-01	2.30e-01	1.81e-02
 1.50774e+23	9.40e-22	4.16e-16	1.00e-11	2.21e-08	1.06e-05	8.43e-04	1.22e-02	5.69e-02	6.91e-01	2.22e-01	1.68e-02
 1.56928e+23	1.18e-21	5.17e-16	1.23e-11	2.66e-08	1.25e-05	9.66e-04	1.35e-02	6.04e-02	6.97e-01	2.13e-01	1.53e-02
 1.62882e+23	1.45e-21	6.36e-16	1.50e-11	3.17e-08	1.46e-05	1.10e-03	1.48e-02	6.39e-02	7.02e-01	2.04e-01	1.40e-02
 1.68414e+23	1.72e-21	7.50e-16	1.75e-11	3.65e-08	1.65e-05	1.22e-03	1.59e-02	6.69e-02	7.06e-01	1.97e-01	1.30e-02
 1.74614e+23	1.99e-21	8.68e-16	2.01e-11	4.14e-08	1.85e-05	1.34e-03	1.71e-02	6.98e-02	7.09e-01	1.91e-01	1.21e-02
 1.81722e+23	2.35e-21	1.03e-15	2.37e-11	4.80e-08	2.11e-05	1.49e-03	1.85e-02	7.32e-02	7.12e-01	1.84e-01	1.11e-02
 1.89114e+23	2.77e-21	1.21e-15	2.76e-11	5.51e-08	2.38e-05	1.65e-03	1.99e-02	7.65e-02	7.15e-01	1.77e-01	1.03e-02
 1.96802e+23	3.17e-21	1.39e-15	3.17e-11	6.26e-08	2.67e-05	1.81e-03	2.13e-02	7.98e-02	7.17e-01	1.71e-01	9.58e-03
 2.04798e+23	3.59e-21	1.58e-15	3.60e-11	7.03e-08	2.96e-05	1.97e-03	2.27e-02	8.29e-02	7.18e-01	1.65e-01	8.94e-03
 2.13113e+23	4.02e-21	1.77e-15	4.04e-11	7.81e-08	3.26e-05	2.14e-03	2.41e-02	8.59e-02	7.20e-01	1.60e-01	8.39e-03
 2.21759e+23	4.45e-21	1.97e-15	4.49e-11	8.61e-08	3.55e-05	2.30e-03	2.54e-02	8.86e-02	7.20e-01	1.55e-01	7.91e-03
 2.30131e+23	4.90e-21	2.18e-15	4.97e-11	9.47e-08	3.87e-05	2.47e-03	2.67e-02	9.14e-02	7.21e-01	1.51e-01	7.45e-03
 2.37666e+23	5.31e-21	2.37e-15	5.39e-11	1.02e-07	4.13e-05	2.60e-03	2.77e-02	9.35e-02	7.21e-01	1.48e-01	7.13e-03
 2.44448e+23	5.63e-21	2.53e-15	5.76e-11	1.08e-07	4.37e-05	2.73e-03	2.87e-02	9.55e-02	7.21e-01	1.45e-01	6.85e-03
 2.50551e+23	5.93e-21	2.67e-15	6.09e-11	1.14e-07	4.58e-05	2.83e-03	2.95e-02	9.71e-02	7.22e-01	1.42e-01	6.62e-03
 2.56044e+23	6.15e-21	2.78e-15	6.35e-11	1.19e-07	4.75e-05	2.92e-03	3.01e-02	9.84e-02	7.22e-01	1.41e-01	6.46e-03
 2.60988e+23	6.36e-21	2.88e-15	6.58e-11	1.23e-07	4.89e-05	2.99e-03	3.07e-02	9.94e-02	7.22e-01	1.39e-01	6.32e-03
 2.65437e+23	6.50e-21	2.96e-15	6.76e-11	1.26e-07	5.01e-05	3.05e-03	3.11e-02	1.00e-01	7.21e-01	1.38e-01	6.21e-03
 2.69442e+23	6.63e-21	3.02e-15	6.92e-11	1.29e-07	5.10e-05	3.10e-03	3.15e-02	1.01e-01	7.21e-01	1.37e-01	6.13e-03
 2.73046e+23	6.75e-21	3.08e-15	7.06e-11	1.31e-07	5.19e-05	3.14e-03	3.18e-02	1.02e-01	7.21e-01	1.36e-01	6.05e-03
 2.76289e+23	6.86e-21	3.14e-15	7.18e-11	1.33e-07	5.27e-05	3.18e-03	3.21e-02	1.02e-01	7.21e-01	1.35e-01	5.99e-03
 2.79353e+23	6.93e-21	3.17e-15	7.25e-11	1.35e-07	5.31e-05	3.20e-03	3.22e-02	1.02e-01	7.21e-01	1.35e-01	5.96e-03
 2.82408e+23	6.99e-21	3.19e-15	7.30e-11	1.35e-07	5.34e-05	3.21e-03	3.23e-02	1.03e-01	7.21e-01	1.35e-01	5.94e-03
 2.85463e+23	7.02e-21	3.21e-15	7.36e-11	1.36e-07	5.37e-05	3.23e-03	3.24e-02	1.03e-01	7.21e-01	1.34e-01	5.91e-03
 2.88518e+23	7.06e-21	3.24e-15	7.41e-11	1.37e-07	5.41e-05	3.25e-03	3.26e-02	1.03e-01	7.21e-01	1.34e-01	5.87e-03
 2.91572e+23	7.11e-21	3.25e-15	7.45e-11	1.38e-07	5.43e-05	3.26e-03	3.26e-02	1.03e-01	7.21e-01	1.34e-01	5.86e-03
 2.94627e+23	7.11e-21	3.26e-15	7.47e-11	1.38e-07	5.44e-05	3.27e-03	3.27e-02	1.03e-01	7.21e-01	1.34e-01	5.85e-03
 2.97682e+23	7.13e-21	3.27e-15	7.48e-11	1.39e-07	5.45e-05	3.27e-03	3.27e-02	1.03e-01	7.21e-01	1.34e-01	5.84e-03
 3.00737e+23	7.14e-21	3.27e-15	7.50e-11	1.39e-07	5.46e-05	3.28e-03	3.28e-02	1.03e-01	7.21e-01	1.33e-01	5.83e-03
 3.03792e+23	7.15e-21	3.28e-15	7.51e-11	1.39e-07	5.47e-05	3.28e-03	3.28e-02	1.04e-01	7.21e-01	1.33e-01	5.82e-03
 3.05400e+23	7.40e-21	3.42e-15	7.85e-11	1.45e-07	5.69e-05	3.39e-03	3.36e-02	1.05e-01	7.21e-01	1.31e-01	5.66e-03
