#depth	N	N+	N+2	N+3	N+4	N+5	N+6	N+7
 6.17135e+19	0.00e+00	0.00e+00	3.46e-28	4.11e-21	9.62e-15	5.72e-09	9.70e-05	1.00e+00
 1.87609e+20	0.00e+00	0.00e+00	5.17e-28	5.65e-21	1.22e-14	6.69e-09	1.05e-04	1.00e+00
 3.18540e+20	0.00e+00	0.00e+00	7.74e-28	7.77e-21	1.54e-14	7.84e-09	1.14e-04	1.00e+00
 4.54709e+20	0.00e+00	0.00e+00	1.16e-27	1.07e-20	1.94e-14	9.18e-09	1.24e-04	1.00e+00
 5.74411e+20	0.00e+00	0.00e+00	1.64e-27	1.40e-20	2.37e-14	1.05e-08	1.33e-04	1.00e+00
 6.66685e+20	0.00e+00	0.00e+00	2.12e-27	1.72e-20	2.75e-14	1.16e-08	1.40e-04	1.00e+00
 7.48882e+20	0.00e+00	0.00e+00	2.66e-27	2.05e-20	3.13e-14	1.27e-08	1.47e-04	1.00e+00
 8.41357e+20	0.00e+00	0.00e+00	3.41e-27	2.49e-20	3.61e-14	1.40e-08	1.55e-04	1.00e+00
 9.61573e+20	0.00e+00	0.00e+00	4.67e-27	3.19e-20	4.32e-14	1.58e-08	1.65e-04	1.00e+00
 1.08324e+21	0.00e+00	0.00e+00	6.37e-27	4.07e-20	5.16e-14	1.78e-08	1.76e-04	1.00e+00
 1.17841e+21	0.00e+00	0.00e+00	8.08e-27	4.90e-20	5.90e-14	1.95e-08	1.85e-04	1.00e+00
 1.27376e+21	0.00e+00	0.00e+00	1.02e-26	5.88e-20	6.73e-14	2.13e-08	1.94e-04	1.00e+00
 1.39771e+21	0.00e+00	0.00e+00	1.37e-26	7.41e-20	7.95e-14	2.39e-08	2.06e-04	1.00e+00
 1.52616e+21	0.00e+00	0.00e+00	1.86e-26	9.36e-20	9.41e-14	2.68e-08	2.19e-04	1.00e+00
 1.63081e+21	0.00e+00	0.00e+00	2.36e-26	1.13e-19	1.08e-13	2.94e-08	2.30e-04	1.00e+00
 1.73722e+21	0.00e+00	0.00e+00	3.00e-26	1.36e-19	1.23e-13	3.22e-08	2.42e-04	1.00e+00
 1.84877e+21	0.00e+00	0.00e+00	3.83e-26	1.64e-19	1.41e-13	3.54e-08	2.55e-04	1.00e+00
 1.94277e+21	0.00e+00	0.00e+00	4.69e-26	1.92e-19	1.57e-13	3.82e-08	2.66e-04	1.00e+00
 2.04073e+21	0.00e+00	0.00e+00	5.79e-26	2.25e-19	1.76e-13	4.14e-08	2.78e-04	1.00e+00
 2.16808e+21	0.00e+00	0.00e+00	7.55e-26	2.76e-19	2.04e-13	4.57e-08	2.94e-04	1.00e+00
 2.29610e+21	0.00e+00	0.00e+00	9.82e-26	3.38e-19	2.35e-13	5.05e-08	3.11e-04	1.00e+00
 2.39468e+21	0.00e+00	0.00e+00	1.20e-25	3.94e-19	2.61e-13	5.44e-08	3.24e-04	1.00e+00
 2.49252e+21	0.00e+00	0.00e+00	1.45e-25	4.57e-19	2.90e-13	5.85e-08	3.38e-04	1.00e+00
 2.61970e+21	0.00e+00	0.00e+00	1.86e-25	5.51e-19	3.31e-13	6.41e-08	3.56e-04	1.00e+00
 2.75085e+21	0.00e+00	0.00e+00	2.39e-25	6.67e-19	3.78e-13	7.04e-08	3.76e-04	1.00e+00
 2.85839e+21	0.00e+00	0.00e+00	2.93e-25	7.78e-19	4.20e-13	7.59e-08	3.92e-04	1.00e+00
 2.94818e+21	0.00e+00	0.00e+00	3.47e-25	8.83e-19	4.58e-13	8.07e-08	4.07e-04	1.00e+00
 3.04361e+21	0.00e+00	0.00e+00	4.12e-25	1.01e-18	5.02e-13	8.61e-08	4.23e-04	1.00e+00
 3.16768e+21	0.00e+00	0.00e+00	5.15e-25	1.19e-18	5.63e-13	9.34e-08	4.43e-04	1.00e+00
 3.29247e+21	0.00e+00	0.00e+00	6.42e-25	1.41e-18	6.31e-13	1.01e-07	4.65e-04	1.00e+00
 3.39031e+21	0.00e+00	0.00e+00	7.61e-25	1.60e-18	6.88e-13	1.08e-07	4.83e-04	1.00e+00
 3.48961e+21	0.00e+00	4.32e-32	9.03e-25	1.82e-18	7.50e-13	1.15e-07	5.01e-04	9.99e-01
 3.61871e+21	0.00e+00	5.68e-32	1.12e-24	2.14e-18	8.37e-13	1.24e-07	5.26e-04	9.99e-01
 3.74825e+21	0.00e+00	7.46e-32	1.40e-24	2.51e-18	9.33e-13	1.34e-07	5.52e-04	9.99e-01
 3.84935e+21	0.00e+00	9.20e-32	1.65e-24	2.84e-18	1.01e-12	1.43e-07	5.73e-04	9.99e-01
 3.95177e+21	0.00e+00	1.13e-31	1.95e-24	3.22e-18	1.10e-12	1.52e-07	5.95e-04	9.99e-01
 4.08491e+21	0.00e+00	1.48e-31	2.41e-24	3.76e-18	1.22e-12	1.64e-07	6.23e-04	9.99e-01
 4.21341e+21	0.00e+00	1.91e-31	2.95e-24	4.37e-18	1.34e-12	1.76e-07	6.52e-04	9.99e-01
 4.30648e+21	0.00e+00	2.30e-31	3.41e-24	4.86e-18	1.44e-12	1.85e-07	6.74e-04	9.99e-01
 4.39811e+21	0.00e+00	2.75e-31	3.92e-24	5.39e-18	1.54e-12	1.95e-07	6.96e-04	9.99e-01
 4.51723e+21	0.00e+00	3.45e-31	4.69e-24	6.15e-18	1.68e-12	2.08e-07	7.25e-04	9.99e-01
 4.64337e+21	0.00e+00	4.39e-31	5.67e-24	7.05e-18	1.83e-12	2.22e-07	7.57e-04	9.99e-01
 4.75157e+21	0.00e+00	5.38e-31	6.65e-24	7.92e-18	1.98e-12	2.35e-07	7.85e-04	9.99e-01
 4.84770e+21	0.00e+00	6.44e-31	7.65e-24	8.77e-18	2.11e-12	2.47e-07	8.11e-04	9.99e-01
 4.95518e+21	0.00e+00	7.83e-31	8.92e-24	9.81e-18	2.26e-12	2.61e-07	8.40e-04	9.99e-01
 5.09491e+21	0.00e+00	1.01e-30	1.09e-23	1.13e-17	2.47e-12	2.80e-07	8.80e-04	9.99e-01
 5.23412e+21	0.00e+00	1.29e-30	1.32e-23	1.30e-17	2.70e-12	3.00e-07	9.21e-04	9.99e-01
 5.34139e+21	0.00e+00	1.56e-30	1.53e-23	1.45e-17	2.89e-12	3.16e-07	9.53e-04	9.99e-01
 5.43467e+21	0.00e+00	1.84e-30	1.74e-23	1.59e-17	3.05e-12	3.30e-07	9.83e-04	9.99e-01
 5.54100e+21	0.00e+00	2.21e-30	2.01e-23	1.76e-17	3.25e-12	3.47e-07	1.02e-03	9.99e-01
 5.67922e+21	0.00e+00	2.80e-30	2.41e-23	2.00e-17	3.52e-12	3.70e-07	1.06e-03	9.99e-01
 5.81988e+21	0.00e+00	3.56e-30	2.90e-23	2.28e-17	3.82e-12	3.95e-07	1.11e-03	9.99e-01
 5.93244e+21	0.00e+00	4.29e-30	3.36e-23	2.53e-17	4.06e-12	4.16e-07	1.15e-03	9.99e-01
 6.04750e+21	0.00e+00	5.19e-30	3.88e-23	2.81e-17	4.32e-12	4.38e-07	1.19e-03	9.99e-01
 6.19709e+21	0.00e+00	6.62e-30	4.69e-23	3.21e-17	4.68e-12	4.67e-07	1.24e-03	9.99e-01
 6.34474e+21	0.00e+00	8.40e-30	5.64e-23	3.65e-17	5.06e-12	4.99e-07	1.30e-03	9.99e-01
 6.45651e+21	0.00e+00	1.00e-29	6.47e-23	4.03e-17	5.36e-12	5.23e-07	1.34e-03	9.99e-01
 6.56848e+21	0.00e+00	1.20e-29	7.40e-23	4.43e-17	5.67e-12	5.49e-07	1.39e-03	9.99e-01
 6.71403e+21	0.00e+00	1.50e-29	8.81e-23	5.00e-17	6.09e-12	5.84e-07	1.45e-03	9.99e-01
 6.86609e+21	0.00e+00	1.89e-29	1.05e-22	5.68e-17	6.56e-12	6.22e-07	1.51e-03	9.98e-01
 6.99350e+21	0.00e+00	2.30e-29	1.22e-22	6.30e-17	6.98e-12	6.56e-07	1.57e-03	9.98e-01
 7.12605e+21	0.00e+00	2.80e-29	1.43e-22	7.01e-17	7.43e-12	6.92e-07	1.63e-03	9.98e-01
 7.27306e+21	0.00e+00	3.48e-29	1.68e-22	7.89e-17	7.95e-12	7.35e-07	1.69e-03	9.98e-01
 7.40880e+21	0.00e+00	4.24e-29	1.96e-22	8.78e-17	8.47e-12	7.76e-07	1.76e-03	9.98e-01
 7.53588e+21	0.00e+00	5.11e-29	2.26e-22	9.70e-17	8.97e-12	8.17e-07	1.82e-03	9.98e-01
 7.68177e+21	0.00e+00	6.26e-29	2.65e-22	1.08e-16	9.58e-12	8.65e-07	1.89e-03	9.98e-01
 7.84198e+21	0.00e+00	7.85e-29	3.15e-22	1.23e-16	1.03e-11	9.22e-07	1.97e-03	9.98e-01
 7.98609e+21	0.00e+00	9.58e-29	3.68e-22	1.37e-16	1.10e-11	9.75e-07	2.05e-03	9.98e-01
 8.11799e+21	0.00e+00	1.15e-28	4.23e-22	1.51e-16	1.16e-11	1.03e-06	2.11e-03	9.98e-01
 8.26878e+21	0.00e+00	1.41e-28	4.95e-22	1.68e-16	1.24e-11	1.09e-06	2.19e-03	9.98e-01
 8.43688e+21	0.00e+00	1.76e-28	5.89e-22	1.91e-16	1.34e-11	1.16e-06	2.29e-03	9.98e-01
 8.58977e+21	0.00e+00	2.15e-28	6.89e-22	2.13e-16	1.43e-11	1.23e-06	2.37e-03	9.98e-01
 8.72746e+21	0.00e+00	2.57e-28	7.91e-22	2.35e-16	1.52e-11	1.29e-06	2.45e-03	9.98e-01
 8.88309e+21	0.00e+00	3.13e-28	9.23e-22	2.62e-16	1.62e-11	1.37e-06	2.54e-03	9.97e-01
 9.08541e+21	0.00e+00	4.04e-28	1.13e-21	3.02e-16	1.77e-11	1.48e-06	2.66e-03	9.97e-01
 9.29003e+21	0.00e+00	5.21e-28	1.37e-21	3.49e-16	1.93e-11	1.59e-06	2.78e-03	9.97e-01
 9.45311e+21	0.00e+00	6.35e-28	1.60e-21	3.90e-16	2.07e-11	1.69e-06	2.89e-03	9.97e-01
 9.62060e+21	0.00e+00	7.76e-28	1.88e-21	4.37e-16	2.22e-11	1.79e-06	2.99e-03	9.97e-01
 9.83834e+21	0.00e+00	1.00e-27	2.29e-21	5.06e-16	2.43e-11	1.93e-06	3.13e-03	9.97e-01
 1.00551e+22	0.00e+00	1.29e-27	2.80e-21	5.85e-16	2.67e-11	2.09e-06	3.27e-03	9.97e-01
 1.02225e+22	0.00e+00	1.56e-27	3.26e-21	6.53e-16	2.86e-11	2.21e-06	3.38e-03	9.97e-01
 1.03920e+22	0.00e+00	1.89e-27	3.78e-21	7.30e-16	3.07e-11	2.34e-06	3.50e-03	9.96e-01
 1.06123e+22	0.00e+00	2.41e-27	4.58e-21	8.40e-16	3.36e-11	2.52e-06	3.65e-03	9.96e-01
 1.08455e+22	0.00e+00	3.10e-27	5.61e-21	9.76e-16	3.70e-11	2.73e-06	3.81e-03	9.96e-01
 1.10464e+22	0.00e+00	3.85e-27	6.66e-21	1.11e-15	4.02e-11	2.92e-06	3.96e-03	9.96e-01
 1.12584e+22	0.00e+00	4.81e-27	7.94e-21	1.26e-15	4.38e-11	3.12e-06	4.11e-03	9.96e-01
 1.14970e+22	0.00e+00	6.15e-27	9.67e-21	1.46e-15	4.82e-11	3.37e-06	4.29e-03	9.96e-01
 1.17128e+22	0.00e+00	7.67e-27	1.15e-20	1.67e-15	5.26e-11	3.61e-06	4.46e-03	9.96e-01
 1.19012e+22	0.00e+00	9.28e-27	1.34e-20	1.87e-15	5.67e-11	3.83e-06	4.60e-03	9.95e-01
 1.21115e+22	0.00e+00	1.14e-26	1.58e-20	2.12e-15	6.17e-11	4.08e-06	4.77e-03	9.95e-01
 1.23848e+22	0.00e+00	1.49e-26	1.96e-20	2.48e-15	6.86e-11	4.43e-06	4.98e-03	9.95e-01
 1.26655e+22	0.00e+00	1.94e-26	2.43e-20	2.92e-15	7.66e-11	4.82e-06	5.21e-03	9.95e-01
 1.28950e+22	0.00e+00	2.41e-26	2.90e-20	3.33e-15	8.37e-11	5.16e-06	5.41e-03	9.95e-01
 1.31327e+22	0.00e+00	2.99e-26	3.44e-20	3.80e-15	9.16e-11	5.52e-06	5.60e-03	9.94e-01
 1.34417e+22	0.00e+00	3.98e-26	4.33e-20	4.52e-15	1.03e-10	6.03e-06	5.87e-03	9.94e-01
 1.37579e+22	0.00e+00	5.28e-26	5.45e-20	5.38e-15	1.16e-10	6.60e-06	6.16e-03	9.94e-01
 1.40157e+22	0.00e+00	6.63e-26	6.55e-20	6.19e-15	1.28e-10	7.08e-06	6.39e-03	9.94e-01
 1.42443e+22	0.00e+00	8.09e-26	7.69e-20	7.00e-15	1.39e-10	7.54e-06	6.61e-03	9.93e-01
 1.45024e+22	0.00e+00	1.01e-25	9.19e-20	8.02e-15	1.52e-10	8.08e-06	6.85e-03	9.93e-01
 1.48380e+22	0.00e+00	1.33e-25	1.15e-19	9.54e-15	1.72e-10	8.82e-06	7.17e-03	9.93e-01
 1.51809e+22	0.00e+00	1.78e-25	1.45e-19	1.14e-14	1.94e-10	9.65e-06	7.51e-03	9.92e-01
 1.54549e+22	0.00e+00	2.22e-25	1.75e-19	1.31e-14	2.14e-10	1.04e-05	7.79e-03	9.92e-01
 1.57325e+22	0.00e+00	2.78e-25	2.09e-19	1.50e-14	2.36e-10	1.11e-05	8.08e-03	9.92e-01
 1.60934e+22	0.00e+00	3.69e-25	2.64e-19	1.80e-14	2.67e-10	1.21e-05	8.46e-03	9.92e-01
 1.64729e+22	0.00e+00	4.97e-25	3.36e-19	2.17e-14	3.04e-10	1.33e-05	8.87e-03	9.91e-01
 1.67908e+22	0.00e+00	6.35e-25	4.10e-19	2.53e-14	3.39e-10	1.44e-05	9.23e-03	9.91e-01
 1.70536e+22	0.00e+00	7.76e-25	4.83e-19	2.87e-14	3.70e-10	1.53e-05	9.53e-03	9.90e-01
 1.73304e+22	4.20e-32	9.57e-25	5.73e-19	3.27e-14	4.05e-10	1.64e-05	9.85e-03	9.90e-01
 1.76902e+22	5.73e-32	1.24e-24	7.10e-19	3.86e-14	4.56e-10	1.78e-05	1.03e-02	9.90e-01
 1.80600e+22	7.92e-32	1.64e-24	8.87e-19	4.58e-14	5.14e-10	1.94e-05	1.07e-02	9.89e-01
 1.83593e+22	1.03e-31	2.03e-24	1.06e-18	5.26e-14	5.67e-10	2.07e-05	1.11e-02	9.89e-01
 1.86651e+22	1.33e-31	2.53e-24	1.27e-18	6.04e-14	6.24e-10	2.22e-05	1.15e-02	9.88e-01
 1.90625e+22	1.85e-31	3.34e-24	1.59e-18	7.21e-14	7.07e-10	2.42e-05	1.20e-02	9.88e-01
 1.94376e+22	2.55e-31	4.39e-24	1.99e-18	8.56e-14	7.98e-10	2.63e-05	1.25e-02	9.87e-01
 1.96947e+22	3.12e-31	5.21e-24	2.29e-18	9.54e-14	8.62e-10	2.78e-05	1.29e-02	9.87e-01
 1.99397e+22	3.81e-31	6.17e-24	2.63e-18	1.06e-13	9.31e-10	2.93e-05	1.32e-02	9.87e-01
 2.02583e+22	4.93e-31	7.68e-24	3.14e-18	1.22e-13	1.03e-09	3.13e-05	1.37e-02	9.86e-01
 2.06073e+22	6.53e-31	9.73e-24	3.82e-18	1.42e-13	1.14e-09	3.37e-05	1.42e-02	9.86e-01
 2.08986e+22	8.25e-31	1.19e-23	4.49e-18	1.61e-13	1.25e-09	3.58e-05	1.46e-02	9.85e-01
 2.11312e+22	9.89e-31	1.38e-23	5.09e-18	1.78e-13	1.34e-09	3.76e-05	1.50e-02	9.85e-01
 2.13845e+22	1.21e-30	1.64e-23	5.86e-18	1.98e-13	1.44e-09	3.96e-05	1.54e-02	9.85e-01
 2.17137e+22	1.55e-30	2.02e-23	6.94e-18	2.26e-13	1.59e-09	4.22e-05	1.59e-02	9.84e-01
 2.20633e+22	2.05e-30	2.56e-23	8.44e-18	2.63e-13	1.77e-09	4.54e-05	1.65e-02	9.83e-01
 2.23537e+22	2.57e-30	3.10e-23	9.88e-18	2.97e-13	1.93e-09	4.82e-05	1.69e-02	9.83e-01
 2.26071e+22	3.12e-30	3.66e-23	1.13e-17	3.31e-13	2.08e-09	5.07e-05	1.74e-02	9.83e-01
 2.28984e+22	3.89e-30	4.41e-23	1.32e-17	3.72e-13	2.26e-09	5.37e-05	1.79e-02	9.82e-01
 2.32771e+22	5.16e-30	5.60e-23	1.61e-17	4.34e-13	2.52e-09	5.78e-05	1.85e-02	9.81e-01
 2.36444e+22	6.89e-30	7.16e-23	1.96e-17	5.08e-13	2.81e-09	6.22e-05	1.92e-02	9.81e-01
 2.39083e+22	8.35e-30	8.42e-23	2.24e-17	5.63e-13	3.03e-09	6.54e-05	1.97e-02	9.80e-01
 2.41625e+22	1.01e-29	9.92e-23	2.57e-17	6.26e-13	3.27e-09	6.87e-05	2.02e-02	9.80e-01
 2.44929e+22	1.29e-29	1.22e-22	3.04e-17	7.13e-13	3.58e-09	7.31e-05	2.08e-02	9.79e-01
 2.48506e+22	1.68e-29	1.53e-22	3.66e-17	8.25e-13	3.97e-09	7.84e-05	2.16e-02	9.78e-01
 2.51636e+22	2.13e-29	1.86e-22	4.30e-17	9.36e-13	4.35e-09	8.32e-05	2.22e-02	9.78e-01
 2.54450e+22	2.62e-29	2.22e-22	4.97e-17	1.05e-12	4.71e-09	8.77e-05	2.28e-02	9.77e-01
 2.57656e+22	3.30e-29	2.70e-22	5.86e-17	1.19e-12	5.15e-09	9.31e-05	2.35e-02	9.76e-01
 2.61824e+22	4.47e-29	3.49e-22	7.23e-17	1.40e-12	5.79e-09	1.01e-04	2.44e-02	9.76e-01
 2.65839e+22	6.02e-29	4.50e-22	8.91e-17	1.65e-12	6.50e-09	1.09e-04	2.53e-02	9.75e-01
 2.68723e+22	7.44e-29	5.38e-22	1.03e-16	1.85e-12	7.05e-09	1.15e-04	2.60e-02	9.74e-01
 2.71538e+22	9.12e-29	6.40e-22	1.19e-16	2.07e-12	7.63e-09	1.21e-04	2.67e-02	9.73e-01
 2.75197e+22	1.19e-28	8.00e-22	1.43e-16	2.39e-12	8.45e-09	1.29e-04	2.76e-02	9.72e-01
 2.79023e+22	1.57e-28	1.01e-21	1.74e-16	2.79e-12	9.42e-09	1.39e-04	2.85e-02	9.71e-01
 2.82212e+22	1.99e-28	1.24e-21	2.06e-16	3.18e-12	1.03e-08	1.47e-04	2.94e-02	9.70e-01
 2.85059e+22	2.43e-28	1.47e-21	2.36e-16	3.54e-12	1.12e-08	1.55e-04	3.01e-02	9.70e-01
 2.88317e+22	3.06e-28	1.79e-21	2.78e-16	4.02e-12	1.22e-08	1.64e-04	3.10e-02	9.69e-01
 2.92553e+22	4.13e-28	2.31e-21	3.43e-16	4.74e-12	1.37e-08	1.77e-04	3.22e-02	9.68e-01
 2.96825e+22	5.63e-28	3.00e-21	4.27e-16	5.62e-12	1.55e-08	1.92e-04	3.34e-02	9.66e-01
 3.00151e+22	7.23e-28	3.71e-21	5.08e-16	6.44e-12	1.70e-08	2.04e-04	3.45e-02	9.65e-01
 3.03478e+22	9.12e-28	4.52e-21	5.99e-16	7.32e-12	1.86e-08	2.17e-04	3.55e-02	9.64e-01
 3.07803e+22	1.22e-27	5.80e-21	7.35e-16	8.61e-12	2.09e-08	2.33e-04	3.68e-02	9.63e-01
 3.12333e+22	1.68e-27	7.61e-21	9.21e-16	1.03e-11	2.37e-08	2.53e-04	3.83e-02	9.61e-01
 3.16065e+22	2.19e-27	9.54e-21	1.11e-15	1.19e-11	2.63e-08	2.71e-04	3.95e-02	9.60e-01
 3.19315e+22	2.77e-27	1.16e-20	1.31e-15	1.35e-11	2.88e-08	2.87e-04	4.07e-02	9.59e-01
 3.22999e+22	3.51e-27	1.43e-20	1.55e-15	1.55e-11	3.16e-08	3.05e-04	4.19e-02	9.58e-01
 3.27788e+22	4.83e-27	1.87e-20	1.94e-15	1.85e-11	3.58e-08	3.31e-04	4.36e-02	9.56e-01
 3.32797e+22	6.78e-27	2.50e-20	2.47e-15	2.23e-11	4.10e-08	3.61e-04	4.54e-02	9.54e-01
 3.36756e+22	8.86e-27	3.13e-20	2.98e-15	2.59e-11	4.55e-08	3.87e-04	4.70e-02	9.53e-01
 3.39952e+22	1.10e-26	3.77e-20	3.48e-15	2.92e-11	4.96e-08	4.09e-04	4.82e-02	9.51e-01
 3.43491e+22	1.36e-26	4.53e-20	4.05e-15	3.29e-11	5.40e-08	4.32e-04	4.96e-02	9.50e-01
 3.48091e+22	1.81e-26	5.78e-20	4.96e-15	3.87e-11	6.06e-08	4.65e-04	5.13e-02	9.48e-01
 3.52993e+22	2.46e-26	7.50e-20	6.17e-15	4.59e-11	6.84e-08	5.03e-04	5.33e-02	9.46e-01
 3.57198e+22	3.19e-26	9.35e-20	7.42e-15	5.31e-11	7.59e-08	5.38e-04	5.51e-02	9.44e-01
 3.61577e+22	4.11e-26	1.16e-19	8.89e-15	6.13e-11	8.41e-08	5.75e-04	5.69e-02	9.43e-01
 3.67271e+22	5.67e-26	1.53e-19	1.12e-14	7.37e-11	9.58e-08	6.25e-04	5.92e-02	9.40e-01
 3.73071e+22	7.90e-26	2.03e-19	1.42e-14	8.90e-11	1.10e-07	6.82e-04	6.17e-02	9.38e-01
 3.77694e+22	1.02e-25	2.53e-19	1.71e-14	1.03e-10	1.22e-07	7.30e-04	6.38e-02	9.36e-01
 3.82386e+22	1.30e-25	3.13e-19	2.04e-14	1.19e-10	1.35e-07	7.79e-04	6.58e-02	9.33e-01
 3.88486e+22	1.78e-25	4.08e-19	2.55e-14	1.42e-10	1.53e-07	8.45e-04	6.84e-02	9.31e-01
 3.94918e+22	2.46e-25	5.39e-19	3.22e-14	1.71e-10	1.75e-07	9.22e-04	7.13e-02	9.28e-01
 4.00360e+22	3.22e-25	6.78e-19	3.91e-14	1.99e-10	1.95e-07	9.91e-04	7.38e-02	9.25e-01
 4.05104e+22	4.04e-25	8.25e-19	4.60e-14	2.28e-10	2.15e-07	1.05e-03	7.60e-02	9.23e-01
 4.10360e+22	5.12e-25	1.01e-18	5.46e-14	2.61e-10	2.37e-07	1.12e-03	7.83e-02	9.21e-01
 4.17192e+22	6.90e-25	1.31e-18	6.78e-14	3.10e-10	2.68e-07	1.22e-03	8.13e-02	9.17e-01
 4.24077e+22	9.34e-25	1.70e-18	8.45e-14	3.70e-10	3.05e-07	1.32e-03	8.46e-02	9.14e-01
 4.29440e+22	1.18e-24	2.08e-18	1.00e-13	4.25e-10	3.37e-07	1.41e-03	8.72e-02	9.11e-01
 4.34822e+22	1.47e-24	2.50e-18	1.17e-13	4.83e-10	3.69e-07	1.49e-03	8.96e-02	9.09e-01
 4.41820e+22	1.92e-24	3.15e-18	1.42e-13	5.64e-10	4.13e-07	1.61e-03	9.28e-02	9.06e-01
 4.49359e+22	2.57e-24	4.05e-18	1.76e-13	6.69e-10	4.68e-07	1.74e-03	9.63e-02	9.02e-01
 4.55901e+22	3.29e-24	5.02e-18	2.11e-13	7.75e-10	5.21e-07	1.86e-03	9.95e-02	8.99e-01
 4.61803e+22	4.10e-24	6.06e-18	2.48e-13	8.82e-10	5.72e-07	1.98e-03	1.02e-01	8.96e-01
 4.68569e+22	5.14e-24	7.37e-18	2.93e-13	1.01e-09	6.31e-07	2.11e-03	1.05e-01	8.92e-01
 4.76023e+22	6.66e-24	9.20e-18	3.54e-13	1.18e-09	7.05e-07	2.27e-03	1.09e-01	8.89e-01
 4.82701e+22	8.39e-24	1.12e-17	4.19e-13	1.35e-09	7.79e-07	2.42e-03	1.12e-01	8.85e-01
 4.88680e+22	1.01e-23	1.32e-17	4.80e-13	1.51e-09	8.44e-07	2.55e-03	1.15e-01	8.82e-01
 4.95418e+22	1.25e-23	1.58e-17	5.60e-13	1.71e-09	9.24e-07	2.70e-03	1.18e-01	8.79e-01
 5.04178e+22	1.62e-23	1.98e-17	6.78e-13	1.99e-09	1.04e-06	2.90e-03	1.22e-01	8.75e-01
 5.13341e+22	2.13e-23	2.52e-17	8.31e-13	2.35e-09	1.17e-06	3.13e-03	1.27e-01	8.70e-01
 5.20971e+22	2.67e-23	3.05e-17	9.79e-13	2.68e-09	1.29e-06	3.34e-03	1.30e-01	8.66e-01
 5.28829e+22	3.30e-23	3.68e-17	1.15e-12	3.05e-09	1.41e-06	3.54e-03	1.34e-01	8.62e-01
 5.39046e+22	4.32e-23	4.63e-17	1.39e-12	3.58e-09	1.59e-06	3.82e-03	1.39e-01	8.57e-01
 5.49827e+22	5.75e-23	5.93e-17	1.72e-12	4.24e-09	1.80e-06	4.14e-03	1.44e-01	8.52e-01
 5.58884e+22	7.24e-23	7.24e-17	2.04e-12	4.87e-09	1.99e-06	4.42e-03	1.48e-01	8.47e-01
 5.66673e+22	8.77e-23	8.55e-17	2.35e-12	5.46e-09	2.17e-06	4.66e-03	1.52e-01	8.43e-01
 5.75270e+22	1.07e-22	1.01e-16	2.71e-12	6.15e-09	2.36e-06	4.93e-03	1.56e-01	8.39e-01
 5.86447e+22	1.38e-22	1.26e-16	3.27e-12	7.16e-09	2.64e-06	5.29e-03	1.61e-01	8.34e-01
 5.98307e+22	1.80e-22	1.59e-16	3.99e-12	8.41e-09	2.97e-06	5.70e-03	1.66e-01	8.28e-01
 6.08459e+22	2.25e-22	1.93e-16	4.70e-12	9.61e-09	3.28e-06	6.07e-03	1.71e-01	8.23e-01
 6.19061e+22	2.80e-22	2.33e-16	5.50e-12	1.09e-08	3.61e-06	6.45e-03	1.76e-01	8.18e-01
 6.32844e+22	3.65e-22	2.93e-16	6.69e-12	1.28e-08	4.05e-06	6.95e-03	1.82e-01	8.11e-01
 6.47621e+22	4.91e-22	3.79e-16	8.31e-12	1.53e-08	4.61e-06	7.55e-03	1.88e-01	8.04e-01
 6.60397e+22	6.27e-22	4.68e-16	9.95e-12	1.77e-08	5.14e-06	8.08e-03	1.94e-01	7.98e-01
 6.73711e+22	7.93e-22	5.74e-16	1.18e-11	2.04e-08	5.70e-06	8.63e-03	2.00e-01	7.92e-01
 6.88510e+22	1.03e-21	7.16e-16	1.43e-11	2.37e-08	6.37e-06	9.26e-03	2.06e-01	7.85e-01
 7.02280e+22	1.31e-21	8.83e-16	1.71e-11	2.74e-08	7.09e-06	9.91e-03	2.12e-01	7.78e-01
 7.15142e+22	1.61e-21	1.06e-15	1.99e-11	3.11e-08	7.77e-06	1.05e-02	2.18e-01	7.72e-01
 7.29780e+22	2.03e-21	1.29e-15	2.36e-11	3.57e-08	8.60e-06	1.12e-02	2.24e-01	7.65e-01
 7.46257e+22	2.62e-21	1.61e-15	2.84e-11	4.15e-08	9.61e-06	1.20e-02	2.30e-01	7.58e-01
 7.61813e+22	3.31e-21	1.97e-15	3.37e-11	4.77e-08	1.06e-05	1.28e-02	2.37e-01	7.50e-01
 7.76392e+22	4.08e-21	2.36e-15	3.93e-11	5.40e-08	1.17e-05	1.36e-02	2.43e-01	7.44e-01
 7.93011e+22	5.14e-21	2.89e-15	4.65e-11	6.20e-08	1.29e-05	1.45e-02	2.49e-01	7.36e-01
 8.14615e+22	6.75e-21	3.65e-15	5.68e-11	7.28e-08	1.45e-05	1.56e-02	2.57e-01	7.27e-01
 8.37129e+22	9.16e-21	4.75e-15	7.10e-11	8.74e-08	1.66e-05	1.69e-02	2.66e-01	7.17e-01
 8.55287e+22	1.16e-20	5.81e-15	8.42e-11	1.00e-07	1.84e-05	1.80e-02	2.73e-01	7.09e-01
 8.73356e+22	1.43e-20	6.99e-15	9.85e-11	1.14e-07	2.02e-05	1.91e-02	2.79e-01	7.01e-01
 8.96845e+22	1.86e-20	8.75e-15	1.19e-10	1.33e-07	2.26e-05	2.05e-02	2.87e-01	6.92e-01
 9.22469e+22	2.49e-20	1.13e-14	1.48e-10	1.59e-07	2.57e-05	2.22e-02	2.97e-01	6.81e-01
 9.45020e+22	3.21e-20	1.40e-14	1.78e-10	1.84e-07	2.87e-05	2.38e-02	3.05e-01	6.71e-01
 9.65348e+22	3.95e-20	1.68e-14	2.07e-10	2.09e-07	3.14e-05	2.51e-02	3.11e-01	6.63e-01
 9.88632e+22	4.98e-20	2.05e-14	2.46e-10	2.40e-07	3.48e-05	2.67e-02	3.19e-01	6.54e-01
 1.01424e+23	6.38e-20	2.55e-14	2.95e-10	2.78e-07	3.88e-05	2.86e-02	3.27e-01	6.44e-01
 1.03741e+23	7.99e-20	3.09e-14	3.48e-10	3.18e-07	4.28e-05	3.04e-02	3.35e-01	6.35e-01
 1.05867e+23	9.66e-20	3.64e-14	4.00e-10	3.57e-07	4.65e-05	3.19e-02	3.41e-01	6.27e-01
 1.08291e+23	1.18e-19	4.35e-14	4.65e-10	4.03e-07	5.09e-05	3.38e-02	3.48e-01	6.18e-01
 1.11443e+23	1.51e-19	5.36e-14	5.56e-10	4.67e-07	5.66e-05	3.60e-02	3.56e-01	6.08e-01
 1.14883e+23	1.99e-19	6.81e-14	6.82e-10	5.51e-07	6.39e-05	3.87e-02	3.66e-01	5.95e-01
 1.17898e+23	2.53e-19	8.39e-14	8.15e-10	6.38e-07	7.11e-05	4.13e-02	3.74e-01	5.84e-01
 1.20559e+23	3.09e-19	9.99e-14	9.46e-10	7.21e-07	7.78e-05	4.36e-02	3.81e-01	5.75e-01
 1.23558e+23	3.76e-19	1.18e-13	1.10e-09	8.13e-07	8.49e-05	4.59e-02	3.88e-01	5.66e-01
 1.27456e+23	4.75e-19	1.45e-13	1.30e-09	9.37e-07	9.42e-05	4.89e-02	3.96e-01	5.55e-01
 1.32314e+23	6.28e-19	1.85e-13	1.60e-09	1.11e-06	1.07e-04	5.26e-02	4.06e-01	5.41e-01
 1.37229e+23	8.49e-19	2.40e-13	2.01e-09	1.34e-06	1.22e-04	5.70e-02	4.17e-01	5.26e-01
 1.41286e+23	1.08e-18	2.97e-13	2.40e-09	1.55e-06	1.36e-04	6.07e-02	4.25e-01	5.14e-01
 1.45420e+23	1.30e-18	3.50e-13	2.77e-09	1.75e-06	1.48e-04	6.39e-02	4.32e-01	5.04e-01
 1.50774e+23	1.63e-18	4.25e-13	3.28e-09	2.01e-06	1.64e-04	6.78e-02	4.39e-01	4.93e-01
 1.56928e+23	2.14e-18	5.40e-13	4.03e-09	2.38e-06	1.86e-04	7.29e-02	4.49e-01	4.78e-01
 1.62882e+23	2.76e-18	6.75e-13	4.90e-09	2.80e-06	2.10e-04	7.80e-02	4.58e-01	4.64e-01
 1.68414e+23	3.40e-18	8.09e-13	5.73e-09	3.20e-06	2.31e-04	8.25e-02	4.64e-01	4.53e-01
 1.74614e+23	4.10e-18	9.54e-13	6.62e-09	3.61e-06	2.53e-04	8.68e-02	4.71e-01	4.42e-01
 1.81722e+23	5.09e-18	1.15e-12	7.82e-09	4.15e-06	2.80e-04	9.19e-02	4.78e-01	4.30e-01
 1.89114e+23	6.22e-18	1.38e-12	9.12e-09	4.72e-06	3.07e-04	9.70e-02	4.84e-01	4.19e-01
 1.96802e+23	7.51e-18	1.63e-12	1.06e-08	5.35e-06	3.37e-04	1.02e-01	4.90e-01	4.08e-01
 2.04798e+23	8.91e-18	1.89e-12	1.21e-08	5.99e-06	3.66e-04	1.07e-01	4.95e-01	3.98e-01
 2.13113e+23	1.04e-17	2.17e-12	1.36e-08	6.65e-06	3.95e-04	1.12e-01	5.00e-01	3.88e-01
 2.21759e+23	1.20e-17	2.46e-12	1.52e-08	7.30e-06	4.24e-04	1.16e-01	5.04e-01	3.80e-01
 2.30131e+23	1.38e-17	2.78e-12	1.70e-08	8.02e-06	4.54e-04	1.20e-01	5.08e-01	3.72e-01
 2.37666e+23	1.53e-17	3.05e-12	1.84e-08	8.59e-06	4.77e-04	1.24e-01	5.10e-01	3.65e-01
 2.44448e+23	1.67e-17	3.31e-12	1.98e-08	9.14e-06	5.00e-04	1.27e-01	5.13e-01	3.60e-01
 2.50551e+23	1.80e-17	3.54e-12	2.10e-08	9.63e-06	5.19e-04	1.30e-01	5.15e-01	3.55e-01
 2.56044e+23	1.91e-17	3.72e-12	2.20e-08	1.00e-05	5.34e-04	1.32e-01	5.16e-01	3.52e-01
 2.60988e+23	2.00e-17	3.88e-12	2.28e-08	1.03e-05	5.47e-04	1.33e-01	5.17e-01	3.49e-01
 2.65437e+23	2.08e-17	4.02e-12	2.35e-08	1.06e-05	5.58e-04	1.35e-01	5.18e-01	3.46e-01
 2.69442e+23	2.14e-17	4.13e-12	2.41e-08	1.08e-05	5.67e-04	1.36e-01	5.19e-01	3.45e-01
 2.73046e+23	2.20e-17	4.23e-12	2.46e-08	1.10e-05	5.74e-04	1.37e-01	5.20e-01	3.43e-01
 2.76289e+23	2.25e-17	4.32e-12	2.51e-08	1.12e-05	5.81e-04	1.38e-01	5.20e-01	3.41e-01
 2.79353e+23	2.28e-17	4.36e-12	2.53e-08	1.13e-05	5.85e-04	1.38e-01	5.20e-01	3.41e-01
 2.82408e+23	2.30e-17	4.40e-12	2.55e-08	1.14e-05	5.87e-04	1.38e-01	5.21e-01	3.40e-01
 2.85463e+23	2.32e-17	4.43e-12	2.57e-08	1.14e-05	5.90e-04	1.39e-01	5.21e-01	3.40e-01
 2.88518e+23	2.35e-17	4.48e-12	2.59e-08	1.15e-05	5.94e-04	1.39e-01	5.21e-01	3.39e-01
 2.91572e+23	2.36e-17	4.50e-12	2.60e-08	1.16e-05	5.95e-04	1.39e-01	5.21e-01	3.39e-01
 2.94627e+23	2.37e-17	4.52e-12	2.61e-08	1.16e-05	5.96e-04	1.40e-01	5.21e-01	3.38e-01
 2.97682e+23	2.38e-17	4.53e-12	2.62e-08	1.16e-05	5.97e-04	1.40e-01	5.21e-01	3.38e-01
 3.00737e+23	2.38e-17	4.54e-12	2.62e-08	1.17e-05	5.98e-04	1.40e-01	5.22e-01	3.38e-01
 3.03792e+23	2.39e-17	4.55e-12	2.63e-08	1.17e-05	5.99e-04	1.40e-01	5.22e-01	3.38e-01
 3.05400e+23	2.54e-17	4.81e-12	2.76e-08	1.22e-05	6.19e-04	1.42e-01	5.23e-01	3.34e-01
