#depth	S	S+	S+2	S+3	S+4	S+5	S+6	S+7	S+8	S+9	S+10	S+11	S+12	S+13	S+14	S+15	S+16
 6.17135e+19	0.00e+00	0.00e+00	0.00e+00	0.00e+00	0.00e+00	0.00e+00	0.00e+00	1.16e-28	2.68e-24	2.19e-20	8.28e-17	1.54e-13	2.13e-10	2.10e-07	3.87e-04	3.57e-02	9.64e-01
 1.87609e+20	0.00e+00	0.00e+00	0.00e+00	0.00e+00	0.00e+00	0.00e+00	0.00e+00	2.41e-28	5.11e-24	3.86e-20	1.34e-16	2.31e-13	2.94e-10	2.67e-07	4.54e-04	3.86e-02	9.61e-01
 3.18540e+20	0.00e+00	0.00e+00	0.00e+00	0.00e+00	0.00e+00	0.00e+00	0.00e+00	4.99e-28	9.76e-24	6.81e-20	2.19e-16	3.46e-13	4.06e-10	3.40e-07	5.33e-04	4.18e-02	9.58e-01
 4.54709e+20	0.00e+00	0.00e+00	0.00e+00	0.00e+00	0.00e+00	0.00e+00	0.00e+00	1.04e-27	1.87e-23	1.20e-19	3.56e-16	5.20e-13	5.62e-10	4.33e-07	6.25e-04	4.52e-02	9.54e-01
 5.74411e+20	0.00e+00	0.00e+00	0.00e+00	0.00e+00	0.00e+00	0.00e+00	0.00e+00	1.94e-27	3.26e-23	1.95e-19	5.40e-16	7.36e-13	7.41e-10	5.33e-07	7.17e-04	4.83e-02	9.51e-01
 6.66685e+20	0.00e+00	0.00e+00	0.00e+00	0.00e+00	0.00e+00	0.00e+00	0.00e+00	3.10e-27	4.94e-23	2.81e-19	7.39e-16	9.55e-13	9.12e-10	6.23e-07	7.94e-04	5.08e-02	9.48e-01
 7.48882e+20	0.00e+00	0.00e+00	0.00e+00	0.00e+00	0.00e+00	0.00e+00	0.00e+00	4.66e-27	7.11e-23	3.87e-19	9.71e-16	1.20e-12	1.09e-09	7.13e-07	8.68e-04	5.30e-02	9.46e-01
 8.41357e+20	0.00e+00	0.00e+00	0.00e+00	0.00e+00	0.00e+00	0.00e+00	1.81e-31	7.31e-27	1.06e-22	5.49e-19	1.31e-15	1.54e-12	1.33e-09	8.28e-07	9.58e-04	5.56e-02	9.43e-01
 9.61573e+20	0.00e+00	0.00e+00	0.00e+00	0.00e+00	0.00e+00	0.00e+00	3.42e-31	1.30e-26	1.76e-22	8.57e-19	1.92e-15	2.12e-12	1.72e-09	1.00e-06	1.08e-03	5.91e-02	9.40e-01
 1.08324e+21	0.00e+00	0.00e+00	0.00e+00	0.00e+00	0.00e+00	0.00e+00	6.41e-31	2.28e-26	2.92e-22	1.33e-18	2.80e-15	2.91e-12	2.21e-09	1.21e-06	1.23e-03	6.27e-02	9.36e-01
 1.17841e+21	0.00e+00	0.00e+00	0.00e+00	0.00e+00	0.00e+00	0.00e+00	1.04e-30	3.51e-26	4.28e-22	1.86e-18	3.74e-15	3.70e-12	2.67e-09	1.39e-06	1.35e-03	6.56e-02	9.33e-01
 1.27376e+21	0.00e+00	0.00e+00	0.00e+00	0.00e+00	0.00e+00	0.00e+00	1.66e-30	5.38e-26	6.25e-22	2.59e-18	4.97e-15	4.68e-12	3.23e-09	1.60e-06	1.48e-03	6.85e-02	9.30e-01
 1.39771e+21	0.00e+00	0.00e+00	0.00e+00	0.00e+00	0.00e+00	0.00e+00	3.03e-30	9.24e-26	1.01e-21	3.95e-18	7.14e-15	6.34e-12	4.10e-09	1.92e-06	1.66e-03	7.25e-02	9.26e-01
 1.52616e+21	0.00e+00	0.00e+00	0.00e+00	0.00e+00	0.00e+00	0.00e+00	5.58e-30	1.60e-25	1.65e-21	6.05e-18	1.03e-14	8.61e-12	5.24e-09	2.30e-06	1.87e-03	7.68e-02	9.21e-01
 1.63081e+21	0.00e+00	0.00e+00	0.00e+00	0.00e+00	0.00e+00	0.00e+00	9.07e-30	2.47e-25	2.43e-21	8.50e-18	1.38e-14	1.10e-11	6.35e-09	2.65e-06	2.06e-03	8.03e-02	9.18e-01
 1.73722e+21	0.00e+00	0.00e+00	0.00e+00	0.00e+00	0.00e+00	0.00e+00	1.47e-29	3.83e-25	3.58e-21	1.19e-17	1.85e-14	1.40e-11	7.71e-09	3.07e-06	2.26e-03	8.40e-02	9.14e-01
 1.84877e+21	0.00e+00	0.00e+00	0.00e+00	0.00e+00	0.00e+00	0.00e+00	2.43e-29	6.01e-25	5.34e-21	1.70e-17	2.50e-14	1.80e-11	9.42e-09	3.56e-06	2.49e-03	8.80e-02	9.10e-01
 1.94277e+21	0.00e+00	0.00e+00	0.00e+00	0.00e+00	0.00e+00	0.00e+00	3.67e-29	8.70e-25	7.42e-21	2.26e-17	3.20e-14	2.22e-11	1.11e-08	4.02e-06	2.70e-03	9.14e-02	9.06e-01
 2.04073e+21	0.00e+00	0.00e+00	0.00e+00	0.00e+00	0.00e+00	0.00e+00	5.62e-29	1.28e-24	1.04e-20	3.05e-17	4.14e-14	2.75e-11	1.32e-08	4.57e-06	2.93e-03	9.50e-02	9.02e-01
 2.16808e+21	0.00e+00	0.00e+00	0.00e+00	0.00e+00	0.00e+00	0.00e+00	9.66e-29	2.08e-24	1.61e-20	4.46e-17	5.74e-14	3.61e-11	1.63e-08	5.36e-06	3.26e-03	9.98e-02	8.97e-01
 2.29610e+21	0.00e+00	0.00e+00	0.00e+00	0.00e+00	0.00e+00	0.00e+00	1.65e-28	3.37e-24	2.47e-20	6.49e-17	7.93e-14	4.73e-11	2.02e-08	6.29e-06	3.61e-03	1.05e-01	8.92e-01
 2.39468e+21	0.00e+00	0.00e+00	0.00e+00	0.00e+00	0.00e+00	0.00e+00	2.48e-28	4.85e-24	3.42e-20	8.63e-17	1.01e-13	5.81e-11	2.38e-08	7.10e-06	3.91e-03	1.09e-01	8.87e-01
 2.49252e+21	0.00e+00	0.00e+00	0.00e+00	0.00e+00	0.00e+00	0.00e+00	3.68e-28	6.93e-24	4.69e-20	1.14e-16	1.29e-13	7.09e-11	2.79e-08	7.98e-06	4.22e-03	1.13e-01	8.83e-01
 2.61970e+21	0.00e+00	0.00e+00	0.00e+00	0.00e+00	0.00e+00	0.00e+00	6.10e-28	1.09e-23	7.03e-20	1.62e-16	1.75e-13	9.16e-11	3.41e-08	9.28e-06	4.65e-03	1.18e-01	8.77e-01
 2.75085e+21	0.00e+00	0.00e+00	0.00e+00	0.00e+00	0.00e+00	0.00e+00	1.02e-27	1.74e-23	1.06e-19	2.33e-16	2.38e-13	1.19e-10	4.19e-08	1.08e-05	5.14e-03	1.23e-01	8.71e-01
 2.85839e+21	0.00e+00	0.00e+00	0.00e+00	0.00e+00	0.00e+00	0.00e+00	1.54e-27	2.52e-23	1.48e-19	3.12e-16	3.06e-13	1.47e-10	4.95e-08	1.22e-05	5.56e-03	1.28e-01	8.66e-01
 2.94818e+21	0.00e+00	0.00e+00	0.00e+00	0.00e+00	0.00e+00	0.00e+00	2.19e-27	3.45e-23	1.96e-19	3.98e-16	3.78e-13	1.75e-10	5.69e-08	1.36e-05	5.95e-03	1.32e-01	8.62e-01
 3.04361e+21	0.00e+00	0.00e+00	0.00e+00	0.00e+00	0.00e+00	0.00e+00	3.11e-27	4.74e-23	2.59e-19	5.10e-16	4.68e-13	2.09e-10	6.55e-08	1.51e-05	6.37e-03	1.36e-01	8.57e-01
 3.16768e+21	0.00e+00	0.00e+00	0.00e+00	0.00e+00	0.00e+00	0.00e+00	4.92e-27	7.16e-23	3.74e-19	7.04e-16	6.18e-13	2.64e-10	7.87e-08	1.73e-05	6.95e-03	1.42e-01	8.51e-01
 3.29247e+21	0.00e+00	0.00e+00	0.00e+00	0.00e+00	0.00e+00	0.00e+00	7.77e-27	1.08e-22	5.40e-19	9.70e-16	8.16e-13	3.33e-10	9.46e-08	1.98e-05	7.59e-03	1.48e-01	8.45e-01
 3.39031e+21	0.00e+00	0.00e+00	0.00e+00	0.00e+00	0.00e+00	1.84e-31	1.10e-26	1.48e-22	7.15e-19	1.24e-15	1.01e-12	3.98e-10	1.09e-07	2.20e-05	8.12e-03	1.52e-01	8.40e-01
 3.48961e+21	0.00e+00	0.00e+00	0.00e+00	0.00e+00	0.00e+00	2.71e-31	1.57e-26	2.04e-22	9.49e-19	1.59e-15	1.25e-12	4.77e-10	1.25e-07	2.44e-05	8.68e-03	1.57e-01	8.34e-01
 3.61871e+21	0.00e+00	0.00e+00	0.00e+00	0.00e+00	0.00e+00	4.45e-31	2.47e-26	3.06e-22	1.36e-18	2.19e-15	1.65e-12	6.00e-10	1.50e-07	2.80e-05	9.46e-03	1.63e-01	8.27e-01
 3.74825e+21	0.00e+00	0.00e+00	0.00e+00	0.00e+00	0.00e+00	7.28e-31	3.86e-26	4.58e-22	1.95e-18	3.00e-15	2.16e-12	7.55e-10	1.80e-07	3.20e-05	1.03e-02	1.69e-01	8.20e-01
 3.84935e+21	0.00e+00	0.00e+00	0.00e+00	0.00e+00	0.00e+00	1.06e-30	5.46e-26	6.26e-22	2.58e-18	3.83e-15	2.67e-12	9.01e-10	2.07e-07	3.54e-05	1.10e-02	1.74e-01	8.15e-01
 3.95177e+21	0.00e+00	0.00e+00	0.00e+00	0.00e+00	0.00e+00	1.55e-30	7.70e-26	8.54e-22	3.40e-18	4.88e-15	3.30e-12	1.08e-09	2.38e-07	3.93e-05	1.18e-02	1.80e-01	8.09e-01
 4.08491e+21	0.00e+00	0.00e+00	0.00e+00	0.00e+00	0.00e+00	2.51e-30	1.20e-25	1.27e-21	4.84e-18	6.66e-15	4.32e-12	1.35e-09	2.84e-07	4.48e-05	1.28e-02	1.86e-01	8.01e-01
 4.21341e+21	0.00e+00	0.00e+00	0.00e+00	0.00e+00	0.00e+00	3.98e-30	1.82e-25	1.86e-21	6.79e-18	8.97e-15	5.59e-12	1.67e-09	3.37e-07	5.08e-05	1.38e-02	1.93e-01	7.93e-01
 4.30648e+21	0.00e+00	0.00e+00	0.00e+00	0.00e+00	0.00e+00	5.54e-30	2.46e-25	2.43e-21	8.65e-18	1.11e-14	6.72e-12	1.95e-09	3.81e-07	5.56e-05	1.47e-02	1.98e-01	7.88e-01
 4.39811e+21	0.00e+00	0.00e+00	0.00e+00	0.00e+00	0.00e+00	7.62e-30	3.30e-25	3.17e-21	1.09e-17	1.36e-14	8.03e-12	2.27e-09	4.28e-07	6.06e-05	1.55e-02	2.02e-01	7.82e-01
 4.51723e+21	0.00e+00	0.00e+00	0.00e+00	0.00e+00	0.00e+00	1.15e-29	4.80e-25	4.45e-21	1.48e-17	1.78e-14	1.01e-11	2.76e-09	4.99e-07	6.78e-05	1.66e-02	2.09e-01	7.75e-01
 4.64337e+21	0.00e+00	0.00e+00	0.00e+00	0.00e+00	0.00e+00	1.77e-29	7.11e-25	6.34e-21	2.03e-17	2.35e-14	1.29e-11	3.38e-09	5.85e-07	7.63e-05	1.79e-02	2.15e-01	7.67e-01
 4.75157e+21	0.00e+00	0.00e+00	0.00e+00	0.00e+00	0.00e+00	2.55e-29	9.92e-25	8.57e-21	2.66e-17	2.98e-14	1.58e-11	4.02e-09	6.70e-07	8.43e-05	1.91e-02	2.21e-01	7.60e-01
 4.84770e+21	0.00e+00	0.00e+00	0.00e+00	0.00e+00	0.00e+00	3.51e-29	1.33e-24	1.12e-20	3.37e-17	3.67e-14	1.90e-11	4.68e-09	7.55e-07	9.21e-05	2.02e-02	2.26e-01	7.53e-01
 4.95518e+21	0.00e+00	0.00e+00	0.00e+00	0.00e+00	0.00e+00	4.98e-29	1.83e-24	1.49e-20	4.36e-17	4.61e-14	2.31e-11	5.53e-09	8.60e-07	1.01e-04	2.14e-02	2.32e-01	7.46e-01
 5.09491e+21	0.00e+00	0.00e+00	0.00e+00	0.00e+00	0.00e+00	7.82e-29	2.77e-24	2.17e-20	6.09e-17	6.19e-14	2.99e-11	6.85e-09	1.02e-06	1.15e-04	2.31e-02	2.40e-01	7.37e-01
 5.23412e+21	0.00e+00	0.00e+00	0.00e+00	0.00e+00	0.00e+00	1.22e-28	4.17e-24	3.14e-20	8.47e-17	8.27e-14	3.85e-11	8.48e-09	1.20e-06	1.30e-04	2.50e-02	2.47e-01	7.27e-01
 5.34139e+21	0.00e+00	0.00e+00	0.00e+00	0.00e+00	0.00e+00	1.71e-28	5.68e-24	4.15e-20	1.09e-16	1.03e-13	4.66e-11	9.97e-09	1.36e-06	1.42e-04	2.64e-02	2.53e-01	7.20e-01
 5.43467e+21	0.00e+00	0.00e+00	0.00e+00	0.00e+00	0.00e+00	2.29e-28	7.42e-24	5.29e-20	1.35e-16	1.25e-13	5.51e-11	1.15e-08	1.52e-06	1.54e-04	2.78e-02	2.59e-01	7.14e-01
 5.54100e+21	0.00e+00	0.00e+00	0.00e+00	0.00e+00	0.00e+00	3.16e-28	9.98e-24	6.92e-20	1.72e-16	1.54e-13	6.63e-11	1.34e-08	1.72e-06	1.68e-04	2.94e-02	2.64e-01	7.06e-01
 5.67922e+21	0.00e+00	0.00e+00	0.00e+00	0.00e+00	0.00e+00	4.80e-28	1.46e-23	9.79e-20	2.34e-16	2.03e-13	8.41e-11	1.64e-08	2.01e-06	1.89e-04	3.15e-02	2.72e-01	6.96e-01
 5.81988e+21	0.00e+00	0.00e+00	0.00e+00	0.00e+00	0.00e+00	7.31e-28	2.15e-23	1.39e-19	3.21e-16	2.68e-13	1.07e-10	2.01e-08	2.36e-06	2.12e-04	3.39e-02	2.80e-01	6.86e-01
 5.93244e+21	0.00e+00	0.00e+00	0.00e+00	0.00e+00	0.00e+00	1.02e-27	2.92e-23	1.83e-19	4.11e-16	3.33e-13	1.30e-10	2.36e-08	2.67e-06	2.32e-04	3.58e-02	2.86e-01	6.78e-01
 6.04750e+21	0.00e+00	0.00e+00	0.00e+00	0.00e+00	0.00e+00	1.42e-27	3.97e-23	2.42e-19	5.27e-16	4.15e-13	1.57e-10	2.78e-08	3.03e-06	2.55e-04	3.79e-02	2.92e-01	6.70e-01
 6.19709e+21	0.00e+00	0.00e+00	0.00e+00	0.00e+00	0.00e+00	2.17e-27	5.87e-23	3.45e-19	7.24e-16	5.50e-13	2.01e-10	3.42e-08	3.56e-06	2.87e-04	4.07e-02	3.00e-01	6.59e-01
 6.34474e+21	0.00e+00	0.00e+00	0.00e+00	0.00e+00	0.00e+00	3.29e-27	8.61e-23	4.88e-19	9.90e-16	7.25e-13	2.56e-10	4.19e-08	4.17e-06	3.21e-04	4.37e-02	3.08e-01	6.48e-01
 6.45651e+21	0.00e+00	0.00e+00	0.00e+00	0.00e+00	0.00e+00	4.49e-27	1.14e-22	6.33e-19	1.25e-15	8.91e-13	3.06e-10	4.88e-08	4.70e-06	3.50e-04	4.60e-02	3.14e-01	6.39e-01
 6.56848e+21	0.00e+00	0.00e+00	0.00e+00	0.00e+00	1.99e-31	6.08e-27	1.52e-22	8.17e-19	1.57e-15	1.09e-12	3.66e-10	5.67e-08	5.27e-06	3.81e-04	4.84e-02	3.20e-01	6.31e-01
 6.71403e+21	0.00e+00	0.00e+00	0.00e+00	0.00e+00	3.09e-31	8.98e-27	2.17e-22	1.13e-18	2.11e-15	1.42e-12	4.59e-10	6.86e-08	6.12e-06	4.24e-04	5.16e-02	3.28e-01	6.20e-01
 6.86609e+21	0.00e+00	0.00e+00	0.00e+00	0.00e+00	4.87e-31	1.34e-26	3.15e-22	1.59e-18	2.86e-15	1.85e-12	5.81e-10	8.37e-08	7.14e-06	4.74e-04	5.52e-02	3.36e-01	6.09e-01
 6.99350e+21	0.00e+00	0.00e+00	0.00e+00	0.00e+00	7.08e-31	1.87e-26	4.27e-22	2.10e-18	3.67e-15	2.31e-12	7.06e-10	9.87e-08	8.11e-06	5.19e-04	5.83e-02	3.42e-01	5.99e-01
 7.12605e+21	0.00e+00	0.00e+00	0.00e+00	0.00e+00	1.04e-30	2.61e-26	5.83e-22	2.79e-18	4.74e-15	2.90e-12	8.61e-10	1.17e-07	9.22e-06	5.69e-04	6.16e-02	3.49e-01	5.89e-01
 7.27306e+21	0.00e+00	0.00e+00	0.00e+00	0.00e+00	1.57e-30	3.78e-26	8.21e-22	3.80e-18	6.27e-15	3.72e-12	1.07e-09	1.40e-07	1.06e-05	6.30e-04	6.54e-02	3.56e-01	5.78e-01
 7.40880e+21	0.00e+00	0.00e+00	0.00e+00	0.00e+00	2.30e-30	5.28e-26	1.12e-21	5.05e-18	8.09e-15	4.66e-12	1.31e-09	1.66e-07	1.21e-05	6.91e-04	6.91e-02	3.62e-01	5.68e-01
 7.53588e+21	0.00e+00	0.00e+00	0.00e+00	0.00e+00	3.27e-30	7.21e-26	1.50e-21	6.58e-18	1.03e-14	5.76e-12	1.57e-09	1.94e-07	1.36e-05	7.53e-04	7.27e-02	3.68e-01	5.58e-01
 7.68177e+21	0.00e+00	0.00e+00	0.00e+00	0.00e+00	4.81e-30	1.01e-25	2.05e-21	8.78e-18	1.33e-14	7.25e-12	1.92e-09	2.29e-07	1.55e-05	8.26e-04	7.68e-02	3.75e-01	5.48e-01
 7.84198e+21	0.00e+00	0.00e+00	0.00e+00	0.00e+00	7.36e-30	1.47e-25	2.91e-21	1.21e-17	1.77e-14	9.34e-12	2.40e-09	2.77e-07	1.80e-05	9.15e-04	8.15e-02	3.82e-01	5.36e-01
 7.98609e+21	0.00e+00	0.00e+00	0.00e+00	0.00e+00	1.07e-29	2.05e-25	3.95e-21	1.60e-17	2.29e-14	1.17e-11	2.93e-09	3.27e-07	2.04e-05	1.00e-03	8.59e-02	3.88e-01	5.25e-01
 8.11799e+21	0.00e+00	0.00e+00	0.00e+00	0.00e+00	1.50e-29	2.76e-25	5.21e-21	2.06e-17	2.87e-14	1.43e-11	3.49e-09	3.79e-07	2.29e-05	1.09e-03	9.01e-02	3.93e-01	5.15e-01
 8.26878e+21	0.00e+00	0.00e+00	0.00e+00	0.00e+00	2.18e-29	3.84e-25	7.09e-21	2.73e-17	3.70e-14	1.79e-11	4.25e-09	4.47e-07	2.60e-05	1.19e-03	9.49e-02	3.99e-01	5.05e-01
 8.43688e+21	0.00e+00	0.00e+00	0.00e+00	0.00e+00	3.30e-29	5.53e-25	9.94e-21	3.72e-17	4.90e-14	2.30e-11	5.29e-09	5.37e-07	2.99e-05	1.31e-03	1.00e-01	4.06e-01	4.92e-01
 8.58977e+21	0.00e+00	0.00e+00	0.00e+00	0.00e+00	4.77e-29	7.65e-25	1.35e-20	4.91e-17	6.30e-14	2.87e-11	6.42e-09	6.32e-07	3.38e-05	1.43e-03	1.06e-01	4.11e-01	4.82e-01
 8.72746e+21	0.00e+00	0.00e+00	0.00e+00	0.00e+00	6.60e-29	1.02e-24	1.76e-20	6.27e-17	7.85e-14	3.49e-11	7.62e-09	7.30e-07	3.78e-05	1.54e-03	1.10e-01	4.16e-01	4.72e-01
 8.88309e+21	0.00e+00	0.00e+00	0.00e+00	0.00e+00	9.45e-29	1.40e-24	2.36e-20	8.22e-17	1.00e-13	4.33e-11	9.21e-09	8.55e-07	4.26e-05	1.68e-03	1.16e-01	4.21e-01	4.61e-01
 9.08541e+21	0.00e+00	0.00e+00	0.00e+00	0.00e+00	1.49e-28	2.09e-24	3.44e-20	1.16e-16	1.37e-13	5.70e-11	1.17e-08	1.05e-06	4.97e-05	1.87e-03	1.23e-01	4.28e-01	4.48e-01
 9.29003e+21	0.00e+00	0.00e+00	0.00e+00	0.00e+00	2.35e-28	3.12e-24	5.00e-20	1.63e-16	1.87e-13	7.49e-11	1.49e-08	1.28e-06	5.79e-05	2.07e-03	1.30e-01	4.33e-01	4.34e-01
 9.45311e+21	0.00e+00	0.00e+00	0.00e+00	0.00e+00	3.35e-28	4.26e-24	6.69e-20	2.13e-16	2.37e-13	9.28e-11	1.79e-08	1.49e-06	6.52e-05	2.25e-03	1.36e-01	4.38e-01	4.23e-01
 9.62060e+21	0.00e+00	0.00e+00	0.00e+00	0.00e+00	4.77e-28	5.81e-24	8.96e-20	2.79e-16	3.02e-13	1.15e-10	2.16e-08	1.74e-06	7.33e-05	2.44e-03	1.43e-01	4.42e-01	4.13e-01
 9.83834e+21	0.00e+00	0.00e+00	0.00e+00	0.00e+00	7.47e-28	8.62e-24	1.30e-19	3.91e-16	4.10e-13	1.50e-10	2.73e-08	2.12e-06	8.51e-05	2.70e-03	1.51e-01	4.47e-01	3.99e-01
 1.00551e+22	0.00e+00	0.00e+00	0.00e+00	0.00e+00	1.16e-27	1.27e-23	1.86e-19	5.46e-16	5.54e-13	1.96e-10	3.44e-08	2.57e-06	9.84e-05	2.99e-03	1.59e-01	4.52e-01	3.86e-01
 1.02225e+22	0.00e+00	0.00e+00	0.00e+00	0.00e+00	1.62e-27	1.70e-23	2.45e-19	7.02e-16	6.96e-13	2.39e-10	4.10e-08	2.97e-06	1.10e-04	3.22e-03	1.66e-01	4.55e-01	3.76e-01
 1.03920e+22	0.00e+00	0.00e+00	0.00e+00	0.00e+00	2.24e-27	2.27e-23	3.21e-19	8.99e-16	8.70e-13	2.92e-10	4.86e-08	3.42e-06	1.22e-04	3.46e-03	1.72e-01	4.58e-01	3.67e-01
 1.06123e+22	0.00e+00	0.00e+00	0.00e+00	0.00e+00	3.40e-27	3.27e-23	4.53e-19	1.23e-15	1.16e-12	3.75e-10	6.05e-08	4.09e-06	1.40e-04	3.79e-03	1.81e-01	4.61e-01	3.54e-01
 1.08455e+22	0.00e+00	0.00e+00	0.00e+00	2.09e-31	5.25e-27	4.80e-23	6.48e-19	1.71e-15	1.56e-12	4.86e-10	7.58e-08	4.94e-06	1.61e-04	4.17e-03	1.90e-01	4.64e-01	3.41e-01
 1.10464e+22	0.00e+00	0.00e+00	0.00e+00	3.14e-31	7.57e-27	6.62e-23	8.76e-19	2.26e-15	2.00e-12	6.06e-10	9.17e-08	5.77e-06	1.82e-04	4.51e-03	1.99e-01	4.66e-01	3.31e-01
 1.12584e+22	0.00e+00	0.00e+00	0.00e+00	4.78e-31	1.10e-26	9.20e-23	1.19e-18	3.00e-15	2.58e-12	7.58e-10	1.11e-07	6.78e-06	2.05e-04	4.89e-03	2.07e-01	4.68e-01	3.20e-01
 1.14970e+22	0.00e+00	0.00e+00	0.00e+00	7.61e-31	1.66e-26	1.33e-22	1.68e-18	4.11e-15	3.42e-12	9.72e-10	1.38e-07	8.09e-06	2.34e-04	5.35e-03	2.17e-01	4.70e-01	3.08e-01
 1.17128e+22	0.00e+00	0.00e+00	0.00e+00	1.15e-30	2.40e-26	1.83e-22	2.28e-18	5.43e-15	4.40e-12	1.21e-09	1.67e-07	9.46e-06	2.63e-04	5.78e-03	2.26e-01	4.71e-01	2.97e-01
 1.19012e+22	0.00e+00	0.00e+00	0.00e+00	1.64e-30	3.30e-26	2.42e-22	2.96e-18	6.90e-15	5.46e-12	1.46e-09	1.97e-07	1.08e-05	2.91e-04	6.18e-03	2.33e-01	4.72e-01	2.89e-01
 1.21115e+22	0.00e+00	0.00e+00	0.00e+00	2.40e-30	4.64e-26	3.26e-22	3.92e-18	8.93e-15	6.89e-12	1.80e-09	2.35e-07	1.25e-05	3.24e-04	6.63e-03	2.42e-01	4.72e-01	2.79e-01
 1.23848e+22	0.00e+00	0.00e+00	0.00e+00	3.90e-30	7.16e-26	4.79e-22	5.62e-18	1.24e-14	9.27e-12	2.33e-09	2.93e-07	1.50e-05	3.72e-04	7.26e-03	2.53e-01	4.72e-01	2.67e-01
 1.26655e+22	0.00e+00	0.00e+00	0.00e+00	6.39e-30	1.11e-25	7.05e-22	8.09e-18	1.73e-14	1.25e-11	3.03e-09	3.68e-07	1.81e-05	4.27e-04	7.94e-03	2.64e-01	4.72e-01	2.55e-01
 1.28950e+22	0.00e+00	0.00e+00	0.00e+00	9.47e-30	1.58e-25	9.61e-22	1.08e-17	2.26e-14	1.59e-11	3.74e-09	4.41e-07	2.09e-05	4.76e-04	8.53e-03	2.74e-01	4.71e-01	2.46e-01
 1.31327e+22	0.00e+00	0.00e+00	0.00e+00	1.40e-29	2.24e-25	1.31e-21	1.45e-17	2.95e-14	2.02e-11	4.60e-09	5.26e-07	2.42e-05	5.30e-04	9.14e-03	2.83e-01	4.70e-01	2.37e-01
 1.34417e+22	0.00e+00	0.00e+00	0.00e+00	2.33e-29	3.53e-25	1.95e-21	2.11e-17	4.17e-14	2.76e-11	6.03e-09	6.65e-07	2.93e-05	6.11e-04	1.00e-02	2.95e-01	4.68e-01	2.25e-01
 1.37579e+22	0.00e+00	0.00e+00	0.00e+00	3.88e-29	5.56e-25	2.91e-21	3.07e-17	5.89e-14	3.76e-11	7.91e-09	8.38e-07	3.53e-05	7.02e-04	1.10e-02	3.08e-01	4.66e-01	2.14e-01
 1.40157e+22	0.00e+00	0.00e+00	0.00e+00	5.82e-29	7.98e-25	4.00e-21	4.15e-17	7.75e-14	4.81e-11	9.80e-09	1.01e-06	4.10e-05	7.84e-04	1.18e-02	3.18e-01	4.64e-01	2.05e-01
 1.42443e+22	0.00e+00	0.00e+00	0.00e+00	8.27e-29	1.09e-24	5.27e-21	5.38e-17	9.84e-14	5.96e-11	1.18e-08	1.18e-06	4.67e-05	8.63e-04	1.25e-02	3.27e-01	4.62e-01	1.98e-01
 1.45024e+22	0.00e+00	0.00e+00	0.00e+00	1.22e-28	1.54e-24	7.14e-21	7.17e-17	1.28e-13	7.55e-11	1.45e-08	1.41e-06	5.38e-05	9.58e-04	1.33e-02	3.37e-01	4.59e-01	1.90e-01
 1.48380e+22	0.00e+00	0.00e+00	0.00e+00	1.99e-28	2.39e-24	1.05e-20	1.03e-16	1.79e-13	1.02e-10	1.88e-08	1.76e-06	6.44e-05	1.09e-03	1.45e-02	3.50e-01	4.55e-01	1.80e-01
 1.51809e+22	0.00e+00	0.00e+00	0.00e+00	3.28e-28	3.73e-24	1.55e-20	1.49e-16	2.51e-13	1.38e-10	2.45e-08	2.20e-06	7.73e-05	1.25e-03	1.58e-02	3.63e-01	4.50e-01	1.70e-01
 1.54549e+22	0.00e+00	0.00e+00	0.00e+00	4.85e-28	5.28e-24	2.11e-20	1.99e-16	3.26e-13	1.75e-10	3.01e-08	2.62e-06	8.90e-05	1.39e-03	1.68e-02	3.73e-01	4.46e-01	1.62e-01
 1.57325e+22	0.00e+00	0.00e+00	0.00e+00	7.11e-28	7.43e-24	2.84e-20	2.64e-16	4.23e-13	2.21e-10	3.69e-08	3.12e-06	1.02e-04	1.53e-03	1.79e-02	3.83e-01	4.42e-01	1.55e-01
 1.60934e+22	0.00e+00	0.00e+00	0.00e+00	1.16e-27	1.15e-23	4.16e-20	3.79e-16	5.89e-13	2.98e-10	4.77e-08	3.88e-06	1.22e-04	1.74e-03	1.94e-02	3.96e-01	4.36e-01	1.46e-01
 1.64729e+22	0.00e+00	0.00e+00	0.00e+00	1.92e-27	1.80e-23	6.18e-20	5.52e-16	8.31e-13	4.05e-10	6.23e-08	4.87e-06	1.46e-04	1.99e-03	2.10e-02	4.09e-01	4.30e-01	1.38e-01
 1.67908e+22	0.00e+00	0.00e+00	0.00e+00	2.91e-27	2.61e-23	8.55e-20	7.51e-16	1.10e-12	5.22e-10	7.76e-08	5.87e-06	1.70e-04	2.22e-03	2.25e-02	4.20e-01	4.24e-01	1.31e-01
 1.70536e+22	0.00e+00	0.00e+00	2.34e-31	4.08e-27	3.52e-23	1.11e-19	9.64e-16	1.39e-12	6.41e-10	9.28e-08	6.82e-06	1.92e-04	2.42e-03	2.37e-02	4.29e-01	4.20e-01	1.25e-01
 1.73304e+22	0.00e+00	0.00e+00	3.44e-31	5.78e-27	4.80e-23	1.46e-19	1.25e-15	1.76e-12	7.94e-10	1.12e-07	7.98e-06	2.17e-04	2.65e-03	2.50e-02	4.38e-01	4.14e-01	1.20e-01
 1.76902e+22	0.00e+00	0.00e+00	5.60e-31	8.97e-27	7.09e-23	2.05e-19	1.73e-15	2.37e-12	1.04e-09	1.41e-07	9.70e-06	2.54e-04	2.97e-03	2.68e-02	4.49e-01	4.08e-01	1.13e-01
 1.80600e+22	0.00e+00	0.00e+00	9.25e-31	1.41e-26	1.06e-22	2.92e-19	2.42e-15	3.23e-12	1.37e-09	1.78e-07	1.19e-05	2.98e-04	3.33e-03	2.87e-02	4.61e-01	4.00e-01	1.06e-01
 1.83593e+22	0.00e+00	0.00e+00	1.38e-30	2.02e-26	1.46e-22	3.85e-19	3.15e-15	4.12e-12	1.70e-09	2.16e-07	1.39e-05	3.39e-04	3.65e-03	3.03e-02	4.70e-01	3.95e-01	1.01e-01
 1.86651e+22	0.00e+00	0.00e+00	2.05e-30	2.88e-26	2.00e-22	5.08e-19	4.10e-15	5.25e-12	2.11e-09	2.60e-07	1.63e-05	3.84e-04	4.00e-03	3.20e-02	4.79e-01	3.88e-01	9.62e-02
 1.90625e+22	0.00e+00	0.00e+00	3.39e-30	4.53e-26	2.99e-22	7.21e-19	5.74e-15	7.15e-12	2.79e-09	3.30e-07	2.00e-05	4.51e-04	4.49e-03	3.42e-02	4.90e-01	3.80e-01	9.02e-02
 1.94376e+22	0.00e+00	0.00e+00	5.49e-30	6.99e-26	4.39e-22	1.01e-18	7.92e-15	9.62e-12	3.64e-09	4.16e-07	2.42e-05	5.27e-04	5.01e-03	3.65e-02	5.01e-01	3.72e-01	8.47e-02
 1.96947e+22	0.00e+00	0.00e+00	7.49e-30	9.25e-26	5.63e-22	1.25e-18	9.75e-15	1.16e-11	4.32e-09	4.81e-07	2.74e-05	5.80e-04	5.37e-03	3.80e-02	5.07e-01	3.67e-01	8.13e-02
 1.99397e+22	0.00e+00	0.00e+00	1.01e-29	1.21e-25	7.14e-22	1.54e-18	1.19e-14	1.40e-11	5.10e-09	5.55e-07	3.09e-05	6.39e-04	5.75e-03	3.95e-02	5.14e-01	3.62e-01	7.81e-02
 2.02583e+22	0.00e+00	0.00e+00	1.49e-29	1.71e-25	9.69e-22	2.01e-18	1.54e-14	1.77e-11	6.30e-09	6.66e-07	3.60e-05	7.21e-04	6.26e-03	4.15e-02	5.22e-01	3.56e-01	7.41e-02
 2.06073e+22	0.00e+00	0.00e+00	2.25e-29	2.48e-25	1.35e-21	2.68e-18	2.03e-14	2.29e-11	7.93e-09	8.11e-07	4.25e-05	8.23e-04	6.88e-03	4.38e-02	5.30e-01	3.48e-01	7.00e-02
 2.08986e+22	0.00e+00	0.00e+00	3.18e-29	3.39e-25	1.77e-21	3.39e-18	2.55e-14	2.83e-11	9.60e-09	9.56e-07	4.88e-05	9.17e-04	7.43e-03	4.57e-02	5.37e-01	3.42e-01	6.66e-02
 2.11312e+22	0.00e+00	0.00e+00	4.16e-29	4.31e-25	2.19e-21	4.08e-18	3.05e-14	3.34e-11	1.11e-08	1.08e-06	5.42e-05	9.97e-04	7.88e-03	4.73e-02	5.42e-01	3.37e-01	6.42e-02
 2.13845e+22	0.00e+00	0.00e+00	5.58e-29	5.60e-25	2.76e-21	4.98e-18	3.71e-14	4.00e-11	1.31e-08	1.25e-06	6.10e-05	1.09e-03	8.42e-03	4.91e-02	5.48e-01	3.32e-01	6.15e-02
 2.17137e+22	0.00e+00	0.00e+00	8.02e-29	7.75e-25	3.68e-21	6.40e-18	4.72e-14	4.99e-11	1.60e-08	1.48e-06	7.03e-05	1.22e-03	9.11e-03	5.13e-02	5.55e-01	3.25e-01	5.84e-02
 2.20633e+22	0.00e+00	0.00e+00	1.20e-28	1.11e-24	5.05e-21	8.40e-18	6.17e-14	6.40e-11	2.00e-08	1.79e-06	8.26e-05	1.39e-03	9.96e-03	5.39e-02	5.62e-01	3.18e-01	5.50e-02
 2.23537e+22	0.00e+00	0.00e+00	1.66e-28	1.48e-24	6.52e-21	1.05e-17	7.65e-14	7.81e-11	2.39e-08	2.09e-06	9.40e-05	1.54e-03	1.07e-02	5.61e-02	5.68e-01	3.11e-01	5.24e-02
 2.26071e+22	0.00e+00	0.00e+00	2.19e-28	1.90e-24	8.12e-21	1.26e-17	9.21e-14	9.28e-11	2.79e-08	2.38e-06	1.05e-04	1.68e-03	1.14e-02	5.80e-02	5.72e-01	3.06e-01	5.02e-02
 2.28984e+22	0.00e+00	0.00e+00	3.00e-28	2.52e-24	1.04e-20	1.56e-17	1.13e-13	1.13e-10	3.32e-08	2.77e-06	1.19e-04	1.85e-03	1.22e-02	6.03e-02	5.77e-01	3.00e-01	4.79e-02
 2.32771e+22	0.00e+00	0.00e+00	4.47e-28	3.60e-24	1.42e-20	2.05e-17	1.48e-13	1.44e-10	4.14e-08	3.35e-06	1.39e-04	2.10e-03	1.33e-02	6.32e-02	5.84e-01	2.93e-01	4.50e-02
 2.36444e+22	0.00e+00	0.00e+00	6.68e-28	5.15e-24	1.94e-20	2.68e-17	1.93e-13	1.85e-10	5.18e-08	4.05e-06	1.64e-04	2.38e-03	1.45e-02	6.63e-02	5.90e-01	2.85e-01	4.22e-02
 2.39083e+22	0.00e+00	0.00e+00	8.76e-28	6.56e-24	2.41e-20	3.22e-17	2.31e-13	2.18e-10	6.01e-08	4.60e-06	1.82e-04	2.59e-03	1.54e-02	6.84e-02	5.93e-01	2.80e-01	4.04e-02
 2.41625e+22	0.00e+00	0.00e+00	1.14e-27	8.31e-24	2.96e-20	3.84e-17	2.76e-13	2.57e-10	6.98e-08	5.23e-06	2.02e-04	2.82e-03	1.63e-02	7.05e-02	5.97e-01	2.74e-01	3.87e-02
 2.44929e+22	0.00e+00	0.00e+00	1.60e-27	1.12e-23	3.84e-20	4.80e-17	3.44e-13	3.16e-10	8.40e-08	6.12e-06	2.31e-04	3.12e-03	1.75e-02	7.33e-02	6.01e-01	2.68e-01	3.67e-02
 2.48506e+22	0.00e+00	0.00e+00	2.30e-27	1.55e-23	5.11e-20	6.13e-17	4.39e-13	3.97e-10	1.03e-07	7.29e-06	2.67e-04	3.50e-03	1.90e-02	7.64e-02	6.06e-01	2.61e-01	3.45e-02
 2.51636e+22	0.00e+00	0.00e+00	3.16e-27	2.06e-23	6.54e-20	7.56e-17	5.41e-13	4.83e-10	1.23e-07	8.47e-06	3.03e-04	3.86e-03	2.03e-02	7.91e-02	6.09e-01	2.54e-01	3.27e-02
 2.54450e+22	0.00e+00	0.00e+00	4.19e-27	2.64e-23	8.12e-20	9.09e-17	6.52e-13	5.74e-10	1.44e-07	9.68e-06	3.38e-04	4.21e-03	2.16e-02	8.16e-02	6.12e-01	2.49e-01	3.12e-02
 2.57656e+22	0.00e+00	0.00e+00	5.73e-27	3.49e-23	1.04e-19	1.12e-16	8.02e-13	6.98e-10	1.71e-07	1.12e-05	3.83e-04	4.65e-03	2.31e-02	8.45e-02	6.15e-01	2.43e-01	2.95e-02
 2.61824e+22	0.00e+00	0.00e+00	8.57e-27	4.98e-23	1.41e-19	1.46e-16	1.05e-12	8.96e-10	2.14e-07	1.36e-05	4.49e-04	5.26e-03	2.51e-02	8.83e-02	6.18e-01	2.35e-01	2.75e-02
 2.65839e+22	0.00e+00	0.00e+00	1.27e-26	7.07e-23	1.92e-19	1.88e-16	1.36e-12	1.14e-09	2.67e-07	1.64e-05	5.25e-04	5.95e-03	2.73e-02	9.21e-02	6.21e-01	2.27e-01	2.56e-02
 2.68723e+22	0.00e+00	2.15e-31	1.68e-26	9.04e-23	2.37e-19	2.26e-16	1.63e-12	1.36e-09	3.12e-07	1.87e-05	5.86e-04	6.48e-03	2.90e-02	9.49e-02	6.23e-01	2.22e-01	2.43e-02
 2.71538e+22	0.00e+00	2.89e-31	2.19e-26	1.14e-22	2.91e-19	2.68e-16	1.94e-12	1.60e-09	3.62e-07	2.12e-05	6.51e-04	7.03e-03	3.06e-02	9.76e-02	6.24e-01	2.17e-01	2.32e-02
 2.75197e+22	0.00e+00	4.24e-31	3.08e-26	1.55e-22	3.78e-19	3.34e-16	2.43e-12	1.98e-09	4.38e-07	2.50e-05	7.45e-04	7.81e-03	3.29e-02	1.01e-01	6.26e-01	2.10e-01	2.17e-02
 2.79023e+22	0.00e+00	6.33e-31	4.42e-26	2.12e-22	4.97e-19	4.20e-16	3.08e-12	2.47e-09	5.36e-07	2.96e-05	8.58e-04	8.72e-03	3.55e-02	1.05e-01	6.27e-01	2.03e-01	2.03e-02
 2.82212e+22	0.00e+00	8.87e-31	5.98e-26	2.77e-22	6.25e-19	5.09e-16	3.76e-12	2.99e-09	6.35e-07	3.42e-05	9.67e-04	9.58e-03	3.78e-02	1.08e-01	6.27e-01	1.97e-01	1.91e-02
 2.85059e+22	0.00e+00	1.18e-30	7.71e-26	3.47e-22	7.60e-19	6.00e-16	4.44e-12	3.49e-09	7.31e-07	3.86e-05	1.07e-03	1.03e-02	3.98e-02	1.11e-01	6.27e-01	1.92e-01	1.82e-02
 2.88317e+22	0.00e+00	1.64e-30	1.03e-25	4.50e-22	9.50e-19	7.23e-16	5.38e-12	4.19e-09	8.62e-07	4.43e-05	1.20e-03	1.13e-02	4.23e-02	1.14e-01	6.27e-01	1.87e-01	1.72e-02
 2.92553e+22	0.00e+00	2.49e-30	1.51e-25	6.27e-22	1.26e-18	9.18e-16	6.87e-12	5.29e-09	1.06e-06	5.29e-05	1.39e-03	1.27e-02	4.57e-02	1.18e-01	6.26e-01	1.79e-01	1.59e-02
 2.96825e+22	0.00e+00	3.83e-30	2.22e-25	8.79e-22	1.69e-18	1.17e-15	8.83e-12	6.70e-09	1.32e-06	6.34e-05	1.61e-03	1.42e-02	4.95e-02	1.23e-01	6.25e-01	1.72e-01	1.47e-02
 3.00151e+22	0.00e+00	5.39e-30	3.00e-25	1.15e-21	2.12e-18	1.41e-15	1.07e-11	8.09e-09	1.56e-06	7.31e-05	1.81e-03	1.56e-02	5.26e-02	1.26e-01	6.23e-01	1.66e-01	1.38e-02
 3.03478e+22	0.00e+00	7.43e-30	4.00e-25	1.48e-21	2.64e-18	1.69e-15	1.29e-11	9.64e-09	1.83e-06	8.36e-05	2.02e-03	1.70e-02	5.57e-02	1.30e-01	6.21e-01	1.61e-01	1.29e-02
 3.07803e+22	0.00e+00	1.11e-29	5.75e-25	2.03e-21	3.47e-18	2.12e-15	1.63e-11	1.20e-08	2.23e-06	9.88e-05	2.32e-03	1.89e-02	5.99e-02	1.34e-01	6.18e-01	1.55e-01	1.20e-02
 3.12333e+22	0.00e+00	1.73e-29	8.49e-25	2.86e-21	4.65e-18	2.71e-15	2.09e-11	1.53e-08	2.77e-06	1.18e-04	2.69e-03	2.13e-02	6.46e-02	1.38e-01	6.14e-01	1.47e-01	1.10e-02
 3.16065e+22	0.00e+00	2.47e-29	1.17e-24	3.79e-21	5.91e-18	3.30e-15	2.56e-11	1.85e-08	3.30e-06	1.37e-04	3.04e-03	2.34e-02	6.88e-02	1.42e-01	6.11e-01	1.42e-01	1.02e-02
 3.19315e+22	0.00e+00	3.37e-29	1.54e-24	4.83e-21	7.26e-18	3.91e-15	3.05e-11	2.19e-08	3.84e-06	1.56e-04	3.38e-03	2.53e-02	7.26e-02	1.45e-01	6.07e-01	1.37e-01	9.56e-03
 3.22999e+22	0.00e+00	4.68e-29	2.07e-24	6.24e-21	9.06e-18	4.69e-15	3.67e-11	2.61e-08	4.49e-06	1.78e-04	3.76e-03	2.75e-02	7.67e-02	1.49e-01	6.02e-01	1.32e-01	8.93e-03
 3.27788e+22	0.00e+00	7.19e-29	3.03e-24	8.74e-21	1.21e-17	5.95e-15	4.66e-11	3.28e-08	5.52e-06	2.11e-04	4.33e-03	3.07e-02	8.24e-02	1.53e-01	5.96e-01	1.25e-01	8.15e-03
 3.32797e+22	0.00e+00	1.13e-28	4.55e-24	1.25e-20	1.63e-17	7.63e-15	5.98e-11	4.17e-08	6.86e-06	2.53e-04	5.02e-03	3.44e-02	8.87e-02	1.58e-01	5.88e-01	1.18e-01	7.38e-03
 3.36756e+22	0.00e+00	1.62e-28	6.26e-24	1.65e-20	2.08e-17	9.29e-15	7.27e-11	5.03e-08	8.12e-06	2.92e-04	5.63e-03	3.76e-02	9.39e-02	1.61e-01	5.81e-01	1.13e-01	6.82e-03
 3.39952e+22	0.00e+00	2.16e-28	8.08e-24	2.06e-20	2.51e-17	1.09e-14	8.49e-11	5.84e-08	9.29e-06	3.26e-04	6.17e-03	4.03e-02	9.83e-02	1.64e-01	5.76e-01	1.09e-01	6.39e-03
 3.43491e+22	0.00e+00	2.88e-28	1.05e-23	2.59e-20	3.05e-17	1.28e-14	9.94e-11	6.79e-08	1.06e-05	3.65e-04	6.76e-03	4.33e-02	1.03e-01	1.67e-01	5.69e-01	1.05e-01	5.98e-03
 3.48091e+22	0.00e+00	4.22e-28	1.47e-23	3.49e-20	3.94e-17	1.58e-14	1.22e-10	8.27e-08	1.27e-05	4.23e-04	7.61e-03	4.74e-02	1.09e-01	1.70e-01	5.61e-01	9.93e-02	5.47e-03
 3.52993e+22	0.00e+00	6.36e-28	2.13e-23	4.81e-20	5.19e-17	1.98e-14	1.51e-10	1.02e-07	1.53e-05	4.95e-04	8.63e-03	5.22e-02	1.16e-01	1.74e-01	5.51e-01	9.37e-02	4.97e-03
 3.57198e+22	0.00e+00	8.98e-28	2.89e-23	6.31e-20	6.54e-17	2.39e-14	1.81e-10	1.21e-07	1.79e-05	5.63e-04	9.58e-03	5.65e-02	1.22e-01	1.76e-01	5.42e-01	8.91e-02	4.57e-03
 3.61577e+22	0.00e+00	1.26e-27	3.92e-23	8.24e-20	8.22e-17	2.89e-14	2.17e-10	1.44e-07	2.09e-05	6.40e-04	1.06e-02	6.10e-02	1.28e-01	1.79e-01	5.32e-01	8.47e-02	4.20e-03
 3.67271e+22	0.00e+00	1.94e-27	5.77e-23	1.16e-19	1.10e-16	3.68e-14	2.71e-10	1.78e-07	2.53e-05	7.50e-04	1.20e-02	6.71e-02	1.35e-01	1.82e-01	5.19e-01	7.92e-02	3.77e-03
 3.73071e+22	0.00e+00	3.03e-27	8.60e-23	1.64e-19	1.49e-16	4.71e-14	3.41e-10	2.22e-07	3.08e-05	8.82e-04	1.37e-02	7.39e-02	1.44e-01	1.85e-01	5.06e-01	7.38e-02	3.36e-03
 3.77694e+22	0.00e+00	4.28e-27	1.17e-22	2.16e-19	1.88e-16	5.72e-14	4.06e-10	2.62e-07	3.58e-05	9.98e-04	1.51e-02	7.96e-02	1.50e-01	1.87e-01	4.95e-01	6.97e-02	3.07e-03
 3.82386e+22	0.00e+00	5.94e-27	1.57e-22	2.80e-19	2.34e-16	6.88e-14	4.79e-10	3.08e-07	4.13e-05	1.12e-03	1.66e-02	8.52e-02	1.56e-01	1.89e-01	4.83e-01	6.60e-02	2.81e-03
 3.88486e+22	0.00e+00	9.01e-27	2.28e-22	3.89e-19	3.11e-16	8.70e-14	5.92e-10	3.76e-07	4.95e-05	1.30e-03	1.86e-02	9.28e-02	1.64e-01	1.90e-01	4.69e-01	6.14e-02	2.51e-03
 3.94918e+22	0.00e+00	1.40e-26	3.39e-22	5.51e-19	4.20e-16	1.12e-13	7.37e-10	4.64e-07	5.96e-05	1.51e-03	2.09e-02	1.01e-01	1.73e-01	1.92e-01	4.53e-01	5.67e-02	2.22e-03
 4.00360e+22	0.00e+00	2.00e-26	4.69e-22	7.34e-19	5.38e-16	1.37e-13	8.82e-10	5.50e-07	6.94e-05	1.71e-03	2.30e-02	1.09e-01	1.80e-01	1.93e-01	4.39e-01	5.31e-02	2.01e-03
 4.05104e+22	0.00e+00	2.72e-26	6.17e-22	9.36e-19	6.63e-16	1.63e-13	1.03e-09	6.35e-07	7.88e-05	1.90e-03	2.49e-02	1.15e-01	1.85e-01	1.93e-01	4.28e-01	5.01e-02	1.84e-03
 4.10360e+22	0.00e+00	3.75e-26	8.22e-22	1.21e-18	8.25e-16	1.96e-13	1.20e-09	7.37e-07	9.00e-05	2.12e-03	2.70e-02	1.22e-01	1.91e-01	1.93e-01	4.15e-01	4.71e-02	1.67e-03
 4.17192e+22	0.00e+00	5.61e-26	1.18e-21	1.67e-18	1.09e-15	2.47e-13	1.47e-09	8.89e-07	1.06e-04	2.42e-03	2.99e-02	1.31e-01	1.99e-01	1.93e-01	3.99e-01	4.34e-02	1.48e-03
 4.24077e+22	0.00e+00	8.45e-26	1.71e-21	2.31e-18	1.44e-15	3.13e-13	1.79e-09	1.07e-06	1.25e-04	2.77e-03	3.31e-02	1.41e-01	2.06e-01	1.93e-01	3.83e-01	3.99e-02	1.30e-03
 4.29440e+22	0.00e+00	1.16e-25	2.28e-21	2.97e-18	1.80e-15	3.75e-13	2.09e-09	1.24e-06	1.43e-04	3.07e-03	3.58e-02	1.49e-01	2.12e-01	1.92e-01	3.70e-01	3.73e-02	1.18e-03
 4.34822e+22	0.00e+00	1.55e-25	2.96e-21	3.75e-18	2.20e-15	4.44e-13	2.41e-09	1.42e-06	1.60e-04	3.37e-03	3.84e-02	1.56e-01	2.17e-01	1.91e-01	3.58e-01	3.50e-02	1.08e-03
 4.41820e+22	0.00e+00	2.23e-25	4.11e-21	5.02e-18	2.83e-15	5.48e-13	2.88e-09	1.67e-06	1.85e-04	3.78e-03	4.18e-02	1.65e-01	2.23e-01	1.90e-01	3.43e-01	3.23e-02	9.56e-04
 4.49359e+22	0.00e+00	3.32e-25	5.87e-21	6.90e-18	3.72e-15	6.91e-13	3.49e-09	2.00e-06	2.16e-04	4.27e-03	4.58e-02	1.76e-01	2.29e-01	1.88e-01	3.27e-01	2.95e-02	8.39e-04
 4.55901e+22	0.00e+00	4.65e-25	7.96e-21	9.05e-18	4.71e-15	8.41e-13	4.11e-09	2.32e-06	2.47e-04	4.74e-03	4.94e-02	1.85e-01	2.34e-01	1.86e-01	3.13e-01	2.73e-02	7.48e-04
 4.61803e+22	0.00e+00	6.24e-25	1.04e-20	1.15e-17	5.77e-15	9.97e-13	4.73e-09	2.65e-06	2.76e-04	5.19e-03	5.27e-02	1.93e-01	2.38e-01	1.84e-01	3.00e-01	2.54e-02	6.75e-04
 4.68569e+22	0.00e+00	8.52e-25	1.38e-20	1.47e-17	7.18e-15	1.20e-12	5.52e-09	3.04e-06	3.12e-04	5.70e-03	5.63e-02	2.02e-01	2.42e-01	1.81e-01	2.88e-01	2.36e-02	6.06e-04
 4.76023e+22	0.00e+00	1.21e-24	1.89e-20	1.95e-17	9.16e-15	1.47e-12	6.54e-09	3.55e-06	3.56e-04	6.33e-03	6.07e-02	2.12e-01	2.46e-01	1.78e-01	2.74e-01	2.16e-02	5.35e-04
 4.82701e+22	2.84e-31	1.65e-24	2.50e-20	2.51e-17	1.14e-14	1.77e-12	7.59e-09	4.07e-06	4.00e-04	6.93e-03	6.47e-02	2.21e-01	2.50e-01	1.76e-01	2.61e-01	1.99e-02	4.78e-04
 4.88680e+22	3.70e-31	2.14e-24	3.16e-20	3.09e-17	1.37e-14	2.06e-12	8.62e-09	4.57e-06	4.41e-04	7.48e-03	6.83e-02	2.28e-01	2.52e-01	1.73e-01	2.51e-01	1.86e-02	4.35e-04
 4.95418e+22	4.97e-31	2.84e-24	4.09e-20	3.88e-17	1.67e-14	2.44e-12	9.90e-09	5.17e-06	4.91e-04	8.11e-03	7.23e-02	2.37e-01	2.55e-01	1.70e-01	2.40e-01	1.73e-02	3.91e-04
 5.04178e+22	7.16e-31	4.05e-24	5.65e-20	5.18e-17	2.14e-14	3.01e-12	1.18e-08	6.04e-06	5.60e-04	8.98e-03	7.75e-02	2.47e-01	2.58e-01	1.66e-01	2.26e-01	1.57e-02	3.42e-04
 5.13341e+22	1.05e-30	5.91e-24	7.95e-20	7.03e-17	2.79e-14	3.77e-12	1.41e-08	7.11e-06	6.43e-04	9.98e-03	8.33e-02	2.58e-01	2.60e-01	1.62e-01	2.12e-01	1.41e-02	2.96e-04
 5.20971e+22	1.42e-30	8.02e-24	1.05e-19	9.00e-17	3.46e-14	4.52e-12	1.64e-08	8.12e-06	7.19e-04	1.09e-02	8.82e-02	2.66e-01	2.61e-01	1.58e-01	2.01e-01	1.30e-02	2.63e-04
 5.28829e+22	1.91e-30	1.08e-23	1.37e-19	1.14e-16	4.26e-14	5.38e-12	1.89e-08	9.21e-06	7.99e-04	1.18e-02	9.31e-02	2.75e-01	2.62e-01	1.54e-01	1.91e-01	1.19e-02	2.34e-04
 5.39046e+22	2.75e-30	1.55e-23	1.91e-19	1.54e-16	5.51e-14	6.70e-12	2.27e-08	1.08e-05	9.11e-04	1.30e-02	9.94e-02	2.85e-01	2.63e-01	1.49e-01	1.79e-01	1.07e-02	2.02e-04
 5.49827e+22	4.05e-30	2.30e-23	2.73e-19	2.11e-16	7.28e-14	8.48e-12	2.75e-08	1.28e-05	1.05e-03	1.44e-02	1.06e-01	2.96e-01	2.63e-01	1.44e-01	1.66e-01	9.51e-03	1.72e-04
 5.58884e+22	5.50e-30	3.16e-23	3.64e-19	2.74e-16	9.12e-14	1.03e-11	3.21e-08	1.46e-05	1.17e-03	1.57e-02	1.12e-01	3.04e-01	2.63e-01	1.39e-01	1.56e-01	8.63e-03	1.51e-04
 5.66673e+22	7.10e-30	4.12e-23	4.63e-19	3.39e-16	1.10e-13	1.20e-11	3.66e-08	1.63e-05	1.29e-03	1.68e-02	1.17e-01	3.11e-01	2.62e-01	1.35e-01	1.48e-01	7.95e-03	1.35e-04
 5.75270e+22	9.26e-30	5.42e-23	5.94e-19	4.24e-16	1.34e-13	1.42e-11	4.19e-08	1.84e-05	1.41e-03	1.80e-02	1.23e-01	3.18e-01	2.62e-01	1.31e-01	1.40e-01	7.30e-03	1.20e-04
 5.86447e+22	1.29e-29	7.68e-23	8.15e-19	5.63e-16	1.71e-13	1.75e-11	4.97e-08	2.13e-05	1.59e-03	1.96e-02	1.30e-01	3.26e-01	2.60e-01	1.26e-01	1.30e-01	6.53e-03	1.04e-04
 5.98307e+22	1.83e-29	1.12e-22	1.14e-18	7.62e-16	2.23e-13	2.19e-11	5.96e-08	2.49e-05	1.81e-03	2.15e-02	1.37e-01	3.35e-01	2.58e-01	1.21e-01	1.20e-01	5.79e-03	8.83e-05
 6.08459e+22	2.44e-29	1.52e-22	1.51e-18	9.80e-16	2.78e-13	2.65e-11	6.95e-08	2.83e-05	2.01e-03	2.32e-02	1.44e-01	3.42e-01	2.55e-01	1.16e-01	1.12e-01	5.23e-03	7.71e-05
 6.19061e+22	3.23e-29	2.05e-22	1.99e-18	1.25e-15	3.44e-13	3.17e-11	8.05e-08	3.21e-05	2.22e-03	2.50e-02	1.50e-01	3.48e-01	2.53e-01	1.12e-01	1.05e-01	4.73e-03	6.75e-05
 6.32844e+22	4.56e-29	2.97e-22	2.79e-18	1.69e-15	4.48e-13	3.97e-11	9.68e-08	3.75e-05	2.51e-03	2.73e-02	1.58e-01	3.56e-01	2.49e-01	1.06e-01	9.63e-02	4.17e-03	5.72e-05
 6.47621e+22	6.61e-29	4.48e-22	4.04e-18	2.36e-15	5.99e-13	5.09e-11	1.18e-07	4.44e-05	2.88e-03	3.00e-02	1.68e-01	3.63e-01	2.45e-01	1.00e-01	8.74e-02	3.62e-03	4.74e-05
 6.60397e+22	8.95e-29	6.30e-22	5.51e-18	3.12e-15	7.64e-13	6.26e-11	1.40e-07	5.11e-05	3.22e-03	3.25e-02	1.75e-01	3.69e-01	2.40e-01	9.56e-02	8.06e-02	3.22e-03	4.06e-05
 6.73711e+22	1.20e-28	8.75e-22	7.43e-18	4.07e-15	9.65e-13	7.64e-11	1.65e-07	5.85e-05	3.58e-03	3.50e-02	1.83e-01	3.74e-01	2.36e-01	9.09e-02	7.44e-02	2.86e-03	3.48e-05
 6.88510e+22	1.66e-28	1.25e-21	1.03e-17	5.46e-15	1.25e-12	9.51e-11	1.97e-07	6.79e-05	4.02e-03	3.79e-02	1.91e-01	3.79e-01	2.31e-01	8.59e-02	6.80e-02	2.52e-03	2.94e-05
 7.02280e+22	2.22e-28	1.75e-21	1.40e-17	7.18e-15	1.58e-12	1.17e-10	2.32e-07	7.78e-05	4.47e-03	4.08e-02	1.99e-01	3.83e-01	2.26e-01	8.14e-02	6.25e-02	2.22e-03	2.51e-05
 7.15142e+22	2.87e-28	2.35e-21	1.82e-17	9.11e-15	1.95e-12	1.39e-10	2.69e-07	8.77e-05	4.90e-03	4.35e-02	2.06e-01	3.87e-01	2.21e-01	7.75e-02	5.79e-02	2.00e-03	2.18e-05
 7.29780e+22	3.83e-28	3.24e-21	2.45e-17	1.18e-14	2.45e-12	1.69e-10	3.15e-07	9.99e-05	5.42e-03	4.65e-02	2.14e-01	3.90e-01	2.16e-01	7.34e-02	5.32e-02	1.77e-03	1.86e-05
 7.46257e+22	5.18e-28	4.62e-21	3.37e-17	1.58e-14	3.16e-12	2.10e-10	3.75e-07	1.15e-04	6.05e-03	5.01e-02	2.22e-01	3.92e-01	2.10e-01	6.89e-02	4.84e-02	1.55e-03	1.57e-05
 7.61813e+22	6.87e-28	6.42e-21	4.54e-17	2.06e-14	3.99e-12	2.56e-10	4.41e-07	1.32e-04	6.69e-03	5.36e-02	2.30e-01	3.94e-01	2.04e-01	6.50e-02	4.43e-02	1.36e-03	1.33e-05
 7.76392e+22	8.80e-28	8.60e-21	5.93e-17	2.62e-14	4.91e-12	3.06e-10	5.09e-07	1.48e-04	7.32e-03	5.69e-02	2.37e-01	3.96e-01	1.99e-01	6.15e-02	4.09e-02	1.22e-03	1.15e-05
 7.93011e+22	1.16e-27	1.18e-20	7.93e-17	3.40e-14	6.16e-12	3.71e-10	5.95e-07	1.68e-04	8.06e-03	6.07e-02	2.45e-01	3.97e-01	1.93e-01	5.79e-02	3.74e-02	1.07e-03	9.78e-06
 8.14615e+22	1.61e-27	1.74e-20	1.12e-16	4.64e-14	8.09e-12	4.68e-10	7.19e-07	1.96e-04	9.05e-03	6.54e-02	2.54e-01	3.97e-01	1.86e-01	5.37e-02	3.35e-02	9.23e-04	8.05e-06
 8.37129e+22	2.29e-27	2.65e-20	1.65e-16	6.55e-14	1.09e-11	6.05e-10	8.84e-07	2.31e-04	1.03e-02	7.10e-02	2.64e-01	3.97e-01	1.78e-01	4.94e-02	2.96e-02	7.77e-04	6.46e-06
 8.55287e+22	2.99e-27	3.66e-20	2.21e-16	8.52e-14	1.37e-11	7.35e-10	1.04e-06	2.63e-04	1.13e-02	7.55e-02	2.71e-01	3.96e-01	1.72e-01	4.62e-02	2.69e-02	6.81e-04	5.46e-06
 8.73356e+22	3.85e-27	4.93e-20	2.90e-16	1.09e-13	1.70e-11	8.81e-10	1.20e-06	2.96e-04	1.23e-02	7.98e-02	2.78e-01	3.95e-01	1.66e-01	4.34e-02	2.46e-02	6.02e-04	4.66e-06
 8.96845e+22	5.22e-27	7.09e-20	4.03e-16	1.46e-13	2.20e-11	1.10e-09	1.43e-06	3.41e-04	1.37e-02	8.52e-02	2.86e-01	3.93e-01	1.59e-01	4.01e-02	2.21e-02	5.17e-04	3.84e-06
 9.22469e+22	7.32e-27	1.07e-19	5.84e-16	2.03e-13	2.94e-11	1.40e-09	1.75e-06	3.99e-04	1.54e-02	9.17e-02	2.95e-01	3.90e-01	1.51e-01	3.67e-02	1.94e-02	4.35e-04	3.08e-06
 9.45020e+22	9.73e-27	1.51e-19	8.03e-16	2.70e-13	3.77e-11	1.74e-09	2.07e-06	4.58e-04	1.70e-02	9.75e-02	3.02e-01	3.86e-01	1.45e-01	3.39e-02	1.74e-02	3.74e-04	2.54e-06
 9.65348e+22	1.23e-26	2.02e-19	1.04e-15	3.42e-13	4.63e-11	2.07e-09	2.38e-06	5.11e-04	1.84e-02	1.02e-01	3.08e-01	3.83e-01	1.39e-01	3.17e-02	1.59e-02	3.30e-04	2.17e-06
 9.88632e+22	1.61e-26	2.77e-19	1.40e-15	4.44e-13	5.81e-11	2.51e-09	2.78e-06	5.79e-04	2.01e-02	1.08e-01	3.14e-01	3.79e-01	1.33e-01	2.95e-02	1.43e-02	2.86e-04	1.81e-06
 1.01424e+23	2.12e-26	3.92e-19	1.91e-15	5.88e-13	7.43e-11	3.09e-09	3.29e-06	6.61e-04	2.21e-02	1.15e-01	3.21e-01	3.75e-01	1.27e-01	2.71e-02	1.28e-02	2.45e-04	1.49e-06
 1.03741e+23	2.72e-26	5.34e-19	2.53e-15	7.58e-13	9.27e-11	3.74e-09	3.83e-06	7.44e-04	2.41e-02	1.20e-01	3.26e-01	3.70e-01	1.21e-01	2.51e-02	1.15e-02	2.13e-04	1.25e-06
 1.05867e+23	3.36e-26	6.95e-19	3.22e-15	9.39e-13	1.12e-10	4.38e-09	4.35e-06	8.23e-04	2.59e-02	1.26e-01	3.31e-01	3.66e-01	1.17e-01	2.36e-02	1.06e-02	1.89e-04	1.08e-06
 1.08291e+23	4.24e-26	9.21e-19	4.16e-15	1.18e-12	1.37e-10	5.21e-09	4.99e-06	9.17e-04	2.79e-02	1.31e-01	3.36e-01	3.61e-01	1.12e-01	2.19e-02	9.59e-03	1.66e-04	9.12e-07
 1.11443e+23	5.50e-26	1.29e-18	5.65e-15	1.56e-12	1.74e-10	6.39e-09	5.88e-06	1.04e-03	3.05e-02	1.38e-01	3.41e-01	3.55e-01	1.06e-01	2.01e-02	8.54e-03	1.42e-04	7.49e-07
 1.14883e+23	7.42e-26	1.89e-18	8.01e-15	2.13e-12	2.29e-10	8.06e-09	7.08e-06	1.20e-03	3.38e-02	1.47e-01	3.46e-01	3.47e-01	9.93e-02	1.82e-02	7.47e-03	1.18e-04	5.97e-07
 1.17898e+23	9.60e-26	2.63e-18	1.08e-14	2.80e-12	2.90e-10	9.89e-09	8.32e-06	1.37e-03	3.69e-02	1.54e-01	3.50e-01	3.40e-01	9.39e-02	1.67e-02	6.63e-03	1.01e-04	4.88e-07
 1.20559e+23	1.19e-25	3.47e-18	1.40e-14	3.52e-12	3.55e-10	1.17e-08	9.53e-06	1.52e-03	3.97e-02	1.60e-01	3.54e-01	3.34e-01	8.94e-02	1.54e-02	6.00e-03	8.81e-05	4.12e-07
 1.23558e+23	1.48e-25	4.55e-18	1.79e-14	4.41e-12	4.32e-10	1.39e-08	1.09e-05	1.68e-03	4.26e-02	1.66e-01	3.56e-01	3.28e-01	8.51e-02	1.43e-02	5.42e-03	7.71e-05	3.48e-07
 1.27456e+23	1.87e-25	6.29e-18	2.41e-14	5.75e-12	5.45e-10	1.69e-08	1.28e-05	1.90e-03	4.63e-02	1.74e-01	3.59e-01	3.20e-01	8.02e-02	1.31e-02	4.81e-03	6.56e-05	2.85e-07
 1.32314e+23	2.50e-25	9.28e-18	3.44e-14	7.93e-12	7.22e-10	2.15e-08	1.54e-05	2.20e-03	5.11e-02	1.83e-01	3.62e-01	3.11e-01	7.45e-02	1.17e-02	4.15e-03	5.40e-05	2.23e-07
 1.37229e+23	3.39e-25	1.41e-17	5.05e-14	1.12e-11	9.78e-10	2.79e-08	1.90e-05	2.58e-03	5.68e-02	1.94e-01	3.65e-01	3.00e-01	6.86e-02	1.03e-02	3.53e-03	4.35e-05	1.71e-07
 1.41286e+23	4.30e-25	1.97e-17	6.87e-14	1.48e-11	1.25e-09	3.44e-08	2.24e-05	2.93e-03	6.18e-02	2.02e-01	3.66e-01	2.91e-01	6.40e-02	9.34e-03	3.10e-03	3.65e-05	1.37e-07
 1.45420e+23	5.16e-25	2.56e-17	8.74e-14	1.84e-11	1.51e-09	4.06e-08	2.55e-05	3.24e-03	6.59e-02	2.09e-01	3.67e-01	2.84e-01	6.06e-02	8.61e-03	2.79e-03	3.18e-05	0.00e+00
 1.50774e+23	6.35e-25	3.51e-17	1.17e-13	2.40e-11	1.90e-09	4.94e-08	2.98e-05	3.64e-03	7.12e-02	2.17e-01	3.67e-01	2.75e-01	5.66e-02	7.80e-03	2.45e-03	2.69e-05	0.00e+00
 1.56928e+23	8.08e-25	5.12e-17	1.66e-13	3.30e-11	2.52e-09	6.30e-08	3.61e-05	4.21e-03	7.82e-02	2.26e-01	3.66e-01	2.64e-01	5.20e-02	6.90e-03	2.10e-03	2.18e-05	0.00e+00
 1.62882e+23	1.02e-24	7.32e-17	2.31e-13	4.46e-11	3.29e-09	7.93e-08	4.32e-05	4.83e-03	8.53e-02	2.35e-01	3.65e-01	2.54e-01	4.78e-02	6.14e-03	1.80e-03	1.78e-05	0.00e+00
 1.68414e+23	1.19e-24	9.79e-17	3.02e-13	5.71e-11	4.09e-09	9.57e-08	5.01e-05	5.40e-03	9.15e-02	2.43e-01	3.63e-01	2.45e-01	4.46e-02	5.56e-03	1.59e-03	1.51e-05	0.00e+00
 1.74614e+23	1.35e-24	1.27e-16	3.87e-13	7.16e-11	5.00e-09	1.14e-07	5.73e-05	5.98e-03	9.75e-02	2.50e-01	3.61e-01	2.37e-01	4.18e-02	5.07e-03	1.41e-03	1.30e-05	0.00e+00
 1.81722e+23	1.56e-24	1.73e-16	5.13e-13	9.28e-11	6.29e-09	1.39e-07	6.71e-05	6.73e-03	1.05e-01	2.58e-01	3.59e-01	2.28e-01	3.87e-02	4.56e-03	1.23e-03	1.08e-05	0.00e+00
 1.89114e+23	1.75e-24	2.29e-16	6.68e-13	1.18e-10	7.79e-09	1.67e-07	7.75e-05	7.50e-03	1.12e-01	2.65e-01	3.56e-01	2.19e-01	3.59e-02	4.11e-03	1.08e-03	9.15e-06	0.00e+00
 1.96802e+23	1.96e-24	3.00e-16	8.59e-13	1.49e-10	9.58e-09	2.00e-07	8.93e-05	8.34e-03	1.19e-01	2.71e-01	3.52e-01	2.10e-01	3.34e-02	3.72e-03	9.53e-04	7.76e-06	0.00e+00
