#depth	Si	Si+	Si+2	Si+3	Si+4	Si+5	Si+6	Si+7	Si+8	Si+9	Si+10	Si+11	Si+12	Si+13	Si+14
 6.17135e+19	0.00e+00	0.00e+00	0.00e+00	0.00e+00	0.00e+00	0.00e+00	1.54e-28	7.21e-24	1.18e-19	8.41e-16	3.95e-12	1.13e-08	6.69e-05	1.54e-02	9.85e-01
 1.87609e+20	0.00e+00	0.00e+00	0.00e+00	0.00e+00	0.00e+00	0.00e+00	2.95e-28	1.27e-23	1.92e-19	1.26e-15	5.46e-12	1.44e-08	7.86e-05	1.67e-02	9.83e-01
 3.18540e+20	0.00e+00	0.00e+00	0.00e+00	0.00e+00	0.00e+00	0.00e+00	5.68e-28	2.26e-23	3.13e-19	1.90e-15	7.56e-12	1.84e-08	9.24e-05	1.81e-02	9.82e-01
 4.54709e+20	0.00e+00	0.00e+00	0.00e+00	0.00e+00	0.00e+00	0.00e+00	1.10e-27	4.01e-23	5.12e-19	2.86e-15	1.05e-11	2.35e-08	1.09e-04	1.96e-02	9.80e-01
 5.74411e+20	0.00e+00	0.00e+00	0.00e+00	0.00e+00	0.00e+00	0.00e+00	1.92e-27	6.55e-23	7.79e-19	4.06e-15	1.38e-11	2.89e-08	1.25e-04	2.10e-02	9.79e-01
 6.66685e+20	0.00e+00	0.00e+00	0.00e+00	0.00e+00	0.00e+00	0.00e+00	2.93e-27	9.47e-23	1.07e-18	5.28e-15	1.71e-11	3.38e-08	1.38e-04	2.21e-02	9.78e-01
 7.48882e+20	0.00e+00	0.00e+00	0.00e+00	0.00e+00	0.00e+00	0.00e+00	4.24e-27	1.31e-22	1.41e-18	6.64e-15	2.05e-11	3.88e-08	1.52e-04	2.31e-02	9.77e-01
 8.41357e+20	0.00e+00	0.00e+00	0.00e+00	0.00e+00	0.00e+00	0.00e+00	6.36e-27	1.86e-22	1.91e-18	8.56e-15	2.50e-11	4.50e-08	1.67e-04	2.43e-02	9.76e-01
 9.61573e+20	0.00e+00	0.00e+00	0.00e+00	0.00e+00	0.00e+00	1.08e-31	1.07e-26	2.93e-22	2.81e-18	1.18e-14	3.23e-11	5.45e-08	1.90e-04	2.59e-02	9.74e-01
 1.08324e+21	0.00e+00	0.00e+00	0.00e+00	0.00e+00	0.00e+00	1.92e-31	1.78e-26	4.58e-22	4.12e-18	1.62e-14	4.16e-11	6.58e-08	2.16e-04	2.75e-02	9.72e-01
 1.17841e+21	0.00e+00	0.00e+00	0.00e+00	0.00e+00	0.00e+00	2.97e-31	2.62e-26	6.43e-22	5.52e-18	2.07e-14	5.05e-11	7.61e-08	2.37e-04	2.88e-02	9.71e-01
 1.27376e+21	0.00e+00	0.00e+00	0.00e+00	0.00e+00	0.00e+00	4.59e-31	3.86e-26	9.00e-22	7.36e-18	2.63e-14	6.11e-11	8.77e-08	2.61e-04	3.02e-02	9.70e-01
 1.39771e+21	0.00e+00	0.00e+00	0.00e+00	0.00e+00	0.00e+00	7.98e-31	6.30e-26	1.38e-21	1.06e-17	3.57e-14	7.79e-11	1.05e-07	2.94e-04	3.20e-02	9.68e-01
 1.52616e+21	0.00e+00	0.00e+00	0.00e+00	0.00e+00	0.00e+00	1.40e-30	1.04e-25	2.14e-21	1.54e-17	4.87e-14	9.96e-11	1.26e-07	3.32e-04	3.40e-02	9.66e-01
 1.63081e+21	0.00e+00	0.00e+00	0.00e+00	0.00e+00	0.00e+00	2.19e-30	1.54e-25	3.02e-21	2.08e-17	6.24e-14	1.21e-10	1.46e-07	3.66e-04	3.57e-02	9.64e-01
 1.73722e+21	0.00e+00	0.00e+00	0.00e+00	0.00e+00	0.00e+00	3.42e-30	2.29e-25	4.27e-21	2.80e-17	7.99e-14	1.47e-10	1.69e-07	4.03e-04	3.74e-02	9.62e-01
 1.84877e+21	0.00e+00	0.00e+00	0.00e+00	0.00e+00	0.00e+00	5.45e-30	3.46e-25	6.12e-21	3.80e-17	1.03e-13	1.81e-10	1.97e-07	4.45e-04	3.93e-02	9.60e-01
 1.94277e+21	0.00e+00	0.00e+00	0.00e+00	0.00e+00	0.00e+00	7.96e-30	4.84e-25	8.22e-21	4.90e-17	1.27e-13	2.13e-10	2.23e-07	4.83e-04	4.09e-02	9.59e-01
 2.04073e+21	0.00e+00	0.00e+00	0.00e+00	0.00e+00	0.00e+00	1.18e-29	6.88e-25	1.12e-20	6.37e-17	1.59e-13	2.54e-10	2.53e-07	5.26e-04	4.26e-02	9.57e-01
 2.16808e+21	0.00e+00	0.00e+00	0.00e+00	0.00e+00	0.00e+00	1.95e-29	1.07e-24	1.65e-20	8.89e-17	2.09e-13	3.16e-10	2.98e-07	5.86e-04	4.49e-02	9.54e-01
 2.29610e+21	0.00e+00	0.00e+00	0.00e+00	0.00e+00	0.00e+00	3.22e-29	1.67e-24	2.42e-20	1.24e-16	2.76e-13	3.93e-10	3.51e-07	6.53e-04	4.73e-02	9.52e-01
 2.39468e+21	0.00e+00	0.00e+00	0.00e+00	0.00e+00	0.00e+00	4.69e-29	2.33e-24	3.25e-20	1.59e-16	3.40e-13	4.64e-10	3.97e-07	7.08e-04	4.93e-02	9.50e-01
 2.49252e+21	0.00e+00	0.00e+00	0.00e+00	0.00e+00	0.00e+00	6.79e-29	3.24e-24	4.32e-20	2.03e-16	4.17e-13	5.45e-10	4.48e-07	7.66e-04	5.12e-02	9.48e-01
 2.61970e+21	0.00e+00	0.00e+00	0.00e+00	0.00e+00	0.00e+00	1.09e-28	4.92e-24	6.23e-20	2.78e-16	5.41e-13	6.70e-10	5.22e-07	8.48e-04	5.38e-02	9.45e-01
 2.75085e+21	0.00e+00	0.00e+00	0.00e+00	0.00e+00	0.00e+00	1.76e-28	7.54e-24	9.05e-20	3.83e-16	7.07e-13	8.27e-10	6.11e-07	9.40e-04	5.65e-02	9.43e-01
 2.85839e+21	0.00e+00	0.00e+00	0.00e+00	0.00e+00	0.00e+00	2.60e-28	1.06e-23	1.22e-19	4.95e-16	8.76e-13	9.80e-10	6.93e-07	1.02e-03	5.88e-02	9.40e-01
 2.94818e+21	0.00e+00	0.00e+00	0.00e+00	0.00e+00	0.00e+00	3.61e-28	1.42e-23	1.58e-19	6.16e-16	1.05e-12	1.13e-09	7.71e-07	1.10e-03	6.09e-02	9.38e-01
 3.04361e+21	0.00e+00	0.00e+00	0.00e+00	0.00e+00	0.00e+00	5.02e-28	1.91e-23	2.04e-19	7.68e-16	1.26e-12	1.31e-09	8.59e-07	1.18e-03	6.30e-02	9.36e-01
 3.16768e+21	0.00e+00	0.00e+00	0.00e+00	0.00e+00	0.00e+00	7.73e-28	2.80e-23	2.84e-19	1.02e-15	1.60e-12	1.58e-09	9.88e-07	1.29e-03	6.58e-02	9.33e-01
 3.29247e+21	0.00e+00	0.00e+00	0.00e+00	0.00e+00	0.00e+00	1.19e-27	4.10e-23	3.97e-19	1.36e-15	2.04e-12	1.91e-09	1.14e-06	1.41e-03	6.88e-02	9.30e-01
 3.39031e+21	0.00e+00	0.00e+00	0.00e+00	0.00e+00	0.00e+00	1.66e-27	5.50e-23	5.13e-19	1.70e-15	2.45e-12	2.20e-09	1.27e-06	1.52e-03	7.12e-02	9.27e-01
 3.48961e+21	0.00e+00	0.00e+00	0.00e+00	0.00e+00	0.00e+00	2.32e-27	7.39e-23	6.65e-19	2.12e-15	2.95e-12	2.55e-09	1.41e-06	1.63e-03	7.36e-02	9.25e-01
 3.61871e+21	0.00e+00	0.00e+00	0.00e+00	0.00e+00	0.00e+00	3.56e-27	1.08e-22	9.27e-19	2.82e-15	3.74e-12	3.08e-09	1.62e-06	1.78e-03	7.69e-02	9.21e-01
 3.74825e+21	0.00e+00	0.00e+00	0.00e+00	0.00e+00	0.00e+00	5.45e-27	1.58e-22	1.29e-18	3.75e-15	4.73e-12	3.71e-09	1.86e-06	1.95e-03	8.03e-02	9.18e-01
 3.84935e+21	0.00e+00	0.00e+00	0.00e+00	0.00e+00	0.00e+00	7.57e-27	2.11e-22	1.67e-18	4.67e-15	5.69e-12	4.28e-09	2.08e-06	2.09e-03	8.30e-02	9.15e-01
 3.95177e+21	0.00e+00	0.00e+00	0.00e+00	0.00e+00	1.07e-31	1.05e-26	2.82e-22	2.15e-18	5.81e-15	6.83e-12	4.94e-09	2.31e-06	2.25e-03	8.58e-02	9.12e-01
 4.08491e+21	0.00e+00	0.00e+00	0.00e+00	0.00e+00	1.70e-31	1.60e-26	4.10e-22	2.98e-18	7.69e-15	8.62e-12	5.94e-09	2.65e-06	2.46e-03	8.95e-02	9.08e-01
 4.21341e+21	0.00e+00	0.00e+00	0.00e+00	0.00e+00	2.67e-31	2.40e-26	5.86e-22	4.07e-18	1.01e-14	1.08e-11	7.09e-09	3.02e-06	2.67e-03	9.32e-02	9.04e-01
 4.30648e+21	0.00e+00	0.00e+00	0.00e+00	0.00e+00	3.68e-31	3.20e-26	7.57e-22	5.09e-18	1.22e-14	1.27e-11	8.05e-09	3.32e-06	2.84e-03	9.59e-02	9.01e-01
 4.39811e+21	0.00e+00	0.00e+00	0.00e+00	0.00e+00	5.04e-31	4.24e-26	9.71e-22	6.33e-18	1.47e-14	1.48e-11	9.10e-09	3.64e-06	3.02e-03	9.86e-02	8.98e-01
 4.51723e+21	0.00e+00	0.00e+00	0.00e+00	0.00e+00	7.54e-31	6.09e-26	1.34e-21	8.38e-18	1.88e-14	1.82e-11	1.07e-08	4.09e-06	3.26e-03	1.02e-01	8.95e-01
 4.64337e+21	0.00e+00	0.00e+00	0.00e+00	0.00e+00	1.15e-30	8.90e-26	1.87e-21	1.13e-17	2.42e-14	2.25e-11	1.26e-08	4.63e-06	3.53e-03	1.06e-01	8.90e-01
 4.75157e+21	0.00e+00	0.00e+00	0.00e+00	0.00e+00	1.65e-30	1.23e-25	2.49e-21	1.45e-17	3.00e-14	2.69e-11	1.45e-08	5.14e-06	3.78e-03	1.10e-01	8.87e-01
 4.84770e+21	0.00e+00	0.00e+00	0.00e+00	0.00e+00	2.27e-30	1.63e-25	3.21e-21	1.80e-17	3.63e-14	3.15e-11	1.65e-08	5.64e-06	4.01e-03	1.13e-01	8.83e-01
 4.95518e+21	0.00e+00	0.00e+00	0.00e+00	0.00e+00	3.20e-30	2.23e-25	4.23e-21	2.30e-17	4.47e-14	3.75e-11	1.89e-08	6.24e-06	4.28e-03	1.16e-01	8.80e-01
 5.09491e+21	0.00e+00	0.00e+00	0.00e+00	0.00e+00	5.01e-30	3.33e-25	6.04e-21	3.14e-17	5.85e-14	4.70e-11	2.25e-08	7.12e-06	4.66e-03	1.21e-01	8.75e-01
 5.23412e+21	0.00e+00	0.00e+00	0.00e+00	0.00e+00	7.80e-30	4.95e-25	8.59e-21	4.27e-17	7.64e-14	5.87e-11	2.68e-08	8.10e-06	5.07e-03	1.25e-01	8.69e-01
 5.34139e+21	0.00e+00	0.00e+00	0.00e+00	0.00e+00	1.09e-29	6.71e-25	1.12e-20	5.40e-17	9.35e-14	6.96e-11	3.06e-08	8.94e-06	5.40e-03	1.29e-01	8.65e-01
 5.43467e+21	0.00e+00	0.00e+00	0.00e+00	0.00e+00	1.46e-29	8.71e-25	1.42e-20	6.62e-17	1.12e-13	8.07e-11	3.44e-08	9.74e-06	5.70e-03	1.33e-01	8.62e-01
 5.54100e+21	0.00e+00	0.00e+00	0.00e+00	0.00e+00	2.02e-29	1.17e-24	1.83e-20	8.30e-17	1.36e-13	9.50e-11	3.91e-08	1.07e-05	6.06e-03	1.36e-01	8.58e-01
 5.67922e+21	0.00e+00	0.00e+00	0.00e+00	0.00e+00	3.07e-29	1.70e-24	2.56e-20	1.11e-16	1.75e-13	1.17e-10	4.61e-08	1.21e-05	6.56e-03	1.41e-01	8.52e-01
 5.81988e+21	0.00e+00	0.00e+00	0.00e+00	0.00e+00	4.69e-29	2.48e-24	3.59e-20	1.50e-16	2.25e-13	1.46e-10	5.46e-08	1.37e-05	7.10e-03	1.46e-01	8.46e-01
 5.93244e+21	0.00e+00	0.00e+00	0.00e+00	0.00e+00	6.56e-29	3.35e-24	4.68e-20	1.89e-16	2.76e-13	1.72e-10	6.23e-08	1.51e-05	7.56e-03	1.51e-01	8.42e-01
 6.04750e+21	0.00e+00	0.00e+00	0.00e+00	0.00e+00	9.18e-29	4.53e-24	6.12e-20	2.39e-16	3.38e-13	2.05e-10	7.12e-08	1.67e-05	8.06e-03	1.55e-01	8.37e-01
 6.19709e+21	0.00e+00	0.00e+00	0.00e+00	0.00e+00	1.41e-28	6.68e-24	8.63e-20	3.23e-16	4.39e-13	2.55e-10	8.45e-08	1.90e-05	8.73e-03	1.61e-01	8.31e-01
 6.34474e+21	0.00e+00	0.00e+00	0.00e+00	0.00e+00	2.16e-28	9.76e-24	1.21e-19	4.35e-16	5.68e-13	3.16e-10	1.00e-07	2.15e-05	9.45e-03	1.67e-01	8.24e-01
 6.45651e+21	0.00e+00	0.00e+00	0.00e+00	0.00e+00	2.95e-28	1.30e-23	1.56e-19	5.42e-16	6.88e-13	3.71e-10	1.13e-07	2.36e-05	1.00e-02	1.71e-01	8.19e-01
 6.56848e+21	0.00e+00	0.00e+00	0.00e+00	0.00e+00	4.03e-28	1.71e-23	1.99e-19	6.74e-16	8.31e-13	4.35e-10	1.28e-07	2.58e-05	1.06e-02	1.75e-01	8.14e-01
 6.71403e+21	0.00e+00	0.00e+00	0.00e+00	0.00e+00	6.00e-28	2.45e-23	2.74e-19	8.92e-16	1.06e-12	5.33e-10	1.50e-07	2.90e-05	1.14e-02	1.81e-01	8.07e-01
 6.86609e+21	0.00e+00	0.00e+00	0.00e+00	0.00e+00	9.05e-28	3.55e-23	3.81e-19	1.19e-15	1.36e-12	6.58e-10	1.77e-07	3.28e-05	1.24e-02	1.87e-01	8.00e-01
 6.99350e+21	0.00e+00	0.00e+00	0.00e+00	0.00e+00	1.27e-27	4.81e-23	4.99e-19	1.51e-15	1.67e-12	7.83e-10	2.03e-07	3.62e-05	1.32e-02	1.93e-01	7.94e-01
 7.12605e+21	0.00e+00	0.00e+00	0.00e+00	0.00e+00	1.80e-27	6.57e-23	6.59e-19	1.93e-15	2.07e-12	9.35e-10	2.33e-07	4.01e-05	1.40e-02	1.98e-01	7.88e-01
 7.27306e+21	0.00e+00	0.00e+00	0.00e+00	0.00e+00	2.62e-27	9.24e-23	8.92e-19	2.52e-15	2.61e-12	1.14e-09	2.72e-07	4.48e-05	1.51e-02	2.04e-01	7.81e-01
 7.40880e+21	0.00e+00	0.00e+00	0.00e+00	0.00e+00	3.71e-27	1.26e-22	1.18e-18	3.21e-15	3.22e-12	1.36e-09	3.12e-07	4.97e-05	1.61e-02	2.10e-01	7.74e-01
 7.53588e+21	0.00e+00	0.00e+00	0.00e+00	0.00e+00	5.12e-27	1.69e-22	1.52e-18	4.04e-15	3.93e-12	1.61e-09	3.55e-07	5.46e-05	1.71e-02	2.15e-01	7.67e-01
 7.68177e+21	0.00e+00	0.00e+00	0.00e+00	0.00e+00	7.28e-27	2.32e-22	2.02e-18	5.17e-15	4.88e-12	1.92e-09	4.09e-07	6.06e-05	1.82e-02	2.21e-01	7.60e-01
 7.84198e+21	0.00e+00	0.00e+00	0.00e+00	0.00e+00	1.07e-26	3.28e-22	2.76e-18	6.80e-15	6.19e-12	2.35e-09	4.78e-07	6.79e-05	1.96e-02	2.28e-01	7.52e-01
 7.98609e+21	0.00e+00	0.00e+00	0.00e+00	0.00e+00	1.51e-26	4.47e-22	3.63e-18	8.67e-15	7.64e-12	2.81e-09	5.49e-07	7.51e-05	2.08e-02	2.34e-01	7.45e-01
 8.11799e+21	0.00e+00	0.00e+00	0.00e+00	0.00e+00	2.05e-26	5.89e-22	4.64e-18	1.08e-14	9.23e-12	3.29e-09	6.21e-07	8.22e-05	2.20e-02	2.40e-01	7.38e-01
 8.26878e+21	0.00e+00	0.00e+00	0.00e+00	1.31e-31	2.89e-26	8.03e-22	6.12e-18	1.37e-14	1.14e-11	3.93e-09	7.13e-07	9.09e-05	2.35e-02	2.46e-01	7.30e-01
 8.43688e+21	0.00e+00	0.00e+00	0.00e+00	1.98e-31	4.22e-26	1.13e-21	8.29e-18	1.79e-14	1.44e-11	4.78e-09	8.30e-07	1.02e-04	2.51e-02	2.53e-01	7.22e-01
 8.58977e+21	0.00e+00	0.00e+00	0.00e+00	2.86e-31	5.92e-26	1.53e-21	1.09e-17	2.28e-14	1.77e-11	5.69e-09	9.51e-07	1.12e-04	2.67e-02	2.59e-01	7.14e-01
 8.72746e+21	0.00e+00	0.00e+00	0.00e+00	3.96e-31	7.96e-26	2.00e-21	1.38e-17	2.81e-14	2.13e-11	6.64e-09	1.07e-06	1.22e-04	2.82e-02	2.65e-01	7.06e-01
 8.88309e+21	0.00e+00	0.00e+00	0.00e+00	5.66e-31	1.11e-25	2.69e-21	1.80e-17	3.55e-14	2.61e-11	7.88e-09	1.22e-06	1.35e-04	3.00e-02	2.72e-01	6.98e-01
 9.08541e+21	0.00e+00	0.00e+00	0.00e+00	8.94e-31	1.68e-25	3.93e-21	2.52e-17	4.78e-14	3.38e-11	9.78e-09	1.45e-06	1.52e-04	3.23e-02	2.80e-01	6.88e-01
 9.29003e+21	0.00e+00	0.00e+00	0.00e+00	1.41e-30	2.55e-25	5.71e-21	3.52e-17	6.42e-14	4.37e-11	1.21e-08	1.71e-06	1.72e-04	3.48e-02	2.88e-01	6.77e-01
 9.45311e+21	0.00e+00	0.00e+00	0.00e+00	2.00e-30	3.52e-25	7.66e-21	4.57e-17	8.08e-14	5.33e-11	1.44e-08	1.95e-06	1.89e-04	3.69e-02	2.94e-01	6.69e-01
 9.62060e+21	0.00e+00	0.00e+00	0.00e+00	2.85e-30	4.86e-25	1.02e-20	5.93e-17	1.02e-13	6.51e-11	1.70e-08	2.22e-06	2.07e-04	3.90e-02	3.01e-01	6.60e-01
 9.83834e+21	0.00e+00	0.00e+00	0.00e+00	4.46e-30	7.32e-25	1.48e-20	8.24e-17	1.36e-13	8.39e-11	2.10e-08	2.62e-06	2.33e-04	4.20e-02	3.09e-01	6.49e-01
 1.00551e+22	0.00e+00	0.00e+00	0.00e+00	6.92e-30	1.10e-24	2.14e-20	1.14e-16	1.81e-13	1.08e-10	2.59e-08	3.08e-06	2.62e-04	4.50e-02	3.17e-01	6.37e-01
 1.02225e+22	0.00e+00	0.00e+00	0.00e+00	9.63e-30	1.48e-24	2.81e-20	1.46e-16	2.25e-13	1.30e-10	3.03e-08	3.47e-06	2.86e-04	4.75e-02	3.24e-01	6.29e-01
 1.03920e+22	0.00e+00	0.00e+00	0.00e+00	1.33e-29	2.00e-24	3.68e-20	1.85e-16	2.78e-13	1.56e-10	3.53e-08	3.91e-06	3.12e-04	5.00e-02	3.30e-01	6.20e-01
 1.06123e+22	0.00e+00	0.00e+00	0.00e+00	2.02e-29	2.93e-24	5.19e-20	2.52e-16	3.64e-13	1.98e-10	4.30e-08	4.56e-06	3.47e-04	5.34e-02	3.38e-01	6.09e-01
 1.08455e+22	0.00e+00	0.00e+00	0.00e+00	3.11e-29	4.35e-24	7.42e-20	3.47e-16	4.82e-13	2.52e-10	5.27e-08	5.33e-06	3.89e-04	5.71e-02	3.46e-01	5.97e-01
 1.10464e+22	0.00e+00	0.00e+00	0.00e+00	4.47e-29	6.06e-24	1.00e-19	4.54e-16	6.11e-13	3.10e-10	6.26e-08	6.09e-06	4.27e-04	6.04e-02	3.53e-01	5.87e-01
 1.12584e+22	0.00e+00	0.00e+00	0.00e+00	6.48e-29	8.53e-24	1.36e-19	5.98e-16	7.79e-13	3.82e-10	7.46e-08	6.97e-06	4.71e-04	6.40e-02	3.59e-01	5.76e-01
 1.14970e+22	0.00e+00	0.00e+00	0.00e+00	9.77e-29	1.24e-23	1.92e-19	8.11e-16	1.02e-12	4.83e-10	9.06e-08	8.10e-06	5.24e-04	6.82e-02	3.67e-01	5.64e-01
 1.17128e+22	0.00e+00	0.00e+00	0.00e+00	1.41e-28	1.74e-23	2.60e-19	1.06e-15	1.29e-12	5.93e-10	1.08e-07	9.25e-06	5.75e-04	7.21e-02	3.74e-01	5.54e-01
 1.19012e+22	0.00e+00	0.00e+00	0.00e+00	1.93e-28	2.32e-23	3.37e-19	1.34e-15	1.59e-12	7.09e-10	1.25e-07	1.04e-05	6.23e-04	7.56e-02	3.79e-01	5.44e-01
 1.21115e+22	0.00e+00	0.00e+00	0.00e+00	2.70e-28	3.16e-23	4.47e-19	1.72e-15	1.98e-12	8.57e-10	1.46e-07	1.17e-05	6.79e-04	7.95e-02	3.85e-01	5.34e-01
 1.23848e+22	0.00e+00	0.00e+00	0.00e+00	4.15e-28	4.70e-23	6.39e-19	2.37e-15	2.62e-12	1.09e-09	1.79e-07	1.37e-05	7.58e-04	8.48e-02	3.93e-01	5.21e-01
 1.26655e+22	0.00e+00	0.00e+00	0.00e+00	6.42e-28	7.01e-23	9.18e-19	3.28e-15	3.48e-12	1.40e-09	2.20e-07	1.60e-05	8.46e-04	9.04e-02	4.01e-01	5.08e-01
 1.28950e+22	0.00e+00	0.00e+00	0.00e+00	9.09e-28	9.66e-23	1.23e-18	4.24e-15	4.36e-12	1.70e-09	2.59e-07	1.81e-05	9.24e-04	9.51e-02	4.07e-01	4.97e-01
 1.31327e+22	0.00e+00	0.00e+00	0.00e+00	1.28e-27	1.33e-22	1.63e-18	5.48e-15	5.46e-12	2.07e-09	3.04e-07	2.05e-05	1.01e-03	9.99e-02	4.12e-01	4.87e-01
 1.34417e+22	0.00e+00	0.00e+00	0.00e+00	2.01e-27	2.01e-22	2.38e-18	7.66e-15	7.33e-12	2.67e-09	3.75e-07	2.41e-05	1.13e-03	1.07e-01	4.19e-01	4.73e-01
 1.37579e+22	0.00e+00	0.00e+00	0.00e+00	3.15e-27	3.03e-22	3.45e-18	1.07e-14	9.83e-12	3.43e-09	4.63e-07	2.83e-05	1.26e-03	1.14e-01	4.26e-01	4.59e-01
 1.40157e+22	0.00e+00	0.00e+00	0.00e+00	4.51e-27	4.22e-22	4.65e-18	1.39e-14	1.24e-11	4.20e-09	5.47e-07	3.21e-05	1.38e-03	1.19e-01	4.32e-01	4.48e-01
 1.42443e+22	0.00e+00	0.00e+00	1.21e-31	6.14e-27	5.61e-22	6.02e-18	1.76e-14	1.52e-11	5.00e-09	6.32e-07	3.59e-05	1.49e-03	1.25e-01	4.36e-01	4.38e-01
 1.45024e+22	0.00e+00	0.00e+00	1.77e-31	8.65e-27	7.68e-22	8.00e-18	2.26e-14	1.90e-11	6.06e-09	7.41e-07	4.05e-05	1.62e-03	1.31e-01	4.41e-01	4.27e-01
 1.48380e+22	0.00e+00	0.00e+00	2.88e-31	1.33e-26	1.15e-21	1.15e-17	3.13e-14	2.52e-11	7.74e-09	9.06e-07	4.72e-05	1.79e-03	1.39e-01	4.46e-01	4.13e-01
 1.51809e+22	0.00e+00	0.00e+00	4.71e-31	2.07e-26	1.72e-21	1.66e-17	4.33e-14	3.35e-11	9.91e-09	1.11e-06	5.51e-05	2.00e-03	1.47e-01	4.52e-01	3.99e-01
 1.54549e+22	0.00e+00	0.00e+00	6.93e-31	2.91e-26	2.35e-21	2.20e-17	5.59e-14	4.19e-11	1.20e-08	1.30e-06	6.22e-05	2.17e-03	1.54e-01	4.56e-01	3.88e-01
 1.57325e+22	0.00e+00	0.00e+00	1.01e-30	4.08e-26	3.21e-21	2.92e-17	7.19e-14	5.23e-11	1.45e-08	1.52e-06	7.00e-05	2.35e-03	1.61e-01	4.59e-01	3.78e-01
 1.60934e+22	0.00e+00	0.00e+00	1.64e-30	6.26e-26	4.77e-21	4.18e-17	9.90e-14	6.91e-11	1.85e-08	1.85e-06	8.13e-05	2.60e-03	1.70e-01	4.63e-01	3.64e-01
 1.64729e+22	0.00e+00	0.00e+00	2.70e-30	9.76e-26	7.19e-21	6.06e-17	1.38e-13	9.25e-11	2.37e-08	2.28e-06	9.50e-05	2.89e-03	1.79e-01	4.67e-01	3.50e-01
 1.67908e+22	0.00e+00	0.00e+00	4.07e-30	1.41e-25	1.01e-20	8.22e-17	1.81e-13	1.17e-10	2.91e-08	2.70e-06	1.08e-04	3.15e-03	1.88e-01	4.70e-01	3.39e-01
 1.70536e+22	0.00e+00	0.00e+00	5.69e-30	1.89e-25	1.32e-20	1.05e-16	2.26e-13	1.42e-10	3.44e-08	3.09e-06	1.20e-04	3.37e-03	1.95e-01	4.72e-01	3.30e-01
 1.73304e+22	0.00e+00	0.00e+00	8.03e-30	2.56e-25	1.76e-20	1.36e-16	2.84e-13	1.74e-10	4.09e-08	3.56e-06	1.33e-04	3.62e-03	2.02e-01	4.74e-01	3.20e-01
 1.76902e+22	0.00e+00	0.00e+00	1.24e-29	3.76e-25	2.51e-20	1.88e-16	3.79e-13	2.24e-10	5.08e-08	4.25e-06	1.52e-04	3.96e-03	2.12e-01	4.76e-01	3.08e-01
 1.80600e+22	0.00e+00	0.00e+00	1.93e-29	5.59e-25	3.61e-20	2.62e-16	5.10e-13	2.90e-10	6.34e-08	5.10e-06	1.74e-04	4.34e-03	2.22e-01	4.77e-01	2.96e-01
 1.83593e+22	0.00e+00	0.00e+00	2.75e-29	7.64e-25	4.83e-20	3.41e-16	6.45e-13	3.57e-10	7.57e-08	5.90e-06	1.94e-04	4.66e-03	2.30e-01	4.78e-01	2.87e-01
 1.86651e+22	0.00e+00	0.00e+00	3.91e-29	1.04e-24	6.44e-20	4.43e-16	8.15e-13	4.37e-10	9.02e-08	6.80e-06	2.16e-04	5.00e-03	2.38e-01	4.79e-01	2.77e-01
 1.90625e+22	0.00e+00	0.00e+00	6.12e-29	1.55e-24	9.31e-20	6.19e-16	1.10e-12	5.68e-10	1.13e-07	8.17e-06	2.48e-04	5.47e-03	2.49e-01	4.79e-01	2.66e-01
 1.94376e+22	0.00e+00	0.00e+00	9.40e-29	2.26e-24	1.32e-19	8.52e-16	1.46e-12	7.29e-10	1.40e-07	9.74e-06	2.82e-04	5.96e-03	2.60e-01	4.79e-01	2.55e-01
 1.96947e+22	0.00e+00	0.00e+00	1.24e-28	2.88e-24	1.66e-19	1.05e-15	1.76e-12	8.56e-10	1.60e-07	1.09e-05	3.07e-04	6.29e-03	2.67e-01	4.79e-01	2.48e-01
 1.99397e+22	0.00e+00	0.00e+00	1.61e-28	3.65e-24	2.06e-19	1.28e-15	2.10e-12	1.00e-09	1.83e-07	1.21e-05	3.32e-04	6.63e-03	2.74e-01	4.78e-01	2.41e-01
 2.02583e+22	0.00e+00	0.00e+00	2.27e-28	4.92e-24	2.73e-19	1.65e-15	2.64e-12	1.22e-09	2.17e-07	1.39e-05	3.68e-04	7.09e-03	2.83e-01	4.77e-01	2.32e-01
 2.06073e+22	0.00e+00	0.00e+00	3.28e-28	6.80e-24	3.69e-19	2.17e-15	3.37e-12	1.51e-09	2.61e-07	1.62e-05	4.12e-04	7.62e-03	2.93e-01	4.76e-01	2.23e-01
 2.08986e+22	0.00e+00	0.00e+00	4.45e-28	8.90e-24	4.75e-19	2.73e-15	4.14e-12	1.81e-09	3.05e-07	1.83e-05	4.52e-04	8.09e-03	3.01e-01	4.74e-01	2.16e-01
 2.11312e+22	0.00e+00	0.00e+00	5.63e-28	1.10e-23	5.76e-19	3.25e-15	4.85e-12	2.08e-09	3.43e-07	2.02e-05	4.85e-04	8.46e-03	3.08e-01	4.73e-01	2.10e-01
 2.13845e+22	0.00e+00	0.00e+00	7.30e-28	1.37e-23	7.13e-19	3.95e-15	5.78e-12	2.42e-09	3.91e-07	2.25e-05	5.24e-04	8.90e-03	3.15e-01	4.71e-01	2.04e-01
 2.17137e+22	0.00e+00	0.00e+00	1.00e-27	1.82e-23	9.28e-19	5.02e-15	7.15e-12	2.91e-09	4.58e-07	2.55e-05	5.77e-04	9.46e-03	3.24e-01	4.69e-01	1.97e-01
 2.20633e+22	0.00e+00	0.00e+00	1.43e-27	2.48e-23	1.24e-18	6.56e-15	9.09e-12	3.60e-09	5.48e-07	2.96e-05	6.42e-04	1.01e-02	3.34e-01	4.67e-01	1.89e-01
 2.23537e+22	0.00e+00	0.00e+00	1.90e-27	3.19e-23	1.57e-18	8.13e-15	1.10e-11	4.25e-09	6.33e-07	3.32e-05	7.00e-04	1.07e-02	3.42e-01	4.64e-01	1.82e-01
 2.26071e+22	0.00e+00	0.00e+00	2.43e-27	3.95e-23	1.92e-18	9.78e-15	1.30e-11	4.92e-09	7.17e-07	3.67e-05	7.54e-04	1.12e-02	3.49e-01	4.62e-01	1.77e-01
 2.28984e+22	0.00e+00	0.00e+00	3.20e-27	5.02e-23	2.41e-18	1.20e-14	1.57e-11	5.79e-09	8.24e-07	4.11e-05	8.19e-04	1.18e-02	3.57e-01	4.59e-01	1.71e-01
 2.32771e+22	0.00e+00	0.00e+00	4.55e-27	6.82e-23	3.23e-18	1.57e-14	1.99e-11	7.13e-09	9.85e-07	4.75e-05	9.10e-04	1.26e-02	3.67e-01	4.55e-01	1.64e-01
 2.36444e+22	0.00e+00	0.00e+00	6.46e-27	9.26e-23	4.31e-18	2.05e-14	2.53e-11	8.79e-09	1.18e-06	5.49e-05	1.01e-03	1.35e-02	3.78e-01	4.51e-01	1.56e-01
 2.39083e+22	0.00e+00	0.00e+00	8.20e-27	1.14e-22	5.25e-18	2.45e-14	2.98e-11	1.01e-08	1.33e-06	6.05e-05	1.09e-03	1.41e-02	3.85e-01	4.48e-01	1.51e-01
 2.41625e+22	0.00e+00	1.28e-31	1.03e-26	1.40e-22	6.36e-18	2.93e-14	3.49e-11	1.16e-08	1.50e-06	6.66e-05	1.17e-03	1.47e-02	3.92e-01	4.45e-01	1.47e-01
 2.44929e+22	0.00e+00	1.78e-31	1.38e-26	1.80e-22	8.10e-18	3.66e-14	4.26e-11	1.39e-08	1.74e-06	7.51e-05	1.27e-03	1.55e-02	4.01e-01	4.41e-01	1.41e-01
 2.48506e+22	0.00e+00	2.56e-31	1.91e-26	2.37e-22	1.06e-17	4.67e-14	5.31e-11	1.68e-08	2.05e-06	8.57e-05	1.40e-03	1.65e-02	4.11e-01	4.37e-01	1.35e-01
 2.51636e+22	0.00e+00	3.50e-31	2.51e-26	3.01e-22	1.33e-17	5.77e-14	6.43e-11	1.98e-08	2.36e-06	9.61e-05	1.52e-03	1.73e-02	4.19e-01	4.32e-01	1.30e-01
 2.54450e+22	0.00e+00	4.62e-31	3.20e-26	3.72e-22	1.63e-17	6.96e-14	7.61e-11	2.30e-08	2.68e-06	1.06e-04	1.64e-03	1.81e-02	4.26e-01	4.28e-01	1.25e-01
 2.57656e+22	0.00e+00	6.29e-31	4.21e-26	4.71e-22	2.04e-17	8.58e-14	9.20e-11	2.71e-08	3.08e-06	1.19e-04	1.78e-03	1.90e-02	4.35e-01	4.24e-01	1.20e-01
 2.61824e+22	0.00e+00	9.36e-31	5.97e-26	6.36e-22	2.73e-17	1.12e-13	1.17e-10	3.35e-08	3.69e-06	1.38e-04	1.98e-03	2.03e-02	4.45e-01	4.18e-01	1.14e-01
 2.65839e+22	0.00e+00	1.38e-30	8.39e-26	8.53e-22	3.63e-17	1.46e-13	1.49e-10	4.13e-08	4.41e-06	1.59e-04	2.19e-03	2.16e-02	4.56e-01	4.12e-01	1.08e-01
 2.68723e+22	0.00e+00	1.81e-30	1.07e-25	1.05e-21	4.43e-17	1.76e-13	1.76e-10	4.78e-08	5.00e-06	1.76e-04	2.36e-03	2.26e-02	4.63e-01	4.07e-01	1.04e-01
 2.71538e+22	0.00e+00	2.36e-30	1.34e-25	1.27e-21	5.36e-17	2.10e-13	2.07e-10	5.50e-08	5.64e-06	1.94e-04	2.53e-03	2.35e-02	4.70e-01	4.03e-01	1.01e-01
 2.75197e+22	0.00e+00	3.29e-30	1.80e-25	1.64e-21	6.86e-17	2.65e-13	2.55e-10	6.60e-08	6.58e-06	2.19e-04	2.77e-03	2.48e-02	4.79e-01	3.97e-01	9.59e-02
 2.79023e+22	0.00e+00	4.68e-30	2.44e-25	2.13e-21	8.88e-17	3.37e-13	3.18e-10	7.99e-08	7.75e-06	2.50e-04	3.04e-03	2.62e-02	4.89e-01	3.91e-01	9.11e-02
 2.82212e+22	0.00e+00	6.30e-30	3.16e-25	2.65e-21	1.10e-16	4.13e-13	3.83e-10	9.40e-08	8.90e-06	2.79e-04	3.29e-03	2.75e-02	4.97e-01	3.85e-01	8.72e-02
 2.85059e+22	0.00e+00	8.08e-30	3.93e-25	3.20e-21	1.33e-16	4.90e-13	4.47e-10	1.08e-07	9.98e-06	3.06e-04	3.52e-03	2.86e-02	5.03e-01	3.80e-01	8.40e-02
 2.88317e+22	0.00e+00	1.08e-29	5.04e-25	3.95e-21	1.64e-16	5.97e-13	5.35e-10	1.26e-07	1.14e-05	3.40e-04	3.80e-03	2.99e-02	5.11e-01	3.75e-01	8.04e-02
 2.92553e+22	0.00e+00	1.55e-29	6.93e-25	5.17e-21	2.14e-16	7.68e-13	6.74e-10	1.54e-07	1.35e-05	3.90e-04	4.19e-03	3.16e-02	5.20e-01	3.68e-01	7.60e-02
 2.96825e+22	0.00e+00	2.26e-29	9.58e-25	6.79e-21	2.82e-16	9.96e-13	8.54e-10	1.89e-07	1.61e-05	4.49e-04	4.64e-03	3.35e-02	5.30e-01	3.60e-01	7.16e-02
 3.00151e+22	0.00e+00	3.03e-29	1.23e-24	8.41e-21	3.50e-16	1.22e-12	1.03e-09	2.23e-07	1.86e-05	5.02e-04	5.03e-03	3.51e-02	5.37e-01	3.54e-01	6.82e-02
 3.03478e+22	0.00e+00	3.99e-29	1.57e-24	1.03e-20	4.29e-16	1.48e-12	1.23e-09	2.61e-07	2.12e-05	5.58e-04	5.42e-03	3.67e-02	5.44e-01	3.48e-01	6.51e-02
 3.07803e+22	0.00e+00	5.66e-29	2.12e-24	1.32e-20	5.55e-16	1.89e-12	1.54e-09	3.16e-07	2.49e-05	6.36e-04	5.95e-03	3.87e-02	5.53e-01	3.41e-01	6.14e-02
 3.12333e+22	0.00e+00	8.22e-29	2.92e-24	1.73e-20	7.31e-16	2.46e-12	1.95e-09	3.91e-07	2.98e-05	7.32e-04	6.58e-03	4.10e-02	5.62e-01	3.32e-01	5.76e-02
 3.16065e+22	0.00e+00	1.11e-28	3.80e-24	2.15e-20	9.17e-16	3.05e-12	2.38e-09	4.64e-07	3.45e-05	8.23e-04	7.16e-03	4.30e-02	5.69e-01	3.25e-01	5.46e-02
 3.19315e+22	0.00e+00	1.45e-28	4.75e-24	2.60e-20	1.11e-15	3.67e-12	2.83e-09	5.40e-07	3.92e-05	9.11e-04	7.69e-03	4.48e-02	5.75e-01	3.19e-01	5.20e-02
 3.22999e+22	0.00e+00	1.91e-28	6.03e-24	3.17e-20	1.37e-15	4.46e-12	3.38e-09	6.31e-07	4.47e-05	1.01e-03	8.29e-03	4.67e-02	5.81e-01	3.13e-01	4.95e-02
 3.27788e+22	0.00e+00	2.74e-28	8.20e-24	4.08e-20	1.78e-15	5.76e-12	4.28e-09	7.76e-07	5.32e-05	1.16e-03	9.15e-03	4.94e-02	5.89e-01	3.05e-01	4.62e-02
 3.32797e+22	0.00e+00	4.00e-28	1.13e-23	5.33e-20	2.36e-15	7.54e-12	5.49e-09	9.64e-07	6.39e-05	1.34e-03	1.02e-02	5.23e-02	5.97e-01	2.96e-01	4.30e-02
 3.36756e+22	0.00e+00	5.38e-28	1.46e-23	6.56e-20	2.94e-15	9.31e-12	6.67e-09	1.14e-06	7.38e-05	1.51e-03	1.10e-02	5.47e-02	6.04e-01	2.89e-01	4.06e-02
 3.39952e+22	0.00e+00	6.81e-28	1.78e-23	7.72e-20	3.50e-15	1.10e-11	7.80e-09	1.31e-06	8.28e-05	1.65e-03	1.18e-02	5.67e-02	6.08e-01	2.83e-01	3.87e-02
 3.43491e+22	0.00e+00	8.65e-28	2.18e-23	9.15e-20	4.19e-15	1.31e-11	9.13e-09	1.51e-06	9.29e-05	1.81e-03	1.25e-02	5.88e-02	6.13e-01	2.77e-01	3.69e-02
 3.48091e+22	0.00e+00	1.18e-27	2.85e-23	1.14e-19	5.28e-15	1.63e-11	1.12e-08	1.81e-06	1.08e-04	2.04e-03	1.37e-02	6.16e-02	6.18e-01	2.70e-01	3.46e-02
 3.52993e+22	0.00e+00	1.65e-27	3.78e-23	1.43e-19	6.75e-15	2.07e-11	1.40e-08	2.19e-06	1.27e-04	2.32e-03	1.50e-02	6.48e-02	6.24e-01	2.61e-01	3.22e-02
 3.57198e+22	0.00e+00	2.18e-27	4.79e-23	1.74e-19	8.30e-15	2.53e-11	1.69e-08	2.58e-06	1.46e-04	2.58e-03	1.61e-02	6.75e-02	6.29e-01	2.54e-01	3.04e-02
 3.61577e+22	0.00e+00	2.87e-27	6.04e-23	2.10e-19	1.02e-14	3.08e-11	2.02e-08	3.03e-06	1.67e-04	2.87e-03	1.74e-02	7.03e-02	6.33e-01	2.48e-01	2.86e-02
 3.67271e+22	0.00e+00	4.07e-27	8.12e-23	2.67e-19	1.32e-14	3.96e-11	2.55e-08	3.71e-06	1.97e-04	3.28e-03	1.91e-02	7.40e-02	6.38e-01	2.39e-01	2.65e-02
 3.73071e+22	0.00e+00	5.81e-27	1.10e-22	3.42e-19	1.71e-14	5.10e-11	3.23e-08	4.57e-06	2.34e-04	3.76e-03	2.10e-02	7.79e-02	6.42e-01	2.30e-01	2.44e-02
 3.77694e+22	0.00e+00	7.65e-27	1.39e-22	4.14e-19	2.09e-14	6.21e-11	3.87e-08	5.37e-06	2.68e-04	4.17e-03	2.26e-02	8.11e-02	6.45e-01	2.24e-01	2.29e-02
 3.82386e+22	0.00e+00	9.96e-27	1.74e-22	4.97e-19	2.54e-14	7.48e-11	4.61e-08	6.25e-06	3.04e-04	4.61e-03	2.43e-02	8.41e-02	6.48e-01	2.17e-01	2.16e-02
 3.88486e+22	0.00e+00	1.39e-26	2.31e-22	6.26e-19	3.24e-14	9.48e-11	5.74e-08	7.59e-06	3.56e-04	5.22e-03	2.65e-02	8.81e-02	6.51e-01	2.09e-01	1.99e-02
 3.94918e+22	0.00e+00	1.98e-26	3.11e-22	7.99e-19	4.19e-14	1.21e-10	7.23e-08	9.29e-06	4.21e-04	5.95e-03	2.90e-02	9.25e-02	6.53e-01	2.01e-01	1.83e-02
 4.00360e+22	0.00e+00	2.65e-26	3.98e-22	9.77e-19	5.16e-14	1.49e-10	8.73e-08	1.10e-05	4.83e-04	6.63e-03	3.13e-02	9.62e-02	6.54e-01	1.94e-01	1.71e-02
 4.05104e+22	0.00e+00	3.39e-26	4.90e-22	1.16e-18	6.16e-14	1.77e-10	1.02e-07	1.26e-05	5.43e-04	7.25e-03	3.33e-02	9.94e-02	6.55e-01	1.88e-01	1.61e-02
 4.10360e+22	0.00e+00	4.39e-26	6.11e-22	1.39e-18	7.42e-14	2.11e-10	1.21e-07	1.46e-05	6.12e-04	7.96e-03	3.55e-02	1.03e-01	6.56e-01	1.83e-01	1.51e-02
 4.17192e+22	0.00e+00	6.09e-26	8.08e-22	1.75e-18	9.37e-14	2.65e-10	1.49e-07	1.76e-05	7.12e-04	8.96e-03	3.85e-02	1.07e-01	6.56e-01	1.75e-01	1.39e-02
 4.24077e+22	0.00e+00	8.51e-26	1.08e-21	2.21e-18	1.19e-13	3.33e-10	1.85e-07	2.12e-05	8.30e-04	1.01e-02	4.17e-02	1.12e-01	6.55e-01	1.68e-01	1.27e-02
 4.29440e+22	0.00e+00	1.10e-25	1.34e-21	2.64e-18	1.42e-13	3.97e-10	2.18e-07	2.46e-05	9.34e-04	1.11e-02	4.45e-02	1.15e-01	6.54e-01	1.62e-01	1.19e-02
 4.34822e+22	0.00e+00	1.40e-25	1.65e-21	3.13e-18	1.68e-13	4.67e-10	2.53e-07	2.81e-05	1.04e-03	1.20e-02	4.71e-02	1.19e-01	6.53e-01	1.57e-01	1.12e-02
 4.41820e+22	0.00e+00	1.90e-25	2.13e-21	3.88e-18	2.08e-13	5.71e-10	3.05e-07	3.31e-05	1.19e-03	1.33e-02	5.04e-02	1.23e-01	6.51e-01	1.51e-01	1.04e-02
 4.49359e+22	1.62e-31	2.64e-25	2.83e-21	4.91e-18	2.62e-13	7.12e-10	3.74e-07	3.96e-05	1.38e-03	1.49e-02	5.44e-02	1.28e-01	6.48e-01	1.44e-01	9.49e-03
 4.55901e+22	2.23e-31	3.50e-25	3.61e-21	6.00e-18	3.18e-13	8.59e-10	4.45e-07	4.62e-05	1.56e-03	1.64e-02	5.80e-02	1.32e-01	6.45e-01	1.38e-01	8.80e-03
 4.61803e+22	2.94e-31	4.48e-25	4.46e-21	7.14e-18	3.76e-13	1.01e-09	5.18e-07	5.28e-05	1.74e-03	1.78e-02	6.13e-02	1.35e-01	6.43e-01	1.33e-01	8.23e-03
 4.68569e+22	3.96e-31	5.85e-25	5.62e-21	8.66e-18	4.51e-13	1.20e-09	6.08e-07	6.07e-05	1.94e-03	1.94e-02	6.48e-02	1.39e-01	6.39e-01	1.28e-01	7.67e-03
 4.76023e+22	5.52e-31	7.89e-25	7.27e-21	1.07e-17	5.52e-13	1.46e-09	7.27e-07	7.11e-05	2.21e-03	2.14e-02	6.91e-02	1.43e-01	6.34e-01	1.23e-01	7.07e-03
 4.82701e+22	7.41e-31	1.03e-24	9.13e-21	1.30e-17	6.60e-13	1.73e-09	8.52e-07	8.19e-05	2.47e-03	2.33e-02	7.31e-02	1.47e-01	6.30e-01	1.18e-01	6.56e-03
 4.88680e+22	9.50e-31	1.29e-24	1.11e-20	1.53e-17	7.69e-13	2.00e-09	9.73e-07	9.19e-05	2.71e-03	2.50e-02	7.65e-02	1.50e-01	6.26e-01	1.14e-01	6.17e-03
 4.95418e+22	1.25e-30	1.65e-24	1.37e-20	1.83e-17	9.07e-13	2.34e-09	1.13e-06	1.04e-04	3.00e-03	2.70e-02	8.04e-02	1.53e-01	6.21e-01	1.10e-01	5.76e-03
 5.04178e+22	1.76e-30	2.25e-24	1.80e-20	2.29e-17	1.12e-12	2.85e-09	1.35e-06	1.22e-04	3.41e-03	2.97e-02	8.54e-02	1.57e-01	6.14e-01	1.04e-01	5.28e-03
 5.13341e+22	2.53e-30	3.14e-24	2.40e-20	2.92e-17	1.39e-12	3.51e-09	1.64e-06	1.45e-04	3.89e-03	3.28e-02	9.11e-02	1.62e-01	6.07e-01	9.89e-02	4.81e-03
 5.20971e+22	3.39e-30	4.11e-24	3.04e-20	3.56e-17	1.67e-12	4.16e-09	1.91e-06	1.66e-04	4.33e-03	3.56e-02	9.58e-02	1.65e-01	6.00e-01	9.46e-02	4.45e-03
 5.28829e+22	4.51e-30	5.33e-24	3.81e-20	4.31e-17	1.98e-12	4.89e-09	2.22e-06	1.89e-04	4.80e-03	3.84e-02	1.00e-01	1.69e-01	5.93e-01	9.06e-02	4.13e-03
 5.39046e+22	6.43e-30	7.40e-24	5.07e-20	5.48e-17	2.45e-12	5.99e-09	2.67e-06	2.22e-04	5.46e-03	4.22e-02	1.07e-01	1.73e-01	5.84e-01	8.57e-02	3.75e-03
 5.49827e+22	9.40e-30	1.05e-23	6.90e-20	7.12e-17	3.10e-12	7.45e-09	3.25e-06	2.64e-04	6.25e-03	4.66e-02	1.13e-01	1.77e-01	5.73e-01	8.06e-02	3.38e-03
 5.58884e+22	1.28e-29	1.40e-23	8.87e-20	8.81e-17	3.74e-12	8.88e-09	3.82e-06	3.04e-04	6.97e-03	5.05e-02	1.19e-01	1.80e-01	5.64e-01	7.66e-02	3.11e-03
 5.66673e+22	1.65e-29	1.78e-23	1.09e-19	1.05e-16	4.37e-12	1.03e-08	4.36e-06	3.41e-04	7.63e-03	5.39e-02	1.24e-01	1.82e-01	5.56e-01	7.33e-02	2.89e-03
 5.75270e+22	2.15e-29	2.29e-23	1.36e-19	1.27e-16	5.16e-12	1.20e-08	5.01e-06	3.84e-04	8.37e-03	5.76e-02	1.29e-01	1.85e-01	5.47e-01	7.01e-02	2.68e-03
 5.86447e+22	3.01e-29	3.14e-23	1.80e-19	1.61e-16	6.34e-12	1.45e-08	5.96e-06	4.46e-04	9.40e-03	6.27e-02	1.35e-01	1.88e-01	5.36e-01	6.60e-02	2.43e-03
 5.98307e+22	4.30e-29	4.42e-23	2.42e-19	2.07e-16	7.92e-12	1.78e-08	7.17e-06	5.24e-04	1.06e-02	6.85e-02	1.42e-01	1.91e-01	5.23e-01	6.19e-02	2.19e-03
 6.08459e+22	5.78e-29	5.88e-23	3.11e-19	2.57e-16	9.53e-12	2.11e-08	8.37e-06	5.98e-04	1.18e-02	7.36e-02	1.48e-01	1.93e-01	5.12e-01	5.85e-02	2.00e-03
 6.19061e+22	7.69e-29	7.74e-23	3.96e-19	3.16e-16	1.14e-11	2.49e-08	9.70e-06	6.79e-04	1.30e-02	7.89e-02	1.54e-01	1.95e-01	5.01e-01	5.54e-02	1.83e-03
 6.32844e+22	1.10e-28	1.09e-22	5.37e-19	4.10e-16	1.43e-11	3.06e-08	1.17e-05	7.93e-04	1.46e-02	8.58e-02	1.61e-01	1.97e-01	4.87e-01	5.17e-02	1.64e-03
 6.47621e+22	1.61e-28	1.59e-22	7.48e-19	5.44e-16	1.82e-11	3.83e-08	1.42e-05	9.42e-04	1.67e-02	9.39e-02	1.69e-01	1.99e-01	4.71e-01	4.77e-02	1.45e-03
 6.60397e+22	2.22e-28	2.18e-22	9.89e-19	6.91e-16	2.24e-11	4.62e-08	1.68e-05	1.08e-03	1.86e-02	1.01e-01	1.76e-01	2.00e-01	4.57e-01	4.46e-02	1.31e-03
 6.73711e+22	3.01e-28	2.96e-22	1.29e-18	8.70e-16	2.73e-11	5.53e-08	1.97e-05	1.24e-03	2.05e-02	1.08e-01	1.83e-01	2.01e-01	4.43e-01	4.17e-02	1.18e-03
 6.88510e+22	4.21e-28	4.14e-22	1.74e-18	1.12e-15	3.40e-11	6.74e-08	2.35e-05	1.44e-03	2.29e-02	1.17e-01	1.89e-01	2.02e-01	4.28e-01	3.87e-02	1.05e-03
 7.02280e+22	5.72e-28	5.66e-22	2.29e-18	1.42e-15	4.15e-11	8.08e-08	2.76e-05	1.65e-03	2.54e-02	1.25e-01	1.96e-01	2.02e-01	4.13e-01	3.60e-02	9.41e-04
 7.15142e+22	7.48e-28	7.43e-22	2.92e-18	1.75e-15	4.96e-11	9.47e-08	3.17e-05	1.85e-03	2.77e-02	1.32e-01	2.01e-01	2.02e-01	4.00e-01	3.38e-02	8.54e-04
 7.29780e+22	1.00e-27	1.00e-21	3.80e-18	2.19e-15	6.01e-11	1.13e-07	3.69e-05	2.10e-03	3.04e-02	1.41e-01	2.07e-01	2.01e-01	3.86e-01	3.14e-02	7.66e-04
 7.46257e+22	1.38e-27	1.39e-21	5.08e-18	2.82e-15	7.44e-11	1.36e-07	4.36e-05	2.42e-03	3.37e-02	1.51e-01	2.13e-01	2.00e-01	3.70e-01	2.89e-02	6.78e-04
 7.61813e+22	1.84e-27	1.89e-21	6.65e-18	3.55e-15	9.05e-11	1.62e-07	5.08e-05	2.75e-03	3.70e-02	1.60e-01	2.19e-01	1.99e-01	3.55e-01	2.68e-02	6.05e-04
 7.76392e+22	2.39e-27	2.48e-21	8.46e-18	4.37e-15	1.08e-10	1.90e-07	5.82e-05	3.07e-03	4.01e-02	1.68e-01	2.23e-01	1.98e-01	3.42e-01	2.49e-02	5.45e-04
 7.93011e+22	3.17e-27	3.34e-21	1.10e-17	5.47e-15	1.30e-10	2.25e-07	6.75e-05	3.47e-03	4.38e-02	1.78e-01	2.28e-01	1.96e-01	3.27e-01	2.30e-02	4.85e-04
 8.14615e+22	4.42e-27	4.77e-21	1.51e-17	7.17e-15	1.64e-10	2.76e-07	8.04e-05	4.01e-03	4.86e-02	1.90e-01	2.34e-01	1.93e-01	3.10e-01	2.09e-02	4.22e-04
 8.37129e+22	6.34e-27	7.05e-21	2.12e-17	9.63e-15	2.10e-10	3.43e-07	9.73e-05	4.69e-03	5.44e-02	2.03e-01	2.39e-01	1.89e-01	2.91e-01	1.86e-02	3.59e-04
 8.55287e+22	8.31e-27	9.51e-21	2.77e-17	1.21e-14	2.54e-10	4.06e-07	1.12e-04	5.28e-03	5.91e-02	2.13e-01	2.42e-01	1.86e-01	2.76e-01	1.71e-02	3.17e-04
 8.73356e+22	1.07e-26	1.25e-20	3.53e-17	1.49e-14	3.02e-10	4.74e-07	1.28e-04	5.89e-03	6.37e-02	2.23e-01	2.45e-01	1.83e-01	2.63e-01	1.57e-02	2.82e-04
 8.96845e+22	1.45e-26	1.75e-20	4.74e-17	1.92e-14	3.74e-10	5.71e-07	1.51e-04	6.70e-03	6.97e-02	2.35e-01	2.48e-01	1.79e-01	2.47e-01	1.42e-02	2.44e-04
 9.22469e+22	2.02e-26	2.55e-20	6.59e-17	2.54e-14	4.73e-10	7.02e-07	1.80e-04	7.74e-03	7.70e-02	2.48e-01	2.51e-01	1.74e-01	2.30e-01	1.26e-02	2.06e-04
 9.45020e+22	2.68e-26	3.51e-20	8.75e-17	3.23e-14	5.78e-10	8.37e-07	2.09e-04	8.74e-03	8.36e-02	2.59e-01	2.52e-01	1.69e-01	2.15e-01	1.13e-02	1.78e-04
 9.65348e+22	3.37e-26	4.57e-20	1.10e-16	3.94e-14	6.82e-10	9.67e-07	2.36e-04	9.65e-03	8.93e-02	2.69e-01	2.53e-01	1.65e-01	2.04e-01	1.03e-02	1.57e-04
 9.88632e+22	4.37e-26	6.12e-20	1.43e-16	4.91e-14	8.16e-10	1.13e-06	2.70e-04	1.08e-02	9.60e-02	2.79e-01	2.54e-01	1.60e-01	1.91e-01	9.32e-03	1.37e-04
 1.01424e+23	5.72e-26	8.39e-20	1.88e-16	6.21e-14	9.93e-10	1.34e-06	3.12e-04	1.21e-02	1.04e-01	2.90e-01	2.54e-01	1.55e-01	1.78e-01	8.33e-03	1.17e-04
 1.03741e+23	7.27e-26	1.11e-19	2.41e-16	7.67e-14	1.18e-09	1.56e-06	3.55e-04	1.34e-02	1.11e-01	2.99e-01	2.53e-01	1.50e-01	1.66e-01	7.50e-03	1.02e-04
 1.05867e+23	8.90e-26	1.42e-19	2.98e-16	9.19e-14	1.37e-09	1.78e-06	3.95e-04	1.46e-02	1.17e-01	3.07e-01	2.52e-01	1.45e-01	1.57e-01	6.86e-03	9.03e-05
 1.08291e+23	1.11e-25	1.83e-19	3.73e-16	1.11e-13	1.60e-09	2.03e-06	4.43e-04	1.60e-02	1.24e-01	3.15e-01	2.50e-01	1.41e-01	1.47e-01	6.22e-03	7.91e-05
 1.11443e+23	1.43e-25	2.48e-19	4.88e-16	1.40e-13	1.93e-09	2.39e-06	5.07e-04	1.78e-02	1.33e-01	3.24e-01	2.48e-01	1.35e-01	1.36e-01	5.52e-03	6.74e-05
 1.14883e+23	1.89e-25	3.51e-19	6.61e-16	1.81e-13	2.38e-09	2.87e-06	5.91e-04	2.00e-02	1.43e-01	3.35e-01	2.45e-01	1.28e-01	1.24e-01	4.80e-03	5.60e-05
 1.17898e+23	2.41e-25	4.75e-19	8.62e-16	2.26e-13	2.86e-09	3.35e-06	6.74e-04	2.22e-02	1.52e-01	3.43e-01	2.41e-01	1.23e-01	1.14e-01	4.24e-03	4.75e-05
 1.20559e+23	2.95e-25	6.11e-19	1.07e-15	2.72e-13	3.32e-09	3.82e-06	7.51e-04	2.42e-02	1.60e-01	3.49e-01	2.38e-01	1.18e-01	1.06e-01	3.81e-03	4.12e-05
 1.23558e+23	3.62e-25	7.83e-19	1.33e-15	3.27e-13	3.85e-09	4.34e-06	8.34e-04	2.63e-02	1.68e-01	3.55e-01	2.34e-01	1.13e-01	9.87e-02	3.43e-03	3.58e-05
 1.27456e+23	4.51e-25	1.05e-18	1.73e-15	4.07e-13	4.60e-09	5.04e-06	9.45e-04	2.89e-02	1.78e-01	3.62e-01	2.30e-01	1.07e-01	9.04e-02	3.01e-03	3.03e-05
 1.32314e+23	5.91e-25	1.50e-18	2.35e-15	5.29e-13	5.68e-09	6.04e-06	1.10e-03	3.24e-02	1.90e-01	3.69e-01	2.24e-01	1.01e-01	8.11e-02	2.57e-03	2.46e-05
 1.37229e+23	7.84e-25	2.19e-18	3.28e-15	7.01e-13	7.12e-09	7.31e-06	1.28e-03	3.66e-02	2.03e-01	3.75e-01	2.16e-01	9.34e-02	7.18e-02	2.16e-03	1.96e-05
 1.41286e+23	9.79e-25	2.98e-18	4.29e-15	8.79e-13	8.54e-09	8.53e-06	1.46e-03	4.03e-02	2.14e-01	3.79e-01	2.10e-01	8.78e-02	6.50e-02	1.87e-03	1.63e-05
 1.45420e+23	1.16e-24	3.78e-18	5.29e-15	1.05e-12	9.84e-09	9.61e-06	1.61e-03	4.35e-02	2.23e-01	3.82e-01	2.05e-01	8.35e-02	5.99e-02	1.67e-03	1.40e-05
 1.50774e+23	1.41e-24	5.05e-18	6.81e-15	1.30e-12	1.17e-08	1.11e-05	1.81e-03	4.75e-02	2.34e-01	3.85e-01	1.98e-01	7.85e-02	5.43e-02	1.45e-03	1.17e-05
 1.56928e+23	1.77e-24	7.18e-18	9.25e-15	1.68e-12	1.43e-08	1.32e-05	2.08e-03	5.28e-02	2.47e-01	3.87e-01	1.90e-01	7.26e-02	4.80e-02	1.22e-03	9.33e-06
 1.62882e+23	2.20e-24	1.00e-17	1.24e-14	2.15e-12	1.74e-08	1.55e-05	2.37e-03	5.84e-02	2.59e-01	3.88e-01	1.82e-01	6.72e-02	4.25e-02	1.03e-03	7.51e-06
 1.68414e+23	2.55e-24	1.31e-17	1.57e-14	2.63e-12	2.04e-08	1.77e-05	2.64e-03	6.32e-02	2.69e-01	3.88e-01	1.75e-01	6.29e-02	3.85e-02	8.94e-04	6.28e-06
 1.74614e+23	2.88e-24	1.69e-17	1.95e-14	3.16e-12	2.36e-08	2.00e-05	2.91e-03	6.80e-02	2.79e-01	3.87e-01	1.68e-01	5.92e-02	3.50e-02	7.84e-04	5.31e-06
 1.81722e+23	3.31e-24	2.25e-17	2.51e-14	3.91e-12	2.80e-08	2.30e-05	3.25e-03	7.39e-02	2.89e-01	3.85e-01	1.61e-01	5.50e-02	3.13e-02	6.72e-04	4.36e-06
 1.89114e+23	3.69e-24	2.95e-17	3.18e-14	4.78e-12	3.28e-08	2.62e-05	3.61e-03	7.97e-02	2.99e-01	3.83e-01	1.54e-01	5.13e-02	2.82e-02	5.82e-04	3.63e-06
 1.96802e+23	4.14e-24	3.82e-17	3.99e-14	5.80e-12	3.82e-08	2.97e-05	3.98e-03	8.57e-02	3.09e-01	3.80e-01	1.48e-01	4.79e-02	2.54e-02	5.05e-04	3.03e-06
 2.04798e+23	4.32e-24	4.83e-17	4.91e-14	6.91e-12	4.39e-08	3.33e-05	4.35e-03	9.15e-02	3.17e-01	3.77e-01	1.41e-01	4.49e-02	2.31e-02	4.43e-04	2.57e-06
 2.13113e+23	4.50e-24	6.00e-17	5.93e-14	8.13e-12	4.99e-08	3.69e-05	4.72e-03	9.71e-02	3.25e-01	3.74e-01	1.36e-01	4.23e-02	2.11e-02	3.92e-04	2.20e-06
 2.21759e+23	4.63e-24	7.32e-17	7.07e-14	9.43e-12	5.61e-08	4.06e-05	5.09e-03	1.02e-01	3.32e-01	3.70e-01	1.31e-01	4.00e-02	1.95e-02	3.50e-04	1.91e-06
 2.30131e+23	4.69e-24	8.93e-17	8.41e-14	1.09e-11	6.30e-08	4.47e-05	5.48e-03	1.08e-01	3.38e-01	3.67e-01	1.26e-01	3.77e-02	1.79e-02	3.13e-04	1.65e-06
 2.37666e+23	4.81e-24	1.03e-16	9.57e-14	1.22e-11	6.88e-08	4.79e-05	5.78e-03	1.12e-01	3.43e-01	3.64e-01	1.22e-01	3.61e-02	1.68e-02	2.87e-04	1.49e-06
 2.44448e+23	4.72e-24	1.18e-16	1.08e-13	1.35e-11	7.44e-08	5.11e-05	6.07e-03	1.16e-01	3.47e-01	3.61e-01	1.19e-01	3.47e-02	1.59e-02	2.66e-04	1.35e-06
 2.50551e+23	4.67e-24	1.32e-16	1.19e-13	1.47e-11	7.94e-08	5.38e-05	6.32e-03	1.20e-01	3.51e-01	3.58e-01	1.16e-01	3.36e-02	1.51e-02	2.49e-04	1.24e-06
 2.56044e+23	4.58e-24	1.43e-16	1.27e-13	1.56e-11	8.34e-08	5.60e-05	6.52e-03	1.22e-01	3.53e-01	3.56e-01	1.14e-01	3.28e-02	1.46e-02	2.38e-04	1.17e-06
 2.60988e+23	4.52e-24	1.53e-16	1.36e-13	1.65e-11	8.70e-08	5.79e-05	6.69e-03	1.24e-01	3.55e-01	3.54e-01	1.12e-01	3.21e-02	1.42e-02	2.28e-04	1.11e-06
 2.65437e+23	4.45e-24	1.62e-16	1.42e-13	1.72e-11	8.99e-08	5.94e-05	6.82e-03	1.26e-01	3.57e-01	3.53e-01	1.11e-01	3.16e-02	1.38e-02	2.20e-04	1.07e-06
 2.69442e+23	4.36e-24	1.70e-16	1.48e-13	1.77e-11	9.23e-08	6.07e-05	6.94e-03	1.28e-01	3.58e-01	3.52e-01	1.10e-01	3.11e-02	1.35e-02	2.15e-04	1.03e-06
 2.73046e+23	4.28e-24	1.77e-16	1.53e-13	1.83e-11	9.45e-08	6.19e-05	7.04e-03	1.29e-01	3.60e-01	3.51e-01	1.09e-01	3.08e-02	1.33e-02	2.10e-04	1.00e-06
 2.76289e+23	4.22e-24	1.83e-16	1.58e-13	1.88e-11	9.65e-08	6.29e-05	7.13e-03	1.30e-01	3.61e-01	3.50e-01	1.08e-01	3.04e-02	1.31e-02	2.05e-04	9.75e-07
 2.79353e+23	4.10e-24	1.86e-16	1.61e-13	1.90e-11	9.75e-08	6.34e-05	7.17e-03	1.31e-01	3.61e-01	3.50e-01	1.08e-01	3.03e-02	1.30e-02	2.03e-04	9.63e-07
 2.82408e+23	3.98e-24	1.88e-16	1.62e-13	1.92e-11	9.82e-08	6.38e-05	7.20e-03	1.31e-01	3.62e-01	3.49e-01	1.08e-01	3.01e-02	1.29e-02	2.02e-04	9.55e-07
 2.85463e+23	3.88e-24	1.91e-16	1.64e-13	1.94e-11	9.91e-08	6.43e-05	7.24e-03	1.32e-01	3.62e-01	3.49e-01	1.07e-01	3.00e-02	1.29e-02	2.00e-04	9.44e-07
 2.88518e+23	3.77e-24	1.94e-16	1.67e-13	1.97e-11	1.00e-07	6.48e-05	7.29e-03	1.32e-01	3.63e-01	3.48e-01	1.07e-01	2.98e-02	1.27e-02	1.98e-04	9.31e-07
 2.91572e+23	3.66e-24	1.96e-16	1.68e-13	1.98e-11	1.01e-07	6.50e-05	7.31e-03	1.32e-01	3.63e-01	3.48e-01	1.07e-01	2.98e-02	1.27e-02	1.97e-04	9.27e-07
 2.94627e+23	3.55e-24	1.97e-16	1.69e-13	1.99e-11	1.01e-07	6.52e-05	7.33e-03	1.33e-01	3.63e-01	3.48e-01	1.06e-01	2.97e-02	1.27e-02	1.96e-04	9.22e-07
 2.97682e+23	3.43e-24	1.98e-16	1.70e-13	1.99e-11	1.01e-07	6.53e-05	7.34e-03	1.33e-01	3.63e-01	3.48e-01	1.06e-01	2.97e-02	1.26e-02	1.96e-04	9.19e-07
 3.00737e+23	3.31e-24	1.99e-16	1.70e-13	2.00e-11	1.01e-07	6.55e-05	7.35e-03	1.33e-01	3.63e-01	3.48e-01	1.06e-01	2.96e-02	1.26e-02	1.95e-04	9.16e-07
 3.03792e+23	3.21e-24	1.99e-16	1.71e-13	2.01e-11	1.02e-07	6.56e-05	7.36e-03	1.33e-01	3.63e-01	3.48e-01	1.06e-01	2.96e-02	1.26e-02	1.95e-04	9.13e-07
 3.05400e+23	3.40e-24	2.19e-16	1.86e-13	2.15e-11	1.08e-07	6.86e-05	7.62e-03	1.36e-01	3.66e-01	3.45e-01	1.04e-01	2.87e-02	1.21e-02	1.84e-04	8.50e-07
