#depth	Fe	Fe+	Fe+2	Fe+3	Fe+4	Fe+5	Fe+6	Fe+7	Fe+8	Fe+9	Fe+10	Fe+11	Fe+12	Fe+13	Fe+14	Fe+15	Fe+16	Fe+17	Fe+18	Fe+19	Fe+20	Fe+21	Fe+22	Fe+23	Fe+24	Fe+25	Fe+26
 6.17135e+19	0.00e+00	0.00e+00	0.00e+00	0.00e+00	0.00e+00	0.00e+00	3.28e-31	1.08e-27	1.88e-24	8.74e-22	2.67e-19	5.10e-17	8.23e-15	7.71e-13	4.89e-11	2.34e-09	4.26e-07	1.81e-05	3.84e-04	3.92e-03	2.14e-02	6.06e-02	1.21e-01	2.04e-01	4.76e-01	1.05e-01	8.07e-03
 1.87609e+20	0.00e+00	0.00e+00	0.00e+00	0.00e+00	0.00e+00	0.00e+00	2.26e-30	6.62e-27	1.02e-23	4.15e-21	1.12e-18	1.87e-16	2.64e-14	2.17e-12	1.20e-10	5.09e-09	8.99e-07	3.58e-05	7.00e-04	6.43e-03	3.14e-02	7.92e-02	1.41e-01	2.09e-01	4.40e-01	8.65e-02	5.98e-03
 2.90012e+20	0.00e+00	0.00e+00	0.00e+00	0.00e+00	0.00e+00	0.00e+00	1.01e-29	2.69e-26	3.75e-23	1.39e-20	3.37e-18	5.10e-16	6.49e-14	4.82e-12	2.41e-10	9.26e-09	1.59e-06	6.03e-05	1.10e-03	9.32e-03	4.16e-02	9.60e-02	1.55e-01	2.10e-01	4.08e-01	7.36e-02	4.66e-03
 3.58256e+20	0.00e+00	0.00e+00	0.00e+00	0.00e+00	0.00e+00	0.00e+00	2.64e-29	6.61e-26	8.66e-23	3.01e-20	6.86e-18	9.72e-16	1.16e-13	8.06e-12	3.78e-10	1.36e-08	2.29e-06	8.39e-05	1.47e-03	1.18e-02	4.96e-02	1.08e-01	1.64e-01	2.09e-01	3.86e-01	6.58e-02	3.94e-03
 4.06367e+20	0.00e+00	0.00e+00	0.00e+00	0.00e+00	0.00e+00	0.00e+00	5.21e-29	1.25e-25	1.57e-22	5.20e-20	1.13e-17	1.53e-15	1.74e-13	1.16e-11	5.17e-10	1.78e-08	2.96e-06	1.06e-04	1.79e-03	1.38e-02	5.60e-02	1.17e-01	1.70e-01	2.08e-01	3.70e-01	6.05e-02	3.49e-03
 4.40227e+20	0.00e+00	0.00e+00	0.00e+00	0.00e+00	0.00e+00	0.00e+00	8.07e-29	1.89e-25	2.30e-22	7.41e-20	1.57e-17	2.06e-15	2.27e-13	1.46e-11	6.35e-10	2.12e-08	3.49e-06	1.23e-04	2.04e-03	1.53e-02	6.04e-02	1.23e-01	1.74e-01	2.06e-01	3.59e-01	5.72e-02	3.22e-03
 4.76499e+20	0.00e+00	0.00e+00	0.00e+00	0.00e+00	0.00e+00	0.00e+00	1.31e-28	2.97e-25	3.50e-22	1.09e-19	2.24e-17	2.85e-15	3.04e-13	1.89e-11	7.94e-10	2.57e-08	4.18e-06	1.44e-04	2.34e-03	1.71e-02	6.56e-02	1.29e-01	1.78e-01	2.05e-01	3.47e-01	5.37e-02	2.94e-03
 5.23653e+20	0.00e+00	0.00e+00	0.00e+00	0.00e+00	0.00e+00	0.00e+00	2.42e-28	5.28e-25	5.99e-22	1.80e-19	3.53e-17	4.30e-15	4.40e-13	2.63e-11	1.06e-09	3.28e-08	5.26e-06	1.77e-04	2.79e-03	1.97e-02	7.26e-02	1.38e-01	1.82e-01	2.02e-01	3.31e-01	4.94e-02	2.60e-03
 5.75611e+20	0.00e+00	0.00e+00	0.00e+00	0.00e+00	0.00e+00	0.00e+00	4.70e-28	9.84e-25	1.07e-21	3.07e-19	5.77e-17	6.72e-15	6.56e-13	3.74e-11	1.44e-09	4.27e-08	6.72e-06	2.20e-04	3.37e-03	2.28e-02	8.09e-02	1.47e-01	1.87e-01	1.98e-01	3.14e-01	4.50e-02	2.28e-03
 6.23207e+20	0.00e+00	0.00e+00	0.00e+00	0.00e+00	0.00e+00	0.00e+00	8.52e-28	1.72e-24	1.79e-21	4.96e-19	8.95e-17	1.00e-14	9.38e-13	5.13e-11	1.89e-09	5.40e-08	8.35e-06	2.68e-04	3.97e-03	2.60e-02	8.88e-02	1.55e-01	1.90e-01	1.94e-01	2.98e-01	4.13e-02	2.02e-03
 6.74475e+20	0.00e+00	0.00e+00	0.00e+00	0.00e+00	0.00e+00	1.70e-31	1.59e-27	3.09e-24	3.10e-21	8.21e-19	1.42e-16	1.52e-14	1.37e-12	7.15e-11	2.52e-09	6.90e-08	1.05e-05	3.28e-04	4.71e-03	2.97e-02	9.77e-02	1.64e-01	1.93e-01	1.89e-01	2.81e-01	3.75e-02	1.77e-03
 7.31257e+20	0.00e+00	0.00e+00	0.00e+00	0.00e+00	0.00e+00	3.50e-31	3.13e-27	5.82e-24	5.59e-21	1.42e-18	2.34e-16	2.40e-14	2.05e-12	1.02e-10	3.44e-09	9.00e-08	1.34e-05	4.07e-04	5.65e-03	3.43e-02	1.08e-01	1.74e-01	1.96e-01	1.84e-01	2.63e-01	3.37e-02	1.52e-03
 7.83791e+20	0.00e+00	0.00e+00	0.00e+00	0.00e+00	0.00e+00	6.69e-31	5.77e-27	1.03e-23	9.52e-21	2.32e-18	3.67e-16	3.60e-14	2.96e-12	1.41e-10	4.55e-09	1.14e-07	1.67e-05	4.93e-04	6.65e-03	3.88e-02	1.18e-01	1.82e-01	1.97e-01	1.78e-01	2.47e-01	3.05e-02	1.33e-03
 8.40667e+20	0.00e+00	0.00e+00	0.00e+00	0.00e+00	0.00e+00	1.33e-30	1.10e-26	1.89e-23	1.67e-20	3.89e-18	5.90e-16	5.54e-14	4.34e-12	1.99e-10	6.11e-09	1.47e-07	2.10e-05	6.03e-04	7.86e-03	4.42e-02	1.28e-01	1.91e-01	1.98e-01	1.71e-01	2.30e-01	2.73e-02	1.14e-03
 9.00357e+20	0.00e+00	0.00e+00	0.00e+00	0.00e+00	0.00e+00	2.68e-30	2.12e-26	3.50e-23	2.96e-20	6.61e-18	9.60e-16	8.61e-14	6.44e-12	2.81e-10	8.25e-09	1.90e-07	2.65e-05	7.38e-04	9.30e-03	5.02e-02	1.40e-01	1.99e-01	1.98e-01	1.64e-01	2.13e-01	2.42e-02	9.75e-04
 9.51029e+20	0.00e+00	0.00e+00	0.00e+00	0.00e+00	0.00e+00	4.78e-30	3.67e-26	5.85e-23	4.77e-20	1.03e-17	1.43e-15	1.24e-13	8.92e-12	3.75e-10	1.06e-08	2.34e-07	3.20e-05	8.71e-04	1.07e-02	5.56e-02	1.50e-01	2.06e-01	1.98e-01	1.58e-01	1.99e-01	2.19e-02	8.52e-04
 1.00423e+21	0.00e+00	0.00e+00	0.00e+00	0.00e+00	0.00e+00	8.67e-30	6.42e-26	9.87e-23	7.76e-20	1.61e-17	2.16e-15	1.80e-13	1.24e-11	5.03e-10	1.36e-08	2.90e-07	3.88e-05	1.03e-03	1.22e-02	6.17e-02	1.60e-01	2.12e-01	1.96e-01	1.51e-01	1.85e-01	1.96e-02	7.39e-04
 1.07338e+21	0.00e+00	0.00e+00	0.00e+00	0.00e+00	0.00e+00	1.84e-29	1.30e-25	1.92e-22	1.44e-19	2.84e-17	3.64e-15	2.88e-13	1.89e-11	7.28e-10	1.87e-08	3.80e-07	4.95e-05	1.27e-03	1.45e-02	6.99e-02	1.73e-01	2.19e-01	1.94e-01	1.43e-01	1.68e-01	1.71e-02	6.13e-04
 1.14356e+21	0.00e+00	0.00e+00	0.00e+00	0.00e+00	0.00e+00	3.87e-29	2.62e-25	3.69e-22	2.64e-19	4.98e-17	6.07e-15	4.58e-13	2.86e-11	1.05e-09	2.57e-08	4.96e-07	6.27e-05	1.55e-03	1.71e-02	7.88e-02	1.86e-01	2.25e-01	1.90e-01	1.34e-01	1.52e-01	1.47e-02	5.07e-04
 1.20003e+21	0.00e+00	0.00e+00	0.00e+00	0.00e+00	0.00e+00	6.93e-29	4.53e-25	6.15e-22	4.25e-19	7.72e-17	9.07e-15	6.57e-13	3.96e-11	1.39e-09	3.28e-08	6.10e-07	7.53e-05	1.82e-03	1.94e-02	8.63e-02	1.97e-01	2.29e-01	1.87e-01	1.27e-01	1.39e-01	1.31e-02	4.35e-04
 1.25838e+21	0.00e+00	0.00e+00	0.00e+00	0.00e+00	0.00e+00	1.25e-28	7.86e-25	1.03e-21	6.86e-19	1.20e-16	1.36e-14	9.47e-13	5.48e-11	1.85e-09	4.19e-08	7.49e-07	9.03e-05	2.12e-03	2.19e-02	9.43e-02	2.07e-01	2.33e-01	1.83e-01	1.19e-01	1.28e-01	1.16e-02	3.71e-04
 1.33424e+21	0.00e+00	0.00e+00	0.00e+00	0.00e+00	0.00e+00	2.61e-28	1.58e-24	1.98e-21	1.26e-18	2.10e-16	2.26e-14	1.50e-12	8.25e-11	2.65e-09	5.70e-08	9.72e-07	1.13e-04	2.57e-03	2.56e-02	1.05e-01	2.20e-01	2.36e-01	1.77e-01	1.10e-01	1.14e-01	9.85e-03	3.02e-04
 1.40870e+21	0.00e+00	0.00e+00	0.00e+00	0.00e+00	0.00e+00	5.31e-28	3.07e-24	3.69e-21	2.24e-18	3.57e-16	3.67e-14	2.32e-12	1.22e-10	3.73e-09	7.64e-08	1.24e-06	1.41e-04	3.07e-03	2.94e-02	1.16e-01	2.32e-01	2.38e-01	1.70e-01	1.02e-01	1.01e-01	8.39e-03	2.47e-04
 1.46493e+21	0.00e+00	0.00e+00	0.00e+00	0.00e+00	0.00e+00	8.95e-28	5.01e-24	5.84e-21	3.42e-18	5.28e-16	5.24e-14	3.21e-12	1.62e-10	4.79e-09	9.47e-08	1.49e-06	1.64e-04	3.50e-03	3.26e-02	1.24e-01	2.40e-01	2.38e-01	1.65e-01	9.53e-02	9.26e-02	7.43e-03	2.12e-04
 1.52166e+21	0.00e+00	0.00e+00	0.00e+00	0.00e+00	0.00e+00	1.50e-27	8.16e-24	9.21e-21	5.23e-18	7.79e-16	7.48e-14	4.41e-12	2.15e-10	6.14e-09	1.17e-07	1.78e-06	1.92e-04	3.98e-03	3.60e-02	1.33e-01	2.48e-01	2.38e-01	1.60e-01	8.92e-02	8.44e-02	6.56e-03	1.81e-04
 1.59540e+21	0.00e+00	0.00e+00	0.00e+00	0.00e+00	1.90e-31	2.87e-27	1.50e-23	1.63e-20	8.85e-18	1.26e-15	1.16e-13	6.57e-12	3.07e-10	8.36e-09	1.52e-07	2.21e-06	2.32e-04	4.65e-03	4.06e-02	1.44e-01	2.58e-01	2.37e-01	1.53e-01	8.18e-02	7.50e-02	5.60e-03	1.48e-04
 1.67399e+21	0.00e+00	0.00e+00	0.00e+00	0.00e+00	3.90e-31	5.66e-27	2.83e-23	2.95e-20	1.54e-17	2.10e-15	1.84e-13	9.96e-12	4.43e-10	1.15e-08	2.00e-07	2.78e-06	2.82e-04	5.46e-03	4.59e-02	1.56e-01	2.67e-01	2.35e-01	1.45e-01	7.44e-02	6.59e-02	4.71e-03	1.20e-04
 1.74223e+21	0.00e+00	0.00e+00	0.00e+00	0.00e+00	7.16e-31	1.00e-26	4.85e-23	4.88e-20	2.45e-17	3.22e-15	2.72e-13	1.41e-11	6.05e-10	1.51e-08	2.53e-07	3.37e-06	3.32e-04	6.24e-03	5.08e-02	1.66e-01	2.74e-01	2.33e-01	1.38e-01	6.83e-02	5.89e-02	4.06e-03	9.94e-05
 1.81432e+21	0.00e+00	0.00e+00	0.00e+00	0.00e+00	1.34e-30	1.81e-26	8.45e-23	8.18e-20	3.95e-17	5.01e-15	4.07e-13	2.03e-11	8.32e-10	2.00e-08	3.20e-07	4.10e-06	3.92e-04	7.14e-03	5.62e-02	1.77e-01	2.81e-01	2.29e-01	1.31e-01	6.24e-02	5.22e-02	3.47e-03	8.17e-05
 1.89509e+21	0.00e+00	0.00e+00	0.00e+00	0.00e+00	2.65e-30	3.46e-26	1.55e-22	1.44e-19	6.68e-17	8.11e-15	6.30e-13	3.01e-11	1.18e-09	2.70e-08	4.13e-07	5.07e-06	4.69e-04	8.26e-03	6.26e-02	1.89e-01	2.87e-01	2.25e-01	1.23e-01	5.62e-02	4.56e-02	2.90e-03	6.57e-05
 1.97128e+21	0.00e+00	0.00e+00	0.00e+00	0.00e+00	4.99e-30	6.28e-26	2.71e-22	2.43e-19	1.08e-16	1.26e-14	9.42e-13	4.31e-11	1.62e-09	3.57e-08	5.23e-07	6.16e-06	5.52e-04	9.41e-03	6.89e-02	2.00e-01	2.92e-01	2.20e-01	1.16e-01	5.08e-02	4.01e-02	2.45e-03	5.35e-05
 2.05444e+21	0.00e+00	0.00e+00	0.00e+00	0.00e+00	9.75e-30	1.18e-25	4.90e-22	4.22e-19	1.80e-16	2.02e-14	1.44e-12	6.32e-11	2.27e-09	4.78e-08	6.70e-07	7.55e-06	6.55e-04	1.08e-02	7.60e-02	2.12e-01	2.96e-01	2.14e-01	1.08e-01	4.55e-02	3.48e-02	2.04e-03	4.28e-05
 2.14119e+21	0.00e+00	0.00e+00	0.00e+00	0.00e+00	1.93e-29	2.25e-25	8.96e-22	7.43e-19	3.04e-16	3.26e-14	2.23e-12	9.33e-11	3.21e-09	6.44e-08	8.61e-07	9.29e-06	7.78e-04	1.23e-02	8.38e-02	2.24e-01	3.00e-01	2.07e-01	1.00e-01	4.05e-02	3.00e-02	1.69e-03	3.39e-05
 2.21410e+21	0.00e+00	0.00e+00	0.00e+00	0.00e+00	3.39e-29	3.82e-25	1.47e-21	1.18e-18	4.67e-16	4.83e-14	3.18e-12	1.28e-10	4.25e-09	8.21e-08	1.06e-06	1.10e-05	8.94e-04	1.38e-02	9.06e-02	2.34e-01	3.01e-01	2.01e-01	9.40e-02	3.67e-02	2.65e-02	1.44e-03	2.79e-05
 2.29036e+21	0.00e+00	0.00e+00	0.00e+00	0.00e+00	6.01e-29	6.56e-25	2.44e-21	1.89e-18	7.22e-16	7.20e-14	4.57e-12	1.78e-10	5.66e-09	1.05e-07	1.30e-06	1.30e-05	1.03e-03	1.54e-02	9.79e-02	2.44e-01	3.02e-01	1.94e-01	8.78e-02	3.30e-02	2.32e-02	1.22e-03	2.28e-05
 2.38949e+21	0.00e+00	0.00e+00	0.00e+00	0.00e+00	1.25e-28	1.30e-24	4.65e-21	3.45e-18	1.26e-15	1.20e-13	7.24e-12	2.68e-10	8.12e-09	1.44e-07	1.69e-06	1.61e-05	1.23e-03	1.76e-02	1.08e-01	2.56e-01	3.03e-01	1.85e-01	8.01e-02	2.88e-02	1.96e-02	9.82e-04	1.75e-05
 2.49045e+21	0.00e+00	0.00e+00	0.00e+00	0.00e+00	2.57e-28	2.58e-24	8.82e-21	6.27e-18	2.18e-15	1.98e-13	1.14e-11	4.03e-10	1.16e-08	1.96e-07	2.19e-06	1.99e-05	1.46e-03	2.01e-02	1.18e-01	2.68e-01	3.02e-01	1.76e-01	7.27e-02	2.50e-02	1.65e-02	7.88e-04	1.34e-05
 2.57104e+21	0.00e+00	0.00e+00	0.00e+00	0.00e+00	4.52e-28	4.39e-24	1.45e-20	9.98e-18	3.35e-15	2.93e-13	1.63e-11	5.54e-10	1.54e-08	2.49e-07	2.68e-06	2.35e-05	1.66e-03	2.22e-02	1.26e-01	2.76e-01	3.00e-01	1.69e-01	6.73e-02	2.23e-02	1.43e-02	6.61e-04	1.09e-05
 2.65306e+21	0.00e+00	0.00e+00	0.00e+00	0.00e+00	7.94e-28	7.46e-24	2.38e-20	1.58e-17	5.13e-15	4.33e-13	2.32e-11	7.59e-10	2.02e-08	3.16e-07	3.27e-06	2.76e-05	1.89e-03	2.46e-02	1.35e-01	2.85e-01	2.97e-01	1.62e-01	6.21e-02	1.99e-02	1.24e-02	5.54e-04	8.79e-06
 2.75969e+21	0.00e+00	0.00e+00	0.00e+00	0.00e+00	1.62e-27	1.46e-23	4.47e-20	2.85e-17	8.81e-15	7.11e-13	3.63e-11	1.13e-09	2.87e-08	4.26e-07	4.20e-06	3.37e-05	2.23e-03	2.78e-02	1.46e-01	2.95e-01	2.93e-01	1.52e-01	5.58e-02	1.71e-02	1.04e-02	4.41e-04	6.68e-06
 2.86977e+21	0.00e+00	0.00e+00	0.00e+00	0.00e+00	3.34e-27	2.88e-23	8.45e-20	5.16e-17	1.52e-14	1.17e-12	5.70e-11	1.69e-09	4.09e-08	5.76e-07	5.39e-06	4.13e-05	2.62e-03	3.13e-02	1.58e-01	3.04e-01	2.88e-01	1.42e-01	4.99e-02	1.46e-02	8.57e-03	3.48e-04	5.03e-06
 2.96048e+21	0.00e+00	0.00e+00	0.00e+00	1.94e-31	5.97e-27	4.98e-23	1.41e-19	8.31e-17	2.36e-14	1.75e-12	8.20e-11	2.34e-09	5.42e-08	7.34e-07	6.59e-06	4.86e-05	2.98e-03	3.45e-02	1.68e-01	3.11e-01	2.83e-01	1.35e-01	4.55e-02	1.28e-02	7.34e-03	2.86e-04	3.99e-06
 3.03692e+21	0.00e+00	0.00e+00	0.00e+00	3.24e-31	9.67e-27	7.85e-23	2.16e-19	1.24e-16	3.41e-14	2.45e-12	1.11e-10	3.06e-09	6.85e-08	8.96e-07	7.78e-06	5.55e-05	3.31e-03	3.72e-02	1.76e-01	3.16e-01	2.78e-01	1.28e-01	4.20e-02	1.15e-02	6.43e-03	2.43e-04	3.28e-06
 3.11868e+21	0.00e+00	0.00e+00	0.00e+00	5.55e-31	1.61e-26	1.26e-22	3.37e-19	1.87e-16	5.00e-14	3.47e-12	1.52e-10	4.05e-09	8.75e-08	1.10e-06	9.25e-06	6.37e-05	3.70e-03	4.03e-02	1.85e-01	3.21e-01	2.73e-01	1.22e-01	3.85e-02	1.02e-02	5.59e-03	2.04e-04	2.67e-06
 3.22498e+21	0.00e+00	0.00e+00	0.00e+00	1.10e-30	3.04e-26	2.31e-22	5.92e-19	3.16e-16	8.10e-14	5.40e-12	2.26e-10	5.76e-09	1.19e-07	1.44e-06	1.15e-05	7.58e-05	4.24e-03	4.45e-02	1.97e-01	3.27e-01	2.66e-01	1.13e-01	3.45e-02	8.79e-03	4.67e-03	1.64e-04	2.05e-06
 3.33300e+21	0.00e+00	0.00e+00	0.00e+00	2.17e-30	5.78e-26	4.22e-22	1.04e-18	5.36e-16	1.32e-13	8.40e-12	3.37e-10	8.21e-09	1.62e-07	1.87e-06	1.43e-05	9.00e-05	4.85e-03	4.91e-02	2.09e-01	3.32e-01	2.58e-01	1.05e-01	3.07e-02	7.51e-03	3.88e-03	1.30e-04	1.56e-06
 3.41922e+21	0.00e+00	0.00e+00	0.00e+00	3.71e-30	9.56e-26	6.77e-22	1.62e-18	8.10e-16	1.92e-13	1.19e-11	4.60e-10	1.08e-08	2.06e-07	2.29e-06	1.69e-05	1.03e-04	5.38e-03	5.28e-02	2.18e-01	3.35e-01	2.51e-01	9.93e-02	2.80e-02	6.63e-03	3.35e-03	1.09e-04	1.26e-06
 3.50725e+21	0.00e+00	0.00e+00	0.00e+00	6.33e-30	1.58e-25	1.09e-21	2.53e-18	1.22e-15	2.81e-13	1.68e-11	6.28e-10	1.43e-08	2.62e-07	2.81e-06	2.00e-05	1.18e-04	5.97e-03	5.68e-02	2.28e-01	3.38e-01	2.44e-01	9.33e-02	2.55e-02	5.84e-03	2.89e-03	9.05e-05	1.01e-06
 3.60040e+21	0.00e+00	0.00e+00	0.00e+00	1.11e-29	2.67e-25	1.78e-21	4.01e-18	1.88e-15	4.18e-13	2.41e-11	8.69e-10	1.91e-08	3.37e-07	3.48e-06	2.38e-05	1.35e-04	6.64e-03	6.13e-02	2.37e-01	3.40e-01	2.37e-01	8.73e-02	2.30e-02	5.10e-03	2.47e-03	7.46e-05	8.05e-07
 3.68004e+21	0.00e+00	0.00e+00	0.00e+00	1.78e-29	4.17e-25	2.70e-21	5.93e-18	2.71e-15	5.84e-13	3.27e-11	1.14e-09	2.43e-08	4.16e-07	4.16e-06	2.75e-05	1.51e-04	7.25e-03	6.52e-02	2.46e-01	3.41e-01	2.30e-01	8.23e-02	2.11e-02	4.54e-03	2.15e-03	6.32e-05	6.62e-07
 3.76342e+21	0.00e+00	0.00e+00	0.00e+00	2.89e-29	6.57e-25	4.15e-21	8.85e-18	3.94e-15	8.24e-13	4.48e-11	1.52e-09	3.12e-08	5.17e-07	4.99e-06	3.19e-05	1.70e-04	7.94e-03	6.94e-02	2.54e-01	3.42e-01	2.23e-01	7.74e-02	1.92e-02	4.03e-03	1.87e-03	5.32e-05	5.40e-07
 3.85704e+21	0.00e+00	0.00e+00	0.00e+00	4.92e-29	1.08e-24	6.63e-21	1.37e-17	5.93e-15	1.20e-12	6.31e-11	2.07e-09	4.10e-08	6.54e-07	6.10e-06	3.76e-05	1.94e-04	8.75e-03	7.42e-02	2.64e-01	3.43e-01	2.16e-01	7.22e-02	1.73e-02	3.52e-03	1.60e-03	4.39e-05	4.31e-07
 3.94521e+21	0.00e+00	0.00e+00	0.00e+00	8.10e-29	1.73e-24	1.03e-20	2.07e-17	8.71e-15	1.71e-12	8.71e-11	2.76e-09	5.29e-08	8.16e-07	7.35e-06	4.38e-05	2.18e-04	9.58e-03	7.89e-02	2.73e-01	3.43e-01	2.08e-01	6.75e-02	1.57e-02	3.10e-03	1.38e-03	3.66e-05	3.48e-07
 4.02729e+21	0.00e+00	0.00e+00	0.00e+00	1.28e-28	2.65e-24	1.54e-20	3.03e-17	1.24e-14	2.36e-12	1.17e-10	3.59e-09	6.69e-08	9.99e-07	8.72e-06	5.03e-05	2.43e-04	1.04e-02	8.35e-02	2.80e-01	3.42e-01	2.01e-01	6.34e-02	1.44e-02	2.75e-03	1.20e-03	3.10e-05	2.86e-07
 4.10400e+21	0.00e+00	0.00e+00	0.00e+00	1.95e-28	3.95e-24	2.24e-20	4.29e-17	1.71e-14	3.19e-12	1.54e-10	4.59e-09	8.31e-08	1.21e-06	1.02e-05	5.71e-05	2.69e-04	1.12e-02	8.78e-02	2.88e-01	3.41e-01	1.95e-01	5.97e-02	1.32e-02	2.46e-03	1.06e-03	2.65e-05	2.37e-07
 4.17592e+21	0.00e+00	0.00e+00	0.00e+00	2.88e-28	5.68e-24	3.15e-20	5.91e-17	2.31e-14	4.19e-12	1.97e-10	5.74e-09	1.01e-07	1.43e-06	1.18e-05	6.42e-05	2.95e-04	1.20e-02	9.19e-02	2.94e-01	3.40e-01	1.89e-01	5.65e-02	1.22e-02	2.22e-03	9.39e-04	2.29e-05	2.00e-07
 4.25779e+21	0.00e+00	0.00e+00	0.00e+00	4.46e-28	8.57e-24	4.63e-20	8.50e-17	3.24e-14	5.72e-12	2.62e-10	7.41e-09	1.27e-07	1.74e-06	1.39e-05	7.32e-05	3.26e-04	1.30e-02	9.67e-02	3.02e-01	3.39e-01	1.83e-01	5.29e-02	1.11e-02	1.97e-03	8.19e-04	1.94e-05	1.64e-07
 4.34793e+21	0.00e+00	0.00e+00	0.00e+00	7.19e-28	1.34e-23	7.06e-20	1.26e-16	4.68e-14	8.02e-12	3.56e-10	9.76e-09	1.62e-07	2.14e-06	1.65e-05	8.44e-05	3.65e-04	1.41e-02	1.02e-01	3.10e-01	3.37e-01	1.75e-01	4.93e-02	1.00e-02	1.73e-03	7.05e-04	1.62e-05	1.33e-07
 4.43002e+21	0.00e+00	0.00e+00	0.00e+00	1.10e-27	2.00e-23	1.03e-19	1.80e-16	6.52e-14	1.09e-11	4.70e-10	1.25e-08	2.01e-07	2.58e-06	1.94e-05	9.59e-05	4.02e-04	1.51e-02	1.07e-01	3.17e-01	3.34e-01	1.69e-01	4.61e-02	9.12e-03	1.53e-03	6.15e-04	1.37e-05	0.00e+00
 4.50582e+21	0.00e+00	0.00e+00	0.00e+00	1.64e-27	2.90e-23	1.46e-19	2.49e-16	8.83e-14	1.44e-11	6.06e-10	1.57e-08	2.46e-07	3.07e-06	2.24e-05	1.08e-04	4.40e-04	1.62e-02	1.12e-01	3.23e-01	3.32e-01	1.63e-01	4.33e-02	8.36e-03	1.37e-03	5.42e-04	1.17e-05	0.00e+00
 4.59226e+21	0.00e+00	0.00e+00	0.00e+00	2.54e-27	4.36e-23	2.14e-19	3.57e-16	1.24e-13	1.96e-11	8.03e-10	2.02e-08	3.07e-07	3.72e-06	2.63e-05	1.23e-04	4.87e-04	1.74e-02	1.17e-01	3.30e-01	3.29e-01	1.57e-01	4.04e-02	7.58e-03	1.21e-03	4.70e-04	9.88e-06	0.00e+00
 4.68871e+21	0.00e+00	0.00e+00	0.00e+00	4.12e-27	6.88e-23	3.28e-19	5.33e-16	1.80e-13	2.77e-11	1.10e-09	2.68e-08	3.94e-07	4.60e-06	3.14e-05	1.41e-04	5.43e-04	1.89e-02	1.23e-01	3.37e-01	3.25e-01	1.49e-01	3.73e-02	6.78e-03	1.05e-03	4.01e-04	8.14e-06	0.00e+00
 4.77784e+21	0.00e+00	0.00e+00	0.00e+00	6.41e-27	1.04e-22	4.85e-19	7.68e-16	2.53e-13	3.79e-11	1.46e-09	3.46e-08	4.93e-07	5.59e-06	3.69e-05	1.61e-04	6.00e-04	2.03e-02	1.29e-01	3.44e-01	3.21e-01	1.43e-01	3.46e-02	6.12e-03	9.23e-04	3.46e-04	6.81e-06	0.00e+00
 4.85504e+21	0.00e+00	0.00e+00	0.00e+00	9.37e-27	1.48e-22	6.77e-19	1.05e-15	3.40e-13	4.96e-11	1.87e-09	4.31e-08	5.99e-07	6.60e-06	4.24e-05	1.80e-04	6.54e-04	2.16e-02	1.34e-01	3.49e-01	3.18e-01	1.37e-01	3.24e-02	5.60e-03	8.25e-04	3.04e-04	5.84e-06	0.00e+00
 4.93705e+21	0.00e+00	0.00e+00	0.00e+00	1.39e-26	2.15e-22	9.60e-19	1.46e-15	4.62e-13	6.58e-11	2.42e-09	5.43e-08	7.33e-07	7.85e-06	4.90e-05	2.02e-04	7.14e-04	2.30e-02	1.40e-01	3.54e-01	3.14e-01	1.32e-01	3.03e-02	5.09e-03	7.32e-04	2.66e-04	4.96e-06	0.00e+00
 5.02880e+21	0.00e+00	0.00e+00	1.80e-31	2.16e-26	3.25e-22	1.41e-18	2.10e-15	6.50e-13	9.00e-11	3.22e-09	7.01e-08	9.18e-07	9.51e-06	5.75e-05	2.29e-04	7.88e-04	2.47e-02	1.46e-01	3.60e-01	3.09e-01	1.26e-01	2.80e-02	4.58e-03	6.40e-04	2.28e-04	4.13e-06	0.00e+00
 5.11421e+21	0.00e+00	0.00e+00	2.78e-31	3.24e-26	4.75e-22	2.02e-18	2.94e-15	8.90e-13	1.20e-10	4.18e-09	8.86e-08	1.13e-06	1.14e-05	6.66e-05	2.58e-04	8.61e-04	2.63e-02	1.52e-01	3.65e-01	3.05e-01	1.20e-01	2.60e-02	4.14e-03	5.65e-04	1.98e-04	3.48e-06	0.00e+00
 5.19311e+21	0.00e+00	0.00e+00	4.12e-31	4.69e-26	6.70e-22	2.80e-18	3.99e-15	1.19e-12	1.56e-10	5.32e-09	1.10e-07	1.36e-06	1.33e-05	7.62e-05	2.87e-04	9.34e-04	2.79e-02	1.57e-01	3.70e-01	3.00e-01	1.15e-01	2.43e-02	3.78e-03	5.03e-04	1.74e-04	2.97e-06	0.00e+00
 5.28257e+21	0.00e+00	0.00e+00	6.40e-31	7.09e-26	9.86e-22	4.02e-18	5.62e-15	1.63e-12	2.10e-10	6.96e-09	1.40e-07	1.68e-06	1.60e-05	8.85e-05	3.23e-04	1.02e-03	2.97e-02	1.63e-01	3.75e-01	2.95e-01	1.09e-01	2.25e-02	3.40e-03	4.42e-04	1.50e-04	2.49e-06	0.00e+00
 5.38147e+21	0.00e+00	0.00e+00	1.04e-30	1.11e-25	1.50e-21	5.98e-18	8.17e-15	2.32e-12	2.90e-10	9.34e-09	1.82e-07	2.12e-06	1.95e-05	1.04e-04	3.68e-04	1.13e-03	3.19e-02	1.70e-01	3.80e-01	2.89e-01	1.04e-01	2.06e-02	3.03e-03	3.82e-04	1.28e-04	2.05e-06	0.00e+00
 5.47190e+21	0.00e+00	0.00e+00	1.62e-30	1.68e-25	2.22e-21	8.63e-18	1.15e-14	3.21e-12	3.91e-10	1.23e-08	2.32e-07	2.63e-06	2.34e-05	1.21e-04	4.14e-04	1.24e-03	3.39e-02	1.77e-01	3.84e-01	2.83e-01	9.82e-02	1.90e-02	2.71e-03	3.33e-04	1.09e-04	1.70e-06	0.00e+00
 5.55383e+21	0.00e+00	0.00e+00	2.37e-30	2.41e-25	3.10e-21	1.18e-17	1.55e-14	4.25e-12	5.06e-10	1.55e-08	2.86e-07	3.16e-06	2.73e-05	1.38e-04	4.59e-04	1.34e-03	3.58e-02	1.82e-01	3.87e-01	2.78e-01	9.38e-02	1.77e-02	2.47e-03	2.96e-04	9.58e-05	1.45e-06	0.00e+00
 5.64549e+21	0.00e+00	0.00e+00	3.65e-30	3.60e-25	4.51e-21	1.68e-17	2.17e-14	5.82e-12	6.76e-10	2.02e-08	3.62e-07	3.88e-06	3.26e-05	1.60e-04	5.15e-04	1.46e-03	3.81e-02	1.89e-01	3.91e-01	2.73e-01	8.89e-02	1.63e-02	2.21e-03	2.59e-04	8.24e-05	1.21e-06	0.00e+00
 5.74497e+21	0.00e+00	0.00e+00	5.80e-30	5.55e-25	6.76e-21	2.47e-17	3.11e-14	8.17e-12	9.23e-10	2.68e-08	4.67e-07	4.85e-06	3.94e-05	1.87e-04	5.83e-04	1.60e-03	4.06e-02	1.96e-01	3.94e-01	2.66e-01	8.38e-02	1.49e-02	1.96e-03	2.24e-04	6.99e-05	9.93e-07	0.00e+00
 5.83361e+21	0.00e+00	0.00e+00	8.78e-30	8.16e-25	9.70e-21	3.47e-17	4.30e-14	1.11e-11	1.22e-09	3.47e-08	5.88e-07	5.94e-06	4.68e-05	2.15e-04	6.51e-04	1.74e-03	4.30e-02	2.02e-01	3.97e-01	2.60e-01	7.93e-02	1.37e-02	1.76e-03	1.96e-04	6.01e-05	8.29e-07	0.00e+00
 5.91241e+21	0.00e+00	0.00e+00	1.25e-29	1.13e-24	1.32e-20	4.63e-17	5.65e-14	1.43e-11	1.55e-09	4.30e-08	7.13e-07	7.03e-06	5.40e-05	2.42e-04	7.15e-04	1.87e-03	4.51e-02	2.07e-01	3.99e-01	2.55e-01	7.57e-02	1.27e-02	1.60e-03	1.75e-04	5.29e-05	7.11e-07	0.00e+00
 5.99943e+21	0.00e+00	0.00e+00	1.84e-29	1.63e-24	1.85e-20	6.37e-17	7.66e-14	1.91e-11	2.02e-09	5.48e-08	8.84e-07	8.49e-06	6.34e-05	2.77e-04	7.93e-04	2.02e-03	4.75e-02	2.13e-01	4.02e-01	2.49e-01	7.17e-02	1.18e-02	1.44e-03	1.54e-04	4.58e-05	5.98e-07	0.00e+00
 6.11256e+21	0.00e+00	0.00e+00	3.03e-29	2.58e-24	2.85e-20	9.60e-17	1.13e-13	2.76e-11	2.84e-09	7.47e-08	1.17e-06	1.08e-05	7.80e-05	3.28e-04	9.05e-04	2.23e-03	5.08e-02	2.21e-01	4.04e-01	2.42e-01	6.68e-02	1.06e-02	1.26e-03	1.30e-04	3.80e-05	4.78e-07	0.00e+00
 6.22539e+21	0.00e+00	0.00e+00	4.95e-29	4.09e-24	4.37e-20	1.44e-16	1.66e-13	3.98e-11	3.97e-09	1.02e-07	1.54e-06	1.38e-05	9.57e-05	3.88e-04	1.03e-03	2.46e-03	5.43e-02	2.29e-01	4.06e-01	2.34e-01	6.22e-02	9.50e-03	1.10e-03	1.10e-04	3.15e-05	3.81e-07	0.00e+00
 6.31157e+21	0.00e+00	0.00e+00	7.17e-29	5.77e-24	6.03e-20	1.95e-16	2.22e-13	5.25e-11	5.13e-09	1.28e-07	1.89e-06	1.65e-05	1.12e-04	4.40e-04	1.14e-03	2.65e-03	5.71e-02	2.35e-01	4.07e-01	2.28e-01	5.88e-02	8.75e-03	9.86e-04	9.64e-05	2.72e-05	3.21e-07	0.00e+00
 6.39733e+21	0.00e+00	0.00e+00	1.03e-28	8.06e-24	8.24e-20	2.62e-16	2.95e-13	6.87e-11	6.57e-09	1.61e-07	2.32e-06	1.98e-05	1.30e-04	4.98e-04	1.26e-03	2.85e-03	5.99e-02	2.41e-01	4.08e-01	2.22e-01	5.56e-02	8.06e-03	8.88e-04	8.49e-05	2.36e-05	2.71e-07	0.00e+00
 6.50883e+21	0.00e+00	0.00e+00	1.63e-28	1.24e-23	1.23e-19	3.83e-16	4.24e-13	9.71e-11	9.05e-09	2.16e-07	3.01e-06	2.48e-05	1.58e-04	5.84e-04	1.42e-03	3.13e-03	6.36e-02	2.49e-01	4.08e-01	2.14e-01	5.17e-02	7.24e-03	7.74e-04	7.19e-05	1.96e-05	2.17e-07	0.00e+00
 6.62325e+21	0.00e+00	0.00e+00	2.60e-28	1.91e-23	1.85e-19	5.64e-16	6.14e-13	1.38e-10	1.25e-08	2.91e-07	3.94e-06	3.14e-05	1.92e-04	6.87e-04	1.61e-03	3.44e-03	6.77e-02	2.56e-01	4.08e-01	2.07e-01	4.78e-02	6.47e-03	6.71e-04	6.05e-05	1.62e-05	1.72e-07	0.00e+00
 6.71581e+21	0.00e+00	0.00e+00	3.78e-28	2.70e-23	2.56e-19	7.68e-16	8.27e-13	1.84e-10	1.63e-08	3.71e-07	4.89e-06	3.80e-05	2.26e-04	7.84e-04	1.78e-03	3.71e-03	7.11e-02	2.63e-01	4.08e-01	2.00e-01	4.48e-02	5.90e-03	5.96e-04	5.25e-05	1.38e-05	1.42e-07	0.00e+00
 6.81047e+21	0.00e+00	0.00e+00	5.45e-28	3.80e-23	3.51e-19	1.04e-15	1.10e-12	2.43e-10	2.11e-08	4.69e-07	6.03e-06	4.56e-05	2.64e-04	8.90e-04	1.97e-03	3.99e-03	7.46e-02	2.69e-01	4.08e-01	1.94e-01	4.21e-02	5.39e-03	5.31e-04	4.57e-05	1.18e-05	0.00e+00	0.00e+00
 6.93351e+21	0.00e+00	0.00e+00	8.73e-28	5.88e-23	5.28e-19	1.53e-15	1.61e-12	3.48e-10	2.95e-08	6.38e-07	7.94e-06	5.80e-05	3.23e-04	1.05e-03	2.24e-03	4.40e-03	7.93e-02	2.76e-01	4.06e-01	1.86e-01	3.86e-02	4.77e-03	4.55e-04	3.80e-05	9.64e-06	0.00e+00	0.00e+00
 7.05803e+21	0.00e+00	0.00e+00	1.39e-27	9.07e-23	7.92e-19	2.26e-15	2.34e-12	5.00e-10	4.12e-08	8.68e-07	1.05e-05	7.39e-05	3.96e-04	1.24e-03	2.55e-03	4.84e-03	8.43e-02	2.84e-01	4.05e-01	1.78e-01	3.54e-02	4.21e-03	3.89e-04	3.15e-05	7.82e-06	0.00e+00	0.00e+00
 7.15570e+21	0.00e+00	0.00e+00	2.00e-27	1.27e-22	1.08e-18	3.05e-15	3.13e-12	6.63e-10	5.36e-08	1.11e-06	1.30e-05	8.93e-05	4.65e-04	1.41e-03	2.82e-03	5.23e-03	8.84e-02	2.90e-01	4.03e-01	1.71e-01	3.29e-02	3.81e-03	3.43e-04	2.71e-05	6.62e-06	0.00e+00	0.00e+00
 7.25393e+21	0.00e+00	0.00e+00	2.83e-27	1.75e-22	1.46e-18	4.06e-15	4.14e-12	8.68e-10	6.88e-08	1.39e-06	1.60e-05	1.07e-04	5.40e-04	1.60e-03	3.10e-03	5.62e-03	9.25e-02	2.96e-01	4.01e-01	1.65e-01	3.07e-02	3.46e-03	3.04e-04	2.35e-05	5.64e-06	0.00e+00	0.00e+00
 7.38163e+21	0.00e+00	0.00e+00	4.41e-27	2.64e-22	2.15e-18	5.86e-15	5.93e-12	1.23e-09	9.52e-08	1.88e-06	2.09e-05	1.35e-04	6.58e-04	1.88e-03	3.51e-03	6.17e-03	9.81e-02	3.03e-01	3.98e-01	1.57e-01	2.80e-02	3.04e-03	2.59e-04	1.94e-05	4.57e-06	0.00e+00	0.00e+00
 7.51467e+21	0.00e+00	0.00e+00	6.92e-27	4.00e-22	3.18e-18	8.53e-15	8.57e-12	1.76e-09	1.33e-07	2.55e-06	2.74e-05	1.72e-04	8.05e-04	2.21e-03	3.98e-03	6.79e-03	1.04e-01	3.11e-01	3.94e-01	1.50e-01	2.54e-02	2.65e-03	2.19e-04	1.59e-05	3.66e-06	0.00e+00	0.00e+00
 7.62013e+21	0.00e+00	0.00e+00	9.80e-27	5.52e-22	4.30e-18	1.14e-14	1.14e-11	2.33e-09	1.72e-07	3.24e-06	3.40e-05	2.07e-04	9.42e-04	2.51e-03	4.40e-03	7.31e-03	1.09e-01	3.16e-01	3.90e-01	1.43e-01	2.35e-02	2.38e-03	1.92e-04	1.36e-05	3.08e-06	0.00e+00	0.00e+00
 7.70704e+21	0.00e+00	0.00e+00	1.29e-26	7.14e-22	5.47e-18	1.44e-14	1.43e-11	2.91e-09	2.12e-07	3.93e-06	4.04e-05	2.41e-04	1.07e-03	2.79e-03	4.76e-03	7.77e-03	1.13e-01	3.21e-01	3.87e-01	1.38e-01	2.21e-02	2.18e-03	1.72e-04	1.20e-05	2.67e-06	0.00e+00	0.00e+00
 7.80437e+21	0.00e+00	0.00e+00	1.75e-26	9.45e-22	7.12e-18	1.85e-14	1.84e-11	3.72e-09	2.66e-07	4.85e-06	4.88e-05	2.84e-04	1.23e-03	3.12e-03	5.19e-03	8.30e-03	1.18e-01	3.25e-01	3.83e-01	1.33e-01	2.05e-02	1.98e-03	1.53e-04	1.04e-05	2.28e-06	0.00e+00	0.00e+00
 7.93090e+21	0.00e+00	0.00e+00	2.57e-26	1.35e-21	9.92e-18	2.55e-14	2.53e-11	5.09e-09	3.56e-07	6.35e-06	6.21e-05	3.50e-04	1.46e-03	3.60e-03	5.80e-03	9.03e-03	1.24e-01	3.31e-01	3.78e-01	1.26e-01	1.87e-02	1.74e-03	1.31e-04	8.66e-06	1.86e-06	0.00e+00	0.00e+00
 8.06247e+21	0.00e+00	1.33e-31	3.79e-26	1.93e-21	1.39e-17	3.53e-14	3.50e-11	7.00e-09	4.80e-07	8.35e-06	7.94e-05	4.34e-04	1.75e-03	4.16e-03	6.49e-03	9.84e-03	1.30e-01	3.37e-01	3.72e-01	1.20e-01	1.70e-02	1.52e-03	1.11e-04	7.16e-06	1.51e-06	0.00e+00	0.00e+00
 8.17204e+21	0.00e+00	1.88e-31	5.18e-26	2.58e-21	1.82e-17	4.60e-14	4.55e-11	9.07e-09	6.11e-07	1.04e-05	9.69e-05	5.16e-04	2.03e-03	4.68e-03	7.11e-03	1.05e-02	1.36e-01	3.41e-01	3.67e-01	1.14e-01	1.56e-02	1.36e-03	9.70e-05	6.12e-06	1.26e-06	0.00e+00	0.00e+00
 8.28593e+21	0.00e+00	2.65e-31	7.09e-26	3.44e-21	2.40e-17	5.99e-14	5.93e-11	1.18e-08	7.79e-07	1.31e-05	1.19e-04	6.15e-04	2.34e-03	5.27e-03	7.78e-03	1.13e-02	1.41e-01	3.45e-01	3.61e-01	1.09e-01	1.44e-02	1.22e-03	8.45e-05	5.21e-06	1.06e-06	0.00e+00	0.00e+00
 8.43398e+21	0.00e+00	4.09e-31	1.05e-25	4.96e-21	3.38e-17	8.36e-14	8.28e-11	1.64e-08	1.06e-06	1.74e-05	1.53e-04	7.67e-04	2.82e-03	6.12e-03	8.73e-03	1.24e-02	1.49e-01	3.50e-01	3.54e-01	1.02e-01	1.29e-02	1.05e-03	7.08e-05	4.24e-06	8.42e-07	0.00e+00	0.00e+00
 8.58487e+21	0.00e+00	6.28e-31	1.56e-25	7.13e-21	4.75e-17	1.16e-13	1.16e-10	2.28e-08	1.44e-06	2.31e-05	1.97e-04	9.56e-04	3.39e-03	7.10e-03	9.79e-03	1.35e-02	1.57e-01	3.55e-01	3.46e-01	9.55e-02	1.15e-02	9.06e-04	5.91e-05	3.44e-06	6.68e-07	0.00e+00	0.00e+00
 8.70665e+21	0.00e+00	8.77e-31	2.11e-25	9.45e-21	6.20e-17	1.51e-13	1.50e-10	2.96e-08	1.83e-06	2.89e-05	2.41e-04	1.14e-03	3.91e-03	7.97e-03	1.07e-02	1.44e-02	1.63e-01	3.58e-01	3.39e-01	9.05e-02	1.05e-02	8.03e-04	5.12e-05	2.92e-06	5.56e-07	0.00e+00	0.00e+00
 8.83216e+21	0.00e+00	1.22e-30	2.86e-25	1.25e-20	8.08e-17	1.95e-13	1.95e-10	3.83e-08	2.33e-06	3.61e-05	2.93e-04	1.35e-03	4.51e-03	8.94e-03	1.17e-02	1.55e-02	1.69e-01	3.61e-01	3.32e-01	8.56e-02	9.60e-03	7.11e-04	4.43e-05	2.47e-06	4.62e-07	0.00e+00	0.00e+00
 8.99532e+21	0.00e+00	1.86e-30	4.19e-25	1.78e-20	1.13e-16	2.70e-13	2.70e-10	5.32e-08	3.16e-06	4.78e-05	3.77e-04	1.67e-03	5.39e-03	1.03e-02	1.30e-02	1.68e-02	1.78e-01	3.64e-01	3.22e-01	7.96e-02	8.52e-03	6.08e-04	3.67e-05	1.99e-06	3.64e-07	0.00e+00	0.00e+00
 9.16405e+21	0.00e+00	2.84e-30	6.16e-25	2.54e-20	1.58e-16	3.75e-13	3.77e-10	7.40e-08	4.30e-06	6.34e-05	4.84e-04	2.08e-03	6.44e-03	1.19e-02	1.46e-02	1.83e-02	1.86e-01	3.66e-01	3.12e-01	7.38e-02	7.53e-03	5.17e-04	3.03e-05	1.59e-06	2.85e-07	0.00e+00	0.00e+00
 9.30376e+21	0.00e+00	3.98e-30	8.38e-25	3.38e-20	2.07e-16	4.88e-13	4.93e-10	9.66e-08	5.50e-06	7.96e-05	5.93e-04	2.47e-03	7.43e-03	1.34e-02	1.59e-02	1.96e-02	1.93e-01	3.68e-01	3.03e-01	6.92e-02	6.81e-03	4.53e-04	2.59e-05	1.33e-06	2.33e-07	0.00e+00	0.00e+00
 9.42721e+21	0.00e+00	5.32e-30	1.09e-24	4.32e-20	2.60e-16	6.12e-13	6.21e-10	1.22e-07	6.81e-06	9.70e-05	7.06e-04	2.87e-03	8.41e-03	1.47e-02	1.71e-02	2.08e-02	1.99e-01	3.68e-01	2.95e-01	6.54e-02	6.21e-03	4.03e-04	2.25e-05	1.13e-06	1.96e-07	0.00e+00	0.00e+00
 9.56575e+21	0.00e+00	7.29e-30	1.45e-24	5.64e-20	3.35e-16	7.83e-13	7.97e-10	1.56e-07	8.55e-06	1.20e-04	8.50e-04	3.37e-03	9.58e-03	1.64e-02	1.85e-02	2.21e-02	2.06e-01	3.69e-01	2.87e-01	6.14e-02	5.64e-03	3.55e-04	1.94e-05	9.56e-07	1.62e-07	0.00e+00	0.00e+00
 9.72096e+21	0.00e+00	1.03e-29	1.99e-24	7.56e-20	4.42e-16	1.03e-12	1.05e-09	2.05e-07	1.10e-05	1.51e-04	1.04e-03	4.01e-03	1.11e-02	1.83e-02	2.02e-02	2.37e-02	2.13e-01	3.69e-01	2.77e-01	5.72e-02	5.04e-03	3.08e-04	1.64e-05	7.89e-07	1.31e-07	0.00e+00	0.00e+00
 9.86524e+21	0.00e+00	1.41e-29	2.65e-24	9.85e-20	5.68e-16	1.31e-12	1.35e-09	2.63e-07	1.38e-05	1.86e-04	1.26e-03	4.70e-03	1.26e-02	2.03e-02	2.18e-02	2.51e-02	2.20e-01	3.68e-01	2.68e-01	5.35e-02	4.55e-03	2.69e-04	1.40e-05	6.61e-07	0.00e+00	0.00e+00	0.00e+00
 9.99873e+21	0.00e+00	1.87e-29	3.43e-24	1.25e-19	7.12e-16	1.64e-12	1.69e-09	3.28e-07	1.70e-05	2.25e-04	1.49e-03	5.42e-03	1.41e-02	2.22e-02	2.33e-02	2.65e-02	2.26e-01	3.67e-01	2.60e-01	5.03e-02	4.14e-03	2.39e-04	1.21e-05	5.62e-07	0.00e+00	0.00e+00	0.00e+00
 1.01508e+22	0.00e+00	2.56e-29	4.56e-24	1.63e-19	9.16e-16	2.09e-12	2.17e-09	4.21e-07	2.14e-05	2.77e-04	1.78e-03	6.33e-03	1.60e-02	2.45e-02	2.51e-02	2.80e-02	2.32e-01	3.65e-01	2.51e-01	4.68e-02	3.71e-03	2.08e-04	1.04e-05	4.69e-07	0.00e+00	0.00e+00	0.00e+00
 1.03219e+22	0.00e+00	3.61e-29	6.25e-24	2.18e-19	1.21e-15	2.75e-12	2.86e-09	5.53e-07	2.75e-05	3.49e-04	2.18e-03	7.51e-03	1.84e-02	2.73e-02	2.72e-02	2.98e-02	2.39e-01	3.62e-01	2.40e-01	4.32e-02	3.29e-03	1.79e-04	8.66e-06	3.83e-07	0.00e+00	0.00e+00	0.00e+00
 1.04834e+22	0.00e+00	4.95e-29	8.34e-24	2.86e-19	1.56e-15	3.53e-12	3.69e-09	7.11e-07	3.46e-05	4.30e-04	2.62e-03	8.77e-03	2.08e-02	3.01e-02	2.93e-02	3.15e-02	2.45e-01	3.59e-01	2.30e-01	4.00e-02	2.94e-03	1.55e-04	7.32e-06	3.17e-07	0.00e+00	0.00e+00	0.00e+00
 1.06354e+22	0.00e+00	6.62e-29	1.09e-23	3.65e-19	1.97e-15	4.43e-12	4.65e-09	8.95e-07	4.27e-05	5.21e-04	3.10e-03	1.01e-02	2.33e-02	3.28e-02	3.12e-02	3.31e-02	2.50e-01	3.55e-01	2.21e-01	3.72e-02	2.64e-03	1.35e-04	6.27e-06	2.66e-07	0.00e+00	0.00e+00	0.00e+00
 1.08091e+22	0.00e+00	9.15e-29	1.46e-23	4.81e-19	2.56e-15	5.72e-12	6.03e-09	1.15e-06	5.39e-05	6.44e-04	3.73e-03	1.18e-02	2.64e-02	3.61e-02	3.35e-02	3.49e-02	2.55e-01	3.50e-01	2.11e-01	3.42e-02	2.34e-03	1.16e-04	5.26e-06	2.19e-07	0.00e+00	0.00e+00	0.00e+00
 1.09906e+22	0.00e+00	1.27e-28	1.98e-23	6.37e-19	3.34e-15	7.43e-12	7.87e-09	1.50e-06	6.83e-05	8.00e-04	4.51e-03	1.38e-02	2.99e-02	3.97e-02	3.58e-02	3.68e-02	2.60e-01	3.45e-01	2.00e-01	3.13e-02	2.06e-03	9.93e-05	4.38e-06	1.78e-07	0.00e+00	0.00e+00	0.00e+00
 1.11430e+22	0.00e+00	1.67e-28	2.53e-23	8.03e-19	4.16e-15	9.21e-12	9.78e-09	1.86e-06	8.30e-05	9.54e-04	5.25e-03	1.56e-02	3.30e-02	4.29e-02	3.78e-02	3.83e-02	2.64e-01	3.39e-01	1.92e-01	2.90e-02	1.85e-03	8.71e-05	3.77e-06	1.50e-07	0.00e+00	0.00e+00	0.00e+00
 1.13018e+22	0.00e+00	2.20e-28	3.26e-23	1.01e-18	5.20e-15	1.14e-11	1.22e-08	2.30e-06	1.01e-04	1.14e-03	6.11e-03	1.78e-02	3.65e-02	4.62e-02	3.99e-02	3.99e-02	2.68e-01	3.33e-01	1.83e-01	2.69e-02	1.66e-03	7.60e-05	3.22e-06	1.26e-07	0.00e+00	0.00e+00	0.00e+00
 1.15082e+22	0.00e+00	3.13e-28	4.48e-23	1.37e-18	6.90e-15	1.51e-11	1.61e-08	3.02e-06	1.29e-04	1.42e-03	7.40e-03	2.08e-02	4.13e-02	5.06e-02	4.26e-02	4.18e-02	2.71e-01	3.25e-01	1.72e-01	2.42e-02	1.44e-03	6.39e-05	2.64e-06	0.00e+00	0.00e+00	0.00e+00	0.00e+00
 1.17187e+22	0.00e+00	4.44e-28	6.18e-23	1.84e-18	9.16e-15	1.99e-11	2.13e-08	3.97e-06	1.65e-04	1.77e-03	8.95e-03	2.43e-02	4.66e-02	5.54e-02	4.53e-02	4.38e-02	2.74e-01	3.16e-01	1.61e-01	2.18e-02	1.24e-03	5.34e-05	2.15e-06	0.00e+00	0.00e+00	0.00e+00	0.00e+00
 1.18888e+22	0.00e+00	5.84e-28	7.94e-23	2.33e-18	1.14e-14	2.47e-11	2.65e-08	4.92e-06	2.00e-04	2.11e-03	1.04e-02	2.74e-02	5.11e-02	5.93e-02	4.75e-02	4.53e-02	2.76e-01	3.08e-01	1.52e-01	2.00e-02	1.10e-03	4.61e-05	1.82e-06	0.00e+00	0.00e+00	0.00e+00	0.00e+00
 1.20641e+22	0.00e+00	7.71e-28	1.02e-22	2.95e-18	1.43e-14	3.07e-11	3.30e-08	6.06e-06	2.41e-04	2.49e-03	1.20e-02	3.08e-02	5.59e-02	6.32e-02	4.95e-02	4.66e-02	2.76e-01	3.00e-01	1.44e-01	1.83e-02	9.77e-04	4.00e-05	1.55e-06	0.00e+00	0.00e+00	0.00e+00	0.00e+00
 1.22919e+22	0.00e+00	1.09e-27	1.41e-22	3.98e-18	1.90e-14	4.04e-11	4.34e-08	7.90e-06	3.06e-04	3.08e-03	1.43e-02	3.56e-02	6.24e-02	6.84e-02	5.22e-02	4.83e-02	2.77e-01	2.89e-01	1.33e-01	1.63e-02	8.35e-04	3.31e-05	1.25e-06	0.00e+00	0.00e+00	0.00e+00	0.00e+00
 1.25297e+22	0.00e+00	1.57e-27	1.96e-22	5.40e-18	2.55e-14	5.36e-11	5.75e-08	1.04e-05	3.89e-04	3.81e-03	1.72e-02	4.12e-02	6.96e-02	7.38e-02	5.48e-02	4.99e-02	2.76e-01	2.76e-01	1.22e-01	1.44e-02	7.08e-04	2.72e-05	9.98e-07	0.00e+00	0.00e+00	0.00e+00	0.00e+00
 1.27297e+22	0.00e+00	2.10e-27	2.56e-22	6.93e-18	3.23e-14	6.74e-11	7.24e-08	1.29e-05	4.74e-04	4.54e-03	1.99e-02	4.63e-02	7.59e-02	7.84e-02	5.68e-02	5.10e-02	2.74e-01	2.65e-01	1.14e-01	1.29e-02	6.14e-04	2.30e-05	8.25e-07	0.00e+00	0.00e+00	0.00e+00	0.00e+00
 1.29391e+22	0.00e+00	2.84e-27	3.37e-22	8.96e-18	4.11e-14	8.51e-11	9.11e-08	1.61e-05	5.75e-04	5.38e-03	2.30e-02	5.18e-02	8.24e-02	8.29e-02	5.87e-02	5.20e-02	2.71e-01	2.54e-01	1.05e-01	1.16e-02	5.33e-04	1.94e-05	6.83e-07	0.00e+00	0.00e+00	0.00e+00	0.00e+00
 1.32114e+22	0.00e+00	4.14e-27	4.77e-22	1.24e-17	5.58e-14	1.14e-10	1.22e-07	2.12e-05	7.33e-04	6.66e-03	2.74e-02	5.96e-02	9.12e-02	8.86e-02	6.10e-02	5.30e-02	2.67e-01	2.39e-01	9.53e-02	1.00e-02	4.42e-04	1.56e-05	5.33e-07	0.00e+00	0.00e+00	0.00e+00	0.00e+00
 1.34772e+22	0.00e+00	5.96e-27	6.64e-22	1.68e-17	7.47e-14	1.51e-10	1.61e-07	2.75e-05	9.23e-04	8.14e-03	3.24e-02	6.77e-02	9.99e-02	9.39e-02	6.28e-02	5.38e-02	2.61e-01	2.25e-01	8.59e-02	8.67e-03	3.67e-04	1.25e-05	4.17e-07	0.00e+00	0.00e+00	0.00e+00	0.00e+00
 1.36757e+22	0.00e+00	7.75e-27	8.46e-22	2.11e-17	9.24e-14	1.85e-10	1.96e-07	3.31e-05	1.09e-03	9.39e-03	3.64e-02	7.41e-02	1.06e-01	9.76e-02	6.40e-02	5.41e-02	2.56e-01	2.14e-01	7.94e-02	7.78e-03	3.19e-04	1.07e-05	3.48e-07	0.00e+00	0.00e+00	0.00e+00	0.00e+00
 1.38750e+22	0.00e+00	1.00e-26	1.07e-21	2.61e-17	1.13e-13	2.25e-10	2.37e-07	3.97e-05	1.27e-03	1.08e-02	4.08e-02	8.07e-02	1.13e-01	1.01e-01	6.49e-02	5.43e-02	2.50e-01	2.03e-01	7.32e-02	6.96e-03	2.78e-04	9.07e-06	2.91e-07	0.00e+00	0.00e+00	0.00e+00	0.00e+00
 1.41340e+22	0.00e+00	1.39e-26	1.44e-21	3.46e-17	1.47e-13	2.88e-10	3.02e-07	4.96e-05	1.54e-03	1.27e-02	4.66e-02	8.92e-02	1.21e-01	1.05e-01	6.58e-02	5.42e-02	2.42e-01	1.90e-01	6.60e-02	6.06e-03	2.34e-04	7.42e-06	2.33e-07	0.00e+00	0.00e+00	0.00e+00	0.00e+00
 1.44187e+22	0.00e+00	1.97e-26	1.98e-21	4.64e-17	1.94e-13	3.76e-10	3.91e-07	6.32e-05	1.90e-03	1.52e-02	5.39e-02	9.94e-02	1.30e-01	1.09e-01	6.65e-02	5.39e-02	2.32e-01	1.75e-01	5.84e-02	5.14e-03	1.90e-04	5.87e-06	1.79e-07	0.00e+00	0.00e+00	0.00e+00	0.00e+00
 1.46752e+22	0.00e+00	2.67e-26	2.62e-21	6.01e-17	2.48e-13	4.73e-10	4.88e-07	7.77e-05	2.28e-03	1.77e-02	6.08e-02	1.09e-01	1.37e-01	1.12e-01	6.67e-02	5.33e-02	2.23e-01	1.62e-01	5.22e-02	4.44e-03	1.59e-04	4.77e-06	1.42e-07	0.00e+00	0.00e+00	0.00e+00	0.00e+00
 1.49473e+22	0.00e+00	3.67e-26	3.49e-21	7.85e-17	3.19e-13	5.98e-10	6.11e-07	9.54e-05	2.71e-03	2.05e-02	6.83e-02	1.18e-01	1.44e-01	1.15e-01	6.66e-02	5.24e-02	2.13e-01	1.49e-01	4.65e-02	3.81e-03	1.32e-04	3.86e-06	0.00e+00	0.00e+00	0.00e+00	0.00e+00	0.00e+00
 1.53010e+22	0.00e+00	5.41e-26	4.98e-21	1.09e-16	4.34e-13	8.01e-10	8.10e-07	1.24e-04	3.38e-03	2.47e-02	7.90e-02	1.31e-01	1.53e-01	1.17e-01	6.60e-02	5.10e-02	1.99e-01	1.33e-01	3.96e-02	3.10e-03	1.03e-04	2.90e-06	0.00e+00	0.00e+00	0.00e+00	0.00e+00	0.00e+00
 1.56626e+22	0.00e+00	8.02e-26	7.13e-21	1.52e-16	5.91e-13	1.07e-09	1.07e-06	1.59e-04	4.19e-03	2.95e-02	9.05e-02	1.43e-01	1.61e-01	1.19e-01	6.49e-02	4.92e-02	1.85e-01	1.18e-01	3.35e-02	2.51e-03	7.94e-05	2.17e-06	0.00e+00	0.00e+00	0.00e+00	0.00e+00	0.00e+00
 1.59420e+22	0.00e+00	1.07e-25	9.30e-21	1.94e-16	7.43e-13	1.33e-09	1.31e-06	1.91e-04	4.89e-03	3.35e-02	9.98e-02	1.53e-01	1.66e-01	1.19e-01	6.37e-02	4.76e-02	1.73e-01	1.07e-01	2.94e-02	2.12e-03	6.51e-05	1.74e-06	0.00e+00	0.00e+00	0.00e+00	0.00e+00	0.00e+00
 1.62124e+22	1.42e-31	1.41e-25	1.19e-20	2.44e-16	9.21e-13	1.62e-09	1.58e-06	2.26e-04	5.63e-03	3.76e-02	1.09e-01	1.62e-01	1.71e-01	1.19e-01	6.23e-02	4.60e-02	1.63e-01	9.72e-02	2.59e-02	1.81e-03	5.39e-05	1.40e-06	0.00e+00	0.00e+00	0.00e+00	0.00e+00	0.00e+00
 1.65640e+22	2.06e-31	2.00e-25	1.64e-20	3.27e-16	1.21e-12	2.08e-09	1.99e-06	2.79e-04	6.69e-03	4.32e-02	1.20e-01	1.72e-01	1.75e-01	1.19e-01	6.03e-02	4.37e-02	1.50e-01	8.58e-02	2.20e-02	1.47e-03	4.23e-05	1.07e-06	0.00e+00	0.00e+00	0.00e+00	0.00e+00	0.00e+00
 1.69390e+22	2.98e-31	2.85e-25	2.26e-20	4.39e-16	1.59e-12	2.69e-09	2.54e-06	3.46e-04	8.00e-03	4.99e-02	1.34e-01	1.83e-01	1.79e-01	1.17e-01	5.77e-02	4.12e-02	1.36e-01	7.44e-02	1.82e-02	1.17e-03	3.22e-05	7.91e-07	0.00e+00	0.00e+00	0.00e+00	0.00e+00	0.00e+00
 1.72529e+22	4.04e-31	3.81e-25	2.93e-20	5.59e-16	1.99e-12	3.30e-09	3.08e-06	4.11e-04	9.20e-03	5.57e-02	1.45e-01	1.92e-01	1.81e-01	1.15e-01	5.54e-02	3.90e-02	1.25e-01	6.60e-02	1.56e-02	9.66e-04	2.58e-05	6.17e-07	0.00e+00	0.00e+00	0.00e+00	0.00e+00	0.00e+00
 1.75270e+22	5.22e-31	4.87e-25	3.67e-20	6.85e-16	2.40e-12	3.93e-09	3.62e-06	4.74e-04	1.03e-02	6.10e-02	1.54e-01	1.98e-01	1.83e-01	1.13e-01	5.34e-02	3.71e-02	1.16e-01	5.94e-02	1.36e-02	8.19e-04	2.12e-05	4.98e-07	0.00e+00	0.00e+00	0.00e+00	0.00e+00	0.00e+00
 1.78407e+22	6.93e-31	6.38e-25	4.69e-20	8.58e-16	2.95e-12	4.76e-09	4.32e-06	5.53e-04	1.17e-02	6.73e-02	1.65e-01	2.05e-01	1.83e-01	1.10e-01	5.10e-02	3.50e-02	1.06e-01	5.25e-02	1.17e-02	6.77e-04	1.70e-05	3.90e-07	0.00e+00	0.00e+00	0.00e+00	0.00e+00	0.00e+00
 1.82484e+22	9.89e-31	9.00e-25	6.39e-20	1.14e-15	3.83e-12	6.04e-09	5.37e-06	6.69e-04	1.36e-02	7.56e-02	1.78e-01	2.13e-01	1.83e-01	1.06e-01	4.79e-02	3.23e-02	9.45e-02	4.49e-02	9.55e-03	5.32e-04	1.29e-05	2.87e-07	0.00e+00	0.00e+00	0.00e+00	0.00e+00	0.00e+00
 1.86711e+22	1.40e-30	1.26e-24	8.69e-20	1.51e-15	4.97e-12	7.67e-09	6.70e-06	8.12e-04	1.59e-02	8.49e-02	1.92e-01	2.20e-01	1.82e-01	1.02e-01	4.45e-02	2.95e-02	8.32e-02	3.77e-02	7.69e-03	4.09e-04	9.52e-06	2.06e-07	0.00e+00	0.00e+00	0.00e+00	0.00e+00	0.00e+00
 1.90176e+22	1.85e-30	1.66e-24	1.11e-19	1.89e-15	6.12e-12	9.26e-09	7.96e-06	9.42e-04	1.78e-02	9.27e-02	2.03e-01	2.25e-01	1.80e-01	9.80e-02	4.18e-02	2.73e-02	7.49e-02	3.28e-02	6.44e-03	3.31e-04	7.47e-06	1.58e-07	0.00e+00	0.00e+00	0.00e+00	0.00e+00	0.00e+00
 1.93727e+22	2.43e-30	2.17e-24	1.41e-19	2.36e-15	7.49e-12	1.11e-08	9.43e-06	1.09e-03	2.00e-02	1.01e-01	2.13e-01	2.29e-01	1.77e-01	9.39e-02	3.92e-02	2.53e-02	6.72e-02	2.84e-02	5.39e-03	2.67e-04	5.84e-06	0.00e+00	0.00e+00	0.00e+00	0.00e+00	0.00e+00	0.00e+00
 1.98342e+22	3.43e-30	3.05e-24	1.92e-19	3.11e-15	9.68e-12	1.40e-08	1.16e-05	1.30e-03	2.29e-02	1.11e-01	2.26e-01	2.32e-01	1.73e-01	8.85e-02	3.59e-02	2.28e-02	5.83e-02	2.36e-02	4.29e-03	2.03e-04	4.28e-06	0.00e+00	0.00e+00	0.00e+00	0.00e+00	0.00e+00	0.00e+00
 2.03135e+22	4.79e-30	4.27e-24	2.60e-19	4.10e-15	1.25e-11	1.77e-08	1.43e-05	1.56e-03	2.63e-02	1.23e-01	2.39e-01	2.35e-01	1.67e-01	8.26e-02	3.26e-02	2.03e-02	5.00e-02	1.92e-02	3.34e-03	1.51e-04	3.06e-06	0.00e+00	0.00e+00	0.00e+00	0.00e+00	0.00e+00	0.00e+00
 2.07081e+22	6.24e-30	5.59e-24	3.31e-19	5.12e-15	1.53e-11	2.12e-08	1.69e-05	1.79e-03	2.92e-02	1.32e-01	2.49e-01	2.36e-01	1.63e-01	7.79e-02	3.00e-02	1.84e-02	4.40e-02	1.63e-02	2.73e-03	1.19e-04	2.34e-06	0.00e+00	0.00e+00	0.00e+00	0.00e+00	0.00e+00	0.00e+00
 2.11135e+22	8.13e-30	7.30e-24	4.21e-19	6.36e-15	1.87e-11	2.55e-08	1.99e-05	2.05e-03	3.24e-02	1.42e-01	2.58e-01	2.36e-01	1.57e-01	7.33e-02	2.75e-02	1.67e-02	3.87e-02	1.38e-02	2.23e-03	9.37e-05	1.78e-06	0.00e+00	0.00e+00	0.00e+00	0.00e+00	0.00e+00	0.00e+00
 2.16406e+22	1.13e-29	1.02e-23	5.67e-19	8.36e-15	2.40e-11	3.19e-08	2.43e-05	2.43e-03	3.67e-02	1.55e-01	2.69e-01	2.35e-01	1.50e-01	6.75e-02	2.46e-02	1.47e-02	3.27e-02	1.11e-02	1.71e-03	6.88e-05	1.26e-06	0.00e+00	0.00e+00	0.00e+00	0.00e+00	0.00e+00	0.00e+00
 2.21892e+22	1.56e-29	1.43e-23	7.69e-19	1.10e-14	3.10e-11	4.00e-08	2.98e-05	2.88e-03	4.15e-02	1.68e-01	2.79e-01	2.33e-01	1.42e-01	6.16e-02	2.18e-02	1.28e-02	2.73e-02	8.85e-03	1.30e-03	4.97e-05	8.69e-07	0.00e+00	0.00e+00	0.00e+00	0.00e+00	0.00e+00	0.00e+00
 2.26130e+22	1.98e-29	1.84e-23	9.64e-19	1.35e-14	3.74e-11	4.75e-08	3.47e-05	3.26e-03	4.55e-02	1.78e-01	2.86e-01	2.30e-01	1.36e-01	5.72e-02	1.98e-02	1.15e-02	2.37e-02	7.41e-03	1.05e-03	3.86e-05	6.56e-07	0.00e+00	0.00e+00	0.00e+00	0.00e+00	0.00e+00	0.00e+00
 2.29492e+22	2.38e-29	2.24e-23	1.15e-18	1.59e-14	4.34e-11	5.41e-08	3.90e-05	3.59e-03	4.87e-02	1.86e-01	2.91e-01	2.28e-01	1.31e-01	5.40e-02	1.84e-02	1.05e-02	2.13e-02	6.45e-03	8.87e-04	3.17e-05	5.26e-07	0.00e+00	0.00e+00	0.00e+00	0.00e+00	0.00e+00	0.00e+00
