#depth	Mg	Mg+	Mg+2	Mg+3	Mg+4	Mg+5	Mg+6	Mg+7	Mg+8	Mg+9	Mg+10	Mg+11	Mg+12
 6.17135e+19	0.00e+00	0.00e+00	0.00e+00	3.65e-29	5.07e-24	1.36e-19	9.31e-16	2.13e-12	2.28e-09	1.41e-06	2.01e-03	8.45e-02	9.13e-01
 1.87609e+20	0.00e+00	0.00e+00	0.00e+00	1.05e-28	1.29e-23	3.07e-19	1.87e-15	3.80e-12	3.59e-09	1.97e-06	2.50e-03	9.36e-02	9.04e-01
 2.90012e+20	0.00e+00	0.00e+00	0.00e+00	2.38e-28	2.65e-23	5.76e-19	3.21e-15	5.97e-12	5.12e-09	2.55e-06	2.96e-03	1.01e-01	8.96e-01
 3.58256e+20	0.00e+00	0.00e+00	0.00e+00	4.03e-28	4.21e-23	8.63e-19	4.55e-15	7.99e-12	6.43e-09	3.02e-06	3.30e-03	1.07e-01	8.90e-01
 4.06367e+20	0.00e+00	0.00e+00	0.00e+00	5.85e-28	5.86e-23	1.15e-18	5.83e-15	9.83e-12	7.56e-09	3.40e-06	3.56e-03	1.10e-01	8.86e-01
 4.40227e+20	0.00e+00	0.00e+00	0.00e+00	7.45e-28	7.25e-23	1.39e-18	6.84e-15	1.12e-11	8.39e-09	3.67e-06	3.74e-03	1.13e-01	8.83e-01
 4.76499e+20	0.00e+00	0.00e+00	0.00e+00	9.72e-28	9.16e-23	1.70e-18	8.16e-15	1.30e-11	9.41e-09	3.99e-06	3.95e-03	1.16e-01	8.80e-01
 5.23653e+20	0.00e+00	0.00e+00	0.00e+00	1.36e-27	1.24e-22	2.21e-18	1.02e-14	1.57e-11	1.09e-08	4.45e-06	4.23e-03	1.20e-01	8.76e-01
 5.75611e+20	0.00e+00	0.00e+00	0.00e+00	1.97e-27	1.71e-22	2.93e-18	1.30e-14	1.92e-11	1.28e-08	5.00e-06	4.56e-03	1.24e-01	8.72e-01
 6.23207e+20	0.00e+00	0.00e+00	0.00e+00	2.74e-27	2.29e-22	3.78e-18	1.62e-14	2.31e-11	1.48e-08	5.56e-06	4.88e-03	1.28e-01	8.67e-01
 6.74475e+20	0.00e+00	0.00e+00	0.00e+00	3.88e-27	3.11e-22	4.94e-18	2.05e-14	2.80e-11	1.72e-08	6.21e-06	5.24e-03	1.32e-01	8.63e-01
 7.31257e+20	0.00e+00	0.00e+00	0.00e+00	5.67e-27	4.34e-22	6.61e-18	2.63e-14	3.46e-11	2.02e-08	7.00e-06	5.67e-03	1.37e-01	8.58e-01
 7.83791e+20	0.00e+00	0.00e+00	0.00e+00	7.98e-27	5.88e-22	8.61e-18	3.30e-14	4.18e-11	2.35e-08	7.81e-06	6.08e-03	1.41e-01	8.53e-01
 8.40667e+20	0.00e+00	0.00e+00	0.00e+00	1.15e-26	8.09e-22	1.14e-17	4.20e-14	5.12e-11	2.75e-08	8.77e-06	6.54e-03	1.46e-01	8.47e-01
 9.00357e+20	0.00e+00	0.00e+00	0.00e+00	1.66e-26	1.12e-21	1.52e-17	5.38e-14	6.29e-11	3.24e-08	9.88e-06	7.06e-03	1.51e-01	8.42e-01
 9.51029e+20	0.00e+00	0.00e+00	0.00e+00	2.27e-26	1.48e-21	1.92e-17	6.61e-14	7.47e-11	3.70e-08	1.09e-05	7.52e-03	1.56e-01	8.37e-01
 1.00423e+21	0.00e+00	0.00e+00	0.00e+00	3.11e-26	1.96e-21	2.46e-17	8.17e-14	8.92e-11	4.25e-08	1.21e-05	8.02e-03	1.60e-01	8.32e-01
 1.07338e+21	0.00e+00	0.00e+00	1.27e-31	4.67e-26	2.80e-21	3.36e-17	1.07e-13	1.12e-10	5.07e-08	1.37e-05	8.71e-03	1.66e-01	8.25e-01
 1.14356e+21	0.00e+00	0.00e+00	1.99e-31	6.97e-26	3.99e-21	4.58e-17	1.40e-13	1.40e-10	6.05e-08	1.56e-05	9.45e-03	1.72e-01	8.18e-01
 1.20003e+21	0.00e+00	0.00e+00	2.83e-31	9.56e-26	5.27e-21	5.85e-17	1.72e-13	1.67e-10	6.94e-08	1.73e-05	1.01e-02	1.77e-01	8.13e-01
 1.25838e+21	0.00e+00	0.00e+00	4.04e-31	1.32e-25	6.99e-21	7.48e-17	2.13e-13	1.99e-10	7.98e-08	1.91e-05	1.08e-02	1.82e-01	8.07e-01
 1.33424e+21	0.00e+00	0.00e+00	6.37e-31	1.97e-25	1.00e-20	1.02e-16	2.79e-13	2.49e-10	9.52e-08	2.17e-05	1.17e-02	1.89e-01	7.99e-01
 1.40870e+21	0.00e+00	0.00e+00	9.84e-31	2.92e-25	1.41e-20	1.38e-16	3.62e-13	3.10e-10	1.13e-07	2.46e-05	1.26e-02	1.96e-01	7.92e-01
 1.46493e+21	0.00e+00	0.00e+00	1.36e-30	3.89e-25	1.82e-20	1.73e-16	4.39e-13	3.64e-10	1.28e-07	2.70e-05	1.34e-02	2.01e-01	7.86e-01
 1.52166e+21	0.00e+00	0.00e+00	1.87e-30	5.19e-25	2.35e-20	2.16e-16	5.32e-13	4.27e-10	1.45e-07	2.96e-05	1.42e-02	2.06e-01	7.80e-01
 1.59540e+21	0.00e+00	0.00e+00	2.80e-30	7.44e-25	3.24e-20	2.85e-16	6.77e-13	5.22e-10	1.70e-07	3.31e-05	1.52e-02	2.12e-01	7.73e-01
 1.67399e+21	0.00e+00	0.00e+00	4.28e-30	1.09e-24	4.53e-20	3.83e-16	8.72e-13	6.45e-10	2.01e-07	3.74e-05	1.64e-02	2.19e-01	7.64e-01
 1.74223e+21	0.00e+00	0.00e+00	6.15e-30	1.50e-24	6.03e-20	4.91e-16	1.08e-12	7.73e-10	2.31e-07	4.14e-05	1.75e-02	2.25e-01	7.57e-01
 1.81432e+21	0.00e+00	0.00e+00	8.93e-30	2.10e-24	8.11e-20	6.36e-16	1.35e-12	9.31e-10	2.67e-07	4.60e-05	1.87e-02	2.32e-01	7.50e-01
 1.89509e+21	0.00e+00	0.00e+00	1.35e-29	3.03e-24	1.12e-19	8.45e-16	1.73e-12	1.14e-09	3.13e-07	5.17e-05	2.01e-02	2.39e-01	7.41e-01
 1.97128e+21	0.00e+00	0.00e+00	1.97e-29	4.26e-24	1.52e-19	1.10e-15	2.17e-12	1.38e-09	3.63e-07	5.75e-05	2.15e-02	2.45e-01	7.33e-01
 2.05444e+21	0.00e+00	0.00e+00	2.95e-29	6.13e-24	2.09e-19	1.45e-15	2.76e-12	1.69e-09	4.25e-07	6.45e-05	2.31e-02	2.53e-01	7.24e-01
 2.14119e+21	0.00e+00	0.00e+00	4.47e-29	8.89e-24	2.90e-19	1.94e-15	3.54e-12	2.08e-09	5.00e-07	7.25e-05	2.49e-02	2.60e-01	7.15e-01
 2.21410e+21	0.00e+00	0.00e+00	6.29e-29	1.21e-23	3.81e-19	2.46e-15	4.34e-12	2.46e-09	5.71e-07	7.98e-05	2.64e-02	2.67e-01	7.07e-01
 2.29036e+21	0.00e+00	0.00e+00	8.93e-29	1.65e-23	5.03e-19	3.13e-15	5.35e-12	2.93e-09	6.55e-07	8.81e-05	2.81e-02	2.73e-01	6.99e-01
 2.38949e+21	0.00e+00	0.00e+00	1.40e-28	2.47e-23	7.17e-19	4.27e-15	6.99e-12	3.67e-09	7.79e-07	9.98e-05	3.03e-02	2.82e-01	6.88e-01
 2.49045e+21	0.00e+00	0.00e+00	2.19e-28	3.69e-23	1.02e-18	5.82e-15	9.13e-12	4.58e-09	9.27e-07	1.13e-04	3.28e-02	2.90e-01	6.77e-01
 2.57104e+21	0.00e+00	0.00e+00	3.10e-28	5.05e-23	1.35e-18	7.42e-15	1.13e-11	5.45e-09	1.06e-06	1.25e-04	3.48e-02	2.97e-01	6.68e-01
 2.65306e+21	0.00e+00	0.00e+00	4.40e-28	6.91e-23	1.78e-18	9.45e-15	1.39e-11	6.49e-09	1.22e-06	1.37e-04	3.69e-02	3.04e-01	6.59e-01
 2.75969e+21	0.00e+00	0.00e+00	6.88e-28	1.03e-22	2.54e-18	1.29e-14	1.81e-11	8.10e-09	1.45e-06	1.55e-04	3.98e-02	3.13e-01	6.47e-01
 2.86977e+21	0.00e+00	0.00e+00	1.08e-27	1.55e-22	3.64e-18	1.76e-14	2.37e-11	1.01e-08	1.72e-06	1.76e-04	4.30e-02	3.22e-01	6.35e-01
 2.96048e+21	0.00e+00	0.00e+00	1.56e-27	2.15e-22	4.86e-18	2.27e-14	2.95e-11	1.22e-08	1.99e-06	1.95e-04	4.57e-02	3.29e-01	6.25e-01
 3.03692e+21	0.00e+00	0.00e+00	2.12e-27	2.82e-22	6.19e-18	2.80e-14	3.54e-11	1.42e-08	2.23e-06	2.12e-04	4.81e-02	3.35e-01	6.16e-01
 3.11868e+21	0.00e+00	0.00e+00	2.92e-27	3.77e-22	7.99e-18	3.50e-14	4.30e-11	1.66e-08	2.53e-06	2.32e-04	5.07e-02	3.42e-01	6.07e-01
 3.22498e+21	0.00e+00	0.00e+00	4.38e-27	5.42e-22	1.10e-17	4.64e-14	5.47e-11	2.04e-08	2.96e-06	2.59e-04	5.42e-02	3.50e-01	5.96e-01
 3.33300e+21	0.00e+00	0.00e+00	6.61e-27	7.83e-22	1.53e-17	6.17e-14	7.00e-11	2.50e-08	3.47e-06	2.90e-04	5.80e-02	3.58e-01	5.84e-01
 3.41922e+21	0.00e+00	0.00e+00	9.12e-27	1.05e-21	1.97e-17	7.71e-14	8.48e-11	2.93e-08	3.93e-06	3.16e-04	6.11e-02	3.65e-01	5.74e-01
 3.50725e+21	0.00e+00	0.00e+00	1.26e-26	1.40e-21	2.55e-17	9.64e-14	1.03e-10	3.44e-08	4.45e-06	3.45e-04	6.44e-02	3.71e-01	5.64e-01
 3.60040e+21	0.00e+00	0.00e+00	1.77e-26	1.89e-21	3.34e-17	1.22e-13	1.26e-10	4.07e-08	5.07e-06	3.79e-04	6.80e-02	3.78e-01	5.54e-01
 3.68004e+21	0.00e+00	0.00e+00	2.36e-26	2.45e-21	4.20e-17	1.49e-13	1.50e-10	4.70e-08	5.66e-06	4.09e-04	7.12e-02	3.83e-01	5.45e-01
 3.76342e+21	0.00e+00	0.00e+00	3.17e-26	3.20e-21	5.31e-17	1.83e-13	1.79e-10	5.44e-08	6.34e-06	4.43e-04	7.46e-02	3.89e-01	5.36e-01
 3.85704e+21	0.00e+00	0.00e+00	4.39e-26	4.28e-21	6.87e-17	2.29e-13	2.17e-10	6.40e-08	7.19e-06	4.84e-04	7.85e-02	3.95e-01	5.26e-01
 3.94521e+21	0.00e+00	0.00e+00	5.96e-26	5.63e-21	8.76e-17	2.83e-13	2.61e-10	7.45e-08	8.08e-06	5.25e-04	8.24e-02	4.01e-01	5.16e-01
 4.02729e+21	0.00e+00	0.00e+00	7.89e-26	7.25e-21	1.10e-16	3.44e-13	3.08e-10	8.57e-08	9.00e-06	5.66e-04	8.61e-02	4.06e-01	5.07e-01
 4.10400e+21	0.00e+00	0.00e+00	1.02e-25	9.16e-21	1.35e-16	4.12e-13	3.61e-10	9.76e-08	9.95e-06	6.07e-04	8.96e-02	4.11e-01	4.99e-01
 4.17592e+21	0.00e+00	1.06e-31	1.30e-25	1.14e-20	1.63e-16	4.87e-13	4.16e-10	1.10e-07	1.09e-05	6.47e-04	9.30e-02	4.15e-01	4.91e-01
 4.25779e+21	0.00e+00	1.43e-31	1.71e-25	1.45e-20	2.03e-16	5.88e-13	4.90e-10	1.26e-07	1.21e-05	6.96e-04	9.69e-02	4.20e-01	4.82e-01
 4.34793e+21	0.00e+00	1.98e-31	2.30e-25	1.89e-20	2.56e-16	7.22e-13	5.86e-10	1.46e-07	1.36e-05	7.53e-04	1.01e-01	4.25e-01	4.73e-01
 4.43002e+21	0.00e+00	2.66e-31	3.01e-25	2.41e-20	3.17e-16	8.70e-13	6.88e-10	1.67e-07	1.50e-05	8.08e-04	1.06e-01	4.30e-01	4.64e-01
 4.50582e+21	0.00e+00	3.48e-31	3.85e-25	3.00e-20	3.86e-16	1.03e-12	7.98e-10	1.89e-07	1.65e-05	8.63e-04	1.10e-01	4.34e-01	4.56e-01
 4.59226e+21	0.00e+00	4.71e-31	5.06e-25	3.84e-20	4.80e-16	1.25e-12	9.41e-10	2.16e-07	1.84e-05	9.27e-04	1.14e-01	4.38e-01	4.47e-01
 4.68871e+21	0.00e+00	6.58e-31	6.87e-25	5.06e-20	6.13e-16	1.55e-12	1.13e-09	2.52e-07	2.06e-05	1.01e-03	1.19e-01	4.43e-01	4.36e-01
 4.77784e+21	0.00e+00	8.95e-31	9.09e-25	6.50e-20	7.66e-16	1.88e-12	1.34e-09	2.90e-07	2.30e-05	1.08e-03	1.24e-01	4.47e-01	4.27e-01
 4.85504e+21	0.00e+00	1.16e-30	1.16e-24	8.07e-20	9.28e-16	2.22e-12	1.55e-09	3.27e-07	2.52e-05	1.15e-03	1.29e-01	4.51e-01	4.19e-01
 4.93705e+21	0.00e+00	1.54e-30	1.49e-24	1.01e-19	1.14e-15	2.65e-12	1.80e-09	3.71e-07	2.78e-05	1.23e-03	1.34e-01	4.55e-01	4.10e-01
 5.02880e+21	0.00e+00	2.09e-30	1.97e-24	1.30e-19	1.42e-15	3.22e-12	2.13e-09	4.27e-07	3.09e-05	1.32e-03	1.39e-01	4.58e-01	4.01e-01
 5.11421e+21	0.00e+00	2.78e-30	2.55e-24	1.65e-19	1.75e-15	3.86e-12	2.50e-09	4.87e-07	3.42e-05	1.42e-03	1.44e-01	4.62e-01	3.92e-01
 5.19311e+21	0.00e+00	3.60e-30	3.24e-24	2.04e-19	2.11e-15	4.56e-12	2.88e-09	5.48e-07	3.75e-05	1.51e-03	1.49e-01	4.65e-01	3.84e-01
 5.28257e+21	0.00e+00	4.82e-30	4.23e-24	2.60e-19	2.62e-15	5.49e-12	3.39e-09	6.27e-07	4.15e-05	1.62e-03	1.55e-01	4.68e-01	3.75e-01
 5.38147e+21	0.00e+00	6.63e-30	5.66e-24	3.38e-19	3.31e-15	6.73e-12	4.05e-09	7.26e-07	4.65e-05	1.74e-03	1.62e-01	4.71e-01	3.66e-01
 5.47190e+21	0.00e+00	8.91e-30	7.43e-24	4.32e-19	4.12e-15	8.15e-12	4.78e-09	8.34e-07	5.16e-05	1.87e-03	1.68e-01	4.74e-01	3.56e-01
 5.55383e+21	0.00e+00	1.15e-29	9.38e-24	5.33e-19	4.97e-15	9.60e-12	5.50e-09	9.38e-07	5.65e-05	1.99e-03	1.73e-01	4.76e-01	3.48e-01
 5.64549e+21	0.00e+00	1.53e-29	1.22e-23	6.77e-19	6.14e-15	1.16e-11	6.47e-09	1.07e-06	6.26e-05	2.13e-03	1.80e-01	4.78e-01	3.40e-01
 5.74497e+21	0.00e+00	2.09e-29	1.63e-23	8.76e-19	7.73e-15	1.41e-11	7.70e-09	1.24e-06	6.99e-05	2.29e-03	1.87e-01	4.81e-01	3.30e-01
 5.83361e+21	0.00e+00	2.77e-29	2.11e-23	1.11e-18	9.53e-15	1.70e-11	9.03e-09	1.41e-06	7.73e-05	2.45e-03	1.93e-01	4.83e-01	3.21e-01
 5.91241e+21	0.00e+00	3.51e-29	2.62e-23	1.35e-18	1.14e-14	1.98e-11	1.03e-08	1.58e-06	8.41e-05	2.59e-03	1.99e-01	4.84e-01	3.14e-01
 5.99943e+21	0.00e+00	4.58e-29	3.34e-23	1.68e-18	1.38e-14	2.35e-11	1.20e-08	1.79e-06	9.24e-05	2.76e-03	2.06e-01	4.85e-01	3.06e-01
 6.11256e+21	0.00e+00	6.43e-29	4.57e-23	2.23e-18	1.78e-14	2.93e-11	1.45e-08	2.10e-06	1.04e-04	2.99e-03	2.14e-01	4.87e-01	2.96e-01
 6.22539e+21	0.00e+00	9.01e-29	6.24e-23	2.97e-18	2.30e-14	3.66e-11	1.76e-08	2.47e-06	1.18e-04	3.24e-03	2.23e-01	4.88e-01	2.85e-01
 6.31157e+21	0.00e+00	1.16e-28	7.91e-23	3.68e-18	2.79e-14	4.34e-11	2.04e-08	2.79e-06	1.30e-04	3.44e-03	2.30e-01	4.89e-01	2.78e-01
 6.39733e+21	0.00e+00	1.49e-28	9.97e-23	4.54e-18	3.36e-14	5.11e-11	2.36e-08	3.14e-06	1.42e-04	3.65e-03	2.37e-01	4.89e-01	2.70e-01
 6.50883e+21	0.00e+00	2.06e-28	1.34e-22	5.95e-18	4.29e-14	6.33e-11	2.84e-08	3.66e-06	1.60e-04	3.94e-03	2.46e-01	4.89e-01	2.60e-01
 6.62325e+21	0.00e+00	2.86e-28	1.82e-22	7.86e-18	5.51e-14	7.88e-11	3.43e-08	4.29e-06	1.80e-04	4.26e-03	2.56e-01	4.89e-01	2.51e-01
 6.71581e+21	0.00e+00	3.73e-28	2.33e-22	9.86e-18	6.75e-14	9.41e-11	4.01e-08	4.88e-06	1.99e-04	4.54e-03	2.64e-01	4.89e-01	2.43e-01
 6.81047e+21	0.00e+00	4.83e-28	2.97e-22	1.23e-17	8.23e-14	1.12e-10	4.67e-08	5.54e-06	2.19e-04	4.83e-03	2.72e-01	4.88e-01	2.35e-01
 6.93351e+21	0.00e+00	6.75e-28	4.06e-22	1.64e-17	1.07e-13	1.41e-10	5.69e-08	6.53e-06	2.48e-04	5.24e-03	2.82e-01	4.87e-01	2.25e-01
 7.05803e+21	0.00e+00	9.45e-28	5.57e-22	2.19e-17	1.38e-13	1.77e-10	6.95e-08	7.71e-06	2.81e-04	5.68e-03	2.93e-01	4.85e-01	2.16e-01
 7.15570e+21	0.00e+00	1.23e-27	7.14e-22	2.75e-17	1.70e-13	2.12e-10	8.14e-08	8.79e-06	3.11e-04	6.05e-03	3.02e-01	4.84e-01	2.08e-01
 7.25393e+21	0.00e+00	1.58e-27	9.03e-22	3.42e-17	2.07e-13	2.51e-10	9.45e-08	9.96e-06	3.42e-04	6.43e-03	3.11e-01	4.82e-01	2.01e-01
 7.38163e+21	0.00e+00	2.18e-27	1.23e-21	4.53e-17	2.67e-13	3.15e-10	1.15e-07	1.17e-05	3.87e-04	6.96e-03	3.22e-01	4.79e-01	1.92e-01
 7.51467e+21	0.00e+00	3.04e-27	1.68e-21	6.06e-17	3.48e-13	3.96e-10	1.41e-07	1.39e-05	4.40e-04	7.54e-03	3.34e-01	4.76e-01	1.82e-01
 7.62013e+21	0.00e+00	3.93e-27	2.14e-21	7.60e-17	4.28e-13	4.75e-10	1.65e-07	1.58e-05	4.87e-04	8.03e-03	3.43e-01	4.73e-01	1.75e-01
 7.70704e+21	0.00e+00	4.84e-27	2.61e-21	9.12e-17	5.05e-13	5.49e-10	1.87e-07	1.76e-05	5.27e-04	8.45e-03	3.51e-01	4.70e-01	1.70e-01
 7.80437e+21	0.00e+00	6.06e-27	3.24e-21	1.11e-16	6.06e-13	6.45e-10	2.15e-07	1.97e-05	5.76e-04	8.94e-03	3.60e-01	4.67e-01	1.64e-01
 7.93090e+21	0.00e+00	8.07e-27	4.26e-21	1.44e-16	7.65e-13	7.90e-10	2.57e-07	2.28e-05	6.45e-04	9.60e-03	3.71e-01	4.63e-01	1.56e-01
 8.06247e+21	0.00e+00	1.08e-26	5.63e-21	1.87e-16	9.70e-13	9.74e-10	3.08e-07	2.66e-05	7.24e-04	1.03e-02	3.82e-01	4.58e-01	1.48e-01
 8.17204e+21	0.00e+00	1.37e-26	7.06e-21	2.31e-16	1.18e-12	1.15e-09	3.57e-07	3.00e-05	7.95e-04	1.09e-02	3.92e-01	4.54e-01	1.42e-01
 8.28593e+21	0.00e+00	1.73e-26	8.87e-21	2.86e-16	1.43e-12	1.37e-09	4.14e-07	3.40e-05	8.74e-04	1.16e-02	4.01e-01	4.50e-01	1.36e-01
 8.43398e+21	1.32e-31	2.33e-26	1.18e-20	3.74e-16	1.83e-12	1.70e-09	5.00e-07	3.98e-05	9.86e-04	1.25e-02	4.13e-01	4.44e-01	1.29e-01
 8.58487e+21	1.88e-31	3.13e-26	1.58e-20	4.90e-16	2.35e-12	2.11e-09	6.03e-07	4.64e-05	1.11e-03	1.35e-02	4.26e-01	4.38e-01	1.22e-01
 8.70665e+21	2.48e-31	3.94e-26	1.97e-20	6.05e-16	2.85e-12	2.50e-09	6.99e-07	5.25e-05	1.22e-03	1.43e-02	4.35e-01	4.33e-01	1.16e-01
 8.83216e+21	3.26e-31	4.96e-26	2.46e-20	7.46e-16	3.45e-12	2.96e-09	8.09e-07	5.92e-05	1.34e-03	1.51e-02	4.45e-01	4.27e-01	1.11e-01
 8.99532e+21	4.60e-31	6.61e-26	3.26e-20	9.73e-16	4.40e-12	3.66e-09	9.73e-07	6.90e-05	1.50e-03	1.62e-02	4.57e-01	4.20e-01	1.05e-01
 9.16405e+21	6.51e-31	8.82e-26	4.33e-20	1.27e-15	5.62e-12	4.53e-09	1.17e-06	8.05e-05	1.69e-03	1.75e-02	4.70e-01	4.13e-01	9.84e-02
 9.30376e+21	8.60e-31	1.11e-25	5.43e-20	1.57e-15	6.85e-12	5.39e-09	1.36e-06	9.11e-05	1.86e-03	1.85e-02	4.80e-01	4.06e-01	9.35e-02
 9.42721e+21	1.09e-30	1.35e-25	6.60e-20	1.90e-15	8.13e-12	6.26e-09	1.55e-06	1.01e-04	2.02e-03	1.95e-02	4.88e-01	4.01e-01	8.94e-02
 9.56575e+21	1.41e-30	1.68e-25	8.14e-20	2.31e-15	9.74e-12	7.33e-09	1.78e-06	1.14e-04	2.20e-03	2.05e-02	4.97e-01	3.95e-01	8.51e-02
 9.72096e+21	1.87e-30	2.12e-25	1.02e-19	2.88e-15	1.19e-11	8.74e-09	2.07e-06	1.29e-04	2.42e-03	2.18e-02	5.07e-01	3.88e-01	8.06e-02
 9.86524e+21	2.42e-30	2.61e-25	1.26e-19	3.51e-15	1.43e-11	1.03e-08	2.37e-06	1.44e-04	2.64e-03	2.30e-02	5.16e-01	3.81e-01	7.66e-02
 9.99873e+21	3.04e-30	3.16e-25	1.52e-19	4.19e-15	1.69e-11	1.18e-08	2.69e-06	1.60e-04	2.85e-03	2.41e-02	5.24e-01	3.75e-01	7.31e-02
 1.01508e+22	3.91e-30	3.90e-25	1.87e-19	5.11e-15	2.02e-11	1.39e-08	3.08e-06	1.79e-04	3.11e-03	2.54e-02	5.33e-01	3.69e-01	6.94e-02
 1.03219e+22	5.17e-30	4.90e-25	2.35e-19	6.34e-15	2.47e-11	1.65e-08	3.58e-06	2.02e-04	3.42e-03	2.69e-02	5.43e-01	3.61e-01	6.54e-02
 1.04834e+22	6.67e-30	6.05e-25	2.90e-19	7.74e-15	2.96e-11	1.94e-08	4.11e-06	2.26e-04	3.73e-03	2.83e-02	5.52e-01	3.54e-01	6.20e-02
 1.06354e+22	8.42e-30	7.33e-25	3.51e-19	9.29e-15	3.51e-11	2.24e-08	4.66e-06	2.51e-04	4.03e-03	2.97e-02	5.60e-01	3.48e-01	5.89e-02
 1.08091e+22	1.09e-29	9.07e-25	4.34e-19	1.14e-14	4.22e-11	2.64e-08	5.36e-06	2.82e-04	4.40e-03	3.13e-02	5.68e-01	3.40e-01	5.56e-02
 1.09906e+22	1.42e-29	1.13e-24	5.40e-19	1.40e-14	5.11e-11	3.11e-08	6.18e-06	3.16e-04	4.80e-03	3.30e-02	5.77e-01	3.33e-01	5.24e-02
 1.11430e+22	1.76e-29	1.35e-24	6.45e-19	1.66e-14	5.97e-11	3.57e-08	6.94e-06	3.48e-04	5.16e-03	3.45e-02	5.84e-01	3.27e-01	4.99e-02
 1.13018e+22	2.19e-29	1.62e-24	7.72e-19	1.97e-14	6.99e-11	4.09e-08	7.81e-06	3.83e-04	5.55e-03	3.60e-02	5.90e-01	3.20e-01	4.74e-02
 1.15082e+22	2.88e-29	2.03e-24	9.69e-19	2.44e-14	8.53e-11	4.87e-08	9.06e-06	4.33e-04	6.08e-03	3.80e-02	5.99e-01	3.12e-01	4.44e-02
 1.17187e+22	3.80e-29	2.55e-24	1.22e-18	3.03e-14	1.04e-10	5.79e-08	1.05e-05	4.88e-04	6.66e-03	4.01e-02	6.07e-01	3.04e-01	4.16e-02
 1.18888e+22	4.72e-29	3.05e-24	1.46e-18	3.60e-14	1.22e-10	6.65e-08	1.18e-05	5.38e-04	7.17e-03	4.19e-02	6.14e-01	2.97e-01	3.94e-02
 1.20641e+22	5.86e-29	3.66e-24	1.74e-18	4.27e-14	1.42e-10	7.60e-08	1.33e-05	5.90e-04	7.68e-03	4.37e-02	6.19e-01	2.91e-01	3.74e-02
 1.22919e+22	7.71e-29	4.59e-24	2.19e-18	5.30e-14	1.74e-10	9.03e-08	1.54e-05	6.65e-04	8.40e-03	4.60e-02	6.27e-01	2.83e-01	3.50e-02
 1.25297e+22	1.02e-28	5.81e-24	2.76e-18	6.61e-14	2.13e-10	1.08e-07	1.78e-05	7.50e-04	9.20e-03	4.85e-02	6.34e-01	2.75e-01	3.26e-02
 1.27297e+22	1.29e-28	7.03e-24	3.34e-18	7.93e-14	2.51e-10	1.25e-07	2.02e-05	8.30e-04	9.91e-03	5.07e-02	6.40e-01	2.68e-01	3.07e-02
 1.29391e+22	1.63e-28	8.57e-24	4.06e-18	9.53e-14	2.97e-10	1.44e-07	2.28e-05	9.16e-04	1.07e-02	5.29e-02	6.45e-01	2.61e-01	2.90e-02
 1.32114e+22	2.19e-28	1.10e-23	5.19e-18	1.20e-13	3.68e-10	1.73e-07	2.67e-05	1.04e-03	1.17e-02	5.59e-02	6.52e-01	2.53e-01	2.68e-02
 1.34772e+22	2.91e-28	1.40e-23	6.57e-18	1.51e-13	4.51e-10	2.07e-07	3.10e-05	1.17e-03	1.28e-02	5.88e-02	6.58e-01	2.44e-01	2.49e-02
 1.36757e+22	3.58e-28	1.67e-23	7.82e-18	1.77e-13	5.24e-10	2.35e-07	3.46e-05	1.28e-03	1.36e-02	6.10e-02	6.62e-01	2.39e-01	2.36e-02
 1.38750e+22	4.39e-28	1.97e-23	9.25e-18	2.08e-13	6.06e-10	2.67e-07	3.84e-05	1.39e-03	1.45e-02	6.32e-02	6.66e-01	2.33e-01	2.23e-02
 1.41340e+22	5.70e-28	2.47e-23	1.15e-17	2.55e-13	7.27e-10	3.12e-07	4.39e-05	1.54e-03	1.57e-02	6.60e-02	6.70e-01	2.26e-01	2.09e-02
 1.44187e+22	7.52e-28	3.12e-23	1.45e-17	3.17e-13	8.88e-10	3.71e-07	5.08e-05	1.74e-03	1.71e-02	6.93e-02	6.74e-01	2.18e-01	1.94e-02
 1.46752e+22	9.62e-28	3.85e-23	1.78e-17	3.84e-13	1.06e-09	4.32e-07	5.76e-05	1.92e-03	1.84e-02	7.22e-02	6.78e-01	2.12e-01	1.81e-02
 1.49473e+22	1.24e-27	4.80e-23	2.20e-17	4.69e-13	1.27e-09	5.04e-07	6.55e-05	2.12e-03	1.98e-02	7.52e-02	6.81e-01	2.05e-01	1.69e-02
 1.53010e+22	1.71e-27	6.31e-23	2.87e-17	6.03e-13	1.59e-09	6.13e-07	7.72e-05	2.42e-03	2.17e-02	7.93e-02	6.84e-01	1.97e-01	1.55e-02
 1.56626e+22	2.37e-27	8.34e-23	3.77e-17	7.77e-13	2.00e-09	7.47e-07	9.10e-05	2.76e-03	2.38e-02	8.34e-02	6.87e-01	1.88e-01	1.42e-02
 1.59420e+22	3.02e-27	1.03e-22	4.61e-17	9.40e-13	2.38e-09	8.66e-07	1.03e-04	3.04e-03	2.56e-02	8.67e-02	6.89e-01	1.82e-01	1.32e-02
 1.62124e+22	3.80e-27	1.26e-22	5.60e-17	1.12e-12	2.79e-09	9.94e-07	1.15e-04	3.32e-03	2.72e-02	8.97e-02	6.90e-01	1.77e-01	1.24e-02
 1.65640e+22	5.10e-27	1.63e-22	7.16e-17	1.41e-12	3.43e-09	1.18e-06	1.33e-04	3.72e-03	2.95e-02	9.37e-02	6.92e-01	1.70e-01	1.15e-02
 1.69390e+22	6.90e-27	2.11e-22	9.23e-17	1.79e-12	4.25e-09	1.43e-06	1.56e-04	4.20e-03	3.22e-02	9.81e-02	6.92e-01	1.62e-01	1.05e-02
 1.72529e+22	8.85e-27	2.63e-22	1.14e-16	2.18e-12	5.07e-09	1.66e-06	1.76e-04	4.63e-03	3.45e-02	1.02e-01	6.93e-01	1.57e-01	9.75e-03
 1.75270e+22	1.09e-26	3.17e-22	1.36e-16	2.58e-12	5.89e-09	1.88e-06	1.96e-04	5.02e-03	3.65e-02	1.05e-01	6.92e-01	1.52e-01	9.17e-03
 1.78407e+22	1.39e-26	3.90e-22	1.67e-16	3.10e-12	6.96e-09	2.17e-06	2.20e-04	5.51e-03	3.89e-02	1.08e-01	6.92e-01	1.47e-01	8.55e-03
 1.82484e+22	1.88e-26	5.11e-22	2.15e-16	3.93e-12	8.59e-09	2.60e-06	2.55e-04	6.17e-03	4.21e-02	1.13e-01	6.90e-01	1.40e-01	7.83e-03
 1.86711e+22	2.54e-26	6.66e-22	2.78e-16	5.00e-12	1.07e-08	3.13e-06	2.98e-04	6.95e-03	4.58e-02	1.18e-01	6.88e-01	1.33e-01	7.12e-03
 1.90176e+22	3.24e-26	8.27e-22	3.42e-16	6.06e-12	1.27e-08	3.63e-06	3.36e-04	7.63e-03	4.88e-02	1.22e-01	6.86e-01	1.28e-01	6.60e-03
 1.93727e+22	4.12e-26	1.02e-21	4.20e-16	7.33e-12	1.50e-08	4.20e-06	3.79e-04	8.37e-03	5.21e-02	1.26e-01	6.84e-01	1.23e-01	6.12e-03
 1.98342e+22	5.60e-26	1.35e-21	5.46e-16	9.34e-12	1.87e-08	5.04e-06	4.40e-04	9.39e-03	5.63e-02	1.31e-01	6.80e-01	1.17e-01	5.57e-03
 2.03135e+22	7.59e-26	1.77e-21	7.09e-16	1.19e-11	2.33e-08	6.09e-06	5.14e-04	1.06e-02	6.12e-02	1.36e-01	6.75e-01	1.11e-01	5.02e-03
 2.07081e+22	9.69e-26	2.21e-21	8.76e-16	1.45e-11	2.78e-08	7.08e-06	5.81e-04	1.16e-02	6.53e-02	1.41e-01	6.71e-01	1.06e-01	4.62e-03
 2.11135e+22	1.24e-25	2.75e-21	1.08e-15	1.77e-11	3.31e-08	8.23e-06	6.56e-04	1.28e-02	6.96e-02	1.45e-01	6.66e-01	1.01e-01	4.25e-03
 2.16406e+22	1.68e-25	3.63e-21	1.41e-15	2.26e-11	4.14e-08	9.93e-06	7.65e-04	1.43e-02	7.53e-02	1.51e-01	6.60e-01	9.56e-02	3.82e-03
 2.21892e+22	2.28e-25	4.82e-21	1.85e-15	2.91e-11	5.19e-08	1.20e-05	8.95e-04	1.62e-02	8.16e-02	1.56e-01	6.52e-01	8.98e-02	3.42e-03
 2.26130e+22	2.87e-25	5.95e-21	2.26e-15	3.52e-11	6.15e-08	1.39e-05	1.01e-03	1.77e-02	8.67e-02	1.61e-01	6.45e-01	8.56e-02	3.13e-03
 2.29492e+22	3.42e-25	7.02e-21	2.65e-15	4.08e-11	7.03e-08	1.56e-05	1.10e-03	1.90e-02	9.08e-02	1.64e-01	6.40e-01	8.24e-02	2.93e-03
 2.33240e+22	4.15e-25	8.37e-21	3.13e-15	4.78e-11	8.10e-08	1.76e-05	1.22e-03	2.04e-02	9.54e-02	1.68e-01	6.34e-01	7.90e-02	2.72e-03
 2.38114e+22	5.29e-25	1.05e-20	3.89e-15	5.84e-11	9.70e-08	2.05e-05	1.38e-03	2.24e-02	1.01e-01	1.72e-01	6.25e-01	7.49e-02	2.48e-03
 2.43395e+22	6.77e-25	1.32e-20	4.85e-15	7.22e-11	1.17e-07	2.41e-05	1.57e-03	2.48e-02	1.08e-01	1.77e-01	6.15e-01	7.04e-02	2.22e-03
 2.48044e+22	8.38e-25	1.62e-20	5.89e-15	8.66e-11	1.39e-07	2.78e-05	1.76e-03	2.69e-02	1.15e-01	1.82e-01	6.06e-01	6.67e-02	2.03e-03
 2.52926e+22	1.04e-24	1.99e-20	7.18e-15	1.04e-10	1.64e-07	3.20e-05	1.97e-03	2.93e-02	1.21e-01	1.86e-01	5.97e-01	6.32e-02	1.85e-03
 2.59273e+22	1.36e-24	2.55e-20	9.12e-15	1.31e-10	2.01e-07	3.82e-05	2.27e-03	3.26e-02	1.30e-01	1.91e-01	5.84e-01	5.87e-02	1.63e-03
 2.65662e+22	1.77e-24	3.28e-20	1.16e-14	1.65e-10	2.48e-07	4.56e-05	2.62e-03	3.62e-02	1.39e-01	1.96e-01	5.70e-01	5.45e-02	1.44e-03
 2.70698e+22	2.14e-24	3.97e-20	1.39e-14	1.96e-10	2.90e-07	5.21e-05	2.91e-03	3.92e-02	1.46e-01	2.00e-01	5.59e-01	5.14e-02	1.30e-03
 2.75837e+22	2.59e-24	4.77e-20	1.66e-14	2.32e-10	3.39e-07	5.94e-05	3.23e-03	4.24e-02	1.53e-01	2.03e-01	5.48e-01	4.84e-02	1.18e-03
 2.82518e+22	3.30e-24	6.02e-20	2.07e-14	2.87e-10	4.11e-07	7.00e-05	3.69e-03	4.67e-02	1.63e-01	2.08e-01	5.33e-01	4.48e-02	1.04e-03
 2.89603e+22	4.20e-24	7.69e-20	2.62e-14	3.59e-10	5.04e-07	8.32e-05	4.22e-03	5.15e-02	1.73e-01	2.12e-01	5.17e-01	4.12e-02	9.09e-04
 2.95670e+22	5.01e-24	9.37e-20	3.16e-14	4.30e-10	5.96e-07	9.60e-05	4.73e-03	5.59e-02	1.82e-01	2.15e-01	5.02e-01	3.83e-02	8.08e-04
 3.02011e+22	6.14e-24	1.15e-19	3.82e-14	5.17e-10	7.04e-07	1.11e-04	5.28e-03	6.06e-02	1.91e-01	2.18e-01	4.88e-01	3.56e-02	7.18e-04
 3.10255e+22	7.86e-24	1.47e-19	4.82e-14	6.48e-10	8.67e-07	1.32e-04	6.06e-03	6.69e-02	2.03e-01	2.22e-01	4.69e-01	3.23e-02	6.15e-04
 3.18642e+22	9.98e-24	1.89e-19	6.11e-14	8.15e-10	1.07e-06	1.58e-04	6.96e-03	7.38e-02	2.15e-01	2.25e-01	4.49e-01	2.91e-02	5.24e-04
 3.24934e+22	1.18e-23	2.27e-19	7.22e-14	9.61e-10	1.25e-06	1.80e-04	7.70e-03	7.92e-02	2.24e-01	2.27e-01	4.34e-01	2.69e-02	4.63e-04
 3.29990e+22	1.35e-23	2.63e-19	8.28e-14	1.10e-09	1.40e-06	1.98e-04	8.31e-03	8.35e-02	2.31e-01	2.29e-01	4.23e-01	2.54e-02	4.22e-04
 3.35724e+22	1.57e-23	3.08e-19	9.56e-14	1.26e-09	1.60e-06	2.21e-04	9.03e-03	8.85e-02	2.39e-01	2.30e-01	4.10e-01	2.37e-02	3.80e-04
 3.43178e+22	1.90e-23	3.77e-19	1.15e-13	1.50e-09	1.88e-06	2.54e-04	1.00e-02	9.50e-02	2.48e-01	2.31e-01	3.93e-01	2.17e-02	3.31e-04
 3.51340e+22	2.32e-23	4.70e-19	1.40e-13	1.82e-09	2.24e-06	2.94e-04	1.12e-02	1.03e-01	2.59e-01	2.32e-01	3.75e-01	1.96e-02	2.85e-04
 3.58559e+22	2.74e-23	5.71e-19	1.66e-13	2.15e-09	2.61e-06	3.35e-04	1.23e-02	1.09e-01	2.68e-01	2.33e-01	3.59e-01	1.79e-02	2.49e-04
 3.65017e+22	3.17e-23	6.74e-19	1.92e-13	2.48e-09	2.98e-06	3.74e-04	1.34e-02	1.15e-01	2.76e-01	2.33e-01	3.46e-01	1.66e-02	2.21e-04
 3.72351e+22	3.78e-23	8.18e-19	2.27e-13	2.91e-09	3.45e-06	4.22e-04	1.46e-02	1.22e-01	2.84e-01	2.32e-01	3.31e-01	1.52e-02	1.94e-04
 3.81885e+22	4.70e-23	1.05e-18	2.81e-13	3.56e-09	4.14e-06	4.91e-04	1.64e-02	1.31e-01	2.94e-01	2.32e-01	3.13e-01	1.36e-02	1.64e-04
 3.91703e+22	5.81e-23	1.35e-18	3.50e-13	4.39e-09	5.00e-06	5.73e-04	1.83e-02	1.41e-01	3.04e-01	2.30e-01	2.94e-01	1.20e-02	1.37e-04
 3.99643e+22	6.85e-23	1.67e-18	4.17e-13	5.19e-09	5.80e-06	6.48e-04	2.00e-02	1.49e-01	3.11e-01	2.29e-01	2.80e-01	1.09e-02	1.19e-04
 4.07715e+22	8.17e-23	2.05e-18	4.96e-13	6.09e-09	6.69e-06	7.29e-04	2.17e-02	1.57e-01	3.18e-01	2.27e-01	2.66e-01	9.96e-03	1.04e-04
 4.18208e+22	1.02e-22	2.67e-18	6.18e-13	7.47e-09	8.02e-06	8.44e-04	2.41e-02	1.67e-01	3.26e-01	2.24e-01	2.49e-01	8.83e-03	8.72e-05
 4.29272e+22	1.28e-22	3.57e-18	7.86e-13	9.30e-09	9.72e-06	9.86e-04	2.69e-02	1.77e-01	3.34e-01	2.21e-01	2.32e-01	7.75e-03	7.22e-05
 4.38620e+22	1.53e-22	4.56e-18	9.62e-13	1.12e-08	1.14e-05	1.12e-03	2.94e-02	1.87e-01	3.40e-01	2.18e-01	2.18e-01	6.95e-03	6.17e-05
 4.48316e+22	1.86e-22	5.81e-18	1.17e-12	1.34e-08	1.33e-05	1.27e-03	3.20e-02	1.96e-01	3.45e-01	2.14e-01	2.06e-01	6.24e-03	5.29e-05
 4.60922e+22	2.38e-22	7.93e-18	1.52e-12	1.68e-08	1.62e-05	1.48e-03	3.55e-02	2.07e-01	3.51e-01	2.10e-01	1.90e-01	5.43e-03	4.34e-05
 4.74140e+22	3.01e-22	1.11e-17	2.00e-12	2.14e-08	1.99e-05	1.74e-03	3.96e-02	2.19e-01	3.56e-01	2.04e-01	1.74e-01	4.68e-03	3.52e-05
 4.84902e+22	3.58e-22	1.46e-17	2.51e-12	2.61e-08	2.34e-05	1.98e-03	4.32e-02	2.29e-01	3.60e-01	1.99e-01	1.62e-01	4.15e-03	2.97e-05
 4.93498e+22	4.13e-22	1.81e-17	2.99e-12	3.04e-08	2.66e-05	2.19e-03	4.62e-02	2.37e-01	3.62e-01	1.96e-01	1.54e-01	3.78e-03	2.60e-05
 5.02532e+22	4.82e-22	2.25e-17	3.57e-12	3.54e-08	3.02e-05	2.41e-03	4.92e-02	2.44e-01	3.64e-01	1.92e-01	1.45e-01	3.44e-03	2.28e-05
 5.14277e+22	5.83e-22	2.95e-17	4.46e-12	4.29e-08	3.54e-05	2.72e-03	5.33e-02	2.54e-01	3.66e-01	1.86e-01	1.35e-01	3.05e-03	1.93e-05
 5.26993e+22	7.10e-22	4.00e-17	5.72e-12	5.30e-08	4.21e-05	3.11e-03	5.81e-02	2.64e-01	3.67e-01	1.81e-01	1.25e-01	2.67e-03	1.60e-05
 5.38198e+22	8.24e-22	5.21e-17	7.11e-12	6.38e-08	4.89e-05	3.49e-03	6.25e-02	2.73e-01	3.67e-01	1.75e-01	1.16e-01	2.38e-03	1.36e-05
 5.48361e+22	9.63e-22	6.54e-17	8.58e-12	7.47e-08	5.56e-05	3.84e-03	6.65e-02	2.80e-01	3.67e-01	1.71e-01	1.09e-01	2.15e-03	1.19e-05
 5.59947e+22	1.11e-21	8.42e-17	1.06e-11	8.89e-08	6.39e-05	4.27e-03	7.12e-02	2.89e-01	3.67e-01	1.66e-01	1.02e-01	1.93e-03	1.02e-05
 5.75009e+22	1.38e-21	1.16e-16	1.37e-11	1.11e-07	7.62e-05	4.88e-03	7.73e-02	2.99e-01	3.65e-01	1.59e-01	9.31e-02	1.67e-03	8.40e-06
 5.90678e+22	1.70e-21	1.62e-16	1.81e-11	1.40e-07	9.17e-05	5.60e-03	8.43e-02	3.09e-01	3.63e-01	1.52e-01	8.46e-02	1.44e-03	6.83e-06
 6.03549e+22	1.97e-21	2.14e-16	2.27e-11	1.69e-07	1.06e-04	6.25e-03	9.02e-02	3.17e-01	3.61e-01	1.46e-01	7.81e-02	1.27e-03	5.76e-06
 6.16696e+22	2.35e-21	2.75e-16	2.79e-11	2.00e-07	1.22e-04	6.91e-03	9.60e-02	3.24e-01	3.58e-01	1.41e-01	7.25e-02	1.13e-03	4.93e-06
 6.33785e+22	2.93e-21	3.79e-16	3.64e-11	2.50e-07	1.45e-04	7.84e-03	1.04e-01	3.33e-01	3.54e-01	1.34e-01	6.59e-02	9.74e-04	4.04e-06
 6.51935e+22	3.71e-21	5.37e-16	4.85e-11	3.16e-07	1.74e-04	8.97e-03	1.12e-01	3.42e-01	3.49e-01	1.27e-01	5.93e-02	8.28e-04	3.25e-06
 6.67395e+22	4.46e-21	7.20e-16	6.18e-11	3.86e-07	2.03e-04	1.00e-02	1.20e-01	3.50e-01	3.44e-01	1.21e-01	5.42e-02	7.22e-04	2.70e-06
 6.83428e+22	5.44e-21	9.42e-16	7.71e-11	4.62e-07	2.33e-04	1.11e-02	1.28e-01	3.56e-01	3.39e-01	1.16e-01	4.97e-02	6.35e-04	2.28e-06
 7.04270e+22	7.07e-21	1.32e-15	1.02e-10	5.82e-07	2.79e-04	1.26e-02	1.37e-01	3.64e-01	3.32e-01	1.09e-01	4.46e-02	5.39e-04	1.83e-06
 7.26389e+22	9.30e-21	1.92e-15	1.38e-10	7.46e-07	3.37e-04	1.45e-02	1.49e-01	3.71e-01	3.24e-01	1.02e-01	3.95e-02	4.50e-04	1.44e-06
 7.45185e+22	1.16e-20	2.61e-15	1.78e-10	9.16e-07	3.94e-04	1.62e-02	1.58e-01	3.76e-01	3.17e-01	9.57e-02	3.57e-02	3.86e-04	1.18e-06
 7.64639e+22	1.45e-20	3.44e-15	2.24e-10	1.10e-06	4.54e-04	1.79e-02	1.68e-01	3.81e-01	3.10e-01	9.05e-02	3.24e-02	3.36e-04	9.77e-07
 7.89930e+22	1.93e-20	4.87e-15	2.99e-10	1.39e-06	5.41e-04	2.02e-02	1.79e-01	3.86e-01	3.01e-01	8.41e-02	2.87e-02	2.81e-04	7.74e-07
 8.17426e+22	2.63e-20	7.17e-15	4.10e-10	1.80e-06	6.56e-04	2.32e-02	1.93e-01	3.90e-01	2.90e-01	7.74e-02	2.50e-02	2.30e-04	5.95e-07
 8.39183e+22	3.33e-20	9.70e-15	5.26e-10	2.20e-06	7.63e-04	2.57e-02	2.04e-01	3.93e-01	2.81e-01	7.23e-02	2.24e-02	1.96e-04	4.83e-07
 8.55138e+22	3.93e-20	1.20e-14	6.25e-10	2.52e-06	8.46e-04	2.76e-02	2.12e-01	3.95e-01	2.75e-01	6.89e-02	2.07e-02	1.75e-04	4.18e-07
 8.72162e+22	4.71e-20	1.47e-14	7.39e-10	2.89e-06	9.35e-04	2.96e-02	2.20e-01	3.96e-01	2.69e-01	6.56e-02	1.92e-02	1.57e-04	3.62e-07
 8.94292e+22	5.80e-20	1.88e-14	9.05e-10	3.39e-06	1.06e-03	3.22e-02	2.30e-01	3.97e-01	2.61e-01	6.17e-02	1.75e-02	1.37e-04	3.04e-07
 9.23062e+22	7.62e-20	2.57e-14	1.17e-09	4.17e-06	1.23e-03	3.57e-02	2.42e-01	3.97e-01	2.51e-01	5.71e-02	1.55e-02	1.15e-04	2.42e-07
 9.53235e+22	1.01e-19	3.60e-14	1.54e-09	5.20e-06	1.45e-03	3.99e-02	2.56e-01	3.97e-01	2.40e-01	5.23e-02	1.35e-02	9.54e-05	1.90e-07
 9.78116e+22	1.26e-19	4.70e-14	1.92e-09	6.19e-06	1.64e-03	4.35e-02	2.67e-01	3.96e-01	2.31e-01	4.87e-02	1.21e-02	8.20e-05	1.56e-07
 1.00335e+23	1.56e-19	5.96e-14	2.33e-09	7.22e-06	1.84e-03	4.69e-02	2.77e-01	3.94e-01	2.24e-01	4.56e-02	1.10e-02	7.14e-05	1.31e-07
 1.03615e+23	2.00e-19	7.96e-14	2.96e-09	8.70e-06	2.11e-03	5.14e-02	2.89e-01	3.92e-01	2.14e-01	4.20e-02	9.76e-03	6.03e-05	0.00e+00
 1.07234e+23	2.66e-19	1.11e-13	3.86e-09	1.08e-05	2.46e-03	5.69e-02	3.03e-01	3.88e-01	2.03e-01	3.82e-02	8.48e-03	4.96e-05	0.00e+00
 1.10476e+23	3.38e-19	1.47e-13	4.86e-09	1.29e-05	2.81e-03	6.21e-02	3.14e-01	3.85e-01	1.94e-01	3.50e-02	7.50e-03	4.18e-05	0.00e+00
 1.13422e+23	4.14e-19	1.85e-13	5.89e-09	1.50e-05	3.13e-03	6.67e-02	3.24e-01	3.81e-01	1.86e-01	3.26e-02	6.75e-03	3.61e-05	0.00e+00
 1.16799e+23	5.11e-19	2.35e-13	7.15e-09	1.74e-05	3.49e-03	7.15e-02	3.34e-01	3.77e-01	1.78e-01	3.02e-02	6.06e-03	3.11e-05	0.00e+00
 1.21144e+23	6.59e-19	3.15e-13	9.07e-09	2.10e-05	3.99e-03	7.80e-02	3.46e-01	3.71e-01	1.68e-01	2.75e-02	5.30e-03	2.59e-05	0.00e+00
 1.25986e+23	8.69e-19	4.34e-13	1.18e-08	2.57e-05	4.61e-03	8.56e-02	3.59e-01	3.64e-01	1.58e-01	2.46e-02	4.56e-03	2.11e-05	0.00e+00
 1.30544e+23	1.12e-18	5.85e-13	1.50e-08	3.11e-05	5.27e-03	9.32e-02	3.71e-01	3.56e-01	1.48e-01	2.22e-02	3.95e-03	1.73e-05	0.00e+00
 1.34833e+23	1.39e-18	7.50e-13	1.83e-08	3.63e-05	5.89e-03	9.99e-02	3.80e-01	3.50e-01	1.41e-01	2.03e-02	3.50e-03	1.47e-05	0.00e+00
 1.39748e+23	1.70e-18	9.52e-13	2.22e-08	4.22e-05	6.55e-03	1.07e-01	3.89e-01	3.43e-01	1.33e-01	1.86e-02	3.11e-03	1.25e-05	0.00e+00
 1.45438e+23	2.15e-18	1.26e-12	2.79e-08	5.03e-05	7.41e-03	1.15e-01	3.99e-01	3.34e-01	1.25e-01	1.68e-02	2.69e-03	1.03e-05	0.00e+00
 1.51379e+23	2.72e-18	1.66e-12	3.49e-08	5.97e-05	8.35e-03	1.24e-01	4.08e-01	3.25e-01	1.17e-01	1.51e-02	2.34e-03	8.52e-06	0.00e+00
 1.57558e+23	3.36e-18	2.15e-12	4.30e-08	7.01e-05	9.33e-03	1.33e-01	4.16e-01	3.16e-01	1.09e-01	1.36e-02	2.04e-03	7.10e-06	0.00e+00
 1.63984e+23	4.10e-18	2.75e-12	5.24e-08	8.15e-05	1.04e-02	1.41e-01	4.24e-01	3.08e-01	1.03e-01	1.23e-02	1.79e-03	5.95e-06	0.00e+00
 1.70666e+23	4.92e-18	3.47e-12	6.31e-08	9.40e-05	1.14e-02	1.50e-01	4.30e-01	2.99e-01	9.65e-02	1.12e-02	1.58e-03	5.03e-06	0.00e+00
 1.77616e+23	5.80e-18	4.32e-12	7.51e-08	1.07e-04	1.25e-02	1.58e-01	4.36e-01	2.91e-01	9.09e-02	1.02e-02	1.40e-03	4.28e-06	0.00e+00
 1.84845e+23	6.73e-18	5.29e-12	8.85e-08	1.22e-04	1.36e-02	1.66e-01	4.41e-01	2.83e-01	8.58e-02	9.36e-03	1.25e-03	3.68e-06	0.00e+00
 1.92362e+23	7.67e-18	6.39e-12	1.03e-07	1.36e-04	1.48e-02	1.74e-01	4.45e-01	2.76e-01	8.12e-02	8.62e-03	1.12e-03	3.19e-06	0.00e+00
 2.00180e+23	8.64e-18	7.64e-12	1.19e-07	1.52e-04	1.59e-02	1.81e-01	4.48e-01	2.68e-01	7.70e-02	7.96e-03	1.01e-03	2.79e-06	0.00e+00
 2.08310e+23	9.60e-18	9.02e-12	1.36e-07	1.68e-04	1.70e-02	1.89e-01	4.51e-01	2.62e-01	7.32e-02	7.38e-03	9.18e-04	2.45e-06	0.00e+00
 2.16766e+23	1.05e-17	1.05e-11	1.53e-07	1.84e-04	1.81e-02	1.95e-01	4.53e-01	2.55e-01	6.98e-02	6.87e-03	8.39e-04	2.18e-06	0.00e+00
 2.25297e+23	1.12e-17	1.20e-11	1.71e-07	2.00e-04	1.91e-02	2.01e-01	4.55e-01	2.50e-01	6.69e-02	6.45e-03	7.74e-04	1.96e-06	0.00e+00
 2.33316e+23	1.19e-17	1.36e-11	1.88e-07	2.15e-04	2.01e-02	2.07e-01	4.57e-01	2.45e-01	6.43e-02	6.08e-03	7.18e-04	1.77e-06	0.00e+00
 2.40532e+23	1.24e-17	1.51e-11	2.04e-07	2.29e-04	2.09e-02	2.12e-01	4.58e-01	2.41e-01	6.22e-02	5.80e-03	6.76e-04	1.64e-06	0.00e+00
 2.47027e+23	1.28e-17	1.64e-11	2.18e-07	2.40e-04	2.16e-02	2.16e-01	4.59e-01	2.37e-01	6.05e-02	5.57e-03	6.42e-04	1.53e-06	0.00e+00
 2.52873e+23	1.31e-17	1.75e-11	2.30e-07	2.50e-04	2.22e-02	2.19e-01	4.59e-01	2.34e-01	5.91e-02	5.39e-03	6.16e-04	1.45e-06	0.00e+00
 2.58134e+23	1.32e-17	1.84e-11	2.39e-07	2.58e-04	2.26e-02	2.21e-01	4.60e-01	2.32e-01	5.81e-02	5.26e-03	5.97e-04	1.39e-06	0.00e+00
 2.62868e+23	1.32e-17	1.92e-11	2.47e-07	2.64e-04	2.30e-02	2.23e-01	4.60e-01	2.30e-01	5.73e-02	5.15e-03	5.82e-04	1.35e-06	0.00e+00
 2.67130e+23	1.31e-17	1.98e-11	2.53e-07	2.69e-04	2.33e-02	2.25e-01	4.60e-01	2.29e-01	5.67e-02	5.07e-03	5.71e-04	1.31e-06	0.00e+00
 2.70965e+23	1.29e-17	2.02e-11	2.58e-07	2.73e-04	2.35e-02	2.26e-01	4.60e-01	2.28e-01	5.63e-02	5.01e-03	5.63e-04	1.29e-06	0.00e+00
 2.74417e+23	1.29e-17	2.07e-11	2.63e-07	2.77e-04	2.38e-02	2.27e-01	4.60e-01	2.27e-01	5.58e-02	4.95e-03	5.54e-04	1.27e-06	0.00e+00
 2.77579e+23	1.28e-17	2.12e-11	2.67e-07	2.80e-04	2.40e-02	2.28e-01	4.60e-01	2.26e-01	5.54e-02	4.90e-03	5.47e-04	1.24e-06	0.00e+00
 2.80634e+23	1.27e-17	2.15e-11	2.71e-07	2.83e-04	2.41e-02	2.29e-01	4.61e-01	2.25e-01	5.51e-02	4.86e-03	5.41e-04	1.23e-06	0.00e+00
 2.83689e+23	1.27e-17	2.19e-11	2.75e-07	2.86e-04	2.43e-02	2.30e-01	4.61e-01	2.25e-01	5.47e-02	4.82e-03	5.35e-04	1.21e-06	0.00e+00
 2.86743e+23	1.24e-17	2.21e-11	2.77e-07	2.88e-04	2.44e-02	2.30e-01	4.61e-01	2.24e-01	5.45e-02	4.79e-03	5.32e-04	1.20e-06	0.00e+00
 2.89798e+23	1.22e-17	2.23e-11	2.79e-07	2.89e-04	2.45e-02	2.31e-01	4.61e-01	2.24e-01	5.44e-02	4.77e-03	5.29e-04	1.19e-06	0.00e+00
 2.92853e+23	1.19e-17	2.25e-11	2.80e-07	2.90e-04	2.45e-02	2.31e-01	4.61e-01	2.24e-01	5.43e-02	4.76e-03	5.27e-04	1.18e-06	0.00e+00
 2.95908e+23	1.16e-17	2.25e-11	2.81e-07	2.91e-04	2.46e-02	2.31e-01	4.61e-01	2.23e-01	5.42e-02	4.75e-03	5.26e-04	1.18e-06	0.00e+00
 2.98963e+23	1.13e-17	2.26e-11	2.82e-07	2.91e-04	2.46e-02	2.32e-01	4.61e-01	2.23e-01	5.41e-02	4.74e-03	5.24e-04	1.18e-06	0.00e+00
 3.02018e+23	1.10e-17	2.27e-11	2.82e-07	2.92e-04	2.46e-02	2.32e-01	4.61e-01	2.23e-01	5.40e-02	4.73e-03	5.23e-04	1.17e-06	0.00e+00
 3.04513e+23	1.12e-17	2.34e-11	2.89e-07	2.97e-04	2.49e-02	2.33e-01	4.61e-01	2.22e-01	5.35e-02	4.66e-03	5.14e-04	1.14e-06	0.00e+00
