#depth	Si	Si+	Si+2	Si+3	Si+4	Si+5	Si+6	Si+7	Si+8	Si+9	Si+10	Si+11	Si+12	Si+13	Si+14
 6.17135e+19	0.00e+00	0.00e+00	0.00e+00	0.00e+00	1.65e-27	6.08e-23	6.15e-19	1.82e-15	1.96e-12	8.95e-10	2.25e-07	3.91e-05	1.38e-02	1.97e-01	7.89e-01
 1.87609e+20	0.00e+00	0.00e+00	0.00e+00	0.00e+00	4.83e-27	1.60e-22	1.45e-18	3.87e-15	3.79e-12	1.56e-09	3.47e-07	5.37e-05	1.69e-02	2.14e-01	7.69e-01
 2.90012e+20	0.00e+00	0.00e+00	0.00e+00	0.00e+00	1.11e-26	3.38e-22	2.83e-18	6.96e-15	6.31e-12	2.39e-09	4.85e-07	6.86e-05	1.97e-02	2.29e-01	7.52e-01
 3.58256e+20	0.00e+00	0.00e+00	0.00e+00	0.00e+00	1.89e-26	5.47e-22	4.35e-18	1.02e-14	8.77e-12	3.15e-09	6.01e-07	8.02e-05	2.17e-02	2.38e-01	7.40e-01
 4.06367e+20	0.00e+00	0.00e+00	0.00e+00	1.24e-31	2.76e-26	7.69e-22	5.89e-18	1.33e-14	1.11e-11	3.84e-09	7.00e-07	8.97e-05	2.33e-02	2.45e-01	7.31e-01
 4.40227e+20	0.00e+00	0.00e+00	0.00e+00	1.62e-31	3.53e-26	9.60e-22	7.17e-18	1.58e-14	1.29e-11	4.35e-09	7.72e-07	9.64e-05	2.43e-02	2.50e-01	7.26e-01
 4.76499e+20	0.00e+00	0.00e+00	0.00e+00	2.18e-31	4.62e-26	1.22e-21	8.90e-18	1.91e-14	1.52e-11	5.00e-09	8.61e-07	1.04e-04	2.56e-02	2.55e-01	7.20e-01
 5.23653e+20	0.00e+00	0.00e+00	0.00e+00	3.17e-31	6.51e-26	1.67e-21	1.17e-17	2.44e-14	1.88e-11	5.98e-09	9.89e-07	1.15e-04	2.72e-02	2.61e-01	7.11e-01
 5.75611e+20	0.00e+00	0.00e+00	0.00e+00	4.76e-31	9.44e-26	2.33e-21	1.58e-17	3.18e-14	2.37e-11	7.25e-09	1.15e-06	1.29e-04	2.91e-02	2.68e-01	7.02e-01
 6.23207e+20	0.00e+00	0.00e+00	0.00e+00	6.86e-31	1.32e-25	3.15e-21	2.07e-17	4.02e-14	2.91e-11	8.63e-09	1.31e-06	1.42e-04	3.09e-02	2.75e-01	6.94e-01
 6.74475e+20	0.00e+00	0.00e+00	0.00e+00	1.01e-30	1.87e-25	4.33e-21	2.75e-17	5.17e-14	3.61e-11	1.04e-08	1.51e-06	1.57e-04	3.29e-02	2.82e-01	6.85e-01
 7.31257e+20	0.00e+00	0.00e+00	0.00e+00	1.53e-30	2.75e-25	6.12e-21	3.74e-17	6.78e-14	4.58e-11	1.26e-08	1.77e-06	1.76e-04	3.53e-02	2.89e-01	6.75e-01
 7.83791e+20	0.00e+00	0.00e+00	0.00e+00	2.23e-30	3.88e-25	8.36e-21	4.94e-17	8.67e-14	5.67e-11	1.51e-08	2.03e-06	1.94e-04	3.75e-02	2.96e-01	6.66e-01
 8.40667e+20	0.00e+00	0.00e+00	0.00e+00	3.33e-30	5.60e-25	1.16e-20	6.64e-17	1.12e-13	7.11e-11	1.83e-08	2.35e-06	2.16e-04	4.00e-02	3.04e-01	6.56e-01
 9.00357e+20	0.00e+00	0.00e+00	0.00e+00	5.02e-30	8.16e-25	1.64e-20	9.00e-17	1.47e-13	8.97e-11	2.22e-08	2.73e-06	2.41e-04	4.28e-02	3.11e-01	6.46e-01
 9.51029e+20	0.00e+00	0.00e+00	0.00e+00	7.06e-30	1.12e-24	2.17e-20	1.16e-16	1.83e-13	1.09e-10	2.61e-08	3.10e-06	2.64e-04	4.52e-02	3.18e-01	6.37e-01
 1.00423e+21	0.00e+00	0.00e+00	0.00e+00	1.00e-29	1.54e-24	2.90e-20	1.50e-16	2.31e-13	1.33e-10	3.08e-08	3.52e-06	2.89e-04	4.78e-02	3.24e-01	6.27e-01
 1.07338e+21	0.00e+00	0.00e+00	0.00e+00	1.57e-29	2.32e-24	4.20e-20	2.09e-16	3.08e-13	1.71e-10	3.81e-08	4.15e-06	3.25e-04	5.13e-02	3.33e-01	6.16e-01
 1.14356e+21	0.00e+00	0.00e+00	0.00e+00	2.44e-29	3.48e-24	6.07e-20	2.90e-16	4.12e-13	2.20e-10	4.70e-08	4.88e-06	3.65e-04	5.50e-02	3.41e-01	6.03e-01
 1.20003e+21	0.00e+00	0.00e+00	0.00e+00	3.45e-29	4.79e-24	8.10e-20	3.75e-16	5.17e-13	2.68e-10	5.54e-08	5.54e-06	4.00e-04	5.81e-02	3.48e-01	5.94e-01
 1.25838e+21	0.00e+00	0.00e+00	0.00e+00	4.91e-29	6.61e-24	1.08e-19	4.87e-16	6.50e-13	3.27e-10	6.54e-08	6.30e-06	4.38e-04	6.13e-02	3.54e-01	5.84e-01
 1.33424e+21	0.00e+00	0.00e+00	0.00e+00	7.68e-29	9.98e-24	1.57e-19	6.78e-16	8.70e-13	4.21e-10	8.09e-08	7.42e-06	4.92e-04	6.57e-02	3.63e-01	5.71e-01
 1.40870e+21	0.00e+00	0.00e+00	0.00e+00	1.18e-28	1.48e-23	2.25e-19	9.33e-16	1.15e-12	5.37e-10	9.91e-08	8.67e-06	5.50e-04	7.02e-02	3.71e-01	5.59e-01
 1.46493e+21	0.00e+00	0.00e+00	0.00e+00	1.62e-28	1.98e-23	2.93e-19	1.18e-15	1.42e-12	6.43e-10	1.15e-07	9.74e-06	5.96e-04	7.37e-02	3.76e-01	5.49e-01
 1.52166e+21	0.00e+00	0.00e+00	0.00e+00	2.23e-28	2.65e-23	3.81e-19	1.49e-15	1.74e-12	7.69e-10	1.34e-07	1.09e-05	6.47e-04	7.73e-02	3.82e-01	5.40e-01
 1.59540e+21	0.00e+00	0.00e+00	0.00e+00	3.32e-28	3.82e-23	5.30e-19	2.01e-15	2.26e-12	9.63e-10	1.61e-07	1.26e-05	7.16e-04	8.20e-02	3.89e-01	5.28e-01
 1.67399e+21	0.00e+00	0.00e+00	0.00e+00	5.04e-28	5.62e-23	7.50e-19	2.74e-15	2.97e-12	1.22e-09	1.96e-07	1.47e-05	7.96e-04	8.72e-02	3.96e-01	5.15e-01
 1.74223e+21	0.00e+00	0.00e+00	0.00e+00	7.19e-28	7.79e-23	1.01e-18	3.57e-15	3.75e-12	1.49e-09	2.32e-07	1.67e-05	8.71e-04	9.19e-02	4.03e-01	5.05e-01
 1.81432e+21	0.00e+00	0.00e+00	0.00e+00	1.04e-27	1.09e-22	1.37e-18	4.68e-15	4.76e-12	1.84e-09	2.75e-07	1.90e-05	9.55e-04	9.70e-02	4.09e-01	4.93e-01
 1.89509e+21	0.00e+00	0.00e+00	0.00e+00	1.56e-27	1.58e-22	1.92e-18	6.32e-15	6.20e-12	2.31e-09	3.33e-07	2.20e-05	1.06e-03	1.03e-01	4.15e-01	4.81e-01
 1.97128e+21	0.00e+00	0.00e+00	0.00e+00	2.26e-27	2.23e-22	2.62e-18	8.35e-15	7.91e-12	2.85e-09	3.96e-07	2.51e-05	1.16e-03	1.08e-01	4.21e-01	4.69e-01
 2.05444e+21	0.00e+00	0.00e+00	0.00e+00	3.37e-27	3.22e-22	3.65e-18	1.12e-14	1.03e-11	3.56e-09	4.77e-07	2.90e-05	1.28e-03	1.15e-01	4.27e-01	4.57e-01
 2.14119e+21	0.00e+00	0.00e+00	9.69e-32	5.06e-27	4.69e-22	5.12e-18	1.52e-14	1.34e-11	4.49e-09	5.77e-07	3.35e-05	1.42e-03	1.21e-01	4.33e-01	4.44e-01
 2.21410e+21	0.00e+00	0.00e+00	1.41e-31	7.09e-27	6.40e-22	6.78e-18	1.95e-14	1.67e-11	5.42e-09	6.75e-07	3.77e-05	1.54e-03	1.27e-01	4.38e-01	4.33e-01
 2.29036e+21	0.00e+00	0.00e+00	2.08e-31	1.00e-26	8.79e-22	9.04e-18	2.52e-14	2.09e-11	6.58e-09	7.92e-07	4.26e-05	1.67e-03	1.33e-01	4.43e-01	4.22e-01
 2.38949e+21	0.00e+00	0.00e+00	3.41e-31	1.55e-26	1.32e-21	1.30e-17	3.50e-14	2.78e-11	8.43e-09	9.72e-07	4.98e-05	1.86e-03	1.41e-01	4.48e-01	4.08e-01
 2.49045e+21	0.00e+00	0.00e+00	5.58e-31	2.40e-26	1.97e-21	1.88e-17	4.85e-14	3.70e-11	1.08e-08	1.19e-06	5.81e-05	2.07e-03	1.50e-01	4.54e-01	3.94e-01
 2.57104e+21	0.00e+00	0.00e+00	8.21e-31	3.39e-26	2.71e-21	2.50e-17	6.26e-14	4.63e-11	1.31e-08	1.40e-06	6.56e-05	2.25e-03	1.57e-01	4.57e-01	3.84e-01
 2.65306e+21	0.00e+00	0.00e+00	1.21e-30	4.77e-26	3.71e-21	3.33e-17	8.08e-14	5.79e-11	1.59e-08	1.64e-06	7.39e-05	2.44e-03	1.64e-01	4.61e-01	3.73e-01
 2.75969e+21	0.00e+00	0.00e+00	1.97e-30	7.37e-26	5.54e-21	4.79e-17	1.12e-13	7.70e-11	2.03e-08	2.00e-06	8.61e-05	2.70e-03	1.73e-01	4.65e-01	3.59e-01
 2.86977e+21	0.00e+00	0.00e+00	3.24e-30	1.15e-25	8.34e-21	6.93e-17	1.56e-13	1.03e-10	2.60e-08	2.45e-06	1.00e-04	3.00e-03	1.83e-01	4.69e-01	3.45e-01
 2.96048e+21	0.00e+00	0.00e+00	4.84e-30	1.64e-25	1.16e-20	9.35e-17	2.03e-13	1.30e-10	3.17e-08	2.89e-06	1.14e-04	3.26e-03	1.91e-01	4.71e-01	3.34e-01
 3.03692e+21	0.00e+00	0.00e+00	6.76e-30	2.20e-25	1.52e-20	1.20e-16	2.54e-13	1.58e-10	3.75e-08	3.32e-06	1.26e-04	3.50e-03	1.99e-01	4.73e-01	3.25e-01
 3.11868e+21	0.00e+00	0.00e+00	9.61e-30	3.01e-25	2.03e-20	1.56e-16	3.20e-13	1.93e-10	4.47e-08	3.83e-06	1.41e-04	3.76e-03	2.06e-01	4.75e-01	3.15e-01
 3.22498e+21	0.00e+00	0.00e+00	1.50e-29	4.46e-25	2.93e-20	2.17e-16	4.30e-13	2.50e-10	5.58e-08	4.60e-06	1.61e-04	4.12e-03	2.16e-01	4.77e-01	3.03e-01
 3.33300e+21	0.00e+00	0.00e+00	2.35e-29	6.63e-25	4.23e-20	3.03e-16	5.80e-13	3.25e-10	6.99e-08	5.52e-06	1.85e-04	4.51e-03	2.26e-01	4.78e-01	2.91e-01
 3.41922e+21	0.00e+00	0.00e+00	3.34e-29	9.05e-25	5.65e-20	3.93e-16	7.33e-13	3.99e-10	8.33e-08	6.37e-06	2.06e-04	4.84e-03	2.35e-01	4.79e-01	2.82e-01
 3.50725e+21	0.00e+00	0.00e+00	4.75e-29	1.24e-24	7.55e-20	5.12e-16	9.27e-13	4.89e-10	9.93e-08	7.36e-06	2.29e-04	5.20e-03	2.43e-01	4.79e-01	2.72e-01
 3.60040e+21	0.00e+00	0.00e+00	6.86e-29	1.71e-24	1.02e-19	6.74e-16	1.19e-12	6.07e-10	1.19e-07	8.56e-06	2.56e-04	5.60e-03	2.52e-01	4.79e-01	2.63e-01
 3.68004e+21	0.00e+00	0.00e+00	9.38e-29	2.26e-24	1.32e-19	8.51e-16	1.46e-12	7.28e-10	1.40e-07	9.72e-06	2.82e-04	5.96e-03	2.60e-01	4.79e-01	2.55e-01
 3.76342e+21	0.00e+00	0.00e+00	1.29e-28	3.00e-24	1.72e-19	1.08e-15	1.81e-12	8.79e-10	1.64e-07	1.11e-05	3.11e-04	6.35e-03	2.68e-01	4.79e-01	2.47e-01
 3.85704e+21	0.00e+00	0.00e+00	1.84e-28	4.09e-24	2.30e-19	1.41e-15	2.29e-12	1.08e-09	1.96e-07	1.28e-05	3.46e-04	6.81e-03	2.77e-01	4.78e-01	2.38e-01
 3.94521e+21	0.00e+00	0.00e+00	2.57e-28	5.48e-24	3.02e-19	1.81e-15	2.86e-12	1.31e-09	2.31e-07	1.47e-05	3.82e-04	7.27e-03	2.86e-01	4.77e-01	2.29e-01
 4.02729e+21	0.00e+00	0.00e+00	3.48e-28	7.16e-24	3.88e-19	2.27e-15	3.51e-12	1.57e-09	2.69e-07	1.66e-05	4.19e-04	7.71e-03	2.94e-01	4.75e-01	2.22e-01
 4.10400e+21	0.00e+00	0.00e+00	4.61e-28	9.18e-24	4.89e-19	2.80e-15	4.24e-12	1.85e-09	3.10e-07	1.86e-05	4.57e-04	8.14e-03	3.02e-01	4.74e-01	2.15e-01
 4.17592e+21	0.00e+00	0.00e+00	5.97e-28	1.15e-23	6.05e-19	3.40e-15	5.05e-12	2.15e-09	3.53e-07	2.07e-05	4.94e-04	8.56e-03	3.09e-01	4.73e-01	2.09e-01
 4.25779e+21	0.00e+00	0.00e+00	8.01e-28	1.49e-23	7.70e-19	4.24e-15	6.15e-12	2.56e-09	4.10e-07	2.33e-05	5.39e-04	9.06e-03	3.17e-01	4.71e-01	2.02e-01
 4.34793e+21	0.00e+00	0.00e+00	1.10e-27	1.97e-23	1.00e-18	5.39e-15	7.63e-12	3.08e-09	4.81e-07	2.66e-05	5.94e-04	9.63e-03	3.26e-01	4.69e-01	1.95e-01
 4.43002e+21	0.00e+00	0.00e+00	1.47e-27	2.54e-23	1.27e-18	6.70e-15	9.26e-12	3.65e-09	5.56e-07	2.99e-05	6.48e-04	1.02e-02	3.35e-01	4.66e-01	1.88e-01
 4.50582e+21	0.00e+00	0.00e+00	1.92e-27	3.20e-23	1.58e-18	8.17e-15	1.11e-11	4.27e-09	6.36e-07	3.33e-05	7.02e-04	1.07e-02	3.42e-01	4.64e-01	1.82e-01
 4.59226e+21	0.00e+00	0.00e+00	2.57e-27	4.15e-23	2.01e-18	1.02e-14	1.35e-11	5.08e-09	7.38e-07	3.76e-05	7.66e-04	1.13e-02	3.51e-01	4.61e-01	1.76e-01
 4.68871e+21	0.00e+00	0.00e+00	3.57e-27	5.52e-23	2.64e-18	1.31e-14	1.69e-11	6.17e-09	8.71e-07	4.30e-05	8.46e-04	1.20e-02	3.60e-01	4.58e-01	1.69e-01
 4.77784e+21	0.00e+00	0.00e+00	4.82e-27	7.17e-23	3.38e-18	1.64e-14	2.07e-11	7.37e-09	1.01e-06	4.86e-05	9.26e-04	1.27e-02	3.69e-01	4.55e-01	1.62e-01
 4.85504e+21	0.00e+00	0.00e+00	6.23e-27	8.97e-23	4.18e-18	1.99e-14	2.47e-11	8.59e-09	1.16e-06	5.40e-05	1.00e-03	1.34e-02	3.77e-01	4.52e-01	1.57e-01
 4.93705e+21	0.00e+00	9.80e-32	8.15e-27	1.13e-22	5.22e-18	2.44e-14	2.97e-11	1.01e-08	1.33e-06	6.03e-05	1.08e-03	1.41e-02	3.85e-01	4.48e-01	1.52e-01
 5.02880e+21	0.00e+00	1.37e-31	1.10e-26	1.47e-22	6.69e-18	3.07e-14	3.64e-11	1.21e-08	1.54e-06	6.83e-05	1.19e-03	1.49e-02	3.94e-01	4.44e-01	1.46e-01
 5.11421e+21	0.00e+00	1.88e-31	1.45e-26	1.87e-22	8.41e-18	3.79e-14	4.40e-11	1.42e-08	1.78e-06	7.65e-05	1.29e-03	1.56e-02	4.02e-01	4.41e-01	1.40e-01
 5.19311e+21	0.00e+00	2.50e-31	1.86e-26	2.33e-22	1.04e-17	4.59e-14	5.23e-11	1.66e-08	2.02e-06	8.49e-05	1.39e-03	1.64e-02	4.10e-01	4.37e-01	1.35e-01
 5.28257e+21	0.00e+00	3.44e-31	2.47e-26	2.97e-22	1.31e-17	5.70e-14	6.36e-11	1.96e-08	2.34e-06	9.55e-05	1.52e-03	1.73e-02	4.18e-01	4.33e-01	1.30e-01
 5.38147e+21	0.00e+00	4.89e-31	3.37e-26	3.89e-22	1.70e-17	7.23e-14	7.88e-11	2.37e-08	2.75e-06	1.09e-04	1.66e-03	1.83e-02	4.28e-01	4.28e-01	1.24e-01
 5.47190e+21	0.00e+00	6.77e-31	4.48e-26	4.97e-22	2.15e-17	9.02e-14	9.62e-11	2.82e-08	3.19e-06	1.22e-04	1.82e-03	1.93e-02	4.37e-01	4.23e-01	1.19e-01
 5.55383e+21	0.00e+00	8.97e-31	5.74e-26	6.16e-22	2.64e-17	1.09e-13	1.14e-10	3.27e-08	3.62e-06	1.36e-04	1.96e-03	2.02e-02	4.44e-01	4.19e-01	1.15e-01
 5.64549e+21	0.00e+00	1.23e-30	7.59e-26	7.83e-22	3.33e-17	1.35e-13	1.39e-10	3.88e-08	4.19e-06	1.52e-04	2.13e-03	2.12e-02	4.53e-01	4.14e-01	1.10e-01
 5.74497e+21	0.00e+00	1.73e-30	1.02e-25	1.01e-21	4.28e-17	1.71e-13	1.71e-10	4.66e-08	4.90e-06	1.73e-04	2.33e-03	2.24e-02	4.62e-01	4.08e-01	1.05e-01
 5.83361e+21	0.00e+00	2.36e-30	1.34e-25	1.28e-21	5.37e-17	2.11e-13	2.08e-10	5.51e-08	5.65e-06	1.94e-04	2.53e-03	2.35e-02	4.70e-01	4.03e-01	1.01e-01
 5.91241e+21	0.00e+00	3.06e-30	1.69e-25	1.55e-21	6.50e-17	2.52e-13	2.44e-10	6.34e-08	6.37e-06	2.13e-04	2.71e-03	2.45e-02	4.77e-01	3.98e-01	9.69e-02
 5.99943e+21	0.00e+00	4.10e-30	2.17e-25	1.93e-21	8.05e-17	3.07e-13	2.92e-10	7.43e-08	7.28e-06	2.38e-04	2.93e-03	2.57e-02	4.85e-01	3.93e-01	9.29e-02
 6.11256e+21	0.00e+00	5.96e-30	3.01e-25	2.55e-21	1.06e-16	3.97e-13	3.69e-10	9.11e-08	8.66e-06	2.73e-04	3.24e-03	2.72e-02	4.95e-01	3.86e-01	8.79e-02
 6.22539e+21	0.00e+00	8.65e-30	4.17e-25	3.36e-21	1.39e-16	5.13e-13	4.66e-10	1.12e-07	1.03e-05	3.14e-04	3.58e-03	2.89e-02	5.05e-01	3.79e-01	8.31e-02
 6.31157e+21	0.00e+00	1.15e-29	5.33e-25	4.14e-21	1.72e-16	6.24e-13	5.57e-10	1.30e-07	1.18e-05	3.49e-04	3.87e-03	3.02e-02	5.12e-01	3.74e-01	7.96e-02
 6.39733e+21	0.00e+00	1.51e-29	6.77e-25	5.07e-21	2.10e-16	7.54e-13	6.62e-10	1.52e-07	1.34e-05	3.86e-04	4.16e-03	3.15e-02	5.19e-01	3.68e-01	7.63e-02
 6.50883e+21	0.00e+00	2.16e-29	9.21e-25	6.57e-21	2.73e-16	9.65e-13	8.29e-10	1.85e-07	1.58e-05	4.41e-04	4.58e-03	3.33e-02	5.29e-01	3.61e-01	7.21e-02
 6.62325e+21	0.00e+00	3.10e-29	1.26e-24	8.56e-21	3.56e-16	1.24e-12	1.04e-09	2.26e-07	1.87e-05	5.06e-04	5.05e-03	3.52e-02	5.38e-01	3.53e-01	6.80e-02
 6.71581e+21	0.00e+00	4.16e-29	1.62e-24	1.06e-20	4.42e-16	1.53e-12	1.26e-09	2.66e-07	2.16e-05	5.66e-04	5.47e-03	3.69e-02	5.45e-01	3.47e-01	6.47e-02
 6.81047e+21	0.00e+00	5.54e-29	2.08e-24	1.30e-20	5.47e-16	1.86e-12	1.51e-09	3.13e-07	2.47e-05	6.30e-04	5.91e-03	3.86e-02	5.52e-01	3.41e-01	6.17e-02
 6.93351e+21	0.00e+00	8.04e-29	2.87e-24	1.71e-20	7.20e-16	2.42e-12	1.93e-09	3.86e-07	2.95e-05	7.26e-04	6.55e-03	4.09e-02	5.61e-01	3.33e-01	5.78e-02
 7.05803e+21	0.00e+00	1.17e-28	3.96e-24	2.23e-20	9.50e-16	3.15e-12	2.45e-09	4.77e-07	3.53e-05	8.38e-04	7.25e-03	4.33e-02	5.70e-01	3.24e-01	5.41e-02
 7.15570e+21	0.00e+00	1.57e-28	5.08e-24	2.75e-20	1.18e-15	3.88e-12	2.97e-09	5.64e-07	4.07e-05	9.38e-04	7.86e-03	4.53e-02	5.77e-01	3.18e-01	5.13e-02
 7.25393e+21	0.00e+00	2.08e-28	6.47e-24	3.35e-20	1.45e-15	4.73e-12	3.57e-09	6.61e-07	4.65e-05	1.04e-03	8.48e-03	4.73e-02	5.83e-01	3.11e-01	4.87e-02
 7.38163e+21	0.00e+00	2.99e-28	8.82e-24	4.34e-20	1.90e-15	6.12e-12	4.52e-09	8.15e-07	5.54e-05	1.20e-03	9.37e-03	5.00e-02	5.91e-01	3.03e-01	4.55e-02
 7.51467e+21	0.00e+00	4.34e-28	1.21e-23	5.64e-20	2.51e-15	7.98e-12	5.78e-09	1.01e-06	6.64e-05	1.39e-03	1.04e-02	5.29e-02	5.99e-01	2.94e-01	4.24e-02
 7.62013e+21	0.00e+00	5.80e-28	1.55e-23	6.92e-20	3.11e-15	9.82e-12	7.01e-09	1.19e-06	7.65e-05	1.55e-03	1.12e-02	5.53e-02	6.05e-01	2.87e-01	4.00e-02
 7.70704e+21	0.00e+00	7.33e-28	1.90e-23	8.15e-20	3.70e-15	1.16e-11	8.18e-09	1.37e-06	8.57e-05	1.70e-03	1.20e-02	5.73e-02	6.10e-01	2.81e-01	3.82e-02
 7.80437e+21	0.00e+00	9.48e-28	2.36e-23	9.75e-20	4.48e-15	1.40e-11	9.70e-09	1.59e-06	9.71e-05	1.87e-03	1.29e-02	5.96e-02	6.14e-01	2.75e-01	3.62e-02
 7.93090e+21	0.00e+00	1.32e-27	3.12e-23	1.22e-19	5.71e-15	1.76e-11	1.20e-08	1.92e-06	1.14e-04	2.12e-03	1.41e-02	6.26e-02	6.20e-01	2.67e-01	3.38e-02
 8.06247e+21	0.00e+00	1.84e-27	4.14e-23	1.54e-19	7.32e-15	2.24e-11	1.50e-08	2.34e-06	1.34e-04	2.42e-03	1.54e-02	6.58e-02	6.26e-01	2.59e-01	3.15e-02
 8.17204e+21	0.00e+00	2.41e-27	5.22e-23	1.86e-19	8.95e-15	2.72e-11	1.80e-08	2.74e-06	1.53e-04	2.68e-03	1.66e-02	6.85e-02	6.30e-01	2.52e-01	2.97e-02
 8.28593e+21	0.00e+00	3.18e-27	6.59e-23	2.26e-19	1.10e-14	3.32e-11	2.16e-08	3.21e-06	1.75e-04	2.98e-03	1.79e-02	7.14e-02	6.34e-01	2.45e-01	2.80e-02
 8.43398e+21	0.00e+00	4.50e-27	8.86e-23	2.87e-19	1.42e-14	4.26e-11	2.73e-08	3.94e-06	2.07e-04	3.41e-03	1.96e-02	7.51e-02	6.39e-01	2.37e-01	2.59e-02
 8.58487e+21	0.00e+00	6.38e-27	1.19e-22	3.65e-19	1.83e-14	5.46e-11	3.43e-08	4.83e-06	2.45e-04	3.89e-03	2.16e-02	7.90e-02	6.43e-01	2.28e-01	2.39e-02
 8.70665e+21	0.00e+00	8.40e-27	1.50e-22	4.42e-19	2.24e-14	6.63e-11	4.12e-08	5.66e-06	2.80e-04	4.32e-03	2.32e-02	8.21e-02	6.46e-01	2.21e-01	2.24e-02
 8.83216e+21	0.00e+00	1.11e-26	1.90e-22	5.34e-19	2.74e-14	8.05e-11	4.93e-08	6.64e-06	3.19e-04	4.79e-03	2.49e-02	8.54e-02	6.49e-01	2.15e-01	2.10e-02
 8.99532e+21	0.00e+00	1.57e-26	2.55e-22	6.79e-19	3.53e-14	1.03e-10	6.20e-08	8.12e-06	3.77e-04	5.46e-03	2.73e-02	8.96e-02	6.51e-01	2.07e-01	1.94e-02
 9.16405e+21	0.00e+00	2.23e-26	3.44e-22	8.68e-19	4.56e-14	1.32e-10	7.81e-08	9.95e-06	4.46e-04	6.22e-03	2.99e-02	9.40e-02	6.53e-01	1.98e-01	1.78e-02
 9.30376e+21	0.00e+00	2.96e-26	4.38e-22	1.06e-18	5.60e-14	1.61e-10	9.39e-08	1.17e-05	5.10e-04	6.91e-03	3.22e-02	9.76e-02	6.55e-01	1.92e-01	1.66e-02
 9.42721e+21	0.00e+00	3.80e-26	5.41e-22	1.26e-18	6.69e-14	1.91e-10	1.10e-07	1.35e-05	5.73e-04	7.57e-03	3.43e-02	1.01e-01	6.55e-01	1.86e-01	1.56e-02
 9.56575e+21	0.00e+00	4.97e-26	6.79e-22	1.51e-18	8.10e-14	2.30e-10	1.31e-07	1.57e-05	6.48e-04	8.33e-03	3.66e-02	1.04e-01	6.56e-01	1.80e-01	1.46e-02
 9.72096e+21	0.00e+00	6.68e-26	8.75e-22	1.86e-18	1.00e-13	2.82e-10	1.58e-07	1.86e-05	7.43e-04	9.26e-03	3.94e-02	1.08e-01	6.56e-01	1.73e-01	1.36e-02
 9.86524e+21	0.00e+00	8.77e-26	1.10e-21	2.25e-18	1.21e-13	3.40e-10	1.88e-07	2.16e-05	8.41e-04	1.02e-02	4.20e-02	1.12e-01	6.55e-01	1.67e-01	1.26e-02
 9.99873e+21	0.00e+00	1.12e-25	1.36e-21	2.68e-18	1.44e-13	4.01e-10	2.20e-07	2.48e-05	9.40e-04	1.11e-02	4.46e-02	1.15e-01	6.54e-01	1.62e-01	1.19e-02
 1.01508e+22	0.00e+00	1.47e-25	1.72e-21	3.25e-18	1.75e-13	4.82e-10	2.61e-07	2.88e-05	1.06e-03	1.22e-02	4.76e-02	1.19e-01	6.53e-01	1.56e-01	1.11e-02
 1.03219e+22	1.22e-31	2.00e-25	2.23e-21	4.03e-18	2.16e-13	5.91e-10	3.15e-07	3.40e-05	1.22e-03	1.36e-02	5.10e-02	1.24e-01	6.51e-01	1.50e-01	1.02e-02
 1.04834e+22	1.68e-31	2.64e-25	2.84e-21	4.91e-18	2.62e-13	7.13e-10	3.74e-07	3.96e-05	1.38e-03	1.49e-02	5.44e-02	1.28e-01	6.48e-01	1.44e-01	9.49e-03
 1.06354e+22	2.25e-31	3.42e-25	3.54e-21	5.91e-18	3.13e-13	8.46e-10	4.39e-07	4.56e-05	1.54e-03	1.63e-02	5.77e-02	1.31e-01	6.46e-01	1.39e-01	8.86e-03
 1.08091e+22	3.13e-31	4.57e-25	4.54e-21	7.26e-18	3.81e-13	1.02e-09	5.23e-07	5.33e-05	1.75e-03	1.79e-02	6.15e-02	1.35e-01	6.42e-01	1.33e-01	8.20e-03
 1.09906e+22	4.38e-31	6.16e-25	5.88e-21	8.99e-18	4.68e-13	1.24e-09	6.27e-07	6.24e-05	1.99e-03	1.98e-02	6.56e-02	1.40e-01	6.38e-01	1.27e-01	7.56e-03
 1.11430e+22	5.79e-31	7.89e-25	7.27e-21	1.07e-17	5.53e-13	1.46e-09	7.27e-07	7.11e-05	2.21e-03	2.14e-02	6.91e-02	1.43e-01	6.34e-01	1.23e-01	7.07e-03
 1.13018e+22	7.67e-31	1.01e-24	9.02e-21	1.29e-17	6.54e-13	1.71e-09	8.44e-07	8.11e-05	2.45e-03	2.32e-02	7.28e-02	1.46e-01	6.30e-01	1.18e-01	6.60e-03
 1.15082e+22	1.10e-30	1.39e-24	1.19e-20	1.62e-17	8.11e-13	2.10e-09	1.02e-06	9.57e-05	2.80e-03	2.56e-02	7.77e-02	1.51e-01	6.24e-01	1.13e-01	6.04e-03
 1.17187e+22	1.58e-30	1.92e-24	1.57e-20	2.04e-17	1.01e-12	2.58e-09	1.23e-06	1.13e-04	3.19e-03	2.83e-02	8.28e-02	1.55e-01	6.18e-01	1.07e-01	5.52e-03
 1.18888e+22	2.10e-30	2.49e-24	1.96e-20	2.46e-17	1.19e-12	3.03e-09	1.43e-06	1.29e-04	3.55e-03	3.06e-02	8.71e-02	1.59e-01	6.12e-01	1.03e-01	5.13e-03
 1.20641e+22	2.80e-30	3.20e-24	2.45e-20	2.97e-17	1.41e-12	3.56e-09	1.66e-06	1.46e-04	3.93e-03	3.30e-02	9.14e-02	1.62e-01	6.06e-01	9.86e-02	4.78e-03
 1.22919e+22	4.03e-30	4.44e-24	3.25e-20	3.77e-17	1.75e-12	4.37e-09	2.00e-06	1.73e-04	4.47e-03	3.64e-02	9.71e-02	1.66e-01	5.98e-01	9.34e-02	4.36e-03
 1.25297e+22	5.85e-30	6.21e-24	4.35e-20	4.82e-17	2.19e-12	5.38e-09	2.42e-06	2.04e-04	5.10e-03	4.01e-02	1.03e-01	1.70e-01	5.89e-01	8.83e-02	3.95e-03
 1.27297e+22	7.98e-30	8.21e-24	5.54e-20	5.91e-17	2.63e-12	6.39e-09	2.83e-06	2.34e-04	5.68e-03	4.35e-02	1.09e-01	1.74e-01	5.80e-01	8.41e-02	3.64e-03
 1.29391e+22	1.09e-29	1.09e-23	7.08e-20	7.29e-17	3.16e-12	7.59e-09	3.31e-06	2.68e-04	6.32e-03	4.70e-02	1.14e-01	1.77e-01	5.72e-01	8.02e-02	3.36e-03
 1.32114e+22	1.62e-29	1.55e-23	9.68e-20	9.50e-17	4.00e-12	9.45e-09	4.04e-06	3.19e-04	7.24e-03	5.19e-02	1.21e-01	1.81e-01	5.61e-01	7.52e-02	3.02e-03
 1.34772e+22	2.37e-29	2.19e-23	1.31e-19	1.23e-16	5.01e-12	1.17e-08	4.89e-06	3.76e-04	8.24e-03	5.70e-02	1.28e-01	1.85e-01	5.49e-01	7.06e-02	2.72e-03
 1.36757e+22	3.13e-29	2.82e-23	1.64e-19	1.48e-16	5.91e-12	1.36e-08	5.62e-06	4.24e-04	9.04e-03	6.09e-02	1.33e-01	1.87e-01	5.40e-01	6.74e-02	2.52e-03
 1.38750e+22	4.11e-29	3.61e-23	2.03e-19	1.78e-16	6.94e-12	1.58e-08	6.43e-06	4.77e-04	9.90e-03	6.50e-02	1.38e-01	1.89e-01	5.31e-01	6.43e-02	2.33e-03
 1.41340e+22	5.77e-29	4.93e-23	2.67e-19	2.26e-16	8.52e-12	1.90e-08	7.60e-06	5.50e-04	1.10e-02	7.03e-02	1.44e-01	1.92e-01	5.19e-01	6.07e-02	2.12e-03
 1.44187e+22	8.39e-29	6.93e-23	3.60e-19	2.91e-16	1.06e-11	2.34e-08	9.15e-06	6.45e-04	1.25e-02	7.68e-02	1.52e-01	1.94e-01	5.06e-01	5.67e-02	1.90e-03
 1.46752e+22	1.16e-28	9.35e-23	4.69e-19	3.65e-16	1.29e-11	2.79e-08	1.07e-05	7.40e-04	1.39e-02	8.26e-02	1.58e-01	1.96e-01	4.93e-01	5.34e-02	1.73e-03
 1.49473e+22	1.62e-28	1.27e-22	6.13e-19	4.59e-16	1.58e-11	3.35e-08	1.26e-05	8.49e-04	1.54e-02	8.89e-02	1.64e-01	1.98e-01	4.81e-01	5.02e-02	1.57e-03
 1.53010e+22	2.48e-28	1.88e-22	8.65e-19	6.17e-16	2.03e-11	4.22e-08	1.55e-05	1.01e-03	1.76e-02	9.76e-02	1.73e-01	2.00e-01	4.64e-01	4.61e-02	1.37e-03
 1.56626e+22	3.79e-28	2.78e-22	1.22e-18	8.29e-16	2.62e-11	5.32e-08	1.91e-05	1.21e-03	2.01e-02	1.07e-01	1.81e-01	2.01e-01	4.46e-01	4.24e-02	1.20e-03
 1.59420e+22	5.20e-28	3.73e-22	1.59e-18	1.04e-15	3.17e-11	6.33e-08	2.22e-05	1.37e-03	2.22e-02	1.14e-01	1.87e-01	2.02e-01	4.33e-01	3.97e-02	1.09e-03
 1.62124e+22	6.99e-28	4.92e-22	2.02e-18	1.28e-15	3.79e-11	7.44e-08	2.56e-05	1.55e-03	2.42e-02	1.21e-01	1.93e-01	2.02e-01	4.20e-01	3.72e-02	9.90e-04
 1.65640e+22	1.02e-27	6.96e-22	2.76e-18	1.67e-15	4.76e-11	9.13e-08	3.06e-05	1.80e-03	2.71e-02	1.31e-01	2.00e-01	2.02e-01	4.04e-01	3.44e-02	8.76e-04
 1.69390e+22	1.51e-27	1.01e-21	3.82e-18	2.21e-15	6.04e-11	1.13e-07	3.70e-05	2.11e-03	3.05e-02	1.41e-01	2.07e-01	2.01e-01	3.86e-01	3.14e-02	7.65e-04
 1.72529e+22	2.07e-27	1.36e-21	4.98e-18	2.77e-15	7.33e-11	1.35e-07	4.31e-05	2.39e-03	3.35e-02	1.50e-01	2.13e-01	2.00e-01	3.71e-01	2.91e-02	6.85e-04
 1.75270e+22	2.71e-27	1.76e-21	6.24e-18	3.37e-15	8.65e-11	1.56e-07	4.90e-05	2.66e-03	3.62e-02	1.58e-01	2.18e-01	1.99e-01	3.59e-01	2.73e-02	6.23e-04
 1.78407e+22	3.67e-27	2.34e-21	8.03e-18	4.18e-15	1.04e-10	1.84e-07	5.66e-05	3.00e-03	3.94e-02	1.67e-01	2.22e-01	1.98e-01	3.45e-01	2.53e-02	5.58e-04
 1.82484e+22	5.34e-27	3.35e-21	1.10e-17	5.49e-15	1.31e-10	2.26e-07	6.75e-05	3.47e-03	4.38e-02	1.78e-01	2.28e-01	1.96e-01	3.27e-01	2.30e-02	4.87e-04
 1.86711e+22	7.85e-27	4.85e-21	1.53e-17	7.26e-15	1.66e-10	2.78e-07	8.10e-05	4.04e-03	4.88e-02	1.90e-01	2.34e-01	1.93e-01	3.09e-01	2.08e-02	4.19e-04
 1.90176e+22	1.06e-26	6.51e-21	1.98e-17	9.07e-15	2.00e-10	3.28e-07	9.36e-05	4.54e-03	5.31e-02	2.00e-01	2.38e-01	1.90e-01	2.95e-01	1.91e-02	3.72e-04
 1.93727e+22	1.44e-26	8.71e-21	2.56e-17	1.13e-14	2.40e-10	3.87e-07	1.08e-04	5.10e-03	5.76e-02	2.10e-01	2.41e-01	1.87e-01	2.80e-01	1.75e-02	3.29e-04
 1.98342e+22	2.09e-26	1.26e-20	3.54e-17	1.49e-14	3.04e-10	4.75e-07	1.28e-04	5.88e-03	6.37e-02	2.23e-01	2.45e-01	1.83e-01	2.63e-01	1.57e-02	2.83e-04
 2.03135e+22	3.08e-26	1.84e-20	4.94e-17	1.99e-14	3.85e-10	5.86e-07	1.54e-04	6.82e-03	7.06e-02	2.36e-01	2.49e-01	1.78e-01	2.45e-01	1.40e-02	2.39e-04
 2.07081e+22	4.17e-26	2.48e-20	6.45e-17	2.49e-14	4.65e-10	6.92e-07	1.77e-04	7.66e-03	7.64e-02	2.47e-01	2.51e-01	1.74e-01	2.31e-01	1.27e-02	2.09e-04
 2.11135e+22	5.64e-26	3.35e-20	8.40e-17	3.12e-14	5.61e-10	8.16e-07	2.04e-04	8.58e-03	8.25e-02	2.58e-01	2.52e-01	1.70e-01	2.17e-01	1.15e-02	1.82e-04
 2.16406e+22	8.23e-26	4.88e-20	1.17e-16	4.14e-14	7.10e-10	1.00e-06	2.43e-04	9.88e-03	9.07e-02	2.71e-01	2.53e-01	1.64e-01	2.01e-01	1.01e-02	1.53e-04
 2.21892e+22	1.21e-25	7.20e-20	1.65e-16	5.55e-14	9.04e-10	1.24e-06	2.91e-04	1.14e-02	9.97e-02	2.84e-01	2.54e-01	1.57e-01	1.84e-01	8.82e-03	1.27e-04
 2.26130e+22	1.60e-25	9.65e-20	2.13e-16	6.90e-14	1.08e-09	1.45e-06	3.32e-04	1.27e-02	1.07e-01	2.94e-01	2.53e-01	1.52e-01	1.72e-01	7.93e-03	1.10e-04
 2.29492e+22	1.99e-25	1.21e-19	2.60e-16	8.18e-14	1.25e-09	1.63e-06	3.68e-04	1.38e-02	1.13e-01	3.02e-01	2.53e-01	1.48e-01	1.63e-01	7.29e-03	9.81e-05
 2.33240e+22	2.53e-25	1.55e-19	3.22e-16	9.82e-14	1.45e-09	1.86e-06	4.11e-04	1.50e-02	1.19e-01	3.10e-01	2.51e-01	1.44e-01	1.54e-01	6.65e-03	8.67e-05
 2.38114e+22	3.42e-25	2.10e-19	4.22e-16	1.24e-13	1.75e-09	2.19e-06	4.71e-04	1.67e-02	1.28e-01	3.19e-01	2.50e-01	1.38e-01	1.42e-01	5.91e-03	7.40e-05
 2.43395e+22	4.70e-25	2.94e-19	5.67e-16	1.59e-13	2.14e-09	2.61e-06	5.46e-04	1.88e-02	1.37e-01	3.29e-01	2.47e-01	1.32e-01	1.30e-01	5.17e-03	6.19e-05
 2.48044e+22	6.16e-25	3.93e-19	7.29e-16	1.96e-13	2.55e-09	3.03e-06	6.19e-04	2.08e-02	1.46e-01	3.38e-01	2.44e-01	1.26e-01	1.20e-01	4.60e-03	5.30e-05
 2.52926e+22	8.09e-25	5.23e-19	9.38e-16	2.43e-13	3.03e-09	3.52e-06	7.01e-04	2.29e-02	1.55e-01	3.45e-01	2.40e-01	1.21e-01	1.11e-01	4.09e-03	4.53e-05
 2.59273e+22	1.15e-24	7.57e-19	1.30e-15	3.19e-13	3.78e-09	4.26e-06	8.21e-04	2.59e-02	1.67e-01	3.54e-01	2.35e-01	1.14e-01	9.99e-02	3.49e-03	3.68e-05
 2.65662e+22	1.61e-24	1.09e-18	1.79e-15	4.20e-13	4.71e-09	5.14e-06	9.60e-04	2.92e-02	1.79e-01	3.63e-01	2.29e-01	1.07e-01	8.95e-02	2.97e-03	2.97e-05
 2.70698e+22	2.07e-24	1.45e-18	2.29e-15	5.17e-13	5.58e-09	5.93e-06	1.08e-03	3.20e-02	1.89e-01	3.68e-01	2.24e-01	1.01e-01	8.20e-02	2.62e-03	2.52e-05
 2.75837e+22	2.68e-24	1.92e-18	2.92e-15	6.35e-13	6.57e-09	6.83e-06	1.21e-03	3.50e-02	1.98e-01	3.73e-01	2.19e-01	9.60e-02	7.51e-02	2.31e-03	2.13e-05
 2.82518e+22	3.70e-24	2.72e-18	3.97e-15	8.22e-13	8.09e-09	8.14e-06	1.40e-03	3.91e-02	2.11e-01	3.78e-01	2.12e-01	8.95e-02	6.70e-02	1.96e-03	1.73e-05
 2.89603e+22	5.13e-24	3.94e-18	5.48e-15	1.08e-12	1.01e-08	9.79e-06	1.63e-03	4.39e-02	2.24e-01	3.83e-01	2.04e-01	8.29e-02	5.92e-02	1.64e-03	1.37e-05
 2.95670e+22	6.74e-24	5.39e-18	7.20e-15	1.36e-12	1.21e-08	1.14e-05	1.85e-03	4.84e-02	2.36e-01	3.85e-01	1.97e-01	7.75e-02	5.32e-02	1.41e-03	1.13e-05
 3.02011e+22	8.88e-24	7.34e-18	9.43e-15	1.71e-12	1.45e-08	1.33e-05	2.09e-03	5.31e-02	2.47e-01	3.87e-01	1.89e-01	7.23e-02	4.77e-02	1.21e-03	9.25e-06
 3.10255e+22	1.26e-23	1.09e-17	1.33e-14	2.29e-12	1.83e-08	1.61e-05	2.44e-03	5.97e-02	2.62e-01	3.88e-01	1.80e-01	6.60e-02	4.14e-02	9.90e-04	7.16e-06
 3.18642e+22	1.77e-23	1.63e-17	1.89e-14	3.08e-12	2.31e-08	1.96e-05	2.86e-03	6.71e-02	2.77e-01	3.87e-01	1.70e-01	5.99e-02	3.56e-02	8.04e-04	5.48e-06
 3.24934e+22	2.26e-23	2.20e-17	2.46e-14	3.85e-12	2.76e-08	2.27e-05	3.21e-03	7.32e-02	2.88e-01	3.86e-01	1.62e-01	5.55e-02	3.17e-02	6.85e-04	4.47e-06
 3.29990e+22	2.73e-23	2.75e-17	3.00e-14	4.55e-12	3.15e-08	2.53e-05	3.50e-03	7.79e-02	2.96e-01	3.84e-01	1.56e-01	5.24e-02	2.91e-02	6.08e-04	3.84e-06
 3.35724e+22	3.40e-23	3.55e-17	3.74e-14	5.49e-12	3.66e-08	2.86e-05	3.85e-03	8.36e-02	3.05e-01	3.81e-01	1.50e-01	4.90e-02	2.63e-02	5.30e-04	3.22e-06
 3.43178e+22	4.47e-23	4.89e-17	4.96e-14	6.97e-12	4.42e-08	3.34e-05	4.35e-03	9.13e-02	3.17e-01	3.77e-01	1.42e-01	4.49e-02	2.31e-02	4.44e-04	2.57e-06
 3.51340e+22	5.97e-23	6.95e-17	6.75e-14	9.07e-12	5.43e-08	3.95e-05	4.96e-03	1.00e-01	3.29e-01	3.72e-01	1.33e-01	4.07e-02	2.00e-02	3.64e-04	2.01e-06
 3.58559e+22	7.61e-23	9.44e-17	8.84e-14	1.14e-11	6.51e-08	4.57e-05	5.56e-03	1.09e-01	3.39e-01	3.66e-01	1.25e-01	3.73e-02	1.76e-02	3.06e-04	1.61e-06
 3.65017e+22	9.47e-23	1.24e-16	1.12e-13	1.40e-11	7.63e-08	5.20e-05	6.14e-03	1.17e-01	3.48e-01	3.60e-01	1.18e-01	3.45e-02	1.57e-02	2.62e-04	1.32e-06
 3.72351e+22	1.20e-22	1.64e-16	1.44e-13	1.73e-11	9.05e-08	5.95e-05	6.81e-03	1.26e-01	3.57e-01	3.53e-01	1.11e-01	3.16e-02	1.39e-02	2.22e-04	1.07e-06
 3.81885e+22	1.62e-22	2.37e-16	1.99e-13	2.28e-11	1.12e-07	7.08e-05	7.77e-03	1.38e-01	3.67e-01	3.44e-01	1.03e-01	2.82e-02	1.18e-02	1.78e-04	8.18e-07
 3.91703e+22	2.16e-22	3.46e-16	2.78e-13	3.05e-11	1.41e-07	8.47e-05	8.91e-03	1.51e-01	3.78e-01	3.33e-01	9.41e-02	2.50e-02	9.92e-03	1.42e-04	6.13e-07
 3.99643e+22	2.69e-22	4.66e-16	3.62e-13	3.82e-11	1.69e-07	9.76e-05	9.90e-03	1.62e-01	3.85e-01	3.24e-01	8.75e-02	2.27e-02	8.64e-03	1.18e-04	4.87e-07
 4.07715e+22	3.38e-22	6.20e-16	4.66e-13	4.75e-11	2.00e-07	1.12e-04	1.09e-02	1.74e-01	3.91e-01	3.14e-01	8.15e-02	2.06e-02	7.55e-03	9.85e-05	3.90e-07
 4.18208e+22	4.47e-22	8.86e-16	6.40e-13	6.25e-11	2.49e-07	1.32e-04	1.24e-02	1.88e-01	3.98e-01	3.02e-01	7.42e-02	1.82e-02	6.35e-03	7.85e-05	2.94e-07
 4.29272e+22	5.84e-22	1.29e-15	8.96e-13	8.37e-11	3.13e-07	1.58e-04	1.41e-02	2.05e-01	4.04e-01	2.89e-01	6.70e-02	1.59e-02	5.27e-03	6.14e-05	2.17e-07
 4.38620e+22	7.22e-22	1.76e-15	1.18e-12	1.06e-10	3.77e-07	1.82e-04	1.57e-02	2.19e-01	4.08e-01	2.77e-01	6.13e-02	1.42e-02	4.51e-03	5.00e-05	1.69e-07
 4.48316e+22	9.01e-22	2.37e-15	1.54e-12	1.34e-10	4.53e-07	2.09e-04	1.73e-02	2.33e-01	4.11e-01	2.66e-01	5.62e-02	1.26e-02	3.86e-03	4.09e-05	1.32e-07
 4.60922e+22	1.18e-21	3.45e-15	2.15e-12	1.79e-10	5.68e-07	2.49e-04	1.96e-02	2.51e-01	4.13e-01	2.51e-01	5.01e-02	1.09e-02	3.17e-03	3.17e-05	0.00e+00
 4.74140e+22	1.51e-21	5.09e-15	3.05e-12	2.43e-10	7.22e-07	2.99e-04	2.23e-02	2.71e-01	4.14e-01	2.36e-01	4.43e-02	9.34e-03	2.57e-03	2.41e-05	0.00e+00
 4.84902e+22	1.80e-21	6.92e-15	4.02e-12	3.09e-10	8.71e-07	3.44e-04	2.46e-02	2.87e-01	4.14e-01	2.23e-01	4.00e-02	8.22e-03	2.17e-03	1.93e-05	0.00e+00
 4.93498e+22	2.07e-21	8.78e-15	4.98e-12	3.73e-10	1.01e-06	3.84e-04	2.65e-02	3.00e-01	4.13e-01	2.14e-01	3.69e-02	7.42e-03	1.89e-03	1.62e-05	0.00e+00
 5.02532e+22	2.40e-21	1.10e-14	6.11e-12	4.46e-10	1.16e-06	4.27e-04	2.85e-02	3.13e-01	4.11e-01	2.05e-01	3.41e-02	6.72e-03	1.66e-03	1.37e-05	0.00e+00
 5.14277e+22	2.86e-21	1.47e-14	7.92e-12	5.60e-10	1.39e-06	4.87e-04	3.12e-02	3.28e-01	4.08e-01	1.94e-01	3.07e-02	5.91e-03	1.40e-03	1.11e-05	0.00e+00
 5.26993e+22	3.42e-21	2.02e-14	1.05e-11	7.17e-10	1.68e-06	5.62e-04	3.44e-02	3.46e-01	4.04e-01	1.81e-01	2.74e-02	5.13e-03	1.16e-03	8.71e-06	0.00e+00
 5.38198e+22	3.87e-21	2.64e-14	1.34e-11	8.89e-10	1.99e-06	6.35e-04	3.74e-02	3.61e-01	3.99e-01	1.71e-01	2.47e-02	4.52e-03	9.86e-04	7.05e-06	0.00e+00
 5.48361e+22	4.43e-21	3.31e-14	1.64e-11	1.06e-09	2.28e-06	7.03e-04	4.00e-02	3.74e-01	3.95e-01	1.63e-01	2.27e-02	4.06e-03	8.58e-04	5.91e-06	0.00e+00
 5.59947e+22	4.97e-21	4.25e-14	2.06e-11	1.29e-09	2.66e-06	7.86e-04	4.31e-02	3.88e-01	3.90e-01	1.54e-01	2.05e-02	3.60e-03	7.35e-04	4.85e-06	0.00e+00
 5.75009e+22	5.90e-21	5.78e-14	2.71e-11	1.65e-09	3.21e-06	9.02e-04	4.71e-02	4.05e-01	3.82e-01	1.43e-01	1.81e-02	3.09e-03	6.03e-04	3.78e-06	0.00e+00
 5.90678e+22	6.94e-21	7.97e-14	3.63e-11	2.13e-09	3.91e-06	1.04e-03	5.17e-02	4.23e-01	3.74e-01	1.32e-01	1.59e-02	2.63e-03	4.89e-04	2.90e-06	0.00e+00
 6.03549e+22	7.70e-21	1.03e-13	4.59e-11	2.62e-09	4.59e-06	1.17e-03	5.57e-02	4.37e-01	3.66e-01	1.23e-01	1.42e-02	2.30e-03	4.12e-04	2.34e-06	0.00e+00
 6.16696e+22	8.83e-21	1.30e-13	5.67e-11	3.16e-09	5.29e-06	1.29e-03	5.94e-02	4.50e-01	3.59e-01	1.16e-01	1.28e-02	2.03e-03	3.52e-04	1.92e-06	0.00e+00
 6.33785e+22	1.04e-20	1.75e-13	7.40e-11	4.00e-09	6.35e-06	1.47e-03	6.45e-02	4.65e-01	3.49e-01	1.07e-01	1.12e-02	1.73e-03	2.88e-04	1.49e-06	0.00e+00
 6.51935e+22	1.23e-20	2.39e-13	9.85e-11	5.14e-09	7.70e-06	1.69e-03	7.02e-02	4.82e-01	3.38e-01	9.73e-02	9.73e-03	1.46e-03	2.31e-04	1.13e-06	0.00e+00
 6.67395e+22	1.40e-20	3.11e-13	1.25e-10	6.34e-09	9.04e-06	1.89e-03	7.54e-02	4.95e-01	3.28e-01	9.00e-02	8.60e-03	1.26e-03	1.92e-04	8.94e-07	0.00e+00
 6.83428e+22	1.62e-20	3.95e-13	1.55e-10	7.67e-09	1.05e-05	2.09e-03	8.02e-02	5.06e-01	3.19e-01	8.37e-02	7.68e-03	1.10e-03	1.62e-04	7.22e-07	0.00e+00
 7.04270e+22	1.96e-20	5.32e-13	2.03e-10	9.76e-09	1.26e-05	2.38e-03	8.67e-02	5.20e-01	3.07e-01	7.62e-02	6.64e-03	9.24e-04	1.30e-04	5.49e-07	0.00e+00
 7.26389e+22	2.38e-20	7.34e-13	2.73e-10	1.26e-08	1.53e-05	2.73e-03	9.41e-02	5.34e-01	2.94e-01	6.87e-02	5.65e-03	7.64e-04	1.02e-04	4.07e-07	0.00e+00
 7.45185e+22	2.76e-20	9.55e-13	3.47e-10	1.57e-08	1.80e-05	3.06e-03	1.01e-01	5.45e-01	2.83e-01	6.29e-02	4.94e-03	6.51e-04	8.37e-05	3.17e-07	0.00e+00
 7.64639e+22	3.25e-20	1.21e-12	4.31e-10	1.90e-08	2.08e-05	3.38e-03	1.07e-01	5.54e-01	2.73e-01	5.80e-02	4.37e-03	5.63e-04	6.98e-05	2.53e-07	0.00e+00
 7.89930e+22	3.98e-20	1.63e-12	5.65e-10	2.41e-08	2.49e-05	3.83e-03	1.15e-01	5.65e-01	2.60e-01	5.22e-02	3.73e-03	4.68e-04	5.54e-05	1.90e-07	0.00e+00
 8.17426e+22	4.92e-20	2.26e-12	7.61e-10	3.14e-08	3.04e-05	4.39e-03	1.24e-01	5.76e-01	2.46e-01	4.64e-02	3.13e-03	3.81e-04	4.29e-05	1.38e-07	0.00e+00
 8.39183e+22	5.78e-20	2.92e-12	9.60e-10	3.86e-08	3.56e-05	4.88e-03	1.31e-01	5.83e-01	2.35e-01	4.23e-02	2.72e-03	3.23e-04	3.50e-05	0.00e+00	0.00e+00
 8.55138e+22	6.46e-20	3.47e-12	1.13e-09	4.45e-08	3.96e-05	5.24e-03	1.37e-01	5.88e-01	2.28e-01	3.95e-02	2.47e-03	2.89e-04	3.03e-05	0.00e+00	0.00e+00
 8.72162e+22	7.33e-20	4.11e-12	1.32e-09	5.12e-08	4.39e-05	5.63e-03	1.42e-01	5.92e-01	2.20e-01	3.70e-02	2.24e-03	2.58e-04	2.64e-05	0.00e+00	0.00e+00
 8.94292e+22	8.53e-20	5.07e-12	1.59e-09	6.04e-08	4.98e-05	6.12e-03	1.49e-01	5.96e-01	2.12e-01	3.42e-02	2.00e-03	2.25e-04	2.23e-05	0.00e+00	0.00e+00
 9.23062e+22	1.03e-19	6.55e-12	2.02e-09	7.48e-08	5.84e-05	6.81e-03	1.58e-01	6.02e-01	2.01e-01	3.08e-02	1.72e-03	1.89e-04	1.80e-05	0.00e+00	0.00e+00
 9.53235e+22	1.24e-19	8.65e-12	2.61e-09	9.40e-08	6.92e-05	7.63e-03	1.68e-01	6.06e-01	1.90e-01	2.75e-02	1.46e-03	1.56e-04	1.42e-05	0.00e+00	0.00e+00
 9.78116e+22	1.44e-19	1.08e-11	3.19e-09	1.13e-07	7.91e-05	8.34e-03	1.76e-01	6.09e-01	1.81e-01	2.51e-02	1.28e-03	1.34e-04	1.18e-05	0.00e+00	0.00e+00
 1.00335e+23	1.66e-19	1.31e-11	3.81e-09	1.32e-07	8.92e-05	9.02e-03	1.83e-01	6.10e-01	1.73e-01	2.32e-02	1.14e-03	1.17e-04	9.95e-06	0.00e+00	0.00e+00
 1.03615e+23	1.98e-19	1.66e-11	4.74e-09	1.61e-07	1.03e-04	9.93e-03	1.92e-01	6.12e-01	1.64e-01	2.09e-02	9.83e-04	9.92e-05	8.10e-06	0.00e+00	0.00e+00
 1.07234e+23	2.39e-19	2.17e-11	6.07e-09	2.00e-07	1.21e-04	1.11e-02	2.03e-01	6.12e-01	1.54e-01	1.86e-02	8.33e-04	8.19e-05	6.40e-06	0.00e+00	0.00e+00
 1.10476e+23	2.81e-19	2.72e-11	7.51e-09	2.42e-07	1.40e-04	1.21e-02	2.12e-01	6.12e-01	1.45e-01	1.68e-02	7.21e-04	6.94e-05	5.22e-06	0.00e+00	0.00e+00
 1.13422e+23	3.22e-19	3.30e-11	8.96e-09	2.84e-07	1.57e-04	1.31e-02	2.21e-01	6.11e-01	1.39e-01	1.54e-02	6.38e-04	6.03e-05	4.39e-06	0.00e+00	0.00e+00
 1.16799e+23	3.73e-19	4.01e-11	1.07e-08	3.33e-07	1.77e-04	1.41e-02	2.29e-01	6.10e-01	1.32e-01	1.41e-02	5.64e-04	5.24e-05	3.69e-06	0.00e+00	0.00e+00
 1.21144e+23	4.39e-19	5.07e-11	1.33e-08	4.06e-07	2.05e-04	1.55e-02	2.40e-01	6.08e-01	1.24e-01	1.26e-02	4.83e-04	4.39e-05	2.97e-06	0.00e+00	0.00e+00
 1.25986e+23	5.30e-19	6.59e-11	1.70e-08	5.04e-07	2.40e-04	1.72e-02	2.51e-01	6.04e-01	1.16e-01	1.12e-02	4.07e-04	3.61e-05	2.34e-06	0.00e+00	0.00e+00
 1.30544e+23	6.24e-19	8.36e-11	2.12e-08	6.17e-07	2.78e-04	1.89e-02	2.63e-01	6.00e-01	1.08e-01	9.92e-03	3.46e-04	3.01e-05	1.87e-06	0.00e+00	0.00e+00
 1.34833e+23	7.19e-19	1.02e-10	2.56e-08	7.31e-07	3.15e-04	2.04e-02	2.72e-01	5.96e-01	1.02e-01	8.99e-03	3.02e-04	2.58e-05	1.54e-06	0.00e+00	0.00e+00
 1.39748e+23	8.25e-19	1.25e-10	3.07e-08	8.60e-07	3.54e-04	2.20e-02	2.82e-01	5.91e-01	9.63e-02	8.17e-03	2.65e-04	2.22e-05	1.29e-06	0.00e+00	0.00e+00
 1.45438e+23	9.61e-19	1.56e-10	3.79e-08	1.04e-06	4.08e-04	2.40e-02	2.93e-01	5.85e-01	9.00e-02	7.28e-03	2.26e-04	1.86e-05	1.03e-06	0.00e+00	0.00e+00
 1.51379e+23	1.11e-18	1.94e-10	4.66e-08	1.26e-06	4.67e-04	2.62e-02	3.04e-01	5.79e-01	8.39e-02	6.49e-03	1.94e-04	1.56e-05	8.34e-07	0.00e+00	0.00e+00
 1.57558e+23	1.27e-18	2.40e-10	5.66e-08	1.50e-06	5.32e-04	2.84e-02	3.15e-01	5.72e-01	7.86e-02	5.82e-03	1.67e-04	1.32e-05	6.80e-07	0.00e+00	0.00e+00
 1.63984e+23	1.44e-18	2.92e-10	6.82e-08	1.77e-06	6.00e-04	3.06e-02	3.25e-01	5.65e-01	7.37e-02	5.24e-03	1.45e-04	1.12e-05	5.59e-07	0.00e+00	0.00e+00
 1.70666e+23	1.61e-18	3.53e-10	8.12e-08	2.08e-06	6.74e-04	3.29e-02	3.35e-01	5.58e-01	6.93e-02	4.74e-03	1.27e-04	9.66e-06	4.65e-07	0.00e+00	0.00e+00
 1.77616e+23	1.78e-18	4.21e-10	9.57e-08	2.41e-06	7.50e-04	3.52e-02	3.44e-01	5.51e-01	6.53e-02	4.31e-03	1.12e-04	8.37e-06	3.90e-07	0.00e+00	0.00e+00
 1.84845e+23	1.94e-18	4.96e-10	1.12e-07	2.78e-06	8.30e-04	3.74e-02	3.52e-01	5.44e-01	6.18e-02	3.93e-03	9.88e-05	7.30e-06	3.30e-07	0.00e+00	0.00e+00
 1.92362e+23	2.09e-18	5.78e-10	1.29e-07	3.16e-06	9.12e-04	3.96e-02	3.60e-01	5.37e-01	5.86e-02	3.62e-03	8.83e-05	6.44e-06	2.83e-07	0.00e+00	0.00e+00
 2.00180e+23	2.24e-18	6.68e-10	1.48e-07	3.58e-06	9.97e-04	4.18e-02	3.68e-01	5.30e-01	5.57e-02	3.33e-03	7.93e-05	5.70e-06	2.44e-07	0.00e+00	0.00e+00
 2.08310e+23	2.37e-18	7.65e-10	1.67e-07	4.01e-06	1.08e-03	4.40e-02	3.75e-01	5.24e-01	5.30e-02	3.09e-03	7.17e-05	5.10e-06	2.13e-07	0.00e+00	0.00e+00
 2.16766e+23	2.47e-18	8.66e-10	1.88e-07	4.46e-06	1.17e-03	4.61e-02	3.81e-01	5.18e-01	5.07e-02	2.88e-03	6.52e-05	4.59e-06	1.87e-07	0.00e+00	0.00e+00
 2.25297e+23	2.52e-18	9.66e-10	2.08e-07	4.90e-06	1.25e-03	4.80e-02	3.87e-01	5.12e-01	4.87e-02	2.70e-03	6.00e-05	4.18e-06	1.67e-07	0.00e+00	0.00e+00
 2.33316e+23	2.57e-18	1.07e-09	2.29e-07	5.35e-06	1.33e-03	4.98e-02	3.92e-01	5.07e-01	4.69e-02	2.55e-03	5.55e-05	3.84e-06	1.50e-07	0.00e+00	0.00e+00
 2.40532e+23	2.62e-18	1.16e-09	2.47e-07	5.72e-06	1.40e-03	5.13e-02	3.97e-01	5.03e-01	4.55e-02	2.43e-03	5.22e-05	3.58e-06	1.38e-07	0.00e+00	0.00e+00
 2.47027e+23	2.63e-18	1.24e-09	2.63e-07	6.07e-06	1.46e-03	5.26e-02	4.00e-01	4.99e-01	4.43e-02	2.33e-03	4.95e-05	3.38e-06	1.29e-07	0.00e+00	0.00e+00
 2.52873e+23	2.63e-18	1.31e-09	2.77e-07	6.37e-06	1.51e-03	5.37e-02	4.03e-01	4.96e-01	4.34e-02	2.26e-03	4.75e-05	3.22e-06	0.00e+00	0.00e+00	0.00e+00
 2.58134e+23	2.64e-18	1.37e-09	2.88e-07	6.58e-06	1.54e-03	5.45e-02	4.05e-01	4.94e-01	4.28e-02	2.21e-03	4.61e-05	3.11e-06	0.00e+00	0.00e+00	0.00e+00
 2.62868e+23	2.60e-18	1.42e-09	2.98e-07	6.78e-06	1.58e-03	5.52e-02	4.07e-01	4.92e-01	4.22e-02	2.16e-03	4.48e-05	3.02e-06	0.00e+00	0.00e+00	0.00e+00
 2.67130e+23	2.56e-18	1.45e-09	3.05e-07	6.93e-06	1.60e-03	5.57e-02	4.08e-01	4.91e-01	4.18e-02	2.13e-03	4.40e-05	2.96e-06	0.00e+00	0.00e+00	0.00e+00
 2.70965e+23	2.52e-18	1.48e-09	3.10e-07	7.03e-06	1.62e-03	5.61e-02	4.09e-01	4.89e-01	4.15e-02	2.11e-03	4.34e-05	2.91e-06	0.00e+00	0.00e+00	0.00e+00
 2.74417e+23	2.48e-18	1.51e-09	3.16e-07	7.16e-06	1.64e-03	5.65e-02	4.10e-01	4.88e-01	4.12e-02	2.08e-03	4.27e-05	2.86e-06	0.00e+00	0.00e+00	0.00e+00
 2.77579e+23	2.46e-18	1.54e-09	3.21e-07	7.27e-06	1.66e-03	5.68e-02	4.11e-01	4.87e-01	4.09e-02	2.06e-03	4.21e-05	2.81e-06	0.00e+00	0.00e+00	0.00e+00
 2.80634e+23	2.42e-18	1.55e-09	3.25e-07	7.35e-06	1.67e-03	5.71e-02	4.12e-01	4.87e-01	4.07e-02	2.04e-03	4.16e-05	2.78e-06	0.00e+00	0.00e+00	0.00e+00
 2.83689e+23	2.40e-18	1.58e-09	3.30e-07	7.45e-06	1.69e-03	5.74e-02	4.13e-01	4.86e-01	4.04e-02	2.03e-03	4.12e-05	2.75e-06	0.00e+00	0.00e+00	0.00e+00
 2.86743e+23	2.35e-18	1.59e-09	3.32e-07	7.50e-06	1.69e-03	5.76e-02	4.13e-01	4.85e-01	4.03e-02	2.02e-03	4.09e-05	2.73e-06	0.00e+00	0.00e+00	0.00e+00
 2.89798e+23	2.30e-18	1.60e-09	3.35e-07	7.55e-06	1.70e-03	5.78e-02	4.13e-01	4.85e-01	4.02e-02	2.01e-03	4.07e-05	2.71e-06	0.00e+00	0.00e+00	0.00e+00
 2.92853e+23	2.24e-18	1.61e-09	3.36e-07	7.58e-06	1.71e-03	5.79e-02	4.14e-01	4.85e-01	4.01e-02	2.00e-03	4.05e-05	2.70e-06	0.00e+00	0.00e+00	0.00e+00
 2.95908e+23	2.17e-18	1.61e-09	3.37e-07	7.60e-06	1.71e-03	5.79e-02	4.14e-01	4.84e-01	4.01e-02	2.00e-03	4.04e-05	2.69e-06	0.00e+00	0.00e+00	0.00e+00
 2.98963e+23	2.11e-18	1.62e-09	3.38e-07	7.62e-06	1.71e-03	5.80e-02	4.14e-01	4.84e-01	4.00e-02	1.99e-03	4.03e-05	2.68e-06	0.00e+00	0.00e+00	0.00e+00
 3.02018e+23	2.05e-18	1.62e-09	3.38e-07	7.63e-06	1.72e-03	5.81e-02	4.14e-01	4.84e-01	4.00e-02	1.99e-03	4.02e-05	2.68e-06	0.00e+00	0.00e+00	0.00e+00
 3.04513e+23	2.07e-18	1.66e-09	3.46e-07	7.79e-06	1.74e-03	5.86e-02	4.15e-01	4.83e-01	3.96e-02	1.96e-03	3.95e-05	2.62e-06	0.00e+00	0.00e+00	0.00e+00
