#depth	Ne	Ne+	Ne+2	Ne+3	Ne+4	Ne+5	Ne+6	Ne+7	Ne+8	Ne+9	Ne+10
 6.17135e+19	0.00e+00	0.00e+00	0.00e+00	0.00e+00	2.45e-27	1.03e-21	1.51e-16	9.40e-12	6.67e-07	1.56e-03	9.98e-01
 1.87609e+20	0.00e+00	0.00e+00	0.00e+00	0.00e+00	3.96e-27	1.53e-21	2.07e-16	1.19e-11	7.82e-07	1.69e-03	9.98e-01
 3.18540e+20	0.00e+00	0.00e+00	0.00e+00	3.52e-33	6.44e-27	2.29e-21	2.84e-16	1.50e-11	9.17e-07	1.83e-03	9.98e-01
 4.54709e+20	0.00e+00	0.00e+00	0.00e+00	6.24e-33	1.05e-26	3.42e-21	3.90e-16	1.89e-11	1.08e-06	1.99e-03	9.98e-01
 5.74412e+20	0.00e+00	0.00e+00	0.00e+00	1.02e-32	1.59e-26	4.82e-21	5.10e-16	2.31e-11	1.23e-06	2.13e-03	9.98e-01
 6.66686e+20	0.00e+00	0.00e+00	0.00e+00	1.47e-32	2.17e-26	6.23e-21	6.24e-16	2.68e-11	1.37e-06	2.25e-03	9.98e-01
 7.48883e+20	0.00e+00	0.00e+00	0.00e+00	2.02e-32	2.84e-26	7.80e-21	7.45e-16	3.04e-11	1.49e-06	2.36e-03	9.98e-01
 8.41358e+20	0.00e+00	0.00e+00	0.00e+00	2.87e-32	3.84e-26	9.98e-21	9.04e-16	3.51e-11	1.65e-06	2.48e-03	9.98e-01
 9.61575e+20	0.00e+00	0.00e+00	0.00e+00	4.50e-32	5.61e-26	1.36e-20	1.16e-15	4.20e-11	1.86e-06	2.64e-03	9.97e-01
 1.08324e+21	0.00e+00	0.00e+00	0.00e+00	7.01e-32	8.18e-26	1.86e-20	1.47e-15	5.01e-11	2.11e-06	2.82e-03	9.97e-01
 1.17841e+21	0.00e+00	0.00e+00	0.00e+00	9.83e-32	1.09e-25	2.35e-20	1.77e-15	5.73e-11	2.31e-06	2.96e-03	9.97e-01
 1.27376e+21	0.00e+00	0.00e+00	0.00e+00	1.37e-31	1.45e-25	2.97e-20	2.12e-15	6.54e-11	2.54e-06	3.10e-03	9.97e-01
 1.39772e+21	0.00e+00	0.00e+00	0.00e+00	2.10e-31	2.07e-25	3.99e-20	2.68e-15	7.73e-11	2.85e-06	3.30e-03	9.97e-01
 1.52616e+21	0.00e+00	0.00e+00	0.00e+00	3.24e-31	2.99e-25	5.39e-20	3.38e-15	9.16e-11	3.21e-06	3.51e-03	9.96e-01
 1.63081e+21	0.00e+00	0.00e+00	0.00e+00	4.56e-31	4.00e-25	6.84e-20	4.07e-15	1.05e-10	3.53e-06	3.68e-03	9.96e-01
 1.73722e+21	0.00e+00	0.00e+00	0.00e+00	6.44e-31	5.35e-25	8.68e-20	4.90e-15	1.20e-10	3.88e-06	3.87e-03	9.96e-01
 1.84878e+21	0.00e+00	0.00e+00	0.00e+00	9.20e-31	7.24e-25	1.11e-19	5.93e-15	1.37e-10	4.28e-06	4.07e-03	9.96e-01
 1.94278e+21	0.00e+00	0.00e+00	0.00e+00	1.23e-30	9.27e-25	1.36e-19	6.94e-15	1.54e-10	4.63e-06	4.25e-03	9.96e-01
 2.04074e+21	0.00e+00	0.00e+00	0.00e+00	1.67e-30	1.20e-24	1.68e-19	8.16e-15	1.73e-10	5.03e-06	4.44e-03	9.96e-01
 2.16809e+21	0.00e+00	0.00e+00	0.00e+00	2.46e-30	1.66e-24	2.19e-19	1.00e-14	2.01e-10	5.59e-06	4.69e-03	9.95e-01
 2.29611e+21	0.00e+00	0.00e+00	0.00e+00	3.61e-30	2.30e-24	2.85e-19	1.23e-14	2.32e-10	6.20e-06	4.95e-03	9.95e-01
 2.39469e+21	0.00e+00	0.00e+00	0.00e+00	4.83e-30	2.94e-24	3.48e-19	1.44e-14	2.59e-10	6.71e-06	5.16e-03	9.95e-01
 2.49253e+21	0.00e+00	0.00e+00	0.00e+00	6.42e-30	3.73e-24	4.24e-19	1.67e-14	2.89e-10	7.25e-06	5.38e-03	9.95e-01
 2.61971e+21	0.00e+00	0.00e+00	0.00e+00	9.24e-30	5.08e-24	5.44e-19	2.03e-14	3.31e-10	8.00e-06	5.66e-03	9.94e-01
 2.75086e+21	0.00e+00	0.00e+00	0.00e+00	1.34e-29	6.94e-24	7.03e-19	2.47e-14	3.81e-10	8.85e-06	5.97e-03	9.94e-01
 2.85841e+21	0.00e+00	0.00e+00	0.00e+00	1.81e-29	8.94e-24	8.63e-19	2.89e-14	4.26e-10	9.59e-06	6.23e-03	9.94e-01
 2.94819e+21	0.00e+00	0.00e+00	0.00e+00	2.33e-29	1.11e-23	1.03e-18	3.30e-14	4.68e-10	1.03e-05	6.46e-03	9.94e-01
 3.04362e+21	0.00e+00	0.00e+00	0.00e+00	3.02e-29	1.37e-23	1.22e-18	3.78e-14	5.15e-10	1.10e-05	6.70e-03	9.93e-01
 3.16769e+21	0.00e+00	0.00e+00	0.00e+00	4.22e-29	1.82e-23	1.54e-18	4.50e-14	5.84e-10	1.20e-05	7.03e-03	9.93e-01
 3.29248e+21	0.00e+00	0.00e+00	0.00e+00	5.90e-29	2.42e-23	1.94e-18	5.37e-14	6.61e-10	1.32e-05	7.37e-03	9.93e-01
 3.39032e+21	0.00e+00	0.00e+00	0.00e+00	7.64e-29	3.00e-23	2.31e-18	6.15e-14	7.27e-10	1.41e-05	7.64e-03	9.92e-01
 3.48963e+21	0.00e+00	0.00e+00	0.00e+00	9.92e-29	3.74e-23	2.76e-18	7.05e-14	8.00e-10	1.51e-05	7.93e-03	9.92e-01
 3.61873e+21	0.00e+00	0.00e+00	0.00e+00	1.39e-28	4.96e-23	3.47e-18	8.39e-14	9.06e-10	1.66e-05	8.31e-03	9.92e-01
 3.74827e+21	0.00e+00	0.00e+00	0.00e+00	1.94e-28	6.57e-23	4.36e-18	1.00e-13	1.02e-09	1.81e-05	8.71e-03	9.91e-01
 3.84937e+21	0.00e+00	0.00e+00	0.00e+00	2.51e-28	8.17e-23	5.21e-18	1.14e-13	1.13e-09	1.94e-05	9.03e-03	9.91e-01
 3.95179e+21	0.00e+00	0.00e+00	0.00e+00	3.25e-28	1.02e-22	6.21e-18	1.31e-13	1.24e-09	2.08e-05	9.37e-03	9.91e-01
 4.08494e+21	0.00e+00	0.00e+00	0.00e+00	4.54e-28	1.34e-22	7.80e-18	1.56e-13	1.40e-09	2.27e-05	9.81e-03	9.90e-01
 4.21343e+21	0.00e+00	0.00e+00	0.00e+00	6.25e-28	1.76e-22	9.70e-18	1.84e-13	1.57e-09	2.47e-05	1.03e-02	9.90e-01
 4.30651e+21	0.00e+00	0.00e+00	0.00e+00	7.87e-28	2.13e-22	1.14e-17	2.08e-13	1.71e-09	2.63e-05	1.06e-02	9.89e-01
 4.39814e+21	0.00e+00	0.00e+00	0.00e+00	9.84e-28	2.58e-22	1.32e-17	2.33e-13	1.86e-09	2.79e-05	1.09e-02	9.89e-01
 4.51726e+21	0.00e+00	0.00e+00	0.00e+00	1.32e-27	3.29e-22	1.61e-17	2.71e-13	2.07e-09	3.01e-05	1.14e-02	9.89e-01
 4.64340e+21	0.00e+00	0.00e+00	0.00e+00	1.79e-27	4.25e-22	1.99e-17	3.18e-13	2.31e-09	3.27e-05	1.19e-02	9.88e-01
 4.75161e+21	0.00e+00	0.00e+00	0.00e+00	2.31e-27	5.29e-22	2.37e-17	3.64e-13	2.54e-09	3.50e-05	1.23e-02	9.88e-01
 4.84773e+21	0.00e+00	0.00e+00	0.00e+00	2.92e-27	6.42e-22	2.78e-17	4.11e-13	2.77e-09	3.72e-05	1.27e-02	9.87e-01
 4.95521e+21	0.00e+00	0.00e+00	0.00e+00	3.75e-27	7.94e-22	3.30e-17	4.69e-13	3.04e-09	3.98e-05	1.31e-02	9.87e-01
 5.09494e+21	0.00e+00	0.00e+00	3.99e-33	5.21e-27	1.05e-21	4.13e-17	5.57e-13	3.43e-09	4.34e-05	1.37e-02	9.86e-01
 5.23415e+21	0.00e+00	0.00e+00	5.83e-33	7.21e-27	1.38e-21	5.16e-17	6.60e-13	3.87e-09	4.73e-05	1.44e-02	9.86e-01
 5.34143e+21	0.00e+00	0.00e+00	7.79e-33	9.25e-27	1.70e-21	6.12e-17	7.52e-13	4.24e-09	5.05e-05	1.49e-02	9.85e-01
 5.43471e+21	0.00e+00	0.00e+00	1.00e-32	1.15e-26	2.04e-21	7.10e-17	8.43e-13	4.59e-09	5.34e-05	1.53e-02	9.85e-01
 5.54104e+21	0.00e+00	0.00e+00	1.32e-32	1.46e-26	2.50e-21	8.38e-17	9.57e-13	5.02e-09	5.69e-05	1.58e-02	9.84e-01
 5.67926e+21	0.00e+00	0.00e+00	1.91e-32	2.00e-26	3.25e-21	1.04e-16	1.13e-12	5.64e-09	6.18e-05	1.65e-02	9.83e-01
 5.81992e+21	0.00e+00	0.00e+00	2.76e-32	2.75e-26	4.25e-21	1.29e-16	1.33e-12	6.35e-09	6.72e-05	1.72e-02	9.83e-01
 5.93248e+21	0.00e+00	0.00e+00	3.69e-32	3.54e-26	5.26e-21	1.54e-16	1.52e-12	6.98e-09	7.18e-05	1.78e-02	9.82e-01
 6.04754e+21	0.00e+00	0.00e+00	4.96e-32	4.57e-26	6.52e-21	1.83e-16	1.74e-12	7.68e-09	7.68e-05	1.84e-02	9.82e-01
 6.19713e+21	0.00e+00	0.00e+00	7.27e-32	6.34e-26	8.60e-21	2.30e-16	2.08e-12	8.69e-09	8.37e-05	1.92e-02	9.81e-01
 6.34477e+21	0.00e+00	0.00e+00	1.06e-31	8.77e-26	1.13e-20	2.88e-16	2.46e-12	9.82e-09	9.11e-05	2.01e-02	9.80e-01
 6.45655e+21	0.00e+00	0.00e+00	1.40e-31	1.12e-25	1.39e-20	3.40e-16	2.80e-12	1.08e-08	9.71e-05	2.07e-02	9.79e-01
 6.56852e+21	0.00e+00	0.00e+00	1.85e-31	1.42e-25	1.70e-20	4.02e-16	3.19e-12	1.18e-08	1.03e-04	2.14e-02	9.79e-01
 6.71407e+21	0.00e+00	0.00e+00	2.65e-31	1.93e-25	2.21e-20	4.97e-16	3.76e-12	1.33e-08	1.12e-04	2.23e-02	9.78e-01
 6.86612e+21	0.00e+00	0.00e+00	3.84e-31	2.67e-25	2.90e-20	6.21e-16	4.46e-12	1.50e-08	1.22e-04	2.32e-02	9.77e-01
 6.99354e+21	0.00e+00	0.00e+00	5.23e-31	3.48e-25	3.63e-20	7.48e-16	5.14e-12	1.66e-08	1.31e-04	2.40e-02	9.76e-01
 7.12609e+21	0.00e+00	0.00e+00	7.16e-31	4.57e-25	4.57e-20	9.03e-16	5.95e-12	1.84e-08	1.40e-04	2.49e-02	9.75e-01
 7.27309e+21	0.00e+00	0.00e+00	1.01e-30	6.16e-25	5.89e-20	1.11e-15	6.99e-12	2.07e-08	1.52e-04	2.59e-02	9.74e-01
 7.40883e+21	0.00e+00	0.00e+00	1.39e-30	8.10e-25	7.42e-20	1.35e-15	8.10e-12	2.30e-08	1.63e-04	2.68e-02	9.73e-01
 7.53591e+21	0.00e+00	0.00e+00	1.87e-30	1.05e-24	9.24e-20	1.61e-15	9.30e-12	2.54e-08	1.74e-04	2.77e-02	9.72e-01
 7.68179e+21	0.00e+00	0.00e+00	2.59e-30	1.39e-24	1.17e-19	1.96e-15	1.08e-11	2.83e-08	1.87e-04	2.88e-02	9.71e-01
 7.84200e+21	0.00e+00	0.00e+00	3.70e-30	1.89e-24	1.52e-19	2.43e-15	1.28e-11	3.19e-08	2.03e-04	2.99e-02	9.70e-01
 7.98611e+21	0.00e+00	0.00e+00	5.08e-30	2.49e-24	1.92e-19	2.94e-15	1.48e-11	3.55e-08	2.18e-04	3.10e-02	9.69e-01
 8.11801e+21	0.00e+00	0.00e+00	6.81e-30	3.20e-24	2.38e-19	3.51e-15	1.70e-11	3.92e-08	2.33e-04	3.20e-02	9.68e-01
 8.26879e+21	0.00e+00	0.00e+00	9.32e-30	4.20e-24	3.00e-19	4.25e-15	1.97e-11	4.36e-08	2.51e-04	3.32e-02	9.67e-01
 8.43831e+21	0.00e+00	0.00e+00	1.33e-29	5.71e-24	3.90e-19	5.27e-15	2.33e-11	4.92e-08	2.72e-04	3.45e-02	9.65e-01
 8.59321e+21	0.00e+00	0.00e+00	1.83e-29	7.53e-24	4.93e-19	6.40e-15	2.71e-11	5.49e-08	2.92e-04	3.58e-02	9.64e-01
 8.73109e+21	0.00e+00	0.00e+00	2.42e-29	9.58e-24	6.05e-19	7.58e-15	3.10e-11	6.04e-08	3.11e-04	3.69e-02	9.63e-01
 8.88585e+21	0.00e+00	0.00e+00	3.28e-29	1.25e-23	7.59e-19	9.13e-15	3.58e-11	6.70e-08	3.33e-04	3.82e-02	9.62e-01
 9.08704e+21	0.00e+00	0.00e+00	4.85e-29	1.75e-23	1.01e-18	1.16e-14	4.31e-11	7.67e-08	3.64e-04	3.99e-02	9.60e-01
 9.29112e+21	0.00e+00	0.00e+00	7.15e-29	2.45e-23	1.35e-18	1.47e-14	5.18e-11	8.77e-08	3.98e-04	4.16e-02	9.58e-01
 9.45464e+21	0.00e+00	0.00e+00	9.71e-29	3.20e-23	1.69e-18	1.77e-14	5.99e-11	9.74e-08	4.27e-04	4.30e-02	9.57e-01
 9.62288e+21	0.00e+00	0.00e+00	1.32e-28	4.17e-23	2.11e-18	2.13e-14	6.93e-11	1.08e-07	4.57e-04	4.45e-02	9.55e-01
 9.84159e+21	0.00e+00	0.00e+00	1.94e-28	5.83e-23	2.82e-18	2.70e-14	8.34e-11	1.24e-07	5.00e-04	4.65e-02	9.53e-01
 1.00590e+22	0.00e+00	0.00e+00	2.84e-28	8.10e-23	3.73e-18	3.41e-14	1.00e-10	1.41e-07	5.45e-04	4.85e-02	9.51e-01
 1.02262e+22	0.00e+00	0.00e+00	3.77e-28	1.04e-22	4.61e-18	4.06e-14	1.15e-10	1.56e-07	5.82e-04	5.00e-02	9.49e-01
 1.03953e+22	0.00e+00	0.00e+00	4.99e-28	1.32e-22	5.67e-18	4.83e-14	1.31e-10	1.72e-07	6.21e-04	5.16e-02	9.48e-01
 1.06151e+22	0.00e+00	0.00e+00	7.14e-28	1.81e-22	7.39e-18	6.01e-14	1.56e-10	1.95e-07	6.73e-04	5.37e-02	9.46e-01
 1.08481e+22	0.00e+00	0.00e+00	1.04e-27	2.50e-22	9.74e-18	7.56e-14	1.86e-10	2.22e-07	7.34e-04	5.60e-02	9.43e-01
 1.10493e+22	0.00e+00	0.00e+00	1.42e-27	3.28e-22	1.23e-17	9.17e-14	2.17e-10	2.48e-07	7.88e-04	5.80e-02	9.41e-01
 1.12340e+22	0.00e+00	0.00e+00	1.88e-27	4.19e-22	1.51e-17	1.09e-13	2.48e-10	2.74e-07	8.41e-04	5.98e-02	9.39e-01
 1.14463e+22	0.00e+00	0.00e+00	2.58e-27	5.51e-22	1.92e-17	1.32e-13	2.89e-10	3.06e-07	9.05e-04	6.19e-02	9.37e-01
 1.16777e+22	0.00e+00	0.00e+00	3.63e-27	7.40e-22	2.46e-17	1.63e-13	3.41e-10	3.45e-07	9.78e-04	6.43e-02	9.35e-01
 1.18859e+22	0.00e+00	0.00e+00	4.89e-27	9.60e-22	3.08e-17	1.96e-13	3.94e-10	3.84e-07	1.05e-03	6.65e-02	9.32e-01
 1.21087e+22	0.00e+00	3.79e-33	6.68e-27	1.26e-21	3.88e-17	2.38e-13	4.58e-10	4.28e-07	1.13e-03	6.88e-02	9.30e-01
 1.23581e+22	0.00e+00	5.60e-33	9.42e-27	1.70e-21	5.01e-17	2.94e-13	5.41e-10	4.83e-07	1.22e-03	7.14e-02	9.27e-01
 1.25922e+22	0.00e+00	8.02e-33	1.29e-26	2.23e-21	6.33e-17	3.57e-13	6.30e-10	5.41e-07	1.31e-03	7.40e-02	9.25e-01
 1.28128e+22	0.00e+00	1.12e-32	1.73e-26	2.88e-21	7.87e-17	4.28e-13	7.26e-10	5.99e-07	1.40e-03	7.64e-02	9.22e-01
 1.30660e+22	0.00e+00	1.62e-32	2.40e-26	3.83e-21	1.00e-16	5.24e-13	8.50e-10	6.73e-07	1.51e-03	7.92e-02	9.19e-01
 1.33473e+22	0.00e+00	2.43e-32	3.43e-26	5.22e-21	1.31e-16	6.53e-13	1.01e-09	7.63e-07	1.64e-03	8.23e-02	9.16e-01
 1.36091e+22	0.00e+00	3.51e-32	4.76e-26	6.93e-21	1.67e-16	7.99e-13	1.18e-09	8.57e-07	1.77e-03	8.53e-02	9.13e-01
 1.38934e+22	0.00e+00	5.19e-32	6.71e-26	9.35e-21	2.15e-16	9.88e-13	1.40e-09	9.68e-07	1.91e-03	8.86e-02	9.10e-01
 1.41922e+22	0.00e+00	7.79e-32	9.60e-26	1.28e-20	2.81e-16	1.23e-12	1.66e-09	1.10e-06	2.08e-03	9.21e-02	9.06e-01
 1.44457e+22	0.00e+00	1.09e-31	1.29e-25	1.65e-20	3.51e-16	1.48e-12	1.92e-09	1.22e-06	2.23e-03	9.51e-02	9.03e-01
 1.47111e+22	0.00e+00	1.54e-31	1.75e-25	2.15e-20	4.39e-16	1.79e-12	2.23e-09	1.36e-06	2.39e-03	9.83e-02	8.99e-01
 1.50562e+22	0.00e+00	2.39e-31	2.58e-25	3.01e-20	5.86e-16	2.27e-12	2.69e-09	1.56e-06	2.61e-03	1.02e-01	8.95e-01
 1.54082e+22	0.00e+00	3.72e-31	3.81e-25	4.23e-20	7.83e-16	2.89e-12	3.25e-09	1.79e-06	2.85e-03	1.07e-01	8.90e-01
 1.56893e+22	0.00e+00	5.25e-31	5.16e-25	5.52e-20	9.83e-16	3.49e-12	3.77e-09	1.99e-06	3.06e-03	1.10e-01	8.87e-01
 1.59745e+22	0.00e+00	7.39e-31	6.98e-25	7.17e-20	1.23e-15	4.21e-12	4.37e-09	2.22e-06	3.28e-03	1.14e-01	8.83e-01
 1.63453e+22	0.00e+00	1.14e-30	1.03e-24	1.00e-19	1.64e-15	5.34e-12	5.26e-09	2.54e-06	3.58e-03	1.19e-01	8.78e-01
 1.67298e+22	0.00e+00	1.79e-30	1.52e-24	1.41e-19	2.20e-15	6.82e-12	6.38e-09	2.92e-06	3.92e-03	1.24e-01	8.72e-01
 1.70229e+22	0.00e+00	2.51e-30	2.05e-24	1.83e-19	2.74e-15	8.19e-12	7.37e-09	3.25e-06	4.19e-03	1.28e-01	8.68e-01
 1.72522e+22	0.00e+00	3.23e-30	2.56e-24	2.22e-19	3.24e-15	9.41e-12	8.21e-09	3.51e-06	4.41e-03	1.31e-01	8.65e-01
 1.75079e+22	0.00e+00	4.31e-30	3.30e-24	2.77e-19	3.91e-15	1.10e-11	9.29e-09	3.84e-06	4.67e-03	1.34e-01	8.61e-01
 1.78403e+22	0.00e+00	6.10e-30	4.49e-24	3.62e-19	4.92e-15	1.33e-11	1.08e-08	4.29e-06	5.01e-03	1.39e-01	8.56e-01
 1.82026e+22	0.00e+00	9.12e-30	6.40e-24	4.92e-19	6.40e-15	1.66e-11	1.28e-08	4.86e-06	5.43e-03	1.44e-01	8.51e-01
 1.85183e+22	0.00e+00	1.28e-29	8.61e-24	6.37e-19	7.99e-15	2.00e-11	1.48e-08	5.39e-06	5.80e-03	1.48e-01	8.46e-01
 1.88005e+22	0.00e+00	1.72e-29	1.12e-23	8.00e-19	9.71e-15	2.35e-11	1.68e-08	5.91e-06	6.16e-03	1.52e-01	8.42e-01
 1.90751e+22	0.00e+00	2.28e-29	1.44e-23	9.94e-19	1.17e-14	2.74e-11	1.90e-08	6.46e-06	6.52e-03	1.56e-01	8.37e-01
 1.93830e+22	0.00e+00	3.10e-29	1.88e-23	1.26e-18	1.43e-14	3.24e-11	2.16e-08	7.10e-06	6.92e-03	1.61e-01	8.33e-01
 1.97202e+22	0.00e+00	4.38e-29	2.55e-23	1.64e-18	1.79e-14	3.91e-11	2.51e-08	7.91e-06	7.42e-03	1.66e-01	8.27e-01
 2.00179e+22	0.00e+00	5.91e-29	3.32e-23	2.06e-18	2.18e-14	4.61e-11	2.85e-08	8.68e-06	7.87e-03	1.70e-01	8.22e-01
 2.02851e+22	0.00e+00	7.69e-29	4.19e-23	2.52e-18	2.60e-14	5.33e-11	3.20e-08	9.42e-06	8.29e-03	1.74e-01	8.18e-01
 2.05899e+22	0.00e+00	1.03e-28	5.44e-23	3.16e-18	3.15e-14	6.26e-11	3.63e-08	1.03e-05	8.78e-03	1.79e-01	8.13e-01
 2.09092e+22	0.00e+00	1.41e-28	7.15e-23	4.01e-18	3.86e-14	7.41e-11	4.14e-08	1.14e-05	9.33e-03	1.83e-01	8.07e-01
 2.11763e+22	0.00e+00	1.82e-28	8.97e-23	4.89e-18	4.58e-14	8.53e-11	4.63e-08	1.23e-05	9.82e-03	1.88e-01	8.03e-01
 2.14524e+22	0.00e+00	2.36e-28	1.13e-22	5.97e-18	5.43e-14	9.85e-11	5.17e-08	1.33e-05	1.03e-02	1.92e-01	7.98e-01
 2.18112e+22	0.00e+00	3.29e-28	1.51e-22	7.69e-18	6.75e-14	1.18e-10	5.96e-08	1.48e-05	1.10e-02	1.97e-01	7.92e-01
 2.21728e+22	0.00e+00	4.62e-28	2.04e-22	9.97e-18	8.43e-14	1.42e-10	6.89e-08	1.64e-05	1.18e-02	2.03e-01	7.85e-01
 2.24536e+22	0.00e+00	5.98e-28	2.56e-22	1.22e-17	1.00e-13	1.64e-10	7.70e-08	1.78e-05	1.24e-02	2.07e-01	7.80e-01
 2.27345e+22	0.00e+00	7.71e-28	3.20e-22	1.48e-17	1.18e-13	1.88e-10	8.59e-08	1.92e-05	1.30e-02	2.12e-01	7.75e-01
 2.30997e+22	0.00e+00	1.07e-27	4.26e-22	1.90e-17	1.46e-13	2.25e-10	9.88e-08	2.12e-05	1.39e-02	2.18e-01	7.68e-01
 2.34579e+22	0.00e+00	1.48e-27	5.68e-22	2.43e-17	1.81e-13	2.69e-10	1.14e-07	2.35e-05	1.48e-02	2.24e-01	7.62e-01
 2.37232e+22	0.00e+00	1.88e-27	7.01e-22	2.92e-17	2.12e-13	3.07e-10	1.26e-07	2.52e-05	1.55e-02	2.28e-01	7.57e-01
 2.39843e+22	0.00e+00	2.36e-27	8.56e-22	3.48e-17	2.47e-13	3.47e-10	1.39e-07	2.71e-05	1.61e-02	2.32e-01	7.52e-01
 2.43237e+22	0.00e+00	3.16e-27	1.11e-21	4.35e-17	2.99e-13	4.08e-10	1.57e-07	2.96e-05	1.71e-02	2.38e-01	7.45e-01
 2.46826e+22	0.00e+00	4.32e-27	1.46e-21	5.54e-17	3.68e-13	4.85e-10	1.80e-07	3.26e-05	1.81e-02	2.44e-01	7.38e-01
 2.49864e+22	0.00e+00	5.63e-27	1.84e-21	6.77e-17	4.37e-13	5.61e-10	2.02e-07	3.54e-05	1.91e-02	2.49e-01	7.32e-01
 2.53007e+22	0.00e+00	7.34e-27	2.33e-21	8.30e-17	5.21e-13	6.49e-10	2.26e-07	3.84e-05	2.01e-02	2.54e-01	7.26e-01
 2.57093e+22	0.00e+00	1.03e-26	3.15e-21	1.08e-16	6.53e-13	7.84e-10	2.62e-07	4.26e-05	2.14e-02	2.61e-01	7.17e-01
 2.61171e+22	0.00e+00	1.46e-26	4.28e-21	1.41e-16	8.22e-13	9.50e-10	3.04e-07	4.74e-05	2.29e-02	2.68e-01	7.09e-01
 2.64176e+22	4.20e-33	1.89e-26	5.35e-21	1.71e-16	9.71e-13	1.09e-09	3.40e-07	5.12e-05	2.40e-02	2.73e-01	7.03e-01
 2.67018e+22	5.46e-33	2.38e-26	6.58e-21	2.05e-16	1.13e-12	1.24e-09	3.76e-07	5.50e-05	2.51e-02	2.78e-01	6.97e-01
 2.70713e+22	7.65e-33	3.22e-26	8.59e-21	2.58e-16	1.38e-12	1.47e-09	4.28e-07	6.04e-05	2.66e-02	2.85e-01	6.89e-01
 2.74515e+22	1.09e-32	4.42e-26	1.13e-20	3.29e-16	1.71e-12	1.75e-09	4.91e-07	6.65e-05	2.82e-02	2.91e-01	6.80e-01
 2.77587e+22	1.45e-32	5.73e-26	1.42e-20	4.01e-16	2.02e-12	2.02e-09	5.49e-07	7.20e-05	2.96e-02	2.97e-01	6.73e-01
 2.80713e+22	1.91e-32	7.30e-26	1.77e-20	4.83e-16	2.38e-12	2.31e-09	6.10e-07	7.76e-05	3.10e-02	3.02e-01	6.67e-01
 2.84776e+22	2.73e-32	1.01e-25	2.35e-20	6.19e-16	2.94e-12	2.77e-09	7.02e-07	8.57e-05	3.29e-02	3.09e-01	6.58e-01
 2.88926e+22	3.97e-32	1.41e-25	3.15e-20	8.01e-16	3.68e-12	3.33e-09	8.12e-07	9.49e-05	3.50e-02	3.17e-01	6.48e-01
 2.92196e+22	5.37e-32	1.85e-25	4.00e-20	9.86e-16	4.40e-12	3.88e-09	9.14e-07	1.03e-04	3.68e-02	3.23e-01	6.41e-01
 2.95009e+22	6.81e-32	2.28e-25	4.82e-20	1.16e-15	5.07e-12	4.37e-09	1.00e-06	1.10e-04	3.83e-02	3.27e-01	6.34e-01
 2.98218e+22	8.98e-32	2.93e-25	6.01e-20	1.40e-15	5.98e-12	5.02e-09	1.12e-06	1.19e-04	4.01e-02	3.33e-01	6.27e-01
 3.02390e+22	1.28e-31	4.02e-25	7.96e-20	1.80e-15	7.40e-12	6.00e-09	1.29e-06	1.31e-04	4.25e-02	3.40e-01	6.17e-01
 3.06723e+22	1.86e-31	5.63e-25	1.07e-19	2.32e-15	9.26e-12	7.25e-09	1.49e-06	1.45e-04	4.53e-02	3.48e-01	6.07e-01
 3.10280e+22	2.52e-31	7.39e-25	1.36e-19	2.87e-15	1.11e-11	8.45e-09	1.68e-06	1.58e-04	4.76e-02	3.54e-01	5.98e-01
 3.13919e+22	3.40e-31	9.66e-25	1.73e-19	3.53e-15	1.33e-11	9.84e-09	1.89e-06	1.72e-04	5.00e-02	3.60e-01	5.90e-01
 3.18649e+22	4.99e-31	1.36e-24	2.34e-19	4.60e-15	1.68e-11	1.20e-08	2.21e-06	1.91e-04	5.33e-02	3.68e-01	5.78e-01
 3.23437e+22	7.40e-31	1.94e-24	3.20e-19	6.05e-15	2.13e-11	1.46e-08	2.58e-06	2.13e-04	5.69e-02	3.76e-01	5.67e-01
 3.27227e+22	1.00e-30	2.56e-24	4.09e-19	7.48e-15	2.56e-11	1.71e-08	2.92e-06	2.33e-04	5.98e-02	3.83e-01	5.57e-01
 3.31080e+22	1.35e-30	3.34e-24	5.18e-19	9.20e-15	3.07e-11	1.99e-08	3.29e-06	2.53e-04	6.28e-02	3.89e-01	5.48e-01
 3.35404e+22	1.89e-30	4.51e-24	6.76e-19	1.16e-14	3.76e-11	2.37e-08	3.77e-06	2.78e-04	6.64e-02	3.96e-01	5.38e-01
 3.39428e+22	2.56e-30	5.94e-24	8.64e-19	1.44e-14	4.53e-11	2.77e-08	4.27e-06	3.03e-04	6.98e-02	4.02e-01	5.28e-01
 3.43076e+22	3.38e-30	7.62e-24	1.08e-18	1.75e-14	5.37e-11	3.20e-08	4.78e-06	3.28e-04	7.31e-02	4.08e-01	5.19e-01
 3.47145e+22	4.49e-30	9.85e-24	1.35e-18	2.13e-14	6.39e-11	3.71e-08	5.37e-06	3.55e-04	7.66e-02	4.13e-01	5.10e-01
 3.52435e+22	6.49e-30	1.37e-23	1.82e-18	2.76e-14	8.01e-11	4.49e-08	6.25e-06	3.94e-04	8.13e-02	4.21e-01	4.98e-01
 3.57751e+22	9.40e-30	1.92e-23	2.45e-18	3.59e-14	1.01e-10	5.46e-08	7.28e-06	4.38e-04	8.64e-02	4.28e-01	4.85e-01
 3.61880e+22	1.24e-29	2.47e-23	3.07e-18	4.37e-14	1.20e-10	6.32e-08	8.18e-06	4.75e-04	9.05e-02	4.34e-01	4.75e-01
 3.66027e+22	1.62e-29	3.14e-23	3.80e-18	5.27e-14	1.41e-10	7.27e-08	9.13e-06	5.13e-04	9.45e-02	4.39e-01	4.66e-01
 3.71419e+22	2.27e-29	4.25e-23	4.98e-18	6.68e-14	1.74e-10	8.67e-08	1.05e-05	5.65e-04	9.98e-02	4.45e-01	4.55e-01
 3.77149e+22	3.23e-29	5.86e-23	6.63e-18	8.59e-14	2.17e-10	1.05e-07	1.22e-05	6.26e-04	1.06e-01	4.51e-01	4.42e-01
 3.82061e+22	4.35e-29	7.69e-23	8.46e-18	1.06e-13	2.61e-10	1.23e-07	1.38e-05	6.83e-04	1.11e-01	4.57e-01	4.31e-01
 3.86520e+22	5.59e-29	9.66e-23	1.04e-17	1.27e-13	3.06e-10	1.40e-07	1.54e-05	7.34e-04	1.16e-01	4.61e-01	4.22e-01
 3.91647e+22	7.41e-29	1.25e-22	1.30e-17	1.55e-13	3.64e-10	1.63e-07	1.73e-05	7.97e-04	1.21e-01	4.66e-01	4.12e-01
 3.98311e+22	1.05e-28	1.72e-22	1.73e-17	2.00e-13	4.55e-10	1.97e-07	2.01e-05	8.83e-04	1.28e-01	4.72e-01	3.99e-01
 4.05244e+22	1.52e-28	2.39e-22	2.34e-17	2.60e-13	5.72e-10	2.39e-07	2.34e-05	9.82e-04	1.36e-01	4.77e-01	3.86e-01
 4.10576e+22	2.00e-28	3.07e-22	2.92e-17	3.16e-13	6.80e-10	2.77e-07	2.63e-05	1.06e-03	1.42e-01	4.81e-01	3.76e-01
 4.14766e+22	2.45e-28	3.70e-22	3.45e-17	3.66e-13	7.74e-10	3.09e-07	2.87e-05	1.13e-03	1.46e-01	4.84e-01	3.68e-01
 4.19422e+22	3.04e-28	4.51e-22	4.13e-17	4.28e-13	8.87e-10	3.47e-07	3.15e-05	1.20e-03	1.52e-01	4.87e-01	3.60e-01
 4.25475e+22	4.00e-28	5.79e-22	5.16e-17	5.22e-13	1.06e-09	4.02e-07	3.54e-05	1.30e-03	1.58e-01	4.90e-01	3.50e-01
 4.32120e+22	5.39e-28	7.60e-22	6.60e-17	6.47e-13	1.28e-09	4.72e-07	4.02e-05	1.42e-03	1.66e-01	4.94e-01	3.39e-01
 4.38111e+22	7.01e-28	9.65e-22	8.18e-17	7.82e-13	1.51e-09	5.44e-07	4.49e-05	1.54e-03	1.73e-01	4.96e-01	3.29e-01
 4.43629e+22	8.83e-28	1.19e-21	9.89e-17	9.24e-13	1.74e-09	6.16e-07	4.96e-05	1.64e-03	1.79e-01	4.99e-01	3.21e-01
 4.49956e+22	1.14e-27	1.50e-21	1.22e-16	1.11e-12	2.05e-09	7.06e-07	5.52e-05	1.77e-03	1.86e-01	5.01e-01	3.12e-01
 4.58181e+22	1.56e-27	2.00e-21	1.58e-16	1.40e-12	2.50e-09	8.38e-07	6.32e-05	1.94e-03	1.95e-01	5.03e-01	3.00e-01
 4.66621e+22	2.16e-27	2.70e-21	2.06e-16	1.77e-12	3.08e-09	9.98e-07	7.26e-05	2.13e-03	2.05e-01	5.05e-01	2.88e-01
 4.73002e+22	2.75e-27	3.37e-21	2.53e-16	2.11e-12	3.60e-09	1.14e-06	8.07e-05	2.29e-03	2.12e-01	5.06e-01	2.79e-01
 4.78030e+22	3.29e-27	3.97e-21	2.93e-16	2.40e-12	4.03e-09	1.25e-06	8.70e-05	2.41e-03	2.18e-01	5.07e-01	2.73e-01
 4.83633e+22	3.97e-27	4.72e-21	3.42e-16	2.75e-12	4.54e-09	1.39e-06	9.43e-05	2.55e-03	2.24e-01	5.07e-01	2.66e-01
 4.90918e+22	5.05e-27	5.88e-21	4.17e-16	3.28e-12	5.29e-09	1.58e-06	1.04e-04	2.73e-03	2.32e-01	5.08e-01	2.57e-01
 4.99042e+22	6.60e-27	7.52e-21	5.21e-16	3.98e-12	6.28e-09	1.83e-06	1.17e-04	2.95e-03	2.41e-01	5.08e-01	2.48e-01
 5.06519e+22	8.39e-27	9.37e-21	6.35e-16	4.74e-12	7.32e-09	2.08e-06	1.29e-04	3.16e-03	2.49e-01	5.08e-01	2.40e-01
 5.13413e+22	1.04e-26	1.14e-20	7.57e-16	5.53e-12	8.37e-09	2.33e-06	1.42e-04	3.35e-03	2.57e-01	5.07e-01	2.32e-01
 5.21285e+22	1.31e-26	1.41e-20	9.16e-16	6.55e-12	9.69e-09	2.63e-06	1.56e-04	3.58e-03	2.65e-01	5.07e-01	2.24e-01
 5.31519e+22	1.74e-26	1.83e-20	1.16e-15	8.07e-12	1.16e-08	3.07e-06	1.76e-04	3.89e-03	2.76e-01	5.05e-01	2.15e-01
 5.42107e+22	2.35e-26	2.41e-20	1.49e-15	1.00e-11	1.41e-08	3.61e-06	2.00e-04	4.23e-03	2.87e-01	5.04e-01	2.05e-01
 5.50733e+22	2.98e-26	3.00e-20	1.82e-15	1.19e-11	1.64e-08	4.09e-06	2.20e-04	4.52e-03	2.96e-01	5.02e-01	1.97e-01
 5.59522e+22	3.74e-26	3.69e-20	2.19e-15	1.41e-11	1.89e-08	4.62e-06	2.42e-04	4.81e-03	3.05e-01	5.00e-01	1.90e-01
 5.69436e+22	4.81e-26	4.64e-20	2.69e-15	1.69e-11	2.21e-08	5.27e-06	2.69e-04	5.16e-03	3.15e-01	4.97e-01	1.83e-01
 5.78800e+22	6.07e-26	5.75e-20	3.27e-15	2.00e-11	2.56e-08	5.97e-06	2.96e-04	5.50e-03	3.24e-01	4.95e-01	1.75e-01
 5.87571e+22	7.49e-26	6.97e-20	3.89e-15	2.33e-11	2.92e-08	6.66e-06	3.22e-04	5.82e-03	3.32e-01	4.92e-01	1.69e-01
 5.97585e+22	9.39e-26	8.57e-20	4.68e-15	2.74e-11	3.36e-08	7.49e-06	3.52e-04	6.18e-03	3.41e-01	4.89e-01	1.63e-01
 6.10604e+22	1.25e-25	1.11e-19	5.92e-15	3.36e-11	4.02e-08	8.70e-06	3.96e-04	6.68e-03	3.53e-01	4.85e-01	1.55e-01
 6.24095e+22	1.68e-25	1.46e-19	7.58e-15	4.18e-11	4.85e-08	1.02e-05	4.47e-04	7.23e-03	3.66e-01	4.80e-01	1.47e-01
 6.35225e+22	2.14e-25	1.82e-19	9.23e-15	4.96e-11	5.63e-08	1.15e-05	4.91e-04	7.69e-03	3.76e-01	4.76e-01	1.40e-01
 6.46716e+22	2.68e-25	2.24e-19	1.11e-14	5.84e-11	6.48e-08	1.29e-05	5.37e-04	8.16e-03	3.85e-01	4.72e-01	1.34e-01
 6.61655e+22	3.56e-25	2.91e-19	1.40e-14	7.15e-11	7.72e-08	1.49e-05	6.00e-04	8.78e-03	3.97e-01	4.66e-01	1.27e-01
 6.78081e+22	4.88e-25	3.87e-19	1.82e-14	8.96e-11	9.38e-08	1.76e-05	6.79e-04	9.52e-03	4.10e-01	4.60e-01	1.20e-01
 6.91945e+22	6.34e-25	4.92e-19	2.26e-14	1.08e-10	1.10e-07	2.01e-05	7.52e-04	1.02e-02	4.22e-01	4.54e-01	1.14e-01
 7.03283e+22	7.77e-25	5.93e-19	2.67e-14	1.25e-10	1.25e-07	2.22e-05	8.14e-04	1.07e-02	4.30e-01	4.49e-01	1.09e-01
 7.15833e+22	9.60e-25	7.19e-19	3.17e-14	1.46e-10	1.42e-07	2.48e-05	8.83e-04	1.13e-02	4.39e-01	4.44e-01	1.05e-01
 7.32147e+22	1.25e-24	9.15e-19	3.94e-14	1.76e-10	1.67e-07	2.83e-05	9.77e-04	1.20e-02	4.50e-01	4.38e-01	9.90e-02
 7.49658e+22	1.66e-24	1.19e-18	4.97e-14	2.15e-10	1.99e-07	3.26e-05	1.09e-03	1.29e-02	4.62e-01	4.30e-01	9.33e-02
 7.64842e+22	2.12e-24	1.48e-18	6.07e-14	2.56e-10	2.31e-07	3.69e-05	1.19e-03	1.37e-02	4.73e-01	4.24e-01	8.85e-02
 7.78531e+22	2.60e-24	1.79e-18	7.19e-14	2.96e-10	2.62e-07	4.09e-05	1.29e-03	1.44e-02	4.82e-01	4.18e-01	8.45e-02
 7.94162e+22	3.25e-24	2.19e-18	8.62e-14	3.47e-10	3.00e-07	4.57e-05	1.40e-03	1.52e-02	4.91e-01	4.12e-01	8.05e-02
 8.14482e+22	4.27e-24	2.81e-18	1.08e-13	4.22e-10	3.54e-07	5.23e-05	1.55e-03	1.62e-02	5.02e-01	4.04e-01	7.57e-02
 8.36166e+22	5.76e-24	3.70e-18	1.38e-13	5.22e-10	4.25e-07	6.08e-05	1.74e-03	1.74e-02	5.15e-01	3.95e-01	7.06e-02
 8.54483e+22	7.37e-24	4.63e-18	1.69e-13	6.23e-10	4.94e-07	6.88e-05	1.91e-03	1.85e-02	5.26e-01	3.87e-01	6.66e-02
 8.70680e+22	9.05e-24	5.59e-18	2.00e-13	7.21e-10	5.60e-07	7.62e-05	2.06e-03	1.94e-02	5.34e-01	3.81e-01	6.34e-02
 8.89260e+22	1.12e-23	6.82e-18	2.39e-13	8.42e-10	6.39e-07	8.49e-05	2.24e-03	2.04e-02	5.43e-01	3.74e-01	6.02e-02
 9.13414e+22	1.46e-23	8.69e-18	2.97e-13	1.02e-09	7.52e-07	9.70e-05	2.47e-03	2.17e-02	5.54e-01	3.66e-01	5.63e-02
 9.39831e+22	1.98e-23	1.14e-17	3.80e-13	1.26e-09	9.03e-07	1.13e-04	2.76e-03	2.32e-02	5.66e-01	3.56e-01	5.22e-02
 9.63196e+22	2.55e-23	1.44e-17	4.70e-13	1.52e-09	1.06e-06	1.28e-04	3.04e-03	2.47e-02	5.76e-01	3.47e-01	4.88e-02
 9.84238e+22	3.15e-23	1.75e-17	5.59e-13	1.77e-09	1.20e-06	1.43e-04	3.30e-03	2.59e-02	5.85e-01	3.40e-01	4.61e-02
 1.00826e+23	3.94e-23	2.16e-17	6.75e-13	2.08e-09	1.39e-06	1.60e-04	3.59e-03	2.74e-02	5.94e-01	3.32e-01	4.33e-02
 1.03461e+23	5.07e-23	2.72e-17	8.31e-13	2.49e-09	1.62e-06	1.81e-04	3.94e-03	2.90e-02	6.03e-01	3.23e-01	4.05e-02
 1.05845e+23	6.28e-23	3.32e-17	9.96e-13	2.92e-09	1.86e-06	2.03e-04	4.29e-03	3.05e-02	6.12e-01	3.15e-01	3.80e-02
 1.08047e+23	7.57e-23	3.94e-17	1.16e-12	3.35e-09	2.09e-06	2.23e-04	4.61e-03	3.19e-02	6.19e-01	3.09e-01	3.60e-02
 1.10567e+23	9.15e-23	4.71e-17	1.37e-12	3.87e-09	2.37e-06	2.48e-04	4.98e-03	3.35e-02	6.26e-01	3.01e-01	3.38e-02
 1.13842e+23	1.16e-22	5.88e-17	1.68e-12	4.60e-09	2.75e-06	2.80e-04	5.45e-03	3.54e-02	6.35e-01	2.92e-01	3.15e-02
 1.17410e+23	1.51e-22	7.51e-17	2.10e-12	5.60e-09	3.25e-06	3.22e-04	6.04e-03	3.77e-02	6.44e-01	2.83e-01	2.90e-02
 1.20518e+23	1.89e-22	9.24e-17	2.53e-12	6.61e-09	3.75e-06	3.62e-04	6.60e-03	3.97e-02	6.52e-01	2.74e-01	2.70e-02
 1.23265e+23	2.25e-22	1.09e-16	2.95e-12	7.57e-09	4.22e-06	3.99e-04	7.10e-03	4.16e-02	6.59e-01	2.67e-01	2.53e-02
 1.26384e+23	2.69e-22	1.29e-16	3.45e-12	8.68e-09	4.75e-06	4.40e-04	7.63e-03	4.34e-02	6.65e-01	2.60e-01	2.38e-02
 1.30439e+23	3.32e-22	1.58e-16	4.14e-12	1.02e-08	5.47e-06	4.94e-04	8.32e-03	4.58e-02	6.72e-01	2.52e-01	2.21e-02
 1.35448e+23	4.26e-22	1.99e-16	5.15e-12	1.24e-08	6.47e-06	5.67e-04	9.22e-03	4.87e-02	6.80e-01	2.42e-01	2.01e-02
 1.40472e+23	5.49e-22	2.55e-16	6.47e-12	1.52e-08	7.74e-06	6.57e-04	1.03e-02	5.21e-02	6.88e-01	2.31e-01	1.82e-02
 1.44603e+23	6.68e-22	3.07e-16	7.72e-12	1.77e-08	8.87e-06	7.35e-04	1.12e-02	5.49e-02	6.93e-01	2.23e-01	1.68e-02
 1.48797e+23	7.76e-22	3.56e-16	8.90e-12	2.02e-08	9.95e-06	8.10e-04	1.20e-02	5.74e-02	6.98e-01	2.16e-01	1.57e-02
 1.54249e+23	9.30e-22	4.25e-16	1.05e-11	2.34e-08	1.13e-05	9.01e-04	1.30e-02	6.02e-02	7.03e-01	2.08e-01	1.45e-02
 1.60538e+23	1.14e-21	5.20e-16	1.27e-11	2.78e-08	1.32e-05	1.03e-03	1.43e-02	6.38e-02	7.08e-01	1.99e-01	1.32e-02
 1.66702e+23	1.38e-21	6.29e-16	1.53e-11	3.28e-08	1.53e-05	1.16e-03	1.57e-02	6.75e-02	7.13e-01	1.91e-01	1.20e-02
 1.72539e+23	1.62e-21	7.37e-16	1.78e-11	3.77e-08	1.73e-05	1.28e-03	1.69e-02	7.07e-02	7.17e-01	1.83e-01	1.11e-02
 1.78992e+23	1.85e-21	8.44e-16	2.04e-11	4.26e-08	1.93e-05	1.41e-03	1.81e-02	7.38e-02	7.19e-01	1.77e-01	1.03e-02
 1.86275e+23	2.14e-21	9.82e-16	2.36e-11	4.88e-08	2.19e-05	1.56e-03	1.96e-02	7.73e-02	7.22e-01	1.70e-01	9.42e-03
 1.93849e+23	2.45e-21	1.13e-15	2.71e-11	5.55e-08	2.45e-05	1.72e-03	2.10e-02	8.08e-02	7.24e-01	1.63e-01	8.68e-03
 2.01726e+23	2.76e-21	1.28e-15	3.08e-11	6.23e-08	2.72e-05	1.88e-03	2.24e-02	8.41e-02	7.26e-01	1.57e-01	8.05e-03
 2.09919e+23	3.08e-21	1.43e-15	3.45e-11	6.94e-08	3.00e-05	2.03e-03	2.38e-02	8.73e-02	7.27e-01	1.52e-01	7.49e-03
 2.18439e+23	3.39e-21	1.59e-15	3.84e-11	7.64e-08	3.28e-05	2.19e-03	2.52e-02	9.02e-02	7.28e-01	1.47e-01	7.02e-03
 2.26918e+23	3.70e-21	1.75e-15	4.24e-11	8.40e-08	3.57e-05	2.35e-03	2.65e-02	9.32e-02	7.29e-01	1.42e-01	6.57e-03
 2.34774e+23	3.96e-21	1.90e-15	4.61e-11	9.08e-08	3.84e-05	2.50e-03	2.78e-02	9.59e-02	7.29e-01	1.38e-01	6.21e-03
 2.41845e+23	4.22e-21	2.03e-15	4.93e-11	9.68e-08	4.06e-05	2.62e-03	2.87e-02	9.80e-02	7.29e-01	1.35e-01	5.94e-03
 2.48209e+23	4.42e-21	2.14e-15	5.21e-11	1.02e-07	4.26e-05	2.73e-03	2.96e-02	9.98e-02	7.29e-01	1.33e-01	5.71e-03
 2.53936e+23	4.58e-21	2.23e-15	5.45e-11	1.06e-07	4.43e-05	2.81e-03	3.03e-02	1.01e-01	7.29e-01	1.31e-01	5.54e-03
 2.59090e+23	4.72e-21	2.30e-15	5.64e-11	1.10e-07	4.57e-05	2.89e-03	3.09e-02	1.03e-01	7.29e-01	1.29e-01	5.40e-03
 2.63730e+23	4.83e-21	2.37e-15	5.82e-11	1.13e-07	4.69e-05	2.95e-03	3.14e-02	1.04e-01	7.29e-01	1.27e-01	5.28e-03
 2.67905e+23	4.90e-21	2.41e-15	5.93e-11	1.15e-07	4.78e-05	3.00e-03	3.18e-02	1.04e-01	7.29e-01	1.26e-01	5.20e-03
 2.71662e+23	4.97e-21	2.45e-15	6.05e-11	1.18e-07	4.86e-05	3.04e-03	3.21e-02	1.05e-01	7.29e-01	1.25e-01	5.12e-03
 2.75044e+23	5.04e-21	2.49e-15	6.15e-11	1.20e-07	4.94e-05	3.08e-03	3.24e-02	1.06e-01	7.29e-01	1.25e-01	5.06e-03
 2.78174e+23	5.08e-21	2.52e-15	6.22e-11	1.21e-07	4.99e-05	3.11e-03	3.26e-02	1.06e-01	7.29e-01	1.24e-01	5.01e-03
 2.81229e+23	5.11e-21	2.54e-15	6.27e-11	1.22e-07	5.02e-05	3.12e-03	3.28e-02	1.06e-01	7.29e-01	1.24e-01	4.98e-03
 2.84283e+23	5.13e-21	2.55e-15	6.30e-11	1.22e-07	5.04e-05	3.14e-03	3.29e-02	1.07e-01	7.29e-01	1.23e-01	4.95e-03
 2.87338e+23	5.15e-21	2.56e-15	6.33e-11	1.23e-07	5.07e-05	3.15e-03	3.30e-02	1.07e-01	7.29e-01	1.23e-01	4.92e-03
 2.90393e+23	5.16e-21	2.57e-15	6.37e-11	1.24e-07	5.09e-05	3.16e-03	3.31e-02	1.07e-01	7.29e-01	1.23e-01	4.90e-03
 2.93448e+23	5.16e-21	2.57e-15	6.38e-11	1.24e-07	5.11e-05	3.17e-03	3.32e-02	1.07e-01	7.29e-01	1.22e-01	4.88e-03
 2.96503e+23	5.16e-21	2.58e-15	6.39e-11	1.24e-07	5.11e-05	3.18e-03	3.32e-02	1.07e-01	7.29e-01	1.22e-01	4.87e-03
 2.99557e+23	5.15e-21	2.57e-15	6.39e-11	1.24e-07	5.12e-05	3.18e-03	3.33e-02	1.08e-01	7.29e-01	1.22e-01	4.85e-03
 3.02612e+23	5.15e-21	2.57e-15	6.40e-11	1.24e-07	5.12e-05	3.18e-03	3.33e-02	1.08e-01	7.29e-01	1.22e-01	4.84e-03
 3.04811e+23	5.26e-21	2.62e-15	6.50e-11	1.26e-07	5.18e-05	3.21e-03	3.35e-02	1.08e-01	7.29e-01	1.21e-01	4.81e-03
