#depth	N	N+	N+2	N+3	N+4	N+5	N+6	N+7
 6.17135e+19	0.00e+00	0.00e+00	3.46e-28	4.11e-21	9.62e-15	5.72e-09	9.70e-05	1.00e+00
 1.87609e+20	0.00e+00	0.00e+00	5.17e-28	5.65e-21	1.22e-14	6.69e-09	1.05e-04	1.00e+00
 3.18540e+20	0.00e+00	0.00e+00	7.74e-28	7.77e-21	1.54e-14	7.84e-09	1.14e-04	1.00e+00
 4.54709e+20	0.00e+00	0.00e+00	1.16e-27	1.07e-20	1.94e-14	9.18e-09	1.24e-04	1.00e+00
 5.74412e+20	0.00e+00	0.00e+00	1.64e-27	1.40e-20	2.37e-14	1.05e-08	1.33e-04	1.00e+00
 6.66686e+20	0.00e+00	0.00e+00	2.12e-27	1.72e-20	2.75e-14	1.16e-08	1.40e-04	1.00e+00
 7.48883e+20	0.00e+00	0.00e+00	2.66e-27	2.05e-20	3.13e-14	1.27e-08	1.47e-04	1.00e+00
 8.41358e+20	0.00e+00	0.00e+00	3.41e-27	2.49e-20	3.61e-14	1.40e-08	1.55e-04	1.00e+00
 9.61575e+20	0.00e+00	0.00e+00	4.67e-27	3.19e-20	4.32e-14	1.58e-08	1.65e-04	1.00e+00
 1.08324e+21	0.00e+00	0.00e+00	6.37e-27	4.07e-20	5.16e-14	1.78e-08	1.76e-04	1.00e+00
 1.17841e+21	0.00e+00	0.00e+00	8.08e-27	4.90e-20	5.90e-14	1.95e-08	1.85e-04	1.00e+00
 1.27376e+21	0.00e+00	0.00e+00	1.02e-26	5.88e-20	6.73e-14	2.13e-08	1.94e-04	1.00e+00
 1.39772e+21	0.00e+00	0.00e+00	1.37e-26	7.41e-20	7.95e-14	2.39e-08	2.06e-04	1.00e+00
 1.52616e+21	0.00e+00	0.00e+00	1.86e-26	9.36e-20	9.41e-14	2.68e-08	2.19e-04	1.00e+00
 1.63081e+21	0.00e+00	0.00e+00	2.36e-26	1.13e-19	1.08e-13	2.94e-08	2.30e-04	1.00e+00
 1.73722e+21	0.00e+00	0.00e+00	3.00e-26	1.36e-19	1.23e-13	3.22e-08	2.42e-04	1.00e+00
 1.84878e+21	0.00e+00	0.00e+00	3.83e-26	1.64e-19	1.41e-13	3.54e-08	2.55e-04	1.00e+00
 1.94278e+21	0.00e+00	0.00e+00	4.69e-26	1.92e-19	1.57e-13	3.82e-08	2.66e-04	1.00e+00
 2.04074e+21	0.00e+00	0.00e+00	5.79e-26	2.25e-19	1.76e-13	4.14e-08	2.78e-04	1.00e+00
 2.16809e+21	0.00e+00	0.00e+00	7.55e-26	2.76e-19	2.04e-13	4.57e-08	2.94e-04	1.00e+00
 2.29611e+21	0.00e+00	0.00e+00	9.82e-26	3.38e-19	2.35e-13	5.05e-08	3.11e-04	1.00e+00
 2.39469e+21	0.00e+00	0.00e+00	1.20e-25	3.94e-19	2.61e-13	5.44e-08	3.24e-04	1.00e+00
 2.49253e+21	0.00e+00	4.44e-33	1.45e-25	4.57e-19	2.90e-13	5.85e-08	3.38e-04	1.00e+00
 2.61971e+21	0.00e+00	6.03e-33	1.86e-25	5.51e-19	3.31e-13	6.41e-08	3.56e-04	1.00e+00
 2.75086e+21	0.00e+00	8.23e-33	2.39e-25	6.67e-19	3.78e-13	7.04e-08	3.76e-04	1.00e+00
 2.85841e+21	0.00e+00	1.06e-32	2.93e-25	7.78e-19	4.20e-13	7.59e-08	3.92e-04	1.00e+00
 2.94819e+21	0.00e+00	1.31e-32	3.47e-25	8.83e-19	4.58e-13	8.07e-08	4.07e-04	1.00e+00
 3.04362e+21	0.00e+00	1.62e-32	4.12e-25	1.01e-18	5.02e-13	8.61e-08	4.23e-04	1.00e+00
 3.16769e+21	0.00e+00	2.14e-32	5.15e-25	1.19e-18	5.63e-13	9.34e-08	4.43e-04	1.00e+00
 3.29248e+21	0.00e+00	2.82e-32	6.42e-25	1.41e-18	6.31e-13	1.01e-07	4.65e-04	1.00e+00
 3.39032e+21	0.00e+00	3.48e-32	7.61e-25	1.60e-18	6.88e-13	1.08e-07	4.83e-04	1.00e+00
 3.48963e+21	0.00e+00	4.32e-32	9.03e-25	1.82e-18	7.50e-13	1.15e-07	5.01e-04	9.99e-01
 3.61873e+21	0.00e+00	5.68e-32	1.12e-24	2.14e-18	8.37e-13	1.24e-07	5.26e-04	9.99e-01
 3.74827e+21	0.00e+00	7.46e-32	1.40e-24	2.51e-18	9.33e-13	1.34e-07	5.52e-04	9.99e-01
 3.84937e+21	0.00e+00	9.20e-32	1.65e-24	2.84e-18	1.01e-12	1.43e-07	5.73e-04	9.99e-01
 3.95179e+21	0.00e+00	1.13e-31	1.95e-24	3.22e-18	1.10e-12	1.52e-07	5.94e-04	9.99e-01
 4.08494e+21	0.00e+00	1.48e-31	2.41e-24	3.76e-18	1.22e-12	1.64e-07	6.23e-04	9.99e-01
 4.21343e+21	0.00e+00	1.91e-31	2.95e-24	4.37e-18	1.34e-12	1.76e-07	6.52e-04	9.99e-01
 4.30651e+21	0.00e+00	2.30e-31	3.41e-24	4.86e-18	1.44e-12	1.85e-07	6.74e-04	9.99e-01
 4.39814e+21	0.00e+00	2.75e-31	3.92e-24	5.39e-18	1.54e-12	1.95e-07	6.96e-04	9.99e-01
 4.51726e+21	0.00e+00	3.45e-31	4.69e-24	6.15e-18	1.68e-12	2.08e-07	7.25e-04	9.99e-01
 4.64340e+21	0.00e+00	4.39e-31	5.67e-24	7.05e-18	1.83e-12	2.22e-07	7.57e-04	9.99e-01
 4.75161e+21	0.00e+00	5.38e-31	6.65e-24	7.92e-18	1.98e-12	2.35e-07	7.85e-04	9.99e-01
 4.84773e+21	0.00e+00	6.44e-31	7.65e-24	8.77e-18	2.11e-12	2.47e-07	8.11e-04	9.99e-01
 4.95521e+21	0.00e+00	7.83e-31	8.92e-24	9.81e-18	2.26e-12	2.61e-07	8.40e-04	9.99e-01
 5.09494e+21	0.00e+00	1.01e-30	1.09e-23	1.13e-17	2.47e-12	2.80e-07	8.80e-04	9.99e-01
 5.23415e+21	0.00e+00	1.29e-30	1.32e-23	1.30e-17	2.70e-12	3.00e-07	9.21e-04	9.99e-01
 5.34143e+21	0.00e+00	1.56e-30	1.53e-23	1.45e-17	2.89e-12	3.16e-07	9.53e-04	9.99e-01
 5.43471e+21	0.00e+00	1.84e-30	1.74e-23	1.59e-17	3.05e-12	3.30e-07	9.83e-04	9.99e-01
 5.54104e+21	0.00e+00	2.21e-30	2.01e-23	1.76e-17	3.25e-12	3.47e-07	1.02e-03	9.99e-01
 5.67926e+21	0.00e+00	2.80e-30	2.41e-23	2.00e-17	3.52e-12	3.70e-07	1.06e-03	9.99e-01
 5.81992e+21	0.00e+00	3.56e-30	2.90e-23	2.28e-17	3.82e-12	3.95e-07	1.11e-03	9.99e-01
 5.93248e+21	0.00e+00	4.29e-30	3.36e-23	2.53e-17	4.06e-12	4.16e-07	1.15e-03	9.99e-01
 6.04754e+21	0.00e+00	5.19e-30	3.88e-23	2.81e-17	4.32e-12	4.38e-07	1.19e-03	9.99e-01
 6.19713e+21	0.00e+00	6.62e-30	4.69e-23	3.21e-17	4.68e-12	4.67e-07	1.24e-03	9.99e-01
 6.34477e+21	0.00e+00	8.40e-30	5.64e-23	3.65e-17	5.06e-12	4.99e-07	1.30e-03	9.99e-01
 6.45655e+21	0.00e+00	1.00e-29	6.47e-23	4.03e-17	5.36e-12	5.23e-07	1.34e-03	9.99e-01
 6.56852e+21	0.00e+00	1.20e-29	7.40e-23	4.43e-17	5.67e-12	5.49e-07	1.39e-03	9.99e-01
 6.71407e+21	0.00e+00	1.50e-29	8.81e-23	5.00e-17	6.09e-12	5.84e-07	1.45e-03	9.99e-01
 6.86612e+21	0.00e+00	1.89e-29	1.05e-22	5.68e-17	6.56e-12	6.22e-07	1.51e-03	9.98e-01
 6.99354e+21	0.00e+00	2.30e-29	1.22e-22	6.30e-17	6.98e-12	6.56e-07	1.57e-03	9.98e-01
 7.12609e+21	0.00e+00	2.80e-29	1.43e-22	7.01e-17	7.42e-12	6.92e-07	1.63e-03	9.98e-01
 7.27309e+21	0.00e+00	3.48e-29	1.68e-22	7.89e-17	7.95e-12	7.35e-07	1.69e-03	9.98e-01
 7.40883e+21	0.00e+00	4.24e-29	1.96e-22	8.78e-17	8.47e-12	7.76e-07	1.76e-03	9.98e-01
 7.53591e+21	0.00e+00	5.11e-29	2.26e-22	9.70e-17	8.97e-12	8.17e-07	1.82e-03	9.98e-01
 7.68179e+21	0.00e+00	6.26e-29	2.65e-22	1.08e-16	9.58e-12	8.65e-07	1.89e-03	9.98e-01
 7.84200e+21	0.00e+00	7.85e-29	3.15e-22	1.23e-16	1.03e-11	9.21e-07	1.97e-03	9.98e-01
 7.98611e+21	0.00e+00	9.58e-29	3.68e-22	1.37e-16	1.10e-11	9.75e-07	2.05e-03	9.98e-01
 8.11801e+21	0.00e+00	1.15e-28	4.24e-22	1.51e-16	1.16e-11	1.03e-06	2.12e-03	9.98e-01
 8.26879e+21	0.00e+00	1.41e-28	4.95e-22	1.68e-16	1.24e-11	1.09e-06	2.19e-03	9.98e-01
 8.43831e+21	0.00e+00	1.76e-28	5.90e-22	1.91e-16	1.34e-11	1.16e-06	2.29e-03	9.98e-01
 8.59321e+21	0.00e+00	2.16e-28	6.91e-22	2.13e-16	1.43e-11	1.23e-06	2.37e-03	9.98e-01
 8.73109e+21	0.00e+00	2.58e-28	7.94e-22	2.36e-16	1.52e-11	1.30e-06	2.45e-03	9.98e-01
 8.88585e+21	0.00e+00	3.14e-28	9.26e-22	2.63e-16	1.62e-11	1.37e-06	2.54e-03	9.97e-01
 9.08704e+21	0.00e+00	4.05e-28	1.13e-21	3.03e-16	1.77e-11	1.48e-06	2.66e-03	9.97e-01
 9.29112e+21	0.00e+00	5.21e-28	1.37e-21	3.49e-16	1.93e-11	1.59e-06	2.79e-03	9.97e-01
 9.45464e+21	0.00e+00	6.36e-28	1.61e-21	3.91e-16	2.07e-11	1.69e-06	2.89e-03	9.97e-01
 9.62288e+21	0.00e+00	7.78e-28	1.88e-21	4.38e-16	2.22e-11	1.79e-06	2.99e-03	9.97e-01
 9.84159e+21	0.00e+00	1.01e-27	2.30e-21	5.07e-16	2.44e-11	1.94e-06	3.13e-03	9.97e-01
 1.00590e+22	0.00e+00	1.29e-27	2.81e-21	5.86e-16	2.67e-11	2.09e-06	3.27e-03	9.97e-01
 1.02262e+22	0.00e+00	1.57e-27	3.27e-21	6.55e-16	2.86e-11	2.21e-06	3.39e-03	9.97e-01
 1.03953e+22	0.00e+00	1.89e-27	3.79e-21	7.31e-16	3.07e-11	2.35e-06	3.50e-03	9.96e-01
 1.06151e+22	0.00e+00	2.41e-27	4.59e-21	8.42e-16	3.36e-11	2.53e-06	3.65e-03	9.96e-01
 1.08481e+22	0.00e+00	3.11e-27	5.62e-21	9.77e-16	3.70e-11	2.73e-06	3.82e-03	9.96e-01
 1.10493e+22	0.00e+00	3.86e-27	6.67e-21	1.11e-15	4.02e-11	2.92e-06	3.96e-03	9.96e-01
 1.12340e+22	0.00e+00	4.69e-27	7.79e-21	1.24e-15	4.34e-11	3.10e-06	4.10e-03	9.96e-01
 1.14463e+22	0.00e+00	5.84e-27	9.28e-21	1.42e-15	4.73e-11	3.32e-06	4.25e-03	9.96e-01
 1.16777e+22	0.00e+00	7.40e-27	1.12e-20	1.63e-15	5.19e-11	3.57e-06	4.43e-03	9.96e-01
 1.18859e+22	0.00e+00	9.13e-27	1.33e-20	1.85e-15	5.64e-11	3.81e-06	4.59e-03	9.95e-01
 1.21087e+22	0.00e+00	1.14e-26	1.58e-20	2.11e-15	6.16e-11	4.08e-06	4.76e-03	9.95e-01
 1.23581e+22	0.00e+00	1.45e-26	1.92e-20	2.45e-15	6.79e-11	4.40e-06	4.96e-03	9.95e-01
 1.25922e+22	0.00e+00	1.81e-26	2.30e-20	2.80e-15	7.44e-11	4.72e-06	5.15e-03	9.95e-01
 1.28128e+22	0.00e+00	2.24e-26	2.72e-20	3.18e-15	8.11e-11	5.04e-06	5.34e-03	9.95e-01
 1.30660e+22	0.00e+00	2.83e-26	3.29e-20	3.67e-15	8.93e-11	5.42e-06	5.55e-03	9.94e-01
 1.33473e+22	0.00e+00	3.66e-26	4.05e-20	4.29e-15	9.94e-11	5.88e-06	5.79e-03	9.94e-01
 1.36091e+22	0.00e+00	4.63e-26	4.90e-20	4.96e-15	1.10e-10	6.33e-06	6.02e-03	9.94e-01
 1.38934e+22	0.00e+00	5.95e-26	5.99e-20	5.79e-15	1.22e-10	6.84e-06	6.28e-03	9.94e-01
 1.41922e+22	0.00e+00	7.73e-26	7.41e-20	6.80e-15	1.36e-10	7.43e-06	6.55e-03	9.93e-01
 1.44457e+22	0.00e+00	9.61e-26	8.84e-20	7.78e-15	1.49e-10	7.96e-06	6.79e-03	9.93e-01
 1.47111e+22	0.00e+00	1.20e-25	1.06e-19	8.94e-15	1.64e-10	8.54e-06	7.05e-03	9.93e-01
 1.50562e+22	5.02e-33	1.60e-25	1.34e-19	1.07e-14	1.86e-10	9.34e-06	7.38e-03	9.93e-01
 1.54082e+22	7.09e-33	2.14e-25	1.69e-19	1.28e-14	2.11e-10	1.02e-05	7.74e-03	9.92e-01
 1.56893e+22	9.29e-33	2.68e-25	2.03e-19	1.47e-14	2.32e-10	1.10e-05	8.03e-03	9.92e-01
 1.59745e+22	1.21e-32	3.36e-25	2.44e-19	1.70e-14	2.56e-10	1.18e-05	8.33e-03	9.92e-01
 1.63453e+22	1.71e-32	4.49e-25	3.09e-19	2.03e-14	2.91e-10	1.29e-05	8.73e-03	9.91e-01
 1.67298e+22	2.44e-32	6.05e-25	3.94e-19	2.45e-14	3.31e-10	1.42e-05	9.15e-03	9.91e-01
 1.70229e+22	3.19e-32	7.58e-25	4.74e-19	2.82e-14	3.66e-10	1.52e-05	9.49e-03	9.90e-01
 1.72522e+22	3.90e-32	8.99e-25	5.44e-19	3.14e-14	3.94e-10	1.61e-05	9.75e-03	9.90e-01
 1.75079e+22	4.90e-32	1.09e-24	6.37e-19	3.55e-14	4.30e-10	1.71e-05	1.01e-02	9.90e-01
 1.78403e+22	6.48e-32	1.38e-24	7.73e-19	4.12e-14	4.77e-10	1.84e-05	1.04e-02	9.90e-01
 1.82026e+22	8.95e-32	1.81e-24	9.65e-19	4.89e-14	5.38e-10	2.00e-05	1.09e-02	9.89e-01
 1.85183e+22	1.17e-31	2.28e-24	1.16e-18	5.65e-14	5.96e-10	2.15e-05	1.13e-02	9.89e-01
 1.88005e+22	1.49e-31	2.79e-24	1.37e-18	6.42e-14	6.52e-10	2.29e-05	1.17e-02	9.88e-01
 1.90751e+22	1.88e-31	3.39e-24	1.61e-18	7.26e-14	7.11e-10	2.43e-05	1.20e-02	9.88e-01
 1.93830e+22	2.40e-31	4.18e-24	1.91e-18	8.30e-14	7.81e-10	2.59e-05	1.24e-02	9.88e-01
 1.97202e+22	3.19e-31	5.31e-24	2.32e-18	9.66e-14	8.69e-10	2.79e-05	1.29e-02	9.87e-01
 2.00179e+22	4.07e-31	6.52e-24	2.75e-18	1.10e-13	9.53e-10	2.98e-05	1.33e-02	9.87e-01
 2.02851e+22	5.05e-31	7.83e-24	3.19e-18	1.24e-13	1.04e-09	3.15e-05	1.37e-02	9.86e-01
 2.05899e+22	6.44e-31	9.61e-24	3.78e-18	1.41e-13	1.14e-09	3.36e-05	1.41e-02	9.86e-01
 2.09092e+22	8.31e-31	1.19e-23	4.51e-18	1.62e-13	1.25e-09	3.59e-05	1.46e-02	9.85e-01
 2.11763e+22	1.03e-30	1.43e-23	5.23e-18	1.81e-13	1.36e-09	3.79e-05	1.50e-02	9.85e-01
 2.14524e+22	1.28e-30	1.72e-23	6.08e-18	2.04e-13	1.47e-09	4.01e-05	1.55e-02	9.84e-01
 2.18112e+22	1.68e-30	2.16e-23	7.35e-18	2.36e-13	1.64e-09	4.31e-05	1.60e-02	9.84e-01
 2.21728e+22	2.23e-30	2.75e-23	8.95e-18	2.75e-13	1.82e-09	4.64e-05	1.66e-02	9.83e-01
 2.24536e+22	2.77e-30	3.31e-23	1.04e-17	3.10e-13	1.98e-09	4.91e-05	1.71e-02	9.83e-01
 2.27345e+22	3.43e-30	3.96e-23	1.21e-17	3.48e-13	2.15e-09	5.19e-05	1.76e-02	9.82e-01
 2.30997e+22	4.52e-30	5.00e-23	1.46e-17	4.03e-13	2.39e-09	5.57e-05	1.82e-02	9.82e-01
 2.34579e+22	5.95e-30	6.32e-23	1.77e-17	4.68e-13	2.66e-09	5.99e-05	1.89e-02	9.81e-01
 2.37232e+22	7.29e-30	7.50e-23	2.04e-17	5.23e-13	2.87e-09	6.31e-05	1.94e-02	9.81e-01
 2.39843e+22	8.84e-30	8.84e-23	2.33e-17	5.81e-13	3.10e-09	6.63e-05	1.98e-02	9.80e-01
 2.43237e+22	1.14e-29	1.09e-22	2.78e-17	6.65e-13	3.41e-09	7.07e-05	2.05e-02	9.79e-01
 2.46826e+22	1.49e-29	1.37e-22	3.35e-17	7.70e-13	3.78e-09	7.58e-05	2.12e-02	9.79e-01
 2.49864e+22	1.87e-29	1.66e-22	3.93e-17	8.71e-13	4.13e-09	8.04e-05	2.18e-02	9.78e-01
 2.53007e+22	2.35e-29	2.02e-22	4.61e-17	9.88e-13	4.51e-09	8.52e-05	2.25e-02	9.77e-01
 2.57093e+22	3.16e-29	2.60e-22	5.67e-17	1.16e-12	5.06e-09	9.20e-05	2.33e-02	9.77e-01
 2.61171e+22	4.28e-29	3.37e-22	7.01e-17	1.37e-12	5.69e-09	9.94e-05	2.42e-02	9.76e-01
 2.64176e+22	5.34e-29	4.06e-22	8.19e-17	1.55e-12	6.20e-09	1.05e-04	2.49e-02	9.75e-01
 2.67018e+22	6.56e-29	4.84e-22	9.45e-17	1.73e-12	6.71e-09	1.11e-04	2.56e-02	9.74e-01
 2.70713e+22	8.57e-29	6.07e-22	1.14e-16	2.00e-12	7.44e-09	1.19e-04	2.64e-02	9.73e-01
 2.74515e+22	1.13e-28	7.69e-22	1.39e-16	2.33e-12	8.29e-09	1.27e-04	2.74e-02	9.72e-01
 2.77587e+22	1.43e-28	9.36e-22	1.63e-16	2.64e-12	9.06e-09	1.35e-04	2.82e-02	9.72e-01
 2.80713e+22	1.77e-28	1.13e-21	1.90e-16	2.98e-12	9.86e-09	1.43e-04	2.89e-02	9.71e-01
 2.84776e+22	2.37e-28	1.44e-21	2.32e-16	3.49e-12	1.10e-08	1.54e-04	3.00e-02	9.70e-01
 2.88926e+22	3.20e-28	1.86e-21	2.87e-16	4.12e-12	1.24e-08	1.66e-04	3.11e-02	9.69e-01
 2.92196e+22	4.10e-28	2.29e-21	3.41e-16	4.71e-12	1.36e-08	1.77e-04	3.21e-02	9.68e-01
 2.95009e+22	4.97e-28	2.70e-21	3.90e-16	5.24e-12	1.47e-08	1.85e-04	3.29e-02	9.67e-01
 2.98218e+22	6.23e-28	3.27e-21	4.58e-16	5.94e-12	1.61e-08	1.96e-04	3.38e-02	9.66e-01
 3.02390e+22	8.35e-28	4.20e-21	5.62e-16	6.97e-12	1.80e-08	2.12e-04	3.51e-02	9.65e-01
 3.06723e+22	1.14e-27	5.46e-21	6.99e-16	8.27e-12	2.03e-08	2.29e-04	3.64e-02	9.63e-01
 3.10280e+22	1.47e-27	6.77e-21	8.36e-16	9.51e-12	2.24e-08	2.44e-04	3.76e-02	9.62e-01
 3.13919e+22	1.88e-27	8.38e-21	9.97e-16	1.09e-11	2.47e-08	2.60e-04	3.88e-02	9.61e-01
 3.18649e+22	2.60e-27	1.10e-20	1.25e-15	1.31e-11	2.81e-08	2.82e-04	4.03e-02	9.59e-01
 3.23437e+22	3.63e-27	1.46e-20	1.58e-15	1.57e-11	3.20e-08	3.07e-04	4.20e-02	9.58e-01
 3.27227e+22	4.71e-27	1.83e-20	1.90e-15	1.82e-11	3.54e-08	3.28e-04	4.34e-02	9.56e-01
 3.31080e+22	6.07e-27	2.27e-20	2.28e-15	2.09e-11	3.92e-08	3.50e-04	4.48e-02	9.55e-01
 3.35404e+22	8.09e-27	2.90e-20	2.79e-15	2.46e-11	4.39e-08	3.77e-04	4.64e-02	9.53e-01
 3.39428e+22	1.05e-26	3.64e-20	3.37e-15	2.85e-11	4.87e-08	4.03e-04	4.79e-02	9.52e-01
 3.43076e+22	1.34e-26	4.47e-20	4.00e-15	3.26e-11	5.36e-08	4.29e-04	4.94e-02	9.50e-01
 3.47145e+22	1.72e-26	5.51e-20	4.77e-15	3.75e-11	5.92e-08	4.57e-04	5.09e-02	9.49e-01
 3.52435e+22	2.37e-26	7.27e-20	6.00e-15	4.49e-11	6.73e-08	4.97e-04	5.30e-02	9.46e-01
 3.57751e+22	3.29e-26	9.61e-20	7.58e-15	5.41e-11	7.68e-08	5.41e-04	5.52e-02	9.44e-01
 3.61880e+22	4.22e-26	1.19e-19	9.06e-15	6.22e-11	8.48e-08	5.78e-04	5.70e-02	9.42e-01
 3.66027e+22	5.34e-26	1.45e-19	1.07e-14	7.11e-11	9.33e-08	6.14e-04	5.87e-02	9.41e-01
 3.71419e+22	7.20e-26	1.88e-19	1.33e-14	8.43e-11	1.05e-07	6.64e-04	6.09e-02	9.38e-01
 3.77149e+22	9.90e-26	2.47e-19	1.67e-14	1.01e-10	1.20e-07	7.22e-04	6.34e-02	9.36e-01
 3.82061e+22	1.30e-25	3.11e-19	2.03e-14	1.18e-10	1.34e-07	7.76e-04	6.56e-02	9.34e-01
 3.86520e+22	1.63e-25	3.78e-19	2.39e-14	1.34e-10	1.47e-07	8.24e-04	6.75e-02	9.32e-01
 3.91647e+22	2.10e-25	4.70e-19	2.87e-14	1.56e-10	1.63e-07	8.82e-04	6.98e-02	9.29e-01
 3.98311e+22	2.90e-25	6.20e-19	3.62e-14	1.87e-10	1.87e-07	9.61e-04	7.27e-02	9.26e-01
 4.05244e+22	4.05e-25	8.25e-19	4.60e-14	2.27e-10	2.14e-07	1.05e-03	7.58e-02	9.23e-01
 4.10576e+22	5.22e-25	1.03e-18	5.53e-14	2.63e-10	2.38e-07	1.13e-03	7.83e-02	9.21e-01
 4.14766e+22	6.29e-25	1.21e-18	6.34e-14	2.94e-10	2.58e-07	1.18e-03	8.02e-02	9.19e-01
 4.19422e+22	7.69e-25	1.43e-18	7.33e-14	3.30e-10	2.81e-07	1.25e-03	8.23e-02	9.16e-01
 4.25475e+22	9.92e-25	1.78e-18	8.81e-14	3.83e-10	3.12e-07	1.34e-03	8.51e-02	9.14e-01
 4.32120e+22	1.31e-24	2.27e-18	1.08e-13	4.51e-10	3.51e-07	1.44e-03	8.82e-02	9.10e-01
 4.38111e+22	1.67e-24	2.80e-18	1.29e-13	5.20e-10	3.89e-07	1.54e-03	9.10e-02	9.07e-01
 4.43629e+22	2.08e-24	3.37e-18	1.51e-13	5.91e-10	4.27e-07	1.64e-03	9.36e-02	9.05e-01
 4.49956e+22	2.63e-24	4.13e-18	1.79e-13	6.79e-10	4.72e-07	1.75e-03	9.65e-02	9.02e-01
 4.58181e+22	3.55e-24	5.34e-18	2.23e-13	8.09e-10	5.37e-07	1.90e-03	1.00e-01	8.98e-01
 4.66621e+22	4.82e-24	6.96e-18	2.79e-13	9.70e-10	6.12e-07	2.07e-03	1.04e-01	8.94e-01
 4.73002e+22	6.09e-24	8.52e-18	3.31e-13	1.11e-09	6.77e-07	2.20e-03	1.08e-01	8.90e-01
 4.78030e+22	7.21e-24	9.85e-18	3.74e-13	1.23e-09	7.28e-07	2.31e-03	1.10e-01	8.88e-01
 4.83633e+22	8.61e-24	1.15e-17	4.27e-13	1.37e-09	7.86e-07	2.43e-03	1.12e-01	8.85e-01
 4.90918e+22	1.08e-23	1.40e-17	5.04e-13	1.57e-09	8.68e-07	2.59e-03	1.16e-01	8.82e-01
 4.99042e+22	1.40e-23	1.74e-17	6.08e-13	1.82e-09	9.69e-07	2.78e-03	1.20e-01	8.78e-01
 5.06519e+22	1.76e-23	2.13e-17	7.19e-13	2.09e-09	1.07e-06	2.96e-03	1.23e-01	8.74e-01
 5.13413e+22	2.15e-23	2.53e-17	8.35e-13	2.36e-09	1.17e-06	3.13e-03	1.27e-01	8.70e-01
 5.21285e+22	2.68e-23	3.07e-17	9.81e-13	2.69e-09	1.29e-06	3.33e-03	1.30e-01	8.66e-01
 5.31519e+22	3.53e-23	3.89e-17	1.20e-12	3.17e-09	1.45e-06	3.60e-03	1.35e-01	8.61e-01
 5.42107e+22	4.71e-23	4.99e-17	1.49e-12	3.77e-09	1.65e-06	3.91e-03	1.40e-01	8.56e-01
 5.50733e+22	5.92e-23	6.08e-17	1.76e-12	4.32e-09	1.82e-06	4.16e-03	1.44e-01	8.52e-01
 5.59522e+22	7.34e-23	7.33e-17	2.06e-12	4.91e-09	2.00e-06	4.42e-03	1.48e-01	8.47e-01
 5.69436e+22	9.35e-23	9.03e-17	2.46e-12	5.68e-09	2.23e-06	4.74e-03	1.53e-01	8.42e-01
 5.78800e+22	1.17e-22	1.10e-16	2.90e-12	6.49e-09	2.46e-06	5.04e-03	1.57e-01	8.38e-01
 5.87571e+22	1.43e-22	1.30e-16	3.36e-12	7.32e-09	2.68e-06	5.34e-03	1.61e-01	8.33e-01
 5.97585e+22	1.77e-22	1.57e-16	3.93e-12	8.31e-09	2.94e-06	5.66e-03	1.66e-01	8.29e-01
 6.10604e+22	2.33e-22	1.99e-16	4.81e-12	9.80e-09	3.33e-06	6.12e-03	1.72e-01	8.22e-01
 6.24095e+22	3.10e-22	2.55e-16	5.94e-12	1.16e-08	3.77e-06	6.63e-03	1.78e-01	8.16e-01
 6.35225e+22	3.89e-22	3.10e-16	7.01e-12	1.33e-08	4.17e-06	7.07e-03	1.83e-01	8.10e-01
 6.46716e+22	4.84e-22	3.74e-16	8.23e-12	1.52e-08	4.59e-06	7.51e-03	1.88e-01	8.05e-01
 6.61655e+22	6.33e-22	4.72e-16	1.00e-11	1.78e-08	5.16e-06	8.10e-03	1.94e-01	7.98e-01
 6.78081e+22	8.56e-22	6.12e-16	1.25e-11	2.13e-08	5.89e-06	8.81e-03	2.01e-01	7.90e-01
 6.91945e+22	1.10e-21	7.60e-16	1.50e-11	2.48e-08	6.57e-06	9.44e-03	2.08e-01	7.83e-01
 7.03283e+22	1.33e-21	8.98e-16	1.73e-11	2.78e-08	7.16e-06	9.97e-03	2.12e-01	7.78e-01
 7.15833e+22	1.63e-21	1.07e-15	2.01e-11	3.14e-08	7.82e-06	1.05e-02	2.18e-01	7.72e-01
 7.32147e+22	2.10e-21	1.33e-15	2.41e-11	3.64e-08	8.73e-06	1.13e-02	2.24e-01	7.64e-01
 7.49658e+22	2.74e-21	1.68e-15	2.94e-11	4.27e-08	9.82e-06	1.22e-02	2.31e-01	7.56e-01
 7.64842e+22	3.47e-21	2.05e-15	3.49e-11	4.92e-08	1.09e-05	1.30e-02	2.38e-01	7.49e-01
 7.78531e+22	4.23e-21	2.44e-15	4.04e-11	5.54e-08	1.19e-05	1.37e-02	2.43e-01	7.43e-01
 7.94162e+22	5.23e-21	2.93e-15	4.72e-11	6.29e-08	1.30e-05	1.46e-02	2.50e-01	7.36e-01
 8.14482e+22	6.78e-21	3.67e-15	5.71e-11	7.34e-08	1.46e-05	1.56e-02	2.57e-01	7.27e-01
 8.36166e+22	9.08e-21	4.72e-15	7.07e-11	8.74e-08	1.66e-05	1.69e-02	2.66e-01	7.17e-01
 8.54483e+22	1.15e-20	5.81e-15	8.43e-11	1.01e-07	1.85e-05	1.81e-02	2.73e-01	7.09e-01
 8.70680e+22	1.41e-20	6.88e-15	9.74e-11	1.13e-07	2.01e-05	1.91e-02	2.79e-01	7.02e-01
 8.89260e+22	1.74e-20	8.26e-15	1.14e-10	1.29e-07	2.21e-05	2.02e-02	2.85e-01	6.94e-01
 9.13414e+22	2.25e-20	1.03e-14	1.38e-10	1.50e-07	2.48e-05	2.17e-02	2.94e-01	6.85e-01
 9.39831e+22	3.02e-20	1.33e-14	1.71e-10	1.79e-07	2.81e-05	2.35e-02	3.03e-01	6.73e-01
 9.63196e+22	3.89e-20	1.66e-14	2.06e-10	2.09e-07	3.15e-05	2.52e-02	3.11e-01	6.63e-01
 9.84238e+22	4.80e-20	1.99e-14	2.40e-10	2.37e-07	3.45e-05	2.67e-02	3.18e-01	6.55e-01
 1.00826e+23	6.04e-20	2.43e-14	2.84e-10	2.72e-07	3.82e-05	2.84e-02	3.26e-01	6.46e-01
 1.03461e+23	7.73e-20	3.01e-14	3.41e-10	3.15e-07	4.26e-05	3.04e-02	3.34e-01	6.35e-01
 1.05845e+23	9.68e-20	3.66e-14	4.03e-10	3.62e-07	4.71e-05	3.23e-02	3.42e-01	6.26e-01
 1.08047e+23	1.17e-19	4.31e-14	4.64e-10	4.06e-07	5.12e-05	3.40e-02	3.48e-01	6.17e-01
 1.10567e+23	1.44e-19	5.17e-14	5.42e-10	4.61e-07	5.63e-05	3.60e-02	3.56e-01	6.08e-01
 1.13842e+23	1.84e-19	6.38e-14	6.48e-10	5.34e-07	6.27e-05	3.84e-02	3.64e-01	5.97e-01
 1.17410e+23	2.43e-19	8.12e-14	7.97e-10	6.33e-07	7.10e-05	4.14e-02	3.74e-01	5.84e-01
 1.20518e+23	3.08e-19	9.97e-14	9.50e-10	7.32e-07	7.89e-05	4.42e-02	3.82e-01	5.73e-01
 1.23265e+23	3.74e-19	1.18e-13	1.10e-09	8.26e-07	8.63e-05	4.66e-02	3.90e-01	5.64e-01
 1.26384e+23	4.55e-19	1.40e-13	1.27e-09	9.32e-07	9.43e-05	4.91e-02	3.97e-01	5.54e-01
 1.30439e+23	5.75e-19	1.72e-13	1.52e-09	1.08e-06	1.05e-04	5.24e-02	4.05e-01	5.42e-01
 1.35448e+23	7.59e-19	2.19e-13	1.87e-09	1.28e-06	1.19e-04	5.65e-02	4.15e-01	5.28e-01
 1.40472e+23	1.02e-18	2.84e-13	2.34e-09	1.55e-06	1.37e-04	6.13e-02	4.26e-01	5.13e-01
 1.44603e+23	1.28e-18	3.47e-13	2.78e-09	1.78e-06	1.52e-04	6.52e-02	4.34e-01	5.01e-01
 1.48797e+23	1.56e-18	4.11e-13	3.23e-09	2.02e-06	1.67e-04	6.88e-02	4.41e-01	4.90e-01
 1.54249e+23	1.93e-18	4.97e-13	3.80e-09	2.32e-06	1.84e-04	7.30e-02	4.49e-01	4.78e-01
 1.60538e+23	2.51e-18	6.24e-13	4.64e-09	2.74e-06	2.08e-04	7.84e-02	4.58e-01	4.63e-01
 1.66702e+23	3.21e-18	7.75e-13	5.60e-09	3.21e-06	2.34e-04	8.40e-02	4.67e-01	4.49e-01
 1.72539e+23	3.94e-18	9.28e-13	6.56e-09	3.67e-06	2.59e-04	8.89e-02	4.74e-01	4.37e-01
 1.78992e+23	4.73e-18	1.09e-12	7.58e-09	4.15e-06	2.83e-04	9.36e-02	4.80e-01	4.26e-01
 1.86275e+23	5.80e-18	1.31e-12	8.89e-09	4.76e-06	3.13e-04	9.92e-02	4.87e-01	4.14e-01
 1.93849e+23	7.02e-18	1.55e-12	1.03e-08	5.41e-06	3.44e-04	1.05e-01	4.93e-01	4.02e-01
 2.01726e+23	8.35e-18	1.81e-12	1.18e-08	6.08e-06	3.76e-04	1.10e-01	4.99e-01	3.91e-01
 2.09919e+23	9.79e-18	2.08e-12	1.34e-08	6.78e-06	4.07e-04	1.15e-01	5.04e-01	3.81e-01
 2.18439e+23	1.13e-17	2.37e-12	1.50e-08	7.47e-06	4.38e-04	1.20e-01	5.08e-01	3.72e-01
 2.26918e+23	1.30e-17	2.68e-12	1.68e-08	8.24e-06	4.71e-04	1.25e-01	5.12e-01	3.63e-01
 2.34774e+23	1.46e-17	2.98e-12	1.85e-08	8.95e-06	5.01e-04	1.29e-01	5.15e-01	3.55e-01
 2.41845e+23	1.60e-17	3.23e-12	1.99e-08	9.54e-06	5.25e-04	1.33e-01	5.18e-01	3.49e-01
 2.48209e+23	1.73e-17	3.47e-12	2.12e-08	1.01e-05	5.47e-04	1.36e-01	5.20e-01	3.44e-01
 2.53936e+23	1.84e-17	3.66e-12	2.22e-08	1.05e-05	5.65e-04	1.38e-01	5.22e-01	3.40e-01
 2.59090e+23	1.93e-17	3.83e-12	2.31e-08	1.09e-05	5.80e-04	1.40e-01	5.23e-01	3.36e-01
 2.63730e+23	2.02e-17	3.98e-12	2.40e-08	1.12e-05	5.94e-04	1.42e-01	5.24e-01	3.33e-01
 2.67905e+23	2.08e-17	4.08e-12	2.46e-08	1.15e-05	6.04e-04	1.43e-01	5.25e-01	3.31e-01
 2.71662e+23	2.13e-17	4.19e-12	2.51e-08	1.17e-05	6.13e-04	1.44e-01	5.26e-01	3.29e-01
 2.75044e+23	2.18e-17	4.28e-12	2.56e-08	1.19e-05	6.21e-04	1.46e-01	5.26e-01	3.27e-01
 2.78174e+23	2.22e-17	4.34e-12	2.60e-08	1.21e-05	6.27e-04	1.46e-01	5.27e-01	3.26e-01
 2.81229e+23	2.24e-17	4.38e-12	2.62e-08	1.22e-05	6.30e-04	1.47e-01	5.27e-01	3.25e-01
 2.84283e+23	2.26e-17	4.41e-12	2.64e-08	1.22e-05	6.33e-04	1.47e-01	5.27e-01	3.25e-01
 2.87338e+23	2.28e-17	4.45e-12	2.66e-08	1.23e-05	6.37e-04	1.48e-01	5.28e-01	3.24e-01
 2.90393e+23	2.30e-17	4.48e-12	2.67e-08	1.24e-05	6.40e-04	1.48e-01	5.28e-01	3.23e-01
 2.93448e+23	2.31e-17	4.50e-12	2.69e-08	1.25e-05	6.42e-04	1.48e-01	5.28e-01	3.23e-01
 2.96503e+23	2.32e-17	4.52e-12	2.69e-08	1.25e-05	6.43e-04	1.49e-01	5.28e-01	3.23e-01
 2.99557e+23	2.32e-17	4.53e-12	2.70e-08	1.25e-05	6.44e-04	1.49e-01	5.28e-01	3.22e-01
 3.02612e+23	2.33e-17	4.54e-12	2.70e-08	1.25e-05	6.46e-04	1.49e-01	5.28e-01	3.22e-01
 3.04811e+23	2.37e-17	4.61e-12	2.74e-08	1.27e-05	6.51e-04	1.50e-01	5.29e-01	3.21e-01
