#depth	Ar	Ar+	Ar+2	Ar+3	Ar+4	Ar+5	Ar+6	Ar+7	Ar+8	Ar+9	Ar+10	Ar+11	Ar+12	Ar+13	Ar+14	Ar+15	Ar+16	Ar+17	Ar+18
 6.17135e+19	0.00e+00	0.00e+00	0.00e+00	0.00e+00	0.00e+00	0.00e+00	0.00e+00	0.00e+00	1.20e-28	1.28e-24	6.43e-21	1.45e-17	1.83e-14	1.26e-11	6.71e-09	2.68e-06	1.78e-03	7.31e-02	9.25e-01
 1.87609e+20	0.00e+00	0.00e+00	0.00e+00	0.00e+00	0.00e+00	0.00e+00	0.00e+00	0.00e+00	2.67e-28	2.62e-24	1.22e-20	2.54e-17	2.95e-14	1.88e-11	9.22e-09	3.40e-06	2.07e-03	7.88e-02	9.19e-01
 3.18540e+20	0.00e+00	0.00e+00	0.00e+00	0.00e+00	0.00e+00	0.00e+00	0.00e+00	0.00e+00	5.94e-28	5.39e-24	2.31e-20	4.45e-17	4.77e-14	2.81e-11	1.27e-08	4.32e-06	2.43e-03	8.49e-02	9.13e-01
 4.54709e+20	0.00e+00	0.00e+00	0.00e+00	0.00e+00	0.00e+00	0.00e+00	0.00e+00	0.00e+00	1.32e-27	1.11e-23	4.39e-20	7.81e-17	7.74e-14	4.20e-11	1.75e-08	5.48e-06	2.84e-03	9.14e-02	9.06e-01
 5.74412e+20	0.00e+00	0.00e+00	0.00e+00	0.00e+00	0.00e+00	0.00e+00	0.00e+00	0.00e+00	2.62e-27	2.05e-23	7.58e-20	1.26e-16	1.17e-13	5.92e-11	2.29e-08	6.72e-06	3.24e-03	9.74e-02	8.99e-01
 6.66686e+20	0.00e+00	0.00e+00	0.00e+00	0.00e+00	0.00e+00	0.00e+00	0.00e+00	1.57e-31	4.37e-27	3.25e-23	1.14e-19	1.81e-16	1.59e-13	7.65e-11	2.81e-08	7.82e-06	3.58e-03	1.02e-01	8.94e-01
 7.48883e+20	0.00e+00	0.00e+00	0.00e+00	0.00e+00	0.00e+00	0.00e+00	0.00e+00	2.57e-31	6.83e-27	4.86e-23	1.63e-19	2.47e-16	2.08e-13	9.58e-11	3.36e-08	8.93e-06	3.90e-03	1.06e-01	8.90e-01
 8.41358e+20	0.00e+00	0.00e+00	0.00e+00	0.00e+00	0.00e+00	0.00e+00	0.00e+00	4.40e-31	1.12e-26	7.57e-23	2.42e-19	3.49e-16	2.80e-13	1.23e-10	4.09e-08	1.03e-05	4.29e-03	1.11e-01	8.85e-01
 9.61575e+20	0.00e+00	0.00e+00	0.00e+00	0.00e+00	0.00e+00	0.00e+00	0.00e+00	8.73e-31	2.08e-26	1.33e-22	3.99e-19	5.40e-16	4.07e-13	1.68e-10	5.25e-08	1.24e-05	4.84e-03	1.18e-01	8.78e-01
 1.08324e+21	0.00e+00	0.00e+00	0.00e+00	0.00e+00	0.00e+00	0.00e+00	0.00e+00	1.71e-30	3.85e-26	2.31e-22	6.53e-19	8.31e-16	5.90e-13	2.29e-10	6.71e-08	1.49e-05	5.45e-03	1.24e-01	8.70e-01
 1.17841e+21	0.00e+00	0.00e+00	0.00e+00	0.00e+00	0.00e+00	0.00e+00	0.00e+00	2.87e-30	6.15e-26	3.52e-22	9.51e-19	1.16e-15	7.84e-13	2.90e-10	8.09e-08	1.72e-05	5.96e-03	1.29e-01	8.65e-01
 1.27376e+21	0.00e+00	0.00e+00	0.00e+00	0.00e+00	0.00e+00	0.00e+00	0.00e+00	4.76e-30	9.75e-26	5.33e-22	1.38e-18	1.60e-15	1.04e-12	3.65e-10	9.73e-08	1.97e-05	6.52e-03	1.35e-01	8.59e-01
 1.39772e+21	0.00e+00	0.00e+00	0.00e+00	0.00e+00	0.00e+00	0.00e+00	0.00e+00	9.05e-30	1.75e-25	9.05e-22	2.20e-18	2.41e-15	1.48e-12	4.91e-10	1.23e-07	2.34e-05	7.29e-03	1.42e-01	8.51e-01
 1.52616e+21	0.00e+00	0.00e+00	0.00e+00	0.00e+00	0.00e+00	0.00e+00	0.00e+00	1.74e-29	3.17e-25	1.54e-21	3.54e-18	3.66e-15	2.11e-12	6.63e-10	1.56e-07	2.80e-05	8.17e-03	1.50e-01	8.42e-01
 1.63081e+21	0.00e+00	0.00e+00	0.00e+00	0.00e+00	0.00e+00	0.00e+00	0.00e+00	2.91e-29	5.08e-25	2.36e-21	5.17e-18	5.10e-15	2.81e-12	8.42e-10	1.88e-07	3.21e-05	8.94e-03	1.56e-01	8.35e-01
 1.73722e+21	0.00e+00	0.00e+00	0.00e+00	0.00e+00	0.00e+00	0.00e+00	0.00e+00	4.88e-29	8.13e-25	3.61e-21	7.55e-18	7.11e-15	3.74e-12	1.07e-09	2.27e-07	3.70e-05	9.78e-03	1.62e-01	8.28e-01
 1.84878e+21	0.00e+00	0.00e+00	0.00e+00	0.00e+00	0.00e+00	0.00e+00	0.00e+00	8.30e-29	1.32e-24	5.59e-21	1.11e-17	1.00e-14	5.03e-12	1.37e-09	2.76e-07	4.27e-05	1.07e-02	1.69e-01	8.20e-01
 1.94278e+21	0.00e+00	0.00e+00	0.00e+00	0.00e+00	0.00e+00	0.00e+00	0.00e+00	1.28e-28	1.97e-24	8.00e-21	1.53e-17	1.32e-14	6.40e-12	1.67e-09	3.24e-07	4.81e-05	1.16e-02	1.75e-01	8.14e-01
 2.04074e+21	0.00e+00	0.00e+00	0.00e+00	0.00e+00	0.00e+00	0.00e+00	0.00e+00	2.02e-28	2.97e-24	1.16e-20	2.14e-17	1.77e-14	8.22e-12	2.06e-09	3.82e-07	5.43e-05	1.25e-02	1.81e-01	8.06e-01
 2.16809e+21	0.00e+00	0.00e+00	0.00e+00	0.00e+00	0.00e+00	0.00e+00	0.00e+00	3.57e-28	4.99e-24	1.86e-20	3.25e-17	2.56e-14	1.13e-11	2.69e-09	4.71e-07	6.34e-05	1.38e-02	1.89e-01	7.97e-01
 2.29611e+21	0.00e+00	0.00e+00	0.00e+00	0.00e+00	0.00e+00	0.00e+00	0.00e+00	6.28e-28	8.36e-24	2.96e-20	4.92e-17	3.68e-14	1.55e-11	3.49e-09	5.79e-07	7.39e-05	1.52e-02	1.97e-01	7.88e-01
 2.39469e+21	0.00e+00	0.00e+00	0.00e+00	0.00e+00	0.00e+00	0.00e+00	0.00e+00	9.63e-28	1.23e-23	4.20e-20	6.73e-17	4.85e-14	1.96e-11	4.26e-09	6.78e-07	8.29e-05	1.64e-02	2.04e-01	7.80e-01
 2.49253e+21	0.00e+00	0.00e+00	0.00e+00	0.00e+00	0.00e+00	0.00e+00	0.00e+00	1.46e-27	1.80e-23	5.92e-20	9.13e-17	6.34e-14	2.47e-11	5.17e-09	7.89e-07	9.28e-05	1.76e-02	2.10e-01	7.72e-01
 2.61971e+21	0.00e+00	0.00e+00	0.00e+00	0.00e+00	0.00e+00	0.00e+00	0.00e+00	2.48e-27	2.93e-23	9.16e-20	1.35e-16	8.94e-14	3.33e-11	6.63e-09	9.59e-07	1.07e-04	1.93e-02	2.18e-01	7.62e-01
 2.75086e+21	0.00e+00	0.00e+00	0.00e+00	0.00e+00	0.00e+00	0.00e+00	1.98e-31	4.24e-27	4.79e-23	1.43e-19	2.00e-16	1.27e-13	4.49e-11	8.53e-09	1.17e-06	1.24e-04	2.11e-02	2.27e-01	7.52e-01
 2.85841e+21	0.00e+00	0.00e+00	0.00e+00	0.00e+00	0.00e+00	0.00e+00	3.20e-31	6.53e-27	7.10e-23	2.04e-19	2.75e-16	1.67e-13	5.72e-11	1.04e-08	1.37e-06	1.39e-04	2.27e-02	2.34e-01	7.43e-01
 2.94819e+21	0.00e+00	0.00e+00	0.00e+00	0.00e+00	0.00e+00	0.00e+00	4.78e-31	9.38e-27	9.88e-23	2.75e-19	3.60e-16	2.12e-13	7.02e-11	1.24e-08	1.57e-06	1.54e-04	2.42e-02	2.40e-01	7.36e-01
 3.04362e+21	0.00e+00	0.00e+00	0.00e+00	0.00e+00	0.00e+00	0.00e+00	7.19e-31	1.35e-26	1.38e-22	3.73e-19	4.72e-16	2.69e-13	8.63e-11	1.47e-08	1.79e-06	1.70e-04	2.58e-02	2.46e-01	7.28e-01
 3.16769e+21	0.00e+00	0.00e+00	0.00e+00	0.00e+00	0.00e+00	0.00e+00	1.22e-30	2.18e-26	2.14e-22	5.53e-19	6.71e-16	3.67e-13	1.13e-10	1.84e-08	2.14e-06	1.93e-04	2.79e-02	2.54e-01	7.17e-01
 3.29248e+21	0.00e+00	0.00e+00	0.00e+00	0.00e+00	0.00e+00	0.00e+00	2.06e-30	3.50e-26	3.29e-22	8.17e-19	9.51e-16	4.99e-13	1.47e-10	2.30e-08	2.55e-06	2.20e-04	3.02e-02	2.63e-01	7.07e-01
 3.39032e+21	0.00e+00	0.00e+00	0.00e+00	0.00e+00	0.00e+00	0.00e+00	3.08e-30	5.02e-26	4.59e-22	1.10e-18	1.24e-15	6.32e-13	1.81e-10	2.73e-08	2.91e-06	2.43e-04	3.21e-02	2.69e-01	6.98e-01
 3.48963e+21	0.00e+00	0.00e+00	0.00e+00	0.00e+00	0.00e+00	0.00e+00	4.62e-30	7.23e-26	6.40e-22	1.49e-18	1.63e-15	8.01e-13	2.22e-10	3.25e-08	3.33e-06	2.68e-04	3.42e-02	2.76e-01	6.90e-01
 3.61873e+21	0.00e+00	0.00e+00	0.00e+00	0.00e+00	0.00e+00	0.00e+00	7.75e-30	1.15e-25	9.80e-22	2.19e-18	2.30e-15	1.09e-12	2.89e-10	4.05e-08	3.96e-06	3.04e-04	3.69e-02	2.84e-01	6.78e-01
 3.74827e+21	0.00e+00	0.00e+00	0.00e+00	0.00e+00	0.00e+00	0.00e+00	1.29e-29	1.82e-25	1.49e-21	3.21e-18	3.24e-15	1.47e-12	3.76e-10	5.04e-08	4.70e-06	3.44e-04	3.99e-02	2.93e-01	6.67e-01
 3.84937e+21	0.00e+00	0.00e+00	0.00e+00	0.00e+00	0.00e+00	0.00e+00	1.92e-29	2.59e-25	2.06e-21	4.31e-18	4.21e-15	1.85e-12	4.60e-10	5.97e-08	5.36e-06	3.79e-04	4.23e-02	3.00e-01	6.58e-01
 3.95179e+21	0.00e+00	0.00e+00	0.00e+00	0.00e+00	0.00e+00	0.00e+00	2.84e-29	3.68e-25	2.85e-21	5.78e-18	5.47e-15	2.33e-12	5.62e-10	7.07e-08	6.11e-06	4.17e-04	4.49e-02	3.06e-01	6.49e-01
 4.08494e+21	0.00e+00	0.00e+00	0.00e+00	0.00e+00	0.00e+00	0.00e+00	4.69e-29	5.76e-25	4.30e-21	8.39e-18	7.65e-15	3.14e-12	7.27e-10	8.76e-08	7.22e-06	4.71e-04	4.83e-02	3.15e-01	6.36e-01
 4.21343e+21	0.00e+00	0.00e+00	0.00e+00	0.00e+00	0.00e+00	0.00e+00	7.57e-29	8.84e-25	6.38e-21	1.20e-17	1.05e-14	4.16e-12	9.30e-10	1.08e-07	8.48e-06	5.29e-04	5.18e-02	3.23e-01	6.25e-01
 4.30651e+21	0.00e+00	0.00e+00	0.00e+00	0.00e+00	0.00e+00	0.00e+00	1.07e-28	1.20e-24	8.44e-21	1.55e-17	1.32e-14	5.09e-12	1.11e-09	1.25e-07	9.51e-06	5.75e-04	5.45e-02	3.29e-01	6.16e-01
 4.39814e+21	0.00e+00	0.00e+00	0.00e+00	0.00e+00	0.00e+00	0.00e+00	1.48e-28	1.61e-24	1.11e-20	1.98e-17	1.65e-14	6.19e-12	1.32e-09	1.44e-07	1.06e-05	6.23e-04	5.72e-02	3.34e-01	6.08e-01
 4.51726e+21	0.00e+00	0.00e+00	0.00e+00	0.00e+00	0.00e+00	0.00e+00	2.27e-28	2.35e-24	1.57e-20	2.72e-17	2.20e-14	7.97e-12	1.64e-09	1.73e-07	1.23e-05	6.90e-04	6.09e-02	3.42e-01	5.97e-01
 4.64340e+21	0.00e+00	0.00e+00	0.00e+00	0.00e+00	0.00e+00	0.00e+00	3.54e-28	3.50e-24	2.26e-20	3.80e-17	2.96e-14	1.04e-11	2.06e-09	2.10e-07	1.42e-05	7.69e-04	6.49e-02	3.49e-01	5.85e-01
 4.75161e+21	0.00e+00	0.00e+00	0.00e+00	0.00e+00	0.00e+00	0.00e+00	5.15e-28	4.89e-24	3.08e-20	5.03e-17	3.82e-14	1.30e-11	2.51e-09	2.47e-07	1.61e-05	8.42e-04	6.85e-02	3.56e-01	5.75e-01
 4.84773e+21	0.00e+00	0.00e+00	0.00e+00	0.00e+00	0.00e+00	0.00e+00	7.17e-28	6.56e-24	4.04e-20	6.44e-17	4.77e-14	1.58e-11	2.98e-09	2.86e-07	1.81e-05	9.13e-04	7.19e-02	3.61e-01	5.66e-01
 4.95521e+21	0.00e+00	0.00e+00	0.00e+00	0.00e+00	0.00e+00	0.00e+00	1.03e-27	9.05e-24	5.44e-20	8.44e-17	6.08e-14	1.96e-11	3.60e-09	3.34e-07	2.04e-05	9.96e-04	7.57e-02	3.68e-01	5.56e-01
 5.09494e+21	0.00e+00	0.00e+00	0.00e+00	0.00e+00	0.00e+00	0.00e+00	1.64e-27	1.37e-23	7.96e-20	1.20e-16	8.31e-14	2.59e-11	4.58e-09	4.10e-07	2.38e-05	1.11e-03	8.08e-02	3.75e-01	5.43e-01
 5.23415e+21	0.00e+00	0.00e+00	0.00e+00	0.00e+00	0.00e+00	1.52e-31	2.59e-27	2.05e-23	1.16e-19	1.68e-16	1.13e-13	3.40e-11	5.82e-09	5.01e-07	2.78e-05	1.24e-03	8.62e-02	3.83e-01	5.30e-01
 5.34143e+21	0.00e+00	0.00e+00	0.00e+00	0.00e+00	0.00e+00	2.25e-31	3.66e-27	2.79e-23	1.54e-19	2.19e-16	1.43e-13	4.19e-11	6.98e-09	5.83e-07	3.13e-05	1.35e-03	9.05e-02	3.88e-01	5.20e-01
 5.43471e+21	0.00e+00	0.00e+00	0.00e+00	0.00e+00	0.00e+00	3.14e-31	4.94e-27	3.63e-23	1.97e-19	2.74e-16	1.75e-13	5.02e-11	8.18e-09	6.66e-07	3.46e-05	1.45e-03	9.44e-02	3.93e-01	5.11e-01
 5.54104e+21	0.00e+00	0.00e+00	0.00e+00	0.00e+00	0.00e+00	4.56e-31	6.88e-27	4.88e-23	2.59e-19	3.51e-16	2.20e-13	6.13e-11	9.74e-09	7.71e-07	3.87e-05	1.57e-03	9.89e-02	3.98e-01	5.01e-01
 5.67926e+21	0.00e+00	0.00e+00	0.00e+00	0.00e+00	0.00e+00	7.37e-31	1.06e-26	7.12e-23	3.68e-19	4.85e-16	2.94e-13	7.93e-11	1.22e-08	9.31e-07	4.48e-05	1.74e-03	1.05e-01	4.05e-01	4.88e-01
 5.81992e+21	0.00e+00	0.00e+00	0.00e+00	0.00e+00	0.00e+00	1.19e-30	1.62e-26	1.04e-22	5.24e-19	6.70e-16	3.94e-13	1.03e-10	1.53e-08	1.13e-06	5.18e-05	1.93e-03	1.11e-01	4.11e-01	4.75e-01
 5.93248e+21	0.00e+00	0.00e+00	0.00e+00	0.00e+00	0.00e+00	1.75e-30	2.28e-26	1.41e-22	6.92e-19	8.66e-16	4.96e-13	1.26e-10	1.84e-08	1.31e-06	5.81e-05	2.10e-03	1.16e-01	4.16e-01	4.65e-01
 6.04754e+21	0.00e+00	0.00e+00	0.00e+00	0.00e+00	0.00e+00	2.56e-30	3.21e-26	1.90e-22	9.16e-19	1.12e-15	6.26e-13	1.55e-10	2.20e-08	1.52e-06	6.52e-05	2.27e-03	1.22e-01	4.21e-01	4.55e-01
 6.19713e+21	0.00e+00	0.00e+00	0.00e+00	0.00e+00	0.00e+00	4.19e-30	4.96e-26	2.79e-22	1.31e-18	1.56e-15	8.44e-13	2.02e-10	2.78e-08	1.85e-06	7.56e-05	2.52e-03	1.29e-01	4.27e-01	4.41e-01
 6.34477e+21	0.00e+00	0.00e+00	0.00e+00	0.00e+00	0.00e+00	6.76e-30	7.59e-26	4.05e-22	1.86e-18	2.15e-15	1.13e-12	2.62e-10	3.49e-08	2.24e-06	8.74e-05	2.79e-03	1.37e-01	4.32e-01	4.28e-01
 6.45655e+21	0.00e+00	0.00e+00	0.00e+00	0.00e+00	0.00e+00	9.66e-30	1.04e-25	5.36e-22	2.41e-18	2.73e-15	1.40e-12	3.18e-10	4.13e-08	2.58e-06	9.73e-05	3.00e-03	1.42e-01	4.36e-01	4.18e-01
 6.56852e+21	0.00e+00	0.00e+00	0.00e+00	0.00e+00	0.00e+00	1.37e-29	1.42e-25	7.04e-22	3.12e-18	3.46e-15	1.74e-12	3.85e-10	4.89e-08	2.97e-06	1.08e-04	3.23e-03	1.48e-01	4.40e-01	4.09e-01
 6.71407e+21	0.00e+00	0.00e+00	0.00e+00	0.00e+00	0.00e+00	2.15e-29	2.12e-25	9.99e-22	4.32e-18	4.68e-15	2.29e-12	4.92e-10	6.05e-08	3.55e-06	1.24e-04	3.55e-03	1.56e-01	4.44e-01	3.96e-01
 6.86612e+21	0.00e+00	0.00e+00	0.00e+00	0.00e+00	0.00e+00	3.42e-29	3.19e-25	1.43e-21	6.07e-18	6.40e-15	3.04e-12	6.33e-10	7.56e-08	4.26e-06	1.42e-04	3.90e-03	1.64e-01	4.48e-01	3.83e-01
 6.99354e+21	0.00e+00	0.00e+00	0.00e+00	0.00e+00	0.00e+00	5.01e-29	4.48e-25	1.93e-21	8.02e-18	8.28e-15	3.85e-12	7.80e-10	9.07e-08	4.97e-06	1.60e-04	4.22e-03	1.72e-01	4.51e-01	3.73e-01
 7.12609e+21	0.00e+00	0.00e+00	0.00e+00	0.00e+00	0.00e+00	7.40e-29	6.33e-25	2.61e-21	1.07e-17	1.08e-14	4.88e-12	9.64e-10	1.09e-07	5.80e-06	1.79e-04	4.57e-03	1.79e-01	4.54e-01	3.62e-01
 7.27309e+21	0.00e+00	0.00e+00	0.00e+00	0.00e+00	0.00e+00	1.13e-28	9.23e-25	3.63e-21	1.46e-17	1.44e-14	6.35e-12	1.22e-09	1.34e-07	6.87e-06	2.04e-04	4.99e-03	1.87e-01	4.57e-01	3.50e-01
 7.40883e+21	0.00e+00	0.00e+00	0.00e+00	0.00e+00	0.00e+00	1.67e-28	1.30e-24	4.90e-21	1.93e-17	1.87e-14	8.06e-12	1.51e-09	1.62e-07	8.02e-06	2.29e-04	5.39e-03	1.95e-01	4.59e-01	3.40e-01
 7.53591e+21	0.00e+00	0.00e+00	0.00e+00	0.00e+00	0.00e+00	2.40e-28	1.79e-24	6.48e-21	2.52e-17	2.39e-14	1.01e-11	1.84e-09	1.93e-07	9.27e-06	2.55e-04	5.80e-03	2.03e-01	4.61e-01	3.30e-01
 7.68179e+21	0.00e+00	0.00e+00	0.00e+00	0.00e+00	0.00e+00	3.57e-28	2.54e-24	8.81e-21	3.36e-17	3.12e-14	1.29e-11	2.28e-09	2.33e-07	1.08e-05	2.87e-04	6.28e-03	2.11e-01	4.63e-01	3.19e-01
 7.84200e+21	0.00e+00	0.00e+00	0.00e+00	0.00e+00	0.00e+00	5.52e-28	3.74e-24	1.23e-20	4.62e-17	4.20e-14	1.68e-11	2.90e-09	2.87e-07	1.29e-05	3.27e-04	6.84e-03	2.21e-01	4.64e-01	3.07e-01
 7.98611e+21	0.00e+00	0.00e+00	0.00e+00	0.00e+00	0.00e+00	8.11e-28	5.25e-24	1.66e-20	6.12e-17	5.45e-14	2.14e-11	3.58e-09	3.45e-07	1.50e-05	3.66e-04	7.38e-03	2.30e-01	4.65e-01	2.97e-01
 8.11801e+21	0.00e+00	0.00e+00	0.00e+00	0.00e+00	0.00e+00	1.15e-27	7.15e-24	2.17e-20	7.91e-17	6.92e-14	2.65e-11	4.34e-09	4.08e-07	1.73e-05	4.06e-04	7.91e-03	2.38e-01	4.66e-01	2.88e-01
 8.26879e+21	0.00e+00	0.00e+00	0.00e+00	0.00e+00	1.36e-31	1.69e-27	1.00e-23	2.92e-20	1.05e-16	8.97e-14	3.36e-11	5.35e-09	4.90e-07	2.00e-05	4.54e-04	8.51e-03	2.47e-01	4.66e-01	2.78e-01
 8.43831e+21	0.00e+00	0.00e+00	0.00e+00	0.00e+00	2.20e-31	2.59e-27	1.46e-23	4.06e-20	1.43e-16	1.20e-13	4.39e-11	6.77e-09	6.02e-07	2.37e-05	5.15e-04	9.24e-03	2.57e-01	4.66e-01	2.67e-01
 8.59321e+21	0.00e+00	0.00e+00	0.00e+00	0.00e+00	3.38e-31	3.81e-27	2.06e-23	5.46e-20	1.90e-16	1.56e-13	5.57e-11	8.36e-09	7.24e-07	2.76e-05	5.76e-04	9.94e-03	2.66e-01	4.66e-01	2.57e-01
 8.73109e+21	0.00e+00	0.00e+00	0.00e+00	0.00e+00	4.92e-31	5.33e-27	2.77e-23	7.08e-20	2.43e-16	1.97e-13	6.86e-11	1.01e-08	8.50e-07	3.15e-05	6.34e-04	1.06e-02	2.75e-01	4.65e-01	2.49e-01
 8.88585e+21	0.00e+00	0.00e+00	0.00e+00	0.00e+00	7.43e-31	7.71e-27	3.83e-23	9.40e-20	3.19e-16	2.53e-13	8.63e-11	1.23e-08	1.01e-06	3.64e-05	7.06e-04	1.14e-02	2.84e-01	4.64e-01	2.40e-01
 9.08704e+21	0.00e+00	0.00e+00	0.00e+00	0.00e+00	1.26e-30	1.23e-26	5.81e-23	1.35e-19	4.50e-16	3.48e-13	1.15e-10	1.59e-08	1.27e-06	4.37e-05	8.07e-04	1.24e-02	2.96e-01	4.62e-01	2.29e-01
 9.29112e+21	0.00e+00	0.00e+00	0.00e+00	0.00e+00	2.12e-30	1.97e-26	8.79e-23	1.94e-19	6.35e-16	4.80e-13	1.55e-10	2.06e-08	1.58e-06	5.24e-05	9.23e-04	1.35e-02	3.08e-01	4.60e-01	2.18e-01
 9.45464e+21	0.00e+00	0.00e+00	0.00e+00	0.00e+00	3.20e-30	2.85e-26	1.22e-22	2.58e-19	8.32e-16	6.18e-13	1.94e-10	2.52e-08	1.89e-06	6.03e-05	1.02e-03	1.44e-02	3.17e-01	4.58e-01	2.09e-01
 9.62288e+21	0.00e+00	0.00e+00	0.00e+00	0.00e+00	4.82e-30	4.12e-26	1.69e-22	3.42e-19	1.09e-15	7.95e-13	2.44e-10	3.08e-08	2.24e-06	6.95e-05	1.14e-03	1.54e-02	3.27e-01	4.56e-01	2.01e-01
 9.84159e+21	0.00e+00	0.00e+00	0.00e+00	0.00e+00	8.12e-30	6.58e-26	2.55e-22	4.91e-19	1.54e-15	1.10e-12	3.27e-10	3.98e-08	2.80e-06	8.31e-05	1.29e-03	1.67e-02	3.39e-01	4.52e-01	1.91e-01
 1.00590e+22	0.00e+00	0.00e+00	0.00e+00	0.00e+00	1.36e-29	1.04e-25	3.83e-22	7.01e-19	2.16e-15	1.50e-12	4.35e-10	5.11e-08	3.47e-06	9.89e-05	1.47e-03	1.81e-02	3.52e-01	4.48e-01	1.81e-01
 1.02262e+22	0.00e+00	0.00e+00	0.00e+00	0.00e+00	1.99e-29	1.47e-25	5.20e-22	9.15e-19	2.79e-15	1.90e-12	5.38e-10	6.17e-08	4.08e-06	1.13e-04	1.62e-03	1.92e-02	3.61e-01	4.45e-01	1.74e-01
 1.03953e+22	0.00e+00	0.00e+00	0.00e+00	0.00e+00	2.91e-29	2.07e-25	7.02e-22	1.19e-18	3.59e-15	2.40e-12	6.65e-10	7.42e-08	4.78e-06	1.28e-04	1.78e-03	2.04e-02	3.70e-01	4.41e-01	1.67e-01
 1.06151e+22	0.00e+00	0.00e+00	0.00e+00	0.00e+00	4.72e-29	3.19e-25	1.03e-21	1.66e-18	4.94e-15	3.23e-12	8.70e-10	9.39e-08	5.85e-06	1.51e-04	2.00e-03	2.19e-02	3.81e-01	4.36e-01	1.58e-01
 1.08481e+22	0.00e+00	0.00e+00	0.00e+00	0.00e+00	7.82e-29	5.02e-25	1.54e-21	2.36e-18	6.90e-15	4.41e-12	1.15e-09	1.20e-07	7.22e-06	1.78e-04	2.26e-03	2.36e-02	3.93e-01	4.31e-01	1.50e-01
 1.10493e+22	0.00e+00	0.00e+00	0.00e+00	0.00e+00	1.20e-28	7.36e-25	2.16e-21	3.18e-18	9.15e-15	5.73e-12	1.46e-09	1.47e-07	8.62e-06	2.05e-04	2.50e-03	2.52e-02	4.03e-01	4.26e-01	1.43e-01
 1.12340e+22	0.00e+00	0.00e+00	0.00e+00	0.00e+00	1.75e-28	1.04e-24	2.93e-21	4.15e-18	1.18e-14	7.26e-12	1.80e-09	1.77e-07	1.01e-05	2.33e-04	2.74e-03	2.66e-02	4.13e-01	4.21e-01	1.37e-01
 1.14463e+22	0.00e+00	0.00e+00	0.00e+00	0.00e+00	2.70e-28	1.53e-24	4.12e-21	5.59e-18	1.57e-14	9.45e-12	2.29e-09	2.18e-07	1.20e-05	2.69e-04	3.03e-03	2.83e-02	4.23e-01	4.16e-01	1.30e-01
 1.16777e+22	0.00e+00	0.00e+00	0.00e+00	0.00e+00	4.28e-28	2.31e-24	5.95e-21	7.71e-18	2.13e-14	1.26e-11	2.96e-09	2.73e-07	1.46e-05	3.12e-04	3.38e-03	3.02e-02	4.33e-01	4.10e-01	1.23e-01
 1.18859e+22	0.00e+00	0.00e+00	0.00e+00	0.00e+00	6.42e-28	3.33e-24	8.23e-21	1.02e-17	2.80e-14	1.61e-11	3.71e-09	3.32e-07	1.72e-05	3.57e-04	3.72e-03	3.20e-02	4.43e-01	4.04e-01	1.17e-01
 1.21087e+22	0.00e+00	0.00e+00	0.00e+00	0.00e+00	9.81e-28	4.88e-24	1.15e-20	1.38e-17	3.71e-14	2.10e-11	4.69e-09	4.07e-07	2.04e-05	4.09e-04	4.10e-03	3.39e-02	4.52e-01	3.98e-01	1.11e-01
 1.23581e+22	0.00e+00	0.00e+00	0.00e+00	0.00e+00	1.57e-27	7.43e-24	1.68e-20	1.91e-17	5.06e-14	2.79e-11	6.07e-09	5.09e-07	2.47e-05	4.76e-04	4.57e-03	3.61e-02	4.63e-01	3.91e-01	1.05e-01
 1.25922e+22	0.00e+00	0.00e+00	0.00e+00	1.81e-31	2.41e-27	1.09e-23	2.36e-20	2.57e-17	6.75e-14	3.64e-11	7.71e-09	6.26e-07	2.94e-05	5.46e-04	5.04e-03	3.83e-02	4.72e-01	3.84e-01	9.94e-02
 1.28128e+22	0.00e+00	0.00e+00	0.00e+00	2.81e-31	3.59e-27	1.56e-23	3.24e-20	3.39e-17	8.79e-14	4.65e-11	9.60e-09	7.57e-07	3.46e-05	6.20e-04	5.52e-03	4.04e-02	4.81e-01	3.78e-01	9.45e-02
 1.30660e+22	0.00e+00	0.00e+00	0.00e+00	4.58e-31	5.59e-27	2.33e-23	4.62e-20	4.63e-17	1.18e-13	6.12e-11	1.23e-08	9.36e-07	4.14e-05	7.15e-04	6.10e-03	4.28e-02	4.91e-01	3.71e-01	8.92e-02
 1.33473e+22	0.00e+00	0.00e+00	0.00e+00	7.82e-31	9.10e-27	3.62e-23	6.82e-20	6.50e-17	1.64e-13	8.26e-11	1.60e-08	1.18e-06	5.03e-05	8.33e-04	6.80e-03	4.56e-02	5.01e-01	3.62e-01	8.36e-02
 1.36091e+22	0.00e+00	0.00e+00	0.00e+00	1.27e-30	1.42e-26	5.40e-23	9.73e-20	8.87e-17	2.20e-13	1.09e-10	2.05e-08	1.46e-06	6.01e-05	9.59e-04	7.51e-03	4.83e-02	5.10e-01	3.55e-01	7.88e-02
 1.38934e+22	0.00e+00	0.00e+00	0.00e+00	2.13e-30	2.27e-26	8.23e-23	1.41e-19	1.23e-16	3.01e-13	1.45e-10	2.65e-08	1.82e-06	7.24e-05	1.11e-03	8.32e-03	5.12e-02	5.19e-01	3.47e-01	7.39e-02
 1.41922e+22	0.00e+00	0.00e+00	0.00e+00	3.64e-30	3.69e-26	1.28e-22	2.08e-19	1.73e-16	4.16e-13	1.95e-10	3.47e-08	2.29e-06	8.79e-05	1.29e-03	9.26e-03	5.44e-02	5.28e-01	3.38e-01	6.90e-02
 1.44457e+22	0.00e+00	0.00e+00	0.00e+00	5.69e-30	5.54e-26	1.84e-22	2.88e-19	2.29e-16	5.45e-13	2.51e-10	4.33e-08	2.78e-06	1.03e-04	1.46e-03	1.01e-02	5.71e-02	5.35e-01	3.31e-01	6.52e-02
 1.47111e+22	0.00e+00	0.00e+00	0.00e+00	8.96e-30	8.37e-26	2.66e-22	4.00e-19	3.06e-16	7.18e-13	3.23e-10	5.43e-08	3.37e-06	1.21e-04	1.66e-03	1.10e-02	6.00e-02	5.43e-01	3.23e-01	6.14e-02
 1.50562e+22	0.00e+00	0.00e+00	0.00e+00	1.59e-29	1.41e-25	4.27e-22	6.08e-19	4.40e-16	1.02e-12	4.46e-10	7.24e-08	4.32e-06	1.49e-04	1.95e-03	1.24e-02	6.39e-02	5.51e-01	3.13e-01	5.69e-02
 1.54082e+22	0.00e+00	0.00e+00	0.00e+00	2.86e-29	2.41e-25	6.88e-22	9.29e-19	6.37e-16	1.45e-12	6.18e-10	9.69e-08	5.54e-06	1.84e-04	2.30e-03	1.38e-02	6.79e-02	5.60e-01	3.04e-01	5.26e-02
 1.56893e+22	0.00e+00	0.00e+00	0.00e+00	4.50e-29	3.64e-25	9.98e-22	1.29e-18	8.50e-16	1.91e-12	7.96e-10	1.21e-07	6.72e-06	2.16e-04	2.60e-03	1.51e-02	7.12e-02	5.66e-01	2.96e-01	4.94e-02
 1.59745e+22	0.00e+00	0.00e+00	0.00e+00	7.06e-29	5.47e-25	1.44e-21	1.79e-18	1.13e-15	2.51e-12	1.02e-09	1.52e-07	8.14e-06	2.53e-04	2.94e-03	1.64e-02	7.46e-02	5.71e-01	2.88e-01	4.64e-02
 1.63453e+22	0.00e+00	0.00e+00	0.00e+00	1.25e-28	9.21e-25	2.30e-21	2.71e-18	1.62e-15	3.55e-12	1.41e-09	2.02e-07	1.04e-05	3.10e-04	3.44e-03	1.83e-02	7.90e-02	5.78e-01	2.78e-01	4.28e-02
 1.67298e+22	0.00e+00	0.00e+00	0.00e+00	2.25e-28	1.57e-24	3.72e-21	4.14e-18	2.34e-15	5.06e-12	1.95e-09	2.70e-07	1.33e-05	3.81e-04	4.04e-03	2.04e-02	8.37e-02	5.84e-01	2.68e-01	3.94e-02
 1.70229e+22	0.00e+00	0.00e+00	0.00e+00	3.49e-28	2.34e-24	5.33e-21	5.69e-18	3.09e-15	6.61e-12	2.50e-09	3.36e-07	1.60e-05	4.45e-04	4.55e-03	2.21e-02	8.74e-02	5.88e-01	2.60e-01	3.69e-02
 1.72522e+22	0.00e+00	0.00e+00	0.00e+00	4.87e-28	3.17e-24	6.99e-21	7.24e-18	3.82e-15	8.09e-12	3.00e-09	3.96e-07	1.84e-05	4.99e-04	4.97e-03	2.35e-02	9.02e-02	5.91e-01	2.55e-01	3.51e-02
 1.75079e+22	0.00e+00	0.00e+00	0.00e+00	7.08e-28	4.46e-24	9.49e-21	9.47e-18	4.82e-15	1.01e-11	3.70e-09	4.76e-07	2.16e-05	5.69e-04	5.50e-03	2.52e-02	9.34e-02	5.94e-01	2.48e-01	3.32e-02
 1.78403e+22	0.00e+00	0.00e+00	0.00e+00	1.12e-27	6.78e-24	1.38e-20	1.32e-17	6.46e-15	1.34e-11	4.77e-09	5.97e-07	2.62e-05	6.67e-04	6.21e-03	2.73e-02	9.74e-02	5.97e-01	2.40e-01	3.10e-02
 1.82026e+22	0.00e+00	0.00e+00	2.00e-31	1.88e-27	1.08e-23	2.11e-20	1.92e-17	8.91e-15	1.83e-11	6.37e-09	7.71e-07	3.26e-05	8.00e-04	7.13e-03	3.00e-02	1.02e-01	6.00e-01	2.31e-01	2.86e-02
 1.85183e+22	0.00e+00	0.00e+00	3.22e-31	2.92e-27	1.61e-23	3.01e-20	2.63e-17	1.17e-14	2.38e-11	8.12e-09	9.57e-07	3.91e-05	9.30e-04	8.00e-03	3.24e-02	1.06e-01	6.02e-01	2.24e-01	2.67e-02
 1.88005e+22	0.00e+00	0.00e+00	4.90e-31	4.28e-27	2.29e-23	4.11e-20	3.46e-17	1.49e-14	3.00e-11	1.00e-08	1.16e-06	4.60e-05	1.06e-03	8.85e-03	3.47e-02	1.10e-01	6.03e-01	2.17e-01	2.51e-02
 1.90751e+22	0.00e+00	0.00e+00	7.31e-31	6.19e-27	3.19e-23	5.55e-20	4.51e-17	1.87e-14	3.75e-11	1.23e-08	1.38e-06	5.35e-05	1.20e-03	9.74e-03	3.70e-02	1.13e-01	6.04e-01	2.11e-01	2.36e-02
 1.93830e+22	0.00e+00	0.00e+00	1.13e-30	9.21e-27	4.58e-23	7.67e-20	6.00e-17	2.40e-14	4.76e-11	1.53e-08	1.68e-06	6.31e-05	1.38e-03	1.08e-02	3.96e-02	1.17e-01	6.05e-01	2.04e-01	2.22e-02
 1.97202e+22	0.00e+00	0.00e+00	1.83e-30	1.44e-26	6.85e-23	1.10e-19	8.24e-17	3.15e-14	6.22e-11	1.96e-08	2.09e-06	7.60e-05	1.61e-03	1.21e-02	4.27e-02	1.21e-01	6.05e-01	1.97e-01	2.06e-02
 2.00179e+22	0.00e+00	0.00e+00	2.78e-30	2.11e-26	9.71e-23	1.50e-19	1.08e-16	4.00e-14	7.83e-11	2.43e-08	2.53e-06	8.92e-05	1.83e-03	1.34e-02	4.56e-02	1.25e-01	6.04e-01	1.90e-01	1.93e-02
 2.02851e+22	0.00e+00	0.00e+00	4.03e-30	2.96e-26	1.32e-22	1.98e-19	1.38e-16	4.92e-14	9.59e-11	2.93e-08	2.98e-06	1.03e-04	2.05e-03	1.46e-02	4.83e-02	1.29e-01	6.03e-01	1.85e-01	1.82e-02
 2.05899e+22	0.00e+00	0.00e+00	6.09e-30	4.32e-26	1.86e-22	2.69e-19	1.81e-16	6.22e-14	1.20e-10	3.60e-08	3.58e-06	1.20e-04	2.33e-03	1.61e-02	5.14e-02	1.32e-01	6.02e-01	1.79e-01	1.70e-02
 2.09092e+22	0.00e+00	0.00e+00	9.38e-30	6.41e-26	2.66e-22	3.71e-19	2.40e-16	7.93e-14	1.52e-10	4.48e-08	4.35e-06	1.41e-04	2.67e-03	1.78e-02	5.49e-02	1.36e-01	6.00e-01	1.72e-01	1.59e-02
 2.11763e+22	0.00e+00	0.00e+00	1.34e-29	8.90e-26	3.58e-22	4.83e-19	3.03e-16	9.68e-14	1.85e-10	5.37e-08	5.10e-06	1.62e-04	2.98e-03	1.93e-02	5.79e-02	1.40e-01	5.98e-01	1.67e-01	1.50e-02
 2.14524e+22	0.00e+00	0.00e+00	1.93e-29	1.24e-25	4.83e-22	6.32e-19	3.83e-16	1.19e-13	2.26e-10	6.44e-08	5.99e-06	1.85e-04	3.33e-03	2.10e-02	6.11e-02	1.43e-01	5.96e-01	1.62e-01	1.41e-02
 2.18112e+22	0.00e+00	0.00e+00	3.05e-29	1.89e-25	7.07e-22	8.87e-19	5.16e-16	1.53e-13	2.90e-10	8.11e-08	7.34e-06	2.20e-04	3.83e-03	2.33e-02	6.54e-02	1.47e-01	5.92e-01	1.55e-01	1.31e-02
 2.21728e+22	0.00e+00	0.00e+00	4.87e-29	2.90e-25	1.04e-21	1.25e-18	6.98e-16	1.99e-13	3.74e-10	1.03e-07	9.04e-06	2.62e-04	4.41e-03	2.59e-02	6.99e-02	1.51e-01	5.88e-01	1.48e-01	1.20e-02
 2.24536e+22	0.00e+00	0.00e+00	6.97e-29	4.02e-25	1.40e-21	1.63e-18	8.81e-16	2.42e-13	4.54e-10	1.23e-07	1.06e-05	2.99e-04	4.92e-03	2.80e-02	7.36e-02	1.54e-01	5.84e-01	1.43e-01	1.13e-02
 2.27345e+22	0.00e+00	0.00e+00	9.88e-29	5.53e-25	1.87e-21	2.11e-18	1.10e-15	2.94e-13	5.49e-10	1.46e-07	1.23e-05	3.40e-04	5.47e-03	3.03e-02	7.73e-02	1.57e-01	5.80e-01	1.38e-01	1.06e-02
 2.30997e+22	0.00e+00	0.00e+00	1.54e-28	8.32e-25	2.70e-21	2.94e-18	1.47e-15	3.76e-13	6.99e-10	1.83e-07	1.50e-05	4.02e-04	6.25e-03	3.35e-02	8.23e-02	1.61e-01	5.74e-01	1.32e-01	9.80e-03
 2.34579e+22	0.00e+00	0.00e+00	2.41e-28	1.25e-24	3.91e-21	4.07e-18	1.96e-15	4.80e-13	8.88e-10	2.28e-07	1.83e-05	4.73e-04	7.14e-03	3.69e-02	8.74e-02	1.65e-01	5.68e-01	1.26e-01	9.03e-03
 2.37232e+22	0.00e+00	0.00e+00	3.34e-28	1.68e-24	5.10e-21	5.17e-18	2.41e-15	5.72e-13	1.06e-09	2.68e-07	2.11e-05	5.33e-04	7.86e-03	3.96e-02	9.13e-02	1.68e-01	5.63e-01	1.22e-01	8.50e-03
 2.39843e+22	0.00e+00	0.00e+00	4.55e-28	2.23e-24	6.59e-21	6.49e-18	2.93e-15	6.78e-13	1.25e-09	3.12e-07	2.41e-05	5.97e-04	8.61e-03	4.24e-02	9.52e-02	1.70e-01	5.57e-01	1.18e-01	8.01e-03
 2.43237e+22	0.00e+00	0.00e+00	6.77e-28	3.21e-24	9.15e-21	8.69e-18	3.78e-15	8.41e-13	1.54e-09	3.80e-07	2.86e-05	6.90e-04	9.68e-03	4.61e-02	1.00e-01	1.73e-01	5.50e-01	1.12e-01	7.42e-03
 2.46826e+22	0.00e+00	0.00e+00	1.04e-27	4.73e-24	1.30e-20	1.19e-17	4.95e-15	1.06e-12	1.93e-09	4.68e-07	3.44e-05	8.05e-04	1.10e-02	5.05e-02	1.06e-01	1.76e-01	5.42e-01	1.07e-01	6.82e-03
 2.49864e+22	0.00e+00	0.00e+00	1.48e-27	6.54e-24	1.74e-20	1.54e-17	6.21e-15	1.28e-12	2.34e-09	5.57e-07	4.01e-05	9.15e-04	1.21e-02	5.44e-02	1.11e-01	1.79e-01	5.34e-01	1.02e-01	6.35e-03
 2.53007e+22	0.00e+00	0.00e+00	2.12e-27	9.07e-24	2.33e-20	2.00e-17	7.78e-15	1.55e-12	2.82e-09	6.63e-07	4.68e-05	1.04e-03	1.35e-02	5.86e-02	1.16e-01	1.81e-01	5.26e-01	9.80e-02	5.90e-03
 2.57093e+22	0.00e+00	0.00e+00	3.35e-27	1.38e-23	3.40e-20	2.79e-17	1.04e-14	1.98e-12	3.59e-09	8.29e-07	5.70e-05	1.22e-03	1.53e-02	6.44e-02	1.22e-01	1.84e-01	5.15e-01	9.24e-02	5.36e-03
 2.61171e+22	0.00e+00	0.00e+00	5.33e-27	2.11e-23	4.99e-20	3.91e-17	1.39e-14	2.54e-12	4.58e-09	1.04e-06	6.94e-05	1.44e-03	1.75e-02	7.07e-02	1.29e-01	1.86e-01	5.03e-01	8.69e-02	4.85e-03
 2.64176e+22	0.00e+00	0.00e+00	7.48e-27	2.87e-23	6.58e-20	5.00e-17	1.72e-14	3.03e-12	5.46e-09	1.22e-06	8.00e-05	1.63e-03	1.92e-02	7.56e-02	1.34e-01	1.88e-01	4.94e-01	8.29e-02	4.50e-03
 2.67018e+22	0.00e+00	0.00e+00	1.02e-26	3.80e-23	8.49e-20	6.26e-17	2.09e-14	3.57e-12	6.41e-09	1.42e-06	9.12e-05	1.81e-03	2.09e-02	8.04e-02	1.39e-01	1.89e-01	4.86e-01	7.94e-02	4.20e-03
 2.70713e+22	0.00e+00	0.00e+00	1.52e-26	5.48e-23	1.18e-19	8.37e-17	2.69e-14	4.41e-12	7.88e-09	1.72e-06	1.08e-04	2.08e-03	2.34e-02	8.68e-02	1.45e-01	1.90e-01	4.74e-01	7.49e-02	3.83e-03
 2.74515e+22	0.00e+00	0.00e+00	2.31e-26	8.00e-23	1.66e-19	1.13e-16	3.48e-14	5.48e-12	9.75e-09	2.09e-06	1.28e-04	2.40e-03	2.62e-02	9.40e-02	1.51e-01	1.91e-01	4.61e-01	7.03e-02	3.47e-03
 2.77587e+22	0.00e+00	0.00e+00	3.25e-26	1.09e-22	2.19e-19	1.44e-16	4.30e-14	6.52e-12	1.16e-08	2.45e-06	1.47e-04	2.70e-03	2.87e-02	1.00e-01	1.56e-01	1.92e-01	4.50e-01	6.67e-02	3.20e-03
 2.80713e+22	0.00e+00	0.00e+00	4.48e-26	1.46e-22	2.84e-19	1.82e-16	5.25e-14	7.72e-12	1.36e-08	2.85e-06	1.68e-04	3.00e-03	3.12e-02	1.06e-01	1.61e-01	1.92e-01	4.40e-01	6.34e-02	2.96e-03
 2.84776e+22	0.00e+00	0.00e+00	6.83e-26	2.15e-22	4.02e-19	2.47e-16	6.82e-14	9.60e-12	1.68e-08	3.47e-06	1.99e-04	3.46e-03	3.48e-02	1.15e-01	1.68e-01	1.93e-01	4.25e-01	5.91e-02	2.66e-03
 2.88926e+22	0.00e+00	0.00e+00	1.06e-25	3.20e-22	5.74e-19	3.39e-16	8.93e-14	1.20e-11	2.09e-08	4.24e-06	2.38e-04	4.00e-03	3.90e-02	1.24e-01	1.74e-01	1.92e-01	4.10e-01	5.48e-02	2.38e-03
 2.92196e+22	0.00e+00	0.00e+00	1.50e-25	4.39e-22	7.64e-19	4.35e-16	1.11e-13	1.43e-11	2.48e-08	4.98e-06	2.73e-04	4.48e-03	4.26e-02	1.31e-01	1.79e-01	1.92e-01	3.97e-01	5.15e-02	2.17e-03
 2.95009e+22	0.00e+00	0.00e+00	1.99e-25	5.66e-22	9.59e-19	5.32e-16	1.31e-13	1.66e-11	2.85e-08	5.65e-06	3.05e-04	4.90e-03	4.56e-02	1.37e-01	1.83e-01	1.91e-01	3.87e-01	4.90e-02	2.01e-03
 2.98218e+22	0.00e+00	0.00e+00	2.74e-25	7.59e-22	1.25e-18	6.71e-16	1.60e-13	1.95e-11	3.33e-08	6.53e-06	3.46e-04	5.43e-03	4.94e-02	1.45e-01	1.88e-01	1.90e-01	3.75e-01	4.61e-02	1.84e-03
 3.02390e+22	0.00e+00	0.00e+00	4.15e-25	1.11e-21	1.75e-18	9.03e-16	2.07e-13	2.41e-11	4.06e-08	7.85e-06	4.06e-04	6.19e-03	5.46e-02	1.55e-01	1.93e-01	1.88e-01	3.59e-01	4.25e-02	1.64e-03
 3.06723e+22	0.00e+00	2.24e-31	6.41e-25	1.64e-21	2.49e-18	1.23e-15	2.69e-13	3.00e-11	4.99e-08	9.51e-06	4.79e-04	7.08e-03	6.05e-02	1.65e-01	1.98e-01	1.86e-01	3.42e-01	3.90e-02	1.45e-03
 3.10280e+22	0.00e+00	3.25e-31	9.11e-25	2.26e-21	3.32e-18	1.59e-15	3.34e-13	3.58e-11	5.89e-08	1.11e-05	5.47e-04	7.89e-03	6.56e-02	1.74e-01	2.02e-01	1.84e-01	3.28e-01	3.62e-02	1.30e-03
 3.13919e+22	0.00e+00	4.69e-31	1.29e-24	3.10e-21	4.41e-18	2.04e-15	4.13e-13	4.27e-11	6.93e-08	1.29e-05	6.22e-04	8.75e-03	7.09e-02	1.83e-01	2.06e-01	1.81e-01	3.14e-01	3.37e-02	1.17e-03
 3.18649e+22	0.00e+00	7.51e-31	2.01e-24	4.64e-21	6.33e-18	2.80e-15	5.43e-13	5.34e-11	8.51e-08	1.56e-05	7.32e-04	9.98e-03	7.82e-02	1.94e-01	2.11e-01	1.78e-01	2.97e-01	3.05e-02	1.02e-03
 3.23437e+22	0.00e+00	1.22e-30	3.17e-24	7.03e-21	9.19e-18	3.89e-15	7.17e-13	6.72e-11	1.05e-07	1.88e-05	8.63e-04	1.14e-02	8.62e-02	2.06e-01	2.14e-01	1.73e-01	2.79e-01	2.75e-02	8.82e-04
 3.27227e+22	0.00e+00	1.77e-30	4.52e-24	9.70e-21	1.23e-17	5.02e-15	8.91e-13	8.04e-11	1.23e-07	2.18e-05	9.78e-04	1.26e-02	9.28e-02	2.16e-01	2.17e-01	1.70e-01	2.65e-01	2.53e-02	7.85e-04
 3.31080e+22	0.00e+00	2.54e-30	6.38e-24	1.33e-20	1.63e-17	6.43e-15	1.10e-12	9.56e-11	1.43e-07	2.51e-05	1.10e-03	1.39e-02	9.95e-02	2.25e-01	2.19e-01	1.66e-01	2.52e-01	2.32e-02	6.99e-04
 3.35404e+22	0.00e+00	3.83e-30	9.40e-24	1.89e-20	2.23e-17	8.50e-15	1.39e-12	1.16e-10	1.70e-07	2.94e-05	1.26e-03	1.54e-02	1.07e-01	2.35e-01	2.21e-01	1.62e-01	2.37e-01	2.11e-02	6.12e-04
 3.39428e+22	0.00e+00	5.58e-30	1.34e-23	2.61e-20	2.99e-17	1.10e-14	1.74e-12	1.39e-10	1.99e-07	3.39e-05	1.42e-03	1.69e-02	1.15e-01	2.44e-01	2.22e-01	1.57e-01	2.24e-01	1.92e-02	5.40e-04
 3.43076e+22	0.00e+00	7.83e-30	1.85e-23	3.49e-20	3.88e-17	1.38e-14	2.11e-12	1.63e-10	2.29e-07	3.85e-05	1.58e-03	1.84e-02	1.22e-01	2.52e-01	2.23e-01	1.53e-01	2.12e-01	1.77e-02	4.81e-04
 3.47145e+22	0.00e+00	1.11e-29	2.57e-23	4.73e-20	5.10e-17	1.76e-14	2.59e-12	1.94e-10	2.65e-07	4.39e-05	1.77e-03	2.01e-02	1.30e-01	2.60e-01	2.23e-01	1.49e-01	2.00e-01	1.62e-02	4.26e-04
 3.52435e+22	0.00e+00	1.75e-29	3.95e-23	6.99e-20	7.25e-17	2.40e-14	3.38e-12	2.41e-10	3.19e-07	5.19e-05	2.03e-03	2.24e-02	1.40e-01	2.70e-01	2.23e-01	1.43e-01	1.85e-01	1.43e-02	3.63e-04
 3.57751e+22	0.00e+00	2.77e-29	6.09e-23	1.04e-19	1.04e-16	3.29e-14	4.42e-12	3.00e-10	3.83e-07	6.13e-05	2.33e-03	2.49e-02	1.50e-01	2.80e-01	2.22e-01	1.37e-01	1.71e-01	1.27e-02	3.07e-04
 3.61880e+22	0.00e+00	3.92e-29	8.44e-23	1.40e-19	1.36e-16	4.17e-14	5.41e-12	3.55e-10	4.41e-07	6.95e-05	2.59e-03	2.70e-02	1.59e-01	2.87e-01	2.21e-01	1.32e-01	1.60e-01	1.15e-02	2.70e-04
 3.66027e+22	0.00e+00	5.45e-29	1.15e-22	1.86e-19	1.75e-16	5.23e-14	6.57e-12	4.16e-10	5.03e-07	7.81e-05	2.85e-03	2.91e-02	1.67e-01	2.94e-01	2.19e-01	1.27e-01	1.50e-01	1.05e-02	2.39e-04
 3.71419e+22	0.00e+00	8.27e-29	1.70e-22	2.66e-19	2.42e-16	6.97e-14	8.39e-12	5.10e-10	5.95e-07	9.06e-05	3.22e-03	3.19e-02	1.77e-01	3.01e-01	2.17e-01	1.21e-01	1.39e-01	9.27e-03	2.03e-04
 3.77149e+22	0.00e+00	1.29e-28	2.58e-22	3.89e-19	3.41e-16	9.45e-14	1.09e-11	6.32e-10	7.09e-07	1.06e-04	3.65e-03	3.51e-02	1.88e-01	3.09e-01	2.14e-01	1.15e-01	1.27e-01	8.13e-03	1.71e-04
 3.82061e+22	0.00e+00	1.87e-28	3.66e-22	5.36e-19	4.57e-16	1.22e-13	1.36e-11	7.59e-10	8.23e-07	1.20e-04	4.05e-03	3.79e-02	1.98e-01	3.15e-01	2.11e-01	1.10e-01	1.17e-01	7.25e-03	1.47e-04
 3.86520e+22	0.00e+00	2.56e-28	4.93e-22	7.03e-19	5.84e-16	1.52e-13	1.64e-11	8.86e-10	9.34e-07	1.34e-04	4.42e-03	4.05e-02	2.06e-01	3.19e-01	2.08e-01	1.05e-01	1.09e-01	6.57e-03	1.29e-04
 3.91647e+22	0.00e+00	3.65e-28	6.86e-22	9.54e-19	7.70e-16	1.95e-13	2.02e-11	1.05e-09	1.07e-06	1.52e-04	4.87e-03	4.35e-02	2.16e-01	3.24e-01	2.04e-01	1.00e-01	1.01e-01	5.87e-03	1.12e-04
 3.98311e+22	0.00e+00	5.69e-28	1.04e-21	1.40e-18	1.09e-15	2.65e-13	2.63e-11	1.31e-09	1.28e-06	1.76e-04	5.50e-03	4.76e-02	2.28e-01	3.29e-01	1.99e-01	9.41e-02	9.16e-02	5.09e-03	9.27e-05
 4.05244e+22	0.00e+00	9.03e-28	1.60e-21	2.08e-18	1.56e-15	3.65e-13	3.46e-11	1.65e-09	1.54e-06	2.06e-04	6.22e-03	5.20e-02	2.40e-01	3.33e-01	1.94e-01	8.79e-02	8.22e-02	4.36e-03	7.61e-05
 4.10576e+22	0.00e+00	1.28e-27	2.22e-21	2.81e-18	2.05e-15	4.65e-13	4.26e-11	1.96e-09	1.77e-06	2.32e-04	6.82e-03	5.56e-02	2.50e-01	3.36e-01	1.89e-01	8.32e-02	7.56e-02	3.88e-03	6.53e-05
 4.14766e+22	0.00e+00	1.66e-27	2.83e-21	3.51e-18	2.51e-15	5.57e-13	4.98e-11	2.23e-09	1.96e-06	2.53e-04	7.29e-03	5.84e-02	2.57e-01	3.37e-01	1.85e-01	7.98e-02	7.10e-02	3.55e-03	5.82e-05
 4.19422e+22	0.00e+00	2.19e-27	3.66e-21	4.45e-18	3.12e-15	6.76e-13	5.88e-11	2.56e-09	2.19e-06	2.77e-04	7.83e-03	6.14e-02	2.64e-01	3.39e-01	1.82e-01	7.63e-02	6.63e-02	3.22e-03	5.14e-05
 4.25475e+22	0.00e+00	3.11e-27	5.07e-21	6.01e-18	4.10e-15	8.63e-13	7.25e-11	3.05e-09	2.52e-06	3.11e-04	8.57e-03	6.55e-02	2.74e-01	3.40e-01	1.76e-01	7.19e-02	6.07e-02	2.84e-03	4.39e-05
 4.32120e+22	0.00e+00	4.56e-27	7.25e-21	8.35e-18	5.54e-15	1.13e-12	9.13e-11	3.70e-09	2.93e-06	3.53e-04	9.44e-03	7.01e-02	2.84e-01	3.41e-01	1.71e-01	6.73e-02	5.49e-02	2.48e-03	3.68e-05
 4.38111e+22	0.00e+00	6.38e-27	9.92e-21	1.12e-17	7.21e-15	1.43e-12	1.12e-10	4.38e-09	3.35e-06	3.94e-04	1.03e-02	7.44e-02	2.93e-01	3.41e-01	1.65e-01	6.33e-02	5.03e-02	2.19e-03	3.14e-05
 4.43629e+22	0.00e+00	8.60e-27	1.31e-20	1.44e-17	9.10e-15	1.76e-12	1.34e-10	5.09e-09	3.78e-06	4.34e-04	1.11e-02	7.83e-02	3.01e-01	3.41e-01	1.61e-01	6.00e-02	4.64e-02	1.96e-03	2.73e-05
 4.49956e+22	0.00e+00	1.19e-26	1.77e-20	1.91e-17	1.18e-14	2.21e-12	1.63e-10	6.00e-09	4.31e-06	4.83e-04	1.20e-02	8.27e-02	3.09e-01	3.40e-01	1.55e-01	5.64e-02	4.24e-02	1.73e-03	2.33e-05
 4.58181e+22	0.00e+00	1.80e-26	2.59e-20	2.71e-17	1.62e-14	2.94e-12	2.09e-10	7.39e-09	5.07e-06	5.51e-04	1.32e-02	8.85e-02	3.20e-01	3.38e-01	1.49e-01	5.21e-02	3.79e-02	1.48e-03	1.91e-05
 4.66621e+22	0.00e+00	2.74e-26	3.83e-20	3.89e-17	2.26e-14	3.96e-12	2.70e-10	9.15e-09	6.01e-06	6.31e-04	1.47e-02	9.48e-02	3.30e-01	3.35e-01	1.42e-01	4.79e-02	3.36e-02	1.26e-03	1.56e-05
 4.73002e+22	0.00e+00	3.77e-26	5.15e-20	5.12e-17	2.90e-14	4.95e-12	3.27e-10	1.08e-08	6.83e-06	6.99e-04	1.58e-02	9.97e-02	3.38e-01	3.33e-01	1.36e-01	4.48e-02	3.06e-02	1.11e-03	1.33e-05
 4.78030e+22	0.00e+00	4.76e-26	6.39e-20	6.25e-17	3.48e-14	5.83e-12	3.77e-10	1.21e-08	7.50e-06	7.53e-04	1.67e-02	1.03e-01	3.44e-01	3.31e-01	1.32e-01	4.27e-02	2.86e-02	1.01e-03	1.18e-05
 4.83633e+22	0.00e+00	6.10e-26	8.03e-20	7.72e-17	4.22e-14	6.94e-12	4.37e-10	1.37e-08	8.28e-06	8.15e-04	1.77e-02	1.07e-01	3.49e-01	3.29e-01	1.28e-01	4.05e-02	2.66e-02	9.15e-04	1.04e-05
 4.90918e+22	0.00e+00	8.36e-26	1.07e-19	1.01e-16	5.40e-14	8.65e-12	5.30e-10	1.61e-08	9.40e-06	9.01e-04	1.90e-02	1.13e-01	3.56e-01	3.25e-01	1.23e-01	3.78e-02	2.42e-02	8.05e-04	8.86e-06
 4.99042e+22	0.00e+00	1.19e-25	1.49e-19	1.37e-16	7.12e-14	1.11e-11	6.56e-10	1.93e-08	1.08e-05	1.01e-03	2.07e-02	1.19e-01	3.64e-01	3.21e-01	1.17e-01	3.50e-02	2.17e-02	6.96e-04	7.39e-06
 5.06519e+22	0.00e+00	1.63e-25	1.99e-19	1.79e-16	9.13e-14	1.38e-11	7.95e-10	2.27e-08	1.23e-05	1.11e-03	2.22e-02	1.24e-01	3.71e-01	3.17e-01	1.12e-01	3.26e-02	1.97e-02	6.10e-04	6.26e-06
 5.13413e+22	0.00e+00	2.16e-25	2.58e-19	2.28e-16	1.14e-13	1.68e-11	9.42e-10	2.62e-08	1.38e-05	1.22e-03	2.37e-02	1.30e-01	3.76e-01	3.13e-01	1.08e-01	3.05e-02	1.80e-02	5.43e-04	5.40e-06
 5.21285e+22	0.00e+00	2.93e-25	3.42e-19	2.96e-16	1.44e-13	2.09e-11	1.13e-09	3.06e-08	1.56e-05	1.34e-03	2.53e-02	1.35e-01	3.82e-01	3.08e-01	1.03e-01	2.84e-02	1.63e-02	4.76e-04	4.59e-06
 5.31519e+22	0.00e+00	4.30e-25	4.86e-19	4.10e-16	1.95e-13	2.73e-11	1.43e-09	3.72e-08	1.82e-05	1.51e-03	2.76e-02	1.43e-01	3.89e-01	3.02e-01	9.70e-02	2.59e-02	1.44e-02	4.04e-04	3.74e-06
 5.42107e+22	0.00e+00	6.42e-25	7.02e-19	5.77e-16	2.66e-13	3.61e-11	1.82e-09	4.57e-08	2.13e-05	1.71e-03	3.01e-02	1.50e-01	3.95e-01	2.95e-01	9.10e-02	2.35e-02	1.27e-02	3.40e-04	3.01e-06
 5.50733e+22	0.00e+00	8.81e-25	9.39e-19	7.55e-16	3.41e-13	4.51e-11	2.21e-09	5.36e-08	2.42e-05	1.88e-03	3.23e-02	1.57e-01	4.00e-01	2.89e-01	8.64e-02	2.18e-02	1.14e-02	2.96e-04	2.54e-06
 5.59522e+22	0.00e+00	1.19e-24	1.24e-18	9.75e-16	4.31e-13	5.56e-11	2.65e-09	6.25e-08	2.73e-05	2.06e-03	3.44e-02	1.63e-01	4.05e-01	2.83e-01	8.22e-02	2.02e-02	1.03e-02	2.59e-04	2.15e-06
 5.69436e+22	0.00e+00	1.67e-24	1.68e-18	1.30e-15	5.60e-13	7.04e-11	3.25e-09	7.43e-08	3.13e-05	2.29e-03	3.70e-02	1.70e-01	4.09e-01	2.76e-01	7.75e-02	1.85e-02	9.19e-03	2.22e-04	1.78e-06
 5.78800e+22	0.00e+00	2.28e-24	2.24e-18	1.69e-15	7.14e-13	8.76e-11	3.92e-09	8.71e-08	3.55e-05	2.51e-03	3.95e-02	1.77e-01	4.12e-01	2.70e-01	7.33e-02	1.70e-02	8.26e-03	1.93e-04	1.50e-06
 5.87571e+22	0.00e+00	3.02e-24	2.90e-18	2.15e-15	8.88e-13	1.06e-10	4.65e-09	1.00e-07	3.97e-05	2.74e-03	4.19e-02	1.83e-01	4.15e-01	2.64e-01	6.97e-02	1.58e-02	7.49e-03	1.70e-04	1.28e-06
 5.97585e+22	2.04e-31	4.08e-24	3.82e-18	2.77e-15	1.12e-12	1.31e-10	5.56e-09	1.17e-07	4.47e-05	2.99e-03	4.45e-02	1.89e-01	4.18e-01	2.58e-01	6.60e-02	1.46e-02	6.75e-03	1.48e-04	1.08e-06
 6.10604e+22	3.09e-31	5.99e-24	5.42e-18	3.84e-15	1.51e-12	1.71e-10	7.01e-09	1.42e-07	5.21e-05	3.36e-03	4.82e-02	1.98e-01	4.21e-01	2.49e-01	6.13e-02	1.31e-02	5.89e-03	1.24e-04	8.66e-07
 6.24095e+22	4.79e-31	8.95e-24	7.83e-18	5.40e-15	2.06e-12	2.26e-10	8.92e-09	1.74e-07	6.11e-05	3.79e-03	5.22e-02	2.07e-01	4.23e-01	2.40e-01	5.67e-02	1.18e-02	5.10e-03	1.03e-04	6.87e-07
 6.35225e+22	6.79e-31	1.23e-23	1.05e-17	7.07e-15	2.64e-12	2.82e-10	1.08e-08	2.05e-07	6.93e-05	4.16e-03	5.56e-02	2.14e-01	4.24e-01	2.33e-01	5.32e-02	1.08e-02	4.54e-03	8.84e-05	5.71e-07
 6.46716e+22	9.47e-31	1.67e-23	1.39e-17	9.16e-15	3.34e-12	3.49e-10	1.30e-08	2.39e-07	7.82e-05	4.55e-03	5.91e-02	2.21e-01	4.25e-01	2.26e-01	5.00e-02	9.85e-03	4.06e-03	7.64e-05	4.77e-07
 6.61655e+22	1.43e-30	2.45e-23	1.96e-17	1.26e-14	4.48e-12	4.53e-10	1.62e-08	2.89e-07	9.07e-05	5.08e-03	6.36e-02	2.30e-01	4.25e-01	2.17e-01	4.62e-02	8.83e-03	3.53e-03	6.38e-05	3.82e-07
 6.78081e+22	2.27e-30	3.74e-23	2.88e-17	1.80e-14	6.21e-12	6.07e-10	2.09e-08	3.57e-07	1.07e-04	5.75e-03	6.89e-02	2.39e-01	4.25e-01	2.08e-01	4.22e-02	7.79e-03	3.01e-03	5.19e-05	2.97e-07
 6.91945e+22	3.34e-30	5.32e-23	3.97e-17	2.43e-14	8.14e-12	7.73e-10	2.58e-08	4.25e-07	1.23e-04	6.36e-03	7.36e-02	2.48e-01	4.24e-01	1.99e-01	3.91e-02	7.01e-03	2.63e-03	4.37e-05	2.40e-07
 7.03283e+22	4.50e-30	7.00e-23	5.09e-17	3.05e-14	1.00e-11	9.32e-10	3.03e-08	4.87e-07	1.37e-04	6.87e-03	7.75e-02	2.54e-01	4.23e-01	1.93e-01	3.68e-02	6.45e-03	2.37e-03	3.82e-05	2.04e-07
 7.15833e+22	6.14e-30	9.30e-23	6.59e-17	3.88e-14	1.25e-11	1.13e-09	3.58e-08	5.62e-07	1.53e-04	7.45e-03	8.16e-02	2.60e-01	4.21e-01	1.87e-01	3.45e-02	5.91e-03	2.12e-03	3.31e-05	1.72e-07
 7.32147e+22	9.04e-30	1.33e-22	9.09e-17	5.22e-14	1.64e-11	1.44e-09	4.42e-08	6.69e-07	1.75e-04	8.23e-03	8.70e-02	2.68e-01	4.19e-01	1.79e-01	3.18e-02	5.29e-03	1.85e-03	2.77e-05	1.38e-07
 7.49658e+22	1.37e-29	1.94e-22	1.29e-16	7.20e-14	2.19e-11	1.87e-09	5.52e-08	8.08e-07	2.03e-04	9.16e-03	9.31e-02	2.77e-01	4.15e-01	1.70e-01	2.91e-02	4.70e-03	1.59e-03	2.29e-05	0.00e+00
 7.64842e+22	1.97e-29	2.70e-22	1.73e-16	9.48e-14	2.82e-11	2.34e-09	6.70e-08	9.51e-07	2.30e-04	1.00e-02	9.86e-02	2.84e-01	4.12e-01	1.63e-01	2.69e-02	4.22e-03	1.39e-03	1.93e-05	0.00e+00
 7.78531e+22	2.67e-29	3.57e-22	2.23e-16	1.20e-13	3.49e-11	2.83e-09	7.89e-08	1.09e-06	2.56e-04	1.08e-02	1.04e-01	2.90e-01	4.09e-01	1.57e-01	2.51e-02	3.86e-03	1.25e-03	1.67e-05	0.00e+00
 7.94162e+22	3.70e-29	4.81e-22	2.93e-16	1.54e-13	4.39e-11	3.48e-09	9.41e-08	1.26e-06	2.87e-04	1.18e-02	1.09e-01	2.96e-01	4.05e-01	1.50e-01	2.33e-02	3.49e-03	1.10e-03	1.43e-05	0.00e+00
 8.14482e+22	5.54e-29	6.95e-22	4.08e-16	2.09e-13	5.81e-11	4.46e-09	1.17e-07	1.51e-06	3.30e-04	1.30e-02	1.16e-01	3.04e-01	3.99e-01	1.42e-01	2.12e-02	3.09e-03	9.47e-04	1.18e-05	0.00e+00
 8.36166e+22	8.64e-29	1.04e-21	5.89e-16	2.94e-13	7.93e-11	5.88e-09	1.48e-07	1.85e-06	3.85e-04	1.45e-02	1.24e-01	3.12e-01	3.93e-01	1.34e-01	1.91e-02	2.69e-03	7.98e-04	9.50e-06	0.00e+00
 8.54483e+22	1.25e-28	1.46e-21	7.97e-16	3.89e-13	1.02e-10	7.39e-09	1.80e-07	2.18e-06	4.37e-04	1.59e-02	1.31e-01	3.19e-01	3.87e-01	1.27e-01	1.75e-02	2.40e-03	6.92e-04	7.93e-06	0.00e+00
 8.70680e+22	1.69e-28	1.92e-21	1.02e-15	4.90e-13	1.26e-10	8.91e-09	2.11e-07	2.49e-06	4.84e-04	1.71e-02	1.37e-01	3.24e-01	3.82e-01	1.21e-01	1.62e-02	2.18e-03	6.14e-04	6.82e-06	0.00e+00
 8.89260e+22	2.33e-28	2.58e-21	1.34e-15	6.28e-13	1.58e-10	1.09e-08	2.51e-07	2.88e-06	5.41e-04	1.85e-02	1.43e-01	3.29e-01	3.76e-01	1.15e-01	1.49e-02	1.96e-03	5.40e-04	5.80e-06	0.00e+00
 9.13414e+22	3.47e-28	3.71e-21	1.85e-15	8.49e-13	2.08e-10	1.39e-08	3.10e-07	3.43e-06	6.20e-04	2.03e-02	1.51e-01	3.35e-01	3.68e-01	1.08e-01	1.35e-02	1.72e-03	4.60e-04	4.74e-06	0.00e+00
