#depth	S	S+	S+2	S+3	S+4	S+5	S+6	S+7	S+8	S+9	S+10	S+11	S+12	S+13	S+14	S+15	S+16
 6.17135e+19	0.00e+00	0.00e+00	0.00e+00	0.00e+00	0.00e+00	0.00e+00	0.00e+00	1.16e-28	2.68e-24	2.19e-20	8.28e-17	1.54e-13	2.13e-10	2.10e-07	3.87e-04	3.57e-02	9.64e-01
 1.87609e+20	0.00e+00	0.00e+00	0.00e+00	0.00e+00	0.00e+00	0.00e+00	0.00e+00	2.41e-28	5.11e-24	3.86e-20	1.34e-16	2.31e-13	2.94e-10	2.67e-07	4.54e-04	3.86e-02	9.61e-01
 3.18540e+20	0.00e+00	0.00e+00	0.00e+00	0.00e+00	0.00e+00	0.00e+00	0.00e+00	4.99e-28	9.76e-24	6.81e-20	2.19e-16	3.46e-13	4.06e-10	3.40e-07	5.33e-04	4.18e-02	9.58e-01
 4.54709e+20	0.00e+00	0.00e+00	0.00e+00	0.00e+00	0.00e+00	0.00e+00	2.06e-32	1.04e-27	1.87e-23	1.20e-19	3.56e-16	5.20e-13	5.62e-10	4.34e-07	6.25e-04	4.52e-02	9.54e-01
 5.74412e+20	0.00e+00	0.00e+00	0.00e+00	0.00e+00	0.00e+00	0.00e+00	4.13e-32	1.94e-27	3.26e-23	1.95e-19	5.40e-16	7.36e-13	7.41e-10	5.33e-07	7.17e-04	4.83e-02	9.51e-01
 6.66686e+20	0.00e+00	0.00e+00	0.00e+00	0.00e+00	0.00e+00	0.00e+00	6.95e-32	3.10e-27	4.94e-23	2.81e-19	7.39e-16	9.55e-13	9.12e-10	6.23e-07	7.94e-04	5.08e-02	9.48e-01
 7.48883e+20	0.00e+00	0.00e+00	0.00e+00	0.00e+00	0.00e+00	0.00e+00	1.10e-31	4.66e-27	7.11e-23	3.87e-19	9.71e-16	1.20e-12	1.09e-09	7.13e-07	8.68e-04	5.30e-02	9.46e-01
 8.41358e+20	0.00e+00	0.00e+00	0.00e+00	0.00e+00	0.00e+00	0.00e+00	1.81e-31	7.31e-27	1.06e-22	5.49e-19	1.31e-15	1.54e-12	1.33e-09	8.28e-07	9.58e-04	5.56e-02	9.43e-01
 9.61575e+20	0.00e+00	0.00e+00	0.00e+00	0.00e+00	0.00e+00	0.00e+00	3.42e-31	1.30e-26	1.76e-22	8.57e-19	1.92e-15	2.12e-12	1.72e-09	1.00e-06	1.08e-03	5.91e-02	9.40e-01
 1.08324e+21	0.00e+00	0.00e+00	0.00e+00	0.00e+00	0.00e+00	0.00e+00	6.41e-31	2.28e-26	2.92e-22	1.33e-18	2.80e-15	2.91e-12	2.21e-09	1.21e-06	1.23e-03	6.27e-02	9.36e-01
 1.17841e+21	0.00e+00	0.00e+00	0.00e+00	0.00e+00	0.00e+00	0.00e+00	1.04e-30	3.51e-26	4.28e-22	1.86e-18	3.74e-15	3.70e-12	2.67e-09	1.39e-06	1.35e-03	6.56e-02	9.33e-01
 1.27376e+21	0.00e+00	0.00e+00	0.00e+00	0.00e+00	0.00e+00	0.00e+00	1.66e-30	5.38e-26	6.25e-22	2.59e-18	4.97e-15	4.68e-12	3.23e-09	1.60e-06	1.48e-03	6.85e-02	9.30e-01
 1.39772e+21	0.00e+00	0.00e+00	0.00e+00	0.00e+00	0.00e+00	0.00e+00	3.03e-30	9.24e-26	1.01e-21	3.95e-18	7.14e-15	6.34e-12	4.10e-09	1.92e-06	1.66e-03	7.25e-02	9.26e-01
 1.52616e+21	0.00e+00	0.00e+00	0.00e+00	0.00e+00	0.00e+00	0.00e+00	5.58e-30	1.60e-25	1.65e-21	6.05e-18	1.03e-14	8.61e-12	5.24e-09	2.30e-06	1.87e-03	7.68e-02	9.21e-01
 1.63081e+21	0.00e+00	0.00e+00	0.00e+00	0.00e+00	0.00e+00	0.00e+00	9.07e-30	2.47e-25	2.43e-21	8.50e-18	1.38e-14	1.10e-11	6.35e-09	2.65e-06	2.06e-03	8.03e-02	9.18e-01
 1.73722e+21	0.00e+00	0.00e+00	0.00e+00	0.00e+00	0.00e+00	0.00e+00	1.47e-29	3.83e-25	3.58e-21	1.19e-17	1.85e-14	1.40e-11	7.71e-09	3.07e-06	2.26e-03	8.40e-02	9.14e-01
 1.84878e+21	0.00e+00	0.00e+00	0.00e+00	0.00e+00	0.00e+00	0.00e+00	2.43e-29	6.01e-25	5.34e-21	1.70e-17	2.50e-14	1.80e-11	9.42e-09	3.56e-06	2.49e-03	8.80e-02	9.10e-01
 1.94278e+21	0.00e+00	0.00e+00	0.00e+00	0.00e+00	0.00e+00	0.00e+00	3.67e-29	8.70e-25	7.42e-21	2.26e-17	3.20e-14	2.22e-11	1.11e-08	4.02e-06	2.70e-03	9.14e-02	9.06e-01
 2.04074e+21	0.00e+00	0.00e+00	0.00e+00	0.00e+00	0.00e+00	0.00e+00	5.62e-29	1.28e-24	1.04e-20	3.05e-17	4.14e-14	2.75e-11	1.32e-08	4.57e-06	2.93e-03	9.50e-02	9.02e-01
 2.16809e+21	0.00e+00	0.00e+00	0.00e+00	0.00e+00	0.00e+00	0.00e+00	9.66e-29	2.08e-24	1.61e-20	4.46e-17	5.74e-14	3.61e-11	1.63e-08	5.36e-06	3.26e-03	9.98e-02	8.97e-01
 2.29611e+21	0.00e+00	0.00e+00	0.00e+00	0.00e+00	0.00e+00	0.00e+00	1.65e-28	3.37e-24	2.47e-20	6.49e-17	7.93e-14	4.73e-11	2.02e-08	6.29e-06	3.61e-03	1.05e-01	8.92e-01
 2.39469e+21	0.00e+00	0.00e+00	0.00e+00	0.00e+00	0.00e+00	0.00e+00	2.48e-28	4.85e-24	3.42e-20	8.63e-17	1.01e-13	5.81e-11	2.38e-08	7.10e-06	3.91e-03	1.09e-01	8.87e-01
 2.49253e+21	0.00e+00	0.00e+00	0.00e+00	0.00e+00	0.00e+00	0.00e+00	3.68e-28	6.93e-24	4.69e-20	1.14e-16	1.29e-13	7.09e-11	2.79e-08	7.98e-06	4.22e-03	1.13e-01	8.83e-01
 2.61971e+21	0.00e+00	0.00e+00	0.00e+00	0.00e+00	0.00e+00	0.00e+00	6.10e-28	1.09e-23	7.03e-20	1.62e-16	1.75e-13	9.16e-11	3.41e-08	9.28e-06	4.65e-03	1.18e-01	8.77e-01
 2.75086e+21	0.00e+00	0.00e+00	0.00e+00	0.00e+00	0.00e+00	0.00e+00	1.02e-27	1.74e-23	1.06e-19	2.33e-16	2.38e-13	1.19e-10	4.19e-08	1.08e-05	5.14e-03	1.23e-01	8.71e-01
 2.85841e+21	0.00e+00	0.00e+00	0.00e+00	0.00e+00	0.00e+00	2.12e-32	1.54e-27	2.52e-23	1.48e-19	3.12e-16	3.06e-13	1.47e-10	4.95e-08	1.22e-05	5.56e-03	1.28e-01	8.66e-01
 2.94819e+21	0.00e+00	0.00e+00	0.00e+00	0.00e+00	0.00e+00	3.12e-32	2.19e-27	3.45e-23	1.96e-19	3.98e-16	3.78e-13	1.75e-10	5.69e-08	1.36e-05	5.95e-03	1.32e-01	8.62e-01
 3.04362e+21	0.00e+00	0.00e+00	0.00e+00	0.00e+00	0.00e+00	4.59e-32	3.11e-27	4.74e-23	2.59e-19	5.10e-16	4.68e-13	2.09e-10	6.55e-08	1.51e-05	6.37e-03	1.36e-01	8.57e-01
 3.16769e+21	0.00e+00	0.00e+00	0.00e+00	0.00e+00	0.00e+00	7.59e-32	4.92e-27	7.16e-23	3.74e-19	7.04e-16	6.18e-13	2.64e-10	7.87e-08	1.73e-05	6.95e-03	1.42e-01	8.51e-01
 3.29248e+21	0.00e+00	0.00e+00	0.00e+00	0.00e+00	0.00e+00	1.25e-31	7.77e-27	1.08e-22	5.40e-19	9.70e-16	8.16e-13	3.33e-10	9.46e-08	1.98e-05	7.59e-03	1.48e-01	8.45e-01
 3.39032e+21	0.00e+00	0.00e+00	0.00e+00	0.00e+00	0.00e+00	1.84e-31	1.10e-26	1.48e-22	7.15e-19	1.24e-15	1.01e-12	3.98e-10	1.09e-07	2.20e-05	8.11e-03	1.52e-01	8.40e-01
 3.48963e+21	0.00e+00	0.00e+00	0.00e+00	0.00e+00	0.00e+00	2.71e-31	1.57e-26	2.04e-22	9.49e-19	1.59e-15	1.25e-12	4.77e-10	1.25e-07	2.44e-05	8.68e-03	1.57e-01	8.34e-01
 3.61873e+21	0.00e+00	0.00e+00	0.00e+00	0.00e+00	0.00e+00	4.45e-31	2.47e-26	3.06e-22	1.36e-18	2.19e-15	1.65e-12	6.00e-10	1.50e-07	2.80e-05	9.46e-03	1.63e-01	8.27e-01
 3.74827e+21	0.00e+00	0.00e+00	0.00e+00	0.00e+00	0.00e+00	7.28e-31	3.86e-26	4.58e-22	1.95e-18	3.00e-15	2.16e-12	7.55e-10	1.80e-07	3.20e-05	1.03e-02	1.69e-01	8.20e-01
 3.84937e+21	0.00e+00	0.00e+00	0.00e+00	0.00e+00	0.00e+00	1.06e-30	5.46e-26	6.26e-22	2.58e-18	3.83e-15	2.67e-12	9.01e-10	2.07e-07	3.54e-05	1.10e-02	1.74e-01	8.15e-01
 3.95179e+21	0.00e+00	0.00e+00	0.00e+00	0.00e+00	0.00e+00	1.55e-30	7.70e-26	8.54e-22	3.40e-18	4.88e-15	3.30e-12	1.08e-09	2.38e-07	3.93e-05	1.18e-02	1.80e-01	8.09e-01
 4.08494e+21	0.00e+00	0.00e+00	0.00e+00	0.00e+00	0.00e+00	2.51e-30	1.20e-25	1.27e-21	4.84e-18	6.66e-15	4.32e-12	1.35e-09	2.84e-07	4.48e-05	1.28e-02	1.86e-01	8.01e-01
 4.21343e+21	0.00e+00	0.00e+00	0.00e+00	0.00e+00	0.00e+00	3.98e-30	1.82e-25	1.86e-21	6.79e-18	8.97e-15	5.59e-12	1.67e-09	3.37e-07	5.08e-05	1.38e-02	1.93e-01	7.93e-01
 4.30651e+21	0.00e+00	0.00e+00	0.00e+00	0.00e+00	0.00e+00	5.54e-30	2.46e-25	2.43e-21	8.65e-18	1.11e-14	6.72e-12	1.95e-09	3.81e-07	5.56e-05	1.47e-02	1.98e-01	7.88e-01
 4.39814e+21	0.00e+00	0.00e+00	0.00e+00	0.00e+00	0.00e+00	7.62e-30	3.30e-25	3.17e-21	1.09e-17	1.36e-14	8.03e-12	2.27e-09	4.28e-07	6.06e-05	1.55e-02	2.02e-01	7.82e-01
 4.51726e+21	0.00e+00	0.00e+00	0.00e+00	0.00e+00	0.00e+00	1.15e-29	4.80e-25	4.45e-21	1.48e-17	1.78e-14	1.01e-11	2.76e-09	4.99e-07	6.78e-05	1.66e-02	2.09e-01	7.75e-01
 4.64340e+21	0.00e+00	0.00e+00	0.00e+00	0.00e+00	0.00e+00	1.77e-29	7.11e-25	6.34e-21	2.03e-17	2.35e-14	1.29e-11	3.38e-09	5.85e-07	7.63e-05	1.79e-02	2.15e-01	7.67e-01
 4.75161e+21	0.00e+00	0.00e+00	0.00e+00	0.00e+00	0.00e+00	2.55e-29	9.92e-25	8.57e-21	2.66e-17	2.98e-14	1.58e-11	4.02e-09	6.70e-07	8.43e-05	1.91e-02	2.21e-01	7.60e-01
 4.84773e+21	0.00e+00	0.00e+00	0.00e+00	0.00e+00	0.00e+00	3.51e-29	1.33e-24	1.12e-20	3.37e-17	3.67e-14	1.90e-11	4.68e-09	7.55e-07	9.21e-05	2.02e-02	2.26e-01	7.53e-01
 4.95521e+21	0.00e+00	0.00e+00	0.00e+00	0.00e+00	0.00e+00	4.98e-29	1.83e-24	1.49e-20	4.36e-17	4.61e-14	2.31e-11	5.53e-09	8.60e-07	1.01e-04	2.14e-02	2.32e-01	7.46e-01
 5.09494e+21	0.00e+00	0.00e+00	0.00e+00	0.00e+00	0.00e+00	7.82e-29	2.77e-24	2.17e-20	6.09e-17	6.19e-14	2.99e-11	6.85e-09	1.02e-06	1.15e-04	2.31e-02	2.40e-01	7.37e-01
 5.23415e+21	0.00e+00	0.00e+00	0.00e+00	0.00e+00	0.00e+00	1.22e-28	4.17e-24	3.14e-20	8.47e-17	8.27e-14	3.85e-11	8.48e-09	1.20e-06	1.30e-04	2.50e-02	2.47e-01	7.27e-01
 5.34143e+21	0.00e+00	0.00e+00	0.00e+00	0.00e+00	0.00e+00	1.71e-28	5.68e-24	4.15e-20	1.09e-16	1.03e-13	4.66e-11	9.97e-09	1.36e-06	1.42e-04	2.64e-02	2.53e-01	7.20e-01
 5.43471e+21	0.00e+00	0.00e+00	0.00e+00	0.00e+00	0.00e+00	2.29e-28	7.42e-24	5.29e-20	1.35e-16	1.25e-13	5.51e-11	1.15e-08	1.52e-06	1.54e-04	2.78e-02	2.59e-01	7.14e-01
 5.54104e+21	0.00e+00	0.00e+00	0.00e+00	0.00e+00	0.00e+00	3.16e-28	9.98e-24	6.92e-20	1.72e-16	1.54e-13	6.63e-11	1.34e-08	1.72e-06	1.68e-04	2.94e-02	2.64e-01	7.06e-01
 5.67926e+21	0.00e+00	0.00e+00	0.00e+00	0.00e+00	0.00e+00	4.80e-28	1.46e-23	9.79e-20	2.34e-16	2.03e-13	8.41e-11	1.64e-08	2.01e-06	1.89e-04	3.15e-02	2.72e-01	6.96e-01
 5.81992e+21	0.00e+00	0.00e+00	0.00e+00	0.00e+00	0.00e+00	7.31e-28	2.15e-23	1.39e-19	3.21e-16	2.68e-13	1.07e-10	2.01e-08	2.36e-06	2.12e-04	3.39e-02	2.80e-01	6.86e-01
 5.93248e+21	0.00e+00	0.00e+00	0.00e+00	0.00e+00	2.66e-32	1.02e-27	2.92e-23	1.83e-19	4.11e-16	3.33e-13	1.30e-10	2.36e-08	2.67e-06	2.32e-04	3.58e-02	2.86e-01	6.78e-01
 6.04754e+21	0.00e+00	0.00e+00	0.00e+00	0.00e+00	3.86e-32	1.42e-27	3.97e-23	2.42e-19	5.27e-16	4.15e-13	1.57e-10	2.78e-08	3.03e-06	2.55e-04	3.79e-02	2.92e-01	6.70e-01
 6.19713e+21	0.00e+00	0.00e+00	0.00e+00	0.00e+00	6.24e-32	2.17e-27	5.87e-23	3.45e-19	7.24e-16	5.50e-13	2.01e-10	3.42e-08	3.56e-06	2.87e-04	4.07e-02	3.00e-01	6.59e-01
 6.34477e+21	0.00e+00	0.00e+00	0.00e+00	0.00e+00	9.97e-32	3.29e-27	8.61e-23	4.88e-19	9.90e-16	7.25e-13	2.56e-10	4.19e-08	4.17e-06	3.21e-04	4.37e-02	3.08e-01	6.48e-01
 6.45655e+21	0.00e+00	0.00e+00	0.00e+00	0.00e+00	1.41e-31	4.49e-27	1.14e-22	6.33e-19	1.25e-15	8.91e-13	3.06e-10	4.88e-08	4.70e-06	3.50e-04	4.60e-02	3.14e-01	6.39e-01
 6.56852e+21	0.00e+00	0.00e+00	0.00e+00	0.00e+00	1.99e-31	6.08e-27	1.52e-22	8.17e-19	1.57e-15	1.09e-12	3.66e-10	5.67e-08	5.27e-06	3.81e-04	4.84e-02	3.20e-01	6.31e-01
 6.71407e+21	0.00e+00	0.00e+00	0.00e+00	0.00e+00	3.09e-31	8.98e-27	2.17e-22	1.13e-18	2.11e-15	1.42e-12	4.59e-10	6.86e-08	6.12e-06	4.24e-04	5.16e-02	3.28e-01	6.20e-01
 6.86612e+21	0.00e+00	0.00e+00	0.00e+00	0.00e+00	4.87e-31	1.34e-26	3.15e-22	1.59e-18	2.86e-15	1.85e-12	5.81e-10	8.37e-08	7.14e-06	4.74e-04	5.52e-02	3.36e-01	6.09e-01
 6.99354e+21	0.00e+00	0.00e+00	0.00e+00	0.00e+00	7.08e-31	1.87e-26	4.27e-22	2.10e-18	3.67e-15	2.31e-12	7.06e-10	9.87e-08	8.10e-06	5.19e-04	5.83e-02	3.42e-01	5.99e-01
 7.12609e+21	0.00e+00	0.00e+00	0.00e+00	0.00e+00	1.04e-30	2.61e-26	5.83e-22	2.79e-18	4.74e-15	2.90e-12	8.61e-10	1.17e-07	9.22e-06	5.69e-04	6.16e-02	3.49e-01	5.89e-01
 7.27309e+21	0.00e+00	0.00e+00	0.00e+00	0.00e+00	1.57e-30	3.78e-26	8.21e-22	3.80e-18	6.27e-15	3.72e-12	1.07e-09	1.40e-07	1.06e-05	6.30e-04	6.54e-02	3.56e-01	5.78e-01
 7.40883e+21	0.00e+00	0.00e+00	0.00e+00	0.00e+00	2.30e-30	5.28e-26	1.12e-21	5.05e-18	8.09e-15	4.66e-12	1.30e-09	1.66e-07	1.21e-05	6.91e-04	6.91e-02	3.62e-01	5.68e-01
 7.53591e+21	0.00e+00	0.00e+00	0.00e+00	0.00e+00	3.27e-30	7.21e-26	1.50e-21	6.58e-18	1.03e-14	5.76e-12	1.57e-09	1.94e-07	1.36e-05	7.53e-04	7.27e-02	3.68e-01	5.58e-01
 7.68179e+21	0.00e+00	0.00e+00	0.00e+00	0.00e+00	4.81e-30	1.01e-25	2.05e-21	8.78e-18	1.33e-14	7.24e-12	1.92e-09	2.29e-07	1.55e-05	8.26e-04	7.68e-02	3.75e-01	5.48e-01
 7.84200e+21	0.00e+00	0.00e+00	0.00e+00	0.00e+00	7.36e-30	1.47e-25	2.90e-21	1.21e-17	1.77e-14	9.34e-12	2.40e-09	2.77e-07	1.80e-05	9.15e-04	8.15e-02	3.82e-01	5.36e-01
 7.98611e+21	0.00e+00	0.00e+00	0.00e+00	0.00e+00	1.07e-29	2.05e-25	3.95e-21	1.60e-17	2.29e-14	1.17e-11	2.92e-09	3.27e-07	2.04e-05	1.00e-03	8.59e-02	3.88e-01	5.25e-01
 8.11801e+21	0.00e+00	0.00e+00	0.00e+00	0.00e+00	1.51e-29	2.77e-25	5.22e-21	2.06e-17	2.88e-14	1.43e-11	3.50e-09	3.80e-07	2.29e-05	1.09e-03	9.01e-02	3.94e-01	5.15e-01
 8.26879e+21	0.00e+00	0.00e+00	0.00e+00	0.00e+00	2.18e-29	3.84e-25	7.08e-21	2.73e-17	3.70e-14	1.79e-11	4.25e-09	4.47e-07	2.60e-05	1.19e-03	9.49e-02	3.99e-01	5.05e-01
 8.43831e+21	0.00e+00	0.00e+00	0.00e+00	0.00e+00	3.31e-29	5.54e-25	9.97e-21	3.73e-17	4.91e-14	2.30e-11	5.30e-09	5.38e-07	2.99e-05	1.31e-03	1.00e-01	4.06e-01	4.92e-01
 8.59321e+21	0.00e+00	0.00e+00	0.00e+00	0.00e+00	4.81e-29	7.70e-25	1.36e-20	4.94e-17	6.33e-14	2.88e-11	6.45e-09	6.34e-07	3.39e-05	1.43e-03	1.06e-01	4.12e-01	4.81e-01
 8.73109e+21	0.00e+00	0.00e+00	0.00e+00	0.00e+00	6.66e-29	1.03e-24	1.77e-20	6.31e-17	7.89e-14	3.50e-11	7.65e-09	7.32e-07	3.79e-05	1.55e-03	1.10e-01	4.16e-01	4.72e-01
 8.88585e+21	0.00e+00	0.00e+00	0.00e+00	0.00e+00	9.51e-29	1.40e-24	2.37e-20	8.25e-17	1.01e-13	4.34e-11	9.24e-09	8.57e-07	4.27e-05	1.68e-03	1.16e-01	4.21e-01	4.61e-01
 9.08704e+21	0.00e+00	0.00e+00	0.00e+00	0.00e+00	1.50e-28	2.09e-24	3.45e-20	1.16e-16	1.37e-13	5.71e-11	1.17e-08	1.05e-06	4.98e-05	1.87e-03	1.23e-01	4.28e-01	4.48e-01
 9.29112e+21	0.00e+00	0.00e+00	0.00e+00	0.00e+00	2.36e-28	3.12e-24	5.01e-20	1.64e-16	1.87e-13	7.50e-11	1.49e-08	1.28e-06	5.79e-05	2.08e-03	1.30e-01	4.34e-01	4.34e-01
 9.45464e+21	0.00e+00	0.00e+00	0.00e+00	0.00e+00	3.36e-28	4.27e-24	6.71e-20	2.14e-16	2.38e-13	9.29e-11	1.80e-08	1.49e-06	6.52e-05	2.25e-03	1.36e-01	4.38e-01	4.23e-01
 9.62288e+21	0.00e+00	0.00e+00	0.00e+00	0.00e+00	4.79e-28	5.83e-24	8.99e-20	2.80e-16	3.03e-13	1.15e-10	2.16e-08	1.74e-06	7.34e-05	2.44e-03	1.43e-01	4.42e-01	4.13e-01
 9.84159e+21	0.00e+00	0.00e+00	0.00e+00	2.36e-32	7.52e-28	8.66e-24	1.30e-19	3.93e-16	4.12e-13	1.51e-10	2.74e-08	2.12e-06	8.52e-05	2.71e-03	1.51e-01	4.47e-01	3.99e-01
 1.00590e+22	0.00e+00	0.00e+00	0.00e+00	3.87e-32	1.17e-27	1.28e-23	1.87e-19	5.49e-16	5.57e-13	1.97e-10	3.46e-08	2.57e-06	9.87e-05	2.99e-03	1.59e-01	4.52e-01	3.86e-01
 1.02262e+22	0.00e+00	0.00e+00	0.00e+00	5.61e-32	1.63e-27	1.71e-23	2.46e-19	7.06e-16	6.99e-13	2.40e-10	4.11e-08	2.97e-06	1.10e-04	3.22e-03	1.66e-01	4.55e-01	3.76e-01
 1.03953e+22	0.00e+00	0.00e+00	0.00e+00	8.10e-32	2.26e-27	2.28e-23	3.23e-19	9.03e-16	8.74e-13	2.93e-10	4.88e-08	3.43e-06	1.23e-04	3.46e-03	1.72e-01	4.58e-01	3.66e-01
 1.06151e+22	0.00e+00	0.00e+00	0.00e+00	1.29e-31	3.42e-27	3.29e-23	4.55e-19	1.24e-15	1.16e-12	3.76e-10	6.06e-08	4.10e-06	1.40e-04	3.80e-03	1.81e-01	4.61e-01	3.54e-01
 1.08481e+22	0.00e+00	0.00e+00	0.00e+00	2.10e-31	5.27e-27	4.82e-23	6.50e-19	1.72e-15	1.56e-12	4.87e-10	7.60e-08	4.94e-06	1.62e-04	4.17e-03	1.91e-01	4.64e-01	3.41e-01
 1.10493e+22	0.00e+00	0.00e+00	0.00e+00	3.16e-31	7.60e-27	6.64e-23	8.80e-19	2.27e-15	2.00e-12	6.07e-10	9.19e-08	5.79e-06	1.82e-04	4.52e-03	1.99e-01	4.66e-01	3.31e-01
 1.12340e+22	0.00e+00	0.00e+00	0.00e+00	4.56e-31	1.06e-26	8.87e-23	1.15e-18	2.91e-15	2.51e-12	7.39e-10	1.09e-07	6.66e-06	2.02e-04	4.85e-03	2.06e-01	4.68e-01	3.21e-01
 1.14463e+22	0.00e+00	0.00e+00	0.00e+00	6.89e-31	1.52e-26	1.23e-22	1.56e-18	3.84e-15	3.22e-12	9.22e-10	1.32e-07	7.79e-06	2.28e-04	5.25e-03	2.15e-01	4.69e-01	3.10e-01
 1.16777e+22	0.00e+00	0.00e+00	0.00e+00	1.07e-30	2.26e-26	1.74e-22	2.17e-18	5.18e-15	4.22e-12	1.17e-09	1.62e-07	9.22e-06	2.58e-04	5.71e-03	2.24e-01	4.71e-01	2.99e-01
 1.18859e+22	0.00e+00	0.00e+00	0.00e+00	1.59e-30	3.21e-26	2.36e-22	2.89e-18	6.75e-15	5.36e-12	1.44e-09	1.94e-07	1.07e-05	2.89e-04	6.14e-03	2.33e-01	4.72e-01	2.89e-01
 1.21087e+22	0.00e+00	0.00e+00	0.00e+00	2.38e-30	4.61e-26	3.25e-22	3.90e-18	8.89e-15	6.86e-12	1.79e-09	2.34e-07	1.25e-05	3.24e-04	6.62e-03	2.42e-01	4.72e-01	2.79e-01
 1.23581e+22	0.00e+00	0.00e+00	0.00e+00	3.73e-30	6.87e-26	4.62e-22	5.44e-18	1.20e-14	9.02e-12	2.27e-09	2.87e-07	1.48e-05	3.67e-04	7.20e-03	2.52e-01	4.72e-01	2.68e-01
 1.25922e+22	0.00e+00	0.00e+00	0.00e+00	5.63e-30	9.93e-26	6.38e-22	7.37e-18	1.59e-14	1.16e-11	2.83e-09	3.47e-07	1.72e-05	4.12e-04	7.76e-03	2.61e-01	4.72e-01	2.58e-01
 1.28128e+22	0.00e+00	0.00e+00	0.00e+00	8.23e-30	1.39e-25	8.60e-22	9.76e-18	2.06e-14	1.46e-11	3.47e-09	4.13e-07	1.99e-05	4.58e-04	8.31e-03	2.70e-01	4.72e-01	2.49e-01
 1.30660e+22	0.00e+00	0.00e+00	0.00e+00	1.26e-29	2.04e-25	1.20e-21	1.34e-17	2.75e-14	1.89e-11	4.35e-09	5.02e-07	2.33e-05	5.15e-04	8.97e-03	2.80e-01	4.71e-01	2.39e-01
 1.33473e+22	0.00e+00	0.00e+00	0.00e+00	2.00e-29	3.08e-25	1.73e-21	1.88e-17	3.76e-14	2.51e-11	5.56e-09	6.20e-07	2.77e-05	5.86e-04	9.75e-03	2.92e-01	4.69e-01	2.29e-01
 1.36091e+22	0.00e+00	0.00e+00	0.00e+00	3.06e-29	4.50e-25	2.42e-21	2.58e-17	5.02e-14	3.26e-11	6.97e-09	7.53e-07	3.24e-05	6.58e-04	1.05e-02	3.02e-01	4.67e-01	2.19e-01
 1.38934e+22	0.00e+00	0.00e+00	0.00e+00	4.79e-29	6.70e-25	3.43e-21	3.59e-17	6.79e-14	4.27e-11	8.84e-09	9.22e-07	3.82e-05	7.44e-04	1.14e-02	3.13e-01	4.65e-01	2.09e-01
 1.41922e+22	0.00e+00	0.00e+00	0.00e+00	7.62e-29	1.01e-24	4.94e-21	5.06e-17	9.30e-14	5.67e-11	1.13e-08	1.14e-06	4.53e-05	8.44e-04	1.23e-02	3.25e-01	4.62e-01	1.99e-01
 1.44457e+22	0.00e+00	0.00e+00	0.00e+00	1.12e-28	1.43e-24	6.68e-21	6.73e-17	1.21e-13	7.17e-11	1.39e-08	1.36e-06	5.22e-05	9.36e-04	1.32e-02	3.35e-01	4.59e-01	1.91e-01
 1.47111e+22	0.00e+00	0.00e+00	0.00e+00	1.66e-28	2.03e-24	9.09e-21	9.00e-17	1.58e-13	9.11e-11	1.71e-08	1.62e-06	6.02e-05	1.04e-03	1.41e-02	3.45e-01	4.56e-01	1.83e-01
 1.50562e+22	0.00e+00	0.00e+00	0.00e+00	2.73e-28	3.17e-24	1.34e-20	1.30e-16	2.21e-13	1.23e-10	2.22e-08	2.03e-06	7.23e-05	1.19e-03	1.53e-02	3.58e-01	4.52e-01	1.73e-01
 1.54082e+22	0.00e+00	0.00e+00	2.04e-32	4.52e-28	4.97e-24	2.00e-20	1.89e-16	3.11e-13	1.68e-10	2.90e-08	2.54e-06	8.68e-05	1.36e-03	1.66e-02	3.71e-01	4.47e-01	1.64e-01
 1.56893e+22	0.00e+00	0.00e+00	3.15e-32	6.70e-28	7.05e-24	2.71e-20	2.53e-16	4.07e-13	2.13e-10	3.57e-08	3.04e-06	1.00e-04	1.51e-03	1.77e-02	3.82e-01	4.43e-01	1.56e-01
 1.59745e+22	0.00e+00	0.00e+00	4.85e-32	9.87e-28	9.95e-24	3.67e-20	3.37e-16	5.29e-13	2.70e-10	4.39e-08	3.61e-06	1.15e-04	1.67e-03	1.89e-02	3.92e-01	4.38e-01	1.49e-01
 1.63453e+22	0.00e+00	0.00e+00	8.37e-32	1.62e-27	1.54e-23	5.40e-20	4.85e-16	7.39e-13	3.65e-10	5.69e-08	4.51e-06	1.37e-04	1.90e-03	2.05e-02	4.05e-01	4.32e-01	1.41e-01
 1.67298e+22	0.00e+00	0.00e+00	1.47e-31	2.68e-27	2.42e-23	8.01e-20	7.06e-16	1.04e-12	4.96e-10	7.43e-08	5.65e-06	1.65e-04	2.17e-03	2.22e-02	4.18e-01	4.25e-01	1.32e-01
 1.70229e+22	0.00e+00	0.00e+00	2.23e-31	3.92e-27	3.40e-23	1.08e-19	9.35e-16	1.35e-12	6.26e-10	9.08e-08	6.70e-06	1.89e-04	2.40e-03	2.35e-02	4.28e-01	4.20e-01	1.26e-01
 1.72522e+22	0.00e+00	0.00e+00	3.07e-31	5.22e-27	4.38e-23	1.35e-19	1.16e-15	1.64e-12	7.45e-10	1.06e-07	7.61e-06	2.09e-04	2.58e-03	2.46e-02	4.35e-01	4.16e-01	1.21e-01
 1.75079e+22	0.00e+00	0.00e+00	4.39e-31	7.19e-27	5.83e-23	1.73e-19	1.47e-15	2.04e-12	9.07e-10	1.25e-07	8.79e-06	2.35e-04	2.80e-03	2.59e-02	4.44e-01	4.11e-01	1.16e-01
 1.78403e+22	0.00e+00	0.00e+00	6.81e-31	1.07e-26	8.30e-23	2.36e-19	1.97e-15	2.67e-12	1.15e-09	1.54e-07	1.05e-05	2.70e-04	3.10e-03	2.75e-02	4.54e-01	4.05e-01	1.10e-01
 1.82026e+22	0.00e+00	0.00e+00	1.12e-30	1.67e-26	1.23e-22	3.32e-19	2.73e-15	3.62e-12	1.51e-09	1.95e-07	1.28e-05	3.17e-04	3.48e-03	2.94e-02	4.65e-01	3.98e-01	1.04e-01
 1.85183e+22	0.00e+00	0.00e+00	1.69e-30	2.43e-26	1.72e-22	4.44e-19	3.61e-15	4.67e-12	1.90e-09	2.38e-07	1.51e-05	3.62e-04	3.83e-03	3.12e-02	4.75e-01	3.91e-01	9.85e-02
 1.88005e+22	0.00e+00	0.00e+00	2.44e-30	3.37e-26	2.30e-22	5.73e-19	4.61e-15	5.84e-12	2.33e-09	2.83e-07	1.75e-05	4.07e-04	4.16e-03	3.27e-02	4.83e-01	3.86e-01	9.40e-02
 1.90751e+22	0.00e+00	0.00e+00	3.46e-30	4.62e-26	3.04e-22	7.31e-19	5.82e-15	7.24e-12	2.82e-09	3.34e-07	2.01e-05	4.54e-04	4.51e-03	3.43e-02	4.91e-01	3.80e-01	8.99e-02
 1.93830e+22	0.00e+00	0.00e+00	5.06e-30	6.50e-26	4.11e-22	9.53e-19	7.50e-15	9.14e-12	3.48e-09	3.99e-07	2.34e-05	5.12e-04	4.91e-03	3.61e-02	4.99e-01	3.74e-01	8.56e-02
 1.97202e+22	0.00e+00	0.00e+00	7.73e-30	9.50e-26	5.76e-22	1.28e-18	9.94e-15	1.19e-11	4.39e-09	4.88e-07	2.77e-05	5.86e-04	5.40e-03	3.81e-02	5.08e-01	3.67e-01	8.09e-02
 2.00179e+22	0.00e+00	0.00e+00	1.11e-29	1.32e-25	7.70e-22	1.64e-18	1.27e-14	1.48e-11	5.37e-09	5.81e-07	3.21e-05	6.58e-04	5.87e-03	4.00e-02	5.16e-01	3.60e-01	7.70e-02
 2.02851e+22	0.00e+00	0.00e+00	1.54e-29	1.76e-25	9.95e-22	2.05e-18	1.57e-14	1.81e-11	6.42e-09	6.76e-07	3.65e-05	7.29e-04	6.31e-03	4.17e-02	5.23e-01	3.55e-01	7.37e-02
 2.05899e+22	0.00e+00	0.00e+00	2.20e-29	2.43e-25	1.32e-21	2.63e-18	2.00e-14	2.26e-11	7.83e-09	8.02e-07	4.21e-05	8.17e-04	6.84e-03	4.37e-02	5.30e-01	3.48e-01	7.01e-02
 2.09092e+22	0.00e+00	0.00e+00	3.21e-29	3.41e-25	1.78e-21	3.41e-18	2.57e-14	2.85e-11	9.64e-09	9.59e-07	4.89e-05	9.20e-04	7.44e-03	4.58e-02	5.38e-01	3.42e-01	6.65e-02
 2.11763e+22	0.00e+00	0.00e+00	4.39e-29	4.51e-25	2.28e-21	4.22e-18	3.16e-14	3.45e-11	1.15e-08	1.11e-06	5.54e-05	1.01e-03	7.98e-03	4.76e-02	5.44e-01	3.36e-01	6.36e-02
 2.14524e+22	0.00e+00	0.00e+00	6.02e-29	5.99e-25	2.93e-21	5.24e-18	3.90e-14	4.19e-11	1.36e-08	1.29e-06	6.28e-05	1.12e-03	8.56e-03	4.95e-02	5.50e-01	3.30e-01	6.08e-02
 2.18112e+22	0.00e+00	0.00e+00	8.98e-29	8.57e-25	4.02e-21	6.89e-18	5.08e-14	5.35e-11	1.70e-08	1.56e-06	7.36e-05	1.27e-03	9.35e-03	5.21e-02	5.57e-01	3.23e-01	5.74e-02
 2.21728e+22	0.00e+00	0.00e+00	1.35e-28	1.23e-24	5.55e-21	9.10e-18	6.67e-14	6.88e-11	2.13e-08	1.89e-06	8.66e-05	1.44e-03	1.02e-02	5.47e-02	5.64e-01	3.15e-01	5.40e-02
 2.24536e+22	0.00e+00	0.00e+00	1.85e-28	1.63e-24	7.09e-21	1.13e-17	8.21e-14	8.34e-11	2.53e-08	2.20e-06	9.81e-05	1.59e-03	1.10e-02	5.68e-02	5.70e-01	3.09e-01	5.15e-02
 2.27345e+22	0.00e+00	0.00e+00	2.50e-28	2.14e-24	9.01e-21	1.38e-17	1.00e-13	1.01e-10	3.00e-08	2.54e-06	1.11e-04	1.75e-03	1.17e-02	5.90e-02	5.75e-01	3.04e-01	4.92e-02
 2.30997e+22	0.00e+00	0.00e+00	3.69e-28	3.03e-24	1.22e-20	1.80e-17	1.30e-13	1.28e-10	3.72e-08	3.05e-06	1.29e-04	1.98e-03	1.28e-02	6.18e-02	5.81e-01	2.96e-01	4.63e-02
 2.34579e+22	0.00e+00	0.00e+00	5.44e-28	4.29e-24	1.66e-20	2.33e-17	1.68e-13	1.63e-10	4.61e-08	3.67e-06	1.51e-04	2.23e-03	1.39e-02	6.47e-02	5.87e-01	2.89e-01	4.36e-02
 2.37232e+22	0.00e+00	0.00e+00	7.22e-28	5.51e-24	2.07e-20	2.82e-17	2.03e-13	1.94e-10	5.40e-08	4.20e-06	1.69e-04	2.44e-03	1.48e-02	6.68e-02	5.91e-01	2.83e-01	4.17e-02
 2.39843e+22	0.00e+00	0.00e+00	9.45e-28	7.02e-24	2.55e-20	3.38e-17	2.43e-13	2.29e-10	6.27e-08	4.77e-06	1.88e-04	2.65e-03	1.56e-02	6.90e-02	5.95e-01	2.78e-01	3.99e-02
 2.43237e+22	0.00e+00	0.00e+00	1.34e-27	9.56e-24	3.34e-20	4.26e-17	3.06e-13	2.83e-10	7.60e-08	5.63e-06	2.15e-04	2.96e-03	1.69e-02	7.18e-02	5.99e-01	2.71e-01	3.77e-02
 2.46826e+22	0.00e+00	0.00e+00	1.94e-27	1.33e-23	4.46e-20	5.45e-17	3.91e-13	3.56e-10	9.34e-08	6.71e-06	2.49e-04	3.32e-03	1.83e-02	7.49e-02	6.04e-01	2.64e-01	3.55e-02
 2.49864e+22	0.00e+00	2.75e-32	2.64e-27	1.75e-23	5.68e-20	6.69e-17	4.80e-13	4.31e-10	1.11e-07	7.77e-06	2.82e-04	3.65e-03	1.95e-02	7.75e-02	6.07e-01	2.58e-01	3.37e-02
 2.53007e+22	0.00e+00	3.89e-32	3.60e-27	2.31e-23	7.23e-20	8.22e-17	5.90e-13	5.23e-10	1.32e-07	9.01e-06	3.19e-04	4.02e-03	2.09e-02	8.03e-02	6.11e-01	2.52e-01	3.19e-02
 2.57093e+22	0.00e+00	6.07e-32	5.38e-27	3.29e-23	9.85e-20	1.07e-16	7.68e-13	6.70e-10	1.65e-07	1.09e-05	3.74e-04	4.55e-03	2.27e-02	8.39e-02	6.15e-01	2.44e-01	2.98e-02
 2.61171e+22	0.00e+00	9.52e-32	8.07e-27	4.72e-23	1.35e-19	1.40e-16	1.00e-12	8.62e-10	2.07e-07	1.32e-05	4.39e-04	5.16e-03	2.48e-02	8.77e-02	6.18e-01	2.36e-01	2.77e-02
 2.64176e+22	0.00e+00	1.32e-31	1.08e-26	6.12e-23	1.69e-19	1.69e-16	1.22e-12	1.03e-09	2.44e-07	1.52e-05	4.93e-04	5.65e-03	2.64e-02	9.06e-02	6.20e-01	2.30e-01	2.63e-02
 2.67018e+22	0.00e+00	1.79e-31	1.42e-26	7.78e-23	2.08e-19	2.02e-16	1.46e-12	1.22e-09	2.84e-07	1.73e-05	5.48e-04	6.15e-03	2.80e-02	9.32e-02	6.22e-01	2.25e-01	2.51e-02
 2.70713e+22	0.00e+00	2.63e-31	2.01e-26	1.06e-22	2.72e-19	2.53e-16	1.84e-12	1.52e-09	3.45e-07	2.04e-05	6.29e-04	6.85e-03	3.01e-02	9.67e-02	6.24e-01	2.18e-01	2.35e-02
 2.74515e+22	0.00e+00	3.95e-31	2.89e-26	1.46e-22	3.59e-19	3.20e-16	2.33e-12	1.90e-09	4.23e-07	2.42e-05	7.26e-04	7.65e-03	3.25e-02	1.00e-01	6.26e-01	2.11e-01	2.20e-02
 2.77587e+22	0.00e+00	5.49e-31	3.89e-26	1.90e-22	4.50e-19	3.86e-16	2.83e-12	2.28e-09	4.99e-07	2.79e-05	8.16e-04	8.39e-03	3.46e-02	1.04e-01	6.27e-01	2.05e-01	2.07e-02
 2.80713e+22	0.00e+00	7.51e-31	5.15e-26	2.43e-22	5.58e-19	4.63e-16	3.40e-12	2.72e-09	5.83e-07	3.18e-05	9.10e-04	9.14e-03	3.66e-02	1.07e-01	6.27e-01	2.00e-01	1.97e-02
 2.84776e+22	0.00e+00	1.13e-30	7.44e-26	3.36e-22	7.38e-19	5.85e-16	4.33e-12	3.41e-09	7.16e-07	3.79e-05	1.05e-03	1.02e-02	3.95e-02	1.11e-01	6.28e-01	1.93e-01	1.83e-02
 2.88926e+22	0.00e+00	1.74e-30	1.09e-25	4.71e-22	9.86e-19	7.46e-16	5.56e-12	4.32e-09	8.86e-07	4.54e-05	1.22e-03	1.15e-02	4.28e-02	1.15e-01	6.27e-01	1.85e-01	1.69e-02
 2.92196e+22	0.00e+00	2.44e-30	1.48e-25	6.15e-22	1.24e-18	9.02e-16	6.78e-12	5.22e-09	1.05e-06	5.24e-05	1.38e-03	1.26e-02	4.56e-02	1.18e-01	6.27e-01	1.80e-01	1.59e-02
 2.95009e+22	0.00e+00	3.21e-30	1.89e-25	7.63e-22	1.49e-18	1.05e-15	7.94e-12	6.06e-09	1.20e-06	5.87e-05	1.51e-03	1.36e-02	4.79e-02	1.21e-01	6.26e-01	1.75e-01	1.51e-02
 2.98218e+22	0.00e+00	4.39e-30	2.50e-25	9.77e-22	1.85e-18	1.26e-15	9.53e-12	7.21e-09	1.41e-06	6.70e-05	1.69e-03	1.48e-02	5.07e-02	1.24e-01	6.25e-01	1.70e-01	1.43e-02
 3.02390e+22	0.00e+00	6.58e-30	3.59e-25	1.34e-21	2.43e-18	1.58e-15	1.20e-11	9.01e-09	1.72e-06	7.93e-05	1.94e-03	1.65e-02	5.45e-02	1.28e-01	6.22e-01	1.63e-01	1.32e-02
 3.06723e+22	0.00e+00	1.01e-29	5.25e-25	1.87e-21	3.23e-18	2.00e-15	1.54e-11	1.14e-08	2.12e-06	9.47e-05	2.24e-03	1.84e-02	5.88e-02	1.33e-01	6.19e-01	1.56e-01	1.22e-02
 3.10280e+22	0.00e+00	1.42e-29	7.14e-25	2.46e-21	4.07e-18	2.42e-15	1.87e-11	1.37e-08	2.51e-06	1.09e-04	2.52e-03	2.02e-02	6.25e-02	1.36e-01	6.17e-01	1.50e-01	1.14e-02
 3.13919e+22	0.00e+00	2.00e-29	9.68e-25	3.21e-21	5.12e-18	2.93e-15	2.27e-11	1.65e-08	2.97e-06	1.26e-04	2.83e-03	2.21e-02	6.63e-02	1.40e-01	6.13e-01	1.45e-01	1.06e-02
 3.18649e+22	0.00e+00	3.10e-29	1.43e-24	4.52e-21	6.86e-18	3.73e-15	2.91e-11	2.09e-08	3.68e-06	1.50e-04	3.28e-03	2.47e-02	7.15e-02	1.45e-01	6.08e-01	1.38e-01	9.71e-03
 3.23437e+22	0.00e+00	4.86e-29	2.14e-24	6.42e-21	9.26e-18	4.77e-15	3.74e-11	2.66e-08	4.57e-06	1.80e-04	3.81e-03	2.78e-02	7.71e-02	1.49e-01	6.02e-01	1.31e-01	8.84e-03
 3.27227e+22	0.00e+00	6.90e-29	2.92e-24	8.44e-21	1.17e-17	5.79e-15	4.54e-11	3.21e-08	5.41e-06	2.08e-04	4.27e-03	3.04e-02	8.18e-02	1.53e-01	5.97e-01	1.26e-01	8.20e-03
 3.31080e+22	0.00e+00	9.71e-29	3.96e-24	1.10e-20	1.47e-17	6.98e-15	5.48e-11	3.84e-08	6.36e-06	2.38e-04	4.77e-03	3.31e-02	8.65e-02	1.56e-01	5.91e-01	1.20e-01	7.61e-03
 3.35404e+22	0.00e+00	1.43e-28	5.59e-24	1.49e-20	1.90e-17	8.63e-15	6.77e-11	4.70e-08	7.64e-06	2.77e-04	5.40e-03	3.64e-02	9.20e-02	1.60e-01	5.84e-01	1.15e-01	6.99e-03
 3.39428e+22	0.00e+00	2.03e-28	7.67e-24	1.97e-20	2.41e-17	1.05e-14	8.20e-11	5.66e-08	9.03e-06	3.19e-04	6.05e-03	3.97e-02	9.73e-02	1.63e-01	5.77e-01	1.09e-01	6.46e-03
 3.43076e+22	0.00e+00	2.80e-28	1.02e-23	2.52e-20	2.98e-17	1.25e-14	9.74e-11	6.68e-08	1.05e-05	3.61e-04	6.69e-03	4.29e-02	1.02e-01	1.66e-01	5.70e-01	1.05e-01	6.00e-03
 3.47145e+22	0.00e+00	3.91e-28	1.37e-23	3.28e-20	3.73e-17	1.50e-14	1.16e-10	7.93e-08	1.22e-05	4.10e-04	7.42e-03	4.65e-02	1.08e-01	1.69e-01	5.63e-01	1.00e-01	5.56e-03
 3.52435e+22	0.00e+00	6.02e-28	2.02e-23	4.60e-20	4.98e-17	1.91e-14	1.46e-10	9.88e-08	1.49e-05	4.84e-04	8.48e-03	5.14e-02	1.15e-01	1.73e-01	5.52e-01	9.43e-02	5.02e-03
 3.57751e+22	0.00e+00	9.32e-28	2.99e-23	6.48e-20	6.68e-17	2.43e-14	1.84e-10	1.23e-07	1.82e-05	5.70e-04	9.68e-03	5.69e-02	1.22e-01	1.77e-01	5.41e-01	8.85e-02	4.51e-03
 3.61880e+22	0.00e+00	1.30e-27	4.02e-23	8.42e-20	8.36e-17	2.92e-14	2.19e-10	1.46e-07	2.11e-05	6.46e-04	1.07e-02	6.13e-02	1.28e-01	1.79e-01	5.32e-01	8.42e-02	4.16e-03
 3.66027e+22	0.00e+00	1.78e-27	5.33e-23	1.08e-19	1.03e-16	3.48e-14	2.58e-10	1.70e-07	2.43e-05	7.25e-04	1.17e-02	6.58e-02	1.34e-01	1.82e-01	5.22e-01	8.02e-02	3.84e-03
 3.71419e+22	0.00e+00	2.66e-27	7.64e-23	1.48e-19	1.36e-16	4.36e-14	3.17e-10	2.08e-07	2.91e-05	8.40e-04	1.32e-02	7.18e-02	1.41e-01	1.84e-01	5.10e-01	7.53e-02	3.47e-03
 3.77149e+22	0.00e+00	4.07e-27	1.12e-22	2.07e-19	1.81e-16	5.54e-14	3.94e-10	2.56e-07	3.50e-05	9.80e-04	1.49e-02	7.87e-02	1.49e-01	1.87e-01	4.96e-01	7.02e-02	3.10e-03
 3.82061e+22	0.00e+00	5.85e-27	1.55e-22	2.76e-19	2.31e-16	6.78e-14	4.73e-10	3.05e-07	4.10e-05	1.11e-03	1.65e-02	8.49e-02	1.56e-01	1.89e-01	4.84e-01	6.60e-02	2.81e-03
 3.86520e+22	0.00e+00	7.95e-27	2.04e-22	3.52e-19	2.85e-16	8.07e-14	5.53e-10	3.53e-07	4.68e-05	1.24e-03	1.79e-02	9.04e-02	1.62e-01	1.90e-01	4.74e-01	6.26e-02	2.59e-03
 3.91647e+22	0.00e+00	1.12e-26	2.78e-22	4.62e-19	3.60e-16	9.81e-14	6.57e-10	4.16e-07	5.42e-05	1.40e-03	1.97e-02	9.68e-02	1.68e-01	1.91e-01	4.61e-01	5.89e-02	2.36e-03
 3.98311e+22	0.00e+00	1.73e-26	4.09e-22	6.51e-19	4.84e-16	1.25e-13	8.15e-10	5.11e-07	6.50e-05	1.63e-03	2.21e-02	1.05e-01	1.77e-01	1.92e-01	4.45e-01	5.45e-02	2.08e-03
 4.05244e+22	0.00e+00	2.71e-26	6.14e-22	9.31e-19	6.59e-16	1.62e-13	1.02e-09	6.32e-07	7.85e-05	1.89e-03	2.49e-02	1.15e-01	1.85e-01	1.93e-01	4.28e-01	5.00e-02	1.83e-03
 4.10576e+22	0.00e+00	3.81e-26	8.35e-22	1.22e-18	8.33e-16	1.97e-13	1.21e-09	7.41e-07	9.05e-05	2.13e-03	2.71e-02	1.22e-01	1.92e-01	1.93e-01	4.15e-01	4.68e-02	1.65e-03
 4.14766e+22	0.00e+00	4.92e-26	1.05e-21	1.50e-18	9.92e-16	2.28e-13	1.37e-09	8.34e-07	1.00e-04	2.31e-03	2.89e-02	1.28e-01	1.96e-01	1.93e-01	4.05e-01	4.45e-02	1.53e-03
 4.19422e+22	0.00e+00	6.45e-26	1.34e-21	1.86e-18	1.20e-15	2.66e-13	1.56e-09	9.45e-07	1.12e-04	2.53e-03	3.10e-02	1.34e-01	2.01e-01	1.93e-01	3.94e-01	4.21e-02	1.41e-03
 4.25475e+22	0.00e+00	9.09e-26	1.83e-21	2.44e-18	1.51e-15	3.25e-13	1.85e-09	1.11e-06	1.29e-04	2.83e-03	3.37e-02	1.43e-01	2.08e-01	1.93e-01	3.80e-01	3.92e-02	1.27e-03
 4.32120e+22	0.00e+00	1.32e-25	2.56e-21	3.30e-18	1.96e-15	4.03e-13	2.22e-09	1.31e-06	1.50e-04	3.19e-03	3.69e-02	1.52e-01	2.14e-01	1.92e-01	3.65e-01	3.62e-02	1.13e-03
 4.38111e+22	2.85e-32	1.84e-25	3.45e-21	4.30e-18	2.47e-15	4.89e-13	2.61e-09	1.53e-06	1.71e-04	3.55e-03	3.99e-02	1.60e-01	2.20e-01	1.91e-01	3.51e-01	3.37e-02	1.01e-03
 4.43629e+22	3.91e-32	2.47e-25	4.50e-21	5.44e-18	3.03e-15	5.79e-13	3.01e-09	1.74e-06	1.92e-04	3.89e-03	4.27e-02	1.68e-01	2.24e-01	1.89e-01	3.39e-01	3.15e-02	9.20e-04
 4.49956e+22	5.50e-32	3.41e-25	6.01e-21	7.04e-18	3.78e-15	6.98e-13	3.52e-09	2.02e-06	2.18e-04	4.30e-03	4.60e-02	1.77e-01	2.29e-01	1.88e-01	3.26e-01	2.93e-02	8.26e-04
 4.58181e+22	8.45e-32	5.10e-25	8.65e-21	9.73e-18	5.01e-15	8.84e-13	4.28e-09	2.42e-06	2.55e-04	4.87e-03	5.03e-02	1.88e-01	2.35e-01	1.85e-01	3.09e-01	2.66e-02	7.20e-04
 4.66621e+22	1.31e-31	7.73e-25	1.26e-20	1.36e-17	6.69e-15	1.13e-12	5.24e-09	2.91e-06	3.00e-04	5.53e-03	5.51e-02	1.99e-01	2.41e-01	1.82e-01	2.92e-01	2.41e-02	6.23e-04
 4.73002e+22	1.82e-31	1.06e-24	1.67e-20	1.75e-17	8.32e-15	1.35e-12	6.09e-09	3.34e-06	3.38e-04	6.07e-03	5.90e-02	2.08e-01	2.45e-01	1.80e-01	2.79e-01	2.22e-02	5.57e-04
 4.78030e+22	2.31e-31	1.33e-24	2.06e-20	2.10e-17	9.77e-15	1.55e-12	6.81e-09	3.70e-06	3.69e-04	6.50e-03	6.19e-02	2.15e-01	2.48e-01	1.78e-01	2.70e-01	2.10e-02	5.13e-04
 4.83633e+22	2.98e-31	1.70e-24	2.57e-20	2.56e-17	1.16e-14	1.79e-12	7.68e-09	4.12e-06	4.05e-04	6.99e-03	6.51e-02	2.22e-01	2.50e-01	1.75e-01	2.60e-01	1.97e-02	4.70e-04
 4.90918e+22	4.11e-31	2.32e-24	3.40e-20	3.29e-17	1.44e-14	2.15e-12	8.93e-09	4.72e-06	4.55e-04	7.65e-03	6.94e-02	2.31e-01	2.53e-01	1.72e-01	2.48e-01	1.82e-02	4.19e-04
 4.99042e+22	5.88e-31	3.29e-24	4.67e-20	4.36e-17	1.84e-14	2.65e-12	1.06e-08	5.49e-06	5.17e-04	8.45e-03	7.43e-02	2.41e-01	2.56e-01	1.69e-01	2.35e-01	1.66e-02	3.68e-04
 5.06519e+22	8.09e-31	4.49e-24	6.20e-20	5.62e-17	2.30e-14	3.19e-12	1.23e-08	6.30e-06	5.81e-04	9.24e-03	7.90e-02	2.50e-01	2.58e-01	1.65e-01	2.23e-01	1.52e-02	3.27e-04
 5.13413e+22	1.07e-30	5.93e-24	7.96e-20	7.03e-17	2.79e-14	3.76e-12	1.41e-08	7.10e-06	6.43e-04	9.98e-03	8.33e-02	2.58e-01	2.60e-01	1.62e-01	2.12e-01	1.41e-02	2.94e-04
 5.21285e+22	1.45e-30	8.01e-24	1.05e-19	8.97e-17	3.45e-14	4.50e-12	1.63e-08	8.09e-06	7.18e-04	1.08e-02	8.81e-02	2.66e-01	2.61e-01	1.58e-01	2.02e-01	1.29e-02	2.61e-04
 5.31519e+22	2.12e-30	1.17e-23	1.47e-19	1.22e-16	4.50e-14	5.63e-12	1.96e-08	9.52e-06	8.23e-04	1.20e-02	9.44e-02	2.77e-01	2.63e-01	1.53e-01	1.88e-01	1.16e-02	2.25e-04
 5.42107e+22	3.13e-30	1.74e-23	2.11e-19	1.68e-16	5.96e-14	7.14e-12	2.38e-08	1.13e-05	9.48e-04	1.34e-02	1.01e-01	2.88e-01	2.63e-01	1.48e-01	1.75e-01	1.03e-02	1.91e-04
 5.50733e+22	4.23e-30	2.37e-23	2.80e-19	2.16e-16	7.43e-14	8.61e-12	2.78e-08	1.29e-05	1.06e-03	1.45e-02	1.07e-01	2.96e-01	2.63e-01	1.43e-01	1.65e-01	9.38e-03	1.68e-04
 5.59522e+22	5.65e-30	3.20e-23	3.67e-19	2.76e-16	9.17e-14	1.03e-11	3.21e-08	1.46e-05	1.18e-03	1.57e-02	1.13e-01	3.04e-01	2.63e-01	1.39e-01	1.55e-01	8.56e-03	1.49e-04
 5.69436e+22	7.78e-30	4.46e-23	4.97e-19	3.61e-16	1.16e-13	1.26e-11	3.79e-08	1.69e-05	1.32e-03	1.71e-02	1.19e-01	3.13e-01	2.62e-01	1.34e-01	1.45e-01	7.72e-03	1.29e-04
 5.78800e+22	1.04e-29	6.08e-23	6.58e-19	4.64e-16	1.45e-13	1.52e-11	4.41e-08	1.92e-05	1.47e-03	1.85e-02	1.25e-01	3.21e-01	2.61e-01	1.30e-01	1.36e-01	7.00e-03	1.14e-04
 5.87571e+22	1.35e-29	8.02e-23	8.47e-19	5.82e-16	1.76e-13	1.79e-11	5.05e-08	2.16e-05	1.62e-03	1.99e-02	1.31e-01	3.27e-01	2.60e-01	1.26e-01	1.29e-01	6.41e-03	1.01e-04
 5.97585e+22	1.78e-29	1.08e-22	1.11e-18	7.41e-16	2.18e-13	2.15e-11	5.86e-08	2.45e-05	1.79e-03	2.14e-02	1.37e-01	3.34e-01	2.58e-01	1.21e-01	1.21e-01	5.82e-03	8.87e-05
 6.10604e+22	2.54e-29	1.58e-22	1.56e-18	1.01e-15	2.85e-13	2.70e-11	7.06e-08	2.87e-05	2.04e-03	2.35e-02	1.45e-01	3.43e-01	2.55e-01	1.16e-01	1.11e-01	5.13e-03	7.50e-05
 6.24095e+22	3.64e-29	2.35e-22	2.25e-18	1.40e-15	3.78e-13	3.44e-11	8.59e-08	3.40e-05	2.33e-03	2.58e-02	1.53e-01	3.51e-01	2.51e-01	1.10e-01	1.01e-01	4.49e-03	6.28e-05
 6.35225e+22	4.81e-29	3.22e-22	2.99e-18	1.80e-15	4.74e-13	4.16e-11	1.00e-07	3.87e-05	2.59e-03	2.78e-02	1.60e-01	3.57e-01	2.48e-01	1.05e-01	9.43e-02	4.03e-03	5.45e-05
 6.46716e+22	6.31e-29	4.36e-22	3.94e-18	2.31e-15	5.88e-13	5.00e-11	1.17e-07	4.39e-05	2.86e-03	2.99e-02	1.67e-01	3.63e-01	2.45e-01	1.01e-01	8.78e-02	3.63e-03	4.74e-05
 6.61655e+22	8.80e-29	6.34e-22	5.54e-18	3.13e-15	7.68e-13	6.29e-11	1.41e-07	5.13e-05	3.23e-03	3.26e-02	1.76e-01	3.69e-01	2.40e-01	9.54e-02	8.03e-02	3.18e-03	3.99e-05
 6.78081e+22	1.27e-28	9.64e-22	8.11e-18	4.41e-15	1.03e-12	8.11e-11	1.73e-07	6.10e-05	3.70e-03	3.58e-02	1.85e-01	3.76e-01	2.35e-01	8.95e-02	7.24e-02	2.74e-03	3.28e-05
 6.91945e+22	1.70e-28	1.37e-21	1.11e-17	5.86e-15	1.33e-12	1.00e-10	2.05e-07	7.04e-05	4.14e-03	3.87e-02	1.94e-01	3.81e-01	2.30e-01	8.47e-02	6.63e-02	2.41e-03	2.78e-05
 7.03283e+22	2.14e-28	1.79e-21	1.42e-17	7.30e-15	1.61e-12	1.18e-10	2.35e-07	7.87e-05	4.51e-03	4.11e-02	2.00e-01	3.84e-01	2.25e-01	8.10e-02	6.19e-02	2.19e-03	2.44e-05
 7.15833e+22	2.72e-28	2.37e-21	1.84e-17	9.19e-15	1.97e-12	1.40e-10	2.70e-07	8.83e-05	4.93e-03	4.37e-02	2.07e-01	3.87e-01	2.21e-01	7.73e-02	5.75e-02	1.97e-03	2.13e-05
 7.32147e+22	3.65e-28	3.37e-21	2.53e-17	1.22e-14	2.52e-12	1.74e-10	3.21e-07	1.02e-04	5.51e-03	4.71e-02	2.15e-01	3.90e-01	2.15e-01	7.27e-02	5.25e-02	1.73e-03	1.80e-05
 7.49658e+22	4.98e-28	4.91e-21	3.56e-17	1.66e-14	3.30e-12	2.18e-10	3.87e-07	1.19e-04	6.20e-03	5.09e-02	2.24e-01	3.93e-01	2.09e-01	6.80e-02	4.74e-02	1.50e-03	1.49e-05
 7.64842e+22	6.48e-28	6.80e-21	4.79e-17	2.17e-14	4.17e-12	2.66e-10	4.55e-07	1.35e-04	6.85e-03	5.45e-02	2.32e-01	3.95e-01	2.03e-01	6.41e-02	4.33e-02	1.32e-03	1.27e-05
 7.78531e+22	8.13e-28	8.97e-21	6.16e-17	2.71e-14	5.07e-12	3.15e-10	5.21e-07	1.51e-04	7.46e-03	5.76e-02	2.39e-01	3.96e-01	1.98e-01	6.08e-02	4.01e-02	1.18e-03	1.10e-05
 7.94162e+22	1.03e-27	1.21e-20	8.07e-17	3.46e-14	6.27e-12	3.77e-10	6.04e-07	1.71e-04	8.16e-03	6.12e-02	2.46e-01	3.97e-01	1.92e-01	5.75e-02	3.69e-02	1.05e-03	9.48e-06
 8.14482e+22	1.39e-27	1.74e-20	1.12e-16	4.65e-14	8.13e-12	4.71e-10	7.23e-07	1.97e-04	9.11e-03	6.58e-02	2.55e-01	3.97e-01	1.86e-01	5.35e-02	3.32e-02	9.08e-04	7.87e-06
 8.36166e+22	1.91e-27	2.60e-20	1.62e-16	6.47e-14	1.08e-11	6.02e-10	8.82e-07	2.32e-04	1.03e-02	7.11e-02	2.64e-01	3.97e-01	1.78e-01	4.93e-02	2.95e-02	7.70e-04	6.37e-06
 8.54483e+22	2.47e-27	3.63e-20	2.20e-16	8.50e-14	1.38e-11	7.38e-10	1.04e-06	2.65e-04	1.14e-02	7.58e-02	2.72e-01	3.96e-01	1.71e-01	4.60e-02	2.67e-02	6.71e-04	5.34e-06
 8.70680e+22	3.06e-27	4.78e-20	2.82e-16	1.06e-13	1.67e-11	8.72e-10	1.19e-06	2.95e-04	1.23e-02	7.98e-02	2.78e-01	3.95e-01	1.66e-01	4.34e-02	2.46e-02	5.98e-04	4.62e-06
 8.89260e+22	3.86e-27	6.42e-20	3.69e-16	1.35e-13	2.07e-11	1.04e-09	1.38e-06	3.31e-04	1.34e-02	8.42e-02	2.85e-01	3.93e-01	1.60e-01	4.07e-02	2.25e-02	5.28e-04	3.94e-06
 9.13414e+22	5.10e-27	9.21e-20	5.13e-16	1.82e-13	2.67e-11	1.30e-09	1.64e-06	3.82e-04	1.49e-02	8.99e-02	2.93e-01	3.91e-01	1.53e-01	3.76e-02	2.01e-02	4.53e-04	3.24e-06
 9.39831e+22	6.94e-27	1.38e-19	7.42e-16	2.53e-13	3.58e-11	1.67e-09	2.01e-06	4.48e-04	1.67e-02	9.67e-02	3.01e-01	3.87e-01	1.46e-01	3.43e-02	1.77e-02	3.80e-04	2.59e-06
 9.63196e+22	9.04e-27	1.97e-19	1.02e-15	3.38e-13	4.61e-11	2.07e-09	2.39e-06	5.15e-04	1.85e-02	1.03e-01	3.09e-01	3.83e-01	1.39e-01	3.16e-02	1.58e-02	3.25e-04	2.13e-06
 9.84238e+22	1.12e-26	2.64e-19	1.34e-15	4.29e-13	5.68e-11	2.47e-09	2.76e-06	5.77e-04	2.01e-02	1.08e-01	3.15e-01	3.79e-01	1.33e-01	2.95e-02	1.43e-02	2.85e-04	1.80e-06
 1.00826e+23	1.43e-26	3.62e-19	1.79e-15	5.57e-13	7.13e-11	3.00e-09	3.22e-06	6.53e-04	2.20e-02	1.14e-01	3.21e-01	3.75e-01	1.27e-01	2.73e-02	1.29e-02	2.47e-04	1.51e-06
 1.03461e+23	1.84e-26	5.12e-19	2.45e-15	7.39e-13	9.13e-11	3.71e-09	3.82e-06	7.46e-04	2.42e-02	1.21e-01	3.27e-01	3.70e-01	1.21e-01	2.51e-02	1.15e-02	2.11e-04	1.24e-06
 1.05845e+23	2.30e-26	6.98e-19	3.25e-15	9.53e-13	1.14e-10	4.49e-09	4.45e-06	8.42e-04	2.63e-02	1.27e-01	3.32e-01	3.65e-01	1.15e-01	2.32e-02	1.03e-02	1.83e-04	1.03e-06
 1.08047e+23	2.78e-26	9.10e-19	4.14e-15	1.18e-12	1.38e-10	5.28e-09	5.07e-06	9.32e-04	2.83e-02	1.32e-01	3.37e-01	3.60e-01	1.11e-01	2.17e-02	9.42e-03	1.62e-04	8.82e-07
 1.10567e+23	3.43e-26	1.21e-18	5.38e-15	1.50e-12	1.70e-10	6.31e-09	5.84e-06	1.04e-03	3.06e-02	1.38e-01	3.41e-01	3.55e-01	1.06e-01	2.01e-02	8.51e-03	1.41e-04	7.42e-07
 1.13842e+23	4.34e-26	1.70e-18	7.33e-15	1.99e-12	2.17e-10	7.78e-09	6.91e-06	1.19e-03	3.35e-02	1.46e-01	3.46e-01	3.48e-01	9.97e-02	1.84e-02	7.54e-03	1.20e-04	6.06e-07
 1.17410e+23	5.69e-26	2.51e-18	1.04e-14	2.73e-12	2.87e-10	9.87e-09	8.36e-06	1.38e-03	3.72e-02	1.54e-01	3.51e-01	3.40e-01	9.33e-02	1.65e-02	6.56e-03	9.93e-05	4.79e-07
 1.20518e+23	7.12e-26	3.49e-18	1.41e-14	3.59e-12	3.65e-10	1.21e-08	9.84e-06	1.57e-03	4.06e-02	1.62e-01	3.55e-01	3.32e-01	8.79e-02	1.51e-02	5.81e-03	8.44e-05	3.91e-07
 1.23265e+23	8.58e-26	4.57e-18	1.81e-14	4.50e-12	4.45e-10	1.44e-08	1.13e-05	1.74e-03	4.36e-02	1.68e-01	3.57e-01	3.26e-01	8.36e-02	1.40e-02	5.24e-03	7.36e-05	3.29e-07
 1.26384e+23	1.03e-25	6.01e-18	2.33e-14	5.64e-12	5.43e-10	1.70e-08	1.29e-05	1.93e-03	4.68e-02	1.75e-01	3.60e-01	3.19e-01	7.94e-02	1.29e-02	4.73e-03	6.41e-05	2.77e-07
 1.30439e+23	1.27e-25	8.33e-18	3.15e-14	7.41e-12	6.90e-10	2.09e-08	1.52e-05	2.19e-03	5.10e-02	1.83e-01	3.62e-01	3.11e-01	7.45e-02	1.17e-02	4.16e-03	5.42e-05	2.25e-07
 1.35448e+23	1.62e-25	1.23e-17	4.51e-14	1.03e-11	9.19e-10	2.68e-08	1.85e-05	2.55e-03	5.64e-02	1.93e-01	3.65e-01	3.01e-01	6.89e-02	1.04e-02	3.57e-03	4.42e-05	1.75e-07
 1.40472e+23	2.12e-25	1.87e-17	6.63e-14	1.46e-11	1.25e-09	3.50e-08	2.28e-05	3.00e-03	6.28e-02	2.03e-01	3.66e-01	2.89e-01	6.31e-02	9.17e-03	3.02e-03	3.54e-05	1.32e-07
 1.44603e+23	2.57e-25	2.58e-17	8.90e-14	1.91e-11	1.59e-09	4.29e-08	2.68e-05	3.39e-03	6.80e-02	2.11e-01	3.67e-01	2.80e-01	5.89e-02	8.29e-03	2.65e-03	2.98e-05	0.00e+00
 1.48797e+23	3.01e-25	3.39e-17	1.15e-13	2.41e-11	1.95e-09	5.14e-08	3.09e-05	3.78e-03	7.30e-02	2.19e-01	3.67e-01	2.73e-01	5.54e-02	7.59e-03	2.36e-03	2.56e-05	0.00e+00
 1.54249e+23	3.53e-25	4.59e-17	1.52e-13	3.12e-11	2.45e-09	6.25e-08	3.62e-05	4.26e-03	7.88e-02	2.27e-01	3.66e-01	2.64e-01	5.16e-02	6.86e-03	2.07e-03	2.16e-05	0.00e+00
 1.60538e+23	4.30e-25	6.63e-17	2.14e-13	4.26e-11	3.24e-09	7.96e-08	4.38e-05	4.92e-03	8.63e-02	2.36e-01	3.65e-01	2.52e-01	4.72e-02	6.05e-03	1.76e-03	1.75e-05	0.00e+00
 1.66702e+23	5.17e-25	9.42e-17	2.97e-13	5.76e-11	4.22e-09	1.00e-07	5.25e-05	5.65e-03	9.42e-02	2.45e-01	3.63e-01	2.42e-01	4.33e-02	5.35e-03	1.51e-03	1.42e-05	0.00e+00
 1.72539e+23	5.97e-25	1.26e-16	3.90e-13	7.40e-11	5.28e-09	1.22e-07	6.13e-05	6.34e-03	1.01e-01	2.53e-01	3.60e-01	2.33e-01	4.02e-02	4.82e-03	1.32e-03	1.20e-05	0.00e+00
 1.78992e+23	6.69e-25	1.64e-16	5.01e-13	9.32e-11	6.49e-09	1.46e-07	7.06e-05	7.06e-03	1.08e-01	2.60e-01	3.58e-01	2.24e-01	3.74e-02	4.37e-03	1.17e-03	1.02e-05	0.00e+00
 1.86275e+23	7.58e-25	2.21e-16	6.60e-13	1.20e-10	8.16e-09	1.79e-07	8.27e-05	7.94e-03	1.16e-01	2.68e-01	3.54e-01	2.15e-01	3.45e-02	3.91e-03	1.01e-03	8.47e-06	0.00e+00
