#depth	Mg	Mg+	Mg+2	Mg+3	Mg+4	Mg+5	Mg+6	Mg+7	Mg+8	Mg+9	Mg+10	Mg+11	Mg+12
 6.17135e+19	0.00e+00	0.00e+00	0.00e+00	0.00e+00	0.00e+00	3.33e-28	4.10e-23	1.70e-18	3.65e-14	4.11e-10	8.70e-06	5.73e-03	9.94e-01
 1.87609e+20	0.00e+00	0.00e+00	0.00e+00	0.00e+00	0.00e+00	5.89e-28	6.68e-23	2.55e-18	5.03e-14	5.23e-10	1.02e-05	6.22e-03	9.94e-01
 3.18540e+20	0.00e+00	0.00e+00	0.00e+00	0.00e+00	0.00e+00	1.04e-27	1.09e-22	3.84e-18	6.95e-14	6.65e-10	1.20e-05	6.74e-03	9.93e-01
 4.54709e+20	0.00e+00	0.00e+00	0.00e+00	0.00e+00	0.00e+00	1.86e-27	1.78e-22	5.77e-18	9.61e-14	8.46e-10	1.41e-05	7.31e-03	9.93e-01
 5.74412e+20	0.00e+00	0.00e+00	0.00e+00	0.00e+00	0.00e+00	3.04e-27	2.71e-22	8.18e-18	1.27e-13	1.04e-09	1.62e-05	7.84e-03	9.92e-01
 6.66686e+20	0.00e+00	0.00e+00	0.00e+00	0.00e+00	1.24e-32	4.40e-27	3.72e-22	1.06e-17	1.56e-13	1.21e-09	1.80e-05	8.26e-03	9.92e-01
 7.48883e+20	0.00e+00	0.00e+00	0.00e+00	0.00e+00	1.80e-32	6.08e-27	4.90e-22	1.34e-17	1.87e-13	1.39e-09	1.97e-05	8.64e-03	9.91e-01
 8.41358e+20	0.00e+00	0.00e+00	0.00e+00	0.00e+00	2.71e-32	8.68e-27	6.65e-22	1.72e-17	2.28e-13	1.61e-09	2.18e-05	9.09e-03	9.91e-01
 9.61575e+20	0.00e+00	0.00e+00	0.00e+00	0.00e+00	4.55e-32	1.36e-26	9.78e-22	2.37e-17	2.94e-13	1.94e-09	2.47e-05	9.68e-03	9.90e-01
 1.08324e+21	0.00e+00	0.00e+00	0.00e+00	0.00e+00	7.62e-32	2.14e-26	1.43e-21	3.25e-17	3.78e-13	2.34e-09	2.81e-05	1.03e-02	9.90e-01
 1.17841e+21	0.00e+00	0.00e+00	0.00e+00	0.00e+00	1.13e-31	3.01e-26	1.92e-21	4.15e-17	4.58e-13	2.70e-09	3.09e-05	1.08e-02	9.89e-01
 1.27376e+21	0.00e+00	0.00e+00	0.00e+00	0.00e+00	1.66e-31	4.22e-26	2.56e-21	5.26e-17	5.54e-13	3.10e-09	3.39e-05	1.13e-02	9.89e-01
 1.39772e+21	0.00e+00	0.00e+00	0.00e+00	0.00e+00	2.73e-31	6.49e-26	3.71e-21	7.14e-17	7.04e-13	3.70e-09	3.83e-05	1.21e-02	9.88e-01
 1.52616e+21	0.00e+00	0.00e+00	0.00e+00	0.00e+00	4.51e-31	1.01e-25	5.38e-21	9.73e-17	8.99e-13	4.44e-09	4.33e-05	1.28e-02	9.87e-01
 1.63081e+21	0.00e+00	0.00e+00	0.00e+00	0.00e+00	6.73e-31	1.43e-25	7.25e-21	1.24e-16	1.09e-12	5.12e-09	4.77e-05	1.35e-02	9.86e-01
 1.73722e+21	0.00e+00	0.00e+00	0.00e+00	0.00e+00	1.01e-30	2.02e-25	9.77e-21	1.59e-16	1.33e-12	5.91e-09	5.25e-05	1.41e-02	9.86e-01
 1.84878e+21	0.00e+00	0.00e+00	0.00e+00	0.00e+00	1.53e-30	2.91e-25	1.33e-20	2.06e-16	1.62e-12	6.86e-09	5.81e-05	1.49e-02	9.85e-01
 1.94278e+21	0.00e+00	0.00e+00	0.00e+00	0.00e+00	2.15e-30	3.91e-25	1.71e-20	2.54e-16	1.91e-12	7.75e-09	6.31e-05	1.55e-02	9.84e-01
 2.04074e+21	0.00e+00	0.00e+00	0.00e+00	0.00e+00	3.06e-30	5.33e-25	2.23e-20	3.16e-16	2.27e-12	8.80e-09	6.87e-05	1.62e-02	9.84e-01
 2.16809e+21	0.00e+00	0.00e+00	0.00e+00	0.00e+00	4.81e-30	7.90e-25	3.12e-20	4.16e-16	2.83e-12	1.03e-08	7.66e-05	1.71e-02	9.83e-01
 2.29611e+21	0.00e+00	0.00e+00	0.00e+00	0.00e+00	7.54e-30	1.17e-24	4.35e-20	5.48e-16	3.51e-12	1.21e-08	8.54e-05	1.80e-02	9.82e-01
 2.39469e+21	0.00e+00	0.00e+00	0.00e+00	0.00e+00	1.06e-29	1.57e-24	5.60e-20	6.76e-16	4.14e-12	1.37e-08	9.26e-05	1.88e-02	9.81e-01
 2.49253e+21	0.00e+00	0.00e+00	0.00e+00	0.00e+00	1.48e-29	2.10e-24	7.17e-20	8.29e-16	4.86e-12	1.54e-08	1.00e-04	1.95e-02	9.80e-01
 2.61971e+21	0.00e+00	0.00e+00	0.00e+00	0.00e+00	2.27e-29	3.04e-24	9.85e-20	1.08e-15	5.97e-12	1.79e-08	1.11e-04	2.05e-02	9.79e-01
 2.75086e+21	0.00e+00	0.00e+00	0.00e+00	0.00e+00	3.51e-29	4.44e-24	1.36e-19	1.41e-15	7.37e-12	2.09e-08	1.23e-04	2.16e-02	9.78e-01
 2.85841e+21	0.00e+00	0.00e+00	0.00e+00	0.00e+00	4.98e-29	6.03e-24	1.76e-19	1.74e-15	8.72e-12	2.37e-08	1.34e-04	2.26e-02	9.77e-01
 2.94819e+21	0.00e+00	0.00e+00	0.00e+00	0.00e+00	6.72e-29	7.82e-24	2.20e-19	2.09e-15	1.01e-11	2.63e-08	1.44e-04	2.34e-02	9.76e-01
 3.04362e+21	0.00e+00	0.00e+00	0.00e+00	0.00e+00	9.06e-29	1.01e-23	2.75e-19	2.52e-15	1.16e-11	2.92e-08	1.55e-04	2.42e-02	9.76e-01
 3.16769e+21	0.00e+00	0.00e+00	0.00e+00	0.00e+00	1.34e-28	1.43e-23	3.68e-19	3.20e-15	1.41e-11	3.36e-08	1.70e-04	2.54e-02	9.74e-01
 3.29248e+21	0.00e+00	0.00e+00	0.00e+00	0.00e+00	1.99e-28	2.01e-23	4.92e-19	4.07e-15	1.70e-11	3.86e-08	1.87e-04	2.66e-02	9.73e-01
 3.39032e+21	0.00e+00	0.00e+00	0.00e+00	0.00e+00	2.69e-28	2.61e-23	6.16e-19	4.90e-15	1.96e-11	4.29e-08	2.00e-04	2.75e-02	9.72e-01
 3.48963e+21	0.00e+00	0.00e+00	0.00e+00	0.00e+00	3.65e-28	3.41e-23	7.73e-19	5.92e-15	2.27e-11	4.78e-08	2.16e-04	2.86e-02	9.71e-01
 3.61873e+21	0.00e+00	0.00e+00	0.00e+00	0.00e+00	5.41e-28	4.79e-23	1.03e-18	7.52e-15	2.75e-11	5.49e-08	2.37e-04	2.99e-02	9.70e-01
 3.74827e+21	0.00e+00	0.00e+00	0.00e+00	0.00e+00	7.99e-28	6.73e-23	1.38e-18	9.56e-15	3.31e-11	6.30e-08	2.59e-04	3.13e-02	9.68e-01
 3.84937e+21	0.00e+00	0.00e+00	0.00e+00	0.00e+00	1.08e-27	8.76e-23	1.73e-18	1.15e-14	3.83e-11	7.01e-08	2.79e-04	3.24e-02	9.67e-01
 3.95179e+21	0.00e+00	0.00e+00	0.00e+00	0.00e+00	1.46e-27	1.14e-22	2.16e-18	1.39e-14	4.43e-11	7.80e-08	2.99e-04	3.36e-02	9.66e-01
 4.08494e+21	0.00e+00	0.00e+00	0.00e+00	0.00e+00	2.16e-27	1.59e-22	2.88e-18	1.76e-14	5.34e-11	8.95e-08	3.28e-04	3.51e-02	9.65e-01
 4.21343e+21	0.00e+00	0.00e+00	0.00e+00	0.00e+00	3.13e-27	2.20e-22	3.80e-18	2.21e-14	6.39e-11	1.02e-07	3.58e-04	3.67e-02	9.63e-01
 4.30651e+21	0.00e+00	0.00e+00	0.00e+00	1.13e-32	4.09e-27	2.78e-22	4.63e-18	2.60e-14	7.26e-11	1.12e-07	3.81e-04	3.78e-02	9.62e-01
 4.39814e+21	0.00e+00	0.00e+00	0.00e+00	1.51e-32	5.30e-27	3.48e-22	5.62e-18	3.05e-14	8.23e-11	1.23e-07	4.05e-04	3.90e-02	9.61e-01
 4.51726e+21	0.00e+00	0.00e+00	0.00e+00	2.21e-32	7.42e-27	4.67e-22	7.21e-18	3.75e-14	9.67e-11	1.38e-07	4.39e-04	4.05e-02	9.59e-01
 4.64340e+21	0.00e+00	0.00e+00	0.00e+00	3.31e-32	1.06e-26	6.34e-22	9.36e-18	4.66e-14	1.15e-10	1.57e-07	4.76e-04	4.22e-02	9.57e-01
 4.75161e+21	0.00e+00	0.00e+00	0.00e+00	4.65e-32	1.42e-26	8.23e-22	1.17e-17	5.61e-14	1.32e-10	1.74e-07	5.11e-04	4.37e-02	9.56e-01
 4.84773e+21	0.00e+00	0.00e+00	0.00e+00	6.28e-32	1.86e-26	1.04e-21	1.43e-17	6.61e-14	1.51e-10	1.92e-07	5.44e-04	4.50e-02	9.54e-01
 4.95521e+21	0.00e+00	0.00e+00	0.00e+00	8.73e-32	2.49e-26	1.34e-21	1.77e-17	7.90e-14	1.73e-10	2.12e-07	5.82e-04	4.65e-02	9.53e-01
 5.09494e+21	0.00e+00	0.00e+00	0.00e+00	1.34e-31	3.62e-26	1.85e-21	2.34e-17	9.96e-14	2.08e-10	2.42e-07	6.36e-04	4.86e-02	9.51e-01
 5.23415e+21	0.00e+00	0.00e+00	0.00e+00	2.04e-31	5.25e-26	2.56e-21	3.08e-17	1.25e-13	2.49e-10	2.77e-07	6.94e-04	5.07e-02	9.49e-01
 5.34143e+21	0.00e+00	0.00e+00	0.00e+00	2.82e-31	6.98e-26	3.28e-21	3.81e-17	1.49e-13	2.85e-10	3.06e-07	7.42e-04	5.23e-02	9.47e-01
 5.43471e+21	0.00e+00	0.00e+00	0.00e+00	3.73e-31	8.93e-26	4.06e-21	4.58e-17	1.74e-13	3.21e-10	3.34e-07	7.86e-04	5.38e-02	9.45e-01
 5.54104e+21	0.00e+00	0.00e+00	0.00e+00	5.09e-31	1.17e-25	5.15e-21	5.61e-17	2.06e-13	3.67e-10	3.68e-07	8.37e-04	5.55e-02	9.44e-01
 5.67926e+21	0.00e+00	0.00e+00	0.00e+00	7.61e-31	1.67e-25	7.02e-21	7.31e-17	2.56e-13	4.35e-10	4.18e-07	9.10e-04	5.78e-02	9.41e-01
 5.81992e+21	0.00e+00	0.00e+00	0.00e+00	1.14e-30	2.40e-25	9.59e-21	9.55e-17	3.20e-13	5.18e-10	4.74e-07	9.89e-04	6.02e-02	9.39e-01
 5.93248e+21	0.00e+00	0.00e+00	0.00e+00	1.58e-30	3.19e-25	1.23e-20	1.18e-16	3.82e-13	5.94e-10	5.25e-07	1.06e-03	6.21e-02	9.37e-01
 6.04754e+21	0.00e+00	0.00e+00	0.00e+00	2.19e-30	4.25e-25	1.58e-20	1.46e-16	4.56e-13	6.83e-10	5.81e-07	1.13e-03	6.42e-02	9.35e-01
 6.19713e+21	0.00e+00	0.00e+00	0.00e+00	3.32e-30	6.14e-25	2.17e-20	1.92e-16	5.73e-13	8.16e-10	6.63e-07	1.23e-03	6.69e-02	9.32e-01
 6.34477e+21	0.00e+00	0.00e+00	0.00e+00	5.01e-30	8.81e-25	2.97e-20	2.52e-16	7.17e-13	9.73e-10	7.54e-07	1.34e-03	6.96e-02	9.29e-01
 6.45655e+21	0.00e+00	0.00e+00	0.00e+00	6.80e-30	1.15e-24	3.76e-20	3.08e-16	8.48e-13	1.11e-09	8.30e-07	1.43e-03	7.17e-02	9.27e-01
 6.56852e+21	0.00e+00	0.00e+00	0.00e+00	9.21e-30	1.51e-24	4.74e-20	3.76e-16	1.00e-12	1.26e-09	9.13e-07	1.52e-03	7.39e-02	9.25e-01
 6.71407e+21	0.00e+00	0.00e+00	0.00e+00	1.36e-29	2.12e-24	6.39e-20	4.85e-16	1.24e-12	1.49e-09	1.03e-06	1.64e-03	7.67e-02	9.22e-01
 6.86612e+21	0.00e+00	0.00e+00	0.00e+00	2.03e-29	3.02e-24	8.70e-20	6.33e-16	1.54e-12	1.77e-09	1.17e-06	1.79e-03	7.98e-02	9.18e-01
 6.99354e+21	0.00e+00	0.00e+00	0.00e+00	2.83e-29	4.05e-24	1.12e-19	7.88e-16	1.85e-12	2.04e-09	1.30e-06	1.91e-03	8.24e-02	9.16e-01
 7.12609e+21	0.00e+00	0.00e+00	0.00e+00	3.97e-29	5.46e-24	1.46e-19	9.85e-16	2.23e-12	2.37e-09	1.45e-06	2.05e-03	8.52e-02	9.13e-01
 7.27309e+21	0.00e+00	0.00e+00	0.00e+00	5.76e-29	7.59e-24	1.94e-19	1.26e-15	2.74e-12	2.78e-09	1.63e-06	2.21e-03	8.83e-02	9.09e-01
 7.40883e+21	0.00e+00	0.00e+00	0.00e+00	8.09e-29	1.02e-23	2.51e-19	1.57e-15	3.30e-12	3.21e-09	1.81e-06	2.37e-03	9.13e-02	9.06e-01
 7.53591e+21	0.00e+00	0.00e+00	0.00e+00	1.11e-28	1.36e-23	3.21e-19	1.94e-15	3.93e-12	3.69e-09	2.01e-06	2.53e-03	9.41e-02	9.03e-01
 7.68179e+21	0.00e+00	0.00e+00	0.00e+00	1.57e-28	1.84e-23	4.19e-19	2.44e-15	4.75e-12	4.28e-09	2.24e-06	2.72e-03	9.73e-02	9.00e-01
 7.84200e+21	0.00e+00	0.00e+00	0.00e+00	2.30e-28	2.57e-23	5.61e-19	3.14e-15	5.87e-12	5.04e-09	2.53e-06	2.94e-03	1.01e-01	8.96e-01
 7.98611e+21	0.00e+00	0.00e+00	0.00e+00	3.22e-28	3.46e-23	7.28e-19	3.93e-15	7.07e-12	5.84e-09	2.81e-06	3.15e-03	1.04e-01	8.93e-01
 8.11801e+21	0.00e+00	0.00e+00	0.00e+00	4.39e-28	4.55e-23	9.23e-19	4.82e-15	8.39e-12	6.67e-09	3.10e-06	3.35e-03	1.07e-01	8.89e-01
 8.26879e+21	0.00e+00	0.00e+00	0.00e+00	6.13e-28	6.10e-23	1.19e-18	6.01e-15	1.01e-11	7.71e-09	3.45e-06	3.59e-03	1.11e-01	8.86e-01
 8.43831e+21	0.00e+00	0.00e+00	0.00e+00	8.92e-28	8.50e-23	1.59e-18	7.71e-15	1.24e-11	9.07e-09	3.89e-06	3.88e-03	1.15e-01	8.81e-01
 8.59321e+21	0.00e+00	0.00e+00	0.00e+00	1.25e-27	1.15e-22	2.07e-18	9.64e-15	1.50e-11	1.05e-08	4.33e-06	4.16e-03	1.19e-01	8.77e-01
 8.73109e+21	0.00e+00	0.00e+00	0.00e+00	1.68e-27	1.48e-22	2.59e-18	1.17e-14	1.76e-11	1.19e-08	4.75e-06	4.42e-03	1.22e-01	8.74e-01
 8.88585e+21	0.00e+00	0.00e+00	0.00e+00	2.32e-27	1.97e-22	3.32e-18	1.45e-14	2.11e-11	1.37e-08	5.27e-06	4.72e-03	1.26e-01	8.69e-01
 9.08704e+21	0.00e+00	0.00e+00	0.00e+00	3.50e-27	2.84e-22	4.56e-18	1.91e-14	2.65e-11	1.64e-08	6.00e-06	5.13e-03	1.31e-01	8.64e-01
 9.29112e+21	0.00e+00	0.00e+00	1.11e-32	5.27e-27	4.07e-22	6.25e-18	2.50e-14	3.32e-11	1.96e-08	6.84e-06	5.58e-03	1.36e-01	8.59e-01
 9.45464e+21	0.00e+00	0.00e+00	1.59e-32	7.26e-27	5.41e-22	8.00e-18	3.10e-14	3.97e-11	2.26e-08	7.58e-06	5.96e-03	1.40e-01	8.54e-01
 9.62288e+21	0.00e+00	0.00e+00	2.27e-32	1.00e-26	7.18e-22	1.03e-17	3.84e-14	4.74e-11	2.59e-08	8.40e-06	6.37e-03	1.44e-01	8.49e-01
 9.84159e+21	0.00e+00	0.00e+00	3.58e-32	1.50e-26	1.03e-21	1.40e-17	5.03e-14	5.95e-11	3.10e-08	9.56e-06	6.92e-03	1.50e-01	8.43e-01
 1.00590e+22	0.00e+00	0.00e+00	5.60e-32	2.24e-26	1.46e-21	1.91e-17	6.56e-14	7.43e-11	3.69e-08	1.09e-05	7.50e-03	1.55e-01	8.37e-01
 1.02262e+22	0.00e+00	0.00e+00	7.82e-32	3.02e-26	1.91e-21	2.40e-17	8.01e-14	8.77e-11	4.20e-08	1.20e-05	7.98e-03	1.60e-01	8.32e-01
 1.03953e+22	0.00e+00	0.00e+00	1.09e-31	4.06e-26	2.47e-21	3.02e-17	9.74e-14	1.03e-10	4.78e-08	1.31e-05	8.47e-03	1.64e-01	8.27e-01
 1.06151e+22	0.00e+00	0.00e+00	1.65e-31	5.90e-26	3.44e-21	4.03e-17	1.25e-13	1.27e-10	5.62e-08	1.48e-05	9.14e-03	1.70e-01	8.21e-01
 1.08481e+22	0.00e+00	0.00e+00	2.56e-31	8.73e-26	4.87e-21	5.45e-17	1.62e-13	1.58e-10	6.67e-08	1.68e-05	9.89e-03	1.76e-01	8.14e-01
 1.10493e+22	0.00e+00	0.00e+00	3.69e-31	1.21e-25	6.51e-21	7.03e-17	2.02e-13	1.90e-10	7.70e-08	1.86e-05	1.06e-02	1.81e-01	8.08e-01
 1.12340e+22	0.00e+00	0.00e+00	5.14e-31	1.63e-25	8.45e-21	8.83e-17	2.46e-13	2.24e-10	8.76e-08	2.05e-05	1.12e-02	1.86e-01	8.03e-01
 1.14463e+22	0.00e+00	0.00e+00	7.44e-31	2.27e-25	1.13e-20	1.14e-16	3.07e-13	2.70e-10	1.01e-07	2.27e-05	1.20e-02	1.91e-01	7.97e-01
 1.16777e+22	0.00e+00	0.00e+00	1.11e-30	3.24e-25	1.55e-20	1.50e-16	3.89e-13	3.29e-10	1.18e-07	2.55e-05	1.29e-02	1.97e-01	7.90e-01
 1.18859e+22	0.00e+00	0.00e+00	1.57e-30	4.43e-25	2.05e-20	1.91e-16	4.79e-13	3.91e-10	1.36e-07	2.81e-05	1.37e-02	2.03e-01	7.83e-01
 1.21087e+22	0.00e+00	0.00e+00	2.26e-30	6.14e-25	2.73e-20	2.46e-16	5.96e-13	4.69e-10	1.56e-07	3.12e-05	1.47e-02	2.09e-01	7.77e-01
 1.23581e+22	0.00e+00	0.00e+00	3.38e-30	8.80e-25	3.76e-20	3.25e-16	7.57e-13	5.74e-10	1.83e-07	3.50e-05	1.58e-02	2.15e-01	7.69e-01
 1.25922e+22	0.00e+00	0.00e+00	4.89e-30	1.23e-24	5.03e-20	4.19e-16	9.44e-13	6.90e-10	2.11e-07	3.88e-05	1.68e-02	2.21e-01	7.62e-01
 1.28128e+22	0.00e+00	0.00e+00	6.88e-30	1.66e-24	6.59e-20	5.31e-16	1.16e-12	8.17e-10	2.41e-07	4.28e-05	1.79e-02	2.27e-01	7.55e-01
 1.30660e+22	0.00e+00	0.00e+00	1.01e-29	2.34e-24	8.92e-20	6.91e-16	1.45e-12	9.88e-10	2.80e-07	4.76e-05	1.91e-02	2.34e-01	7.47e-01
 1.33473e+22	0.00e+00	0.00e+00	1.53e-29	3.40e-24	1.24e-19	9.22e-16	1.86e-12	1.22e-09	3.29e-07	5.36e-05	2.06e-02	2.41e-01	7.38e-01
 1.36091e+22	0.00e+00	0.00e+00	2.23e-29	4.78e-24	1.68e-19	1.20e-15	2.34e-12	1.47e-09	3.82e-07	5.96e-05	2.20e-02	2.48e-01	7.30e-01
 1.38934e+22	0.00e+00	0.00e+00	3.33e-29	6.84e-24	2.30e-19	1.58e-15	2.97e-12	1.80e-09	4.46e-07	6.68e-05	2.36e-02	2.55e-01	7.21e-01
 1.41922e+22	0.00e+00	0.00e+00	5.06e-29	9.93e-24	3.20e-19	2.11e-15	3.81e-12	2.21e-09	5.25e-07	7.51e-05	2.54e-02	2.63e-01	7.12e-01
 1.44457e+22	0.00e+00	0.00e+00	7.15e-29	1.35e-23	4.22e-19	2.68e-15	4.68e-12	2.63e-09	6.01e-07	8.27e-05	2.70e-02	2.69e-01	7.04e-01
 1.47111e+22	0.00e+00	0.00e+00	1.02e-28	1.86e-23	5.58e-19	3.43e-15	5.78e-12	3.13e-09	6.89e-07	9.13e-05	2.87e-02	2.76e-01	6.95e-01
 1.50562e+22	0.00e+00	0.00e+00	1.59e-28	2.77e-23	7.95e-19	4.67e-15	7.55e-12	3.91e-09	8.20e-07	1.03e-04	3.10e-02	2.84e-01	6.85e-01
 1.54082e+22	0.00e+00	0.00e+00	2.50e-28	4.16e-23	1.14e-18	6.39e-15	9.90e-12	4.90e-09	9.77e-07	1.17e-04	3.35e-02	2.93e-01	6.73e-01
 1.56893e+22	0.00e+00	0.00e+00	3.56e-28	5.71e-23	1.51e-18	8.16e-15	1.22e-11	5.84e-09	1.12e-06	1.30e-04	3.56e-02	3.00e-01	6.64e-01
 1.59745e+22	0.00e+00	0.00e+00	5.05e-28	7.81e-23	1.99e-18	1.04e-14	1.51e-11	6.95e-09	1.28e-06	1.43e-04	3.78e-02	3.07e-01	6.55e-01
 1.63453e+22	0.00e+00	0.00e+00	7.86e-28	1.16e-22	2.82e-18	1.41e-14	1.96e-11	8.66e-09	1.52e-06	1.61e-04	4.07e-02	3.16e-01	6.43e-01
 1.67298e+22	0.00e+00	0.00e+00	1.24e-27	1.75e-22	4.05e-18	1.94e-14	2.58e-11	1.09e-08	1.82e-06	1.83e-04	4.40e-02	3.25e-01	6.31e-01
 1.70229e+22	0.00e+00	0.00e+00	1.75e-27	2.38e-22	5.32e-18	2.45e-14	3.16e-11	1.29e-08	2.07e-06	2.01e-04	4.66e-02	3.32e-01	6.22e-01
 1.72522e+22	0.00e+00	0.00e+00	2.26e-27	2.99e-22	6.52e-18	2.93e-14	3.68e-11	1.46e-08	2.29e-06	2.16e-04	4.86e-02	3.37e-01	6.14e-01
 1.75079e+22	0.00e+00	0.00e+00	3.02e-27	3.88e-22	8.21e-18	3.59e-14	4.38e-11	1.69e-08	2.56e-06	2.34e-04	5.10e-02	3.43e-01	6.06e-01
 1.78403e+22	0.00e+00	0.00e+00	4.31e-27	5.34e-22	1.09e-17	4.59e-14	5.42e-11	2.02e-08	2.94e-06	2.58e-04	5.41e-02	3.50e-01	5.96e-01
 1.82026e+22	0.00e+00	0.00e+00	6.46e-27	7.67e-22	1.50e-17	6.07e-14	6.90e-11	2.47e-08	3.44e-06	2.88e-04	5.78e-02	3.58e-01	5.84e-01
 1.85183e+22	0.00e+00	0.00e+00	9.06e-27	1.04e-21	1.96e-17	7.67e-14	8.45e-11	2.92e-08	3.92e-06	3.16e-04	6.11e-02	3.64e-01	5.74e-01
 1.88005e+22	0.00e+00	0.00e+00	1.22e-26	1.36e-21	2.49e-17	9.44e-14	1.01e-10	3.39e-08	4.39e-06	3.43e-04	6.41e-02	3.70e-01	5.65e-01
 1.90751e+22	0.00e+00	1.08e-32	1.62e-26	1.75e-21	3.12e-17	1.15e-13	1.20e-10	3.90e-08	4.90e-06	3.70e-04	6.71e-02	3.76e-01	5.57e-01
 1.93830e+22	0.00e+00	1.51e-32	2.21e-26	2.31e-21	3.98e-17	1.42e-13	1.44e-10	4.55e-08	5.52e-06	4.02e-04	7.05e-02	3.82e-01	5.47e-01
 1.97202e+22	0.00e+00	2.21e-32	3.13e-26	3.16e-21	5.25e-17	1.81e-13	1.77e-10	5.41e-08	6.31e-06	4.42e-04	7.45e-02	3.89e-01	5.36e-01
 2.00179e+22	0.00e+00	3.07e-32	4.21e-26	4.13e-21	6.65e-17	2.23e-13	2.12e-10	6.27e-08	7.07e-06	4.79e-04	7.81e-02	3.94e-01	5.27e-01
 2.02851e+22	0.00e+00	4.10e-32	5.48e-26	5.22e-21	8.20e-17	2.67e-13	2.48e-10	7.15e-08	7.83e-06	5.14e-04	8.14e-02	3.99e-01	5.19e-01
 2.05899e+22	0.00e+00	5.66e-32	7.36e-26	6.80e-21	1.04e-16	3.27e-13	2.96e-10	8.27e-08	8.76e-06	5.56e-04	8.52e-02	4.05e-01	5.09e-01
 2.09092e+22	0.00e+00	7.95e-32	1.00e-25	8.97e-21	1.32e-16	4.05e-13	3.56e-10	9.65e-08	9.86e-06	6.04e-04	8.93e-02	4.11e-01	4.99e-01
 2.11763e+22	0.00e+00	1.05e-31	1.29e-25	1.13e-20	1.62e-16	4.84e-13	4.14e-10	1.10e-07	1.09e-05	6.46e-04	9.29e-02	4.15e-01	4.91e-01
 2.14524e+22	0.00e+00	1.40e-31	1.67e-25	1.42e-20	1.99e-16	5.79e-13	4.84e-10	1.25e-07	1.20e-05	6.92e-04	9.67e-02	4.20e-01	4.83e-01
 2.18112e+22	0.00e+00	2.00e-31	2.32e-25	1.91e-20	2.58e-16	7.26e-13	5.89e-10	1.47e-07	1.36e-05	7.55e-04	1.02e-01	4.25e-01	4.72e-01
 2.21728e+22	0.00e+00	2.89e-31	3.24e-25	2.57e-20	3.37e-16	9.16e-13	7.20e-10	1.73e-07	1.55e-05	8.25e-04	1.07e-01	4.31e-01	4.61e-01
 2.24536e+22	0.00e+00	3.82e-31	4.18e-25	3.24e-20	4.13e-16	1.09e-12	8.39e-10	1.97e-07	1.71e-05	8.83e-04	1.11e-01	4.35e-01	4.53e-01
 2.27345e+22	0.00e+00	5.02e-31	5.37e-25	4.05e-20	5.04e-16	1.30e-12	9.75e-10	2.23e-07	1.88e-05	9.42e-04	1.15e-01	4.39e-01	4.44e-01
 2.30997e+22	0.00e+00	7.13e-31	7.38e-25	5.40e-20	6.49e-16	1.63e-12	1.18e-09	2.61e-07	2.12e-05	1.03e-03	1.21e-01	4.44e-01	4.34e-01
 2.34579e+22	0.00e+00	1.01e-30	1.01e-24	7.18e-20	8.37e-16	2.03e-12	1.43e-09	3.06e-07	2.40e-05	1.11e-03	1.27e-01	4.49e-01	4.23e-01
 2.37232e+22	0.00e+00	1.30e-30	1.28e-24	8.85e-20	1.01e-15	2.38e-12	1.65e-09	3.44e-07	2.62e-05	1.18e-03	1.31e-01	4.52e-01	4.15e-01
 2.39843e+22	0.00e+00	1.66e-30	1.60e-24	1.08e-19	1.20e-15	2.78e-12	1.88e-09	3.85e-07	2.86e-05	1.26e-03	1.35e-01	4.56e-01	4.08e-01
 2.43237e+22	0.00e+00	2.27e-30	2.12e-24	1.40e-19	1.51e-15	3.39e-12	2.23e-09	4.44e-07	3.19e-05	1.35e-03	1.41e-01	4.59e-01	3.98e-01
 2.46826e+22	0.00e+00	3.16e-30	2.88e-24	1.84e-19	1.92e-15	4.20e-12	2.68e-09	5.17e-07	3.58e-05	1.46e-03	1.47e-01	4.63e-01	3.88e-01
 2.49864e+22	0.00e+00	4.18e-30	3.71e-24	2.31e-19	2.36e-15	5.01e-12	3.13e-09	5.87e-07	3.95e-05	1.56e-03	1.52e-01	4.66e-01	3.80e-01
 2.53007e+22	0.00e+00	5.52e-30	4.79e-24	2.91e-19	2.90e-15	5.99e-12	3.66e-09	6.68e-07	4.36e-05	1.67e-03	1.58e-01	4.69e-01	3.71e-01
 2.57093e+22	0.00e+00	7.91e-30	6.66e-24	3.91e-19	3.77e-15	7.55e-12	4.47e-09	7.89e-07	4.95e-05	1.82e-03	1.65e-01	4.73e-01	3.60e-01
 2.61171e+22	0.00e+00	1.14e-29	9.29e-24	5.28e-19	4.92e-15	9.53e-12	5.47e-09	9.33e-07	5.63e-05	1.98e-03	1.73e-01	4.76e-01	3.49e-01
 2.64176e+22	0.00e+00	1.48e-29	1.18e-23	6.57e-19	5.98e-15	1.13e-11	6.34e-09	1.05e-06	6.18e-05	2.11e-03	1.79e-01	4.78e-01	3.41e-01
 2.67018e+22	0.00e+00	1.89e-29	1.48e-23	8.03e-19	7.16e-15	1.32e-11	7.26e-09	1.18e-06	6.74e-05	2.24e-03	1.85e-01	4.80e-01	3.33e-01
 2.70713e+22	0.00e+00	2.57e-29	1.97e-23	1.04e-18	9.01e-15	1.62e-11	8.66e-09	1.37e-06	7.53e-05	2.41e-03	1.92e-01	4.82e-01	3.23e-01
 2.74515e+22	0.00e+00	3.56e-29	2.65e-23	1.36e-18	1.15e-14	2.00e-11	1.04e-08	1.59e-06	8.45e-05	2.60e-03	2.00e-01	4.84e-01	3.14e-01
 2.77587e+22	0.00e+00	4.63e-29	3.38e-23	1.70e-18	1.40e-14	2.37e-11	1.21e-08	1.80e-06	9.30e-05	2.77e-03	2.06e-01	4.86e-01	3.05e-01
 2.80713e+22	0.00e+00	5.94e-29	4.25e-23	2.09e-18	1.68e-14	2.79e-11	1.39e-08	2.03e-06	1.02e-04	2.94e-03	2.12e-01	4.87e-01	2.98e-01
 2.84776e+22	0.00e+00	8.24e-29	5.75e-23	2.75e-18	2.15e-14	3.45e-11	1.68e-08	2.36e-06	1.14e-04	3.17e-03	2.21e-01	4.88e-01	2.88e-01
 2.88926e+22	0.00e+00	1.16e-28	7.86e-23	3.65e-18	2.77e-14	4.32e-11	2.03e-08	2.78e-06	1.29e-04	3.44e-03	2.30e-01	4.89e-01	2.78e-01
 2.92196e+22	0.00e+00	1.51e-28	1.01e-22	4.59e-18	3.40e-14	5.16e-11	2.38e-08	3.16e-06	1.43e-04	3.67e-03	2.38e-01	4.89e-01	2.69e-01
 2.95009e+22	0.00e+00	1.87e-28	1.23e-22	5.49e-18	3.99e-14	5.94e-11	2.69e-08	3.50e-06	1.54e-04	3.85e-03	2.44e-01	4.89e-01	2.63e-01
 2.98218e+22	0.00e+00	2.40e-28	1.55e-22	6.77e-18	4.82e-14	7.00e-11	3.10e-08	3.94e-06	1.69e-04	4.09e-03	2.51e-01	4.89e-01	2.56e-01
 3.02390e+22	0.00e+00	3.29e-28	2.07e-22	8.85e-18	6.13e-14	8.65e-11	3.73e-08	4.59e-06	1.90e-04	4.41e-03	2.60e-01	4.89e-01	2.46e-01
 3.06723e+22	0.00e+00	4.57e-28	2.82e-22	1.17e-17	7.89e-14	1.08e-10	4.52e-08	5.40e-06	2.15e-04	4.77e-03	2.70e-01	4.88e-01	2.36e-01
 3.10280e+22	0.00e+00	5.96e-28	3.62e-22	1.47e-17	9.69e-14	1.29e-10	5.29e-08	6.15e-06	2.37e-04	5.09e-03	2.79e-01	4.87e-01	2.29e-01
 3.13919e+22	0.00e+00	7.74e-28	4.62e-22	1.84e-17	1.19e-13	1.54e-10	6.17e-08	6.99e-06	2.61e-04	5.42e-03	2.87e-01	4.86e-01	2.21e-01
 3.18649e+22	0.00e+00	1.08e-27	6.32e-22	2.46e-17	1.54e-13	1.94e-10	7.53e-08	8.25e-06	2.96e-04	5.87e-03	2.98e-01	4.84e-01	2.11e-01
 3.23437e+22	0.00e+00	1.52e-27	8.69e-22	3.30e-17	2.01e-13	2.45e-10	9.23e-08	9.77e-06	3.37e-04	6.37e-03	3.10e-01	4.82e-01	2.02e-01
 3.27227e+22	0.00e+00	1.97e-27	1.11e-21	4.14e-17	2.47e-13	2.93e-10	1.08e-07	1.11e-05	3.73e-04	6.79e-03	3.19e-01	4.80e-01	1.94e-01
 3.31080e+22	0.00e+00	2.54e-27	1.41e-21	5.17e-17	3.02e-13	3.50e-10	1.26e-07	1.27e-05	4.11e-04	7.23e-03	3.28e-01	4.77e-01	1.87e-01
 3.35404e+22	1.32e-32	3.37e-27	1.85e-21	6.63e-17	3.78e-13	4.26e-10	1.50e-07	1.46e-05	4.59e-04	7.75e-03	3.38e-01	4.74e-01	1.79e-01
 3.39428e+22	1.79e-32	4.36e-27	2.37e-21	8.33e-17	4.65e-13	5.11e-10	1.76e-07	1.67e-05	5.07e-04	8.25e-03	3.48e-01	4.71e-01	1.72e-01
 3.43076e+22	2.36e-32	5.49e-27	2.95e-21	1.02e-16	5.61e-13	6.02e-10	2.03e-07	1.88e-05	5.56e-04	8.74e-03	3.56e-01	4.68e-01	1.66e-01
 3.47145e+22	3.13e-32	6.98e-27	3.71e-21	1.26e-16	6.80e-13	7.13e-10	2.35e-07	2.12e-05	6.10e-04	9.27e-03	3.66e-01	4.65e-01	1.60e-01
 3.52435e+22	4.50e-32	9.48e-27	4.97e-21	1.66e-16	8.73e-13	8.88e-10	2.84e-07	2.49e-05	6.89e-04	1.00e-02	3.78e-01	4.60e-01	1.51e-01
 3.57751e+22	6.49e-32	1.29e-26	6.68e-21	2.19e-16	1.12e-12	1.11e-09	3.44e-07	2.92e-05	7.79e-04	1.08e-02	3.90e-01	4.55e-01	1.44e-01
 3.61880e+22	8.54e-32	1.62e-26	8.34e-21	2.70e-16	1.36e-12	1.31e-09	3.98e-07	3.29e-05	8.54e-04	1.14e-02	3.99e-01	4.51e-01	1.38e-01
 3.66027e+22	1.11e-31	2.02e-26	1.03e-20	3.29e-16	1.63e-12	1.53e-09	4.57e-07	3.69e-05	9.32e-04	1.21e-02	4.08e-01	4.47e-01	1.32e-01
 3.71419e+22	1.54e-31	2.65e-26	1.34e-20	4.22e-16	2.04e-12	1.87e-09	5.44e-07	4.26e-05	1.04e-03	1.29e-02	4.19e-01	4.41e-01	1.26e-01
 3.77149e+22	2.17e-31	3.54e-26	1.78e-20	5.49e-16	2.60e-12	2.31e-09	6.53e-07	4.97e-05	1.17e-03	1.39e-02	4.32e-01	4.35e-01	1.19e-01
 3.82061e+22	2.90e-31	4.50e-26	2.25e-20	6.85e-16	3.19e-12	2.76e-09	7.63e-07	5.65e-05	1.29e-03	1.48e-02	4.42e-01	4.29e-01	1.13e-01
 3.86520e+22	3.70e-31	5.53e-26	2.74e-20	8.27e-16	3.79e-12	3.21e-09	8.70e-07	6.29e-05	1.40e-03	1.56e-02	4.50e-01	4.24e-01	1.08e-01
 3.91647e+22	4.87e-31	6.94e-26	3.43e-20	1.02e-15	4.60e-12	3.80e-09	1.01e-06	7.10e-05	1.54e-03	1.65e-02	4.60e-01	4.18e-01	1.03e-01
 3.98311e+22	6.84e-31	9.21e-26	4.52e-20	1.33e-15	5.85e-12	4.70e-09	1.21e-06	8.26e-05	1.73e-03	1.77e-02	4.72e-01	4.11e-01	9.70e-02
 4.05244e+22	9.72e-31	1.23e-25	6.02e-20	1.74e-15	7.51e-12	5.84e-09	1.46e-06	9.67e-05	1.95e-03	1.91e-02	4.85e-01	4.03e-01	9.09e-02
 4.10576e+22	1.27e-30	1.54e-25	7.48e-20	2.14e-15	9.08e-12	6.89e-09	1.69e-06	1.09e-04	2.13e-03	2.02e-02	4.95e-01	3.97e-01	8.64e-02
 4.14766e+22	1.54e-30	1.81e-25	8.79e-20	2.49e-15	1.04e-11	7.79e-09	1.87e-06	1.19e-04	2.28e-03	2.10e-02	5.02e-01	3.92e-01	8.32e-02
 4.19422e+22	1.90e-30	2.15e-25	1.04e-19	2.93e-15	1.21e-11	8.88e-09	2.10e-06	1.30e-04	2.45e-03	2.19e-02	5.09e-01	3.87e-01	7.98e-02
 4.25475e+22	2.47e-30	2.68e-25	1.29e-19	3.59e-15	1.46e-11	1.05e-08	2.42e-06	1.47e-04	2.68e-03	2.32e-02	5.18e-01	3.80e-01	7.57e-02
 4.32120e+22	3.29e-30	3.39e-25	1.64e-19	4.50e-15	1.80e-11	1.25e-08	2.82e-06	1.67e-04	2.95e-03	2.46e-02	5.29e-01	3.72e-01	7.14e-02
 4.38111e+22	4.23e-30	4.18e-25	2.01e-19	5.47e-15	2.16e-11	1.47e-08	3.24e-06	1.86e-04	3.21e-03	2.59e-02	5.37e-01	3.66e-01	6.77e-02
 4.43629e+22	5.28e-30	5.02e-25	2.42e-19	6.51e-15	2.53e-11	1.69e-08	3.65e-06	2.06e-04	3.47e-03	2.71e-02	5.45e-01	3.60e-01	6.46e-02
 4.49956e+22	6.72e-30	6.13e-25	2.95e-19	7.87e-15	3.01e-11	1.97e-08	4.16e-06	2.29e-04	3.76e-03	2.85e-02	5.53e-01	3.53e-01	6.13e-02
 4.58181e+22	9.10e-30	7.88e-25	3.79e-19	9.99e-15	3.75e-11	2.38e-08	4.91e-06	2.62e-04	4.17e-03	3.03e-02	5.64e-01	3.44e-01	5.73e-02
 4.66621e+22	1.24e-29	1.02e-24	4.90e-19	1.28e-14	4.70e-11	2.90e-08	5.81e-06	3.01e-04	4.63e-03	3.23e-02	5.74e-01	3.35e-01	5.34e-02
 4.73002e+22	1.56e-29	1.24e-24	5.93e-19	1.53e-14	5.57e-11	3.36e-08	6.60e-06	3.34e-04	5.02e-03	3.39e-02	5.82e-01	3.28e-01	5.06e-02
 4.78030e+22	1.85e-29	1.42e-24	6.83e-19	1.75e-14	6.31e-11	3.74e-08	7.24e-06	3.61e-04	5.31e-03	3.51e-02	5.87e-01	3.23e-01	4.86e-02
 4.83633e+22	2.23e-29	1.66e-24	7.96e-19	2.03e-14	7.20e-11	4.20e-08	7.99e-06	3.91e-04	5.64e-03	3.64e-02	5.93e-01	3.18e-01	4.66e-02
 4.90918e+22	2.80e-29	2.01e-24	9.63e-19	2.43e-14	8.51e-11	4.86e-08	9.05e-06	4.33e-04	6.09e-03	3.81e-02	6.00e-01	3.11e-01	4.41e-02
 4.99042e+22	3.62e-29	2.49e-24	1.19e-18	2.98e-14	1.03e-10	5.72e-08	1.04e-05	4.85e-04	6.64e-03	4.01e-02	6.08e-01	3.04e-01	4.14e-02
 5.06519e+22	4.56e-29	3.02e-24	1.45e-18	3.58e-14	1.21e-10	6.62e-08	1.18e-05	5.37e-04	7.17e-03	4.20e-02	6.15e-01	2.97e-01	3.91e-02
 5.13413e+22	5.58e-29	3.59e-24	1.71e-18	4.21e-14	1.41e-10	7.54e-08	1.32e-05	5.88e-04	7.67e-03	4.37e-02	6.20e-01	2.91e-01	3.72e-02
 5.21285e+22	6.97e-29	4.32e-24	2.06e-18	5.02e-14	1.66e-10	8.68e-08	1.49e-05	6.48e-04	8.25e-03	4.56e-02	6.26e-01	2.84e-01	3.52e-02
 5.31519e+22	9.19e-29	5.46e-24	2.60e-18	6.27e-14	2.03e-10	1.03e-07	1.73e-05	7.31e-04	9.04e-03	4.81e-02	6.34e-01	2.76e-01	3.28e-02
 5.42107e+22	1.23e-28	6.98e-24	3.32e-18	7.90e-14	2.51e-10	1.24e-07	2.02e-05	8.30e-04	9.93e-03	5.08e-02	6.41e-01	2.67e-01	3.04e-02
 5.50733e+22	1.54e-28	8.49e-24	4.03e-18	9.49e-14	2.97e-10	1.44e-07	2.28e-05	9.17e-04	1.07e-02	5.31e-02	6.47e-01	2.60e-01	2.86e-02
 5.59522e+22	1.92e-28	1.02e-23	4.84e-18	1.13e-13	3.48e-10	1.65e-07	2.57e-05	1.01e-03	1.15e-02	5.53e-02	6.52e-01	2.54e-01	2.70e-02
 5.69436e+22	2.44e-28	1.26e-23	5.95e-18	1.37e-13	4.16e-10	1.93e-07	2.93e-05	1.12e-03	1.24e-02	5.79e-02	6.57e-01	2.46e-01	2.53e-02
 5.78800e+22	3.06e-28	1.53e-23	7.22e-18	1.65e-13	4.91e-10	2.23e-07	3.31e-05	1.24e-03	1.33e-02	6.03e-02	6.62e-01	2.40e-01	2.38e-02
 5.87571e+22	3.75e-28	1.82e-23	8.58e-18	1.94e-13	5.70e-10	2.53e-07	3.69e-05	1.35e-03	1.42e-02	6.26e-02	6.65e-01	2.34e-01	2.25e-02
 5.97585e+22	4.68e-28	2.21e-23	1.04e-17	2.32e-13	6.70e-10	2.91e-07	4.14e-05	1.48e-03	1.52e-02	6.50e-02	6.69e-01	2.28e-01	2.12e-02
 6.10604e+22	6.14e-28	2.81e-23	1.31e-17	2.90e-13	8.20e-10	3.47e-07	4.80e-05	1.66e-03	1.66e-02	6.83e-02	6.74e-01	2.20e-01	1.96e-02
 6.24095e+22	8.20e-28	3.63e-23	1.68e-17	3.66e-13	1.02e-09	4.17e-07	5.61e-05	1.88e-03	1.82e-02	7.19e-02	6.78e-01	2.12e-01	1.81e-02
 6.35225e+22	1.03e-27	4.45e-23	2.06e-17	4.42e-13	1.20e-09	4.83e-07	6.34e-05	2.08e-03	1.95e-02	7.48e-02	6.81e-01	2.05e-01	1.70e-02
 6.46716e+22	1.28e-27	5.42e-23	2.49e-17	5.30e-13	1.42e-09	5.56e-07	7.14e-05	2.28e-03	2.09e-02	7.77e-02	6.84e-01	1.99e-01	1.59e-02
 6.61655e+22	1.69e-27	6.96e-23	3.17e-17	6.64e-13	1.74e-09	6.62e-07	8.26e-05	2.56e-03	2.26e-02	8.13e-02	6.87e-01	1.92e-01	1.47e-02
 6.78081e+22	2.28e-27	9.13e-23	4.14e-17	8.51e-13	2.18e-09	8.04e-07	9.71e-05	2.91e-03	2.48e-02	8.55e-02	6.90e-01	1.84e-01	1.34e-02
 6.91945e+22	2.93e-27	1.15e-22	5.17e-17	1.05e-12	2.63e-09	9.46e-07	1.11e-04	3.23e-03	2.68e-02	8.91e-02	6.91e-01	1.77e-01	1.25e-02
 7.03283e+22	3.55e-27	1.38e-22	6.16e-17	1.23e-12	3.04e-09	1.07e-06	1.23e-04	3.51e-03	2.84e-02	9.20e-02	6.92e-01	1.72e-01	1.17e-02
 7.15833e+22	4.34e-27	1.66e-22	7.37e-17	1.46e-12	3.55e-09	1.22e-06	1.38e-04	3.82e-03	3.02e-02	9.51e-02	6.93e-01	1.67e-01	1.10e-02
 7.32147e+22	5.56e-27	2.10e-22	9.24e-17	1.80e-12	4.29e-09	1.44e-06	1.57e-04	4.25e-03	3.26e-02	9.90e-02	6.94e-01	1.60e-01	1.02e-02
 7.49658e+22	7.27e-27	2.73e-22	1.19e-16	2.27e-12	5.27e-09	1.71e-06	1.82e-04	4.76e-03	3.53e-02	1.03e-01	6.94e-01	1.54e-01	9.37e-03
 7.64842e+22	9.05e-27	3.37e-22	1.46e-16	2.76e-12	6.27e-09	1.99e-06	2.06e-04	5.25e-03	3.78e-02	1.07e-01	6.93e-01	1.48e-01	8.69e-03
 7.78531e+22	1.10e-26	4.06e-22	1.74e-16	3.26e-12	7.29e-09	2.27e-06	2.29e-04	5.70e-03	4.00e-02	1.10e-01	6.92e-01	1.43e-01	8.15e-03
 7.94162e+22	1.34e-26	4.96e-22	2.11e-16	3.89e-12	8.56e-09	2.60e-06	2.57e-04	6.23e-03	4.26e-02	1.14e-01	6.91e-01	1.38e-01	7.60e-03
 8.14482e+22	1.72e-26	6.37e-22	2.68e-16	4.86e-12	1.04e-08	3.08e-06	2.95e-04	6.93e-03	4.59e-02	1.18e-01	6.89e-01	1.32e-01	6.98e-03
 8.36166e+22	2.23e-26	8.33e-22	3.47e-16	6.18e-12	1.30e-08	3.71e-06	3.44e-04	7.81e-03	4.99e-02	1.24e-01	6.87e-01	1.26e-01	6.32e-03
 8.54483e+22	2.75e-26	1.04e-21	4.29e-16	7.54e-12	1.55e-08	4.32e-06	3.91e-04	8.62e-03	5.34e-02	1.28e-01	6.84e-01	1.20e-01	5.83e-03
 8.70680e+22	3.29e-26	1.25e-21	5.13e-16	8.91e-12	1.80e-08	4.91e-06	4.33e-04	9.34e-03	5.65e-02	1.31e-01	6.81e-01	1.16e-01	5.45e-03
 8.89260e+22	3.95e-26	1.53e-21	6.21e-16	1.06e-11	2.11e-08	5.62e-06	4.84e-04	1.02e-02	5.99e-02	1.35e-01	6.78e-01	1.12e-01	5.06e-03
 9.13414e+22	4.93e-26	1.94e-21	7.82e-16	1.32e-11	2.56e-08	6.63e-06	5.55e-04	1.13e-02	6.43e-02	1.40e-01	6.73e-01	1.06e-01	4.62e-03
 9.39831e+22	6.30e-26	2.56e-21	1.02e-15	1.68e-11	3.19e-08	7.99e-06	6.46e-04	1.27e-02	6.97e-02	1.46e-01	6.67e-01	1.00e-01	4.16e-03
 9.63196e+22	7.68e-26	3.22e-21	1.27e-15	2.07e-11	3.85e-08	9.38e-06	7.37e-04	1.41e-02	7.47e-02	1.50e-01	6.61e-01	9.53e-02	3.79e-03
 9.84238e+22	9.06e-26	3.90e-21	1.53e-15	2.46e-11	4.49e-08	1.07e-05	8.22e-04	1.53e-02	7.90e-02	1.54e-01	6.56e-01	9.13e-02	3.50e-03
 1.00826e+23	1.08e-25	4.79e-21	1.86e-15	2.96e-11	5.31e-08	1.24e-05	9.24e-04	1.67e-02	8.39e-02	1.59e-01	6.49e-01	8.70e-02	3.21e-03
 1.03461e+23	1.30e-25	6.04e-21	2.32e-15	3.64e-11	6.39e-08	1.45e-05	1.05e-03	1.84e-02	8.96e-02	1.64e-01	6.42e-01	8.25e-02	2.92e-03
 1.05845e+23	1.51e-25	7.33e-21	2.79e-15	4.35e-11	7.51e-08	1.66e-05	1.18e-03	2.01e-02	9.49e-02	1.68e-01	6.35e-01	7.85e-02	2.68e-03
 1.08047e+23	1.73e-25	8.69e-21	3.29e-15	5.07e-11	8.63e-08	1.87e-05	1.29e-03	2.16e-02	9.97e-02	1.72e-01	6.28e-01	7.52e-02	2.48e-03
 1.10567e+23	1.96e-25	1.03e-20	3.88e-15	5.95e-11	9.98e-08	2.12e-05	1.43e-03	2.34e-02	1.05e-01	1.76e-01	6.21e-01	7.16e-02	2.28e-03
 1.13842e+23	2.31e-25	1.29e-20	4.80e-15	7.25e-11	1.19e-07	2.47e-05	1.62e-03	2.56e-02	1.12e-01	1.80e-01	6.11e-01	6.76e-02	2.07e-03
 1.17410e+23	2.74e-25	1.64e-20	6.05e-15	9.03e-11	1.46e-07	2.92e-05	1.86e-03	2.84e-02	1.20e-01	1.85e-01	6.00e-01	6.32e-02	1.84e-03
 1.20518e+23	3.14e-25	2.01e-20	7.36e-15	1.09e-10	1.73e-07	3.38e-05	2.09e-03	3.10e-02	1.27e-01	1.90e-01	5.89e-01	5.96e-02	1.67e-03
 1.23265e+23	3.49e-25	2.35e-20	8.59e-15	1.26e-10	1.98e-07	3.80e-05	2.30e-03	3.33e-02	1.33e-01	1.93e-01	5.80e-01	5.66e-02	1.53e-03
 1.26384e+23	3.87e-25	2.79e-20	1.01e-14	1.47e-10	2.27e-07	4.28e-05	2.53e-03	3.58e-02	1.39e-01	1.97e-01	5.71e-01	5.38e-02	1.40e-03
 1.30439e+23	4.34e-25	3.39e-20	1.22e-14	1.76e-10	2.68e-07	4.93e-05	2.84e-03	3.90e-02	1.47e-01	2.01e-01	5.59e-01	5.05e-02	1.26e-03
 1.35448e+23	4.95e-25	4.29e-20	1.53e-14	2.19e-10	3.26e-07	5.83e-05	3.25e-03	4.31e-02	1.56e-01	2.06e-01	5.44e-01	4.67e-02	1.11e-03
 1.40472e+23	5.63e-25	5.45e-20	1.92e-14	2.74e-10	4.01e-07	6.96e-05	3.74e-03	4.79e-02	1.67e-01	2.10e-01	5.27e-01	4.28e-02	9.63e-04
 1.44603e+23	6.16e-25	6.59e-20	2.30e-14	3.25e-10	4.70e-07	7.97e-05	4.17e-03	5.18e-02	1.76e-01	2.14e-01	5.14e-01	3.99e-02	8.62e-04
 1.48797e+23	6.52e-25	7.62e-20	2.65e-14	3.74e-10	5.36e-07	8.92e-05	4.57e-03	5.54e-02	1.83e-01	2.17e-01	5.02e-01	3.76e-02	7.81e-04
 1.54249e+23	6.96e-25	9.13e-20	3.14e-14	4.41e-10	6.24e-07	1.02e-04	5.06e-03	5.97e-02	1.92e-01	2.20e-01	4.88e-01	3.51e-02	6.99e-04
 1.60538e+23	7.49e-25	1.13e-19	3.83e-14	5.36e-10	7.46e-07	1.18e-04	5.71e-03	6.52e-02	2.02e-01	2.23e-01	4.71e-01	3.22e-02	6.10e-04
 1.66702e+23	8.00e-25	1.38e-19	4.61e-14	6.43e-10	8.84e-07	1.37e-04	6.41e-03	7.08e-02	2.12e-01	2.26e-01	4.54e-01	2.95e-02	5.33e-04
 1.72539e+23	8.39e-25	1.63e-19	5.40e-14	7.50e-10	1.02e-06	1.55e-04	7.05e-03	7.58e-02	2.21e-01	2.28e-01	4.40e-01	2.74e-02	4.76e-04
 1.78992e+23	8.60e-25	1.89e-19	6.20e-14	8.60e-10	1.16e-06	1.72e-04	7.68e-03	8.06e-02	2.29e-01	2.30e-01	4.27e-01	2.56e-02	4.27e-04
 1.86275e+23	8.84e-25	2.24e-19	7.24e-14	1.00e-09	1.34e-06	1.95e-04	8.44e-03	8.61e-02	2.38e-01	2.31e-01	4.12e-01	2.37e-02	3.78e-04
 1.93849e+23	8.99e-25	2.64e-19	8.37e-14	1.16e-09	1.53e-06	2.18e-04	9.22e-03	9.16e-02	2.46e-01	2.32e-01	3.98e-01	2.19e-02	3.37e-04
 2.01726e+23	9.08e-25	3.06e-19	9.57e-14	1.32e-09	1.73e-06	2.42e-04	9.99e-03	9.69e-02	2.54e-01	2.33e-01	3.85e-01	2.04e-02	3.02e-04
 2.09919e+23	9.09e-25	3.52e-19	1.08e-13	1.49e-09	1.93e-06	2.67e-04	1.08e-02	1.02e-01	2.61e-01	2.34e-01	3.73e-01	1.91e-02	2.73e-04
 2.18439e+23	9.02e-25	4.01e-19	1.22e-13	1.67e-09	2.14e-06	2.91e-04	1.15e-02	1.07e-01	2.67e-01	2.34e-01	3.62e-01	1.79e-02	2.48e-04
 2.26918e+23	8.95e-25	4.55e-19	1.36e-13	1.86e-09	2.37e-06	3.17e-04	1.23e-02	1.12e-01	2.74e-01	2.34e-01	3.51e-01	1.68e-02	2.26e-04
 2.34774e+23	8.86e-25	5.07e-19	1.49e-13	2.04e-09	2.58e-06	3.41e-04	1.30e-02	1.16e-01	2.79e-01	2.34e-01	3.41e-01	1.59e-02	2.08e-04
 2.41845e+23	8.78e-25	5.54e-19	1.61e-13	2.19e-09	2.76e-06	3.62e-04	1.36e-02	1.19e-01	2.83e-01	2.34e-01	3.34e-01	1.53e-02	1.95e-04
 2.48209e+23	8.62e-25	5.97e-19	1.72e-13	2.33e-09	2.93e-06	3.80e-04	1.41e-02	1.22e-01	2.87e-01	2.34e-01	3.28e-01	1.47e-02	1.84e-04
 2.53936e+23	8.47e-25	6.33e-19	1.81e-13	2.45e-09	3.06e-06	3.94e-04	1.45e-02	1.24e-01	2.89e-01	2.34e-01	3.23e-01	1.43e-02	1.76e-04
 2.59090e+23	8.32e-25	6.64e-19	1.88e-13	2.55e-09	3.18e-06	4.07e-04	1.48e-02	1.26e-01	2.92e-01	2.34e-01	3.19e-01	1.39e-02	1.70e-04
 2.63730e+23	8.18e-25	6.93e-19	1.95e-13	2.64e-09	3.28e-06	4.18e-04	1.51e-02	1.28e-01	2.94e-01	2.34e-01	3.15e-01	1.36e-02	1.65e-04
 2.67905e+23	8.03e-25	7.12e-19	2.00e-13	2.70e-09	3.35e-06	4.26e-04	1.54e-02	1.29e-01	2.95e-01	2.34e-01	3.13e-01	1.34e-02	1.61e-04
 2.71662e+23	7.88e-25	7.32e-19	2.04e-13	2.76e-09	3.42e-06	4.34e-04	1.56e-02	1.31e-01	2.96e-01	2.34e-01	3.10e-01	1.32e-02	1.57e-04
 2.75044e+23	7.76e-25	7.50e-19	2.09e-13	2.82e-09	3.49e-06	4.41e-04	1.58e-02	1.32e-01	2.97e-01	2.33e-01	3.08e-01	1.30e-02	1.55e-04
 2.78174e+23	7.61e-25	7.62e-19	2.12e-13	2.86e-09	3.53e-06	4.45e-04	1.59e-02	1.32e-01	2.98e-01	2.33e-01	3.07e-01	1.29e-02	1.52e-04
 2.81229e+23	7.42e-25	7.70e-19	2.13e-13	2.88e-09	3.56e-06	4.48e-04	1.60e-02	1.33e-01	2.99e-01	2.33e-01	3.06e-01	1.29e-02	1.51e-04
 2.84283e+23	7.21e-25	7.76e-19	2.15e-13	2.90e-09	3.58e-06	4.51e-04	1.60e-02	1.33e-01	2.99e-01	2.33e-01	3.05e-01	1.28e-02	1.50e-04
 2.87338e+23	7.05e-25	7.82e-19	2.16e-13	2.92e-09	3.60e-06	4.54e-04	1.61e-02	1.34e-01	3.00e-01	2.33e-01	3.04e-01	1.27e-02	1.49e-04
 2.90393e+23	6.88e-25	7.88e-19	2.18e-13	2.94e-09	3.62e-06	4.56e-04	1.62e-02	1.34e-01	3.00e-01	2.33e-01	3.03e-01	1.27e-02	1.48e-04
 2.93448e+23	6.69e-25	7.92e-19	2.18e-13	2.95e-09	3.64e-06	4.58e-04	1.62e-02	1.34e-01	3.00e-01	2.33e-01	3.03e-01	1.26e-02	1.47e-04
 2.96503e+23	6.50e-25	7.94e-19	2.19e-13	2.96e-09	3.65e-06	4.59e-04	1.63e-02	1.34e-01	3.01e-01	2.33e-01	3.02e-01	1.26e-02	1.47e-04
 2.99557e+23	6.32e-25	7.95e-19	2.19e-13	2.96e-09	3.65e-06	4.59e-04	1.63e-02	1.35e-01	3.01e-01	2.33e-01	3.02e-01	1.26e-02	1.46e-04
 3.02612e+23	6.14e-25	7.96e-19	2.19e-13	2.97e-09	3.66e-06	4.60e-04	1.63e-02	1.35e-01	3.01e-01	2.33e-01	3.02e-01	1.25e-02	1.46e-04
 3.04811e+23	6.15e-25	8.14e-19	2.24e-13	3.02e-09	3.71e-06	4.66e-04	1.65e-02	1.36e-01	3.02e-01	2.33e-01	3.00e-01	1.24e-02	1.44e-04
