#depth	C	C+	C+2	C+3	C+4	C+5	C+6	C[1]	C[2]	C[3]	C+[1]	C+[2]	CO
 6.17135e+19	0.00e+00	2.02e-31	2.65e-23	3.24e-16	7.09e-10	2.86e-05	1.00e+00	0.00e+00	0.00e+00	0.00e+00	0.00e+00	0.00e+00	1.01e-99
 1.87609e+20	0.00e+00	3.04e-31	3.66e-23	4.11e-16	8.31e-10	3.10e-05	1.00e+00	0.00e+00	0.00e+00	0.00e+00	0.00e+00	0.00e+00	8.01e-100
 3.18540e+20	0.00e+00	4.56e-31	5.05e-23	5.21e-16	9.75e-10	3.36e-05	1.00e+00	0.00e+00	0.00e+00	0.00e+00	0.00e+00	0.00e+00	8.87e-100
 4.54709e+20	0.00e+00	6.88e-31	6.98e-23	6.62e-16	1.14e-09	3.65e-05	1.00e+00	0.00e+00	0.00e+00	0.00e+00	0.00e+00	0.00e+00	9.80e-100
 5.74412e+20	0.00e+00	9.75e-31	9.20e-23	8.11e-16	1.31e-09	3.92e-05	1.00e+00	0.00e+00	0.00e+00	0.00e+00	0.00e+00	0.00e+00	1.06e-99
 6.66686e+20	0.00e+00	1.27e-30	1.13e-22	9.45e-16	1.45e-09	4.13e-05	1.00e+00	0.00e+00	0.00e+00	0.00e+00	0.00e+00	0.00e+00	1.10e-99
 7.48883e+20	0.00e+00	1.59e-30	1.36e-22	1.08e-15	1.59e-09	4.33e-05	1.00e+00	0.00e+00	0.00e+00	0.00e+00	0.00e+00	0.00e+00	1.13e-99
 8.41358e+20	0.00e+00	2.05e-30	1.65e-22	1.25e-15	1.75e-09	4.56e-05	1.00e+00	0.00e+00	0.00e+00	0.00e+00	0.00e+00	0.00e+00	1.17e-99
 9.61575e+20	0.00e+00	2.83e-30	2.13e-22	1.50e-15	1.98e-09	4.86e-05	1.00e+00	0.00e+00	0.00e+00	0.00e+00	0.00e+00	0.00e+00	1.23e-99
 1.08324e+21	0.00e+00	3.89e-30	2.73e-22	1.80e-15	2.24e-09	5.18e-05	1.00e+00	0.00e+00	0.00e+00	0.00e+00	0.00e+00	0.00e+00	1.28e-99
 1.17841e+21	0.00e+00	4.95e-30	3.30e-22	2.07e-15	2.46e-09	5.44e-05	1.00e+00	0.00e+00	0.00e+00	0.00e+00	0.00e+00	0.00e+00	1.30e-99
 1.27376e+21	0.00e+00	6.28e-30	3.98e-22	2.37e-15	2.70e-09	5.71e-05	1.00e+00	0.00e+00	0.00e+00	0.00e+00	0.00e+00	0.00e+00	1.31e-99
 1.39772e+21	0.00e+00	8.52e-30	5.05e-22	2.82e-15	3.03e-09	6.08e-05	1.00e+00	0.00e+00	0.00e+00	0.00e+00	0.00e+00	0.00e+00	1.35e-99
 1.52616e+21	0.00e+00	1.16e-29	6.42e-22	3.36e-15	3.41e-09	6.47e-05	1.00e+00	0.00e+00	0.00e+00	0.00e+00	0.00e+00	0.00e+00	1.38e-99
 1.63081e+21	0.00e+00	1.48e-29	7.78e-22	3.86e-15	3.75e-09	6.80e-05	1.00e+00	0.00e+00	0.00e+00	0.00e+00	0.00e+00	0.00e+00	1.38e-99
 1.73722e+21	0.00e+00	1.89e-29	9.42e-22	4.43e-15	4.11e-09	7.15e-05	1.00e+00	0.00e+00	0.00e+00	0.00e+00	0.00e+00	0.00e+00	1.37e-99
 1.84878e+21	0.00e+00	2.44e-29	1.15e-21	5.11e-15	4.53e-09	7.53e-05	1.00e+00	0.00e+00	0.00e+00	0.00e+00	0.00e+00	0.00e+00	1.36e-99
 1.94278e+21	0.00e+00	3.00e-29	1.35e-21	5.74e-15	4.90e-09	7.85e-05	1.00e+00	0.00e+00	0.00e+00	0.00e+00	0.00e+00	0.00e+00	1.32e-99
 2.04074e+21	0.00e+00	3.73e-29	1.59e-21	6.47e-15	5.32e-09	8.21e-05	1.00e+00	0.00e+00	0.00e+00	0.00e+00	0.00e+00	0.00e+00	1.27e-99
 2.16809e+21	0.00e+00	4.90e-29	1.97e-21	7.54e-15	5.90e-09	8.68e-05	1.00e+00	0.00e+00	0.00e+00	0.00e+00	0.00e+00	0.00e+00	1.25e-99
 2.29611e+21	0.00e+00	6.43e-29	2.43e-21	8.76e-15	6.53e-09	9.18e-05	1.00e+00	0.00e+00	0.00e+00	0.00e+00	0.00e+00	0.00e+00	1.22e-99
 2.39469e+21	0.00e+00	7.90e-29	2.85e-21	9.81e-15	7.05e-09	9.58e-05	1.00e+00	0.00e+00	0.00e+00	0.00e+00	0.00e+00	0.00e+00	1.15e-99
 2.49253e+21	0.00e+00	9.66e-29	3.33e-21	1.09e-14	7.60e-09	9.98e-05	1.00e+00	0.00e+00	0.00e+00	0.00e+00	0.00e+00	0.00e+00	1.08e-99
 2.61971e+21	0.00e+00	1.25e-28	4.05e-21	1.26e-14	8.36e-09	1.05e-04	1.00e+00	0.00e+00	0.00e+00	0.00e+00	0.00e+00	0.00e+00	1.04e-99
 2.75086e+21	0.00e+00	1.62e-28	4.95e-21	1.45e-14	9.21e-09	1.11e-04	1.00e+00	0.00e+00	0.00e+00	0.00e+00	0.00e+00	0.00e+00	9.94e-100
 2.85841e+21	0.00e+00	2.00e-28	5.81e-21	1.63e-14	9.96e-09	1.16e-04	1.00e+00	0.00e+00	0.00e+00	0.00e+00	0.00e+00	0.00e+00	9.29e-100
 2.94819e+21	0.00e+00	2.38e-28	6.65e-21	1.79e-14	1.06e-08	1.20e-04	1.00e+00	0.00e+00	0.00e+00	0.00e+00	0.00e+00	0.00e+00	8.50e-100
 3.04362e+21	0.00e+00	2.85e-28	7.63e-21	1.97e-14	1.14e-08	1.25e-04	1.00e+00	0.00e+00	0.00e+00	0.00e+00	0.00e+00	0.00e+00	7.76e-100
 3.16769e+21	0.00e+00	3.60e-28	9.11e-21	2.23e-14	1.24e-08	1.31e-04	1.00e+00	0.00e+00	0.00e+00	0.00e+00	0.00e+00	0.00e+00	7.16e-100
 3.29248e+21	0.00e+00	4.53e-28	1.09e-20	2.52e-14	1.35e-08	1.38e-04	1.00e+00	0.00e+00	0.00e+00	0.00e+00	0.00e+00	0.00e+00	6.58e-100
 3.39032e+21	0.00e+00	5.42e-28	1.24e-20	2.77e-14	1.44e-08	1.43e-04	1.00e+00	0.00e+00	0.00e+00	0.00e+00	0.00e+00	0.00e+00	5.90e-100
 3.48963e+21	0.00e+00	6.48e-28	1.42e-20	3.04e-14	1.53e-08	1.48e-04	1.00e+00	0.00e+00	0.00e+00	0.00e+00	0.00e+00	0.00e+00	5.25e-100
 3.61873e+21	0.00e+00	8.15e-28	1.69e-20	3.42e-14	1.66e-08	1.56e-04	1.00e+00	0.00e+00	0.00e+00	0.00e+00	0.00e+00	0.00e+00	4.72e-100
 3.74827e+21	0.00e+00	1.02e-27	2.01e-20	3.85e-14	1.81e-08	1.64e-04	1.00e+00	0.00e+00	0.00e+00	0.00e+00	0.00e+00	0.00e+00	4.22e-100
 3.84937e+21	0.00e+00	1.22e-27	2.29e-20	4.22e-14	1.92e-08	1.70e-04	1.00e+00	0.00e+00	0.00e+00	0.00e+00	0.00e+00	0.00e+00	3.68e-100
 3.95179e+21	0.00e+00	1.45e-27	2.62e-20	4.61e-14	2.05e-08	1.76e-04	1.00e+00	0.00e+00	0.00e+00	0.00e+00	0.00e+00	0.00e+00	3.18e-100
 4.08494e+21	0.00e+00	1.81e-27	3.09e-20	5.17e-14	2.22e-08	1.85e-04	1.00e+00	0.00e+00	0.00e+00	0.00e+00	0.00e+00	0.00e+00	2.78e-100
 4.21343e+21	0.00e+00	2.24e-27	3.63e-20	5.76e-14	2.39e-08	1.93e-04	1.00e+00	0.00e+00	0.00e+00	0.00e+00	0.00e+00	0.00e+00	2.40e-100
 4.30651e+21	0.00e+00	2.61e-27	4.06e-20	6.22e-14	2.53e-08	2.00e-04	1.00e+00	0.00e+00	0.00e+00	0.00e+00	0.00e+00	0.00e+00	2.02e-100
 4.39814e+21	0.00e+00	3.03e-27	4.54e-20	6.69e-14	2.66e-08	2.06e-04	1.00e+00	0.00e+00	0.00e+00	0.00e+00	0.00e+00	0.00e+00	1.68e-100
 4.51726e+21	0.00e+00	3.67e-27	5.23e-20	7.36e-14	2.85e-08	2.15e-04	1.00e+00	0.00e+00	0.00e+00	0.00e+00	0.00e+00	0.00e+00	1.40e-100
 4.64340e+21	0.00e+00	4.47e-27	6.06e-20	8.12e-14	3.05e-08	2.25e-04	1.00e+00	0.00e+00	0.00e+00	0.00e+00	0.00e+00	0.00e+00	1.17e-100
 4.75161e+21	0.00e+00	5.29e-27	6.86e-20	8.82e-14	3.24e-08	2.33e-04	1.00e+00	0.00e+00	0.00e+00	0.00e+00	0.00e+00	0.00e+00	9.62e-101
 4.84773e+21	0.00e+00	6.14e-27	7.65e-20	9.47e-14	3.41e-08	2.41e-04	1.00e+00	0.00e+00	0.00e+00	0.00e+00	0.00e+00	0.00e+00	7.77e-101
 4.95521e+21	0.00e+00	7.22e-27	8.63e-20	1.03e-13	3.60e-08	2.50e-04	1.00e+00	0.00e+00	0.00e+00	0.00e+00	0.00e+00	0.00e+00	6.26e-101
 5.09494e+21	0.00e+00	8.90e-27	1.01e-19	1.13e-13	3.87e-08	2.62e-04	1.00e+00	0.00e+00	0.00e+00	0.00e+00	0.00e+00	0.00e+00	5.08e-101
 5.23415e+21	0.00e+00	1.09e-26	1.17e-19	1.25e-13	4.16e-08	2.74e-04	1.00e+00	0.00e+00	0.00e+00	0.00e+00	0.00e+00	0.00e+00	4.09e-101
 5.34143e+21	0.00e+00	1.28e-26	1.31e-19	1.34e-13	4.39e-08	2.84e-04	1.00e+00	0.00e+00	0.00e+00	0.00e+00	0.00e+00	0.00e+00	3.20e-101
 5.43471e+21	0.00e+00	1.46e-26	1.44e-19	1.43e-13	4.59e-08	2.92e-04	1.00e+00	0.00e+00	0.00e+00	0.00e+00	0.00e+00	0.00e+00	2.47e-101
 5.54104e+21	0.00e+00	1.70e-26	1.61e-19	1.54e-13	4.83e-08	3.02e-04	1.00e+00	0.00e+00	0.00e+00	0.00e+00	0.00e+00	0.00e+00	1.90e-101
 5.67926e+21	0.00e+00	2.06e-26	1.85e-19	1.68e-13	5.16e-08	3.16e-04	1.00e+00	0.00e+00	0.00e+00	0.00e+00	0.00e+00	0.00e+00	1.47e-101
 5.81992e+21	0.00e+00	2.50e-26	2.13e-19	1.83e-13	5.51e-08	3.30e-04	1.00e+00	0.00e+00	0.00e+00	0.00e+00	0.00e+00	0.00e+00	2.52e-94
 5.93248e+21	0.00e+00	2.91e-26	2.38e-19	1.97e-13	5.80e-08	3.42e-04	1.00e+00	0.00e+00	0.00e+00	0.00e+00	0.00e+00	0.00e+00	4.29e-94
 6.04754e+21	0.00e+00	3.40e-26	2.66e-19	2.11e-13	6.11e-08	3.54e-04	1.00e+00	0.00e+00	0.00e+00	0.00e+00	0.00e+00	0.00e+00	7.04e-94
 6.19713e+21	0.00e+00	4.13e-26	3.06e-19	2.30e-13	6.52e-08	3.71e-04	1.00e+00	0.00e+00	0.00e+00	0.00e+00	0.00e+00	0.00e+00	7.91e-94
 6.34477e+21	0.00e+00	5.01e-26	3.51e-19	2.50e-13	6.95e-08	3.88e-04	1.00e+00	0.00e+00	0.00e+00	0.00e+00	0.00e+00	0.00e+00	1.91e-93
 6.45655e+21	0.00e+00	5.78e-26	3.88e-19	2.66e-13	7.29e-08	4.01e-04	1.00e+00	0.00e+00	0.00e+00	0.00e+00	0.00e+00	0.00e+00	4.00e-93
 6.56852e+21	0.00e+00	6.65e-26	4.29e-19	2.83e-13	7.63e-08	4.14e-04	1.00e+00	0.00e+00	0.00e+00	0.00e+00	0.00e+00	0.00e+00	6.37e-93
 6.71407e+21	0.00e+00	7.95e-26	4.87e-19	3.05e-13	8.10e-08	4.32e-04	1.00e+00	0.00e+00	0.00e+00	0.00e+00	0.00e+00	0.00e+00	6.66e-93
 6.86612e+21	0.00e+00	9.57e-26	5.55e-19	3.31e-13	8.61e-08	4.52e-04	1.00e+00	0.00e+00	0.00e+00	0.00e+00	0.00e+00	0.00e+00	1.82e-92
 6.99354e+21	0.00e+00	1.12e-25	6.19e-19	3.53e-13	9.06e-08	4.68e-04	1.00e+00	0.00e+00	0.00e+00	0.00e+00	0.00e+00	0.00e+00	2.63e-92
 7.12609e+21	0.00e+00	1.30e-25	6.90e-19	3.76e-13	9.53e-08	4.86e-04	1.00e+00	0.00e+00	0.00e+00	0.00e+00	0.00e+00	0.00e+00	5.56e-92
 7.27309e+21	0.00e+00	1.54e-25	7.78e-19	4.04e-13	1.01e-07	5.06e-04	9.99e-01	0.00e+00	0.00e+00	0.00e+00	0.00e+00	0.00e+00	9.18e-92
 7.40883e+21	0.00e+00	1.80e-25	8.67e-19	4.30e-13	1.06e-07	5.26e-04	9.99e-01	0.00e+00	0.00e+00	0.00e+00	0.00e+00	0.00e+00	1.40e-91
 7.53591e+21	0.00e+00	2.08e-25	9.58e-19	4.56e-13	1.11e-07	5.45e-04	9.99e-01	0.00e+00	0.00e+00	0.00e+00	0.00e+00	0.00e+00	2.17e-91
 7.68179e+21	0.00e+00	2.44e-25	1.07e-18	4.87e-13	1.17e-07	5.66e-04	9.99e-01	0.00e+00	0.00e+00	0.00e+00	0.00e+00	0.00e+00	4.17e-91
 7.84200e+21	0.00e+00	2.90e-25	1.21e-18	5.22e-13	1.24e-07	5.90e-04	9.99e-01	0.00e+00	0.00e+00	0.00e+00	0.00e+00	0.00e+00	7.82e-91
 7.98611e+21	1.66e-33	3.37e-25	1.34e-18	5.56e-13	1.30e-07	6.12e-04	9.99e-01	0.00e+00	0.00e+00	0.00e+00	0.00e+00	0.00e+00	8.53e-91
 8.11801e+21	1.99e-33	3.88e-25	1.48e-18	5.87e-13	1.36e-07	6.34e-04	9.99e-01	0.00e+00	0.00e+00	0.00e+00	0.00e+00	0.00e+00	9.47e-91
 8.26879e+21	2.42e-33	4.51e-25	1.65e-18	6.25e-13	1.43e-07	6.58e-04	9.99e-01	0.00e+00	0.00e+00	0.00e+00	0.00e+00	0.00e+00	2.60e-90
 8.43831e+21	3.02e-33	5.35e-25	1.85e-18	6.70e-13	1.52e-07	6.86e-04	9.99e-01	0.00e+00	0.00e+00	0.00e+00	0.00e+00	0.00e+00	4.83e-90
 8.59321e+21	3.69e-33	6.24e-25	2.06e-18	7.12e-13	1.60e-07	7.12e-04	9.99e-01	0.00e+00	0.00e+00	0.00e+00	0.00e+00	0.00e+00	7.55e-90
 8.73109e+21	4.39e-33	7.13e-25	2.26e-18	7.52e-13	1.67e-07	7.36e-04	9.99e-01	0.00e+00	0.00e+00	0.00e+00	0.00e+00	0.00e+00	1.43e-89
 8.88585e+21	5.32e-33	8.26e-25	2.51e-18	7.98e-13	1.75e-07	7.63e-04	9.99e-01	0.00e+00	0.00e+00	0.00e+00	0.00e+00	0.00e+00	1.23e-89
 9.08704e+21	6.79e-33	9.96e-25	2.86e-18	8.61e-13	1.87e-07	7.99e-04	9.99e-01	0.00e+00	0.00e+00	0.00e+00	0.00e+00	0.00e+00	2.43e-89
 9.29112e+21	8.66e-33	1.20e-24	3.26e-18	9.29e-13	1.99e-07	8.36e-04	9.99e-01	0.00e+00	0.00e+00	0.00e+00	0.00e+00	0.00e+00	8.08e-89
 9.45464e+21	1.05e-32	1.39e-24	3.62e-18	9.86e-13	2.09e-07	8.67e-04	9.99e-01	0.00e+00	0.00e+00	0.00e+00	0.00e+00	0.00e+00	9.03e-89
 9.62288e+21	1.27e-32	1.61e-24	4.01e-18	1.05e-12	2.20e-07	8.99e-04	9.99e-01	0.00e+00	0.00e+00	0.00e+00	0.00e+00	0.00e+00	2.37e-88
 9.84159e+21	1.62e-32	1.95e-24	4.58e-18	1.13e-12	2.35e-07	9.41e-04	9.99e-01	0.00e+00	0.00e+00	0.00e+00	0.00e+00	0.00e+00	4.01e-88
 1.00590e+22	2.06e-32	2.34e-24	5.22e-18	1.22e-12	2.50e-07	9.85e-04	9.99e-01	0.00e+00	0.00e+00	0.00e+00	0.00e+00	0.00e+00	7.68e-88
 1.02262e+22	2.47e-32	2.70e-24	5.76e-18	1.30e-12	2.63e-07	1.02e-03	9.99e-01	0.00e+00	0.00e+00	0.00e+00	0.00e+00	0.00e+00	1.62e-87
 1.03953e+22	2.95e-32	3.10e-24	6.35e-18	1.37e-12	2.76e-07	1.05e-03	9.99e-01	0.00e+00	0.00e+00	0.00e+00	0.00e+00	0.00e+00	2.80e-87
 1.06151e+22	3.71e-32	3.69e-24	7.20e-18	1.48e-12	2.94e-07	1.10e-03	9.99e-01	0.00e+00	0.00e+00	0.00e+00	0.00e+00	0.00e+00	3.84e-87
 1.08481e+22	4.71e-32	4.44e-24	8.21e-18	1.60e-12	3.14e-07	1.15e-03	9.99e-01	0.00e+00	0.00e+00	0.00e+00	0.00e+00	0.00e+00	8.08e-87
 1.10493e+22	5.76e-32	5.19e-24	9.18e-18	1.71e-12	3.31e-07	1.19e-03	9.99e-01	0.00e+00	0.00e+00	0.00e+00	0.00e+00	0.00e+00	1.43e-86
 1.12340e+22	6.90e-32	5.98e-24	1.02e-17	1.82e-12	3.49e-07	1.23e-03	9.99e-01	0.00e+00	0.00e+00	0.00e+00	0.00e+00	0.00e+00	2.81e-86
 1.14463e+22	8.47e-32	7.01e-24	1.14e-17	1.95e-12	3.69e-07	1.28e-03	9.99e-01	0.00e+00	0.00e+00	0.00e+00	0.00e+00	0.00e+00	3.68e-86
 1.16777e+22	1.06e-31	8.33e-24	1.29e-17	2.10e-12	3.93e-07	1.34e-03	9.99e-01	0.00e+00	0.00e+00	0.00e+00	0.00e+00	0.00e+00	6.61e-86
 1.18859e+22	1.28e-31	9.69e-24	1.43e-17	2.25e-12	4.15e-07	1.38e-03	9.99e-01	0.00e+00	0.00e+00	0.00e+00	0.00e+00	0.00e+00	1.34e-85
 1.21087e+22	1.57e-31	1.14e-23	1.61e-17	2.41e-12	4.40e-07	1.44e-03	9.99e-01	0.00e+00	0.00e+00	0.00e+00	0.00e+00	0.00e+00	2.08e-85
 1.23581e+22	1.97e-31	1.35e-23	1.83e-17	2.61e-12	4.69e-07	1.50e-03	9.99e-01	0.00e+00	0.00e+00	0.00e+00	0.00e+00	0.00e+00	3.58e-85
 1.25922e+22	2.42e-31	1.59e-23	2.05e-17	2.80e-12	4.98e-07	1.56e-03	9.98e-01	0.00e+00	0.00e+00	0.00e+00	0.00e+00	0.00e+00	7.46e-85
 1.28128e+22	2.94e-31	1.85e-23	2.29e-17	3.00e-12	5.27e-07	1.61e-03	9.98e-01	0.00e+00	0.00e+00	0.00e+00	0.00e+00	0.00e+00	1.42e-84
 1.30660e+22	3.65e-31	2.20e-23	2.59e-17	3.24e-12	5.61e-07	1.68e-03	9.98e-01	0.00e+00	0.00e+00	0.00e+00	0.00e+00	0.00e+00	1.91e-84
 1.33473e+22	4.62e-31	2.65e-23	2.97e-17	3.52e-12	6.01e-07	1.75e-03	9.98e-01	0.00e+00	0.00e+00	0.00e+00	0.00e+00	0.00e+00	3.58e-84
 1.36091e+22	5.75e-31	3.14e-23	3.36e-17	3.81e-12	6.41e-07	1.82e-03	9.98e-01	0.00e+00	0.00e+00	0.00e+00	0.00e+00	0.00e+00	7.65e-84
 1.38934e+22	7.24e-31	3.77e-23	3.84e-17	4.14e-12	6.86e-07	1.90e-03	9.98e-01	0.00e+00	0.00e+00	0.00e+00	0.00e+00	0.00e+00	1.20e-83
 1.41922e+22	9.21e-31	4.55e-23	4.41e-17	4.52e-12	7.37e-07	1.98e-03	9.98e-01	0.00e+00	0.00e+00	0.00e+00	0.00e+00	0.00e+00	2.53e-83
 1.44457e+22	1.13e-30	5.33e-23	4.95e-17	4.86e-12	7.82e-07	2.06e-03	9.98e-01	0.00e+00	0.00e+00	0.00e+00	0.00e+00	0.00e+00	4.70e-83
 1.47111e+22	1.38e-30	6.27e-23	5.57e-17	5.24e-12	8.32e-07	2.13e-03	9.98e-01	0.00e+00	0.00e+00	0.00e+00	0.00e+00	0.00e+00	7.30e-83
 1.50562e+22	1.80e-30	7.71e-23	6.48e-17	5.78e-12	9.00e-07	2.24e-03	9.98e-01	0.00e+00	0.00e+00	0.00e+00	0.00e+00	0.00e+00	9.81e-83
 1.54082e+22	2.35e-30	9.52e-23	7.57e-17	6.38e-12	9.75e-07	2.35e-03	9.98e-01	0.00e+00	0.00e+00	0.00e+00	0.00e+00	0.00e+00	2.07e-82
 1.56893e+22	2.89e-30	1.12e-22	8.55e-17	6.89e-12	1.04e-06	2.44e-03	9.98e-01	0.00e+00	0.00e+00	0.00e+00	0.00e+00	0.00e+00	6.17e-82
 1.59745e+22	3.56e-30	1.32e-22	9.65e-17	7.45e-12	1.11e-06	2.53e-03	9.97e-01	0.00e+00	0.00e+00	0.00e+00	0.00e+00	0.00e+00	1.14e-81
 1.63453e+22	4.64e-30	1.63e-22	1.13e-16	8.23e-12	1.20e-06	2.65e-03	9.97e-01	0.00e+00	0.00e+00	0.00e+00	0.00e+00	0.00e+00	1.28e-81
 1.67298e+22	6.10e-30	2.03e-22	1.32e-16	9.13e-12	1.30e-06	2.78e-03	9.97e-01	0.00e+00	0.00e+00	0.00e+00	0.00e+00	0.00e+00	2.62e-81
 1.70229e+22	7.50e-30	2.39e-22	1.49e-16	9.87e-12	1.39e-06	2.88e-03	9.97e-01	0.00e+00	0.00e+00	0.00e+00	0.00e+00	0.00e+00	5.42e-81
 1.72522e+22	8.77e-30	2.71e-22	1.64e-16	1.05e-11	1.46e-06	2.96e-03	9.97e-01	0.00e+00	0.00e+00	0.00e+00	0.00e+00	0.00e+00	1.54e-80
 1.75079e+22	1.05e-29	3.12e-22	1.82e-16	1.12e-11	1.54e-06	3.06e-03	9.97e-01	0.00e+00	0.00e+00	0.00e+00	0.00e+00	0.00e+00	2.41e-80
 1.78403e+22	1.30e-29	3.71e-22	2.07e-16	1.22e-11	1.65e-06	3.18e-03	9.97e-01	0.00e+00	0.00e+00	0.00e+00	0.00e+00	0.00e+00	1.14e-80
 1.82026e+22	1.67e-29	4.52e-22	2.39e-16	1.34e-11	1.78e-06	3.32e-03	9.97e-01	0.00e+00	0.00e+00	0.00e+00	0.00e+00	0.00e+00	1.55e-79
 1.85183e+22	2.06e-29	5.34e-22	2.71e-16	1.45e-11	1.89e-06	3.44e-03	9.97e-01	0.00e+00	0.00e+00	0.00e+00	0.00e+00	0.00e+00	2.69e-79
 1.88005e+22	2.48e-29	6.20e-22	3.02e-16	1.56e-11	2.01e-06	3.55e-03	9.96e-01	0.00e+00	0.00e+00	0.00e+00	0.00e+00	0.00e+00	4.38e-79
 1.90751e+22	2.97e-29	7.14e-22	3.36e-16	1.67e-11	2.12e-06	3.66e-03	9.96e-01	0.00e+00	0.00e+00	0.00e+00	0.00e+00	0.00e+00	6.99e-79
 1.93830e+22	3.60e-29	8.34e-22	3.78e-16	1.81e-11	2.25e-06	3.79e-03	9.96e-01	0.00e+00	0.00e+00	0.00e+00	0.00e+00	0.00e+00	1.16e-78
 1.97202e+22	4.49e-29	9.94e-22	4.30e-16	1.97e-11	2.41e-06	3.94e-03	9.96e-01	0.00e+00	0.00e+00	0.00e+00	0.00e+00	0.00e+00	2.06e-78
 2.00179e+22	5.44e-29	1.16e-21	4.82e-16	2.12e-11	2.56e-06	4.07e-03	9.96e-01	0.00e+00	0.00e+00	0.00e+00	0.00e+00	0.00e+00	3.38e-78
 2.02851e+22	6.44e-29	1.32e-21	5.33e-16	2.26e-11	2.69e-06	4.18e-03	9.96e-01	0.00e+00	0.00e+00	0.00e+00	0.00e+00	0.00e+00	5.25e-78
 2.05899e+22	7.78e-29	1.54e-21	5.97e-16	2.44e-11	2.86e-06	4.32e-03	9.96e-01	0.00e+00	0.00e+00	0.00e+00	0.00e+00	0.00e+00	8.59e-78
 2.09092e+22	9.51e-29	1.81e-21	6.73e-16	2.64e-11	3.04e-06	4.47e-03	9.96e-01	0.00e+00	0.00e+00	0.00e+00	0.00e+00	0.00e+00	1.44e-77
 2.11763e+22	1.12e-28	2.07e-21	7.44e-16	2.82e-11	3.20e-06	4.60e-03	9.95e-01	0.00e+00	0.00e+00	0.00e+00	0.00e+00	0.00e+00	2.22e-77
 2.14524e+22	1.33e-28	2.37e-21	8.24e-16	3.02e-11	3.38e-06	4.73e-03	9.95e-01	0.00e+00	0.00e+00	0.00e+00	0.00e+00	0.00e+00	3.45e-77
 2.18112e+22	1.66e-28	2.82e-21	9.39e-16	3.29e-11	3.61e-06	4.91e-03	9.95e-01	0.00e+00	0.00e+00	0.00e+00	0.00e+00	0.00e+00	6.01e-77
 2.21728e+22	2.07e-28	3.37e-21	1.07e-15	3.60e-11	3.87e-06	5.09e-03	9.95e-01	0.00e+00	0.00e+00	0.00e+00	0.00e+00	0.00e+00	1.07e-76
 2.24536e+22	2.46e-28	3.88e-21	1.19e-15	3.85e-11	4.09e-06	5.24e-03	9.95e-01	0.00e+00	0.00e+00	0.00e+00	0.00e+00	0.00e+00	1.66e-76
 2.27345e+22	2.91e-28	4.44e-21	1.32e-15	4.12e-11	4.31e-06	5.39e-03	9.95e-01	0.00e+00	0.00e+00	0.00e+00	0.00e+00	0.00e+00	2.55e-76
 2.30997e+22	3.63e-28	5.29e-21	1.51e-15	4.50e-11	4.61e-06	5.59e-03	9.94e-01	0.00e+00	0.00e+00	0.00e+00	0.00e+00	0.00e+00	4.46e-76
 2.34579e+22	4.52e-28	6.32e-21	1.72e-15	4.92e-11	4.93e-06	5.79e-03	9.94e-01	0.00e+00	0.00e+00	0.00e+00	0.00e+00	0.00e+00	7.78e-76
 2.37232e+22	5.31e-28	7.19e-21	1.90e-15	5.26e-11	5.18e-06	5.95e-03	9.94e-01	0.00e+00	0.00e+00	0.00e+00	0.00e+00	0.00e+00	1.17e-75
 2.39843e+22	6.21e-28	8.16e-21	2.09e-15	5.60e-11	5.44e-06	6.10e-03	9.94e-01	0.00e+00	0.00e+00	0.00e+00	0.00e+00	0.00e+00	1.74e-75
 2.43237e+22	7.59e-28	9.59e-21	2.36e-15	6.08e-11	5.79e-06	6.30e-03	9.94e-01	0.00e+00	0.00e+00	0.00e+00	0.00e+00	0.00e+00	2.88e-75
 2.46826e+22	9.44e-28	1.14e-20	2.70e-15	6.65e-11	6.19e-06	6.53e-03	9.93e-01	0.00e+00	0.00e+00	0.00e+00	0.00e+00	0.00e+00	4.98e-75
 2.49864e+22	1.13e-27	1.33e-20	3.02e-15	7.17e-11	6.55e-06	6.72e-03	9.93e-01	0.00e+00	0.00e+00	0.00e+00	0.00e+00	0.00e+00	7.88e-75
 2.53007e+22	1.37e-27	1.54e-20	3.38e-15	7.75e-11	6.94e-06	6.92e-03	9.93e-01	0.00e+00	0.00e+00	0.00e+00	0.00e+00	0.00e+00	1.25e-74
 2.57093e+22	1.74e-27	1.88e-20	3.93e-15	8.57e-11	7.47e-06	7.19e-03	9.93e-01	0.00e+00	0.00e+00	0.00e+00	0.00e+00	0.00e+00	2.29e-74
 2.61171e+22	2.23e-27	2.29e-20	4.58e-15	9.50e-11	8.06e-06	7.48e-03	9.93e-01	0.00e+00	0.00e+00	0.00e+00	0.00e+00	0.00e+00	4.24e-74
 2.64176e+22	2.68e-27	2.66e-20	5.12e-15	1.03e-10	8.52e-06	7.70e-03	9.92e-01	0.00e+00	0.00e+00	0.00e+00	0.00e+00	0.00e+00	6.64e-74
 2.67018e+22	3.17e-27	3.05e-20	5.69e-15	1.10e-10	8.97e-06	7.90e-03	9.92e-01	0.00e+00	0.00e+00	0.00e+00	0.00e+00	0.00e+00	1.01e-73
 2.70713e+22	3.96e-27	3.65e-20	6.52e-15	1.21e-10	9.59e-06	8.18e-03	9.92e-01	0.00e+00	0.00e+00	0.00e+00	0.00e+00	0.00e+00	1.73e-73
 2.74515e+22	4.99e-27	4.41e-20	7.54e-15	1.33e-10	1.03e-05	8.48e-03	9.92e-01	0.00e+00	0.00e+00	0.00e+00	0.00e+00	0.00e+00	3.05e-73
 2.77587e+22	6.05e-27	5.15e-20	8.50e-15	1.45e-10	1.09e-05	8.73e-03	9.91e-01	0.00e+00	0.00e+00	0.00e+00	0.00e+00	0.00e+00	4.87e-73
 2.80713e+22	7.26e-27	5.98e-20	9.52e-15	1.56e-10	1.15e-05	8.98e-03	9.91e-01	0.00e+00	0.00e+00	0.00e+00	0.00e+00	0.00e+00	7.57e-73
 2.84776e+22	9.26e-27	7.28e-20	1.11e-14	1.74e-10	1.24e-05	9.31e-03	9.91e-01	0.00e+00	0.00e+00	0.00e+00	0.00e+00	0.00e+00	1.36e-72
 2.88926e+22	1.19e-26	8.97e-20	1.30e-14	1.94e-10	1.34e-05	9.68e-03	9.90e-01	0.00e+00	0.00e+00	0.00e+00	0.00e+00	0.00e+00	2.52e-72
 2.92196e+22	1.47e-26	1.06e-19	1.48e-14	2.12e-10	1.42e-05	9.99e-03	9.90e-01	0.00e+00	0.00e+00	0.00e+00	0.00e+00	0.00e+00	4.15e-72
 2.95009e+22	1.73e-26	1.22e-19	1.64e-14	2.28e-10	1.50e-05	1.02e-02	9.90e-01	0.00e+00	0.00e+00	0.00e+00	0.00e+00	0.00e+00	6.14e-72
 2.98218e+22	2.10e-26	1.42e-19	1.86e-14	2.48e-10	1.59e-05	1.05e-02	9.89e-01	0.00e+00	0.00e+00	0.00e+00	0.00e+00	0.00e+00	9.74e-72
 3.02390e+22	2.70e-26	1.75e-19	2.18e-14	2.76e-10	1.71e-05	1.09e-02	9.89e-01	0.00e+00	0.00e+00	0.00e+00	0.00e+00	0.00e+00	1.77e-71
 3.06723e+22	3.52e-26	2.18e-19	2.58e-14	3.11e-10	1.85e-05	1.14e-02	9.89e-01	0.00e+00	0.00e+00	0.00e+00	0.00e+00	0.00e+00	3.32e-71
 3.10280e+22	4.38e-26	2.60e-19	2.96e-14	3.42e-10	1.97e-05	1.17e-02	9.88e-01	0.00e+00	0.00e+00	0.00e+00	0.00e+00	0.00e+00	5.56e-71
 3.13919e+22	5.44e-26	3.11e-19	3.40e-14	3.76e-10	2.11e-05	1.21e-02	9.88e-01	0.00e+00	0.00e+00	0.00e+00	0.00e+00	0.00e+00	9.25e-71
 3.18649e+22	7.20e-26	3.91e-19	4.06e-14	4.26e-10	2.29e-05	1.26e-02	9.87e-01	0.00e+00	0.00e+00	0.00e+00	0.00e+00	0.00e+00	1.79e-70
 3.23437e+22	9.62e-26	4.97e-19	4.89e-14	4.85e-10	2.49e-05	1.32e-02	9.87e-01	0.00e+00	0.00e+00	0.00e+00	0.00e+00	0.00e+00	3.52e-70
 3.27227e+22	1.21e-25	6.00e-19	5.66e-14	5.37e-10	2.67e-05	1.36e-02	9.86e-01	0.00e+00	0.00e+00	0.00e+00	0.00e+00	0.00e+00	6.00e-70
 3.31080e+22	1.51e-25	7.21e-19	6.53e-14	5.94e-10	2.85e-05	1.41e-02	9.86e-01	0.00e+00	0.00e+00	0.00e+00	0.00e+00	0.00e+00	1.01e-69
 3.35404e+22	1.94e-25	8.88e-19	7.69e-14	6.65e-10	3.07e-05	1.46e-02	9.85e-01	0.00e+00	0.00e+00	0.00e+00	0.00e+00	0.00e+00	1.81e-69
 3.39428e+22	2.45e-25	1.08e-18	8.94e-14	7.39e-10	3.29e-05	1.51e-02	9.85e-01	0.00e+00	0.00e+00	0.00e+00	0.00e+00	0.00e+00	3.11e-69
 3.43076e+22	3.03e-25	1.28e-18	1.03e-13	8.14e-10	3.51e-05	1.56e-02	9.84e-01	0.00e+00	0.00e+00	0.00e+00	0.00e+00	0.00e+00	5.08e-69
 3.47145e+22	3.77e-25	1.54e-18	1.18e-13	8.99e-10	3.75e-05	1.61e-02	9.84e-01	0.00e+00	0.00e+00	0.00e+00	0.00e+00	0.00e+00	8.42e-69
 3.52435e+22	5.01e-25	1.95e-18	1.42e-13	1.02e-09	4.08e-05	1.68e-02	9.83e-01	0.00e+00	0.00e+00	0.00e+00	0.00e+00	0.00e+00	1.63e-68
 3.57751e+22	6.69e-25	2.48e-18	1.72e-13	1.17e-09	4.45e-05	1.75e-02	9.82e-01	0.00e+00	0.00e+00	0.00e+00	0.00e+00	0.00e+00	3.18e-68
 3.61880e+22	8.33e-25	2.98e-18	1.99e-13	1.30e-09	4.76e-05	1.81e-02	9.82e-01	0.00e+00	0.00e+00	0.00e+00	0.00e+00	0.00e+00	5.27e-68
 3.66027e+22	1.03e-24	3.55e-18	2.28e-13	1.43e-09	5.07e-05	1.87e-02	9.81e-01	0.00e+00	0.00e+00	0.00e+00	0.00e+00	0.00e+00	8.53e-68
 3.71419e+22	1.34e-24	4.44e-18	2.71e-13	1.62e-09	5.49e-05	1.95e-02	9.80e-01	0.00e+00	0.00e+00	0.00e+00	0.00e+00	0.00e+00	1.57e-67
 3.77149e+22	1.77e-24	5.63e-18	3.27e-13	1.84e-09	5.99e-05	2.03e-02	9.80e-01	0.00e+00	0.00e+00	0.00e+00	0.00e+00	0.00e+00	3.01e-67
 3.82061e+22	2.26e-24	6.90e-18	3.84e-13	2.07e-09	6.45e-05	2.10e-02	9.79e-01	0.00e+00	0.00e+00	0.00e+00	0.00e+00	0.00e+00	5.25e-67
 3.86520e+22	2.75e-24	8.16e-18	4.39e-13	2.27e-09	6.86e-05	2.17e-02	9.78e-01	0.00e+00	0.00e+00	0.00e+00	0.00e+00	0.00e+00	8.31e-67
 3.91647e+22	3.45e-24	9.89e-18	5.10e-13	2.53e-09	7.35e-05	2.24e-02	9.77e-01	0.00e+00	0.00e+00	0.00e+00	0.00e+00	0.00e+00	1.40e-66
 3.98311e+22	4.58e-24	1.26e-17	6.18e-13	2.90e-09	8.03e-05	2.34e-02	9.76e-01	0.00e+00	0.00e+00	0.00e+00	0.00e+00	0.00e+00	2.70e-66
 4.05244e+22	6.14e-24	1.62e-17	7.54e-13	3.34e-09	8.81e-05	2.45e-02	9.75e-01	0.00e+00	0.00e+00	0.00e+00	0.00e+00	0.00e+00	5.32e-66
 4.10576e+22	7.67e-24	1.96e-17	8.77e-13	3.72e-09	9.46e-05	2.54e-02	9.75e-01	0.00e+00	0.00e+00	0.00e+00	0.00e+00	0.00e+00	8.92e-66
 4.14766e+22	9.03e-24	2.26e-17	9.82e-13	4.03e-09	9.97e-05	2.60e-02	9.74e-01	0.00e+00	0.00e+00	0.00e+00	0.00e+00	0.00e+00	1.31e-65
 4.19422e+22	1.08e-23	2.63e-17	1.11e-12	4.40e-09	1.05e-04	2.68e-02	9.73e-01	0.00e+00	0.00e+00	0.00e+00	0.00e+00	0.00e+00	1.96e-65
 4.25475e+22	1.34e-23	3.19e-17	1.29e-12	4.91e-09	1.13e-04	2.77e-02	9.72e-01	0.00e+00	0.00e+00	0.00e+00	0.00e+00	0.00e+00	3.29e-65
 4.32120e+22	1.71e-23	3.94e-17	1.53e-12	5.54e-09	1.23e-04	2.88e-02	9.71e-01	0.00e+00	0.00e+00	0.00e+00	0.00e+00	0.00e+00	5.78e-65
 4.38111e+22	2.11e-23	4.75e-17	1.77e-12	6.16e-09	1.31e-04	2.98e-02	9.70e-01	0.00e+00	0.00e+00	0.00e+00	4.74e-17	2.82e-20	9.49e-65
 4.43629e+22	2.54e-23	5.60e-17	2.02e-12	6.77e-09	1.40e-04	3.07e-02	9.69e-01	0.00e+00	0.00e+00	0.00e+00	5.60e-17	3.32e-20	1.47e-64
 4.49956e+22	3.12e-23	6.71e-17	2.34e-12	7.51e-09	1.49e-04	3.17e-02	9.68e-01	0.00e+00	0.00e+00	0.00e+00	6.71e-17	3.96e-20	2.37e-64
 4.58181e+22	4.02e-23	8.43e-17	2.80e-12	8.57e-09	1.63e-04	3.31e-02	9.67e-01	0.00e+00	0.00e+00	0.00e+00	8.42e-17	4.95e-20	4.32e-64
 4.66621e+22	5.20e-23	1.07e-16	3.38e-12	9.81e-09	1.78e-04	3.46e-02	9.65e-01	0.00e+00	0.00e+00	0.00e+00	1.06e-16	6.24e-20	7.99e-64
 4.73002e+22	6.31e-23	1.27e-16	3.90e-12	1.09e-08	1.90e-04	3.57e-02	9.64e-01	0.00e+00	0.00e+00	0.00e+00	1.27e-16	7.44e-20	1.27e-63
 4.78030e+22	7.25e-23	1.45e-16	4.33e-12	1.17e-08	2.00e-04	3.66e-02	9.63e-01	0.00e+00	0.00e+00	0.00e+00	1.45e-16	8.46e-20	1.78e-63
 4.83633e+22	8.39e-23	1.66e-16	4.83e-12	1.27e-08	2.10e-04	3.75e-02	9.62e-01	0.00e+00	0.00e+00	0.00e+00	1.66e-16	9.66e-20	2.54e-63
 4.90918e+22	1.01e-22	1.98e-16	5.55e-12	1.41e-08	2.25e-04	3.87e-02	9.61e-01	0.00e+00	0.00e+00	0.00e+00	1.98e-16	1.15e-19	3.99e-63
 4.99042e+22	1.24e-22	2.41e-16	6.51e-12	1.58e-08	2.42e-04	4.02e-02	9.60e-01	0.00e+00	0.00e+00	0.00e+00	2.41e-16	1.39e-19	6.61e-63
 5.06519e+22	1.49e-22	2.88e-16	7.50e-12	1.75e-08	2.59e-04	4.15e-02	9.58e-01	0.00e+00	0.00e+00	0.00e+00	2.88e-16	1.65e-19	1.04e-62
 5.13413e+22	1.74e-22	3.37e-16	8.50e-12	1.92e-08	2.75e-04	4.27e-02	9.57e-01	0.00e+00	0.00e+00	0.00e+00	3.36e-16	1.93e-19	1.54e-62
 5.21285e+22	2.07e-22	3.99e-16	9.75e-12	2.12e-08	2.94e-04	4.41e-02	9.56e-01	0.00e+00	0.00e+00	0.00e+00	3.99e-16	2.27e-19	2.37e-62
 5.31519e+22	2.57e-22	4.94e-16	1.16e-11	2.40e-08	3.19e-04	4.59e-02	9.54e-01	0.00e+00	0.00e+00	0.00e+00	4.94e-16	2.80e-19	4.06e-62
 5.42107e+22	3.18e-22	6.17e-16	1.38e-11	2.74e-08	3.47e-04	4.78e-02	9.52e-01	0.00e+00	0.00e+00	0.00e+00	6.17e-16	3.48e-19	7.07e-62
 5.50733e+22	3.75e-22	7.36e-16	1.59e-11	3.04e-08	3.71e-04	4.94e-02	9.50e-01	0.00e+00	0.00e+00	0.00e+00	7.36e-16	4.13e-19	1.09e-61
 5.59522e+22	4.40e-22	8.70e-16	1.82e-11	3.35e-08	3.96e-04	5.10e-02	9.49e-01	0.00e+00	0.00e+00	0.00e+00	8.70e-16	4.86e-19	1.65e-61
 5.69436e+22	5.22e-22	1.05e-15	2.12e-11	3.74e-08	4.26e-04	5.28e-02	9.47e-01	0.00e+00	0.00e+00	0.00e+00	1.05e-15	5.82e-19	2.61e-61
 5.78800e+22	6.09e-22	1.25e-15	2.44e-11	4.15e-08	4.55e-04	5.45e-02	9.45e-01	0.00e+00	0.00e+00	0.00e+00	1.25e-15	6.90e-19	3.98e-61
 5.87571e+22	6.98e-22	1.46e-15	2.77e-11	4.55e-08	4.83e-04	5.61e-02	9.43e-01	0.00e+00	0.00e+00	0.00e+00	1.46e-15	8.02e-19	5.81e-61
 5.97585e+22	8.06e-22	1.72e-15	3.16e-11	5.01e-08	5.15e-04	5.79e-02	9.42e-01	0.00e+00	0.00e+00	0.00e+00	1.72e-15	9.38e-19	8.65e-61
 6.10604e+22	9.71e-22	2.13e-15	3.75e-11	5.69e-08	5.60e-04	6.02e-02	9.39e-01	0.00e+00	0.00e+00	0.00e+00	2.13e-15	1.15e-18	1.45e-60
 6.24095e+22	1.16e-21	2.66e-15	4.49e-11	6.50e-08	6.10e-04	6.28e-02	9.37e-01	0.00e+00	0.00e+00	0.00e+00	2.66e-15	1.43e-18	2.45e-60
 6.35225e+22	1.34e-21	3.17e-15	5.18e-11	7.21e-08	6.53e-04	6.49e-02	9.34e-01	0.00e+00	0.00e+00	0.00e+00	3.17e-15	1.70e-18	3.72e-60
 6.46716e+22	1.53e-21	3.76e-15	5.94e-11	7.98e-08	6.98e-04	6.70e-02	9.32e-01	0.00e+00	0.00e+00	0.00e+00	3.75e-15	1.99e-18	5.55e-60
 6.61655e+22	1.81e-21	4.62e-15	7.02e-11	9.03e-08	7.56e-04	6.96e-02	9.30e-01	0.00e+00	0.00e+00	0.00e+00	4.62e-15	2.43e-18	9.06e-60
 6.78081e+22	2.16e-21	5.84e-15	8.49e-11	1.04e-07	8.29e-04	7.27e-02	9.26e-01	0.00e+00	0.00e+00	0.00e+00	5.84e-15	3.04e-18	1.57e-59
 6.91945e+22	2.48e-21	7.09e-15	9.93e-11	1.17e-07	8.94e-04	7.54e-02	9.24e-01	0.00e+00	0.00e+00	0.00e+00	7.09e-15	3.67e-18	2.45e-59
 7.03283e+22	2.77e-21	8.24e-15	1.12e-10	1.28e-07	9.48e-04	7.75e-02	9.22e-01	0.00e+00	0.00e+00	0.00e+00	8.24e-15	4.23e-18	3.48e-59
 7.15833e+22	3.10e-21	9.65e-15	1.27e-10	1.40e-07	1.01e-03	7.98e-02	9.19e-01	0.00e+00	0.00e+00	0.00e+00	9.65e-15	4.92e-18	5.01e-59
 7.32147e+22	3.57e-21	1.17e-14	1.49e-10	1.58e-07	1.09e-03	8.28e-02	9.16e-01	0.00e+00	0.00e+00	0.00e+00	1.17e-14	5.91e-18	7.88e-59
 7.49658e+22	4.10e-21	1.44e-14	1.76e-10	1.78e-07	1.18e-03	8.60e-02	9.13e-01	0.00e+00	0.00e+00	0.00e+00	1.44e-14	7.21e-18	1.27e-58
 7.64842e+22	4.64e-21	1.74e-14	2.05e-10	1.99e-07	1.27e-03	8.90e-02	9.10e-01	0.00e+00	0.00e+00	0.00e+00	1.74e-14	8.59e-18	1.94e-58
 7.78531e+22	5.15e-21	2.03e-14	2.32e-10	2.19e-07	1.35e-03	9.16e-02	9.07e-01	0.00e+00	0.00e+00	0.00e+00	2.03e-14	9.95e-18	2.77e-58
 7.94162e+22	5.75e-21	2.40e-14	2.66e-10	2.42e-07	1.44e-03	9.45e-02	9.04e-01	0.00e+00	0.00e+00	0.00e+00	2.39e-14	1.16e-17	4.07e-58
 8.14482e+22	6.56e-21	2.93e-14	3.13e-10	2.73e-07	1.56e-03	9.81e-02	9.00e-01	0.00e+00	0.00e+00	0.00e+00	2.93e-14	1.40e-17	6.50e-58
 8.36166e+22	7.59e-21	3.69e-14	3.77e-10	3.13e-07	1.70e-03	1.02e-01	8.96e-01	0.00e+00	0.00e+00	0.00e+00	3.69e-14	1.74e-17	1.10e-57
 8.54483e+22	8.52e-21	4.46e-14	4.40e-10	3.51e-07	1.83e-03	1.06e-01	8.92e-01	0.00e+00	0.00e+00	0.00e+00	4.45e-14	2.09e-17	1.70e-57
 8.70680e+22	9.36e-21	5.20e-14	4.98e-10	3.85e-07	1.95e-03	1.09e-01	8.89e-01	0.00e+00	0.00e+00	0.00e+00	5.20e-14	2.41e-17	2.43e-57
 8.89260e+22	1.04e-20	6.14e-14	5.70e-10	4.26e-07	2.08e-03	1.12e-01	8.86e-01	0.00e+00	0.00e+00	0.00e+00	6.14e-14	2.81e-17	3.57e-57
 9.13414e+22	1.18e-20	7.54e-14	6.74e-10	4.82e-07	2.25e-03	1.17e-01	8.81e-01	0.00e+00	0.00e+00	0.00e+00	7.54e-14	3.39e-17	5.74e-57
 9.39831e+22	1.34e-20	9.50e-14	8.12e-10	5.54e-07	2.46e-03	1.22e-01	8.76e-01	0.00e+00	0.00e+00	0.00e+00	9.50e-14	4.21e-17	9.82e-57
 9.63196e+22	1.51e-20	1.16e-13	9.58e-10	6.26e-07	2.67e-03	1.26e-01	8.71e-01	0.00e+00	0.00e+00	0.00e+00	1.16e-13	5.09e-17	1.57e-56
 9.84238e+22	1.66e-20	1.38e-13	1.10e-09	6.92e-07	2.85e-03	1.30e-01	8.67e-01	0.00e+00	0.00e+00	0.00e+00	1.38e-13	5.94e-17	2.33e-56
 1.00826e+23	1.85e-20	1.65e-13	1.28e-09	7.74e-07	3.06e-03	1.34e-01	8.63e-01	0.00e+00	0.00e+00	0.00e+00	1.65e-13	7.03e-17	3.58e-56
 1.03461e+23	2.05e-20	2.02e-13	1.50e-09	8.72e-07	3.30e-03	1.39e-01	8.58e-01	0.00e+00	0.00e+00	0.00e+00	2.02e-13	8.43e-17	5.70e-56
 1.05845e+23	2.27e-20	2.42e-13	1.74e-09	9.73e-07	3.55e-03	1.44e-01	8.53e-01	0.00e+00	0.00e+00	0.00e+00	2.42e-13	9.97e-17	8.72e-56
 1.08047e+23	2.46e-20	2.82e-13	1.97e-09	1.07e-06	3.77e-03	1.48e-01	8.49e-01	0.00e+00	0.00e+00	0.00e+00	2.82e-13	1.15e-16	1.26e-55
 1.10567e+23	2.71e-20	3.35e-13	2.27e-09	1.19e-06	4.03e-03	1.52e-01	8.44e-01	0.00e+00	0.00e+00	0.00e+00	3.35e-13	1.34e-16	1.87e-55
 1.13842e+23	2.98e-20	4.07e-13	2.66e-09	1.34e-06	4.35e-03	1.58e-01	8.38e-01	0.00e+00	0.00e+00	0.00e+00	4.07e-13	1.59e-16	2.99e-55
 1.17410e+23	3.34e-20	5.11e-13	3.20e-09	1.53e-06	4.76e-03	1.64e-01	8.31e-01	0.00e+00	0.00e+00	0.00e+00	5.11e-13	1.96e-16	5.14e-55
 1.20518e+23	3.67e-20	6.21e-13	3.76e-09	1.73e-06	5.14e-03	1.70e-01	8.25e-01	0.00e+00	0.00e+00	0.00e+00	6.21e-13	2.34e-16	8.19e-55
 1.23265e+23	3.98e-20	7.32e-13	4.30e-09	1.91e-06	5.48e-03	1.75e-01	8.20e-01	0.00e+00	0.00e+00	0.00e+00	7.32e-13	2.70e-16	1.21e-54
 1.26384e+23	4.27e-20	8.60e-13	4.91e-09	2.11e-06	5.84e-03	1.80e-01	8.15e-01	0.00e+00	0.00e+00	0.00e+00	8.60e-13	3.11e-16	1.77e-54
 1.30439e+23	4.64e-20	1.05e-12	5.76e-09	2.38e-06	6.30e-03	1.86e-01	8.08e-01	0.00e+00	0.00e+00	0.00e+00	1.05e-12	3.68e-16	2.83e-54
 1.35448e+23	5.11e-20	1.32e-12	6.99e-09	2.74e-06	6.91e-03	1.94e-01	8.00e-01	0.00e+00	0.00e+00	0.00e+00	1.32e-12	4.49e-16	4.97e-54
 1.40472e+23	5.68e-20	1.71e-12	8.62e-09	3.21e-06	7.64e-03	2.02e-01	7.90e-01	0.00e+00	0.00e+00	0.00e+00	1.71e-12	5.63e-16	9.12e-54
 1.44603e+23	6.12e-20	2.07e-12	1.01e-08	3.62e-06	8.25e-03	2.09e-01	7.83e-01	0.00e+00	0.00e+00	0.00e+00	2.07e-12	6.68e-16	1.46e-53
 1.48797e+23	6.49e-20	2.46e-12	1.17e-08	4.03e-06	8.82e-03	2.15e-01	7.76e-01	0.00e+00	0.00e+00	0.00e+00	2.46e-12	7.71e-16	2.17e-53
 1.54249e+23	6.79e-20	2.96e-12	1.36e-08	4.52e-06	9.50e-03	2.22e-01	7.69e-01	0.00e+00	0.00e+00	0.00e+00	2.96e-12	8.94e-16	3.38e-53
 1.60538e+23	7.23e-20	3.71e-12	1.64e-08	5.21e-06	1.04e-02	2.31e-01	7.59e-01	0.00e+00	0.00e+00	0.00e+00	3.71e-12	1.08e-15	5.81e-53
 1.66702e+23	7.66e-20	4.62e-12	1.97e-08	5.97e-06	1.13e-02	2.39e-01	7.50e-01	0.00e+00	0.00e+00	0.00e+00	4.62e-12	1.30e-15	9.76e-53
 1.72539e+23	7.96e-20	5.55e-12	2.30e-08	6.70e-06	1.22e-02	2.46e-01	7.41e-01	0.00e+00	0.00e+00	0.00e+00	5.55e-12	1.50e-15	1.51e-52
 1.78992e+23	8.15e-20	6.56e-12	2.65e-08	7.45e-06	1.30e-02	2.53e-01	7.34e-01	0.00e+00	0.00e+00	0.00e+00	6.55e-12	1.70e-15	2.23e-52
 1.86275e+23	8.34e-20	7.90e-12	3.10e-08	8.39e-06	1.41e-02	2.61e-01	7.25e-01	0.00e+00	0.00e+00	0.00e+00	7.90e-12	1.96e-15	3.45e-52
 1.93849e+23	8.44e-20	9.41e-12	3.59e-08	9.39e-06	1.51e-02	2.69e-01	7.16e-01	0.00e+00	0.00e+00	0.00e+00	9.41e-12	2.23e-15	5.19e-52
 2.01726e+23	8.46e-20	1.11e-11	4.12e-08	1.04e-05	1.61e-02	2.76e-01	7.08e-01	0.00e+00	0.00e+00	0.00e+00	1.11e-11	2.49e-15	7.56e-52
 2.09919e+23	8.40e-20	1.28e-11	4.67e-08	1.15e-05	1.71e-02	2.83e-01	7.00e-01	0.00e+00	0.00e+00	0.00e+00	1.28e-11	2.74e-15	1.07e-51
 2.18439e+23	8.25e-20	1.47e-11	5.24e-08	1.25e-05	1.81e-02	2.89e-01	6.93e-01	0.00e+00	0.00e+00	0.00e+00	1.47e-11	2.98e-15	1.46e-51
 2.26918e+23	8.12e-20	1.68e-11	5.87e-08	1.36e-05	1.91e-02	2.95e-01	6.86e-01	0.00e+00	0.00e+00	0.00e+00	1.68e-11	3.23e-15	1.98e-51
 2.34774e+23	7.99e-20	1.88e-11	6.48e-08	1.47e-05	2.00e-02	3.01e-01	6.79e-01	0.00e+00	0.00e+00	0.00e+00	1.88e-11	3.46e-15	2.57e-51
 2.41845e+23	7.83e-20	2.06e-11	6.98e-08	1.56e-05	2.07e-02	3.05e-01	6.74e-01	0.00e+00	0.00e+00	0.00e+00	2.06e-11	3.62e-15	3.15e-51
 2.48209e+23	7.63e-20	2.22e-11	7.44e-08	1.64e-05	2.14e-02	3.09e-01	6.70e-01	0.00e+00	0.00e+00	0.00e+00	2.22e-11	3.76e-15	3.73e-51
 2.53936e+23	7.46e-20	2.36e-11	7.84e-08	1.70e-05	2.19e-02	3.11e-01	6.67e-01	0.00e+00	0.00e+00	0.00e+00	2.36e-11	3.86e-15	4.27e-51
 2.59090e+23	7.28e-20	2.47e-11	8.17e-08	1.76e-05	2.24e-02	3.14e-01	6.64e-01	0.00e+00	0.00e+00	0.00e+00	2.47e-11	3.93e-15	4.77e-51
 2.63730e+23	7.13e-20	2.58e-11	8.48e-08	1.81e-05	2.28e-02	3.16e-01	6.61e-01	0.00e+00	0.00e+00	0.00e+00	2.58e-11	3.99e-15	5.25e-51
 2.67905e+23	6.98e-20	2.66e-11	8.71e-08	1.85e-05	2.31e-02	3.18e-01	6.59e-01	0.00e+00	0.00e+00	0.00e+00	2.66e-11	4.01e-15	5.61e-51
 2.71662e+23	6.84e-20	2.74e-11	8.92e-08	1.88e-05	2.33e-02	3.19e-01	6.58e-01	0.00e+00	0.00e+00	0.00e+00	2.73e-11	4.03e-15	5.95e-51
 2.75044e+23	6.71e-20	2.80e-11	9.10e-08	1.91e-05	2.36e-02	3.20e-01	6.56e-01	0.00e+00	0.00e+00	0.00e+00	2.80e-11	4.04e-15	6.28e-51
 2.78174e+23	6.56e-20	2.85e-11	9.24e-08	1.93e-05	2.37e-02	3.21e-01	6.55e-01	0.00e+00	0.00e+00	0.00e+00	2.85e-11	4.03e-15	6.52e-51
 2.81229e+23	6.39e-20	2.88e-11	9.32e-08	1.95e-05	2.38e-02	3.22e-01	6.55e-01	0.00e+00	0.00e+00	0.00e+00	2.88e-11	4.00e-15	6.67e-51
 2.84283e+23	6.21e-20	2.90e-11	9.39e-08	1.96e-05	2.39e-02	3.22e-01	6.54e-01	0.00e+00	0.00e+00	0.00e+00	2.90e-11	3.95e-15	6.79e-51
 2.87338e+23	6.07e-20	2.93e-11	9.47e-08	1.97e-05	2.40e-02	3.23e-01	6.53e-01	0.00e+00	0.00e+00	0.00e+00	2.93e-11	3.91e-15	6.93e-51
 2.90393e+23	5.93e-20	2.96e-11	9.54e-08	1.98e-05	2.41e-02	3.23e-01	6.53e-01	0.00e+00	0.00e+00	0.00e+00	2.96e-11	3.87e-15	7.06e-51
 2.93448e+23	5.77e-20	2.98e-11	9.60e-08	1.99e-05	2.42e-02	3.23e-01	6.52e-01	0.00e+00	0.00e+00	0.00e+00	2.98e-11	3.82e-15	7.14e-51
 2.96503e+23	5.60e-20	2.99e-11	9.63e-08	2.00e-05	2.43e-02	3.24e-01	6.52e-01	0.00e+00	0.00e+00	0.00e+00	2.99e-11	3.76e-15	7.19e-51
 2.99557e+23	5.45e-20	3.00e-11	9.65e-08	2.00e-05	2.43e-02	3.24e-01	6.52e-01	0.00e+00	0.00e+00	0.00e+00	2.99e-11	3.70e-15	7.22e-51
 3.02612e+23	5.31e-20	3.00e-11	9.68e-08	2.01e-05	2.43e-02	3.24e-01	6.52e-01	0.00e+00	0.00e+00	0.00e+00	3.00e-11	3.64e-15	7.27e-51
 3.04811e+23	5.27e-20	3.05e-11	9.80e-08	2.03e-05	2.45e-02	3.25e-01	6.51e-01	0.00e+00	0.00e+00	0.00e+00	3.05e-11	3.65e-15	7.61e-51
