#depth	Si	Si+	Si+2	Si+3	Si+4	Si+5	Si+6	Si+7	Si+8	Si+9	Si+10	Si+11	Si+12	Si+13	Si+14
 6.17135e+19	0.00e+00	0.00e+00	0.00e+00	0.00e+00	0.00e+00	0.00e+00	1.54e-28	7.21e-24	1.18e-19	8.41e-16	3.95e-12	1.13e-08	6.69e-05	1.54e-02	9.85e-01
 1.87609e+20	0.00e+00	0.00e+00	0.00e+00	0.00e+00	0.00e+00	0.00e+00	2.95e-28	1.27e-23	1.92e-19	1.26e-15	5.46e-12	1.44e-08	7.86e-05	1.67e-02	9.83e-01
 3.18540e+20	0.00e+00	0.00e+00	0.00e+00	0.00e+00	0.00e+00	0.00e+00	5.68e-28	2.26e-23	3.13e-19	1.90e-15	7.56e-12	1.84e-08	9.24e-05	1.81e-02	9.82e-01
 4.54709e+20	0.00e+00	0.00e+00	0.00e+00	0.00e+00	0.00e+00	0.00e+00	1.10e-27	4.01e-23	5.12e-19	2.86e-15	1.05e-11	2.35e-08	1.09e-04	1.96e-02	9.80e-01
 5.74412e+20	0.00e+00	0.00e+00	0.00e+00	0.00e+00	0.00e+00	1.56e-32	1.92e-27	6.55e-23	7.79e-19	4.06e-15	1.38e-11	2.89e-08	1.25e-04	2.10e-02	9.79e-01
 6.66686e+20	0.00e+00	0.00e+00	0.00e+00	0.00e+00	0.00e+00	2.51e-32	2.93e-27	9.47e-23	1.07e-18	5.28e-15	1.71e-11	3.38e-08	1.38e-04	2.21e-02	9.78e-01
 7.48883e+20	0.00e+00	0.00e+00	0.00e+00	0.00e+00	0.00e+00	3.81e-32	4.24e-27	1.31e-22	1.41e-18	6.64e-15	2.05e-11	3.88e-08	1.52e-04	2.31e-02	9.77e-01
 8.41358e+20	0.00e+00	0.00e+00	0.00e+00	0.00e+00	0.00e+00	6.02e-32	6.36e-27	1.86e-22	1.91e-18	8.56e-15	2.50e-11	4.50e-08	1.67e-04	2.43e-02	9.76e-01
 9.61575e+20	0.00e+00	0.00e+00	0.00e+00	0.00e+00	0.00e+00	1.08e-31	1.07e-26	2.93e-22	2.81e-18	1.18e-14	3.23e-11	5.45e-08	1.90e-04	2.59e-02	9.74e-01
 1.08324e+21	0.00e+00	0.00e+00	0.00e+00	0.00e+00	0.00e+00	1.92e-31	1.78e-26	4.58e-22	4.12e-18	1.62e-14	4.16e-11	6.58e-08	2.16e-04	2.75e-02	9.72e-01
 1.17841e+21	0.00e+00	0.00e+00	0.00e+00	0.00e+00	0.00e+00	2.97e-31	2.62e-26	6.43e-22	5.52e-18	2.07e-14	5.05e-11	7.60e-08	2.37e-04	2.88e-02	9.71e-01
 1.27376e+21	0.00e+00	0.00e+00	0.00e+00	0.00e+00	0.00e+00	4.59e-31	3.86e-26	9.00e-22	7.36e-18	2.63e-14	6.11e-11	8.77e-08	2.61e-04	3.02e-02	9.70e-01
 1.39772e+21	0.00e+00	0.00e+00	0.00e+00	0.00e+00	0.00e+00	7.98e-31	6.30e-26	1.38e-21	1.06e-17	3.57e-14	7.79e-11	1.05e-07	2.94e-04	3.20e-02	9.68e-01
 1.52616e+21	0.00e+00	0.00e+00	0.00e+00	0.00e+00	0.00e+00	1.40e-30	1.04e-25	2.14e-21	1.54e-17	4.87e-14	9.96e-11	1.26e-07	3.32e-04	3.40e-02	9.66e-01
 1.63081e+21	0.00e+00	0.00e+00	0.00e+00	0.00e+00	0.00e+00	2.19e-30	1.54e-25	3.02e-21	2.08e-17	6.24e-14	1.21e-10	1.46e-07	3.66e-04	3.57e-02	9.64e-01
 1.73722e+21	0.00e+00	0.00e+00	0.00e+00	0.00e+00	0.00e+00	3.42e-30	2.29e-25	4.27e-21	2.80e-17	7.99e-14	1.47e-10	1.69e-07	4.03e-04	3.74e-02	9.62e-01
 1.84878e+21	0.00e+00	0.00e+00	0.00e+00	0.00e+00	0.00e+00	5.45e-30	3.46e-25	6.12e-21	3.80e-17	1.03e-13	1.81e-10	1.97e-07	4.45e-04	3.93e-02	9.60e-01
 1.94278e+21	0.00e+00	0.00e+00	0.00e+00	0.00e+00	0.00e+00	7.96e-30	4.84e-25	8.22e-21	4.90e-17	1.27e-13	2.13e-10	2.23e-07	4.83e-04	4.09e-02	9.59e-01
 2.04074e+21	0.00e+00	0.00e+00	0.00e+00	0.00e+00	0.00e+00	1.18e-29	6.88e-25	1.12e-20	6.37e-17	1.59e-13	2.54e-10	2.53e-07	5.26e-04	4.26e-02	9.57e-01
 2.16809e+21	0.00e+00	0.00e+00	0.00e+00	0.00e+00	0.00e+00	1.95e-29	1.07e-24	1.65e-20	8.89e-17	2.09e-13	3.16e-10	2.98e-07	5.86e-04	4.49e-02	9.54e-01
 2.29611e+21	0.00e+00	0.00e+00	0.00e+00	0.00e+00	0.00e+00	3.22e-29	1.67e-24	2.42e-20	1.24e-16	2.76e-13	3.93e-10	3.51e-07	6.53e-04	4.73e-02	9.52e-01
 2.39469e+21	0.00e+00	0.00e+00	0.00e+00	0.00e+00	0.00e+00	4.69e-29	2.33e-24	3.25e-20	1.59e-16	3.40e-13	4.64e-10	3.97e-07	7.08e-04	4.93e-02	9.50e-01
 2.49253e+21	0.00e+00	0.00e+00	0.00e+00	0.00e+00	0.00e+00	6.79e-29	3.24e-24	4.32e-20	2.03e-16	4.17e-13	5.45e-10	4.48e-07	7.66e-04	5.12e-02	9.48e-01
 2.61971e+21	0.00e+00	0.00e+00	0.00e+00	0.00e+00	0.00e+00	1.09e-28	4.92e-24	6.23e-20	2.78e-16	5.41e-13	6.70e-10	5.22e-07	8.48e-04	5.38e-02	9.45e-01
 2.75086e+21	0.00e+00	0.00e+00	0.00e+00	0.00e+00	0.00e+00	1.76e-28	7.54e-24	9.05e-20	3.83e-16	7.07e-13	8.27e-10	6.11e-07	9.40e-04	5.65e-02	9.43e-01
 2.85841e+21	0.00e+00	0.00e+00	0.00e+00	0.00e+00	0.00e+00	2.60e-28	1.06e-23	1.22e-19	4.95e-16	8.76e-13	9.80e-10	6.93e-07	1.02e-03	5.88e-02	9.40e-01
 2.94819e+21	0.00e+00	0.00e+00	0.00e+00	0.00e+00	0.00e+00	3.61e-28	1.42e-23	1.58e-19	6.16e-16	1.05e-12	1.13e-09	7.71e-07	1.10e-03	6.09e-02	9.38e-01
 3.04362e+21	0.00e+00	0.00e+00	0.00e+00	0.00e+00	0.00e+00	5.02e-28	1.91e-23	2.04e-19	7.68e-16	1.26e-12	1.31e-09	8.59e-07	1.18e-03	6.30e-02	9.36e-01
 3.16769e+21	0.00e+00	0.00e+00	0.00e+00	0.00e+00	0.00e+00	7.73e-28	2.80e-23	2.84e-19	1.02e-15	1.60e-12	1.58e-09	9.88e-07	1.29e-03	6.58e-02	9.33e-01
 3.29248e+21	0.00e+00	0.00e+00	0.00e+00	0.00e+00	9.39e-33	1.19e-27	4.10e-23	3.97e-19	1.36e-15	2.04e-12	1.91e-09	1.14e-06	1.41e-03	6.88e-02	9.30e-01
 3.39032e+21	0.00e+00	0.00e+00	0.00e+00	0.00e+00	1.36e-32	1.66e-27	5.50e-23	5.13e-19	1.70e-15	2.45e-12	2.20e-09	1.27e-06	1.52e-03	7.12e-02	9.27e-01
 3.48963e+21	0.00e+00	0.00e+00	0.00e+00	0.00e+00	1.97e-32	2.32e-27	7.39e-23	6.65e-19	2.12e-15	2.95e-12	2.55e-09	1.41e-06	1.63e-03	7.36e-02	9.25e-01
 3.61873e+21	0.00e+00	0.00e+00	0.00e+00	0.00e+00	3.18e-32	3.56e-27	1.08e-22	9.27e-19	2.82e-15	3.74e-12	3.08e-09	1.62e-06	1.78e-03	7.69e-02	9.21e-01
 3.74827e+21	0.00e+00	0.00e+00	0.00e+00	0.00e+00	5.12e-32	5.45e-27	1.58e-22	1.29e-18	3.75e-15	4.73e-12	3.71e-09	1.86e-06	1.95e-03	8.03e-02	9.18e-01
 3.84937e+21	0.00e+00	0.00e+00	0.00e+00	0.00e+00	7.39e-32	7.57e-27	2.11e-22	1.67e-18	4.67e-15	5.69e-12	4.28e-09	2.08e-06	2.09e-03	8.30e-02	9.15e-01
 3.95179e+21	0.00e+00	0.00e+00	0.00e+00	0.00e+00	1.07e-31	1.05e-26	2.82e-22	2.15e-18	5.81e-15	6.83e-12	4.94e-09	2.31e-06	2.25e-03	8.58e-02	9.12e-01
 4.08494e+21	0.00e+00	0.00e+00	0.00e+00	0.00e+00	1.70e-31	1.60e-26	4.10e-22	2.98e-18	7.69e-15	8.62e-12	5.94e-09	2.65e-06	2.46e-03	8.95e-02	9.08e-01
 4.21343e+21	0.00e+00	0.00e+00	0.00e+00	0.00e+00	2.67e-31	2.40e-26	5.86e-22	4.07e-18	1.01e-14	1.08e-11	7.09e-09	3.02e-06	2.67e-03	9.32e-02	9.04e-01
 4.30651e+21	0.00e+00	0.00e+00	0.00e+00	0.00e+00	3.68e-31	3.20e-26	7.57e-22	5.09e-18	1.22e-14	1.27e-11	8.05e-09	3.32e-06	2.84e-03	9.59e-02	9.01e-01
 4.39814e+21	0.00e+00	0.00e+00	0.00e+00	0.00e+00	5.04e-31	4.24e-26	9.71e-22	6.33e-18	1.47e-14	1.48e-11	9.10e-09	3.63e-06	3.02e-03	9.86e-02	8.98e-01
 4.51726e+21	0.00e+00	0.00e+00	0.00e+00	0.00e+00	7.54e-31	6.09e-26	1.34e-21	8.38e-18	1.88e-14	1.82e-11	1.07e-08	4.09e-06	3.26e-03	1.02e-01	8.95e-01
 4.64340e+21	0.00e+00	0.00e+00	0.00e+00	0.00e+00	1.15e-30	8.90e-26	1.87e-21	1.13e-17	2.42e-14	2.25e-11	1.26e-08	4.63e-06	3.53e-03	1.06e-01	8.90e-01
 4.75161e+21	0.00e+00	0.00e+00	0.00e+00	0.00e+00	1.65e-30	1.23e-25	2.49e-21	1.45e-17	3.00e-14	2.69e-11	1.45e-08	5.14e-06	3.78e-03	1.10e-01	8.87e-01
 4.84773e+21	0.00e+00	0.00e+00	0.00e+00	0.00e+00	2.27e-30	1.63e-25	3.21e-21	1.80e-17	3.63e-14	3.15e-11	1.65e-08	5.64e-06	4.01e-03	1.13e-01	8.83e-01
 4.95521e+21	0.00e+00	0.00e+00	0.00e+00	0.00e+00	3.20e-30	2.23e-25	4.23e-21	2.30e-17	4.47e-14	3.75e-11	1.89e-08	6.24e-06	4.28e-03	1.16e-01	8.80e-01
 5.09494e+21	0.00e+00	0.00e+00	0.00e+00	0.00e+00	5.01e-30	3.33e-25	6.04e-21	3.14e-17	5.85e-14	4.70e-11	2.25e-08	7.12e-06	4.66e-03	1.21e-01	8.75e-01
 5.23415e+21	0.00e+00	0.00e+00	0.00e+00	0.00e+00	7.80e-30	4.95e-25	8.59e-21	4.27e-17	7.64e-14	5.87e-11	2.68e-08	8.10e-06	5.06e-03	1.25e-01	8.69e-01
 5.34143e+21	0.00e+00	0.00e+00	0.00e+00	0.00e+00	1.09e-29	6.71e-25	1.12e-20	5.40e-17	9.35e-14	6.96e-11	3.06e-08	8.94e-06	5.40e-03	1.29e-01	8.65e-01
 5.43471e+21	0.00e+00	0.00e+00	0.00e+00	0.00e+00	1.46e-29	8.71e-25	1.42e-20	6.62e-17	1.12e-13	8.07e-11	3.44e-08	9.74e-06	5.70e-03	1.33e-01	8.62e-01
 5.54104e+21	0.00e+00	0.00e+00	0.00e+00	0.00e+00	2.02e-29	1.17e-24	1.83e-20	8.30e-17	1.36e-13	9.50e-11	3.91e-08	1.07e-05	6.06e-03	1.36e-01	8.58e-01
 5.67926e+21	0.00e+00	0.00e+00	0.00e+00	0.00e+00	3.08e-29	1.70e-24	2.56e-20	1.11e-16	1.75e-13	1.17e-10	4.61e-08	1.21e-05	6.56e-03	1.41e-01	8.52e-01
 5.81992e+21	0.00e+00	0.00e+00	0.00e+00	0.00e+00	4.69e-29	2.48e-24	3.59e-20	1.50e-16	2.25e-13	1.46e-10	5.46e-08	1.37e-05	7.10e-03	1.46e-01	8.46e-01
 5.93248e+21	0.00e+00	0.00e+00	0.00e+00	0.00e+00	6.56e-29	3.35e-24	4.68e-20	1.89e-16	2.76e-13	1.72e-10	6.23e-08	1.51e-05	7.56e-03	1.51e-01	8.42e-01
 6.04754e+21	0.00e+00	0.00e+00	0.00e+00	0.00e+00	9.18e-29	4.53e-24	6.12e-20	2.39e-16	3.38e-13	2.05e-10	7.12e-08	1.67e-05	8.05e-03	1.55e-01	8.37e-01
 6.19713e+21	0.00e+00	0.00e+00	0.00e+00	0.00e+00	1.41e-28	6.68e-24	8.63e-20	3.23e-16	4.39e-13	2.55e-10	8.45e-08	1.90e-05	8.73e-03	1.61e-01	8.31e-01
 6.34477e+21	0.00e+00	0.00e+00	0.00e+00	0.00e+00	2.16e-28	9.76e-24	1.21e-19	4.35e-16	5.68e-13	3.16e-10	1.00e-07	2.15e-05	9.45e-03	1.67e-01	8.24e-01
 6.45655e+21	0.00e+00	0.00e+00	0.00e+00	0.00e+00	2.95e-28	1.30e-23	1.56e-19	5.42e-16	6.88e-13	3.71e-10	1.13e-07	2.36e-05	1.00e-02	1.71e-01	8.19e-01
 6.56852e+21	0.00e+00	0.00e+00	0.00e+00	0.00e+00	4.03e-28	1.71e-23	1.99e-19	6.74e-16	8.31e-13	4.35e-10	1.28e-07	2.58e-05	1.06e-02	1.75e-01	8.14e-01
 6.71407e+21	0.00e+00	0.00e+00	0.00e+00	0.00e+00	6.00e-28	2.45e-23	2.74e-19	8.92e-16	1.06e-12	5.33e-10	1.50e-07	2.90e-05	1.14e-02	1.81e-01	8.07e-01
 6.86612e+21	0.00e+00	0.00e+00	0.00e+00	0.00e+00	9.05e-28	3.55e-23	3.81e-19	1.19e-15	1.36e-12	6.58e-10	1.77e-07	3.28e-05	1.24e-02	1.87e-01	8.00e-01
 6.99354e+21	0.00e+00	0.00e+00	0.00e+00	0.00e+00	1.27e-27	4.81e-23	4.99e-19	1.51e-15	1.67e-12	7.83e-10	2.03e-07	3.62e-05	1.32e-02	1.93e-01	7.94e-01
 7.12609e+21	0.00e+00	0.00e+00	0.00e+00	0.00e+00	1.80e-27	6.57e-23	6.58e-19	1.93e-15	2.07e-12	9.35e-10	2.33e-07	4.01e-05	1.40e-02	1.98e-01	7.88e-01
 7.27309e+21	0.00e+00	0.00e+00	0.00e+00	0.00e+00	2.62e-27	9.24e-23	8.92e-19	2.52e-15	2.61e-12	1.14e-09	2.72e-07	4.48e-05	1.51e-02	2.04e-01	7.81e-01
 7.40883e+21	0.00e+00	0.00e+00	0.00e+00	1.38e-32	3.71e-27	1.26e-22	1.18e-18	3.21e-15	3.22e-12	1.36e-09	3.12e-07	4.96e-05	1.61e-02	2.10e-01	7.74e-01
 7.53591e+21	0.00e+00	0.00e+00	0.00e+00	1.96e-32	5.12e-27	1.69e-22	1.52e-18	4.04e-15	3.93e-12	1.61e-09	3.55e-07	5.46e-05	1.71e-02	2.15e-01	7.67e-01
 7.68179e+21	0.00e+00	0.00e+00	0.00e+00	2.89e-32	7.28e-27	2.32e-22	2.02e-18	5.17e-15	4.88e-12	1.92e-09	4.09e-07	6.06e-05	1.82e-02	2.21e-01	7.60e-01
 7.84200e+21	0.00e+00	0.00e+00	0.00e+00	4.41e-32	1.07e-26	3.28e-22	2.76e-18	6.80e-15	6.19e-12	2.35e-09	4.78e-07	6.79e-05	1.96e-02	2.28e-01	7.52e-01
 7.98611e+21	0.00e+00	0.00e+00	0.00e+00	6.42e-32	1.51e-26	4.47e-22	3.63e-18	8.67e-15	7.64e-12	2.81e-09	5.49e-07	7.51e-05	2.08e-02	2.34e-01	7.45e-01
 8.11801e+21	0.00e+00	0.00e+00	0.00e+00	9.03e-32	2.06e-26	5.92e-22	4.66e-18	1.08e-14	9.26e-12	3.30e-09	6.22e-07	8.23e-05	2.21e-02	2.40e-01	7.38e-01
 8.26879e+21	0.00e+00	0.00e+00	0.00e+00	1.31e-31	2.89e-26	8.03e-22	6.12e-18	1.37e-14	1.14e-11	3.93e-09	7.13e-07	9.09e-05	2.35e-02	2.46e-01	7.30e-01
 8.43831e+21	0.00e+00	0.00e+00	0.00e+00	1.98e-31	4.23e-26	1.13e-21	8.31e-18	1.80e-14	1.44e-11	4.79e-09	8.31e-07	1.02e-04	2.52e-02	2.53e-01	7.22e-01
 8.59321e+21	0.00e+00	0.00e+00	0.00e+00	2.88e-31	5.96e-26	1.54e-21	1.09e-17	2.29e-14	1.78e-11	5.71e-09	9.54e-07	1.12e-04	2.68e-02	2.60e-01	7.13e-01
 8.73109e+21	0.00e+00	0.00e+00	0.00e+00	3.99e-31	8.02e-26	2.02e-21	1.39e-17	2.83e-14	2.14e-11	6.67e-09	1.08e-06	1.23e-04	2.83e-02	2.65e-01	7.06e-01
 8.88585e+21	0.00e+00	0.00e+00	0.00e+00	5.70e-31	1.11e-25	2.71e-21	1.81e-17	3.57e-14	2.62e-11	7.90e-09	1.23e-06	1.35e-04	3.00e-02	2.72e-01	6.98e-01
 9.08704e+21	0.00e+00	0.00e+00	0.00e+00	8.97e-31	1.69e-25	3.94e-21	2.52e-17	4.79e-14	3.38e-11	9.80e-09	1.45e-06	1.52e-04	3.23e-02	2.80e-01	6.88e-01
 9.29112e+21	0.00e+00	0.00e+00	0.00e+00	1.41e-30	2.55e-25	5.72e-21	3.52e-17	6.43e-14	4.37e-11	1.21e-08	1.71e-06	1.72e-04	3.48e-02	2.88e-01	6.77e-01
 9.45464e+21	0.00e+00	0.00e+00	0.00e+00	2.01e-30	3.53e-25	7.67e-21	4.58e-17	8.10e-14	5.34e-11	1.44e-08	1.95e-06	1.89e-04	3.69e-02	2.94e-01	6.68e-01
 9.62288e+21	0.00e+00	0.00e+00	0.00e+00	2.86e-30	4.88e-25	1.03e-20	5.95e-17	1.02e-13	6.53e-11	1.70e-08	2.22e-06	2.08e-04	3.91e-02	3.01e-01	6.60e-01
 9.84159e+21	0.00e+00	0.00e+00	0.00e+00	4.49e-30	7.36e-25	1.49e-20	8.28e-17	1.37e-13	8.42e-11	2.10e-08	2.62e-06	2.34e-04	4.20e-02	3.09e-01	6.48e-01
 1.00590e+22	0.00e+00	0.00e+00	0.00e+00	6.97e-30	1.10e-24	2.15e-20	1.15e-16	1.82e-13	1.08e-10	2.59e-08	3.08e-06	2.63e-04	4.51e-02	3.18e-01	6.37e-01
 1.02262e+22	0.00e+00	0.00e+00	0.00e+00	9.70e-30	1.49e-24	2.82e-20	1.46e-16	2.26e-13	1.30e-10	3.03e-08	3.48e-06	2.87e-04	4.75e-02	3.24e-01	6.28e-01
 1.03953e+22	0.00e+00	0.00e+00	0.00e+00	1.34e-29	2.01e-24	3.70e-20	1.86e-16	2.79e-13	1.57e-10	3.54e-08	3.92e-06	3.12e-04	5.00e-02	3.30e-01	6.20e-01
 1.06151e+22	0.00e+00	0.00e+00	0.00e+00	2.03e-29	2.94e-24	5.21e-20	2.53e-16	3.65e-13	1.98e-10	4.31e-08	4.56e-06	3.48e-04	5.34e-02	3.38e-01	6.09e-01
 1.08481e+22	0.00e+00	0.00e+00	0.00e+00	3.12e-29	4.36e-24	7.45e-20	3.48e-16	4.84e-13	2.53e-10	5.28e-08	5.34e-06	3.89e-04	5.72e-02	3.46e-01	5.97e-01
 1.10493e+22	0.00e+00	0.00e+00	0.00e+00	4.49e-29	6.09e-24	1.01e-19	4.55e-16	6.13e-13	3.11e-10	6.27e-08	6.10e-06	4.28e-04	6.05e-02	3.53e-01	5.86e-01
 1.12340e+22	0.00e+00	0.00e+00	0.00e+00	6.22e-29	8.21e-24	1.32e-19	5.80e-16	7.58e-13	3.74e-10	7.32e-08	6.87e-06	4.66e-04	6.36e-02	3.59e-01	5.77e-01
 1.14463e+22	0.00e+00	0.00e+00	0.00e+00	8.96e-29	1.15e-23	1.79e-19	7.60e-16	9.62e-13	4.59e-10	8.70e-08	7.85e-06	5.12e-04	6.73e-02	3.65e-01	5.67e-01
 1.16777e+22	0.00e+00	0.00e+00	0.00e+00	1.33e-28	1.65e-23	2.47e-19	1.02e-15	1.24e-12	5.73e-10	1.05e-07	9.05e-06	5.66e-04	7.14e-02	3.73e-01	5.55e-01
 1.18859e+22	0.00e+00	0.00e+00	0.00e+00	1.87e-28	2.26e-23	3.30e-19	1.31e-15	1.56e-12	6.97e-10	1.23e-07	1.03e-05	6.19e-04	7.53e-02	3.79e-01	5.45e-01
 1.21087e+22	0.00e+00	0.00e+00	0.00e+00	2.68e-28	3.15e-23	4.44e-19	1.71e-15	1.97e-12	8.54e-10	1.46e-07	1.17e-05	6.78e-04	7.94e-02	3.85e-01	5.34e-01
 1.23581e+22	0.00e+00	0.00e+00	0.00e+00	3.99e-28	4.53e-23	6.18e-19	2.30e-15	2.55e-12	1.07e-09	1.76e-07	1.35e-05	7.50e-04	8.43e-02	3.92e-01	5.23e-01
 1.25922e+22	0.00e+00	0.00e+00	0.00e+00	5.74e-28	6.33e-23	8.36e-19	3.01e-15	3.23e-12	1.31e-09	2.08e-07	1.54e-05	8.23e-04	8.89e-02	3.99e-01	5.12e-01
 1.28128e+22	0.00e+00	0.00e+00	1.23e-32	8.03e-28	8.62e-23	1.11e-18	3.87e-15	4.02e-12	1.59e-09	2.44e-07	1.73e-05	8.96e-04	9.34e-02	4.04e-01	5.01e-01
 1.30660e+22	0.00e+00	0.00e+00	1.87e-32	1.17e-27	1.22e-22	1.51e-18	5.11e-15	5.14e-12	1.96e-09	2.91e-07	1.98e-05	9.84e-04	9.86e-02	4.11e-01	4.90e-01
 1.33473e+22	0.00e+00	0.00e+00	2.96e-32	1.76e-27	1.78e-22	2.13e-18	6.93e-15	6.72e-12	2.47e-09	3.52e-07	2.30e-05	1.09e-03	1.05e-01	4.17e-01	4.77e-01
 1.36091e+22	0.00e+00	0.00e+00	4.51e-32	2.56e-27	2.51e-22	2.90e-18	9.16e-15	8.58e-12	3.05e-09	4.20e-07	2.63e-05	1.20e-03	1.10e-01	4.23e-01	4.65e-01
 1.38934e+22	0.00e+00	0.00e+00	7.02e-32	3.80e-27	3.60e-22	4.03e-18	1.23e-14	1.11e-11	3.81e-09	5.05e-07	3.02e-05	1.32e-03	1.17e-01	4.29e-01	4.53e-01
 1.41922e+22	0.00e+00	0.00e+00	1.11e-31	5.72e-27	5.25e-22	5.67e-18	1.66e-14	1.45e-11	4.80e-09	6.11e-07	3.50e-05	1.46e-03	1.23e-01	4.35e-01	4.40e-01
 1.44457e+22	0.00e+00	0.00e+00	1.63e-31	8.03e-27	7.18e-22	7.53e-18	2.14e-14	1.81e-11	5.82e-09	7.15e-07	3.95e-05	1.59e-03	1.29e-01	4.40e-01	4.29e-01
 1.47111e+22	0.00e+00	0.00e+00	2.40e-31	1.13e-26	9.87e-22	1.00e-17	2.77e-14	2.27e-11	7.07e-09	8.40e-07	4.46e-05	1.73e-03	1.36e-01	4.44e-01	4.18e-01
 1.50562e+22	0.00e+00	0.00e+00	3.93e-31	1.76e-26	1.48e-21	1.45e-17	3.84e-14	3.02e-11	9.05e-09	1.03e-06	5.21e-05	1.92e-03	1.44e-01	4.50e-01	4.04e-01
 1.54082e+22	0.00e+00	0.00e+00	6.48e-31	2.74e-26	2.23e-21	2.10e-17	5.35e-14	4.03e-11	1.16e-08	1.27e-06	6.09e-05	2.14e-03	1.52e-01	4.55e-01	3.90e-01
 1.56893e+22	0.00e+00	0.00e+00	9.55e-31	3.87e-26	3.06e-21	2.80e-17	6.92e-14	5.05e-11	1.41e-08	1.49e-06	6.87e-05	2.32e-03	1.60e-01	4.59e-01	3.79e-01
 1.59745e+22	0.00e+00	0.00e+00	1.40e-30	5.44e-26	4.19e-21	3.72e-17	8.92e-14	6.31e-11	1.71e-08	1.74e-06	7.74e-05	2.52e-03	1.67e-01	4.62e-01	3.69e-01
 1.63453e+22	0.00e+00	0.00e+00	2.28e-30	8.39e-26	6.25e-21	5.34e-17	1.23e-13	8.38e-11	2.18e-08	2.12e-06	9.01e-05	2.79e-03	1.76e-01	4.66e-01	3.55e-01
 1.67298e+22	0.00e+00	0.00e+00	3.76e-30	1.31e-25	9.42e-21	7.75e-17	1.72e-13	1.12e-10	2.80e-08	2.61e-06	1.05e-04	3.10e-03	1.86e-01	4.70e-01	3.41e-01
 1.70229e+22	0.00e+00	0.00e+00	5.47e-30	1.82e-25	1.28e-20	1.02e-16	2.20e-13	1.39e-10	3.37e-08	3.04e-06	1.18e-04	3.35e-03	1.94e-01	4.72e-01	3.31e-01
 1.72522e+22	0.00e+00	0.00e+00	7.26e-30	2.35e-25	1.62e-20	1.26e-16	2.66e-13	1.64e-10	3.88e-08	3.41e-06	1.29e-04	3.55e-03	2.00e-01	4.73e-01	3.23e-01
 1.75079e+22	0.00e+00	0.00e+00	9.97e-30	3.11e-25	2.10e-20	1.60e-16	3.28e-13	1.97e-10	4.55e-08	3.89e-06	1.42e-04	3.79e-03	2.07e-01	4.75e-01	3.14e-01
 1.78403e+22	0.00e+00	0.00e+00	1.47e-29	4.40e-25	2.89e-20	2.14e-16	4.25e-13	2.47e-10	5.53e-08	4.56e-06	1.60e-04	4.10e-03	2.16e-01	4.77e-01	3.04e-01
 1.82026e+22	0.00e+00	0.00e+00	2.29e-29	6.48e-25	4.14e-20	2.97e-16	5.70e-13	3.20e-10	6.89e-08	5.46e-06	1.83e-04	4.49e-03	2.26e-01	4.78e-01	2.92e-01
 1.85183e+22	0.00e+00	0.00e+00	3.31e-29	8.99e-25	5.61e-20	3.91e-16	7.29e-13	3.97e-10	8.29e-08	6.35e-06	2.05e-04	4.84e-03	2.35e-01	4.79e-01	2.82e-01
 1.88005e+22	0.00e+00	0.00e+00	4.58e-29	1.20e-24	7.33e-20	4.98e-16	9.06e-13	4.79e-10	9.76e-08	7.26e-06	2.27e-04	5.16e-03	2.42e-01	4.79e-01	2.73e-01
 1.90751e+22	0.00e+00	0.00e+00	6.25e-29	1.58e-24	9.46e-20	6.28e-16	1.11e-12	5.74e-10	1.14e-07	8.23e-06	2.49e-04	5.50e-03	2.50e-01	4.79e-01	2.65e-01
 1.93830e+22	0.00e+00	0.00e+00	8.74e-29	2.12e-24	1.25e-19	8.07e-16	1.39e-12	6.98e-10	1.35e-07	9.44e-06	2.76e-04	5.87e-03	2.58e-01	4.79e-01	2.56e-01
 1.97202e+22	0.00e+00	0.00e+00	1.27e-28	2.95e-24	1.70e-19	1.07e-15	1.79e-12	8.70e-10	1.63e-07	1.10e-05	3.09e-04	6.33e-03	2.68e-01	4.79e-01	2.47e-01
 2.00179e+22	0.00e+00	0.00e+00	1.76e-28	3.93e-24	2.21e-19	1.36e-15	2.22e-12	1.05e-09	1.91e-07	1.26e-05	3.41e-04	6.75e-03	2.76e-01	4.78e-01	2.39e-01
 2.02851e+22	0.00e+00	0.00e+00	2.34e-28	5.05e-24	2.80e-19	1.68e-15	2.69e-12	1.24e-09	2.21e-07	1.41e-05	3.72e-04	7.14e-03	2.84e-01	4.77e-01	2.32e-01
 2.05899e+22	0.00e+00	0.00e+00	3.22e-28	6.69e-24	3.64e-19	2.14e-15	3.33e-12	1.50e-09	2.59e-07	1.61e-05	4.10e-04	7.59e-03	2.92e-01	4.76e-01	2.24e-01
 2.09092e+22	0.00e+00	0.00e+00	4.49e-28	8.96e-24	4.78e-19	2.74e-15	4.16e-12	1.82e-09	3.06e-07	1.84e-05	4.53e-04	8.10e-03	3.01e-01	4.74e-01	2.16e-01
 2.11763e+22	0.00e+00	0.00e+00	5.91e-28	1.14e-23	6.00e-19	3.37e-15	5.01e-12	2.14e-09	3.51e-07	2.06e-05	4.92e-04	8.55e-03	3.09e-01	4.73e-01	2.09e-01
 2.14524e+22	0.00e+00	0.00e+00	7.81e-28	1.46e-23	7.54e-19	4.16e-15	6.05e-12	2.52e-09	4.04e-07	2.31e-05	5.35e-04	9.02e-03	3.17e-01	4.71e-01	2.03e-01
 2.18112e+22	0.00e+00	0.00e+00	1.11e-27	1.99e-23	1.01e-18	5.42e-15	7.66e-12	3.10e-09	4.83e-07	2.66e-05	5.95e-04	9.65e-03	3.27e-01	4.69e-01	1.95e-01
 2.21728e+22	0.00e+00	1.55e-32	1.59e-27	2.72e-23	1.36e-18	7.10e-15	9.77e-12	3.83e-09	5.79e-07	3.09e-05	6.63e-04	1.03e-02	3.37e-01	4.66e-01	1.86e-01
 2.24536e+22	0.00e+00	2.12e-32	2.09e-27	3.46e-23	1.70e-18	8.74e-15	1.18e-11	4.50e-09	6.65e-07	3.45e-05	7.21e-04	1.09e-02	3.45e-01	4.63e-01	1.80e-01
 2.27345e+22	0.00e+00	2.86e-32	2.74e-27	4.37e-23	2.12e-18	1.07e-14	1.41e-11	5.27e-09	7.61e-07	3.85e-05	7.81e-04	1.15e-02	3.53e-01	4.61e-01	1.74e-01
 2.30997e+22	0.00e+00	4.20e-32	3.85e-27	5.90e-23	2.81e-18	1.38e-14	1.78e-11	6.46e-09	9.05e-07	4.43e-05	8.65e-04	1.22e-02	3.63e-01	4.57e-01	1.67e-01
 2.34579e+22	0.00e+00	6.17e-32	5.41e-27	7.93e-23	3.72e-18	1.79e-14	2.24e-11	7.90e-09	1.08e-06	5.10e-05	9.59e-04	1.30e-02	3.73e-01	4.53e-01	1.60e-01
 2.37232e+22	0.00e+00	8.16e-32	6.93e-27	9.84e-23	4.57e-18	2.16e-14	2.65e-11	9.16e-09	1.22e-06	5.65e-05	1.03e-03	1.36e-02	3.80e-01	4.50e-01	1.55e-01
 2.39843e+22	0.00e+00	1.07e-31	8.77e-27	1.21e-22	5.55e-18	2.59e-14	3.12e-11	1.05e-08	1.38e-06	6.22e-05	1.11e-03	1.43e-02	3.87e-01	4.47e-01	1.50e-01
 2.43237e+22	0.00e+00	1.50e-31	1.19e-26	1.57e-22	7.13e-18	3.26e-14	3.84e-11	1.26e-08	1.61e-06	7.05e-05	1.21e-03	1.51e-02	3.96e-01	4.43e-01	1.44e-01
 2.46826e+22	0.00e+00	2.16e-31	1.64e-26	2.08e-22	9.32e-18	4.17e-14	4.79e-11	1.53e-08	1.90e-06	8.06e-05	1.34e-03	1.60e-02	4.06e-01	4.39e-01	1.38e-01
 2.49864e+22	0.00e+00	2.94e-31	2.15e-26	2.63e-22	1.17e-17	5.12e-14	5.77e-11	1.80e-08	2.18e-06	9.01e-05	1.45e-03	1.68e-02	4.14e-01	4.35e-01	1.33e-01
 2.53007e+22	0.00e+00	3.99e-31	2.82e-26	3.33e-22	1.46e-17	6.30e-14	6.96e-11	2.12e-08	2.50e-06	1.01e-04	1.58e-03	1.77e-02	4.23e-01	4.31e-01	1.27e-01
 2.57093e+22	0.00e+00	5.93e-31	3.99e-26	4.49e-22	1.95e-17	8.23e-14	8.86e-11	2.62e-08	3.00e-06	1.16e-04	1.75e-03	1.89e-02	4.33e-01	4.25e-01	1.21e-01
 2.61171e+22	0.00e+00	8.83e-31	5.67e-26	6.08e-22	2.61e-17	1.08e-13	1.13e-10	3.25e-08	3.60e-06	1.35e-04	1.95e-03	2.01e-02	4.44e-01	4.19e-01	1.15e-01
 2.64176e+22	0.00e+00	1.18e-30	7.31e-26	7.57e-22	3.23e-17	1.31e-13	1.35e-10	3.79e-08	4.11e-06	1.50e-04	2.10e-03	2.11e-02	4.52e-01	4.14e-01	1.11e-01
 2.67018e+22	0.00e+00	1.54e-30	9.23e-26	9.26e-22	3.93e-17	1.57e-13	1.59e-10	4.38e-08	4.64e-06	1.66e-04	2.26e-03	2.20e-02	4.59e-01	4.10e-01	1.07e-01
 2.70713e+22	0.00e+00	2.17e-30	1.25e-25	1.20e-21	5.05e-17	1.99e-13	1.97e-10	5.27e-08	5.43e-06	1.88e-04	2.48e-03	2.32e-02	4.68e-01	4.04e-01	1.02e-01
 2.74515e+22	0.00e+00	3.10e-30	1.70e-25	1.56e-21	6.56e-17	2.54e-13	2.46e-10	6.38e-08	6.40e-06	2.14e-04	2.72e-03	2.46e-02	4.78e-01	3.98e-01	9.66e-02
 2.77587e+22	0.00e+00	4.14e-30	2.19e-25	1.94e-21	8.11e-17	3.10e-13	2.94e-10	7.48e-08	7.32e-06	2.39e-04	2.94e-03	2.57e-02	4.86e-01	3.93e-01	9.26e-02
 2.80713e+22	0.00e+00	5.45e-30	2.79e-25	2.38e-21	9.92e-17	3.74e-13	3.49e-10	8.68e-08	8.31e-06	2.64e-04	3.17e-03	2.69e-02	4.93e-01	3.88e-01	8.90e-02
 2.84776e+22	0.00e+00	7.82e-30	3.81e-25	3.11e-21	1.29e-16	4.78e-13	4.37e-10	1.06e-07	9.83e-06	3.02e-04	3.49e-03	2.84e-02	5.02e-01	3.81e-01	8.43e-02
 2.88926e+22	0.00e+00	1.13e-29	5.27e-25	4.10e-21	1.70e-16	6.19e-13	5.53e-10	1.30e-07	1.17e-05	3.47e-04	3.85e-03	3.01e-02	5.12e-01	3.74e-01	7.97e-02
 2.92196e+22	0.00e+00	1.53e-29	6.82e-25	5.09e-21	2.11e-16	7.60e-13	6.67e-10	1.53e-07	1.35e-05	3.88e-04	4.18e-03	3.16e-02	5.20e-01	3.68e-01	7.60e-02
 2.95009e+22	0.00e+00	1.93e-29	8.38e-25	6.06e-21	2.52e-16	8.95e-13	7.74e-10	1.74e-07	1.50e-05	4.24e-04	4.45e-03	3.28e-02	5.26e-01	3.63e-01	7.32e-02
 2.98218e+22	0.00e+00	2.54e-29	1.06e-24	7.40e-21	3.08e-16	1.08e-12	9.21e-10	2.02e-07	1.71e-05	4.70e-04	4.79e-03	3.42e-02	5.33e-01	3.57e-01	7.01e-02
 3.02390e+22	0.00e+00	3.60e-29	1.43e-24	9.54e-21	3.98e-16	1.38e-12	1.15e-09	2.46e-07	2.01e-05	5.36e-04	5.26e-03	3.61e-02	5.42e-01	3.50e-01	6.62e-02
 3.06723e+22	0.00e+00	5.19e-29	1.97e-24	1.24e-20	5.21e-16	1.78e-12	1.45e-09	3.02e-07	2.40e-05	6.16e-04	5.81e-03	3.82e-02	5.51e-01	3.42e-01	6.22e-02
 3.10280e+22	0.00e+00	6.98e-29	2.54e-24	1.54e-20	6.48e-16	2.19e-12	1.76e-09	3.56e-07	2.76e-05	6.89e-04	6.30e-03	4.00e-02	5.58e-01	3.36e-01	5.91e-02
 3.13919e+22	0.00e+00	9.33e-29	3.25e-24	1.89e-20	8.03e-16	2.69e-12	2.12e-09	4.20e-07	3.17e-05	7.69e-04	6.82e-03	4.18e-02	5.65e-01	3.29e-01	5.62e-02
 3.18649e+22	0.00e+00	1.35e-28	4.48e-24	2.47e-20	1.06e-15	3.49e-12	2.70e-09	5.18e-07	3.79e-05	8.86e-04	7.55e-03	4.43e-02	5.74e-01	3.21e-01	5.26e-02
 3.23437e+22	0.00e+00	1.98e-28	6.19e-24	3.23e-20	1.40e-15	4.57e-12	3.46e-09	6.43e-07	4.54e-05	1.02e-03	8.37e-03	4.70e-02	5.82e-01	3.12e-01	4.91e-02
 3.27227e+22	0.00e+00	2.65e-28	7.96e-24	3.98e-20	1.74e-15	5.62e-12	4.19e-09	7.61e-07	5.24e-05	1.15e-03	9.07e-03	4.91e-02	5.89e-01	3.05e-01	4.64e-02
 3.31080e+22	0.00e+00	3.52e-28	1.02e-23	4.86e-20	2.15e-15	6.89e-12	5.05e-09	8.97e-07	6.01e-05	1.28e-03	9.81e-03	5.13e-02	5.95e-01	2.98e-01	4.40e-02
 3.35404e+22	0.00e+00	4.85e-28	1.33e-23	6.09e-20	2.72e-15	8.65e-12	6.23e-09	1.08e-06	7.02e-05	1.45e-03	1.07e-02	5.39e-02	6.02e-01	2.91e-01	4.13e-02
 3.39428e+22	0.00e+00	6.50e-28	1.71e-23	7.47e-20	3.38e-15	1.07e-11	7.56e-09	1.28e-06	8.09e-05	1.62e-03	1.16e-02	5.63e-02	6.08e-01	2.84e-01	3.90e-02
 3.43076e+22	0.00e+00	8.44e-28	2.13e-23	8.95e-20	4.11e-15	1.29e-11	8.99e-09	1.49e-06	9.20e-05	1.79e-03	1.25e-02	5.86e-02	6.13e-01	2.77e-01	3.69e-02
 3.47145e+22	0.00e+00	1.11e-27	2.69e-23	1.08e-19	5.03e-15	1.56e-11	1.08e-08	1.74e-06	1.05e-04	1.99e-03	1.34e-02	6.11e-02	6.18e-01	2.71e-01	3.49e-02
 3.52435e+22	0.00e+00	1.58e-27	3.63e-23	1.38e-19	6.53e-15	2.01e-11	1.36e-08	2.14e-06	1.25e-04	2.28e-03	1.48e-02	6.44e-02	6.24e-01	2.62e-01	3.24e-02
 3.57751e+22	0.00e+00	2.25e-27	4.90e-23	1.77e-19	8.48e-15	2.59e-11	1.72e-08	2.63e-06	1.48e-04	2.61e-03	1.63e-02	6.79e-02	6.30e-01	2.53e-01	3.01e-02
 3.61880e+22	0.00e+00	2.94e-27	6.15e-23	2.13e-19	1.03e-14	3.14e-11	2.06e-08	3.07e-06	1.69e-04	2.90e-03	1.75e-02	7.06e-02	6.34e-01	2.47e-01	2.84e-02
 3.66027e+22	0.00e+00	3.79e-27	7.63e-23	2.54e-19	1.25e-14	3.76e-11	2.43e-08	3.57e-06	1.91e-04	3.19e-03	1.88e-02	7.33e-02	6.37e-01	2.41e-01	2.68e-02
 3.71419e+22	0.00e+00	5.23e-27	1.00e-22	3.17e-19	1.58e-14	4.73e-11	3.01e-08	4.30e-06	2.23e-04	3.61e-03	2.05e-02	7.68e-02	6.41e-01	2.33e-01	2.49e-02
 3.77149e+22	0.00e+00	7.36e-27	1.34e-22	4.01e-19	2.03e-14	6.04e-11	3.78e-08	5.25e-06	2.63e-04	4.11e-03	2.24e-02	8.07e-02	6.45e-01	2.24e-01	2.30e-02
 3.82061e+22	0.00e+00	9.82e-27	1.71e-22	4.89e-19	2.51e-14	7.41e-11	4.57e-08	6.22e-06	3.03e-04	4.59e-03	2.42e-02	8.41e-02	6.48e-01	2.17e-01	2.15e-02
 3.86520e+22	0.00e+00	1.26e-26	2.11e-22	5.81e-19	3.01e-14	8.82e-11	5.37e-08	7.16e-06	3.40e-04	5.03e-03	2.58e-02	8.70e-02	6.50e-01	2.11e-01	2.03e-02
 3.91647e+22	0.00e+00	1.66e-26	2.67e-22	7.04e-19	3.68e-14	1.07e-10	6.44e-08	8.40e-06	3.88e-04	5.58e-03	2.77e-02	9.04e-02	6.52e-01	2.05e-01	1.90e-02
 3.98311e+22	0.00e+00	2.35e-26	3.58e-22	8.95e-19	4.73e-14	1.37e-10	8.08e-08	1.03e-05	4.57e-04	6.35e-03	3.03e-02	9.48e-02	6.54e-01	1.97e-01	1.75e-02
 4.05244e+22	1.59e-32	3.37e-26	4.88e-22	1.15e-18	6.13e-14	1.76e-10	1.02e-07	1.26e-05	5.42e-04	7.25e-03	3.33e-02	9.94e-02	6.55e-01	1.88e-01	1.60e-02
 4.10576e+22	2.17e-32	4.45e-26	6.17e-22	1.40e-18	7.48e-14	2.13e-10	1.22e-07	1.48e-05	6.17e-04	8.02e-03	3.57e-02	1.03e-01	6.56e-01	1.82e-01	1.49e-02
 4.14766e+22	2.75e-32	5.46e-26	7.35e-22	1.61e-18	8.66e-14	2.46e-10	1.39e-07	1.66e-05	6.78e-04	8.63e-03	3.75e-02	1.06e-01	6.56e-01	1.77e-01	1.42e-02
 4.19422e+22	3.53e-32	6.81e-26	8.88e-22	1.88e-18	1.01e-13	2.86e-10	1.60e-07	1.88e-05	7.51e-04	9.34e-03	3.96e-02	1.09e-01	6.56e-01	1.72e-01	1.34e-02
 4.25475e+22	4.86e-32	9.02e-26	1.13e-21	2.29e-18	1.24e-13	3.46e-10	1.92e-07	2.20e-05	8.53e-04	1.03e-02	4.24e-02	1.13e-01	6.55e-01	1.66e-01	1.25e-02
 4.32120e+22	6.89e-32	1.23e-25	1.47e-21	2.85e-18	1.53e-13	4.27e-10	2.33e-07	2.61e-05	9.81e-04	1.15e-02	4.56e-02	1.17e-01	6.54e-01	1.59e-01	1.15e-02
 4.38111e+22	9.39e-32	1.62e-25	1.86e-21	3.45e-18	1.86e-13	5.13e-10	2.76e-07	3.03e-05	1.11e-03	1.26e-02	4.87e-02	1.21e-01	6.53e-01	1.54e-01	1.07e-02
 4.43629e+22	1.24e-31	2.06e-25	2.29e-21	4.10e-18	2.20e-13	6.04e-10	3.21e-07	3.47e-05	1.24e-03	1.37e-02	5.15e-02	1.24e-01	6.51e-01	1.48e-01	1.01e-02
 4.49956e+22	1.67e-31	2.69e-25	2.88e-21	4.96e-18	2.65e-13	7.21e-10	3.79e-07	4.01e-05	1.39e-03	1.51e-02	5.47e-02	1.28e-01	6.48e-01	1.43e-01	9.37e-03
 4.58181e+22	2.45e-31	3.78e-25	3.85e-21	6.31e-18	3.34e-13	9.03e-10	4.67e-07	4.82e-05	1.61e-03	1.69e-02	5.90e-02	1.33e-01	6.45e-01	1.36e-01	8.56e-03
 4.66621e+22	3.63e-31	5.38e-25	5.21e-21	8.11e-18	4.25e-13	1.14e-09	5.78e-07	5.82e-05	1.88e-03	1.89e-02	6.38e-02	1.38e-01	6.40e-01	1.29e-01	7.78e-03
 4.73002e+22	4.88e-31	7.02e-25	6.55e-21	9.81e-18	5.09e-13	1.35e-09	6.79e-07	6.71e-05	2.11e-03	2.07e-02	6.76e-02	1.42e-01	6.36e-01	1.24e-01	7.23e-03
 4.78030e+22	6.08e-31	8.55e-25	7.76e-21	1.13e-17	5.81e-13	1.53e-09	7.64e-07	7.44e-05	2.29e-03	2.20e-02	7.04e-02	1.44e-01	6.33e-01	1.21e-01	6.85e-03
 4.83633e+22	7.68e-31	1.06e-24	9.33e-21	1.32e-17	6.70e-13	1.76e-09	8.66e-07	8.30e-05	2.50e-03	2.35e-02	7.35e-02	1.47e-01	6.30e-01	1.17e-01	6.47e-03
 4.90918e+22	1.03e-30	1.38e-24	1.18e-20	1.60e-17	8.03e-13	2.09e-09	1.01e-06	9.54e-05	2.79e-03	2.56e-02	7.77e-02	1.51e-01	6.25e-01	1.12e-01	6.00e-03
 4.99042e+22	1.45e-30	1.87e-24	1.53e-20	1.99e-17	9.83e-13	2.53e-09	1.21e-06	1.12e-04	3.16e-03	2.81e-02	8.25e-02	1.55e-01	6.18e-01	1.07e-01	5.51e-03
 5.06519e+22	1.95e-30	2.46e-24	1.94e-20	2.43e-17	1.18e-12	3.01e-09	1.42e-06	1.28e-04	3.54e-03	3.06e-02	8.71e-02	1.59e-01	6.12e-01	1.02e-01	5.10e-03
 5.13413e+22	2.55e-30	3.14e-24	2.39e-20	2.91e-17	1.39e-12	3.51e-09	1.64e-06	1.45e-04	3.90e-03	3.29e-02	9.12e-02	1.62e-01	6.07e-01	9.84e-02	4.76e-03
 5.21285e+22	3.41e-30	4.09e-24	3.02e-20	3.53e-17	1.65e-12	4.14e-09	1.91e-06	1.66e-04	4.34e-03	3.56e-02	9.59e-02	1.66e-01	6.00e-01	9.42e-02	4.41e-03
 5.31519e+22	4.91e-30	5.73e-24	4.04e-20	4.52e-17	2.06e-12	5.11e-09	2.31e-06	1.96e-04	4.95e-03	3.93e-02	1.02e-01	1.70e-01	5.91e-01	8.90e-02	4.00e-03
 5.42107e+22	7.20e-30	8.16e-24	5.51e-20	5.87e-17	2.61e-12	6.36e-09	2.82e-06	2.34e-04	5.68e-03	4.35e-02	1.09e-01	1.74e-01	5.81e-01	8.38e-02	3.61e-03
 5.50733e+22	9.73e-30	1.08e-23	7.04e-20	7.22e-17	3.13e-12	7.55e-09	3.30e-06	2.68e-04	6.33e-03	4.71e-02	1.14e-01	1.77e-01	5.72e-01	7.98e-02	3.32e-03
 5.59522e+22	1.30e-29	1.41e-23	8.89e-20	8.81e-17	3.74e-12	8.90e-09	3.84e-06	3.05e-04	7.01e-03	5.07e-02	1.19e-01	1.80e-01	5.63e-01	7.60e-02	3.06e-03
 5.69436e+22	1.79e-29	1.91e-23	1.16e-19	1.10e-16	4.55e-12	1.07e-08	4.54e-06	3.53e-04	7.85e-03	5.51e-02	1.25e-01	1.83e-01	5.53e-01	7.20e-02	2.80e-03
 5.78800e+22	2.40e-29	2.53e-23	1.48e-19	1.36e-16	5.47e-12	1.27e-08	5.30e-06	4.04e-04	8.71e-03	5.94e-02	1.31e-01	1.86e-01	5.43e-01	6.83e-02	2.57e-03
 5.87571e+22	3.13e-29	3.26e-23	1.85e-19	1.64e-16	6.45e-12	1.48e-08	6.08e-06	4.55e-04	9.56e-03	6.35e-02	1.36e-01	1.89e-01	5.34e-01	6.51e-02	2.37e-03
 5.97585e+22	4.17e-29	4.28e-23	2.35e-19	2.02e-16	7.72e-12	1.74e-08	7.05e-06	5.17e-04	1.05e-02	6.81e-02	1.42e-01	1.91e-01	5.24e-01	6.19e-02	2.18e-03
 6.10604e+22	5.98e-29	6.05e-23	3.19e-19	2.61e-16	9.67e-12	2.15e-08	8.51e-06	6.08e-04	1.19e-02	7.44e-02	1.49e-01	1.94e-01	5.10e-01	5.78e-02	1.95e-03
 6.24095e+22	8.70e-29	8.73e-23	4.39e-19	3.44e-16	1.23e-11	2.67e-08	1.04e-05	7.20e-04	1.36e-02	8.16e-02	1.57e-01	1.96e-01	4.96e-01	5.37e-02	1.74e-03
 6.35225e+22	1.17e-28	1.17e-22	5.68e-19	4.29e-16	1.48e-11	3.18e-08	1.21e-05	8.22e-04	1.51e-02	8.76e-02	1.63e-01	1.98e-01	4.83e-01	5.05e-02	1.58e-03
 6.46716e+22	1.55e-28	1.55e-22	7.27e-19	5.29e-16	1.78e-11	3.76e-08	1.40e-05	9.34e-04	1.66e-02	9.36e-02	1.69e-01	1.99e-01	4.71e-01	4.76e-02	1.44e-03
 6.61655e+22	2.20e-28	2.19e-22	9.88e-19	6.89e-16	2.23e-11	4.62e-08	1.69e-05	1.09e-03	1.86e-02	1.02e-01	1.77e-01	2.01e-01	4.56e-01	4.42e-02	1.28e-03
 6.78081e+22	3.22e-28	3.22e-22	1.39e-18	9.23e-16	2.87e-11	5.80e-08	2.07e-05	1.30e-03	2.12e-02	1.11e-01	1.85e-01	2.02e-01	4.38e-01	4.05e-02	1.12e-03
 6.91945e+22	4.41e-28	4.45e-22	1.85e-18	1.18e-15	3.54e-11	7.01e-08	2.44e-05	1.49e-03	2.36e-02	1.19e-01	1.92e-01	2.02e-01	4.23e-01	3.77e-02	1.00e-03
 7.03283e+22	5.62e-28	5.73e-22	2.31e-18	1.43e-15	4.16e-11	8.12e-08	2.78e-05	1.67e-03	2.56e-02	1.26e-01	1.97e-01	2.02e-01	4.11e-01	3.55e-02	9.18e-04
 7.15833e+22	7.22e-28	7.44e-22	2.91e-18	1.74e-15	4.92e-11	9.46e-08	3.18e-05	1.87e-03	2.79e-02	1.33e-01	2.02e-01	2.02e-01	3.99e-01	3.34e-02	8.36e-04
 7.32147e+22	9.84e-28	1.03e-21	3.87e-18	2.22e-15	6.07e-11	1.14e-07	3.76e-05	2.15e-03	3.09e-02	1.42e-01	2.08e-01	2.02e-01	3.83e-01	3.08e-02	7.42e-04
 7.49658e+22	1.36e-27	1.46e-21	5.28e-18	2.91e-15	7.63e-11	1.40e-07	4.49e-05	2.49e-03	3.44e-02	1.53e-01	2.15e-01	2.00e-01	3.66e-01	2.82e-02	6.52e-04
 7.64842e+22	1.80e-27	1.98e-21	6.89e-18	3.65e-15	9.25e-11	1.67e-07	5.23e-05	2.83e-03	3.78e-02	1.62e-01	2.20e-01	1.99e-01	3.51e-01	2.61e-02	5.80e-04
 7.78531e+22	2.27e-27	2.55e-21	8.64e-18	4.43e-15	1.09e-10	1.93e-07	5.94e-05	3.14e-03	4.08e-02	1.70e-01	2.25e-01	1.98e-01	3.38e-01	2.43e-02	5.25e-04
 7.94162e+22	2.91e-27	3.36e-21	1.10e-17	5.46e-15	1.30e-10	2.26e-07	6.81e-05	3.52e-03	4.43e-02	1.79e-01	2.29e-01	1.96e-01	3.25e-01	2.26e-02	4.71e-04
 8.14482e+22	3.94e-27	4.71e-21	1.48e-17	7.05e-15	1.61e-10	2.73e-07	8.05e-05	4.04e-03	4.89e-02	1.91e-01	2.34e-01	1.93e-01	3.08e-01	2.06e-02	4.12e-04
 8.36166e+22	5.46e-27	6.84e-21	2.06e-17	9.35e-15	2.04e-10	3.38e-07	9.66e-05	4.70e-03	5.45e-02	2.03e-01	2.39e-01	1.90e-01	2.90e-01	1.84e-02	3.53e-04
 8.54483e+22	7.10e-27	9.30e-21	2.70e-17	1.18e-14	2.48e-10	4.01e-07	1.12e-04	5.32e-03	5.94e-02	2.14e-01	2.43e-01	1.86e-01	2.75e-01	1.68e-02	3.09e-04
 8.70680e+22	8.81e-27	1.20e-20	3.38e-17	1.43e-14	2.92e-10	4.62e-07	1.27e-04	5.88e-03	6.37e-02	2.23e-01	2.45e-01	1.84e-01	2.62e-01	1.56e-02	2.78e-04
 8.89260e+22	1.11e-26	1.57e-20	4.29e-17	1.75e-14	3.46e-10	5.38e-07	1.44e-04	6.54e-03	6.86e-02	2.33e-01	2.48e-01	1.80e-01	2.50e-01	1.43e-02	2.46e-04
 9.13414e+22	1.46e-26	2.19e-20	5.74e-17	2.25e-14	4.26e-10	6.46e-07	1.69e-04	7.44e-03	7.49e-02	2.45e-01	2.50e-01	1.76e-01	2.34e-01	1.29e-02	2.12e-04
 9.39831e+22	1.98e-26	3.18e-20	7.97e-17	2.98e-14	5.39e-10	7.94e-07	2.02e-04	8.58e-03	8.26e-02	2.58e-01	2.52e-01	1.70e-01	2.17e-01	1.14e-02	1.79e-04
 9.63196e+22	2.56e-26	4.38e-20	1.06e-16	3.79e-14	6.58e-10	9.47e-07	2.35e-04	9.70e-03	8.97e-02	2.69e-01	2.53e-01	1.65e-01	2.02e-01	1.02e-02	1.54e-04
 9.84238e+22	3.16e-26	5.72e-20	1.34e-16	4.63e-14	7.77e-10	1.10e-06	2.66e-04	1.07e-02	9.58e-02	2.79e-01	2.54e-01	1.61e-01	1.91e-01	9.25e-03	1.35e-04
 1.00826e+23	3.97e-26	7.64e-20	1.72e-16	5.75e-14	9.28e-10	1.28e-06	3.03e-04	1.19e-02	1.03e-01	2.89e-01	2.54e-01	1.56e-01	1.78e-01	8.33e-03	1.17e-04
 1.03461e+23	5.05e-26	1.05e-19	2.27e-16	7.28e-14	1.13e-09	1.52e-06	3.50e-04	1.34e-02	1.11e-01	3.00e-01	2.53e-01	1.50e-01	1.66e-01	7.42e-03	1.00e-04
 1.05845e+23	6.24e-26	1.39e-19	2.91e-16	8.97e-14	1.34e-09	1.76e-06	3.98e-04	1.48e-02	1.18e-01	3.09e-01	2.52e-01	1.45e-01	1.54e-01	6.66e-03	8.65e-05
 1.08047e+23	7.46e-26	1.76e-19	3.59e-16	1.07e-13	1.55e-09	2.00e-06	4.44e-04	1.62e-02	1.25e-01	3.17e-01	2.50e-01	1.40e-01	1.45e-01	6.07e-03	7.63e-05
 1.10567e+23	9.06e-26	2.29e-19	4.51e-16	1.30e-13	1.81e-09	2.30e-06	4.98e-04	1.78e-02	1.33e-01	3.25e-01	2.48e-01	1.35e-01	1.35e-01	5.46e-03	6.63e-05
 1.13842e+23	1.13e-25	3.11e-19	5.90e-16	1.64e-13	2.19e-09	2.70e-06	5.71e-04	1.98e-02	1.42e-01	3.34e-01	2.45e-01	1.29e-01	1.25e-01	4.82e-03	5.62e-05
 1.17410e+23	1.45e-25	4.40e-19	8.01e-16	2.12e-13	2.70e-09	3.25e-06	6.66e-04	2.23e-02	1.53e-01	3.44e-01	2.41e-01	1.22e-01	1.13e-01	4.17e-03	4.63e-05
 1.20518e+23	1.78e-25	5.94e-19	1.04e-15	2.64e-13	3.24e-09	3.79e-06	7.59e-04	2.47e-02	1.62e-01	3.51e-01	2.37e-01	1.17e-01	1.04e-01	3.67e-03	3.91e-05
 1.23265e+23	2.11e-25	7.59e-19	1.29e-15	3.17e-13	3.75e-09	4.30e-06	8.44e-04	2.69e-02	1.71e-01	3.57e-01	2.33e-01	1.12e-01	9.63e-02	3.29e-03	3.39e-05
 1.26384e+23	2.48e-25	9.72e-19	1.60e-15	3.81e-13	4.35e-09	4.89e-06	9.39e-04	2.92e-02	1.79e-01	3.63e-01	2.29e-01	1.07e-01	8.93e-02	2.94e-03	2.93e-05
 1.30439e+23	3.01e-25	1.31e-18	2.07e-15	4.74e-13	5.19e-09	5.69e-06	1.07e-03	3.23e-02	1.89e-01	3.69e-01	2.23e-01	1.01e-01	8.13e-02	2.57e-03	2.46e-05
 1.35448e+23	3.76e-25	1.86e-18	2.83e-15	6.17e-13	6.41e-09	6.82e-06	1.24e-03	3.63e-02	2.02e-01	3.75e-01	2.17e-01	9.43e-02	7.25e-02	2.18e-03	1.98e-05
 1.40472e+23	4.78e-25	2.73e-18	3.94e-15	8.17e-13	8.03e-09	8.27e-06	1.45e-03	4.10e-02	2.16e-01	3.80e-01	2.08e-01	8.72e-02	6.38e-02	1.81e-03	1.56e-05
 1.44603e+23	5.71e-25	3.65e-18	5.09e-15	1.01e-12	9.55e-09	9.58e-06	1.64e-03	4.50e-02	2.27e-01	3.83e-01	2.02e-01	8.19e-02	5.77e-02	1.57e-03	1.30e-05
 1.48797e+23	6.59e-25	4.70e-18	6.34e-15	1.22e-12	1.11e-08	1.09e-05	1.82e-03	4.88e-02	2.37e-01	3.85e-01	1.96e-01	7.75e-02	5.27e-02	1.38e-03	1.10e-05
 1.54249e+23	7.61e-25	6.21e-18	8.10e-15	1.50e-12	1.31e-08	1.25e-05	2.04e-03	5.32e-02	2.48e-01	3.87e-01	1.89e-01	7.26e-02	4.76e-02	1.20e-03	9.17e-06
 1.60538e+23	9.12e-25	8.73e-18	1.09e-14	1.93e-12	1.60e-08	1.48e-05	2.34e-03	5.91e-02	2.61e-01	3.88e-01	1.80e-01	6.69e-02	4.19e-02	1.01e-03	7.31e-06
 1.66702e+23	1.08e-24	1.21e-17	1.45e-14	2.46e-12	1.94e-08	1.74e-05	2.67e-03	6.53e-02	2.73e-01	3.87e-01	1.72e-01	6.17e-02	3.70e-02	8.46e-04	5.86e-06
 1.72539e+23	1.24e-24	1.59e-17	1.85e-14	3.02e-12	2.28e-08	2.00e-05	2.98e-03	7.09e-02	2.84e-01	3.86e-01	1.65e-01	5.75e-02	3.33e-02	7.29e-04	4.85e-06
 1.78992e+23	1.38e-24	2.05e-17	2.30e-14	3.64e-12	2.65e-08	2.26e-05	3.29e-03	7.64e-02	2.94e-01	3.84e-01	1.58e-01	5.38e-02	3.01e-02	6.35e-04	4.07e-06
 1.86275e+23	1.55e-24	2.71e-17	2.94e-14	4.49e-12	3.13e-08	2.60e-05	3.68e-03	8.30e-02	3.04e-01	3.81e-01	1.50e-01	4.99e-02	2.68e-02	5.42e-04	3.33e-06
 1.93849e+23	1.72e-24	3.53e-17	3.71e-14	5.48e-12	3.66e-08	2.96e-05	4.08e-03	8.96e-02	3.14e-01	3.78e-01	1.43e-01	4.63e-02	2.40e-02	4.67e-04	2.75e-06
 2.01726e+23	1.88e-24	4.52e-17	4.61e-14	6.58e-12	4.23e-08	3.34e-05	4.50e-03	9.62e-02	3.23e-01	3.74e-01	1.37e-01	4.31e-02	2.16e-02	4.05e-04	2.30e-06
 2.09919e+23	2.02e-24	5.66e-17	5.62e-14	7.80e-12	4.84e-08	3.73e-05	4.91e-03	1.03e-01	3.31e-01	3.70e-01	1.31e-01	4.04e-02	1.96e-02	3.55e-04	1.95e-06
 2.18439e+23	2.13e-24	6.95e-17	6.73e-14	9.11e-12	5.48e-08	4.13e-05	5.32e-03	1.09e-01	3.39e-01	3.66e-01	1.25e-01	3.79e-02	1.79e-02	3.14e-04	1.67e-06
 2.26918e+23	2.25e-24	8.52e-17	8.06e-14	1.06e-11	6.20e-08	4.57e-05	5.75e-03	1.15e-01	3.46e-01	3.61e-01	1.20e-01	3.56e-02	1.63e-02	2.78e-04	1.43e-06
 2.34774e+23	2.36e-24	1.02e-16	9.40e-14	1.21e-11	6.88e-08	4.98e-05	6.16e-03	1.21e-01	3.52e-01	3.57e-01	1.15e-01	3.37e-02	1.51e-02	2.49e-04	1.25e-06
 2.41845e+23	2.42e-24	1.16e-16	1.06e-13	1.35e-11	7.47e-08	5.33e-05	6.49e-03	1.25e-01	3.56e-01	3.54e-01	1.12e-01	3.23e-02	1.42e-02	2.29e-04	1.13e-06
 2.48209e+23	2.46e-24	1.30e-16	1.17e-13	1.47e-11	8.01e-08	5.64e-05	6.78e-03	1.29e-01	3.60e-01	3.51e-01	1.09e-01	3.11e-02	1.34e-02	2.14e-04	1.03e-06
 2.53936e+23	2.48e-24	1.43e-16	1.27e-13	1.58e-11	8.47e-08	5.90e-05	7.03e-03	1.33e-01	3.63e-01	3.48e-01	1.06e-01	3.02e-02	1.29e-02	2.02e-04	9.60e-07
 2.59090e+23	2.49e-24	1.54e-16	1.36e-13	1.67e-11	8.87e-08	6.13e-05	7.23e-03	1.35e-01	3.65e-01	3.46e-01	1.05e-01	2.94e-02	1.24e-02	1.92e-04	9.05e-07
 2.63730e+23	2.50e-24	1.65e-16	1.44e-13	1.76e-11	9.23e-08	6.33e-05	7.42e-03	1.38e-01	3.67e-01	3.44e-01	1.03e-01	2.88e-02	1.20e-02	1.84e-04	8.59e-07
 2.67905e+23	2.49e-24	1.72e-16	1.50e-13	1.82e-11	9.49e-08	6.48e-05	7.56e-03	1.40e-01	3.69e-01	3.42e-01	1.02e-01	2.83e-02	1.18e-02	1.79e-04	8.27e-07
 2.71662e+23	2.47e-24	1.80e-16	1.56e-13	1.88e-11	9.74e-08	6.62e-05	7.68e-03	1.41e-01	3.70e-01	3.41e-01	1.01e-01	2.79e-02	1.15e-02	1.74e-04	7.99e-07
 2.75044e+23	2.46e-24	1.87e-16	1.61e-13	1.93e-11	9.96e-08	6.74e-05	7.79e-03	1.43e-01	3.71e-01	3.40e-01	9.97e-02	2.75e-02	1.13e-02	1.70e-04	7.76e-07
 2.78174e+23	2.42e-24	1.91e-16	1.65e-13	1.97e-11	1.01e-07	6.83e-05	7.87e-03	1.44e-01	3.72e-01	3.39e-01	9.90e-02	2.73e-02	1.12e-02	1.67e-04	7.60e-07
 2.81229e+23	2.37e-24	1.95e-16	1.67e-13	2.00e-11	1.02e-07	6.89e-05	7.93e-03	1.44e-01	3.72e-01	3.39e-01	9.85e-02	2.71e-02	1.11e-02	1.65e-04	7.49e-07
 2.84283e+23	2.31e-24	1.97e-16	1.69e-13	2.01e-11	1.03e-07	6.94e-05	7.97e-03	1.45e-01	3.73e-01	3.38e-01	9.82e-02	2.70e-02	1.10e-02	1.64e-04	7.41e-07
 2.87338e+23	2.28e-24	2.00e-16	1.71e-13	2.04e-11	1.04e-07	6.99e-05	8.02e-03	1.45e-01	3.73e-01	3.38e-01	9.78e-02	2.68e-02	1.09e-02	1.62e-04	7.32e-07
 2.90393e+23	2.23e-24	2.02e-16	1.73e-13	2.06e-11	1.05e-07	7.04e-05	8.06e-03	1.46e-01	3.74e-01	3.37e-01	9.74e-02	2.67e-02	1.08e-02	1.60e-04	7.23e-07
 2.93448e+23	2.18e-24	2.04e-16	1.75e-13	2.07e-11	1.05e-07	7.08e-05	8.10e-03	1.47e-01	3.74e-01	3.37e-01	9.71e-02	2.66e-02	1.08e-02	1.59e-04	7.17e-07
 2.96503e+23	2.12e-24	2.05e-16	1.75e-13	2.08e-11	1.06e-07	7.10e-05	8.12e-03	1.47e-01	3.74e-01	3.36e-01	9.70e-02	2.65e-02	1.07e-02	1.59e-04	7.13e-07
 2.99557e+23	2.06e-24	2.06e-16	1.76e-13	2.09e-11	1.06e-07	7.12e-05	8.14e-03	1.47e-01	3.74e-01	3.36e-01	9.68e-02	2.65e-02	1.07e-02	1.58e-04	7.10e-07
 3.02612e+23	2.01e-24	2.07e-16	1.76e-13	2.09e-11	1.06e-07	7.14e-05	8.16e-03	1.47e-01	3.75e-01	3.36e-01	9.66e-02	2.64e-02	1.07e-02	1.57e-04	7.06e-07
 3.04811e+23	2.01e-24	2.12e-16	1.80e-13	2.13e-11	1.08e-07	7.22e-05	8.23e-03	1.48e-01	3.75e-01	3.35e-01	9.61e-02	2.62e-02	1.05e-02	1.55e-04	6.94e-07
