#depth	Cl	Cl+	Cl+2	Cl+3	Cl+4	Cl+5	Cl+6	Cl+7	Cl+8	Cl+9	Cl+10	Cl+11	Cl+12	Cl+13	Cl+14	Cl+15	Cl+16	Cl+17
 6.17135e+19	0.00e+00	0.00e+00	0.00e+00	0.00e+00	0.00e+00	0.00e+00	0.00e+00	0.00e+00	2.41e-26	2.20e-22	8.37e-19	1.56e-15	1.64e-12	1.29e-09	7.85e-07	8.52e-04	5.19e-02	9.47e-01
 1.87609e+20	0.00e+00	0.00e+00	0.00e+00	0.00e+00	0.00e+00	0.00e+00	0.00e+00	2.28e-30	4.96e-26	4.19e-22	1.47e-18	2.53e-15	2.46e-12	1.78e-09	9.97e-07	9.98e-04	5.60e-02	9.43e-01
 3.18540e+20	0.00e+00	0.00e+00	0.00e+00	0.00e+00	0.00e+00	0.00e+00	0.00e+00	5.11e-30	1.02e-25	7.97e-22	2.58e-18	4.10e-15	3.68e-12	2.45e-09	1.27e-06	1.17e-03	6.05e-02	9.38e-01
 4.54709e+20	0.00e+00	0.00e+00	0.00e+00	0.00e+00	0.00e+00	0.00e+00	0.00e+00	1.15e-29	2.12e-25	1.52e-21	4.54e-18	6.67e-15	5.52e-12	3.38e-09	1.61e-06	1.37e-03	6.53e-02	9.33e-01
 5.74412e+20	0.00e+00	0.00e+00	0.00e+00	0.00e+00	0.00e+00	0.00e+00	0.00e+00	2.28e-29	3.93e-25	2.64e-21	7.36e-18	1.01e-14	7.79e-12	4.45e-09	1.98e-06	1.57e-03	6.97e-02	9.29e-01
 6.66686e+20	0.00e+00	0.00e+00	0.00e+00	0.00e+00	0.00e+00	0.00e+00	0.00e+00	3.83e-29	6.26e-25	3.99e-21	1.06e-17	1.38e-14	1.01e-11	5.47e-09	2.31e-06	1.73e-03	7.32e-02	9.25e-01
 7.48883e+20	0.00e+00	0.00e+00	0.00e+00	0.00e+00	0.00e+00	0.00e+00	0.00e+00	6.01e-29	9.39e-25	5.72e-21	1.45e-17	1.81e-14	1.27e-11	6.55e-09	2.64e-06	1.89e-03	7.63e-02	9.22e-01
 8.41358e+20	0.00e+00	0.00e+00	0.00e+00	0.00e+00	0.00e+00	0.00e+00	0.00e+00	9.86e-29	1.47e-24	8.51e-21	2.05e-17	2.43e-14	1.62e-11	7.99e-09	3.06e-06	2.09e-03	7.99e-02	9.18e-01
 9.61575e+20	0.00e+00	0.00e+00	0.00e+00	0.00e+00	0.00e+00	0.00e+00	0.00e+00	1.85e-28	2.59e-24	1.41e-20	3.19e-17	3.56e-14	2.23e-11	1.03e-08	3.70e-06	2.36e-03	8.47e-02	9.13e-01
 1.08324e+21	0.00e+00	0.00e+00	0.00e+00	0.00e+00	0.00e+00	0.00e+00	0.00e+00	3.45e-28	4.53e-24	2.32e-20	4.94e-17	5.17e-14	3.05e-11	1.32e-08	4.45e-06	2.67e-03	8.98e-02	9.08e-01
 1.17841e+21	0.00e+00	0.00e+00	0.00e+00	0.00e+00	0.00e+00	0.00e+00	0.00e+00	5.54e-28	6.94e-24	3.39e-20	6.88e-17	6.88e-14	3.87e-11	1.59e-08	5.12e-06	2.92e-03	9.38e-02	9.03e-01
 1.27376e+21	0.00e+00	0.00e+00	0.00e+00	0.00e+00	0.00e+00	0.00e+00	0.00e+00	8.84e-28	1.06e-23	4.92e-20	9.55e-17	9.12e-14	4.89e-11	1.92e-08	5.89e-06	3.20e-03	9.79e-02	8.99e-01
 1.39772e+21	0.00e+00	0.00e+00	0.00e+00	0.00e+00	0.00e+00	0.00e+00	0.00e+00	1.60e-27	1.80e-23	7.92e-20	1.45e-16	1.31e-13	6.60e-11	2.43e-08	7.03e-06	3.59e-03	1.03e-01	8.93e-01
 1.52616e+21	0.00e+00	0.00e+00	0.00e+00	0.00e+00	0.00e+00	0.00e+00	0.00e+00	2.92e-27	3.10e-23	1.28e-19	2.21e-16	1.88e-13	8.93e-11	3.09e-08	8.41e-06	4.04e-03	1.09e-01	8.87e-01
 1.63081e+21	0.00e+00	0.00e+00	0.00e+00	0.00e+00	0.00e+00	0.00e+00	0.00e+00	4.71e-27	4.77e-23	1.88e-19	3.09e-16	2.51e-13	1.14e-10	3.74e-08	9.70e-06	4.43e-03	1.14e-01	8.82e-01
 1.73722e+21	0.00e+00	0.00e+00	0.00e+00	0.00e+00	0.00e+00	0.00e+00	0.00e+00	7.60e-27	7.34e-23	2.76e-19	4.33e-16	3.34e-13	1.45e-10	4.53e-08	1.12e-05	4.86e-03	1.19e-01	8.76e-01
 1.84878e+21	0.00e+00	0.00e+00	0.00e+00	0.00e+00	0.00e+00	0.00e+00	0.00e+00	1.24e-26	1.14e-22	4.10e-19	6.12e-16	4.51e-13	1.86e-10	5.52e-08	1.30e-05	5.34e-03	1.24e-01	8.70e-01
 1.94278e+21	0.00e+00	0.00e+00	0.00e+00	0.00e+00	0.00e+00	0.00e+00	0.00e+00	1.87e-26	1.65e-22	5.67e-19	8.13e-16	5.76e-13	2.28e-10	6.49e-08	1.46e-05	5.78e-03	1.29e-01	8.65e-01
 2.04074e+21	0.00e+00	0.00e+00	0.00e+00	0.00e+00	0.00e+00	0.00e+00	0.00e+00	2.84e-26	2.40e-22	7.93e-19	1.09e-15	7.42e-13	2.82e-10	7.68e-08	1.66e-05	6.26e-03	1.34e-01	8.60e-01
 2.16809e+21	0.00e+00	0.00e+00	0.00e+00	0.00e+00	0.00e+00	0.00e+00	0.00e+00	4.82e-26	3.88e-22	1.21e-18	1.59e-15	1.02e-12	3.69e-10	9.50e-08	1.94e-05	6.94e-03	1.40e-01	8.53e-01
 2.29611e+21	0.00e+00	0.00e+00	0.00e+00	0.00e+00	0.00e+00	0.00e+00	2.66e-30	8.16e-26	6.23e-22	1.85e-18	2.30e-15	1.41e-12	4.81e-10	1.17e-07	2.27e-05	7.68e-03	1.47e-01	8.46e-01
 2.39469e+21	0.00e+00	0.00e+00	0.00e+00	0.00e+00	0.00e+00	0.00e+00	4.11e-30	1.21e-25	8.91e-22	2.55e-18	3.04e-15	1.79e-12	5.89e-10	1.38e-07	2.55e-05	8.28e-03	1.52e-01	8.40e-01
 2.49253e+21	0.00e+00	0.00e+00	0.00e+00	0.00e+00	0.00e+00	0.00e+00	6.29e-30	1.79e-25	1.26e-21	3.48e-18	3.99e-15	2.27e-12	7.17e-10	1.61e-07	2.87e-05	8.92e-03	1.57e-01	8.34e-01
 2.61971e+21	0.00e+00	0.00e+00	0.00e+00	0.00e+00	0.00e+00	0.00e+00	1.08e-29	2.94e-25	1.97e-21	5.17e-18	5.66e-15	3.07e-12	9.23e-10	1.96e-07	3.32e-05	9.81e-03	1.64e-01	8.26e-01
 2.75086e+21	0.00e+00	0.00e+00	0.00e+00	0.00e+00	0.00e+00	0.00e+00	1.88e-29	4.85e-25	3.11e-21	7.75e-18	8.08e-15	4.16e-12	1.19e-09	2.40e-07	3.86e-05	1.08e-02	1.71e-01	8.18e-01
 2.85841e+21	0.00e+00	0.00e+00	0.00e+00	0.00e+00	0.00e+00	0.00e+00	2.93e-29	7.27e-25	4.47e-21	1.07e-17	1.07e-14	5.33e-12	1.47e-09	2.82e-07	4.36e-05	1.17e-02	1.77e-01	8.11e-01
 2.94819e+21	0.00e+00	0.00e+00	0.00e+00	0.00e+00	0.00e+00	0.00e+00	4.25e-29	1.02e-24	6.08e-21	1.41e-17	1.37e-14	6.56e-12	1.74e-09	3.24e-07	4.82e-05	1.24e-02	1.82e-01	8.05e-01
 3.04362e+21	0.00e+00	0.00e+00	0.00e+00	0.00e+00	0.00e+00	0.00e+00	6.19e-29	1.44e-24	8.29e-21	1.86e-17	1.74e-14	8.08e-12	2.08e-09	3.72e-07	5.34e-05	1.33e-02	1.88e-01	7.99e-01
 3.16769e+21	0.00e+00	0.00e+00	0.00e+00	0.00e+00	0.00e+00	0.00e+00	1.01e-28	2.25e-24	1.24e-20	2.66e-17	2.39e-14	1.06e-11	2.61e-09	4.45e-07	6.10e-05	1.45e-02	1.95e-01	7.91e-01
 3.29248e+21	0.00e+00	0.00e+00	0.00e+00	0.00e+00	0.00e+00	0.00e+00	1.64e-28	3.51e-24	1.85e-20	3.81e-17	3.27e-14	1.39e-11	3.28e-09	5.33e-07	6.97e-05	1.57e-02	2.02e-01	7.82e-01
 3.39032e+21	0.00e+00	0.00e+00	0.00e+00	0.00e+00	0.00e+00	0.00e+00	2.39e-28	4.94e-24	2.52e-20	5.01e-17	4.17e-14	1.72e-11	3.91e-09	6.11e-07	7.72e-05	1.68e-02	2.07e-01	7.76e-01
 3.48963e+21	0.00e+00	0.00e+00	0.00e+00	0.00e+00	0.00e+00	0.00e+00	3.47e-28	6.96e-24	3.44e-20	6.61e-17	5.32e-14	2.12e-11	4.67e-09	7.03e-07	8.55e-05	1.79e-02	2.13e-01	7.69e-01
 3.61873e+21	0.00e+00	0.00e+00	0.00e+00	0.00e+00	0.00e+00	0.00e+00	5.61e-28	1.08e-23	5.11e-20	9.41e-17	7.26e-14	2.78e-11	5.85e-09	8.39e-07	9.75e-05	1.94e-02	2.21e-01	7.60e-01
 3.74827e+21	0.00e+00	0.00e+00	0.00e+00	0.00e+00	0.00e+00	0.00e+00	9.03e-28	1.67e-23	7.56e-20	1.34e-16	9.88e-14	3.63e-11	7.32e-09	1.00e-06	1.11e-04	2.11e-02	2.29e-01	7.50e-01
 3.84937e+21	0.00e+00	0.00e+00	0.00e+00	0.00e+00	0.00e+00	0.00e+00	1.30e-27	2.33e-23	1.02e-19	1.75e-16	1.25e-13	4.46e-11	8.70e-09	1.15e-06	1.23e-04	2.25e-02	2.35e-01	7.43e-01
 3.95179e+21	0.00e+00	0.00e+00	0.00e+00	0.00e+00	0.00e+00	0.00e+00	1.87e-27	3.25e-23	1.38e-19	2.29e-16	1.59e-13	5.48e-11	1.03e-08	1.31e-06	1.35e-04	2.39e-02	2.41e-01	7.35e-01
 4.08494e+21	0.00e+00	0.00e+00	0.00e+00	0.00e+00	0.00e+00	0.00e+00	2.98e-27	4.97e-23	2.03e-19	3.23e-16	2.15e-13	7.12e-11	1.29e-08	1.56e-06	1.54e-04	2.59e-02	2.49e-01	7.25e-01
 4.21343e+21	0.00e+00	0.00e+00	0.00e+00	0.00e+00	0.00e+00	0.00e+00	4.65e-27	7.48e-23	2.94e-19	4.49e-16	2.88e-13	9.17e-11	1.59e-08	1.84e-06	1.74e-04	2.79e-02	2.57e-01	7.15e-01
 4.30651e+21	0.00e+00	0.00e+00	0.00e+00	0.00e+00	0.00e+00	0.00e+00	6.38e-27	9.99e-23	3.82e-19	5.68e-16	3.54e-13	1.10e-10	1.85e-08	2.07e-06	1.90e-04	2.95e-02	2.62e-01	7.08e-01
 4.39814e+21	0.00e+00	0.00e+00	0.00e+00	0.00e+00	0.00e+00	0.00e+00	8.68e-27	1.32e-22	4.93e-19	7.14e-16	4.33e-13	1.31e-10	2.15e-08	2.32e-06	2.06e-04	3.10e-02	2.68e-01	7.01e-01
 4.51726e+21	0.00e+00	0.00e+00	0.00e+00	0.00e+00	0.00e+00	0.00e+00	1.29e-26	1.90e-22	6.84e-19	9.57e-16	5.61e-13	1.64e-10	2.60e-08	2.69e-06	2.30e-04	3.32e-02	2.75e-01	6.92e-01
 4.64340e+21	0.00e+00	0.00e+00	0.00e+00	0.00e+00	0.00e+00	0.00e+00	1.95e-26	2.78e-22	9.65e-19	1.30e-15	7.37e-13	2.07e-10	3.17e-08	3.14e-06	2.57e-04	3.56e-02	2.83e-01	6.82e-01
 4.75161e+21	0.00e+00	0.00e+00	0.00e+00	0.00e+00	0.00e+00	0.00e+00	2.76e-26	3.83e-22	1.29e-18	1.69e-15	9.27e-13	2.53e-10	3.75e-08	3.58e-06	2.83e-04	3.78e-02	2.89e-01	6.73e-01
 4.84773e+21	0.00e+00	0.00e+00	0.00e+00	0.00e+00	0.00e+00	1.81e-30	3.75e-26	5.08e-22	1.67e-18	2.12e-15	1.14e-12	3.02e-10	4.35e-08	4.02e-06	3.08e-04	3.98e-02	2.95e-01	6.65e-01
 4.95521e+21	0.00e+00	0.00e+00	0.00e+00	0.00e+00	0.00e+00	2.63e-30	5.24e-26	6.91e-22	2.20e-18	2.73e-15	1.42e-12	3.67e-10	5.11e-08	4.56e-06	3.38e-04	4.21e-02	3.01e-01	6.56e-01
 5.09494e+21	0.00e+00	0.00e+00	0.00e+00	0.00e+00	0.00e+00	4.27e-30	8.07e-26	1.03e-21	3.16e-18	3.77e-15	1.89e-12	4.70e-10	6.30e-08	5.37e-06	3.80e-04	4.52e-02	3.10e-01	6.45e-01
 5.23415e+21	0.00e+00	0.00e+00	0.00e+00	0.00e+00	0.00e+00	6.87e-30	1.23e-25	1.52e-21	4.51e-18	5.19e-15	2.50e-12	6.01e-10	7.75e-08	6.31e-06	4.27e-04	4.86e-02	3.18e-01	6.33e-01
 5.34143e+21	0.00e+00	0.00e+00	0.00e+00	0.00e+00	0.00e+00	9.86e-30	1.70e-25	2.04e-21	5.90e-18	6.61e-15	3.10e-12	7.25e-10	9.07e-08	7.13e-06	4.67e-04	5.12e-02	3.24e-01	6.24e-01
 5.43471e+21	0.00e+00	0.00e+00	0.00e+00	0.00e+00	0.00e+00	1.35e-29	2.25e-25	2.64e-21	7.45e-18	8.15e-15	3.73e-12	8.52e-10	1.04e-07	7.92e-06	5.04e-04	5.37e-02	3.29e-01	6.16e-01
 5.54104e+21	0.00e+00	0.00e+00	0.00e+00	0.00e+00	0.00e+00	1.90e-29	3.06e-25	3.51e-21	9.65e-18	1.03e-14	4.59e-12	1.02e-09	1.21e-07	8.91e-06	5.49e-04	5.65e-02	3.35e-01	6.08e-01
 5.67926e+21	0.00e+00	0.00e+00	0.00e+00	0.00e+00	0.00e+00	2.98e-29	4.55e-25	5.06e-21	1.35e-17	1.39e-14	5.98e-12	1.29e-09	1.47e-07	1.04e-05	6.12e-04	6.03e-02	3.43e-01	5.96e-01
 5.81992e+21	0.00e+00	0.00e+00	0.00e+00	0.00e+00	0.00e+00	4.66e-29	6.79e-25	7.32e-21	1.89e-17	1.88e-14	7.83e-12	1.63e-09	1.79e-07	1.21e-05	6.83e-04	6.44e-02	3.51e-01	5.84e-01
 5.93248e+21	0.00e+00	0.00e+00	0.00e+00	0.00e+00	0.00e+00	6.65e-29	9.29e-25	9.79e-21	2.46e-17	2.39e-14	9.68e-12	1.96e-09	2.09e-07	1.36e-05	7.45e-04	6.78e-02	3.57e-01	5.74e-01
 6.04754e+21	0.00e+00	0.00e+00	0.00e+00	0.00e+00	0.00e+00	9.48e-29	1.27e-24	1.31e-20	3.21e-17	3.03e-14	1.20e-11	2.36e-09	2.45e-07	1.54e-05	8.13e-04	7.14e-02	3.63e-01	5.65e-01
 6.19713e+21	0.00e+00	0.00e+00	0.00e+00	0.00e+00	0.00e+00	1.49e-28	1.91e-24	1.91e-20	4.51e-17	4.12e-14	1.57e-11	3.00e-09	2.99e-07	1.79e-05	9.08e-04	7.62e-02	3.71e-01	5.52e-01
 6.34477e+21	0.00e+00	0.00e+00	0.00e+00	0.00e+00	0.00e+00	2.33e-28	2.83e-24	2.75e-20	6.30e-17	5.58e-14	2.06e-11	3.79e-09	3.65e-07	2.09e-05	1.01e-03	8.12e-02	3.78e-01	5.39e-01
 6.45655e+21	0.00e+00	0.00e+00	0.00e+00	0.00e+00	0.00e+00	3.25e-28	3.79e-24	3.60e-20	8.08e-17	6.98e-14	2.51e-11	4.51e-09	4.22e-07	2.34e-05	1.10e-03	8.51e-02	3.84e-01	5.30e-01
 6.56852e+21	0.00e+00	0.00e+00	0.00e+00	0.00e+00	0.00e+00	4.50e-28	5.06e-24	4.71e-20	1.03e-16	8.71e-14	3.06e-11	5.36e-09	4.88e-07	2.61e-05	1.19e-03	8.91e-02	3.89e-01	5.21e-01
 6.71407e+21	0.00e+00	0.00e+00	0.00e+00	0.00e+00	0.00e+00	6.82e-28	7.30e-24	6.63e-20	1.41e-16	1.16e-13	3.93e-11	6.68e-09	5.87e-07	3.01e-05	1.31e-03	9.45e-02	3.96e-01	5.08e-01
 6.86612e+21	0.00e+00	0.00e+00	0.00e+00	0.00e+00	0.00e+00	1.05e-27	1.07e-23	9.44e-20	1.95e-16	1.55e-13	5.10e-11	8.40e-09	7.12e-07	3.49e-05	1.46e-03	1.00e-01	4.03e-01	4.96e-01
 6.99354e+21	0.00e+00	0.00e+00	0.00e+00	0.00e+00	0.00e+00	1.49e-27	1.46e-23	1.26e-19	2.55e-16	1.97e-13	6.33e-11	1.01e-08	8.34e-07	3.93e-05	1.59e-03	1.05e-01	4.08e-01	4.85e-01
 7.12609e+21	0.00e+00	0.00e+00	0.00e+00	0.00e+00	0.00e+00	2.14e-27	2.01e-23	1.70e-19	3.35e-16	2.53e-13	7.88e-11	1.23e-08	9.79e-07	4.45e-05	1.73e-03	1.11e-01	4.13e-01	4.74e-01
 7.27309e+21	0.00e+00	0.00e+00	0.00e+00	0.00e+00	0.00e+00	3.18e-27	2.84e-23	2.35e-19	4.51e-16	3.31e-13	1.00e-10	1.52e-08	1.17e-06	5.09e-05	1.90e-03	1.17e-01	4.19e-01	4.62e-01
 7.40883e+21	0.00e+00	0.00e+00	0.00e+00	0.00e+00	0.00e+00	4.55e-27	3.90e-23	3.16e-19	5.92e-16	4.23e-13	1.25e-10	1.84e-08	1.37e-06	5.75e-05	2.07e-03	1.23e-01	4.24e-01	4.51e-01
 7.53591e+21	0.00e+00	0.00e+00	0.00e+00	0.00e+00	0.00e+00	6.35e-27	5.23e-23	4.16e-19	7.63e-16	5.33e-13	1.53e-10	2.20e-08	1.60e-06	6.45e-05	2.24e-03	1.28e-01	4.29e-01	4.41e-01
 7.68179e+21	0.00e+00	0.00e+00	0.00e+00	0.00e+00	0.00e+00	9.16e-27	7.22e-23	5.63e-19	1.01e-15	6.85e-13	1.92e-10	2.67e-08	1.88e-06	7.30e-05	2.44e-03	1.34e-01	4.33e-01	4.30e-01
 7.84200e+21	0.00e+00	0.00e+00	0.00e+00	0.00e+00	0.00e+00	1.37e-26	1.03e-22	7.84e-19	1.37e-15	9.03e-13	2.45e-10	3.32e-08	2.25e-06	8.37e-05	2.69e-03	1.42e-01	4.38e-01	4.17e-01
 7.98611e+21	0.00e+00	0.00e+00	0.00e+00	0.00e+00	0.00e+00	1.95e-26	1.40e-22	1.05e-18	1.79e-15	1.15e-12	3.05e-10	4.01e-08	2.64e-06	9.45e-05	2.92e-03	1.48e-01	4.42e-01	4.06e-01
 8.11801e+21	0.00e+00	0.00e+00	0.00e+00	0.00e+00	0.00e+00	2.69e-26	1.86e-22	1.37e-18	2.29e-15	1.44e-12	3.72e-10	4.78e-08	3.05e-06	1.05e-04	3.15e-03	1.55e-01	4.46e-01	3.96e-01
 8.26879e+21	0.00e+00	0.00e+00	0.00e+00	0.00e+00	2.44e-30	3.83e-26	2.54e-22	1.83e-18	2.99e-15	1.84e-12	4.61e-10	5.77e-08	3.57e-06	1.19e-04	3.42e-03	1.62e-01	4.49e-01	3.85e-01
 8.43831e+21	0.00e+00	0.00e+00	0.00e+00	0.00e+00	3.81e-30	5.68e-26	3.59e-22	2.54e-18	4.04e-15	2.42e-12	5.88e-10	7.13e-08	4.25e-06	1.36e-04	3.74e-03	1.70e-01	4.53e-01	3.73e-01
 8.59321e+21	0.00e+00	0.00e+00	0.00e+00	0.00e+00	5.68e-30	8.10e-26	4.90e-22	3.41e-18	5.29e-15	3.09e-12	7.31e-10	8.62e-08	4.98e-06	1.53e-04	4.06e-03	1.77e-01	4.56e-01	3.62e-01
 8.73109e+21	0.00e+00	0.00e+00	0.00e+00	0.00e+00	8.04e-30	1.10e-25	6.43e-22	4.40e-18	6.70e-15	3.82e-12	8.84e-10	1.02e-07	5.71e-06	1.69e-04	4.35e-03	1.84e-01	4.59e-01	3.53e-01
 8.88585e+21	0.00e+00	0.00e+00	0.00e+00	0.00e+00	1.18e-29	1.55e-25	8.66e-22	5.82e-18	8.68e-15	4.84e-12	1.09e-09	1.22e-07	6.64e-06	1.90e-04	4.70e-03	1.92e-01	4.61e-01	3.43e-01
 9.08704e+21	0.00e+00	0.00e+00	0.00e+00	0.00e+00	1.92e-29	2.38e-25	1.26e-21	8.32e-18	1.21e-14	6.53e-12	1.42e-09	1.54e-07	8.04e-06	2.19e-04	5.17e-03	2.02e-01	4.64e-01	3.30e-01
 9.29112e+21	0.00e+00	0.00e+00	0.00e+00	0.00e+00	3.12e-29	3.66e-25	1.84e-21	1.19e-17	1.68e-14	8.80e-12	1.85e-09	1.94e-07	9.73e-06	2.52e-04	5.69e-03	2.12e-01	4.66e-01	3.17e-01
 9.45464e+21	0.00e+00	0.00e+00	0.00e+00	0.00e+00	4.56e-29	5.13e-25	2.48e-21	1.57e-17	2.17e-14	1.11e-11	2.28e-09	2.32e-07	1.13e-05	2.82e-04	6.13e-03	2.20e-01	4.67e-01	3.07e-01
 9.62288e+21	0.00e+00	0.00e+00	0.00e+00	0.00e+00	6.67e-29	7.19e-25	3.34e-21	2.08e-17	2.81e-14	1.41e-11	2.80e-09	2.77e-07	1.31e-05	3.15e-04	6.60e-03	2.28e-01	4.68e-01	2.97e-01
 9.84159e+21	0.00e+00	0.00e+00	0.00e+00	0.00e+00	1.08e-28	1.10e-24	4.86e-21	2.97e-17	3.90e-14	1.89e-11	3.64e-09	3.48e-07	1.58e-05	3.62e-04	7.24e-03	2.39e-01	4.69e-01	2.84e-01
 1.00590e+22	0.00e+00	0.00e+00	0.00e+00	0.00e+00	1.74e-28	1.68e-24	7.04e-21	4.21e-17	5.39e-14	2.54e-11	4.72e-09	4.36e-07	1.90e-05	4.15e-04	7.92e-03	2.50e-01	4.69e-01	2.72e-01
 1.02262e+22	0.00e+00	0.00e+00	0.00e+00	0.00e+00	2.48e-28	2.31e-24	9.29e-21	5.47e-17	6.87e-14	3.16e-11	5.73e-09	5.15e-07	2.17e-05	4.60e-04	8.47e-03	2.59e-01	4.69e-01	2.63e-01
 1.03953e+22	0.00e+00	0.00e+00	0.00e+00	0.00e+00	3.53e-28	3.15e-24	1.22e-20	7.09e-17	8.73e-14	3.92e-11	6.93e-09	6.07e-07	2.49e-05	5.08e-04	9.04e-03	2.67e-01	4.68e-01	2.55e-01
 1.06151e+22	0.00e+00	0.00e+00	0.00e+00	0.00e+00	5.51e-28	4.68e-24	1.73e-20	9.85e-17	1.18e-13	5.17e-11	8.83e-09	7.48e-07	2.95e-05	5.76e-04	9.82e-03	2.78e-01	4.68e-01	2.44e-01
 1.08481e+22	0.00e+00	0.00e+00	0.00e+00	0.00e+00	8.79e-28	7.09e-24	2.49e-20	1.39e-16	1.62e-13	6.89e-11	1.14e-08	9.30e-07	3.52e-05	6.57e-04	1.07e-02	2.90e-01	4.66e-01	2.33e-01
 1.10493e+22	0.00e+00	0.00e+00	0.00e+00	0.00e+00	1.30e-27	1.01e-23	3.38e-20	1.86e-16	2.12e-13	8.78e-11	1.41e-08	1.12e-06	4.09e-05	7.33e-04	1.15e-02	2.99e-01	4.65e-01	2.24e-01
 1.12340e+22	0.00e+00	0.00e+00	0.00e+00	0.00e+00	1.86e-27	1.38e-23	4.46e-20	2.41e-16	2.70e-13	1.09e-10	1.70e-08	1.32e-06	4.67e-05	8.09e-04	1.22e-02	3.08e-01	4.63e-01	2.16e-01
 1.14463e+22	0.00e+00	0.00e+00	0.00e+00	0.00e+00	2.76e-27	1.96e-23	6.08e-20	3.24e-16	3.54e-13	1.39e-10	2.11e-08	1.58e-06	5.42e-05	9.03e-04	1.31e-02	3.19e-01	4.60e-01	2.07e-01
 1.16777e+22	0.00e+00	0.00e+00	0.00e+00	0.00e+00	4.23e-27	2.86e-23	8.48e-20	4.43e-16	4.73e-13	1.81e-10	2.66e-08	1.92e-06	6.35e-05	1.01e-03	1.41e-02	3.30e-01	4.58e-01	1.98e-01
 1.18859e+22	0.00e+00	0.00e+00	0.00e+00	0.00e+00	6.16e-27	3.99e-23	1.14e-19	5.85e-16	6.12e-13	2.28e-10	3.25e-08	2.29e-06	7.31e-05	1.12e-03	1.51e-02	3.39e-01	4.55e-01	1.90e-01
 1.21087e+22	0.00e+00	0.00e+00	0.00e+00	0.00e+00	9.10e-27	5.65e-23	1.54e-19	7.82e-16	7.99e-13	2.90e-10	4.01e-08	2.74e-06	8.45e-05	1.25e-03	1.61e-02	3.49e-01	4.52e-01	1.82e-01
 1.23581e+22	0.00e+00	0.00e+00	0.00e+00	0.00e+00	1.40e-26	8.30e-23	2.16e-19	1.08e-15	1.07e-12	3.78e-10	5.06e-08	3.34e-06	9.91e-05	1.40e-03	1.73e-02	3.61e-01	4.48e-01	1.73e-01
 1.25922e+22	0.00e+00	0.00e+00	0.00e+00	1.86e-30	2.09e-26	1.18e-22	2.95e-19	1.44e-15	1.41e-12	4.83e-10	6.26e-08	4.00e-06	1.15e-04	1.56e-03	1.85e-02	3.71e-01	4.44e-01	1.65e-01
 1.28128e+22	0.00e+00	0.00e+00	0.00e+00	2.80e-30	3.01e-26	1.64e-22	3.93e-19	1.89e-15	1.80e-12	6.05e-10	7.62e-08	4.73e-06	1.31e-04	1.72e-03	1.97e-02	3.81e-01	4.40e-01	1.58e-01
 1.30660e+22	0.00e+00	0.00e+00	0.00e+00	4.41e-30	4.54e-26	2.36e-22	5.41e-19	2.57e-15	2.39e-12	7.78e-10	9.49e-08	5.69e-06	1.52e-04	1.92e-03	2.11e-02	3.92e-01	4.35e-01	1.50e-01
 1.33473e+22	0.00e+00	0.00e+00	0.00e+00	7.26e-30	7.11e-26	3.51e-22	7.68e-19	3.58e-15	3.24e-12	1.02e-09	1.21e-07	6.98e-06	1.79e-04	2.16e-03	2.27e-02	4.04e-01	4.29e-01	1.42e-01
 1.36091e+22	0.00e+00	0.00e+00	0.00e+00	1.14e-29	1.07e-25	5.06e-22	1.06e-18	4.85e-15	4.29e-12	1.32e-09	1.50e-07	8.40e-06	2.08e-04	2.40e-03	2.42e-02	4.14e-01	4.24e-01	1.35e-01
 1.38934e+22	0.00e+00	0.00e+00	0.00e+00	1.85e-29	1.65e-25	7.43e-22	1.48e-18	6.68e-15	5.75e-12	1.72e-09	1.89e-07	1.02e-05	2.43e-04	2.69e-03	2.59e-02	4.26e-01	4.18e-01	1.28e-01
 1.41922e+22	0.00e+00	0.00e+00	0.00e+00	3.04e-29	2.59e-25	1.11e-21	2.11e-18	9.31e-15	7.81e-12	2.26e-09	2.40e-07	1.25e-05	2.85e-04	3.02e-03	2.78e-02	4.37e-01	4.11e-01	1.21e-01
 1.44457e+22	0.00e+00	0.00e+00	0.00e+00	4.61e-29	3.76e-25	1.54e-21	2.82e-18	1.23e-14	1.01e-11	2.84e-09	2.92e-07	1.48e-05	3.26e-04	3.32e-03	2.94e-02	4.47e-01	4.05e-01	1.15e-01
 1.47111e+22	0.00e+00	0.00e+00	0.00e+00	7.03e-29	5.50e-25	2.16e-21	3.79e-18	1.63e-14	1.31e-11	3.58e-09	3.58e-07	1.75e-05	3.73e-04	3.66e-03	3.12e-02	4.56e-01	3.99e-01	1.09e-01
 1.50562e+22	0.00e+00	0.00e+00	0.00e+00	1.20e-28	8.91e-25	3.33e-21	5.52e-18	2.33e-14	1.82e-11	4.81e-09	4.62e-07	2.17e-05	4.42e-04	4.13e-03	3.36e-02	4.69e-01	3.91e-01	1.02e-01
 1.54082e+22	0.00e+00	0.00e+00	0.00e+00	2.07e-28	1.45e-24	5.13e-21	8.08e-18	3.35e-14	2.53e-11	6.49e-09	5.98e-07	2.70e-05	5.25e-04	4.67e-03	3.61e-02	4.81e-01	3.83e-01	9.53e-02
 1.56893e+22	0.00e+00	0.00e+00	0.00e+00	3.16e-28	2.13e-24	7.20e-21	1.09e-17	4.44e-14	3.29e-11	8.19e-09	7.32e-07	3.19e-05	6.00e-04	5.14e-03	3.82e-02	4.90e-01	3.76e-01	9.03e-02
 1.59745e+22	0.00e+00	0.00e+00	0.00e+00	4.80e-28	3.10e-24	1.01e-20	1.46e-17	5.86e-14	4.25e-11	1.03e-08	8.93e-07	3.77e-05	6.84e-04	5.64e-03	4.03e-02	4.99e-01	3.69e-01	8.55e-02
 1.63453e+22	0.00e+00	0.00e+00	0.00e+00	8.16e-28	5.00e-24	1.54e-20	2.11e-17	8.36e-14	5.89e-11	1.38e-08	1.15e-06	4.66e-05	8.08e-04	6.35e-03	4.32e-02	5.10e-01	3.60e-01	7.97e-02
 1.67298e+22	0.00e+00	0.00e+00	0.00e+00	1.41e-27	8.17e-24	2.38e-20	3.09e-17	1.20e-13	8.23e-11	1.86e-08	1.49e-06	5.78e-05	9.58e-04	7.16e-03	4.63e-02	5.21e-01	3.51e-01	7.40e-02
 1.70229e+22	0.00e+00	0.00e+00	0.00e+00	2.12e-27	1.18e-23	3.30e-20	4.12e-17	1.58e-13	1.06e-10	2.33e-08	1.81e-06	6.80e-05	1.09e-03	7.83e-03	4.87e-02	5.29e-01	3.44e-01	6.99e-02
 1.72522e+22	0.00e+00	0.00e+00	0.00e+00	2.89e-27	1.56e-23	4.22e-20	5.12e-17	1.95e-13	1.28e-10	2.77e-08	2.09e-06	7.68e-05	1.20e-03	8.37e-03	5.06e-02	5.35e-01	3.38e-01	6.70e-02
 1.75079e+22	0.00e+00	0.00e+00	0.00e+00	4.10e-27	2.13e-23	5.57e-20	6.51e-17	2.45e-13	1.59e-10	3.35e-08	2.47e-06	8.81e-05	1.33e-03	9.03e-03	5.28e-02	5.41e-01	3.32e-01	6.38e-02
 1.78403e+22	0.00e+00	0.00e+00	0.00e+00	6.29e-27	3.14e-23	7.85e-20	8.79e-17	3.27e-13	2.06e-10	4.23e-08	3.02e-06	1.04e-04	1.52e-03	9.90e-03	5.56e-02	5.49e-01	3.24e-01	6.00e-02
 1.82026e+22	0.00e+00	0.00e+00	0.00e+00	1.02e-26	4.83e-23	1.15e-19	1.23e-16	4.50e-13	2.77e-10	5.52e-08	3.79e-06	1.26e-04	1.76e-03	1.10e-02	5.89e-02	5.57e-01	3.15e-01	5.59e-02
 1.85183e+22	0.00e+00	0.00e+00	0.00e+00	1.53e-26	6.96e-23	1.59e-19	1.62e-16	5.90e-13	3.56e-10	6.90e-08	4.59e-06	1.48e-04	2.00e-03	1.20e-02	6.18e-02	5.64e-01	3.08e-01	5.26e-02
 1.88005e+22	0.00e+00	0.00e+00	0.00e+00	2.18e-26	9.59e-23	2.11e-19	2.08e-16	7.48e-13	4.43e-10	8.40e-08	5.44e-06	1.70e-04	2.23e-03	1.29e-02	6.45e-02	5.69e-01	3.01e-01	4.99e-02
 1.90751e+22	0.00e+00	0.00e+00	1.87e-30	3.07e-26	1.30e-22	2.76e-19	2.63e-16	9.39e-13	5.46e-10	1.01e-07	6.38e-06	1.94e-04	2.47e-03	1.39e-02	6.70e-02	5.75e-01	2.94e-01	4.74e-02
 1.93830e+22	0.00e+00	0.00e+00	2.81e-30	4.45e-26	1.82e-22	3.71e-19	3.40e-16	1.20e-12	6.85e-10	1.24e-07	7.59e-06	2.24e-04	2.76e-03	1.50e-02	6.99e-02	5.80e-01	2.87e-01	4.48e-02
 1.97202e+22	0.00e+00	0.00e+00	4.44e-30	6.72e-26	2.63e-22	5.14e-19	4.52e-16	1.58e-12	8.84e-10	1.56e-07	9.23e-06	2.64e-04	3.13e-03	1.64e-02	7.33e-02	5.85e-01	2.80e-01	4.20e-02
 2.00179e+22	0.00e+00	0.00e+00	6.57e-30	9.61e-26	3.63e-22	6.82e-19	5.77e-16	2.01e-12	1.10e-09	1.90e-07	1.09e-05	3.03e-04	3.49e-03	1.76e-02	7.62e-02	5.90e-01	2.73e-01	3.96e-02
 2.02851e+22	0.00e+00	0.00e+00	9.30e-30	1.32e-25	4.81e-22	8.75e-19	7.16e-16	2.47e-12	1.34e-09	2.25e-07	1.27e-05	3.42e-04	3.84e-03	1.88e-02	7.89e-02	5.94e-01	2.67e-01	3.77e-02
 2.05899e+22	0.00e+00	0.00e+00	1.37e-29	1.87e-25	6.59e-22	1.15e-18	9.11e-16	3.13e-12	1.66e-09	2.73e-07	1.49e-05	3.92e-04	4.26e-03	2.02e-02	8.20e-02	5.97e-01	2.60e-01	3.56e-02
 2.09092e+22	0.00e+00	0.00e+00	2.06e-29	2.70e-25	9.16e-22	1.54e-18	1.17e-15	3.99e-12	2.08e-09	3.35e-07	1.78e-05	4.52e-04	4.76e-03	2.18e-02	8.53e-02	6.01e-01	2.53e-01	3.35e-02
 2.11763e+22	0.00e+00	0.00e+00	2.88e-29	3.67e-25	1.20e-21	1.96e-18	1.44e-15	4.89e-12	2.51e-09	3.96e-07	2.05e-05	5.09e-04	5.21e-03	2.32e-02	8.81e-02	6.04e-01	2.47e-01	3.18e-02
 2.14524e+22	0.00e+00	0.00e+00	4.04e-29	4.99e-25	1.59e-21	2.50e-18	1.78e-15	6.00e-12	3.03e-09	4.69e-07	2.37e-05	5.74e-04	5.71e-03	2.47e-02	9.10e-02	6.07e-01	2.41e-01	3.02e-02
 2.18112e+22	0.00e+00	0.00e+00	6.22e-29	7.38e-25	2.25e-21	3.40e-18	2.32e-15	7.78e-12	3.85e-09	5.81e-07	2.85e-05	6.67e-04	6.42e-03	2.67e-02	9.47e-02	6.09e-01	2.34e-01	2.83e-02
 2.21728e+22	0.00e+00	0.00e+00	9.66e-29	1.10e-24	3.21e-21	4.65e-18	3.04e-15	1.01e-11	4.93e-09	7.24e-07	3.43e-05	7.77e-04	7.22e-03	2.89e-02	9.86e-02	6.12e-01	2.26e-01	2.64e-02
 2.24536e+22	0.00e+00	0.00e+00	1.35e-28	1.49e-24	4.22e-21	5.91e-18	3.73e-15	1.24e-11	5.94e-09	8.56e-07	3.96e-05	8.74e-04	7.90e-03	3.07e-02	1.02e-01	6.13e-01	2.21e-01	2.50e-02
 2.27345e+22	0.00e+00	0.00e+00	1.88e-28	2.01e-24	5.50e-21	7.46e-18	4.56e-15	1.51e-11	7.14e-09	1.01e-06	4.55e-05	9.80e-04	8.62e-03	3.26e-02	1.05e-01	6.14e-01	2.15e-01	2.37e-02
 2.30997e+22	0.00e+00	0.00e+00	2.86e-28	2.94e-24	7.72e-21	1.00e-17	5.89e-15	1.95e-11	9.02e-09	1.24e-06	5.44e-05	1.13e-03	9.64e-03	3.52e-02	1.09e-01	6.16e-01	2.08e-01	2.21e-02
 2.34579e+22	0.00e+00	0.00e+00	4.35e-28	4.29e-24	1.08e-20	1.35e-17	7.59e-15	2.50e-11	1.14e-08	1.53e-06	6.50e-05	1.31e-03	1.08e-02	3.79e-02	1.13e-01	6.16e-01	2.01e-01	2.06e-02
 2.37232e+22	0.00e+00	0.00e+00	5.90e-28	5.65e-24	1.38e-20	1.67e-17	9.12e-15	3.00e-11	1.35e-08	1.78e-06	7.40e-05	1.46e-03	1.17e-02	4.00e-02	1.16e-01	6.16e-01	1.96e-01	1.96e-02
 2.39843e+22	0.00e+00	0.00e+00	7.91e-28	7.36e-24	1.75e-20	2.05e-17	1.09e-14	3.57e-11	1.59e-08	2.06e-06	8.37e-05	1.61e-03	1.26e-02	4.21e-02	1.18e-01	6.16e-01	1.91e-01	1.86e-02
 2.43237e+22	0.00e+00	0.00e+00	1.15e-27	1.03e-23	2.37e-20	2.67e-17	1.36e-14	4.47e-11	1.95e-08	2.48e-06	9.81e-05	1.83e-03	1.39e-02	4.49e-02	1.22e-01	6.15e-01	1.84e-01	1.75e-02
 2.46826e+22	0.00e+00	0.00e+00	1.72e-27	1.48e-23	3.27e-20	3.54e-17	1.73e-14	5.68e-11	2.44e-08	3.03e-06	1.16e-04	2.10e-03	1.54e-02	4.81e-02	1.26e-01	6.14e-01	1.78e-01	1.63e-02
 2.49864e+22	0.00e+00	0.00e+00	2.40e-27	2.01e-23	4.28e-20	4.48e-17	2.12e-14	6.93e-11	2.94e-08	3.58e-06	1.34e-04	2.36e-03	1.68e-02	5.09e-02	1.29e-01	6.13e-01	1.72e-01	1.53e-02
 2.53007e+22	0.00e+00	0.00e+00	3.37e-27	2.72e-23	5.60e-20	5.66e-17	2.59e-14	8.47e-11	3.55e-08	4.23e-06	1.54e-04	2.65e-03	1.84e-02	5.39e-02	1.33e-01	6.11e-01	1.67e-01	1.44e-02
 2.57093e+22	0.00e+00	0.00e+00	5.20e-27	4.03e-23	7.93e-20	7.66e-17	3.34e-14	1.10e-10	4.51e-08	5.25e-06	1.85e-04	3.07e-03	2.06e-02	5.80e-02	1.37e-01	6.08e-01	1.60e-01	1.33e-02
 2.61171e+22	0.00e+00	0.00e+00	8.06e-27	5.98e-23	1.13e-19	1.04e-16	4.33e-14	1.42e-10	5.74e-08	6.52e-06	2.23e-04	3.56e-03	2.30e-02	6.24e-02	1.41e-01	6.04e-01	1.53e-01	1.22e-02
 2.64176e+22	0.00e+00	0.00e+00	1.11e-26	7.97e-23	1.45e-19	1.30e-16	5.22e-14	1.71e-10	6.85e-08	7.64e-06	2.55e-04	3.97e-03	2.49e-02	6.58e-02	1.45e-01	6.01e-01	1.48e-01	1.15e-02
 2.67018e+22	0.00e+00	0.00e+00	1.49e-26	1.04e-22	1.84e-19	1.59e-16	6.19e-14	2.04e-10	8.05e-08	8.83e-06	2.88e-04	4.38e-03	2.69e-02	6.90e-02	1.48e-01	5.98e-01	1.43e-01	1.09e-02
 2.70713e+22	0.00e+00	0.00e+00	2.17e-26	1.46e-22	2.48e-19	2.06e-16	7.71e-14	2.54e-10	9.91e-08	1.06e-05	3.37e-04	4.97e-03	2.96e-02	7.34e-02	1.51e-01	5.93e-01	1.37e-01	1.01e-02
 2.74515e+22	0.00e+00	0.00e+00	3.22e-26	2.08e-22	3.40e-19	2.70e-16	9.69e-14	3.20e-10	1.23e-07	1.29e-05	3.97e-04	5.67e-03	3.26e-02	7.81e-02	1.55e-01	5.87e-01	1.31e-01	9.30e-03
 2.77587e+22	0.00e+00	0.00e+00	4.44e-26	2.78e-22	4.38e-19	3.36e-16	1.16e-13	3.86e-10	1.47e-07	1.51e-05	4.54e-04	6.31e-03	3.53e-02	8.22e-02	1.58e-01	5.82e-01	1.26e-01	8.70e-03
 2.80713e+22	0.00e+00	2.32e-30	6.03e-26	3.65e-22	5.58e-19	4.14e-16	1.39e-13	4.61e-10	1.73e-07	1.75e-05	5.14e-04	6.97e-03	3.81e-02	8.61e-02	1.61e-01	5.77e-01	1.22e-01	8.17e-03
 2.84776e+22	0.00e+00	3.60e-30	8.99e-26	5.23e-22	7.66e-19	5.44e-16	1.75e-13	5.81e-10	2.15e-07	2.13e-05	6.06e-04	7.95e-03	4.20e-02	9.15e-02	1.65e-01	5.70e-01	1.16e-01	7.50e-03
 2.88926e+22	0.00e+00	5.69e-30	1.36e-25	7.59e-22	1.06e-18	7.22e-16	2.21e-13	7.38e-10	2.69e-07	2.61e-05	7.19e-04	9.11e-03	4.64e-02	9.74e-02	1.68e-01	5.61e-01	1.10e-01	6.84e-03
 2.92196e+22	0.00e+00	8.20e-30	1.90e-25	1.02e-21	1.38e-18	9.03e-16	2.66e-13	8.92e-10	3.22e-07	3.06e-05	8.23e-04	1.01e-02	5.02e-02	1.02e-01	1.71e-01	5.54e-01	1.05e-01	6.35e-03
 2.95009e+22	0.00e+00	1.10e-29	2.47e-25	1.29e-21	1.70e-18	1.08e-15	3.10e-13	1.04e-09	3.71e-07	3.48e-05	9.16e-04	1.10e-02	5.34e-02	1.06e-01	1.73e-01	5.48e-01	1.02e-01	5.98e-03
 2.98218e+22	0.00e+00	1.54e-29	3.36e-25	1.70e-21	2.17e-18	1.33e-15	3.68e-13	1.23e-09	4.36e-07	4.03e-05	1.04e-03	1.22e-02	5.74e-02	1.11e-01	1.76e-01	5.40e-01	9.73e-02	5.57e-03
 3.02390e+22	0.00e+00	2.37e-29	4.98e-25	2.42e-21	2.96e-18	1.73e-15	4.59e-13	1.54e-09	5.37e-07	4.86e-05	1.21e-03	1.38e-02	6.28e-02	1.17e-01	1.78e-01	5.30e-01	9.19e-02	5.08e-03
 3.06723e+22	0.00e+00	3.74e-29	7.52e-25	3.51e-21	4.10e-18	2.29e-15	5.78e-13	1.94e-09	6.67e-07	5.91e-05	1.43e-03	1.57e-02	6.90e-02	1.24e-01	1.81e-01	5.18e-01	8.65e-02	4.60e-03
 3.10280e+22	0.00e+00	5.41e-29	1.05e-24	4.73e-21	5.33e-18	2.87e-15	6.97e-13	2.34e-09	7.95e-07	6.92e-05	1.63e-03	1.74e-02	7.44e-02	1.29e-01	1.83e-01	5.08e-01	8.21e-02	4.23e-03
 3.13919e+22	0.00e+00	7.78e-29	1.46e-24	6.36e-21	6.91e-18	3.58e-15	8.37e-13	2.80e-09	9.43e-07	8.07e-05	1.86e-03	1.92e-02	8.00e-02	1.35e-01	1.85e-01	4.97e-01	7.79e-02	3.89e-03
 3.18649e+22	0.00e+00	1.24e-28	2.23e-24	9.30e-21	9.65e-18	4.77e-15	1.06e-12	3.53e-09	1.17e-06	9.82e-05	2.19e-03	2.18e-02	8.77e-02	1.42e-01	1.87e-01	4.83e-01	7.27e-02	3.48e-03
 3.23437e+22	0.00e+00	2.00e-28	3.45e-24	1.37e-20	1.36e-17	6.38e-15	1.35e-12	4.46e-09	1.46e-06	1.20e-04	2.59e-03	2.48e-02	9.61e-02	1.50e-01	1.88e-01	4.68e-01	6.75e-02	3.10e-03
 3.27227e+22	0.00e+00	2.91e-28	4.84e-24	1.86e-20	1.77e-17	8.01e-15	1.63e-12	5.35e-09	1.73e-06	1.40e-04	2.94e-03	2.74e-02	1.03e-01	1.56e-01	1.89e-01	4.56e-01	6.35e-02	2.83e-03
 3.31080e+22	0.00e+00	4.18e-28	6.73e-24	2.50e-20	2.30e-17	9.99e-15	1.95e-12	6.37e-09	2.04e-06	1.62e-04	3.32e-03	3.01e-02	1.10e-01	1.61e-01	1.90e-01	4.43e-01	5.98e-02	2.58e-03
 3.35404e+22	0.00e+00	6.29e-28	9.75e-24	3.48e-20	3.08e-17	1.28e-14	2.40e-12	7.74e-09	2.45e-06	1.91e-04	3.81e-03	3.34e-02	1.18e-01	1.67e-01	1.90e-01	4.29e-01	5.58e-02	2.32e-03
 3.39428e+22	0.00e+00	9.16e-28	1.37e-23	4.72e-20	4.03e-17	1.61e-14	2.90e-12	9.24e-09	2.89e-06	2.21e-04	4.32e-03	3.67e-02	1.26e-01	1.73e-01	1.90e-01	4.15e-01	5.22e-02	2.10e-03
 3.43076e+22	0.00e+00	1.29e-27	1.87e-23	6.22e-20	5.13e-17	1.98e-14	3.43e-12	1.08e-08	3.34e-06	2.53e-04	4.83e-03	3.99e-02	1.34e-01	1.78e-01	1.90e-01	4.02e-01	4.91e-02	1.91e-03
 3.47145e+22	0.00e+00	1.83e-27	2.57e-23	8.29e-20	6.60e-17	2.46e-14	4.10e-12	1.27e-08	3.89e-06	2.90e-04	5.40e-03	4.35e-02	1.42e-01	1.83e-01	1.89e-01	3.89e-01	4.60e-02	1.74e-03
 3.52435e+22	0.00e+00	2.88e-27	3.88e-23	1.20e-19	9.15e-17	3.25e-14	5.17e-12	1.57e-08	4.73e-06	3.46e-04	6.25e-03	4.84e-02	1.52e-01	1.90e-01	1.88e-01	3.72e-01	4.21e-02	1.53e-03
 3.57751e+22	0.00e+00	4.55e-27	5.89e-23	1.75e-19	1.27e-16	4.31e-14	6.52e-12	1.93e-08	5.74e-06	4.11e-04	7.21e-03	5.39e-02	1.63e-01	1.96e-01	1.86e-01	3.54e-01	3.84e-02	1.34e-03
 3.61880e+22	0.00e+00	6.44e-27	8.09e-23	2.32e-19	1.64e-16	5.33e-14	7.78e-12	2.26e-08	6.63e-06	4.68e-04	8.03e-03	5.83e-02	1.72e-01	2.00e-01	1.84e-01	3.40e-01	3.57e-02	1.20e-03
 3.66027e+22	0.00e+00	8.96e-27	1.09e-22	3.04e-19	2.08e-16	6.54e-14	9.20e-12	2.62e-08	7.60e-06	5.29e-04	8.88e-03	6.27e-02	1.80e-01	2.04e-01	1.82e-01	3.27e-01	3.33e-02	1.09e-03
 3.71419e+22	0.00e+00	1.36e-26	1.60e-22	4.28e-19	2.81e-16	8.47e-14	1.14e-11	3.16e-08	9.02e-06	6.17e-04	1.01e-02	6.87e-02	1.91e-01	2.08e-01	1.80e-01	3.11e-01	3.04e-02	9.55e-04
 3.77149e+22	0.00e+00	2.12e-26	2.39e-22	6.15e-19	3.87e-16	1.11e-13	1.43e-11	3.84e-08	1.08e-05	7.23e-04	1.15e-02	7.54e-02	2.03e-01	2.12e-01	1.76e-01	2.93e-01	2.75e-02	8.28e-04
 3.82061e+22	0.00e+00	3.08e-26	3.37e-22	8.37e-19	5.08e-16	1.40e-13	1.73e-11	4.53e-08	1.25e-05	8.27e-04	1.28e-02	8.15e-02	2.12e-01	2.15e-01	1.73e-01	2.78e-01	2.52e-02	7.32e-04
 3.86520e+22	0.00e+00	4.22e-26	4.49e-22	1.09e-18	6.39e-16	1.71e-13	2.04e-11	5.21e-08	1.42e-05	9.24e-04	1.40e-02	8.68e-02	2.21e-01	2.18e-01	1.70e-01	2.66e-01	2.33e-02	6.59e-04
 3.91647e+22	0.00e+00	6.02e-26	6.21e-22	1.45e-18	8.27e-16	2.14e-13	2.45e-11	6.08e-08	1.63e-05	1.05e-03	1.55e-02	9.30e-02	2.30e-01	2.20e-01	1.66e-01	2.52e-01	2.14e-02	5.83e-04
 3.98311e+22	0.00e+00	9.38e-26	9.32e-22	2.09e-18	1.14e-15	2.82e-13	3.09e-11	7.37e-08	1.94e-05	1.22e-03	1.75e-02	1.01e-01	2.41e-01	2.22e-01	1.62e-01	2.35e-01	1.91e-02	4.99e-04
 4.05244e+22	0.00e+00	1.49e-25	1.42e-21	3.06e-18	1.60e-15	3.77e-13	3.93e-11	9.00e-08	2.32e-05	1.43e-03	1.98e-02	1.10e-01	2.53e-01	2.23e-01	1.56e-01	2.18e-01	1.69e-02	4.23e-04
 4.10576e+22	0.00e+00	2.11e-25	1.95e-21	4.09e-18	2.07e-15	4.69e-13	4.72e-11	1.05e-07	2.65e-05	1.60e-03	2.18e-02	1.17e-01	2.62e-01	2.24e-01	1.52e-01	2.06e-01	1.54e-02	3.72e-04
 4.14766e+22	0.00e+00	2.73e-25	2.48e-21	5.06e-18	2.50e-15	5.52e-13	5.41e-11	1.17e-07	2.93e-05	1.75e-03	2.33e-02	1.23e-01	2.68e-01	2.24e-01	1.49e-01	1.97e-01	1.44e-02	3.37e-04
 4.19422e+22	0.00e+00	3.60e-25	3.19e-21	6.36e-18	3.06e-15	6.58e-13	6.25e-11	1.32e-07	3.25e-05	1.91e-03	2.51e-02	1.29e-01	2.75e-01	2.24e-01	1.45e-01	1.87e-01	1.33e-02	3.04e-04
 4.25475e+22	0.00e+00	5.10e-25	4.39e-21	8.49e-18	3.96e-15	8.20e-13	7.52e-11	1.53e-07	3.71e-05	2.14e-03	2.74e-02	1.36e-01	2.83e-01	2.23e-01	1.40e-01	1.75e-01	1.20e-02	2.65e-04
 4.32120e+22	0.00e+00	7.47e-25	6.22e-21	1.16e-17	5.24e-15	1.04e-12	9.20e-11	1.80e-07	4.28e-05	2.42e-03	3.02e-02	1.45e-01	2.91e-01	2.22e-01	1.35e-01	1.63e-01	1.07e-02	2.28e-04
 4.38111e+22	0.00e+00	1.04e-24	8.46e-21	1.54e-17	6.71e-15	1.29e-12	1.10e-10	2.08e-07	4.85e-05	2.70e-03	3.29e-02	1.53e-01	2.98e-01	2.21e-01	1.30e-01	1.52e-01	9.70e-03	1.99e-04
 4.43629e+22	0.00e+00	1.40e-24	1.11e-20	1.97e-17	8.35e-15	1.56e-12	1.29e-10	2.37e-07	5.41e-05	2.96e-03	3.53e-02	1.60e-01	3.04e-01	2.19e-01	1.26e-01	1.43e-01	8.86e-03	1.76e-04
 4.49956e+22	0.00e+00	1.94e-24	1.49e-20	2.57e-17	1.06e-14	1.92e-12	1.53e-10	2.72e-07	6.10e-05	3.28e-03	3.82e-02	1.68e-01	3.10e-01	2.17e-01	1.21e-01	1.34e-01	8.00e-03	1.54e-04
 4.58181e+22	0.00e+00	2.91e-24	2.17e-20	3.61e-17	1.43e-14	2.49e-12	1.90e-10	3.24e-07	7.09e-05	3.72e-03	4.21e-02	1.78e-01	3.17e-01	2.14e-01	1.15e-01	1.23e-01	7.02e-03	1.30e-04
 4.66621e+22	0.00e+00	4.42e-24	3.18e-20	5.11e-17	1.95e-14	3.25e-12	2.38e-10	3.88e-07	8.26e-05	4.24e-03	4.65e-02	1.88e-01	3.24e-01	2.10e-01	1.09e-01	1.12e-01	6.12e-03	1.08e-04
 4.73002e+22	0.00e+00	6.06e-24	4.25e-20	6.65e-17	2.47e-14	3.98e-12	2.82e-10	4.44e-07	9.26e-05	4.66e-03	5.00e-02	1.96e-01	3.28e-01	2.07e-01	1.04e-01	1.04e-01	5.50e-03	9.41e-05
 4.78030e+22	0.00e+00	7.63e-24	5.26e-20	8.05e-17	2.93e-14	4.62e-12	3.19e-10	4.90e-07	1.01e-04	5.00e-03	5.26e-02	2.02e-01	3.31e-01	2.04e-01	1.01e-01	9.84e-02	5.08e-03	8.49e-05
 4.83633e+22	0.00e+00	9.75e-24	6.58e-20	9.88e-17	3.52e-14	5.40e-12	3.64e-10	5.45e-07	1.10e-04	5.38e-03	5.56e-02	2.09e-01	3.34e-01	2.01e-01	9.76e-02	9.28e-02	4.67e-03	7.61e-05
 4.90918e+22	0.00e+00	1.33e-23	8.76e-20	1.28e-16	4.44e-14	6.60e-12	4.31e-10	6.24e-07	1.23e-04	5.90e-03	5.96e-02	2.17e-01	3.37e-01	1.97e-01	9.31e-02	8.61e-02	4.19e-03	6.60e-05
 4.99042e+22	0.00e+00	1.88e-23	1.21e-19	1.71e-16	5.75e-14	8.27e-12	5.20e-10	7.25e-07	1.40e-04	6.54e-03	6.42e-02	2.26e-01	3.41e-01	1.92e-01	8.81e-02	7.89e-02	3.70e-03	5.61e-05
 5.06519e+22	0.00e+00	2.57e-23	1.61e-19	2.22e-16	7.26e-14	1.01e-11	6.16e-10	8.31e-07	1.56e-04	7.17e-03	6.87e-02	2.34e-01	3.43e-01	1.88e-01	8.38e-02	7.28e-02	3.30e-03	4.85e-05
 5.13413e+22	0.00e+00	3.39e-23	2.07e-19	2.80e-16	8.92e-14	1.21e-11	7.16e-10	9.36e-07	1.73e-04	7.76e-03	7.28e-02	2.41e-01	3.44e-01	1.84e-01	8.00e-02	6.78e-02	2.98e-03	4.25e-05
 5.21285e+22	0.00e+00	4.58e-23	2.74e-19	3.60e-16	1.12e-13	1.47e-11	8.44e-10	1.07e-06	1.92e-04	8.46e-03	7.74e-02	2.48e-01	3.45e-01	1.79e-01	7.59e-02	6.26e-02	2.66e-03	3.68e-05
 5.31519e+22	0.00e+00	6.67e-23	3.87e-19	4.94e-16	1.48e-13	1.88e-11	1.04e-09	1.26e-06	2.20e-04	9.42e-03	8.36e-02	2.58e-01	3.46e-01	1.73e-01	7.10e-02	5.65e-02	2.31e-03	3.06e-05
 5.42107e+22	0.00e+00	9.89e-23	5.56e-19	6.87e-16	1.99e-13	2.42e-11	1.29e-09	1.49e-06	2.53e-04	1.05e-02	9.04e-02	2.68e-01	3.46e-01	1.66e-01	6.60e-02	5.06e-02	1.98e-03	2.52e-05
 5.50733e+22	0.00e+00	1.35e-22	7.40e-19	8.91e-16	2.51e-13	2.96e-11	1.52e-09	1.71e-06	2.83e-04	1.15e-02	9.60e-02	2.75e-01	3.46e-01	1.61e-01	6.22e-02	4.64e-02	1.75e-03	2.15e-05
 5.59522e+22	0.00e+00	1.81e-22	9.71e-19	1.14e-15	3.13e-13	3.59e-11	1.79e-09	1.94e-06	3.14e-04	1.25e-02	1.02e-01	2.82e-01	3.45e-01	1.56e-01	5.87e-02	4.26e-02	1.56e-03	1.85e-05
 5.69436e+22	0.00e+00	2.52e-22	1.32e-18	1.50e-15	4.01e-13	4.45e-11	2.15e-09	2.24e-06	3.52e-04	1.36e-02	1.08e-01	2.90e-01	3.43e-01	1.50e-01	5.49e-02	3.86e-02	1.36e-03	1.56e-05
 5.78800e+22	0.00e+00	3.42e-22	1.75e-18	1.94e-15	5.04e-13	5.43e-11	2.54e-09	2.56e-06	3.92e-04	1.48e-02	1.14e-01	2.97e-01	3.41e-01	1.45e-01	5.16e-02	3.53e-02	1.20e-03	1.33e-05
 5.87571e+22	2.45e-30	4.50e-22	2.25e-18	2.45e-15	6.19e-13	6.50e-11	2.96e-09	2.89e-06	4.32e-04	1.60e-02	1.20e-01	3.03e-01	3.39e-01	1.40e-01	4.86e-02	3.24e-02	1.07e-03	1.15e-05
 5.97585e+22	3.14e-30	6.04e-22	2.95e-18	3.13e-15	7.71e-13	7.86e-11	3.47e-09	3.29e-06	4.79e-04	1.73e-02	1.27e-01	3.09e-01	3.36e-01	1.35e-01	4.57e-02	2.96e-02	9.51e-04	9.90e-06
 6.10604e+22	4.29e-30	8.78e-22	4.16e-18	4.29e-15	1.02e-12	1.00e-10	4.27e-09	3.87e-06	5.45e-04	1.91e-02	1.35e-01	3.16e-01	3.32e-01	1.28e-01	4.20e-02	2.63e-02	8.10e-04	8.08e-06
 6.24095e+22	5.88e-30	1.30e-21	5.98e-18	5.96e-15	1.37e-12	1.30e-10	5.29e-09	4.59e-06	6.24e-04	2.11e-02	1.44e-01	3.24e-01	3.26e-01	1.21e-01	3.84e-02	2.32e-02	6.83e-04	6.53e-06
 6.35225e+22	7.54e-30	1.78e-21	7.96e-18	7.73e-15	1.73e-12	1.59e-10	6.28e-09	5.26e-06	6.95e-04	2.29e-02	1.52e-01	3.29e-01	3.22e-01	1.16e-01	3.57e-02	2.10e-02	5.96e-04	5.51e-06
 6.46716e+22	9.61e-30	2.39e-21	1.05e-17	9.93e-15	2.16e-12	1.93e-10	7.40e-09	5.99e-06	7.70e-04	2.47e-02	1.60e-01	3.34e-01	3.17e-01	1.10e-01	3.32e-02	1.90e-02	5.23e-04	4.67e-06
 6.61655e+22	1.30e-29	3.46e-21	1.47e-17	1.35e-14	2.85e-12	2.45e-10	9.06e-09	7.03e-06	8.73e-04	2.71e-02	1.69e-01	3.40e-01	3.11e-01	1.04e-01	3.04e-02	1.68e-02	4.43e-04	3.80e-06
 6.78081e+22	1.79e-29	5.23e-21	2.15e-17	1.91e-14	3.88e-12	3.20e-10	1.14e-08	8.41e-06	1.00e-03	3.00e-02	1.80e-01	3.46e-01	3.03e-01	9.74e-02	2.74e-02	1.46e-02	3.67e-04	3.00e-06
 6.91945e+22	2.34e-29	7.36e-21	2.95e-17	2.54e-14	5.01e-12	3.99e-10	1.37e-08	9.75e-06	1.13e-03	3.26e-02	1.90e-01	3.50e-01	2.96e-01	9.19e-02	2.51e-02	1.30e-02	3.14e-04	2.47e-06
 7.03283e+22	2.88e-29	9.59e-21	3.76e-17	3.17e-14	6.11e-12	4.74e-10	1.58e-08	1.09e-05	1.23e-03	3.48e-02	1.97e-01	3.53e-01	2.91e-01	8.77e-02	2.34e-02	1.18e-02	2.77e-04	2.12e-06
 7.15833e+22	3.57e-29	1.26e-20	4.85e-17	4.00e-14	7.51e-12	5.67e-10	1.84e-08	1.23e-05	1.35e-03	3.72e-02	2.05e-01	3.56e-01	2.85e-01	8.34e-02	2.17e-02	1.07e-02	2.43e-04	1.80e-06
 7.32147e+22	4.68e-29	1.78e-20	6.66e-17	5.32e-14	9.70e-12	7.08e-10	2.22e-08	1.43e-05	1.51e-03	4.03e-02	2.15e-01	3.59e-01	2.77e-01	7.83e-02	1.98e-02	9.43e-03	2.06e-04	1.47e-06
 7.49658e+22	6.21e-29	2.58e-20	9.35e-17	7.24e-14	1.28e-11	8.98e-10	2.71e-08	1.67e-05	1.71e-03	4.40e-02	2.26e-01	3.61e-01	2.68e-01	7.30e-02	1.78e-02	8.24e-03	1.73e-04	1.18e-06
 7.64842e+22	7.90e-29	3.54e-20	1.25e-16	9.45e-14	1.62e-11	1.10e-09	3.22e-08	1.92e-05	1.89e-03	4.73e-02	2.35e-01	3.63e-01	2.61e-01	6.85e-02	1.63e-02	7.31e-03	1.48e-04	9.73e-07
 7.78531e+22	9.73e-29	4.64e-20	1.61e-16	1.18e-13	1.98e-11	1.31e-09	3.73e-08	2.15e-05	2.07e-03	5.03e-02	2.43e-01	3.64e-01	2.54e-01	6.48e-02	1.51e-02	6.59e-03	1.29e-04	8.25e-07
 7.94162e+22	1.21e-28	6.19e-20	2.10e-16	1.51e-13	2.45e-11	1.58e-09	4.37e-08	2.43e-05	2.27e-03	5.37e-02	2.52e-01	3.64e-01	2.47e-01	6.11e-02	1.38e-02	5.90e-03	1.12e-04	6.90e-07
 8.14482e+22	1.59e-28	8.83e-20	2.91e-16	2.03e-13	3.19e-11	1.99e-09	5.29e-08	2.83e-05	2.55e-03	5.81e-02	2.63e-01	3.64e-01	2.38e-01	5.66e-02	1.24e-02	5.14e-03	9.35e-05	5.54e-07
 8.36166e+22	2.14e-28	1.31e-19	4.17e-16	2.82e-13	4.28e-11	2.56e-09	6.55e-08	3.34e-05	2.89e-03	6.34e-02	2.75e-01	3.64e-01	2.27e-01	5.19e-02	1.10e-02	4.39e-03	7.63e-05	4.31e-07
 8.54483e+22	2.72e-28	1.81e-19	5.62e-16	3.69e-13	5.45e-11	3.16e-09	7.81e-08	3.83e-05	3.20e-03	6.80e-02	2.85e-01	3.63e-01	2.19e-01	4.82e-02	9.94e-03	3.85e-03	6.43e-05	3.50e-07
 8.70680e+22	3.31e-28	2.36e-19	7.18e-16	4.61e-13	6.64e-11	3.74e-09	9.02e-08	4.29e-05	3.48e-03	7.20e-02	2.93e-01	3.61e-01	2.12e-01	4.53e-02	9.13e-03	3.45e-03	5.59e-05	2.95e-07
 8.89260e+22	4.10e-28	3.13e-19	9.33e-16	5.84e-13	8.21e-11	4.50e-09	1.05e-07	4.83e-05	3.81e-03	7.64e-02	3.02e-01	3.60e-01	2.04e-01	4.24e-02	8.32e-03	3.07e-03	4.80e-05	2.45e-07
 9.13414e+22	5.31e-28	4.43e-19	1.29e-15	7.82e-13	1.06e-10	5.63e-09	1.27e-07	5.60e-05	4.24e-03	8.22e-02	3.13e-01	3.57e-01	1.95e-01	3.89e-02	7.41e-03	2.65e-03	3.97e-05	1.94e-07
 9.39831e+22	7.07e-28	6.56e-19	1.84e-15	1.09e-12	1.43e-10	7.24e-09	1.57e-07	6.60e-05	4.79e-03	8.91e-02	3.25e-01	3.53e-01	1.84e-01	3.53e-02	6.49e-03	2.24e-03	3.20e-05	1.49e-07
 9.63196e+22	9.01e-28	9.20e-19	2.52e-15	1.44e-12	1.84e-10	9.02e-09	1.89e-07	7.61e-05	5.32e-03	9.55e-02	3.35e-01	3.49e-01	1.75e-01	3.23e-02	5.77e-03	1.93e-03	2.64e-05	0.00e+00
 9.84238e+22	1.10e-27	1.22e-18	3.26e-15	1.82e-12	2.26e-10	1.08e-08	2.20e-07	8.55e-05	5.80e-03	1.01e-01	3.43e-01	3.45e-01	1.68e-01	3.00e-02	5.22e-03	1.70e-03	2.26e-05	0.00e+00
 1.00826e+23	1.38e-27	1.65e-18	4.31e-15	2.35e-12	2.84e-10	1.31e-08	2.59e-07	9.71e-05	6.36e-03	1.07e-01	3.52e-01	3.40e-01	1.60e-01	2.76e-02	4.68e-03	1.48e-03	1.89e-05	0.00e+00
 1.03461e+23	1.73e-27	2.29e-18	5.84e-15	3.09e-12	3.63e-10	1.63e-08	3.10e-07	1.11e-04	7.03e-03	1.14e-01	3.61e-01	3.35e-01	1.52e-01	2.52e-02	4.15e-03	1.27e-03	1.56e-05	0.00e+00
 1.05845e+23	2.13e-27	3.06e-18	7.66e-15	3.96e-12	4.53e-10	1.97e-08	3.64e-07	1.26e-04	7.69e-03	1.21e-01	3.70e-01	3.29e-01	1.44e-01	2.31e-02	3.72e-03	1.11e-03	1.31e-05	0.00e+00
 1.08047e+23	2.53e-27	3.93e-18	9.66e-15	4.89e-12	5.47e-10	2.32e-08	4.17e-07	1.40e-04	8.29e-03	1.27e-01	3.76e-01	3.25e-01	1.38e-01	2.15e-02	3.38e-03	9.83e-04	1.12e-05	0.00e+00
 1.10567e+23	3.06e-27	5.14e-18	1.24e-14	6.15e-12	6.72e-10	2.77e-08	4.85e-07	1.57e-04	9.01e-03	1.34e-01	3.84e-01	3.19e-01	1.31e-01	1.97e-02	3.04e-03	8.61e-04	9.50e-06	0.00e+00
 1.13842e+23	3.79e-27	7.07e-18	1.66e-14	8.04e-12	8.54e-10	3.41e-08	5.77e-07	1.79e-04	9.91e-03	1.42e-01	3.92e-01	3.12e-01	1.23e-01	1.79e-02	2.68e-03	7.36e-04	7.80e-06	0.00e+00
 1.17410e+23	4.84e-27	1.01e-17	2.33e-14	1.09e-11	1.12e-09	4.32e-08	7.04e-07	2.09e-04	1.10e-02	1.51e-01	4.00e-01	3.03e-01	1.15e-01	1.60e-02	2.31e-03	6.14e-04	6.20e-06	0.00e+00
 1.20518e+23	5.93e-27	1.38e-17	3.09e-14	1.42e-11	1.42e-09	5.29e-08	8.35e-07	2.38e-04	1.21e-02	1.60e-01	4.07e-01	2.96e-01	1.08e-01	1.44e-02	2.04e-03	5.24e-04	5.08e-06	0.00e+00
