   0.0000000E+00   1.8511204E+08   9.3838111E+07   2.7895015E+08   6.3021076E-04   1.3667983E-04   4.5470245E-04
   1.4492754E-02   1.8938719E+08   9.5865057E+07   2.8524543E+08   4.8097904E-04   3.6177162E-05   3.2637881E-04
   2.8985507E-02   1.9964619E+08   1.0066229E+08   3.0029181E+08   2.7338553E-04   2.2450711E-05   1.7353444E-04
   4.3478261E-02   1.9948807E+08   1.0037586E+08   2.9984903E+08   2.4025895E-04   6.3659588E-06   1.6006830E-04
   5.7971014E-02   1.8362991E+08   9.2525522E+07   2.7613781E+08   9.4502618E-05   5.9873959E-05   7.2910469E-05
   7.2463768E-02   1.6134078E+08   8.1361825E+07   2.4268063E+08   2.4471338E-04   6.0398001E-05   1.8117278E-04
   8.6956522E-02   1.4503434E+08   7.2792480E+07   2.1781229E+08   2.4390107E-04   1.0130160E-04   1.3182347E-04
   1.0144928E-01   1.0177952E+08   5.1306676E+07   1.5307775E+08   5.4428314E-05   3.4698702E-04   1.1827769E-04
   1.1594203E-01   2.8395046E+07   1.4124591E+07   4.2518784E+07   1.2836618E-03   1.7087961E-03   1.4240509E-03
   1.3043478E-01   1.5312680E+07   7.5367858E+06   2.2849213E+07   2.5636978E-03   2.5093805E-03   2.5450829E-03
   1.4492754E-01   1.0958615E+07   5.4265313E+06   1.6385071E+07   1.2269516E-03   2.5310683E-03   1.5952154E-03
   1.5942029E-01   8.5205424E+06   4.1986879E+06   1.2719161E+07   1.7058678E-03   1.8571450E-03   1.7363638E-03
   1.7391304E-01   6.7939303E+06   3.3409873E+06   1.0134791E+07   1.2156812E-03   1.2844721E-03   1.2273672E-03
   1.8840580E-01   3.4583102E+06   1.7043247E+06   5.1624600E+06   5.6227197E-03   5.7923001E-04   3.9557074E-03
   2.0289855E-01   2.7630327E+05   9.6503179E+04   3.7280645E+05   1.0095891E-01   1.8847166E-04   7.4833432E-02
   2.1739130E-01   1.6447938E+05   4.1827065E+04   2.0630644E+05   2.0394747E-01   2.7370753E-06   1.6259811E-01
   2.3188406E-01   1.2853109E+05   2.9409655E+04   1.5794074E+05   2.2489330E-01   6.4536630E-06   1.8301764E-01
   2.4637681E-01   8.1256116E+04   1.7026789E+04   9.8282905E+04   2.1856248E-01   2.1227278E-05   1.8070160E-01
   2.6086957E-01   5.7630084E+04   9.3875156E+03   6.7017600E+04   1.8965271E-01   1.3537026E-06   1.6308688E-01
   2.7536232E-01   3.9920759E+04   5.9023700E+03   4.5823129E+04   1.4130586E-01   1.2719291E-05   1.2310308E-01
   2.8985507E-01   3.0461015E+04   3.0309467E+03   3.3491961E+04   1.1048048E-01   4.2761031E-06   1.0048193E-01
   3.0434783E-01   2.4969228E+04   1.6958869E+03   2.6665115E+04   7.3032119E-02   7.4310533E-06   6.8387757E-02
   3.1884058E-01   2.1698823E+04   1.1366050E+03   2.2835428E+04   5.2896933E-02   5.7626737E-06   5.0263835E-02
   3.3333333E-01   1.8350406E+04   5.2712117E+02   1.8877527E+04   2.4092942E-02   1.0722958E-05   2.3419896E-02
   3.4782609E-01   1.8943417E+04   2.5257889E+02   1.9195996E+04   2.2008476E-02   1.1801181E-06   2.1718890E-02
   3.6231884E-01   1.6518660E+04   2.1216627E+02   1.6730826E+04   9.6590241E-03   6.2550510E-06   9.5366149E-03
   3.7681159E-01   1.5737608E+04   1.1657487E+02   1.5854183E+04   5.4837036E-03   3.0964466E-05   5.4436039E-03
   3.9130435E-01   1.5856342E+04   2.8064322E+01   1.5884406E+04   4.7907322E-03   2.7614683E-06   4.7822632E-03
   4.0579710E-01   1.3422764E+04   2.7062024E+01   1.3449826E+04   3.0831009E-03   1.0003637E-06   3.0768955E-03
   4.2028986E-01   1.2567977E+04   0.0000000E+00   1.2567977E+04   8.0061272E-04   0.0000000E+00   8.0061272E-04
   4.3478261E-01   1.2401624E+04   2.5257889E+01   1.2426882E+04   8.2000316E-04   7.7594134E-06   8.1832410E-04
   4.4927536E-01   1.0877188E+04   4.8886238E+01   1.0926074E+04   9.9003195E-04   1.8997136E-06   9.8559969E-04
   4.6376812E-01   1.0016332E+04   0.0000000E+00   1.0016332E+04   4.0701259E-05   0.0000000E+00   4.0701259E-05
   4.7826087E-01   9.0239551E+03   0.0000000E+00   9.0239551E+03   5.1825782E-06   0.0000000E+00   5.1825782E-06
   4.9275362E-01   6.6859119E+03   0.0000000E+00   6.6859119E+03   4.3987721E-06   0.0000000E+00   4.3987721E-06
   5.0724638E-01   6.1917912E+03   0.0000000E+00   6.1917912E+03   2.6338149E-05   0.0000000E+00   2.6338149E-05
   5.2173913E-01   4.6095648E+03   0.0000000E+00   4.6095648E+03   1.5916195E-05   0.0000000E+00   1.5916195E-05
   5.3623188E-01   3.7067659E+03   0.0000000E+00   3.7067659E+03   9.7914739E-06   0.0000000E+00   9.7914739E-06
   5.5072464E-01   2.9312445E+03   0.0000000E+00   2.9312445E+03   2.7190786E-05   0.0000000E+00   2.7190786E-05
   5.6521739E-01   1.9234854E+03   0.0000000E+00   1.9234854E+03   1.5829585E-05   0.0000000E+00   1.5829585E-05
   5.7971014E-01   1.1934353E+03   0.0000000E+00   1.1934353E+03   5.0979219E-05   0.0000000E+00   5.0979219E-05
   5.9420290E-01   4.8051595E+02   0.0000000E+00   4.8051595E+02   2.2298783E-04   0.0000000E+00   2.2298783E-04
   6.0869565E-01   7.2165398E+01   0.0000000E+00   7.2165398E+01   4.8851952E-05   0.0000000E+00   4.8851952E-05
   6.2318841E-01   0.0000000E+00   0.0000000E+00   0.0000000E+00   0.0000000E+00   0.0000000E+00   0.0000000E+00
   6.3768116E-01   0.0000000E+00   0.0000000E+00   0.0000000E+00   0.0000000E+00   0.0000000E+00   0.0000000E+00
   6.5217391E-01   0.0000000E+00   0.0000000E+00   0.0000000E+00   0.0000000E+00   0.0000000E+00   0.0000000E+00
   6.6666667E-01   0.0000000E+00   0.0000000E+00   0.0000000E+00   0.0000000E+00   0.0000000E+00   0.0000000E+00
   6.8115942E-01   0.0000000E+00   0.0000000E+00   0.0000000E+00   0.0000000E+00   0.0000000E+00   0.0000000E+00
   6.9565217E-01   0.0000000E+00   0.0000000E+00   0.0000000E+00   0.0000000E+00   0.0000000E+00   0.0000000E+00
   7.1014493E-01   0.0000000E+00   0.0000000E+00   0.0000000E+00   0.0000000E+00   0.0000000E+00   0.0000000E+00
   7.2463768E-01   0.0000000E+00   0.0000000E+00   0.0000000E+00   0.0000000E+00   0.0000000E+00   0.0000000E+00
   7.3913043E-01   0.0000000E+00   0.0000000E+00   0.0000000E+00   0.0000000E+00   0.0000000E+00   0.0000000E+00
   7.5362319E-01   0.0000000E+00   0.0000000E+00   0.0000000E+00   0.0000000E+00   0.0000000E+00   0.0000000E+00
   7.6811594E-01   0.0000000E+00   0.0000000E+00   0.0000000E+00   0.0000000E+00   0.0000000E+00   0.0000000E+00
   7.8260870E-01   0.0000000E+00   0.0000000E+00   0.0000000E+00   0.0000000E+00   0.0000000E+00   0.0000000E+00
   7.9710145E-01   0.0000000E+00   0.0000000E+00   0.0000000E+00   0.0000000E+00   0.0000000E+00   0.0000000E+00
   8.1159420E-01   0.0000000E+00   0.0000000E+00   0.0000000E+00   0.0000000E+00   0.0000000E+00   0.0000000E+00
   8.2608696E-01   0.0000000E+00   0.0000000E+00   0.0000000E+00   0.0000000E+00   0.0000000E+00   0.0000000E+00
   8.4057971E-01   0.0000000E+00   0.0000000E+00   0.0000000E+00   0.0000000E+00   0.0000000E+00   0.0000000E+00
   8.5507246E-01   0.0000000E+00   0.0000000E+00   0.0000000E+00   0.0000000E+00   0.0000000E+00   0.0000000E+00
   8.6956522E-01   0.0000000E+00   0.0000000E+00   0.0000000E+00   0.0000000E+00   0.0000000E+00   0.0000000E+00
   8.8405797E-01   0.0000000E+00   0.0000000E+00   0.0000000E+00   0.0000000E+00   0.0000000E+00   0.0000000E+00
   8.9855072E-01   0.0000000E+00   0.0000000E+00   0.0000000E+00   0.0000000E+00   0.0000000E+00   0.0000000E+00
   9.1304348E-01   0.0000000E+00   0.0000000E+00   0.0000000E+00   0.0000000E+00   0.0000000E+00   0.0000000E+00
   9.2753623E-01   0.0000000E+00   0.0000000E+00   0.0000000E+00   0.0000000E+00   0.0000000E+00   0.0000000E+00
   9.4202899E-01   0.0000000E+00   0.0000000E+00   0.0000000E+00   0.0000000E+00   0.0000000E+00   0.0000000E+00
   9.5652174E-01   0.0000000E+00   0.0000000E+00   0.0000000E+00   0.0000000E+00   0.0000000E+00   0.0000000E+00
   9.7101449E-01   0.0000000E+00   0.0000000E+00   0.0000000E+00   0.0000000E+00   0.0000000E+00   0.0000000E+00
   9.8550725E-01   0.0000000E+00   0.0000000E+00   0.0000000E+00   0.0000000E+00   0.0000000E+00   0.0000000E+00
   1.0000000E+00   0.0000000E+00   0.0000000E+00   0.0000000E+00   0.0000000E+00   0.0000000E+00   0.0000000E+00
