   0.0000000E+00   1.8162645E+08   9.1940738E+07   2.7356719E+08   9.5498095E-04   9.1592638E-05   6.1469754E-04
   1.4492754E-02   1.8722310E+08   9.4160149E+07   2.8138173E+08   5.8170243E-04   4.0583498E-05   3.8675326E-04
   2.8985507E-02   1.9825157E+08   9.9691248E+07   2.9793449E+08   5.4318561E-04   2.0454820E-05   3.6479904E-04
   4.3478261E-02   1.9821861E+08   1.0005357E+08   2.9825905E+08   3.6102196E-04   7.4644389E-06   2.4067818E-04
   5.7971014E-02   1.8314174E+08   9.2234930E+07   2.7536322E+08   3.6736965E-05   2.7820602E-05   3.1560112E-05
   7.2463768E-02   1.6178603E+08   8.1328333E+07   2.4309723E+08   1.9437829E-04   8.8838059E-05   1.3986302E-04
   8.6956522E-02   1.4622386E+08   7.3821360E+07   2.2003069E+08   2.5061460E-04   1.4267729E-04   1.8843975E-04
   1.0144928E-01   1.0312915E+08   5.1938736E+07   1.5505912E+08   8.5289587E-04   3.6267589E-04   6.8468498E-04
   1.1594203E-01   2.7364524E+07   1.3488471E+07   4.0852331E+07   4.4321399E-03   1.8816187E-03   3.5884582E-03
   1.3043478E-01   1.4603522E+07   7.1259242E+06   2.1728941E+07   6.4429998E-03   3.0275041E-03   5.3191292E-03
   1.4492754E-01   1.0707501E+07   5.3392400E+06   1.6046438E+07   6.3242759E-03   3.0058533E-03   5.2224757E-03
   1.5942029E-01   8.6729852E+06   4.2706728E+06   1.2943382E+07   5.9222549E-03   2.3774883E-03   4.7532343E-03
   1.7391304E-01   6.9665679E+06   3.4548373E+06   1.0421405E+07   5.5617711E-03   1.6264572E-03   4.2549808E-03
   1.8840580E-01   3.5156068E+06   1.7240841E+06   5.2395743E+06   8.2669474E-03   8.3895710E-04   5.8260265E-03
   2.0289855E-01   3.0271581E+05   1.1983064E+05   4.2254645E+05   1.0240574E-01   2.6542380E-04   7.3395768E-02
   2.1739130E-01   1.9393008E+05   5.8194177E+04   2.5212425E+05   2.0118080E-01   6.3146300E-06   1.5474371E-01
   2.3188406E-01   1.9383852E+05   6.0476859E+04   2.5431537E+05   2.4625860E-01   2.3709892E-06   1.8769712E-01
   2.4637681E-01   1.7093648E+05   5.0367203E+04   2.2130368E+05   2.7347734E-01   1.2914864E-05   2.1123283E-01
   2.6086957E-01   1.3887630E+05   3.9907465E+04   1.7878376E+05   2.9167206E-01   7.3785585E-06   2.2656502E-01
   2.7536232E-01   9.5993274E+04   2.7238640E+04   1.2323191E+05   3.0610612E-01   2.6773816E-06   2.3844616E-01
   2.8985507E-01   6.6680828E+04   1.9398059E+04   8.6078887E+04   3.1122492E-01   1.5867046E-05   2.4109086E-01
   3.0434783E-01   4.5211622E+04   1.3206268E+04   5.8417890E+04   3.1683679E-01   4.9972260E-05   2.4519967E-01
   3.1884058E-01   3.0757221E+04   7.9906778E+03   3.8747899E+04   3.2338360E-01   1.0653944E-05   2.5669663E-01
   3.3333333E-01   2.1743748E+04   5.7653878E+03   2.7509136E+04   3.2026938E-01   6.2774971E-06   2.5314584E-01
   3.4782609E-01   1.5091589E+04   5.3357292E+03   2.0427318E+04   3.1774204E-01   9.2322641E-05   2.3476891E-01
   3.6231884E-01   1.1608526E+04   3.1218751E+03   1.4730401E+04   3.2945105E-01   6.3603335E-06   2.5962779E-01
   3.7681159E-01   8.0436663E+03   1.9234854E+03   9.9671518E+03   3.2157564E-01   3.6839023E-06   2.5951694E-01
   3.9130435E-01   5.6970573E+03   1.0383799E+03   6.7354372E+03   3.0852813E-01   2.7965074E-05   2.6096739E-01
   4.0579710E-01   4.1404897E+03   1.0012949E+03   5.1417846E+03   3.0074446E-01   2.1694467E-06   2.4217801E-01
   4.2028986E-01   4.0238431E+03   7.5773668E+02   4.7815798E+03   3.0903107E-01   1.0503143E-05   2.6005749E-01
   4.3478261E-01   2.3237258E+03   6.8196302E+02   3.0056888E+03   2.6026816E-01   2.8714134E-06   2.0121513E-01
   4.4927536E-01   1.4421440E+03   2.1998807E+02   1.6621321E+03   2.8019669E-01   2.8620766E-05   2.4311554E-01
   4.6376812E-01   1.1839636E+03   2.6047199E+02   1.4444356E+03   2.4069558E-01   1.0149962E-06   1.9729142E-01
   4.7826087E-01   8.7254527E+02   1.8369374E+02   1.0562390E+03   2.0114022E-01   2.3561325E-05   1.6615524E-01
   4.9275362E-01   6.6859119E+02   1.3371824E+02   8.0230943E+02   2.3550836E-01   1.1349985E-05   1.9625885E-01
   5.0724638E-01   7.1443744E+02   1.0824810E+02   8.2268554E+02   2.0199499E-01   3.5361140E-06   1.7541626E-01
   5.2173913E-01   5.8935075E+02   1.2628945E+02   7.1564020E+02   1.1161429E-01   1.1604710E-05   9.1919592E-02
   5.3623188E-01   2.6623181E+02   2.0479370E+01   2.8671118E+02   2.1464403E-01   5.3816721E-06   1.9931269E-01
   5.5072464E-01   4.7857054E+02   0.0000000E+00   4.7857054E+02   7.6371452E-02   0.0000000E+00   7.6371452E-02
   5.6521739E-01   2.7200804E+02   1.9429146E+01   2.9143719E+02   1.6918466E-01   1.3565025E-07   1.5790568E-01
   5.7971014E-01   1.1366050E+02   0.0000000E+00   1.1366050E+02   1.3198936E-01   0.0000000E+00   1.3198936E-01
   5.9420290E-01   2.4025797E+02   0.0000000E+00   2.4025797E+02   3.6042282E-04   0.0000000E+00   3.6042282E-04
   6.0869565E-01   7.2165398E+01   0.0000000E+00   7.2165398E+01   1.0702202E-01   0.0000000E+00   1.0702202E-01
   6.2318841E-01   0.0000000E+00   0.0000000E+00   0.0000000E+00   0.0000000E+00   0.0000000E+00   0.0000000E+00
   6.3768116E-01   0.0000000E+00   0.0000000E+00   0.0000000E+00   0.0000000E+00   0.0000000E+00   0.0000000E+00
   6.5217391E-01   0.0000000E+00   0.0000000E+00   0.0000000E+00   0.0000000E+00   0.0000000E+00   0.0000000E+00
   6.6666667E-01   0.0000000E+00   0.0000000E+00   0.0000000E+00   0.0000000E+00   0.0000000E+00   0.0000000E+00
   6.8115942E-01   0.0000000E+00   0.0000000E+00   0.0000000E+00   0.0000000E+00   0.0000000E+00   0.0000000E+00
   6.9565217E-01   0.0000000E+00   0.0000000E+00   0.0000000E+00   0.0000000E+00   0.0000000E+00   0.0000000E+00
   7.1014493E-01   0.0000000E+00   0.0000000E+00   0.0000000E+00   0.0000000E+00   0.0000000E+00   0.0000000E+00
   7.2463768E-01   0.0000000E+00   0.0000000E+00   0.0000000E+00   0.0000000E+00   0.0000000E+00   0.0000000E+00
   7.3913043E-01   0.0000000E+00   0.0000000E+00   0.0000000E+00   0.0000000E+00   0.0000000E+00   0.0000000E+00
   7.5362319E-01   0.0000000E+00   0.0000000E+00   0.0000000E+00   0.0000000E+00   0.0000000E+00   0.0000000E+00
   7.6811594E-01   0.0000000E+00   0.0000000E+00   0.0000000E+00   0.0000000E+00   0.0000000E+00   0.0000000E+00
   7.8260870E-01   0.0000000E+00   0.0000000E+00   0.0000000E+00   0.0000000E+00   0.0000000E+00   0.0000000E+00
   7.9710145E-01   0.0000000E+00   0.0000000E+00   0.0000000E+00   0.0000000E+00   0.0000000E+00   0.0000000E+00
   8.1159420E-01   0.0000000E+00   0.0000000E+00   0.0000000E+00   0.0000000E+00   0.0000000E+00   0.0000000E+00
   8.2608696E-01   0.0000000E+00   0.0000000E+00   0.0000000E+00   0.0000000E+00   0.0000000E+00   0.0000000E+00
   8.4057971E-01   0.0000000E+00   0.0000000E+00   0.0000000E+00   0.0000000E+00   0.0000000E+00   0.0000000E+00
   8.5507246E-01   0.0000000E+00   0.0000000E+00   0.0000000E+00   0.0000000E+00   0.0000000E+00   0.0000000E+00
   8.6956522E-01   0.0000000E+00   0.0000000E+00   0.0000000E+00   0.0000000E+00   0.0000000E+00   0.0000000E+00
   8.8405797E-01   0.0000000E+00   0.0000000E+00   0.0000000E+00   0.0000000E+00   0.0000000E+00   0.0000000E+00
   8.9855072E-01   0.0000000E+00   0.0000000E+00   0.0000000E+00   0.0000000E+00   0.0000000E+00   0.0000000E+00
   9.1304348E-01   0.0000000E+00   0.0000000E+00   0.0000000E+00   0.0000000E+00   0.0000000E+00   0.0000000E+00
   9.2753623E-01   0.0000000E+00   0.0000000E+00   0.0000000E+00   0.0000000E+00   0.0000000E+00   0.0000000E+00
   9.4202899E-01   0.0000000E+00   0.0000000E+00   0.0000000E+00   0.0000000E+00   0.0000000E+00   0.0000000E+00
   9.5652174E-01   0.0000000E+00   0.0000000E+00   0.0000000E+00   0.0000000E+00   0.0000000E+00   0.0000000E+00
   9.7101449E-01   0.0000000E+00   0.0000000E+00   0.0000000E+00   0.0000000E+00   0.0000000E+00   0.0000000E+00
   9.8550725E-01   0.0000000E+00   0.0000000E+00   0.0000000E+00   0.0000000E+00   0.0000000E+00   0.0000000E+00
   1.0000000E+00   0.0000000E+00   0.0000000E+00   0.0000000E+00   0.0000000E+00   0.0000000E+00   0.0000000E+00
