   0.0000000E+00   1.8400878E+08   9.4644343E+07   2.7865312E+08   9.5258513E-04   1.1078072E-05   6.2606975E-04
   1.4492754E-02   1.8993579E+08   9.6853903E+07   2.8678363E+08   3.9836098E-04   4.2190793E-05   2.5162721E-04
   2.8985507E-02   2.0027018E+08   1.0145033E+08   3.0170991E+08   1.9326916E-04   1.1446505E-05   1.2702783E-04
   4.3478261E-02   1.9960224E+08   1.0128944E+08   3.0087602E+08   6.3448527E-05   1.6164788E-05   3.7666214E-05
   5.7971014E-02   1.8418703E+08   9.3000244E+07   2.7716625E+08   3.0202146E-04   5.7671476E-05   1.8441560E-04
   7.2463768E-02   1.6139382E+08   8.1581569E+07   2.4295281E+08   1.6094069E-04   5.0539343E-05   1.1061836E-04
   8.6956522E-02   1.4468035E+08   7.2881009E+07   2.1754469E+08   8.2575081E-05   1.2931492E-04   3.2086632E-05
   1.0144928E-01   1.0175711E+08   5.1120489E+07   1.5286775E+08   2.4132274E-04   3.1740859E-04   2.6570284E-04
   1.1594203E-01   2.8480859E+07   1.4100343E+07   4.2580445E+07   1.4686708E-03   1.5303285E-03   1.4857387E-03
   1.3043478E-01   1.5211227E+07   7.4691789E+06   2.2680406E+07   2.2645814E-03   2.2898829E-03   2.2724318E-03
   1.4492754E-01   1.0827830E+07   5.2491451E+06   1.6076748E+07   1.0990992E-03   2.4959332E-03   1.5531917E-03
   1.5942029E-01   8.4028865E+06   4.0556134E+06   1.2458362E+07   6.1575573E-04   1.9637985E-03   9.1277606E-04
   1.7391304E-01   6.6945405E+06   3.2028898E+06   9.8973671E+06   1.3805273E-03   1.2840211E-03   1.3250580E-03
   1.8840580E-01   3.4513740E+06   1.6310574E+06   5.0823731E+06   3.6986399E-03   6.9577273E-04   2.7346865E-03
   2.0289855E-01   2.7689863E+05   9.4067597E+04   3.7096623E+05   8.7935352E-02   9.1607243E-04   6.5869415E-02
   2.1739130E-01   1.6094327E+05   3.7179613E+04   1.9812288E+05   1.7892365E-01   1.8737847E-05   1.4535042E-01
   2.3188406E-01   1.2332165E+05   2.2021722E+04   1.4534337E+05   1.8248119E-01   5.5857876E-06   1.5483313E-01
   2.4637681E-01   8.2682444E+04   1.3505542E+04   9.6187986E+04   1.4719201E-01   1.6024178E-05   1.2652459E-01
   2.6086957E-01   6.0450549E+04   7.0301126E+03   6.7480661E+04   1.1087521E-01   5.8083847E-06   9.9324821E-02
   2.7536232E-01   4.7458245E+04   3.3499938E+03   5.0808239E+04   7.9277746E-02   4.8248425E-06   7.4050924E-02
   2.8985507E-01   3.8114155E+04   1.4775865E+03   3.9591742E+04   4.4008245E-02   1.8255594E-05   4.2365151E-02
   3.0434783E-01   3.3701241E+04   9.7423288E+02   3.4675474E+04   2.8800579E-02   2.0742456E-06   2.7991441E-02
   3.1884058E-01   3.2617120E+04   4.1331092E+02   3.3030431E+04   1.7889192E-02   5.3081394E-06   1.7665368E-02
   3.3333333E-01   2.9881181E+04   2.3061551E+02   3.0111797E+04   9.6813922E-03   8.6720377E-06   9.6071807E-03
   3.4782609E-01   2.8667705E+04   1.2628945E+02   2.8793994E+04   4.7939403E-03   4.4023328E-05   4.7729152E-03
   3.6231884E-01   2.6369237E+04   3.0309467E+01   2.6399546E+04   4.3773856E-03   7.2340524E-06   4.3723530E-03
   3.7681159E-01   2.2528094E+04   5.8287437E+01   2.2586382E+04   3.0113595E-03   2.4137982E-05   3.0036502E-03
   3.9130435E-01   2.1497270E+04   2.8064322E+01   2.1525335E+04   4.6115621E-04   4.8625239E-07   4.6055551E-04
   4.0579710E-01   1.8131556E+04   0.0000000E+00   1.8131556E+04   6.2553015E-04   0.0000000E+00   6.2553015E-04
   4.2028986E-01   1.6644078E+04   0.0000000E+00   1.6644078E+04   1.1437832E-05   0.0000000E+00   1.1437832E-05
   4.3478261E-01   1.4649576E+04   0.0000000E+00   1.4649576E+04   2.6534046E-06   0.0000000E+00   2.6534046E-06
   4.4927536E-01   1.0510541E+04   0.0000000E+00   1.0510541E+04   6.4661945E-06   0.0000000E+00   6.4661945E-06
   4.6376812E-01   9.2112366E+03   0.0000000E+00   9.2112366E+03   1.1933905E-05   0.0000000E+00   1.1933905E-05
   4.7826087E-01   6.1996638E+03   0.0000000E+00   6.1996638E+03   9.4238087E-06   0.0000000E+00   9.4238087E-06
   4.9275362E-01   4.7915702E+03   0.0000000E+00   4.7915702E+03   6.5080664E-06   0.0000000E+00   6.5080664E-06
   5.0724638E-01   4.1134277E+03   0.0000000E+00   4.1134277E+03   6.7236489E-06   0.0000000E+00   6.7236489E-06
   5.2173913E-01   2.7994161E+03   0.0000000E+00   2.7994161E+03   3.4295908E-06   0.0000000E+00   3.4295908E-06
   5.3623188E-01   1.8021845E+03   0.0000000E+00   1.8021845E+03   4.0546169E-06   0.0000000E+00   4.0546169E-06
   5.5072464E-01   1.2761881E+03   0.0000000E+00   1.2761881E+03   1.0133000E-05   0.0000000E+00   1.0133000E-05
   5.6521739E-01   8.1602412E+02   0.0000000E+00   8.1602412E+02   7.9194570E-06   0.0000000E+00   7.9194570E-06
   5.7971014E-01   2.6520784E+02   0.0000000E+00   2.6520784E+02   8.7386450E-06   0.0000000E+00   8.7386450E-06
   5.9420290E-01   7.3925530E+01   0.0000000E+00   7.3925530E+01   1.9493454E-06   0.0000000E+00   1.9493454E-06
   6.0869565E-01   1.8041350E+01   0.0000000E+00   1.8041350E+01   6.4230700E-05   0.0000000E+00   6.4230700E-05
   6.2318841E-01   0.0000000E+00   0.0000000E+00   0.0000000E+00   0.0000000E+00   0.0000000E+00   0.0000000E+00
   6.3768116E-01   0.0000000E+00   0.0000000E+00   0.0000000E+00   0.0000000E+00   0.0000000E+00   0.0000000E+00
   6.5217391E-01   0.0000000E+00   0.0000000E+00   0.0000000E+00   0.0000000E+00   0.0000000E+00   0.0000000E+00
   6.6666667E-01   0.0000000E+00   0.0000000E+00   0.0000000E+00   0.0000000E+00   0.0000000E+00   0.0000000E+00
   6.8115942E-01   0.0000000E+00   0.0000000E+00   0.0000000E+00   0.0000000E+00   0.0000000E+00   0.0000000E+00
   6.9565217E-01   0.0000000E+00   0.0000000E+00   0.0000000E+00   0.0000000E+00   0.0000000E+00   0.0000000E+00
   7.1014493E-01   0.0000000E+00   0.0000000E+00   0.0000000E+00   0.0000000E+00   0.0000000E+00   0.0000000E+00
   7.2463768E-01   0.0000000E+00   0.0000000E+00   0.0000000E+00   0.0000000E+00   0.0000000E+00   0.0000000E+00
   7.3913043E-01   0.0000000E+00   0.0000000E+00   0.0000000E+00   0.0000000E+00   0.0000000E+00   0.0000000E+00
   7.5362319E-01   0.0000000E+00   0.0000000E+00   0.0000000E+00   0.0000000E+00   0.0000000E+00   0.0000000E+00
   7.6811594E-01   0.0000000E+00   0.0000000E+00   0.0000000E+00   0.0000000E+00   0.0000000E+00   0.0000000E+00
   7.8260870E-01   0.0000000E+00   0.0000000E+00   0.0000000E+00   0.0000000E+00   0.0000000E+00   0.0000000E+00
   7.9710145E-01   0.0000000E+00   0.0000000E+00   0.0000000E+00   0.0000000E+00   0.0000000E+00   0.0000000E+00
   8.1159420E-01   0.0000000E+00   0.0000000E+00   0.0000000E+00   0.0000000E+00   0.0000000E+00   0.0000000E+00
   8.2608696E-01   0.0000000E+00   0.0000000E+00   0.0000000E+00   0.0000000E+00   0.0000000E+00   0.0000000E+00
   8.4057971E-01   0.0000000E+00   0.0000000E+00   0.0000000E+00   0.0000000E+00   0.0000000E+00   0.0000000E+00
   8.5507246E-01   0.0000000E+00   0.0000000E+00   0.0000000E+00   0.0000000E+00   0.0000000E+00   0.0000000E+00
   8.6956522E-01   0.0000000E+00   0.0000000E+00   0.0000000E+00   0.0000000E+00   0.0000000E+00   0.0000000E+00
   8.8405797E-01   0.0000000E+00   0.0000000E+00   0.0000000E+00   0.0000000E+00   0.0000000E+00   0.0000000E+00
   8.9855072E-01   0.0000000E+00   0.0000000E+00   0.0000000E+00   0.0000000E+00   0.0000000E+00   0.0000000E+00
   9.1304348E-01   0.0000000E+00   0.0000000E+00   0.0000000E+00   0.0000000E+00   0.0000000E+00   0.0000000E+00
   9.2753623E-01   0.0000000E+00   0.0000000E+00   0.0000000E+00   0.0000000E+00   0.0000000E+00   0.0000000E+00
   9.4202899E-01   0.0000000E+00   0.0000000E+00   0.0000000E+00   0.0000000E+00   0.0000000E+00   0.0000000E+00
   9.5652174E-01   0.0000000E+00   0.0000000E+00   0.0000000E+00   0.0000000E+00   0.0000000E+00   0.0000000E+00
   9.7101449E-01   0.0000000E+00   0.0000000E+00   0.0000000E+00   0.0000000E+00   0.0000000E+00   0.0000000E+00
   9.8550725E-01   0.0000000E+00   0.0000000E+00   0.0000000E+00   0.0000000E+00   0.0000000E+00   0.0000000E+00
   1.0000000E+00   0.0000000E+00   0.0000000E+00   0.0000000E+00   0.0000000E+00   0.0000000E+00   0.0000000E+00
