   0.0000000E+00   1.9349564E+08   9.7257019E+07   2.9074660E+08   8.9381417E-04   7.5083622E-05   6.1903017E-04
   1.4492754E-02   1.9581734E+08   9.7727573E+07   2.9354416E+08   4.6302483E-05   3.0533547E-05   2.9586464E-05
   2.8985507E-02   2.0008681E+08   9.9624946E+07   2.9970797E+08   4.9140774E-05   7.0438058E-06   3.0610406E-05
   4.3478261E-02   1.9447337E+08   9.7329509E+07   2.9179985E+08   2.7496947E-04   3.3750717E-05   1.8631828E-04
   5.7971014E-02   1.7749319E+08   8.9031219E+07   2.6651910E+08   3.0837423E-04   4.2693606E-05   1.9785188E-04
   7.2463768E-02   1.5550121E+08   7.7827589E+07   2.3332001E+08   2.8428508E-04   1.0297187E-04   2.1924142E-04
   8.6956522E-02   1.3467014E+08   6.7629009E+07   2.0229334E+08   4.3272014E-04   1.3584775E-04   3.2574280E-04
   1.0144928E-01   9.6273152E+07   4.8530220E+07   1.4480045E+08   7.0987098E-04   2.6139970E-04   5.5668905E-04
   1.1594203E-01   3.7655725E+07   1.8756067E+07   5.6411033E+07   1.6225054E-03   8.8274579E-04   1.3760126E-03
   1.3043478E-01   2.1446558E+07   1.0696632E+07   3.2142769E+07   3.1422323E-03   1.2547063E-03   2.5124762E-03
   1.4492754E-01   1.4067912E+07   7.0864292E+06   2.1154038E+07   3.0688406E-03   1.4174870E-03   2.5163134E-03
   1.5942029E-01   9.7389829E+06   4.9533247E+06   1.4692101E+07   2.2207515E-03   1.4900512E-03   1.9726668E-03
   1.7391304E-01   6.7180303E+06   3.4338101E+06   1.0151777E+07   2.8199557E-03   1.3384074E-03   2.3136451E-03
   1.8840580E-01   3.2164756E+06   1.6687693E+06   4.8852450E+06   3.9763631E-03   7.3010338E-04   2.8654611E-03
   2.0289855E-01   2.6109441E+05   1.3650085E+05   3.9759526E+05   3.4358924E-02   5.3900530E-04   2.2747992E-02
   2.1739130E-01   4.8899274E+04   1.7074333E+04   6.5973607E+04   1.1936555E-01   2.3991190E-06   8.8472771E-02
   2.3188406E-01   3.7460607E+04   1.2360580E+04   4.9821187E+04   1.4997807E-01   1.1713127E-05   1.1277144E-01
   2.4637681E-01   2.8838567E+04   9.1819857E+03   3.8020552E+04   1.7422709E-01   2.8470342E-06   1.3215046E-01
   2.6086957E-01   2.2647908E+04   7.3668844E+03   3.0014792E+04   1.7073094E-01   2.1387794E-05   1.2883168E-01
   2.7536232E-01   1.8026157E+04   7.5773668E+03   2.5603524E+04   1.9982112E-01   1.9981386E-05   1.4068987E-01
   2.8985507E-01   1.5836697E+04   5.2283831E+03   2.1065080E+04   2.1413455E-01   2.2129605E-04   1.6094788E-01
   3.0434783E-01   1.4072253E+04   4.7268336E+03   1.8799086E+04   2.2234347E-01   7.4794765E-07   1.6643741E-01
   3.1884058E-01   1.1297165E+04   3.6509131E+03   1.4948078E+04   2.2608367E-01   2.3635820E-06   1.7086507E-01
   3.3333333E-01   1.1629611E+04   2.9321115E+03   1.4561722E+04   2.4073983E-01   1.0073635E-05   1.9226306E-01
   3.4782609E-01   9.0296955E+03   3.1572362E+03   1.2186932E+04   2.5990814E-01   1.1309177E-05   1.9257722E-01
   3.6231884E-01   8.0320089E+03   2.8793994E+03   1.0911408E+04   2.5898770E-01   2.8078473E-05   1.9065111E-01
   3.7681159E-01   7.1402111E+03   2.3023538E+03   9.4425648E+03   2.5983017E-01   3.2758055E-06   1.9647724E-01
   3.9130435E-01   6.4267297E+03   2.0767598E+03   8.5034895E+03   2.8001024E-01   1.2823485E-05   2.1162179E-01
   4.0579710E-01   5.6289011E+03   1.7860936E+03   7.4149947E+03   2.9579320E-01   6.4845413E-06   2.2454518E-01
   4.2028986E-01   4.6509355E+03   1.4109580E+03   6.0618935E+03   2.9815615E-01   1.9258541E-05   2.2875357E-01
   4.3478261E-01   4.4706464E+03   1.6165049E+03   6.0871514E+03   3.1692973E-01   3.0676094E-05   2.3275779E-01
   4.4927536E-01   4.8152944E+03   1.1732697E+03   5.9885641E+03   3.2278263E-01   3.3651417E-06   2.5954363E-01
   4.6376812E-01   3.7650041E+03   1.1366050E+03   4.9016092E+03   3.2290218E-01   3.4579581E-06   2.4802553E-01
   4.7826087E-01   3.0079850E+03   7.8069840E+02   3.7886834E+03   3.3148753E-01   3.3663896E-06   2.6318168E-01
   4.9275362E-01   3.0978059E+03   9.8060041E+02   4.0784063E+03   3.3775433E-01   9.6791076E-06   2.5654773E-01
   5.0724638E-01   2.2515604E+03   9.5258326E+02   3.2041437E+03   3.4232311E-01   2.7259758E-05   2.4054342E-01
   5.2173913E-01   2.4626442E+03   8.2088141E+02   3.2835256E+03   3.5870582E-01   9.3869205E-07   2.6902953E-01
   5.3623188E-01   2.1503338E+03   4.5054614E+02   2.6008800E+03   3.6234093E-01   2.3388925E-05   2.9956970E-01
   5.5072464E-01   1.3758903E+03   5.9821317E+02   1.9741035E+03   3.7208757E-01   1.6358606E-05   2.5933872E-01
   5.6521739E-01   1.0686030E+03   4.0801206E+02   1.4766151E+03   3.8882128E-01   1.0365206E-04   2.8141210E-01
   5.7971014E-01   6.6301960E+02   2.4626442E+02   9.0928402E+02   3.9858851E-01   8.1373636E-06   2.9063961E-01
   5.9420290E-01   5.1747871E+02   1.8481383E+02   7.0229254E+02   3.9660183E-01   8.7527755E-05   2.9221035E-01
   6.0869565E-01   9.0206748E+01   1.8041350E+01   1.0824810E+02   4.2021051E-01   6.8611377E-05   3.5016400E-01
   6.2318841E-01   0.0000000E+00   0.0000000E+00   0.0000000E+00   0.0000000E+00   0.0000000E+00   0.0000000E+00
   6.3768116E-01   0.0000000E+00   0.0000000E+00   0.0000000E+00   0.0000000E+00   0.0000000E+00   0.0000000E+00
   6.5217391E-01   0.0000000E+00   0.0000000E+00   0.0000000E+00   0.0000000E+00   0.0000000E+00   0.0000000E+00
   6.6666667E-01   0.0000000E+00   0.0000000E+00   0.0000000E+00   0.0000000E+00   0.0000000E+00   0.0000000E+00
   6.8115942E-01   0.0000000E+00   0.0000000E+00   0.0000000E+00   0.0000000E+00   0.0000000E+00   0.0000000E+00
   6.9565217E-01   0.0000000E+00   0.0000000E+00   0.0000000E+00   0.0000000E+00   0.0000000E+00   0.0000000E+00
   7.1014493E-01   0.0000000E+00   0.0000000E+00   0.0000000E+00   0.0000000E+00   0.0000000E+00   0.0000000E+00
   7.2463768E-01   0.0000000E+00   0.0000000E+00   0.0000000E+00   0.0000000E+00   0.0000000E+00   0.0000000E+00
   7.3913043E-01   0.0000000E+00   0.0000000E+00   0.0000000E+00   0.0000000E+00   0.0000000E+00   0.0000000E+00
   7.5362319E-01   0.0000000E+00   0.0000000E+00   0.0000000E+00   0.0000000E+00   0.0000000E+00   0.0000000E+00
   7.6811594E-01   0.0000000E+00   0.0000000E+00   0.0000000E+00   0.0000000E+00   0.0000000E+00   0.0000000E+00
   7.8260870E-01   0.0000000E+00   0.0000000E+00   0.0000000E+00   0.0000000E+00   0.0000000E+00   0.0000000E+00
   7.9710145E-01   0.0000000E+00   0.0000000E+00   0.0000000E+00   0.0000000E+00   0.0000000E+00   0.0000000E+00
   8.1159420E-01   0.0000000E+00   0.0000000E+00   0.0000000E+00   0.0000000E+00   0.0000000E+00   0.0000000E+00
   8.2608696E-01   0.0000000E+00   0.0000000E+00   0.0000000E+00   0.0000000E+00   0.0000000E+00   0.0000000E+00
   8.4057971E-01   0.0000000E+00   0.0000000E+00   0.0000000E+00   0.0000000E+00   0.0000000E+00   0.0000000E+00
   8.5507246E-01   0.0000000E+00   0.0000000E+00   0.0000000E+00   0.0000000E+00   0.0000000E+00   0.0000000E+00
   8.6956522E-01   0.0000000E+00   0.0000000E+00   0.0000000E+00   0.0000000E+00   0.0000000E+00   0.0000000E+00
   8.8405797E-01   0.0000000E+00   0.0000000E+00   0.0000000E+00   0.0000000E+00   0.0000000E+00   0.0000000E+00
   8.9855072E-01   0.0000000E+00   0.0000000E+00   0.0000000E+00   0.0000000E+00   0.0000000E+00   0.0000000E+00
   9.1304348E-01   0.0000000E+00   0.0000000E+00   0.0000000E+00   0.0000000E+00   0.0000000E+00   0.0000000E+00
   9.2753623E-01   0.0000000E+00   0.0000000E+00   0.0000000E+00   0.0000000E+00   0.0000000E+00   0.0000000E+00
   9.4202899E-01   0.0000000E+00   0.0000000E+00   0.0000000E+00   0.0000000E+00   0.0000000E+00   0.0000000E+00
   9.5652174E-01   0.0000000E+00   0.0000000E+00   0.0000000E+00   0.0000000E+00   0.0000000E+00   0.0000000E+00
   9.7101449E-01   0.0000000E+00   0.0000000E+00   0.0000000E+00   0.0000000E+00   0.0000000E+00   0.0000000E+00
   9.8550725E-01   0.0000000E+00   0.0000000E+00   0.0000000E+00   0.0000000E+00   0.0000000E+00   0.0000000E+00
   1.0000000E+00   0.0000000E+00   0.0000000E+00   0.0000000E+00   0.0000000E+00   0.0000000E+00   0.0000000E+00
