   0.0000000E+00   1.8317830E+08   9.1855872E+07   2.7503417E+08   2.5836512E-04   2.1023612E-04   1.1349247E-04
   1.4492754E-02   1.8658811E+08   9.4690565E+07   2.8127716E+08   3.8580047E-04   6.0817112E-05   2.5616339E-04
   2.8985507E-02   1.9849102E+08   9.9720421E+07   2.9820159E+08   4.0451425E-04   3.7655141E-05   2.7744048E-04
   4.3478261E-02   1.9815799E+08   9.9573167E+07   2.9771626E+08   2.0552902E-04   4.6084190E-05   1.5217377E-04
   5.7971014E-02   1.8306028E+08   9.2236066E+07   2.7528309E+08   6.1563261E-05   6.4467780E-05   4.1679473E-05
   7.2463768E-02   1.6103420E+08   8.1035240E+07   2.4205156E+08   1.8170464E-04   7.9586719E-05   1.4696458E-04
   8.6956522E-02   1.4565518E+08   7.3088628E+07   2.1872865E+08   2.5661616E-04   1.6320407E-04   2.2291647E-04
   1.0144928E-01   1.0285280E+08   5.1678291E+07   1.5452308E+08   4.8364517E-04   3.8750313E-04   4.4778953E-04
   1.1594203E-01   2.7957642E+07   1.3823674E+07   4.1780464E+07   3.9235470E-03   1.8050697E-03   3.2199830E-03
   1.3043478E-01   1.4979865E+07   7.3673896E+06   2.2347170E+07   5.3015628E-03   2.7032774E-03   4.4358054E-03
   1.4492754E-01   1.1048862E+07   5.4528247E+06   1.6501459E+07   4.6575437E-03   2.6764972E-03   4.0036675E-03
   1.5942029E-01   8.7743153E+06   4.3894308E+06   1.3163677E+07   4.6415456E-03   2.5134968E-03   3.9299518E-03
   1.7391304E-01   7.0163260E+06   3.4963865E+06   1.0512649E+07   3.7237410E-03   1.3805135E-03   2.9437175E-03
   1.8840580E-01   3.5593806E+06   1.7623790E+06   5.3217013E+06   7.5028807E-03   9.0830385E-04   5.3191875E-03
   2.0289855E-01   3.0574675E+05   1.1836929E+05   4.2411605E+05   1.0690853E-01   3.3514849E-04   7.7159850E-02
   2.1739130E-01   1.9675896E+05   6.1578735E+04   2.5833769E+05   2.1199764E-01   5.6459600E-06   1.6146526E-01
   2.3188406E-01   1.8825021E+05   5.4509683E+04   2.4275989E+05   2.5895545E-01   1.1411233E-05   2.0081119E-01
   2.4637681E-01   1.5493487E+05   4.1630945E+04   1.9656581E+05   2.8521563E-01   9.4374917E-06   2.2481133E-01
   2.6086957E-01   1.0679878E+05   2.9004476E+04   1.3580325E+05   2.9622002E-01   1.4362825E-05   2.3295142E-01
   2.7536232E-01   6.7717731E+04   1.8624370E+04   8.6342101E+04   2.9923142E-01   2.1004963E-05   2.3468840E-01
   2.8985507E-01   4.5123220E+04   1.2351108E+04   5.7474327E+04   3.1151542E-01   2.9331773E-05   2.4457761E-01
   3.0434783E-01   2.9984723E+04   7.7216976E+03   3.7706421E+04   3.1488619E-01   2.2106558E-05   2.5040576E-01
   3.1884058E-01   2.0596661E+04   5.0975013E+03   2.5694162E+04   3.0885456E-01   2.9308339E-06   2.4757997E-01
   3.3333333E-01   1.4726448E+04   4.2828595E+03   1.9009307E+04   2.8472126E-01   2.6179633E-05   2.2057852E-01
   3.4782609E-01   8.5561101E+03   1.8311970E+03   1.0387307E+04   2.7951358E-01   1.1407823E-05   2.3023961E-01
   3.6231884E-01   6.6680828E+03   1.7882586E+03   8.4563414E+03   2.6506149E-01   4.4071577E-04   2.0910016E-01
   3.7681159E-01   5.3624442E+03   7.8688040E+02   6.1493246E+03   2.4155729E-01   2.3746364E-05   2.1065010E-01
   3.9130435E-01   4.1815839E+03   4.2096482E+02   4.6025487E+03   2.4061273E-01   4.1340694E-06   2.1860580E-01
   4.0579710E-01   2.3814581E+03   2.7062024E+02   2.6520784E+03   1.8549660E-01   4.8152286E-05   1.6657314E-01
   4.2028986E-01   2.8480448E+03   3.6580392E+02   3.2138487E+03   1.4558505E-01   9.4192208E-06   1.2901347E-01
   4.3478261E-01   1.9195996E+03   2.0206312E+02   2.1216627E+03   1.4701897E-01   8.5550614E-06   1.3301635E-01
   4.4927536E-01   1.8821202E+03   1.9554495E+02   2.0776651E+03   1.0583777E-01   2.6494932E-05   9.5878874E-02
   4.6376812E-01   1.6575490E+03   1.1839636E+02   1.7759454E+03   9.3992072E-02   8.6537456E-06   8.7725365E-02
   4.7826087E-01   1.4925117E+03   9.1846871E+01   1.5843585E+03   5.7865910E-02   3.5648746E-06   5.4511555E-02
   4.9275362E-01   1.3371824E+03   4.4572746E+01   1.3817551E+03   6.3602638E-02   1.3923156E-03   6.1507272E-02
   5.0724638E-01   1.4072253E+03   4.3299239E+01   1.4505245E+03   3.0883226E-02   2.8067647E-06   2.9961276E-02
   5.2173913E-01   9.6821910E+02   2.1048241E+01   9.8926734E+02   7.2973682E-06   1.2948321E-06   7.1146367E-06
   5.3623188E-01   8.8061290E+02   0.0000000E+00   8.8061290E+02   2.7869214E-02   0.0000000E+00   2.7869214E-02
   5.5072464E-01   8.5743888E+02   1.9940439E+01   8.7737932E+02   1.9820928E-02   2.2079455E-05   1.9370942E-02
   5.6521739E-01   5.2458694E+02   1.9429146E+01   5.4401608E+02   7.0682354E-05   6.6993383E-06   6.8385372E-05
   5.7971014E-01   5.6830251E+02   1.8943417E+01   5.8724593E+02   2.6970527E-02   1.2001803E-05   2.6100895E-02
   5.9420290E-01   3.5114627E+02   0.0000000E+00   3.5114627E+02   2.2365236E-02   0.0000000E+00   2.2365236E-02
   6.0869565E-01   7.2165398E+01   0.0000000E+00   7.2165398E+01   2.4159033E-06   0.0000000E+00   2.4159033E-06
   6.2318841E-01   0.0000000E+00   0.0000000E+00   0.0000000E+00   0.0000000E+00   0.0000000E+00   0.0000000E+00
   6.3768116E-01   0.0000000E+00   0.0000000E+00   0.0000000E+00   0.0000000E+00   0.0000000E+00   0.0000000E+00
   6.5217391E-01   0.0000000E+00   0.0000000E+00   0.0000000E+00   0.0000000E+00   0.0000000E+00   0.0000000E+00
   6.6666667E-01   0.0000000E+00   0.0000000E+00   0.0000000E+00   0.0000000E+00   0.0000000E+00   0.0000000E+00
   6.8115942E-01   0.0000000E+00   0.0000000E+00   0.0000000E+00   0.0000000E+00   0.0000000E+00   0.0000000E+00
   6.9565217E-01   0.0000000E+00   0.0000000E+00   0.0000000E+00   0.0000000E+00   0.0000000E+00   0.0000000E+00
   7.1014493E-01   0.0000000E+00   0.0000000E+00   0.0000000E+00   0.0000000E+00   0.0000000E+00   0.0000000E+00
   7.2463768E-01   0.0000000E+00   0.0000000E+00   0.0000000E+00   0.0000000E+00   0.0000000E+00   0.0000000E+00
   7.3913043E-01   0.0000000E+00   0.0000000E+00   0.0000000E+00   0.0000000E+00   0.0000000E+00   0.0000000E+00
   7.5362319E-01   0.0000000E+00   0.0000000E+00   0.0000000E+00   0.0000000E+00   0.0000000E+00   0.0000000E+00
   7.6811594E-01   0.0000000E+00   0.0000000E+00   0.0000000E+00   0.0000000E+00   0.0000000E+00   0.0000000E+00
   7.8260870E-01   0.0000000E+00   0.0000000E+00   0.0000000E+00   0.0000000E+00   0.0000000E+00   0.0000000E+00
   7.9710145E-01   0.0000000E+00   0.0000000E+00   0.0000000E+00   0.0000000E+00   0.0000000E+00   0.0000000E+00
   8.1159420E-01   0.0000000E+00   0.0000000E+00   0.0000000E+00   0.0000000E+00   0.0000000E+00   0.0000000E+00
   8.2608696E-01   0.0000000E+00   0.0000000E+00   0.0000000E+00   0.0000000E+00   0.0000000E+00   0.0000000E+00
   8.4057971E-01   0.0000000E+00   0.0000000E+00   0.0000000E+00   0.0000000E+00   0.0000000E+00   0.0000000E+00
   8.5507246E-01   0.0000000E+00   0.0000000E+00   0.0000000E+00   0.0000000E+00   0.0000000E+00   0.0000000E+00
   8.6956522E-01   0.0000000E+00   0.0000000E+00   0.0000000E+00   0.0000000E+00   0.0000000E+00   0.0000000E+00
   8.8405797E-01   0.0000000E+00   0.0000000E+00   0.0000000E+00   0.0000000E+00   0.0000000E+00   0.0000000E+00
   8.9855072E-01   0.0000000E+00   0.0000000E+00   0.0000000E+00   0.0000000E+00   0.0000000E+00   0.0000000E+00
   9.1304348E-01   0.0000000E+00   0.0000000E+00   0.0000000E+00   0.0000000E+00   0.0000000E+00   0.0000000E+00
   9.2753623E-01   0.0000000E+00   0.0000000E+00   0.0000000E+00   0.0000000E+00   0.0000000E+00   0.0000000E+00
   9.4202899E-01   0.0000000E+00   0.0000000E+00   0.0000000E+00   0.0000000E+00   0.0000000E+00   0.0000000E+00
   9.5652174E-01   0.0000000E+00   0.0000000E+00   0.0000000E+00   0.0000000E+00   0.0000000E+00   0.0000000E+00
   9.7101449E-01   0.0000000E+00   0.0000000E+00   0.0000000E+00   0.0000000E+00   0.0000000E+00   0.0000000E+00
   9.8550725E-01   0.0000000E+00   0.0000000E+00   0.0000000E+00   0.0000000E+00   0.0000000E+00   0.0000000E+00
   1.0000000E+00   0.0000000E+00   0.0000000E+00   0.0000000E+00   0.0000000E+00   0.0000000E+00   0.0000000E+00
