#depth	Mg	Mg+	Mg+2	Mg+3	Mg+4	Mg+5	Mg+6	Mg+7	Mg+8	Mg+9	Mg+10	Mg+11	Mg+12
 6.17135e+19	0.00e+00	0.00e+00	2.91e-28	4.77e-23	1.28e-18	7.10e-15	1.08e-11	5.28e-09	1.04e-06	1.23e-04	3.44e-02	2.96e-01	6.69e-01
 1.87609e+20	0.00e+00	0.00e+00	7.62e-28	1.13e-22	2.75e-18	1.38e-14	1.92e-11	8.53e-09	1.50e-06	1.60e-04	4.05e-02	3.15e-01	6.44e-01
 3.09890e+20	0.00e+00	0.00e+00	1.87e-27	2.52e-22	5.61e-18	2.57e-14	3.29e-11	1.33e-08	2.13e-06	2.05e-04	4.71e-02	3.33e-01	6.20e-01
 4.23532e+20	0.00e+00	0.00e+00	4.16e-27	5.18e-22	1.06e-17	4.48e-14	5.31e-11	1.98e-08	2.90e-06	2.55e-04	5.38e-02	3.49e-01	5.97e-01
 4.98912e+20	0.00e+00	4.26e-33	7.00e-27	8.25e-22	1.60e-17	6.42e-14	7.24e-11	2.57e-08	3.55e-06	2.94e-04	5.85e-02	3.59e-01	5.82e-01
 5.30876e+20	0.00e+00	5.45e-33	8.76e-27	1.01e-21	1.91e-17	7.49e-14	8.28e-11	2.87e-08	3.87e-06	3.13e-04	6.07e-02	3.64e-01	5.75e-01
 5.58772e+20	0.00e+00	6.69e-33	1.06e-26	1.19e-21	2.22e-17	8.53e-14	9.26e-11	3.15e-08	4.15e-06	3.29e-04	6.26e-02	3.67e-01	5.70e-01
 5.95037e+20	0.00e+00	8.66e-33	1.33e-26	1.47e-21	2.67e-17	1.00e-13	1.06e-10	3.54e-08	4.54e-06	3.51e-04	6.50e-02	3.72e-01	5.63e-01
 6.42182e+20	0.00e+00	1.22e-32	1.82e-26	1.94e-21	3.41e-17	1.24e-13	1.28e-10	4.13e-08	5.12e-06	3.81e-04	6.83e-02	3.78e-01	5.53e-01
 6.93472e+20	0.00e+00	1.76e-32	2.54e-26	2.62e-21	4.44e-17	1.57e-13	1.56e-10	4.87e-08	5.82e-06	4.17e-04	7.20e-02	3.85e-01	5.43e-01
 7.39308e+20	0.00e+00	2.43e-32	3.40e-26	3.41e-21	5.61e-17	1.92e-13	1.86e-10	5.64e-08	6.52e-06	4.52e-04	7.55e-02	3.90e-01	5.34e-01
 7.81574e+20	0.00e+00	3.26e-32	4.45e-26	4.34e-21	6.95e-17	2.31e-13	2.19e-10	6.45e-08	7.23e-06	4.86e-04	7.87e-02	3.95e-01	5.25e-01
 8.30041e+20	0.00e+00	4.55e-32	6.03e-26	5.69e-21	8.84e-17	2.85e-13	2.63e-10	7.49e-08	8.12e-06	5.27e-04	8.25e-02	4.01e-01	5.16e-01
 8.84272e+20	0.00e+00	6.59e-32	8.44e-26	7.70e-21	1.16e-16	3.60e-13	3.21e-10	8.86e-08	9.24e-06	5.77e-04	8.70e-02	4.07e-01	5.05e-01
 9.30862e+20	0.00e+00	9.02e-32	1.12e-25	9.95e-21	1.45e-16	4.39e-13	3.81e-10	1.02e-07	1.03e-05	6.22e-04	9.09e-02	4.13e-01	4.96e-01
 9.68174e+20	0.00e+00	1.16e-31	1.41e-25	1.22e-20	1.73e-16	5.14e-13	4.36e-10	1.14e-07	1.12e-05	6.61e-04	9.41e-02	4.17e-01	4.89e-01
 1.00856e+21	0.00e+00	1.51e-31	1.80e-25	1.52e-20	2.11e-16	6.09e-13	5.06e-10	1.29e-07	1.24e-05	7.05e-04	9.77e-02	4.21e-01	4.81e-01
 1.06105e+21	0.00e+00	2.13e-31	2.46e-25	2.01e-20	2.70e-16	7.56e-13	6.09e-10	1.51e-07	1.39e-05	7.66e-04	1.02e-01	4.26e-01	4.70e-01
 1.11524e+21	0.00e+00	3.03e-31	3.38e-25	2.68e-20	3.49e-16	9.45e-13	7.39e-10	1.77e-07	1.57e-05	8.34e-04	1.08e-01	4.32e-01	4.60e-01
 1.15960e+21	0.00e+00	4.03e-31	4.39e-25	3.38e-20	4.29e-16	1.13e-12	8.63e-10	2.01e-07	1.74e-05	8.93e-04	1.12e-01	4.36e-01	4.51e-01
 1.20522e+21	0.00e+00	5.38e-31	5.71e-25	4.29e-20	5.29e-16	1.36e-12	1.01e-09	2.30e-07	1.92e-05	9.58e-04	1.16e-01	4.40e-01	4.42e-01
 1.26453e+21	0.00e+00	7.81e-31	8.02e-25	5.82e-20	6.94e-16	1.72e-12	1.24e-09	2.72e-07	2.19e-05	1.05e-03	1.22e-01	4.46e-01	4.31e-01
 1.32110e+21	0.00e+00	1.11e-30	1.11e-24	7.77e-20	8.97e-16	2.15e-12	1.51e-09	3.20e-07	2.48e-05	1.14e-03	1.28e-01	4.50e-01	4.20e-01
 1.36118e+21	0.00e+00	1.43e-30	1.39e-24	9.53e-20	1.08e-15	2.52e-12	1.73e-09	3.59e-07	2.71e-05	1.21e-03	1.32e-01	4.54e-01	4.13e-01
 1.40035e+21	0.00e+00	1.81e-30	1.73e-24	1.16e-19	1.28e-15	2.94e-12	1.97e-09	4.00e-07	2.94e-05	1.28e-03	1.37e-01	4.57e-01	4.05e-01
 1.45127e+21	0.00e+00	2.46e-30	2.29e-24	1.49e-19	1.60e-15	3.58e-12	2.34e-09	4.61e-07	3.28e-05	1.38e-03	1.42e-01	4.60e-01	3.96e-01
 1.50552e+21	0.00e+00	3.41e-30	3.09e-24	1.95e-19	2.03e-15	4.40e-12	2.80e-09	5.35e-07	3.68e-05	1.49e-03	1.48e-01	4.64e-01	3.86e-01
 1.55228e+21	0.00e+00	4.51e-30	3.98e-24	2.46e-19	2.50e-15	5.27e-12	3.27e-09	6.08e-07	4.06e-05	1.59e-03	1.54e-01	4.67e-01	3.77e-01
 1.60125e+21	0.00e+00	6.02e-30	5.19e-24	3.12e-19	3.09e-15	6.34e-12	3.84e-09	6.95e-07	4.49e-05	1.70e-03	1.60e-01	4.70e-01	3.68e-01
 1.65576e+21	0.00e+00	8.29e-30	6.95e-24	4.07e-19	3.90e-15	7.78e-12	4.58e-09	8.06e-07	5.03e-05	1.84e-03	1.66e-01	4.73e-01	3.59e-01
 1.70605e+21	0.00e+00	1.11e-29	9.09e-24	5.18e-19	4.84e-15	9.39e-12	5.40e-09	9.23e-07	5.58e-05	1.97e-03	1.73e-01	4.76e-01	3.50e-01
 1.75038e+21	0.00e+00	1.43e-29	1.15e-23	6.40e-19	5.84e-15	1.11e-11	6.23e-09	1.04e-06	6.11e-05	2.09e-03	1.78e-01	4.78e-01	3.42e-01
 1.79842e+21	0.00e+00	1.89e-29	1.48e-23	8.03e-19	7.15e-15	1.32e-11	7.26e-09	1.18e-06	6.73e-05	2.23e-03	1.84e-01	4.80e-01	3.33e-01
 1.85227e+21	0.00e+00	2.56e-29	1.96e-23	1.04e-18	8.97e-15	1.61e-11	8.62e-09	1.36e-06	7.51e-05	2.40e-03	1.92e-01	4.82e-01	3.24e-01
 1.90140e+21	0.00e+00	3.37e-29	2.52e-23	1.30e-18	1.10e-14	1.93e-11	1.01e-08	1.55e-06	8.29e-05	2.56e-03	1.98e-01	4.84e-01	3.15e-01
 1.94502e+21	0.00e+00	4.30e-29	3.15e-23	1.60e-18	1.32e-14	2.26e-11	1.16e-08	1.74e-06	9.04e-05	2.72e-03	2.04e-01	4.85e-01	3.08e-01
 1.99375e+21	0.00e+00	5.63e-29	4.04e-23	2.00e-18	1.61e-14	2.69e-11	1.35e-08	1.97e-06	9.96e-05	2.90e-03	2.11e-01	4.86e-01	3.00e-01
 2.04850e+21	0.00e+00	7.60e-29	5.33e-23	2.57e-18	2.02e-14	3.27e-11	1.60e-08	2.27e-06	1.11e-04	3.11e-03	2.19e-01	4.88e-01	2.90e-01
 2.09978e+21	0.00e+00	1.00e-28	6.90e-23	3.25e-18	2.49e-14	3.93e-11	1.87e-08	2.60e-06	1.23e-04	3.32e-03	2.26e-01	4.88e-01	2.82e-01
 2.14665e+21	0.00e+00	1.29e-28	8.71e-23	4.01e-18	3.01e-14	4.64e-11	2.17e-08	2.93e-06	1.35e-04	3.53e-03	2.33e-01	4.89e-01	2.74e-01
 2.19910e+21	0.00e+00	1.71e-28	1.13e-22	5.08e-18	3.72e-14	5.58e-11	2.54e-08	3.35e-06	1.49e-04	3.77e-03	2.41e-01	4.89e-01	2.66e-01
 2.25697e+21	0.00e+00	2.31e-28	1.50e-22	6.57e-18	4.69e-14	6.84e-11	3.04e-08	3.88e-06	1.67e-04	4.05e-03	2.50e-01	4.89e-01	2.57e-01
 2.30964e+21	0.00e+00	3.05e-28	1.93e-22	8.30e-18	5.78e-14	8.22e-11	3.56e-08	4.43e-06	1.84e-04	4.33e-03	2.58e-01	4.89e-01	2.49e-01
 2.35795e+21	0.00e+00	3.90e-28	2.44e-22	1.03e-17	6.99e-14	9.71e-11	4.12e-08	4.99e-06	2.02e-04	4.59e-03	2.65e-01	4.89e-01	2.41e-01
 2.41284e+21	0.00e+00	5.16e-28	3.16e-22	1.30e-17	8.66e-14	1.17e-10	4.85e-08	5.72e-06	2.24e-04	4.91e-03	2.74e-01	4.88e-01	2.33e-01
 2.47395e+21	0.00e+00	7.00e-28	4.20e-22	1.69e-17	1.10e-13	1.44e-10	5.81e-08	6.65e-06	2.52e-04	5.28e-03	2.84e-01	4.87e-01	2.24e-01
 2.53042e+21	0.00e+00	9.25e-28	5.46e-22	2.15e-17	1.36e-13	1.74e-10	6.86e-08	7.63e-06	2.79e-04	5.65e-03	2.93e-01	4.85e-01	2.16e-01
 2.58208e+21	3.89e-33	1.19e-27	6.91e-22	2.67e-17	1.66e-13	2.07e-10	7.97e-08	8.64e-06	3.07e-04	6.00e-03	3.01e-01	4.84e-01	2.09e-01
 2.64021e+21	5.38e-33	1.57e-27	8.97e-22	3.39e-17	2.06e-13	2.50e-10	9.41e-08	9.92e-06	3.41e-04	6.42e-03	3.11e-01	4.82e-01	2.01e-01
 2.70579e+21	7.71e-33	2.13e-27	1.20e-21	4.43e-17	2.62e-13	3.09e-10	1.13e-07	1.16e-05	3.84e-04	6.92e-03	3.21e-01	4.79e-01	1.92e-01
 2.76784e+21	1.08e-32	2.83e-27	1.57e-21	5.69e-17	3.29e-13	3.77e-10	1.35e-07	1.34e-05	4.28e-04	7.42e-03	3.31e-01	4.76e-01	1.84e-01
 2.82265e+21	1.44e-32	3.62e-27	1.98e-21	7.06e-17	4.00e-13	4.48e-10	1.56e-07	1.51e-05	4.71e-04	7.88e-03	3.40e-01	4.74e-01	1.78e-01
 2.87355e+21	1.88e-32	4.52e-27	2.45e-21	8.60e-17	4.79e-13	5.24e-10	1.79e-07	1.70e-05	5.14e-04	8.32e-03	3.49e-01	4.71e-01	1.71e-01
 2.93200e+21	2.53e-32	5.81e-27	3.11e-21	1.07e-16	5.86e-13	6.26e-10	2.09e-07	1.93e-05	5.67e-04	8.85e-03	3.58e-01	4.68e-01	1.65e-01
 2.99719e+21	3.49e-32	7.64e-27	4.04e-21	1.37e-16	7.32e-13	7.60e-10	2.48e-07	2.22e-05	6.32e-04	9.47e-03	3.69e-01	4.64e-01	1.57e-01
 3.05776e+21	4.69e-32	9.78e-27	5.12e-21	1.71e-16	8.96e-13	9.08e-10	2.90e-07	2.53e-05	6.97e-04	1.01e-02	3.78e-01	4.60e-01	1.51e-01
 3.11417e+21	6.13e-32	1.22e-26	6.36e-21	2.09e-16	1.08e-12	1.07e-09	3.33e-07	2.84e-05	7.62e-04	1.07e-02	3.87e-01	4.56e-01	1.45e-01
 3.17854e+21	8.25e-32	1.57e-26	8.08e-21	2.62e-16	1.32e-12	1.28e-09	3.90e-07	3.23e-05	8.42e-04	1.13e-02	3.97e-01	4.52e-01	1.39e-01
 3.25049e+21	1.14e-31	2.06e-26	1.05e-20	3.35e-16	1.66e-12	1.55e-09	4.63e-07	3.73e-05	9.39e-04	1.21e-02	4.09e-01	4.46e-01	1.32e-01
 3.31775e+21	1.53e-31	2.63e-26	1.33e-20	4.19e-16	2.03e-12	1.86e-09	5.41e-07	4.24e-05	1.04e-03	1.29e-02	4.19e-01	4.41e-01	1.26e-01
 3.38094e+21	2.00e-31	3.30e-26	1.66e-20	5.14e-16	2.45e-12	2.19e-09	6.24e-07	4.78e-05	1.13e-03	1.37e-02	4.28e-01	4.37e-01	1.21e-01
 3.45336e+21	2.70e-31	4.23e-26	2.11e-20	6.45e-16	3.02e-12	2.63e-09	7.31e-07	5.45e-05	1.26e-03	1.45e-02	4.39e-01	4.31e-01	1.15e-01
 3.53427e+21	3.73e-31	5.53e-26	2.74e-20	8.27e-16	3.79e-12	3.21e-09	8.69e-07	6.29e-05	1.40e-03	1.56e-02	4.50e-01	4.24e-01	1.08e-01
 3.60991e+21	5.00e-31	7.06e-26	3.48e-20	1.04e-15	4.66e-12	3.85e-09	1.02e-06	7.16e-05	1.55e-03	1.65e-02	4.61e-01	4.18e-01	1.03e-01
 3.68099e+21	6.53e-31	8.82e-26	4.33e-20	1.27e-15	5.63e-12	4.54e-09	1.17e-06	8.06e-05	1.69e-03	1.75e-02	4.70e-01	4.12e-01	9.82e-02
 3.76247e+21	8.78e-31	1.13e-25	5.51e-20	1.60e-15	6.95e-12	5.46e-09	1.38e-06	9.20e-05	1.87e-03	1.86e-02	4.81e-01	4.06e-01	9.30e-02
 3.84933e+21	1.19e-30	1.45e-25	7.08e-20	2.03e-15	8.64e-12	6.60e-09	1.62e-06	1.05e-04	2.08e-03	1.98e-02	4.92e-01	3.99e-01	8.78e-02
 3.92273e+21	1.54e-30	1.79e-25	8.70e-20	2.46e-15	1.03e-11	7.73e-09	1.86e-06	1.18e-04	2.27e-03	2.09e-02	5.01e-01	3.92e-01	8.36e-02
 3.98770e+21	1.91e-30	2.14e-25	1.04e-19	2.92e-15	1.21e-11	8.84e-09	2.09e-06	1.30e-04	2.44e-03	2.19e-02	5.08e-01	3.87e-01	8.01e-02
 4.06214e+21	2.43e-30	2.62e-25	1.27e-19	3.52e-15	1.44e-11	1.03e-08	2.38e-06	1.45e-04	2.65e-03	2.30e-02	5.17e-01	3.81e-01	7.63e-02
 4.15892e+21	3.30e-30	3.37e-25	1.62e-19	4.46e-15	1.79e-11	1.24e-08	2.81e-06	1.66e-04	2.94e-03	2.45e-02	5.28e-01	3.73e-01	7.17e-02
 4.25764e+21	4.46e-30	4.32e-25	2.08e-19	5.64e-15	2.22e-11	1.50e-08	3.30e-06	1.89e-04	3.25e-03	2.61e-02	5.38e-01	3.65e-01	6.74e-02
 4.33752e+21	5.66e-30	5.26e-25	2.53e-19	6.79e-15	2.63e-11	1.75e-08	3.76e-06	2.11e-04	3.53e-03	2.74e-02	5.46e-01	3.58e-01	6.40e-02
 4.42001e+21	7.17e-30	6.40e-25	3.07e-19	8.18e-15	3.12e-11	2.03e-08	4.27e-06	2.34e-04	3.82e-03	2.88e-02	5.55e-01	3.52e-01	6.08e-02
 4.52724e+21	9.69e-30	8.20e-25	3.93e-19	1.03e-14	3.87e-11	2.45e-08	5.02e-06	2.67e-04	4.23e-03	3.06e-02	5.65e-01	3.43e-01	5.69e-02
 4.63817e+21	1.31e-29	1.05e-24	5.04e-19	1.31e-14	4.82e-11	2.96e-08	5.92e-06	3.06e-04	4.68e-03	3.25e-02	5.75e-01	3.35e-01	5.32e-02
 4.72434e+21	1.65e-29	1.27e-24	6.09e-19	1.57e-14	5.69e-11	3.42e-08	6.71e-06	3.39e-04	5.06e-03	3.41e-02	5.82e-01	3.28e-01	5.04e-02
 4.79445e+21	1.97e-29	1.47e-24	7.06e-19	1.81e-14	6.48e-11	3.83e-08	7.38e-06	3.66e-04	5.37e-03	3.53e-02	5.88e-01	3.23e-01	4.84e-02
 4.87329e+21	2.41e-29	1.74e-24	8.32e-19	2.11e-14	7.47e-11	4.34e-08	8.21e-06	4.00e-04	5.73e-03	3.67e-02	5.94e-01	3.17e-01	4.62e-02
 4.97579e+21	3.10e-29	2.14e-24	1.02e-18	2.58e-14	8.97e-11	5.09e-08	9.41e-06	4.47e-04	6.23e-03	3.86e-02	6.02e-01	3.10e-01	4.35e-02
 5.08519e+21	4.03e-29	2.66e-24	1.27e-18	3.17e-14	1.08e-10	6.00e-08	1.08e-05	5.01e-04	6.80e-03	4.07e-02	6.09e-01	3.02e-01	4.08e-02
 5.18070e+21	5.05e-29	3.21e-24	1.53e-18	3.78e-14	1.28e-10	6.91e-08	1.22e-05	5.53e-04	7.32e-03	4.25e-02	6.16e-01	2.95e-01	3.87e-02
 5.28198e+21	6.37e-29	3.89e-24	1.86e-18	4.54e-14	1.51e-10	7.99e-08	1.38e-05	6.11e-04	7.90e-03	4.44e-02	6.22e-01	2.88e-01	3.65e-02
 5.41366e+21	8.54e-29	4.96e-24	2.36e-18	5.71e-14	1.86e-10	9.60e-08	1.62e-05	6.94e-04	8.68e-03	4.70e-02	6.30e-01	2.80e-01	3.39e-02
 5.54685e+21	1.14e-28	6.32e-24	3.01e-18	7.18e-14	2.30e-10	1.15e-07	1.89e-05	7.87e-04	9.53e-03	4.96e-02	6.37e-01	2.71e-01	3.15e-02
 5.65313e+21	1.43e-28	7.63e-24	3.62e-18	8.57e-14	2.70e-10	1.33e-07	2.13e-05	8.66e-04	1.02e-02	5.17e-02	6.43e-01	2.64e-01	2.98e-02
 5.76242e+21	1.80e-28	9.22e-24	4.37e-18	1.02e-13	3.18e-10	1.53e-07	2.40e-05	9.54e-04	1.10e-02	5.39e-02	6.48e-01	2.58e-01	2.81e-02
 5.88402e+21	2.30e-28	1.13e-23	5.36e-18	1.24e-13	3.79e-10	1.78e-07	2.73e-05	1.06e-03	1.19e-02	5.64e-02	6.54e-01	2.51e-01	2.64e-02
 5.99736e+21	2.89e-28	1.37e-23	6.47e-18	1.48e-13	4.46e-10	2.05e-07	3.08e-05	1.17e-03	1.28e-02	5.87e-02	6.58e-01	2.44e-01	2.48e-02
 6.12043e+21	3.67e-28	1.68e-23	7.89e-18	1.79e-13	5.29e-10	2.37e-07	3.49e-05	1.29e-03	1.37e-02	6.13e-02	6.63e-01	2.38e-01	2.33e-02
 6.25701e+21	4.77e-28	2.09e-23	9.79e-18	2.20e-13	6.37e-10	2.79e-07	3.99e-05	1.44e-03	1.49e-02	6.41e-02	6.68e-01	2.30e-01	2.18e-02
 6.38413e+21	6.05e-28	2.55e-23	1.19e-17	2.65e-13	7.55e-10	3.23e-07	4.52e-05	1.58e-03	1.60e-02	6.68e-02	6.71e-01	2.24e-01	2.04e-02
 6.52240e+21	7.80e-28	3.16e-23	1.47e-17	3.22e-13	9.03e-10	3.77e-07	5.14e-05	1.76e-03	1.72e-02	6.97e-02	6.75e-01	2.17e-01	1.91e-02
 6.67698e+21	1.03e-27	4.01e-23	1.85e-17	4.00e-13	1.10e-09	4.46e-07	5.93e-05	1.97e-03	1.87e-02	7.30e-02	6.79e-01	2.09e-01	1.77e-02
 6.82292e+21	1.33e-27	4.98e-23	2.29e-17	4.89e-13	1.32e-09	5.22e-07	6.76e-05	2.18e-03	2.02e-02	7.62e-02	6.82e-01	2.03e-01	1.65e-02
 6.98279e+21	1.75e-27	6.30e-23	2.88e-17	6.05e-13	1.60e-09	6.16e-07	7.76e-05	2.43e-03	2.18e-02	7.96e-02	6.85e-01	1.96e-01	1.53e-02
 7.16195e+21	2.37e-27	8.15e-23	3.69e-17	7.65e-13	1.97e-09	7.39e-07	9.04e-05	2.74e-03	2.38e-02	8.35e-02	6.88e-01	1.88e-01	1.41e-02
 7.32099e+21	3.08e-27	1.02e-22	4.59e-17	9.37e-13	2.37e-09	8.65e-07	1.03e-04	3.04e-03	2.56e-02	8.69e-02	6.90e-01	1.81e-01	1.31e-02
 7.45756e+21	3.84e-27	1.23e-22	5.52e-17	1.11e-12	2.77e-09	9.88e-07	1.15e-04	3.32e-03	2.73e-02	8.99e-02	6.91e-01	1.76e-01	1.23e-02
 7.61012e+21	4.89e-27	1.52e-22	6.74e-17	1.34e-12	3.28e-09	1.14e-06	1.30e-04	3.65e-03	2.92e-02	9.32e-02	6.92e-01	1.70e-01	1.15e-02
 7.80845e+21	6.68e-27	1.99e-22	8.72e-17	1.70e-12	4.06e-09	1.37e-06	1.51e-04	4.10e-03	3.17e-02	9.74e-02	6.93e-01	1.63e-01	1.06e-02
 8.01751e+21	9.13e-27	2.60e-22	1.13e-16	2.17e-12	5.06e-09	1.66e-06	1.77e-04	4.64e-03	3.46e-02	1.02e-01	6.93e-01	1.56e-01	9.63e-03
 8.18804e+21	1.17e-26	3.24e-22	1.40e-16	2.64e-12	6.04e-09	1.93e-06	2.00e-04	5.12e-03	3.71e-02	1.06e-01	6.93e-01	1.50e-01	8.94e-03
 8.33456e+21	1.45e-26	3.90e-22	1.67e-16	3.12e-12	7.00e-09	2.19e-06	2.22e-04	5.55e-03	3.92e-02	1.09e-01	6.92e-01	1.45e-01	8.40e-03
 8.50237e+21	1.84e-26	4.79e-22	2.03e-16	3.75e-12	8.26e-09	2.52e-06	2.50e-04	6.08e-03	4.18e-02	1.13e-01	6.91e-01	1.40e-01	7.83e-03
 8.72053e+21	2.50e-26	6.26e-22	2.62e-16	4.74e-12	1.02e-08	3.01e-06	2.89e-04	6.81e-03	4.52e-02	1.17e-01	6.89e-01	1.34e-01	7.16e-03
 8.94707e+21	3.38e-26	8.14e-22	3.38e-16	6.02e-12	1.26e-08	3.62e-06	3.36e-04	7.66e-03	4.91e-02	1.22e-01	6.87e-01	1.27e-01	6.50e-03
 9.13405e+21	4.31e-26	1.01e-21	4.16e-16	7.29e-12	1.50e-08	4.19e-06	3.80e-04	8.41e-03	5.24e-02	1.26e-01	6.84e-01	1.22e-01	6.02e-03
 9.32669e+21	5.51e-26	1.25e-21	5.11e-16	8.84e-12	1.78e-08	4.86e-06	4.29e-04	9.23e-03	5.59e-02	1.31e-01	6.81e-01	1.17e-01	5.57e-03
 9.57711e+21	7.56e-26	1.66e-21	6.67e-16	1.13e-11	2.22e-08	5.86e-06	4.99e-04	1.04e-02	6.05e-02	1.36e-01	6.77e-01	1.11e-01	5.04e-03
 9.83554e+21	1.03e-25	2.17e-21	8.66e-16	1.44e-11	2.77e-08	7.08e-06	5.83e-04	1.17e-02	6.57e-02	1.41e-01	6.71e-01	1.05e-01	4.53e-03
 1.00468e+22	1.31e-25	2.70e-21	1.07e-15	1.76e-11	3.30e-08	8.22e-06	6.59e-04	1.29e-02	7.01e-02	1.46e-01	6.66e-01	1.00e-01	4.16e-03
 1.02640e+22	1.68e-25	3.36e-21	1.32e-15	2.14e-11	3.94e-08	9.56e-06	7.45e-04	1.41e-02	7.47e-02	1.50e-01	6.61e-01	9.57e-02	3.82e-03
 1.04981e+22	2.17e-25	4.24e-21	1.64e-15	2.63e-11	4.75e-08	1.12e-05	8.48e-04	1.56e-02	7.99e-02	1.55e-01	6.54e-01	9.09e-02	3.48e-03
 1.07053e+22	2.70e-25	5.17e-21	1.99e-15	3.14e-11	5.58e-08	1.28e-05	9.48e-04	1.70e-02	8.46e-02	1.59e-01	6.48e-01	8.69e-02	3.21e-03
 1.08964e+22	3.29e-25	6.20e-21	2.36e-15	3.69e-11	6.45e-08	1.45e-05	1.05e-03	1.83e-02	8.90e-02	1.63e-01	6.42e-01	8.33e-02	2.98e-03
 1.11157e+22	4.10e-25	7.56e-21	2.86e-15	4.42e-11	7.58e-08	1.67e-05	1.17e-03	1.99e-02	9.43e-02	1.67e-01	6.35e-01	7.93e-02	2.74e-03
 1.13632e+22	5.21e-25	9.42e-21	3.53e-15	5.39e-11	9.07e-08	1.94e-05	1.33e-03	2.19e-02	1.00e-01	1.72e-01	6.27e-01	7.51e-02	2.48e-03
 1.15983e+22	6.48e-25	1.15e-20	4.29e-15	6.48e-11	1.07e-07	2.24e-05	1.49e-03	2.39e-02	1.06e-01	1.76e-01	6.19e-01	7.13e-02	2.27e-03
 1.18200e+22	7.92e-25	1.39e-20	5.14e-15	7.67e-11	1.25e-07	2.55e-05	1.66e-03	2.59e-02	1.12e-01	1.80e-01	6.10e-01	6.78e-02	2.08e-03
 1.20732e+22	9.93e-25	1.72e-20	6.29e-15	9.27e-11	1.48e-07	2.95e-05	1.86e-03	2.82e-02	1.19e-01	1.84e-01	6.01e-01	6.41e-02	1.89e-03
 1.23577e+22	1.25e-24	2.14e-20	7.77e-15	1.14e-10	1.78e-07	3.46e-05	2.12e-03	3.11e-02	1.26e-01	1.89e-01	5.89e-01	6.00e-02	1.69e-03
 1.26223e+22	1.54e-24	2.63e-20	9.45e-15	1.37e-10	2.11e-07	3.99e-05	2.38e-03	3.39e-02	1.34e-01	1.94e-01	5.78e-01	5.65e-02	1.53e-03
 1.28672e+22	1.86e-24	3.15e-20	1.13e-14	1.62e-10	2.46e-07	4.55e-05	2.64e-03	3.67e-02	1.41e-01	1.97e-01	5.68e-01	5.34e-02	1.39e-03
 1.31475e+22	2.29e-24	3.86e-20	1.37e-14	1.95e-10	2.91e-07	5.25e-05	2.96e-03	4.00e-02	1.48e-01	2.01e-01	5.56e-01	5.01e-02	1.25e-03
 1.35118e+22	2.96e-24	4.98e-20	1.75e-14	2.46e-10	3.60e-07	6.30e-05	3.42e-03	4.45e-02	1.59e-01	2.06e-01	5.40e-01	4.60e-02	1.09e-03
 1.38795e+22	3.74e-24	6.37e-20	2.21e-14	3.09e-10	4.44e-07	7.53e-05	3.94e-03	4.94e-02	1.70e-01	2.11e-01	5.23e-01	4.22e-02	9.42e-04
 1.41687e+22	4.35e-24	7.66e-20	2.63e-14	3.67e-10	5.21e-07	8.62e-05	4.39e-03	5.35e-02	1.78e-01	2.15e-01	5.09e-01	3.93e-02	8.41e-04
 1.44621e+22	5.19e-24	9.25e-20	3.15e-14	4.35e-10	6.09e-07	9.85e-05	4.88e-03	5.77e-02	1.87e-01	2.18e-01	4.96e-01	3.67e-02	7.53e-04
 1.48435e+22	6.42e-24	1.17e-19	3.92e-14	5.39e-10	7.41e-07	1.17e-04	5.57e-03	6.35e-02	1.98e-01	2.21e-01	4.78e-01	3.35e-02	6.51e-04
 1.52408e+22	7.85e-24	1.48e-19	4.90e-14	6.70e-10	9.06e-07	1.38e-04	6.37e-03	6.98e-02	2.09e-01	2.24e-01	4.59e-01	3.04e-02	5.59e-04
 1.55727e+22	9.20e-24	1.80e-19	5.86e-14	7.98e-10	1.06e-06	1.59e-04	7.09e-03	7.54e-02	2.19e-01	2.27e-01	4.43e-01	2.80e-02	4.91e-04
 1.58603e+22	1.05e-23	2.12e-19	6.82e-14	9.26e-10	1.22e-06	1.78e-04	7.75e-03	8.03e-02	2.27e-01	2.29e-01	4.29e-01	2.61e-02	4.40e-04
 1.61760e+22	1.21e-23	2.53e-19	8.02e-14	1.08e-09	1.41e-06	2.02e-04	8.53e-03	8.58e-02	2.36e-01	2.30e-01	4.15e-01	2.41e-02	3.90e-04
 1.65865e+22	1.44e-23	3.17e-19	9.83e-14	1.32e-09	1.70e-06	2.36e-04	9.61e-03	9.32e-02	2.47e-01	2.32e-01	3.96e-01	2.18e-02	3.34e-04
 1.70059e+22	1.70e-23	3.99e-19	1.21e-13	1.62e-09	2.04e-06	2.76e-04	1.08e-02	1.01e-01	2.58e-01	2.33e-01	3.77e-01	1.96e-02	2.84e-04
 1.73455e+22	1.92e-23	4.78e-19	1.42e-13	1.89e-09	2.36e-06	3.12e-04	1.19e-02	1.08e-01	2.67e-01	2.33e-01	3.61e-01	1.80e-02	2.49e-04
 1.76958e+22	2.21e-23	5.78e-19	1.68e-13	2.22e-09	2.74e-06	3.52e-04	1.30e-02	1.14e-01	2.76e-01	2.34e-01	3.46e-01	1.65e-02	2.19e-04
 1.81512e+22	2.62e-23	7.37e-19	2.07e-13	2.72e-09	3.29e-06	4.11e-04	1.46e-02	1.23e-01	2.86e-01	2.33e-01	3.27e-01	1.47e-02	1.85e-04
 1.86121e+22	3.07e-23	9.45e-19	2.56e-13	3.33e-09	3.96e-06	4.80e-04	1.64e-02	1.33e-01	2.97e-01	2.32e-01	3.08e-01	1.31e-02	1.55e-04
 1.89784e+22	3.48e-23	1.15e-18	3.02e-13	3.90e-09	4.57e-06	5.41e-04	1.79e-02	1.40e-01	3.04e-01	2.31e-01	2.94e-01	1.19e-02	1.35e-04
 1.93527e+22	4.00e-23	1.41e-18	3.58e-13	4.58e-09	5.28e-06	6.08e-04	1.94e-02	1.48e-01	3.12e-01	2.30e-01	2.80e-01	1.09e-02	1.18e-04
 1.98392e+22	4.78e-23	1.83e-18	4.46e-13	5.61e-09	6.33e-06	7.06e-04	2.16e-02	1.58e-01	3.21e-01	2.27e-01	2.62e-01	9.62e-03	9.87e-05
 2.03455e+22	5.72e-23	2.40e-18	5.60e-13	6.93e-09	7.63e-06	8.23e-04	2.41e-02	1.68e-01	3.29e-01	2.25e-01	2.45e-01	8.47e-03	8.21e-05
 2.07687e+22	6.63e-23	3.02e-18	6.77e-13	8.25e-09	8.89e-06	9.32e-04	2.63e-02	1.77e-01	3.35e-01	2.22e-01	2.31e-01	7.62e-03	7.04e-05
 2.12099e+22	7.84e-23	3.84e-18	8.24e-13	9.85e-09	1.04e-05	1.06e-03	2.87e-02	1.86e-01	3.41e-01	2.19e-01	2.17e-01	6.83e-03	6.02e-05
 2.17836e+22	9.79e-23	5.22e-18	1.06e-12	1.24e-08	1.26e-05	1.24e-03	3.21e-02	1.98e-01	3.48e-01	2.14e-01	2.00e-01	5.94e-03	4.93e-05
 2.23748e+22	1.22e-22	7.20e-18	1.38e-12	1.56e-08	1.54e-05	1.45e-03	3.58e-02	2.10e-01	3.54e-01	2.09e-01	1.84e-01	5.13e-03	4.01e-05
 2.28619e+22	1.47e-22	9.37e-18	1.72e-12	1.89e-08	1.81e-05	1.65e-03	3.90e-02	2.20e-01	3.58e-01	2.04e-01	1.72e-01	4.56e-03	3.39e-05
 2.33681e+22	1.80e-22	1.23e-17	2.14e-12	2.29e-08	2.13e-05	1.87e-03	4.25e-02	2.30e-01	3.62e-01	1.99e-01	1.60e-01	4.04e-03	2.86e-05
 2.38980e+22	2.22e-22	1.63e-17	2.70e-12	2.80e-08	2.52e-05	2.14e-03	4.64e-02	2.40e-01	3.65e-01	1.94e-01	1.48e-01	3.56e-03	2.39e-05
 2.43449e+22	2.65e-22	2.06e-17	3.27e-12	3.31e-08	2.90e-05	2.38e-03	4.99e-02	2.49e-01	3.67e-01	1.89e-01	1.39e-01	3.20e-03	2.06e-05
 2.48118e+22	3.22e-22	2.62e-17	3.99e-12	3.93e-08	3.34e-05	2.66e-03	5.36e-02	2.58e-01	3.68e-01	1.85e-01	1.30e-01	2.87e-03	1.77e-05
 2.54189e+22	4.15e-22	3.58e-17	5.15e-12	4.88e-08	3.99e-05	3.05e-03	5.86e-02	2.69e-01	3.69e-01	1.78e-01	1.19e-01	2.49e-03	1.46e-05
 2.60446e+22	5.33e-22	4.92e-17	6.69e-12	6.10e-08	4.78e-05	3.50e-03	6.41e-02	2.80e-01	3.70e-01	1.72e-01	1.09e-01	2.15e-03	1.20e-05
 2.65528e+22	6.56e-22	6.38e-17	8.27e-12	7.29e-08	5.53e-05	3.91e-03	6.88e-02	2.89e-01	3.69e-01	1.66e-01	1.01e-01	1.91e-03	1.02e-05
 2.70717e+22	8.11e-22	8.19e-17	1.02e-11	8.68e-08	6.36e-05	4.35e-03	7.37e-02	2.97e-01	3.68e-01	1.61e-01	9.42e-02	1.71e-03	8.70e-06
 2.77463e+22	1.07e-21	1.13e-16	1.33e-11	1.08e-07	7.60e-05	4.97e-03	8.02e-02	3.08e-01	3.66e-01	1.54e-01	8.56e-02	1.47e-03	7.09e-06
 2.84419e+22	1.41e-21	1.57e-16	1.74e-11	1.36e-07	9.11e-05	5.70e-03	8.74e-02	3.18e-01	3.64e-01	1.46e-01	7.75e-02	1.26e-03	5.75e-06
 2.90127e+22	1.78e-21	2.06e-16	2.17e-11	1.64e-07	1.05e-04	6.36e-03	9.35e-02	3.27e-01	3.61e-01	1.40e-01	7.13e-02	1.11e-03	4.84e-06
 2.96023e+22	2.25e-21	2.68e-16	2.70e-11	1.96e-07	1.22e-04	7.06e-03	9.98e-02	3.34e-01	3.57e-01	1.35e-01	6.57e-02	9.76e-04	4.09e-06
 3.03689e+22	3.05e-21	3.75e-16	3.56e-11	2.46e-07	1.46e-04	8.08e-03	1.08e-01	3.44e-01	3.52e-01	1.27e-01	5.90e-02	8.29e-04	3.29e-06
 3.11625e+22	4.11e-21	5.29e-16	4.73e-11	3.12e-07	1.75e-04	9.25e-03	1.18e-01	3.54e-01	3.46e-01	1.20e-01	5.27e-02	7.00e-04	2.62e-06
 3.18201e+22	5.28e-21	7.02e-16	5.97e-11	3.77e-07	2.03e-04	1.03e-02	1.25e-01	3.61e-01	3.41e-01	1.14e-01	4.80e-02	6.08e-04	2.18e-06
 3.25037e+22	6.80e-21	9.22e-16	7.48e-11	4.54e-07	2.35e-04	1.15e-02	1.34e-01	3.68e-01	3.35e-01	1.08e-01	4.37e-02	5.29e-04	1.81e-06
 3.33923e+22	9.46e-21	1.31e-15	1.00e-10	5.77e-07	2.83e-04	1.31e-02	1.44e-01	3.75e-01	3.27e-01	1.01e-01	3.87e-02	4.42e-04	1.43e-06
 3.43177e+22	1.31e-20	1.88e-15	1.35e-10	7.35e-07	3.41e-04	1.50e-02	1.56e-01	3.83e-01	3.18e-01	9.33e-02	3.40e-02	3.66e-04	1.12e-06
 3.50938e+22	1.72e-20	2.54e-15	1.72e-10	8.99e-07	3.98e-04	1.68e-02	1.66e-01	3.88e-01	3.10e-01	8.76e-02	3.05e-02	3.13e-04	9.09e-07
 3.59060e+22	2.27e-20	3.38e-15	2.18e-10	1.09e-06	4.62e-04	1.87e-02	1.77e-01	3.93e-01	3.02e-01	8.19e-02	2.74e-02	2.68e-04	7.42e-07
 3.69619e+22	3.25e-20	4.90e-15	2.96e-10	1.40e-06	5.59e-04	2.14e-02	1.90e-01	3.98e-01	2.91e-01	7.51e-02	2.38e-02	2.18e-04	5.70e-07
 3.80705e+22	4.63e-20	7.16e-15	4.05e-10	1.80e-06	6.78e-04	2.45e-02	2.05e-01	4.02e-01	2.79e-01	6.83e-02	2.05e-02	1.77e-04	4.33e-07
 3.89210e+22	6.04e-20	9.57e-15	5.14e-10	2.19e-06	7.85e-04	2.72e-02	2.17e-01	4.04e-01	2.69e-01	6.34e-02	1.82e-02	1.50e-04	3.50e-07
 3.95688e+22	7.33e-20	1.18e-14	6.09e-10	2.51e-06	8.71e-04	2.93e-02	2.25e-01	4.05e-01	2.62e-01	6.01e-02	1.68e-02	1.33e-04	3.00e-07
 4.02797e+22	9.17e-20	1.47e-14	7.33e-10	2.91e-06	9.75e-04	3.17e-02	2.35e-01	4.06e-01	2.55e-01	5.65e-02	1.53e-02	1.17e-04	2.53e-07
 4.12038e+22	1.21e-19	1.95e-14	9.25e-10	3.51e-06	1.12e-03	3.50e-02	2.47e-01	4.07e-01	2.45e-01	5.22e-02	1.35e-02	9.86e-05	2.05e-07
 4.22172e+22	1.63e-19	2.65e-14	1.19e-09	4.30e-06	1.31e-03	3.89e-02	2.60e-01	4.06e-01	2.34e-01	4.78e-02	1.19e-02	8.21e-05	1.62e-07
 4.31354e+22	2.11e-19	3.46e-14	1.48e-09	5.13e-06	1.50e-03	4.26e-02	2.72e-01	4.05e-01	2.24e-01	4.40e-02	1.05e-02	6.96e-05	1.31e-07
 4.39893e+22	2.68e-19	4.41e-14	1.80e-09	6.02e-06	1.68e-03	4.62e-02	2.83e-01	4.03e-01	2.16e-01	4.09e-02	9.44e-03	5.99e-05	0.00e+00
 4.49711e+22	3.51e-19	5.76e-14	2.25e-09	7.18e-06	1.92e-03	5.06e-02	2.95e-01	4.01e-01	2.06e-01	3.75e-02	8.35e-03	5.06e-05	0.00e+00
 4.62473e+22	4.93e-19	8.06e-14	2.96e-09	8.95e-06	2.27e-03	5.65e-02	3.10e-01	3.96e-01	1.94e-01	3.36e-02	7.12e-03	4.08e-05	0.00e+00
 4.75469e+22	6.88e-19	1.13e-13	3.91e-09	1.12e-05	2.67e-03	6.32e-02	3.26e-01	3.91e-01	1.82e-01	2.99e-02	6.05e-03	3.26e-05	0.00e+00
 4.85862e+22	8.89e-19	1.47e-13	4.84e-09	1.32e-05	3.04e-03	6.87e-02	3.38e-01	3.86e-01	1.72e-01	2.72e-02	5.31e-03	2.74e-05	0.00e+00
 4.96464e+22	1.16e-18	1.90e-13	5.95e-09	1.56e-05	3.43e-03	7.46e-02	3.49e-01	3.80e-01	1.63e-01	2.48e-02	4.68e-03	2.31e-05	0.00e+00
 5.10248e+22	1.61e-18	2.61e-13	7.73e-09	1.92e-05	4.00e-03	8.24e-02	3.64e-01	3.72e-01	1.52e-01	2.20e-02	3.97e-03	1.85e-05	0.00e+00
 5.24954e+22	2.25e-18	3.63e-13	1.01e-08	2.39e-05	4.69e-03	9.14e-02	3.78e-01	3.63e-01	1.40e-01	1.93e-02	3.33e-03	1.46e-05	0.00e+00
 5.37795e+22	3.01e-18	4.85e-13	1.28e-08	2.88e-05	5.37e-03	9.98e-02	3.90e-01	3.54e-01	1.31e-01	1.72e-02	2.85e-03	1.19e-05	0.00e+00
 5.51425e+22	4.06e-18	6.44e-13	1.61e-08	3.45e-05	6.15e-03	1.09e-01	4.02e-01	3.44e-01	1.22e-01	1.53e-02	2.44e-03	9.69e-06	0.00e+00
 5.69144e+22	5.94e-18	9.20e-13	2.16e-08	4.35e-05	7.27e-03	1.21e-01	4.15e-01	3.31e-01	1.10e-01	1.31e-02	1.99e-03	7.44e-06	0.00e+00
 5.87512e+22	8.66e-18	1.33e-12	2.90e-08	5.50e-05	8.61e-03	1.34e-01	4.28e-01	3.17e-01	9.93e-02	1.11e-02	1.61e-03	5.64e-06	0.00e+00
 6.02690e+22	1.17e-17	1.78e-12	3.68e-08	6.63e-05	9.86e-03	1.46e-01	4.38e-01	3.04e-01	9.09e-02	9.68e-03	1.36e-03	4.49e-06	0.00e+00
 6.18387e+22	1.59e-17	2.35e-12	4.62e-08	7.93e-05	1.12e-02	1.58e-01	4.46e-01	2.92e-01	8.32e-02	8.46e-03	1.14e-03	3.60e-06	0.00e+00
 6.38792e+22	2.33e-17	3.35e-12	6.15e-08	9.93e-05	1.32e-02	1.74e-01	4.55e-01	2.76e-01	7.40e-02	7.10e-03	9.18e-04	2.72e-06	0.00e+00
 6.58250e+22	3.33e-17	4.70e-12	8.09e-08	1.23e-04	1.54e-02	1.90e-01	4.62e-01	2.60e-01	6.58e-02	5.97e-03	7.40e-04	2.06e-06	0.00e+00
 6.71969e+22	4.22e-17	5.88e-12	9.70e-08	1.42e-04	1.70e-02	2.02e-01	4.65e-01	2.49e-01	6.06e-02	5.29e-03	6.38e-04	1.70e-06	0.00e+00
 6.85296e+22	5.33e-17	7.26e-12	1.15e-07	1.62e-04	1.87e-02	2.13e-01	4.68e-01	2.39e-01	5.60e-02	4.73e-03	5.56e-04	1.43e-06	0.00e+00
 7.02622e+22	7.17e-17	9.46e-12	1.42e-07	1.92e-04	2.10e-02	2.27e-01	4.70e-01	2.26e-01	5.05e-02	4.08e-03	4.65e-04	1.14e-06	0.00e+00
 7.25144e+22	1.04e-16	1.31e-11	1.86e-07	2.36e-04	2.42e-02	2.46e-01	4.71e-01	2.10e-01	4.43e-02	3.39e-03	3.72e-04	8.57e-07	0.00e+00
 7.48261e+22	1.50e-16	1.84e-11	2.44e-07	2.92e-04	2.81e-02	2.66e-01	4.70e-01	1.94e-01	3.84e-02	2.78e-03	2.93e-04	6.36e-07	0.00e+00
 7.65985e+22	1.98e-16	2.37e-11	2.98e-07	3.42e-04	3.13e-02	2.81e-01	4.68e-01	1.82e-01	3.44e-02	2.39e-03	2.45e-04	5.07e-07	0.00e+00
 7.80615e+22	2.48e-16	2.90e-11	3.51e-07	3.88e-04	3.41e-02	2.94e-01	4.66e-01	1.73e-01	3.15e-02	2.11e-03	2.12e-04	4.22e-07	0.00e+00
 7.97389e+22	3.20e-16	3.60e-11	4.18e-07	4.44e-04	3.74e-02	3.07e-01	4.62e-01	1.63e-01	2.85e-02	1.84e-03	1.81e-04	3.47e-07	0.00e+00
 8.19194e+22	4.38e-16	4.71e-11	5.19e-07	5.25e-04	4.19e-02	3.24e-01	4.56e-01	1.50e-01	2.50e-02	1.55e-03	1.48e-04	2.70e-07	0.00e+00
 8.43037e+22	6.20e-16	6.38e-11	6.61e-07	6.34e-04	4.74e-02	3.44e-01	4.48e-01	1.37e-01	2.16e-02	1.27e-03	1.18e-04	2.04e-07	0.00e+00
 8.64250e+22	8.37e-16	8.27e-11	8.15e-07	7.44e-04	5.27e-02	3.61e-01	4.39e-01	1.26e-01	1.89e-02	1.07e-03	9.63e-05	1.59e-07	0.00e+00
 8.83548e+22	1.10e-15	1.04e-10	9.79e-07	8.57e-04	5.78e-02	3.76e-01	4.31e-01	1.17e-01	1.68e-02	9.18e-04	8.06e-05	1.28e-07	0.00e+00
 9.05635e+22	1.47e-15	1.33e-10	1.19e-06	9.97e-04	6.38e-02	3.91e-01	4.21e-01	1.07e-01	1.48e-02	7.75e-04	6.65e-05	0.00e+00	0.00e+00
 9.34347e+22	2.14e-15	1.82e-10	1.53e-06	1.21e-03	7.20e-02	4.11e-01	4.07e-01	9.60e-02	1.25e-02	6.25e-04	5.20e-05	0.00e+00	0.00e+00
 9.63789e+22	3.16e-15	2.51e-10	1.98e-06	1.47e-03	8.15e-02	4.30e-01	3.91e-01	8.50e-02	1.04e-02	4.96e-04	4.00e-05	0.00e+00	0.00e+00
 9.87262e+22	4.27e-15	3.24e-10	2.43e-06	1.71e-03	8.97e-02	4.45e-01	3.78e-01	7.70e-02	9.00e-03	4.13e-04	3.26e-05	0.00e+00	0.00e+00
 1.01086e+23	5.65e-15	4.06e-10	2.92e-06	1.97e-03	9.76e-02	4.57e-01	3.65e-01	7.02e-02	7.86e-03	3.50e-04	2.70e-05	0.00e+00	0.00e+00
 1.04153e+23	8.34e-15	5.51e-10	3.72e-06	2.36e-03	1.09e-01	4.73e-01	3.47e-01	6.19e-02	6.58e-03	2.80e-04	2.11e-05	0.00e+00	0.00e+00
 1.07364e+23	1.26e-14	7.63e-10	4.82e-06	2.85e-03	1.22e-01	4.88e-01	3.28e-01	5.39e-02	5.41e-03	2.21e-04	1.61e-05	0.00e+00	0.00e+00
 1.10000e+23	1.70e-14	9.80e-10	5.88e-06	3.31e-03	1.33e-01	4.98e-01	3.13e-01	4.82e-02	4.63e-03	1.83e-04	1.31e-05	0.00e+00	0.00e+00
 1.12666e+23	2.41e-14	1.27e-09	7.24e-06	3.85e-03	1.45e-01	5.07e-01	2.97e-01	4.29e-02	3.96e-03	1.51e-04	1.06e-05	0.00e+00	0.00e+00
 1.16133e+23	3.63e-14	1.74e-09	9.28e-06	4.60e-03	1.60e-01	5.17e-01	2.78e-01	3.72e-02	3.26e-03	1.20e-04	8.20e-06	0.00e+00	0.00e+00
 1.19721e+23	5.64e-14	2.43e-09	1.21e-05	5.57e-03	1.78e-01	5.24e-01	2.58e-01	3.18e-02	2.64e-03	9.35e-05	6.23e-06	0.00e+00	0.00e+00
 1.22603e+23	8.03e-14	3.19e-09	1.50e-05	6.47e-03	1.93e-01	5.29e-01	2.42e-01	2.80e-02	2.24e-03	7.67e-05	5.01e-06	0.00e+00	0.00e+00
 1.24931e+23	1.09e-13	4.00e-09	1.79e-05	7.33e-03	2.05e-01	5.31e-01	2.29e-01	2.52e-02	1.95e-03	6.52e-05	4.18e-06	0.00e+00	0.00e+00
 1.27405e+23	1.48e-13	5.00e-09	2.14e-05	8.26e-03	2.18e-01	5.32e-01	2.17e-01	2.26e-02	1.70e-03	5.56e-05	3.52e-06	0.00e+00	0.00e+00
 1.30622e+23	2.21e-13	6.64e-09	2.68e-05	9.63e-03	2.36e-01	5.32e-01	2.01e-01	1.97e-02	1.42e-03	4.54e-05	2.82e-06	0.00e+00	0.00e+00
 1.33869e+23	3.36e-13	9.02e-09	3.40e-05	1.13e-02	2.55e-01	5.30e-01	1.86e-01	1.70e-02	1.18e-03	3.66e-05	2.23e-06	0.00e+00	0.00e+00
 1.36339e+23	4.78e-13	1.15e-08	4.12e-05	1.28e-02	2.70e-01	5.27e-01	1.74e-01	1.52e-02	1.02e-03	3.10e-05	1.86e-06	0.00e+00	0.00e+00
 1.38278e+23	6.28e-13	1.40e-08	4.78e-05	1.41e-02	2.82e-01	5.24e-01	1.65e-01	1.39e-02	9.16e-04	2.73e-05	1.62e-06	0.00e+00	0.00e+00
 1.40341e+23	8.21e-13	1.68e-08	5.53e-05	1.55e-02	2.94e-01	5.20e-01	1.57e-01	1.27e-02	8.23e-04	2.42e-05	1.42e-06	0.00e+00	0.00e+00
 1.43024e+23	1.19e-12	2.16e-08	6.74e-05	1.75e-02	3.10e-01	5.14e-01	1.46e-01	1.13e-02	7.13e-04	2.05e-05	1.19e-06	0.00e+00	0.00e+00
 1.45846e+23	1.80e-12	2.86e-08	8.41e-05	2.00e-02	3.28e-01	5.06e-01	1.35e-01	9.89e-03	6.08e-04	1.71e-05	9.80e-07	0.00e+00	0.00e+00
 1.48127e+23	2.55e-12	3.63e-08	1.01e-04	2.24e-02	3.43e-01	4.99e-01	1.27e-01	8.88e-03	5.35e-04	1.48e-05	8.39e-07	0.00e+00	0.00e+00
 1.49973e+23	3.49e-12	4.45e-08	1.19e-04	2.45e-02	3.55e-01	4.92e-01	1.20e-01	8.11e-03	4.81e-04	1.31e-05	7.37e-07	0.00e+00	0.00e+00
 1.51976e+23	4.81e-12	5.49e-08	1.40e-04	2.70e-02	3.68e-01	4.84e-01	1.13e-01	7.39e-03	4.31e-04	1.16e-05	6.46e-07	0.00e+00	0.00e+00
 1.54581e+23	7.48e-12	7.24e-08	1.74e-04	3.05e-02	3.85e-01	4.73e-01	1.04e-01	6.54e-03	3.74e-04	9.93e-06	5.46e-07	0.00e+00	0.00e+00
 1.57119e+23	1.22e-11	9.89e-08	2.23e-04	3.49e-02	4.02e-01	4.61e-01	9.57e-02	5.72e-03	3.21e-04	8.36e-06	4.54e-07	0.00e+00	0.00e+00
 1.58864e+23	1.78e-11	1.25e-07	2.67e-04	3.84e-02	4.15e-01	4.51e-01	9.00e-02	5.21e-03	2.88e-04	7.41e-06	3.99e-07	0.00e+00	0.00e+00
 1.60023e+23	2.34e-11	1.47e-07	3.04e-04	4.11e-02	4.23e-01	4.44e-01	8.60e-02	4.87e-03	2.67e-04	6.80e-06	3.64e-07	0.00e+00	0.00e+00
 1.61130e+23	2.98e-11	1.71e-07	3.41e-04	4.37e-02	4.31e-01	4.38e-01	8.26e-02	4.59e-03	2.50e-04	6.33e-06	3.37e-07	0.00e+00	0.00e+00
 1.62570e+23	4.09e-11	2.06e-07	3.97e-04	4.72e-02	4.40e-01	4.29e-01	7.85e-02	4.26e-03	2.30e-04	5.77e-06	3.05e-07	0.00e+00	0.00e+00
 1.64072e+23	5.96e-11	2.58e-07	4.76e-04	5.16e-02	4.50e-01	4.19e-01	7.39e-02	3.90e-03	2.08e-04	5.18e-06	2.73e-07	0.00e+00	0.00e+00
 1.65247e+23	8.13e-11	3.12e-07	5.54e-04	5.55e-02	4.59e-01	4.11e-01	7.02e-02	3.63e-03	1.92e-04	4.74e-06	2.48e-07	0.00e+00	0.00e+00
 1.66139e+23	1.08e-10	3.63e-07	6.27e-04	5.89e-02	4.65e-01	4.04e-01	6.75e-02	3.43e-03	1.81e-04	4.42e-06	2.30e-07	0.00e+00	0.00e+00
 1.67075e+23	1.39e-10	4.24e-07	7.11e-04	6.25e-02	4.71e-01	3.97e-01	6.47e-02	3.23e-03	1.70e-04	4.13e-06	2.14e-07	0.00e+00	0.00e+00
 1.68291e+23	2.01e-10	5.21e-07	8.42e-04	6.77e-02	4.79e-01	3.88e-01	6.12e-02	3.00e-03	1.56e-04	3.78e-06	1.95e-07	0.00e+00	0.00e+00
 1.69480e+23	3.03e-10	6.58e-07	1.02e-03	7.38e-02	4.88e-01	3.77e-01	5.76e-02	2.75e-03	1.43e-04	3.42e-06	1.75e-07	0.00e+00	0.00e+00
 1.70296e+23	4.12e-10	7.89e-07	1.18e-03	7.89e-02	4.93e-01	3.69e-01	5.50e-02	2.58e-03	1.33e-04	3.17e-06	1.62e-07	0.00e+00	0.00e+00
 1.70883e+23	5.23e-10	8.96e-07	1.32e-03	8.27e-02	4.97e-01	3.63e-01	5.32e-02	2.47e-03	1.27e-04	3.01e-06	1.54e-07	0.00e+00	0.00e+00
 1.71504e+23	6.64e-10	1.03e-06	1.48e-03	8.70e-02	5.01e-01	3.57e-01	5.12e-02	2.35e-03	1.21e-04	2.85e-06	1.44e-07	0.00e+00	0.00e+00
 1.72313e+23	9.16e-10	1.23e-06	1.72e-03	9.31e-02	5.06e-01	3.48e-01	4.88e-02	2.20e-03	1.13e-04	2.64e-06	1.34e-07	0.00e+00	0.00e+00
 1.73148e+23	1.36e-09	1.52e-06	2.06e-03	1.00e-01	5.11e-01	3.38e-01	4.62e-02	2.05e-03	1.04e-04	2.44e-06	0.00e+00	0.00e+00	0.00e+00
 1.73791e+23	1.84e-09	1.82e-06	2.40e-03	1.07e-01	5.14e-01	3.30e-01	4.40e-02	1.93e-03	9.78e-05	2.27e-06	0.00e+00	0.00e+00	0.00e+00
 1.74280e+23	2.32e-09	2.11e-06	2.72e-03	1.13e-01	5.17e-01	3.24e-01	4.23e-02	1.83e-03	9.28e-05	2.15e-06	0.00e+00	0.00e+00	0.00e+00
 1.74796e+23	3.13e-09	2.43e-06	3.08e-03	1.19e-01	5.19e-01	3.17e-01	4.08e-02	1.75e-03	8.83e-05	2.04e-06	0.00e+00	0.00e+00	0.00e+00
 1.75465e+23	4.44e-09	2.97e-06	3.67e-03	1.28e-01	5.22e-01	3.07e-01	3.85e-02	1.62e-03	8.21e-05	1.89e-06	0.00e+00	0.00e+00	0.00e+00
 1.76134e+23	6.63e-09	3.73e-06	4.48e-03	1.38e-01	5.23e-01	2.96e-01	3.61e-02	1.50e-03	7.56e-05	1.73e-06	0.00e+00	0.00e+00	0.00e+00
 1.76617e+23	8.90e-09	4.48e-06	5.27e-03	1.48e-01	5.24e-01	2.87e-01	3.43e-02	1.40e-03	7.07e-05	1.61e-06	0.00e+00	0.00e+00	0.00e+00
 1.76977e+23	1.14e-08	5.15e-06	5.96e-03	1.55e-01	5.24e-01	2.80e-01	3.29e-02	1.33e-03	6.72e-05	1.53e-06	0.00e+00	0.00e+00	0.00e+00
 1.77360e+23	1.44e-08	5.94e-06	6.78e-03	1.63e-01	5.24e-01	2.73e-01	3.15e-02	1.27e-03	6.37e-05	1.45e-06	0.00e+00	0.00e+00	0.00e+00
 1.77859e+23	1.98e-08	7.21e-06	8.07e-03	1.75e-01	5.23e-01	2.63e-01	2.97e-02	1.18e-03	5.92e-05	1.34e-06	0.00e+00	0.00e+00	0.00e+00
 1.78380e+23	2.80e-08	9.03e-06	9.88e-03	1.89e-01	5.21e-01	2.52e-01	2.76e-02	1.08e-03	5.42e-05	1.23e-06	0.00e+00	0.00e+00	0.00e+00
 1.78794e+23	3.71e-08	1.10e-05	1.18e-02	2.02e-01	5.18e-01	2.41e-01	2.58e-02	9.96e-04	5.01e-05	1.13e-06	0.00e+00	0.00e+00	0.00e+00
 1.79125e+23	4.64e-08	1.28e-05	1.36e-02	2.13e-01	5.15e-01	2.33e-01	2.45e-02	9.33e-04	4.69e-05	1.06e-06	0.00e+00	0.00e+00	0.00e+00
 1.79484e+23	5.79e-08	1.52e-05	1.59e-02	2.26e-01	5.11e-01	2.24e-01	2.29e-02	8.64e-04	4.35e-05	9.77e-07	0.00e+00	0.00e+00	0.00e+00
 1.79951e+23	7.78e-08	1.90e-05	1.94e-02	2.44e-01	5.04e-01	2.11e-01	2.10e-02	7.80e-04	3.93e-05	8.81e-07	0.00e+00	0.00e+00	0.00e+00
 1.80435e+23	1.05e-07	2.43e-05	2.43e-02	2.65e-01	4.94e-01	1.97e-01	1.90e-02	6.92e-04	3.49e-05	7.81e-07	0.00e+00	0.00e+00	0.00e+00
 1.80824e+23	1.33e-07	2.99e-05	2.94e-02	2.84e-01	4.84e-01	1.85e-01	1.73e-02	6.21e-04	3.13e-05	7.00e-07	0.00e+00	0.00e+00	0.00e+00
 1.81155e+23	1.61e-07	3.56e-05	3.44e-02	3.00e-01	4.75e-01	1.74e-01	1.59e-02	5.63e-04	2.84e-05	6.34e-07	0.00e+00	0.00e+00	0.00e+00
 1.81529e+23	1.96e-07	4.29e-05	4.09e-02	3.19e-01	4.63e-01	1.63e-01	1.43e-02	5.01e-04	2.53e-05	5.64e-07	0.00e+00	0.00e+00	0.00e+00
 1.82016e+23	2.49e-07	5.45e-05	5.08e-02	3.43e-01	4.45e-01	1.48e-01	1.25e-02	4.28e-04	2.16e-05	4.80e-07	0.00e+00	0.00e+00	0.00e+00
 1.82517e+23	3.16e-07	6.99e-05	6.36e-02	3.69e-01	4.24e-01	1.32e-01	1.06e-02	3.57e-04	1.80e-05	4.00e-07	0.00e+00	0.00e+00	0.00e+00
 1.82924e+23	3.80e-07	8.50e-05	7.58e-02	3.90e-01	4.06e-01	1.19e-01	9.26e-03	3.05e-04	1.53e-05	3.41e-07	0.00e+00	0.00e+00	0.00e+00
 1.83337e+23	4.46e-07	1.02e-04	8.90e-02	4.09e-01	3.86e-01	1.07e-01	8.02e-03	2.59e-04	1.30e-05	2.89e-07	0.00e+00	0.00e+00	0.00e+00
 1.83873e+23	5.37e-07	1.26e-04	1.08e-01	4.31e-01	3.61e-01	9.33e-02	6.62e-03	2.09e-04	1.05e-05	2.33e-07	0.00e+00	0.00e+00	0.00e+00
 1.84461e+23	6.46e-07	1.58e-04	1.31e-01	4.52e-01	3.32e-01	7.92e-02	5.31e-03	1.63e-04	8.15e-06	1.81e-07	0.00e+00	0.00e+00	0.00e+00
 1.85007e+23	7.50e-07	1.91e-04	1.55e-01	4.68e-01	3.05e-01	6.77e-02	4.31e-03	1.30e-04	6.43e-06	1.43e-07	0.00e+00	0.00e+00	0.00e+00
 1.85600e+23	8.57e-07	2.28e-04	1.81e-01	4.80e-01	2.78e-01	5.71e-02	3.44e-03	1.01e-04	4.98e-06	0.00e+00	0.00e+00	0.00e+00	0.00e+00
 1.86345e+23	9.87e-07	2.77e-04	2.14e-01	4.90e-01	2.47e-01	4.61e-02	2.60e-03	7.44e-05	3.64e-06	0.00e+00	0.00e+00	0.00e+00	0.00e+00
 1.87202e+23	1.13e-06	3.37e-04	2.52e-01	4.94e-01	2.15e-01	3.62e-02	1.89e-03	5.26e-05	2.54e-06	0.00e+00	0.00e+00	0.00e+00	0.00e+00
 1.88090e+23	1.26e-06	4.02e-04	2.92e-01	4.92e-01	1.86e-01	2.82e-02	1.37e-03	3.72e-05	1.78e-06	0.00e+00	0.00e+00	0.00e+00	0.00e+00
 1.89002e+23	1.38e-06	4.68e-04	3.30e-01	4.85e-01	1.61e-01	2.21e-02	1.00e-03	2.65e-05	1.25e-06	0.00e+00	0.00e+00	0.00e+00	0.00e+00
 1.90002e+23	1.48e-06	5.39e-04	3.70e-01	4.73e-01	1.38e-01	1.71e-02	7.25e-04	1.87e-05	8.67e-07	0.00e+00	0.00e+00	0.00e+00	0.00e+00
 1.91145e+23	1.59e-06	6.19e-04	4.13e-01	4.57e-01	1.16e-01	1.30e-02	5.12e-04	1.29e-05	5.87e-07	0.00e+00	0.00e+00	0.00e+00	0.00e+00
 1.92436e+23	1.68e-06	7.06e-04	4.57e-01	4.36e-01	9.67e-02	9.73e-03	3.55e-04	8.75e-06	3.90e-07	0.00e+00	0.00e+00	0.00e+00	0.00e+00
 1.93871e+23	1.76e-06	7.97e-04	5.01e-01	4.12e-01	7.96e-02	7.22e-03	2.45e-04	5.90e-06	2.57e-07	0.00e+00	0.00e+00	0.00e+00	0.00e+00
 1.95470e+23	1.82e-06	8.93e-04	5.44e-01	3.85e-01	6.49e-02	5.34e-03	1.68e-04	3.97e-06	1.69e-07	0.00e+00	0.00e+00	0.00e+00	0.00e+00
 1.97291e+23	1.87e-06	9.95e-04	5.87e-01	3.56e-01	5.23e-02	3.92e-03	1.15e-04	2.66e-06	0.00e+00	0.00e+00	0.00e+00	0.00e+00	0.00e+00
 1.99394e+23	1.91e-06	1.10e-03	6.29e-01	3.25e-01	4.16e-02	2.85e-03	7.75e-05	1.77e-06	0.00e+00	0.00e+00	0.00e+00	0.00e+00	0.00e+00
 2.01818e+23	1.94e-06	1.22e-03	6.70e-01	2.94e-01	3.28e-02	2.07e-03	5.24e-05	1.18e-06	0.00e+00	0.00e+00	0.00e+00	0.00e+00	0.00e+00
 2.04620e+23	1.95e-06	1.33e-03	7.09e-01	2.63e-01	2.56e-02	1.51e-03	3.55e-05	7.85e-07	0.00e+00	0.00e+00	0.00e+00	0.00e+00	0.00e+00
 2.07893e+23	1.96e-06	1.46e-03	7.45e-01	2.32e-01	1.99e-02	1.11e-03	2.41e-05	5.28e-07	0.00e+00	0.00e+00	0.00e+00	0.00e+00	0.00e+00
 2.11756e+23	1.96e-06	1.58e-03	7.79e-01	2.03e-01	1.54e-02	8.16e-04	1.65e-05	3.60e-07	0.00e+00	0.00e+00	0.00e+00	0.00e+00	0.00e+00
 2.16425e+23	1.95e-06	1.72e-03	8.11e-01	1.75e-01	1.19e-02	6.05e-04	1.13e-05	2.47e-07	0.00e+00	0.00e+00	0.00e+00	0.00e+00	0.00e+00
 2.22199e+23	1.94e-06	1.86e-03	8.40e-01	1.49e-01	9.23e-03	4.50e-04	7.86e-06	1.70e-07	0.00e+00	0.00e+00	0.00e+00	0.00e+00	0.00e+00
 2.29405e+23	1.94e-06	2.01e-03	8.66e-01	1.24e-01	7.23e-03	3.37e-04	5.50e-06	0.00e+00	0.00e+00	0.00e+00	0.00e+00	0.00e+00	0.00e+00
 2.37013e+23	1.97e-06	2.17e-03	8.87e-01	1.04e-01	5.88e-03	2.58e-04	4.04e-06	0.00e+00	0.00e+00	0.00e+00	0.00e+00	0.00e+00	0.00e+00
 2.43860e+23	2.01e-06	2.30e-03	9.01e-01	9.12e-02	5.11e-03	2.13e-04	3.26e-06	0.00e+00	0.00e+00	0.00e+00	0.00e+00	0.00e+00	0.00e+00
 2.50022e+23	2.05e-06	2.40e-03	9.11e-01	8.18e-02	4.62e-03	1.83e-04	2.79e-06	0.00e+00	0.00e+00	0.00e+00	0.00e+00	0.00e+00	0.00e+00
 2.55568e+23	2.08e-06	2.50e-03	9.19e-01	7.45e-02	4.28e-03	1.61e-04	2.46e-06	0.00e+00	0.00e+00	0.00e+00	0.00e+00	0.00e+00	0.00e+00
 2.60559e+23	2.13e-06	2.57e-03	9.24e-01	6.93e-02	4.05e-03	1.46e-04	2.25e-06	0.00e+00	0.00e+00	0.00e+00	0.00e+00	0.00e+00	0.00e+00
 2.65052e+23	2.17e-06	2.64e-03	9.28e-01	6.51e-02	3.87e-03	1.35e-04	2.09e-06	0.00e+00	0.00e+00	0.00e+00	0.00e+00	0.00e+00	0.00e+00
 2.69095e+23	2.20e-06	2.69e-03	9.32e-01	6.17e-02	3.74e-03	1.26e-04	1.97e-06	0.00e+00	0.00e+00	0.00e+00	0.00e+00	0.00e+00	0.00e+00
 2.72733e+23	2.25e-06	2.74e-03	9.34e-01	5.92e-02	3.64e-03	1.19e-04	1.89e-06	0.00e+00	0.00e+00	0.00e+00	0.00e+00	0.00e+00	0.00e+00
 2.76008e+23	2.28e-06	2.78e-03	9.37e-01	5.70e-02	3.56e-03	1.14e-04	1.82e-06	0.00e+00	0.00e+00	0.00e+00	0.00e+00	0.00e+00	0.00e+00
 2.79087e+23	2.30e-06	2.81e-03	9.38e-01	5.52e-02	3.50e-03	1.09e-04	1.77e-06	0.00e+00	0.00e+00	0.00e+00	0.00e+00	0.00e+00	0.00e+00
 2.82142e+23	2.33e-06	2.85e-03	9.40e-01	5.35e-02	3.44e-03	1.05e-04	1.72e-06	0.00e+00	0.00e+00	0.00e+00	0.00e+00	0.00e+00	0.00e+00
 2.85196e+23	2.36e-06	2.88e-03	9.42e-01	5.20e-02	3.39e-03	1.01e-04	1.68e-06	0.00e+00	0.00e+00	0.00e+00	0.00e+00	0.00e+00	0.00e+00
 2.88251e+23	2.38e-06	2.91e-03	9.43e-01	5.05e-02	3.35e-03	9.78e-05	1.64e-06	0.00e+00	0.00e+00	0.00e+00	0.00e+00	0.00e+00	0.00e+00
 2.91306e+23	2.42e-06	2.94e-03	9.44e-01	4.92e-02	3.31e-03	9.47e-05	1.60e-06	0.00e+00	0.00e+00	0.00e+00	0.00e+00	0.00e+00	0.00e+00
 2.94361e+23	2.44e-06	2.96e-03	9.46e-01	4.79e-02	3.27e-03	9.18e-05	1.57e-06	0.00e+00	0.00e+00	0.00e+00	0.00e+00	0.00e+00	0.00e+00
 2.97416e+23	2.48e-06	2.99e-03	9.47e-01	4.68e-02	3.24e-03	8.93e-05	1.55e-06	0.00e+00	0.00e+00	0.00e+00	0.00e+00	0.00e+00	0.00e+00
 3.00471e+23	2.50e-06	3.02e-03	9.48e-01	4.57e-02	3.21e-03	8.68e-05	1.52e-06	0.00e+00	0.00e+00	0.00e+00	0.00e+00	0.00e+00	0.00e+00
