#depth	O	O+	O+2	O+3	O+4	O+5	O+6	O+7	O+8	O[1]	O[2]	O[3]
 6.17135e+19	0.00e+00	1.31e-27	1.40e-21	1.06e-16	1.48e-12	6.38e-09	9.01e-05	2.18e-02	9.78e-01	0.00e+00	0.00e+00	0.00e+00
 1.87609e+20	0.00e+00	2.79e-27	2.66e-21	1.81e-16	2.24e-12	8.60e-09	1.10e-04	2.41e-02	9.76e-01	0.00e+00	0.00e+00	0.00e+00
 3.09890e+20	0.00e+00	5.68e-27	4.86e-21	2.97e-16	3.31e-12	1.14e-08	1.33e-04	2.64e-02	9.73e-01	0.00e+00	0.00e+00	0.00e+00
 4.23532e+20	5.03e-34	1.08e-26	8.38e-21	4.66e-16	4.70e-12	1.47e-08	1.57e-04	2.87e-02	9.71e-01	0.00e+00	0.00e+00	0.00e+00
 4.98912e+20	8.14e-34	1.64e-26	1.19e-20	6.24e-16	5.91e-12	1.73e-08	1.75e-04	3.02e-02	9.70e-01	0.00e+00	0.00e+00	0.00e+00
 5.30876e+20	1.00e-33	1.96e-26	1.39e-20	7.09e-16	6.53e-12	1.86e-08	1.84e-04	3.10e-02	9.69e-01	0.00e+00	0.00e+00	0.00e+00
 5.58772e+20	1.19e-33	2.28e-26	1.58e-20	7.89e-16	7.10e-12	1.98e-08	1.91e-04	3.16e-02	9.68e-01	0.00e+00	0.00e+00	0.00e+00
 5.95037e+20	1.48e-33	2.76e-26	1.86e-20	9.00e-16	7.87e-12	2.13e-08	2.01e-04	3.23e-02	9.67e-01	0.00e+00	0.00e+00	0.00e+00
 6.42182e+20	1.98e-33	3.54e-26	2.30e-20	1.07e-15	9.04e-12	2.36e-08	2.15e-04	3.34e-02	9.66e-01	0.00e+00	0.00e+00	0.00e+00
 6.93472e+20	2.71e-33	4.65e-26	2.90e-20	1.30e-15	1.05e-11	2.62e-08	2.30e-04	3.46e-02	9.65e-01	0.00e+00	0.00e+00	0.00e+00
 7.39308e+20	3.58e-33	5.91e-26	3.55e-20	1.54e-15	1.20e-11	2.89e-08	2.45e-04	3.57e-02	9.64e-01	0.00e+00	0.00e+00	0.00e+00
 7.81574e+20	4.62e-33	7.37e-26	4.29e-20	1.80e-15	1.35e-11	3.15e-08	2.60e-04	3.67e-02	9.63e-01	0.00e+00	0.00e+00	0.00e+00
 8.30041e+20	6.15e-33	9.45e-26	5.30e-20	2.14e-15	1.55e-11	3.48e-08	2.77e-04	3.79e-02	9.62e-01	0.00e+00	0.00e+00	0.00e+00
 8.84272e+20	8.47e-33	1.25e-25	6.70e-20	2.60e-15	1.81e-11	3.88e-08	2.98e-04	3.92e-02	9.60e-01	0.00e+00	0.00e+00	0.00e+00
 9.30862e+20	1.11e-32	1.58e-25	8.20e-20	3.07e-15	2.06e-11	4.27e-08	3.17e-04	4.04e-02	9.59e-01	0.00e+00	0.00e+00	0.00e+00
 9.68174e+20	1.38e-32	1.91e-25	9.61e-20	3.50e-15	2.28e-11	4.60e-08	3.33e-04	4.14e-02	9.58e-01	0.00e+00	0.00e+00	0.00e+00
 1.00856e+21	1.75e-32	2.34e-25	1.14e-19	4.05e-15	2.56e-11	4.99e-08	3.51e-04	4.25e-02	9.57e-01	0.00e+00	0.00e+00	0.00e+00
 1.06105e+21	2.36e-32	3.04e-25	1.43e-19	4.86e-15	2.95e-11	5.53e-08	3.76e-04	4.39e-02	9.56e-01	0.00e+00	0.00e+00	0.00e+00
 1.11524e+21	3.23e-32	3.97e-25	1.79e-19	5.87e-15	3.42e-11	6.15e-08	4.03e-04	4.54e-02	9.54e-01	0.00e+00	0.00e+00	0.00e+00
 1.15960e+21	4.15e-32	4.95e-25	2.16e-19	6.85e-15	3.86e-11	6.71e-08	4.27e-04	4.67e-02	9.53e-01	0.00e+00	0.00e+00	0.00e+00
 1.20522e+21	5.37e-32	6.19e-25	2.61e-19	8.02e-15	4.37e-11	7.33e-08	4.52e-04	4.80e-02	9.52e-01	0.00e+00	0.00e+00	0.00e+00
 1.26453e+21	7.50e-32	8.26e-25	3.34e-19	9.82e-15	5.12e-11	8.23e-08	4.88e-04	4.98e-02	9.50e-01	0.00e+00	0.00e+00	0.00e+00
 1.32110e+21	1.03e-31	1.09e-24	4.22e-19	1.19e-14	5.96e-11	9.17e-08	5.24e-04	5.15e-02	9.48e-01	0.00e+00	0.00e+00	0.00e+00
 1.36118e+21	1.29e-31	1.32e-24	4.99e-19	1.37e-14	6.64e-11	9.91e-08	5.51e-04	5.28e-02	9.47e-01	0.00e+00	0.00e+00	0.00e+00
 1.40035e+21	1.60e-31	1.60e-24	5.85e-19	1.56e-14	7.37e-11	1.07e-07	5.78e-04	5.41e-02	9.45e-01	0.00e+00	0.00e+00	0.00e+00
 1.45127e+21	2.13e-31	2.04e-24	7.19e-19	1.85e-14	8.42e-11	1.18e-07	6.16e-04	5.57e-02	9.44e-01	0.00e+00	0.00e+00	0.00e+00
 1.50552e+21	2.87e-31	2.64e-24	8.96e-19	2.23e-14	9.72e-11	1.30e-07	6.58e-04	5.76e-02	9.42e-01	0.00e+00	0.00e+00	0.00e+00
 1.55228e+21	3.71e-31	3.30e-24	1.08e-18	2.61e-14	1.10e-10	1.42e-07	6.97e-04	5.92e-02	9.40e-01	0.00e+00	0.00e+00	0.00e+00
 1.60125e+21	4.86e-31	4.16e-24	1.32e-18	3.07e-14	1.25e-10	1.56e-07	7.40e-04	6.09e-02	9.38e-01	0.00e+00	0.00e+00	0.00e+00
 1.65576e+21	6.54e-31	5.39e-24	1.64e-18	3.68e-14	1.44e-10	1.73e-07	7.91e-04	6.29e-02	9.36e-01	0.00e+00	0.00e+00	0.00e+00
 1.70605e+21	8.61e-31	6.84e-24	2.01e-18	4.36e-14	1.64e-10	1.90e-07	8.41e-04	6.47e-02	9.34e-01	0.00e+00	0.00e+00	0.00e+00
 1.75038e+21	1.10e-30	8.43e-24	2.40e-18	5.05e-14	1.85e-10	2.06e-07	8.87e-04	6.64e-02	9.33e-01	0.00e+00	0.00e+00	0.00e+00
 1.79842e+21	1.42e-30	1.06e-23	2.91e-18	5.92e-14	2.09e-10	2.26e-07	9.40e-04	6.83e-02	9.31e-01	0.00e+00	0.00e+00	0.00e+00
 1.85227e+21	1.91e-30	1.36e-23	3.61e-18	7.08e-14	2.41e-10	2.50e-07	1.00e-03	7.04e-02	9.29e-01	0.00e+00	0.00e+00	0.00e+00
 1.90140e+21	2.49e-30	1.71e-23	4.40e-18	8.33e-14	2.73e-10	2.73e-07	1.06e-03	7.24e-02	9.27e-01	0.00e+00	0.00e+00	0.00e+00
 1.94502e+21	3.15e-30	2.10e-23	5.23e-18	9.63e-14	3.06e-10	2.96e-07	1.12e-03	7.43e-02	9.25e-01	0.00e+00	0.00e+00	0.00e+00
 1.99375e+21	4.10e-30	2.64e-23	6.35e-18	1.13e-13	3.47e-10	3.24e-07	1.19e-03	7.63e-02	9.22e-01	0.00e+00	0.00e+00	0.00e+00
 2.04850e+21	5.51e-30	3.41e-23	7.89e-18	1.35e-13	4.00e-10	3.59e-07	1.27e-03	7.87e-02	9.20e-01	0.00e+00	0.00e+00	0.00e+00
 2.09978e+21	7.27e-30	4.33e-23	9.67e-18	1.60e-13	4.57e-10	3.95e-07	1.35e-03	8.11e-02	9.18e-01	0.00e+00	0.00e+00	0.00e+00
 2.14665e+21	9.35e-30	5.38e-23	1.16e-17	1.87e-13	5.16e-10	4.30e-07	1.43e-03	8.32e-02	9.15e-01	0.00e+00	0.00e+00	0.00e+00
 2.19910e+21	1.24e-29	6.86e-23	1.43e-17	2.22e-13	5.90e-10	4.74e-07	1.52e-03	8.57e-02	9.13e-01	0.00e+00	0.00e+00	0.00e+00
 2.25697e+21	1.69e-29	8.97e-23	1.80e-17	2.69e-13	6.86e-10	5.27e-07	1.62e-03	8.85e-02	9.10e-01	0.00e+00	0.00e+00	0.00e+00
 2.30964e+21	2.24e-29	1.14e-22	2.21e-17	3.20e-13	7.85e-10	5.80e-07	1.73e-03	9.11e-02	9.07e-01	0.00e+00	0.00e+00	0.00e+00
 2.35795e+21	2.89e-29	1.43e-22	2.67e-17	3.75e-13	8.89e-10	6.34e-07	1.83e-03	9.36e-02	9.05e-01	0.00e+00	0.00e+00	0.00e+00
 2.41284e+21	3.86e-29	1.83e-22	3.31e-17	4.48e-13	1.02e-09	7.01e-07	1.95e-03	9.65e-02	9.02e-01	0.00e+00	0.00e+00	0.00e+00
 2.47395e+21	5.33e-29	2.42e-22	4.19e-17	5.46e-13	1.19e-09	7.83e-07	2.09e-03	9.97e-02	8.98e-01	0.00e+00	0.00e+00	0.00e+00
 2.53042e+21	7.16e-29	3.13e-22	5.22e-17	6.55e-13	1.38e-09	8.67e-07	2.24e-03	1.03e-01	8.95e-01	0.00e+00	0.00e+00	0.00e+00
 2.58208e+21	9.36e-29	3.95e-22	6.36e-17	7.73e-13	1.57e-09	9.52e-07	2.37e-03	1.06e-01	8.92e-01	0.00e+00	0.00e+00	0.00e+00
 2.64021e+21	1.26e-28	5.11e-22	7.93e-17	9.30e-13	1.82e-09	1.06e-06	2.54e-03	1.09e-01	8.88e-01	0.00e+00	0.00e+00	0.00e+00
 2.70579e+21	1.76e-28	6.83e-22	1.02e-16	1.14e-12	2.14e-09	1.19e-06	2.73e-03	1.13e-01	8.84e-01	0.00e+00	0.00e+00	0.00e+00
 2.76784e+21	2.41e-28	8.95e-22	1.28e-16	1.39e-12	2.50e-09	1.32e-06	2.93e-03	1.17e-01	8.80e-01	0.00e+00	0.00e+00	0.00e+00
 2.82265e+21	3.17e-28	1.13e-21	1.57e-16	1.65e-12	2.85e-09	1.46e-06	3.12e-03	1.20e-01	8.77e-01	0.00e+00	0.00e+00	0.00e+00
 2.87355e+21	4.07e-28	1.41e-21	1.89e-16	1.92e-12	3.23e-09	1.59e-06	3.30e-03	1.23e-01	8.74e-01	0.00e+00	0.00e+00	0.00e+00
 2.93200e+21	5.41e-28	1.80e-21	2.32e-16	2.30e-12	3.71e-09	1.76e-06	3.51e-03	1.27e-01	8.70e-01	0.00e+00	0.00e+00	0.00e+00
 2.99719e+21	7.38e-28	2.35e-21	2.93e-16	2.79e-12	4.33e-09	1.96e-06	3.77e-03	1.31e-01	8.65e-01	0.00e+00	0.00e+00	0.00e+00
 3.05776e+21	9.81e-28	3.01e-21	3.62e-16	3.33e-12	4.99e-09	2.17e-06	4.02e-03	1.35e-01	8.61e-01	0.00e+00	0.00e+00	0.00e+00
 3.11417e+21	1.27e-27	3.77e-21	4.39e-16	3.92e-12	5.68e-09	2.38e-06	4.26e-03	1.38e-01	8.57e-01	0.00e+00	0.00e+00	0.00e+00
 3.17854e+21	1.70e-27	4.85e-21	5.44e-16	4.70e-12	6.56e-09	2.64e-06	4.55e-03	1.43e-01	8.53e-01	0.00e+00	0.00e+00	0.00e+00
 3.25049e+21	2.34e-27	6.39e-21	6.89e-16	5.74e-12	7.69e-09	2.96e-06	4.89e-03	1.47e-01	8.48e-01	0.00e+00	0.00e+00	0.00e+00
 3.31775e+21	3.12e-27	8.22e-21	8.56e-16	6.90e-12	8.90e-09	3.28e-06	5.23e-03	1.52e-01	8.43e-01	0.00e+00	0.00e+00	0.00e+00
 3.38094e+21	4.08e-27	1.04e-20	1.04e-15	8.16e-12	1.02e-08	3.62e-06	5.56e-03	1.56e-01	8.38e-01	0.00e+00	0.00e+00	0.00e+00
 3.45336e+21	5.49e-27	1.34e-20	1.30e-15	9.85e-12	1.18e-08	4.03e-06	5.95e-03	1.61e-01	8.33e-01	0.00e+00	0.00e+00	0.00e+00
 3.53427e+21	7.60e-27	1.78e-20	1.66e-15	1.21e-11	1.40e-08	4.53e-06	6.42e-03	1.67e-01	8.27e-01	0.00e+00	0.00e+00	0.00e+00
 3.60991e+21	1.02e-26	2.30e-20	2.07e-15	1.46e-11	1.62e-08	5.05e-06	6.87e-03	1.72e-01	8.21e-01	0.00e+00	0.00e+00	0.00e+00
 3.68099e+21	1.34e-26	2.91e-20	2.54e-15	1.73e-11	1.86e-08	5.58e-06	7.32e-03	1.77e-01	8.16e-01	0.00e+00	0.00e+00	0.00e+00
 3.76247e+21	1.81e-26	3.77e-20	3.18e-15	2.10e-11	2.17e-08	6.23e-06	7.85e-03	1.82e-01	8.10e-01	0.00e+00	0.00e+00	0.00e+00
 3.84933e+21	2.48e-26	4.96e-20	4.02e-15	2.56e-11	2.55e-08	7.00e-06	8.44e-03	1.88e-01	8.04e-01	0.00e+00	0.00e+00	0.00e+00
 3.92273e+21	3.21e-26	6.20e-20	4.88e-15	3.02e-11	2.91e-08	7.70e-06	8.97e-03	1.93e-01	7.98e-01	0.00e+00	0.00e+00	0.00e+00
 3.98770e+21	4.00e-26	7.53e-20	5.77e-15	3.49e-11	3.27e-08	8.37e-06	9.45e-03	1.97e-01	7.93e-01	0.00e+00	0.00e+00	0.00e+00
 4.06214e+21	5.14e-26	9.35e-20	6.96e-15	4.09e-11	3.71e-08	9.18e-06	1.00e-02	2.03e-01	7.87e-01	0.00e+00	0.00e+00	0.00e+00
 4.15892e+21	7.04e-26	1.23e-19	8.83e-15	5.01e-11	4.37e-08	1.03e-05	1.08e-02	2.09e-01	7.80e-01	0.00e+00	0.00e+00	0.00e+00
 4.25764e+21	9.63e-26	1.62e-19	1.12e-14	6.12e-11	5.14e-08	1.16e-05	1.16e-02	2.16e-01	7.73e-01	0.00e+00	0.00e+00	0.00e+00
 4.33752e+21	1.23e-25	2.00e-19	1.35e-14	7.17e-11	5.85e-08	1.27e-05	1.23e-02	2.21e-01	7.66e-01	0.00e+00	0.00e+00	0.00e+00
 4.42001e+21	1.58e-25	2.48e-19	1.62e-14	8.41e-11	6.65e-08	1.40e-05	1.30e-02	2.27e-01	7.60e-01	0.00e+00	0.00e+00	0.00e+00
 4.52724e+21	2.16e-25	3.26e-19	2.05e-14	1.03e-10	7.83e-08	1.58e-05	1.41e-02	2.34e-01	7.52e-01	0.00e+00	0.00e+00	0.00e+00
 4.63817e+21	2.96e-25	4.29e-19	2.61e-14	1.26e-10	9.23e-08	1.77e-05	1.51e-02	2.41e-01	7.43e-01	0.00e+00	0.00e+00	0.00e+00
 4.72434e+21	3.78e-25	5.31e-19	3.14e-14	1.48e-10	1.05e-07	1.95e-05	1.60e-02	2.47e-01	7.37e-01	0.00e+00	0.00e+00	0.00e+00
 4.79445e+21	4.55e-25	6.24e-19	3.61e-14	1.66e-10	1.16e-07	2.09e-05	1.68e-02	2.52e-01	7.31e-01	0.00e+00	0.00e+00	0.00e+00
 4.87329e+21	5.59e-25	7.47e-19	4.22e-14	1.90e-10	1.29e-07	2.26e-05	1.76e-02	2.57e-01	7.25e-01	0.00e+00	0.00e+00	0.00e+00
 4.97579e+21	7.28e-25	9.41e-19	5.15e-14	2.26e-10	1.48e-07	2.50e-05	1.87e-02	2.64e-01	7.18e-01	0.00e+00	0.00e+00	0.00e+00
 5.08519e+21	9.60e-25	1.20e-18	6.34e-14	2.69e-10	1.71e-07	2.78e-05	2.00e-02	2.71e-01	7.09e-01	0.00e+00	0.00e+00	0.00e+00
 5.18070e+21	1.21e-24	1.47e-18	7.57e-14	3.14e-10	1.93e-07	3.03e-05	2.11e-02	2.77e-01	7.02e-01	0.00e+00	0.00e+00	0.00e+00
 5.28198e+21	1.54e-24	1.81e-18	9.09e-14	3.67e-10	2.19e-07	3.33e-05	2.24e-02	2.83e-01	6.94e-01	0.00e+00	0.00e+00	0.00e+00
 5.41366e+21	2.09e-24	2.36e-18	1.15e-13	4.46e-10	2.58e-07	3.74e-05	2.40e-02	2.91e-01	6.85e-01	0.00e+00	0.00e+00	0.00e+00
 5.54685e+21	2.83e-24	3.07e-18	1.44e-13	5.42e-10	3.02e-07	4.19e-05	2.58e-02	3.00e-01	6.75e-01	0.00e+00	0.00e+00	0.00e+00
 5.65313e+21	3.57e-24	3.77e-18	1.72e-13	6.31e-10	3.41e-07	4.58e-05	2.72e-02	3.06e-01	6.67e-01	0.00e+00	0.00e+00	0.00e+00
 5.76242e+21	4.51e-24	4.62e-18	2.05e-13	7.33e-10	3.86e-07	5.01e-05	2.87e-02	3.12e-01	6.59e-01	0.00e+00	0.00e+00	0.00e+00
 5.88402e+21	5.82e-24	5.76e-18	2.48e-13	8.64e-10	4.40e-07	5.52e-05	3.05e-02	3.20e-01	6.50e-01	0.00e+00	0.00e+00	0.00e+00
 5.99736e+21	7.33e-24	7.05e-18	2.96e-13	1.00e-09	4.97e-07	6.03e-05	3.22e-02	3.26e-01	6.42e-01	0.00e+00	0.00e+00	0.00e+00
 6.12043e+21	9.35e-24	8.72e-18	3.56e-13	1.17e-09	5.65e-07	6.61e-05	3.40e-02	3.33e-01	6.33e-01	0.00e+00	0.00e+00	0.00e+00
 6.25701e+21	1.22e-23	1.10e-17	4.35e-13	1.39e-09	6.49e-07	7.31e-05	3.62e-02	3.41e-01	6.23e-01	0.00e+00	0.00e+00	0.00e+00
 6.38413e+21	1.55e-23	1.36e-17	5.22e-13	1.62e-09	7.35e-07	8.00e-05	3.82e-02	3.48e-01	6.14e-01	0.00e+00	0.00e+00	0.00e+00
 6.52240e+21	2.00e-23	1.69e-17	6.32e-13	1.91e-09	8.39e-07	8.81e-05	4.05e-02	3.55e-01	6.05e-01	0.00e+00	0.00e+00	0.00e+00
 6.67698e+21	2.63e-23	2.15e-17	7.80e-13	2.29e-09	9.70e-07	9.78e-05	4.31e-02	3.63e-01	5.94e-01	0.00e+00	0.00e+00	0.00e+00
 6.82292e+21	3.40e-23	2.69e-17	9.45e-13	2.69e-09	1.11e-06	1.08e-04	4.57e-02	3.70e-01	5.84e-01	0.00e+00	0.00e+00	0.00e+00
 6.98279e+21	4.46e-23	3.41e-17	1.16e-12	3.20e-09	1.27e-06	1.19e-04	4.86e-02	3.78e-01	5.73e-01	0.00e+00	0.00e+00	0.00e+00
 7.16195e+21	6.00e-23	4.42e-17	1.45e-12	3.87e-09	1.49e-06	1.33e-04	5.19e-02	3.87e-01	5.61e-01	0.00e+00	0.00e+00	0.00e+00
 7.32099e+21	7.76e-23	5.53e-17	1.76e-12	4.56e-09	1.70e-06	1.47e-04	5.49e-02	3.94e-01	5.51e-01	0.00e+00	0.00e+00	0.00e+00
 7.45756e+21	9.61e-23	6.66e-17	2.07e-12	5.24e-09	1.89e-06	1.59e-04	5.76e-02	4.00e-01	5.42e-01	0.00e+00	0.00e+00	0.00e+00
 7.61012e+21	1.22e-22	8.19e-17	2.48e-12	6.09e-09	2.14e-06	1.73e-04	6.07e-02	4.07e-01	5.32e-01	0.00e+00	0.00e+00	0.00e+00
 7.80845e+21	1.63e-22	1.06e-16	3.09e-12	7.33e-09	2.48e-06	1.93e-04	6.46e-02	4.15e-01	5.20e-01	0.00e+00	0.00e+00	0.00e+00
 8.01751e+21	2.23e-22	1.39e-16	3.91e-12	8.95e-09	2.92e-06	2.17e-04	6.92e-02	4.24e-01	5.07e-01	0.00e+00	0.00e+00	0.00e+00
 8.18804e+21	2.85e-22	1.72e-16	4.70e-12	1.05e-08	3.31e-06	2.37e-04	7.29e-02	4.31e-01	4.96e-01	0.00e+00	0.00e+00	0.00e+00
 8.33456e+21	3.49e-22	2.05e-16	5.48e-12	1.19e-08	3.67e-06	2.55e-04	7.62e-02	4.36e-01	4.87e-01	0.00e+00	0.00e+00	0.00e+00
 8.50237e+21	4.40e-22	2.51e-16	6.52e-12	1.38e-08	4.13e-06	2.78e-04	8.00e-02	4.42e-01	4.77e-01	0.00e+00	0.00e+00	0.00e+00
 8.72053e+21	5.87e-22	3.22e-16	8.10e-12	1.65e-08	4.78e-06	3.08e-04	8.49e-02	4.50e-01	4.65e-01	0.00e+00	0.00e+00	0.00e+00
 8.94707e+21	7.92e-22	4.19e-16	1.02e-11	2.00e-08	5.58e-06	3.44e-04	9.05e-02	4.58e-01	4.52e-01	0.00e+00	0.00e+00	0.00e+00
 9.13405e+21	1.01e-21	5.16e-16	1.22e-11	2.33e-08	6.30e-06	3.76e-04	9.51e-02	4.64e-01	4.41e-01	0.00e+00	0.00e+00	0.00e+00
 9.32669e+21	1.28e-21	6.36e-16	1.46e-11	2.72e-08	7.12e-06	4.10e-04	1.00e-01	4.69e-01	4.30e-01	0.00e+00	0.00e+00	0.00e+00
 9.57711e+21	1.73e-21	8.27e-16	1.83e-11	3.28e-08	8.29e-06	4.57e-04	1.06e-01	4.76e-01	4.17e-01	0.00e+00	0.00e+00	0.00e+00
 9.83554e+21	2.36e-21	1.08e-15	2.31e-11	4.01e-08	9.73e-06	5.12e-04	1.13e-01	4.83e-01	4.03e-01	0.00e+00	0.00e+00	0.00e+00
 1.00468e+22	3.02e-21	1.34e-15	2.78e-11	4.69e-08	1.10e-05	5.60e-04	1.19e-01	4.89e-01	3.92e-01	0.00e+00	0.00e+00	0.00e+00
 1.02640e+22	3.86e-21	1.66e-15	3.35e-11	5.48e-08	1.25e-05	6.12e-04	1.25e-01	4.94e-01	3.81e-01	0.00e+00	0.00e+00	0.00e+00
 1.04981e+22	5.01e-21	2.09e-15	4.07e-11	6.46e-08	1.43e-05	6.72e-04	1.32e-01	4.99e-01	3.69e-01	0.00e+00	0.00e+00	0.00e+00
 1.07053e+22	6.27e-21	2.54e-15	4.83e-11	7.45e-08	1.60e-05	7.29e-04	1.38e-01	5.03e-01	3.59e-01	0.00e+00	0.00e+00	0.00e+00
 1.08964e+22	7.68e-21	3.03e-15	5.62e-11	8.48e-08	1.78e-05	7.84e-04	1.43e-01	5.06e-01	3.50e-01	0.00e+00	0.00e+00	0.00e+00
 1.11157e+22	9.65e-21	3.70e-15	6.68e-11	9.81e-08	2.00e-05	8.52e-04	1.50e-01	5.10e-01	3.39e-01	0.00e+00	0.00e+00	0.00e+00
 1.13632e+22	1.24e-20	4.60e-15	8.08e-11	1.15e-07	2.27e-05	9.34e-04	1.57e-01	5.14e-01	3.28e-01	0.00e+00	0.00e+00	0.00e+00
 1.15983e+22	1.57e-20	5.65e-15	9.65e-11	1.34e-07	2.56e-05	1.02e-03	1.65e-01	5.17e-01	3.17e-01	0.00e+00	0.00e+00	0.00e+00
 1.18200e+22	1.95e-20	6.82e-15	1.14e-10	1.54e-07	2.87e-05	1.10e-03	1.72e-01	5.20e-01	3.07e-01	0.00e+00	0.00e+00	0.00e+00
 1.20732e+22	2.47e-20	8.39e-15	1.36e-10	1.79e-07	3.24e-05	1.20e-03	1.80e-01	5.22e-01	2.97e-01	0.00e+00	0.00e+00	0.00e+00
 1.23577e+22	3.22e-20	1.06e-14	1.67e-10	2.13e-07	3.72e-05	1.32e-03	1.89e-01	5.25e-01	2.85e-01	0.00e+00	0.00e+00	0.00e+00
 1.26223e+22	4.10e-20	1.30e-14	2.00e-10	2.48e-07	4.22e-05	1.44e-03	1.98e-01	5.27e-01	2.74e-01	0.00e+00	0.00e+00	0.00e+00
 1.28672e+22	5.09e-20	1.57e-14	2.36e-10	2.86e-07	4.72e-05	1.56e-03	2.06e-01	5.28e-01	2.64e-01	0.00e+00	0.00e+00	0.00e+00
 1.31475e+22	6.46e-20	1.94e-14	2.83e-10	3.34e-07	5.36e-05	1.71e-03	2.16e-01	5.29e-01	2.53e-01	0.00e+00	0.00e+00	0.00e+00
 1.35118e+22	8.74e-20	2.53e-14	3.56e-10	4.06e-07	6.28e-05	1.91e-03	2.28e-01	5.30e-01	2.40e-01	0.00e+00	0.00e+00	0.00e+00
 1.38795e+22	1.18e-19	3.28e-14	4.48e-10	4.94e-07	7.37e-05	2.14e-03	2.41e-01	5.30e-01	2.27e-01	0.00e+00	0.00e+00	0.00e+00
 1.41687e+22	1.48e-19	4.00e-14	5.34e-10	5.75e-07	8.34e-05	2.33e-03	2.52e-01	5.29e-01	2.17e-01	0.00e+00	0.00e+00	0.00e+00
 1.44621e+22	1.84e-19	4.85e-14	6.32e-10	6.65e-07	9.38e-05	2.53e-03	2.62e-01	5.28e-01	2.07e-01	0.00e+00	0.00e+00	0.00e+00
 1.48435e+22	2.43e-19	6.19e-14	7.84e-10	8.00e-07	1.09e-04	2.82e-03	2.76e-01	5.26e-01	1.95e-01	0.00e+00	0.00e+00	0.00e+00
 1.52408e+22	3.21e-19	7.91e-14	9.75e-10	9.67e-07	1.27e-04	3.14e-03	2.91e-01	5.23e-01	1.83e-01	0.00e+00	0.00e+00	0.00e+00
 1.55727e+22	4.02e-19	9.64e-14	1.16e-09	1.13e-06	1.45e-04	3.43e-03	3.03e-01	5.20e-01	1.74e-01	0.00e+00	0.00e+00	0.00e+00
 1.58603e+22	4.85e-19	1.14e-13	1.35e-09	1.28e-06	1.61e-04	3.70e-03	3.13e-01	5.17e-01	1.66e-01	0.00e+00	0.00e+00	0.00e+00
 1.61760e+22	5.92e-19	1.36e-13	1.58e-09	1.47e-06	1.80e-04	4.01e-03	3.25e-01	5.13e-01	1.58e-01	0.00e+00	0.00e+00	0.00e+00
 1.65865e+22	7.58e-19	1.69e-13	1.92e-09	1.75e-06	2.08e-04	4.43e-03	3.40e-01	5.08e-01	1.48e-01	0.00e+00	0.00e+00	0.00e+00
 1.70059e+22	9.68e-19	2.10e-13	2.34e-09	2.08e-06	2.40e-04	4.90e-03	3.56e-01	5.02e-01	1.38e-01	0.00e+00	0.00e+00	0.00e+00
 1.73455e+22	1.17e-18	2.48e-13	2.73e-09	2.38e-06	2.68e-04	5.32e-03	3.68e-01	4.96e-01	1.30e-01	0.00e+00	0.00e+00	0.00e+00
 1.76958e+22	1.41e-18	2.93e-13	3.17e-09	2.72e-06	3.00e-04	5.75e-03	3.81e-01	4.90e-01	1.23e-01	0.00e+00	0.00e+00	0.00e+00
 1.81512e+22	1.77e-18	3.60e-13	3.83e-09	3.22e-06	3.45e-04	6.35e-03	3.97e-01	4.82e-01	1.14e-01	0.00e+00	0.00e+00	0.00e+00
 1.86121e+22	2.22e-18	4.40e-13	4.61e-09	3.80e-06	3.96e-04	7.01e-03	4.13e-01	4.74e-01	1.06e-01	0.00e+00	0.00e+00	0.00e+00
 1.89784e+22	2.63e-18	5.13e-13	5.31e-09	4.31e-06	4.40e-04	7.57e-03	4.26e-01	4.67e-01	9.92e-02	0.00e+00	0.00e+00	0.00e+00
 1.93527e+22	3.11e-18	5.96e-13	6.09e-09	4.88e-06	4.88e-04	8.14e-03	4.39e-01	4.59e-01	9.33e-02	0.00e+00	0.00e+00	0.00e+00
 1.98392e+22	3.81e-18	7.17e-13	7.24e-09	5.71e-06	5.56e-04	8.94e-03	4.55e-01	4.49e-01	8.61e-02	0.00e+00	0.00e+00	0.00e+00
 2.03455e+22	4.68e-18	8.63e-13	8.62e-09	6.69e-06	6.34e-04	9.82e-03	4.72e-01	4.39e-01	7.92e-02	0.00e+00	0.00e+00	0.00e+00
 2.07687e+22	5.50e-18	1.00e-12	9.91e-09	7.59e-06	7.05e-04	1.06e-02	4.85e-01	4.30e-01	7.38e-02	0.00e+00	0.00e+00	0.00e+00
 2.12099e+22	6.45e-18	1.16e-12	1.14e-08	8.62e-06	7.83e-04	1.14e-02	4.99e-01	4.20e-01	6.87e-02	0.00e+00	0.00e+00	0.00e+00
 2.17836e+22	7.86e-18	1.39e-12	1.35e-08	1.01e-05	8.93e-04	1.26e-02	5.16e-01	4.08e-01	6.26e-02	0.00e+00	0.00e+00	0.00e+00
 2.23748e+22	9.56e-18	1.66e-12	1.61e-08	1.18e-05	1.02e-03	1.38e-02	5.33e-01	3.96e-01	5.69e-02	0.00e+00	0.00e+00	0.00e+00
 2.28619e+22	1.11e-17	1.92e-12	1.84e-08	1.34e-05	1.13e-03	1.49e-02	5.46e-01	3.85e-01	5.26e-02	0.00e+00	0.00e+00	0.00e+00
 2.33681e+22	1.29e-17	2.20e-12	2.11e-08	1.52e-05	1.25e-03	1.60e-02	5.59e-01	3.75e-01	4.86e-02	0.00e+00	0.00e+00	0.00e+00
 2.38980e+22	1.51e-17	2.54e-12	2.42e-08	1.73e-05	1.39e-03	1.73e-02	5.73e-01	3.64e-01	4.47e-02	0.00e+00	0.00e+00	0.00e+00
 2.43449e+22	1.71e-17	2.86e-12	2.71e-08	1.92e-05	1.51e-03	1.84e-02	5.83e-01	3.55e-01	4.17e-02	0.00e+00	0.00e+00	0.00e+00
 2.48118e+22	1.93e-17	3.21e-12	3.03e-08	2.13e-05	1.64e-03	1.95e-02	5.94e-01	3.46e-01	3.88e-02	0.00e+00	0.00e+00	0.00e+00
 2.54189e+22	2.26e-17	3.71e-12	3.49e-08	2.43e-05	1.82e-03	2.11e-02	6.08e-01	3.34e-01	3.54e-02	2.25e-17	1.94e-22	2.01e-22
 2.60446e+22	2.63e-17	4.29e-12	4.03e-08	2.77e-05	2.03e-03	2.28e-02	6.21e-01	3.22e-01	3.22e-02	2.63e-17	2.25e-22	2.33e-22
 2.65528e+22	2.95e-17	4.80e-12	4.50e-08	3.08e-05	2.20e-03	2.42e-02	6.31e-01	3.13e-01	2.98e-02	2.95e-17	2.52e-22	2.60e-22
 2.70717e+22	3.34e-17	5.39e-12	5.04e-08	3.41e-05	2.39e-03	2.56e-02	6.41e-01	3.04e-01	2.77e-02	3.34e-17	2.84e-22	2.93e-22
 2.77463e+22	3.88e-17	6.21e-12	5.79e-08	3.87e-05	2.64e-03	2.75e-02	6.53e-01	2.92e-01	2.51e-02	3.88e-17	3.27e-22	3.38e-22
 2.84419e+22	4.50e-17	7.17e-12	6.67e-08	4.41e-05	2.92e-03	2.96e-02	6.64e-01	2.80e-01	2.27e-02	4.50e-17	3.77e-22	3.90e-22
 2.90127e+22	5.04e-17	8.00e-12	7.45e-08	4.89e-05	3.16e-03	3.14e-02	6.74e-01	2.71e-01	2.09e-02	5.04e-17	4.20e-22	4.35e-22
 2.96023e+22	5.70e-17	9.00e-12	8.34e-08	5.42e-05	3.42e-03	3.32e-02	6.82e-01	2.62e-01	1.93e-02	5.70e-17	4.73e-22	4.89e-22
 3.03689e+22	6.61e-17	1.04e-11	9.60e-08	6.17e-05	3.77e-03	3.56e-02	6.93e-01	2.51e-01	1.74e-02	6.61e-17	5.44e-22	5.63e-22
 3.11625e+22	7.67e-17	1.20e-11	1.11e-07	7.03e-05	4.17e-03	3.82e-02	7.03e-01	2.39e-01	1.56e-02	7.67e-17	6.26e-22	6.49e-22
 3.18201e+22	8.60e-17	1.34e-11	1.24e-07	7.81e-05	4.51e-03	4.05e-02	7.11e-01	2.30e-01	1.43e-02	8.60e-17	6.96e-22	7.23e-22
 3.25037e+22	9.75e-17	1.52e-11	1.40e-07	8.67e-05	4.87e-03	4.28e-02	7.18e-01	2.21e-01	1.31e-02	9.75e-17	7.83e-22	8.15e-22
 3.33923e+22	1.13e-16	1.76e-11	1.61e-07	9.90e-05	5.37e-03	4.59e-02	7.27e-01	2.10e-01	1.17e-02	1.13e-16	9.01e-22	9.39e-22
 3.43177e+22	1.32e-16	2.05e-11	1.87e-07	1.13e-04	5.93e-03	4.92e-02	7.35e-01	1.99e-01	1.04e-02	1.32e-16	1.04e-21	1.09e-21
 3.50938e+22	1.49e-16	2.31e-11	2.11e-07	1.26e-04	6.42e-03	5.22e-02	7.41e-01	1.91e-01	9.40e-03	1.49e-16	1.16e-21	1.22e-21
 3.59060e+22	1.70e-16	2.63e-11	2.39e-07	1.41e-04	6.95e-03	5.51e-02	7.47e-01	1.82e-01	8.53e-03	1.70e-16	1.32e-21	1.38e-21
 3.69619e+22	1.99e-16	3.08e-11	2.80e-07	1.62e-04	7.67e-03	5.91e-02	7.54e-01	1.72e-01	7.52e-03	1.99e-16	1.53e-21	1.60e-21
 3.80705e+22	2.35e-16	3.63e-11	3.28e-07	1.86e-04	8.48e-03	6.34e-02	7.60e-01	1.61e-01	6.59e-03	2.35e-16	1.78e-21	1.87e-21
 3.89210e+22	2.65e-16	4.10e-11	3.70e-07	2.07e-04	9.14e-03	6.69e-02	7.64e-01	1.54e-01	5.95e-03	2.65e-16	1.99e-21	2.10e-21
 3.95688e+22	2.89e-16	4.48e-11	4.04e-07	2.24e-04	9.64e-03	6.95e-02	7.67e-01	1.49e-01	5.53e-03	2.89e-16	2.17e-21	2.28e-21
 4.02797e+22	3.20e-16	4.96e-11	4.45e-07	2.43e-04	1.02e-02	7.24e-02	7.69e-01	1.43e-01	5.10e-03	3.20e-16	2.38e-21	2.51e-21
 4.12038e+22	3.61e-16	5.61e-11	5.03e-07	2.70e-04	1.10e-02	7.63e-02	7.72e-01	1.36e-01	4.60e-03	3.61e-16	2.66e-21	2.81e-21
 4.22172e+22	4.12e-16	6.43e-11	5.74e-07	3.03e-04	1.19e-02	8.05e-02	7.74e-01	1.29e-01	4.11e-03	4.12e-16	3.01e-21	3.18e-21
 4.31354e+22	4.64e-16	7.25e-11	6.45e-07	3.35e-04	1.27e-02	8.45e-02	7.76e-01	1.22e-01	3.71e-03	4.64e-16	3.36e-21	3.56e-21
 4.39893e+22	5.16e-16	8.09e-11	7.17e-07	3.66e-04	1.35e-02	8.82e-02	7.77e-01	1.17e-01	3.39e-03	5.16e-16	3.71e-21	3.94e-21
 4.49711e+22	5.82e-16	9.16e-11	8.07e-07	4.05e-04	1.45e-02	9.25e-02	7.78e-01	1.11e-01	3.06e-03	5.82e-16	4.15e-21	4.40e-21
 4.62473e+22	6.77e-16	1.07e-10	9.38e-07	4.59e-04	1.58e-02	9.81e-02	7.79e-01	1.04e-01	2.68e-03	6.77e-16	4.77e-21	5.07e-21
 4.75469e+22	7.91e-16	1.26e-10	1.09e-06	5.21e-04	1.72e-02	1.04e-01	7.79e-01	9.72e-02	2.34e-03	7.91e-16	5.51e-21	5.87e-21
 4.85862e+22	8.92e-16	1.43e-10	1.23e-06	5.74e-04	1.83e-02	1.09e-01	7.78e-01	9.22e-02	2.11e-03	8.92e-16	6.17e-21	6.58e-21
 4.96464e+22	1.01e-15	1.62e-10	1.39e-06	6.32e-04	1.95e-02	1.14e-01	7.77e-01	8.74e-02	1.90e-03	1.01e-15	6.89e-21	7.36e-21
 5.10248e+22	1.17e-15	1.90e-10	1.61e-06	7.13e-04	2.12e-02	1.20e-01	7.75e-01	8.16e-02	1.67e-03	1.17e-15	7.93e-21	8.48e-21
 5.24954e+22	1.39e-15	2.26e-10	1.89e-06	8.10e-04	2.30e-02	1.27e-01	7.72e-01	7.59e-02	1.45e-03	1.39e-15	9.30e-21	9.96e-21
 5.37795e+22	1.59e-15	2.61e-10	2.16e-06	9.02e-04	2.47e-02	1.34e-01	7.68e-01	7.12e-02	1.28e-03	1.59e-15	1.05e-20	1.13e-20
 5.51425e+22	1.84e-15	3.04e-10	2.49e-06	1.01e-03	2.65e-02	1.40e-01	7.65e-01	6.67e-02	1.13e-03	1.84e-15	1.20e-20	1.29e-20
 5.69144e+22	2.21e-15	3.68e-10	2.97e-06	1.15e-03	2.90e-02	1.49e-01	7.59e-01	6.14e-02	9.68e-04	2.21e-15	1.42e-20	1.53e-20
 5.87512e+22	2.68e-15	4.51e-10	3.57e-06	1.33e-03	3.17e-02	1.58e-01	7.52e-01	5.62e-02	8.22e-04	2.68e-15	1.70e-20	1.84e-20
 6.02690e+22	3.14e-15	5.32e-10	4.14e-06	1.49e-03	3.41e-02	1.66e-01	7.46e-01	5.23e-02	7.19e-04	3.14e-15	1.97e-20	2.13e-20
 6.18387e+22	3.68e-15	6.28e-10	4.80e-06	1.66e-03	3.66e-02	1.74e-01	7.39e-01	4.87e-02	6.31e-04	3.68e-15	2.28e-20	2.47e-20
 6.38792e+22	4.51e-15	7.77e-10	5.79e-06	1.91e-03	4.01e-02	1.84e-01	7.29e-01	4.45e-02	5.34e-04	4.51e-15	2.75e-20	2.98e-20
 6.58250e+22	5.51e-15	9.55e-10	6.94e-06	2.18e-03	4.36e-02	1.94e-01	7.19e-01	4.06e-02	4.54e-04	5.51e-15	3.32e-20	3.60e-20
 6.71969e+22	6.33e-15	1.10e-09	7.85e-06	2.38e-03	4.62e-02	2.01e-01	7.12e-01	3.82e-02	4.07e-04	6.33e-15	3.78e-20	4.10e-20
 6.85296e+22	7.22e-15	1.26e-09	8.83e-06	2.59e-03	4.88e-02	2.08e-01	7.04e-01	3.61e-02	3.67e-04	7.22e-15	4.26e-20	4.63e-20
 7.02622e+22	8.55e-15	1.50e-09	1.03e-05	2.89e-03	5.22e-02	2.16e-01	6.95e-01	3.35e-02	3.21e-04	8.55e-15	4.98e-20	5.42e-20
 7.25144e+22	1.06e-14	1.87e-09	1.24e-05	3.30e-03	5.69e-02	2.28e-01	6.81e-01	3.04e-02	2.72e-04	1.06e-14	6.07e-20	6.62e-20
 7.48261e+22	1.34e-14	2.36e-09	1.51e-05	3.79e-03	6.22e-02	2.40e-01	6.67e-01	2.75e-02	2.28e-04	1.34e-14	7.52e-20	8.20e-20
 7.65985e+22	1.59e-14	2.81e-09	1.75e-05	4.20e-03	6.64e-02	2.49e-01	6.55e-01	2.55e-02	2.00e-04	1.59e-14	8.86e-20	9.68e-20
 7.80615e+22	1.83e-14	3.23e-09	1.97e-05	4.57e-03	7.00e-02	2.56e-01	6.45e-01	2.40e-02	1.80e-04	1.83e-14	1.01e-19	1.10e-19
 7.97389e+22	2.15e-14	3.80e-09	2.26e-05	5.01e-03	7.42e-02	2.64e-01	6.34e-01	2.24e-02	1.60e-04	2.15e-14	1.17e-19	1.28e-19
 8.19194e+22	2.64e-14	4.64e-09	2.67e-05	5.63e-03	7.99e-02	2.74e-01	6.19e-01	2.05e-02	1.38e-04	2.64e-14	1.41e-19	1.55e-19
 8.43037e+22	3.32e-14	5.81e-09	3.23e-05	6.40e-03	8.66e-02	2.86e-01	6.02e-01	1.86e-02	1.17e-04	3.32e-14	1.75e-19	1.92e-19
 8.64250e+22	4.07e-14	7.09e-09	3.81e-05	7.15e-03	9.30e-02	2.96e-01	5.87e-01	1.70e-02	1.01e-04	4.07e-14	2.11e-19	2.32e-19
 8.83548e+22	4.89e-14	8.47e-09	4.41e-05	7.90e-03	9.90e-02	3.05e-01	5.72e-01	1.57e-02	8.89e-05	4.89e-14	2.50e-19	2.75e-19
 9.05635e+22	6.00e-14	1.03e-08	5.19e-05	8.81e-03	1.06e-01	3.15e-01	5.56e-01	1.44e-02	7.73e-05	6.00e-14	3.01e-19	3.32e-19
 9.34347e+22	7.78e-14	1.32e-08	6.40e-05	1.01e-02	1.15e-01	3.26e-01	5.35e-01	1.29e-02	6.45e-05	7.78e-14	3.83e-19	4.21e-19
 9.63789e+22	1.03e-13	1.72e-08	7.95e-05	1.17e-02	1.26e-01	3.39e-01	5.12e-01	1.14e-02	5.33e-05	1.03e-13	4.96e-19	5.47e-19
 9.87262e+22	1.28e-13	2.12e-08	9.46e-05	1.31e-02	1.35e-01	3.48e-01	4.93e-01	1.04e-02	4.59e-05	1.28e-13	6.10e-19	6.73e-19
 1.01086e+23	1.58e-13	2.58e-08	1.11e-04	1.45e-02	1.44e-01	3.55e-01	4.76e-01	9.50e-03	4.00e-05	1.58e-13	7.40e-19	8.17e-19
 1.04153e+23	2.08e-13	3.34e-08	1.38e-04	1.67e-02	1.57e-01	3.65e-01	4.52e-01	8.41e-03	3.32e-05	2.08e-13	9.48e-19	1.05e-18
 1.07364e+23	2.81e-13	4.42e-08	1.74e-04	1.93e-02	1.71e-01	3.75e-01	4.27e-01	7.36e-03	2.72e-05	2.81e-13	1.25e-18	1.39e-18
 1.10000e+23	3.57e-13	5.50e-08	2.09e-04	2.17e-02	1.83e-01	3.82e-01	4.06e-01	6.64e-03	2.33e-05	3.57e-13	1.57e-18	1.74e-18
 1.12666e+23	4.53e-13	6.90e-08	2.52e-04	2.45e-02	1.96e-01	3.88e-01	3.85e-01	5.94e-03	1.98e-05	4.53e-13	1.95e-18	2.17e-18
 1.16133e+23	6.14e-13	9.12e-08	3.19e-04	2.83e-02	2.13e-01	3.93e-01	3.60e-01	5.18e-03	1.62e-05	6.14e-13	2.58e-18	2.86e-18
 1.19721e+23	8.53e-13	1.23e-07	4.10e-04	3.31e-02	2.32e-01	3.98e-01	3.32e-01	4.45e-03	1.31e-05	8.53e-13	3.50e-18	3.89e-18
 1.22603e+23	1.11e-12	1.58e-07	5.05e-04	3.75e-02	2.48e-01	3.99e-01	3.11e-01	3.94e-03	1.11e-05	1.11e-12	4.50e-18	5.00e-18
 1.24931e+23	1.39e-12	1.94e-07	5.99e-04	4.16e-02	2.61e-01	4.00e-01	2.93e-01	3.55e-03	9.56e-06	1.39e-12	5.52e-18	6.15e-18
 1.27405e+23	1.73e-12	2.37e-07	7.13e-04	4.60e-02	2.75e-01	4.00e-01	2.76e-01	3.20e-03	8.27e-06	1.73e-12	6.75e-18	7.51e-18
 1.30622e+23	2.31e-12	3.09e-07	8.94e-04	5.26e-02	2.93e-01	3.97e-01	2.54e-01	2.79e-03	6.87e-06	2.31e-12	8.79e-18	9.79e-18
 1.33869e+23	3.13e-12	4.10e-07	1.14e-03	6.05e-02	3.12e-01	3.92e-01	2.32e-01	2.41e-03	5.65e-06	3.13e-12	1.17e-17	1.30e-17
 1.36339e+23	4.01e-12	5.15e-07	1.39e-03	6.75e-02	3.27e-01	3.87e-01	2.15e-01	2.13e-03	4.82e-06	4.01e-12	1.48e-17	1.65e-17
 1.38278e+23	4.85e-12	6.15e-07	1.62e-03	7.36e-02	3.38e-01	3.83e-01	2.02e-01	1.94e-03	4.27e-06	4.85e-12	1.77e-17	1.97e-17
 1.40341e+23	5.86e-12	7.34e-07	1.89e-03	8.01e-02	3.50e-01	3.77e-01	1.90e-01	1.77e-03	3.79e-06	5.86e-12	2.10e-17	2.34e-17
 1.43024e+23	7.56e-12	9.31e-07	2.33e-03	8.97e-02	3.64e-01	3.68e-01	1.74e-01	1.56e-03	3.23e-06	7.56e-12	2.65e-17	2.97e-17
 1.45846e+23	1.01e-11	1.22e-06	2.95e-03	1.02e-01	3.79e-01	3.57e-01	1.58e-01	1.35e-03	2.69e-06	1.01e-11	3.48e-17	3.89e-17
 1.48127e+23	1.28e-11	1.53e-06	3.61e-03	1.13e-01	3.91e-01	3.46e-01	1.45e-01	1.20e-03	2.33e-06	1.28e-11	4.37e-17	4.89e-17
 1.49973e+23	1.58e-11	1.85e-06	4.29e-03	1.23e-01	4.01e-01	3.36e-01	1.34e-01	1.08e-03	2.05e-06	1.58e-11	5.31e-17	5.94e-17
 1.51976e+23	1.95e-11	2.27e-06	5.14e-03	1.35e-01	4.09e-01	3.26e-01	1.24e-01	9.71e-04	1.79e-06	1.95e-11	6.47e-17	7.24e-17
 1.54581e+23	2.59e-11	2.96e-06	6.56e-03	1.52e-01	4.19e-01	3.10e-01	1.11e-01	8.40e-04	1.50e-06	2.59e-11	8.41e-17	9.43e-17
 1.57119e+23	3.56e-11	4.01e-06	8.62e-03	1.73e-01	4.27e-01	2.92e-01	9.82e-02	7.14e-04	1.24e-06	3.56e-11	1.14e-16	1.28e-16
 1.58864e+23	4.51e-11	5.02e-06	1.06e-02	1.90e-01	4.31e-01	2.78e-01	8.93e-02	6.33e-04	1.07e-06	4.51e-11	1.43e-16	1.61e-16
 1.60023e+23	5.33e-11	5.88e-06	1.23e-02	2.03e-01	4.33e-01	2.68e-01	8.34e-02	5.80e-04	9.69e-07	5.33e-11	1.68e-16	1.89e-16
 1.61130e+23	6.18e-11	6.78e-06	1.40e-02	2.15e-01	4.33e-01	2.59e-01	7.84e-02	5.37e-04	8.85e-07	6.18e-11	1.93e-16	2.17e-16
 1.62570e+23	7.49e-11	8.16e-06	1.66e-02	2.32e-01	4.33e-01	2.47e-01	7.20e-02	4.85e-04	7.87e-07	7.49e-11	2.32e-16	2.60e-16
 1.64072e+23	9.40e-11	1.01e-05	2.04e-02	2.52e-01	4.30e-01	2.32e-01	6.52e-02	4.29e-04	6.84e-07	9.40e-11	2.88e-16	3.23e-16
 1.65247e+23	1.14e-10	1.22e-05	2.42e-02	2.70e-01	4.26e-01	2.20e-01	5.97e-02	3.87e-04	6.09e-07	1.14e-10	3.46e-16	3.89e-16
 1.66139e+23	1.33e-10	1.41e-05	2.78e-02	2.85e-01	4.22e-01	2.09e-01	5.56e-02	3.55e-04	5.52e-07	1.33e-10	4.02e-16	4.52e-16
 1.67075e+23	1.55e-10	1.64e-05	3.19e-02	3.01e-01	4.16e-01	1.99e-01	5.16e-02	3.26e-04	5.01e-07	1.55e-10	4.64e-16	5.22e-16
 1.68291e+23	1.90e-10	1.99e-05	3.85e-02	3.23e-01	4.07e-01	1.85e-01	4.65e-02	2.89e-04	4.39e-07	1.90e-10	5.64e-16	6.35e-16
 1.69480e+23	2.39e-10	2.49e-05	4.75e-02	3.47e-01	3.94e-01	1.70e-01	4.13e-02	2.52e-04	3.77e-07	2.39e-10	7.04e-16	7.93e-16
 1.70296e+23	2.84e-10	2.95e-05	5.56e-02	3.66e-01	3.82e-01	1.58e-01	3.75e-02	2.26e-04	3.35e-07	2.84e-10	8.34e-16	9.40e-16
 1.70883e+23	3.21e-10	3.32e-05	6.23e-02	3.80e-01	3.73e-01	1.50e-01	3.50e-02	2.09e-04	3.07e-07	3.21e-10	9.40e-16	1.06e-15
 1.71504e+23	3.65e-10	3.76e-05	7.01e-02	3.94e-01	3.62e-01	1.41e-01	3.24e-02	1.91e-04	2.79e-07	3.65e-10	1.06e-15	1.20e-15
 1.72313e+23	4.33e-10	4.43e-05	8.20e-02	4.12e-01	3.47e-01	1.30e-01	2.91e-02	1.70e-04	2.46e-07	4.33e-10	1.25e-15	1.41e-15
 1.73148e+23	5.24e-10	5.34e-05	9.80e-02	4.32e-01	3.28e-01	1.17e-01	2.56e-02	1.48e-04	2.12e-07	5.24e-10	1.51e-15	1.70e-15
 1.73791e+23	6.16e-10	6.24e-05	1.14e-01	4.47e-01	3.10e-01	1.07e-01	2.28e-02	1.30e-04	1.86e-07	6.16e-10	1.77e-15	2.00e-15
 1.74280e+23	6.97e-10	7.04e-05	1.27e-01	4.58e-01	2.95e-01	9.87e-02	2.08e-02	1.18e-04	1.66e-07	6.97e-10	1.99e-15	2.25e-15
 1.74796e+23	7.88e-10	7.93e-05	1.43e-01	4.68e-01	2.80e-01	9.06e-02	1.88e-02	1.06e-04	1.49e-07	7.88e-10	2.24e-15	2.54e-15
 1.75465e+23	9.28e-10	9.30e-05	1.66e-01	4.79e-01	2.58e-01	8.03e-02	1.63e-02	9.09e-05	1.27e-07	9.28e-10	2.63e-15	2.97e-15
 1.76134e+23	1.11e-09	1.11e-04	1.96e-01	4.88e-01	2.33e-01	6.94e-02	1.38e-02	7.60e-05	0.00e+00	1.11e-09	3.13e-15	3.55e-15
 1.76617e+23	1.28e-09	1.27e-04	2.22e-01	4.91e-01	2.13e-01	6.14e-02	1.20e-02	6.55e-05	0.00e+00	1.28e-09	3.59e-15	4.07e-15
 1.76977e+23	1.41e-09	1.40e-04	2.44e-01	4.92e-01	1.98e-01	5.57e-02	1.07e-02	5.82e-05	0.00e+00	1.41e-09	3.96e-15	4.49e-15
 1.77360e+23	1.56e-09	1.54e-04	2.67e-01	4.91e-01	1.82e-01	5.02e-02	9.52e-03	5.15e-05	0.00e+00	1.56e-09	4.35e-15	4.94e-15
 1.77859e+23	1.77e-09	1.74e-04	2.99e-01	4.86e-01	1.63e-01	4.34e-02	8.08e-03	4.34e-05	0.00e+00	1.77e-09	4.92e-15	5.58e-15
 1.78380e+23	2.04e-09	1.99e-04	3.39e-01	4.76e-01	1.41e-01	3.65e-02	6.64e-03	3.53e-05	0.00e+00	2.04e-09	5.64e-15	6.40e-15
 1.78794e+23	2.28e-09	2.21e-04	3.75e-01	4.64e-01	1.24e-01	3.12e-02	5.57e-03	2.94e-05	0.00e+00	2.28e-09	6.30e-15	7.16e-15
 1.79125e+23	2.49e-09	2.40e-04	4.04e-01	4.52e-01	1.11e-01	2.75e-02	4.82e-03	2.53e-05	0.00e+00	2.49e-09	6.84e-15	7.78e-15
 1.79484e+23	2.71e-09	2.61e-04	4.36e-01	4.38e-01	9.81e-02	2.39e-02	4.12e-03	2.15e-05	0.00e+00	2.71e-09	7.44e-15	8.47e-15
 1.79951e+23	3.01e-09	2.88e-04	4.77e-01	4.17e-01	8.32e-02	1.99e-02	3.34e-03	1.73e-05	0.00e+00	3.01e-09	8.22e-15	9.37e-15
 1.80435e+23	3.36e-09	3.18e-04	5.22e-01	3.90e-01	6.87e-02	1.62e-02	2.63e-03	1.35e-05	0.00e+00	3.36e-09	9.12e-15	1.04e-14
 1.80824e+23	3.66e-09	3.44e-04	5.59e-01	3.67e-01	5.83e-02	1.37e-02	2.15e-03	1.09e-05	0.00e+00	3.66e-09	9.90e-15	1.13e-14
 1.81155e+23	3.91e-09	3.65e-04	5.88e-01	3.47e-01	5.08e-02	1.19e-02	1.82e-03	9.17e-06	0.00e+00	3.91e-09	1.06e-14	1.21e-14
 1.81529e+23	4.18e-09	3.88e-04	6.19e-01	3.25e-01	4.38e-02	1.02e-02	1.52e-03	7.57e-06	0.00e+00	4.18e-09	1.12e-14	1.29e-14
 1.82016e+23	4.54e-09	4.16e-04	6.56e-01	2.98e-01	3.63e-02	8.48e-03	1.20e-03	5.93e-06	0.00e+00	4.54e-09	1.21e-14	1.39e-14
 1.82517e+23	4.92e-09	4.46e-04	6.92e-01	2.69e-01	2.99e-02	7.00e-03	9.48e-04	4.60e-06	0.00e+00	4.92e-09	1.31e-14	1.51e-14
 1.82924e+23	5.24e-09	4.69e-04	7.19e-01	2.48e-01	2.58e-02	6.05e-03	7.88e-04	3.77e-06	0.00e+00	5.24e-09	1.39e-14	1.60e-14
 1.83337e+23	5.53e-09	4.89e-04	7.41e-01	2.29e-01	2.26e-02	5.30e-03	6.65e-04	3.14e-06	0.00e+00	5.53e-09	1.46e-14	1.68e-14
 1.83873e+23	5.89e-09	5.14e-04	7.67e-01	2.08e-01	1.94e-02	4.53e-03	5.42e-04	2.52e-06	0.00e+00	5.89e-09	1.55e-14	1.78e-14
 1.84461e+23	6.30e-09	5.39e-04	7.92e-01	1.87e-01	1.67e-02	3.86e-03	4.41e-04	2.00e-06	0.00e+00	6.30e-09	1.64e-14	1.90e-14
 1.85007e+23	6.66e-09	5.61e-04	8.11e-01	1.70e-01	1.49e-02	3.38e-03	3.71e-04	1.65e-06	0.00e+00	6.66e-09	1.73e-14	2.00e-14
 1.85600e+23	7.02e-09	5.82e-04	8.28e-01	1.55e-01	1.34e-02	2.97e-03	3.15e-04	1.38e-06	0.00e+00	7.02e-09	1.82e-14	2.10e-14
 1.86345e+23	7.45e-09	6.06e-04	8.45e-01	1.40e-01	1.20e-02	2.58e-03	2.63e-04	1.12e-06	0.00e+00	7.45e-09	1.91e-14	2.22e-14
 1.87202e+23	7.93e-09	6.31e-04	8.61e-01	1.25e-01	1.08e-02	2.23e-03	2.19e-04	9.13e-07	0.00e+00	7.93e-09	2.02e-14	2.35e-14
 1.88090e+23	8.41e-09	6.54e-04	8.75e-01	1.13e-01	9.89e-03	1.95e-03	1.86e-04	7.57e-07	0.00e+00	8.41e-09	2.13e-14	2.47e-14
 1.89002e+23	8.86e-09	6.75e-04	8.86e-01	1.02e-01	9.20e-03	1.73e-03	1.62e-04	6.41e-07	0.00e+00	8.86e-09	2.23e-14	2.59e-14
 1.90002e+23	9.34e-09	6.96e-04	8.96e-01	9.31e-02	8.62e-03	1.54e-03	1.41e-04	5.46e-07	0.00e+00	9.34e-09	2.33e-14	2.71e-14
 1.91145e+23	9.85e-09	7.18e-04	9.05e-01	8.46e-02	8.10e-03	1.37e-03	1.24e-04	4.66e-07	0.00e+00	9.85e-09	2.43e-14	2.84e-14
 1.92436e+23	1.04e-08	7.41e-04	9.14e-01	7.68e-02	7.63e-03	1.21e-03	1.09e-04	3.98e-07	0.00e+00	1.04e-08	2.54e-14	2.97e-14
 1.93871e+23	1.10e-08	7.64e-04	9.21e-01	6.97e-02	7.23e-03	1.07e-03	9.65e-05	3.42e-07	0.00e+00	1.10e-08	2.65e-14	3.10e-14
 1.95470e+23	1.16e-08	7.86e-04	9.28e-01	6.34e-02	6.86e-03	9.51e-04	8.58e-05	2.95e-07	0.00e+00	1.16e-08	2.74e-14	3.21e-14
 1.97291e+23	1.22e-08	8.10e-04	9.34e-01	5.77e-02	6.51e-03	8.41e-04	7.64e-05	2.54e-07	0.00e+00	1.22e-08	2.83e-14	3.31e-14
 1.99394e+23	1.29e-08	8.35e-04	9.40e-01	5.23e-02	6.18e-03	7.41e-04	6.79e-05	2.18e-07	0.00e+00	1.29e-08	2.92e-14	3.43e-14
 2.01818e+23	1.37e-08	8.60e-04	9.45e-01	4.74e-02	5.87e-03	6.51e-04	6.04e-05	1.87e-07	0.00e+00	1.37e-08	3.01e-14	3.54e-14
 2.04620e+23	1.45e-08	8.87e-04	9.50e-01	4.30e-02	5.56e-03	5.69e-04	5.35e-05	1.60e-07	0.00e+00	1.45e-08	3.10e-14	3.66e-14
 2.07893e+23	1.55e-08	9.16e-04	9.54e-01	3.88e-02	5.25e-03	4.94e-04	4.73e-05	1.35e-07	0.00e+00	1.55e-08	3.20e-14	3.78e-14
 2.11756e+23	1.65e-08	9.45e-04	9.59e-01	3.50e-02	4.94e-03	4.26e-04	4.16e-05	0.00e+00	0.00e+00	1.65e-08	3.29e-14	3.89e-14
 2.16425e+23	1.77e-08	9.76e-04	9.63e-01	3.15e-02	4.62e-03	3.64e-04	3.62e-05	0.00e+00	0.00e+00	1.77e-08	3.38e-14	4.00e-14
 2.22199e+23	1.90e-08	1.01e-03	9.66e-01	2.81e-02	4.30e-03	3.07e-04	3.12e-05	0.00e+00	0.00e+00	1.90e-08	3.45e-14	4.09e-14
 2.29405e+23	2.06e-08	1.05e-03	9.70e-01	2.49e-02	3.97e-03	2.55e-04	2.65e-05	0.00e+00	0.00e+00	2.06e-08	3.51e-14	4.17e-14
 2.37013e+23	2.25e-08	1.09e-03	9.73e-01	2.22e-02	3.65e-03	2.12e-04	2.25e-05	0.00e+00	0.00e+00	2.25e-08	3.64e-14	4.33e-14
 2.43860e+23	2.41e-08	1.12e-03	9.75e-01	2.03e-02	3.42e-03	1.83e-04	1.97e-05	0.00e+00	0.00e+00	2.41e-08	3.72e-14	4.43e-14
 2.50022e+23	2.55e-08	1.15e-03	9.77e-01	1.89e-02	3.24e-03	1.62e-04	1.77e-05	0.00e+00	0.00e+00	2.55e-08	3.79e-14	4.51e-14
 2.55568e+23	2.69e-08	1.17e-03	9.78e-01	1.78e-02	3.08e-03	1.46e-04	1.61e-05	0.00e+00	0.00e+00	2.69e-08	3.85e-14	4.57e-14
 2.60559e+23	2.80e-08	1.19e-03	9.79e-01	1.69e-02	2.96e-03	1.34e-04	1.49e-05	0.00e+00	0.00e+00	2.80e-08	3.87e-14	4.60e-14
 2.65052e+23	2.90e-08	1.21e-03	9.80e-01	1.62e-02	2.87e-03	1.24e-04	1.40e-05	0.00e+00	0.00e+00	2.90e-08	3.90e-14	4.62e-14
 2.69095e+23	2.99e-08	1.22e-03	9.80e-01	1.56e-02	2.78e-03	1.17e-04	1.32e-05	0.00e+00	0.00e+00	2.99e-08	3.91e-14	4.63e-14
 2.72733e+23	3.06e-08	1.23e-03	9.81e-01	1.52e-02	2.72e-03	1.11e-04	1.26e-05	0.00e+00	0.00e+00	3.06e-08	3.91e-14	4.63e-14
 2.76008e+23	3.12e-08	1.24e-03	9.81e-01	1.48e-02	2.66e-03	1.06e-04	1.21e-05	0.00e+00	0.00e+00	3.12e-08	3.91e-14	4.63e-14
 2.79087e+23	3.17e-08	1.24e-03	9.82e-01	1.44e-02	2.61e-03	1.02e-04	1.17e-05	0.00e+00	0.00e+00	3.17e-08	3.90e-14	4.61e-14
 2.82142e+23	3.23e-08	1.25e-03	9.82e-01	1.41e-02	2.57e-03	9.79e-05	1.13e-05	0.00e+00	0.00e+00	3.23e-08	3.89e-14	4.60e-14
 2.85196e+23	3.28e-08	1.26e-03	9.82e-01	1.38e-02	2.52e-03	9.44e-05	1.10e-05	0.00e+00	0.00e+00	3.28e-08	3.87e-14	4.58e-14
 2.88251e+23	3.33e-08	1.26e-03	9.83e-01	1.35e-02	2.48e-03	9.11e-05	1.06e-05	0.00e+00	0.00e+00	3.33e-08	3.85e-14	4.56e-14
 2.91306e+23	3.38e-08	1.27e-03	9.83e-01	1.33e-02	2.44e-03	8.80e-05	1.03e-05	0.00e+00	0.00e+00	3.38e-08	3.83e-14	4.53e-14
 2.94361e+23	3.42e-08	1.27e-03	9.83e-01	1.30e-02	2.41e-03	8.52e-05	1.00e-05	0.00e+00	0.00e+00	3.42e-08	3.80e-14	4.50e-14
 2.97416e+23	3.46e-08	1.28e-03	9.83e-01	1.28e-02	2.38e-03	8.27e-05	9.78e-06	0.00e+00	0.00e+00	3.46e-08	3.77e-14	4.46e-14
 3.00471e+23	3.50e-08	1.28e-03	9.84e-01	1.26e-02	2.34e-03	8.02e-05	9.53e-06	0.00e+00	0.00e+00	3.50e-08	3.74e-14	4.43e-14
 3.03525e+23	3.55e-08	1.29e-03	9.84e-01	1.24e-02	2.31e-03	7.79e-05	9.30e-06	0.00e+00	0.00e+00	3.55e-08	3.71e-14	4.40e-14
 3.05267e+23	3.61e-08	1.29e-03	9.84e-01	1.22e-02	2.29e-03	7.61e-05	9.11e-06	0.00e+00	0.00e+00	3.61e-08	3.77e-14	4.46e-14
