#depth	S	S+	S+2	S+3	S+4	S+5	S+6	S+7	S+8	S+9	S+10	S+11	S+12	S+13	S+14	S+15	S+16
 6.17135e+19	0.00e+00	0.00e+00	2.47e-32	5.37e-28	5.78e-24	2.28e-20	2.15e-16	3.50e-13	1.86e-10	3.18e-08	2.75e-06	9.24e-05	1.42e-03	1.71e-02	3.76e-01	4.45e-01	1.61e-01
 1.87609e+20	0.00e+00	0.00e+00	8.06e-32	1.56e-27	1.50e-23	5.26e-20	4.74e-16	7.23e-13	3.57e-10	5.59e-08	4.44e-06	1.36e-04	1.89e-03	2.03e-02	4.04e-01	4.33e-01	1.41e-01
 3.09890e+20	0.00e+00	0.00e+00	2.43e-31	4.22e-27	3.63e-23	1.14e-19	9.90e-16	1.42e-12	6.55e-10	9.45e-08	6.93e-06	1.94e-04	2.44e-03	2.38e-02	4.30e-01	4.19e-01	1.25e-01
 4.23532e+20	0.00e+00	0.00e+00	6.52e-31	1.03e-26	8.01e-23	2.28e-19	1.91e-15	2.60e-12	1.13e-09	1.51e-07	1.03e-05	2.67e-04	3.07e-03	2.74e-02	4.53e-01	4.06e-01	1.11e-01
 4.98912e+20	0.00e+00	0.00e+00	1.23e-30	1.83e-26	1.33e-22	3.57e-19	2.93e-15	3.85e-12	1.60e-09	2.05e-07	1.33e-05	3.27e-04	3.56e-03	2.99e-02	4.68e-01	3.96e-01	1.02e-01
 5.30876e+20	0.00e+00	0.00e+00	1.62e-30	2.33e-26	1.66e-22	4.31e-19	3.51e-15	4.55e-12	1.86e-09	2.33e-07	1.49e-05	3.57e-04	3.79e-03	3.10e-02	4.74e-01	3.92e-01	9.90e-02
 5.58772e+20	0.00e+00	0.00e+00	2.04e-30	2.87e-26	1.99e-22	5.05e-19	4.09e-15	5.24e-12	2.11e-09	2.60e-07	1.63e-05	3.84e-04	4.00e-03	3.20e-02	4.79e-01	3.88e-01	9.62e-02
 5.95037e+20	0.00e+00	0.00e+00	2.72e-30	3.72e-26	2.51e-22	6.19e-19	4.96e-15	6.25e-12	2.48e-09	2.98e-07	1.83e-05	4.21e-04	4.27e-03	3.32e-02	4.85e-01	3.84e-01	9.27e-02
 6.42182e+20	0.00e+00	0.00e+00	3.98e-30	5.24e-26	3.40e-22	8.07e-19	6.39e-15	7.89e-12	3.05e-09	3.57e-07	2.13e-05	4.75e-04	4.65e-03	3.49e-02	4.94e-01	3.78e-01	8.83e-02
 6.93472e+20	0.00e+00	0.00e+00	5.99e-30	7.56e-26	4.70e-22	1.07e-18	8.39e-15	1.01e-11	3.82e-09	4.33e-07	2.51e-05	5.41e-04	5.10e-03	3.69e-02	5.03e-01	3.71e-01	8.37e-02
 7.39308e+20	0.00e+00	0.00e+00	8.59e-30	1.05e-25	6.27e-22	1.37e-18	1.07e-14	1.27e-11	4.66e-09	5.13e-07	2.89e-05	6.06e-04	5.54e-03	3.87e-02	5.10e-01	3.65e-01	7.98e-02
 7.81574e+20	0.00e+00	0.00e+00	1.19e-29	1.41e-25	8.14e-22	1.73e-18	1.33e-14	1.55e-11	5.59e-09	6.00e-07	3.30e-05	6.73e-04	5.96e-03	4.04e-02	5.17e-01	3.59e-01	7.63e-02
 8.30041e+20	0.00e+00	0.00e+00	1.73e-29	1.96e-25	1.09e-21	2.23e-18	1.70e-14	1.95e-11	6.86e-09	7.16e-07	3.83e-05	7.57e-04	6.48e-03	4.23e-02	5.25e-01	3.53e-01	7.25e-02
 8.84272e+20	0.00e+00	0.00e+00	2.61e-29	2.84e-25	1.52e-21	2.96e-18	2.24e-14	2.51e-11	8.60e-09	8.70e-07	4.51e-05	8.62e-04	7.11e-03	4.46e-02	5.33e-01	3.46e-01	6.85e-02
 9.30862e+20	0.00e+00	0.00e+00	3.71e-29	3.88e-25	2.00e-21	3.77e-18	2.83e-14	3.11e-11	1.04e-08	1.03e-06	5.18e-05	9.62e-04	7.68e-03	4.66e-02	5.40e-01	3.39e-01	6.52e-02
 9.68174e+20	0.00e+00	0.00e+00	4.89e-29	4.97e-25	2.49e-21	4.55e-18	3.39e-14	3.68e-11	1.22e-08	1.17e-06	5.78e-05	1.05e-03	8.17e-03	4.83e-02	5.46e-01	3.34e-01	6.27e-02
 1.00856e+21	0.00e+00	0.00e+00	6.59e-29	6.50e-25	3.15e-21	5.58e-18	4.14e-14	4.43e-11	1.43e-08	1.35e-06	6.52e-05	1.15e-03	8.73e-03	5.01e-02	5.51e-01	3.29e-01	6.00e-02
 1.06105e+21	0.00e+00	0.00e+00	9.65e-29	9.15e-25	4.26e-21	7.25e-18	5.34e-14	5.60e-11	1.77e-08	1.62e-06	7.58e-05	1.30e-03	9.50e-03	5.25e-02	5.58e-01	3.22e-01	5.68e-02
 1.11524e+21	0.00e+00	0.00e+00	1.43e-28	1.30e-24	5.80e-21	9.46e-18	6.93e-14	7.13e-11	2.20e-08	1.95e-06	8.86e-05	1.47e-03	1.04e-02	5.51e-02	5.65e-01	3.14e-01	5.36e-02
 1.15960e+21	0.00e+00	0.00e+00	1.96e-28	1.72e-24	7.44e-21	1.17e-17	8.55e-14	8.66e-11	2.62e-08	2.26e-06	1.00e-04	1.62e-03	1.11e-02	5.73e-02	5.71e-01	3.08e-01	5.11e-02
 1.20522e+21	0.00e+00	0.00e+00	2.70e-28	2.30e-24	9.58e-21	1.46e-17	1.06e-13	1.06e-10	3.13e-08	2.64e-06	1.14e-04	1.80e-03	1.19e-02	5.95e-02	5.76e-01	3.02e-01	4.86e-02
 1.26453e+21	0.00e+00	0.00e+00	4.09e-28	3.33e-24	1.33e-20	1.93e-17	1.39e-13	1.36e-10	3.94e-08	3.21e-06	1.35e-04	2.04e-03	1.30e-02	6.25e-02	5.82e-01	2.94e-01	4.56e-02
 1.32110e+21	0.00e+00	0.00e+00	6.06e-28	4.72e-24	1.80e-20	2.51e-17	1.81e-13	1.74e-10	4.90e-08	3.86e-06	1.57e-04	2.31e-03	1.42e-02	6.55e-02	5.88e-01	2.87e-01	4.29e-02
 1.36118e+21	0.00e+00	7.32e-33	8.00e-28	6.04e-24	2.24e-20	3.02e-17	2.17e-13	2.06e-10	5.72e-08	4.41e-06	1.76e-04	2.52e-03	1.51e-02	6.77e-02	5.92e-01	2.81e-01	4.10e-02
 1.40035e+21	0.00e+00	9.82e-33	1.04e-27	7.66e-24	2.76e-20	3.61e-17	2.59e-13	2.43e-10	6.62e-08	5.00e-06	1.95e-04	2.74e-03	1.60e-02	6.98e-02	5.96e-01	2.76e-01	3.93e-02
 1.45127e+21	0.00e+00	1.44e-32	1.47e-27	1.04e-23	3.60e-20	4.54e-17	3.26e-13	3.00e-10	8.02e-08	5.88e-06	2.23e-04	3.04e-03	1.72e-02	7.26e-02	6.00e-01	2.69e-01	3.72e-02
 1.50552e+21	0.00e+00	2.15e-32	2.11e-27	1.44e-23	4.78e-20	5.78e-17	4.14e-13	3.76e-10	9.81e-08	6.99e-06	2.58e-04	3.41e-03	1.86e-02	7.56e-02	6.05e-01	2.62e-01	3.50e-02
 1.55228e+21	0.00e+00	3.04e-32	2.88e-27	1.89e-23	6.08e-20	7.11e-17	5.09e-13	4.56e-10	1.17e-07	8.11e-06	2.92e-04	3.75e-03	1.99e-02	7.83e-02	6.08e-01	2.56e-01	3.32e-02
 1.60125e+21	0.00e+00	4.34e-32	3.98e-27	2.52e-23	7.81e-20	8.79e-17	6.30e-13	5.57e-10	1.40e-07	9.45e-06	3.32e-04	4.15e-03	2.13e-02	8.12e-02	6.12e-01	2.50e-01	3.14e-02
 1.65576e+21	0.00e+00	6.45e-32	5.68e-27	3.46e-23	1.03e-19	1.11e-16	7.98e-13	6.94e-10	1.70e-07	1.12e-05	3.82e-04	4.63e-03	2.30e-02	8.44e-02	6.15e-01	2.43e-01	2.95e-02
 1.70605e+21	0.00e+00	9.27e-32	7.87e-27	4.62e-23	1.32e-19	1.38e-16	9.89e-13	8.49e-10	2.04e-07	1.31e-05	4.34e-04	5.12e-03	2.47e-02	8.75e-02	6.18e-01	2.37e-01	2.79e-02
 1.75038e+21	0.00e+00	1.27e-31	1.05e-26	5.95e-23	1.65e-19	1.66e-16	1.19e-12	1.01e-09	2.40e-07	1.50e-05	4.86e-04	5.60e-03	2.62e-02	9.02e-02	6.20e-01	2.31e-01	2.65e-02
 1.79842e+21	0.00e+00	1.79e-31	1.42e-26	7.80e-23	2.09e-19	2.02e-16	1.46e-12	1.23e-09	2.84e-07	1.73e-05	5.49e-04	6.15e-03	2.80e-02	9.33e-02	6.22e-01	2.25e-01	2.51e-02
 1.85227e+21	0.00e+00	2.62e-31	2.00e-26	1.06e-22	2.71e-19	2.52e-16	1.83e-12	1.51e-09	3.44e-07	2.04e-05	6.28e-04	6.84e-03	3.01e-02	9.67e-02	6.24e-01	2.18e-01	2.35e-02
 1.90140e+21	0.00e+00	3.70e-31	2.73e-26	1.39e-22	3.44e-19	3.08e-16	2.25e-12	1.84e-09	4.09e-07	2.36e-05	7.10e-04	7.52e-03	3.21e-02	9.99e-02	6.25e-01	2.12e-01	2.22e-02
 1.94502e+21	0.00e+00	5.02e-31	3.59e-26	1.77e-22	4.24e-19	3.68e-16	2.69e-12	2.17e-09	4.77e-07	2.68e-05	7.90e-04	8.18e-03	3.40e-02	1.03e-01	6.26e-01	2.07e-01	2.11e-02
 1.99375e+21	0.00e+00	7.03e-31	4.85e-26	2.31e-22	5.34e-19	4.46e-16	3.28e-12	2.62e-09	5.65e-07	3.10e-05	8.90e-04	8.97e-03	3.62e-02	1.06e-01	6.27e-01	2.01e-01	1.99e-02
 2.04850e+21	0.00e+00	1.03e-30	6.81e-26	3.11e-22	6.90e-19	5.54e-16	4.09e-12	3.23e-09	6.82e-07	3.63e-05	1.02e-03	9.95e-03	3.88e-02	1.10e-01	6.27e-01	1.95e-01	1.86e-02
 2.09978e+21	0.00e+00	1.46e-30	9.32e-26	4.10e-22	8.77e-19	6.76e-16	5.02e-12	3.93e-09	8.13e-07	4.21e-05	1.15e-03	1.10e-02	4.14e-02	1.13e-01	6.27e-01	1.89e-01	1.75e-02
 2.14665e+21	0.00e+00	2.00e-30	1.24e-25	5.28e-22	1.09e-18	8.10e-16	6.05e-12	4.68e-09	9.53e-07	4.82e-05	1.28e-03	1.19e-02	4.39e-02	1.16e-01	6.27e-01	1.83e-01	1.65e-02
 2.19910e+21	0.00e+00	2.86e-30	1.70e-25	6.97e-22	1.38e-18	9.90e-16	7.43e-12	5.70e-09	1.14e-06	5.60e-05	1.45e-03	1.32e-02	4.69e-02	1.20e-01	6.26e-01	1.77e-01	1.55e-02
 2.25697e+21	0.00e+00	4.21e-30	2.41e-25	9.46e-22	1.80e-18	1.23e-15	9.31e-12	7.06e-09	1.38e-06	6.59e-05	1.66e-03	1.46e-02	5.03e-02	1.24e-01	6.25e-01	1.71e-01	1.44e-02
 2.30964e+21	0.00e+00	5.99e-30	3.30e-25	1.25e-21	2.28e-18	1.50e-15	1.14e-11	8.56e-09	1.64e-06	7.63e-05	1.88e-03	1.61e-02	5.36e-02	1.27e-01	6.23e-01	1.65e-01	1.35e-02
 2.35795e+21	0.00e+00	8.24e-30	4.39e-25	1.60e-21	2.83e-18	1.79e-15	1.37e-11	1.02e-08	1.92e-06	8.72e-05	2.09e-03	1.75e-02	5.67e-02	1.31e-01	6.21e-01	1.59e-01	1.27e-02
 2.41284e+21	0.00e+00	1.18e-29	6.05e-25	2.12e-21	3.60e-18	2.19e-15	1.68e-11	1.24e-08	2.30e-06	1.01e-04	2.37e-03	1.92e-02	6.05e-02	1.34e-01	6.18e-01	1.54e-01	1.18e-02
 2.47395e+21	0.00e+00	1.76e-29	8.63e-25	2.90e-21	4.70e-18	2.73e-15	2.11e-11	1.54e-08	2.79e-06	1.19e-04	2.71e-03	2.14e-02	6.48e-02	1.39e-01	6.14e-01	1.47e-01	1.09e-02
 2.53042e+21	0.00e+00	2.53e-29	1.20e-24	3.86e-21	6.00e-18	3.34e-15	2.60e-11	1.88e-08	3.33e-06	1.38e-04	3.06e-03	2.35e-02	6.91e-02	1.42e-01	6.10e-01	1.41e-01	1.01e-02
 2.58208e+21	0.00e+00	3.53e-29	1.61e-24	5.00e-21	7.49e-18	4.01e-15	3.13e-11	2.24e-08	3.92e-06	1.58e-04	3.42e-03	2.56e-02	7.31e-02	1.46e-01	6.06e-01	1.36e-01	9.47e-03
 2.64021e+21	0.00e+00	5.09e-29	2.23e-24	6.66e-21	9.57e-18	4.91e-15	3.84e-11	2.73e-08	4.68e-06	1.84e-04	3.87e-03	2.81e-02	7.77e-02	1.50e-01	6.01e-01	1.30e-01	8.76e-03
 2.70579e+21	0.00e+00	7.68e-29	3.22e-24	9.19e-21	1.26e-17	6.15e-15	4.82e-11	3.40e-08	5.70e-06	2.17e-04	4.42e-03	3.12e-02	8.32e-02	1.54e-01	5.95e-01	1.24e-01	8.03e-03
 2.76784e+21	0.00e+00	1.13e-28	4.53e-24	1.24e-20	1.63e-17	7.60e-15	5.96e-11	4.16e-08	6.84e-06	2.53e-04	5.01e-03	3.44e-02	8.86e-02	1.58e-01	5.88e-01	1.18e-01	7.38e-03
 2.82265e+21	0.00e+00	1.58e-28	6.11e-24	1.61e-20	2.04e-17	9.14e-15	7.16e-11	4.96e-08	8.01e-06	2.88e-04	5.58e-03	3.73e-02	9.35e-02	1.61e-01	5.82e-01	1.13e-01	6.85e-03
 2.87355e+21	0.00e+00	2.14e-28	8.04e-24	2.05e-20	2.50e-17	1.08e-14	8.45e-11	5.82e-08	9.26e-06	3.25e-04	6.15e-03	4.03e-02	9.82e-02	1.64e-01	5.76e-01	1.09e-01	6.39e-03
 2.93200e+21	0.00e+00	3.03e-28	1.10e-23	2.69e-20	3.15e-17	1.31e-14	1.02e-10	6.97e-08	1.09e-05	3.72e-04	6.86e-03	4.38e-02	1.04e-01	1.67e-01	5.68e-01	1.04e-01	5.90e-03
 2.99719e+21	0.00e+00	4.45e-28	1.54e-23	3.63e-20	4.07e-17	1.62e-14	1.25e-10	8.48e-08	1.30e-05	4.31e-04	7.73e-03	4.79e-02	1.10e-01	1.71e-01	5.60e-01	9.85e-02	5.40e-03
 3.05776e+21	0.00e+00	6.31e-28	2.11e-23	4.78e-20	5.15e-17	1.96e-14	1.50e-10	1.01e-07	1.53e-05	4.93e-04	8.61e-03	5.20e-02	1.16e-01	1.74e-01	5.51e-01	9.37e-02	4.97e-03
 3.11417e+21	0.00e+00	8.68e-28	2.81e-23	6.14e-20	6.38e-17	2.34e-14	1.78e-10	1.19e-07	1.76e-05	5.56e-04	9.48e-03	5.60e-02	1.21e-01	1.76e-01	5.43e-01	8.95e-02	4.60e-03
 3.17854e+21	0.00e+00	1.24e-27	3.86e-23	8.14e-20	8.12e-17	2.86e-14	2.15e-10	1.43e-07	2.07e-05	6.36e-04	1.06e-02	6.08e-02	1.27e-01	1.79e-01	5.33e-01	8.48e-02	4.21e-03
 3.25049e+21	0.00e+00	1.84e-27	5.49e-23	1.11e-19	1.06e-16	3.56e-14	2.63e-10	1.73e-07	2.47e-05	7.35e-04	1.18e-02	6.63e-02	1.34e-01	1.82e-01	5.21e-01	7.98e-02	3.82e-03
 3.31775e+21	0.00e+00	2.64e-27	7.59e-23	1.47e-19	1.35e-16	4.35e-14	3.17e-10	2.07e-07	2.90e-05	8.38e-04	1.31e-02	7.17e-02	1.41e-01	1.84e-01	5.10e-01	7.54e-02	3.48e-03
 3.38094e+21	0.00e+00	3.67e-27	1.02e-22	1.91e-19	1.69e-16	5.24e-14	3.75e-10	2.43e-07	3.35e-05	9.45e-04	1.45e-02	7.70e-02	1.47e-01	1.86e-01	5.00e-01	7.15e-02	3.19e-03
 3.45336e+21	0.00e+00	5.32e-27	1.42e-22	2.56e-19	2.17e-16	6.45e-14	4.52e-10	2.91e-07	3.94e-05	1.08e-03	1.60e-02	8.32e-02	1.54e-01	1.88e-01	4.87e-01	6.72e-02	2.89e-03
 3.53427e+21	0.00e+00	7.97e-27	2.05e-22	3.53e-19	2.86e-16	8.10e-14	5.55e-10	3.54e-07	4.69e-05	1.24e-03	1.79e-02	9.04e-02	1.62e-01	1.90e-01	4.73e-01	6.27e-02	2.59e-03
 3.60991e+21	0.00e+00	1.15e-26	2.85e-22	4.73e-19	3.68e-16	9.99e-14	6.68e-10	4.23e-07	5.49e-05	1.42e-03	1.98e-02	9.74e-02	1.69e-01	1.91e-01	4.60e-01	5.87e-02	2.34e-03
 3.68099e+21	0.00e+00	1.62e-26	3.86e-22	6.19e-19	4.64e-16	1.21e-13	7.91e-10	4.96e-07	6.33e-05	1.59e-03	2.17e-02	1.04e-01	1.75e-01	1.92e-01	4.48e-01	5.52e-02	2.13e-03
 3.76247e+21	0.00e+00	2.36e-26	5.43e-22	8.35e-19	6.01e-16	1.50e-13	9.54e-10	5.93e-07	7.42e-05	1.81e-03	2.40e-02	1.12e-01	1.83e-01	1.93e-01	4.33e-01	5.14e-02	1.91e-03
 3.84933e+21	0.00e+00	3.50e-26	7.73e-22	1.14e-18	7.87e-16	1.88e-13	1.16e-09	7.13e-07	8.74e-05	2.07e-03	2.66e-02	1.20e-01	1.90e-01	1.93e-01	4.18e-01	4.77e-02	1.70e-03
 3.92273e+21	7.30e-33	4.85e-26	1.04e-21	1.48e-18	9.84e-16	2.27e-13	1.36e-09	8.29e-07	9.99e-05	2.30e-03	2.88e-02	1.28e-01	1.96e-01	1.93e-01	4.05e-01	4.47e-02	1.54e-03
 3.98770e+21	9.96e-33	6.42e-26	1.33e-21	1.85e-18	1.19e-15	2.66e-13	1.56e-09	9.44e-07	1.12e-04	2.53e-03	3.09e-02	1.34e-01	2.01e-01	1.93e-01	3.94e-01	4.22e-02	1.42e-03
 4.06214e+21	1.41e-32	8.79e-26	1.77e-21	2.38e-18	1.48e-15	3.19e-13	1.82e-09	1.09e-06	1.27e-04	2.80e-03	3.34e-02	1.42e-01	2.07e-01	1.93e-01	3.81e-01	3.95e-02	1.29e-03
 4.15892e+21	2.19e-32	1.31e-25	2.54e-21	3.27e-18	1.95e-15	4.02e-13	2.21e-09	1.31e-06	1.49e-04	3.18e-03	3.68e-02	1.52e-01	2.14e-01	1.92e-01	3.65e-01	3.63e-02	1.13e-03
 4.25764e+21	3.38e-32	1.95e-25	3.63e-21	4.50e-18	2.57e-15	5.05e-13	2.68e-09	1.57e-06	1.75e-04	3.61e-03	4.04e-02	1.62e-01	2.21e-01	1.90e-01	3.49e-01	3.33e-02	9.98e-04
 4.33752e+21	4.78e-32	2.66e-25	4.81e-21	5.78e-18	3.19e-15	6.06e-13	3.13e-09	1.81e-06	1.98e-04	3.99e-03	4.35e-02	1.70e-01	2.26e-01	1.89e-01	3.36e-01	3.10e-02	9.00e-04
 4.42001e+21	6.75e-32	3.64e-25	6.39e-21	7.43e-18	3.97e-15	7.28e-13	3.64e-09	2.08e-06	2.24e-04	4.40e-03	4.67e-02	1.78e-01	2.30e-01	1.87e-01	3.23e-01	2.89e-02	8.10e-04
 4.52724e+21	1.05e-31	5.42e-25	9.15e-21	1.02e-17	5.23e-15	9.18e-13	4.42e-09	2.49e-06	2.62e-04	4.97e-03	5.10e-02	1.89e-01	2.36e-01	1.85e-01	3.06e-01	2.63e-02	7.08e-04
 4.63817e+21	1.62e-31	8.10e-25	1.32e-20	1.41e-17	6.92e-15	1.16e-12	5.37e-09	2.97e-06	3.05e-04	5.61e-03	5.57e-02	2.01e-01	2.42e-01	1.82e-01	2.90e-01	2.38e-02	6.15e-04
 4.72434e+21	2.28e-31	1.10e-24	1.74e-20	1.81e-17	8.58e-15	1.39e-12	6.23e-09	3.41e-06	3.44e-04	6.15e-03	5.95e-02	2.09e-01	2.45e-01	1.79e-01	2.77e-01	2.20e-02	5.51e-04
 4.79445e+21	2.96e-31	1.40e-24	2.16e-20	2.20e-17	1.01e-14	1.60e-12	7.00e-09	3.79e-06	3.76e-04	6.60e-03	6.26e-02	2.16e-01	2.48e-01	1.77e-01	2.68e-01	2.07e-02	5.06e-04
 4.87329e+21	3.95e-31	1.83e-24	2.74e-20	2.72e-17	1.22e-14	1.87e-12	7.97e-09	4.25e-06	4.16e-04	7.14e-03	6.61e-02	2.24e-01	2.51e-01	1.75e-01	2.57e-01	1.94e-02	4.59e-04
 4.97579e+21	5.72e-31	2.56e-24	3.73e-20	3.57e-17	1.55e-14	2.29e-12	9.39e-09	4.93e-06	4.72e-04	7.87e-03	7.08e-02	2.34e-01	2.54e-01	1.71e-01	2.44e-01	1.77e-02	4.05e-04
 5.08519e+21	8.41e-31	3.65e-24	5.13e-20	4.75e-17	1.98e-14	2.82e-12	1.12e-08	5.76e-06	5.38e-04	8.71e-03	7.59e-02	2.44e-01	2.57e-01	1.67e-01	2.31e-01	1.61e-02	3.55e-04
 5.18070e+21	1.17e-30	4.93e-24	6.74e-20	6.06e-17	2.45e-14	3.37e-12	1.29e-08	6.56e-06	6.01e-04	9.48e-03	8.04e-02	2.52e-01	2.59e-01	1.64e-01	2.19e-01	1.48e-02	3.16e-04
 5.28198e+21	1.64e-30	6.73e-24	8.93e-20	7.79e-17	3.05e-14	4.06e-12	1.50e-08	7.51e-06	6.74e-04	1.03e-02	8.53e-02	2.61e-01	2.61e-01	1.60e-01	2.08e-01	1.36e-02	2.81e-04
 5.41366e+21	2.51e-30	9.97e-24	1.28e-19	1.07e-16	4.03e-14	5.13e-12	1.82e-08	8.90e-06	7.77e-04	1.15e-02	9.18e-02	2.72e-01	2.62e-01	1.55e-01	1.94e-01	1.22e-02	2.40e-04
 5.54685e+21	3.82e-30	1.47e-23	1.82e-19	1.47e-16	5.30e-14	6.48e-12	2.20e-08	1.05e-05	8.93e-04	1.28e-02	9.84e-02	2.83e-01	2.63e-01	1.50e-01	1.80e-01	1.08e-02	2.06e-04
 5.65313e+21	5.30e-30	1.99e-23	2.39e-19	1.88e-16	6.57e-14	7.76e-12	2.55e-08	1.20e-05	9.95e-04	1.39e-02	1.04e-01	2.92e-01	2.63e-01	1.46e-01	1.70e-01	9.91e-03	1.82e-04
 5.76242e+21	7.34e-30	2.70e-23	3.15e-19	2.40e-16	8.14e-14	9.31e-12	2.96e-08	1.36e-05	1.11e-03	1.50e-02	1.09e-01	3.00e-01	2.63e-01	1.42e-01	1.61e-01	9.05e-03	1.61e-04
 5.88402e+21	1.05e-29	3.75e-23	4.25e-19	3.14e-16	1.03e-13	1.14e-11	3.48e-08	1.57e-05	1.24e-03	1.64e-02	1.16e-01	3.08e-01	2.63e-01	1.37e-01	1.51e-01	8.17e-03	1.40e-04
 5.99736e+21	1.44e-29	5.07e-23	5.58e-19	4.01e-16	1.27e-13	1.36e-11	4.04e-08	1.78e-05	1.38e-03	1.77e-02	1.21e-01	3.16e-01	2.62e-01	1.33e-01	1.42e-01	7.44e-03	1.23e-04
 6.12043e+21	2.03e-29	6.97e-23	7.45e-19	5.19e-16	1.60e-13	1.65e-11	4.72e-08	2.04e-05	1.54e-03	1.92e-02	1.28e-01	3.24e-01	2.60e-01	1.28e-01	1.33e-01	6.72e-03	1.08e-04
 6.25701e+21	2.93e-29	9.84e-23	1.02e-18	6.88e-16	2.04e-13	2.03e-11	5.60e-08	2.36e-05	1.73e-03	2.09e-02	1.35e-01	3.32e-01	2.58e-01	1.23e-01	1.23e-01	6.01e-03	9.27e-05
 6.38413e+21	4.09e-29	1.35e-22	1.36e-18	8.89e-16	2.55e-13	2.46e-11	6.54e-08	2.69e-05	1.93e-03	2.26e-02	1.41e-01	3.39e-01	2.56e-01	1.18e-01	1.15e-01	5.42e-03	8.08e-05
 6.52240e+21	5.82e-29	1.88e-22	1.84e-18	1.17e-15	3.23e-13	3.01e-11	7.71e-08	3.10e-05	2.16e-03	2.45e-02	1.48e-01	3.47e-01	2.54e-01	1.13e-01	1.07e-01	4.86e-03	6.98e-05
 6.67698e+21	8.53e-29	2.71e-22	2.56e-18	1.57e-15	4.19e-13	3.75e-11	9.23e-08	3.60e-05	2.44e-03	2.67e-02	1.56e-01	3.54e-01	2.50e-01	1.08e-01	9.83e-02	4.29e-03	5.93e-05
 6.82292e+21	1.21e-28	3.79e-22	3.47e-18	2.06e-15	5.32e-13	4.60e-11	1.09e-07	4.14e-05	2.72e-03	2.89e-02	1.64e-01	3.60e-01	2.47e-01	1.03e-01	9.09e-02	3.83e-03	5.09e-05
 6.98279e+21	1.76e-28	5.41e-22	4.80e-18	2.76e-15	6.86e-13	5.71e-11	1.30e-07	4.80e-05	3.06e-03	3.14e-02	1.72e-01	3.67e-01	2.42e-01	9.77e-02	8.35e-02	3.38e-03	4.32e-05
 7.16195e+21	2.64e-28	8.00e-22	6.85e-18	3.79e-15	9.06e-13	7.24e-11	1.58e-07	5.65e-05	3.48e-03	3.43e-02	1.81e-01	3.73e-01	2.37e-01	9.21e-02	7.60e-02	2.94e-03	3.61e-05
 7.32099e+21	3.73e-28	1.12e-21	9.33e-18	5.00e-15	1.15e-12	8.90e-11	1.87e-07	6.49e-05	3.88e-03	3.70e-02	1.89e-01	3.78e-01	2.33e-01	8.74e-02	6.98e-02	2.60e-03	3.07e-05
 7.45756e+21	4.98e-28	1.49e-21	1.21e-17	6.30e-15	1.41e-12	1.06e-10	2.15e-07	7.30e-05	4.25e-03	3.94e-02	1.96e-01	3.82e-01	2.28e-01	8.35e-02	6.50e-02	2.35e-03	2.69e-05
 7.61012e+21	6.86e-28	2.04e-21	1.60e-17	8.12e-15	1.76e-12	1.28e-10	2.51e-07	8.29e-05	4.69e-03	4.22e-02	2.03e-01	3.85e-01	2.24e-01	7.93e-02	6.00e-02	2.09e-03	2.31e-05
 7.80845e+21	1.02e-27	3.01e-21	2.28e-17	1.11e-14	2.33e-12	1.62e-10	3.04e-07	9.71e-05	5.31e-03	4.59e-02	2.12e-01	3.89e-01	2.17e-01	7.43e-02	5.42e-02	1.81e-03	1.92e-05
 8.01751e+21	1.53e-27	4.54e-21	3.32e-17	1.56e-14	3.12e-12	2.08e-10	3.72e-07	1.15e-04	6.03e-03	5.00e-02	2.22e-01	3.92e-01	2.10e-01	6.91e-02	4.86e-02	1.55e-03	1.57e-05
 8.18804e+21	2.11e-27	6.28e-21	4.46e-17	2.03e-14	3.93e-12	2.53e-10	4.36e-07	1.31e-04	6.67e-03	5.35e-02	2.30e-01	3.94e-01	2.05e-01	6.52e-02	4.45e-02	1.37e-03	1.33e-05
 8.33456e+21	2.76e-27	8.24e-21	5.70e-17	2.53e-14	4.77e-12	2.99e-10	4.99e-07	1.46e-04	7.24e-03	5.65e-02	2.36e-01	3.96e-01	2.00e-01	6.20e-02	4.12e-02	1.23e-03	1.16e-05
 8.50237e+21	3.72e-27	1.12e-20	7.53e-17	3.25e-14	5.93e-12	3.59e-10	5.80e-07	1.65e-04	7.95e-03	6.01e-02	2.44e-01	3.97e-01	1.94e-01	5.85e-02	3.79e-02	1.09e-03	9.97e-06
 8.72053e+21	5.41e-27	1.64e-20	1.07e-16	4.44e-14	7.79e-12	4.54e-10	7.01e-07	1.92e-04	8.93e-03	6.49e-02	2.53e-01	3.97e-01	1.87e-01	5.43e-02	3.40e-02	9.37e-04	8.21e-06
 8.94707e+21	7.92e-27	2.45e-20	1.53e-16	6.14e-14	1.04e-11	5.78e-10	8.53e-07	2.25e-04	1.01e-02	7.01e-02	2.62e-01	3.97e-01	1.79e-01	5.01e-02	3.02e-02	7.97e-04	6.67e-06
 9.13405e+21	1.07e-26	3.36e-20	2.05e-16	7.96e-14	1.30e-11	7.01e-10	9.97e-07	2.55e-04	1.10e-02	7.44e-02	2.70e-01	3.96e-01	1.73e-01	4.69e-02	2.75e-02	7.00e-04	5.64e-06
 9.32669e+21	1.45e-26	4.63e-20	2.74e-16	1.03e-13	1.63e-11	8.52e-10	1.17e-06	2.90e-04	1.21e-02	7.90e-02	2.77e-01	3.95e-01	1.67e-01	4.39e-02	2.50e-02	6.12e-04	4.76e-06
 9.57711e+21	2.11e-26	6.92e-20	3.95e-16	1.43e-13	2.17e-11	1.09e-09	1.42e-06	3.39e-04	1.36e-02	8.51e-02	2.86e-01	3.93e-01	1.59e-01	4.02e-02	2.21e-02	5.18e-04	3.85e-06
 9.83554e+21	3.08e-26	1.05e-19	5.76e-16	2.01e-13	2.92e-11	1.40e-09	1.74e-06	3.99e-04	1.54e-02	9.17e-02	2.95e-01	3.90e-01	1.51e-01	3.67e-02	1.94e-02	4.33e-04	3.07e-06
 1.00468e+22	4.14e-26	1.46e-19	7.77e-16	2.63e-13	3.69e-11	1.71e-09	2.04e-06	4.54e-04	1.69e-02	9.72e-02	3.02e-01	3.87e-01	1.45e-01	3.41e-02	1.75e-02	3.76e-04	2.56e-06
 1.02640e+22	5.58e-26	2.02e-19	1.05e-15	3.44e-13	4.67e-11	2.09e-09	2.40e-06	5.16e-04	1.85e-02	1.03e-01	3.09e-01	3.83e-01	1.39e-01	3.16e-02	1.58e-02	3.25e-04	2.13e-06
 1.04981e+22	7.57e-26	2.87e-19	1.44e-15	4.57e-13	5.98e-11	2.58e-09	2.85e-06	5.90e-04	2.04e-02	1.09e-01	3.16e-01	3.79e-01	1.32e-01	2.91e-02	1.41e-02	2.79e-04	1.75e-06
 1.07053e+22	9.86e-26	3.88e-19	1.90e-15	5.86e-13	7.43e-11	3.10e-09	3.30e-06	6.64e-04	2.22e-02	1.15e-01	3.21e-01	3.74e-01	1.27e-01	2.71e-02	1.27e-02	2.43e-04	1.48e-06
 1.08964e+22	1.25e-25	5.09e-19	2.43e-15	7.32e-13	9.03e-11	3.66e-09	3.77e-06	7.37e-04	2.39e-02	1.20e-01	3.26e-01	3.70e-01	1.22e-01	2.53e-02	1.16e-02	2.15e-04	1.26e-06
 1.11157e+22	1.63e-25	6.93e-19	3.22e-15	9.43e-13	1.13e-10	4.42e-09	4.39e-06	8.30e-04	2.60e-02	1.26e-01	3.31e-01	3.65e-01	1.16e-01	2.34e-02	1.05e-02	1.87e-04	1.06e-06
 1.13632e+22	2.18e-25	9.75e-19	4.39e-15	1.25e-12	1.44e-10	5.45e-09	5.18e-06	9.46e-04	2.86e-02	1.33e-01	3.37e-01	3.59e-01	1.10e-01	2.15e-02	9.31e-03	1.59e-04	8.66e-07
 1.15983e+22	2.84e-25	1.34e-18	5.88e-15	1.62e-12	1.81e-10	6.62e-09	6.06e-06	1.07e-03	3.11e-02	1.40e-01	3.42e-01	3.53e-01	1.05e-01	1.98e-02	8.33e-03	1.37e-04	7.17e-07
 1.18200e+22	3.62e-25	1.80e-18	7.68e-15	2.06e-12	2.23e-10	7.93e-09	6.99e-06	1.20e-03	3.37e-02	1.46e-01	3.46e-01	3.48e-01	9.96e-02	1.83e-02	7.51e-03	1.19e-04	6.01e-07
 1.20732e+22	4.75e-25	2.49e-18	1.03e-14	2.69e-12	2.82e-10	9.67e-09	8.20e-06	1.35e-03	3.67e-02	1.53e-01	3.50e-01	3.41e-01	9.42e-02	1.68e-02	6.69e-03	1.02e-04	4.95e-07
 1.23577e+22	6.39e-25	3.58e-18	1.44e-14	3.64e-12	3.67e-10	1.21e-08	9.82e-06	1.56e-03	4.04e-02	1.62e-01	3.54e-01	3.33e-01	8.83e-02	1.52e-02	5.85e-03	8.52e-05	3.95e-07
 1.26223e+22	8.27e-25	4.99e-18	1.95e-14	4.78e-12	4.67e-10	1.49e-08	1.16e-05	1.77e-03	4.40e-02	1.69e-01	3.58e-01	3.25e-01	8.31e-02	1.38e-02	5.17e-03	7.23e-05	3.22e-07
 1.28672e+22	1.05e-24	6.72e-18	2.57e-14	6.13e-12	5.80e-10	1.79e-08	1.34e-05	1.98e-03	4.76e-02	1.76e-01	3.60e-01	3.18e-01	7.86e-02	1.27e-02	4.62e-03	6.22e-05	2.66e-07
 1.31475e+22	1.37e-24	9.39e-18	3.49e-14	8.09e-12	7.40e-10	2.21e-08	1.58e-05	2.25e-03	5.18e-02	1.85e-01	3.63e-01	3.09e-01	7.36e-02	1.15e-02	4.07e-03	5.24e-05	2.15e-07
 1.35118e+22	1.91e-24	1.43e-17	5.14e-14	1.15e-11	1.01e-09	2.88e-08	1.95e-05	2.64e-03	5.77e-02	1.95e-01	3.65e-01	2.98e-01	6.77e-02	1.02e-02	3.45e-03	4.22e-05	1.64e-07
 1.38795e+22	2.60e-24	2.18e-17	7.58e-14	1.63e-11	1.37e-09	3.76e-08	2.41e-05	3.11e-03	6.42e-02	2.06e-01	3.66e-01	2.87e-01	6.20e-02	8.92e-03	2.91e-03	3.37e-05	1.24e-07
 1.41687e+22	3.29e-24	3.01e-17	1.02e-13	2.15e-11	1.75e-09	4.62e-08	2.83e-05	3.52e-03	6.96e-02	2.14e-01	3.67e-01	2.78e-01	5.78e-02	8.06e-03	2.55e-03	2.83e-05	0.00e+00
 1.44621e+22	4.16e-24	4.12e-17	1.37e-13	2.80e-11	2.20e-09	5.65e-08	3.32e-05	3.97e-03	7.53e-02	2.22e-01	3.67e-01	2.69e-01	5.39e-02	7.28e-03	2.24e-03	2.38e-05	0.00e+00
 1.48435e+22	5.57e-24	6.15e-17	1.98e-13	3.92e-11	2.97e-09	7.32e-08	4.07e-05	4.63e-03	8.31e-02	2.32e-01	3.65e-01	2.57e-01	4.91e-02	6.38e-03	1.89e-03	1.90e-05	0.00e+00
 1.52408e+22	7.37e-24	9.26e-17	2.90e-13	5.56e-11	4.04e-09	9.55e-08	5.02e-05	5.43e-03	9.18e-02	2.43e-01	3.63e-01	2.45e-01	4.45e-02	5.55e-03	1.58e-03	1.51e-05	0.00e+00
 1.55727e+22	9.22e-24	1.29e-16	3.95e-13	7.38e-11	5.20e-09	1.19e-07	5.96e-05	6.18e-03	9.95e-02	2.51e-01	3.61e-01	2.35e-01	4.09e-02	4.94e-03	1.36e-03	1.24e-05	0.00e+00
 1.58603e+22	1.11e-23	1.71e-16	5.13e-13	9.39e-11	6.44e-09	1.43e-07	6.89e-05	6.90e-03	1.06e-01	2.59e-01	3.58e-01	2.26e-01	3.81e-02	4.47e-03	1.20e-03	1.05e-05	0.00e+00
 1.61760e+22	1.36e-23	2.30e-16	6.78e-13	1.21e-10	8.09e-09	1.75e-07	8.06e-05	7.75e-03	1.14e-01	2.66e-01	3.55e-01	2.17e-01	3.52e-02	4.00e-03	1.04e-03	8.75e-06	0.00e+00
 1.65865e+22	1.76e-23	3.35e-16	9.65e-13	1.68e-10	1.08e-08	2.25e-07	9.83e-05	9.00e-03	1.25e-01	2.76e-01	3.50e-01	2.05e-01	3.17e-02	3.47e-03	8.71e-04	6.92e-06	0.00e+00
 1.70059e+22	2.22e-23	4.88e-16	1.37e-12	2.34e-10	1.45e-08	2.91e-07	1.20e-04	1.04e-02	1.37e-01	2.85e-01	3.43e-01	1.93e-01	2.84e-02	2.99e-03	7.24e-04	5.44e-06	0.00e+00
 1.73455e+22	2.67e-23	6.56e-16	1.82e-12	3.04e-10	1.83e-08	3.58e-07	1.41e-04	1.18e-02	1.46e-01	2.92e-01	3.38e-01	1.83e-01	2.60e-02	2.65e-03	6.23e-04	4.48e-06	0.00e+00
 1.76958e+22	3.21e-23	8.77e-16	2.39e-12	3.92e-10	2.30e-08	4.38e-07	1.65e-04	1.32e-02	1.56e-01	2.98e-01	3.32e-01	1.74e-01	2.37e-02	2.35e-03	5.36e-04	3.69e-06	0.00e+00
 1.81512e+22	4.05e-23	1.27e-15	3.39e-12	5.43e-10	3.09e-08	5.67e-07	2.02e-04	1.53e-02	1.70e-01	3.06e-01	3.23e-01	1.62e-01	2.10e-02	2.01e-03	4.40e-04	2.86e-06	0.00e+00
 1.86121e+22	4.99e-23	1.82e-15	4.79e-12	7.51e-10	4.13e-08	7.33e-07	2.46e-04	1.77e-02	1.84e-01	3.13e-01	3.14e-01	1.50e-01	1.86e-02	1.71e-03	3.60e-04	2.22e-06	0.00e+00
 1.89784e+22	5.85e-23	2.40e-15	6.26e-12	9.66e-10	5.18e-08	8.98e-07	2.88e-04	1.98e-02	1.96e-01	3.18e-01	3.05e-01	1.42e-01	1.68e-02	1.50e-03	3.07e-04	1.81e-06	0.00e+00
 1.93527e+22	6.88e-23	3.14e-15	8.10e-12	1.23e-09	6.45e-08	1.09e-06	3.35e-04	2.21e-02	2.08e-01	3.22e-01	2.97e-01	1.33e-01	1.52e-02	1.32e-03	2.62e-04	1.48e-06	0.00e+00
 1.98392e+22	8.43e-23	4.40e-15	1.12e-11	1.68e-09	8.52e-08	1.40e-06	4.05e-04	2.54e-02	2.24e-01	3.27e-01	2.86e-01	1.23e-01	1.33e-02	1.11e-03	2.14e-04	1.14e-06	0.00e+00
 2.03455e+22	1.02e-22	6.19e-15	1.56e-11	2.29e-09	1.13e-07	1.80e-06	4.92e-04	2.92e-02	2.40e-01	3.31e-01	2.74e-01	1.12e-01	1.16e-02	9.32e-04	1.72e-04	8.68e-07	0.00e+00
 2.07687e+22	1.18e-22	8.13e-15	2.03e-11	2.95e-09	1.42e-07	2.21e-06	5.76e-04	3.26e-02	2.54e-01	3.33e-01	2.64e-01	1.04e-01	1.03e-02	8.04e-04	1.44e-04	6.93e-07	0.00e+00
 2.12099e+22	1.39e-22	1.07e-14	2.65e-11	3.79e-09	1.78e-07	2.71e-06	6.73e-04	3.64e-02	2.68e-01	3.35e-01	2.54e-01	9.61e-02	9.18e-03	6.90e-04	1.20e-04	5.51e-07	0.00e+00
 2.17836e+22	1.69e-22	1.49e-14	3.68e-11	5.19e-09	2.37e-07	3.50e-06	8.19e-04	4.17e-02	2.86e-01	3.36e-01	2.40e-01	8.67e-02	7.85e-03	5.68e-04	9.52e-05	4.11e-07	0.00e+00
 2.23748e+22	2.03e-22	2.09e-14	5.11e-11	7.11e-09	3.16e-07	4.53e-06	9.95e-04	4.78e-02	3.05e-01	3.35e-01	2.26e-01	7.76e-02	6.67e-03	4.63e-04	7.48e-05	3.04e-07	0.00e+00
 2.28619e+22	2.34e-22	2.72e-14	6.62e-11	9.12e-09	3.95e-07	5.55e-06	1.16e-03	5.31e-02	3.20e-01	3.34e-01	2.15e-01	7.09e-02	5.84e-03	3.93e-04	6.14e-05	2.38e-07	0.00e+00
 2.33681e+22	2.73e-22	3.52e-14	8.55e-11	1.17e-08	4.95e-07	6.80e-06	1.35e-03	5.89e-02	3.34e-01	3.32e-01	2.03e-01	6.45e-02	5.09e-03	3.31e-04	5.03e-05	1.86e-07	0.00e+00
 2.38980e+22	3.17e-22	4.58e-14	1.11e-10	1.50e-08	6.21e-07	8.36e-06	1.58e-03	6.53e-02	3.49e-01	3.29e-01	1.92e-01	5.83e-02	4.41e-03	2.78e-04	4.08e-05	1.43e-07	0.00e+00
 2.43449e+22	3.57e-22	5.68e-14	1.37e-10	1.84e-08	7.48e-07	9.89e-06	1.79e-03	7.10e-02	3.61e-01	3.26e-01	1.82e-01	5.35e-02	3.91e-03	2.39e-04	3.43e-05	0.00e+00	0.00e+00
 2.48118e+22	4.08e-22	7.03e-14	1.70e-10	2.26e-08	9.01e-07	1.17e-05	2.03e-03	7.72e-02	3.73e-01	3.22e-01	1.73e-01	4.90e-02	3.45e-03	2.05e-04	2.87e-05	0.00e+00	0.00e+00
 2.54189e+22	4.82e-22	9.16e-14	2.21e-10	2.91e-08	1.14e-06	1.45e-05	2.37e-03	8.55e-02	3.88e-01	3.16e-01	1.61e-01	4.36e-02	2.94e-03	1.69e-04	2.28e-05	0.00e+00	0.00e+00
 2.60446e+22	5.62e-22	1.20e-13	2.88e-10	3.76e-08	1.44e-06	1.79e-05	2.77e-03	9.46e-02	4.02e-01	3.10e-01	1.49e-01	3.87e-02	2.48e-03	1.38e-04	1.81e-05	0.00e+00	0.00e+00
 2.65528e+22	6.32e-22	1.47e-13	3.55e-10	4.61e-08	1.73e-06	2.12e-05	3.14e-03	1.02e-01	4.13e-01	3.04e-01	1.40e-01	3.50e-02	2.17e-03	1.17e-04	1.49e-05	0.00e+00	0.00e+00
 2.70717e+22	7.25e-22	1.80e-13	4.34e-10	5.59e-08	2.06e-06	2.48e-05	3.52e-03	1.10e-01	4.23e-01	2.98e-01	1.32e-01	3.18e-02	1.90e-03	9.98e-05	1.24e-05	0.00e+00	0.00e+00
 2.77463e+22	8.57e-22	2.32e-13	5.59e-10	7.14e-08	2.57e-06	3.03e-05	4.08e-03	1.21e-01	4.34e-01	2.89e-01	1.22e-01	2.80e-02	1.60e-03	8.10e-05	9.77e-06	0.00e+00	0.00e+00
 2.84419e+22	1.00e-21	2.99e-13	7.21e-10	9.13e-08	3.21e-06	3.72e-05	4.72e-03	1.32e-01	4.45e-01	2.80e-01	1.11e-01	2.45e-02	1.33e-03	6.54e-05	7.64e-06	0.00e+00	0.00e+00
 2.90127e+22	1.13e-21	3.63e-13	8.81e-10	1.11e-07	3.83e-06	4.38e-05	5.31e-03	1.42e-01	4.53e-01	2.73e-01	1.04e-01	2.19e-02	1.15e-03	5.49e-05	6.24e-06	0.00e+00	0.00e+00
 2.96023e+22	1.30e-21	4.44e-13	1.07e-09	1.34e-07	4.55e-06	5.10e-05	5.93e-03	1.52e-01	4.60e-01	2.65e-01	9.64e-02	1.97e-02	9.96e-04	4.62e-05	5.13e-06	0.00e+00	0.00e+00
 3.03689e+22	1.54e-21	5.67e-13	1.38e-09	1.70e-07	5.64e-06	6.22e-05	6.83e-03	1.65e-01	4.68e-01	2.54e-01	8.76e-02	1.71e-02	8.24e-04	3.70e-05	3.97e-06	0.00e+00	0.00e+00
 3.11625e+22	1.80e-21	7.26e-13	1.77e-09	2.17e-07	7.02e-06	7.58e-05	7.86e-03	1.79e-01	4.75e-01	2.43e-01	7.92e-02	1.47e-02	6.78e-04	2.94e-05	3.05e-06	0.00e+00	0.00e+00
 3.18201e+22	2.04e-21	8.81e-13	2.15e-09	2.63e-07	8.36e-06	8.91e-05	8.81e-03	1.91e-01	4.80e-01	2.34e-01	7.27e-02	1.30e-02	5.76e-04	2.43e-05	2.45e-06	0.00e+00	0.00e+00
 3.25037e+22	2.36e-21	1.07e-12	2.62e-09	3.18e-07	9.91e-06	1.04e-04	9.81e-03	2.03e-01	4.83e-01	2.25e-01	6.69e-02	1.15e-02	4.91e-04	2.01e-05	1.98e-06	0.00e+00	0.00e+00
 3.33923e+22	2.82e-21	1.37e-12	3.36e-09	4.03e-07	1.23e-05	1.26e-04	1.12e-02	2.19e-01	4.86e-01	2.14e-01	5.98e-02	9.79e-03	3.99e-04	1.58e-05	1.50e-06	0.00e+00	0.00e+00
 3.43177e+22	3.33e-21	1.75e-12	4.32e-09	5.14e-07	1.52e-05	1.54e-04	1.29e-02	2.36e-01	4.88e-01	2.02e-01	5.32e-02	8.27e-03	3.21e-04	1.23e-05	1.13e-06	0.00e+00	0.00e+00
 3.50938e+22	3.79e-21	2.13e-12	5.28e-09	6.24e-07	1.82e-05	1.81e-04	1.44e-02	2.50e-01	4.88e-01	1.92e-01	4.81e-02	7.18e-03	2.68e-04	9.95e-06	8.90e-07	0.00e+00	0.00e+00
 3.59060e+22	4.43e-21	2.61e-12	6.46e-09	7.57e-07	2.16e-05	2.11e-04	1.60e-02	2.64e-01	4.87e-01	1.82e-01	4.36e-02	6.25e-03	2.24e-04	8.09e-06	7.04e-07	0.00e+00	0.00e+00
 3.69619e+22	5.36e-21	3.35e-12	8.32e-09	9.65e-07	2.68e-05	2.58e-04	1.83e-02	2.83e-01	4.85e-01	1.70e-01	3.82e-02	5.20e-03	1.77e-04	6.19e-06	5.20e-07	0.00e+00	0.00e+00
 3.80705e+22	6.42e-21	4.32e-12	1.08e-08	1.23e-06	3.34e-05	3.15e-04	2.10e-02	3.03e-01	4.80e-01	1.58e-01	3.33e-02	4.29e-03	1.39e-04	4.69e-06	3.79e-07	0.00e+00	0.00e+00
 3.89210e+22	7.28e-21	5.21e-12	1.30e-08	1.49e-06	3.94e-05	3.66e-04	2.32e-02	3.18e-01	4.76e-01	1.49e-01	2.99e-02	3.70e-03	1.15e-04	3.78e-06	2.97e-07	0.00e+00	0.00e+00
 3.95688e+22	8.01e-21	5.97e-12	1.50e-08	1.69e-06	4.43e-05	4.08e-04	2.50e-02	3.29e-01	4.72e-01	1.43e-01	2.76e-02	3.32e-03	1.00e-04	3.24e-06	2.49e-07	0.00e+00	0.00e+00
 4.02797e+22	9.05e-21	6.93e-12	1.74e-08	1.96e-06	5.02e-05	4.58e-04	2.70e-02	3.41e-01	4.67e-01	1.36e-01	2.53e-02	2.95e-03	8.65e-05	2.73e-06	2.06e-07	0.00e+00	0.00e+00
 4.12038e+22	1.05e-20	8.34e-12	2.10e-08	2.34e-06	5.89e-05	5.29e-04	2.97e-02	3.56e-01	4.61e-01	1.28e-01	2.26e-02	2.53e-03	7.15e-05	2.20e-06	1.61e-07	0.00e+00	0.00e+00
 4.22172e+22	1.21e-20	1.02e-11	2.57e-08	2.84e-06	6.98e-05	6.18e-04	3.29e-02	3.72e-01	4.53e-01	1.19e-01	2.00e-02	2.14e-03	5.81e-05	1.74e-06	1.24e-07	0.00e+00	0.00e+00
 4.31354e+22	1.38e-20	1.21e-11	3.08e-08	3.36e-06	8.10e-05	7.09e-04	3.59e-02	3.87e-01	4.45e-01	1.12e-01	1.79e-02	1.84e-03	4.82e-05	1.41e-06	0.00e+00	0.00e+00	0.00e+00
 4.39893e+22	1.56e-20	1.42e-11	3.61e-08	3.91e-06	9.25e-05	8.00e-04	3.89e-02	4.00e-01	4.37e-01	1.05e-01	1.62e-02	1.61e-03	4.07e-05	1.16e-06	0.00e+00	0.00e+00	0.00e+00
 4.49711e+22	1.80e-20	1.69e-11	4.31e-08	4.63e-06	1.07e-04	9.15e-04	4.24e-02	4.14e-01	4.28e-01	9.81e-02	1.44e-02	1.38e-03	3.36e-05	9.39e-07	0.00e+00	0.00e+00	0.00e+00
 4.62473e+22	2.16e-20	2.11e-11	5.38e-08	5.71e-06	1.29e-04	1.08e-03	4.72e-02	4.32e-01	4.16e-01	8.98e-02	1.24e-02	1.13e-03	2.64e-05	7.16e-07	0.00e+00	0.00e+00	0.00e+00
 4.75469e+22	2.56e-20	2.63e-11	6.73e-08	7.05e-06	1.54e-04	1.28e-03	5.25e-02	4.50e-01	4.03e-01	8.18e-02	1.06e-02	9.25e-04	2.05e-05	5.42e-07	0.00e+00	0.00e+00	0.00e+00
 4.85862e+22	2.92e-20	3.12e-11	8.00e-08	8.29e-06	1.78e-04	1.46e-03	5.69e-02	4.63e-01	3.92e-01	7.59e-02	9.43e-03	7.88e-04	1.69e-05	4.36e-07	0.00e+00	0.00e+00	0.00e+00
 4.96464e+22	3.37e-20	3.69e-11	9.47e-08	9.71e-06	2.04e-04	1.65e-03	6.15e-02	4.76e-01	3.81e-01	7.05e-02	8.36e-03	6.74e-04	1.39e-05	3.52e-07	0.00e+00	0.00e+00	0.00e+00
 5.10248e+22	4.04e-20	4.57e-11	1.17e-07	1.18e-05	2.41e-04	1.92e-03	6.77e-02	4.91e-01	3.67e-01	6.40e-02	7.17e-03	5.51e-04	1.09e-05	2.68e-07	0.00e+00	0.00e+00	0.00e+00
 5.24954e+22	4.89e-20	5.75e-11	1.47e-07	1.46e-05	2.88e-04	2.26e-03	7.47e-02	5.06e-01	3.52e-01	5.78e-02	6.08e-03	4.45e-04	8.42e-06	2.02e-07	0.00e+00	0.00e+00	0.00e+00
 5.37795e+22	5.67e-20	6.92e-11	1.77e-07	1.74e-05	3.34e-04	2.59e-03	8.12e-02	5.19e-01	3.38e-01	5.26e-02	5.26e-03	3.69e-04	6.71e-06	1.57e-07	0.00e+00	0.00e+00	0.00e+00
 5.51425e+22	6.75e-20	8.41e-11	2.14e-07	2.07e-05	3.88e-04	2.97e-03	8.81e-02	5.31e-01	3.25e-01	4.79e-02	4.54e-03	3.05e-04	5.34e-06	1.22e-07	0.00e+00	0.00e+00	0.00e+00
 5.69144e+22	8.40e-20	1.07e-10	2.73e-07	2.58e-05	4.67e-04	3.52e-03	9.75e-02	5.45e-01	3.07e-01	4.24e-02	3.76e-03	2.40e-04	4.00e-06	0.00e+00	0.00e+00	0.00e+00	0.00e+00
 5.87512e+22	1.04e-19	1.38e-10	3.49e-07	3.24e-05	5.63e-04	4.17e-03	1.08e-01	5.58e-01	2.89e-01	3.72e-02	3.08e-03	1.86e-04	2.95e-06	0.00e+00	0.00e+00	0.00e+00	0.00e+00
 6.02690e+22	1.25e-19	1.70e-10	4.26e-07	3.88e-05	6.54e-04	4.78e-03	1.17e-01	5.67e-01	2.75e-01	3.35e-02	2.62e-03	1.52e-04	2.31e-06	0.00e+00	0.00e+00	0.00e+00	0.00e+00
 6.18387e+22	1.51e-19	2.08e-10	5.17e-07	4.62e-05	7.55e-04	5.44e-03	1.26e-01	5.75e-01	2.61e-01	3.01e-02	2.23e-03	1.24e-04	1.82e-06	0.00e+00	0.00e+00	0.00e+00	0.00e+00
 6.38792e+22	1.93e-19	2.69e-10	6.61e-07	5.76e-05	9.04e-04	6.40e-03	1.38e-01	5.83e-01	2.44e-01	2.62e-02	1.82e-03	9.61e-05	1.34e-06	0.00e+00	0.00e+00	0.00e+00	0.00e+00
 6.58250e+22	2.42e-19	3.45e-10	8.37e-07	7.12e-05	1.07e-03	7.46e-03	1.50e-01	5.89e-01	2.27e-01	2.29e-02	1.49e-03	7.47e-05	9.96e-07	0.00e+00	0.00e+00	0.00e+00	0.00e+00
 6.71969e+22	2.83e-19	4.10e-10	9.82e-07	8.21e-05	1.20e-03	8.26e-03	1.59e-01	5.93e-01	2.16e-01	2.09e-02	1.30e-03	6.30e-05	8.14e-07	0.00e+00	0.00e+00	0.00e+00	0.00e+00
 6.85296e+22	3.32e-19	4.80e-10	1.14e-06	9.36e-05	1.34e-03	9.07e-03	1.67e-01	5.95e-01	2.07e-01	1.91e-02	1.14e-03	5.38e-05	6.76e-07	0.00e+00	0.00e+00	0.00e+00	0.00e+00
 7.02622e+22	4.09e-19	5.89e-10	1.38e-06	1.11e-04	1.52e-03	1.02e-02	1.78e-01	5.97e-01	1.94e-01	1.71e-02	9.68e-04	4.39e-05	5.32e-07	0.00e+00	0.00e+00	0.00e+00	0.00e+00
 7.25144e+22	5.32e-19	7.63e-10	1.75e-06	1.36e-04	1.80e-03	1.18e-02	1.93e-01	5.98e-01	1.80e-01	1.48e-02	7.86e-04	3.40e-05	3.95e-07	0.00e+00	0.00e+00	0.00e+00	0.00e+00
 7.48261e+22	6.97e-19	9.98e-10	2.24e-06	1.69e-04	2.12e-03	1.36e-02	2.08e-01	5.97e-01	1.65e-01	1.27e-02	6.32e-04	2.61e-05	2.89e-07	0.00e+00	0.00e+00	0.00e+00	0.00e+00
 7.65985e+22	8.55e-19	1.22e-09	2.70e-06	1.98e-04	2.40e-03	1.52e-02	2.20e-01	5.95e-01	1.55e-01	1.13e-02	5.36e-04	2.13e-05	2.29e-07	0.00e+00	0.00e+00	0.00e+00	0.00e+00
 7.80615e+22	1.01e-18	1.44e-09	3.12e-06	2.25e-04	2.65e-03	1.65e-02	2.30e-01	5.93e-01	1.47e-01	1.03e-02	4.69e-04	1.81e-05	1.89e-07	0.00e+00	0.00e+00	0.00e+00	0.00e+00
 7.97389e+22	1.24e-18	1.73e-09	3.68e-06	2.60e-04	2.95e-03	1.81e-02	2.41e-01	5.90e-01	1.38e-01	9.27e-03	4.06e-04	1.52e-05	1.55e-07	0.00e+00	0.00e+00	0.00e+00	0.00e+00
 8.19194e+22	1.59e-18	2.18e-09	4.53e-06	3.09e-04	3.37e-03	2.02e-02	2.54e-01	5.85e-01	1.28e-01	8.13e-03	3.39e-04	1.22e-05	0.00e+00	0.00e+00	0.00e+00	0.00e+00	0.00e+00
 8.43037e+22	2.10e-18	2.81e-09	5.69e-06	3.76e-04	3.90e-03	2.28e-02	2.70e-01	5.78e-01	1.17e-01	7.01e-03	2.76e-04	9.55e-06	0.00e+00	0.00e+00	0.00e+00	0.00e+00	0.00e+00
 8.64250e+22	2.69e-18	3.51e-09	6.94e-06	4.44e-04	4.42e-03	2.53e-02	2.84e-01	5.71e-01	1.09e-01	6.15e-03	2.30e-04	7.71e-06	0.00e+00	0.00e+00	0.00e+00	0.00e+00	0.00e+00
 8.83548e+22	3.37e-18	4.29e-09	8.28e-06	5.16e-04	4.93e-03	2.77e-02	2.96e-01	5.64e-01	1.01e-01	5.48e-03	1.96e-04	6.38e-06	0.00e+00	0.00e+00	0.00e+00	0.00e+00	0.00e+00
 9.05635e+22	4.35e-18	5.33e-09	1.01e-05	6.07e-04	5.55e-03	3.05e-02	3.09e-01	5.55e-01	9.37e-02	4.83e-03	1.65e-04	5.20e-06	0.00e+00	0.00e+00	0.00e+00	0.00e+00	0.00e+00
 9.34347e+22	6.02e-18	7.03e-09	1.28e-05	7.44e-04	6.44e-03	3.43e-02	3.26e-01	5.43e-01	8.48e-02	4.10e-03	1.33e-04	4.02e-06	0.00e+00	0.00e+00	0.00e+00	0.00e+00	0.00e+00
 9.63789e+22	8.48e-18	9.42e-09	1.66e-05	9.21e-04	7.50e-03	3.87e-02	3.43e-01	5.30e-01	7.62e-02	3.46e-03	1.06e-04	3.07e-06	0.00e+00	0.00e+00	0.00e+00	0.00e+00	0.00e+00
 9.87262e+22	1.11e-17	1.19e-08	2.03e-05	1.09e-03	8.45e-03	4.25e-02	3.57e-01	5.18e-01	7.00e-02	3.02e-03	8.83e-05	2.48e-06	0.00e+00	0.00e+00	0.00e+00	0.00e+00	0.00e+00
 1.01086e+23	1.44e-17	1.47e-08	2.46e-05	1.27e-03	9.43e-03	4.61e-02	3.69e-01	5.07e-01	6.48e-02	2.67e-03	7.51e-05	2.06e-06	0.00e+00	0.00e+00	0.00e+00	0.00e+00	0.00e+00
 1.04153e+23	2.05e-17	1.94e-08	3.13e-05	1.55e-03	1.08e-02	5.12e-02	3.84e-01	4.92e-01	5.83e-02	2.27e-03	6.06e-05	1.60e-06	0.00e+00	0.00e+00	0.00e+00	0.00e+00	0.00e+00
 1.07364e+23	3.01e-17	2.62e-08	4.07e-05	1.93e-03	1.26e-02	5.71e-02	4.00e-01	4.74e-01	5.20e-02	1.90e-03	4.82e-05	1.23e-06	0.00e+00	0.00e+00	0.00e+00	0.00e+00	0.00e+00
 1.10000e+23	4.00e-17	3.33e-08	5.02e-05	2.28e-03	1.41e-02	6.20e-02	4.12e-01	4.60e-01	4.75e-02	1.66e-03	4.04e-05	1.00e-06	0.00e+00	0.00e+00	0.00e+00	0.00e+00	0.00e+00
 1.12666e+23	5.50e-17	4.21e-08	6.18e-05	2.70e-03	1.59e-02	6.74e-02	4.23e-01	4.46e-01	4.33e-02	1.44e-03	3.37e-05	8.14e-07	0.00e+00	0.00e+00	0.00e+00	0.00e+00	0.00e+00
 1.16133e+23	8.15e-17	5.65e-08	8.00e-05	3.33e-03	1.83e-02	7.41e-02	4.36e-01	4.28e-01	3.87e-02	1.22e-03	2.73e-05	6.37e-07	0.00e+00	0.00e+00	0.00e+00	0.00e+00	0.00e+00
 1.19721e+23	1.24e-16	7.75e-08	1.06e-04	4.17e-03	2.12e-02	8.19e-02	4.49e-01	4.09e-01	3.42e-02	1.01e-03	2.17e-05	4.90e-07	0.00e+00	0.00e+00	0.00e+00	0.00e+00	0.00e+00
 1.22603e+23	1.74e-16	1.00e-07	1.32e-04	5.00e-03	2.39e-02	8.83e-02	4.58e-01	3.93e-01	3.10e-02	8.78e-04	1.81e-05	3.99e-07	0.00e+00	0.00e+00	0.00e+00	0.00e+00	0.00e+00
 1.24931e+23	2.33e-16	1.23e-07	1.59e-04	5.79e-03	2.63e-02	9.39e-02	4.64e-01	3.80e-01	2.85e-02	7.79e-04	1.56e-05	3.37e-07	0.00e+00	0.00e+00	0.00e+00	0.00e+00	0.00e+00
 1.27405e+23	3.11e-16	1.51e-07	1.91e-04	6.70e-03	2.88e-02	9.96e-02	4.70e-01	3.67e-01	2.63e-02	6.94e-04	1.36e-05	2.87e-07	0.00e+00	0.00e+00	0.00e+00	0.00e+00	0.00e+00
 1.30622e+23	4.55e-16	1.97e-07	2.41e-04	8.09e-03	3.25e-02	1.07e-01	4.76e-01	3.52e-01	2.37e-02	5.99e-04	1.13e-05	2.34e-07	0.00e+00	0.00e+00	0.00e+00	0.00e+00	0.00e+00
 1.33869e+23	6.77e-16	2.60e-07	3.09e-04	9.87e-03	3.69e-02	1.15e-01	4.82e-01	3.34e-01	2.13e-02	5.13e-04	9.39e-06	1.89e-07	0.00e+00	0.00e+00	0.00e+00	0.00e+00	0.00e+00
 1.36339e+23	9.43e-16	3.24e-07	3.77e-04	1.16e-02	4.07e-02	1.21e-01	4.85e-01	3.21e-01	1.95e-02	4.54e-04	8.10e-06	1.60e-07	0.00e+00	0.00e+00	0.00e+00	0.00e+00	0.00e+00
 1.38278e+23	1.22e-15	3.84e-07	4.38e-04	1.30e-02	4.38e-02	1.26e-01	4.87e-01	3.11e-01	1.82e-02	4.14e-04	7.25e-06	1.41e-07	0.00e+00	0.00e+00	0.00e+00	0.00e+00	0.00e+00
 1.40341e+23	1.56e-15	4.52e-07	5.09e-04	1.47e-02	4.71e-02	1.31e-01	4.87e-01	3.02e-01	1.71e-02	3.79e-04	6.54e-06	1.26e-07	0.00e+00	0.00e+00	0.00e+00	0.00e+00	0.00e+00
 1.43024e+23	2.19e-15	5.62e-07	6.18e-04	1.72e-02	5.18e-02	1.38e-01	4.88e-01	2.89e-01	1.56e-02	3.37e-04	5.68e-06	0.00e+00	0.00e+00	0.00e+00	0.00e+00	0.00e+00	0.00e+00
 1.45846e+23	3.21e-15	7.15e-07	7.69e-04	2.05e-02	5.74e-02	1.45e-01	4.87e-01	2.75e-01	1.42e-02	2.96e-04	4.87e-06	0.00e+00	0.00e+00	0.00e+00	0.00e+00	0.00e+00	0.00e+00
 1.48127e+23	4.39e-15	8.72e-07	9.20e-04	2.36e-02	6.25e-02	1.50e-01	4.86e-01	2.64e-01	1.31e-02	2.66e-04	4.31e-06	0.00e+00	0.00e+00	0.00e+00	0.00e+00	0.00e+00	0.00e+00
 1.49973e+23	5.81e-15	1.03e-06	1.07e-03	2.66e-02	6.69e-02	1.55e-01	4.83e-01	2.54e-01	1.23e-02	2.43e-04	3.88e-06	0.00e+00	0.00e+00	0.00e+00	0.00e+00	0.00e+00	0.00e+00
 1.51976e+23	7.68e-15	1.21e-06	1.24e-03	3.00e-02	7.17e-02	1.60e-01	4.81e-01	2.45e-01	1.14e-02	2.22e-04	3.50e-06	0.00e+00	0.00e+00	0.00e+00	0.00e+00	0.00e+00	0.00e+00
 1.54581e+23	1.13e-14	1.49e-06	1.50e-03	3.51e-02	7.83e-02	1.66e-01	4.76e-01	2.33e-01	1.04e-02	1.98e-04	3.06e-06	0.00e+00	0.00e+00	0.00e+00	0.00e+00	0.00e+00	0.00e+00
 1.57119e+23	1.71e-14	1.88e-06	1.86e-03	4.16e-02	8.59e-02	1.72e-01	4.69e-01	2.20e-01	9.44e-03	1.74e-04	2.64e-06	0.00e+00	0.00e+00	0.00e+00	0.00e+00	0.00e+00	0.00e+00
 1.58864e+23	2.34e-14	2.22e-06	2.16e-03	4.69e-02	9.17e-02	1.76e-01	4.64e-01	2.11e-01	8.78e-03	1.59e-04	2.38e-06	0.00e+00	0.00e+00	0.00e+00	0.00e+00	0.00e+00	0.00e+00
 1.60023e+23	2.94e-14	2.48e-06	2.39e-03	5.09e-02	9.58e-02	1.78e-01	4.60e-01	2.04e-01	8.33e-03	1.49e-04	2.20e-06	0.00e+00	0.00e+00	0.00e+00	0.00e+00	0.00e+00	0.00e+00
 1.61130e+23	3.57e-14	2.72e-06	2.60e-03	5.46e-02	9.94e-02	1.81e-01	4.56e-01	1.99e-01	7.97e-03	1.41e-04	2.07e-06	0.00e+00	0.00e+00	0.00e+00	0.00e+00	0.00e+00	0.00e+00
 1.62570e+23	4.61e-14	3.07e-06	2.90e-03	5.97e-02	1.04e-01	1.83e-01	4.50e-01	1.92e-01	7.53e-03	1.32e-04	1.92e-06	0.00e+00	0.00e+00	0.00e+00	0.00e+00	0.00e+00	0.00e+00
 1.64072e+23	6.22e-14	3.51e-06	3.28e-03	6.61e-02	1.10e-01	1.86e-01	4.43e-01	1.85e-01	7.04e-03	1.21e-04	1.75e-06	0.00e+00	0.00e+00	0.00e+00	0.00e+00	0.00e+00	0.00e+00
 1.65247e+23	7.88e-14	3.91e-06	3.63e-03	7.17e-02	1.14e-01	1.88e-01	4.37e-01	1.78e-01	6.66e-03	1.13e-04	1.62e-06	0.00e+00	0.00e+00	0.00e+00	0.00e+00	0.00e+00	0.00e+00
 1.66139e+23	9.83e-14	4.26e-06	3.92e-03	7.64e-02	1.18e-01	1.90e-01	4.32e-01	1.73e-01	6.37e-03	1.07e-04	1.52e-06	0.00e+00	0.00e+00	0.00e+00	0.00e+00	0.00e+00	0.00e+00
 1.67075e+23	1.19e-13	4.60e-06	4.22e-03	8.11e-02	1.21e-01	1.91e-01	4.27e-01	1.69e-01	6.09e-03	1.02e-04	1.44e-06	0.00e+00	0.00e+00	0.00e+00	0.00e+00	0.00e+00	0.00e+00
 1.68291e+23	1.57e-13	5.09e-06	4.63e-03	8.76e-02	1.26e-01	1.93e-01	4.21e-01	1.63e-01	5.75e-03	9.55e-05	1.33e-06	0.00e+00	0.00e+00	0.00e+00	0.00e+00	0.00e+00	0.00e+00
