#depth	Fe	Fe+	Fe+2	Fe+3	Fe+4	Fe+5	Fe+6	Fe+7	Fe+8	Fe+9	Fe+10	Fe+11	Fe+12	Fe+13	Fe+14	Fe+15	Fe+16	Fe+17	Fe+18	Fe+19	Fe+20	Fe+21	Fe+22	Fe+23	Fe+24	Fe+25	Fe+26
 6.17135e+19	0.00e+00	0.00e+00	0.00e+00	1.12e-32	4.09e-28	3.99e-24	1.33e-20	9.18e-18	3.10e-15	2.73e-13	1.53e-11	5.23e-10	1.46e-08	2.38e-07	2.58e-06	2.28e-05	1.63e-03	2.18e-02	1.25e-01	2.75e-01	3.00e-01	1.70e-01	6.82e-02	2.28e-02	1.47e-02	6.83e-04	1.13e-05
 1.87609e+20	0.00e+00	0.00e+00	0.00e+00	5.77e-32	1.91e-27	1.70e-23	5.17e-20	3.26e-17	9.98e-15	7.97e-13	4.02e-11	1.24e-09	3.11e-08	4.56e-07	4.44e-06	3.53e-05	2.31e-03	2.85e-02	1.49e-01	2.97e-01	2.92e-01	1.50e-01	5.44e-02	1.65e-02	9.93e-03	4.18e-04	6.26e-06
 3.09890e+20	0.00e+00	0.00e+00	0.00e+00	2.62e-31	7.93e-27	6.51e-23	1.81e-19	1.05e-16	2.93e-14	2.13e-12	9.78e-11	2.74e-09	6.22e-08	8.25e-07	7.27e-06	5.25e-05	3.17e-03	3.61e-02	1.73e-01	3.14e-01	2.80e-01	1.31e-01	4.34e-02	1.20e-02	6.79e-03	2.60e-04	3.56e-06
 4.23532e+20	0.00e+00	0.00e+00	0.00e+00	1.00e-30	2.81e-26	2.14e-22	5.51e-19	2.96e-16	7.62e-14	5.10e-12	2.15e-10	5.51e-09	1.15e-07	1.39e-06	1.12e-05	7.41e-05	4.17e-03	4.40e-02	1.96e-01	3.26e-01	2.67e-01	1.14e-01	3.50e-02	8.96e-03	4.78e-03	1.68e-04	2.11e-06
 4.98912e+20	0.00e+00	0.00e+00	0.00e+00	2.39e-30	6.33e-26	4.59e-22	1.13e-18	5.77e-16	1.41e-13	8.94e-12	3.56e-10	8.63e-09	1.69e-07	1.94e-06	1.47e-05	9.22e-05	4.94e-03	4.97e-02	2.10e-01	3.32e-01	2.57e-01	1.04e-01	3.02e-02	7.35e-03	3.78e-03	1.26e-04	1.50e-06
 5.30876e+20	0.00e+00	0.00e+00	0.00e+00	3.46e-30	8.96e-26	6.37e-22	1.53e-18	7.68e-16	1.83e-13	1.14e-11	4.42e-10	1.05e-08	2.00e-07	2.23e-06	1.65e-05	1.01e-04	5.31e-03	5.24e-02	2.17e-01	3.35e-01	2.52e-01	1.00e-01	2.83e-02	6.74e-03	3.41e-03	1.11e-04	1.29e-06
 5.58772e+20	0.00e+00	0.00e+00	0.00e+00	4.71e-30	1.20e-25	8.37e-22	1.98e-18	9.75e-16	2.28e-13	1.39e-11	5.29e-10	1.23e-08	2.30e-07	2.51e-06	1.82e-05	1.09e-04	5.64e-03	5.46e-02	2.22e-01	3.36e-01	2.48e-01	9.65e-02	2.68e-02	6.26e-03	3.13e-03	1.00e-04	1.14e-06
 5.95037e+20	0.00e+00	0.00e+00	0.00e+00	6.95e-30	1.73e-25	1.18e-21	2.73e-18	1.31e-15	3.00e-13	1.78e-11	6.63e-10	1.50e-08	2.73e-07	2.91e-06	2.06e-05	1.20e-04	6.07e-03	5.76e-02	2.29e-01	3.38e-01	2.43e-01	9.23e-02	2.50e-02	5.71e-03	2.81e-03	8.76e-05	9.75e-07
 6.42182e+20	0.00e+00	0.00e+00	0.00e+00	1.16e-29	2.79e-25	1.85e-21	4.16e-18	1.95e-15	4.31e-13	2.48e-11	8.92e-10	1.95e-08	3.43e-07	3.54e-06	2.41e-05	1.36e-04	6.69e-03	6.16e-02	2.38e-01	3.40e-01	2.36e-01	8.68e-02	2.28e-02	5.05e-03	2.44e-03	7.34e-05	7.90e-07
 6.93472e+20	0.00e+00	0.00e+00	0.00e+00	2.00e-29	4.66e-25	3.00e-21	6.54e-18	2.97e-15	6.35e-13	3.53e-11	1.23e-09	2.58e-08	4.39e-07	4.35e-06	2.85e-05	1.56e-04	7.42e-03	6.62e-02	2.48e-01	3.42e-01	2.28e-01	8.11e-02	2.06e-02	4.41e-03	2.08e-03	6.05e-05	6.29e-07
 7.39308e+20	0.00e+00	0.00e+00	0.00e+00	3.24e-29	7.33e-25	4.59e-21	9.74e-18	4.30e-15	8.94e-13	4.82e-11	1.62e-09	3.31e-08	5.44e-07	5.22e-06	3.31e-05	1.75e-04	8.11e-03	7.04e-02	2.56e-01	3.42e-01	2.22e-01	7.62e-02	1.88e-02	3.91e-03	1.81e-03	5.10e-05	5.14e-07
 7.81574e+20	0.00e+00	0.00e+00	0.00e+00	5.03e-29	1.11e-24	6.77e-21	1.40e-17	6.04e-15	1.22e-12	6.41e-11	2.09e-09	4.15e-08	6.61e-07	6.15e-06	3.79e-05	1.95e-04	8.79e-03	7.45e-02	2.64e-01	3.43e-01	2.15e-01	7.19e-02	1.73e-02	3.50e-03	1.59e-03	4.35e-05	4.26e-07
 8.30041e+20	0.00e+00	0.00e+00	0.00e+00	8.25e-29	1.76e-24	1.05e-20	2.11e-17	8.83e-15	1.73e-12	8.81e-11	2.79e-09	5.34e-08	8.23e-07	7.40e-06	4.40e-05	2.19e-04	9.61e-03	7.91e-02	2.73e-01	3.43e-01	2.08e-01	6.73e-02	1.57e-02	3.08e-03	1.37e-03	3.64e-05	3.45e-07
 8.84272e+20	0.00e+00	0.00e+00	0.00e+00	1.43e-28	2.94e-24	1.69e-20	3.31e-17	1.35e-14	2.55e-12	1.25e-10	3.82e-09	7.07e-08	1.05e-06	9.08e-06	5.20e-05	2.50e-04	1.06e-02	8.46e-02	2.82e-01	3.42e-01	2.00e-01	6.24e-02	1.40e-02	2.67e-03	1.16e-03	2.97e-05	2.72e-07
 9.30862e+20	0.00e+00	0.00e+00	0.00e+00	2.27e-28	4.54e-24	2.55e-20	4.85e-17	1.92e-14	3.54e-12	1.69e-10	5.00e-09	8.96e-08	1.29e-06	1.08e-05	5.98e-05	2.79e-04	1.15e-02	8.94e-02	2.90e-01	3.41e-01	1.93e-01	5.84e-02	1.28e-02	2.36e-03	1.01e-03	2.50e-05	2.22e-07
 9.68174e+20	0.00e+00	0.00e+00	0.00e+00	3.26e-28	6.38e-24	3.51e-20	6.55e-17	2.54e-14	4.58e-12	2.14e-10	6.17e-09	1.08e-07	1.51e-06	1.23e-05	6.67e-05	3.03e-04	1.23e-02	9.33e-02	2.97e-01	3.40e-01	1.87e-01	5.54e-02	1.18e-02	2.14e-03	9.03e-04	2.18e-05	1.89e-07
 1.00856e+21	0.00e+00	0.00e+00	0.00e+00	4.84e-28	9.25e-24	4.98e-20	9.09e-17	3.45e-14	6.06e-12	2.76e-10	7.76e-09	1.32e-07	1.80e-06	1.43e-05	7.50e-05	3.33e-04	1.31e-02	9.76e-02	3.03e-01	3.38e-01	1.81e-01	5.23e-02	1.09e-02	1.92e-03	7.98e-04	1.88e-05	1.58e-07
 1.06105e+21	0.00e+00	0.00e+00	5.32e-33	7.99e-28	1.48e-23	7.74e-20	1.37e-16	5.08e-14	8.65e-12	3.81e-10	1.04e-08	1.71e-07	2.24e-06	1.72e-05	8.71e-05	3.74e-04	1.43e-02	1.03e-01	3.12e-01	3.36e-01	1.74e-01	4.84e-02	9.77e-03	1.67e-03	6.81e-04	1.55e-05	1.26e-07
 1.11524e+21	0.00e+00	0.00e+00	9.19e-33	1.33e-27	2.39e-23	1.22e-19	2.10e-16	7.54e-14	1.24e-11	5.31e-10	1.40e-08	2.22e-07	2.81e-06	2.08e-05	1.01e-04	4.20e-04	1.56e-02	1.09e-01	3.20e-01	3.33e-01	1.66e-01	4.47e-02	8.74e-03	1.45e-03	5.78e-04	1.27e-05	0.00e+00
 1.15960e+21	0.00e+00	0.00e+00	1.43e-32	2.02e-27	3.53e-23	1.75e-19	2.96e-16	1.04e-13	1.67e-11	6.93e-10	1.77e-08	2.74e-07	3.37e-06	2.42e-05	1.15e-04	4.62e-04	1.68e-02	1.14e-01	3.26e-01	3.30e-01	1.60e-01	4.19e-02	7.97e-03	1.29e-03	5.06e-04	1.08e-05	0.00e+00
 1.20522e+21	0.00e+00	0.00e+00	2.24e-32	3.07e-27	5.22e-23	2.54e-19	4.18e-16	1.44e-13	2.25e-11	9.09e-10	2.26e-08	3.39e-07	4.05e-06	2.82e-05	1.30e-04	5.09e-04	1.80e-02	1.20e-01	3.33e-01	3.27e-01	1.54e-01	3.91e-02	7.25e-03	1.14e-03	4.41e-04	9.14e-06	0.00e+00
 1.26453e+21	0.00e+00	0.00e+00	3.98e-32	5.26e-27	8.65e-23	4.07e-19	6.53e-16	2.18e-13	3.29e-11	1.29e-09	3.09e-08	4.46e-07	5.12e-06	3.44e-05	1.52e-04	5.74e-04	1.97e-02	1.27e-01	3.41e-01	3.23e-01	1.46e-01	3.58e-02	6.40e-03	9.77e-04	3.69e-04	7.37e-06	0.00e+00
 1.32110e+21	0.00e+00	0.00e+00	6.84e-32	8.75e-27	1.39e-22	6.37e-19	9.94e-16	3.22e-13	4.72e-11	1.79e-09	4.14e-08	5.78e-07	6.40e-06	4.14e-05	1.76e-04	6.44e-04	2.14e-02	1.33e-01	3.48e-01	3.18e-01	1.38e-01	3.28e-02	5.68e-03	8.41e-04	3.11e-04	5.99e-06	0.00e+00
 1.36118e+21	0.00e+00	0.00e+00	1.00e-31	1.25e-26	1.95e-22	8.73e-19	1.34e-15	4.25e-13	6.09e-11	2.26e-09	5.10e-08	6.94e-07	7.49e-06	4.71e-05	1.96e-04	6.98e-04	2.26e-02	1.38e-01	3.53e-01	3.15e-01	1.33e-01	3.08e-02	5.22e-03	7.55e-04	2.75e-04	5.17e-06	0.00e+00
 1.40035e+21	0.00e+00	0.00e+00	1.44e-31	1.76e-26	2.68e-22	1.18e-18	1.77e-15	5.54e-13	7.77e-11	2.81e-09	6.22e-08	8.26e-07	8.69e-06	5.34e-05	2.16e-04	7.53e-04	2.39e-02	1.43e-01	3.58e-01	3.11e-01	1.28e-01	2.90e-02	4.81e-03	6.81e-04	2.45e-04	4.49e-06	0.00e+00
 1.45127e+21	0.00e+00	0.00e+00	2.31e-31	2.73e-26	4.04e-22	1.74e-18	2.55e-15	7.79e-13	1.06e-10	3.74e-09	8.02e-08	1.03e-06	1.05e-05	6.26e-05	2.45e-04	8.30e-04	2.56e-02	1.49e-01	3.63e-01	3.06e-01	1.22e-01	2.68e-02	4.32e-03	5.95e-04	2.10e-04	3.73e-06	0.00e+00
 1.50552e+21	0.00e+00	0.00e+00	3.80e-31	4.35e-26	6.24e-22	2.62e-18	3.75e-15	1.12e-12	1.48e-10	5.06e-09	1.05e-07	1.31e-06	1.29e-05	7.42e-05	2.81e-04	9.19e-04	2.76e-02	1.56e-01	3.69e-01	3.01e-01	1.16e-01	2.46e-02	3.84e-03	5.15e-04	1.78e-04	3.07e-06	0.00e+00
 1.55228e+21	0.00e+00	0.00e+00	5.80e-31	6.46e-26	9.04e-22	3.71e-18	5.20e-15	1.52e-12	1.96e-10	6.55e-09	1.32e-07	1.61e-06	1.53e-05	8.56e-05	3.15e-04	1.00e-03	2.93e-02	1.62e-01	3.74e-01	2.96e-01	1.11e-01	2.28e-02	3.48e-03	4.54e-04	1.55e-04	2.59e-06	0.00e+00
 1.60125e+21	0.00e+00	0.00e+00	8.97e-31	9.71e-26	1.32e-21	5.31e-18	7.30e-15	2.09e-12	2.63e-10	8.55e-09	1.68e-07	1.98e-06	1.83e-05	9.93e-05	3.54e-04	1.10e-03	3.12e-02	1.68e-01	3.78e-01	2.91e-01	1.05e-01	2.11e-02	3.13e-03	3.99e-04	1.34e-04	2.17e-06	0.00e+00
 1.65576e+21	0.00e+00	0.00e+00	1.45e-30	1.52e-25	2.02e-21	7.88e-18	1.06e-14	2.96e-12	3.63e-10	1.15e-08	2.18e-07	2.49e-06	2.23e-05	1.17e-04	4.03e-04	1.21e-03	3.34e-02	1.75e-01	3.83e-01	2.85e-01	9.94e-02	1.93e-02	2.78e-03	3.44e-04	1.13e-04	1.78e-06	0.00e+00
 1.70605e+21	0.00e+00	0.00e+00	2.25e-30	2.29e-25	2.96e-21	1.13e-17	1.49e-14	4.08e-12	4.88e-10	1.50e-08	2.78e-07	3.08e-06	2.67e-05	1.36e-04	4.53e-04	1.32e-03	3.56e-02	1.81e-01	3.87e-01	2.79e-01	9.43e-02	1.78e-02	2.50e-03	3.01e-04	9.75e-05	1.48e-06	0.00e+00
 1.75038e+21	0.00e+00	0.00e+00	3.30e-30	3.27e-25	4.12e-21	1.55e-17	2.01e-14	5.40e-12	6.30e-10	1.89e-08	3.42e-07	3.70e-06	3.13e-05	1.54e-04	5.01e-04	1.43e-03	3.75e-02	1.87e-01	3.90e-01	2.74e-01	9.00e-02	1.66e-02	2.27e-03	2.67e-04	8.52e-05	1.26e-06	0.00e+00
 1.79842e+21	0.00e+00	0.00e+00	4.96e-30	4.79e-25	5.89e-21	2.17e-17	2.76e-14	7.28e-12	8.30e-10	2.44e-08	4.28e-07	4.50e-06	3.70e-05	1.77e-04	5.59e-04	1.55e-03	3.97e-02	1.93e-01	3.93e-01	2.68e-01	8.54e-02	1.53e-02	2.04e-03	2.35e-04	7.37e-05	1.06e-06	0.00e+00
 1.85227e+21	0.00e+00	0.00e+00	7.80e-30	7.31e-25	8.74e-21	3.14e-17	3.92e-14	1.02e-11	1.13e-09	3.22e-08	5.50e-07	5.60e-06	4.45e-05	2.07e-04	6.31e-04	1.70e-03	4.23e-02	2.00e-01	3.97e-01	2.62e-01	8.05e-02	1.40e-02	1.81e-03	2.03e-04	6.27e-05	8.71e-07	0.00e+00
 1.90140e+21	0.00e+00	0.00e+00	1.17e-29	1.07e-24	1.25e-20	4.40e-17	5.39e-14	1.37e-11	1.49e-09	4.14e-08	6.89e-07	6.83e-06	5.27e-05	2.37e-04	7.04e-04	1.84e-03	4.47e-02	2.07e-01	3.99e-01	2.56e-01	7.62e-02	1.29e-02	1.63e-03	1.78e-04	5.40e-05	7.29e-07	0.00e+00
 1.94502e+21	0.00e+00	0.00e+00	1.68e-29	1.49e-24	1.70e-20	5.91e-17	7.13e-14	1.78e-11	1.90e-09	5.17e-08	8.40e-07	8.12e-06	6.11e-05	2.68e-04	7.74e-04	1.98e-03	4.70e-02	2.12e-01	4.01e-01	2.50e-01	7.26e-02	1.20e-02	1.48e-03	1.58e-04	4.73e-05	6.22e-07	0.00e+00
 1.99375e+21	0.00e+00	0.00e+00	2.49e-29	2.15e-24	2.40e-20	8.17e-17	9.70e-14	2.39e-11	2.48e-09	6.61e-08	1.05e-06	9.84e-06	7.19e-05	3.07e-04	8.60e-04	2.15e-03	4.95e-02	2.18e-01	4.03e-01	2.44e-01	6.87e-02	1.10e-02	1.33e-03	1.38e-04	4.08e-05	5.21e-07	0.00e+00
 2.04850e+21	0.00e+00	0.00e+00	3.86e-29	3.24e-24	3.52e-20	1.17e-16	1.37e-13	3.31e-11	3.35e-09	8.69e-08	1.34e-06	1.22e-05	8.63e-05	3.56e-04	9.66e-04	2.34e-03	5.26e-02	2.25e-01	4.05e-01	2.38e-01	6.44e-02	1.00e-02	1.17e-03	1.19e-04	3.45e-05	4.27e-07	0.00e+00
 2.09978e+21	0.00e+00	0.00e+00	5.78e-29	4.72e-24	5.00e-20	1.63e-16	1.88e-13	4.47e-11	4.42e-09	1.12e-07	1.68e-06	1.49e-05	1.02e-04	4.09e-04	1.08e-03	2.54e-03	5.55e-02	2.32e-01	4.06e-01	2.31e-01	6.07e-02	9.16e-03	1.05e-03	1.04e-04	2.95e-05	3.54e-07	0.00e+00
 2.14665e+21	0.00e+00	0.00e+00	8.32e-29	6.62e-24	6.86e-20	2.20e-16	2.50e-13	5.86e-11	5.68e-09	1.41e-07	2.06e-06	1.78e-05	1.19e-04	4.64e-04	1.19e-03	2.73e-03	5.82e-02	2.38e-01	4.07e-01	2.25e-01	5.74e-02	8.44e-03	9.42e-04	9.12e-05	2.56e-05	2.98e-07	0.00e+00
 2.19910e+21	0.00e+00	0.00e+00	1.24e-28	9.61e-24	9.72e-20	3.07e-16	3.42e-13	7.92e-11	7.49e-09	1.82e-07	2.58e-06	2.17e-05	1.41e-04	5.32e-04	1.32e-03	2.96e-03	6.14e-02	2.44e-01	4.08e-01	2.19e-01	5.39e-02	7.70e-03	8.37e-04	7.90e-05	2.18e-05	2.46e-07	0.00e+00
 2.25697e+21	0.00e+00	0.00e+00	1.92e-28	1.44e-23	1.42e-19	4.39e-16	4.83e-13	1.10e-10	1.02e-08	2.40e-07	3.31e-06	2.70e-05	1.69e-04	6.19e-04	1.49e-03	3.24e-03	6.51e-02	2.51e-01	4.09e-01	2.11e-01	5.02e-02	6.95e-03	7.34e-04	6.74e-05	1.83e-05	1.99e-07	0.00e+00
 2.30964e+21	0.00e+00	0.00e+00	2.84e-28	2.07e-23	1.99e-19	6.06e-16	6.58e-13	1.48e-10	1.33e-08	3.08e-07	4.14e-06	3.28e-05	2.00e-04	7.09e-04	1.65e-03	3.50e-03	6.85e-02	2.58e-01	4.09e-01	2.05e-01	4.70e-02	6.32e-03	6.51e-04	5.83e-05	1.55e-05	1.64e-07	0.00e+00
 2.35795e+21	0.00e+00	0.00e+00	4.04e-28	2.87e-23	2.70e-19	8.10e-16	8.70e-13	1.93e-10	1.71e-08	3.87e-07	5.07e-06	3.92e-05	2.32e-04	8.02e-04	1.82e-03	3.76e-03	7.17e-02	2.64e-01	4.08e-01	1.99e-01	4.43e-02	5.79e-03	5.83e-04	5.11e-05	1.34e-05	1.37e-07	0.00e+00
 2.41284e+21	0.00e+00	0.00e+00	5.97e-28	4.13e-23	3.80e-19	1.12e-15	1.19e-12	2.60e-10	2.25e-08	4.98e-07	6.37e-06	4.78e-05	2.74e-04	9.20e-04	2.02e-03	4.07e-03	7.55e-02	2.70e-01	4.08e-01	1.92e-01	4.13e-02	5.25e-03	5.14e-04	4.39e-05	1.13e-05	0.00e+00	0.00e+00
 2.47395e+21	0.00e+00	0.00e+00	9.16e-28	6.15e-23	5.51e-19	1.59e-15	1.67e-12	3.62e-10	3.05e-08	6.59e-07	8.18e-06	5.96e-05	3.30e-04	1.07e-03	2.27e-03	4.45e-03	7.99e-02	2.77e-01	4.06e-01	1.85e-01	3.82e-02	4.69e-03	4.47e-04	3.71e-05	9.39e-06	0.00e+00	0.00e+00
 2.53042e+21	0.00e+00	0.00e+00	1.35e-27	8.80e-23	7.71e-19	2.20e-15	2.28e-12	4.88e-10	4.03e-08	8.51e-07	1.03e-05	7.27e-05	3.91e-04	1.23e-03	2.53e-03	4.82e-03	8.40e-02	2.84e-01	4.05e-01	1.78e-01	3.55e-02	4.23e-03	3.92e-04	3.18e-05	7.90e-06	0.00e+00	0.00e+00
 2.58208e+21	0.00e+00	5.10e-33	1.91e-27	1.21e-22	1.04e-18	2.93e-15	3.02e-12	6.39e-10	5.18e-08	1.07e-06	1.26e-05	8.71e-05	4.55e-04	1.39e-03	2.78e-03	5.18e-03	8.80e-02	2.90e-01	4.03e-01	1.72e-01	3.32e-02	3.85e-03	3.48e-04	2.76e-05	6.74e-06	0.00e+00	0.00e+00
 2.64021e+21	0.00e+00	7.72e-33	2.79e-27	1.73e-22	1.45e-18	4.01e-15	4.10e-12	8.60e-10	6.83e-08	1.38e-06	1.59e-05	1.06e-04	5.38e-04	1.59e-03	3.09e-03	5.61e-03	9.25e-02	2.96e-01	4.01e-01	1.65e-01	3.07e-02	3.46e-03	3.04e-04	2.35e-05	5.65e-06	0.00e+00	0.00e+00
 2.70579e+21	0.00e+00	1.22e-32	4.25e-27	2.55e-22	2.08e-18	5.69e-15	5.76e-12	1.20e-09	9.28e-08	1.83e-06	2.04e-05	1.33e-04	6.48e-04	1.86e-03	3.48e-03	6.13e-03	9.77e-02	3.03e-01	3.98e-01	1.58e-01	2.82e-02	3.06e-03	2.62e-04	1.96e-05	4.62e-06	0.00e+00	0.00e+00
 2.76784e+21	0.00e+00	1.86e-32	6.26e-27	3.65e-22	2.91e-18	7.84e-15	7.90e-12	1.63e-09	1.23e-07	2.38e-06	2.58e-05	1.63e-04	7.71e-04	2.14e-03	3.88e-03	6.65e-03	1.03e-01	3.09e-01	3.95e-01	1.51e-01	2.59e-02	2.73e-03	2.27e-04	1.66e-05	3.83e-06	0.00e+00	0.00e+00
 2.82265e+21	0.00e+00	2.68e-32	8.73e-27	4.96e-22	3.89e-18	1.03e-14	1.04e-11	2.12e-09	1.58e-07	3.00e-06	3.17e-05	1.95e-04	8.95e-04	2.41e-03	4.26e-03	7.15e-03	1.07e-01	3.14e-01	3.91e-01	1.45e-01	2.41e-02	2.46e-03	2.00e-04	1.43e-05	3.24e-06	0.00e+00	0.00e+00
 2.87355e+21	0.00e+00	3.72e-32	1.18e-26	6.56e-22	5.05e-18	1.33e-14	1.33e-11	2.71e-09	1.98e-07	3.69e-06	3.82e-05	2.29e-04	1.03e-03	2.70e-03	4.65e-03	7.63e-03	1.12e-01	3.19e-01	3.88e-01	1.40e-01	2.25e-02	2.24e-03	1.78e-04	1.24e-05	2.78e-06	0.00e+00	0.00e+00
 2.93200e+21	0.00e+00	5.37e-32	1.65e-26	8.95e-22	6.76e-18	1.76e-14	1.76e-11	3.55e-09	2.55e-07	4.66e-06	4.71e-05	2.75e-04	1.20e-03	3.06e-03	5.12e-03	8.21e-03	1.17e-01	3.25e-01	3.84e-01	1.34e-01	2.08e-02	2.01e-03	1.55e-04	1.06e-05	2.34e-06	0.00e+00	0.00e+00
 2.99719e+21	0.00e+00	8.02e-32	2.38e-26	1.26e-21	9.29e-18	2.40e-14	2.38e-11	4.79e-09	3.37e-07	6.03e-06	5.93e-05	3.36e-04	1.42e-03	3.51e-03	5.68e-03	8.89e-03	1.23e-01	3.30e-01	3.79e-01	1.27e-01	1.90e-02	1.78e-03	1.34e-04	8.92e-06	1.92e-06	0.00e+00	0.00e+00
 3.05776e+21	0.00e+00	1.15e-31	3.32e-26	1.71e-21	1.24e-17	3.16e-14	3.13e-11	6.28e-09	4.34e-07	7.61e-06	7.31e-05	4.03e-04	1.65e-03	3.97e-03	6.25e-03	9.57e-03	1.28e-01	3.35e-01	3.74e-01	1.22e-01	1.75e-02	1.59e-03	1.17e-04	7.60e-06	1.61e-06	0.00e+00	0.00e+00
 3.11417e+21	0.00e+00	1.60e-31	4.47e-26	2.25e-21	1.60e-17	4.06e-14	4.02e-11	8.04e-09	5.46e-07	9.42e-06	8.84e-05	4.76e-04	1.90e-03	4.44e-03	6.82e-03	1.02e-02	1.33e-01	3.39e-01	3.69e-01	1.16e-01	1.62e-02	1.43e-03	1.03e-04	6.55e-06	1.36e-06	0.00e+00	0.00e+00
 3.17854e+21	0.00e+00	2.30e-31	6.23e-26	3.05e-21	2.14e-17	5.37e-14	5.32e-11	1.06e-08	7.05e-07	1.19e-05	1.09e-04	5.73e-04	2.21e-03	5.03e-03	7.51e-03	1.10e-02	1.39e-01	3.44e-01	3.64e-01	1.11e-01	1.48e-02	1.27e-03	8.90e-05	5.54e-06	1.13e-06	0.00e+00	0.00e+00
 3.25049e+21	0.00e+00	3.41e-31	8.92e-26	4.26e-21	2.92e-17	7.27e-14	7.20e-11	1.43e-08	9.33e-07	1.55e-05	1.38e-04	7.00e-04	2.62e-03	5.77e-03	8.34e-03	1.19e-02	1.46e-01	3.48e-01	3.57e-01	1.05e-01	1.34e-02	1.11e-03	7.58e-05	4.60e-06	9.21e-07	0.00e+00	0.00e+00
 3.31775e+21	0.00e+00	4.87e-31	1.24e-25	5.76e-21	3.88e-17	9.58e-14	9.50e-11	1.88e-08	1.20e-06	1.96e-05	1.70e-04	8.41e-04	3.05e-03	6.52e-03	9.17e-03	1.28e-02	1.52e-01	3.52e-01	3.50e-01	9.90e-02	1.23e-02	9.84e-04	6.53e-05	3.87e-06	7.60e-07	0.00e+00	0.00e+00
 3.38094e+21	0.00e+00	6.75e-31	1.66e-25	7.57e-21	5.03e-17	1.23e-13	1.22e-10	2.42e-08	1.52e-06	2.43e-05	2.06e-04	9.95e-04	3.50e-03	7.30e-03	1.00e-02	1.37e-02	1.58e-01	3.56e-01	3.44e-01	9.41e-02	1.12e-02	8.77e-04	5.69e-05	3.30e-06	6.37e-07	0.00e+00	0.00e+00
 3.45336e+21	0.00e+00	9.69e-31	2.31e-25	1.03e-20	6.71e-17	1.63e-13	1.62e-10	3.20e-08	1.98e-06	3.10e-05	2.56e-04	1.20e-03	4.09e-03	8.27e-03	1.10e-02	1.48e-02	1.65e-01	3.59e-01	3.36e-01	8.87e-02	1.02e-02	7.70e-04	4.87e-05	2.75e-06	5.21e-07	0.00e+00	0.00e+00
 3.53427e+21	0.00e+00	1.44e-30	3.31e-25	1.43e-20	9.16e-17	2.21e-13	2.21e-10	4.35e-08	2.62e-06	4.02e-05	3.23e-04	1.47e-03	4.84e-03	9.47e-03	1.22e-02	1.60e-02	1.73e-01	3.62e-01	3.28e-01	8.30e-02	9.13e-03	6.66e-04	4.09e-05	2.25e-06	4.18e-07	0.00e+00	0.00e+00
 3.60991e+21	0.00e+00	2.05e-30	4.58e-25	1.93e-20	1.22e-16	2.91e-13	2.92e-10	5.75e-08	3.40e-06	5.11e-05	4.00e-04	1.76e-03	5.63e-03	1.07e-02	1.34e-02	1.72e-02	1.80e-01	3.65e-01	3.19e-01	7.80e-02	8.24e-03	5.82e-04	3.49e-05	1.87e-06	3.41e-07	0.00e+00	0.00e+00
 3.68099e+21	0.00e+00	2.84e-30	6.15e-25	2.54e-20	1.58e-16	3.75e-13	3.77e-10	7.41e-08	4.30e-06	6.36e-05	4.86e-04	2.08e-03	6.46e-03	1.19e-02	1.46e-02	1.84e-02	1.87e-01	3.66e-01	3.11e-01	7.35e-02	7.49e-03	5.14e-04	3.00e-05	1.58e-06	2.82e-07	0.00e+00	0.00e+00
 3.76247e+21	0.00e+00	4.07e-30	8.54e-25	3.45e-20	2.10e-16	4.97e-13	5.02e-10	9.85e-08	5.60e-06	8.10e-05	6.02e-04	2.51e-03	7.53e-03	1.35e-02	1.60e-02	1.98e-02	1.94e-01	3.68e-01	3.02e-01	6.87e-02	6.72e-03	4.46e-04	2.54e-05	1.30e-06	2.28e-07	0.00e+00	0.00e+00
 3.84933e+21	0.00e+00	5.92e-30	1.20e-24	4.73e-20	2.83e-16	6.65e-13	6.76e-10	1.32e-07	7.36e-06	1.04e-04	7.53e-04	3.04e-03	8.81e-03	1.53e-02	1.76e-02	2.13e-02	2.02e-01	3.69e-01	2.92e-01	6.38e-02	5.98e-03	3.83e-04	2.12e-05	1.06e-06	1.82e-07	0.00e+00	0.00e+00
 3.92273e+21	0.00e+00	8.05e-30	1.59e-24	6.13e-20	3.63e-16	8.46e-13	8.63e-10	1.69e-07	9.22e-06	1.28e-04	9.05e-04	3.55e-03	1.00e-02	1.70e-02	1.91e-02	2.26e-02	2.08e-01	3.69e-01	2.84e-01	5.99e-02	5.42e-03	3.38e-04	1.83e-05	8.96e-07	1.51e-07	0.00e+00	0.00e+00
 3.98770e+21	0.00e+00	1.05e-29	2.03e-24	7.68e-20	4.48e-16	1.04e-12	1.07e-09	2.08e-07	1.12e-05	1.53e-04	1.06e-03	4.07e-03	1.12e-02	1.85e-02	2.04e-02	2.38e-02	2.14e-01	3.69e-01	2.76e-01	5.67e-02	4.97e-03	3.02e-04	1.60e-05	7.72e-07	1.28e-07	0.00e+00	0.00e+00
 4.06214e+21	0.00e+00	1.41e-29	2.66e-24	9.87e-20	5.69e-16	1.32e-12	1.35e-09	2.64e-07	1.39e-05	1.87e-04	1.26e-03	4.72e-03	1.26e-02	2.04e-02	2.19e-02	2.52e-02	2.20e-01	3.68e-01	2.68e-01	5.32e-02	4.51e-03	2.67e-04	1.38e-05	6.53e-07	0.00e+00	0.00e+00	0.00e+00
 4.15892e+21	0.00e+00	2.06e-29	3.74e-24	1.36e-19	7.69e-16	1.77e-12	1.83e-09	3.56e-07	1.83e-05	2.41e-04	1.58e-03	5.71e-03	1.47e-02	2.30e-02	2.40e-02	2.70e-02	2.28e-01	3.66e-01	2.57e-01	4.89e-02	3.97e-03	2.27e-04	1.14e-05	5.26e-07	0.00e+00	0.00e+00	0.00e+00
 4.25764e+21	0.00e+00	2.99e-29	5.26e-24	1.86e-19	1.04e-15	2.37e-12	2.47e-09	4.78e-07	2.41e-05	3.09e-04	1.96e-03	6.87e-03	1.71e-02	2.59e-02	2.62e-02	2.90e-02	2.35e-01	3.64e-01	2.45e-01	4.49e-02	3.49e-03	1.92e-04	9.43e-06	4.23e-07	0.00e+00	0.00e+00	0.00e+00
 4.33752e+21	0.00e+00	4.01e-29	6.88e-24	2.39e-19	1.32e-15	2.99e-12	3.12e-09	6.04e-07	2.98e-05	3.76e-04	2.33e-03	7.95e-03	1.93e-02	2.83e-02	2.80e-02	3.05e-02	2.41e-01	3.61e-01	2.36e-01	4.18e-02	3.14e-03	1.68e-04	8.08e-06	3.55e-07	0.00e+00	0.00e+00	0.00e+00
 4.42001e+21	0.00e+00	5.39e-29	9.01e-24	3.07e-19	1.67e-15	3.78e-12	3.96e-09	7.64e-07	3.69e-05	4.58e-04	2.77e-03	9.18e-03	2.16e-02	3.10e-02	3.00e-02	3.21e-02	2.47e-01	3.58e-01	2.27e-01	3.89e-02	2.82e-03	1.47e-04	6.91e-06	2.97e-07	0.00e+00	0.00e+00	0.00e+00
 4.52724e+21	0.00e+00	7.85e-29	1.27e-23	4.22e-19	2.26e-15	5.08e-12	5.35e-09	1.03e-06	4.85e-05	5.86e-04	3.44e-03	1.10e-02	2.50e-02	3.47e-02	3.25e-02	3.42e-02	2.53e-01	3.52e-01	2.15e-01	3.53e-02	2.45e-03	1.24e-04	5.64e-06	2.37e-07	0.00e+00	0.00e+00	0.00e+00
 4.63817e+21	0.00e+00	1.15e-28	1.79e-23	5.82e-19	3.07e-15	6.84e-12	7.25e-09	1.39e-06	6.36e-05	7.50e-04	4.26e-03	1.32e-02	2.89e-02	3.87e-02	3.52e-02	3.63e-02	2.59e-01	3.46e-01	2.03e-01	3.20e-02	2.12e-03	1.03e-04	4.58e-06	1.87e-07	0.00e+00	0.00e+00	0.00e+00
 4.72434e+21	0.00e+00	1.52e-28	2.32e-23	7.41e-19	3.86e-15	8.58e-12	9.14e-09	1.74e-06	7.84e-05	9.07e-04	5.03e-03	1.51e-02	3.22e-02	4.21e-02	3.74e-02	3.80e-02	2.64e-01	3.41e-01	1.94e-01	2.95e-02	1.89e-03	8.94e-05	3.89e-06	1.56e-07	0.00e+00	0.00e+00	0.00e+00
 4.79445e+21	0.00e+00	1.92e-28	2.87e-23	9.01e-19	4.65e-15	1.03e-11	1.10e-08	2.08e-06	9.20e-05	1.05e-03	5.70e-03	1.68e-02	3.49e-02	4.47e-02	3.91e-02	3.93e-02	2.66e-01	3.36e-01	1.86e-01	2.77e-02	1.73e-03	8.02e-05	3.43e-06	1.35e-07	0.00e+00	0.00e+00	0.00e+00
 4.87329e+21	0.00e+00	2.47e-28	3.61e-23	1.12e-18	5.71e-15	1.25e-11	1.34e-08	2.53e-06	1.10e-04	1.23e-03	6.55e-03	1.88e-02	3.82e-02	4.78e-02	4.10e-02	4.07e-02	2.69e-01	3.30e-01	1.78e-01	2.58e-02	1.56e-03	7.08e-05	2.97e-06	1.15e-07	0.00e+00	0.00e+00	0.00e+00
 4.97579e+21	0.00e+00	3.40e-28	4.84e-23	1.47e-18	7.40e-15	1.62e-11	1.73e-08	3.25e-06	1.38e-04	1.51e-03	7.80e-03	2.17e-02	4.27e-02	5.20e-02	4.34e-02	4.25e-02	2.72e-01	3.23e-01	1.68e-01	2.34e-02	1.37e-03	6.03e-05	2.47e-06	0.00e+00	0.00e+00	0.00e+00	0.00e+00
 5.08519e+21	0.00e+00	4.75e-28	6.58e-23	1.95e-18	9.70e-15	2.10e-11	2.26e-08	4.21e-06	1.74e-04	1.86e-03	9.34e-03	2.52e-02	4.79e-02	5.66e-02	4.60e-02	4.43e-02	2.75e-01	3.14e-01	1.58e-01	2.11e-02	1.19e-03	5.07e-05	2.03e-06	0.00e+00	0.00e+00	0.00e+00	0.00e+00
 5.18070e+21	0.00e+00	6.33e-28	8.55e-23	2.49e-18	1.22e-14	2.63e-11	2.83e-08	5.24e-06	2.12e-04	2.22e-03	1.09e-02	2.85e-02	5.27e-02	6.07e-02	4.83e-02	4.58e-02	2.76e-01	3.05e-01	1.49e-01	1.93e-02	1.05e-03	4.37e-05	1.71e-06	0.00e+00	0.00e+00	0.00e+00	0.00e+00
 5.28198e+21	0.00e+00	8.50e-28	1.12e-22	3.21e-18	1.55e-14	3.32e-11	3.58e-08	6.56e-06	2.59e-04	2.66e-03	1.27e-02	3.23e-02	5.80e-02	6.50e-02	5.05e-02	4.73e-02	2.77e-01	2.96e-01	1.40e-01	1.75e-02	9.21e-04	3.73e-05	1.43e-06	0.00e+00	0.00e+00	0.00e+00	0.00e+00
 5.41366e+21	0.00e+00	1.24e-27	1.58e-22	4.41e-18	2.10e-14	4.46e-11	4.80e-08	8.72e-06	3.34e-04	3.33e-03	1.54e-02	3.77e-02	6.51e-02	7.06e-02	5.33e-02	4.90e-02	2.77e-01	2.84e-01	1.28e-01	1.54e-02	7.77e-04	3.04e-05	1.13e-06	0.00e+00	0.00e+00	0.00e+00	0.00e+00
 5.54685e+21	0.00e+00	1.79e-27	2.21e-22	6.05e-18	2.84e-14	5.96e-11	6.41e-08	1.15e-05	4.28e-04	4.15e-03	1.85e-02	4.37e-02	7.28e-02	7.63e-02	5.60e-02	5.06e-02	2.75e-01	2.71e-01	1.18e-01	1.35e-02	6.54e-04	2.48e-05	8.98e-07	0.00e+00	0.00e+00	0.00e+00	0.00e+00
 5.65313e+21	0.00e+00	2.39e-27	2.88e-22	7.74e-18	3.58e-14	7.46e-11	8.02e-08	1.42e-05	5.18e-04	4.91e-03	2.13e-02	4.89e-02	7.91e-02	8.07e-02	5.79e-02	5.16e-02	2.73e-01	2.60e-01	1.09e-01	1.22e-02	5.69e-04	2.10e-05	7.46e-07	0.00e+00	0.00e+00	0.00e+00	0.00e+00
 5.76242e+21	0.00e+00	3.19e-27	3.75e-22	9.89e-18	4.52e-14	9.34e-11	1.00e-07	1.76e-05	6.24e-04	5.79e-03	2.45e-02	5.45e-02	8.56e-02	8.51e-02	5.97e-02	5.25e-02	2.70e-01	2.49e-01	1.01e-01	1.09e-02	4.94e-04	1.78e-05	6.18e-07	0.00e+00	0.00e+00	0.00e+00	0.00e+00
 5.88402e+21	0.00e+00	4.37e-27	5.00e-22	1.29e-17	5.83e-14	1.19e-10	1.27e-07	2.21e-05	7.64e-04	6.91e-03	2.83e-02	6.11e-02	9.30e-02	8.98e-02	6.15e-02	5.34e-02	2.66e-01	2.36e-01	9.30e-02	9.67e-03	4.22e-04	1.48e-05	5.02e-07	0.00e+00	0.00e+00	0.00e+00	0.00e+00
 5.99736e+21	4.68e-33	5.82e-27	6.50e-22	1.65e-17	7.34e-14	1.49e-10	1.59e-07	2.72e-05	9.16e-04	8.10e-03	3.23e-02	6.77e-02	9.99e-02	9.40e-02	6.30e-02	5.39e-02	2.61e-01	2.24e-01	8.56e-02	8.61e-03	3.64e-04	1.24e-05	4.13e-07	0.00e+00	0.00e+00	0.00e+00	0.00e+00
 6.12043e+21	6.55e-33	7.87e-27	8.58e-22	2.14e-17	9.37e-14	1.88e-10	1.99e-07	3.37e-05	1.11e-03	9.54e-03	3.70e-02	7.50e-02	1.07e-01	9.83e-02	6.43e-02	5.43e-02	2.55e-01	2.12e-01	7.81e-02	7.59e-03	3.10e-04	1.03e-05	3.35e-07	0.00e+00	0.00e+00	0.00e+00	0.00e+00
 6.25701e+21	9.42e-33	1.09e-26	1.16e-21	2.82e-17	1.22e-13	2.41e-10	2.55e-07	4.25e-05	1.35e-03	1.14e-02	4.26e-02	8.36e-02	1.16e-01	1.03e-01	6.55e-02	5.44e-02	2.48e-01	1.98e-01	7.03e-02	6.58e-03	2.59e-04	8.37e-06	2.66e-07	0.00e+00	0.00e+00	0.00e+00	0.00e+00
 6.38413e+21	1.31e-32	1.47e-26	1.52e-21	3.64e-17	1.55e-13	3.03e-10	3.18e-07	5.23e-05	1.62e-03	1.33e-02	4.83e-02	9.18e-02	1.23e-01	1.06e-01	6.62e-02	5.43e-02	2.40e-01	1.85e-01	6.36e-02	5.75e-03	2.19e-04	6.89e-06	2.14e-07	0.00e+00	0.00e+00	0.00e+00	0.00e+00
 6.52240e+21	1.86e-32	2.02e-26	2.03e-21	4.75e-17	1.99e-13	3.85e-10	4.01e-07	6.48e-05	1.95e-03	1.55e-02	5.49e-02	1.01e-01	1.31e-01	1.10e-01	6.67e-02	5.39e-02	2.31e-01	1.72e-01	5.70e-02	4.97e-03	1.82e-04	5.59e-06	1.70e-07	0.00e+00	0.00e+00	0.00e+00	0.00e+00
 6.67698e+21	2.71e-32	2.84e-26	2.77e-21	6.35e-17	2.61e-13	4.98e-10	5.15e-07	8.17e-05	2.38e-03	1.84e-02	6.28e-02	1.11e-01	1.39e-01	1.13e-01	6.69e-02	5.32e-02	2.20e-01	1.58e-01	5.02e-02	4.20e-03	1.49e-04	4.43e-06	1.31e-07	0.00e+00	0.00e+00	0.00e+00	0.00e+00
 6.82292e+21	3.83e-32	3.90e-26	3.70e-21	8.28e-17	3.36e-13	6.31e-10	6.46e-07	1.01e-04	2.84e-03	2.14e-02	7.07e-02	1.21e-01	1.47e-01	1.16e-01	6.67e-02	5.23e-02	2.10e-01	1.45e-01	4.44e-02	3.59e-03	1.22e-04	3.55e-06	0.00e+00	0.00e+00	0.00e+00	0.00e+00	0.00e+00
 6.98279e+21	5.52e-32	5.44e-26	5.01e-21	1.10e-16	4.37e-13	8.08e-10	8.19e-07	1.25e-04	3.42e-03	2.50e-02	7.98e-02	1.32e-01	1.54e-01	1.18e-01	6.61e-02	5.10e-02	1.98e-01	1.31e-01	3.88e-02	3.01e-03	9.90e-05	2.79e-06	0.00e+00	0.00e+00	0.00e+00	0.00e+00	0.00e+00
 7.16195e+21	8.21e-32	7.82e-26	6.97e-21	1.49e-16	5.81e-13	1.06e-09	1.06e-06	1.58e-04	4.17e-03	2.94e-02	9.06e-02	1.44e-01	1.61e-01	1.19e-01	6.50e-02	4.93e-02	1.84e-01	1.17e-01	3.32e-02	2.46e-03	7.79e-05	2.13e-06	0.00e+00	0.00e+00	0.00e+00	0.00e+00	0.00e+00
 7.32099e+21	1.15e-31	1.07e-25	9.28e-21	1.94e-16	7.43e-13	1.33e-09	1.32e-06	1.92e-04	4.92e-03	3.37e-02	1.00e-01	1.54e-01	1.67e-01	1.20e-01	6.37e-02	4.76e-02	1.72e-01	1.05e-01	2.88e-02	2.06e-03	6.29e-05	1.67e-06	0.00e+00	0.00e+00	0.00e+00	0.00e+00	0.00e+00
 7.45756e+21	1.53e-31	1.39e-25	1.18e-20	2.41e-16	9.12e-13	1.61e-09	1.57e-06	2.26e-04	5.63e-03	3.77e-02	1.09e-01	1.62e-01	1.71e-01	1.20e-01	6.24e-02	4.60e-02	1.62e-01	9.62e-02	2.55e-02	1.77e-03	5.24e-05	1.36e-06	0.00e+00	0.00e+00	0.00e+00	0.00e+00	0.00e+00
 7.61012e+21	2.09e-31	1.84e-25	1.52e-20	3.05e-16	1.14e-12	1.97e-09	1.91e-06	2.69e-04	6.51e-03	4.24e-02	1.19e-01	1.71e-01	1.75e-01	1.19e-01	6.07e-02	4.41e-02	1.51e-01	8.65e-02	2.21e-02	1.48e-03	4.26e-05	1.08e-06	0.00e+00	0.00e+00	0.00e+00	0.00e+00	0.00e+00
 7.80845e+21	3.08e-31	2.64e-25	2.11e-20	4.13e-16	1.50e-12	2.55e-09	2.43e-06	3.33e-04	7.75e-03	4.87e-02	1.32e-01	1.82e-01	1.79e-01	1.18e-01	5.82e-02	4.16e-02	1.38e-01	7.54e-02	1.85e-02	1.19e-03	3.28e-05	8.10e-07	0.00e+00	0.00e+00	0.00e+00	0.00e+00	0.00e+00
 8.01751e+21	4.54e-31	3.79e-25	2.92e-20	5.57e-16	1.98e-12	3.31e-09	3.10e-06	4.14e-04	9.26e-03	5.62e-02	1.46e-01	1.93e-01	1.82e-01	1.15e-01	5.53e-02	3.88e-02	1.24e-01	6.46e-02	1.52e-02	9.29e-04	2.46e-05	5.88e-07	0.00e+00	0.00e+00	0.00e+00	0.00e+00	0.00e+00
 8.18804e+21	6.17e-31	5.04e-25	3.79e-20	7.07e-16	2.47e-12	4.06e-09	3.74e-06	4.89e-04	1.06e-02	6.25e-02	1.57e-01	2.01e-01	1.83e-01	1.13e-01	5.29e-02	3.66e-02	1.13e-01	5.69e-02	1.29e-02	7.62e-04	1.95e-05	4.55e-07	0.00e+00	0.00e+00	0.00e+00	0.00e+00	0.00e+00
 8.33456e+21	7.97e-31	6.42e-25	4.71e-20	8.63e-16	2.98e-12	4.80e-09	4.37e-06	5.61e-04	1.18e-02	6.81e-02	1.66e-01	2.07e-01	1.84e-01	1.10e-01	5.07e-02	3.47e-02	1.04e-01	5.10e-02	1.12e-02	6.43e-04	1.60e-05	3.66e-07	0.00e+00	0.00e+00	0.00e+00	0.00e+00	0.00e+00
 8.50237e+21	1.06e-30	8.38e-25	5.99e-20	1.08e-15	3.65e-12	5.79e-09	5.20e-06	6.52e-04	1.34e-02	7.47e-02	1.77e-01	2.13e-01	1.84e-01	1.07e-01	4.82e-02	3.25e-02	9.50e-02	4.49e-02	9.53e-03	5.29e-04	1.28e-05	2.85e-07	0.00e+00	0.00e+00	0.00e+00	0.00e+00	0.00e+00
 8.72053e+21	1.52e-30	1.18e-24	8.14e-20	1.42e-15	4.72e-12	7.32e-09	6.44e-06	7.85e-04	1.55e-02	8.35e-02	1.90e-01	2.20e-01	1.82e-01	1.03e-01	4.50e-02	2.98e-02	8.41e-02	3.81e-02	7.75e-03	4.12e-04	9.60e-06	2.08e-07	0.00e+00	0.00e+00	0.00e+00	0.00e+00	0.00e+00
 8.94707e+21	2.15e-30	1.64e-24	1.10e-19	1.88e-15	6.09e-12	9.25e-09	7.99e-06	9.47e-04	1.80e-02	9.33e-02	2.04e-01	2.26e-01	1.80e-01	9.77e-02	4.15e-02	2.71e-02	7.35e-02	3.18e-02	6.19e-03	3.14e-04	7.04e-06	1.48e-07	0.00e+00	0.00e+00	0.00e+00	0.00e+00	0.00e+00
 9.13405e+21	2.85e-30	2.15e-24	1.40e-19	2.34e-15	7.47e-12	1.11e-08	9.46e-06	1.10e-03	2.01e-02	1.02e-01	2.15e-01	2.30e-01	1.77e-01	9.35e-02	3.88e-02	2.50e-02	6.58e-02	2.74e-02	5.15e-03	2.52e-04	5.48e-06	0.00e+00	0.00e+00	0.00e+00	0.00e+00	0.00e+00	0.00e+00
 9.32669e+21	3.77e-30	2.81e-24	1.78e-19	2.92e-15	9.15e-12	1.34e-08	1.12e-05	1.27e-03	2.25e-02	1.10e-01	2.25e-01	2.33e-01	1.74e-01	8.90e-02	3.62e-02	2.29e-02	5.86e-02	2.35e-02	4.26e-03	2.02e-04	4.24e-06	0.00e+00	0.00e+00	0.00e+00	0.00e+00	0.00e+00	0.00e+00
 9.57711e+21	5.36e-30	3.96e-24	2.43e-19	3.87e-15	1.18e-11	1.69e-08	1.38e-05	1.51e-03	2.57e-02	1.21e-01	2.38e-01	2.35e-01	1.68e-01	8.34e-02	3.29e-02	2.05e-02	5.04e-02	1.94e-02	3.35e-03	1.51e-04	3.07e-06	0.00e+00	0.00e+00	0.00e+00	0.00e+00	0.00e+00	0.00e+00
 9.83554e+21	7.51e-30	5.52e-24	3.27e-19	5.08e-15	1.52e-11	2.12e-08	1.70e-05	1.80e-03	2.94e-02	1.33e-01	2.50e-01	2.36e-01	1.62e-01	7.74e-02	2.96e-02	1.81e-02	4.28e-02	1.57e-02	2.59e-03	1.11e-04	2.17e-06	0.00e+00	0.00e+00	0.00e+00	0.00e+00	0.00e+00	0.00e+00
 1.00468e+22	9.79e-30	7.20e-24	4.15e-19	6.31e-15	1.86e-11	2.54e-08	2.00e-05	2.07e-03	3.26e-02	1.43e-01	2.60e-01	2.36e-01	1.57e-01	7.26e-02	2.71e-02	1.64e-02	3.75e-02	1.32e-02	2.10e-03	8.71e-05	1.64e-06	0.00e+00	0.00e+00	0.00e+00	0.00e+00	0.00e+00	0.00e+00
 1.02640e+22	1.28e-29	9.38e-24	5.27e-19	7.83e-15	2.27e-11	3.04e-08	2.34e-05	2.37e-03	3.60e-02	1.53e-01	2.69e-01	2.36e-01	1.51e-01	6.79e-02	2.48e-02	1.48e-02	3.27e-02	1.11e-02	1.70e-03	6.78e-05	1.24e-06	0.00e+00	0.00e+00	0.00e+00	0.00e+00	0.00e+00	0.00e+00
 1.04981e+22	1.67e-29	1.24e-23	6.77e-19	9.84e-15	2.80e-11	3.67e-08	2.77e-05	2.72e-03	3.99e-02	1.64e-01	2.77e-01	2.34e-01	1.45e-01	6.30e-02	2.24e-02	1.32e-02	2.82e-02	9.17e-03	1.35e-03	5.18e-05	9.13e-07	0.00e+00	0.00e+00	0.00e+00	0.00e+00	0.00e+00	0.00e+00
 1.07053e+22	2.11e-29	1.57e-23	8.37e-19	1.20e-14	3.35e-11	4.31e-08	3.20e-05	3.06e-03	4.36e-02	1.74e-01	2.84e-01	2.32e-01	1.39e-01	5.88e-02	2.05e-02	1.19e-02	2.47e-02	7.75e-03	1.10e-03	4.08e-05	6.99e-07	0.00e+00	0.00e+00	0.00e+00	0.00e+00	0.00e+00	0.00e+00
 1.08964e+22	2.59e-29	1.95e-23	1.02e-18	1.43e-14	3.94e-11	4.98e-08	3.64e-05	3.41e-03	4.70e-02	1.83e-01	2.90e-01	2.29e-01	1.34e-01	5.52e-02	1.89e-02	1.08e-02	2.19e-02	6.65e-03	9.16e-04	3.29e-05	5.48e-07	0.00e+00	0.00e+00	0.00e+00	0.00e+00	0.00e+00	0.00e+00
 1.11157e+22	3.25e-29	2.47e-23	1.26e-18	1.73e-14	4.71e-11	5.85e-08	4.19e-05	3.83e-03	5.12e-02	1.93e-01	2.96e-01	2.26e-01	1.27e-01	5.12e-02	1.71e-02	9.71e-03	1.90e-02	5.57e-03	7.40e-04	2.56e-05	4.15e-07	0.00e+00	0.00e+00	0.00e+00	0.00e+00	0.00e+00	0.00e+00
 1.13632e+22	4.16e-29	3.21e-23	1.59e-18	2.15e-14	5.74e-11	6.98e-08	4.90e-05	4.36e-03	5.60e-02	2.04e-01	3.01e-01	2.21e-01	1.20e-01	4.70e-02	1.53e-02	8.58e-03	1.62e-02	4.56e-03	5.82e-04	1.94e-05	3.03e-07	0.00e+00	0.00e+00	0.00e+00	0.00e+00	0.00e+00	0.00e+00
 1.15983e+22	5.18e-29	4.09e-23	1.97e-18	2.62e-14	6.89e-11	8.22e-08	5.66e-05	4.90e-03	6.08e-02	2.15e-01	3.06e-01	2.17e-01	1.14e-01	4.32e-02	1.38e-02	7.62e-03	1.40e-02	3.77e-03	4.64e-04	1.49e-05	2.26e-07	0.00e+00	0.00e+00	0.00e+00	0.00e+00	0.00e+00	0.00e+00
 1.18200e+22	6.34e-29	5.11e-23	2.41e-18	3.14e-14	8.16e-11	9.55e-08	6.46e-05	5.45e-03	6.55e-02	2.24e-01	3.10e-01	2.12e-01	1.08e-01	3.99e-02	1.25e-02	6.82e-03	1.21e-02	3.16e-03	3.75e-04	1.16e-05	1.71e-07	0.00e+00	0.00e+00	0.00e+00	0.00e+00	0.00e+00	0.00e+00
 1.20732e+22	7.95e-29	6.56e-23	3.01e-18	3.85e-14	9.84e-11	1.13e-07	7.46e-05	6.12e-03	7.09e-02	2.35e-01	3.13e-01	2.06e-01	1.02e-01	3.64e-02	1.11e-02	6.01e-03	1.03e-02	2.59e-03	2.96e-04	8.81e-06	1.26e-07	0.00e+00	0.00e+00	0.00e+00	0.00e+00	0.00e+00	0.00e+00
 1.23577e+22	1.00e-28	8.53e-23	3.81e-18	4.79e-14	1.21e-10	1.35e-07	8.75e-05	6.97e-03	7.74e-02	2.47e-01	3.16e-01	1.99e-01	9.44e-02	3.27e-02	9.73e-03	5.20e-03	8.59e-03	2.06e-03	2.25e-04	6.40e-06	0.00e+00	0.00e+00	0.00e+00	0.00e+00	0.00e+00	0.00e+00	0.00e+00
 1.26223e+22	1.23e-28	1.09e-22	4.73e-18	5.85e-14	1.45e-10	1.59e-07	1.01e-04	7.82e-03	8.36e-02	2.58e-01	3.18e-01	1.93e-01	8.81e-02	2.96e-02	8.61e-03	4.54e-03	7.25e-03	1.67e-03	1.75e-04	4.79e-06	0.00e+00	0.00e+00	0.00e+00	0.00e+00	0.00e+00	0.00e+00	0.00e+00
 1.28672e+22	1.47e-28	1.35e-22	5.75e-18	7.00e-14	1.72e-10	1.85e-07	1.15e-04	8.67e-03	8.95e-02	2.68e-01	3.19e-01	1.86e-01	8.25e-02	2.70e-02	7.68e-03	4.01e-03	6.20e-03	1.37e-03	1.39e-04	3.67e-06	0.00e+00	0.00e+00	0.00e+00	0.00e+00	0.00e+00	0.00e+00	0.00e+00
 1.31475e+22	1.80e-28	1.72e-22	7.13e-18	8.54e-14	2.07e-10	2.18e-07	1.32e-04	9.71e-03	9.64e-02	2.79e-01	3.19e-01	1.79e-01	7.65e-02	2.43e-02	6.75e-03	3.49e-03	5.19e-03	1.10e-03	1.07e-04	2.71e-06	0.00e+00	0.00e+00	0.00e+00	0.00e+00	0.00e+00	0.00e+00	0.00e+00
 1.35118e+22	2.32e-28	2.32e-22	9.36e-18	1.10e-13	2.62e-10	2.68e-07	1.58e-04	1.12e-02	1.06e-01	2.92e-01	3.18e-01	1.70e-01	6.92e-02	2.11e-02	5.70e-03	2.91e-03	4.13e-03	8.30e-04	7.68e-05	1.84e-06	0.00e+00	0.00e+00	0.00e+00	0.00e+00	0.00e+00	0.00e+00	0.00e+00
 1.38795e+22	2.90e-28	3.12e-22	1.22e-17	1.41e-13	3.31e-10	3.30e-07	1.89e-04	1.28e-02	1.15e-01	3.05e-01	3.16e-01	1.60e-01	6.22e-02	1.83e-02	4.79e-03	2.41e-03	3.27e-03	6.21e-04	5.45e-05	1.24e-06	0.00e+00	0.00e+00	0.00e+00	0.00e+00	0.00e+00	0.00e+00	0.00e+00
 1.41687e+22	3.41e-28	3.89e-22	1.49e-17	1.70e-13	3.95e-10	3.86e-07	2.16e-04	1.43e-02	1.23e-01	3.14e-01	3.13e-01	1.52e-01	5.71e-02	1.63e-02	4.17e-03	2.08e-03	2.71e-03	4.95e-04	4.17e-05	9.11e-07	0.00e+00	0.00e+00	0.00e+00	0.00e+00	0.00e+00	0.00e+00	0.00e+00
 1.44621e+22	4.03e-28	4.86e-22	1.82e-17	2.05e-13	4.71e-10	4.50e-07	2.46e-04	1.58e-02	1.31e-01	3.23e-01	3.10e-01	1.45e-01	5.25e-02	1.45e-02	3.64e-03	1.80e-03	2.26e-03	3.96e-04	3.21e-05	6.74e-07	0.00e+00	0.00e+00	0.00e+00	0.00e+00	0.00e+00	0.00e+00	0.00e+00
 1.48435e+22	4.93e-28	6.40e-22	2.34e-17	2.60e-13	5.89e-10	5.47e-07	2.90e-04	1.80e-02	1.41e-01	3.34e-01	3.05e-01	1.35e-01	4.69e-02	1.25e-02	3.05e-03	1.49e-03	1.79e-03	2.96e-04	2.28e-05	4.55e-07	0.00e+00	0.00e+00	0.00e+00	0.00e+00	0.00e+00	0.00e+00	0.00e+00
 1.52408e+22	5.95e-28	8.47e-22	3.02e-17	3.31e-13	7.41e-10	6.68e-07	3.43e-04	2.05e-02	1.53e-01	3.44e-01	2.99e-01	1.26e-01	4.16e-02	1.07e-02	2.53e-03	1.22e-03	1.39e-03	2.19e-04	1.60e-05	3.02e-07	0.00e+00	0.00e+00	0.00e+00	0.00e+00	0.00e+00	0.00e+00	0.00e+00
 1.55727e+22	6.88e-28	1.06e-21	3.71e-17	4.03e-13	8.94e-10	7.86e-07	3.92e-04	2.27e-02	1.62e-01	3.52e-01	2.93e-01	1.18e-01	3.76e-02	9.33e-03	2.16e-03	1.03e-03	1.13e-03	1.70e-04	1.19e-05	2.16e-07	0.00e+00	0.00e+00	0.00e+00	0.00e+00	0.00e+00	0.00e+00	0.00e+00
 1.58603e+22	7.77e-28	1.29e-21	4.41e-17	4.77e-13	1.05e-09	9.02e-07	4.40e-04	2.48e-02	1.70e-01	3.58e-01	2.88e-01	1.12e-01	3.44e-02	8.31e-03	1.89e-03	8.96e-04	9.51e-04	1.37e-04	9.24e-06	1.61e-07	0.00e+00	0.00e+00	0.00e+00	0.00e+00	0.00e+00	0.00e+00	0.00e+00
 1.61760e+22	8.88e-28	1.57e-21	5.32e-17	5.70e-13	1.24e-09	1.05e-06	4.96e-04	2.72e-02	1.79e-01	3.64e-01	2.82e-01	1.05e-01	3.13e-02	7.33e-03	1.63e-03	7.68e-04	7.85e-04	1.09e-04	7.03e-06	0.00e+00	0.00e+00	0.00e+00	0.00e+00	0.00e+00	0.00e+00	0.00e+00	0.00e+00
 1.65865e+22	1.05e-27	2.03e-21	6.73e-17	7.16e-13	1.54e-09	1.26e-06	5.78e-04	3.05e-02	1.91e-01	3.71e-01	2.73e-01	9.66e-02	2.76e-02	6.23e-03	1.35e-03	6.29e-04	6.13e-04	8.05e-05	4.95e-06	0.00e+00	0.00e+00	0.00e+00	0.00e+00	0.00e+00	0.00e+00	0.00e+00	0.00e+00
 1.70059e+22	1.21e-27	2.63e-21	8.53e-17	9.01e-13	1.92e-09	1.52e-06	6.74e-04	3.42e-02	2.03e-01	3.78e-01	2.64e-01	8.86e-02	2.42e-02	5.26e-03	1.11e-03	5.13e-04	4.76e-04	5.92e-05	3.46e-06	0.00e+00	0.00e+00	0.00e+00	0.00e+00	0.00e+00	0.00e+00	0.00e+00	0.00e+00
 1.73455e+22	1.36e-27	3.21e-21	1.03e-16	1.08e-12	2.29e-09	1.77e-06	7.60e-04	3.75e-02	2.13e-01	3.82e-01	2.56e-01	8.25e-02	2.17e-02	4.59e-03	9.50e-04	4.34e-04	3.88e-04	4.61e-05	2.59e-06	0.00e+00	0.00e+00	0.00e+00	0.00e+00	0.00e+00	0.00e+00	0.00e+00	0.00e+00
 1.76958e+22	1.53e-27	3.93e-21	1.24e-16	1.30e-12	2.73e-09	2.05e-06	8.56e-04	4.09e-02	2.23e-01	3.85e-01	2.49e-01	7.67e-02	1.95e-02	4.00e-03	8.13e-04	3.68e-04	3.17e-04	3.61e-05	1.94e-06	0.00e+00	0.00e+00	0.00e+00	0.00e+00	0.00e+00	0.00e+00	0.00e+00	0.00e+00
 1.81512e+22	1.79e-27	5.08e-21	1.58e-16	1.64e-12	3.40e-09	2.47e-06	9.94e-04	4.57e-02	2.36e-01	3.89e-01	2.38e-01	6.97e-02	1.69e-02	3.35e-03	6.62e-04	2.97e-04	2.43e-04	2.62e-05	1.34e-06	0.00e+00	0.00e+00	0.00e+00	0.00e+00	0.00e+00	0.00e+00	0.00e+00	0.00e+00
 1.86121e+22	2.04e-27	6.55e-21	2.01e-16	2.08e-12	4.25e-09	2.98e-06	1.15e-03	5.10e-02	2.48e-01	3.91e-01	2.27e-01	6.30e-02	1.46e-02	2.79e-03	5.39e-04	2.39e-04	1.86e-04	1.90e-05	9.23e-07	0.00e+00	0.00e+00	0.00e+00	0.00e+00	0.00e+00	0.00e+00	0.00e+00	0.00e+00
 1.89784e+22	2.27e-27	7.97e-21	2.42e-16	2.50e-12	5.06e-09	3.45e-06	1.29e-03	5.55e-02	2.58e-01	3.92e-01	2.19e-01	5.82e-02	1.30e-02	2.41e-03	4.57e-04	2.01e-04	1.51e-04	1.47e-05	6.86e-07	0.00e+00	0.00e+00	0.00e+00	0.00e+00	0.00e+00	0.00e+00	0.00e+00	0.00e+00
 1.93527e+22	2.54e-27	9.72e-21	2.91e-16	3.00e-12	6.00e-09	3.98e-06	1.45e-03	6.01e-02	2.68e-01	3.92e-01	2.10e-01	5.37e-02	1.16e-02	2.09e-03	3.89e-04	1.69e-04	1.23e-04	1.15e-05	5.14e-07	0.00e+00	0.00e+00	0.00e+00	0.00e+00	0.00e+00	0.00e+00	0.00e+00	0.00e+00
 1.98392e+22	2.94e-27	1.25e-20	3.69e-16	3.79e-12	7.47e-09	4.77e-06	1.66e-03	6.66e-02	2.80e-01	3.91e-01	1.99e-01	4.83e-02	1.00e-02	1.74e-03	3.16e-04	1.36e-04	9.38e-05	8.32e-06	3.54e-07	0.00e+00	0.00e+00	0.00e+00	0.00e+00	0.00e+00	0.00e+00	0.00e+00	0.00e+00
 2.03455e+22	3.38e-27	1.61e-20	4.72e-16	4.83e-12	9.34e-09	5.74e-06	1.92e-03	7.37e-02	2.93e-01	3.90e-01	1.88e-01	4.33e-02	8.60e-03	1.44e-03	2.55e-04	1.08e-04	7.12e-05	5.97e-06	2.41e-07	0.00e+00	0.00e+00	0.00e+00	0.00e+00	0.00e+00	0.00e+00	0.00e+00	0.00e+00
 2.07687e+22	3.79e-27	1.99e-20	5.78e-16	5.89e-12	1.12e-08	6.67e-06	2.15e-03	7.99e-02	3.03e-01	3.87e-01	1.79e-01	3.94e-02	7.56e-03	1.23e-03	2.13e-04	8.94e-05	5.67e-05	4.54e-06	1.76e-07	0.00e+00	0.00e+00	0.00e+00	0.00e+00	0.00e+00	0.00e+00	0.00e+00	0.00e+00
 2.12099e+22	4.31e-27	2.46e-20	7.09e-16	7.20e-12	1.35e-08	7.76e-06	2.42e-03	8.67e-02	3.13e-01	3.84e-01	1.70e-01	3.58e-02	6.63e-03	1.04e-03	1.78e-04	7.38e-05	4.51e-05	3.45e-06	1.28e-07	0.00e+00	0.00e+00	0.00e+00	0.00e+00	0.00e+00	0.00e+00	0.00e+00	0.00e+00
 2.17836e+22	5.10e-27	3.23e-20	9.22e-16	9.29e-12	1.70e-08	9.39e-06	2.79e-03	9.58e-02	3.25e-01	3.79e-01	1.59e-01	3.17e-02	5.60e-03	8.49e-04	1.41e-04	5.78e-05	3.36e-05	2.43e-06	0.00e+00	0.00e+00	0.00e+00	0.00e+00	0.00e+00	0.00e+00	0.00e+00	0.00e+00	0.00e+00
 2.23748e+22	5.98e-27	4.26e-20	1.21e-15	1.21e-11	2.15e-08	1.14e-05	3.22e-03	1.06e-01	3.37e-01	3.73e-01	1.48e-01	2.79e-02	4.71e-03	6.86e-04	1.12e-04	4.49e-05	2.49e-05	1.69e-06	0.00e+00	0.00e+00	0.00e+00	0.00e+00	0.00e+00	0.00e+00	0.00e+00	0.00e+00	0.00e+00
 2.28619e+22	6.84e-27	5.33e-20	1.50e-15	1.49e-11	2.60e-08	1.33e-05	3.61e-03	1.14e-01	3.46e-01	3.68e-01	1.39e-01	2.51e-02	4.09e-03	5.78e-04	9.25e-05	3.66e-05	1.96e-05	1.27e-06	0.00e+00	0.00e+00	0.00e+00	0.00e+00	0.00e+00	0.00e+00	0.00e+00	0.00e+00	0.00e+00
 2.33681e+22	7.95e-27	6.68e-20	1.87e-15	1.84e-11	3.14e-08	1.55e-05	4.04e-03	1.23e-01	3.54e-01	3.61e-01	1.31e-01	2.25e-02	3.54e-03	4.86e-04	7.64e-05	2.98e-05	1.54e-05	9.50e-07	0.00e+00	0.00e+00	0.00e+00	0.00e+00	0.00e+00	0.00e+00	0.00e+00	0.00e+00	0.00e+00
 2.38980e+22	9.23e-27	8.45e-20	2.35e-15	2.29e-11	3.81e-08	1.81e-05	4.53e-03	1.33e-01	3.63e-01	3.54e-01	1.22e-01	2.01e-02	3.05e-03	4.06e-04	6.27e-05	2.41e-05	1.20e-05	7.04e-07	0.00e+00	0.00e+00	0.00e+00	0.00e+00	0.00e+00	0.00e+00	0.00e+00	0.00e+00	0.00e+00
 2.43449e+22	1.05e-26	1.03e-19	2.84e-15	2.75e-11	4.47e-08	2.06e-05	4.98e-03	1.41e-01	3.69e-01	3.47e-01	1.15e-01	1.83e-02	2.69e-03	3.49e-04	5.32e-05	2.02e-05	9.72e-06	5.49e-07	0.00e+00	0.00e+00	0.00e+00	0.00e+00	0.00e+00	0.00e+00	0.00e+00	0.00e+00	0.00e+00
 2.48118e+22	1.21e-26	1.25e-19	3.44e-15	3.30e-11	5.25e-08	2.35e-05	5.47e-03	1.50e-01	3.76e-01	3.41e-01	1.09e-01	1.66e-02	2.37e-03	3.00e-04	4.50e-05	1.69e-05	7.87e-06	4.27e-07	0.00e+00	0.00e+00	0.00e+00	0.00e+00	0.00e+00	0.00e+00	0.00e+00	0.00e+00	0.00e+00
 2.54189e+22	1.46e-26	1.61e-19	4.40e-15	4.17e-11	6.44e-08	2.76e-05	6.15e-03	1.62e-01	3.83e-01	3.31e-01	1.01e-01	1.47e-02	2.02e-03	2.47e-04	3.65e-05	1.34e-05	6.03e-06	3.10e-07	0.00e+00	0.00e+00	0.00e+00	0.00e+00	0.00e+00	0.00e+00	0.00e+00	0.00e+00	0.00e+00
 2.60446e+22	1.75e-26	2.09e-19	5.68e-15	5.29e-11	7.92e-08	3.26e-05	6.92e-03	1.74e-01	3.90e-01	3.21e-01	9.26e-02	1.29e-02	1.71e-03	2.02e-04	2.94e-05	1.06e-05	4.59e-06	2.24e-07	0.00e+00	0.00e+00	0.00e+00	0.00e+00	0.00e+00	0.00e+00	0.00e+00	0.00e+00	0.00e+00
