#depth	Cl	Cl+	Cl+2	Cl+3	Cl+4	Cl+5	Cl+6	Cl+7	Cl+8	Cl+9	Cl+10	Cl+11	Cl+12	Cl+13	Cl+14	Cl+15	Cl+16	Cl+17
 6.17135e+19	0.00e+00	0.00e+00	0.00e+00	2.49e-28	1.72e-24	5.95e-21	9.21e-18	3.79e-14	2.84e-11	7.19e-09	6.54e-07	2.90e-05	5.57e-04	4.87e-03	3.70e-02	4.85e-01	3.80e-01	9.31e-02
 1.87609e+20	0.00e+00	0.00e+00	0.00e+00	7.88e-28	4.84e-24	1.50e-20	2.06e-17	8.17e-14	5.76e-11	1.35e-08	1.13e-06	4.59e-05	8.00e-04	6.30e-03	4.30e-02	5.09e-01	3.61e-01	8.01e-02
 3.09890e+20	0.00e+00	0.00e+00	0.00e+00	2.31e-27	1.27e-23	3.52e-20	4.37e-17	1.67e-13	1.11e-10	2.44e-08	1.88e-06	7.03e-05	1.12e-03	7.98e-03	4.92e-02	5.30e-01	3.42e-01	6.92e-02
 4.23532e+20	0.00e+00	0.00e+00	0.00e+00	6.03e-27	3.02e-23	7.58e-20	8.53e-17	3.18e-13	2.01e-10	4.15e-08	2.96e-06	1.03e-04	1.50e-03	9.82e-03	5.54e-02	5.48e-01	3.25e-01	6.04e-02
 4.98912e+20	0.00e+00	0.00e+00	6.20e-31	1.12e-26	5.29e-23	1.24e-19	1.31e-16	4.81e-13	2.95e-10	5.83e-08	3.97e-06	1.31e-04	1.82e-03	1.12e-02	5.96e-02	5.59e-01	3.13e-01	5.51e-02
 5.30876e+20	0.00e+00	0.00e+00	8.30e-31	1.47e-26	6.71e-23	1.53e-19	1.58e-16	5.74e-13	3.47e-10	6.76e-08	4.51e-06	1.46e-04	1.98e-03	1.19e-02	6.16e-02	5.63e-01	3.08e-01	5.30e-02
 5.58772e+20	0.00e+00	0.00e+00	1.06e-30	1.83e-26	8.20e-23	1.83e-19	1.84e-16	6.66e-13	3.98e-10	7.64e-08	5.01e-06	1.59e-04	2.11e-03	1.25e-02	6.32e-02	5.67e-01	3.04e-01	5.12e-02
 5.95037e+20	0.00e+00	0.00e+00	1.45e-30	2.43e-26	1.06e-22	2.30e-19	2.24e-16	8.04e-13	4.73e-10	8.92e-08	5.72e-06	1.77e-04	2.30e-03	1.32e-02	6.53e-02	5.71e-01	2.99e-01	4.91e-02
 6.42182e+20	0.00e+00	0.00e+00	2.18e-30	3.52e-26	1.47e-22	3.08e-19	2.89e-16	1.03e-12	5.94e-10	1.09e-07	6.81e-06	2.05e-04	2.58e-03	1.43e-02	6.81e-02	5.76e-01	2.92e-01	4.64e-02
 6.93472e+20	0.00e+00	0.00e+00	3.38e-30	5.25e-26	2.11e-22	4.23e-19	3.81e-16	1.34e-12	7.59e-10	1.36e-07	8.22e-06	2.39e-04	2.91e-03	1.55e-02	7.13e-02	5.82e-01	2.84e-01	4.36e-02
 7.39308e+20	0.00e+00	0.00e+00	4.98e-30	7.46e-26	2.89e-22	5.59e-19	4.86e-16	1.70e-12	9.43e-10	1.65e-07	9.70e-06	2.75e-04	3.23e-03	1.67e-02	7.41e-02	5.87e-01	2.78e-01	4.13e-02
 7.81574e+20	0.00e+00	0.00e+00	7.09e-30	1.03e-25	3.86e-22	7.21e-19	6.05e-16	2.10e-12	1.15e-09	1.97e-07	1.13e-05	3.11e-04	3.56e-03	1.79e-02	7.68e-02	5.91e-01	2.72e-01	3.92e-02
 8.30041e+20	0.00e+00	0.00e+00	1.06e-29	1.48e-25	5.34e-22	9.60e-19	7.76e-16	2.68e-12	1.44e-09	2.40e-07	1.34e-05	3.58e-04	3.97e-03	1.93e-02	7.99e-02	5.95e-01	2.65e-01	3.70e-02
 8.84272e+20	0.00e+00	0.00e+00	1.65e-29	2.21e-25	7.66e-22	1.32e-18	1.02e-15	3.50e-12	1.84e-09	3.00e-07	1.62e-05	4.19e-04	4.48e-03	2.09e-02	8.35e-02	5.99e-01	2.57e-01	3.47e-02
 9.30862e+20	0.00e+00	0.00e+00	2.40e-29	3.11e-25	1.04e-21	1.73e-18	1.29e-15	4.39e-12	2.27e-09	3.62e-07	1.90e-05	4.78e-04	4.97e-03	2.24e-02	8.66e-02	6.02e-01	2.50e-01	3.28e-02
 9.68174e+20	0.00e+00	0.00e+00	3.23e-29	4.08e-25	1.32e-21	2.14e-18	1.55e-15	5.25e-12	2.68e-09	4.19e-07	2.15e-05	5.30e-04	5.38e-03	2.37e-02	8.91e-02	6.05e-01	2.45e-01	3.13e-02
 1.00856e+21	0.00e+00	0.00e+00	4.46e-29	5.46e-25	1.72e-21	2.69e-18	1.89e-15	6.38e-12	3.21e-09	4.93e-07	2.47e-05	5.94e-04	5.87e-03	2.52e-02	9.18e-02	6.07e-01	2.40e-01	2.98e-02
 1.06105e+21	0.00e+00	0.00e+00	6.73e-29	7.93e-25	2.40e-21	3.60e-18	2.44e-15	8.17e-12	4.03e-09	6.05e-07	2.95e-05	6.86e-04	6.56e-03	2.71e-02	9.54e-02	6.10e-01	2.33e-01	2.79e-02
 1.11524e+21	0.00e+00	0.00e+00	1.03e-28	1.16e-24	3.38e-21	4.86e-18	3.16e-15	1.05e-11	5.10e-09	7.46e-07	3.52e-05	7.95e-04	7.34e-03	2.93e-02	9.92e-02	6.12e-01	2.25e-01	2.61e-02
 1.15960e+21	0.00e+00	0.00e+00	1.44e-28	1.58e-24	4.45e-21	6.20e-18	3.89e-15	1.29e-11	6.17e-09	8.85e-07	4.08e-05	8.95e-04	8.04e-03	3.11e-02	1.02e-01	6.13e-01	2.19e-01	2.48e-02
 1.20522e+21	0.00e+00	0.00e+00	2.05e-28	2.17e-24	5.89e-21	7.93e-18	4.81e-15	1.59e-11	7.49e-09	1.05e-06	4.72e-05	1.01e-03	8.83e-03	3.31e-02	1.05e-01	6.15e-01	2.14e-01	2.34e-02
 1.26453e+21	0.00e+00	0.00e+00	3.20e-28	3.25e-24	8.46e-21	1.09e-17	6.31e-15	2.08e-11	9.61e-09	1.32e-06	5.71e-05	1.18e-03	9.94e-03	3.59e-02	1.10e-01	6.16e-01	2.06e-01	2.17e-02
 1.32110e+21	0.00e+00	0.00e+00	4.89e-28	4.77e-24	1.19e-20	1.47e-17	8.16e-15	2.69e-11	1.22e-08	1.62e-06	6.84e-05	1.37e-03	1.11e-02	3.87e-02	1.14e-01	6.16e-01	1.99e-01	2.02e-02
 1.36118e+21	0.00e+00	0.00e+00	6.60e-28	6.26e-24	1.52e-20	1.81e-17	9.77e-15	3.21e-11	1.44e-08	1.89e-06	7.77e-05	1.52e-03	1.20e-02	4.08e-02	1.17e-01	6.16e-01	1.94e-01	1.92e-02
 1.40035e+21	0.00e+00	0.00e+00	8.80e-28	8.11e-24	1.91e-20	2.22e-17	1.16e-14	3.81e-11	1.69e-08	2.18e-06	8.77e-05	1.67e-03	1.30e-02	4.29e-02	1.19e-01	6.16e-01	1.89e-01	1.83e-02
 1.45127e+21	0.00e+00	0.00e+00	1.27e-27	1.13e-23	2.57e-20	2.88e-17	1.45e-14	4.76e-11	2.07e-08	2.62e-06	1.03e-04	1.90e-03	1.43e-02	4.57e-02	1.23e-01	6.15e-01	1.83e-01	1.72e-02
 1.50552e+21	0.00e+00	0.00e+00	1.89e-27	1.62e-23	3.53e-20	3.79e-17	1.84e-14	6.02e-11	2.58e-08	3.18e-06	1.21e-04	2.18e-03	1.58e-02	4.89e-02	1.27e-01	6.14e-01	1.76e-01	1.60e-02
 1.55228e+21	0.00e+00	0.00e+00	2.65e-27	2.19e-23	4.62e-20	4.79e-17	2.24e-14	7.35e-11	3.11e-08	3.76e-06	1.40e-04	2.44e-03	1.73e-02	5.18e-02	1.30e-01	6.12e-01	1.71e-01	1.51e-02
 1.60125e+21	0.00e+00	0.00e+00	3.75e-27	3.00e-23	6.12e-20	6.11e-17	2.76e-14	9.04e-11	3.77e-08	4.47e-06	1.62e-04	2.75e-03	1.89e-02	5.50e-02	1.34e-01	6.10e-01	1.65e-01	1.41e-02
 1.65576e+21	0.00e+00	0.00e+00	5.52e-27	4.25e-23	8.33e-20	7.99e-17	3.47e-14	1.14e-10	4.66e-08	5.41e-06	1.90e-04	3.13e-03	2.09e-02	5.86e-02	1.38e-01	6.07e-01	1.59e-01	1.32e-02
 1.70605e+21	0.00e+00	0.00e+00	7.86e-27	5.85e-23	1.10e-19	1.02e-16	4.27e-14	1.40e-10	5.67e-08	6.45e-06	2.20e-04	3.53e-03	2.29e-02	6.22e-02	1.41e-01	6.04e-01	1.53e-01	1.23e-02
 1.75038e+21	0.00e+00	0.00e+00	1.07e-26	7.73e-23	1.41e-19	1.27e-16	5.12e-14	1.68e-10	6.72e-08	7.51e-06	2.51e-04	3.92e-03	2.47e-02	6.54e-02	1.44e-01	6.01e-01	1.48e-01	1.16e-02
 1.79842e+21	0.00e+00	0.00e+00	1.49e-26	1.04e-22	1.84e-19	1.59e-16	6.21e-14	2.04e-10	8.08e-08	8.85e-06	2.88e-04	4.39e-03	2.69e-02	6.91e-02	1.48e-01	5.98e-01	1.43e-01	1.09e-02
 1.85227e+21	0.00e+00	7.51e-31	2.16e-26	1.45e-22	2.48e-19	2.06e-16	7.71e-14	2.54e-10	9.90e-08	1.06e-05	3.37e-04	4.97e-03	2.95e-02	7.33e-02	1.51e-01	5.93e-01	1.37e-01	1.01e-02
 1.90140e+21	0.00e+00	1.09e-30	3.03e-26	1.97e-22	3.24e-19	2.59e-16	9.37e-14	3.09e-10	1.19e-07	1.25e-05	3.87e-04	5.56e-03	3.21e-02	7.74e-02	1.55e-01	5.88e-01	1.32e-01	9.43e-03
 1.94502e+21	0.00e+00	1.51e-30	4.07e-26	2.57e-22	4.09e-19	3.17e-16	1.11e-13	3.68e-10	1.40e-07	1.45e-05	4.38e-04	6.13e-03	3.46e-02	8.11e-02	1.57e-01	5.84e-01	1.28e-01	8.88e-03
 1.99375e+21	0.00e+00	2.16e-30	5.66e-26	3.45e-22	5.31e-19	3.97e-16	1.34e-13	4.45e-10	1.67e-07	1.70e-05	5.02e-04	6.84e-03	3.75e-02	8.53e-02	1.60e-01	5.78e-01	1.23e-01	8.29e-03
 2.04850e+21	0.00e+00	3.24e-30	8.17e-26	4.80e-22	7.11e-19	5.11e-16	1.66e-13	5.51e-10	2.04e-07	2.04e-05	5.83e-04	7.71e-03	4.10e-02	9.03e-02	1.64e-01	5.71e-01	1.17e-01	7.66e-03
 2.09978e+21	0.00e+00	4.72e-30	1.15e-25	6.52e-22	9.32e-19	6.44e-16	2.01e-13	6.71e-10	2.46e-07	2.40e-05	6.71e-04	8.62e-03	4.46e-02	9.50e-02	1.67e-01	5.65e-01	1.12e-01	7.11e-03
 2.14665e+21	0.00e+00	6.64e-30	1.57e-25	8.61e-22	1.19e-18	7.96e-16	2.40e-13	8.01e-10	2.91e-07	2.79e-05	7.62e-04	9.54e-03	4.80e-02	9.95e-02	1.70e-01	5.58e-01	1.08e-01	6.64e-03
 2.19910e+21	0.00e+00	9.70e-30	2.21e-25	1.17e-21	1.56e-18	1.00e-15	2.92e-13	9.75e-10	3.50e-07	3.30e-05	8.76e-04	1.07e-02	5.21e-02	1.05e-01	1.72e-01	5.50e-01	1.03e-01	6.15e-03
 2.25697e+21	0.00e+00	1.47e-29	3.23e-25	1.65e-21	2.11e-18	1.30e-15	3.61e-13	1.21e-09	4.28e-07	3.96e-05	1.02e-03	1.20e-02	5.69e-02	1.10e-01	1.75e-01	5.41e-01	9.79e-02	5.63e-03
 2.30964e+21	0.00e+00	2.14e-29	4.54e-25	2.23e-21	2.76e-18	1.63e-15	4.37e-13	1.47e-09	5.12e-07	4.66e-05	1.17e-03	1.34e-02	6.16e-02	1.16e-01	1.78e-01	5.32e-01	9.32e-02	5.20e-03
 2.35795e+21	0.00e+00	3.02e-29	6.20e-25	2.95e-21	3.52e-18	2.01e-15	5.20e-13	1.74e-09	6.04e-07	5.40e-05	1.33e-03	1.48e-02	6.61e-02	1.21e-01	1.80e-01	5.23e-01	8.91e-02	4.82e-03
 2.41284e+21	0.00e+00	4.43e-29	8.78e-25	4.03e-21	4.63e-18	2.55e-15	6.32e-13	2.12e-09	7.25e-07	6.36e-05	1.52e-03	1.65e-02	7.15e-02	1.27e-01	1.82e-01	5.13e-01	8.45e-02	4.43e-03
 2.47395e+21	0.00e+00	6.78e-29	1.29e-24	5.70e-21	6.28e-18	3.30e-15	7.84e-13	2.62e-09	8.86e-07	7.62e-05	1.77e-03	1.85e-02	7.79e-02	1.33e-01	1.84e-01	5.01e-01	7.95e-02	4.02e-03
 2.53042e+21	0.00e+00	1.00e-28	1.84e-24	7.82e-21	8.29e-18	4.19e-15	9.54e-13	3.18e-09	1.06e-06	8.98e-05	2.03e-03	2.06e-02	8.41e-02	1.39e-01	1.86e-01	4.89e-01	7.51e-02	3.67e-03
 2.58208e+21	0.00e+00	1.42e-28	2.53e-24	1.04e-20	1.07e-17	5.19e-15	1.14e-12	3.79e-09	1.25e-06	1.04e-04	2.30e-03	2.27e-02	9.01e-02	1.45e-01	1.87e-01	4.79e-01	7.12e-02	3.38e-03
 2.64021e+21	0.00e+00	2.11e-28	3.61e-24	1.43e-20	1.41e-17	6.59e-15	1.39e-12	4.58e-09	1.50e-06	1.22e-04	2.63e-03	2.52e-02	9.71e-02	1.51e-01	1.88e-01	4.66e-01	6.70e-02	3.07e-03
 2.70579e+21	0.00e+00	3.26e-28	5.38e-24	2.04e-20	1.93e-17	8.61e-15	1.73e-12	5.66e-09	1.83e-06	1.46e-04	3.06e-03	2.83e-02	1.05e-01	1.57e-01	1.89e-01	4.51e-01	6.24e-02	2.75e-03
 2.76784e+21	0.00e+00	4.91e-28	7.78e-24	2.84e-20	2.58e-17	1.10e-14	2.12e-12	6.89e-09	2.19e-06	1.73e-04	3.51e-03	3.14e-02	1.13e-01	1.64e-01	1.90e-01	4.37e-01	5.83e-02	2.48e-03
 2.82265e+21	0.00e+00	7.00e-28	1.07e-23	3.80e-20	3.33e-17	1.37e-14	2.54e-12	8.15e-09	2.57e-06	1.99e-04	3.95e-03	3.44e-02	1.21e-01	1.69e-01	1.90e-01	4.25e-01	5.48e-02	2.26e-03
 2.87355e+21	0.00e+00	9.69e-28	1.44e-23	4.95e-20	4.20e-17	1.67e-14	2.99e-12	9.50e-09	2.96e-06	2.27e-04	4.40e-03	3.73e-02	1.28e-01	1.74e-01	1.90e-01	4.13e-01	5.17e-02	2.07e-03
 2.93200e+21	0.00e+00	1.40e-27	2.02e-23	6.67e-20	5.46e-17	2.09e-14	3.60e-12	1.13e-08	3.48e-06	2.62e-04	4.96e-03	4.08e-02	1.36e-01	1.79e-01	1.89e-01	3.99e-01	4.84e-02	1.87e-03
 2.99719e+21	0.00e+00	2.09e-27	2.91e-23	9.27e-20	7.30e-17	2.68e-14	4.41e-12	1.36e-08	4.14e-06	3.06e-04	5.65e-03	4.50e-02	1.45e-01	1.85e-01	1.89e-01	3.84e-01	4.48e-02	1.67e-03
 3.05776e+21	0.00e+00	3.02e-27	4.06e-23	1.25e-19	9.50e-17	3.36e-14	5.31e-12	1.61e-08	4.84e-06	3.53e-04	6.35e-03	4.91e-02	1.54e-01	1.90e-01	1.87e-01	3.70e-01	4.17e-02	1.51e-03
 3.11417e+21	0.00e+00	4.23e-27	5.52e-23	1.65e-19	1.21e-16	4.12e-14	6.30e-12	1.88e-08	5.57e-06	4.01e-04	7.06e-03	5.30e-02	1.62e-01	1.95e-01	1.86e-01	3.56e-01	3.90e-02	1.37e-03
 3.17854e+21	0.00e+00	6.15e-27	7.76e-23	2.24e-19	1.58e-16	5.19e-14	7.62e-12	2.22e-08	6.52e-06	4.61e-04	7.93e-03	5.78e-02	1.71e-01	1.99e-01	1.84e-01	3.42e-01	3.61e-02	1.22e-03
 3.25049e+21	0.00e+00	9.27e-27	1.13e-22	3.13e-19	2.13e-16	6.69e-14	9.39e-12	2.67e-08	7.72e-06	5.37e-04	8.98e-03	6.33e-02	1.81e-01	2.04e-01	1.82e-01	3.25e-01	3.31e-02	1.08e-03
 3.31775e+21	0.00e+00	1.35e-26	1.59e-22	4.25e-19	2.80e-16	8.44e-14	1.14e-11	3.16e-08	9.00e-06	6.16e-04	1.01e-02	6.86e-02	1.91e-01	2.08e-01	1.80e-01	3.11e-01	3.05e-02	9.59e-04
 3.38094e+21	0.00e+00	1.90e-26	2.17e-22	5.64e-19	3.58e-16	1.04e-13	1.36e-11	3.68e-08	1.03e-05	6.97e-04	1.11e-02	7.38e-02	2.00e-01	2.11e-01	1.77e-01	2.97e-01	2.82e-02	8.59e-04
 3.45336e+21	0.00e+00	2.79e-26	3.08e-22	7.73e-19	4.73e-16	1.32e-13	1.65e-11	4.35e-08	1.21e-05	8.00e-04	1.24e-02	7.99e-02	2.10e-01	2.15e-01	1.74e-01	2.82e-01	2.58e-02	7.58e-04
 3.53427e+21	0.00e+00	4.24e-26	4.51e-22	1.09e-18	6.42e-16	1.72e-13	2.05e-11	5.23e-08	1.42e-05	9.27e-04	1.40e-02	8.69e-02	2.21e-01	2.18e-01	1.70e-01	2.66e-01	2.33e-02	6.59e-04
 3.60991e+21	0.00e+00	6.20e-26	6.38e-22	1.49e-18	8.46e-16	2.18e-13	2.50e-11	6.17e-08	1.65e-05	1.06e-03	1.56e-02	9.36e-02	2.31e-01	2.20e-01	1.66e-01	2.51e-01	2.12e-02	5.78e-04
 3.68099e+21	0.00e+00	8.78e-26	8.77e-22	1.98e-18	1.09e-15	2.71e-13	2.99e-11	7.18e-08	1.89e-05	1.19e-03	1.72e-02	1.00e-01	2.40e-01	2.22e-01	1.62e-01	2.38e-01	1.95e-02	5.12e-04
 3.76247e+21	0.00e+00	1.29e-25	1.25e-21	2.73e-18	1.45e-15	3.45e-13	3.66e-11	8.49e-08	2.20e-05	1.36e-03	1.91e-02	1.08e-01	2.50e-01	2.23e-01	1.58e-01	2.23e-01	1.76e-02	4.46e-04
 3.84933e+21	0.00e+00	1.93e-25	1.80e-21	3.81e-18	1.94e-15	4.45e-13	4.52e-11	1.01e-07	2.57e-05	1.56e-03	2.13e-02	1.16e-01	2.60e-01	2.24e-01	1.53e-01	2.09e-01	1.58e-02	3.85e-04
 3.92273e+21	0.00e+00	2.69e-25	2.44e-21	5.00e-18	2.48e-15	5.48e-13	5.38e-11	1.17e-07	2.92e-05	1.74e-03	2.33e-02	1.23e-01	2.68e-01	2.24e-01	1.49e-01	1.97e-01	1.44e-02	3.40e-04
 3.98770e+21	0.00e+00	3.58e-25	3.17e-21	6.34e-18	3.05e-15	6.57e-13	6.25e-11	1.32e-07	3.25e-05	1.91e-03	2.51e-02	1.29e-01	2.75e-01	2.24e-01	1.45e-01	1.87e-01	1.33e-02	3.05e-04
 4.06214e+21	0.00e+00	4.93e-25	4.25e-21	8.25e-18	3.86e-15	8.04e-13	7.40e-11	1.51e-07	3.67e-05	2.12e-03	2.72e-02	1.36e-01	2.82e-01	2.24e-01	1.41e-01	1.76e-01	1.21e-02	2.69e-04
 4.15892e+21	0.00e+00	7.38e-25	6.16e-21	1.15e-17	5.20e-15	1.04e-12	9.16e-11	1.80e-07	4.27e-05	2.42e-03	3.02e-02	1.45e-01	2.91e-01	2.22e-01	1.35e-01	1.63e-01	1.08e-02	2.30e-04
 4.25764e+21	0.00e+00	1.10e-24	8.90e-21	1.61e-17	6.99e-15	1.34e-12	1.13e-10	2.14e-07	4.95e-05	2.75e-03	3.33e-02	1.54e-01	2.99e-01	2.21e-01	1.29e-01	1.51e-01	9.55e-03	1.95e-04
 4.33752e+21	0.00e+00	1.51e-24	1.19e-20	2.09e-17	8.83e-15	1.64e-12	1.34e-10	2.45e-07	5.57e-05	3.04e-03	3.60e-02	1.62e-01	3.06e-01	2.19e-01	1.25e-01	1.41e-01	8.66e-03	1.71e-04
 4.42001e+21	0.00e+00	2.07e-24	1.59e-20	2.72e-17	1.12e-14	2.01e-12	1.59e-10	2.81e-07	6.26e-05	3.36e-03	3.89e-02	1.70e-01	3.11e-01	2.16e-01	1.20e-01	1.32e-01	7.84e-03	1.50e-04
 4.52724e+21	0.00e+00	3.10e-24	2.30e-20	3.80e-17	1.50e-14	2.59e-12	1.97e-10	3.33e-07	7.26e-05	3.80e-03	4.28e-02	1.80e-01	3.18e-01	2.13e-01	1.14e-01	1.21e-01	6.89e-03	1.27e-04
 4.63817e+21	0.00e+00	4.64e-24	3.33e-20	5.32e-17	2.03e-14	3.36e-12	2.44e-10	3.97e-07	8.42e-05	4.30e-03	4.70e-02	1.90e-01	3.25e-01	2.09e-01	1.08e-01	1.10e-01	6.03e-03	1.06e-04
 4.72434e+21	0.00e+00	6.33e-24	4.43e-20	6.89e-17	2.55e-14	4.10e-12	2.89e-10	4.53e-07	9.42e-05	4.73e-03	5.05e-02	1.98e-01	3.29e-01	2.06e-01	1.04e-01	1.03e-01	5.42e-03	9.25e-05
 4.79445e+21	0.00e+00	8.03e-24	5.51e-20	8.41e-17	3.05e-14	4.78e-12	3.28e-10	5.02e-07	1.03e-04	5.08e-03	5.33e-02	2.04e-01	3.32e-01	2.03e-01	1.00e-01	9.71e-02	5.00e-03	8.32e-05
 4.87329e+21	0.00e+00	1.05e-23	7.03e-20	1.05e-16	3.71e-14	5.67e-12	3.79e-10	5.64e-07	1.13e-04	5.50e-03	5.65e-02	2.11e-01	3.35e-01	2.00e-01	9.64e-02	9.11e-02	4.56e-03	7.38e-05
 4.97579e+21	0.00e+00	1.47e-23	9.60e-20	1.39e-16	4.78e-14	7.05e-12	4.55e-10	6.52e-07	1.28e-04	6.08e-03	6.09e-02	2.19e-01	3.38e-01	1.96e-01	9.16e-02	8.39e-02	4.05e-03	6.32e-05
 5.08519e+21	0.00e+00	2.09e-23	1.33e-19	1.87e-16	6.22e-14	8.85e-12	5.51e-10	7.60e-07	1.45e-04	6.75e-03	6.57e-02	2.28e-01	3.41e-01	1.91e-01	8.66e-02	7.67e-02	3.57e-03	5.36e-05
 5.18070e+21	0.00e+00	2.82e-23	1.75e-19	2.40e-16	7.78e-14	1.08e-11	6.49e-10	8.66e-07	1.62e-04	7.36e-03	7.00e-02	2.36e-01	3.43e-01	1.86e-01	8.24e-02	7.10e-02	3.19e-03	4.65e-05
 5.28198e+21	5.84e-31	3.85e-23	2.33e-19	3.12e-16	9.81e-14	1.31e-11	7.68e-10	9.91e-07	1.81e-04	8.06e-03	7.47e-02	2.44e-01	3.45e-01	1.82e-01	7.82e-02	6.55e-02	2.85e-03	4.01e-05
 5.41366e+21	8.76e-31	5.70e-23	3.34e-19	4.33e-16	1.32e-13	1.69e-11	9.52e-10	1.17e-06	2.08e-04	9.01e-03	8.10e-02	2.54e-01	3.46e-01	1.75e-01	7.30e-02	5.89e-02	2.46e-03	3.32e-05
 5.54685e+21	1.30e-30	8.39e-23	4.78e-19	5.98e-16	1.76e-13	2.18e-11	1.18e-09	1.39e-06	2.39e-04	1.01e-02	8.75e-02	2.64e-01	3.46e-01	1.69e-01	6.80e-02	5.30e-02	2.12e-03	2.74e-05
 5.65313e+21	1.77e-30	1.13e-22	6.30e-19	7.70e-16	2.20e-13	2.65e-11	1.39e-09	1.58e-06	2.66e-04	1.09e-02	9.28e-02	2.71e-01	3.46e-01	1.64e-01	6.43e-02	4.87e-02	1.88e-03	2.36e-05
 5.76242e+21	2.40e-30	1.53e-22	8.31e-19	9.90e-16	2.76e-13	3.22e-11	1.63e-09	1.81e-06	2.96e-04	1.19e-02	9.84e-02	2.78e-01	3.45e-01	1.59e-01	6.07e-02	4.47e-02	1.67e-03	2.03e-05
 5.88402e+21	3.35e-30	2.12e-22	1.12e-18	1.30e-15	3.52e-13	3.98e-11	1.96e-09	2.08e-06	3.32e-04	1.30e-02	1.05e-01	2.86e-01	3.44e-01	1.53e-01	5.68e-02	4.06e-02	1.47e-03	1.71e-05
 5.99736e+21	4.51e-30	2.86e-22	1.48e-18	1.67e-15	4.40e-13	4.83e-11	2.30e-09	2.37e-06	3.68e-04	1.41e-02	1.11e-01	2.93e-01	3.42e-01	1.48e-01	5.35e-02	3.72e-02	1.30e-03	1.47e-05
 6.12043e+21	6.20e-30	3.92e-22	1.98e-18	2.18e-15	5.58e-13	5.93e-11	2.74e-09	2.72e-06	4.11e-04	1.54e-02	1.17e-01	3.00e-01	3.40e-01	1.42e-01	5.01e-02	3.38e-02	1.14e-03	1.25e-05
 6.25701e+21	8.71e-30	5.51e-22	2.71e-18	2.90e-15	7.20e-13	7.41e-11	3.30e-09	3.16e-06	4.64e-04	1.68e-02	1.25e-01	3.07e-01	3.37e-01	1.36e-01	4.65e-02	3.05e-02	9.89e-04	1.04e-05
 6.38413e+21	1.18e-29	7.52e-22	3.61e-18	3.76e-15	9.09e-13	9.07e-11	3.92e-09	3.62e-06	5.16e-04	1.83e-02	1.32e-01	3.13e-01	3.34e-01	1.31e-01	4.35e-02	2.77e-02	8.67e-04	8.83e-06
 6.52240e+21	1.64e-29	1.05e-21	4.88e-18	4.96e-15	1.16e-12	1.12e-10	4.69e-09	4.17e-06	5.79e-04	1.99e-02	1.39e-01	3.20e-01	3.30e-01	1.25e-01	4.04e-02	2.49e-02	7.54e-04	7.40e-06
 6.67698e+21	2.32e-29	1.50e-21	6.80e-18	6.69e-15	1.52e-12	1.42e-10	5.71e-09	4.88e-06	6.55e-04	2.19e-02	1.48e-01	3.27e-01	3.25e-01	1.19e-01	3.72e-02	2.22e-02	6.45e-04	6.08e-06
 6.82292e+21	3.18e-29	2.08e-21	9.22e-18	8.83e-15	1.95e-12	1.76e-10	6.85e-09	5.64e-06	7.33e-04	2.38e-02	1.56e-01	3.32e-01	3.20e-01	1.13e-01	3.44e-02	1.99e-02	5.58e-04	5.07e-06
 6.98279e+21	4.47e-29	2.96e-21	1.27e-17	1.19e-14	2.53e-12	2.21e-10	8.31e-09	6.56e-06	8.27e-04	2.60e-02	1.65e-01	3.38e-01	3.14e-01	1.07e-01	3.16e-02	1.77e-02	4.77e-04	4.17e-06
 7.16195e+21	6.44e-29	4.35e-21	1.82e-17	1.64e-14	3.38e-12	2.83e-10	1.03e-08	7.76e-06	9.42e-04	2.86e-02	1.75e-01	3.44e-01	3.07e-01	1.00e-01	2.87e-02	1.56e-02	4.01e-04	3.36e-06
 7.32099e+21	8.77e-29	6.07e-21	2.47e-17	2.16e-14	4.33e-12	3.52e-10	1.23e-08	8.96e-06	1.05e-03	3.11e-02	1.84e-01	3.48e-01	3.00e-01	9.50e-02	2.64e-02	1.39e-02	3.44e-04	2.78e-06
 7.45756e+21	1.14e-28	8.03e-21	3.19e-17	2.73e-14	5.34e-12	4.21e-10	1.43e-08	1.01e-05	1.16e-03	3.33e-02	1.92e-01	3.51e-01	2.95e-01	9.06e-02	2.45e-02	1.26e-02	3.03e-04	2.37e-06
 7.61012e+21	1.51e-28	1.09e-20	4.23e-17	3.53e-14	6.71e-12	5.14e-10	1.69e-08	1.15e-05	1.28e-03	3.58e-02	2.00e-01	3.54e-01	2.88e-01	8.58e-02	2.26e-02	1.13e-02	2.62e-04	1.98e-06
 7.80845e+21	2.15e-28	1.60e-20	6.02e-17	4.85e-14	8.90e-12	6.57e-10	2.08e-08	1.36e-05	1.45e-03	3.92e-02	2.11e-01	3.58e-01	2.80e-01	8.00e-02	2.04e-02	9.86e-03	2.19e-04	1.59e-06
 8.01751e+21	3.09e-28	2.39e-20	8.71e-17	6.78e-14	1.20e-11	8.52e-10	2.59e-08	1.61e-05	1.66e-03	4.31e-02	2.23e-01	3.61e-01	2.70e-01	7.41e-02	1.83e-02	8.50e-03	1.81e-04	1.25e-06
 8.18804e+21	4.08e-28	3.27e-20	1.17e-16	8.84e-14	1.52e-11	1.04e-09	3.08e-08	1.85e-05	1.84e-03	4.64e-02	2.32e-01	3.62e-01	2.63e-01	6.97e-02	1.67e-02	7.56e-03	1.55e-04	1.03e-06
 8.33456e+21	5.17e-28	4.27e-20	1.49e-16	1.10e-13	1.85e-11	1.24e-09	3.56e-08	2.07e-05	2.01e-03	4.93e-02	2.40e-01	3.64e-01	2.56e-01	6.61e-02	1.55e-02	6.84e-03	1.36e-04	8.77e-07
 8.50237e+21	6.74e-28	5.75e-20	1.96e-16	1.41e-13	2.31e-11	1.50e-09	4.18e-08	2.35e-05	2.21e-03	5.27e-02	2.49e-01	3.64e-01	2.49e-01	6.22e-02	1.42e-02	6.10e-03	1.17e-04	7.31e-07
 8.72053e+21	9.39e-28	8.37e-20	2.76e-16	1.93e-13	3.05e-11	1.91e-09	5.11e-08	2.75e-05	2.49e-03	5.72e-02	2.61e-01	3.65e-01	2.39e-01	5.75e-02	1.27e-02	5.28e-03	9.71e-05	5.81e-07
 8.94707e+21	1.31e-27	1.23e-19	3.94e-16	2.67e-13	4.07e-11	2.45e-09	6.31e-08	3.24e-05	2.82e-03	6.23e-02	2.73e-01	3.64e-01	2.29e-01	5.28e-02	1.13e-02	4.53e-03	7.95e-05	4.54e-07
 9.13405e+21	1.69e-27	1.68e-19	5.24e-16	3.45e-13	5.13e-11	2.99e-09	7.45e-08	3.69e-05	3.11e-03	6.67e-02	2.82e-01	3.63e-01	2.21e-01	4.93e-02	1.02e-02	4.00e-03	6.77e-05	3.73e-07
 9.32669e+21	2.21e-27	2.29e-19	6.97e-16	4.47e-13	6.45e-11	3.65e-09	8.81e-08	4.21e-05	3.43e-03	7.12e-02	2.92e-01	3.62e-01	2.13e-01	4.59e-02	9.28e-03	3.53e-03	5.75e-05	3.06e-07
 9.57711e+21	3.09e-27	3.37e-19	9.97e-16	6.18e-13	8.61e-11	4.67e-09	1.08e-07	4.95e-05	3.87e-03	7.73e-02	3.03e-01	3.59e-01	2.03e-01	4.18e-02	8.19e-03	3.01e-03	4.68e-05	2.38e-07
 9.83554e+21	4.28e-27	5.03e-19	1.44e-15	8.64e-13	1.16e-10	6.05e-09	1.35e-07	5.86e-05	4.38e-03	8.40e-02	3.16e-01	3.56e-01	1.92e-01	3.79e-02	7.17e-03	2.54e-03	3.76e-05	1.82e-07
 1.00468e+22	5.53e-27	6.89e-19	1.93e-15	1.13e-12	1.47e-10	7.42e-09	1.60e-07	6.68e-05	4.83e-03	8.96e-02	3.25e-01	3.53e-01	1.84e-01	3.50e-02	6.44e-03	2.21e-03	3.16e-05	1.47e-07
 1.02640e+22	7.19e-27	9.44e-19	2.58e-15	1.47e-12	1.86e-10	9.09e-09	1.90e-07	7.62e-05	5.33e-03	9.55e-02	3.35e-01	3.49e-01	1.76e-01	3.23e-02	5.77e-03	1.93e-03	2.65e-05	0.00e+00
 1.04981e+22	9.37e-27	1.32e-18	3.50e-15	1.94e-12	2.38e-10	1.13e-08	2.27e-07	8.76e-05	5.90e-03	1.02e-01	3.45e-01	3.44e-01	1.67e-01	2.95e-02	5.14e-03	1.66e-03	2.19e-05	0.00e+00
 1.07053e+22	1.18e-26	1.76e-18	4.57e-15	2.47e-12	2.95e-10	1.36e-08	2.65e-07	9.88e-05	6.44e-03	1.08e-01	3.53e-01	3.40e-01	1.59e-01	2.73e-02	4.63e-03	1.46e-03	1.86e-05	0.00e+00
 1.08964e+22	1.45e-26	2.28e-18	5.81e-15	3.06e-12	3.59e-10	1.60e-08	3.05e-07	1.10e-04	6.96e-03	1.13e-01	3.60e-01	3.36e-01	1.53e-01	2.54e-02	4.21e-03	1.30e-03	1.60e-05	0.00e+00
 1.11157e+22	1.83e-26	3.05e-18	7.60e-15	3.92e-12	4.46e-10	1.94e-08	3.58e-07	1.24e-04	7.61e-03	1.20e-01	3.68e-01	3.30e-01	1.45e-01	2.34e-02	3.78e-03	1.13e-03	1.34e-05	0.00e+00
 1.13632e+22	2.36e-26	4.21e-18	1.02e-14	5.14e-12	5.69e-10	2.39e-08	4.26e-07	1.42e-04	8.38e-03	1.28e-01	3.77e-01	3.24e-01	1.37e-01	2.13e-02	3.34e-03	9.71e-04	1.11e-05	0.00e+00
 1.15983e+22	2.97e-26	5.68e-18	1.35e-14	6.61e-12	7.13e-10	2.90e-08	5.02e-07	1.61e-04	9.17e-03	1.35e-01	3.85e-01	3.18e-01	1.30e-01	1.94e-02	2.98e-03	8.40e-04	9.21e-06	0.00e+00
 1.18200e+22	3.67e-26	7.47e-18	1.74e-14	8.34e-12	8.77e-10	3.47e-08	5.84e-07	1.81e-04	9.95e-03	1.42e-01	3.92e-01	3.12e-01	1.23e-01	1.78e-02	2.67e-03	7.34e-04	7.76e-06	0.00e+00
 1.20732e+22	4.66e-26	1.01e-17	2.31e-14	1.08e-11	1.10e-09	4.23e-08	6.89e-07	2.05e-04	1.09e-02	1.50e-01	3.99e-01	3.05e-01	1.16e-01	1.62e-02	2.37e-03	6.32e-04	6.42e-06	0.00e+00
 1.23577e+22	6.01e-26	1.42e-17	3.17e-14	1.44e-11	1.43e-09	5.29e-08	8.32e-07	2.36e-04	1.20e-02	1.59e-01	4.07e-01	2.96e-01	1.08e-01	1.45e-02	2.06e-03	5.30e-04	5.15e-06	0.00e+00
 1.26223e+22	7.50e-26	1.92e-17	4.20e-14	1.86e-11	1.80e-09	6.47e-08	9.85e-07	2.69e-04	1.32e-02	1.68e-01	4.13e-01	2.88e-01	1.01e-01	1.31e-02	1.81e-03	4.52e-04	4.21e-06	0.00e+00
 1.28672e+22	9.20e-26	2.53e-17	5.43e-14	2.36e-11	2.22e-09	7.76e-08	1.15e-06	3.02e-04	1.43e-02	1.77e-01	4.19e-01	2.81e-01	9.55e-02	1.19e-02	1.61e-03	3.91e-04	3.50e-06	0.00e+00
 1.31475e+22	1.16e-25	3.44e-17	7.22e-14	3.06e-11	2.81e-09	9.51e-08	1.36e-06	3.43e-04	1.57e-02	1.86e-01	4.24e-01	2.72e-01	8.90e-02	1.07e-02	1.40e-03	3.31e-04	2.84e-06	0.00e+00
 1.35118e+22	1.54e-25	5.04e-17	1.03e-13	4.25e-11	3.78e-09	1.23e-07	1.69e-06	4.04e-04	1.75e-02	1.99e-01	4.30e-01	2.61e-01	8.12e-02	9.30e-03	1.18e-03	2.68e-04	2.18e-06	0.00e+00
 1.38795e+22	2.01e-25	7.35e-17	1.47e-13	5.90e-11	5.08e-09	1.59e-07	2.11e-06	4.75e-04	1.96e-02	2.12e-01	4.36e-01	2.49e-01	7.38e-02	8.04e-03	9.89e-04	2.15e-04	1.66e-06	0.00e+00
 1.41687e+22	2.44e-25	9.79e-17	1.93e-13	7.58e-11	6.39e-09	1.94e-07	2.49e-06	5.39e-04	2.14e-02	2.22e-01	4.39e-01	2.40e-01	6.83e-02	7.17e-03	8.60e-04	1.81e-04	1.34e-06	0.00e+00
 1.44621e+22	2.97e-25	1.30e-16	2.52e-13	9.67e-11	7.96e-09	2.35e-07	2.93e-06	6.08e-04	2.32e-02	2.33e-01	4.42e-01	2.31e-01	6.33e-02	6.40e-03	7.50e-04	1.53e-04	1.08e-06	0.00e+00
 1.48435e+22	3.80e-25	1.84e-16	3.52e-13	1.32e-10	1.05e-08	3.00e-07	3.61e-06	7.10e-04	2.58e-02	2.46e-01	4.44e-01	2.19e-01	5.72e-02	5.52e-03	6.27e-04	1.23e-04	8.25e-07	0.00e+00
 1.52408e+22	4.78e-25	2.63e-16	4.94e-13	1.81e-10	1.41e-08	3.86e-07	4.47e-06	8.32e-04	2.87e-02	2.61e-01	4.46e-01	2.07e-01	5.14e-02	4.72e-03	5.20e-04	9.77e-05	6.20e-07	0.00e+00
 1.55727e+22	5.73e-25	3.50e-16	6.49e-13	2.33e-10	1.77e-08	4.73e-07	5.33e-06	9.46e-04	3.12e-02	2.73e-01	4.46e-01	1.98e-01	4.69e-02	4.14e-03	4.45e-04	8.07e-05	4.89e-07	0.00e+00
 1.58603e+22	6.66e-25	4.45e-16	8.17e-13	2.89e-10	2.16e-08	5.63e-07	6.18e-06	1.06e-03	3.36e-02	2.83e-01	4.46e-01	1.89e-01	4.34e-02	3.70e-03	3.89e-04	6.85e-05	4.00e-07	0.00e+00
 1.61760e+22	7.86e-25	5.73e-16	1.04e-12	3.63e-10	2.67e-08	6.77e-07	7.25e-06	1.19e-03	3.63e-02	2.94e-01	4.44e-01	1.80e-01	3.98e-02	3.27e-03	3.37e-04	5.74e-05	3.21e-07	0.00e+00
 1.65865e+22	9.63e-25	7.86e-16	1.42e-12	4.85e-10	3.48e-08	8.55e-07	8.87e-06	1.37e-03	3.99e-02	3.09e-01	4.42e-01	1.69e-01	3.55e-02	2.78e-03	2.79e-04	4.57e-05	2.42e-07	0.00e+00
 1.70059e+22	1.16e-24	1.08e-15	1.93e-12	6.47e-10	4.54e-08	1.08e-06	1.09e-05	1.59e-03	4.40e-02	3.23e-01	4.39e-01	1.58e-01	3.16e-02	2.36e-03	2.30e-04	3.61e-05	1.81e-07	0.00e+00
 1.73455e+22	1.33e-24	1.37e-15	2.44e-12	8.12e-10	5.61e-08	1.30e-06	1.28e-05	1.79e-03	4.74e-02	3.35e-01	4.35e-01	1.50e-01	2.87e-02	2.06e-03	1.97e-04	2.98e-05	1.43e-07	0.00e+00
 1.76958e+22	1.54e-24	1.74e-15	3.10e-12	1.01e-09	6.90e-08	1.56e-06	1.50e-05	2.01e-03	5.11e-02	3.46e-01	4.31e-01	1.41e-01	2.60e-02	1.80e-03	1.68e-04	2.47e-05	0.00e+00	0.00e+00
 1.81512e+22	1.85e-24	2.35e-15	4.16e-12	1.35e-09	8.97e-08	1.98e-06	1.84e-05	2.33e-03	5.61e-02	3.61e-01	4.25e-01	1.31e-01	2.29e-02	1.51e-03	1.38e-04	1.93e-05	0.00e+00	0.00e+00
 1.86121e+22	2.16e-24	3.15e-15	5.58e-12	1.78e-09	1.16e-07	2.49e-06	2.25e-05	2.70e-03	6.15e-02	3.75e-01	4.18e-01	1.21e-01	2.01e-02	1.27e-03	1.12e-04	1.51e-05	0.00e+00	0.00e+00
 1.89784e+22	2.43e-24	3.93e-15	6.97e-12	2.20e-09	1.42e-07	2.98e-06	2.64e-05	3.02e-03	6.60e-02	3.87e-01	4.11e-01	1.14e-01	1.81e-02	1.10e-03	9.53e-05	1.24e-05	0.00e+00	0.00e+00
 1.93527e+22	2.76e-24	4.89e-15	8.68e-12	2.72e-09	1.73e-07	3.55e-06	3.08e-05	3.37e-03	7.07e-02	3.97e-01	4.05e-01	1.07e-01	1.64e-02	9.57e-04	8.13e-05	1.02e-05	0.00e+00	0.00e+00
 1.98392e+22	3.23e-24	6.41e-15	1.14e-11	3.54e-09	2.22e-07	4.43e-06	3.75e-05	3.88e-03	7.70e-02	4.11e-01	3.95e-01	9.81e-02	1.43e-02	7.98e-04	6.62e-05	7.97e-06	0.00e+00	0.00e+00
 2.03455e+22	3.73e-24	8.42e-15	1.51e-11	4.62e-09	2.86e-07	5.55e-06	4.58e-05	4.47e-03	8.39e-02	4.24e-01	3.85e-01	8.98e-02	1.24e-02	6.62e-04	5.35e-05	6.17e-06	0.00e+00	0.00e+00
 2.07687e+22	4.18e-24	1.05e-14	1.89e-11	5.73e-09	3.50e-07	6.66e-06	5.39e-05	5.02e-03	9.00e-02	4.34e-01	3.76e-01	8.34e-02	1.11e-02	5.66e-04	4.48e-05	4.99e-06	0.00e+00	0.00e+00
 2.12099e+22	4.74e-24	1.30e-14	2.36e-11	7.11e-09	4.30e-07	8.00e-06	6.34e-05	5.63e-03	9.64e-02	4.44e-01	3.66e-01	7.72e-02	9.82e-03	4.84e-04	3.75e-05	4.02e-06	0.00e+00	0.00e+00
 2.17836e+22	5.56e-24	1.70e-14	3.12e-11	9.31e-09	5.55e-07	1.01e-05	7.78e-05	6.50e-03	1.05e-01	4.56e-01	3.54e-01	6.99e-02	8.42e-03	3.95e-04	2.99e-05	3.06e-06	0.00e+00	0.00e+00
 2.23748e+22	6.43e-24	2.22e-14	4.13e-11	1.22e-08	7.18e-07	1.27e-05	9.57e-05	7.51e-03	1.14e-01	4.67e-01	3.41e-01	6.30e-02	7.19e-03	3.21e-04	2.36e-05	2.31e-06	0.00e+00	0.00e+00
 2.28619e+22	7.25e-24	2.75e-14	5.16e-11	1.51e-08	8.80e-07	1.52e-05	1.13e-04	8.43e-03	1.22e-01	4.75e-01	3.30e-01	5.78e-02	6.32e-03	2.72e-04	1.96e-05	1.84e-06	0.00e+00	0.00e+00
 2.33681e+22	8.27e-24	3.39e-14	6.44e-11	1.87e-08	1.08e-06	1.82e-05	1.33e-04	9.44e-03	1.30e-01	4.83e-01	3.18e-01	5.30e-02	5.55e-03	2.29e-04	1.62e-05	1.47e-06	0.00e+00	0.00e+00
 2.38980e+22	9.39e-24	4.21e-14	8.09e-11	2.33e-08	1.33e-06	2.20e-05	1.57e-04	1.06e-02	1.39e-01	4.90e-01	3.07e-01	4.83e-02	4.84e-03	1.92e-04	1.33e-05	1.16e-06	0.00e+00	0.00e+00
 2.43449e+22	1.05e-23	5.02e-14	9.75e-11	2.79e-08	1.57e-06	2.56e-05	1.80e-04	1.17e-02	1.46e-01	4.96e-01	2.97e-01	4.47e-02	4.32e-03	1.66e-04	1.13e-05	9.52e-07	0.00e+00	0.00e+00
 2.48118e+22	1.18e-23	5.99e-14	1.18e-10	3.35e-08	1.87e-06	2.98e-05	2.07e-04	1.28e-02	1.54e-01	5.00e-01	2.87e-01	4.13e-02	3.85e-03	1.43e-04	9.55e-06	7.81e-07	0.00e+00	0.00e+00
 2.54189e+22	1.38e-23	7.48e-14	1.49e-10	4.20e-08	2.32e-06	3.61e-05	2.46e-04	1.45e-02	1.65e-01	5.06e-01	2.74e-01	3.73e-02	3.32e-03	1.18e-04	7.73e-06	6.07e-07	0.00e+00	0.00e+00
 2.60446e+22	1.60e-23	9.38e-14	1.90e-10	5.29e-08	2.88e-06	4.39e-05	2.93e-04	1.63e-02	1.76e-01	5.10e-01	2.61e-01	3.35e-02	2.85e-03	9.74e-05	6.22e-06	4.68e-07	0.00e+00	0.00e+00
 2.65528e+22	1.79e-23	1.11e-13	2.29e-10	6.34e-08	3.42e-06	5.12e-05	3.38e-04	1.79e-02	1.85e-01	5.13e-01	2.51e-01	3.07e-02	2.51e-03	8.32e-05	5.22e-06	3.80e-07	0.00e+00	0.00e+00
 2.70717e+22	2.05e-23	1.33e-13	2.77e-10	7.58e-08	4.04e-06	5.94e-05	3.85e-04	1.96e-02	1.93e-01	5.15e-01	2.41e-01	2.82e-02	2.23e-03	7.16e-05	4.41e-06	3.11e-07	0.00e+00	0.00e+00
 2.77463e+22	2.43e-23	1.66e-13	3.51e-10	9.49e-08	4.99e-06	7.16e-05	4.56e-04	2.20e-02	2.05e-01	5.16e-01	2.29e-01	2.53e-02	1.91e-03	5.89e-05	3.55e-06	2.40e-07	0.00e+00	0.00e+00
 2.84419e+22	2.87e-23	2.08e-13	4.47e-10	1.19e-07	6.18e-06	8.65e-05	5.41e-04	2.47e-02	2.17e-01	5.17e-01	2.16e-01	2.26e-02	1.63e-03	4.81e-05	2.84e-06	1.85e-07	0.00e+00	0.00e+00
 2.90127e+22	3.26e-23	2.48e-13	5.40e-10	1.43e-07	7.33e-06	1.01e-04	6.21e-04	2.71e-02	2.28e-01	5.17e-01	2.06e-01	2.05e-02	1.43e-03	4.08e-05	2.37e-06	1.49e-07	0.00e+00	0.00e+00
 2.96023e+22	3.80e-23	2.98e-13	6.55e-10	1.71e-07	8.67e-06	1.17e-04	7.07e-04	2.95e-02	2.38e-01	5.15e-01	1.97e-01	1.87e-02	1.26e-03	3.49e-05	1.98e-06	0.00e+00	0.00e+00	0.00e+00
 3.03689e+22	4.59e-23	3.74e-13	8.35e-10	2.15e-07	1.07e-05	1.40e-04	8.36e-04	3.30e-02	2.51e-01	5.13e-01	1.85e-01	1.66e-02	1.06e-03	2.84e-05	1.58e-06	0.00e+00	0.00e+00	0.00e+00
 3.11625e+22	5.52e-23	4.72e-13	1.07e-09	2.71e-07	1.33e-05	1.70e-04	9.91e-04	3.69e-02	2.64e-01	5.10e-01	1.73e-01	1.46e-02	8.96e-04	2.30e-05	1.25e-06	0.00e+00	0.00e+00	0.00e+00
 3.18201e+22	6.38e-23	5.66e-13	1.30e-09	3.26e-07	1.58e-05	1.98e-04	1.14e-03	4.04e-02	2.75e-01	5.06e-01	1.63e-01	1.31e-02	7.77e-04	1.93e-05	1.03e-06	0.00e+00	0.00e+00	0.00e+00
 3.25037e+22	7.57e-23	6.86e-13	1.60e-09	3.93e-07	1.87e-05	2.29e-04	1.30e-03	4.40e-02	2.86e-01	5.01e-01	1.54e-01	1.19e-02	6.77e-04	1.63e-05	8.54e-07	0.00e+00	0.00e+00	0.00e+00
 3.33923e+22	9.37e-23	8.71e-13	2.05e-09	4.97e-07	2.32e-05	2.76e-04	1.53e-03	4.91e-02	3.00e-01	4.95e-01	1.43e-01	1.04e-02	5.65e-04	1.30e-05	6.70e-07	0.00e+00	0.00e+00	0.00e+00
 3.43177e+22	1.15e-22	1.11e-12	2.66e-09	6.32e-07	2.89e-05	3.35e-04	1.82e-03	5.48e-02	3.15e-01	4.87e-01	1.32e-01	8.99e-03	4.69e-04	1.04e-05	5.21e-07	0.00e+00	0.00e+00	0.00e+00
 3.50938e+22	1.37e-22	1.35e-12	3.29e-09	7.68e-07	3.46e-05	3.91e-04	2.09e-03	6.00e-02	3.27e-01	4.79e-01	1.23e-01	7.98e-03	4.01e-04	8.57e-06	4.22e-07	0.00e+00	0.00e+00	0.00e+00
 3.59060e+22	1.66e-22	1.66e-12	4.08e-09	9.35e-07	4.13e-05	4.55e-04	2.39e-03	6.53e-02	3.38e-01	4.71e-01	1.15e-01	7.10e-03	3.44e-04	7.12e-06	3.44e-07	0.00e+00	0.00e+00	0.00e+00
 3.69619e+22	2.12e-22	2.15e-12	5.34e-09	1.20e-06	5.16e-05	5.52e-04	2.83e-03	7.27e-02	3.52e-01	4.60e-01	1.05e-01	6.08e-03	2.82e-04	5.60e-06	2.64e-07	0.00e+00	0.00e+00	0.00e+00
 3.80705e+22	2.70e-22	2.81e-12	7.06e-09	1.54e-06	6.48e-05	6.71e-04	3.36e-03	8.11e-02	3.67e-01	4.47e-01	9.54e-02	5.17e-03	2.29e-04	4.35e-06	2.01e-07	0.00e+00	0.00e+00	0.00e+00
 3.89210e+22	3.22e-22	3.43e-12	8.70e-09	1.87e-06	7.70e-05	7.78e-04	3.83e-03	8.79e-02	3.78e-01	4.37e-01	8.84e-02	4.56e-03	1.95e-04	3.59e-06	1.63e-07	0.00e+00	0.00e+00	0.00e+00
 3.95688e+22	3.67e-22	3.96e-12	1.01e-08	2.14e-06	8.71e-05	8.64e-04	4.20e-03	9.31e-02	3.85e-01	4.29e-01	8.36e-02	4.16e-03	1.73e-04	3.12e-06	1.40e-07	0.00e+00	0.00e+00	0.00e+00
 4.02797e+22	4.32e-22	4.66e-12	1.19e-08	2.49e-06	9.96e-05	9.69e-04	4.64e-03	9.90e-02	3.93e-01	4.20e-01	7.85e-02	3.76e-03	1.53e-04	2.68e-06	0.00e+00	0.00e+00	0.00e+00	0.00e+00
 4.12038e+22	5.29e-22	5.70e-12	1.47e-08	3.01e-06	1.18e-04	1.12e-03	5.26e-03	1.07e-01	4.03e-01	4.08e-01	7.24e-02	3.31e-03	1.30e-04	2.21e-06	0.00e+00	0.00e+00	0.00e+00	0.00e+00
 4.22172e+22	6.53e-22	7.10e-12	1.85e-08	3.70e-06	1.41e-04	1.30e-03	6.01e-03	1.16e-01	4.12e-01	3.95e-01	6.62e-02	2.87e-03	1.09e-04	1.79e-06	0.00e+00	0.00e+00	0.00e+00	0.00e+00
 4.31354e+22	7.88e-22	8.63e-12	2.26e-08	4.43e-06	1.66e-04	1.49e-03	6.75e-03	1.24e-01	4.21e-01	3.83e-01	6.10e-02	2.52e-03	9.26e-05	1.48e-06	0.00e+00	0.00e+00	0.00e+00	0.00e+00
 4.39893e+22	9.40e-22	1.03e-11	2.70e-08	5.21e-06	1.91e-04	1.68e-03	7.49e-03	1.32e-01	4.28e-01	3.72e-01	5.66e-02	2.24e-03	8.02e-05	1.25e-06	0.00e+00	0.00e+00	0.00e+00	0.00e+00
 4.49711e+22	1.15e-21	1.26e-11	3.31e-08	6.24e-06	2.23e-04	1.92e-03	8.40e-03	1.41e-01	4.35e-01	3.59e-01	5.19e-02	1.97e-03	6.82e-05	1.03e-06	0.00e+00	0.00e+00	0.00e+00	0.00e+00
 4.62473e+22	1.50e-21	1.62e-11	4.26e-08	7.84e-06	2.72e-04	2.26e-03	9.68e-03	1.54e-01	4.43e-01	3.43e-01	4.64e-02	1.66e-03	5.55e-05	8.07e-07	0.00e+00	0.00e+00	0.00e+00	0.00e+00
 4.75469e+22	1.93e-21	2.09e-11	5.51e-08	9.88e-06	3.32e-04	2.67e-03	1.12e-02	1.67e-01	4.50e-01	3.26e-01	4.13e-02	1.39e-03	4.48e-05	6.27e-07	0.00e+00	0.00e+00	0.00e+00	0.00e+00
 4.85862e+22	2.35e-21	2.55e-11	6.73e-08	1.18e-05	3.88e-04	3.03e-03	1.24e-02	1.77e-01	4.55e-01	3.13e-01	3.76e-02	1.21e-03	3.79e-05	5.15e-07	0.00e+00	0.00e+00	0.00e+00	0.00e+00
 4.96464e+22	2.90e-21	3.11e-11	8.18e-08	1.40e-05	4.50e-04	3.43e-03	1.38e-02	1.88e-01	4.58e-01	3.01e-01	3.43e-02	1.06e-03	3.22e-05	4.25e-07	0.00e+00	0.00e+00	0.00e+00	0.00e+00
 5.10248e+22	3.79e-21	3.99e-11	1.05e-07	1.75e-05	5.42e-04	4.00e-03	1.57e-02	2.02e-01	4.62e-01	2.84e-01	3.04e-02	8.87e-04	2.62e-05	3.33e-07	0.00e+00	0.00e+00	0.00e+00	0.00e+00
 5.24954e+22	5.02e-21	5.24e-11	1.36e-07	2.20e-05	6.59e-04	4.69e-03	1.79e-02	2.17e-01	4.65e-01	2.67e-01	2.68e-02	7.36e-04	2.10e-05	2.57e-07	0.00e+00	0.00e+00	0.00e+00	0.00e+00
 5.37795e+22	6.34e-21	6.55e-11	1.69e-07	2.67e-05	7.77e-04	5.38e-03	2.01e-02	2.31e-01	4.66e-01	2.53e-01	2.38e-02	6.23e-04	1.73e-05	2.05e-07	0.00e+00	0.00e+00	0.00e+00	0.00e+00
 5.51425e+22	8.18e-21	8.26e-11	2.11e-07	3.26e-05	9.16e-04	6.15e-03	2.24e-02	2.45e-01	4.66e-01	2.38e-01	2.12e-02	5.27e-04	1.42e-05	1.63e-07	0.00e+00	0.00e+00	0.00e+00	0.00e+00
 5.69144e+22	1.13e-20	1.11e-10	2.80e-07	4.17e-05	1.13e-03	7.26e-03	2.57e-02	2.63e-01	4.64e-01	2.21e-01	1.82e-02	4.26e-04	1.11e-05	1.22e-07	0.00e+00	0.00e+00	0.00e+00	0.00e+00
 5.87512e+22	1.57e-20	1.50e-10	3.73e-07	5.38e-05	1.39e-03	8.60e-03	2.94e-02	2.81e-01	4.61e-01	2.03e-01	1.54e-02	3.39e-04	8.54e-06	0.00e+00	0.00e+00	0.00e+00	0.00e+00	0.00e+00
 6.02690e+22	2.05e-20	1.92e-10	4.70e-07	6.59e-05	1.64e-03	9.84e-03	3.28e-02	2.97e-01	4.57e-01	1.89e-01	1.35e-02	2.82e-04	6.91e-06	0.00e+00	0.00e+00	0.00e+00	0.00e+00	0.00e+00
 6.18387e+22	2.69e-20	2.45e-10	5.88e-07	8.02e-05	1.93e-03	1.12e-02	3.63e-02	3.11e-01	4.51e-01	1.76e-01	1.18e-02	2.36e-04	5.63e-06	0.00e+00	0.00e+00	0.00e+00	0.00e+00	0.00e+00
 6.38792e+22	3.81e-20	3.33e-10	7.81e-07	1.03e-04	2.36e-03	1.31e-02	4.11e-02	3.30e-01	4.43e-01	1.60e-01	9.97e-03	1.87e-04	4.33e-06	0.00e+00	0.00e+00	0.00e+00	0.00e+00	0.00e+00
 6.58250e+22	5.29e-20	4.48e-10	1.03e-06	1.30e-04	2.86e-03	1.53e-02	4.62e-02	3.48e-01	4.34e-01	1.45e-01	8.39e-03	1.49e-04	3.34e-06	0.00e+00	0.00e+00	0.00e+00	0.00e+00	0.00e+00
 6.71969e+22	6.60e-20	5.49e-10	1.23e-06	1.53e-04	3.25e-03	1.69e-02	4.99e-02	3.60e-01	4.27e-01	1.36e-01	7.46e-03	1.27e-04	2.80e-06	0.00e+00	0.00e+00	0.00e+00	0.00e+00	0.00e+00
 6.85296e+22	8.23e-20	6.62e-10	1.46e-06	1.77e-04	3.66e-03	1.85e-02	5.35e-02	3.71e-01	4.19e-01	1.27e-01	6.68e-03	1.10e-04	2.38e-06	0.00e+00	0.00e+00	0.00e+00	0.00e+00	0.00e+00
 7.02622e+22	1.09e-19	8.42e-10	1.81e-06	2.14e-04	4.25e-03	2.07e-02	5.83e-02	3.84e-01	4.09e-01	1.17e-01	5.79e-03	9.13e-05	1.94e-06	0.00e+00	0.00e+00	0.00e+00	0.00e+00	0.00e+00
 7.25144e+22	1.56e-19	1.14e-09	2.38e-06	2.70e-04	5.10e-03	2.39e-02	6.46e-02	4.00e-01	3.96e-01	1.05e-01	4.83e-03	7.22e-05	1.49e-06	0.00e+00	0.00e+00	0.00e+00	0.00e+00	0.00e+00
 7.48261e+22	2.23e-19	1.56e-09	3.14e-06	3.43e-04	6.16e-03	2.76e-02	7.17e-02	4.16e-01	3.81e-01	9.38e-02	3.98e-03	5.63e-05	1.13e-06	0.00e+00	0.00e+00	0.00e+00	0.00e+00	0.00e+00
 7.65985e+22	2.92e-19	1.97e-09	3.86e-06	4.10e-04	7.07e-03	3.06e-02	7.73e-02	4.26e-01	3.69e-01	8.57e-02	3.43e-03	4.67e-05	9.21e-07	0.00e+00	0.00e+00	0.00e+00	0.00e+00	0.00e+00
 7.80615e+22	3.64e-19	2.37e-09	4.55e-06	4.72e-04	7.89e-03	3.33e-02	8.20e-02	4.35e-01	3.59e-01	7.96e-02	3.04e-03	4.01e-05	7.78e-07	0.00e+00	0.00e+00	0.00e+00	0.00e+00	0.00e+00
 7.97389e+22	4.70e-19	2.92e-09	5.46e-06	5.51e-04	8.89e-03	3.63e-02	8.71e-02	4.43e-01	3.48e-01	7.34e-02	2.67e-03	3.41e-05	6.51e-07	0.00e+00	0.00e+00	0.00e+00	0.00e+00	0.00e+00
 8.19194e+22	6.44e-19	3.78e-09	6.86e-06	6.68e-04	1.03e-02	4.05e-02	9.37e-02	4.52e-01	3.34e-01	6.62e-02	2.26e-03	2.78e-05	5.19e-07	0.00e+00	0.00e+00	0.00e+00	0.00e+00	0.00e+00
 8.43037e+22	9.13e-19	5.05e-09	8.82e-06	8.27e-04	1.21e-02	4.56e-02	1.01e-01	4.62e-01	3.18e-01	5.87e-02	1.87e-03	2.20e-05	4.02e-07	0.00e+00	0.00e+00	0.00e+00	0.00e+00	0.00e+00
 8.64250e+22	1.24e-18	6.48e-09	1.10e-05	9.94e-04	1.39e-02	5.04e-02	1.08e-01	4.69e-01	3.03e-01	5.28e-02	1.59e-03	1.79e-05	3.21e-07	0.00e+00	0.00e+00	0.00e+00	0.00e+00	0.00e+00
 8.83548e+22	1.63e-18	8.09e-09	1.33e-05	1.17e-03	1.57e-02	5.50e-02	1.15e-01	4.74e-01	2.91e-01	4.79e-02	1.37e-03	1.50e-05	2.63e-07	0.00e+00	0.00e+00	0.00e+00	0.00e+00	0.00e+00
 9.05635e+22	2.20e-18	1.03e-08	1.64e-05	1.39e-03	1.79e-02	6.03e-02	1.21e-01	4.78e-01	2.77e-01	4.31e-02	1.16e-03	1.23e-05	2.13e-07	0.00e+00	0.00e+00	0.00e+00	0.00e+00	0.00e+00
 9.34347e+22	3.23e-18	1.39e-08	2.13e-05	1.73e-03	2.10e-02	6.75e-02	1.30e-01	4.82e-01	2.59e-01	3.76e-02	9.46e-04	9.64e-06	1.63e-07	0.00e+00	0.00e+00	0.00e+00	0.00e+00	0.00e+00
 9.63789e+22	4.82e-18	1.92e-08	2.81e-05	2.18e-03	2.48e-02	7.56e-02	1.39e-01	4.84e-01	2.41e-01	3.25e-02	7.59e-04	7.43e-06	1.22e-07	0.00e+00	0.00e+00	0.00e+00	0.00e+00	0.00e+00
 9.87262e+22	6.59e-18	2.47e-08	3.48e-05	2.61e-03	2.82e-02	8.25e-02	1.46e-01	4.84e-01	2.28e-01	2.88e-02	6.37e-04	6.05e-06	0.00e+00	0.00e+00	0.00e+00	0.00e+00	0.00e+00	0.00e+00
 1.01086e+23	8.83e-18	3.11e-08	4.25e-05	3.07e-03	3.16e-02	8.91e-02	1.52e-01	4.83e-01	2.15e-01	2.59e-02	5.44e-04	5.04e-06	0.00e+00	0.00e+00	0.00e+00	0.00e+00	0.00e+00	0.00e+00
 1.04153e+23	1.32e-17	4.18e-08	5.49e-05	3.79e-03	3.66e-02	9.82e-02	1.60e-01	4.80e-01	1.99e-01	2.24e-02	4.41e-04	3.96e-06	0.00e+00	0.00e+00	0.00e+00	0.00e+00	0.00e+00	0.00e+00
 1.07364e+23	2.02e-17	5.78e-08	7.26e-05	4.76e-03	4.29e-02	1.08e-01	1.68e-01	4.74e-01	1.83e-01	1.91e-02	3.51e-04	3.05e-06	0.00e+00	0.00e+00	0.00e+00	0.00e+00	0.00e+00	0.00e+00
 1.10000e+23	2.77e-17	7.45e-08	9.04e-05	5.68e-03	4.84e-02	1.17e-01	1.73e-01	4.68e-01	1.71e-01	1.68e-02	2.93e-04	2.49e-06	0.00e+00	0.00e+00	0.00e+00	0.00e+00	0.00e+00	0.00e+00
 1.12666e+23	3.94e-17	9.58e-08	1.12e-04	6.77e-03	5.44e-02	1.26e-01	1.79e-01	4.61e-01	1.59e-01	1.48e-02	2.44e-04	2.03e-06	0.00e+00	0.00e+00	0.00e+00	0.00e+00	0.00e+00	0.00e+00
 1.16133e+23	6.03e-17	1.31e-07	1.47e-04	8.40e-03	6.28e-02	1.36e-01	1.84e-01	4.50e-01	1.45e-01	1.26e-02	1.96e-04	1.59e-06	0.00e+00	0.00e+00	0.00e+00	0.00e+00	0.00e+00	0.00e+00
 1.19721e+23	9.50e-17	1.83e-07	1.97e-04	1.06e-02	7.29e-02	1.48e-01	1.90e-01	4.37e-01	1.31e-01	1.06e-02	1.55e-04	1.22e-06	0.00e+00	0.00e+00	0.00e+00	0.00e+00	0.00e+00	0.00e+00
 1.22603e+23	1.37e-16	2.39e-07	2.49e-04	1.28e-02	8.20e-02	1.58e-01	1.93e-01	4.25e-01	1.20e-01	9.24e-03	1.28e-04	9.92e-07	0.00e+00	0.00e+00	0.00e+00	0.00e+00	0.00e+00	0.00e+00
 1.24931e+23	1.88e-16	2.99e-07	3.02e-04	1.48e-02	9.02e-02	1.65e-01	1.95e-01	4.14e-01	1.12e-01	8.22e-03	1.09e-04	8.34e-07	0.00e+00	0.00e+00	0.00e+00	0.00e+00	0.00e+00	0.00e+00
 1.27405e+23	2.56e-16	3.70e-07	3.64e-04	1.72e-02	9.86e-02	1.72e-01	1.97e-01	4.03e-01	1.04e-01	7.33e-03	9.38e-05	7.07e-07	0.00e+00	0.00e+00	0.00e+00	0.00e+00	0.00e+00	0.00e+00
 1.30622e+23	3.82e-16	4.88e-07	4.64e-04	2.08e-02	1.10e-01	1.81e-01	1.98e-01	3.88e-01	9.48e-02	6.32e-03	7.73e-05	5.73e-07	0.00e+00	0.00e+00	0.00e+00	0.00e+00	0.00e+00	0.00e+00
 1.33869e+23	5.83e-16	6.56e-07	6.01e-04	2.55e-02	1.24e-01	1.90e-01	1.98e-01	3.71e-01	8.55e-02	5.39e-03	6.27e-05	4.58e-07	0.00e+00	0.00e+00	0.00e+00	0.00e+00	0.00e+00	0.00e+00
 1.36339e+23	8.32e-16	8.31e-07	7.41e-04	2.99e-02	1.36e-01	1.97e-01	1.97e-01	3.57e-01	7.85e-02	4.74e-03	5.32e-05	3.84e-07	0.00e+00	0.00e+00	0.00e+00	0.00e+00	0.00e+00	0.00e+00
 1.38278e+23	1.09e-15	9.97e-07	8.70e-04	3.39e-02	1.46e-01	2.01e-01	1.96e-01	3.45e-01	7.35e-02	4.30e-03	4.69e-05	3.36e-07	0.00e+00	0.00e+00	0.00e+00	0.00e+00	0.00e+00	0.00e+00
 1.40341e+23	1.42e-15	1.19e-06	1.02e-03	3.82e-02	1.55e-01	2.05e-01	1.94e-01	3.34e-01	6.90e-02	3.92e-03	4.17e-05	2.97e-07	0.00e+00	0.00e+00	0.00e+00	0.00e+00	0.00e+00	0.00e+00
 1.43024e+23	2.03e-15	1.49e-06	1.24e-03	4.47e-02	1.68e-01	2.09e-01	1.91e-01	3.19e-01	6.31e-02	3.44e-03	3.54e-05	2.50e-07	0.00e+00	0.00e+00	0.00e+00	0.00e+00	0.00e+00	0.00e+00
 1.45846e+23	3.04e-15	1.93e-06	1.56e-03	5.34e-02	1.84e-01	2.12e-01	1.87e-01	3.02e-01	5.70e-02	2.98e-03	2.96e-05	2.07e-07	0.00e+00	0.00e+00	0.00e+00	0.00e+00	0.00e+00	0.00e+00
 1.48127e+23	4.25e-15	2.39e-06	1.90e-03	6.19e-02	1.97e-01	2.14e-01	1.83e-01	2.87e-01	5.23e-02	2.64e-03	2.55e-05	1.77e-07	0.00e+00	0.00e+00	0.00e+00	0.00e+00	0.00e+00	0.00e+00
