#depth	N	N+	N+2	N+3	N+4	N+5	N+6	N+7
 6.17135e+19	7.97e-33	2.36e-25	1.83e-19	1.36e-14	2.20e-10	1.06e-05	7.87e-03	9.92e-01
 1.87609e+20	1.67e-32	4.40e-25	3.04e-19	2.01e-14	2.88e-10	1.28e-05	8.70e-03	9.91e-01
 3.09890e+20	3.36e-32	7.93e-25	4.91e-19	2.90e-14	3.73e-10	1.54e-05	9.56e-03	9.90e-01
 4.23532e+20	6.32e-32	1.35e-24	7.59e-19	4.06e-14	4.72e-10	1.82e-05	1.04e-02	9.90e-01
 4.98912e+20	9.55e-32	1.92e-24	1.01e-18	5.06e-14	5.52e-10	2.03e-05	1.10e-02	9.89e-01
 5.30876e+20	1.14e-31	2.23e-24	1.14e-18	5.57e-14	5.90e-10	2.13e-05	1.13e-02	9.89e-01
 5.58772e+20	1.33e-31	2.53e-24	1.27e-18	6.04e-14	6.24e-10	2.22e-05	1.15e-02	9.88e-01
 5.95037e+20	1.60e-31	2.96e-24	1.44e-18	6.67e-14	6.70e-10	2.33e-05	1.18e-02	9.88e-01
 6.42182e+20	2.05e-31	3.66e-24	1.71e-18	7.63e-14	7.36e-10	2.49e-05	1.22e-02	9.88e-01
 6.93472e+20	2.69e-31	4.60e-24	2.07e-18	8.82e-14	8.15e-10	2.67e-05	1.26e-02	9.87e-01
 7.39308e+20	3.42e-31	5.63e-24	2.44e-18	1.00e-13	8.93e-10	2.85e-05	1.30e-02	9.87e-01
 7.81574e+20	4.26e-31	6.78e-24	2.84e-18	1.13e-13	9.71e-10	3.01e-05	1.34e-02	9.87e-01
 8.30041e+20	5.47e-31	8.37e-24	3.37e-18	1.29e-13	1.07e-09	3.22e-05	1.39e-02	9.86e-01
 8.84272e+20	7.22e-31	1.06e-23	4.09e-18	1.50e-13	1.19e-09	3.46e-05	1.44e-02	9.86e-01
 9.30862e+20	9.16e-31	1.30e-23	4.82e-18	1.70e-13	1.30e-09	3.68e-05	1.48e-02	9.85e-01
 9.68174e+20	1.10e-30	1.52e-23	5.49e-18	1.88e-13	1.40e-09	3.87e-05	1.52e-02	9.85e-01
 1.00856e+21	1.36e-30	1.81e-23	6.34e-18	2.11e-13	1.51e-09	4.08e-05	1.56e-02	9.84e-01
 1.06105e+21	1.77e-30	2.26e-23	7.61e-18	2.43e-13	1.67e-09	4.37e-05	1.61e-02	9.84e-01
 1.11524e+21	2.32e-30	2.84e-23	9.19e-18	2.81e-13	1.85e-09	4.69e-05	1.67e-02	9.83e-01
 1.15960e+21	2.89e-30	3.43e-23	1.07e-17	3.17e-13	2.02e-09	4.97e-05	1.72e-02	9.83e-01
 1.20522e+21	3.62e-30	4.15e-23	1.25e-17	3.58e-13	2.20e-09	5.27e-05	1.77e-02	9.82e-01
 1.26453e+21	4.85e-30	5.32e-23	1.54e-17	4.20e-13	2.46e-09	5.68e-05	1.84e-02	9.82e-01
 1.32110e+21	6.42e-30	6.74e-23	1.87e-17	4.88e-13	2.74e-09	6.11e-05	1.91e-02	9.81e-01
 1.36118e+21	7.83e-30	7.98e-23	2.15e-17	5.44e-13	2.96e-09	6.43e-05	1.96e-02	9.80e-01
 1.40035e+21	9.48e-30	9.37e-23	2.45e-17	6.03e-13	3.18e-09	6.75e-05	2.00e-02	9.80e-01
 1.45127e+21	1.21e-29	1.16e-22	2.91e-17	6.90e-13	3.50e-09	7.20e-05	2.07e-02	9.79e-01
 1.50552e+21	1.58e-29	1.45e-22	3.50e-17	7.97e-13	3.88e-09	7.71e-05	2.14e-02	9.79e-01
 1.55228e+21	1.99e-29	1.76e-22	4.11e-17	9.03e-13	4.23e-09	8.17e-05	2.20e-02	9.78e-01
 1.60125e+21	2.52e-29	2.15e-22	4.85e-17	1.03e-12	4.64e-09	8.69e-05	2.27e-02	9.77e-01
 1.65576e+21	3.29e-29	2.69e-22	5.83e-17	1.19e-12	5.14e-09	9.30e-05	2.35e-02	9.76e-01
 1.70605e+21	4.20e-29	3.31e-22	6.92e-17	1.36e-12	5.65e-09	9.90e-05	2.42e-02	9.76e-01
 1.75038e+21	5.20e-29	3.97e-22	8.04e-17	1.52e-12	6.14e-09	1.05e-04	2.48e-02	9.75e-01
 1.79842e+21	6.57e-29	4.84e-22	9.46e-17	1.73e-12	6.72e-09	1.11e-04	2.56e-02	9.74e-01
 1.85227e+21	8.52e-29	6.04e-22	1.14e-16	2.00e-12	7.43e-09	1.19e-04	2.64e-02	9.73e-01
 1.90140e+21	1.08e-28	7.39e-22	1.34e-16	2.27e-12	8.15e-09	1.26e-04	2.72e-02	9.73e-01
 1.94502e+21	1.34e-28	8.85e-22	1.56e-16	2.55e-12	8.84e-09	1.33e-04	2.80e-02	9.72e-01
 1.99375e+21	1.69e-28	1.08e-21	1.83e-16	2.90e-12	9.69e-09	1.41e-04	2.88e-02	9.71e-01
 2.04850e+21	2.20e-28	1.35e-21	2.21e-16	3.36e-12	1.07e-08	1.51e-04	2.98e-02	9.70e-01
 2.09978e+21	2.82e-28	1.67e-21	2.63e-16	3.85e-12	1.18e-08	1.61e-04	3.07e-02	9.69e-01
 2.14665e+21	3.54e-28	2.03e-21	3.08e-16	4.35e-12	1.29e-08	1.70e-04	3.16e-02	9.68e-01
 2.19910e+21	4.56e-28	2.51e-21	3.68e-16	5.00e-12	1.42e-08	1.82e-04	3.26e-02	9.67e-01
 2.25697e+21	6.03e-28	3.18e-21	4.48e-16	5.83e-12	1.59e-08	1.95e-04	3.37e-02	9.66e-01
 2.30964e+21	7.78e-28	3.95e-21	5.35e-16	6.71e-12	1.75e-08	2.08e-04	3.48e-02	9.65e-01
 2.35795e+21	9.82e-28	4.82e-21	6.30e-16	7.63e-12	1.92e-08	2.21e-04	3.58e-02	9.64e-01
 2.41284e+21	1.28e-27	6.02e-21	7.58e-16	8.82e-12	2.13e-08	2.36e-04	3.70e-02	9.63e-01
 2.47395e+21	1.71e-27	7.72e-21	9.31e-16	1.04e-11	2.38e-08	2.54e-04	3.83e-02	9.61e-01
 2.53042e+21	2.24e-27	9.70e-21	1.13e-15	1.20e-11	2.65e-08	2.72e-04	3.96e-02	9.60e-01
 2.58208e+21	2.85e-27	1.19e-20	1.34e-15	1.38e-11	2.91e-08	2.89e-04	4.08e-02	9.59e-01
 2.64021e+21	3.75e-27	1.51e-20	1.62e-15	1.60e-11	3.24e-08	3.10e-04	4.22e-02	9.57e-01
 2.70579e+21	5.09e-27	1.95e-20	2.01e-15	1.90e-11	3.65e-08	3.35e-04	4.38e-02	9.56e-01
 2.76784e+21	6.77e-27	2.49e-20	2.46e-15	2.22e-11	4.09e-08	3.61e-04	4.54e-02	9.54e-01
 2.82265e+21	8.69e-27	3.08e-20	2.94e-15	2.56e-11	4.52e-08	3.84e-04	4.68e-02	9.53e-01
 2.87355e+21	1.09e-26	3.75e-20	3.46e-15	2.91e-11	4.95e-08	4.08e-04	4.82e-02	9.51e-01
 2.93200e+21	1.42e-26	4.68e-20	4.16e-15	3.37e-11	5.49e-08	4.36e-04	4.98e-02	9.50e-01
 2.99719e+21	1.89e-26	5.98e-20	5.10e-15	3.95e-11	6.15e-08	4.69e-04	5.16e-02	9.48e-01
 3.05776e+21	2.45e-26	7.47e-20	6.15e-15	4.58e-11	6.83e-08	5.02e-04	5.33e-02	9.46e-01
 3.11417e+21	3.11e-26	9.17e-20	7.29e-15	5.24e-11	7.51e-08	5.34e-04	5.49e-02	9.45e-01
 3.17854e+21	4.07e-26	1.15e-19	8.83e-15	6.10e-11	8.37e-08	5.73e-04	5.68e-02	9.43e-01
 3.25049e+21	5.46e-26	1.48e-19	1.09e-14	7.21e-11	9.42e-08	6.18e-04	5.89e-02	9.40e-01
 3.31775e+21	7.14e-26	1.86e-19	1.32e-14	8.40e-11	1.05e-07	6.64e-04	6.09e-02	9.38e-01
 3.38094e+21	9.14e-26	2.30e-19	1.58e-14	9.67e-11	1.16e-07	7.08e-04	6.28e-02	9.36e-01
 3.45336e+21	1.20e-25	2.92e-19	1.92e-14	1.13e-10	1.30e-07	7.62e-04	6.51e-02	9.34e-01
 3.53427e+21	1.63e-25	3.78e-19	2.39e-14	1.35e-10	1.47e-07	8.25e-04	6.76e-02	9.32e-01
 3.60991e+21	2.14e-25	4.78e-19	2.91e-14	1.58e-10	1.65e-07	8.87e-04	7.00e-02	9.29e-01
 3.68099e+21	2.75e-25	5.93e-19	3.49e-14	1.82e-10	1.83e-07	9.49e-04	7.23e-02	9.27e-01
 3.76247e+21	3.65e-25	7.55e-19	4.27e-14	2.14e-10	2.05e-07	1.02e-03	7.49e-02	9.24e-01
 3.84933e+21	4.88e-25	9.70e-19	5.27e-14	2.54e-10	2.32e-07	1.11e-03	7.77e-02	9.21e-01
 3.92273e+21	6.21e-25	1.19e-18	6.28e-14	2.92e-10	2.57e-07	1.18e-03	8.02e-02	9.19e-01
 3.98770e+21	7.64e-25	1.43e-18	7.30e-14	3.29e-10	2.80e-07	1.25e-03	8.23e-02	9.16e-01
 4.06214e+21	9.64e-25	1.74e-18	8.64e-14	3.77e-10	3.09e-07	1.33e-03	8.48e-02	9.14e-01
 4.15892e+21	1.29e-24	2.24e-18	1.07e-13	4.48e-10	3.50e-07	1.44e-03	8.81e-02	9.10e-01
 4.25764e+21	1.74e-24	2.89e-18	1.32e-13	5.32e-10	3.96e-07	1.56e-03	9.15e-02	9.07e-01
 4.33752e+21	2.19e-24	3.52e-18	1.57e-13	6.09e-10	4.37e-07	1.66e-03	9.43e-02	9.04e-01
 4.42001e+21	2.76e-24	4.30e-18	1.86e-13	6.98e-10	4.82e-07	1.77e-03	9.71e-02	9.01e-01
 4.52724e+21	3.70e-24	5.54e-18	2.30e-13	8.30e-10	5.47e-07	1.92e-03	1.01e-01	8.97e-01
 4.63817e+21	4.97e-24	7.16e-18	2.86e-13	9.89e-10	6.21e-07	2.09e-03	1.05e-01	8.93e-01
 4.72434e+21	6.26e-24	8.73e-18	3.38e-13	1.13e-09	6.86e-07	2.22e-03	1.08e-01	8.90e-01
 4.79445e+21	7.45e-24	1.01e-17	3.84e-13	1.26e-09	7.39e-07	2.33e-03	1.10e-01	8.87e-01
 4.87329e+21	9.04e-24	1.20e-17	4.42e-13	1.41e-09	8.04e-07	2.46e-03	1.13e-01	8.84e-01
 4.97579e+21	1.16e-23	1.49e-17	5.31e-13	1.63e-09	8.95e-07	2.64e-03	1.17e-01	8.80e-01
 5.08519e+21	1.50e-23	1.86e-17	6.42e-13	1.91e-09	1.00e-06	2.84e-03	1.21e-01	8.76e-01
 5.18070e+21	1.87e-23	2.25e-17	7.55e-13	2.17e-09	1.10e-06	3.02e-03	1.24e-01	8.73e-01
 5.28198e+21	2.35e-23	2.74e-17	8.92e-13	2.49e-09	1.22e-06	3.22e-03	1.28e-01	8.69e-01
 5.41366e+21	3.14e-23	3.51e-17	1.10e-12	2.95e-09	1.38e-06	3.49e-03	1.33e-01	8.64e-01
 5.54685e+21	4.17e-23	4.49e-17	1.36e-12	3.50e-09	1.56e-06	3.78e-03	1.38e-01	8.58e-01
 5.65313e+21	5.19e-23	5.43e-17	1.60e-12	3.99e-09	1.72e-06	4.02e-03	1.42e-01	8.54e-01
 5.76242e+21	6.47e-23	6.57e-17	1.88e-12	4.55e-09	1.89e-06	4.27e-03	1.46e-01	8.50e-01
 5.88402e+21	8.22e-23	8.08e-17	2.24e-12	5.26e-09	2.10e-06	4.57e-03	1.50e-01	8.45e-01
 5.99736e+21	1.02e-22	9.76e-17	2.63e-12	5.99e-09	2.32e-06	4.86e-03	1.55e-01	8.40e-01
 6.12043e+21	1.29e-22	1.19e-16	3.11e-12	6.87e-09	2.56e-06	5.18e-03	1.59e-01	8.36e-01
 6.25701e+21	1.65e-22	1.48e-16	3.74e-12	7.98e-09	2.86e-06	5.56e-03	1.64e-01	8.30e-01
 6.38413e+21	2.07e-22	1.80e-16	4.42e-12	9.14e-09	3.16e-06	5.93e-03	1.69e-01	8.25e-01
 6.52240e+21	2.64e-22	2.21e-16	5.27e-12	1.06e-08	3.51e-06	6.34e-03	1.74e-01	8.19e-01
 6.67698e+21	3.43e-22	2.78e-16	6.39e-12	1.23e-08	3.94e-06	6.82e-03	1.80e-01	8.13e-01
 6.82292e+21	4.36e-22	3.42e-16	7.62e-12	1.43e-08	4.38e-06	7.30e-03	1.86e-01	8.07e-01
 6.98279e+21	5.64e-22	4.27e-16	9.20e-12	1.66e-08	4.90e-06	7.84e-03	1.92e-01	8.01e-01
 7.16195e+21	7.46e-22	5.44e-16	1.13e-11	1.97e-08	5.55e-06	8.48e-03	1.98e-01	7.93e-01
 7.32099e+21	9.52e-22	6.72e-16	1.35e-11	2.27e-08	6.17e-06	9.07e-03	2.04e-01	7.87e-01
 7.45756e+21	1.17e-21	8.01e-16	1.57e-11	2.57e-08	6.75e-06	9.60e-03	2.09e-01	7.81e-01
 7.61012e+21	1.46e-21	9.72e-16	1.85e-11	2.93e-08	7.45e-06	1.02e-02	2.15e-01	7.75e-01
 7.80845e+21	1.93e-21	1.23e-15	2.26e-11	3.45e-08	8.40e-06	1.10e-02	2.22e-01	7.67e-01
 8.01751e+21	2.59e-21	1.60e-15	2.82e-11	4.13e-08	9.57e-06	1.20e-02	2.30e-01	7.58e-01
 8.18804e+21	3.27e-21	1.95e-15	3.34e-11	4.74e-08	1.06e-05	1.28e-02	2.36e-01	7.51e-01
 8.33456e+21	3.97e-21	2.31e-15	3.85e-11	5.32e-08	1.15e-05	1.35e-02	2.42e-01	7.45e-01
 8.50237e+21	4.94e-21	2.79e-15	4.52e-11	6.06e-08	1.27e-05	1.43e-02	2.48e-01	7.38e-01
 8.72053e+21	6.50e-21	3.53e-15	5.52e-11	7.13e-08	1.43e-05	1.54e-02	2.56e-01	7.29e-01
 8.94707e+21	8.66e-21	4.53e-15	6.82e-11	8.47e-08	1.62e-05	1.67e-02	2.64e-01	7.19e-01
 9.13405e+21	1.09e-20	5.52e-15	8.07e-11	9.71e-08	1.79e-05	1.78e-02	2.71e-01	7.11e-01
 9.32669e+21	1.37e-20	6.73e-15	9.55e-11	1.11e-07	1.98e-05	1.89e-02	2.78e-01	7.03e-01
 9.57711e+21	1.83e-20	8.63e-15	1.18e-10	1.32e-07	2.25e-05	2.04e-02	2.87e-01	6.93e-01
 9.83554e+21	2.47e-20	1.12e-14	1.47e-10	1.58e-07	2.57e-05	2.22e-02	2.96e-01	6.81e-01
 1.00468e+22	3.13e-20	1.37e-14	1.75e-10	1.82e-07	2.85e-05	2.37e-02	3.04e-01	6.72e-01
 1.02640e+22	3.96e-20	1.69e-14	2.08e-10	2.10e-07	3.16e-05	2.52e-02	3.12e-01	6.63e-01
 1.04981e+22	5.09e-20	2.09e-14	2.50e-10	2.44e-07	3.53e-05	2.70e-02	3.20e-01	6.53e-01
 1.07053e+22	6.34e-20	2.53e-14	2.94e-10	2.78e-07	3.88e-05	2.86e-02	3.27e-01	6.44e-01
 1.08964e+22	7.71e-20	3.00e-14	3.40e-10	3.13e-07	4.23e-05	3.02e-02	3.34e-01	6.36e-01
 1.11157e+22	9.63e-20	3.64e-14	4.00e-10	3.58e-07	4.67e-05	3.21e-02	3.41e-01	6.27e-01
 1.13632e+22	1.23e-19	4.50e-14	4.80e-10	4.16e-07	5.21e-05	3.43e-02	3.50e-01	6.16e-01
 1.15983e+22	1.55e-19	5.49e-14	5.69e-10	4.77e-07	5.76e-05	3.64e-02	3.58e-01	6.06e-01
 1.18200e+22	1.92e-19	6.60e-14	6.66e-10	5.43e-07	6.33e-05	3.86e-02	3.65e-01	5.96e-01
 1.20732e+22	2.42e-19	8.08e-14	7.90e-10	6.25e-07	7.01e-05	4.10e-02	3.73e-01	5.86e-01
 1.23577e+22	3.15e-19	1.02e-13	9.63e-10	7.35e-07	7.90e-05	4.41e-02	3.82e-01	5.73e-01
 1.26223e+22	3.99e-19	1.25e-13	1.15e-09	8.50e-07	8.79e-05	4.70e-02	3.91e-01	5.62e-01
 1.28672e+22	4.95e-19	1.51e-13	1.35e-09	9.71e-07	9.68e-05	4.98e-02	3.98e-01	5.52e-01
 1.31475e+22	6.30e-19	1.86e-13	1.61e-09	1.13e-06	1.08e-04	5.31e-02	4.07e-01	5.40e-01
 1.35118e+22	8.51e-19	2.42e-13	2.02e-09	1.36e-06	1.24e-04	5.76e-02	4.18e-01	5.25e-01
 1.38795e+22	1.15e-18	3.14e-13	2.54e-09	1.64e-06	1.42e-04	6.24e-02	4.28e-01	5.09e-01
 1.41687e+22	1.45e-18	3.85e-13	3.03e-09	1.90e-06	1.58e-04	6.65e-02	4.37e-01	4.97e-01
 1.44621e+22	1.81e-18	4.68e-13	3.59e-09	2.19e-06	1.75e-04	7.06e-02	4.44e-01	4.85e-01
 1.48435e+22	2.41e-18	6.01e-13	4.46e-09	2.62e-06	2.00e-04	7.62e-02	4.54e-01	4.69e-01
 1.52408e+22	3.22e-18	7.75e-13	5.56e-09	3.15e-06	2.30e-04	8.25e-02	4.64e-01	4.53e-01
 1.55727e+22	4.07e-18	9.52e-13	6.66e-09	3.67e-06	2.57e-04	8.79e-02	4.72e-01	4.40e-01
 1.58603e+22	4.96e-18	1.13e-12	7.75e-09	4.18e-06	2.82e-04	9.27e-02	4.79e-01	4.28e-01
 1.61760e+22	6.12e-18	1.36e-12	9.12e-09	4.79e-06	3.12e-04	9.82e-02	4.85e-01	4.16e-01
 1.65865e+22	7.95e-18	1.72e-12	1.12e-08	5.70e-06	3.55e-04	1.06e-01	4.94e-01	4.00e-01
 1.70059e+22	1.03e-17	2.17e-12	1.37e-08	6.79e-06	4.04e-04	1.13e-01	5.01e-01	3.85e-01
 1.73455e+22	1.27e-17	2.60e-12	1.62e-08	7.81e-06	4.48e-04	1.20e-01	5.07e-01	3.72e-01
 1.76958e+22	1.55e-17	3.11e-12	1.89e-08	8.94e-06	4.95e-04	1.27e-01	5.13e-01	3.60e-01
 1.81512e+22	2.00e-17	3.90e-12	2.32e-08	1.06e-05	5.63e-04	1.36e-01	5.19e-01	3.44e-01
 1.86121e+22	2.56e-17	4.87e-12	2.82e-08	1.26e-05	6.39e-04	1.46e-01	5.25e-01	3.28e-01
 1.89784e+22	3.09e-17	5.78e-12	3.29e-08	1.44e-05	7.07e-04	1.54e-01	5.29e-01	3.16e-01
 1.93527e+22	3.72e-17	6.82e-12	3.82e-08	1.64e-05	7.77e-04	1.62e-01	5.33e-01	3.04e-01
 1.98392e+22	4.68e-17	8.39e-12	4.61e-08	1.93e-05	8.78e-04	1.73e-01	5.37e-01	2.90e-01
 2.03455e+22	5.90e-17	1.03e-11	5.57e-08	2.28e-05	9.93e-04	1.84e-01	5.40e-01	2.75e-01
 2.07687e+22	7.10e-17	1.22e-11	6.48e-08	2.61e-05	1.10e-03	1.94e-01	5.42e-01	2.63e-01
 2.12099e+22	8.53e-17	1.44e-11	7.55e-08	2.98e-05	1.21e-03	2.04e-01	5.44e-01	2.51e-01
 2.17836e+22	1.07e-16	1.78e-11	9.12e-08	3.52e-05	1.37e-03	2.17e-01	5.45e-01	2.36e-01
 2.23748e+22	1.33e-16	2.18e-11	1.10e-07	4.16e-05	1.56e-03	2.31e-01	5.45e-01	2.22e-01
 2.28619e+22	1.59e-16	2.57e-11	1.28e-07	4.75e-05	1.72e-03	2.43e-01	5.44e-01	2.11e-01
 2.33681e+22	1.90e-16	3.02e-11	1.48e-07	5.41e-05	1.90e-03	2.55e-01	5.43e-01	2.00e-01
 2.38980e+22	2.27e-16	3.55e-11	1.72e-07	6.19e-05	2.10e-03	2.67e-01	5.41e-01	1.89e-01
 2.43449e+22	2.62e-16	4.05e-11	1.95e-07	6.89e-05	2.27e-03	2.78e-01	5.39e-01	1.81e-01
 2.48118e+22	3.02e-16	4.63e-11	2.20e-07	7.68e-05	2.47e-03	2.89e-01	5.37e-01	1.72e-01
 2.54189e+22	3.61e-16	5.46e-11	2.56e-07	8.80e-05	2.73e-03	3.03e-01	5.33e-01	1.61e-01
 2.60446e+22	4.33e-16	6.45e-11	2.99e-07	1.01e-04	3.02e-03	3.17e-01	5.28e-01	1.51e-01
 2.65528e+22	4.96e-16	7.33e-11	3.37e-07	1.12e-04	3.28e-03	3.29e-01	5.24e-01	1.43e-01
 2.70717e+22	5.71e-16	8.33e-11	3.79e-07	1.24e-04	3.54e-03	3.41e-01	5.20e-01	1.36e-01
 2.77463e+22	6.77e-16	9.76e-11	4.39e-07	1.42e-04	3.90e-03	3.55e-01	5.13e-01	1.27e-01
 2.84419e+22	8.03e-16	1.14e-10	5.08e-07	1.61e-04	4.30e-03	3.71e-01	5.06e-01	1.18e-01
 2.90127e+22	9.17e-16	1.30e-10	5.71e-07	1.79e-04	4.65e-03	3.83e-01	5.00e-01	1.11e-01
 2.96023e+22	1.05e-15	1.47e-10	6.41e-07	1.98e-04	5.00e-03	3.95e-01	4.94e-01	1.05e-01
 3.03689e+22	1.24e-15	1.71e-10	7.40e-07	2.24e-04	5.49e-03	4.11e-01	4.86e-01	9.75e-02
 3.11625e+22	1.47e-15	2.00e-10	8.56e-07	2.54e-04	6.04e-03	4.27e-01	4.76e-01	9.01e-02
 3.18201e+22	1.67e-15	2.27e-10	9.61e-07	2.82e-04	6.52e-03	4.41e-01	4.68e-01	8.43e-02
 3.25037e+22	1.91e-15	2.57e-10	1.08e-06	3.11e-04	7.01e-03	4.53e-01	4.60e-01	7.90e-02
 3.33923e+22	2.26e-15	3.00e-10	1.25e-06	3.52e-04	7.69e-03	4.70e-01	4.50e-01	7.25e-02
 3.43177e+22	2.67e-15	3.50e-10	1.44e-06	3.99e-04	8.44e-03	4.87e-01	4.38e-01	6.63e-02
 3.50938e+22	3.04e-15	3.96e-10	1.62e-06	4.42e-04	9.10e-03	5.01e-01	4.28e-01	6.15e-02
 3.59060e+22	3.49e-15	4.50e-10	1.82e-06	4.88e-04	9.79e-03	5.14e-01	4.19e-01	5.71e-02
 3.69619e+22	4.12e-15	5.27e-10	2.11e-06	5.53e-04	1.07e-02	5.31e-01	4.06e-01	5.18e-02
 3.80705e+22	4.90e-15	6.18e-10	2.45e-06	6.27e-04	1.18e-02	5.48e-01	3.93e-01	4.68e-02
 3.89210e+22	5.54e-15	6.95e-10	2.74e-06	6.89e-04	1.26e-02	5.61e-01	3.82e-01	4.33e-02
 3.95688e+22	6.06e-15	7.57e-10	2.97e-06	7.37e-04	1.33e-02	5.70e-01	3.75e-01	4.08e-02
 4.02797e+22	6.70e-15	8.31e-10	3.24e-06	7.93e-04	1.40e-02	5.80e-01	3.67e-01	3.83e-02
 4.12038e+22	7.57e-15	9.33e-10	3.62e-06	8.68e-04	1.50e-02	5.92e-01	3.56e-01	3.54e-02
 4.22172e+22	8.62e-15	1.06e-09	4.07e-06	9.56e-04	1.60e-02	6.05e-01	3.45e-01	3.24e-02
 4.31354e+22	9.66e-15	1.18e-09	4.51e-06	1.04e-03	1.71e-02	6.17e-01	3.35e-01	2.99e-02
 4.39893e+22	1.07e-14	1.30e-09	4.94e-06	1.12e-03	1.80e-02	6.27e-01	3.26e-01	2.78e-02
 4.49711e+22	1.20e-14	1.44e-09	5.48e-06	1.22e-03	1.92e-02	6.38e-01	3.16e-01	2.56e-02
 4.62473e+22	1.38e-14	1.65e-09	6.23e-06	1.35e-03	2.07e-02	6.51e-01	3.04e-01	2.30e-02
 4.75469e+22	1.59e-14	1.89e-09	7.09e-06	1.50e-03	2.23e-02	6.64e-01	2.91e-01	2.07e-02
 4.85862e+22	1.77e-14	2.10e-09	7.83e-06	1.62e-03	2.36e-02	6.74e-01	2.82e-01	1.90e-02
 4.96464e+22	1.97e-14	2.32e-09	8.64e-06	1.75e-03	2.50e-02	6.83e-01	2.72e-01	1.75e-02
 5.10248e+22	2.25e-14	2.64e-09	9.77e-06	1.92e-03	2.67e-02	6.95e-01	2.61e-01	1.57e-02
 5.24954e+22	2.60e-14	3.03e-09	1.11e-05	2.12e-03	2.87e-02	7.06e-01	2.49e-01	1.40e-02
 5.37795e+22	2.91e-14	3.38e-09	1.24e-05	2.31e-03	3.05e-02	7.16e-01	2.39e-01	1.27e-02
 5.51425e+22	3.28e-14	3.79e-09	1.38e-05	2.51e-03	3.24e-02	7.25e-01	2.29e-01	1.15e-02
 5.69144e+22	3.80e-14	4.37e-09	1.59e-05	2.78e-03	3.49e-02	7.35e-01	2.17e-01	1.01e-02
 5.87512e+22	4.42e-14	5.06e-09	1.83e-05	3.09e-03	3.77e-02	7.46e-01	2.05e-01	8.80e-03
 6.02690e+22	5.00e-14	5.69e-09	2.05e-05	3.35e-03	4.00e-02	7.54e-01	1.95e-01	7.88e-03
 6.18387e+22	5.63e-14	6.39e-09	2.30e-05	3.64e-03	4.23e-02	7.61e-01	1.86e-01	7.08e-03
 6.38792e+22	6.57e-14	7.40e-09	2.65e-05	4.02e-03	4.55e-02	7.69e-01	1.75e-01	6.18e-03
 6.58250e+22	7.60e-14	8.51e-09	3.03e-05	4.42e-03	4.87e-02	7.77e-01	1.65e-01	5.40e-03
 6.71969e+22	8.40e-14	9.36e-09	3.32e-05	4.71e-03	5.09e-02	7.81e-01	1.58e-01	4.93e-03
 6.85296e+22	9.23e-14	1.02e-08	3.62e-05	5.01e-03	5.31e-02	7.85e-01	1.52e-01	4.53e-03
 7.02622e+22	1.04e-13	1.15e-08	4.05e-05	5.40e-03	5.60e-02	7.90e-01	1.45e-01	4.06e-03
 7.25144e+22	1.21e-13	1.33e-08	4.65e-05	5.93e-03	5.97e-02	7.94e-01	1.36e-01	3.54e-03
 7.48261e+22	1.42e-13	1.55e-08	5.37e-05	6.53e-03	6.38e-02	7.99e-01	1.27e-01	3.07e-03
 7.65985e+22	1.61e-13	1.73e-08	5.98e-05	7.01e-03	6.70e-02	8.02e-01	1.21e-01	2.75e-03
 7.80615e+22	1.76e-13	1.89e-08	6.52e-05	7.43e-03	6.97e-02	8.04e-01	1.16e-01	2.52e-03
 7.97389e+22	1.98e-13	2.11e-08	7.20e-05	7.92e-03	7.27e-02	8.06e-01	1.11e-01	2.30e-03
 8.19194e+22	2.28e-13	2.41e-08	8.14e-05	8.58e-03	7.66e-02	8.07e-01	1.05e-01	2.04e-03
 8.43037e+22	2.67e-13	2.78e-08	9.33e-05	9.37e-03	8.13e-02	8.09e-01	9.87e-02	1.78e-03
 8.64250e+22	3.07e-13	3.17e-08	1.05e-04	1.01e-02	8.55e-02	8.09e-01	9.33e-02	1.59e-03
 8.83548e+22	3.48e-13	3.56e-08	1.17e-04	1.08e-02	8.94e-02	8.09e-01	8.87e-02	1.43e-03
 9.05635e+22	4.01e-13	4.05e-08	1.32e-04	1.17e-02	9.37e-02	8.09e-01	8.41e-02	1.28e-03
 9.34347e+22	4.81e-13	4.78e-08	1.54e-04	1.29e-02	9.96e-02	8.08e-01	7.86e-02	1.11e-03
 9.63789e+22	5.85e-13	5.71e-08	1.81e-04	1.43e-02	1.06e-01	8.06e-01	7.29e-02	9.57e-04
 9.87262e+22	6.83e-13	6.57e-08	2.05e-04	1.54e-02	1.11e-01	8.03e-01	6.88e-02	8.50e-04
 1.01086e+23	7.97e-13	7.53e-08	2.32e-04	1.67e-02	1.16e-01	8.01e-01	6.53e-02	7.66e-04
 1.04153e+23	9.65e-13	8.97e-08	2.72e-04	1.84e-02	1.24e-01	7.96e-01	6.09e-02	6.65e-04
 1.07364e+23	1.20e-12	1.09e-07	3.24e-04	2.06e-02	1.32e-01	7.91e-01	5.63e-02	5.72e-04
 1.10000e+23	1.43e-12	1.28e-07	3.72e-04	2.24e-02	1.38e-01	7.86e-01	5.30e-02	5.09e-04
 1.12666e+23	1.70e-12	1.50e-07	4.31e-04	2.46e-02	1.45e-01	7.79e-01	4.99e-02	4.51e-04
 1.16133e+23	2.14e-12	1.83e-07	5.16e-04	2.75e-02	1.54e-01	7.71e-01	4.64e-02	3.92e-04
 1.19721e+23	2.74e-12	2.29e-07	6.29e-04	3.12e-02	1.65e-01	7.60e-01	4.27e-02	3.35e-04
 1.22603e+23	3.37e-12	2.75e-07	7.41e-04	3.46e-02	1.73e-01	7.51e-01	3.99e-02	2.97e-04
 1.24931e+23	3.99e-12	3.21e-07	8.50e-04	3.77e-02	1.81e-01	7.42e-01	3.78e-02	2.68e-04
 1.27405e+23	4.71e-12	3.73e-07	9.75e-04	4.11e-02	1.89e-01	7.33e-01	3.58e-02	2.43e-04
 1.30622e+23	5.90e-12	4.57e-07	1.17e-03	4.62e-02	1.99e-01	7.20e-01	3.34e-02	2.14e-04
 1.33869e+23	7.50e-12	5.68e-07	1.42e-03	5.23e-02	2.10e-01	7.05e-01	3.09e-02	1.87e-04
 1.36339e+23	9.11e-12	6.78e-07	1.67e-03	5.79e-02	2.20e-01	6.91e-01	2.90e-02	1.68e-04
 1.38278e+23	1.06e-11	7.77e-07	1.89e-03	6.27e-02	2.27e-01	6.80e-01	2.77e-02	1.55e-04
 1.40341e+23	1.23e-11	8.91e-07	2.13e-03	6.80e-02	2.35e-01	6.69e-01	2.64e-02	1.43e-04
 1.43024e+23	1.50e-11	1.07e-06	2.52e-03	7.58e-02	2.44e-01	6.52e-01	2.48e-02	1.29e-04
 1.45846e+23	1.88e-11	1.32e-06	3.05e-03	8.58e-02	2.56e-01	6.32e-01	2.30e-02	1.15e-04
 1.48127e+23	2.28e-11	1.57e-06	3.58e-03	9.54e-02	2.65e-01	6.14e-01	2.16e-02	1.04e-04
 1.49973e+23	2.67e-11	1.82e-06	4.10e-03	1.04e-01	2.73e-01	5.98e-01	2.04e-02	9.53e-05
 1.51976e+23	3.14e-11	2.12e-06	4.72e-03	1.15e-01	2.81e-01	5.81e-01	1.93e-02	8.74e-05
 1.54581e+23	3.89e-11	2.58e-06	5.69e-03	1.30e-01	2.91e-01	5.56e-01	1.79e-02	7.79e-05
 1.57119e+23	4.94e-11	3.23e-06	6.99e-03	1.49e-01	3.01e-01	5.27e-01	1.63e-02	6.82e-05
 1.58864e+23	5.88e-11	3.80e-06	8.14e-03	1.66e-01	3.08e-01	5.04e-01	1.51e-02	6.18e-05
 1.60023e+23	6.63e-11	4.25e-06	9.06e-03	1.78e-01	3.12e-01	4.87e-01	1.43e-02	5.75e-05
 1.61130e+23	7.34e-11	4.69e-06	9.93e-03	1.90e-01	3.15e-01	4.72e-01	1.37e-02	5.40e-05
 1.62570e+23	8.39e-11	5.32e-06	1.12e-02	2.06e-01	3.18e-01	4.51e-01	1.28e-02	4.97e-05
 1.64072e+23	9.78e-11	6.15e-06	1.29e-02	2.27e-01	3.22e-01	4.27e-01	1.19e-02	4.50e-05
 1.65247e+23	1.11e-10	6.93e-06	1.44e-02	2.46e-01	3.23e-01	4.05e-01	1.11e-02	4.12e-05
 1.66139e+23	1.23e-10	7.63e-06	1.58e-02	2.62e-01	3.23e-01	3.88e-01	1.05e-02	3.84e-05
 1.67075e+23	1.35e-10	8.34e-06	1.72e-02	2.79e-01	3.23e-01	3.71e-01	9.86e-03	3.57e-05
 1.68291e+23	1.52e-10	9.39e-06	1.93e-02	3.03e-01	3.21e-01	3.47e-01	9.08e-03	3.24e-05
 1.69480e+23	1.75e-10	1.07e-05	2.18e-02	3.31e-01	3.18e-01	3.21e-01	8.23e-03	2.88e-05
 1.70296e+23	1.93e-10	1.18e-05	2.39e-02	3.54e-01	3.14e-01	3.01e-01	7.61e-03	2.63e-05
 1.70883e+23	2.06e-10	1.26e-05	2.55e-02	3.70e-01	3.10e-01	2.87e-01	7.19e-03	2.46e-05
 1.71504e+23	2.21e-10	1.34e-05	2.71e-02	3.88e-01	3.05e-01	2.73e-01	6.75e-03	2.29e-05
 1.72313e+23	2.42e-10	1.46e-05	2.95e-02	4.12e-01	2.98e-01	2.53e-01	6.20e-03	2.08e-05
 1.73148e+23	2.67e-10	1.61e-05	3.23e-02	4.41e-01	2.89e-01	2.32e-01	5.61e-03	1.86e-05
 1.73791e+23	2.89e-10	1.73e-05	3.47e-02	4.65e-01	2.80e-01	2.15e-01	5.13e-03	1.68e-05
 1.74280e+23	3.06e-10	1.83e-05	3.66e-02	4.84e-01	2.72e-01	2.02e-01	4.78e-03	1.55e-05
 1.74796e+23	3.24e-10	1.94e-05	3.86e-02	5.04e-01	2.63e-01	1.90e-01	4.45e-03	1.44e-05
 1.75465e+23	3.48e-10	2.08e-05	4.13e-02	5.30e-01	2.51e-01	1.73e-01	4.02e-03	1.29e-05
 1.76134e+23	3.77e-10	2.24e-05	4.44e-02	5.59e-01	2.37e-01	1.56e-01	3.58e-03	1.13e-05
 1.76617e+23	4.00e-10	2.37e-05	4.68e-02	5.81e-01	2.25e-01	1.44e-01	3.27e-03	1.03e-05
 1.76977e+23	4.16e-10	2.47e-05	4.86e-02	5.97e-01	2.16e-01	1.35e-01	3.05e-03	9.51e-06
 1.77360e+23	4.33e-10	2.56e-05	5.04e-02	6.13e-01	2.06e-01	1.27e-01	2.84e-03	8.83e-06
 1.77859e+23	4.55e-10	2.68e-05	5.28e-02	6.34e-01	1.94e-01	1.17e-01	2.59e-03	7.99e-06
 1.78380e+23	4.81e-10	2.83e-05	5.54e-02	6.57e-01	1.79e-01	1.07e-01	2.33e-03	7.15e-06
 1.78794e+23	5.03e-10	2.95e-05	5.75e-02	6.75e-01	1.67e-01	9.87e-02	2.14e-03	6.51e-06
 1.79125e+23	5.19e-10	3.04e-05	5.92e-02	6.88e-01	1.58e-01	9.30e-02	2.00e-03	6.06e-06
 1.79484e+23	5.38e-10	3.14e-05	6.09e-02	7.02e-01	1.48e-01	8.76e-02	1.87e-03	5.61e-06
 1.79951e+23	5.60e-10	3.25e-05	6.30e-02	7.18e-01	1.36e-01	8.14e-02	1.72e-03	5.13e-06
 1.80435e+23	5.85e-10	3.38e-05	6.53e-02	7.34e-01	1.24e-01	7.55e-02	1.58e-03	4.66e-06
 1.80824e+23	6.07e-10	3.49e-05	6.71e-02	7.46e-01	1.14e-01	7.13e-02	1.47e-03	4.31e-06
 1.81155e+23	6.26e-10	3.58e-05	6.85e-02	7.55e-01	1.06e-01	6.82e-02	1.39e-03	4.05e-06
 1.81529e+23	6.47e-10	3.68e-05	7.01e-02	7.64e-01	9.90e-02	6.52e-02	1.32e-03	3.79e-06
 1.82016e+23	6.76e-10	3.81e-05	7.20e-02	7.75e-01	9.02e-02	6.18e-02	1.23e-03	3.49e-06
 1.82517e+23	7.10e-10	3.95e-05	7.40e-02	7.84e-01	8.18e-02	5.87e-02	1.15e-03	3.21e-06
 1.82924e+23	7.40e-10	4.07e-05	7.56e-02	7.91e-01	7.59e-02	5.66e-02	1.09e-03	3.00e-06
 1.83337e+23	7.70e-10	4.18e-05	7.70e-02	7.96e-01	7.08e-02	5.47e-02	1.04e-03	2.82e-06
 1.83873e+23	8.11e-10	4.33e-05	7.88e-02	8.02e-01	6.51e-02	5.26e-02	9.80e-04	2.62e-06
 1.84461e+23	8.59e-10	4.50e-05	8.08e-02	8.08e-01	5.97e-02	5.06e-02	9.20e-04	2.41e-06
 1.85007e+23	9.07e-10	4.66e-05	8.26e-02	8.12e-01	5.55e-02	4.89e-02	8.71e-04	2.23e-06
 1.85600e+23	9.58e-10	4.83e-05	8.43e-02	8.16e-01	5.18e-02	4.73e-02	8.25e-04	2.07e-06
 1.86345e+23	1.02e-09	5.03e-05	8.64e-02	8.19e-01	4.79e-02	4.56e-02	7.74e-04	1.90e-06
 1.87202e+23	1.10e-09	5.26e-05	8.86e-02	8.23e-01	4.41e-02	4.38e-02	7.22e-04	1.72e-06
 1.88090e+23	1.18e-09	5.49e-05	9.08e-02	8.25e-01	4.10e-02	4.22e-02	6.75e-04	1.56e-06
 1.89002e+23	1.26e-09	5.72e-05	9.29e-02	8.27e-01	3.83e-02	4.07e-02	6.33e-04	1.43e-06
 1.90002e+23	1.35e-09	5.96e-05	9.50e-02	8.29e-01	3.59e-02	3.92e-02	5.92e-04	1.30e-06
 1.91145e+23	1.44e-09	6.22e-05	9.72e-02	8.31e-01	3.37e-02	3.78e-02	5.52e-04	1.17e-06
 1.92436e+23	1.55e-09	6.51e-05	9.96e-02	8.32e-01	3.15e-02	3.63e-02	5.12e-04	1.06e-06
 1.93871e+23	1.67e-09	6.81e-05	1.02e-01	8.33e-01	2.95e-02	3.48e-02	4.74e-04	9.45e-07
 1.95470e+23	1.80e-09	7.12e-05	1.05e-01	8.34e-01	2.77e-02	3.33e-02	4.37e-04	8.43e-07
 1.97291e+23	1.95e-09	7.46e-05	1.07e-01	8.35e-01	2.60e-02	3.18e-02	4.01e-04	7.46e-07
 1.99394e+23	2.12e-09	7.85e-05	1.10e-01	8.35e-01	2.43e-02	3.02e-02	3.65e-04	6.54e-07
 2.01818e+23	2.30e-09	8.26e-05	1.13e-01	8.35e-01	2.27e-02	2.86e-02	3.30e-04	5.68e-07
 2.04620e+23	2.52e-09	8.72e-05	1.17e-01	8.35e-01	2.12e-02	2.70e-02	2.96e-04	4.88e-07
 2.07893e+23	2.77e-09	9.23e-05	1.20e-01	8.34e-01	1.97e-02	2.54e-02	2.63e-04	4.14e-07
 2.11756e+23	3.05e-09	9.80e-05	1.24e-01	8.33e-01	1.83e-02	2.37e-02	2.32e-04	3.46e-07
 2.16425e+23	3.39e-09	1.05e-04	1.29e-01	8.32e-01	1.69e-02	2.19e-02	2.01e-04	2.84e-07
 2.22199e+23	3.79e-09	1.12e-04	1.34e-01	8.30e-01	1.55e-02	2.01e-02	1.71e-04	2.29e-07
 2.29405e+23	4.29e-09	1.21e-04	1.40e-01	8.27e-01	1.40e-02	1.83e-02	1.43e-04	1.78e-07
 2.37013e+23	4.93e-09	1.32e-04	1.48e-01	8.23e-01	1.27e-02	1.65e-02	1.18e-04	1.37e-07
 2.43860e+23	5.49e-09	1.41e-04	1.53e-01	8.19e-01	1.17e-02	1.51e-02	1.01e-04	0.00e+00
 2.50022e+23	6.01e-09	1.49e-04	1.59e-01	8.16e-01	1.10e-02	1.41e-02	8.87e-05	0.00e+00
 2.55568e+23	6.55e-09	1.57e-04	1.64e-01	8.13e-01	1.04e-02	1.32e-02	7.89e-05	0.00e+00
 2.60559e+23	6.97e-09	1.63e-04	1.67e-01	8.10e-01	9.87e-03	1.26e-02	7.19e-05	0.00e+00
 2.65052e+23	7.37e-09	1.69e-04	1.71e-01	8.07e-01	9.47e-03	1.20e-02	6.62e-05	0.00e+00
 2.69095e+23	7.73e-09	1.74e-04	1.74e-01	8.05e-01	9.14e-03	1.16e-02	6.17e-05	0.00e+00
 2.72733e+23	8.03e-09	1.78e-04	1.77e-01	8.03e-01	8.87e-03	1.12e-02	5.82e-05	0.00e+00
 2.76008e+23	8.30e-09	1.82e-04	1.79e-01	8.01e-01	8.64e-03	1.09e-02	5.53e-05	0.00e+00
 2.79087e+23	8.53e-09	1.85e-04	1.81e-01	8.00e-01	8.45e-03	1.06e-02	5.30e-05	0.00e+00
 2.82142e+23	8.78e-09	1.88e-04	1.83e-01	7.98e-01	8.26e-03	1.04e-02	5.07e-05	0.00e+00
 2.85196e+23	8.99e-09	1.91e-04	1.85e-01	7.97e-01	8.08e-03	1.01e-02	4.87e-05	0.00e+00
 2.88251e+23	9.23e-09	1.94e-04	1.87e-01	7.95e-01	7.91e-03	9.92e-03	4.67e-05	0.00e+00
 2.91306e+23	9.45e-09	1.97e-04	1.88e-01	7.94e-01	7.75e-03	9.71e-03	4.50e-05	0.00e+00
 2.94361e+23	9.66e-09	2.00e-04	1.90e-01	7.93e-01	7.61e-03	9.52e-03	4.34e-05	0.00e+00
 2.97416e+23	9.85e-09	2.02e-04	1.92e-01	7.91e-01	7.47e-03	9.34e-03	4.19e-05	0.00e+00
 3.00471e+23	1.01e-08	2.05e-04	1.93e-01	7.90e-01	7.34e-03	9.16e-03	4.05e-05	0.00e+00
 3.03525e+23	1.03e-08	2.07e-04	1.95e-01	7.89e-01	7.21e-03	8.99e-03	3.92e-05	0.00e+00
 3.05267e+23	1.05e-08	2.10e-04	1.96e-01	7.87e-01	7.10e-03	8.85e-03	3.80e-05	0.00e+00
