#depth	Ar	Ar+	Ar+2	Ar+3	Ar+4	Ar+5	Ar+6	Ar+7	Ar+8	Ar+9	Ar+10	Ar+11	Ar+12	Ar+13	Ar+14	Ar+15	Ar+16	Ar+17	Ar+18
 6.17135e+19	0.00e+00	0.00e+00	0.00e+00	3.49e-29	2.88e-25	8.10e-22	1.07e-18	7.23e-16	1.64e-12	6.91e-10	1.07e-07	6.03e-06	1.97e-04	2.43e-03	1.44e-02	6.94e-02	5.62e-01	3.00e-01	5.12e-02
 1.87609e+20	0.00e+00	0.00e+00	0.00e+00	1.20e-28	8.90e-25	2.23e-21	2.63e-18	1.58e-15	3.47e-12	1.38e-09	1.98e-07	1.02e-05	3.06e-04	3.41e-03	1.82e-02	7.87e-02	5.77e-01	2.79e-01	4.31e-02
 3.09890e+20	0.00e+00	0.00e+00	0.00e+00	3.82e-28	2.54e-24	5.73e-21	6.07e-18	3.28e-15	6.98e-12	2.62e-09	3.51e-07	1.67e-05	4.59e-04	4.66e-03	2.25e-02	8.81e-02	5.89e-01	2.59e-01	3.64e-02
 4.23532e+20	0.00e+00	0.00e+00	1.08e-31	1.07e-27	6.51e-24	1.33e-20	1.28e-17	6.27e-15	1.30e-11	4.66e-09	5.85e-07	2.58e-05	6.59e-04	6.14e-03	2.71e-02	9.71e-02	5.97e-01	2.41e-01	3.12e-02
 4.98912e+20	0.00e+00	0.00e+00	2.25e-31	2.10e-27	1.20e-23	2.30e-20	2.07e-17	9.54e-15	1.95e-11	6.77e-09	8.14e-07	3.41e-05	8.31e-04	7.34e-03	3.06e-02	1.03e-01	6.01e-01	2.29e-01	2.81e-02
 5.30876e+20	0.00e+00	0.00e+00	3.07e-31	2.79e-27	1.55e-23	2.90e-20	2.54e-17	1.14e-14	2.32e-11	7.93e-09	9.38e-07	3.85e-05	9.18e-04	7.92e-03	3.22e-02	1.06e-01	6.02e-01	2.25e-01	2.69e-02
 5.58772e+20	0.00e+00	0.00e+00	3.99e-31	3.55e-27	1.93e-23	3.53e-20	3.03e-17	1.32e-14	2.68e-11	9.07e-09	1.06e-06	4.26e-05	9.97e-04	8.44e-03	3.36e-02	1.08e-01	6.03e-01	2.20e-01	2.59e-02
 5.95037e+20	0.00e+00	0.00e+00	5.56e-31	4.81e-27	2.54e-23	4.53e-20	3.77e-17	1.60e-14	3.22e-11	1.07e-08	1.22e-06	4.83e-05	1.11e-03	9.13e-03	3.54e-02	1.11e-01	6.04e-01	2.15e-01	2.46e-02
 6.42182e+20	0.00e+00	0.00e+00	8.58e-31	7.17e-27	3.65e-23	6.26e-20	5.02e-17	2.05e-14	4.10e-11	1.34e-08	1.49e-06	5.70e-05	1.27e-03	1.01e-02	3.79e-02	1.15e-01	6.04e-01	2.09e-01	2.31e-02
 6.93472e+20	0.00e+00	0.00e+00	1.37e-30	1.10e-26	5.38e-23	8.87e-20	6.82e-17	2.68e-14	5.30e-11	1.70e-08	1.84e-06	6.81e-05	1.47e-03	1.13e-02	4.08e-02	1.19e-01	6.05e-01	2.01e-01	2.15e-02
 7.39308e+20	0.00e+00	0.00e+00	2.07e-30	1.61e-26	7.59e-23	1.21e-19	8.94e-17	3.38e-14	6.66e-11	2.09e-08	2.21e-06	7.97e-05	1.67e-03	1.25e-02	4.36e-02	1.23e-01	6.04e-01	1.95e-01	2.02e-02
 7.81574e+20	0.00e+00	0.00e+00	3.02e-30	2.27e-26	1.04e-22	1.60e-19	1.15e-16	4.19e-14	8.20e-11	2.53e-08	2.62e-06	9.20e-05	1.88e-03	1.36e-02	4.62e-02	1.26e-01	6.04e-01	1.89e-01	1.90e-02
 8.30041e+20	0.00e+00	0.00e+00	4.62e-30	3.35e-26	1.48e-22	2.19e-19	1.51e-16	5.33e-14	1.04e-10	3.14e-08	3.17e-06	1.08e-04	2.15e-03	1.51e-02	4.93e-02	1.30e-01	6.03e-01	1.83e-01	1.78e-02
 8.84272e+20	0.00e+00	0.00e+00	7.41e-30	5.17e-26	2.19e-22	3.11e-19	2.06e-16	6.95e-14	1.34e-10	3.98e-08	3.92e-06	1.29e-04	2.48e-03	1.68e-02	5.30e-02	1.34e-01	6.01e-01	1.76e-01	1.65e-02
 9.30862e+20	0.00e+00	0.00e+00	1.11e-29	7.47e-26	3.05e-22	4.19e-19	2.67e-16	8.71e-14	1.67e-10	4.88e-08	4.68e-06	1.50e-04	2.81e-03	1.85e-02	5.63e-02	1.38e-01	5.99e-01	1.70e-01	1.55e-02
 9.68174e+20	0.00e+00	0.00e+00	1.52e-29	9.97e-26	3.97e-22	5.30e-19	3.29e-16	1.04e-13	1.99e-10	5.72e-08	5.39e-06	1.69e-04	3.10e-03	1.99e-02	5.90e-02	1.41e-01	5.97e-01	1.65e-01	1.47e-02
 1.00856e+21	0.00e+00	0.00e+00	2.14e-29	1.37e-25	5.28e-22	6.84e-19	4.11e-16	1.26e-13	2.40e-10	6.80e-08	6.28e-06	1.93e-04	3.44e-03	2.15e-02	6.21e-02	1.44e-01	5.95e-01	1.60e-01	1.39e-02
 1.06105e+21	0.00e+00	0.00e+00	3.32e-29	2.04e-25	7.58e-22	9.45e-19	5.46e-16	1.61e-13	3.04e-10	8.47e-08	7.63e-06	2.27e-04	3.93e-03	2.37e-02	6.62e-02	1.48e-01	5.91e-01	1.54e-01	1.29e-02
 1.11524e+21	0.00e+00	0.00e+00	5.20e-29	3.07e-25	1.10e-21	1.32e-18	7.29e-16	2.06e-13	3.88e-10	1.06e-07	9.31e-06	2.68e-04	4.51e-03	2.63e-02	7.06e-02	1.52e-01	5.87e-01	1.47e-01	1.19e-02
 1.15960e+21	0.00e+00	0.00e+00	7.47e-29	4.29e-25	1.49e-21	1.72e-18	9.22e-16	2.52e-13	4.73e-10	1.27e-07	1.09e-05	3.07e-04	5.03e-03	2.85e-02	7.44e-02	1.55e-01	5.83e-01	1.42e-01	1.12e-02
 1.20522e+21	0.00e+00	0.00e+00	1.08e-28	6.01e-25	2.02e-21	2.26e-18	1.17e-15	3.10e-13	5.77e-10	1.53e-07	1.29e-05	3.52e-04	5.62e-03	3.10e-02	7.83e-02	1.58e-01	5.79e-01	1.37e-01	1.05e-02
 1.26453e+21	0.00e+00	0.00e+00	1.74e-28	9.28e-25	2.99e-21	3.21e-18	1.59e-15	4.02e-13	7.46e-10	1.94e-07	1.59e-05	4.20e-04	6.48e-03	3.44e-02	8.37e-02	1.62e-01	5.72e-01	1.31e-01	9.60e-03
 1.32110e+21	0.00e+00	0.00e+00	2.73e-28	1.40e-24	4.33e-21	4.47e-18	2.12e-15	5.15e-13	9.51e-10	2.43e-07	1.93e-05	4.96e-04	7.41e-03	3.80e-02	8.90e-02	1.66e-01	5.66e-01	1.24e-01	8.83e-03
 1.36118e+21	0.00e+00	0.00e+00	3.76e-28	1.87e-24	5.63e-21	5.65e-18	2.60e-15	6.12e-13	1.13e-09	2.84e-07	2.22e-05	5.57e-04	8.15e-03	4.07e-02	9.28e-02	1.69e-01	5.61e-01	1.20e-01	8.32e-03
 1.40035e+21	0.00e+00	0.00e+00	5.09e-28	2.48e-24	7.24e-21	7.06e-18	3.16e-15	7.22e-13	1.33e-09	3.30e-07	2.53e-05	6.23e-04	8.91e-03	4.35e-02	9.66e-02	1.71e-01	5.55e-01	1.16e-01	7.85e-03
 1.45127e+21	0.00e+00	0.00e+00	7.55e-28	3.55e-24	1.00e-20	9.42e-18	4.06e-15	8.94e-13	1.64e-09	4.01e-07	3.01e-05	7.19e-04	1.00e-02	4.73e-02	1.02e-01	1.74e-01	5.48e-01	1.11e-01	7.27e-03
 1.50552e+21	0.00e+00	0.00e+00	1.15e-27	5.19e-24	1.41e-20	1.28e-17	5.29e-15	1.12e-12	2.05e-09	4.93e-07	3.60e-05	8.36e-04	1.13e-02	5.16e-02	1.07e-01	1.77e-01	5.40e-01	1.06e-01	6.69e-03
 1.55228e+21	0.00e+00	0.00e+00	1.64e-27	7.19e-24	1.89e-20	1.66e-17	6.64e-15	1.36e-12	2.47e-09	5.87e-07	4.20e-05	9.50e-04	1.25e-02	5.56e-02	1.12e-01	1.79e-01	5.32e-01	1.01e-01	6.22e-03
 1.60125e+21	0.00e+00	0.00e+00	2.37e-27	1.01e-23	2.57e-20	2.17e-17	8.38e-15	1.65e-12	3.00e-09	7.02e-07	4.92e-05	1.08e-03	1.39e-02	6.00e-02	1.17e-01	1.82e-01	5.23e-01	9.67e-02	5.77e-03
 1.65576e+21	0.00e+00	0.00e+00	3.57e-27	1.46e-23	3.59e-20	2.93e-17	1.09e-14	2.06e-12	3.72e-09	8.57e-07	5.86e-05	1.25e-03	1.56e-02	6.53e-02	1.23e-01	1.84e-01	5.14e-01	9.17e-02	5.29e-03
 1.70605e+21	0.00e+00	0.00e+00	5.19e-27	2.06e-23	4.88e-20	3.84e-17	1.37e-14	2.51e-12	4.52e-09	1.03e-06	6.87e-05	1.43e-03	1.74e-02	7.04e-02	1.29e-01	1.86e-01	5.04e-01	8.72e-02	4.88e-03
 1.75038e+21	0.00e+00	0.00e+00	7.21e-27	2.77e-23	6.39e-20	4.87e-17	1.69e-14	2.98e-12	5.36e-09	1.20e-06	7.89e-05	1.61e-03	1.90e-02	7.51e-02	1.34e-01	1.88e-01	4.95e-01	8.34e-02	4.54e-03
 1.79842e+21	0.00e+00	0.00e+00	1.02e-26	3.82e-23	8.52e-20	6.29e-17	2.10e-14	3.59e-12	6.44e-09	1.42e-06	9.15e-05	1.82e-03	2.10e-02	8.05e-02	1.39e-01	1.89e-01	4.85e-01	7.94e-02	4.20e-03
 1.85227e+21	0.00e+00	0.00e+00	1.52e-26	5.46e-23	1.17e-19	8.35e-17	2.68e-14	4.41e-12	7.87e-09	1.72e-06	1.08e-04	2.08e-03	2.34e-02	8.68e-02	1.45e-01	1.90e-01	4.74e-01	7.50e-02	3.84e-03
 1.90140e+21	0.00e+00	0.00e+00	2.16e-26	7.54e-23	1.57e-19	1.08e-16	3.35e-14	5.31e-12	9.44e-09	2.03e-06	1.25e-04	2.35e-03	2.57e-02	9.29e-02	1.50e-01	1.91e-01	4.63e-01	7.11e-02	3.53e-03
 1.94502e+21	0.00e+00	0.00e+00	2.96e-26	1.00e-22	2.03e-19	1.35e-16	4.07e-14	6.24e-12	1.11e-08	2.35e-06	1.42e-04	2.62e-03	2.80e-02	9.85e-02	1.55e-01	1.92e-01	4.53e-01	6.77e-02	3.28e-03
 1.99375e+21	0.00e+00	0.00e+00	4.19e-26	1.38e-22	2.70e-19	1.74e-16	5.05e-14	7.48e-12	1.32e-08	2.77e-06	1.64e-04	2.94e-03	3.07e-02	1.05e-01	1.60e-01	1.92e-01	4.42e-01	6.41e-02	3.01e-03
 2.04850e+21	0.00e+00	0.00e+00	6.17e-26	1.96e-22	3.70e-19	2.30e-16	6.41e-14	9.13e-12	1.60e-08	3.32e-06	1.92e-04	3.35e-03	3.40e-02	1.13e-01	1.66e-01	1.93e-01	4.28e-01	6.01e-02	2.73e-03
 2.09978e+21	0.00e+00	0.00e+00	8.86e-26	2.72e-22	4.97e-19	2.98e-16	8.01e-14	1.10e-11	1.92e-08	3.92e-06	2.22e-04	3.77e-03	3.73e-02	1.20e-01	1.71e-01	1.92e-01	4.16e-01	5.66e-02	2.49e-03
 2.14665e+21	0.00e+00	0.00e+00	1.23e-25	3.66e-22	6.49e-19	3.77e-16	9.80e-14	1.30e-11	2.26e-08	4.55e-06	2.53e-04	4.20e-03	4.05e-02	1.27e-01	1.76e-01	1.92e-01	4.04e-01	5.34e-02	2.29e-03
 2.19910e+21	0.00e+00	5.75e-32	1.77e-25	5.09e-22	8.72e-19	4.90e-16	1.23e-13	1.56e-11	2.69e-08	5.37e-06	2.92e-04	4.73e-03	4.44e-02	1.35e-01	1.81e-01	1.91e-01	3.91e-01	5.00e-02	2.08e-03
 2.25697e+21	0.00e+00	8.76e-32	2.63e-25	7.31e-22	1.21e-18	6.52e-16	1.57e-13	1.92e-11	3.27e-08	6.42e-06	3.41e-04	5.37e-03	4.90e-02	1.44e-01	1.87e-01	1.90e-01	3.76e-01	4.65e-02	1.86e-03
 2.30964e+21	0.00e+00	1.28e-31	3.77e-25	1.01e-21	1.62e-18	8.44e-16	1.95e-13	2.30e-11	3.89e-08	7.54e-06	3.92e-04	6.02e-03	5.34e-02	1.53e-01	1.92e-01	1.89e-01	3.62e-01	4.34e-02	1.69e-03
 2.35795e+21	0.00e+00	1.81e-31	5.23e-25	1.36e-21	2.11e-18	1.07e-15	2.38e-13	2.71e-11	4.54e-08	8.71e-06	4.44e-04	6.66e-03	5.77e-02	1.60e-01	1.96e-01	1.87e-01	3.50e-01	4.07e-02	1.54e-03
 2.41284e+21	0.00e+00	2.66e-31	7.55e-25	1.90e-21	2.85e-18	1.39e-15	2.98e-13	3.27e-11	5.41e-08	1.02e-05	5.10e-04	7.46e-03	6.29e-02	1.70e-01	2.00e-01	1.85e-01	3.35e-01	3.77e-02	1.38e-03
 2.47395e+21	0.00e+00	4.09e-31	1.13e-24	2.75e-21	3.97e-18	1.86e-15	3.83e-13	4.01e-11	6.54e-08	1.22e-05	5.94e-04	8.43e-03	6.90e-02	1.80e-01	2.05e-01	1.82e-01	3.19e-01	3.46e-02	1.22e-03
 2.53042e+21	0.00e+00	6.05e-31	1.64e-24	3.86e-21	5.37e-18	2.42e-15	4.80e-13	4.83e-11	7.77e-08	1.43e-05	6.81e-04	9.41e-03	7.49e-02	1.89e-01	2.09e-01	1.79e-01	3.05e-01	3.19e-02	1.09e-03
 2.58208e+21	0.00e+00	8.63e-31	2.30e-24	5.24e-21	7.06e-18	3.09e-15	5.89e-13	5.73e-11	9.06e-08	1.65e-05	7.69e-04	1.04e-02	8.06e-02	1.98e-01	2.12e-01	1.76e-01	2.92e-01	2.96e-02	9.80e-04
 2.64021e+21	0.00e+00	1.28e-30	3.33e-24	7.35e-21	9.57e-18	4.03e-15	7.40e-13	6.91e-11	1.07e-07	1.93e-05	8.79e-04	1.16e-02	8.72e-02	2.08e-01	2.15e-01	1.73e-01	2.77e-01	2.72e-02	8.69e-04
 2.70579e+21	0.00e+00	1.98e-30	5.04e-24	1.07e-20	1.34e-17	5.43e-15	9.54e-13	8.51e-11	1.29e-07	2.29e-05	1.02e-03	1.30e-02	9.50e-02	2.19e-01	2.18e-01	1.68e-01	2.61e-01	2.46e-02	7.58e-04
 2.76784e+21	0.00e+00	2.99e-30	7.43e-24	1.52e-20	1.84e-17	7.18e-15	1.21e-12	1.03e-10	1.54e-07	2.68e-05	1.16e-03	1.45e-02	1.03e-01	2.29e-01	2.20e-01	1.64e-01	2.46e-01	2.24e-02	6.65e-04
 2.82265e+21	0.00e+00	4.26e-30	1.04e-23	2.07e-20	2.43e-17	9.15e-15	1.49e-12	1.23e-10	1.79e-07	3.07e-05	1.31e-03	1.59e-02	1.10e-01	2.37e-01	2.21e-01	1.60e-01	2.33e-01	2.06e-02	5.92e-04
 2.87355e+21	0.00e+00	5.91e-30	1.41e-23	2.74e-20	3.12e-17	1.14e-14	1.80e-12	1.43e-10	2.04e-07	3.47e-05	1.45e-03	1.72e-02	1.16e-01	2.45e-01	2.22e-01	1.56e-01	2.22e-01	1.90e-02	5.31e-04
 2.93200e+21	0.00e+00	8.53e-30	2.00e-23	3.76e-20	4.15e-17	1.47e-14	2.22e-12	1.71e-10	2.38e-07	3.99e-05	1.63e-03	1.89e-02	1.24e-01	2.54e-01	2.23e-01	1.52e-01	2.09e-01	1.73e-02	4.68e-04
 2.99719e+21	0.00e+00	1.28e-29	2.93e-23	5.32e-20	5.67e-17	1.93e-14	2.81e-12	2.07e-10	2.81e-07	4.63e-05	1.85e-03	2.08e-02	1.33e-01	2.63e-01	2.23e-01	1.47e-01	1.95e-01	1.56e-02	4.07e-04
 3.05776e+21	0.00e+00	1.84e-29	4.14e-23	7.30e-20	7.55e-17	2.49e-14	3.49e-12	2.47e-10	3.26e-07	5.30e-05	2.07e-03	2.27e-02	1.41e-01	2.71e-01	2.23e-01	1.42e-01	1.83e-01	1.42e-02	3.57e-04
 3.11417e+21	0.00e+00	2.58e-29	5.68e-23	9.74e-20	9.79e-17	3.13e-14	4.24e-12	2.91e-10	3.73e-07	5.99e-05	2.29e-03	2.46e-02	1.49e-01	2.79e-01	2.22e-01	1.37e-01	1.73e-01	1.29e-02	3.16e-04
 3.17854e+21	0.00e+00	3.75e-29	8.08e-23	1.34e-19	1.31e-16	4.05e-14	5.28e-12	3.48e-10	4.34e-07	6.85e-05	2.56e-03	2.68e-02	1.58e-01	2.86e-01	2.21e-01	1.32e-01	1.61e-01	1.16e-02	2.75e-04
 3.25049e+21	0.00e+00	5.64e-29	1.19e-22	1.91e-19	1.80e-16	5.37e-14	6.71e-12	4.24e-10	5.12e-07	7.93e-05	2.88e-03	2.93e-02	1.68e-01	2.94e-01	2.19e-01	1.26e-01	1.49e-01	1.04e-02	2.36e-04
 3.31775e+21	0.00e+00	8.20e-29	1.69e-22	2.64e-19	2.41e-16	6.94e-14	8.37e-12	5.09e-10	5.94e-07	9.05e-05	3.21e-03	3.19e-02	1.77e-01	3.01e-01	2.17e-01	1.21e-01	1.39e-01	9.30e-03	2.04e-04
 3.38094e+21	0.00e+00	1.16e-28	2.33e-22	3.55e-19	3.14e-16	8.79e-14	1.02e-11	6.01e-10	6.82e-07	1.02e-04	3.55e-03	3.43e-02	1.86e-01	3.07e-01	2.15e-01	1.16e-01	1.29e-01	8.40e-03	1.79e-04
 3.45336e+21	0.00e+00	1.69e-28	3.34e-22	4.93e-19	4.24e-16	1.15e-13	1.28e-11	7.25e-10	7.94e-07	1.17e-04	3.95e-03	3.72e-02	1.96e-01	3.13e-01	2.12e-01	1.11e-01	1.19e-01	7.47e-03	1.53e-04
 3.53427e+21	0.00e+00	2.57e-28	4.94e-22	7.06e-19	5.86e-16	1.53e-13	1.64e-11	8.90e-10	9.37e-07	1.35e-04	4.44e-03	4.06e-02	2.07e-01	3.19e-01	2.08e-01	1.05e-01	1.09e-01	6.56e-03	1.29e-04
 3.60991e+21	0.00e+00	3.76e-28	7.06e-22	9.79e-19	7.89e-16	1.99e-13	2.06e-11	1.07e-09	1.09e-06	1.53e-04	4.92e-03	4.38e-02	2.17e-01	3.24e-01	2.04e-01	9.97e-02	1.00e-01	5.82e-03	1.11e-04
 3.68099e+21	0.00e+00	5.33e-28	9.78e-22	1.32e-18	1.03e-15	2.53e-13	2.53e-11	1.27e-09	1.25e-06	1.73e-04	5.41e-03	4.70e-02	2.26e-01	3.28e-01	2.00e-01	9.49e-02	9.29e-02	5.20e-03	9.55e-05
 3.76247e+21	0.00e+00	7.85e-28	1.40e-21	1.84e-18	1.40e-15	3.31e-13	3.19e-11	1.54e-09	1.46e-06	1.97e-04	6.00e-03	5.07e-02	2.37e-01	3.32e-01	1.95e-01	8.96e-02	8.49e-02	4.57e-03	8.09e-05
 3.84933e+21	0.00e+00	1.17e-27	2.05e-21	2.60e-18	1.92e-15	4.38e-13	4.05e-11	1.88e-09	1.71e-06	2.25e-04	6.67e-03	5.48e-02	2.48e-01	3.35e-01	1.90e-01	8.42e-02	7.71e-02	3.99e-03	6.79e-05
 3.92273e+21	0.00e+00	1.64e-27	2.79e-21	3.46e-18	2.49e-15	5.52e-13	4.94e-11	2.22e-09	1.95e-06	2.52e-04	7.28e-03	5.83e-02	2.57e-01	3.37e-01	1.86e-01	7.99e-02	7.12e-02	3.56e-03	5.87e-05
 3.98770e+21	0.00e+00	2.18e-27	3.65e-21	4.43e-18	3.11e-15	6.74e-13	5.87e-11	2.56e-09	2.19e-06	2.77e-04	7.83e-03	6.15e-02	2.64e-01	3.39e-01	1.81e-01	7.62e-02	6.63e-02	3.23e-03	5.16e-05
 4.06214e+21	0.00e+00	3.00e-27	4.92e-21	5.84e-18	4.00e-15	8.43e-13	7.11e-11	3.01e-09	2.49e-06	3.08e-04	8.50e-03	6.51e-02	2.73e-01	3.40e-01	1.77e-01	7.22e-02	6.11e-02	2.88e-03	4.46e-05
 4.15892e+21	0.00e+00	4.51e-27	7.17e-21	8.27e-18	5.49e-15	1.12e-12	9.08e-11	3.68e-09	2.93e-06	3.52e-04	9.42e-03	7.00e-02	2.84e-01	3.41e-01	1.71e-01	6.73e-02	5.50e-02	2.49e-03	3.70e-05
 4.25764e+21	0.00e+00	6.75e-27	1.04e-20	1.17e-17	7.53e-15	1.48e-12	1.16e-10	4.51e-09	3.44e-06	4.02e-04	1.04e-02	7.51e-02	2.95e-01	3.41e-01	1.64e-01	6.26e-02	4.95e-02	2.15e-03	3.07e-05
 4.33752e+21	0.00e+00	9.28e-27	1.40e-20	1.54e-17	9.66e-15	1.85e-12	1.40e-10	5.30e-09	3.90e-06	4.46e-04	1.13e-02	7.94e-02	3.03e-01	3.40e-01	1.59e-01	5.90e-02	4.54e-02	1.91e-03	2.64e-05
 4.42001e+21	0.00e+00	1.28e-26	1.89e-20	2.02e-17	1.24e-14	2.32e-12	1.70e-10	6.22e-09	4.43e-06	4.94e-04	1.22e-02	8.37e-02	3.11e-01	3.40e-01	1.54e-01	5.55e-02	4.16e-02	1.69e-03	2.26e-05
 4.52724e+21	0.00e+00	1.91e-26	2.75e-20	2.86e-17	1.70e-14	3.08e-12	2.17e-10	7.63e-09	5.21e-06	5.63e-04	1.35e-02	8.95e-02	3.21e-01	3.38e-01	1.47e-01	5.13e-02	3.72e-02	1.45e-03	1.86e-05
 4.63817e+21	0.00e+00	2.88e-26	4.01e-20	4.06e-17	2.34e-14	4.10e-12	2.78e-10	9.39e-09	6.14e-06	6.42e-04	1.48e-02	9.56e-02	3.32e-01	3.35e-01	1.41e-01	4.73e-02	3.31e-02	1.24e-03	1.52e-05
 4.72434e+21	0.00e+00	3.94e-26	5.36e-20	5.31e-17	3.00e-14	5.11e-12	3.36e-10	1.10e-08	6.96e-06	7.10e-04	1.60e-02	1.01e-01	3.39e-01	3.33e-01	1.35e-01	4.43e-02	3.02e-02	1.09e-03	1.30e-05
 4.79445e+21	0.00e+00	5.01e-26	6.70e-20	6.53e-17	3.62e-14	6.05e-12	3.89e-10	1.24e-08	7.67e-06	7.67e-04	1.69e-02	1.04e-01	3.45e-01	3.30e-01	1.31e-01	4.21e-02	2.81e-02	9.91e-04	1.15e-05
 4.87329e+21	0.00e+00	6.56e-26	8.59e-20	8.22e-17	4.47e-14	7.30e-12	4.58e-10	1.43e-08	8.54e-06	8.35e-04	1.80e-02	1.09e-01	3.51e-01	3.28e-01	1.27e-01	3.98e-02	2.60e-02	8.89e-04	1.01e-05
 4.97579e+21	0.00e+00	9.24e-26	1.18e-19	1.10e-16	5.85e-14	9.29e-12	5.63e-10	1.70e-08	9.80e-06	9.31e-04	1.95e-02	1.15e-01	3.59e-01	3.24e-01	1.21e-01	3.69e-02	2.34e-02	7.73e-04	8.43e-06
 5.08519e+21	0.00e+00	1.32e-25	1.64e-19	1.50e-16	7.74e-14	1.19e-11	7.00e-10	2.04e-08	1.13e-05	1.04e-03	2.12e-02	1.21e-01	3.66e-01	3.19e-01	1.15e-01	3.41e-02	2.10e-02	6.67e-04	7.01e-06
 5.18070e+21	0.00e+00	1.79e-25	2.17e-19	1.94e-16	9.83e-14	1.48e-11	8.42e-10	2.38e-08	1.28e-05	1.15e-03	2.27e-02	1.26e-01	3.73e-01	3.15e-01	1.11e-01	3.18e-02	1.91e-02	5.87e-04	5.97e-06
 5.28198e+21	0.00e+00	2.46e-25	2.91e-19	2.54e-16	1.26e-13	1.84e-11	1.02e-09	2.80e-08	1.45e-05	1.27e-03	2.44e-02	1.32e-01	3.79e-01	3.11e-01	1.06e-01	2.96e-02	1.73e-02	5.14e-04	5.06e-06
 5.41366e+21	0.00e+00	3.66e-25	4.19e-19	3.57e-16	1.72e-13	2.44e-11	1.30e-09	3.43e-08	1.70e-05	1.43e-03	2.66e-02	1.40e-01	3.86e-01	3.04e-01	9.94e-02	2.69e-02	1.52e-02	4.34e-04	4.09e-06
 5.54685e+21	0.00e+00	5.43e-25	6.02e-19	5.00e-16	2.34e-13	3.21e-11	1.65e-09	4.19e-08	2.00e-05	1.62e-03	2.91e-02	1.47e-01	3.93e-01	2.98e-01	9.35e-02	2.45e-02	1.34e-02	3.66e-04	3.31e-06
 5.65313e+21	0.00e+00	7.38e-25	7.98e-19	6.49e-16	2.96e-13	3.98e-11	1.98e-09	4.90e-08	2.26e-05	1.78e-03	3.11e-02	1.53e-01	3.98e-01	2.92e-01	8.89e-02	2.27e-02	1.21e-02	3.20e-04	2.80e-06
 5.76242e+21	4.45e-32	1.00e-24	1.06e-18	8.42e-16	3.76e-13	4.93e-11	2.39e-09	5.73e-08	2.55e-05	1.96e-03	3.32e-02	1.60e-01	4.02e-01	2.86e-01	8.45e-02	2.10e-02	1.09e-02	2.80e-04	2.37e-06
 5.88402e+21	6.39e-32	1.40e-24	1.43e-18	1.12e-15	4.88e-13	6.23e-11	2.92e-09	6.79e-08	2.92e-05	2.17e-03	3.56e-02	1.66e-01	4.07e-01	2.80e-01	7.99e-02	1.93e-02	9.76e-03	2.41e-04	1.97e-06
 5.99736e+21	8.89e-32	1.90e-24	1.90e-18	1.45e-15	6.19e-13	7.70e-11	3.51e-09	7.93e-08	3.30e-05	2.38e-03	3.80e-02	1.73e-01	4.10e-01	2.74e-01	7.57e-02	1.78e-02	8.80e-03	2.10e-04	1.67e-06
 6.12043e+21	1.26e-31	2.62e-24	2.55e-18	1.90e-15	7.95e-13	9.64e-11	4.26e-09	9.34e-08	3.75e-05	2.62e-03	4.07e-02	1.80e-01	4.14e-01	2.67e-01	7.15e-02	1.64e-02	7.88e-03	1.82e-04	1.39e-06
 6.25701e+21	1.84e-31	3.72e-24	3.51e-18	2.56e-15	1.04e-12	1.23e-10	5.26e-09	1.12e-07	4.31e-05	2.91e-03	4.37e-02	1.87e-01	4.17e-01	2.60e-01	6.71e-02	1.49e-02	6.97e-03	1.55e-04	1.14e-06
 6.38413e+21	2.60e-31	5.11e-24	4.69e-18	3.35e-15	1.33e-12	1.53e-10	6.37e-09	1.31e-07	4.89e-05	3.20e-03	4.66e-02	1.94e-01	4.20e-01	2.53e-01	6.32e-02	1.37e-02	6.24e-03	1.34e-04	9.53e-07
 6.52240e+21	3.75e-31	7.15e-24	6.38e-18	4.46e-15	1.73e-12	1.94e-10	7.79e-09	1.55e-07	5.59e-05	3.54e-03	4.99e-02	2.02e-01	4.22e-01	2.45e-01	5.92e-02	1.25e-02	5.53e-03	1.15e-04	7.86e-07
 6.67698e+21	5.60e-31	1.03e-23	8.93e-18	6.09e-15	2.30e-12	2.50e-10	9.71e-09	1.87e-07	6.46e-05	3.95e-03	5.37e-02	2.10e-01	4.24e-01	2.37e-01	5.51e-02	1.13e-02	4.85e-03	9.64e-05	6.36e-07
 6.82292e+21	8.11e-31	1.45e-23	1.22e-17	8.11e-15	2.99e-12	3.16e-10	1.19e-08	2.22e-07	7.39e-05	4.36e-03	5.74e-02	2.18e-01	4.25e-01	2.29e-01	5.15e-02	1.03e-02	4.28e-03	8.22e-05	5.22e-07
 6.98279e+21	1.20e-30	2.08e-23	1.69e-17	1.10e-14	3.95e-12	4.05e-10	1.47e-08	2.66e-07	8.51e-05	4.85e-03	6.16e-02	2.26e-01	4.25e-01	2.21e-01	4.78e-02	9.24e-03	3.75e-03	6.92e-05	4.23e-07
 7.16195e+21	1.85e-30	3.10e-23	2.43e-17	1.54e-14	5.36e-12	5.32e-10	1.87e-08	3.24e-07	9.94e-05	5.44e-03	6.65e-02	2.35e-01	4.25e-01	2.12e-01	4.40e-02	8.23e-03	3.24e-03	5.72e-05	3.35e-07
 7.32099e+21	2.69e-30	4.37e-23	3.32e-17	2.05e-14	6.98e-12	6.73e-10	2.29e-08	3.85e-07	1.14e-04	6.00e-03	7.09e-02	2.43e-01	4.25e-01	2.04e-01	4.09e-02	7.44e-03	2.85e-03	4.84e-05	2.73e-07
 7.45756e+21	3.68e-30	5.82e-23	4.31e-17	2.61e-14	8.71e-12	8.20e-10	2.71e-08	4.44e-07	1.27e-04	6.51e-03	7.48e-02	2.49e-01	4.24e-01	1.97e-01	3.84e-02	6.82e-03	2.55e-03	4.21e-05	2.30e-07
 7.61012e+21	5.19e-30	7.98e-23	5.74e-17	3.41e-14	1.11e-11	1.02e-09	3.27e-08	5.19e-07	1.44e-04	7.13e-03	7.93e-02	2.57e-01	4.22e-01	1.90e-01	3.58e-02	6.20e-03	2.26e-03	3.60e-05	1.90e-07
 7.80845e+21	8.00e-30	1.19e-22	8.22e-17	4.75e-14	1.50e-11	1.33e-09	4.11e-08	6.30e-07	1.67e-04	7.96e-03	8.51e-02	2.65e-01	4.20e-01	1.81e-01	3.27e-02	5.50e-03	1.95e-03	2.97e-05	1.50e-07
 8.01751e+21	1.26e-29	1.79e-22	1.20e-16	6.72e-14	2.06e-11	1.77e-09	5.25e-08	7.74e-07	1.96e-04	8.94e-03	9.17e-02	2.75e-01	4.16e-01	1.72e-01	2.97e-02	4.82e-03	1.65e-03	2.40e-05	0.00e+00
 8.18804e+21	1.80e-29	2.49e-22	1.61e-16	8.84e-14	2.65e-11	2.21e-09	6.37e-08	9.10e-07	2.22e-04	9.79e-03	9.71e-02	2.82e-01	4.13e-01	1.65e-01	2.75e-02	4.35e-03	1.45e-03	2.03e-05	0.00e+00
 8.33456e+21	2.43e-29	3.27e-22	2.06e-16	1.11e-13	3.26e-11	2.66e-09	7.47e-08	1.04e-06	2.47e-04	1.06e-02	1.02e-01	2.88e-01	4.10e-01	1.59e-01	2.57e-02	3.98e-03	1.30e-03	1.77e-05	0.00e+00
 8.50237e+21	3.40e-29	4.46e-22	2.73e-16	1.44e-13	4.13e-11	3.28e-09	8.95e-08	1.21e-06	2.77e-04	1.15e-02	1.07e-01	2.94e-01	4.06e-01	1.52e-01	2.38e-02	3.60e-03	1.15e-03	1.51e-05	0.00e+00
 8.72053e+21	5.21e-29	6.58e-22	3.88e-16	1.99e-13	5.54e-11	4.27e-09	1.12e-07	1.46e-06	3.21e-04	1.28e-02	1.15e-01	3.02e-01	4.01e-01	1.44e-01	2.16e-02	3.17e-03	9.80e-04	1.23e-05	0.00e+00
 8.94707e+21	8.07e-29	9.81e-22	5.57e-16	2.79e-13	7.53e-11	5.61e-09	1.42e-07	1.78e-06	3.74e-04	1.42e-02	1.22e-01	3.11e-01	3.94e-01	1.35e-01	1.95e-02	2.77e-03	8.28e-04	9.96e-06	0.00e+00
 9.13405e+21	1.15e-28	1.35e-21	7.44e-16	3.64e-13	9.61e-11	6.96e-09	1.71e-07	2.08e-06	4.22e-04	1.55e-02	1.29e-01	3.17e-01	3.89e-01	1.29e-01	1.79e-02	2.48e-03	7.23e-04	8.39e-06	0.00e+00
 9.32669e+21	1.63e-28	1.86e-21	9.95e-16	4.76e-13	1.23e-10	8.66e-09	2.06e-07	2.43e-06	4.76e-04	1.69e-02	1.36e-01	3.23e-01	3.83e-01	1.22e-01	1.64e-02	2.22e-03	6.31e-04	7.05e-06	0.00e+00
 9.57711e+21	2.54e-28	2.79e-21	1.43e-15	6.67e-13	1.67e-10	1.14e-08	2.60e-07	2.96e-06	5.53e-04	1.88e-02	1.44e-01	3.30e-01	3.75e-01	1.14e-01	1.47e-02	1.93e-03	5.31e-04	5.67e-06	0.00e+00
 9.83554e+21	4.00e-28	4.22e-21	2.08e-15	9.43e-13	2.29e-10	1.51e-08	3.31e-07	3.62e-06	6.46e-04	2.09e-02	1.54e-01	3.37e-01	3.66e-01	1.06e-01	1.31e-02	1.66e-03	4.41e-04	4.49e-06	0.00e+00
 1.00468e+22	5.73e-28	5.85e-21	2.80e-15	1.24e-12	2.94e-10	1.88e-08	4.01e-07	4.25e-06	7.30e-04	2.28e-02	1.62e-01	3.43e-01	3.58e-01	1.00e-01	1.19e-02	1.47e-03	3.81e-04	3.73e-06	0.00e+00
 1.02640e+22	8.21e-28	8.12e-21	3.75e-15	1.63e-12	3.77e-10	2.35e-08	4.85e-07	4.99e-06	8.24e-04	2.48e-02	1.70e-01	3.47e-01	3.50e-01	9.45e-02	1.08e-02	1.30e-03	3.28e-04	3.09e-06	0.00e+00
 1.04981e+22	1.20e-27	1.15e-20	5.12e-15	2.17e-12	4.90e-10	2.97e-08	5.92e-07	5.90e-06	9.37e-04	2.71e-02	1.78e-01	3.52e-01	3.42e-01	8.85e-02	9.75e-03	1.14e-03	2.80e-04	2.53e-06	0.00e+00
 1.07053e+22	1.67e-27	1.55e-20	6.71e-15	2.79e-12	6.16e-10	3.64e-08	7.05e-07	6.83e-06	1.05e-03	2.92e-02	1.86e-01	3.56e-01	3.34e-01	8.35e-02	8.89e-03	1.02e-03	2.44e-04	2.12e-06	0.00e+00
 1.08964e+22	2.25e-27	2.03e-20	8.55e-15	3.49e-12	7.56e-10	4.37e-08	8.24e-07	7.78e-06	1.16e-03	3.13e-02	1.93e-01	3.59e-01	3.27e-01	7.91e-02	8.18e-03	9.16e-04	2.15e-04	1.81e-06	0.00e+00
 1.11157e+22	3.13e-27	2.74e-20	1.12e-14	4.50e-12	9.53e-10	5.38e-08	9.84e-07	9.03e-06	1.29e-03	3.37e-02	2.01e-01	3.63e-01	3.18e-01	7.43e-02	7.42e-03	8.12e-04	1.85e-04	1.51e-06	0.00e+00
 1.13632e+22	4.53e-27	3.83e-20	1.51e-14	5.95e-12	1.23e-09	6.76e-08	1.20e-06	1.06e-05	1.46e-03	3.67e-02	2.11e-01	3.66e-01	3.09e-01	6.93e-02	6.65e-03	7.09e-04	1.57e-04	1.23e-06	0.00e+00
 1.15983e+22	6.38e-27	5.22e-20	2.00e-14	7.71e-12	1.56e-09	8.36e-08	1.44e-06	1.24e-05	1.64e-03	3.96e-02	2.19e-01	3.68e-01	3.00e-01	6.47e-02	5.99e-03	6.24e-04	1.35e-04	1.01e-06	0.00e+00
 1.18200e+22	8.74e-27	6.95e-20	2.58e-14	9.78e-12	1.94e-09	1.02e-07	1.70e-06	1.43e-05	1.83e-03	4.25e-02	2.28e-01	3.70e-01	2.91e-01	6.07e-02	5.43e-03	5.54e-04	1.17e-04	8.45e-07	0.00e+00
 1.20732e+22	1.24e-26	9.54e-20	3.43e-14	1.27e-11	2.48e-09	1.26e-07	2.04e-06	1.66e-05	2.05e-03	4.59e-02	2.37e-01	3.72e-01	2.81e-01	5.64e-02	4.87e-03	4.85e-04	9.94e-05	6.92e-07	0.00e+00
 1.23577e+22	1.82e-26	1.35e-19	4.68e-14	1.71e-11	3.25e-09	1.61e-07	2.51e-06	1.98e-05	2.34e-03	5.01e-02	2.47e-01	3.73e-01	2.70e-01	5.18e-02	4.28e-03	4.15e-04	8.24e-05	5.49e-07	0.00e+00
 1.26223e+22	2.59e-26	1.85e-19	6.20e-14	2.23e-11	4.15e-09	2.00e-07	3.03e-06	2.32e-05	2.63e-03	5.41e-02	2.57e-01	3.74e-01	2.60e-01	4.79e-02	3.81e-03	3.61e-04	6.95e-05	4.44e-07	0.00e+00
 1.28672e+22	3.54e-26	2.46e-19	7.99e-14	2.83e-11	5.17e-09	2.44e-07	3.59e-06	2.68e-05	2.93e-03	5.80e-02	2.66e-01	3.74e-01	2.51e-01	4.45e-02	3.42e-03	3.17e-04	5.95e-05	3.66e-07	0.00e+00
 1.31475e+22	5.03e-26	3.38e-19	1.06e-13	3.68e-11	6.61e-09	3.04e-07	4.34e-06	3.14e-05	3.30e-03	6.26e-02	2.75e-01	3.74e-01	2.41e-01	4.09e-02	3.02e-03	2.74e-04	4.98e-05	2.94e-07	0.00e+00
 1.35118e+22	7.82e-26	5.02e-19	1.51e-13	5.14e-11	9.00e-09	4.02e-07	5.51e-06	3.85e-05	3.83e-03	6.89e-02	2.88e-01	3.72e-01	2.28e-01	3.67e-02	2.58e-03	2.27e-04	3.97e-05	2.22e-07	0.00e+00
 1.38795e+22	1.21e-25	7.42e-19	2.13e-13	7.15e-11	1.22e-08	5.30e-07	6.99e-06	4.71e-05	4.44e-03	7.57e-02	3.00e-01	3.70e-01	2.15e-01	3.28e-02	2.19e-03	1.87e-04	3.15e-05	1.66e-07	0.00e+00
 1.41687e+22	1.68e-25	9.98e-19	2.77e-13	9.19e-11	1.55e-08	6.56e-07	8.40e-06	5.51e-05	4.98e-03	8.14e-02	3.10e-01	3.68e-01	2.04e-01	2.99e-02	1.92e-03	1.60e-04	2.62e-05	1.33e-07	0.00e+00
 1.44621e+22	2.32e-25	1.34e-18	3.58e-13	1.17e-10	1.95e-08	8.07e-07	1.00e-05	6.40e-05	5.56e-03	8.72e-02	3.19e-01	3.65e-01	1.95e-01	2.74e-02	1.69e-03	1.38e-04	2.19e-05	0.00e+00	0.00e+00
 1.48435e+22	3.49e-25	1.92e-18	4.93e-13	1.60e-10	2.61e-08	1.05e-06	1.26e-05	7.77e-05	6.40e-03	9.51e-02	3.30e-01	3.60e-01	1.82e-01	2.43e-02	1.43e-03	1.13e-04	1.73e-05	0.00e+00	0.00e+00
 1.52408e+22	5.28e-25	2.78e-18	6.83e-13	2.19e-10	3.50e-08	1.37e-06	1.58e-05	9.47e-05	7.39e-03	1.04e-01	3.41e-01	3.55e-01	1.70e-01	2.14e-02	1.20e-03	9.25e-05	1.36e-05	0.00e+00	0.00e+00
 1.55727e+22	7.36e-25	3.74e-18	8.86e-13	2.82e-10	4.45e-08	1.71e-06	1.91e-05	1.11e-04	8.31e-03	1.11e-01	3.50e-01	3.49e-01	1.60e-01	1.93e-02	1.03e-03	7.81e-05	1.11e-05	0.00e+00	0.00e+00
 1.58603e+22	9.74e-25	4.80e-18	1.10e-12	3.49e-10	5.44e-08	2.05e-06	2.24e-05	1.28e-04	9.17e-03	1.18e-01	3.58e-01	3.44e-01	1.52e-01	1.76e-02	9.10e-04	6.75e-05	9.31e-06	0.00e+00	0.00e+00
 1.61760e+22	1.31e-24	6.25e-18	1.39e-12	4.37e-10	6.75e-08	2.50e-06	2.65e-05	1.48e-04	1.02e-02	1.26e-01	3.65e-01	3.39e-01	1.43e-01	1.59e-02	7.92e-04	5.76e-05	7.70e-06	0.00e+00	0.00e+00
 1.65865e+22	1.90e-24	8.69e-18	1.85e-12	5.80e-10	8.84e-08	3.20e-06	3.28e-05	1.78e-04	1.16e-02	1.36e-01	3.74e-01	3.31e-01	1.33e-01	1.40e-02	6.62e-04	4.69e-05	6.03e-06	0.00e+00	0.00e+00
 1.70059e+22	2.75e-24	1.21e-17	2.46e-12	7.69e-10	1.16e-07	4.11e-06	4.06e-05	2.14e-04	1.33e-02	1.47e-01	3.83e-01	3.22e-01	1.22e-01	1.22e-02	5.50e-04	3.80e-05	4.70e-06	0.00e+00	0.00e+00
 1.73455e+22	3.67e-24	1.56e-17	3.07e-12	9.58e-10	1.43e-07	5.00e-06	4.81e-05	2.49e-04	1.48e-02	1.56e-01	3.89e-01	3.15e-01	1.14e-01	1.09e-02	4.73e-04	3.21e-05	3.83e-06	0.00e+00	0.00e+00
 1.76958e+22	4.90e-24	2.01e-17	3.82e-12	1.19e-09	1.77e-07	6.06e-06	5.68e-05	2.88e-04	1.63e-02	1.65e-01	3.94e-01	3.07e-01	1.07e-01	9.76e-03	4.07e-04	2.71e-05	3.13e-06	0.00e+00	0.00e+00
 1.81512e+22	7.03e-24	2.75e-17	5.02e-12	1.57e-09	2.30e-07	7.73e-06	7.00e-05	3.47e-04	1.86e-02	1.77e-01	4.01e-01	2.97e-01	9.73e-02	8.43e-03	3.35e-04	2.17e-05	2.41e-06	0.00e+00	0.00e+00
 1.86121e+22	1.00e-23	3.76e-17	6.56e-12	2.05e-09	2.99e-07	9.84e-06	8.62e-05	4.17e-04	2.12e-02	1.90e-01	4.06e-01	2.86e-01	8.86e-02	7.26e-03	2.74e-04	1.74e-05	1.85e-06	0.00e+00	0.00e+00
 1.89784e+22	1.31e-23	4.77e-17	8.03e-12	2.52e-09	3.66e-07	1.19e-05	1.01e-04	4.81e-04	2.34e-02	2.01e-01	4.10e-01	2.77e-01	8.20e-02	6.43e-03	2.34e-04	1.45e-05	1.50e-06	0.00e+00	0.00e+00
 1.93527e+22	1.72e-23	6.03e-17	9.83e-12	3.09e-09	4.45e-07	1.42e-05	1.18e-04	5.53e-04	2.57e-02	2.11e-01	4.13e-01	2.68e-01	7.60e-02	5.71e-03	2.00e-04	1.22e-05	1.22e-06	0.00e+00	0.00e+00
 1.98392e+22	2.41e-23	8.09e-17	1.26e-11	3.99e-09	5.70e-07	1.79e-05	1.44e-04	6.59e-04	2.90e-02	2.25e-01	4.15e-01	2.56e-01	6.87e-02	4.89e-03	1.63e-04	9.73e-06	9.32e-07	0.00e+00	0.00e+00
 2.03455e+22	3.39e-23	1.09e-16	1.63e-11	5.17e-09	7.32e-07	2.26e-05	1.75e-04	7.87e-04	3.28e-02	2.39e-01	4.17e-01	2.44e-01	6.18e-02	4.16e-03	1.32e-04	7.70e-06	7.07e-07	0.00e+00	0.00e+00
 2.07687e+22	4.47e-23	1.39e-16	2.00e-11	6.37e-09	8.97e-07	2.72e-05	2.06e-04	9.10e-04	3.61e-02	2.51e-01	4.17e-01	2.34e-01	5.65e-02	3.64e-03	1.11e-04	6.34e-06	5.62e-07	0.00e+00	0.00e+00
 2.12099e+22	5.91e-23	1.77e-16	2.45e-11	7.85e-09	1.10e-06	3.28e-05	2.41e-04	1.05e-03	3.98e-02	2.63e-01	4.17e-01	2.24e-01	5.15e-02	3.17e-03	9.31e-05	5.21e-06	4.46e-07	0.00e+00	0.00e+00
 2.17836e+22	8.38e-23	2.39e-16	3.17e-11	1.02e-08	1.42e-06	4.14e-05	2.94e-04	1.26e-03	4.49e-02	2.79e-01	4.15e-01	2.11e-01	4.57e-02	2.65e-03	7.42e-05	4.05e-06	3.32e-07	0.00e+00	0.00e+00
 2.23748e+22	1.20e-22	3.26e-16	4.11e-11	1.33e-08	1.83e-06	5.24e-05	3.59e-04	1.51e-03	5.05e-02	2.94e-01	4.12e-01	1.99e-01	4.03e-02	2.21e-03	5.88e-05	3.13e-06	2.45e-07	0.00e+00	0.00e+00
 2.28619e+22	1.59e-22	4.16e-16	5.05e-11	1.64e-08	2.23e-06	6.31e-05	4.19e-04	1.73e-03	5.54e-02	3.07e-01	4.09e-01	1.88e-01	3.64e-02	1.90e-03	4.87e-05	2.54e-06	1.92e-07	0.00e+00	0.00e+00
 2.33681e+22	2.11e-22	5.32e-16	6.22e-11	2.03e-08	2.73e-06	7.58e-05	4.89e-04	2.00e-03	6.07e-02	3.19e-01	4.05e-01	1.78e-01	3.27e-02	1.63e-03	4.03e-05	2.05e-06	1.50e-07	0.00e+00	0.00e+00
 2.38980e+22	2.83e-22	6.87e-16	7.71e-11	2.52e-08	3.36e-06	9.15e-05	5.72e-04	2.30e-03	6.66e-02	3.32e-01	4.00e-01	1.68e-01	2.93e-02	1.39e-03	3.30e-05	1.65e-06	0.00e+00	0.00e+00	0.00e+00
 2.43449e+22	3.61e-22	8.48e-16	9.21e-11	3.01e-08	3.98e-06	1.07e-04	6.50e-04	2.59e-03	7.18e-02	3.42e-01	3.95e-01	1.60e-01	2.67e-02	1.22e-03	2.80e-05	1.37e-06	0.00e+00	0.00e+00	0.00e+00
 2.48118e+22	4.62e-22	1.05e-15	1.10e-10	3.60e-08	4.71e-06	1.25e-04	7.39e-04	2.91e-03	7.73e-02	3.52e-01	3.90e-01	1.52e-01	2.42e-02	1.06e-03	2.37e-05	1.14e-06	0.00e+00	0.00e+00	0.00e+00
 2.54189e+22	6.32e-22	1.38e-15	1.39e-10	4.53e-08	5.84e-06	1.51e-04	8.66e-04	3.36e-03	8.47e-02	3.65e-01	3.82e-01	1.42e-01	2.14e-02	8.95e-04	1.91e-05	9.01e-07	0.00e+00	0.00e+00	0.00e+00
 2.60446e+22	8.72e-22	1.82e-15	1.75e-10	5.71e-08	7.25e-06	1.84e-04	1.02e-03	3.89e-03	9.27e-02	3.77e-01	3.74e-01	1.32e-01	1.88e-02	7.49e-04	1.54e-05	7.07e-07	0.00e+00	0.00e+00	0.00e+00
 2.65528e+22	1.12e-21	2.26e-15	2.11e-10	6.86e-08	8.59e-06	2.14e-04	1.15e-03	4.37e-03	9.96e-02	3.87e-01	3.66e-01	1.24e-01	1.70e-02	6.47e-04	1.29e-05	5.81e-07	0.00e+00	0.00e+00	0.00e+00
 2.70717e+22	1.45e-21	2.83e-15	2.54e-10	8.23e-08	1.02e-05	2.48e-04	1.30e-03	4.86e-03	1.06e-01	3.96e-01	3.59e-01	1.17e-01	1.53e-02	5.63e-04	1.09e-05	4.81e-07	0.00e+00	0.00e+00	0.00e+00
 2.77463e+22	2.00e-21	3.74e-15	3.23e-10	1.04e-07	1.25e-05	2.99e-04	1.51e-03	5.58e-03	1.16e-01	4.06e-01	3.49e-01	1.08e-01	1.34e-02	4.69e-04	8.70e-06	3.77e-07	0.00e+00	0.00e+00	0.00e+00
 2.84419e+22	2.79e-21	4.98e-15	4.11e-10	1.31e-07	1.55e-05	3.62e-04	1.76e-03	6.40e-03	1.26e-01	4.16e-01	3.38e-01	9.97e-02	1.17e-02	3.89e-04	6.94e-06	2.94e-07	0.00e+00	0.00e+00	0.00e+00
 2.90127e+22	3.64e-21	6.27e-15	4.99e-10	1.58e-07	1.84e-05	4.20e-04	1.98e-03	7.14e-03	1.34e-01	4.24e-01	3.29e-01	9.31e-02	1.04e-02	3.33e-04	5.77e-06	2.39e-07	0.00e+00	0.00e+00	0.00e+00
 2.96023e+22	4.76e-21	7.92e-15	6.09e-10	1.91e-07	2.18e-05	4.87e-04	2.23e-03	7.92e-03	1.42e-01	4.31e-01	3.20e-01	8.70e-02	9.34e-03	2.87e-04	4.82e-06	1.96e-07	0.00e+00	0.00e+00	0.00e+00
 3.03689e+22	6.68e-21	1.07e-14	7.84e-10	2.42e-07	2.69e-05	5.86e-04	2.58e-03	9.04e-03	1.54e-01	4.38e-01	3.08e-01	7.96e-02	8.07e-03	2.36e-04	3.82e-06	1.52e-07	0.00e+00	0.00e+00	0.00e+00
 3.11625e+22	9.49e-21	1.45e-14	1.02e-09	3.09e-07	3.34e-05	7.07e-04	2.99e-03	1.03e-02	1.66e-01	4.45e-01	2.95e-01	7.25e-02	6.94e-03	1.93e-04	3.01e-06	1.17e-07	0.00e+00	0.00e+00	0.00e+00
 3.18201e+22	1.26e-20	1.85e-14	1.25e-09	3.77e-07	3.98e-05	8.23e-04	3.36e-03	1.15e-02	1.76e-01	4.50e-01	2.85e-01	6.70e-02	6.12e-03	1.63e-04	2.47e-06	0.00e+00	0.00e+00	0.00e+00	0.00e+00
 3.25037e+22	1.68e-20	2.38e-14	1.55e-09	4.59e-07	4.73e-05	9.54e-04	3.77e-03	1.27e-02	1.86e-01	4.54e-01	2.74e-01	6.20e-02	5.41e-03	1.39e-04	2.04e-06	0.00e+00	0.00e+00	0.00e+00	0.00e+00
 3.33923e+22	2.42e-20	3.27e-14	2.04e-09	5.90e-07	5.88e-05	1.15e-03	4.35e-03	1.44e-02	2.00e-01	4.58e-01	2.61e-01	5.60e-02	4.60e-03	1.12e-04	1.59e-06	0.00e+00	0.00e+00	0.00e+00	0.00e+00
 3.43177e+22	3.53e-20	4.54e-14	2.70e-09	7.64e-07	7.34e-05	1.39e-03	5.03e-03	1.64e-02	2.14e-01	4.61e-01	2.47e-01	5.02e-02	3.89e-03	9.03e-05	1.23e-06	0.00e+00	0.00e+00	0.00e+00	0.00e+00
 3.50938e+22	4.81e-20	5.95e-14	3.39e-09	9.43e-07	8.80e-05	1.62e-03	5.66e-03	1.82e-02	2.26e-01	4.63e-01	2.36e-01	4.58e-02	3.37e-03	7.52e-05	9.95e-07	0.00e+00	0.00e+00	0.00e+00	0.00e+00
 3.59060e+22	6.57e-20	7.82e-14	4.29e-09	1.16e-06	1.05e-04	1.89e-03	6.35e-03	2.01e-02	2.38e-01	4.63e-01	2.25e-01	4.18e-02	2.93e-03	6.28e-05	8.07e-07	0.00e+00	0.00e+00	0.00e+00	0.00e+00
 3.69619e+22	9.77e-20	1.11e-13	5.78e-09	1.52e-06	1.32e-04	2.29e-03	7.34e-03	2.28e-02	2.54e-01	4.62e-01	2.11e-01	3.71e-02	2.44e-03	4.97e-05	6.16e-07	0.00e+00	0.00e+00	0.00e+00	0.00e+00
 3.80705e+22	1.48e-19	1.59e-13	7.88e-09	2.01e-06	1.67e-04	2.78e-03	8.49e-03	2.59e-02	2.71e-01	4.60e-01	1.97e-01	3.27e-02	2.02e-03	3.90e-05	4.65e-07	0.00e+00	0.00e+00	0.00e+00	0.00e+00
 3.89210e+22	2.02e-19	2.09e-13	9.97e-09	2.48e-06	2.00e-04	3.22e-03	9.47e-03	2.84e-02	2.83e-01	4.57e-01	1.86e-01	2.96e-02	1.74e-03	3.23e-05	3.74e-07	0.00e+00	0.00e+00	0.00e+00	0.00e+00
 3.95688e+22	2.54e-19	2.55e-13	1.18e-08	2.88e-06	2.26e-04	3.57e-03	1.02e-02	3.04e-02	2.93e-01	4.55e-01	1.79e-01	2.75e-02	1.56e-03	2.82e-05	3.20e-07	0.00e+00	0.00e+00	0.00e+00	0.00e+00
 4.02797e+22	3.25e-19	3.17e-13	1.43e-08	3.40e-06	2.60e-04	4.00e-03	1.11e-02	3.26e-02	3.02e-01	4.52e-01	1.71e-01	2.54e-02	1.39e-03	2.43e-05	2.70e-07	0.00e+00	0.00e+00	0.00e+00	0.00e+00
 4.12038e+22	4.45e-19	4.18e-13	1.81e-08	4.19e-06	3.09e-04	4.62e-03	1.23e-02	3.56e-02	3.15e-01	4.47e-01	1.61e-01	2.29e-02	1.19e-03	2.01e-05	2.18e-07	0.00e+00	0.00e+00	0.00e+00	0.00e+00
 4.22172e+22	6.25e-19	5.63e-13	2.33e-08	5.24e-06	3.72e-04	5.38e-03	1.38e-02	3.91e-02	3.28e-01	4.41e-01	1.51e-01	2.04e-02	1.01e-03	1.64e-05	1.72e-07	0.00e+00	0.00e+00	0.00e+00	0.00e+00
 4.31354e+22	8.48e-19	7.35e-13	2.94e-08	6.40e-06	4.39e-04	6.15e-03	1.52e-02	4.24e-02	3.40e-01	4.34e-01	1.42e-01	1.84e-02	8.68e-04	1.36e-05	1.39e-07	0.00e+00	0.00e+00	0.00e+00	0.00e+00
 4.39893e+22	1.11e-18	9.34e-13	3.61e-08	7.66e-06	5.08e-04	6.93e-03	1.66e-02	4.56e-02	3.51e-01	4.28e-01	1.34e-01	1.68e-02	7.57e-04	1.15e-05	0.00e+00	0.00e+00	0.00e+00	0.00e+00	0.00e+00
 4.49711e+22	1.51e-18	1.22e-12	4.55e-08	9.36e-06	5.99e-04	7.91e-03	1.82e-02	4.93e-02	3.62e-01	4.21e-01	1.26e-01	1.51e-02	6.49e-04	9.54e-06	0.00e+00	0.00e+00	0.00e+00	0.00e+00	0.00e+00
 4.62473e+22	2.22e-18	1.71e-12	6.09e-08	1.20e-05	7.35e-04	9.33e-03	2.05e-02	5.43e-02	3.76e-01	4.10e-01	1.15e-01	1.31e-02	5.33e-04	7.51e-06	0.00e+00	0.00e+00	0.00e+00	0.00e+00	0.00e+00
 4.75469e+22	3.29e-18	2.42e-12	8.19e-08	1.55e-05	9.04e-04	1.10e-02	2.31e-02	5.97e-02	3.90e-01	3.98e-01	1.05e-01	1.14e-02	4.34e-04	5.88e-06	0.00e+00	0.00e+00	0.00e+00	0.00e+00	0.00e+00
 4.85862e+22	4.46e-18	3.16e-12	1.03e-07	1.89e-05	1.06e-03	1.25e-02	2.52e-02	6.41e-02	4.00e-01	3.89e-01	9.81e-02	1.01e-02	3.70e-04	4.85e-06	0.00e+00	0.00e+00	0.00e+00	0.00e+00	0.00e+00
 4.96464e+22	6.01e-18	4.10e-12	1.29e-07	2.30e-05	1.24e-03	1.42e-02	2.75e-02	6.86e-02	4.09e-01	3.79e-01	9.12e-02	9.04e-03	3.16e-04	4.01e-06	0.00e+00	0.00e+00	0.00e+00	0.00e+00	0.00e+00
 5.10248e+22	8.73e-18	5.70e-12	1.72e-07	2.93e-05	1.50e-03	1.65e-02	3.06e-02	7.45e-02	4.20e-01	3.65e-01	8.31e-02	7.82e-03	2.58e-04	3.16e-06	0.00e+00	0.00e+00	0.00e+00	0.00e+00	0.00e+00
 5.24954e+22	1.30e-17	8.07e-12	2.32e-07	3.77e-05	1.84e-03	1.94e-02	3.42e-02	8.10e-02	4.31e-01	3.51e-01	7.50e-02	6.68e-03	2.08e-04	2.45e-06	0.00e+00	0.00e+00	0.00e+00	0.00e+00	0.00e+00
 5.37795e+22	1.82e-17	1.09e-11	3.00e-07	4.69e-05	2.19e-03	2.22e-02	3.75e-02	8.70e-02	4.39e-01	3.38e-01	6.84e-02	5.81e-03	1.72e-04	1.96e-06	0.00e+00	0.00e+00	0.00e+00	0.00e+00	0.00e+00
 5.51425e+22	2.56e-17	1.46e-11	3.88e-07	5.83e-05	2.60e-03	2.53e-02	4.10e-02	9.31e-02	4.46e-01	3.24e-01	6.23e-02	5.05e-03	1.42e-04	1.57e-06	0.00e+00	0.00e+00	0.00e+00	0.00e+00	0.00e+00
 5.69144e+22	3.92e-17	2.13e-11	5.37e-07	7.65e-05	3.23e-03	2.99e-02	4.59e-02	1.01e-01	4.54e-01	3.07e-01	5.51e-02	4.21e-03	1.11e-04	1.18e-06	0.00e+00	0.00e+00	0.00e+00	0.00e+00	0.00e+00
 5.87512e+22	6.08e-17	3.13e-11	7.50e-07	1.01e-04	4.02e-03	3.54e-02	5.13e-02	1.10e-01	4.60e-01	2.88e-01	4.83e-02	3.47e-03	8.53e-05	8.74e-07	0.00e+00	0.00e+00	0.00e+00	0.00e+00	0.00e+00
 6.02690e+22	8.65e-17	4.27e-11	9.79e-07	1.26e-04	4.78e-03	4.04e-02	5.60e-02	1.16e-01	4.63e-01	2.73e-01	4.33e-02	2.95e-03	6.90e-05	6.85e-07	0.00e+00	0.00e+00	0.00e+00	0.00e+00	0.00e+00
 6.18387e+22	1.21e-16	5.76e-11	1.27e-06	1.57e-04	5.65e-03	4.59e-02	6.08e-02	1.23e-01	4.64e-01	2.59e-01	3.88e-02	2.52e-03	5.60e-05	5.41e-07	0.00e+00	0.00e+00	0.00e+00	0.00e+00	0.00e+00
 6.38792e+22	1.86e-16	8.37e-11	1.75e-06	2.05e-04	6.96e-03	5.36e-02	6.72e-02	1.32e-01	4.65e-01	2.40e-01	3.37e-02	2.06e-03	4.29e-05	4.01e-07	0.00e+00	0.00e+00	0.00e+00	0.00e+00	0.00e+00
 6.58250e+22	2.81e-16	1.20e-10	2.39e-06	2.65e-04	8.48e-03	6.22e-02	7.37e-02	1.40e-01	4.62e-01	2.22e-01	2.91e-02	1.68e-03	3.29e-05	2.98e-07	0.00e+00	0.00e+00	0.00e+00	0.00e+00	0.00e+00
 6.71969e+22	3.69e-16	1.53e-10	2.95e-06	3.14e-04	9.67e-03	6.85e-02	7.84e-02	1.45e-01	4.60e-01	2.11e-01	2.64e-02	1.46e-03	2.74e-05	2.43e-07	0.00e+00	0.00e+00	0.00e+00	0.00e+00	0.00e+00
 6.85296e+22	4.76e-16	1.91e-10	3.58e-06	3.68e-04	1.09e-02	7.49e-02	8.28e-02	1.50e-01	4.56e-01	2.00e-01	2.40e-02	1.28e-03	2.32e-05	2.02e-07	0.00e+00	0.00e+00	0.00e+00	0.00e+00	0.00e+00
 7.02622e+22	6.56e-16	2.53e-10	4.56e-06	4.49e-04	1.27e-02	8.36e-02	8.84e-02	1.56e-01	4.51e-01	1.86e-01	2.12e-02	1.08e-03	1.87e-05	1.59e-07	0.00e+00	0.00e+00	0.00e+00	0.00e+00	0.00e+00
 7.25144e+22	9.75e-16	3.58e-10	6.17e-06	5.74e-04	1.53e-02	9.55e-02	9.56e-02	1.63e-01	4.42e-01	1.70e-01	1.81e-02	8.72e-04	1.42e-05	0.00e+00	0.00e+00	0.00e+00	0.00e+00	0.00e+00	0.00e+00
 7.48261e+22	1.46e-15	5.10e-10	8.39e-06	7.37e-04	1.84e-02	1.09e-01	1.03e-01	1.69e-01	4.30e-01	1.54e-01	1.53e-02	6.92e-04	1.06e-05	0.00e+00	0.00e+00	0.00e+00	0.00e+00	0.00e+00	0.00e+00
 7.65985e+22	1.98e-15	6.64e-10	1.05e-05	8.85e-04	2.11e-02	1.20e-01	1.09e-01	1.73e-01	4.20e-01	1.42e-01	1.34e-02	5.79e-04	8.51e-06	0.00e+00	0.00e+00	0.00e+00	0.00e+00	0.00e+00	0.00e+00
 7.80615e+22	2.52e-15	8.19e-10	1.26e-05	1.02e-03	2.35e-02	1.30e-01	1.13e-01	1.77e-01	4.11e-01	1.33e-01	1.20e-02	5.02e-04	7.11e-06	0.00e+00	0.00e+00	0.00e+00	0.00e+00	0.00e+00	0.00e+00
 7.97389e+22	3.25e-15	1.03e-09	1.54e-05	1.20e-03	2.64e-02	1.40e-01	1.18e-01	1.79e-01	4.00e-01	1.23e-01	1.07e-02	4.29e-04	5.86e-06	0.00e+00	0.00e+00	0.00e+00	0.00e+00	0.00e+00	0.00e+00
 8.19194e+22	4.48e-15	1.36e-09	1.96e-05	1.46e-03	3.04e-02	1.54e-01	1.24e-01	1.82e-01	3.86e-01	1.12e-01	9.18e-03	3.51e-04	4.58e-06	0.00e+00	0.00e+00	0.00e+00	0.00e+00	0.00e+00	0.00e+00
 8.43037e+22	6.37e-15	1.85e-09	2.55e-05	1.80e-03	3.54e-02	1.71e-01	1.30e-01	1.85e-01	3.69e-01	9.97e-02	7.70e-03	2.79e-04	3.46e-06	0.00e+00	0.00e+00	0.00e+00	0.00e+00	0.00e+00	0.00e+00
 8.64250e+22	8.62e-15	2.40e-09	3.21e-05	2.15e-03	4.03e-02	1.86e-01	1.35e-01	1.86e-01	3.53e-01	9.00e-02	6.59e-03	2.28e-04	2.71e-06	0.00e+00	0.00e+00	0.00e+00	0.00e+00	0.00e+00	0.00e+00
 8.83548e+22	1.12e-14	3.03e-09	3.92e-05	2.52e-03	4.50e-02	2.00e-01	1.40e-01	1.87e-01	3.38e-01	8.19e-02	5.72e-03	1.90e-04	2.17e-06	0.00e+00	0.00e+00	0.00e+00	0.00e+00	0.00e+00	0.00e+00
 9.05635e+22	1.49e-14	3.88e-09	4.86e-05	2.99e-03	5.06e-02	2.15e-01	1.44e-01	1.87e-01	3.22e-01	7.37e-02	4.90e-03	1.56e-04	1.71e-06	0.00e+00	0.00e+00	0.00e+00	0.00e+00	0.00e+00	0.00e+00
 9.34347e+22	2.12e-14	5.27e-09	6.34e-05	3.68e-03	5.84e-02	2.35e-01	1.48e-01	1.86e-01	3.01e-01	6.42e-02	4.01e-03	1.21e-04	1.27e-06	0.00e+00	0.00e+00	0.00e+00	0.00e+00	0.00e+00	0.00e+00
 9.63789e+22	3.04e-14	7.23e-09	8.34e-05	4.55e-03	6.75e-02	2.56e-01	1.52e-01	1.83e-01	2.79e-01	5.53e-02	3.22e-03	9.17e-05	9.16e-07	0.00e+00	0.00e+00	0.00e+00	0.00e+00	0.00e+00	0.00e+00
 9.87262e+22	4.03e-14	9.23e-09	1.03e-04	5.36e-03	7.53e-02	2.72e-01	1.54e-01	1.81e-01	2.61e-01	4.89e-02	2.71e-03	7.36e-05	7.09e-07	0.00e+00	0.00e+00	0.00e+00	0.00e+00	0.00e+00	0.00e+00
 1.01086e+23	5.18e-14	1.15e-08	1.25e-04	6.21e-03	8.30e-02	2.87e-01	1.56e-01	1.77e-01	2.45e-01	4.36e-02	2.31e-03	6.04e-05	5.63e-07	0.00e+00	0.00e+00	0.00e+00	0.00e+00	0.00e+00	0.00e+00
 1.04153e+23	7.19e-14	1.53e-08	1.61e-04	7.52e-03	9.39e-02	3.06e-01	1.56e-01	1.72e-01	2.24e-01	3.74e-02	1.86e-03	4.64e-05	4.14e-07	0.00e+00	0.00e+00	0.00e+00	0.00e+00	0.00e+00	0.00e+00
 1.07364e+23	1.02e-13	2.07e-08	2.09e-04	9.18e-03	1.07e-01	3.26e-01	1.56e-01	1.66e-01	2.03e-01	3.15e-02	1.47e-03	3.47e-05	2.97e-07	0.00e+00	0.00e+00	0.00e+00	0.00e+00	0.00e+00	0.00e+00
 1.10000e+23	1.32e-13	2.61e-08	2.56e-04	1.07e-02	1.17e-01	3.41e-01	1.55e-01	1.61e-01	1.87e-01	2.74e-02	1.22e-03	2.76e-05	2.29e-07	0.00e+00	0.00e+00	0.00e+00	0.00e+00	0.00e+00	0.00e+00
 1.12666e+23	1.73e-13	3.31e-08	3.15e-04	1.25e-02	1.29e-01	3.55e-01	1.53e-01	1.55e-01	1.71e-01	2.38e-02	1.01e-03	2.19e-05	1.76e-07	0.00e+00	0.00e+00	0.00e+00	0.00e+00	0.00e+00	0.00e+00
 1.16133e+23	2.39e-13	4.39e-08	4.04e-04	1.51e-02	1.43e-01	3.70e-01	1.50e-01	1.47e-01	1.53e-01	1.99e-02	7.98e-04	1.66e-05	1.28e-07	0.00e+00	0.00e+00	0.00e+00	0.00e+00	0.00e+00	0.00e+00
 1.19721e+23	3.35e-13	5.91e-08	5.25e-04	1.83e-02	1.60e-01	3.85e-01	1.45e-01	1.38e-01	1.35e-01	1.64e-02	6.17e-04	1.22e-05	0.00e+00	0.00e+00	0.00e+00	0.00e+00	0.00e+00	0.00e+00	0.00e+00
