#depth	C	C+	C+2	C+3	C+4	C+5	C+6	C[1]	C[2]	C[3]	C+[1]	C+[2]	CO
 6.17135e+19	2.57e-30	1.02e-22	7.98e-17	6.60e-12	1.00e-06	2.38e-03	9.98e-01	0.00e+00	0.00e+00	0.00e+00	0.00e+00	0.00e+00	1.53e-81
 1.87609e+20	4.55e-30	1.61e-22	1.11e-16	8.17e-12	1.19e-06	2.64e-03	9.97e-01	0.00e+00	0.00e+00	0.00e+00	0.00e+00	0.00e+00	6.49e-82
 3.09890e+20	7.82e-30	2.47e-22	1.53e-16	1.00e-11	1.41e-06	2.90e-03	9.97e-01	0.00e+00	0.00e+00	0.00e+00	0.00e+00	0.00e+00	2.66e-81
 4.23532e+20	1.28e-29	3.65e-22	2.04e-16	1.21e-11	1.63e-06	3.16e-03	9.97e-01	0.00e+00	0.00e+00	0.00e+00	0.00e+00	0.00e+00	7.61e-80
 4.98912e+20	1.76e-29	4.70e-22	2.47e-16	1.37e-11	1.80e-06	3.35e-03	9.97e-01	0.00e+00	0.00e+00	0.00e+00	0.00e+00	0.00e+00	1.77e-79
 5.30876e+20	2.02e-29	5.25e-22	2.67e-16	1.44e-11	1.88e-06	3.43e-03	9.97e-01	0.00e+00	0.00e+00	0.00e+00	0.00e+00	0.00e+00	2.55e-79
 5.58772e+20	2.27e-29	5.76e-22	2.86e-16	1.51e-11	1.95e-06	3.50e-03	9.96e-01	0.00e+00	0.00e+00	0.00e+00	0.00e+00	0.00e+00	3.46e-79
 5.95037e+20	2.63e-29	6.48e-22	3.13e-16	1.60e-11	2.04e-06	3.59e-03	9.96e-01	0.00e+00	0.00e+00	0.00e+00	0.00e+00	0.00e+00	5.07e-79
 6.42182e+20	3.19e-29	7.56e-22	3.51e-16	1.72e-11	2.17e-06	3.71e-03	9.96e-01	0.00e+00	0.00e+00	0.00e+00	0.00e+00	0.00e+00	8.43e-79
 6.93472e+20	3.94e-29	8.94e-22	3.98e-16	1.87e-11	2.31e-06	3.85e-03	9.96e-01	0.00e+00	0.00e+00	0.00e+00	0.00e+00	0.00e+00	1.46e-78
 7.39308e+20	4.75e-29	1.04e-21	4.45e-16	2.01e-11	2.45e-06	3.97e-03	9.96e-01	0.00e+00	0.00e+00	0.00e+00	0.00e+00	0.00e+00	2.38e-78
 7.81574e+20	5.64e-29	1.19e-21	4.92e-16	2.15e-11	2.59e-06	4.09e-03	9.96e-01	0.00e+00	0.00e+00	0.00e+00	0.00e+00	0.00e+00	3.72e-78
 8.30041e+20	6.86e-29	1.39e-21	5.53e-16	2.32e-11	2.75e-06	4.23e-03	9.96e-01	0.00e+00	0.00e+00	0.00e+00	0.00e+00	0.00e+00	6.17e-78
 8.84272e+20	8.53e-29	1.66e-21	6.30e-16	2.53e-11	2.94e-06	4.39e-03	9.96e-01	0.00e+00	0.00e+00	0.00e+00	0.00e+00	0.00e+00	1.09e-77
 9.30862e+20	1.03e-28	1.92e-21	7.05e-16	2.72e-11	3.12e-06	4.53e-03	9.95e-01	0.00e+00	0.00e+00	0.00e+00	0.00e+00	0.00e+00	1.76e-77
 9.68174e+20	1.19e-28	2.16e-21	7.70e-16	2.89e-11	3.26e-06	4.64e-03	9.95e-01	0.00e+00	0.00e+00	0.00e+00	0.00e+00	0.00e+00	2.58e-77
 1.00856e+21	1.40e-28	2.47e-21	8.49e-16	3.08e-11	3.43e-06	4.77e-03	9.95e-01	0.00e+00	0.00e+00	0.00e+00	0.00e+00	0.00e+00	3.91e-77
 1.06105e+21	1.73e-28	2.91e-21	9.61e-16	3.34e-11	3.66e-06	4.94e-03	9.95e-01	0.00e+00	0.00e+00	0.00e+00	0.00e+00	0.00e+00	6.66e-77
 1.11524e+21	2.14e-28	3.46e-21	1.09e-15	3.64e-11	3.91e-06	5.12e-03	9.95e-01	0.00e+00	0.00e+00	0.00e+00	0.00e+00	0.00e+00	1.16e-76
 1.15960e+21	2.55e-28	3.98e-21	1.22e-15	3.90e-11	4.13e-06	5.27e-03	9.95e-01	0.00e+00	0.00e+00	0.00e+00	0.00e+00	0.00e+00	1.81e-76
 1.20522e+21	3.05e-28	4.60e-21	1.36e-15	4.20e-11	4.36e-06	5.43e-03	9.95e-01	0.00e+00	0.00e+00	0.00e+00	0.00e+00	0.00e+00	2.86e-76
 1.26453e+21	3.85e-28	5.54e-21	1.56e-15	4.61e-11	4.69e-06	5.64e-03	9.94e-01	0.00e+00	0.00e+00	0.00e+00	0.00e+00	0.00e+00	5.17e-76
 1.32110e+21	4.82e-28	6.63e-21	1.79e-15	5.05e-11	5.03e-06	5.85e-03	9.94e-01	0.00e+00	0.00e+00	0.00e+00	0.00e+00	0.00e+00	9.12e-76
 1.36118e+21	5.65e-28	7.54e-21	1.97e-15	5.38e-11	5.28e-06	6.01e-03	9.94e-01	0.00e+00	0.00e+00	0.00e+00	0.00e+00	0.00e+00	1.36e-75
 1.40035e+21	6.59e-28	8.53e-21	2.16e-15	5.73e-11	5.54e-06	6.16e-03	9.94e-01	0.00e+00	0.00e+00	0.00e+00	0.00e+00	0.00e+00	2.01e-75
 1.45127e+21	8.05e-28	1.00e-20	2.44e-15	6.22e-11	5.89e-06	6.36e-03	9.94e-01	0.00e+00	0.00e+00	0.00e+00	0.00e+00	0.00e+00	3.32e-75
 1.50552e+21	9.97e-28	1.19e-20	2.78e-15	6.79e-11	6.29e-06	6.58e-03	9.93e-01	0.00e+00	0.00e+00	0.00e+00	0.00e+00	0.00e+00	5.68e-75
 1.55228e+21	1.20e-27	1.38e-20	3.12e-15	7.33e-11	6.66e-06	6.78e-03	9.93e-01	0.00e+00	0.00e+00	0.00e+00	0.00e+00	0.00e+00	9.01e-75
 1.60125e+21	1.46e-27	1.62e-20	3.51e-15	7.94e-11	7.06e-06	6.99e-03	9.93e-01	0.00e+00	0.00e+00	0.00e+00	0.00e+00	0.00e+00	1.46e-74
 1.65576e+21	1.81e-27	1.93e-20	4.01e-15	8.69e-11	7.55e-06	7.23e-03	9.93e-01	0.00e+00	0.00e+00	0.00e+00	0.00e+00	0.00e+00	2.50e-74
 1.70605e+21	2.21e-27	2.26e-20	4.53e-15	9.44e-11	8.02e-06	7.46e-03	9.93e-01	0.00e+00	0.00e+00	0.00e+00	0.00e+00	0.00e+00	4.10e-74
 1.75038e+21	2.64e-27	2.61e-20	5.06e-15	1.02e-10	8.47e-06	7.67e-03	9.92e-01	0.00e+00	0.00e+00	0.00e+00	0.00e+00	0.00e+00	6.34e-74
 1.79842e+21	3.20e-27	3.05e-20	5.69e-15	1.10e-10	8.98e-06	7.91e-03	9.92e-01	0.00e+00	0.00e+00	0.00e+00	0.00e+00	0.00e+00	1.02e-73
 1.85227e+21	3.97e-27	3.64e-20	6.51e-15	1.21e-10	9.58e-06	8.17e-03	9.92e-01	0.00e+00	0.00e+00	0.00e+00	0.00e+00	0.00e+00	1.72e-73
 1.90140e+21	4.84e-27	4.27e-20	7.36e-15	1.31e-10	1.02e-05	8.43e-03	9.92e-01	0.00e+00	0.00e+00	0.00e+00	0.00e+00	0.00e+00	2.80e-73
 1.94502e+21	5.77e-27	4.93e-20	8.21e-15	1.41e-10	1.07e-05	8.66e-03	9.91e-01	0.00e+00	0.00e+00	0.00e+00	0.00e+00	0.00e+00	4.30e-73
 1.99375e+21	7.03e-27	5.78e-20	9.29e-15	1.54e-10	1.14e-05	8.92e-03	9.91e-01	0.00e+00	0.00e+00	0.00e+00	0.00e+00	0.00e+00	6.93e-73
 2.04850e+21	8.79e-27	6.93e-20	1.07e-14	1.69e-10	1.22e-05	9.23e-03	9.91e-01	0.00e+00	0.00e+00	0.00e+00	0.00e+00	0.00e+00	1.19e-72
 2.09978e+21	1.08e-26	8.22e-20	1.22e-14	1.85e-10	1.30e-05	9.53e-03	9.90e-01	0.00e+00	0.00e+00	0.00e+00	0.00e+00	0.00e+00	1.97e-72
 2.14665e+21	1.31e-26	9.62e-20	1.37e-14	2.01e-10	1.37e-05	9.81e-03	9.90e-01	0.00e+00	0.00e+00	0.00e+00	0.00e+00	0.00e+00	3.12e-72
 2.19910e+21	1.63e-26	1.15e-19	1.57e-14	2.21e-10	1.47e-05	1.01e-02	9.90e-01	0.00e+00	0.00e+00	0.00e+00	0.00e+00	0.00e+00	5.22e-72
 2.25697e+21	2.07e-26	1.39e-19	1.83e-14	2.45e-10	1.57e-05	1.05e-02	9.89e-01	0.00e+00	0.00e+00	0.00e+00	0.00e+00	0.00e+00	9.23e-72
 2.30964e+21	2.57e-26	1.66e-19	2.09e-14	2.69e-10	1.68e-05	1.08e-02	9.89e-01	0.00e+00	0.00e+00	0.00e+00	0.00e+00	0.00e+00	1.55e-71
 2.35795e+21	3.14e-26	1.96e-19	2.38e-14	2.94e-10	1.78e-05	1.12e-02	9.89e-01	0.00e+00	0.00e+00	0.00e+00	0.00e+00	0.00e+00	2.49e-71
 2.41284e+21	3.94e-26	2.36e-19	2.74e-14	3.25e-10	1.91e-05	1.15e-02	9.88e-01	0.00e+00	0.00e+00	0.00e+00	0.00e+00	0.00e+00	4.25e-71
 2.47395e+21	5.08e-26	2.90e-19	3.22e-14	3.63e-10	2.05e-05	1.20e-02	9.88e-01	0.00e+00	0.00e+00	0.00e+00	0.00e+00	0.00e+00	7.72e-71
 2.53042e+21	6.42e-26	3.51e-19	3.74e-14	4.02e-10	2.20e-05	1.24e-02	9.88e-01	0.00e+00	0.00e+00	0.00e+00	0.00e+00	0.00e+00	1.34e-70
 2.58208e+21	7.94e-26	4.18e-19	4.28e-14	4.42e-10	2.35e-05	1.28e-02	9.87e-01	0.00e+00	0.00e+00	0.00e+00	0.00e+00	0.00e+00	2.20e-70
 2.64021e+21	1.01e-25	5.09e-19	4.98e-14	4.92e-10	2.52e-05	1.32e-02	9.87e-01	0.00e+00	0.00e+00	0.00e+00	0.00e+00	0.00e+00	3.84e-70
 2.70579e+21	1.32e-25	6.34e-19	5.91e-14	5.54e-10	2.72e-05	1.38e-02	9.86e-01	0.00e+00	0.00e+00	0.00e+00	0.00e+00	0.00e+00	7.16e-70
 2.76784e+21	1.70e-25	7.80e-19	6.95e-14	6.20e-10	2.93e-05	1.43e-02	9.86e-01	0.00e+00	0.00e+00	0.00e+00	0.00e+00	0.00e+00	1.29e-69
 2.82265e+21	2.12e-25	9.36e-19	8.01e-14	6.85e-10	3.13e-05	1.48e-02	9.85e-01	0.00e+00	0.00e+00	0.00e+00	0.00e+00	0.00e+00	2.15e-69
 2.87355e+21	2.59e-25	1.11e-18	9.13e-14	7.50e-10	3.33e-05	1.52e-02	9.85e-01	0.00e+00	0.00e+00	0.00e+00	0.00e+00	0.00e+00	3.43e-69
 2.93200e+21	3.27e-25	1.34e-18	1.06e-13	8.33e-10	3.56e-05	1.57e-02	9.84e-01	0.00e+00	0.00e+00	0.00e+00	0.00e+00	0.00e+00	5.85e-69
 2.99719e+21	4.21e-25	1.65e-18	1.25e-13	9.34e-10	3.84e-05	1.63e-02	9.84e-01	0.00e+00	0.00e+00	0.00e+00	0.00e+00	0.00e+00	1.05e-68
 3.05776e+21	5.32e-25	2.00e-18	1.45e-13	1.04e-09	4.12e-05	1.69e-02	9.83e-01	0.00e+00	0.00e+00	0.00e+00	0.00e+00	0.00e+00	1.80e-68
 3.11417e+21	6.59e-25	2.38e-18	1.67e-13	1.14e-09	4.39e-05	1.74e-02	9.83e-01	0.00e+00	0.00e+00	0.00e+00	0.00e+00	0.00e+00	2.94e-68
 3.17854e+21	8.37e-25	2.91e-18	1.95e-13	1.28e-09	4.71e-05	1.80e-02	9.82e-01	0.00e+00	0.00e+00	0.00e+00	0.00e+00	0.00e+00	5.08e-68
 3.25049e+21	1.09e-24	3.61e-18	2.31e-13	1.44e-09	5.10e-05	1.88e-02	9.81e-01	0.00e+00	0.00e+00	0.00e+00	0.00e+00	0.00e+00	9.29e-68
 3.31775e+21	1.39e-24	4.41e-18	2.70e-13	1.61e-09	5.48e-05	1.94e-02	9.81e-01	0.00e+00	0.00e+00	0.00e+00	0.00e+00	0.00e+00	1.61e-67
 3.38094e+21	1.73e-24	5.30e-18	3.12e-13	1.78e-09	5.86e-05	2.01e-02	9.80e-01	0.00e+00	0.00e+00	0.00e+00	0.00e+00	0.00e+00	2.68e-67
 3.45336e+21	2.22e-24	6.51e-18	3.67e-13	2.00e-09	6.32e-05	2.08e-02	9.79e-01	0.00e+00	0.00e+00	0.00e+00	0.00e+00	0.00e+00	4.73e-67
 3.53427e+21	2.91e-24	8.16e-18	4.39e-13	2.27e-09	6.86e-05	2.17e-02	9.78e-01	0.00e+00	0.00e+00	0.00e+00	0.00e+00	0.00e+00	8.78e-67
 3.60991e+21	3.73e-24	1.00e-17	5.16e-13	2.55e-09	7.40e-05	2.25e-02	9.77e-01	0.00e+00	0.00e+00	0.00e+00	0.00e+00	0.00e+00	1.55e-66
 3.68099e+21	4.68e-24	1.21e-17	5.99e-13	2.84e-09	7.93e-05	2.33e-02	9.77e-01	0.00e+00	0.00e+00	0.00e+00	0.00e+00	0.00e+00	2.59e-66
 3.76247e+21	6.03e-24	1.50e-17	7.08e-13	3.19e-09	8.57e-05	2.42e-02	9.76e-01	0.00e+00	0.00e+00	0.00e+00	0.00e+00	0.00e+00	4.62e-66
 3.84933e+21	7.85e-24	1.86e-17	8.43e-13	3.62e-09	9.29e-05	2.52e-02	9.75e-01	0.00e+00	0.00e+00	0.00e+00	0.00e+00	0.00e+00	8.44e-66
 3.92273e+21	9.76e-24	2.24e-17	9.74e-13	4.01e-09	9.94e-05	2.60e-02	9.74e-01	0.00e+00	0.00e+00	0.00e+00	0.00e+00	0.00e+00	1.39e-65
 3.98770e+21	1.18e-23	2.62e-17	1.10e-12	4.39e-09	1.05e-04	2.68e-02	9.73e-01	0.00e+00	0.00e+00	0.00e+00	0.00e+00	0.00e+00	2.13e-65
 4.06214e+21	1.46e-23	3.12e-17	1.27e-12	4.85e-09	1.12e-04	2.76e-02	9.72e-01	0.00e+00	0.00e+00	0.00e+00	0.00e+00	0.00e+00	3.44e-65
 4.15892e+21	1.90e-23	3.90e-17	1.52e-12	5.51e-09	1.22e-04	2.88e-02	9.71e-01	0.00e+00	0.00e+00	0.00e+00	0.00e+00	0.00e+00	6.32e-65
 4.25764e+21	2.48e-23	4.88e-17	1.81e-12	6.26e-09	1.33e-04	3.00e-02	9.70e-01	0.00e+00	0.00e+00	0.00e+00	4.87e-17	1.18e-19	1.16e-64
 4.33752e+21	3.06e-23	5.82e-17	2.09e-12	6.93e-09	1.42e-04	3.09e-02	9.69e-01	0.00e+00	0.00e+00	0.00e+00	5.81e-17	1.41e-19	1.86e-64
 4.42001e+21	3.77e-23	6.95e-17	2.40e-12	7.67e-09	1.52e-04	3.20e-02	9.68e-01	0.00e+00	0.00e+00	0.00e+00	6.93e-17	1.69e-19	3.01e-64
 4.52724e+21	4.92e-23	8.70e-17	2.87e-12	8.73e-09	1.65e-04	3.33e-02	9.67e-01	0.00e+00	0.00e+00	0.00e+00	8.68e-17	2.11e-19	5.53e-64
 4.63817e+21	6.44e-23	1.09e-16	3.44e-12	9.95e-09	1.80e-04	3.47e-02	9.65e-01	0.00e+00	0.00e+00	0.00e+00	1.09e-16	2.65e-19	1.02e-63
 4.72434e+21	7.94e-23	1.30e-16	3.97e-12	1.10e-08	1.92e-04	3.59e-02	9.64e-01	0.00e+00	0.00e+00	0.00e+00	1.30e-16	3.17e-19	1.64e-63
 4.79445e+21	9.28e-23	1.49e-16	4.42e-12	1.19e-08	2.02e-04	3.68e-02	9.63e-01	0.00e+00	0.00e+00	0.00e+00	1.48e-16	3.62e-19	2.34e-63
 4.87329e+21	1.10e-22	1.73e-16	4.97e-12	1.30e-08	2.14e-04	3.78e-02	9.62e-01	0.00e+00	0.00e+00	0.00e+00	1.72e-16	4.20e-19	3.50e-63
 4.97579e+21	1.38e-22	2.09e-16	5.80e-12	1.45e-08	2.30e-04	3.91e-02	9.61e-01	0.00e+00	0.00e+00	0.00e+00	2.08e-16	5.09e-19	5.85e-63
 5.08519e+21	1.75e-22	2.55e-16	6.81e-12	1.63e-08	2.48e-04	4.06e-02	9.59e-01	0.00e+00	0.00e+00	0.00e+00	2.55e-16	6.22e-19	9.99e-63
 5.18070e+21	2.13e-22	3.03e-16	7.80e-12	1.80e-08	2.64e-04	4.19e-02	9.58e-01	0.00e+00	0.00e+00	0.00e+00	3.02e-16	7.37e-19	1.57e-62
 5.28198e+21	2.61e-22	3.61e-16	8.98e-12	2.00e-08	2.83e-04	4.33e-02	9.56e-01	0.00e+00	0.00e+00	0.00e+00	3.60e-16	8.79e-19	2.52e-62
 5.41366e+21	3.38e-22	4.50e-16	1.07e-11	2.27e-08	3.08e-04	4.51e-02	9.55e-01	0.00e+00	0.00e+00	0.00e+00	4.49e-16	1.10e-18	4.55e-62
 5.54685e+21	4.35e-22	5.61e-16	1.28e-11	2.59e-08	3.35e-04	4.70e-02	9.53e-01	0.00e+00	0.00e+00	0.00e+00	5.59e-16	1.37e-18	8.17e-62
 5.65313e+21	5.28e-22	6.65e-16	1.47e-11	2.86e-08	3.57e-04	4.85e-02	9.51e-01	0.00e+00	0.00e+00	0.00e+00	6.63e-16	1.62e-18	1.28e-61
 5.76242e+21	6.42e-22	7.88e-16	1.69e-11	3.16e-08	3.82e-04	5.01e-02	9.50e-01	0.00e+00	0.00e+00	0.00e+00	7.86e-16	1.92e-18	2.02e-61
 5.88402e+21	7.93e-22	9.49e-16	1.96e-11	3.53e-08	4.10e-04	5.18e-02	9.48e-01	0.00e+00	0.00e+00	0.00e+00	9.46e-16	2.32e-18	3.30e-61
 5.99736e+21	9.60e-22	1.12e-15	2.24e-11	3.90e-08	4.37e-04	5.35e-02	9.46e-01	0.00e+00	0.00e+00	0.00e+00	1.12e-15	2.75e-18	5.16e-61
 6.12043e+21	1.17e-21	1.34e-15	2.59e-11	4.33e-08	4.69e-04	5.53e-02	9.44e-01	0.00e+00	0.00e+00	0.00e+00	1.34e-15	3.28e-18	8.27e-61
 6.25701e+21	1.46e-21	1.63e-15	3.03e-11	4.86e-08	5.05e-04	5.73e-02	9.42e-01	0.00e+00	0.00e+00	0.00e+00	1.63e-15	3.98e-18	1.38e-60
 6.38413e+21	1.77e-21	1.94e-15	3.49e-11	5.39e-08	5.41e-04	5.92e-02	9.40e-01	0.00e+00	0.00e+00	0.00e+00	1.94e-15	4.75e-18	2.19e-60
 6.52240e+21	2.18e-21	2.34e-15	4.05e-11	6.02e-08	5.81e-04	6.13e-02	9.38e-01	0.00e+00	0.00e+00	0.00e+00	2.34e-15	5.72e-18	3.56e-60
 6.67698e+21	2.72e-21	2.87e-15	4.78e-11	6.80e-08	6.29e-04	6.37e-02	9.36e-01	0.00e+00	0.00e+00	0.00e+00	2.86e-15	7.01e-18	6.06e-60
 6.82292e+21	3.32e-21	3.46e-15	5.56e-11	7.60e-08	6.76e-04	6.60e-02	9.33e-01	0.00e+00	0.00e+00	0.00e+00	3.45e-15	8.45e-18	9.86e-60
 6.98279e+21	4.12e-21	4.22e-15	6.53e-11	8.55e-08	7.30e-04	6.85e-02	9.31e-01	0.00e+00	0.00e+00	0.00e+00	4.21e-15	1.03e-17	1.66e-59
 7.16195e+21	5.19e-21	5.25e-15	7.78e-11	9.74e-08	7.95e-04	7.13e-02	9.28e-01	0.00e+00	0.00e+00	0.00e+00	5.23e-15	1.28e-17	2.91e-59
 7.32099e+21	6.32e-21	6.34e-15	9.07e-11	1.09e-07	8.55e-04	7.38e-02	9.25e-01	0.00e+00	0.00e+00	0.00e+00	6.32e-15	1.55e-17	4.72e-59
 7.45756e+21	7.44e-21	7.42e-15	1.03e-10	1.20e-07	9.09e-04	7.60e-02	9.23e-01	0.00e+00	0.00e+00	0.00e+00	7.40e-15	1.81e-17	7.08e-59
 7.61012e+21	8.92e-21	8.84e-15	1.19e-10	1.33e-07	9.73e-04	7.86e-02	9.20e-01	0.00e+00	0.00e+00	0.00e+00	8.82e-15	2.16e-17	1.11e-58
 7.80845e+21	1.11e-20	1.09e-14	1.41e-10	1.51e-07	1.06e-03	8.17e-02	9.17e-01	0.00e+00	0.00e+00	0.00e+00	1.09e-14	2.67e-17	1.91e-58
 8.01751e+21	1.39e-20	1.38e-14	1.70e-10	1.73e-07	1.16e-03	8.53e-02	9.14e-01	0.00e+00	0.00e+00	0.00e+00	1.38e-14	3.37e-17	3.42e-58
 8.18804e+21	1.66e-20	1.65e-14	1.97e-10	1.93e-07	1.24e-03	8.82e-02	9.11e-01	0.00e+00	0.00e+00	0.00e+00	1.65e-14	4.03e-17	5.38e-58
 8.33456e+21	1.92e-20	1.93e-14	2.23e-10	2.12e-07	1.32e-03	9.07e-02	9.08e-01	0.00e+00	0.00e+00	0.00e+00	1.92e-14	4.69e-17	7.85e-58
 8.50237e+21	2.27e-20	2.28e-14	2.56e-10	2.35e-07	1.41e-03	9.36e-02	9.05e-01	0.00e+00	0.00e+00	0.00e+00	2.28e-14	5.56e-17	1.20e-57
 8.72053e+21	2.77e-20	2.83e-14	3.04e-10	2.66e-07	1.53e-03	9.73e-02	9.01e-01	0.00e+00	0.00e+00	0.00e+00	2.82e-14	6.88e-17	2.04e-57
 8.94707e+21	3.41e-20	3.54e-14	3.65e-10	3.05e-07	1.67e-03	1.01e-01	8.97e-01	0.00e+00	0.00e+00	0.00e+00	3.54e-14	8.62e-17	3.54e-57
 9.13405e+21	4.00e-20	4.24e-14	4.22e-10	3.40e-07	1.79e-03	1.05e-01	8.93e-01	0.00e+00	0.00e+00	0.00e+00	4.23e-14	1.03e-16	5.45e-57
 9.32669e+21	4.71e-20	5.08e-14	4.89e-10	3.79e-07	1.92e-03	1.08e-01	8.90e-01	0.00e+00	0.00e+00	0.00e+00	5.07e-14	1.24e-16	8.46e-57
 9.57711e+21	5.74e-20	6.36e-14	5.86e-10	4.34e-07	2.10e-03	1.13e-01	8.85e-01	0.00e+00	0.00e+00	0.00e+00	6.34e-14	1.54e-16	1.46e-56
 9.83554e+21	7.01e-20	8.08e-14	7.11e-10	5.01e-07	2.30e-03	1.18e-01	8.80e-01	0.00e+00	0.00e+00	0.00e+00	8.06e-14	1.96e-16	2.55e-56
 1.00468e+22	8.17e-20	9.75e-14	8.29e-10	5.60e-07	2.48e-03	1.22e-01	8.76e-01	0.00e+00	0.00e+00	0.00e+00	9.72e-14	2.36e-16	3.96e-56
 1.02640e+22	9.57e-20	1.18e-13	9.65e-10	6.28e-07	2.67e-03	1.26e-01	8.71e-01	0.00e+00	0.00e+00	0.00e+00	1.17e-13	2.85e-16	6.16e-56
 1.04981e+22	1.12e-19	1.44e-13	1.13e-09	7.08e-07	2.88e-03	1.31e-01	8.66e-01	0.00e+00	0.00e+00	0.00e+00	1.43e-13	3.48e-16	9.73e-56
 1.07053e+22	1.28e-19	1.71e-13	1.31e-09	7.86e-07	3.09e-03	1.35e-01	8.62e-01	0.00e+00	0.00e+00	0.00e+00	1.71e-13	4.14e-16	1.45e-55
 1.08964e+22	1.44e-19	2.00e-13	1.49e-09	8.64e-07	3.28e-03	1.39e-01	8.58e-01	0.00e+00	0.00e+00	0.00e+00	2.00e-13	4.84e-16	2.08e-55
 1.11157e+22	1.66e-19	2.39e-13	1.72e-09	9.63e-07	3.52e-03	1.43e-01	8.53e-01	0.00e+00	0.00e+00	0.00e+00	2.39e-13	5.79e-16	3.13e-55
 1.13632e+22	1.92e-19	2.92e-13	2.02e-09	1.09e-06	3.80e-03	1.48e-01	8.48e-01	0.00e+00	0.00e+00	0.00e+00	2.91e-13	7.05e-16	4.89e-55
 1.15983e+22	2.19e-19	3.52e-13	2.35e-09	1.22e-06	4.09e-03	1.53e-01	8.43e-01	0.00e+00	0.00e+00	0.00e+00	3.51e-13	8.49e-16	7.40e-55
 1.18200e+22	2.48e-19	4.18e-13	2.71e-09	1.35e-06	4.37e-03	1.58e-01	8.38e-01	0.00e+00	0.00e+00	0.00e+00	4.17e-13	1.01e-15	1.09e-54
 1.20732e+22	2.84e-19	5.04e-13	3.16e-09	1.51e-06	4.70e-03	1.63e-01	8.32e-01	0.00e+00	0.00e+00	0.00e+00	5.03e-13	1.22e-15	1.66e-54
 1.23577e+22	3.30e-19	6.27e-13	3.78e-09	1.73e-06	5.12e-03	1.70e-01	8.25e-01	0.00e+00	0.00e+00	0.00e+00	6.26e-13	1.51e-15	2.68e-54
 1.26223e+22	3.74e-19	7.64e-13	4.44e-09	1.95e-06	5.52e-03	1.76e-01	8.19e-01	0.00e+00	0.00e+00	0.00e+00	7.62e-13	1.84e-15	4.09e-54
 1.28672e+22	4.21e-19	9.13e-13	5.14e-09	2.17e-06	5.92e-03	1.81e-01	8.13e-01	0.00e+00	0.00e+00	0.00e+00	9.11e-13	2.20e-15	6.03e-54
 1.31475e+22	4.82e-19	1.12e-12	6.05e-09	2.45e-06	6.40e-03	1.87e-01	8.06e-01	0.00e+00	0.00e+00	0.00e+00	1.11e-12	2.68e-15	9.34e-54
 1.35118e+22	5.69e-19	1.44e-12	7.45e-09	2.86e-06	7.07e-03	1.96e-01	7.97e-01	0.00e+00	0.00e+00	0.00e+00	1.43e-12	3.45e-15	1.62e-53
 1.38795e+22	6.62e-19	1.86e-12	9.21e-09	3.35e-06	7.81e-03	2.04e-01	7.88e-01	0.00e+00	0.00e+00	0.00e+00	1.85e-12	4.45e-15	2.79e-53
 1.41687e+22	7.41e-19	2.27e-12	1.09e-08	3.79e-06	8.44e-03	2.11e-01	7.80e-01	0.00e+00	0.00e+00	0.00e+00	2.26e-12	5.44e-15	4.24e-53
 1.44621e+22	8.30e-19	2.74e-12	1.27e-08	4.26e-06	9.10e-03	2.18e-01	7.73e-01	0.00e+00	0.00e+00	0.00e+00	2.74e-12	6.58e-15	6.40e-53
 1.48435e+22	9.59e-19	3.51e-12	1.56e-08	4.97e-06	1.00e-02	2.27e-01	7.62e-01	0.00e+00	0.00e+00	0.00e+00	3.50e-12	8.43e-15	1.08e-52
 1.52408e+22	1.09e-18	4.53e-12	1.93e-08	5.82e-06	1.11e-02	2.37e-01	7.52e-01	0.00e+00	0.00e+00	0.00e+00	4.52e-12	1.09e-14	1.85e-52
 1.55727e+22	1.21e-18	5.57e-12	2.29e-08	6.63e-06	1.20e-02	2.45e-01	7.42e-01	0.00e+00	0.00e+00	0.00e+00	5.56e-12	1.34e-14	2.87e-52
 1.58603e+22	1.33e-18	6.65e-12	2.66e-08	7.40e-06	1.29e-02	2.53e-01	7.34e-01	0.00e+00	0.00e+00	0.00e+00	6.63e-12	1.60e-14	4.16e-52
 1.61760e+22	1.47e-18	8.03e-12	3.11e-08	8.33e-06	1.39e-02	2.61e-01	7.26e-01	0.00e+00	0.00e+00	0.00e+00	8.01e-12	1.93e-14	6.22e-52
 1.65865e+22	1.66e-18	1.02e-11	3.81e-08	9.69e-06	1.52e-02	2.71e-01	7.14e-01	0.00e+00	0.00e+00	0.00e+00	1.02e-11	2.45e-14	1.04e-51
 1.70059e+22	1.85e-18	1.30e-11	4.66e-08	1.13e-05	1.68e-02	2.81e-01	7.02e-01	0.00e+00	0.00e+00	0.00e+00	1.29e-11	3.13e-14	1.73e-51
 1.73455e+22	2.01e-18	1.57e-11	5.49e-08	1.28e-05	1.81e-02	2.90e-01	6.92e-01	0.00e+00	0.00e+00	0.00e+00	1.57e-11	3.79e-14	2.59e-51
 1.76958e+22	2.20e-18	1.90e-11	6.43e-08	1.44e-05	1.95e-02	2.99e-01	6.82e-01	0.00e+00	0.00e+00	0.00e+00	1.89e-11	4.58e-14	3.88e-51
 1.81512e+22	2.47e-18	2.41e-11	7.89e-08	1.68e-05	2.14e-02	3.10e-01	6.68e-01	0.00e+00	0.00e+00	0.00e+00	2.41e-11	5.83e-14	6.51e-51
 1.86121e+22	2.71e-18	3.06e-11	9.67e-08	1.96e-05	2.36e-02	3.22e-01	6.55e-01	0.00e+00	0.00e+00	0.00e+00	3.05e-11	7.41e-14	1.08e-50
 1.89784e+22	2.92e-18	3.69e-11	1.13e-07	2.21e-05	2.54e-02	3.31e-01	6.44e-01	0.00e+00	0.00e+00	0.00e+00	3.68e-11	8.93e-14	1.61e-50
 1.93527e+22	3.16e-18	4.41e-11	1.32e-07	2.49e-05	2.73e-02	3.40e-01	6.33e-01	0.00e+00	0.00e+00	0.00e+00	4.40e-11	1.07e-13	2.38e-50
 1.98392e+22	3.51e-18	5.54e-11	1.61e-07	2.89e-05	2.99e-02	3.51e-01	6.19e-01	0.00e+00	0.00e+00	0.00e+00	5.52e-11	1.34e-13	3.90e-50
 2.03455e+22	3.84e-18	6.97e-11	1.96e-07	3.36e-05	3.28e-02	3.63e-01	6.04e-01	0.00e+00	0.00e+00	0.00e+00	6.96e-11	1.70e-13	6.45e-50
 2.07687e+22	4.12e-18	8.41e-11	2.31e-07	3.81e-05	3.53e-02	3.73e-01	5.91e-01	0.00e+00	0.00e+00	0.00e+00	8.39e-11	2.05e-13	9.68e-50
 2.12099e+22	4.49e-18	1.01e-10	2.72e-07	4.31e-05	3.81e-02	3.83e-01	5.79e-01	0.00e+00	0.00e+00	0.00e+00	1.01e-10	2.47e-13	1.46e-49
 2.17836e+22	5.00e-18	1.28e-10	3.34e-07	5.05e-05	4.19e-02	3.96e-01	5.63e-01	0.00e+00	0.00e+00	0.00e+00	1.28e-10	3.12e-13	2.43e-49
 2.23748e+22	5.48e-18	1.62e-10	4.10e-07	5.91e-05	4.60e-02	4.08e-01	5.46e-01	0.00e+00	0.00e+00	0.00e+00	1.62e-10	3.96e-13	4.05e-49
 2.28619e+22	5.92e-18	1.95e-10	4.82e-07	6.70e-05	4.96e-02	4.18e-01	5.32e-01	0.00e+00	0.00e+00	0.00e+00	1.95e-10	4.77e-13	6.09e-49
 2.33681e+22	6.48e-18	2.35e-10	5.67e-07	7.60e-05	5.34e-02	4.28e-01	5.18e-01	0.00e+00	0.00e+00	0.00e+00	2.34e-10	5.74e-13	9.12e-49
 2.38980e+22	7.04e-18	2.83e-10	6.70e-07	8.64e-05	5.76e-02	4.38e-01	5.04e-01	0.00e+00	0.00e+00	0.00e+00	2.83e-10	6.94e-13	1.38e-48
 2.43449e+22	7.54e-18	3.30e-10	7.68e-07	9.60e-05	6.13e-02	4.46e-01	4.92e-01	0.00e+00	0.00e+00	0.00e+00	3.30e-10	8.11e-13	1.94e-48
 2.48118e+22	8.18e-18	3.85e-10	8.80e-07	1.07e-04	6.52e-02	4.54e-01	4.80e-01	0.00e+00	0.00e+00	0.00e+00	3.84e-10	9.47e-13	2.72e-48
 2.54189e+22	9.09e-18	4.67e-10	1.04e-06	1.22e-04	7.05e-02	4.65e-01	4.65e-01	0.00e+00	0.00e+00	0.00e+00	4.66e-10	1.15e-12	4.18e-48
 2.60446e+22	9.99e-18	5.67e-10	1.24e-06	1.39e-04	7.62e-02	4.74e-01	4.49e-01	0.00e+00	0.00e+00	0.00e+00	5.66e-10	1.40e-12	6.43e-48
 2.65528e+22	1.08e-17	6.61e-10	1.42e-06	1.55e-04	8.11e-02	4.82e-01	4.37e-01	0.00e+00	0.00e+00	0.00e+00	6.60e-10	1.63e-12	8.98e-48
 2.70717e+22	1.18e-17	7.66e-10	1.62e-06	1.72e-04	8.59e-02	4.89e-01	4.25e-01	0.00e+00	0.00e+00	0.00e+00	7.64e-10	1.89e-12	1.26e-47
 2.77463e+22	1.32e-17	9.23e-10	1.92e-06	1.95e-04	9.25e-02	4.98e-01	4.09e-01	0.00e+00	0.00e+00	0.00e+00	9.20e-10	2.28e-12	1.91e-47
 2.84419e+22	1.46e-17	1.11e-09	2.26e-06	2.23e-04	9.96e-02	5.07e-01	3.94e-01	0.00e+00	0.00e+00	0.00e+00	1.11e-09	2.75e-12	2.90e-47
 2.90127e+22	1.58e-17	1.29e-09	2.59e-06	2.47e-04	1.06e-01	5.13e-01	3.81e-01	0.00e+00	0.00e+00	0.00e+00	1.29e-09	3.19e-12	4.04e-47
 2.96023e+22	1.74e-17	1.49e-09	2.95e-06	2.73e-04	1.12e-01	5.19e-01	3.69e-01	0.00e+00	0.00e+00	0.00e+00	1.49e-09	3.69e-12	5.65e-47
 3.03689e+22	1.96e-17	1.79e-09	3.47e-06	3.11e-04	1.20e-01	5.26e-01	3.53e-01	0.00e+00	0.00e+00	0.00e+00	1.79e-09	4.43e-12	8.56e-47
 3.11625e+22	2.18e-17	2.15e-09	4.10e-06	3.54e-04	1.29e-01	5.33e-01	3.38e-01	0.00e+00	0.00e+00	0.00e+00	2.14e-09	5.32e-12	1.31e-46
 3.18201e+22	2.38e-17	2.49e-09	4.69e-06	3.93e-04	1.37e-01	5.38e-01	3.25e-01	0.00e+00	0.00e+00	0.00e+00	2.48e-09	6.17e-12	1.82e-46
 3.25037e+22	2.63e-17	2.88e-09	5.33e-06	4.34e-04	1.44e-01	5.42e-01	3.13e-01	0.00e+00	0.00e+00	0.00e+00	2.87e-09	7.13e-12	2.56e-46
 3.33923e+22	2.99e-17	3.45e-09	6.28e-06	4.94e-04	1.55e-01	5.47e-01	2.98e-01	0.00e+00	0.00e+00	0.00e+00	3.44e-09	8.54e-12	3.90e-46
 3.43177e+22	3.35e-17	4.14e-09	7.42e-06	5.63e-04	1.66e-01	5.51e-01	2.82e-01	0.00e+00	0.00e+00	0.00e+00	4.13e-09	1.03e-11	6.00e-46
 3.50938e+22	3.68e-17	4.80e-09	8.50e-06	6.27e-04	1.76e-01	5.54e-01	2.70e-01	0.00e+00	0.00e+00	0.00e+00	4.78e-09	1.19e-11	8.45e-46
 3.59060e+22	4.10e-17	5.55e-09	9.69e-06	6.94e-04	1.85e-01	5.56e-01	2.58e-01	0.00e+00	0.00e+00	0.00e+00	5.54e-09	1.38e-11	1.20e-45
 3.69619e+22	4.70e-17	6.66e-09	1.14e-05	7.91e-04	1.99e-01	5.58e-01	2.42e-01	3.58e-17	8.85e-18	2.28e-18	6.65e-09	1.65e-11	1.86e-45
 3.80705e+22	5.31e-17	8.02e-09	1.35e-05	9.04e-04	2.13e-01	5.59e-01	2.27e-01	4.06e-17	9.97e-18	2.57e-18	8.00e-09	1.98e-11	2.92e-45
 3.89210e+22	5.79e-17	9.20e-09	1.54e-05	1.00e-03	2.24e-01	5.59e-01	2.16e-01	4.43e-17	1.08e-17	2.79e-18	9.17e-09	2.28e-11	4.08e-45
 3.95688e+22	6.19e-17	1.01e-08	1.68e-05	1.07e-03	2.32e-01	5.58e-01	2.08e-01	4.73e-17	1.16e-17	2.97e-18	1.01e-08	2.51e-11	5.19e-45
 4.02797e+22	6.75e-17	1.13e-08	1.86e-05	1.16e-03	2.41e-01	5.58e-01	2.00e-01	5.17e-17	1.26e-17	3.23e-18	1.13e-08	2.79e-11	6.76e-45
 4.12038e+22	7.47e-17	1.29e-08	2.10e-05	1.28e-03	2.53e-01	5.56e-01	1.90e-01	5.73e-17	1.39e-17	3.56e-18	1.29e-08	3.18e-11	9.39e-45
 4.22172e+22	8.27e-17	1.48e-08	2.39e-05	1.42e-03	2.66e-01	5.53e-01	1.79e-01	6.35e-17	1.53e-17	3.92e-18	1.48e-08	3.66e-11	1.34e-44
 4.31354e+22	9.03e-17	1.68e-08	2.68e-05	1.55e-03	2.78e-01	5.51e-01	1.69e-01	6.94e-17	1.66e-17	4.26e-18	1.67e-08	4.14e-11	1.83e-44
 4.39893e+22	9.80e-17	1.87e-08	2.97e-05	1.68e-03	2.89e-01	5.48e-01	1.61e-01	7.54e-17	1.80e-17	4.61e-18	1.87e-08	4.62e-11	2.42e-44
 4.49711e+22	1.08e-16	2.11e-08	3.32e-05	1.84e-03	3.02e-01	5.44e-01	1.52e-01	8.32e-17	1.97e-17	5.05e-18	2.11e-08	5.21e-11	3.31e-44
 4.62473e+22	1.22e-16	2.46e-08	3.82e-05	2.05e-03	3.18e-01	5.38e-01	1.42e-01	9.42e-17	2.21e-17	5.66e-18	2.45e-08	6.04e-11	4.89e-44
 4.75469e+22	1.36e-16	2.86e-08	4.40e-05	2.30e-03	3.35e-01	5.31e-01	1.31e-01	1.05e-16	2.45e-17	6.27e-18	2.85e-08	7.01e-11	7.26e-44
 4.85862e+22	1.47e-16	3.20e-08	4.90e-05	2.50e-03	3.49e-01	5.25e-01	1.24e-01	1.14e-16	2.65e-17	6.77e-18	3.19e-08	7.85e-11	9.86e-44
 4.96464e+22	1.62e-16	3.58e-08	5.43e-05	2.72e-03	3.62e-01	5.19e-01	1.16e-01	1.25e-16	2.90e-17	7.39e-18	3.57e-08	8.75e-11	1.33e-43
 5.10248e+22	1.82e-16	4.10e-08	6.18e-05	3.01e-03	3.79e-01	5.11e-01	1.08e-01	1.41e-16	3.23e-17	8.23e-18	4.09e-08	1.00e-10	1.93e-43
 5.24954e+22	2.04e-16	4.74e-08	7.07e-05	3.35e-03	3.96e-01	5.01e-01	9.91e-02	1.58e-16	3.60e-17	9.16e-18	4.73e-08	1.15e-10	2.90e-43
 5.37795e+22	2.22e-16	5.33e-08	7.92e-05	3.67e-03	4.12e-01	4.92e-01	9.19e-02	1.73e-16	3.91e-17	9.94e-18	5.32e-08	1.30e-10	4.03e-43
 5.51425e+22	2.47e-16	6.01e-08	8.87e-05	4.01e-03	4.28e-01	4.82e-01	8.52e-02	1.93e-16	4.32e-17	1.10e-17	6.00e-08	1.46e-10	5.67e-43
 5.69144e+22	2.81e-16	6.97e-08	1.02e-04	4.49e-03	4.48e-01	4.70e-01	7.73e-02	2.20e-16	4.87e-17	1.23e-17	6.95e-08	1.68e-10	8.69e-43
 5.87512e+22	3.17e-16	8.09e-08	1.18e-04	5.03e-03	4.69e-01	4.56e-01	6.97e-02	2.49e-16	5.45e-17	1.38e-17	8.07e-08	1.94e-10	1.35e-42
 6.02690e+22	3.49e-16	9.10e-08	1.31e-04	5.50e-03	4.86e-01	4.44e-01	6.39e-02	2.74e-16	5.97e-17	1.51e-17	9.08e-08	2.18e-10	1.93e-42
 6.18387e+22	3.88e-16	1.02e-07	1.47e-04	6.00e-03	5.02e-01	4.33e-01	5.88e-02	3.06e-16	6.58e-17	1.66e-17	1.02e-07	2.43e-10	2.73e-42
 6.38792e+22	4.44e-16	1.18e-07	1.68e-04	6.67e-03	5.23e-01	4.18e-01	5.27e-02	3.50e-16	7.45e-17	1.88e-17	1.17e-07	2.79e-10	4.25e-42
 6.58250e+22	4.96e-16	1.35e-07	1.90e-04	7.39e-03	5.42e-01	4.03e-01	4.73e-02	3.93e-16	8.27e-17	2.08e-17	1.34e-07	3.18e-10	6.51e-42
 6.71969e+22	5.36e-16	1.47e-07	2.07e-04	7.90e-03	5.55e-01	3.93e-01	4.39e-02	4.25e-16	8.89e-17	2.24e-17	1.47e-07	3.47e-10	8.71e-42
 6.85296e+22	5.83e-16	1.60e-07	2.24e-04	8.41e-03	5.67e-01	3.83e-01	4.10e-02	4.63e-16	9.61e-17	2.41e-17	1.60e-07	3.75e-10	1.14e-41
 7.02622e+22	6.49e-16	1.78e-07	2.48e-04	9.10e-03	5.82e-01	3.71e-01	3.75e-02	5.17e-16	1.06e-16	2.66e-17	1.78e-07	4.14e-10	1.61e-41
 7.25144e+22	7.43e-16	2.03e-07	2.81e-04	1.00e-02	6.01e-01	3.56e-01	3.35e-02	5.93e-16	1.20e-16	3.00e-17	2.03e-07	4.68e-10	2.50e-41
 7.48261e+22	8.46e-16	2.32e-07	3.18e-04	1.10e-02	6.19e-01	3.40e-01	2.97e-02	6.77e-16	1.35e-16	3.38e-17	2.32e-07	5.32e-10	3.93e-41
 7.65985e+22	9.32e-16	2.57e-07	3.49e-04	1.19e-02	6.33e-01	3.28e-01	2.71e-02	7.47e-16	1.48e-16	3.70e-17	2.56e-07	5.85e-10	5.55e-41
 7.80615e+22	1.01e-15	2.77e-07	3.75e-04	1.26e-02	6.44e-01	3.18e-01	2.52e-02	8.08e-16	1.59e-16	3.96e-17	2.77e-07	6.29e-10	7.25e-41
 7.97389e+22	1.12e-15	3.04e-07	4.07e-04	1.34e-02	6.55e-01	3.08e-01	2.32e-02	9.01e-16	1.75e-16	4.36e-17	3.03e-07	6.84e-10	9.90e-41
 8.19194e+22	1.27e-15	3.40e-07	4.51e-04	1.44e-02	6.68e-01	2.96e-01	2.10e-02	1.03e-15	1.97e-16	4.89e-17	3.39e-07	7.58e-10	1.46e-40
 8.43037e+22	1.46e-15	3.84e-07	5.04e-04	1.57e-02	6.83e-01	2.82e-01	1.87e-02	1.18e-15	2.23e-16	5.53e-17	3.83e-07	8.49e-10	2.24e-40
 8.64250e+22	1.64e-15	4.27e-07	5.55e-04	1.69e-02	6.96e-01	2.70e-01	1.69e-02	1.33e-15	2.49e-16	6.17e-17	4.26e-07	9.37e-10	3.27e-40
 8.83548e+22	1.83e-15	4.69e-07	6.05e-04	1.80e-02	7.06e-01	2.60e-01	1.54e-02	1.49e-15	2.75e-16	6.82e-17	4.68e-07	1.02e-09	4.57e-40
 9.05635e+22	2.09e-15	5.21e-07	6.64e-04	1.92e-02	7.17e-01	2.49e-01	1.40e-02	1.70e-15	3.10e-16	7.67e-17	5.20e-07	1.12e-09	6.62e-40
 9.34347e+22	2.47e-15	5.95e-07	7.48e-04	2.10e-02	7.30e-01	2.36e-01	1.24e-02	2.02e-15	3.61e-16	8.92e-17	5.94e-07	1.27e-09	1.06e-39
 9.63789e+22	2.94e-15	6.85e-07	8.46e-04	2.29e-02	7.43e-01	2.22e-01	1.08e-02	2.42e-15	4.24e-16	1.05e-16	6.83e-07	1.44e-09	1.75e-39
 9.87262e+22	3.37e-15	7.64e-07	9.32e-04	2.45e-02	7.53e-01	2.12e-01	9.78e-03	2.77e-15	4.81e-16	1.18e-16	7.62e-07	1.59e-09	2.59e-39
 1.01086e+23	3.89e-15	8.52e-07	1.02e-03	2.61e-02	7.61e-01	2.03e-01	8.91e-03	3.21e-15	5.48e-16	1.35e-16	8.50e-07	1.75e-09	3.76e-39
 1.04153e+23	4.72e-15	9.74e-07	1.15e-03	2.84e-02	7.71e-01	1.92e-01	7.87e-03	3.91e-15	6.53e-16	1.60e-16	9.72e-07	1.97e-09	6.06e-39
 1.07364e+23	5.83e-15	1.13e-06	1.31e-03	3.09e-02	7.81e-01	1.80e-01	6.89e-03	4.84e-15	7.96e-16	1.95e-16	1.13e-06	2.26e-09	1.02e-38
 1.10000e+23	6.81e-15	1.28e-06	1.46e-03	3.31e-02	7.87e-01	1.72e-01	6.21e-03	5.67e-15	9.19e-16	2.25e-16	1.28e-06	2.52e-09	1.56e-38
 1.12666e+23	8.16e-15	1.44e-06	1.62e-03	3.56e-02	7.94e-01	1.63e-01	5.59e-03	6.81e-15	1.08e-15	2.65e-16	1.43e-06	2.80e-09	2.35e-38
 1.16133e+23	1.04e-14	1.68e-06	1.85e-03	3.88e-02	8.01e-01	1.54e-01	4.94e-03	8.69e-15	1.35e-15	3.29e-16	1.67e-06	3.21e-09	3.97e-38
 1.19721e+23	1.33e-14	1.98e-06	2.14e-03	4.26e-02	8.07e-01	1.44e-01	4.31e-03	1.12e-14	1.71e-15	4.15e-16	1.98e-06	3.73e-09	7.00e-38
 1.22603e+23	1.64e-14	2.28e-06	2.41e-03	4.59e-02	8.11e-01	1.37e-01	3.88e-03	1.39e-14	2.08e-15	5.05e-16	2.28e-06	4.24e-09	1.11e-37
 1.24931e+23	1.97e-14	2.55e-06	2.66e-03	4.89e-02	8.14e-01	1.31e-01	3.55e-03	1.67e-14	2.47e-15	5.98e-16	2.55e-06	4.70e-09	1.62e-37
 1.27405e+23	2.37e-14	2.86e-06	2.94e-03	5.22e-02	8.16e-01	1.25e-01	3.26e-03	2.01e-14	2.92e-15	7.08e-16	2.85e-06	5.19e-09	2.35e-37
 1.30622e+23	3.07e-14	3.34e-06	3.36e-03	5.68e-02	8.18e-01	1.19e-01	2.93e-03	2.61e-14	3.71e-15	8.98e-16	3.33e-06	5.94e-09	3.85e-37
 1.33869e+23	4.00e-14	3.93e-06	3.88e-03	6.21e-02	8.19e-01	1.12e-01	2.62e-03	3.41e-14	4.76e-15	1.15e-15	3.92e-06	6.89e-09	6.50e-37
 1.36339e+23	5.03e-14	4.48e-06	4.35e-03	6.68e-02	8.19e-01	1.07e-01	2.39e-03	4.29e-14	5.93e-15	1.43e-15	4.48e-06	7.78e-09	9.93e-37
 1.38278e+23	6.02e-14	4.97e-06	4.77e-03	7.08e-02	8.19e-01	1.03e-01	2.24e-03	5.15e-14	7.03e-15	1.70e-15	4.97e-06	8.55e-09	1.38e-36
 1.40341e+23	7.24e-14	5.52e-06	5.24e-03	7.51e-02	8.18e-01	9.99e-02	2.10e-03	6.20e-14	8.34e-15	2.01e-15	5.51e-06	9.36e-09	1.90e-36
 1.43024e+23	9.28e-14	6.35e-06	5.94e-03	8.14e-02	8.15e-01	9.54e-02	1.93e-03	7.98e-14	1.05e-14	2.53e-15	6.34e-06	1.06e-08	2.92e-36
 1.45846e+23	1.24e-13	7.44e-06	6.85e-03	8.91e-02	8.12e-01	9.06e-02	1.75e-03	1.06e-13	1.38e-14	3.32e-15	7.43e-06	1.22e-08	4.77e-36
 1.48127e+23	1.57e-13	8.52e-06	7.73e-03	9.64e-02	8.07e-01	8.69e-02	1.63e-03	1.36e-13	1.74e-14	4.17e-15	8.50e-06	1.38e-08	7.23e-36
 1.49973e+23	1.96e-13	9.55e-06	8.58e-03	1.03e-01	8.03e-01	8.38e-02	1.52e-03	1.70e-13	2.15e-14	5.15e-15	9.53e-06	1.53e-08	1.03e-35
 1.51976e+23	2.45e-13	1.07e-05	9.55e-03	1.11e-01	7.98e-01	8.07e-02	1.43e-03	2.12e-13	2.65e-14	6.34e-15	1.07e-05	1.70e-08	1.47e-35
 1.54581e+23	3.36e-13	1.25e-05	1.10e-02	1.22e-01	7.89e-01	7.68e-02	1.31e-03	2.92e-13	3.57e-14	8.54e-15	1.25e-05	1.96e-08	2.36e-35
 1.57119e+23	4.77e-13	1.49e-05	1.29e-02	1.36e-01	7.77e-01	7.25e-02	1.19e-03	4.15e-13	5.00e-14	1.20e-14	1.49e-05	2.30e-08	4.06e-35
 1.58864e+23	6.23e-13	1.70e-05	1.46e-02	1.48e-01	7.67e-01	6.95e-02	1.11e-03	5.43e-13	6.49e-14	1.55e-14	1.70e-05	2.60e-08	6.06e-35
 1.60023e+23	7.60e-13	1.86e-05	1.59e-02	1.56e-01	7.59e-01	6.73e-02	1.05e-03	6.62e-13	7.87e-14	1.88e-14	1.86e-05	2.83e-08	8.04e-35
 1.61130e+23	9.00e-13	2.01e-05	1.71e-02	1.65e-01	7.51e-01	6.55e-02	1.01e-03	7.85e-13	9.25e-14	2.21e-14	2.01e-05	3.04e-08	1.03e-34
 1.62570e+23	1.13e-12	2.23e-05	1.88e-02	1.77e-01	7.40e-01	6.31e-02	9.56e-04	9.91e-13	1.16e-13	2.76e-14	2.23e-05	3.34e-08	1.42e-34
 1.64072e+23	1.49e-12	2.51e-05	2.10e-02	1.92e-01	7.26e-01	6.04e-02	8.94e-04	1.30e-12	1.51e-13	3.59e-14	2.50e-05	3.72e-08	2.08e-34
 1.65247e+23	1.85e-12	2.77e-05	2.30e-02	2.05e-01	7.13e-01	5.81e-02	8.45e-04	1.62e-12	1.86e-13	4.42e-14	2.76e-05	4.08e-08	2.86e-34
 1.66139e+23	2.28e-12	2.99e-05	2.48e-02	2.17e-01	7.01e-01	5.62e-02	8.06e-04	2.00e-12	2.28e-13	5.42e-14	2.99e-05	4.40e-08	3.71e-34
 1.67075e+23	2.71e-12	3.22e-05	2.66e-02	2.29e-01	6.89e-01	5.44e-02	7.70e-04	2.37e-12	2.69e-13	6.41e-14	3.22e-05	4.71e-08	4.76e-34
 1.68291e+23	3.54e-12	3.56e-05	2.93e-02	2.47e-01	6.71e-01	5.19e-02	7.23e-04	3.11e-12	3.50e-13	8.31e-14	3.55e-05	5.16e-08	6.69e-34
 1.69480e+23	4.75e-12	3.97e-05	3.25e-02	2.67e-01	6.50e-01	4.92e-02	6.72e-04	4.17e-12	4.66e-13	1.11e-13	3.96e-05	5.72e-08	9.80e-34
 1.70296e+23	5.85e-12	4.29e-05	3.50e-02	2.84e-01	6.33e-01	4.71e-02	6.34e-04	5.15e-12	5.72e-13	1.36e-13	4.29e-05	6.18e-08	1.31e-33
 1.70883e+23	6.99e-12	4.54e-05	3.70e-02	2.96e-01	6.20e-01	4.56e-02	6.08e-04	6.15e-12	6.81e-13	1.62e-13	4.54e-05	6.52e-08	1.60e-33
 1.71504e+23	8.21e-12	4.80e-05	3.91e-02	3.10e-01	6.06e-01	4.40e-02	5.81e-04	7.22e-12	7.96e-13	1.89e-13	4.80e-05	6.87e-08	1.98e-33
 1.72313e+23	1.03e-11	5.17e-05	4.19e-02	3.29e-01	5.87e-01	4.20e-02	5.47e-04	9.06e-12	9.92e-13	2.35e-13	5.16e-05	7.36e-08	2.61e-33
 1.73148e+23	1.36e-11	5.60e-05	4.53e-02	3.51e-01	5.64e-01	3.96e-02	5.10e-04	1.20e-11	1.31e-12	3.10e-13	5.60e-05	7.94e-08	3.58e-33
 1.73791e+23	1.68e-11	5.98e-05	4.83e-02	3.70e-01	5.43e-01	3.77e-02	4.79e-04	1.48e-11	1.61e-12	3.81e-13	5.97e-05	8.46e-08	4.63e-33
 1.74280e+23	1.94e-11	6.27e-05	5.06e-02	3.85e-01	5.27e-01	3.61e-02	4.55e-04	1.71e-11	1.85e-12	4.38e-13	6.26e-05	8.85e-08	5.63e-33
 1.74796e+23	2.46e-11	6.58e-05	5.31e-02	4.01e-01	5.11e-01	3.46e-02	4.33e-04	2.17e-11	2.34e-12	5.54e-13	6.58e-05	9.26e-08	6.90e-33
 1.75465e+23	3.12e-11	6.98e-05	5.63e-02	4.23e-01	4.88e-01	3.25e-02	4.03e-04	2.76e-11	2.95e-12	6.99e-13	6.97e-05	9.78e-08	8.93e-33
 1.76134e+23	4.15e-11	7.45e-05	5.99e-02	4.47e-01	4.62e-01	3.03e-02	3.71e-04	3.67e-11	3.91e-12	9.25e-13	7.44e-05	1.04e-07	1.19e-32
 1.76617e+23	5.06e-11	7.81e-05	6.28e-02	4.67e-01	4.42e-01	2.86e-02	3.46e-04	4.47e-11	4.76e-12	1.12e-12	7.80e-05	1.09e-07	1.48e-32
 1.76977e+23	6.10e-11	8.07e-05	6.49e-02	4.81e-01	4.26e-01	2.73e-02	3.28e-04	5.39e-11	5.72e-12	1.35e-12	8.06e-05	1.12e-07	1.73e-32
 1.77360e+23	7.21e-11	8.34e-05	6.70e-02	4.95e-01	4.11e-01	2.61e-02	3.12e-04	6.38e-11	6.74e-12	1.59e-12	8.32e-05	1.16e-07	2.02e-32
 1.77859e+23	9.05e-11	8.66e-05	6.96e-02	5.14e-01	3.91e-01	2.45e-02	2.90e-04	8.01e-11	8.43e-12	1.99e-12	8.65e-05	1.20e-07	2.46e-32
 1.78380e+23	1.17e-10	9.04e-05	7.26e-02	5.36e-01	3.69e-01	2.28e-02	2.67e-04	1.03e-10	1.08e-11	2.55e-12	9.02e-05	1.25e-07	3.06e-32
 1.78794e+23	1.43e-10	9.34e-05	7.50e-02	5.53e-01	3.50e-01	2.14e-02	2.48e-04	1.26e-10	1.32e-11	3.11e-12	9.33e-05	1.29e-07	3.66e-32
 1.79125e+23	1.68e-10	9.56e-05	7.68e-02	5.66e-01	3.36e-01	2.03e-02	2.35e-04	1.49e-10	1.55e-11	3.65e-12	9.55e-05	1.32e-07	4.19e-32
 1.79484e+23	1.95e-10	9.80e-05	7.86e-02	5.80e-01	3.22e-01	1.92e-02	2.20e-04	1.72e-10	1.79e-11	4.22e-12	9.78e-05	1.35e-07	4.80e-32
 1.79951e+23	2.43e-10	1.01e-04	8.08e-02	5.97e-01	3.04e-01	1.79e-02	2.03e-04	2.15e-10	2.23e-11	5.25e-12	1.00e-04	1.38e-07	5.68e-32
 1.80435e+23	2.97e-10	1.03e-04	8.30e-02	6.15e-01	2.85e-01	1.66e-02	1.85e-04	2.63e-10	2.71e-11	6.39e-12	1.03e-04	1.42e-07	6.77e-32
 1.80824e+23	3.47e-10	1.06e-04	8.48e-02	6.28e-01	2.71e-01	1.55e-02	1.72e-04	3.08e-10	3.17e-11	7.45e-12	1.06e-04	1.45e-07	7.79e-32
 1.81155e+23	3.91e-10	1.08e-04	8.61e-02	6.39e-01	2.60e-01	1.47e-02	1.61e-04	3.48e-10	3.56e-11	8.37e-12	1.08e-04	1.47e-07	8.72e-32
 1.81529e+23	4.40e-10	1.10e-04	8.75e-02	6.50e-01	2.48e-01	1.39e-02	1.50e-04	3.91e-10	3.99e-11	9.38e-12	1.10e-04	1.50e-07	9.78e-32
 1.82016e+23	5.02e-10	1.12e-04	8.93e-02	6.63e-01	2.35e-01	1.29e-02	1.37e-04	4.46e-10	4.54e-11	1.06e-11	1.12e-04	1.53e-07	1.12e-31
 1.82517e+23	5.73e-10	1.15e-04	9.11e-02	6.75e-01	2.21e-01	1.19e-02	1.25e-04	5.10e-10	5.16e-11	1.21e-11	1.15e-04	1.57e-07	1.30e-31
 1.82924e+23	6.34e-10	1.18e-04	9.26e-02	6.84e-01	2.12e-01	1.12e-02	1.15e-04	5.64e-10	5.70e-11	1.33e-11	1.18e-04	1.61e-07	1.45e-31
 1.83337e+23	6.88e-10	1.20e-04	9.40e-02	6.92e-01	2.03e-01	1.05e-02	1.07e-04	6.12e-10	6.16e-11	1.44e-11	1.20e-04	1.65e-07	1.60e-31
 1.83873e+23	7.62e-10	1.24e-04	9.59e-02	7.01e-01	1.93e-01	9.78e-03	9.76e-05	6.78e-10	6.79e-11	1.59e-11	1.24e-04	1.70e-07	1.81e-31
 1.84461e+23	8.44e-10	1.28e-04	9.80e-02	7.09e-01	1.83e-01	9.04e-03	8.81e-05	7.51e-10	7.50e-11	1.75e-11	1.28e-04	1.76e-07	2.06e-31
 1.85007e+23	9.20e-10	1.32e-04	1.00e-01	7.16e-01	1.75e-01	8.44e-03	8.05e-05	8.20e-10	8.15e-11	1.90e-11	1.32e-04	1.82e-07	2.32e-31
 1.85600e+23	9.96e-10	1.36e-04	1.02e-01	7.22e-01	1.68e-01	7.88e-03	7.35e-05	8.88e-10	8.78e-11	2.05e-11	1.36e-04	1.88e-07	2.59e-31
 1.86345e+23	1.10e-09	1.42e-04	1.05e-01	7.28e-01	1.60e-01	7.27e-03	6.60e-05	9.78e-10	9.63e-11	2.24e-11	1.42e-04	1.97e-07	2.95e-31
 1.87202e+23	1.21e-09	1.48e-04	1.08e-01	7.34e-01	1.51e-01	6.65e-03	5.86e-05	1.08e-09	1.06e-10	2.46e-11	1.48e-04	2.06e-07	3.40e-31
 1.88090e+23	1.33e-09	1.55e-04	1.11e-01	7.39e-01	1.44e-01	6.11e-03	5.22e-05	1.19e-09	1.16e-10	2.68e-11	1.55e-04	2.17e-07	3.90e-31
 1.89002e+23	1.45e-09	1.62e-04	1.14e-01	7.43e-01	1.37e-01	5.63e-03	4.67e-05	1.29e-09	1.25e-10	2.90e-11	1.62e-04	2.27e-07	4.43e-31
 1.90002e+23	1.57e-09	1.70e-04	1.18e-01	7.46e-01	1.31e-01	5.18e-03	4.16e-05	1.41e-09	1.35e-10	3.13e-11	1.69e-04	2.38e-07	5.03e-31
 1.91145e+23	1.71e-09	1.78e-04	1.22e-01	7.49e-01	1.24e-01	4.73e-03	3.68e-05	1.53e-09	1.47e-10	3.38e-11	1.78e-04	2.51e-07	5.74e-31
 1.92436e+23	1.87e-09	1.87e-04	1.26e-01	7.52e-01	1.18e-01	4.31e-03	3.23e-05	1.67e-09	1.59e-10	3.65e-11	1.87e-04	2.64e-07	6.58e-31
 1.93871e+23	2.04e-09	1.97e-04	1.30e-01	7.54e-01	1.11e-01	3.90e-03	2.82e-05	1.83e-09	1.72e-10	3.95e-11	1.97e-04	2.78e-07	7.56e-31
 1.95470e+23	2.22e-09	2.08e-04	1.34e-01	7.57e-01	1.05e-01	3.52e-03	2.45e-05	1.99e-09	1.85e-10	4.25e-11	2.08e-04	2.91e-07	8.57e-31
 1.97291e+23	2.43e-09	2.20e-04	1.39e-01	7.58e-01	9.90e-02	3.15e-03	2.10e-05	2.18e-09	2.00e-10	4.58e-11	2.19e-04	3.05e-07	9.90e-31
 1.99394e+23	2.66e-09	2.33e-04	1.45e-01	7.60e-01	9.27e-02	2.79e-03	1.78e-05	2.40e-09	2.15e-10	4.94e-11	2.33e-04	3.21e-07	1.15e-30
 2.01818e+23	2.92e-09	2.47e-04	1.50e-01	7.61e-01	8.63e-02	2.45e-03	1.49e-05	2.63e-09	2.32e-10	5.32e-11	2.47e-04	3.37e-07	1.35e-30
 2.04620e+23	3.22e-09	2.64e-04	1.57e-01	7.61e-01	7.99e-02	2.13e-03	1.22e-05	2.91e-09	2.51e-10	5.74e-11	2.63e-04	3.54e-07	1.59e-30
 2.07893e+23	3.55e-09	2.82e-04	1.63e-01	7.61e-01	7.34e-02	1.82e-03	9.88e-06	3.22e-09	2.71e-10	6.19e-11	2.81e-04	3.72e-07	1.90e-30
 2.11756e+23	3.93e-09	3.02e-04	1.71e-01	7.60e-01	6.70e-02	1.54e-03	7.83e-06	3.57e-09	2.92e-10	6.67e-11	3.02e-04	3.90e-07	2.25e-30
 2.16425e+23	4.38e-09	3.25e-04	1.79e-01	7.59e-01	6.04e-02	1.27e-03	6.03e-06	3.99e-09	3.15e-10	7.18e-11	3.25e-04	4.08e-07	2.73e-30
 2.22199e+23	4.90e-09	3.51e-04	1.88e-01	7.57e-01	5.38e-02	1.03e-03	4.50e-06	4.48e-09	3.39e-10	7.71e-11	3.51e-04	4.25e-07	3.33e-30
 2.29405e+23	5.52e-09	3.82e-04	1.98e-01	7.53e-01	4.71e-02	8.03e-04	3.23e-06	5.08e-09	3.64e-10	8.27e-11	3.82e-04	4.42e-07	4.16e-30
 2.37013e+23	6.31e-09	4.19e-04	2.10e-01	7.48e-01	4.12e-02	6.25e-04	2.28e-06	5.82e-09	3.99e-10	9.03e-11	4.19e-04	4.64e-07	5.40e-30
 2.43860e+23	6.99e-09	4.50e-04	2.19e-01	7.43e-01	3.69e-02	5.10e-04	1.73e-06	6.47e-09	4.24e-10	9.59e-11	4.49e-04	4.78e-07	6.56e-30
 2.50022e+23	7.60e-09	4.77e-04	2.27e-01	7.38e-01	3.36e-02	4.30e-04	1.36e-06	7.06e-09	4.45e-10	1.01e-10	4.76e-04	4.89e-07	7.68e-30
 2.55568e+23	8.22e-09	5.03e-04	2.35e-01	7.34e-01	3.10e-02	3.70e-04	1.11e-06	7.65e-09	4.67e-10	1.05e-10	5.03e-04	5.01e-07	8.98e-30
 2.60559e+23	8.71e-09	5.23e-04	2.40e-01	7.30e-01	2.91e-02	3.27e-04	9.38e-07	8.12e-09	4.80e-10	1.08e-10	5.23e-04	5.06e-07	1.01e-29
 2.65052e+23	9.17e-09	5.42e-04	2.45e-01	7.26e-01	2.75e-02	2.94e-04	8.10e-07	8.57e-09	4.93e-10	1.11e-10	5.42e-04	5.11e-07	1.12e-29
 2.69095e+23	9.58e-09	5.59e-04	2.50e-01	7.23e-01	2.61e-02	2.69e-04	7.14e-07	8.96e-09	5.02e-10	1.13e-10	5.59e-04	5.14e-07	1.22e-29
 2.72733e+23	9.90e-09	5.72e-04	2.54e-01	7.21e-01	2.51e-02	2.49e-04	6.43e-07	9.28e-09	5.09e-10	1.15e-10	5.72e-04	5.14e-07	1.30e-29
 2.76008e+23	1.02e-08	5.84e-04	2.57e-01	7.18e-01	2.42e-02	2.33e-04	5.86e-07	9.57e-09	5.15e-10	1.16e-10	5.84e-04	5.14e-07	1.39e-29
 2.79087e+23	1.04e-08	5.94e-04	2.60e-01	7.16e-01	2.35e-02	2.20e-04	5.42e-07	9.82e-09	5.17e-10	1.16e-10	5.93e-04	5.12e-07	1.46e-29
 2.82142e+23	1.07e-08	6.05e-04	2.62e-01	7.14e-01	2.27e-02	2.07e-04	5.00e-07	1.01e-08	5.21e-10	1.17e-10	6.04e-04	5.12e-07	1.53e-29
 2.85196e+23	1.10e-08	6.14e-04	2.65e-01	7.12e-01	2.21e-02	1.96e-04	4.64e-07	1.03e-08	5.22e-10	1.17e-10	6.13e-04	5.09e-07	1.60e-29
 2.88251e+23	1.12e-08	6.24e-04	2.68e-01	7.10e-01	2.15e-02	1.86e-04	4.31e-07	1.06e-08	5.25e-10	1.18e-10	6.23e-04	5.08e-07	1.68e-29
 2.91306e+23	1.14e-08	6.33e-04	2.70e-01	7.08e-01	2.09e-02	1.77e-04	4.02e-07	1.08e-08	5.26e-10	1.18e-10	6.32e-04	5.05e-07	1.75e-29
 2.94361e+23	1.17e-08	6.41e-04	2.72e-01	7.06e-01	2.03e-02	1.68e-04	3.76e-07	1.10e-08	5.26e-10	1.18e-10	6.41e-04	5.02e-07	1.80e-29
 2.97416e+23	1.19e-08	6.49e-04	2.75e-01	7.05e-01	1.98e-02	1.61e-04	3.53e-07	1.12e-08	5.25e-10	1.18e-10	6.48e-04	4.98e-07	1.87e-29
 3.00471e+23	1.21e-08	6.57e-04	2.77e-01	7.03e-01	1.94e-02	1.53e-04	3.31e-07	1.14e-08	5.25e-10	1.18e-10	6.57e-04	4.94e-07	1.94e-29
