#depth	Si	Si+	Si+2	Si+3	Si+4	Si+5	Si+6	Si+7	Si+8	Si+9	Si+10	Si+11	Si+12	Si+13	Si+14
 6.17135e+19	0.00e+00	0.00e+00	7.66e-31	3.19e-26	2.56e-21	2.38e-17	5.98e-14	4.45e-11	1.26e-08	1.36e-06	6.42e-05	2.21e-03	1.55e-01	4.57e-01	3.86e-01
 1.87609e+20	0.00e+00	0.00e+00	2.20e-30	8.15e-26	6.08e-21	5.21e-17	1.21e-13	8.22e-11	2.14e-08	2.10e-06	8.92e-05	2.77e-03	1.75e-01	4.66e-01	3.56e-01
 3.09890e+20	0.00e+00	0.00e+00	5.89e-30	1.95e-25	1.36e-20	1.08e-16	2.31e-13	1.45e-10	3.50e-08	3.14e-06	1.21e-04	3.40e-03	1.96e-01	4.72e-01	3.29e-01
 4.23532e+20	0.00e+00	0.00e+00	1.42e-29	4.24e-25	2.80e-20	2.08e-16	4.15e-13	2.42e-10	5.43e-08	4.49e-06	1.58e-04	4.07e-03	2.15e-01	4.76e-01	3.05e-01
 4.98912e+20	0.00e+00	0.00e+00	2.50e-29	7.01e-25	4.46e-20	3.17e-16	6.05e-13	3.37e-10	7.21e-08	5.67e-06	1.88e-04	4.57e-03	2.28e-01	4.78e-01	2.89e-01
 5.30876e+20	0.00e+00	0.00e+00	3.18e-29	8.68e-25	5.44e-20	3.80e-16	7.11e-13	3.88e-10	8.15e-08	6.26e-06	2.03e-04	4.80e-03	2.34e-01	4.79e-01	2.83e-01
 5.58772e+20	0.00e+00	0.00e+00	3.90e-29	1.04e-24	6.43e-20	4.42e-16	8.15e-13	4.37e-10	9.02e-08	6.80e-06	2.16e-04	5.00e-03	2.38e-01	4.79e-01	2.77e-01
 5.95037e+20	0.00e+00	0.00e+00	5.04e-29	1.31e-24	7.94e-20	5.36e-16	9.66e-13	5.07e-10	1.02e-07	7.55e-06	2.33e-04	5.26e-03	2.45e-01	4.79e-01	2.71e-01
 6.42182e+20	0.00e+00	0.00e+00	7.07e-29	1.76e-24	1.05e-19	6.89e-16	1.21e-12	6.17e-10	1.21e-07	8.66e-06	2.59e-04	5.63e-03	2.53e-01	4.79e-01	2.62e-01
 6.93472e+20	0.00e+00	0.00e+00	1.01e-28	2.42e-24	1.41e-19	9.02e-16	1.54e-12	7.62e-10	1.45e-07	1.00e-05	2.89e-04	6.05e-03	2.62e-01	4.79e-01	2.53e-01
 7.39308e+20	0.00e+00	0.00e+00	1.40e-28	3.21e-24	1.83e-19	1.15e-15	1.91e-12	9.19e-10	1.70e-07	1.14e-05	3.18e-04	6.45e-03	2.70e-01	4.78e-01	2.45e-01
 7.81574e+20	0.00e+00	0.00e+00	1.87e-28	4.15e-24	2.33e-19	1.42e-15	2.32e-12	1.09e-09	1.97e-07	1.29e-05	3.48e-04	6.83e-03	2.78e-01	4.78e-01	2.37e-01
 8.30041e+20	0.00e+00	0.00e+00	2.60e-28	5.54e-24	3.05e-19	1.82e-15	2.89e-12	1.32e-09	2.33e-07	1.47e-05	3.84e-04	7.28e-03	2.87e-01	4.77e-01	2.29e-01
 8.84272e+20	0.00e+00	3.05e-33	3.74e-28	7.63e-24	4.11e-19	2.39e-15	3.68e-12	1.63e-09	2.79e-07	1.71e-05	4.29e-04	7.82e-03	2.96e-01	4.75e-01	2.20e-01
 9.30862e+20	0.00e+00	4.32e-33	5.09e-28	1.00e-23	5.30e-19	3.02e-15	4.53e-12	1.96e-09	3.26e-07	1.94e-05	4.70e-04	8.30e-03	3.05e-01	4.74e-01	2.13e-01
 9.68174e+20	0.00e+00	5.68e-33	6.49e-28	1.24e-23	6.48e-19	3.62e-15	5.34e-12	2.26e-09	3.68e-07	2.14e-05	5.06e-04	8.70e-03	3.12e-01	4.72e-01	2.07e-01
 1.00856e+21	0.00e+00	7.64e-33	8.46e-28	1.56e-23	8.06e-19	4.42e-15	6.38e-12	2.64e-09	4.21e-07	2.38e-05	5.48e-04	9.16e-03	3.19e-01	4.70e-01	2.01e-01
 1.06105e+21	0.00e+00	1.11e-32	1.18e-27	2.10e-23	1.06e-18	5.68e-15	8.00e-12	3.21e-09	4.98e-07	2.74e-05	6.07e-04	9.77e-03	3.28e-01	4.68e-01	1.93e-01
 1.11524e+21	0.00e+00	1.64e-32	1.67e-27	2.84e-23	1.41e-18	7.37e-15	1.01e-11	3.94e-09	5.93e-07	3.15e-05	6.73e-04	1.04e-02	3.38e-01	4.65e-01	1.85e-01
 1.15960e+21	0.00e+00	2.24e-32	2.21e-27	3.62e-23	1.78e-18	9.09e-15	1.22e-11	4.64e-09	6.83e-07	3.53e-05	7.32e-04	1.10e-02	3.46e-01	4.63e-01	1.79e-01
 1.20522e+21	0.00e+00	3.09e-32	2.93e-27	4.64e-23	2.24e-18	1.13e-14	1.48e-11	5.49e-09	7.88e-07	3.96e-05	7.97e-04	1.16e-02	3.55e-01	4.60e-01	1.73e-01
 1.26453e+21	0.00e+00	4.65e-32	4.21e-27	6.38e-23	3.03e-18	1.48e-14	1.89e-11	6.81e-09	9.47e-07	4.60e-05	8.89e-04	1.24e-02	3.65e-01	4.56e-01	1.65e-01
 1.32110e+21	0.00e+00	6.86e-32	5.94e-27	8.61e-23	4.02e-18	1.92e-14	2.39e-11	8.35e-09	1.13e-06	5.30e-05	9.86e-04	1.33e-02	3.75e-01	4.52e-01	1.58e-01
 1.36118e+21	0.00e+00	9.02e-32	7.57e-27	1.06e-22	4.91e-18	2.31e-14	2.82e-11	9.66e-09	1.28e-06	5.86e-05	1.06e-03	1.39e-02	3.83e-01	4.49e-01	1.53e-01
 1.40035e+21	0.00e+00	1.17e-31	9.55e-27	1.30e-22	5.96e-18	2.76e-14	3.31e-11	1.11e-08	1.44e-06	6.44e-05	1.14e-03	1.45e-02	3.90e-01	4.46e-01	1.48e-01
 1.45127e+21	0.00e+00	1.64e-31	1.29e-26	1.69e-22	7.63e-18	3.46e-14	4.06e-11	1.33e-08	1.68e-06	7.29e-05	1.24e-03	1.53e-02	3.99e-01	4.42e-01	1.42e-01
 1.50552e+21	0.00e+00	2.36e-31	1.77e-26	2.22e-22	9.93e-18	4.41e-14	5.05e-11	1.60e-08	1.97e-06	8.31e-05	1.37e-03	1.62e-02	4.08e-01	4.38e-01	1.36e-01
 1.55228e+21	0.00e+00	3.20e-31	2.32e-26	2.81e-22	1.24e-17	5.43e-14	6.09e-11	1.89e-08	2.27e-06	9.30e-05	1.49e-03	1.71e-02	4.17e-01	4.34e-01	1.31e-01
 1.60125e+21	0.00e+00	4.40e-31	3.07e-26	3.58e-22	1.57e-17	6.73e-14	7.39e-11	2.24e-08	2.62e-06	1.04e-04	1.62e-03	1.80e-02	4.25e-01	4.29e-01	1.26e-01
 1.65576e+21	0.00e+00	6.25e-31	4.18e-26	4.68e-22	2.03e-17	8.54e-14	9.16e-11	2.70e-08	3.07e-06	1.19e-04	1.78e-03	1.90e-02	4.35e-01	4.24e-01	1.20e-01
 1.70605e+21	0.00e+00	8.62e-31	5.55e-26	5.97e-22	2.57e-17	1.06e-13	1.11e-10	3.20e-08	3.56e-06	1.34e-04	1.93e-03	2.00e-02	4.43e-01	4.19e-01	1.15e-01
 1.75038e+21	0.00e+00	1.14e-30	7.10e-26	7.39e-22	3.15e-17	1.28e-13	1.32e-10	3.72e-08	4.04e-06	1.48e-04	2.08e-03	2.09e-02	4.51e-01	4.15e-01	1.11e-01
 1.79842e+21	0.00e+00	1.54e-30	9.25e-26	9.27e-22	3.93e-17	1.58e-13	1.60e-10	4.38e-08	4.64e-06	1.66e-04	2.26e-03	2.20e-02	4.59e-01	4.10e-01	1.07e-01
 1.85227e+21	0.00e+00	2.16e-30	1.24e-25	1.19e-21	5.03e-17	1.98e-13	1.96e-10	5.25e-08	5.42e-06	1.87e-04	2.47e-03	2.32e-02	4.68e-01	4.04e-01	1.02e-01
 1.90140e+21	0.00e+00	2.93e-30	1.62e-25	1.50e-21	6.29e-17	2.44e-13	2.37e-10	6.19e-08	6.23e-06	2.10e-04	2.68e-03	2.43e-02	4.76e-01	3.99e-01	9.75e-02
 1.94502e+21	0.00e+00	3.82e-30	2.05e-25	1.83e-21	7.65e-17	2.93e-13	2.80e-10	7.15e-08	7.05e-06	2.32e-04	2.88e-03	2.54e-02	4.83e-01	3.94e-01	9.38e-02
 1.99375e+21	0.00e+00	5.14e-30	2.65e-25	2.28e-21	9.51e-17	3.59e-13	3.37e-10	8.41e-08	8.09e-06	2.58e-04	3.12e-03	2.66e-02	4.91e-01	3.89e-01	8.98e-02
 2.04850e+21	0.00e+00	7.16e-30	3.53e-25	2.92e-21	1.21e-16	4.50e-13	4.14e-10	1.01e-07	9.43e-06	2.92e-04	3.41e-03	2.80e-02	5.00e-01	3.83e-01	8.55e-02
 2.09978e+21	0.00e+00	9.73e-30	4.62e-25	3.66e-21	1.52e-16	5.57e-13	5.02e-10	1.19e-07	1.09e-05	3.28e-04	3.70e-03	2.94e-02	5.08e-01	3.77e-01	8.16e-02
 2.14665e+21	0.00e+00	1.28e-29	5.88e-25	4.50e-21	1.86e-16	6.74e-13	5.98e-10	1.39e-07	1.24e-05	3.64e-04	3.98e-03	3.07e-02	5.15e-01	3.71e-01	7.82e-02
 2.19910e+21	0.00e+00	1.75e-29	7.68e-25	5.63e-21	2.34e-16	8.34e-13	7.26e-10	1.64e-07	1.43e-05	4.08e-04	4.33e-03	3.22e-02	5.23e-01	3.65e-01	7.45e-02
 2.25697e+21	0.00e+00	2.45e-29	1.03e-24	7.21e-21	2.99e-16	1.05e-12	8.99e-10	1.98e-07	1.68e-05	4.63e-04	4.74e-03	3.40e-02	5.32e-01	3.58e-01	7.06e-02
 2.30964e+21	0.00e+00	3.32e-29	1.34e-24	8.99e-21	3.74e-16	1.30e-12	1.09e-09	2.35e-07	1.94e-05	5.19e-04	5.15e-03	3.56e-02	5.40e-01	3.52e-01	6.72e-02
 2.35795e+21	0.00e+00	4.37e-29	1.69e-24	1.10e-20	4.59e-16	1.58e-12	1.30e-09	2.74e-07	2.21e-05	5.76e-04	5.55e-03	3.72e-02	5.46e-01	3.46e-01	6.41e-02
 2.41284e+21	0.00e+00	5.95e-29	2.21e-24	1.37e-20	5.76e-16	1.96e-12	1.59e-09	3.26e-07	2.55e-05	6.48e-04	6.03e-03	3.90e-02	5.54e-01	3.39e-01	6.09e-02
 2.47395e+21	0.00e+00	8.36e-29	2.96e-24	1.75e-20	7.41e-16	2.49e-12	1.98e-09	3.94e-07	3.00e-05	7.37e-04	6.62e-03	4.11e-02	5.62e-01	3.32e-01	5.74e-02
 2.53042e+21	0.00e+00	1.14e-28	3.87e-24	2.19e-20	9.31e-16	3.09e-12	2.41e-09	4.70e-07	3.49e-05	8.30e-04	7.20e-03	4.31e-02	5.70e-01	3.25e-01	5.43e-02
 2.58208e+21	0.00e+00	1.51e-28	4.92e-24	2.67e-20	1.15e-15	3.77e-12	2.90e-09	5.51e-07	3.99e-05	9.23e-04	7.77e-03	4.50e-02	5.76e-01	3.18e-01	5.16e-02
 2.64021e+21	0.00e+00	2.05e-28	6.41e-24	3.33e-20	1.44e-15	4.69e-12	3.54e-09	6.58e-07	4.63e-05	1.04e-03	8.46e-03	4.72e-02	5.83e-01	3.11e-01	4.88e-02
 2.70579e+21	0.00e+00	2.90e-28	8.60e-24	4.24e-20	1.86e-15	5.99e-12	4.44e-09	8.01e-07	5.46e-05	1.19e-03	9.29e-03	4.98e-02	5.91e-01	3.03e-01	4.57e-02
 2.76784e+21	0.00e+00	3.99e-28	1.13e-23	5.31e-20	2.36e-15	7.52e-12	5.48e-09	9.63e-07	6.38e-05	1.34e-03	1.01e-02	5.23e-02	5.97e-01	2.96e-01	4.30e-02
 2.82265e+21	0.00e+00	5.27e-28	1.43e-23	6.46e-20	2.89e-15	9.17e-12	6.57e-09	1.13e-06	7.30e-05	1.49e-03	1.09e-02	5.45e-02	6.03e-01	2.89e-01	4.07e-02
 2.87355e+21	0.00e+00	6.78e-28	1.77e-23	7.71e-20	3.49e-15	1.10e-11	7.77e-09	1.31e-06	8.25e-05	1.65e-03	1.17e-02	5.67e-02	6.08e-01	2.83e-01	3.87e-02
 2.93200e+21	0.00e+00	9.02e-28	2.26e-23	9.40e-20	4.32e-15	1.35e-11	9.38e-09	1.54e-06	9.48e-05	1.84e-03	1.27e-02	5.92e-02	6.14e-01	2.76e-01	3.65e-02
 2.99719e+21	0.00e+00	1.23e-27	2.95e-23	1.17e-19	5.44e-15	1.68e-11	1.15e-08	1.85e-06	1.10e-04	2.07e-03	1.38e-02	6.20e-02	6.19e-01	2.68e-01	3.42e-02
 3.05776e+21	0.00e+00	1.64e-27	3.75e-23	1.42e-19	6.72e-15	2.06e-11	1.39e-08	2.19e-06	1.27e-04	2.31e-03	1.49e-02	6.47e-02	6.24e-01	2.61e-01	3.22e-02
 3.11417e+21	0.00e+00	2.12e-27	4.68e-23	1.70e-19	8.14e-15	2.49e-11	1.66e-08	2.54e-06	1.44e-04	2.56e-03	1.60e-02	6.73e-02	6.28e-01	2.55e-01	3.05e-02
 3.17854e+21	0.00e+00	2.83e-27	5.97e-23	2.08e-19	1.01e-14	3.06e-11	2.01e-08	3.01e-06	1.66e-04	2.86e-03	1.73e-02	7.02e-02	6.33e-01	2.48e-01	2.86e-02
 3.25049e+21	0.00e+00	3.89e-27	7.81e-23	2.59e-19	1.27e-14	3.83e-11	2.48e-08	3.62e-06	1.93e-04	3.22e-03	1.89e-02	7.36e-02	6.37e-01	2.40e-01	2.67e-02
 3.31775e+21	0.00e+00	5.19e-27	9.98e-23	3.16e-19	1.57e-14	4.71e-11	3.00e-08	4.28e-06	2.22e-04	3.60e-03	2.04e-02	7.67e-02	6.41e-01	2.33e-01	2.50e-02
 3.38094e+21	0.00e+00	6.77e-27	1.25e-22	3.80e-19	1.91e-14	5.69e-11	3.57e-08	5.00e-06	2.53e-04	3.98e-03	2.19e-02	7.97e-02	6.44e-01	2.27e-01	2.35e-02
 3.45336e+21	3.60e-33	9.12e-27	1.61e-22	4.66e-19	2.38e-14	7.03e-11	4.35e-08	5.94e-06	2.91e-04	4.46e-03	2.37e-02	8.31e-02	6.47e-01	2.19e-01	2.20e-02
 3.53427e+21	5.22e-33	1.26e-26	2.12e-22	5.84e-19	3.01e-14	8.84e-11	5.38e-08	7.17e-06	3.40e-04	5.03e-03	2.58e-02	8.70e-02	6.50e-01	2.12e-01	2.04e-02
 3.60991e+21	7.34e-33	1.70e-26	2.72e-22	7.16e-19	3.74e-14	1.09e-10	6.54e-08	8.51e-06	3.92e-04	5.62e-03	2.79e-02	9.06e-02	6.52e-01	2.04e-01	1.90e-02
 3.68099e+21	1.00e-32	2.23e-26	3.43e-22	8.65e-19	4.55e-14	1.32e-10	7.80e-08	9.95e-06	4.46e-04	6.22e-03	2.99e-02	9.40e-02	6.54e-01	1.98e-01	1.78e-02
 3.76247e+21	1.42e-32	3.02e-26	4.44e-22	1.07e-18	5.67e-14	1.63e-10	9.51e-08	1.18e-05	5.14e-04	6.96e-03	3.23e-02	9.79e-02	6.55e-01	1.91e-01	1.65e-02
 3.84933e+21	2.05e-32	4.15e-26	5.83e-22	1.33e-18	7.13e-14	2.03e-10	1.17e-07	1.42e-05	5.97e-04	7.81e-03	3.50e-02	1.02e-01	6.56e-01	1.84e-01	1.52e-02
 3.92273e+21	2.77e-32	5.40e-26	7.29e-22	1.60e-18	8.60e-14	2.44e-10	1.38e-07	1.65e-05	6.74e-04	8.59e-03	3.74e-02	1.06e-01	6.56e-01	1.78e-01	1.43e-02
 3.98770e+21	3.60e-32	6.79e-26	8.86e-22	1.88e-18	1.01e-13	2.85e-10	1.60e-07	1.87e-05	7.49e-04	9.32e-03	3.95e-02	1.09e-01	6.56e-01	1.72e-01	1.35e-02
 4.06214e+21	4.82e-32	8.78e-26	1.10e-21	2.25e-18	1.21e-13	3.40e-10	1.88e-07	2.16e-05	8.42e-04	1.02e-02	4.21e-02	1.12e-01	6.55e-01	1.67e-01	1.26e-02
 4.15892e+21	7.01e-32	1.22e-25	1.46e-21	2.83e-18	1.53e-13	4.24e-10	2.31e-07	2.59e-05	9.77e-04	1.15e-02	4.55e-02	1.17e-01	6.54e-01	1.60e-01	1.16e-02
 4.25764e+21	1.02e-31	1.69e-25	1.93e-21	3.57e-18	1.92e-13	5.29e-10	2.84e-07	3.11e-05	1.13e-03	1.28e-02	4.92e-02	1.21e-01	6.52e-01	1.53e-01	1.06e-02
 4.33752e+21	1.37e-31	2.19e-25	2.41e-21	4.29e-18	2.30e-13	6.30e-10	3.34e-07	3.59e-05	1.27e-03	1.40e-02	5.22e-02	1.25e-01	6.50e-01	1.47e-01	9.93e-03
 4.42001e+21	1.85e-31	2.85e-25	3.02e-21	5.17e-18	2.76e-13	7.49e-10	3.93e-07	4.14e-05	1.43e-03	1.53e-02	5.54e-02	1.29e-01	6.48e-01	1.42e-01	9.27e-03
 4.52724e+21	2.70e-31	3.99e-25	4.03e-21	6.57e-18	3.47e-13	9.35e-10	4.82e-07	4.95e-05	1.65e-03	1.71e-02	5.97e-02	1.33e-01	6.44e-01	1.35e-01	8.47e-03
 4.63817e+21	3.97e-31	5.60e-25	5.40e-21	8.37e-18	4.37e-13	1.17e-09	5.92e-07	5.94e-05	1.91e-03	1.92e-02	6.43e-02	1.38e-01	6.40e-01	1.29e-01	7.73e-03
 4.72434e+21	5.35e-31	7.28e-25	6.77e-21	1.01e-17	5.22e-13	1.38e-09	6.94e-07	6.84e-05	2.14e-03	2.09e-02	6.80e-02	1.42e-01	6.36e-01	1.24e-01	7.19e-03
 4.79445e+21	6.75e-31	8.94e-25	8.09e-21	1.17e-17	6.00e-13	1.58e-09	7.84e-07	7.61e-05	2.33e-03	2.23e-02	7.10e-02	1.45e-01	6.32e-01	1.20e-01	6.80e-03
 4.87329e+21	8.74e-31	1.12e-24	9.86e-21	1.38e-17	7.00e-13	1.83e-09	8.98e-07	8.57e-05	2.56e-03	2.40e-02	7.44e-02	1.48e-01	6.28e-01	1.16e-01	6.39e-03
 4.97579e+21	1.22e-30	1.51e-24	1.27e-20	1.71e-17	8.53e-13	2.21e-09	1.07e-06	9.97e-05	2.89e-03	2.63e-02	7.90e-02	1.52e-01	6.23e-01	1.11e-01	5.89e-03
 5.08519e+21	1.72e-30	2.05e-24	1.66e-20	2.14e-17	1.05e-12	2.68e-09	1.28e-06	1.17e-04	3.28e-03	2.89e-02	8.40e-02	1.56e-01	6.16e-01	1.06e-01	5.40e-03
 5.18070e+21	2.32e-30	2.67e-24	2.09e-20	2.59e-17	1.25e-12	3.17e-09	1.49e-06	1.34e-04	3.65e-03	3.13e-02	8.84e-02	1.60e-01	6.10e-01	1.01e-01	5.01e-03
 5.28198e+21	3.15e-30	3.51e-24	2.65e-20	3.16e-17	1.50e-12	3.77e-09	1.75e-06	1.54e-04	4.08e-03	3.40e-02	9.31e-02	1.63e-01	6.04e-01	9.69e-02	4.63e-03
 5.41366e+21	4.66e-30	4.98e-24	3.58e-20	4.09e-17	1.89e-12	4.68e-09	2.13e-06	1.83e-04	4.68e-03	3.77e-02	9.93e-02	1.68e-01	5.95e-01	9.14e-02	4.19e-03
 5.54685e+21	6.88e-30	7.04e-24	4.85e-20	5.28e-17	2.37e-12	5.81e-09	2.60e-06	2.17e-04	5.36e-03	4.16e-02	1.06e-01	1.72e-01	5.85e-01	8.62e-02	3.79e-03
 5.65313e+21	9.31e-30	9.24e-24	6.14e-20	6.45e-17	2.83e-12	6.86e-09	3.02e-06	2.48e-04	5.95e-03	4.50e-02	1.11e-01	1.75e-01	5.77e-01	8.22e-02	3.50e-03
 5.76242e+21	1.26e-29	1.21e-23	7.79e-20	7.89e-17	3.39e-12	8.12e-09	3.52e-06	2.83e-04	6.60e-03	4.86e-02	1.16e-01	1.78e-01	5.68e-01	7.84e-02	3.23e-03
 5.88402e+21	1.76e-29	1.63e-23	1.01e-19	9.84e-17	4.12e-12	9.74e-09	4.16e-06	3.27e-04	7.39e-03	5.27e-02	1.22e-01	1.82e-01	5.59e-01	7.43e-02	2.95e-03
 5.99736e+21	2.39e-29	2.15e-23	1.29e-19	1.21e-16	4.93e-12	1.15e-08	4.84e-06	3.73e-04	8.19e-03	5.68e-02	1.27e-01	1.84e-01	5.49e-01	7.07e-02	2.72e-03
 6.12043e+21	3.29e-29	2.87e-23	1.66e-19	1.50e-16	5.96e-12	1.37e-08	5.67e-06	4.28e-04	9.11e-03	6.13e-02	1.33e-01	1.87e-01	5.39e-01	6.70e-02	2.49e-03
 6.25701e+21	4.68e-29	3.94e-23	2.19e-19	1.90e-16	7.32e-12	1.66e-08	6.74e-06	4.97e-04	1.02e-02	6.66e-02	1.40e-01	1.90e-01	5.27e-01	6.31e-02	2.25e-03
 6.38413e+21	6.44e-29	5.25e-23	2.82e-19	2.35e-16	8.83e-12	1.97e-08	7.88e-06	5.68e-04	1.13e-02	7.17e-02	1.46e-01	1.92e-01	5.16e-01	5.96e-02	2.06e-03
 6.52240e+21	9.03e-29	7.13e-23	3.69e-19	2.96e-16	1.08e-11	2.37e-08	9.29e-06	6.55e-04	1.26e-02	7.74e-02	1.52e-01	1.95e-01	5.04e-01	5.61e-02	1.87e-03
 6.67698e+21	1.31e-28	9.98e-23	4.95e-19	3.81e-16	1.34e-11	2.90e-08	1.11e-05	7.64e-04	1.42e-02	8.41e-02	1.60e-01	1.97e-01	4.90e-01	5.24e-02	1.68e-03
 6.82292e+21	1.84e-28	1.36e-22	6.50e-19	4.82e-16	1.64e-11	3.49e-08	1.31e-05	8.79e-04	1.58e-02	9.07e-02	1.66e-01	1.99e-01	4.77e-01	4.92e-02	1.52e-03
 6.98279e+21	2.65e-28	1.89e-22	8.70e-19	6.19e-16	2.04e-11	4.24e-08	1.56e-05	1.02e-03	1.77e-02	9.80e-02	1.73e-01	2.00e-01	4.63e-01	4.58e-02	1.36e-03
 7.16195e+21	3.94e-28	2.72e-22	1.20e-18	8.14e-16	2.58e-11	5.25e-08	1.89e-05	1.20e-03	2.00e-02	1.07e-01	1.81e-01	2.01e-01	4.47e-01	4.23e-02	1.20e-03
 7.32099e+21	5.56e-28	3.73e-22	1.58e-18	1.03e-15	3.16e-11	6.32e-08	2.23e-05	1.38e-03	2.22e-02	1.14e-01	1.88e-01	2.02e-01	4.32e-01	3.94e-02	1.08e-03
 7.45756e+21	7.41e-28	4.85e-22	2.00e-18	1.26e-15	3.75e-11	7.38e-08	2.55e-05	1.55e-03	2.42e-02	1.21e-01	1.93e-01	2.02e-01	4.20e-01	3.71e-02	9.83e-04
 7.61012e+21	1.02e-27	6.49e-22	2.58e-18	1.57e-15	4.52e-11	8.74e-08	2.96e-05	1.75e-03	2.66e-02	1.29e-01	1.99e-01	2.02e-01	4.06e-01	3.47e-02	8.87e-04
 7.80845e+21	1.51e-27	9.33e-22	3.56e-18	2.07e-15	5.73e-11	1.08e-07	3.56e-05	2.05e-03	2.98e-02	1.39e-01	2.06e-01	2.02e-01	3.89e-01	3.18e-02	7.79e-04
 8.01751e+21	2.28e-27	1.36e-21	4.98e-18	2.76e-15	7.31e-11	1.35e-07	4.33e-05	2.41e-03	3.36e-02	1.50e-01	2.13e-01	2.01e-01	3.70e-01	2.89e-02	6.76e-04
 8.18804e+21	3.14e-27	1.84e-21	6.49e-18	3.47e-15	8.87e-11	1.60e-07	5.03e-05	2.73e-03	3.69e-02	1.60e-01	2.19e-01	1.99e-01	3.55e-01	2.67e-02	6.03e-04
 8.33456e+21	4.12e-27	2.37e-21	8.11e-18	4.21e-15	1.04e-10	1.85e-07	5.71e-05	3.03e-03	3.98e-02	1.68e-01	2.23e-01	1.98e-01	3.43e-01	2.50e-02	5.48e-04
 8.50237e+21	5.59e-27	3.15e-21	1.04e-17	5.22e-15	1.25e-10	2.18e-07	6.58e-05	3.41e-03	4.33e-02	1.77e-01	2.28e-01	1.96e-01	3.29e-01	2.32e-02	4.90e-04
 8.72053e+21	8.17e-27	4.50e-21	1.43e-17	6.84e-15	1.58e-10	2.67e-07	7.84e-05	3.94e-03	4.80e-02	1.88e-01	2.33e-01	1.94e-01	3.12e-01	2.10e-02	4.26e-04
 8.94707e+21	1.21e-26	6.50e-21	1.98e-17	9.03e-15	1.99e-10	3.28e-07	9.39e-05	4.58e-03	5.34e-02	2.01e-01	2.38e-01	1.90e-01	2.93e-01	1.89e-02	3.66e-04
 9.13405e+21	1.64e-26	8.73e-21	2.56e-17	1.13e-14	2.40e-10	3.87e-07	1.08e-04	5.15e-03	5.80e-02	2.11e-01	2.42e-01	1.87e-01	2.79e-01	1.73e-02	3.23e-04
 9.32669e+21	2.24e-26	1.17e-20	3.32e-17	1.41e-14	2.89e-10	4.57e-07	1.25e-04	5.78e-03	6.29e-02	2.21e-01	2.45e-01	1.84e-01	2.65e-01	1.59e-02	2.85e-04
 9.57711e+21	3.30e-26	1.70e-20	4.61e-17	1.87e-14	3.66e-10	5.62e-07	1.49e-04	6.68e-03	6.96e-02	2.34e-01	2.48e-01	1.79e-01	2.47e-01	1.41e-02	2.43e-04
 9.83554e+21	4.89e-26	2.49e-20	6.44e-17	2.48e-14	4.64e-10	6.93e-07	1.79e-04	7.74e-03	7.70e-02	2.48e-01	2.51e-01	1.74e-01	2.29e-01	1.25e-02	2.04e-04
 1.00468e+22	6.64e-26	3.36e-20	8.40e-17	3.11e-14	5.60e-10	8.18e-07	2.06e-04	8.68e-03	8.32e-02	2.59e-01	2.52e-01	1.70e-01	2.16e-01	1.13e-02	1.78e-04
 1.02640e+22	9.04e-26	4.54e-20	1.09e-16	3.91e-14	6.75e-10	9.64e-07	2.37e-04	9.72e-03	8.98e-02	2.69e-01	2.53e-01	1.65e-01	2.02e-01	1.02e-02	1.54e-04
 1.04981e+22	1.24e-25	6.24e-20	1.45e-16	4.96e-14	8.23e-10	1.15e-06	2.74e-04	1.09e-02	9.71e-02	2.81e-01	2.54e-01	1.60e-01	1.89e-01	9.12e-03	1.33e-04
 1.07053e+22	1.64e-25	8.23e-20	1.85e-16	6.10e-14	9.76e-10	1.33e-06	3.11e-04	1.21e-02	1.04e-01	2.90e-01	2.53e-01	1.55e-01	1.77e-01	8.25e-03	1.16e-04
 1.08964e+22	2.09e-25	1.05e-19	2.30e-16	7.35e-14	1.14e-09	1.52e-06	3.49e-04	1.33e-02	1.10e-01	2.98e-01	2.53e-01	1.50e-01	1.67e-01	7.53e-03	1.02e-04
 1.11157e+22	2.75e-25	1.40e-19	2.94e-16	9.06e-14	1.35e-09	1.77e-06	3.96e-04	1.47e-02	1.18e-01	3.08e-01	2.52e-01	1.45e-01	1.56e-01	6.78e-03	8.87e-05
 1.13632e+22	3.72e-25	1.90e-19	3.85e-16	1.14e-13	1.63e-09	2.08e-06	4.55e-04	1.64e-02	1.26e-01	3.18e-01	2.50e-01	1.39e-01	1.44e-01	6.01e-03	7.55e-05
 1.15983e+22	4.89e-25	2.54e-19	4.97e-16	1.41e-13	1.95e-09	2.42e-06	5.17e-04	1.81e-02	1.34e-01	3.26e-01	2.48e-01	1.34e-01	1.34e-01	5.36e-03	6.48e-05
 1.18200e+22	6.29e-25	3.32e-19	6.27e-16	1.72e-13	2.29e-09	2.79e-06	5.81e-04	1.99e-02	1.42e-01	3.34e-01	2.45e-01	1.29e-01	1.24e-01	4.81e-03	5.61e-05
 1.20732e+22	8.30e-25	4.45e-19	8.12e-16	2.15e-13	2.74e-09	3.25e-06	6.61e-04	2.20e-02	1.51e-01	3.42e-01	2.42e-01	1.23e-01	1.15e-01	4.26e-03	4.78e-05
 1.23577e+22	1.13e-24	6.20e-19	1.08e-15	2.74e-13	3.34e-09	3.86e-06	7.63e-04	2.47e-02	1.62e-01	3.51e-01	2.37e-01	1.17e-01	1.04e-01	3.70e-03	3.96e-05
 1.26223e+22	1.47e-24	8.37e-19	1.41e-15	3.42e-13	3.99e-09	4.50e-06	8.68e-04	2.73e-02	1.72e-01	3.58e-01	2.33e-01	1.11e-01	9.53e-02	3.25e-03	3.33e-05
 1.28672e+22	1.87e-24	1.10e-18	1.79e-15	4.18e-13	4.70e-09	5.17e-06	9.74e-04	2.98e-02	1.81e-01	3.64e-01	2.28e-01	1.06e-01	8.78e-02	2.88e-03	2.85e-05
 1.31475e+22	2.45e-24	1.49e-18	2.33e-15	5.24e-13	5.63e-09	6.04e-06	1.11e-03	3.30e-02	1.92e-01	3.70e-01	2.22e-01	9.98e-02	7.98e-02	2.51e-03	2.38e-05
 1.35118e+22	3.43e-24	2.18e-18	3.26e-15	6.96e-13	7.07e-09	7.34e-06	1.30e-03	3.73e-02	2.05e-01	3.76e-01	2.15e-01	9.26e-02	7.05e-02	2.10e-03	1.89e-05
 1.38795e+22	4.72e-24	3.21e-18	4.56e-15	9.24e-13	8.87e-09	8.90e-06	1.52e-03	4.22e-02	2.19e-01	3.81e-01	2.07e-01	8.55e-02	6.20e-02	1.75e-03	1.48e-05
 1.41687e+22	6.00e-24	4.32e-18	5.91e-15	1.15e-12	1.06e-08	1.03e-05	1.72e-03	4.63e-02	2.30e-01	3.84e-01	2.00e-01	8.02e-02	5.59e-02	1.51e-03	1.23e-05
 1.44621e+22	7.59e-24	5.77e-18	7.61e-15	1.43e-12	1.25e-08	1.19e-05	1.94e-03	5.06e-02	2.41e-01	3.86e-01	1.93e-01	7.52e-02	5.05e-02	1.31e-03	1.02e-05
 1.48435e+22	1.02e-23	8.36e-18	1.05e-14	1.88e-12	1.56e-08	1.43e-05	2.25e-03	5.67e-02	2.55e-01	3.87e-01	1.84e-01	6.91e-02	4.42e-02	1.08e-03	8.02e-06
 1.52408e+22	1.36e-23	1.23e-17	1.47e-14	2.49e-12	1.95e-08	1.73e-05	2.62e-03	6.35e-02	2.70e-01	3.88e-01	1.74e-01	6.30e-02	3.83e-02	8.88e-04	6.22e-06
 1.55727e+22	1.72e-23	1.68e-17	1.93e-14	3.14e-12	2.35e-08	2.01e-05	2.96e-03	6.97e-02	2.82e-01	3.86e-01	1.66e-01	5.83e-02	3.40e-02	7.52e-04	5.03e-06
 1.58603e+22	2.09e-23	2.19e-17	2.44e-14	3.82e-12	2.75e-08	2.29e-05	3.28e-03	7.52e-02	2.92e-01	3.85e-01	1.59e-01	5.44e-02	3.07e-02	6.52e-04	4.19e-06
 1.61760e+22	2.58e-23	2.91e-17	3.14e-14	4.73e-12	3.25e-08	2.64e-05	3.67e-03	8.16e-02	3.02e-01	3.82e-01	1.52e-01	5.05e-02	2.74e-02	5.58e-04	3.44e-06
 1.65865e+22	3.36e-23	4.18e-17	4.31e-14	6.20e-12	4.03e-08	3.15e-05	4.21e-03	9.04e-02	3.15e-01	3.78e-01	1.43e-01	4.57e-02	2.36e-02	4.56e-04	2.66e-06
 1.70059e+22	4.32e-23	6.04e-17	5.96e-14	8.17e-12	5.01e-08	3.76e-05	4.85e-03	1.00e-01	3.28e-01	3.72e-01	1.33e-01	4.12e-02	2.03e-02	3.70e-04	2.05e-06
 1.73455e+22	5.27e-23	8.11e-17	7.72e-14	1.02e-11	5.96e-08	4.33e-05	5.42e-03	1.08e-01	3.38e-01	3.66e-01	1.26e-01	3.78e-02	1.79e-02	3.12e-04	1.65e-06
 1.76958e+22	6.44e-23	1.08e-16	9.96e-14	1.27e-11	7.09e-08	4.98e-05	6.03e-03	1.17e-01	3.48e-01	3.60e-01	1.18e-01	3.47e-02	1.58e-02	2.64e-04	1.34e-06
 1.81512e+22	8.33e-23	1.57e-16	1.38e-13	1.68e-11	8.85e-08	5.96e-05	6.93e-03	1.29e-01	3.60e-01	3.51e-01	1.09e-01	3.10e-02	1.34e-02	2.11e-04	1.01e-06
 1.86121e+22	1.06e-22	2.28e-16	1.92e-13	2.23e-11	1.11e-07	7.12e-05	7.94e-03	1.42e-01	3.70e-01	3.41e-01	1.00e-01	2.75e-02	1.13e-02	1.69e-04	7.64e-07
 1.89784e+22	1.27e-22	3.04e-16	2.48e-13	2.78e-11	1.32e-07	8.19e-05	8.82e-03	1.53e-01	3.78e-01	3.32e-01	9.34e-02	2.50e-02	9.88e-03	1.41e-04	6.11e-07
 1.93527e+22	1.54e-22	4.03e-16	3.19e-13	3.45e-11	1.56e-07	9.37e-05	9.77e-03	1.63e-01	3.85e-01	3.23e-01	8.72e-02	2.27e-02	8.65e-03	1.18e-04	4.90e-07
 1.98392e+22	1.96e-22	5.79e-16	4.39e-13	4.55e-11	1.95e-07	1.11e-04	1.11e-02	1.78e-01	3.93e-01	3.11e-01	7.94e-02	2.01e-02	7.26e-03	9.38e-05	3.68e-07
 2.03455e+22	2.48e-22	8.36e-16	6.09e-13	6.05e-11	2.44e-07	1.33e-04	1.27e-02	1.94e-01	4.00e-01	2.98e-01	7.19e-02	1.76e-02	6.05e-03	7.38e-05	2.74e-07
 2.07687e+22	2.99e-22	1.13e-15	7.96e-13	7.63e-11	2.93e-07	1.53e-04	1.41e-02	2.08e-01	4.05e-01	2.86e-01	6.60e-02	1.57e-02	5.20e-03	6.05e-05	2.14e-07
 2.12099e+22	3.65e-22	1.52e-15	1.04e-12	9.63e-11	3.52e-07	1.77e-04	1.56e-02	2.22e-01	4.09e-01	2.75e-01	6.04e-02	1.40e-02	4.45e-03	4.93e-05	1.67e-07
 2.17836e+22	4.71e-22	2.22e-15	1.46e-12	1.29e-10	4.44e-07	2.12e-04	1.78e-02	2.40e-01	4.12e-01	2.60e-01	5.39e-02	1.21e-02	3.64e-03	3.80e-05	1.21e-07
 2.23748e+22	6.01e-22	3.25e-15	2.05e-12	1.74e-10	5.61e-07	2.53e-04	2.02e-02	2.60e-01	4.14e-01	2.45e-01	4.77e-02	1.04e-02	2.95e-03	2.90e-05	0.00e+00
 2.28619e+22	7.31e-22	4.40e-15	2.69e-12	2.21e-10	6.77e-07	2.92e-04	2.24e-02	2.76e-01	4.14e-01	2.32e-01	4.31e-02	9.15e-03	2.49e-03	2.33e-05	0.00e+00
 2.33681e+22	9.00e-22	5.94e-15	3.52e-12	2.80e-10	8.15e-07	3.37e-04	2.47e-02	2.93e-01	4.13e-01	2.20e-01	3.89e-02	8.03e-03	2.10e-03	1.87e-05	0.00e+00
 2.38980e+22	1.10e-21	8.08e-15	4.65e-12	3.57e-10	9.87e-07	3.89e-04	2.73e-02	3.10e-01	4.12e-01	2.07e-01	3.49e-02	7.01e-03	1.75e-03	1.48e-05	0.00e+00
 2.43449e+22	1.31e-21	1.04e-14	5.84e-12	4.36e-10	1.15e-06	4.38e-04	2.97e-02	3.24e-01	4.09e-01	1.97e-01	3.18e-02	6.25e-03	1.51e-03	1.22e-05	0.00e+00
 2.48118e+22	1.57e-21	1.34e-14	7.34e-12	5.34e-10	1.35e-06	4.93e-04	3.22e-02	3.39e-01	4.06e-01	1.87e-01	2.89e-02	5.55e-03	1.29e-03	1.01e-05	0.00e+00
 2.54189e+22	1.97e-21	1.84e-14	9.77e-12	6.87e-10	1.65e-06	5.71e-04	3.56e-02	3.58e-01	4.01e-01	1.74e-01	2.55e-02	4.77e-03	1.06e-03	7.82e-06	0.00e+00
 2.60446e+22	2.46e-21	2.53e-14	1.31e-11	8.87e-10	2.01e-06	6.63e-04	3.93e-02	3.76e-01	3.95e-01	1.62e-01	2.25e-02	4.08e-03	8.63e-04	6.04e-06	0.00e+00
 2.65528e+22	2.94e-21	3.27e-14	1.65e-11	1.09e-09	2.36e-06	7.46e-04	4.26e-02	3.92e-01	3.89e-01	1.52e-01	2.02e-02	3.58e-03	7.31e-04	4.89e-06	0.00e+00
 2.70717e+22	3.53e-21	4.16e-14	2.05e-11	1.32e-09	2.74e-06	8.34e-04	4.58e-02	4.06e-01	3.83e-01	1.43e-01	1.82e-02	3.17e-03	6.23e-04	4.00e-06	0.00e+00
 2.77463e+22	4.47e-21	5.67e-14	2.71e-11	1.69e-09	3.33e-06	9.60e-04	5.03e-02	4.24e-01	3.74e-01	1.32e-01	1.59e-02	2.69e-03	5.06e-04	3.08e-06	0.00e+00
 2.84419e+22	5.61e-21	7.73e-14	3.59e-11	2.17e-09	4.04e-06	1.11e-03	5.51e-02	4.42e-01	3.64e-01	1.21e-01	1.39e-02	2.27e-03	4.08e-04	2.35e-06	0.00e+00
 2.90127e+22	6.73e-21	9.92e-14	4.51e-11	2.66e-09	4.72e-06	1.24e-03	5.93e-02	4.56e-01	3.56e-01	1.13e-01	1.23e-02	1.98e-03	3.42e-04	1.89e-06	0.00e+00
 2.96023e+22	8.13e-21	1.26e-13	5.60e-11	3.22e-09	5.48e-06	1.38e-03	6.35e-02	4.70e-01	3.47e-01	1.05e-01	1.10e-02	1.73e-03	2.89e-04	1.53e-06	0.00e+00
 3.03689e+22	1.04e-20	1.71e-13	7.39e-11	4.12e-09	6.64e-06	1.59e-03	6.93e-02	4.86e-01	3.36e-01	9.58e-02	9.53e-03	1.45e-03	2.31e-04	1.16e-06	0.00e+00
 3.11625e+22	1.31e-20	2.33e-13	9.79e-11	5.29e-09	8.05e-06	1.82e-03	7.55e-02	5.03e-01	3.24e-01	8.69e-02	8.18e-03	1.21e-03	1.84e-04	8.69e-07	0.00e+00
 3.18201e+22	1.58e-20	2.98e-13	1.23e-10	6.49e-09	9.42e-06	2.04e-03	8.10e-02	5.15e-01	3.13e-01	8.01e-02	7.19e-03	1.04e-03	1.52e-04	6.86e-07	0.00e+00
 3.25037e+22	1.92e-20	3.80e-13	1.53e-10	7.89e-09	1.09e-05	2.27e-03	8.64e-02	5.27e-01	3.03e-01	7.39e-02	6.35e-03	8.97e-04	1.26e-04	5.46e-07	0.00e+00
 3.33923e+22	2.48e-20	5.16e-13	2.03e-10	1.01e-08	1.33e-05	2.60e-03	9.38e-02	5.41e-01	2.90e-01	6.64e-02	5.40e-03	7.41e-04	9.93e-05	4.05e-07	0.00e+00
 3.43177e+22	3.16e-20	7.04e-13	2.70e-10	1.31e-08	1.61e-05	2.98e-03	1.02e-01	5.55e-01	2.76e-01	5.94e-02	4.55e-03	6.07e-04	7.74e-05	2.98e-07	0.00e+00
 3.50938e+22	3.86e-20	9.07e-13	3.41e-10	1.61e-08	1.89e-05	3.34e-03	1.09e-01	5.65e-01	2.64e-01	5.40e-02	3.95e-03	5.13e-04	6.29e-05	2.31e-07	0.00e+00
 3.59060e+22	4.76e-20	1.16e-12	4.28e-10	1.97e-08	2.21e-05	3.72e-03	1.16e-01	5.74e-01	2.53e-01	4.92e-02	3.43e-03	4.36e-04	5.14e-05	1.80e-07	0.00e+00
 3.69619e+22	6.21e-20	1.59e-12	5.71e-10	2.56e-08	2.69e-05	4.27e-03	1.25e-01	5.85e-01	2.39e-01	4.35e-02	2.86e-03	3.52e-04	3.95e-05	1.30e-07	0.00e+00
 3.80705e+22	8.05e-20	2.19e-12	7.67e-10	3.34e-08	3.30e-05	4.91e-03	1.36e-01	5.94e-01	2.24e-01	3.82e-02	2.36e-03	2.83e-04	3.01e-05	0.00e+00	0.00e+00
 3.89210e+22	9.74e-20	2.79e-12	9.59e-10	4.08e-08	3.84e-05	5.46e-03	1.44e-01	6.01e-01	2.13e-01	3.46e-02	2.04e-03	2.38e-04	2.43e-05	0.00e+00	0.00e+00
 3.95688e+22	1.12e-19	3.31e-12	1.12e-09	4.71e-08	4.29e-05	5.88e-03	1.50e-01	6.04e-01	2.05e-01	3.21e-02	1.83e-03	2.11e-04	2.09e-05	0.00e+00	0.00e+00
 4.02797e+22	1.32e-19	4.00e-12	1.34e-09	5.51e-08	4.83e-05	6.38e-03	1.57e-01	6.08e-01	1.97e-01	2.96e-02	1.63e-03	1.84e-04	1.77e-05	0.00e+00	0.00e+00
 4.12038e+22	1.62e-19	5.06e-12	1.66e-09	6.71e-08	5.60e-05	7.06e-03	1.66e-01	6.12e-01	1.87e-01	2.67e-02	1.41e-03	1.55e-04	1.44e-05	0.00e+00	0.00e+00
 4.22172e+22	2.00e-19	6.51e-12	2.10e-09	8.29e-08	6.58e-05	7.87e-03	1.76e-01	6.15e-01	1.76e-01	2.38e-02	1.19e-03	1.29e-04	1.14e-05	0.00e+00	0.00e+00
 4.31354e+22	2.41e-19	8.13e-12	2.59e-09	1.00e-07	7.58e-05	8.67e-03	1.85e-01	6.17e-01	1.67e-01	2.15e-02	1.03e-03	1.09e-04	9.33e-06	0.00e+00	0.00e+00
 4.39893e+22	2.86e-19	9.91e-12	3.11e-09	1.18e-07	8.61e-05	9.44e-03	1.93e-01	6.18e-01	1.58e-01	1.96e-02	9.05e-04	9.40e-05	7.76e-06	0.00e+00	0.00e+00
 4.49711e+22	3.48e-19	1.24e-11	3.82e-09	1.43e-07	9.91e-05	1.04e-02	2.03e-01	6.19e-01	1.49e-01	1.76e-02	7.80e-04	7.94e-05	6.31e-06	0.00e+00	0.00e+00
 4.62473e+22	4.45e-19	1.63e-11	4.95e-09	1.81e-07	1.18e-04	1.17e-02	2.15e-01	6.18e-01	1.39e-01	1.54e-02	6.45e-04	6.41e-05	4.86e-06	0.00e+00	0.00e+00
 4.75469e+22	5.64e-19	2.15e-11	6.43e-09	2.30e-07	1.42e-04	1.32e-02	2.28e-01	6.16e-01	1.28e-01	1.34e-02	5.31e-04	5.15e-05	3.72e-06	0.00e+00	0.00e+00
 4.85862e+22	6.76e-19	2.67e-11	7.87e-09	2.76e-07	1.63e-04	1.44e-02	2.39e-01	6.14e-01	1.20e-01	1.20e-02	4.57e-04	4.34e-05	3.02e-06	0.00e+00	0.00e+00
 4.96464e+22	8.16e-19	3.28e-11	9.58e-09	3.31e-07	1.86e-04	1.58e-02	2.49e-01	6.11e-01	1.13e-01	1.08e-02	3.93e-04	3.67e-05	2.46e-06	0.00e+00	0.00e+00
 5.10248e+22	1.04e-18	4.26e-11	1.23e-08	4.15e-07	2.21e-04	1.76e-02	2.62e-01	6.06e-01	1.04e-01	9.39e-03	3.25e-04	2.97e-05	1.90e-06	0.00e+00	0.00e+00
 5.24954e+22	1.32e-18	5.62e-11	1.59e-08	5.26e-07	2.63e-04	1.98e-02	2.77e-01	5.99e-01	9.57e-02	8.11e-03	2.67e-04	2.38e-05	1.45e-06	0.00e+00	0.00e+00
 5.37795e+22	1.62e-18	7.09e-11	1.99e-08	6.47e-07	3.07e-04	2.19e-02	2.90e-01	5.92e-01	8.85e-02	7.12e-03	2.23e-04	1.95e-05	1.14e-06	0.00e+00	0.00e+00
 5.51425e+22	2.01e-18	8.96e-11	2.48e-08	7.94e-07	3.58e-04	2.41e-02	3.03e-01	5.85e-01	8.18e-02	6.24e-03	1.87e-04	1.61e-05	8.99e-07	0.00e+00	0.00e+00
 5.69144e+22	2.65e-18	1.20e-10	3.28e-08	1.03e-06	4.34e-04	2.73e-02	3.19e-01	5.74e-01	7.38e-02	5.28e-03	1.50e-04	1.25e-05	6.65e-07	0.00e+00	0.00e+00
 5.87512e+22	3.47e-18	1.62e-10	4.37e-08	1.34e-06	5.29e-04	3.09e-02	3.36e-01	5.61e-01	6.62e-02	4.43e-03	1.19e-04	9.70e-06	4.86e-07	0.00e+00	0.00e+00
 6.02690e+22	4.31e-18	2.06e-10	5.50e-08	1.67e-06	6.21e-04	3.42e-02	3.50e-01	5.50e-01	6.05e-02	3.84e-03	9.81e-05	7.88e-06	3.78e-07	0.00e+00	0.00e+00
 6.18387e+22	5.39e-18	2.60e-10	6.87e-08	2.05e-06	7.24e-04	3.77e-02	3.64e-01	5.39e-01	5.53e-02	3.34e-03	8.16e-05	6.44e-06	2.96e-07	0.00e+00	0.00e+00
 6.38792e+22	7.14e-18	3.49e-10	9.10e-08	2.66e-06	8.78e-04	4.25e-02	3.81e-01	5.23e-01	4.93e-02	2.79e-03	6.46e-05	4.99e-06	2.17e-07	0.00e+00	0.00e+00
 6.58250e+22	9.25e-18	4.63e-10	1.20e-07	3.44e-06	1.06e-03	4.76e-02	3.98e-01	5.07e-01	4.40e-02	2.34e-03	5.14e-05	3.89e-06	1.60e-07	0.00e+00	0.00e+00
 6.71969e+22	1.10e-17	5.60e-10	1.44e-07	4.08e-06	1.20e-03	5.14e-02	4.09e-01	4.96e-01	4.06e-02	2.08e-03	4.41e-05	3.28e-06	1.31e-07	0.00e+00	0.00e+00
 6.85296e+22	1.31e-17	6.68e-10	1.70e-07	4.78e-06	1.35e-03	5.52e-02	4.19e-01	4.85e-01	3.77e-02	1.86e-03	3.82e-05	2.81e-06	0.00e+00	0.00e+00	0.00e+00
 7.02622e+22	1.64e-17	8.34e-10	2.11e-07	5.84e-06	1.56e-03	6.03e-02	4.32e-01	4.71e-01	3.42e-02	1.61e-03	3.18e-05	2.30e-06	0.00e+00	0.00e+00	0.00e+00
 7.25144e+22	2.17e-17	1.10e-09	2.75e-07	7.51e-06	1.87e-03	6.73e-02	4.47e-01	4.52e-01	3.03e-02	1.34e-03	2.53e-05	1.80e-06	0.00e+00	0.00e+00	0.00e+00
 7.48261e+22	2.87e-17	1.47e-09	3.64e-07	9.75e-06	2.26e-03	7.52e-02	4.62e-01	4.33e-01	2.66e-02	1.11e-03	1.99e-05	1.39e-06	0.00e+00	0.00e+00	0.00e+00
 7.65985e+22	3.55e-17	1.82e-09	4.48e-07	1.18e-05	2.60e-03	8.16e-02	4.73e-01	4.18e-01	2.41e-02	9.64e-04	1.66e-05	1.14e-06	0.00e+00	0.00e+00	0.00e+00
 7.80615e+22	4.19e-17	2.16e-09	5.29e-07	1.39e-05	2.92e-03	8.72e-02	4.81e-01	4.05e-01	2.22e-02	8.58e-04	1.44e-05	9.76e-07	0.00e+00	0.00e+00	0.00e+00
 7.97389e+22	5.14e-17	2.61e-09	6.34e-07	1.64e-05	3.29e-03	9.34e-02	4.90e-01	3.92e-01	2.03e-02	7.58e-04	1.23e-05	8.26e-07	0.00e+00	0.00e+00	0.00e+00
 8.19194e+22	6.59e-17	3.30e-09	7.95e-07	2.02e-05	3.83e-03	1.02e-01	5.00e-01	3.75e-01	1.81e-02	6.47e-04	1.01e-05	6.69e-07	0.00e+00	0.00e+00	0.00e+00
 8.43037e+22	8.64e-17	4.29e-09	1.02e-06	2.56e-05	4.53e-03	1.12e-01	5.11e-01	3.56e-01	1.59e-02	5.42e-04	8.13e-06	5.28e-07	0.00e+00	0.00e+00	0.00e+00
 8.64250e+22	1.10e-16	5.38e-09	1.27e-06	3.14e-05	5.24e-03	1.21e-01	5.19e-01	3.40e-01	1.42e-02	4.65e-04	6.72e-06	4.31e-07	0.00e+00	0.00e+00	0.00e+00
 8.83548e+22	1.36e-16	6.58e-09	1.55e-06	3.76e-05	5.95e-03	1.30e-01	5.25e-01	3.25e-01	1.28e-02	4.05e-04	5.67e-06	3.59e-07	0.00e+00	0.00e+00	0.00e+00
 9.05635e+22	1.73e-16	8.17e-09	1.90e-06	4.56e-05	6.82e-03	1.40e-01	5.32e-01	3.10e-01	1.14e-02	3.49e-04	4.73e-06	2.96e-07	0.00e+00	0.00e+00	0.00e+00
 9.34347e+22	2.35e-16	1.07e-08	2.48e-06	5.81e-05	8.09e-03	1.53e-01	5.38e-01	2.91e-01	9.91e-03	2.89e-04	3.76e-06	2.32e-07	0.00e+00	0.00e+00	0.00e+00
 9.63789e+22	3.23e-16	1.43e-08	3.27e-06	7.50e-05	9.67e-03	1.68e-01	5.43e-01	2.71e-01	8.50e-03	2.37e-04	2.95e-06	1.80e-07	0.00e+00	0.00e+00	0.00e+00
 9.87262e+22	4.13e-16	1.80e-08	4.06e-06	9.15e-05	1.11e-02	1.80e-01	5.46e-01	2.56e-01	7.52e-03	2.03e-04	2.44e-06	1.47e-07	0.00e+00	0.00e+00	0.00e+00
 1.01086e+23	5.29e-16	2.22e-08	4.95e-06	1.09e-04	1.25e-02	1.91e-01	5.47e-01	2.42e-01	6.73e-03	1.77e-04	2.06e-06	1.23e-07	0.00e+00	0.00e+00	0.00e+00
 1.04153e+23	7.26e-16	2.89e-08	6.38e-06	1.38e-04	1.47e-02	2.07e-01	5.47e-01	2.25e-01	5.78e-03	1.47e-04	1.65e-06	0.00e+00	0.00e+00	0.00e+00	0.00e+00
 1.07364e+23	1.03e-15	3.86e-08	8.40e-06	1.77e-04	1.75e-02	2.25e-01	5.46e-01	2.07e-01	4.92e-03	1.21e-04	1.30e-06	0.00e+00	0.00e+00	0.00e+00	0.00e+00
 1.10000e+23	1.34e-15	4.88e-08	1.04e-05	2.15e-04	1.99e-02	2.39e-01	5.43e-01	1.94e-01	4.33e-03	1.04e-04	1.08e-06	0.00e+00	0.00e+00	0.00e+00	0.00e+00
 1.12666e+23	1.76e-15	6.05e-08	1.29e-05	2.61e-04	2.27e-02	2.53e-01	5.39e-01	1.81e-01	3.79e-03	8.87e-05	8.93e-07	0.00e+00	0.00e+00	0.00e+00	0.00e+00
 1.16133e+23	2.52e-15	7.99e-08	1.67e-05	3.28e-04	2.65e-02	2.71e-01	5.33e-01	1.66e-01	3.24e-03	7.38e-05	7.14e-07	0.00e+00	0.00e+00	0.00e+00	0.00e+00
 1.19721e+23	3.66e-15	1.07e-07	2.21e-05	4.20e-04	3.11e-02	2.91e-01	5.24e-01	1.51e-01	2.73e-03	6.06e-05	5.62e-07	0.00e+00	0.00e+00	0.00e+00	0.00e+00
 1.22603e+23	4.97e-15	1.36e-07	2.76e-05	5.09e-04	3.53e-02	3.06e-01	5.16e-01	1.40e-01	2.38e-03	5.19e-05	4.66e-07	0.00e+00	0.00e+00	0.00e+00	0.00e+00
 1.24931e+23	6.40e-15	1.65e-07	3.29e-05	5.97e-04	3.91e-02	3.19e-01	5.09e-01	1.31e-01	2.12e-03	4.56e-05	3.98e-07	0.00e+00	0.00e+00	0.00e+00	0.00e+00
 1.27405e+23	8.19e-15	1.97e-07	3.91e-05	6.95e-04	4.32e-02	3.31e-01	5.00e-01	1.22e-01	1.89e-03	4.03e-05	3.43e-07	0.00e+00	0.00e+00	0.00e+00	0.00e+00
 1.30622e+23	1.15e-14	2.51e-07	4.88e-05	8.41e-04	4.88e-02	3.47e-01	4.89e-01	1.12e-01	1.64e-03	3.45e-05	2.83e-07	0.00e+00	0.00e+00	0.00e+00	0.00e+00
 1.33869e+23	1.62e-14	3.21e-07	6.15e-05	1.03e-03	5.54e-02	3.63e-01	4.76e-01	1.03e-01	1.41e-03	2.93e-05	2.32e-07	0.00e+00	0.00e+00	0.00e+00	0.00e+00
 1.36339e+23	2.16e-14	3.88e-07	7.37e-05	1.20e-03	6.10e-02	3.75e-01	4.66e-01	9.55e-02	1.25e-03	2.58e-05	1.99e-07	0.00e+00	0.00e+00	0.00e+00	0.00e+00
 1.38278e+23	2.69e-14	4.49e-07	8.44e-05	1.35e-03	6.55e-02	3.84e-01	4.57e-01	9.03e-02	1.14e-03	2.34e-05	1.77e-07	0.00e+00	0.00e+00	0.00e+00	0.00e+00
 1.40341e+23	3.34e-14	5.18e-07	9.63e-05	1.51e-03	7.02e-02	3.93e-01	4.49e-01	8.55e-02	1.05e-03	2.14e-05	1.58e-07	0.00e+00	0.00e+00	0.00e+00	0.00e+00
 1.43024e+23	4.46e-14	6.21e-07	1.14e-04	1.75e-03	7.68e-02	4.04e-01	4.37e-01	7.94e-02	9.33e-04	1.89e-05	1.36e-07	0.00e+00	0.00e+00	0.00e+00	0.00e+00
 1.45846e+23	6.16e-14	7.59e-07	1.38e-04	2.05e-03	8.47e-02	4.16e-01	4.23e-01	7.31e-02	8.20e-04	1.65e-05	0.00e+00	0.00e+00	0.00e+00	0.00e+00	0.00e+00
 1.48127e+23	8.05e-14	8.95e-07	1.61e-04	2.34e-03	9.14e-02	4.25e-01	4.12e-01	6.83e-02	7.39e-04	1.49e-05	0.00e+00	0.00e+00	0.00e+00	0.00e+00	0.00e+00
 1.49973e+23	1.02e-13	1.02e-06	1.82e-04	2.60e-03	9.73e-02	4.32e-01	4.03e-01	6.45e-02	6.77e-04	1.36e-05	0.00e+00	0.00e+00	0.00e+00	0.00e+00	0.00e+00
 1.51976e+23	1.28e-13	1.16e-06	2.06e-04	2.90e-03	1.04e-01	4.39e-01	3.93e-01	6.08e-02	6.19e-04	1.24e-05	0.00e+00	0.00e+00	0.00e+00	0.00e+00	0.00e+00
 1.54581e+23	1.77e-13	1.37e-06	2.41e-04	3.33e-03	1.12e-01	4.47e-01	3.80e-01	5.64e-02	5.52e-04	1.10e-05	0.00e+00	0.00e+00	0.00e+00	0.00e+00	0.00e+00
 1.57119e+23	2.51e-13	1.64e-06	2.86e-04	3.86e-03	1.22e-01	4.55e-01	3.66e-01	5.18e-02	4.87e-04	9.73e-06	0.00e+00	0.00e+00	0.00e+00	0.00e+00	0.00e+00
 1.58864e+23	3.26e-13	1.87e-06	3.22e-04	4.28e-03	1.30e-01	4.60e-01	3.56e-01	4.88e-02	4.46e-04	8.91e-06	0.00e+00	0.00e+00	0.00e+00	0.00e+00	0.00e+00
 1.60023e+23	3.94e-13	2.03e-06	3.50e-04	4.60e-03	1.35e-01	4.64e-01	3.49e-01	4.68e-02	4.18e-04	8.36e-06	0.00e+00	0.00e+00	0.00e+00	0.00e+00	0.00e+00
 1.61130e+23	4.60e-13	2.18e-06	3.74e-04	4.90e-03	1.40e-01	4.66e-01	3.43e-01	4.51e-02	3.96e-04	7.93e-06	0.00e+00	0.00e+00	0.00e+00	0.00e+00	0.00e+00
 1.62570e+23	5.72e-13	2.39e-06	4.08e-04	5.29e-03	1.46e-01	4.70e-01	3.36e-01	4.30e-02	3.71e-04	7.42e-06	0.00e+00	0.00e+00	0.00e+00	0.00e+00	0.00e+00
 1.64072e+23	7.33e-13	2.64e-06	4.50e-04	5.78e-03	1.53e-01	4.73e-01	3.27e-01	4.07e-02	3.42e-04	6.87e-06	0.00e+00	0.00e+00	0.00e+00	0.00e+00	0.00e+00
 1.65247e+23	8.89e-13	2.86e-06	4.87e-04	6.22e-03	1.59e-01	4.75e-01	3.19e-01	3.89e-02	3.21e-04	6.44e-06	0.00e+00	0.00e+00	0.00e+00	0.00e+00	0.00e+00
 1.66139e+23	1.08e-12	3.05e-06	5.19e-04	6.58e-03	1.64e-01	4.77e-01	3.14e-01	3.76e-02	3.05e-04	6.13e-06	0.00e+00	0.00e+00	0.00e+00	0.00e+00	0.00e+00
 1.67075e+23	1.25e-12	3.23e-06	5.50e-04	6.96e-03	1.69e-01	4.79e-01	3.08e-01	3.62e-02	2.89e-04	5.83e-06	0.00e+00	0.00e+00	0.00e+00	0.00e+00	0.00e+00
 1.68291e+23	1.58e-12	3.48e-06	5.93e-04	7.48e-03	1.76e-01	4.81e-01	3.00e-01	3.46e-02	2.71e-04	5.48e-06	0.00e+00	0.00e+00	0.00e+00	0.00e+00	0.00e+00
 1.69480e+23	2.05e-12	3.78e-06	6.43e-04	8.09e-03	1.84e-01	4.82e-01	2.92e-01	3.29e-02	2.52e-04	5.10e-06	0.00e+00	0.00e+00	0.00e+00	0.00e+00	0.00e+00
 1.70296e+23	2.45e-12	3.99e-06	6.82e-04	8.59e-03	1.90e-01	4.83e-01	2.86e-01	3.16e-02	2.38e-04	4.83e-06	0.00e+00	0.00e+00	0.00e+00	0.00e+00	0.00e+00
 1.70883e+23	2.86e-12	4.17e-06	7.12e-04	8.93e-03	1.94e-01	4.84e-01	2.82e-01	3.08e-02	2.29e-04	4.67e-06	0.00e+00	0.00e+00	0.00e+00	0.00e+00	0.00e+00
 1.71504e+23	3.27e-12	4.33e-06	7.42e-04	9.34e-03	1.98e-01	4.84e-01	2.77e-01	2.99e-02	2.20e-04	4.48e-06	0.00e+00	0.00e+00	0.00e+00	0.00e+00	0.00e+00
 1.72313e+23	3.98e-12	4.57e-06	7.84e-04	9.87e-03	2.04e-01	4.84e-01	2.72e-01	2.87e-02	2.08e-04	4.26e-06	0.00e+00	0.00e+00	0.00e+00	0.00e+00	0.00e+00
 1.73148e+23	5.07e-12	4.83e-06	8.32e-04	1.05e-02	2.11e-01	4.85e-01	2.65e-01	2.75e-02	1.96e-04	4.03e-06	0.00e+00	0.00e+00	0.00e+00	0.00e+00	0.00e+00
 1.73791e+23	6.03e-12	5.06e-06	8.73e-04	1.10e-02	2.17e-01	4.85e-01	2.60e-01	2.66e-02	1.86e-04	3.84e-06	0.00e+00	0.00e+00	0.00e+00	0.00e+00	0.00e+00
 1.74280e+23	6.76e-12	5.22e-06	9.05e-04	1.15e-02	2.22e-01	4.84e-01	2.55e-01	2.58e-02	1.79e-04	3.69e-06	0.00e+00	0.00e+00	0.00e+00	0.00e+00	0.00e+00
 1.74796e+23	8.36e-12	5.42e-06	9.41e-04	1.19e-02	2.26e-01	4.84e-01	2.51e-01	2.51e-02	1.73e-04	3.58e-06	0.00e+00	0.00e+00	0.00e+00	0.00e+00	0.00e+00
 1.75465e+23	1.02e-11	5.64e-06	9.86e-04	1.26e-02	2.33e-01	4.84e-01	2.45e-01	2.41e-02	1.63e-04	3.40e-06	0.00e+00	0.00e+00	0.00e+00	0.00e+00	0.00e+00
 1.76134e+23	1.28e-11	5.91e-06	1.04e-03	1.34e-02	2.41e-01	4.83e-01	2.39e-01	2.31e-02	1.53e-04	3.21e-06	0.00e+00	0.00e+00	0.00e+00	0.00e+00	0.00e+00
 1.76617e+23	1.50e-11	6.13e-06	1.08e-03	1.40e-02	2.47e-01	4.82e-01	2.34e-01	2.23e-02	1.46e-04	3.06e-06	0.00e+00	0.00e+00	0.00e+00	0.00e+00	0.00e+00
 1.76977e+23	1.74e-11	6.27e-06	1.12e-03	1.46e-02	2.52e-01	4.81e-01	2.30e-01	2.17e-02	1.40e-04	2.96e-06	0.00e+00	0.00e+00	0.00e+00	0.00e+00	0.00e+00
 1.77360e+23	1.99e-11	6.45e-06	1.15e-03	1.51e-02	2.57e-01	4.80e-01	2.26e-01	2.11e-02	1.35e-04	2.86e-06	0.00e+00	0.00e+00	0.00e+00	0.00e+00	0.00e+00
 1.77859e+23	2.37e-11	6.65e-06	1.20e-03	1.58e-02	2.64e-01	4.78e-01	2.21e-01	2.03e-02	1.28e-04	2.73e-06	0.00e+00	0.00e+00	0.00e+00	0.00e+00	0.00e+00
 1.78380e+23	2.85e-11	6.89e-06	1.25e-03	1.68e-02	2.72e-01	4.76e-01	2.15e-01	1.94e-02	1.21e-04	2.58e-06	0.00e+00	0.00e+00	0.00e+00	0.00e+00	0.00e+00
 1.78794e+23	3.28e-11	7.11e-06	1.30e-03	1.76e-02	2.79e-01	4.74e-01	2.09e-01	1.86e-02	1.14e-04	2.45e-06	0.00e+00	0.00e+00	0.00e+00	0.00e+00	0.00e+00
 1.79125e+23	3.66e-11	7.27e-06	1.34e-03	1.83e-02	2.85e-01	4.72e-01	2.05e-01	1.80e-02	1.09e-04	2.36e-06	0.00e+00	0.00e+00	0.00e+00	0.00e+00	0.00e+00
 1.79484e+23	4.02e-11	7.45e-06	1.39e-03	1.92e-02	2.92e-01	4.70e-01	2.00e-01	1.74e-02	1.04e-04	2.25e-06	0.00e+00	0.00e+00	0.00e+00	0.00e+00	0.00e+00
 1.79951e+23	4.59e-11	7.67e-06	1.44e-03	2.03e-02	3.01e-01	4.67e-01	1.94e-01	1.65e-02	9.69e-05	2.12e-06	0.00e+00	0.00e+00	0.00e+00	0.00e+00	0.00e+00
 1.80435e+23	5.13e-11	7.93e-06	1.51e-03	2.16e-02	3.12e-01	4.63e-01	1.87e-01	1.56e-02	8.96e-05	1.98e-06	0.00e+00	0.00e+00	0.00e+00	0.00e+00	0.00e+00
 1.80824e+23	5.56e-11	8.17e-06	1.57e-03	2.29e-02	3.22e-01	4.59e-01	1.80e-01	1.48e-02	8.35e-05	1.85e-06	0.00e+00	0.00e+00	0.00e+00	0.00e+00	0.00e+00
 1.81155e+23	5.88e-11	8.38e-06	1.63e-03	2.40e-02	3.30e-01	4.55e-01	1.75e-01	1.41e-02	7.84e-05	1.75e-06	0.00e+00	0.00e+00	0.00e+00	0.00e+00	0.00e+00
 1.81529e+23	6.20e-11	8.62e-06	1.69e-03	2.54e-02	3.40e-01	4.51e-01	1.69e-01	1.34e-02	7.28e-05	1.64e-06	0.00e+00	0.00e+00	0.00e+00	0.00e+00	0.00e+00
 1.82016e+23	6.57e-11	8.96e-06	1.78e-03	2.73e-02	3.54e-01	4.44e-01	1.60e-01	1.24e-02	6.59e-05	1.50e-06	0.00e+00	0.00e+00	0.00e+00	0.00e+00	0.00e+00
 1.82517e+23	6.95e-11	9.37e-06	1.88e-03	2.95e-02	3.70e-01	4.36e-01	1.51e-01	1.14e-02	5.88e-05	1.35e-06	0.00e+00	0.00e+00	0.00e+00	0.00e+00	0.00e+00
 1.82924e+23	7.27e-11	9.76e-06	1.98e-03	3.15e-02	3.83e-01	4.29e-01	1.44e-01	1.06e-02	5.33e-05	1.23e-06	0.00e+00	0.00e+00	0.00e+00	0.00e+00	0.00e+00
 1.83337e+23	7.54e-11	1.02e-05	2.07e-03	3.35e-02	3.96e-01	4.22e-01	1.37e-01	9.82e-03	4.82e-05	1.13e-06	0.00e+00	0.00e+00	0.00e+00	0.00e+00	0.00e+00
 1.83873e+23	7.93e-11	1.07e-05	2.21e-03	3.63e-02	4.13e-01	4.12e-01	1.27e-01	8.87e-03	4.22e-05	9.98e-07	0.00e+00	0.00e+00	0.00e+00	0.00e+00	0.00e+00
