#depth	He	He+	He+2
 6.17135e+19	7.41e-09	8.79e-04	9.99e-01
 1.87609e+20	8.75e-09	9.74e-04	9.99e-01
 3.09612e+20	1.08e-08	1.07e-03	9.99e-01
 4.23338e+20	1.31e-08	1.17e-03	9.99e-01
 5.04808e+20	1.49e-08	1.24e-03	9.99e-01
 5.48178e+20	1.60e-08	1.28e-03	9.99e-01
 5.89127e+20	1.71e-08	1.32e-03	9.99e-01
 6.42360e+20	1.85e-08	1.37e-03	9.99e-01
 7.11563e+20	2.07e-08	1.43e-03	9.99e-01
 8.01528e+20	2.36e-08	1.52e-03	9.98e-01
 8.93172e+20	2.70e-08	1.61e-03	9.98e-01
 9.63308e+20	2.96e-08	1.69e-03	9.98e-01
 1.03079e+21	3.24e-08	1.76e-03	9.98e-01
 1.11852e+21	3.64e-08	1.85e-03	9.98e-01
 1.21137e+21	4.10e-08	1.96e-03	9.98e-01
 1.29049e+21	4.51e-08	2.05e-03	9.98e-01
 1.37295e+21	4.97e-08	2.15e-03	9.98e-01
 1.48016e+21	5.64e-08	2.28e-03	9.98e-01
 1.59064e+21	6.39e-08	2.42e-03	9.98e-01
 1.68100e+21	7.04e-08	2.53e-03	9.97e-01
 1.77408e+21	7.77e-08	2.66e-03	9.97e-01
 1.89509e+21	8.81e-08	2.82e-03	9.97e-01
 2.02233e+21	1.00e-07	3.00e-03	9.97e-01
 2.12876e+21	1.11e-07	3.16e-03	9.97e-01
 2.23819e+21	1.23e-07	3.32e-03	9.97e-01
 2.38045e+21	1.40e-07	3.54e-03	9.96e-01
 2.52806e+21	1.59e-07	3.78e-03	9.96e-01
 2.64890e+21	1.77e-07	3.98e-03	9.96e-01
 2.77228e+21	1.96e-07	4.20e-03	9.96e-01
 2.93266e+21	2.24e-07	4.48e-03	9.96e-01
 3.09207e+21	2.54e-07	4.78e-03	9.95e-01
 3.21660e+21	2.80e-07	5.02e-03	9.95e-01
 3.34489e+21	3.09e-07	5.28e-03	9.95e-01
 3.51166e+21	3.50e-07	5.62e-03	9.94e-01
 3.69435e+21	3.99e-07	6.02e-03	9.94e-01
 3.86019e+21	4.49e-07	6.39e-03	9.94e-01
 4.03821e+21	5.07e-07	6.80e-03	9.93e-01
 4.26965e+21	5.93e-07	7.37e-03	9.93e-01
 4.48437e+21	6.80e-07	7.92e-03	9.92e-01
 4.62795e+21	7.45e-07	8.30e-03	9.92e-01
 4.76520e+21	8.09e-07	8.68e-03	9.91e-01
 4.94363e+21	9.02e-07	9.19e-03	9.91e-01
 5.13950e+21	1.01e-06	9.78e-03	9.90e-01
 5.31931e+21	1.12e-06	1.03e-02	9.90e-01
 5.51436e+21	1.26e-06	1.10e-02	9.89e-01
 5.73056e+21	1.42e-06	1.17e-02	9.88e-01
 5.93088e+21	1.58e-06	1.24e-02	9.88e-01
 6.14791e+21	1.77e-06	1.32e-02	9.87e-01
 6.38704e+21	2.01e-06	1.42e-02	9.86e-01
 6.60815e+21	2.25e-06	1.51e-02	9.85e-01
 6.84884e+21	2.54e-06	1.62e-02	9.84e-01
 7.11385e+21	2.89e-06	1.74e-02	9.83e-01
 7.36074e+21	3.25e-06	1.86e-02	9.81e-01
 7.63197e+21	3.70e-06	2.01e-02	9.80e-01
 7.93001e+21	4.25e-06	2.17e-02	9.78e-01
 8.20972e+21	4.82e-06	2.34e-02	9.77e-01
 8.47766e+21	5.43e-06	2.52e-02	9.75e-01
 8.73262e+21	6.08e-06	2.70e-02	9.73e-01
 8.97583e+21	6.76e-06	2.88e-02	9.71e-01
 9.25465e+21	7.65e-06	3.11e-02	9.69e-01
 9.55481e+21	8.69e-06	3.38e-02	9.66e-01
 9.83784e+21	9.79e-06	3.65e-02	9.63e-01
 1.01130e+22	1.10e-05	3.94e-02	9.61e-01
 1.03805e+22	1.23e-05	4.25e-02	9.58e-01
 1.06859e+22	1.40e-05	4.64e-02	9.54e-01
 1.10151e+22	1.63e-05	5.11e-02	9.49e-01
 1.13205e+22	1.83e-05	5.59e-02	9.44e-01
 1.16627e+22	2.12e-05	6.21e-02	9.38e-01
 1.20306e+22	2.47e-05	6.96e-02	9.30e-01
 1.23519e+22	2.83e-05	7.72e-02	9.23e-01
 1.26406e+22	3.21e-05	8.50e-02	9.15e-01
 1.29668e+22	3.75e-05	9.55e-02	9.04e-01
 1.33197e+22	4.38e-05	1.08e-01	8.91e-01
 1.36292e+22	5.05e-05	1.22e-01	8.78e-01
 1.39036e+22	5.77e-05	1.36e-01	8.64e-01
 1.42099e+22	6.78e-05	1.55e-01	8.45e-01
 1.45384e+22	8.03e-05	1.79e-01	8.21e-01
 1.48137e+22	9.29e-05	2.03e-01	7.97e-01
 1.50426e+22	1.06e-04	2.26e-01	7.74e-01
 1.52505e+22	1.19e-04	2.50e-01	7.50e-01
 1.54449e+22	1.32e-04	2.76e-01	7.24e-01
 1.56644e+22	1.51e-04	3.08e-01	6.92e-01
 1.58933e+22	1.72e-04	3.45e-01	6.55e-01
 1.60848e+22	1.93e-04	3.79e-01	6.20e-01
 1.62568e+22	2.13e-04	4.13e-01	5.87e-01
 1.64527e+22	2.39e-04	4.53e-01	5.47e-01
 1.66684e+22	2.70e-04	4.98e-01	5.02e-01
 1.68666e+22	3.00e-04	5.41e-01	4.59e-01
 1.70811e+22	3.35e-04	5.87e-01	4.13e-01
 1.73098e+22	3.74e-04	6.34e-01	3.66e-01
 1.75095e+22	4.09e-04	6.73e-01	3.27e-01
 1.76924e+22	4.42e-04	7.06e-01	2.94e-01
 1.79012e+22	4.81e-04	7.40e-01	2.59e-01
 1.81333e+22	5.23e-04	7.74e-01	2.25e-01
 1.83423e+22	5.61e-04	8.01e-01	1.99e-01
 1.85608e+22	6.02e-04	8.26e-01	1.74e-01
 1.88373e+22	6.53e-04	8.52e-01	1.47e-01
 1.91303e+22	7.06e-04	8.75e-01	1.25e-01
 1.94054e+22	7.55e-04	8.92e-01	1.07e-01
 1.96969e+22	8.07e-04	9.07e-01	9.18e-02
 2.00337e+22	8.67e-04	9.22e-01	7.74e-02
 2.04119e+22	9.33e-04	9.34e-01	6.47e-02
 2.08260e+22	1.01e-03	9.45e-01	5.38e-02
 2.12564e+22	1.08e-03	9.54e-01	4.50e-02
 2.17482e+22	1.17e-03	9.62e-01	3.72e-02
 2.22920e+22	1.27e-03	9.68e-01	3.07e-02
 2.28079e+22	1.36e-03	9.73e-01	2.59e-02
 2.33828e+22	1.48e-03	9.77e-01	2.17e-02
 2.41303e+22	1.63e-03	9.81e-01	1.76e-02
 2.49061e+22	1.80e-03	9.84e-01	1.45e-02
 2.55630e+22	1.95e-03	9.86e-01	1.25e-02
 2.61697e+22	2.11e-03	9.87e-01	1.09e-02
 2.67271e+22	2.27e-03	9.88e-01	9.78e-03
 2.71506e+22	2.40e-03	9.89e-01	9.04e-03
 2.74645e+22	2.50e-03	9.89e-01	8.55e-03
 2.77969e+22	2.61e-03	9.89e-01	8.06e-03
 2.82291e+22	2.78e-03	9.90e-01	7.47e-03
 2.86531e+22	2.95e-03	9.90e-01	6.96e-03
 2.89541e+22	3.08e-03	9.90e-01	6.64e-03
 2.91883e+22	3.20e-03	9.90e-01	6.41e-03
 2.94479e+22	3.33e-03	9.91e-01	6.16e-03
 2.97409e+22	3.50e-03	9.91e-01	5.90e-03
 3.00070e+22	3.66e-03	9.91e-01	5.67e-03
 3.02298e+22	3.80e-03	9.91e-01	5.50e-03
 3.04350e+22	3.95e-03	9.91e-01	5.35e-03
 3.06697e+22	4.13e-03	9.91e-01	5.18e-03
 3.09146e+22	4.33e-03	9.91e-01	5.01e-03
 3.11124e+22	4.52e-03	9.91e-01	4.88e-03
 3.12755e+22	4.69e-03	9.91e-01	4.78e-03
 3.14536e+22	4.88e-03	9.90e-01	4.67e-03
 3.16491e+22	5.10e-03	9.90e-01	4.56e-03
 3.18203e+22	5.32e-03	9.90e-01	4.46e-03
 3.19640e+22	5.52e-03	9.90e-01	4.38e-03
 3.21187e+22	5.76e-03	9.90e-01	4.30e-03
 3.22861e+22	6.04e-03	9.90e-01	4.21e-03
 3.24297e+22	6.31e-03	9.90e-01	4.14e-03
 3.25501e+22	6.56e-03	9.89e-01	4.08e-03
 3.26810e+22	6.84e-03	9.89e-01	4.02e-03
 3.28249e+22	7.18e-03	9.89e-01	3.95e-03
 3.29514e+22	7.53e-03	9.89e-01	3.89e-03
 3.30583e+22	7.85e-03	9.88e-01	3.84e-03
 3.31740e+22	8.22e-03	9.88e-01	3.79e-03
 3.33021e+22	8.68e-03	9.88e-01	3.74e-03
 3.34162e+22	9.15e-03	9.87e-01	3.69e-03
 3.35142e+22	9.59e-03	9.87e-01	3.65e-03
 3.36211e+22	1.01e-02	9.86e-01	3.60e-03
 3.37412e+22	1.08e-02	9.86e-01	3.56e-03
 3.38504e+22	1.15e-02	9.85e-01	3.51e-03
 3.39400e+22	1.22e-02	9.84e-01	3.48e-03
 3.40323e+22	1.30e-02	9.84e-01	3.44e-03
 3.41363e+22	1.40e-02	9.83e-01	3.41e-03
 3.42308e+22	1.50e-02	9.82e-01	3.37e-03
 3.43096e+22	1.61e-02	9.81e-01	3.34e-03
 3.43927e+22	1.73e-02	9.79e-01	3.32e-03
 3.44862e+22	1.89e-02	9.78e-01	3.28e-03
 3.45701e+22	2.07e-02	9.76e-01	3.26e-03
 3.46351e+22	2.23e-02	9.74e-01	3.25e-03
 3.46884e+22	2.38e-02	9.73e-01	3.23e-03
 3.47474e+22	2.56e-02	9.71e-01	3.22e-03
 3.48129e+22	2.80e-02	9.69e-01	3.20e-03
 3.48700e+22	3.04e-02	9.66e-01	3.21e-03
 3.49169e+22	3.27e-02	9.64e-01	3.20e-03
 3.49671e+22	3.55e-02	9.61e-01	3.19e-03
 3.50223e+22	3.90e-02	9.58e-01	3.20e-03
 3.50711e+22	4.26e-02	9.54e-01	3.21e-03
 3.51125e+22	4.62e-02	9.51e-01	3.22e-03
 3.51574e+22	5.04e-02	9.46e-01	3.24e-03
 3.52073e+22	5.59e-02	9.41e-01	3.26e-03
 3.52522e+22	6.19e-02	9.35e-01	3.29e-03
 3.52835e+22	6.67e-02	9.30e-01	3.32e-03
 3.53027e+22	7.00e-02	9.27e-01	3.34e-03
 3.53218e+22	7.33e-02	9.23e-01	3.35e-03
 3.53465e+22	7.79e-02	9.19e-01	3.37e-03
 3.53747e+22	8.36e-02	9.13e-01	3.40e-03
 3.54008e+22	8.96e-02	9.07e-01	3.43e-03
 3.54232e+22	9.50e-02	9.02e-01	3.47e-03
 3.54452e+22	1.01e-01	8.95e-01	3.50e-03
 3.54693e+22	1.08e-01	8.89e-01	3.54e-03
 3.54947e+22	1.16e-01	8.81e-01	3.60e-03
 3.55200e+22	1.24e-01	8.72e-01	3.65e-03
 3.55444e+22	1.34e-01	8.63e-01	3.71e-03
 3.55691e+22	1.44e-01	8.53e-01	3.78e-03
 3.55954e+22	1.55e-01	8.41e-01	3.86e-03
 3.56220e+22	1.68e-01	8.28e-01	3.95e-03
 3.56455e+22	1.80e-01	8.16e-01	4.04e-03
 3.56622e+22	1.91e-01	8.05e-01	4.10e-03
 3.56733e+22	1.98e-01	7.98e-01	4.12e-03
 3.56848e+22	2.06e-01	7.90e-01	4.14e-03
 3.56997e+22	2.16e-01	7.80e-01	4.18e-03
 3.57162e+22	2.27e-01	7.69e-01	4.25e-03
 3.57305e+22	2.37e-01	7.58e-01	4.31e-03
 3.57422e+22	2.47e-01	7.49e-01	4.35e-03
 3.57543e+22	2.57e-01	7.39e-01	4.37e-03
 3.57683e+22	2.68e-01	7.27e-01	4.42e-03
 3.57827e+22	2.81e-01	7.15e-01	4.48e-03
 3.57956e+22	2.92e-01	7.04e-01	4.54e-03
 3.58074e+22	3.03e-01	6.92e-01	4.57e-03
 3.58198e+22	3.15e-01	6.80e-01	4.61e-03
 3.58332e+22	3.28e-01	6.67e-01	4.66e-03
 3.58465e+22	3.42e-01	6.53e-01	4.71e-03
 3.58587e+22	3.55e-01	6.40e-01	4.75e-03
 3.58705e+22	3.68e-01	6.27e-01	4.78e-03
 3.58831e+22	3.82e-01	6.13e-01	4.81e-03
 3.58964e+22	3.97e-01	5.98e-01	4.85e-03
 3.59093e+22	4.12e-01	5.83e-01	4.88e-03
 3.59212e+22	4.27e-01	5.68e-01	4.89e-03
 3.59329e+22	4.41e-01	5.54e-01	4.90e-03
 3.59457e+22	4.57e-01	5.38e-01	4.91e-03
 3.59592e+22	4.74e-01	5.21e-01	4.92e-03
 3.59720e+22	4.90e-01	5.05e-01	4.93e-03
 3.59836e+22	5.06e-01	4.89e-01	4.91e-03
 3.59956e+22	5.23e-01	4.73e-01	4.87e-03
 3.60089e+22	5.40e-01	4.55e-01	4.85e-03
 3.60220e+22	5.57e-01	4.38e-01	4.83e-03
 3.60339e+22	5.73e-01	4.22e-01	4.78e-03
 3.60455e+22	5.89e-01	4.06e-01	4.71e-03
 3.60580e+22	6.06e-01	3.89e-01	4.65e-03
 3.60712e+22	6.23e-01	3.73e-01	4.59e-03
 3.60835e+22	6.39e-01	3.57e-01	4.52e-03
 3.60952e+22	6.54e-01	3.42e-01	4.42e-03
 3.61075e+22	6.70e-01	3.26e-01	4.33e-03
 3.61209e+22	6.86e-01	3.10e-01	4.23e-03
 3.61343e+22	7.01e-01	2.94e-01	4.12e-03
 3.61469e+22	7.16e-01	2.80e-01	4.00e-03
 3.61597e+22	7.31e-01	2.65e-01	3.87e-03
 3.61737e+22	7.46e-01	2.50e-01	3.73e-03
 3.61885e+22	7.61e-01	2.36e-01	3.59e-03
 3.62031e+22	7.74e-01	2.22e-01	3.46e-03
 3.62177e+22	7.87e-01	2.09e-01	3.30e-03
 3.62323e+22	8.00e-01	1.97e-01	3.16e-03
 3.62467e+22	8.11e-01	1.86e-01	3.02e-03
 3.62608e+22	8.21e-01	1.76e-01	2.88e-03
 3.62746e+22	8.30e-01	1.67e-01	2.76e-03
 3.62887e+22	8.39e-01	1.59e-01	2.64e-03
 3.63037e+22	8.47e-01	1.51e-01	2.53e-03
 3.63196e+22	8.55e-01	1.43e-01	2.41e-03
 3.63364e+22	8.62e-01	1.36e-01	2.31e-03
 3.63538e+22	8.68e-01	1.29e-01	2.21e-03
 3.63715e+22	8.74e-01	1.24e-01	2.12e-03
 3.63905e+22	8.80e-01	1.18e-01	2.03e-03
 3.64118e+22	8.85e-01	1.13e-01	1.94e-03
 3.64346e+22	8.90e-01	1.09e-01	1.87e-03
 3.64606e+22	8.94e-01	1.04e-01	1.80e-03
 3.64903e+22	8.98e-01	1.01e-01	1.73e-03
 3.65235e+22	9.01e-01	9.72e-02	1.67e-03
 3.65595e+22	9.04e-01	9.46e-02	1.62e-03
 3.65961e+22	9.06e-01	9.25e-02	1.58e-03
 3.66326e+22	9.08e-01	9.08e-02	1.54e-03
 3.66747e+22	9.09e-01	8.92e-02	1.51e-03
 3.67293e+22	9.11e-01	8.77e-02	1.47e-03
 3.67882e+22	9.12e-01	8.68e-02	1.45e-03
 3.68528e+22	9.13e-01	8.56e-02	1.41e-03
 3.69226e+22	9.14e-01	8.47e-02	1.39e-03
 3.69990e+22	9.15e-01	8.37e-02	1.35e-03
 3.70815e+22	9.16e-01	8.28e-02	1.32e-03
 3.71720e+22	9.17e-01	8.17e-02	1.29e-03
 3.72696e+22	9.18e-01	8.07e-02	1.26e-03
 3.73584e+22	9.19e-01	7.98e-02	1.23e-03
 3.74557e+22	9.20e-01	7.87e-02	1.19e-03
 3.75608e+22	9.21e-01	7.77e-02	1.16e-03
 3.76565e+22	9.22e-01	7.68e-02	1.13e-03
 3.77612e+22	9.23e-01	7.56e-02	1.10e-03
 3.78744e+22	9.24e-01	7.45e-02	1.07e-03
 3.79773e+22	9.25e-01	7.37e-02	1.04e-03
 3.80710e+22	9.26e-01	7.29e-02	1.02e-03
 3.81737e+22	9.27e-01	7.17e-02	9.83e-04
 3.82845e+22	9.28e-01	7.08e-02	9.57e-04
 3.83853e+22	9.29e-01	7.01e-02	9.37e-04
 3.84958e+22	9.30e-01	6.91e-02	9.09e-04
 3.86152e+22	9.31e-01	6.81e-02	8.85e-04
 3.87237e+22	9.32e-01	6.74e-02	8.64e-04
 3.88427e+22	9.33e-01	6.63e-02	8.37e-04
 3.89711e+22	9.34e-01	6.54e-02	8.13e-04
 3.90880e+22	9.35e-01	6.46e-02	7.93e-04
 3.92161e+22	9.36e-01	6.35e-02	7.67e-04
 3.93543e+22	9.37e-01	6.26e-02	7.43e-04
 3.94802e+22	9.38e-01	6.18e-02	7.24e-04
 3.96180e+22	9.39e-01	6.07e-02	6.98e-04
 3.97669e+22	9.40e-01	5.97e-02	6.76e-04
 3.99023e+22	9.40e-01	5.89e-02	6.56e-04
 4.00256e+22	9.41e-01	5.81e-02	6.39e-04
 4.01378e+22	9.42e-01	5.74e-02	6.24e-04
 4.02607e+22	9.43e-01	5.65e-02	6.03e-04
 4.03934e+22	9.44e-01	5.57e-02	5.86e-04
 4.05141e+22	9.44e-01	5.50e-02	5.71e-04
 4.06464e+22	9.45e-01	5.41e-02	5.52e-04
 4.07893e+22	9.46e-01	5.32e-02	5.35e-04
 4.09193e+22	9.47e-01	5.26e-02	5.21e-04
 4.10617e+22	9.48e-01	5.16e-02	5.03e-04
 4.12155e+22	9.49e-01	5.08e-02	4.87e-04
 4.13555e+22	9.49e-01	5.01e-02	4.73e-04
 4.14828e+22	9.50e-01	4.95e-02	4.62e-04
 4.16223e+22	9.51e-01	4.86e-02	4.45e-04
 4.17730e+22	9.52e-01	4.79e-02	4.32e-04
 4.19101e+22	9.52e-01	4.73e-02	4.22e-04
 4.20603e+22	9.53e-01	4.65e-02	4.07e-04
 4.22225e+22	9.54e-01	4.58e-02	3.95e-04
 4.23701e+22	9.54e-01	4.52e-02	3.85e-04
 4.25318e+22	9.55e-01	4.44e-02	3.72e-04
 4.27064e+22	9.56e-01	4.37e-02	3.60e-04
 4.28653e+22	9.57e-01	4.31e-02	3.50e-04
 4.30394e+22	9.57e-01	4.24e-02	3.38e-04
 4.32273e+22	9.58e-01	4.16e-02	3.26e-04
 4.33984e+22	9.59e-01	4.10e-02	3.17e-04
 4.35858e+22	9.59e-01	4.03e-02	3.05e-04
 4.37881e+22	9.60e-01	3.96e-02	2.95e-04
 4.39722e+22	9.61e-01	3.90e-02	2.86e-04
 4.41398e+22	9.61e-01	3.85e-02	2.78e-04
 4.43234e+22	9.62e-01	3.78e-02	2.69e-04
 4.45216e+22	9.63e-01	3.72e-02	2.60e-04
 4.47020e+22	9.63e-01	3.67e-02	2.53e-04
 4.48997e+22	9.64e-01	3.60e-02	2.43e-04
 4.51130e+22	9.64e-01	3.54e-02	2.35e-04
 4.53072e+22	9.65e-01	3.48e-02	2.28e-04
 4.55200e+22	9.66e-01	3.42e-02	2.20e-04
 4.57497e+22	9.66e-01	3.36e-02	2.12e-04
 4.59588e+22	9.67e-01	3.30e-02	2.05e-04
 4.61490e+22	9.67e-01	3.26e-02	2.00e-04
 4.63575e+22	9.68e-01	3.20e-02	1.93e-04
 4.65825e+22	9.68e-01	3.15e-02	1.87e-04
 4.67873e+22	9.69e-01	3.11e-02	1.82e-04
 4.70117e+22	9.69e-01	3.05e-02	1.75e-04
 4.72540e+22	9.70e-01	2.99e-02	1.69e-04
 4.74744e+22	9.70e-01	2.95e-02	1.64e-04
 4.77160e+22	9.71e-01	2.89e-02	1.57e-04
 4.79768e+22	9.71e-01	2.84e-02	1.52e-04
 4.82141e+22	9.72e-01	2.80e-02	1.47e-04
 4.84742e+22	9.72e-01	2.74e-02	1.42e-04
 4.87550e+22	9.73e-01	2.69e-02	1.36e-04
 4.90105e+22	9.73e-01	2.64e-02	1.32e-04
 4.92430e+22	9.74e-01	2.61e-02	1.28e-04
 4.94977e+22	9.74e-01	2.56e-02	1.24e-04
 4.97728e+22	9.75e-01	2.52e-02	1.19e-04
 5.00231e+22	9.75e-01	2.48e-02	1.16e-04
 5.02973e+22	9.76e-01	2.43e-02	1.12e-04
 5.05934e+22	9.76e-01	2.39e-02	1.08e-04
 5.08629e+22	9.76e-01	2.36e-02	1.05e-04
 5.11081e+22	9.77e-01	2.32e-02	1.02e-04
 5.13768e+22	9.77e-01	2.28e-02	9.79e-05
 5.16668e+22	9.77e-01	2.24e-02	9.47e-05
 5.19847e+22	9.78e-01	2.20e-02	9.09e-05
 5.23279e+22	9.78e-01	2.15e-02	8.73e-05
 5.26401e+22	9.79e-01	2.12e-02	8.50e-05
 5.29823e+22	9.79e-01	2.07e-02	8.11e-05
 5.33517e+22	9.80e-01	2.03e-02	7.81e-05
 5.36879e+22	9.80e-01	2.00e-02	7.54e-05
 5.40563e+22	9.80e-01	1.96e-02	7.21e-05
 5.44539e+22	9.81e-01	1.92e-02	6.93e-05
 5.48158e+22	9.81e-01	1.88e-02	6.68e-05
 5.51452e+22	9.81e-01	1.85e-02	6.46e-05
 5.55060e+22	9.82e-01	1.81e-02	6.21e-05
 5.58956e+22	9.82e-01	1.78e-02	5.98e-05
 5.62501e+22	9.82e-01	1.75e-02	5.78e-05
 5.66386e+22	9.83e-01	1.71e-02	5.55e-05
 5.70580e+22	9.83e-01	1.68e-02	5.34e-05
 5.74397e+22	9.83e-01	1.65e-02	5.15e-05
 5.78579e+22	9.84e-01	1.62e-02	4.94e-05
 5.83094e+22	9.84e-01	1.59e-02	4.75e-05
 5.87203e+22	9.84e-01	1.56e-02	4.58e-05
 5.91705e+22	9.85e-01	1.52e-02	4.39e-05
 5.96566e+22	9.85e-01	1.49e-02	4.21e-05
 6.00989e+22	9.85e-01	1.46e-02	4.05e-05
 6.05836e+22	9.86e-01	1.43e-02	3.89e-05
 6.11068e+22	9.86e-01	1.40e-02	3.72e-05
 6.15830e+22	9.86e-01	1.38e-02	3.58e-05
 6.21047e+22	9.86e-01	1.35e-02	3.43e-05
 6.26680e+22	9.87e-01	1.32e-02	3.28e-05
 6.32853e+22	9.87e-01	1.28e-02	3.12e-05
 6.40034e+22	9.87e-01	1.25e-02	2.94e-05
 6.47629e+22	9.88e-01	1.21e-02	2.78e-05
 6.55608e+22	9.88e-01	1.18e-02	2.62e-05
 6.63868e+22	9.89e-01	1.14e-02	2.46e-05
 6.72365e+22	9.89e-01	1.11e-02	2.32e-05
 6.81094e+22	9.89e-01	1.07e-02	2.18e-05
 6.90063e+22	9.90e-01	1.04e-02	2.05e-05
 6.99279e+22	9.90e-01	1.01e-02	1.93e-05
 7.08727e+22	9.90e-01	9.77e-03	1.81e-05
 7.18421e+22	9.91e-01	9.47e-03	1.70e-05
 7.28390e+22	9.91e-01	9.18e-03	1.60e-05
 7.38620e+22	9.91e-01	8.89e-03	1.50e-05
 7.49098e+22	9.91e-01	8.62e-03	1.41e-05
 7.59873e+22	9.92e-01	8.34e-03	1.32e-05
 7.70880e+22	9.92e-01	8.08e-03	1.24e-05
 7.82148e+22	9.92e-01	7.83e-03	1.16e-05
 7.93763e+22	9.92e-01	7.58e-03	1.09e-05
 8.05698e+22	9.93e-01	7.34e-03	1.02e-05
 8.17961e+22	9.93e-01	7.11e-03	9.58e-06
 8.30558e+22	9.93e-01	6.88e-03	8.98e-06
 8.43516e+22	9.93e-01	6.66e-03	8.41e-06
 8.56828e+22	9.94e-01	6.44e-03	7.88e-06
 8.70496e+22	9.94e-01	6.23e-03	7.38e-06
 8.84582e+22	9.94e-01	6.03e-03	6.91e-06
 8.99320e+22	9.94e-01	5.83e-03	6.47e-06
 9.14698e+22	9.94e-01	5.64e-03	6.04e-06
 9.30582e+22	9.95e-01	5.45e-03	5.64e-06
 9.47011e+22	9.95e-01	5.26e-03	5.27e-06
 9.63998e+22	9.95e-01	5.08e-03	4.92e-06
 9.81608e+22	9.95e-01	4.91e-03	4.59e-06
 9.99824e+22	9.95e-01	4.74e-03	4.28e-06
 1.01877e+23	9.95e-01	4.58e-03	3.99e-06
 1.03856e+23	9.96e-01	4.42e-03	3.71e-06
 1.05920e+23	9.96e-01	4.26e-03	3.46e-06
 1.08098e+23	9.96e-01	4.11e-03	3.21e-06
 1.10396e+23	9.96e-01	3.96e-03	2.98e-06
 1.12807e+23	9.96e-01	3.81e-03	2.76e-06
 1.15334e+23	9.96e-01	3.67e-03	2.56e-06
 1.17989e+23	9.96e-01	3.53e-03	2.37e-06
 1.20780e+23	9.97e-01	3.39e-03	2.20e-06
 1.23723e+23	9.97e-01	3.26e-03	2.03e-06
 1.26843e+23	9.97e-01	3.13e-03	1.87e-06
 1.30168e+23	9.97e-01	3.01e-03	1.73e-06
 1.33719e+23	9.97e-01	2.89e-03	1.59e-06
 1.37508e+23	9.97e-01	2.77e-03	1.46e-06
 1.41563e+23	9.97e-01	2.65e-03	1.34e-06
 1.45908e+23	9.97e-01	2.54e-03	1.23e-06
 1.50592e+23	9.98e-01	2.43e-03	1.13e-06
 1.55661e+23	9.98e-01	2.32e-03	1.03e-06
 1.61005e+23	9.98e-01	2.22e-03	9.45e-07
 1.66480e+23	9.98e-01	2.13e-03	8.69e-07
 1.72108e+23	9.98e-01	2.05e-03	8.01e-07
 1.77941e+23	9.98e-01	1.97e-03	7.40e-07
 1.83969e+23	9.98e-01	1.89e-03	6.86e-07
 1.90177e+23	9.98e-01	1.83e-03	6.38e-07
 1.96587e+23	9.98e-01	1.76e-03	5.96e-07
 2.03206e+23	9.98e-01	1.71e-03	5.58e-07
 2.10024e+23	9.98e-01	1.65e-03	5.24e-07
 2.17048e+23	9.98e-01	1.61e-03	4.94e-07
 2.24302e+23	9.98e-01	1.56e-03	4.67e-07
 2.31756e+23	9.98e-01	1.52e-03	4.44e-07
 2.39022e+23	9.99e-01	1.49e-03	4.22e-07
 2.45668e+23	9.99e-01	1.46e-03	4.06e-07
 2.51650e+23	9.99e-01	1.43e-03	3.93e-07
 2.57033e+23	9.99e-01	1.41e-03	3.82e-07
 2.61878e+23	9.99e-01	1.40e-03	3.73e-07
 2.66238e+23	9.99e-01	1.38e-03	3.66e-07
 2.70163e+23	9.99e-01	1.37e-03	3.60e-07
 2.73694e+23	9.99e-01	1.36e-03	3.55e-07
 2.76895e+23	9.99e-01	1.36e-03	3.52e-07
 2.79950e+23	9.99e-01	1.35e-03	3.48e-07
 2.83004e+23	9.99e-01	1.34e-03	3.45e-07
 2.86059e+23	9.99e-01	1.34e-03	3.42e-07
 2.89114e+23	9.99e-01	1.33e-03	3.39e-07
 2.92169e+23	9.99e-01	1.33e-03	3.36e-07
 2.95224e+23	9.99e-01	1.32e-03	3.34e-07
 2.98279e+23	9.99e-01	1.32e-03	3.32e-07
 3.01333e+23	9.99e-01	1.31e-03	3.30e-07
 3.04171e+23	9.99e-01	1.31e-03	3.27e-07
