#depth	Ar	Ar+	Ar+2	Ar+3	Ar+4	Ar+5	Ar+6	Ar+7	Ar+8	Ar+9	Ar+10	Ar+11	Ar+12	Ar+13	Ar+14	Ar+15	Ar+16	Ar+17	Ar+18
 6.17135e+19	0.00e+00	0.00e+00	0.00e+00	0.00e+00	0.00e+00	0.00e+00	4.15e-29	5.17e-25	3.89e-21	7.67e-18	7.05e-15	2.92e-12	6.83e-10	8.32e-08	6.94e-06	4.57e-04	4.74e-02	3.13e-01	6.39e-01
 1.87609e+20	0.00e+00	0.00e+00	0.00e+00	0.00e+00	0.00e+00	0.00e+00	1.21e-28	1.34e-24	9.37e-21	1.70e-17	1.44e-14	5.49e-12	1.18e-09	1.32e-07	9.92e-06	5.93e-04	5.55e-02	3.31e-01	6.13e-01
 3.12629e+20	0.00e+00	0.00e+00	0.00e+00	0.00e+00	0.00e+00	0.00e+00	3.37e-28	3.35e-24	2.17e-20	3.66e-17	2.87e-14	1.01e-11	2.01e-09	2.06e-07	1.40e-05	7.60e-04	6.45e-02	3.49e-01	5.86e-01
 4.29922e+20	0.00e+00	0.00e+00	0.00e+00	0.00e+00	0.00e+00	4.42e-32	8.54e-28	7.67e-24	4.67e-20	7.34e-17	5.36e-14	1.75e-11	3.26e-09	3.08e-07	1.91e-05	9.52e-04	7.37e-02	3.64e-01	5.61e-01
 5.05043e+20	0.00e+00	0.00e+00	0.00e+00	0.00e+00	0.00e+00	8.52e-32	1.54e-27	1.29e-23	7.56e-20	1.14e-16	7.97e-14	2.49e-11	4.44e-09	3.99e-07	2.34e-05	1.10e-03	8.02e-02	3.74e-01	5.44e-01
 5.34510e+20	0.00e+00	0.00e+00	0.00e+00	0.00e+00	0.00e+00	1.10e-31	1.93e-27	1.58e-23	9.11e-20	1.35e-16	9.30e-14	2.86e-11	5.00e-09	4.41e-07	2.52e-05	1.16e-03	8.28e-02	3.78e-01	5.38e-01
 5.59347e+20	0.00e+00	0.00e+00	0.00e+00	0.00e+00	0.00e+00	1.34e-31	2.31e-27	1.86e-23	1.06e-19	1.55e-16	1.05e-13	3.18e-11	5.49e-09	4.77e-07	2.68e-05	1.21e-03	8.49e-02	3.81e-01	5.33e-01
 5.91635e+20	0.00e+00	0.00e+00	0.00e+00	0.00e+00	0.00e+00	1.76e-31	2.94e-27	2.30e-23	1.29e-19	1.86e-16	1.24e-13	3.68e-11	6.23e-09	5.30e-07	2.90e-05	1.28e-03	8.78e-02	3.85e-01	5.26e-01
 6.33609e+20	0.00e+00	0.00e+00	0.00e+00	0.00e+00	0.00e+00	2.49e-31	4.02e-27	3.03e-23	1.66e-19	2.34e-16	1.52e-13	4.43e-11	7.33e-09	6.08e-07	3.23e-05	1.38e-03	9.17e-02	3.90e-01	5.17e-01
 6.88177e+20	0.00e+00	0.00e+00	0.00e+00	0.00e+00	0.00e+00	3.90e-31	5.98e-27	4.31e-23	2.31e-19	3.16e-16	2.00e-13	5.63e-11	9.05e-09	7.24e-07	3.69e-05	1.52e-03	9.70e-02	3.96e-01	5.05e-01
 7.45389e+20	0.00e+00	0.00e+00	0.00e+00	0.00e+00	0.00e+00	6.20e-31	9.05e-27	6.22e-23	3.24e-19	4.32e-16	2.65e-13	7.22e-11	1.13e-08	8.70e-07	4.25e-05	1.68e-03	1.03e-01	4.03e-01	4.93e-01
 7.93628e+20	0.00e+00	0.00e+00	0.00e+00	0.00e+00	0.00e+00	9.11e-31	1.28e-26	8.42e-23	4.30e-19	5.59e-16	3.34e-13	8.89e-11	1.35e-08	1.01e-06	4.77e-05	1.82e-03	1.08e-01	4.08e-01	4.83e-01
 8.43924e+20	0.00e+00	0.00e+00	0.00e+00	0.00e+00	0.00e+00	1.35e-30	1.82e-26	1.15e-22	5.74e-19	7.29e-16	4.25e-13	1.10e-10	1.63e-08	1.18e-06	5.38e-05	1.98e-03	1.13e-01	4.13e-01	4.72e-01
 9.09310e+20	0.00e+00	0.00e+00	0.00e+00	0.00e+00	0.00e+00	2.25e-30	2.85e-26	1.71e-22	8.32e-19	1.02e-15	5.78e-13	1.45e-10	2.07e-08	1.45e-06	6.27e-05	2.21e-03	1.20e-01	4.19e-01	4.58e-01
 9.74660e+20	0.00e+00	0.00e+00	0.00e+00	0.00e+00	0.00e+00	3.71e-30	4.45e-26	2.53e-22	1.20e-18	1.43e-15	7.84e-13	1.90e-10	2.62e-08	1.76e-06	7.29e-05	2.46e-03	1.27e-01	4.25e-01	4.45e-01
 1.02547e+21	0.00e+00	0.00e+00	0.00e+00	0.00e+00	0.00e+00	5.44e-30	6.25e-26	3.42e-22	1.59e-18	1.86e-15	9.90e-13	2.33e-10	3.15e-08	2.05e-06	8.18e-05	2.66e-03	1.33e-01	4.30e-01	4.34e-01
 1.06999e+21	0.00e+00	0.00e+00	0.00e+00	0.00e+00	0.00e+00	7.57e-30	8.39e-26	4.43e-22	2.02e-18	2.32e-15	1.21e-12	2.79e-10	3.68e-08	2.34e-06	9.04e-05	2.85e-03	1.38e-01	4.34e-01	4.25e-01
 1.12080e+21	0.00e+00	0.00e+00	0.00e+00	0.00e+00	0.00e+00	1.10e-29	1.17e-25	5.93e-22	2.65e-18	2.98e-15	1.52e-12	3.42e-10	4.40e-08	2.72e-06	1.01e-04	3.09e-03	1.45e-01	4.37e-01	4.15e-01
 1.18687e+21	0.00e+00	0.00e+00	0.00e+00	0.00e+00	0.00e+00	1.77e-29	1.79e-25	8.60e-22	3.76e-18	4.11e-15	2.04e-12	4.43e-10	5.52e-08	3.28e-06	1.17e-04	3.41e-03	1.53e-01	4.42e-01	4.02e-01
 1.25364e+21	0.00e+00	0.00e+00	0.00e+00	0.00e+00	0.00e+00	2.85e-29	2.72e-25	1.24e-21	5.32e-18	5.66e-15	2.72e-12	5.74e-10	6.93e-08	3.97e-06	1.35e-04	3.76e-03	1.61e-01	4.47e-01	3.88e-01
 1.30660e+21	0.00e+00	0.00e+00	0.00e+00	0.00e+00	0.00e+00	4.16e-29	3.80e-25	1.67e-21	7.00e-18	7.30e-15	3.43e-12	7.05e-10	8.31e-08	4.62e-06	1.51e-04	4.07e-03	1.68e-01	4.50e-01	3.78e-01
 1.36073e+21	0.00e+00	0.00e+00	0.00e+00	0.00e+00	0.00e+00	6.01e-29	5.26e-25	2.22e-21	9.16e-18	9.36e-15	4.30e-12	8.61e-10	9.90e-08	5.34e-06	1.69e-04	4.38e-03	1.75e-01	4.53e-01	3.68e-01
 1.43109e+21	0.00e+00	0.00e+00	0.00e+00	0.00e+00	0.00e+00	9.69e-29	8.03e-25	3.21e-21	1.30e-17	1.29e-14	5.76e-12	1.12e-09	1.24e-07	6.46e-06	1.95e-04	4.83e-03	1.84e-01	4.56e-01	3.55e-01
 1.50165e+21	0.00e+00	0.00e+00	0.00e+00	0.00e+00	0.00e+00	1.55e-28	1.22e-24	4.63e-21	1.83e-17	1.78e-14	7.70e-12	1.45e-09	1.56e-07	7.79e-06	2.24e-04	5.31e-03	1.94e-01	4.59e-01	3.42e-01
 1.55706e+21	0.00e+00	0.00e+00	0.00e+00	0.00e+00	0.00e+00	2.25e-28	1.69e-24	6.15e-21	2.40e-17	2.28e-14	9.67e-12	1.77e-09	1.86e-07	9.03e-06	2.50e-04	5.73e-03	2.02e-01	4.61e-01	3.32e-01
 1.60618e+21	0.00e+00	0.00e+00	0.00e+00	0.00e+00	0.00e+00	3.07e-28	2.23e-24	7.84e-21	3.01e-17	2.82e-14	1.17e-11	2.10e-09	2.16e-07	1.02e-05	2.74e-04	6.09e-03	2.08e-01	4.62e-01	3.23e-01
 1.66249e+21	0.00e+00	0.00e+00	0.00e+00	0.00e+00	3.04e-32	4.40e-28	3.06e-24	1.03e-20	3.91e-17	3.60e-14	1.46e-11	2.56e-09	2.57e-07	1.18e-05	3.05e-04	6.54e-03	2.16e-01	4.64e-01	3.13e-01
 1.73570e+21	0.00e+00	0.00e+00	0.00e+00	0.00e+00	5.06e-32	6.95e-28	4.58e-24	1.47e-20	5.47e-17	4.91e-14	1.94e-11	3.29e-09	3.20e-07	1.41e-05	3.50e-04	7.16e-03	2.26e-01	4.65e-01	3.01e-01
 1.81066e+21	0.00e+00	0.00e+00	0.00e+00	0.00e+00	8.47e-32	1.10e-27	6.88e-24	2.10e-20	7.66e-17	6.71e-14	2.58e-11	4.23e-09	3.99e-07	1.69e-05	4.01e-04	7.84e-03	2.37e-01	4.66e-01	2.89e-01
 1.87168e+21	0.00e+00	0.00e+00	0.00e+00	0.00e+00	1.28e-31	1.59e-27	9.52e-24	2.79e-20	1.00e-16	8.63e-14	3.24e-11	5.18e-09	4.77e-07	1.96e-05	4.46e-04	8.42e-03	2.45e-01	4.66e-01	2.79e-01
 1.93481e+21	0.00e+00	0.00e+00	0.00e+00	0.00e+00	1.94e-31	2.31e-27	1.32e-23	3.72e-20	1.32e-16	1.11e-13	4.09e-11	6.36e-09	5.70e-07	2.27e-05	4.98e-04	9.04e-03	2.54e-01	4.66e-01	2.70e-01
 2.00522e+21	0.00e+00	0.00e+00	0.00e+00	0.00e+00	3.06e-31	3.49e-27	1.90e-23	5.10e-20	1.78e-16	1.47e-13	5.27e-11	7.96e-09	6.94e-07	2.67e-05	5.61e-04	9.78e-03	2.64e-01	4.66e-01	2.59e-01
 2.07077e+21	0.00e+00	0.00e+00	0.00e+00	0.00e+00	4.66e-31	5.07e-27	2.65e-23	6.81e-20	2.34e-16	1.90e-13	6.65e-11	9.78e-09	8.30e-07	3.09e-05	6.25e-04	1.05e-02	2.73e-01	4.65e-01	2.50e-01
 2.13211e+21	0.00e+00	0.00e+00	0.00e+00	0.00e+00	6.84e-31	7.16e-27	3.59e-23	8.88e-20	3.02e-16	2.40e-13	8.24e-11	1.18e-08	9.78e-07	3.53e-05	6.91e-04	1.12e-02	2.82e-01	4.64e-01	2.42e-01
 2.20233e+21	0.00e+00	0.00e+00	0.00e+00	0.00e+00	1.05e-30	1.05e-26	5.06e-23	1.20e-19	4.01e-16	3.13e-13	1.05e-10	1.46e-08	1.18e-06	4.11e-05	7.72e-04	1.20e-02	2.92e-01	4.63e-01	2.32e-01
 2.28090e+21	0.00e+00	0.00e+00	0.00e+00	0.00e+00	1.69e-30	1.61e-26	7.36e-23	1.66e-19	5.48e-16	4.19e-13	1.36e-10	1.85e-08	1.44e-06	4.85e-05	8.72e-04	1.30e-02	3.03e-01	4.61e-01	2.22e-01
 2.35465e+21	0.00e+00	0.00e+00	0.00e+00	0.00e+00	2.62e-30	2.39e-26	1.04e-22	2.25e-19	7.31e-16	5.47e-13	1.74e-10	2.29e-08	1.73e-06	5.64e-05	9.74e-04	1.40e-02	3.13e-01	4.59e-01	2.13e-01
 2.42432e+21	0.00e+00	0.00e+00	0.00e+00	0.00e+00	3.93e-30	3.43e-26	1.43e-22	2.97e-19	9.54e-16	7.02e-13	2.18e-10	2.79e-08	2.06e-06	6.48e-05	1.08e-03	1.49e-02	3.22e-01	4.57e-01	2.05e-01
 2.50438e+21	0.00e+00	0.00e+00	0.00e+00	0.00e+00	6.20e-30	5.16e-26	2.06e-22	4.07e-19	1.29e-15	9.28e-13	2.81e-10	3.48e-08	2.50e-06	7.58e-05	1.21e-03	1.60e-02	3.33e-01	4.54e-01	1.96e-01
 2.58928e+21	0.00e+00	0.00e+00	0.00e+00	0.00e+00	9.96e-30	7.90e-26	3.00e-22	5.66e-19	1.76e-15	1.24e-12	3.66e-10	4.39e-08	3.05e-06	8.91e-05	1.36e-03	1.73e-02	3.44e-01	4.50e-01	1.87e-01
 2.66258e+21	0.00e+00	0.00e+00	0.00e+00	0.00e+00	1.49e-29	1.13e-25	4.12e-22	7.47e-19	2.30e-15	1.59e-12	4.58e-10	5.35e-08	3.61e-06	1.02e-04	1.51e-03	1.84e-02	3.54e-01	4.47e-01	1.79e-01
 2.73997e+21	0.00e+00	0.00e+00	0.00e+00	0.00e+00	2.25e-29	1.64e-25	5.73e-22	9.96e-19	3.02e-15	2.05e-12	5.76e-10	6.55e-08	4.30e-06	1.18e-04	1.67e-03	1.96e-02	3.64e-01	4.43e-01	1.71e-01
 2.84058e+21	0.00e+00	0.00e+00	0.00e+00	0.00e+00	3.82e-29	2.64e-25	8.71e-22	1.44e-18	4.29e-15	2.84e-12	7.73e-10	8.46e-08	5.36e-06	1.40e-04	1.90e-03	2.12e-02	3.76e-01	4.38e-01	1.62e-01
 2.94217e+21	0.00e+00	0.00e+00	0.00e+00	0.00e+00	6.44e-29	4.22e-25	1.32e-21	2.06e-18	6.07e-15	3.91e-12	1.03e-09	1.09e-07	6.66e-06	1.67e-04	2.15e-03	2.30e-02	3.89e-01	4.33e-01	1.53e-01
 3.02314e+21	0.00e+00	0.00e+00	0.00e+00	0.00e+00	9.68e-29	6.08e-25	1.82e-21	2.74e-18	7.95e-15	5.03e-12	1.30e-09	1.33e-07	7.89e-06	1.91e-04	2.38e-03	2.44e-02	3.98e-01	4.28e-01	1.46e-01
 3.10652e+21	0.00e+00	0.00e+00	0.00e+00	0.00e+00	1.46e-28	8.80e-25	2.53e-21	3.65e-18	1.04e-14	6.48e-12	1.63e-09	1.62e-07	9.35e-06	2.19e-04	2.62e-03	2.59e-02	4.08e-01	4.23e-01	1.40e-01
 3.21492e+21	0.00e+00	0.00e+00	0.00e+00	0.00e+00	2.46e-28	1.41e-24	3.83e-21	5.24e-18	1.48e-14	8.93e-12	2.18e-09	2.09e-07	1.16e-05	2.61e-04	2.97e-03	2.79e-02	4.21e-01	4.17e-01	1.31e-01
 3.32176e+21	0.00e+00	0.00e+00	0.00e+00	0.00e+00	4.08e-28	2.22e-24	5.74e-21	7.46e-18	2.07e-14	1.22e-11	2.88e-09	2.67e-07	1.43e-05	3.08e-04	3.34e-03	3.00e-02	4.32e-01	4.10e-01	1.24e-01
 3.40299e+21	0.00e+00	0.00e+00	0.00e+00	3.89e-32	5.95e-28	3.11e-24	7.74e-21	9.70e-18	2.66e-14	1.54e-11	3.55e-09	3.20e-07	1.67e-05	3.48e-04	3.65e-03	3.16e-02	4.41e-01	4.05e-01	1.18e-01
 3.48502e+21	0.00e+00	0.00e+00	0.00e+00	5.88e-32	8.66e-28	4.36e-24	1.04e-20	1.26e-17	3.41e-14	1.94e-11	4.37e-09	3.83e-07	1.94e-05	3.93e-04	3.99e-03	3.33e-02	4.50e-01	4.00e-01	1.13e-01
 3.59165e+21	0.00e+00	0.00e+00	0.00e+00	9.89e-32	1.39e-27	6.66e-24	1.52e-20	1.75e-17	4.67e-14	2.59e-11	5.68e-09	4.81e-07	2.35e-05	4.58e-04	4.44e-03	3.56e-02	4.60e-01	3.93e-01	1.07e-01
 3.70518e+21	0.00e+00	0.00e+00	0.00e+00	1.71e-31	2.28e-27	1.04e-23	2.26e-20	2.48e-17	6.50e-14	3.52e-11	7.48e-09	6.10e-07	2.88e-05	5.37e-04	4.98e-03	3.80e-02	4.71e-01	3.85e-01	1.00e-01
 3.80359e+21	0.00e+00	0.00e+00	0.00e+00	2.72e-31	3.48e-27	1.52e-23	3.17e-20	3.32e-17	8.61e-14	4.57e-11	9.44e-09	7.46e-07	3.42e-05	6.14e-04	5.48e-03	4.02e-02	4.81e-01	3.78e-01	9.48e-02
 3.90744e+21	0.00e+00	0.00e+00	0.00e+00	4.39e-31	5.38e-27	2.25e-23	4.48e-20	4.51e-17	1.15e-13	5.97e-11	1.20e-08	9.19e-07	4.07e-05	7.06e-04	6.05e-03	4.26e-02	4.90e-01	3.71e-01	8.96e-02
 4.02400e+21	0.00e+00	0.00e+00	0.00e+00	7.44e-31	8.71e-27	3.47e-23	6.58e-20	6.30e-17	1.59e-13	8.03e-11	1.57e-08	1.15e-06	4.94e-05	8.22e-04	6.73e-03	4.53e-02	5.00e-01	3.63e-01	8.41e-02
 4.13424e+21	0.00e+00	0.00e+00	0.00e+00	1.22e-30	1.36e-26	5.19e-23	9.39e-20	8.60e-17	2.14e-13	1.06e-10	2.00e-08	1.43e-06	5.90e-05	9.45e-04	7.44e-03	4.80e-02	5.09e-01	3.56e-01	7.92e-02
 4.23890e+21	0.00e+00	0.00e+00	0.00e+00	1.92e-30	2.06e-26	7.54e-23	1.31e-19	1.15e-16	2.82e-13	1.36e-10	2.52e-08	1.74e-06	6.97e-05	1.08e-03	8.15e-03	5.06e-02	5.17e-01	3.48e-01	7.48e-02
 4.34243e+21	0.00e+00	0.00e+00	0.00e+00	2.99e-30	3.09e-26	1.08e-22	1.81e-19	1.52e-16	3.69e-13	1.75e-10	3.14e-08	2.11e-06	8.18e-05	1.22e-03	8.90e-03	5.32e-02	5.25e-01	3.41e-01	7.07e-02
 4.46026e+21	0.00e+00	0.00e+00	0.00e+00	4.91e-30	4.84e-26	1.63e-22	2.59e-19	2.08e-16	4.98e-13	2.31e-10	4.02e-08	2.60e-06	9.78e-05	1.40e-03	9.82e-03	5.62e-02	5.33e-01	3.33e-01	6.64e-02
 4.58815e+21	0.00e+00	0.00e+00	0.00e+00	8.33e-30	7.83e-26	2.51e-22	3.80e-19	2.91e-16	6.86e-13	3.10e-10	5.24e-08	3.27e-06	1.18e-04	1.63e-03	1.09e-02	5.96e-02	5.42e-01	3.24e-01	6.20e-02
 4.70268e+21	0.00e+00	0.00e+00	0.00e+00	1.33e-29	1.20e-25	3.67e-22	5.32e-19	3.91e-16	9.10e-13	4.02e-10	6.60e-08	3.99e-06	1.40e-04	1.85e-03	1.19e-02	6.26e-02	5.49e-01	3.16e-01	5.83e-02
 4.82515e+21	0.00e+00	0.00e+00	0.00e+00	2.16e-29	1.86e-25	5.46e-22	7.56e-19	5.32e-16	1.22e-12	5.27e-10	8.41e-08	4.91e-06	1.66e-04	2.12e-03	1.31e-02	6.60e-02	5.56e-01	3.08e-01	5.46e-02
 4.96059e+21	0.00e+00	0.00e+00	0.00e+00	3.66e-29	3.01e-25	8.42e-22	1.11e-18	7.44e-16	1.68e-12	7.09e-10	1.09e-07	6.15e-06	2.01e-04	2.46e-03	1.45e-02	6.97e-02	5.63e-01	2.99e-01	5.08e-02
 5.08576e+21	0.00e+00	0.00e+00	0.00e+00	5.92e-29	4.66e-25	1.25e-21	1.57e-18	1.01e-15	2.25e-12	9.27e-10	1.39e-07	7.55e-06	2.38e-04	2.80e-03	1.59e-02	7.33e-02	5.69e-01	2.91e-01	4.76e-02
 5.22133e+21	0.00e+00	0.00e+00	0.00e+00	9.85e-29	7.41e-25	1.89e-21	2.27e-18	1.39e-15	3.07e-12	1.23e-09	1.79e-07	9.37e-06	2.85e-04	3.22e-03	1.75e-02	7.72e-02	5.75e-01	2.82e-01	4.43e-02
 5.37042e+21	0.00e+00	0.00e+00	0.00e+00	1.71e-28	1.22e-24	2.97e-21	3.39e-18	1.97e-15	4.29e-12	1.67e-09	2.35e-07	1.18e-05	3.46e-04	3.74e-03	1.94e-02	8.15e-02	5.81e-01	2.73e-01	4.09e-02
 5.50619e+21	0.00e+00	0.00e+00	0.00e+00	2.80e-28	1.92e-24	4.44e-21	4.84e-18	2.69e-15	5.78e-12	2.20e-09	3.00e-07	1.46e-05	4.11e-04	4.28e-03	2.12e-02	8.55e-02	5.86e-01	2.64e-01	3.81e-02
 5.62180e+21	0.00e+00	0.00e+00	3.94e-32	4.24e-28	2.80e-24	6.24e-21	6.54e-18	3.49e-15	7.43e-12	2.78e-09	3.69e-07	1.74e-05	4.76e-04	4.79e-03	2.29e-02	8.90e-02	5.90e-01	2.57e-01	3.58e-02
 5.74210e+21	0.00e+00	0.00e+00	6.25e-32	6.48e-28	4.11e-24	8.81e-21	8.87e-18	4.55e-15	9.59e-12	3.51e-09	4.55e-07	2.08e-05	5.52e-04	5.36e-03	2.47e-02	9.26e-02	5.93e-01	2.50e-01	3.36e-02
 5.87796e+21	0.00e+00	0.00e+00	1.04e-31	1.03e-27	6.28e-24	1.29e-20	1.24e-17	6.11e-15	1.27e-11	4.56e-09	5.73e-07	2.53e-05	6.49e-04	6.07e-03	2.69e-02	9.67e-02	5.97e-01	2.41e-01	3.13e-02
 6.00716e+21	0.00e+00	0.00e+00	1.68e-31	1.61e-27	9.38e-24	1.85e-20	1.71e-17	8.05e-15	1.66e-11	5.83e-09	7.13e-07	3.04e-05	7.56e-04	6.83e-03	2.91e-02	1.01e-01	5.99e-01	2.34e-01	2.93e-02
 6.12806e+21	0.00e+00	0.00e+00	2.62e-31	2.42e-27	1.36e-23	2.58e-20	2.29e-17	1.04e-14	2.12e-11	7.30e-09	8.71e-07	3.61e-05	8.71e-04	7.60e-03	3.13e-02	1.04e-01	6.01e-01	2.27e-01	2.74e-02
 6.26507e+21	0.00e+00	0.00e+00	4.29e-31	3.80e-27	2.05e-23	3.73e-20	3.17e-17	1.38e-14	2.79e-11	9.39e-09	1.09e-06	4.36e-05	1.02e-03	8.57e-03	3.39e-02	1.09e-01	6.03e-01	2.19e-01	2.55e-02
 6.41710e+21	0.00e+00	0.00e+00	7.38e-31	6.24e-27	3.21e-23	5.58e-20	4.53e-17	1.88e-14	3.76e-11	1.24e-08	1.39e-06	5.37e-05	1.21e-03	9.75e-03	3.70e-02	1.13e-01	6.04e-01	2.11e-01	2.36e-02
 6.54547e+21	0.00e+00	0.00e+00	1.16e-30	9.44e-27	4.68e-23	7.82e-20	6.10e-17	2.43e-14	4.83e-11	1.55e-08	1.70e-06	6.38e-05	1.39e-03	1.09e-02	3.97e-02	1.17e-01	6.05e-01	2.04e-01	2.20e-02
 6.64711e+21	0.00e+00	0.00e+00	1.65e-30	1.30e-26	6.27e-23	1.02e-19	7.68e-17	2.96e-14	5.85e-11	1.86e-08	1.99e-06	7.29e-05	1.55e-03	1.18e-02	4.20e-02	1.20e-01	6.05e-01	1.98e-01	2.09e-02
 6.75722e+21	0.00e+00	0.00e+00	2.41e-30	1.84e-26	8.59e-23	1.35e-19	9.84e-17	3.67e-14	7.21e-11	2.25e-08	2.36e-06	8.42e-05	1.75e-03	1.29e-02	4.46e-02	1.24e-01	6.05e-01	1.93e-01	1.97e-02
 6.90037e+21	0.00e+00	0.00e+00	3.90e-30	2.87e-26	1.28e-22	1.93e-19	1.35e-16	4.82e-14	9.40e-11	2.87e-08	2.93e-06	1.01e-04	2.03e-03	1.45e-02	4.80e-02	1.28e-01	6.04e-01	1.85e-01	1.83e-02
 7.05002e+21	0.00e+00	0.00e+00	6.43e-30	4.54e-26	1.94e-22	2.80e-19	1.87e-16	6.40e-14	1.24e-10	3.70e-08	3.67e-06	1.22e-04	2.37e-03	1.63e-02	5.18e-02	1.33e-01	6.02e-01	1.78e-01	1.69e-02
 7.16589e+21	0.00e+00	0.00e+00	9.47e-30	6.47e-26	2.68e-22	3.72e-19	2.41e-16	7.94e-14	1.53e-10	4.50e-08	4.36e-06	1.41e-04	2.67e-03	1.78e-02	5.49e-02	1.36e-01	6.00e-01	1.72e-01	1.58e-02
 7.25649e+21	0.00e+00	0.00e+00	1.28e-29	8.51e-26	3.44e-22	4.65e-19	2.92e-16	9.39e-14	1.80e-10	5.23e-08	4.98e-06	1.58e-04	2.93e-03	1.91e-02	5.75e-02	1.39e-01	5.99e-01	1.67e-01	1.51e-02
 7.35645e+21	0.00e+00	0.00e+00	1.76e-29	1.14e-25	4.47e-22	5.89e-19	3.60e-16	1.12e-13	2.14e-10	6.14e-08	5.74e-06	1.78e-04	3.23e-03	2.05e-02	6.02e-02	1.42e-01	5.97e-01	1.63e-01	1.43e-02
 7.48640e+21	0.00e+00	0.00e+00	2.63e-29	1.65e-25	6.26e-22	7.96e-19	4.69e-16	1.41e-13	2.67e-10	7.52e-08	6.87e-06	2.08e-04	3.65e-03	2.25e-02	6.39e-02	1.46e-01	5.94e-01	1.57e-01	1.34e-02
 7.62571e+21	0.00e+00	0.00e+00	4.14e-29	2.49e-25	9.09e-22	1.11e-18	6.27e-16	1.81e-13	3.42e-10	9.44e-08	8.39e-06	2.46e-04	4.20e-03	2.49e-02	6.83e-02	1.50e-01	5.90e-01	1.51e-01	1.24e-02
 7.74389e+21	0.00e+00	0.00e+00	6.00e-29	3.50e-25	1.24e-21	1.46e-18	7.98e-16	2.23e-13	4.18e-10	1.14e-07	9.89e-06	2.82e-04	4.70e-03	2.71e-02	7.20e-02	1.53e-01	5.86e-01	1.45e-01	1.16e-02
 7.84851e+21	0.00e+00	0.00e+00	8.32e-29	4.72e-25	1.62e-21	1.86e-18	9.84e-16	2.66e-13	4.99e-10	1.34e-07	1.14e-05	3.19e-04	5.18e-03	2.91e-02	7.54e-02	1.56e-01	5.82e-01	1.41e-01	1.09e-02
 7.96882e+21	0.00e+00	0.00e+00	1.20e-28	6.62e-25	2.20e-21	2.44e-18	1.25e-15	3.27e-13	6.09e-10	1.61e-07	1.34e-05	3.65e-04	5.79e-03	3.16e-02	7.94e-02	1.59e-01	5.78e-01	1.36e-01	1.02e-02
 8.12522e+21	0.00e+00	0.00e+00	1.93e-28	1.02e-24	3.25e-21	3.46e-18	1.69e-15	4.24e-13	7.87e-10	2.04e-07	1.66e-05	4.35e-04	6.67e-03	3.51e-02	8.48e-02	1.63e-01	5.71e-01	1.29e-01	9.39e-03
 8.27465e+21	0.00e+00	0.00e+00	3.04e-28	1.54e-24	4.73e-21	4.82e-18	2.26e-15	5.43e-13	1.00e-09	2.55e-07	2.02e-05	5.14e-04	7.63e-03	3.88e-02	9.01e-02	1.67e-01	5.64e-01	1.23e-01	8.63e-03
 8.38062e+21	0.00e+00	0.00e+00	4.19e-28	2.07e-24	6.15e-21	6.09e-18	2.77e-15	6.45e-13	1.19e-09	2.99e-07	2.32e-05	5.78e-04	8.39e-03	4.16e-02	9.41e-02	1.70e-01	5.59e-01	1.19e-01	8.12e-03
 8.48398e+21	0.00e+00	0.00e+00	5.68e-28	2.73e-24	7.90e-21	7.62e-18	3.37e-15	7.62e-13	1.40e-09	3.47e-07	2.65e-05	6.46e-04	9.17e-03	4.44e-02	9.79e-02	1.72e-01	5.54e-01	1.15e-01	7.66e-03
 8.61836e+21	0.00e+00	0.00e+00	8.41e-28	3.91e-24	1.09e-20	1.02e-17	4.33e-15	9.42e-13	1.73e-09	4.21e-07	3.14e-05	7.45e-04	1.03e-02	4.82e-02	1.03e-01	1.75e-01	5.46e-01	1.10e-01	7.09e-03
 8.76182e+21	0.00e+00	0.00e+00	1.28e-27	5.72e-24	1.54e-20	1.38e-17	5.64e-15	1.18e-12	2.16e-09	5.17e-07	3.76e-05	8.66e-04	1.16e-02	5.27e-02	1.09e-01	1.78e-01	5.38e-01	1.04e-01	6.52e-03
 8.88570e+21	0.00e+00	0.00e+00	1.83e-27	7.94e-24	2.07e-20	1.79e-17	7.08e-15	1.43e-12	2.61e-09	6.16e-07	4.39e-05	9.85e-04	1.29e-02	5.68e-02	1.14e-01	1.80e-01	5.30e-01	9.97e-02	6.07e-03
 8.99830e+21	0.00e+00	0.00e+00	2.53e-27	1.06e-23	2.70e-20	2.27e-17	8.68e-15	1.70e-12	3.09e-09	7.21e-07	5.04e-05	1.11e-03	1.41e-02	6.07e-02	1.18e-01	1.82e-01	5.22e-01	9.58e-02	5.67e-03
 9.12764e+21	0.00e+00	0.00e+00	3.64e-27	1.49e-23	3.64e-20	2.96e-17	1.09e-14	2.07e-12	3.74e-09	8.62e-07	5.89e-05	1.26e-03	1.57e-02	6.54e-02	1.23e-01	1.84e-01	5.13e-01	9.13e-02	5.25e-03
 9.27286e+21	0.00e+00	0.00e+00	5.48e-27	2.16e-23	5.09e-20	3.98e-17	1.41e-14	2.56e-12	4.63e-09	1.05e-06	7.00e-05	1.45e-03	1.76e-02	7.10e-02	1.29e-01	1.86e-01	5.03e-01	8.65e-02	4.81e-03
 9.40334e+21	0.00e+00	0.00e+00	7.90e-27	3.01e-23	6.87e-20	5.19e-17	1.78e-14	3.11e-12	5.60e-09	1.25e-06	8.17e-05	1.65e-03	1.95e-02	7.63e-02	1.35e-01	1.88e-01	4.93e-01	8.22e-02	4.43e-03
 9.51607e+21	0.00e+00	0.00e+00	1.08e-26	4.00e-23	8.88e-20	6.51e-17	2.16e-14	3.66e-12	6.58e-09	1.45e-06	9.32e-05	1.84e-03	2.12e-02	8.11e-02	1.39e-01	1.89e-01	4.84e-01	7.86e-02	4.13e-03
 9.64109e+21	0.00e+00	0.00e+00	1.52e-26	5.47e-23	1.18e-19	8.34e-17	2.68e-14	4.39e-12	7.85e-09	1.71e-06	1.08e-04	2.08e-03	2.33e-02	8.67e-02	1.45e-01	1.90e-01	4.74e-01	7.48e-02	3.82e-03
 9.78056e+21	0.00e+00	0.00e+00	2.23e-26	7.74e-23	1.61e-19	1.10e-16	3.39e-14	5.35e-12	9.53e-09	2.05e-06	1.26e-04	2.37e-03	2.59e-02	9.32e-02	1.50e-01	1.92e-01	4.62e-01	7.06e-02	3.49e-03
 9.90960e+21	0.00e+00	0.00e+00	3.17e-26	1.06e-22	2.14e-19	1.42e-16	4.22e-14	6.42e-12	1.14e-08	2.42e-06	1.45e-04	2.67e-03	2.84e-02	9.95e-02	1.56e-01	1.92e-01	4.51e-01	6.69e-02	3.21e-03
 1.00281e+22	0.00e+00	0.00e+00	4.36e-26	1.42e-22	2.78e-19	1.78e-16	5.14e-14	7.57e-12	1.34e-08	2.81e-06	1.66e-04	2.97e-03	3.09e-02	1.05e-01	1.61e-01	1.93e-01	4.41e-01	6.36e-02	2.97e-03
 1.01623e+22	0.00e+00	0.00e+00	6.22e-26	1.97e-22	3.71e-19	2.30e-16	6.41e-14	9.10e-12	1.60e-08	3.31e-06	1.92e-04	3.35e-03	3.39e-02	1.12e-01	1.66e-01	1.93e-01	4.29e-01	6.00e-02	2.72e-03
 1.03117e+22	0.00e+00	2.91e-32	9.26e-26	2.82e-22	5.13e-19	3.06e-16	8.18e-14	1.12e-11	1.95e-08	3.98e-06	2.25e-04	3.81e-03	3.76e-02	1.21e-01	1.72e-01	1.93e-01	4.15e-01	5.61e-02	2.46e-03
 1.04481e+22	0.00e+00	4.25e-32	1.33e-25	3.92e-22	6.88e-19	3.97e-16	1.02e-13	1.34e-11	2.33e-08	4.69e-06	2.59e-04	4.29e-03	4.12e-02	1.28e-01	1.77e-01	1.92e-01	4.02e-01	5.26e-02	2.24e-03
 1.05708e+22	0.00e+00	5.96e-32	1.83e-25	5.24e-22	8.94e-19	4.99e-16	1.24e-13	1.58e-11	2.72e-08	5.42e-06	2.94e-04	4.76e-03	4.46e-02	1.35e-01	1.82e-01	1.91e-01	3.90e-01	4.97e-02	2.05e-03
 1.07089e+22	0.00e+00	8.67e-32	2.61e-25	7.24e-22	1.19e-18	6.45e-16	1.55e-13	1.89e-11	3.23e-08	6.36e-06	3.38e-04	5.33e-03	4.87e-02	1.43e-01	1.87e-01	1.90e-01	3.77e-01	4.65e-02	1.86e-03
 1.08635e+22	0.00e+00	1.32e-31	3.88e-25	1.04e-21	1.65e-18	8.58e-16	1.97e-13	2.32e-11	3.92e-08	7.59e-06	3.94e-04	6.04e-03	5.36e-02	1.53e-01	1.92e-01	1.89e-01	3.62e-01	4.31e-02	1.67e-03
 1.10069e+22	0.00e+00	1.95e-31	5.63e-25	1.46e-21	2.24e-18	1.12e-15	2.48e-13	2.79e-11	4.67e-08	8.95e-06	4.55e-04	6.79e-03	5.85e-02	1.62e-01	1.97e-01	1.87e-01	3.47e-01	4.00e-02	1.50e-03
 1.11372e+22	0.00e+00	2.75e-31	7.76e-25	1.95e-21	2.91e-18	1.41e-15	3.02e-13	3.29e-11	5.44e-08	1.03e-05	5.13e-04	7.49e-03	6.31e-02	1.70e-01	2.01e-01	1.85e-01	3.35e-01	3.74e-02	1.36e-03
 1.12830e+22	0.00e+00	4.02e-31	1.11e-24	2.71e-21	3.90e-18	1.83e-15	3.76e-13	3.95e-11	6.44e-08	1.20e-05	5.87e-04	8.35e-03	6.85e-02	1.79e-01	2.05e-01	1.83e-01	3.21e-01	3.47e-02	1.22e-03
 1.14475e+22	0.00e+00	6.18e-31	1.67e-24	3.92e-21	5.44e-18	2.45e-15	4.83e-13	4.84e-11	7.78e-08	1.43e-05	6.82e-04	9.43e-03	7.50e-02	1.89e-01	2.09e-01	1.79e-01	3.05e-01	3.18e-02	1.08e-03
 1.16009e+22	0.00e+00	9.26e-31	2.45e-24	5.55e-21	7.43e-18	3.22e-15	6.09e-13	5.86e-11	9.26e-08	1.68e-05	7.84e-04	1.05e-02	8.15e-02	1.99e-01	2.12e-01	1.76e-01	2.89e-01	2.91e-02	9.55e-04
 1.17400e+22	0.00e+00	1.31e-30	3.40e-24	7.48e-21	9.70e-18	4.07e-15	7.45e-13	6.92e-11	1.08e-07	1.93e-05	8.81e-04	1.16e-02	8.73e-02	2.08e-01	2.15e-01	1.73e-01	2.77e-01	2.70e-02	8.60e-04
 1.18961e+22	0.00e+00	1.93e-30	4.91e-24	1.05e-20	1.31e-17	5.31e-15	9.33e-13	8.33e-11	1.27e-07	2.25e-05	1.00e-03	1.28e-02	9.42e-02	2.17e-01	2.17e-01	1.69e-01	2.62e-01	2.48e-02	7.61e-04
 1.20989e+22	0.00e+00	3.18e-30	7.87e-24	1.60e-20	1.93e-17	7.45e-15	1.25e-12	1.06e-10	1.57e-07	2.73e-05	1.18e-03	1.46e-02	1.04e-01	2.30e-01	2.20e-01	1.64e-01	2.44e-01	2.20e-02	6.49e-04
 1.22937e+22	0.00e+00	5.10e-30	1.23e-23	2.41e-20	2.78e-17	1.03e-14	1.64e-12	1.33e-10	1.91e-07	3.27e-05	1.38e-03	1.65e-02	1.13e-01	2.41e-01	2.22e-01	1.59e-01	2.27e-01	1.97e-02	5.55e-04
 1.24319e+22	0.00e+00	7.14e-30	1.69e-23	3.22e-20	3.61e-17	1.29e-14	1.99e-12	1.56e-10	2.19e-07	3.71e-05	1.53e-03	1.80e-02	1.20e-01	2.49e-01	2.23e-01	1.55e-01	2.16e-01	1.81e-02	4.95e-04
 1.25657e+22	0.00e+00	9.68e-30	2.26e-23	4.19e-20	4.57e-17	1.59e-14	2.38e-12	1.80e-10	2.49e-07	4.15e-05	1.69e-03	1.94e-02	1.26e-01	2.56e-01	2.23e-01	1.51e-01	2.05e-01	1.67e-02	4.46e-04
 1.27396e+22	0.00e+00	1.44e-29	3.28e-23	5.90e-20	6.21e-17	2.09e-14	3.00e-12	2.18e-10	2.92e-07	4.81e-05	1.91e-03	2.13e-02	1.35e-01	2.65e-01	2.23e-01	1.46e-01	1.92e-01	1.51e-02	3.88e-04
 1.29264e+22	0.00e+00	2.19e-29	4.88e-23	8.46e-20	8.61e-17	2.79e-14	3.84e-12	2.67e-10	3.47e-07	5.61e-05	2.17e-03	2.35e-02	1.45e-01	2.75e-01	2.23e-01	1.40e-01	1.78e-01	1.35e-02	3.34e-04
 1.30902e+22	0.00e+00	3.14e-29	6.85e-23	1.15e-19	1.14e-16	3.57e-14	4.74e-12	3.17e-10	4.01e-07	6.39e-05	2.42e-03	2.56e-02	1.53e-01	2.82e-01	2.22e-01	1.35e-01	1.67e-01	1.22e-02	2.93e-04
 1.32634e+22	0.00e+00	4.55e-29	9.70e-23	1.59e-19	1.52e-16	4.61e-14	5.88e-12	3.79e-10	4.65e-07	7.29e-05	2.69e-03	2.78e-02	1.62e-01	2.90e-01	2.20e-01	1.30e-01	1.56e-01	1.10e-02	2.55e-04
 1.34588e+22	0.00e+00	6.84e-29	1.42e-22	2.26e-19	2.09e-16	6.10e-14	7.48e-12	4.63e-10	5.48e-07	8.44e-05	3.04e-03	3.05e-02	1.72e-01	2.98e-01	2.18e-01	1.24e-01	1.44e-01	9.80e-03	2.18e-04
 1.36437e+22	0.00e+00	9.99e-29	2.03e-22	3.12e-19	2.80e-16	7.92e-14	9.34e-12	5.56e-10	6.38e-07	9.64e-05	3.38e-03	3.31e-02	1.82e-01	3.04e-01	2.16e-01	1.19e-01	1.34e-01	8.76e-03	1.88e-04
 1.38169e+22	0.00e+00	1.41e-28	2.81e-22	4.20e-19	3.66e-16	1.01e-13	1.15e-11	6.58e-10	7.32e-07	1.09e-04	3.73e-03	3.57e-02	1.90e-01	3.10e-01	2.13e-01	1.14e-01	1.25e-01	7.90e-03	1.64e-04
 1.40145e+22	0.00e+00	2.06e-28	4.02e-22	5.84e-19	4.93e-16	1.31e-13	1.43e-11	7.93e-10	8.52e-07	1.24e-04	4.15e-03	3.86e-02	2.00e-01	3.16e-01	2.10e-01	1.09e-01	1.15e-01	7.03e-03	1.41e-04
 1.42359e+22	0.00e+00	3.14e-28	5.95e-22	8.36e-19	6.83e-16	1.75e-13	1.84e-11	9.74e-10	1.01e-06	1.43e-04	4.66e-03	4.21e-02	2.11e-01	3.22e-01	2.06e-01	1.03e-01	1.05e-01	6.16e-03	1.19e-04
 1.44433e+22	0.00e+00	4.59e-28	8.51e-22	1.16e-18	9.19e-16	2.28e-13	2.31e-11	1.17e-09	1.17e-06	1.63e-04	5.17e-03	4.54e-02	2.22e-01	3.26e-01	2.02e-01	9.75e-02	9.64e-02	5.45e-03	1.01e-04
 1.46379e+22	0.00e+00	6.50e-28	1.18e-21	1.57e-18	1.21e-15	2.90e-13	2.84e-11	1.40e-09	1.34e-06	1.84e-04	5.68e-03	4.87e-02	2.31e-01	3.30e-01	1.98e-01	9.27e-02	8.90e-02	4.86e-03	8.73e-05
 1.48308e+22	0.00e+00	9.09e-28	1.61e-21	2.09e-18	1.57e-15	3.66e-13	3.46e-11	1.65e-09	1.54e-06	2.06e-04	6.21e-03	5.20e-02	2.40e-01	3.33e-01	1.94e-01	8.81e-02	8.23e-02	4.35e-03	7.56e-05
 1.50205e+22	0.00e+00	1.26e-27	2.18e-21	2.76e-18	2.02e-15	4.58e-13	4.20e-11	1.93e-09	1.75e-06	2.29e-04	6.76e-03	5.52e-02	2.49e-01	3.36e-01	1.89e-01	8.38e-02	7.62e-02	3.90e-03	6.56e-05
 1.52359e+22	0.00e+00	1.79e-27	3.03e-21	3.74e-18	2.66e-15	5.86e-13	5.19e-11	2.31e-09	2.01e-06	2.58e-04	7.41e-03	5.90e-02	2.58e-01	3.38e-01	1.85e-01	7.92e-02	6.98e-02	3.45e-03	5.61e-05
 1.54701e+22	0.00e+00	2.61e-27	4.32e-21	5.18e-18	3.58e-15	7.63e-13	6.52e-11	2.79e-09	2.34e-06	2.92e-04	8.17e-03	6.33e-02	2.69e-01	3.39e-01	1.79e-01	7.44e-02	6.35e-02	3.02e-03	4.73e-05
 1.56794e+22	0.00e+00	3.63e-27	5.87e-21	6.87e-18	4.63e-15	9.60e-13	7.94e-11	3.29e-09	2.67e-06	3.26e-04	8.89e-03	6.72e-02	2.77e-01	3.40e-01	1.74e-01	7.03e-02	5.84e-02	2.69e-03	4.07e-05
 1.59022e+22	0.00e+00	5.10e-27	8.04e-21	9.19e-18	6.04e-15	1.22e-12	9.74e-11	3.90e-09	3.05e-06	3.64e-04	9.68e-03	7.13e-02	2.87e-01	3.41e-01	1.69e-01	6.63e-02	5.35e-02	2.38e-03	3.48e-05
 1.61521e+22	0.00e+00	7.39e-27	1.14e-20	1.26e-17	8.08e-15	1.58e-12	1.22e-10	4.70e-09	3.54e-06	4.12e-04	1.06e-02	7.61e-02	2.96e-01	3.41e-01	1.63e-01	6.19e-02	4.84e-02	2.07e-03	2.92e-05
 1.63863e+22	0.00e+00	1.04e-26	1.56e-20	1.69e-17	1.06e-14	2.00e-12	1.50e-10	5.58e-09	4.06e-06	4.60e-04	1.16e-02	8.07e-02	3.05e-01	3.40e-01	1.58e-01	5.81e-02	4.42e-02	1.82e-03	2.48e-05
 1.66059e+22	0.00e+00	1.42e-26	2.08e-20	2.21e-17	1.35e-14	2.49e-12	1.80e-10	6.53e-09	4.60e-06	5.09e-04	1.25e-02	8.50e-02	3.13e-01	3.39e-01	1.53e-01	5.48e-02	4.05e-02	1.62e-03	2.14e-05
 1.68571e+22	0.00e+00	2.00e-26	2.86e-20	2.97e-17	1.76e-14	3.17e-12	2.22e-10	7.77e-09	5.27e-06	5.69e-04	1.36e-02	8.99e-02	3.22e-01	3.37e-01	1.47e-01	5.12e-02	3.68e-02	1.42e-03	1.81e-05
 1.71402e+22	0.00e+00	2.92e-26	4.07e-20	4.11e-17	2.37e-14	4.14e-12	2.80e-10	9.43e-09	6.14e-06	6.43e-04	1.48e-02	9.56e-02	3.31e-01	3.35e-01	1.41e-01	4.75e-02	3.30e-02	1.22e-03	1.50e-05
 1.73899e+22	0.00e+00	4.06e-26	5.51e-20	5.44e-17	3.07e-14	5.21e-12	3.41e-10	1.11e-08	7.01e-06	7.14e-04	1.60e-02	1.01e-01	3.39e-01	3.32e-01	1.35e-01	4.44e-02	3.00e-02	1.08e-03	1.27e-05
 1.75976e+22	0.00e+00	5.28e-26	7.03e-20	6.83e-17	3.77e-14	6.27e-12	4.01e-10	1.27e-08	7.79e-06	7.77e-04	1.71e-02	1.05e-01	3.46e-01	3.30e-01	1.31e-01	4.20e-02	2.77e-02	9.67e-04	1.11e-05
 1.78256e+22	0.00e+00	7.01e-26	9.13e-20	8.70e-17	4.71e-14	7.65e-12	4.76e-10	1.47e-08	8.73e-06	8.50e-04	1.83e-02	1.10e-01	3.52e-01	3.27e-01	1.26e-01	3.95e-02	2.55e-02	8.62e-04	9.63e-06
 1.81221e+22	0.00e+00	1.00e-25	1.27e-19	1.18e-16	6.24e-14	9.84e-12	5.91e-10	1.77e-08	1.01e-05	9.52e-04	1.98e-02	1.16e-01	3.60e-01	3.23e-01	1.20e-01	3.65e-02	2.29e-02	7.44e-04	8.01e-06
 1.84315e+22	0.00e+00	1.45e-25	1.78e-19	1.62e-16	8.32e-14	1.27e-11	7.39e-10	2.13e-08	1.17e-05	1.07e-03	2.16e-02	1.22e-01	3.68e-01	3.18e-01	1.14e-01	3.36e-02	2.04e-02	6.39e-04	6.61e-06
 1.86912e+22	0.00e+00	1.96e-25	2.35e-19	2.09e-16	1.05e-13	1.57e-11	8.88e-10	2.49e-08	1.32e-05	1.18e-03	2.31e-02	1.28e-01	3.74e-01	3.14e-01	1.09e-01	3.14e-02	1.86e-02	5.63e-04	5.64e-06
 1.89625e+22	0.00e+00	2.65e-25	3.11e-19	2.71e-16	1.33e-13	1.95e-11	1.07e-09	2.90e-08	1.49e-05	1.29e-03	2.47e-02	1.33e-01	3.80e-01	3.10e-01	1.05e-01	2.92e-02	1.69e-02	4.95e-04	4.81e-06
 1.93152e+22	0.00e+00	3.89e-25	4.43e-19	3.76e-16	1.80e-13	2.55e-11	1.35e-09	3.53e-08	1.74e-05	1.46e-03	2.70e-02	1.41e-01	3.87e-01	3.03e-01	9.87e-02	2.67e-02	1.49e-02	4.20e-04	3.91e-06
 1.96787e+22	0.00e+00	5.74e-25	6.33e-19	5.24e-16	2.44e-13	3.35e-11	1.71e-09	4.31e-08	2.04e-05	1.65e-03	2.94e-02	1.48e-01	3.94e-01	2.97e-01	9.28e-02	2.43e-02	1.31e-02	3.55e-04	3.17e-06
 1.99769e+22	3.41e-32	7.83e-25	8.42e-19	6.83e-16	3.11e-13	4.16e-11	2.06e-09	5.06e-08	2.31e-05	1.81e-03	3.14e-02	1.54e-01	3.98e-01	2.91e-01	8.82e-02	2.25e-02	1.18e-02	3.09e-04	2.68e-06
 2.02852e+22	4.77e-32	1.07e-24	1.12e-18	8.89e-16	3.96e-13	5.16e-11	2.48e-09	5.92e-08	2.62e-05	1.99e-03	3.36e-02	1.61e-01	4.03e-01	2.85e-01	8.37e-02	2.08e-02	1.07e-02	2.70e-04	2.26e-06
 2.06269e+22	6.87e-32	1.50e-24	1.52e-18	1.18e-15	5.15e-13	6.54e-11	3.05e-09	7.04e-08	3.00e-05	2.21e-03	3.61e-02	1.68e-01	4.07e-01	2.79e-01	7.90e-02	1.91e-02	9.51e-03	2.32e-04	1.87e-06
 2.09426e+22	9.57e-32	2.03e-24	2.01e-18	1.54e-15	6.54e-13	8.09e-11	3.66e-09	8.22e-08	3.38e-05	2.43e-03	3.85e-02	1.74e-01	4.11e-01	2.72e-01	7.49e-02	1.76e-02	8.56e-03	2.02e-04	1.58e-06
 2.12839e+22	1.35e-31	2.79e-24	2.70e-18	2.01e-15	8.37e-13	1.01e-10	4.44e-09	9.67e-08	3.85e-05	2.67e-03	4.12e-02	1.81e-01	4.15e-01	2.66e-01	7.07e-02	1.62e-02	7.66e-03	1.75e-04	1.32e-06
 2.16656e+22	1.97e-31	3.96e-24	3.71e-18	2.71e-15	1.10e-12	1.29e-10	5.49e-09	1.16e-07	4.42e-05	2.97e-03	4.43e-02	1.89e-01	4.18e-01	2.58e-01	6.63e-02	1.47e-02	6.78e-03	1.49e-04	1.08e-06
 2.20247e+22	2.80e-31	5.46e-24	4.98e-18	3.56e-15	1.41e-12	1.61e-10	6.66e-09	1.36e-07	5.03e-05	3.27e-03	4.73e-02	1.96e-01	4.20e-01	2.51e-01	6.23e-02	1.35e-02	6.04e-03	1.28e-04	8.98e-07
 2.24163e+22	4.04e-31	7.65e-24	6.78e-18	4.74e-15	1.83e-12	2.04e-10	8.16e-09	1.62e-07	5.76e-05	3.62e-03	5.07e-02	2.04e-01	4.22e-01	2.44e-01	5.84e-02	1.23e-02	5.35e-03	1.09e-04	7.39e-07
 2.28542e+22	6.06e-31	1.11e-23	9.52e-18	6.48e-15	2.44e-12	2.64e-10	1.02e-08	1.95e-07	6.67e-05	4.04e-03	5.46e-02	2.12e-01	4.24e-01	2.35e-01	5.42e-02	1.11e-02	4.67e-03	9.16e-05	5.95e-07
 2.32673e+22	8.79e-31	1.56e-23	1.30e-17	8.66e-15	3.19e-12	3.35e-10	1.25e-08	2.32e-07	7.64e-05	4.47e-03	5.84e-02	2.20e-01	4.25e-01	2.27e-01	5.06e-02	1.00e-02	4.12e-03	7.78e-05	4.87e-07
 2.37194e+22	1.30e-30	2.24e-23	1.81e-17	1.17e-14	4.21e-12	4.29e-10	1.55e-08	2.78e-07	8.81e-05	4.97e-03	6.27e-02	2.28e-01	4.26e-01	2.19e-01	4.69e-02	9.03e-03	3.60e-03	6.54e-05	3.93e-07
 2.42287e+22	2.01e-30	3.34e-23	2.60e-17	1.64e-14	5.72e-12	5.65e-10	1.97e-08	3.40e-07	1.03e-04	5.58e-03	6.77e-02	2.37e-01	4.25e-01	2.10e-01	4.31e-02	8.02e-03	3.10e-03	5.38e-05	3.10e-07
 2.46819e+22	2.94e-30	4.73e-23	3.56e-17	2.20e-14	7.48e-12	7.18e-10	2.42e-08	4.05e-07	1.18e-04	6.17e-03	7.23e-02	2.45e-01	4.24e-01	2.02e-01	3.99e-02	7.23e-03	2.71e-03	4.54e-05	2.52e-07
 2.50673e+22	4.01e-30	6.29e-23	4.62e-17	2.80e-14	9.32e-12	8.74e-10	2.87e-08	4.67e-07	1.32e-04	6.70e-03	7.63e-02	2.52e-01	4.23e-01	1.95e-01	3.75e-02	6.63e-03	2.43e-03	3.94e-05	2.12e-07
 2.54951e+22	5.63e-30	8.58e-23	6.13e-17	3.64e-14	1.18e-11	1.08e-09	3.45e-08	5.46e-07	1.49e-04	7.33e-03	8.08e-02	2.59e-01	4.22e-01	1.88e-01	3.49e-02	6.01e-03	2.15e-03	3.37e-05	1.75e-07
 2.60513e+22	8.60e-30	1.27e-22	8.72e-17	5.04e-14	1.59e-11	1.41e-09	4.34e-08	6.61e-07	1.73e-04	8.17e-03	8.67e-02	2.68e-01	4.19e-01	1.79e-01	3.19e-02	5.33e-03	1.85e-03	2.78e-05	1.38e-07
 2.66201e+22	1.33e-29	1.88e-22	1.25e-16	7.05e-14	2.16e-11	1.86e-09	5.50e-08	8.07e-07	2.02e-04	9.15e-03	9.31e-02	2.77e-01	4.16e-01	1.70e-01	2.90e-02	4.69e-03	1.57e-03	2.26e-05	0.00e+00
 2.70747e+22	1.85e-29	2.56e-22	1.65e-16	9.12e-14	2.74e-11	2.29e-09	6.59e-08	9.40e-07	2.28e-04	9.97e-03	9.83e-02	2.83e-01	4.12e-01	1.63e-01	2.69e-02	4.25e-03	1.39e-03	1.93e-05	0.00e+00
 2.75348e+22	2.58e-29	3.46e-22	2.17e-16	1.17e-13	3.45e-11	2.81e-09	7.87e-08	1.09e-06	2.56e-04	1.08e-02	1.04e-01	2.90e-01	4.09e-01	1.56e-01	2.50e-02	3.84e-03	1.23e-03	1.65e-05	0.00e+00
 2.81330e+22	3.90e-29	5.05e-22	3.06e-16	1.61e-13	4.60e-11	3.64e-09	9.82e-08	1.31e-06	2.96e-04	1.20e-02	1.11e-01	2.98e-01	4.04e-01	1.48e-01	2.27e-02	3.39e-03	1.05e-03	1.35e-05	0.00e+00
 2.87586e+22	6.00e-29	7.49e-22	4.37e-16	2.25e-13	6.24e-11	4.77e-09	1.24e-07	1.60e-06	3.45e-04	1.34e-02	1.18e-01	3.06e-01	3.98e-01	1.40e-01	2.05e-02	2.96e-03	8.90e-04	1.09e-05	0.00e+00
 2.92788e+22	8.50e-29	1.03e-21	5.82e-16	2.93e-13	7.95e-11	5.93e-09	1.50e-07	1.87e-06	3.89e-04	1.46e-02	1.25e-01	3.13e-01	3.92e-01	1.33e-01	1.88e-02	2.65e-03	7.77e-04	9.21e-06	0.00e+00
 2.98139e+22	1.20e-28	1.41e-21	7.74e-16	3.82e-13	1.01e-10	7.36e-09	1.80e-07	2.19e-06	4.39e-04	1.59e-02	1.31e-01	3.19e-01	3.87e-01	1.26e-01	1.73e-02	2.37e-03	6.77e-04	7.74e-06	0.00e+00
 3.05096e+22	1.85e-28	2.09e-21	1.11e-15	5.31e-13	1.37e-10	9.62e-09	2.27e-07	2.66e-06	5.10e-04	1.77e-02	1.40e-01	3.27e-01	3.79e-01	1.18e-01	1.55e-02	2.06e-03	5.71e-04	6.24e-06	0.00e+00
 3.12296e+22	2.90e-28	3.15e-21	1.60e-15	7.49e-13	1.87e-10	1.27e-08	2.89e-07	3.26e-06	5.96e-04	1.98e-02	1.49e-01	3.34e-01	3.70e-01	1.10e-01	1.38e-02	1.78e-03	4.74e-04	4.94e-06	0.00e+00
 3.18184e+22	4.13e-28	4.35e-21	2.14e-15	9.81e-13	2.40e-10	1.59e-08	3.50e-07	3.82e-06	6.74e-04	2.15e-02	1.57e-01	3.39e-01	3.63e-01	1.04e-01	1.25e-02	1.57e-03	4.09e-04	4.11e-06	0.00e+00
 3.24208e+22	5.85e-28	5.97e-21	2.85e-15	1.28e-12	3.06e-10	1.98e-08	4.22e-07	4.48e-06	7.61e-04	2.34e-02	1.65e-01	3.45e-01	3.55e-01	9.81e-02	1.14e-02	1.40e-03	3.53e-04	3.41e-06	0.00e+00
 3.32039e+22	9.07e-28	8.91e-21	4.09e-15	1.79e-12	4.16e-10	2.60e-08	5.34e-07	5.46e-06	8.85e-04	2.60e-02	1.75e-01	3.51e-01	3.45e-01	9.09e-02	1.01e-02	1.20e-03	2.93e-04	2.70e-06	0.00e+00
 3.39659e+22	1.39e-27	1.31e-20	5.80e-15	2.48e-12	5.61e-10	3.40e-08	6.71e-07	6.62e-06	1.03e-03	2.87e-02	1.85e-01	3.56e-01	3.35e-01	8.42e-02	8.93e-03	1.03e-03	2.43e-04	2.14e-06	0.00e+00
 3.45235e+22	1.88e-27	1.72e-20	7.40e-15	3.11e-12	6.92e-10	4.09e-08	7.88e-07	7.57e-06	1.14e-03	3.08e-02	1.92e-01	3.59e-01	3.28e-01	7.96e-02	8.18e-03	9.21e-04	2.13e-04	1.81e-06	0.00e+00
 3.50714e+22	2.50e-27	2.24e-20	9.36e-15	3.88e-12	8.46e-10	4.90e-08	9.21e-07	8.63e-06	1.26e-03	3.30e-02	1.99e-01	3.62e-01	3.20e-01	7.53e-02	7.50e-03	8.27e-04	1.87e-04	1.54e-06	0.00e+00
 3.57837e+22	3.59e-27	3.11e-20	1.26e-14	5.11e-12	1.09e-09	6.17e-08	1.12e-06	1.02e-05	1.42e-03	3.59e-02	2.09e-01	3.66e-01	3.11e-01	7.01e-02	6.70e-03	7.20e-04	1.58e-04	1.25e-06	0.00e+00
 3.65498e+22	5.27e-27	4.40e-20	1.72e-14	6.85e-12	1.43e-09	7.84e-08	1.38e-06	1.21e-05	1.62e-03	3.92e-02	2.19e-01	3.69e-01	3.00e-01	6.48e-02	5.94e-03	6.22e-04	1.32e-04	1.00e-06	0.00e+00
 3.72253e+22	7.33e-27	5.93e-20	2.25e-14	8.80e-12	1.80e-09	9.66e-08	1.65e-06	1.41e-05	1.82e-03	4.23e-02	2.28e-01	3.71e-01	2.91e-01	6.05e-02	5.34e-03	5.46e-04	1.13e-04	8.26e-07	0.00e+00
 3.79430e+22	1.02e-26	8.03e-20	2.95e-14	1.14e-11	2.28e-09	1.19e-07	1.98e-06	1.65e-05	2.04e-03	4.57e-02	2.37e-01	3.73e-01	2.81e-01	5.62e-02	4.78e-03	4.77e-04	9.62e-05	6.75e-07	0.00e+00
 3.88759e+22	1.56e-26	1.18e-19	4.14e-14	1.57e-11	3.07e-09	1.56e-07	2.49e-06	2.00e-05	2.37e-03	5.04e-02	2.49e-01	3.74e-01	2.69e-01	5.11e-02	4.13e-03	4.01e-04	7.81e-05	5.22e-07	0.00e+00
 3.98162e+22	2.38e-26	1.72e-19	5.83e-14	2.16e-11	4.15e-09	2.05e-07	3.14e-06	2.44e-05	2.74e-03	5.54e-02	2.61e-01	3.75e-01	2.56e-01	4.62e-02	3.56e-03	3.35e-04	6.30e-05	4.00e-07	0.00e+00
 4.05537e+22	3.27e-26	2.30e-19	7.53e-14	2.76e-11	5.20e-09	2.51e-07	3.75e-06	2.83e-05	3.06e-03	5.96e-02	2.70e-01	3.75e-01	2.47e-01	4.28e-02	3.17e-03	2.92e-04	5.33e-05	3.26e-07	0.00e+00
 4.13002e+22	4.46e-26	3.04e-19	9.65e-14	3.49e-11	6.48e-09	3.06e-07	4.45e-06	3.28e-05	3.42e-03	6.39e-02	2.79e-01	3.74e-01	2.37e-01	3.95e-02	2.82e-03	2.55e-04	4.52e-05	2.66e-07	0.00e+00
 4.22707e+22	6.56e-26	4.30e-19	1.32e-13	4.70e-11	8.55e-09	3.94e-07	5.53e-06	3.94e-05	3.92e-03	6.98e-02	2.90e-01	3.73e-01	2.25e-01	3.57e-02	2.43e-03	2.13e-04	3.66e-05	2.05e-07	0.00e+00
 4.33005e+22	9.85e-26	6.20e-19	1.82e-13	6.41e-11	1.14e-08	5.13e-07	6.95e-06	4.79e-05	4.53e-03	7.64e-02	3.02e-01	3.71e-01	2.12e-01	3.19e-02	2.07e-03	1.76e-04	2.91e-05	1.55e-07	0.00e+00
 4.41809e+22	1.38e-25	8.37e-19	2.38e-13	8.28e-11	1.46e-08	6.39e-07	8.40e-06	5.64e-05	5.10e-03	8.23e-02	3.12e-01	3.68e-01	2.02e-01	2.90e-02	1.80e-03	1.50e-04	2.40e-05	1.22e-07	0.00e+00
 4.50989e+22	1.91e-25	1.12e-18	3.09e-13	1.07e-10	1.85e-08	7.95e-07	1.02e-05	6.63e-05	5.75e-03	8.87e-02	3.22e-01	3.65e-01	1.91e-01	2.62e-02	1.56e-03	1.27e-04	1.97e-05	0.00e+00	0.00e+00
 4.62923e+22	2.89e-25	1.63e-18	4.27e-13	1.46e-10	2.50e-08	1.05e-06	1.29e-05	8.15e-05	6.68e-03	9.72e-02	3.34e-01	3.60e-01	1.78e-01	2.31e-02	1.30e-03	1.03e-04	1.53e-05	0.00e+00	0.00e+00
 4.75075e+22	4.37e-25	2.36e-18	5.92e-13	2.01e-10	3.38e-08	1.38e-06	1.64e-05	1.00e-04	7.78e-03	1.07e-01	3.46e-01	3.54e-01	1.65e-01	2.01e-02	1.07e-03	8.29e-05	1.18e-05	0.00e+00	0.00e+00
 4.84752e+22	6.01e-25	3.13e-18	7.59e-13	2.57e-10	4.28e-08	1.71e-06	1.97e-05	1.18e-04	8.74e-03	1.14e-01	3.54e-01	3.48e-01	1.55e-01	1.81e-02	9.21e-04	6.97e-05	9.59e-06	0.00e+00	0.00e+00
 4.93045e+22	7.78e-25	3.94e-18	9.29e-13	3.14e-10	5.19e-08	2.05e-06	2.31e-05	1.35e-04	9.64e-03	1.21e-01	3.62e-01	3.43e-01	1.47e-01	1.64e-02	8.08e-04	6.01e-05	8.03e-06	0.00e+00	0.00e+00
 5.02297e+22	1.03e-24	5.04e-18	1.15e-12	3.89e-10	6.36e-08	2.47e-06	2.72e-05	1.56e-04	1.07e-02	1.29e-01	3.69e-01	3.38e-01	1.38e-01	1.49e-02	7.03e-04	5.13e-05	6.66e-06	0.00e+00	0.00e+00
 5.14325e+22	1.45e-24	6.84e-18	1.50e-12	5.07e-10	8.23e-08	3.14e-06	3.34e-05	1.87e-04	1.22e-02	1.39e-01	3.78e-01	3.30e-01	1.28e-01	1.30e-02	5.86e-04	4.18e-05	5.22e-06	0.00e+00	0.00e+00
 5.26937e+22	2.07e-24	9.39e-18	1.98e-12	6.69e-10	1.08e-07	4.03e-06	4.15e-05	2.27e-04	1.40e-02	1.50e-01	3.86e-01	3.20e-01	1.17e-01	1.13e-02	4.83e-04	3.36e-05	4.02e-06	0.00e+00	0.00e+00
 5.37529e+22	2.76e-24	1.21e-17	2.47e-12	8.36e-10	1.34e-07	4.93e-06	4.95e-05	2.65e-04	1.56e-02	1.60e-01	3.92e-01	3.12e-01	1.09e-01	9.99e-03	4.09e-04	2.79e-05	3.23e-06	0.00e+00	0.00e+00
 5.46974e+22	3.54e-24	1.51e-17	2.98e-12	1.01e-09	1.61e-07	5.86e-06	5.75e-05	3.03e-04	1.71e-02	1.68e-01	3.97e-01	3.05e-01	1.02e-01	9.00e-03	3.55e-04	2.39e-05	2.68e-06	0.00e+00	0.00e+00
 5.57709e+22	4.61e-24	1.90e-17	3.65e-12	1.24e-09	1.97e-07	7.07e-06	6.77e-05	3.51e-04	1.90e-02	1.78e-01	4.02e-01	2.97e-01	9.50e-02	7.99e-03	3.03e-04	2.00e-05	2.17e-06	0.00e+00	0.00e+00
 5.71665e+22	6.41e-24	2.54e-17	4.68e-12	1.60e-09	2.53e-07	8.95e-06	8.31e-05	4.22e-04	2.16e-02	1.91e-01	4.07e-01	2.86e-01	8.63e-02	6.85e-03	2.47e-04	1.60e-05	1.66e-06	0.00e+00	0.00e+00
 5.86063e+22	9.00e-24	3.42e-17	6.04e-12	2.09e-09	3.27e-07	1.14e-05	1.02e-04	5.09e-04	2.46e-02	2.05e-01	4.12e-01	2.74e-01	7.78e-02	5.82e-03	1.99e-04	1.26e-05	1.26e-06	0.00e+00	0.00e+00
 5.97782e+22	1.18e-23	4.32e-17	7.37e-12	2.56e-09	4.01e-07	1.38e-05	1.21e-04	5.91e-04	2.73e-02	2.16e-01	4.15e-01	2.64e-01	7.15e-02	5.10e-03	1.68e-04	1.04e-05	1.00e-06	0.00e+00	0.00e+00
 6.09763e+22	1.51e-23	5.38e-17	8.91e-12	3.12e-09	4.86e-07	1.65e-05	1.41e-04	6.81e-04	3.01e-02	2.27e-01	4.16e-01	2.55e-01	6.57e-02	4.48e-03	1.42e-04	8.63e-06	8.04e-07	0.00e+00	0.00e+00
 6.25338e+22	2.07e-23	7.09e-17	1.13e-11	3.98e-09	6.18e-07	2.07e-05	1.72e-04	8.14e-04	3.40e-02	2.42e-01	4.18e-01	2.43e-01	5.89e-02	3.79e-03	1.14e-04	6.80e-06	6.09e-07	0.00e+00	0.00e+00
 6.41698e+22	2.89e-23	9.47e-17	1.44e-11	5.14e-09	7.94e-07	2.61e-05	2.11e-04	9.80e-04	3.86e-02	2.57e-01	4.18e-01	2.30e-01	5.23e-02	3.16e-03	9.07e-05	5.28e-06	4.52e-07	0.00e+00	0.00e+00
 6.55435e+22	3.78e-23	1.20e-16	1.76e-11	6.32e-09	9.74e-07	3.17e-05	2.48e-04	1.14e-03	4.27e-02	2.70e-01	4.17e-01	2.19e-01	4.72e-02	2.72e-03	7.48e-05	4.27e-06	3.53e-07	0.00e+00	0.00e+00
 6.69649e+22	4.91e-23	1.50e-16	2.13e-11	7.73e-09	1.18e-06	3.80e-05	2.90e-04	1.31e-03	4.70e-02	2.82e-01	4.15e-01	2.09e-01	4.28e-02	2.35e-03	6.21e-05	3.49e-06	2.78e-07	0.00e+00	0.00e+00
 6.88128e+22	6.80e-23	1.99e-16	2.71e-11	9.91e-09	1.51e-06	4.76e-05	3.53e-04	1.57e-03	5.29e-02	2.98e-01	4.11e-01	1.96e-01	3.76e-02	1.94e-03	4.90e-05	2.69e-06	2.06e-07	0.00e+00	0.00e+00
 7.07589e+22	9.60e-23	2.69e-16	3.49e-11	1.29e-08	1.94e-06	6.03e-05	4.31e-04	1.89e-03	5.98e-02	3.15e-01	4.06e-01	1.82e-01	3.27e-02	1.58e-03	3.81e-05	2.04e-06	1.49e-07	0.00e+00	0.00e+00
 7.24052e+22	1.28e-22	3.44e-16	4.31e-11	1.60e-08	2.39e-06	7.31e-05	5.08e-04	2.20e-03	6.60e-02	3.28e-01	4.01e-01	1.72e-01	2.91e-02	1.34e-03	3.08e-05	1.62e-06	0.00e+00	0.00e+00	0.00e+00
 7.41179e+22	1.68e-22	4.37e-16	5.27e-11	1.97e-08	2.92e-06	8.79e-05	5.94e-04	2.54e-03	7.25e-02	3.41e-01	3.95e-01	1.61e-01	2.58e-02	1.13e-03	2.51e-05	1.29e-06	0.00e+00	0.00e+00	0.00e+00
