#depth	N	N+	N+2	N+3	N+4	N+5	N+6	N+7
 6.17135e+19	0.00e+00	1.39e-31	2.29e-24	3.62e-18	1.19e-12	1.61e-07	6.16e-04	9.99e-01
 1.87609e+20	0.00e+00	2.46e-31	3.59e-24	5.06e-18	1.48e-12	1.89e-07	6.82e-04	9.99e-01
 3.12629e+20	0.00e+00	4.28e-31	5.55e-24	6.95e-18	1.82e-12	2.21e-07	7.53e-04	9.99e-01
 4.29922e+20	0.00e+00	7.08e-31	8.24e-24	9.26e-18	2.18e-12	2.54e-07	8.25e-04	9.99e-01
 5.05043e+20	0.00e+00	9.75e-31	1.06e-23	1.11e-17	2.44e-12	2.77e-07	8.75e-04	9.99e-01
 5.34510e+20	0.00e+00	1.10e-30	1.17e-23	1.19e-17	2.55e-12	2.86e-07	8.95e-04	9.99e-01
 5.59347e+20	0.00e+00	1.22e-30	1.26e-23	1.26e-17	2.64e-12	2.95e-07	9.11e-04	9.99e-01
 5.91635e+20	0.00e+00	1.39e-30	1.40e-23	1.35e-17	2.77e-12	3.05e-07	9.33e-04	9.99e-01
 6.33609e+20	0.00e+00	1.65e-30	1.59e-23	1.49e-17	2.94e-12	3.20e-07	9.62e-04	9.99e-01
 6.88177e+20	0.00e+00	2.05e-30	1.89e-23	1.68e-17	3.17e-12	3.40e-07	1.00e-03	9.99e-01
 7.45389e+20	0.00e+00	2.57e-30	2.26e-23	1.91e-17	3.42e-12	3.62e-07	1.04e-03	9.99e-01
 7.93628e+20	0.00e+00	3.11e-30	2.61e-23	2.12e-17	3.65e-12	3.81e-07	1.08e-03	9.99e-01
 8.43924e+20	0.00e+00	3.78e-30	3.04e-23	2.36e-17	3.90e-12	4.02e-07	1.12e-03	9.99e-01
 9.09310e+20	0.00e+00	4.86e-30	3.69e-23	2.71e-17	4.23e-12	4.30e-07	1.17e-03	9.99e-01
 9.74660e+20	0.00e+00	6.23e-30	4.47e-23	3.10e-17	4.59e-12	4.60e-07	1.23e-03	9.99e-01
 1.02547e+21	0.00e+00	7.54e-30	5.18e-23	3.45e-17	4.89e-12	4.84e-07	1.27e-03	9.99e-01
 1.06999e+21	0.00e+00	8.89e-30	5.89e-23	3.77e-17	5.15e-12	5.06e-07	1.31e-03	9.99e-01
 1.12080e+21	0.00e+00	1.07e-29	6.80e-23	4.17e-17	5.47e-12	5.33e-07	1.36e-03	9.99e-01
 1.18687e+21	0.00e+00	1.36e-29	8.18e-23	4.75e-17	5.91e-12	5.68e-07	1.42e-03	9.99e-01
 1.25364e+21	0.00e+00	1.73e-29	9.83e-23	5.40e-17	6.37e-12	6.07e-07	1.49e-03	9.99e-01
 1.30660e+21	0.00e+00	2.09e-29	1.14e-22	5.98e-17	6.76e-12	6.39e-07	1.54e-03	9.98e-01
 1.36073e+21	0.00e+00	2.52e-29	1.31e-22	6.62e-17	7.18e-12	6.72e-07	1.60e-03	9.98e-01
 1.43109e+21	0.00e+00	3.21e-29	1.58e-22	7.55e-17	7.75e-12	7.19e-07	1.67e-03	9.98e-01
 1.50165e+21	0.00e+00	4.08e-29	1.91e-22	8.60e-17	8.37e-12	7.68e-07	1.75e-03	9.98e-01
 1.55706e+21	0.00e+00	4.94e-29	2.21e-22	9.52e-17	8.87e-12	8.09e-07	1.81e-03	9.98e-01
 1.60618e+21	0.00e+00	5.80e-29	2.50e-22	1.04e-16	9.35e-12	8.47e-07	1.86e-03	9.98e-01
 1.66249e+21	0.00e+00	6.97e-29	2.88e-22	1.15e-16	9.91e-12	8.91e-07	1.93e-03	9.98e-01
 1.73570e+21	0.00e+00	8.84e-29	3.46e-22	1.31e-16	1.07e-11	9.53e-07	2.02e-03	9.98e-01
 1.81066e+21	0.00e+00	1.12e-28	4.17e-22	1.49e-16	1.16e-11	1.02e-06	2.11e-03	9.98e-01
 1.87168e+21	0.00e+00	1.36e-28	4.84e-22	1.66e-16	1.23e-11	1.08e-06	2.18e-03	9.98e-01
 1.93481e+21	0.00e+00	1.66e-28	5.63e-22	1.85e-16	1.31e-11	1.14e-06	2.26e-03	9.98e-01
 2.00522e+21	0.00e+00	2.06e-28	6.66e-22	2.08e-16	1.41e-11	1.21e-06	2.35e-03	9.98e-01
 2.07077e+21	0.00e+00	2.52e-28	7.78e-22	2.32e-16	1.51e-11	1.29e-06	2.44e-03	9.98e-01
 2.13211e+21	0.00e+00	3.02e-28	8.98e-22	2.57e-16	1.60e-11	1.36e-06	2.52e-03	9.97e-01
 2.20233e+21	0.00e+00	3.72e-28	1.06e-21	2.89e-16	1.72e-11	1.44e-06	2.62e-03	9.97e-01
 2.28090e+21	0.00e+00	4.68e-28	1.26e-21	3.28e-16	1.86e-11	1.54e-06	2.73e-03	9.97e-01
 2.35465e+21	0.00e+00	5.78e-28	1.49e-21	3.70e-16	2.00e-11	1.64e-06	2.84e-03	9.97e-01
 2.42432e+21	0.00e+00	7.04e-28	1.74e-21	4.14e-16	2.14e-11	1.74e-06	2.94e-03	9.97e-01
 2.50438e+21	0.00e+00	8.80e-28	2.07e-21	4.70e-16	2.32e-11	1.86e-06	3.06e-03	9.97e-01
 2.58928e+21	0.00e+00	1.11e-27	2.49e-21	5.37e-16	2.53e-11	2.00e-06	3.19e-03	9.97e-01
 2.66258e+21	0.00e+00	1.36e-27	2.91e-21	6.02e-16	2.72e-11	2.12e-06	3.30e-03	9.97e-01
 2.73997e+21	0.00e+00	1.67e-27	3.43e-21	6.79e-16	2.93e-11	2.26e-06	3.42e-03	9.97e-01
 2.84058e+21	0.00e+00	2.17e-27	4.22e-21	7.91e-16	3.23e-11	2.45e-06	3.58e-03	9.96e-01
 2.94217e+21	0.00e+00	2.82e-27	5.20e-21	9.22e-16	3.57e-11	2.65e-06	3.75e-03	9.96e-01
 3.02314e+21	0.00e+00	3.47e-27	6.13e-21	1.04e-15	3.86e-11	2.82e-06	3.89e-03	9.96e-01
 3.10652e+21	0.00e+00	4.27e-27	7.23e-21	1.18e-15	4.18e-11	3.01e-06	4.03e-03	9.96e-01
 3.21492e+21	0.00e+00	5.58e-27	8.94e-21	1.38e-15	4.64e-11	3.27e-06	4.22e-03	9.96e-01
 3.32176e+21	0.00e+00	7.23e-27	1.10e-20	1.61e-15	5.14e-11	3.54e-06	4.41e-03	9.96e-01
 3.40299e+21	0.00e+00	8.77e-27	1.28e-20	1.81e-15	5.55e-11	3.76e-06	4.56e-03	9.95e-01
 3.48502e+21	0.00e+00	1.07e-26	1.50e-20	2.03e-15	5.99e-11	4.00e-06	4.71e-03	9.95e-01
 3.59165e+21	0.00e+00	1.36e-26	1.83e-20	2.35e-15	6.62e-11	4.31e-06	4.91e-03	9.95e-01
 3.70518e+21	0.00e+00	1.76e-26	2.25e-20	2.75e-15	7.36e-11	4.68e-06	5.13e-03	9.95e-01
 3.80359e+21	0.00e+00	2.20e-26	2.69e-20	3.15e-15	8.05e-11	5.01e-06	5.32e-03	9.95e-01
 3.90744e+21	0.00e+00	2.77e-26	3.23e-20	3.62e-15	8.85e-11	5.38e-06	5.53e-03	9.94e-01
 4.02400e+21	8.42e-34	3.57e-26	3.97e-20	4.23e-15	9.84e-11	5.83e-06	5.77e-03	9.94e-01
 4.13424e+21	1.12e-33	4.53e-26	4.81e-20	4.89e-15	1.09e-10	6.28e-06	6.00e-03	9.94e-01
 4.23890e+21	1.46e-33	5.65e-26	5.75e-20	5.61e-15	1.19e-10	6.73e-06	6.22e-03	9.94e-01
 4.34243e+21	1.88e-33	7.02e-26	6.85e-20	6.41e-15	1.31e-10	7.21e-06	6.45e-03	9.94e-01
 4.46026e+21	2.51e-33	8.95e-26	8.34e-20	7.44e-15	1.45e-10	7.78e-06	6.71e-03	9.93e-01
 4.58815e+21	3.43e-33	1.16e-25	1.03e-19	8.74e-15	1.62e-10	8.44e-06	7.00e-03	9.93e-01
 4.70268e+21	4.51e-33	1.46e-25	1.24e-19	1.01e-14	1.79e-10	9.07e-06	7.27e-03	9.93e-01
 4.82515e+21	6.01e-33	1.86e-25	1.51e-19	1.17e-14	1.98e-10	9.79e-06	7.56e-03	9.92e-01
 4.96059e+21	8.22e-33	2.42e-25	1.87e-19	1.38e-14	2.22e-10	1.06e-05	7.90e-03	9.92e-01
 5.08576e+21	1.10e-32	3.08e-25	2.28e-19	1.61e-14	2.47e-10	1.15e-05	8.21e-03	9.92e-01
 5.22133e+21	1.49e-32	3.98e-25	2.80e-19	1.89e-14	2.76e-10	1.24e-05	8.56e-03	9.91e-01
 5.37042e+21	2.07e-32	5.27e-25	3.52e-19	2.25e-14	3.12e-10	1.36e-05	8.95e-03	9.91e-01
 5.50619e+21	2.79e-32	6.78e-25	4.32e-19	2.63e-14	3.48e-10	1.47e-05	9.32e-03	9.91e-01
 5.62180e+21	3.60e-32	8.39e-25	5.15e-19	3.01e-14	3.82e-10	1.57e-05	9.64e-03	9.90e-01
 5.74210e+21	4.65e-32	1.04e-24	6.14e-19	3.45e-14	4.21e-10	1.68e-05	9.98e-03	9.90e-01
 5.87796e+21	6.19e-32	1.33e-24	7.48e-19	4.02e-14	4.68e-10	1.81e-05	1.04e-02	9.90e-01
 6.00716e+21	8.13e-32	1.67e-24	9.03e-19	4.64e-14	5.19e-10	1.95e-05	1.08e-02	9.89e-01
 6.12806e+21	1.05e-31	2.07e-24	1.07e-18	5.31e-14	5.70e-10	2.08e-05	1.11e-02	9.89e-01
 6.26507e+21	1.39e-31	2.62e-24	1.30e-18	6.17e-14	6.34e-10	2.24e-05	1.15e-02	9.88e-01
 6.41710e+21	1.89e-31	3.41e-24	1.62e-18	7.29e-14	7.12e-10	2.43e-05	1.20e-02	9.88e-01
 6.54547e+21	2.45e-31	4.25e-24	1.94e-18	8.38e-14	7.86e-10	2.60e-05	1.25e-02	9.88e-01
 6.64711e+21	3.00e-31	5.04e-24	2.23e-18	9.35e-14	8.49e-10	2.75e-05	1.28e-02	9.87e-01
 6.75722e+21	3.75e-31	6.08e-24	2.60e-18	1.05e-13	9.23e-10	2.91e-05	1.32e-02	9.87e-01
 6.90037e+21	4.97e-31	7.72e-24	3.15e-18	1.22e-13	1.03e-09	3.13e-05	1.37e-02	9.86e-01
 7.05002e+21	6.67e-31	9.90e-24	3.87e-18	1.43e-13	1.15e-09	3.38e-05	1.42e-02	9.86e-01
 7.16589e+21	8.39e-31	1.20e-23	4.54e-18	1.62e-13	1.25e-09	3.59e-05	1.46e-02	9.85e-01
 7.25649e+21	1.00e-30	1.40e-23	5.14e-18	1.79e-13	1.34e-09	3.77e-05	1.50e-02	9.85e-01
 7.35645e+21	1.21e-30	1.64e-23	5.85e-18	1.98e-13	1.44e-09	3.95e-05	1.54e-02	9.85e-01
 7.48640e+21	1.54e-30	2.01e-23	6.92e-18	2.25e-13	1.58e-09	4.21e-05	1.58e-02	9.84e-01
 7.62571e+21	2.03e-30	2.54e-23	8.37e-18	2.61e-13	1.76e-09	4.52e-05	1.64e-02	9.84e-01
 7.74389e+21	2.54e-30	3.07e-23	9.79e-18	2.95e-13	1.92e-09	4.80e-05	1.69e-02	9.83e-01
 7.84851e+21	3.10e-30	3.64e-23	1.12e-17	3.29e-13	2.07e-09	5.05e-05	1.73e-02	9.83e-01
 7.96882e+21	3.89e-30	4.40e-23	1.32e-17	3.72e-13	2.25e-09	5.35e-05	1.79e-02	9.82e-01
 8.12522e+21	5.21e-30	5.64e-23	1.61e-17	4.35e-13	2.52e-09	5.78e-05	1.85e-02	9.81e-01
 8.27465e+21	6.90e-30	7.16e-23	1.96e-17	5.07e-13	2.81e-09	6.21e-05	1.92e-02	9.81e-01
 8.38062e+21	8.43e-30	8.49e-23	2.26e-17	5.65e-13	3.04e-09	6.54e-05	1.97e-02	9.80e-01
 8.48398e+21	1.02e-29	9.98e-23	2.58e-17	6.27e-13	3.27e-09	6.87e-05	2.02e-02	9.80e-01
 8.61836e+21	1.31e-29	1.23e-22	3.06e-17	7.18e-13	3.60e-09	7.32e-05	2.08e-02	9.79e-01
 8.76182e+21	1.71e-29	1.54e-22	3.69e-17	8.30e-13	3.98e-09	7.84e-05	2.16e-02	9.78e-01
 8.88570e+21	2.15e-29	1.87e-22	4.33e-17	9.40e-13	4.35e-09	8.32e-05	2.22e-02	9.78e-01
 8.99830e+21	2.64e-29	2.24e-22	5.01e-17	1.05e-12	4.72e-09	8.77e-05	2.28e-02	9.77e-01
 9.12764e+21	3.35e-29	2.74e-22	5.91e-17	1.20e-12	5.17e-09	9.32e-05	2.35e-02	9.76e-01
 9.27286e+21	4.38e-29	3.43e-22	7.12e-17	1.39e-12	5.73e-09	9.98e-05	2.43e-02	9.76e-01
 9.40334e+21	5.57e-29	4.21e-22	8.42e-17	1.58e-12	6.29e-09	1.06e-04	2.50e-02	9.75e-01
 9.51607e+21	6.85e-29	5.02e-22	9.73e-17	1.77e-12	6.81e-09	1.12e-04	2.57e-02	9.74e-01
 9.64109e+21	8.61e-29	6.09e-22	1.14e-16	2.00e-12	7.44e-09	1.19e-04	2.64e-02	9.73e-01
 9.78056e+21	1.11e-28	7.56e-22	1.37e-16	2.30e-12	8.22e-09	1.27e-04	2.73e-02	9.73e-01
 9.90960e+21	1.41e-28	9.25e-22	1.61e-16	2.62e-12	9.01e-09	1.34e-04	2.81e-02	9.72e-01
 1.00281e+22	1.75e-28	1.11e-21	1.88e-16	2.95e-12	9.80e-09	1.42e-04	2.89e-02	9.71e-01
 1.01623e+22	2.23e-28	1.37e-21	2.23e-16	3.38e-12	1.08e-08	1.51e-04	2.97e-02	9.70e-01
 1.03117e+22	2.94e-28	1.73e-21	2.70e-16	3.92e-12	1.20e-08	1.62e-04	3.08e-02	9.69e-01
 1.04481e+22	3.77e-28	2.13e-21	3.21e-16	4.50e-12	1.32e-08	1.73e-04	3.17e-02	9.68e-01
 1.05708e+22	4.71e-28	2.58e-21	3.76e-16	5.08e-12	1.44e-08	1.83e-04	3.26e-02	9.67e-01
 1.07089e+22	6.05e-28	3.19e-21	4.48e-16	5.83e-12	1.59e-08	1.95e-04	3.36e-02	9.66e-01
 1.08635e+22	8.02e-28	4.05e-21	5.46e-16	6.81e-12	1.77e-08	2.09e-04	3.48e-02	9.65e-01
 1.10069e+22	1.05e-27	5.08e-21	6.58e-16	7.89e-12	1.96e-08	2.23e-04	3.60e-02	9.64e-01
 1.11372e+22	1.32e-27	6.17e-21	7.73e-16	8.95e-12	2.14e-08	2.37e-04	3.70e-02	9.63e-01
 1.12830e+22	1.71e-27	7.70e-21	9.29e-16	1.03e-11	2.37e-08	2.53e-04	3.82e-02	9.62e-01
 1.14475e+22	2.29e-27	9.89e-21	1.14e-15	1.22e-11	2.66e-08	2.73e-04	3.96e-02	9.60e-01
 1.16009e+22	3.03e-27	1.26e-20	1.39e-15	1.42e-11	2.97e-08	2.93e-04	4.10e-02	9.59e-01
 1.17400e+22	3.84e-27	1.54e-20	1.65e-15	1.62e-11	3.26e-08	3.11e-04	4.22e-02	9.57e-01
 1.18961e+22	5.04e-27	1.94e-20	2.00e-15	1.88e-11	3.63e-08	3.33e-04	4.37e-02	9.56e-01
 1.20989e+22	7.14e-27	2.61e-20	2.55e-15	2.29e-11	4.17e-08	3.64e-04	4.56e-02	9.54e-01
 1.22937e+22	9.97e-27	3.46e-20	3.24e-15	2.76e-11	4.75e-08	3.97e-04	4.75e-02	9.52e-01
 1.24319e+22	1.27e-26	4.25e-20	3.84e-15	3.15e-11	5.23e-08	4.22e-04	4.89e-02	9.51e-01
 1.25657e+22	1.57e-26	5.10e-20	4.47e-15	3.55e-11	5.69e-08	4.46e-04	5.03e-02	9.49e-01
 1.27396e+22	2.08e-26	6.49e-20	5.46e-15	4.17e-11	6.37e-08	4.79e-04	5.21e-02	9.47e-01
 1.29264e+22	2.80e-26	8.38e-20	6.76e-15	4.93e-11	7.18e-08	5.18e-04	5.40e-02	9.45e-01
 1.30902e+22	3.63e-26	1.04e-19	8.12e-15	5.70e-11	7.97e-08	5.54e-04	5.58e-02	9.44e-01
 1.32634e+22	4.73e-26	1.31e-19	9.81e-15	6.63e-11	8.86e-08	5.93e-04	5.77e-02	9.42e-01
 1.34588e+22	6.34e-26	1.68e-19	1.21e-14	7.83e-11	9.98e-08	6.41e-04	5.98e-02	9.40e-01
 1.36437e+22	8.32e-26	2.12e-19	1.47e-14	9.14e-11	1.12e-07	6.88e-04	6.19e-02	9.37e-01
 1.38169e+22	1.07e-25	2.63e-19	1.76e-14	1.05e-10	1.23e-07	7.35e-04	6.39e-02	9.35e-01
 1.40145e+22	1.40e-25	3.32e-19	2.14e-14	1.23e-10	1.38e-07	7.90e-04	6.62e-02	9.33e-01
 1.42359e+22	1.90e-25	4.31e-19	2.66e-14	1.47e-10	1.56e-07	8.56e-04	6.87e-02	9.30e-01
 1.44433e+22	2.50e-25	5.46e-19	3.25e-14	1.72e-10	1.75e-07	9.22e-04	7.12e-02	9.28e-01
 1.46379e+22	3.22e-25	6.77e-19	3.89e-14	1.99e-10	1.94e-07	9.86e-04	7.35e-02	9.26e-01
 1.48308e+22	4.10e-25	8.34e-19	4.64e-14	2.29e-10	2.15e-07	1.05e-03	7.58e-02	9.23e-01
 1.50205e+22	5.18e-25	1.02e-18	5.50e-14	2.62e-10	2.37e-07	1.12e-03	7.81e-02	9.21e-01
 1.52359e+22	6.70e-25	1.27e-18	6.62e-14	3.04e-10	2.64e-07	1.20e-03	8.07e-02	9.18e-01
 1.54701e+22	8.82e-25	1.61e-18	8.08e-14	3.57e-10	2.96e-07	1.29e-03	8.36e-02	9.15e-01
 1.56794e+22	1.12e-24	1.98e-18	9.62e-14	4.11e-10	3.28e-07	1.38e-03	8.62e-02	9.12e-01
 1.59022e+22	1.43e-24	2.44e-18	1.15e-13	4.74e-10	3.64e-07	1.48e-03	8.90e-02	9.10e-01
 1.61521e+22	1.88e-24	3.09e-18	1.40e-13	5.56e-10	4.08e-07	1.59e-03	9.22e-02	9.06e-01
 1.63863e+22	2.40e-24	3.82e-18	1.68e-13	6.43e-10	4.54e-07	1.70e-03	9.52e-02	9.03e-01
 1.66059e+22	3.01e-24	4.64e-18	1.98e-13	7.34e-10	4.99e-07	1.81e-03	9.80e-02	9.00e-01
 1.68571e+22	3.86e-24	5.75e-18	2.37e-13	8.50e-10	5.56e-07	1.94e-03	1.01e-01	8.97e-01
 1.71402e+22	5.09e-24	7.30e-18	2.90e-13	1.00e-09	6.26e-07	2.09e-03	1.05e-01	8.93e-01
 1.73899e+22	6.46e-24	8.96e-18	3.45e-13	1.15e-09	6.93e-07	2.24e-03	1.08e-01	8.90e-01
 1.75976e+22	7.82e-24	1.06e-17	3.97e-13	1.29e-09	7.53e-07	2.36e-03	1.11e-01	8.87e-01
 1.78256e+22	9.60e-24	1.26e-17	4.62e-13	1.46e-09	8.23e-07	2.50e-03	1.14e-01	8.84e-01
 1.81221e+22	1.24e-23	1.58e-17	5.59e-13	1.70e-09	9.21e-07	2.69e-03	1.18e-01	8.80e-01
 1.84315e+22	1.62e-23	1.99e-17	6.79e-13	2.00e-09	1.03e-06	2.89e-03	1.22e-01	8.75e-01
 1.86912e+22	2.02e-23	2.40e-17	7.97e-13	2.27e-09	1.14e-06	3.07e-03	1.25e-01	8.72e-01
 1.89625e+22	2.51e-23	2.90e-17	9.35e-13	2.59e-09	1.25e-06	3.27e-03	1.29e-01	8.68e-01
 1.93152e+22	3.31e-23	3.68e-17	1.15e-12	3.05e-09	1.41e-06	3.53e-03	1.34e-01	8.63e-01
 1.96787e+22	4.39e-23	4.69e-17	1.41e-12	3.61e-09	1.60e-06	3.82e-03	1.38e-01	8.58e-01
 1.99769e+22	5.48e-23	5.69e-17	1.66e-12	4.13e-09	1.76e-06	4.07e-03	1.43e-01	8.53e-01
 2.02852e+22	6.84e-23	6.89e-17	1.95e-12	4.71e-09	1.94e-06	4.33e-03	1.47e-01	8.49e-01
 2.06269e+22	8.72e-23	8.50e-17	2.33e-12	5.45e-09	2.16e-06	4.64e-03	1.51e-01	8.44e-01
 2.09426e+22	1.08e-22	1.03e-16	2.74e-12	6.21e-09	2.38e-06	4.93e-03	1.55e-01	8.40e-01
 2.12839e+22	1.36e-22	1.25e-16	3.24e-12	7.12e-09	2.63e-06	5.26e-03	1.60e-01	8.35e-01
 2.16656e+22	1.75e-22	1.55e-16	3.89e-12	8.27e-09	2.93e-06	5.64e-03	1.65e-01	8.29e-01
 2.20247e+22	2.20e-22	1.89e-16	4.61e-12	9.49e-09	3.24e-06	6.02e-03	1.70e-01	8.24e-01
 2.24163e+22	2.80e-22	2.33e-16	5.50e-12	1.10e-08	3.61e-06	6.44e-03	1.75e-01	8.18e-01
 2.28542e+22	3.64e-22	2.93e-16	6.68e-12	1.28e-08	4.05e-06	6.94e-03	1.81e-01	8.12e-01
 2.32673e+22	4.64e-22	3.61e-16	7.99e-12	1.49e-08	4.51e-06	7.43e-03	1.87e-01	8.06e-01
 2.37194e+22	6.00e-22	4.50e-16	9.64e-12	1.73e-08	5.05e-06	7.99e-03	1.93e-01	7.99e-01
 2.42287e+22	7.95e-22	5.75e-16	1.19e-11	2.05e-08	5.72e-06	8.65e-03	2.00e-01	7.92e-01
 2.46819e+22	1.02e-21	7.12e-16	1.42e-11	2.38e-08	6.38e-06	9.27e-03	2.06e-01	7.85e-01
 2.50673e+22	1.25e-21	8.47e-16	1.65e-11	2.68e-08	6.97e-06	9.81e-03	2.11e-01	7.79e-01
 2.54951e+22	1.55e-21	1.03e-15	1.94e-11	3.06e-08	7.69e-06	1.04e-02	2.16e-01	7.73e-01
 2.60513e+22	2.04e-21	1.30e-15	2.37e-11	3.60e-08	8.66e-06	1.13e-02	2.24e-01	7.65e-01
 2.66201e+22	2.71e-21	1.66e-15	2.92e-11	4.27e-08	9.82e-06	1.22e-02	2.31e-01	7.57e-01
 2.70747e+22	3.36e-21	2.00e-15	3.42e-11	4.86e-08	1.08e-05	1.29e-02	2.37e-01	7.50e-01
 2.75348e+22	4.17e-21	2.41e-15	4.00e-11	5.52e-08	1.19e-05	1.37e-02	2.43e-01	7.43e-01
 2.81330e+22	5.43e-21	3.03e-15	4.86e-11	6.47e-08	1.34e-05	1.48e-02	2.51e-01	7.34e-01
 2.87586e+22	7.22e-21	3.87e-15	5.99e-11	7.68e-08	1.51e-05	1.60e-02	2.59e-01	7.25e-01
 2.92788e+22	9.05e-21	4.71e-15	7.08e-11	8.79e-08	1.67e-05	1.71e-02	2.66e-01	7.17e-01
 2.98139e+22	1.13e-20	5.72e-15	8.35e-11	1.01e-07	1.85e-05	1.82e-02	2.73e-01	7.09e-01
 3.05096e+22	1.50e-20	7.28e-15	1.02e-10	1.19e-07	2.09e-05	1.96e-02	2.82e-01	6.99e-01
 3.12296e+22	2.02e-20	9.41e-15	1.28e-10	1.42e-07	2.39e-05	2.13e-02	2.91e-01	6.88e-01
 3.18184e+22	2.54e-20	1.15e-14	1.51e-10	1.64e-07	2.64e-05	2.27e-02	2.99e-01	6.79e-01
 3.24208e+22	3.20e-20	1.40e-14	1.79e-10	1.88e-07	2.93e-05	2.42e-02	3.06e-01	6.70e-01
 3.32039e+22	4.27e-20	1.80e-14	2.22e-10	2.24e-07	3.33e-05	2.62e-02	3.16e-01	6.58e-01
 3.39659e+22	5.66e-20	2.30e-14	2.73e-10	2.66e-07	3.78e-05	2.84e-02	3.25e-01	6.46e-01
 3.45235e+22	6.90e-20	2.73e-14	3.17e-10	3.00e-07	4.13e-05	2.99e-02	3.32e-01	6.38e-01
 3.50714e+22	8.36e-20	3.23e-14	3.65e-10	3.37e-07	4.50e-05	3.16e-02	3.39e-01	6.30e-01
 3.57837e+22	1.06e-19	3.98e-14	4.37e-10	3.91e-07	5.01e-05	3.38e-02	3.47e-01	6.19e-01
 3.65498e+22	1.37e-19	4.97e-14	5.28e-10	4.57e-07	5.62e-05	3.62e-02	3.56e-01	6.07e-01
 3.72253e+22	1.72e-19	6.03e-14	6.23e-10	5.23e-07	6.22e-05	3.85e-02	3.64e-01	5.97e-01
 3.79430e+22	2.15e-19	7.33e-14	7.37e-10	6.01e-07	6.89e-05	4.10e-02	3.73e-01	5.86e-01
 3.88759e+22	2.85e-19	9.39e-14	9.11e-10	7.17e-07	7.84e-05	4.44e-02	3.83e-01	5.72e-01
 3.98162e+22	3.80e-19	1.21e-13	1.13e-09	8.57e-07	8.94e-05	4.81e-02	3.94e-01	5.58e-01
 4.05537e+22	4.73e-19	1.46e-13	1.33e-09	9.82e-07	9.88e-05	5.11e-02	4.02e-01	5.47e-01
 4.13002e+22	5.84e-19	1.75e-13	1.56e-09	1.12e-06	1.09e-04	5.42e-02	4.10e-01	5.36e-01
 4.22707e+22	7.61e-19	2.21e-13	1.91e-09	1.33e-06	1.23e-04	5.84e-02	4.20e-01	5.22e-01
 4.33005e+22	1.01e-18	2.83e-13	2.36e-09	1.59e-06	1.41e-04	6.31e-02	4.30e-01	5.07e-01
 4.41809e+22	1.27e-18	3.46e-13	2.82e-09	1.84e-06	1.57e-04	6.74e-02	4.39e-01	4.94e-01
 4.50989e+22	1.60e-18	4.23e-13	3.36e-09	2.13e-06	1.75e-04	7.19e-02	4.47e-01	4.80e-01
 4.62923e+22	2.12e-18	5.45e-13	4.19e-09	2.57e-06	2.01e-04	7.81e-02	4.58e-01	4.64e-01
 4.75075e+22	2.84e-18	7.04e-13	5.24e-09	3.11e-06	2.32e-04	8.48e-02	4.69e-01	4.46e-01
 4.84752e+22	3.54e-18	8.56e-13	6.23e-09	3.61e-06	2.59e-04	9.04e-02	4.77e-01	4.33e-01
 4.93045e+22	4.26e-18	1.01e-12	7.20e-09	4.09e-06	2.84e-04	9.53e-02	4.83e-01	4.21e-01
 5.02297e+22	5.16e-18	1.19e-12	8.37e-09	4.65e-06	3.13e-04	1.01e-01	4.90e-01	4.09e-01
 5.14325e+22	6.56e-18	1.48e-12	1.01e-08	5.48e-06	3.54e-04	1.08e-01	4.98e-01	3.93e-01
 5.26937e+22	8.42e-18	1.85e-12	1.24e-08	6.51e-06	4.02e-04	1.16e-01	5.06e-01	3.77e-01
 5.37529e+22	1.03e-17	2.22e-12	1.45e-08	7.51e-06	4.48e-04	1.24e-01	5.13e-01	3.63e-01
 5.46974e+22	1.22e-17	2.58e-12	1.67e-08	8.46e-06	4.89e-04	1.30e-01	5.18e-01	3.52e-01
 5.57709e+22	1.46e-17	3.04e-12	1.93e-08	9.64e-06	5.40e-04	1.37e-01	5.23e-01	3.39e-01
 5.71665e+22	1.84e-17	3.73e-12	2.33e-08	1.14e-05	6.11e-04	1.47e-01	5.29e-01	3.23e-01
 5.86063e+22	2.31e-17	4.60e-12	2.81e-08	1.34e-05	6.93e-04	1.58e-01	5.35e-01	3.07e-01
 5.97782e+22	2.77e-17	5.41e-12	3.26e-08	1.53e-05	7.66e-04	1.67e-01	5.39e-01	2.94e-01
 6.09763e+22	3.27e-17	6.30e-12	3.76e-08	1.74e-05	8.43e-04	1.76e-01	5.42e-01	2.82e-01
 6.25338e+22	4.02e-17	7.61e-12	4.47e-08	2.03e-05	9.49e-04	1.87e-01	5.45e-01	2.66e-01
 6.41698e+22	4.98e-17	9.25e-12	5.35e-08	2.39e-05	1.07e-03	2.00e-01	5.48e-01	2.51e-01
 6.55435e+22	5.90e-17	1.08e-11	6.20e-08	2.73e-05	1.19e-03	2.11e-01	5.50e-01	2.38e-01
 6.69649e+22	6.93e-17	1.26e-11	7.11e-08	3.08e-05	1.31e-03	2.22e-01	5.50e-01	2.27e-01
 6.88128e+22	8.43e-17	1.51e-11	8.42e-08	3.60e-05	1.47e-03	2.36e-01	5.51e-01	2.12e-01
 7.07589e+22	1.03e-16	1.82e-11	1.00e-07	4.22e-05	1.66e-03	2.51e-01	5.50e-01	1.97e-01
 7.24052e+22	1.22e-16	2.12e-11	1.16e-07	4.81e-05	1.83e-03	2.64e-01	5.48e-01	1.86e-01
 7.41179e+22	1.29e-16	2.44e-11	1.33e-07	5.44e-05	2.02e-03	2.77e-01	5.46e-01	1.75e-01
 7.59393e+22	1.65e-16	2.84e-11	1.53e-07	6.19e-05	2.23e-03	2.91e-01	5.43e-01	1.63e-01
 7.75003e+22	1.88e-16	3.21e-11	1.72e-07	6.90e-05	2.42e-03	3.04e-01	5.40e-01	1.54e-01
 7.91278e+22	2.13e-16	3.61e-11	1.92e-07	7.61e-05	2.61e-03	3.15e-01	5.36e-01	1.46e-01
 8.12435e+22	2.48e-16	4.17e-11	2.20e-07	8.63e-05	2.88e-03	3.31e-01	5.31e-01	1.35e-01
 8.34771e+22	2.91e-16	4.85e-11	2.54e-07	9.84e-05	3.18e-03	3.47e-01	5.25e-01	1.25e-01
 8.53219e+22	3.31e-16	5.48e-11	2.85e-07	1.09e-04	3.45e-03	3.61e-01	5.19e-01	1.17e-01
 8.69158e+22	3.66e-16	6.03e-11	3.12e-07	1.19e-04	3.68e-03	3.72e-01	5.14e-01	1.11e-01
 8.87258e+22	4.08e-16	6.67e-11	3.44e-07	1.30e-04	3.94e-03	3.84e-01	5.08e-01	1.04e-01
 9.10788e+22	4.65e-16	7.56e-11	3.88e-07	1.45e-04	4.28e-03	3.99e-01	5.00e-01	9.65e-02
 9.36323e+22	5.37e-16	8.66e-11	4.42e-07	1.63e-04	4.69e-03	4.16e-01	4.91e-01	8.85e-02
 9.58760e+22	6.03e-16	9.69e-11	4.93e-07	1.80e-04	5.06e-03	4.31e-01	4.82e-01	8.19e-02
 9.78990e+22	6.70e-16	1.07e-10	5.41e-07	1.95e-04	5.39e-03	4.43e-01	4.75e-01	7.67e-02
 1.00205e+23	7.43e-16	1.18e-10	5.95e-07	2.13e-04	5.76e-03	4.57e-01	4.66e-01	7.14e-02
 1.03204e+23	8.44e-16	1.33e-10	6.70e-07	2.36e-04	6.25e-03	4.73e-01	4.55e-01	6.51e-02
 1.06445e+23	9.71e-16	1.52e-10	7.62e-07	2.65e-04	6.82e-03	4.91e-01	4.43e-01	5.88e-02
 1.09276e+23	1.09e-15	1.70e-10	8.48e-07	2.91e-04	7.34e-03	5.07e-01	4.31e-01	5.37e-02
 1.11840e+23	1.20e-15	1.87e-10	9.27e-07	3.15e-04	7.79e-03	5.20e-01	4.22e-01	4.97e-02
 1.14783e+23	1.32e-15	2.05e-10	1.02e-06	3.42e-04	8.30e-03	5.34e-01	4.12e-01	4.57e-02
 1.18608e+23	1.49e-15	2.30e-10	1.14e-06	3.77e-04	8.95e-03	5.51e-01	3.99e-01	4.11e-02
 1.22854e+23	1.71e-15	2.63e-10	1.29e-06	4.20e-04	9.72e-03	5.70e-01	3.84e-01	3.65e-02
 1.26723e+23	1.90e-15	2.92e-10	1.44e-06	4.62e-04	1.05e-02	5.87e-01	3.69e-01	3.26e-02
 1.30214e+23	2.10e-15	3.21e-10	1.58e-06	4.99e-04	1.11e-02	6.01e-01	3.58e-01	2.97e-02
 1.34135e+23	2.30e-15	3.51e-10	1.73e-06	5.38e-04	1.18e-02	6.14e-01	3.46e-01	2.70e-02
 1.39140e+23	2.55e-15	3.89e-10	1.92e-06	5.88e-04	1.26e-02	6.31e-01	3.32e-01	2.39e-02
 1.44308e+23	2.87e-15	4.37e-10	2.15e-06	6.48e-04	1.36e-02	6.48e-01	3.17e-01	2.09e-02
 1.48560e+23	3.14e-15	4.78e-10	2.36e-06	6.98e-04	1.44e-02	6.62e-01	3.04e-01	1.89e-02
 1.52230e+23	3.36e-15	5.11e-10	2.52e-06	7.38e-04	1.51e-02	6.72e-01	2.95e-01	1.73e-02
 1.56363e+23	3.58e-15	5.46e-10	2.70e-06	7.81e-04	1.58e-02	6.82e-01	2.85e-01	1.58e-02
 1.61736e+23	3.85e-15	5.88e-10	2.92e-06	8.31e-04	1.65e-02	6.94e-01	2.74e-01	1.43e-02
 1.68130e+23	4.18e-15	6.41e-10	3.20e-06	8.94e-04	1.75e-02	7.08e-01	2.61e-01	1.26e-02
 1.74532e+23	4.58e-15	7.03e-10	3.53e-06	9.65e-04	1.86e-02	7.22e-01	2.48e-01	1.10e-02
 1.80287e+23	4.93e-15	7.58e-10	3.82e-06	1.03e-03	1.95e-02	7.33e-01	2.37e-01	9.86e-03
 1.86519e+23	5.19e-15	8.03e-10	4.08e-06	1.08e-03	2.04e-02	7.42e-01	2.27e-01	8.90e-03
 1.93905e+23	5.54e-15	8.60e-10	4.41e-06	1.14e-03	2.13e-02	7.53e-01	2.17e-01	7.91e-03
 2.01784e+23	5.90e-15	9.22e-10	4.76e-06	1.21e-03	2.24e-02	7.64e-01	2.06e-01	7.00e-03
 2.09979e+23	6.27e-15	9.84e-10	5.12e-06	1.28e-03	2.34e-02	7.73e-01	1.96e-01	6.22e-03
 2.18502e+23	6.58e-15	1.04e-09	5.48e-06	1.34e-03	2.43e-02	7.82e-01	1.87e-01	5.54e-03
 2.26978e+23	6.95e-15	1.11e-09	5.87e-06	1.41e-03	2.53e-02	7.90e-01	1.78e-01	4.97e-03
 2.34829e+23	7.24e-15	1.16e-09	6.22e-06	1.47e-03	2.62e-02	7.98e-01	1.70e-01	4.50e-03
 2.41894e+23	7.51e-15	1.21e-09	6.52e-06	1.52e-03	2.69e-02	8.03e-01	1.64e-01	4.15e-03
 2.48253e+23	7.73e-15	1.25e-09	6.80e-06	1.56e-03	2.76e-02	8.08e-01	1.59e-01	3.86e-03
 2.53976e+23	7.93e-15	1.29e-09	7.05e-06	1.60e-03	2.82e-02	8.12e-01	1.55e-01	3.63e-03
 2.59126e+23	8.05e-15	1.32e-09	7.24e-06	1.63e-03	2.86e-02	8.15e-01	1.51e-01	3.45e-03
 2.63762e+23	8.19e-15	1.35e-09	7.43e-06	1.66e-03	2.90e-02	8.18e-01	1.48e-01	3.30e-03
 2.67934e+23	8.29e-15	1.37e-09	7.58e-06	1.68e-03	2.93e-02	8.20e-01	1.46e-01	3.18e-03
 2.71689e+23	8.38e-15	1.38e-09	7.71e-06	1.70e-03	2.96e-02	8.22e-01	1.44e-01	3.08e-03
 2.75068e+23	8.45e-15	1.40e-09	7.83e-06	1.71e-03	2.99e-02	8.23e-01	1.42e-01	2.99e-03
 2.78196e+23	8.50e-15	1.41e-09	7.91e-06	1.72e-03	3.01e-02	8.25e-01	1.41e-01	2.93e-03
 2.81251e+23	8.51e-15	1.42e-09	7.97e-06	1.73e-03	3.02e-02	8.26e-01	1.39e-01	2.87e-03
 2.84306e+23	8.52e-15	1.42e-09	8.03e-06	1.74e-03	3.04e-02	8.27e-01	1.38e-01	2.81e-03
 2.87360e+23	8.54e-15	1.43e-09	8.09e-06	1.75e-03	3.05e-02	8.28e-01	1.37e-01	2.75e-03
 2.90415e+23	8.54e-15	1.43e-09	8.15e-06	1.76e-03	3.06e-02	8.29e-01	1.36e-01	2.70e-03
 2.93470e+23	8.54e-15	1.44e-09	8.19e-06	1.76e-03	3.07e-02	8.30e-01	1.35e-01	2.66e-03
 2.96525e+23	8.52e-15	1.44e-09	8.23e-06	1.77e-03	3.08e-02	8.31e-01	1.34e-01	2.61e-03
 2.99580e+23	8.50e-15	1.44e-09	8.26e-06	1.77e-03	3.09e-02	8.32e-01	1.33e-01	2.57e-03
 3.02635e+23	8.49e-15	1.44e-09	8.30e-06	1.77e-03	3.10e-02	8.33e-01	1.32e-01	2.53e-03
 3.04822e+23	8.60e-15	1.46e-09	8.41e-06	1.79e-03	3.12e-02	8.34e-01	1.31e-01	2.48e-03
