#depth	Ne	Ne+	Ne+2	Ne+3	Ne+4	Ne+5	Ne+6	Ne+7	Ne+8	Ne+9	Ne+10
 6.17135e+19	0.00e+00	0.00e+00	0.00e+00	4.19e-28	1.26e-22	7.38e-18	1.49e-13	1.36e-09	2.22e-05	9.70e-03	9.90e-01
 1.87609e+20	0.00e+00	0.00e+00	0.00e+00	8.57e-28	2.29e-22	1.20e-17	2.17e-13	1.77e-09	2.69e-05	1.07e-02	9.89e-01
 3.12629e+20	0.00e+00	0.00e+00	1.11e-33	1.73e-27	4.13e-22	1.94e-17	3.13e-13	2.28e-09	3.24e-05	1.18e-02	9.88e-01
 4.29922e+20	0.00e+00	0.00e+00	2.34e-33	3.29e-27	7.11e-22	3.02e-17	4.38e-13	2.89e-09	3.84e-05	1.29e-02	9.87e-01
 5.05043e+20	0.00e+00	0.00e+00	3.80e-33	4.99e-27	1.01e-21	4.01e-17	5.44e-13	3.37e-09	4.29e-05	1.37e-02	9.86e-01
 5.34510e+20	0.00e+00	0.00e+00	4.60e-33	5.88e-27	1.16e-21	4.48e-17	5.92e-13	3.58e-09	4.47e-05	1.40e-02	9.86e-01
 5.59347e+20	0.00e+00	0.00e+00	5.31e-33	6.65e-27	1.29e-21	4.88e-17	6.33e-13	3.75e-09	4.63e-05	1.42e-02	9.86e-01
 5.91635e+20	0.00e+00	0.00e+00	6.49e-33	7.91e-27	1.49e-21	5.50e-17	6.93e-13	4.00e-09	4.84e-05	1.45e-02	9.85e-01
 6.33609e+20	0.00e+00	0.00e+00	8.41e-33	9.89e-27	1.80e-21	6.41e-17	7.79e-13	4.34e-09	5.14e-05	1.50e-02	9.85e-01
 6.88177e+20	0.00e+00	0.00e+00	1.18e-32	1.32e-26	2.29e-21	7.82e-17	9.07e-13	4.84e-09	5.54e-05	1.56e-02	9.84e-01
 7.45389e+20	0.00e+00	0.00e+00	1.67e-32	1.79e-26	2.95e-21	9.62e-17	1.06e-12	5.41e-09	6.00e-05	1.62e-02	9.84e-01
 7.93628e+20	0.00e+00	0.00e+00	2.24e-32	2.30e-26	3.66e-21	1.14e-16	1.21e-12	5.94e-09	6.41e-05	1.68e-02	9.83e-01
 8.43924e+20	0.00e+00	0.00e+00	3.03e-32	2.99e-26	4.56e-21	1.37e-16	1.39e-12	6.55e-09	6.87e-05	1.74e-02	9.83e-01
 9.09310e+20	0.00e+00	0.00e+00	4.48e-32	4.18e-26	6.05e-21	1.73e-16	1.66e-12	7.43e-09	7.50e-05	1.82e-02	9.82e-01
 9.74660e+20	0.00e+00	0.00e+00	6.61e-32	5.85e-26	8.03e-21	2.18e-16	1.99e-12	8.43e-09	8.19e-05	1.90e-02	9.81e-01
 1.02547e+21	0.00e+00	0.00e+00	8.92e-32	7.57e-26	9.99e-21	2.60e-16	2.28e-12	9.29e-09	8.76e-05	1.97e-02	9.80e-01
 1.06999e+21	0.00e+00	0.00e+00	1.16e-31	9.47e-26	1.21e-20	3.04e-16	2.57e-12	1.01e-08	9.29e-05	2.03e-02	9.80e-01
 1.12080e+21	0.00e+00	0.00e+00	1.55e-31	1.22e-25	1.50e-20	3.62e-16	2.94e-12	1.11e-08	9.93e-05	2.10e-02	9.79e-01
 1.18687e+21	0.00e+00	0.00e+00	2.27e-31	1.69e-25	1.97e-20	4.54e-16	3.50e-12	1.26e-08	1.08e-04	2.19e-02	9.78e-01
 1.25364e+21	0.00e+00	0.00e+00	3.32e-31	2.35e-25	2.61e-20	5.70e-16	4.17e-12	1.43e-08	1.18e-04	2.28e-02	9.77e-01
 1.30660e+21	0.00e+00	0.00e+00	4.51e-31	3.06e-25	3.26e-20	6.84e-16	4.80e-12	1.58e-08	1.26e-04	2.36e-02	9.76e-01
 1.36073e+21	0.00e+00	0.00e+00	6.05e-31	3.95e-25	4.04e-20	8.16e-16	5.50e-12	1.74e-08	1.35e-04	2.44e-02	9.75e-01
 1.43109e+21	0.00e+00	0.00e+00	8.91e-31	5.52e-25	5.36e-20	1.03e-15	6.59e-12	1.98e-08	1.47e-04	2.55e-02	9.74e-01
 1.50165e+21	0.00e+00	0.00e+00	1.31e-30	7.69e-25	7.10e-20	1.30e-15	7.87e-12	2.25e-08	1.61e-04	2.66e-02	9.73e-01
 1.55706e+21	0.00e+00	0.00e+00	1.78e-30	1.00e-24	8.88e-20	1.56e-15	9.07e-12	2.49e-08	1.72e-04	2.76e-02	9.72e-01
 1.60618e+21	0.00e+00	0.00e+00	2.29e-30	1.25e-24	1.07e-19	1.82e-15	1.02e-11	2.71e-08	1.82e-04	2.84e-02	9.71e-01
 1.66249e+21	0.00e+00	0.00e+00	3.07e-30	1.61e-24	1.33e-19	2.17e-15	1.17e-11	2.99e-08	1.95e-04	2.93e-02	9.70e-01
 1.73570e+21	0.00e+00	0.00e+00	4.48e-30	2.23e-24	1.75e-19	2.72e-15	1.40e-11	3.40e-08	2.12e-04	3.06e-02	9.69e-01
 1.81066e+21	0.00e+00	0.00e+00	6.55e-30	3.09e-24	2.32e-19	3.43e-15	1.67e-11	3.87e-08	2.31e-04	3.19e-02	9.68e-01
 1.87168e+21	0.00e+00	0.00e+00	8.88e-30	4.03e-24	2.90e-19	4.13e-15	1.93e-11	4.29e-08	2.48e-04	3.30e-02	9.67e-01
 1.93481e+21	0.00e+00	0.00e+00	1.21e-29	5.27e-24	3.64e-19	4.98e-15	2.23e-11	4.77e-08	2.66e-04	3.42e-02	9.66e-01
 2.00522e+21	0.00e+00	0.00e+00	1.70e-29	7.07e-24	4.67e-19	6.12e-15	2.62e-11	5.35e-08	2.87e-04	3.55e-02	9.64e-01
 2.07077e+21	0.00e+00	0.00e+00	2.32e-29	9.25e-24	5.87e-19	7.39e-15	3.04e-11	5.95e-08	3.08e-04	3.67e-02	9.63e-01
 2.13211e+21	0.00e+00	0.00e+00	3.09e-29	1.19e-23	7.25e-19	8.80e-15	3.48e-11	6.56e-08	3.29e-04	3.79e-02	9.62e-01
 2.20233e+21	0.00e+00	0.00e+00	4.26e-29	1.57e-23	9.19e-19	1.07e-14	4.05e-11	7.33e-08	3.54e-04	3.93e-02	9.60e-01
 2.28090e+21	0.00e+00	0.00e+00	6.06e-29	2.13e-23	1.19e-18	1.33e-14	4.79e-11	8.28e-08	3.83e-04	4.08e-02	9.59e-01
 2.35465e+21	0.00e+00	0.00e+00	8.38e-29	2.82e-23	1.51e-18	1.62e-14	5.59e-11	9.26e-08	4.13e-04	4.23e-02	9.57e-01
 2.42432e+21	0.00e+00	0.00e+00	1.13e-28	3.65e-23	1.89e-18	1.94e-14	6.45e-11	1.03e-07	4.42e-04	4.38e-02	9.56e-01
 2.50438e+21	0.00e+00	0.00e+00	1.59e-28	4.90e-23	2.43e-18	2.39e-14	7.58e-11	1.16e-07	4.77e-04	4.55e-02	9.54e-01
 2.58928e+21	0.00e+00	0.00e+00	2.26e-28	6.65e-23	3.15e-18	2.97e-14	8.97e-11	1.31e-07	5.17e-04	4.73e-02	9.52e-01
 2.66258e+21	0.00e+00	0.00e+00	3.04e-28	8.60e-23	3.92e-18	3.56e-14	1.03e-10	1.45e-07	5.54e-04	4.89e-02	9.51e-01
 2.73997e+21	0.00e+00	0.00e+00	4.13e-28	1.12e-22	4.93e-18	4.30e-14	1.20e-10	1.61e-07	5.94e-04	5.05e-02	9.49e-01
 2.84058e+21	0.00e+00	0.00e+00	6.10e-28	1.58e-22	6.58e-18	5.46e-14	1.44e-10	1.85e-07	6.50e-04	5.28e-02	9.47e-01
 2.94217e+21	0.00e+00	0.00e+00	8.98e-28	2.20e-22	8.76e-18	6.92e-14	1.74e-10	2.11e-07	7.10e-04	5.51e-02	9.44e-01
 3.02314e+21	0.00e+00	0.00e+00	1.21e-27	2.86e-22	1.09e-17	8.32e-14	2.01e-10	2.35e-07	7.60e-04	5.70e-02	9.42e-01
 3.10652e+21	0.00e+00	7.72e-34	1.64e-27	3.72e-22	1.37e-17	1.00e-13	2.33e-10	2.61e-07	8.15e-04	5.89e-02	9.40e-01
 3.21492e+21	0.00e+00	1.20e-33	2.41e-27	5.20e-22	1.82e-17	1.27e-13	2.80e-10	2.99e-07	8.91e-04	6.15e-02	9.38e-01
 3.32176e+21	0.00e+00	1.83e-33	3.51e-27	7.19e-22	2.40e-17	1.60e-13	3.35e-10	3.41e-07	9.70e-04	6.41e-02	9.35e-01
 3.40299e+21	0.00e+00	2.50e-33	4.62e-27	9.15e-22	2.95e-17	1.90e-13	3.83e-10	3.76e-07	1.03e-03	6.60e-02	9.33e-01
 3.48502e+21	0.00e+00	3.42e-33	6.10e-27	1.16e-21	3.63e-17	2.25e-13	4.38e-10	4.15e-07	1.10e-03	6.81e-02	9.31e-01
 3.59165e+21	0.00e+00	5.07e-33	8.62e-27	1.57e-21	4.69e-17	2.78e-13	5.18e-10	4.68e-07	1.19e-03	7.07e-02	9.28e-01
 3.70518e+21	0.00e+00	7.67e-33	1.24e-26	2.16e-21	6.15e-17	3.49e-13	6.18e-10	5.33e-07	1.30e-03	7.36e-02	9.25e-01
 3.80359e+21	0.00e+00	1.09e-32	1.69e-26	2.83e-21	7.74e-17	4.22e-13	7.18e-10	5.95e-07	1.39e-03	7.62e-02	9.22e-01
 3.90744e+21	0.00e+00	1.57e-32	2.33e-26	3.73e-21	9.82e-17	5.15e-13	8.39e-10	6.66e-07	1.50e-03	7.89e-02	9.20e-01
 4.02400e+21	0.00e+00	2.34e-32	3.32e-26	5.08e-21	1.28e-16	6.40e-13	9.95e-10	7.54e-07	1.63e-03	8.20e-02	9.16e-01
 4.13424e+21	0.00e+00	3.39e-32	4.61e-26	6.75e-21	1.63e-16	7.84e-13	1.17e-09	8.47e-07	1.76e-03	8.50e-02	9.13e-01
 4.23890e+21	0.00e+00	4.80e-32	6.26e-26	8.80e-21	2.04e-16	9.46e-13	1.35e-09	9.44e-07	1.88e-03	8.79e-02	9.10e-01
 4.34243e+21	0.00e+00	6.72e-32	8.42e-26	1.14e-20	2.55e-16	1.14e-12	1.56e-09	1.05e-06	2.02e-03	9.08e-02	9.07e-01
 4.46026e+21	0.00e+00	9.77e-32	1.17e-25	1.52e-20	3.26e-16	1.39e-12	1.83e-09	1.18e-06	2.18e-03	9.41e-02	9.04e-01
 4.58815e+21	0.00e+00	1.46e-31	1.67e-25	2.07e-20	4.24e-16	1.74e-12	2.18e-09	1.34e-06	2.36e-03	9.78e-02	9.00e-01
 4.70268e+21	0.00e+00	2.08e-31	2.28e-25	2.71e-20	5.34e-16	2.10e-12	2.53e-09	1.49e-06	2.53e-03	1.01e-01	8.96e-01
 4.82515e+21	0.00e+00	3.00e-31	3.15e-25	3.59e-20	6.81e-16	2.57e-12	2.97e-09	1.67e-06	2.73e-03	1.05e-01	8.93e-01
 4.96059e+21	0.00e+00	4.49e-31	4.50e-25	4.89e-20	8.87e-16	3.21e-12	3.52e-09	1.90e-06	2.96e-03	1.09e-01	8.88e-01
 5.08576e+21	0.00e+00	6.48e-31	6.21e-25	6.48e-20	1.13e-15	3.91e-12	4.12e-09	2.13e-06	3.19e-03	1.13e-01	8.84e-01
 5.22133e+21	0.00e+00	9.55e-31	8.75e-25	8.72e-20	1.45e-15	4.84e-12	4.87e-09	2.40e-06	3.45e-03	1.17e-01	8.80e-01
 5.37042e+21	0.00e+00	1.45e-30	1.27e-24	1.20e-19	1.92e-15	6.08e-12	5.83e-09	2.74e-06	3.75e-03	1.21e-01	8.75e-01
 5.50619e+21	0.00e+00	2.12e-30	1.77e-24	1.61e-19	2.45e-15	7.47e-12	6.85e-09	3.08e-06	4.05e-03	1.26e-01	8.70e-01
 5.62180e+21	0.00e+00	2.92e-30	2.34e-24	2.05e-19	3.03e-15	8.90e-12	7.86e-09	3.40e-06	4.32e-03	1.30e-01	8.66e-01
 5.74210e+21	0.00e+00	4.03e-30	3.12e-24	2.63e-19	3.74e-15	1.06e-11	9.03e-09	3.76e-06	4.61e-03	1.33e-01	8.62e-01
 5.87796e+21	0.00e+00	5.77e-30	4.27e-24	3.46e-19	4.74e-15	1.29e-11	1.05e-08	4.21e-06	4.95e-03	1.38e-01	8.57e-01
 6.00716e+21	0.00e+00	8.09e-30	5.76e-24	4.49e-19	5.92e-15	1.55e-11	1.22e-08	4.68e-06	5.30e-03	1.42e-01	8.52e-01
 6.12806e+21	0.00e+00	1.11e-29	7.59e-24	5.71e-19	7.27e-15	1.84e-11	1.39e-08	5.16e-06	5.64e-03	1.46e-01	8.48e-01
 6.26507e+21	0.00e+00	1.57e-29	1.03e-23	7.46e-19	9.14e-15	2.23e-11	1.62e-08	5.75e-06	6.05e-03	1.51e-01	8.43e-01
 6.41710e+21	0.00e+00	2.30e-29	1.45e-23	1.00e-18	1.18e-14	2.75e-11	1.91e-08	6.47e-06	6.52e-03	1.56e-01	8.37e-01
 6.54547e+21	0.00e+00	3.17e-29	1.92e-23	1.28e-18	1.45e-14	3.28e-11	2.19e-08	7.15e-06	6.95e-03	1.61e-01	8.32e-01
 6.64711e+21	0.00e+00	4.07e-29	2.39e-23	1.55e-18	1.71e-14	3.76e-11	2.43e-08	7.73e-06	7.31e-03	1.65e-01	8.28e-01
 6.75722e+21	0.00e+00	5.34e-29	3.04e-23	1.91e-18	2.04e-14	4.36e-11	2.73e-08	8.41e-06	7.71e-03	1.69e-01	8.24e-01
 6.90037e+21	0.00e+00	7.53e-29	4.12e-23	2.48e-18	2.56e-14	5.26e-11	3.17e-08	9.35e-06	8.25e-03	1.74e-01	8.18e-01
 7.05002e+21	0.00e+00	1.08e-28	5.65e-23	3.27e-18	3.24e-14	6.40e-11	3.69e-08	1.04e-05	8.85e-03	1.79e-01	8.12e-01
 7.16589e+21	0.00e+00	1.42e-28	7.22e-23	4.05e-18	3.89e-14	7.46e-11	4.16e-08	1.14e-05	9.35e-03	1.84e-01	8.07e-01
 7.25649e+21	0.00e+00	1.77e-28	8.74e-23	4.78e-18	4.49e-14	8.40e-11	4.57e-08	1.22e-05	9.76e-03	1.87e-01	8.03e-01
 7.35645e+21	0.00e+00	2.22e-28	1.07e-22	5.68e-18	5.21e-14	9.50e-11	5.03e-08	1.31e-05	1.02e-02	1.91e-01	7.99e-01
 7.48640e+21	0.00e+00	2.96e-28	1.38e-22	7.10e-18	6.30e-14	1.11e-10	5.70e-08	1.43e-05	1.08e-02	1.96e-01	7.94e-01
 7.62571e+21	0.00e+00	4.12e-28	1.84e-22	9.14e-18	7.83e-14	1.33e-10	6.56e-08	1.58e-05	1.15e-02	2.01e-01	7.87e-01
 7.74389e+21	0.00e+00	5.39e-28	2.33e-22	1.12e-17	9.34e-14	1.55e-10	7.37e-08	1.72e-05	1.21e-02	2.06e-01	7.82e-01
 7.84851e+21	0.00e+00	6.84e-28	2.88e-22	1.35e-17	1.09e-13	1.76e-10	8.15e-08	1.85e-05	1.27e-02	2.10e-01	7.77e-01
 7.96882e+21	0.00e+00	8.94e-28	3.65e-22	1.65e-17	1.30e-13	2.04e-10	9.15e-08	2.01e-05	1.34e-02	2.15e-01	7.72e-01
 8.12522e+21	0.00e+00	1.26e-27	4.95e-22	2.16e-17	1.64e-13	2.47e-10	1.06e-07	2.23e-05	1.43e-02	2.21e-01	7.65e-01
 8.27465e+21	0.00e+00	1.76e-27	6.63e-22	2.78e-17	2.04e-13	2.96e-10	1.22e-07	2.47e-05	1.53e-02	2.27e-01	7.58e-01
 8.38062e+21	0.00e+00	2.23e-27	8.15e-22	3.33e-17	2.38e-13	3.37e-10	1.35e-07	2.66e-05	1.60e-02	2.31e-01	7.53e-01
 8.48398e+21	0.00e+00	2.79e-27	9.93e-22	3.95e-17	2.75e-13	3.81e-10	1.49e-07	2.85e-05	1.67e-02	2.35e-01	7.48e-01
 8.61836e+21	6.86e-34	3.73e-27	1.28e-21	4.94e-17	3.33e-13	4.47e-10	1.69e-07	3.12e-05	1.76e-02	2.41e-01	7.41e-01
 8.76182e+21	9.70e-34	5.08e-27	1.68e-21	6.26e-17	4.09e-13	5.30e-10	1.93e-07	3.43e-05	1.87e-02	2.47e-01	7.34e-01
 8.88570e+21	1.31e-33	6.63e-27	2.13e-21	7.68e-17	4.87e-13	6.13e-10	2.16e-07	3.72e-05	1.97e-02	2.52e-01	7.28e-01
 8.99830e+21	1.71e-33	8.43e-27	2.63e-21	9.23e-17	5.71e-13	7.00e-10	2.40e-07	4.00e-05	2.06e-02	2.57e-01	7.22e-01
 9.12764e+21	2.32e-33	1.11e-26	3.35e-21	1.14e-16	6.83e-13	8.14e-10	2.70e-07	4.35e-05	2.17e-02	2.63e-01	7.16e-01
 9.27286e+21	3.26e-33	1.50e-26	4.39e-21	1.44e-16	8.36e-13	9.64e-10	3.08e-07	4.78e-05	2.30e-02	2.69e-01	7.08e-01
 9.40334e+21	4.44e-33	1.98e-26	5.59e-21	1.78e-16	1.00e-12	1.12e-09	3.47e-07	5.20e-05	2.42e-02	2.74e-01	7.01e-01
 9.51607e+21	5.77e-33	2.50e-26	6.87e-21	2.13e-16	1.17e-12	1.28e-09	3.84e-07	5.59e-05	2.53e-02	2.79e-01	6.95e-01
 9.64109e+21	7.71e-33	3.24e-26	8.63e-21	2.59e-16	1.39e-12	1.47e-09	4.29e-07	6.05e-05	2.66e-02	2.85e-01	6.89e-01
 9.78056e+21	1.06e-32	4.33e-26	1.11e-20	3.24e-16	1.68e-12	1.73e-09	4.86e-07	6.61e-05	2.81e-02	2.91e-01	6.81e-01
 9.90960e+21	1.43e-32	5.65e-26	1.41e-20	3.97e-16	2.01e-12	2.01e-09	5.46e-07	7.17e-05	2.95e-02	2.97e-01	6.74e-01
 1.00281e+22	1.88e-32	7.20e-26	1.74e-20	4.78e-16	2.36e-12	2.30e-09	6.07e-07	7.73e-05	3.09e-02	3.02e-01	6.67e-01
 1.01623e+22	2.55e-32	9.45e-26	2.22e-20	5.89e-16	2.82e-12	2.67e-09	6.83e-07	8.40e-05	3.25e-02	3.08e-01	6.59e-01
 1.03117e+22	3.57e-32	1.28e-25	2.90e-20	7.44e-16	3.45e-12	3.16e-09	7.79e-07	9.22e-05	3.44e-02	3.15e-01	6.51e-01
 1.04481e+22	4.86e-32	1.69e-25	3.69e-20	9.19e-16	4.15e-12	3.69e-09	8.79e-07	1.00e-04	3.62e-02	3.21e-01	6.43e-01
 1.05708e+22	6.39e-32	2.16e-25	4.59e-20	1.11e-15	4.88e-12	4.23e-09	9.78e-07	1.08e-04	3.79e-02	3.26e-01	6.36e-01
 1.07089e+22	8.67e-32	2.84e-25	5.84e-20	1.37e-15	5.86e-12	4.93e-09	1.10e-06	1.18e-04	3.99e-02	3.32e-01	6.28e-01
 1.08635e+22	1.22e-31	3.85e-25	7.66e-20	1.74e-15	7.19e-12	5.86e-09	1.26e-06	1.29e-04	4.22e-02	3.39e-01	6.18e-01
 1.10069e+22	1.68e-31	5.14e-25	9.88e-20	2.17e-15	8.72e-12	6.89e-09	1.43e-06	1.41e-04	4.45e-02	3.46e-01	6.09e-01
 1.11372e+22	2.22e-31	6.58e-25	1.23e-19	2.62e-15	1.03e-11	7.92e-09	1.60e-06	1.53e-04	4.66e-02	3.52e-01	6.02e-01
 1.12830e+22	3.03e-31	8.70e-25	1.57e-19	3.25e-15	1.24e-11	9.27e-09	1.81e-06	1.67e-04	4.91e-02	3.58e-01	5.93e-01
 1.14475e+22	4.30e-31	1.19e-24	2.08e-19	4.15e-15	1.53e-11	1.11e-08	2.08e-06	1.84e-04	5.20e-02	3.65e-01	5.83e-01
 1.16009e+22	5.99e-31	1.61e-24	2.71e-19	5.22e-15	1.87e-11	1.31e-08	2.38e-06	2.01e-04	5.50e-02	3.72e-01	5.73e-01
 1.17400e+22	7.93e-31	2.07e-24	3.39e-19	6.35e-15	2.22e-11	1.52e-08	2.66e-06	2.18e-04	5.76e-02	3.78e-01	5.64e-01
 1.18961e+22	1.09e-30	2.75e-24	4.36e-19	7.92e-15	2.69e-11	1.78e-08	3.02e-06	2.38e-04	6.07e-02	3.85e-01	5.55e-01
 1.20989e+22	1.64e-30	3.96e-24	6.03e-19	1.05e-14	3.44e-11	2.20e-08	3.56e-06	2.67e-04	6.49e-02	3.93e-01	5.42e-01
 1.22937e+22	2.41e-30	5.61e-24	8.21e-19	1.38e-14	4.36e-11	2.68e-08	4.17e-06	2.98e-04	6.92e-02	4.01e-01	5.30e-01
 1.24319e+22	3.16e-30	7.19e-24	1.02e-18	1.67e-14	5.16e-11	3.10e-08	4.66e-06	3.22e-04	7.24e-02	4.07e-01	5.21e-01
 1.25657e+22	4.05e-30	8.97e-24	1.25e-18	1.98e-14	6.00e-11	3.52e-08	5.15e-06	3.45e-04	7.54e-02	4.12e-01	5.13e-01
 1.27396e+22	5.59e-30	1.20e-23	1.61e-18	2.49e-14	7.31e-11	4.16e-08	5.88e-06	3.78e-04	7.95e-02	4.18e-01	5.02e-01
 1.29264e+22	7.85e-30	1.63e-23	2.12e-18	3.16e-14	9.02e-11	4.97e-08	6.77e-06	4.17e-04	8.41e-02	4.25e-01	4.91e-01
 1.30902e+22	1.05e-29	2.12e-23	2.68e-18	3.88e-14	1.08e-10	5.79e-08	7.64e-06	4.53e-04	8.82e-02	4.31e-01	4.81e-01
 1.32634e+22	1.41e-29	2.78e-23	3.41e-18	4.79e-14	1.30e-10	6.77e-08	8.64e-06	4.94e-04	9.26e-02	4.36e-01	4.70e-01
 1.34588e+22	1.97e-29	3.74e-23	4.44e-18	6.05e-14	1.59e-10	8.06e-08	9.92e-06	5.43e-04	9.77e-02	4.43e-01	4.59e-01
 1.36437e+22	2.66e-29	4.92e-23	5.68e-18	7.50e-14	1.92e-10	9.46e-08	1.13e-05	5.93e-04	1.03e-01	4.48e-01	4.48e-01
 1.38169e+22	3.51e-29	6.32e-23	7.10e-18	9.13e-14	2.28e-10	1.10e-07	1.26e-05	6.42e-04	1.07e-01	4.53e-01	4.38e-01
 1.40145e+22	4.75e-29	8.33e-23	9.09e-18	1.13e-13	2.76e-10	1.29e-07	1.44e-05	7.02e-04	1.13e-01	4.59e-01	4.28e-01
 1.42359e+22	6.63e-29	1.13e-22	1.19e-17	1.44e-13	3.40e-10	1.54e-07	1.65e-05	7.73e-04	1.19e-01	4.65e-01	4.16e-01
 1.44433e+22	8.97e-29	1.48e-22	1.52e-17	1.78e-13	4.12e-10	1.81e-07	1.88e-05	8.44e-04	1.25e-01	4.70e-01	4.04e-01
 1.46379e+22	1.18e-28	1.91e-22	1.91e-17	2.17e-13	4.89e-10	2.09e-07	2.11e-05	9.15e-04	1.31e-01	4.74e-01	3.94e-01
 1.48308e+22	1.54e-28	2.42e-22	2.37e-17	2.63e-13	5.78e-10	2.41e-07	2.36e-05	9.89e-04	1.36e-01	4.78e-01	3.85e-01
 1.50205e+22	1.98e-28	3.06e-22	2.91e-17	3.15e-13	6.79e-10	2.77e-07	2.63e-05	1.07e-03	1.42e-01	4.82e-01	3.75e-01
 1.52359e+22	2.62e-28	3.94e-22	3.65e-17	3.85e-13	8.09e-10	3.21e-07	2.96e-05	1.16e-03	1.48e-01	4.85e-01	3.65e-01
 1.54701e+22	3.52e-28	5.16e-22	4.66e-17	4.77e-13	9.76e-10	3.77e-07	3.36e-05	1.26e-03	1.56e-01	4.89e-01	3.54e-01
 1.56794e+22	4.56e-28	6.52e-22	5.75e-17	5.74e-13	1.15e-09	4.33e-07	3.75e-05	1.36e-03	1.62e-01	4.92e-01	3.44e-01
 1.59022e+22	5.93e-28	8.29e-22	7.14e-17	6.94e-13	1.36e-09	4.99e-07	4.20e-05	1.47e-03	1.69e-01	4.95e-01	3.34e-01
 1.61521e+22	7.92e-28	1.08e-21	9.06e-17	8.56e-13	1.63e-09	5.83e-07	4.75e-05	1.60e-03	1.77e-01	4.98e-01	3.24e-01
 1.63863e+22	1.03e-27	1.37e-21	1.13e-16	1.04e-12	1.93e-09	6.72e-07	5.32e-05	1.73e-03	1.84e-01	5.00e-01	3.14e-01
 1.66059e+22	1.31e-27	1.71e-21	1.37e-16	1.23e-12	2.25e-09	7.65e-07	5.89e-05	1.85e-03	1.91e-01	5.02e-01	3.05e-01
 1.68571e+22	1.70e-27	2.18e-21	1.70e-16	1.49e-12	2.66e-09	8.83e-07	6.60e-05	2.00e-03	1.99e-01	5.04e-01	2.95e-01
 1.71402e+22	2.28e-27	2.84e-21	2.17e-16	1.85e-12	3.20e-09	1.03e-06	7.48e-05	2.18e-03	2.07e-01	5.06e-01	2.85e-01
 1.73899e+22	2.93e-27	3.58e-21	2.67e-16	2.21e-12	3.76e-09	1.18e-06	8.32e-05	2.34e-03	2.15e-01	5.07e-01	2.75e-01
 1.75976e+22	3.59e-27	4.30e-21	3.15e-16	2.56e-12	4.27e-09	1.32e-06	9.07e-05	2.49e-03	2.22e-01	5.08e-01	2.68e-01
 1.78256e+22	4.45e-27	5.24e-21	3.77e-16	3.00e-12	4.90e-09	1.48e-06	9.94e-05	2.65e-03	2.29e-01	5.08e-01	2.60e-01
 1.81221e+22	5.84e-27	6.73e-21	4.72e-16	3.66e-12	5.83e-09	1.72e-06	1.12e-04	2.86e-03	2.38e-01	5.08e-01	2.51e-01
 1.84315e+22	7.71e-27	8.68e-21	5.94e-16	4.48e-12	6.96e-09	2.00e-06	1.26e-04	3.10e-03	2.48e-01	5.08e-01	2.41e-01
 1.86912e+22	9.68e-27	1.07e-20	7.17e-16	5.28e-12	8.05e-09	2.26e-06	1.38e-04	3.31e-03	2.56e-01	5.08e-01	2.33e-01
 1.89625e+22	1.22e-26	1.32e-20	8.66e-16	6.24e-12	9.31e-09	2.55e-06	1.52e-04	3.53e-03	2.64e-01	5.07e-01	2.25e-01
 1.93152e+22	1.62e-26	1.72e-20	1.10e-15	7.70e-12	1.12e-08	2.98e-06	1.72e-04	3.84e-03	2.75e-01	5.06e-01	2.15e-01
 1.96787e+22	2.17e-26	2.25e-20	1.40e-15	9.52e-12	1.35e-08	3.48e-06	1.95e-04	4.17e-03	2.86e-01	5.04e-01	2.06e-01
 1.99769e+22	2.74e-26	2.78e-20	1.70e-15	1.13e-11	1.56e-08	3.94e-06	2.14e-04	4.45e-03	2.95e-01	5.02e-01	1.98e-01
 2.02852e+22	3.45e-26	3.43e-20	2.06e-15	1.33e-11	1.81e-08	4.46e-06	2.36e-04	4.75e-03	3.04e-01	5.00e-01	1.91e-01
 2.06269e+22	4.44e-26	4.33e-20	2.53e-15	1.60e-11	2.12e-08	5.09e-06	2.62e-04	5.09e-03	3.14e-01	4.98e-01	1.83e-01
 2.09426e+22	5.58e-26	5.33e-20	3.06e-15	1.89e-11	2.44e-08	5.74e-06	2.88e-04	5.42e-03	3.23e-01	4.95e-01	1.76e-01
 2.12839e+22	7.06e-26	6.62e-20	3.72e-15	2.24e-11	2.84e-08	6.51e-06	3.17e-04	5.78e-03	3.33e-01	4.92e-01	1.69e-01
 2.16656e+22	9.16e-26	8.40e-20	4.61e-15	2.70e-11	3.34e-08	7.46e-06	3.53e-04	6.20e-03	3.43e-01	4.89e-01	1.61e-01
 2.20247e+22	1.16e-25	1.05e-19	5.62e-15	3.21e-11	3.88e-08	8.45e-06	3.88e-04	6.62e-03	3.53e-01	4.85e-01	1.54e-01
 2.24163e+22	1.49e-25	1.32e-19	6.91e-15	3.85e-11	4.54e-08	9.64e-06	4.30e-04	7.08e-03	3.64e-01	4.81e-01	1.47e-01
 2.28542e+22	1.97e-25	1.69e-19	8.67e-15	4.70e-11	5.39e-08	1.11e-05	4.80e-04	7.61e-03	3.76e-01	4.76e-01	1.40e-01
 2.32673e+22	2.54e-25	2.13e-19	1.07e-14	5.64e-11	6.31e-08	1.27e-05	5.31e-04	8.13e-03	3.87e-01	4.71e-01	1.33e-01
 2.37194e+22	3.31e-25	2.72e-19	1.33e-14	6.83e-11	7.44e-08	1.45e-05	5.90e-04	8.72e-03	3.98e-01	4.66e-01	1.27e-01
 2.42287e+22	4.44e-25	3.57e-19	1.69e-14	8.44e-11	8.93e-08	1.69e-05	6.62e-04	9.41e-03	4.11e-01	4.60e-01	1.19e-01
 2.46819e+22	5.75e-25	4.51e-19	2.09e-14	1.01e-10	1.05e-07	1.93e-05	7.32e-04	1.00e-02	4.22e-01	4.54e-01	1.13e-01
 2.50673e+22	7.10e-25	5.47e-19	2.49e-14	1.18e-10	1.19e-07	2.15e-05	7.95e-04	1.06e-02	4.31e-01	4.49e-01	1.09e-01
 2.54951e+22	8.92e-25	6.75e-19	3.01e-14	1.39e-10	1.37e-07	2.41e-05	8.69e-04	1.12e-02	4.41e-01	4.43e-01	1.03e-01
 2.60513e+22	1.19e-24	8.77e-19	3.80e-14	1.71e-10	1.63e-07	2.78e-05	9.69e-04	1.20e-02	4.54e-01	4.36e-01	9.74e-02
 2.66201e+22	1.59e-24	1.14e-18	4.83e-14	2.10e-10	1.96e-07	3.23e-05	1.09e-03	1.30e-02	4.67e-01	4.28e-01	9.13e-02
 2.70747e+22	1.99e-24	1.41e-18	5.81e-14	2.47e-10	2.25e-07	3.62e-05	1.18e-03	1.37e-02	4.76e-01	4.22e-01	8.68e-02
 2.75348e+22	2.49e-24	1.72e-18	6.97e-14	2.89e-10	2.57e-07	4.04e-05	1.29e-03	1.45e-02	4.86e-01	4.16e-01	8.26e-02
 2.81330e+22	3.29e-24	2.22e-18	8.76e-14	3.53e-10	3.05e-07	4.64e-05	1.43e-03	1.55e-02	4.98e-01	4.08e-01	7.75e-02
 2.87586e+22	4.38e-24	2.89e-18	1.11e-13	4.34e-10	3.64e-07	5.38e-05	1.60e-03	1.66e-02	5.11e-01	3.99e-01	7.23e-02
 2.92788e+22	5.52e-24	3.57e-18	1.34e-13	5.12e-10	4.19e-07	6.04e-05	1.74e-03	1.75e-02	5.21e-01	3.91e-01	6.84e-02
 2.98139e+22	6.94e-24	4.40e-18	1.62e-13	6.03e-10	4.83e-07	6.78e-05	1.90e-03	1.85e-02	5.31e-01	3.84e-01	6.46e-02
 3.05096e+22	9.28e-24	5.74e-18	2.06e-13	7.42e-10	5.75e-07	7.82e-05	2.12e-03	1.98e-02	5.43e-01	3.75e-01	6.02e-02
 3.12296e+22	1.24e-23	7.52e-18	2.62e-13	9.17e-10	6.91e-07	9.09e-05	2.37e-03	2.13e-02	5.56e-01	3.65e-01	5.57e-02
 3.18184e+22	1.57e-23	9.30e-18	3.18e-13	1.08e-09	7.97e-07	1.02e-04	2.59e-03	2.25e-02	5.66e-01	3.57e-01	5.24e-02
 3.24208e+22	1.97e-23	1.15e-17	3.85e-13	1.28e-09	9.19e-07	1.15e-04	2.83e-03	2.38e-02	5.75e-01	3.49e-01	4.92e-02
 3.32039e+22	2.62e-23	1.49e-17	4.88e-13	1.57e-09	1.10e-06	1.33e-04	3.16e-03	2.55e-02	5.87e-01	3.38e-01	4.54e-02
 3.39659e+22	3.46e-23	1.93e-17	6.14e-13	1.92e-09	1.30e-06	1.53e-04	3.51e-03	2.72e-02	5.99e-01	3.28e-01	4.20e-02
 3.45235e+22	4.19e-23	2.30e-17	7.22e-13	2.22e-09	1.47e-06	1.69e-04	3.78e-03	2.85e-02	6.07e-01	3.21e-01	3.97e-02
 3.50714e+22	5.04e-23	2.73e-17	8.43e-13	2.54e-09	1.65e-06	1.86e-04	4.06e-03	2.98e-02	6.14e-01	3.14e-01	3.75e-02
 3.57837e+22	6.34e-23	3.38e-17	1.02e-12	3.01e-09	1.92e-06	2.10e-04	4.45e-03	3.16e-02	6.23e-01	3.05e-01	3.49e-02
 3.65498e+22	8.08e-23	4.23e-17	1.26e-12	3.60e-09	2.24e-06	2.38e-04	4.89e-03	3.35e-02	6.33e-01	2.96e-01	3.23e-02
 3.72253e+22	9.94e-23	5.14e-17	1.50e-12	4.20e-09	2.56e-06	2.66e-04	5.31e-03	3.52e-02	6.41e-01	2.88e-01	3.02e-02
 3.79430e+22	1.22e-22	6.24e-17	1.79e-12	4.91e-09	2.93e-06	2.98e-04	5.77e-03	3.71e-02	6.49e-01	2.80e-01	2.82e-02
 3.88759e+22	1.58e-22	7.96e-17	2.24e-12	5.98e-09	3.47e-06	3.43e-04	6.42e-03	3.96e-02	6.59e-01	2.69e-01	2.57e-02
 3.98162e+22	2.04e-22	1.01e-16	2.80e-12	7.28e-09	4.12e-06	3.95e-04	7.14e-03	4.23e-02	6.68e-01	2.59e-01	2.34e-02
 4.05537e+22	2.48e-22	1.21e-16	3.31e-12	8.44e-09	4.69e-06	4.39e-04	7.73e-03	4.44e-02	6.75e-01	2.50e-01	2.18e-02
 4.13002e+22	2.97e-22	1.44e-16	3.89e-12	9.75e-09	5.32e-06	4.87e-04	8.36e-03	4.66e-02	6.82e-01	2.43e-01	2.02e-02
 4.22707e+22	3.72e-22	1.79e-16	4.77e-12	1.17e-08	6.23e-06	5.56e-04	9.23e-03	4.96e-02	6.89e-01	2.33e-01	1.85e-02
 4.33005e+22	4.69e-22	2.24e-16	5.88e-12	1.41e-08	7.35e-06	6.38e-04	1.02e-02	5.28e-02	6.97e-01	2.23e-01	1.67e-02
 4.41809e+22	5.66e-22	2.69e-16	6.99e-12	1.64e-08	8.43e-06	7.15e-04	1.12e-02	5.57e-02	7.03e-01	2.14e-01	1.53e-02
 4.50989e+22	6.78e-22	3.21e-16	8.29e-12	1.92e-08	9.65e-06	8.01e-04	1.21e-02	5.87e-02	7.08e-01	2.06e-01	1.41e-02
 4.62923e+22	8.45e-22	4.00e-16	1.02e-11	2.32e-08	1.14e-05	9.23e-04	1.35e-02	6.27e-02	7.15e-01	1.95e-01	1.26e-02
 4.75075e+22	1.05e-21	4.97e-16	1.26e-11	2.81e-08	1.36e-05	1.07e-03	1.51e-02	6.71e-02	7.21e-01	1.85e-01	1.12e-02
 4.84752e+22	1.23e-21	5.86e-16	1.48e-11	3.25e-08	1.55e-05	1.19e-03	1.64e-02	7.06e-02	7.25e-01	1.77e-01	1.02e-02
 4.93045e+22	1.39e-21	6.67e-16	1.69e-11	3.67e-08	1.73e-05	1.30e-03	1.75e-02	7.38e-02	7.27e-01	1.71e-01	9.44e-03
 5.02297e+22	1.60e-21	7.69e-16	1.94e-11	4.17e-08	1.94e-05	1.44e-03	1.89e-02	7.71e-02	7.30e-01	1.64e-01	8.69e-03
 5.14325e+22	1.88e-21	9.12e-16	2.31e-11	4.90e-08	2.25e-05	1.63e-03	2.07e-02	8.17e-02	7.33e-01	1.55e-01	7.80e-03
 5.26937e+22	2.21e-21	1.09e-15	2.76e-11	5.78e-08	2.61e-05	1.85e-03	2.27e-02	8.67e-02	7.35e-01	1.47e-01	6.95e-03
 5.37529e+22	2.49e-21	1.24e-15	3.18e-11	6.62e-08	2.96e-05	2.05e-03	2.46e-02	9.10e-02	7.36e-01	1.40e-01	6.30e-03
 5.46974e+22	2.78e-21	1.40e-15	3.60e-11	7.44e-08	3.29e-05	2.24e-03	2.62e-02	9.48e-02	7.37e-01	1.34e-01	5.80e-03
 5.57709e+22	3.11e-21	1.59e-15	4.11e-11	8.43e-08	3.69e-05	2.46e-03	2.82e-02	9.91e-02	7.37e-01	1.28e-01	5.29e-03
 5.71665e+22	3.54e-21	1.86e-15	4.85e-11	9.87e-08	4.27e-05	2.78e-03	3.08e-02	1.05e-01	7.37e-01	1.20e-01	4.69e-03
 5.86063e+22	4.04e-21	2.17e-15	5.74e-11	1.16e-07	4.95e-05	3.15e-03	3.37e-02	1.11e-01	7.35e-01	1.13e-01	4.14e-03
 5.97782e+22	4.47e-21	2.46e-15	6.57e-11	1.32e-07	5.58e-05	3.47e-03	3.62e-02	1.16e-01	7.33e-01	1.07e-01	3.74e-03
 6.09763e+22	4.91e-21	2.76e-15	7.47e-11	1.50e-07	6.25e-05	3.81e-03	3.88e-02	1.21e-01	7.31e-01	1.02e-01	3.39e-03
 6.25338e+22	5.51e-21	3.19e-15	8.77e-11	1.75e-07	7.21e-05	4.29e-03	4.22e-02	1.28e-01	7.28e-01	9.52e-02	2.99e-03
 6.41698e+22	6.21e-21	3.72e-15	1.04e-10	2.07e-07	8.38e-05	4.85e-03	4.61e-02	1.35e-01	7.23e-01	8.86e-02	2.62e-03
 6.55435e+22	6.80e-21	4.20e-15	1.20e-10	2.37e-07	9.49e-05	5.36e-03	4.95e-02	1.41e-01	7.19e-01	8.35e-02	2.34e-03
 6.69649e+22	7.50e-21	4.75e-15	1.37e-10	2.70e-07	1.07e-04	5.90e-03	5.30e-02	1.47e-01	7.14e-01	7.88e-02	2.10e-03
 6.88128e+22	8.42e-21	5.54e-15	1.63e-10	3.20e-07	1.24e-04	6.66e-03	5.76e-02	1.54e-01	7.06e-01	7.31e-02	1.83e-03
 7.07589e+22	9.53e-21	6.53e-15	1.97e-10	3.83e-07	1.46e-04	7.55e-03	6.28e-02	1.63e-01	6.98e-01	6.74e-02	1.58e-03
 7.24052e+22	1.06e-20	7.50e-15	2.30e-10	4.45e-07	1.67e-04	8.38e-03	6.75e-02	1.70e-01	6.90e-01	6.30e-02	1.40e-03
 7.41179e+22	1.17e-20	8.57e-15	2.68e-10	5.15e-07	1.89e-04	9.26e-03	7.22e-02	1.77e-01	6.82e-01	5.89e-02	1.24e-03
 7.59393e+22	1.31e-20	9.94e-15	3.16e-10	6.03e-07	2.17e-04	1.03e-02	7.75e-02	1.84e-01	6.72e-01	5.47e-02	1.09e-03
 7.75003e+22	1.43e-20	1.12e-14	3.64e-10	6.89e-07	2.44e-04	1.13e-02	8.23e-02	1.90e-01	6.63e-01	5.14e-02	9.76e-04
 7.91278e+22	1.59e-20	1.28e-14	4.18e-10	7.85e-07	2.73e-04	1.23e-02	8.71e-02	1.96e-01	6.55e-01	4.84e-02	8.80e-04
 8.12435e+22	1.80e-20	1.50e-14	4.98e-10	9.25e-07	3.14e-04	1.36e-02	9.34e-02	2.04e-01	6.43e-01	4.47e-02	7.68e-04
 8.34771e+22	2.07e-20	1.78e-14	6.02e-10	1.11e-06	3.65e-04	1.53e-02	1.01e-01	2.13e-01	6.29e-01	4.11e-02	6.64e-04
 8.53219e+22	2.33e-20	2.06e-14	7.06e-10	1.28e-06	4.14e-04	1.68e-02	1.07e-01	2.19e-01	6.18e-01	3.83e-02	5.88e-04
 8.69158e+22	2.57e-20	2.33e-14	8.03e-10	1.44e-06	4.57e-04	1.81e-02	1.12e-01	2.25e-01	6.08e-01	3.61e-02	5.33e-04
 8.87258e+22	2.86e-20	2.65e-14	9.24e-10	1.64e-06	5.09e-04	1.96e-02	1.18e-01	2.31e-01	5.97e-01	3.39e-02	4.79e-04
 9.10788e+22	3.28e-20	3.14e-14	1.10e-09	1.93e-06	5.83e-04	2.16e-02	1.25e-01	2.38e-01	5.83e-01	3.12e-02	4.18e-04
 9.36323e+22	3.86e-20	3.79e-14	1.35e-09	2.31e-06	6.77e-04	2.41e-02	1.34e-01	2.46e-01	5.66e-01	2.85e-02	3.60e-04
 9.58760e+22	4.42e-20	4.47e-14	1.60e-09	2.70e-06	7.70e-04	2.65e-02	1.42e-01	2.52e-01	5.51e-01	2.63e-02	3.15e-04
 9.78990e+22	5.04e-20	5.17e-14	1.85e-09	3.08e-06	8.58e-04	2.87e-02	1.49e-01	2.58e-01	5.39e-01	2.45e-02	2.82e-04
 1.00205e+23	5.77e-20	6.04e-14	2.17e-09	3.54e-06	9.64e-04	3.12e-02	1.57e-01	2.63e-01	5.24e-01	2.27e-02	2.49e-04
 1.03204e+23	6.88e-20	7.35e-14	2.65e-09	4.23e-06	1.11e-03	3.47e-02	1.67e-01	2.70e-01	5.06e-01	2.06e-02	2.14e-04
 1.06445e+23	8.43e-20	9.18e-14	3.32e-09	5.14e-06	1.31e-03	3.89e-02	1.79e-01	2.77e-01	4.85e-01	1.85e-02	1.80e-04
 1.09276e+23	1.01e-19	1.11e-13	4.02e-09	6.08e-06	1.50e-03	4.29e-02	1.89e-01	2.82e-01	4.67e-01	1.68e-02	1.55e-04
 1.11840e+23	1.17e-19	1.31e-13	4.72e-09	6.99e-06	1.68e-03	4.65e-02	1.98e-01	2.87e-01	4.52e-01	1.55e-02	1.36e-04
 1.14783e+23	1.39e-19	1.57e-13	5.62e-09	8.12e-06	1.89e-03	5.07e-02	2.08e-01	2.91e-01	4.34e-01	1.41e-02	1.19e-04
 1.18608e+23	1.71e-19	1.95e-13	6.95e-09	9.75e-06	2.20e-03	5.63e-02	2.21e-01	2.95e-01	4.13e-01	1.26e-02	9.96e-05
 1.22854e+23	2.20e-19	2.52e-13	8.86e-09	1.20e-05	2.59e-03	6.32e-02	2.35e-01	2.99e-01	3.89e-01	1.11e-02	8.18e-05
 1.26723e+23	2.75e-19	3.17e-13	1.11e-08	1.45e-05	3.02e-03	7.02e-02	2.48e-01	3.02e-01	3.67e-01	9.76e-03	6.80e-05
 1.30214e+23	3.34e-19	3.85e-13	1.33e-08	1.68e-05	3.41e-03	7.64e-02	2.59e-01	3.03e-01	3.49e-01	8.80e-03	5.84e-05
 1.34135e+23	4.07e-19	4.69e-13	1.59e-08	1.97e-05	3.87e-03	8.33e-02	2.71e-01	3.04e-01	3.30e-01	7.88e-03	4.96e-05
 1.39140e+23	5.19e-19	5.96e-13	1.99e-08	2.37e-05	4.49e-03	9.23e-02	2.85e-01	3.04e-01	3.07e-01	6.87e-03	4.07e-05
 1.44308e+23	6.85e-19	7.80e-13	2.55e-08	2.91e-05	5.28e-03	1.03e-01	3.00e-01	3.03e-01	2.83e-01	5.89e-03	3.27e-05
 1.48560e+23	8.55e-19	9.63e-13	3.09e-08	3.40e-05	6.00e-03	1.12e-01	3.12e-01	3.00e-01	2.64e-01	5.21e-03	2.75e-05
 1.52230e+23	1.02e-18	1.14e-12	3.59e-08	3.86e-05	6.63e-03	1.20e-01	3.21e-01	2.98e-01	2.49e-01	4.70e-03	2.38e-05
 1.56363e+23	1.22e-18	1.35e-12	4.20e-08	4.38e-05	7.34e-03	1.28e-01	3.31e-01	2.95e-01	2.35e-01	4.22e-03	2.05e-05
 1.61736e+23	1.51e-18	1.65e-12	5.01e-08	5.06e-05	8.25e-03	1.39e-01	3.41e-01	2.91e-01	2.18e-01	3.71e-03	1.72e-05
 1.68130e+23	1.95e-18	2.09e-12	6.20e-08	6.02e-05	9.48e-03	1.52e-01	3.53e-01	2.84e-01	1.98e-01	3.17e-03	1.38e-05
 1.74532e+23	2.55e-18	2.68e-12	7.72e-08	7.20e-05	1.09e-02	1.66e-01	3.65e-01	2.77e-01	1.79e-01	2.69e-03	1.11e-05
 1.80287e+23	3.20e-18	3.30e-12	9.27e-08	8.34e-05	1.23e-02	1.79e-01	3.74e-01	2.69e-01	1.64e-01	2.33e-03	9.15e-06
 1.86519e+23	3.90e-18	3.96e-12	1.09e-07	9.48e-05	1.36e-02	1.91e-01	3.81e-01	2.62e-01	1.50e-01	2.04e-03	7.66e-06
 1.93905e+23	4.93e-18	4.90e-12	1.31e-07	1.10e-04	1.53e-02	2.06e-01	3.89e-01	2.53e-01	1.35e-01	1.74e-03	6.22e-06
 2.01784e+23	6.25e-18	6.08e-12	1.58e-07	1.28e-04	1.73e-02	2.21e-01	3.96e-01	2.43e-01	1.21e-01	1.48e-03	5.02e-06
 2.09979e+23	7.84e-18	7.45e-12	1.88e-07	1.47e-04	1.94e-02	2.37e-01	4.01e-01	2.32e-01	1.09e-01	1.26e-03	4.08e-06
 2.18502e+23	9.76e-18	9.08e-12	2.23e-07	1.69e-04	2.16e-02	2.53e-01	4.05e-01	2.22e-01	9.74e-02	1.07e-03	3.32e-06
 2.26978e+23	1.21e-17	1.10e-11	2.62e-07	1.92e-04	2.39e-02	2.68e-01	4.08e-01	2.11e-01	8.73e-02	9.17e-04	2.72e-06
 2.34829e+23	1.46e-17	1.30e-11	3.03e-07	2.15e-04	2.62e-02	2.83e-01	4.09e-01	2.02e-01	7.91e-02	7.97e-04	2.28e-06
 2.41894e+23	1.69e-17	1.49e-11	3.40e-07	2.36e-04	2.81e-02	2.95e-01	4.10e-01	1.94e-01	7.27e-02	7.08e-04	1.97e-06
 2.48253e+23	1.94e-17	1.68e-11	3.77e-07	2.56e-04	3.00e-02	3.05e-01	4.10e-01	1.87e-01	6.74e-02	6.38e-04	1.73e-06
 2.53976e+23	2.17e-17	1.86e-11	4.11e-07	2.74e-04	3.17e-02	3.14e-01	4.09e-01	1.81e-01	6.31e-02	5.83e-04	1.54e-06
 2.59126e+23	2.38e-17	2.01e-11	4.41e-07	2.89e-04	3.31e-02	3.22e-01	4.08e-01	1.76e-01	5.97e-02	5.41e-04	1.41e-06
 2.63762e+23	2.58e-17	2.17e-11	4.69e-07	3.04e-04	3.44e-02	3.29e-01	4.08e-01	1.71e-01	5.68e-02	5.06e-04	1.30e-06
 2.67934e+23	2.76e-17	2.30e-11	4.93e-07	3.16e-04	3.55e-02	3.35e-01	4.07e-01	1.68e-01	5.45e-02	4.78e-04	1.21e-06
 2.71689e+23	2.92e-17	2.42e-11	5.15e-07	3.27e-04	3.65e-02	3.40e-01	4.06e-01	1.64e-01	5.25e-02	4.55e-04	1.14e-06
 2.75068e+23	3.07e-17	2.53e-11	5.35e-07	3.38e-04	3.75e-02	3.44e-01	4.05e-01	1.61e-01	5.08e-02	4.36e-04	1.08e-06
 2.78196e+23	3.19e-17	2.62e-11	5.51e-07	3.46e-04	3.82e-02	3.48e-01	4.05e-01	1.59e-01	4.95e-02	4.21e-04	1.04e-06
 2.81251e+23	3.29e-17	2.69e-11	5.64e-07	3.52e-04	3.88e-02	3.51e-01	4.04e-01	1.57e-01	4.83e-02	4.08e-04	9.98e-07
 2.84306e+23	3.39e-17	2.77e-11	5.79e-07	3.60e-04	3.95e-02	3.54e-01	4.03e-01	1.55e-01	4.71e-02	3.95e-04	9.61e-07
 2.87360e+23	3.50e-17	2.85e-11	5.93e-07	3.67e-04	4.01e-02	3.57e-01	4.03e-01	1.53e-01	4.60e-02	3.83e-04	9.26e-07
 2.90415e+23	3.60e-17	2.93e-11	6.07e-07	3.74e-04	4.08e-02	3.61e-01	4.02e-01	1.51e-01	4.50e-02	3.72e-04	8.93e-07
 2.93470e+23	3.69e-17	3.00e-11	6.19e-07	3.80e-04	4.14e-02	3.63e-01	4.01e-01	1.49e-01	4.40e-02	3.62e-04	8.65e-07
 2.96525e+23	3.77e-17	3.06e-11	6.31e-07	3.86e-04	4.19e-02	3.66e-01	4.01e-01	1.48e-01	4.31e-02	3.53e-04	8.39e-07
 2.99580e+23	3.85e-17	3.12e-11	6.42e-07	3.91e-04	4.25e-02	3.69e-01	4.00e-01	1.46e-01	4.23e-02	3.44e-04	8.15e-07
 3.02635e+23	3.94e-17	3.19e-11	6.53e-07	3.97e-04	4.30e-02	3.71e-01	3.99e-01	1.44e-01	4.15e-02	3.36e-04	7.92e-07
 3.04822e+23	4.08e-17	3.29e-11	6.71e-07	4.05e-04	4.37e-02	3.74e-01	3.98e-01	1.43e-01	4.06e-02	3.26e-04	7.66e-07
