#depth	O	O+	O+2	O+3	O+4	O+5	O+6	O+7	O+8	O[1]	O[2]	O[3]
 6.17135e+19	0.00e+00	0.00e+00	4.24e-28	6.35e-22	1.81e-16	1.48e-11	9.22e-07	1.75e-03	9.98e-01	0.00e+00	0.00e+00	0.00e+00
 1.87609e+20	0.00e+00	0.00e+00	7.44e-28	9.90e-22	2.51e-16	1.84e-11	1.09e-06	1.94e-03	9.98e-01	0.00e+00	0.00e+00	0.00e+00
 3.12629e+20	0.00e+00	0.00e+00	1.28e-27	1.52e-21	3.43e-16	2.26e-11	1.28e-06	2.14e-03	9.98e-01	0.00e+00	0.00e+00	0.00e+00
 4.29922e+20	0.00e+00	0.00e+00	2.12e-27	2.25e-21	4.57e-16	2.71e-11	1.48e-06	2.34e-03	9.98e-01	0.00e+00	0.00e+00	0.00e+00
 5.05043e+20	0.00e+00	2.00e-34	2.91e-27	2.89e-21	5.47e-16	3.04e-11	1.63e-06	2.48e-03	9.98e-01	0.00e+00	0.00e+00	0.00e+00
 5.34510e+20	0.00e+00	2.33e-34	3.30e-27	3.19e-21	5.87e-16	3.18e-11	1.69e-06	2.54e-03	9.97e-01	0.00e+00	0.00e+00	0.00e+00
 5.59347e+20	0.00e+00	2.62e-34	3.63e-27	3.44e-21	6.21e-16	3.30e-11	1.74e-06	2.58e-03	9.97e-01	0.00e+00	0.00e+00	0.00e+00
 5.91635e+20	0.00e+00	3.08e-34	4.14e-27	3.82e-21	6.69e-16	3.46e-11	1.81e-06	2.65e-03	9.97e-01	0.00e+00	0.00e+00	0.00e+00
 6.33609e+20	0.00e+00	3.80e-34	4.92e-27	4.36e-21	7.37e-16	3.68e-11	1.90e-06	2.73e-03	9.97e-01	0.00e+00	0.00e+00	0.00e+00
 6.88177e+20	0.00e+00	4.96e-34	6.13e-27	5.19e-21	8.35e-16	3.98e-11	2.03e-06	2.84e-03	9.97e-01	0.00e+00	0.00e+00	0.00e+00
 7.45389e+20	0.00e+00	6.57e-34	7.71e-27	6.21e-21	9.51e-16	4.32e-11	2.17e-06	2.96e-03	9.97e-01	0.00e+00	0.00e+00	0.00e+00
 7.93628e+20	0.00e+00	8.30e-34	9.34e-27	7.21e-21	1.06e-15	4.62e-11	2.30e-06	3.06e-03	9.97e-01	0.00e+00	0.00e+00	0.00e+00
 8.43924e+20	0.00e+00	1.06e-33	1.14e-26	8.42e-21	1.19e-15	4.96e-11	2.44e-06	3.18e-03	9.97e-01	0.00e+00	0.00e+00	0.00e+00
 9.09310e+20	0.00e+00	1.44e-33	1.47e-26	1.03e-20	1.37e-15	5.43e-11	2.63e-06	3.33e-03	9.97e-01	0.00e+00	0.00e+00	0.00e+00
 9.74660e+20	0.00e+00	1.97e-33	1.89e-26	1.25e-20	1.58e-15	5.94e-11	2.84e-06	3.48e-03	9.97e-01	0.00e+00	0.00e+00	0.00e+00
 1.02547e+21	0.00e+00	2.50e-33	2.30e-26	1.46e-20	1.76e-15	6.37e-11	3.01e-06	3.60e-03	9.96e-01	0.00e+00	0.00e+00	0.00e+00
 1.06999e+21	0.00e+00	3.07e-33	2.73e-26	1.67e-20	1.94e-15	6.77e-11	3.17e-06	3.72e-03	9.96e-01	0.00e+00	0.00e+00	0.00e+00
 1.12080e+21	0.00e+00	3.88e-33	3.31e-26	1.94e-20	2.16e-15	7.25e-11	3.36e-06	3.85e-03	9.96e-01	0.00e+00	0.00e+00	0.00e+00
 1.18687e+21	0.00e+00	5.25e-33	4.24e-26	2.36e-20	2.49e-15	7.92e-11	3.62e-06	4.02e-03	9.96e-01	0.00e+00	0.00e+00	0.00e+00
 1.25364e+21	0.00e+00	7.12e-33	5.45e-26	2.87e-20	2.87e-15	8.66e-11	3.90e-06	4.20e-03	9.96e-01	0.00e+00	0.00e+00	0.00e+00
 1.30660e+21	0.00e+00	9.09e-33	6.65e-26	3.36e-20	3.21e-15	9.29e-11	4.14e-06	4.35e-03	9.96e-01	0.00e+00	0.00e+00	0.00e+00
 1.36073e+21	0.00e+00	1.15e-32	8.09e-26	3.92e-20	3.60e-15	9.99e-11	4.39e-06	4.50e-03	9.95e-01	0.00e+00	0.00e+00	0.00e+00
 1.43109e+21	0.00e+00	1.57e-32	1.04e-25	4.79e-20	4.16e-15	1.10e-10	4.74e-06	4.71e-03	9.95e-01	0.00e+00	0.00e+00	0.00e+00
 1.50165e+21	0.00e+00	2.14e-32	1.35e-25	5.86e-20	4.82e-15	1.20e-10	5.13e-06	4.92e-03	9.95e-01	0.00e+00	0.00e+00	0.00e+00
 1.55706e+21	0.00e+00	2.74e-32	1.65e-25	6.87e-20	5.41e-15	1.30e-10	5.45e-06	5.10e-03	9.95e-01	0.00e+00	0.00e+00	0.00e+00
 1.60618e+21	0.00e+00	3.37e-32	1.96e-25	7.87e-20	5.98e-15	1.38e-10	5.74e-06	5.25e-03	9.95e-01	0.00e+00	0.00e+00	0.00e+00
 1.66249e+21	0.00e+00	4.28e-32	2.39e-25	9.20e-20	6.71e-15	1.49e-10	6.10e-06	5.43e-03	9.95e-01	0.00e+00	0.00e+00	0.00e+00
 1.73570e+21	0.00e+00	5.83e-32	3.08e-25	1.13e-19	7.78e-15	1.64e-10	6.60e-06	5.68e-03	9.94e-01	0.00e+00	0.00e+00	0.00e+00
 1.81066e+21	0.00e+00	7.96e-32	3.99e-25	1.38e-19	9.06e-15	1.81e-10	7.14e-06	5.93e-03	9.94e-01	0.00e+00	0.00e+00	0.00e+00
 1.87168e+21	0.00e+00	1.02e-31	4.91e-25	1.63e-19	1.02e-14	1.96e-10	7.61e-06	6.14e-03	9.94e-01	0.00e+00	0.00e+00	0.00e+00
 1.93481e+21	0.00e+00	1.32e-31	6.07e-25	1.93e-19	1.16e-14	2.13e-10	8.13e-06	6.37e-03	9.94e-01	0.00e+00	0.00e+00	0.00e+00
 2.00522e+21	0.00e+00	1.75e-31	7.68e-25	2.33e-19	1.33e-14	2.34e-10	8.74e-06	6.62e-03	9.93e-01	0.00e+00	0.00e+00	0.00e+00
 2.07077e+21	0.00e+00	2.28e-31	9.53e-25	2.77e-19	1.52e-14	2.55e-10	9.34e-06	6.86e-03	9.93e-01	0.00e+00	0.00e+00	0.00e+00
 2.13211e+21	0.00e+00	2.89e-31	1.16e-24	3.25e-19	1.71e-14	2.76e-10	9.93e-06	7.09e-03	9.93e-01	0.00e+00	0.00e+00	0.00e+00
 2.20233e+21	0.00e+00	3.79e-31	1.46e-24	3.90e-19	1.96e-14	3.02e-10	1.06e-05	7.36e-03	9.93e-01	0.00e+00	0.00e+00	0.00e+00
 2.28090e+21	0.00e+00	5.11e-31	1.87e-24	4.76e-19	2.28e-14	3.35e-10	1.15e-05	7.67e-03	9.92e-01	0.00e+00	0.00e+00	0.00e+00
 2.35465e+21	0.00e+00	6.73e-31	2.35e-24	5.73e-19	2.62e-14	3.68e-10	1.23e-05	7.96e-03	9.92e-01	0.00e+00	0.00e+00	0.00e+00
 2.42432e+21	0.00e+00	8.70e-31	2.92e-24	6.81e-19	2.99e-14	4.03e-10	1.32e-05	8.25e-03	9.92e-01	0.00e+00	0.00e+00	0.00e+00
 2.50438e+21	0.00e+00	1.16e-30	3.72e-24	8.29e-19	3.46e-14	4.46e-10	1.42e-05	8.58e-03	9.91e-01	0.00e+00	0.00e+00	0.00e+00
 2.58928e+21	0.00e+00	1.57e-30	4.79e-24	1.02e-18	4.04e-14	4.96e-10	1.54e-05	8.93e-03	9.91e-01	0.00e+00	0.00e+00	0.00e+00
 2.66258e+21	0.00e+00	2.03e-30	5.93e-24	1.21e-18	4.62e-14	5.43e-10	1.64e-05	9.25e-03	9.91e-01	0.00e+00	0.00e+00	0.00e+00
 2.73997e+21	0.00e+00	2.65e-30	7.42e-24	1.45e-18	5.30e-14	5.98e-10	1.76e-05	9.59e-03	9.90e-01	0.00e+00	0.00e+00	0.00e+00
 2.84058e+21	0.00e+00	3.72e-30	9.87e-24	1.83e-18	6.33e-14	6.76e-10	1.93e-05	1.00e-02	9.90e-01	0.00e+00	0.00e+00	0.00e+00
 2.94217e+21	0.00e+00	5.21e-30	1.31e-23	2.30e-18	7.55e-14	7.65e-10	2.10e-05	1.05e-02	9.89e-01	0.00e+00	0.00e+00	0.00e+00
 3.02314e+21	0.00e+00	6.79e-30	1.63e-23	2.76e-18	8.67e-14	8.43e-10	2.25e-05	1.09e-02	9.89e-01	0.00e+00	0.00e+00	0.00e+00
 3.10652e+21	0.00e+00	8.85e-30	2.04e-23	3.31e-18	9.98e-14	9.30e-10	2.42e-05	1.13e-02	9.89e-01	0.00e+00	0.00e+00	0.00e+00
 3.21492e+21	0.00e+00	1.24e-29	2.72e-23	4.18e-18	1.19e-13	1.06e-09	2.64e-05	1.18e-02	9.88e-01	0.00e+00	0.00e+00	0.00e+00
 3.32176e+21	0.00e+00	1.73e-29	3.59e-23	5.24e-18	1.42e-13	1.19e-09	2.88e-05	1.23e-02	9.88e-01	0.00e+00	0.00e+00	0.00e+00
 3.40299e+21	0.00e+00	2.21e-29	4.42e-23	6.21e-18	1.62e-13	1.31e-09	3.07e-05	1.27e-02	9.87e-01	0.00e+00	0.00e+00	0.00e+00
 3.48502e+21	0.00e+00	2.82e-29	5.44e-23	7.36e-18	1.85e-13	1.44e-09	3.27e-05	1.31e-02	9.87e-01	0.00e+00	0.00e+00	0.00e+00
 3.59165e+21	0.00e+00	3.84e-29	7.05e-23	9.11e-18	2.18e-13	1.62e-09	3.55e-05	1.37e-02	9.86e-01	0.00e+00	0.00e+00	0.00e+00
 3.70518e+21	0.00e+00	5.31e-29	9.28e-23	1.14e-17	2.60e-13	1.83e-09	3.87e-05	1.43e-02	9.86e-01	0.00e+00	0.00e+00	0.00e+00
 3.80359e+21	0.00e+00	7.01e-29	1.17e-22	1.38e-17	3.01e-13	2.04e-09	4.16e-05	1.48e-02	9.85e-01	0.00e+00	0.00e+00	0.00e+00
 3.90744e+21	0.00e+00	9.34e-29	1.49e-22	1.69e-17	3.52e-13	2.27e-09	4.49e-05	1.54e-02	9.85e-01	0.00e+00	0.00e+00	0.00e+00
 4.02400e+21	0.00e+00	1.28e-28	1.95e-22	2.10e-17	4.17e-13	2.57e-09	4.88e-05	1.60e-02	9.84e-01	0.00e+00	0.00e+00	0.00e+00
 4.13424e+21	0.00e+00	1.72e-28	2.51e-22	2.58e-17	4.89e-13	2.88e-09	5.27e-05	1.67e-02	9.83e-01	0.00e+00	0.00e+00	0.00e+00
 4.23890e+21	0.00e+00	2.26e-28	3.16e-22	3.12e-17	5.68e-13	3.20e-09	5.66e-05	1.73e-02	9.83e-01	0.00e+00	0.00e+00	0.00e+00
 4.34243e+21	0.00e+00	2.96e-28	3.96e-22	3.76e-17	6.57e-13	3.55e-09	6.08e-05	1.79e-02	9.82e-01	0.00e+00	0.00e+00	0.00e+00
 4.46026e+21	0.00e+00	3.99e-28	5.10e-22	4.63e-17	7.73e-13	3.99e-09	6.57e-05	1.86e-02	9.81e-01	0.00e+00	0.00e+00	0.00e+00
 4.58815e+21	0.00e+00	5.49e-28	6.69e-22	5.79e-17	9.19e-13	4.53e-09	7.15e-05	1.94e-02	9.81e-01	0.00e+00	0.00e+00	0.00e+00
 4.70268e+21	0.00e+00	7.27e-28	8.50e-22	7.05e-17	1.07e-12	5.05e-09	7.70e-05	2.02e-02	9.80e-01	0.00e+00	0.00e+00	0.00e+00
 4.82515e+21	0.00e+00	9.77e-28	1.09e-21	8.66e-17	1.26e-12	5.68e-09	8.33e-05	2.09e-02	9.79e-01	0.00e+00	0.00e+00	0.00e+00
 4.96059e+21	0.00e+00	1.35e-27	1.43e-21	1.09e-16	1.50e-12	6.44e-09	9.07e-05	2.18e-02	9.78e-01	0.00e+00	0.00e+00	0.00e+00
 5.08576e+21	0.00e+00	1.81e-27	1.84e-21	1.33e-16	1.76e-12	7.23e-09	9.80e-05	2.27e-02	9.77e-01	0.00e+00	0.00e+00	0.00e+00
 5.22133e+21	0.00e+00	2.47e-27	2.40e-21	1.66e-16	2.09e-12	8.18e-09	1.06e-04	2.36e-02	9.76e-01	0.00e+00	0.00e+00	0.00e+00
 5.37042e+21	0.00e+00	3.46e-27	3.19e-21	2.10e-16	2.52e-12	9.35e-09	1.16e-04	2.47e-02	9.75e-01	0.00e+00	0.00e+00	0.00e+00
 5.50619e+21	1.93e-34	4.69e-27	4.13e-21	2.60e-16	2.97e-12	1.05e-08	1.26e-04	2.57e-02	9.74e-01	0.00e+00	0.00e+00	0.00e+00
 5.62180e+21	2.60e-34	6.08e-27	5.15e-21	3.11e-16	3.42e-12	1.17e-08	1.35e-04	2.66e-02	9.73e-01	0.00e+00	0.00e+00	0.00e+00
 5.74210e+21	3.51e-34	7.90e-27	6.43e-21	3.74e-16	3.95e-12	1.30e-08	1.44e-04	2.75e-02	9.72e-01	0.00e+00	0.00e+00	0.00e+00
 5.87796e+21	4.90e-34	1.05e-26	8.22e-21	4.58e-16	4.64e-12	1.45e-08	1.56e-04	2.85e-02	9.71e-01	0.00e+00	0.00e+00	0.00e+00
 6.00716e+21	6.73e-34	1.39e-26	1.04e-20	5.56e-16	5.39e-12	1.62e-08	1.67e-04	2.96e-02	9.70e-01	0.00e+00	0.00e+00	0.00e+00
 6.12806e+21	9.03e-34	1.79e-26	1.29e-20	6.64e-16	6.20e-12	1.79e-08	1.79e-04	3.05e-02	9.69e-01	0.00e+00	0.00e+00	0.00e+00
 6.26507e+21	1.25e-33	2.38e-26	1.64e-20	8.11e-16	7.25e-12	2.01e-08	1.93e-04	3.17e-02	9.68e-01	0.00e+00	0.00e+00	0.00e+00
 6.41710e+21	1.80e-33	3.25e-26	2.14e-20	1.01e-15	8.61e-12	2.27e-08	2.09e-04	3.30e-02	9.67e-01	0.00e+00	0.00e+00	0.00e+00
 6.54547e+21	2.43e-33	4.22e-26	2.67e-20	1.21e-15	9.94e-12	2.52e-08	2.24e-04	3.41e-02	9.66e-01	0.00e+00	0.00e+00	0.00e+00
 6.64711e+21	3.07e-33	5.18e-26	3.17e-20	1.40e-15	1.11e-11	2.73e-08	2.36e-04	3.50e-02	9.65e-01	0.00e+00	0.00e+00	0.00e+00
 6.75722e+21	3.97e-33	6.47e-26	3.83e-20	1.64e-15	1.26e-11	2.98e-08	2.50e-04	3.60e-02	9.64e-01	0.00e+00	0.00e+00	0.00e+00
 6.90037e+21	5.49e-33	8.57e-26	4.87e-20	1.99e-15	1.47e-11	3.34e-08	2.70e-04	3.73e-02	9.62e-01	0.00e+00	0.00e+00	0.00e+00
 7.05002e+21	7.72e-33	1.15e-25	6.25e-20	2.45e-15	1.72e-11	3.75e-08	2.91e-04	3.87e-02	9.61e-01	0.00e+00	0.00e+00	0.00e+00
 7.16589e+21	1.00e-32	1.45e-25	7.59e-20	2.88e-15	1.96e-11	4.11e-08	3.09e-04	3.99e-02	9.60e-01	0.00e+00	0.00e+00	0.00e+00
 7.25649e+21	1.24e-32	1.73e-25	8.84e-20	3.26e-15	2.16e-11	4.41e-08	3.24e-04	4.08e-02	9.59e-01	0.00e+00	0.00e+00	0.00e+00
 7.35645e+21	1.53e-32	2.08e-25	1.03e-19	3.72e-15	2.39e-11	4.75e-08	3.40e-04	4.18e-02	9.58e-01	0.00e+00	0.00e+00	0.00e+00
 7.48640e+21	2.02e-32	2.64e-25	1.27e-19	4.40e-15	2.73e-11	5.22e-08	3.62e-04	4.30e-02	9.57e-01	0.00e+00	0.00e+00	0.00e+00
 7.62571e+21	2.76e-32	3.47e-25	1.60e-19	5.33e-15	3.17e-11	5.81e-08	3.88e-04	4.45e-02	9.55e-01	0.00e+00	0.00e+00	0.00e+00
 7.74389e+21	3.58e-32	4.34e-25	1.93e-19	6.24e-15	3.59e-11	6.35e-08	4.11e-04	4.58e-02	9.54e-01	0.00e+00	0.00e+00	0.00e+00
 7.84851e+21	4.49e-32	5.29e-25	2.28e-19	7.17e-15	4.00e-11	6.87e-08	4.33e-04	4.70e-02	9.53e-01	0.00e+00	0.00e+00	0.00e+00
 7.96882e+21	5.81e-32	6.61e-25	2.76e-19	8.38e-15	4.52e-11	7.50e-08	4.58e-04	4.83e-02	9.51e-01	0.00e+00	0.00e+00	0.00e+00
 8.12522e+21	8.11e-32	8.82e-25	3.53e-19	1.03e-14	5.30e-11	8.41e-08	4.94e-04	5.01e-02	9.49e-01	0.00e+00	0.00e+00	0.00e+00
 8.27465e+21	1.12e-31	1.16e-24	4.47e-19	1.25e-14	6.17e-11	9.39e-08	5.31e-04	5.18e-02	9.48e-01	0.00e+00	0.00e+00	0.00e+00
 8.38062e+21	1.40e-31	1.42e-24	5.28e-19	1.43e-14	6.88e-11	1.02e-07	5.58e-04	5.31e-02	9.46e-01	0.00e+00	0.00e+00	0.00e+00
 8.48398e+21	1.74e-31	1.71e-24	6.19e-19	1.64e-14	7.63e-11	1.09e-07	5.86e-04	5.44e-02	9.45e-01	0.00e+00	0.00e+00	0.00e+00
 8.61836e+21	2.30e-31	2.18e-24	7.61e-19	1.94e-14	8.73e-11	1.20e-07	6.24e-04	5.60e-02	9.43e-01	0.00e+00	0.00e+00	0.00e+00
 8.76182e+21	3.11e-31	2.83e-24	9.50e-19	2.33e-14	1.01e-10	1.33e-07	6.67e-04	5.79e-02	9.41e-01	0.00e+00	0.00e+00	0.00e+00
 8.88570e+21	4.04e-31	3.54e-24	1.15e-18	2.73e-14	1.14e-10	1.46e-07	7.07e-04	5.95e-02	9.40e-01	0.00e+00	0.00e+00	0.00e+00
 8.99830e+21	5.10e-31	4.34e-24	1.37e-18	3.15e-14	1.28e-10	1.58e-07	7.44e-04	6.10e-02	9.38e-01	0.00e+00	0.00e+00	0.00e+00
 9.12764e+21	6.67e-31	5.47e-24	1.66e-18	3.71e-14	1.45e-10	1.73e-07	7.90e-04	6.28e-02	9.36e-01	0.00e+00	0.00e+00	0.00e+00
 9.27286e+21	9.00e-31	7.09e-24	2.08e-18	4.46e-14	1.67e-10	1.92e-07	8.44e-04	6.48e-02	9.34e-01	0.00e+00	0.00e+00	0.00e+00
 9.40334e+21	1.18e-30	8.96e-24	2.53e-18	5.26e-14	1.90e-10	2.11e-07	8.96e-04	6.67e-02	9.32e-01	0.00e+00	0.00e+00	0.00e+00
 9.51607e+21	1.49e-30	1.10e-23	3.00e-18	6.06e-14	2.13e-10	2.28e-07	9.44e-04	6.83e-02	9.31e-01	0.00e+00	0.00e+00	0.00e+00
 9.64109e+21	1.92e-30	1.37e-23	3.62e-18	7.09e-14	2.40e-10	2.49e-07	9.99e-04	7.02e-02	9.29e-01	0.00e+00	0.00e+00	0.00e+00
 9.78056e+21	2.56e-30	1.75e-23	4.47e-18	8.44e-14	2.76e-10	2.74e-07	1.06e-03	7.23e-02	9.27e-01	0.00e+00	0.00e+00	0.00e+00
 9.90960e+21	3.33e-30	2.20e-23	5.43e-18	9.93e-14	3.13e-10	3.00e-07	1.13e-03	7.44e-02	9.24e-01	0.00e+00	0.00e+00	0.00e+00
 1.00281e+22	4.25e-30	2.71e-23	6.49e-18	1.15e-13	3.52e-10	3.26e-07	1.19e-03	7.63e-02	9.23e-01	0.00e+00	0.00e+00	0.00e+00
 1.01623e+22	5.57e-30	3.43e-23	7.93e-18	1.36e-13	4.01e-10	3.58e-07	1.26e-03	7.85e-02	9.20e-01	0.00e+00	0.00e+00	0.00e+00
 1.03117e+22	7.55e-30	4.47e-23	9.92e-18	1.64e-13	4.64e-10	3.98e-07	1.35e-03	8.10e-02	9.18e-01	0.00e+00	0.00e+00	0.00e+00
 1.04481e+22	9.96e-30	5.68e-23	1.22e-17	1.94e-13	5.29e-10	4.37e-07	1.44e-03	8.34e-02	9.15e-01	0.00e+00	0.00e+00	0.00e+00
 1.05708e+22	1.28e-29	7.03e-23	1.46e-17	2.26e-13	5.97e-10	4.76e-07	1.52e-03	8.56e-02	9.13e-01	0.00e+00	0.00e+00	0.00e+00
 1.07089e+22	1.68e-29	8.94e-23	1.79e-17	2.68e-13	6.82e-10	5.23e-07	1.61e-03	8.81e-02	9.10e-01	0.00e+00	0.00e+00	0.00e+00
 1.08635e+22	2.30e-29	1.17e-22	2.25e-17	3.24e-13	7.92e-10	5.82e-07	1.73e-03	9.10e-02	9.07e-01	0.00e+00	0.00e+00	0.00e+00
 1.10069e+22	3.09e-29	1.51e-22	2.80e-17	3.88e-13	9.13e-10	6.44e-07	1.84e-03	9.38e-02	9.04e-01	0.00e+00	0.00e+00	0.00e+00
 1.11372e+22	3.97e-29	1.88e-22	3.37e-17	4.54e-13	1.03e-09	7.03e-07	1.95e-03	9.63e-02	9.02e-01	0.00e+00	0.00e+00	0.00e+00
 1.12830e+22	5.29e-29	2.40e-22	4.16e-17	5.41e-13	1.18e-09	7.76e-07	2.08e-03	9.92e-02	8.99e-01	0.00e+00	0.00e+00	0.00e+00
 1.14475e+22	7.31e-29	3.18e-22	5.28e-17	6.61e-13	1.39e-09	8.68e-07	2.23e-03	1.03e-01	8.95e-01	0.00e+00	0.00e+00	0.00e+00
 1.16009e+22	9.95e-29	4.15e-22	6.63e-17	8.00e-13	1.61e-09	9.65e-07	2.39e-03	1.06e-01	8.92e-01	0.00e+00	0.00e+00	0.00e+00
 1.17400e+22	1.29e-28	5.20e-22	8.04e-17	9.39e-13	1.83e-09	1.06e-06	2.53e-03	1.09e-01	8.89e-01	0.00e+00	0.00e+00	0.00e+00
 1.18961e+22	1.74e-28	6.72e-22	1.00e-16	1.13e-12	2.11e-09	1.17e-06	2.70e-03	1.12e-01	8.85e-01	0.00e+00	0.00e+00	0.00e+00
 1.20989e+22	2.54e-28	9.35e-22	1.33e-16	1.43e-12	2.55e-09	1.34e-06	2.94e-03	1.17e-01	8.80e-01	0.00e+00	0.00e+00	0.00e+00
 1.22937e+22	3.66e-28	1.28e-21	1.74e-16	1.79e-12	3.05e-09	1.52e-06	3.19e-03	1.21e-01	8.76e-01	0.00e+00	0.00e+00	0.00e+00
 1.24319e+22	4.75e-28	1.60e-21	2.11e-16	2.11e-12	3.46e-09	1.67e-06	3.38e-03	1.24e-01	8.72e-01	0.00e+00	0.00e+00	0.00e+00
 1.25657e+22	5.99e-28	1.96e-21	2.50e-16	2.44e-12	3.89e-09	1.81e-06	3.57e-03	1.27e-01	8.69e-01	0.00e+00	0.00e+00	0.00e+00
 1.27396e+22	8.14e-28	2.56e-21	3.14e-16	2.95e-12	4.52e-09	2.02e-06	3.82e-03	1.31e-01	8.65e-01	0.00e+00	0.00e+00	0.00e+00
 1.29264e+22	1.13e-27	3.39e-21	4.00e-16	3.62e-12	5.32e-09	2.26e-06	4.11e-03	1.36e-01	8.60e-01	0.00e+00	0.00e+00	0.00e+00
 1.30902e+22	1.49e-27	4.32e-21	4.92e-16	4.31e-12	6.11e-09	2.50e-06	4.38e-03	1.40e-01	8.56e-01	0.00e+00	0.00e+00	0.00e+00
 1.32634e+22	1.98e-27	5.54e-21	6.09e-16	5.16e-12	7.05e-09	2.77e-06	4.68e-03	1.44e-01	8.51e-01	0.00e+00	0.00e+00	0.00e+00
 1.34588e+22	2.73e-27	7.29e-21	7.71e-16	6.30e-12	8.27e-09	3.10e-06	5.03e-03	1.49e-01	8.46e-01	0.00e+00	0.00e+00	0.00e+00
 1.36437e+22	3.66e-27	9.41e-21	9.60e-16	7.59e-12	9.58e-09	3.45e-06	5.37e-03	1.53e-01	8.41e-01	0.00e+00	0.00e+00	0.00e+00
 1.38169e+22	4.78e-27	1.19e-20	1.17e-15	8.99e-12	1.10e-08	3.80e-06	5.72e-03	1.58e-01	8.36e-01	0.00e+00	0.00e+00	0.00e+00
 1.40145e+22	6.43e-27	1.53e-20	1.46e-15	1.08e-11	1.27e-08	4.23e-06	6.12e-03	1.63e-01	8.31e-01	0.00e+00	0.00e+00	0.00e+00
 1.42359e+22	8.90e-27	2.03e-20	1.86e-15	1.33e-11	1.50e-08	4.77e-06	6.60e-03	1.68e-01	8.25e-01	0.00e+00	0.00e+00	0.00e+00
 1.44433e+22	1.20e-26	2.63e-20	2.33e-15	1.61e-11	1.75e-08	5.31e-06	7.06e-03	1.73e-01	8.20e-01	0.00e+00	0.00e+00	0.00e+00
 1.46379e+22	1.57e-26	3.33e-20	2.85e-15	1.91e-11	2.01e-08	5.87e-06	7.52e-03	1.78e-01	8.14e-01	0.00e+00	0.00e+00	0.00e+00
 1.48308e+22	2.04e-26	4.18e-20	3.47e-15	2.26e-11	2.29e-08	6.46e-06	7.99e-03	1.83e-01	8.09e-01	0.00e+00	0.00e+00	0.00e+00
 1.50205e+22	2.62e-26	5.19e-20	4.18e-15	2.65e-11	2.61e-08	7.09e-06	8.47e-03	1.88e-01	8.04e-01	0.00e+00	0.00e+00	0.00e+00
 1.52359e+22	3.45e-26	6.59e-20	5.14e-15	3.15e-11	3.01e-08	7.85e-06	9.04e-03	1.93e-01	7.98e-01	0.00e+00	0.00e+00	0.00e+00
 1.54701e+22	4.63e-26	8.52e-20	6.41e-15	3.81e-11	3.50e-08	8.76e-06	9.68e-03	1.99e-01	7.91e-01	0.00e+00	0.00e+00	0.00e+00
 1.56794e+22	5.98e-26	1.06e-19	7.78e-15	4.49e-11	3.99e-08	9.64e-06	1.03e-02	2.04e-01	7.85e-01	0.00e+00	0.00e+00	0.00e+00
 1.59022e+22	7.77e-26	1.34e-19	9.48e-15	5.31e-11	4.57e-08	1.06e-05	1.09e-02	2.10e-01	7.79e-01	0.00e+00	0.00e+00	0.00e+00
 1.61521e+22	1.04e-25	1.72e-19	1.18e-14	6.39e-11	5.31e-08	1.19e-05	1.17e-02	2.16e-01	7.72e-01	0.00e+00	0.00e+00	0.00e+00
 1.63863e+22	1.35e-25	2.16e-19	1.44e-14	7.57e-11	6.10e-08	1.31e-05	1.25e-02	2.22e-01	7.66e-01	0.00e+00	0.00e+00	0.00e+00
 1.66059e+22	1.72e-25	2.67e-19	1.72e-14	8.84e-11	6.91e-08	1.43e-05	1.32e-02	2.27e-01	7.60e-01	0.00e+00	0.00e+00	0.00e+00
 1.68571e+22	2.24e-25	3.36e-19	2.10e-14	1.05e-10	7.93e-08	1.58e-05	1.40e-02	2.33e-01	7.53e-01	0.00e+00	0.00e+00	0.00e+00
 1.71402e+22	3.01e-25	4.34e-19	2.63e-14	1.27e-10	9.25e-08	1.77e-05	1.50e-02	2.40e-01	7.45e-01	0.00e+00	0.00e+00	0.00e+00
 1.73899e+22	3.87e-25	5.41e-19	3.18e-14	1.49e-10	1.06e-07	1.95e-05	1.60e-02	2.46e-01	7.38e-01	0.00e+00	0.00e+00	0.00e+00
 1.75976e+22	4.75e-25	6.46e-19	3.71e-14	1.70e-10	1.18e-07	2.11e-05	1.68e-02	2.51e-01	7.32e-01	0.00e+00	0.00e+00	0.00e+00
 1.78256e+22	5.90e-25	7.82e-19	4.38e-14	1.96e-10	1.32e-07	2.29e-05	1.76e-02	2.57e-01	7.26e-01	0.00e+00	0.00e+00	0.00e+00
 1.81221e+22	7.78e-25	9.94e-19	5.39e-14	2.34e-10	1.52e-07	2.54e-05	1.88e-02	2.64e-01	7.18e-01	0.00e+00	0.00e+00	0.00e+00
 1.84315e+22	1.03e-24	1.27e-18	6.68e-14	2.81e-10	1.77e-07	2.83e-05	2.01e-02	2.71e-01	7.09e-01	0.00e+00	0.00e+00	0.00e+00
 1.86912e+22	1.30e-24	1.56e-18	7.96e-14	3.27e-10	1.99e-07	3.09e-05	2.13e-02	2.77e-01	7.02e-01	0.00e+00	0.00e+00	0.00e+00
 1.89625e+22	1.64e-24	1.90e-18	9.48e-14	3.79e-10	2.25e-07	3.38e-05	2.25e-02	2.83e-01	6.95e-01	0.00e+00	0.00e+00	0.00e+00
 1.93152e+22	2.20e-24	2.46e-18	1.18e-13	4.59e-10	2.63e-07	3.78e-05	2.41e-02	2.91e-01	6.85e-01	0.00e+00	0.00e+00	0.00e+00
 1.96787e+22	2.96e-24	3.19e-18	1.48e-13	5.56e-10	3.07e-07	4.24e-05	2.58e-02	2.99e-01	6.75e-01	0.00e+00	0.00e+00	0.00e+00
 1.99769e+22	3.74e-24	3.92e-18	1.77e-13	6.48e-10	3.48e-07	4.64e-05	2.73e-02	3.05e-01	6.67e-01	0.00e+00	0.00e+00	0.00e+00
 2.02852e+22	4.74e-24	4.81e-18	2.12e-13	7.54e-10	3.94e-07	5.07e-05	2.88e-02	3.12e-01	6.59e-01	0.00e+00	0.00e+00	0.00e+00
 2.06269e+22	6.12e-24	6.01e-18	2.58e-13	8.90e-10	4.51e-07	5.59e-05	3.06e-02	3.19e-01	6.50e-01	0.00e+00	0.00e+00	0.00e+00
 2.09426e+22	7.71e-24	7.36e-18	3.07e-13	1.03e-09	5.09e-07	6.11e-05	3.23e-02	3.26e-01	6.42e-01	0.00e+00	0.00e+00	0.00e+00
 2.12839e+22	9.81e-24	9.08e-18	3.68e-13	1.21e-09	5.77e-07	6.70e-05	3.42e-02	3.33e-01	6.33e-01	0.00e+00	0.00e+00	0.00e+00
 2.16656e+22	1.28e-23	1.14e-17	4.50e-13	1.43e-09	6.63e-07	7.40e-05	3.63e-02	3.40e-01	6.23e-01	0.00e+00	0.00e+00	0.00e+00
 2.20247e+22	1.63e-23	1.41e-17	5.41e-13	1.67e-09	7.53e-07	8.12e-05	3.84e-02	3.47e-01	6.14e-01	0.00e+00	0.00e+00	0.00e+00
 2.24163e+22	2.10e-23	1.76e-17	6.56e-13	1.97e-09	8.60e-07	8.94e-05	4.07e-02	3.55e-01	6.05e-01	0.00e+00	0.00e+00	0.00e+00
 2.28542e+22	2.78e-23	2.25e-17	8.10e-13	2.36e-09	9.95e-07	9.94e-05	4.34e-02	3.63e-01	5.94e-01	0.00e+00	0.00e+00	0.00e+00
 2.32673e+22	3.59e-23	2.82e-17	9.84e-13	2.78e-09	1.14e-06	1.10e-04	4.60e-02	3.70e-01	5.84e-01	0.00e+00	0.00e+00	0.00e+00
 2.37194e+22	4.70e-23	3.57e-17	1.21e-12	3.31e-09	1.31e-06	1.21e-04	4.89e-02	3.78e-01	5.73e-01	0.00e+00	0.00e+00	0.00e+00
 2.42287e+22	6.33e-23	4.62e-17	1.51e-12	4.01e-09	1.53e-06	1.36e-04	5.23e-02	3.87e-01	5.61e-01	0.00e+00	0.00e+00	0.00e+00
 2.46819e+22	8.21e-23	5.80e-17	1.84e-12	4.74e-09	1.75e-06	1.50e-04	5.55e-02	3.95e-01	5.50e-01	0.00e+00	0.00e+00	0.00e+00
 2.50673e+22	1.02e-22	6.99e-17	2.16e-12	5.43e-09	1.95e-06	1.62e-04	5.82e-02	4.01e-01	5.41e-01	0.00e+00	0.00e+00	0.00e+00
 2.54951e+22	1.28e-22	8.56e-17	2.58e-12	6.30e-09	2.20e-06	1.77e-04	6.13e-02	4.07e-01	5.31e-01	0.00e+00	0.00e+00	0.00e+00
 2.60513e+22	1.71e-22	1.10e-16	3.20e-12	7.56e-09	2.55e-06	1.96e-04	6.53e-02	4.16e-01	5.19e-01	0.00e+00	0.00e+00	0.00e+00
 2.66201e+22	2.30e-22	1.43e-16	4.01e-12	9.16e-09	2.98e-06	2.20e-04	6.97e-02	4.24e-01	5.06e-01	0.00e+00	0.00e+00	0.00e+00
 2.70747e+22	2.89e-22	1.74e-16	4.77e-12	1.06e-08	3.35e-06	2.39e-04	7.33e-02	4.31e-01	4.96e-01	0.00e+00	0.00e+00	0.00e+00
 2.75348e+22	3.62e-22	2.12e-16	5.65e-12	1.22e-08	3.76e-06	2.60e-04	7.70e-02	4.37e-01	4.86e-01	0.00e+00	0.00e+00	0.00e+00
 2.81330e+22	4.79e-22	2.70e-16	6.97e-12	1.46e-08	4.34e-06	2.88e-04	8.17e-02	4.44e-01	4.73e-01	0.00e+00	0.00e+00	0.00e+00
 2.87586e+22	6.44e-22	3.50e-16	8.72e-12	1.77e-08	5.06e-06	3.22e-04	8.71e-02	4.52e-01	4.60e-01	0.00e+00	0.00e+00	0.00e+00
 2.92788e+22	8.16e-22	4.30e-16	1.04e-11	2.05e-08	5.71e-06	3.51e-04	9.17e-02	4.59e-01	4.49e-01	0.00e+00	0.00e+00	0.00e+00
 2.98139e+22	1.03e-21	5.27e-16	1.25e-11	2.39e-08	6.45e-06	3.83e-04	9.64e-02	4.65e-01	4.39e-01	0.00e+00	0.00e+00	0.00e+00
 3.05096e+22	1.38e-21	6.81e-16	1.55e-11	2.87e-08	7.48e-06	4.26e-04	1.03e-01	4.72e-01	4.25e-01	0.00e+00	0.00e+00	0.00e+00
 3.12296e+22	1.88e-21	8.89e-16	1.96e-11	3.50e-08	8.77e-06	4.78e-04	1.09e-01	4.79e-01	4.11e-01	0.00e+00	0.00e+00	0.00e+00
 3.18184e+22	2.39e-21	1.10e-15	2.35e-11	4.08e-08	9.93e-06	5.22e-04	1.15e-01	4.85e-01	4.00e-01	0.00e+00	0.00e+00	0.00e+00
 3.24208e+22	3.03e-21	1.35e-15	2.81e-11	4.75e-08	1.12e-05	5.70e-04	1.21e-01	4.90e-01	3.88e-01	0.00e+00	0.00e+00	0.00e+00
 3.32039e+22	4.09e-21	1.75e-15	3.52e-11	5.75e-08	1.31e-05	6.36e-04	1.29e-01	4.96e-01	3.74e-01	0.00e+00	0.00e+00	0.00e+00
 3.39659e+22	5.47e-21	2.26e-15	4.39e-11	6.93e-08	1.52e-05	7.08e-04	1.37e-01	5.02e-01	3.60e-01	0.00e+00	0.00e+00	0.00e+00
 3.45235e+22	6.70e-21	2.69e-15	5.12e-11	7.89e-08	1.69e-05	7.63e-04	1.42e-01	5.06e-01	3.51e-01	0.00e+00	0.00e+00	0.00e+00
 3.50714e+22	8.15e-21	3.20e-15	5.94e-11	8.95e-08	1.87e-05	8.21e-04	1.48e-01	5.09e-01	3.41e-01	0.00e+00	0.00e+00	0.00e+00
 3.57837e+22	1.04e-20	3.97e-15	7.17e-11	1.05e-07	2.13e-05	9.00e-04	1.56e-01	5.14e-01	3.29e-01	0.00e+00	0.00e+00	0.00e+00
 3.65498e+22	1.35e-20	4.98e-15	8.74e-11	1.24e-07	2.44e-05	9.92e-04	1.65e-01	5.17e-01	3.17e-01	0.00e+00	0.00e+00	0.00e+00
 3.72253e+22	1.70e-20	6.06e-15	1.04e-10	1.44e-07	2.75e-05	1.08e-03	1.72e-01	5.20e-01	3.06e-01	0.00e+00	0.00e+00	0.00e+00
 3.79430e+22	2.13e-20	7.39e-15	1.23e-10	1.67e-07	3.10e-05	1.17e-03	1.80e-01	5.23e-01	2.95e-01	0.00e+00	0.00e+00	0.00e+00
 3.88759e+22	2.84e-20	9.49e-15	1.54e-10	2.01e-07	3.61e-05	1.31e-03	1.91e-01	5.26e-01	2.81e-01	0.00e+00	0.00e+00	0.00e+00
 3.98162e+22	3.78e-20	1.22e-14	1.91e-10	2.43e-07	4.20e-05	1.46e-03	2.02e-01	5.28e-01	2.68e-01	0.00e+00	0.00e+00	0.00e+00
 4.05537e+22	4.70e-20	1.48e-14	2.26e-10	2.80e-07	4.72e-05	1.58e-03	2.11e-01	5.30e-01	2.57e-01	0.00e+00	0.00e+00	0.00e+00
 4.13002e+22	5.79e-20	1.77e-14	2.66e-10	3.21e-07	5.29e-05	1.72e-03	2.21e-01	5.31e-01	2.47e-01	0.00e+00	0.00e+00	0.00e+00
 4.22707e+22	7.53e-20	2.23e-14	3.25e-10	3.83e-07	6.10e-05	1.90e-03	2.33e-01	5.31e-01	2.34e-01	0.00e+00	0.00e+00	0.00e+00
 4.33005e+22	9.90e-20	2.84e-14	4.03e-10	4.60e-07	7.09e-05	2.12e-03	2.46e-01	5.31e-01	2.21e-01	0.00e+00	0.00e+00	0.00e+00
 4.41809e+22	1.24e-19	3.46e-14	4.80e-10	5.35e-07	8.03e-05	2.31e-03	2.57e-01	5.30e-01	2.11e-01	0.00e+00	0.00e+00	0.00e+00
 4.50989e+22	1.55e-19	4.21e-14	5.71e-10	6.22e-07	9.09e-05	2.53e-03	2.69e-01	5.28e-01	2.00e-01	0.00e+00	0.00e+00	0.00e+00
 4.62923e+22	2.04e-19	5.37e-14	7.09e-10	7.52e-07	1.06e-04	2.83e-03	2.84e-01	5.26e-01	1.87e-01	0.00e+00	0.00e+00	0.00e+00
 4.75075e+22	2.69e-19	6.85e-14	8.83e-10	9.10e-07	1.25e-04	3.17e-03	3.01e-01	5.22e-01	1.74e-01	0.00e+00	0.00e+00	0.00e+00
 4.84752e+22	3.32e-19	8.25e-14	1.04e-09	1.05e-06	1.41e-04	3.46e-03	3.14e-01	5.18e-01	1.64e-01	0.00e+00	0.00e+00	0.00e+00
 4.93045e+22	3.94e-19	9.60e-14	1.20e-09	1.19e-06	1.56e-04	3.72e-03	3.25e-01	5.15e-01	1.56e-01	0.00e+00	0.00e+00	0.00e+00
 5.02297e+22	4.72e-19	1.13e-13	1.38e-09	1.35e-06	1.73e-04	4.02e-03	3.37e-01	5.11e-01	1.48e-01	0.00e+00	0.00e+00	0.00e+00
 5.14325e+22	5.90e-19	1.37e-13	1.66e-09	1.59e-06	1.98e-04	4.43e-03	3.52e-01	5.05e-01	1.38e-01	0.00e+00	0.00e+00	0.00e+00
 5.26937e+22	7.41e-19	1.69e-13	2.00e-09	1.88e-06	2.28e-04	4.90e-03	3.69e-01	4.98e-01	1.28e-01	0.00e+00	0.00e+00	0.00e+00
 5.37529e+22	8.89e-19	1.98e-13	2.33e-09	2.15e-06	2.56e-04	5.32e-03	3.83e-01	4.91e-01	1.20e-01	0.00e+00	0.00e+00	0.00e+00
 5.46974e+22	1.04e-18	2.28e-13	2.64e-09	2.41e-06	2.82e-04	5.71e-03	3.96e-01	4.85e-01	1.13e-01	0.00e+00	0.00e+00	0.00e+00
 5.57709e+22	1.22e-18	2.64e-13	3.03e-09	2.73e-06	3.13e-04	6.16e-03	4.09e-01	4.78e-01	1.06e-01	0.00e+00	0.00e+00	0.00e+00
 5.71665e+22	1.49e-18	3.17e-13	3.59e-09	3.19e-06	3.57e-04	6.78e-03	4.27e-01	4.68e-01	9.75e-02	0.00e+00	0.00e+00	0.00e+00
 5.86063e+22	1.83e-18	3.80e-13	4.27e-09	3.73e-06	4.08e-04	7.48e-03	4.45e-01	4.58e-01	8.92e-02	0.00e+00	0.00e+00	0.00e+00
 5.97782e+22	2.14e-18	4.39e-13	4.89e-09	4.22e-06	4.53e-04	8.08e-03	4.60e-01	4.49e-01	8.30e-02	0.00e+00	0.00e+00	0.00e+00
 6.09763e+22	2.47e-18	5.01e-13	5.54e-09	4.75e-06	5.00e-04	8.69e-03	4.74e-01	4.40e-01	7.72e-02	0.00e+00	0.00e+00	0.00e+00
 6.25338e+22	2.94e-18	5.89e-13	6.48e-09	5.49e-06	5.66e-04	9.52e-03	4.92e-01	4.28e-01	7.04e-02	0.00e+00	0.00e+00	0.00e+00
 6.41698e+22	3.53e-18	6.96e-13	7.62e-09	6.38e-06	6.43e-04	1.05e-02	5.10e-01	4.15e-01	6.37e-02	0.00e+00	0.00e+00	0.00e+00
 6.55435e+22	4.06e-18	7.94e-13	8.67e-09	7.21e-06	7.13e-04	1.13e-02	5.26e-01	4.04e-01	5.85e-02	0.00e+00	0.00e+00	0.00e+00
 6.69649e+22	4.66e-18	9.02e-13	9.82e-09	8.09e-06	7.85e-04	1.21e-02	5.40e-01	3.93e-01	5.39e-02	0.00e+00	0.00e+00	0.00e+00
 6.88128e+22	5.48e-18	1.05e-12	1.14e-08	9.32e-06	8.85e-04	1.33e-02	5.58e-01	3.79e-01	4.84e-02	0.00e+00	0.00e+00	0.00e+00
 7.07589e+22	6.49e-18	1.23e-12	1.34e-08	1.08e-05	1.00e-03	1.46e-02	5.77e-01	3.64e-01	4.31e-02	0.00e+00	0.00e+00	0.00e+00
 7.24052e+22	7.43e-18	1.40e-12	1.52e-08	1.22e-05	1.11e-03	1.57e-02	5.93e-01	3.51e-01	3.92e-02	0.00e+00	0.00e+00	0.00e+00
 7.41179e+22	8.41e-18	1.58e-12	1.71e-08	1.37e-05	1.22e-03	1.68e-02	6.07e-01	3.39e-01	3.56e-02	0.00e+00	0.00e+00	0.00e+00
 7.59393e+22	9.61e-18	1.79e-12	1.95e-08	1.54e-05	1.35e-03	1.81e-02	6.23e-01	3.26e-01	3.21e-02	0.00e+00	0.00e+00	0.00e+00
 7.75003e+22	1.07e-17	1.99e-12	2.16e-08	1.71e-05	1.46e-03	1.93e-02	6.35e-01	3.15e-01	2.93e-02	0.00e+00	0.00e+00	0.00e+00
 7.91278e+22	1.19e-17	2.20e-12	2.39e-08	1.88e-05	1.58e-03	2.05e-02	6.47e-01	3.04e-01	2.69e-02	0.00e+00	0.00e+00	0.00e+00
 8.12435e+22	1.35e-17	2.49e-12	2.71e-08	2.12e-05	1.74e-03	2.20e-02	6.62e-01	2.91e-01	2.40e-02	0.00e+00	0.00e+00	0.00e+00
 8.34771e+22	1.54e-17	2.84e-12	3.10e-08	2.40e-05	1.93e-03	2.37e-02	6.77e-01	2.76e-01	2.13e-02	0.00e+00	0.00e+00	0.00e+00
 8.53219e+22	1.71e-17	3.15e-12	3.45e-08	2.66e-05	2.09e-03	2.52e-02	6.88e-01	2.65e-01	1.93e-02	0.00e+00	0.00e+00	0.00e+00
 8.69158e+22	1.86e-17	3.43e-12	3.76e-08	2.88e-05	2.23e-03	2.65e-02	6.97e-01	2.56e-01	1.77e-02	0.00e+00	0.00e+00	0.00e+00
 8.87258e+22	2.04e-17	3.75e-12	4.12e-08	3.14e-05	2.38e-03	2.79e-02	7.07e-01	2.46e-01	1.62e-02	0.00e+00	0.00e+00	0.00e+00
 9.10788e+22	2.28e-17	4.18e-12	4.61e-08	3.50e-05	2.59e-03	2.97e-02	7.19e-01	2.34e-01	1.45e-02	2.27e-17	2.00e-22	2.07e-22
 9.36323e+22	2.57e-17	4.73e-12	5.23e-08	3.93e-05	2.84e-03	3.18e-02	7.31e-01	2.21e-01	1.27e-02	2.57e-17	2.21e-22	2.30e-22
 9.58760e+22	2.83e-17	5.23e-12	5.81e-08	4.34e-05	3.07e-03	3.37e-02	7.41e-01	2.11e-01	1.14e-02	2.83e-17	2.40e-22	2.50e-22
 9.78990e+22	3.11e-17	5.73e-12	6.37e-08	4.73e-05	3.27e-03	3.53e-02	7.49e-01	2.02e-01	1.04e-02	3.11e-17	2.59e-22	2.71e-22
 1.00205e+23	3.40e-17	6.28e-12	7.01e-08	5.16e-05	3.50e-03	3.72e-02	7.58e-01	1.92e-01	9.33e-03	3.40e-17	2.78e-22	2.91e-22
 1.03204e+23	3.81e-17	7.05e-12	7.89e-08	5.76e-05	3.81e-03	3.96e-02	7.67e-01	1.81e-01	8.18e-03	3.81e-17	3.03e-22	3.18e-22
 1.06445e+23	4.32e-17	8.01e-12	9.00e-08	6.50e-05	4.17e-03	4.23e-02	7.77e-01	1.69e-01	7.08e-03	4.32e-17	3.36e-22	3.53e-22
 1.09276e+23	4.80e-17	8.92e-12	1.01e-07	7.19e-05	4.50e-03	4.48e-02	7.85e-01	1.59e-01	6.24e-03	4.80e-17	3.66e-22	3.84e-22
 1.11840e+23	5.25e-17	9.78e-12	1.10e-07	7.82e-05	4.79e-03	4.69e-02	7.91e-01	1.51e-01	5.61e-03	5.25e-17	3.92e-22	4.13e-22
 1.14783e+23	5.74e-17	1.07e-11	1.22e-07	8.56e-05	5.12e-03	4.93e-02	7.98e-01	1.43e-01	4.98e-03	5.74e-17	4.19e-22	4.41e-22
 1.18608e+23	6.42e-17	1.21e-11	1.37e-07	9.54e-05	5.54e-03	5.24e-02	8.05e-01	1.33e-01	4.30e-03	6.42e-17	4.55e-22	4.80e-22
 1.22854e+23	7.36e-17	1.39e-11	1.58e-07	1.08e-04	6.06e-03	5.59e-02	8.12e-01	1.23e-01	3.65e-03	7.36e-17	5.05e-22	5.34e-22
 1.26723e+23	8.12e-17	1.55e-11	1.78e-07	1.20e-04	6.56e-03	5.94e-02	8.17e-01	1.14e-01	3.14e-03	8.12e-17	5.43e-22	5.75e-22
 1.30214e+23	9.00e-17	1.73e-11	1.98e-07	1.31e-04	7.00e-03	6.23e-02	8.21e-01	1.07e-01	2.77e-03	9.00e-17	5.87e-22	6.23e-22
 1.34135e+23	9.85e-17	1.91e-11	2.19e-07	1.44e-04	7.47e-03	6.54e-02	8.25e-01	1.00e-01	2.43e-03	9.85e-17	6.23e-22	6.62e-22
 1.39140e+23	1.10e-16	2.15e-11	2.48e-07	1.60e-04	8.06e-03	6.93e-02	8.28e-01	9.21e-02	2.06e-03	1.10e-16	6.68e-22	7.11e-22
 1.44308e+23	1.24e-16	2.46e-11	2.84e-07	1.80e-04	8.77e-03	7.38e-02	8.31e-01	8.43e-02	1.74e-03	1.24e-16	7.32e-22	7.80e-22
 1.48560e+23	1.38e-16	2.74e-11	3.17e-07	1.97e-04	9.36e-03	7.75e-02	8.33e-01	7.86e-02	1.52e-03	1.38e-16	7.89e-22	8.42e-22
 1.52230e+23	1.49e-16	2.99e-11	3.46e-07	2.12e-04	9.86e-03	8.06e-02	8.34e-01	7.42e-02	1.36e-03	1.49e-16	8.31e-22	8.87e-22
 1.56363e+23	1.60e-16	3.25e-11	3.77e-07	2.28e-04	1.04e-02	8.38e-02	8.35e-01	6.98e-02	1.20e-03	1.60e-16	8.66e-22	9.25e-22
 1.61736e+23	1.75e-16	3.59e-11	4.17e-07	2.47e-04	1.10e-02	8.76e-02	8.35e-01	6.49e-02	1.05e-03	1.75e-16	9.08e-22	9.71e-22
 1.68130e+23	1.93e-16	4.04e-11	4.70e-07	2.73e-04	1.18e-02	9.25e-02	8.35e-01	5.95e-02	8.90e-04	1.93e-16	9.59e-22	1.03e-21
 1.74532e+23	2.17e-16	4.59e-11	5.34e-07	3.02e-04	1.27e-02	9.77e-02	8.34e-01	5.45e-02	7.55e-04	2.17e-16	1.03e-21	1.11e-21
 1.80287e+23	2.39e-16	5.12e-11	5.94e-07	3.29e-04	1.35e-02	1.02e-01	8.33e-01	5.06e-02	6.57e-04	2.39e-16	1.09e-21	1.18e-21
 1.86519e+23	2.57e-16	5.60e-11	6.51e-07	3.54e-04	1.42e-02	1.07e-01	8.31e-01	4.72e-02	5.76e-04	2.57e-16	1.12e-21	1.21e-21
 1.93905e+23	2.82e-16	6.25e-11	7.27e-07	3.85e-04	1.51e-02	1.12e-01	8.29e-01	4.35e-02	4.95e-04	2.82e-16	1.17e-21	1.26e-21
 2.01784e+23	3.11e-16	6.99e-11	8.13e-07	4.20e-04	1.61e-02	1.17e-01	8.26e-01	4.00e-02	4.25e-04	3.11e-16	1.22e-21	1.31e-21
 2.09979e+23	3.41e-16	7.81e-11	9.06e-07	4.57e-04	1.71e-02	1.23e-01	8.22e-01	3.70e-02	3.67e-04	3.41e-16	1.27e-21	1.37e-21
 2.18502e+23	3.71e-16	8.66e-11	1.00e-06	4.94e-04	1.81e-02	1.28e-01	8.19e-01	3.42e-02	3.19e-04	3.71e-16	1.30e-21	1.40e-21
 2.26978e+23	4.07e-16	9.65e-11	1.11e-06	5.34e-04	1.91e-02	1.34e-01	8.15e-01	3.18e-02	2.79e-04	4.07e-16	1.35e-21	1.46e-21
 2.34829e+23	4.39e-16	1.06e-10	1.22e-06	5.71e-04	2.00e-02	1.39e-01	8.10e-01	2.98e-02	2.48e-04	4.39e-16	1.38e-21	1.50e-21
 2.41894e+23	4.69e-16	1.14e-10	1.32e-06	6.03e-04	2.09e-02	1.43e-01	8.07e-01	2.82e-02	2.25e-04	4.69e-16	1.42e-21	1.53e-21
 2.48253e+23	4.96e-16	1.23e-10	1.41e-06	6.34e-04	2.16e-02	1.47e-01	8.03e-01	2.69e-02	2.06e-04	4.96e-16	1.44e-21	1.56e-21
 2.53976e+23	5.21e-16	1.30e-10	1.49e-06	6.61e-04	2.23e-02	1.51e-01	8.00e-01	2.58e-02	1.92e-04	5.21e-16	1.46e-21	1.58e-21
 2.59126e+23	5.40e-16	1.36e-10	1.56e-06	6.83e-04	2.29e-02	1.54e-01	7.98e-01	2.49e-02	1.80e-04	5.40e-16	1.46e-21	1.59e-21
 2.63762e+23	5.60e-16	1.42e-10	1.63e-06	7.04e-04	2.34e-02	1.56e-01	7.95e-01	2.42e-02	1.71e-04	5.60e-16	1.47e-21	1.60e-21
 2.67934e+23	5.76e-16	1.47e-10	1.68e-06	7.21e-04	2.38e-02	1.58e-01	7.93e-01	2.36e-02	1.64e-04	5.76e-16	1.48e-21	1.60e-21
 2.71689e+23	5.90e-16	1.52e-10	1.73e-06	7.36e-04	2.42e-02	1.60e-01	7.91e-01	2.31e-02	1.57e-04	5.90e-16	1.48e-21	1.60e-21
 2.75068e+23	6.04e-16	1.56e-10	1.78e-06	7.51e-04	2.46e-02	1.62e-01	7.90e-01	2.27e-02	1.52e-04	6.04e-16	1.48e-21	1.61e-21
 2.78196e+23	6.13e-16	1.59e-10	1.82e-06	7.61e-04	2.48e-02	1.64e-01	7.88e-01	2.23e-02	1.48e-04	6.13e-16	1.47e-21	1.60e-21
 2.81251e+23	6.20e-16	1.62e-10	1.85e-06	7.69e-04	2.50e-02	1.65e-01	7.87e-01	2.20e-02	1.44e-04	6.20e-16	1.46e-21	1.58e-21
 2.84306e+23	6.27e-16	1.64e-10	1.88e-06	7.78e-04	2.53e-02	1.66e-01	7.86e-01	2.17e-02	1.41e-04	6.27e-16	1.45e-21	1.57e-21
 2.87360e+23	6.34e-16	1.67e-10	1.91e-06	7.87e-04	2.55e-02	1.67e-01	7.85e-01	2.14e-02	1.37e-04	6.34e-16	1.43e-21	1.56e-21
 2.90415e+23	6.40e-16	1.69e-10	1.94e-06	7.95e-04	2.57e-02	1.68e-01	7.84e-01	2.11e-02	1.34e-04	6.40e-16	1.42e-21	1.54e-21
 2.93470e+23	6.46e-16	1.72e-10	1.96e-06	8.02e-04	2.59e-02	1.69e-01	7.83e-01	2.08e-02	1.31e-04	6.46e-16	1.40e-21	1.52e-21
 2.96525e+23	6.50e-16	1.73e-10	1.99e-06	8.08e-04	2.61e-02	1.70e-01	7.82e-01	2.06e-02	1.29e-04	6.50e-16	1.38e-21	1.50e-21
 2.99580e+23	6.54e-16	1.75e-10	2.01e-06	8.15e-04	2.63e-02	1.71e-01	7.81e-01	2.04e-02	1.26e-04	6.54e-16	1.37e-21	1.48e-21
 3.02635e+23	6.58e-16	1.77e-10	2.03e-06	8.21e-04	2.64e-02	1.72e-01	7.80e-01	2.01e-02	1.24e-04	6.58e-16	1.35e-21	1.46e-21
 3.04822e+23	6.72e-16	1.81e-10	2.07e-06	8.33e-04	2.67e-02	1.74e-01	7.79e-01	1.99e-02	1.21e-04	6.72e-16	1.36e-21	1.48e-21
