#depth	S	S+	S+2	S+3	S+4	S+5	S+6	S+7	S+8	S+9	S+10	S+11	S+12	S+13	S+14	S+15	S+16
 6.17135e+19	0.00e+00	0.00e+00	0.00e+00	0.00e+00	0.00e+00	2.23e-30	1.07e-25	1.15e-21	4.44e-18	6.18e-15	4.04e-12	1.28e-09	2.72e-07	4.34e-05	1.25e-02	1.85e-01	8.03e-01
 1.87609e+20	0.00e+00	0.00e+00	0.00e+00	0.00e+00	0.00e+00	6.26e-30	2.75e-25	2.69e-21	9.47e-18	1.20e-14	7.20e-12	2.07e-09	3.98e-07	5.75e-05	1.50e-02	2.00e-01	7.85e-01
 3.12629e+20	0.00e+00	0.00e+00	0.00e+00	0.00e+00	0.00e+00	1.69e-29	6.81e-25	6.10e-21	1.96e-17	2.28e-14	1.26e-11	3.31e-09	5.75e-07	7.53e-05	1.78e-02	2.15e-01	7.67e-01
 4.29922e+20	0.00e+00	0.00e+00	0.00e+00	0.00e+00	0.00e+00	4.16e-29	1.55e-24	1.29e-20	3.82e-17	4.10e-14	2.09e-11	5.07e-09	8.04e-07	9.65e-05	2.07e-02	2.29e-01	7.50e-01
 5.05043e+20	0.00e+00	0.00e+00	0.00e+00	0.00e+00	0.00e+00	7.36e-29	2.62e-24	2.06e-20	5.83e-17	5.95e-14	2.89e-11	6.67e-09	9.96e-07	1.13e-04	2.29e-02	2.39e-01	7.38e-01
 5.34510e+20	0.00e+00	0.00e+00	0.00e+00	0.00e+00	0.00e+00	9.19e-29	3.21e-24	2.48e-20	6.87e-17	6.88e-14	3.28e-11	7.41e-09	1.08e-06	1.20e-04	2.38e-02	2.43e-01	7.33e-01
 5.59347e+20	0.00e+00	0.00e+00	0.00e+00	0.00e+00	0.00e+00	1.09e-28	3.77e-24	2.86e-20	7.81e-17	7.70e-14	3.61e-11	8.05e-09	1.15e-06	1.26e-04	2.45e-02	2.46e-01	7.30e-01
 5.91635e+20	0.00e+00	0.00e+00	0.00e+00	0.00e+00	0.00e+00	1.38e-28	4.67e-24	3.48e-20	9.29e-17	8.98e-14	4.13e-11	9.01e-09	1.26e-06	1.34e-04	2.55e-02	2.50e-01	7.25e-01
 6.33609e+20	0.00e+00	0.00e+00	0.00e+00	0.00e+00	3.96e-33	1.87e-28	6.17e-24	4.47e-20	1.16e-16	1.09e-13	4.91e-11	1.04e-08	1.41e-06	1.46e-04	2.69e-02	2.55e-01	7.18e-01
 6.88177e+20	0.00e+00	0.00e+00	0.00e+00	0.00e+00	6.13e-33	2.76e-28	8.81e-24	6.18e-20	1.55e-16	1.41e-13	6.13e-11	1.26e-08	1.63e-06	1.62e-04	2.87e-02	2.62e-01	7.09e-01
 7.45389e+20	0.00e+00	0.00e+00	0.00e+00	0.00e+00	9.64e-33	4.13e-28	1.28e-23	8.63e-20	2.10e-16	1.84e-13	7.72e-11	1.53e-08	1.90e-06	1.81e-04	3.07e-02	2.69e-01	7.00e-01
 7.93628e+20	0.00e+00	0.00e+00	0.00e+00	0.00e+00	1.40e-32	5.78e-28	1.73e-23	1.14e-19	2.69e-16	2.29e-13	9.36e-11	1.79e-08	2.16e-06	1.99e-04	3.25e-02	2.75e-01	6.92e-01
 8.43924e+20	0.00e+00	0.00e+00	0.00e+00	0.00e+00	2.07e-32	8.15e-28	2.38e-23	1.52e-19	3.48e-16	2.88e-13	1.14e-10	2.12e-08	2.46e-06	2.19e-04	3.45e-02	2.82e-01	6.84e-01
 9.09310e+20	0.00e+00	0.00e+00	0.00e+00	0.00e+00	3.40e-32	1.27e-27	3.57e-23	2.20e-19	4.83e-16	3.85e-13	1.47e-10	2.63e-08	2.90e-06	2.47e-04	3.72e-02	2.90e-01	6.73e-01
 9.74660e+20	0.00e+00	0.00e+00	0.00e+00	0.00e+00	5.54e-32	1.96e-27	5.32e-23	3.16e-19	6.69e-16	5.13e-13	1.89e-10	3.25e-08	3.42e-06	2.78e-04	4.00e-02	2.98e-01	6.62e-01
 1.02547e+21	0.00e+00	0.00e+00	0.00e+00	0.00e+00	8.06e-32	2.73e-27	7.23e-23	4.17e-19	8.59e-16	6.40e-13	2.29e-10	3.82e-08	3.88e-06	3.05e-04	4.23e-02	3.05e-01	6.53e-01
 1.06999e+21	0.00e+00	0.00e+00	0.00e+00	0.00e+00	1.11e-31	3.63e-27	9.43e-23	5.30e-19	1.07e-15	7.75e-13	2.71e-10	4.40e-08	4.33e-06	3.30e-04	4.44e-02	3.10e-01	6.45e-01
 1.12080e+21	0.00e+00	0.00e+00	0.00e+00	0.00e+00	1.61e-31	5.02e-27	1.27e-22	6.95e-19	1.36e-15	9.61e-13	3.27e-10	5.16e-08	4.90e-06	3.61e-04	4.69e-02	3.16e-01	6.36e-01
 1.18687e+21	0.00e+00	0.00e+00	0.00e+00	0.00e+00	2.56e-31	7.60e-27	1.86e-22	9.84e-19	1.86e-15	1.27e-12	4.17e-10	6.32e-08	5.74e-06	4.05e-04	5.02e-02	3.24e-01	6.25e-01
 1.25364e+21	0.00e+00	0.00e+00	0.00e+00	0.00e+00	4.08e-31	1.15e-26	2.72e-22	1.39e-18	2.54e-15	1.67e-12	5.30e-10	7.75e-08	6.72e-06	4.54e-04	5.38e-02	3.32e-01	6.13e-01
 1.30660e+21	0.00e+00	0.00e+00	0.00e+00	0.00e+00	5.90e-31	1.59e-26	3.68e-22	1.83e-18	3.25e-15	2.08e-12	6.43e-10	9.12e-08	7.62e-06	4.97e-04	5.68e-02	3.39e-01	6.04e-01
 1.36073e+21	0.00e+00	0.00e+00	0.00e+00	0.00e+00	8.45e-31	2.19e-26	4.94e-22	2.39e-18	4.13e-15	2.57e-12	7.75e-10	1.07e-07	8.61e-06	5.42e-04	5.98e-02	3.45e-01	5.95e-01
 1.43109e+21	0.00e+00	0.00e+00	0.00e+00	0.00e+00	1.35e-30	3.30e-26	7.24e-22	3.39e-18	5.65e-15	3.39e-12	9.88e-10	1.31e-07	1.01e-05	6.07e-04	6.40e-02	3.53e-01	5.82e-01
 1.50165e+21	0.00e+00	0.00e+00	0.00e+00	0.00e+00	2.14e-30	4.95e-26	1.06e-21	4.78e-18	7.71e-15	4.46e-12	1.26e-09	1.60e-07	1.18e-05	6.79e-04	6.84e-02	3.61e-01	5.70e-01
 1.55706e+21	0.00e+00	0.00e+00	0.00e+00	0.00e+00	3.07e-30	6.81e-26	1.42e-21	6.26e-18	9.83e-15	5.54e-12	1.52e-09	1.88e-07	1.33e-05	7.41e-04	7.20e-02	3.67e-01	5.60e-01
 1.60618e+21	0.00e+00	0.00e+00	0.00e+00	0.00e+00	4.16e-30	8.91e-26	1.82e-21	7.86e-18	1.21e-14	6.64e-12	1.78e-09	2.15e-07	1.48e-05	7.97e-04	7.52e-02	3.72e-01	5.52e-01
 1.66249e+21	0.00e+00	0.00e+00	0.00e+00	0.00e+00	5.89e-30	1.21e-25	2.42e-21	1.02e-17	1.53e-14	8.18e-12	2.14e-09	2.51e-07	1.67e-05	8.67e-04	7.90e-02	3.78e-01	5.42e-01
 1.73570e+21	0.00e+00	0.00e+00	0.00e+00	0.00e+00	9.21e-30	1.80e-25	3.49e-21	1.43e-17	2.06e-14	1.07e-11	2.70e-09	3.06e-07	1.94e-05	9.66e-04	8.42e-02	3.86e-01	5.29e-01
 1.81066e+21	0.00e+00	0.00e+00	0.00e+00	0.00e+00	1.44e-29	2.67e-25	5.04e-21	2.00e-17	2.80e-14	1.40e-11	3.42e-09	3.73e-07	2.26e-05	1.08e-03	8.96e-02	3.93e-01	5.16e-01
 1.87168e+21	0.00e+00	0.00e+00	0.00e+00	0.00e+00	2.06e-29	3.66e-25	6.76e-21	2.61e-17	3.56e-14	1.73e-11	4.13e-09	4.36e-07	2.55e-05	1.17e-03	9.41e-02	3.99e-01	5.06e-01
 1.93481e+21	0.00e+00	0.00e+00	0.00e+00	0.00e+00	2.96e-29	5.03e-25	9.11e-21	3.43e-17	4.56e-14	2.15e-11	5.00e-09	5.12e-07	2.88e-05	1.28e-03	9.89e-02	4.04e-01	4.96e-01
 2.00522e+21	0.00e+00	0.00e+00	0.00e+00	0.00e+00	4.41e-29	7.14e-25	1.26e-20	4.63e-17	5.97e-14	2.74e-11	6.16e-09	6.11e-07	3.30e-05	1.40e-03	1.04e-01	4.10e-01	4.84e-01
 2.07077e+21	0.00e+00	0.00e+00	0.00e+00	0.00e+00	6.35e-29	9.83e-25	1.70e-20	6.08e-17	7.64e-14	3.40e-11	7.46e-09	7.17e-07	3.73e-05	1.53e-03	1.10e-01	4.16e-01	4.73e-01
 2.13211e+21	0.00e+00	0.00e+00	0.00e+00	0.00e+00	8.86e-29	1.32e-24	2.24e-20	7.82e-17	9.59e-14	4.16e-11	8.90e-09	8.31e-07	4.17e-05	1.65e-03	1.15e-01	4.20e-01	4.63e-01
 2.20233e+21	0.00e+00	0.00e+00	0.00e+00	0.00e+00	1.29e-28	1.83e-24	3.05e-20	1.04e-16	1.24e-13	5.21e-11	1.08e-08	9.80e-07	4.73e-05	1.80e-03	1.20e-01	4.26e-01	4.52e-01
 2.28090e+21	0.00e+00	0.00e+00	0.00e+00	5.16e-33	1.94e-28	2.63e-24	4.27e-20	1.41e-16	1.64e-13	6.68e-11	1.35e-08	1.17e-06	5.43e-05	1.98e-03	1.27e-01	4.31e-01	4.40e-01
 2.35465e+21	0.00e+00	0.00e+00	0.00e+00	7.89e-33	2.83e-28	3.67e-24	5.83e-20	1.88e-16	2.12e-13	8.38e-11	1.64e-08	1.39e-06	6.16e-05	2.17e-03	1.33e-01	4.36e-01	4.29e-01
 2.42432e+21	0.00e+00	0.00e+00	0.00e+00	1.17e-32	4.02e-28	4.99e-24	7.78e-20	2.45e-16	2.69e-13	1.04e-10	1.97e-08	1.62e-06	6.92e-05	2.35e-03	1.40e-01	4.40e-01	4.18e-01
 2.50438e+21	0.00e+00	0.00e+00	0.00e+00	1.82e-32	5.96e-28	7.06e-24	1.08e-19	3.30e-16	3.52e-13	1.31e-10	2.43e-08	1.92e-06	7.89e-05	2.57e-03	1.47e-01	4.45e-01	4.06e-01
 2.58928e+21	0.00e+00	0.00e+00	0.00e+00	2.87e-32	8.97e-28	1.01e-23	1.51e-19	4.49e-16	4.65e-13	1.68e-10	3.01e-08	2.29e-06	9.04e-05	2.82e-03	1.54e-01	4.49e-01	3.94e-01
 2.66258e+21	0.00e+00	0.00e+00	0.00e+00	4.23e-32	1.27e-27	1.37e-23	2.00e-19	5.83e-16	5.89e-13	2.07e-10	3.61e-08	2.67e-06	1.01e-04	3.04e-03	1.61e-01	4.52e-01	3.84e-01
 2.73997e+21	0.00e+00	0.00e+00	0.00e+00	6.32e-32	1.81e-27	1.88e-23	2.69e-19	7.64e-16	7.51e-13	2.56e-10	4.35e-08	3.11e-06	1.14e-04	3.30e-03	1.68e-01	4.56e-01	3.73e-01
 2.84058e+21	0.00e+00	0.00e+00	0.00e+00	1.05e-31	2.85e-27	2.80e-23	3.91e-19	1.08e-15	1.02e-12	3.37e-10	5.51e-08	3.79e-06	1.32e-04	3.65e-03	1.77e-01	4.59e-01	3.59e-01
 2.94217e+21	0.00e+00	0.00e+00	0.00e+00	1.74e-31	4.47e-27	4.16e-23	5.67e-19	1.51e-15	1.39e-12	4.41e-10	6.97e-08	4.60e-06	1.53e-04	4.03e-03	1.87e-01	4.63e-01	3.46e-01
 3.02314e+21	0.00e+00	0.00e+00	0.00e+00	2.58e-31	6.34e-27	5.66e-23	7.57e-19	1.97e-15	1.77e-12	5.44e-10	8.36e-08	5.35e-06	1.72e-04	4.34e-03	1.95e-01	4.65e-01	3.36e-01
 3.10652e+21	0.00e+00	0.00e+00	0.00e+00	3.82e-31	9.01e-27	7.72e-23	1.01e-18	2.58e-15	2.25e-12	6.73e-10	1.00e-07	6.22e-06	1.92e-04	4.69e-03	2.03e-01	4.67e-01	3.26e-01
 3.21492e+21	0.00e+00	0.00e+00	0.00e+00	6.32e-31	1.41e-26	1.15e-22	1.47e-18	3.62e-15	3.06e-12	8.80e-10	1.27e-07	7.54e-06	2.22e-04	5.16e-03	2.13e-01	4.69e-01	3.13e-01
 3.32176e+21	0.00e+00	0.00e+00	0.00e+00	1.03e-30	2.18e-26	1.68e-22	2.10e-18	5.03e-15	4.11e-12	1.14e-09	1.59e-07	9.07e-06	2.55e-04	5.66e-03	2.23e-01	4.71e-01	3.00e-01
 3.40299e+21	0.00e+00	0.00e+00	0.00e+00	1.47e-30	3.00e-26	2.23e-22	2.74e-18	6.42e-15	5.12e-12	1.38e-09	1.87e-07	1.04e-05	2.83e-04	6.06e-03	2.31e-01	4.71e-01	2.91e-01
 3.48502e+21	0.00e+00	0.00e+00	0.00e+00	2.11e-30	4.14e-26	2.95e-22	3.57e-18	8.19e-15	6.38e-12	1.68e-09	2.21e-07	1.19e-05	3.13e-04	6.48e-03	2.39e-01	4.72e-01	2.82e-01
 3.59165e+21	0.00e+00	0.00e+00	0.00e+00	3.32e-30	6.20e-26	4.22e-22	4.99e-18	1.11e-14	8.40e-12	2.14e-09	2.72e-07	1.41e-05	3.55e-04	7.04e-03	2.49e-01	4.72e-01	2.71e-01
 3.70518e+21	0.00e+00	0.00e+00	0.00e+00	5.35e-30	9.48e-26	6.13e-22	7.09e-18	1.54e-14	1.12e-11	2.75e-09	3.39e-07	1.69e-05	4.06e-04	7.69e-03	2.60e-01	4.72e-01	2.60e-01
 3.80359e+21	0.00e+00	0.00e+00	0.00e+00	8.01e-30	1.36e-25	8.42e-22	9.56e-18	2.02e-14	1.44e-11	3.41e-09	4.08e-07	1.97e-05	4.55e-04	8.27e-03	2.70e-01	4.72e-01	2.50e-01
 3.90744e+21	0.00e+00	0.00e+00	0.00e+00	1.21e-29	1.97e-25	1.17e-21	1.30e-17	2.68e-14	1.85e-11	4.26e-09	4.93e-07	2.30e-05	5.10e-04	8.92e-03	2.80e-01	4.71e-01	2.40e-01
 4.02400e+21	0.00e+00	0.00e+00	0.00e+00	1.92e-29	2.97e-25	1.67e-21	1.83e-17	3.66e-14	2.45e-11	5.44e-09	6.09e-07	2.72e-05	5.79e-04	9.68e-03	2.91e-01	4.69e-01	2.30e-01
 4.13424e+21	0.00e+00	0.00e+00	0.00e+00	2.94e-29	4.34e-25	2.34e-21	2.50e-17	4.88e-14	3.18e-11	6.82e-09	7.39e-07	3.19e-05	6.51e-04	1.04e-02	3.01e-01	4.67e-01	2.20e-01
 4.23890e+21	0.00e+00	0.00e+00	0.00e+00	4.37e-29	6.18e-25	3.19e-21	3.35e-17	6.38e-14	4.04e-11	8.42e-09	8.85e-07	3.69e-05	7.25e-04	1.12e-02	3.11e-01	4.65e-01	2.11e-01
 4.34243e+21	0.00e+00	0.00e+00	0.00e+00	6.42e-29	8.71e-25	4.32e-21	4.46e-17	8.28e-14	5.11e-11	1.03e-08	1.05e-06	4.25e-05	8.06e-04	1.20e-02	3.21e-01	4.63e-01	2.03e-01
 4.46026e+21	0.00e+00	0.00e+00	3.78e-33	9.86e-29	1.28e-24	6.05e-21	6.12e-17	1.11e-13	6.64e-11	1.30e-08	1.28e-06	4.98e-05	9.05e-04	1.29e-02	3.32e-01	4.60e-01	1.94e-01
 4.58815e+21	0.00e+00	0.00e+00	6.27e-33	1.56e-28	1.92e-24	8.66e-21	8.59e-17	1.51e-13	8.77e-11	1.65e-08	1.57e-06	5.89e-05	1.02e-03	1.39e-02	3.44e-01	4.57e-01	1.85e-01
 4.70268e+21	0.00e+00	0.00e+00	9.79e-33	2.33e-28	2.75e-24	1.19e-20	1.16e-16	1.99e-13	1.12e-10	2.04e-08	1.89e-06	6.82e-05	1.14e-03	1.49e-02	3.54e-01	4.53e-01	1.77e-01
 4.82515e+21	0.00e+00	0.00e+00	1.56e-32	3.55e-28	4.00e-24	1.65e-20	1.58e-16	2.64e-13	1.45e-10	2.55e-08	2.28e-06	7.95e-05	1.28e-03	1.60e-02	3.65e-01	4.49e-01	1.68e-01
 4.96059e+21	0.00e+00	0.00e+00	2.59e-32	5.61e-28	6.01e-24	2.36e-20	2.22e-16	3.60e-13	1.91e-10	3.25e-08	2.80e-06	9.38e-05	1.44e-03	1.72e-02	3.77e-01	4.45e-01	1.60e-01
 5.08576e+21	0.00e+00	0.00e+00	4.10e-32	8.49e-28	8.70e-24	3.26e-20	3.01e-16	4.77e-13	2.46e-10	4.05e-08	3.38e-06	1.09e-04	1.61e-03	1.84e-02	3.88e-01	4.40e-01	1.52e-01
 5.22133e+21	0.00e+00	0.00e+00	6.67e-32	1.32e-27	1.29e-23	4.60e-20	4.17e-16	6.43e-13	3.22e-10	5.11e-08	4.11e-06	1.28e-04	1.80e-03	1.98e-02	3.99e-01	4.35e-01	1.44e-01
 5.37042e+21	0.00e+00	0.00e+00	1.13e-31	2.12e-27	1.96e-23	6.67e-20	5.93e-16	8.88e-13	4.30e-10	6.56e-08	5.09e-06	1.52e-04	2.04e-03	2.14e-02	4.12e-01	4.29e-01	1.36e-01
 5.50619e+21	0.00e+00	0.00e+00	1.81e-31	3.24e-27	2.87e-23	9.29e-20	8.12e-16	1.19e-12	5.57e-10	8.21e-08	6.15e-06	1.76e-04	2.28e-03	2.29e-02	4.23e-01	4.23e-01	1.29e-01
 5.62180e+21	0.00e+00	0.00e+00	2.69e-31	4.63e-27	3.94e-23	1.23e-19	1.06e-15	1.51e-12	6.93e-10	9.92e-08	7.22e-06	2.01e-04	2.50e-03	2.42e-02	4.32e-01	4.18e-01	1.23e-01
 5.74210e+21	0.00e+00	0.00e+00	4.03e-31	6.67e-27	5.44e-23	1.63e-19	1.39e-15	1.94e-12	8.65e-10	1.20e-07	8.50e-06	2.29e-04	2.75e-03	2.56e-02	4.42e-01	4.12e-01	1.17e-01
 5.87796e+21	0.00e+00	0.00e+00	6.30e-31	9.97e-27	7.79e-23	2.23e-19	1.87e-15	2.55e-12	1.11e-09	1.49e-07	1.02e-05	2.64e-04	3.05e-03	2.72e-02	4.52e-01	4.06e-01	1.11e-01
 6.00716e+21	0.00e+00	0.00e+00	9.61e-31	1.46e-26	1.09e-22	2.99e-19	2.47e-15	3.30e-12	1.39e-09	1.81e-07	1.20e-05	3.02e-04	3.36e-03	2.89e-02	4.62e-01	4.00e-01	1.06e-01
 6.12806e+21	0.00e+00	0.00e+00	1.42e-30	2.07e-26	1.49e-22	3.92e-19	3.20e-15	4.18e-12	1.73e-09	2.18e-07	1.41e-05	3.42e-04	3.67e-03	3.04e-02	4.71e-01	3.94e-01	1.01e-01
 6.26507e+21	0.00e+00	0.00e+00	2.18e-30	3.04e-26	2.10e-22	5.30e-19	4.27e-15	5.45e-12	2.19e-09	2.68e-07	1.67e-05	3.92e-04	4.05e-03	3.22e-02	4.81e-01	3.87e-01	9.53e-02
 6.41710e+21	0.00e+00	0.00e+00	3.50e-30	4.66e-26	3.06e-22	7.36e-19	5.86e-15	7.28e-12	2.84e-09	3.35e-07	2.02e-05	4.56e-04	4.52e-03	3.44e-02	4.91e-01	3.80e-01	8.97e-02
 6.54547e+21	0.00e+00	0.00e+00	5.19e-30	6.64e-26	4.19e-22	9.68e-19	7.62e-15	9.28e-12	3.53e-09	4.04e-07	2.36e-05	5.17e-04	4.94e-03	3.62e-02	5.00e-01	3.73e-01	8.52e-02
 6.64711e+21	0.00e+00	0.00e+00	7.05e-30	8.75e-26	5.35e-22	1.20e-18	9.34e-15	1.12e-11	4.18e-09	4.67e-07	2.67e-05	5.69e-04	5.29e-03	3.77e-02	5.06e-01	3.68e-01	8.18e-02
 6.75722e+21	0.00e+00	0.00e+00	9.83e-30	1.18e-25	6.96e-22	1.51e-18	1.17e-14	1.37e-11	5.01e-09	5.47e-07	3.05e-05	6.32e-04	5.70e-03	3.94e-02	5.14e-01	3.63e-01	7.82e-02
 6.90037e+21	0.00e+00	0.00e+00	1.50e-29	1.72e-25	9.73e-22	2.01e-18	1.54e-14	1.78e-11	6.32e-09	6.67e-07	3.61e-05	7.22e-04	6.27e-03	4.15e-02	5.22e-01	3.55e-01	7.39e-02
 7.05002e+21	0.00e+00	0.00e+00	2.32e-29	2.54e-25	1.38e-21	2.72e-18	2.06e-14	2.33e-11	8.04e-09	8.21e-07	4.29e-05	8.29e-04	6.91e-03	4.39e-02	5.31e-01	3.48e-01	6.96e-02
 7.16589e+21	0.00e+00	0.00e+00	3.24e-29	3.44e-25	1.80e-21	3.43e-18	2.58e-14	2.86e-11	9.69e-09	9.64e-07	4.91e-05	9.22e-04	7.46e-03	4.59e-02	5.38e-01	3.41e-01	6.63e-02
 7.25649e+21	0.00e+00	0.00e+00	4.22e-29	4.35e-25	2.21e-21	4.10e-18	3.07e-14	3.36e-11	1.12e-08	1.09e-06	5.45e-05	1.00e-03	7.91e-03	4.74e-02	5.43e-01	3.37e-01	6.39e-02
 7.35645e+21	0.00e+00	0.00e+00	5.56e-29	5.58e-25	2.75e-21	4.96e-18	3.69e-14	3.98e-11	1.30e-08	1.24e-06	6.08e-05	1.09e-03	8.40e-03	4.91e-02	5.48e-01	3.32e-01	6.14e-02
 7.48640e+21	0.00e+00	0.00e+00	7.93e-29	7.67e-25	3.65e-21	6.34e-18	4.68e-14	4.95e-11	1.58e-08	1.47e-06	7.00e-05	1.22e-03	9.08e-03	5.12e-02	5.55e-01	3.25e-01	5.84e-02
 7.62571e+21	0.00e+00	0.00e+00	1.17e-28	1.09e-24	4.96e-21	8.26e-18	6.07e-14	6.31e-11	1.97e-08	1.77e-06	8.19e-05	1.38e-03	9.91e-03	5.38e-02	5.62e-01	3.18e-01	5.51e-02
 7.74389e+21	0.00e+00	0.00e+00	1.62e-28	1.46e-24	6.41e-21	1.03e-17	7.53e-14	7.70e-11	2.36e-08	2.07e-06	9.32e-05	1.53e-03	1.06e-02	5.60e-02	5.68e-01	3.12e-01	5.25e-02
 7.84851e+21	0.00e+00	0.00e+00	2.16e-28	1.88e-24	8.01e-21	1.25e-17	9.09e-14	9.18e-11	2.76e-08	2.36e-06	1.04e-04	1.67e-03	1.13e-02	5.79e-02	5.72e-01	3.06e-01	5.02e-02
 7.96882e+21	0.00e+00	0.00e+00	2.97e-28	2.50e-24	1.03e-20	1.55e-17	1.13e-13	1.12e-10	3.30e-08	2.75e-06	1.19e-04	1.85e-03	1.22e-02	6.02e-02	5.78e-01	3.00e-01	4.78e-02
 8.12522e+21	0.00e+00	3.87e-33	4.50e-28	3.62e-24	1.43e-20	2.05e-17	1.48e-13	1.44e-10	4.15e-08	3.35e-06	1.40e-04	2.10e-03	1.33e-02	6.32e-02	5.84e-01	2.92e-01	4.48e-02
 8.27465e+21	0.00e+00	6.00e-33	6.68e-28	5.14e-24	1.94e-20	2.67e-17	1.93e-13	1.84e-10	5.16e-08	4.04e-06	1.63e-04	2.38e-03	1.45e-02	6.62e-02	5.90e-01	2.85e-01	4.21e-02
 8.38062e+21	0.00e+00	8.16e-33	8.81e-28	6.59e-24	2.41e-20	3.22e-17	2.32e-13	2.19e-10	6.03e-08	4.61e-06	1.82e-04	2.59e-03	1.54e-02	6.84e-02	5.94e-01	2.79e-01	4.03e-02
 8.48398e+21	0.00e+00	1.09e-32	1.15e-27	8.34e-24	2.97e-20	3.84e-17	2.76e-13	2.58e-10	6.98e-08	5.23e-06	2.03e-04	2.82e-03	1.63e-02	7.05e-02	5.98e-01	2.74e-01	3.86e-02
 8.61836e+21	0.00e+00	1.60e-32	1.62e-27	1.13e-23	3.87e-20	4.83e-17	3.46e-13	3.18e-10	8.45e-08	6.16e-06	2.32e-04	3.13e-03	1.76e-02	7.34e-02	6.02e-01	2.67e-01	3.65e-02
 8.76182e+21	0.00e+00	2.40e-32	2.33e-27	1.56e-23	5.14e-20	6.15e-17	4.41e-13	3.99e-10	1.03e-07	7.32e-06	2.68e-04	3.51e-03	1.90e-02	7.65e-02	6.06e-01	2.60e-01	3.43e-02
 8.88570e+21	0.00e+00	3.39e-32	3.18e-27	2.06e-23	6.55e-20	7.56e-17	5.42e-13	4.84e-10	1.23e-07	8.49e-06	3.03e-04	3.87e-03	2.03e-02	7.92e-02	6.10e-01	2.54e-01	3.26e-02
 8.99830e+21	0.00e+00	4.63e-32	4.21e-27	2.65e-23	8.14e-20	9.09e-17	6.53e-13	5.76e-10	1.44e-07	9.70e-06	3.39e-04	4.22e-03	2.16e-02	8.17e-02	6.13e-01	2.49e-01	3.10e-02
 9.12764e+21	0.00e+00	6.60e-32	5.80e-27	3.52e-23	1.04e-19	1.12e-16	8.06e-13	7.02e-10	1.72e-07	1.13e-05	3.85e-04	4.66e-03	2.31e-02	8.46e-02	6.16e-01	2.42e-01	2.93e-02
 9.27286e+21	0.00e+00	9.81e-32	8.28e-27	4.82e-23	1.37e-19	1.42e-16	1.02e-12	8.75e-10	2.10e-07	1.34e-05	4.43e-04	5.20e-03	2.49e-02	8.80e-02	6.19e-01	2.35e-01	2.76e-02
 9.40334e+21	0.00e+00	1.40e-31	1.14e-26	6.39e-23	1.75e-19	1.74e-16	1.26e-12	1.07e-09	2.51e-07	1.55e-05	5.02e-04	5.74e-03	2.67e-02	9.11e-02	6.21e-01	2.29e-01	2.60e-02
 9.51607e+21	0.00e+00	1.89e-31	1.49e-26	8.14e-23	2.16e-19	2.08e-16	1.51e-12	1.26e-09	2.92e-07	1.77e-05	5.59e-04	6.24e-03	2.82e-02	9.37e-02	6.23e-01	2.24e-01	2.48e-02
 9.64109e+21	0.00e+00	2.64e-31	2.01e-26	1.06e-22	2.72e-19	2.52e-16	1.83e-12	1.52e-09	3.45e-07	2.04e-05	6.29e-04	6.85e-03	3.01e-02	9.67e-02	6.24e-01	2.18e-01	2.34e-02
 9.78056e+21	0.00e+00	3.82e-31	2.81e-26	1.42e-22	3.50e-19	3.13e-16	2.28e-12	1.86e-09	4.15e-07	2.39e-05	7.17e-04	7.58e-03	3.23e-02	1.00e-01	6.26e-01	2.11e-01	2.20e-02
 9.90960e+21	0.00e+00	5.38e-31	3.81e-26	1.86e-22	4.42e-19	3.80e-16	2.79e-12	2.25e-09	4.93e-07	2.76e-05	8.09e-04	8.33e-03	3.44e-02	1.03e-01	6.27e-01	2.05e-01	2.08e-02
 1.00281e+22	0.00e+00	7.33e-31	5.03e-26	2.38e-22	5.47e-19	4.55e-16	3.35e-12	2.68e-09	5.76e-07	3.15e-05	9.02e-04	9.07e-03	3.64e-02	1.06e-01	6.27e-01	2.00e-01	1.97e-02
 1.01623e+22	0.00e+00	1.04e-30	6.87e-26	3.13e-22	6.93e-19	5.54e-16	4.10e-12	3.25e-09	6.85e-07	3.65e-05	1.02e-03	9.97e-03	3.89e-02	1.10e-01	6.28e-01	1.94e-01	1.85e-02
 1.03117e+22	0.00e+00	1.53e-30	9.70e-26	4.24e-22	9.01e-19	6.91e-16	5.14e-12	4.02e-09	8.30e-07	4.29e-05	1.17e-03	1.11e-02	4.18e-02	1.13e-01	6.28e-01	1.87e-01	1.73e-02
 1.04481e+22	0.00e+00	2.17e-30	1.33e-25	5.59e-22	1.14e-18	8.42e-16	6.31e-12	4.88e-09	9.89e-07	4.97e-05	1.32e-03	1.22e-02	4.45e-02	1.17e-01	6.27e-01	1.82e-01	1.62e-02
 1.05708e+22	0.00e+00	2.96e-30	1.76e-25	7.15e-22	1.41e-18	1.00e-15	7.56e-12	5.80e-09	1.16e-06	5.67e-05	1.47e-03	1.33e-02	4.71e-02	1.20e-01	6.26e-01	1.76e-01	1.53e-02
 1.07089e+22	0.00e+00	4.19e-30	2.39e-25	9.39e-22	1.78e-18	1.22e-15	9.25e-12	7.02e-09	1.37e-06	6.56e-05	1.66e-03	1.46e-02	5.02e-02	1.24e-01	6.25e-01	1.70e-01	1.44e-02
 1.08635e+22	0.00e+00	6.18e-30	3.39e-25	1.27e-21	2.32e-18	1.52e-15	1.16e-11	8.68e-09	1.66e-06	7.72e-05	1.90e-03	1.62e-02	5.39e-02	1.28e-01	6.23e-01	1.64e-01	1.33e-02
 1.10069e+22	0.00e+00	8.89e-30	4.68e-25	1.69e-21	2.96e-18	1.85e-15	1.43e-11	1.06e-08	1.99e-06	8.98e-05	2.15e-03	1.78e-02	5.75e-02	1.32e-01	6.21e-01	1.58e-01	1.24e-02
 1.11372e+22	0.00e+00	1.22e-29	6.21e-25	2.17e-21	3.66e-18	2.21e-15	1.71e-11	1.26e-08	2.33e-06	1.02e-04	2.39e-03	1.94e-02	6.08e-02	1.35e-01	6.18e-01	1.53e-01	1.17e-02
 1.12830e+22	0.00e+00	1.74e-29	8.52e-25	2.86e-21	4.64e-18	2.69e-15	2.09e-11	1.53e-08	2.77e-06	1.18e-04	2.70e-03	2.13e-02	6.46e-02	1.38e-01	6.15e-01	1.47e-01	1.09e-02
 1.14475e+22	0.00e+00	2.59e-29	1.22e-24	3.91e-21	6.06e-18	3.36e-15	2.62e-11	1.89e-08	3.36e-06	1.40e-04	3.08e-03	2.36e-02	6.93e-02	1.43e-01	6.11e-01	1.41e-01	1.00e-02
 1.16009e+22	0.00e+00	3.77e-29	1.70e-24	5.25e-21	7.78e-18	4.12e-15	3.23e-11	2.32e-08	4.04e-06	1.63e-04	3.50e-03	2.60e-02	7.39e-02	1.47e-01	6.06e-01	1.35e-01	9.28e-03
 1.17400e+22	0.00e+00	5.22e-29	2.27e-24	6.76e-21	9.67e-18	4.94e-15	3.87e-11	2.76e-08	4.72e-06	1.85e-04	3.89e-03	2.83e-02	7.80e-02	1.50e-01	6.01e-01	1.30e-01	8.67e-03
 1.18961e+22	0.00e+00	7.51e-29	3.14e-24	8.99e-21	1.23e-17	6.03e-15	4.74e-11	3.34e-08	5.62e-06	2.15e-04	4.39e-03	3.10e-02	8.29e-02	1.54e-01	5.96e-01	1.24e-01	8.02e-03
 1.20989e+22	0.00e+00	1.20e-28	4.77e-24	1.30e-20	1.68e-17	7.80e-15	6.13e-11	4.28e-08	7.02e-06	2.58e-04	5.10e-03	3.49e-02	8.94e-02	1.58e-01	5.88e-01	1.17e-01	7.24e-03
 1.22937e+22	0.00e+00	1.87e-28	7.11e-24	1.84e-20	2.27e-17	9.97e-15	7.81e-11	5.40e-08	8.67e-06	3.08e-04	5.89e-03	3.89e-02	9.60e-02	1.63e-01	5.79e-01	1.10e-01	6.55e-03
 1.24319e+22	0.00e+00	2.57e-28	9.43e-24	2.35e-20	2.80e-17	1.18e-14	9.26e-11	6.37e-08	1.01e-05	3.49e-04	6.51e-03	4.20e-02	1.01e-01	1.66e-01	5.72e-01	1.06e-01	6.09e-03
 1.25657e+22	0.00e+00	3.43e-28	1.22e-23	2.95e-20	3.40e-17	1.39e-14	1.08e-10	7.39e-08	1.15e-05	3.90e-04	7.12e-03	4.50e-02	1.05e-01	1.68e-01	5.66e-01	1.02e-01	5.70e-03
 1.27396e+22	0.00e+00	5.00e-28	1.71e-23	3.97e-20	4.38e-17	1.71e-14	1.32e-10	8.97e-08	1.37e-05	4.50e-04	8.00e-03	4.92e-02	1.12e-01	1.72e-01	5.57e-01	9.66e-02	5.22e-03
 1.29264e+22	0.00e+00	7.46e-28	2.44e-23	5.43e-20	5.73e-17	2.14e-14	1.63e-10	1.10e-07	1.64e-05	5.24e-04	9.04e-03	5.40e-02	1.18e-01	1.75e-01	5.47e-01	9.12e-02	4.74e-03
 1.30902e+22	0.00e+00	1.05e-27	3.33e-23	7.11e-20	7.22e-17	2.59e-14	1.96e-10	1.31e-07	1.92e-05	5.96e-04	1.00e-02	5.85e-02	1.24e-01	1.78e-01	5.38e-01	8.67e-02	4.36e-03
 1.32634e+22	0.00e+00	1.50e-27	4.56e-23	9.39e-20	9.17e-17	3.15e-14	2.35e-10	1.56e-07	2.25e-05	6.80e-04	1.11e-02	6.33e-02	1.31e-01	1.80e-01	5.28e-01	8.22e-02	3.99e-03
 1.34588e+22	0.00e+00	2.22e-27	6.49e-23	1.28e-19	1.19e-16	3.92e-14	2.88e-10	1.89e-07	2.68e-05	7.85e-04	1.25e-02	6.90e-02	1.38e-01	1.83e-01	5.16e-01	7.73e-02	3.61e-03
 1.36437e+22	0.00e+00	3.20e-27	8.99e-23	1.71e-19	1.53e-16	4.81e-14	3.47e-10	2.26e-07	3.14e-05	8.96e-04	1.39e-02	7.47e-02	1.44e-01	1.85e-01	5.04e-01	7.29e-02	3.29e-03
 1.38169e+22	0.00e+00	4.46e-27	1.21e-22	2.22e-19	1.92e-16	5.79e-14	4.11e-10	2.66e-07	3.64e-05	1.01e-03	1.52e-02	8.02e-02	1.51e-01	1.87e-01	4.94e-01	6.90e-02	3.01e-03
 1.40145e+22	0.00e+00	6.45e-27	1.69e-22	2.97e-19	2.46e-16	7.13e-14	4.95e-10	3.18e-07	4.27e-05	1.15e-03	1.69e-02	8.65e-02	1.58e-01	1.89e-01	4.81e-01	6.48e-02	2.73e-03
 1.42359e+22	0.00e+00	9.68e-27	2.43e-22	4.10e-19	3.25e-16	8.97e-14	6.07e-10	3.87e-07	5.08e-05	1.33e-03	1.89e-02	9.40e-02	1.65e-01	1.91e-01	4.67e-01	6.03e-02	2.44e-03
 1.44433e+22	0.00e+00	1.40e-26	3.39e-22	5.50e-19	4.18e-16	1.11e-13	7.31e-10	4.62e-07	5.94e-05	1.51e-03	2.09e-02	1.01e-01	1.73e-01	1.92e-01	4.53e-01	5.64e-02	2.20e-03
 1.46379e+22	0.00e+00	1.97e-26	4.60e-22	7.20e-19	5.27e-16	1.34e-13	8.65e-10	5.42e-07	6.86e-05	1.70e-03	2.28e-02	1.08e-01	1.79e-01	1.93e-01	4.41e-01	5.30e-02	2.00e-03
 1.48308e+22	0.00e+00	2.73e-26	6.17e-22	9.34e-19	6.60e-16	1.62e-13	1.02e-09	6.32e-07	7.86e-05	1.90e-03	2.49e-02	1.15e-01	1.85e-01	1.93e-01	4.28e-01	4.98e-02	1.81e-03
 1.50205e+22	5.40e-33	3.75e-26	8.20e-22	1.20e-18	8.19e-16	1.94e-13	1.19e-09	7.32e-07	8.96e-05	2.11e-03	2.70e-02	1.22e-01	1.91e-01	1.93e-01	4.16e-01	4.68e-02	1.65e-03
 1.52359e+22	7.90e-33	5.30e-26	1.12e-21	1.58e-18	1.04e-15	2.37e-13	1.41e-09	8.60e-07	1.03e-04	2.37e-03	2.95e-02	1.30e-01	1.98e-01	1.93e-01	4.02e-01	4.37e-02	1.49e-03
 1.54701e+22	1.19e-32	7.68e-26	1.56e-21	2.13e-18	1.34e-15	2.93e-13	1.69e-09	1.02e-06	1.20e-04	2.67e-03	3.23e-02	1.38e-01	2.04e-01	1.93e-01	3.87e-01	4.05e-02	1.33e-03
 1.56794e+22	1.69e-32	1.06e-25	2.09e-21	2.76e-18	1.68e-15	3.53e-13	1.98e-09	1.18e-06	1.37e-04	2.97e-03	3.49e-02	1.46e-01	2.10e-01	1.92e-01	3.74e-01	3.78e-02	1.20e-03
 1.59022e+22	2.44e-32	1.48e-25	2.83e-21	3.60e-18	2.11e-15	4.28e-13	2.33e-09	1.38e-06	1.56e-04	3.30e-03	3.78e-02	1.55e-01	2.16e-01	1.91e-01	3.60e-01	3.52e-02	1.08e-03
 1.61521e+22	3.63e-32	2.13e-25	3.93e-21	4.82e-18	2.72e-15	5.29e-13	2.78e-09	1.63e-06	1.81e-04	3.71e-03	4.12e-02	1.64e-01	2.22e-01	1.90e-01	3.45e-01	3.25e-02	9.58e-04
 1.63863e+22	5.24e-32	2.98e-25	5.32e-21	6.30e-18	3.43e-15	6.42e-13	3.27e-09	1.89e-06	2.07e-04	4.12e-03	4.46e-02	1.73e-01	2.27e-01	1.89e-01	3.31e-01	3.01e-02	8.58e-04
 1.66059e+22	7.30e-32	4.04e-25	7.00e-21	8.05e-18	4.24e-15	7.67e-13	3.80e-09	2.17e-06	2.33e-04	4.53e-03	4.78e-02	1.81e-01	2.32e-01	1.87e-01	3.19e-01	2.80e-02	7.74e-04
 1.68571e+22	1.06e-31	5.67e-25	9.50e-21	1.06e-17	5.37e-15	9.35e-13	4.48e-09	2.52e-06	2.65e-04	5.03e-03	5.15e-02	1.91e-01	2.37e-01	1.85e-01	3.05e-01	2.58e-02	6.89e-04
 1.71402e+22	1.58e-31	8.24e-25	1.33e-20	1.43e-17	6.97e-15	1.16e-12	5.37e-09	2.98e-06	3.07e-04	5.63e-03	5.59e-02	2.01e-01	2.42e-01	1.82e-01	2.89e-01	2.36e-02	6.04e-04
 1.73899e+22	2.25e-31	1.14e-24	1.78e-20	1.85e-17	8.73e-15	1.41e-12	6.28e-09	3.44e-06	3.47e-04	6.20e-03	5.98e-02	2.10e-01	2.46e-01	1.79e-01	2.76e-01	2.17e-02	5.39e-04
 1.75976e+22	2.98e-31	1.48e-24	2.26e-20	2.28e-17	1.05e-14	1.64e-12	7.13e-09	3.86e-06	3.83e-04	6.70e-03	6.32e-02	2.18e-01	2.49e-01	1.77e-01	2.66e-01	2.03e-02	4.90e-04
 1.78256e+22	4.02e-31	1.95e-24	2.91e-20	2.86e-17	1.27e-14	1.94e-12	8.16e-09	4.36e-06	4.26e-04	7.27e-03	6.69e-02	2.26e-01	2.51e-01	1.74e-01	2.55e-01	1.89e-02	4.42e-04
 1.81221e+22	5.89e-31	2.78e-24	4.00e-20	3.80e-17	1.63e-14	2.39e-12	9.69e-09	5.09e-06	4.86e-04	8.05e-03	7.19e-02	2.36e-01	2.55e-01	1.70e-01	2.41e-01	1.72e-02	3.88e-04
 1.84315e+22	8.68e-31	4.00e-24	5.56e-20	5.10e-17	2.11e-14	2.96e-12	1.16e-08	5.96e-06	5.56e-04	8.93e-03	7.72e-02	2.46e-01	2.58e-01	1.66e-01	2.27e-01	1.56e-02	3.38e-04
 1.86912e+22	1.19e-30	5.38e-24	7.28e-20	6.48e-17	2.60e-14	3.53e-12	1.34e-08	6.79e-06	6.20e-04	9.71e-03	8.18e-02	2.55e-01	2.59e-01	1.63e-01	2.16e-01	1.44e-02	3.02e-04
 1.89625e+22	1.64e-30	7.25e-24	9.54e-20	8.26e-17	3.20e-14	4.22e-12	1.55e-08	7.72e-06	6.92e-04	1.06e-02	8.65e-02	2.64e-01	2.61e-01	1.59e-01	2.05e-01	1.32e-02	2.68e-04
 1.93152e+22	2.45e-30	1.06e-23	1.35e-19	1.12e-16	4.19e-14	5.29e-12	1.86e-08	9.10e-06	7.93e-04	1.17e-02	9.28e-02	2.74e-01	2.62e-01	1.54e-01	1.92e-01	1.18e-02	2.31e-04
 1.96787e+22	3.67e-30	1.55e-23	1.91e-19	1.53e-16	5.49e-14	6.66e-12	2.25e-08	1.07e-05	9.11e-04	1.30e-02	9.94e-02	2.85e-01	2.63e-01	1.49e-01	1.78e-01	1.06e-02	1.98e-04
 1.99769e+22	5.06e-30	2.11e-23	2.52e-19	1.97e-16	6.82e-14	8.00e-12	2.61e-08	1.22e-05	1.02e-03	1.41e-02	1.05e-01	2.93e-01	2.63e-01	1.45e-01	1.68e-01	9.65e-03	1.75e-04
 2.02852e+22	6.97e-30	2.87e-23	3.32e-19	2.52e-16	8.47e-14	9.62e-12	3.03e-08	1.40e-05	1.13e-03	1.53e-02	1.11e-01	3.02e-01	2.63e-01	1.41e-01	1.59e-01	8.79e-03	1.54e-04
 2.06269e+22	9.85e-30	4.00e-23	4.50e-19	3.30e-16	1.07e-13	1.18e-11	3.58e-08	1.61e-05	1.27e-03	1.67e-02	1.17e-01	3.10e-01	2.62e-01	1.36e-01	1.48e-01	7.92e-03	1.34e-04
 2.09426e+22	1.34e-29	5.41e-23	5.92e-19	4.22e-16	1.33e-13	1.41e-11	4.15e-08	1.83e-05	1.41e-03	1.80e-02	1.23e-01	3.18e-01	2.61e-01	1.32e-01	1.39e-01	7.20e-03	1.18e-04
 2.12839e+22	1.86e-29	7.41e-23	7.87e-19	5.45e-16	1.66e-13	1.71e-11	4.84e-08	2.09e-05	1.58e-03	1.95e-02	1.29e-01	3.26e-01	2.60e-01	1.27e-01	1.30e-01	6.51e-03	1.03e-04
 2.16656e+22	2.64e-29	1.05e-22	1.08e-18	7.22e-16	2.13e-13	2.10e-11	5.75e-08	2.42e-05	1.77e-03	2.13e-02	1.36e-01	3.34e-01	2.58e-01	1.22e-01	1.21e-01	5.82e-03	8.84e-05
 2.20247e+22	3.64e-29	1.44e-22	1.44e-18	9.36e-16	2.67e-13	2.55e-11	6.72e-08	2.77e-05	1.98e-03	2.30e-02	1.43e-01	3.41e-01	2.56e-01	1.17e-01	1.13e-01	5.24e-03	7.68e-05
 2.24163e+22	5.11e-29	2.01e-22	1.95e-18	1.23e-15	3.38e-13	3.12e-11	7.94e-08	3.18e-05	2.21e-03	2.49e-02	1.50e-01	3.48e-01	2.53e-01	1.12e-01	1.05e-01	4.68e-03	6.62e-05
 2.28542e+22	7.37e-29	2.90e-22	2.72e-18	1.66e-15	4.39e-13	3.90e-11	9.52e-08	3.71e-05	2.50e-03	2.72e-02	1.58e-01	3.56e-01	2.49e-01	1.07e-01	9.62e-02	4.13e-03	5.61e-05
 2.32673e+22	1.03e-28	4.07e-22	3.70e-18	2.18e-15	5.59e-13	4.80e-11	1.13e-07	4.28e-05	2.80e-03	2.95e-02	1.66e-01	3.62e-01	2.45e-01	1.02e-01	8.89e-02	3.67e-03	4.80e-05
 2.37194e+22	1.46e-28	5.81e-22	5.11e-18	2.92e-15	7.21e-13	5.96e-11	1.34e-07	4.96e-05	3.15e-03	3.20e-02	1.74e-01	3.68e-01	2.41e-01	9.64e-02	8.15e-02	3.24e-03	4.07e-05
 2.42287e+22	2.14e-28	8.61e-22	7.31e-18	4.02e-15	9.55e-13	7.58e-11	1.64e-07	5.84e-05	3.59e-03	3.51e-02	1.83e-01	3.75e-01	2.36e-01	9.08e-02	7.40e-02	2.81e-03	3.39e-05
 2.46819e+22	2.97e-28	1.21e-21	1.00e-17	5.32e-15	1.22e-12	9.34e-11	1.94e-07	6.74e-05	4.01e-03	3.79e-02	1.91e-01	3.79e-01	2.31e-01	8.60e-02	6.79e-02	2.48e-03	2.88e-05
 2.50673e+22	3.89e-28	1.61e-21	1.29e-17	6.70e-15	1.49e-12	1.11e-10	2.23e-07	7.57e-05	4.39e-03	4.03e-02	1.98e-01	3.83e-01	2.27e-01	8.21e-02	6.31e-02	2.24e-03	2.51e-05
 2.54951e+22	5.22e-28	2.19e-21	1.71e-17	8.61e-15	1.86e-12	1.34e-10	2.60e-07	8.59e-05	4.84e-03	4.31e-02	2.06e-01	3.87e-01	2.22e-01	7.80e-02	5.82e-02	1.99e-03	2.16e-05
 2.60513e+22	7.47e-28	3.21e-21	2.42e-17	1.18e-14	2.45e-12	1.69e-10	3.15e-07	1.01e-04	5.47e-03	4.69e-02	2.15e-01	3.90e-01	2.15e-01	7.30e-02	5.26e-02	1.73e-03	1.80e-05
 2.66201e+22	1.07e-27	4.76e-21	3.46e-17	1.62e-14	3.24e-12	2.15e-10	3.83e-07	1.18e-04	6.19e-03	5.09e-02	2.24e-01	3.93e-01	2.08e-01	6.80e-02	4.73e-02	1.48e-03	1.47e-05
 2.70747e+22	1.41e-27	6.44e-21	4.56e-17	2.08e-14	4.03e-12	2.59e-10	4.45e-07	1.34e-04	6.80e-03	5.42e-02	2.32e-01	3.95e-01	2.03e-01	6.43e-02	4.35e-02	1.32e-03	1.27e-05
 2.75348e+22	1.86e-27	8.68e-21	5.99e-17	2.65e-14	4.99e-12	3.11e-10	5.17e-07	1.51e-04	7.46e-03	5.77e-02	2.39e-01	3.96e-01	1.98e-01	6.08e-02	4.00e-02	1.17e-03	1.09e-05
 2.81330e+22	2.60e-27	1.26e-20	8.41e-17	3.60e-14	6.51e-12	3.91e-10	6.22e-07	1.75e-04	8.37e-03	6.22e-02	2.48e-01	3.97e-01	1.91e-01	5.65e-02	3.59e-02	1.01e-03	9.00e-06
 2.87586e+22	3.68e-27	1.87e-20	1.20e-16	4.96e-14	8.63e-12	4.97e-10	7.56e-07	2.06e-04	9.43e-03	6.73e-02	2.57e-01	3.97e-01	1.83e-01	5.22e-02	3.20e-02	8.59e-04	7.32e-06
 2.92788e+22	4.84e-27	2.56e-20	1.60e-16	6.42e-14	1.08e-11	6.03e-10	8.84e-07	2.33e-04	1.04e-02	7.15e-02	2.65e-01	3.97e-01	1.77e-01	4.89e-02	2.91e-02	7.54e-04	6.20e-06
 2.98139e+22	6.39e-27	3.51e-20	2.13e-16	8.30e-14	1.36e-11	7.31e-10	1.03e-06	2.65e-04	1.14e-02	7.60e-02	2.72e-01	3.96e-01	1.71e-01	4.58e-02	2.65e-02	6.62e-04	5.24e-06
 3.05096e+22	8.97e-27	5.19e-20	3.05e-16	1.14e-13	1.79e-11	9.30e-10	1.26e-06	3.10e-04	1.28e-02	8.18e-02	2.82e-01	3.94e-01	1.63e-01	4.21e-02	2.35e-02	5.61e-04	4.25e-06
 3.12296e+22	1.27e-26	7.83e-20	4.44e-16	1.60e-13	2.41e-11	1.20e-09	1.54e-06	3.65e-04	1.44e-02	8.83e-02	2.91e-01	3.92e-01	1.55e-01	3.84e-02	2.07e-02	4.70e-04	3.39e-06
 3.18184e+22	1.66e-26	1.08e-19	5.96e-16	2.09e-13	3.04e-11	1.46e-09	1.81e-06	4.15e-04	1.59e-02	9.36e-02	2.98e-01	3.89e-01	1.49e-01	3.57e-02	1.86e-02	4.08e-04	2.84e-06
 3.24208e+22	2.17e-26	1.49e-19	7.98e-16	2.72e-13	3.83e-11	1.78e-09	2.12e-06	4.71e-04	1.74e-02	9.91e-02	3.05e-01	3.86e-01	1.43e-01	3.31e-02	1.68e-02	3.54e-04	2.37e-06
 3.32039e+22	3.04e-26	2.23e-19	1.15e-15	3.78e-13	5.12e-11	2.28e-09	2.59e-06	5.53e-04	1.95e-02	1.06e-01	3.13e-01	3.81e-01	1.35e-01	3.01e-02	1.47e-02	2.96e-04	1.89e-06
 3.39659e+22	4.14e-26	3.30e-19	1.65e-15	5.22e-13	6.79e-11	2.90e-09	3.15e-06	6.45e-04	2.18e-02	1.14e-01	3.21e-01	3.75e-01	1.27e-01	2.74e-02	1.29e-02	2.47e-04	1.51e-06
 3.45235e+22	5.16e-26	4.35e-19	2.12e-15	6.55e-13	8.29e-11	3.44e-09	3.61e-06	7.19e-04	2.36e-02	1.19e-01	3.26e-01	3.71e-01	1.22e-01	2.55e-02	1.17e-02	2.18e-04	1.28e-06
 3.50714e+22	6.40e-26	5.68e-19	2.71e-15	8.16e-13	1.01e-10	4.06e-09	4.13e-06	7.99e-04	2.55e-02	1.24e-01	3.30e-01	3.67e-01	1.17e-01	2.39e-02	1.07e-02	1.92e-04	1.10e-06
 3.57837e+22	8.42e-26	7.97e-19	3.69e-15	1.08e-12	1.28e-10	5.01e-09	4.89e-06	9.13e-04	2.80e-02	1.31e-01	3.36e-01	3.61e-01	1.11e-01	2.19e-02	9.50e-03	1.64e-04	8.99e-07
 3.65498e+22	1.11e-25	1.14e-18	5.11e-15	1.45e-12	1.66e-10	6.26e-09	5.84e-06	1.05e-03	3.09e-02	1.39e-01	3.42e-01	3.54e-01	1.05e-01	1.99e-02	8.36e-03	1.38e-04	7.26e-07
 3.72253e+22	1.40e-25	1.55e-18	6.78e-15	1.87e-12	2.09e-10	7.59e-09	6.82e-06	1.19e-03	3.36e-02	1.46e-01	3.46e-01	3.48e-01	9.93e-02	1.83e-02	7.48e-03	1.19e-04	6.01e-07
 3.79430e+22	1.79e-25	2.13e-18	9.06e-15	2.43e-12	2.62e-10	9.25e-09	7.99e-06	1.34e-03	3.66e-02	1.53e-01	3.50e-01	3.41e-01	9.40e-02	1.68e-02	6.66e-03	1.02e-04	4.95e-07
 3.88759e+22	2.44e-25	3.17e-18	1.31e-14	3.39e-12	3.52e-10	1.19e-08	9.77e-06	1.57e-03	4.08e-02	1.62e-01	3.55e-01	3.32e-01	8.74e-02	1.50e-02	5.73e-03	8.33e-05	3.86e-07
 3.98162e+22	3.27e-25	4.74e-18	1.89e-14	4.74e-12	4.73e-10	1.53e-08	1.20e-05	1.84e-03	4.54e-02	1.72e-01	3.59e-01	3.22e-01	8.10e-02	1.33e-02	4.91e-03	6.79e-05	2.99e-07
 4.05537e+22	4.06e-25	6.43e-18	2.50e-14	6.12e-12	5.92e-10	1.86e-08	1.40e-05	2.07e-03	4.92e-02	1.79e-01	3.62e-01	3.15e-01	7.62e-02	1.22e-02	4.36e-03	5.79e-05	2.46e-07
 4.13002e+22	5.09e-25	8.66e-18	3.30e-14	7.85e-12	7.38e-10	2.25e-08	1.63e-05	2.33e-03	5.33e-02	1.87e-01	3.64e-01	3.07e-01	7.18e-02	1.11e-02	3.87e-03	4.95e-05	2.02e-07
 4.22707e+22	6.69e-25	1.26e-17	4.66e-14	1.08e-11	9.77e-10	2.87e-08	1.97e-05	2.70e-03	5.88e-02	1.97e-01	3.66e-01	2.97e-01	6.63e-02	9.89e-03	3.32e-03	4.05e-05	1.58e-07
 4.33005e+22	8.83e-25	1.87e-17	6.73e-14	1.51e-11	1.31e-09	3.71e-08	2.42e-05	3.16e-03	6.52e-02	2.07e-01	3.67e-01	2.85e-01	6.09e-02	8.72e-03	2.82e-03	3.27e-05	0.00e+00
 4.41809e+22	1.10e-24	2.60e-17	9.13e-14	1.99e-11	1.68e-09	4.61e-08	2.87e-05	3.60e-03	7.10e-02	2.15e-01	3.67e-01	2.76e-01	5.65e-02	7.83e-03	2.45e-03	2.72e-05	0.00e+00
 4.50989e+22	1.38e-24	3.61e-17	1.24e-13	2.63e-11	2.16e-09	5.71e-08	3.41e-05	4.11e-03	7.72e-02	2.24e-01	3.67e-01	2.66e-01	5.23e-02	7.01e-03	2.13e-03	2.26e-05	0.00e+00
 4.62923e+22	1.82e-24	5.44e-17	1.82e-13	3.75e-11	2.96e-09	7.52e-08	4.23e-05	4.85e-03	8.58e-02	2.35e-01	3.65e-01	2.53e-01	4.74e-02	6.08e-03	1.77e-03	1.78e-05	0.00e+00
 4.75075e+22	2.38e-24	8.26e-17	2.68e-13	5.38e-11	4.08e-09	9.96e-08	5.29e-05	5.74e-03	9.54e-02	2.46e-01	3.63e-01	2.40e-01	4.26e-02	5.23e-03	1.47e-03	1.39e-05	0.00e+00
 4.84752e+22	2.91e-24	1.14e-16	3.63e-13	7.11e-11	5.24e-09	1.24e-07	6.29e-05	6.54e-03	1.03e-01	2.55e-01	3.60e-01	2.30e-01	3.91e-02	4.65e-03	1.26e-03	1.14e-05	0.00e+00
 4.93045e+22	3.43e-24	1.49e-16	4.66e-13	8.98e-11	6.46e-09	1.49e-07	7.28e-05	7.30e-03	1.11e-01	2.62e-01	3.57e-01	2.21e-01	3.63e-02	4.20e-03	1.11e-03	9.66e-06	0.00e+00
 5.02297e+22	4.10e-24	1.97e-16	6.07e-13	1.15e-10	8.05e-09	1.81e-07	8.48e-05	8.19e-03	1.19e-01	2.69e-01	3.53e-01	2.12e-01	3.35e-02	3.76e-03	9.67e-04	8.10e-06	0.00e+00
 5.14325e+22	5.10e-24	2.80e-16	8.49e-13	1.57e-10	1.07e-08	2.32e-07	1.03e-04	9.49e-03	1.29e-01	2.79e-01	3.48e-01	2.00e-01	3.02e-02	3.26e-03	8.08e-04	6.43e-06	0.00e+00
 5.26937e+22	6.39e-24	4.05e-16	1.21e-12	2.18e-10	1.44e-08	3.02e-07	1.27e-04	1.11e-02	1.42e-01	2.88e-01	3.41e-01	1.88e-01	2.69e-02	2.80e-03	6.67e-04	5.03e-06	0.00e+00
 5.37529e+22	7.49e-24	5.47e-16	1.61e-12	2.86e-10	1.83e-08	3.75e-07	1.51e-04	1.26e-02	1.53e-01	2.95e-01	3.35e-01	1.78e-01	2.44e-02	2.45e-03	5.67e-04	4.08e-06	0.00e+00
 5.46974e+22	8.64e-24	7.06e-16	2.05e-12	3.59e-10	2.25e-08	4.51e-07	1.74e-04	1.40e-02	1.62e-01	3.01e-01	3.29e-01	1.69e-01	2.24e-02	2.19e-03	4.93e-04	3.42e-06	0.00e+00
 5.57709e+22	1.01e-23	9.28e-16	2.67e-12	4.61e-10	2.83e-08	5.52e-07	2.04e-04	1.57e-02	1.73e-01	3.07e-01	3.22e-01	1.60e-01	2.04e-02	1.93e-03	4.22e-04	2.80e-06	0.00e+00
 5.71665e+22	1.23e-23	1.31e-15	3.71e-12	6.32e-10	3.77e-08	7.14e-07	2.49e-04	1.82e-02	1.88e-01	3.14e-01	3.12e-01	1.48e-01	1.79e-02	1.64e-03	3.45e-04	2.17e-06	0.00e+00
 5.86063e+22	1.49e-23	1.86e-15	5.21e-12	8.73e-10	5.05e-08	9.30e-07	3.06e-04	2.12e-02	2.04e-01	3.20e-01	3.01e-01	1.37e-01	1.57e-02	1.37e-03	2.79e-04	1.66e-06	0.00e+00
 5.97782e+22	1.70e-23	2.44e-15	6.80e-12	1.13e-09	6.38e-08	1.15e-06	3.61e-04	2.38e-02	2.17e-01	3.24e-01	2.92e-01	1.27e-01	1.40e-02	1.19e-03	2.35e-04	1.33e-06	0.00e+00
 6.09763e+22	1.95e-23	3.16e-15	8.75e-12	1.43e-09	7.96e-08	1.40e-06	4.21e-04	2.67e-02	2.30e-01	3.28e-01	2.82e-01	1.19e-01	1.26e-02	1.04e-03	1.98e-04	1.08e-06	0.00e+00
 6.25338e+22	2.31e-23	4.35e-15	1.20e-11	1.94e-09	1.05e-07	1.80e-06	5.12e-04	3.06e-02	2.47e-01	3.31e-01	2.70e-01	1.09e-01	1.09e-02	8.65e-04	1.60e-04	8.25e-07	0.00e+00
 6.41698e+22	2.77e-23	6.07e-15	1.66e-11	2.66e-09	1.40e-07	2.34e-06	6.27e-04	3.54e-02	2.66e-01	3.33e-01	2.57e-01	9.82e-02	9.36e-03	7.12e-04	1.27e-04	6.17e-07	0.00e+00
 6.55435e+22	3.12e-23	7.92e-15	2.17e-11	3.44e-09	1.78e-07	2.91e-06	7.41e-04	3.98e-02	2.81e-01	3.34e-01	2.45e-01	9.00e-02	8.21e-03	6.04e-04	1.04e-04	4.84e-07	0.00e+00
 6.69649e+22	3.56e-23	1.02e-14	2.78e-11	4.38e-09	2.22e-07	3.56e-06	8.66e-04	4.44e-02	2.96e-01	3.35e-01	2.34e-01	8.26e-02	7.22e-03	5.15e-04	8.61e-05	3.83e-07	0.00e+00
 6.88128e+22	4.20e-23	1.39e-14	3.79e-11	5.93e-09	2.94e-07	4.60e-06	1.05e-03	5.08e-02	3.15e-01	3.33e-01	2.20e-01	7.38e-02	6.10e-03	4.18e-04	6.75e-05	2.84e-07	0.00e+00
 7.07589e+22	4.99e-23	1.92e-14	5.24e-11	8.13e-09	3.93e-07	6.00e-06	1.29e-03	5.84e-02	3.34e-01	3.31e-01	2.05e-01	6.51e-02	5.09e-03	3.35e-04	5.20e-05	2.06e-07	0.00e+00
 7.24052e+22	5.65e-23	2.50e-14	6.81e-11	1.05e-08	4.98e-07	7.46e-06	1.52e-03	6.53e-02	3.50e-01	3.28e-01	1.92e-01	5.85e-02	4.36e-03	2.77e-04	4.17e-05	1.57e-07	0.00e+00
 7.41179e+22	6.46e-23	3.19e-14	8.73e-11	1.34e-08	6.24e-07	9.17e-06	1.78e-03	7.25e-02	3.65e-01	3.23e-01	1.80e-01	5.25e-02	3.75e-03	2.31e-04	3.36e-05	1.21e-07	0.00e+00
 7.59393e+22	7.41e-23	4.14e-14	1.13e-10	1.73e-08	7.92e-07	1.14e-05	2.10e-03	8.09e-02	3.81e-01	3.18e-01	1.68e-01	4.67e-02	3.17e-03	1.89e-04	2.67e-05	0.00e+00	0.00e+00
 7.75003e+22	8.28e-23	5.13e-14	1.41e-10	2.15e-08	9.68e-07	1.38e-05	2.41e-03	8.87e-02	3.94e-01	3.13e-01	1.57e-01	4.20e-02	2.74e-03	1.58e-04	2.18e-05	0.00e+00	0.00e+00
 7.91278e+22	9.32e-23	6.29e-14	1.73e-10	2.63e-08	1.16e-06	1.63e-05	2.74e-03	9.63e-02	4.06e-01	3.07e-01	1.48e-01	3.81e-02	2.39e-03	1.34e-04	1.80e-05	0.00e+00	0.00e+00
 8.12435e+22	1.08e-22	8.10e-14	2.24e-10	3.38e-08	1.47e-06	2.02e-05	3.22e-03	1.07e-01	4.20e-01	2.99e-01	1.36e-01	3.33e-02	1.99e-03	1.08e-04	1.41e-05	0.00e+00	0.00e+00
 8.34771e+22	1.25e-22	1.06e-13	2.94e-10	4.41e-08	1.88e-06	2.54e-05	3.81e-03	1.19e-01	4.33e-01	2.90e-01	1.24e-01	2.89e-02	1.64e-03	8.59e-05	1.08e-05	0.00e+00	0.00e+00
 8.53219e+22	1.40e-22	1.31e-13	3.65e-10	5.47e-08	2.30e-06	3.05e-05	4.36e-03	1.29e-01	4.44e-01	2.81e-01	1.14e-01	2.56e-02	1.39e-03	7.08e-05	8.65e-06	0.00e+00	0.00e+00
 8.69158e+22	1.55e-22	1.55e-13	4.35e-10	6.49e-08	2.69e-06	3.53e-05	4.85e-03	1.38e-01	4.51e-01	2.74e-01	1.07e-01	2.31e-02	1.22e-03	6.06e-05	7.23e-06	0.00e+00	0.00e+00
 8.87258e+22	1.73e-22	1.86e-13	5.24e-10	7.80e-08	3.19e-06	4.13e-05	5.45e-03	1.48e-01	4.59e-01	2.66e-01	9.94e-02	2.07e-02	1.05e-03	5.10e-05	5.94e-06	0.00e+00	0.00e+00
 9.10788e+22	1.98e-22	2.32e-13	6.59e-10	9.78e-08	3.94e-06	5.01e-05	6.28e-03	1.61e-01	4.67e-01	2.56e-01	9.04e-02	1.80e-02	8.69e-04	4.10e-05	4.64e-06	0.00e+00	0.00e+00
 9.36323e+22	2.29e-22	2.96e-13	8.46e-10	1.25e-07	4.94e-06	6.18e-05	7.31e-03	1.76e-01	4.75e-01	2.44e-01	8.11e-02	1.53e-02	7.05e-04	3.22e-05	3.53e-06	0.00e+00	0.00e+00
 9.58760e+22	2.58e-22	3.63e-13	1.05e-09	1.54e-07	6.01e-06	7.42e-05	8.33e-03	1.90e-01	4.80e-01	2.34e-01	7.36e-02	1.33e-02	5.85e-04	2.60e-05	2.77e-06	0.00e+00	0.00e+00
 9.78990e+22	2.88e-22	4.34e-13	1.25e-09	1.84e-07	7.05e-06	8.59e-05	9.26e-03	2.02e-01	4.84e-01	2.25e-01	6.77e-02	1.18e-02	5.01e-04	2.18e-05	2.26e-06	0.00e+00	0.00e+00
 1.00205e+23	3.24e-22	5.21e-13	1.51e-09	2.22e-07	8.39e-06	1.01e-04	1.04e-02	2.15e-01	4.87e-01	2.15e-01	6.17e-02	1.03e-02	4.21e-04	1.79e-05	1.81e-06	0.00e+00	0.00e+00
 1.03204e+23	3.75e-22	6.53e-13	1.91e-09	2.80e-07	1.04e-05	1.23e-04	1.20e-02	2.33e-01	4.89e-01	2.03e-01	5.47e-02	8.71e-03	3.38e-04	1.40e-05	1.37e-06	0.00e+00	0.00e+00
 1.06445e+23	4.39e-22	8.37e-13	2.47e-09	3.59e-07	1.31e-05	1.52e-04	1.39e-02	2.52e-01	4.89e-01	1.89e-01	4.78e-02	7.20e-03	2.65e-04	1.06e-05	1.00e-06	0.00e+00	0.00e+00
 1.09276e+23	5.01e-22	1.03e-12	3.07e-09	4.45e-07	1.59e-05	1.82e-04	1.58e-02	2.70e-01	4.88e-01	1.78e-01	4.24e-02	6.09e-03	2.14e-04	8.36e-06	7.67e-07	0.00e+00	0.00e+00
 1.11840e+23	5.62e-22	1.23e-12	3.68e-09	5.31e-07	1.87e-05	2.11e-04	1.75e-02	2.85e-01	4.85e-01	1.69e-01	3.83e-02	5.29e-03	1.79e-04	6.84e-06	6.12e-07	0.00e+00	0.00e+00
 1.14783e+23	6.35e-22	1.47e-12	4.45e-09	6.40e-07	2.22e-05	2.48e-04	1.96e-02	3.01e-01	4.82e-01	1.58e-01	3.41e-02	4.52e-03	1.47e-04	5.49e-06	4.78e-07	0.00e+00	0.00e+00
 1.18608e+23	7.40e-22	1.85e-12	5.62e-09	8.06e-07	2.74e-05	3.01e-04	2.25e-02	3.22e-01	4.76e-01	1.46e-01	2.95e-02	3.71e-03	1.15e-04	4.18e-06	3.52e-07	0.00e+00	0.00e+00
 1.22854e+23	8.83e-22	2.39e-12	7.32e-09	1.04e-06	3.45e-05	3.72e-04	2.60e-02	3.45e-01	4.67e-01	1.33e-01	2.50e-02	2.96e-03	8.68e-05	3.08e-06	2.49e-07	0.00e+00	0.00e+00
 1.26723e+23	1.01e-21	2.95e-12	9.18e-09	1.30e-06	4.25e-05	4.53e-04	2.97e-02	3.66e-01	4.58e-01	1.22e-01	2.14e-02	2.40e-03	6.69e-05	2.31e-06	1.80e-07	0.00e+00	0.00e+00
 1.30214e+23	1.16e-21	3.58e-12	1.12e-08	1.57e-06	5.03e-05	5.28e-04	3.30e-02	3.84e-01	4.49e-01	1.13e-01	1.88e-02	2.02e-03	5.40e-05	1.83e-06	1.39e-07	0.00e+00	0.00e+00
 1.34135e+23	1.32e-21	4.30e-12	1.35e-08	1.90e-06	5.97e-05	6.19e-04	3.68e-02	4.02e-01	4.38e-01	1.04e-01	1.63e-02	1.68e-03	4.31e-05	1.43e-06	0.00e+00	0.00e+00	0.00e+00
 1.39140e+23	1.54e-21	5.35e-12	1.70e-08	2.38e-06	7.33e-05	7.49e-04	4.19e-02	4.24e-01	4.25e-01	9.37e-02	1.37e-02	1.34e-03	3.27e-05	1.06e-06	0.00e+00	0.00e+00	0.00e+00
