#depth	C	C+	C+2	C+3	C+4	C+5	C+6	C[1]	C[2]	C[3]	C+[1]	C+[2]	CO
 6.17135e+19	0.00e+00	1.72e-27	2.97e-20	5.03e-14	2.18e-08	1.83e-04	1.00e+00	0.00e+00	0.00e+00	0.00e+00	0.00e+00	0.00e+00	5.66e-88
 1.87609e+20	0.00e+00	2.77e-27	4.24e-20	6.40e-14	2.58e-08	2.02e-04	1.00e+00	0.00e+00	0.00e+00	0.00e+00	0.00e+00	0.00e+00	5.34e-88
 3.12629e+20	0.00e+00	4.38e-27	5.96e-20	8.03e-14	3.03e-08	2.24e-04	1.00e+00	0.00e+00	0.00e+00	0.00e+00	0.00e+00	0.00e+00	4.99e-88
 4.29922e+20	0.00e+00	6.64e-27	8.11e-20	9.84e-14	3.50e-08	2.45e-04	1.00e+00	0.00e+00	0.00e+00	0.00e+00	0.00e+00	0.00e+00	4.49e-88
 5.05043e+20	0.00e+00	8.65e-27	9.84e-20	1.12e-13	3.83e-08	2.60e-04	1.00e+00	0.00e+00	0.00e+00	0.00e+00	0.00e+00	0.00e+00	3.78e-88
 5.34510e+20	0.00e+00	9.59e-27	1.06e-19	1.17e-13	3.97e-08	2.66e-04	1.00e+00	0.00e+00	0.00e+00	0.00e+00	0.00e+00	0.00e+00	8.88e-89
 5.59347e+20	0.00e+00	1.04e-26	1.13e-19	1.22e-13	4.09e-08	2.71e-04	1.00e+00	0.00e+00	0.00e+00	0.00e+00	0.00e+00	0.00e+00	2.04e-89
 5.91635e+20	0.00e+00	1.16e-26	1.22e-19	1.28e-13	4.24e-08	2.77e-04	1.00e+00	0.00e+00	0.00e+00	0.00e+00	0.00e+00	0.00e+00	4.66e-90
 6.33609e+20	0.00e+00	1.33e-26	1.35e-19	1.37e-13	4.45e-08	2.86e-04	1.00e+00	0.00e+00	0.00e+00	0.00e+00	0.00e+00	0.00e+00	1.06e-90
 6.88177e+20	0.00e+00	1.59e-26	1.54e-19	1.49e-13	4.73e-08	2.98e-04	1.00e+00	0.00e+00	0.00e+00	0.00e+00	0.00e+00	0.00e+00	2.37e-91
 7.45389e+20	0.00e+00	1.92e-26	1.76e-19	1.63e-13	5.04e-08	3.11e-04	1.00e+00	0.00e+00	0.00e+00	0.00e+00	0.00e+00	0.00e+00	5.21e-92
 7.93628e+20	0.00e+00	2.24e-26	1.97e-19	1.75e-13	5.31e-08	3.22e-04	1.00e+00	0.00e+00	0.00e+00	0.00e+00	0.00e+00	0.00e+00	1.12e-92
 8.43924e+20	0.00e+00	2.63e-26	2.21e-19	1.88e-13	5.60e-08	3.34e-04	1.00e+00	0.00e+00	0.00e+00	0.00e+00	0.00e+00	0.00e+00	2.56e-93
 9.09310e+20	0.00e+00	3.22e-26	2.56e-19	2.06e-13	6.00e-08	3.50e-04	1.00e+00	0.00e+00	0.00e+00	0.00e+00	0.00e+00	0.00e+00	9.82e-94
 9.74660e+20	0.00e+00	3.94e-26	2.95e-19	2.25e-13	6.42e-08	3.67e-04	1.00e+00	0.00e+00	0.00e+00	0.00e+00	0.00e+00	0.00e+00	9.71e-94
 1.02547e+21	0.00e+00	4.59e-26	3.30e-19	2.41e-13	6.75e-08	3.80e-04	1.00e+00	0.00e+00	0.00e+00	0.00e+00	0.00e+00	0.00e+00	1.33e-93
 1.06999e+21	0.00e+00	5.24e-26	3.62e-19	2.55e-13	7.06e-08	3.92e-04	1.00e+00	0.00e+00	0.00e+00	0.00e+00	0.00e+00	0.00e+00	3.12e-93
 1.12080e+21	0.00e+00	6.09e-26	4.03e-19	2.72e-13	7.41e-08	4.06e-04	1.00e+00	0.00e+00	0.00e+00	0.00e+00	0.00e+00	0.00e+00	4.20e-93
 1.18687e+21	0.00e+00	7.37e-26	4.61e-19	2.96e-13	7.90e-08	4.24e-04	1.00e+00	0.00e+00	0.00e+00	0.00e+00	0.00e+00	0.00e+00	7.61e-93
 1.25364e+21	2.94e-34	8.91e-26	5.28e-19	3.21e-13	8.41e-08	4.44e-04	1.00e+00	0.00e+00	0.00e+00	0.00e+00	0.00e+00	0.00e+00	9.58e-93
 1.30660e+21	3.57e-34	1.04e-25	5.87e-19	3.41e-13	8.83e-08	4.60e-04	1.00e+00	0.00e+00	0.00e+00	0.00e+00	0.00e+00	0.00e+00	1.15e-92
 1.36073e+21	4.31e-34	1.20e-25	6.51e-19	3.63e-13	9.27e-08	4.77e-04	1.00e+00	0.00e+00	0.00e+00	0.00e+00	0.00e+00	0.00e+00	3.13e-92
 1.43109e+21	5.52e-34	1.45e-25	7.44e-19	3.93e-13	9.87e-08	4.99e-04	1.00e+00	0.00e+00	0.00e+00	0.00e+00	0.00e+00	0.00e+00	5.38e-92
 1.50165e+21	7.05e-34	1.75e-25	8.49e-19	4.25e-13	1.05e-07	5.22e-04	9.99e-01	0.00e+00	0.00e+00	0.00e+00	0.00e+00	0.00e+00	8.78e-92
 1.55706e+21	8.53e-34	2.03e-25	9.40e-19	4.51e-13	1.10e-07	5.41e-04	9.99e-01	0.00e+00	0.00e+00	0.00e+00	0.00e+00	0.00e+00	1.10e-91
 1.60618e+21	1.00e-33	2.29e-25	1.03e-18	4.75e-13	1.15e-07	5.57e-04	9.99e-01	0.00e+00	0.00e+00	0.00e+00	0.00e+00	0.00e+00	3.03e-91
 1.66249e+21	1.21e-33	2.65e-25	1.13e-18	5.04e-13	1.20e-07	5.77e-04	9.99e-01	0.00e+00	0.00e+00	0.00e+00	0.00e+00	0.00e+00	4.12e-91
 1.73570e+21	1.53e-33	3.17e-25	1.29e-18	5.42e-13	1.28e-07	6.03e-04	9.99e-01	0.00e+00	0.00e+00	0.00e+00	0.00e+00	0.00e+00	6.74e-91
 1.81066e+21	1.94e-33	3.81e-25	1.46e-18	5.84e-13	1.36e-07	6.31e-04	9.99e-01	0.00e+00	0.00e+00	0.00e+00	0.00e+00	0.00e+00	1.26e-90
 1.87168e+21	2.35e-33	4.41e-25	1.62e-18	6.19e-13	1.42e-07	6.54e-04	9.99e-01	0.00e+00	0.00e+00	0.00e+00	0.00e+00	0.00e+00	2.27e-90
 1.93481e+21	2.85e-33	5.12e-25	1.80e-18	6.58e-13	1.49e-07	6.78e-04	9.99e-01	0.00e+00	0.00e+00	0.00e+00	0.00e+00	0.00e+00	4.21e-90
 2.00522e+21	3.53e-33	6.02e-25	2.01e-18	7.02e-13	1.58e-07	7.06e-04	9.99e-01	0.00e+00	0.00e+00	0.00e+00	0.00e+00	0.00e+00	7.33e-90
 2.07077e+21	4.28e-33	6.99e-25	2.23e-18	7.46e-13	1.66e-07	7.32e-04	9.99e-01	0.00e+00	0.00e+00	0.00e+00	0.00e+00	0.00e+00	1.13e-89
 2.13211e+21	5.12e-33	8.02e-25	2.46e-18	7.88e-13	1.74e-07	7.57e-04	9.99e-01	0.00e+00	0.00e+00	0.00e+00	0.00e+00	0.00e+00	2.16e-89
 2.20233e+21	6.26e-33	9.36e-25	2.74e-18	8.39e-13	1.83e-07	7.87e-04	9.99e-01	0.00e+00	0.00e+00	0.00e+00	0.00e+00	0.00e+00	3.12e-89
 2.28090e+21	7.81e-33	1.11e-24	3.08e-18	8.99e-13	1.94e-07	8.20e-04	9.99e-01	0.00e+00	0.00e+00	0.00e+00	0.00e+00	0.00e+00	5.32e-89
 2.35465e+21	9.57e-33	1.30e-24	3.44e-18	9.58e-13	2.04e-07	8.52e-04	9.99e-01	0.00e+00	0.00e+00	0.00e+00	0.00e+00	0.00e+00	9.81e-89
 2.42432e+21	1.16e-32	1.50e-24	3.81e-18	1.02e-12	2.15e-07	8.83e-04	9.99e-01	0.00e+00	0.00e+00	0.00e+00	0.00e+00	0.00e+00	1.65e-88
 2.50438e+21	1.43e-32	1.77e-24	4.28e-18	1.09e-12	2.27e-07	9.19e-04	9.99e-01	0.00e+00	0.00e+00	0.00e+00	0.00e+00	0.00e+00	3.22e-88
 2.58928e+21	1.79e-32	2.10e-24	4.83e-18	1.17e-12	2.41e-07	9.58e-04	9.99e-01	0.00e+00	0.00e+00	0.00e+00	0.00e+00	0.00e+00	5.00e-88
 2.66258e+21	2.15e-32	2.43e-24	5.35e-18	1.24e-12	2.53e-07	9.93e-04	9.99e-01	0.00e+00	0.00e+00	0.00e+00	0.00e+00	0.00e+00	1.05e-87
 2.73997e+21	2.62e-32	2.82e-24	5.95e-18	1.32e-12	2.67e-07	1.03e-03	9.99e-01	0.00e+00	0.00e+00	0.00e+00	0.00e+00	0.00e+00	1.69e-87
 2.84058e+21	3.36e-32	3.42e-24	6.81e-18	1.43e-12	2.86e-07	1.08e-03	9.99e-01	0.00e+00	0.00e+00	0.00e+00	0.00e+00	0.00e+00	2.74e-87
 2.94217e+21	4.29e-32	4.14e-24	7.80e-18	1.55e-12	3.06e-07	1.13e-03	9.99e-01	0.00e+00	0.00e+00	0.00e+00	0.00e+00	0.00e+00	3.98e-87
 3.02314e+21	5.21e-32	4.80e-24	8.68e-18	1.66e-12	3.22e-07	1.17e-03	9.99e-01	0.00e+00	0.00e+00	0.00e+00	0.00e+00	0.00e+00	1.22e-86
 3.10652e+21	6.33e-32	5.59e-24	9.67e-18	1.77e-12	3.40e-07	1.21e-03	9.99e-01	0.00e+00	0.00e+00	0.00e+00	0.00e+00	0.00e+00	1.96e-86
 3.21492e+21	8.11e-32	6.78e-24	1.11e-17	1.92e-12	3.65e-07	1.27e-03	9.99e-01	0.00e+00	0.00e+00	0.00e+00	0.00e+00	0.00e+00	1.42e-86
 3.32176e+21	1.03e-31	8.18e-24	1.27e-17	2.09e-12	3.90e-07	1.33e-03	9.99e-01	0.00e+00	0.00e+00	0.00e+00	0.00e+00	0.00e+00	3.99e-86
 3.40299e+21	1.24e-31	9.42e-24	1.41e-17	2.22e-12	4.11e-07	1.37e-03	9.99e-01	0.00e+00	0.00e+00	0.00e+00	0.00e+00	0.00e+00	1.29e-85
 3.48502e+21	1.48e-31	1.08e-23	1.55e-17	2.36e-12	4.32e-07	1.42e-03	9.99e-01	0.00e+00	0.00e+00	0.00e+00	0.00e+00	0.00e+00	2.23e-85
 3.59165e+21	1.86e-31	1.29e-23	1.77e-17	2.55e-12	4.61e-07	1.48e-03	9.99e-01	0.00e+00	0.00e+00	0.00e+00	0.00e+00	0.00e+00	2.15e-85
 3.70518e+21	2.36e-31	1.56e-23	2.02e-17	2.78e-12	4.94e-07	1.55e-03	9.98e-01	0.00e+00	0.00e+00	0.00e+00	0.00e+00	0.00e+00	4.06e-85
 3.80359e+21	2.90e-31	1.83e-23	2.27e-17	2.98e-12	5.24e-07	1.61e-03	9.98e-01	0.00e+00	0.00e+00	0.00e+00	0.00e+00	0.00e+00	1.21e-84
 3.90744e+21	3.58e-31	2.17e-23	2.56e-17	3.22e-12	5.58e-07	1.67e-03	9.98e-01	0.00e+00	0.00e+00	0.00e+00	0.00e+00	0.00e+00	1.92e-84
 4.02400e+21	4.53e-31	2.60e-23	2.93e-17	3.50e-12	5.97e-07	1.74e-03	9.98e-01	0.00e+00	0.00e+00	0.00e+00	0.00e+00	0.00e+00	1.37e-84
 4.13424e+21	5.63e-31	3.09e-23	3.32e-17	3.78e-12	6.37e-07	1.81e-03	9.98e-01	0.00e+00	0.00e+00	0.00e+00	0.00e+00	0.00e+00	7.66e-84
 4.23890e+21	6.91e-31	3.63e-23	3.73e-17	4.07e-12	6.76e-07	1.88e-03	9.98e-01	0.00e+00	0.00e+00	0.00e+00	0.00e+00	0.00e+00	1.42e-83
 4.34243e+21	8.43e-31	4.25e-23	4.19e-17	4.37e-12	7.18e-07	1.95e-03	9.98e-01	0.00e+00	0.00e+00	0.00e+00	0.00e+00	0.00e+00	2.43e-83
 4.46026e+21	1.05e-30	5.06e-23	4.76e-17	4.74e-12	7.67e-07	2.03e-03	9.98e-01	0.00e+00	0.00e+00	0.00e+00	0.00e+00	0.00e+00	2.51e-83
 4.58815e+21	1.34e-30	6.11e-23	5.47e-17	5.18e-12	8.23e-07	2.12e-03	9.98e-01	0.00e+00	0.00e+00	0.00e+00	0.00e+00	0.00e+00	2.46e-83
 4.70268e+21	1.65e-30	7.22e-23	6.18e-17	5.60e-12	8.77e-07	2.20e-03	9.98e-01	0.00e+00	0.00e+00	0.00e+00	0.00e+00	0.00e+00	1.39e-82
 4.82515e+21	2.06e-30	8.60e-23	7.02e-17	6.08e-12	9.38e-07	2.29e-03	9.98e-01	0.00e+00	0.00e+00	0.00e+00	0.00e+00	0.00e+00	1.59e-82
 4.96059e+21	2.63e-30	1.04e-22	8.09e-17	6.65e-12	1.01e-06	2.39e-03	9.98e-01	0.00e+00	0.00e+00	0.00e+00	0.00e+00	0.00e+00	1.50e-82
 5.08576e+21	3.28e-30	1.24e-22	9.20e-17	7.23e-12	1.08e-06	2.49e-03	9.98e-01	0.00e+00	0.00e+00	0.00e+00	0.00e+00	0.00e+00	8.60e-82
 5.22133e+21	4.16e-30	1.50e-22	1.06e-16	7.89e-12	1.16e-06	2.60e-03	9.97e-01	0.00e+00	0.00e+00	0.00e+00	0.00e+00	0.00e+00	9.68e-82
 5.37042e+21	5.37e-30	1.83e-22	1.23e-16	8.69e-12	1.25e-06	2.72e-03	9.97e-01	0.00e+00	0.00e+00	0.00e+00	0.00e+00	0.00e+00	9.80e-82
 5.50619e+21	6.77e-30	2.20e-22	1.40e-16	9.49e-12	1.34e-06	2.83e-03	9.97e-01	0.00e+00	0.00e+00	0.00e+00	0.00e+00	0.00e+00	1.42e-80
 5.62180e+21	8.23e-30	2.57e-22	1.58e-16	1.02e-11	1.43e-06	2.93e-03	9.97e-01	0.00e+00	0.00e+00	0.00e+00	0.00e+00	0.00e+00	2.39e-80
 5.74210e+21	1.01e-29	3.02e-22	1.77e-16	1.10e-11	1.52e-06	3.03e-03	9.97e-01	0.00e+00	0.00e+00	0.00e+00	0.00e+00	0.00e+00	4.06e-80
 5.87796e+21	1.26e-29	3.60e-22	2.02e-16	1.20e-11	1.63e-06	3.16e-03	9.97e-01	0.00e+00	0.00e+00	0.00e+00	0.00e+00	0.00e+00	7.29e-80
 6.00716e+21	1.55e-29	4.26e-22	2.29e-16	1.30e-11	1.73e-06	3.27e-03	9.97e-01	0.00e+00	0.00e+00	0.00e+00	0.00e+00	0.00e+00	1.27e-79
 6.12806e+21	1.89e-29	4.97e-22	2.57e-16	1.40e-11	1.84e-06	3.39e-03	9.97e-01	0.00e+00	0.00e+00	0.00e+00	0.00e+00	0.00e+00	2.12e-79
 6.26507e+21	2.35e-29	5.92e-22	2.92e-16	1.53e-11	1.97e-06	3.52e-03	9.96e-01	0.00e+00	0.00e+00	0.00e+00	0.00e+00	0.00e+00	3.77e-79
 6.41710e+21	2.99e-29	7.18e-22	3.37e-16	1.68e-11	2.12e-06	3.67e-03	9.96e-01	0.00e+00	0.00e+00	0.00e+00	0.00e+00	0.00e+00	7.09e-79
 6.54547e+21	3.66e-29	8.44e-22	3.81e-16	1.81e-11	2.26e-06	3.80e-03	9.96e-01	0.00e+00	0.00e+00	0.00e+00	0.00e+00	0.00e+00	1.21e-78
 6.64711e+21	4.29e-29	9.57e-22	4.18e-16	1.93e-11	2.37e-06	3.90e-03	9.96e-01	0.00e+00	0.00e+00	0.00e+00	0.00e+00	0.00e+00	1.82e-78
 6.75722e+21	5.10e-29	1.10e-21	4.63e-16	2.06e-11	2.51e-06	4.02e-03	9.96e-01	0.00e+00	0.00e+00	0.00e+00	0.00e+00	0.00e+00	2.86e-78
 6.90037e+21	6.36e-29	1.31e-21	5.29e-16	2.25e-11	2.68e-06	4.17e-03	9.96e-01	0.00e+00	0.00e+00	0.00e+00	0.00e+00	0.00e+00	5.07e-78
 7.05002e+21	8.01e-29	1.58e-21	6.07e-16	2.46e-11	2.88e-06	4.34e-03	9.96e-01	0.00e+00	0.00e+00	0.00e+00	0.00e+00	0.00e+00	9.22e-78
 7.16589e+21	9.59e-29	1.82e-21	6.75e-16	2.64e-11	3.05e-06	4.48e-03	9.96e-01	0.00e+00	0.00e+00	0.00e+00	0.00e+00	0.00e+00	1.47e-77
 7.25649e+21	1.10e-28	2.04e-21	7.34e-16	2.79e-11	3.18e-06	4.58e-03	9.95e-01	0.00e+00	0.00e+00	0.00e+00	0.00e+00	0.00e+00	2.11e-77
 7.35645e+21	1.28e-28	2.29e-21	8.03e-16	2.96e-11	3.33e-06	4.70e-03	9.95e-01	0.00e+00	0.00e+00	0.00e+00	0.00e+00	0.00e+00	3.09e-77
 7.48640e+21	1.55e-28	2.67e-21	9.01e-16	3.20e-11	3.54e-06	4.85e-03	9.95e-01	0.00e+00	0.00e+00	0.00e+00	0.00e+00	0.00e+00	5.04e-77
 7.62571e+21	1.92e-28	3.18e-21	1.03e-15	3.49e-11	3.78e-06	5.03e-03	9.95e-01	0.00e+00	0.00e+00	0.00e+00	0.00e+00	0.00e+00	8.80e-77
 7.74389e+21	2.30e-28	3.66e-21	1.14e-15	3.74e-11	4.00e-06	5.18e-03	9.95e-01	0.00e+00	0.00e+00	0.00e+00	0.00e+00	0.00e+00	1.39e-76
 7.84851e+21	2.69e-28	4.16e-21	1.26e-15	3.99e-11	4.20e-06	5.32e-03	9.95e-01	0.00e+00	0.00e+00	0.00e+00	0.00e+00	0.00e+00	2.08e-76
 7.96882e+21	3.22e-28	4.80e-21	1.40e-15	4.29e-11	4.44e-06	5.48e-03	9.95e-01	0.00e+00	0.00e+00	0.00e+00	0.00e+00	0.00e+00	3.29e-76
 8.12522e+21	4.07e-28	5.80e-21	1.61e-15	4.71e-11	4.77e-06	5.69e-03	9.94e-01	0.00e+00	0.00e+00	0.00e+00	0.00e+00	0.00e+00	5.95e-76
 8.27465e+21	5.10e-28	6.95e-21	1.85e-15	5.16e-11	5.11e-06	5.90e-03	9.94e-01	0.00e+00	0.00e+00	0.00e+00	0.00e+00	0.00e+00	1.05e-75
 8.38062e+21	5.99e-28	7.90e-21	2.04e-15	5.51e-11	5.37e-06	6.06e-03	9.94e-01	0.00e+00	0.00e+00	0.00e+00	0.00e+00	0.00e+00	1.58e-75
 8.48398e+21	6.98e-28	8.94e-21	2.24e-15	5.86e-11	5.63e-06	6.21e-03	9.94e-01	0.00e+00	0.00e+00	0.00e+00	0.00e+00	0.00e+00	2.32e-75
 8.61836e+21	8.53e-28	1.05e-20	2.53e-15	6.36e-11	5.99e-06	6.42e-03	9.94e-01	0.00e+00	0.00e+00	0.00e+00	0.00e+00	0.00e+00	3.84e-75
 8.76182e+21	1.06e-27	1.25e-20	2.89e-15	6.95e-11	6.40e-06	6.64e-03	9.93e-01	0.00e+00	0.00e+00	0.00e+00	0.00e+00	0.00e+00	6.58e-75
 8.88570e+21	1.28e-27	1.45e-20	3.23e-15	7.51e-11	6.78e-06	6.84e-03	9.93e-01	0.00e+00	0.00e+00	0.00e+00	0.00e+00	0.00e+00	1.05e-74
 8.99830e+21	1.51e-27	1.67e-20	3.59e-15	8.05e-11	7.14e-06	7.03e-03	9.93e-01	0.00e+00	0.00e+00	0.00e+00	0.00e+00	0.00e+00	1.60e-74
 9.12764e+21	1.83e-27	1.95e-20	4.04e-15	8.73e-11	7.57e-06	7.25e-03	9.93e-01	0.00e+00	0.00e+00	0.00e+00	0.00e+00	0.00e+00	2.58e-74
 9.27286e+21	2.28e-27	2.33e-20	4.63e-15	9.57e-11	8.10e-06	7.50e-03	9.92e-01	0.00e+00	0.00e+00	0.00e+00	0.00e+00	0.00e+00	4.44e-74
 9.40334e+21	2.78e-27	2.73e-20	5.23e-15	1.04e-10	8.60e-06	7.73e-03	9.92e-01	0.00e+00	0.00e+00	0.00e+00	0.00e+00	0.00e+00	7.23e-74
 9.51607e+21	3.30e-27	3.14e-20	5.81e-15	1.12e-10	9.06e-06	7.94e-03	9.92e-01	0.00e+00	0.00e+00	0.00e+00	0.00e+00	0.00e+00	1.10e-73
 9.64109e+21	3.99e-27	3.66e-20	6.53e-15	1.21e-10	9.60e-06	8.18e-03	9.92e-01	0.00e+00	0.00e+00	0.00e+00	0.00e+00	0.00e+00	1.75e-73
 9.78056e+21	4.94e-27	4.35e-20	7.46e-15	1.32e-10	1.02e-05	8.45e-03	9.92e-01	0.00e+00	0.00e+00	0.00e+00	0.00e+00	0.00e+00	2.94e-73
 9.90960e+21	6.02e-27	5.11e-20	8.43e-15	1.44e-10	1.09e-05	8.71e-03	9.91e-01	0.00e+00	0.00e+00	0.00e+00	0.00e+00	0.00e+00	4.76e-73
 1.00281e+22	7.22e-27	5.92e-20	9.45e-15	1.56e-10	1.15e-05	8.95e-03	9.91e-01	0.00e+00	0.00e+00	0.00e+00	0.00e+00	0.00e+00	7.39e-73
 1.01623e+22	8.87e-27	7.00e-20	1.07e-14	1.70e-10	1.22e-05	9.24e-03	9.91e-01	0.00e+00	0.00e+00	0.00e+00	0.00e+00	0.00e+00	1.21e-72
 1.03117e+22	1.12e-26	8.44e-20	1.24e-14	1.88e-10	1.31e-05	9.57e-03	9.90e-01	0.00e+00	0.00e+00	0.00e+00	0.00e+00	0.00e+00	2.12e-72
 1.04481e+22	1.38e-26	1.00e-19	1.42e-14	2.05e-10	1.39e-05	9.87e-03	9.90e-01	0.00e+00	0.00e+00	0.00e+00	0.00e+00	0.00e+00	3.51e-72
 1.05708e+22	1.67e-26	1.17e-19	1.60e-14	2.23e-10	1.48e-05	1.02e-02	9.90e-01	0.00e+00	0.00e+00	0.00e+00	0.00e+00	0.00e+00	5.54e-72
 1.07089e+22	2.07e-26	1.39e-19	1.83e-14	2.45e-10	1.57e-05	1.05e-02	9.89e-01	0.00e+00	0.00e+00	0.00e+00	0.00e+00	0.00e+00	9.21e-72
 1.08635e+22	2.63e-26	1.70e-19	2.13e-14	2.72e-10	1.69e-05	1.09e-02	9.89e-01	0.00e+00	0.00e+00	0.00e+00	0.00e+00	0.00e+00	1.63e-71
 1.10069e+22	3.31e-26	2.05e-19	2.46e-14	3.01e-10	1.81e-05	1.12e-02	9.89e-01	0.00e+00	0.00e+00	0.00e+00	0.00e+00	0.00e+00	2.81e-71
 1.11372e+22	4.03e-26	2.41e-19	2.79e-14	3.28e-10	1.92e-05	1.16e-02	9.88e-01	0.00e+00	0.00e+00	0.00e+00	0.00e+00	0.00e+00	4.48e-71
 1.12830e+22	5.05e-26	2.90e-19	3.21e-14	3.62e-10	2.05e-05	1.20e-02	9.88e-01	0.00e+00	0.00e+00	0.00e+00	0.00e+00	0.00e+00	7.61e-71
 1.14475e+22	6.52e-26	3.57e-19	3.78e-14	4.05e-10	2.21e-05	1.24e-02	9.88e-01	0.00e+00	0.00e+00	0.00e+00	0.00e+00	0.00e+00	1.39e-70
 1.16009e+22	8.34e-26	4.37e-19	4.42e-14	4.52e-10	2.38e-05	1.29e-02	9.87e-01	0.00e+00	0.00e+00	0.00e+00	0.00e+00	0.00e+00	2.46e-70
 1.17400e+22	1.03e-25	5.18e-19	5.05e-14	4.96e-10	2.53e-05	1.33e-02	9.87e-01	0.00e+00	0.00e+00	0.00e+00	0.00e+00	0.00e+00	4.00e-70
 1.18961e+22	1.30e-25	6.30e-19	5.88e-14	5.51e-10	2.71e-05	1.37e-02	9.86e-01	0.00e+00	0.00e+00	0.00e+00	0.00e+00	0.00e+00	6.96e-70
 1.20989e+22	1.77e-25	8.11e-19	7.16e-14	6.32e-10	2.97e-05	1.44e-02	9.86e-01	0.00e+00	0.00e+00	0.00e+00	0.00e+00	0.00e+00	1.42e-69
 1.22937e+22	2.37e-25	1.03e-18	8.65e-14	7.22e-10	3.24e-05	1.50e-02	9.85e-01	0.00e+00	0.00e+00	0.00e+00	0.00e+00	0.00e+00	2.81e-69
 1.24319e+22	2.94e-25	1.23e-18	9.91e-14	7.94e-10	3.45e-05	1.55e-02	9.84e-01	0.00e+00	0.00e+00	0.00e+00	0.00e+00	0.00e+00	4.57e-69
 1.25657e+22	3.55e-25	1.44e-18	1.12e-13	8.66e-10	3.65e-05	1.59e-02	9.84e-01	0.00e+00	0.00e+00	0.00e+00	0.00e+00	0.00e+00	7.09e-69
 1.27396e+22	4.56e-25	1.77e-18	1.32e-13	9.70e-10	3.93e-05	1.65e-02	9.83e-01	0.00e+00	0.00e+00	0.00e+00	0.00e+00	0.00e+00	1.26e-68
 1.29264e+22	5.95e-25	2.21e-18	1.57e-13	1.10e-09	4.26e-05	1.72e-02	9.83e-01	0.00e+00	0.00e+00	0.00e+00	0.00e+00	0.00e+00	2.33e-68
 1.30902e+22	7.49e-25	2.67e-18	1.82e-13	1.22e-09	4.56e-05	1.78e-02	9.82e-01	0.00e+00	0.00e+00	0.00e+00	0.00e+00	0.00e+00	3.95e-68
 1.32634e+22	9.48e-25	3.25e-18	2.12e-13	1.36e-09	4.90e-05	1.84e-02	9.82e-01	0.00e+00	0.00e+00	0.00e+00	0.00e+00	0.00e+00	6.80e-68
 1.34588e+22	1.23e-24	4.04e-18	2.52e-13	1.53e-09	5.30e-05	1.91e-02	9.81e-01	0.00e+00	0.00e+00	0.00e+00	0.00e+00	0.00e+00	1.24e-67
 1.36437e+22	1.57e-24	4.94e-18	2.95e-13	1.71e-09	5.70e-05	1.98e-02	9.80e-01	0.00e+00	0.00e+00	0.00e+00	0.00e+00	0.00e+00	2.17e-67
 1.38169e+22	1.96e-24	5.95e-18	3.42e-13	1.90e-09	6.10e-05	2.05e-02	9.79e-01	0.00e+00	0.00e+00	0.00e+00	0.00e+00	0.00e+00	3.61e-67
 1.40145e+22	2.51e-24	7.31e-18	4.02e-13	2.13e-09	6.57e-05	2.12e-02	9.79e-01	0.00e+00	0.00e+00	0.00e+00	0.00e+00	0.00e+00	6.34e-67
 1.42359e+22	3.29e-24	9.16e-18	4.80e-13	2.42e-09	7.14e-05	2.21e-02	9.78e-01	0.00e+00	0.00e+00	0.00e+00	0.00e+00	0.00e+00	1.18e-66
 1.44433e+22	4.22e-24	1.13e-17	5.66e-13	2.72e-09	7.70e-05	2.30e-02	9.77e-01	0.00e+00	0.00e+00	0.00e+00	0.00e+00	0.00e+00	2.08e-66
 1.46379e+22	5.29e-24	1.36e-17	6.57e-13	3.02e-09	8.26e-05	2.37e-02	9.76e-01	0.00e+00	0.00e+00	0.00e+00	0.00e+00	0.00e+00	3.48e-66
 1.48308e+22	6.58e-24	1.64e-17	7.60e-13	3.35e-09	8.83e-05	2.45e-02	9.75e-01	0.00e+00	0.00e+00	0.00e+00	0.00e+00	0.00e+00	5.74e-66
 1.50205e+22	8.12e-24	1.95e-17	8.74e-13	3.71e-09	9.43e-05	2.53e-02	9.75e-01	0.00e+00	0.00e+00	0.00e+00	0.00e+00	0.00e+00	9.27e-66
 1.52359e+22	1.02e-23	2.37e-17	1.02e-12	4.14e-09	1.01e-04	2.62e-02	9.74e-01	0.00e+00	0.00e+00	0.00e+00	0.00e+00	0.00e+00	1.57e-65
 1.54701e+22	1.31e-23	2.92e-17	1.20e-12	4.66e-09	1.09e-04	2.73e-02	9.73e-01	0.00e+00	0.00e+00	0.00e+00	0.00e+00	0.00e+00	2.76e-65
 1.56794e+22	1.62e-23	3.50e-17	1.39e-12	5.17e-09	1.17e-04	2.82e-02	9.72e-01	0.00e+00	0.00e+00	0.00e+00	0.00e+00	0.00e+00	4.52e-65
 1.59022e+22	2.02e-23	4.22e-17	1.61e-12	5.75e-09	1.25e-04	2.91e-02	9.71e-01	0.00e+00	0.00e+00	0.00e+00	0.00e+00	0.00e+00	7.48e-65
 1.61521e+22	2.57e-23	5.19e-17	1.90e-12	6.47e-09	1.35e-04	3.03e-02	9.70e-01	0.00e+00	0.00e+00	0.00e+00	5.17e-17	1.84e-19	1.30e-64
 1.63863e+22	3.21e-23	6.26e-17	2.21e-12	7.22e-09	1.45e-04	3.13e-02	9.69e-01	0.00e+00	0.00e+00	0.00e+00	6.24e-17	2.22e-19	2.17e-64
 1.66059e+22	3.92e-23	7.44e-17	2.53e-12	7.97e-09	1.55e-04	3.23e-02	9.68e-01	0.00e+00	0.00e+00	0.00e+00	7.41e-17	2.64e-19	3.44e-64
 1.68571e+22	4.90e-23	9.00e-17	2.95e-12	8.89e-09	1.67e-04	3.35e-02	9.66e-01	0.00e+00	0.00e+00	0.00e+00	8.97e-17	3.19e-19	5.73e-64
 1.71402e+22	6.26e-23	1.11e-16	3.50e-12	1.01e-08	1.80e-04	3.48e-02	9.65e-01	0.00e+00	0.00e+00	0.00e+00	1.11e-16	3.94e-19	1.01e-63
 1.73899e+22	7.72e-23	1.34e-16	4.05e-12	1.12e-08	1.93e-04	3.60e-02	9.64e-01	0.00e+00	0.00e+00	0.00e+00	1.33e-16	4.73e-19	1.64e-63
 1.75976e+22	9.14e-23	1.55e-16	4.55e-12	1.22e-08	2.04e-04	3.70e-02	9.63e-01	0.00e+00	0.00e+00	0.00e+00	1.54e-16	5.48e-19	2.43e-63
 1.78256e+22	1.10e-22	1.81e-16	5.16e-12	1.33e-08	2.17e-04	3.81e-02	9.62e-01	0.00e+00	0.00e+00	0.00e+00	1.81e-16	6.41e-19	3.70e-63
 1.81221e+22	1.38e-22	2.21e-16	6.06e-12	1.50e-08	2.34e-04	3.95e-02	9.60e-01	0.00e+00	0.00e+00	0.00e+00	2.20e-16	7.83e-19	6.28e-63
 1.84315e+22	1.74e-22	2.72e-16	7.15e-12	1.69e-08	2.53e-04	4.10e-02	9.59e-01	0.00e+00	0.00e+00	0.00e+00	2.71e-16	9.60e-19	1.08e-62
 1.86912e+22	2.10e-22	3.21e-16	8.18e-12	1.86e-08	2.70e-04	4.23e-02	9.57e-01	0.00e+00	0.00e+00	0.00e+00	3.20e-16	1.14e-18	1.68e-62
 1.89625e+22	2.53e-22	3.80e-16	9.37e-12	2.06e-08	2.88e-04	4.37e-02	9.56e-01	0.00e+00	0.00e+00	0.00e+00	3.79e-16	1.34e-18	2.62e-62
 1.93152e+22	3.21e-22	4.71e-16	1.11e-11	2.33e-08	3.12e-04	4.54e-02	9.54e-01	0.00e+00	0.00e+00	0.00e+00	4.69e-16	1.66e-18	4.59e-62
 1.96787e+22	4.07e-22	5.85e-16	1.32e-11	2.65e-08	3.40e-04	4.73e-02	9.52e-01	0.00e+00	0.00e+00	0.00e+00	5.83e-16	2.06e-18	8.08e-62
 1.99769e+22	4.91e-22	6.95e-16	1.52e-11	2.93e-08	3.63e-04	4.89e-02	9.51e-01	0.00e+00	0.00e+00	0.00e+00	6.93e-16	2.45e-18	1.27e-61
 2.02852e+22	5.92e-22	8.26e-16	1.75e-11	3.25e-08	3.88e-04	5.04e-02	9.49e-01	0.00e+00	0.00e+00	0.00e+00	8.23e-16	2.90e-18	1.98e-61
 2.06269e+22	7.23e-22	9.96e-16	2.03e-11	3.63e-08	4.17e-04	5.22e-02	9.47e-01	0.00e+00	0.00e+00	0.00e+00	9.93e-16	3.50e-18	3.21e-61
 2.09426e+22	8.64e-22	1.18e-15	2.33e-11	4.01e-08	4.45e-04	5.39e-02	9.46e-01	0.00e+00	0.00e+00	0.00e+00	1.18e-15	4.14e-18	4.96e-61
 2.12839e+22	1.04e-21	1.41e-15	2.69e-11	4.45e-08	4.76e-04	5.57e-02	9.44e-01	0.00e+00	0.00e+00	0.00e+00	1.40e-15	4.93e-18	7.82e-61
 2.16656e+22	1.27e-21	1.71e-15	3.14e-11	4.99e-08	5.14e-04	5.78e-02	9.42e-01	0.00e+00	0.00e+00	0.00e+00	1.70e-15	5.98e-18	1.28e-60
 2.20247e+22	1.52e-21	2.04e-15	3.63e-11	5.55e-08	5.50e-04	5.97e-02	9.40e-01	0.00e+00	0.00e+00	0.00e+00	2.03e-15	7.13e-18	2.01e-60
 2.24163e+22	1.84e-21	2.46e-15	4.22e-11	6.21e-08	5.92e-04	6.19e-02	9.38e-01	0.00e+00	0.00e+00	0.00e+00	2.45e-15	8.58e-18	3.24e-60
 2.28542e+22	2.26e-21	3.02e-15	4.98e-11	7.01e-08	6.41e-04	6.43e-02	9.35e-01	0.00e+00	0.00e+00	0.00e+00	3.01e-15	1.05e-17	5.42e-60
 2.32673e+22	2.71e-21	3.65e-15	5.80e-11	7.85e-08	6.90e-04	6.66e-02	9.33e-01	0.00e+00	0.00e+00	0.00e+00	3.64e-15	1.27e-17	8.69e-60
 2.37194e+22	3.28e-21	4.45e-15	6.81e-11	8.84e-08	7.46e-04	6.91e-02	9.30e-01	0.00e+00	0.00e+00	0.00e+00	4.44e-15	1.54e-17	1.43e-59
 2.42287e+22	4.04e-21	5.54e-15	8.14e-11	1.01e-07	8.13e-04	7.20e-02	9.27e-01	0.00e+00	0.00e+00	0.00e+00	5.52e-15	1.92e-17	2.46e-59
 2.46819e+22	4.80e-21	6.71e-15	9.50e-11	1.13e-07	8.76e-04	7.46e-02	9.24e-01	0.00e+00	0.00e+00	0.00e+00	6.69e-15	2.32e-17	3.93e-59
 2.50673e+22	5.53e-21	7.86e-15	1.08e-10	1.24e-07	9.31e-04	7.69e-02	9.22e-01	0.00e+00	0.00e+00	0.00e+00	7.83e-15	2.71e-17	5.77e-59
 2.54951e+22	6.48e-21	9.33e-15	1.24e-10	1.38e-07	9.96e-04	7.94e-02	9.20e-01	0.00e+00	0.00e+00	0.00e+00	9.30e-15	3.21e-17	8.79e-59
 2.60513e+22	7.80e-21	1.15e-14	1.47e-10	1.56e-07	1.08e-03	8.26e-02	9.16e-01	0.00e+00	0.00e+00	0.00e+00	1.15e-14	3.95e-17	1.47e-58
 2.66201e+22	9.43e-21	1.44e-14	1.76e-10	1.79e-07	1.18e-03	8.61e-02	9.13e-01	0.00e+00	0.00e+00	0.00e+00	1.44e-14	4.92e-17	2.50e-58
 2.70747e+22	1.08e-20	1.71e-14	2.02e-10	1.98e-07	1.26e-03	8.88e-02	9.10e-01	0.00e+00	0.00e+00	0.00e+00	1.70e-14	5.82e-17	3.73e-58
 2.75348e+22	1.25e-20	2.02e-14	2.31e-10	2.19e-07	1.35e-03	9.16e-02	9.07e-01	0.00e+00	0.00e+00	0.00e+00	2.01e-14	6.86e-17	5.57e-58
 2.81330e+22	1.48e-20	2.48e-14	2.74e-10	2.48e-07	1.46e-03	9.52e-02	9.03e-01	0.00e+00	0.00e+00	0.00e+00	2.47e-14	8.41e-17	9.12e-58
 2.87586e+22	1.77e-20	3.10e-14	3.28e-10	2.84e-07	1.60e-03	9.92e-02	8.99e-01	0.00e+00	0.00e+00	0.00e+00	3.09e-14	1.05e-16	1.53e-57
 2.92788e+22	2.02e-20	3.71e-14	3.79e-10	3.16e-07	1.71e-03	1.03e-01	8.96e-01	0.00e+00	0.00e+00	0.00e+00	3.70e-14	1.25e-16	2.32e-57
 2.98139e+22	2.32e-20	4.43e-14	4.38e-10	3.51e-07	1.84e-03	1.06e-01	8.92e-01	0.00e+00	0.00e+00	0.00e+00	4.41e-14	1.49e-16	3.51e-57
 3.05096e+22	2.74e-20	5.51e-14	5.23e-10	4.01e-07	2.00e-03	1.10e-01	8.88e-01	0.00e+00	0.00e+00	0.00e+00	5.49e-14	1.85e-16	5.84e-57
 3.12296e+22	3.25e-20	6.98e-14	6.34e-10	4.63e-07	2.20e-03	1.15e-01	8.83e-01	0.00e+00	0.00e+00	0.00e+00	6.96e-14	2.33e-16	9.98e-57
 3.18184e+22	3.71e-20	8.40e-14	7.37e-10	5.18e-07	2.37e-03	1.19e-01	8.78e-01	0.00e+00	0.00e+00	0.00e+00	8.38e-14	2.80e-16	1.52e-56
 3.24208e+22	4.24e-20	1.01e-13	8.56e-10	5.78e-07	2.54e-03	1.23e-01	8.74e-01	0.00e+00	0.00e+00	0.00e+00	1.01e-13	3.35e-16	2.31e-56
 3.32039e+22	4.98e-20	1.27e-13	1.03e-09	6.65e-07	2.79e-03	1.29e-01	8.69e-01	0.00e+00	0.00e+00	0.00e+00	1.27e-13	4.19e-16	3.89e-56
 3.39659e+22	5.75e-20	1.59e-13	1.24e-09	7.63e-07	3.05e-03	1.34e-01	8.63e-01	0.00e+00	0.00e+00	0.00e+00	1.59e-13	5.25e-16	6.43e-56
 3.45235e+22	6.39e-20	1.87e-13	1.41e-09	8.41e-07	3.25e-03	1.38e-01	8.59e-01	0.00e+00	0.00e+00	0.00e+00	1.86e-13	6.14e-16	9.19e-56
 3.50714e+22	7.10e-20	2.18e-13	1.61e-09	9.24e-07	3.45e-03	1.42e-01	8.55e-01	0.00e+00	0.00e+00	0.00e+00	2.18e-13	7.15e-16	1.30e-55
 3.57837e+22	8.13e-20	2.66e-13	1.89e-09	1.04e-06	3.73e-03	1.47e-01	8.49e-01	0.00e+00	0.00e+00	0.00e+00	2.65e-13	8.67e-16	2.03e-55
 3.65498e+22	9.22e-20	3.27e-13	2.24e-09	1.18e-06	4.06e-03	1.52e-01	8.43e-01	0.00e+00	0.00e+00	0.00e+00	3.26e-13	1.06e-15	3.22e-55
 3.72253e+22	1.03e-19	3.93e-13	2.59e-09	1.32e-06	4.36e-03	1.57e-01	8.38e-01	0.00e+00	0.00e+00	0.00e+00	3.91e-13	1.27e-15	4.80e-55
 3.79430e+22	1.16e-19	4.73e-13	3.02e-09	1.48e-06	4.69e-03	1.63e-01	8.33e-01	0.00e+00	0.00e+00	0.00e+00	4.71e-13	1.52e-15	7.27e-55
 3.88759e+22	1.34e-19	5.99e-13	3.67e-09	1.71e-06	5.16e-03	1.70e-01	8.25e-01	0.00e+00	0.00e+00	0.00e+00	5.97e-13	1.92e-15	1.23e-54
 3.98162e+22	1.54e-19	7.61e-13	4.47e-09	1.99e-06	5.67e-03	1.77e-01	8.17e-01	0.00e+00	0.00e+00	0.00e+00	7.58e-13	2.43e-15	2.08e-54
 4.05537e+22	1.69e-19	9.13e-13	5.19e-09	2.22e-06	6.10e-03	1.83e-01	8.11e-01	0.00e+00	0.00e+00	0.00e+00	9.10e-13	2.91e-15	3.10e-54
 4.13002e+22	1.89e-19	1.09e-12	6.02e-09	2.49e-06	6.56e-03	1.89e-01	8.05e-01	0.00e+00	0.00e+00	0.00e+00	1.09e-12	3.46e-15	4.62e-54
 4.22707e+22	2.15e-19	1.37e-12	7.26e-09	2.86e-06	7.18e-03	1.96e-01	7.96e-01	0.00e+00	0.00e+00	0.00e+00	1.37e-12	4.32e-15	7.63e-54
 4.33005e+22	2.44e-19	1.74e-12	8.87e-09	3.33e-06	7.91e-03	2.05e-01	7.87e-01	0.00e+00	0.00e+00	0.00e+00	1.74e-12	5.47e-15	1.30e-53
 4.41809e+22	2.70e-19	2.13e-12	1.05e-08	3.77e-06	8.57e-03	2.12e-01	7.79e-01	0.00e+00	0.00e+00	0.00e+00	2.13e-12	6.67e-15	2.02e-53
 4.50989e+22	2.99e-19	2.61e-12	1.24e-08	4.28e-06	9.30e-03	2.19e-01	7.71e-01	0.00e+00	0.00e+00	0.00e+00	2.60e-12	8.12e-15	3.14e-53
 4.62923e+22	3.40e-19	3.36e-12	1.53e-08	5.03e-06	1.03e-02	2.29e-01	7.61e-01	0.00e+00	0.00e+00	0.00e+00	3.35e-12	1.04e-14	5.49e-53
 4.75075e+22	3.82e-19	4.36e-12	1.91e-08	5.93e-06	1.15e-02	2.39e-01	7.49e-01	0.00e+00	0.00e+00	0.00e+00	4.34e-12	1.34e-14	9.73e-53
 4.84752e+22	4.16e-19	5.33e-12	2.26e-08	6.74e-06	1.24e-02	2.48e-01	7.40e-01	0.00e+00	0.00e+00	0.00e+00	5.31e-12	1.64e-14	1.52e-52
 4.93045e+22	4.48e-19	6.31e-12	2.60e-08	7.51e-06	1.33e-02	2.55e-01	7.32e-01	0.00e+00	0.00e+00	0.00e+00	6.29e-12	1.94e-14	2.19e-52
 5.02297e+22	4.85e-19	7.53e-12	3.02e-08	8.41e-06	1.43e-02	2.63e-01	7.23e-01	0.00e+00	0.00e+00	0.00e+00	7.51e-12	2.30e-14	3.24e-52
 5.14325e+22	5.35e-19	9.44e-12	3.66e-08	9.74e-06	1.57e-02	2.73e-01	7.12e-01	0.00e+00	0.00e+00	0.00e+00	9.41e-12	2.87e-14	5.33e-52
 5.26937e+22	5.92e-19	1.20e-11	4.48e-08	1.14e-05	1.73e-02	2.83e-01	6.99e-01	0.00e+00	0.00e+00	0.00e+00	1.19e-11	3.63e-14	8.97e-52
 5.37529e+22	6.30e-19	1.45e-11	5.30e-08	1.29e-05	1.88e-02	2.93e-01	6.89e-01	0.00e+00	0.00e+00	0.00e+00	1.45e-11	4.40e-14	1.37e-51
 5.46974e+22	6.69e-19	1.71e-11	6.10e-08	1.44e-05	2.01e-02	3.01e-01	6.79e-01	0.00e+00	0.00e+00	0.00e+00	1.71e-11	5.17e-14	1.97e-51
 5.57709e+22	7.17e-19	2.05e-11	7.12e-08	1.62e-05	2.17e-02	3.09e-01	6.69e-01	0.00e+00	0.00e+00	0.00e+00	2.05e-11	6.15e-14	2.91e-51
 5.71665e+22	7.81e-19	2.57e-11	8.66e-08	1.89e-05	2.39e-02	3.21e-01	6.55e-01	0.00e+00	0.00e+00	0.00e+00	2.57e-11	7.67e-14	4.76e-51
 5.86063e+22	8.54e-19	3.25e-11	1.06e-07	2.20e-05	2.63e-02	3.33e-01	6.41e-01	0.00e+00	0.00e+00	0.00e+00	3.24e-11	9.65e-14	7.90e-51
 5.97782e+22	8.96e-19	3.90e-11	1.24e-07	2.50e-05	2.85e-02	3.42e-01	6.29e-01	0.00e+00	0.00e+00	0.00e+00	3.89e-11	1.16e-13	1.17e-50
 6.09763e+22	9.54e-19	4.65e-11	1.45e-07	2.81e-05	3.07e-02	3.52e-01	6.17e-01	0.00e+00	0.00e+00	0.00e+00	4.63e-11	1.37e-13	1.71e-50
 6.25338e+22	1.03e-18	5.78e-11	1.75e-07	3.26e-05	3.37e-02	3.64e-01	6.03e-01	0.00e+00	0.00e+00	0.00e+00	5.76e-11	1.69e-13	2.72e-50
 6.41698e+22	1.13e-18	7.25e-11	2.14e-07	3.82e-05	3.71e-02	3.76e-01	5.87e-01	0.00e+00	0.00e+00	0.00e+00	7.23e-11	2.11e-13	4.44e-50
 6.55435e+22	1.18e-18	8.74e-11	2.53e-07	4.35e-05	4.02e-02	3.87e-01	5.73e-01	0.00e+00	0.00e+00	0.00e+00	8.71e-11	2.54e-13	6.57e-50
 6.69649e+22	1.26e-18	1.04e-10	2.95e-07	4.91e-05	4.34e-02	3.97e-01	5.60e-01	0.00e+00	0.00e+00	0.00e+00	1.04e-10	3.00e-13	9.56e-50
 6.88128e+22	1.37e-18	1.29e-10	3.58e-07	5.72e-05	4.77e-02	4.09e-01	5.43e-01	0.00e+00	0.00e+00	0.00e+00	1.29e-10	3.70e-13	1.52e-49
 7.07589e+22	1.50e-18	1.62e-10	4.39e-07	6.72e-05	5.26e-02	4.22e-01	5.25e-01	0.00e+00	0.00e+00	0.00e+00	1.62e-10	4.62e-13	2.46e-49
 7.24052e+22	1.59e-18	1.95e-10	5.19e-07	7.67e-05	5.71e-02	4.33e-01	5.10e-01	0.00e+00	0.00e+00	0.00e+00	1.95e-10	5.53e-13	3.64e-49
 7.41179e+22	1.72e-18	2.33e-10	6.08e-07	8.71e-05	6.17e-02	4.43e-01	4.95e-01	0.00e+00	0.00e+00	0.00e+00	2.32e-10	6.54e-13	5.26e-49
 7.59393e+22	1.85e-18	2.81e-10	7.19e-07	9.95e-05	6.69e-02	4.53e-01	4.80e-01	0.00e+00	0.00e+00	0.00e+00	2.80e-10	7.83e-13	7.79e-49
 7.75003e+22	1.97e-18	3.28e-10	8.29e-07	1.12e-04	7.17e-02	4.62e-01	4.66e-01	0.00e+00	0.00e+00	0.00e+00	3.27e-10	9.12e-13	1.08e-48
 7.91278e+22	2.11e-18	3.79e-10	9.44e-07	1.24e-04	7.64e-02	4.70e-01	4.53e-01	0.00e+00	0.00e+00	0.00e+00	3.78e-10	1.04e-12	1.47e-48
 8.12435e+22	2.30e-18	4.55e-10	1.12e-06	1.42e-04	8.29e-02	4.80e-01	4.37e-01	0.00e+00	0.00e+00	0.00e+00	4.53e-10	1.24e-12	2.15e-48
 8.34771e+22	2.51e-18	5.51e-10	1.33e-06	1.63e-04	9.02e-02	4.90e-01	4.19e-01	0.00e+00	0.00e+00	0.00e+00	5.49e-10	1.49e-12	3.23e-48
 8.53219e+22	2.69e-18	6.43e-10	1.53e-06	1.83e-04	9.66e-02	4.98e-01	4.05e-01	0.00e+00	0.00e+00	0.00e+00	6.41e-10	1.73e-12	4.49e-48
 8.69158e+22	2.85e-18	7.27e-10	1.71e-06	2.00e-04	1.02e-01	5.04e-01	3.94e-01	0.00e+00	0.00e+00	0.00e+00	7.25e-10	1.94e-12	5.83e-48
 8.87258e+22	3.06e-18	8.29e-10	1.93e-06	2.21e-04	1.08e-01	5.10e-01	3.81e-01	0.00e+00	0.00e+00	0.00e+00	8.27e-10	2.20e-12	7.70e-48
 9.10788e+22	3.33e-18	9.74e-10	2.24e-06	2.49e-04	1.16e-01	5.18e-01	3.66e-01	0.00e+00	0.00e+00	0.00e+00	9.72e-10	2.55e-12	1.08e-47
 9.36323e+22	3.64e-18	1.16e-09	2.64e-06	2.84e-04	1.26e-01	5.25e-01	3.49e-01	0.00e+00	0.00e+00	0.00e+00	1.16e-09	3.01e-12	1.58e-47
 9.58760e+22	3.92e-18	1.35e-09	3.04e-06	3.18e-04	1.34e-01	5.31e-01	3.34e-01	0.00e+00	0.00e+00	0.00e+00	1.35e-09	3.47e-12	2.16e-47
 9.78990e+22	4.19e-18	1.53e-09	3.40e-06	3.49e-04	1.42e-01	5.35e-01	3.22e-01	0.00e+00	0.00e+00	0.00e+00	1.52e-09	3.89e-12	2.85e-47
 1.00205e+23	4.52e-18	1.74e-09	3.85e-06	3.87e-04	1.51e-01	5.40e-01	3.09e-01	0.00e+00	0.00e+00	0.00e+00	1.74e-09	4.39e-12	3.77e-47
 1.03204e+23	4.96e-18	2.05e-09	4.48e-06	4.37e-04	1.62e-01	5.44e-01	2.93e-01	0.00e+00	0.00e+00	0.00e+00	2.04e-09	5.08e-12	5.33e-47
 1.06445e+23	5.47e-18	2.44e-09	5.27e-06	5.00e-04	1.75e-01	5.48e-01	2.76e-01	0.00e+00	0.00e+00	0.00e+00	2.44e-09	5.97e-12	7.82e-47
 1.09276e+23	5.93e-18	2.83e-09	6.06e-06	5.60e-04	1.87e-01	5.51e-01	2.62e-01	0.00e+00	0.00e+00	0.00e+00	2.82e-09	6.84e-12	1.08e-46
 1.11840e+23	6.36e-18	3.20e-09	6.79e-06	6.15e-04	1.97e-01	5.53e-01	2.50e-01	0.00e+00	0.00e+00	0.00e+00	3.19e-09	7.63e-12	1.41e-46
 1.14783e+23	6.88e-18	3.63e-09	7.67e-06	6.80e-04	2.09e-01	5.53e-01	2.37e-01	0.00e+00	0.00e+00	0.00e+00	3.63e-09	8.53e-12	1.86e-46
 1.18608e+23	7.56e-18	4.24e-09	8.88e-06	7.68e-04	2.24e-01	5.54e-01	2.22e-01	0.00e+00	0.00e+00	0.00e+00	4.23e-09	9.75e-12	2.62e-46
 1.22854e+23	8.38e-18	5.04e-09	1.04e-05	8.77e-04	2.41e-01	5.52e-01	2.05e-01	0.00e+00	0.00e+00	0.00e+00	5.03e-09	1.13e-11	3.88e-46
 1.26723e+23	9.15e-18	5.86e-09	1.21e-05	9.91e-04	2.58e-01	5.50e-01	1.91e-01	0.00e+00	0.00e+00	0.00e+00	5.84e-09	1.30e-11	5.35e-46
 1.30214e+23	9.88e-18	6.63e-09	1.36e-05	1.09e-03	2.72e-01	5.47e-01	1.79e-01	0.00e+00	0.00e+00	0.00e+00	6.62e-09	1.44e-11	7.15e-46
 1.34135e+23	1.07e-17	7.49e-09	1.53e-05	1.20e-03	2.87e-01	5.43e-01	1.68e-01	0.00e+00	0.00e+00	0.00e+00	7.48e-09	1.59e-11	9.37e-46
 1.39140e+23	1.17e-17	8.65e-09	1.76e-05	1.35e-03	3.07e-01	5.38e-01	1.55e-01	0.00e+00	0.00e+00	0.00e+00	8.64e-09	1.79e-11	1.30e-45
 1.44308e+23	1.29e-17	1.01e-08	2.05e-05	1.53e-03	3.28e-01	5.30e-01	1.41e-01	0.00e+00	0.00e+00	0.00e+00	1.01e-08	2.04e-11	1.86e-45
 1.48560e+23	1.39e-17	1.14e-08	2.30e-05	1.69e-03	3.45e-01	5.23e-01	1.30e-01	0.00e+00	0.00e+00	0.00e+00	1.14e-08	2.25e-11	2.47e-45
 1.52230e+23	1.48e-17	1.25e-08	2.52e-05	1.82e-03	3.59e-01	5.17e-01	1.23e-01	0.00e+00	0.00e+00	0.00e+00	1.25e-08	2.42e-11	3.07e-45
 1.56363e+23	1.57e-17	1.37e-08	2.76e-05	1.97e-03	3.74e-01	5.09e-01	1.15e-01	0.00e+00	0.00e+00	0.00e+00	1.37e-08	2.59e-11	3.78e-45
 1.61736e+23	1.67e-17	1.52e-08	3.06e-05	2.15e-03	3.91e-01	5.00e-01	1.06e-01	0.00e+00	0.00e+00	0.00e+00	1.52e-08	2.78e-11	4.84e-45
 1.68130e+23	1.79e-17	1.71e-08	3.46e-05	2.38e-03	4.13e-01	4.89e-01	9.62e-02	0.00e+00	0.00e+00	0.00e+00	1.71e-08	3.02e-11	6.43e-45
 1.74532e+23	1.95e-17	1.94e-08	3.92e-05	2.64e-03	4.35e-01	4.76e-01	8.69e-02	0.00e+00	0.00e+00	0.00e+00	1.94e-08	3.31e-11	8.71e-45
 1.80287e+23	2.08e-17	2.14e-08	4.33e-05	2.87e-03	4.53e-01	4.64e-01	7.95e-02	0.00e+00	0.00e+00	0.00e+00	2.14e-08	3.55e-11	1.12e-44
 1.86519e+23	2.18e-17	2.33e-08	4.73e-05	3.10e-03	4.71e-01	4.53e-01	7.33e-02	0.00e+00	0.00e+00	0.00e+00	2.33e-08	3.71e-11	1.37e-44
 1.93905e+23	2.31e-17	2.56e-08	5.23e-05	3.37e-03	4.91e-01	4.39e-01	6.64e-02	0.00e+00	0.00e+00	0.00e+00	2.56e-08	3.90e-11	1.73e-44
 2.01784e+23	2.43e-17	2.82e-08	5.77e-05	3.67e-03	5.11e-01	4.25e-01	6.00e-02	0.00e+00	0.00e+00	0.00e+00	2.81e-08	4.09e-11	2.20e-44
 2.09979e+23	2.55e-17	3.07e-08	6.34e-05	3.96e-03	5.30e-01	4.11e-01	5.43e-02	0.00e+00	0.00e+00	0.00e+00	3.07e-08	4.26e-11	2.77e-44
 2.18502e+23	2.65e-17	3.32e-08	6.91e-05	4.27e-03	5.49e-01	3.97e-01	4.92e-02	0.00e+00	0.00e+00	0.00e+00	3.32e-08	4.38e-11	3.39e-44
 2.26978e+23	2.77e-17	3.59e-08	7.51e-05	4.58e-03	5.67e-01	3.84e-01	4.47e-02	0.00e+00	0.00e+00	0.00e+00	3.59e-08	4.51e-11	4.18e-44
 2.34829e+23	2.85e-17	3.82e-08	8.06e-05	4.86e-03	5.82e-01	3.72e-01	4.10e-02	0.00e+00	0.00e+00	0.00e+00	3.82e-08	4.60e-11	4.97e-44
 2.41894e+23	2.91e-17	4.03e-08	8.53e-05	5.10e-03	5.95e-01	3.62e-01	3.82e-02	0.00e+00	0.00e+00	0.00e+00	4.02e-08	4.65e-11	5.76e-44
 2.48253e+23	2.97e-17	4.21e-08	8.96e-05	5.32e-03	6.05e-01	3.53e-01	3.58e-02	0.00e+00	0.00e+00	0.00e+00	4.20e-08	4.69e-11	6.50e-44
 2.53976e+23	3.02e-17	4.36e-08	9.34e-05	5.51e-03	6.15e-01	3.46e-01	3.39e-02	0.00e+00	0.00e+00	0.00e+00	4.36e-08	4.71e-11	7.21e-44
 2.59126e+23	3.03e-17	4.49e-08	9.65e-05	5.66e-03	6.22e-01	3.40e-01	3.24e-02	0.00e+00	0.00e+00	0.00e+00	4.48e-08	4.70e-11	7.80e-44
 2.63762e+23	3.06e-17	4.60e-08	9.94e-05	5.81e-03	6.29e-01	3.34e-01	3.11e-02	0.00e+00	0.00e+00	0.00e+00	4.60e-08	4.70e-11	8.40e-44
 2.67934e+23	3.07e-17	4.69e-08	1.02e-04	5.92e-03	6.34e-01	3.30e-01	3.00e-02	0.00e+00	0.00e+00	0.00e+00	4.69e-08	4.68e-11	8.88e-44
 2.71689e+23	3.07e-17	4.77e-08	1.04e-04	6.03e-03	6.39e-01	3.26e-01	2.91e-02	0.00e+00	0.00e+00	0.00e+00	4.77e-08	4.66e-11	9.33e-44
 2.75068e+23	3.08e-17	4.85e-08	1.06e-04	6.12e-03	6.43e-01	3.22e-01	2.84e-02	0.00e+00	0.00e+00	0.00e+00	4.84e-08	4.64e-11	9.75e-44
 2.78196e+23	3.07e-17	4.90e-08	1.07e-04	6.19e-03	6.46e-01	3.20e-01	2.78e-02	0.00e+00	0.00e+00	0.00e+00	4.90e-08	4.60e-11	1.01e-43
 2.81251e+23	3.05e-17	4.94e-08	1.08e-04	6.25e-03	6.49e-01	3.17e-01	2.73e-02	0.00e+00	0.00e+00	0.00e+00	4.94e-08	4.55e-11	1.03e-43
 2.84306e+23	3.03e-17	4.98e-08	1.10e-04	6.32e-03	6.52e-01	3.15e-01	2.67e-02	0.00e+00	0.00e+00	0.00e+00	4.98e-08	4.50e-11	1.05e-43
 2.87360e+23	3.00e-17	5.02e-08	1.11e-04	6.38e-03	6.55e-01	3.12e-01	2.62e-02	0.00e+00	0.00e+00	0.00e+00	5.01e-08	4.45e-11	1.07e-43
 2.90415e+23	2.98e-17	5.05e-08	1.12e-04	6.44e-03	6.58e-01	3.10e-01	2.58e-02	0.00e+00	0.00e+00	0.00e+00	5.05e-08	4.40e-11	1.09e-43
 2.93470e+23	2.95e-17	5.09e-08	1.13e-04	6.49e-03	6.60e-01	3.08e-01	2.53e-02	0.00e+00	0.00e+00	0.00e+00	5.08e-08	4.34e-11	1.11e-43
 2.96525e+23	2.91e-17	5.11e-08	1.14e-04	6.54e-03	6.63e-01	3.06e-01	2.50e-02	0.00e+00	0.00e+00	0.00e+00	5.10e-08	4.28e-11	1.12e-43
 2.99580e+23	2.88e-17	5.13e-08	1.15e-04	6.58e-03	6.65e-01	3.04e-01	2.46e-02	0.00e+00	0.00e+00	0.00e+00	5.13e-08	4.22e-11	1.13e-43
 3.02635e+23	2.84e-17	5.15e-08	1.16e-04	6.63e-03	6.67e-01	3.02e-01	2.42e-02	0.00e+00	0.00e+00	0.00e+00	5.15e-08	4.16e-11	1.14e-43
 3.04822e+23	2.85e-17	5.22e-08	1.17e-04	6.69e-03	6.70e-01	2.99e-01	2.38e-02	0.00e+00	0.00e+00	0.00e+00	5.21e-08	4.16e-11	1.20e-43
