#depth	Mg	Mg+	Mg+2	Mg+3	Mg+4	Mg+5	Mg+6	Mg+7	Mg+8	Mg+9	Mg+10	Mg+11	Mg+12
 6.17135e+19	0.00e+00	0.00e+00	0.00e+00	4.90e-33	1.96e-27	1.47e-22	2.69e-18	1.66e-14	5.10e-11	8.65e-08	3.21e-04	3.47e-02	9.65e-01
 1.87609e+20	0.00e+00	0.00e+00	0.00e+00	1.26e-32	4.52e-27	3.03e-22	4.99e-18	2.77e-14	7.62e-11	1.16e-07	3.90e-04	3.83e-02	9.61e-01
 3.12629e+20	0.00e+00	0.00e+00	0.00e+00	3.16e-32	1.02e-26	6.13e-22	9.10e-18	4.55e-14	1.13e-10	1.55e-07	4.72e-04	4.20e-02	9.58e-01
 4.29922e+20	0.00e+00	0.00e+00	0.00e+00	7.36e-32	2.14e-26	1.17e-21	1.58e-17	7.20e-14	1.61e-10	2.01e-07	5.62e-04	4.58e-02	9.54e-01
 5.05043e+20	0.00e+00	0.00e+00	0.00e+00	1.27e-31	3.45e-26	1.77e-21	2.26e-17	9.66e-14	2.03e-10	2.38e-07	6.29e-04	4.83e-02	9.51e-01
 5.34510e+20	0.00e+00	0.00e+00	0.00e+00	1.57e-31	4.16e-26	2.09e-21	2.59e-17	1.08e-13	2.22e-10	2.55e-07	6.57e-04	4.93e-02	9.50e-01
 5.59347e+20	0.00e+00	0.00e+00	0.00e+00	1.84e-31	4.79e-26	2.36e-21	2.88e-17	1.18e-13	2.38e-10	2.68e-07	6.79e-04	5.02e-02	9.49e-01
 5.91635e+20	0.00e+00	0.00e+00	0.00e+00	2.30e-31	5.84e-26	2.80e-21	3.34e-17	1.34e-13	2.61e-10	2.87e-07	7.11e-04	5.13e-02	9.48e-01
 6.33609e+20	0.00e+00	0.00e+00	0.00e+00	3.07e-31	7.53e-26	3.50e-21	4.03e-17	1.56e-13	2.96e-10	3.14e-07	7.55e-04	5.28e-02	9.46e-01
 6.88177e+20	0.00e+00	0.00e+00	0.00e+00	4.46e-31	1.05e-25	4.66e-21	5.15e-17	1.92e-13	3.47e-10	3.53e-07	8.15e-04	5.48e-02	9.44e-01
 7.45389e+20	0.00e+00	0.00e+00	0.00e+00	6.58e-31	1.47e-25	6.28e-21	6.64e-17	2.37e-13	4.09e-10	3.99e-07	8.83e-04	5.70e-02	9.42e-01
 7.93628e+20	0.00e+00	0.00e+00	0.00e+00	9.10e-31	1.96e-25	8.05e-21	8.22e-17	2.83e-13	4.70e-10	4.42e-07	9.44e-04	5.88e-02	9.40e-01
 8.43924e+20	0.00e+00	0.00e+00	0.00e+00	1.27e-30	2.63e-25	1.04e-20	1.02e-16	3.39e-13	5.42e-10	4.90e-07	1.01e-03	6.08e-02	9.38e-01
 9.09310e+20	0.00e+00	0.00e+00	0.00e+00	1.96e-30	3.85e-25	1.45e-20	1.36e-16	4.29e-13	6.51e-10	5.61e-07	1.10e-03	6.34e-02	9.35e-01
 9.74660e+20	0.00e+00	0.00e+00	0.00e+00	3.00e-30	5.60e-25	2.01e-20	1.80e-16	5.41e-13	7.81e-10	6.42e-07	1.21e-03	6.62e-02	9.33e-01
 1.02547e+21	0.00e+00	0.00e+00	0.00e+00	4.16e-30	7.48e-25	2.58e-20	2.23e-16	6.47e-13	8.99e-10	7.11e-07	1.29e-03	6.83e-02	9.30e-01
 1.06999e+21	0.00e+00	0.00e+00	0.00e+00	5.52e-30	9.60e-25	3.21e-20	2.69e-16	7.56e-13	1.01e-09	7.78e-07	1.37e-03	7.03e-02	9.28e-01
 1.12080e+21	0.00e+00	0.00e+00	0.00e+00	7.61e-30	1.27e-24	4.10e-20	3.32e-16	9.01e-13	1.16e-09	8.60e-07	1.46e-03	7.25e-02	9.26e-01
 1.18687e+21	0.00e+00	0.00e+00	0.00e+00	1.15e-29	1.83e-24	5.62e-20	4.35e-16	1.13e-12	1.39e-09	9.79e-07	1.59e-03	7.55e-02	9.23e-01
 1.25364e+21	0.00e+00	0.00e+00	0.00e+00	1.73e-29	2.63e-24	7.71e-20	5.71e-16	1.42e-12	1.66e-09	1.12e-06	1.73e-03	7.86e-02	9.20e-01
 1.30660e+21	0.00e+00	0.00e+00	0.00e+00	2.41e-29	3.52e-24	9.93e-20	7.09e-16	1.70e-12	1.91e-09	1.24e-06	1.85e-03	8.12e-02	9.17e-01
 1.36073e+21	0.00e+00	0.00e+00	0.00e+00	3.31e-29	4.66e-24	1.27e-19	8.74e-16	2.02e-12	2.19e-09	1.37e-06	1.97e-03	8.37e-02	9.14e-01
 1.43109e+21	0.00e+00	0.00e+00	0.00e+00	5.02e-29	6.72e-24	1.74e-19	1.15e-15	2.54e-12	2.62e-09	1.56e-06	2.15e-03	8.72e-02	9.11e-01
 1.50165e+21	0.00e+00	0.00e+00	0.00e+00	7.58e-29	9.66e-24	2.39e-19	1.51e-15	3.18e-12	3.13e-09	1.78e-06	2.34e-03	9.07e-02	9.07e-01
 1.55706e+21	0.00e+00	0.00e+00	0.00e+00	1.05e-28	1.29e-23	3.07e-19	1.87e-15	3.81e-12	3.60e-09	1.97e-06	2.50e-03	9.36e-02	9.04e-01
 1.60618e+21	0.00e+00	0.00e+00	0.00e+00	1.38e-28	1.63e-23	3.78e-19	2.24e-15	4.42e-12	4.04e-09	2.15e-06	2.64e-03	9.61e-02	9.01e-01
 1.66249e+21	0.00e+00	0.00e+00	0.00e+00	1.88e-28	2.16e-23	4.82e-19	2.75e-15	5.26e-12	4.63e-09	2.37e-06	2.82e-03	9.90e-02	8.98e-01
 1.73570e+21	0.00e+00	0.00e+00	0.00e+00	2.82e-28	3.07e-23	6.56e-19	3.59e-15	6.56e-12	5.50e-09	2.69e-06	3.06e-03	1.03e-01	8.94e-01
 1.81066e+21	0.00e+00	0.00e+00	0.00e+00	4.22e-28	4.39e-23	8.95e-19	4.69e-15	8.20e-12	6.56e-09	3.06e-06	3.33e-03	1.07e-01	8.90e-01
 1.87168e+21	0.00e+00	0.00e+00	0.00e+00	5.83e-28	5.84e-23	1.15e-18	5.81e-15	9.80e-12	7.54e-09	3.39e-06	3.56e-03	1.10e-01	8.86e-01
 1.93481e+21	0.00e+00	0.00e+00	0.00e+00	8.08e-28	7.79e-23	1.48e-18	7.22e-15	1.17e-11	8.69e-09	3.77e-06	3.80e-03	1.14e-01	8.82e-01
 2.00522e+21	0.00e+00	0.00e+00	2.04e-33	1.16e-27	1.07e-22	1.95e-18	9.16e-15	1.43e-11	1.02e-08	4.22e-06	4.09e-03	1.18e-01	8.78e-01
 2.07077e+21	0.00e+00	0.00e+00	2.94e-33	1.61e-27	1.43e-22	2.51e-18	1.14e-14	1.72e-11	1.17e-08	4.69e-06	4.38e-03	1.22e-01	8.74e-01
 2.13211e+21	0.00e+00	0.00e+00	4.12e-33	2.17e-27	1.87e-22	3.16e-18	1.39e-14	2.03e-11	1.34e-08	5.16e-06	4.66e-03	1.25e-01	8.70e-01
 2.20233e+21	0.00e+00	0.00e+00	6.02e-33	3.05e-27	2.52e-22	4.10e-18	1.74e-14	2.45e-11	1.55e-08	5.75e-06	4.99e-03	1.29e-01	8.66e-01
 2.28090e+21	0.00e+00	0.00e+00	9.12e-33	4.42e-27	3.49e-22	5.46e-18	2.23e-14	3.02e-11	1.82e-08	6.47e-06	5.39e-03	1.34e-01	8.61e-01
 2.35465e+21	0.00e+00	0.00e+00	1.34e-32	6.23e-27	4.72e-22	7.11e-18	2.80e-14	3.64e-11	2.11e-08	7.22e-06	5.78e-03	1.38e-01	8.56e-01
 2.42432e+21	0.00e+00	0.00e+00	1.90e-32	8.54e-27	6.24e-22	9.07e-18	3.45e-14	4.35e-11	2.42e-08	7.99e-06	6.16e-03	1.42e-01	8.52e-01
 2.50438e+21	0.00e+00	0.00e+00	2.83e-32	1.22e-26	8.55e-22	1.19e-17	4.37e-14	5.29e-11	2.83e-08	8.94e-06	6.63e-03	1.47e-01	8.46e-01
 2.58928e+21	0.00e+00	0.00e+00	4.28e-32	1.76e-26	1.18e-21	1.59e-17	5.59e-14	6.50e-11	3.32e-08	1.01e-05	7.15e-03	1.52e-01	8.41e-01
 2.66258e+21	0.00e+00	0.00e+00	6.07e-32	2.41e-26	1.56e-21	2.02e-17	6.88e-14	7.73e-11	3.80e-08	1.11e-05	7.62e-03	1.56e-01	8.36e-01
 2.73997e+21	0.00e+00	0.00e+00	8.71e-32	3.33e-26	2.08e-21	2.59e-17	8.53e-14	9.26e-11	4.38e-08	1.23e-05	8.13e-03	1.61e-01	8.31e-01
 2.84058e+21	0.00e+00	0.00e+00	1.38e-31	5.01e-26	2.98e-21	3.55e-17	1.12e-13	1.16e-10	5.24e-08	1.40e-05	8.84e-03	1.67e-01	8.24e-01
 2.94217e+21	0.00e+00	0.00e+00	2.16e-31	7.51e-26	4.26e-21	4.85e-17	1.47e-13	1.46e-10	6.25e-08	1.60e-05	9.60e-03	1.73e-01	8.17e-01
 3.02314e+21	0.00e+00	0.00e+00	3.08e-31	1.03e-25	5.63e-21	6.19e-17	1.81e-13	1.74e-10	7.17e-08	1.77e-05	1.02e-02	1.78e-01	8.11e-01
 3.10652e+21	0.00e+00	0.00e+00	4.39e-31	1.42e-25	7.46e-21	7.91e-17	2.24e-13	2.07e-10	8.24e-08	1.96e-05	1.09e-02	1.84e-01	8.06e-01
 3.21492e+21	0.00e+00	0.00e+00	6.89e-31	2.12e-25	1.07e-20	1.08e-16	2.93e-13	2.59e-10	9.82e-08	2.22e-05	1.18e-02	1.90e-01	7.98e-01
 3.32176e+21	0.00e+00	0.00e+00	1.07e-30	3.13e-25	1.51e-20	1.46e-16	3.80e-13	3.22e-10	1.16e-07	2.52e-05	1.28e-02	1.97e-01	7.90e-01
 3.40299e+21	0.00e+00	0.00e+00	1.47e-30	4.18e-25	1.95e-20	1.83e-16	4.61e-13	3.79e-10	1.32e-07	2.76e-05	1.36e-02	2.02e-01	7.84e-01
 3.48502e+21	0.00e+00	0.00e+00	2.04e-30	5.59e-25	2.51e-20	2.29e-16	5.59e-13	4.45e-10	1.50e-07	3.03e-05	1.44e-02	2.07e-01	7.79e-01
 3.59165e+21	0.00e+00	0.00e+00	3.05e-30	8.03e-25	3.46e-20	3.03e-16	7.12e-13	5.45e-10	1.76e-07	3.40e-05	1.55e-02	2.14e-01	7.71e-01
 3.70518e+21	0.00e+00	0.00e+00	4.67e-30	1.18e-24	4.86e-20	4.06e-16	9.19e-13	6.74e-10	2.07e-07	3.83e-05	1.67e-02	2.21e-01	7.63e-01
 3.80359e+21	0.00e+00	0.00e+00	6.71e-30	1.63e-24	6.47e-20	5.22e-16	1.14e-12	8.08e-10	2.39e-07	4.25e-05	1.78e-02	2.27e-01	7.55e-01
 3.90744e+21	0.00e+00	0.00e+00	9.76e-30	2.27e-24	8.70e-20	6.76e-16	1.43e-12	9.73e-10	2.76e-07	4.72e-05	1.90e-02	2.33e-01	7.48e-01
 4.02400e+21	0.00e+00	0.00e+00	1.47e-29	3.29e-24	1.21e-19	8.99e-16	1.82e-12	1.19e-09	3.25e-07	5.30e-05	2.05e-02	2.40e-01	7.39e-01
 4.13424e+21	0.00e+00	0.00e+00	2.16e-29	4.63e-24	1.63e-19	1.17e-15	2.29e-12	1.44e-09	3.77e-07	5.91e-05	2.19e-02	2.47e-01	7.31e-01
 4.23890e+21	0.00e+00	0.00e+00	3.08e-29	6.37e-24	2.16e-19	1.50e-15	2.83e-12	1.72e-09	4.33e-07	6.53e-05	2.33e-02	2.54e-01	7.23e-01
 4.34243e+21	0.00e+00	0.00e+00	4.35e-29	8.67e-24	2.84e-19	1.90e-15	3.48e-12	2.05e-09	4.95e-07	7.19e-05	2.48e-02	2.60e-01	7.15e-01
 4.46026e+21	0.00e+00	0.00e+00	6.38e-29	1.22e-23	3.85e-19	2.48e-15	4.38e-12	2.48e-09	5.75e-07	8.02e-05	2.65e-02	2.67e-01	7.06e-01
 4.58815e+21	0.00e+00	0.00e+00	9.63e-29	1.77e-23	5.34e-19	3.30e-15	5.60e-12	3.05e-09	6.74e-07	8.99e-05	2.85e-02	2.75e-01	6.97e-01
 4.70268e+21	0.00e+00	0.00e+00	1.38e-28	2.44e-23	7.11e-19	4.24e-15	6.94e-12	3.64e-09	7.76e-07	9.95e-05	3.03e-02	2.82e-01	6.88e-01
 4.82515e+21	0.00e+00	0.00e+00	2.01e-28	3.43e-23	9.59e-19	5.50e-15	8.70e-12	4.40e-09	8.99e-07	1.11e-04	3.23e-02	2.89e-01	6.79e-01
 4.96059e+21	0.00e+00	0.00e+00	3.04e-28	4.96e-23	1.33e-18	7.31e-15	1.11e-11	5.40e-09	1.05e-06	1.24e-04	3.47e-02	2.97e-01	6.68e-01
 5.08576e+21	0.00e+00	0.00e+00	4.41e-28	6.92e-23	1.79e-18	9.47e-15	1.39e-11	6.50e-09	1.22e-06	1.38e-04	3.70e-02	3.04e-01	6.59e-01
 5.22133e+21	0.00e+00	0.00e+00	6.55e-28	9.87e-23	2.44e-18	1.24e-14	1.76e-11	7.91e-09	1.42e-06	1.54e-04	3.95e-02	3.12e-01	6.48e-01
 5.37042e+21	0.00e+00	0.00e+00	1.01e-27	1.45e-22	3.43e-18	1.67e-14	2.27e-11	9.79e-09	1.68e-06	1.73e-04	4.25e-02	3.21e-01	6.37e-01
 5.50619e+21	0.00e+00	0.00e+00	1.47e-27	2.04e-22	4.65e-18	2.18e-14	2.86e-11	1.18e-08	1.94e-06	1.92e-04	4.53e-02	3.28e-01	6.26e-01
 5.62180e+21	0.00e+00	0.00e+00	2.04e-27	2.73e-22	6.01e-18	2.73e-14	3.47e-11	1.39e-08	2.20e-06	2.10e-04	4.78e-02	3.35e-01	6.17e-01
 5.74210e+21	0.00e+00	0.00e+00	2.83e-27	3.66e-22	7.80e-18	3.43e-14	4.22e-11	1.64e-08	2.50e-06	2.30e-04	5.05e-02	3.41e-01	6.08e-01
 5.87796e+21	0.00e+00	2.34e-33	4.07e-27	5.07e-22	1.04e-17	4.41e-14	5.24e-11	1.96e-08	2.88e-06	2.54e-04	5.36e-02	3.49e-01	5.98e-01
 6.00716e+21	0.00e+00	3.41e-33	5.73e-27	6.89e-22	1.36e-17	5.59e-14	6.43e-11	2.33e-08	3.28e-06	2.79e-04	5.67e-02	3.55e-01	5.88e-01
 6.12806e+21	0.00e+00	4.83e-33	7.86e-27	9.15e-22	1.75e-17	6.95e-14	7.76e-11	2.72e-08	3.71e-06	3.04e-04	5.97e-02	3.62e-01	5.78e-01
 6.26507e+21	0.00e+00	7.12e-33	1.12e-26	1.25e-21	2.32e-17	8.87e-14	9.58e-11	3.24e-08	4.25e-06	3.34e-04	6.32e-02	3.69e-01	5.68e-01
 6.41710e+21	0.00e+00	1.09e-32	1.64e-26	1.77e-21	3.15e-17	1.16e-13	1.21e-10	3.93e-08	4.93e-06	3.71e-04	6.73e-02	3.76e-01	5.56e-01
 6.54547e+21	0.00e+00	1.55e-32	2.27e-26	2.36e-21	4.06e-17	1.45e-13	1.46e-10	4.61e-08	5.57e-06	4.05e-04	7.08e-02	3.83e-01	5.46e-01
 6.64711e+21	0.00e+00	2.04e-32	2.91e-26	2.96e-21	4.96e-17	1.72e-13	1.70e-10	5.22e-08	6.14e-06	4.33e-04	7.37e-02	3.87e-01	5.38e-01
 6.75722e+21	0.00e+00	2.75e-32	3.81e-26	3.77e-21	6.15e-17	2.08e-13	2.00e-10	5.97e-08	6.81e-06	4.66e-04	7.69e-02	3.93e-01	5.30e-01
 6.90037e+21	0.00e+00	4.01e-32	5.37e-26	5.13e-21	8.07e-17	2.63e-13	2.45e-10	7.08e-08	7.77e-06	5.11e-04	8.12e-02	3.99e-01	5.19e-01
 7.05002e+21	0.00e+00	5.94e-32	7.68e-26	7.07e-21	1.07e-16	3.38e-13	3.04e-10	8.46e-08	8.91e-06	5.63e-04	8.58e-02	4.06e-01	5.08e-01
 7.16589e+21	0.00e+00	8.05e-32	1.01e-25	9.06e-21	1.34e-16	4.09e-13	3.58e-10	9.71e-08	9.91e-06	6.06e-04	8.96e-02	4.11e-01	4.99e-01
 7.25649e+21	0.00e+00	1.02e-31	1.25e-25	1.10e-20	1.58e-16	4.75e-13	4.08e-10	1.08e-07	1.08e-05	6.42e-04	9.26e-02	4.15e-01	4.92e-01
 7.35645e+21	0.00e+00	1.30e-31	1.57e-25	1.34e-20	1.89e-16	5.55e-13	4.66e-10	1.21e-07	1.17e-05	6.81e-04	9.58e-02	4.19e-01	4.85e-01
 7.48640e+21	0.00e+00	1.79e-31	2.10e-25	1.74e-20	2.38e-16	6.78e-13	5.54e-10	1.39e-07	1.31e-05	7.35e-04	1.00e-01	4.24e-01	4.75e-01
 7.62571e+21	0.00e+00	2.56e-31	2.90e-25	2.33e-20	3.08e-16	8.48e-13	6.73e-10	1.64e-07	1.48e-05	8.02e-04	1.05e-01	4.29e-01	4.65e-01
 7.74389e+21	0.00e+00	3.42e-31	3.78e-25	2.96e-20	3.81e-16	1.02e-12	7.90e-10	1.87e-07	1.64e-05	8.60e-04	1.09e-01	4.34e-01	4.56e-01
 7.84851e+21	0.00e+00	4.41e-31	4.77e-25	3.65e-20	4.58e-16	1.20e-12	9.08e-10	2.10e-07	1.80e-05	9.14e-04	1.13e-01	4.38e-01	4.48e-01
 7.96882e+21	0.00e+00	5.89e-31	6.21e-25	4.62e-20	5.66e-16	1.44e-12	1.06e-09	2.40e-07	1.99e-05	9.80e-04	1.18e-01	4.42e-01	4.39e-01
 8.12522e+21	0.00e+00	8.55e-31	8.72e-25	6.27e-20	7.41e-16	1.82e-12	1.31e-09	2.84e-07	2.26e-05	1.07e-03	1.24e-01	4.47e-01	4.28e-01
 8.27465e+21	0.00e+00	1.22e-30	1.20e-24	8.38e-20	9.60e-16	2.29e-12	1.59e-09	3.34e-07	2.56e-05	1.17e-03	1.30e-01	4.52e-01	4.17e-01
 8.38062e+21	0.00e+00	1.57e-30	1.51e-24	1.03e-19	1.15e-15	2.68e-12	1.82e-09	3.75e-07	2.80e-05	1.24e-03	1.34e-01	4.55e-01	4.10e-01
 8.48398e+21	0.00e+00	1.99e-30	1.88e-24	1.25e-19	1.37e-15	3.12e-12	2.08e-09	4.18e-07	3.04e-05	1.31e-03	1.39e-01	4.58e-01	4.02e-01
 8.61836e+21	0.00e+00	2.70e-30	2.49e-24	1.61e-19	1.72e-15	3.80e-12	2.46e-09	4.81e-07	3.39e-05	1.41e-03	1.44e-01	4.62e-01	3.93e-01
 8.76182e+21	0.00e+00	3.75e-30	3.36e-24	2.11e-19	2.18e-15	4.68e-12	2.95e-09	5.59e-07	3.81e-05	1.53e-03	1.51e-01	4.65e-01	3.83e-01
 8.88570e+21	0.00e+00	4.96e-30	4.34e-24	2.66e-19	2.68e-15	5.60e-12	3.45e-09	6.36e-07	4.20e-05	1.63e-03	1.56e-01	4.68e-01	3.74e-01
 8.99830e+21	0.00e+00	6.38e-30	5.47e-24	3.28e-19	3.22e-15	6.58e-12	3.97e-09	7.15e-07	4.59e-05	1.73e-03	1.61e-01	4.71e-01	3.66e-01
 9.12764e+21	0.00e+00	8.50e-30	7.11e-24	4.15e-19	3.98e-15	7.91e-12	4.65e-09	8.16e-07	5.08e-05	1.85e-03	1.67e-01	4.74e-01	3.57e-01
 9.27286e+21	0.00e+00	1.17e-29	9.53e-24	5.41e-19	5.03e-15	9.71e-12	5.56e-09	9.46e-07	5.69e-05	2.00e-03	1.74e-01	4.76e-01	3.48e-01
 9.40334e+21	0.00e+00	1.56e-29	1.24e-23	6.85e-19	6.21e-15	1.17e-11	6.52e-09	1.08e-06	6.30e-05	2.14e-03	1.80e-01	4.79e-01	3.39e-01
 9.51607e+21	0.00e+00	1.98e-29	1.55e-23	8.38e-19	7.43e-15	1.37e-11	7.48e-09	1.21e-06	6.87e-05	2.27e-03	1.86e-01	4.80e-01	3.31e-01
 9.64109e+21	0.00e+00	2.59e-29	1.98e-23	1.05e-18	9.06e-15	1.62e-11	8.69e-09	1.37e-06	7.55e-05	2.41e-03	1.92e-01	4.82e-01	3.23e-01
 9.78056e+21	0.00e+00	3.48e-29	2.60e-23	1.34e-18	1.13e-14	1.97e-11	1.03e-08	1.58e-06	8.40e-05	2.59e-03	1.99e-01	4.84e-01	3.14e-01
 9.90960e+21	0.00e+00	4.57e-29	3.34e-23	1.68e-18	1.38e-14	2.35e-11	1.20e-08	1.79e-06	9.26e-05	2.76e-03	2.06e-01	4.86e-01	3.05e-01
 1.00281e+22	0.00e+00	5.86e-29	4.19e-23	2.07e-18	1.66e-14	2.76e-11	1.38e-08	2.01e-06	1.01e-04	2.93e-03	2.12e-01	4.87e-01	2.98e-01
 1.01623e+22	0.00e+00	7.72e-29	5.41e-23	2.60e-18	2.05e-14	3.31e-11	1.62e-08	2.29e-06	1.12e-04	3.13e-03	2.20e-01	4.88e-01	2.89e-01
 1.03117e+22	0.00e+00	1.05e-28	7.18e-23	3.37e-18	2.58e-14	4.05e-11	1.92e-08	2.65e-06	1.25e-04	3.36e-03	2.28e-01	4.88e-01	2.80e-01
 1.04481e+22	0.00e+00	1.38e-28	9.28e-23	4.25e-18	3.17e-14	4.86e-11	2.26e-08	3.03e-06	1.38e-04	3.59e-03	2.35e-01	4.89e-01	2.72e-01
 1.05708e+22	0.00e+00	1.77e-28	1.17e-22	5.23e-18	3.82e-14	5.72e-11	2.60e-08	3.41e-06	1.51e-04	3.81e-03	2.42e-01	4.89e-01	2.64e-01
 1.07089e+22	0.00e+00	2.32e-28	1.50e-22	6.59e-18	4.70e-14	6.86e-11	3.05e-08	3.89e-06	1.67e-04	4.06e-03	2.50e-01	4.89e-01	2.56e-01
 1.08635e+22	0.00e+00	3.14e-28	1.99e-22	8.53e-18	5.93e-14	8.40e-11	3.63e-08	4.50e-06	1.87e-04	4.37e-03	2.59e-01	4.89e-01	2.47e-01
 1.10069e+22	0.00e+00	4.17e-28	2.59e-22	1.09e-17	7.36e-14	1.02e-10	4.29e-08	5.17e-06	2.08e-04	4.68e-03	2.68e-01	4.88e-01	2.39e-01
 1.11372e+22	0.00e+00	5.32e-28	3.25e-22	1.34e-17	8.88e-14	1.20e-10	4.95e-08	5.82e-06	2.27e-04	4.96e-03	2.76e-01	4.88e-01	2.32e-01
 1.12830e+22	2.09e-33	6.98e-28	4.19e-22	1.69e-17	1.10e-13	1.44e-10	5.81e-08	6.65e-06	2.52e-04	5.29e-03	2.84e-01	4.87e-01	2.24e-01
 1.14475e+22	2.98e-33	9.47e-28	5.58e-22	2.20e-17	1.39e-13	1.77e-10	6.97e-08	7.74e-06	2.83e-04	5.70e-03	2.94e-01	4.85e-01	2.15e-01
 1.16009e+22	4.17e-33	1.26e-27	7.30e-22	2.81e-17	1.74e-13	2.16e-10	8.27e-08	8.92e-06	3.15e-04	6.11e-03	3.04e-01	4.83e-01	2.06e-01
 1.17400e+22	5.54e-33	1.61e-27	9.18e-22	3.47e-17	2.10e-13	2.55e-10	9.57e-08	1.01e-05	3.45e-04	6.48e-03	3.12e-01	4.81e-01	2.00e-01
 1.18961e+22	7.62e-33	2.11e-27	1.19e-21	4.40e-17	2.60e-13	3.08e-10	1.13e-07	1.15e-05	3.83e-04	6.92e-03	3.22e-01	4.79e-01	1.92e-01
 1.20989e+22	1.14e-32	2.97e-27	1.65e-21	5.95e-17	3.43e-13	3.91e-10	1.39e-07	1.37e-05	4.38e-04	7.53e-03	3.34e-01	4.76e-01	1.82e-01
 1.22937e+22	1.68e-32	4.12e-27	2.24e-21	7.94e-17	4.45e-13	4.92e-10	1.70e-07	1.62e-05	4.97e-04	8.16e-03	3.46e-01	4.72e-01	1.73e-01
 1.24319e+22	2.21e-32	5.18e-27	2.79e-21	9.73e-17	5.36e-13	5.79e-10	1.96e-07	1.83e-05	5.45e-04	8.64e-03	3.55e-01	4.69e-01	1.67e-01
 1.25657e+22	2.82e-32	6.38e-27	3.40e-21	1.17e-16	6.34e-13	6.70e-10	2.23e-07	2.03e-05	5.91e-04	9.09e-03	3.63e-01	4.66e-01	1.61e-01
 1.27396e+22	3.88e-32	8.34e-27	4.40e-21	1.49e-16	7.88e-13	8.12e-10	2.63e-07	2.33e-05	6.57e-04	9.72e-03	3.73e-01	4.62e-01	1.54e-01
 1.29264e+22	5.43e-32	1.11e-26	5.77e-21	1.91e-16	9.93e-13	9.94e-10	3.14e-07	2.70e-05	7.35e-04	1.04e-02	3.85e-01	4.57e-01	1.47e-01
 1.30902e+22	7.24e-32	1.41e-26	7.27e-21	2.38e-16	1.21e-12	1.18e-09	3.65e-07	3.06e-05	8.09e-04	1.11e-02	3.94e-01	4.53e-01	1.41e-01
 1.32634e+22	9.69e-32	1.80e-26	9.21e-21	2.96e-16	1.48e-12	1.41e-09	4.26e-07	3.48e-05	8.92e-04	1.18e-02	4.04e-01	4.48e-01	1.35e-01
 1.34588e+22	1.34e-31	2.35e-26	1.19e-20	3.78e-16	1.85e-12	1.72e-09	5.05e-07	4.01e-05	9.94e-04	1.26e-02	4.15e-01	4.43e-01	1.28e-01
 1.36437e+22	1.80e-31	3.01e-26	1.52e-20	4.74e-16	2.28e-12	2.06e-09	5.91e-07	4.57e-05	1.10e-03	1.34e-02	4.26e-01	4.38e-01	1.22e-01
 1.38169e+22	2.35e-31	3.77e-26	1.89e-20	5.83e-16	2.75e-12	2.43e-09	6.82e-07	5.15e-05	1.20e-03	1.42e-02	4.35e-01	4.33e-01	1.17e-01
 1.40145e+22	3.16e-31	4.82e-26	2.40e-20	7.30e-16	3.39e-12	2.91e-09	7.99e-07	5.87e-05	1.33e-03	1.51e-02	4.46e-01	4.27e-01	1.11e-01
 1.42359e+22	4.37e-31	6.30e-26	3.12e-20	9.36e-16	4.25e-12	3.55e-09	9.50e-07	6.78e-05	1.48e-03	1.61e-02	4.57e-01	4.20e-01	1.05e-01
 1.44433e+22	5.85e-31	8.04e-26	3.96e-20	1.17e-15	5.23e-12	4.26e-09	1.11e-06	7.72e-05	1.64e-03	1.72e-02	4.68e-01	4.14e-01	9.94e-02
 1.46379e+22	7.64e-31	1.00e-25	4.92e-20	1.44e-15	6.32e-12	5.02e-09	1.28e-06	8.69e-05	1.80e-03	1.82e-02	4.77e-01	4.08e-01	9.46e-02
 1.48308e+22	9.86e-31	1.24e-25	6.07e-20	1.75e-15	7.57e-12	5.89e-09	1.47e-06	9.73e-05	1.96e-03	1.92e-02	4.87e-01	4.02e-01	9.02e-02
 1.50205e+22	1.26e-30	1.52e-25	7.41e-20	2.12e-15	9.02e-12	6.86e-09	1.68e-06	1.09e-04	2.13e-03	2.02e-02	4.95e-01	3.96e-01	8.60e-02
 1.52359e+22	1.65e-30	1.89e-25	9.22e-20	2.61e-15	1.09e-11	8.10e-09	1.94e-06	1.22e-04	2.33e-03	2.13e-02	5.05e-01	3.90e-01	8.17e-02
 1.54701e+22	2.19e-30	2.40e-25	1.16e-19	3.26e-15	1.34e-11	9.69e-09	2.26e-06	1.39e-04	2.57e-03	2.26e-02	5.15e-01	3.82e-01	7.71e-02
 1.56794e+22	2.81e-30	2.94e-25	1.43e-19	3.95e-15	1.60e-11	1.13e-08	2.59e-06	1.55e-04	2.80e-03	2.38e-02	5.24e-01	3.76e-01	7.33e-02
 1.59022e+22	3.61e-30	3.63e-25	1.75e-19	4.81e-15	1.92e-11	1.33e-08	2.97e-06	1.74e-04	3.05e-03	2.51e-02	5.33e-01	3.69e-01	6.96e-02
 1.61521e+22	4.77e-30	4.56e-25	2.20e-19	5.97e-15	2.34e-11	1.58e-08	3.45e-06	1.96e-04	3.35e-03	2.66e-02	5.43e-01	3.62e-01	6.56e-02
 1.63863e+22	6.14e-30	5.62e-25	2.71e-19	7.28e-15	2.81e-11	1.85e-08	3.96e-06	2.20e-04	3.65e-03	2.80e-02	5.52e-01	3.55e-01	6.21e-02
 1.66059e+22	7.73e-30	6.80e-25	3.28e-19	8.72e-15	3.31e-11	2.14e-08	4.48e-06	2.44e-04	3.95e-03	2.94e-02	5.59e-01	3.48e-01	5.90e-02
 1.68571e+22	9.96e-30	8.38e-25	4.04e-19	1.06e-14	3.98e-11	2.51e-08	5.14e-06	2.73e-04	4.30e-03	3.10e-02	5.68e-01	3.41e-01	5.58e-02
 1.71402e+22	1.32e-29	1.06e-24	5.08e-19	1.33e-14	4.88e-11	2.99e-08	5.98e-06	3.09e-04	4.73e-03	3.28e-02	5.77e-01	3.33e-01	5.23e-02
 1.73899e+22	1.68e-29	1.29e-24	6.20e-19	1.60e-14	5.80e-11	3.48e-08	6.82e-06	3.44e-04	5.13e-03	3.44e-02	5.85e-01	3.26e-01	4.94e-02
 1.75976e+22	2.04e-29	1.51e-24	7.28e-19	1.87e-14	6.68e-11	3.94e-08	7.57e-06	3.75e-04	5.47e-03	3.58e-02	5.91e-01	3.20e-01	4.72e-02
 1.78256e+22	2.50e-29	1.80e-24	8.63e-19	2.20e-14	7.76e-11	4.49e-08	8.47e-06	4.11e-04	5.87e-03	3.73e-02	5.98e-01	3.14e-01	4.50e-02
 1.81221e+22	3.26e-29	2.23e-24	1.07e-18	2.70e-14	9.39e-11	5.30e-08	9.76e-06	4.61e-04	6.40e-03	3.93e-02	6.06e-01	3.06e-01	4.22e-02
 1.84315e+22	4.26e-29	2.79e-24	1.34e-18	3.34e-14	1.14e-10	6.28e-08	1.13e-05	5.19e-04	7.00e-03	4.14e-02	6.14e-01	2.98e-01	3.95e-02
 1.86912e+22	5.31e-29	3.35e-24	1.61e-18	3.97e-14	1.34e-10	7.21e-08	1.27e-05	5.71e-04	7.52e-03	4.33e-02	6.20e-01	2.91e-01	3.74e-02
 1.89625e+22	6.62e-29	4.02e-24	1.93e-18	4.73e-14	1.57e-10	8.29e-08	1.43e-05	6.29e-04	8.09e-03	4.52e-02	6.26e-01	2.85e-01	3.54e-02
 1.93152e+22	8.77e-29	5.08e-24	2.43e-18	5.90e-14	1.92e-10	9.89e-08	1.66e-05	7.11e-04	8.86e-03	4.77e-02	6.34e-01	2.76e-01	3.29e-02
 1.96787e+22	1.16e-28	6.44e-24	3.08e-18	7.38e-14	2.36e-10	1.18e-07	1.94e-05	8.04e-04	9.72e-03	5.03e-02	6.41e-01	2.68e-01	3.06e-02
 1.99769e+22	1.46e-28	7.79e-24	3.72e-18	8.83e-14	2.78e-10	1.36e-07	2.19e-05	8.87e-04	1.05e-02	5.25e-02	6.46e-01	2.61e-01	2.88e-02
 2.02852e+22	1.83e-28	9.42e-24	4.49e-18	1.06e-13	3.28e-10	1.57e-07	2.47e-05	9.77e-04	1.12e-02	5.47e-02	6.52e-01	2.54e-01	2.72e-02
 2.06269e+22	2.35e-28	1.16e-23	5.52e-18	1.28e-13	3.92e-10	1.83e-07	2.81e-05	1.09e-03	1.22e-02	5.73e-02	6.57e-01	2.47e-01	2.54e-02
 2.09426e+22	2.94e-28	1.40e-23	6.65e-18	1.53e-13	4.60e-10	2.11e-07	3.16e-05	1.19e-03	1.30e-02	5.97e-02	6.62e-01	2.41e-01	2.40e-02
 2.12839e+22	3.71e-28	1.71e-23	8.08e-18	1.84e-13	5.45e-10	2.44e-07	3.58e-05	1.32e-03	1.40e-02	6.22e-02	6.66e-01	2.34e-01	2.25e-02
 2.16656e+22	4.81e-28	2.12e-23	1.00e-17	2.26e-13	6.56e-10	2.86e-07	4.10e-05	1.47e-03	1.52e-02	6.51e-02	6.71e-01	2.27e-01	2.10e-02
 2.20247e+22	6.09e-28	2.60e-23	1.22e-17	2.72e-13	7.77e-10	3.32e-07	4.64e-05	1.62e-03	1.63e-02	6.79e-02	6.75e-01	2.20e-01	1.97e-02
 2.24163e+22	7.83e-28	3.21e-23	1.51e-17	3.31e-13	9.30e-10	3.87e-07	5.28e-05	1.80e-03	1.76e-02	7.08e-02	6.78e-01	2.13e-01	1.83e-02
 2.28542e+22	1.03e-27	4.07e-23	1.90e-17	4.12e-13	1.13e-09	4.59e-07	6.09e-05	2.02e-03	1.91e-02	7.42e-02	6.82e-01	2.05e-01	1.70e-02
 2.32673e+22	1.33e-27	5.06e-23	2.35e-17	5.03e-13	1.36e-09	5.36e-07	6.95e-05	2.24e-03	2.06e-02	7.74e-02	6.85e-01	1.99e-01	1.58e-02
 2.37194e+22	1.74e-27	6.38e-23	2.94e-17	6.21e-13	1.64e-09	6.33e-07	7.97e-05	2.50e-03	2.23e-02	8.09e-02	6.88e-01	1.92e-01	1.46e-02
 2.42287e+22	2.34e-27	8.24e-23	3.77e-17	7.85e-13	2.03e-09	7.59e-07	9.29e-05	2.82e-03	2.44e-02	8.49e-02	6.90e-01	1.84e-01	1.35e-02
 2.46819e+22	3.03e-27	1.03e-22	4.69e-17	9.63e-13	2.44e-09	8.90e-07	1.06e-04	3.13e-03	2.63e-02	8.84e-02	6.92e-01	1.77e-01	1.25e-02
 2.50673e+22	3.75e-27	1.24e-22	5.62e-17	1.14e-12	2.85e-09	1.01e-06	1.18e-04	3.41e-03	2.79e-02	9.14e-02	6.93e-01	1.72e-01	1.17e-02
 2.54951e+22	4.72e-27	1.52e-22	6.83e-17	1.37e-12	3.36e-09	1.17e-06	1.33e-04	3.74e-03	2.99e-02	9.48e-02	6.94e-01	1.66e-01	1.09e-02
 2.60513e+22	6.34e-27	1.98e-22	8.77e-17	1.73e-12	4.13e-09	1.40e-06	1.54e-04	4.20e-03	3.24e-02	9.90e-02	6.95e-01	1.59e-01	1.01e-02
 2.66201e+22	8.47e-27	2.55e-22	1.12e-16	2.18e-12	5.10e-09	1.67e-06	1.79e-04	4.73e-03	3.53e-02	1.04e-01	6.95e-01	1.52e-01	9.17e-03
 2.70747e+22	1.06e-26	3.12e-22	1.36e-16	2.61e-12	6.01e-09	1.92e-06	2.02e-04	5.18e-03	3.76e-02	1.07e-01	6.94e-01	1.47e-01	8.55e-03
 2.75348e+22	1.33e-26	3.81e-22	1.65e-16	3.12e-12	7.05e-09	2.21e-06	2.26e-04	5.67e-03	4.01e-02	1.11e-01	6.94e-01	1.42e-01	7.97e-03
 2.81330e+22	1.76e-26	4.91e-22	2.11e-16	3.91e-12	8.64e-09	2.63e-06	2.61e-04	6.33e-03	4.33e-02	1.15e-01	6.92e-01	1.36e-01	7.30e-03
 2.87586e+22	2.34e-26	6.34e-22	2.70e-16	4.93e-12	1.06e-08	3.14e-06	3.03e-04	7.12e-03	4.70e-02	1.20e-01	6.90e-01	1.29e-01	6.63e-03
 2.92788e+22	2.94e-26	7.81e-22	3.30e-16	5.95e-12	1.26e-08	3.63e-06	3.41e-04	7.81e-03	5.02e-02	1.24e-01	6.87e-01	1.24e-01	6.14e-03
 2.98139e+22	3.69e-26	9.61e-22	4.03e-16	7.17e-12	1.49e-08	4.20e-06	3.84e-04	8.57e-03	5.35e-02	1.28e-01	6.85e-01	1.19e-01	5.68e-03
 3.05096e+22	4.93e-26	1.26e-21	5.20e-16	9.09e-12	1.84e-08	5.03e-06	4.46e-04	9.62e-03	5.80e-02	1.34e-01	6.80e-01	1.13e-01	5.15e-03
 3.12296e+22	6.54e-26	1.63e-21	6.70e-16	1.15e-11	2.29e-08	6.06e-06	5.20e-04	1.08e-02	6.30e-02	1.39e-01	6.75e-01	1.07e-01	4.63e-03
 3.18184e+22	8.17e-26	2.01e-21	8.20e-16	1.40e-11	2.72e-08	7.02e-06	5.87e-04	1.19e-02	6.72e-02	1.44e-01	6.71e-01	1.02e-01	4.26e-03
 3.24208e+22	1.02e-25	2.48e-21	1.00e-15	1.68e-11	3.22e-08	8.12e-06	6.62e-04	1.31e-02	7.16e-02	1.48e-01	6.66e-01	9.72e-02	3.91e-03
 3.32039e+22	1.34e-25	3.23e-21	1.29e-15	2.13e-11	3.99e-08	9.74e-06	7.69e-04	1.47e-02	7.74e-02	1.54e-01	6.58e-01	9.16e-02	3.51e-03
 3.39659e+22	1.73e-25	4.15e-21	1.64e-15	2.68e-11	4.90e-08	1.16e-05	8.90e-04	1.64e-02	8.35e-02	1.59e-01	6.51e-01	8.62e-02	3.15e-03
 3.45235e+22	2.07e-25	4.95e-21	1.95e-15	3.14e-11	5.66e-08	1.31e-05	9.85e-04	1.77e-02	8.81e-02	1.63e-01	6.45e-01	8.26e-02	2.92e-03
 3.50714e+22	2.45e-25	5.85e-21	2.29e-15	3.66e-11	6.50e-08	1.48e-05	1.09e-03	1.91e-02	9.26e-02	1.67e-01	6.39e-01	7.91e-02	2.71e-03
 3.57837e+22	3.02e-25	7.21e-21	2.80e-15	4.44e-11	7.75e-08	1.72e-05	1.23e-03	2.10e-02	9.87e-02	1.72e-01	6.30e-01	7.48e-02	2.46e-03
 3.65498e+22	3.75e-25	9.02e-21	3.48e-15	5.44e-11	9.32e-08	2.02e-05	1.40e-03	2.32e-02	1.05e-01	1.77e-01	6.21e-01	7.05e-02	2.21e-03
 3.72253e+22	4.48e-25	1.09e-20	4.17e-15	6.48e-11	1.09e-07	2.31e-05	1.56e-03	2.52e-02	1.12e-01	1.81e-01	6.12e-01	6.68e-02	2.02e-03
 3.79430e+22	5.38e-25	1.32e-20	5.02e-15	7.72e-11	1.28e-07	2.65e-05	1.75e-03	2.75e-02	1.18e-01	1.85e-01	6.02e-01	6.32e-02	1.83e-03
 3.88759e+22	6.72e-25	1.68e-20	6.33e-15	9.64e-11	1.57e-07	3.16e-05	2.02e-03	3.06e-02	1.27e-01	1.91e-01	5.90e-01	5.87e-02	1.62e-03
 3.98162e+22	8.27e-25	2.13e-20	7.96e-15	1.20e-10	1.92e-07	3.75e-05	2.32e-03	3.41e-02	1.36e-01	1.96e-01	5.76e-01	5.44e-02	1.43e-03
 4.05537e+22	9.62e-25	2.55e-20	9.46e-15	1.42e-10	2.24e-07	4.28e-05	2.59e-03	3.69e-02	1.43e-01	2.00e-01	5.65e-01	5.13e-02	1.29e-03
 4.13002e+22	1.12e-24	3.03e-20	1.12e-14	1.67e-10	2.60e-07	4.86e-05	2.87e-03	3.99e-02	1.50e-01	2.04e-01	5.53e-01	4.83e-02	1.17e-03
 4.22707e+22	1.34e-24	3.75e-20	1.37e-14	2.04e-10	3.12e-07	5.70e-05	3.26e-03	4.40e-02	1.60e-01	2.08e-01	5.38e-01	4.47e-02	1.03e-03
 4.33005e+22	1.57e-24	4.70e-20	1.70e-14	2.51e-10	3.79e-07	6.74e-05	3.74e-03	4.86e-02	1.71e-01	2.13e-01	5.22e-01	4.11e-02	8.98e-04
 4.41809e+22	1.80e-24	5.65e-20	2.03e-14	2.99e-10	4.45e-07	7.74e-05	4.18e-03	5.28e-02	1.80e-01	2.17e-01	5.08e-01	3.82e-02	7.98e-04
 4.50989e+22	2.06e-24	6.79e-20	2.42e-14	3.54e-10	5.22e-07	8.88e-05	4.66e-03	5.73e-02	1.89e-01	2.20e-01	4.93e-01	3.54e-02	7.08e-04
 4.62923e+22	2.42e-24	8.53e-20	3.00e-14	4.38e-10	6.37e-07	1.05e-04	5.35e-03	6.33e-02	2.01e-01	2.24e-01	4.74e-01	3.21e-02	6.07e-04
 4.75075e+22	2.81e-24	1.08e-19	3.73e-14	5.43e-10	7.78e-07	1.25e-04	6.14e-03	6.99e-02	2.13e-01	2.27e-01	4.54e-01	2.90e-02	5.16e-04
 4.84752e+22	3.13e-24	1.29e-19	4.41e-14	6.41e-10	9.08e-07	1.43e-04	6.82e-03	7.54e-02	2.23e-01	2.30e-01	4.38e-01	2.67e-02	4.54e-04
 4.93045e+22	3.42e-24	1.49e-19	5.05e-14	7.33e-10	1.03e-06	1.60e-04	7.43e-03	8.03e-02	2.31e-01	2.32e-01	4.24e-01	2.48e-02	4.07e-04
 5.02297e+22	3.78e-24	1.76e-19	5.86e-14	8.50e-10	1.18e-06	1.80e-04	8.15e-03	8.57e-02	2.40e-01	2.33e-01	4.10e-01	2.30e-02	3.62e-04
 5.14325e+22	4.26e-24	2.16e-19	7.06e-14	1.02e-09	1.40e-06	2.08e-04	9.14e-03	9.29e-02	2.51e-01	2.35e-01	3.91e-01	2.08e-02	3.11e-04
 5.26937e+22	4.83e-24	2.69e-19	8.58e-14	1.24e-09	1.68e-06	2.43e-04	1.03e-02	1.01e-01	2.63e-01	2.36e-01	3.71e-01	1.87e-02	2.64e-04
 5.37529e+22	5.25e-24	3.23e-19	1.01e-13	1.45e-09	1.94e-06	2.75e-04	1.13e-02	1.08e-01	2.72e-01	2.36e-01	3.55e-01	1.70e-02	2.29e-04
 5.46974e+22	5.73e-24	3.80e-19	1.16e-13	1.66e-09	2.21e-06	3.07e-04	1.23e-02	1.14e-01	2.80e-01	2.36e-01	3.41e-01	1.57e-02	2.04e-04
 5.57709e+22	6.31e-24	4.54e-19	1.35e-13	1.93e-09	2.53e-06	3.45e-04	1.35e-02	1.21e-01	2.88e-01	2.36e-01	3.26e-01	1.44e-02	1.78e-04
 5.71665e+22	7.17e-24	5.72e-19	1.64e-13	2.33e-09	3.02e-06	4.00e-04	1.51e-02	1.30e-01	2.99e-01	2.35e-01	3.07e-01	1.28e-02	1.50e-04
 5.86063e+22	8.23e-24	7.32e-19	2.02e-13	2.84e-09	3.62e-06	4.66e-04	1.69e-02	1.40e-01	3.09e-01	2.34e-01	2.88e-01	1.13e-02	1.25e-04
 5.97782e+22	9.06e-24	8.95e-19	2.39e-13	3.33e-09	4.18e-06	5.26e-04	1.85e-02	1.48e-01	3.17e-01	2.32e-01	2.73e-01	1.02e-02	1.08e-04
 6.09763e+22	1.01e-23	1.09e-18	2.82e-13	3.89e-09	4.81e-06	5.92e-04	2.01e-02	1.56e-01	3.25e-01	2.30e-01	2.59e-01	9.27e-03	9.38e-05
 6.25338e+22	1.18e-23	1.41e-18	3.49e-13	4.74e-09	5.74e-06	6.85e-04	2.24e-02	1.67e-01	3.34e-01	2.27e-01	2.41e-01	8.17e-03	7.82e-05
 6.41698e+22	1.41e-23	1.86e-18	4.39e-13	5.85e-09	6.92e-06	8.00e-04	2.50e-02	1.78e-01	3.42e-01	2.23e-01	2.23e-01	7.12e-03	6.43e-05
 6.55435e+22	1.60e-23	2.36e-18	5.33e-13	6.97e-09	8.08e-06	9.08e-04	2.74e-02	1.88e-01	3.49e-01	2.20e-01	2.09e-01	6.34e-03	5.45e-05
 6.69649e+22	1.85e-23	2.97e-18	6.45e-13	8.28e-09	9.39e-06	1.03e-03	2.99e-02	1.98e-01	3.54e-01	2.16e-01	1.96e-01	5.67e-03	4.65e-05
 6.88128e+22	2.25e-23	4.01e-18	8.24e-13	1.03e-08	1.13e-05	1.20e-03	3.33e-02	2.10e-01	3.61e-01	2.10e-01	1.80e-01	4.90e-03	3.80e-05
 7.07589e+22	2.81e-23	5.53e-18	1.07e-12	1.30e-08	1.39e-05	1.41e-03	3.72e-02	2.23e-01	3.66e-01	2.04e-01	1.64e-01	4.19e-03	3.05e-05
 7.24052e+22	3.35e-23	7.26e-18	1.34e-12	1.58e-08	1.64e-05	1.61e-03	4.08e-02	2.34e-01	3.70e-01	1.98e-01	1.51e-01	3.67e-03	2.54e-05
 7.41179e+22	4.06e-23	9.47e-18	1.67e-12	1.91e-08	1.92e-05	1.83e-03	4.46e-02	2.45e-01	3.73e-01	1.92e-01	1.39e-01	3.22e-03	2.12e-05
 7.59393e+22	4.99e-23	1.26e-17	2.11e-12	2.35e-08	2.28e-05	2.09e-03	4.89e-02	2.57e-01	3.75e-01	1.86e-01	1.28e-01	2.80e-03	1.75e-05
 7.75003e+22	6.00e-23	1.62e-17	2.59e-12	2.80e-08	2.64e-05	2.35e-03	5.29e-02	2.67e-01	3.77e-01	1.80e-01	1.18e-01	2.47e-03	1.48e-05
 7.91278e+22	7.16e-23	2.05e-17	3.14e-12	3.30e-08	3.03e-05	2.62e-03	5.69e-02	2.77e-01	3.77e-01	1.74e-01	1.10e-01	2.20e-03	1.26e-05
 8.12435e+22	9.07e-23	2.77e-17	4.03e-12	4.08e-08	3.61e-05	3.01e-03	6.23e-02	2.89e-01	3.77e-01	1.67e-01	9.95e-02	1.89e-03	1.03e-05
 8.34771e+22	1.17e-22	3.83e-17	5.26e-12	5.12e-08	4.35e-05	3.48e-03	6.86e-02	3.02e-01	3.76e-01	1.59e-01	8.94e-02	1.60e-03	8.25e-06
 8.53219e+22	1.44e-22	5.01e-17	6.56e-12	6.17e-08	5.07e-05	3.91e-03	7.41e-02	3.12e-01	3.75e-01	1.52e-01	8.17e-02	1.40e-03	6.87e-06
 8.69158e+22	1.70e-22	6.20e-17	7.83e-12	7.17e-08	5.73e-05	4.30e-03	7.88e-02	3.20e-01	3.73e-01	1.47e-01	7.59e-02	1.25e-03	5.92e-06
 8.87258e+22	2.07e-22	7.83e-17	9.50e-12	8.43e-08	6.54e-05	4.77e-03	8.42e-02	3.29e-01	3.70e-01	1.41e-01	6.99e-02	1.11e-03	5.03e-06
 9.10788e+22	2.64e-22	1.05e-16	1.21e-11	1.03e-07	7.71e-05	5.41e-03	9.14e-02	3.40e-01	3.66e-01	1.33e-01	6.29e-02	9.46e-04	4.10e-06
 9.36323e+22	3.44e-22	1.44e-16	1.58e-11	1.29e-07	9.23e-05	6.21e-03	9.97e-02	3.52e-01	3.61e-01	1.25e-01	5.59e-02	7.95e-04	3.26e-06
 9.58760e+22	4.34e-22	1.91e-16	1.99e-11	1.57e-07	1.08e-04	7.00e-03	1.07e-01	3.61e-01	3.55e-01	1.18e-01	5.03e-02	6.81e-04	2.66e-06
 9.78990e+22	5.26e-22	2.40e-16	2.41e-11	1.84e-07	1.23e-04	7.72e-03	1.14e-01	3.69e-01	3.50e-01	1.12e-01	4.60e-02	5.99e-04	2.25e-06
 1.00205e+23	6.54e-22	3.09e-16	2.96e-11	2.19e-07	1.41e-04	8.59e-03	1.22e-01	3.77e-01	3.44e-01	1.06e-01	4.16e-02	5.19e-04	1.87e-06
 1.03204e+23	8.56e-22	4.21e-16	3.83e-11	2.71e-07	1.68e-04	9.80e-03	1.32e-01	3.87e-01	3.36e-01	9.82e-02	3.66e-02	4.33e-04	1.48e-06
 1.06445e+23	1.15e-21	5.91e-16	5.08e-11	3.44e-07	2.03e-04	1.13e-02	1.44e-01	3.97e-01	3.26e-01	9.01e-02	3.18e-02	3.54e-04	1.14e-06
 1.09276e+23	1.48e-21	7.93e-16	6.48e-11	4.21e-07	2.39e-04	1.28e-02	1.55e-01	4.04e-01	3.17e-01	8.34e-02	2.80e-02	2.97e-04	9.14e-07
 1.11840e+23	1.83e-21	1.01e-15	7.91e-11	4.97e-07	2.73e-04	1.41e-02	1.64e-01	4.10e-01	3.08e-01	7.80e-02	2.52e-02	2.56e-04	7.56e-07
 1.14783e+23	2.32e-21	1.31e-15	9.82e-11	5.95e-07	3.15e-04	1.57e-02	1.75e-01	4.15e-01	2.99e-01	7.23e-02	2.24e-02	2.17e-04	6.15e-07
 1.18608e+23	3.08e-21	1.79e-15	1.28e-10	7.41e-07	3.76e-04	1.79e-02	1.88e-01	4.21e-01	2.87e-01	6.56e-02	1.93e-02	1.77e-04	4.76e-07
 1.22854e+23	4.22e-21	2.54e-15	1.71e-10	9.45e-07	4.57e-04	2.07e-02	2.04e-01	4.27e-01	2.73e-01	5.86e-02	1.63e-02	1.41e-04	3.56e-07
 1.26723e+23	5.70e-21	3.53e-15	2.25e-10	1.19e-06	5.47e-04	2.36e-02	2.20e-01	4.30e-01	2.60e-01	5.27e-02	1.39e-02	1.14e-04	2.72e-07
 1.30214e+23	7.19e-21	4.56e-15	2.78e-10	1.42e-06	6.32e-04	2.63e-02	2.32e-01	4.32e-01	2.49e-01	4.80e-02	1.22e-02	9.52e-05	2.18e-07
 1.34135e+23	9.23e-21	5.95e-15	3.47e-10	1.71e-06	7.33e-04	2.93e-02	2.46e-01	4.33e-01	2.37e-01	4.35e-02	1.06e-02	7.90e-05	1.73e-07
 1.39140e+23	1.24e-20	8.17e-15	4.53e-10	2.13e-06	8.76e-04	3.33e-02	2.63e-01	4.32e-01	2.23e-01	3.85e-02	8.90e-03	6.29e-05	1.31e-07
 1.44308e+23	1.72e-20	1.16e-14	6.05e-10	2.71e-06	1.06e-03	3.83e-02	2.82e-01	4.30e-01	2.07e-01	3.35e-02	7.37e-03	4.91e-05	0.00e+00
 1.48560e+23	2.21e-20	1.52e-14	7.58e-10	3.27e-06	1.23e-03	4.27e-02	2.98e-01	4.27e-01	1.95e-01	3.00e-02	6.33e-03	4.03e-05	0.00e+00
 1.52230e+23	2.71e-20	1.88e-14	9.06e-10	3.80e-06	1.39e-03	4.65e-02	3.10e-01	4.24e-01	1.85e-01	2.73e-02	5.60e-03	3.43e-05	0.00e+00
 1.56363e+23	3.36e-20	2.34e-14	1.09e-09	4.43e-06	1.57e-03	5.07e-02	3.23e-01	4.20e-01	1.75e-01	2.48e-02	4.92e-03	2.90e-05	0.00e+00
 1.61736e+23	4.22e-20	2.99e-14	1.34e-09	5.26e-06	1.81e-03	5.60e-02	3.38e-01	4.14e-01	1.64e-01	2.20e-02	4.22e-03	2.38e-05	0.00e+00
 1.68130e+23	5.60e-20	4.03e-14	1.72e-09	6.49e-06	2.14e-03	6.31e-02	3.56e-01	4.05e-01	1.51e-01	1.90e-02	3.50e-03	1.88e-05	0.00e+00
 1.74532e+23	7.58e-20	5.48e-14	2.22e-09	8.05e-06	2.54e-03	7.11e-02	3.74e-01	3.95e-01	1.38e-01	1.64e-02	2.89e-03	1.47e-05	0.00e+00
 1.80287e+23	9.69e-20	7.07e-14	2.75e-09	9.63e-06	2.94e-03	7.85e-02	3.89e-01	3.85e-01	1.27e-01	1.43e-02	2.46e-03	1.20e-05	0.00e+00
 1.86519e+23	1.20e-19	8.83e-14	3.31e-09	1.13e-05	3.34e-03	8.57e-02	4.03e-01	3.76e-01	1.18e-01	1.27e-02	2.11e-03	9.90e-06	0.00e+00
 1.93905e+23	1.54e-19	1.14e-13	4.12e-09	1.36e-05	3.87e-03	9.48e-02	4.18e-01	3.63e-01	1.07e-01	1.10e-02	1.77e-03	7.94e-06	0.00e+00
 2.01784e+23	1.97e-19	1.48e-13	5.13e-09	1.63e-05	4.49e-03	1.05e-01	4.32e-01	3.50e-01	9.74e-02	9.41e-03	1.48e-03	6.33e-06	0.00e+00
 2.09979e+23	2.50e-19	1.90e-13	6.32e-09	1.95e-05	5.18e-03	1.15e-01	4.46e-01	3.36e-01	8.82e-02	8.11e-03	1.24e-03	5.10e-06	0.00e+00
 2.18502e+23	3.13e-19	2.41e-13	7.73e-09	2.31e-05	5.94e-03	1.26e-01	4.58e-01	3.22e-01	7.99e-02	7.00e-03	1.04e-03	4.12e-06	0.00e+00
 2.26978e+23	3.89e-19	3.02e-13	9.37e-09	2.72e-05	6.77e-03	1.37e-01	4.68e-01	3.08e-01	7.24e-02	6.06e-03	8.81e-04	3.36e-06	0.00e+00
 2.34829e+23	4.72e-19	3.70e-13	1.11e-08	3.15e-05	7.60e-03	1.48e-01	4.77e-01	2.95e-01	6.62e-02	5.33e-03	7.59e-04	2.80e-06	0.00e+00
 2.41894e+23	5.48e-19	4.35e-13	1.27e-08	3.54e-05	8.35e-03	1.57e-01	4.83e-01	2.84e-01	6.13e-02	4.78e-03	6.71e-04	2.42e-06	0.00e+00
 2.48253e+23	6.31e-19	5.03e-13	1.44e-08	3.93e-05	9.08e-03	1.65e-01	4.88e-01	2.75e-01	5.73e-02	4.34e-03	6.02e-04	2.12e-06	0.00e+00
 2.53976e+23	7.10e-19	5.68e-13	1.60e-08	4.29e-05	9.74e-03	1.73e-01	4.92e-01	2.67e-01	5.40e-02	4.00e-03	5.48e-04	1.89e-06	0.00e+00
 2.59126e+23	7.74e-19	6.28e-13	1.74e-08	4.62e-05	1.03e-02	1.79e-01	4.95e-01	2.60e-01	5.13e-02	3.73e-03	5.07e-04	1.72e-06	0.00e+00
 2.63762e+23	8.40e-19	6.85e-13	1.87e-08	4.92e-05	1.09e-02	1.85e-01	4.98e-01	2.54e-01	4.91e-02	3.51e-03	4.73e-04	1.59e-06	0.00e+00
 2.67934e+23	8.94e-19	7.35e-13	1.99e-08	5.18e-05	1.13e-02	1.90e-01	4.99e-01	2.49e-01	4.73e-02	3.34e-03	4.47e-04	1.48e-06	0.00e+00
 2.71689e+23	9.44e-19	7.82e-13	2.10e-08	5.43e-05	1.17e-02	1.94e-01	5.01e-01	2.44e-01	4.57e-02	3.19e-03	4.25e-04	1.40e-06	0.00e+00
 2.75068e+23	9.91e-19	8.27e-13	2.20e-08	5.66e-05	1.21e-02	1.98e-01	5.02e-01	2.40e-01	4.43e-02	3.06e-03	4.06e-04	1.33e-06	0.00e+00
 2.78196e+23	1.02e-18	8.61e-13	2.28e-08	5.83e-05	1.25e-02	2.01e-01	5.03e-01	2.37e-01	4.33e-02	2.96e-03	3.92e-04	1.27e-06	0.00e+00
 2.81251e+23	1.05e-18	8.91e-13	2.35e-08	6.00e-05	1.27e-02	2.04e-01	5.04e-01	2.34e-01	4.23e-02	2.88e-03	3.80e-04	1.23e-06	0.00e+00
 2.84306e+23	1.07e-18	9.24e-13	2.42e-08	6.17e-05	1.30e-02	2.07e-01	5.04e-01	2.31e-01	4.14e-02	2.79e-03	3.68e-04	1.18e-06	0.00e+00
 2.87360e+23	1.10e-18	9.56e-13	2.50e-08	6.33e-05	1.33e-02	2.10e-01	5.05e-01	2.28e-01	4.05e-02	2.72e-03	3.57e-04	1.14e-06	0.00e+00
 2.90415e+23	1.12e-18	9.89e-13	2.57e-08	6.50e-05	1.36e-02	2.12e-01	5.06e-01	2.26e-01	3.97e-02	2.64e-03	3.46e-04	1.10e-06	0.00e+00
 2.93470e+23	1.14e-18	1.02e-12	2.64e-08	6.66e-05	1.39e-02	2.15e-01	5.06e-01	2.23e-01	3.89e-02	2.57e-03	3.36e-04	1.07e-06	0.00e+00
 2.96525e+23	1.16e-18	1.04e-12	2.70e-08	6.80e-05	1.42e-02	2.17e-01	5.06e-01	2.21e-01	3.82e-02	2.51e-03	3.28e-04	1.04e-06	0.00e+00
 2.99580e+23	1.17e-18	1.07e-12	2.76e-08	6.95e-05	1.44e-02	2.20e-01	5.07e-01	2.19e-01	3.75e-02	2.45e-03	3.20e-04	1.01e-06	0.00e+00
 3.02635e+23	1.18e-18	1.10e-12	2.83e-08	7.09e-05	1.47e-02	2.22e-01	5.07e-01	2.16e-01	3.68e-02	2.40e-03	3.12e-04	9.80e-07	0.00e+00
 3.04822e+23	1.22e-18	1.14e-12	2.92e-08	7.29e-05	1.50e-02	2.25e-01	5.07e-01	2.14e-01	3.60e-02	2.33e-03	3.03e-04	9.47e-07	0.00e+00
