#depth	Fe	Fe+	Fe+2	Fe+3	Fe+4	Fe+5	Fe+6	Fe+7	Fe+8	Fe+9	Fe+10	Fe+11	Fe+12	Fe+13	Fe+14	Fe+15	Fe+16	Fe+17	Fe+18	Fe+19	Fe+20	Fe+21	Fe+22	Fe+23	Fe+24	Fe+25	Fe+26
 6.17135e+19	0.00e+00	0.00e+00	0.00e+00	0.00e+00	0.00e+00	0.00e+00	0.00e+00	0.00e+00	9.64e-31	1.31e-27	1.18e-24	6.73e-22	3.28e-19	9.16e-17	1.72e-14	2.27e-12	5.46e-10	3.88e-08	1.62e-06	3.79e-05	5.05e-04	3.70e-03	2.00e-02	9.22e-02	5.29e-01	2.97e-01	5.78e-02
 1.87609e+20	0.00e+00	0.00e+00	0.00e+00	0.00e+00	0.00e+00	0.00e+00	0.00e+00	0.00e+00	4.63e-30	5.59e-27	4.52e-24	2.29e-21	9.96e-19	2.48e-16	4.17e-14	4.95e-12	1.14e-09	7.65e-08	2.97e-06	6.38e-05	7.76e-04	5.15e-03	2.51e-02	1.04e-01	5.42e-01	2.75e-01	4.85e-02
 3.12629e+20	0.00e+00	0.00e+00	0.00e+00	0.00e+00	0.00e+00	0.00e+00	0.00e+00	5.20e-33	2.10e-29	2.28e-26	1.65e-23	7.47e-21	2.90e-18	6.47e-16	9.73e-14	1.04e-11	2.33e-09	1.47e-07	5.33e-06	1.05e-04	1.17e-03	7.06e-03	3.11e-02	1.16e-01	5.50e-01	2.53e-01	4.07e-02
 4.29922e+20	0.00e+00	0.00e+00	0.00e+00	0.00e+00	0.00e+00	0.00e+00	0.00e+00	2.30e-32	8.40e-29	8.22e-26	5.37e-23	2.19e-20	7.67e-18	1.54e-15	2.10e-13	2.05e-11	4.43e-09	2.67e-07	9.07e-06	1.66e-04	1.70e-03	9.37e-03	3.76e-02	1.28e-01	5.55e-01	2.34e-01	3.44e-02
 5.05043e+20	0.00e+00	0.00e+00	0.00e+00	0.00e+00	0.00e+00	0.00e+00	0.00e+00	5.92e-32	2.03e-28	1.86e-25	1.14e-22	4.35e-20	1.42e-17	2.68e-15	3.41e-13	3.13e-11	6.67e-09	3.89e-07	1.27e-05	2.22e-04	2.15e-03	1.12e-02	4.23e-02	1.35e-01	5.56e-01	2.22e-01	3.08e-02
 5.34510e+20	0.00e+00	0.00e+00	0.00e+00	0.00e+00	0.00e+00	0.00e+00	0.00e+00	8.57e-32	2.86e-28	2.56e-25	1.52e-22	5.68e-20	1.81e-17	3.32e-15	4.12e-13	3.69e-11	7.81e-09	4.51e-07	1.45e-05	2.48e-04	2.35e-03	1.20e-02	4.43e-02	1.38e-01	5.57e-01	2.17e-01	2.95e-02
 5.59347e+20	0.00e+00	0.00e+00	0.00e+00	0.00e+00	0.00e+00	0.00e+00	0.00e+00	1.14e-31	3.73e-28	3.27e-25	1.91e-22	6.99e-20	2.18e-17	3.93e-15	4.78e-13	4.22e-11	8.85e-09	5.06e-07	1.61e-05	2.70e-04	2.52e-03	1.27e-02	4.58e-02	1.41e-01	5.56e-01	2.13e-01	2.85e-02
 5.91635e+20	0.00e+00	0.00e+00	0.00e+00	0.00e+00	0.00e+00	0.00e+00	0.00e+00	1.69e-31	5.38e-28	4.59e-25	2.61e-22	9.28e-20	2.82e-17	4.94e-15	5.84e-13	5.02e-11	1.05e-08	5.91e-07	1.84e-05	3.04e-04	2.78e-03	1.36e-02	4.81e-02	1.44e-01	5.56e-01	2.08e-01	2.72e-02
 6.33609e+20	0.00e+00	0.00e+00	0.00e+00	0.00e+00	0.00e+00	0.00e+00	0.00e+00	2.79e-31	8.60e-28	7.09e-25	3.89e-22	1.34e-19	3.91e-17	6.62e-15	7.56e-13	6.29e-11	1.30e-08	7.22e-07	2.21e-05	3.54e-04	3.14e-03	1.49e-02	5.11e-02	1.48e-01	5.55e-01	2.02e-01	2.56e-02
 6.88177e+20	0.00e+00	0.00e+00	0.00e+00	0.00e+00	0.00e+00	0.00e+00	0.00e+00	5.34e-31	1.58e-27	1.24e-24	6.51e-22	2.13e-19	5.97e-17	9.65e-15	1.05e-12	8.40e-11	1.72e-08	9.34e-07	2.77e-05	4.30e-04	3.68e-03	1.68e-02	5.51e-02	1.53e-01	5.54e-01	1.93e-01	2.36e-02
 7.45389e+20	0.00e+00	0.00e+00	0.00e+00	0.00e+00	0.00e+00	0.00e+00	0.00e+00	1.05e-30	2.96e-27	2.22e-24	1.11e-21	3.47e-19	9.26e-17	1.43e-14	1.49e-12	1.13e-10	2.29e-08	1.22e-06	3.52e-05	5.27e-04	4.34e-03	1.90e-02	5.97e-02	1.59e-01	5.51e-01	1.85e-01	2.16e-02
 7.93628e+20	0.00e+00	0.00e+00	0.00e+00	0.00e+00	0.00e+00	0.00e+00	0.00e+00	1.84e-30	4.99e-27	3.61e-24	1.74e-21	5.21e-19	1.33e-16	1.98e-14	1.98e-12	1.45e-10	2.92e-08	1.52e-06	4.29e-05	6.23e-04	4.96e-03	2.10e-02	6.36e-02	1.63e-01	5.49e-01	1.78e-01	2.01e-02
 8.43924e+20	0.00e+00	0.00e+00	0.00e+00	0.00e+00	0.00e+00	0.00e+00	0.00e+00	3.29e-30	8.57e-27	5.95e-24	2.75e-21	7.92e-19	1.94e-16	2.76e-14	2.65e-12	1.88e-10	3.73e-08	1.91e-06	5.26e-05	7.40e-04	5.70e-03	2.33e-02	6.79e-02	1.68e-01	5.45e-01	1.71e-01	1.87e-02
 9.09310e+20	0.00e+00	0.00e+00	0.00e+00	0.00e+00	0.00e+00	0.00e+00	0.00e+00	6.94e-30	1.71e-26	1.13e-23	4.95e-21	1.35e-18	3.15e-16	4.24e-14	3.87e-12	2.61e-10	5.12e-08	2.56e-06	6.82e-05	9.23e-04	6.80e-03	2.65e-02	7.38e-02	1.73e-01	5.40e-01	1.62e-01	1.69e-02
 9.74660e+20	0.00e+00	0.00e+00	0.00e+00	0.00e+00	0.00e+00	0.00e+00	3.29e-33	1.45e-29	3.41e-26	2.13e-23	8.87e-21	2.30e-18	5.08e-16	6.49e-14	5.61e-12	3.60e-10	7.00e-08	3.42e-06	8.82e-05	1.15e-03	8.09e-03	3.01e-02	7.99e-02	1.79e-01	5.34e-01	1.53e-01	1.53e-02
 1.02547e+21	0.00e+00	0.00e+00	0.00e+00	0.00e+00	0.00e+00	0.00e+00	6.03e-33	2.56e-29	5.77e-26	3.47e-23	1.39e-20	3.46e-18	7.32e-16	8.99e-14	7.46e-12	4.61e-10	8.89e-08	4.27e-06	1.07e-04	1.35e-03	9.23e-03	3.32e-02	8.48e-02	1.83e-01	5.29e-01	1.46e-01	1.41e-02
 1.06999e+21	0.00e+00	0.00e+00	0.00e+00	0.00e+00	0.00e+00	0.00e+00	1.02e-32	4.17e-29	9.11e-26	5.30e-23	2.04e-20	4.92e-18	1.01e-15	1.19e-13	9.55e-12	5.71e-10	1.09e-07	5.16e-06	1.27e-04	1.56e-03	1.03e-02	3.60e-02	8.92e-02	1.86e-01	5.23e-01	1.40e-01	1.32e-02
 1.12080e+21	0.00e+00	0.00e+00	0.00e+00	0.00e+00	0.00e+00	0.00e+00	1.84e-32	7.26e-29	1.53e-25	8.54e-23	3.17e-20	7.32e-18	1.44e-15	1.64e-13	1.26e-11	7.27e-10	1.38e-07	6.40e-06	1.54e-04	1.83e-03	1.17e-02	3.95e-02	9.43e-02	1.90e-01	5.17e-01	1.34e-01	1.22e-02
 1.18687e+21	0.00e+00	0.00e+00	0.00e+00	0.00e+00	0.00e+00	0.00e+00	3.92e-32	1.48e-28	2.96e-25	1.57e-22	5.55e-20	1.22e-17	2.27e-15	2.46e-13	1.80e-11	9.89e-10	1.86e-07	8.43e-06	1.96e-04	2.24e-03	1.38e-02	4.44e-02	1.01e-01	1.94e-01	5.07e-01	1.26e-01	1.10e-02
 1.25364e+21	0.00e+00	0.00e+00	0.00e+00	0.00e+00	0.00e+00	0.00e+00	8.36e-32	3.00e-28	5.72e-25	2.90e-22	9.72e-20	2.03e-17	3.59e-15	3.70e-13	2.57e-11	1.34e-09	2.50e-07	1.11e-05	2.50e-04	2.74e-03	1.61e-02	4.97e-02	1.08e-01	1.98e-01	4.97e-01	1.18e-01	9.85e-03
 1.30660e+21	0.00e+00	0.00e+00	0.00e+00	0.00e+00	0.00e+00	0.00e+00	1.53e-31	5.29e-28	9.68e-25	4.72e-22	1.52e-19	3.04e-17	5.17e-15	5.10e-13	3.40e-11	1.71e-09	3.16e-07	1.38e-05	3.02e-04	3.21e-03	1.83e-02	5.44e-02	1.14e-01	2.01e-01	4.88e-01	1.12e-01	9.03e-03
 1.36073e+21	0.00e+00	0.00e+00	0.00e+00	0.00e+00	0.00e+00	0.00e+00	2.74e-31	9.15e-28	1.61e-24	7.56e-22	2.34e-19	4.51e-17	7.37e-15	6.99e-13	4.48e-11	2.17e-09	3.97e-07	1.70e-05	3.63e-04	3.74e-03	2.06e-02	5.91e-02	1.20e-01	2.03e-01	4.79e-01	1.06e-01	8.29e-03
 1.43109e+21	0.00e+00	0.00e+00	0.00e+00	0.00e+00	0.00e+00	0.00e+00	5.88e-31	1.87e-27	3.14e-24	1.40e-21	4.12e-19	7.54e-17	1.17e-14	1.05e-12	6.41e-11	2.96e-09	5.34e-07	2.22e-05	4.61e-04	4.56e-03	2.40e-02	6.59e-02	1.27e-01	2.06e-01	4.66e-01	9.89e-02	7.38e-03
 1.50165e+21	0.00e+00	0.00e+00	0.00e+00	0.00e+00	0.00e+00	0.00e+00	1.25e-30	3.79e-27	6.06e-24	2.57e-21	7.19e-19	1.25e-16	1.84e-14	1.58e-12	9.11e-11	4.01e-09	7.15e-07	2.91e-05	5.83e-04	5.53e-03	2.79e-02	7.31e-02	1.35e-01	2.08e-01	4.52e-01	9.19e-02	6.57e-03
 1.55706e+21	0.00e+00	0.00e+00	0.00e+00	0.00e+00	0.00e+00	0.00e+00	2.27e-30	6.62e-27	1.02e-23	4.15e-21	1.12e-18	1.87e-16	2.63e-14	2.16e-12	1.20e-10	5.08e-09	8.98e-07	3.58e-05	7.00e-04	6.43e-03	3.14e-02	7.92e-02	1.41e-01	2.09e-01	4.40e-01	8.65e-02	5.98e-03
 1.60618e+21	0.00e+00	0.00e+00	0.00e+00	0.00e+00	0.00e+00	0.00e+00	3.72e-30	1.05e-26	1.57e-23	6.20e-21	1.61e-18	2.61e-16	3.56e-14	2.83e-12	1.52e-10	6.21e-09	1.09e-06	4.26e-05	8.15e-04	7.28e-03	3.45e-02	8.46e-02	1.45e-01	2.10e-01	4.30e-01	8.21e-02	5.51e-03
 1.66249e+21	0.00e+00	0.00e+00	0.00e+00	0.00e+00	0.00e+00	0.00e+00	6.61e-30	1.81e-26	2.59e-23	9.84e-21	2.46e-18	3.83e-16	5.03e-14	3.84e-12	1.98e-10	7.81e-09	1.35e-06	5.20e-05	9.70e-04	8.40e-03	3.85e-02	9.10e-02	1.51e-01	2.10e-01	4.18e-01	7.71e-02	5.01e-03
 1.73570e+21	0.00e+00	0.00e+00	0.00e+00	0.00e+00	0.00e+00	0.00e+00	1.37e-29	3.59e-26	4.90e-23	1.78e-20	4.24e-18	6.27e-16	7.82e-14	5.68e-12	2.79e-10	1.05e-08	1.79e-06	6.70e-05	1.21e-03	1.00e-02	4.41e-02	9.97e-02	1.58e-01	2.10e-01	4.01e-01	7.10e-02	4.42e-03
 1.81066e+21	0.00e+00	0.00e+00	0.00e+00	0.00e+00	0.00e+00	0.00e+00	2.87e-29	7.16e-26	9.32e-23	3.22e-20	7.30e-18	1.03e-15	1.22e-13	8.42e-12	3.92e-10	1.41e-08	2.37e-06	8.63e-05	1.51e-03	1.20e-02	5.04e-02	1.09e-01	1.65e-01	2.09e-01	3.84e-01	6.51e-02	3.88e-03
 1.87168e+21	0.00e+00	0.00e+00	0.00e+00	0.00e+00	0.00e+00	4.46e-33	5.17e-29	1.24e-25	1.56e-22	5.17e-20	1.13e-17	1.53e-15	1.74e-13	1.15e-11	5.16e-10	1.78e-08	2.95e-06	1.05e-04	1.79e-03	1.38e-02	5.59e-02	1.17e-01	1.70e-01	2.08e-01	3.70e-01	6.06e-02	3.49e-03
 1.93481e+21	0.00e+00	0.00e+00	0.00e+00	0.00e+00	0.00e+00	8.39e-33	9.36e-29	2.17e-25	2.61e-22	8.35e-20	1.75e-17	2.28e-15	2.49e-13	1.58e-11	6.80e-10	2.25e-08	3.69e-06	1.29e-04	2.13e-03	1.58e-02	6.19e-02	1.25e-01	1.75e-01	2.06e-01	3.55e-01	5.61e-02	3.13e-03
 2.00522e+21	0.00e+00	0.00e+00	0.00e+00	0.00e+00	0.00e+00	1.68e-32	1.80e-28	3.99e-25	4.62e-22	1.41e-19	2.83e-17	3.52e-15	3.68e-13	2.24e-11	9.19e-10	2.92e-08	4.71e-06	1.60e-04	2.56e-03	1.84e-02	6.91e-02	1.33e-01	1.80e-01	2.03e-01	3.39e-01	5.15e-02	2.76e-03
 2.07077e+21	0.00e+00	0.00e+00	0.00e+00	0.00e+00	0.00e+00	3.15e-32	3.25e-28	6.97e-25	7.75e-22	2.28e-19	4.39e-17	5.25e-15	5.26e-13	3.07e-11	1.21e-09	3.69e-08	5.86e-06	1.95e-04	3.04e-03	2.10e-02	7.62e-02	1.42e-01	1.84e-01	2.00e-01	3.23e-01	4.74e-02	2.46e-03
 2.13211e+21	0.00e+00	0.00e+00	0.00e+00	0.00e+00	0.00e+00	5.62e-32	5.61e-28	1.16e-24	1.25e-21	3.54e-19	6.57e-17	7.56e-15	7.30e-13	4.11e-11	1.56e-09	4.58e-08	7.17e-06	2.33e-04	3.54e-03	2.38e-02	8.32e-02	1.50e-01	1.88e-01	1.97e-01	3.09e-01	4.39e-02	2.20e-03
 2.20233e+21	0.00e+00	0.00e+00	0.00e+00	0.00e+00	0.00e+00	1.07e-31	1.03e-27	2.06e-24	2.12e-21	5.78e-19	1.03e-16	1.14e-14	1.05e-12	5.68e-11	2.06e-09	5.82e-08	8.96e-06	2.85e-04	4.19e-03	2.71e-02	9.15e-02	1.58e-01	1.91e-01	1.93e-01	2.93e-01	4.01e-02	1.94e-03
 2.28090e+21	0.00e+00	0.00e+00	0.00e+00	0.00e+00	0.00e+00	2.18e-31	2.01e-27	3.84e-24	3.79e-21	9.90e-19	1.69e-16	1.78e-14	1.57e-12	8.09e-11	2.80e-09	7.56e-08	1.14e-05	3.53e-04	5.02e-03	3.13e-02	1.01e-01	1.68e-01	1.94e-01	1.87e-01	2.75e-01	3.62e-02	1.68e-03
 2.35465e+21	0.00e+00	0.00e+00	0.00e+00	0.00e+00	0.00e+00	4.18e-31	3.70e-27	6.81e-24	6.46e-21	1.62e-18	2.65e-16	2.68e-14	2.27e-12	1.12e-10	3.71e-09	9.61e-08	1.42e-05	4.29e-04	5.91e-03	3.55e-02	1.11e-01	1.76e-01	1.96e-01	1.82e-01	2.59e-01	3.28e-02	1.47e-03
 2.42432e+21	0.00e+00	0.00e+00	0.00e+00	0.00e+00	0.00e+00	7.61e-31	6.51e-27	1.16e-23	1.06e-20	2.55e-18	4.01e-16	3.91e-14	3.17e-12	1.51e-10	4.81e-09	1.20e-07	1.74e-05	5.12e-04	6.86e-03	3.98e-02	1.20e-01	1.84e-01	1.98e-01	1.77e-01	2.44e-01	2.98e-02	1.29e-03
 2.50438e+21	0.00e+00	0.00e+00	0.00e+00	0.00e+00	0.00e+00	1.49e-30	1.22e-26	2.09e-23	1.83e-20	4.24e-18	6.39e-16	5.96e-14	4.63e-12	2.10e-10	6.41e-09	1.53e-07	2.18e-05	6.23e-04	8.08e-03	4.51e-02	1.30e-01	1.92e-01	1.98e-01	1.70e-01	2.27e-01	2.67e-02	1.11e-03
 2.58928e+21	0.00e+00	0.00e+00	0.00e+00	0.00e+00	0.00e+00	2.98e-30	2.35e-26	3.86e-23	3.24e-20	7.18e-18	1.03e-15	9.21e-14	6.84e-12	2.97e-10	8.64e-09	1.97e-07	2.74e-05	7.62e-04	9.55e-03	5.12e-02	1.42e-01	2.01e-01	1.98e-01	1.63e-01	2.10e-01	2.38e-02	9.50e-04
 2.66258e+21	0.00e+00	0.00e+00	0.00e+00	0.00e+00	0.00e+00	5.36e-30	4.08e-26	6.46e-23	5.23e-20	1.12e-17	1.55e-15	1.33e-13	9.50e-12	3.96e-10	1.11e-08	2.44e-07	3.32e-05	9.00e-04	1.10e-02	5.68e-02	1.52e-01	2.07e-01	1.97e-01	1.57e-01	1.96e-01	2.14e-02	8.29e-04
 2.73997e+21	0.00e+00	0.00e+00	0.00e+00	0.00e+00	0.00e+00	9.79e-30	7.20e-26	1.10e-22	8.57e-20	1.76e-17	2.35e-15	1.94e-13	1.33e-11	5.33e-10	1.43e-08	3.03e-07	4.04e-05	1.07e-03	1.26e-02	6.30e-02	1.62e-01	2.13e-01	1.96e-01	1.50e-01	1.82e-01	1.92e-02	7.17e-04
 2.84058e+21	0.00e+00	0.00e+00	0.00e+00	0.00e+00	0.00e+00	2.10e-29	1.47e-25	2.15e-22	1.60e-19	3.13e-17	3.98e-15	3.12e-13	2.04e-11	7.75e-10	1.98e-08	3.98e-07	5.16e-05	1.32e-03	1.49e-02	7.15e-02	1.75e-01	2.20e-01	1.93e-01	1.41e-01	1.65e-01	1.66e-02	5.93e-04
 2.94217e+21	0.00e+00	0.00e+00	0.00e+00	0.00e+00	0.00e+00	4.44e-29	2.98e-25	4.16e-22	2.95e-19	5.51e-17	6.67e-15	4.98e-13	3.09e-11	1.12e-09	2.72e-08	5.20e-07	6.54e-05	1.61e-03	1.76e-02	8.06e-02	1.89e-01	2.26e-01	1.89e-01	1.32e-01	1.49e-01	1.43e-02	4.89e-04
 3.02314e+21	0.00e+00	0.00e+00	0.00e+00	0.00e+00	4.28e-33	7.94e-29	5.15e-25	6.93e-22	4.74e-19	8.54e-17	9.95e-15	7.15e-13	4.26e-11	1.49e-09	3.47e-08	6.39e-07	7.85e-05	1.88e-03	2.00e-02	8.82e-02	1.99e-01	2.30e-01	1.86e-01	1.25e-01	1.37e-01	1.27e-02	4.19e-04
 3.10652e+21	0.00e+00	0.00e+00	0.00e+00	0.00e+00	7.91e-33	1.42e-28	8.90e-25	1.16e-21	7.63e-19	1.32e-16	1.49e-14	1.03e-12	5.89e-11	1.97e-09	4.42e-08	7.85e-07	9.40e-05	2.19e-03	2.26e-02	9.62e-02	2.09e-01	2.33e-01	1.82e-01	1.18e-01	1.25e-01	1.12e-02	3.58e-04
 3.21492e+21	0.00e+00	0.00e+00	0.00e+00	0.00e+00	1.72e-32	2.97e-28	1.78e-24	2.21e-21	1.39e-18	2.30e-16	2.46e-14	1.62e-12	8.84e-11	2.82e-09	6.00e-08	1.01e-06	1.18e-04	2.65e-03	2.62e-02	1.07e-01	2.22e-01	2.36e-01	1.76e-01	1.09e-01	1.11e-01	9.56e-03	2.91e-04
 3.32176e+21	0.00e+00	0.00e+00	0.00e+00	0.00e+00	3.65e-32	6.03e-28	3.46e-24	4.12e-21	2.48e-18	3.92e-16	4.00e-14	2.51e-12	1.30e-10	3.96e-09	8.04e-08	1.30e-06	1.46e-04	3.17e-03	3.02e-02	1.18e-01	2.34e-01	2.38e-01	1.69e-01	1.00e-01	9.90e-02	8.14e-03	2.37e-04
 3.40299e+21	0.00e+00	0.00e+00	0.00e+00	0.00e+00	6.35e-32	1.02e-27	5.66e-24	6.53e-21	3.80e-18	5.81e-16	5.72e-14	3.47e-12	1.74e-10	5.09e-09	9.98e-08	1.55e-06	1.71e-04	3.62e-03	3.34e-02	1.26e-01	2.42e-01	2.38e-01	1.64e-01	9.37e-02	9.04e-02	7.20e-03	2.03e-04
 3.48502e+21	0.00e+00	0.00e+00	0.00e+00	0.00e+00	1.10e-31	1.71e-27	9.23e-24	1.03e-20	5.81e-18	8.59e-16	8.17e-14	4.78e-12	2.31e-10	6.53e-09	1.23e-07	1.86e-06	1.99e-04	4.11e-03	3.69e-02	1.35e-01	2.50e-01	2.38e-01	1.58e-01	8.76e-02	8.24e-02	6.35e-03	1.74e-04
 3.59165e+21	0.00e+00	0.00e+00	0.00e+00	0.00e+00	2.19e-31	3.28e-27	1.70e-23	1.83e-20	9.86e-18	1.40e-15	1.27e-13	7.13e-12	3.30e-10	8.91e-09	1.61e-07	2.31e-06	2.41e-04	4.81e-03	4.17e-02	1.46e-01	2.60e-01	2.37e-01	1.51e-01	8.03e-02	7.31e-02	5.41e-03	1.42e-04
 3.70518e+21	0.00e+00	0.00e+00	0.00e+00	0.00e+00	4.50e-31	6.48e-27	3.22e-23	3.32e-20	1.71e-17	2.32e-15	2.02e-13	1.08e-11	4.77e-10	1.23e-08	2.12e-07	2.91e-06	2.93e-04	5.64e-03	4.71e-02	1.58e-01	2.69e-01	2.35e-01	1.43e-01	7.28e-02	6.41e-02	4.54e-03	1.14e-04
 3.80359e+21	0.00e+00	0.00e+00	0.00e+00	0.00e+00	8.28e-31	1.15e-26	5.52e-23	5.50e-20	2.74e-17	3.57e-15	2.99e-13	1.54e-11	6.51e-10	1.61e-08	2.67e-07	3.53e-06	3.45e-04	6.45e-03	5.21e-02	1.69e-01	2.76e-01	2.32e-01	1.37e-01	6.68e-02	5.72e-02	3.91e-03	9.48e-05
 3.90744e+21	0.00e+00	0.00e+00	0.00e+00	0.00e+00	1.55e-30	2.08e-26	9.61e-23	9.23e-20	4.42e-17	5.54e-15	4.46e-13	2.20e-11	8.96e-10	2.13e-08	3.37e-07	4.29e-06	4.07e-04	7.37e-03	5.76e-02	1.80e-01	2.82e-01	2.28e-01	1.29e-01	6.10e-02	5.07e-02	3.33e-03	7.79e-05
 4.02400e+21	0.00e+00	0.00e+00	0.00e+00	0.00e+00	3.07e-30	3.98e-26	1.76e-22	1.63e-19	7.47e-17	8.98e-15	6.91e-13	3.27e-11	1.27e-09	2.88e-08	4.36e-07	5.30e-06	4.87e-04	8.52e-03	6.41e-02	1.92e-01	2.88e-01	2.23e-01	1.21e-01	5.49e-02	4.42e-02	2.79e-03	6.25e-05
 4.13424e+21	0.00e+00	0.00e+00	0.00e+00	0.00e+00	5.79e-30	7.23e-26	3.09e-22	2.75e-19	1.21e-16	1.40e-14	1.04e-12	4.69e-11	1.75e-09	3.81e-08	5.52e-07	6.44e-06	5.74e-04	9.71e-03	7.05e-02	2.03e-01	2.93e-01	2.18e-01	1.14e-01	4.96e-02	3.88e-02	2.35e-03	5.07e-05
 4.23890e+21	0.00e+00	0.00e+00	0.00e+00	0.00e+00	1.04e-29	1.26e-25	5.19e-22	4.46e-19	1.90e-16	2.11e-14	1.50e-12	6.56e-11	2.35e-09	4.92e-08	6.86e-07	7.70e-06	6.66e-04	1.09e-02	7.69e-02	2.13e-01	2.97e-01	2.13e-01	1.07e-01	4.50e-02	3.42e-02	2.00e-03	4.17e-05
 4.34243e+21	0.00e+00	0.00e+00	0.00e+00	0.00e+00	1.84e-29	2.15e-25	8.59e-22	7.14e-19	2.93e-16	3.15e-14	2.16e-12	9.07e-11	3.13e-09	6.30e-08	8.45e-07	9.15e-06	7.69e-04	1.22e-02	8.34e-02	2.23e-01	2.99e-01	2.07e-01	1.01e-01	4.08e-02	3.02e-02	1.71e-03	3.43e-05
 4.46026e+21	0.00e+00	0.00e+00	0.00e+00	0.00e+00	3.46e-29	3.90e-25	1.50e-21	1.20e-18	4.74e-16	4.89e-14	3.22e-12	1.30e-10	4.29e-09	8.28e-08	1.06e-06	1.11e-05	8.99e-04	1.38e-02	9.10e-02	2.34e-01	3.01e-01	2.00e-01	9.37e-02	3.65e-02	2.63e-02	1.43e-03	2.76e-05
 4.58815e+21	0.00e+00	0.00e+00	0.00e+00	0.00e+00	6.77e-29	7.34e-25	2.71e-21	2.09e-18	7.90e-16	7.82e-14	4.92e-12	1.90e-10	5.99e-09	1.11e-07	1.36e-06	1.35e-05	1.06e-03	1.57e-02	9.96e-02	2.46e-01	3.03e-01	1.93e-01	8.64e-02	3.23e-02	2.25e-02	1.17e-03	2.18e-05
 4.70268e+21	0.00e+00	0.00e+00	0.00e+00	3.10e-33	1.22e-28	1.28e-24	4.56e-21	3.39e-18	1.23e-15	1.18e-13	7.13e-12	2.64e-10	8.02e-09	1.42e-07	1.68e-06	1.60e-05	1.22e-03	1.76e-02	1.07e-01	2.56e-01	3.03e-01	1.86e-01	8.02e-02	2.89e-02	1.96e-02	9.86e-04	1.76e-05
 4.82515e+21	0.00e+00	0.00e+00	0.00e+00	5.93e-33	2.25e-28	2.27e-24	7.82e-21	5.60e-18	1.97e-15	1.80e-13	1.05e-11	3.73e-10	1.09e-08	1.85e-07	2.09e-06	1.92e-05	1.41e-03	1.96e-02	1.16e-01	2.66e-01	3.02e-01	1.78e-01	7.40e-02	2.57e-02	1.70e-02	8.19e-04	1.41e-05
 4.96059e+21	0.00e+00	0.00e+00	0.00e+00	1.20e-32	4.36e-28	4.24e-24	1.40e-20	9.68e-18	3.25e-15	2.86e-13	1.59e-11	5.42e-10	1.51e-08	2.45e-07	2.64e-06	2.32e-05	1.65e-03	2.21e-02	1.26e-01	2.76e-01	3.00e-01	1.69e-01	6.75e-02	2.25e-02	1.44e-02	6.67e-04	1.10e-05
 5.08576e+21	0.00e+00	0.00e+00	0.00e+00	2.27e-32	7.94e-28	7.46e-24	2.38e-20	1.58e-17	5.13e-15	4.33e-13	2.32e-11	7.59e-10	2.02e-08	3.15e-07	3.27e-06	2.76e-05	1.90e-03	2.46e-02	1.35e-01	2.85e-01	2.97e-01	1.61e-01	6.20e-02	1.99e-02	1.24e-02	5.52e-04	8.75e-06
 5.22133e+21	0.00e+00	0.00e+00	0.00e+00	4.45e-32	1.50e-27	1.35e-23	4.16e-20	2.67e-17	8.28e-15	6.72e-13	3.45e-11	1.08e-09	2.76e-08	4.12e-07	4.08e-06	3.30e-05	2.19e-03	2.74e-02	1.45e-01	2.94e-01	2.94e-01	1.53e-01	5.64e-02	1.74e-02	1.05e-02	4.51e-04	6.86e-06
 5.37042e+21	0.00e+00	0.00e+00	0.00e+00	9.19e-32	2.96e-27	2.57e-23	7.60e-20	4.67e-17	1.39e-14	1.08e-12	5.28e-11	1.58e-09	3.85e-08	5.48e-07	5.17e-06	3.99e-05	2.55e-03	3.07e-02	1.56e-01	3.03e-01	2.89e-01	1.44e-01	5.08e-02	1.50e-02	8.82e-03	3.60e-04	5.25e-06
 5.50619e+21	0.00e+00	0.00e+00	0.00e+00	1.75e-31	5.43e-27	4.56e-23	1.30e-19	7.69e-17	2.20e-14	1.64e-12	7.72e-11	2.22e-09	5.17e-08	7.05e-07	6.38e-06	4.73e-05	2.92e-03	3.40e-02	1.67e-01	3.10e-01	2.84e-01	1.36e-01	4.61e-02	1.31e-02	7.50e-03	2.94e-04	4.12e-06
 5.62180e+21	0.00e+00	0.00e+00	0.00e+00	3.02e-31	9.07e-27	7.38e-23	2.04e-19	1.17e-16	3.24e-14	2.34e-12	1.06e-10	2.95e-09	6.63e-08	8.72e-07	7.61e-06	5.45e-05	3.27e-03	3.69e-02	1.76e-01	3.16e-01	2.79e-01	1.29e-01	4.23e-02	1.16e-02	6.52e-03	2.47e-04	3.35e-06
 5.74210e+21	0.00e+00	0.00e+00	0.00e+00	5.24e-31	1.52e-26	1.20e-22	3.22e-19	1.79e-16	4.80e-14	3.34e-12	1.47e-10	3.93e-09	8.52e-08	1.08e-06	9.08e-06	6.28e-05	3.66e-03	4.01e-02	1.85e-01	3.21e-01	2.73e-01	1.22e-01	3.88e-02	1.03e-02	5.65e-03	2.07e-04	2.71e-06
 5.87796e+21	0.00e+00	0.00e+00	0.00e+00	9.62e-31	2.69e-26	2.05e-22	5.31e-19	2.86e-16	7.38e-14	4.96e-12	2.09e-10	5.38e-09	1.12e-07	1.37e-06	1.10e-05	7.33e-05	4.13e-03	4.38e-02	1.95e-01	3.26e-01	2.67e-01	1.15e-01	3.51e-02	9.02e-03	4.81e-03	1.70e-04	2.14e-06
 6.00716e+21	0.00e+00	0.00e+00	0.00e+00	1.70e-30	4.60e-26	3.40e-22	8.52e-19	4.44e-16	1.11e-13	7.18e-12	2.92e-10	7.24e-09	1.45e-07	1.70e-06	1.32e-05	8.47e-05	4.63e-03	4.75e-02	2.05e-01	3.30e-01	2.60e-01	1.08e-01	3.19e-02	7.92e-03	4.13e-03	1.41e-04	1.71e-06
 6.12806e+21	0.00e+00	0.00e+00	0.00e+00	2.88e-30	7.54e-26	5.41e-22	1.32e-18	6.66e-16	1.61e-13	1.01e-11	3.97e-10	9.50e-09	1.84e-07	2.08e-06	1.56e-05	9.67e-05	5.13e-03	5.11e-02	2.14e-01	3.34e-01	2.54e-01	1.02e-01	2.92e-02	7.01e-03	3.58e-03	1.18e-04	1.39e-06
 6.26507e+21	0.00e+00	0.00e+00	0.00e+00	5.15e-30	1.30e-25	9.06e-22	2.13e-18	1.04e-15	2.43e-13	1.47e-11	5.57e-10	1.28e-08	2.39e-07	2.60e-06	1.87e-05	1.12e-04	5.74e-03	5.54e-02	2.24e-01	3.37e-01	2.47e-01	9.54e-02	2.63e-02	6.11e-03	3.05e-03	9.66e-05	1.09e-06
 6.41710e+21	0.00e+00	0.00e+00	0.00e+00	9.75e-30	2.37e-25	1.59e-21	3.61e-18	1.70e-15	3.81e-13	2.22e-11	8.06e-10	1.78e-08	3.18e-07	3.31e-06	2.28e-05	1.31e-04	6.48e-03	6.03e-02	2.36e-01	3.40e-01	2.38e-01	8.84e-02	2.35e-02	5.24e-03	2.55e-03	7.75e-05	8.43e-07
 6.54547e+21	0.00e+00	0.00e+00	0.00e+00	1.66e-29	3.90e-25	2.54e-21	5.59e-18	2.56e-15	5.55e-13	3.12e-11	1.10e-09	2.34e-08	4.03e-07	4.05e-06	2.69e-05	1.49e-04	7.16e-03	6.47e-02	2.45e-01	3.41e-01	2.31e-01	8.28e-02	2.13e-02	4.60e-03	2.19e-03	6.44e-05	6.77e-07
 6.64711e+21	0.00e+00	0.00e+00	0.00e+00	2.49e-29	5.73e-25	3.64e-21	7.84e-18	3.51e-15	7.42e-13	4.07e-11	1.39e-09	2.89e-08	4.83e-07	4.72e-06	3.05e-05	1.65e-04	7.73e-03	6.82e-02	2.52e-01	3.42e-01	2.25e-01	7.86e-02	1.97e-02	4.16e-03	1.94e-03	5.57e-05	5.70e-07
 6.75722e+21	0.00e+00	0.00e+00	0.00e+00	3.89e-29	8.69e-25	5.39e-21	1.13e-17	4.95e-15	1.02e-12	5.42e-11	1.80e-09	3.63e-08	5.89e-07	5.58e-06	3.50e-05	1.83e-04	8.39e-03	7.22e-02	2.60e-01	3.43e-01	2.19e-01	7.42e-02	1.81e-02	3.72e-03	1.71e-03	4.75e-05	4.72e-07
 6.90037e+21	0.00e+00	0.00e+00	0.00e+00	6.81e-29	1.47e-24	8.83e-21	1.80e-17	7.61e-15	1.51e-12	7.78e-11	2.49e-09	4.84e-08	7.55e-07	6.89e-06	4.15e-05	2.10e-04	9.30e-03	7.74e-02	2.70e-01	3.43e-01	2.10e-01	6.89e-02	1.62e-02	3.22e-03	1.45e-03	3.88e-05	3.72e-07
 7.05002e+21	0.00e+00	0.00e+00	0.00e+00	1.22e-28	2.53e-24	1.47e-20	2.90e-17	1.19e-14	2.28e-12	1.13e-10	3.49e-09	6.52e-08	9.77e-07	8.56e-06	4.95e-05	2.41e-04	1.03e-02	8.31e-02	2.80e-01	3.42e-01	2.02e-01	6.36e-02	1.44e-02	2.77e-03	1.21e-03	3.13e-05	2.89e-07
 7.16589e+21	0.00e+00	0.00e+00	0.00e+00	1.90e-28	3.85e-24	2.19e-20	4.20e-17	1.68e-14	3.13e-12	1.51e-10	4.52e-09	8.20e-08	1.19e-06	1.01e-05	5.67e-05	2.68e-04	1.12e-02	8.77e-02	2.88e-01	3.41e-01	1.95e-01	5.97e-02	1.32e-02	2.46e-03	1.06e-03	2.65e-05	2.38e-07
 7.25649e+21	0.00e+00	0.00e+00	0.00e+00	2.69e-28	5.34e-24	2.97e-20	5.60e-17	2.20e-14	4.00e-12	1.89e-10	5.53e-09	9.79e-08	1.39e-06	1.15e-05	6.30e-05	2.90e-04	1.19e-02	9.14e-02	2.94e-01	3.40e-01	1.90e-01	5.68e-02	1.23e-02	2.24e-03	9.51e-04	2.33e-05	2.04e-07
 7.35645e+21	0.00e+00	0.00e+00	2.46e-33	3.88e-28	7.51e-24	4.09e-20	7.56e-17	2.91e-14	5.18e-12	2.39e-10	6.82e-09	1.18e-07	1.63e-06	1.32e-05	7.02e-05	3.16e-04	1.27e-02	9.53e-02	3.00e-01	3.39e-01	1.84e-01	5.38e-02	1.14e-02	2.03e-03	8.50e-04	2.03e-05	1.74e-07
 7.48640e+21	0.00e+00	0.00e+00	4.04e-33	6.18e-28	1.16e-23	6.17e-20	1.11e-16	4.16e-14	7.19e-12	3.22e-10	8.92e-09	1.49e-07	2.00e-06	1.56e-05	8.07e-05	3.52e-04	1.37e-02	1.01e-01	3.08e-01	3.37e-01	1.77e-01	5.02e-02	1.03e-02	1.79e-03	7.35e-04	1.70e-05	1.41e-07
 7.62571e+21	0.00e+00	0.00e+00	7.02e-33	1.04e-27	1.89e-23	9.73e-20	1.70e-16	6.20e-14	1.04e-11	4.50e-10	1.20e-08	1.95e-07	2.51e-06	1.89e-05	9.42e-05	3.97e-04	1.50e-02	1.07e-01	3.16e-01	3.34e-01	1.70e-01	4.64e-02	9.19e-03	1.55e-03	6.23e-04	1.39e-05	0.00e+00
 7.74389e+21	0.00e+00	0.00e+00	1.10e-32	1.58e-27	2.81e-23	1.41e-19	2.42e-16	8.60e-14	1.40e-11	5.92e-10	1.54e-08	2.42e-07	3.03e-06	2.21e-05	1.07e-04	4.38e-04	1.61e-02	1.12e-01	3.23e-01	3.32e-01	1.63e-01	4.34e-02	8.37e-03	1.37e-03	5.43e-04	1.18e-05	0.00e+00
 7.84851e+21	0.00e+00	0.00e+00	1.64e-32	2.30e-27	3.98e-23	1.96e-19	3.29e-16	1.15e-13	1.83e-11	7.53e-10	1.91e-08	2.92e-07	3.56e-06	2.54e-05	1.19e-04	4.76e-04	1.72e-02	1.16e-01	3.29e-01	3.29e-01	1.58e-01	4.08e-02	7.70e-03	1.24e-03	4.81e-04	1.02e-05	0.00e+00
 7.96882e+21	0.00e+00	0.00e+00	2.56e-32	3.49e-27	5.89e-23	2.84e-19	4.64e-16	1.58e-13	2.46e-11	9.87e-10	2.43e-08	3.62e-07	4.28e-06	2.96e-05	1.35e-04	5.24e-04	1.84e-02	1.22e-01	3.35e-01	3.26e-01	1.51e-01	3.81e-02	7.00e-03	1.09e-03	4.19e-04	8.62e-06	0.00e+00
 8.12522e+21	0.00e+00	0.00e+00	4.55e-32	5.97e-27	9.73e-23	4.55e-19	7.24e-16	2.40e-13	3.60e-11	1.40e-09	3.32e-08	4.76e-07	5.42e-06	3.60e-05	1.58e-04	5.92e-04	2.01e-02	1.29e-01	3.43e-01	3.22e-01	1.43e-01	3.49e-02	6.18e-03	9.35e-04	3.51e-04	6.94e-06	0.00e+00
 8.27465e+21	0.00e+00	0.00e+00	7.85e-32	9.95e-27	1.57e-22	7.13e-19	1.10e-15	3.56e-13	5.17e-11	1.94e-09	4.46e-08	6.17e-07	6.77e-06	4.34e-05	1.83e-04	6.64e-04	2.18e-02	1.35e-01	3.50e-01	3.17e-01	1.36e-01	3.19e-02	5.48e-03	8.03e-04	2.95e-04	5.63e-06	0.00e+00
 8.38062e+21	0.00e+00	0.00e+00	1.15e-31	1.42e-26	2.20e-22	9.78e-19	1.49e-15	4.70e-13	6.68e-11	2.45e-09	5.49e-08	7.41e-07	7.92e-06	4.94e-05	2.03e-04	7.19e-04	2.31e-02	1.40e-01	3.55e-01	3.13e-01	1.31e-01	3.00e-02	5.03e-03	7.21e-04	2.61e-04	4.86e-06	0.00e+00
 8.48398e+21	0.00e+00	0.00e+00	1.66e-31	2.00e-26	3.02e-22	1.32e-18	1.97e-15	6.12e-13	8.51e-11	3.06e-09	6.70e-08	8.82e-07	9.20e-06	5.60e-05	2.25e-04	7.76e-04	2.44e-02	1.45e-01	3.60e-01	3.10e-01	1.26e-01	2.82e-02	4.63e-03	6.49e-04	2.32e-04	4.21e-06	0.00e+00
 8.61836e+21	0.00e+00	0.00e+00	2.65e-31	3.10e-26	4.55e-22	1.94e-18	2.83e-15	8.60e-13	1.16e-10	4.07e-09	8.64e-08	1.10e-06	1.11e-05	6.57e-05	2.55e-04	8.55e-04	2.62e-02	1.51e-01	3.66e-01	3.05e-01	1.20e-01	2.60e-02	4.15e-03	5.67e-04	1.99e-04	3.50e-06	0.00e+00
 8.76182e+21	0.00e+00	0.00e+00	4.36e-31	4.94e-26	7.04e-22	2.93e-18	4.17e-15	1.23e-12	1.62e-10	5.50e-09	1.13e-07	1.40e-06	1.37e-05	7.78e-05	2.92e-04	9.47e-04	2.82e-02	1.58e-01	3.71e-01	2.99e-01	1.14e-01	2.39e-02	3.69e-03	4.90e-04	1.69e-04	2.87e-06	0.00e+00
 8.88570e+21	0.00e+00	0.00e+00	6.66e-31	7.35e-26	1.02e-21	4.15e-18	5.79e-15	1.68e-12	2.16e-10	7.12e-09	1.43e-07	1.72e-06	1.62e-05	8.98e-05	3.27e-04	1.03e-03	3.00e-02	1.64e-01	3.76e-01	2.94e-01	1.08e-01	2.22e-02	3.34e-03	4.32e-04	1.46e-04	2.42e-06	0.00e+00
 8.99830e+21	0.00e+00	0.00e+00	9.74e-31	1.05e-25	1.42e-21	5.68e-18	7.78e-15	2.22e-12	2.78e-10	8.99e-09	1.76e-07	2.06e-06	1.90e-05	1.02e-04	3.62e-04	1.12e-03	3.16e-02	1.70e-01	3.80e-01	2.89e-01	1.04e-01	2.07e-02	3.05e-03	3.85e-04	1.29e-04	2.07e-06	0.00e+00
 9.12764e+21	0.00e+00	0.00e+00	1.50e-30	1.57e-25	2.07e-21	8.09e-18	1.09e-14	3.03e-12	3.71e-10	1.17e-08	2.22e-07	2.53e-06	2.26e-05	1.18e-04	4.07e-04	1.22e-03	3.37e-02	1.76e-01	3.84e-01	2.84e-01	9.87e-02	1.91e-02	2.74e-03	3.38e-04	1.11e-04	1.73e-06	0.00e+00
 9.27286e+21	0.00e+00	0.00e+00	2.42e-30	2.45e-25	3.15e-21	1.20e-17	1.58e-14	4.30e-12	5.12e-10	1.57e-08	2.89e-07	3.18e-06	2.76e-05	1.39e-04	4.62e-04	1.34e-03	3.60e-02	1.83e-01	3.88e-01	2.78e-01	9.31e-02	1.75e-02	2.43e-03	2.91e-04	9.40e-05	1.42e-06	0.00e+00
 9.40334e+21	0.00e+00	0.00e+00	3.70e-30	3.65e-25	4.56e-21	1.70e-17	2.19e-14	5.88e-12	6.82e-10	2.04e-08	3.65e-07	3.91e-06	3.28e-05	1.61e-04	5.18e-04	1.47e-03	3.82e-02	1.89e-01	3.92e-01	2.72e-01	8.83e-02	1.61e-02	2.18e-03	2.55e-04	8.09e-05	1.19e-06	0.00e+00
 9.51607e+21	0.00e+00	0.00e+00	5.32e-30	5.11e-25	6.26e-21	2.29e-17	2.91e-14	7.66e-12	8.71e-10	2.54e-08	4.45e-07	4.66e-06	3.81e-05	1.82e-04	5.71e-04	1.58e-03	4.02e-02	1.95e-01	3.94e-01	2.67e-01	8.43e-02	1.50e-02	1.99e-03	2.27e-04	7.11e-05	1.02e-06	0.00e+00
 9.64109e+21	0.00e+00	0.00e+00	7.90e-30	7.39e-25	8.84e-21	3.18e-17	3.96e-14	1.03e-11	1.14e-09	3.25e-08	5.54e-07	5.64e-06	4.48e-05	2.08e-04	6.35e-04	1.71e-03	4.25e-02	2.01e-01	3.97e-01	2.61e-01	8.00e-02	1.38e-02	1.79e-03	2.00e-04	6.16e-05	8.55e-07	0.00e+00
 9.78056e+21	0.00e+00	0.00e+00	1.22e-29	1.11e-24	1.29e-20	4.55e-17	5.57e-14	1.41e-11	1.53e-09	4.26e-08	7.06e-07	6.97e-06	5.37e-05	2.41e-04	7.13e-04	1.86e-03	4.51e-02	2.08e-01	4.00e-01	2.55e-01	7.54e-02	1.27e-02	1.59e-03	1.73e-04	5.25e-05	7.06e-07	0.00e+00
 9.90960e+21	0.00e+00	0.00e+00	1.83e-29	1.61e-24	1.83e-20	6.33e-17	7.61e-14	1.90e-11	2.01e-09	5.46e-08	8.81e-07	8.47e-06	6.34e-05	2.77e-04	7.94e-04	2.02e-03	4.76e-02	2.14e-01	4.02e-01	2.49e-01	7.13e-02	1.17e-02	1.43e-03	1.52e-04	4.52e-05	5.90e-07	0.00e+00
 1.00281e+22	0.00e+00	0.00e+00	2.62e-29	2.26e-24	2.51e-20	8.53e-17	1.01e-13	2.49e-11	2.57e-09	6.84e-08	1.08e-06	1.01e-05	7.36e-05	3.13e-04	8.74e-04	2.17e-03	5.00e-02	2.20e-01	4.04e-01	2.43e-01	6.78e-02	1.08e-02	1.29e-03	1.34e-04	3.95e-05	5.01e-07	0.00e+00
 1.01623e+22	0.00e+00	0.00e+00	3.92e-29	3.29e-24	3.57e-20	1.19e-16	1.39e-13	3.35e-11	3.39e-09	8.80e-08	1.35e-06	1.23e-05	8.71e-05	3.59e-04	9.74e-04	2.36e-03	5.28e-02	2.26e-01	4.05e-01	2.37e-01	6.39e-02	9.89e-03	1.16e-03	1.17e-04	3.38e-05	4.17e-07	0.00e+00
 1.03117e+22	0.00e+00	0.00e+00	6.12e-29	4.97e-24	5.25e-20	1.71e-16	1.96e-13	4.66e-11	4.60e-09	1.16e-07	1.73e-06	1.53e-05	1.05e-04	4.18e-04	1.10e-03	2.58e-03	5.61e-02	2.33e-01	4.07e-01	2.30e-01	5.98e-02	8.96e-03	1.02e-03	1.00e-04	2.85e-05	3.39e-07	0.00e+00
 1.04481e+22	0.00e+00	0.00e+00	9.12e-29	7.21e-24	7.43e-20	2.38e-16	2.69e-13	6.29e-11	6.06e-09	1.50e-07	2.17e-06	1.87e-05	1.24e-04	4.80e-04	1.22e-03	2.79e-03	5.91e-02	2.40e-01	4.08e-01	2.23e-01	5.62e-02	8.19e-03	9.06e-04	8.71e-05	2.43e-05	2.81e-07	0.00e+00
 1.05708e+22	0.00e+00	0.00e+00	1.30e-28	1.00e-23	1.01e-19	3.18e-16	3.55e-13	8.20e-11	7.74e-09	1.87e-07	2.65e-06	2.23e-05	1.44e-04	5.42e-04	1.34e-03	3.00e-03	6.20e-02	2.46e-01	4.08e-01	2.17e-01	5.31e-02	7.54e-03	8.16e-04	7.67e-05	2.11e-05	2.37e-07	0.00e+00
 1.07089e+22	0.00e+00	0.00e+00	1.92e-28	1.44e-23	1.42e-19	4.38e-16	4.83e-13	1.10e-10	1.01e-08	2.40e-07	3.31e-06	2.70e-05	1.69e-04	6.21e-04	1.49e-03	3.25e-03	6.52e-02	2.52e-01	4.09e-01	2.11e-01	4.98e-02	6.88e-03	7.25e-04	6.65e-05	1.80e-05	1.96e-07	0.00e+00
 1.08635e+22	0.00e+00	0.00e+00	2.95e-28	2.15e-23	2.06e-19	6.26e-16	6.79e-13	1.52e-10	1.37e-08	3.17e-07	4.24e-06	3.36e-05	2.04e-04	7.21e-04	1.68e-03	3.54e-03	6.91e-02	2.59e-01	4.09e-01	2.04e-01	4.64e-02	6.19e-03	6.34e-04	5.66e-05	1.51e-05	1.58e-07	0.00e+00
 1.10069e+22	0.00e+00	0.00e+00	4.39e-28	3.10e-23	2.91e-19	8.69e-16	9.32e-13	2.06e-10	1.82e-08	4.10e-07	5.35e-06	4.11e-05	2.42e-04	8.30e-04	1.87e-03	3.84e-03	7.28e-02	2.66e-01	4.08e-01	1.97e-01	4.32e-02	5.61e-03	5.59e-04	4.86e-05	1.27e-05	1.29e-07	0.00e+00
 1.11372e+22	0.00e+00	0.00e+00	6.20e-28	4.27e-23	3.92e-19	1.15e-15	1.22e-12	2.68e-10	2.32e-08	5.12e-07	6.52e-06	4.89e-05	2.80e-04	9.36e-04	2.05e-03	4.12e-03	7.61e-02	2.72e-01	4.08e-01	1.91e-01	4.07e-02	5.14e-03	5.01e-04	4.26e-05	1.10e-05	0.00e+00	0.00e+00
 1.12830e+22	0.00e+00	0.00e+00	9.07e-28	6.09e-23	5.46e-19	1.58e-15	1.66e-12	3.59e-10	3.04e-08	6.56e-07	8.15e-06	5.94e-05	3.30e-04	1.07e-03	2.28e-03	4.46e-03	8.01e-02	2.78e-01	4.07e-01	1.84e-01	3.79e-02	4.65e-03	4.42e-04	3.67e-05	9.27e-06	0.00e+00	0.00e+00
 1.14475e+22	0.00e+00	3.60e-33	1.39e-27	9.02e-23	7.88e-19	2.25e-15	2.33e-12	4.99e-10	4.12e-08	8.68e-07	1.05e-05	7.40e-05	3.97e-04	1.24e-03	2.56e-03	4.87e-03	8.46e-02	2.85e-01	4.05e-01	1.77e-01	3.50e-02	4.15e-03	3.83e-04	3.09e-05	7.66e-06	0.00e+00	0.00e+00
 1.16009e+22	0.00e+00	5.51e-33	2.05e-27	1.30e-22	1.11e-18	3.11e-15	3.20e-12	6.78e-10	5.47e-08	1.13e-06	1.32e-05	9.09e-05	4.72e-04	1.43e-03	2.85e-03	5.29e-03	8.91e-02	2.92e-01	4.03e-01	1.70e-01	3.24e-02	3.72e-03	3.34e-04	2.62e-05	6.39e-06	0.00e+00	0.00e+00
 1.17400e+22	0.00e+00	7.95e-33	2.87e-27	1.77e-22	1.48e-18	4.10e-15	4.20e-12	8.81e-10	6.98e-08	1.41e-06	1.62e-05	1.08e-04	5.47e-04	1.62e-03	3.13e-03	5.67e-03	9.31e-02	2.97e-01	4.01e-01	1.64e-01	3.03e-02	3.38e-03	2.97e-04	2.28e-05	5.47e-06	0.00e+00	0.00e+00
 1.18961e+22	0.00e+00	1.19e-32	4.16e-27	2.50e-22	2.04e-18	5.59e-15	5.67e-12	1.18e-09	9.17e-08	1.81e-06	2.02e-05	1.32e-04	6.45e-04	1.85e-03	3.48e-03	6.13e-03	9.78e-02	3.03e-01	3.98e-01	1.57e-01	2.80e-02	3.04e-03	2.59e-04	1.94e-05	4.57e-06	0.00e+00	0.00e+00
 1.20989e+22	0.00e+00	1.99e-32	6.65e-27	3.86e-22	3.07e-18	8.26e-15	8.32e-12	1.71e-09	1.30e-07	2.50e-06	2.70e-05	1.69e-04	7.97e-04	2.20e-03	3.97e-03	6.78e-03	1.04e-01	3.11e-01	3.94e-01	1.49e-01	2.53e-02	2.63e-03	2.17e-04	1.58e-05	3.63e-06	0.00e+00	0.00e+00
 1.22937e+22	0.00e+00	3.22e-32	1.03e-26	5.80e-22	4.50e-18	1.19e-14	1.20e-11	2.44e-09	1.80e-07	3.38e-06	3.54e-05	2.15e-04	9.73e-04	2.59e-03	4.50e-03	7.46e-03	1.10e-01	3.18e-01	3.89e-01	1.41e-01	2.29e-02	2.30e-03	1.83e-04	1.29e-05	2.91e-06	0.00e+00	0.00e+00
 1.24319e+22	0.00e+00	4.50e-32	1.41e-26	7.70e-22	5.87e-18	1.54e-14	1.54e-11	3.13e-09	2.27e-07	4.20e-06	4.29e-05	2.54e-04	1.12e-03	2.90e-03	4.92e-03	7.98e-03	1.15e-01	3.23e-01	3.86e-01	1.36e-01	2.13e-02	2.08e-03	1.62e-04	1.12e-05	2.48e-06	0.00e+00	0.00e+00
 1.25657e+22	0.00e+00	6.12e-32	1.86e-26	9.99e-22	7.49e-18	1.95e-14	1.94e-11	3.93e-09	2.81e-07	5.10e-06	5.11e-05	2.95e-04	1.27e-03	3.22e-03	5.33e-03	8.48e-03	1.19e-01	3.27e-01	3.82e-01	1.31e-01	1.99e-02	1.90e-03	1.45e-04	9.82e-06	2.14e-06	0.00e+00	0.00e+00
 1.27396e+22	0.00e+00	9.06e-32	2.66e-26	1.39e-21	1.02e-17	2.63e-14	2.62e-11	5.27e-09	3.69e-07	6.56e-06	6.40e-05	3.60e-04	1.50e-03	3.68e-03	5.91e-03	9.18e-03	1.25e-01	3.33e-01	3.77e-01	1.24e-01	1.82e-02	1.68e-03	1.25e-04	8.26e-06	1.77e-06	0.00e+00	0.00e+00
 1.29264e+22	0.00e+00	1.37e-31	3.88e-26	1.97e-21	1.42e-17	3.61e-14	3.58e-11	7.19e-09	4.92e-07	8.57e-06	8.13e-05	4.43e-04	1.79e-03	4.24e-03	6.60e-03	9.98e-03	1.31e-01	3.38e-01	3.71e-01	1.18e-01	1.65e-02	1.48e-03	1.07e-04	6.85e-06	1.44e-06	0.00e+00	0.00e+00
 1.30902e+22	0.00e+00	1.94e-31	5.34e-26	2.65e-21	1.87e-17	4.72e-14	4.69e-11	9.37e-09	6.30e-07	1.08e-05	9.98e-05	5.30e-04	2.07e-03	4.79e-03	7.24e-03	1.07e-02	1.37e-01	3.43e-01	3.66e-01	1.12e-01	1.52e-02	1.32e-03	9.29e-05	5.83e-06	1.20e-06	0.00e+00	0.00e+00
 1.32634e+22	0.00e+00	2.77e-31	7.39e-26	3.57e-21	2.48e-17	6.21e-14	6.16e-11	1.23e-08	8.11e-07	1.36e-05	1.23e-04	6.35e-04	2.41e-03	5.41e-03	7.96e-03	1.15e-02	1.43e-01	3.47e-01	3.60e-01	1.07e-01	1.39e-02	1.17e-03	8.05e-05	4.93e-06	9.97e-07	0.00e+00	0.00e+00
 1.34588e+22	0.00e+00	4.10e-31	1.06e-25	4.97e-21	3.39e-17	8.39e-14	8.34e-11	1.66e-08	1.07e-06	1.76e-05	1.55e-04	7.77e-04	2.86e-03	6.20e-03	8.84e-03	1.25e-02	1.50e-01	3.51e-01	3.53e-01	1.01e-01	1.26e-02	1.02e-03	6.84e-05	4.09e-06	8.10e-07	0.00e+00	0.00e+00
 1.36437e+22	0.00e+00	5.87e-31	1.47e-25	6.73e-21	4.50e-17	1.11e-13	1.10e-10	2.19e-08	1.39e-06	2.24e-05	1.92e-04	9.35e-04	3.33e-03	7.03e-03	9.73e-03	1.35e-02	1.57e-01	3.55e-01	3.46e-01	9.52e-02	1.15e-02	9.01e-04	5.88e-05	3.43e-06	6.66e-07	0.00e+00	0.00e+00
 1.38169e+22	0.00e+00	8.14e-31	1.97e-25	8.87e-21	5.84e-17	1.43e-13	1.42e-10	2.82e-08	1.76e-06	2.78e-05	2.33e-04	1.11e-03	3.83e-03	7.87e-03	1.06e-02	1.44e-02	1.63e-01	3.58e-01	3.39e-01	9.03e-02	1.05e-02	8.01e-04	5.11e-05	2.91e-06	5.56e-07	0.00e+00	0.00e+00
 1.40145e+22	0.00e+00	1.17e-30	2.74e-25	1.20e-20	7.76e-17	1.88e-13	1.89e-10	3.73e-08	2.28e-06	3.54e-05	2.89e-04	1.33e-03	4.47e-03	8.91e-03	1.17e-02	1.55e-02	1.70e-01	3.61e-01	3.31e-01	8.51e-02	9.49e-03	7.02e-04	4.36e-05	2.43e-06	4.55e-07	0.00e+00	0.00e+00
 1.42359e+22	0.00e+00	1.72e-30	3.91e-25	1.67e-20	1.06e-16	2.55e-13	2.56e-10	5.07e-08	3.03e-06	4.60e-05	3.65e-04	1.63e-03	5.29e-03	1.02e-02	1.30e-02	1.68e-02	1.78e-01	3.64e-01	3.22e-01	7.94e-02	8.49e-03	6.06e-04	3.66e-05	1.98e-06	3.63e-07	0.00e+00	0.00e+00
 1.44433e+22	0.00e+00	2.46e-30	5.41e-25	2.26e-20	1.41e-16	3.37e-13	3.40e-10	6.70e-08	3.93e-06	5.85e-05	4.51e-04	1.96e-03	6.16e-03	1.15e-02	1.42e-02	1.81e-02	1.85e-01	3.66e-01	3.14e-01	7.45e-02	7.64e-03	5.28e-04	3.10e-05	1.64e-06	2.95e-07	0.00e+00	0.00e+00
 1.46379e+22	0.00e+00	3.40e-30	7.26e-25	2.96e-20	1.82e-16	4.33e-13	4.39e-10	8.65e-08	4.97e-06	7.27e-05	5.48e-04	2.32e-03	7.06e-03	1.29e-02	1.55e-02	1.93e-02	1.92e-01	3.68e-01	3.05e-01	7.01e-02	6.93e-03	4.65e-04	2.67e-05	1.38e-06	2.44e-07	0.00e+00	0.00e+00
 1.48308e+22	0.00e+00	4.65e-30	9.65e-25	3.86e-20	2.34e-16	5.53e-13	5.62e-10	1.11e-07	6.25e-06	8.98e-05	6.61e-04	2.72e-03	8.06e-03	1.43e-02	1.68e-02	2.05e-02	1.98e-01	3.69e-01	2.97e-01	6.59e-02	6.30e-03	4.10e-04	2.30e-05	1.17e-06	2.02e-07	0.00e+00	0.00e+00
 1.50205e+22	0.00e+00	6.27e-30	1.27e-24	4.97e-20	2.97e-16	6.99e-13	7.13e-10	1.40e-07	7.78e-06	1.10e-04	7.90e-04	3.17e-03	9.15e-03	1.58e-02	1.81e-02	2.18e-02	2.05e-01	3.69e-01	2.89e-01	6.21e-02	5.73e-03	3.63e-04	1.99e-05	9.89e-07	1.69e-07	0.00e+00	0.00e+00
 1.52359e+22	0.00e+00	8.71e-30	1.71e-24	6.55e-20	3.86e-16	9.03e-13	9.27e-10	1.82e-07	9.89e-06	1.37e-04	9.61e-04	3.75e-03	1.05e-02	1.76e-02	1.97e-02	2.32e-02	2.12e-01	3.69e-01	2.80e-01	5.80e-02	5.15e-03	3.17e-04	1.70e-05	8.24e-07	1.38e-07	0.00e+00	0.00e+00
 1.54701e+22	0.00e+00	1.24e-29	2.35e-24	8.81e-20	5.12e-16	1.19e-12	1.23e-09	2.40e-07	1.28e-05	1.74e-04	1.18e-03	4.48e-03	1.21e-02	1.98e-02	2.15e-02	2.49e-02	2.19e-01	3.69e-01	2.70e-01	5.38e-02	4.59e-03	2.73e-04	1.42e-05	6.75e-07	0.00e+00	0.00e+00	0.00e+00
 1.56794e+22	0.00e+00	1.68e-29	3.11e-24	1.14e-19	6.53e-16	1.51e-12	1.57e-09	3.06e-07	1.60e-05	2.13e-04	1.42e-03	5.23e-03	1.38e-02	2.18e-02	2.31e-02	2.63e-02	2.25e-01	3.67e-01	2.61e-01	5.03e-02	4.14e-03	2.39e-04	1.22e-05	5.66e-07	0.00e+00	0.00e+00	0.00e+00
 1.59022e+22	0.00e+00	2.29e-29	4.13e-24	1.49e-19	8.40e-16	1.93e-12	2.01e-09	3.93e-07	2.01e-05	2.63e-04	1.71e-03	6.12e-03	1.56e-02	2.41e-02	2.49e-02	2.79e-02	2.32e-01	3.66e-01	2.51e-01	4.68e-02	3.71e-03	2.08e-04	1.04e-05	4.72e-07	0.00e+00	0.00e+00	0.00e+00
 1.61521e+22	0.00e+00	3.23e-29	5.65e-24	1.99e-19	1.11e-15	2.54e-12	2.65e-09	5.17e-07	2.59e-05	3.31e-04	2.09e-03	7.26e-03	1.80e-02	2.69e-02	2.70e-02	2.97e-02	2.39e-01	3.63e-01	2.41e-01	4.31e-02	3.29e-03	1.79e-04	8.67e-06	3.85e-07	0.00e+00	0.00e+00	0.00e+00
 1.63863e+22	0.00e+00	4.43e-29	7.54e-24	2.60e-19	1.43e-15	3.25e-12	3.42e-09	6.64e-07	3.25e-05	4.08e-04	2.51e-03	8.48e-03	2.03e-02	2.97e-02	2.91e-02	3.14e-02	2.45e-01	3.60e-01	2.31e-01	3.99e-02	2.93e-03	1.55e-04	7.33e-06	3.18e-07	0.00e+00	0.00e+00	0.00e+00
 1.66059e+22	0.00e+00	5.91e-29	9.79e-24	3.32e-19	1.80e-15	4.08e-12	4.31e-09	8.34e-07	4.01e-05	4.94e-04	2.97e-03	9.76e-03	2.28e-02	3.24e-02	3.10e-02	3.30e-02	2.50e-01	3.56e-01	2.22e-01	3.71e-02	2.63e-03	1.35e-04	6.28e-06	2.67e-07	0.00e+00	0.00e+00	0.00e+00
 1.68571e+22	0.00e+00	8.12e-29	1.31e-23	4.35e-19	2.33e-15	5.24e-12	5.56e-09	1.07e-06	5.05e-05	6.10e-04	3.57e-03	1.14e-02	2.58e-02	3.56e-02	3.32e-02	3.48e-02	2.56e-01	3.51e-01	2.11e-01	3.42e-02	2.33e-03	1.16e-04	5.28e-06	2.20e-07	0.00e+00	0.00e+00	0.00e+00
 1.71402e+22	0.00e+00	1.16e-28	1.81e-23	5.86e-19	3.09e-15	6.93e-12	7.38e-09	1.42e-06	6.51e-05	7.68e-04	4.36e-03	1.35e-02	2.94e-02	3.94e-02	3.58e-02	3.69e-02	2.61e-01	3.45e-01	2.00e-01	3.11e-02	2.04e-03	9.82e-05	4.33e-06	1.76e-07	0.00e+00	0.00e+00	0.00e+00
 1.73899e+22	0.00e+00	1.57e-28	2.39e-23	7.60e-19	3.96e-15	8.81e-12	9.43e-09	1.80e-06	8.10e-05	9.36e-04	5.18e-03	1.55e-02	3.30e-02	4.30e-02	3.81e-02	3.86e-02	2.65e-01	3.39e-01	1.90e-01	2.85e-02	1.80e-03	8.46e-05	3.65e-06	1.45e-07	0.00e+00	0.00e+00	0.00e+00
 1.75976e+22	0.00e+00	2.00e-28	2.99e-23	9.37e-19	4.83e-15	1.07e-11	1.15e-08	2.19e-06	9.65e-05	1.10e-03	5.95e-03	1.74e-02	3.61e-02	4.60e-02	4.00e-02	4.00e-02	2.69e-01	3.34e-01	1.82e-01	2.66e-02	1.63e-03	7.49e-05	3.17e-06	1.24e-07	0.00e+00	0.00e+00	0.00e+00
 1.78256e+22	0.00e+00	2.61e-28	3.80e-23	1.17e-18	5.98e-15	1.32e-11	1.42e-08	2.69e-06	1.16e-04	1.30e-03	6.88e-03	1.96e-02	3.96e-02	4.94e-02	4.20e-02	4.16e-02	2.72e-01	3.28e-01	1.74e-01	2.46e-02	1.46e-03	6.55e-05	2.72e-06	0.00e+00	0.00e+00	0.00e+00	0.00e+00
 1.81221e+22	0.00e+00	3.64e-28	5.16e-23	1.56e-18	7.84e-15	1.72e-11	1.85e-08	3.49e-06	1.47e-04	1.61e-03	8.26e-03	2.28e-02	4.46e-02	5.39e-02	4.47e-02	4.34e-02	2.75e-01	3.19e-01	1.63e-01	2.22e-02	1.27e-03	5.52e-05	2.24e-06	0.00e+00	0.00e+00	0.00e+00	0.00e+00
 1.84315e+22	0.00e+00	5.13e-28	7.06e-23	2.09e-18	1.04e-14	2.25e-11	2.44e-08	4.55e-06	1.87e-04	1.99e-03	9.94e-03	2.66e-02	5.01e-02	5.87e-02	4.74e-02	4.53e-02	2.77e-01	3.10e-01	1.52e-01	1.99e-02	1.10e-03	4.61e-05	1.82e-06	0.00e+00	0.00e+00	0.00e+00	0.00e+00
 1.86912e+22	0.00e+00	6.81e-28	9.14e-23	2.66e-18	1.30e-14	2.81e-11	3.05e-08	5.65e-06	2.27e-04	2.37e-03	1.15e-02	3.00e-02	5.50e-02	6.28e-02	4.96e-02	4.68e-02	2.78e-01	3.01e-01	1.44e-01	1.82e-02	9.67e-04	3.96e-05	1.53e-06	0.00e+00	0.00e+00	0.00e+00	0.00e+00
 1.89625e+22	0.00e+00	9.04e-28	1.19e-22	3.39e-18	1.64e-14	3.52e-11	3.81e-08	7.02e-06	2.76e-04	2.82e-03	1.34e-02	3.38e-02	6.03e-02	6.71e-02	5.18e-02	4.82e-02	2.78e-01	2.92e-01	1.35e-01	1.65e-02	8.51e-04	3.40e-05	1.29e-06	0.00e+00	0.00e+00	0.00e+00	0.00e+00
 1.93152e+22	0.00e+00	1.30e-27	1.65e-22	4.60e-18	2.19e-14	4.67e-11	5.06e-08	9.22e-06	3.52e-04	3.51e-03	1.61e-02	3.92e-02	6.74e-02	7.26e-02	5.45e-02	4.99e-02	2.78e-01	2.79e-01	1.24e-01	1.46e-02	7.20e-04	2.78e-05	1.03e-06	0.00e+00	0.00e+00	0.00e+00	0.00e+00
 1.96787e+22	0.00e+00	1.87e-27	2.30e-22	6.28e-18	2.95e-14	6.21e-11	6.74e-08	1.21e-05	4.50e-04	4.35e-03	1.93e-02	4.54e-02	7.52e-02	7.83e-02	5.71e-02	5.14e-02	2.76e-01	2.66e-01	1.13e-01	1.28e-02	6.04e-04	2.26e-05	8.12e-07	0.00e+00	0.00e+00	0.00e+00	0.00e+00
 1.99769e+22	0.00e+00	2.50e-27	3.01e-22	8.06e-18	3.74e-14	7.81e-11	8.45e-08	1.51e-05	5.45e-04	5.16e-03	2.23e-02	5.09e-02	8.17e-02	8.29e-02	5.91e-02	5.24e-02	2.73e-01	2.55e-01	1.05e-01	1.14e-02	5.24e-04	1.91e-05	6.71e-07	0.00e+00	0.00e+00	0.00e+00	0.00e+00
 2.02852e+22	0.00e+00	3.34e-27	3.92e-22	1.03e-17	4.73e-14	9.79e-11	1.06e-07	1.87e-05	6.59e-04	6.10e-03	2.56e-02	5.67e-02	8.85e-02	8.74e-02	6.09e-02	5.33e-02	2.70e-01	2.43e-01	9.71e-02	1.02e-02	4.52e-04	1.61e-05	5.53e-07	0.00e+00	0.00e+00	0.00e+00	0.00e+00
 2.06269e+22	3.41e-33	4.59e-27	5.24e-22	1.35e-17	6.10e-14	1.25e-10	1.35e-07	2.35e-05	8.07e-04	7.29e-03	2.97e-02	6.37e-02	9.62e-02	9.22e-02	6.27e-02	5.40e-02	2.65e-01	2.30e-01	8.86e-02	8.99e-03	3.84e-04	1.33e-05	4.46e-07	0.00e+00	0.00e+00	0.00e+00	0.00e+00
 2.09426e+22	4.66e-33	6.11e-27	6.81e-22	1.73e-17	7.69e-14	1.56e-10	1.68e-07	2.89e-05	9.68e-04	8.54e-03	3.39e-02	7.05e-02	1.03e-01	9.64e-02	6.41e-02	5.45e-02	2.60e-01	2.18e-01	8.13e-02	7.98e-03	3.30e-04	1.11e-05	3.65e-07	0.00e+00	0.00e+00	0.00e+00	0.00e+00
