#depth	Cl	Cl+	Cl+2	Cl+3	Cl+4	Cl+5	Cl+6	Cl+7	Cl+8	Cl+9	Cl+10	Cl+11	Cl+12	Cl+13	Cl+14	Cl+15	Cl+16	Cl+17
 6.17135e+19	0.00e+00	0.00e+00	0.00e+00	0.00e+00	0.00e+00	0.00e+00	2.66e-27	4.49e-23	1.85e-19	2.97e-16	2.00e-13	6.68e-11	1.22e-08	1.50e-06	1.49e-04	2.54e-02	2.47e-01	7.28e-01
 1.87609e+20	0.00e+00	0.00e+00	0.00e+00	0.00e+00	0.00e+00	0.00e+00	7.18e-27	1.11e-22	4.21e-19	6.20e-16	3.83e-13	1.17e-10	1.96e-08	2.16e-06	1.96e-04	3.01e-02	2.64e-01	7.05e-01
 3.12629e+20	0.00e+00	0.00e+00	0.00e+00	0.00e+00	0.00e+00	8.26e-31	1.86e-26	2.67e-22	9.29e-19	1.26e-15	7.15e-13	2.02e-10	3.10e-08	3.09e-06	2.54e-04	3.53e-02	2.82e-01	6.83e-01
 4.29922e+20	0.00e+00	0.00e+00	0.00e+00	0.00e+00	0.00e+00	2.17e-30	4.41e-26	5.89e-22	1.91e-18	2.40e-15	1.26e-12	3.32e-10	4.70e-08	4.28e-06	3.22e-04	4.09e-02	2.98e-01	6.61e-01
 5.05043e+20	0.00e+00	0.00e+00	0.00e+00	0.00e+00	0.00e+00	4.00e-30	7.61e-26	9.74e-22	3.01e-18	3.61e-15	1.82e-12	4.55e-10	6.13e-08	5.26e-06	3.75e-04	4.48e-02	3.08e-01	6.46e-01
 5.34510e+20	0.00e+00	0.00e+00	0.00e+00	0.00e+00	0.00e+00	5.07e-30	9.40e-26	1.18e-21	3.59e-18	4.23e-15	2.09e-12	5.15e-10	6.80e-08	5.70e-06	3.97e-04	4.64e-02	3.13e-01	6.41e-01
 5.59347e+20	0.00e+00	0.00e+00	0.00e+00	0.00e+00	0.00e+00	6.11e-30	1.11e-25	1.38e-21	4.13e-18	4.79e-15	2.33e-12	5.66e-10	7.36e-08	6.06e-06	4.15e-04	4.77e-02	3.16e-01	6.36e-01
 5.91635e+20	0.00e+00	0.00e+00	0.00e+00	0.00e+00	0.00e+00	7.85e-30	1.39e-25	1.70e-21	4.98e-18	5.67e-15	2.71e-12	6.44e-10	8.21e-08	6.60e-06	4.42e-04	4.95e-02	3.20e-01	6.30e-01
 6.33609e+20	0.00e+00	0.00e+00	0.00e+00	0.00e+00	0.00e+00	1.09e-29	1.86e-25	2.21e-21	6.34e-18	7.05e-15	3.28e-12	7.62e-10	9.46e-08	7.36e-06	4.78e-04	5.20e-02	3.26e-01	6.22e-01
 6.88177e+20	0.00e+00	0.00e+00	0.00e+00	0.00e+00	0.00e+00	1.65e-29	2.69e-25	3.11e-21	8.65e-18	9.32e-15	4.21e-12	9.46e-10	1.13e-07	8.48e-06	5.30e-04	5.53e-02	3.33e-01	6.11e-01
 7.45389e+20	0.00e+00	0.00e+00	0.00e+00	0.00e+00	0.00e+00	2.53e-29	3.94e-25	4.43e-21	1.19e-17	1.25e-14	5.44e-12	1.18e-09	1.37e-07	9.81e-06	5.89e-04	5.89e-02	3.40e-01	6.00e-01
 7.93628e+20	0.00e+00	0.00e+00	0.00e+00	0.00e+00	0.00e+00	3.62e-29	5.42e-25	5.95e-21	1.56e-17	1.59e-14	6.73e-12	1.43e-09	1.60e-07	1.11e-05	6.42e-04	6.21e-02	3.47e-01	5.91e-01
 8.43924e+20	0.00e+00	0.00e+00	0.00e+00	0.00e+00	0.00e+00	5.24e-29	7.52e-25	8.05e-21	2.06e-17	2.03e-14	8.39e-12	1.73e-09	1.88e-07	1.26e-05	7.03e-04	6.55e-02	3.53e-01	5.81e-01
 9.09310e+20	0.00e+00	0.00e+00	0.00e+00	0.00e+00	0.00e+00	8.39e-29	1.14e-24	1.19e-20	2.93e-17	2.79e-14	1.11e-11	2.21e-09	2.32e-07	1.47e-05	7.89e-04	7.01e-02	3.61e-01	5.68e-01
 9.74660e+20	0.00e+00	0.00e+00	0.00e+00	0.00e+00	0.00e+00	1.34e-28	1.73e-24	1.74e-20	4.15e-17	3.82e-14	1.47e-11	2.82e-09	2.85e-07	1.73e-05	8.83e-04	7.50e-02	3.69e-01	5.55e-01
 1.02547e+21	0.00e+00	0.00e+00	0.00e+00	0.00e+00	0.00e+00	1.91e-28	2.37e-24	2.33e-20	5.42e-17	4.86e-14	1.82e-11	3.41e-09	3.33e-07	1.95e-05	9.63e-04	7.89e-02	3.75e-01	5.45e-01
 1.06999e+21	0.00e+00	0.00e+00	0.00e+00	0.00e+00	0.00e+00	2.59e-28	3.11e-24	2.99e-20	6.82e-17	5.99e-14	2.19e-11	4.01e-09	3.82e-07	2.16e-05	1.04e-03	8.24e-02	3.80e-01	5.36e-01
 1.12080e+21	0.00e+00	0.00e+00	0.00e+00	0.00e+00	0.00e+00	3.66e-28	4.22e-24	3.98e-20	8.85e-17	7.58e-14	2.70e-11	4.81e-09	4.46e-07	2.43e-05	1.13e-03	8.66e-02	3.86e-01	5.26e-01
 1.18687e+21	0.00e+00	0.00e+00	0.00e+00	0.00e+00	0.00e+00	5.70e-28	6.24e-24	5.73e-20	1.24e-16	1.02e-13	3.53e-11	6.08e-09	5.43e-07	2.83e-05	1.26e-03	9.21e-02	3.93e-01	5.14e-01
 1.25364e+21	0.00e+00	0.00e+00	0.00e+00	0.00e+00	0.00e+00	8.86e-28	9.21e-24	8.23e-20	1.72e-16	1.38e-13	4.61e-11	7.68e-09	6.60e-07	3.29e-05	1.40e-03	9.80e-02	4.00e-01	5.01e-01
 1.30660e+21	0.00e+00	0.00e+00	0.00e+00	0.00e+00	0.00e+00	1.26e-27	1.25e-23	1.10e-19	2.24e-16	1.76e-13	5.70e-11	9.26e-09	7.73e-07	3.71e-05	1.52e-03	1.03e-01	4.05e-01	4.90e-01
 1.36073e+21	0.00e+00	0.00e+00	0.00e+00	0.00e+00	0.00e+00	1.77e-27	1.69e-23	1.45e-19	2.90e-16	2.21e-13	7.01e-11	1.11e-08	8.99e-07	4.17e-05	1.65e-03	1.08e-01	4.11e-01	4.80e-01
 1.43109e+21	0.00e+00	0.00e+00	0.00e+00	0.00e+00	0.00e+00	2.75e-27	2.50e-23	2.09e-19	4.04e-16	3.00e-13	9.18e-11	1.40e-08	1.10e-06	4.84e-05	1.84e-03	1.14e-01	4.17e-01	4.67e-01
 1.50165e+21	0.00e+00	0.00e+00	0.00e+00	0.00e+00	0.00e+00	4.25e-27	3.67e-23	2.99e-19	5.62e-16	4.04e-13	1.20e-10	1.77e-08	1.33e-06	5.62e-05	2.04e-03	1.21e-01	4.23e-01	4.53e-01
 1.55706e+21	0.00e+00	0.00e+00	0.00e+00	0.00e+00	0.00e+00	5.97e-27	4.95e-23	3.96e-19	7.28e-16	5.11e-13	1.48e-10	2.13e-08	1.55e-06	6.32e-05	2.21e-03	1.27e-01	4.28e-01	4.43e-01
 1.60618e+21	0.00e+00	0.00e+00	0.00e+00	0.00e+00	4.15e-31	7.97e-27	6.39e-23	5.02e-19	9.06e-16	6.22e-13	1.76e-10	2.48e-08	1.76e-06	6.97e-05	2.37e-03	1.32e-01	4.32e-01	4.34e-01
 1.66249e+21	0.00e+00	0.00e+00	0.00e+00	0.00e+00	6.03e-31	1.11e-26	8.54e-23	6.60e-19	1.16e-15	7.82e-13	2.15e-10	2.96e-08	2.05e-06	7.80e-05	2.56e-03	1.38e-01	4.36e-01	4.24e-01
 1.73570e+21	0.00e+00	0.00e+00	0.00e+00	0.00e+00	9.71e-31	1.69e-26	1.24e-22	9.34e-19	1.61e-15	1.05e-12	2.79e-10	3.72e-08	2.47e-06	9.00e-05	2.82e-03	1.46e-01	4.41e-01	4.11e-01
 1.81066e+21	0.00e+00	0.00e+00	0.00e+00	0.00e+00	1.57e-30	2.59e-26	1.80e-22	1.33e-18	2.22e-15	1.40e-12	3.62e-10	4.67e-08	2.99e-06	1.04e-04	3.12e-03	1.54e-01	4.45e-01	3.98e-01
 1.87168e+21	0.00e+00	0.00e+00	0.00e+00	0.00e+00	2.30e-30	3.63e-26	2.42e-22	1.76e-18	2.87e-15	1.77e-12	4.46e-10	5.60e-08	3.48e-06	1.17e-04	3.37e-03	1.61e-01	4.49e-01	3.87e-01
 1.93481e+21	0.00e+00	0.00e+00	0.00e+00	0.00e+00	3.38e-30	5.12e-26	3.28e-22	2.33e-18	3.73e-15	2.25e-12	5.51e-10	6.74e-08	4.06e-06	1.31e-04	3.65e-03	1.68e-01	4.52e-01	3.76e-01
 2.00522e+21	0.00e+00	0.00e+00	0.00e+00	0.00e+00	5.18e-30	7.46e-26	4.56e-22	3.18e-18	4.97e-15	2.92e-12	6.95e-10	8.25e-08	4.80e-06	1.49e-04	3.98e-03	1.76e-01	4.56e-01	3.65e-01
 2.07077e+21	0.00e+00	0.00e+00	0.00e+00	0.00e+00	7.64e-30	1.05e-25	6.18e-22	4.23e-18	6.47e-15	3.71e-12	8.59e-10	9.93e-08	5.60e-06	1.67e-04	4.31e-03	1.83e-01	4.58e-01	3.54e-01
 2.13211e+21	0.00e+00	0.00e+00	0.00e+00	0.00e+00	1.09e-29	1.45e-25	8.16e-22	5.50e-18	8.24e-15	4.62e-12	1.04e-09	1.18e-07	6.45e-06	1.85e-04	4.63e-03	1.90e-01	4.61e-01	3.45e-01
 2.20233e+21	0.00e+00	0.00e+00	0.00e+00	0.00e+00	1.63e-29	2.06e-25	1.11e-21	7.38e-18	1.08e-14	5.91e-12	1.30e-09	1.42e-07	7.55e-06	2.09e-04	5.01e-03	1.98e-01	4.63e-01	3.34e-01
 2.28090e+21	0.00e+00	0.00e+00	0.00e+00	0.00e+00	2.53e-29	3.05e-25	1.57e-21	1.02e-17	1.46e-14	7.75e-12	1.65e-09	1.75e-07	8.97e-06	2.38e-04	5.47e-03	2.07e-01	4.65e-01	3.22e-01
 2.35465e+21	0.00e+00	0.00e+00	0.00e+00	0.00e+00	3.80e-29	4.36e-25	2.15e-21	1.37e-17	1.92e-14	9.94e-12	2.06e-09	2.13e-07	1.05e-05	2.67e-04	5.92e-03	2.16e-01	4.66e-01	3.11e-01
 2.42432e+21	0.00e+00	0.00e+00	0.00e+00	0.00e+00	5.52e-29	6.08e-25	2.88e-21	1.81e-17	2.47e-14	1.25e-11	2.53e-09	2.54e-07	1.22e-05	2.98e-04	6.36e-03	2.24e-01	4.67e-01	3.02e-01
 2.50438e+21	0.00e+00	0.00e+00	0.00e+00	0.00e+00	8.42e-29	8.84e-25	4.00e-21	2.47e-17	3.29e-14	1.62e-11	3.18e-09	3.10e-07	1.43e-05	3.37e-04	6.90e-03	2.34e-01	4.68e-01	2.91e-01
 2.58928e+21	0.00e+00	0.00e+00	0.00e+00	0.00e+00	1.31e-28	1.31e-24	5.63e-21	3.41e-17	4.44e-14	2.13e-11	4.04e-09	3.81e-07	1.70e-05	3.83e-04	7.50e-03	2.44e-01	4.69e-01	2.79e-01
 2.66258e+21	0.00e+00	0.00e+00	0.00e+00	0.00e+00	1.89e-28	1.82e-24	7.52e-21	4.48e-17	5.72e-14	2.68e-11	4.94e-09	4.54e-07	1.96e-05	4.26e-04	8.05e-03	2.52e-01	4.69e-01	2.70e-01
 2.73997e+21	0.00e+00	0.00e+00	0.00e+00	0.00e+00	2.78e-28	2.55e-24	1.01e-20	5.95e-17	7.42e-14	3.39e-11	6.09e-09	5.43e-07	2.27e-05	4.75e-04	8.65e-03	2.61e-01	4.69e-01	2.61e-01
 2.84058e+21	0.00e+00	0.00e+00	0.00e+00	0.00e+00	4.53e-28	3.94e-24	1.48e-20	8.53e-17	1.03e-13	4.58e-11	7.94e-09	6.83e-07	2.74e-05	5.45e-04	9.47e-03	2.73e-01	4.68e-01	2.49e-01
 2.94217e+21	0.00e+00	0.00e+00	0.00e+00	0.00e+00	7.35e-28	6.04e-24	2.16e-20	1.22e-16	1.44e-13	6.17e-11	1.03e-08	8.55e-07	3.29e-05	6.25e-04	1.03e-02	2.85e-01	4.67e-01	2.37e-01
 3.02314e+21	0.00e+00	0.00e+00	0.00e+00	0.00e+00	1.07e-27	8.45e-24	2.90e-20	1.61e-16	1.86e-13	7.78e-11	1.27e-08	1.02e-06	3.79e-05	6.94e-04	1.11e-02	2.95e-01	4.65e-01	2.28e-01
 3.10652e+21	0.00e+00	0.00e+00	0.00e+00	0.00e+00	1.57e-27	1.18e-23	3.90e-20	2.13e-16	2.41e-13	9.83e-11	1.55e-08	1.22e-06	4.38e-05	7.72e-04	1.19e-02	3.04e-01	4.64e-01	2.20e-01
 3.21492e+21	0.00e+00	0.00e+00	0.00e+00	0.00e+00	2.54e-27	1.82e-23	5.69e-20	3.04e-16	3.34e-13	1.32e-10	2.02e-08	1.52e-06	5.25e-05	8.82e-04	1.29e-02	3.16e-01	4.61e-01	2.09e-01
 3.32176e+21	0.00e+00	0.00e+00	0.00e+00	0.00e+00	4.05e-27	2.75e-23	8.20e-20	4.29e-16	4.60e-13	1.76e-10	2.59e-08	1.89e-06	6.25e-05	1.00e-03	1.40e-02	3.28e-01	4.58e-01	1.99e-01
 3.40299e+21	0.00e+00	0.00e+00	0.00e+00	4.43e-31	5.73e-27	3.75e-23	1.08e-19	5.55e-16	5.83e-13	2.18e-10	3.13e-08	2.21e-06	7.12e-05	1.10e-03	1.49e-02	3.37e-01	4.55e-01	1.91e-01
 3.48502e+21	0.00e+00	0.00e+00	0.00e+00	6.52e-31	8.11e-27	5.10e-23	1.41e-19	7.17e-16	7.38e-13	2.70e-10	3.77e-08	2.60e-06	8.10e-05	1.21e-03	1.58e-02	3.47e-01	4.53e-01	1.84e-01
 3.59165e+21	0.00e+00	0.00e+00	0.00e+00	1.06e-30	1.25e-26	7.52e-23	1.98e-19	9.91e-16	9.93e-13	3.53e-10	4.76e-08	3.17e-06	9.51e-05	1.36e-03	1.70e-02	3.58e-01	4.49e-01	1.75e-01
 3.70518e+21	0.00e+00	0.00e+00	0.00e+00	1.76e-30	1.98e-26	1.13e-22	2.84e-19	1.39e-15	1.36e-12	4.68e-10	6.09e-08	3.91e-06	1.13e-04	1.54e-03	1.84e-02	3.70e-01	4.44e-01	1.66e-01
 3.80359e+21	0.00e+00	0.00e+00	0.00e+00	2.71e-30	2.93e-26	1.60e-22	3.84e-19	1.86e-15	1.77e-12	5.95e-10	7.51e-08	4.67e-06	1.30e-04	1.71e-03	1.96e-02	3.80e-01	4.40e-01	1.58e-01
 3.90744e+21	0.00e+00	0.00e+00	0.00e+00	4.24e-30	4.38e-26	2.28e-22	5.26e-19	2.50e-15	2.33e-12	7.61e-10	9.31e-08	5.60e-06	1.50e-04	1.90e-03	2.10e-02	3.91e-01	4.35e-01	1.51e-01
 4.02400e+21	0.00e+00	0.00e+00	0.00e+00	6.94e-30	6.83e-26	3.39e-22	7.44e-19	3.47e-15	3.15e-12	9.99e-10	1.18e-07	6.85e-06	1.77e-04	2.14e-03	2.25e-02	4.03e-01	4.30e-01	1.43e-01
 4.13424e+21	0.00e+00	0.00e+00	0.00e+00	1.10e-29	1.03e-25	4.89e-22	1.03e-18	4.71e-15	4.17e-12	1.28e-09	1.47e-07	8.25e-06	2.05e-04	2.38e-03	2.40e-02	4.13e-01	4.24e-01	1.36e-01
 4.23890e+21	0.00e+00	0.00e+00	0.00e+00	1.68e-29	1.51e-25	6.87e-22	1.38e-18	6.25e-15	5.42e-12	1.62e-09	1.80e-07	9.80e-06	2.35e-04	2.63e-03	2.56e-02	4.23e-01	4.19e-01	1.29e-01
 4.34243e+21	0.00e+00	0.00e+00	0.00e+00	2.53e-29	2.19e-25	9.56e-22	1.85e-18	8.24e-15	6.98e-12	2.04e-09	2.20e-07	1.16e-05	2.69e-04	2.89e-03	2.71e-02	4.33e-01	4.13e-01	1.23e-01
 4.46026e+21	0.00e+00	0.00e+00	0.00e+00	4.02e-29	3.32e-25	1.38e-21	2.56e-18	1.12e-14	9.26e-12	2.63e-09	2.74e-07	1.40e-05	3.11e-04	3.22e-03	2.89e-02	4.44e-01	4.07e-01	1.17e-01
 4.58815e+21	0.00e+00	0.00e+00	0.00e+00	6.57e-29	5.17e-25	2.05e-21	3.61e-18	1.56e-14	1.25e-11	3.45e-09	3.46e-07	1.70e-05	3.65e-04	3.60e-03	3.09e-02	4.55e-01	4.00e-01	1.10e-01
 4.70268e+21	0.00e+00	0.00e+00	0.00e+00	1.01e-28	7.64e-25	2.90e-21	4.89e-18	2.08e-14	1.63e-11	4.38e-09	4.26e-07	2.02e-05	4.18e-04	3.97e-03	3.28e-02	4.65e-01	3.94e-01	1.04e-01
 4.82515e+21	0.00e+00	0.00e+00	0.00e+00	1.59e-28	1.15e-24	4.16e-21	6.72e-18	2.81e-14	2.16e-11	5.62e-09	5.28e-07	2.43e-05	4.83e-04	4.40e-03	3.48e-02	4.75e-01	3.87e-01	9.85e-02
 4.96059e+21	0.00e+00	0.00e+00	0.00e+00	2.61e-28	1.79e-24	6.17e-21	9.50e-18	3.90e-14	2.92e-11	7.36e-09	6.68e-07	2.95e-05	5.64e-04	4.92e-03	3.72e-02	4.86e-01	3.79e-01	9.25e-02
 5.08576e+21	0.00e+00	0.00e+00	0.00e+00	4.08e-28	2.68e-24	8.82e-21	1.30e-17	5.26e-14	3.84e-11	9.42e-09	8.26e-07	3.53e-05	6.50e-04	5.44e-03	3.95e-02	4.95e-01	3.72e-01	8.73e-02
 5.22133e+21	0.00e+00	0.00e+00	0.00e+00	6.54e-28	4.10e-24	1.29e-20	1.81e-17	7.21e-14	5.14e-11	1.22e-08	1.03e-06	4.26e-05	7.54e-04	6.04e-03	4.20e-02	5.05e-01	3.64e-01	8.20e-02
 5.37042e+21	0.00e+00	0.00e+00	0.00e+00	1.09e-27	6.50e-24	1.94e-20	2.59e-17	1.02e-13	7.04e-11	1.62e-08	1.32e-06	5.23e-05	8.85e-04	6.77e-03	4.48e-02	5.16e-01	3.55e-01	7.65e-02
 5.50619e+21	0.00e+00	0.00e+00	0.00e+00	1.73e-27	9.82e-24	2.80e-20	3.57e-17	1.38e-13	9.33e-11	2.08e-08	1.64e-06	6.27e-05	1.02e-03	7.48e-03	4.75e-02	5.25e-01	3.47e-01	7.19e-02
 5.62180e+21	0.00e+00	0.00e+00	0.00e+00	2.55e-27	1.39e-23	3.81e-20	4.67e-17	1.78e-13	1.18e-10	2.58e-08	1.97e-06	7.30e-05	1.15e-03	8.15e-03	4.98e-02	5.32e-01	3.40e-01	6.81e-02
 5.74210e+21	0.00e+00	0.00e+00	0.00e+00	3.77e-27	1.98e-23	5.21e-20	6.13e-17	2.32e-13	1.51e-10	3.20e-08	2.37e-06	8.53e-05	1.30e-03	8.87e-03	5.23e-02	5.40e-01	3.33e-01	6.44e-02
 5.87796e+21	0.00e+00	0.00e+00	0.00e+00	5.83e-27	2.93e-23	7.37e-20	8.31e-17	3.10e-13	1.97e-10	4.06e-08	2.91e-06	1.01e-04	1.49e-03	9.74e-03	5.51e-02	5.48e-01	3.25e-01	6.06e-02
 6.00716e+21	0.00e+00	0.00e+00	4.73e-31	8.79e-27	4.23e-23	1.02e-19	1.11e-16	4.07e-13	2.53e-10	5.09e-08	3.53e-06	1.19e-04	1.69e-03	1.06e-02	5.79e-02	5.55e-01	3.18e-01	5.71e-02
 6.12806e+21	0.00e+00	0.00e+00	7.17e-31	1.28e-26	5.95e-23	1.38e-19	1.44e-16	5.24e-13	3.19e-10	6.27e-08	4.22e-06	1.38e-04	1.89e-03	1.15e-02	6.06e-02	5.61e-01	3.11e-01	5.40e-02
 6.26507e+21	0.00e+00	0.00e+00	1.14e-30	1.95e-26	8.68e-23	1.93e-19	1.92e-16	6.94e-13	4.13e-10	7.89e-08	5.15e-06	1.63e-04	2.15e-03	1.26e-02	6.36e-02	5.68e-01	3.03e-01	5.07e-02
 6.41710e+21	0.00e+00	0.00e+00	1.89e-30	3.10e-26	1.31e-22	2.78e-19	2.64e-16	9.44e-13	5.49e-10	1.02e-07	6.40e-06	1.95e-04	2.48e-03	1.39e-02	6.71e-02	5.75e-01	2.94e-01	4.73e-02
 6.54547e+21	0.00e+00	0.00e+00	2.89e-30	4.56e-26	1.86e-22	3.77e-19	3.45e-16	1.22e-12	6.95e-10	1.26e-07	7.68e-06	2.26e-04	2.78e-03	1.51e-02	7.01e-02	5.80e-01	2.87e-01	4.45e-02
 6.64711e+21	0.00e+00	0.00e+00	4.02e-30	6.14e-26	2.43e-22	4.78e-19	4.24e-16	1.49e-12	8.35e-10	1.48e-07	8.84e-06	2.54e-04	3.05e-03	1.60e-02	7.25e-02	5.84e-01	2.81e-01	4.25e-02
 6.75722e+21	0.00e+00	0.00e+00	5.74e-30	8.49e-26	3.24e-22	6.18e-19	5.29e-16	1.85e-12	1.02e-09	1.77e-07	1.03e-05	2.88e-04	3.36e-03	1.72e-02	7.52e-02	5.89e-01	2.75e-01	4.04e-02
 6.90037e+21	0.00e+00	0.00e+00	9.02e-30	1.28e-25	4.69e-22	8.55e-19	7.01e-16	2.43e-12	1.31e-09	2.22e-07	1.25e-05	3.38e-04	3.80e-03	1.87e-02	7.87e-02	5.94e-01	2.67e-01	3.78e-02
 7.05002e+21	0.00e+00	0.00e+00	1.44e-29	1.96e-25	6.87e-22	1.20e-18	9.40e-16	3.22e-12	1.71e-09	2.80e-07	1.53e-05	3.99e-04	4.32e-03	2.04e-02	8.24e-02	5.98e-01	2.59e-01	3.53e-02
 7.16589e+21	0.00e+00	0.00e+00	2.08e-29	2.73e-25	9.22e-22	1.55e-18	1.18e-15	4.01e-12	2.09e-09	3.36e-07	1.78e-05	4.54e-04	4.77e-03	2.18e-02	8.53e-02	6.01e-01	2.53e-01	3.34e-02
 7.25649e+21	0.00e+00	0.00e+00	2.75e-29	3.52e-25	1.16e-21	1.90e-18	1.40e-15	4.75e-12	2.44e-09	3.87e-07	2.01e-05	5.01e-04	5.15e-03	2.30e-02	8.77e-02	6.04e-01	2.48e-01	3.20e-02
 7.35645e+21	0.00e+00	0.00e+00	3.71e-29	4.61e-25	1.48e-21	2.35e-18	1.68e-15	5.69e-12	2.88e-09	4.48e-07	2.28e-05	5.56e-04	5.58e-03	2.43e-02	9.02e-02	6.06e-01	2.43e-01	3.06e-02
 7.48640e+21	0.00e+00	0.00e+00	5.43e-29	6.52e-25	2.01e-21	3.09e-18	2.13e-15	7.16e-12	3.57e-09	5.42e-07	2.68e-05	6.34e-04	6.17e-03	2.60e-02	9.35e-02	6.09e-01	2.36e-01	2.88e-02
 7.62571e+21	0.00e+00	0.00e+00	8.30e-29	9.57e-25	2.84e-21	4.17e-18	2.76e-15	9.24e-12	4.52e-09	6.70e-07	3.21e-05	7.36e-04	6.92e-03	2.81e-02	9.72e-02	6.11e-01	2.29e-01	2.70e-02
 7.74389e+21	0.00e+00	0.00e+00	1.18e-28	1.31e-24	3.76e-21	5.34e-18	3.42e-15	1.14e-11	5.49e-09	7.98e-07	3.73e-05	8.32e-04	7.60e-03	3.00e-02	1.00e-01	6.13e-01	2.23e-01	2.55e-02
 7.84851e+21	0.00e+00	0.00e+00	1.60e-28	1.73e-24	4.82e-21	6.64e-18	4.12e-15	1.37e-11	6.51e-09	9.29e-07	4.25e-05	9.25e-04	8.25e-03	3.17e-02	1.03e-01	6.14e-01	2.18e-01	2.43e-02
 7.96882e+21	0.00e+00	0.00e+00	2.26e-28	2.37e-24	6.38e-21	8.49e-18	5.10e-15	1.69e-11	7.90e-09	1.10e-06	4.92e-05	1.04e-03	9.05e-03	3.37e-02	1.06e-01	6.15e-01	2.12e-01	2.29e-02
 8.12522e+21	0.00e+00	0.00e+00	3.54e-28	3.56e-24	9.15e-21	1.16e-17	6.68e-15	2.21e-11	1.01e-08	1.38e-06	5.95e-05	1.22e-03	1.02e-02	3.65e-02	1.11e-01	6.16e-01	2.04e-01	2.13e-02
 8.27465e+21	0.00e+00	0.00e+00	5.42e-28	5.23e-24	1.29e-20	1.57e-17	8.65e-15	2.85e-11	1.28e-08	1.71e-06	7.13e-05	1.41e-03	1.14e-02	3.93e-02	1.15e-01	6.16e-01	1.97e-01	1.98e-02
 8.38062e+21	0.00e+00	0.00e+00	7.32e-28	6.86e-24	1.64e-20	1.94e-17	1.04e-14	3.41e-11	1.52e-08	1.98e-06	8.10e-05	1.57e-03	1.23e-02	4.15e-02	1.18e-01	6.16e-01	1.92e-01	1.88e-02
 8.48398e+21	0.00e+00	0.00e+00	9.75e-28	8.89e-24	2.07e-20	2.38e-17	1.23e-14	4.04e-11	1.78e-08	2.28e-06	9.14e-05	1.73e-03	1.33e-02	4.36e-02	1.20e-01	6.16e-01	1.87e-01	1.79e-02
 8.61836e+21	0.00e+00	0.00e+00	1.41e-27	1.24e-23	2.79e-20	3.08e-17	1.54e-14	5.04e-11	2.19e-08	2.75e-06	1.07e-04	1.96e-03	1.47e-02	4.65e-02	1.24e-01	6.15e-01	1.81e-01	1.68e-02
 8.76182e+21	0.00e+00	0.00e+00	2.10e-27	1.77e-23	3.83e-20	4.06e-17	1.94e-14	6.38e-11	2.72e-08	3.34e-06	1.26e-04	2.25e-03	1.62e-02	4.97e-02	1.28e-01	6.14e-01	1.74e-01	1.57e-02
 8.88570e+21	0.00e+00	0.00e+00	2.94e-27	2.41e-23	5.02e-20	5.14e-17	2.38e-14	7.79e-11	3.28e-08	3.95e-06	1.46e-04	2.52e-03	1.77e-02	5.27e-02	1.31e-01	6.12e-01	1.69e-01	1.47e-02
 8.99830e+21	0.00e+00	0.00e+00	3.98e-27	3.17e-23	6.40e-20	6.35e-17	2.85e-14	9.33e-11	3.88e-08	4.59e-06	1.65e-04	2.80e-03	1.92e-02	5.54e-02	1.34e-01	6.10e-01	1.64e-01	1.39e-02
 9.12764e+21	0.00e+00	0.00e+00	5.63e-27	4.32e-23	8.44e-20	8.07e-17	3.49e-14	1.15e-10	4.70e-08	5.45e-06	1.91e-04	3.15e-03	2.10e-02	5.87e-02	1.38e-01	6.08e-01	1.58e-01	1.31e-02
 9.27286e+21	0.00e+00	0.00e+00	8.28e-27	6.12e-23	1.15e-19	1.05e-16	4.38e-14	1.44e-10	5.82e-08	6.60e-06	2.25e-04	3.59e-03	2.31e-02	6.26e-02	1.42e-01	6.04e-01	1.52e-01	1.21e-02
 9.40334e+21	0.00e+00	3.82e-31	1.17e-26	8.35e-23	1.51e-19	1.34e-16	5.36e-14	1.76e-10	7.04e-08	7.83e-06	2.60e-04	4.03e-03	2.52e-02	6.63e-02	1.45e-01	6.01e-01	1.47e-01	1.14e-02
 9.51607e+21	0.00e+00	5.29e-31	1.57e-26	1.09e-22	1.91e-19	1.64e-16	6.37e-14	2.10e-10	8.28e-08	9.05e-06	2.94e-04	4.45e-03	2.72e-02	6.96e-02	1.48e-01	5.98e-01	1.42e-01	1.07e-02
 9.64109e+21	0.00e+00	7.56e-31	2.17e-26	1.46e-22	2.48e-19	2.05e-16	7.68e-14	2.54e-10	9.89e-08	1.06e-05	3.36e-04	4.96e-03	2.95e-02	7.33e-02	1.51e-01	5.93e-01	1.37e-01	1.00e-02
 9.78056e+21	0.00e+00	1.12e-30	3.12e-26	2.02e-22	3.30e-19	2.63e-16	9.47e-14	3.13e-10	1.21e-07	1.27e-05	3.91e-04	5.60e-03	3.23e-02	7.76e-02	1.55e-01	5.88e-01	1.32e-01	9.34e-03
 9.90960e+21	0.00e+00	1.62e-30	4.34e-26	2.72e-22	4.29e-19	3.30e-16	1.15e-13	3.80e-10	1.44e-07	1.49e-05	4.48e-04	6.25e-03	3.51e-02	8.18e-02	1.58e-01	5.83e-01	1.27e-01	8.72e-03
 1.00281e+22	0.00e+00	2.26e-30	5.88e-26	3.56e-22	5.46e-19	4.06e-16	1.36e-13	4.53e-10	1.70e-07	1.73e-05	5.08e-04	6.91e-03	3.78e-02	8.57e-02	1.61e-01	5.78e-01	1.22e-01	8.19e-03
 1.01623e+22	0.00e+00	3.27e-30	8.24e-26	4.83e-22	7.13e-19	5.11e-16	1.65e-13	5.51e-10	2.05e-07	2.04e-05	5.84e-04	7.72e-03	4.10e-02	9.02e-02	1.64e-01	5.72e-01	1.17e-01	7.62e-03
 1.03117e+22	0.00e+00	4.95e-30	1.20e-25	6.76e-22	9.60e-19	6.60e-16	2.05e-13	6.84e-10	2.51e-07	2.45e-05	6.81e-04	8.72e-03	4.49e-02	9.55e-02	1.67e-01	5.64e-01	1.12e-01	7.02e-03
 1.04481e+22	0.00e+00	7.20e-30	1.69e-25	9.18e-22	1.26e-18	8.31e-16	2.48e-13	8.31e-10	3.01e-07	2.89e-05	7.83e-04	9.74e-03	4.87e-02	1.00e-01	1.70e-01	5.57e-01	1.07e-01	6.51e-03
 1.05708e+22	0.00e+00	1.01e-29	2.28e-25	1.20e-21	1.60e-18	1.02e-15	2.95e-13	9.89e-10	3.54e-07	3.34e-05	8.86e-04	1.07e-02	5.24e-02	1.05e-01	1.73e-01	5.50e-01	1.03e-01	6.07e-03
 1.07089e+22	0.00e+00	1.46e-29	3.20e-25	1.63e-21	2.08e-18	1.28e-15	3.57e-13	1.20e-09	4.24e-07	3.93e-05	1.01e-03	1.20e-02	5.67e-02	1.10e-01	1.75e-01	5.42e-01	9.78e-02	5.62e-03
 1.08635e+22	0.00e+00	2.21e-29	4.67e-25	2.29e-21	2.81e-18	1.66e-15	4.41e-13	1.48e-09	5.18e-07	4.71e-05	1.18e-03	1.35e-02	6.19e-02	1.16e-01	1.78e-01	5.32e-01	9.27e-02	5.14e-03
 1.10069e+22	0.00e+00	3.27e-29	6.64e-25	3.13e-21	3.70e-18	2.10e-15	5.36e-13	1.80e-09	6.24e-07	5.56e-05	1.36e-03	1.51e-02	6.71e-02	1.22e-01	1.80e-01	5.22e-01	8.79e-02	4.72e-03
 1.11372e+22	0.00e+00	4.58e-29	9.03e-25	4.13e-21	4.72e-18	2.58e-15	6.37e-13	2.14e-09	7.32e-07	6.43e-05	1.53e-03	1.66e-02	7.18e-02	1.27e-01	1.82e-01	5.13e-01	8.40e-02	4.38e-03
 1.12830e+22	0.00e+00	6.68e-29	1.27e-24	5.61e-21	6.18e-18	3.25e-15	7.71e-13	2.59e-09	8.75e-07	7.55e-05	1.76e-03	1.84e-02	7.75e-02	1.33e-01	1.84e-01	5.02e-01	7.96e-02	4.02e-03
 1.14475e+22	0.00e+00	1.02e-28	1.87e-24	7.93e-21	8.39e-18	4.22e-15	9.56e-13	3.20e-09	1.07e-06	9.03e-05	2.04e-03	2.07e-02	8.43e-02	1.39e-01	1.86e-01	4.89e-01	7.47e-02	3.64e-03
 1.16009e+22	0.00e+00	1.53e-28	2.70e-24	1.10e-20	1.12e-17	5.38e-15	1.17e-12	3.89e-09	1.29e-06	1.07e-04	2.35e-03	2.31e-02	9.11e-02	1.45e-01	1.87e-01	4.77e-01	7.03e-02	3.30e-03
 1.17400e+22	0.00e+00	2.16e-28	3.69e-24	1.45e-20	1.43e-17	6.64e-15	1.39e-12	4.61e-09	1.51e-06	1.23e-04	2.65e-03	2.53e-02	9.73e-02	1.51e-01	1.88e-01	4.66e-01	6.66e-02	3.04e-03
 1.18961e+22	0.00e+00	3.18e-28	5.24e-24	1.99e-20	1.88e-17	8.41e-15	1.69e-12	5.56e-09	1.80e-06	1.44e-04	3.02e-03	2.80e-02	1.05e-01	1.57e-01	1.89e-01	4.53e-01	6.25e-02	2.76e-03
 1.20989e+22	0.00e+00	5.22e-28	8.22e-24	2.98e-20	2.69e-17	1.14e-14	2.17e-12	7.05e-09	2.24e-06	1.76e-04	3.57e-03	3.18e-02	1.14e-01	1.64e-01	1.90e-01	4.36e-01	5.75e-02	2.43e-03
 1.22937e+22	0.00e+00	8.38e-28	1.26e-23	4.39e-20	3.77e-17	1.52e-14	2.75e-12	8.81e-09	2.77e-06	2.13e-04	4.18e-03	3.59e-02	1.24e-01	1.72e-01	1.90e-01	4.19e-01	5.30e-02	2.14e-03
 1.24319e+22	0.00e+00	1.17e-27	1.71e-23	5.76e-20	4.79e-17	1.86e-14	3.26e-12	1.03e-08	3.20e-06	2.43e-04	4.67e-03	3.90e-02	1.32e-01	1.77e-01	1.90e-01	4.06e-01	4.99e-02	1.96e-03
 1.25657e+22	0.00e+00	1.59e-27	2.26e-23	7.39e-20	5.96e-17	2.25e-14	3.80e-12	1.19e-08	3.65e-06	2.74e-04	5.16e-03	4.20e-02	1.38e-01	1.81e-01	1.89e-01	3.95e-01	4.71e-02	1.80e-03
 1.27396e+22	0.00e+00	2.37e-27	3.25e-23	1.02e-19	7.93e-17	2.87e-14	4.65e-12	1.43e-08	4.33e-06	3.20e-04	5.86e-03	4.62e-02	1.48e-01	1.87e-01	1.88e-01	3.80e-01	4.37e-02	1.61e-03
 1.29264e+22	0.00e+00	3.60e-27	4.76e-23	1.44e-19	1.07e-16	3.71e-14	5.75e-12	1.73e-08	5.18e-06	3.75e-04	6.69e-03	5.09e-02	1.58e-01	1.92e-01	1.87e-01	3.63e-01	4.02e-02	1.43e-03
 1.30902e+22	0.00e+00	5.17e-27	6.61e-23	1.93e-19	1.39e-16	4.63e-14	6.91e-12	2.04e-08	6.03e-06	4.30e-04	7.49e-03	5.53e-02	1.66e-01	1.97e-01	1.85e-01	3.49e-01	3.74e-02	1.28e-03
 1.32634e+22	0.00e+00	7.48e-27	9.25e-23	2.62e-19	1.82e-16	5.82e-14	8.34e-12	2.41e-08	7.03e-06	4.94e-04	8.39e-03	6.01e-02	1.76e-01	2.01e-01	1.83e-01	3.35e-01	3.46e-02	1.15e-03
 1.34588e+22	0.00e+00	1.13e-26	1.34e-22	3.66e-19	2.44e-16	7.50e-14	1.03e-11	2.89e-08	8.31e-06	5.74e-04	9.49e-03	6.58e-02	1.86e-01	2.06e-01	1.81e-01	3.18e-01	3.17e-02	1.01e-03
 1.36437e+22	0.00e+00	1.65e-26	1.90e-22	4.99e-19	3.21e-16	9.48e-14	1.25e-11	3.42e-08	9.70e-06	6.59e-04	1.06e-02	7.14e-02	1.96e-01	2.10e-01	1.78e-01	3.03e-01	2.91e-02	8.95e-04
 1.38169e+22	0.00e+00	2.33e-26	2.60e-22	6.63e-19	4.13e-16	1.18e-13	1.49e-11	3.98e-08	1.11e-05	7.46e-04	1.18e-02	7.67e-02	2.05e-01	2.13e-01	1.75e-01	2.90e-01	2.69e-02	8.00e-04
 1.40145e+22	0.00e+00	3.40e-26	3.69e-22	9.07e-19	5.45e-16	1.49e-13	1.82e-11	4.71e-08	1.30e-05	8.54e-04	1.31e-02	8.29e-02	2.15e-01	2.16e-01	1.72e-01	2.75e-01	2.46e-02	7.05e-04
 1.42359e+22	0.00e+00	5.17e-26	5.40e-22	1.28e-18	7.38e-16	1.93e-13	2.26e-11	5.65e-08	1.53e-05	9.89e-04	1.48e-02	9.01e-02	2.26e-01	2.19e-01	1.68e-01	2.59e-01	2.22e-02	6.12e-04
 1.44433e+22	0.00e+00	7.58e-26	7.65e-22	1.75e-18	9.75e-16	2.46e-13	2.75e-11	6.68e-08	1.78e-05	1.13e-03	1.65e-02	9.70e-02	2.36e-01	2.21e-01	1.64e-01	2.44e-01	2.02e-02	5.36e-04
 1.46379e+22	0.00e+00	1.07e-25	1.05e-21	2.33e-18	1.26e-15	3.05e-13	3.30e-11	7.76e-08	2.04e-05	1.27e-03	1.81e-02	1.04e-01	2.44e-01	2.22e-01	1.60e-01	2.31e-01	1.84e-02	4.74e-04
 1.48308e+22	0.00e+00	1.50e-25	1.43e-21	3.08e-18	1.61e-15	3.77e-13	3.93e-11	8.98e-08	2.32e-05	1.42e-03	1.99e-02	1.10e-01	2.53e-01	2.23e-01	1.56e-01	2.19e-01	1.69e-02	4.20e-04
 1.50205e+22	0.00e+00	2.07e-25	1.92e-21	4.01e-18	2.03e-15	4.62e-13	4.65e-11	1.03e-07	2.62e-05	1.59e-03	2.16e-02	1.17e-01	2.61e-01	2.24e-01	1.52e-01	2.07e-01	1.55e-02	3.73e-04
 1.52359e+22	0.00e+00	2.94e-25	2.65e-21	5.38e-18	2.64e-15	5.77e-13	5.60e-11	1.20e-07	3.00e-05	1.79e-03	2.38e-02	1.24e-01	2.70e-01	2.24e-01	1.48e-01	1.94e-01	1.40e-02	3.26e-04
 1.54701e+22	0.00e+00	4.29e-25	3.74e-21	7.35e-18	3.48e-15	7.33e-13	6.83e-11	1.41e-07	3.46e-05	2.02e-03	2.62e-02	1.32e-01	2.78e-01	2.24e-01	1.43e-01	1.81e-01	1.26e-02	2.82e-04
 1.56794e+22	0.00e+00	5.96e-25	5.06e-21	9.64e-18	4.43e-15	9.02e-13	8.12e-11	1.63e-07	3.91e-05	2.25e-03	2.85e-02	1.40e-01	2.86e-01	2.23e-01	1.38e-01	1.71e-01	1.15e-02	2.48e-04
 1.59022e+22	0.00e+00	8.34e-25	6.88e-21	1.27e-17	5.68e-15	1.12e-12	9.71e-11	1.88e-07	4.44e-05	2.51e-03	3.10e-02	1.47e-01	2.93e-01	2.22e-01	1.34e-01	1.60e-01	1.04e-02	2.17e-04
 1.61521e+22	0.00e+00	1.21e-24	9.66e-21	1.73e-17	7.46e-15	1.41e-12	1.18e-10	2.21e-07	5.10e-05	2.82e-03	3.40e-02	1.56e-01	3.01e-01	2.20e-01	1.28e-01	1.48e-01	9.26e-03	1.87e-04
 1.63863e+22	0.00e+00	1.69e-24	1.32e-20	2.29e-17	9.57e-15	1.75e-12	1.42e-10	2.55e-07	5.78e-05	3.14e-03	3.70e-02	1.64e-01	3.07e-01	2.18e-01	1.23e-01	1.38e-01	8.34e-03	1.62e-04
 1.66059e+22	0.00e+00	2.30e-24	1.75e-20	2.96e-17	1.20e-14	2.13e-12	1.67e-10	2.91e-07	6.48e-05	3.46e-03	3.98e-02	1.72e-01	3.13e-01	2.16e-01	1.19e-01	1.29e-01	7.56e-03	1.43e-04
 1.68571e+22	0.00e+00	3.24e-24	2.39e-20	3.93e-17	1.55e-14	2.65e-12	2.00e-10	3.37e-07	7.34e-05	3.84e-03	4.32e-02	1.80e-01	3.19e-01	2.13e-01	1.14e-01	1.20e-01	6.77e-03	1.23e-04
 1.71402e+22	0.00e+00	4.71e-24	3.37e-20	5.38e-17	2.05e-14	3.38e-12	2.45e-10	3.97e-07	8.43e-05	4.31e-03	4.71e-02	1.90e-01	3.25e-01	2.09e-01	1.08e-01	1.10e-01	5.98e-03	1.05e-04
 1.73899e+22	0.00e+00	6.52e-24	4.55e-20	7.05e-17	2.60e-14	4.16e-12	2.92e-10	4.56e-07	9.49e-05	4.76e-03	5.08e-02	1.98e-01	3.29e-01	2.06e-01	1.04e-01	1.02e-01	5.36e-03	9.06e-05
 1.75976e+22	0.00e+00	8.46e-24	5.78e-20	8.77e-17	3.16e-14	4.92e-12	3.36e-10	5.11e-07	1.04e-04	5.15e-03	5.38e-02	2.05e-01	3.32e-01	2.03e-01	9.98e-02	9.62e-02	4.90e-03	8.06e-05
 1.78256e+22	0.00e+00	1.12e-23	7.47e-20	1.11e-16	3.89e-14	5.89e-12	3.91e-10	5.77e-07	1.15e-04	5.60e-03	5.73e-02	2.12e-01	3.36e-01	1.99e-01	9.57e-02	8.99e-02	4.44e-03	7.10e-05
 1.81221e+22	0.00e+00	1.59e-23	1.03e-19	1.49e-16	5.07e-14	7.41e-12	4.74e-10	6.72e-07	1.31e-04	6.22e-03	6.19e-02	2.21e-01	3.39e-01	1.95e-01	9.06e-02	8.24e-02	3.92e-03	6.03e-05
 1.84315e+22	0.00e+00	2.29e-23	1.44e-19	2.02e-16	6.65e-14	9.36e-12	5.77e-10	7.86e-07	1.50e-04	6.92e-03	6.70e-02	2.30e-01	3.42e-01	1.89e-01	8.55e-02	7.52e-02	3.44e-03	5.08e-05
 1.86912e+22	3.77e-31	3.08e-23	1.90e-19	2.58e-16	8.30e-14	1.13e-11	6.78e-10	8.95e-07	1.66e-04	7.54e-03	7.13e-02	2.38e-01	3.44e-01	1.85e-01	8.14e-02	6.96e-02	3.08e-03	4.42e-05
 1.89625e+22	5.06e-31	4.15e-23	2.50e-19	3.31e-16	1.04e-13	1.38e-11	7.98e-10	1.02e-06	1.85e-04	8.22e-03	7.59e-02	2.46e-01	3.45e-01	1.81e-01	7.73e-02	6.43e-02	2.76e-03	3.83e-05
 1.93152e+22	7.34e-31	6.05e-23	3.53e-19	4.55e-16	1.38e-13	1.76e-11	9.81e-10	1.20e-06	2.12e-04	9.16e-03	8.20e-02	2.55e-01	3.46e-01	1.74e-01	7.23e-02	5.81e-02	2.39e-03	3.18e-05
 1.96787e+22	1.06e-30	8.86e-23	5.02e-19	6.26e-16	1.83e-13	2.25e-11	1.21e-09	1.42e-06	2.43e-04	1.02e-02	8.86e-02	2.65e-01	3.46e-01	1.68e-01	6.74e-02	5.22e-02	2.06e-03	2.63e-05
 1.99769e+22	1.42e-30	1.20e-22	6.65e-19	8.09e-16	2.30e-13	2.75e-11	1.43e-09	1.62e-06	2.71e-04	1.11e-02	9.40e-02	2.72e-01	3.46e-01	1.63e-01	6.36e-02	4.79e-02	1.83e-03	2.26e-05
 2.02852e+22	1.90e-30	1.63e-22	8.80e-19	1.04e-15	2.89e-13	3.35e-11	1.69e-09	1.85e-06	3.02e-04	1.21e-02	9.97e-02	2.80e-01	3.45e-01	1.58e-01	6.00e-02	4.39e-02	1.62e-03	1.94e-05
 2.06269e+22	2.60e-30	2.26e-22	1.19e-18	1.38e-15	3.70e-13	4.16e-11	2.03e-09	2.14e-06	3.39e-04	1.33e-02	1.06e-01	2.87e-01	3.44e-01	1.52e-01	5.61e-02	3.98e-02	1.42e-03	1.63e-05
 2.09426e+22	3.43e-30	3.05e-22	1.57e-18	1.77e-15	4.63e-13	5.05e-11	2.39e-09	2.44e-06	3.77e-04	1.44e-02	1.12e-01	2.94e-01	3.42e-01	1.47e-01	5.28e-02	3.64e-02	1.25e-03	1.40e-05
 2.12839e+22	4.60e-30	4.17e-22	2.09e-18	2.30e-15	5.85e-13	6.18e-11	2.83e-09	2.79e-06	4.21e-04	1.57e-02	1.19e-01	3.01e-01	3.39e-01	1.41e-01	4.94e-02	3.31e-02	1.10e-03	1.19e-05
 2.16656e+22	6.31e-30	5.86e-22	2.87e-18	3.06e-15	7.56e-13	7.73e-11	3.42e-09	3.24e-06	4.74e-04	1.72e-02	1.26e-01	3.08e-01	3.36e-01	1.35e-01	4.59e-02	2.98e-02	9.54e-04	9.91e-06
 2.20247e+22	8.38e-30	8.03e-22	3.83e-18	3.98e-15	9.58e-13	9.49e-11	4.07e-09	3.72e-06	5.29e-04	1.87e-02	1.33e-01	3.15e-01	3.33e-01	1.29e-01	4.28e-02	2.70e-02	8.34e-04	8.37e-06
 2.24163e+22	1.14e-29	1.12e-21	5.19e-18	5.25e-15	1.23e-12	1.18e-10	4.88e-09	4.30e-06	5.94e-04	2.03e-02	1.41e-01	3.21e-01	3.28e-01	1.24e-01	3.97e-02	2.43e-02	7.23e-04	6.99e-06
 2.28542e+22	1.57e-29	1.60e-21	7.25e-18	7.11e-15	1.61e-12	1.49e-10	5.96e-09	5.04e-06	6.73e-04	2.24e-02	1.50e-01	3.28e-01	3.23e-01	1.17e-01	3.65e-02	2.16e-02	6.17e-04	5.73e-06
 2.32673e+22	2.10e-29	2.24e-21	9.86e-18	9.41e-15	2.07e-12	1.85e-10	7.16e-09	5.83e-06	7.55e-04	2.44e-02	1.58e-01	3.34e-01	3.18e-01	1.11e-01	3.37e-02	1.93e-02	5.32e-04	4.76e-06
 2.37194e+22	2.88e-29	3.17e-21	1.36e-17	1.26e-14	2.69e-12	2.33e-10	8.68e-09	6.80e-06	8.51e-04	2.66e-02	1.68e-01	3.39e-01	3.12e-01	1.05e-01	3.09e-02	1.72e-02	4.54e-04	3.91e-06
 2.42287e+22	4.03e-29	4.68e-21	1.95e-17	1.75e-14	3.59e-12	2.99e-10	1.07e-08	8.05e-06	9.71e-04	2.93e-02	1.78e-01	3.45e-01	3.05e-01	9.89e-02	2.80e-02	1.50e-02	3.81e-04	3.14e-06
 2.46819e+22	5.37e-29	6.56e-21	2.66e-17	2.32e-14	4.63e-12	3.73e-10	1.29e-08	9.32e-06	1.09e-03	3.19e-02	1.87e-01	3.49e-01	2.98e-01	9.34e-02	2.57e-02	1.34e-02	3.26e-04	2.58e-06
 2.50673e+22	6.80e-29	8.65e-21	3.43e-17	2.92e-14	5.69e-12	4.46e-10	1.51e-08	1.05e-05	1.20e-03	3.41e-02	1.95e-01	3.52e-01	2.92e-01	8.89e-02	2.38e-02	1.21e-02	2.86e-04	2.20e-06
 2.54951e+22	8.84e-29	1.17e-20	4.53e-17	3.76e-14	7.14e-12	5.43e-10	1.78e-08	1.20e-05	1.32e-03	3.67e-02	2.04e-01	3.55e-01	2.86e-01	8.42e-02	2.20e-02	1.09e-02	2.48e-04	1.84e-06
 2.60513e+22	1.22e-28	1.70e-20	6.39e-17	5.14e-14	9.43e-12	6.92e-10	2.18e-08	1.41e-05	1.50e-03	4.02e-02	2.14e-01	3.58e-01	2.77e-01	7.86e-02	1.98e-02	9.48e-03	2.07e-04	1.48e-06
 2.66201e+22	1.67e-28	2.50e-20	9.12e-17	7.11e-14	1.26e-11	8.90e-10	2.70e-08	1.67e-05	1.71e-03	4.40e-02	2.26e-01	3.61e-01	2.68e-01	7.29e-02	1.78e-02	8.20e-03	1.71e-04	1.17e-06
 2.70747e+22	2.13e-28	3.36e-20	1.20e-16	9.11e-14	1.57e-11	1.08e-09	3.17e-08	1.89e-05	1.88e-03	4.72e-02	2.35e-01	3.63e-01	2.61e-01	6.87e-02	1.63e-02	7.33e-03	1.48e-04	9.74e-07
 2.75348e+22	2.71e-28	4.50e-20	1.57e-16	1.16e-13	1.96e-11	1.30e-09	3.72e-08	2.15e-05	2.07e-03	5.04e-02	2.44e-01	3.64e-01	2.54e-01	6.47e-02	1.50e-02	6.55e-03	1.28e-04	8.14e-07
 2.81330e+22	3.67e-28	6.48e-20	2.19e-16	1.58e-13	2.57e-11	1.65e-09	4.54e-08	2.51e-05	2.33e-03	5.48e-02	2.55e-01	3.64e-01	2.44e-01	6.00e-02	1.34e-02	5.69e-03	1.06e-04	6.50e-07
 2.87586e+22	4.99e-28	9.49e-20	3.12e-16	2.17e-13	3.42e-11	2.12e-09	5.60e-08	2.96e-05	2.64e-03	5.97e-02	2.67e-01	3.64e-01	2.34e-01	5.51e-02	1.19e-02	4.88e-03	8.73e-05	5.09e-07
 2.92788e+22	6.36e-28	1.29e-19	4.13e-16	2.81e-13	4.30e-11	2.58e-09	6.62e-08	3.37e-05	2.91e-03	6.39e-02	2.77e-01	3.64e-01	2.26e-01	5.15e-02	1.09e-02	4.31e-03	7.43e-05	4.18e-07
 2.98139e+22	8.15e-28	1.75e-19	5.47e-16	3.62e-13	5.40e-11	3.14e-09	7.82e-08	3.84e-05	3.21e-03	6.83e-02	2.86e-01	3.62e-01	2.18e-01	4.80e-02	9.84e-03	3.80e-03	6.32e-05	3.43e-07
 3.05096e+22	1.11e-27	2.56e-19	7.77e-16	4.98e-13	7.17e-11	4.02e-09	9.62e-08	4.52e-05	3.63e-03	7.41e-02	2.98e-01	3.60e-01	2.08e-01	4.39e-02	8.70e-03	3.24e-03	5.16e-05	2.68e-07
 3.12296e+22	1.51e-27	3.79e-19	1.12e-15	6.95e-13	9.66e-11	5.20e-09	1.20e-07	5.35e-05	4.11e-03	8.07e-02	3.11e-01	3.57e-01	1.97e-01	3.98e-02	7.61e-03	2.74e-03	4.15e-05	2.05e-07
 3.18184e+22	1.91e-27	5.17e-19	1.49e-15	9.02e-13	1.22e-10	6.37e-09	1.42e-07	6.11e-05	4.54e-03	8.61e-02	3.20e-01	3.54e-01	1.89e-01	3.67e-02	6.84e-03	2.39e-03	3.49e-05	1.66e-07
 3.24208e+22	2.44e-27	7.03e-19	1.98e-15	1.17e-12	1.54e-10	7.78e-09	1.68e-07	6.96e-05	5.00e-03	9.18e-02	3.30e-01	3.51e-01	1.80e-01	3.39e-02	6.14e-03	2.08e-03	2.93e-05	1.35e-07
 3.32039e+22	3.30e-27	1.03e-18	2.82e-15	1.61e-12	2.05e-10	1.00e-08	2.07e-07	8.20e-05	5.64e-03	9.93e-02	3.41e-01	3.46e-01	1.70e-01	3.06e-02	5.35e-03	1.75e-03	2.35e-05	0.00e+00
 3.39659e+22	4.34e-27	1.50e-18	3.99e-15	2.21e-12	2.72e-10	1.28e-08	2.55e-07	9.61e-05	6.33e-03	1.07e-01	3.53e-01	3.40e-01	1.60e-01	2.76e-02	4.66e-03	1.47e-03	1.89e-05	0.00e+00
 3.45235e+22	5.29e-27	1.95e-18	5.09e-15	2.76e-12	3.32e-10	1.52e-08	2.94e-07	1.07e-04	6.87e-03	1.13e-01	3.60e-01	3.36e-01	1.53e-01	2.56e-02	4.23e-03	1.30e-03	1.61e-05	0.00e+00
 3.50714e+22	6.42e-27	2.51e-18	6.43e-15	3.42e-12	4.02e-10	1.79e-08	3.39e-07	1.20e-04	7.43e-03	1.18e-01	3.67e-01	3.31e-01	1.47e-01	2.38e-02	3.84e-03	1.15e-03	1.38e-05	0.00e+00
 3.57837e+22	8.21e-27	3.45e-18	8.64e-15	4.48e-12	5.12e-10	2.21e-08	4.04e-07	1.37e-04	8.20e-03	1.26e-01	3.76e-01	3.25e-01	1.38e-01	2.16e-02	3.39e-03	9.88e-04	1.14e-05	0.00e+00
 3.65498e+22	1.05e-26	4.82e-18	1.18e-14	5.95e-12	6.61e-10	2.76e-08	4.88e-07	1.58e-04	9.08e-03	1.34e-01	3.85e-01	3.18e-01	1.30e-01	1.95e-02	2.97e-03	8.37e-04	9.22e-06	0.00e+00
 3.72253e+22	1.29e-26	6.44e-18	1.54e-14	7.61e-12	8.25e-10	3.34e-08	5.73e-07	1.79e-04	9.93e-03	1.42e-01	3.93e-01	3.11e-01	1.23e-01	1.78e-02	2.64e-03	7.23e-04	7.67e-06	0.00e+00
 3.79430e+22	1.61e-26	8.62e-18	2.03e-14	9.77e-12	1.03e-09	4.06e-08	6.76e-07	2.03e-04	1.09e-02	1.50e-01	4.00e-01	3.04e-01	1.16e-01	1.61e-02	2.33e-03	6.21e-04	6.34e-06	0.00e+00
 3.88759e+22	2.11e-26	1.25e-17	2.86e-14	1.34e-11	1.37e-09	5.20e-08	8.34e-07	2.38e-04	1.22e-02	1.61e-01	4.09e-01	2.95e-01	1.07e-01	1.42e-02	1.99e-03	5.11e-04	4.96e-06	0.00e+00
 3.98162e+22	2.73e-26	1.80e-17	4.04e-14	1.84e-11	1.83e-09	6.68e-08	1.03e-06	2.80e-04	1.36e-02	1.72e-01	4.17e-01	2.85e-01	9.84e-02	1.25e-02	1.69e-03	4.18e-04	3.86e-06	0.00e+00
 4.05537e+22	3.30e-26	2.38e-17	5.24e-14	2.34e-11	2.27e-09	8.07e-08	1.21e-06	3.16e-04	1.48e-02	1.81e-01	4.22e-01	2.77e-01	9.22e-02	1.13e-02	1.49e-03	3.58e-04	3.18e-06	0.00e+00
 4.13002e+22	4.01e-26	3.12e-17	6.76e-14	2.96e-11	2.81e-09	9.71e-08	1.42e-06	3.56e-04	1.61e-02	1.90e-01	4.27e-01	2.69e-01	8.63e-02	1.02e-02	1.32e-03	3.06e-04	2.62e-06	0.00e+00
 4.22707e+22	5.09e-26	4.37e-17	9.29e-14	3.97e-11	3.67e-09	1.23e-07	1.73e-06	4.13e-04	1.79e-02	2.01e-01	4.33e-01	2.58e-01	7.92e-02	8.97e-03	1.12e-03	2.51e-04	2.05e-06	0.00e+00
 4.33005e+22	6.44e-26	6.22e-17	1.30e-13	5.42e-11	4.87e-09	1.57e-07	2.13e-06	4.84e-04	1.99e-02	2.14e-01	4.38e-01	2.47e-01	7.21e-02	7.78e-03	9.41e-04	2.03e-04	1.57e-06	0.00e+00
 4.41809e+22	7.77e-26	8.33e-17	1.71e-13	7.01e-11	6.16e-09	1.93e-07	2.54e-06	5.52e-04	2.18e-02	2.25e-01	4.41e-01	2.37e-01	6.65e-02	6.89e-03	8.12e-04	1.69e-04	1.25e-06	0.00e+00
 4.50989e+22	9.38e-26	1.11e-16	2.25e-13	9.04e-11	7.78e-09	2.36e-07	3.03e-06	6.29e-04	2.38e-02	2.36e-01	4.44e-01	2.28e-01	6.11e-02	6.08e-03	6.99e-04	1.41e-04	1.00e-06	0.00e+00
 4.62923e+22	1.18e-25	1.58e-16	3.16e-13	1.24e-10	1.04e-08	3.06e-07	3.78e-06	7.42e-04	2.66e-02	2.51e-01	4.46e-01	2.15e-01	5.48e-02	5.18e-03	5.76e-04	1.11e-04	7.47e-07	0.00e+00
 4.75075e+22	1.47e-25	2.27e-16	4.47e-13	1.72e-10	1.41e-08	3.98e-07	4.74e-06	8.77e-04	2.98e-02	2.66e-01	4.47e-01	2.02e-01	4.88e-02	4.37e-03	4.70e-04	8.70e-05	5.52e-07	0.00e+00
 4.84752e+22	1.72e-25	2.98e-16	5.82e-13	2.21e-10	1.77e-08	4.88e-07	5.65e-06	9.99e-04	3.25e-02	2.78e-01	4.47e-01	1.92e-01	4.44e-02	3.82e-03	4.01e-04	7.17e-05	4.34e-07	0.00e+00
 4.93045e+22	1.96e-25	3.72e-16	7.23e-13	2.71e-10	2.14e-08	5.79e-07	6.55e-06	1.11e-03	3.49e-02	2.89e-01	4.46e-01	1.84e-01	4.10e-02	3.41e-03	3.50e-04	6.07e-05	3.54e-07	0.00e+00
 5.02297e+22	2.26e-25	4.72e-16	9.10e-13	3.37e-10	2.62e-08	6.92e-07	7.65e-06	1.25e-03	3.76e-02	3.00e-01	4.45e-01	1.76e-01	3.76e-02	3.01e-03	3.03e-04	5.10e-05	2.86e-07	0.00e+00
 5.14325e+22	2.68e-25	6.33e-16	1.21e-12	4.44e-10	3.39e-08	8.69e-07	9.33e-06	1.45e-03	4.14e-02	3.14e-01	4.42e-01	1.65e-01	3.36e-02	2.57e-03	2.51e-04	4.06e-05	2.16e-07	0.00e+00
 5.26937e+22	3.19e-25	8.57e-16	1.64e-12	5.91e-10	4.43e-08	1.10e-06	1.15e-05	1.68e-03	4.57e-02	3.29e-01	4.38e-01	1.54e-01	2.97e-02	2.16e-03	2.05e-04	3.18e-05	1.61e-07	0.00e+00
 5.37529e+22	3.57e-25	1.09e-15	2.09e-12	7.45e-10	5.51e-08	1.34e-06	1.37e-05	1.91e-03	4.95e-02	3.41e-01	4.34e-01	1.45e-01	2.67e-02	1.86e-03	1.73e-04	2.59e-05	1.25e-07	0.00e+00
 5.46974e+22	3.99e-25	1.34e-15	2.57e-12	9.08e-10	6.64e-08	1.58e-06	1.58e-05	2.12e-03	5.30e-02	3.52e-01	4.30e-01	1.37e-01	2.44e-02	1.64e-03	1.50e-04	2.17e-05	0.00e+00	0.00e+00
 5.57709e+22	4.48e-25	1.67e-15	3.20e-12	1.12e-09	8.13e-08	1.90e-06	1.86e-05	2.39e-03	5.70e-02	3.63e-01	4.24e-01	1.29e-01	2.21e-02	1.43e-03	1.28e-04	1.79e-05	0.00e+00	0.00e+00
 5.71665e+22	5.17e-25	2.20e-15	4.23e-12	1.47e-09	1.05e-07	2.39e-06	2.28e-05	2.77e-03	6.26e-02	3.78e-01	4.17e-01	1.19e-01	1.93e-02	1.19e-03	1.04e-04	1.39e-05	0.00e+00	0.00e+00
 5.86063e+22	5.98e-25	2.90e-15	5.61e-12	1.94e-09	1.36e-07	3.02e-06	2.81e-05	3.22e-03	6.87e-02	3.92e-01	4.08e-01	1.09e-01	1.68e-02	9.86e-04	8.36e-05	1.07e-05	0.00e+00	0.00e+00
 5.97782e+22	6.54e-25	3.60e-15	7.01e-12	2.41e-09	1.67e-07	3.64e-06	3.32e-05	3.63e-03	7.40e-02	4.04e-01	4.01e-01	1.02e-01	1.50e-02	8.45e-04	7.02e-05	8.69e-06	0.00e+00	0.00e+00
 6.09763e+22	7.24e-25	4.41e-15	8.65e-12	2.95e-09	2.04e-07	4.35e-06	3.90e-05	4.07e-03	7.93e-02	4.15e-01	3.93e-01	9.52e-02	1.34e-02	7.28e-04	5.93e-05	7.09e-06	0.00e+00	0.00e+00
 6.25338e+22	8.23e-25	5.67e-15	1.12e-11	3.82e-09	2.61e-07	5.44e-06	4.77e-05	4.70e-03	8.65e-02	4.28e-01	3.82e-01	8.70e-02	1.16e-02	6.01e-04	4.78e-05	5.47e-06	0.00e+00	0.00e+00
 6.41698e+22	9.44e-25	7.36e-15	1.48e-11	4.99e-09	3.37e-07	6.88e-06	5.89e-05	5.47e-03	9.47e-02	4.41e-01	3.70e-01	7.89e-02	9.96e-03	4.90e-04	3.79e-05	4.15e-06	0.00e+00	0.00e+00
 6.55435e+22	1.03e-24	9.05e-15	1.84e-11	6.20e-09	4.16e-07	8.33e-06	7.01e-05	6.19e-03	1.02e-01	4.51e-01	3.59e-01	7.26e-02	8.74e-03	4.12e-04	3.13e-05	3.29e-06	0.00e+00	0.00e+00
 6.69649e+22	1.14e-24	1.11e-14	2.28e-11	7.64e-09	5.08e-07	9.98e-06	8.26e-05	6.95e-03	1.09e-01	4.60e-01	3.49e-01	6.69e-02	7.72e-03	3.50e-04	2.60e-05	2.65e-06	0.00e+00	0.00e+00
 6.88128e+22	1.30e-24	1.42e-14	2.97e-11	9.90e-09	6.53e-07	1.25e-05	1.02e-04	8.05e-03	1.19e-01	4.71e-01	3.35e-01	6.02e-02	6.57e-03	2.83e-04	2.06e-05	2.00e-06	0.00e+00	0.00e+00
 7.07589e+22	1.50e-24	1.83e-14	3.92e-11	1.30e-08	8.49e-07	1.59e-05	1.26e-04	9.38e-03	1.29e-01	4.81e-01	3.21e-01	5.37e-02	5.52e-03	2.26e-04	1.60e-05	1.48e-06	0.00e+00	0.00e+00
 7.24052e+22	1.66e-24	2.26e-14	4.92e-11	1.62e-08	1.05e-06	1.94e-05	1.51e-04	1.06e-02	1.39e-01	4.89e-01	3.08e-01	4.87e-02	4.77e-03	1.88e-04	1.30e-05	1.16e-06	0.00e+00	0.00e+00
 7.41179e+22	1.87e-24	2.76e-14	6.11e-11	2.01e-08	1.29e-06	2.33e-05	1.79e-04	1.20e-02	1.48e-01	4.95e-01	2.96e-01	4.42e-02	4.14e-03	1.56e-04	1.06e-05	9.09e-07	0.00e+00	0.00e+00
 7.59393e+22	2.11e-24	3.42e-14	7.71e-11	2.52e-08	1.61e-06	2.85e-05	2.15e-04	1.36e-02	1.59e-01	5.01e-01	2.83e-01	3.98e-02	3.55e-03	1.28e-04	8.56e-06	7.02e-07	0.00e+00	0.00e+00
 7.75003e+22	2.33e-24	4.06e-14	9.34e-11	3.04e-08	1.93e-06	3.37e-05	2.51e-04	1.51e-02	1.68e-01	5.06e-01	2.71e-01	3.63e-02	3.10e-03	1.08e-04	7.10e-06	5.61e-07	0.00e+00	0.00e+00
 7.91278e+22	2.61e-24	4.84e-14	1.13e-10	3.65e-08	2.30e-06	3.94e-05	2.89e-04	1.67e-02	1.77e-01	5.09e-01	2.61e-01	3.33e-02	2.74e-03	9.24e-05	5.97e-06	4.57e-07	0.00e+00	0.00e+00
 8.12435e+22	3.01e-24	5.99e-14	1.42e-10	4.58e-08	2.86e-06	4.80e-05	3.47e-04	1.90e-02	1.89e-01	5.12e-01	2.47e-01	2.98e-02	2.33e-03	7.52e-05	4.76e-06	3.50e-07	0.00e+00	0.00e+00
 8.34771e+22	3.50e-24	7.53e-14	1.83e-10	5.83e-08	3.61e-06	5.92e-05	4.21e-04	2.16e-02	2.03e-01	5.14e-01	2.33e-01	2.63e-02	1.95e-03	6.03e-05	3.74e-06	2.63e-07	0.00e+00	0.00e+00
 8.53219e+22	3.94e-24	9.06e-14	2.24e-10	7.10e-08	4.35e-06	7.02e-05	4.92e-04	2.41e-02	2.14e-01	5.15e-01	2.21e-01	2.37e-02	1.69e-03	5.03e-05	3.06e-06	2.08e-07	0.00e+00	0.00e+00
 8.69158e+22	4.37e-24	1.05e-13	2.64e-10	8.32e-08	5.06e-06	8.05e-05	5.58e-04	2.62e-02	2.23e-01	5.15e-01	2.12e-01	2.18e-02	1.50e-03	4.34e-05	2.61e-06	1.72e-07	0.00e+00	0.00e+00
 8.87258e+22	4.92e-24	1.24e-13	3.15e-10	9.86e-08	5.96e-06	9.32e-05	6.38e-04	2.87e-02	2.33e-01	5.14e-01	2.02e-01	1.98e-02	1.32e-03	3.70e-05	2.19e-06	1.40e-07	0.00e+00	0.00e+00
 9.10788e+22	5.71e-24	1.51e-13	3.93e-10	1.22e-07	7.28e-06	1.12e-04	7.54e-04	3.22e-02	2.47e-01	5.12e-01	1.90e-01	1.76e-02	1.12e-03	3.02e-05	1.76e-06	0.00e+00	0.00e+00	0.00e+00
 9.36323e+22	6.73e-24	1.89e-13	5.02e-10	1.54e-07	9.09e-06	1.36e-04	9.03e-04	3.64e-02	2.61e-01	5.08e-01	1.77e-01	1.54e-02	9.32e-04	2.42e-05	1.38e-06	0.00e+00	0.00e+00	0.00e+00
 9.58760e+22	7.71e-24	2.28e-13	6.17e-10	1.88e-07	1.10e-05	1.62e-04	1.06e-03	4.04e-02	2.74e-01	5.04e-01	1.66e-01	1.37e-02	7.93e-04	1.99e-05	1.12e-06	0.00e+00	0.00e+00	0.00e+00
