#depth	N	N+	N+2	N+3	N+4	N+5	N+6	N+7
 6.17135e+19	6.81e-14	7.51e-09	2.82e-05	4.79e-03	5.03e-02	7.40e-01	1.96e-01	9.16e-03
 1.87609e+20	9.08e-14	9.80e-09	3.59e-05	5.66e-03	5.63e-02	7.51e-01	1.80e-01	7.62e-03
 3.17804e+20	1.21e-13	1.28e-08	4.57e-05	6.66e-03	6.29e-02	7.59e-01	1.65e-01	6.34e-03
 4.53207e+20	1.63e-13	1.68e-08	5.81e-05	7.83e-03	6.99e-02	7.66e-01	1.51e-01	5.26e-03
 5.55809e+20	2.03e-13	2.05e-08	6.93e-05	8.81e-03	7.54e-02	7.70e-01	1.41e-01	4.58e-03
 6.10226e+20	2.28e-13	2.27e-08	7.59e-05	9.36e-03	7.84e-02	7.71e-01	1.36e-01	4.27e-03
 6.58997e+20	2.54e-13	2.50e-08	8.23e-05	9.87e-03	8.10e-02	7.73e-01	1.32e-01	4.01e-03
 7.22400e+20	2.89e-13	2.81e-08	9.12e-05	1.06e-02	8.46e-02	7.74e-01	1.27e-01	3.69e-03
 8.04824e+20	3.41e-13	3.26e-08	1.04e-04	1.15e-02	8.94e-02	7.75e-01	1.21e-01	3.32e-03
 8.95350e+20	4.09e-13	3.84e-08	1.20e-04	1.26e-02	9.46e-02	7.75e-01	1.14e-01	2.97e-03
 9.78714e+20	4.86e-13	4.46e-08	1.36e-04	1.37e-02	9.94e-02	7.75e-01	1.09e-01	2.69e-03
 1.06939e+21	5.79e-13	5.21e-08	1.56e-04	1.49e-02	1.05e-01	7.75e-01	1.03e-01	2.40e-03
 1.16982e+21	7.04e-13	6.19e-08	1.80e-04	1.64e-02	1.11e-01	7.73e-01	9.68e-02	2.14e-03
 1.26305e+21	8.43e-13	7.24e-08	2.06e-04	1.78e-02	1.17e-01	7.72e-01	9.17e-02	1.92e-03
 1.36436e+21	1.02e-12	8.55e-08	2.36e-04	1.95e-02	1.23e-01	7.69e-01	8.64e-02	1.71e-03
 1.47659e+21	1.26e-12	1.03e-07	2.75e-04	2.15e-02	1.30e-01	7.66e-01	8.10e-02	1.51e-03
 1.58069e+21	1.53e-12	1.21e-07	3.15e-04	2.34e-02	1.36e-01	7.62e-01	7.63e-02	1.34e-03
 1.69366e+21	1.87e-12	1.44e-07	3.64e-04	2.56e-02	1.44e-01	7.58e-01	7.16e-02	1.19e-03
 1.81921e+21	2.35e-12	1.74e-07	4.26e-04	2.82e-02	1.52e-01	7.52e-01	6.68e-02	1.04e-03
 1.93633e+21	2.89e-12	2.08e-07	4.90e-04	3.08e-02	1.59e-01	7.46e-01	6.27e-02	9.25e-04
 2.06381e+21	3.59e-12	2.50e-07	5.70e-04	3.38e-02	1.67e-01	7.39e-01	5.84e-02	8.10e-04
 2.20515e+21	4.56e-12	3.05e-07	6.69e-04	3.73e-02	1.76e-01	7.31e-01	5.41e-02	7.04e-04
 2.33732e+21	5.68e-12	3.67e-07	7.75e-04	4.08e-02	1.85e-01	7.22e-01	5.04e-02	6.18e-04
 2.48196e+21	7.18e-12	4.46e-07	9.05e-04	4.49e-02	1.94e-01	7.13e-01	4.67e-02	5.37e-04
 2.64373e+21	9.29e-12	5.52e-07	1.07e-03	4.97e-02	2.04e-01	7.01e-01	4.29e-02	4.61e-04
 2.78512e+21	1.16e-11	6.63e-07	1.24e-03	5.42e-02	2.13e-01	6.91e-01	3.99e-02	4.04e-04
 2.90414e+21	1.39e-11	7.70e-07	1.39e-03	5.82e-02	2.21e-01	6.82e-01	3.75e-02	3.62e-04
 3.03675e+21	1.70e-11	9.07e-07	1.58e-03	6.28e-02	2.29e-01	6.71e-01	3.51e-02	3.21e-04
 3.20914e+21	2.19e-11	1.12e-06	1.85e-03	6.91e-02	2.39e-01	6.57e-01	3.21e-02	2.76e-04
 3.39178e+21	2.85e-11	1.38e-06	2.18e-03	7.61e-02	2.50e-01	6.42e-01	2.93e-02	2.35e-04
 3.55078e+21	3.56e-11	1.66e-06	2.50e-03	8.25e-02	2.59e-01	6.29e-01	2.71e-02	2.05e-04
 3.69316e+21	4.33e-11	1.94e-06	2.83e-03	8.86e-02	2.67e-01	6.16e-01	2.52e-02	1.81e-04
 3.85091e+21	5.37e-11	2.31e-06	3.22e-03	9.55e-02	2.76e-01	6.02e-01	2.33e-02	1.58e-04
 4.05598e+21	7.04e-11	2.87e-06	3.80e-03	1.05e-01	2.87e-01	5.83e-01	2.11e-02	1.34e-04
 4.26517e+21	9.22e-11	3.56e-06	4.46e-03	1.15e-01	2.97e-01	5.64e-01	1.90e-02	1.12e-04
 4.42986e+21	1.14e-10	4.20e-06	5.04e-03	1.23e-01	3.05e-01	5.49e-01	1.75e-02	9.84e-05
 4.59412e+21	1.39e-10	4.94e-06	5.68e-03	1.32e-01	3.12e-01	5.34e-01	1.62e-02	8.62e-05
 4.80766e+21	1.80e-10	6.06e-06	6.60e-03	1.43e-01	3.22e-01	5.14e-01	1.46e-02	7.28e-05
 5.02972e+21	2.34e-10	7.45e-06	7.68e-03	1.56e-01	3.30e-01	4.93e-01	1.31e-02	6.11e-05
 5.21622e+21	2.91e-10	8.82e-06	8.68e-03	1.66e-01	3.37e-01	4.76e-01	1.19e-02	5.29e-05
 5.41202e+21	3.63e-10	1.05e-05	9.84e-03	1.78e-01	3.43e-01	4.58e-01	1.09e-02	4.55e-05
 5.66657e+21	4.80e-10	1.31e-05	1.15e-02	1.93e-01	3.50e-01	4.35e-01	9.60e-03	3.74e-05
 5.92794e+21	6.36e-10	1.62e-05	1.34e-02	2.09e-01	3.57e-01	4.12e-01	8.46e-03	3.07e-05
 6.14340e+21	7.97e-10	1.93e-05	1.52e-02	2.23e-01	3.61e-01	3.93e-01	7.61e-03	2.61e-05
 6.36871e+21	1.00e-09	2.31e-05	1.72e-02	2.38e-01	3.65e-01	3.74e-01	6.82e-03	2.21e-05
 6.66162e+21	1.34e-09	2.89e-05	2.02e-02	2.57e-01	3.68e-01	3.49e-01	5.92e-03	1.78e-05
 6.96601e+21	1.81e-09	3.62e-05	2.36e-02	2.77e-01	3.70e-01	3.25e-01	5.10e-03	1.42e-05
 7.22066e+21	2.30e-09	4.34e-05	2.67e-02	2.93e-01	3.70e-01	3.05e-01	4.50e-03	1.18e-05
 7.48701e+21	2.94e-09	5.23e-05	3.04e-02	3.11e-01	3.70e-01	2.85e-01	3.95e-03	9.73e-06
 7.75816e+21	3.74e-09	6.29e-05	3.45e-02	3.29e-01	3.68e-01	2.65e-01	3.45e-03	8.00e-06
 7.97602e+21	4.52e-09	7.25e-05	3.79e-02	3.43e-01	3.65e-01	2.51e-01	3.10e-03	6.86e-06
 8.19972e+21	5.49e-09	8.39e-05	4.19e-02	3.57e-01	3.62e-01	2.36e-01	2.78e-03	5.83e-06
 8.49052e+21	7.01e-09	1.01e-04	4.74e-02	3.76e-01	3.57e-01	2.17e-01	2.40e-03	4.75e-06
 8.80790e+21	9.07e-09	1.22e-04	5.40e-02	3.95e-01	3.50e-01	1.99e-01	2.05e-03	3.80e-06
 9.09438e+21	1.14e-08	1.45e-04	6.04e-02	4.12e-01	3.43e-01	1.83e-01	1.78e-03	3.10e-06
 9.36102e+21	1.39e-08	1.69e-04	6.69e-02	4.27e-01	3.36e-01	1.69e-01	1.56e-03	2.59e-06
 9.61725e+21	1.69e-08	1.95e-04	7.35e-02	4.41e-01	3.28e-01	1.56e-01	1.37e-03	2.17e-06
 9.86014e+21	2.03e-08	2.23e-04	8.04e-02	4.53e-01	3.20e-01	1.45e-01	1.21e-03	1.83e-06
 1.01358e+22	2.47e-08	2.59e-04	8.87e-02	4.67e-01	3.10e-01	1.33e-01	1.06e-03	1.52e-06
 1.04355e+22	3.05e-08	3.02e-04	9.83e-02	4.81e-01	2.99e-01	1.21e-01	9.10e-04	1.24e-06
 1.07056e+22	3.64e-08	3.45e-04	1.07e-01	4.92e-01	2.89e-01	1.11e-01	7.98e-04	1.04e-06
 1.09957e+22	4.43e-08	4.00e-04	1.18e-01	5.03e-01	2.77e-01	1.00e-01	6.88e-04	8.52e-07
 1.13120e+22	5.39e-08	4.64e-04	1.30e-01	5.14e-01	2.64e-01	9.05e-02	5.90e-04	6.96e-07
 1.16141e+22	6.48e-08	5.33e-04	1.43e-01	5.23e-01	2.51e-01	8.18e-02	5.09e-04	5.74e-07
 1.19112e+22	7.78e-08	6.11e-04	1.56e-01	5.31e-01	2.38e-01	7.36e-02	4.37e-04	4.71e-07
 1.22031e+22	9.17e-08	6.93e-04	1.70e-01	5.36e-01	2.26e-01	6.65e-02	3.79e-04	3.93e-07
 1.25352e+22	1.10e-07	7.98e-04	1.87e-01	5.42e-01	2.11e-01	5.90e-02	3.22e-04	3.20e-07
 1.28859e+22	1.34e-07	9.25e-04	2.06e-01	5.45e-01	1.95e-01	5.17e-02	2.69e-04	2.55e-07
 1.31824e+22	1.55e-07	1.04e-03	2.23e-01	5.47e-01	1.82e-01	4.64e-02	2.33e-04	2.13e-07
 1.34492e+22	1.77e-07	1.15e-03	2.39e-01	5.47e-01	1.71e-01	4.18e-02	2.03e-04	1.81e-07
 1.37110e+22	2.01e-07	1.27e-03	2.56e-01	5.46e-01	1.59e-01	3.77e-02	1.78e-04	1.54e-07
 1.39663e+22	2.27e-07	1.40e-03	2.73e-01	5.44e-01	1.48e-01	3.40e-02	1.56e-04	1.31e-07
 1.42193e+22	2.54e-07	1.53e-03	2.90e-01	5.41e-01	1.37e-01	3.06e-02	1.37e-04	0.00e+00
 1.44550e+22	2.82e-07	1.66e-03	3.07e-01	5.37e-01	1.27e-01	2.76e-02	1.20e-04	0.00e+00
 1.46597e+22	3.09e-07	1.79e-03	3.22e-01	5.33e-01	1.19e-01	2.52e-02	1.08e-04	0.00e+00
 1.48498e+22	3.35e-07	1.91e-03	3.36e-01	5.28e-01	1.11e-01	2.31e-02	9.67e-05	0.00e+00
 1.50683e+22	3.67e-07	2.05e-03	3.52e-01	5.23e-01	1.02e-01	2.08e-02	8.53e-05	0.00e+00
 1.53026e+22	4.04e-07	2.21e-03	3.70e-01	5.16e-01	9.29e-02	1.86e-02	7.44e-05	0.00e+00
 1.55059e+22	4.38e-07	2.35e-03	3.86e-01	5.10e-01	8.53e-02	1.68e-02	6.61e-05	0.00e+00
 1.56887e+22	4.70e-07	2.49e-03	3.99e-01	5.04e-01	7.87e-02	1.53e-02	5.92e-05	0.00e+00
 1.58964e+22	5.10e-07	2.65e-03	4.15e-01	4.97e-01	7.15e-02	1.38e-02	5.21e-05	0.00e+00
 1.61242e+22	5.59e-07	2.83e-03	4.32e-01	4.89e-01	6.40e-02	1.22e-02	4.51e-05	0.00e+00
 1.63295e+22	6.06e-07	3.00e-03	4.47e-01	4.81e-01	5.76e-02	1.09e-02	3.95e-05	0.00e+00
 1.65172e+22	6.54e-07	3.17e-03	4.61e-01	4.74e-01	5.22e-02	9.88e-03	3.49e-05	0.00e+00
 1.67303e+22	7.16e-07	3.37e-03	4.76e-01	4.66e-01	4.64e-02	8.80e-03	3.02e-05	0.00e+00
 1.69624e+22	7.90e-07	3.60e-03	4.91e-01	4.56e-01	4.08e-02	7.77e-03	2.58e-05	0.00e+00
 1.71681e+22	8.64e-07	3.81e-03	5.05e-01	4.48e-01	3.63e-02	6.97e-03	2.25e-05	0.00e+00
 1.73519e+22	9.38e-07	4.02e-03	5.17e-01	4.40e-01	3.27e-02	6.34e-03	1.99e-05	0.00e+00
 1.75584e+22	1.03e-06	4.26e-03	5.30e-01	4.31e-01	2.91e-02	5.71e-03	1.73e-05	0.00e+00
 1.77861e+22	1.15e-06	4.54e-03	5.43e-01	4.22e-01	2.57e-02	5.12e-03	1.49e-05	0.00e+00
 1.79968e+22	1.26e-06	4.81e-03	5.55e-01	4.13e-01	2.29e-02	4.64e-03	1.31e-05	0.00e+00
 1.82261e+22	1.41e-06	5.11e-03	5.68e-01	4.03e-01	2.03e-02	4.19e-03	1.13e-05	0.00e+00
 1.84807e+22	1.58e-06	5.47e-03	5.81e-01	3.92e-01	1.79e-02	3.77e-03	9.70e-06	0.00e+00
 1.87236e+22	1.76e-06	5.82e-03	5.92e-01	3.82e-01	1.60e-02	3.42e-03	8.43e-06	0.00e+00
 1.89771e+22	1.97e-06	6.20e-03	6.04e-01	3.72e-01	1.43e-02	3.10e-03	7.31e-06	0.00e+00
 1.92671e+22	2.24e-06	6.65e-03	6.16e-01	3.61e-01	1.27e-02	2.80e-03	6.26e-06	0.00e+00
 1.95845e+22	2.55e-06	7.15e-03	6.29e-01	3.50e-01	1.12e-02	2.51e-03	5.32e-06	0.00e+00
 1.99181e+22	2.92e-06	7.70e-03	6.42e-01	3.38e-01	9.99e-03	2.25e-03	4.51e-06	0.00e+00
 2.02754e+22	3.36e-06	8.32e-03	6.54e-01	3.26e-01	8.91e-03	2.02e-03	3.81e-06	0.00e+00
 2.06744e+22	3.91e-06	9.03e-03	6.68e-01	3.14e-01	7.94e-03	1.79e-03	3.18e-06	0.00e+00
 2.11345e+22	4.63e-06	9.90e-03	6.82e-01	3.00e-01	7.03e-03	1.58e-03	2.60e-06	0.00e+00
 2.16264e+22	5.51e-06	1.09e-02	6.95e-01	2.86e-01	6.27e-03	1.38e-03	2.12e-06	0.00e+00
 2.21141e+22	6.51e-06	1.19e-02	7.08e-01	2.73e-01	5.65e-03	1.21e-03	1.74e-06	0.00e+00
 2.26747e+22	7.87e-06	1.32e-02	7.22e-01	2.59e-01	5.06e-03	1.05e-03	1.39e-06	0.00e+00
 2.33074e+22	9.72e-06	1.48e-02	7.36e-01	2.44e-01	4.52e-03	8.96e-04	1.09e-06	0.00e+00
 2.39241e+22	1.19e-05	1.65e-02	7.49e-01	2.30e-01	4.09e-03	7.68e-04	8.58e-07	0.00e+00
 2.46161e+22	1.50e-05	1.88e-02	7.62e-01	2.15e-01	3.67e-03	6.44e-04	6.54e-07	0.00e+00
 2.53004e+22	1.90e-05	2.13e-02	7.74e-01	2.01e-01	3.33e-03	5.39e-04	4.97e-07	0.00e+00
 2.57615e+22	2.23e-05	2.33e-02	7.82e-01	1.91e-01	3.13e-03	4.76e-04	4.11e-07	0.00e+00
 2.60725e+22	2.50e-05	2.48e-02	7.87e-01	1.85e-01	3.00e-03	4.36e-04	3.60e-07	0.00e+00
 2.64015e+22	2.83e-05	2.65e-02	7.92e-01	1.78e-01	2.86e-03	3.97e-04	3.11e-07	0.00e+00
 2.68292e+22	3.35e-05	2.91e-02	7.98e-01	1.70e-01	2.70e-03	3.49e-04	2.55e-07	0.00e+00
 2.72649e+22	4.00e-05	3.21e-02	8.04e-01	1.61e-01	2.54e-03	3.04e-04	2.07e-07	0.00e+00
 2.76054e+22	4.62e-05	3.48e-02	8.09e-01	1.54e-01	2.42e-03	2.72e-04	1.74e-07	0.00e+00
 2.78835e+22	5.23e-05	3.74e-02	8.12e-01	1.48e-01	2.33e-03	2.46e-04	1.49e-07	0.00e+00
 2.81861e+22	6.03e-05	4.05e-02	8.16e-01	1.42e-01	2.23e-03	2.20e-04	1.26e-07	0.00e+00
 2.85109e+22	7.07e-05	4.43e-02	8.19e-01	1.35e-01	2.12e-03	1.94e-04	0.00e+00	0.00e+00
 2.87873e+22	8.16e-05	4.80e-02	8.21e-01	1.28e-01	2.03e-03	1.73e-04	0.00e+00	0.00e+00
 2.90196e+22	9.27e-05	5.17e-02	8.23e-01	1.23e-01	1.95e-03	1.56e-04	0.00e+00	0.00e+00
 2.92721e+22	1.07e-04	5.61e-02	8.25e-01	1.17e-01	1.87e-03	1.38e-04	0.00e+00	0.00e+00
 2.95391e+22	1.26e-04	6.15e-02	8.26e-01	1.11e-01	1.78e-03	1.21e-04	0.00e+00	0.00e+00
 2.97609e+22	1.45e-04	6.68e-02	8.26e-01	1.05e-01	1.70e-03	1.08e-04	0.00e+00	0.00e+00
 2.99470e+22	1.64e-04	7.17e-02	8.26e-01	1.01e-01	1.64e-03	9.68e-05	0.00e+00	0.00e+00
 3.01507e+22	1.90e-04	7.80e-02	8.25e-01	9.55e-02	1.56e-03	8.55e-05	0.00e+00	0.00e+00
 3.03682e+22	2.23e-04	8.56e-02	8.23e-01	8.97e-02	1.48e-03	7.42e-05	0.00e+00	0.00e+00
 3.05517e+22	2.58e-04	9.30e-02	8.21e-01	8.47e-02	1.41e-03	6.53e-05	0.00e+00	0.00e+00
 3.07061e+22	2.92e-04	1.00e-01	8.18e-01	8.04e-02	1.36e-03	5.83e-05	0.00e+00	0.00e+00
 3.08744e+22	3.38e-04	1.09e-01	8.14e-01	7.55e-02	1.29e-03	5.10e-05	0.00e+00	0.00e+00
 3.10550e+22	3.99e-04	1.20e-01	8.08e-01	7.03e-02	1.21e-03	4.38e-05	0.00e+00	0.00e+00
 3.12086e+22	4.63e-04	1.30e-01	8.02e-01	6.57e-02	1.15e-03	3.80e-05	0.00e+00	0.00e+00
 3.13385e+22	5.27e-04	1.41e-01	7.96e-01	6.17e-02	1.09e-03	3.35e-05	0.00e+00	0.00e+00
 3.14806e+22	6.13e-04	1.53e-01	7.88e-01	5.73e-02	1.03e-03	2.89e-05	0.00e+00	0.00e+00
 3.16337e+22	7.25e-04	1.69e-01	7.77e-01	5.25e-02	9.60e-04	2.44e-05	0.00e+00	0.00e+00
 3.17648e+22	8.47e-04	1.84e-01	7.66e-01	4.83e-02	8.98e-04	2.07e-05	0.00e+00	0.00e+00
 3.18763e+22	9.71e-04	1.99e-01	7.55e-01	4.47e-02	8.44e-04	1.79e-05	0.00e+00	0.00e+00
 3.19982e+22	1.14e-03	2.17e-01	7.40e-01	4.08e-02	7.83e-04	1.51e-05	0.00e+00	0.00e+00
 3.21309e+22	1.36e-03	2.39e-01	7.22e-01	3.65e-02	7.16e-04	1.24e-05	0.00e+00	0.00e+00
 3.22464e+22	1.60e-03	2.62e-01	7.03e-01	3.28e-02	6.55e-04	1.02e-05	0.00e+00	0.00e+00
 3.23452e+22	1.85e-03	2.83e-01	6.85e-01	2.96e-02	6.03e-04	8.53e-06	0.00e+00	0.00e+00
 3.24535e+22	2.19e-03	3.09e-01	6.62e-01	2.62e-02	5.46e-04	6.92e-06	0.00e+00	0.00e+00
 3.25731e+22	2.64e-03	3.42e-01	6.32e-01	2.26e-02	4.82e-04	5.38e-06	0.00e+00	0.00e+00
 3.26802e+22	3.18e-03	3.76e-01	6.01e-01	1.94e-02	4.24e-04	4.17e-06	0.00e+00	0.00e+00
 3.27671e+22	3.72e-03	4.06e-01	5.73e-01	1.68e-02	3.77e-04	3.32e-06	0.00e+00	0.00e+00
 3.28429e+22	4.27e-03	4.34e-01	5.46e-01	1.47e-02	3.37e-04	2.68e-06	0.00e+00	0.00e+00
 3.29292e+22	5.03e-03	4.69e-01	5.13e-01	1.25e-02	2.93e-04	2.07e-06	0.00e+00	0.00e+00
 3.30415e+22	6.25e-03	5.18e-01	4.66e-01	9.85e-03	2.38e-04	1.43e-06	0.00e+00	0.00e+00
 3.31524e+22	7.89e-03	5.72e-01	4.12e-01	7.41e-03	1.86e-04	9.25e-07	0.00e+00	0.00e+00
 3.32319e+22	9.44e-03	6.14e-01	3.70e-01	5.84e-03	1.51e-04	6.46e-07	0.00e+00	0.00e+00
 3.32927e+22	1.08e-02	6.46e-01	3.38e-01	4.81e-03	1.27e-04	4.85e-07	0.00e+00	0.00e+00
 3.33590e+22	1.26e-02	6.81e-01	3.03e-01	3.84e-03	1.03e-04	3.48e-07	0.00e+00	0.00e+00
 3.34453e+22	1.54e-02	7.26e-01	2.55e-01	2.75e-03	7.65e-05	2.15e-07	0.00e+00	0.00e+00
 3.35261e+22	1.88e-02	7.68e-01	2.11e-01	1.92e-03	5.46e-05	1.28e-07	0.00e+00	0.00e+00
 3.35785e+22	2.17e-02	7.94e-01	1.82e-01	1.48e-03	4.25e-05	0.00e+00	0.00e+00	0.00e+00
 3.36173e+22	2.40e-02	8.12e-01	1.63e-01	1.21e-03	3.53e-05	0.00e+00	0.00e+00	0.00e+00
 3.36595e+22	2.67e-02	8.29e-01	1.43e-01	9.79e-04	2.86e-05	0.00e+00	0.00e+00	0.00e+00
 3.37144e+22	3.10e-02	8.49e-01	1.19e-01	7.27e-04	2.13e-05	0.00e+00	0.00e+00	0.00e+00
 3.37692e+22	3.63e-02	8.66e-01	9.69e-02	5.26e-04	1.52e-05	0.00e+00	0.00e+00	0.00e+00
 3.38096e+22	4.09e-02	8.77e-01	8.20e-02	4.12e-04	1.17e-05	0.00e+00	0.00e+00	0.00e+00
 3.38417e+22	4.51e-02	8.83e-01	7.14e-02	3.39e-04	9.46e-06	0.00e+00	0.00e+00	0.00e+00
 3.38771e+22	5.02e-02	8.89e-01	6.10e-02	2.76e-04	7.47e-06	0.00e+00	0.00e+00	0.00e+00
 3.39232e+22	5.78e-02	8.93e-01	4.91e-02	2.11e-04	5.40e-06	0.00e+00	0.00e+00	0.00e+00
 3.39688e+22	6.71e-02	8.94e-01	3.89e-02	1.61e-04	3.81e-06	0.00e+00	0.00e+00	0.00e+00
 3.40024e+22	7.51e-02	8.92e-01	3.24e-02	1.34e-04	2.93e-06	0.00e+00	0.00e+00	0.00e+00
 3.40250e+22	8.10e-02	8.90e-01	2.87e-02	1.19e-04	2.46e-06	0.00e+00	0.00e+00	0.00e+00
 3.40415e+22	8.54e-02	8.88e-01	2.63e-02	1.10e-04	2.18e-06	0.00e+00	0.00e+00	0.00e+00
 3.40598e+22	9.09e-02	8.85e-01	2.37e-02	1.01e-04	1.89e-06	0.00e+00	0.00e+00	0.00e+00
 3.40817e+22	9.77e-02	8.81e-01	2.09e-02	9.10e-05	1.59e-06	0.00e+00	0.00e+00	0.00e+00
 3.41055e+22	1.06e-01	8.76e-01	1.81e-02	8.16e-05	1.31e-06	0.00e+00	0.00e+00	0.00e+00
 3.41286e+22	1.15e-01	8.69e-01	1.57e-02	7.36e-05	1.08e-06	0.00e+00	0.00e+00	0.00e+00
 3.41496e+22	1.24e-01	8.62e-01	1.38e-02	6.75e-05	9.09e-07	0.00e+00	0.00e+00	0.00e+00
 3.41703e+22	1.34e-01	8.54e-01	1.21e-02	6.22e-05	7.64e-07	0.00e+00	0.00e+00	0.00e+00
 3.41929e+22	1.45e-01	8.45e-01	1.05e-02	5.70e-05	6.30e-07	0.00e+00	0.00e+00	0.00e+00
 3.42167e+22	1.58e-01	8.33e-01	8.90e-03	5.21e-05	5.11e-07	0.00e+00	0.00e+00	0.00e+00
 3.42402e+22	1.73e-01	8.20e-01	7.57e-03	4.78e-05	4.15e-07	0.00e+00	0.00e+00	0.00e+00
 3.42633e+22	1.88e-01	8.06e-01	6.44e-03	4.41e-05	3.38e-07	0.00e+00	0.00e+00	0.00e+00
 3.42876e+22	2.05e-01	7.89e-01	5.40e-03	4.07e-05	2.72e-07	0.00e+00	0.00e+00	0.00e+00
 3.43133e+22	2.26e-01	7.70e-01	4.46e-03	3.74e-05	2.14e-07	0.00e+00	0.00e+00	0.00e+00
 3.43388e+22	2.48e-01	7.49e-01	3.68e-03	3.44e-05	1.69e-07	0.00e+00	0.00e+00	0.00e+00
 3.43623e+22	2.69e-01	7.28e-01	3.08e-03	3.20e-05	1.37e-07	0.00e+00	0.00e+00	0.00e+00
 3.43797e+22	2.85e-01	7.12e-01	2.71e-03	3.04e-05	0.00e+00	0.00e+00	0.00e+00	0.00e+00
 3.43917e+22	2.96e-01	7.01e-01	2.48e-03	2.95e-05	0.00e+00	0.00e+00	0.00e+00	0.00e+00
 3.44043e+22	3.09e-01	6.89e-01	2.25e-03	2.85e-05	0.00e+00	0.00e+00	0.00e+00	0.00e+00
 3.44201e+22	3.25e-01	6.73e-01	1.98e-03	2.72e-05	0.00e+00	0.00e+00	0.00e+00	0.00e+00
 3.44364e+22	3.44e-01	6.55e-01	1.74e-03	2.59e-05	0.00e+00	0.00e+00	0.00e+00	0.00e+00
 3.44505e+22	3.59e-01	6.39e-01	1.56e-03	2.48e-05	0.00e+00	0.00e+00	0.00e+00	0.00e+00
 3.44630e+22	3.73e-01	6.25e-01	1.41e-03	2.39e-05	0.00e+00	0.00e+00	0.00e+00	0.00e+00
 3.44765e+22	3.89e-01	6.09e-01	1.26e-03	2.30e-05	0.00e+00	0.00e+00	0.00e+00	0.00e+00
 3.44911e+22	4.07e-01	5.91e-01	1.11e-03	2.19e-05	0.00e+00	0.00e+00	0.00e+00	0.00e+00
 3.45053e+22	4.25e-01	5.74e-01	9.92e-04	2.10e-05	0.00e+00	0.00e+00	0.00e+00	0.00e+00
 3.45182e+22	4.41e-01	5.58e-01	8.91e-04	2.01e-05	0.00e+00	0.00e+00	0.00e+00	0.00e+00
 3.45310e+22	4.57e-01	5.42e-01	8.03e-04	1.94e-05	0.00e+00	0.00e+00	0.00e+00	0.00e+00
 3.45446e+22	4.75e-01	5.25e-01	7.17e-04	1.85e-05	0.00e+00	0.00e+00	0.00e+00	0.00e+00
 3.45588e+22	4.94e-01	5.06e-01	6.36e-04	1.77e-05	0.00e+00	0.00e+00	0.00e+00	0.00e+00
 3.45719e+22	5.11e-01	4.89e-01	5.72e-04	1.69e-05	0.00e+00	0.00e+00	0.00e+00	0.00e+00
 3.45843e+22	5.27e-01	4.73e-01	5.18e-04	1.63e-05	0.00e+00	0.00e+00	0.00e+00	0.00e+00
 3.45973e+22	5.43e-01	4.56e-01	4.66e-04	1.56e-05	0.00e+00	0.00e+00	0.00e+00	0.00e+00
 3.46111e+22	5.62e-01	4.38e-01	4.17e-04	1.48e-05	0.00e+00	0.00e+00	0.00e+00	0.00e+00
 3.46246e+22	5.79e-01	4.21e-01	3.76e-04	1.42e-05	0.00e+00	0.00e+00	0.00e+00	0.00e+00
 3.46374e+22	5.95e-01	4.04e-01	3.42e-04	1.36e-05	0.00e+00	0.00e+00	0.00e+00	0.00e+00
 3.46502e+22	6.11e-01	3.88e-01	3.11e-04	1.30e-05	0.00e+00	0.00e+00	0.00e+00	0.00e+00
 3.46636e+22	6.28e-01	3.72e-01	2.82e-04	1.24e-05	0.00e+00	0.00e+00	0.00e+00	0.00e+00
 3.46772e+22	6.45e-01	3.55e-01	2.57e-04	1.18e-05	0.00e+00	0.00e+00	0.00e+00	0.00e+00
 3.46903e+22	6.60e-01	3.40e-01	2.36e-04	1.13e-05	0.00e+00	0.00e+00	0.00e+00	0.00e+00
 3.47031e+22	6.74e-01	3.25e-01	2.18e-04	1.08e-05	0.00e+00	0.00e+00	0.00e+00	0.00e+00
 3.47165e+22	6.90e-01	3.10e-01	2.01e-04	1.03e-05	0.00e+00	0.00e+00	0.00e+00	0.00e+00
 3.47303e+22	7.05e-01	2.95e-01	1.86e-04	9.86e-06	0.00e+00	0.00e+00	0.00e+00	0.00e+00
 3.47436e+22	7.19e-01	2.81e-01	1.74e-04	9.43e-06	0.00e+00	0.00e+00	0.00e+00	0.00e+00
 3.47563e+22	7.31e-01	2.68e-01	1.64e-04	9.05e-06	0.00e+00	0.00e+00	0.00e+00	0.00e+00
 3.47694e+22	7.44e-01	2.56e-01	1.54e-04	8.70e-06	0.00e+00	0.00e+00	0.00e+00	0.00e+00
 3.47828e+22	7.57e-01	2.43e-01	1.46e-04	8.33e-06	0.00e+00	0.00e+00	0.00e+00	0.00e+00
 3.47960e+22	7.68e-01	2.31e-01	1.39e-04	8.00e-06	0.00e+00	0.00e+00	0.00e+00	0.00e+00
 3.48088e+22	7.79e-01	2.21e-01	1.33e-04	7.71e-06	0.00e+00	0.00e+00	0.00e+00	0.00e+00
 3.48218e+22	7.89e-01	2.11e-01	1.28e-04	7.43e-06	0.00e+00	0.00e+00	0.00e+00	0.00e+00
 3.48352e+22	7.99e-01	2.01e-01	1.23e-04	7.16e-06	0.00e+00	0.00e+00	0.00e+00	0.00e+00
 3.48486e+22	8.09e-01	1.91e-01	1.19e-04	6.90e-06	0.00e+00	0.00e+00	0.00e+00	0.00e+00
 3.48620e+22	8.18e-01	1.82e-01	1.16e-04	6.68e-06	0.00e+00	0.00e+00	0.00e+00	0.00e+00
 3.48755e+22	8.26e-01	1.74e-01	1.13e-04	6.47e-06	0.00e+00	0.00e+00	0.00e+00	0.00e+00
 3.48895e+22	8.35e-01	1.65e-01	1.11e-04	6.26e-06	0.00e+00	0.00e+00	0.00e+00	0.00e+00
 3.49039e+22	8.42e-01	1.57e-01	1.08e-04	6.07e-06	0.00e+00	0.00e+00	0.00e+00	0.00e+00
 3.49184e+22	8.50e-01	1.50e-01	1.06e-04	5.90e-06	0.00e+00	0.00e+00	0.00e+00	0.00e+00
 3.49333e+22	8.57e-01	1.43e-01	1.05e-04	5.74e-06	0.00e+00	0.00e+00	0.00e+00	0.00e+00
 3.49490e+22	8.64e-01	1.36e-01	1.03e-04	5.59e-06	0.00e+00	0.00e+00	0.00e+00	0.00e+00
 3.49649e+22	8.70e-01	1.30e-01	1.02e-04	5.46e-06	0.00e+00	0.00e+00	0.00e+00	0.00e+00
 3.49808e+22	8.75e-01	1.25e-01	1.01e-04	5.35e-06	0.00e+00	0.00e+00	0.00e+00	0.00e+00
 3.49962e+22	8.80e-01	1.20e-01	9.98e-05	5.27e-06	0.00e+00	0.00e+00	0.00e+00	0.00e+00
 3.50108e+22	8.84e-01	1.16e-01	9.91e-05	5.20e-06	0.00e+00	0.00e+00	0.00e+00	0.00e+00
 3.50256e+22	8.88e-01	1.12e-01	9.85e-05	5.15e-06	0.00e+00	0.00e+00	0.00e+00	0.00e+00
 3.50410e+22	8.91e-01	1.09e-01	9.80e-05	5.09e-06	0.00e+00	0.00e+00	0.00e+00	0.00e+00
 3.50572e+22	8.95e-01	1.05e-01	9.75e-05	5.04e-06	0.00e+00	0.00e+00	0.00e+00	0.00e+00
 3.50745e+22	8.98e-01	1.02e-01	9.70e-05	5.00e-06	0.00e+00	0.00e+00	0.00e+00	0.00e+00
 3.50925e+22	9.01e-01	9.91e-02	9.66e-05	4.96e-06	0.00e+00	0.00e+00	0.00e+00	0.00e+00
 3.51110e+22	9.03e-01	9.66e-02	9.63e-05	4.93e-06	0.00e+00	0.00e+00	0.00e+00	0.00e+00
 3.51309e+22	9.06e-01	9.44e-02	9.59e-05	4.91e-06	0.00e+00	0.00e+00	0.00e+00	0.00e+00
 3.51537e+22	9.08e-01	9.21e-02	9.56e-05	4.89e-06	0.00e+00	0.00e+00	0.00e+00	0.00e+00
 3.51793e+22	9.10e-01	8.99e-02	9.53e-05	4.87e-06	0.00e+00	0.00e+00	0.00e+00	0.00e+00
 3.52080e+22	9.12e-01	8.79e-02	9.50e-05	4.86e-06	0.00e+00	0.00e+00	0.00e+00	0.00e+00
 3.52395e+22	9.14e-01	8.63e-02	9.47e-05	4.84e-06	0.00e+00	0.00e+00	0.00e+00	0.00e+00
 3.52741e+22	9.15e-01	8.49e-02	9.44e-05	4.84e-06	0.00e+00	0.00e+00	0.00e+00	0.00e+00
 3.53107e+22	9.16e-01	8.37e-02	9.41e-05	4.83e-06	0.00e+00	0.00e+00	0.00e+00	0.00e+00
 3.53472e+22	9.17e-01	8.27e-02	9.39e-05	4.84e-06	0.00e+00	0.00e+00	0.00e+00	0.00e+00
 3.53892e+22	9.18e-01	8.19e-02	9.36e-05	4.83e-06	0.00e+00	0.00e+00	0.00e+00	0.00e+00
 3.54438e+22	9.19e-01	8.08e-02	9.32e-05	4.83e-06	0.00e+00	0.00e+00	0.00e+00	0.00e+00
 3.55148e+22	9.20e-01	7.97e-02	9.27e-05	4.80e-06	0.00e+00	0.00e+00	0.00e+00	0.00e+00
 3.56070e+22	9.21e-01	7.85e-02	9.21e-05	4.80e-06	0.00e+00	0.00e+00	0.00e+00	0.00e+00
 3.57192e+22	9.23e-01	7.73e-02	9.15e-05	4.79e-06	0.00e+00	0.00e+00	0.00e+00	0.00e+00
 3.58338e+22	9.24e-01	7.62e-02	9.08e-05	4.78e-06	0.00e+00	0.00e+00	0.00e+00	0.00e+00
 3.59381e+22	9.25e-01	7.53e-02	9.02e-05	4.78e-06	0.00e+00	0.00e+00	0.00e+00	0.00e+00
 3.60330e+22	9.25e-01	7.45e-02	8.97e-05	4.78e-06	0.00e+00	0.00e+00	0.00e+00	0.00e+00
 3.61193e+22	9.26e-01	7.38e-02	8.92e-05	4.79e-06	0.00e+00	0.00e+00	0.00e+00	0.00e+00
 3.61979e+22	9.27e-01	7.32e-02	8.88e-05	4.80e-06	0.00e+00	0.00e+00	0.00e+00	0.00e+00
 3.62840e+22	9.27e-01	7.26e-02	8.83e-05	4.81e-06	0.00e+00	0.00e+00	0.00e+00	0.00e+00
 3.63770e+22	9.28e-01	7.19e-02	8.78e-05	4.83e-06	0.00e+00	0.00e+00	0.00e+00	0.00e+00
 3.64616e+22	9.29e-01	7.14e-02	8.74e-05	4.83e-06	0.00e+00	0.00e+00	0.00e+00	0.00e+00
 3.65543e+22	9.29e-01	7.08e-02	8.69e-05	4.86e-06	0.00e+00	0.00e+00	0.00e+00	0.00e+00
 3.66544e+22	9.30e-01	7.02e-02	8.64e-05	4.88e-06	0.00e+00	0.00e+00	0.00e+00	0.00e+00
 3.67455e+22	9.30e-01	6.97e-02	8.59e-05	4.90e-06	0.00e+00	0.00e+00	0.00e+00	0.00e+00
 3.68283e+22	9.31e-01	6.93e-02	8.55e-05	4.92e-06	0.00e+00	0.00e+00	0.00e+00	0.00e+00
 3.69038e+22	9.31e-01	6.89e-02	8.51e-05	4.94e-06	0.00e+00	0.00e+00	0.00e+00	0.00e+00
 3.69864e+22	9.31e-01	6.85e-02	8.47e-05	4.97e-06	0.00e+00	0.00e+00	0.00e+00	0.00e+00
 3.70756e+22	9.32e-01	6.81e-02	8.43e-05	5.00e-06	0.00e+00	0.00e+00	0.00e+00	0.00e+00
 3.71568e+22	9.32e-01	6.78e-02	8.39e-05	5.02e-06	0.00e+00	0.00e+00	0.00e+00	0.00e+00
 3.72458e+22	9.32e-01	6.74e-02	8.35e-05	5.06e-06	0.00e+00	0.00e+00	0.00e+00	0.00e+00
 3.73418e+22	9.33e-01	6.70e-02	8.30e-05	5.08e-06	0.00e+00	0.00e+00	0.00e+00	0.00e+00
 3.74292e+22	9.33e-01	6.67e-02	8.26e-05	5.09e-06	0.00e+00	0.00e+00	0.00e+00	0.00e+00
 3.75250e+22	9.34e-01	6.64e-02	8.21e-05	5.10e-06	0.00e+00	0.00e+00	0.00e+00	0.00e+00
 3.76495e+22	9.34e-01	6.59e-02	8.16e-05	5.14e-06	0.00e+00	0.00e+00	0.00e+00	0.00e+00
 3.77839e+22	9.34e-01	6.54e-02	8.09e-05	5.16e-06	0.00e+00	0.00e+00	0.00e+00	0.00e+00
 3.79063e+22	9.35e-01	6.51e-02	8.04e-05	5.18e-06	0.00e+00	0.00e+00	0.00e+00	0.00e+00
 3.80176e+22	9.35e-01	6.47e-02	7.99e-05	5.20e-06	0.00e+00	0.00e+00	0.00e+00	0.00e+00
 3.81189e+22	9.35e-01	6.44e-02	7.94e-05	5.22e-06	0.00e+00	0.00e+00	0.00e+00	0.00e+00
 3.82111e+22	9.36e-01	6.42e-02	7.90e-05	5.24e-06	0.00e+00	0.00e+00	0.00e+00	0.00e+00
 3.83121e+22	9.36e-01	6.39e-02	7.86e-05	5.26e-06	0.00e+00	0.00e+00	0.00e+00	0.00e+00
 3.84211e+22	9.36e-01	6.36e-02	7.81e-05	5.29e-06	0.00e+00	0.00e+00	0.00e+00	0.00e+00
 3.85203e+22	9.37e-01	6.33e-02	7.77e-05	5.30e-06	0.00e+00	0.00e+00	0.00e+00	0.00e+00
 3.86291e+22	9.37e-01	6.31e-02	7.72e-05	5.33e-06	0.00e+00	0.00e+00	0.00e+00	0.00e+00
 3.87465e+22	9.37e-01	6.28e-02	7.68e-05	5.35e-06	0.00e+00	0.00e+00	0.00e+00	0.00e+00
 3.88533e+22	9.37e-01	6.25e-02	7.65e-05	5.38e-06	0.00e+00	0.00e+00	0.00e+00	0.00e+00
 3.89505e+22	9.38e-01	6.23e-02	7.63e-05	5.41e-06	0.00e+00	0.00e+00	0.00e+00	0.00e+00
 3.90390e+22	9.38e-01	6.21e-02	7.61e-05	5.44e-06	0.00e+00	0.00e+00	0.00e+00	0.00e+00
 3.91359e+22	9.38e-01	6.19e-02	7.58e-05	5.47e-06	0.00e+00	0.00e+00	0.00e+00	0.00e+00
 3.92406e+22	9.38e-01	6.17e-02	7.56e-05	5.50e-06	0.00e+00	0.00e+00	0.00e+00	0.00e+00
 3.93358e+22	9.38e-01	6.15e-02	7.54e-05	5.52e-06	0.00e+00	0.00e+00	0.00e+00	0.00e+00
 3.94402e+22	9.39e-01	6.13e-02	7.52e-05	5.55e-06	0.00e+00	0.00e+00	0.00e+00	0.00e+00
 3.95528e+22	9.39e-01	6.10e-02	7.49e-05	5.58e-06	0.00e+00	0.00e+00	0.00e+00	0.00e+00
 3.96553e+22	9.39e-01	6.08e-02	7.47e-05	5.61e-06	0.00e+00	0.00e+00	0.00e+00	0.00e+00
 3.97486e+22	9.39e-01	6.06e-02	7.45e-05	5.63e-06	0.00e+00	0.00e+00	0.00e+00	0.00e+00
 3.98509e+22	9.40e-01	6.04e-02	7.42e-05	5.66e-06	0.00e+00	0.00e+00	0.00e+00	0.00e+00
 3.99612e+22	9.40e-01	6.02e-02	7.40e-05	5.69e-06	0.00e+00	0.00e+00	0.00e+00	0.00e+00
 4.00617e+22	9.40e-01	6.00e-02	7.38e-05	5.71e-06	0.00e+00	0.00e+00	0.00e+00	0.00e+00
 4.01717e+22	9.40e-01	5.97e-02	7.35e-05	5.73e-06	0.00e+00	0.00e+00	0.00e+00	0.00e+00
 4.02905e+22	9.40e-01	5.95e-02	7.32e-05	5.76e-06	0.00e+00	0.00e+00	0.00e+00	0.00e+00
 4.03987e+22	9.41e-01	5.93e-02	7.30e-05	5.78e-06	0.00e+00	0.00e+00	0.00e+00	0.00e+00
 4.04971e+22	9.41e-01	5.91e-02	7.28e-05	5.80e-06	0.00e+00	0.00e+00	0.00e+00	0.00e+00
 4.06049e+22	9.41e-01	5.89e-02	7.25e-05	5.82e-06	0.00e+00	0.00e+00	0.00e+00	0.00e+00
 4.07213e+22	9.41e-01	5.86e-02	7.23e-05	5.84e-06	0.00e+00	0.00e+00	0.00e+00	0.00e+00
 4.08272e+22	9.42e-01	5.84e-02	7.20e-05	5.85e-06	0.00e+00	0.00e+00	0.00e+00	0.00e+00
 4.09433e+22	9.42e-01	5.81e-02	7.17e-05	5.86e-06	0.00e+00	0.00e+00	0.00e+00	0.00e+00
 4.10941e+22	9.42e-01	5.78e-02	7.14e-05	5.87e-06	0.00e+00	0.00e+00	0.00e+00	0.00e+00
 4.12570e+22	9.43e-01	5.74e-02	7.10e-05	5.87e-06	0.00e+00	0.00e+00	0.00e+00	0.00e+00
 4.14053e+22	9.43e-01	5.71e-02	7.06e-05	5.87e-06	0.00e+00	0.00e+00	0.00e+00	0.00e+00
 4.15402e+22	9.43e-01	5.68e-02	7.02e-05	5.87e-06	0.00e+00	0.00e+00	0.00e+00	0.00e+00
 4.16880e+22	9.43e-01	5.65e-02	6.99e-05	5.88e-06	0.00e+00	0.00e+00	0.00e+00	0.00e+00
 4.18476e+22	9.44e-01	5.61e-02	6.95e-05	5.88e-06	0.00e+00	0.00e+00	0.00e+00	0.00e+00
 4.19928e+22	9.44e-01	5.58e-02	6.91e-05	5.87e-06	0.00e+00	0.00e+00	0.00e+00	0.00e+00
 4.21249e+22	9.44e-01	5.55e-02	6.88e-05	5.87e-06	0.00e+00	0.00e+00	0.00e+00	0.00e+00
 4.22697e+22	9.45e-01	5.52e-02	6.85e-05	5.87e-06	0.00e+00	0.00e+00	0.00e+00	0.00e+00
 4.24261e+22	9.45e-01	5.49e-02	6.81e-05	5.87e-06	0.00e+00	0.00e+00	0.00e+00	0.00e+00
 4.25683e+22	9.45e-01	5.45e-02	6.77e-05	5.86e-06	0.00e+00	0.00e+00	0.00e+00	0.00e+00
 4.27242e+22	9.46e-01	5.42e-02	6.74e-05	5.86e-06	0.00e+00	0.00e+00	0.00e+00	0.00e+00
 4.28925e+22	9.46e-01	5.39e-02	6.70e-05	5.85e-06	0.00e+00	0.00e+00	0.00e+00	0.00e+00
 4.30457e+22	9.46e-01	5.35e-02	6.66e-05	5.84e-06	0.00e+00	0.00e+00	0.00e+00	0.00e+00
 4.32135e+22	9.47e-01	5.32e-02	6.62e-05	5.83e-06	0.00e+00	0.00e+00	0.00e+00	0.00e+00
 4.33946e+22	9.47e-01	5.28e-02	6.58e-05	5.82e-06	0.00e+00	0.00e+00	0.00e+00	0.00e+00
 4.35595e+22	9.47e-01	5.24e-02	6.54e-05	5.80e-06	0.00e+00	0.00e+00	0.00e+00	0.00e+00
 4.37095e+22	9.48e-01	5.21e-02	6.51e-05	5.79e-06	0.00e+00	0.00e+00	0.00e+00	0.00e+00
 4.38739e+22	9.48e-01	5.18e-02	6.47e-05	5.77e-06	0.00e+00	0.00e+00	0.00e+00	0.00e+00
 4.40514e+22	9.49e-01	5.14e-02	6.43e-05	5.76e-06	0.00e+00	0.00e+00	0.00e+00	0.00e+00
 4.42129e+22	9.49e-01	5.11e-02	6.39e-05	5.74e-06	0.00e+00	0.00e+00	0.00e+00	0.00e+00
 4.43899e+22	9.49e-01	5.07e-02	6.35e-05	5.72e-06	0.00e+00	0.00e+00	0.00e+00	0.00e+00
 4.45810e+22	9.50e-01	5.03e-02	6.31e-05	5.70e-06	0.00e+00	0.00e+00	0.00e+00	0.00e+00
 4.47549e+22	9.50e-01	5.00e-02	6.27e-05	5.68e-06	0.00e+00	0.00e+00	0.00e+00	0.00e+00
 4.49131e+22	9.50e-01	4.97e-02	6.23e-05	5.66e-06	0.00e+00	0.00e+00	0.00e+00	0.00e+00
 4.50865e+22	9.51e-01	4.93e-02	6.19e-05	5.63e-06	0.00e+00	0.00e+00	0.00e+00	0.00e+00
 4.53119e+22	9.51e-01	4.89e-02	6.14e-05	5.61e-06	0.00e+00	0.00e+00	0.00e+00	0.00e+00
 4.55552e+22	9.52e-01	4.84e-02	6.09e-05	5.57e-06	0.00e+00	0.00e+00	0.00e+00	0.00e+00
 4.57766e+22	9.52e-01	4.80e-02	6.04e-05	5.54e-06	0.00e+00	0.00e+00	0.00e+00	0.00e+00
 4.59781e+22	9.52e-01	4.76e-02	6.00e-05	5.51e-06	0.00e+00	0.00e+00	0.00e+00	0.00e+00
 4.61615e+22	9.53e-01	4.72e-02	5.96e-05	5.48e-06	0.00e+00	0.00e+00	0.00e+00	0.00e+00
 4.63624e+22	9.53e-01	4.69e-02	5.91e-05	5.44e-06	0.00e+00	0.00e+00	0.00e+00	0.00e+00
 4.66236e+22	9.54e-01	4.64e-02	5.86e-05	5.40e-06	0.00e+00	0.00e+00	0.00e+00	0.00e+00
 4.69056e+22	9.54e-01	4.58e-02	5.80e-05	5.35e-06	0.00e+00	0.00e+00	0.00e+00	0.00e+00
 4.71623e+22	9.55e-01	4.54e-02	5.74e-05	5.30e-06	0.00e+00	0.00e+00	0.00e+00	0.00e+00
 4.73958e+22	9.55e-01	4.49e-02	5.70e-05	5.26e-06	0.00e+00	0.00e+00	0.00e+00	0.00e+00
 4.76083e+22	9.55e-01	4.46e-02	5.65e-05	5.22e-06	0.00e+00	0.00e+00	0.00e+00	0.00e+00
 4.78412e+22	9.56e-01	4.41e-02	5.60e-05	5.17e-06	0.00e+00	0.00e+00	0.00e+00	0.00e+00
 4.80926e+22	9.56e-01	4.37e-02	5.55e-05	5.12e-06	0.00e+00	0.00e+00	0.00e+00	0.00e+00
 4.83213e+22	9.57e-01	4.33e-02	5.50e-05	5.08e-06	0.00e+00	0.00e+00	0.00e+00	0.00e+00
 4.85720e+22	9.57e-01	4.28e-02	5.45e-05	5.03e-06	0.00e+00	0.00e+00	0.00e+00	0.00e+00
 4.88427e+22	9.58e-01	4.24e-02	5.40e-05	4.98e-06	0.00e+00	0.00e+00	0.00e+00	0.00e+00
 4.90889e+22	9.58e-01	4.20e-02	5.35e-05	4.92e-06	0.00e+00	0.00e+00	0.00e+00	0.00e+00
 4.93588e+22	9.58e-01	4.15e-02	5.30e-05	4.87e-06	0.00e+00	0.00e+00	0.00e+00	0.00e+00
 4.96502e+22	9.59e-01	4.10e-02	5.24e-05	4.81e-06	0.00e+00	0.00e+00	0.00e+00	0.00e+00
 4.99153e+22	9.59e-01	4.06e-02	5.19e-05	4.75e-06	0.00e+00	0.00e+00	0.00e+00	0.00e+00
 5.02058e+22	9.60e-01	4.01e-02	5.14e-05	4.69e-06	0.00e+00	0.00e+00	0.00e+00	0.00e+00
 5.05195e+22	9.60e-01	3.96e-02	5.08e-05	4.63e-06	0.00e+00	0.00e+00	0.00e+00	0.00e+00
 5.08049e+22	9.61e-01	3.92e-02	5.03e-05	4.58e-06	0.00e+00	0.00e+00	0.00e+00	0.00e+00
 5.10646e+22	9.61e-01	3.88e-02	4.98e-05	4.52e-06	0.00e+00	0.00e+00	0.00e+00	0.00e+00
 5.13492e+22	9.62e-01	3.84e-02	4.93e-05	4.47e-06	0.00e+00	0.00e+00	0.00e+00	0.00e+00
 5.16565e+22	9.62e-01	3.79e-02	4.87e-05	4.40e-06	0.00e+00	0.00e+00	0.00e+00	0.00e+00
 5.19932e+22	9.63e-01	3.74e-02	4.82e-05	4.33e-06	0.00e+00	0.00e+00	0.00e+00	0.00e+00
 5.23567e+22	9.63e-01	3.69e-02	4.75e-05	4.25e-06	0.00e+00	0.00e+00	0.00e+00	0.00e+00
 5.26874e+22	9.64e-01	3.64e-02	4.70e-05	4.19e-06	0.00e+00	0.00e+00	0.00e+00	0.00e+00
 5.29884e+22	9.64e-01	3.60e-02	4.65e-05	4.13e-06	0.00e+00	0.00e+00	0.00e+00	0.00e+00
 5.33183e+22	9.64e-01	3.55e-02	4.59e-05	4.06e-06	0.00e+00	0.00e+00	0.00e+00	0.00e+00
 5.37471e+22	9.65e-01	3.49e-02	4.52e-05	3.98e-06	0.00e+00	0.00e+00	0.00e+00	0.00e+00
 5.42100e+22	9.66e-01	3.43e-02	4.45e-05	3.89e-06	0.00e+00	0.00e+00	0.00e+00	0.00e+00
 5.46312e+22	9.66e-01	3.38e-02	4.38e-05	3.81e-06	0.00e+00	0.00e+00	0.00e+00	0.00e+00
 5.50146e+22	9.67e-01	3.33e-02	4.32e-05	3.74e-06	0.00e+00	0.00e+00	0.00e+00	0.00e+00
 5.53634e+22	9.67e-01	3.28e-02	4.27e-05	3.67e-06	0.00e+00	0.00e+00	0.00e+00	0.00e+00
 5.56809e+22	9.67e-01	3.25e-02	4.22e-05	3.62e-06	0.00e+00	0.00e+00	0.00e+00	0.00e+00
 5.60287e+22	9.68e-01	3.20e-02	4.17e-05	3.55e-06	0.00e+00	0.00e+00	0.00e+00	0.00e+00
 5.64809e+22	9.68e-01	3.15e-02	4.11e-05	3.47e-06	0.00e+00	0.00e+00	0.00e+00	0.00e+00
 5.69691e+22	9.69e-01	3.09e-02	4.03e-05	3.38e-06	0.00e+00	0.00e+00	0.00e+00	0.00e+00
 5.74134e+22	9.70e-01	3.04e-02	3.97e-05	3.31e-06	0.00e+00	0.00e+00	0.00e+00	0.00e+00
 5.78177e+22	9.70e-01	3.00e-02	3.92e-05	3.24e-06	0.00e+00	0.00e+00	0.00e+00	0.00e+00
 5.82607e+22	9.70e-01	2.95e-02	3.86e-05	3.16e-06	0.00e+00	0.00e+00	0.00e+00	0.00e+00
 5.87389e+22	9.71e-01	2.90e-02	3.79e-05	3.08e-06	0.00e+00	0.00e+00	0.00e+00	0.00e+00
 5.92630e+22	9.71e-01	2.85e-02	3.73e-05	3.00e-06	0.00e+00	0.00e+00	0.00e+00	0.00e+00
 5.98288e+22	9.72e-01	2.79e-02	3.66e-05	2.92e-06	0.00e+00	0.00e+00	0.00e+00	0.00e+00
 6.03436e+22	9.73e-01	2.74e-02	3.59e-05	2.84e-06	0.00e+00	0.00e+00	0.00e+00	0.00e+00
 6.08122e+22	9.73e-01	2.70e-02	3.54e-05	2.77e-06	0.00e+00	0.00e+00	0.00e+00	0.00e+00
 6.12385e+22	9.73e-01	2.66e-02	3.49e-05	2.71e-06	0.00e+00	0.00e+00	0.00e+00	0.00e+00
 6.17057e+22	9.74e-01	2.62e-02	3.43e-05	2.65e-06	0.00e+00	0.00e+00	0.00e+00	0.00e+00
 6.23131e+22	9.74e-01	2.56e-02	3.36e-05	2.57e-06	0.00e+00	0.00e+00	0.00e+00	0.00e+00
 6.31027e+22	9.75e-01	2.49e-02	3.28e-05	2.47e-06	0.00e+00	0.00e+00	0.00e+00	0.00e+00
 6.39948e+22	9.76e-01	2.42e-02	3.19e-05	2.36e-06	0.00e+00	0.00e+00	0.00e+00	0.00e+00
 6.48487e+22	9.76e-01	2.36e-02	3.10e-05	2.26e-06	0.00e+00	0.00e+00	0.00e+00	0.00e+00
 6.56528e+22	9.77e-01	2.29e-02	3.02e-05	2.17e-06	0.00e+00	0.00e+00	0.00e+00	0.00e+00
 6.64610e+22	9.78e-01	2.24e-02	2.95e-05	2.08e-06	0.00e+00	0.00e+00	0.00e+00	0.00e+00
 6.73203e+22	9.78e-01	2.18e-02	2.87e-05	2.00e-06	0.00e+00	0.00e+00	0.00e+00	0.00e+00
 6.82389e+22	9.79e-01	2.11e-02	2.79e-05	1.91e-06	0.00e+00	0.00e+00	0.00e+00	0.00e+00
 6.91845e+22	9.79e-01	2.05e-02	2.71e-05	1.82e-06	0.00e+00	0.00e+00	0.00e+00	0.00e+00
 7.01319e+22	9.80e-01	2.00e-02	2.63e-05	1.74e-06	0.00e+00	0.00e+00	0.00e+00	0.00e+00
 7.10887e+22	9.81e-01	1.94e-02	2.56e-05	1.66e-06	0.00e+00	0.00e+00	0.00e+00	0.00e+00
 7.20742e+22	9.81e-01	1.88e-02	2.49e-05	1.59e-06	0.00e+00	0.00e+00	0.00e+00	0.00e+00
 7.30975e+22	9.82e-01	1.83e-02	2.41e-05	1.51e-06	0.00e+00	0.00e+00	0.00e+00	0.00e+00
 7.41514e+22	9.82e-01	1.77e-02	2.34e-05	1.44e-06	0.00e+00	0.00e+00	0.00e+00	0.00e+00
 7.52257e+22	9.83e-01	1.72e-02	2.27e-05	1.37e-06	0.00e+00	0.00e+00	0.00e+00	0.00e+00
 7.63182e+22	9.83e-01	1.67e-02	2.20e-05	1.31e-06	0.00e+00	0.00e+00	0.00e+00	0.00e+00
 7.74371e+22	9.84e-01	1.62e-02	2.14e-05	1.24e-06	0.00e+00	0.00e+00	0.00e+00	0.00e+00
 7.85918e+22	9.84e-01	1.57e-02	2.07e-05	1.18e-06	0.00e+00	0.00e+00	0.00e+00	0.00e+00
 7.97852e+22	9.85e-01	1.52e-02	2.01e-05	1.12e-06	0.00e+00	0.00e+00	0.00e+00	0.00e+00
 8.10141e+22	9.85e-01	1.47e-02	1.94e-05	1.06e-06	0.00e+00	0.00e+00	0.00e+00	0.00e+00
 8.22705e+22	9.86e-01	1.43e-02	1.88e-05	1.01e-06	0.00e+00	0.00e+00	0.00e+00	0.00e+00
 8.35568e+22	9.86e-01	1.38e-02	1.82e-05	9.56e-07	0.00e+00	0.00e+00	0.00e+00	0.00e+00
 8.48818e+22	9.87e-01	1.34e-02	1.76e-05	9.05e-07	0.00e+00	0.00e+00	0.00e+00	0.00e+00
 8.62482e+22	9.87e-01	1.29e-02	1.70e-05	8.56e-07	0.00e+00	0.00e+00	0.00e+00	0.00e+00
 8.76799e+22	9.87e-01	1.25e-02	1.64e-05	8.08e-07	0.00e+00	0.00e+00	0.00e+00	0.00e+00
 8.91893e+22	9.88e-01	1.21e-02	1.58e-05	7.61e-07	0.00e+00	0.00e+00	0.00e+00	0.00e+00
 9.07472e+22	9.88e-01	1.17e-02	1.53e-05	7.16e-07	0.00e+00	0.00e+00	0.00e+00	0.00e+00
 9.23406e+22	9.89e-01	1.13e-02	1.47e-05	6.73e-07	0.00e+00	0.00e+00	0.00e+00	0.00e+00
 9.39812e+22	9.89e-01	1.09e-02	1.42e-05	6.32e-07	0.00e+00	0.00e+00	0.00e+00	0.00e+00
 9.56813e+22	9.90e-01	1.05e-02	1.37e-05	5.93e-07	0.00e+00	0.00e+00	0.00e+00	0.00e+00
 9.74508e+22	9.90e-01	1.01e-02	1.31e-05	5.56e-07	0.00e+00	0.00e+00	0.00e+00	0.00e+00
 9.92933e+22	9.90e-01	9.72e-03	1.26e-05	5.20e-07	0.00e+00	0.00e+00	0.00e+00	0.00e+00
 1.01213e+23	9.91e-01	9.35e-03	1.21e-05	4.86e-07	0.00e+00	0.00e+00	0.00e+00	0.00e+00
 1.03220e+23	9.91e-01	8.99e-03	1.16e-05	4.53e-07	0.00e+00	0.00e+00	0.00e+00	0.00e+00
 1.05337e+23	9.91e-01	8.64e-03	1.11e-05	4.22e-07	0.00e+00	0.00e+00	0.00e+00	0.00e+00
 1.07587e+23	9.92e-01	8.29e-03	1.07e-05	3.91e-07	0.00e+00	0.00e+00	0.00e+00	0.00e+00
 1.09945e+23	9.92e-01	7.94e-03	1.02e-05	3.62e-07	0.00e+00	0.00e+00	0.00e+00	0.00e+00
 1.12399e+23	9.92e-01	7.61e-03	9.72e-06	3.35e-07	0.00e+00	0.00e+00	0.00e+00	0.00e+00
 1.14963e+23	9.93e-01	7.28e-03	9.28e-06	3.09e-07	0.00e+00	0.00e+00	0.00e+00	0.00e+00
 1.17667e+23	9.93e-01	6.96e-03	8.84e-06	2.85e-07	0.00e+00	0.00e+00	0.00e+00	0.00e+00
 1.20522e+23	9.93e-01	6.65e-03	8.42e-06	2.62e-07	0.00e+00	0.00e+00	0.00e+00	0.00e+00
 1.23541e+23	9.94e-01	6.35e-03	8.00e-06	2.40e-07	0.00e+00	0.00e+00	0.00e+00	0.00e+00
 1.26760e+23	9.94e-01	6.05e-03	7.59e-06	2.19e-07	0.00e+00	0.00e+00	0.00e+00	0.00e+00
 1.30208e+23	9.94e-01	5.76e-03	7.19e-06	2.00e-07	0.00e+00	0.00e+00	0.00e+00	0.00e+00
 1.33886e+23	9.95e-01	5.47e-03	6.80e-06	1.81e-07	0.00e+00	0.00e+00	0.00e+00	0.00e+00
 1.37800e+23	9.95e-01	5.19e-03	6.43e-06	1.64e-07	0.00e+00	0.00e+00	0.00e+00	0.00e+00
 1.41989e+23	9.95e-01	4.92e-03	6.06e-06	1.48e-07	0.00e+00	0.00e+00	0.00e+00	0.00e+00
 1.46488e+23	9.95e-01	4.66e-03	5.71e-06	1.34e-07	0.00e+00	0.00e+00	0.00e+00	0.00e+00
 1.51374e+23	9.96e-01	4.40e-03	5.36e-06	0.00e+00	0.00e+00	0.00e+00	0.00e+00	0.00e+00
 1.56584e+23	9.96e-01	4.16e-03	5.04e-06	0.00e+00	0.00e+00	0.00e+00	0.00e+00	0.00e+00
 1.61929e+23	9.96e-01	3.93e-03	4.73e-06	0.00e+00	0.00e+00	0.00e+00	0.00e+00	0.00e+00
 1.67374e+23	9.96e-01	3.72e-03	4.46e-06	0.00e+00	0.00e+00	0.00e+00	0.00e+00	0.00e+00
 1.72985e+23	9.96e-01	3.53e-03	4.21e-06	0.00e+00	0.00e+00	0.00e+00	0.00e+00	0.00e+00
 1.78805e+23	9.97e-01	3.36e-03	3.98e-06	0.00e+00	0.00e+00	0.00e+00	0.00e+00	0.00e+00
 1.84820e+23	9.97e-01	3.19e-03	3.76e-06	0.00e+00	0.00e+00	0.00e+00	0.00e+00	0.00e+00
 1.91008e+23	9.97e-01	3.04e-03	3.57e-06	0.00e+00	0.00e+00	0.00e+00	0.00e+00	0.00e+00
 1.97377e+23	9.97e-01	2.90e-03	3.39e-06	0.00e+00	0.00e+00	0.00e+00	0.00e+00	0.00e+00
 2.03952e+23	9.97e-01	2.77e-03	3.23e-06	0.00e+00	0.00e+00	0.00e+00	0.00e+00	0.00e+00
 2.10721e+23	9.97e-01	2.66e-03	3.08e-06	0.00e+00	0.00e+00	0.00e+00	0.00e+00	0.00e+00
 2.17676e+23	9.97e-01	2.55e-03	2.94e-06	0.00e+00	0.00e+00	0.00e+00	0.00e+00	0.00e+00
 2.24844e+23	9.98e-01	2.45e-03	2.81e-06	0.00e+00	0.00e+00	0.00e+00	0.00e+00	0.00e+00
 2.32206e+23	9.98e-01	2.36e-03	2.70e-06	0.00e+00	0.00e+00	0.00e+00	0.00e+00	0.00e+00
 2.39406e+23	9.98e-01	2.28e-03	2.60e-06	0.00e+00	0.00e+00	0.00e+00	0.00e+00	0.00e+00
 2.46013e+23	9.98e-01	2.21e-03	2.51e-06	0.00e+00	0.00e+00	0.00e+00	0.00e+00	0.00e+00
 2.51960e+23	9.98e-01	2.15e-03	2.44e-06	0.00e+00	0.00e+00	0.00e+00	0.00e+00	0.00e+00
 2.57312e+23	9.98e-01	2.10e-03	2.38e-06	0.00e+00	0.00e+00	0.00e+00	0.00e+00	0.00e+00
 2.62129e+23	9.98e-01	2.06e-03	2.33e-06	0.00e+00	0.00e+00	0.00e+00	0.00e+00	0.00e+00
 2.66465e+23	9.98e-01	2.03e-03	2.29e-06	0.00e+00	0.00e+00	0.00e+00	0.00e+00	0.00e+00
 2.70366e+23	9.98e-01	2.00e-03	2.26e-06	0.00e+00	0.00e+00	0.00e+00	0.00e+00	0.00e+00
 2.73878e+23	9.98e-01	1.98e-03	2.23e-06	0.00e+00	0.00e+00	0.00e+00	0.00e+00	0.00e+00
 2.77069e+23	9.98e-01	1.96e-03	2.20e-06	0.00e+00	0.00e+00	0.00e+00	0.00e+00	0.00e+00
 2.80123e+23	9.98e-01	1.94e-03	2.18e-06	0.00e+00	0.00e+00	0.00e+00	0.00e+00	0.00e+00
 2.83178e+23	9.98e-01	1.93e-03	2.16e-06	0.00e+00	0.00e+00	0.00e+00	0.00e+00	0.00e+00
 2.86233e+23	9.98e-01	1.91e-03	2.14e-06	0.00e+00	0.00e+00	0.00e+00	0.00e+00	0.00e+00
 2.89288e+23	9.98e-01	1.90e-03	2.12e-06	0.00e+00	0.00e+00	0.00e+00	0.00e+00	0.00e+00
 2.92343e+23	9.98e-01	1.88e-03	2.11e-06	0.00e+00	0.00e+00	0.00e+00	0.00e+00	0.00e+00
 2.95397e+23	9.98e-01	1.87e-03	2.09e-06	0.00e+00	0.00e+00	0.00e+00	0.00e+00	0.00e+00
 2.98452e+23	9.98e-01	1.86e-03	2.07e-06	0.00e+00	0.00e+00	0.00e+00	0.00e+00	0.00e+00
 3.01507e+23	9.98e-01	1.84e-03	2.06e-06	0.00e+00	0.00e+00	0.00e+00	0.00e+00	0.00e+00
 3.04258e+23	9.98e-01	1.83e-03	2.04e-06	0.00e+00	0.00e+00	0.00e+00	0.00e+00	0.00e+00
