#depth	He	He+	He+2
 6.17135e+19	1.08e-08	9.19e-04	9.99e-01
 1.87609e+20	1.32e-08	1.02e-03	9.99e-01
 3.17804e+20	1.61e-08	1.12e-03	9.99e-01
 4.53207e+20	1.96e-08	1.24e-03	9.99e-01
 5.55809e+20	2.27e-08	1.34e-03	9.99e-01
 6.10226e+20	2.45e-08	1.39e-03	9.99e-01
 6.58997e+20	2.61e-08	1.43e-03	9.99e-01
 7.22400e+20	2.84e-08	1.49e-03	9.99e-01
 8.04824e+20	3.16e-08	1.58e-03	9.98e-01
 8.95350e+20	3.55e-08	1.67e-03	9.98e-01
 9.78714e+20	3.92e-08	1.76e-03	9.98e-01
 1.06939e+21	4.39e-08	1.86e-03	9.98e-01
 1.16982e+21	4.93e-08	1.97e-03	9.98e-01
 1.26305e+21	5.49e-08	2.08e-03	9.98e-01
 1.36436e+21	6.14e-08	2.20e-03	9.98e-01
 1.47659e+21	6.93e-08	2.34e-03	9.98e-01
 1.58069e+21	7.74e-08	2.48e-03	9.98e-01
 1.69366e+21	8.69e-08	2.63e-03	9.97e-01
 1.81921e+21	9.85e-08	2.80e-03	9.97e-01
 1.93633e+21	1.10e-07	2.96e-03	9.97e-01
 2.06381e+21	1.24e-07	3.15e-03	9.97e-01
 2.20515e+21	1.42e-07	3.36e-03	9.97e-01
 2.33732e+21	1.59e-07	3.57e-03	9.96e-01
 2.48196e+21	1.81e-07	3.81e-03	9.96e-01
 2.64373e+21	2.07e-07	4.08e-03	9.96e-01
 2.78512e+21	2.33e-07	4.33e-03	9.96e-01
 2.90414e+21	2.56e-07	4.55e-03	9.95e-01
 3.03675e+21	2.85e-07	4.80e-03	9.95e-01
 3.20914e+21	3.25e-07	5.13e-03	9.95e-01
 3.39178e+21	3.72e-07	5.51e-03	9.94e-01
 3.55078e+21	4.17e-07	5.84e-03	9.94e-01
 3.69316e+21	4.63e-07	6.16e-03	9.94e-01
 3.85091e+21	5.17e-07	6.52e-03	9.93e-01
 4.05598e+21	5.94e-07	7.00e-03	9.93e-01
 4.26517e+21	6.83e-07	7.53e-03	9.92e-01
 4.42986e+21	7.59e-07	7.95e-03	9.92e-01
 4.59412e+21	8.43e-07	8.40e-03	9.92e-01
 4.80766e+21	9.63e-07	9.00e-03	9.91e-01
 5.02972e+21	1.10e-06	9.66e-03	9.90e-01
 5.21622e+21	1.23e-06	1.02e-02	9.90e-01
 5.41202e+21	1.38e-06	1.09e-02	9.89e-01
 5.66657e+21	1.60e-06	1.18e-02	9.88e-01
 5.92794e+21	1.85e-06	1.27e-02	9.87e-01
 6.14340e+21	2.08e-06	1.35e-02	9.86e-01
 6.36871e+21	2.35e-06	1.44e-02	9.86e-01
 6.66162e+21	2.75e-06	1.57e-02	9.84e-01
 6.96601e+21	3.22e-06	1.71e-02	9.83e-01
 7.22066e+21	3.66e-06	1.84e-02	9.82e-01
 7.48701e+21	4.19e-06	1.98e-02	9.80e-01
 7.75816e+21	4.79e-06	2.13e-02	9.79e-01
 7.97602e+21	5.31e-06	2.26e-02	9.77e-01
 8.19972e+21	5.93e-06	2.41e-02	9.76e-01
 8.49052e+21	6.82e-06	2.61e-02	9.74e-01
 8.80790e+21	7.92e-06	2.85e-02	9.72e-01
 9.09438e+21	9.06e-06	3.08e-02	9.69e-01
 9.36102e+21	1.02e-05	3.32e-02	9.67e-01
 9.61725e+21	1.15e-05	3.56e-02	9.64e-01
 9.86014e+21	1.29e-05	3.82e-02	9.62e-01
 1.01358e+22	1.46e-05	4.14e-02	9.59e-01
 1.04355e+22	1.68e-05	4.51e-02	9.55e-01
 1.07056e+22	1.88e-05	4.87e-02	9.51e-01
 1.09957e+22	2.16e-05	5.32e-02	9.47e-01
 1.13120e+22	2.48e-05	5.84e-02	9.42e-01
 1.16141e+22	2.83e-05	6.41e-02	9.36e-01
 1.19112e+22	3.25e-05	7.06e-02	9.29e-01
 1.22031e+22	3.69e-05	7.75e-02	9.22e-01
 1.25352e+22	4.29e-05	8.67e-02	9.13e-01
 1.28859e+22	5.07e-05	9.83e-02	9.02e-01
 1.31824e+22	5.77e-05	1.09e-01	8.91e-01
 1.34492e+22	6.56e-05	1.21e-01	8.79e-01
 1.37110e+22	7.44e-05	1.34e-01	8.66e-01
 1.39663e+22	8.46e-05	1.49e-01	8.51e-01
 1.42193e+22	9.58e-05	1.66e-01	8.34e-01
 1.44550e+22	1.08e-04	1.85e-01	8.15e-01
 1.46597e+22	1.21e-04	2.03e-01	7.97e-01
 1.48498e+22	1.34e-04	2.22e-01	7.77e-01
 1.50683e+22	1.51e-04	2.47e-01	7.52e-01
 1.53026e+22	1.72e-04	2.78e-01	7.22e-01
 1.55059e+22	1.92e-04	3.07e-01	6.92e-01
 1.56887e+22	2.12e-04	3.37e-01	6.63e-01
 1.58964e+22	2.37e-04	3.73e-01	6.26e-01
 1.61242e+22	2.68e-04	4.17e-01	5.83e-01
 1.63295e+22	3.00e-04	4.59e-01	5.41e-01
 1.65172e+22	3.31e-04	4.99e-01	5.01e-01
 1.67303e+22	3.69e-04	5.45e-01	4.55e-01
 1.69624e+22	4.12e-04	5.94e-01	4.05e-01
 1.71681e+22	4.52e-04	6.37e-01	3.63e-01
 1.73519e+22	4.89e-04	6.73e-01	3.27e-01
 1.75584e+22	5.32e-04	7.10e-01	2.89e-01
 1.77861e+22	5.79e-04	7.47e-01	2.53e-01
 1.79968e+22	6.23e-04	7.77e-01	2.22e-01
 1.82261e+22	6.72e-04	8.06e-01	1.93e-01
 1.84807e+22	7.25e-04	8.34e-01	1.66e-01
 1.87236e+22	7.76e-04	8.56e-01	1.43e-01
 1.89771e+22	8.28e-04	8.75e-01	1.24e-01
 1.92671e+22	8.88e-04	8.94e-01	1.05e-01
 1.95845e+22	9.54e-04	9.10e-01	8.91e-02
 1.99181e+22	1.02e-03	9.24e-01	7.53e-02
 2.02754e+22	1.10e-03	9.35e-01	6.35e-02
 2.06744e+22	1.18e-03	9.46e-01	5.31e-02
 2.11345e+22	1.28e-03	9.55e-01	4.38e-02
 2.16264e+22	1.38e-03	9.62e-01	3.63e-02
 2.21141e+22	1.49e-03	9.68e-01	3.05e-02
 2.26747e+22	1.61e-03	9.73e-01	2.53e-02
 2.33074e+22	1.76e-03	9.77e-01	2.09e-02
 2.39241e+22	1.92e-03	9.80e-01	1.76e-02
 2.46161e+22	2.11e-03	9.83e-01	1.47e-02
 2.53004e+22	2.32e-03	9.85e-01	1.26e-02
 2.57615e+22	2.47e-03	9.86e-01	1.14e-02
 2.60725e+22	2.58e-03	9.87e-01	1.07e-02
 2.64015e+22	2.70e-03	9.87e-01	1.00e-02
 2.68292e+22	2.88e-03	9.88e-01	9.20e-03
 2.72649e+22	3.07e-03	9.88e-01	8.48e-03
 2.76054e+22	3.23e-03	9.89e-01	8.00e-03
 2.78835e+22	3.38e-03	9.89e-01	7.62e-03
 2.81861e+22	3.54e-03	9.89e-01	7.25e-03
 2.85109e+22	3.74e-03	9.89e-01	6.87e-03
 2.87873e+22	3.93e-03	9.89e-01	6.57e-03
 2.90196e+22	4.11e-03	9.90e-01	6.34e-03
 2.92721e+22	4.32e-03	9.90e-01	6.10e-03
 2.95391e+22	4.55e-03	9.90e-01	5.86e-03
 2.97609e+22	4.76e-03	9.90e-01	5.68e-03
 2.99470e+22	4.96e-03	9.90e-01	5.53e-03
 3.01507e+22	5.19e-03	9.89e-01	5.37e-03
 3.03682e+22	5.46e-03	9.89e-01	5.21e-03
 3.05517e+22	5.72e-03	9.89e-01	5.08e-03
 3.07061e+22	5.95e-03	9.89e-01	4.98e-03
 3.08744e+22	6.24e-03	9.89e-01	4.86e-03
 3.10550e+22	6.57e-03	9.89e-01	4.75e-03
 3.12086e+22	6.88e-03	9.88e-01	4.65e-03
 3.13385e+22	7.17e-03	9.88e-01	4.58e-03
 3.14806e+22	7.53e-03	9.88e-01	4.49e-03
 3.16337e+22	7.95e-03	9.88e-01	4.40e-03
 3.17648e+22	8.34e-03	9.87e-01	4.33e-03
 3.18763e+22	8.71e-03	9.87e-01	4.27e-03
 3.19982e+22	9.17e-03	9.87e-01	4.20e-03
 3.21309e+22	9.71e-03	9.86e-01	4.13e-03
 3.22464e+22	1.02e-02	9.86e-01	4.07e-03
 3.23452e+22	1.08e-02	9.85e-01	4.02e-03
 3.24535e+22	1.14e-02	9.85e-01	3.97e-03
 3.25731e+22	1.22e-02	9.84e-01	3.91e-03
 3.26802e+22	1.30e-02	9.83e-01	3.86e-03
 3.27671e+22	1.37e-02	9.82e-01	3.82e-03
 3.28429e+22	1.44e-02	9.82e-01	3.78e-03
 3.29292e+22	1.54e-02	9.81e-01	3.74e-03
 3.30415e+22	1.68e-02	9.79e-01	3.69e-03
 3.31524e+22	1.84e-02	9.78e-01	3.65e-03
 3.32319e+22	1.99e-02	9.77e-01	3.62e-03
 3.32927e+22	2.11e-02	9.75e-01	3.61e-03
 3.33590e+22	2.27e-02	9.74e-01	3.58e-03
 3.34453e+22	2.51e-02	9.71e-01	3.55e-03
 3.35261e+22	2.77e-02	9.69e-01	3.55e-03
 3.35785e+22	2.98e-02	9.67e-01	3.54e-03
 3.36173e+22	3.15e-02	9.65e-01	3.54e-03
 3.36595e+22	3.36e-02	9.63e-01	3.54e-03
 3.37144e+22	3.68e-02	9.60e-01	3.54e-03
 3.37692e+22	4.03e-02	9.56e-01	3.56e-03
 3.38096e+22	4.34e-02	9.53e-01	3.58e-03
 3.38417e+22	4.63e-02	9.50e-01	3.59e-03
 3.38771e+22	4.98e-02	9.47e-01	3.61e-03
 3.39232e+22	5.49e-02	9.41e-01	3.64e-03
 3.39688e+22	6.04e-02	9.36e-01	3.70e-03
 3.40024e+22	6.54e-02	9.31e-01	3.74e-03
 3.40250e+22	6.90e-02	9.27e-01	3.77e-03
 3.40415e+22	7.19e-02	9.24e-01	3.79e-03
 3.40598e+22	7.56e-02	9.21e-01	3.80e-03
 3.40817e+22	7.98e-02	9.16e-01	3.84e-03
 3.41055e+22	8.50e-02	9.11e-01	3.88e-03
 3.41286e+22	9.04e-02	9.06e-01	3.92e-03
 3.41496e+22	9.56e-02	9.00e-01	3.97e-03
 3.41703e+22	1.01e-01	8.95e-01	4.01e-03
 3.41929e+22	1.08e-01	8.88e-01	4.07e-03
 3.42167e+22	1.15e-01	8.81e-01	4.13e-03
 3.42402e+22	1.23e-01	8.73e-01	4.20e-03
 3.42633e+22	1.32e-01	8.64e-01	4.27e-03
 3.42876e+22	1.41e-01	8.54e-01	4.36e-03
 3.43133e+22	1.52e-01	8.43e-01	4.45e-03
 3.43388e+22	1.64e-01	8.31e-01	4.56e-03
 3.43623e+22	1.76e-01	8.19e-01	4.67e-03
 3.43797e+22	1.85e-01	8.10e-01	4.75e-03
 3.43917e+22	1.92e-01	8.03e-01	4.77e-03
 3.44043e+22	2.01e-01	7.94e-01	4.79e-03
 3.44201e+22	2.11e-01	7.84e-01	4.84e-03
 3.44364e+22	2.21e-01	7.74e-01	4.92e-03
 3.44505e+22	2.30e-01	7.65e-01	4.99e-03
 3.44630e+22	2.40e-01	7.55e-01	5.03e-03
 3.44765e+22	2.50e-01	7.45e-01	5.07e-03
 3.44911e+22	2.62e-01	7.33e-01	5.14e-03
 3.45053e+22	2.72e-01	7.22e-01	5.22e-03
 3.45182e+22	2.84e-01	7.11e-01	5.26e-03
 3.45310e+22	2.95e-01	7.00e-01	5.31e-03
 3.45446e+22	3.07e-01	6.88e-01	5.37e-03
 3.45588e+22	3.20e-01	6.74e-01	5.42e-03
 3.45719e+22	3.32e-01	6.62e-01	5.49e-03
 3.45843e+22	3.45e-01	6.50e-01	5.52e-03
 3.45973e+22	3.58e-01	6.36e-01	5.56e-03
 3.46111e+22	3.73e-01	6.22e-01	5.60e-03
 3.46246e+22	3.87e-01	6.08e-01	5.66e-03
 3.46374e+22	4.01e-01	5.94e-01	5.69e-03
 3.46502e+22	4.16e-01	5.79e-01	5.70e-03
 3.46636e+22	4.31e-01	5.63e-01	5.72e-03
 3.46772e+22	4.47e-01	5.47e-01	5.75e-03
 3.46903e+22	4.63e-01	5.32e-01	5.76e-03
 3.47031e+22	4.78e-01	5.16e-01	5.75e-03
 3.47165e+22	4.96e-01	4.99e-01	5.73e-03
 3.47303e+22	5.13e-01	4.82e-01	5.72e-03
 3.47436e+22	5.29e-01	4.65e-01	5.69e-03
 3.47563e+22	5.46e-01	4.48e-01	5.64e-03
 3.47694e+22	5.63e-01	4.31e-01	5.58e-03
 3.47828e+22	5.80e-01	4.14e-01	5.52e-03
 3.47960e+22	5.97e-01	3.97e-01	5.45e-03
 3.48088e+22	6.14e-01	3.81e-01	5.36e-03
 3.48218e+22	6.30e-01	3.65e-01	5.26e-03
 3.48352e+22	6.47e-01	3.48e-01	5.16e-03
 3.48486e+22	6.63e-01	3.32e-01	5.05e-03
 3.48620e+22	6.79e-01	3.16e-01	4.93e-03
 3.48755e+22	6.95e-01	3.00e-01	4.79e-03
 3.48895e+22	7.11e-01	2.85e-01	4.64e-03
 3.49039e+22	7.26e-01	2.69e-01	4.49e-03
 3.49184e+22	7.41e-01	2.54e-01	4.32e-03
 3.49333e+22	7.56e-01	2.40e-01	4.15e-03
 3.49490e+22	7.70e-01	2.26e-01	3.98e-03
 3.49649e+22	7.84e-01	2.12e-01	3.81e-03
 3.49808e+22	7.97e-01	2.00e-01	3.63e-03
 3.49962e+22	8.08e-01	1.88e-01	3.46e-03
 3.50108e+22	8.18e-01	1.79e-01	3.31e-03
 3.50256e+22	8.28e-01	1.69e-01	3.15e-03
 3.50410e+22	8.36e-01	1.61e-01	3.02e-03
 3.50572e+22	8.45e-01	1.53e-01	2.88e-03
 3.50745e+22	8.52e-01	1.45e-01	2.76e-03
 3.50925e+22	8.59e-01	1.38e-01	2.64e-03
 3.51110e+22	8.65e-01	1.32e-01	2.53e-03
 3.51309e+22	8.71e-01	1.26e-01	2.42e-03
 3.51537e+22	8.77e-01	1.21e-01	2.33e-03
 3.51793e+22	8.82e-01	1.16e-01	2.24e-03
 3.52080e+22	8.86e-01	1.11e-01	2.15e-03
 3.52395e+22	8.90e-01	1.08e-01	2.08e-03
 3.52741e+22	8.94e-01	1.04e-01	2.01e-03
 3.53107e+22	8.96e-01	1.02e-01	1.96e-03
 3.53472e+22	8.98e-01	9.98e-02	1.91e-03
 3.53892e+22	9.00e-01	9.80e-02	1.86e-03
 3.54438e+22	9.02e-01	9.65e-02	1.83e-03
 3.55148e+22	9.03e-01	9.50e-02	1.79e-03
 3.56070e+22	9.05e-01	9.34e-02	1.73e-03
 3.57192e+22	9.06e-01	9.19e-02	1.68e-03
 3.58338e+22	9.08e-01	9.05e-02	1.63e-03
 3.59381e+22	9.09e-01	8.93e-02	1.58e-03
 3.60330e+22	9.10e-01	8.81e-02	1.54e-03
 3.61193e+22	9.11e-01	8.71e-02	1.50e-03
 3.61979e+22	9.12e-01	8.62e-02	1.47e-03
 3.62840e+22	9.13e-01	8.52e-02	1.43e-03
 3.63770e+22	9.14e-01	8.42e-02	1.40e-03
 3.64616e+22	9.15e-01	8.33e-02	1.37e-03
 3.65543e+22	9.16e-01	8.22e-02	1.33e-03
 3.66544e+22	9.18e-01	8.11e-02	1.29e-03
 3.67455e+22	9.19e-01	8.02e-02	1.26e-03
 3.68283e+22	9.19e-01	7.93e-02	1.23e-03
 3.69038e+22	9.20e-01	7.85e-02	1.21e-03
 3.69864e+22	9.21e-01	7.76e-02	1.18e-03
 3.70756e+22	9.22e-01	7.67e-02	1.15e-03
 3.71568e+22	9.23e-01	7.59e-02	1.12e-03
 3.72458e+22	9.24e-01	7.50e-02	1.10e-03
 3.73418e+22	9.25e-01	7.41e-02	1.07e-03
 3.74292e+22	9.26e-01	7.34e-02	1.05e-03
 3.75250e+22	9.26e-01	7.25e-02	1.02e-03
 3.76495e+22	9.28e-01	7.14e-02	9.90e-04
 3.77839e+22	9.29e-01	7.03e-02	9.58e-04
 3.79063e+22	9.30e-01	6.93e-02	9.30e-04
 3.80176e+22	9.31e-01	6.84e-02	9.07e-04
 3.81189e+22	9.32e-01	6.76e-02	8.84e-04
 3.82111e+22	9.32e-01	6.69e-02	8.64e-04
 3.83121e+22	9.33e-01	6.60e-02	8.43e-04
 3.84211e+22	9.34e-01	6.52e-02	8.21e-04
 3.85203e+22	9.35e-01	6.45e-02	8.02e-04
 3.86291e+22	9.36e-01	6.37e-02	7.81e-04
 3.87465e+22	9.36e-01	6.28e-02	7.60e-04
 3.88533e+22	9.37e-01	6.20e-02	7.40e-04
 3.89505e+22	9.38e-01	6.13e-02	7.23e-04
 3.90390e+22	9.39e-01	6.07e-02	7.08e-04
 3.91359e+22	9.39e-01	6.00e-02	6.90e-04
 3.92406e+22	9.40e-01	5.92e-02	6.73e-04
 3.93358e+22	9.41e-01	5.86e-02	6.59e-04
 3.94402e+22	9.42e-01	5.79e-02	6.42e-04
 3.95528e+22	9.42e-01	5.71e-02	6.25e-04
 3.96553e+22	9.43e-01	5.65e-02	6.11e-04
 3.97486e+22	9.44e-01	5.59e-02	5.98e-04
 3.98509e+22	9.44e-01	5.52e-02	5.83e-04
 3.99612e+22	9.45e-01	5.45e-02	5.68e-04
 4.00617e+22	9.46e-01	5.39e-02	5.56e-04
 4.01717e+22	9.46e-01	5.32e-02	5.42e-04
 4.02905e+22	9.47e-01	5.25e-02	5.28e-04
 4.03987e+22	9.48e-01	5.19e-02	5.15e-04
 4.04971e+22	9.48e-01	5.14e-02	5.05e-04
 4.06049e+22	9.49e-01	5.07e-02	4.92e-04
 4.07213e+22	9.49e-01	5.01e-02	4.79e-04
 4.08272e+22	9.50e-01	4.96e-02	4.69e-04
 4.09433e+22	9.51e-01	4.90e-02	4.58e-04
 4.10941e+22	9.51e-01	4.82e-02	4.44e-04
 4.12570e+22	9.52e-01	4.74e-02	4.30e-04
 4.14053e+22	9.53e-01	4.68e-02	4.18e-04
 4.15402e+22	9.53e-01	4.62e-02	4.07e-04
 4.16880e+22	9.54e-01	4.55e-02	3.95e-04
 4.18476e+22	9.55e-01	4.48e-02	3.83e-04
 4.19928e+22	9.55e-01	4.42e-02	3.73e-04
 4.21249e+22	9.56e-01	4.37e-02	3.64e-04
 4.22697e+22	9.57e-01	4.31e-02	3.54e-04
 4.24261e+22	9.57e-01	4.25e-02	3.43e-04
 4.25683e+22	9.58e-01	4.19e-02	3.35e-04
 4.27242e+22	9.58e-01	4.13e-02	3.25e-04
 4.28925e+22	9.59e-01	4.07e-02	3.15e-04
 4.30457e+22	9.60e-01	4.01e-02	3.07e-04
 4.32135e+22	9.60e-01	3.96e-02	2.98e-04
 4.33946e+22	9.61e-01	3.89e-02	2.88e-04
 4.35595e+22	9.61e-01	3.84e-02	2.80e-04
 4.37095e+22	9.62e-01	3.79e-02	2.73e-04
 4.38739e+22	9.62e-01	3.74e-02	2.65e-04
 4.40514e+22	9.63e-01	3.68e-02	2.57e-04
 4.42129e+22	9.63e-01	3.63e-02	2.51e-04
 4.43899e+22	9.64e-01	3.58e-02	2.43e-04
 4.45810e+22	9.65e-01	3.52e-02	2.36e-04
 4.47549e+22	9.65e-01	3.47e-02	2.29e-04
 4.49131e+22	9.65e-01	3.43e-02	2.24e-04
 4.50865e+22	9.66e-01	3.38e-02	2.17e-04
 4.53119e+22	9.67e-01	3.32e-02	2.09e-04
 4.55552e+22	9.67e-01	3.26e-02	2.01e-04
 4.57766e+22	9.68e-01	3.20e-02	1.95e-04
 4.59781e+22	9.68e-01	3.15e-02	1.89e-04
 4.61615e+22	9.69e-01	3.11e-02	1.84e-04
 4.63624e+22	9.69e-01	3.07e-02	1.78e-04
 4.66236e+22	9.70e-01	3.00e-02	1.71e-04
 4.69056e+22	9.70e-01	2.94e-02	1.65e-04
 4.71623e+22	9.71e-01	2.89e-02	1.59e-04
 4.73958e+22	9.71e-01	2.84e-02	1.54e-04
 4.76083e+22	9.72e-01	2.81e-02	1.49e-04
 4.78412e+22	9.72e-01	2.76e-02	1.44e-04
 4.80926e+22	9.73e-01	2.71e-02	1.40e-04
 4.83213e+22	9.73e-01	2.67e-02	1.36e-04
 4.85720e+22	9.74e-01	2.63e-02	1.31e-04
 4.88427e+22	9.74e-01	2.58e-02	1.26e-04
 4.90889e+22	9.74e-01	2.54e-02	1.23e-04
 4.93588e+22	9.75e-01	2.50e-02	1.18e-04
 4.96502e+22	9.75e-01	2.45e-02	1.14e-04
 4.99153e+22	9.76e-01	2.41e-02	1.10e-04
 5.02058e+22	9.76e-01	2.37e-02	1.06e-04
 5.05195e+22	9.77e-01	2.32e-02	1.02e-04
 5.08049e+22	9.77e-01	2.28e-02	9.88e-05
 5.10646e+22	9.77e-01	2.25e-02	9.61e-05
 5.13492e+22	9.78e-01	2.21e-02	9.27e-05
 5.16565e+22	9.78e-01	2.17e-02	8.96e-05
 5.19932e+22	9.79e-01	2.13e-02	8.62e-05
 5.23567e+22	9.79e-01	2.09e-02	8.28e-05
 5.26874e+22	9.79e-01	2.05e-02	7.99e-05
 5.29884e+22	9.80e-01	2.02e-02	7.72e-05
 5.33183e+22	9.80e-01	1.98e-02	7.47e-05
 5.37471e+22	9.81e-01	1.93e-02	7.11e-05
 5.42100e+22	9.81e-01	1.89e-02	6.78e-05
 5.46312e+22	9.81e-01	1.85e-02	6.50e-05
 5.50146e+22	9.82e-01	1.81e-02	6.24e-05
 5.53634e+22	9.82e-01	1.78e-02	6.03e-05
 5.56809e+22	9.82e-01	1.75e-02	5.85e-05
 5.60287e+22	9.83e-01	1.73e-02	5.65e-05
 5.64809e+22	9.83e-01	1.69e-02	5.40e-05
 5.69691e+22	9.83e-01	1.65e-02	5.17e-05
 5.74134e+22	9.84e-01	1.62e-02	4.96e-05
 5.78177e+22	9.84e-01	1.59e-02	4.78e-05
 5.82607e+22	9.84e-01	1.56e-02	4.59e-05
 5.87389e+22	9.85e-01	1.52e-02	4.41e-05
 5.92630e+22	9.85e-01	1.49e-02	4.21e-05
 5.98288e+22	9.85e-01	1.45e-02	4.01e-05
 6.03436e+22	9.86e-01	1.42e-02	3.83e-05
 6.08122e+22	9.86e-01	1.39e-02	3.69e-05
 6.12385e+22	9.86e-01	1.37e-02	3.57e-05
 6.17057e+22	9.87e-01	1.34e-02	3.43e-05
 6.23131e+22	9.87e-01	1.31e-02	3.26e-05
 6.31027e+22	9.87e-01	1.27e-02	3.07e-05
 6.39948e+22	9.88e-01	1.23e-02	2.87e-05
 6.48487e+22	9.88e-01	1.19e-02	2.69e-05
 6.56528e+22	9.88e-01	1.15e-02	2.53e-05
 6.64610e+22	9.89e-01	1.12e-02	2.39e-05
 6.73203e+22	9.89e-01	1.09e-02	2.25e-05
 6.82389e+22	9.89e-01	1.05e-02	2.11e-05
 6.91845e+22	9.90e-01	1.02e-02	1.98e-05
 7.01319e+22	9.90e-01	9.89e-03	1.86e-05
 7.10887e+22	9.90e-01	9.58e-03	1.75e-05
 7.20742e+22	9.91e-01	9.29e-03	1.64e-05
 7.30975e+22	9.91e-01	9.00e-03	1.54e-05
 7.41514e+22	9.91e-01	8.71e-03	1.44e-05
 7.52257e+22	9.92e-01	8.44e-03	1.35e-05
 7.63182e+22	9.92e-01	8.17e-03	1.27e-05
 7.74371e+22	9.92e-01	7.91e-03	1.19e-05
 7.85918e+22	9.92e-01	7.66e-03	1.12e-05
 7.97852e+22	9.93e-01	7.42e-03	1.05e-05
 8.10141e+22	9.93e-01	7.18e-03	9.81e-06
 8.22705e+22	9.93e-01	6.95e-03	9.19e-06
 8.35568e+22	9.93e-01	6.72e-03	8.61e-06
 8.48818e+22	9.93e-01	6.50e-03	8.06e-06
 8.62482e+22	9.94e-01	6.29e-03	7.55e-06
 8.76799e+22	9.94e-01	6.09e-03	7.06e-06
 8.91893e+22	9.94e-01	5.88e-03	6.59e-06
 9.07472e+22	9.94e-01	5.68e-03	6.15e-06
 9.23406e+22	9.95e-01	5.49e-03	5.74e-06
 9.39812e+22	9.95e-01	5.30e-03	5.36e-06
 9.56813e+22	9.95e-01	5.12e-03	5.00e-06
 9.74508e+22	9.95e-01	4.94e-03	4.66e-06
 9.92933e+22	9.95e-01	4.77e-03	4.34e-06
 1.01213e+23	9.95e-01	4.60e-03	4.04e-06
 1.03220e+23	9.96e-01	4.44e-03	3.76e-06
 1.05337e+23	9.96e-01	4.28e-03	3.49e-06
 1.07587e+23	9.96e-01	4.12e-03	3.24e-06
 1.09945e+23	9.96e-01	3.96e-03	3.00e-06
 1.12399e+23	9.96e-01	3.81e-03	2.78e-06
 1.14963e+23	9.96e-01	3.67e-03	2.57e-06
 1.17667e+23	9.96e-01	3.53e-03	2.38e-06
 1.20522e+23	9.97e-01	3.39e-03	2.20e-06
 1.23541e+23	9.97e-01	3.26e-03	2.03e-06
 1.26760e+23	9.97e-01	3.13e-03	1.87e-06
 1.30208e+23	9.97e-01	3.00e-03	1.72e-06
 1.33886e+23	9.97e-01	2.87e-03	1.58e-06
 1.37800e+23	9.97e-01	2.75e-03	1.45e-06
 1.41989e+23	9.97e-01	2.63e-03	1.33e-06
 1.46488e+23	9.97e-01	2.52e-03	1.21e-06
 1.51374e+23	9.98e-01	2.41e-03	1.11e-06
 1.56584e+23	9.98e-01	2.30e-03	1.01e-06
 1.61929e+23	9.98e-01	2.20e-03	9.27e-07
 1.67374e+23	9.98e-01	2.11e-03	8.53e-07
 1.72985e+23	9.98e-01	2.03e-03	7.87e-07
 1.78805e+23	9.98e-01	1.95e-03	7.27e-07
 1.84820e+23	9.98e-01	1.88e-03	6.74e-07
 1.91008e+23	9.98e-01	1.81e-03	6.27e-07
 1.97377e+23	9.98e-01	1.75e-03	5.85e-07
 2.03952e+23	9.98e-01	1.69e-03	5.48e-07
 2.10721e+23	9.98e-01	1.64e-03	5.14e-07
 2.17676e+23	9.98e-01	1.59e-03	4.84e-07
 2.24844e+23	9.98e-01	1.55e-03	4.58e-07
 2.32206e+23	9.98e-01	1.51e-03	4.34e-07
 2.39406e+23	9.99e-01	1.47e-03	4.13e-07
 2.46013e+23	9.99e-01	1.44e-03	3.95e-07
 2.51960e+23	9.99e-01	1.41e-03	3.81e-07
 2.57312e+23	9.99e-01	1.39e-03	3.70e-07
 2.62129e+23	9.99e-01	1.37e-03	3.60e-07
 2.66465e+23	9.99e-01	1.36e-03	3.53e-07
 2.70366e+23	9.99e-01	1.34e-03	3.46e-07
 2.73878e+23	9.99e-01	1.33e-03	3.41e-07
 2.77069e+23	9.99e-01	1.32e-03	3.36e-07
 2.80123e+23	9.99e-01	1.32e-03	3.32e-07
 2.83178e+23	9.99e-01	1.31e-03	3.29e-07
 2.86233e+23	9.99e-01	1.30e-03	3.25e-07
 2.89288e+23	9.99e-01	1.30e-03	3.22e-07
 2.92343e+23	9.99e-01	1.29e-03	3.19e-07
 2.95397e+23	9.99e-01	1.28e-03	3.16e-07
 2.98452e+23	9.99e-01	1.28e-03	3.13e-07
 3.01507e+23	9.99e-01	1.27e-03	3.10e-07
 3.04258e+23	9.99e-01	1.27e-03	3.07e-07
