#depth	H	H+	H2
 6.17135e+19	2.69e-06	1.00e+00	5.44e-25
 1.87609e+20	2.99e-06	1.00e+00	8.62e-25
 3.17804e+20	3.32e-06	1.00e+00	1.37e-24
 4.53207e+20	3.69e-06	1.00e+00	2.20e-24
 5.55809e+20	3.98e-06	1.00e+00	3.07e-24
 6.10226e+20	4.14e-06	1.00e+00	3.66e-24
 6.58997e+20	4.28e-06	1.00e+00	4.29e-24
 7.22400e+20	4.47e-06	1.00e+00	5.30e-24
 8.04824e+20	4.73e-06	1.00e+00	6.92e-24
 8.95350e+20	5.03e-06	1.00e+00	9.20e-24
 9.78714e+20	5.30e-06	1.00e+00	1.19e-23
 1.06939e+21	5.61e-06	1.00e+00	1.57e-23
 1.16982e+21	5.97e-06	1.00e+00	2.13e-23
 1.26305e+21	6.31e-06	1.00e+00	2.81e-23
 1.36436e+21	6.70e-06	1.00e+00	3.78e-23
 1.47659e+21	7.13e-06	1.00e+00	5.22e-23
 1.58069e+21	7.55e-06	1.00e+00	7.01e-23
 1.69366e+21	8.02e-06	1.00e+00	9.66e-23
 1.81921e+21	8.56e-06	1.00e+00	1.37e-22
 1.93633e+21	9.07e-06	1.00e+00	1.88e-22
 2.06381e+21	9.67e-06	1.00e+00	2.68e-22
 2.20515e+21	1.03e-05	1.00e+00	3.94e-22
 2.33732e+21	1.10e-05	1.00e+00	5.62e-22
 2.48196e+21	1.17e-05	1.00e+00	8.29e-22
 2.64373e+21	1.26e-05	1.00e+00	1.27e-21
 2.78512e+21	1.34e-05	1.00e+00	1.81e-21
 2.90414e+21	1.41e-05	1.00e+00	2.27e-21
 3.03675e+21	1.49e-05	1.00e+00	3.23e-21
 3.20914e+21	1.59e-05	1.00e+00	5.06e-21
 3.39178e+21	1.71e-05	1.00e+00	7.58e-21
 3.55078e+21	1.81e-05	1.00e+00	1.05e-20
 3.69316e+21	1.91e-05	1.00e+00	1.40e-20
 3.85091e+21	2.02e-05	1.00e+00	1.88e-20
 4.05598e+21	2.17e-05	1.00e+00	2.72e-20
 4.26517e+21	2.33e-05	1.00e+00	3.86e-20
 4.42986e+21	2.47e-05	1.00e+00	5.00e-20
 4.59412e+21	2.60e-05	1.00e+00	6.45e-20
 4.80766e+21	2.79e-05	1.00e+00	8.85e-20
 5.02972e+21	2.99e-05	1.00e+00	1.20e-19
 5.21622e+21	3.16e-05	1.00e+00	1.55e-19
 5.41202e+21	3.35e-05	1.00e+00	2.00e-19
 5.66657e+21	3.61e-05	1.00e+00	2.75e-19
 5.92794e+21	3.88e-05	1.00e+00	3.75e-19
 6.14340e+21	4.12e-05	1.00e+00	4.79e-19
 6.36871e+21	4.38e-05	1.00e+00	6.15e-19
 6.66162e+21	4.73e-05	1.00e+00	8.40e-19
 6.96601e+21	5.12e-05	1.00e+00	1.14e-18
 7.22066e+21	5.46e-05	1.00e+00	1.45e-18
 7.48701e+21	5.83e-05	1.00e+00	1.87e-18
 7.75816e+21	6.22e-05	1.00e+00	2.38e-18
 7.97602e+21	6.54e-05	1.00e+00	2.86e-18
 8.19972e+21	6.89e-05	1.00e+00	3.49e-18
 8.49052e+21	7.36e-05	1.00e+00	4.46e-18
 8.80790e+21	7.89e-05	1.00e+00	5.75e-18
 9.09438e+21	8.39e-05	1.00e+00	7.20e-18
 9.36102e+21	8.86e-05	1.00e+00	8.78e-18
 9.61725e+21	9.33e-05	1.00e+00	1.06e-17
 9.86014e+21	9.80e-05	1.00e+00	1.27e-17
 1.01358e+22	1.03e-04	1.00e+00	1.54e-17
 1.04355e+22	1.09e-04	1.00e+00	1.89e-17
 1.07056e+22	1.15e-04	1.00e+00	2.24e-17
 1.09957e+22	1.21e-04	1.00e+00	2.71e-17
 1.13120e+22	1.27e-04	1.00e+00	3.26e-17
 1.16141e+22	1.33e-04	1.00e+00	3.87e-17
 1.19112e+22	1.40e-04	1.00e+00	4.60e-17
 1.22031e+22	1.46e-04	1.00e+00	5.34e-17
 1.25352e+22	1.53e-04	1.00e+00	6.32e-17
 1.28859e+22	1.61e-04	1.00e+00	7.53e-17
 1.31824e+22	1.67e-04	1.00e+00	8.53e-17
 1.34492e+22	1.73e-04	1.00e+00	9.61e-17
 1.37110e+22	1.78e-04	1.00e+00	1.07e-16
 1.39663e+22	1.83e-04	1.00e+00	1.19e-16
 1.42193e+22	1.89e-04	1.00e+00	1.30e-16
 1.44550e+22	1.94e-04	1.00e+00	1.43e-16
 1.46597e+22	1.98e-04	1.00e+00	1.54e-16
 1.48498e+22	2.03e-04	1.00e+00	1.66e-16
 1.50683e+22	2.08e-04	1.00e+00	1.81e-16
 1.53026e+22	2.14e-04	1.00e+00	1.98e-16
 1.55059e+22	2.19e-04	1.00e+00	2.14e-16
 1.56887e+22	2.24e-04	1.00e+00	2.31e-16
 1.58964e+22	2.31e-04	1.00e+00	2.53e-16
 1.61242e+22	2.39e-04	1.00e+00	2.81e-16
 1.63295e+22	2.47e-04	1.00e+00	3.11e-16
 1.65172e+22	2.55e-04	1.00e+00	3.44e-16
 1.67303e+22	2.65e-04	1.00e+00	3.90e-16
 1.69624e+22	2.77e-04	1.00e+00	4.49e-16
 1.71681e+22	2.89e-04	1.00e+00	5.12e-16
 1.73519e+22	3.01e-04	1.00e+00	5.80e-16
 1.75584e+22	3.15e-04	1.00e+00	6.71e-16
 1.77861e+22	3.31e-04	1.00e+00	7.87e-16
 1.79968e+22	3.48e-04	1.00e+00	9.14e-16
 1.82261e+22	3.67e-04	1.00e+00	1.08e-15
 1.84807e+22	3.89e-04	1.00e+00	1.29e-15
 1.87236e+22	4.11e-04	1.00e+00	1.53e-15
 1.89771e+22	4.35e-04	1.00e+00	1.84e-15
 1.92671e+22	4.64e-04	1.00e+00	2.25e-15
 1.95845e+22	4.96e-04	1.00e+00	2.79e-15
 1.99181e+22	5.32e-04	9.99e-01	3.46e-15
 2.02754e+22	5.73e-04	9.99e-01	4.34e-15
 2.06744e+22	6.21e-04	9.99e-01	5.54e-15
 2.11345e+22	6.80e-04	9.99e-01	7.26e-15
 2.16264e+22	7.47e-04	9.99e-01	9.59e-15
 2.21141e+22	8.19e-04	9.99e-01	1.25e-14
 2.26747e+22	9.12e-04	9.99e-01	1.71e-14
 2.33074e+22	1.03e-03	9.99e-01	2.40e-14
 2.39241e+22	1.16e-03	9.99e-01	3.32e-14
 2.46161e+22	1.32e-03	9.99e-01	4.85e-14
 2.53004e+22	1.52e-03	9.98e-01	7.00e-14
 2.57615e+22	1.67e-03	9.98e-01	9.01e-14
 2.60725e+22	1.79e-03	9.98e-01	1.08e-13
 2.64015e+22	1.92e-03	9.98e-01	1.31e-13
 2.68292e+22	2.12e-03	9.98e-01	1.69e-13
 2.72649e+22	2.36e-03	9.98e-01	2.20e-13
 2.76054e+22	2.56e-03	9.97e-01	2.72e-13
 2.78835e+22	2.76e-03	9.97e-01	3.27e-13
 2.81861e+22	2.99e-03	9.97e-01	4.01e-13
 2.85109e+22	3.28e-03	9.97e-01	5.02e-13
 2.87873e+22	3.56e-03	9.96e-01	6.11e-13
 2.90196e+22	3.83e-03	9.96e-01	7.28e-13
 2.92721e+22	4.15e-03	9.96e-01	8.84e-13
 2.95391e+22	4.54e-03	9.95e-01	1.09e-12
 2.97609e+22	4.90e-03	9.95e-01	1.31e-12
 2.99470e+22	5.25e-03	9.95e-01	1.54e-12
 3.01507e+22	5.67e-03	9.94e-01	1.84e-12
 3.03682e+22	6.19e-03	9.94e-01	2.25e-12
 3.05517e+22	6.68e-03	9.93e-01	2.68e-12
 3.07061e+22	7.15e-03	9.93e-01	3.12e-12
 3.08744e+22	7.72e-03	9.92e-01	3.71e-12
 3.10550e+22	8.41e-03	9.92e-01	4.49e-12
 3.12086e+22	9.09e-03	9.91e-01	5.35e-12
 3.13385e+22	9.73e-03	9.90e-01	6.21e-12
 3.14806e+22	1.05e-02	9.89e-01	7.37e-12
 3.16337e+22	1.15e-02	9.89e-01	8.91e-12
 3.17648e+22	1.24e-02	9.88e-01	1.06e-11
 3.18763e+22	1.33e-02	9.87e-01	1.24e-11
 3.19982e+22	1.45e-02	9.86e-01	1.48e-11
 3.21309e+22	1.59e-02	9.84e-01	1.80e-11
 3.22464e+22	1.73e-02	9.83e-01	2.17e-11
 3.23452e+22	1.87e-02	9.81e-01	2.56e-11
 3.24535e+22	2.05e-02	9.80e-01	3.09e-11
 3.25731e+22	2.27e-02	9.77e-01	3.83e-11
 3.26802e+22	2.52e-02	9.75e-01	4.77e-11
 3.27671e+22	2.75e-02	9.72e-01	5.74e-11
 3.28429e+22	2.99e-02	9.70e-01	6.78e-11
 3.29292e+22	3.29e-02	9.67e-01	8.27e-11
 3.30415e+22	3.75e-02	9.63e-01	1.08e-10
 3.31524e+22	4.36e-02	9.56e-01	1.48e-10
 3.32319e+22	4.92e-02	9.51e-01	1.89e-10
 3.32927e+22	5.40e-02	9.46e-01	2.28e-10
 3.33590e+22	5.99e-02	9.40e-01	2.82e-10
 3.34453e+22	6.96e-02	9.30e-01	3.83e-10
 3.35261e+22	8.16e-02	9.18e-01	5.27e-10
 3.35785e+22	9.15e-02	9.09e-01	6.65e-10
 3.36173e+22	9.92e-02	9.01e-01	7.84e-10
 3.36595e+22	1.08e-01	8.92e-01	9.35e-10
 3.37144e+22	1.22e-01	8.78e-01	1.20e-09
 3.37692e+22	1.40e-01	8.60e-01	1.57e-09
 3.38096e+22	1.54e-01	8.46e-01	1.93e-09
 3.38417e+22	1.67e-01	8.33e-01	2.28e-09
 3.38771e+22	1.82e-01	8.18e-01	2.71e-09
 3.39232e+22	2.03e-01	7.97e-01	3.42e-09
 3.39688e+22	2.29e-01	7.71e-01	4.36e-09
 3.40024e+22	2.50e-01	7.50e-01	5.22e-09
 3.40250e+22	2.64e-01	7.36e-01	5.85e-09
 3.40415e+22	2.74e-01	7.26e-01	6.30e-09
 3.40598e+22	2.86e-01	7.14e-01	6.92e-09
 3.40817e+22	3.00e-01	7.00e-01	7.64e-09
 3.41055e+22	3.17e-01	6.83e-01	8.61e-09
 3.41286e+22	3.35e-01	6.65e-01	9.67e-09
 3.41496e+22	3.51e-01	6.49e-01	1.07e-08
 3.41703e+22	3.67e-01	6.33e-01	1.17e-08
 3.41929e+22	3.86e-01	6.14e-01	1.30e-08
 3.42167e+22	4.07e-01	5.93e-01	1.45e-08
 3.42402e+22	4.27e-01	5.73e-01	1.61e-08
 3.42633e+22	4.48e-01	5.52e-01	1.78e-08
 3.42876e+22	4.70e-01	5.30e-01	1.96e-08
 3.43133e+22	4.95e-01	5.05e-01	2.18e-08
 3.43388e+22	5.19e-01	4.81e-01	2.40e-08
 3.43623e+22	5.41e-01	4.59e-01	2.60e-08
 3.43797e+22	5.57e-01	4.43e-01	2.74e-08
 3.43917e+22	5.65e-01	4.35e-01	2.83e-08
 3.44043e+22	5.76e-01	4.24e-01	2.94e-08
 3.44201e+22	5.90e-01	4.10e-01	3.08e-08
 3.44364e+22	6.05e-01	3.95e-01	3.23e-08
 3.44505e+22	6.17e-01	3.83e-01	3.34e-08
 3.44630e+22	6.28e-01	3.72e-01	3.45e-08
 3.44765e+22	6.39e-01	3.61e-01	3.57e-08
 3.44911e+22	6.52e-01	3.48e-01	3.69e-08
 3.45053e+22	6.65e-01	3.35e-01	3.80e-08
 3.45182e+22	6.76e-01	3.24e-01	3.91e-08
 3.45310e+22	6.86e-01	3.14e-01	4.00e-08
 3.45446e+22	6.97e-01	3.03e-01	4.10e-08
 3.45588e+22	7.09e-01	2.91e-01	4.21e-08
 3.45719e+22	7.19e-01	2.81e-01	4.29e-08
 3.45843e+22	7.29e-01	2.71e-01	4.37e-08
 3.45973e+22	7.38e-01	2.62e-01	4.44e-08
 3.46111e+22	7.49e-01	2.51e-01	4.52e-08
 3.46246e+22	7.59e-01	2.41e-01	4.57e-08
 3.46374e+22	7.68e-01	2.32e-01	4.63e-08
 3.46502e+22	7.76e-01	2.24e-01	4.68e-08
 3.46636e+22	7.85e-01	2.15e-01	4.72e-08
 3.46772e+22	7.94e-01	2.06e-01	4.75e-08
 3.46903e+22	8.03e-01	1.97e-01	4.78e-08
 3.47031e+22	8.10e-01	1.90e-01	4.79e-08
 3.47165e+22	8.18e-01	1.82e-01	4.81e-08
 3.47303e+22	8.26e-01	1.74e-01	4.82e-08
 3.47436e+22	8.33e-01	1.67e-01	4.82e-08
 3.47563e+22	8.39e-01	1.61e-01	4.81e-08
 3.47694e+22	8.45e-01	1.55e-01	4.80e-08
 3.47828e+22	8.51e-01	1.49e-01	4.78e-08
 3.47960e+22	8.57e-01	1.43e-01	4.75e-08
 3.48088e+22	8.62e-01	1.38e-01	4.72e-08
 3.48218e+22	8.67e-01	1.33e-01	4.68e-08
 3.48352e+22	8.72e-01	1.28e-01	4.64e-08
 3.48486e+22	8.77e-01	1.23e-01	4.59e-08
 3.48620e+22	8.81e-01	1.19e-01	4.54e-08
 3.48755e+22	8.85e-01	1.15e-01	4.49e-08
 3.48895e+22	8.89e-01	1.11e-01	4.44e-08
 3.49039e+22	8.93e-01	1.07e-01	4.38e-08
 3.49184e+22	8.96e-01	1.04e-01	4.32e-08
 3.49333e+22	9.00e-01	1.00e-01	4.26e-08
 3.49490e+22	9.03e-01	9.71e-02	4.19e-08
 3.49649e+22	9.06e-01	9.41e-02	4.12e-08
 3.49808e+22	9.09e-01	9.15e-02	4.05e-08
 3.49962e+22	9.11e-01	8.92e-02	3.98e-08
 3.50108e+22	9.13e-01	8.74e-02	3.91e-08
 3.50256e+22	9.14e-01	8.57e-02	3.84e-08
 3.50410e+22	9.16e-01	8.40e-02	3.77e-08
 3.50572e+22	9.18e-01	8.23e-02	3.70e-08
 3.50745e+22	9.19e-01	8.06e-02	3.64e-08
 3.50925e+22	9.21e-01	7.90e-02	3.57e-08
 3.51110e+22	9.22e-01	7.77e-02	3.52e-08
 3.51309e+22	9.24e-01	7.64e-02	3.46e-08
 3.51537e+22	9.25e-01	7.51e-02	3.39e-08
 3.51793e+22	9.26e-01	7.36e-02	3.32e-08
 3.52080e+22	9.28e-01	7.23e-02	3.25e-08
 3.52395e+22	9.29e-01	7.12e-02	3.19e-08
 3.52741e+22	9.30e-01	7.02e-02	3.14e-08
 3.53107e+22	9.31e-01	6.94e-02	3.10e-08
 3.53472e+22	9.31e-01	6.87e-02	3.07e-08
 3.53892e+22	9.32e-01	6.81e-02	3.04e-08
 3.54438e+22	9.33e-01	6.72e-02	3.01e-08
 3.55148e+22	9.34e-01	6.63e-02	2.99e-08
 3.56070e+22	9.35e-01	6.52e-02	2.96e-08
 3.57192e+22	9.36e-01	6.43e-02	2.93e-08
 3.58338e+22	9.37e-01	6.33e-02	2.90e-08
 3.59381e+22	9.37e-01	6.26e-02	2.87e-08
 3.60330e+22	9.38e-01	6.17e-02	2.85e-08
 3.61193e+22	9.39e-01	6.11e-02	2.83e-08
 3.61979e+22	9.40e-01	6.05e-02	2.81e-08
 3.62840e+22	9.40e-01	5.98e-02	2.78e-08
 3.63770e+22	9.41e-01	5.90e-02	2.76e-08
 3.64616e+22	9.42e-01	5.84e-02	2.74e-08
 3.65543e+22	9.42e-01	5.77e-02	2.71e-08
 3.66544e+22	9.43e-01	5.69e-02	2.68e-08
 3.67455e+22	9.44e-01	5.62e-02	2.65e-08
 3.68283e+22	9.44e-01	5.56e-02	2.63e-08
 3.69038e+22	9.45e-01	5.51e-02	2.61e-08
 3.69864e+22	9.45e-01	5.45e-02	2.58e-08
 3.70756e+22	9.46e-01	5.38e-02	2.55e-08
 3.71568e+22	9.47e-01	5.33e-02	2.53e-08
 3.72458e+22	9.47e-01	5.27e-02	2.50e-08
 3.73418e+22	9.48e-01	5.20e-02	2.48e-08
 3.74292e+22	9.48e-01	5.15e-02	2.46e-08
 3.75250e+22	9.49e-01	5.10e-02	2.44e-08
 3.76495e+22	9.50e-01	5.02e-02	2.41e-08
 3.77839e+22	9.51e-01	4.94e-02	2.38e-08
 3.79063e+22	9.51e-01	4.87e-02	2.36e-08
 3.80176e+22	9.52e-01	4.82e-02	2.33e-08
 3.81189e+22	9.52e-01	4.76e-02	2.31e-08
 3.82111e+22	9.53e-01	4.72e-02	2.29e-08
 3.83121e+22	9.53e-01	4.66e-02	2.27e-08
 3.84211e+22	9.54e-01	4.60e-02	2.24e-08
 3.85203e+22	9.54e-01	4.56e-02	2.23e-08
 3.86291e+22	9.55e-01	4.50e-02	2.20e-08
 3.87465e+22	9.56e-01	4.44e-02	2.18e-08
 3.88533e+22	9.56e-01	4.39e-02	2.15e-08
 3.89505e+22	9.57e-01	4.34e-02	2.13e-08
 3.90390e+22	9.57e-01	4.30e-02	2.11e-08
 3.91359e+22	9.57e-01	4.25e-02	2.09e-08
 3.92406e+22	9.58e-01	4.20e-02	2.07e-08
 3.93358e+22	9.58e-01	4.16e-02	2.05e-08
 3.94402e+22	9.59e-01	4.11e-02	2.03e-08
 3.95528e+22	9.59e-01	4.06e-02	2.00e-08
 3.96553e+22	9.60e-01	4.01e-02	1.99e-08
 3.97486e+22	9.60e-01	3.98e-02	1.97e-08
 3.98509e+22	9.61e-01	3.93e-02	1.95e-08
 3.99612e+22	9.61e-01	3.88e-02	1.92e-08
 4.00617e+22	9.62e-01	3.84e-02	1.90e-08
 4.01717e+22	9.62e-01	3.80e-02	1.87e-08
 4.02905e+22	9.62e-01	3.75e-02	1.84e-08
 4.03987e+22	9.63e-01	3.71e-02	1.82e-08
 4.04971e+22	9.63e-01	3.68e-02	1.80e-08
 4.06049e+22	9.64e-01	3.63e-02	1.78e-08
 4.07213e+22	9.64e-01	3.59e-02	1.76e-08
 4.08272e+22	9.64e-01	3.55e-02	1.74e-08
 4.09433e+22	9.65e-01	3.52e-02	1.72e-08
 4.10941e+22	9.65e-01	3.47e-02	1.70e-08
 4.12570e+22	9.66e-01	3.42e-02	1.68e-08
 4.14053e+22	9.66e-01	3.37e-02	1.66e-08
 4.15402e+22	9.67e-01	3.34e-02	1.64e-08
 4.16880e+22	9.67e-01	3.29e-02	1.62e-08
 4.18476e+22	9.68e-01	3.24e-02	1.60e-08
 4.19928e+22	9.68e-01	3.20e-02	1.58e-08
 4.21249e+22	9.68e-01	3.17e-02	1.57e-08
 4.22697e+22	9.69e-01	3.13e-02	1.55e-08
 4.24261e+22	9.69e-01	3.09e-02	1.53e-08
 4.25683e+22	9.69e-01	3.05e-02	1.51e-08
 4.27242e+22	9.70e-01	3.01e-02	1.50e-08
 4.28925e+22	9.70e-01	2.97e-02	1.48e-08
 4.30457e+22	9.71e-01	2.94e-02	1.47e-08
 4.32135e+22	9.71e-01	2.90e-02	1.45e-08
 4.33946e+22	9.71e-01	2.85e-02	1.43e-08
 4.35595e+22	9.72e-01	2.82e-02	1.42e-08
 4.37095e+22	9.72e-01	2.79e-02	1.41e-08
 4.38739e+22	9.72e-01	2.75e-02	1.39e-08
 4.40514e+22	9.73e-01	2.71e-02	1.38e-08
 4.42129e+22	9.73e-01	2.68e-02	1.36e-08
 4.43899e+22	9.74e-01	2.65e-02	1.35e-08
 4.45810e+22	9.74e-01	2.61e-02	1.34e-08
 4.47549e+22	9.74e-01	2.58e-02	1.33e-08
 4.49131e+22	9.74e-01	2.55e-02	1.32e-08
 4.50865e+22	9.75e-01	2.52e-02	1.31e-08
 4.53119e+22	9.75e-01	2.48e-02	1.30e-08
 4.55552e+22	9.76e-01	2.43e-02	1.28e-08
 4.57766e+22	9.76e-01	2.40e-02	1.27e-08
 4.59781e+22	9.76e-01	2.36e-02	1.26e-08
 4.61615e+22	9.77e-01	2.34e-02	1.25e-08
 4.63624e+22	9.77e-01	2.31e-02	1.25e-08
 4.66236e+22	9.77e-01	2.27e-02	1.23e-08
 4.69056e+22	9.78e-01	2.23e-02	1.22e-08
 4.71623e+22	9.78e-01	2.19e-02	1.21e-08
 4.73958e+22	9.78e-01	2.16e-02	1.20e-08
 4.76083e+22	9.79e-01	2.13e-02	1.20e-08
 4.78412e+22	9.79e-01	2.10e-02	1.19e-08
 4.80926e+22	9.79e-01	2.07e-02	1.18e-08
 4.83213e+22	9.80e-01	2.04e-02	1.18e-08
 4.85720e+22	9.80e-01	2.01e-02	1.17e-08
 4.88427e+22	9.80e-01	1.98e-02	1.16e-08
 4.90889e+22	9.80e-01	1.95e-02	1.15e-08
 4.93588e+22	9.81e-01	1.92e-02	1.15e-08
 4.96502e+22	9.81e-01	1.89e-02	1.14e-08
 4.99153e+22	9.81e-01	1.87e-02	1.13e-08
 5.02058e+22	9.82e-01	1.84e-02	1.13e-08
 5.05195e+22	9.82e-01	1.81e-02	1.12e-08
 5.08049e+22	9.82e-01	1.78e-02	1.11e-08
 5.10646e+22	9.82e-01	1.76e-02	1.11e-08
 5.13492e+22	9.83e-01	1.73e-02	1.10e-08
 5.16565e+22	9.83e-01	1.70e-02	1.10e-08
 5.19932e+22	9.83e-01	1.67e-02	1.10e-08
 5.23567e+22	9.84e-01	1.64e-02	1.09e-08
 5.26874e+22	9.84e-01	1.62e-02	1.09e-08
 5.29884e+22	9.84e-01	1.59e-02	1.08e-08
 5.33183e+22	9.84e-01	1.57e-02	1.08e-08
 5.37471e+22	9.85e-01	1.54e-02	1.07e-08
 5.42100e+22	9.85e-01	1.51e-02	1.07e-08
 5.46312e+22	9.85e-01	1.48e-02	1.06e-08
 5.50146e+22	9.85e-01	1.45e-02	1.06e-08
 5.53634e+22	9.86e-01	1.43e-02	1.05e-08
 5.56809e+22	9.86e-01	1.41e-02	1.05e-08
 5.60287e+22	9.86e-01	1.39e-02	1.05e-08
 5.64809e+22	9.86e-01	1.36e-02	1.05e-08
 5.69691e+22	9.87e-01	1.34e-02	1.04e-08
 5.74134e+22	9.87e-01	1.31e-02	1.04e-08
 5.78177e+22	9.87e-01	1.29e-02	1.04e-08
 5.82607e+22	9.87e-01	1.27e-02	1.04e-08
 5.87389e+22	9.88e-01	1.25e-02	1.04e-08
 5.92630e+22	9.88e-01	1.22e-02	1.03e-08
 5.98288e+22	9.88e-01	1.20e-02	1.03e-08
 6.03436e+22	9.88e-01	1.17e-02	1.03e-08
 6.08122e+22	9.88e-01	1.15e-02	1.03e-08
 6.12385e+22	9.89e-01	1.14e-02	1.03e-08
 6.17057e+22	9.89e-01	1.12e-02	1.02e-08
 6.23131e+22	9.89e-01	1.09e-02	1.02e-08
 6.31027e+22	9.89e-01	1.06e-02	1.02e-08
 6.39948e+22	9.90e-01	1.03e-02	1.02e-08
 6.48487e+22	9.90e-01	1.00e-02	1.02e-08
 6.56528e+22	9.90e-01	9.77e-03	1.02e-08
 6.64610e+22	9.90e-01	9.53e-03	1.02e-08
 6.73203e+22	9.91e-01	9.27e-03	1.02e-08
 6.82389e+22	9.91e-01	9.02e-03	1.02e-08
 6.91845e+22	9.91e-01	8.77e-03	1.02e-08
 7.01319e+22	9.91e-01	8.52e-03	1.02e-08
 7.10887e+22	9.92e-01	8.29e-03	1.02e-08
 7.20742e+22	9.92e-01	8.06e-03	1.02e-08
 7.30975e+22	9.92e-01	7.84e-03	1.02e-08
 7.41514e+22	9.92e-01	7.62e-03	1.02e-08
 7.52257e+22	9.93e-01	7.40e-03	1.02e-08
 7.63182e+22	9.93e-01	7.19e-03	1.02e-08
 7.74371e+22	9.93e-01	6.99e-03	1.02e-08
 7.85918e+22	9.93e-01	6.79e-03	1.02e-08
 7.97852e+22	9.93e-01	6.60e-03	1.02e-08
 8.10141e+22	9.94e-01	6.41e-03	1.02e-08
 8.22705e+22	9.94e-01	6.22e-03	1.02e-08
 8.35568e+22	9.94e-01	6.04e-03	1.02e-08
 8.48818e+22	9.94e-01	5.87e-03	1.02e-08
 8.62482e+22	9.94e-01	5.70e-03	1.02e-08
 8.76799e+22	9.94e-01	5.53e-03	1.03e-08
 8.91893e+22	9.95e-01	5.36e-03	1.03e-08
 9.07472e+22	9.95e-01	5.20e-03	1.03e-08
 9.23406e+22	9.95e-01	5.04e-03	1.03e-08
 9.39812e+22	9.95e-01	4.88e-03	1.04e-08
 9.56813e+22	9.95e-01	4.73e-03	1.04e-08
 9.74508e+22	9.95e-01	4.59e-03	1.05e-08
 9.92933e+22	9.96e-01	4.44e-03	1.05e-08
 1.01213e+23	9.96e-01	4.30e-03	1.06e-08
 1.03220e+23	9.96e-01	4.16e-03	1.06e-08
 1.05337e+23	9.96e-01	4.03e-03	1.07e-08
 1.07587e+23	9.96e-01	3.89e-03	1.07e-08
 1.09945e+23	9.96e-01	3.76e-03	1.08e-08
 1.12399e+23	9.96e-01	3.63e-03	1.09e-08
 1.14963e+23	9.96e-01	3.51e-03	1.09e-08
 1.17667e+23	9.97e-01	3.38e-03	1.10e-08
 1.20522e+23	9.97e-01	3.26e-03	1.11e-08
 1.23541e+23	9.97e-01	3.15e-03	1.12e-08
 1.26760e+23	9.97e-01	3.03e-03	1.12e-08
 1.30208e+23	9.97e-01	2.92e-03	1.13e-08
 1.33886e+23	9.97e-01	2.81e-03	1.14e-08
 1.37800e+23	9.97e-01	2.70e-03	1.15e-08
 1.41989e+23	9.97e-01	2.60e-03	1.16e-08
 1.46488e+23	9.98e-01	2.49e-03	1.17e-08
 1.51374e+23	9.98e-01	2.39e-03	1.18e-08
 1.56584e+23	9.98e-01	2.30e-03	1.20e-08
 1.61929e+23	9.98e-01	2.21e-03	1.21e-08
 1.67374e+23	9.98e-01	2.12e-03	1.22e-08
 1.72985e+23	9.98e-01	2.05e-03	1.23e-08
 1.78805e+23	9.98e-01	1.98e-03	1.24e-08
 1.84820e+23	9.98e-01	1.91e-03	1.25e-08
 1.91008e+23	9.98e-01	1.85e-03	1.26e-08
 1.97377e+23	9.98e-01	1.79e-03	1.27e-08
 2.03952e+23	9.98e-01	1.74e-03	1.27e-08
 2.10721e+23	9.98e-01	1.69e-03	1.28e-08
 2.17676e+23	9.98e-01	1.64e-03	1.29e-08
 2.24844e+23	9.98e-01	1.60e-03	1.29e-08
 2.32206e+23	9.98e-01	1.56e-03	1.30e-08
 2.39406e+23	9.98e-01	1.53e-03	1.30e-08
 2.46013e+23	9.98e-01	1.50e-03	1.30e-08
 2.51960e+23	9.99e-01	1.48e-03	1.30e-08
 2.57312e+23	9.99e-01	1.46e-03	1.30e-08
 2.62129e+23	9.99e-01	1.44e-03	1.30e-08
 2.66465e+23	9.99e-01	1.42e-03	1.30e-08
 2.70366e+23	9.99e-01	1.41e-03	1.30e-08
 2.73878e+23	9.99e-01	1.40e-03	1.30e-08
 2.77069e+23	9.99e-01	1.39e-03	1.30e-08
 2.80123e+23	9.99e-01	1.39e-03	1.30e-08
 2.83178e+23	9.99e-01	1.38e-03	1.30e-08
 2.86233e+23	9.99e-01	1.37e-03	1.30e-08
 2.89288e+23	9.99e-01	1.37e-03	1.30e-08
 2.92343e+23	9.99e-01	1.36e-03	1.30e-08
 2.95397e+23	9.99e-01	1.36e-03	1.30e-08
 2.98452e+23	9.99e-01	1.35e-03	1.30e-08
 3.01507e+23	9.99e-01	1.35e-03	1.30e-08
 3.04258e+23	9.99e-01	1.34e-03	1.29e-08
