#depth	Ne	Ne+	Ne+2	Ne+3	Ne+4	Ne+5	Ne+6	Ne+7	Ne+8	Ne+9	Ne+10
 6.17135e+19	0.00e+00	0.00e+00	0.00e+00	7.72e-30	4.36e-24	4.81e-19	1.84e-14	3.09e-10	7.62e-06	5.52e-03	9.94e-01
 1.87609e+20	0.00e+00	0.00e+00	0.00e+00	1.47e-29	7.52e-24	7.49e-19	2.59e-14	3.94e-10	9.07e-06	6.05e-03	9.94e-01
 3.18540e+20	0.00e+00	0.00e+00	0.00e+00	2.84e-29	1.31e-23	1.17e-18	3.66e-14	5.04e-10	1.08e-05	6.64e-03	9.93e-01
 4.54709e+20	0.00e+00	0.00e+00	0.00e+00	5.52e-29	2.29e-23	1.85e-18	5.19e-14	6.45e-10	1.29e-05	7.30e-03	9.93e-01
 5.48444e+20	0.00e+00	0.00e+00	0.00e+00	8.67e-29	3.34e-23	2.52e-18	6.57e-14	7.62e-10	1.46e-05	7.78e-03	9.92e-01
 5.86615e+20	0.00e+00	0.00e+00	0.00e+00	1.05e-28	3.92e-23	2.87e-18	7.24e-14	8.16e-10	1.54e-05	7.99e-03	9.92e-01
 6.18481e+20	0.00e+00	0.00e+00	0.00e+00	1.21e-28	4.42e-23	3.16e-18	7.81e-14	8.61e-10	1.60e-05	8.15e-03	9.92e-01
 6.59908e+20	0.00e+00	0.00e+00	0.00e+00	1.47e-28	5.20e-23	3.61e-18	8.65e-14	9.25e-10	1.68e-05	8.38e-03	9.92e-01
 7.13762e+20	0.00e+00	0.00e+00	0.00e+00	1.89e-28	6.43e-23	4.29e-18	9.86e-14	1.01e-09	1.80e-05	8.68e-03	9.91e-01
 7.83773e+20	0.00e+00	0.00e+00	0.00e+00	2.61e-28	8.44e-23	5.34e-18	1.17e-13	1.14e-09	1.96e-05	9.08e-03	9.91e-01
 8.56030e+20	0.00e+00	0.00e+00	0.00e+00	3.63e-28	1.11e-22	6.70e-18	1.39e-13	1.29e-09	2.14e-05	9.51e-03	9.90e-01
 9.11644e+20	0.00e+00	0.00e+00	0.00e+00	4.69e-28	1.38e-22	7.97e-18	1.58e-13	1.42e-09	2.29e-05	9.86e-03	9.90e-01
 9.56467e+20	0.00e+00	0.00e+00	0.00e+00	5.73e-28	1.64e-22	9.15e-18	1.76e-13	1.52e-09	2.42e-05	1.01e-02	9.90e-01
 1.00682e+21	0.00e+00	0.00e+00	0.00e+00	7.19e-28	1.98e-22	1.07e-17	1.98e-13	1.66e-09	2.57e-05	1.05e-02	9.90e-01
 1.07229e+21	0.00e+00	0.00e+00	0.00e+00	9.62e-28	2.53e-22	1.30e-17	2.30e-13	1.84e-09	2.77e-05	1.09e-02	9.89e-01
 1.14077e+21	0.00e+00	0.00e+00	0.00e+00	1.30e-27	3.26e-22	1.60e-17	2.70e-13	2.06e-09	3.01e-05	1.14e-02	9.89e-01
 1.19834e+21	0.00e+00	0.00e+00	0.00e+00	1.68e-27	4.04e-22	1.91e-17	3.08e-13	2.26e-09	3.22e-05	1.18e-02	9.88e-01
 1.25834e+21	0.00e+00	0.00e+00	0.00e+00	2.17e-27	5.01e-22	2.27e-17	3.52e-13	2.49e-09	3.44e-05	1.22e-02	9.88e-01
 1.32479e+21	0.00e+00	0.00e+00	0.00e+00	2.91e-27	6.42e-22	2.78e-17	4.11e-13	2.77e-09	3.72e-05	1.27e-02	9.87e-01
 1.38443e+21	0.00e+00	0.00e+00	0.00e+00	3.77e-27	7.97e-22	3.31e-17	4.70e-13	3.04e-09	3.98e-05	1.31e-02	9.87e-01
 1.43809e+21	0.00e+00	0.00e+00	0.00e+00	4.76e-27	9.69e-22	3.88e-17	5.31e-13	3.31e-09	4.23e-05	1.36e-02	9.86e-01
 1.49918e+21	0.00e+00	0.00e+00	0.00e+00	6.15e-27	1.20e-21	4.63e-17	6.07e-13	3.64e-09	4.53e-05	1.41e-02	9.86e-01
 1.57858e+21	0.00e+00	0.00e+00	0.00e+00	8.60e-27	1.60e-21	5.82e-17	7.24e-13	4.13e-09	4.95e-05	1.47e-02	9.85e-01
 1.65777e+21	0.00e+00	0.00e+00	0.00e+00	1.20e-26	2.11e-21	7.32e-17	8.62e-13	4.67e-09	5.40e-05	1.54e-02	9.85e-01
 1.71686e+21	0.00e+00	0.00e+00	0.00e+00	1.54e-26	2.60e-21	8.67e-17	9.82e-13	5.11e-09	5.77e-05	1.59e-02	9.84e-01
 1.77389e+21	0.00e+00	0.00e+00	0.00e+00	1.95e-26	3.18e-21	1.02e-16	1.11e-12	5.58e-09	6.14e-05	1.64e-02	9.84e-01
 1.84802e+21	0.00e+00	0.00e+00	0.00e+00	2.64e-26	4.10e-21	1.26e-16	1.31e-12	6.26e-09	6.65e-05	1.71e-02	9.83e-01
 1.92504e+21	0.00e+00	0.00e+00	0.00e+00	3.62e-26	5.35e-21	1.56e-16	1.54e-12	7.04e-09	7.22e-05	1.78e-02	9.82e-01
 1.98899e+21	0.00e+00	0.00e+00	0.00e+00	4.69e-26	6.67e-21	1.87e-16	1.77e-12	7.76e-09	7.73e-05	1.85e-02	9.81e-01
 2.05532e+21	0.00e+00	0.00e+00	0.00e+00	6.12e-26	8.35e-21	2.25e-16	2.04e-12	8.58e-09	8.29e-05	1.91e-02	9.81e-01
 2.12806e+21	0.00e+00	0.00e+00	0.00e+00	8.19e-26	1.07e-20	2.75e-16	2.38e-12	9.57e-09	8.95e-05	1.99e-02	9.80e-01
 2.19390e+21	0.00e+00	0.00e+00	1.32e-31	1.06e-25	1.33e-20	3.29e-16	2.73e-12	1.06e-08	9.58e-05	2.06e-02	9.79e-01
 2.25471e+21	0.00e+00	0.00e+00	1.75e-31	1.35e-25	1.63e-20	3.88e-16	3.10e-12	1.16e-08	1.02e-04	2.12e-02	9.79e-01
 2.32425e+21	0.00e+00	0.00e+00	2.39e-31	1.77e-25	2.05e-20	4.68e-16	3.58e-12	1.28e-08	1.10e-04	2.20e-02	9.78e-01
 2.40188e+21	0.00e+00	0.00e+00	3.39e-31	2.39e-25	2.64e-20	5.76e-16	4.21e-12	1.44e-08	1.18e-04	2.29e-02	9.77e-01
 2.47411e+21	0.00e+00	0.00e+00	4.67e-31	3.16e-25	3.34e-20	6.99e-16	4.88e-12	1.60e-08	1.27e-04	2.37e-02	9.76e-01
 2.54134e+21	0.00e+00	0.00e+00	6.27e-31	4.07e-25	4.14e-20	8.34e-16	5.59e-12	1.76e-08	1.36e-04	2.45e-02	9.75e-01
 2.61799e+21	0.00e+00	0.00e+00	8.74e-31	5.42e-25	5.28e-20	1.02e-15	6.53e-12	1.97e-08	1.47e-04	2.55e-02	9.74e-01
 2.70109e+21	0.00e+00	0.00e+00	1.25e-30	7.38e-25	6.86e-20	1.26e-15	7.70e-12	2.22e-08	1.59e-04	2.65e-02	9.73e-01
 2.77537e+21	0.00e+00	0.00e+00	1.71e-30	9.69e-25	8.64e-20	1.52e-15	8.92e-12	2.46e-08	1.71e-04	2.75e-02	9.72e-01
 2.84283e+21	0.00e+00	0.00e+00	2.27e-30	1.24e-24	1.06e-19	1.81e-15	1.02e-11	2.70e-08	1.82e-04	2.83e-02	9.71e-01
 2.91865e+21	0.00e+00	0.00e+00	3.10e-30	1.62e-24	1.34e-19	2.18e-15	1.18e-11	3.00e-08	1.95e-04	2.93e-02	9.70e-01
 3.00375e+21	0.00e+00	0.00e+00	4.38e-30	2.18e-24	1.72e-19	2.69e-15	1.38e-11	3.38e-08	2.11e-04	3.05e-02	9.69e-01
 3.08370e+21	0.00e+00	0.00e+00	6.03e-30	2.88e-24	2.18e-19	3.27e-15	1.61e-11	3.76e-08	2.27e-04	3.16e-02	9.68e-01
 3.15856e+21	0.00e+00	0.00e+00	8.11e-30	3.72e-24	2.71e-19	3.91e-15	1.85e-11	4.16e-08	2.43e-04	3.27e-02	9.67e-01
 3.24405e+21	0.00e+00	0.00e+00	1.13e-29	4.96e-24	3.46e-19	4.77e-15	2.16e-11	4.66e-08	2.62e-04	3.39e-02	9.66e-01
 3.33587e+21	0.00e+00	0.00e+00	1.60e-29	6.72e-24	4.47e-19	5.91e-15	2.55e-11	5.25e-08	2.83e-04	3.52e-02	9.64e-01
 3.41660e+21	0.00e+00	0.00e+00	2.17e-29	8.73e-24	5.59e-19	7.10e-15	2.94e-11	5.82e-08	3.04e-04	3.65e-02	9.63e-01
 3.50222e+21	0.00e+00	0.00e+00	2.97e-29	1.15e-23	7.05e-19	8.60e-15	3.41e-11	6.48e-08	3.26e-04	3.77e-02	9.62e-01
 3.59845e+21	0.00e+00	0.00e+00	4.21e-29	1.55e-23	9.11e-19	1.06e-14	4.03e-11	7.30e-08	3.53e-04	3.92e-02	9.60e-01
 3.68921e+21	0.00e+00	0.00e+00	5.80e-29	2.05e-23	1.15e-18	1.29e-14	4.69e-11	8.16e-08	3.80e-04	4.07e-02	9.59e-01
 3.77469e+21	0.00e+00	0.00e+00	7.81e-29	2.65e-23	1.44e-18	1.55e-14	5.40e-11	9.04e-08	4.06e-04	4.20e-02	9.58e-01
 3.87257e+21	0.00e+00	0.00e+00	1.09e-28	3.53e-23	1.84e-18	1.90e-14	6.33e-11	1.01e-07	4.38e-04	4.36e-02	9.56e-01
 3.98205e+21	0.00e+00	0.00e+00	1.57e-28	4.85e-23	2.41e-18	2.37e-14	7.54e-11	1.15e-07	4.76e-04	4.54e-02	9.54e-01
 4.07972e+21	0.00e+00	0.00e+00	2.16e-28	6.40e-23	3.05e-18	2.89e-14	8.78e-11	1.29e-07	5.12e-04	4.70e-02	9.52e-01
 4.16430e+21	0.00e+00	0.00e+00	2.83e-28	8.09e-23	3.72e-18	3.41e-14	1.00e-10	1.41e-07	5.45e-04	4.85e-02	9.51e-01
 4.25873e+21	0.00e+00	0.00e+00	3.76e-28	1.04e-22	4.60e-18	4.06e-14	1.15e-10	1.56e-07	5.82e-04	5.01e-02	9.49e-01
 4.38150e+21	0.00e+00	0.00e+00	5.55e-28	1.45e-22	6.13e-18	5.15e-14	1.38e-10	1.79e-07	6.36e-04	5.22e-02	9.47e-01
 4.50588e+21	0.00e+00	0.00e+00	8.06e-28	2.01e-22	8.09e-18	6.48e-14	1.65e-10	2.04e-07	6.93e-04	5.45e-02	9.45e-01
 4.60679e+21	0.00e+00	0.00e+00	1.09e-27	2.60e-22	1.01e-17	7.77e-14	1.91e-10	2.26e-07	7.42e-04	5.63e-02	9.43e-01
 4.71242e+21	0.00e+00	0.00e+00	1.47e-27	3.38e-22	1.26e-17	9.37e-14	2.21e-10	2.51e-07	7.95e-04	5.82e-02	9.41e-01
 4.84973e+21	0.00e+00	0.00e+00	2.16e-27	4.72e-22	1.68e-17	1.19e-13	2.66e-10	2.88e-07	8.69e-04	6.07e-02	9.38e-01
 4.99073e+21	0.00e+00	0.00e+00	3.19e-27	6.62e-22	2.24e-17	1.51e-13	3.20e-10	3.30e-07	9.50e-04	6.34e-02	9.36e-01
 5.10117e+21	0.00e+00	0.00e+00	4.29e-27	8.58e-22	2.79e-17	1.81e-13	3.70e-10	3.67e-07	1.02e-03	6.55e-02	9.33e-01
 5.20939e+21	0.00e+00	0.00e+00	5.71e-27	1.10e-21	3.45e-17	2.16e-13	4.25e-10	4.05e-07	1.09e-03	6.76e-02	9.31e-01
 5.35007e+21	0.00e+00	0.00e+00	8.21e-27	1.51e-21	4.52e-17	2.70e-13	5.06e-10	4.61e-07	1.18e-03	7.04e-02	9.28e-01
 5.49607e+21	0.00e+00	0.00e+00	1.19e-26	2.08e-21	5.95e-17	3.40e-13	6.05e-10	5.25e-07	1.29e-03	7.33e-02	9.25e-01
 5.61793e+21	0.00e+00	0.00e+00	1.61e-26	2.70e-21	7.45e-17	4.09e-13	7.01e-10	5.84e-07	1.38e-03	7.58e-02	9.23e-01
 5.74531e+21	0.00e+00	0.00e+00	2.17e-26	3.51e-21	9.32e-17	4.93e-13	8.11e-10	6.50e-07	1.48e-03	7.83e-02	9.20e-01
 5.91090e+21	0.00e+00	0.00e+00	3.25e-26	4.98e-21	1.26e-16	6.31e-13	9.85e-10	7.49e-07	1.62e-03	8.18e-02	9.17e-01
 6.07814e+21	0.00e+00	0.00e+00	4.80e-26	6.99e-21	1.68e-16	8.04e-13	1.19e-09	8.60e-07	1.77e-03	8.54e-02	9.13e-01
 6.21232e+21	0.00e+00	0.00e+00	6.52e-26	9.12e-21	2.11e-16	9.71e-13	1.38e-09	9.59e-07	1.90e-03	8.83e-02	9.10e-01
 6.33190e+21	0.00e+00	0.00e+00	8.54e-26	1.15e-20	2.58e-16	1.15e-12	1.57e-09	1.05e-06	2.02e-03	9.09e-02	9.07e-01
 6.46771e+21	0.00e+00	0.00e+00	1.15e-25	1.49e-20	3.22e-16	1.38e-12	1.82e-09	1.17e-06	2.17e-03	9.39e-02	9.04e-01
 6.64425e+21	0.00e+00	1.47e-31	1.68e-25	2.08e-20	4.27e-16	1.75e-12	2.19e-09	1.34e-06	2.37e-03	9.79e-02	9.00e-01
 6.82382e+21	0.00e+00	2.27e-31	2.47e-25	2.90e-20	5.67e-16	2.21e-12	2.63e-09	1.54e-06	2.58e-03	1.02e-01	8.95e-01
 6.96845e+21	0.00e+00	3.20e-31	3.34e-25	3.77e-20	7.10e-16	2.66e-12	3.05e-09	1.71e-06	2.77e-03	1.05e-01	8.92e-01
 7.11758e+21	0.00e+00	4.52e-31	4.52e-25	4.92e-20	8.91e-16	3.22e-12	3.54e-09	1.90e-06	2.97e-03	1.09e-01	8.88e-01
 7.31145e+21	0.00e+00	7.02e-31	6.67e-25	6.89e-20	1.19e-15	4.09e-12	4.27e-09	2.18e-06	3.25e-03	1.13e-01	8.83e-01
 7.51169e+21	0.00e+00	1.10e-30	9.91e-25	9.72e-20	1.60e-15	5.23e-12	5.18e-09	2.51e-06	3.55e-03	1.18e-01	8.78e-01
 7.67534e+21	0.00e+00	1.58e-30	1.36e-24	1.28e-19	2.02e-15	6.36e-12	6.04e-09	2.81e-06	3.82e-03	1.22e-01	8.74e-01
 7.84320e+21	0.00e+00	2.26e-30	1.87e-24	1.69e-19	2.56e-15	7.75e-12	7.06e-09	3.15e-06	4.11e-03	1.27e-01	8.69e-01
 8.02033e+21	0.00e+00	3.30e-30	2.61e-24	2.26e-19	3.29e-15	9.53e-12	8.30e-09	3.54e-06	4.43e-03	1.31e-01	8.65e-01
 8.17133e+21	0.00e+00	4.54e-30	3.46e-24	2.88e-19	4.05e-15	1.13e-11	9.50e-09	3.91e-06	4.72e-03	1.35e-01	8.60e-01
 8.32943e+21	0.00e+00	6.28e-30	4.61e-24	3.70e-19	5.01e-15	1.35e-11	1.09e-08	4.33e-06	5.04e-03	1.39e-01	8.56e-01
 8.53497e+21	0.00e+00	9.54e-30	6.66e-24	5.10e-19	6.59e-15	1.70e-11	1.31e-08	4.93e-06	5.48e-03	1.44e-01	8.50e-01
 8.74126e+21	0.00e+00	1.44e-29	9.61e-24	7.01e-19	8.66e-15	2.14e-11	1.56e-08	5.61e-06	5.95e-03	1.50e-01	8.44e-01
 8.90266e+21	0.00e+00	1.99e-29	1.27e-23	8.96e-19	1.07e-14	2.54e-11	1.79e-08	6.19e-06	6.34e-03	1.54e-01	8.39e-01
 9.03664e+21	0.00e+00	2.58e-29	1.60e-23	1.09e-18	1.27e-14	2.93e-11	2.00e-08	6.72e-06	6.68e-03	1.58e-01	8.35e-01
 9.18080e+21	0.00e+00	3.42e-29	2.05e-23	1.36e-18	1.53e-14	3.42e-11	2.26e-08	7.33e-06	7.07e-03	1.62e-01	8.31e-01
 9.36822e+21	0.00e+00	4.89e-29	2.81e-23	1.78e-18	1.93e-14	4.16e-11	2.63e-08	8.18e-06	7.58e-03	1.67e-01	8.25e-01
 9.55935e+21	0.00e+00	7.03e-29	3.87e-23	2.36e-18	2.45e-14	5.07e-11	3.08e-08	9.16e-06	8.15e-03	1.73e-01	8.19e-01
 9.71243e+21	0.00e+00	9.37e-29	4.99e-23	2.94e-18	2.96e-14	5.93e-11	3.48e-08	1.00e-05	8.62e-03	1.77e-01	8.14e-01
 9.86852e+21	0.00e+00	1.25e-28	6.43e-23	3.66e-18	3.57e-14	6.95e-11	3.94e-08	1.09e-05	9.12e-03	1.82e-01	8.09e-01
 1.00346e+22	0.00e+00	1.70e-28	8.42e-23	4.63e-18	4.37e-14	8.21e-11	4.49e-08	1.20e-05	9.69e-03	1.86e-01	8.04e-01
 1.01773e+22	0.00e+00	2.20e-28	1.06e-22	5.66e-18	5.19e-14	9.48e-11	5.02e-08	1.30e-05	1.02e-02	1.91e-01	7.99e-01
 1.03070e+22	0.00e+00	2.77e-28	1.30e-22	6.75e-18	6.04e-14	1.08e-10	5.54e-08	1.40e-05	1.07e-02	1.94e-01	7.95e-01
 1.04560e+22	0.00e+00	3.63e-28	1.65e-22	8.29e-18	7.20e-14	1.25e-10	6.22e-08	1.52e-05	1.12e-02	1.99e-01	7.90e-01
 1.06236e+22	0.00e+00	4.88e-28	2.14e-22	1.04e-17	8.76e-14	1.47e-10	7.06e-08	1.67e-05	1.19e-02	2.04e-01	7.84e-01
 1.07816e+22	0.00e+00	6.46e-28	2.74e-22	1.29e-17	1.05e-13	1.71e-10	7.96e-08	1.82e-05	1.26e-02	2.09e-01	7.79e-01
 1.09282e+22	0.00e+00	8.34e-28	3.43e-22	1.57e-17	1.25e-13	1.97e-10	8.89e-08	1.97e-05	1.32e-02	2.13e-01	7.73e-01
 1.10941e+22	0.00e+00	1.10e-27	4.38e-22	1.94e-17	1.49e-13	2.29e-10	1.00e-07	2.14e-05	1.39e-02	2.18e-01	7.68e-01
 1.12704e+22	0.00e+00	1.51e-27	5.78e-22	2.47e-17	1.84e-13	2.72e-10	1.15e-07	2.36e-05	1.48e-02	2.24e-01	7.61e-01
 1.14173e+22	0.00e+00	1.94e-27	7.22e-22	3.00e-17	2.17e-13	3.12e-10	1.28e-07	2.55e-05	1.56e-02	2.29e-01	7.56e-01
 1.15654e+22	0.00e+00	2.49e-27	9.00e-22	3.63e-17	2.56e-13	3.59e-10	1.42e-07	2.76e-05	1.63e-02	2.33e-01	7.50e-01
 1.17580e+22	0.00e+00	3.45e-27	1.20e-21	4.65e-17	3.17e-13	4.28e-10	1.63e-07	3.04e-05	1.74e-02	2.39e-01	7.43e-01
 1.19522e+22	0.00e+00	4.78e-27	1.60e-21	5.98e-17	3.93e-13	5.13e-10	1.88e-07	3.36e-05	1.85e-02	2.46e-01	7.36e-01
 1.21043e+22	0.00e+00	6.17e-27	2.00e-21	7.27e-17	4.65e-13	5.90e-10	2.10e-07	3.64e-05	1.94e-02	2.51e-01	7.30e-01
 1.22580e+22	0.00e+00	7.95e-27	2.50e-21	8.83e-17	5.49e-13	6.78e-10	2.34e-07	3.93e-05	2.04e-02	2.56e-01	7.24e-01
 1.24579e+22	0.00e+00	1.10e-26	3.33e-21	1.13e-16	6.81e-13	8.12e-10	2.69e-07	4.35e-05	2.17e-02	2.62e-01	7.16e-01
 1.26622e+22	0.00e+00	1.54e-26	4.48e-21	1.47e-16	8.51e-13	9.78e-10	3.11e-07	4.82e-05	2.31e-02	2.69e-01	7.08e-01
 1.28202e+22	0.00e+00	2.00e-26	5.63e-21	1.79e-16	1.01e-12	1.13e-09	3.48e-07	5.22e-05	2.43e-02	2.75e-01	7.01e-01
 1.29533e+22	0.00e+00	2.48e-26	6.81e-21	2.11e-16	1.16e-12	1.27e-09	3.82e-07	5.57e-05	2.53e-02	2.79e-01	6.96e-01
 1.31061e+22	0.00e+00	3.17e-26	8.45e-21	2.55e-16	1.37e-12	1.46e-09	4.25e-07	6.01e-05	2.65e-02	2.84e-01	6.89e-01
 1.33048e+22	0.00e+00	4.34e-26	1.12e-20	3.25e-16	1.69e-12	1.73e-09	4.87e-07	6.62e-05	2.81e-02	2.91e-01	6.81e-01
 1.35058e+22	0.00e+00	5.99e-26	1.48e-20	4.16e-16	2.09e-12	2.07e-09	5.60e-07	7.30e-05	2.98e-02	2.98e-01	6.72e-01
 1.36642e+22	0.00e+00	7.77e-26	1.86e-20	5.07e-16	2.48e-12	2.39e-09	6.27e-07	7.91e-05	3.13e-02	3.03e-01	6.65e-01
 1.38245e+22	0.00e+00	9.98e-26	2.33e-20	6.15e-16	2.93e-12	2.75e-09	6.99e-07	8.54e-05	3.28e-02	3.09e-01	6.58e-01
 1.40327e+22	0.00e+00	1.37e-25	3.08e-20	7.84e-16	3.61e-12	3.28e-09	8.03e-07	9.41e-05	3.48e-02	3.16e-01	6.49e-01
 1.42458e+22	0.00e+00	1.91e-25	4.13e-20	1.01e-15	4.51e-12	3.96e-09	9.28e-07	1.04e-04	3.71e-02	3.23e-01	6.40e-01
 1.44151e+22	0.00e+00	2.51e-25	5.25e-20	1.25e-15	5.41e-12	4.61e-09	1.05e-06	1.13e-04	3.90e-02	3.29e-01	6.31e-01
 1.45621e+22	0.00e+00	3.12e-25	6.36e-20	1.48e-15	6.25e-12	5.20e-09	1.15e-06	1.21e-04	4.06e-02	3.34e-01	6.25e-01
 1.47299e+22	1.28e-31	4.03e-25	7.97e-20	1.80e-15	7.41e-12	6.00e-09	1.29e-06	1.31e-04	4.26e-02	3.40e-01	6.17e-01
 1.49481e+22	1.85e-31	5.59e-25	1.06e-19	2.31e-15	9.22e-12	7.22e-09	1.49e-06	1.45e-04	4.52e-02	3.48e-01	6.07e-01
 1.51728e+22	2.70e-31	7.84e-25	1.44e-19	3.00e-15	1.16e-11	8.74e-09	1.73e-06	1.61e-04	4.81e-02	3.55e-01	5.96e-01
 1.53556e+22	3.65e-31	1.03e-24	1.83e-19	3.71e-15	1.39e-11	1.02e-08	1.95e-06	1.75e-04	5.06e-02	3.62e-01	5.88e-01
 1.55429e+22	4.95e-31	1.35e-24	2.33e-19	4.57e-15	1.67e-11	1.19e-08	2.20e-06	1.91e-04	5.32e-02	3.68e-01	5.79e-01
 1.57863e+22	7.29e-31	1.92e-24	3.17e-19	5.99e-15	2.11e-11	1.45e-08	2.57e-06	2.13e-04	5.67e-02	3.76e-01	5.67e-01
 1.60344e+22	1.08e-30	2.74e-24	4.34e-19	7.89e-15	2.68e-11	1.78e-08	3.01e-06	2.37e-04	6.06e-02	3.84e-01	5.55e-01
 1.62333e+22	1.48e-30	3.62e-24	5.57e-19	9.80e-15	3.24e-11	2.09e-08	3.42e-06	2.59e-04	6.37e-02	3.90e-01	5.46e-01
 1.64045e+22	1.92e-30	4.59e-24	6.86e-19	1.18e-14	3.80e-11	2.39e-08	3.80e-06	2.79e-04	6.66e-02	3.96e-01	5.37e-01
 1.65948e+22	2.56e-30	5.93e-24	8.61e-19	1.44e-14	4.52e-11	2.77e-08	4.26e-06	3.02e-04	6.98e-02	4.02e-01	5.28e-01
 1.68422e+22	3.67e-30	8.21e-24	1.15e-18	1.85e-14	5.64e-11	3.34e-08	4.94e-06	3.35e-04	7.40e-02	4.09e-01	5.17e-01
 1.70919e+22	5.28e-30	1.14e-23	1.54e-18	2.39e-14	7.05e-11	4.03e-08	5.74e-06	3.72e-04	7.86e-02	4.16e-01	5.05e-01
 1.72884e+22	6.98e-30	1.47e-23	1.93e-18	2.91e-14	8.38e-11	4.67e-08	6.44e-06	4.02e-04	8.23e-02	4.22e-01	4.95e-01
 1.74873e+22	9.16e-30	1.87e-23	2.40e-18	3.52e-14	9.90e-11	5.38e-08	7.20e-06	4.35e-04	8.60e-02	4.27e-01	4.86e-01
 1.77459e+22	1.29e-29	2.56e-23	3.16e-18	4.49e-14	1.22e-10	6.44e-08	8.30e-06	4.80e-04	9.10e-02	4.34e-01	4.75e-01
 1.80161e+22	1.84e-29	3.53e-23	4.21e-18	5.77e-14	1.53e-10	7.77e-08	9.63e-06	5.31e-04	9.64e-02	4.41e-01	4.62e-01
 1.82421e+22	2.46e-29	4.58e-23	5.32e-18	7.08e-14	1.83e-10	9.05e-08	1.09e-05	5.78e-04	1.01e-01	4.46e-01	4.52e-01
 1.84768e+22	3.27e-29	5.94e-23	6.71e-18	8.68e-14	2.18e-10	1.05e-07	1.22e-05	6.27e-04	1.06e-01	4.51e-01	4.42e-01
 1.87820e+22	4.70e-29	8.24e-23	8.99e-18	1.12e-13	2.74e-10	1.28e-07	1.42e-05	6.97e-04	1.12e-01	4.58e-01	4.29e-01
 1.90949e+22	6.76e-29	1.15e-22	1.21e-17	1.46e-13	3.44e-10	1.55e-07	1.66e-05	7.74e-04	1.19e-01	4.64e-01	4.16e-01
 1.93488e+22	9.05e-29	1.49e-22	1.53e-17	1.79e-13	4.13e-10	1.81e-07	1.88e-05	8.43e-04	1.25e-01	4.69e-01	4.05e-01
 1.96094e+22	1.19e-28	1.92e-22	1.92e-17	2.18e-13	4.90e-10	2.09e-07	2.11e-05	9.13e-04	1.30e-01	4.73e-01	3.96e-01
 1.99033e+22	1.62e-28	2.54e-22	2.46e-17	2.72e-13	5.96e-10	2.47e-07	2.40e-05	9.99e-04	1.37e-01	4.78e-01	3.84e-01
 2.01703e+22	2.13e-28	3.26e-22	3.08e-17	3.32e-13	7.08e-10	2.86e-07	2.70e-05	1.08e-03	1.43e-01	4.82e-01	3.74e-01
 2.04040e+22	2.69e-28	4.03e-22	3.73e-17	3.92e-13	8.20e-10	3.24e-07	2.98e-05	1.16e-03	1.48e-01	4.85e-01	3.66e-01
 2.06643e+22	3.45e-28	5.06e-22	4.57e-17	4.69e-13	9.60e-10	3.71e-07	3.32e-05	1.25e-03	1.54e-01	4.88e-01	3.56e-01
 2.10026e+22	4.73e-28	6.74e-22	5.92e-17	5.88e-13	1.17e-09	4.39e-07	3.79e-05	1.37e-03	1.62e-01	4.92e-01	3.45e-01
 2.13491e+22	6.49e-28	9.00e-22	7.68e-17	7.39e-13	1.43e-09	5.21e-07	4.34e-05	1.50e-03	1.70e-01	4.95e-01	3.33e-01
 2.16292e+22	8.32e-28	1.13e-21	9.41e-17	8.85e-13	1.68e-09	5.96e-07	4.82e-05	1.61e-03	1.77e-01	4.98e-01	3.24e-01
 2.19167e+22	1.06e-27	1.41e-21	1.15e-16	1.05e-12	1.96e-09	6.79e-07	5.35e-05	1.73e-03	1.83e-01	5.00e-01	3.15e-01
 2.22904e+22	1.44e-27	1.87e-21	1.48e-16	1.32e-12	2.38e-09	8.01e-07	6.10e-05	1.89e-03	1.92e-01	5.02e-01	3.04e-01
 2.26799e+22	1.97e-27	2.49e-21	1.92e-16	1.65e-12	2.90e-09	9.49e-07	6.97e-05	2.07e-03	2.01e-01	5.04e-01	2.92e-01
 2.29847e+22	2.52e-27	3.11e-21	2.35e-16	1.98e-12	3.39e-09	1.08e-06	7.75e-05	2.23e-03	2.09e-01	5.06e-01	2.83e-01
 2.32304e+22	3.02e-27	3.67e-21	2.73e-16	2.25e-12	3.81e-09	1.19e-06	8.36e-05	2.34e-03	2.15e-01	5.06e-01	2.77e-01
 2.35047e+22	3.70e-27	4.42e-21	3.22e-16	2.61e-12	4.33e-09	1.33e-06	9.11e-05	2.48e-03	2.21e-01	5.07e-01	2.70e-01
 2.38612e+22	4.77e-27	5.58e-21	3.97e-16	3.14e-12	5.09e-09	1.53e-06	1.02e-04	2.67e-03	2.29e-01	5.08e-01	2.60e-01
 2.42464e+22	6.26e-27	7.15e-21	4.97e-16	3.82e-12	6.05e-09	1.77e-06	1.14e-04	2.89e-03	2.38e-01	5.08e-01	2.51e-01
 2.45877e+22	7.91e-27	8.86e-21	6.03e-16	4.53e-12	7.02e-09	2.00e-06	1.26e-04	3.09e-03	2.46e-01	5.08e-01	2.43e-01
 2.49498e+22	1.00e-26	1.10e-20	7.34e-16	5.39e-12	8.17e-09	2.28e-06	1.39e-04	3.31e-03	2.55e-01	5.07e-01	2.35e-01
 2.54207e+22	1.35e-26	1.45e-20	9.40e-16	6.69e-12	9.87e-09	2.67e-06	1.58e-04	3.60e-03	2.65e-01	5.06e-01	2.25e-01
 2.58974e+22	1.82e-26	1.91e-20	1.20e-15	8.32e-12	1.19e-08	3.14e-06	1.79e-04	3.92e-03	2.76e-01	5.05e-01	2.15e-01
 2.62763e+22	2.30e-26	2.35e-20	1.46e-15	9.84e-12	1.38e-08	3.55e-06	1.97e-04	4.18e-03	2.85e-01	5.04e-01	2.07e-01
 2.66633e+22	2.87e-26	2.89e-20	1.76e-15	1.16e-11	1.59e-08	4.00e-06	2.16e-04	4.45e-03	2.93e-01	5.02e-01	2.00e-01
 2.71663e+22	3.82e-26	3.76e-20	2.22e-15	1.42e-11	1.91e-08	4.65e-06	2.43e-04	4.81e-03	3.04e-01	5.00e-01	1.91e-01
 2.76705e+22	5.07e-26	4.87e-20	2.81e-15	1.75e-11	2.28e-08	5.40e-06	2.73e-04	5.20e-03	3.15e-01	4.97e-01	1.82e-01
 2.80636e+22	6.28e-26	5.92e-20	3.35e-15	2.04e-11	2.60e-08	6.04e-06	2.98e-04	5.51e-03	3.23e-01	4.95e-01	1.76e-01
 2.84621e+22	7.72e-26	7.16e-20	3.97e-15	2.37e-11	2.97e-08	6.73e-06	3.24e-04	5.83e-03	3.32e-01	4.92e-01	1.70e-01
 2.89800e+22	1.00e-25	9.11e-20	4.94e-15	2.87e-11	3.50e-08	7.73e-06	3.60e-04	6.26e-03	3.42e-01	4.89e-01	1.62e-01
 2.95375e+22	1.33e-25	1.18e-19	6.22e-15	3.51e-11	4.16e-08	8.94e-06	4.03e-04	6.74e-03	3.54e-01	4.85e-01	1.55e-01
 3.00311e+22	1.69e-25	1.47e-19	7.58e-15	4.17e-11	4.84e-08	1.01e-05	4.44e-04	7.18e-03	3.63e-01	4.81e-01	1.48e-01
 3.05574e+22	2.16e-25	1.84e-19	9.27e-15	4.97e-11	5.63e-08	1.15e-05	4.89e-04	7.65e-03	3.73e-01	4.77e-01	1.42e-01
 3.12417e+22	2.94e-25	2.44e-19	1.20e-14	6.22e-11	6.83e-08	1.35e-05	5.53e-04	8.30e-03	3.86e-01	4.71e-01	1.34e-01
 3.19495e+22	4.05e-25	3.26e-19	1.56e-14	7.81e-11	8.31e-08	1.59e-05	6.27e-04	9.00e-03	4.00e-01	4.65e-01	1.26e-01
 3.25398e+22	5.24e-25	4.13e-19	1.92e-14	9.39e-11	9.74e-08	1.81e-05	6.93e-04	9.60e-03	4.10e-01	4.59e-01	1.20e-01
 3.30630e+22	6.52e-25	5.04e-19	2.30e-14	1.10e-10	1.11e-07	2.02e-05	7.54e-04	1.01e-02	4.19e-01	4.55e-01	1.15e-01
 3.36472e+22	8.29e-25	6.28e-19	2.80e-14	1.30e-10	1.29e-07	2.28e-05	8.27e-04	1.08e-02	4.29e-01	4.49e-01	1.10e-01
 3.44067e+22	1.12e-24	8.24e-19	3.57e-14	1.61e-10	1.55e-07	2.64e-05	9.25e-04	1.16e-02	4.42e-01	4.42e-01	1.03e-01
 3.52057e+22	1.53e-24	1.10e-18	4.62e-14	2.01e-10	1.88e-07	3.10e-05	1.04e-03	1.25e-02	4.55e-01	4.35e-01	9.70e-02
 3.58508e+22	1.95e-24	1.37e-18	5.64e-14	2.40e-10	2.18e-07	3.51e-05	1.15e-03	1.33e-02	4.65e-01	4.28e-01	9.21e-02
 3.63990e+22	2.39e-24	1.65e-18	6.66e-14	2.77e-10	2.46e-07	3.88e-05	1.24e-03	1.39e-02	4.73e-01	4.23e-01	8.83e-02
 3.70265e+22	2.99e-24	2.03e-18	8.00e-14	3.25e-10	2.82e-07	4.34e-05	1.35e-03	1.47e-02	4.83e-01	4.17e-01	8.42e-02
 3.78422e+22	3.96e-24	2.62e-18	1.01e-13	3.96e-10	3.34e-07	4.98e-05	1.49e-03	1.57e-02	4.94e-01	4.09e-01	7.93e-02
 3.87084e+22	5.33e-24	3.43e-18	1.28e-13	4.90e-10	4.01e-07	5.78e-05	1.67e-03	1.68e-02	5.06e-01	4.01e-01	7.42e-02
 3.94434e+22	6.80e-24	4.29e-18	1.57e-13	5.83e-10	4.65e-07	6.53e-05	1.83e-03	1.78e-02	5.16e-01	3.94e-01	7.02e-02
 4.02020e+22	8.64e-24	5.34e-18	1.91e-13	6.92e-10	5.39e-07	7.36e-05	2.00e-03	1.89e-02	5.26e-01	3.87e-01	6.64e-02
 4.11883e+22	1.17e-23	7.04e-18	2.44e-13	8.57e-10	6.46e-07	8.53e-05	2.23e-03	2.02e-02	5.38e-01	3.78e-01	6.20e-02
 4.22106e+22	1.59e-23	9.35e-18	3.16e-13	1.07e-09	7.82e-07	9.98e-05	2.51e-03	2.17e-02	5.51e-01	3.68e-01	5.75e-02
 4.30446e+22	2.04e-23	1.17e-17	3.86e-13	1.28e-09	9.09e-07	1.13e-04	2.75e-03	2.30e-02	5.60e-01	3.60e-01	5.41e-02
 4.38934e+22	2.58e-23	1.45e-17	4.69e-13	1.51e-09	1.05e-06	1.27e-04	3.00e-03	2.43e-02	5.69e-01	3.52e-01	5.10e-02
 4.49968e+22	3.48e-23	1.91e-17	5.99e-13	1.87e-09	1.26e-06	1.47e-04	3.35e-03	2.59e-02	5.80e-01	3.43e-01	4.74e-02
 4.60839e+22	4.64e-23	2.49e-17	7.64e-13	2.31e-09	1.51e-06	1.71e-04	3.74e-03	2.78e-02	5.92e-01	3.33e-01	4.38e-02
 4.68813e+22	5.70e-23	3.01e-17	9.05e-13	2.68e-09	1.71e-06	1.89e-04	4.04e-03	2.91e-02	5.99e-01	3.26e-01	4.15e-02
 4.76495e+22	6.88e-23	3.58e-17	1.06e-12	3.07e-09	1.93e-06	2.08e-04	4.34e-03	3.04e-02	6.06e-01	3.19e-01	3.94e-02
 4.86480e+22	8.76e-23	4.48e-17	1.29e-12	3.65e-09	2.23e-06	2.35e-04	4.74e-03	3.21e-02	6.15e-01	3.11e-01	3.69e-02
 4.97423e+22	1.13e-22	5.67e-17	1.60e-12	4.40e-09	2.62e-06	2.67e-04	5.21e-03	3.40e-02	6.24e-01	3.03e-01	3.44e-02
 5.07405e+22	1.41e-22	6.97e-17	1.93e-12	5.19e-09	3.02e-06	3.01e-04	5.69e-03	3.59e-02	6.32e-01	2.94e-01	3.22e-02
 5.16661e+22	1.73e-22	8.41e-17	2.29e-12	6.02e-09	3.43e-06	3.33e-04	6.13e-03	3.75e-02	6.38e-01	2.87e-01	3.03e-02
 5.27175e+22	2.15e-22	1.03e-16	2.75e-12	7.06e-09	3.94e-06	3.73e-04	6.67e-03	3.95e-02	6.46e-01	2.79e-01	2.84e-02
 5.40845e+22	2.81e-22	1.32e-16	3.46e-12	8.62e-09	4.67e-06	4.29e-04	7.39e-03	4.20e-02	6.54e-01	2.70e-01	2.61e-02
 5.55042e+22	3.71e-22	1.71e-16	4.39e-12	1.06e-08	5.60e-06	4.98e-04	8.25e-03	4.49e-02	6.63e-01	2.59e-01	2.38e-02
 5.66625e+22	4.60e-22	2.10e-16	5.29e-12	1.25e-08	6.46e-06	5.60e-04	8.99e-03	4.73e-02	6.70e-01	2.51e-01	2.22e-02
 5.78382e+22	5.59e-22	2.53e-16	6.29e-12	1.46e-08	7.40e-06	6.26e-04	9.77e-03	4.98e-02	6.76e-01	2.43e-01	2.06e-02
 5.93665e+22	7.18e-22	3.20e-16	7.83e-12	1.77e-08	8.74e-06	7.18e-04	1.08e-02	5.28e-02	6.83e-01	2.34e-01	1.89e-02
 6.09974e+22	9.27e-22	4.10e-16	9.86e-12	2.18e-08	1.05e-05	8.34e-04	1.21e-02	5.65e-02	6.90e-01	2.24e-01	1.70e-02
 6.23782e+22	1.14e-21	5.02e-16	1.19e-11	2.58e-08	1.22e-05	9.43e-04	1.32e-02	5.97e-02	6.95e-01	2.15e-01	1.57e-02
 6.37897e+22	1.38e-21	6.04e-16	1.42e-11	3.02e-08	1.40e-05	1.06e-03	1.44e-02	6.28e-02	7.00e-01	2.07e-01	1.45e-02
 6.56247e+22	1.75e-21	7.59e-16	1.77e-11	3.67e-08	1.66e-05	1.22e-03	1.59e-02	6.68e-02	7.05e-01	1.98e-01	1.31e-02
 6.75485e+22	2.22e-21	9.65e-16	2.22e-11	4.52e-08	1.99e-05	1.42e-03	1.78e-02	7.15e-02	7.10e-01	1.88e-01	1.17e-02
 6.90501e+22	2.65e-21	1.15e-15	2.64e-11	5.29e-08	2.30e-05	1.60e-03	1.94e-02	7.53e-02	7.13e-01	1.80e-01	1.07e-02
 7.02353e+22	3.03e-21	1.32e-15	3.00e-11	5.94e-08	2.54e-05	1.74e-03	2.07e-02	7.81e-02	7.15e-01	1.74e-01	1.00e-02
 7.15467e+22	3.45e-21	1.51e-15	3.42e-11	6.70e-08	2.83e-05	1.90e-03	2.21e-02	8.13e-02	7.17e-01	1.68e-01	9.34e-03
 7.32515e+22	4.06e-21	1.78e-15	4.03e-11	7.78e-08	3.24e-05	2.12e-03	2.39e-02	8.53e-02	7.19e-01	1.61e-01	8.56e-03
 7.54677e+22	4.91e-21	2.17e-15	4.92e-11	9.35e-08	3.82e-05	2.43e-03	2.64e-02	9.06e-02	7.20e-01	1.53e-01	7.65e-03
 7.76808e+22	5.96e-21	2.67e-15	6.05e-11	1.13e-07	4.54e-05	2.81e-03	2.92e-02	9.64e-02	7.21e-01	1.44e-01	6.78e-03
 7.93441e+22	6.81e-21	3.09e-15	7.02e-11	1.30e-07	5.15e-05	3.12e-03	3.15e-02	1.01e-01	7.21e-01	1.38e-01	6.20e-03
 8.09611e+22	7.61e-21	3.49e-15	7.97e-11	1.47e-07	5.73e-05	3.40e-03	3.36e-02	1.05e-01	7.20e-01	1.32e-01	5.74e-03
 8.30632e+22	8.85e-21	4.10e-15	9.37e-11	1.70e-07	6.55e-05	3.79e-03	3.62e-02	1.10e-01	7.19e-01	1.26e-01	5.23e-03
 8.54347e+22	1.03e-20	4.87e-15	1.12e-10	2.02e-07	7.63e-05	4.30e-03	3.96e-02	1.16e-01	7.17e-01	1.19e-01	4.67e-03
 8.76256e+22	1.19e-20	5.70e-15	1.32e-10	2.36e-07	8.77e-05	4.81e-03	4.28e-02	1.21e-01	7.14e-01	1.13e-01	4.21e-03
 8.95910e+22	1.32e-20	6.48e-15	1.52e-10	2.69e-07	9.86e-05	5.30e-03	4.58e-02	1.26e-01	7.11e-01	1.07e-01	3.84e-03
 9.17943e+22	1.50e-20	7.45e-15	1.75e-10	3.07e-07	1.11e-04	5.82e-03	4.89e-02	1.31e-01	7.08e-01	1.02e-01	3.51e-03
 9.46586e+22	1.73e-20	8.79e-15	2.08e-10	3.63e-07	1.29e-04	6.55e-03	5.30e-02	1.37e-01	7.03e-01	9.64e-02	3.13e-03
 9.77550e+22	2.02e-20	1.06e-14	2.54e-10	4.37e-07	1.52e-04	7.48e-03	5.79e-02	1.45e-01	6.97e-01	8.99e-02	2.75e-03
 1.00436e+23	2.29e-20	1.23e-14	2.99e-10	5.12e-07	1.75e-04	8.35e-03	6.24e-02	1.51e-01	6.91e-01	8.46e-02	2.46e-03
 1.02834e+23	2.58e-20	1.41e-14	3.45e-10	5.85e-07	1.96e-04	9.13e-03	6.62e-02	1.56e-01	6.85e-01	8.05e-02	2.25e-03
 1.05581e+23	2.89e-20	1.61e-14	3.98e-10	6.69e-07	2.21e-04	1.00e-02	7.03e-02	1.62e-01	6.79e-01	7.64e-02	2.04e-03
 1.08651e+23	3.29e-20	1.89e-14	4.71e-10	7.84e-07	2.53e-04	1.11e-02	7.53e-02	1.68e-01	6.71e-01	7.19e-02	1.83e-03
 1.11443e+23	3.68e-20	2.17e-14	5.47e-10	9.04e-07	2.86e-04	1.22e-02	8.01e-02	1.74e-01	6.64e-01	6.79e-02	1.65e-03
 1.13913e+23	4.10e-20	2.45e-14	6.22e-10	1.02e-06	3.17e-04	1.32e-02	8.40e-02	1.79e-01	6.57e-01	6.48e-02	1.52e-03
 1.16663e+23	4.52e-20	2.76e-14	7.05e-10	1.15e-06	3.50e-04	1.43e-02	8.82e-02	1.84e-01	6.50e-01	6.18e-02	1.40e-03
 1.20237e+23	5.11e-20	3.19e-14	8.24e-10	1.32e-06	3.96e-04	1.56e-02	9.34e-02	1.89e-01	6.42e-01	5.83e-02	1.26e-03
 1.24765e+23	5.95e-20	3.82e-14	9.96e-10	1.58e-06	4.59e-04	1.75e-02	1.00e-01	1.96e-01	6.30e-01	5.43e-02	1.11e-03
 1.29305e+23	6.98e-20	4.64e-14	1.23e-09	1.92e-06	5.41e-04	1.97e-02	1.08e-01	2.04e-01	6.17e-01	5.01e-02	9.67e-04
 1.32824e+23	8.04e-20	5.44e-14	1.44e-09	2.23e-06	6.11e-04	2.16e-02	1.14e-01	2.10e-01	6.07e-01	4.71e-02	8.72e-04
 1.36239e+23	8.89e-20	6.12e-14	1.63e-09	2.48e-06	6.69e-04	2.30e-02	1.18e-01	2.14e-01	5.99e-01	4.50e-02	8.06e-04
 1.40680e+23	1.01e-19	7.09e-14	1.90e-09	2.85e-06	7.48e-04	2.50e-02	1.24e-01	2.19e-01	5.88e-01	4.25e-02	7.31e-04
 1.46115e+23	1.18e-19	8.43e-14	2.27e-09	3.36e-06	8.55e-04	2.75e-02	1.31e-01	2.25e-01	5.76e-01	3.96e-02	6.49e-04
 1.51785e+23	1.39e-19	1.02e-13	2.76e-09	4.01e-06	9.86e-04	3.05e-02	1.39e-01	2.31e-01	5.61e-01	3.67e-02	5.71e-04
 1.56939e+23	1.61e-19	1.21e-13	3.27e-09	4.67e-06	1.11e-03	3.32e-02	1.46e-01	2.36e-01	5.49e-01	3.43e-02	5.11e-04
 1.62480e+23	1.83e-19	1.39e-13	3.78e-09	5.31e-06	1.23e-03	3.58e-02	1.52e-01	2.40e-01	5.38e-01	3.24e-02	4.65e-04
 1.68986e+23	2.13e-19	1.64e-13	4.48e-09	6.17e-06	1.39e-03	3.89e-02	1.60e-01	2.44e-01	5.25e-01	3.02e-02	4.16e-04
 1.75869e+23	2.48e-19	1.95e-13	5.30e-09	7.17e-06	1.57e-03	4.22e-02	1.67e-01	2.49e-01	5.12e-01	2.82e-02	3.72e-04
 1.83027e+23	2.87e-19	2.29e-13	6.23e-09	8.25e-06	1.75e-03	4.56e-02	1.74e-01	2.52e-01	4.99e-01	2.64e-02	3.34e-04
 1.90471e+23	3.31e-19	2.67e-13	7.24e-09	9.42e-06	1.94e-03	4.90e-02	1.81e-01	2.56e-01	4.87e-01	2.48e-02	3.03e-04
 1.98214e+23	3.79e-19	3.09e-13	8.35e-09	1.07e-05	2.14e-03	5.24e-02	1.87e-01	2.59e-01	4.76e-01	2.34e-02	2.75e-04
 2.06266e+23	4.31e-19	3.54e-13	9.55e-09	1.20e-05	2.34e-03	5.57e-02	1.93e-01	2.61e-01	4.65e-01	2.21e-02	2.52e-04
 2.14640e+23	4.85e-19	4.02e-13	1.08e-08	1.34e-05	2.54e-03	5.89e-02	1.99e-01	2.64e-01	4.55e-01	2.10e-02	2.31e-04
 2.23237e+23	5.41e-19	4.50e-13	1.20e-08	1.46e-05	2.73e-03	6.18e-02	2.04e-01	2.65e-01	4.46e-01	2.00e-02	2.15e-04
 2.31462e+23	6.03e-19	5.03e-13	1.34e-08	1.60e-05	2.93e-03	6.48e-02	2.09e-01	2.67e-01	4.37e-01	1.91e-02	2.00e-04
 2.38864e+23	6.57e-19	5.51e-13	1.46e-08	1.73e-05	3.10e-03	6.74e-02	2.13e-01	2.68e-01	4.30e-01	1.84e-02	1.88e-04
 2.45526e+23	7.02e-19	5.91e-13	1.57e-08	1.83e-05	3.24e-03	6.94e-02	2.16e-01	2.69e-01	4.24e-01	1.79e-02	1.80e-04
 2.51521e+23	7.47e-19	6.29e-13	1.66e-08	1.93e-05	3.37e-03	7.12e-02	2.18e-01	2.70e-01	4.20e-01	1.74e-02	1.73e-04
 2.56917e+23	7.79e-19	6.58e-13	1.73e-08	2.00e-05	3.46e-03	7.25e-02	2.20e-01	2.70e-01	4.16e-01	1.71e-02	1.68e-04
 2.61774e+23	8.11e-19	6.86e-13	1.80e-08	2.07e-05	3.55e-03	7.37e-02	2.22e-01	2.71e-01	4.13e-01	1.68e-02	1.63e-04
 2.66144e+23	8.38e-19	7.09e-13	1.86e-08	2.12e-05	3.62e-03	7.47e-02	2.24e-01	2.71e-01	4.10e-01	1.66e-02	1.60e-04
 2.70078e+23	8.60e-19	7.28e-13	1.91e-08	2.17e-05	3.68e-03	7.55e-02	2.25e-01	2.71e-01	4.08e-01	1.64e-02	1.57e-04
 2.73619e+23	8.80e-19	7.45e-13	1.95e-08	2.21e-05	3.73e-03	7.62e-02	2.26e-01	2.72e-01	4.06e-01	1.62e-02	1.55e-04
 2.76823e+23	8.98e-19	7.59e-13	1.98e-08	2.24e-05	3.77e-03	7.68e-02	2.27e-01	2.72e-01	4.05e-01	1.61e-02	1.53e-04
 2.79878e+23	9.05e-19	7.65e-13	2.00e-08	2.26e-05	3.79e-03	7.70e-02	2.27e-01	2.72e-01	4.04e-01	1.60e-02	1.52e-04
 2.82933e+23	9.13e-19	7.73e-13	2.02e-08	2.27e-05	3.82e-03	7.73e-02	2.27e-01	2.72e-01	4.03e-01	1.60e-02	1.51e-04
 2.85987e+23	9.22e-19	7.80e-13	2.04e-08	2.29e-05	3.84e-03	7.76e-02	2.28e-01	2.72e-01	4.03e-01	1.59e-02	1.50e-04
 2.89042e+23	9.30e-19	7.88e-13	2.06e-08	2.31e-05	3.86e-03	7.79e-02	2.28e-01	2.72e-01	4.02e-01	1.58e-02	1.49e-04
 2.92097e+23	9.35e-19	7.92e-13	2.07e-08	2.32e-05	3.88e-03	7.81e-02	2.28e-01	2.72e-01	4.01e-01	1.58e-02	1.49e-04
 2.95152e+23	9.38e-19	7.95e-13	2.07e-08	2.33e-05	3.88e-03	7.82e-02	2.29e-01	2.72e-01	4.01e-01	1.58e-02	1.48e-04
 2.98207e+23	9.40e-19	7.97e-13	2.08e-08	2.33e-05	3.89e-03	7.83e-02	2.29e-01	2.72e-01	4.01e-01	1.58e-02	1.48e-04
 3.01262e+23	9.42e-19	7.98e-13	2.08e-08	2.33e-05	3.89e-03	7.84e-02	2.29e-01	2.72e-01	4.01e-01	1.57e-02	1.48e-04
 3.04135e+23	9.52e-19	8.07e-13	2.11e-08	2.36e-05	3.92e-03	7.87e-02	2.29e-01	2.72e-01	4.00e-01	1.57e-02	1.47e-04
