#depth	Fe	Fe+	Fe+2	Fe+3	Fe+4	Fe+5	Fe+6	Fe+7	Fe+8	Fe+9	Fe+10	Fe+11	Fe+12	Fe+13	Fe+14	Fe+15	Fe+16	Fe+17	Fe+18	Fe+19	Fe+20	Fe+21	Fe+22	Fe+23	Fe+24	Fe+25	Fe+26
 6.17135e+19	0.00e+00	0.00e+00	0.00e+00	0.00e+00	0.00e+00	0.00e+00	0.00e+00	0.00e+00	0.00e+00	0.00e+00	5.13e-28	5.50e-25	5.08e-22	2.66e-19	9.31e-17	2.17e-14	7.08e-12	7.31e-10	4.70e-08	1.79e-06	4.03e-05	5.12e-04	4.97e-03	4.11e-02	4.11e-01	4.04e-01	1.38e-01
 1.87609e+20	0.00e+00	0.00e+00	0.00e+00	0.00e+00	0.00e+00	0.00e+00	0.00e+00	0.00e+00	0.00e+00	1.20e-30	1.85e-27	1.79e-24	1.49e-21	7.08e-19	2.24e-16	4.77e-14	1.47e-11	1.42e-09	8.47e-08	2.98e-06	6.15e-05	7.16e-04	6.32e-03	4.75e-02	4.34e-01	3.90e-01	1.21e-01
 3.18540e+20	0.00e+00	0.00e+00	0.00e+00	0.00e+00	0.00e+00	0.00e+00	0.00e+00	0.00e+00	0.00e+00	4.83e-30	6.72e-27	5.87e-24	4.41e-21	1.89e-18	5.39e-16	1.05e-13	3.04e-11	2.76e-09	1.53e-07	4.97e-06	9.41e-05	1.00e-03	8.02e-03	5.48e-02	4.57e-01	3.73e-01	1.06e-01
 4.54709e+20	0.00e+00	0.00e+00	0.00e+00	0.00e+00	0.00e+00	0.00e+00	0.00e+00	0.00e+00	0.00e+00	1.97e-29	2.46e-26	1.94e-23	1.31e-20	5.03e-18	1.30e-15	2.29e-13	6.32e-11	5.37e-09	2.77e-07	8.29e-06	1.44e-04	1.40e-03	1.02e-02	6.29e-02	4.78e-01	3.56e-01	9.19e-02
 5.48444e+20	0.00e+00	0.00e+00	0.00e+00	0.00e+00	0.00e+00	0.00e+00	0.00e+00	0.00e+00	0.00e+00	5.07e-29	5.90e-26	4.32e-23	2.71e-20	9.72e-18	2.34e-15	3.86e-13	1.03e-10	8.41e-09	4.14e-07	1.17e-05	1.91e-04	1.74e-03	1.19e-02	6.89e-02	4.91e-01	3.43e-01	8.32e-02
 5.86615e+20	0.00e+00	0.00e+00	0.00e+00	0.00e+00	0.00e+00	0.00e+00	0.00e+00	0.00e+00	0.00e+00	7.51e-29	8.48e-26	6.01e-23	3.66e-20	1.27e-17	2.97e-15	4.77e-13	1.26e-10	1.01e-08	4.88e-07	1.35e-05	2.16e-04	1.91e-03	1.27e-02	7.15e-02	4.96e-01	3.38e-01	7.97e-02
 6.18481e+20	0.00e+00	0.00e+00	0.00e+00	0.00e+00	0.00e+00	0.00e+00	0.00e+00	0.00e+00	0.00e+00	1.01e-28	1.12e-25	7.76e-23	4.62e-20	1.57e-17	3.59e-15	5.65e-13	1.47e-10	1.17e-08	5.54e-07	1.50e-05	2.36e-04	2.05e-03	1.33e-02	7.35e-02	5.00e-01	3.33e-01	7.72e-02
 6.59908e+20	0.00e+00	0.00e+00	0.00e+00	0.00e+00	0.00e+00	0.00e+00	0.00e+00	0.00e+00	0.00e+00	1.52e-28	1.62e-25	1.09e-22	6.30e-20	2.08e-17	4.60e-15	7.04e-13	1.81e-10	1.41e-08	6.56e-07	1.74e-05	2.66e-04	2.25e-03	1.42e-02	7.62e-02	5.05e-01	3.28e-01	7.39e-02
 7.13762e+20	0.00e+00	0.00e+00	0.00e+00	0.00e+00	0.00e+00	0.00e+00	0.00e+00	0.00e+00	0.00e+00	2.55e-28	2.62e-25	1.69e-22	9.38e-20	2.97e-17	6.33e-15	9.35e-13	2.37e-10	1.80e-08	8.16e-07	2.10e-05	3.11e-04	2.54e-03	1.54e-02	7.99e-02	5.12e-01	3.20e-01	6.97e-02
 7.83773e+20	0.00e+00	0.00e+00	0.00e+00	0.00e+00	0.00e+00	0.00e+00	0.00e+00	0.00e+00	0.00e+00	4.96e-28	4.85e-25	2.97e-22	1.56e-19	4.71e-17	9.53e-15	1.34e-12	3.33e-10	2.46e-08	1.08e-06	2.67e-05	3.79e-04	2.96e-03	1.72e-02	8.48e-02	5.19e-01	3.11e-01	6.47e-02
 8.56030e+20	0.00e+00	0.00e+00	0.00e+00	0.00e+00	0.00e+00	0.00e+00	0.00e+00	0.00e+00	7.07e-31	9.78e-28	9.07e-25	5.28e-22	2.63e-19	7.52e-17	1.44e-14	1.94e-12	4.71e-10	3.39e-08	1.43e-06	3.41e-05	4.64e-04	3.47e-03	1.91e-02	9.00e-02	5.26e-01	3.01e-01	5.98e-02
 9.11644e+20	0.00e+00	0.00e+00	0.00e+00	0.00e+00	0.00e+00	0.00e+00	0.00e+00	0.00e+00	1.24e-30	1.64e-27	1.46e-24	8.17e-22	3.91e-19	1.07e-16	1.98e-14	2.57e-12	6.14e-10	4.32e-08	1.78e-06	4.11e-05	5.41e-04	3.90e-03	2.08e-02	9.40e-02	5.31e-01	2.93e-01	5.62e-02
 9.56467e+20	0.00e+00	0.00e+00	0.00e+00	0.00e+00	0.00e+00	0.00e+00	0.00e+00	0.00e+00	1.92e-30	2.48e-27	2.14e-24	1.16e-21	5.35e-19	1.42e-16	2.54e-14	3.20e-12	7.57e-10	5.23e-08	2.12e-06	4.77e-05	6.11e-04	4.28e-03	2.22e-02	9.73e-02	5.35e-01	2.87e-01	5.36e-02
 1.00682e+21	0.00e+00	0.00e+00	0.00e+00	0.00e+00	0.00e+00	0.00e+00	0.00e+00	0.00e+00	3.15e-30	3.91e-27	3.26e-24	1.70e-21	7.59e-19	1.95e-16	3.36e-14	4.09e-12	9.55e-10	6.48e-08	2.56e-06	5.62e-05	6.99e-04	4.75e-03	2.38e-02	1.01e-01	5.39e-01	2.80e-01	5.07e-02
 1.07229e+21	0.00e+00	0.00e+00	0.00e+00	0.00e+00	0.00e+00	0.00e+00	0.00e+00	0.00e+00	5.95e-30	7.06e-27	5.61e-24	2.79e-21	1.19e-18	2.91e-16	4.80e-14	5.60e-12	1.29e-09	8.53e-08	3.27e-06	6.94e-05	8.31e-04	5.43e-03	2.60e-02	1.06e-01	5.43e-01	2.71e-01	4.71e-02
 1.14077e+21	0.00e+00	0.00e+00	0.00e+00	0.00e+00	0.00e+00	0.00e+00	0.00e+00	0.00e+00	1.15e-29	1.30e-26	9.83e-24	4.66e-21	1.89e-18	4.41e-16	6.94e-14	7.75e-12	1.75e-09	1.13e-07	4.22e-06	8.62e-05	9.93e-04	6.23e-03	2.86e-02	1.11e-01	5.47e-01	2.62e-01	4.37e-02
 1.19834e+21	0.00e+00	0.00e+00	0.00e+00	0.00e+00	0.00e+00	0.00e+00	0.00e+00	0.00e+00	1.98e-29	2.16e-26	1.57e-23	7.14e-21	2.78e-18	6.23e-16	9.42e-14	1.01e-11	2.26e-09	1.43e-07	5.21e-06	1.03e-04	1.15e-03	6.97e-03	3.08e-02	1.16e-01	5.50e-01	2.54e-01	4.10e-02
 1.25834e+21	0.00e+00	0.00e+00	0.00e+00	0.00e+00	0.00e+00	0.00e+00	0.00e+00	0.00e+00	3.45e-29	3.60e-26	2.51e-23	1.10e-20	4.11e-18	8.84e-16	1.28e-13	1.33e-11	2.93e-09	1.82e-07	6.44e-06	1.24e-04	1.34e-03	7.81e-03	3.33e-02	1.20e-01	5.52e-01	2.47e-01	3.83e-02
 1.32479e+21	0.00e+00	0.00e+00	0.00e+00	0.00e+00	0.00e+00	0.00e+00	0.00e+00	0.00e+00	6.46e-29	6.45e-26	4.29e-23	1.79e-20	6.38e-18	1.31e-15	1.82e-13	1.80e-11	3.92e-09	2.38e-07	8.21e-06	1.52e-04	1.58e-03	8.89e-03	3.63e-02	1.26e-01	5.54e-01	2.38e-01	3.55e-02
 1.38443e+21	0.00e+00	0.00e+00	0.00e+00	0.00e+00	0.00e+00	0.00e+00	0.00e+00	0.00e+00	1.12e-28	1.07e-25	6.85e-23	2.74e-20	9.39e-18	1.85e-15	2.46e-13	2.36e-11	5.06e-09	3.02e-07	1.01e-05	1.82e-04	1.83e-03	9.93e-03	3.91e-02	1.30e-01	5.56e-01	2.30e-01	3.32e-02
 1.43809e+21	0.00e+00	0.00e+00	0.00e+00	0.00e+00	0.00e+00	0.00e+00	0.00e+00	0.00e+00	1.83e-28	1.69e-25	1.04e-22	4.02e-20	1.33e-17	2.52e-15	3.23e-13	2.99e-11	6.36e-09	3.73e-07	1.22e-05	2.14e-04	2.09e-03	1.10e-02	4.17e-02	1.34e-01	5.56e-01	2.23e-01	3.12e-02
 1.49918e+21	0.00e+00	0.00e+00	0.00e+00	0.00e+00	0.00e+00	0.00e+00	0.00e+00	0.00e+00	3.16e-28	2.81e-25	1.66e-22	6.15e-20	1.94e-17	3.54e-15	4.37e-13	3.89e-11	8.20e-09	4.71e-07	1.51e-05	2.56e-04	2.42e-03	1.22e-02	4.48e-02	1.39e-01	5.57e-01	2.15e-01	2.91e-02
 1.57858e+21	0.00e+00	0.00e+00	0.00e+00	0.00e+00	0.00e+00	0.00e+00	0.00e+00	0.00e+00	6.42e-28	5.40e-25	3.03e-22	1.06e-19	3.19e-17	5.51e-15	6.44e-13	5.47e-11	1.14e-08	6.37e-07	1.97e-05	3.22e-04	2.91e-03	1.41e-02	4.92e-02	1.45e-01	5.56e-01	2.06e-01	2.66e-02
 1.65777e+21	0.00e+00	0.00e+00	0.00e+00	0.00e+00	0.00e+00	0.00e+00	0.00e+00	4.31e-31	1.29e-27	1.03e-24	5.49e-22	1.83e-19	5.19e-17	8.52e-15	9.45e-13	7.64e-11	1.57e-08	8.58e-07	2.57e-05	4.04e-04	3.49e-03	1.62e-02	5.38e-02	1.51e-01	5.55e-01	1.96e-01	2.42e-02
 1.71686e+21	0.00e+00	0.00e+00	0.00e+00	0.00e+00	0.00e+00	0.00e+00	0.00e+00	7.50e-31	2.16e-27	1.66e-24	8.51e-22	2.73e-19	7.44e-17	1.17e-14	1.25e-12	9.77e-11	1.99e-08	1.07e-06	3.13e-05	4.77e-04	4.00e-03	1.79e-02	5.74e-02	1.56e-01	5.53e-01	1.89e-01	2.26e-02
 1.77389e+21	0.00e+00	0.00e+00	0.00e+00	0.00e+00	0.00e+00	0.00e+00	0.00e+00	1.27e-30	3.53e-27	2.62e-24	1.29e-21	3.99e-19	1.05e-16	1.59e-14	1.64e-12	1.23e-10	2.49e-08	1.31e-06	3.77e-05	5.58e-04	4.54e-03	1.97e-02	6.10e-02	1.60e-01	5.51e-01	1.82e-01	2.11e-02
 1.84802e+21	0.00e+00	0.00e+00	0.00e+00	0.00e+00	0.00e+00	0.00e+00	0.00e+00	2.50e-30	6.64e-27	4.70e-24	2.21e-21	6.50e-19	1.63e-16	2.36e-14	2.31e-12	1.67e-10	3.32e-08	1.72e-06	4.78e-05	6.83e-04	5.34e-03	2.22e-02	6.59e-02	1.65e-01	5.47e-01	1.74e-01	1.93e-02
 1.92504e+21	0.00e+00	0.00e+00	0.00e+00	0.00e+00	0.00e+00	0.00e+00	0.00e+00	5.03e-30	1.27e-26	8.57e-24	3.84e-21	1.07e-18	2.56e-16	3.53e-14	3.29e-12	2.26e-10	4.47e-08	2.26e-06	6.10e-05	8.39e-04	6.30e-03	2.51e-02	7.12e-02	1.71e-01	5.43e-01	1.65e-01	1.76e-02
 1.98899e+21	0.00e+00	0.00e+00	0.00e+00	0.00e+00	0.00e+00	0.00e+00	0.00e+00	8.93e-30	2.17e-26	1.40e-23	6.04e-21	1.62e-18	3.71e-16	4.91e-14	4.39e-12	2.91e-10	5.70e-08	2.83e-06	7.45e-05	9.94e-04	7.22e-03	2.77e-02	7.58e-02	1.75e-01	5.38e-01	1.58e-01	1.63e-02
 2.05532e+21	0.00e+00	0.00e+00	0.00e+00	0.00e+00	0.00e+00	0.00e+00	0.00e+00	1.61e-29	3.74e-26	2.33e-23	9.61e-21	2.48e-18	5.42e-16	6.88e-14	5.91e-12	3.77e-10	7.31e-08	3.56e-06	9.13e-05	1.18e-03	8.28e-03	3.07e-02	8.07e-02	1.79e-01	5.33e-01	1.51e-01	1.51e-02
 2.12806e+21	0.00e+00	0.00e+00	0.00e+00	0.00e+00	0.00e+00	0.00e+00	0.00e+00	3.04e-29	6.78e-26	4.03e-23	1.59e-20	3.91e-18	8.19e-16	9.93e-14	8.14e-12	4.97e-10	9.56e-08	4.56e-06	1.14e-04	1.42e-03	9.60e-03	3.42e-02	8.63e-02	1.84e-01	5.27e-01	1.44e-01	1.38e-02
 2.19390e+21	0.00e+00	0.00e+00	0.00e+00	0.00e+00	0.00e+00	0.00e+00	0.00e+00	5.37e-29	1.15e-25	6.59e-23	2.50e-20	5.90e-18	1.18e-15	1.38e-13	1.08e-11	6.38e-10	1.22e-07	5.70e-06	1.39e-04	1.68e-03	1.09e-02	3.76e-02	9.15e-02	1.88e-01	5.20e-01	1.37e-01	1.27e-02
 2.25471e+21	0.00e+00	0.00e+00	0.00e+00	0.00e+00	0.00e+00	0.00e+00	0.00e+00	9.05e-29	1.87e-25	1.03e-22	3.77e-20	8.58e-18	1.66e-15	1.86e-13	1.41e-11	7.99e-10	1.51e-07	6.97e-06	1.66e-04	1.95e-03	1.23e-02	4.10e-02	9.64e-02	1.91e-01	5.14e-01	1.31e-01	1.18e-02
 2.32425e+21	0.00e+00	0.00e+00	0.00e+00	0.00e+00	0.00e+00	0.00e+00	0.00e+00	1.63e-28	3.23e-25	1.71e-22	5.99e-20	1.31e-17	2.42e-15	2.60e-13	1.89e-11	1.03e-09	1.94e-07	8.75e-06	2.03e-04	2.30e-03	1.41e-02	4.51e-02	1.02e-01	1.95e-01	5.06e-01	1.25e-01	1.08e-02
 2.40188e+21	0.00e+00	0.00e+00	0.00e+00	0.00e+00	0.00e+00	0.00e+00	0.00e+00	3.11e-28	5.92e-25	2.99e-22	1.00e-19	2.08e-17	3.68e-15	3.77e-13	2.62e-11	1.37e-09	2.54e-07	1.12e-05	2.53e-04	2.77e-03	1.63e-02	5.00e-02	1.09e-01	1.98e-01	4.96e-01	1.18e-01	9.80e-03
 2.47411e+21	0.00e+00	0.00e+00	0.00e+00	0.00e+00	0.00e+00	0.00e+00	0.00e+00	5.65e-28	1.03e-24	4.99e-22	1.60e-19	3.20e-17	5.40e-15	5.31e-13	3.53e-11	1.77e-09	3.25e-07	1.41e-05	3.09e-04	3.27e-03	1.86e-02	5.49e-02	1.15e-01	2.01e-01	4.87e-01	1.11e-01	8.94e-03
 2.54134e+21	0.00e+00	0.00e+00	0.00e+00	0.00e+00	0.00e+00	0.00e+00	0.00e+00	9.76e-28	1.71e-24	7.99e-22	2.46e-19	4.73e-17	7.69e-15	7.26e-13	4.63e-11	2.24e-09	4.08e-07	1.74e-05	3.71e-04	3.81e-03	2.09e-02	5.97e-02	1.20e-01	2.04e-01	4.78e-01	1.06e-01	8.20e-03
 2.61799e+21	0.00e+00	0.00e+00	0.00e+00	0.00e+00	0.00e+00	0.00e+00	5.66e-31	1.80e-27	3.03e-24	1.36e-21	4.00e-19	7.35e-17	1.14e-14	1.03e-12	6.29e-11	2.91e-09	5.26e-07	2.19e-05	4.56e-04	4.52e-03	2.39e-02	6.55e-02	1.27e-01	2.06e-01	4.66e-01	9.93e-02	7.43e-03
 2.70109e+21	0.00e+00	0.00e+00	0.00e+00	0.00e+00	0.00e+00	0.00e+00	1.14e-30	3.48e-27	5.59e-24	2.38e-21	6.71e-19	1.18e-16	1.74e-14	1.50e-12	8.73e-11	3.86e-09	6.90e-07	2.81e-05	5.67e-04	5.40e-03	2.74e-02	7.22e-02	1.34e-01	2.08e-01	4.54e-01	9.27e-02	6.67e-03
 2.77537e+21	0.00e+00	0.00e+00	0.00e+00	0.00e+00	0.00e+00	0.00e+00	2.11e-30	6.20e-27	9.56e-24	3.92e-21	1.06e-18	1.78e-16	2.53e-14	2.09e-12	1.16e-10	4.95e-09	8.75e-07	3.49e-05	6.85e-04	6.32e-03	3.09e-02	7.85e-02	1.40e-01	2.09e-01	4.42e-01	8.71e-02	6.05e-03
 2.84283e+21	0.00e+00	0.00e+00	0.00e+00	0.00e+00	0.00e+00	0.00e+00	3.66e-30	1.04e-26	1.55e-23	6.11e-21	1.59e-18	2.58e-16	3.52e-14	2.80e-12	1.50e-10	6.17e-09	1.08e-06	4.24e-05	8.11e-04	7.25e-03	3.44e-02	8.44e-02	1.45e-01	2.10e-01	4.30e-01	8.22e-02	5.53e-03
 2.91865e+21	0.00e+00	0.00e+00	0.00e+00	0.00e+00	0.00e+00	0.00e+00	6.73e-30	1.84e-26	2.63e-23	9.99e-21	2.50e-18	3.88e-16	5.09e-14	3.88e-12	2.00e-10	7.87e-09	1.36e-06	5.24e-05	9.75e-04	8.44e-03	3.86e-02	9.12e-02	1.51e-01	2.10e-01	4.17e-01	7.70e-02	5.00e-03
 3.00375e+21	0.00e+00	0.00e+00	0.00e+00	0.00e+00	0.00e+00	0.00e+00	1.32e-29	3.45e-26	4.73e-23	1.72e-20	4.11e-18	6.10e-16	7.63e-14	5.56e-12	2.73e-10	1.03e-08	1.76e-06	6.61e-05	1.19e-03	9.95e-03	4.37e-02	9.92e-02	1.58e-01	2.10e-01	4.02e-01	7.14e-02	4.46e-03
 3.08370e+21	0.00e+00	0.00e+00	0.00e+00	0.00e+00	0.00e+00	0.00e+00	2.45e-29	6.17e-26	8.12e-23	2.83e-20	6.50e-18	9.25e-16	1.11e-13	7.74e-12	3.65e-10	1.32e-08	2.23e-06	8.18e-05	1.44e-03	1.16e-02	4.89e-02	1.07e-01	1.63e-01	2.09e-01	3.88e-01	6.63e-02	4.00e-03
 3.15856e+21	0.00e+00	0.00e+00	0.00e+00	0.00e+00	0.00e+00	0.00e+00	4.33e-29	1.05e-25	1.34e-22	4.49e-20	9.90e-18	1.36e-15	1.56e-13	1.05e-11	4.75e-10	1.66e-08	2.76e-06	9.93e-05	1.70e-03	1.32e-02	5.42e-02	1.14e-01	1.69e-01	2.08e-01	3.74e-01	6.19e-02	3.61e-03
 3.24405e+21	0.00e+00	0.00e+00	0.00e+00	0.00e+00	0.00e+00	0.00e+00	8.19e-29	1.91e-25	2.33e-22	7.51e-20	1.59e-17	2.08e-15	2.29e-13	1.47e-11	6.39e-10	2.14e-08	3.51e-06	1.23e-04	2.05e-03	1.54e-02	6.05e-02	1.23e-01	1.74e-01	2.06e-01	3.59e-01	5.71e-02	3.21e-03
 3.33587e+21	0.00e+00	0.00e+00	0.00e+00	0.00e+00	0.00e+00	0.00e+00	1.60e-28	3.59e-25	4.19e-22	1.29e-19	2.61e-17	3.27e-15	3.44e-13	2.11e-11	8.73e-10	2.79e-08	4.51e-06	1.54e-04	2.48e-03	1.79e-02	6.78e-02	1.32e-01	1.79e-01	2.04e-01	3.42e-01	5.23e-02	2.82e-03
 3.41660e+21	0.00e+00	0.00e+00	0.00e+00	0.00e+00	0.00e+00	0.00e+00	2.86e-28	6.18e-25	6.93e-22	2.06e-19	4.00e-17	4.82e-15	4.87e-13	2.87e-11	1.14e-09	3.51e-08	5.59e-06	1.87e-04	2.93e-03	2.04e-02	7.47e-02	1.40e-01	1.83e-01	2.01e-01	3.27e-01	4.83e-02	2.52e-03
 3.50222e+21	0.00e+00	0.00e+00	0.00e+00	0.00e+00	0.00e+00	0.00e+00	5.21e-28	1.08e-24	1.17e-21	3.34e-19	6.23e-17	7.20e-15	6.98e-13	3.95e-11	1.51e-09	4.45e-08	6.98e-06	2.28e-04	3.46e-03	2.34e-02	8.22e-02	1.48e-01	1.87e-01	1.97e-01	3.11e-01	4.44e-02	2.23e-03
 3.59845e+21	0.00e+00	0.00e+00	0.00e+00	0.00e+00	0.00e+00	0.00e+00	1.01e-27	2.01e-24	2.08e-21	5.68e-19	1.01e-16	1.12e-14	1.04e-12	5.61e-11	2.04e-09	5.77e-08	8.88e-06	2.83e-04	4.16e-03	2.70e-02	9.11e-02	1.58e-01	1.91e-01	1.93e-01	2.94e-01	4.02e-02	1.95e-03
 3.68921e+21	0.00e+00	0.00e+00	0.00e+00	0.00e+00	0.00e+00	0.00e+00	1.85e-27	3.56e-24	3.53e-21	9.27e-19	1.59e-16	1.68e-14	1.50e-12	7.75e-11	2.70e-09	7.33e-08	1.11e-05	3.44e-04	4.91e-03	3.07e-02	9.99e-02	1.67e-01	1.94e-01	1.88e-01	2.77e-01	3.67e-02	1.71e-03
 3.77469e+21	0.00e+00	0.00e+00	0.00e+00	0.00e+00	0.00e+00	0.00e+00	3.24e-27	6.01e-24	5.76e-21	1.46e-18	2.40e-16	2.45e-14	2.09e-12	1.04e-10	3.49e-09	9.12e-08	1.36e-05	4.11e-04	5.71e-03	3.45e-02	1.08e-01	1.74e-01	1.96e-01	1.83e-01	2.62e-01	3.35e-02	1.51e-03
 3.87257e+21	0.00e+00	0.00e+00	0.00e+00	0.00e+00	0.00e+00	7.04e-31	6.05e-27	1.08e-23	9.92e-21	2.41e-18	3.81e-16	3.72e-14	3.04e-12	1.45e-10	4.65e-09	1.16e-07	1.70e-05	5.01e-04	6.73e-03	3.92e-02	1.18e-01	1.83e-01	1.97e-01	1.78e-01	2.46e-01	3.02e-02	1.31e-03
 3.98205e+21	0.00e+00	0.00e+00	0.00e+00	0.00e+00	0.00e+00	1.45e-30	1.20e-26	2.05e-23	1.80e-20	4.17e-18	6.29e-16	5.87e-14	4.57e-12	2.08e-10	6.35e-09	1.52e-07	2.16e-05	6.19e-04	8.03e-03	4.49e-02	1.30e-01	1.92e-01	1.98e-01	1.71e-01	2.28e-01	2.69e-02	1.12e-03
 4.07972e+21	0.00e+00	0.00e+00	0.00e+00	0.00e+00	0.00e+00	2.73e-30	2.17e-26	3.57e-23	3.02e-20	6.72e-18	9.74e-16	8.73e-14	6.52e-12	2.84e-10	8.33e-09	1.91e-07	2.66e-05	7.43e-04	9.35e-03	5.04e-02	1.40e-01	2.00e-01	1.98e-01	1.64e-01	2.12e-01	2.41e-02	9.70e-04
 4.16430e+21	0.00e+00	0.00e+00	0.00e+00	0.00e+00	0.00e+00	4.66e-30	3.58e-26	5.72e-23	4.67e-20	1.01e-17	1.41e-15	1.22e-13	8.79e-12	3.70e-10	1.05e-08	2.32e-07	3.17e-05	8.65e-04	1.06e-02	5.54e-02	1.49e-01	2.06e-01	1.98e-01	1.58e-01	2.00e-01	2.20e-02	8.57e-04
 4.25873e+21	0.00e+00	0.00e+00	0.00e+00	0.00e+00	0.00e+00	8.19e-30	6.08e-26	9.39e-23	7.41e-20	1.54e-17	2.08e-15	1.74e-13	1.21e-11	4.89e-10	1.33e-08	2.85e-07	3.82e-05	1.01e-03	1.21e-02	6.10e-02	1.59e-01	2.11e-01	1.97e-01	1.52e-01	1.86e-01	1.99e-02	7.49e-04
 4.38150e+21	0.00e+00	0.00e+00	0.00e+00	0.00e+00	0.00e+00	1.74e-29	1.24e-25	1.82e-22	1.37e-19	2.72e-17	3.50e-15	2.78e-13	1.84e-11	7.08e-10	1.83e-08	3.73e-07	4.86e-05	1.25e-03	1.43e-02	6.93e-02	1.72e-01	2.19e-01	1.94e-01	1.43e-01	1.69e-01	1.72e-02	6.22e-04
 4.50588e+21	0.00e+00	0.00e+00	0.00e+00	0.00e+00	0.00e+00	3.60e-29	2.45e-25	3.46e-22	2.49e-19	4.71e-17	5.78e-15	4.38e-13	2.75e-11	1.01e-09	2.49e-08	4.83e-07	6.13e-05	1.52e-03	1.68e-02	7.80e-02	1.85e-01	2.25e-01	1.91e-01	1.35e-01	1.53e-01	1.49e-02	5.17e-04
 4.60679e+21	0.00e+00	0.00e+00	0.00e+00	0.00e+00	0.00e+00	6.40e-29	4.20e-25	5.74e-22	3.98e-19	7.27e-17	8.59e-15	6.26e-13	3.79e-11	1.34e-09	3.17e-08	5.93e-07	7.34e-05	1.78e-03	1.91e-02	8.53e-02	1.95e-01	2.29e-01	1.87e-01	1.28e-01	1.41e-01	1.33e-02	4.45e-04
 4.71242e+21	0.00e+00	0.00e+00	0.00e+00	0.00e+00	0.00e+00	1.15e-28	7.28e-25	9.60e-22	6.42e-19	1.13e-16	1.28e-14	9.00e-13	5.23e-11	1.78e-09	4.05e-08	7.28e-07	8.81e-05	2.07e-03	2.16e-02	9.32e-02	2.06e-01	2.32e-01	1.83e-01	1.20e-01	1.29e-01	1.18e-02	3.80e-04
 4.84973e+21	0.00e+00	0.00e+00	0.00e+00	0.00e+00	0.00e+00	2.40e-28	1.46e-24	1.84e-21	1.17e-18	1.97e-16	2.13e-14	1.42e-12	7.87e-11	2.54e-09	5.50e-08	9.43e-07	1.11e-04	2.51e-03	2.51e-02	1.04e-01	2.18e-01	2.36e-01	1.78e-01	1.11e-01	1.15e-01	1.00e-02	3.10e-04
 4.99073e+21	0.00e+00	0.00e+00	0.00e+00	0.00e+00	0.00e+00	5.04e-28	2.92e-24	3.52e-21	2.14e-18	3.43e-16	3.54e-14	2.25e-12	1.18e-10	3.64e-09	7.48e-08	1.22e-06	1.38e-04	3.03e-03	2.91e-02	1.15e-01	2.31e-01	2.38e-01	1.71e-01	1.02e-01	1.02e-01	8.49e-03	2.50e-04
 5.10117e+21	0.00e+00	0.00e+00	0.00e+00	0.00e+00	0.00e+00	8.86e-28	4.96e-24	5.78e-21	3.40e-18	5.24e-16	5.21e-14	3.19e-12	1.61e-10	4.77e-09	9.43e-08	1.48e-06	1.64e-04	3.49e-03	3.25e-02	1.24e-01	2.40e-01	2.38e-01	1.65e-01	9.54e-02	9.27e-02	7.45e-03	2.12e-04
 5.20939e+21	0.00e+00	0.00e+00	0.00e+00	0.00e+00	0.00e+00	1.52e-27	8.22e-24	9.27e-21	5.26e-18	7.84e-16	7.52e-14	4.44e-12	2.16e-10	6.17e-09	1.17e-07	1.78e-06	1.92e-04	3.99e-03	3.61e-02	1.33e-01	2.49e-01	2.38e-01	1.60e-01	8.91e-02	8.43e-02	6.55e-03	1.81e-04
 5.35007e+21	0.00e+00	0.00e+00	0.00e+00	0.00e+00	0.00e+00	3.00e-27	1.56e-23	1.69e-20	9.15e-18	1.31e-15	1.20e-13	6.74e-12	3.14e-10	8.53e-09	1.55e-07	2.25e-06	2.34e-04	4.70e-03	4.09e-02	1.45e-01	2.59e-01	2.37e-01	1.52e-01	8.14e-02	7.44e-02	5.54e-03	1.46e-04
 5.49607e+21	0.00e+00	0.00e+00	0.00e+00	0.00e+00	4.13e-31	5.97e-27	2.98e-23	3.09e-20	1.60e-17	2.19e-15	1.91e-13	1.03e-11	4.57e-10	1.18e-08	2.05e-07	2.83e-06	2.86e-04	5.53e-03	4.64e-02	1.57e-01	2.68e-01	2.35e-01	1.44e-01	7.38e-02	6.52e-02	4.65e-03	1.18e-04
 5.61793e+21	0.00e+00	0.00e+00	0.00e+00	0.00e+00	7.48e-31	1.05e-26	5.05e-23	5.06e-20	2.53e-17	3.33e-15	2.80e-13	1.45e-11	6.19e-10	1.54e-08	2.57e-07	3.42e-06	3.36e-04	6.30e-03	5.12e-02	1.67e-01	2.75e-01	2.32e-01	1.38e-01	6.79e-02	5.84e-02	4.01e-03	9.80e-05
 5.74531e+21	0.00e+00	0.00e+00	0.00e+00	0.00e+00	1.35e-30	1.83e-26	8.52e-23	8.25e-20	3.98e-17	5.04e-15	4.09e-13	2.04e-11	8.37e-10	2.01e-08	3.21e-07	4.12e-06	3.93e-04	7.16e-03	5.63e-02	1.77e-01	2.81e-01	2.29e-01	1.31e-01	6.23e-02	5.21e-02	3.46e-03	8.15e-05
 5.91090e+21	0.00e+00	0.00e+00	0.00e+00	0.00e+00	2.94e-30	3.81e-26	1.70e-22	1.57e-19	7.22e-17	8.71e-15	6.73e-13	3.19e-11	1.24e-09	2.83e-08	4.29e-07	5.23e-06	4.82e-04	8.43e-03	6.36e-02	1.91e-01	2.88e-01	2.24e-01	1.22e-01	5.53e-02	4.46e-02	2.82e-03	6.35e-05
 6.07814e+21	0.00e+00	0.00e+00	0.00e+00	0.00e+00	6.26e-30	7.78e-26	3.31e-22	2.93e-19	1.29e-16	1.48e-14	1.09e-12	4.91e-11	1.82e-09	3.94e-08	5.69e-07	6.60e-06	5.85e-04	9.85e-03	7.13e-02	2.04e-01	2.94e-01	2.18e-01	1.13e-01	4.90e-02	3.82e-02	2.31e-03	4.96e-05
 6.21232e+21	0.00e+00	0.00e+00	0.00e+00	0.00e+00	1.13e-29	1.36e-25	5.58e-22	4.77e-19	2.02e-16	2.24e-14	1.58e-12	6.88e-11	2.45e-09	5.10e-08	7.07e-07	7.90e-06	6.80e-04	1.11e-02	7.77e-02	2.15e-01	2.97e-01	2.12e-01	1.06e-01	4.44e-02	3.37e-02	1.96e-03	4.07e-05
 6.33190e+21	0.00e+00	0.00e+00	0.00e+00	0.00e+00	1.89e-29	2.21e-25	8.80e-22	7.30e-19	2.99e-16	3.21e-14	2.20e-12	9.22e-11	3.17e-09	6.38e-08	8.54e-07	9.22e-06	7.74e-04	1.23e-02	8.36e-02	2.24e-01	3.00e-01	2.07e-01	1.01e-01	4.07e-02	3.01e-02	1.70e-03	3.41e-05
 6.46771e+21	0.00e+00	0.00e+00	0.00e+00	0.00e+00	3.34e-29	3.77e-25	1.46e-21	1.17e-18	4.62e-16	4.78e-14	3.15e-12	1.27e-10	4.22e-09	8.17e-08	1.05e-06	1.09e-05	8.91e-04	1.37e-02	9.05e-02	2.34e-01	3.01e-01	2.01e-01	9.42e-02	3.68e-02	2.65e-02	1.45e-03	2.80e-05
 6.64425e+21	0.00e+00	0.00e+00	0.00e+00	0.00e+00	6.88e-29	7.46e-25	2.76e-21	2.12e-18	8.01e-16	7.91e-14	4.98e-12	1.92e-10	6.05e-09	1.11e-07	1.37e-06	1.36e-05	1.06e-03	1.58e-02	9.97e-02	2.46e-01	3.03e-01	1.93e-01	8.63e-02	3.22e-02	2.25e-02	1.17e-03	2.17e-05
 6.82382e+21	0.00e+00	0.00e+00	0.00e+00	0.00e+00	1.42e-28	1.47e-24	5.21e-21	3.84e-18	1.39e-15	1.31e-13	7.85e-12	2.88e-10	8.65e-09	1.52e-07	1.77e-06	1.68e-05	1.26e-03	1.80e-02	1.09e-01	2.58e-01	3.03e-01	1.84e-01	7.88e-02	2.81e-02	1.90e-02	9.45e-04	1.67e-05
 6.96845e+21	0.00e+00	0.00e+00	0.00e+00	0.00e+00	2.49e-28	2.51e-24	8.58e-21	6.11e-18	2.13e-15	1.94e-13	1.12e-11	3.96e-10	1.15e-08	1.93e-07	2.17e-06	1.98e-05	1.45e-03	2.00e-02	1.17e-01	2.67e-01	3.02e-01	1.77e-01	7.30e-02	2.52e-02	1.66e-02	7.95e-04	1.36e-05
 7.11758e+21	0.00e+00	0.00e+00	0.00e+00	0.00e+00	4.41e-28	4.29e-24	1.42e-20	9.76e-18	3.28e-15	2.88e-13	1.60e-11	5.46e-10	1.52e-08	2.46e-07	2.65e-06	2.33e-05	1.65e-03	2.21e-02	1.26e-01	2.76e-01	3.00e-01	1.69e-01	6.75e-02	2.25e-02	1.44e-02	6.67e-04	1.10e-05
 7.31145e+21	0.00e+00	0.00e+00	0.00e+00	0.00e+00	9.07e-28	8.46e-24	2.68e-20	1.77e-17	5.67e-15	4.75e-13	2.52e-11	8.18e-10	2.16e-08	3.34e-07	3.42e-06	2.86e-05	1.95e-03	2.51e-02	1.37e-01	2.87e-01	2.97e-01	1.60e-01	6.09e-02	1.94e-02	1.20e-02	5.31e-04	8.36e-06
 7.51169e+21	0.00e+00	0.00e+00	0.00e+00	0.00e+00	1.89e-27	1.68e-23	5.11e-20	3.23e-17	9.88e-15	7.90e-13	3.99e-11	1.23e-09	3.09e-08	4.54e-07	4.42e-06	3.52e-05	2.31e-03	2.85e-02	1.49e-01	2.97e-01	2.92e-01	1.50e-01	5.46e-02	1.66e-02	9.96e-03	4.19e-04	6.30e-06
 7.67534e+21	0.00e+00	0.00e+00	0.00e+00	0.00e+00	3.38e-27	2.92e-23	8.54e-20	5.21e-17	1.54e-14	1.18e-12	5.75e-11	1.70e-09	4.11e-08	5.79e-07	5.42e-06	4.15e-05	2.63e-03	3.14e-02	1.58e-01	3.04e-01	2.88e-01	1.42e-01	4.98e-02	1.46e-02	8.55e-03	3.46e-04	5.00e-06
 7.84320e+21	0.00e+00	0.00e+00	0.00e+00	0.00e+00	6.05e-27	5.05e-23	1.43e-19	8.41e-17	2.39e-14	1.77e-12	8.27e-11	2.36e-09	5.46e-08	7.38e-07	6.62e-06	4.87e-05	2.99e-03	3.45e-02	1.68e-01	3.11e-01	2.83e-01	1.35e-01	4.54e-02	1.28e-02	7.31e-03	2.85e-04	3.97e-06
 8.02033e+21	0.00e+00	0.00e+00	0.00e+00	0.00e+00	1.11e-26	8.93e-23	2.44e-19	1.38e-16	3.78e-14	2.69e-12	1.21e-10	3.30e-09	7.32e-08	9.49e-07	8.15e-06	5.76e-05	3.41e-03	3.81e-02	1.79e-01	3.18e-01	2.77e-01	1.27e-01	4.10e-02	1.11e-02	6.19e-03	2.32e-04	3.10e-06
 8.17133e+21	0.00e+00	0.00e+00	0.00e+00	6.42e-31	1.84e-26	1.44e-22	3.80e-19	2.10e-16	5.54e-14	3.82e-12	1.65e-10	4.37e-09	9.35e-08	1.17e-06	9.69e-06	6.61e-05	3.81e-03	4.12e-02	1.88e-01	3.22e-01	2.72e-01	1.20e-01	3.76e-02	9.90e-03	5.38e-03	1.95e-04	2.52e-06
 8.32943e+21	0.00e+00	0.00e+00	0.00e+00	1.11e-30	3.09e-26	2.34e-22	6.00e-19	3.21e-16	8.20e-14	5.46e-12	2.28e-10	5.81e-09	1.20e-07	1.45e-06	1.16e-05	7.61e-05	4.25e-03	4.46e-02	1.97e-01	3.27e-01	2.66e-01	1.13e-01	3.44e-02	8.75e-03	4.65e-03	1.63e-04	2.03e-06
 8.53497e+21	0.00e+00	0.00e+00	0.00e+00	2.25e-30	5.98e-26	4.35e-22	1.07e-18	5.51e-16	1.35e-13	8.60e-12	3.44e-10	8.36e-09	1.65e-07	1.89e-06	1.44e-05	9.08e-05	4.88e-03	4.93e-02	2.09e-01	3.32e-01	2.57e-01	1.05e-01	3.05e-02	7.45e-03	3.85e-03	1.29e-04	1.54e-06
 8.74126e+21	0.00e+00	0.00e+00	0.00e+00	4.50e-30	1.15e-25	8.04e-22	1.91e-18	9.41e-16	2.21e-13	1.35e-11	5.15e-10	1.20e-08	2.25e-07	2.47e-06	1.79e-05	1.08e-04	5.59e-03	5.43e-02	2.22e-01	3.36e-01	2.49e-01	9.71e-02	2.70e-02	6.34e-03	3.18e-03	1.02e-04	1.16e-06
 8.90266e+21	0.00e+00	0.00e+00	0.00e+00	7.67e-30	1.89e-25	1.29e-21	2.96e-18	1.42e-15	3.22e-13	1.90e-11	7.02e-10	1.58e-08	2.86e-07	3.02e-06	2.12e-05	1.23e-04	6.19e-03	5.83e-02	2.31e-01	3.39e-01	2.42e-01	9.12e-02	2.46e-02	5.58e-03	2.74e-03	8.47e-05	9.37e-07
 9.03664e+21	0.00e+00	0.00e+00	0.00e+00	1.18e-29	2.84e-25	1.89e-21	4.23e-18	1.98e-15	4.38e-13	2.51e-11	9.03e-10	1.97e-08	3.47e-07	3.56e-06	2.42e-05	1.37e-04	6.72e-03	6.18e-02	2.39e-01	3.40e-01	2.36e-01	8.66e-02	2.27e-02	5.02e-03	2.42e-03	7.29e-05	7.84e-07
 9.18080e+21	0.00e+00	0.00e+00	0.00e+00	1.88e-29	4.39e-25	2.84e-21	6.21e-18	2.83e-15	6.07e-13	3.39e-11	1.18e-09	2.50e-08	4.26e-07	4.25e-06	2.80e-05	1.54e-04	7.33e-03	6.56e-02	2.47e-01	3.41e-01	2.29e-01	8.17e-02	2.09e-02	4.48e-03	2.12e-03	6.19e-05	6.47e-07
 9.36822e+21	0.00e+00	0.00e+00	0.00e+00	3.37e-29	7.60e-25	4.75e-21	1.01e-17	4.43e-15	9.19e-13	4.95e-11	1.66e-09	3.38e-08	5.53e-07	5.29e-06	3.35e-05	1.77e-04	8.17e-03	7.08e-02	2.57e-01	3.42e-01	2.21e-01	7.59e-02	1.87e-02	3.87e-03	1.79e-03	5.03e-05	5.06e-07
 9.55935e+21	0.00e+00	0.00e+00	0.00e+00	6.10e-29	1.33e-24	8.02e-21	1.64e-17	7.00e-15	1.40e-12	7.25e-11	2.34e-09	4.58e-08	7.20e-07	6.61e-06	4.01e-05	2.04e-04	9.10e-03	7.62e-02	2.68e-01	3.43e-01	2.12e-01	7.01e-02	1.66e-02	3.33e-03	1.50e-03	4.06e-05	3.93e-07
 9.71243e+21	0.00e+00	0.00e+00	0.00e+00	9.73e-29	2.05e-24	1.21e-20	2.41e-17	1.00e-14	1.95e-12	9.80e-11	3.07e-09	5.81e-08	8.85e-07	7.87e-06	4.63e-05	2.28e-04	9.90e-03	8.07e-02	2.76e-01	3.43e-01	2.06e-01	6.58e-02	1.52e-02	2.95e-03	1.31e-03	3.43e-05	3.22e-07
 9.86852e+21	0.00e+00	0.00e+00	0.00e+00	1.55e-28	3.18e-24	1.82e-20	3.54e-17	1.43e-14	2.71e-12	1.32e-10	4.01e-09	7.38e-08	1.09e-06	9.36e-06	5.33e-05	2.55e-04	1.08e-02	8.54e-02	2.84e-01	3.42e-01	1.99e-01	6.17e-02	1.38e-02	2.61e-03	1.14e-03	2.89e-05	2.63e-07
 1.00346e+22	0.00e+00	0.00e+00	0.00e+00	2.53e-28	5.04e-24	2.81e-20	5.32e-17	2.09e-14	3.83e-12	1.82e-10	5.33e-09	9.49e-08	1.35e-06	1.12e-05	6.18e-05	2.86e-04	1.17e-02	9.05e-02	2.92e-01	3.41e-01	1.91e-01	5.75e-02	1.25e-02	2.29e-03	9.77e-04	2.40e-05	2.12e-07
 1.01773e+22	0.00e+00	0.00e+00	0.00e+00	3.85e-28	7.46e-24	4.07e-20	7.52e-17	2.89e-14	5.15e-12	2.38e-10	6.80e-09	1.18e-07	1.63e-06	1.31e-05	7.00e-05	3.15e-04	1.26e-02	9.50e-02	2.99e-01	3.39e-01	1.85e-01	5.41e-02	1.14e-02	2.05e-03	8.58e-04	2.05e-05	1.76e-07
 1.03070e+22	0.00e+00	0.00e+00	0.00e+00	5.56e-28	1.05e-23	5.63e-20	1.02e-16	3.84e-14	6.69e-12	3.02e-10	8.41e-09	1.42e-07	1.91e-06	1.50e-05	7.82e-05	3.44e-04	1.35e-02	9.92e-02	3.05e-01	3.38e-01	1.79e-01	5.12e-02	1.06e-02	1.85e-03	7.65e-04	1.78e-05	1.49e-07
 1.04560e+22	0.00e+00	0.00e+00	0.00e+00	8.50e-28	1.57e-23	8.18e-20	1.45e-16	5.33e-14	9.04e-12	3.97e-10	1.08e-08	1.76e-07	2.30e-06	1.76e-05	8.88e-05	3.79e-04	1.45e-02	1.04e-01	3.12e-01	3.36e-01	1.73e-01	4.80e-02	9.65e-03	1.65e-03	6.68e-04	1.52e-05	0.00e+00
 1.06236e+22	0.00e+00	0.00e+00	0.00e+00	1.36e-27	2.44e-23	1.24e-19	2.13e-16	7.65e-14	1.26e-11	5.37e-10	1.41e-08	2.24e-07	2.83e-06	2.09e-05	1.02e-04	4.22e-04	1.57e-02	1.10e-01	3.20e-01	3.33e-01	1.66e-01	4.46e-02	8.71e-03	1.44e-03	5.75e-04	1.26e-05	0.00e+00
 1.07816e+22	0.00e+00	0.00e+00	0.00e+00	2.11e-27	3.67e-23	1.82e-19	3.06e-16	1.07e-13	1.72e-11	7.13e-10	1.82e-08	2.80e-07	3.43e-06	2.46e-05	1.16e-04	4.67e-04	1.69e-02	1.15e-01	3.27e-01	3.30e-01	1.59e-01	4.16e-02	7.90e-03	1.28e-03	4.99e-04	1.06e-05	0.00e+00
 1.09282e+22	0.00e+00	0.00e+00	0.00e+00	3.15e-27	5.34e-23	2.59e-19	4.27e-16	1.46e-13	2.29e-11	9.23e-10	2.29e-08	3.43e-07	4.09e-06	2.85e-05	1.31e-04	5.11e-04	1.81e-02	1.20e-01	3.33e-01	3.27e-01	1.53e-01	3.90e-02	7.21e-03	1.14e-03	4.38e-04	9.07e-06	0.00e+00
 1.10941e+22	0.00e+00	0.00e+00	0.00e+00	4.86e-27	8.02e-23	3.79e-19	6.10e-16	2.04e-13	3.10e-11	1.22e-09	2.94e-08	4.28e-07	4.94e-06	3.33e-05	1.48e-04	5.64e-04	1.94e-02	1.26e-01	3.39e-01	3.24e-01	1.47e-01	3.63e-02	6.54e-03	1.00e-03	3.80e-04	7.63e-06	0.00e+00
 1.12704e+22	0.00e+00	0.00e+00	0.00e+00	7.86e-27	1.26e-22	5.80e-19	9.09e-16	2.97e-13	4.38e-11	1.67e-09	3.89e-08	5.47e-07	6.11e-06	3.98e-05	1.71e-04	6.28e-04	2.10e-02	1.32e-01	3.47e-01	3.19e-01	1.40e-01	3.34e-02	5.84e-03	8.69e-04	3.23e-04	6.27e-06	0.00e+00
 1.14173e+22	0.00e+00	0.00e+00	0.00e+00	1.16e-26	1.81e-22	8.16e-19	1.25e-15	4.00e-13	5.77e-11	2.14e-09	4.87e-08	6.67e-07	7.24e-06	4.58e-05	1.91e-04	6.85e-04	2.23e-02	1.37e-01	3.52e-01	3.16e-01	1.34e-01	3.13e-02	5.32e-03	7.74e-04	2.83e-04	5.35e-06	0.00e+00
 1.15654e+22	0.00e+00	0.00e+00	0.00e+00	1.70e-26	2.59e-22	1.14e-18	1.72e-15	5.39e-13	7.58e-11	2.75e-09	6.09e-08	8.11e-07	8.56e-06	5.27e-05	2.14e-04	7.46e-04	2.37e-02	1.42e-01	3.57e-01	3.12e-01	1.29e-01	2.92e-02	4.85e-03	6.89e-04	2.48e-04	4.57e-06	0.00e+00
 1.17580e+22	0.00e+00	0.00e+00	0.00e+00	2.77e-26	4.10e-22	1.76e-18	2.58e-15	7.88e-13	1.07e-10	3.78e-09	8.09e-08	1.04e-06	1.06e-05	6.30e-05	2.46e-04	8.32e-04	2.57e-02	1.49e-01	3.63e-01	3.06e-01	1.22e-01	2.68e-02	4.31e-03	5.93e-04	2.09e-04	3.72e-06	0.00e+00
 1.19522e+22	0.00e+00	0.00e+00	0.00e+00	4.54e-26	6.50e-22	2.72e-18	3.88e-15	1.16e-12	1.53e-10	5.21e-09	1.08e-07	1.34e-06	1.32e-05	7.53e-05	2.84e-04	9.28e-04	2.77e-02	1.57e-01	3.70e-01	3.01e-01	1.15e-01	2.44e-02	3.81e-03	5.09e-04	1.76e-04	3.02e-06	0.00e+00
 1.21043e+22	0.00e+00	0.00e+00	5.97e-31	6.64e-26	9.28e-22	3.80e-18	5.32e-15	1.55e-12	2.00e-10	6.67e-09	1.35e-07	1.63e-06	1.55e-05	8.65e-05	3.17e-04	1.01e-03	2.94e-02	1.62e-01	3.74e-01	2.96e-01	1.10e-01	2.27e-02	3.46e-03	4.51e-04	1.54e-04	2.56e-06	0.00e+00
 1.22580e+22	0.00e+00	0.00e+00	8.94e-31	9.67e-26	1.32e-21	5.29e-18	7.28e-15	2.08e-12	2.62e-10	8.53e-09	1.68e-07	1.97e-06	1.83e-05	9.91e-05	3.53e-04	1.10e-03	3.12e-02	1.68e-01	3.78e-01	2.91e-01	1.05e-01	2.12e-02	3.14e-03	4.00e-04	1.34e-04	2.17e-06	0.00e+00
 1.24579e+22	0.00e+00	0.00e+00	1.50e-30	1.57e-25	2.07e-21	8.09e-18	1.09e-14	3.03e-12	3.71e-10	1.17e-08	2.22e-07	2.53e-06	2.26e-05	1.18e-04	4.06e-04	1.22e-03	3.36e-02	1.75e-01	3.83e-01	2.85e-01	9.92e-02	1.93e-02	2.77e-03	3.42e-04	1.12e-04	1.76e-06	0.00e+00
 1.26622e+22	0.00e+00	0.00e+00	2.53e-30	2.56e-25	3.28e-21	1.25e-17	1.63e-14	4.45e-12	5.28e-10	1.61e-08	2.96e-07	3.25e-06	2.80e-05	1.41e-04	4.67e-04	1.35e-03	3.61e-02	1.83e-01	3.88e-01	2.78e-01	9.31e-02	1.74e-02	2.43e-03	2.91e-04	9.37e-05	1.41e-06	0.00e+00
 1.28202e+22	0.00e+00	0.00e+00	3.78e-30	3.72e-25	4.65e-21	1.73e-17	2.23e-14	5.97e-12	6.91e-10	2.06e-08	3.69e-07	3.95e-06	3.31e-05	1.62e-04	5.20e-04	1.47e-03	3.82e-02	1.89e-01	3.91e-01	2.72e-01	8.85e-02	1.62e-02	2.19e-03	2.56e-04	8.14e-05	1.19e-06	0.00e+00
 1.29533e+22	0.00e+00	0.00e+00	5.27e-30	5.07e-25	6.21e-21	2.28e-17	2.89e-14	7.61e-12	8.65e-10	2.53e-08	4.43e-07	4.63e-06	3.79e-05	1.81e-04	5.68e-04	1.57e-03	4.00e-02	1.94e-01	3.94e-01	2.68e-01	8.49e-02	1.51e-02	2.01e-03	2.31e-04	7.23e-05	1.04e-06	0.00e+00
 1.31061e+22	0.00e+00	0.00e+00	7.67e-30	7.19e-25	8.62e-21	3.10e-17	3.87e-14	1.00e-11	1.12e-09	3.19e-08	5.45e-07	5.55e-06	4.42e-05	2.05e-04	6.28e-04	1.69e-03	4.22e-02	2.00e-01	3.96e-01	2.62e-01	8.08e-02	1.41e-02	1.83e-03	2.05e-04	6.32e-05	8.80e-07	0.00e+00
 1.33048e+22	0.00e+00	0.00e+00	1.24e-29	1.13e-24	1.31e-20	4.60e-17	5.63e-14	1.43e-11	1.54e-09	4.29e-08	7.10e-07	7.01e-06	5.39e-05	2.42e-04	7.14e-04	1.86e-03	4.50e-02	2.07e-01	3.99e-01	2.55e-01	7.58e-02	1.28e-02	1.61e-03	1.75e-04	5.30e-05	7.13e-07	0.00e+00
 1.35058e+22	0.00e+00	0.00e+00	2.01e-29	1.77e-24	2.00e-20	6.86e-17	8.21e-14	2.04e-11	2.15e-09	5.79e-08	9.29e-07	8.87e-06	6.58e-05	2.85e-04	8.12e-04	2.05e-03	4.81e-02	2.15e-01	4.02e-01	2.48e-01	7.09e-02	1.15e-02	1.41e-03	1.49e-04	4.43e-05	5.75e-07	0.00e+00
 1.36642e+22	0.00e+00	0.00e+00	2.95e-29	2.52e-24	2.79e-20	9.40e-17	1.11e-13	2.71e-11	2.79e-09	7.36e-08	1.15e-06	1.07e-05	7.72e-05	3.25e-04	9.00e-04	2.22e-03	5.07e-02	2.21e-01	4.04e-01	2.42e-01	6.71e-02	1.06e-02	1.27e-03	1.31e-04	3.83e-05	4.83e-07	0.00e+00
 1.38245e+22	0.00e+00	0.00e+00	4.27e-29	3.56e-24	3.84e-20	1.27e-16	1.48e-13	3.57e-11	3.59e-09	9.28e-08	1.42e-06	1.28e-05	9.01e-05	3.69e-04	9.93e-04	2.39e-03	5.33e-02	2.27e-01	4.05e-01	2.36e-01	6.35e-02	9.81e-03	1.14e-03	1.15e-04	3.33e-05	4.08e-07	0.00e+00
 1.40327e+22	0.00e+00	0.00e+00	6.82e-29	5.51e-24	5.78e-20	1.87e-16	2.14e-13	5.06e-11	4.95e-09	1.24e-07	1.84e-06	1.61e-05	1.09e-04	4.33e-04	1.12e-03	2.62e-03	5.67e-02	2.34e-01	4.07e-01	2.29e-01	5.92e-02	8.85e-03	1.00e-03	9.81e-05	2.78e-05	3.28e-07	0.00e+00
 1.42458e+22	0.00e+00	0.00e+00	1.10e-28	8.62e-24	8.78e-20	2.79e-16	3.12e-13	7.25e-11	6.91e-09	1.69e-07	2.42e-06	2.05e-05	1.34e-04	5.11e-04	1.28e-03	2.89e-03	6.04e-02	2.42e-01	4.08e-01	2.21e-01	5.50e-02	7.93e-03	8.69e-04	8.27e-05	2.29e-05	2.61e-07	0.00e+00
 1.44151e+22	0.00e+00	0.00e+00	1.62e-28	1.23e-23	1.23e-19	3.83e-16	4.24e-13	9.70e-11	9.04e-09	2.16e-07	3.01e-06	2.49e-05	1.58e-04	5.84e-04	1.42e-03	3.13e-03	6.36e-02	2.49e-01	4.08e-01	2.14e-01	5.16e-02	7.24e-03	7.73e-04	7.18e-05	1.96e-05	2.17e-07	0.00e+00
 1.45621e+22	0.00e+00	0.00e+00	2.22e-28	1.65e-23	1.61e-19	4.95e-16	5.41e-13	1.23e-10	1.12e-08	2.63e-07	3.59e-06	2.90e-05	1.80e-04	6.50e-04	1.54e-03	3.33e-03	6.63e-02	2.54e-01	4.08e-01	2.09e-01	4.91e-02	6.73e-03	7.04e-04	6.42e-05	1.73e-05	1.86e-07	0.00e+00
 1.47299e+22	0.00e+00	0.00e+00	3.17e-28	2.30e-23	2.20e-19	6.65e-16	7.19e-13	1.61e-10	1.44e-08	3.31e-07	4.41e-06	3.47e-05	2.09e-04	7.37e-04	1.70e-03	3.58e-03	6.95e-02	2.60e-01	4.08e-01	2.03e-01	4.62e-02	6.17e-03	6.30e-04	5.61e-05	1.49e-05	1.56e-07	0.00e+00
 1.49481e+22	0.00e+00	0.00e+00	5.00e-28	3.51e-23	3.26e-19	9.68e-16	1.03e-12	2.27e-10	1.99e-08	4.44e-07	5.74e-06	4.37e-05	2.54e-04	8.64e-04	1.92e-03	3.93e-03	7.37e-02	2.67e-01	4.08e-01	1.95e-01	4.27e-02	5.50e-03	5.46e-04	4.72e-05	1.23e-05	1.24e-07	0.00e+00
 1.51728e+22	0.00e+00	0.00e+00	7.96e-28	5.40e-23	4.88e-19	1.42e-15	1.49e-12	3.24e-10	2.76e-08	6.01e-07	7.53e-06	5.54e-05	3.10e-04	1.02e-03	2.18e-03	4.32e-03	7.84e-02	2.75e-01	4.07e-01	1.87e-01	3.93e-02	4.88e-03	4.69e-04	3.94e-05	1.00e-05	0.00e+00	0.00e+00
 1.53556e+22	0.00e+00	0.00e+00	1.15e-27	7.61e-23	6.72e-19	1.93e-15	2.01e-12	4.31e-10	3.60e-08	7.66e-07	9.35e-06	6.70e-05	3.64e-04	1.16e-03	2.42e-03	4.66e-03	8.23e-02	2.81e-01	4.05e-01	1.81e-01	3.67e-02	4.43e-03	4.15e-04	3.40e-05	8.52e-06	0.00e+00	0.00e+00
 1.55429e+22	0.00e+00	0.00e+00	1.66e-27	1.07e-22	9.22e-19	2.61e-15	2.69e-12	5.72e-10	4.68e-08	9.75e-07	1.16e-05	8.09e-05	4.27e-04	1.32e-03	2.67e-03	5.02e-03	8.63e-02	2.87e-01	4.04e-01	1.75e-01	3.42e-02	4.01e-03	3.67e-04	2.93e-05	7.22e-06	0.00e+00	0.00e+00
 1.57863e+22	0.00e+00	0.00e+00	2.64e-27	1.64e-22	1.38e-18	3.82e-15	3.91e-12	8.21e-10	6.53e-08	1.33e-06	1.53e-05	1.03e-04	5.24e-04	1.56e-03	3.04e-03	5.53e-03	9.17e-02	2.95e-01	4.01e-01	1.67e-01	3.12e-02	3.53e-03	3.12e-04	2.42e-05	5.83e-06	0.00e+00	0.00e+00
 1.60344e+22	0.00e+00	0.00e+00	4.19e-27	2.52e-22	2.06e-18	5.62e-15	5.70e-12	1.18e-09	9.18e-08	1.81e-06	2.02e-05	1.31e-04	6.43e-04	1.84e-03	3.46e-03	6.10e-03	9.74e-02	3.02e-01	3.98e-01	1.58e-01	2.83e-02	3.08e-03	2.64e-04	1.99e-05	4.68e-06	0.00e+00	0.00e+00
 1.62333e+22	0.00e+00	0.00e+00	6.02e-27	3.52e-22	2.82e-18	7.60e-15	7.65e-12	1.58e-09	1.20e-07	2.32e-06	2.52e-05	1.59e-04	7.56e-04	2.10e-03	3.83e-03	6.59e-03	1.02e-01	3.08e-01	3.95e-01	1.52e-01	2.62e-02	2.77e-03	2.31e-04	1.69e-05	3.92e-06	0.00e+00	0.00e+00
 1.64045e+22	0.00e+00	0.00e+00	8.15e-27	4.65e-22	3.66e-18	9.77e-15	9.79e-12	2.01e-09	1.50e-07	2.85e-06	3.03e-05	1.87e-04	8.66e-04	2.35e-03	4.17e-03	7.03e-03	1.06e-01	3.13e-01	3.92e-01	1.47e-01	2.45e-02	2.52e-03	2.06e-04	1.48e-05	3.38e-06	0.00e+00	0.00e+00
 1.65948e+22	0.00e+00	0.00e+00	1.13e-26	6.28e-22	4.85e-18	1.28e-14	1.28e-11	2.60e-09	1.91e-07	3.57e-06	3.70e-05	2.23e-04	1.00e-03	2.65e-03	4.58e-03	7.54e-03	1.11e-01	3.18e-01	3.89e-01	1.41e-01	2.28e-02	2.28e-03	1.82e-04	1.28e-05	2.87e-06	0.00e+00	0.00e+00
 1.68422e+22	0.00e+00	0.00e+00	1.70e-26	9.17e-22	6.91e-18	1.80e-14	1.79e-11	3.62e-09	2.60e-07	4.74e-06	4.78e-05	2.78e-04	1.21e-03	3.08e-03	5.14e-03	8.24e-03	1.17e-01	3.25e-01	3.84e-01	1.34e-01	2.07e-02	2.00e-03	1.55e-04	1.06e-05	2.32e-06	0.00e+00	0.00e+00
 1.70919e+22	0.00e+00	0.00e+00	2.54e-26	1.33e-21	9.84e-18	2.53e-14	2.51e-11	5.05e-09	3.54e-07	6.30e-06	6.17e-05	3.48e-04	1.46e-03	3.59e-03	5.78e-03	9.01e-03	1.24e-01	3.31e-01	3.78e-01	1.27e-01	1.88e-02	1.75e-03	1.31e-04	8.70e-06	1.87e-06	0.00e+00	0.00e+00
 1.72884e+22	0.00e+00	0.00e+00	3.47e-26	1.78e-21	1.29e-17	3.28e-14	3.25e-11	6.51e-09	4.48e-07	7.84e-06	7.50e-05	4.13e-04	1.68e-03	4.03e-03	6.32e-03	9.64e-03	1.29e-01	3.35e-01	3.74e-01	1.21e-01	1.73e-02	1.57e-03	1.15e-04	7.48e-06	1.58e-06	0.00e+00	0.00e+00
 1.74873e+22	0.00e+00	0.00e+00	4.68e-26	2.34e-21	1.67e-17	4.22e-14	4.17e-11	8.33e-09	5.64e-07	9.70e-06	9.08e-05	4.87e-04	1.93e-03	4.51e-03	6.90e-03	1.03e-02	1.34e-01	3.40e-01	3.69e-01	1.16e-01	1.61e-02	1.41e-03	1.01e-04	6.45e-06	1.34e-06	0.00e+00	0.00e+00
 1.77459e+22	0.00e+00	0.00e+00	6.82e-26	3.32e-21	2.31e-17	5.79e-14	5.73e-11	1.14e-08	7.55e-07	1.27e-05	1.16e-04	6.01e-04	2.30e-03	5.19e-03	7.69e-03	1.12e-02	1.41e-01	3.45e-01	3.62e-01	1.09e-01	1.45e-02	1.24e-03	8.61e-05	5.32e-06	1.08e-06	0.00e+00	0.00e+00
 1.80161e+22	0.00e+00	0.00e+00	1.00e-25	4.74e-21	3.24e-17	8.02e-14	7.95e-11	1.58e-08	1.02e-06	1.68e-05	1.48e-04	7.46e-04	2.76e-03	6.01e-03	8.61e-03	1.22e-02	1.48e-01	3.50e-01	3.55e-01	1.03e-01	1.31e-02	1.07e-03	7.24e-05	4.35e-06	8.67e-07	0.00e+00	0.00e+00
 1.82421e+22	0.00e+00	5.46e-31	1.37e-25	6.34e-21	4.25e-17	1.05e-13	1.04e-10	2.05e-08	1.30e-06	2.11e-05	1.82e-04	8.90e-04	3.19e-03	6.77e-03	9.43e-03	1.31e-02	1.54e-01	3.53e-01	3.48e-01	9.76e-02	1.19e-02	9.51e-04	6.27e-05	3.69e-06	7.21e-07	0.00e+00	0.00e+00
 1.84768e+22	0.00e+00	7.67e-31	1.87e-25	8.44e-21	5.57e-17	1.36e-13	1.35e-10	2.67e-08	1.66e-06	2.64e-05	2.22e-04	1.06e-03	3.69e-03	7.61e-03	1.03e-02	1.41e-02	1.60e-01	3.57e-01	3.42e-01	9.25e-02	1.09e-02	8.43e-04	5.43e-05	3.12e-06	5.99e-07	0.00e+00	0.00e+00
 1.87820e+22	0.00e+00	1.18e-30	2.76e-25	1.21e-20	7.82e-17	1.89e-13	1.88e-10	3.71e-08	2.26e-06	3.51e-05	2.86e-04	1.32e-03	4.43e-03	8.81e-03	1.16e-02	1.53e-02	1.69e-01	3.60e-01	3.32e-01	8.62e-02	9.71e-03	7.22e-04	4.51e-05	2.52e-06	4.73e-07	0.00e+00	0.00e+00
 1.90949e+22	0.00e+00	1.81e-30	4.08e-25	1.74e-20	1.10e-16	2.64e-13	2.64e-10	5.19e-08	3.09e-06	4.68e-05	3.70e-04	1.65e-03	5.32e-03	1.02e-02	1.29e-02	1.67e-02	1.77e-01	3.64e-01	3.23e-01	8.01e-02	8.60e-03	6.15e-04	3.72e-05	2.02e-06	3.70e-07	0.00e+00	0.00e+00
 1.93488e+22	0.00e+00	2.53e-30	5.54e-25	2.31e-20	1.44e-16	3.43e-13	3.45e-10	6.78e-08	3.96e-06	5.89e-05	4.54e-04	1.96e-03	6.15e-03	1.15e-02	1.41e-02	1.80e-02	1.84e-01	3.66e-01	3.14e-01	7.53e-02	7.78e-03	5.40e-04	3.18e-05	1.69e-06	3.03e-07	0.00e+00	0.00e+00
 1.96094e+22	0.00e+00	3.52e-30	7.48e-25	3.05e-20	1.87e-16	4.43e-13	4.47e-10	8.76e-08	5.02e-06	7.32e-05	5.50e-04	2.32e-03	7.06e-03	1.28e-02	1.54e-02	1.91e-02	1.91e-01	3.67e-01	3.06e-01	7.09e-02	7.07e-03	4.76e-04	2.74e-05	1.42e-06	2.51e-07	0.00e+00	0.00e+00
 1.99033e+22	0.00e+00	5.07e-30	1.04e-24	4.15e-20	2.50e-16	5.89e-13	5.96e-10	1.17e-07	6.55e-06	9.36e-05	6.84e-04	2.80e-03	8.23e-03	1.45e-02	1.69e-02	2.06e-02	1.98e-01	3.68e-01	2.97e-01	6.61e-02	6.32e-03	4.12e-04	2.31e-05	1.17e-06	2.02e-07	0.00e+00	0.00e+00
 2.01703e+22	0.00e+00	7.01e-30	1.40e-24	5.45e-20	3.24e-16	7.59e-13	7.71e-10	1.51e-07	8.30e-06	1.16e-04	8.30e-04	3.30e-03	9.42e-03	1.61e-02	1.83e-02	2.19e-02	2.05e-01	3.69e-01	2.88e-01	6.20e-02	5.71e-03	3.61e-04	1.98e-05	9.78e-07	1.66e-07	0.00e+00	0.00e+00
 2.04040e+22	0.00e+00	9.22e-30	1.80e-24	6.88e-20	4.04e-16	9.41e-13	9.60e-10	1.87e-07	1.01e-05	1.40e-04	9.77e-04	3.79e-03	1.06e-02	1.77e-02	1.96e-02	2.32e-02	2.11e-01	3.69e-01	2.80e-01	5.86e-02	5.23e-03	3.22e-04	1.73e-05	8.40e-07	1.40e-07	0.00e+00	0.00e+00
 2.06643e+22	0.00e+00	1.24e-29	2.36e-24	8.82e-20	5.12e-16	1.18e-12	1.21e-09	2.37e-07	1.26e-05	1.71e-04	1.16e-03	4.40e-03	1.19e-02	1.94e-02	2.11e-02	2.45e-02	2.17e-01	3.68e-01	2.72e-01	5.50e-02	4.75e-03	2.85e-04	1.50e-05	7.12e-07	0.00e+00	0.00e+00	0.00e+00
 2.10026e+22	0.00e+00	1.80e-29	3.31e-24	1.21e-19	6.90e-16	1.59e-12	1.64e-09	3.18e-07	1.65e-05	2.19e-04	1.45e-03	5.31e-03	1.39e-02	2.19e-02	2.31e-02	2.63e-02	2.25e-01	3.67e-01	2.61e-01	5.07e-02	4.19e-03	2.43e-04	1.24e-05	5.76e-07	0.00e+00	0.00e+00	0.00e+00
 2.13491e+22	0.00e+00	2.62e-29	4.67e-24	1.66e-19	9.34e-16	2.14e-12	2.21e-09	4.29e-07	2.18e-05	2.82e-04	1.81e-03	6.41e-03	1.62e-02	2.47e-02	2.53e-02	2.82e-02	2.32e-01	3.65e-01	2.50e-01	4.65e-02	3.68e-03	2.06e-04	1.02e-05	4.63e-07	0.00e+00	0.00e+00	0.00e+00
 2.16292e+22	0.00e+00	3.52e-29	6.11e-24	2.14e-19	1.18e-15	2.70e-12	2.80e-09	5.43e-07	2.70e-05	3.43e-04	2.15e-03	7.42e-03	1.82e-02	2.71e-02	2.71e-02	2.97e-02	2.38e-01	3.62e-01	2.41e-01	4.34e-02	3.32e-03	1.81e-04	8.77e-06	3.89e-07	0.00e+00	0.00e+00	0.00e+00
 2.19167e+22	0.00e+00	4.71e-29	7.97e-24	2.74e-19	1.50e-15	3.39e-12	3.54e-09	6.84e-07	3.33e-05	4.16e-04	2.55e-03	8.56e-03	2.04e-02	2.96e-02	2.89e-02	3.13e-02	2.44e-01	3.59e-01	2.32e-01	4.05e-02	2.99e-03	1.58e-04	7.52e-06	3.27e-07	0.00e+00	0.00e+00	0.00e+00
 2.22904e+22	0.00e+00	6.82e-29	1.12e-23	3.74e-19	2.02e-15	4.53e-12	4.76e-09	9.15e-07	4.35e-05	5.31e-04	3.15e-03	1.02e-02	2.36e-02	3.31e-02	3.14e-02	3.33e-02	2.50e-01	3.55e-01	2.20e-01	3.69e-02	2.61e-03	1.34e-04	6.18e-06	2.62e-07	0.00e+00	0.00e+00	0.00e+00
 2.26799e+22	0.00e+00	9.95e-29	1.58e-23	5.16e-19	2.74e-15	6.11e-12	6.45e-09	1.23e-06	5.72e-05	6.81e-04	3.92e-03	1.23e-02	2.72e-02	3.70e-02	3.40e-02	3.54e-02	2.57e-01	3.49e-01	2.08e-01	3.34e-02	2.26e-03	1.12e-04	5.03e-06	2.08e-07	0.00e+00	0.00e+00	0.00e+00
 2.29847e+22	0.00e+00	1.33e-28	2.05e-23	6.60e-19	3.46e-15	7.69e-12	8.16e-09	1.56e-06	7.07e-05	8.25e-04	4.63e-03	1.41e-02	3.04e-02	4.03e-02	3.62e-02	3.71e-02	2.61e-01	3.44e-01	1.99e-01	3.09e-02	2.02e-03	9.69e-05	4.26e-06	1.72e-07	0.00e+00	0.00e+00	0.00e+00
