#depth	N	N+	N+2	N+3	N+4	N+5	N+6	N+7
 6.17135e+19	0.00e+00	0.00e+00	1.65e-25	5.03e-19	3.10e-13	6.13e-08	3.47e-04	1.00e+00
 1.87609e+20	0.00e+00	0.00e+00	2.55e-25	7.00e-19	3.90e-13	7.21e-08	3.81e-04	1.00e+00
 3.18540e+20	0.00e+00	0.00e+00	3.95e-25	9.76e-19	4.91e-13	8.48e-08	4.19e-04	1.00e+00
 4.54709e+20	0.00e+00	0.00e+00	6.15e-25	1.36e-18	6.17e-13	9.97e-08	4.61e-04	1.00e+00
 5.48444e+20	0.00e+00	0.00e+00	8.27e-25	1.70e-18	7.17e-13	1.11e-07	4.92e-04	1.00e+00
 5.86615e+20	0.00e+00	0.00e+00	9.35e-25	1.86e-18	7.62e-13	1.16e-07	5.06e-04	9.99e-01
 6.18481e+20	0.00e+00	0.00e+00	1.03e-24	2.00e-18	8.00e-13	1.20e-07	5.16e-04	9.99e-01
 6.59908e+20	0.00e+00	0.00e+00	1.17e-24	2.20e-18	8.53e-13	1.26e-07	5.31e-04	9.99e-01
 7.13762e+20	0.00e+00	0.00e+00	1.37e-24	2.48e-18	9.25e-13	1.34e-07	5.50e-04	9.99e-01
 7.83773e+20	0.00e+00	0.00e+00	1.69e-24	2.90e-18	1.03e-12	1.44e-07	5.76e-04	9.99e-01
 8.56030e+20	0.00e+00	1.24e-31	2.09e-24	3.39e-18	1.14e-12	1.56e-07	6.04e-04	9.99e-01
 9.11644e+20	0.00e+00	1.52e-31	2.46e-24	3.82e-18	1.23e-12	1.65e-07	6.26e-04	9.99e-01
 9.56467e+20	0.00e+00	1.79e-31	2.79e-24	4.20e-18	1.31e-12	1.73e-07	6.44e-04	9.99e-01
 1.00682e+21	0.00e+00	2.14e-31	3.22e-24	4.66e-18	1.40e-12	1.82e-07	6.65e-04	9.99e-01
 1.07229e+21	0.00e+00	2.70e-31	3.86e-24	5.33e-18	1.53e-12	1.94e-07	6.94e-04	9.99e-01
 1.14077e+21	0.00e+00	3.43e-31	4.67e-24	6.12e-18	1.67e-12	2.07e-07	7.24e-04	9.99e-01
 1.19834e+21	0.00e+00	4.18e-31	5.46e-24	6.86e-18	1.80e-12	2.19e-07	7.51e-04	9.99e-01
 1.25834e+21	0.00e+00	5.12e-31	6.40e-24	7.71e-18	1.94e-12	2.32e-07	7.78e-04	9.99e-01
 1.32479e+21	0.00e+00	6.43e-31	7.65e-24	8.77e-18	2.11e-12	2.47e-07	8.11e-04	9.99e-01
 1.38443e+21	0.00e+00	7.85e-31	8.94e-24	9.82e-18	2.26e-12	2.61e-07	8.41e-04	9.99e-01
 1.43809e+21	0.00e+00	9.39e-31	1.03e-23	1.09e-17	2.41e-12	2.74e-07	8.69e-04	9.99e-01
 1.49918e+21	0.00e+00	1.15e-30	1.20e-23	1.22e-17	2.59e-12	2.90e-07	9.01e-04	9.99e-01
 1.57858e+21	0.00e+00	1.48e-30	1.47e-23	1.40e-17	2.83e-12	3.11e-07	9.44e-04	9.99e-01
 1.65777e+21	0.00e+00	1.91e-30	1.79e-23	1.62e-17	3.09e-12	3.33e-07	9.89e-04	9.99e-01
 1.71686e+21	0.00e+00	2.30e-30	2.07e-23	1.79e-17	3.29e-12	3.51e-07	1.02e-03	9.99e-01
 1.77389e+21	0.00e+00	2.74e-30	2.37e-23	1.98e-17	3.50e-12	3.68e-07	1.06e-03	9.99e-01
 1.84802e+21	0.00e+00	3.45e-30	2.83e-23	2.25e-17	3.78e-12	3.92e-07	1.10e-03	9.99e-01
 1.92504e+21	0.00e+00	4.36e-30	3.40e-23	2.55e-17	4.08e-12	4.17e-07	1.15e-03	9.99e-01
 1.98899e+21	0.00e+00	5.29e-30	3.94e-23	2.84e-17	4.35e-12	4.40e-07	1.19e-03	9.99e-01
 2.05532e+21	0.00e+00	6.45e-30	4.59e-23	3.16e-17	4.64e-12	4.64e-07	1.24e-03	9.99e-01
 2.12806e+21	0.00e+00	7.99e-30	5.42e-23	3.56e-17	4.98e-12	4.92e-07	1.29e-03	9.99e-01
 2.19390e+21	0.00e+00	9.68e-30	6.29e-23	3.95e-17	5.30e-12	5.18e-07	1.33e-03	9.99e-01
 2.25471e+21	0.00e+00	1.15e-29	7.20e-23	4.34e-17	5.60e-12	5.43e-07	1.38e-03	9.99e-01
 2.32425e+21	0.00e+00	1.41e-29	8.38e-23	4.83e-17	5.97e-12	5.73e-07	1.43e-03	9.99e-01
 2.40188e+21	0.00e+00	1.75e-29	9.92e-23	5.44e-17	6.40e-12	6.09e-07	1.49e-03	9.99e-01
 2.47411e+21	0.00e+00	2.14e-29	1.16e-22	6.07e-17	6.82e-12	6.43e-07	1.55e-03	9.98e-01
 2.54134e+21	0.00e+00	2.57e-29	1.34e-22	6.70e-17	7.23e-12	6.77e-07	1.60e-03	9.98e-01
 2.61799e+21	0.00e+00	3.17e-29	1.57e-22	7.50e-17	7.72e-12	7.16e-07	1.67e-03	9.98e-01
 2.70109e+21	0.00e+00	3.96e-29	1.86e-22	8.46e-17	8.29e-12	7.62e-07	1.74e-03	9.98e-01
 2.77537e+21	0.00e+00	4.83e-29	2.17e-22	9.42e-17	8.82e-12	8.05e-07	1.80e-03	9.98e-01
 2.84283e+21	0.00e+00	5.76e-29	2.49e-22	1.04e-16	9.33e-12	8.45e-07	1.86e-03	9.98e-01
 2.91865e+21	0.00e+00	7.01e-29	2.89e-22	1.15e-16	9.93e-12	8.93e-07	1.93e-03	9.98e-01
 3.00375e+21	0.00e+00	8.72e-29	3.42e-22	1.30e-16	1.06e-11	9.49e-07	2.01e-03	9.98e-01
 3.08370e+21	0.00e+00	1.07e-28	4.00e-22	1.45e-16	1.14e-11	1.01e-06	2.09e-03	9.98e-01
 3.15856e+21	0.00e+00	1.29e-28	4.63e-22	1.61e-16	1.21e-11	1.06e-06	2.16e-03	9.98e-01
 3.24405e+21	0.00e+00	1.59e-28	5.44e-22	1.80e-16	1.29e-11	1.13e-06	2.24e-03	9.98e-01
 3.33587e+21	0.00e+00	1.99e-28	6.47e-22	2.04e-16	1.39e-11	1.20e-06	2.34e-03	9.98e-01
 3.41660e+21	0.00e+00	2.41e-28	7.52e-22	2.27e-16	1.48e-11	1.27e-06	2.42e-03	9.98e-01
 3.50222e+21	0.00e+00	2.95e-28	8.80e-22	2.54e-16	1.59e-11	1.35e-06	2.51e-03	9.97e-01
 3.59845e+21	0.00e+00	3.69e-28	1.05e-21	2.88e-16	1.71e-11	1.44e-06	2.62e-03	9.97e-01
 3.68921e+21	0.00e+00	4.55e-28	1.23e-21	3.23e-16	1.84e-11	1.53e-06	2.72e-03	9.97e-01
 3.77469e+21	0.00e+00	5.52e-28	1.44e-21	3.61e-16	1.97e-11	1.62e-06	2.81e-03	9.97e-01
 3.87257e+21	0.00e+00	6.86e-28	1.70e-21	4.08e-16	2.13e-11	1.73e-06	2.93e-03	9.97e-01
 3.98205e+21	0.00e+00	8.73e-28	2.06e-21	4.68e-16	2.32e-11	1.86e-06	3.05e-03	9.97e-01
 4.07972e+21	0.00e+00	1.08e-27	2.43e-21	5.28e-16	2.50e-11	1.98e-06	3.17e-03	9.97e-01
 4.16430e+21	0.00e+00	1.29e-27	2.80e-21	5.86e-16	2.67e-11	2.09e-06	3.27e-03	9.97e-01
 4.25873e+21	0.00e+00	1.57e-27	3.27e-21	6.56e-16	2.87e-11	2.22e-06	3.39e-03	9.97e-01
 4.38150e+21	0.00e+00	2.03e-27	4.01e-21	7.62e-16	3.15e-11	2.40e-06	3.54e-03	9.96e-01
 4.50588e+21	0.00e+00	2.62e-27	4.91e-21	8.84e-16	3.47e-11	2.59e-06	3.70e-03	9.96e-01
 4.60679e+21	0.00e+00	3.21e-27	5.76e-21	9.95e-16	3.75e-11	2.76e-06	3.84e-03	9.96e-01
 4.71242e+21	0.00e+00	3.96e-27	6.80e-21	1.13e-15	4.06e-11	2.94e-06	3.98e-03	9.96e-01
 4.84973e+21	0.00e+00	5.16e-27	8.41e-21	1.32e-15	4.50e-11	3.19e-06	4.16e-03	9.96e-01
 4.99073e+21	0.00e+00	6.76e-27	1.04e-20	1.55e-15	5.01e-11	3.47e-06	4.36e-03	9.96e-01
 5.10117e+21	0.00e+00	8.33e-27	1.23e-20	1.75e-15	5.44e-11	3.70e-06	4.52e-03	9.95e-01
 5.20939e+21	0.00e+00	1.02e-26	1.45e-20	1.98e-15	5.89e-11	3.94e-06	4.67e-03	9.95e-01
 5.35007e+21	0.00e+00	1.31e-26	1.78e-20	2.31e-15	6.53e-11	4.27e-06	4.88e-03	9.95e-01
 5.49607e+21	0.00e+00	1.71e-26	2.19e-20	2.70e-15	7.26e-11	4.63e-06	5.10e-03	9.95e-01
 5.61793e+21	0.00e+00	2.12e-26	2.61e-20	3.08e-15	7.93e-11	4.96e-06	5.29e-03	9.95e-01
 5.74531e+21	0.00e+00	2.63e-26	3.11e-20	3.52e-15	8.69e-11	5.30e-06	5.49e-03	9.95e-01
 5.91090e+21	0.00e+00	3.51e-26	3.92e-20	4.19e-15	9.77e-11	5.80e-06	5.75e-03	9.94e-01
 6.07814e+21	0.00e+00	4.66e-26	4.92e-20	4.98e-15	1.10e-10	6.34e-06	6.03e-03	9.94e-01
 6.21232e+21	0.00e+00	5.83e-26	5.89e-20	5.71e-15	1.21e-10	6.80e-06	6.26e-03	9.94e-01
 6.33190e+21	0.00e+00	7.09e-26	6.91e-20	6.45e-15	1.31e-10	7.23e-06	6.46e-03	9.94e-01
 6.46771e+21	0.00e+00	8.82e-26	8.25e-20	7.38e-15	1.44e-10	7.75e-06	6.70e-03	9.93e-01
 6.64425e+21	0.00e+00	1.17e-25	1.03e-19	8.78e-15	1.62e-10	8.46e-06	7.01e-03	9.93e-01
 6.82382e+21	0.00e+00	1.55e-25	1.30e-19	1.05e-14	1.83e-10	9.25e-06	7.35e-03	9.93e-01
 6.96845e+21	0.00e+00	1.94e-25	1.56e-19	1.20e-14	2.02e-10	9.92e-06	7.62e-03	9.92e-01
 7.11758e+21	0.00e+00	2.43e-25	1.88e-19	1.39e-14	2.23e-10	1.07e-05	7.90e-03	9.92e-01
 7.31145e+21	0.00e+00	3.25e-25	2.38e-19	1.66e-14	2.53e-10	1.17e-05	8.28e-03	9.92e-01
 7.51169e+21	0.00e+00	4.38e-25	3.03e-19	2.00e-14	2.88e-10	1.28e-05	8.69e-03	9.91e-01
 7.67534e+21	0.00e+00	5.56e-25	3.68e-19	2.33e-14	3.19e-10	1.38e-05	9.03e-03	9.91e-01
 7.84320e+21	0.00e+00	7.08e-25	4.48e-19	2.71e-14	3.55e-10	1.49e-05	9.39e-03	9.91e-01
 8.02033e+21	0.00e+00	9.13e-25	5.51e-19	3.17e-14	3.97e-10	1.61e-05	9.78e-03	9.90e-01
 8.17133e+21	0.00e+00	1.13e-24	6.56e-19	3.63e-14	4.37e-10	1.73e-05	1.01e-02	9.90e-01
 8.32943e+21	0.00e+00	1.41e-24	7.85e-19	4.17e-14	4.81e-10	1.85e-05	1.05e-02	9.90e-01
 8.53497e+21	0.00e+00	1.87e-24	9.89e-19	4.99e-14	5.46e-10	2.02e-05	1.10e-02	9.89e-01
 8.74126e+21	1.30e-31	2.48e-24	1.25e-18	5.96e-14	6.19e-10	2.20e-05	1.15e-02	9.89e-01
 8.90266e+21	1.68e-31	3.09e-24	1.49e-18	6.85e-14	6.82e-10	2.36e-05	1.19e-02	9.88e-01
 9.03664e+21	2.08e-31	3.69e-24	1.73e-18	7.67e-14	7.39e-10	2.50e-05	1.22e-02	9.88e-01
 9.18080e+21	2.61e-31	4.48e-24	2.02e-18	8.67e-14	8.06e-10	2.65e-05	1.26e-02	9.87e-01
 9.36822e+21	3.49e-31	5.72e-24	2.47e-18	1.01e-13	9.00e-10	2.86e-05	1.31e-02	9.87e-01
 9.55935e+21	4.69e-31	7.36e-24	3.04e-18	1.19e-13	1.01e-09	3.09e-05	1.36e-02	9.86e-01
 9.71243e+21	5.94e-31	8.98e-24	3.57e-18	1.35e-13	1.10e-09	3.29e-05	1.40e-02	9.86e-01
 9.86852e+21	7.53e-31	1.10e-23	4.21e-18	1.53e-13	1.21e-09	3.50e-05	1.45e-02	9.86e-01
 1.00346e+22	9.70e-31	1.36e-23	5.02e-18	1.76e-13	1.33e-09	3.74e-05	1.49e-02	9.85e-01
 1.01773e+22	1.21e-30	1.63e-23	5.84e-18	1.98e-13	1.44e-09	3.96e-05	1.54e-02	9.85e-01
 1.03070e+22	1.46e-30	1.92e-23	6.67e-18	2.19e-13	1.55e-09	4.16e-05	1.58e-02	9.84e-01
 1.04560e+22	1.82e-30	2.32e-23	7.79e-18	2.47e-13	1.69e-09	4.41e-05	1.62e-02	9.84e-01
 1.06236e+22	2.34e-30	2.87e-23	9.25e-18	2.83e-13	1.86e-09	4.70e-05	1.67e-02	9.83e-01
 1.07816e+22	2.96e-30	3.49e-23	1.09e-17	3.21e-13	2.03e-09	5.00e-05	1.73e-02	9.83e-01
 1.09282e+22	3.67e-30	4.19e-23	1.27e-17	3.61e-13	2.21e-09	5.29e-05	1.77e-02	9.82e-01
 1.10941e+22	4.63e-30	5.11e-23	1.49e-17	4.09e-13	2.42e-09	5.62e-05	1.83e-02	9.82e-01
 1.12704e+22	6.05e-30	6.41e-23	1.79e-17	4.73e-13	2.68e-09	6.02e-05	1.89e-02	9.81e-01
 1.14173e+22	7.49e-30	7.68e-23	2.08e-17	5.31e-13	2.91e-09	6.36e-05	1.95e-02	9.80e-01
 1.15654e+22	9.28e-30	9.21e-23	2.42e-17	5.97e-13	3.16e-09	6.72e-05	2.00e-02	9.80e-01
 1.17580e+22	1.22e-29	1.16e-22	2.93e-17	6.94e-13	3.51e-09	7.22e-05	2.07e-02	9.79e-01
 1.19522e+22	1.62e-29	1.48e-22	3.56e-17	8.08e-13	3.92e-09	7.76e-05	2.15e-02	9.78e-01
 1.21043e+22	2.02e-29	1.78e-22	4.15e-17	9.11e-13	4.26e-09	8.21e-05	2.21e-02	9.78e-01
 1.22580e+22	2.52e-29	2.15e-22	4.84e-17	1.03e-12	4.64e-09	8.69e-05	2.27e-02	9.77e-01
 1.24579e+22	3.34e-29	2.73e-22	5.90e-17	1.20e-12	5.18e-09	9.34e-05	2.35e-02	9.76e-01
 1.26622e+22	4.48e-29	3.50e-22	7.25e-17	1.41e-12	5.80e-09	1.01e-04	2.44e-02	9.76e-01
 1.28202e+22	5.62e-29	4.24e-22	8.49e-17	1.59e-12	6.33e-09	1.07e-04	2.51e-02	9.75e-01
 1.29533e+22	6.79e-29	4.98e-22	9.69e-17	1.76e-12	6.81e-09	1.12e-04	2.57e-02	9.74e-01
 1.31061e+22	8.44e-29	5.99e-22	1.13e-16	1.99e-12	7.41e-09	1.18e-04	2.64e-02	9.73e-01
 1.33048e+22	1.12e-28	7.60e-22	1.37e-16	2.31e-12	8.25e-09	1.27e-04	2.74e-02	9.73e-01
 1.35058e+22	1.49e-28	9.69e-22	1.68e-16	2.71e-12	9.23e-09	1.37e-04	2.83e-02	9.72e-01
 1.36642e+22	1.88e-28	1.18e-21	1.97e-16	3.07e-12	1.01e-08	1.45e-04	2.92e-02	9.71e-01
 1.38245e+22	2.35e-28	1.43e-21	2.31e-16	3.48e-12	1.10e-08	1.54e-04	3.00e-02	9.70e-01
 1.40327e+22	3.13e-28	1.82e-21	2.82e-16	4.07e-12	1.23e-08	1.65e-04	3.11e-02	9.69e-01
 1.42458e+22	4.23e-28	2.36e-21	3.49e-16	4.80e-12	1.38e-08	1.78e-04	3.23e-02	9.68e-01
 1.44151e+22	5.43e-28	2.91e-21	4.16e-16	5.51e-12	1.52e-08	1.90e-04	3.33e-02	9.67e-01
 1.45621e+22	6.62e-28	3.44e-21	4.78e-16	6.14e-12	1.65e-08	2.00e-04	3.41e-02	9.66e-01
 1.47299e+22	8.37e-28	4.20e-21	5.64e-16	6.99e-12	1.80e-08	2.12e-04	3.51e-02	9.65e-01
 1.49481e+22	1.13e-27	5.44e-21	6.97e-16	8.25e-12	2.03e-08	2.29e-04	3.64e-02	9.63e-01
 1.51728e+22	1.55e-27	7.10e-21	8.70e-16	9.82e-12	2.30e-08	2.48e-04	3.79e-02	9.62e-01
 1.53556e+22	2.00e-27	8.82e-21	1.04e-15	1.13e-11	2.54e-08	2.64e-04	3.91e-02	9.61e-01
 1.55429e+22	2.58e-27	1.10e-20	1.25e-15	1.30e-11	2.80e-08	2.82e-04	4.03e-02	9.59e-01
 1.57863e+22	3.59e-27	1.45e-20	1.57e-15	1.56e-11	3.19e-08	3.07e-04	4.20e-02	9.58e-01
 1.60344e+22	5.03e-27	1.93e-20	2.00e-15	1.89e-11	3.64e-08	3.34e-04	4.38e-02	9.56e-01
 1.62333e+22	6.57e-27	2.43e-20	2.41e-15	2.19e-11	4.05e-08	3.58e-04	4.53e-02	9.54e-01
 1.64045e+22	8.23e-27	2.95e-20	2.83e-15	2.48e-11	4.42e-08	3.79e-04	4.66e-02	9.53e-01
 1.65948e+22	1.05e-26	3.63e-20	3.37e-15	2.85e-11	4.88e-08	4.04e-04	4.80e-02	9.52e-01
 1.68422e+22	1.44e-26	4.75e-20	4.22e-15	3.40e-11	5.53e-08	4.38e-04	4.99e-02	9.50e-01
 1.70919e+22	1.98e-26	6.24e-20	5.29e-15	4.07e-11	6.28e-08	4.76e-04	5.19e-02	9.48e-01
 1.72884e+22	2.53e-26	7.69e-20	6.30e-15	4.67e-11	6.92e-08	5.07e-04	5.35e-02	9.46e-01
 1.74873e+22	3.22e-26	9.44e-20	7.47e-15	5.35e-11	7.62e-08	5.40e-04	5.52e-02	9.44e-01
 1.77459e+22	4.37e-26	1.22e-19	9.29e-15	6.35e-11	8.62e-08	5.84e-04	5.73e-02	9.42e-01
 1.80161e+22	5.99e-26	1.61e-19	1.17e-14	7.60e-11	9.80e-08	6.35e-04	5.96e-02	9.40e-01
 1.82421e+22	7.76e-26	2.00e-19	1.40e-14	8.81e-11	1.09e-07	6.79e-04	6.16e-02	9.38e-01
 1.84768e+22	1.00e-25	2.50e-19	1.69e-14	1.02e-10	1.21e-07	7.27e-04	6.36e-02	9.36e-01
 1.87820e+22	1.39e-25	3.30e-19	2.13e-14	1.23e-10	1.38e-07	7.92e-04	6.63e-02	9.33e-01
 1.90949e+22	1.94e-25	4.39e-19	2.71e-14	1.49e-10	1.58e-07	8.65e-04	6.92e-02	9.30e-01
 1.93488e+22	2.53e-25	5.51e-19	3.28e-14	1.73e-10	1.77e-07	9.29e-04	7.16e-02	9.28e-01
 1.96094e+22	3.24e-25	6.83e-19	3.93e-14	2.00e-10	1.96e-07	9.93e-04	7.39e-02	9.25e-01
 1.99033e+22	4.31e-25	8.71e-19	4.82e-14	2.36e-10	2.21e-07	1.07e-03	7.66e-02	9.22e-01
 2.01703e+22	5.55e-25	1.08e-18	5.79e-14	2.73e-10	2.45e-07	1.15e-03	7.91e-02	9.20e-01
 2.04040e+22	6.88e-25	1.30e-18	6.76e-14	3.10e-10	2.68e-07	1.22e-03	8.13e-02	9.17e-01
 2.06643e+22	8.66e-25	1.59e-18	7.99e-14	3.54e-10	2.95e-07	1.29e-03	8.38e-02	9.15e-01
 2.10026e+22	1.16e-24	2.04e-18	9.88e-14	4.20e-10	3.34e-07	1.40e-03	8.70e-02	9.12e-01
 2.13491e+22	1.56e-24	2.63e-18	1.23e-13	4.99e-10	3.79e-07	1.52e-03	9.04e-02	9.08e-01
 2.16292e+22	1.97e-24	3.22e-18	1.45e-13	5.72e-10	4.18e-07	1.62e-03	9.31e-02	9.05e-01
 2.19167e+22	2.47e-24	3.92e-18	1.71e-13	6.55e-10	4.61e-07	1.72e-03	9.59e-02	9.02e-01
 2.22904e+22	3.30e-24	5.02e-18	2.12e-13	7.76e-10	5.21e-07	1.87e-03	9.95e-02	8.99e-01
 2.26799e+22	4.43e-24	6.48e-18	2.63e-13	9.24e-10	5.92e-07	2.03e-03	1.03e-01	8.95e-01
 2.29847e+22	5.60e-24	7.93e-18	3.12e-13	1.06e-09	6.54e-07	2.16e-03	1.07e-01	8.91e-01
 2.32304e+22	6.64e-24	9.19e-18	3.53e-13	1.17e-09	7.04e-07	2.27e-03	1.09e-01	8.89e-01
 2.35047e+22	8.04e-24	1.08e-17	4.06e-13	1.31e-09	7.65e-07	2.39e-03	1.12e-01	8.86e-01
 2.38612e+22	1.02e-23	1.34e-17	4.85e-13	1.52e-09	8.49e-07	2.55e-03	1.15e-01	8.82e-01
 2.42464e+22	1.33e-23	1.67e-17	5.86e-13	1.77e-09	9.49e-07	2.75e-03	1.19e-01	8.78e-01
 2.45877e+22	1.66e-23	2.02e-17	6.90e-13	2.02e-09	1.05e-06	2.92e-03	1.23e-01	8.74e-01
 2.49498e+22	2.08e-23	2.46e-17	8.15e-13	2.31e-09	1.15e-06	3.11e-03	1.26e-01	8.71e-01
 2.54207e+22	2.77e-23	3.15e-17	1.01e-12	2.74e-09	1.31e-06	3.37e-03	1.31e-01	8.66e-01
 2.58974e+22	3.68e-23	4.04e-17	1.24e-12	3.25e-09	1.48e-06	3.65e-03	1.36e-01	8.60e-01
 2.62763e+22	4.59e-23	4.88e-17	1.46e-12	3.71e-09	1.63e-06	3.89e-03	1.40e-01	8.56e-01
 2.66633e+22	5.70e-23	5.89e-17	1.71e-12	4.22e-09	1.79e-06	4.13e-03	1.44e-01	8.52e-01
 2.71663e+22	7.47e-23	7.44e-17	2.09e-12	4.97e-09	2.02e-06	4.46e-03	1.49e-01	8.47e-01
 2.76705e+22	9.80e-23	9.41e-17	2.55e-12	5.84e-09	2.28e-06	4.81e-03	1.54e-01	8.41e-01
 2.80636e+22	1.20e-22	1.12e-16	2.96e-12	6.60e-09	2.49e-06	5.09e-03	1.58e-01	8.37e-01
 2.84621e+22	1.47e-22	1.33e-16	3.42e-12	7.43e-09	2.72e-06	5.38e-03	1.62e-01	8.32e-01
 2.89800e+22	1.88e-22	1.66e-16	4.12e-12	8.63e-09	3.03e-06	5.78e-03	1.67e-01	8.27e-01
 2.95375e+22	2.46e-22	2.09e-16	5.01e-12	1.01e-08	3.41e-06	6.22e-03	1.73e-01	8.21e-01
 3.00311e+22	3.09e-22	2.54e-16	5.93e-12	1.16e-08	3.77e-06	6.64e-03	1.78e-01	8.15e-01
 3.05574e+22	3.89e-22	3.10e-16	7.02e-12	1.33e-08	4.17e-06	7.08e-03	1.83e-01	8.10e-01
 3.12417e+22	5.24e-22	4.01e-16	8.73e-12	1.59e-08	4.75e-06	7.69e-03	1.90e-01	8.02e-01
 3.19495e+22	7.10e-22	5.22e-16	1.09e-11	1.91e-08	5.43e-06	8.37e-03	1.97e-01	7.94e-01
 3.25398e+22	9.05e-22	6.44e-16	1.30e-11	2.20e-08	6.04e-06	8.95e-03	2.03e-01	7.88e-01
 3.30630e+22	1.11e-21	7.70e-16	1.52e-11	2.49e-08	6.61e-06	9.49e-03	2.08e-01	7.82e-01
 3.36472e+22	1.40e-21	9.38e-16	1.79e-11	2.86e-08	7.31e-06	1.01e-02	2.14e-01	7.76e-01
 3.44067e+22	1.85e-21	1.19e-15	2.20e-11	3.37e-08	8.24e-06	1.09e-02	2.21e-01	7.68e-01
 3.52057e+22	2.50e-21	1.55e-15	2.74e-11	4.03e-08	9.41e-06	1.19e-02	2.29e-01	7.59e-01
 3.58508e+22	3.15e-21	1.89e-15	3.25e-11	4.63e-08	1.04e-05	1.26e-02	2.36e-01	7.52e-01
 3.63990e+22	3.82e-21	2.23e-15	3.74e-11	5.19e-08	1.13e-05	1.33e-02	2.41e-01	7.46e-01
 3.70265e+22	4.73e-21	2.68e-15	4.37e-11	5.89e-08	1.24e-05	1.41e-02	2.47e-01	7.39e-01
 3.78422e+22	6.15e-21	3.37e-15	5.30e-11	6.88e-08	1.39e-05	1.52e-02	2.54e-01	7.30e-01
 3.87084e+22	8.19e-21	4.32e-15	6.54e-11	8.17e-08	1.58e-05	1.64e-02	2.63e-01	7.21e-01
 3.94434e+22	1.04e-20	5.28e-15	7.77e-11	9.39e-08	1.75e-05	1.75e-02	2.70e-01	7.13e-01
 4.02020e+22	1.30e-20	6.45e-15	9.20e-11	1.08e-07	1.94e-05	1.86e-02	2.77e-01	7.05e-01
 4.11883e+22	1.74e-20	8.25e-15	1.13e-10	1.28e-07	2.19e-05	2.01e-02	2.85e-01	6.94e-01
 4.22106e+22	2.36e-20	1.08e-14	1.42e-10	1.53e-07	2.51e-05	2.19e-02	2.95e-01	6.83e-01
 4.30446e+22	2.99e-20	1.32e-14	1.69e-10	1.77e-07	2.78e-05	2.33e-02	3.03e-01	6.74e-01
 4.38934e+22	3.77e-20	1.61e-14	2.00e-10	2.03e-07	3.08e-05	2.48e-02	3.10e-01	6.65e-01
 4.49968e+22	5.01e-20	2.07e-14	2.47e-10	2.40e-07	3.48e-05	2.68e-02	3.19e-01	6.54e-01
 4.60839e+22	6.73e-20	2.67e-14	3.07e-10	2.87e-07	3.97e-05	2.90e-02	3.29e-01	6.42e-01
 4.68813e+22	8.25e-20	3.18e-14	3.56e-10	3.24e-07	4.34e-05	3.06e-02	3.36e-01	6.33e-01
 4.76495e+22	9.97e-20	3.75e-14	4.10e-10	3.63e-07	4.71e-05	3.22e-02	3.42e-01	6.25e-01
 4.86480e+22	1.26e-19	4.60e-14	4.88e-10	4.19e-07	5.23e-05	3.43e-02	3.50e-01	6.15e-01
 4.97423e+22	1.63e-19	5.73e-14	5.88e-10	4.87e-07	5.84e-05	3.67e-02	3.59e-01	6.04e-01
 5.07405e+22	2.07e-19	7.04e-14	7.01e-10	5.63e-07	6.49e-05	3.91e-02	3.67e-01	5.94e-01
 5.16661e+22	2.53e-19	8.40e-14	8.15e-10	6.36e-07	7.09e-05	4.13e-02	3.74e-01	5.84e-01
 5.27175e+22	3.18e-19	1.02e-13	9.64e-10	7.31e-07	7.85e-05	4.38e-02	3.82e-01	5.74e-01
 5.40845e+22	4.20e-19	1.30e-13	1.18e-09	8.65e-07	8.87e-05	4.72e-02	3.92e-01	5.61e-01
 5.55042e+22	5.66e-19	1.69e-13	1.48e-09	1.04e-06	1.01e-04	5.11e-02	4.02e-01	5.47e-01
 5.66625e+22	7.16e-19	2.07e-13	1.76e-09	1.20e-06	1.13e-04	5.43e-02	4.11e-01	5.35e-01
 5.78382e+22	8.97e-19	2.52e-13	2.09e-09	1.38e-06	1.25e-04	5.77e-02	4.19e-01	5.23e-01
 5.93665e+22	1.18e-18	3.20e-13	2.56e-09	1.63e-06	1.41e-04	6.21e-02	4.28e-01	5.10e-01
 6.09974e+22	1.60e-18	4.17e-13	3.22e-09	1.97e-06	1.62e-04	6.73e-02	4.39e-01	4.94e-01
 6.23782e+22	2.04e-18	5.17e-13	3.88e-09	2.31e-06	1.82e-04	7.18e-02	4.47e-01	4.81e-01
 6.37897e+22	2.57e-18	6.32e-13	4.62e-09	2.67e-06	2.02e-04	7.64e-02	4.55e-01	4.68e-01
 6.56247e+22	3.41e-18	8.11e-13	5.74e-09	3.20e-06	2.31e-04	8.24e-02	4.65e-01	4.53e-01
 6.75485e+22	4.62e-18	1.06e-12	7.24e-09	3.88e-06	2.66e-04	8.94e-02	4.75e-01	4.36e-01
 6.90501e+22	5.84e-18	1.30e-12	8.68e-09	4.53e-06	2.98e-04	9.52e-02	4.82e-01	4.22e-01
 7.02353e+22	6.90e-18	1.51e-12	9.87e-09	5.04e-06	3.22e-04	9.95e-02	4.87e-01	4.13e-01
 7.15467e+22	8.24e-18	1.76e-12	1.13e-08	5.67e-06	3.51e-04	1.04e-01	4.93e-01	4.03e-01
 7.32515e+22	1.02e-17	2.14e-12	1.34e-08	6.54e-06	3.90e-04	1.11e-01	4.99e-01	3.90e-01
 7.54677e+22	1.34e-17	2.71e-12	1.66e-08	7.83e-06	4.46e-04	1.19e-01	5.07e-01	3.74e-01
 7.76808e+22	1.77e-17	3.48e-12	2.06e-08	9.44e-06	5.12e-04	1.28e-01	5.14e-01	3.57e-01
 7.93441e+22	2.16e-17	4.15e-12	2.42e-08	1.08e-05	5.66e-04	1.36e-01	5.19e-01	3.45e-01
 8.09611e+22	2.56e-17	4.84e-12	2.77e-08	1.22e-05	6.17e-04	1.42e-01	5.23e-01	3.34e-01
 8.30632e+22	3.15e-17	5.82e-12	3.27e-08	1.40e-05	6.84e-04	1.50e-01	5.27e-01	3.22e-01
 8.54347e+22	3.99e-17	7.19e-12	3.95e-08	1.65e-05	7.73e-04	1.60e-01	5.32e-01	3.07e-01
 8.76256e+22	4.93e-17	8.69e-12	4.68e-08	1.91e-05	8.63e-04	1.70e-01	5.35e-01	2.94e-01
 8.95910e+22	5.88e-17	1.02e-11	5.41e-08	2.17e-05	9.48e-04	1.78e-01	5.38e-01	2.83e-01
 9.17943e+22	7.01e-17	1.19e-11	6.24e-08	2.45e-05	1.04e-03	1.87e-01	5.40e-01	2.72e-01
 9.46586e+22	8.70e-17	1.45e-11	7.44e-08	2.86e-05	1.16e-03	1.98e-01	5.42e-01	2.59e-01
 9.77550e+22	1.10e-16	1.80e-11	9.05e-08	3.39e-05	1.32e-03	2.11e-01	5.44e-01	2.44e-01
 1.00436e+23	1.34e-16	2.15e-11	1.06e-07	3.92e-05	1.47e-03	2.22e-01	5.44e-01	2.32e-01
 1.02834e+23	1.58e-16	2.49e-11	1.21e-07	4.39e-05	1.60e-03	2.32e-01	5.44e-01	2.23e-01
 1.05581e+23	1.85e-16	2.88e-11	1.39e-07	4.93e-05	1.74e-03	2.42e-01	5.43e-01	2.13e-01
 1.08651e+23	2.23e-16	3.41e-11	1.62e-07	5.64e-05	1.93e-03	2.54e-01	5.42e-01	2.02e-01
 1.11443e+23	2.62e-16	3.95e-11	1.85e-07	6.36e-05	2.11e-03	2.65e-01	5.40e-01	1.93e-01
 1.13913e+23	2.99e-16	4.46e-11	2.07e-07	7.00e-05	2.26e-03	2.74e-01	5.39e-01	1.85e-01
 1.16663e+23	3.41e-16	5.02e-11	2.31e-07	7.70e-05	2.43e-03	2.83e-01	5.37e-01	1.78e-01
 1.20237e+23	3.99e-16	5.80e-11	2.63e-07	8.63e-05	2.65e-03	2.94e-01	5.34e-01	1.69e-01
 1.24765e+23	4.80e-16	6.88e-11	3.07e-07	9.90e-05	2.93e-03	3.08e-01	5.30e-01	1.59e-01
 1.29305e+23	5.86e-16	8.26e-11	3.64e-07	1.15e-04	3.28e-03	3.24e-01	5.24e-01	1.48e-01
 1.32824e+23	6.83e-16	9.50e-11	4.13e-07	1.28e-04	3.55e-03	3.36e-01	5.20e-01	1.41e-01
 1.36239e+23	7.63e-16	1.05e-10	4.54e-07	1.39e-04	3.77e-03	3.44e-01	5.16e-01	1.35e-01
 1.40680e+23	8.75e-16	1.19e-10	5.09e-07	1.53e-04	4.05e-03	3.55e-01	5.11e-01	1.29e-01
 1.46115e+23	1.03e-15	1.38e-10	5.82e-07	1.72e-04	4.42e-03	3.69e-01	5.05e-01	1.21e-01
 1.51785e+23	1.21e-15	1.61e-10	6.71e-07	1.95e-04	4.84e-03	3.83e-01	4.98e-01	1.14e-01
 1.56939e+23	1.40e-15	1.84e-10	7.57e-07	2.17e-04	5.23e-03	3.95e-01	4.92e-01	1.07e-01
 1.62480e+23	1.58e-15	2.05e-10	8.38e-07	2.36e-04	5.58e-03	4.06e-01	4.86e-01	1.02e-01
 1.68986e+23	1.81e-15	2.33e-10	9.43e-07	2.62e-04	6.01e-03	4.18e-01	4.79e-01	9.64e-02
 1.75869e+23	2.08e-15	2.64e-10	1.06e-06	2.89e-04	6.47e-03	4.30e-01	4.72e-01	9.10e-02
 1.83027e+23	2.36e-15	2.97e-10	1.18e-06	3.17e-04	6.92e-03	4.41e-01	4.65e-01	8.61e-02
 1.90471e+23	2.66e-15	3.31e-10	1.30e-06	3.45e-04	7.37e-03	4.52e-01	4.59e-01	8.17e-02
 1.98214e+23	2.97e-15	3.67e-10	1.43e-06	3.74e-04	7.81e-03	4.62e-01	4.52e-01	7.77e-02
 2.06266e+23	3.28e-15	4.03e-10	1.56e-06	4.02e-04	8.24e-03	4.71e-01	4.46e-01	7.42e-02
 2.14640e+23	3.60e-15	4.39e-10	1.69e-06	4.31e-04	8.67e-03	4.80e-01	4.40e-01	7.09e-02
 2.23237e+23	3.92e-15	4.74e-10	1.81e-06	4.56e-04	9.03e-03	4.87e-01	4.35e-01	6.83e-02
 2.31462e+23	4.25e-15	5.11e-10	1.94e-06	4.83e-04	9.41e-03	4.94e-01	4.30e-01	6.58e-02
 2.38864e+23	4.53e-15	5.42e-10	2.05e-06	5.06e-04	9.75e-03	5.00e-01	4.26e-01	6.37e-02
 2.45526e+23	4.75e-15	5.67e-10	2.14e-06	5.24e-04	1.00e-02	5.05e-01	4.23e-01	6.22e-02
 2.51521e+23	4.97e-15	5.91e-10	2.22e-06	5.41e-04	1.02e-02	5.09e-01	4.20e-01	6.09e-02
 2.56917e+23	5.12e-15	6.08e-10	2.28e-06	5.53e-04	1.04e-02	5.11e-01	4.18e-01	5.99e-02
 2.61774e+23	5.26e-15	6.24e-10	2.34e-06	5.65e-04	1.06e-02	5.14e-01	4.16e-01	5.91e-02
 2.66144e+23	5.39e-15	6.37e-10	2.38e-06	5.74e-04	1.07e-02	5.16e-01	4.14e-01	5.84e-02
 2.70078e+23	5.49e-15	6.48e-10	2.42e-06	5.81e-04	1.08e-02	5.18e-01	4.13e-01	5.79e-02
 2.73619e+23	5.57e-15	6.58e-10	2.45e-06	5.88e-04	1.09e-02	5.19e-01	4.12e-01	5.74e-02
 2.76823e+23	5.66e-15	6.67e-10	2.48e-06	5.93e-04	1.09e-02	5.20e-01	4.11e-01	5.71e-02
 2.79878e+23	5.69e-15	6.70e-10	2.49e-06	5.96e-04	1.10e-02	5.21e-01	4.11e-01	5.70e-02
 2.82933e+23	5.72e-15	6.74e-10	2.51e-06	5.99e-04	1.10e-02	5.21e-01	4.10e-01	5.68e-02
 2.85987e+23	5.76e-15	6.78e-10	2.52e-06	6.01e-04	1.10e-02	5.22e-01	4.10e-01	5.66e-02
 2.89042e+23	5.79e-15	6.82e-10	2.53e-06	6.04e-04	1.11e-02	5.23e-01	4.09e-01	5.64e-02
 2.92097e+23	5.81e-15	6.84e-10	2.54e-06	6.06e-04	1.11e-02	5.23e-01	4.09e-01	5.63e-02
 2.95152e+23	5.83e-15	6.86e-10	2.55e-06	6.07e-04	1.11e-02	5.23e-01	4.09e-01	5.62e-02
 2.98207e+23	5.84e-15	6.87e-10	2.55e-06	6.07e-04	1.11e-02	5.23e-01	4.09e-01	5.62e-02
 3.01262e+23	5.85e-15	6.88e-10	2.55e-06	6.08e-04	1.11e-02	5.23e-01	4.09e-01	5.61e-02
 3.04135e+23	5.88e-15	6.92e-10	2.57e-06	6.12e-04	1.12e-02	5.24e-01	4.08e-01	5.59e-02
