#depth	C	C+	C+2	C+3	C+4	C+5	C+6	C[1]	C[2]	C[3]	C+[1]	C+[2]	CO
 6.17135e+19	0.00e+00	1.10e-28	3.68e-21	1.18e-14	7.98e-09	1.03e-04	1.00e+00	0.00e+00	0.00e+00	0.00e+00	0.00e+00	0.00e+00	7.31e-91
 1.87609e+20	0.00e+00	1.73e-28	5.21e-21	1.50e-14	9.44e-09	1.13e-04	1.00e+00	0.00e+00	0.00e+00	0.00e+00	0.00e+00	0.00e+00	7.36e-91
 3.18540e+20	0.00e+00	2.73e-28	7.38e-21	1.92e-14	1.12e-08	1.24e-04	1.00e+00	0.00e+00	0.00e+00	0.00e+00	0.00e+00	0.00e+00	7.32e-91
 4.54709e+20	0.00e+00	4.33e-28	1.05e-20	2.46e-14	1.32e-08	1.36e-04	1.00e+00	0.00e+00	0.00e+00	0.00e+00	0.00e+00	0.00e+00	7.16e-91
 5.48444e+20	0.00e+00	5.91e-28	1.33e-20	2.90e-14	1.48e-08	1.46e-04	1.00e+00	0.00e+00	0.00e+00	0.00e+00	0.00e+00	0.00e+00	6.60e-91
 5.86615e+20	0.00e+00	6.73e-28	1.46e-20	3.09e-14	1.55e-08	1.50e-04	1.00e+00	0.00e+00	0.00e+00	0.00e+00	0.00e+00	0.00e+00	5.52e-91
 6.18481e+20	0.00e+00	7.42e-28	1.58e-20	3.26e-14	1.61e-08	1.53e-04	1.00e+00	0.00e+00	0.00e+00	0.00e+00	0.00e+00	0.00e+00	4.65e-91
 6.59908e+20	0.00e+00	8.47e-28	1.74e-20	3.49e-14	1.69e-08	1.57e-04	1.00e+00	0.00e+00	0.00e+00	0.00e+00	0.00e+00	0.00e+00	3.98e-91
 7.13762e+20	0.00e+00	1.00e-27	1.98e-20	3.82e-14	1.80e-08	1.63e-04	1.00e+00	0.00e+00	0.00e+00	0.00e+00	0.00e+00	0.00e+00	3.43e-91
 7.83773e+20	0.00e+00	1.25e-27	2.34e-20	4.27e-14	1.94e-08	1.71e-04	1.00e+00	0.00e+00	0.00e+00	0.00e+00	0.00e+00	0.00e+00	2.98e-91
 8.56030e+20	0.00e+00	1.56e-27	2.77e-20	4.79e-14	2.10e-08	1.79e-04	1.00e+00	0.00e+00	0.00e+00	0.00e+00	0.00e+00	0.00e+00	2.58e-91
 9.11644e+20	0.00e+00	1.85e-27	3.14e-20	5.22e-14	2.23e-08	1.86e-04	1.00e+00	0.00e+00	0.00e+00	0.00e+00	0.00e+00	0.00e+00	2.20e-91
 9.56467e+20	0.00e+00	2.12e-27	3.47e-20	5.59e-14	2.34e-08	1.91e-04	1.00e+00	0.00e+00	0.00e+00	0.00e+00	0.00e+00	0.00e+00	1.85e-91
 1.00682e+21	0.00e+00	2.46e-27	3.89e-20	6.03e-14	2.47e-08	1.97e-04	1.00e+00	0.00e+00	0.00e+00	0.00e+00	0.00e+00	0.00e+00	1.55e-91
 1.07229e+21	0.00e+00	2.99e-27	4.49e-20	6.64e-14	2.65e-08	2.06e-04	1.00e+00	0.00e+00	0.00e+00	0.00e+00	0.00e+00	0.00e+00	1.31e-91
 1.14077e+21	0.00e+00	3.64e-27	5.20e-20	7.34e-14	2.84e-08	2.15e-04	1.00e+00	0.00e+00	0.00e+00	0.00e+00	0.00e+00	0.00e+00	1.11e-91
 1.19834e+21	0.00e+00	4.30e-27	5.88e-20	7.96e-14	3.01e-08	2.23e-04	1.00e+00	0.00e+00	0.00e+00	0.00e+00	0.00e+00	0.00e+00	9.14e-92
 1.25834e+21	0.00e+00	5.08e-27	6.66e-20	8.65e-14	3.19e-08	2.31e-04	1.00e+00	0.00e+00	0.00e+00	0.00e+00	0.00e+00	0.00e+00	7.51e-92
 1.32479e+21	0.00e+00	6.14e-27	7.65e-20	9.48e-14	3.41e-08	2.41e-04	1.00e+00	0.00e+00	0.00e+00	0.00e+00	0.00e+00	0.00e+00	6.14e-92
 1.38443e+21	0.00e+00	7.24e-27	8.64e-20	1.03e-13	3.61e-08	2.50e-04	1.00e+00	0.00e+00	0.00e+00	0.00e+00	0.00e+00	0.00e+00	4.96e-92
 1.43809e+21	0.00e+00	8.39e-27	9.63e-20	1.10e-13	3.80e-08	2.58e-04	1.00e+00	0.00e+00	0.00e+00	0.00e+00	0.00e+00	0.00e+00	3.95e-92
 1.49918e+21	0.00e+00	9.88e-27	1.09e-19	1.19e-13	4.02e-08	2.68e-04	1.00e+00	0.00e+00	0.00e+00	0.00e+00	0.00e+00	0.00e+00	3.14e-92
 1.57858e+21	0.00e+00	1.22e-26	1.27e-19	1.32e-13	4.32e-08	2.81e-04	1.00e+00	0.00e+00	0.00e+00	0.00e+00	0.00e+00	0.00e+00	2.51e-92
 1.65777e+21	0.00e+00	1.50e-26	1.47e-19	1.45e-13	4.64e-08	2.94e-04	1.00e+00	0.00e+00	0.00e+00	0.00e+00	0.00e+00	0.00e+00	1.99e-92
 1.71686e+21	0.00e+00	1.75e-26	1.65e-19	1.56e-13	4.88e-08	3.04e-04	1.00e+00	0.00e+00	0.00e+00	0.00e+00	0.00e+00	0.00e+00	1.53e-92
 1.77389e+21	0.00e+00	2.02e-26	1.83e-19	1.67e-13	5.13e-08	3.15e-04	1.00e+00	0.00e+00	0.00e+00	0.00e+00	0.00e+00	0.00e+00	1.17e-92
 1.84802e+21	0.00e+00	2.44e-26	2.09e-19	1.81e-13	5.46e-08	3.28e-04	1.00e+00	0.00e+00	0.00e+00	0.00e+00	0.00e+00	0.00e+00	8.92e-93
 1.92504e+21	0.00e+00	2.95e-26	2.40e-19	1.98e-13	5.83e-08	3.43e-04	1.00e+00	0.00e+00	0.00e+00	0.00e+00	0.00e+00	0.00e+00	6.76e-93
 1.98899e+21	0.00e+00	3.45e-26	2.69e-19	2.12e-13	6.14e-08	3.56e-04	1.00e+00	0.00e+00	0.00e+00	0.00e+00	0.00e+00	0.00e+00	5.02e-93
 2.05532e+21	0.00e+00	4.05e-26	3.01e-19	2.28e-13	6.47e-08	3.69e-04	1.00e+00	0.00e+00	0.00e+00	0.00e+00	0.00e+00	0.00e+00	5.14e-93
 2.12806e+21	0.00e+00	4.81e-26	3.41e-19	2.46e-13	6.86e-08	3.84e-04	1.00e+00	0.00e+00	0.00e+00	0.00e+00	0.00e+00	0.00e+00	5.28e-93
 2.19390e+21	0.00e+00	5.61e-26	3.80e-19	2.63e-13	7.22e-08	3.98e-04	1.00e+00	0.00e+00	0.00e+00	0.00e+00	0.00e+00	0.00e+00	5.38e-93
 2.25471e+21	0.00e+00	6.46e-26	4.20e-19	2.79e-13	7.56e-08	4.11e-04	1.00e+00	0.00e+00	0.00e+00	0.00e+00	0.00e+00	0.00e+00	5.45e-93
 2.32425e+21	0.00e+00	7.56e-26	4.70e-19	2.99e-13	7.97e-08	4.27e-04	1.00e+00	0.00e+00	0.00e+00	0.00e+00	0.00e+00	0.00e+00	5.54e-93
 2.40188e+21	0.00e+00	8.99e-26	5.31e-19	3.22e-13	8.44e-08	4.45e-04	1.00e+00	0.00e+00	0.00e+00	0.00e+00	0.00e+00	0.00e+00	5.66e-93
 2.47411e+21	0.00e+00	1.05e-25	5.95e-19	3.44e-13	8.89e-08	4.62e-04	1.00e+00	0.00e+00	0.00e+00	0.00e+00	0.00e+00	0.00e+00	5.76e-93
 2.54134e+21	0.00e+00	1.22e-25	6.59e-19	3.66e-13	9.33e-08	4.79e-04	1.00e+00	0.00e+00	0.00e+00	0.00e+00	0.00e+00	0.00e+00	5.81e-93
 2.61799e+21	0.00e+00	1.44e-25	7.39e-19	3.92e-13	9.84e-08	4.98e-04	1.00e+00	0.00e+00	0.00e+00	0.00e+00	0.00e+00	0.00e+00	5.88e-93
 2.70109e+21	0.00e+00	1.71e-25	8.35e-19	4.21e-13	1.04e-07	5.19e-04	9.99e-01	0.00e+00	0.00e+00	0.00e+00	0.00e+00	0.00e+00	5.99e-93
 2.77537e+21	0.00e+00	1.99e-25	9.30e-19	4.49e-13	1.10e-07	5.39e-04	9.99e-01	0.00e+00	0.00e+00	0.00e+00	0.00e+00	0.00e+00	6.04e-93
 2.84283e+21	0.00e+00	2.28e-25	1.02e-18	4.74e-13	1.15e-07	5.57e-04	9.99e-01	0.00e+00	0.00e+00	0.00e+00	0.00e+00	0.00e+00	4.56e-91
 2.91865e+21	0.00e+00	2.66e-25	1.14e-18	5.05e-13	1.20e-07	5.78e-04	9.99e-01	0.00e+00	0.00e+00	0.00e+00	0.00e+00	0.00e+00	6.71e-91
 3.00375e+21	0.00e+00	3.14e-25	1.28e-18	5.40e-13	1.27e-07	6.02e-04	9.99e-01	0.00e+00	0.00e+00	0.00e+00	0.00e+00	0.00e+00	1.10e-90
 3.08370e+21	0.00e+00	3.66e-25	1.42e-18	5.75e-13	1.34e-07	6.25e-04	9.99e-01	0.00e+00	0.00e+00	0.00e+00	0.00e+00	0.00e+00	1.79e-90
 3.15856e+21	0.00e+00	4.22e-25	1.57e-18	6.09e-13	1.40e-07	6.47e-04	9.99e-01	0.00e+00	0.00e+00	0.00e+00	0.00e+00	0.00e+00	2.97e-90
 3.24405e+21	0.00e+00	4.95e-25	1.76e-18	6.49e-13	1.48e-07	6.73e-04	9.99e-01	0.00e+00	0.00e+00	0.00e+00	0.00e+00	0.00e+00	5.39e-90
 3.33587e+21	0.00e+00	5.85e-25	1.97e-18	6.94e-13	1.56e-07	7.01e-04	9.99e-01	0.00e+00	0.00e+00	0.00e+00	0.00e+00	0.00e+00	9.61e-90
 3.41660e+21	0.00e+00	6.77e-25	2.18e-18	7.36e-13	1.64e-07	7.27e-04	9.99e-01	0.00e+00	0.00e+00	0.00e+00	0.00e+00	0.00e+00	1.54e-89
 3.50222e+21	0.00e+00	7.87e-25	2.43e-18	7.83e-13	1.73e-07	7.54e-04	9.99e-01	0.00e+00	0.00e+00	0.00e+00	0.00e+00	0.00e+00	2.93e-89
 3.59845e+21	0.00e+00	9.30e-25	2.73e-18	8.37e-13	1.83e-07	7.86e-04	9.99e-01	0.00e+00	0.00e+00	0.00e+00	0.00e+00	0.00e+00	4.88e-89
 3.68921e+21	0.00e+00	1.09e-24	3.04e-18	8.92e-13	1.92e-07	8.16e-04	9.99e-01	0.00e+00	0.00e+00	0.00e+00	0.00e+00	0.00e+00	7.54e-89
 3.77469e+21	0.00e+00	1.25e-24	3.36e-18	9.45e-13	2.02e-07	8.45e-04	9.99e-01	0.00e+00	0.00e+00	0.00e+00	0.00e+00	0.00e+00	1.34e-88
 3.87257e+21	0.00e+00	1.47e-24	3.76e-18	1.01e-12	2.13e-07	8.79e-04	9.99e-01	0.00e+00	0.00e+00	0.00e+00	0.00e+00	0.00e+00	2.47e-88
 3.98205e+21	0.00e+00	1.76e-24	4.26e-18	1.09e-12	2.27e-07	9.18e-04	9.99e-01	0.00e+00	0.00e+00	0.00e+00	0.00e+00	0.00e+00	4.55e-88
 4.07972e+21	0.00e+00	2.05e-24	4.75e-18	1.16e-12	2.39e-07	9.53e-04	9.99e-01	0.00e+00	0.00e+00	0.00e+00	0.00e+00	0.00e+00	7.10e-88
 4.16430e+21	0.00e+00	2.34e-24	5.22e-18	1.22e-12	2.50e-07	9.84e-04	9.99e-01	0.00e+00	0.00e+00	0.00e+00	0.00e+00	0.00e+00	1.58e-87
 4.25873e+21	0.00e+00	2.70e-24	5.78e-18	1.30e-12	2.63e-07	1.02e-03	9.99e-01	0.00e+00	0.00e+00	0.00e+00	0.00e+00	0.00e+00	2.02e-87
 4.38150e+21	0.00e+00	3.26e-24	6.59e-18	1.40e-12	2.81e-07	1.07e-03	9.99e-01	0.00e+00	0.00e+00	0.00e+00	0.00e+00	0.00e+00	3.90e-87
 4.50588e+21	0.00e+00	3.92e-24	7.51e-18	1.52e-12	3.00e-07	1.12e-03	9.99e-01	0.00e+00	0.00e+00	0.00e+00	0.00e+00	0.00e+00	7.65e-87
 4.60679e+21	4.85e-32	4.54e-24	8.35e-18	1.62e-12	3.16e-07	1.16e-03	9.99e-01	0.00e+00	0.00e+00	0.00e+00	0.00e+00	0.00e+00	1.07e-86
 4.71242e+21	5.89e-32	5.29e-24	9.30e-18	1.73e-12	3.34e-07	1.20e-03	9.99e-01	0.00e+00	0.00e+00	0.00e+00	0.00e+00	0.00e+00	1.81e-86
 4.84973e+21	7.55e-32	6.41e-24	1.07e-17	1.88e-12	3.58e-07	1.25e-03	9.99e-01	0.00e+00	0.00e+00	0.00e+00	0.00e+00	0.00e+00	2.91e-86
 4.99073e+21	9.71e-32	7.80e-24	1.23e-17	2.04e-12	3.84e-07	1.31e-03	9.99e-01	0.00e+00	0.00e+00	0.00e+00	0.00e+00	0.00e+00	6.06e-86
 5.10117e+21	1.18e-31	9.07e-24	1.37e-17	2.18e-12	4.05e-07	1.36e-03	9.99e-01	0.00e+00	0.00e+00	0.00e+00	0.00e+00	0.00e+00	1.19e-85
 5.20939e+21	1.42e-31	1.05e-23	1.52e-17	2.33e-12	4.27e-07	1.41e-03	9.99e-01	0.00e+00	0.00e+00	0.00e+00	0.00e+00	0.00e+00	1.99e-85
 5.35007e+21	1.80e-31	1.26e-23	1.74e-17	2.53e-12	4.57e-07	1.47e-03	9.99e-01	0.00e+00	0.00e+00	0.00e+00	0.00e+00	0.00e+00	3.09e-85
 5.49607e+21	2.29e-31	1.53e-23	1.99e-17	2.75e-12	4.90e-07	1.54e-03	9.98e-01	0.00e+00	0.00e+00	0.00e+00	0.00e+00	0.00e+00	6.29e-85
 5.61793e+21	2.80e-31	1.78e-23	2.23e-17	2.95e-12	5.19e-07	1.60e-03	9.98e-01	0.00e+00	0.00e+00	0.00e+00	0.00e+00	0.00e+00	1.24e-84
 5.74531e+21	3.42e-31	2.09e-23	2.50e-17	3.17e-12	5.51e-07	1.66e-03	9.98e-01	0.00e+00	0.00e+00	0.00e+00	0.00e+00	0.00e+00	1.92e-84
 5.91090e+21	4.46e-31	2.57e-23	2.91e-17	3.48e-12	5.95e-07	1.74e-03	9.98e-01	0.00e+00	0.00e+00	0.00e+00	0.00e+00	0.00e+00	3.52e-84
 6.07814e+21	5.78e-31	3.16e-23	3.37e-17	3.82e-12	6.42e-07	1.82e-03	9.98e-01	0.00e+00	0.00e+00	0.00e+00	0.00e+00	0.00e+00	7.57e-84
 6.21232e+21	7.10e-31	3.71e-23	3.79e-17	4.11e-12	6.82e-07	1.89e-03	9.98e-01	0.00e+00	0.00e+00	0.00e+00	0.00e+00	0.00e+00	1.53e-83
 6.33190e+21	8.51e-31	4.27e-23	4.21e-17	4.39e-12	7.20e-07	1.96e-03	9.98e-01	0.00e+00	0.00e+00	0.00e+00	0.00e+00	0.00e+00	4.61e-83
 6.46771e+21	1.04e-30	5.01e-23	4.73e-17	4.73e-12	7.64e-07	2.03e-03	9.98e-01	0.00e+00	0.00e+00	0.00e+00	0.00e+00	0.00e+00	4.28e-83
 6.64425e+21	1.35e-30	6.14e-23	5.49e-17	5.19e-12	8.25e-07	2.12e-03	9.98e-01	0.00e+00	0.00e+00	0.00e+00	0.00e+00	0.00e+00	6.97e-83
 6.82382e+21	1.74e-30	7.53e-23	6.37e-17	5.71e-12	8.92e-07	2.23e-03	9.98e-01	0.00e+00	0.00e+00	0.00e+00	0.00e+00	0.00e+00	1.47e-82
 6.96845e+21	2.14e-30	8.86e-23	7.18e-17	6.17e-12	9.49e-07	2.31e-03	9.98e-01	0.00e+00	0.00e+00	0.00e+00	0.00e+00	0.00e+00	2.95e-82
 7.11758e+21	2.64e-30	1.05e-22	8.11e-17	6.66e-12	1.01e-06	2.40e-03	9.98e-01	0.00e+00	0.00e+00	0.00e+00	0.00e+00	0.00e+00	5.14e-82
 7.31145e+21	3.45e-30	1.29e-22	9.47e-17	7.36e-12	1.10e-06	2.51e-03	9.97e-01	0.00e+00	0.00e+00	0.00e+00	0.00e+00	0.00e+00	8.54e-82
 7.51169e+21	4.53e-30	1.60e-22	1.11e-16	8.16e-12	1.19e-06	2.64e-03	9.97e-01	0.00e+00	0.00e+00	0.00e+00	0.00e+00	0.00e+00	1.86e-81
 7.67534e+21	5.64e-30	1.91e-22	1.26e-16	8.87e-12	1.27e-06	2.74e-03	9.97e-01	0.00e+00	0.00e+00	0.00e+00	0.00e+00	0.00e+00	3.85e-81
 7.84320e+21	7.05e-30	2.28e-22	1.44e-16	9.64e-12	1.36e-06	2.85e-03	9.97e-01	0.00e+00	0.00e+00	0.00e+00	0.00e+00	0.00e+00	6.93e-81
 8.02033e+21	8.89e-30	2.74e-22	1.65e-16	1.05e-11	1.46e-06	2.97e-03	9.97e-01	0.00e+00	0.00e+00	0.00e+00	0.00e+00	0.00e+00	1.14e-80
 8.17133e+21	1.08e-29	3.20e-22	1.85e-16	1.14e-11	1.55e-06	3.08e-03	9.97e-01	0.00e+00	0.00e+00	0.00e+00	0.00e+00	0.00e+00	2.19e-80
 8.32943e+21	1.32e-29	3.76e-22	2.09e-16	1.23e-11	1.65e-06	3.19e-03	9.97e-01	0.00e+00	0.00e+00	0.00e+00	0.00e+00	0.00e+00	3.32e-80
 8.53497e+21	1.72e-29	4.62e-22	2.43e-16	1.36e-11	1.79e-06	3.33e-03	9.97e-01	0.00e+00	0.00e+00	0.00e+00	0.00e+00	0.00e+00	6.02e-80
 8.74126e+21	2.23e-29	5.68e-22	2.84e-16	1.50e-11	1.94e-06	3.49e-03	9.97e-01	0.00e+00	0.00e+00	0.00e+00	0.00e+00	0.00e+00	8.42e-80
 8.90266e+21	2.73e-29	6.67e-22	3.20e-16	1.62e-11	2.07e-06	3.61e-03	9.96e-01	0.00e+00	0.00e+00	0.00e+00	0.00e+00	0.00e+00	2.63e-79
 9.03664e+21	3.21e-29	7.61e-22	3.53e-16	1.73e-11	2.17e-06	3.72e-03	9.96e-01	0.00e+00	0.00e+00	0.00e+00	0.00e+00	0.00e+00	4.67e-79
 9.18080e+21	3.84e-29	8.77e-22	3.92e-16	1.85e-11	2.30e-06	3.83e-03	9.96e-01	0.00e+00	0.00e+00	0.00e+00	0.00e+00	0.00e+00	7.36e-79
 9.36822e+21	4.82e-29	1.05e-21	4.49e-16	2.02e-11	2.46e-06	3.98e-03	9.96e-01	0.00e+00	0.00e+00	0.00e+00	0.00e+00	0.00e+00	2.74e-79
 9.55935e+21	6.08e-29	1.27e-21	5.15e-16	2.21e-11	2.65e-06	4.14e-03	9.96e-01	0.00e+00	0.00e+00	0.00e+00	0.00e+00	0.00e+00	5.86e-79
 9.71243e+21	7.32e-29	1.47e-21	5.75e-16	2.38e-11	2.80e-06	4.28e-03	9.96e-01	0.00e+00	0.00e+00	0.00e+00	0.00e+00	0.00e+00	3.29e-78
 9.86852e+21	8.81e-29	1.70e-21	6.43e-16	2.56e-11	2.97e-06	4.41e-03	9.96e-01	0.00e+00	0.00e+00	0.00e+00	0.00e+00	0.00e+00	5.64e-78
 1.00346e+22	1.07e-28	1.99e-21	7.24e-16	2.77e-11	3.16e-06	4.56e-03	9.95e-01	0.00e+00	0.00e+00	0.00e+00	0.00e+00	0.00e+00	6.11e-78
 1.01773e+22	1.27e-28	2.29e-21	8.02e-16	2.96e-11	3.33e-06	4.70e-03	9.95e-01	0.00e+00	0.00e+00	0.00e+00	0.00e+00	0.00e+00	1.66e-77
 1.03070e+22	1.48e-28	2.58e-21	8.78e-16	3.15e-11	3.49e-06	4.82e-03	9.95e-01	0.00e+00	0.00e+00	0.00e+00	0.00e+00	0.00e+00	2.50e-77
 1.04560e+22	1.77e-28	2.97e-21	9.76e-16	3.38e-11	3.69e-06	4.96e-03	9.95e-01	0.00e+00	0.00e+00	0.00e+00	0.00e+00	0.00e+00	7.12e-77
 1.06236e+22	2.15e-28	3.48e-21	1.10e-15	3.65e-11	3.92e-06	5.13e-03	9.95e-01	0.00e+00	0.00e+00	0.00e+00	0.00e+00	0.00e+00	1.18e-76
 1.07816e+22	2.59e-28	4.04e-21	1.23e-15	3.93e-11	4.15e-06	5.29e-03	9.95e-01	0.00e+00	0.00e+00	0.00e+00	0.00e+00	0.00e+00	1.89e-76
 1.09282e+22	3.08e-28	4.63e-21	1.36e-15	4.22e-11	4.38e-06	5.44e-03	9.95e-01	0.00e+00	0.00e+00	0.00e+00	0.00e+00	0.00e+00	2.93e-76
 1.10941e+22	3.71e-28	5.38e-21	1.53e-15	4.55e-11	4.64e-06	5.61e-03	9.94e-01	0.00e+00	0.00e+00	0.00e+00	0.00e+00	0.00e+00	4.70e-76
 1.12704e+22	4.59e-28	6.38e-21	1.74e-15	4.95e-11	4.95e-06	5.81e-03	9.94e-01	0.00e+00	0.00e+00	0.00e+00	0.00e+00	0.00e+00	8.07e-76
 1.14173e+22	5.45e-28	7.33e-21	1.93e-15	5.31e-11	5.22e-06	5.97e-03	9.94e-01	0.00e+00	0.00e+00	0.00e+00	0.00e+00	0.00e+00	1.25e-75
 1.15654e+22	6.47e-28	8.42e-21	2.14e-15	5.70e-11	5.51e-06	6.14e-03	9.94e-01	0.00e+00	0.00e+00	0.00e+00	0.00e+00	0.00e+00	1.92e-75
 1.17580e+22	8.08e-28	1.01e-20	2.45e-15	6.24e-11	5.90e-06	6.37e-03	9.94e-01	0.00e+00	0.00e+00	0.00e+00	0.00e+00	0.00e+00	3.37e-75
 1.19522e+22	1.01e-27	1.21e-20	2.82e-15	6.85e-11	6.33e-06	6.60e-03	9.93e-01	0.00e+00	0.00e+00	0.00e+00	0.00e+00	0.00e+00	5.96e-75
 1.21043e+22	1.21e-27	1.40e-20	3.14e-15	7.37e-11	6.69e-06	6.79e-03	9.93e-01	0.00e+00	0.00e+00	0.00e+00	0.00e+00	0.00e+00	9.29e-75
 1.22580e+22	1.45e-27	1.61e-20	3.50e-15	7.94e-11	7.06e-06	6.99e-03	9.93e-01	0.00e+00	0.00e+00	0.00e+00	0.00e+00	0.00e+00	1.45e-74
 1.24579e+22	1.83e-27	1.95e-20	4.04e-15	8.74e-11	7.58e-06	7.25e-03	9.93e-01	0.00e+00	0.00e+00	0.00e+00	0.00e+00	0.00e+00	2.58e-74
 1.26622e+22	2.33e-27	2.36e-20	4.69e-15	9.66e-11	8.16e-06	7.53e-03	9.92e-01	0.00e+00	0.00e+00	0.00e+00	0.00e+00	0.00e+00	4.67e-74
 1.28202e+22	2.80e-27	2.75e-20	5.26e-15	1.04e-10	8.64e-06	7.75e-03	9.92e-01	0.00e+00	0.00e+00	0.00e+00	0.00e+00	0.00e+00	7.39e-74
 1.29533e+22	3.28e-27	3.12e-20	5.79e-15	1.12e-10	9.06e-06	7.94e-03	9.92e-01	0.00e+00	0.00e+00	0.00e+00	0.00e+00	0.00e+00	1.09e-73
 1.31061e+22	3.92e-27	3.61e-20	6.47e-15	1.20e-10	9.56e-06	8.17e-03	9.92e-01	0.00e+00	0.00e+00	0.00e+00	0.00e+00	0.00e+00	1.69e-73
 1.33048e+22	4.95e-27	4.36e-20	7.48e-15	1.33e-10	1.03e-05	8.46e-03	9.92e-01	0.00e+00	0.00e+00	0.00e+00	0.00e+00	0.00e+00	2.98e-73
 1.35058e+22	6.29e-27	5.30e-20	8.69e-15	1.47e-10	1.10e-05	8.78e-03	9.91e-01	0.00e+00	0.00e+00	0.00e+00	0.00e+00	0.00e+00	5.33e-73
 1.36642e+22	7.64e-27	6.21e-20	9.81e-15	1.60e-10	1.17e-05	9.04e-03	9.91e-01	0.00e+00	0.00e+00	0.00e+00	0.00e+00	0.00e+00	8.55e-73
 1.38245e+22	9.24e-27	7.25e-20	1.10e-14	1.73e-10	1.24e-05	9.31e-03	9.91e-01	0.00e+00	0.00e+00	0.00e+00	0.00e+00	0.00e+00	1.35e-72
 1.40327e+22	1.18e-26	8.82e-20	1.28e-14	1.92e-10	1.33e-05	9.65e-03	9.90e-01	0.00e+00	0.00e+00	0.00e+00	0.00e+00	0.00e+00	2.42e-72
 1.42458e+22	1.52e-26	1.09e-19	1.51e-14	2.15e-10	1.44e-05	1.00e-02	9.90e-01	0.00e+00	0.00e+00	0.00e+00	0.00e+00	0.00e+00	4.47e-72
 1.44151e+22	1.88e-26	1.29e-19	1.73e-14	2.36e-10	1.53e-05	1.04e-02	9.90e-01	0.00e+00	0.00e+00	0.00e+00	0.00e+00	0.00e+00	7.42e-72
 1.45621e+22	2.23e-26	1.49e-19	1.92e-14	2.54e-10	1.61e-05	1.06e-02	9.89e-01	0.00e+00	0.00e+00	0.00e+00	0.00e+00	0.00e+00	1.11e-71
 1.47299e+22	2.72e-26	1.75e-19	2.18e-14	2.77e-10	1.71e-05	1.09e-02	9.89e-01	0.00e+00	0.00e+00	0.00e+00	0.00e+00	0.00e+00	1.79e-71
 1.49481e+22	3.53e-26	2.17e-19	2.57e-14	3.10e-10	1.85e-05	1.14e-02	9.89e-01	0.00e+00	0.00e+00	0.00e+00	0.00e+00	0.00e+00	3.31e-71
 1.51728e+22	4.63e-26	2.71e-19	3.05e-14	3.50e-10	2.00e-05	1.18e-02	9.88e-01	0.00e+00	0.00e+00	0.00e+00	0.00e+00	0.00e+00	6.29e-71
 1.53556e+22	5.78e-26	3.24e-19	3.51e-14	3.86e-10	2.14e-05	1.22e-02	9.88e-01	0.00e+00	0.00e+00	0.00e+00	0.00e+00	0.00e+00	1.06e-70
 1.55429e+22	7.21e-26	3.89e-19	4.05e-14	4.25e-10	2.29e-05	1.26e-02	9.87e-01	0.00e+00	0.00e+00	0.00e+00	0.00e+00	0.00e+00	1.78e-70
 1.57863e+22	9.61e-26	4.93e-19	4.86e-14	4.83e-10	2.49e-05	1.32e-02	9.87e-01	0.00e+00	0.00e+00	0.00e+00	0.00e+00	0.00e+00	3.48e-70
 1.60344e+22	1.29e-25	6.29e-19	5.88e-14	5.52e-10	2.72e-05	1.38e-02	9.86e-01	0.00e+00	0.00e+00	0.00e+00	0.00e+00	0.00e+00	6.94e-70
 1.62333e+22	1.63e-25	7.63e-19	6.83e-14	6.13e-10	2.91e-05	1.42e-02	9.86e-01	0.00e+00	0.00e+00	0.00e+00	0.00e+00	0.00e+00	1.20e-69
 1.64045e+22	1.99e-25	8.99e-19	7.77e-14	6.70e-10	3.09e-05	1.47e-02	9.85e-01	0.00e+00	0.00e+00	0.00e+00	0.00e+00	0.00e+00	1.90e-69
 1.65948e+22	2.48e-25	1.08e-18	8.93e-14	7.39e-10	3.30e-05	1.51e-02	9.85e-01	0.00e+00	0.00e+00	0.00e+00	0.00e+00	0.00e+00	3.15e-69
 1.68422e+22	3.27e-25	1.35e-18	1.07e-13	8.39e-10	3.58e-05	1.58e-02	9.84e-01	0.00e+00	0.00e+00	0.00e+00	0.00e+00	0.00e+00	5.99e-69
 1.70919e+22	4.34e-25	1.71e-18	1.28e-13	9.53e-10	3.89e-05	1.64e-02	9.84e-01	0.00e+00	0.00e+00	0.00e+00	0.00e+00	0.00e+00	1.15e-68
 1.72884e+22	5.39e-25	2.05e-18	1.48e-13	1.05e-09	4.16e-05	1.70e-02	9.83e-01	0.00e+00	0.00e+00	0.00e+00	0.00e+00	0.00e+00	1.90e-68
 1.74873e+22	6.67e-25	2.44e-18	1.70e-13	1.16e-09	4.43e-05	1.75e-02	9.82e-01	0.00e+00	0.00e+00	0.00e+00	0.00e+00	0.00e+00	3.10e-68
 1.77459e+22	8.75e-25	3.06e-18	2.03e-13	1.32e-09	4.81e-05	1.82e-02	9.82e-01	0.00e+00	0.00e+00	0.00e+00	0.00e+00	0.00e+00	5.79e-68
 1.80161e+22	1.16e-24	3.87e-18	2.44e-13	1.50e-09	5.23e-05	1.90e-02	9.81e-01	0.00e+00	0.00e+00	0.00e+00	0.00e+00	0.00e+00	1.11e-67
 1.82421e+22	1.46e-24	4.69e-18	2.83e-13	1.67e-09	5.61e-05	1.97e-02	9.80e-01	0.00e+00	0.00e+00	0.00e+00	0.00e+00	0.00e+00	1.88e-67
 1.84768e+22	1.84e-24	5.68e-18	3.30e-13	1.86e-09	6.02e-05	2.03e-02	9.80e-01	0.00e+00	0.00e+00	0.00e+00	0.00e+00	0.00e+00	3.19e-67
 1.87820e+22	2.46e-24	7.25e-18	4.00e-13	2.13e-09	6.57e-05	2.12e-02	9.79e-01	0.00e+00	0.00e+00	0.00e+00	0.00e+00	0.00e+00	6.22e-67
 1.90949e+22	3.31e-24	9.29e-18	4.86e-13	2.44e-09	7.20e-05	2.22e-02	9.78e-01	0.00e+00	0.00e+00	0.00e+00	0.00e+00	0.00e+00	1.23e-66
 1.93488e+22	4.20e-24	1.14e-17	5.70e-13	2.73e-09	7.75e-05	2.30e-02	9.77e-01	0.00e+00	0.00e+00	0.00e+00	0.00e+00	0.00e+00	2.12e-66
 1.96094e+22	5.24e-24	1.37e-17	6.60e-13	3.04e-09	8.30e-05	2.38e-02	9.76e-01	0.00e+00	0.00e+00	0.00e+00	0.00e+00	0.00e+00	3.53e-66
 1.99033e+22	6.76e-24	1.70e-17	7.82e-13	3.43e-09	8.98e-05	2.48e-02	9.75e-01	0.00e+00	0.00e+00	0.00e+00	0.00e+00	0.00e+00	6.32e-66
 2.01703e+22	8.47e-24	2.05e-17	9.10e-13	3.82e-09	9.63e-05	2.56e-02	9.74e-01	0.00e+00	0.00e+00	0.00e+00	0.00e+00	0.00e+00	1.06e-65
 2.04040e+22	1.03e-23	2.41e-17	1.04e-12	4.19e-09	1.02e-04	2.64e-02	9.74e-01	0.00e+00	0.00e+00	0.00e+00	0.00e+00	0.00e+00	1.65e-65
 2.06643e+22	1.26e-23	2.87e-17	1.19e-12	4.63e-09	1.09e-04	2.72e-02	9.73e-01	0.00e+00	0.00e+00	0.00e+00	0.00e+00	0.00e+00	2.64e-65
 2.10026e+22	1.63e-23	3.59e-17	1.42e-12	5.25e-09	1.19e-04	2.84e-02	9.72e-01	0.00e+00	0.00e+00	0.00e+00	0.00e+00	0.00e+00	4.81e-65
 2.13491e+22	2.13e-23	4.49e-17	1.70e-12	5.98e-09	1.29e-04	2.95e-02	9.70e-01	0.00e+00	0.00e+00	0.00e+00	0.00e+00	0.00e+00	8.81e-65
 2.16292e+22	2.61e-23	5.36e-17	1.95e-12	6.61e-09	1.38e-04	3.05e-02	9.69e-01	0.00e+00	0.00e+00	0.00e+00	5.36e-17	1.17e-21	1.42e-64
 2.19167e+22	3.20e-23	6.38e-17	2.25e-12	7.31e-09	1.47e-04	3.15e-02	9.68e-01	0.00e+00	0.00e+00	0.00e+00	6.38e-17	1.39e-21	2.26e-64
 2.22904e+22	4.13e-23	7.96e-17	2.68e-12	8.30e-09	1.60e-04	3.28e-02	9.67e-01	0.00e+00	0.00e+00	0.00e+00	7.96e-17	1.72e-21	4.08e-64
 2.26799e+22	5.36e-23	9.98e-17	3.21e-12	9.46e-09	1.74e-04	3.42e-02	9.66e-01	0.00e+00	0.00e+00	0.00e+00	9.98e-17	2.16e-21	7.48e-64
 2.29847e+22	6.57e-23	1.19e-16	3.70e-12	1.05e-08	1.86e-04	3.53e-02	9.64e-01	0.00e+00	0.00e+00	0.00e+00	1.19e-16	2.58e-21	1.20e-63
 2.32304e+22	7.63e-23	1.36e-16	4.11e-12	1.13e-08	1.95e-04	3.62e-02	9.64e-01	0.00e+00	0.00e+00	0.00e+00	1.36e-16	2.94e-21	1.70e-63
 2.35047e+22	9.01e-23	1.58e-16	4.63e-12	1.23e-08	2.07e-04	3.72e-02	9.63e-01	0.00e+00	0.00e+00	0.00e+00	1.58e-16	3.41e-21	2.51e-63
 2.38612e+22	1.11e-22	1.90e-16	5.37e-12	1.37e-08	2.22e-04	3.85e-02	9.61e-01	0.00e+00	0.00e+00	0.00e+00	1.90e-16	4.10e-21	4.11e-63
 2.42464e+22	1.39e-22	2.31e-16	6.30e-12	1.54e-08	2.39e-04	3.99e-02	9.60e-01	0.00e+00	0.00e+00	0.00e+00	2.31e-16	4.99e-21	6.95e-63
 2.45877e+22	1.69e-22	2.75e-16	7.23e-12	1.70e-08	2.55e-04	4.12e-02	9.59e-01	0.00e+00	0.00e+00	0.00e+00	2.75e-16	5.92e-21	1.09e-62
 2.49498e+22	2.05e-22	3.27e-16	8.32e-12	1.89e-08	2.73e-04	4.26e-02	9.57e-01	0.00e+00	0.00e+00	0.00e+00	3.27e-16	7.04e-21	1.73e-62
 2.54207e+22	2.62e-22	4.08e-16	9.93e-12	2.15e-08	2.97e-04	4.43e-02	9.55e-01	0.00e+00	0.00e+00	0.00e+00	4.08e-16	8.76e-21	3.08e-62
 2.58974e+22	3.33e-22	5.09e-16	1.19e-11	2.45e-08	3.23e-04	4.62e-02	9.53e-01	0.00e+00	0.00e+00	0.00e+00	5.09e-16	1.09e-20	5.49e-62
 2.62763e+22	4.00e-22	6.04e-16	1.36e-11	2.70e-08	3.45e-04	4.77e-02	9.52e-01	0.00e+00	0.00e+00	0.00e+00	6.04e-16	1.29e-20	8.53e-62
 2.66633e+22	4.79e-22	7.13e-16	1.56e-11	2.98e-08	3.67e-04	4.92e-02	9.50e-01	0.00e+00	0.00e+00	0.00e+00	7.13e-16	1.52e-20	1.32e-61
 2.71663e+22	6.01e-22	8.80e-16	1.84e-11	3.37e-08	3.98e-04	5.11e-02	9.48e-01	0.00e+00	0.00e+00	0.00e+00	8.80e-16	1.88e-20	2.27e-61
 2.76705e+22	7.49e-22	1.09e-15	2.18e-11	3.82e-08	4.32e-04	5.32e-02	9.46e-01	0.00e+00	0.00e+00	0.00e+00	1.09e-15	2.31e-20	3.90e-61
 2.80636e+22	8.83e-22	1.27e-15	2.48e-11	4.19e-08	4.59e-04	5.48e-02	9.45e-01	0.00e+00	0.00e+00	0.00e+00	1.27e-15	2.70e-20	5.85e-61
 2.84621e+22	1.04e-21	1.48e-15	2.81e-11	4.59e-08	4.87e-04	5.64e-02	9.43e-01	0.00e+00	0.00e+00	0.00e+00	1.48e-15	3.14e-20	8.68e-61
 2.89800e+22	1.27e-21	1.80e-15	3.28e-11	5.15e-08	5.25e-04	5.84e-02	9.41e-01	0.00e+00	0.00e+00	0.00e+00	1.80e-15	3.81e-20	1.43e-60
 2.95375e+22	1.57e-21	2.21e-15	3.88e-11	5.83e-08	5.69e-04	6.07e-02	9.39e-01	0.00e+00	0.00e+00	0.00e+00	2.21e-15	4.67e-20	2.42e-60
 3.00311e+22	1.88e-21	2.65e-15	4.48e-11	6.48e-08	6.09e-04	6.28e-02	9.37e-01	0.00e+00	0.00e+00	0.00e+00	2.65e-15	5.57e-20	3.80e-60
 3.05574e+22	2.25e-21	3.16e-15	5.17e-11	7.20e-08	6.53e-04	6.49e-02	9.34e-01	0.00e+00	0.00e+00	0.00e+00	3.16e-15	6.63e-20	5.99e-60
 3.12417e+22	2.84e-21	3.98e-15	6.23e-11	8.26e-08	7.14e-04	6.78e-02	9.32e-01	0.00e+00	0.00e+00	0.00e+00	3.98e-15	8.32e-20	1.08e-59
 3.19495e+22	3.56e-21	5.04e-15	7.53e-11	9.50e-08	7.82e-04	7.08e-02	9.28e-01	0.00e+00	0.00e+00	0.00e+00	5.04e-15	1.05e-19	1.94e-59
 3.25398e+22	4.27e-21	6.08e-15	8.77e-11	1.06e-07	8.42e-04	7.33e-02	9.26e-01	0.00e+00	0.00e+00	0.00e+00	6.08e-15	1.26e-19	3.10e-59
 3.30630e+22	4.98e-21	7.15e-15	9.99e-11	1.17e-07	8.96e-04	7.55e-02	9.24e-01	0.00e+00	0.00e+00	0.00e+00	7.15e-15	1.48e-19	4.65e-59
 3.36472e+22	5.92e-21	8.53e-15	1.15e-10	1.30e-07	9.60e-04	7.81e-02	9.21e-01	0.00e+00	0.00e+00	0.00e+00	8.53e-15	1.76e-19	7.24e-59
 3.44067e+22	7.26e-21	1.06e-14	1.37e-10	1.48e-07	1.04e-03	8.12e-02	9.18e-01	0.00e+00	0.00e+00	0.00e+00	1.06e-14	2.17e-19	1.24e-58
 3.52057e+22	9.05e-21	1.34e-14	1.66e-10	1.70e-07	1.14e-03	8.48e-02	9.14e-01	0.00e+00	0.00e+00	0.00e+00	1.34e-14	2.74e-19	2.22e-58
 3.58508e+22	1.07e-20	1.60e-14	1.92e-10	1.90e-07	1.23e-03	8.77e-02	9.11e-01	0.00e+00	0.00e+00	0.00e+00	1.60e-14	3.27e-19	3.46e-58
 3.63990e+22	1.22e-20	1.86e-14	2.17e-10	2.07e-07	1.30e-03	9.02e-02	9.09e-01	0.00e+00	0.00e+00	0.00e+00	1.86e-14	3.79e-19	5.00e-58
 3.70265e+22	1.43e-20	2.20e-14	2.48e-10	2.29e-07	1.39e-03	9.30e-02	9.06e-01	0.00e+00	0.00e+00	0.00e+00	2.20e-14	4.46e-19	7.53e-58
 3.78422e+22	1.72e-20	2.70e-14	2.92e-10	2.59e-07	1.50e-03	9.65e-02	9.02e-01	0.00e+00	0.00e+00	0.00e+00	2.70e-14	5.44e-19	1.25e-57
 3.87084e+22	2.11e-20	3.38e-14	3.51e-10	2.96e-07	1.64e-03	1.01e-01	8.98e-01	0.00e+00	0.00e+00	0.00e+00	3.38e-14	6.78e-19	2.16e-57
 3.94434e+22	2.48e-20	4.06e-14	4.07e-10	3.30e-07	1.76e-03	1.04e-01	8.94e-01	0.00e+00	0.00e+00	0.00e+00	4.06e-14	8.12e-19	3.37e-57
 4.02020e+22	2.92e-20	4.86e-14	4.71e-10	3.68e-07	1.89e-03	1.08e-01	8.91e-01	0.00e+00	0.00e+00	0.00e+00	4.86e-14	9.69e-19	5.25e-57
 4.11883e+22	3.57e-20	6.08e-14	5.64e-10	4.21e-07	2.06e-03	1.12e-01	8.86e-01	0.00e+00	0.00e+00	0.00e+00	6.08e-14	1.20e-18	9.07e-57
 4.22106e+22	4.41e-20	7.74e-14	6.87e-10	4.87e-07	2.26e-03	1.17e-01	8.81e-01	0.00e+00	0.00e+00	0.00e+00	7.74e-14	1.52e-18	1.62e-56
 4.30446e+22	5.18e-20	9.35e-14	8.01e-10	5.45e-07	2.43e-03	1.21e-01	8.77e-01	0.00e+00	0.00e+00	0.00e+00	9.35e-14	1.83e-18	2.54e-56
 4.38934e+22	6.10e-20	1.12e-13	9.29e-10	6.09e-07	2.61e-03	1.25e-01	8.72e-01	0.00e+00	0.00e+00	0.00e+00	1.12e-13	2.19e-18	3.96e-56
 4.49968e+22	7.44e-20	1.41e-13	1.11e-09	6.96e-07	2.85e-03	1.30e-01	8.67e-01	0.00e+00	0.00e+00	0.00e+00	1.41e-13	2.72e-18	6.85e-56
 4.60839e+22	9.08e-20	1.78e-13	1.35e-09	8.03e-07	3.12e-03	1.36e-01	8.61e-01	0.00e+00	0.00e+00	0.00e+00	1.78e-13	3.43e-18	1.19e-55
 4.68813e+22	1.04e-19	2.10e-13	1.54e-09	8.86e-07	3.33e-03	1.40e-01	8.57e-01	0.00e+00	0.00e+00	0.00e+00	2.10e-13	4.02e-18	1.75e-55
 4.76495e+22	1.19e-19	2.44e-13	1.75e-09	9.71e-07	3.53e-03	1.44e-01	8.53e-01	0.00e+00	0.00e+00	0.00e+00	2.44e-13	4.66e-18	2.52e-55
 4.86480e+22	1.40e-19	2.95e-13	2.04e-09	1.09e-06	3.80e-03	1.49e-01	8.48e-01	0.00e+00	0.00e+00	0.00e+00	2.95e-13	5.60e-18	3.99e-55
 4.97423e+22	1.66e-19	3.61e-13	2.40e-09	1.23e-06	4.11e-03	1.54e-01	8.42e-01	0.00e+00	0.00e+00	0.00e+00	3.61e-13	6.82e-18	6.47e-55
 5.07405e+22	1.96e-19	4.39e-13	2.81e-09	1.38e-06	4.43e-03	1.59e-01	8.36e-01	0.00e+00	0.00e+00	0.00e+00	4.39e-13	8.23e-18	1.01e-54
 5.16661e+22	2.25e-19	5.17e-13	3.22e-09	1.53e-06	4.72e-03	1.64e-01	8.31e-01	0.00e+00	0.00e+00	0.00e+00	5.17e-13	9.66e-18	1.50e-54
 5.27175e+22	2.65e-19	6.23e-13	3.75e-09	1.71e-06	5.07e-03	1.69e-01	8.26e-01	0.00e+00	0.00e+00	0.00e+00	6.23e-13	1.16e-17	2.33e-54
 5.40845e+22	3.22e-19	7.82e-13	4.51e-09	1.96e-06	5.54e-03	1.76e-01	8.18e-01	0.00e+00	0.00e+00	0.00e+00	7.82e-13	1.44e-17	3.99e-54
 5.55042e+22	3.95e-19	1.00e-12	5.52e-09	2.28e-06	6.09e-03	1.84e-01	8.10e-01	0.00e+00	0.00e+00	0.00e+00	1.00e-12	1.83e-17	7.07e-54
 5.66625e+22	4.63e-19	1.22e-12	6.48e-09	2.57e-06	6.57e-03	1.90e-01	8.03e-01	0.00e+00	0.00e+00	0.00e+00	1.22e-12	2.21e-17	1.11e-53
 5.78382e+22	5.47e-19	1.47e-12	7.58e-09	2.88e-06	7.08e-03	1.96e-01	7.97e-01	0.00e+00	0.00e+00	0.00e+00	1.47e-12	2.65e-17	1.72e-53
 5.93665e+22	6.65e-19	1.85e-12	9.15e-09	3.31e-06	7.73e-03	2.04e-01	7.88e-01	0.00e+00	0.00e+00	0.00e+00	1.85e-12	3.30e-17	2.94e-53
 6.09974e+22	8.20e-19	2.40e-12	1.13e-08	3.88e-06	8.54e-03	2.13e-01	7.78e-01	0.00e+00	0.00e+00	0.00e+00	2.40e-12	4.24e-17	5.27e-53
 6.23782e+22	9.71e-19	2.96e-12	1.35e-08	4.42e-06	9.27e-03	2.21e-01	7.70e-01	0.00e+00	0.00e+00	0.00e+00	2.96e-12	5.21e-17	8.49e-53
 6.37897e+22	1.15e-18	3.61e-12	1.59e-08	5.00e-06	1.00e-02	2.28e-01	7.62e-01	0.00e+00	0.00e+00	0.00e+00	3.61e-12	6.30e-17	1.33e-52
 6.56247e+22	1.41e-18	4.63e-12	1.95e-08	5.82e-06	1.10e-02	2.38e-01	7.51e-01	0.00e+00	0.00e+00	0.00e+00	4.63e-12	8.00e-17	2.34e-52
 6.75485e+22	1.75e-18	6.05e-12	2.44e-08	6.87e-06	1.22e-02	2.48e-01	7.40e-01	0.00e+00	0.00e+00	0.00e+00	6.05e-12	1.04e-16	4.26e-52
 6.90501e+22	2.05e-18	7.47e-12	2.91e-08	7.84e-06	1.33e-02	2.57e-01	7.30e-01	0.00e+00	0.00e+00	0.00e+00	7.47e-12	1.27e-16	6.75e-52
 7.02353e+22	2.31e-18	8.66e-12	3.29e-08	8.60e-06	1.41e-02	2.63e-01	7.23e-01	0.00e+00	0.00e+00	0.00e+00	8.66e-12	1.47e-16	9.41e-52
 7.15467e+22	2.63e-18	1.02e-11	3.77e-08	9.52e-06	1.50e-02	2.70e-01	7.15e-01	0.00e+00	0.00e+00	0.00e+00	1.02e-11	1.71e-16	1.34e-51
 7.32515e+22	3.10e-18	1.24e-11	4.45e-08	1.08e-05	1.62e-02	2.78e-01	7.05e-01	0.00e+00	0.00e+00	0.00e+00	1.24e-11	2.07e-16	2.09e-51
 7.54677e+22	3.79e-18	1.59e-11	5.49e-08	1.26e-05	1.78e-02	2.90e-01	6.93e-01	0.00e+00	0.00e+00	0.00e+00	1.59e-11	2.62e-16	3.60e-51
 7.76808e+22	4.59e-18	2.06e-11	6.83e-08	1.49e-05	1.97e-02	3.02e-01	6.79e-01	0.00e+00	0.00e+00	0.00e+00	2.06e-11	3.36e-16	6.31e-51
 7.93441e+22	5.28e-18	2.49e-11	8.03e-08	1.68e-05	2.13e-02	3.10e-01	6.68e-01	0.00e+00	0.00e+00	0.00e+00	2.49e-11	4.04e-16	9.48e-51
 8.09611e+22	6.00e-18	2.93e-11	9.22e-08	1.86e-05	2.27e-02	3.18e-01	6.59e-01	0.00e+00	0.00e+00	0.00e+00	2.93e-11	4.71e-16	1.35e-50
 8.30632e+22	6.98e-18	3.56e-11	1.09e-07	2.11e-05	2.45e-02	3.28e-01	6.48e-01	0.00e+00	0.00e+00	0.00e+00	3.56e-11	5.66e-16	2.07e-50
 8.54347e+22	8.27e-18	4.47e-11	1.32e-07	2.45e-05	2.68e-02	3.39e-01	6.34e-01	0.00e+00	0.00e+00	0.00e+00	4.47e-11	7.03e-16	3.38e-50
 8.76256e+22	9.55e-18	5.50e-11	1.58e-07	2.80e-05	2.90e-02	3.49e-01	6.22e-01	0.00e+00	0.00e+00	0.00e+00	5.49e-11	8.56e-16	5.27e-50
 8.95910e+22	1.08e-17	6.55e-11	1.84e-07	3.14e-05	3.11e-02	3.58e-01	6.10e-01	0.00e+00	0.00e+00	0.00e+00	6.55e-11	1.01e-15	7.65e-50
 9.17943e+22	1.23e-17	7.78e-11	2.13e-07	3.51e-05	3.33e-02	3.67e-01	5.99e-01	0.00e+00	0.00e+00	0.00e+00	7.78e-11	1.19e-15	1.11e-49
 9.46586e+22	1.43e-17	9.65e-11	2.57e-07	4.04e-05	3.62e-02	3.78e-01	5.85e-01	0.00e+00	0.00e+00	0.00e+00	9.65e-11	1.45e-15	1.77e-49
 9.77550e+22	1.68e-17	1.23e-10	3.16e-07	4.73e-05	3.98e-02	3.91e-01	5.69e-01	0.00e+00	0.00e+00	0.00e+00	1.23e-10	1.81e-15	2.96e-49
 1.00436e+23	1.90e-17	1.50e-10	3.76e-07	5.41e-05	4.31e-02	4.02e-01	5.55e-01	0.00e+00	0.00e+00	0.00e+00	1.50e-10	2.19e-15	4.52e-49
 1.02834e+23	2.10e-17	1.76e-10	4.32e-07	6.01e-05	4.59e-02	4.10e-01	5.44e-01	0.00e+00	0.00e+00	0.00e+00	1.76e-10	2.54e-15	6.43e-49
 1.05581e+23	2.33e-17	2.07e-10	4.99e-07	6.70e-05	4.90e-02	4.19e-01	5.32e-01	0.00e+00	0.00e+00	0.00e+00	2.07e-10	2.95e-15	9.17e-49
 1.08651e+23	2.60e-17	2.50e-10	5.89e-07	7.60e-05	5.27e-02	4.29e-01	5.18e-01	0.00e+00	0.00e+00	0.00e+00	2.50e-10	3.50e-15	1.38e-48
 1.11443e+23	2.84e-17	2.97e-10	6.84e-07	8.53e-05	5.64e-02	4.38e-01	5.05e-01	0.00e+00	0.00e+00	0.00e+00	2.97e-10	4.11e-15	1.98e-48
 1.13913e+23	3.06e-17	3.40e-10	7.69e-07	9.33e-05	5.94e-02	4.45e-01	4.95e-01	0.00e+00	0.00e+00	0.00e+00	3.40e-10	4.64e-15	2.68e-48
 1.16663e+23	3.27e-17	3.89e-10	8.67e-07	1.02e-04	6.26e-02	4.52e-01	4.85e-01	0.00e+00	0.00e+00	0.00e+00	3.89e-10	5.22e-15	3.59e-48
 1.20237e+23	3.56e-17	4.58e-10	1.00e-06	1.14e-04	6.67e-02	4.61e-01	4.73e-01	0.00e+00	0.00e+00	0.00e+00	4.58e-10	6.02e-15	5.13e-48
 1.24765e+23	3.87e-17	5.57e-10	1.19e-06	1.30e-04	7.20e-02	4.70e-01	4.57e-01	0.00e+00	0.00e+00	0.00e+00	5.57e-10	7.11e-15	7.87e-48
 1.29305e+23	4.17e-17	6.88e-10	1.44e-06	1.50e-04	7.82e-02	4.81e-01	4.41e-01	0.00e+00	0.00e+00	0.00e+00	6.88e-10	8.61e-15	1.25e-47
 1.32824e+23	4.30e-17	8.04e-10	1.65e-06	1.67e-04	8.30e-02	4.88e-01	4.28e-01	0.00e+00	0.00e+00	0.00e+00	8.04e-10	9.91e-15	1.77e-47
 1.36239e+23	4.52e-17	9.03e-10	1.82e-06	1.80e-04	8.67e-02	4.94e-01	4.19e-01	4.52e-17	5.88e-20	1.39e-20	9.03e-10	1.09e-14	2.30e-47
 1.40680e+23	4.53e-17	1.04e-09	2.06e-06	1.99e-04	9.15e-02	5.00e-01	4.08e-01	4.52e-17	5.70e-20	1.35e-20	1.04e-09	1.22e-14	3.17e-47
 1.46115e+23	4.57e-17	1.23e-09	2.40e-06	2.23e-04	9.75e-02	5.08e-01	3.94e-01	4.57e-17	5.55e-20	1.31e-20	1.23e-09	1.39e-14	4.61e-47
 1.51785e+23	4.64e-17	1.47e-09	2.81e-06	2.51e-04	1.04e-01	5.15e-01	3.80e-01	4.64e-17	5.45e-20	1.28e-20	1.47e-09	1.61e-14	6.88e-47
 1.56939e+23	4.70e-17	1.71e-09	3.21e-06	2.78e-04	1.10e-01	5.21e-01	3.68e-01	4.69e-17	5.35e-20	1.26e-20	1.71e-09	1.82e-14	9.75e-47
 1.62480e+23	3.96e-17	1.93e-09	3.59e-06	3.03e-04	1.16e-01	5.26e-01	3.58e-01	0.00e+00	0.00e+00	0.00e+00	1.93e-09	1.99e-14	1.29e-46
 1.68986e+23	3.57e-17	2.24e-09	4.08e-06	3.35e-04	1.22e-01	5.32e-01	3.46e-01	0.00e+00	0.00e+00	0.00e+00	2.24e-09	2.22e-14	1.81e-46
 1.75869e+23	3.08e-17	2.58e-09	4.64e-06	3.69e-04	1.29e-01	5.37e-01	3.34e-01	0.00e+00	0.00e+00	0.00e+00	2.58e-09	2.45e-14	2.51e-46
 1.83027e+23	2.67e-17	2.94e-09	5.22e-06	4.04e-04	1.35e-01	5.41e-01	3.24e-01	0.00e+00	0.00e+00	0.00e+00	2.94e-09	2.68e-14	3.43e-46
 1.90471e+23	2.37e-17	3.33e-09	5.83e-06	4.40e-04	1.41e-01	5.45e-01	3.14e-01	0.00e+00	0.00e+00	0.00e+00	3.33e-09	2.90e-14	4.60e-46
 1.98214e+23	2.00e-17	3.74e-09	6.46e-06	4.76e-04	1.47e-01	5.48e-01	3.04e-01	0.00e+00	0.00e+00	0.00e+00	3.74e-09	3.10e-14	6.03e-46
 2.06266e+23	1.57e-17	4.15e-09	7.10e-06	5.12e-04	1.53e-01	5.50e-01	2.96e-01	0.00e+00	0.00e+00	0.00e+00	4.15e-09	3.28e-14	7.76e-46
 2.14640e+23	1.38e-17	4.58e-09	7.76e-06	5.48e-04	1.59e-01	5.53e-01	2.88e-01	0.00e+00	0.00e+00	0.00e+00	4.58e-09	3.44e-14	9.78e-46
 2.23237e+23	1.07e-17	4.98e-09	8.35e-06	5.80e-04	1.64e-01	5.54e-01	2.81e-01	0.00e+00	0.00e+00	0.00e+00	4.98e-09	3.54e-14	1.20e-45
 2.31462e+23	9.50e-18	5.41e-09	8.99e-06	6.13e-04	1.68e-01	5.56e-01	2.75e-01	0.00e+00	0.00e+00	0.00e+00	5.41e-09	3.66e-14	1.47e-45
 2.38864e+23	7.80e-18	5.79e-09	9.56e-06	6.43e-04	1.73e-01	5.57e-01	2.70e-01	0.00e+00	0.00e+00	0.00e+00	5.79e-09	3.76e-14	1.73e-45
 2.45526e+23	7.02e-18	6.09e-09	1.00e-05	6.65e-04	1.76e-01	5.58e-01	2.66e-01	0.00e+00	0.00e+00	0.00e+00	6.09e-09	3.80e-14	1.96e-45
 2.51521e+23	6.46e-18	6.37e-09	1.04e-05	6.86e-04	1.78e-01	5.59e-01	2.62e-01	0.00e+00	0.00e+00	0.00e+00	6.37e-09	3.84e-14	2.19e-45
 2.56917e+23	6.05e-18	6.58e-09	1.07e-05	7.02e-04	1.81e-01	5.59e-01	2.60e-01	0.00e+00	0.00e+00	0.00e+00	6.58e-09	3.83e-14	2.37e-45
 2.61774e+23	5.73e-18	6.77e-09	1.10e-05	7.17e-04	1.82e-01	5.60e-01	2.57e-01	0.00e+00	0.00e+00	0.00e+00	6.77e-09	3.84e-14	2.54e-45
 2.66144e+23	5.46e-18	6.93e-09	1.12e-05	7.28e-04	1.84e-01	5.60e-01	2.55e-01	0.00e+00	0.00e+00	0.00e+00	6.93e-09	3.83e-14	2.69e-45
 2.70078e+23	5.22e-18	7.07e-09	1.14e-05	7.37e-04	1.85e-01	5.60e-01	2.54e-01	0.00e+00	0.00e+00	0.00e+00	7.07e-09	3.81e-14	2.82e-45
 2.73619e+23	5.03e-18	7.18e-09	1.16e-05	7.46e-04	1.86e-01	5.60e-01	2.53e-01	0.00e+00	0.00e+00	0.00e+00	7.18e-09	3.79e-14	2.94e-45
 2.76823e+23	4.87e-18	7.28e-09	1.17e-05	7.52e-04	1.87e-01	5.60e-01	2.52e-01	0.00e+00	0.00e+00	0.00e+00	7.28e-09	3.77e-14	3.04e-45
 2.79878e+23	4.70e-18	7.32e-09	1.18e-05	7.55e-04	1.87e-01	5.60e-01	2.51e-01	0.00e+00	0.00e+00	0.00e+00	7.32e-09	3.71e-14	3.09e-45
 2.82933e+23	4.52e-18	7.37e-09	1.19e-05	7.59e-04	1.88e-01	5.61e-01	2.51e-01	0.00e+00	0.00e+00	0.00e+00	7.37e-09	3.67e-14	3.14e-45
 2.85987e+23	4.35e-18	7.42e-09	1.19e-05	7.62e-04	1.88e-01	5.61e-01	2.50e-01	0.00e+00	0.00e+00	0.00e+00	7.42e-09	3.62e-14	3.19e-45
 2.89042e+23	4.17e-18	7.47e-09	1.20e-05	7.66e-04	1.89e-01	5.61e-01	2.50e-01	0.00e+00	0.00e+00	0.00e+00	7.47e-09	3.58e-14	3.24e-45
 2.92097e+23	3.98e-18	7.50e-09	1.21e-05	7.68e-04	1.89e-01	5.61e-01	2.49e-01	0.00e+00	0.00e+00	0.00e+00	7.50e-09	3.52e-14	3.27e-45
 2.95152e+23	3.85e-18	7.51e-09	1.21e-05	7.69e-04	1.89e-01	5.61e-01	2.49e-01	0.00e+00	0.00e+00	0.00e+00	7.51e-09	3.46e-14	3.29e-45
 2.98207e+23	3.70e-18	7.53e-09	1.21e-05	7.70e-04	1.89e-01	5.61e-01	2.49e-01	0.00e+00	0.00e+00	0.00e+00	7.53e-09	3.40e-14	3.30e-45
 3.01262e+23	3.55e-18	7.54e-09	1.21e-05	7.71e-04	1.89e-01	5.61e-01	2.49e-01	0.00e+00	0.00e+00	0.00e+00	7.54e-09	3.34e-14	3.31e-45
 3.04135e+23	3.41e-18	7.60e-09	1.22e-05	7.76e-04	1.90e-01	5.61e-01	2.48e-01	0.00e+00	0.00e+00	0.00e+00	7.60e-09	3.31e-14	3.37e-45
