#depth	Si	Si+	Si+2	Si+3	Si+4	Si+5	Si+6	Si+7	Si+8	Si+9	Si+10	Si+11	Si+12	Si+13	Si+14
 6.17135e+19	0.00e+00	0.00e+00	0.00e+00	0.00e+00	0.00e+00	8.63e-29	4.01e-24	5.20e-20	2.38e-16	4.76e-13	6.05e-10	4.84e-07	8.07e-04	5.25e-02	9.47e-01
 1.87609e+20	0.00e+00	0.00e+00	0.00e+00	0.00e+00	0.00e+00	1.99e-28	8.40e-24	9.94e-20	4.15e-16	7.56e-13	8.73e-10	6.36e-07	9.65e-04	5.72e-02	9.42e-01
 3.18540e+20	0.00e+00	0.00e+00	0.00e+00	0.00e+00	0.00e+00	4.64e-28	1.78e-23	1.91e-19	7.29e-16	1.21e-12	1.26e-09	8.37e-07	1.16e-03	6.25e-02	9.36e-01
 4.54709e+20	0.00e+00	0.00e+00	0.00e+00	0.00e+00	0.00e+00	1.09e-27	3.80e-23	3.72e-19	1.29e-15	1.94e-12	1.84e-09	1.11e-06	1.39e-03	6.82e-02	9.30e-01
 5.48444e+20	0.00e+00	0.00e+00	0.00e+00	0.00e+00	0.00e+00	1.95e-27	6.35e-23	5.82e-19	1.89e-15	2.68e-12	2.37e-09	1.34e-06	1.57e-03	7.23e-02	9.26e-01
 5.86615e+20	0.00e+00	0.00e+00	0.00e+00	0.00e+00	0.00e+00	2.49e-27	7.88e-23	7.04e-19	2.23e-15	3.07e-12	2.63e-09	1.45e-06	1.65e-03	7.42e-02	9.24e-01
 6.18481e+20	0.00e+00	0.00e+00	0.00e+00	0.00e+00	0.00e+00	2.98e-27	9.25e-23	8.10e-19	2.51e-15	3.39e-12	2.85e-09	1.53e-06	1.72e-03	7.55e-02	9.23e-01
 6.59908e+20	0.00e+00	0.00e+00	0.00e+00	0.00e+00	0.00e+00	3.83e-27	1.15e-22	9.81e-19	2.96e-15	3.89e-12	3.18e-09	1.66e-06	1.81e-03	7.75e-02	9.21e-01
 7.13762e+20	0.00e+00	0.00e+00	0.00e+00	0.00e+00	0.00e+00	5.27e-27	1.53e-22	1.26e-18	3.67e-15	4.65e-12	3.65e-09	1.84e-06	1.94e-03	8.00e-02	9.18e-01
 7.83773e+20	0.00e+00	0.00e+00	0.00e+00	0.00e+00	0.00e+00	7.95e-27	2.20e-22	1.73e-18	4.82e-15	5.84e-12	4.37e-09	2.11e-06	2.12e-03	8.34e-02	9.14e-01
 8.56030e+20	0.00e+00	0.00e+00	0.00e+00	0.00e+00	0.00e+00	1.21e-26	3.20e-22	2.39e-18	6.38e-15	7.38e-12	5.26e-09	2.42e-06	2.31e-03	8.70e-02	9.11e-01
 9.11644e+20	0.00e+00	0.00e+00	0.00e+00	0.00e+00	0.00e+00	1.67e-26	4.25e-22	3.07e-18	7.91e-15	8.83e-12	6.05e-09	2.68e-06	2.48e-03	8.99e-02	9.08e-01
 9.56467e+20	0.00e+00	0.00e+00	0.00e+00	0.00e+00	0.00e+00	2.15e-26	5.32e-22	3.74e-18	9.37e-15	1.02e-11	6.76e-09	2.91e-06	2.61e-03	9.22e-02	9.05e-01
 1.00682e+21	0.00e+00	0.00e+00	0.00e+00	0.00e+00	3.24e-31	2.86e-26	6.85e-22	4.66e-18	1.13e-14	1.19e-11	7.66e-09	3.20e-06	2.78e-03	9.48e-02	9.02e-01
 1.07229e+21	0.00e+00	0.00e+00	0.00e+00	0.00e+00	4.88e-31	4.12e-26	9.47e-22	6.19e-18	1.45e-14	1.46e-11	8.99e-09	3.60e-06	3.00e-03	9.83e-02	8.99e-01
 1.14077e+21	0.00e+00	0.00e+00	0.00e+00	0.00e+00	7.45e-31	6.02e-26	1.33e-21	8.31e-18	1.86e-14	1.80e-11	1.06e-08	4.08e-06	3.25e-03	1.02e-01	8.95e-01
 1.19834e+21	0.00e+00	0.00e+00	0.00e+00	0.00e+00	1.06e-30	8.25e-26	1.75e-21	1.06e-17	2.30e-14	2.15e-11	1.22e-08	4.52e-06	3.47e-03	1.05e-01	8.91e-01
 1.25834e+21	0.00e+00	0.00e+00	0.00e+00	0.00e+00	1.51e-30	1.13e-25	2.32e-21	1.36e-17	2.84e-14	2.57e-11	1.40e-08	5.01e-06	3.71e-03	1.09e-01	8.88e-01
 1.32479e+21	0.00e+00	0.00e+00	0.00e+00	0.00e+00	2.26e-30	1.63e-25	3.21e-21	1.80e-17	3.63e-14	3.15e-11	1.64e-08	5.64e-06	4.01e-03	1.13e-01	8.83e-01
 1.38443e+21	0.00e+00	0.00e+00	0.00e+00	0.00e+00	3.22e-30	2.24e-25	4.25e-21	2.30e-17	4.48e-14	3.76e-11	1.89e-08	6.25e-06	4.29e-03	1.16e-01	8.80e-01
 1.43809e+21	0.00e+00	0.00e+00	0.00e+00	0.00e+00	4.43e-30	2.98e-25	5.47e-21	2.88e-17	5.43e-14	4.42e-11	2.14e-08	6.86e-06	4.55e-03	1.19e-01	8.76e-01
 1.49918e+21	0.00e+00	0.00e+00	0.00e+00	0.00e+00	6.28e-30	4.08e-25	7.23e-21	3.67e-17	6.70e-14	5.27e-11	2.46e-08	7.61e-06	4.86e-03	1.23e-01	8.72e-01
 1.57858e+21	0.00e+00	0.00e+00	0.00e+00	0.00e+00	9.90e-30	6.14e-25	1.04e-20	5.04e-17	8.81e-14	6.63e-11	2.95e-08	8.69e-06	5.30e-03	1.28e-01	8.67e-01
 1.65777e+21	0.00e+00	0.00e+00	0.00e+00	0.00e+00	1.55e-29	9.19e-25	1.49e-20	6.90e-17	1.16e-13	8.31e-11	3.52e-08	9.91e-06	5.77e-03	1.33e-01	8.61e-01
 1.71686e+21	0.00e+00	0.00e+00	0.00e+00	0.00e+00	2.16e-29	1.24e-24	1.93e-20	8.70e-17	1.41e-13	9.83e-11	4.01e-08	1.09e-05	6.14e-03	1.37e-01	8.57e-01
 1.77389e+21	0.00e+00	0.00e+00	0.00e+00	0.00e+00	2.96e-29	1.64e-24	2.49e-20	1.08e-16	1.71e-13	1.15e-10	4.55e-08	1.20e-05	6.51e-03	1.41e-01	8.53e-01
 1.84802e+21	0.00e+00	0.00e+00	0.00e+00	0.00e+00	4.45e-29	2.36e-24	3.43e-20	1.44e-16	2.18e-13	1.42e-10	5.34e-08	1.35e-05	7.03e-03	1.46e-01	8.47e-01
 1.92504e+21	0.00e+00	0.00e+00	0.00e+00	0.00e+00	6.75e-29	3.44e-24	4.79e-20	1.93e-16	2.81e-13	1.75e-10	6.30e-08	1.53e-05	7.60e-03	1.51e-01	8.41e-01
 1.98899e+21	0.00e+00	0.00e+00	0.00e+00	0.00e+00	9.50e-29	4.68e-24	6.29e-20	2.45e-16	3.46e-13	2.08e-10	7.22e-08	1.69e-05	8.11e-03	1.55e-01	8.36e-01
 2.05532e+21	0.00e+00	0.00e+00	0.00e+00	0.00e+00	1.35e-28	6.40e-24	8.32e-20	3.13e-16	4.27e-13	2.49e-10	8.30e-08	1.87e-05	8.66e-03	1.60e-01	8.31e-01
 2.12806e+21	0.00e+00	0.00e+00	0.00e+00	0.00e+00	1.97e-28	9.01e-24	1.13e-19	4.09e-16	5.38e-13	3.02e-10	9.65e-08	2.09e-05	9.30e-03	1.65e-01	8.25e-01
 2.19390e+21	0.00e+00	0.00e+00	0.00e+00	0.00e+00	2.77e-28	1.22e-23	1.48e-19	5.18e-16	6.62e-13	3.59e-10	1.11e-07	2.31e-05	9.91e-03	1.70e-01	8.20e-01
 2.25471e+21	0.00e+00	0.00e+00	0.00e+00	0.00e+00	3.78e-28	1.62e-23	1.89e-19	6.44e-16	7.99e-13	4.21e-10	1.25e-07	2.53e-05	1.05e-02	1.74e-01	8.15e-01
 2.32425e+21	0.00e+00	0.00e+00	0.00e+00	0.00e+00	5.36e-28	2.21e-23	2.50e-19	8.24e-16	9.88e-13	5.03e-10	1.44e-07	2.81e-05	1.12e-02	1.80e-01	8.09e-01
 2.40188e+21	0.00e+00	0.00e+00	0.00e+00	0.00e+00	7.88e-28	3.13e-23	3.41e-19	1.08e-15	1.25e-12	6.13e-10	1.68e-07	3.14e-05	1.20e-02	1.85e-01	8.03e-01
 2.47411e+21	0.00e+00	0.00e+00	0.00e+00	0.00e+00	1.12e-27	4.30e-23	4.52e-19	1.39e-15	1.55e-12	7.35e-10	1.93e-07	3.49e-05	1.29e-02	1.91e-01	7.96e-01
 2.54134e+21	0.00e+00	0.00e+00	0.00e+00	0.00e+00	1.55e-27	5.76e-23	5.86e-19	1.74e-15	1.89e-12	8.68e-10	2.20e-07	3.84e-05	1.37e-02	1.96e-01	7.90e-01
 2.61799e+21	0.00e+00	0.00e+00	0.00e+00	0.00e+00	2.23e-27	7.99e-23	7.84e-19	2.25e-15	2.36e-12	1.05e-09	2.55e-07	4.28e-05	1.46e-02	2.02e-01	7.84e-01
 2.70109e+21	0.00e+00	0.00e+00	0.00e+00	0.00e+00	3.30e-27	1.13e-22	1.07e-18	2.96e-15	3.00e-12	1.28e-09	2.98e-07	4.80e-05	1.57e-02	2.08e-01	7.76e-01
 2.77537e+21	0.00e+00	0.00e+00	0.00e+00	0.00e+00	4.64e-27	1.54e-22	1.41e-18	3.77e-15	3.70e-12	1.53e-09	3.42e-07	5.31e-05	1.68e-02	2.14e-01	7.69e-01
 2.84283e+21	0.00e+00	0.00e+00	0.00e+00	0.00e+00	6.30e-27	2.03e-22	1.80e-18	4.68e-15	4.47e-12	1.79e-09	3.86e-07	5.81e-05	1.77e-02	2.19e-01	7.63e-01
 2.91865e+21	0.00e+00	0.00e+00	0.00e+00	0.00e+00	8.84e-27	2.76e-22	2.36e-18	5.94e-15	5.50e-12	2.13e-09	4.42e-07	6.42e-05	1.89e-02	2.25e-01	7.56e-01
 3.00375e+21	0.00e+00	0.00e+00	0.00e+00	0.00e+00	1.28e-26	3.86e-22	3.19e-18	7.73e-15	6.92e-12	2.58e-09	5.14e-07	7.16e-05	2.02e-02	2.31e-01	7.48e-01
 3.08370e+21	0.00e+00	0.00e+00	0.00e+00	0.00e+00	1.81e-26	5.27e-22	4.20e-18	9.87e-15	8.55e-12	3.09e-09	5.91e-07	7.93e-05	2.15e-02	2.38e-01	7.41e-01
 3.15856e+21	0.00e+00	0.00e+00	0.00e+00	0.00e+00	2.49e-26	7.02e-22	5.43e-18	1.24e-14	1.04e-11	3.64e-09	6.72e-07	8.70e-05	2.28e-02	2.43e-01	7.34e-01
 3.24405e+21	0.00e+00	0.00e+00	0.00e+00	0.00e+00	3.56e-26	9.67e-22	7.22e-18	1.59e-14	1.29e-11	4.37e-09	7.75e-07	9.66e-05	2.44e-02	2.50e-01	7.26e-01
 3.33587e+21	0.00e+00	0.00e+00	0.00e+00	0.00e+00	5.17e-26	1.36e-21	9.76e-18	2.07e-14	1.63e-11	5.31e-09	9.01e-07	1.08e-04	2.61e-02	2.57e-01	7.17e-01
 3.41660e+21	0.00e+00	0.00e+00	0.00e+00	3.52e-31	7.15e-26	1.82e-21	1.27e-17	2.61e-14	1.99e-11	6.28e-09	1.03e-06	1.19e-04	2.77e-02	2.63e-01	7.09e-01
 3.50222e+21	0.00e+00	0.00e+00	0.00e+00	5.07e-31	1.00e-25	2.46e-21	1.66e-17	3.31e-14	2.45e-11	7.48e-09	1.18e-06	1.31e-04	2.94e-02	2.70e-01	7.01e-01
 3.59845e+21	0.00e+00	0.00e+00	0.00e+00	7.61e-31	1.45e-25	3.44e-21	2.24e-17	4.30e-14	3.08e-11	9.06e-09	1.36e-06	1.46e-04	3.14e-02	2.77e-01	6.92e-01
 3.68921e+21	0.00e+00	0.00e+00	0.00e+00	1.11e-30	2.04e-25	4.68e-21	2.95e-17	5.49e-14	3.81e-11	1.08e-08	1.57e-06	1.61e-04	3.34e-02	2.84e-01	6.83e-01
 3.77469e+21	0.00e+00	0.00e+00	0.00e+00	1.56e-30	2.80e-25	6.23e-21	3.80e-17	6.87e-14	4.63e-11	1.28e-08	1.78e-06	1.77e-04	3.54e-02	2.90e-01	6.75e-01
 3.87257e+21	0.00e+00	0.00e+00	0.00e+00	2.30e-30	3.99e-25	8.57e-21	5.05e-17	8.83e-14	5.76e-11	1.53e-08	2.05e-06	1.96e-04	3.77e-02	2.97e-01	6.65e-01
 3.98205e+21	0.00e+00	0.00e+00	0.00e+00	3.51e-30	5.88e-25	1.22e-20	6.91e-17	1.16e-13	7.33e-11	1.87e-08	2.40e-06	2.19e-04	4.04e-02	3.05e-01	6.55e-01
 4.07972e+21	0.00e+00	0.00e+00	0.00e+00	5.08e-30	8.25e-25	1.65e-20	9.08e-17	1.48e-13	9.04e-11	2.23e-08	2.75e-06	2.42e-04	4.28e-02	3.12e-01	6.45e-01
 4.16430e+21	0.00e+00	0.00e+00	0.00e+00	6.95e-30	1.10e-24	2.14e-20	1.15e-16	1.82e-13	1.08e-10	2.59e-08	3.08e-06	2.63e-04	4.51e-02	3.18e-01	6.37e-01
 4.25873e+21	0.00e+00	0.00e+00	0.00e+00	9.71e-30	1.49e-24	2.83e-20	1.47e-16	2.26e-13	1.30e-10	3.03e-08	3.48e-06	2.87e-04	4.75e-02	3.24e-01	6.28e-01
 4.38150e+21	0.00e+00	0.00e+00	0.00e+00	1.51e-29	2.25e-24	4.09e-20	2.04e-16	3.02e-13	1.68e-10	3.75e-08	4.10e-06	3.22e-04	5.10e-02	3.32e-01	6.16e-01
 4.50588e+21	0.00e+00	0.00e+00	0.00e+00	2.34e-29	3.34e-24	5.85e-20	2.81e-16	4.00e-13	2.15e-10	4.60e-08	4.80e-06	3.61e-04	5.46e-02	3.40e-01	6.05e-01
 4.60679e+21	0.00e+00	0.00e+00	0.00e+00	3.29e-29	4.58e-24	7.78e-20	3.62e-16	5.01e-13	2.61e-10	5.42e-08	5.45e-06	3.95e-04	5.76e-02	3.47e-01	5.95e-01
 4.71242e+21	0.00e+00	0.00e+00	0.00e+00	4.68e-29	6.32e-24	1.04e-19	4.69e-16	6.30e-13	3.18e-10	6.40e-08	6.19e-06	4.33e-04	6.09e-02	3.53e-01	5.85e-01
 4.84973e+21	0.00e+00	0.00e+00	0.00e+00	7.30e-29	9.52e-24	1.51e-19	6.53e-16	8.42e-13	4.09e-10	7.89e-08	7.28e-06	4.85e-04	6.52e-02	3.62e-01	5.73e-01
 4.99073e+21	0.00e+00	0.00e+00	0.00e+00	1.14e-28	1.44e-23	2.19e-19	9.11e-16	1.13e-12	5.27e-10	9.76e-08	8.57e-06	5.45e-04	6.98e-02	3.70e-01	5.60e-01
 5.10117e+21	0.00e+00	0.00e+00	0.00e+00	1.61e-28	1.97e-23	2.91e-19	1.18e-15	1.41e-12	6.41e-10	1.15e-07	9.71e-06	5.95e-04	7.36e-02	3.76e-01	5.50e-01
 5.20939e+21	0.00e+00	0.00e+00	0.00e+00	2.24e-28	2.67e-23	3.82e-19	1.50e-15	1.75e-12	7.71e-10	1.34e-07	1.09e-05	6.48e-04	7.73e-02	3.82e-01	5.40e-01
 5.35007e+21	0.00e+00	0.00e+00	0.00e+00	3.40e-28	3.92e-23	5.42e-19	2.05e-15	2.30e-12	9.77e-10	1.63e-07	1.27e-05	7.21e-04	8.23e-02	3.90e-01	5.27e-01
 5.49607e+21	0.00e+00	0.00e+00	0.00e+00	5.21e-28	5.79e-23	7.72e-19	2.81e-15	3.04e-12	1.24e-09	1.99e-07	1.48e-05	8.03e-04	8.77e-02	3.97e-01	5.14e-01
 5.61793e+21	0.00e+00	0.00e+00	0.00e+00	7.38e-28	7.98e-23	1.03e-18	3.63e-15	3.81e-12	1.51e-09	2.35e-07	1.68e-05	8.77e-04	9.23e-02	4.03e-01	5.04e-01
 5.74531e+21	0.00e+00	0.00e+00	0.00e+00	1.05e-27	1.10e-22	1.38e-18	4.71e-15	4.78e-12	1.84e-09	2.76e-07	1.91e-05	9.57e-04	9.70e-02	4.09e-01	4.93e-01
 5.91090e+21	0.00e+00	0.00e+00	0.00e+00	1.65e-27	1.68e-22	2.02e-18	6.62e-15	6.45e-12	2.39e-09	3.42e-07	2.25e-05	1.07e-03	1.04e-01	4.16e-01	4.79e-01
 6.07814e+21	0.00e+00	0.00e+00	0.00e+00	2.59e-27	2.53e-22	2.93e-18	9.23e-15	8.64e-12	3.07e-09	4.22e-07	2.64e-05	1.20e-03	1.10e-01	4.23e-01	4.65e-01
 6.21232e+21	0.00e+00	0.00e+00	0.00e+00	3.68e-27	3.49e-22	3.92e-18	1.20e-14	1.09e-11	3.74e-09	4.97e-07	2.99e-05	1.31e-03	1.16e-01	4.29e-01	4.54e-01
 6.33190e+21	0.00e+00	0.00e+00	0.00e+00	5.00e-27	4.64e-22	5.07e-18	1.51e-14	1.33e-11	4.45e-09	5.74e-07	3.33e-05	1.41e-03	1.21e-01	4.33e-01	4.44e-01
 6.46771e+21	0.00e+00	0.00e+00	0.00e+00	7.03e-27	6.35e-22	6.73e-18	1.94e-14	1.66e-11	5.40e-09	6.72e-07	3.76e-05	1.54e-03	1.27e-01	4.38e-01	4.33e-01
 6.64425e+21	0.00e+00	0.00e+00	0.00e+00	1.09e-26	9.47e-22	9.67e-18	2.68e-14	2.20e-11	6.89e-09	8.23e-07	4.39e-05	1.71e-03	1.35e-01	4.44e-01	4.20e-01
 6.82382e+21	0.00e+00	0.00e+00	3.72e-31	1.68e-26	1.41e-21	1.39e-17	3.71e-14	2.92e-11	8.80e-09	1.01e-06	5.12e-05	1.90e-03	1.43e-01	4.49e-01	4.06e-01
 6.96845e+21	0.00e+00	0.00e+00	5.47e-31	2.36e-26	1.94e-21	1.85e-17	4.78e-14	3.66e-11	1.07e-08	1.18e-06	5.77e-05	2.06e-03	1.49e-01	4.53e-01	3.95e-01
 7.11758e+21	0.00e+00	0.00e+00	8.06e-31	3.33e-26	2.67e-21	2.47e-17	6.19e-14	4.58e-11	1.30e-08	1.39e-06	6.52e-05	2.24e-03	1.56e-01	4.57e-01	3.84e-01
 7.31145e+21	0.00e+00	0.00e+00	1.32e-30	5.17e-26	4.00e-21	3.56e-17	8.58e-14	6.10e-11	1.66e-08	1.70e-06	7.60e-05	2.49e-03	1.66e-01	4.62e-01	3.70e-01
 7.51169e+21	0.00e+00	0.00e+00	2.18e-30	8.08e-26	6.04e-21	5.18e-17	1.20e-13	8.17e-11	2.13e-08	2.09e-06	8.89e-05	2.76e-03	1.75e-01	4.66e-01	3.56e-01
 7.67534e+21	0.00e+00	0.00e+00	3.27e-30	1.15e-25	8.39e-21	6.98e-17	1.56e-13	1.03e-10	2.61e-08	2.46e-06	1.01e-04	3.01e-03	1.83e-01	4.69e-01	3.45e-01
 7.84320e+21	0.00e+00	0.00e+00	4.88e-30	1.65e-25	1.17e-20	9.41e-17	2.04e-13	1.30e-10	3.19e-08	2.90e-06	1.14e-04	3.27e-03	1.92e-01	4.71e-01	3.34e-01
 8.02033e+21	0.00e+00	0.00e+00	7.43e-30	2.40e-25	1.65e-20	1.29e-16	2.70e-13	1.66e-10	3.93e-08	3.45e-06	1.30e-04	3.57e-03	2.01e-01	4.74e-01	3.22e-01
 8.17133e+21	0.00e+00	0.00e+00	1.06e-29	3.27e-25	2.20e-20	1.67e-16	3.41e-13	2.04e-10	4.69e-08	3.98e-06	1.45e-04	3.83e-03	2.08e-01	4.75e-01	3.13e-01
 8.32943e+21	0.00e+00	0.00e+00	1.52e-29	4.50e-25	2.96e-20	2.19e-16	4.34e-13	2.52e-10	5.62e-08	4.62e-06	1.62e-04	4.13e-03	2.16e-01	4.77e-01	3.03e-01
 8.53497e+21	0.00e+00	0.00e+00	2.40e-29	6.77e-25	4.31e-20	3.08e-16	5.89e-13	3.29e-10	7.07e-08	5.57e-06	1.86e-04	4.53e-03	2.27e-01	4.78e-01	2.90e-01
 8.74126e+21	0.00e+00	0.00e+00	3.79e-29	1.01e-24	6.28e-20	4.33e-16	7.98e-13	4.30e-10	8.88e-08	6.72e-06	2.14e-04	4.97e-03	2.38e-01	4.79e-01	2.78e-01
 8.90266e+21	0.00e+00	0.00e+00	5.38e-29	1.38e-24	8.37e-20	5.62e-16	1.01e-12	5.27e-10	1.06e-07	7.75e-06	2.38e-04	5.33e-03	2.46e-01	4.79e-01	2.69e-01
 9.03664e+21	0.00e+00	0.00e+00	7.17e-29	1.78e-24	1.06e-19	6.96e-16	1.22e-12	6.22e-10	1.22e-07	8.71e-06	2.60e-04	5.65e-03	2.53e-01	4.79e-01	2.62e-01
 9.18080e+21	0.00e+00	0.00e+00	9.73e-29	2.33e-24	1.36e-19	8.74e-16	1.50e-12	7.44e-10	1.42e-07	9.87e-06	2.85e-04	6.00e-03	2.61e-01	4.79e-01	2.54e-01
 9.36822e+21	0.00e+00	0.00e+00	1.43e-28	3.28e-24	1.87e-19	1.17e-15	1.94e-12	9.33e-10	1.73e-07	1.16e-05	3.21e-04	6.48e-03	2.71e-01	4.78e-01	2.44e-01
 9.55935e+21	0.00e+00	0.00e+00	2.12e-28	4.64e-24	2.59e-19	1.57e-15	2.52e-12	1.17e-09	2.10e-07	1.36e-05	3.61e-04	7.00e-03	2.81e-01	4.77e-01	2.34e-01
 9.71243e+21	0.00e+00	0.00e+00	2.90e-28	6.10e-24	3.34e-19	1.98e-15	3.11e-12	1.41e-09	2.46e-07	1.54e-05	3.97e-04	7.44e-03	2.90e-01	4.76e-01	2.26e-01
 9.86852e+21	0.00e+00	0.00e+00	3.95e-28	8.01e-24	4.31e-19	2.49e-15	3.82e-12	1.69e-09	2.87e-07	1.75e-05	4.36e-04	7.90e-03	2.98e-01	4.75e-01	2.19e-01
 1.00346e+22	0.00e+00	0.00e+00	5.48e-28	1.07e-23	5.64e-19	3.19e-15	4.77e-12	2.05e-09	3.38e-07	2.00e-05	4.81e-04	8.42e-03	3.07e-01	4.73e-01	2.11e-01
 1.01773e+22	0.00e+00	0.00e+00	7.25e-28	1.37e-23	7.10e-19	3.93e-15	5.75e-12	2.41e-09	3.90e-07	2.24e-05	5.24e-04	8.89e-03	3.15e-01	4.71e-01	2.04e-01
 1.03070e+22	0.00e+00	0.00e+00	9.28e-28	1.70e-23	8.70e-19	4.74e-15	6.79e-12	2.79e-09	4.41e-07	2.48e-05	5.64e-04	9.32e-03	3.22e-01	4.70e-01	1.99e-01
 1.04560e+22	0.00e+00	0.00e+00	1.23e-27	2.18e-23	1.10e-18	5.87e-15	8.23e-12	3.30e-09	5.09e-07	2.78e-05	6.14e-04	9.84e-03	3.30e-01	4.68e-01	1.92e-01
 1.06236e+22	0.00e+00	0.00e+00	1.69e-27	2.87e-23	1.43e-18	7.44e-15	1.02e-11	3.97e-09	5.97e-07	3.17e-05	6.76e-04	1.05e-02	3.39e-01	4.65e-01	1.85e-01
 1.07816e+22	0.00e+00	0.00e+00	2.27e-27	3.72e-23	1.82e-18	9.29e-15	1.24e-11	4.72e-09	6.93e-07	3.57e-05	7.38e-04	1.11e-02	3.47e-01	4.62e-01	1.79e-01
 1.09282e+22	0.00e+00	0.00e+00	2.98e-27	4.71e-23	2.27e-18	1.14e-14	1.49e-11	5.54e-09	7.94e-07	3.99e-05	8.01e-04	1.16e-02	3.55e-01	4.60e-01	1.73e-01
 1.10941e+22	0.00e+00	0.00e+00	3.99e-27	6.09e-23	2.90e-18	1.42e-14	1.82e-11	6.59e-09	9.20e-07	4.49e-05	8.74e-04	1.23e-02	3.64e-01	4.57e-01	1.66e-01
 1.12704e+22	0.00e+00	0.00e+00	5.53e-27	8.09e-23	3.79e-18	1.82e-14	2.27e-11	8.00e-09	1.09e-06	5.14e-05	9.65e-04	1.31e-02	3.73e-01	4.53e-01	1.60e-01
 1.14173e+22	0.00e+00	0.00e+00	7.19e-27	1.02e-22	4.71e-18	2.22e-14	2.72e-11	9.36e-09	1.24e-06	5.73e-05	1.04e-03	1.37e-02	3.81e-01	4.50e-01	1.54e-01
 1.15654e+22	0.00e+00	0.00e+00	9.32e-27	1.28e-22	5.84e-18	2.71e-14	3.25e-11	1.09e-08	1.42e-06	6.38e-05	1.13e-03	1.44e-02	3.89e-01	4.47e-01	1.49e-01
 1.17580e+22	0.00e+00	0.00e+00	1.30e-26	1.70e-22	7.70e-18	3.49e-14	4.09e-11	1.33e-08	1.68e-06	7.32e-05	1.25e-03	1.53e-02	3.99e-01	4.42e-01	1.42e-01
 1.19522e+22	0.00e+00	0.00e+00	1.82e-26	2.28e-22	1.02e-17	4.52e-14	5.15e-11	1.63e-08	2.00e-06	8.41e-05	1.38e-03	1.63e-02	4.09e-01	4.37e-01	1.36e-01
 1.21043e+22	0.00e+00	3.27e-31	2.37e-26	2.86e-22	1.26e-17	5.51e-14	6.17e-11	1.91e-08	2.29e-06	9.37e-05	1.49e-03	1.71e-02	4.17e-01	4.33e-01	1.31e-01
 1.22580e+22	0.00e+00	4.39e-31	3.06e-26	3.58e-22	1.57e-17	6.72e-14	7.38e-11	2.23e-08	2.61e-06	1.04e-04	1.62e-03	1.80e-02	4.25e-01	4.29e-01	1.26e-01
 1.24579e+22	0.00e+00	6.39e-31	4.27e-26	4.76e-22	2.06e-17	8.67e-14	9.29e-11	2.73e-08	3.10e-06	1.20e-04	1.79e-03	1.91e-02	4.35e-01	4.24e-01	1.20e-01
 1.26622e+22	0.00e+00	9.40e-31	5.99e-26	6.38e-22	2.74e-17	1.13e-13	1.18e-10	3.36e-08	3.70e-06	1.38e-04	1.98e-03	2.03e-02	4.46e-01	4.18e-01	1.14e-01
 1.28202e+22	0.00e+00	1.26e-30	7.76e-26	7.98e-22	3.40e-17	1.38e-13	1.41e-10	3.93e-08	4.24e-06	1.54e-04	2.14e-03	2.13e-02	4.54e-01	4.13e-01	1.10e-01
 1.29533e+22	0.00e+00	1.61e-30	9.62e-26	9.60e-22	4.07e-17	1.63e-13	1.64e-10	4.49e-08	4.74e-06	1.68e-04	2.29e-03	2.21e-02	4.60e-01	4.09e-01	1.06e-01
 1.31061e+22	0.00e+00	2.13e-30	1.23e-25	1.18e-21	4.99e-17	1.97e-13	1.95e-10	5.22e-08	5.39e-06	1.87e-04	2.46e-03	2.31e-02	4.68e-01	4.05e-01	1.02e-01
 1.33048e+22	0.00e+00	3.05e-30	1.68e-25	1.55e-21	6.48e-17	2.51e-13	2.43e-10	6.33e-08	6.35e-06	2.13e-04	2.71e-03	2.45e-02	4.77e-01	3.98e-01	9.70e-02
 1.35058e+22	0.00e+00	4.38e-30	2.31e-25	2.03e-21	8.46e-17	3.22e-13	3.05e-10	7.71e-08	7.51e-06	2.44e-04	2.99e-03	2.59e-02	4.87e-01	3.92e-01	9.20e-02
 1.36642e+22	0.00e+00	5.85e-30	2.96e-25	2.51e-21	1.05e-16	3.92e-13	3.65e-10	9.03e-08	8.60e-06	2.71e-04	3.23e-03	2.72e-02	4.95e-01	3.87e-01	8.82e-02
 1.38245e+22	0.00e+00	7.74e-30	3.78e-25	3.09e-21	1.28e-16	4.76e-13	4.35e-10	1.05e-07	9.79e-06	3.01e-04	3.48e-03	2.84e-02	5.02e-01	3.81e-01	8.45e-02
 1.40327e+22	0.00e+00	1.10e-29	5.16e-25	4.02e-21	1.67e-16	6.08e-13	5.44e-10	1.28e-07	1.15e-05	3.44e-04	3.83e-03	3.00e-02	5.11e-01	3.74e-01	8.01e-02
 1.42458e+22	0.00e+00	1.60e-29	7.11e-25	5.28e-21	2.19e-16	7.84e-13	6.86e-10	1.57e-07	1.37e-05	3.95e-04	4.23e-03	3.18e-02	5.21e-01	3.67e-01	7.56e-02
 1.44151e+22	0.00e+00	2.15e-29	9.19e-25	6.55e-21	2.72e-16	9.65e-13	8.30e-10	1.85e-07	1.58e-05	4.42e-04	4.58e-03	3.33e-02	5.29e-01	3.61e-01	7.21e-02
 1.45621e+22	0.00e+00	2.74e-29	1.13e-24	7.83e-21	3.25e-16	1.14e-12	9.66e-10	2.11e-07	1.77e-05	4.83e-04	4.89e-03	3.46e-02	5.35e-01	3.56e-01	6.94e-02
 1.47299e+22	0.00e+00	3.62e-29	1.44e-24	9.59e-21	4.00e-16	1.38e-12	1.15e-09	2.47e-07	2.02e-05	5.37e-04	5.27e-03	3.61e-02	5.42e-01	3.50e-01	6.62e-02
 1.49481e+22	0.00e+00	5.18e-29	1.96e-24	1.24e-20	5.20e-16	1.78e-12	1.45e-09	3.01e-07	2.39e-05	6.15e-04	5.81e-03	3.82e-02	5.51e-01	3.42e-01	6.24e-02
 1.51728e+22	0.00e+00	7.48e-29	2.69e-24	1.62e-20	6.82e-16	2.30e-12	1.84e-09	3.70e-07	2.85e-05	7.07e-04	6.42e-03	4.04e-02	5.59e-01	3.34e-01	5.86e-02
 1.53556e+22	0.00e+00	1.00e-28	3.47e-24	2.00e-20	8.49e-16	2.83e-12	2.22e-09	4.38e-07	3.28e-05	7.91e-04	6.95e-03	4.23e-02	5.67e-01	3.28e-01	5.56e-02
 1.55429e+22	0.00e+00	1.35e-28	4.46e-24	2.47e-20	1.05e-15	3.48e-12	2.69e-09	5.17e-07	3.78e-05	8.84e-04	7.53e-03	4.42e-02	5.73e-01	3.21e-01	5.28e-02
 1.57863e+22	0.00e+00	1.96e-28	6.15e-24	3.22e-20	1.39e-15	4.54e-12	3.43e-09	6.40e-07	4.52e-05	1.02e-03	8.34e-03	4.69e-02	5.82e-01	3.13e-01	4.93e-02
 1.60344e+22	0.00e+00	2.86e-28	8.52e-24	4.21e-20	1.84e-15	5.94e-12	4.40e-09	7.96e-07	5.43e-05	1.18e-03	9.26e-03	4.97e-02	5.90e-01	3.04e-01	4.59e-02
 1.62333e+22	0.00e+00	3.86e-28	1.10e-23	5.20e-20	2.30e-15	7.35e-12	5.36e-09	9.45e-07	6.28e-05	1.32e-03	1.01e-02	5.20e-02	5.97e-01	2.97e-01	4.33e-02
 1.64045e+22	0.00e+00	4.97e-28	1.36e-23	6.21e-20	2.77e-15	8.80e-12	6.33e-09	1.09e-06	7.09e-05	1.46e-03	1.08e-02	5.40e-02	6.02e-01	2.91e-01	4.12e-02
 1.65948e+22	0.00e+00	6.52e-28	1.72e-23	7.51e-20	3.39e-15	1.07e-11	7.57e-09	1.28e-06	8.09e-05	1.62e-03	1.16e-02	5.63e-02	6.07e-01	2.84e-01	3.91e-02
 1.68422e+22	0.00e+00	9.21e-28	2.30e-23	9.56e-20	4.39e-15	1.37e-11	9.51e-09	1.56e-06	9.58e-05	1.85e-03	1.28e-02	5.94e-02	6.14e-01	2.76e-01	3.64e-02
 1.70919e+22	0.00e+00	1.30e-27	3.09e-23	1.22e-19	5.67e-15	1.75e-11	1.20e-08	1.91e-06	1.13e-04	2.12e-03	1.40e-02	6.25e-02	6.20e-01	2.67e-01	3.39e-02
 1.72884e+22	0.00e+00	1.70e-27	3.88e-23	1.46e-19	6.91e-15	2.12e-11	1.43e-08	2.23e-06	1.29e-04	2.35e-03	1.51e-02	6.51e-02	6.25e-01	2.61e-01	3.20e-02
 1.74873e+22	0.00e+00	2.21e-27	4.84e-23	1.75e-19	8.38e-15	2.56e-11	1.70e-08	2.60e-06	1.47e-04	2.59e-03	1.62e-02	6.76e-02	6.29e-01	2.54e-01	3.03e-02
 1.77459e+22	0.00e+00	3.07e-27	6.40e-23	2.20e-19	1.07e-14	3.23e-11	2.11e-08	3.15e-06	1.72e-04	2.94e-03	1.77e-02	7.10e-02	6.34e-01	2.46e-01	2.82e-02
 1.80161e+22	0.00e+00	4.31e-27	8.54e-23	2.79e-19	1.37e-14	4.13e-11	2.65e-08	3.84e-06	2.03e-04	3.35e-03	1.94e-02	7.46e-02	6.38e-01	2.38e-01	2.61e-02
 1.82421e+22	0.00e+00	5.70e-27	1.08e-22	3.38e-19	1.69e-14	5.03e-11	3.19e-08	4.52e-06	2.32e-04	3.73e-03	2.09e-02	7.77e-02	6.42e-01	2.31e-01	2.45e-02
 1.84768e+22	0.00e+00	7.52e-27	1.37e-22	4.09e-19	2.07e-14	6.13e-11	3.83e-08	5.31e-06	2.65e-04	4.14e-03	2.25e-02	8.08e-02	6.45e-01	2.24e-01	2.30e-02
 1.87820e+22	0.00e+00	1.07e-26	1.84e-22	5.21e-19	2.67e-14	7.86e-11	4.82e-08	6.51e-06	3.14e-04	4.73e-03	2.47e-02	8.50e-02	6.48e-01	2.16e-01	2.12e-02
 1.90949e+22	0.00e+00	1.53e-26	2.49e-22	6.67e-19	3.47e-14	1.01e-10	6.10e-08	8.00e-06	3.72e-04	5.40e-03	2.71e-02	8.93e-02	6.51e-01	2.07e-01	1.95e-02
 1.93488e+22	0.00e+00	2.03e-26	3.17e-22	8.11e-19	4.26e-14	1.24e-10	7.35e-08	9.44e-06	4.27e-04	6.01e-03	2.92e-02	9.28e-02	6.53e-01	2.00e-01	1.82e-02
 1.96094e+22	0.00e+00	2.67e-26	4.01e-22	9.83e-19	5.19e-14	1.50e-10	8.78e-08	1.10e-05	4.85e-04	6.65e-03	3.13e-02	9.63e-02	6.54e-01	1.94e-01	1.70e-02
 1.99033e+22	0.00e+00	3.64e-26	5.21e-22	1.22e-18	6.49e-14	1.86e-10	1.07e-07	1.32e-05	5.61e-04	7.44e-03	3.39e-02	1.00e-01	6.55e-01	1.87e-01	1.58e-02
 2.01703e+22	0.00e+00	4.80e-26	6.60e-22	1.48e-18	7.91e-14	2.25e-10	1.28e-07	1.54e-05	6.38e-04	8.22e-03	3.63e-02	1.04e-01	6.56e-01	1.81e-01	1.47e-02
 2.04040e+22	0.00e+00	6.07e-26	8.06e-22	1.74e-18	9.35e-14	2.64e-10	1.49e-07	1.76e-05	7.11e-04	8.95e-03	3.85e-02	1.07e-01	6.56e-01	1.75e-01	1.39e-02
 2.06643e+22	0.00e+00	7.83e-26	1.00e-21	2.08e-18	1.12e-13	3.14e-10	1.75e-07	2.03e-05	7.99e-04	9.80e-03	4.09e-02	1.11e-01	6.55e-01	1.70e-01	1.30e-02
 2.10026e+22	0.00e+00	1.08e-25	1.32e-21	2.62e-18	1.41e-13	3.92e-10	2.15e-07	2.43e-05	9.25e-04	1.10e-02	4.42e-02	1.15e-01	6.54e-01	1.63e-01	1.20e-02
 2.13491e+22	0.00e+00	1.51e-25	1.75e-21	3.30e-18	1.77e-13	4.90e-10	2.64e-07	2.91e-05	1.07e-03	1.23e-02	4.78e-02	1.20e-01	6.53e-01	1.55e-01	1.10e-02
 2.16292e+22	0.00e+00	1.95e-25	2.19e-21	3.97e-18	2.12e-13	5.83e-10	3.11e-07	3.36e-05	1.21e-03	1.35e-02	5.08e-02	1.23e-01	6.51e-01	1.50e-01	1.03e-02
 2.19167e+22	0.00e+00	2.53e-25	2.73e-21	4.76e-18	2.54e-13	6.92e-10	3.64e-07	3.87e-05	1.35e-03	1.47e-02	5.39e-02	1.27e-01	6.49e-01	1.45e-01	9.60e-03
 2.22904e+22	0.00e+00	3.51e-25	3.62e-21	6.01e-18	3.18e-13	8.60e-10	4.46e-07	4.62e-05	1.56e-03	1.64e-02	5.80e-02	1.32e-01	6.45e-01	1.38e-01	8.80e-03
 2.26799e+22	0.00e+00	4.93e-25	4.85e-21	7.66e-18	4.02e-13	1.07e-09	5.48e-07	5.55e-05	1.81e-03	1.84e-02	6.25e-02	1.36e-01	6.41e-01	1.32e-01	8.03e-03
 2.29847e+22	4.54e-31	6.43e-25	6.08e-21	9.25e-18	4.80e-13	1.28e-09	6.44e-07	6.39e-05	2.03e-03	2.01e-02	6.62e-02	1.40e-01	6.38e-01	1.26e-01	7.47e-03
 2.32304e+22	5.70e-31	7.86e-25	7.25e-21	1.07e-17	5.51e-13	1.46e-09	7.26e-07	7.10e-05	2.20e-03	2.14e-02	6.91e-02	1.43e-01	6.34e-01	1.23e-01	7.08e-03
 2.35047e+22	7.33e-31	9.84e-25	8.80e-21	1.26e-17	6.42e-13	1.68e-09	8.29e-07	7.99e-05	2.42e-03	2.30e-02	7.24e-02	1.46e-01	6.31e-01	1.19e-01	6.66e-03
 2.38612e+22	1.01e-30	1.31e-24	1.13e-20	1.55e-17	7.77e-13	2.02e-09	9.82e-07	9.26e-05	2.73e-03	2.51e-02	7.67e-02	1.50e-01	6.26e-01	1.14e-01	6.15e-03
 2.42464e+22	1.42e-30	1.78e-24	1.47e-20	1.93e-17	9.53e-13	2.45e-09	1.17e-06	1.08e-04	3.09e-03	2.76e-02	8.15e-02	1.54e-01	6.19e-01	1.08e-01	5.65e-03
 2.45877e+22	1.91e-30	2.32e-24	1.85e-20	2.34e-17	1.14e-12	2.90e-09	1.37e-06	1.24e-04	3.45e-03	3.00e-02	8.59e-02	1.58e-01	6.14e-01	1.04e-01	5.24e-03
 2.49498e+22	2.59e-30	3.04e-24	2.34e-20	2.86e-17	1.36e-12	3.45e-09	1.61e-06	1.43e-04	3.85e-03	3.25e-02	9.05e-02	1.61e-01	6.07e-01	9.94e-02	4.85e-03
 2.54207e+22	3.81e-30	4.30e-24	3.16e-20	3.68e-17	1.72e-12	4.28e-09	1.96e-06	1.70e-04	4.41e-03	3.60e-02	9.66e-02	1.66e-01	5.99e-01	9.39e-02	4.40e-03
 2.58974e+22	5.61e-30	6.09e-24	4.28e-20	4.76e-17	2.16e-12	5.31e-09	2.39e-06	2.02e-04	5.06e-03	3.99e-02	1.03e-01	1.70e-01	5.89e-01	8.86e-02	3.98e-03
 2.62763e+22	7.57e-30	7.99e-24	5.42e-20	5.81e-17	2.58e-12	6.28e-09	2.79e-06	2.31e-04	5.62e-03	4.31e-02	1.08e-01	1.73e-01	5.81e-01	8.46e-02	3.67e-03
 2.66633e+22	1.02e-29	1.04e-23	6.84e-20	7.07e-17	3.08e-12	7.40e-09	3.23e-06	2.63e-04	6.23e-03	4.65e-02	1.13e-01	1.77e-01	5.73e-01	8.08e-02	3.40e-03
 2.71663e+22	1.47e-29	1.46e-23	9.18e-20	9.08e-17	3.84e-12	9.10e-09	3.90e-06	3.09e-04	7.07e-03	5.10e-02	1.20e-01	1.80e-01	5.63e-01	7.61e-02	3.07e-03
 2.76705e+22	2.14e-29	2.05e-23	1.24e-19	1.17e-16	4.79e-12	1.12e-08	4.71e-06	3.64e-04	8.03e-03	5.60e-02	1.26e-01	1.84e-01	5.51e-01	7.15e-02	2.77e-03
 2.80636e+22	2.83e-29	2.65e-23	1.55e-19	1.41e-16	5.67e-12	1.31e-08	5.43e-06	4.11e-04	8.83e-03	5.99e-02	1.32e-01	1.86e-01	5.42e-01	6.82e-02	2.57e-03
 2.84621e+22	3.73e-29	3.40e-23	1.93e-19	1.71e-16	6.68e-12	1.52e-08	6.22e-06	4.63e-04	9.68e-03	6.40e-02	1.37e-01	1.89e-01	5.33e-01	6.51e-02	2.38e-03
 2.89800e+22	5.28e-29	4.68e-23	2.55e-19	2.16e-16	8.22e-12	1.84e-08	7.40e-06	5.37e-04	1.09e-02	6.95e-02	1.43e-01	1.91e-01	5.21e-01	6.12e-02	2.15e-03
 2.95375e+22	7.63e-29	6.57e-23	3.43e-19	2.79e-16	1.03e-11	2.26e-08	8.88e-06	6.29e-04	1.23e-02	7.57e-02	1.51e-01	1.94e-01	5.08e-01	5.73e-02	1.93e-03
 3.00311e+22	1.05e-28	8.81e-23	4.45e-19	3.49e-16	1.24e-11	2.70e-08	1.04e-05	7.20e-04	1.36e-02	8.14e-02	1.57e-01	1.96e-01	4.96e-01	5.40e-02	1.76e-03
 3.05574e+22	1.45e-28	1.19e-22	5.79e-19	4.37e-16	1.51e-11	3.22e-08	1.22e-05	8.24e-04	1.51e-02	8.75e-02	1.63e-01	1.98e-01	4.83e-01	5.08e-02	1.60e-03
 3.12417e+22	2.19e-28	1.74e-22	8.08e-19	5.82e-16	1.93e-11	4.04e-08	1.49e-05	9.79e-04	1.72e-02	9.58e-02	1.71e-01	1.99e-01	4.67e-01	4.69e-02	1.41e-03
 3.19495e+22	3.33e-28	2.57e-22	1.14e-18	7.82e-16	2.49e-11	5.09e-08	1.83e-05	1.17e-03	1.96e-02	1.05e-01	1.80e-01	2.01e-01	4.50e-01	4.31e-02	1.24e-03
 3.25398e+22	4.66e-28	3.52e-22	1.51e-18	9.93e-16	3.06e-11	6.12e-08	2.16e-05	1.34e-03	2.17e-02	1.13e-01	1.86e-01	2.02e-01	4.35e-01	4.02e-02	1.11e-03
 3.30630e+22	6.22e-28	4.61e-22	1.91e-18	1.22e-15	3.64e-11	7.17e-08	2.48e-05	1.51e-03	2.37e-02	1.20e-01	1.92e-01	2.02e-01	4.23e-01	3.78e-02	1.01e-03
 3.36472e+22	8.52e-28	6.19e-22	2.48e-18	1.52e-15	4.41e-11	8.52e-08	2.89e-05	1.71e-03	2.61e-02	1.27e-01	1.98e-01	2.02e-01	4.09e-01	3.53e-02	9.13e-04
 3.44067e+22	1.25e-27	8.91e-22	3.42e-18	2.01e-15	5.59e-11	1.05e-07	3.47e-05	2.00e-03	2.93e-02	1.37e-01	2.05e-01	2.01e-01	3.92e-01	3.24e-02	8.03e-04
 3.52057e+22	1.89e-27	1.31e-21	4.82e-18	2.69e-15	7.16e-11	1.32e-07	4.23e-05	2.36e-03	3.31e-02	1.49e-01	2.12e-01	2.01e-01	3.73e-01	2.94e-02	6.95e-04
 3.58508e+22	2.59e-27	1.78e-21	6.29e-18	3.39e-15	8.70e-11	1.57e-07	4.93e-05	2.67e-03	3.63e-02	1.58e-01	2.18e-01	1.99e-01	3.58e-01	2.72e-02	6.21e-04
 3.63990e+22	3.37e-27	2.28e-21	7.84e-18	4.10e-15	1.02e-10	1.81e-07	5.58e-05	2.97e-03	3.91e-02	1.66e-01	2.22e-01	1.98e-01	3.46e-01	2.55e-02	5.65e-04
 3.70265e+22	4.50e-27	3.00e-21	1.00e-17	5.05e-15	1.22e-10	2.12e-07	6.40e-05	3.32e-03	4.25e-02	1.74e-01	2.27e-01	1.96e-01	3.33e-01	2.37e-02	5.07e-04
 3.78422e+22	6.44e-27	4.23e-21	1.36e-17	6.55e-15	1.52e-10	2.58e-07	7.57e-05	3.82e-03	4.69e-02	1.86e-01	2.32e-01	1.94e-01	3.16e-01	2.16e-02	4.44e-04
 3.87084e+22	9.43e-27	6.11e-21	1.87e-17	8.65e-15	1.92e-10	3.17e-07	9.07e-05	4.43e-03	5.22e-02	1.98e-01	2.37e-01	1.91e-01	2.98e-01	1.95e-02	3.82e-04
 3.94434e+22	1.29e-26	8.26e-21	2.45e-17	1.09e-14	2.33e-10	3.76e-07	1.05e-04	4.99e-03	5.68e-02	2.08e-01	2.41e-01	1.88e-01	2.83e-01	1.78e-02	3.37e-04
 4.02020e+22	1.75e-26	1.11e-20	3.18e-17	1.36e-14	2.81e-10	4.43e-07	1.21e-04	5.61e-03	6.16e-02	2.19e-01	2.44e-01	1.85e-01	2.69e-01	1.63e-02	2.97e-04
 4.11883e+22	2.56e-26	1.61e-20	4.40e-17	1.80e-14	3.55e-10	5.45e-07	1.44e-04	6.47e-03	6.81e-02	2.31e-01	2.48e-01	1.80e-01	2.51e-01	1.46e-02	2.54e-04
 4.22106e+22	3.79e-26	2.37e-20	6.19e-17	2.41e-14	4.52e-10	6.75e-07	1.74e-04	7.52e-03	7.55e-02	2.45e-01	2.50e-01	1.75e-01	2.33e-01	1.29e-02	2.14e-04
 4.30446e+22	5.16e-26	3.21e-20	8.09e-17	3.02e-14	5.47e-10	7.97e-07	2.00e-04	8.44e-03	8.16e-02	2.56e-01	2.52e-01	1.70e-01	2.19e-01	1.17e-02	1.86e-04
 4.38934e+22	6.96e-26	4.31e-20	1.05e-16	3.77e-14	6.57e-10	9.36e-07	2.30e-04	9.43e-03	8.79e-02	2.66e-01	2.53e-01	1.66e-01	2.06e-01	1.06e-02	1.62e-04
 4.49968e+22	1.01e-25	6.21e-20	1.45e-16	4.97e-14	8.26e-10	1.14e-06	2.71e-04	1.08e-02	9.61e-02	2.79e-01	2.54e-01	1.60e-01	1.91e-01	9.31e-03	1.37e-04
 4.60839e+22	1.46e-25	8.99e-20	2.00e-16	6.55e-14	1.04e-09	1.39e-06	3.22e-04	1.24e-02	1.05e-01	2.92e-01	2.53e-01	1.54e-01	1.75e-01	8.14e-03	1.14e-04
 4.68813e+22	1.87e-25	1.16e-19	2.51e-16	7.94e-14	1.22e-09	1.60e-06	3.61e-04	1.35e-02	1.12e-01	3.00e-01	2.53e-01	1.49e-01	1.65e-01	7.41e-03	1.00e-04
 4.76495e+22	2.38e-25	1.48e-19	3.09e-16	9.49e-14	1.41e-09	1.82e-06	4.02e-04	1.48e-02	1.18e-01	3.08e-01	2.52e-01	1.45e-01	1.55e-01	6.77e-03	8.88e-05
 4.86480e+22	3.22e-25	2.00e-19	4.03e-16	1.19e-13	1.69e-09	2.13e-06	4.60e-04	1.64e-02	1.26e-01	3.18e-01	2.50e-01	1.39e-01	1.44e-01	6.04e-03	7.62e-05
 4.97423e+22	4.41e-25	2.75e-19	5.35e-16	1.51e-13	2.06e-09	2.53e-06	5.30e-04	1.83e-02	1.35e-01	3.27e-01	2.47e-01	1.33e-01	1.33e-01	5.33e-03	6.45e-05
 5.07405e+22	5.88e-25	3.70e-19	6.92e-16	1.88e-13	2.46e-09	2.94e-06	6.03e-04	2.03e-02	1.44e-01	3.36e-01	2.44e-01	1.27e-01	1.23e-01	4.73e-03	5.49e-05
 5.16661e+22	7.57e-25	4.78e-19	8.68e-16	2.28e-13	2.88e-09	3.37e-06	6.74e-04	2.21e-02	1.52e-01	3.43e-01	2.41e-01	1.23e-01	1.14e-01	4.26e-03	4.77e-05
 5.27175e+22	1.00e-24	6.36e-19	1.11e-15	2.81e-13	3.42e-09	3.90e-06	7.62e-04	2.44e-02	1.61e-01	3.50e-01	2.38e-01	1.17e-01	1.05e-01	3.77e-03	4.07e-05
 5.40845e+22	1.41e-24	9.04e-19	1.51e-15	3.65e-13	4.22e-09	4.67e-06	8.84e-04	2.74e-02	1.72e-01	3.58e-01	2.33e-01	1.10e-01	9.50e-02	3.25e-03	3.34e-05
 5.55042e+22	2.02e-24	1.31e-18	2.10e-15	4.82e-13	5.28e-09	5.66e-06	1.04e-03	3.09e-02	1.85e-01	3.66e-01	2.26e-01	1.03e-01	8.48e-02	2.75e-03	2.69e-05
 5.66625e+22	2.67e-24	1.77e-18	2.72e-15	6.00e-13	6.30e-09	6.57e-06	1.17e-03	3.40e-02	1.95e-01	3.72e-01	2.21e-01	9.75e-02	7.73e-02	2.40e-03	2.25e-05
 5.78382e+22	3.53e-24	2.35e-18	3.49e-15	7.40e-13	7.45e-09	7.58e-06	1.32e-03	3.73e-02	2.05e-01	3.76e-01	2.15e-01	9.22e-02	7.05e-02	2.10e-03	1.89e-05
 5.93665e+22	4.92e-24	3.33e-18	4.74e-15	9.57e-13	9.16e-09	9.02e-06	1.52e-03	4.16e-02	2.18e-01	3.81e-01	2.08e-01	8.59e-02	6.28e-02	1.79e-03	1.53e-05
 6.09974e+22	7.06e-24	4.90e-18	6.63e-15	1.27e-12	1.15e-08	1.09e-05	1.78e-03	4.69e-02	2.32e-01	3.84e-01	1.99e-01	7.91e-02	5.51e-02	1.48e-03	1.20e-05
 6.23782e+22	9.47e-24	6.73e-18	8.75e-15	1.61e-12	1.38e-08	1.28e-05	2.02e-03	5.16e-02	2.44e-01	3.87e-01	1.92e-01	7.38e-02	4.93e-02	1.27e-03	9.81e-06
 6.37897e+22	1.26e-23	9.07e-18	1.14e-14	2.00e-12	1.65e-08	1.48e-05	2.27e-03	5.64e-02	2.55e-01	3.88e-01	1.84e-01	6.89e-02	4.43e-02	1.09e-03	8.09e-06
 6.56247e+22	1.78e-23	1.32e-17	1.57e-14	2.64e-12	2.05e-08	1.77e-05	2.63e-03	6.30e-02	2.69e-01	3.88e-01	1.75e-01	6.30e-02	3.86e-02	8.99e-04	6.33e-06
 6.75485e+22	2.57e-23	1.97e-17	2.24e-14	3.55e-12	2.59e-08	2.15e-05	3.08e-03	7.08e-02	2.84e-01	3.86e-01	1.65e-01	5.71e-02	3.32e-02	7.28e-04	4.83e-06
 6.90501e+22	3.41e-23	2.70e-17	2.95e-14	4.49e-12	3.12e-08	2.51e-05	3.47e-03	7.75e-02	2.96e-01	3.84e-01	1.57e-01	5.26e-02	2.93e-02	6.14e-04	3.89e-06
 7.02353e+22	4.18e-23	3.39e-17	3.60e-14	5.31e-12	3.56e-08	2.80e-05	3.79e-03	8.25e-02	3.04e-01	3.82e-01	1.51e-01	4.96e-02	2.68e-02	5.44e-04	3.33e-06
 7.15467e+22	5.23e-23	4.32e-17	4.45e-14	6.36e-12	4.11e-08	3.15e-05	4.15e-03	8.82e-02	3.12e-01	3.79e-01	1.45e-01	4.65e-02	2.43e-02	4.76e-04	2.81e-06
 7.32515e+22	6.90e-23	5.84e-17	5.80e-14	7.97e-12	4.91e-08	3.63e-05	4.65e-03	9.58e-02	3.23e-01	3.75e-01	1.37e-01	4.28e-02	2.15e-02	4.02e-04	2.27e-06
 7.54677e+22	9.75e-23	8.55e-17	8.10e-14	1.06e-11	6.14e-08	4.36e-05	5.36e-03	1.06e-01	3.36e-01	3.68e-01	1.28e-01	3.84e-02	1.84e-02	3.24e-04	1.73e-06
 7.76808e+22	1.38e-22	1.27e-16	1.15e-13	1.43e-11	7.77e-08	5.27e-05	6.20e-03	1.18e-01	3.49e-01	3.60e-01	1.18e-01	3.42e-02	1.55e-02	2.58e-04	1.30e-06
 7.93441e+22	1.77e-22	1.71e-16	1.49e-13	1.78e-11	9.25e-08	6.06e-05	6.90e-03	1.27e-01	3.58e-01	3.53e-01	1.11e-01	3.13e-02	1.36e-02	2.17e-04	1.04e-06
 8.09611e+22	2.22e-22	2.20e-16	1.86e-13	2.16e-11	1.07e-07	6.83e-05	7.56e-03	1.35e-01	3.65e-01	3.46e-01	1.05e-01	2.89e-02	1.22e-02	1.87e-04	8.65e-07
 8.30632e+22	2.91e-22	2.98e-16	2.44e-13	2.72e-11	1.29e-07	7.89e-05	8.44e-03	1.46e-01	3.74e-01	3.38e-01	9.76e-02	2.62e-02	1.06e-02	1.55e-04	6.88e-07
 8.54347e+22	3.97e-22	4.27e-16	3.35e-13	3.57e-11	1.60e-07	9.35e-05	9.58e-03	1.59e-01	3.83e-01	3.27e-01	8.96e-02	2.34e-02	9.02e-03	1.25e-04	5.23e-07
 8.76256e+22	5.21e-22	5.91e-16	4.47e-13	4.58e-11	1.95e-07	1.09e-04	1.07e-02	1.72e-01	3.90e-01	3.16e-01	8.26e-02	2.09e-02	7.73e-03	1.02e-04	4.06e-07
 8.95910e+22	6.59e-22	7.82e-16	5.73e-13	5.68e-11	2.31e-07	1.24e-04	1.19e-02	1.83e-01	3.96e-01	3.07e-01	7.68e-02	1.90e-02	6.76e-03	8.51e-05	3.25e-07
 9.17943e+22	8.33e-22	1.03e-15	7.31e-13	7.01e-11	2.72e-07	1.41e-04	1.30e-02	1.95e-01	4.01e-01	2.97e-01	7.14e-02	1.73e-02	5.92e-03	7.14e-05	2.62e-07
 9.46586e+22	1.11e-21	1.45e-15	9.93e-13	9.15e-11	3.35e-07	1.66e-04	1.47e-02	2.10e-01	4.06e-01	2.84e-01	6.49e-02	1.52e-02	4.98e-03	5.70e-05	1.98e-07
 9.77550e+22	1.52e-21	2.13e-15	1.40e-12	1.23e-10	4.24e-07	1.99e-04	1.67e-02	2.28e-01	4.10e-01	2.70e-01	5.81e-02	1.32e-02	4.09e-03	4.41e-05	1.44e-07
 1.00436e+23	1.96e-21	2.95e-15	1.87e-12	1.59e-10	5.17e-07	2.32e-04	1.86e-02	2.44e-01	4.13e-01	2.57e-01	5.26e-02	1.16e-02	3.45e-03	3.53e-05	0.00e+00
 1.02834e+23	2.41e-21	3.83e-15	2.36e-12	1.94e-10	6.06e-07	2.61e-04	2.03e-02	2.56e-01	4.14e-01	2.47e-01	4.86e-02	1.05e-02	3.00e-03	2.95e-05	0.00e+00
 1.05581e+23	2.98e-21	5.00e-15	3.00e-12	2.40e-10	7.14e-07	2.96e-04	2.21e-02	2.70e-01	4.14e-01	2.37e-01	4.46e-02	9.42e-03	2.60e-03	2.45e-05	0.00e+00
 1.08651e+23	3.76e-21	6.81e-15	3.96e-12	3.05e-10	8.62e-07	3.41e-04	2.44e-02	2.86e-01	4.14e-01	2.24e-01	4.03e-02	8.29e-03	2.19e-03	1.96e-05	0.00e+00
 1.11443e+23	4.61e-21	9.01e-15	5.09e-12	3.80e-10	1.02e-06	3.88e-04	2.67e-02	3.01e-01	4.12e-01	2.13e-01	3.66e-02	7.36e-03	1.87e-03	1.60e-05	0.00e+00
 1.13913e+23	5.42e-21	1.12e-14	6.20e-12	4.51e-10	1.17e-06	4.29e-04	2.86e-02	3.13e-01	4.11e-01	2.05e-01	3.40e-02	6.69e-03	1.65e-03	1.36e-05	0.00e+00
 1.16663e+23	6.35e-21	1.40e-14	7.57e-12	5.38e-10	1.34e-06	4.75e-04	3.07e-02	3.25e-01	4.09e-01	1.96e-01	3.14e-02	6.06e-03	1.45e-03	1.15e-05	0.00e+00
 1.20237e+23	7.68e-21	1.83e-14	9.64e-12	6.65e-10	1.58e-06	5.37e-04	3.34e-02	3.40e-01	4.05e-01	1.85e-01	2.85e-02	5.37e-03	1.24e-03	9.41e-06	0.00e+00
 1.24765e+23	9.53e-21	2.53e-14	1.29e-11	8.56e-10	1.93e-06	6.21e-04	3.68e-02	3.58e-01	4.00e-01	1.73e-01	2.52e-02	4.63e-03	1.02e-03	7.35e-06	0.00e+00
 1.29305e+23	1.18e-20	3.59e-14	1.77e-11	1.13e-09	2.40e-06	7.28e-04	4.09e-02	3.78e-01	3.93e-01	1.60e-01	2.20e-02	3.91e-03	8.18e-04	5.56e-06	0.00e+00
 1.32824e+23	1.36e-20	4.64e-14	2.23e-11	1.39e-09	2.81e-06	8.17e-04	4.41e-02	3.92e-01	3.88e-01	1.51e-01	1.99e-02	3.46e-03	6.96e-04	4.54e-06	0.00e+00
 1.36239e+23	1.54e-20	5.62e-14	2.65e-11	1.61e-09	3.15e-06	8.89e-04	4.67e-02	4.03e-01	3.83e-01	1.44e-01	1.84e-02	3.15e-03	6.17e-04	3.89e-06	0.00e+00
 1.40680e+23	1.69e-20	7.10e-14	3.27e-11	1.94e-09	3.64e-06	9.87e-04	4.99e-02	4.16e-01	3.77e-01	1.36e-01	1.67e-02	2.80e-03	5.30e-04	3.21e-06	0.00e+00
 1.46115e+23	1.92e-20	9.38e-14	4.21e-11	2.42e-09	4.32e-06	1.12e-03	5.41e-02	4.31e-01	3.69e-01	1.26e-01	1.48e-02	2.42e-03	4.41e-04	2.55e-06	0.00e+00
 1.51785e+23	2.19e-20	1.26e-13	5.50e-11	3.07e-09	5.18e-06	1.27e-03	5.88e-02	4.48e-01	3.60e-01	1.17e-01	1.31e-02	2.08e-03	3.62e-04	1.98e-06	0.00e+00
 1.56939e+23	2.45e-20	1.62e-13	6.88e-11	3.74e-09	6.03e-06	1.42e-03	6.30e-02	4.61e-01	3.52e-01	1.09e-01	1.17e-02	1.82e-03	3.06e-04	1.60e-06	0.00e+00
 1.62480e+23	2.26e-20	1.99e-13	8.33e-11	4.43e-09	6.86e-06	1.55e-03	6.67e-02	4.72e-01	3.45e-01	1.03e-01	1.06e-02	1.62e-03	2.64e-04	1.34e-06	0.00e+00
 1.68986e+23	2.25e-20	2.54e-13	1.04e-10	5.38e-09	7.97e-06	1.73e-03	7.12e-02	4.84e-01	3.36e-01	9.59e-02	9.50e-03	1.42e-03	2.23e-04	1.08e-06	0.00e+00
 1.75869e+23	2.13e-20	3.22e-13	1.29e-10	6.51e-09	9.22e-06	1.92e-03	7.59e-02	4.96e-01	3.27e-01	8.93e-02	8.50e-03	1.24e-03	1.88e-04	8.72e-07	0.00e+00
 1.83027e+23	2.02e-20	4.03e-13	1.58e-10	7.78e-09	1.06e-05	2.11e-03	8.05e-02	5.07e-01	3.18e-01	8.35e-02	7.64e-03	1.09e-03	1.60e-04	7.14e-07	0.00e+00
 1.90471e+23	1.95e-20	4.95e-13	1.90e-10	9.19e-09	1.20e-05	2.30e-03	8.49e-02	5.16e-01	3.10e-01	7.83e-02	6.91e-03	9.69e-04	1.38e-04	5.91e-07	0.00e+00
 1.98214e+23	1.79e-20	6.00e-13	2.27e-10	1.07e-08	1.35e-05	2.50e-03	8.93e-02	5.25e-01	3.02e-01	7.36e-02	6.28e-03	8.65e-04	1.20e-04	4.95e-07	0.00e+00
 2.06266e+23	1.51e-20	7.17e-13	2.67e-10	1.24e-08	1.51e-05	2.70e-03	9.34e-02	5.33e-01	2.95e-01	6.94e-02	5.75e-03	7.78e-04	1.05e-04	4.19e-07	0.00e+00
 2.14640e+23	1.41e-20	8.47e-13	3.11e-10	1.42e-08	1.67e-05	2.90e-03	9.74e-02	5.40e-01	2.88e-01	6.57e-02	5.28e-03	7.04e-04	9.23e-05	3.58e-07	0.00e+00
 2.23237e+23	1.16e-20	9.74e-13	3.52e-10	1.59e-08	1.82e-05	3.07e-03	1.01e-01	5.45e-01	2.82e-01	6.27e-02	4.92e-03	6.48e-04	8.31e-05	3.14e-07	0.00e+00
 2.31462e+23	1.09e-20	1.12e-12	4.00e-10	1.77e-08	1.98e-05	3.26e-03	1.04e-01	5.51e-01	2.76e-01	5.98e-02	4.58e-03	5.95e-04	7.48e-05	2.76e-07	0.00e+00
 2.38864e+23	9.41e-21	1.26e-12	4.45e-10	1.95e-08	2.12e-05	3.42e-03	1.07e-01	5.55e-01	2.71e-01	5.75e-02	4.31e-03	5.54e-04	6.84e-05	2.46e-07	0.00e+00
 2.45526e+23	8.77e-21	1.37e-12	4.81e-10	2.09e-08	2.24e-05	3.55e-03	1.10e-01	5.58e-01	2.68e-01	5.58e-02	4.12e-03	5.25e-04	6.40e-05	2.27e-07	0.00e+00
 2.51521e+23	8.31e-21	1.48e-12	5.15e-10	2.22e-08	2.34e-05	3.66e-03	1.12e-01	5.61e-01	2.65e-01	5.43e-02	3.96e-03	5.01e-04	6.03e-05	2.11e-07	0.00e+00
 2.56917e+23	7.98e-21	1.56e-12	5.42e-10	2.32e-08	2.42e-05	3.75e-03	1.13e-01	5.63e-01	2.62e-01	5.32e-02	3.84e-03	4.84e-04	5.77e-05	2.00e-07	0.00e+00
 2.61774e+23	7.71e-21	1.64e-12	5.68e-10	2.42e-08	2.50e-05	3.83e-03	1.15e-01	5.65e-01	2.60e-01	5.23e-02	3.74e-03	4.69e-04	5.55e-05	1.90e-07	0.00e+00
 2.66144e+23	7.47e-21	1.71e-12	5.88e-10	2.50e-08	2.56e-05	3.89e-03	1.16e-01	5.66e-01	2.58e-01	5.16e-02	3.66e-03	4.57e-04	5.38e-05	1.83e-07	0.00e+00
 2.70078e+23	7.23e-21	1.76e-12	6.06e-10	2.56e-08	2.61e-05	3.95e-03	1.17e-01	5.67e-01	2.57e-01	5.10e-02	3.60e-03	4.48e-04	5.25e-05	1.77e-07	0.00e+00
 2.73619e+23	7.04e-21	1.81e-12	6.22e-10	2.62e-08	2.66e-05	3.99e-03	1.17e-01	5.68e-01	2.56e-01	5.05e-02	3.55e-03	4.40e-04	5.13e-05	1.73e-07	0.00e+00
 2.76823e+23	6.87e-21	1.85e-12	6.33e-10	2.66e-08	2.69e-05	4.03e-03	1.18e-01	5.69e-01	2.55e-01	5.01e-02	3.51e-03	4.35e-04	5.06e-05	1.69e-07	0.00e+00
 2.79878e+23	6.66e-21	1.87e-12	6.39e-10	2.69e-08	2.70e-05	4.04e-03	1.18e-01	5.69e-01	2.55e-01	4.99e-02	3.49e-03	4.32e-04	5.02e-05	1.68e-07	0.00e+00
 2.82933e+23	6.45e-21	1.89e-12	6.46e-10	2.71e-08	2.73e-05	4.06e-03	1.19e-01	5.70e-01	2.54e-01	4.97e-02	3.47e-03	4.29e-04	4.97e-05	1.66e-07	0.00e+00
 2.85987e+23	6.24e-21	1.91e-12	6.53e-10	2.74e-08	2.74e-05	4.08e-03	1.19e-01	5.70e-01	2.54e-01	4.95e-02	3.44e-03	4.26e-04	4.92e-05	1.64e-07	0.00e+00
 2.89042e+23	6.01e-21	1.94e-12	6.60e-10	2.77e-08	2.76e-05	4.10e-03	1.19e-01	5.71e-01	2.53e-01	4.93e-02	3.42e-03	4.22e-04	4.87e-05	1.62e-07	0.00e+00
 2.92097e+23	5.75e-21	1.95e-12	6.64e-10	2.78e-08	2.78e-05	4.12e-03	1.19e-01	5.71e-01	2.53e-01	4.92e-02	3.41e-03	4.20e-04	4.85e-05	1.61e-07	0.00e+00
 2.95152e+23	5.57e-21	1.96e-12	6.66e-10	2.79e-08	2.78e-05	4.12e-03	1.19e-01	5.71e-01	2.53e-01	4.91e-02	3.40e-03	4.20e-04	4.84e-05	1.60e-07	0.00e+00
 2.98207e+23	5.35e-21	1.96e-12	6.68e-10	2.80e-08	2.79e-05	4.13e-03	1.20e-01	5.71e-01	2.52e-01	4.90e-02	3.40e-03	4.19e-04	4.82e-05	1.60e-07	0.00e+00
 3.01262e+23	5.14e-21	1.97e-12	6.70e-10	2.80e-08	2.79e-05	4.13e-03	1.20e-01	5.71e-01	2.52e-01	4.90e-02	3.39e-03	4.18e-04	4.81e-05	1.59e-07	0.00e+00
 3.04135e+23	4.97e-21	1.99e-12	6.78e-10	2.83e-08	2.82e-05	4.16e-03	1.20e-01	5.72e-01	2.52e-01	4.87e-02	3.36e-03	4.14e-04	4.76e-05	1.57e-07	0.00e+00
