#depth	Ar	Ar+	Ar+2	Ar+3	Ar+4	Ar+5	Ar+6	Ar+7	Ar+8	Ar+9	Ar+10	Ar+11	Ar+12	Ar+13	Ar+14	Ar+15	Ar+16	Ar+17	Ar+18
 6.17135e+19	0.00e+00	0.00e+00	0.00e+00	0.00e+00	0.00e+00	0.00e+00	0.00e+00	1.91e-27	2.31e-23	7.39e-20	1.11e-16	7.55e-14	2.88e-11	5.87e-09	8.71e-07	9.99e-05	1.84e-02	2.14e-01	7.67e-01
 1.87609e+20	0.00e+00	0.00e+00	0.00e+00	0.00e+00	0.00e+00	0.00e+00	0.00e+00	4.86e-27	5.42e-23	1.60e-19	2.21e-16	1.38e-13	4.85e-11	9.09e-09	1.23e-06	1.29e-04	2.16e-02	2.29e-01	7.49e-01
 3.18540e+20	0.00e+00	0.00e+00	0.00e+00	0.00e+00	0.00e+00	0.00e+00	0.00e+00	1.24e-26	1.28e-22	3.47e-19	4.42e-16	2.54e-13	8.21e-11	1.41e-08	1.74e-06	1.66e-04	2.54e-02	2.45e-01	7.30e-01
 4.54709e+20	0.00e+00	0.00e+00	0.00e+00	0.00e+00	0.00e+00	0.00e+00	0.00e+00	3.18e-26	3.02e-22	7.56e-19	8.88e-16	4.69e-13	1.40e-10	2.20e-08	2.46e-06	2.14e-04	2.98e-02	2.61e-01	7.09e-01
 5.48444e+20	0.00e+00	0.00e+00	0.00e+00	0.00e+00	0.00e+00	0.00e+00	0.00e+00	5.99e-26	5.39e-22	1.28e-18	1.42e-15	7.09e-13	2.00e-10	2.97e-08	3.11e-06	2.54e-04	3.31e-02	2.72e-01	6.94e-01
 5.86615e+20	0.00e+00	0.00e+00	0.00e+00	0.00e+00	0.00e+00	0.00e+00	5.02e-30	7.78e-26	6.85e-22	1.59e-18	1.72e-15	8.42e-13	2.32e-10	3.37e-08	3.43e-06	2.73e-04	3.46e-02	2.77e-01	6.88e-01
 6.18481e+20	0.00e+00	0.00e+00	0.00e+00	0.00e+00	0.00e+00	0.00e+00	6.28e-30	9.51e-26	8.23e-22	1.87e-18	2.00e-15	9.59e-13	2.60e-10	3.70e-08	3.69e-06	2.88e-04	3.58e-02	2.81e-01	6.83e-01
 6.59908e+20	0.00e+00	0.00e+00	0.00e+00	0.00e+00	0.00e+00	0.00e+00	8.46e-30	1.24e-25	1.05e-21	2.34e-18	2.44e-15	1.14e-12	3.02e-10	4.20e-08	4.08e-06	3.10e-04	3.74e-02	2.86e-01	6.76e-01
 7.13762e+20	0.00e+00	0.00e+00	0.00e+00	0.00e+00	0.00e+00	0.00e+00	1.24e-29	1.76e-25	1.44e-21	3.12e-18	3.15e-15	1.43e-12	3.68e-10	4.96e-08	4.64e-06	3.41e-04	3.96e-02	2.92e-01	6.68e-01
 7.83773e+20	0.00e+00	0.00e+00	0.00e+00	0.00e+00	0.00e+00	0.00e+00	2.03e-29	2.73e-25	2.17e-21	4.50e-18	4.38e-15	1.92e-12	4.74e-10	6.12e-08	5.46e-06	3.84e-04	4.27e-02	3.01e-01	6.56e-01
 8.56030e+20	0.00e+00	0.00e+00	0.00e+00	0.00e+00	0.00e+00	0.00e+00	3.36e-29	4.28e-25	3.27e-21	6.55e-18	6.12e-15	2.58e-12	6.13e-10	7.59e-08	6.46e-06	4.34e-04	4.60e-02	3.09e-01	6.45e-01
 9.11644e+20	0.00e+00	0.00e+00	0.00e+00	0.00e+00	0.00e+00	0.00e+00	4.92e-29	6.02e-25	4.48e-21	8.70e-18	7.90e-15	3.23e-12	7.46e-10	8.95e-08	7.34e-06	4.76e-04	4.87e-02	3.16e-01	6.35e-01
 9.56467e+20	0.00e+00	0.00e+00	0.00e+00	0.00e+00	0.00e+00	0.00e+00	6.65e-29	7.88e-25	5.74e-21	1.09e-17	9.67e-15	3.86e-12	8.70e-10	1.02e-07	8.12e-06	5.13e-04	5.09e-02	3.21e-01	6.28e-01
 1.00682e+21	0.00e+00	0.00e+00	0.00e+00	0.00e+00	0.00e+00	0.00e+00	9.31e-29	1.06e-24	7.56e-21	1.40e-17	1.21e-14	4.70e-12	1.03e-09	1.18e-07	9.09e-06	5.56e-04	5.34e-02	3.27e-01	6.19e-01
 1.07229e+21	0.00e+00	0.00e+00	0.00e+00	0.00e+00	0.00e+00	0.00e+00	1.43e-28	1.56e-24	1.08e-20	1.93e-17	1.62e-14	6.07e-12	1.29e-09	1.42e-07	1.05e-05	6.18e-04	5.69e-02	3.34e-01	6.09e-01
 1.14077e+21	0.00e+00	0.00e+00	0.00e+00	0.00e+00	0.00e+00	0.00e+00	2.24e-28	2.33e-24	1.55e-20	2.70e-17	2.18e-14	7.91e-12	1.63e-09	1.72e-07	1.22e-05	6.88e-04	6.08e-02	3.42e-01	5.97e-01
 1.19834e+21	0.00e+00	0.00e+00	0.00e+00	0.00e+00	0.00e+00	0.00e+00	3.24e-28	3.23e-24	2.10e-20	3.55e-17	2.79e-14	9.85e-12	1.97e-09	2.02e-07	1.38e-05	7.53e-04	6.41e-02	3.48e-01	5.87e-01
 1.25834e+21	0.00e+00	0.00e+00	0.00e+00	0.00e+00	0.00e+00	0.00e+00	4.70e-28	4.51e-24	2.86e-20	4.70e-17	3.59e-14	1.23e-11	2.39e-09	2.37e-07	1.56e-05	8.23e-04	6.76e-02	3.54e-01	5.77e-01
 1.32479e+21	0.00e+00	0.00e+00	0.00e+00	0.00e+00	0.00e+00	0.00e+00	7.17e-28	6.56e-24	4.04e-20	6.44e-17	4.76e-14	1.58e-11	2.98e-09	2.86e-07	1.80e-05	9.12e-04	7.19e-02	3.61e-01	5.66e-01
 1.38443e+21	0.00e+00	0.00e+00	0.00e+00	0.00e+00	0.00e+00	0.00e+00	1.03e-27	9.09e-24	5.46e-20	8.48e-17	6.10e-14	1.97e-11	3.61e-09	3.35e-07	2.04e-05	9.97e-04	7.57e-02	3.68e-01	5.56e-01
 1.43809e+21	0.00e+00	0.00e+00	0.00e+00	0.00e+00	0.00e+00	0.00e+00	1.44e-27	1.22e-23	7.15e-20	1.08e-16	7.62e-14	2.40e-11	4.28e-09	3.87e-07	2.28e-05	1.08e-03	7.94e-02	3.73e-01	5.46e-01
 1.49918e+21	0.00e+00	0.00e+00	0.00e+00	0.00e+00	0.00e+00	0.00e+00	2.07e-27	1.68e-23	9.65e-20	1.42e-16	9.74e-14	2.98e-11	5.18e-09	4.54e-07	2.58e-05	1.18e-03	8.36e-02	3.79e-01	5.36e-01
 1.57858e+21	0.00e+00	0.00e+00	0.00e+00	0.00e+00	0.00e+00	0.00e+00	3.31e-27	2.55e-23	1.42e-19	2.03e-16	1.34e-13	3.94e-11	6.62e-09	5.58e-07	3.02e-05	1.32e-03	8.93e-02	3.87e-01	5.23e-01
 1.65777e+21	0.00e+00	0.00e+00	0.00e+00	0.00e+00	0.00e+00	0.00e+00	5.25e-27	3.84e-23	2.07e-19	2.86e-16	1.83e-13	5.20e-11	8.44e-09	6.84e-07	3.53e-05	1.47e-03	9.52e-02	3.94e-01	5.09e-01
 1.71686e+21	0.00e+00	0.00e+00	0.00e+00	0.00e+00	0.00e+00	0.00e+00	7.37e-27	5.18e-23	2.74e-19	3.70e-16	2.30e-13	6.38e-11	1.01e-08	7.94e-07	3.96e-05	1.60e-03	9.98e-02	3.99e-01	4.99e-01
 1.77389e+21	0.00e+00	0.00e+00	0.00e+00	0.00e+00	0.00e+00	0.00e+00	1.02e-26	6.89e-23	3.57e-19	4.71e-16	2.86e-13	7.75e-11	1.20e-08	9.16e-07	4.42e-05	1.73e-03	1.04e-01	4.04e-01	4.90e-01
 1.84802e+21	0.00e+00	0.00e+00	0.00e+00	0.00e+00	0.00e+00	0.00e+00	1.54e-26	9.93e-23	5.01e-19	6.43e-16	3.79e-13	9.95e-11	1.49e-08	1.10e-06	5.08e-05	1.91e-03	1.10e-01	4.11e-01	4.77e-01
 1.92504e+21	0.00e+00	0.00e+00	0.00e+00	0.00e+00	0.00e+00	0.00e+00	2.35e-26	1.44e-22	7.09e-19	8.85e-16	5.06e-13	1.29e-10	1.87e-08	1.33e-06	5.87e-05	2.11e-03	1.17e-01	4.17e-01	4.64e-01
 1.98899e+21	0.00e+00	0.00e+00	0.00e+00	0.00e+00	0.00e+00	0.00e+00	3.32e-26	1.96e-22	9.43e-19	1.15e-15	6.42e-13	1.59e-10	2.24e-08	1.55e-06	6.60e-05	2.29e-03	1.22e-01	4.22e-01	4.54e-01
 2.05532e+21	0.00e+00	0.00e+00	0.00e+00	0.00e+00	0.00e+00	0.00e+00	4.73e-26	2.67e-22	1.26e-18	1.50e-15	8.17e-13	1.97e-10	2.71e-08	1.81e-06	7.44e-05	2.49e-03	1.28e-01	4.26e-01	4.43e-01
 2.12806e+21	0.00e+00	0.00e+00	0.00e+00	0.00e+00	0.00e+00	6.11e-30	6.94e-26	3.75e-22	1.73e-18	2.01e-15	1.06e-12	2.48e-10	3.32e-08	2.15e-06	8.48e-05	2.73e-03	1.35e-01	4.31e-01	4.31e-01
 2.19390e+21	0.00e+00	0.00e+00	0.00e+00	0.00e+00	0.00e+00	8.98e-30	9.76e-26	5.06e-22	2.29e-18	2.60e-15	1.34e-12	3.06e-10	3.99e-08	2.51e-06	9.52e-05	2.96e-03	1.41e-01	4.35e-01	4.20e-01
 2.25471e+21	0.00e+00	0.00e+00	0.00e+00	0.00e+00	0.00e+00	1.28e-29	1.33e-25	6.65e-22	2.95e-18	3.29e-15	1.66e-12	3.70e-10	4.72e-08	2.88e-06	1.06e-04	3.18e-03	1.47e-01	4.39e-01	4.11e-01
 2.32425e+21	0.00e+00	0.00e+00	0.00e+00	0.00e+00	0.00e+00	1.89e-29	1.89e-25	9.05e-22	3.94e-18	4.29e-15	2.12e-12	4.59e-10	5.70e-08	3.37e-06	1.19e-04	3.45e-03	1.54e-01	4.43e-01	4.00e-01
 2.40188e+21	0.00e+00	0.00e+00	0.00e+00	0.00e+00	0.00e+00	2.92e-29	2.78e-25	1.27e-21	5.41e-18	5.76e-15	2.76e-12	5.81e-10	7.01e-08	4.01e-06	1.36e-04	3.78e-03	1.62e-01	4.47e-01	3.88e-01
 2.47411e+21	0.00e+00	0.00e+00	0.00e+00	0.00e+00	0.00e+00	4.36e-29	3.96e-25	1.73e-21	7.24e-18	7.53e-15	3.53e-12	7.22e-10	8.49e-08	4.70e-06	1.53e-04	4.10e-03	1.69e-01	4.50e-01	3.77e-01
 2.54134e+21	0.00e+00	0.00e+00	0.00e+00	0.00e+00	0.00e+00	6.28e-29	5.47e-25	2.30e-21	9.45e-18	9.64e-15	4.42e-12	8.82e-10	1.01e-07	5.43e-06	1.71e-04	4.42e-03	1.76e-01	4.53e-01	3.67e-01
 2.61799e+21	0.00e+00	0.00e+00	0.00e+00	0.00e+00	0.00e+00	9.46e-29	7.86e-25	3.15e-21	1.27e-17	1.27e-14	5.68e-12	1.10e-09	1.23e-07	6.39e-06	1.93e-04	4.81e-03	1.84e-01	4.56e-01	3.55e-01
 2.70109e+21	0.00e+00	0.00e+00	0.00e+00	0.00e+00	0.00e+00	1.47e-28	1.16e-24	4.43e-21	1.75e-17	1.71e-14	7.43e-12	1.40e-09	1.52e-07	7.61e-06	2.20e-04	5.25e-03	1.93e-01	4.59e-01	3.43e-01
 2.77537e+21	0.00e+00	0.00e+00	0.00e+00	0.00e+00	0.00e+00	2.15e-28	1.63e-24	5.96e-21	2.32e-17	2.22e-14	9.42e-12	1.73e-09	1.83e-07	8.87e-06	2.47e-04	5.68e-03	2.01e-01	4.61e-01	3.33e-01
 2.84283e+21	0.00e+00	0.00e+00	0.00e+00	0.00e+00	0.00e+00	3.04e-28	2.21e-24	7.78e-21	2.99e-17	2.80e-14	1.16e-11	2.09e-09	2.15e-07	1.02e-05	2.74e-04	6.08e-03	2.08e-01	4.62e-01	3.23e-01
 2.91865e+21	0.00e+00	0.00e+00	0.00e+00	0.00e+00	0.00e+00	4.45e-28	3.09e-24	1.04e-20	3.95e-17	3.63e-14	1.47e-11	2.57e-09	2.58e-07	1.18e-05	3.06e-04	6.56e-03	2.16e-01	4.64e-01	3.13e-01
 3.00375e+21	0.00e+00	0.00e+00	0.00e+00	0.00e+00	0.00e+00	6.77e-28	4.47e-24	1.44e-20	5.36e-17	4.82e-14	1.91e-11	3.24e-09	3.16e-07	1.40e-05	3.47e-04	7.12e-03	2.26e-01	4.65e-01	3.02e-01
 3.08370e+21	0.00e+00	0.00e+00	0.00e+00	0.00e+00	0.00e+00	9.98e-28	6.31e-24	1.95e-20	7.13e-17	6.28e-14	2.43e-11	4.01e-09	3.81e-07	1.63e-05	3.89e-04	7.69e-03	2.34e-01	4.66e-01	2.92e-01
 3.15856e+21	0.00e+00	0.00e+00	0.00e+00	0.00e+00	0.00e+00	1.43e-27	8.64e-24	2.56e-20	9.25e-17	8.01e-14	3.03e-11	4.88e-09	4.52e-07	1.88e-05	4.32e-04	8.24e-03	2.43e-01	4.66e-01	2.82e-01
 3.24405e+21	0.00e+00	0.00e+00	0.00e+00	0.00e+00	0.00e+00	2.13e-27	1.23e-23	3.49e-20	1.24e-16	1.05e-13	3.88e-11	6.07e-09	5.48e-07	2.20e-05	4.86e-04	8.90e-03	2.52e-01	4.66e-01	2.72e-01
 3.33587e+21	0.00e+00	0.00e+00	0.00e+00	0.00e+00	0.00e+00	3.25e-27	1.79e-23	4.83e-20	1.69e-16	1.40e-13	5.05e-11	7.66e-09	6.71e-07	2.59e-05	5.50e-04	9.65e-03	2.62e-01	4.66e-01	2.61e-01
 3.41660e+21	0.00e+00	0.00e+00	0.00e+00	0.00e+00	0.00e+00	4.68e-27	2.47e-23	6.40e-20	2.21e-16	1.80e-13	6.33e-11	9.36e-09	7.99e-07	2.99e-05	6.11e-04	1.03e-02	2.71e-01	4.66e-01	2.52e-01
 3.50222e+21	0.00e+00	0.00e+00	0.00e+00	0.00e+00	0.00e+00	6.84e-27	3.45e-23	8.57e-20	2.92e-16	2.33e-13	8.01e-11	1.15e-08	9.57e-07	3.47e-05	6.82e-04	1.11e-02	2.81e-01	4.65e-01	2.43e-01
 3.59845e+21	0.00e+00	0.00e+00	0.00e+00	0.00e+00	0.00e+00	1.04e-26	4.99e-23	1.18e-19	3.97e-16	3.10e-13	1.04e-10	1.45e-08	1.17e-06	4.09e-05	7.69e-04	1.20e-02	2.91e-01	4.63e-01	2.33e-01
 3.68921e+21	0.00e+00	0.00e+00	0.00e+00	0.00e+00	0.00e+00	1.53e-26	7.03e-23	1.60e-19	5.28e-16	4.04e-13	1.32e-10	1.79e-08	1.41e-06	4.75e-05	8.59e-04	1.29e-02	3.01e-01	4.61e-01	2.23e-01
 3.77469e+21	0.00e+00	0.00e+00	0.00e+00	0.00e+00	0.00e+00	2.19e-26	9.65e-23	2.11e-19	6.86e-16	5.17e-13	1.65e-10	2.18e-08	1.67e-06	5.45e-05	9.51e-04	1.37e-02	3.11e-01	4.60e-01	2.15e-01
 3.87257e+21	0.00e+00	0.00e+00	0.00e+00	0.00e+00	0.00e+00	3.28e-26	1.38e-22	2.87e-19	9.22e-16	6.80e-13	2.12e-10	2.72e-08	2.01e-06	6.37e-05	1.07e-03	1.48e-02	3.21e-01	4.57e-01	2.06e-01
 3.98205e+21	0.00e+00	0.00e+00	0.00e+00	0.00e+00	6.10e-30	5.09e-26	2.03e-22	4.03e-19	1.28e-15	9.20e-13	2.79e-10	3.46e-08	2.48e-06	7.54e-05	1.21e-03	1.60e-02	3.33e-01	4.54e-01	1.96e-01
 4.07972e+21	0.00e+00	0.00e+00	0.00e+00	0.00e+00	9.39e-30	7.49e-26	2.86e-22	5.43e-19	1.70e-15	1.20e-12	3.54e-10	4.27e-08	2.97e-06	8.73e-05	1.34e-03	1.71e-02	3.43e-01	4.51e-01	1.88e-01
 4.16430e+21	0.00e+00	0.00e+00	0.00e+00	0.00e+00	1.35e-29	1.04e-25	3.82e-22	7.00e-19	2.16e-15	1.50e-12	4.34e-10	5.10e-08	3.47e-06	9.89e-05	1.47e-03	1.81e-02	3.51e-01	4.48e-01	1.81e-01
 4.25873e+21	0.00e+00	0.00e+00	0.00e+00	0.00e+00	2.00e-29	1.48e-25	5.22e-22	9.20e-19	2.80e-15	1.91e-12	5.39e-10	6.17e-08	4.08e-06	1.13e-04	1.62e-03	1.92e-02	3.61e-01	4.45e-01	1.74e-01
 4.38150e+21	0.00e+00	0.00e+00	0.00e+00	0.00e+00	3.36e-29	2.35e-25	7.86e-22	1.31e-18	3.94e-15	2.62e-12	7.20e-10	7.95e-08	5.08e-06	1.34e-04	1.84e-03	2.08e-02	3.73e-01	4.40e-01	1.64e-01
 4.50588e+21	0.00e+00	0.00e+00	0.00e+00	0.00e+00	5.57e-29	3.70e-25	1.18e-21	1.87e-18	5.51e-15	3.58e-12	9.54e-10	1.02e-07	6.27e-06	1.59e-04	2.08e-03	2.25e-02	3.85e-01	4.35e-01	1.56e-01
 4.60679e+21	0.00e+00	0.00e+00	0.00e+00	0.00e+00	8.33e-29	5.31e-25	1.62e-21	2.47e-18	7.20e-15	4.59e-12	1.19e-09	1.24e-07	7.41e-06	1.82e-04	2.29e-03	2.38e-02	3.95e-01	4.30e-01	1.49e-01
 4.71242e+21	0.00e+00	0.00e+00	0.00e+00	0.00e+00	1.26e-28	7.69e-25	2.25e-21	3.29e-18	9.46e-15	5.91e-12	1.50e-09	1.51e-07	8.79e-06	2.09e-04	2.53e-03	2.53e-02	4.05e-01	4.25e-01	1.42e-01
 4.84973e+21	0.00e+00	0.00e+00	0.00e+00	0.00e+00	2.12e-28	1.23e-24	3.41e-21	4.73e-18	1.34e-14	8.15e-12	2.00e-09	1.94e-07	1.09e-05	2.48e-04	2.87e-03	2.73e-02	4.17e-01	4.19e-01	1.34e-01
 4.99073e+21	0.00e+00	0.00e+00	0.00e+00	0.00e+00	3.59e-28	1.98e-24	5.19e-21	6.83e-18	1.90e-14	1.13e-11	2.69e-09	2.51e-07	1.36e-05	2.95e-04	3.25e-03	2.95e-02	4.29e-01	4.12e-01	1.26e-01
 5.10117e+21	0.00e+00	0.00e+00	0.00e+00	0.00e+00	5.39e-28	2.84e-24	7.16e-21	9.06e-18	2.49e-14	1.45e-11	3.36e-09	3.05e-07	1.60e-05	3.37e-04	3.57e-03	3.12e-02	4.39e-01	4.06e-01	1.20e-01
 5.20939e+21	0.00e+00	0.00e+00	0.00e+00	0.00e+00	7.93e-28	4.03e-24	9.75e-21	1.19e-17	3.22e-14	1.84e-11	4.17e-09	3.68e-07	1.88e-05	3.82e-04	3.91e-03	3.29e-02	4.48e-01	4.01e-01	1.14e-01
 5.35007e+21	0.00e+00	0.00e+00	0.00e+00	0.00e+00	1.30e-27	6.28e-24	1.44e-20	1.67e-17	4.47e-14	2.49e-11	5.48e-09	4.66e-07	2.29e-05	4.48e-04	4.38e-03	3.52e-02	4.59e-01	3.94e-01	1.08e-01
 5.49607e+21	0.00e+00	0.00e+00	0.00e+00	0.00e+00	2.15e-27	9.89e-24	2.16e-20	2.38e-17	6.26e-14	3.40e-11	7.24e-09	5.93e-07	2.81e-05	5.27e-04	4.91e-03	3.77e-02	4.70e-01	3.86e-01	1.01e-01
 5.61793e+21	0.00e+00	0.00e+00	0.00e+00	0.00e+00	3.25e-27	1.43e-23	3.00e-20	3.17e-17	8.23e-14	4.38e-11	9.09e-09	7.22e-07	3.32e-05	6.01e-04	5.40e-03	3.98e-02	4.79e-01	3.79e-01	9.57e-02
 5.74531e+21	0.00e+00	0.00e+00	0.00e+00	0.00e+00	4.92e-27	2.08e-23	4.18e-20	4.24e-17	1.09e-13	5.65e-11	1.14e-08	8.79e-07	3.92e-05	6.85e-04	5.92e-03	4.21e-02	4.88e-01	3.73e-01	9.08e-02
 5.91090e+21	0.00e+00	0.00e+00	0.00e+00	0.00e+00	8.45e-27	3.38e-23	6.43e-20	6.18e-17	1.56e-13	7.89e-11	1.54e-08	1.14e-06	4.88e-05	8.14e-04	6.69e-03	4.52e-02	4.99e-01	3.64e-01	8.45e-02
 6.07814e+21	0.00e+00	0.00e+00	0.00e+00	0.00e+00	1.44e-26	5.46e-23	9.83e-20	8.96e-17	2.22e-13	1.09e-10	2.07e-08	1.47e-06	6.04e-05	9.63e-04	7.53e-03	4.83e-02	5.10e-01	3.55e-01	7.86e-02
 6.21232e+21	0.00e+00	0.00e+00	0.00e+00	0.00e+00	2.19e-26	7.96e-23	1.37e-19	1.20e-16	2.93e-13	1.42e-10	2.60e-08	1.79e-06	7.14e-05	1.10e-03	8.26e-03	5.09e-02	5.18e-01	3.47e-01	7.43e-02
 6.33190e+21	0.00e+00	0.00e+00	0.00e+00	0.00e+00	3.15e-26	1.11e-22	1.84e-19	1.55e-16	3.74e-13	1.77e-10	3.18e-08	2.13e-06	8.26e-05	1.23e-03	8.95e-03	5.33e-02	5.25e-01	3.41e-01	7.06e-02
 6.46771e+21	0.00e+00	0.00e+00	0.00e+00	4.78e-30	4.73e-26	1.59e-22	2.54e-19	2.05e-16	4.91e-13	2.28e-10	3.98e-08	2.58e-06	9.70e-05	1.40e-03	9.77e-03	5.60e-02	5.32e-01	3.34e-01	6.67e-02
 6.64425e+21	0.00e+00	0.00e+00	0.00e+00	8.46e-30	7.95e-26	2.54e-22	3.84e-19	2.95e-16	6.94e-13	3.13e-10	5.28e-08	3.29e-06	1.19e-04	1.64e-03	1.09e-02	5.97e-02	5.42e-01	3.24e-01	6.19e-02
 6.82382e+21	0.00e+00	0.00e+00	0.00e+00	1.50e-29	1.34e-25	4.06e-22	5.82e-19	4.23e-16	9.81e-13	4.31e-10	7.02e-08	4.21e-06	1.46e-04	1.92e-03	1.22e-02	6.34e-02	5.50e-01	3.15e-01	5.74e-02
 6.96845e+21	0.00e+00	0.00e+00	0.00e+00	2.35e-29	2.01e-25	5.86e-22	8.06e-19	5.63e-16	1.29e-12	5.54e-10	8.79e-08	5.10e-06	1.72e-04	2.18e-03	1.33e-02	6.66e-02	5.57e-01	3.07e-01	5.41e-02
 7.11758e+21	0.00e+00	0.00e+00	0.00e+00	3.70e-29	3.04e-25	8.50e-22	1.12e-18	7.51e-16	1.70e-12	7.14e-10	1.10e-07	6.19e-06	2.02e-04	2.47e-03	1.45e-02	6.98e-02	5.63e-01	2.99e-01	5.08e-02
 7.31145e+21	0.00e+00	0.00e+00	0.00e+00	6.60e-29	5.15e-25	1.37e-21	1.71e-18	1.08e-15	2.41e-12	9.86e-10	1.47e-07	7.92e-06	2.48e-04	2.89e-03	1.62e-02	7.41e-02	5.70e-01	2.89e-01	4.69e-02
 7.51169e+21	0.00e+00	0.00e+00	0.00e+00	1.19e-28	8.81e-25	2.21e-21	2.61e-18	1.57e-15	3.45e-12	1.37e-09	1.97e-07	1.02e-05	3.05e-04	3.40e-03	1.81e-02	7.86e-02	5.77e-01	2.79e-01	4.32e-02
 7.67534e+21	0.00e+00	0.00e+00	0.00e+00	1.91e-28	1.35e-24	3.25e-21	3.68e-18	2.12e-15	4.59e-12	1.78e-09	2.49e-07	1.24e-05	3.60e-04	3.86e-03	1.98e-02	8.24e-02	5.82e-01	2.71e-01	4.03e-02
 7.84320e+21	0.00e+00	0.00e+00	0.00e+00	3.07e-28	2.08e-24	4.79e-21	5.18e-18	2.85e-15	6.12e-12	2.32e-09	3.15e-07	1.52e-05	4.25e-04	4.39e-03	2.16e-02	8.63e-02	5.87e-01	2.63e-01	3.76e-02
 8.02033e+21	0.00e+00	0.00e+00	0.00e+00	5.03e-28	3.26e-24	7.17e-21	7.41e-18	3.89e-15	8.25e-12	3.06e-09	4.02e-07	1.87e-05	5.05e-04	5.02e-03	2.36e-02	9.04e-02	5.91e-01	2.54e-01	3.50e-02
 8.17133e+21	0.00e+00	0.00e+00	0.00e+00	7.61e-28	4.76e-24	1.01e-20	9.99e-18	5.05e-15	1.06e-11	3.85e-09	4.93e-07	2.23e-05	5.84e-04	5.60e-03	2.55e-02	9.40e-02	5.94e-01	2.47e-01	3.29e-02
 8.32943e+21	0.00e+00	0.00e+00	0.00e+00	1.16e-27	7.00e-24	1.42e-20	1.36e-17	6.59e-15	1.37e-11	4.88e-09	6.09e-07	2.66e-05	6.77e-04	6.28e-03	2.75e-02	9.78e-02	5.97e-01	2.40e-01	3.08e-02
 8.53497e+21	0.00e+00	0.00e+00	0.00e+00	2.00e-27	1.15e-23	2.22e-20	2.01e-17	9.27e-15	1.90e-11	6.59e-09	7.96e-07	3.35e-05	8.17e-04	7.25e-03	3.03e-02	1.03e-01	6.00e-01	2.30e-01	2.83e-02
 8.74126e+21	0.00e+00	0.00e+00	0.00e+00	3.44e-27	1.87e-23	3.44e-20	2.96e-17	1.30e-14	2.63e-11	8.90e-09	1.04e-06	4.19e-05	9.85e-04	8.36e-03	3.34e-02	1.08e-01	6.03e-01	2.21e-01	2.60e-02
 8.90266e+21	0.00e+00	0.00e+00	0.00e+00	5.20e-27	2.73e-23	4.82e-20	3.99e-17	1.68e-14	3.38e-11	1.12e-08	1.27e-06	4.99e-05	1.14e-03	9.32e-03	3.59e-02	1.12e-01	6.04e-01	2.14e-01	2.43e-02
 9.03664e+21	0.00e+00	0.00e+00	0.00e+00	7.30e-27	3.71e-23	6.35e-20	5.08e-17	2.08e-14	4.14e-11	1.35e-08	1.50e-06	5.74e-05	1.28e-03	1.02e-02	3.81e-02	1.15e-01	6.04e-01	2.08e-01	2.30e-02
 9.18080e+21	0.00e+00	0.00e+00	0.00e+00	1.05e-26	5.15e-23	8.53e-20	6.59e-17	2.60e-14	5.15e-11	1.65e-08	1.80e-06	6.68e-05	1.44e-03	1.12e-02	4.05e-02	1.18e-01	6.05e-01	2.02e-01	2.17e-02
 9.36822e+21	0.00e+00	0.00e+00	0.00e+00	1.66e-26	7.81e-23	1.24e-19	9.15e-17	3.45e-14	6.79e-11	2.13e-08	2.25e-06	8.08e-05	1.69e-03	1.26e-02	4.38e-02	1.23e-01	6.04e-01	1.94e-01	2.01e-02
 9.55935e+21	0.00e+00	0.00e+00	0.00e+00	2.65e-26	1.19e-22	1.81e-19	1.28e-16	4.61e-14	8.99e-11	2.76e-08	2.83e-06	9.81e-05	1.98e-03	1.42e-02	4.74e-02	1.27e-01	6.04e-01	1.87e-01	1.86e-02
 9.71243e+21	0.00e+00	0.00e+00	5.33e-30	3.83e-26	1.67e-22	2.44e-19	1.66e-16	5.78e-14	1.12e-10	3.38e-08	3.38e-06	1.14e-04	2.24e-03	1.56e-02	5.04e-02	1.31e-01	6.02e-01	1.81e-01	1.74e-02
 9.86852e+21	0.00e+00	0.00e+00	7.97e-30	5.53e-26	2.33e-22	3.29e-19	2.16e-16	7.25e-14	1.40e-10	4.14e-08	4.05e-06	1.33e-04	2.54e-03	1.71e-02	5.36e-02	1.35e-01	6.01e-01	1.75e-01	1.63e-02
 1.00346e+22	0.00e+00	0.00e+00	1.22e-29	8.16e-26	3.31e-22	4.51e-19	2.85e-16	9.21e-14	1.76e-10	5.13e-08	4.90e-06	1.56e-04	2.90e-03	1.89e-02	5.71e-02	1.39e-01	5.99e-01	1.68e-01	1.52e-02
 1.01773e+22	0.00e+00	0.00e+00	1.76e-29	1.14e-25	4.48e-22	5.91e-19	3.61e-16	1.13e-13	2.15e-10	6.16e-08	5.76e-06	1.79e-04	3.24e-03	2.05e-02	6.03e-02	1.42e-01	5.96e-01	1.63e-01	1.43e-02
 1.03070e+22	0.00e+00	0.00e+00	2.42e-29	1.53e-25	5.85e-22	7.50e-19	4.45e-16	1.35e-13	2.56e-10	7.24e-08	6.64e-06	2.02e-04	3.57e-03	2.21e-02	6.32e-02	1.45e-01	5.94e-01	1.58e-01	1.36e-02
 1.04560e+22	0.00e+00	0.00e+00	3.51e-29	2.15e-25	7.95e-22	9.86e-19	5.66e-16	1.66e-13	3.14e-10	8.72e-08	7.83e-06	2.32e-04	4.00e-03	2.41e-02	6.67e-02	1.48e-01	5.91e-01	1.53e-01	1.28e-02
 1.06236e+22	0.00e+00	0.00e+00	5.29e-29	3.13e-25	1.12e-21	1.34e-18	7.39e-16	2.09e-13	3.92e-10	1.07e-07	9.39e-06	2.70e-04	4.53e-03	2.64e-02	7.08e-02	1.52e-01	5.87e-01	1.47e-01	1.19e-02
 1.07816e+22	0.00e+00	0.00e+00	7.78e-29	4.45e-25	1.54e-21	1.77e-18	9.47e-16	2.58e-13	4.83e-10	1.30e-07	1.11e-05	3.12e-04	5.09e-03	2.88e-02	7.48e-02	1.55e-01	5.83e-01	1.42e-01	1.11e-02
 1.09282e+22	0.00e+00	0.00e+00	1.11e-28	6.14e-25	2.06e-21	2.30e-18	1.19e-15	3.14e-13	5.85e-10	1.55e-07	1.30e-05	3.56e-04	5.66e-03	3.11e-02	7.86e-02	1.58e-01	5.78e-01	1.37e-01	1.04e-02
 1.10941e+22	0.00e+00	0.00e+00	1.62e-28	8.72e-25	2.82e-21	3.06e-18	1.52e-15	3.89e-13	7.20e-10	1.88e-07	1.54e-05	4.09e-04	6.35e-03	3.39e-02	8.28e-02	1.62e-01	5.73e-01	1.32e-01	9.73e-03
 1.12704e+22	0.00e+00	0.00e+00	2.49e-28	1.29e-24	4.01e-21	4.18e-18	2.00e-15	4.90e-13	9.05e-10	2.32e-07	1.86e-05	4.80e-04	7.22e-03	3.72e-02	8.79e-02	1.65e-01	5.67e-01	1.26e-01	8.99e-03
 1.14173e+22	0.00e+00	0.00e+00	3.51e-28	1.76e-24	5.33e-21	5.38e-18	2.49e-15	5.91e-13	1.09e-09	2.75e-07	2.16e-05	5.44e-04	7.99e-03	4.01e-02	9.20e-02	1.68e-01	5.62e-01	1.21e-01	8.43e-03
 1.15654e+22	0.00e+00	0.00e+00	4.94e-28	2.41e-24	7.07e-21	6.92e-18	3.10e-15	7.12e-13	1.31e-09	3.26e-07	2.50e-05	6.17e-04	8.84e-03	4.32e-02	9.63e-02	1.71e-01	5.56e-01	1.17e-01	7.90e-03
 1.17580e+22	0.00e+00	0.00e+00	7.67e-28	3.60e-24	1.02e-20	9.54e-18	4.10e-15	9.03e-13	1.65e-09	4.05e-07	3.03e-05	7.23e-04	1.01e-02	4.74e-02	1.02e-01	1.74e-01	5.48e-01	1.11e-01	7.25e-03
 1.19522e+22	0.00e+00	0.00e+00	1.19e-27	5.39e-24	1.46e-20	1.32e-17	5.44e-15	1.15e-12	2.09e-09	5.03e-07	3.67e-05	8.49e-04	1.14e-02	5.21e-02	1.08e-01	1.77e-01	5.39e-01	1.05e-01	6.64e-03
 1.21043e+22	0.00e+00	0.00e+00	1.68e-27	7.37e-24	1.94e-20	1.69e-17	6.76e-15	1.38e-12	2.51e-09	5.95e-07	4.25e-05	9.61e-04	1.26e-02	5.60e-02	1.13e-01	1.79e-01	5.31e-01	1.01e-01	6.19e-03
 1.22580e+22	0.00e+00	0.00e+00	2.37e-27	1.01e-23	2.57e-20	2.17e-17	8.39e-15	1.66e-12	3.00e-09	7.03e-07	4.93e-05	1.09e-03	1.39e-02	6.01e-02	1.17e-01	1.82e-01	5.23e-01	9.67e-02	5.77e-03
 1.24579e+22	0.00e+00	0.00e+00	3.67e-27	1.50e-23	3.68e-20	2.99e-17	1.11e-14	2.09e-12	3.78e-09	8.70e-07	5.94e-05	1.27e-03	1.58e-02	6.57e-02	1.24e-01	1.84e-01	5.13e-01	9.14e-02	5.26e-03
 1.26622e+22	0.00e+00	0.00e+00	5.76e-27	2.26e-23	5.32e-20	4.14e-17	1.47e-14	2.65e-12	4.78e-09	1.08e-06	7.19e-05	1.49e-03	1.79e-02	7.19e-02	1.30e-01	1.86e-01	5.01e-01	8.60e-02	4.77e-03
 1.28202e+22	0.00e+00	0.00e+00	8.12e-27	3.09e-23	7.05e-20	5.32e-17	1.82e-14	3.18e-12	5.72e-09	1.28e-06	8.31e-05	1.68e-03	1.97e-02	7.70e-02	1.35e-01	1.88e-01	4.92e-01	8.20e-02	4.43e-03
 1.29533e+22	0.00e+00	0.00e+00	1.08e-26	4.02e-23	8.92e-20	6.55e-17	2.18e-14	3.70e-12	6.63e-09	1.46e-06	9.37e-05	1.85e-03	2.13e-02	8.14e-02	1.40e-01	1.89e-01	4.84e-01	7.88e-02	4.15e-03
 1.31061e+22	0.00e+00	0.00e+00	1.50e-26	5.40e-23	1.16e-19	8.29e-17	2.67e-14	4.39e-12	7.84e-09	1.71e-06	1.07e-04	2.07e-03	2.33e-02	8.67e-02	1.45e-01	1.90e-01	4.74e-01	7.51e-02	3.85e-03
 1.33048e+22	0.00e+00	0.00e+00	2.28e-26	7.90e-23	1.64e-19	1.12e-16	3.46e-14	5.46e-12	9.71e-09	2.08e-06	1.28e-04	2.40e-03	2.61e-02	9.39e-02	1.51e-01	1.91e-01	4.61e-01	7.05e-02	3.49e-03
 1.35058e+22	0.00e+00	0.00e+00	3.48e-26	1.16e-22	2.32e-19	1.52e-16	4.51e-14	6.81e-12	1.20e-08	2.54e-06	1.52e-04	2.77e-03	2.93e-02	1.02e-01	1.57e-01	1.92e-01	4.48e-01	6.60e-02	3.15e-03
 1.36642e+22	0.00e+00	0.00e+00	4.89e-26	1.58e-22	3.06e-19	1.94e-16	5.55e-14	8.10e-12	1.43e-08	2.98e-06	1.75e-04	3.10e-03	3.20e-02	1.08e-01	1.63e-01	1.92e-01	4.36e-01	6.25e-02	2.90e-03
 1.38245e+22	0.00e+00	0.00e+00	6.79e-26	2.13e-22	4.00e-19	2.46e-16	6.81e-14	9.59e-12	1.68e-08	3.47e-06	2.00e-04	3.46e-03	3.49e-02	1.15e-01	1.68e-01	1.92e-01	4.25e-01	5.92e-02	2.67e-03
 1.40327e+22	0.00e+00	0.00e+00	1.03e-25	3.12e-22	5.63e-19	3.33e-16	8.82e-14	1.19e-11	2.07e-08	4.21e-06	2.36e-04	3.97e-03	3.88e-02	1.23e-01	1.74e-01	1.92e-01	4.10e-01	5.51e-02	2.40e-03
 1.42458e+22	0.00e+00	0.00e+00	1.59e-25	4.63e-22	8.02e-19	4.55e-16	1.15e-13	1.49e-11	2.57e-08	5.13e-06	2.80e-04	4.58e-03	4.33e-02	1.33e-01	1.80e-01	1.91e-01	3.95e-01	5.10e-02	2.14e-03
 1.44151e+22	0.00e+00	0.00e+00	2.27e-25	6.38e-22	1.07e-18	5.86e-16	1.43e-13	1.78e-11	3.04e-08	6.01e-06	3.22e-04	5.13e-03	4.73e-02	1.41e-01	1.85e-01	1.90e-01	3.81e-01	4.78e-02	1.94e-03
 1.45621e+22	0.00e+00	0.00e+00	3.01e-25	8.27e-22	1.35e-18	7.19e-16	1.70e-13	2.06e-11	3.50e-08	6.83e-06	3.60e-04	5.61e-03	5.06e-02	1.47e-01	1.89e-01	1.89e-01	3.71e-01	4.53e-02	1.80e-03
 1.47299e+22	0.00e+00	0.00e+00	4.19e-25	1.12e-21	1.77e-18	9.12e-16	2.09e-13	2.43e-11	4.10e-08	7.92e-06	4.09e-04	6.23e-03	5.48e-02	1.55e-01	1.93e-01	1.88e-01	3.58e-01	4.25e-02	1.64e-03
 1.49481e+22	0.00e+00	0.00e+00	6.41e-25	1.64e-21	2.50e-18	1.24e-15	2.71e-13	3.02e-11	5.02e-08	9.54e-06	4.80e-04	7.10e-03	6.06e-02	1.66e-01	1.98e-01	1.86e-01	3.42e-01	3.90e-02	1.45e-03
 1.51728e+22	0.00e+00	0.00e+00	9.93e-25	2.45e-21	3.57e-18	1.69e-15	3.54e-13	3.76e-11	6.16e-08	1.15e-05	5.66e-04	8.12e-03	6.70e-02	1.77e-01	2.04e-01	1.83e-01	3.24e-01	3.56e-02	1.27e-03
 1.53556e+22	0.00e+00	0.00e+00	1.41e-24	3.37e-21	4.76e-18	2.18e-15	4.39e-13	4.50e-11	7.26e-08	1.34e-05	6.45e-04	9.02e-03	7.26e-02	1.86e-01	2.07e-01	1.80e-01	3.11e-01	3.30e-02	1.14e-03
 1.55429e+22	0.00e+00	0.00e+00	2.01e-24	4.64e-21	6.34e-18	2.81e-15	5.44e-13	5.37e-11	8.54e-08	1.56e-05	7.34e-04	1.00e-02	7.84e-02	1.95e-01	2.11e-01	1.77e-01	2.97e-01	3.05e-02	1.02e-03
 1.57863e+22	0.00e+00	0.00e+00	3.15e-24	6.99e-21	9.15e-18	3.88e-15	7.17e-13	6.73e-11	1.05e-07	1.89e-05	8.63e-04	1.14e-02	8.63e-02	2.06e-01	2.14e-01	1.73e-01	2.79e-01	2.76e-02	8.86e-04
 1.60344e+22	0.00e+00	0.00e+00	4.99e-24	1.06e-20	1.33e-17	5.40e-15	9.49e-13	8.49e-11	1.29e-07	2.28e-05	1.02e-03	1.30e-02	9.49e-02	2.18e-01	2.18e-01	1.68e-01	2.61e-01	2.47e-02	7.62e-04
 1.62333e+22	0.00e+00	0.00e+00	7.16e-24	1.47e-20	1.79e-17	7.00e-15	1.18e-12	1.02e-10	1.52e-07	2.65e-05	1.15e-03	1.43e-02	1.02e-01	2.28e-01	2.20e-01	1.64e-01	2.47e-01	2.26e-02	6.74e-04
 1.64045e+22	0.00e+00	0.00e+00	9.71e-24	1.95e-20	2.30e-17	8.72e-15	1.43e-12	1.19e-10	1.74e-07	2.99e-05	1.28e-03	1.56e-02	1.08e-01	2.36e-01	2.21e-01	1.61e-01	2.36e-01	2.09e-02	6.07e-04
 1.65948e+22	0.00e+00	5.62e-30	1.35e-23	2.63e-20	3.01e-17	1.11e-14	1.75e-12	1.40e-10	2.01e-07	3.42e-05	1.43e-03	1.70e-02	1.15e-01	2.44e-01	2.22e-01	1.57e-01	2.23e-01	1.92e-02	5.40e-04
 1.68422e+22	0.00e+00	8.77e-30	2.06e-23	3.86e-20	4.25e-17	1.50e-14	2.27e-12	1.74e-10	2.41e-07	4.04e-05	1.65e-03	1.90e-02	1.25e-01	2.55e-01	2.23e-01	1.51e-01	2.08e-01	1.72e-02	4.64e-04
 1.70919e+22	0.00e+00	1.37e-29	3.14e-23	5.67e-20	6.01e-17	2.04e-14	2.94e-12	2.15e-10	2.90e-07	4.77e-05	1.89e-03	2.12e-02	1.35e-01	2.65e-01	2.23e-01	1.46e-01	1.93e-01	1.53e-02	3.97e-04
 1.72884e+22	0.00e+00	1.94e-29	4.34e-23	7.63e-20	7.86e-17	2.58e-14	3.60e-12	2.54e-10	3.34e-07	5.41e-05	2.10e-03	2.30e-02	1.42e-01	2.73e-01	2.23e-01	1.41e-01	1.82e-01	1.40e-02	3.51e-04
 1.74873e+22	0.00e+00	2.71e-29	5.96e-23	1.02e-19	1.02e-16	3.25e-14	4.38e-12	2.99e-10	3.82e-07	6.11e-05	2.33e-03	2.49e-02	1.50e-01	2.80e-01	2.22e-01	1.36e-01	1.71e-01	1.27e-02	3.10e-04
 1.77459e+22	0.00e+00	4.15e-29	8.91e-23	1.47e-19	1.42e-16	4.35e-14	5.62e-12	3.67e-10	4.54e-07	7.13e-05	2.64e-03	2.74e-02	1.61e-01	2.89e-01	2.21e-01	1.31e-01	1.58e-01	1.13e-02	2.65e-04
 1.80161e+22	0.00e+00	6.46e-29	1.35e-22	2.15e-19	2.00e-16	5.90e-14	7.28e-12	4.54e-10	5.42e-07	8.34e-05	3.01e-03	3.03e-02	1.71e-01	2.97e-01	2.18e-01	1.24e-01	1.45e-01	9.97e-03	2.24e-04
 1.82421e+22	0.00e+00	9.25e-29	1.89e-22	2.93e-19	2.65e-16	7.55e-14	9.00e-12	5.41e-10	6.25e-07	9.46e-05	3.33e-03	3.28e-02	1.80e-01	3.04e-01	2.16e-01	1.19e-01	1.35e-01	8.97e-03	1.95e-04
 1.84768e+22	0.00e+00	1.32e-28	2.65e-22	3.99e-19	3.50e-16	9.67e-14	1.11e-11	6.44e-10	7.21e-07	1.07e-04	3.69e-03	3.54e-02	1.90e-01	3.10e-01	2.14e-01	1.14e-01	1.26e-01	8.06e-03	1.69e-04
 1.87820e+22	0.00e+00	2.08e-28	4.05e-22	5.88e-19	4.97e-16	1.32e-13	1.45e-11	8.03e-10	8.64e-07	1.25e-04	4.19e-03	3.89e-02	2.01e-01	3.17e-01	2.10e-01	1.08e-01	1.14e-01	7.02e-03	1.41e-04
 1.90949e+22	0.00e+00	3.29e-28	6.22e-22	8.72e-19	7.11e-16	1.81e-13	1.90e-11	1.01e-09	1.04e-06	1.47e-04	4.75e-03	4.27e-02	2.14e-01	3.23e-01	2.05e-01	1.01e-01	1.03e-01	6.07e-03	1.17e-04
 1.93488e+22	0.00e+00	4.74e-28	8.77e-22	1.20e-18	9.46e-16	2.34e-13	2.37e-11	1.20e-09	1.20e-06	1.66e-04	5.25e-03	4.60e-02	2.23e-01	3.27e-01	2.01e-01	9.62e-02	9.52e-02	5.40e-03	1.00e-04
 1.96094e+22	0.00e+00	6.71e-28	1.21e-21	1.61e-18	1.24e-15	2.97e-13	2.91e-11	1.43e-09	1.38e-06	1.87e-04	5.77e-03	4.93e-02	2.33e-01	3.31e-01	1.97e-01	9.15e-02	8.79e-02	4.82e-03	8.66e-05
 1.99033e+22	0.00e+00	9.93e-28	1.75e-21	2.26e-18	1.68e-15	3.91e-13	3.68e-11	1.74e-09	1.61e-06	2.14e-04	6.40e-03	5.31e-02	2.43e-01	3.34e-01	1.92e-01	8.62e-02	8.02e-02	4.23e-03	7.31e-05
 2.01703e+22	0.00e+00	1.41e-27	2.43e-21	3.05e-18	2.21e-15	4.98e-13	4.53e-11	2.06e-09	1.85e-06	2.40e-04	7.01e-03	5.68e-02	2.53e-01	3.37e-01	1.87e-01	8.16e-02	7.37e-02	3.75e-03	6.28e-05
 2.04040e+22	0.00e+00	1.89e-27	3.20e-21	3.93e-18	2.79e-15	6.12e-13	5.40e-11	2.39e-09	2.08e-06	2.65e-04	7.57e-03	6.00e-02	2.61e-01	3.38e-01	1.83e-01	7.78e-02	6.85e-02	3.39e-03	5.50e-05
 2.06643e+22	0.00e+00	2.60e-27	4.30e-21	5.16e-18	3.57e-15	7.64e-13	6.54e-11	2.80e-09	2.36e-06	2.94e-04	8.21e-03	6.36e-02	2.69e-01	3.40e-01	1.79e-01	7.38e-02	6.33e-02	3.03e-03	4.77e-05
 2.10026e+22	0.00e+00	3.89e-27	6.26e-21	7.30e-18	4.90e-15	1.01e-12	8.32e-11	3.43e-09	2.77e-06	3.36e-04	9.10e-03	6.83e-02	2.80e-01	3.41e-01	1.73e-01	6.88e-02	5.71e-02	2.62e-03	3.97e-05
 2.13491e+22	0.00e+00	5.85e-27	9.14e-21	1.04e-17	6.74e-15	1.34e-12	1.06e-10	4.21e-09	3.25e-06	3.84e-04	1.01e-02	7.34e-02	2.91e-01	3.41e-01	1.66e-01	6.40e-02	5.13e-02	2.26e-03	3.28e-05
 2.16292e+22	0.00e+00	8.05e-27	1.23e-20	1.36e-17	8.65e-15	1.68e-12	1.29e-10	4.94e-09	3.70e-06	4.27e-04	1.09e-02	7.76e-02	3.00e-01	3.41e-01	1.61e-01	6.04e-02	4.71e-02	2.01e-03	2.82e-05
 2.19167e+22	0.00e+00	1.10e-26	1.65e-20	1.78e-17	1.11e-14	2.09e-12	1.56e-10	5.79e-09	4.19e-06	4.72e-04	1.18e-02	8.18e-02	3.08e-01	3.40e-01	1.56e-01	5.69e-02	4.32e-02	1.79e-03	2.43e-05
 2.22904e+22	0.00e+00	1.64e-26	2.38e-20	2.51e-17	1.51e-14	2.77e-12	1.98e-10	7.08e-09	4.91e-06	5.37e-04	1.30e-02	8.74e-02	3.18e-01	3.38e-01	1.50e-01	5.27e-02	3.87e-02	1.54e-03	2.01e-05
 2.26799e+22	0.00e+00	2.47e-26	3.48e-20	3.56e-17	2.08e-14	3.68e-12	2.54e-10	8.70e-09	5.79e-06	6.13e-04	1.43e-02	9.34e-02	3.28e-01	3.36e-01	1.43e-01	4.86e-02	3.45e-02	1.31e-03	1.64e-05
 2.29847e+22	0.00e+00	3.39e-26	4.67e-20	4.67e-17	2.67e-14	4.60e-12	3.07e-10	1.02e-08	6.57e-06	6.79e-04	1.55e-02	9.83e-02	3.36e-01	3.34e-01	1.38e-01	4.55e-02	3.15e-02	1.16e-03	1.40e-05
 2.32304e+22	0.00e+00	4.30e-26	5.82e-20	5.73e-17	3.22e-14	5.44e-12	3.55e-10	1.15e-08	7.23e-06	7.32e-04	1.64e-02	1.02e-01	3.42e-01	3.32e-01	1.34e-01	4.33e-02	2.94e-02	1.05e-03	1.25e-05
 2.35047e+22	0.00e+00	5.61e-26	7.43e-20	7.19e-17	3.95e-14	6.54e-12	4.16e-10	1.32e-08	8.04e-06	7.97e-04	1.74e-02	1.06e-01	3.48e-01	3.29e-01	1.29e-01	4.10e-02	2.72e-02	9.48e-04	1.09e-05
 2.38612e+22	0.00e+00	7.83e-26	1.01e-19	9.56e-17	5.14e-14	8.27e-12	5.10e-10	1.56e-08	9.19e-06	8.86e-04	1.88e-02	1.12e-01	3.55e-01	3.26e-01	1.24e-01	3.81e-02	2.46e-02	8.28e-04	9.20e-06
 2.42464e+22	0.00e+00	1.12e-25	1.41e-19	1.30e-16	6.79e-14	1.06e-11	6.33e-10	1.87e-08	1.06e-05	9.91e-04	2.04e-02	1.18e-01	3.63e-01	3.22e-01	1.18e-01	3.53e-02	2.21e-02	7.15e-04	7.66e-06
 2.45877e+22	0.00e+00	1.52e-25	1.87e-19	1.69e-16	8.64e-14	1.32e-11	7.63e-10	2.19e-08	1.20e-05	1.09e-03	2.19e-02	1.23e-01	3.69e-01	3.17e-01	1.13e-01	3.29e-02	2.00e-02	6.29e-04	6.53e-06
 2.49498e+22	0.00e+00	2.08e-25	2.50e-19	2.21e-16	1.10e-13	1.64e-11	9.23e-10	2.57e-08	1.36e-05	1.21e-03	2.35e-02	1.29e-01	3.76e-01	3.13e-01	1.08e-01	3.06e-02	1.82e-02	5.52e-04	5.54e-06
 2.54207e+22	0.00e+00	3.09e-25	3.59e-19	3.09e-16	1.50e-13	2.17e-11	1.17e-09	3.15e-08	1.60e-05	1.36e-03	2.57e-02	1.37e-01	3.83e-01	3.07e-01	1.02e-01	2.79e-02	1.60e-02	4.67e-04	4.49e-06
 2.58974e+22	0.00e+00	4.60e-25	5.18e-19	4.34e-16	2.05e-13	2.86e-11	1.49e-09	3.86e-08	1.87e-05	1.54e-03	2.81e-02	1.44e-01	3.90e-01	3.00e-01	9.58e-02	2.54e-02	1.41e-02	3.94e-04	3.63e-06
 2.62763e+22	0.00e+00	6.25e-25	6.86e-19	5.64e-16	2.61e-13	3.55e-11	1.80e-09	4.51e-08	2.12e-05	1.70e-03	3.00e-02	1.50e-01	3.95e-01	2.95e-01	9.12e-02	2.35e-02	1.28e-02	3.45e-04	3.08e-06
 2.66633e+22	0.00e+00	8.44e-25	9.03e-19	7.27e-16	3.29e-13	4.37e-11	2.15e-09	5.25e-08	2.39e-05	1.86e-03	3.20e-02	1.56e-01	4.00e-01	2.89e-01	8.69e-02	2.19e-02	1.16e-02	3.02e-04	2.61e-06
 2.71663e+22	0.00e+00	1.23e-24	1.28e-18	1.00e-15	4.42e-13	5.69e-11	2.71e-09	6.37e-08	2.78e-05	2.09e-03	3.47e-02	1.64e-01	4.05e-01	2.82e-01	8.15e-02	1.99e-02	1.02e-02	2.56e-04	2.12e-06
 2.76705e+22	0.00e+00	1.80e-24	1.81e-18	1.38e-15	5.93e-13	7.41e-11	3.40e-09	7.72e-08	3.23e-05	2.34e-03	3.76e-02	1.72e-01	4.10e-01	2.75e-01	7.63e-02	1.80e-02	8.96e-03	2.16e-04	1.72e-06
 2.80636e+22	0.00e+00	2.39e-24	2.34e-18	1.76e-15	7.40e-13	9.04e-11	4.03e-09	8.92e-08	3.62e-05	2.55e-03	3.99e-02	1.78e-01	4.13e-01	2.69e-01	7.26e-02	1.67e-02	8.13e-03	1.90e-04	1.47e-06
 2.84621e+22	0.00e+00	3.16e-24	3.02e-18	2.23e-15	9.18e-13	1.10e-10	4.77e-09	1.03e-07	4.04e-05	2.78e-03	4.23e-02	1.84e-01	4.16e-01	2.63e-01	6.90e-02	1.56e-02	7.38e-03	1.67e-04	1.26e-06
 2.89800e+22	0.00e+00	4.49e-24	4.17e-18	3.00e-15	1.21e-12	1.40e-10	5.89e-09	1.23e-07	4.65e-05	3.09e-03	4.55e-02	1.92e-01	4.19e-01	2.55e-01	6.47e-02	1.42e-02	6.53e-03	1.43e-04	1.03e-06
 2.95375e+22	0.00e+00	6.52e-24	5.86e-18	4.12e-15	1.61e-12	1.81e-10	7.37e-09	1.48e-07	5.39e-05	3.45e-03	4.90e-02	2.00e-01	4.21e-01	2.47e-01	6.02e-02	1.28e-02	5.72e-03	1.20e-04	8.33e-07
 3.00311e+22	0.00e+00	9.00e-24	7.87e-18	5.42e-15	2.07e-12	2.27e-10	8.93e-09	1.74e-07	6.12e-05	3.79e-03	5.23e-02	2.07e-01	4.23e-01	2.40e-01	5.66e-02	1.17e-02	5.10e-03	1.03e-04	6.92e-07
 3.05574e+22	0.00e+00	1.25e-23	1.06e-17	7.13e-15	2.66e-12	2.84e-10	1.08e-08	2.05e-07	6.96e-05	4.18e-03	5.58e-02	2.15e-01	4.24e-01	2.33e-01	5.31e-02	1.07e-02	4.54e-03	8.87e-05	5.75e-07
 3.12417e+22	0.00e+00	1.89e-23	1.55e-17	1.01e-14	3.67e-12	3.78e-10	1.39e-08	2.53e-07	8.19e-05	4.72e-03	6.05e-02	2.24e-01	4.25e-01	2.23e-01	4.87e-02	9.47e-03	3.89e-03	7.27e-05	4.50e-07
 3.19495e+22	0.00e+00	2.90e-23	2.29e-17	1.45e-14	5.09e-12	5.07e-10	1.79e-08	3.13e-07	9.68e-05	5.34e-03	6.57e-02	2.34e-01	4.25e-01	2.13e-01	4.46e-02	8.37e-03	3.33e-03	5.93e-05	3.51e-07
 3.25398e+22	0.00e+00	4.09e-23	3.12e-17	1.94e-14	6.63e-12	6.42e-10	2.19e-08	3.71e-07	1.11e-04	5.89e-03	7.00e-02	2.42e-01	4.25e-01	2.05e-01	4.14e-02	7.57e-03	2.93e-03	5.03e-05	2.86e-07
 3.30630e+22	0.00e+00	5.48e-23	4.08e-17	2.48e-14	8.30e-12	7.85e-10	2.61e-08	4.30e-07	1.24e-04	6.40e-03	7.40e-02	2.48e-01	4.24e-01	1.99e-01	3.89e-02	6.93e-03	2.62e-03	4.36e-05	2.40e-07
 3.36472e+22	0.00e+00	7.56e-23	5.46e-17	3.25e-14	1.06e-11	9.77e-10	3.15e-08	5.04e-07	1.40e-04	7.01e-03	7.85e-02	2.55e-01	4.23e-01	1.91e-01	3.62e-02	6.29e-03	2.32e-03	3.72e-05	1.98e-07
 3.44067e+22	7.54e-30	1.12e-22	7.82e-17	4.53e-14	1.43e-11	1.28e-09	3.97e-08	6.11e-07	1.63e-04	7.83e-03	8.43e-02	2.64e-01	4.20e-01	1.83e-01	3.32e-02	5.58e-03	2.00e-03	3.07e-05	1.57e-07
 3.52057e+22	1.19e-29	1.71e-22	1.15e-16	6.45e-14	1.98e-11	1.71e-09	5.09e-08	7.54e-07	1.92e-04	8.82e-03	9.09e-02	2.74e-01	4.17e-01	1.73e-01	3.01e-02	4.89e-03	1.69e-03	2.48e-05	0.00e+00
 3.58508e+22	1.71e-29	2.38e-22	1.54e-16	8.49e-14	2.55e-11	2.13e-09	6.17e-08	8.86e-07	2.18e-04	9.66e-03	9.63e-02	2.81e-01	4.14e-01	1.66e-01	2.78e-02	4.41e-03	1.49e-03	2.10e-05	0.00e+00
 3.63990e+22	2.30e-29	3.12e-22	1.97e-16	1.07e-13	3.13e-11	2.56e-09	7.23e-08	1.01e-06	2.41e-04	1.04e-02	1.01e-01	2.87e-01	4.11e-01	1.60e-01	2.61e-02	4.04e-03	1.33e-03	1.83e-05	0.00e+00
 3.70265e+22	3.19e-29	4.20e-22	2.59e-16	1.37e-13	3.93e-11	3.14e-09	8.61e-08	1.17e-06	2.70e-04	1.13e-02	1.06e-01	2.93e-01	4.07e-01	1.53e-01	2.42e-02	3.67e-03	1.18e-03	1.57e-05	0.00e+00
 3.78422e+22	4.80e-29	6.11e-22	3.63e-16	1.87e-13	5.22e-11	4.04e-09	1.07e-07	1.40e-06	3.11e-04	1.25e-02	1.13e-01	3.01e-01	4.02e-01	1.45e-01	2.21e-02	3.25e-03	1.02e-03	1.30e-05	0.00e+00
 3.87084e+22	7.43e-29	9.10e-22	5.21e-16	2.61e-13	7.08e-11	5.30e-09	1.35e-07	1.71e-06	3.62e-04	1.39e-02	1.21e-01	3.09e-01	3.96e-01	1.37e-01	1.99e-02	2.84e-03	8.62e-04	1.05e-05	0.00e+00
 3.94434e+22	1.06e-28	1.26e-21	7.01e-16	3.43e-13	9.08e-11	6.61e-09	1.63e-07	2.00e-06	4.09e-04	1.52e-02	1.27e-01	3.15e-01	3.90e-01	1.30e-01	1.83e-02	2.54e-03	7.52e-04	8.82e-06	0.00e+00
 4.02020e+22	1.52e-28	1.74e-21	9.38e-16	4.49e-13	1.16e-10	8.23e-09	1.97e-07	2.34e-06	4.62e-04	1.65e-02	1.34e-01	3.22e-01	3.84e-01	1.24e-01	1.68e-02	2.28e-03	6.56e-04	7.42e-06	0.00e+00
 4.11883e+22	2.36e-28	2.61e-21	1.35e-15	6.28e-13	1.57e-10	1.08e-08	2.48e-07	2.84e-06	5.36e-04	1.84e-02	1.43e-01	3.29e-01	3.76e-01	1.16e-01	1.51e-02	1.98e-03	5.54e-04	5.98e-06	0.00e+00
 4.22106e+22	3.74e-28	3.97e-21	1.97e-15	8.93e-13	2.17e-10	1.43e-08	3.17e-07	3.49e-06	6.27e-04	2.05e-02	1.52e-01	3.36e-01	3.67e-01	1.08e-01	1.34e-02	1.70e-03	4.60e-04	4.73e-06	0.00e+00
 4.30446e+22	5.37e-28	5.52e-21	2.65e-15	1.18e-12	2.79e-10	1.79e-08	3.83e-07	4.09e-06	7.09e-04	2.23e-02	1.60e-01	3.41e-01	3.60e-01	1.02e-01	1.22e-02	1.51e-03	3.97e-04	3.93e-06	0.00e+00
 4.38934e+22	7.63e-28	7.60e-21	3.54e-15	1.53e-12	3.55e-10	2.22e-08	4.61e-07	4.77e-06	7.98e-04	2.42e-02	1.68e-01	3.46e-01	3.52e-01	9.60e-02	1.11e-02	1.34e-03	3.44e-04	3.28e-06	0.00e+00
 4.49968e+22	1.18e-27	1.13e-20	5.06e-15	2.14e-12	4.80e-10	2.90e-08	5.79e-07	5.77e-06	9.22e-04	2.68e-02	1.77e-01	3.52e-01	3.43e-01	8.92e-02	9.90e-03	1.16e-03	2.88e-04	2.62e-06	0.00e+00
 4.60839e+22	1.84e-27	1.69e-20	7.25e-15	2.98e-12	6.52e-10	3.82e-08	7.32e-07	7.03e-06	1.07e-03	2.97e-02	1.88e-01	3.57e-01	3.32e-01	8.24e-02	8.74e-03	9.94e-04	2.39e-04	2.07e-06	0.00e+00
 4.68813e+22	2.50e-27	2.23e-20	9.31e-15	3.76e-12	8.06e-10	4.61e-08	8.60e-07	8.04e-06	1.19e-03	3.18e-02	1.95e-01	3.60e-01	3.25e-01	7.80e-02	8.02e-03	8.92e-04	2.09e-04	1.76e-06	0.00e+00
 4.76495e+22	3.31e-27	2.88e-20	1.17e-14	4.66e-12	9.80e-10	5.49e-08	9.99e-07	9.11e-06	1.30e-03	3.40e-02	2.02e-01	3.63e-01	3.18e-01	7.39e-02	7.39e-03	8.06e-04	1.85e-04	1.50e-06	0.00e+00
 4.86480e+22	4.75e-27	4.00e-20	1.57e-14	6.12e-12	1.26e-09	6.84e-08	1.20e-06	1.07e-05	1.47e-03	3.68e-02	2.11e-01	3.66e-01	3.08e-01	6.91e-02	6.66e-03	7.09e-04	1.58e-04	1.24e-06	0.00e+00
 4.97423e+22	6.98e-27	5.67e-20	2.15e-14	8.17e-12	1.63e-09	8.64e-08	1.47e-06	1.26e-05	1.66e-03	4.00e-02	2.21e-01	3.68e-01	2.98e-01	6.42e-02	5.94e-03	6.17e-04	1.34e-04	1.00e-06	0.00e+00
 5.07405e+22	9.85e-27	7.75e-20	2.84e-14	1.06e-11	2.08e-09	1.07e-07	1.77e-06	1.47e-05	1.87e-03	4.33e-02	2.30e-01	3.71e-01	2.89e-01	5.97e-02	5.33e-03	5.40e-04	1.14e-04	8.21e-07	0.00e+00
 5.16661e+22	1.34e-26	1.02e-19	3.65e-14	1.34e-11	2.57e-09	1.29e-07	2.08e-06	1.68e-05	2.07e-03	4.63e-02	2.38e-01	3.72e-01	2.81e-01	5.61e-02	4.85e-03	4.81e-04	9.93e-05	6.90e-07	0.00e+00
 5.27175e+22	1.87e-26	1.38e-19	4.78e-14	1.72e-11	3.24e-09	1.59e-07	2.48e-06	1.95e-05	2.31e-03	4.98e-02	2.47e-01	3.73e-01	2.71e-01	5.22e-02	4.35e-03	4.22e-04	8.48e-05	5.67e-07	0.00e+00
 5.40845e+22	2.83e-26	2.01e-19	6.67e-14	2.35e-11	4.32e-09	2.06e-07	3.08e-06	2.34e-05	2.65e-03	5.45e-02	2.58e-01	3.74e-01	2.60e-01	4.76e-02	3.81e-03	3.59e-04	6.98e-05	4.45e-07	0.00e+00
 5.55042e+22	4.37e-26	2.98e-19	9.47e-14	3.27e-11	5.85e-09	2.70e-07	3.89e-06	2.85e-05	3.07e-03	5.99e-02	2.70e-01	3.74e-01	2.47e-01	4.31e-02	3.28e-03	3.01e-04	5.64e-05	3.41e-07	0.00e+00
 5.66625e+22	6.16e-26	4.06e-19	1.25e-13	4.23e-11	7.43e-09	3.34e-07	4.68e-06	3.33e-05	3.44e-03	6.45e-02	2.79e-01	3.73e-01	2.37e-01	3.97e-02	2.91e-03	2.61e-04	4.75e-05	2.76e-07	0.00e+00
 5.78382e+22	8.50e-26	5.42e-19	1.61e-13	5.41e-11	9.33e-09	4.11e-07	5.58e-06	3.86e-05	3.84e-03	6.92e-02	2.88e-01	3.72e-01	2.27e-01	3.66e-02	2.59e-03	2.26e-04	4.01e-05	2.23e-07	0.00e+00
 5.93665e+22	1.27e-25	7.77e-19	2.22e-13	7.31e-11	1.23e-08	5.28e-07	6.90e-06	4.62e-05	4.38e-03	7.53e-02	2.99e-01	3.70e-01	2.16e-01	3.31e-02	2.24e-03	1.91e-04	3.26e-05	1.73e-07	0.00e+00
 6.09974e+22	1.95e-25	1.14e-18	3.12e-13	1.01e-10	1.67e-08	6.95e-07	8.74e-06	5.65e-05	5.08e-03	8.26e-02	3.11e-01	3.67e-01	2.03e-01	2.95e-02	1.89e-03	1.57e-04	2.58e-05	1.30e-07	0.00e+00
 6.23782e+22	2.77e-25	1.57e-18	4.12e-13	1.32e-10	2.14e-08	8.70e-07	1.06e-05	6.66e-05	5.73e-03	8.90e-02	3.21e-01	3.63e-01	1.92e-01	2.67e-02	1.65e-03	1.33e-04	2.12e-05	0.00e+00	0.00e+00
 6.37897e+22	3.84e-25	2.10e-18	5.34e-13	1.69e-10	2.70e-08	1.07e-06	1.27e-05	7.77e-05	6.40e-03	9.53e-02	3.30e-01	3.60e-01	1.82e-01	2.43e-02	1.44e-03	1.14e-04	1.76e-05	0.00e+00	0.00e+00
 6.56247e+22	5.76e-25	3.01e-18	7.33e-13	2.30e-10	3.61e-08	1.39e-06	1.59e-05	9.41e-05	7.36e-03	1.04e-01	3.41e-01	3.54e-01	1.70e-01	2.15e-02	1.22e-03	9.39e-05	1.39e-05	0.00e+00	0.00e+00
 6.75485e+22	8.85e-25	4.42e-18	1.03e-12	3.18e-10	4.90e-08	1.84e-06	2.02e-05	1.16e-04	8.54e-03	1.14e-01	3.52e-01	3.48e-01	1.58e-01	1.88e-02	1.01e-03	7.57e-05	1.08e-05	0.00e+00	0.00e+00
 6.90501e+22	1.23e-24	5.91e-18	1.32e-12	4.08e-10	6.22e-08	2.29e-06	2.43e-05	1.36e-04	9.59e-03	1.22e-01	3.61e-01	3.42e-01	1.48e-01	1.69e-02	8.69e-04	6.37e-05	8.76e-06	0.00e+00	0.00e+00
 7.02353e+22	1.56e-24	7.31e-18	1.59e-12	4.89e-10	7.37e-08	2.67e-06	2.78e-05	1.52e-04	1.04e-02	1.28e-01	3.67e-01	3.37e-01	1.42e-01	1.56e-02	7.81e-04	5.63e-05	7.57e-06	0.00e+00	0.00e+00
 7.15467e+22	2.00e-24	9.11e-18	1.93e-12	5.90e-10	8.82e-08	3.15e-06	3.20e-05	1.72e-04	1.14e-02	1.34e-01	3.73e-01	3.32e-01	1.34e-01	1.43e-02	6.94e-04	4.92e-05	6.44e-06	0.00e+00	0.00e+00
 7.32515e+22	2.72e-24	1.20e-17	2.45e-12	7.44e-10	1.10e-07	3.86e-06	3.81e-05	2.00e-04	1.26e-02	1.43e-01	3.80e-01	3.25e-01	1.26e-01	1.29e-02	5.99e-04	4.16e-05	5.27e-06	0.00e+00	0.00e+00
 7.54677e+22	3.97e-24	1.67e-17	3.26e-12	9.91e-10	1.45e-07	4.97e-06	4.73e-05	2.42e-04	1.45e-02	1.55e-01	3.88e-01	3.16e-01	1.16e-01	1.12e-02	4.95e-04	3.35e-05	4.07e-06	0.00e+00	0.00e+00
 7.76808e+22	5.87e-24	2.36e-17	4.40e-12	1.33e-09	1.93e-07	6.46e-06	5.93e-05	2.95e-04	1.66e-02	1.67e-01	3.95e-01	3.05e-01	1.05e-01	9.60e-03	4.04e-04	2.66e-05	3.10e-06	0.00e+00	0.00e+00
