#depth	Cl	Cl+	Cl+2	Cl+3	Cl+4	Cl+5	Cl+6	Cl+7	Cl+8	Cl+9	Cl+10	Cl+11	Cl+12	Cl+13	Cl+14	Cl+15	Cl+16	Cl+17
 6.17135e+19	0.00e+00	0.00e+00	0.00e+00	0.00e+00	0.00e+00	0.00e+00	0.00e+00	2.30e-25	1.59e-21	4.25e-18	4.77e-15	2.64e-12	8.15e-10	1.78e-07	3.09e-05	9.36e-03	1.61e-01	8.30e-01
 1.87609e+20	0.00e+00	0.00e+00	0.00e+00	0.00e+00	0.00e+00	0.00e+00	0.00e+00	5.51e-25	3.48e-21	8.58e-18	8.83e-15	4.50e-12	1.27e-09	2.53e-07	4.01e-05	1.11e-02	1.73e-01	8.16e-01
 3.18540e+20	0.00e+00	0.00e+00	0.00e+00	0.00e+00	0.00e+00	0.00e+00	0.00e+00	1.33e-24	7.70e-21	1.74e-17	1.64e-14	7.69e-12	1.99e-09	3.60e-07	5.21e-05	1.31e-02	1.86e-01	8.01e-01
 4.54709e+20	0.00e+00	0.00e+00	0.00e+00	0.00e+00	0.00e+00	0.00e+00	1.49e-28	3.22e-24	1.71e-20	3.55e-17	3.08e-14	1.32e-11	3.14e-09	5.14e-07	6.79e-05	1.55e-02	2.00e-01	7.84e-01
 5.48444e+20	0.00e+00	0.00e+00	0.00e+00	0.00e+00	0.00e+00	0.00e+00	2.86e-28	5.84e-24	2.93e-20	5.73e-17	4.69e-14	1.90e-11	4.26e-09	6.54e-07	8.11e-05	1.73e-02	2.10e-01	7.72e-01
 5.86615e+20	0.00e+00	0.00e+00	0.00e+00	0.00e+00	0.00e+00	0.00e+00	3.75e-28	7.48e-24	3.67e-20	7.00e-17	5.60e-14	2.22e-11	4.85e-09	7.24e-07	8.74e-05	1.81e-02	2.15e-01	7.67e-01
 6.18481e+20	0.00e+00	0.00e+00	0.00e+00	0.00e+00	0.00e+00	0.00e+00	4.61e-28	9.02e-24	4.34e-20	8.14e-17	6.39e-14	2.49e-11	5.33e-09	7.80e-07	9.24e-05	1.88e-02	2.18e-01	7.63e-01
 6.59908e+20	0.00e+00	0.00e+00	0.00e+00	0.00e+00	0.00e+00	0.00e+00	6.09e-28	1.16e-23	5.46e-20	9.99e-17	7.65e-14	2.91e-11	6.08e-09	8.64e-07	9.96e-05	1.97e-02	2.22e-01	7.58e-01
 7.13762e+20	0.00e+00	0.00e+00	0.00e+00	0.00e+00	0.00e+00	0.00e+00	8.70e-28	1.61e-23	7.33e-20	1.30e-16	9.65e-14	3.55e-11	7.19e-09	9.87e-07	1.10e-04	2.10e-02	2.28e-01	7.51e-01
 7.83773e+20	0.00e+00	0.00e+00	0.00e+00	0.00e+00	0.00e+00	0.00e+00	1.37e-27	2.45e-23	1.07e-19	1.82e-16	1.30e-13	4.60e-11	8.93e-09	1.17e-06	1.24e-04	2.27e-02	2.36e-01	7.42e-01
 8.56030e+20	0.00e+00	0.00e+00	0.00e+00	0.00e+00	0.00e+00	0.00e+00	2.19e-27	3.75e-23	1.57e-19	2.57e-16	1.76e-13	5.98e-11	1.11e-08	1.39e-06	1.41e-04	2.45e-02	2.44e-01	7.32e-01
 9.11644e+20	0.00e+00	0.00e+00	0.00e+00	0.00e+00	0.00e+00	0.00e+00	3.12e-27	5.18e-23	2.11e-19	3.34e-16	2.22e-13	7.31e-11	1.32e-08	1.59e-06	1.56e-04	2.61e-02	2.50e-01	7.24e-01
 9.56467e+20	0.00e+00	0.00e+00	0.00e+00	0.00e+00	0.00e+00	0.00e+00	4.12e-27	6.70e-23	2.66e-19	4.11e-16	2.66e-13	8.56e-11	1.51e-08	1.76e-06	1.68e-04	2.74e-02	2.55e-01	7.18e-01
 1.00682e+21	0.00e+00	0.00e+00	0.00e+00	0.00e+00	0.00e+00	0.00e+00	5.63e-27	8.91e-23	3.44e-19	5.18e-16	3.26e-13	1.02e-10	1.75e-08	1.98e-06	1.83e-04	2.89e-02	2.60e-01	7.11e-01
 1.07229e+21	0.00e+00	0.00e+00	0.00e+00	0.00e+00	0.00e+00	0.00e+00	8.41e-27	1.29e-22	4.80e-19	6.97e-16	4.24e-13	1.28e-10	2.12e-08	2.30e-06	2.04e-04	3.09e-02	2.67e-01	7.02e-01
 1.14077e+21	0.00e+00	0.00e+00	0.00e+00	0.00e+00	0.00e+00	0.00e+00	1.27e-26	1.88e-22	6.78e-19	9.49e-16	5.57e-13	1.63e-10	2.58e-08	2.68e-06	2.29e-04	3.31e-02	2.75e-01	6.92e-01
 1.19834e+21	0.00e+00	0.00e+00	0.00e+00	0.00e+00	0.00e+00	0.00e+00	1.79e-26	2.58e-22	9.01e-19	1.22e-15	6.98e-13	1.98e-10	3.04e-08	3.05e-06	2.52e-04	3.51e-02	2.81e-01	6.84e-01
 1.25834e+21	0.00e+00	0.00e+00	0.00e+00	0.00e+00	0.00e+00	0.00e+00	2.54e-26	3.54e-22	1.20e-18	1.58e-15	8.76e-13	2.41e-10	3.59e-08	3.47e-06	2.76e-04	3.72e-02	2.88e-01	6.75e-01
 1.32479e+21	0.00e+00	0.00e+00	0.00e+00	0.00e+00	0.00e+00	0.00e+00	3.75e-26	5.07e-22	1.67e-18	2.12e-15	1.14e-12	3.02e-10	4.34e-08	4.02e-06	3.08e-04	3.98e-02	2.95e-01	6.65e-01
 1.38443e+21	0.00e+00	0.00e+00	0.00e+00	0.00e+00	0.00e+00	0.00e+00	5.27e-26	6.94e-22	2.21e-18	2.74e-15	1.42e-12	3.68e-10	5.12e-08	4.57e-06	3.38e-04	4.21e-02	3.01e-01	6.56e-01
 1.43809e+21	0.00e+00	0.00e+00	0.00e+00	0.00e+00	0.00e+00	0.00e+00	7.15e-26	9.19e-22	2.86e-18	3.45e-15	1.74e-12	4.39e-10	5.94e-08	5.13e-06	3.68e-04	4.43e-02	3.07e-01	6.48e-01
 1.49918e+21	0.00e+00	0.00e+00	0.00e+00	0.00e+00	0.00e+00	0.00e+00	1.00e-25	1.25e-21	3.79e-18	4.44e-15	2.18e-12	5.33e-10	7.00e-08	5.83e-06	4.04e-04	4.69e-02	3.14e-01	6.39e-01
 1.57858e+21	0.00e+00	0.00e+00	0.00e+00	0.00e+00	0.00e+00	0.00e+00	1.55e-25	1.87e-21	5.45e-18	6.16e-15	2.91e-12	6.86e-10	8.66e-08	6.88e-06	4.55e-04	5.04e-02	3.22e-01	6.27e-01
 1.65777e+21	0.00e+00	0.00e+00	0.00e+00	0.00e+00	0.00e+00	0.00e+00	2.38e-25	2.78e-21	7.81e-18	8.50e-15	3.88e-12	8.81e-10	1.07e-07	8.09e-06	5.12e-04	5.42e-02	3.30e-01	6.15e-01
 1.71686e+21	0.00e+00	0.00e+00	0.00e+00	0.00e+00	0.00e+00	0.00e+00	3.26e-25	3.72e-21	1.02e-17	1.08e-14	4.78e-12	1.06e-09	1.25e-07	9.12e-06	5.58e-04	5.70e-02	3.37e-01	6.06e-01
 1.77389e+21	0.00e+00	0.00e+00	0.00e+00	0.00e+00	0.00e+00	0.00e+00	4.40e-25	4.90e-21	1.31e-17	1.35e-14	5.85e-12	1.26e-09	1.45e-07	1.02e-05	6.06e-04	5.99e-02	3.42e-01	5.97e-01
 1.84802e+21	0.00e+00	0.00e+00	0.00e+00	0.00e+00	0.00e+00	0.00e+00	6.45e-25	6.98e-21	1.81e-17	1.81e-14	7.56e-12	1.58e-09	1.75e-07	1.18e-05	6.74e-04	6.38e-02	3.50e-01	5.86e-01
 1.92504e+21	0.00e+00	0.00e+00	0.00e+00	0.00e+00	0.00e+00	6.85e-29	9.55e-25	1.00e-20	2.51e-17	2.43e-14	9.85e-12	1.99e-09	2.12e-07	1.38e-05	7.51e-04	6.81e-02	3.58e-01	5.74e-01
 1.98899e+21	0.00e+00	0.00e+00	0.00e+00	0.00e+00	0.00e+00	9.84e-29	1.32e-24	1.35e-20	3.30e-17	3.11e-14	1.22e-11	2.41e-09	2.49e-07	1.56e-05	8.20e-04	7.17e-02	3.64e-01	5.64e-01
 2.05532e+21	0.00e+00	0.00e+00	0.00e+00	0.00e+00	0.00e+00	1.42e-28	1.83e-24	1.83e-20	4.35e-17	3.99e-14	1.53e-11	2.92e-09	2.93e-07	1.76e-05	8.97e-04	7.56e-02	3.70e-01	5.53e-01
 2.12806e+21	0.00e+00	0.00e+00	0.00e+00	0.00e+00	0.00e+00	2.12e-28	2.60e-24	2.54e-20	5.88e-17	5.23e-14	1.94e-11	3.61e-09	3.50e-07	2.02e-05	9.89e-04	8.01e-02	3.77e-01	5.42e-01
 2.19390e+21	0.00e+00	0.00e+00	0.00e+00	0.00e+00	0.00e+00	3.04e-28	3.57e-24	3.41e-20	7.68e-17	6.67e-14	2.41e-11	4.35e-09	4.10e-07	2.28e-05	1.08e-03	8.43e-02	3.83e-01	5.32e-01
 2.25471e+21	0.00e+00	0.00e+00	0.00e+00	0.00e+00	0.00e+00	4.20e-28	4.76e-24	4.45e-20	9.81e-17	8.32e-14	2.93e-11	5.17e-09	4.74e-07	2.55e-05	1.17e-03	8.82e-02	3.88e-01	5.23e-01
 2.32425e+21	0.00e+00	0.00e+00	0.00e+00	0.00e+00	0.00e+00	6.06e-28	6.58e-24	6.02e-20	1.29e-16	1.07e-13	3.66e-11	6.28e-09	5.57e-07	2.89e-05	1.28e-03	9.29e-02	3.94e-01	5.12e-01
 2.40188e+21	0.00e+00	0.00e+00	0.00e+00	0.00e+00	0.00e+00	9.06e-28	9.40e-24	8.38e-20	1.75e-16	1.40e-13	4.67e-11	7.77e-09	6.67e-07	3.32e-05	1.41e-03	9.83e-02	4.00e-01	5.00e-01
 2.47411e+21	0.00e+00	0.00e+00	0.00e+00	0.00e+00	0.00e+00	1.31e-27	1.30e-23	1.14e-19	2.31e-16	1.81e-13	5.85e-11	9.46e-09	7.87e-07	3.76e-05	1.54e-03	1.03e-01	4.06e-01	4.89e-01
 2.54134e+21	0.00e+00	0.00e+00	0.00e+00	0.00e+00	0.00e+00	1.84e-27	1.75e-23	1.50e-19	2.99e-16	2.28e-13	7.19e-11	1.13e-08	9.15e-07	4.22e-05	1.67e-03	1.08e-01	4.11e-01	4.79e-01
 2.61799e+21	0.00e+00	0.00e+00	0.00e+00	0.00e+00	0.00e+00	2.69e-27	2.45e-23	2.05e-19	3.98e-16	2.95e-13	9.05e-11	1.39e-08	1.08e-06	4.81e-05	1.83e-03	1.14e-01	4.17e-01	4.67e-01
 2.70109e+21	0.00e+00	0.00e+00	0.00e+00	0.00e+00	0.00e+00	4.03e-27	3.50e-23	2.86e-19	5.40e-16	3.89e-13	1.16e-10	1.72e-08	1.30e-06	5.52e-05	2.01e-03	1.21e-01	4.22e-01	4.55e-01
 2.77537e+21	0.00e+00	0.00e+00	0.00e+00	0.00e+00	0.00e+00	5.75e-27	4.79e-23	3.83e-19	7.07e-16	4.97e-13	1.44e-10	2.08e-08	1.52e-06	6.23e-05	2.19e-03	1.26e-01	4.27e-01	4.44e-01
 2.84283e+21	0.00e+00	0.00e+00	0.00e+00	0.00e+00	0.00e+00	7.89e-27	6.33e-23	4.98e-19	9.00e-16	6.18e-13	1.75e-10	2.47e-08	1.76e-06	6.94e-05	2.36e-03	1.32e-01	4.31e-01	4.34e-01
 2.91865e+21	0.00e+00	0.00e+00	0.00e+00	0.00e+00	0.00e+00	1.12e-26	8.62e-23	6.65e-19	1.17e-15	7.87e-13	2.17e-10	2.98e-08	2.06e-06	7.82e-05	2.56e-03	1.38e-01	4.36e-01	4.23e-01
 3.00375e+21	0.00e+00	0.00e+00	0.00e+00	0.00e+00	0.00e+00	1.65e-26	1.21e-22	9.16e-19	1.58e-15	1.03e-12	2.75e-10	3.67e-08	2.45e-06	8.93e-05	2.81e-03	1.45e-01	4.40e-01	4.11e-01
 3.08370e+21	0.00e+00	0.00e+00	0.00e+00	0.00e+00	0.00e+00	2.36e-26	1.66e-22	1.23e-18	2.07e-15	1.32e-12	3.43e-10	4.45e-08	2.87e-06	1.01e-04	3.05e-03	1.52e-01	4.44e-01	4.00e-01
 3.15856e+21	0.00e+00	0.00e+00	0.00e+00	0.00e+00	0.00e+00	3.28e-26	2.22e-22	1.61e-18	2.66e-15	1.65e-12	4.19e-10	5.31e-08	3.33e-06	1.13e-04	3.30e-03	1.58e-01	4.48e-01	3.90e-01
 3.24405e+21	0.00e+00	0.00e+00	0.00e+00	0.00e+00	0.00e+00	4.74e-26	3.06e-22	2.19e-18	3.52e-15	2.13e-12	5.26e-10	6.47e-08	3.92e-06	1.28e-04	3.59e-03	1.66e-01	4.52e-01	3.79e-01
 3.33587e+21	0.00e+00	0.00e+00	0.00e+00	0.00e+00	0.00e+00	6.99e-26	4.31e-22	3.02e-18	4.73e-15	2.79e-12	6.68e-10	7.97e-08	4.67e-06	1.45e-04	3.92e-03	1.74e-01	4.55e-01	3.67e-01
 3.41660e+21	0.00e+00	0.00e+00	0.00e+00	0.00e+00	0.00e+00	9.78e-26	5.79e-22	3.98e-18	6.11e-15	3.52e-12	8.21e-10	9.54e-08	5.42e-06	1.63e-04	4.23e-03	1.81e-01	4.58e-01	3.57e-01
 3.50222e+21	0.00e+00	0.00e+00	0.00e+00	0.00e+00	0.00e+00	1.39e-25	7.86e-22	5.31e-18	7.98e-15	4.48e-12	1.02e-09	1.15e-07	6.33e-06	1.83e-04	4.58e-03	1.89e-01	4.60e-01	3.46e-01
 3.59845e+21	0.00e+00	0.00e+00	0.00e+00	0.00e+00	0.00e+00	2.04e-25	1.10e-21	7.31e-18	1.07e-14	5.85e-12	1.29e-09	1.41e-07	7.50e-06	2.08e-04	5.00e-03	1.98e-01	4.63e-01	3.34e-01
 3.68921e+21	0.00e+00	0.00e+00	0.00e+00	0.00e+00	0.00e+00	2.91e-25	1.51e-21	9.81e-18	1.40e-14	7.49e-12	1.60e-09	1.71e-07	8.78e-06	2.34e-04	5.41e-03	2.06e-01	4.65e-01	3.24e-01
 3.77469e+21	0.00e+00	0.00e+00	0.00e+00	0.00e+00	0.00e+00	4.03e-25	2.01e-21	1.29e-17	1.81e-14	9.41e-12	1.96e-09	2.04e-07	1.02e-05	2.61e-04	5.82e-03	2.14e-01	4.66e-01	3.14e-01
 3.87257e+21	0.00e+00	0.00e+00	0.00e+00	0.00e+00	0.00e+00	5.83e-25	2.78e-21	1.75e-17	2.39e-14	1.22e-11	2.46e-09	2.48e-07	1.19e-05	2.94e-04	6.30e-03	2.23e-01	4.67e-01	3.03e-01
 3.98205e+21	0.00e+00	0.00e+00	0.00e+00	0.00e+00	8.30e-29	8.73e-25	3.96e-21	2.44e-17	3.26e-14	1.61e-11	3.16e-09	3.08e-07	1.42e-05	3.36e-04	6.88e-03	2.33e-01	4.68e-01	2.91e-01
 4.07972e+21	0.00e+00	0.00e+00	0.00e+00	0.00e+00	1.24e-28	1.24e-24	5.40e-21	3.28e-17	4.28e-14	2.06e-11	3.92e-09	3.71e-07	1.66e-05	3.77e-04	7.43e-03	2.42e-01	4.69e-01	2.81e-01
 4.16430e+21	0.00e+00	0.00e+00	0.00e+00	0.00e+00	1.73e-28	1.68e-24	7.03e-21	4.20e-17	5.38e-14	2.53e-11	4.71e-09	4.35e-07	1.89e-05	4.15e-04	7.92e-03	2.50e-01	4.69e-01	2.72e-01
 4.25873e+21	0.00e+00	0.00e+00	0.00e+00	0.00e+00	2.49e-28	2.32e-24	9.33e-21	5.49e-17	6.88e-14	3.16e-11	5.73e-09	5.15e-07	2.17e-05	4.60e-04	8.47e-03	2.59e-01	4.69e-01	2.63e-01
 4.38150e+21	0.00e+00	0.00e+00	0.00e+00	0.00e+00	4.02e-28	3.54e-24	1.35e-20	7.81e-17	9.54e-14	4.26e-11	7.44e-09	6.46e-07	2.62e-05	5.27e-04	9.26e-03	2.70e-01	4.68e-01	2.52e-01
 4.50588e+21	0.00e+00	0.00e+00	0.00e+00	0.00e+00	6.42e-28	5.37e-24	1.95e-20	1.10e-16	1.31e-13	5.68e-11	9.59e-09	8.03e-07	3.13e-05	6.02e-04	1.01e-02	2.82e-01	4.67e-01	2.40e-01
 4.60679e+21	0.00e+00	0.00e+00	0.00e+00	0.00e+00	9.32e-28	7.46e-24	2.61e-20	1.45e-16	1.69e-13	7.14e-11	1.17e-08	9.56e-07	3.60e-05	6.68e-04	1.08e-02	2.91e-01	4.66e-01	2.32e-01
 4.71242e+21	0.00e+00	0.00e+00	0.00e+00	0.00e+00	1.36e-27	1.05e-23	3.51e-20	1.92e-16	2.19e-13	9.02e-11	1.44e-08	1.14e-06	4.16e-05	7.43e-04	1.16e-02	3.01e-01	4.64e-01	2.23e-01
 4.84973e+21	0.00e+00	0.00e+00	0.00e+00	0.00e+00	2.21e-27	1.61e-23	5.11e-20	2.75e-16	3.04e-13	1.21e-10	1.87e-08	1.43e-06	4.99e-05	8.49e-04	1.26e-02	3.13e-01	4.62e-01	2.12e-01
 4.99073e+21	0.00e+00	0.00e+00	0.00e+00	0.00e+00	3.60e-27	2.48e-23	7.48e-20	3.94e-16	4.24e-13	1.64e-10	2.44e-08	1.79e-06	5.99e-05	9.71e-04	1.37e-02	3.25e-01	4.59e-01	2.01e-01
 5.10117e+21	0.00e+00	0.00e+00	0.00e+00	0.00e+00	5.23e-27	3.46e-23	1.00e-19	5.19e-16	5.47e-13	2.06e-10	2.98e-08	2.12e-06	6.88e-05	1.08e-03	1.47e-02	3.35e-01	4.56e-01	1.93e-01
 5.20939e+21	0.00e+00	0.00e+00	0.00e+00	0.00e+00	7.48e-27	4.75e-23	1.32e-19	6.76e-16	6.99e-13	2.57e-10	3.61e-08	2.50e-06	7.86e-05	1.19e-03	1.56e-02	3.44e-01	4.53e-01	1.86e-01
 5.35007e+21	0.00e+00	0.00e+00	0.00e+00	0.00e+00	1.18e-26	7.12e-23	1.89e-19	9.48e-16	9.53e-13	3.40e-10	4.61e-08	3.08e-06	9.30e-05	1.34e-03	1.68e-02	3.56e-01	4.49e-01	1.76e-01
 5.49607e+21	0.00e+00	0.00e+00	0.00e+00	0.00e+00	1.88e-26	1.08e-22	2.72e-19	1.34e-15	1.31e-12	4.53e-10	5.92e-08	3.81e-06	1.10e-04	1.52e-03	1.82e-02	3.68e-01	4.45e-01	1.67e-01
 5.61793e+21	0.00e+00	0.00e+00	0.00e+00	0.00e+00	2.75e-26	1.51e-22	3.66e-19	1.77e-15	1.70e-12	5.72e-10	7.26e-08	4.54e-06	1.27e-04	1.68e-03	1.94e-02	3.78e-01	4.41e-01	1.60e-01
 5.74531e+21	0.00e+00	0.00e+00	0.00e+00	0.00e+00	4.03e-26	2.12e-22	4.94e-19	2.35e-15	2.20e-12	7.22e-10	8.89e-08	5.39e-06	1.46e-04	1.86e-03	2.07e-02	3.89e-01	4.36e-01	1.53e-01
 5.91090e+21	0.00e+00	0.00e+00	0.00e+00	0.00e+00	6.64e-26	3.31e-22	7.29e-19	3.40e-15	3.09e-12	9.82e-10	1.16e-07	6.77e-06	1.75e-04	2.12e-03	2.24e-02	4.02e-01	4.30e-01	1.44e-01
 6.07814e+21	0.00e+00	0.00e+00	0.00e+00	0.00e+00	1.08e-25	5.12e-22	1.07e-18	4.89e-15	4.32e-12	1.33e-09	1.51e-07	8.45e-06	2.09e-04	2.41e-03	2.42e-02	4.15e-01	4.24e-01	1.35e-01
 6.21232e+21	0.00e+00	0.00e+00	0.00e+00	0.00e+00	1.59e-25	7.21e-22	1.44e-18	6.51e-15	5.62e-12	1.68e-09	1.85e-07	1.00e-05	2.40e-04	2.66e-03	2.58e-02	4.25e-01	4.18e-01	1.29e-01
 6.33190e+21	0.00e+00	0.00e+00	0.00e+00	0.00e+00	2.23e-25	9.72e-22	1.88e-18	8.36e-15	7.07e-12	2.07e-09	2.22e-07	1.17e-05	2.71e-04	2.91e-03	2.72e-02	4.33e-01	4.13e-01	1.23e-01
 6.46771e+21	0.00e+00	0.00e+00	0.00e+00	0.00e+00	3.25e-25	1.36e-21	2.52e-18	1.10e-14	9.13e-12	2.60e-09	2.71e-07	1.38e-05	3.09e-04	3.20e-03	2.88e-02	4.43e-01	4.08e-01	1.17e-01
 6.64425e+21	0.00e+00	0.00e+00	0.00e+00	6.66e-29	5.24e-25	2.07e-21	3.65e-18	1.57e-14	1.26e-11	3.48e-09	3.49e-07	1.71e-05	3.66e-04	3.61e-03	3.10e-02	4.55e-01	4.00e-01	1.10e-01
 6.82382e+21	0.00e+00	0.00e+00	0.00e+00	1.13e-28	8.45e-25	3.17e-21	5.30e-18	2.24e-14	1.75e-11	4.66e-09	4.49e-07	2.12e-05	4.34e-04	4.08e-03	3.33e-02	4.67e-01	3.92e-01	1.03e-01
 6.96845e+21	0.00e+00	0.00e+00	0.00e+00	1.72e-28	1.23e-24	4.44e-21	7.12e-18	2.96e-14	2.27e-11	5.87e-09	5.49e-07	2.51e-05	4.96e-04	4.49e-03	3.52e-02	4.76e-01	3.86e-01	9.76e-02
 7.11758e+21	0.00e+00	0.00e+00	0.00e+00	2.63e-28	1.80e-24	6.22e-21	9.57e-18	3.93e-14	2.94e-11	7.41e-09	6.71e-07	2.97e-05	5.67e-04	4.93e-03	3.73e-02	4.86e-01	3.79e-01	9.25e-02
 7.31145e+21	0.00e+00	0.00e+00	0.00e+00	4.51e-28	2.93e-24	9.57e-21	1.40e-17	5.63e-14	4.09e-11	9.96e-09	8.67e-07	3.68e-05	6.71e-04	5.57e-03	4.00e-02	4.97e-01	3.70e-01	8.62e-02
 7.51169e+21	0.00e+00	0.00e+00	0.00e+00	7.80e-28	4.80e-24	1.48e-20	2.05e-17	8.12e-14	5.73e-11	1.35e-08	1.12e-06	4.58e-05	7.97e-04	6.29e-03	4.29e-02	5.09e-01	3.61e-01	8.02e-02
 7.67534e+21	0.00e+00	0.00e+00	0.00e+00	1.21e-27	7.13e-24	2.11e-20	2.78e-17	1.09e-13	7.50e-11	1.72e-08	1.39e-06	5.45e-05	9.14e-04	6.93e-03	4.54e-02	5.18e-01	3.53e-01	7.56e-02
 7.84320e+21	0.00e+00	0.00e+00	0.00e+00	1.88e-27	1.06e-23	2.99e-20	3.79e-17	1.46e-13	9.83e-11	2.18e-08	1.71e-06	6.48e-05	1.05e-03	7.63e-03	4.80e-02	5.26e-01	3.46e-01	7.12e-02
 8.02033e+21	0.00e+00	0.00e+00	0.00e+00	2.98e-27	1.60e-23	4.32e-20	5.22e-17	1.98e-13	1.30e-10	2.81e-08	2.12e-06	7.77e-05	1.21e-03	8.43e-03	5.08e-02	5.35e-01	3.38e-01	6.67e-02
 8.17133e+21	0.00e+00	0.00e+00	0.00e+00	4.38e-27	2.27e-23	5.87e-20	6.82e-17	2.56e-13	1.65e-10	3.48e-08	2.55e-06	9.05e-05	1.36e-03	9.17e-03	5.32e-02	5.42e-01	3.31e-01	6.32e-02
 8.32943e+21	0.00e+00	0.00e+00	0.00e+00	6.50e-27	3.23e-23	8.04e-20	8.98e-17	3.34e-13	2.10e-10	4.32e-08	3.07e-06	1.06e-04	1.54e-03	9.98e-03	5.59e-02	5.49e-01	3.23e-01	5.97e-02
 8.53497e+21	0.00e+00	0.00e+00	0.00e+00	1.08e-26	5.09e-23	1.20e-19	1.27e-16	4.67e-13	2.87e-10	5.70e-08	3.89e-06	1.29e-04	1.80e-03	1.11e-02	5.93e-02	5.58e-01	3.14e-01	5.55e-02
 8.74126e+21	0.00e+00	0.00e+00	0.00e+00	1.78e-26	7.98e-23	1.79e-19	1.80e-16	6.53e-13	3.91e-10	7.51e-08	4.94e-06	1.57e-04	2.09e-03	1.24e-02	6.29e-02	5.66e-01	3.05e-01	5.15e-02
 8.90266e+21	0.00e+00	0.00e+00	0.00e+00	2.61e-26	1.13e-22	2.43e-19	2.36e-16	8.44e-13	4.95e-10	9.28e-08	5.92e-06	1.82e-04	2.35e-03	1.34e-02	6.58e-02	5.72e-01	2.98e-01	4.86e-02
 9.03664e+21	0.00e+00	0.00e+00	0.00e+00	3.58e-26	1.50e-22	3.12e-19	2.93e-16	1.04e-12	6.01e-10	1.10e-07	6.86e-06	2.06e-04	2.59e-03	1.43e-02	6.82e-02	5.77e-01	2.92e-01	4.63e-02
 9.18080e+21	0.00e+00	0.00e+00	0.00e+00	5.01e-26	2.02e-22	4.08e-19	3.69e-16	1.30e-12	7.39e-10	1.33e-07	8.05e-06	2.35e-04	2.87e-03	1.54e-02	7.09e-02	5.81e-01	2.85e-01	4.40e-02
 9.36822e+21	0.00e+00	0.00e+00	0.00e+00	7.68e-26	2.97e-22	5.72e-19	4.96e-16	1.73e-12	9.60e-10	1.68e-07	9.84e-06	2.78e-04	3.26e-03	1.68e-02	7.44e-02	5.87e-01	2.77e-01	4.11e-02
 9.55935e+21	0.00e+00	0.00e+00	0.00e+00	1.19e-25	4.38e-22	8.06e-19	6.68e-16	2.31e-12	1.25e-09	2.13e-07	1.21e-05	3.29e-04	3.72e-03	1.84e-02	7.80e-02	5.92e-01	2.69e-01	3.84e-02
 9.71243e+21	0.00e+00	0.00e+00	0.00e+00	1.67e-25	5.96e-22	1.06e-18	8.45e-16	2.90e-12	1.55e-09	2.57e-07	1.42e-05	3.76e-04	4.12e-03	1.98e-02	8.10e-02	5.96e-01	2.62e-01	3.63e-02
 9.86852e+21	0.00e+00	0.00e+00	0.00e+00	2.35e-25	8.10e-22	1.39e-18	1.07e-15	3.65e-12	1.91e-09	3.10e-07	1.67e-05	4.29e-04	4.57e-03	2.12e-02	8.40e-02	6.00e-01	2.56e-01	3.43e-02
 1.00346e+22	0.00e+00	0.00e+00	0.00e+00	3.38e-25	1.12e-21	1.84e-18	1.37e-15	4.64e-12	2.39e-09	3.79e-07	1.98e-05	4.94e-04	5.09e-03	2.28e-02	8.73e-02	6.03e-01	2.49e-01	3.23e-02
 1.01773e+22	0.00e+00	0.00e+00	0.00e+00	4.61e-25	1.48e-21	2.35e-18	1.69e-15	5.70e-12	2.89e-09	4.49e-07	2.29e-05	5.57e-04	5.59e-03	2.43e-02	9.02e-02	6.06e-01	2.43e-01	3.07e-02
 1.03070e+22	0.00e+00	0.00e+00	0.00e+00	6.06e-25	1.89e-21	2.92e-18	2.03e-15	6.84e-12	3.42e-09	5.22e-07	2.60e-05	6.19e-04	6.06e-03	2.57e-02	9.28e-02	6.08e-01	2.38e-01	2.93e-02
 1.04560e+22	0.00e+00	0.00e+00	7.09e-29	8.31e-25	2.50e-21	3.74e-18	2.52e-15	8.43e-12	4.15e-09	6.21e-07	3.01e-05	6.99e-04	6.65e-03	2.74e-02	9.59e-02	6.10e-01	2.32e-01	2.77e-02
 1.06236e+22	0.00e+00	0.00e+00	1.04e-28	1.18e-24	3.42e-21	4.92e-18	3.19e-15	1.06e-11	5.15e-09	7.53e-07	3.55e-05	8.00e-04	7.38e-03	2.94e-02	9.93e-02	6.12e-01	2.25e-01	2.61e-02
 1.07816e+22	0.00e+00	0.00e+00	1.50e-28	1.64e-24	4.59e-21	6.37e-18	3.98e-15	1.32e-11	6.30e-09	9.02e-07	4.14e-05	9.07e-04	8.13e-03	3.13e-02	1.03e-01	6.13e-01	2.19e-01	2.46e-02
 1.09282e+22	0.00e+00	0.00e+00	2.09e-28	2.21e-24	6.00e-21	8.05e-18	4.88e-15	1.61e-11	7.58e-09	1.06e-06	4.77e-05	1.02e-03	8.88e-03	3.33e-02	1.06e-01	6.15e-01	2.13e-01	2.33e-02
 1.10941e+22	0.00e+00	0.00e+00	3.00e-28	3.07e-24	8.04e-21	1.04e-17	6.09e-15	2.01e-11	9.26e-09	1.27e-06	5.55e-05	1.15e-03	9.76e-03	3.55e-02	1.09e-01	6.15e-01	2.07e-01	2.20e-02
 1.12704e+22	0.00e+00	0.00e+00	4.48e-28	4.41e-24	1.11e-20	1.38e-17	7.75e-15	2.55e-11	1.16e-08	1.56e-06	6.59e-05	1.33e-03	1.09e-02	3.81e-02	1.13e-01	6.16e-01	2.00e-01	2.06e-02
 1.14173e+22	0.00e+00	0.00e+00	6.20e-28	5.91e-24	1.44e-20	1.73e-17	9.42e-15	3.10e-11	1.39e-08	1.83e-06	7.56e-05	1.48e-03	1.18e-02	4.03e-02	1.16e-01	6.16e-01	1.95e-01	1.95e-02
 1.15654e+22	0.00e+00	0.00e+00	8.55e-28	7.91e-24	1.87e-20	2.18e-17	1.14e-14	3.75e-11	1.66e-08	2.15e-06	8.67e-05	1.66e-03	1.29e-02	4.27e-02	1.19e-01	6.16e-01	1.89e-01	1.84e-02
 1.17580e+22	0.00e+00	0.00e+00	1.29e-27	1.15e-23	2.60e-20	2.91e-17	1.47e-14	4.80e-11	2.09e-08	2.64e-06	1.03e-04	1.91e-03	1.44e-02	4.58e-02	1.23e-01	6.15e-01	1.83e-01	1.71e-02
 1.19522e+22	0.00e+00	0.00e+00	1.96e-27	1.68e-23	3.64e-20	3.90e-17	1.88e-14	6.16e-11	2.63e-08	3.24e-06	1.23e-04	2.21e-03	1.60e-02	4.93e-02	1.27e-01	6.13e-01	1.76e-01	1.59e-02
 1.21043e+22	0.00e+00	0.00e+00	2.71e-27	2.24e-23	4.72e-20	4.88e-17	2.28e-14	7.47e-11	3.15e-08	3.81e-06	1.41e-04	2.46e-03	1.74e-02	5.21e-02	1.31e-01	6.12e-01	1.70e-01	1.50e-02
 1.22580e+22	0.00e+00	0.00e+00	3.75e-27	3.00e-23	6.11e-20	6.11e-17	2.76e-14	9.04e-11	3.77e-08	4.47e-06	1.62e-04	2.75e-03	1.89e-02	5.50e-02	1.34e-01	6.10e-01	1.65e-01	1.41e-02
 1.24579e+22	0.00e+00	0.00e+00	5.67e-27	4.36e-23	8.51e-20	8.15e-17	3.53e-14	1.16e-10	4.74e-08	5.49e-06	1.92e-04	3.17e-03	2.10e-02	5.89e-02	1.38e-01	6.07e-01	1.59e-01	1.31e-02
 1.26622e+22	0.00e+00	0.00e+00	8.66e-27	6.38e-23	1.19e-19	1.09e-16	4.53e-14	1.48e-10	5.99e-08	6.77e-06	2.30e-04	3.65e-03	2.35e-02	6.32e-02	1.42e-01	6.03e-01	1.52e-01	1.21e-02
 1.28202e+22	0.00e+00	0.00e+00	1.20e-26	8.56e-23	1.55e-19	1.37e-16	5.48e-14	1.80e-10	7.16e-08	7.95e-06	2.63e-04	4.08e-03	2.55e-02	6.67e-02	1.45e-01	6.00e-01	1.47e-01	1.14e-02
 1.29533e+22	0.00e+00	0.00e+00	1.57e-26	1.09e-22	1.92e-19	1.65e-16	6.41e-14	2.11e-10	8.31e-08	9.08e-06	2.95e-04	4.47e-03	2.73e-02	6.97e-02	1.48e-01	5.97e-01	1.42e-01	1.08e-02
 1.31061e+22	0.00e+00	0.00e+00	2.14e-26	1.44e-22	2.46e-19	2.04e-16	7.67e-14	2.53e-10	9.85e-08	1.06e-05	3.35e-04	4.95e-03	2.95e-02	7.32e-02	1.51e-01	5.93e-01	1.38e-01	1.01e-02
 1.33048e+22	0.00e+00	0.00e+00	3.18e-26	2.06e-22	3.36e-19	2.68e-16	9.64e-14	3.19e-10	1.22e-07	1.28e-05	3.95e-04	5.65e-03	3.25e-02	7.80e-02	1.55e-01	5.87e-01	1.32e-01	9.35e-03
 1.35058e+22	0.00e+00	0.00e+00	4.75e-26	2.95e-22	4.63e-19	3.53e-16	1.22e-13	4.03e-10	1.52e-07	1.56e-05	4.67e-04	6.46e-03	3.59e-02	8.31e-02	1.59e-01	5.81e-01	1.26e-01	8.60e-03
 1.36642e+22	0.00e+00	0.00e+00	6.54e-26	3.93e-22	5.96e-19	4.39e-16	1.46e-13	4.85e-10	1.81e-07	1.83e-05	5.33e-04	7.18e-03	3.89e-02	8.73e-02	1.62e-01	5.75e-01	1.21e-01	8.04e-03
 1.38245e+22	0.00e+00	0.00e+00	8.93e-26	5.20e-22	7.63e-19	5.43e-16	1.74e-13	5.80e-10	2.15e-07	2.13e-05	6.06e-04	7.95e-03	4.20e-02	9.16e-02	1.65e-01	5.70e-01	1.16e-01	7.52e-03
 1.40327e+22	0.00e+00	0.00e+00	1.33e-25	7.42e-22	1.04e-18	7.11e-16	2.19e-13	7.29e-10	2.66e-07	2.58e-05	7.12e-04	9.04e-03	4.62e-02	9.71e-02	1.68e-01	5.61e-01	1.10e-01	6.90e-03
 1.42458e+22	0.00e+00	0.00e+00	2.01e-25	1.07e-21	1.45e-18	9.41e-16	2.76e-13	9.23e-10	3.32e-07	3.15e-05	8.43e-04	1.03e-02	5.09e-02	1.03e-01	1.72e-01	5.52e-01	1.05e-01	6.29e-03
 1.44151e+22	0.00e+00	0.00e+00	2.80e-25	1.45e-21	1.88e-18	1.18e-15	3.33e-13	1.12e-09	3.97e-07	3.70e-05	9.66e-04	1.15e-02	5.51e-02	1.08e-01	1.74e-01	5.44e-01	9.99e-02	5.83e-03
 1.45621e+22	0.00e+00	0.00e+00	3.67e-25	1.85e-21	2.33e-18	1.42e-15	3.88e-13	1.30e-09	4.58e-07	4.21e-05	1.08e-03	1.25e-02	5.87e-02	1.12e-01	1.76e-01	5.37e-01	9.62e-02	5.47e-03
 1.47299e+22	0.00e+00	0.00e+00	5.02e-25	2.45e-21	2.99e-18	1.75e-15	4.63e-13	1.55e-09	5.41e-07	4.89e-05	1.22e-03	1.38e-02	6.31e-02	1.17e-01	1.78e-01	5.29e-01	9.19e-02	5.08e-03
 1.49481e+22	0.00e+00	0.00e+00	7.52e-25	3.51e-21	4.10e-18	2.30e-15	5.81e-13	1.95e-09	6.69e-07	5.92e-05	1.43e-03	1.57e-02	6.91e-02	1.24e-01	1.81e-01	5.17e-01	8.65e-02	4.61e-03
 1.51728e+22	0.00e+00	0.00e+00	1.14e-24	5.10e-21	5.70e-18	3.04e-15	7.33e-13	2.45e-09	8.31e-07	7.20e-05	1.69e-03	1.79e-02	7.59e-02	1.31e-01	1.84e-01	5.05e-01	8.11e-02	4.15e-03
 1.53556e+22	0.00e+00	8.55e-29	1.60e-24	6.89e-21	7.42e-18	3.81e-15	8.83e-13	2.95e-09	9.89e-07	8.42e-05	1.93e-03	1.98e-02	8.17e-02	1.37e-01	1.85e-01	4.94e-01	7.69e-02	3.81e-03
 1.55429e+22	0.00e+00	1.24e-28	2.23e-24	9.30e-21	9.66e-18	4.78e-15	1.06e-12	3.54e-09	1.17e-06	9.83e-05	2.19e-03	2.19e-02	8.78e-02	1.42e-01	1.87e-01	4.83e-01	7.28e-02	3.50e-03
 1.57863e+22	0.00e+00	1.99e-28	3.43e-24	1.37e-20	1.35e-17	6.37e-15	1.35e-12	4.46e-09	1.46e-06	1.20e-04	2.58e-03	2.48e-02	9.61e-02	1.50e-01	1.88e-01	4.68e-01	6.76e-02	3.12e-03
 1.60344e+22	0.00e+00	3.22e-28	5.31e-24	2.02e-20	1.91e-17	8.56e-15	1.72e-12	5.64e-09	1.82e-06	1.46e-04	3.05e-03	2.82e-02	1.05e-01	1.57e-01	1.89e-01	4.52e-01	6.25e-02	2.76e-03
 1.62333e+22	0.00e+00	4.72e-28	7.51e-24	2.76e-20	2.51e-17	1.08e-14	2.09e-12	6.77e-09	2.16e-06	1.70e-04	3.47e-03	3.11e-02	1.13e-01	1.63e-01	1.90e-01	4.38e-01	5.87e-02	2.51e-03
 1.64045e+22	0.00e+00	6.51e-28	1.01e-23	3.58e-20	3.16e-17	1.31e-14	2.45e-12	7.89e-09	2.49e-06	1.94e-04	3.86e-03	3.38e-02	1.19e-01	1.68e-01	1.90e-01	4.27e-01	5.55e-02	2.31e-03
 1.65948e+22	0.00e+00	9.22e-28	1.38e-23	4.76e-20	4.06e-17	1.63e-14	2.92e-12	9.31e-09	2.90e-06	2.23e-04	4.34e-03	3.69e-02	1.27e-01	1.73e-01	1.90e-01	4.14e-01	5.22e-02	2.10e-03
 1.68422e+22	0.00e+00	1.44e-27	2.07e-23	6.84e-20	5.58e-17	2.13e-14	3.66e-12	1.15e-08	3.53e-06	2.65e-04	5.02e-03	4.11e-02	1.37e-01	1.80e-01	1.89e-01	3.98e-01	4.81e-02	1.86e-03
 1.70919e+22	0.00e+00	2.25e-27	3.11e-23	9.85e-20	7.70e-17	2.81e-14	4.59e-12	1.41e-08	4.28e-06	3.16e-04	5.79e-03	4.58e-02	1.47e-01	1.86e-01	1.88e-01	3.81e-01	4.42e-02	1.64e-03
 1.72884e+22	0.00e+00	3.18e-27	4.26e-23	1.31e-19	9.87e-17	3.47e-14	5.46e-12	1.65e-08	4.95e-06	3.60e-04	6.46e-03	4.97e-02	1.55e-01	1.91e-01	1.87e-01	3.67e-01	4.13e-02	1.49e-03
 1.74873e+22	0.00e+00	4.45e-27	5.78e-23	1.72e-19	1.26e-16	4.26e-14	6.48e-12	1.92e-08	5.71e-06	4.09e-04	7.18e-03	5.37e-02	1.63e-01	1.95e-01	1.86e-01	3.54e-01	3.86e-02	1.35e-03
 1.77459e+22	0.00e+00	6.82e-27	8.53e-23	2.44e-19	1.71e-16	5.55e-14	8.05e-12	2.33e-08	6.82e-06	4.80e-04	8.19e-03	5.92e-02	1.74e-01	2.01e-01	1.84e-01	3.37e-01	3.53e-02	1.19e-03
 1.80161e+22	0.00e+00	1.06e-26	1.28e-22	3.50e-19	2.35e-16	7.29e-14	1.01e-11	2.84e-08	8.18e-06	5.65e-04	9.37e-03	6.52e-02	1.85e-01	2.06e-01	1.81e-01	3.20e-01	3.21e-02	1.04e-03
 1.82421e+22	0.00e+00	1.52e-26	1.77e-22	4.70e-19	3.05e-16	9.11e-14	1.21e-11	3.34e-08	9.47e-06	6.44e-04	1.04e-02	7.05e-02	1.94e-01	2.09e-01	1.79e-01	3.06e-01	2.97e-02	9.24e-04
 1.84768e+22	0.00e+00	2.18e-26	2.46e-22	6.31e-19	3.96e-16	1.14e-13	1.46e-11	3.91e-08	1.09e-05	7.33e-04	1.16e-02	7.60e-02	2.04e-01	2.13e-01	1.76e-01	2.91e-01	2.73e-02	8.23e-04
 1.87820e+22	0.00e+00	3.42e-26	3.71e-22	9.15e-19	5.50e-16	1.51e-13	1.84e-11	4.78e-08	1.31e-05	8.61e-04	1.32e-02	8.34e-02	2.15e-01	2.16e-01	1.72e-01	2.74e-01	2.46e-02	7.09e-04
 1.90949e+22	0.00e+00	5.42e-26	5.64e-22	1.33e-18	7.68e-16	2.01e-13	2.34e-11	5.84e-08	1.57e-05	1.01e-03	1.51e-02	9.13e-02	2.27e-01	2.19e-01	1.67e-01	2.56e-01	2.20e-02	6.07e-04
 1.93488e+22	0.00e+00	7.81e-26	7.88e-22	1.80e-18	1.00e-15	2.52e-13	2.82e-11	6.84e-08	1.81e-05	1.15e-03	1.67e-02	9.80e-02	2.37e-01	2.21e-01	1.63e-01	2.42e-01	2.00e-02	5.34e-04
 1.96094e+22	0.00e+00	1.11e-25	1.08e-21	2.40e-18	1.29e-15	3.14e-13	3.39e-11	7.96e-08	2.08e-05	1.29e-03	1.84e-02	1.05e-01	2.46e-01	2.23e-01	1.60e-01	2.29e-01	1.83e-02	4.72e-04
 1.99033e+22	0.00e+00	1.64e-25	1.55e-21	3.32e-18	1.72e-15	4.01e-13	4.15e-11	9.43e-08	2.42e-05	1.48e-03	2.04e-02	1.12e-01	2.56e-01	2.24e-01	1.55e-01	2.14e-01	1.65e-02	4.10e-04
 2.01703e+22	0.00e+00	2.32e-25	2.13e-21	4.42e-18	2.22e-15	5.00e-13	4.98e-11	1.10e-07	2.76e-05	1.66e-03	2.24e-02	1.20e-01	2.64e-01	2.24e-01	1.51e-01	2.02e-01	1.50e-02	3.60e-04
 2.04040e+22	0.00e+00	3.11e-25	2.79e-21	5.65e-18	2.76e-15	6.02e-13	5.82e-11	1.24e-07	3.09e-05	1.83e-03	2.42e-02	1.26e-01	2.71e-01	2.24e-01	1.47e-01	1.92e-01	1.38e-02	3.22e-04
 2.06643e+22	0.00e+00	4.27e-25	3.73e-21	7.34e-18	3.48e-15	7.35e-13	6.88e-11	1.43e-07	3.48e-05	2.03e-03	2.63e-02	1.33e-01	2.79e-01	2.24e-01	1.42e-01	1.81e-01	1.26e-02	2.85e-04
 2.10026e+22	0.00e+00	6.38e-25	5.39e-21	1.02e-17	4.67e-15	9.48e-13	8.50e-11	1.69e-07	4.05e-05	2.31e-03	2.91e-02	1.42e-01	2.88e-01	2.23e-01	1.37e-01	1.68e-01	1.13e-02	2.44e-04
 2.13491e+22	0.00e+00	9.56e-25	7.81e-21	1.43e-17	6.30e-15	1.23e-12	1.05e-10	2.02e-07	4.71e-05	2.63e-03	3.22e-02	1.51e-01	2.97e-01	2.21e-01	1.31e-01	1.55e-01	9.97e-03	2.07e-04
 2.16292e+22	0.00e+00	1.31e-24	1.04e-20	1.86e-17	7.97e-15	1.50e-12	1.25e-10	2.31e-07	5.30e-05	2.91e-03	3.48e-02	1.59e-01	3.03e-01	2.20e-01	1.27e-01	1.45e-01	9.05e-03	1.82e-04
 2.19167e+22	0.00e+00	1.79e-24	1.39e-20	2.41e-17	1.00e-14	1.83e-12	1.47e-10	2.64e-07	5.95e-05	3.21e-03	3.76e-02	1.66e-01	3.09e-01	2.18e-01	1.22e-01	1.36e-01	8.21e-03	1.60e-04
 2.22904e+22	0.00e+00	2.66e-24	2.00e-20	3.35e-17	1.34e-14	2.35e-12	1.82e-10	3.13e-07	6.88e-05	3.63e-03	4.13e-02	1.76e-01	3.16e-01	2.14e-01	1.16e-01	1.25e-01	7.24e-03	1.35e-04
 2.26799e+22	0.00e+00	3.98e-24	2.90e-20	4.69e-17	1.81e-14	3.05e-12	2.26e-10	3.73e-07	7.98e-05	4.11e-03	4.54e-02	1.86e-01	3.23e-01	2.11e-01	1.10e-01	1.14e-01	6.34e-03	1.14e-04
 2.29847e+22	0.00e+00	5.46e-24	3.86e-20	6.09e-17	2.29e-14	3.73e-12	2.67e-10	4.26e-07	8.95e-05	4.53e-03	4.88e-02	1.94e-01	3.27e-01	2.08e-01	1.06e-01	1.06e-01	5.70e-03	9.90e-05
 2.32304e+22	0.00e+00	6.90e-24	4.80e-20	7.42e-17	2.73e-14	4.34e-12	3.03e-10	4.72e-07	9.75e-05	4.86e-03	5.15e-02	2.00e-01	3.30e-01	2.05e-01	1.02e-01	1.00e-01	5.27e-03	8.92e-05
 2.35047e+22	0.00e+00	8.96e-24	6.10e-20	9.22e-17	3.31e-14	5.13e-12	3.49e-10	5.28e-07	1.07e-04	5.26e-03	5.46e-02	2.07e-01	3.34e-01	2.02e-01	9.86e-02	9.44e-02	4.82e-03	7.93e-05
 2.38612e+22	0.00e+00	1.25e-23	8.26e-20	1.21e-16	4.23e-14	6.35e-12	4.17e-10	6.09e-07	1.21e-04	5.80e-03	5.88e-02	2.15e-01	3.37e-01	1.98e-01	9.38e-02	8.72e-02	4.29e-03	6.83e-05
 2.42464e+22	0.00e+00	1.77e-23	1.14e-19	1.63e-16	5.50e-14	7.96e-12	5.05e-10	7.09e-07	1.37e-04	6.43e-03	6.34e-02	2.24e-01	3.40e-01	1.93e-01	8.88e-02	7.99e-02	3.79e-03	5.80e-05
 2.45877e+22	0.00e+00	2.40e-23	1.51e-19	2.10e-16	6.90e-14	9.69e-12	5.95e-10	8.09e-07	1.53e-04	7.03e-03	6.77e-02	2.32e-01	3.42e-01	1.89e-01	8.45e-02	7.39e-02	3.39e-03	5.03e-05
 2.49498e+22	0.00e+00	3.27e-23	2.01e-19	2.72e-16	8.69e-14	1.18e-11	7.04e-10	9.25e-07	1.71e-04	7.69e-03	7.23e-02	2.40e-01	3.44e-01	1.84e-01	8.03e-02	6.82e-02	3.03e-03	4.35e-05
 2.54207e+22	0.00e+00	4.82e-23	2.87e-19	3.76e-16	1.16e-13	1.52e-11	8.70e-10	1.10e-06	1.96e-04	8.60e-03	7.83e-02	2.50e-01	3.46e-01	1.78e-01	7.51e-02	6.15e-02	2.62e-03	3.60e-05
 2.58974e+22	0.00e+00	7.13e-23	4.11e-19	5.22e-16	1.56e-13	1.96e-11	1.08e-09	1.30e-06	2.26e-04	9.61e-03	8.47e-02	2.60e-01	3.46e-01	1.72e-01	7.00e-02	5.53e-02	2.25e-03	2.98e-05
 2.62763e+22	0.00e+00	9.63e-23	5.43e-19	6.72e-16	1.95e-13	2.38e-11	1.27e-09	1.48e-06	2.51e-04	1.05e-02	9.00e-02	2.67e-01	3.46e-01	1.67e-01	6.62e-02	5.09e-02	2.01e-03	2.57e-05
 2.66633e+22	0.00e+00	1.29e-22	7.11e-19	8.59e-16	2.43e-13	2.89e-11	1.49e-09	1.68e-06	2.79e-04	1.14e-02	9.53e-02	2.74e-01	3.46e-01	1.62e-01	6.26e-02	4.68e-02	1.79e-03	2.21e-05
 2.71663e+22	0.00e+00	1.87e-22	1.00e-18	1.17e-15	3.21e-13	3.67e-11	1.83e-09	1.98e-06	3.18e-04	1.26e-02	1.02e-01	2.83e-01	3.45e-01	1.55e-01	5.82e-02	4.21e-02	1.54e-03	1.83e-05
 2.76705e+22	0.00e+00	2.71e-22	1.41e-18	1.60e-15	4.23e-13	4.67e-11	2.24e-09	2.32e-06	3.62e-04	1.39e-02	1.10e-01	2.92e-01	3.43e-01	1.49e-01	5.40e-02	3.77e-02	1.33e-03	1.52e-05
 2.80636e+22	0.00e+00	3.58e-22	1.82e-18	2.02e-15	5.21e-13	5.60e-11	2.61e-09	2.62e-06	3.99e-04	1.50e-02	1.15e-01	2.98e-01	3.41e-01	1.44e-01	5.10e-02	3.47e-02	1.18e-03	1.31e-05
 2.84621e+22	0.00e+00	4.70e-22	2.34e-18	2.54e-15	6.39e-13	6.68e-11	3.03e-09	2.95e-06	4.39e-04	1.61e-02	1.21e-01	3.04e-01	3.38e-01	1.39e-01	4.81e-02	3.20e-02	1.06e-03	1.14e-05
 2.89800e+22	0.00e+00	6.63e-22	3.21e-18	3.38e-15	8.26e-13	8.35e-11	3.65e-09	3.43e-06	4.94e-04	1.77e-02	1.29e-01	3.11e-01	3.35e-01	1.33e-01	4.47e-02	2.87e-02	9.17e-04	9.48e-06
 2.95375e+22	0.00e+00	9.54e-22	4.49e-18	4.59e-15	1.09e-12	1.06e-10	4.46e-09	4.02e-06	5.61e-04	1.95e-02	1.37e-01	3.18e-01	3.31e-01	1.26e-01	4.12e-02	2.56e-02	7.85e-04	7.80e-06
 3.00311e+22	0.00e+00	1.31e-21	6.00e-18	5.97e-15	1.37e-12	1.30e-10	5.30e-09	4.60e-06	6.25e-04	2.11e-02	1.44e-01	3.24e-01	3.27e-01	1.21e-01	3.83e-02	2.32e-02	6.85e-04	6.58e-06
 3.05574e+22	0.00e+00	1.80e-21	8.04e-18	7.79e-15	1.74e-12	1.59e-10	6.31e-09	5.29e-06	6.97e-04	2.29e-02	1.52e-01	3.30e-01	3.22e-01	1.15e-01	3.56e-02	2.09e-02	5.97e-04	5.54e-06
 3.12417e+22	0.00e+00	2.69e-21	1.17e-17	1.09e-14	2.36e-12	2.08e-10	7.88e-09	6.30e-06	8.00e-04	2.54e-02	1.62e-01	3.37e-01	3.15e-01	1.08e-01	3.23e-02	1.83e-02	4.99e-04	4.42e-06
 3.19495e+22	0.00e+00	4.08e-21	1.71e-17	1.55e-14	3.21e-12	2.71e-10	9.88e-09	7.54e-06	9.21e-04	2.82e-02	1.73e-01	3.43e-01	3.08e-01	1.01e-01	2.91e-02	1.59e-02	4.14e-04	3.50e-06
 3.25398e+22	0.00e+00	5.69e-21	2.33e-17	2.05e-14	4.12e-12	3.37e-10	1.19e-08	8.70e-06	1.03e-03	3.06e-02	1.82e-01	3.47e-01	3.02e-01	9.60e-02	2.68e-02	1.42e-02	3.56e-04	2.90e-06
 3.30630e+22	0.00e+00	7.57e-21	3.02e-17	2.60e-14	5.10e-12	4.05e-10	1.38e-08	9.84e-06	1.13e-03	3.28e-02	1.90e-01	3.51e-01	2.96e-01	9.15e-02	2.49e-02	1.29e-02	3.12e-04	2.46e-06
 3.36472e+22	7.91e-29	1.03e-20	4.03e-17	3.37e-14	6.43e-12	4.95e-10	1.64e-08	1.12e-05	1.26e-03	3.53e-02	1.99e-01	3.54e-01	2.90e-01	8.66e-02	2.30e-02	1.15e-02	2.70e-04	2.06e-06
 3.44067e+22	1.12e-28	1.52e-20	5.72e-17	4.63e-14	8.53e-12	6.33e-10	2.02e-08	1.32e-05	1.43e-03	3.87e-02	2.09e-01	3.58e-01	2.81e-01	8.09e-02	2.07e-02	1.01e-02	2.26e-04	1.65e-06
 3.52057e+22	1.61e-28	2.28e-20	8.34e-17	6.51e-14	1.16e-11	8.24e-10	2.52e-08	1.58e-05	1.63e-03	4.26e-02	2.21e-01	3.61e-01	2.72e-01	7.48e-02	1.85e-02	8.67e-03	1.86e-04	1.29e-06
 3.58508e+22	2.12e-28	3.13e-20	1.12e-16	8.49e-14	1.47e-11	1.01e-09	2.99e-08	1.81e-05	1.81e-03	4.58e-02	2.31e-01	3.62e-01	2.64e-01	7.04e-02	1.69e-02	7.71e-03	1.59e-04	1.07e-06
 3.63990e+22	2.68e-28	4.07e-20	1.42e-16	1.06e-13	1.78e-11	1.20e-09	3.45e-08	2.02e-05	1.97e-03	4.86e-02	2.38e-01	3.63e-01	2.58e-01	6.68e-02	1.57e-02	6.99e-03	1.40e-04	9.13e-07
 3.70265e+22	3.48e-28	5.43e-20	1.86e-16	1.34e-13	2.21e-11	1.44e-09	4.03e-08	2.28e-05	2.16e-03	5.19e-02	2.47e-01	3.64e-01	2.51e-01	6.30e-02	1.45e-02	6.26e-03	1.21e-04	7.65e-07
 3.78422e+22	4.81e-28	7.78e-20	2.58e-16	1.81e-13	2.88e-11	1.81e-09	4.89e-08	2.66e-05	2.43e-03	5.62e-02	2.58e-01	3.65e-01	2.42e-01	5.84e-02	1.30e-02	5.46e-03	1.02e-04	6.14e-07
 3.87084e+22	6.76e-28	1.15e-19	3.68e-16	2.50e-13	3.84e-11	2.32e-09	6.02e-08	3.13e-05	2.74e-03	6.12e-02	2.70e-01	3.65e-01	2.32e-01	5.37e-02	1.16e-02	4.69e-03	8.33e-05	4.82e-07
 3.94434e+22	8.90e-28	1.57e-19	4.92e-16	3.26e-13	4.85e-11	2.85e-09	7.14e-08	3.57e-05	3.03e-03	6.55e-02	2.79e-01	3.64e-01	2.23e-01	5.01e-02	1.05e-02	4.13e-03	7.08e-05	3.95e-07
 4.02020e+22	1.18e-27	2.14e-19	6.55e-16	4.22e-13	6.11e-11	3.47e-09	8.44e-08	4.07e-05	3.34e-03	7.00e-02	2.89e-01	3.62e-01	2.15e-01	4.67e-02	9.52e-03	3.65e-03	6.02e-05	3.23e-07
 4.11883e+22	1.67e-27	3.16e-19	9.35e-16	5.82e-13	8.13e-11	4.44e-09	1.04e-07	4.78e-05	3.77e-03	7.59e-02	3.01e-01	3.60e-01	2.05e-01	4.27e-02	8.42e-03	3.12e-03	4.91e-05	2.52e-07
 4.22106e+22	2.38e-27	4.73e-19	1.36e-15	8.17e-13	1.10e-10	5.77e-09	1.29e-07	5.67e-05	4.28e-03	8.26e-02	3.13e-01	3.57e-01	1.94e-01	3.86e-02	7.36e-03	2.63e-03	3.94e-05	1.93e-07
 4.30446e+22	3.13e-27	6.51e-19	1.82e-15	1.07e-12	1.39e-10	7.08e-09	1.53e-07	6.47e-05	4.72e-03	8.81e-02	3.23e-01	3.54e-01	1.86e-01	3.57e-02	6.62e-03	2.29e-03	3.31e-05	1.56e-07
 4.38934e+22	4.13e-27	8.85e-19	2.42e-15	1.38e-12	1.75e-10	8.62e-09	1.81e-07	7.35e-05	5.18e-03	9.38e-02	3.32e-01	3.50e-01	1.78e-01	3.30e-02	5.96e-03	2.01e-03	2.79e-05	1.27e-07
 4.49968e+22	5.81e-27	1.30e-18	3.44e-15	1.89e-12	2.32e-10	1.10e-08	2.22e-07	8.61e-05	5.82e-03	1.01e-01	3.43e-01	3.45e-01	1.68e-01	2.99e-02	5.22e-03	1.70e-03	2.26e-05	0.00e+00
 4.60839e+22	8.11e-27	1.91e-18	4.91e-15	2.62e-12	3.10e-10	1.41e-08	2.73e-07	1.01e-04	6.54e-03	1.09e-01	3.54e-01	3.39e-01	1.58e-01	2.69e-02	4.54e-03	1.43e-03	1.81e-05	0.00e+00
 4.68813e+22	1.02e-26	2.49e-18	6.29e-15	3.28e-12	3.79e-10	1.68e-08	3.16e-07	1.13e-04	7.09e-03	1.15e-01	3.62e-01	3.35e-01	1.51e-01	2.49e-02	4.12e-03	1.26e-03	1.55e-05	0.00e+00
 4.76495e+22	1.27e-26	3.20e-18	7.91e-15	4.04e-12	4.56e-10	1.97e-08	3.61e-07	1.25e-04	7.64e-03	1.20e-01	3.69e-01	3.30e-01	1.45e-01	2.32e-02	3.76e-03	1.13e-03	1.33e-05	0.00e+00
 4.86480e+22	1.69e-26	4.37e-18	1.06e-14	5.25e-12	5.76e-10	2.40e-08	4.27e-07	1.42e-04	8.38e-03	1.28e-01	3.77e-01	3.24e-01	1.37e-01	2.12e-02	3.35e-03	9.73e-04	1.11e-05	0.00e+00
 4.97423e+22	2.27e-26	6.11e-18	1.44e-14	6.94e-12	7.38e-10	2.98e-08	5.11e-07	1.63e-04	9.25e-03	1.36e-01	3.85e-01	3.18e-01	1.29e-01	1.92e-02	2.95e-03	8.31e-04	9.09e-06	0.00e+00
 5.07405e+22	2.95e-26	8.27e-18	1.90e-14	8.97e-12	9.29e-10	3.63e-08	6.03e-07	1.85e-04	1.01e-02	1.43e-01	3.93e-01	3.11e-01	1.22e-01	1.75e-02	2.61e-03	7.15e-04	7.51e-06	0.00e+00
 5.16661e+22	3.73e-26	1.08e-17	2.44e-14	1.12e-11	1.13e-09	4.31e-08	6.97e-07	2.07e-04	1.09e-02	1.50e-01	3.99e-01	3.05e-01	1.16e-01	1.61e-02	2.35e-03	6.28e-04	6.37e-06	0.00e+00
 5.27175e+22	4.83e-26	1.44e-17	3.19e-14	1.44e-11	1.41e-09	5.21e-08	8.17e-07	2.33e-04	1.19e-02	1.58e-01	4.06e-01	2.97e-01	1.09e-01	1.47e-02	2.09e-03	5.42e-04	5.28e-06	0.00e+00
 5.40845e+22	6.67e-26	2.07e-17	4.46e-14	1.94e-11	1.85e-09	6.59e-08	9.94e-07	2.71e-04	1.32e-02	1.69e-01	4.13e-01	2.88e-01	1.01e-01	1.30e-02	1.80e-03	4.51e-04	4.20e-06	0.00e+00
 5.55042e+22	9.27e-26	3.03e-17	6.35e-14	2.69e-11	2.47e-09	8.45e-08	1.23e-06	3.17e-04	1.48e-02	1.80e-01	4.20e-01	2.78e-01	9.31e-02	1.15e-02	1.53e-03	3.69e-04	3.26e-06	0.00e+00
 5.66625e+22	1.20e-25	4.07e-17	8.38e-14	3.46e-11	3.11e-09	1.03e-07	1.45e-06	3.59e-04	1.61e-02	1.90e-01	4.25e-01	2.69e-01	8.70e-02	1.03e-02	1.34e-03	3.14e-04	2.66e-06	0.00e+00
 5.78382e+22	1.54e-25	5.40e-17	1.09e-13	4.42e-11	3.87e-09	1.25e-07	1.70e-06	4.05e-04	1.75e-02	1.99e-01	4.30e-01	2.61e-01	8.12e-02	9.28e-03	1.18e-03	2.68e-04	2.18e-06	0.00e+00
 5.93665e+22	2.09e-25	7.63e-17	1.51e-13	5.94e-11	5.05e-09	1.57e-07	2.06e-06	4.68e-04	1.94e-02	2.11e-01	4.35e-01	2.51e-01	7.46e-02	8.16e-03	1.01e-03	2.21e-04	1.71e-06	0.00e+00
 6.09974e+22	2.89e-25	1.11e-16	2.14e-13	8.21e-11	6.77e-09	2.02e-07	2.56e-06	5.50e-04	2.17e-02	2.24e-01	4.39e-01	2.39e-01	6.76e-02	7.05e-03	8.45e-04	1.77e-04	1.30e-06	0.00e+00
 6.23782e+22	3.74e-25	1.50e-16	2.86e-13	1.07e-10	8.61e-09	2.49e-07	3.06e-06	6.27e-04	2.37e-02	2.35e-01	4.42e-01	2.29e-01	6.22e-02	6.23e-03	7.28e-04	1.48e-04	1.03e-06	0.00e+00
 6.37897e+22	4.80e-25	1.99e-16	3.73e-13	1.37e-10	1.08e-08	3.03e-07	3.60e-06	7.08e-04	2.57e-02	2.46e-01	4.44e-01	2.20e-01	5.74e-02	5.53e-03	6.32e-04	1.24e-04	8.32e-07	0.00e+00
 6.56247e+22	6.53e-25	2.82e-16	5.20e-13	1.86e-10	1.42e-08	3.86e-07	4.43e-06	8.25e-04	2.85e-02	2.60e-01	4.45e-01	2.08e-01	5.17e-02	4.76e-03	5.28e-04	9.95e-05	6.32e-07	0.00e+00
 6.75485e+22	8.93e-25	4.08e-16	7.39e-13	2.59e-10	1.92e-08	5.01e-07	5.54e-06	9.71e-04	3.18e-02	2.75e-01	4.45e-01	1.96e-01	4.61e-02	4.03e-03	4.33e-04	7.81e-05	4.68e-07	0.00e+00
 6.90501e+22	1.13e-24	5.40e-16	9.69e-13	3.33e-10	2.42e-08	6.14e-07	6.60e-06	1.10e-03	3.46e-02	2.88e-01	4.45e-01	1.86e-01	4.20e-02	3.52e-03	3.70e-04	6.43e-05	3.68e-07	0.00e+00
 7.02353e+22	1.34e-24	6.62e-16	1.18e-12	3.99e-10	2.85e-08	7.10e-07	7.46e-06	1.21e-03	3.67e-02	2.96e-01	4.44e-01	1.79e-01	3.92e-02	3.20e-03	3.30e-04	5.61e-05	3.10e-07	0.00e+00
 7.15467e+22	1.61e-24	8.17e-16	1.44e-12	4.84e-10	3.40e-08	8.29e-07	8.53e-06	1.33e-03	3.92e-02	3.06e-01	4.42e-01	1.72e-01	3.64e-02	2.88e-03	2.92e-04	4.82e-05	2.57e-07	0.00e+00
 7.32515e+22	2.02e-24	1.06e-15	1.86e-12	6.13e-10	4.23e-08	1.00e-06	1.00e-05	1.50e-03	4.23e-02	3.18e-01	4.40e-01	1.63e-01	3.32e-02	2.52e-03	2.50e-04	3.99e-05	2.04e-07	0.00e+00
 7.54677e+22	2.66e-24	1.46e-15	2.53e-12	8.21e-10	5.55e-08	1.27e-06	1.24e-05	1.74e-03	4.67e-02	3.33e-01	4.36e-01	1.52e-01	2.94e-02	2.13e-03	2.05e-04	3.14e-05	1.51e-07	0.00e+00
 7.76808e+22	3.47e-24	2.02e-15	3.50e-12	1.11e-09	7.35e-08	1.63e-06	1.53e-05	2.04e-03	5.16e-02	3.48e-01	4.30e-01	1.40e-01	2.58e-02	1.77e-03	1.66e-04	2.43e-05	0.00e+00	0.00e+00
 7.93441e+22	4.19e-24	2.55e-15	4.41e-12	1.39e-09	9.02e-08	1.96e-06	1.80e-05	2.29e-03	5.55e-02	3.60e-01	4.25e-01	1.32e-01	2.33e-02	1.55e-03	1.42e-04	2.01e-05	0.00e+00	0.00e+00
 8.09611e+22	4.96e-24	3.11e-15	5.36e-12	1.67e-09	1.07e-07	2.29e-06	2.06e-05	2.52e-03	5.90e-02	3.69e-01	4.21e-01	1.26e-01	2.14e-02	1.38e-03	1.24e-04	1.70e-05	0.00e+00	0.00e+00
 8.30632e+22	6.11e-24	3.98e-15	6.84e-12	2.10e-09	1.33e-07	2.76e-06	2.42e-05	2.83e-03	6.35e-02	3.81e-01	4.14e-01	1.18e-01	1.93e-02	1.19e-03	1.05e-04	1.39e-05	0.00e+00	0.00e+00
 8.54347e+22	7.64e-24	5.23e-15	9.00e-12	2.74e-09	1.70e-07	3.43e-06	2.94e-05	3.25e-03	6.91e-02	3.94e-01	4.06e-01	1.09e-01	1.70e-02	1.00e-03	8.64e-05	1.10e-05	0.00e+00	0.00e+00
 8.76256e+22	9.26e-24	6.69e-15	1.15e-11	3.47e-09	2.12e-07	4.18e-06	3.50e-05	3.68e-03	7.46e-02	4.06e-01	3.98e-01	1.01e-01	1.51e-02	8.54e-04	7.21e-05	8.81e-06	0.00e+00	0.00e+00
 8.95910e+22	1.09e-23	8.19e-15	1.42e-11	4.23e-09	2.56e-07	4.94e-06	4.06e-05	4.09e-03	7.96e-02	4.16e-01	3.91e-01	9.47e-02	1.36e-02	7.43e-04	6.15e-05	7.27e-06	0.00e+00	0.00e+00
 9.17943e+22	1.29e-23	1.01e-14	1.75e-11	5.16e-09	3.08e-07	5.82e-06	4.69e-05	4.53e-03	8.47e-02	4.26e-01	3.83e-01	8.88e-02	1.23e-02	6.48e-04	5.27e-05	6.04e-06	0.00e+00	0.00e+00
 9.46586e+22	1.58e-23	1.29e-14	2.26e-11	6.60e-09	3.88e-07	7.16e-06	5.63e-05	5.15e-03	9.16e-02	4.37e-01	3.73e-01	8.16e-02	1.07e-02	5.44e-04	4.32e-05	4.75e-06	0.00e+00	0.00e+00
 9.77550e+22	1.95e-23	1.71e-14	3.00e-11	8.67e-09	5.02e-07	9.00e-06	6.90e-05	5.94e-03	9.97e-02	4.50e-01	3.61e-01	7.40e-02	9.25e-03	4.46e-04	3.45e-05	3.63e-06	0.00e+00	0.00e+00
 1.00436e+23	2.29e-23	2.14e-14	3.80e-11	1.09e-08	6.22e-07	1.09e-05	8.21e-05	6.71e-03	1.07e-01	4.60e-01	3.50e-01	6.79e-02	8.12e-03	3.76e-04	2.85e-05	2.87e-06	0.00e+00	0.00e+00
 1.02834e+23	2.64e-23	2.59e-14	4.62e-11	1.31e-08	7.40e-07	1.27e-05	9.40e-05	7.38e-03	1.13e-01	4.67e-01	3.41e-01	6.34e-02	7.31e-03	3.28e-04	2.44e-05	2.39e-06	0.00e+00	0.00e+00
