#depth	Mg	Mg+	Mg+2	Mg+3	Mg+4	Mg+5	Mg+6	Mg+7	Mg+8	Mg+9	Mg+10	Mg+11	Mg+12
 6.17135e+19	0.00e+00	0.00e+00	0.00e+00	0.00e+00	1.84e-29	2.53e-24	8.43e-20	9.47e-16	5.40e-12	1.66e-08	1.06e-04	2.00e-02	9.80e-01
 1.87609e+20	0.00e+00	0.00e+00	0.00e+00	0.00e+00	3.91e-29	4.89e-24	1.48e-19	1.51e-15	7.77e-12	2.17e-08	1.27e-04	2.19e-02	9.78e-01
 3.18540e+20	0.00e+00	0.00e+00	0.00e+00	0.00e+00	8.43e-29	9.53e-24	2.61e-19	2.41e-15	1.12e-11	2.85e-08	1.52e-04	2.40e-02	9.76e-01
 4.54709e+20	0.00e+00	0.00e+00	0.00e+00	0.00e+00	1.84e-28	1.88e-23	4.65e-19	3.89e-15	1.64e-11	3.75e-08	1.83e-04	2.63e-02	9.73e-01
 5.48444e+20	0.00e+00	0.00e+00	0.00e+00	0.00e+00	3.12e-28	2.97e-23	6.88e-19	5.37e-15	2.11e-11	4.52e-08	2.08e-04	2.80e-02	9.72e-01
 5.86615e+20	0.00e+00	0.00e+00	0.00e+00	0.00e+00	3.91e-28	3.61e-23	8.12e-19	6.16e-15	2.35e-11	4.89e-08	2.19e-04	2.88e-02	9.71e-01
 6.18481e+20	0.00e+00	0.00e+00	0.00e+00	0.00e+00	4.60e-28	4.17e-23	9.17e-19	6.82e-15	2.54e-11	5.19e-08	2.28e-04	2.93e-02	9.70e-01
 6.59908e+20	0.00e+00	0.00e+00	0.00e+00	0.00e+00	5.78e-28	5.08e-23	1.09e-18	7.84e-15	2.84e-11	5.62e-08	2.40e-04	3.01e-02	9.70e-01
 7.13762e+20	0.00e+00	0.00e+00	0.00e+00	0.00e+00	7.75e-28	6.55e-23	1.35e-18	9.38e-15	3.26e-11	6.24e-08	2.58e-04	3.12e-02	9.69e-01
 7.83773e+20	0.00e+00	0.00e+00	0.00e+00	0.00e+00	1.13e-27	9.10e-23	1.79e-18	1.18e-14	3.91e-11	7.12e-08	2.82e-04	3.26e-02	9.67e-01
 8.56030e+20	0.00e+00	0.00e+00	0.00e+00	0.00e+00	1.66e-27	1.27e-22	2.38e-18	1.50e-14	4.71e-11	8.17e-08	3.08e-04	3.41e-02	9.66e-01
 9.11644e+20	0.00e+00	0.00e+00	0.00e+00	0.00e+00	2.24e-27	1.65e-22	2.96e-18	1.80e-14	5.44e-11	9.07e-08	3.31e-04	3.53e-02	9.64e-01
 9.56467e+20	0.00e+00	0.00e+00	0.00e+00	0.00e+00	2.83e-27	2.02e-22	3.53e-18	2.08e-14	6.08e-11	9.85e-08	3.50e-04	3.63e-02	9.63e-01
 1.00682e+21	0.00e+00	0.00e+00	0.00e+00	0.00e+00	3.68e-27	2.54e-22	4.28e-18	2.44e-14	6.90e-11	1.08e-07	3.72e-04	3.74e-02	9.62e-01
 1.07229e+21	0.00e+00	0.00e+00	0.00e+00	0.00e+00	5.16e-27	3.41e-22	5.51e-18	3.00e-14	8.13e-11	1.22e-07	4.03e-04	3.89e-02	9.61e-01
 1.14077e+21	0.00e+00	0.00e+00	0.00e+00	0.00e+00	7.34e-27	4.62e-22	7.15e-18	3.73e-14	9.62e-11	1.38e-07	4.37e-04	4.05e-02	9.59e-01
 1.19834e+21	0.00e+00	0.00e+00	0.00e+00	0.00e+00	9.84e-27	5.97e-22	8.89e-18	4.47e-14	1.11e-10	1.53e-07	4.69e-04	4.19e-02	9.58e-01
 1.25834e+21	0.00e+00	0.00e+00	0.00e+00	0.00e+00	1.32e-26	7.71e-22	1.11e-17	5.36e-14	1.28e-10	1.70e-07	5.02e-04	4.33e-02	9.56e-01
 1.32479e+21	0.00e+00	0.00e+00	0.00e+00	0.00e+00	1.86e-26	1.04e-21	1.42e-17	6.60e-14	1.50e-10	1.91e-07	5.44e-04	4.50e-02	9.54e-01
 1.38443e+21	0.00e+00	0.00e+00	0.00e+00	0.00e+00	2.50e-26	1.34e-21	1.77e-17	7.92e-14	1.74e-10	2.13e-07	5.83e-04	4.66e-02	9.53e-01
 1.43809e+21	0.00e+00	0.00e+00	0.00e+00	0.00e+00	3.26e-26	1.69e-21	2.16e-17	9.34e-14	1.97e-10	2.34e-07	6.21e-04	4.80e-02	9.51e-01
 1.49918e+21	0.00e+00	0.00e+00	0.00e+00	0.00e+00	4.38e-26	2.18e-21	2.69e-17	1.12e-13	2.28e-10	2.59e-07	6.65e-04	4.96e-02	9.50e-01
 1.57858e+21	0.00e+00	0.00e+00	0.00e+00	0.00e+00	6.42e-26	3.05e-21	3.58e-17	1.42e-13	2.74e-10	2.97e-07	7.27e-04	5.19e-02	9.47e-01
 1.65777e+21	0.00e+00	0.00e+00	0.00e+00	3.94e-31	9.38e-26	4.24e-21	4.75e-17	1.79e-13	3.29e-10	3.40e-07	7.95e-04	5.41e-02	9.45e-01
 1.71686e+21	0.00e+00	0.00e+00	0.00e+00	5.42e-31	1.24e-25	5.41e-21	5.85e-17	2.13e-13	3.77e-10	3.75e-07	8.49e-04	5.59e-02	9.43e-01
 1.77389e+21	0.00e+00	0.00e+00	0.00e+00	7.35e-31	1.62e-25	6.83e-21	7.14e-17	2.51e-13	4.29e-10	4.13e-07	9.03e-04	5.76e-02	9.42e-01
 1.84802e+21	0.00e+00	0.00e+00	0.00e+00	1.09e-30	2.29e-25	9.21e-21	9.23e-17	3.11e-13	5.06e-10	4.67e-07	9.79e-04	5.99e-02	9.39e-01
 1.92504e+21	0.00e+00	0.00e+00	0.00e+00	1.62e-30	3.27e-25	1.25e-20	1.20e-16	3.88e-13	6.01e-10	5.29e-07	1.06e-03	6.23e-02	9.37e-01
 1.98899e+21	0.00e+00	0.00e+00	0.00e+00	2.26e-30	4.37e-25	1.62e-20	1.49e-16	4.64e-13	6.93e-10	5.87e-07	1.14e-03	6.44e-02	9.34e-01
 2.05532e+21	0.00e+00	0.00e+00	0.00e+00	3.18e-30	5.90e-25	2.10e-20	1.87e-16	5.59e-13	8.01e-10	6.53e-07	1.22e-03	6.66e-02	9.32e-01
 2.12806e+21	0.00e+00	0.00e+00	0.00e+00	4.59e-30	8.16e-25	2.78e-20	2.38e-16	6.84e-13	9.38e-10	7.34e-07	1.32e-03	6.90e-02	9.30e-01
 2.19390e+21	0.00e+00	0.00e+00	0.00e+00	6.39e-30	1.09e-24	3.59e-20	2.96e-16	8.19e-13	1.08e-09	8.14e-07	1.41e-03	7.13e-02	9.27e-01
 2.25471e+21	0.00e+00	0.00e+00	0.00e+00	8.64e-30	1.43e-24	4.52e-20	3.61e-16	9.66e-13	1.23e-09	8.95e-07	1.50e-03	7.34e-02	9.25e-01
 2.32425e+21	0.00e+00	0.00e+00	0.00e+00	1.22e-29	1.92e-24	5.87e-20	4.51e-16	1.16e-12	1.42e-09	9.97e-07	1.61e-03	7.59e-02	9.22e-01
 2.40188e+21	0.00e+00	0.00e+00	0.00e+00	1.77e-29	2.68e-24	7.84e-20	5.78e-16	1.43e-12	1.67e-09	1.12e-06	1.74e-03	7.88e-02	9.19e-01
 2.47411e+21	0.00e+00	0.00e+00	0.00e+00	2.50e-29	3.64e-24	1.02e-19	7.27e-16	1.73e-12	1.94e-09	1.25e-06	1.86e-03	8.15e-02	9.17e-01
 2.54134e+21	0.00e+00	0.00e+00	0.00e+00	3.44e-29	4.82e-24	1.30e-19	8.96e-16	2.06e-12	2.22e-09	1.38e-06	1.99e-03	8.40e-02	9.14e-01
 2.61799e+21	0.00e+00	0.00e+00	0.00e+00	4.92e-29	6.60e-24	1.72e-19	1.13e-15	2.51e-12	2.59e-09	1.55e-06	2.14e-03	8.70e-02	9.11e-01
 2.70109e+21	0.00e+00	0.00e+00	0.00e+00	7.21e-29	9.24e-24	2.30e-19	1.46e-15	3.09e-12	3.06e-09	1.75e-06	2.32e-03	9.03e-02	9.07e-01
 2.77537e+21	0.00e+00	0.00e+00	0.00e+00	1.01e-28	1.24e-23	2.98e-19	1.82e-15	3.72e-12	3.53e-09	1.95e-06	2.48e-03	9.33e-02	9.04e-01
 2.84283e+21	0.00e+00	0.00e+00	0.00e+00	1.36e-28	1.62e-23	3.76e-19	2.22e-15	4.40e-12	4.03e-09	2.14e-06	2.64e-03	9.60e-02	9.01e-01
 2.91865e+21	0.00e+00	0.00e+00	0.00e+00	1.90e-28	2.17e-23	4.85e-19	2.77e-15	5.28e-12	4.65e-09	2.38e-06	2.83e-03	9.91e-02	8.98e-01
 3.00375e+21	0.00e+00	0.00e+00	0.00e+00	2.75e-28	3.01e-23	6.44e-19	3.54e-15	6.47e-12	5.45e-09	2.67e-06	3.05e-03	1.03e-01	8.94e-01
 3.08370e+21	0.00e+00	0.00e+00	0.00e+00	3.86e-28	4.06e-23	8.37e-19	4.43e-15	7.81e-12	6.31e-09	2.98e-06	3.27e-03	1.06e-01	8.91e-01
 3.15856e+21	0.00e+00	0.00e+00	0.00e+00	5.29e-28	5.36e-23	1.06e-18	5.45e-15	9.29e-12	7.23e-09	3.29e-06	3.49e-03	1.09e-01	8.87e-01
 3.24405e+21	0.00e+00	0.00e+00	0.00e+00	7.51e-28	7.30e-23	1.39e-18	6.88e-15	1.13e-11	8.42e-09	3.68e-06	3.75e-03	1.13e-01	8.83e-01
 3.33587e+21	0.00e+00	0.00e+00	0.00e+00	1.09e-27	1.01e-22	1.86e-18	8.79e-15	1.38e-11	9.88e-09	4.14e-06	4.04e-03	1.17e-01	8.79e-01
 3.41660e+21	0.00e+00	0.00e+00	0.00e+00	1.50e-27	1.34e-22	2.37e-18	1.09e-14	1.65e-11	1.14e-08	4.58e-06	4.31e-03	1.21e-01	8.75e-01
 3.50222e+21	0.00e+00	0.00e+00	0.00e+00	2.09e-27	1.80e-22	3.06e-18	1.35e-14	1.99e-11	1.31e-08	5.09e-06	4.62e-03	1.25e-01	8.71e-01
 3.59845e+21	0.00e+00	0.00e+00	0.00e+00	3.01e-27	2.49e-22	4.06e-18	1.73e-14	2.44e-11	1.54e-08	5.73e-06	4.98e-03	1.29e-01	8.66e-01
 3.68921e+21	0.00e+00	0.00e+00	0.00e+00	4.22e-27	3.35e-22	5.27e-18	2.16e-14	2.94e-11	1.78e-08	6.38e-06	5.34e-03	1.33e-01	8.62e-01
 3.77469e+21	0.00e+00	0.00e+00	0.00e+00	5.78e-27	4.42e-22	6.71e-18	2.66e-14	3.50e-11	2.04e-08	7.05e-06	5.69e-03	1.37e-01	8.57e-01
 3.87257e+21	0.00e+00	0.00e+00	0.00e+00	8.20e-27	6.02e-22	8.79e-18	3.36e-14	4.25e-11	2.38e-08	7.88e-06	6.11e-03	1.42e-01	8.52e-01
 3.98205e+21	0.00e+00	0.00e+00	0.00e+00	1.20e-26	8.45e-22	1.18e-17	4.34e-14	5.26e-11	2.81e-08	8.91e-06	6.61e-03	1.47e-01	8.47e-01
 4.07972e+21	0.00e+00	0.00e+00	0.00e+00	1.68e-26	1.14e-21	1.53e-17	5.42e-14	6.33e-11	3.25e-08	9.91e-06	7.08e-03	1.51e-01	8.42e-01
 4.16430e+21	0.00e+00	0.00e+00	0.00e+00	2.23e-26	1.46e-21	1.90e-17	6.55e-14	7.42e-11	3.68e-08	1.09e-05	7.50e-03	1.55e-01	8.37e-01
 4.25873e+21	0.00e+00	0.00e+00	0.00e+00	3.02e-26	1.90e-21	2.40e-17	8.00e-14	8.77e-11	4.20e-08	1.19e-05	7.97e-03	1.60e-01	8.32e-01
 4.38150e+21	0.00e+00	0.00e+00	0.00e+00	4.53e-26	2.72e-21	3.28e-17	1.05e-13	1.10e-10	5.01e-08	1.36e-05	8.66e-03	1.66e-01	8.26e-01
 4.50588e+21	0.00e+00	0.00e+00	0.00e+00	6.70e-26	3.85e-21	4.45e-17	1.36e-13	1.37e-10	5.94e-08	1.54e-05	9.38e-03	1.72e-01	8.19e-01
 4.60679e+21	0.00e+00	0.00e+00	0.00e+00	9.15e-26	5.08e-21	5.65e-17	1.67e-13	1.63e-10	6.81e-08	1.70e-05	9.99e-03	1.77e-01	8.13e-01
 4.71242e+21	0.00e+00	0.00e+00	3.85e-31	1.26e-25	6.72e-21	7.23e-17	2.07e-13	1.94e-10	7.82e-08	1.88e-05	1.07e-02	1.82e-01	8.08e-01
 4.84973e+21	0.00e+00	0.00e+00	6.04e-31	1.88e-25	9.61e-21	9.87e-17	2.71e-13	2.43e-10	9.33e-08	2.14e-05	1.16e-02	1.88e-01	8.00e-01
 4.99073e+21	0.00e+00	0.00e+00	9.53e-31	2.83e-25	1.38e-20	1.35e-16	3.55e-13	3.05e-10	1.11e-07	2.44e-05	1.26e-02	1.95e-01	7.92e-01
 5.10117e+21	0.00e+00	0.00e+00	1.35e-30	3.87e-25	1.81e-20	1.72e-16	4.37e-13	3.63e-10	1.28e-07	2.69e-05	1.34e-02	2.01e-01	7.86e-01
 5.20939e+21	0.00e+00	0.00e+00	1.88e-30	5.21e-25	2.36e-20	2.17e-16	5.34e-13	4.28e-10	1.45e-07	2.96e-05	1.42e-02	2.06e-01	7.80e-01
 5.35007e+21	0.00e+00	0.00e+00	2.88e-30	7.62e-25	3.31e-20	2.91e-16	6.88e-13	5.29e-10	1.72e-07	3.34e-05	1.53e-02	2.13e-01	7.72e-01
 5.49607e+21	0.00e+00	0.00e+00	4.43e-30	1.12e-24	4.66e-20	3.92e-16	8.90e-13	6.57e-10	2.03e-07	3.77e-05	1.65e-02	2.20e-01	7.64e-01
 5.61793e+21	0.00e+00	0.00e+00	6.31e-30	1.54e-24	6.16e-20	5.00e-16	1.10e-12	7.83e-10	2.33e-07	4.17e-05	1.76e-02	2.26e-01	7.57e-01
 5.74531e+21	0.00e+00	0.00e+00	8.98e-30	2.11e-24	8.15e-20	6.39e-16	1.36e-12	9.33e-10	2.68e-07	4.61e-05	1.88e-02	2.32e-01	7.49e-01
 5.91090e+21	0.00e+00	0.00e+00	1.43e-29	3.21e-24	1.18e-19	8.81e-16	1.79e-12	1.18e-09	3.21e-07	5.26e-05	2.04e-02	2.40e-01	7.40e-01
 6.07814e+21	0.00e+00	0.00e+00	2.26e-29	4.82e-24	1.69e-19	1.21e-15	2.35e-12	1.48e-09	3.83e-07	5.98e-05	2.21e-02	2.48e-01	7.30e-01
 6.21232e+21	0.00e+00	0.00e+00	3.22e-29	6.64e-24	2.24e-19	1.55e-15	2.91e-12	1.77e-09	4.41e-07	6.61e-05	2.35e-02	2.54e-01	7.22e-01
 6.33190e+21	0.00e+00	0.00e+00	4.41e-29	8.79e-24	2.87e-19	1.92e-15	3.51e-12	2.06e-09	4.98e-07	7.22e-05	2.48e-02	2.60e-01	7.15e-01
 6.46771e+21	0.00e+00	0.00e+00	6.24e-29	1.20e-23	3.78e-19	2.44e-15	4.32e-12	2.45e-09	5.70e-07	7.96e-05	2.64e-02	2.67e-01	7.07e-01
 6.64425e+21	0.00e+00	0.00e+00	9.71e-29	1.78e-23	5.37e-19	3.32e-15	5.62e-12	3.06e-09	6.76e-07	9.01e-05	2.85e-02	2.75e-01	6.97e-01
 6.82382e+21	0.00e+00	0.00e+00	1.51e-28	2.65e-23	7.64e-19	4.51e-15	7.33e-12	3.81e-09	8.04e-07	1.02e-04	3.07e-02	2.83e-01	6.86e-01
 6.96845e+21	0.00e+00	0.00e+00	2.15e-28	3.63e-23	1.01e-18	5.74e-15	9.03e-12	4.54e-09	9.21e-07	1.12e-04	3.27e-02	2.90e-01	6.77e-01
 7.11758e+21	0.00e+00	0.00e+00	3.05e-28	4.97e-23	1.33e-18	7.33e-15	1.11e-11	5.41e-09	1.06e-06	1.24e-04	3.47e-02	2.97e-01	6.68e-01
 7.31145e+21	0.00e+00	0.00e+00	4.78e-28	7.44e-23	1.90e-18	1.00e-14	1.46e-11	6.76e-09	1.26e-06	1.41e-04	3.74e-02	3.06e-01	6.57e-01
 7.51169e+21	0.00e+00	0.00e+00	7.56e-28	1.12e-22	2.74e-18	1.37e-14	1.92e-11	8.49e-09	1.50e-06	1.60e-04	4.05e-02	3.15e-01	6.45e-01
 7.67534e+21	0.00e+00	0.00e+00	1.09e-27	1.56e-22	3.66e-18	1.77e-14	2.38e-11	1.02e-08	1.73e-06	1.77e-04	4.30e-02	3.22e-01	6.35e-01
 7.84320e+21	0.00e+00	0.00e+00	1.57e-27	2.16e-22	4.90e-18	2.28e-14	2.97e-11	1.22e-08	1.99e-06	1.95e-04	4.58e-02	3.29e-01	6.25e-01
 8.02033e+21	0.00e+00	0.00e+00	2.31e-27	3.05e-22	6.64e-18	2.98e-14	3.73e-11	1.48e-08	2.31e-06	2.17e-04	4.88e-02	3.37e-01	6.14e-01
 8.17133e+21	0.00e+00	0.00e+00	3.18e-27	4.07e-22	8.56e-18	3.72e-14	4.52e-11	1.74e-08	2.62e-06	2.37e-04	5.14e-02	3.44e-01	6.05e-01
 8.32943e+21	0.00e+00	0.00e+00	4.43e-27	5.47e-22	1.11e-17	4.67e-14	5.51e-11	2.05e-08	2.97e-06	2.60e-04	5.43e-02	3.50e-01	5.95e-01
 8.53497e+21	0.00e+00	0.00e+00	6.75e-27	7.98e-22	1.55e-17	6.26e-14	7.08e-11	2.52e-08	3.50e-06	2.91e-04	5.82e-02	3.59e-01	5.83e-01
 8.74126e+21	0.00e+00	0.00e+00	1.03e-26	1.16e-21	2.17e-17	8.36e-14	9.10e-11	3.11e-08	4.11e-06	3.27e-04	6.23e-02	3.67e-01	5.70e-01
 8.90266e+21	0.00e+00	0.00e+00	1.42e-26	1.55e-21	2.80e-17	1.05e-13	1.10e-10	3.65e-08	4.65e-06	3.56e-04	6.56e-02	3.73e-01	5.61e-01
 9.03664e+21	0.00e+00	0.00e+00	1.84e-26	1.96e-21	3.45e-17	1.25e-13	1.29e-10	4.15e-08	5.14e-06	3.83e-04	6.84e-02	3.78e-01	5.53e-01
 9.18080e+21	0.00e+00	0.00e+00	2.44e-26	2.53e-21	4.31e-17	1.52e-13	1.53e-10	4.78e-08	5.73e-06	4.13e-04	7.16e-02	3.84e-01	5.44e-01
 9.36822e+21	0.00e+00	0.00e+00	3.48e-26	3.48e-21	5.72e-17	1.95e-13	1.89e-10	5.70e-08	6.57e-06	4.55e-04	7.57e-02	3.91e-01	5.33e-01
 9.55935e+21	0.00e+00	0.00e+00	5.01e-26	4.82e-21	7.63e-17	2.51e-13	2.35e-10	6.83e-08	7.56e-06	5.01e-04	8.02e-02	3.98e-01	5.22e-01
 9.71243e+21	0.00e+00	0.00e+00	6.67e-26	6.23e-21	9.58e-17	3.06e-13	2.79e-10	7.88e-08	8.44e-06	5.41e-04	8.38e-02	4.03e-01	5.13e-01
 9.86852e+21	0.00e+00	0.00e+00	8.88e-26	8.06e-21	1.20e-16	3.73e-13	3.31e-10	9.09e-08	9.42e-06	5.84e-04	8.77e-02	4.08e-01	5.03e-01
 1.00346e+22	0.00e+00	0.00e+00	1.20e-25	1.06e-20	1.53e-16	4.61e-13	3.97e-10	1.06e-07	1.06e-05	6.34e-04	9.19e-02	4.14e-01	4.94e-01
 1.01773e+22	0.00e+00	0.00e+00	1.56e-25	1.34e-20	1.88e-16	5.52e-13	4.64e-10	1.20e-07	1.17e-05	6.79e-04	9.56e-02	4.19e-01	4.85e-01
 1.03070e+22	0.00e+00	0.00e+00	1.96e-25	1.64e-20	2.26e-16	6.46e-13	5.32e-10	1.35e-07	1.28e-05	7.22e-04	9.90e-02	4.23e-01	4.78e-01
 1.04560e+22	0.00e+00	0.00e+00	2.55e-25	2.08e-20	2.79e-16	7.77e-13	6.24e-10	1.54e-07	1.41e-05	7.74e-04	1.03e-01	4.27e-01	4.69e-01
 1.06236e+22	0.00e+00	0.00e+00	3.42e-25	2.71e-20	3.52e-16	9.52e-13	7.44e-10	1.78e-07	1.58e-05	8.37e-04	1.08e-01	4.32e-01	4.59e-01
 1.07816e+22	0.00e+00	4.15e-31	4.51e-25	3.46e-20	4.38e-16	1.15e-12	8.77e-10	2.04e-07	1.76e-05	9.00e-04	1.12e-01	4.37e-01	4.50e-01
 1.09282e+22	0.00e+00	5.47e-31	5.80e-25	4.34e-20	5.35e-16	1.37e-12	1.02e-09	2.32e-07	1.93e-05	9.61e-04	1.16e-01	4.41e-01	4.42e-01
 1.10941e+22	0.00e+00	7.37e-31	7.61e-25	5.55e-20	6.65e-16	1.66e-12	1.20e-09	2.65e-07	2.15e-05	1.03e-03	1.21e-01	4.45e-01	4.33e-01
 1.12704e+22	0.00e+00	1.03e-30	1.03e-24	7.30e-20	8.49e-16	2.05e-12	1.45e-09	3.09e-07	2.42e-05	1.12e-03	1.27e-01	4.49e-01	4.23e-01
 1.14173e+22	0.00e+00	1.35e-30	1.32e-24	9.11e-20	1.03e-15	2.44e-12	1.68e-09	3.50e-07	2.65e-05	1.19e-03	1.31e-01	4.53e-01	4.14e-01
 1.15654e+22	0.00e+00	1.76e-30	1.69e-24	1.14e-19	1.26e-15	2.89e-12	1.94e-09	3.95e-07	2.92e-05	1.27e-03	1.36e-01	4.56e-01	4.06e-01
 1.17580e+22	0.00e+00	2.49e-30	2.31e-24	1.51e-19	1.61e-15	3.60e-12	2.35e-09	4.63e-07	3.29e-05	1.38e-03	1.42e-01	4.60e-01	3.96e-01
 1.19522e+22	0.00e+00	3.52e-30	3.17e-24	2.00e-19	2.08e-15	4.49e-12	2.85e-09	5.42e-07	3.72e-05	1.50e-03	1.49e-01	4.64e-01	3.85e-01
 1.21043e+22	0.00e+00	4.60e-30	4.05e-24	2.50e-19	2.53e-15	5.33e-12	3.30e-09	6.14e-07	4.08e-05	1.60e-03	1.54e-01	4.67e-01	3.77e-01
 1.22580e+22	0.00e+00	6.00e-30	5.17e-24	3.11e-19	3.08e-15	6.32e-12	3.83e-09	6.94e-07	4.49e-05	1.70e-03	1.60e-01	4.70e-01	3.69e-01
 1.24579e+22	0.00e+00	8.46e-30	7.08e-24	4.13e-19	3.96e-15	7.88e-12	4.63e-09	8.13e-07	5.07e-05	1.85e-03	1.67e-01	4.73e-01	3.58e-01
 1.26622e+22	0.00e+00	1.20e-29	9.76e-24	5.52e-19	5.12e-15	9.87e-12	5.64e-09	9.57e-07	5.73e-05	2.01e-03	1.74e-01	4.77e-01	3.47e-01
 1.28202e+22	0.00e+00	1.57e-29	1.25e-23	6.90e-19	6.25e-15	1.17e-11	6.55e-09	1.08e-06	6.31e-05	2.14e-03	1.80e-01	4.79e-01	3.39e-01
 1.29533e+22	0.00e+00	1.96e-29	1.53e-23	8.30e-19	7.37e-15	1.36e-11	7.42e-09	1.20e-06	6.83e-05	2.26e-03	1.85e-01	4.80e-01	3.32e-01
 1.31061e+22	0.00e+00	2.53e-29	1.93e-23	1.02e-18	8.89e-15	1.60e-11	8.56e-09	1.35e-06	7.47e-05	2.39e-03	1.91e-01	4.82e-01	3.24e-01
 1.33048e+22	0.00e+00	3.50e-29	2.61e-23	1.34e-18	1.13e-14	1.97e-11	1.03e-08	1.58e-06	8.40e-05	2.59e-03	1.99e-01	4.84e-01	3.14e-01
 1.35058e+22	0.00e+00	4.86e-29	3.53e-23	1.77e-18	1.45e-14	2.45e-11	1.24e-08	1.84e-06	9.45e-05	2.80e-03	2.07e-01	4.86e-01	3.04e-01
 1.36642e+22	0.00e+00	6.32e-29	4.50e-23	2.20e-18	1.76e-14	2.90e-11	1.44e-08	2.09e-06	1.04e-04	2.98e-03	2.14e-01	4.87e-01	2.96e-01
 1.38245e+22	0.00e+00	8.15e-29	5.69e-23	2.73e-18	2.13e-14	3.43e-11	1.66e-08	2.35e-06	1.14e-04	3.16e-03	2.21e-01	4.88e-01	2.88e-01
 1.40327e+22	0.00e+00	1.12e-28	7.66e-23	3.57e-18	2.71e-14	4.24e-11	2.00e-08	2.74e-06	1.28e-04	3.41e-03	2.29e-01	4.89e-01	2.79e-01
 1.42458e+22	0.00e+00	1.57e-28	1.04e-22	4.74e-18	3.49e-14	5.29e-11	2.43e-08	3.22e-06	1.45e-04	3.69e-03	2.38e-01	4.89e-01	2.69e-01
 1.44151e+22	0.00e+00	2.06e-28	1.34e-22	5.95e-18	4.29e-14	6.33e-11	2.84e-08	3.66e-06	1.60e-04	3.94e-03	2.46e-01	4.89e-01	2.60e-01
 1.45621e+22	0.00e+00	2.56e-28	1.64e-22	7.15e-18	5.06e-14	7.31e-11	3.22e-08	4.07e-06	1.73e-04	4.15e-03	2.52e-01	4.89e-01	2.54e-01
 1.47299e+22	0.00e+00	3.29e-28	2.08e-22	8.86e-18	6.13e-14	8.65e-11	3.73e-08	4.59e-06	1.90e-04	4.41e-03	2.60e-01	4.89e-01	2.46e-01
 1.49481e+22	0.00e+00	4.54e-28	2.81e-22	1.17e-17	7.85e-14	1.07e-10	4.50e-08	5.38e-06	2.14e-04	4.76e-03	2.70e-01	4.88e-01	2.37e-01
 1.51728e+22	0.00e+00	6.32e-28	3.82e-22	1.55e-17	1.01e-13	1.34e-10	5.47e-08	6.32e-06	2.42e-04	5.15e-03	2.80e-01	4.87e-01	2.27e-01
 1.53556e+22	0.00e+00	8.25e-28	4.90e-22	1.95e-17	1.25e-13	1.61e-10	6.40e-08	7.20e-06	2.67e-04	5.49e-03	2.89e-01	4.86e-01	2.20e-01
 1.55429e+22	0.00e+00	1.07e-27	6.27e-22	2.44e-17	1.53e-13	1.93e-10	7.49e-08	8.21e-06	2.95e-04	5.85e-03	2.98e-01	4.84e-01	2.12e-01
 1.57863e+22	0.00e+00	1.50e-27	8.60e-22	3.27e-17	1.99e-13	2.43e-10	9.16e-08	9.70e-06	3.35e-04	6.35e-03	3.09e-01	4.82e-01	2.02e-01
 1.60344e+22	0.00e+00	2.11e-27	1.18e-21	4.39e-17	2.60e-13	3.07e-10	1.12e-07	1.15e-05	3.82e-04	6.89e-03	3.21e-01	4.79e-01	1.93e-01
 1.62333e+22	0.00e+00	2.75e-27	1.52e-21	5.54e-17	3.21e-13	3.69e-10	1.32e-07	1.32e-05	4.23e-04	7.36e-03	3.30e-01	4.77e-01	1.85e-01
 1.64045e+22	0.00e+00	3.43e-27	1.88e-21	6.74e-17	3.83e-13	4.31e-10	1.51e-07	1.47e-05	4.61e-04	7.77e-03	3.38e-01	4.74e-01	1.79e-01
 1.65948e+22	0.00e+00	4.36e-27	2.36e-21	8.33e-17	4.65e-13	5.11e-10	1.75e-07	1.66e-05	5.07e-04	8.24e-03	3.47e-01	4.71e-01	1.73e-01
 1.68422e+22	0.00e+00	5.91e-27	3.16e-21	1.09e-16	5.94e-13	6.33e-10	2.11e-07	1.95e-05	5.71e-04	8.88e-03	3.59e-01	4.68e-01	1.64e-01
 1.70919e+22	0.00e+00	8.01e-27	4.23e-21	1.43e-16	7.60e-13	7.86e-10	2.55e-07	2.28e-05	6.43e-04	9.58e-03	3.70e-01	4.63e-01	1.56e-01
 1.72884e+22	0.00e+00	1.01e-26	5.28e-21	1.76e-16	9.19e-13	9.28e-10	2.95e-07	2.57e-05	7.05e-04	1.01e-02	3.79e-01	4.59e-01	1.50e-01
 1.74873e+22	0.00e+00	1.26e-26	6.55e-21	2.15e-16	1.10e-12	1.09e-09	3.40e-07	2.88e-05	7.71e-04	1.07e-02	3.88e-01	4.56e-01	1.44e-01
 1.77459e+22	0.00e+00	1.68e-26	8.62e-21	2.78e-16	1.40e-12	1.34e-09	4.06e-07	3.35e-05	8.64e-04	1.15e-02	4.00e-01	4.50e-01	1.37e-01
 1.80161e+22	0.00e+00	2.25e-26	1.14e-20	3.62e-16	1.78e-12	1.65e-09	4.88e-07	3.90e-05	9.71e-04	1.24e-02	4.12e-01	4.45e-01	1.30e-01
 1.82421e+22	0.00e+00	2.85e-26	1.44e-20	4.49e-16	2.16e-12	1.97e-09	5.67e-07	4.42e-05	1.07e-03	1.31e-02	4.22e-01	4.40e-01	1.24e-01
 1.84768e+22	0.00e+00	3.59e-26	1.80e-20	5.56e-16	2.63e-12	2.33e-09	6.58e-07	5.00e-05	1.17e-03	1.39e-02	4.31e-01	4.35e-01	1.19e-01
 1.87820e+22	0.00e+00	4.82e-26	2.40e-20	7.27e-16	3.37e-12	2.90e-09	7.94e-07	5.84e-05	1.32e-03	1.50e-02	4.44e-01	4.28e-01	1.12e-01
 1.90949e+22	4.48e-31	6.47e-26	3.20e-20	9.54e-16	4.32e-12	3.60e-09	9.60e-07	6.83e-05	1.49e-03	1.62e-02	4.56e-01	4.21e-01	1.05e-01
 1.93488e+22	5.93e-31	8.16e-26	4.01e-20	1.18e-15	5.28e-12	4.29e-09	1.12e-06	7.74e-05	1.64e-03	1.71e-02	4.66e-01	4.15e-01	1.00e-01
 1.96094e+22	7.75e-31	1.02e-25	4.99e-20	1.46e-15	6.37e-12	5.06e-09	1.29e-06	8.71e-05	1.80e-03	1.81e-02	4.76e-01	4.09e-01	9.53e-02
 1.99033e+22	1.05e-30	1.31e-25	6.38e-20	1.83e-15	7.88e-12	6.09e-09	1.51e-06	9.94e-05	1.99e-03	1.93e-02	4.87e-01	4.02e-01	9.01e-02
 2.01703e+22	1.36e-30	1.63e-25	7.92e-20	2.25e-15	9.52e-12	7.18e-09	1.74e-06	1.12e-04	2.18e-03	2.04e-02	4.96e-01	3.96e-01	8.57e-02
 2.04040e+22	1.71e-30	1.96e-25	9.51e-20	2.68e-15	1.12e-11	8.26e-09	1.97e-06	1.24e-04	2.35e-03	2.14e-02	5.04e-01	3.90e-01	8.20e-02
 2.06643e+22	2.17e-30	2.39e-25	1.16e-19	3.23e-15	1.33e-11	9.59e-09	2.24e-06	1.38e-04	2.55e-03	2.25e-02	5.13e-01	3.84e-01	7.82e-02
 2.10026e+22	2.93e-30	3.08e-25	1.48e-19	4.09e-15	1.65e-11	1.16e-08	2.64e-06	1.57e-04	2.82e-03	2.39e-02	5.23e-01	3.76e-01	7.36e-02
 2.13491e+22	3.98e-30	3.96e-25	1.91e-19	5.18e-15	2.05e-11	1.40e-08	3.11e-06	1.80e-04	3.13e-03	2.55e-02	5.34e-01	3.68e-01	6.91e-02
 2.16292e+22	5.05e-30	4.82e-25	2.32e-19	6.25e-15	2.43e-11	1.63e-08	3.54e-06	2.00e-04	3.40e-03	2.68e-02	5.42e-01	3.62e-01	6.57e-02
 2.19167e+22	6.39e-30	5.85e-25	2.81e-19	7.50e-15	2.88e-11	1.89e-08	4.02e-06	2.22e-04	3.68e-03	2.81e-02	5.50e-01	3.55e-01	6.25e-02
 2.22904e+22	8.58e-30	7.47e-25	3.58e-19	9.45e-15	3.56e-11	2.27e-08	4.72e-06	2.54e-04	4.06e-03	2.98e-02	5.60e-01	3.47e-01	5.86e-02
 2.26799e+22	1.16e-29	9.59e-25	4.59e-19	1.20e-14	4.43e-11	2.75e-08	5.55e-06	2.90e-04	4.50e-03	3.17e-02	5.70e-01	3.38e-01	5.48e-02
 2.29847e+22	1.46e-29	1.16e-24	5.56e-19	1.44e-14	5.25e-11	3.19e-08	6.31e-06	3.22e-04	4.87e-03	3.33e-02	5.78e-01	3.32e-01	5.19e-02
 2.32304e+22	1.75e-29	1.35e-24	6.44e-19	1.65e-14	5.96e-11	3.56e-08	6.93e-06	3.48e-04	5.16e-03	3.45e-02	5.84e-01	3.27e-01	4.99e-02
 2.35047e+22	2.12e-29	1.58e-24	7.56e-19	1.93e-14	6.86e-11	4.03e-08	7.70e-06	3.79e-04	5.51e-03	3.58e-02	5.90e-01	3.21e-01	4.77e-02
 2.38612e+22	2.71e-29	1.94e-24	9.26e-19	2.34e-14	8.20e-11	4.70e-08	8.80e-06	4.22e-04	5.97e-03	3.76e-02	5.97e-01	3.14e-01	4.50e-02
 2.42464e+22	3.53e-29	2.41e-24	1.15e-18	2.87e-14	9.91e-11	5.55e-08	1.01e-05	4.74e-04	6.52e-03	3.96e-02	6.05e-01	3.06e-01	4.23e-02
 2.45877e+22	4.42e-29	2.91e-24	1.39e-18	3.44e-14	1.17e-10	6.40e-08	1.14e-05	5.23e-04	7.02e-03	4.14e-02	6.12e-01	2.99e-01	4.00e-02
 2.49498e+22	5.57e-29	3.53e-24	1.68e-18	4.12e-14	1.38e-10	7.40e-08	1.30e-05	5.79e-04	7.57e-03	4.33e-02	6.18e-01	2.92e-01	3.78e-02
 2.54207e+22	7.44e-29	4.49e-24	2.14e-18	5.18e-14	1.70e-10	8.88e-08	1.51e-05	6.57e-04	8.32e-03	4.58e-02	6.26e-01	2.84e-01	3.52e-02
 2.58974e+22	9.97e-29	5.73e-24	2.72e-18	6.52e-14	2.10e-10	1.07e-07	1.77e-05	7.45e-04	9.15e-03	4.84e-02	6.34e-01	2.75e-01	3.27e-02
 2.62763e+22	1.25e-28	6.92e-24	3.28e-18	7.79e-14	2.47e-10	1.23e-07	1.99e-05	8.21e-04	9.83e-03	5.05e-02	6.39e-01	2.69e-01	3.09e-02
 2.66633e+22	1.56e-28	8.33e-24	3.94e-18	9.27e-14	2.90e-10	1.41e-07	2.24e-05	9.02e-04	1.05e-02	5.26e-02	6.45e-01	2.62e-01	2.92e-02
 2.71663e+22	2.06e-28	1.05e-23	4.97e-18	1.16e-13	3.55e-10	1.68e-07	2.60e-05	1.02e-03	1.15e-02	5.53e-02	6.51e-01	2.54e-01	2.72e-02
 2.76705e+22	2.72e-28	1.33e-23	6.27e-18	1.44e-13	4.34e-10	2.00e-07	3.01e-05	1.14e-03	1.26e-02	5.82e-02	6.57e-01	2.46e-01	2.53e-02
 2.80636e+22	3.36e-28	1.59e-23	7.48e-18	1.70e-13	5.05e-10	2.28e-07	3.36e-05	1.25e-03	1.34e-02	6.04e-02	6.61e-01	2.40e-01	2.39e-02
 2.84621e+22	4.13e-28	1.90e-23	8.88e-18	2.00e-13	5.85e-10	2.59e-07	3.75e-05	1.36e-03	1.43e-02	6.27e-02	6.65e-01	2.34e-01	2.26e-02
 2.89800e+22	5.36e-28	2.37e-23	1.10e-17	2.46e-13	7.05e-10	3.04e-07	4.29e-05	1.52e-03	1.55e-02	6.56e-02	6.69e-01	2.27e-01	2.11e-02
 2.95375e+22	7.09e-28	3.00e-23	1.39e-17	3.06e-13	8.61e-10	3.61e-07	4.96e-05	1.70e-03	1.68e-02	6.88e-02	6.74e-01	2.19e-01	1.96e-02
 3.00311e+22	9.02e-28	3.69e-23	1.71e-17	3.70e-13	1.02e-09	4.19e-07	5.62e-05	1.88e-03	1.81e-02	7.16e-02	6.77e-01	2.13e-01	1.84e-02
 3.05574e+22	1.16e-27	4.58e-23	2.10e-17	4.49e-13	1.22e-09	4.87e-07	6.37e-05	2.08e-03	1.94e-02	7.45e-02	6.80e-01	2.06e-01	1.72e-02
 3.12417e+22	1.58e-27	5.97e-23	2.72e-17	5.73e-13	1.52e-09	5.90e-07	7.48e-05	2.36e-03	2.13e-02	7.85e-02	6.84e-01	1.98e-01	1.58e-02
 3.19495e+22	2.18e-27	7.89e-23	3.57e-17	7.39e-13	1.91e-09	7.18e-07	8.81e-05	2.69e-03	2.34e-02	8.26e-02	6.87e-01	1.90e-01	1.44e-02
 3.25398e+22	2.82e-27	9.88e-23	4.44e-17	9.06e-13	2.30e-09	8.41e-07	1.00e-04	2.98e-03	2.52e-02	8.60e-02	6.89e-01	1.83e-01	1.34e-02
 3.30630e+22	3.53e-27	1.20e-22	5.35e-17	1.08e-12	2.69e-09	9.63e-07	1.12e-04	3.25e-03	2.68e-02	8.90e-02	6.90e-01	1.78e-01	1.26e-02
 3.36472e+22	4.50e-27	1.48e-22	6.57e-17	1.31e-12	3.20e-09	1.12e-06	1.27e-04	3.58e-03	2.87e-02	9.24e-02	6.91e-01	1.72e-01	1.18e-02
 3.44067e+22	6.12e-27	1.95e-22	8.51e-17	1.66e-12	3.96e-09	1.34e-06	1.48e-04	4.03e-03	3.12e-02	9.65e-02	6.92e-01	1.65e-01	1.08e-02
 3.52057e+22	8.39e-27	2.56e-22	1.11e-16	2.13e-12	4.96e-09	1.63e-06	1.74e-04	4.57e-03	3.42e-02	1.01e-01	6.93e-01	1.57e-01	9.84e-03
 3.58508e+22	1.08e-26	3.19e-22	1.37e-16	2.59e-12	5.92e-09	1.89e-06	1.97e-04	5.04e-03	3.66e-02	1.05e-01	6.92e-01	1.52e-01	9.15e-03
 3.63990e+22	1.32e-26	3.83e-22	1.64e-16	3.05e-12	6.85e-09	2.14e-06	2.18e-04	5.46e-03	3.87e-02	1.08e-01	6.92e-01	1.47e-01	8.61e-03
 3.70265e+22	1.67e-26	4.69e-22	1.98e-16	3.65e-12	8.05e-09	2.46e-06	2.44e-04	5.96e-03	4.11e-02	1.12e-01	6.91e-01	1.42e-01	8.04e-03
 3.78422e+22	2.22e-26	6.06e-22	2.53e-16	4.58e-12	9.85e-09	2.92e-06	2.81e-04	6.65e-03	4.44e-02	1.16e-01	6.89e-01	1.36e-01	7.38e-03
 3.87084e+22	3.00e-26	7.90e-22	3.27e-16	5.81e-12	1.22e-08	3.51e-06	3.27e-04	7.48e-03	4.82e-02	1.21e-01	6.87e-01	1.29e-01	6.72e-03
 3.94434e+22	3.84e-26	9.86e-22	4.04e-16	7.08e-12	1.46e-08	4.08e-06	3.70e-04	8.23e-03	5.15e-02	1.25e-01	6.84e-01	1.24e-01	6.21e-03
 4.02020e+22	4.91e-26	1.23e-21	4.98e-16	8.60e-12	1.74e-08	4.74e-06	4.18e-04	9.03e-03	5.49e-02	1.29e-01	6.81e-01	1.19e-01	5.75e-03
 4.11883e+22	6.70e-26	1.62e-21	6.50e-16	1.10e-11	2.16e-08	5.70e-06	4.87e-04	1.01e-02	5.94e-02	1.34e-01	6.77e-01	1.13e-01	5.21e-03
 4.22106e+22	9.13e-26	2.14e-21	8.49e-16	1.41e-11	2.71e-08	6.92e-06	5.70e-04	1.15e-02	6.46e-02	1.40e-01	6.72e-01	1.07e-01	4.69e-03
 4.30446e+22	1.17e-25	2.67e-21	1.05e-15	1.72e-11	3.23e-08	8.05e-06	6.45e-04	1.26e-02	6.89e-02	1.44e-01	6.67e-01	1.02e-01	4.31e-03
 4.38934e+22	1.48e-25	3.31e-21	1.29e-15	2.08e-11	3.84e-08	9.33e-06	7.27e-04	1.38e-02	7.33e-02	1.49e-01	6.62e-01	9.75e-02	3.96e-03
 4.49968e+22	2.01e-25	4.37e-21	1.68e-15	2.66e-11	4.77e-08	1.12e-05	8.43e-04	1.54e-02	7.91e-02	1.54e-01	6.55e-01	9.21e-02	3.58e-03
 4.60839e+22	2.68e-25	5.67e-21	2.16e-15	3.37e-11	5.91e-08	1.35e-05	9.79e-04	1.73e-02	8.54e-02	1.60e-01	6.47e-01	8.66e-02	3.20e-03
 4.68813e+22	3.29e-25	6.84e-21	2.58e-15	3.98e-11	6.87e-08	1.53e-05	1.09e-03	1.87e-02	9.00e-02	1.63e-01	6.41e-01	8.30e-02	2.97e-03
 4.76495e+22	3.97e-25	8.11e-21	3.04e-15	4.64e-11	7.89e-08	1.72e-05	1.19e-03	2.01e-02	9.45e-02	1.67e-01	6.35e-01	7.97e-02	2.76e-03
 4.86480e+22	5.08e-25	1.02e-20	3.76e-15	5.66e-11	9.41e-08	2.00e-05	1.35e-03	2.20e-02	1.00e-01	1.71e-01	6.27e-01	7.56e-02	2.52e-03
 4.97423e+22	6.57e-25	1.29e-20	4.71e-15	6.98e-11	1.14e-07	2.34e-05	1.53e-03	2.43e-02	1.07e-01	1.76e-01	6.18e-01	7.14e-02	2.28e-03
 5.07405e+22	8.16e-25	1.57e-20	5.71e-15	8.39e-11	1.34e-07	2.70e-05	1.72e-03	2.65e-02	1.13e-01	1.80e-01	6.08e-01	6.76e-02	2.07e-03
 5.16661e+22	9.98e-25	1.90e-20	6.82e-15	9.91e-11	1.56e-07	3.07e-05	1.90e-03	2.86e-02	1.19e-01	1.84e-01	6.00e-01	6.44e-02	1.91e-03
 5.27175e+22	1.24e-24	2.31e-20	8.24e-15	1.18e-10	1.83e-07	3.52e-05	2.13e-03	3.10e-02	1.25e-01	1.88e-01	5.90e-01	6.09e-02	1.74e-03
 5.40845e+22	1.62e-24	2.96e-20	1.04e-14	1.48e-10	2.24e-07	4.17e-05	2.44e-03	3.43e-02	1.34e-01	1.93e-01	5.78e-01	5.68e-02	1.54e-03
 5.55042e+22	2.13e-24	3.82e-20	1.33e-14	1.87e-10	2.77e-07	4.99e-05	2.81e-03	3.82e-02	1.43e-01	1.98e-01	5.63e-01	5.26e-02	1.36e-03
 5.66625e+22	2.63e-24	4.66e-20	1.61e-14	2.24e-10	3.27e-07	5.75e-05	3.15e-03	4.15e-02	1.51e-01	2.02e-01	5.52e-01	4.94e-02	1.22e-03
 5.78382e+22	3.20e-24	5.58e-20	1.92e-14	2.65e-10	3.82e-07	6.56e-05	3.50e-03	4.49e-02	1.59e-01	2.06e-01	5.40e-01	4.63e-02	1.10e-03
 5.93665e+22	4.13e-24	7.06e-20	2.40e-14	3.28e-10	4.63e-07	7.73e-05	3.98e-03	4.93e-02	1.68e-01	2.10e-01	5.24e-01	4.29e-02	9.71e-04
 6.09974e+22	5.22e-24	9.00e-20	3.03e-14	4.11e-10	5.70e-07	9.22e-05	4.58e-03	5.46e-02	1.79e-01	2.14e-01	5.07e-01	3.92e-02	8.40e-04
 6.23782e+22	6.45e-24	1.10e-19	3.67e-14	4.95e-10	6.75e-07	1.07e-04	5.13e-03	5.93e-02	1.89e-01	2.17e-01	4.92e-01	3.64e-02	7.44e-04
 6.37897e+22	7.90e-24	1.33e-19	4.38e-14	5.88e-10	7.91e-07	1.22e-04	5.69e-03	6.39e-02	1.98e-01	2.20e-01	4.78e-01	3.38e-02	6.63e-04
 6.56247e+22	1.01e-23	1.68e-19	5.45e-14	7.27e-10	9.62e-07	1.44e-04	6.48e-03	7.01e-02	2.09e-01	2.23e-01	4.60e-01	3.08e-02	5.72e-04
 6.75485e+22	1.31e-23	2.16e-19	6.88e-14	9.13e-10	1.19e-06	1.72e-04	7.43e-03	7.72e-02	2.21e-01	2.26e-01	4.40e-01	2.77e-02	4.86e-04
 6.90501e+22	1.59e-23	2.61e-19	8.20e-14	1.08e-09	1.39e-06	1.97e-04	8.26e-03	8.31e-02	2.31e-01	2.28e-01	4.24e-01	2.55e-02	4.26e-04
 7.02353e+22	1.85e-23	3.02e-19	9.37e-14	1.23e-09	1.57e-06	2.17e-04	8.90e-03	8.76e-02	2.37e-01	2.30e-01	4.12e-01	2.40e-02	3.88e-04
 7.15467e+22	2.16e-23	3.50e-19	1.07e-13	1.41e-09	1.77e-06	2.41e-04	9.63e-03	9.25e-02	2.45e-01	2.31e-01	4.00e-01	2.24e-02	3.50e-04
 7.32515e+22	2.63e-23	4.24e-19	1.27e-13	1.66e-09	2.06e-06	2.74e-04	1.06e-02	9.88e-02	2.54e-01	2.32e-01	3.84e-01	2.06e-02	3.07e-04
 7.54677e+22	3.35e-23	5.37e-19	1.57e-13	2.04e-09	2.49e-06	3.21e-04	1.20e-02	1.07e-01	2.65e-01	2.32e-01	3.65e-01	1.85e-02	2.60e-04
 7.76808e+22	4.30e-23	6.94e-19	1.97e-13	2.54e-09	3.04e-06	3.79e-04	1.35e-02	1.16e-01	2.76e-01	2.33e-01	3.44e-01	1.64e-02	2.18e-04
 7.93441e+22	5.16e-23	8.38e-19	2.32e-13	2.97e-09	3.51e-06	4.28e-04	1.48e-02	1.23e-01	2.85e-01	2.32e-01	3.29e-01	1.50e-02	1.91e-04
 8.09611e+22	6.09e-23	9.88e-19	2.67e-13	3.41e-09	3.98e-06	4.75e-04	1.60e-02	1.29e-01	2.91e-01	2.32e-01	3.17e-01	1.39e-02	1.70e-04
 8.30632e+22	7.53e-23	1.23e-18	3.21e-13	4.05e-09	4.65e-06	5.40e-04	1.75e-02	1.37e-01	3.00e-01	2.31e-01	3.02e-01	1.26e-02	1.48e-04
 8.54347e+22	9.56e-23	1.57e-18	3.96e-13	4.94e-09	5.55e-06	6.25e-04	1.95e-02	1.46e-01	3.09e-01	2.29e-01	2.84e-01	1.13e-02	1.25e-04
 8.76256e+22	1.19e-22	1.98e-18	4.82e-13	5.93e-09	6.54e-06	7.15e-04	2.14e-02	1.55e-01	3.17e-01	2.27e-01	2.68e-01	1.01e-02	1.07e-04
 8.95910e+22	1.44e-22	2.43e-18	5.71e-13	6.94e-09	7.52e-06	8.01e-04	2.32e-02	1.63e-01	3.23e-01	2.26e-01	2.55e-01	9.22e-03	9.29e-05
 9.17943e+22	1.75e-22	3.00e-18	6.80e-13	8.15e-09	8.65e-06	8.97e-04	2.52e-02	1.71e-01	3.29e-01	2.23e-01	2.43e-01	8.40e-03	8.12e-05
 9.46586e+22	2.26e-22	3.91e-18	8.49e-13	9.97e-09	1.03e-05	1.03e-03	2.78e-02	1.81e-01	3.36e-01	2.20e-01	2.27e-01	7.45e-03	6.83e-05
 9.77550e+22	2.98e-22	5.33e-18	1.09e-12	1.25e-08	1.26e-05	1.21e-03	3.10e-02	1.92e-01	3.43e-01	2.16e-01	2.10e-01	6.50e-03	5.60e-05
 1.00436e+23	3.76e-22	6.95e-18	1.36e-12	1.52e-08	1.49e-05	1.39e-03	3.40e-02	2.02e-01	3.48e-01	2.12e-01	1.97e-01	5.77e-03	4.72e-05
 1.02834e+23	4.58e-22	8.69e-18	1.64e-12	1.79e-08	1.71e-05	1.55e-03	3.66e-02	2.10e-01	3.52e-01	2.08e-01	1.86e-01	5.23e-03	4.11e-05
 1.05581e+23	5.63e-22	1.10e-17	1.98e-12	2.12e-08	1.97e-05	1.73e-03	3.94e-02	2.19e-01	3.56e-01	2.04e-01	1.75e-01	4.72e-03	3.56e-05
 1.08651e+23	7.11e-22	1.44e-17	2.48e-12	2.58e-08	2.32e-05	1.97e-03	4.30e-02	2.28e-01	3.59e-01	2.00e-01	1.63e-01	4.19e-03	3.01e-05
 1.11443e+23	8.77e-22	1.86e-17	3.05e-12	3.09e-08	2.70e-05	2.21e-03	4.64e-02	2.37e-01	3.62e-01	1.95e-01	1.53e-01	3.75e-03	2.57e-05
 1.13913e+23	1.04e-21	2.28e-17	3.62e-12	3.58e-08	3.05e-05	2.43e-03	4.94e-02	2.45e-01	3.64e-01	1.91e-01	1.45e-01	3.43e-03	2.27e-05
 1.16663e+23	1.23e-21	2.82e-17	4.29e-12	4.15e-08	3.44e-05	2.67e-03	5.25e-02	2.52e-01	3.65e-01	1.87e-01	1.37e-01	3.13e-03	1.99e-05
 1.20237e+23	1.52e-21	3.64e-17	5.31e-12	4.97e-08	3.99e-05	2.99e-03	5.65e-02	2.61e-01	3.66e-01	1.82e-01	1.28e-01	2.79e-03	1.70e-05
 1.24765e+23	1.94e-21	4.99e-17	6.87e-12	6.19e-08	4.77e-05	3.42e-03	6.17e-02	2.71e-01	3.67e-01	1.76e-01	1.18e-01	2.43e-03	1.41e-05
 1.29305e+23	2.52e-21	7.10e-17	9.17e-12	7.90e-08	5.81e-05	3.98e-03	6.79e-02	2.83e-01	3.67e-01	1.69e-01	1.07e-01	2.08e-03	1.14e-05
 1.32824e+23	2.98e-21	9.23e-17	1.14e-11	9.48e-08	6.73e-05	4.44e-03	7.28e-02	2.91e-01	3.66e-01	1.64e-01	9.94e-02	1.85e-03	9.68e-06
 1.36239e+23	3.48e-21	1.12e-16	1.34e-11	1.09e-07	7.50e-05	4.82e-03	7.67e-02	2.98e-01	3.65e-01	1.60e-01	9.40e-02	1.70e-03	8.59e-06
 1.40680e+23	3.97e-21	1.44e-16	1.64e-11	1.29e-07	8.58e-05	5.32e-03	8.16e-02	3.05e-01	3.64e-01	1.55e-01	8.77e-02	1.52e-03	7.40e-06
 1.46115e+23	4.72e-21	1.93e-16	2.09e-11	1.57e-07	1.01e-04	6.00e-03	8.79e-02	3.14e-01	3.62e-01	1.48e-01	8.06e-02	1.33e-03	6.17e-06
 1.51785e+23	5.70e-21	2.65e-16	2.71e-11	1.96e-07	1.19e-04	6.81e-03	9.50e-02	3.23e-01	3.58e-01	1.42e-01	7.35e-02	1.15e-03	5.07e-06
 1.56939e+23	6.70e-21	3.47e-16	3.39e-11	2.35e-07	1.38e-04	7.57e-03	1.01e-01	3.31e-01	3.55e-01	1.36e-01	6.78e-02	1.02e-03	4.29e-06
 1.62480e+23	6.45e-21	4.37e-16	4.10e-11	2.75e-07	1.56e-04	8.28e-03	1.07e-01	3.37e-01	3.52e-01	1.31e-01	6.33e-02	9.15e-04	3.71e-06
 1.68986e+23	6.78e-21	5.73e-16	5.12e-11	3.31e-07	1.80e-04	9.19e-03	1.14e-01	3.44e-01	3.48e-01	1.26e-01	5.82e-02	8.06e-04	3.13e-06
 1.75869e+23	6.79e-21	7.48e-16	6.38e-11	3.96e-07	2.07e-04	1.02e-02	1.21e-01	3.50e-01	3.43e-01	1.20e-01	5.36e-02	7.11e-04	2.65e-06
 1.83027e+23	6.80e-21	9.62e-16	7.85e-11	4.69e-07	2.36e-04	1.12e-02	1.28e-01	3.56e-01	3.39e-01	1.15e-01	4.95e-02	6.31e-04	2.26e-06
 1.90471e+23	6.90e-21	1.22e-15	9.53e-11	5.50e-07	2.67e-04	1.22e-02	1.35e-01	3.62e-01	3.34e-01	1.11e-01	4.59e-02	5.63e-04	1.94e-06
 1.98214e+23	6.62e-21	1.52e-15	1.14e-10	6.38e-07	2.99e-04	1.33e-02	1.41e-01	3.66e-01	3.29e-01	1.06e-01	4.28e-02	5.06e-04	1.68e-06
 2.06266e+23	5.85e-21	1.86e-15	1.35e-10	7.33e-07	3.32e-04	1.43e-02	1.48e-01	3.70e-01	3.25e-01	1.02e-01	4.00e-02	4.58e-04	1.47e-06
 2.14640e+23	5.74e-21	2.26e-15	1.59e-10	8.34e-07	3.67e-04	1.53e-02	1.54e-01	3.74e-01	3.20e-01	9.86e-02	3.75e-02	4.16e-04	1.30e-06
 2.23237e+23	4.88e-21	2.66e-15	1.81e-10	9.29e-07	3.98e-04	1.63e-02	1.59e-01	3.77e-01	3.17e-01	9.55e-02	3.55e-02	3.84e-04	1.17e-06
 2.31462e+23	4.77e-21	3.12e-15	2.07e-10	1.03e-06	4.32e-04	1.72e-02	1.64e-01	3.79e-01	3.12e-01	9.24e-02	3.36e-02	3.54e-04	1.05e-06
 2.38864e+23	4.25e-21	3.58e-15	2.32e-10	1.13e-06	4.63e-04	1.81e-02	1.69e-01	3.81e-01	3.09e-01	8.99e-02	3.21e-02	3.30e-04	9.57e-07
 2.45526e+23	4.06e-21	3.96e-15	2.52e-10	1.21e-06	4.87e-04	1.88e-02	1.72e-01	3.83e-01	3.06e-01	8.81e-02	3.10e-02	3.14e-04	8.95e-07
 2.51521e+23	3.92e-21	4.32e-15	2.71e-10	1.29e-06	5.09e-04	1.94e-02	1.75e-01	3.84e-01	3.04e-01	8.65e-02	3.00e-02	3.00e-04	8.43e-07
 2.56917e+23	3.83e-21	4.62e-15	2.86e-10	1.34e-06	5.27e-04	1.98e-02	1.77e-01	3.85e-01	3.02e-01	8.53e-02	2.93e-02	2.90e-04	8.07e-07
 2.61774e+23	3.76e-21	4.90e-15	3.00e-10	1.40e-06	5.43e-04	2.02e-02	1.79e-01	3.86e-01	3.01e-01	8.42e-02	2.87e-02	2.81e-04	7.75e-07
 2.66144e+23	3.68e-21	5.14e-15	3.12e-10	1.44e-06	5.55e-04	2.06e-02	1.81e-01	3.86e-01	2.99e-01	8.34e-02	2.83e-02	2.75e-04	7.51e-07
 2.70078e+23	3.60e-21	5.33e-15	3.22e-10	1.48e-06	5.66e-04	2.09e-02	1.82e-01	3.87e-01	2.98e-01	8.27e-02	2.79e-02	2.69e-04	7.32e-07
 2.73619e+23	3.53e-21	5.51e-15	3.31e-10	1.51e-06	5.76e-04	2.11e-02	1.84e-01	3.87e-01	2.98e-01	8.21e-02	2.76e-02	2.65e-04	7.16e-07
 2.76823e+23	3.46e-21	5.64e-15	3.37e-10	1.53e-06	5.82e-04	2.13e-02	1.84e-01	3.88e-01	2.97e-01	8.17e-02	2.73e-02	2.62e-04	7.05e-07
 2.79878e+23	3.36e-21	5.71e-15	3.40e-10	1.55e-06	5.86e-04	2.14e-02	1.85e-01	3.88e-01	2.97e-01	8.15e-02	2.72e-02	2.60e-04	6.99e-07
 2.82933e+23	3.27e-21	5.80e-15	3.45e-10	1.56e-06	5.90e-04	2.15e-02	1.85e-01	3.88e-01	2.96e-01	8.12e-02	2.71e-02	2.58e-04	6.92e-07
 2.85987e+23	3.17e-21	5.88e-15	3.49e-10	1.58e-06	5.94e-04	2.16e-02	1.86e-01	3.88e-01	2.96e-01	8.10e-02	2.69e-02	2.56e-04	6.85e-07
 2.89042e+23	3.07e-21	5.96e-15	3.53e-10	1.59e-06	5.98e-04	2.17e-02	1.86e-01	3.88e-01	2.95e-01	8.07e-02	2.68e-02	2.54e-04	6.79e-07
 2.92097e+23	2.94e-21	6.01e-15	3.55e-10	1.60e-06	6.01e-04	2.18e-02	1.87e-01	3.88e-01	2.95e-01	8.06e-02	2.67e-02	2.53e-04	6.75e-07
 2.95152e+23	2.85e-21	6.03e-15	3.56e-10	1.60e-06	6.02e-04	2.18e-02	1.87e-01	3.88e-01	2.95e-01	8.05e-02	2.67e-02	2.53e-04	6.73e-07
 2.98207e+23	2.74e-21	6.05e-15	3.57e-10	1.61e-06	6.03e-04	2.18e-02	1.87e-01	3.88e-01	2.95e-01	8.05e-02	2.67e-02	2.52e-04	6.71e-07
 3.01262e+23	2.64e-21	6.07e-15	3.58e-10	1.61e-06	6.04e-04	2.18e-02	1.87e-01	3.88e-01	2.95e-01	8.04e-02	2.66e-02	2.52e-04	6.70e-07
 3.04135e+23	2.56e-21	6.18e-15	3.63e-10	1.63e-06	6.09e-04	2.20e-02	1.88e-01	3.89e-01	2.94e-01	8.01e-02	2.65e-02	2.50e-04	6.62e-07
