#depth	Si	Si+	Si+2	Si+3	Si+4	Si+5	Si+6	Si+7	Si+8	Si+9	Si+10	Si+11	Si+12	Si+13	Si+14
 6.17135e+19	0.00e+00	0.00e+00	0.00e+00	5.67e-33	1.65e-27	6.08e-23	6.15e-19	1.82e-15	1.96e-12	8.95e-10	2.25e-07	3.91e-05	1.38e-02	1.97e-01	7.89e-01
 1.87609e+20	0.00e+00	0.00e+00	0.00e+00	1.84e-32	4.83e-27	1.60e-22	1.45e-18	3.87e-15	3.79e-12	1.56e-09	3.47e-07	5.37e-05	1.69e-02	2.14e-01	7.69e-01
 2.90007e+20	0.00e+00	0.00e+00	0.00e+00	4.57e-32	1.11e-26	3.38e-22	2.83e-18	6.96e-15	6.31e-12	2.39e-09	4.84e-07	6.86e-05	1.97e-02	2.29e-01	7.52e-01
 3.58237e+20	0.00e+00	0.00e+00	0.00e+00	8.21e-32	1.89e-26	5.47e-22	4.35e-18	1.02e-14	8.77e-12	3.15e-09	6.01e-07	8.02e-05	2.17e-02	2.38e-01	7.40e-01
 4.06340e+20	0.00e+00	0.00e+00	0.00e+00	1.24e-31	2.76e-26	7.69e-22	5.89e-18	1.33e-14	1.11e-11	3.83e-09	7.00e-07	8.97e-05	2.33e-02	2.45e-01	7.31e-01
 4.40201e+20	0.00e+00	0.00e+00	0.00e+00	1.62e-31	3.52e-26	9.59e-22	7.17e-18	1.58e-14	1.29e-11	4.35e-09	7.72e-07	9.64e-05	2.43e-02	2.50e-01	7.26e-01
 4.76478e+20	0.00e+00	0.00e+00	0.00e+00	2.18e-31	4.61e-26	1.22e-21	8.90e-18	1.91e-14	1.52e-11	5.00e-09	8.60e-07	1.04e-04	2.56e-02	2.55e-01	7.20e-01
 5.23637e+20	0.00e+00	0.00e+00	0.00e+00	3.17e-31	6.51e-26	1.67e-21	1.17e-17	2.44e-14	1.88e-11	5.98e-09	9.88e-07	1.15e-04	2.72e-02	2.61e-01	7.11e-01
 5.75599e+20	0.00e+00	0.00e+00	0.00e+00	4.76e-31	9.44e-26	2.33e-21	1.58e-17	3.17e-14	2.36e-11	7.25e-09	1.15e-06	1.29e-04	2.91e-02	2.68e-01	7.02e-01
 6.23195e+20	0.00e+00	0.00e+00	0.00e+00	6.86e-31	1.32e-25	3.15e-21	2.07e-17	4.02e-14	2.91e-11	8.62e-09	1.31e-06	1.42e-04	3.09e-02	2.75e-01	6.94e-01
 6.74461e+20	0.00e+00	0.00e+00	0.00e+00	1.01e-30	1.87e-25	4.33e-21	2.75e-17	5.16e-14	3.61e-11	1.04e-08	1.51e-06	1.57e-04	3.29e-02	2.82e-01	6.85e-01
 7.31243e+20	0.00e+00	0.00e+00	0.00e+00	1.53e-30	2.75e-25	6.12e-21	3.74e-17	6.77e-14	4.57e-11	1.26e-08	1.76e-06	1.76e-04	3.53e-02	2.89e-01	6.75e-01
 7.83777e+20	0.00e+00	0.00e+00	0.00e+00	2.23e-30	3.88e-25	8.36e-21	4.94e-17	8.66e-14	5.67e-11	1.51e-08	2.03e-06	1.94e-04	3.75e-02	2.96e-01	6.66e-01
 8.40654e+20	0.00e+00	0.00e+00	0.00e+00	3.32e-30	5.60e-25	1.16e-20	6.64e-17	1.12e-13	7.10e-11	1.83e-08	2.35e-06	2.16e-04	4.00e-02	3.04e-01	6.56e-01
 9.00349e+20	0.00e+00	0.00e+00	0.00e+00	5.01e-30	8.15e-25	1.64e-20	8.99e-17	1.47e-13	8.97e-11	2.22e-08	2.73e-06	2.41e-04	4.28e-02	3.11e-01	6.46e-01
 9.51031e+20	0.00e+00	0.00e+00	0.00e+00	7.05e-30	1.12e-24	2.17e-20	1.16e-16	1.83e-13	1.09e-10	2.61e-08	3.10e-06	2.64e-04	4.52e-02	3.18e-01	6.37e-01
 1.00424e+21	0.00e+00	0.00e+00	0.00e+00	1.00e-29	1.54e-24	2.90e-20	1.50e-16	2.31e-13	1.33e-10	3.08e-08	3.52e-06	2.89e-04	4.78e-02	3.24e-01	6.28e-01
 1.07341e+21	0.00e+00	0.00e+00	0.00e+00	1.57e-29	2.32e-24	4.20e-20	2.09e-16	3.08e-13	1.71e-10	3.81e-08	4.15e-06	3.25e-04	5.13e-02	3.33e-01	6.16e-01
 1.14360e+21	0.00e+00	0.00e+00	0.00e+00	2.44e-29	3.48e-24	6.06e-20	2.90e-16	4.11e-13	2.20e-10	4.70e-08	4.88e-06	3.65e-04	5.50e-02	3.41e-01	6.04e-01
 1.20008e+21	0.00e+00	0.00e+00	0.00e+00	3.45e-29	4.79e-24	8.09e-20	3.75e-16	5.16e-13	2.68e-10	5.54e-08	5.54e-06	4.00e-04	5.81e-02	3.48e-01	5.94e-01
 1.25843e+21	0.00e+00	0.00e+00	0.00e+00	4.91e-29	6.61e-24	1.08e-19	4.87e-16	6.50e-13	3.27e-10	6.54e-08	6.30e-06	4.38e-04	6.13e-02	3.54e-01	5.84e-01
 1.33430e+21	0.00e+00	0.00e+00	0.00e+00	7.68e-29	9.97e-24	1.57e-19	6.78e-16	8.70e-13	4.21e-10	8.08e-08	7.42e-06	4.92e-04	6.57e-02	3.63e-01	5.71e-01
 1.41207e+21	0.00e+00	0.00e+00	1.46e-33	1.20e-28	1.51e-23	2.28e-19	9.45e-16	1.17e-12	5.43e-10	9.99e-08	8.73e-06	5.52e-04	7.04e-02	3.71e-01	5.58e-01
 1.47297e+21	0.00e+00	0.00e+00	2.14e-33	1.70e-28	2.06e-23	3.03e-19	1.22e-15	1.46e-12	6.59e-10	1.17e-07	9.89e-06	6.03e-04	7.41e-02	3.77e-01	5.48e-01
 1.53279e+21	0.00e+00	0.00e+00	3.10e-33	2.36e-28	2.80e-23	3.99e-19	1.56e-15	1.81e-12	7.94e-10	1.37e-07	1.11e-05	6.56e-04	7.79e-02	3.83e-01	5.38e-01
 1.61056e+21	0.00e+00	0.00e+00	4.97e-33	3.59e-28	4.12e-23	5.66e-19	2.13e-15	2.38e-12	1.01e-09	1.67e-07	1.30e-05	7.31e-04	8.30e-02	3.91e-01	5.26e-01
 1.69114e+21	0.00e+00	0.00e+00	8.03e-33	5.51e-28	6.10e-23	8.08e-19	2.92e-15	3.15e-12	1.28e-09	2.04e-07	1.51e-05	8.14e-04	8.84e-02	3.98e-01	5.13e-01
 1.75829e+21	0.00e+00	0.00e+00	1.19e-32	7.80e-28	8.40e-23	1.08e-18	3.79e-15	3.95e-12	1.56e-09	2.41e-07	1.72e-05	8.89e-04	9.30e-02	4.04e-01	5.02e-01
 1.82848e+21	0.00e+00	0.00e+00	1.76e-32	1.11e-27	1.16e-22	1.44e-18	4.91e-15	4.96e-12	1.90e-09	2.83e-07	1.95e-05	9.71e-04	9.79e-02	4.10e-01	4.91e-01
 1.91972e+21	0.00e+00	0.00e+00	2.95e-32	1.75e-27	1.77e-22	2.12e-18	6.91e-15	6.70e-12	2.47e-09	3.52e-07	2.29e-05	1.09e-03	1.05e-01	4.17e-01	4.77e-01
 2.01179e+21	0.00e+00	0.00e+00	4.87e-32	2.74e-27	2.67e-22	3.08e-18	9.64e-15	8.97e-12	3.18e-09	4.34e-07	2.69e-05	1.22e-03	1.11e-01	4.24e-01	4.63e-01
 2.08563e+21	0.00e+00	0.00e+00	7.23e-32	3.90e-27	3.69e-22	4.12e-18	1.25e-14	1.13e-11	3.87e-09	5.11e-07	3.05e-05	1.33e-03	1.17e-01	4.30e-01	4.52e-01
 2.15155e+21	0.00e+00	0.00e+00	1.02e-31	5.31e-27	4.90e-22	5.33e-18	1.58e-14	1.38e-11	4.61e-09	5.90e-07	3.41e-05	1.43e-03	1.22e-01	4.34e-01	4.42e-01
 2.22647e+21	0.00e+00	0.00e+00	1.50e-31	7.48e-27	6.73e-22	7.10e-18	2.03e-14	1.73e-11	5.59e-09	6.92e-07	3.85e-05	1.56e-03	1.28e-01	4.39e-01	4.31e-01
 2.32387e+21	0.00e+00	0.00e+00	2.46e-31	1.16e-26	1.01e-21	1.02e-17	2.82e-14	2.30e-11	7.15e-09	8.49e-07	4.49e-05	1.74e-03	1.36e-01	4.45e-01	4.18e-01
 2.42272e+21	0.00e+00	0.00e+00	4.01e-31	1.79e-26	1.50e-21	1.47e-17	3.90e-14	3.05e-11	9.14e-09	1.04e-06	5.24e-05	1.93e-03	1.44e-01	4.50e-01	4.04e-01
 2.50211e+21	0.00e+00	0.00e+00	5.90e-31	2.52e-26	2.06e-21	1.96e-17	5.03e-14	3.82e-11	1.11e-08	1.22e-06	5.91e-05	2.09e-03	1.51e-01	4.54e-01	3.93e-01
 2.58400e+21	0.00e+00	0.00e+00	8.71e-31	3.57e-26	2.84e-21	2.61e-17	6.51e-14	4.79e-11	1.35e-08	1.43e-06	6.68e-05	2.28e-03	1.58e-01	4.58e-01	3.82e-01
 2.69045e+21	0.00e+00	0.00e+00	1.43e-30	5.55e-26	4.26e-21	3.78e-17	9.05e-14	6.39e-11	1.73e-08	1.75e-06	7.79e-05	2.53e-03	1.67e-01	4.62e-01	3.68e-01
 2.80036e+21	0.00e+00	0.00e+00	2.37e-30	8.67e-26	6.44e-21	5.49e-17	1.26e-13	8.56e-11	2.22e-08	2.16e-06	9.11e-05	2.81e-03	1.77e-01	4.66e-01	3.54e-01
 2.89023e+21	0.00e+00	0.00e+00	3.54e-30	1.24e-25	8.97e-21	7.41e-17	1.65e-13	1.08e-10	2.72e-08	2.55e-06	1.03e-04	3.06e-03	1.85e-01	4.69e-01	3.43e-01
 2.96482e+21	0.00e+00	0.00e+00	4.92e-30	1.66e-25	1.18e-20	9.47e-17	2.05e-13	1.31e-10	3.20e-08	2.91e-06	1.14e-04	3.28e-03	1.92e-01	4.71e-01	3.33e-01
 3.04410e+21	0.00e+00	0.00e+00	6.96e-30	2.26e-25	1.56e-20	1.22e-16	2.58e-13	1.60e-10	3.81e-08	3.36e-06	1.27e-04	3.52e-03	1.99e-01	4.73e-01	3.24e-01
 3.14717e+21	0.00e+00	0.00e+00	1.08e-29	3.33e-25	2.24e-20	1.70e-16	3.46e-13	2.07e-10	4.74e-08	4.02e-06	1.46e-04	3.85e-03	2.09e-01	4.75e-01	3.12e-01
 3.25236e+21	0.00e+00	0.00e+00	1.68e-29	4.93e-25	3.21e-20	2.36e-16	4.64e-13	2.67e-10	5.91e-08	4.81e-06	1.67e-04	4.22e-03	2.19e-01	4.77e-01	3.00e-01
 3.33698e+21	0.00e+00	0.00e+00	2.38e-29	6.72e-25	4.28e-20	3.06e-16	5.85e-13	3.27e-10	7.04e-08	5.55e-06	1.86e-04	4.53e-03	2.27e-01	4.78e-01	2.90e-01
 3.42367e+21	0.00e+00	0.00e+00	3.39e-29	9.17e-25	5.72e-20	3.98e-16	7.40e-13	4.02e-10	8.39e-08	6.41e-06	2.07e-04	4.86e-03	2.35e-01	4.79e-01	2.81e-01
 3.53636e+21	0.00e+00	0.00e+00	5.31e-29	1.36e-24	8.27e-20	5.56e-16	9.99e-13	5.22e-10	1.05e-07	7.71e-06	2.37e-04	5.32e-03	2.46e-01	4.79e-01	2.69e-01
 3.64234e+21	0.00e+00	0.00e+00	8.07e-29	1.97e-24	1.17e-19	7.60e-16	1.32e-12	6.67e-10	1.29e-07	9.14e-06	2.69e-04	5.79e-03	2.56e-01	4.79e-01	2.58e-01
 3.71538e+21	0.00e+00	0.00e+00	1.07e-28	2.53e-24	1.47e-19	9.38e-16	1.59e-12	7.86e-10	1.49e-07	1.03e-05	2.93e-04	6.12e-03	2.64e-01	4.79e-01	2.51e-01
 3.78612e+21	0.00e+00	1.02e-33	1.40e-28	3.22e-24	1.84e-19	1.15e-15	1.91e-12	9.21e-10	1.71e-07	1.15e-05	3.19e-04	6.46e-03	2.71e-01	4.78e-01	2.44e-01
 3.87808e+21	0.00e+00	1.51e-33	1.99e-28	4.37e-24	2.45e-19	1.49e-15	2.41e-12	1.13e-09	2.03e-07	1.32e-05	3.54e-04	6.92e-03	2.80e-01	4.77e-01	2.36e-01
 3.97730e+21	0.00e+00	2.28e-33	2.88e-28	6.07e-24	3.32e-19	1.97e-15	3.09e-12	1.40e-09	2.45e-07	1.54e-05	3.96e-04	7.44e-03	2.90e-01	4.76e-01	2.26e-01
 4.06498e+21	0.00e+00	3.28e-33	3.98e-28	8.06e-24	4.33e-19	2.51e-15	3.84e-12	1.69e-09	2.88e-07	1.75e-05	4.37e-04	7.92e-03	2.98e-01	4.75e-01	2.19e-01
 4.13944e+21	0.00e+00	4.45e-33	5.22e-28	1.02e-23	5.42e-19	3.07e-15	4.61e-12	1.99e-09	3.30e-07	1.96e-05	4.74e-04	8.35e-03	3.06e-01	4.73e-01	2.12e-01
 4.21766e+21	0.00e+00	6.12e-33	6.93e-28	1.31e-23	6.84e-19	3.80e-15	5.58e-12	2.35e-09	3.81e-07	2.20e-05	5.17e-04	8.82e-03	3.14e-01	4.72e-01	2.05e-01
 4.30537e+21	0.00e+00	8.67e-33	9.46e-28	1.72e-23	8.83e-19	4.80e-15	6.88e-12	2.82e-09	4.45e-07	2.50e-05	5.67e-04	9.36e-03	3.22e-01	4.70e-01	1.98e-01
 4.38785e+21	0.00e+00	1.20e-32	1.27e-27	2.23e-23	1.12e-18	5.98e-15	8.37e-12	3.34e-09	5.15e-07	2.81e-05	6.19e-04	9.90e-03	3.31e-01	4.67e-01	1.91e-01
 4.46458e+21	0.00e+00	1.63e-32	1.66e-27	2.82e-23	1.40e-18	7.32e-15	1.00e-11	3.92e-09	5.91e-07	3.14e-05	6.72e-04	1.04e-02	3.38e-01	4.65e-01	1.85e-01
 4.55142e+21	0.00e+00	2.27e-32	2.23e-27	3.65e-23	1.79e-18	9.16e-15	1.23e-11	4.67e-09	6.86e-07	3.55e-05	7.35e-04	1.10e-02	3.47e-01	4.63e-01	1.79e-01
 4.64765e+21	0.00e+00	3.29e-32	3.10e-27	4.87e-23	2.35e-18	1.17e-14	1.53e-11	5.67e-09	8.10e-07	4.06e-05	8.11e-04	1.17e-02	3.57e-01	4.59e-01	1.72e-01
 4.73561e+21	0.00e+00	4.60e-32	4.17e-27	6.31e-23	3.00e-18	1.47e-14	1.88e-11	6.76e-09	9.42e-07	4.58e-05	8.87e-04	1.24e-02	3.65e-01	4.56e-01	1.65e-01
 4.81162e+21	0.00e+00	6.14e-32	5.38e-27	7.89e-23	3.71e-18	1.78e-14	2.23e-11	7.88e-09	1.07e-06	5.09e-05	9.58e-04	1.30e-02	3.73e-01	4.53e-01	1.60e-01
 4.89258e+21	0.00e+00	8.29e-32	7.02e-27	9.95e-23	4.61e-18	2.18e-14	2.68e-11	9.23e-09	1.23e-06	5.68e-05	1.04e-03	1.37e-02	3.81e-01	4.50e-01	1.54e-01
 4.98379e+21	0.00e+00	1.16e-31	9.46e-27	1.29e-22	5.91e-18	2.74e-14	3.28e-11	1.10e-08	1.43e-06	6.42e-05	1.14e-03	1.45e-02	3.90e-01	4.46e-01	1.48e-01
 5.06910e+21	0.00e+00	1.59e-31	1.25e-26	1.64e-22	7.43e-18	3.38e-14	3.97e-11	1.30e-08	1.65e-06	7.20e-05	1.23e-03	1.52e-02	3.98e-01	4.42e-01	1.43e-01
 5.14732e+21	0.00e+00	2.11e-31	1.61e-26	2.04e-22	9.15e-18	4.10e-14	4.72e-11	1.51e-08	1.88e-06	7.99e-05	1.33e-03	1.60e-02	4.06e-01	4.39e-01	1.38e-01
 5.23556e+21	0.00e+00	2.90e-31	2.12e-26	2.60e-22	1.15e-17	5.07e-14	5.73e-11	1.79e-08	2.17e-06	8.97e-05	1.45e-03	1.68e-02	4.14e-01	4.35e-01	1.32e-01
 5.33337e+21	0.00e+00	4.12e-31	2.89e-26	3.40e-22	1.49e-17	6.43e-14	7.09e-11	2.16e-08	2.54e-06	1.02e-04	1.59e-03	1.78e-02	4.24e-01	4.30e-01	1.27e-01
 5.42295e+21	0.00e+00	5.66e-31	3.82e-26	4.33e-22	1.88e-17	7.97e-14	8.61e-11	2.56e-08	2.93e-06	1.15e-04	1.73e-03	1.87e-02	4.32e-01	4.25e-01	1.22e-01
 5.50512e+21	0.00e+00	7.55e-31	4.93e-26	5.39e-22	2.33e-17	9.69e-14	1.03e-10	2.98e-08	3.35e-06	1.27e-04	1.87e-03	1.96e-02	4.40e-01	4.21e-01	1.17e-01
 5.58603e+21	0.00e+00	1.00e-30	6.31e-26	6.67e-22	2.86e-17	1.17e-13	1.22e-10	3.47e-08	3.81e-06	1.41e-04	2.01e-03	2.05e-02	4.48e-01	4.17e-01	1.13e-01
 5.67895e+21	0.00e+00	1.38e-30	8.36e-26	8.49e-22	3.61e-17	1.46e-13	1.49e-10	4.12e-08	4.41e-06	1.59e-04	2.19e-03	2.16e-02	4.57e-01	4.12e-01	1.08e-01
 5.77947e+21	0.00e+00	1.95e-30	1.13e-25	1.10e-21	4.65e-17	1.85e-13	1.84e-10	4.96e-08	5.17e-06	1.81e-04	2.41e-03	2.28e-02	4.66e-01	4.06e-01	1.03e-01
 5.86644e+21	0.00e+00	2.62e-30	1.47e-25	1.37e-21	5.78e-17	2.26e-13	2.21e-10	5.82e-08	5.92e-06	2.01e-04	2.60e-03	2.39e-02	4.74e-01	4.01e-01	9.87e-02
 5.94317e+21	0.00e+00	3.39e-30	1.84e-25	1.67e-21	6.99e-17	2.70e-13	2.60e-10	6.70e-08	6.67e-06	2.22e-04	2.79e-03	2.49e-02	4.81e-01	3.96e-01	9.51e-02
 6.03005e+21	0.00e+00	4.53e-30	2.37e-25	2.07e-21	8.65e-17	3.29e-13	3.11e-10	7.84e-08	7.63e-06	2.47e-04	3.02e-03	2.61e-02	4.89e-01	3.91e-01	9.12e-02
 6.14298e+21	0.00e+00	6.58e-30	3.28e-25	2.73e-21	1.14e-16	4.25e-13	3.93e-10	9.61e-08	9.07e-06	2.84e-04	3.33e-03	2.77e-02	4.98e-01	3.84e-01	8.63e-02
 6.25595e+21	0.00e+00	9.54e-30	4.53e-25	3.60e-21	1.49e-16	5.49e-13	4.96e-10	1.18e-07	1.08e-05	3.26e-04	3.68e-03	2.94e-02	5.08e-01	3.77e-01	8.15e-02
 6.34257e+21	0.00e+00	1.27e-29	5.81e-25	4.44e-21	1.85e-16	6.70e-13	5.95e-10	1.38e-07	1.24e-05	3.63e-04	3.98e-03	3.07e-02	5.16e-01	3.71e-01	7.79e-02
 6.42880e+21	0.00e+00	1.67e-29	7.36e-25	5.42e-21	2.25e-16	8.08e-13	7.05e-10	1.60e-07	1.40e-05	4.02e-04	4.28e-03	3.21e-02	5.23e-01	3.66e-01	7.47e-02
 6.54091e+21	0.00e+00	2.38e-29	1.00e-24	7.03e-21	2.93e-16	1.03e-12	8.84e-10	1.95e-07	1.66e-05	4.59e-04	4.71e-03	3.39e-02	5.32e-01	3.58e-01	7.05e-02
 6.65579e+21	0.00e+00	3.43e-29	1.37e-24	9.16e-21	3.83e-16	1.33e-12	1.11e-09	2.39e-07	1.97e-05	5.27e-04	5.20e-03	3.59e-02	5.41e-01	3.51e-01	6.64e-02
 6.74849e+21	0.00e+00	4.57e-29	1.76e-24	1.13e-20	4.74e-16	1.63e-12	1.34e-09	2.81e-07	2.26e-05	5.87e-04	5.62e-03	3.75e-02	5.48e-01	3.45e-01	6.33e-02
 6.84321e+21	0.00e+00	6.11e-29	2.26e-24	1.39e-20	5.87e-16	2.00e-12	1.62e-09	3.31e-07	2.59e-05	6.56e-04	6.09e-03	3.92e-02	5.56e-01	3.38e-01	6.02e-02
 6.96635e+21	0.00e+00	8.87e-29	3.11e-24	1.82e-20	7.72e-16	2.59e-12	2.05e-09	4.08e-07	3.10e-05	7.56e-04	6.74e-03	4.16e-02	5.65e-01	3.30e-01	5.64e-02
 7.09112e+21	0.00e+00	1.29e-28	4.28e-24	2.37e-20	1.02e-15	3.37e-12	2.62e-09	5.05e-07	3.70e-05	8.71e-04	7.46e-03	4.40e-02	5.73e-01	3.21e-01	5.28e-02
 7.18955e+21	0.00e+00	1.72e-28	5.49e-24	2.92e-20	1.26e-15	4.14e-12	3.16e-09	5.95e-07	4.26e-05	9.74e-04	8.07e-03	4.61e-02	5.80e-01	3.15e-01	5.01e-02
 7.28903e+21	0.00e+00	2.29e-28	7.01e-24	3.57e-20	1.56e-15	5.07e-12	3.81e-09	7.01e-07	4.89e-05	1.09e-03	8.73e-03	4.81e-02	5.87e-01	3.08e-01	4.74e-02
 7.41835e+21	0.00e+00	3.31e-28	9.58e-24	4.62e-20	2.05e-15	6.58e-12	4.85e-09	8.66e-07	5.84e-05	1.25e-03	9.66e-03	5.09e-02	5.95e-01	2.99e-01	4.42e-02
 7.55267e+21	0.00e+00	4.81e-28	1.32e-23	6.01e-20	2.70e-15	8.59e-12	6.20e-09	1.07e-06	7.00e-05	1.45e-03	1.07e-02	5.39e-02	6.02e-01	2.90e-01	4.11e-02
 7.65868e+21	0.00e+00	6.42e-28	1.69e-23	7.36e-20	3.35e-15	1.06e-11	7.51e-09	1.27e-06	8.06e-05	1.62e-03	1.16e-02	5.64e-02	6.08e-01	2.83e-01	3.88e-02
 7.74606e+21	0.00e+00	8.11e-28	2.06e-23	8.67e-20	3.98e-15	1.25e-11	8.77e-09	1.46e-06	9.03e-05	1.77e-03	1.24e-02	5.84e-02	6.13e-01	2.78e-01	3.70e-02
 7.84398e+21	0.00e+00	1.05e-27	2.56e-23	1.04e-19	4.81e-15	1.50e-11	1.04e-08	1.69e-06	1.02e-04	1.95e-03	1.33e-02	6.07e-02	6.17e-01	2.71e-01	3.51e-02
 7.97129e+21	0.00e+00	1.45e-27	3.38e-23	1.30e-19	6.13e-15	1.90e-11	1.29e-08	2.04e-06	1.20e-04	2.22e-03	1.45e-02	6.38e-02	6.23e-01	2.63e-01	3.27e-02
 8.10366e+21	0.00e+00	2.03e-27	4.48e-23	1.64e-19	7.85e-15	2.41e-11	1.61e-08	2.48e-06	1.41e-04	2.52e-03	1.59e-02	6.70e-02	6.29e-01	2.55e-01	3.05e-02
 8.21402e+21	0.00e+00	2.66e-27	5.64e-23	1.97e-19	9.60e-15	2.93e-11	1.93e-08	2.91e-06	1.61e-04	2.80e-03	1.71e-02	6.98e-02	6.33e-01	2.48e-01	2.87e-02
 8.32889e+21	1.20e-33	3.50e-27	7.12e-23	2.39e-19	1.18e-14	3.56e-11	2.32e-08	3.42e-06	1.84e-04	3.11e-03	1.84e-02	7.27e-02	6.37e-01	2.42e-01	2.70e-02
 8.47821e+21	1.79e-33	4.96e-27	9.56e-23	3.04e-19	1.52e-14	4.57e-11	2.92e-08	4.19e-06	2.18e-04	3.55e-03	2.02e-02	7.65e-02	6.41e-01	2.33e-01	2.50e-02
 8.63038e+21	2.67e-33	7.03e-27	1.28e-22	3.86e-19	1.96e-14	5.85e-11	3.68e-08	5.13e-06	2.58e-04	4.06e-03	2.22e-02	8.04e-02	6.45e-01	2.25e-01	2.30e-02
 8.75317e+21	3.66e-33	9.24e-27	1.62e-22	4.66e-19	2.40e-14	7.10e-11	4.40e-08	6.01e-06	2.94e-04	4.50e-03	2.39e-02	8.36e-02	6.48e-01	2.18e-01	2.16e-02
 8.87972e+21	5.02e-33	1.22e-26	2.04e-22	5.63e-19	2.93e-14	8.62e-11	5.27e-08	7.05e-06	3.36e-04	4.99e-03	2.57e-02	8.69e-02	6.51e-01	2.11e-01	2.03e-02
 9.04425e+21	7.48e-33	1.72e-26	2.74e-22	7.16e-19	3.77e-14	1.10e-10	6.62e-08	8.62e-06	3.96e-04	5.68e-03	2.81e-02	9.11e-02	6.53e-01	2.03e-01	1.86e-02
 9.21427e+21	1.12e-32	2.45e-26	3.70e-22	9.14e-19	4.86e-14	1.41e-10	8.33e-08	1.05e-05	4.68e-04	6.47e-03	3.08e-02	9.56e-02	6.55e-01	1.95e-01	1.71e-02
 9.34864e+21	1.53e-32	3.21e-26	4.66e-22	1.10e-18	5.91e-14	1.70e-10	9.93e-08	1.23e-05	5.32e-04	7.15e-03	3.30e-02	9.91e-02	6.56e-01	1.88e-01	1.60e-02
 9.45995e+21	1.97e-32	4.00e-26	5.62e-22	1.29e-18	6.91e-14	1.98e-10	1.14e-07	1.40e-05	5.89e-04	7.75e-03	3.49e-02	1.02e-01	6.57e-01	1.83e-01	1.51e-02
 9.58409e+21	2.59e-32	5.09e-26	6.89e-22	1.52e-18	8.20e-14	2.34e-10	1.34e-07	1.60e-05	6.59e-04	8.45e-03	3.70e-02	1.05e-01	6.57e-01	1.78e-01	1.42e-02
 9.74546e+21	3.68e-32	6.91e-26	8.94e-22	1.88e-18	1.02e-13	2.89e-10	1.62e-07	1.90e-05	7.59e-04	9.43e-03	3.99e-02	1.09e-01	6.57e-01	1.71e-01	1.32e-02
 9.91374e+21	5.26e-32	9.46e-26	1.17e-21	2.35e-18	1.27e-13	3.57e-10	1.98e-07	2.27e-05	8.76e-04	1.05e-02	4.31e-02	1.14e-01	6.56e-01	1.64e-01	1.21e-02
 1.00549e+22	7.06e-32	1.22e-25	1.46e-21	2.81e-18	1.52e-13	4.26e-10	2.33e-07	2.62e-05	9.84e-04	1.15e-02	4.58e-02	1.17e-01	6.55e-01	1.58e-01	1.14e-02
 1.02023e+22	9.53e-32	1.59e-25	1.82e-21	3.38e-18	1.83e-13	5.08e-10	2.75e-07	3.02e-05	1.11e-03	1.26e-02	4.87e-02	1.21e-01	6.53e-01	1.53e-01	1.06e-02
 1.03939e+22	1.39e-31	2.23e-25	2.43e-21	4.29e-18	2.31e-13	6.35e-10	3.38e-07	3.63e-05	1.29e-03	1.42e-02	5.26e-02	1.26e-01	6.51e-01	1.46e-01	9.69e-03
 1.05892e+22	2.04e-31	3.11e-25	3.24e-21	5.44e-18	2.91e-13	7.93e-10	4.16e-07	4.36e-05	1.49e-03	1.59e-02	5.68e-02	1.31e-01	6.47e-01	1.39e-01	8.86e-03
 1.07468e+22	2.76e-31	4.06e-25	4.07e-21	6.57e-18	3.49e-13	9.45e-10	4.89e-07	5.03e-05	1.67e-03	1.74e-02	6.02e-02	1.34e-01	6.44e-01	1.34e-01	8.25e-03
 1.08828e+22	3.57e-31	5.09e-25	4.94e-21	7.71e-18	4.07e-13	1.10e-09	5.61e-07	5.69e-05	1.85e-03	1.87e-02	6.33e-02	1.38e-01	6.41e-01	1.29e-01	7.74e-03
 1.10330e+22	4.69e-31	6.48e-25	6.09e-21	9.18e-18	4.79e-13	1.28e-09	6.49e-07	6.46e-05	2.04e-03	2.02e-02	6.67e-02	1.41e-01	6.38e-01	1.25e-01	7.26e-03
 1.12281e+22	6.65e-31	8.84e-25	7.95e-21	1.15e-17	5.91e-13	1.57e-09	7.81e-07	7.60e-05	2.33e-03	2.24e-02	7.12e-02	1.45e-01	6.33e-01	1.19e-01	6.66e-03
 1.14275e+22	9.47e-31	1.21e-24	1.04e-20	1.44e-17	7.29e-13	1.91e-09	9.40e-07	8.95e-05	2.66e-03	2.47e-02	7.60e-02	1.50e-01	6.27e-01	1.13e-01	6.10e-03
 1.15888e+22	1.26e-30	1.55e-24	1.29e-20	1.72e-17	8.61e-13	2.24e-09	1.09e-06	1.02e-04	2.95e-03	2.67e-02	8.00e-02	1.53e-01	6.22e-01	1.09e-01	5.68e-03
 1.17549e+22	1.65e-30	1.98e-24	1.60e-20	2.06e-17	1.02e-12	2.62e-09	1.26e-06	1.15e-04	3.25e-03	2.88e-02	8.38e-02	1.57e-01	6.17e-01	1.05e-01	5.31e-03
 1.19708e+22	2.37e-30	2.73e-24	2.11e-20	2.60e-17	1.25e-12	3.21e-09	1.51e-06	1.36e-04	3.71e-03	3.18e-02	8.93e-02	1.61e-01	6.10e-01	9.96e-02	4.84e-03
 1.21930e+22	3.40e-30	3.78e-24	2.80e-20	3.29e-17	1.55e-12	3.93e-09	1.83e-06	1.60e-04	4.23e-03	3.50e-02	9.49e-02	1.65e-01	6.02e-01	9.44e-02	4.41e-03
 1.23773e+22	4.57e-30	4.92e-24	3.52e-20	3.99e-17	1.85e-12	4.63e-09	2.12e-06	1.83e-04	4.70e-03	3.79e-02	9.97e-02	1.69e-01	5.95e-01	9.02e-02	4.08e-03
 1.25707e+22	6.16e-30	6.42e-24	4.44e-20	4.86e-17	2.20e-12	5.46e-09	2.47e-06	2.09e-04	5.21e-03	4.09e-02	1.05e-01	1.72e-01	5.87e-01	8.62e-02	3.77e-03
 1.28221e+22	9.02e-30	9.04e-24	5.98e-20	6.26e-17	2.76e-12	6.75e-09	3.00e-06	2.47e-04	5.95e-03	4.51e-02	1.11e-01	1.76e-01	5.77e-01	8.12e-02	3.41e-03
 1.30814e+22	1.33e-29	1.28e-23	8.10e-20	8.09e-17	3.46e-12	8.35e-09	3.64e-06	2.93e-04	6.80e-03	4.97e-02	1.18e-01	1.80e-01	5.66e-01	7.63e-02	3.07e-03
 1.32851e+22	1.78e-29	1.67e-23	1.02e-19	9.86e-17	4.12e-12	9.82e-09	4.22e-06	3.34e-04	7.52e-03	5.35e-02	1.23e-01	1.83e-01	5.57e-01	7.27e-02	2.83e-03
 1.34842e+22	2.36e-29	2.15e-23	1.28e-19	1.19e-16	4.87e-12	1.15e-08	4.86e-06	3.77e-04	8.27e-03	5.73e-02	1.28e-01	1.86e-01	5.48e-01	6.93e-02	2.62e-03
 1.37430e+22	3.38e-29	2.98e-23	1.70e-19	1.52e-16	6.02e-12	1.40e-08	5.81e-06	4.40e-04	9.33e-03	6.25e-02	1.35e-01	1.89e-01	5.36e-01	6.52e-02	2.37e-03
 1.40137e+22	4.88e-29	4.15e-23	2.27e-19	1.95e-16	7.47e-12	1.71e-08	6.97e-06	5.15e-04	1.05e-02	6.83e-02	1.42e-01	1.92e-01	5.24e-01	6.11e-02	2.13e-03
 1.42438e+22	6.61e-29	5.48e-23	2.90e-19	2.39e-16	8.95e-12	2.02e-08	8.10e-06	5.87e-04	1.16e-02	7.33e-02	1.48e-01	1.94e-01	5.13e-01	5.78e-02	1.95e-03
 1.44866e+22	9.04e-29	7.28e-23	3.72e-19	2.97e-16	1.08e-11	2.39e-08	9.45e-06	6.70e-04	1.29e-02	7.88e-02	1.54e-01	1.96e-01	5.01e-01	5.46e-02	1.78e-03
 1.48023e+22	1.34e-28	1.04e-22	5.12e-19	3.89e-16	1.36e-11	2.97e-08	1.15e-05	7.92e-04	1.47e-02	8.62e-02	1.62e-01	1.98e-01	4.86e-01	5.07e-02	1.58e-03
 1.51307e+22	2.01e-28	1.51e-22	7.08e-19	5.14e-16	1.73e-11	3.70e-08	1.40e-05	9.37e-04	1.67e-02	9.42e-02	1.70e-01	2.00e-01	4.70e-01	4.68e-02	1.40e-03
 1.54081e+22	2.79e-28	2.05e-22	9.25e-19	6.47e-16	2.11e-11	4.42e-08	1.64e-05	1.08e-03	1.85e-02	1.01e-01	1.77e-01	2.01e-01	4.56e-01	4.38e-02	1.26e-03
 1.57015e+22	3.91e-28	2.80e-22	1.22e-18	8.18e-16	2.58e-11	5.32e-08	1.93e-05	1.24e-03	2.06e-02	1.09e-01	1.83e-01	2.02e-01	4.42e-01	4.08e-02	1.13e-03
 1.60215e+22	5.61e-28	3.91e-22	1.63e-18	1.05e-15	3.20e-11	6.47e-08	2.30e-05	1.44e-03	2.30e-02	1.17e-01	1.90e-01	2.03e-01	4.26e-01	3.78e-02	1.00e-03
 1.63113e+22	7.71e-28	5.25e-22	2.12e-18	1.32e-15	3.88e-11	7.70e-08	2.69e-05	1.64e-03	2.54e-02	1.25e-01	1.97e-01	2.03e-01	4.12e-01	3.52e-02	9.02e-04
 1.66231e+22	1.08e-27	7.16e-22	2.79e-18	1.67e-15	4.73e-11	9.23e-08	3.16e-05	1.88e-03	2.81e-02	1.34e-01	2.03e-01	2.03e-01	3.97e-01	3.27e-02	8.05e-04
 1.69751e+22	1.55e-27	1.01e-21	3.77e-18	2.16e-15	5.90e-11	1.13e-07	3.76e-05	2.17e-03	3.13e-02	1.44e-01	2.10e-01	2.02e-01	3.80e-01	3.00e-02	7.10e-04
 1.72984e+22	2.14e-27	1.37e-21	4.94e-18	2.72e-15	7.19e-11	1.35e-07	4.40e-05	2.48e-03	3.45e-02	1.54e-01	2.15e-01	2.01e-01	3.65e-01	2.77e-02	6.31e-04
 1.75853e+22	2.83e-27	1.78e-21	6.24e-18	3.33e-15	8.53e-11	1.57e-07	5.04e-05	2.78e-03	3.74e-02	1.62e-01	2.20e-01	2.00e-01	3.51e-01	2.58e-02	5.69e-04
 1.79058e+22	3.85e-27	2.39e-21	8.07e-18	4.15e-15	1.03e-10	1.86e-07	5.84e-05	3.15e-03	4.10e-02	1.71e-01	2.25e-01	1.98e-01	3.36e-01	2.38e-02	5.07e-04
 1.83225e+22	5.62e-27	3.43e-21	1.11e-17	5.48e-15	1.30e-10	2.29e-07	7.01e-05	3.66e-03	4.57e-02	1.83e-01	2.31e-01	1.96e-01	3.18e-01	2.16e-02	4.38e-04
 1.87454e+22	8.20e-27	4.96e-21	1.54e-17	7.23e-15	1.64e-10	2.82e-07	8.41e-05	4.26e-03	5.10e-02	1.96e-01	2.37e-01	1.92e-01	3.00e-01	1.94e-02	3.76e-04
 1.90812e+22	1.10e-26	6.59e-21	1.98e-17	8.95e-15	1.96e-10	3.31e-07	9.69e-05	4.80e-03	5.54e-02	2.06e-01	2.40e-01	1.90e-01	2.85e-01	1.78e-02	3.33e-04
 1.94224e+22	1.46e-26	8.71e-21	2.53e-17	1.11e-14	2.35e-10	3.88e-07	1.11e-04	5.38e-03	6.01e-02	2.16e-01	2.44e-01	1.87e-01	2.71e-01	1.63e-02	2.95e-04
 1.98659e+22	2.09e-26	1.24e-20	3.45e-17	1.44e-14	2.94e-10	4.73e-07	1.32e-04	6.20e-03	6.63e-02	2.29e-01	2.47e-01	1.82e-01	2.54e-01	1.46e-02	2.52e-04
 2.03289e+22	3.01e-26	1.78e-20	4.75e-17	1.90e-14	3.69e-10	5.80e-07	1.58e-04	7.18e-03	7.34e-02	2.43e-01	2.50e-01	1.77e-01	2.36e-01	1.29e-02	2.13e-04
 2.07142e+22	4.02e-26	2.39e-20	6.15e-17	2.37e-14	4.43e-10	6.83e-07	1.82e-04	8.07e-03	7.94e-02	2.53e-01	2.52e-01	1.73e-01	2.22e-01	1.17e-02	1.86e-04
 2.11123e+22	5.37e-26	3.22e-20	7.98e-17	2.96e-14	5.33e-10	8.05e-07	2.09e-04	9.06e-03	8.59e-02	2.64e-01	2.53e-01	1.68e-01	2.08e-01	1.06e-02	1.61e-04
 2.16298e+22	7.71e-26	4.67e-20	1.11e-16	3.91e-14	6.73e-10	9.89e-07	2.50e-04	1.05e-02	9.46e-02	2.78e-01	2.54e-01	1.62e-01	1.91e-01	9.23e-03	1.34e-04
 2.21274e+22	1.07e-25	6.65e-20	1.51e-16	5.10e-14	8.37e-10	1.20e-06	2.95e-04	1.20e-02	1.03e-01	2.91e-01	2.54e-01	1.56e-01	1.76e-01	8.09e-03	1.12e-04
 2.24851e+22	1.35e-25	8.52e-20	1.88e-16	6.13e-14	9.75e-10	1.37e-06	3.32e-04	1.32e-02	1.10e-01	2.99e-01	2.53e-01	1.51e-01	1.66e-01	7.36e-03	9.86e-05
 2.28361e+22	1.69e-25	1.08e-19	2.31e-16	7.32e-14	1.13e-09	1.56e-06	3.70e-04	1.44e-02	1.16e-01	3.08e-01	2.52e-01	1.46e-01	1.56e-01	6.71e-03	8.71e-05
 2.32924e+22	2.23e-25	1.46e-19	3.01e-16	9.18e-14	1.36e-09	1.84e-06	4.26e-04	1.61e-02	1.25e-01	3.18e-01	2.50e-01	1.41e-01	1.44e-01	5.94e-03	7.40e-05
 2.37825e+22	2.97e-25	2.01e-19	3.98e-16	1.16e-13	1.65e-09	2.18e-06	4.93e-04	1.81e-02	1.35e-01	3.28e-01	2.47e-01	1.34e-01	1.32e-01	5.21e-03	6.21e-05
 2.42140e+22	3.78e-25	2.64e-19	5.07e-16	1.43e-13	1.95e-09	2.52e-06	5.58e-04	2.00e-02	1.43e-01	3.36e-01	2.44e-01	1.29e-01	1.22e-01	4.63e-03	5.32e-05
 2.46721e+22	4.87e-25	3.51e-19	6.50e-16	1.76e-13	2.32e-09	2.94e-06	6.35e-04	2.22e-02	1.53e-01	3.45e-01	2.41e-01	1.23e-01	1.12e-01	4.10e-03	4.52e-05
 2.51880e+22	6.38e-25	4.81e-19	8.56e-16	2.23e-13	2.81e-09	3.47e-06	7.31e-04	2.49e-02	1.63e-01	3.53e-01	2.36e-01	1.16e-01	1.02e-01	3.56e-03	3.76e-05
 2.56752e+22	8.14e-25	6.44e-19	1.10e-15	2.77e-13	3.34e-09	4.04e-06	8.32e-04	2.76e-02	1.73e-01	3.60e-01	2.31e-01	1.10e-01	9.31e-02	3.12e-03	3.16e-05
 2.61329e+22	1.01e-24	8.42e-19	1.40e-15	3.38e-13	3.93e-09	4.65e-06	9.37e-04	3.03e-02	1.83e-01	3.66e-01	2.27e-01	1.05e-01	8.54e-02	2.75e-03	2.68e-05
 2.66559e+22	1.30e-24	1.14e-18	1.81e-15	4.22e-13	4.70e-09	5.44e-06	1.07e-03	3.36e-02	1.94e-01	3.72e-01	2.21e-01	9.89e-02	7.73e-02	2.38e-03	2.23e-05
 2.72430e+22	1.69e-24	1.58e-18	2.42e-15	5.39e-13	5.74e-09	6.46e-06	1.24e-03	3.76e-02	2.07e-01	3.78e-01	2.14e-01	9.23e-02	6.90e-02	2.03e-03	1.81e-05
 2.77934e+22	2.14e-24	2.15e-18	3.17e-15	6.76e-13	6.88e-09	7.57e-06	1.41e-03	4.17e-02	2.18e-01	3.82e-01	2.07e-01	8.64e-02	6.19e-02	1.74e-03	1.48e-05
 2.83058e+22	2.64e-24	2.83e-18	4.04e-15	8.31e-13	8.13e-09	8.73e-06	1.59e-03	4.58e-02	2.29e-01	3.85e-01	2.00e-01	8.11e-02	5.60e-02	1.51e-03	1.23e-05
 2.88891e+22	3.34e-24	3.86e-18	5.29e-15	1.05e-12	9.78e-09	1.02e-05	1.81e-03	5.07e-02	2.42e-01	3.87e-01	1.92e-01	7.54e-02	4.99e-02	1.28e-03	1.00e-05
 2.95405e+22	4.27e-24	5.43e-18	7.14e-15	1.35e-12	1.20e-08	1.22e-05	2.09e-03	5.67e-02	2.56e-01	3.88e-01	1.83e-01	6.93e-02	4.37e-02	1.07e-03	7.94e-06
 3.01473e+22	5.32e-24	7.44e-18	9.40e-15	1.71e-12	1.45e-08	1.43e-05	2.39e-03	6.28e-02	2.69e-01	3.88e-01	1.75e-01	6.40e-02	3.86e-02	8.99e-04	6.37e-06
 3.07108e+22	6.46e-24	9.86e-18	1.20e-14	2.11e-12	1.71e-08	1.65e-05	2.69e-03	6.86e-02	2.80e-01	3.87e-01	1.67e-01	5.93e-02	3.44e-02	7.69e-04	5.22e-06
 3.13511e+22	8.05e-24	1.35e-17	1.59e-14	2.67e-12	2.07e-08	1.94e-05	3.06e-03	7.58e-02	2.93e-01	3.85e-01	1.58e-01	5.44e-02	3.02e-02	6.43e-04	4.17e-06
 3.20365e+22	1.00e-23	1.89e-17	2.13e-14	3.44e-12	2.54e-08	2.30e-05	3.52e-03	8.40e-02	3.06e-01	3.81e-01	1.49e-01	4.95e-02	2.62e-02	5.29e-04	3.26e-06
 3.26347e+22	1.21e-23	2.52e-17	2.75e-14	4.27e-12	3.02e-08	2.66e-05	3.96e-03	9.17e-02	3.18e-01	3.77e-01	1.41e-01	4.55e-02	2.31e-02	4.47e-04	2.63e-06
 3.32662e+22	1.47e-23	3.38e-17	3.56e-14	5.35e-12	3.61e-08	3.09e-05	4.46e-03	1.00e-01	3.29e-01	3.72e-01	1.32e-01	4.15e-02	2.02e-02	3.74e-04	2.11e-06
 3.40871e+22	1.87e-23	4.92e-17	4.97e-14	7.13e-12	4.54e-08	3.75e-05	5.19e-03	1.12e-01	3.43e-01	3.64e-01	1.22e-01	3.69e-02	1.70e-02	2.97e-04	1.58e-06
 3.49154e+22	2.34e-23	7.16e-17	6.92e-14	9.50e-12	5.71e-08	4.53e-05	6.03e-03	1.25e-01	3.56e-01	3.54e-01	1.12e-01	3.26e-02	1.43e-02	2.35e-04	1.18e-06
 3.55521e+22	2.77e-23	9.49e-17	8.89e-14	1.18e-11	6.79e-08	5.23e-05	6.75e-03	1.35e-01	3.65e-01	3.46e-01	1.04e-01	2.96e-02	1.24e-02	1.96e-04	9.41e-07
 3.61787e+22	3.27e-23	1.24e-16	1.13e-13	1.45e-11	8.03e-08	6.00e-05	7.51e-03	1.46e-01	3.74e-01	3.38e-01	9.73e-02	2.69e-02	1.09e-02	1.64e-04	7.58e-07
 3.69933e+22	4.05e-23	1.74e-16	1.53e-13	1.89e-11	9.93e-08	7.14e-05	8.59e-03	1.60e-01	3.84e-01	3.26e-01	8.87e-02	2.38e-02	9.14e-03	1.31e-04	5.73e-07
 3.78425e+22	4.97e-23	2.47e-16	2.09e-13	2.49e-11	1.24e-07	8.53e-05	9.84e-03	1.75e-01	3.93e-01	3.13e-01	8.03e-02	2.08e-02	7.61e-03	1.03e-04	4.27e-07
 3.85520e+22	5.88e-23	3.28e-16	2.70e-13	3.11e-11	1.48e-07	9.86e-05	1.10e-02	1.89e-01	3.99e-01	3.02e-01	7.38e-02	1.87e-02	6.53e-03	8.43e-05	3.34e-07
 3.92897e+22	7.01e-23	4.37e-16	3.48e-13	3.90e-11	1.77e-07	1.14e-04	1.23e-02	2.03e-01	4.04e-01	2.90e-01	6.75e-02	1.66e-02	5.57e-03	6.88e-05	2.61e-07
 4.02487e+22	8.77e-23	6.25e-16	4.81e-13	5.19e-11	2.23e-07	1.37e-04	1.41e-02	2.22e-01	4.10e-01	2.75e-01	6.01e-02	1.43e-02	4.54e-03	5.29e-05	1.89e-07
 4.12316e+22	1.09e-22	8.97e-16	6.67e-13	6.93e-11	2.81e-07	1.65e-04	1.62e-02	2.43e-01	4.14e-01	2.59e-01	5.30e-02	1.22e-02	3.67e-03	4.03e-05	1.36e-07
 4.20296e+22	1.29e-22	1.19e-15	8.61e-13	8.69e-11	3.37e-07	1.91e-04	1.80e-02	2.59e-01	4.15e-01	2.46e-01	4.79e-02	1.07e-02	3.09e-03	3.24e-05	0.00e+00
 4.28514e+22	1.54e-22	1.57e-15	1.11e-12	1.09e-10	4.04e-07	2.20e-04	2.00e-02	2.76e-01	4.16e-01	2.33e-01	4.31e-02	9.39e-03	2.60e-03	2.60e-05	0.00e+00
 4.39197e+22	1.93e-22	2.23e-15	1.52e-12	1.45e-10	5.07e-07	2.63e-04	2.27e-02	2.98e-01	4.15e-01	2.16e-01	3.76e-02	7.91e-03	2.07e-03	1.96e-05	0.00e+00
 4.50434e+22	2.42e-22	3.20e-15	2.12e-12	1.94e-10	6.41e-07	3.17e-04	2.59e-02	3.22e-01	4.12e-01	1.99e-01	3.24e-02	6.59e-03	1.63e-03	1.45e-05	0.00e+00
 4.60017e+22	2.92e-22	4.29e-15	2.77e-12	2.47e-10	7.77e-07	3.68e-04	2.89e-02	3.42e-01	4.08e-01	1.86e-01	2.85e-02	5.63e-03	1.33e-03	1.13e-05	0.00e+00
 4.68097e+22	3.40e-22	5.45e-15	3.44e-12	3.00e-10	9.09e-07	4.16e-04	3.15e-02	3.58e-01	4.03e-01	1.75e-01	2.56e-02	4.94e-03	1.13e-03	9.13e-06	0.00e+00
 4.76598e+22	4.03e-22	6.95e-15	4.30e-12	3.67e-10	1.07e-06	4.71e-04	3.44e-02	3.75e-01	3.98e-01	1.64e-01	2.29e-02	4.31e-03	9.45e-04	7.35e-06	0.00e+00
 4.87648e+22	4.98e-22	9.41e-15	5.68e-12	4.71e-10	1.30e-06	5.51e-04	3.83e-02	3.97e-01	3.90e-01	1.50e-01	1.98e-02	3.61e-03	7.55e-04	5.58e-06	0.00e+00
 4.99151e+22	6.15e-22	1.28e-14	7.56e-12	6.10e-10	1.60e-06	6.45e-04	4.27e-02	4.18e-01	3.81e-01	1.37e-01	1.69e-02	3.00e-03	5.96e-04	4.17e-06	0.00e+00
 5.08760e+22	7.29e-22	1.65e-14	9.51e-12	7.51e-10	1.89e-06	7.33e-04	4.65e-02	4.36e-01	3.72e-01	1.27e-01	1.49e-02	2.57e-03	4.90e-04	3.28e-06	0.00e+00
 5.17425e+22	8.50e-22	2.05e-14	1.16e-11	9.00e-10	2.19e-06	8.19e-04	5.01e-02	4.51e-01	3.64e-01	1.18e-01	1.33e-02	2.24e-03	4.12e-04	2.66e-06	0.00e+00
 5.27347e+22	1.02e-21	2.60e-14	1.45e-11	1.10e-09	2.56e-06	9.25e-04	5.44e-02	4.68e-01	3.55e-01	1.09e-01	1.16e-02	1.92e-03	3.40e-04	2.10e-06	0.00e+00
 5.40245e+22	1.27e-21	3.51e-14	1.91e-11	1.41e-09	3.14e-06	1.08e-03	6.02e-02	4.88e-01	3.41e-01	9.75e-02	9.80e-03	1.57e-03	2.64e-04	1.55e-06	0.00e+00
 5.53388e+22	1.58e-21	4.75e-14	2.53e-11	1.83e-09	3.84e-06	1.26e-03	6.65e-02	5.08e-01	3.27e-01	8.72e-02	8.22e-03	1.28e-03	2.04e-04	1.13e-06	0.00e+00
 5.63910e+22	1.87e-21	6.01e-14	3.15e-11	2.23e-09	4.50e-06	1.42e-03	7.19e-02	5.23e-01	3.16e-01	7.95e-02	7.13e-03	1.08e-03	1.66e-04	8.83e-07	0.00e+00
 5.74652e+22	2.24e-21	7.51e-14	3.88e-11	2.69e-09	5.23e-06	1.59e-03	7.73e-02	5.37e-01	3.05e-01	7.27e-02	6.21e-03	9.19e-04	1.36e-04	6.96e-07	0.00e+00
 5.88617e+22	2.80e-21	9.98e-14	5.05e-11	3.43e-09	6.35e-06	1.84e-03	8.47e-02	5.53e-01	2.90e-01	6.45e-02	5.18e-03	7.45e-04	1.05e-04	5.11e-07	0.00e+00
 6.03306e+22	3.53e-21	1.34e-13	6.67e-11	4.42e-09	7.76e-06	2.13e-03	9.30e-02	5.69e-01	2.74e-01	5.67e-02	4.27e-03	5.96e-04	8.02e-05	3.68e-07	0.00e+00
 6.15718e+22	4.25e-21	1.71e-13	8.37e-11	5.44e-09	9.15e-06	2.41e-03	1.00e-01	5.82e-01	2.61e-01	5.08e-02	3.63e-03	4.95e-04	6.38e-05	2.80e-07	0.00e+00
 6.28633e+22	5.19e-21	2.18e-13	1.05e-10	6.69e-09	1.08e-05	2.72e-03	1.08e-01	5.93e-01	2.48e-01	4.55e-02	3.08e-03	4.10e-04	5.08e-05	2.13e-07	0.00e+00
 6.45423e+22	6.69e-21	2.94e-13	1.39e-10	8.67e-09	1.33e-05	3.17e-03	1.18e-01	6.05e-01	2.31e-01	3.93e-02	2.49e-03	3.23e-04	3.79e-05	1.51e-07	0.00e+00
 6.62891e+22	8.65e-21	4.03e-13	1.87e-10	1.14e-08	1.64e-05	3.71e-03	1.30e-01	6.17e-01	2.14e-01	3.37e-02	1.99e-03	2.51e-04	2.79e-05	0.00e+00	0.00e+00
 6.77394e+22	1.07e-20	5.20e-13	2.37e-10	1.42e-08	1.96e-05	4.22e-03	1.40e-01	6.24e-01	2.00e-01	2.96e-02	1.65e-03	2.03e-04	2.16e-05	0.00e+00	0.00e+00
 6.92400e+22	1.32e-20	6.63e-13	2.99e-10	1.76e-08	2.32e-05	4.78e-03	1.50e-01	6.30e-01	1.88e-01	2.60e-02	1.37e-03	1.66e-04	1.69e-05	0.00e+00	0.00e+00
 7.11907e+22	1.75e-20	9.05e-13	4.01e-10	2.31e-08	2.88e-05	5.58e-03	1.64e-01	6.36e-01	1.72e-01	2.19e-02	1.08e-03	1.27e-04	1.23e-05	0.00e+00	0.00e+00
 7.32311e+22	2.33e-20	1.26e-12	5.49e-10	3.09e-08	3.62e-05	6.58e-03	1.79e-01	6.40e-01	1.56e-01	1.83e-02	8.41e-04	9.62e-05	8.75e-06	0.00e+00	0.00e+00
 7.49070e+22	2.95e-20	1.64e-12	7.05e-10	3.90e-08	4.35e-05	7.51e-03	1.92e-01	6.41e-01	1.43e-01	1.57e-02	6.84e-04	7.67e-05	6.65e-06	0.00e+00	0.00e+00
 7.63095e+22	3.57e-20	2.02e-12	8.63e-10	4.71e-08	5.05e-05	8.34e-03	2.03e-01	6.40e-01	1.34e-01	1.39e-02	5.78e-04	6.39e-05	5.33e-06	0.00e+00	0.00e+00
 7.78378e+22	4.42e-20	2.53e-12	1.07e-09	5.75e-08	5.91e-05	9.33e-03	2.15e-01	6.39e-01	1.24e-01	1.22e-02	4.83e-04	5.25e-05	4.20e-06	0.00e+00	0.00e+00
 7.98246e+22	5.79e-20	3.34e-12	1.40e-09	7.40e-08	7.21e-05	1.07e-02	2.31e-01	6.35e-01	1.13e-01	1.03e-02	3.84e-04	4.10e-05	3.12e-06	0.00e+00	0.00e+00
 8.18693e+22	7.68e-20	4.50e-12	1.86e-09	9.67e-08	8.90e-05	1.24e-02	2.48e-01	6.29e-01	1.01e-01	8.58e-03	3.02e-04	3.16e-05	2.28e-06	0.00e+00	0.00e+00
 8.35111e+22	9.59e-20	5.68e-12	2.33e-09	1.19e-07	1.05e-04	1.39e-02	2.63e-01	6.23e-01	9.30e-02	7.43e-03	2.50e-04	2.57e-05	1.78e-06	0.00e+00	0.00e+00
 8.51675e+22	1.20e-19	7.08e-12	2.89e-09	1.46e-07	1.23e-04	1.56e-02	2.77e-01	6.16e-01	8.53e-02	6.45e-03	2.08e-04	2.11e-05	1.40e-06	0.00e+00	0.00e+00
 8.73207e+22	1.60e-19	9.37e-12	3.79e-09	1.89e-07	1.51e-04	1.79e-02	2.95e-01	6.05e-01	7.63e-02	5.38e-03	1.64e-04	1.64e-05	1.04e-06	0.00e+00	0.00e+00
 8.96004e+22	2.18e-19	1.27e-11	5.11e-09	2.51e-07	1.88e-04	2.08e-02	3.16e-01	5.91e-01	6.74e-02	4.42e-03	1.27e-04	1.25e-05	7.50e-07	0.00e+00	0.00e+00
 9.15306e+22	2.83e-19	1.65e-11	6.57e-09	3.18e-07	2.26e-04	2.35e-02	3.33e-01	5.78e-01	6.05e-02	3.74e-03	1.03e-04	1.00e-05	5.72e-07	0.00e+00	0.00e+00
 9.35260e+22	3.67e-19	2.10e-11	8.36e-09	4.00e-07	2.70e-04	2.65e-02	3.51e-01	5.65e-01	5.44e-02	3.17e-03	8.39e-05	8.03e-06	4.40e-07	0.00e+00	0.00e+00
 9.61200e+22	5.14e-19	2.87e-11	1.14e-08	5.37e-07	3.40e-04	3.08e-02	3.74e-01	5.45e-01	4.72e-02	2.57e-03	6.44e-05	6.06e-06	3.14e-07	0.00e+00	0.00e+00
 9.88308e+22	7.41e-19	4.04e-11	1.59e-08	7.40e-07	4.36e-04	3.63e-02	3.98e-01	5.23e-01	4.03e-02	2.05e-03	4.86e-05	4.50e-06	2.20e-07	0.00e+00	0.00e+00
 1.01050e+23	9.97e-19	5.33e-11	2.10e-08	9.60e-07	5.32e-04	4.13e-02	4.18e-01	5.03e-01	3.55e-02	1.70e-03	3.87e-05	3.54e-06	1.65e-07	0.00e+00	0.00e+00
 1.03290e+23	1.33e-18	6.90e-11	2.71e-08	1.23e-06	6.44e-04	4.66e-02	4.36e-01	4.84e-01	3.12e-02	1.43e-03	3.12e-05	2.82e-06	1.26e-07	0.00e+00	0.00e+00
 1.05765e+23	1.84e-18	9.24e-11	3.63e-08	1.62e-06	7.97e-04	5.33e-02	4.56e-01	4.61e-01	2.70e-02	1.17e-03	2.45e-05	2.19e-06	0.00e+00	0.00e+00	0.00e+00
 1.07987e+23	2.49e-18	1.21e-10	4.73e-08	2.09e-06	9.67e-04	6.01e-02	4.74e-01	4.40e-01	2.36e-02	9.81e-04	1.97e-05	1.74e-06	0.00e+00	0.00e+00	0.00e+00
 1.09951e+23	3.22e-18	1.51e-10	5.93e-08	2.60e-06	1.14e-03	6.65e-02	4.89e-01	4.22e-01	2.10e-02	8.44e-04	1.64e-05	1.44e-06	0.00e+00	0.00e+00	0.00e+00
 1.12136e+23	4.23e-18	1.92e-10	7.53e-08	3.27e-06	1.36e-03	7.40e-02	5.04e-01	4.02e-01	1.84e-02	7.17e-04	1.35e-05	1.17e-06	0.00e+00	0.00e+00	0.00e+00
 1.14578e+23	5.81e-18	2.52e-10	9.91e-08	4.25e-06	1.66e-03	8.33e-02	5.19e-01	3.79e-01	1.59e-02	5.98e-04	1.08e-05	9.32e-07	0.00e+00	0.00e+00	0.00e+00
 1.16835e+23	7.85e-18	3.26e-10	1.28e-07	5.43e-06	1.99e-03	9.28e-02	5.33e-01	3.58e-01	1.38e-02	5.06e-04	8.78e-06	7.56e-07	0.00e+00	0.00e+00	0.00e+00
 1.18893e+23	1.03e-17	4.10e-10	1.61e-07	6.75e-06	2.35e-03	1.02e-01	5.44e-01	3.39e-01	1.22e-02	4.36e-04	7.31e-06	6.28e-07	0.00e+00	0.00e+00	0.00e+00
 1.21212e+23	1.36e-17	5.20e-10	2.05e-07	8.52e-06	2.79e-03	1.13e-01	5.54e-01	3.19e-01	1.06e-02	3.72e-04	6.01e-06	5.15e-07	0.00e+00	0.00e+00	0.00e+00
 1.24227e+23	1.96e-17	7.04e-10	2.78e-07	1.14e-05	3.48e-03	1.28e-01	5.65e-01	2.94e-01	8.86e-03	3.04e-04	4.69e-06	4.02e-07	0.00e+00	0.00e+00	0.00e+00
 1.27323e+23	2.95e-17	9.89e-10	3.90e-07	1.58e-05	4.42e-03	1.46e-01	5.75e-01	2.68e-01	7.27e-03	2.45e-04	3.58e-06	3.08e-07	0.00e+00	0.00e+00	0.00e+00
 1.29741e+23	4.13e-17	1.30e-09	5.13e-07	2.04e-05	5.35e-03	1.61e-01	5.80e-01	2.47e-01	6.19e-03	2.06e-04	2.89e-06	2.50e-07	0.00e+00	0.00e+00	0.00e+00
 1.31737e+23	5.32e-17	1.61e-09	6.33e-07	2.48e-05	6.18e-03	1.74e-01	5.82e-01	2.32e-01	5.48e-03	1.82e-04	2.46e-06	2.13e-07	0.00e+00	0.00e+00	0.00e+00
 1.33971e+23	7.00e-17	2.00e-09	7.89e-07	3.07e-05	7.23e-03	1.88e-01	5.83e-01	2.16e-01	4.76e-03	1.58e-04	2.05e-06	1.80e-07	0.00e+00	0.00e+00	0.00e+00
 1.36876e+23	9.92e-17	2.64e-09	1.04e-06	4.00e-05	8.78e-03	2.07e-01	5.82e-01	1.97e-01	4.00e-03	1.32e-04	1.64e-06	1.45e-07	0.00e+00	0.00e+00	0.00e+00
 1.40006e+23	1.49e-16	3.64e-09	1.44e-06	5.42e-05	1.09e-02	2.31e-01	5.78e-01	1.76e-01	3.26e-03	1.08e-04	1.27e-06	0.00e+00	0.00e+00	0.00e+00	0.00e+00
 1.42662e+23	2.12e-16	4.82e-09	1.91e-06	7.07e-05	1.33e-02	2.52e-01	5.72e-01	1.59e-01	2.73e-03	9.09e-05	1.01e-06	0.00e+00	0.00e+00	0.00e+00	0.00e+00
 1.44865e+23	2.83e-16	6.04e-09	2.38e-06	8.68e-05	1.54e-02	2.70e-01	5.65e-01	1.47e-01	2.37e-03	7.95e-05	8.53e-07	0.00e+00	0.00e+00	0.00e+00	0.00e+00
 1.47246e+23	3.79e-16	7.55e-09	2.97e-06	1.07e-04	1.78e-02	2.89e-01	5.57e-01	1.35e-01	2.05e-03	6.92e-05	7.13e-07	0.00e+00	0.00e+00	0.00e+00	0.00e+00
 1.50341e+23	5.46e-16	9.98e-09	3.93e-06	1.39e-04	2.16e-02	3.13e-01	5.44e-01	1.20e-01	1.70e-03	5.79e-05	5.68e-07	0.00e+00	0.00e+00	0.00e+00	0.00e+00
 1.53579e+23	8.41e-16	1.38e-08	5.41e-06	1.87e-04	2.66e-02	3.41e-01	5.26e-01	1.05e-01	1.37e-03	4.74e-05	4.39e-07	0.00e+00	0.00e+00	0.00e+00	0.00e+00
 1.56131e+23	1.19e-15	1.80e-08	7.01e-06	2.36e-04	3.14e-02	3.63e-01	5.10e-01	9.39e-02	1.16e-03	4.05e-05	3.58e-07	0.00e+00	0.00e+00	0.00e+00	0.00e+00
 1.58088e+23	1.54e-15	2.17e-08	8.46e-06	2.82e-04	3.55e-02	3.80e-01	4.97e-01	8.62e-02	1.02e-03	3.59e-05	3.07e-07	0.00e+00	0.00e+00	0.00e+00	0.00e+00
 1.60144e+23	2.00e-15	2.62e-08	1.02e-05	3.35e-04	4.01e-02	3.97e-01	4.83e-01	7.89e-02	8.92e-04	3.17e-05	2.62e-07	0.00e+00	0.00e+00	0.00e+00	0.00e+00
 1.62816e+23	2.78e-15	3.32e-08	1.29e-05	4.15e-04	4.65e-02	4.18e-01	4.64e-01	7.04e-02	7.56e-04	2.72e-05	2.16e-07	0.00e+00	0.00e+00	0.00e+00	0.00e+00
 1.65645e+23	4.03e-15	4.32e-08	1.67e-05	5.28e-04	5.50e-02	4.40e-01	4.42e-01	6.17e-02	6.27e-04	2.28e-05	1.73e-07	0.00e+00	0.00e+00	0.00e+00	0.00e+00
 1.67974e+23	5.55e-15	5.40e-08	2.08e-05	6.44e-04	6.30e-02	4.58e-01	4.22e-01	5.51e-02	5.36e-04	1.97e-05	1.44e-07	0.00e+00	0.00e+00	0.00e+00	0.00e+00
 1.69898e+23	7.16e-15	6.43e-08	2.48e-05	7.58e-04	7.04e-02	4.72e-01	4.06e-01	5.01e-02	4.71e-04	1.75e-05	1.24e-07	0.00e+00	0.00e+00	0.00e+00	0.00e+00
 1.72000e+23	9.31e-15	7.68e-08	2.95e-05	8.85e-04	7.84e-02	4.86e-01	3.89e-01	4.56e-02	4.15e-04	1.55e-05	0.00e+00	0.00e+00	0.00e+00	0.00e+00	0.00e+00
 1.74733e+23	1.30e-14	9.59e-08	3.67e-05	1.08e-03	8.99e-02	5.02e-01	3.67e-01	4.01e-02	3.51e-04	1.32e-05	0.00e+00	0.00e+00	0.00e+00	0.00e+00	0.00e+00
 1.77540e+23	1.91e-14	1.23e-07	4.69e-05	1.36e-03	1.05e-01	5.17e-01	3.42e-01	3.46e-02	2.90e-04	1.10e-05	0.00e+00	0.00e+00	0.00e+00	0.00e+00	0.00e+00
 1.79668e+23	2.57e-14	1.49e-07	5.67e-05	1.61e-03	1.17e-01	5.28e-01	3.22e-01	3.08e-02	2.51e-04	9.59e-06	0.00e+00	0.00e+00	0.00e+00	0.00e+00	0.00e+00
 1.81272e+23	3.25e-14	1.72e-07	6.54e-05	1.84e-03	1.28e-01	5.34e-01	3.08e-01	2.81e-02	2.23e-04	8.58e-06	0.00e+00	0.00e+00	0.00e+00	0.00e+00	0.00e+00
 1.82973e+23	4.03e-14	1.96e-07	7.45e-05	2.07e-03	1.39e-01	5.40e-01	2.93e-01	2.57e-02	2.00e-04	7.71e-06	0.00e+00	0.00e+00	0.00e+00	0.00e+00	0.00e+00
 1.84840e+23	5.24e-14	2.29e-07	8.66e-05	2.38e-03	1.52e-01	5.45e-01	2.77e-01	2.32e-02	1.77e-04	6.83e-06	0.00e+00	0.00e+00	0.00e+00	0.00e+00	0.00e+00
 1.86456e+23	6.58e-14	2.61e-07	9.90e-05	2.70e-03	1.65e-01	5.49e-01	2.63e-01	2.10e-02	1.57e-04	6.10e-06	0.00e+00	0.00e+00	0.00e+00	0.00e+00	0.00e+00
 1.87765e+23	7.97e-14	2.91e-07	1.10e-04	2.98e-03	1.76e-01	5.50e-01	2.51e-01	1.94e-02	1.44e-04	5.56e-06	0.00e+00	0.00e+00	0.00e+00	0.00e+00	0.00e+00
 1.89141e+23	9.64e-14	3.21e-07	1.22e-04	3.28e-03	1.87e-01	5.52e-01	2.40e-01	1.80e-02	1.31e-04	5.08e-06	0.00e+00	0.00e+00	0.00e+00	0.00e+00	0.00e+00
 1.90693e+23	1.19e-13	3.60e-07	1.37e-04	3.67e-03	2.01e-01	5.52e-01	2.27e-01	1.63e-02	1.17e-04	4.54e-06	0.00e+00	0.00e+00	0.00e+00	0.00e+00	0.00e+00
 1.92090e+23	1.44e-13	4.00e-07	1.53e-04	4.07e-03	2.15e-01	5.51e-01	2.15e-01	1.49e-02	1.06e-04	4.10e-06	0.00e+00	0.00e+00	0.00e+00	0.00e+00	0.00e+00
 1.93235e+23	1.77e-13	4.38e-07	1.67e-04	4.43e-03	2.27e-01	5.49e-01	2.05e-01	1.39e-02	9.68e-05	3.76e-06	0.00e+00	0.00e+00	0.00e+00	0.00e+00	0.00e+00
 1.94252e+23	2.02e-13	4.68e-07	1.80e-04	4.77e-03	2.38e-01	5.47e-01	1.97e-01	1.29e-02	8.95e-05	3.48e-06	0.00e+00	0.00e+00	0.00e+00	0.00e+00	0.00e+00
 1.95386e+23	2.45e-13	5.06e-07	1.94e-04	5.16e-03	2.50e-01	5.45e-01	1.88e-01	1.20e-02	8.25e-05	3.20e-06	0.00e+00	0.00e+00	0.00e+00	0.00e+00	0.00e+00
 1.96627e+23	2.98e-13	5.49e-07	2.12e-04	5.65e-03	2.64e-01	5.41e-01	1.78e-01	1.10e-02	7.47e-05	2.90e-06	0.00e+00	0.00e+00	0.00e+00	0.00e+00	0.00e+00
 1.97687e+23	3.59e-13	5.91e-07	2.30e-04	6.14e-03	2.78e-01	5.37e-01	1.69e-01	1.02e-02	6.81e-05	2.64e-06	0.00e+00	0.00e+00	0.00e+00	0.00e+00	0.00e+00
