#depth	Ne	Ne+	Ne+2	Ne+3	Ne+4	Ne+5	Ne+6	Ne+7	Ne+8	Ne+9	Ne+10
 6.17135e+19	0.00e+00	0.00e+00	6.61e-31	4.26e-25	4.31e-20	8.61e-16	5.74e-12	1.79e-08	1.38e-04	2.47e-02	9.75e-01
 1.87609e+20	0.00e+00	0.00e+00	1.77e-30	9.99e-25	8.87e-20	1.56e-15	9.07e-12	2.49e-08	1.72e-04	2.76e-02	9.72e-01
 2.90007e+20	0.00e+00	0.00e+00	3.82e-30	1.94e-24	1.56e-19	2.47e-15	1.30e-11	3.22e-08	2.05e-04	3.00e-02	9.70e-01
 3.58237e+20	0.00e+00	0.00e+00	6.27e-30	2.98e-24	2.24e-19	3.34e-15	1.64e-11	3.81e-08	2.29e-04	3.17e-02	9.68e-01
 4.06340e+20	0.00e+00	0.00e+00	8.93e-30	4.05e-24	2.91e-19	4.14e-15	1.93e-11	4.29e-08	2.48e-04	3.30e-02	9.67e-01
 4.40201e+20	0.00e+00	0.00e+00	1.12e-29	4.92e-24	3.43e-19	4.75e-15	2.15e-11	4.64e-08	2.61e-04	3.39e-02	9.66e-01
 4.76478e+20	0.00e+00	0.00e+00	1.44e-29	6.12e-24	4.13e-19	5.53e-15	2.42e-11	5.06e-08	2.76e-04	3.48e-02	9.65e-01
 5.23637e+20	0.00e+00	0.00e+00	1.99e-29	8.08e-24	5.24e-19	6.73e-15	2.82e-11	5.64e-08	2.97e-04	3.61e-02	9.64e-01
 5.75599e+20	0.00e+00	0.00e+00	2.81e-29	1.09e-23	6.77e-19	8.31e-15	3.33e-11	6.36e-08	3.22e-04	3.75e-02	9.62e-01
 6.23195e+20	0.00e+00	0.00e+00	3.85e-29	1.43e-23	8.53e-19	1.01e-14	3.86e-11	7.08e-08	3.46e-04	3.88e-02	9.61e-01
 6.74461e+20	0.00e+00	0.00e+00	5.35e-29	1.91e-23	1.09e-18	1.23e-14	4.51e-11	7.93e-08	3.73e-04	4.03e-02	9.59e-01
 7.31243e+20	0.00e+00	0.00e+00	7.66e-29	2.61e-23	1.42e-18	1.53e-14	5.35e-11	8.98e-08	4.04e-04	4.19e-02	9.58e-01
 7.83777e+20	0.00e+00	0.00e+00	1.06e-28	3.45e-23	1.80e-18	1.87e-14	6.25e-11	1.00e-07	4.35e-04	4.35e-02	9.56e-01
 8.40654e+20	0.00e+00	0.00e+00	1.50e-28	4.66e-23	2.33e-18	2.31e-14	7.37e-11	1.13e-07	4.71e-04	4.52e-02	9.54e-01
 9.00349e+20	0.00e+00	0.00e+00	2.13e-28	6.33e-23	3.02e-18	2.87e-14	8.73e-11	1.28e-07	5.11e-04	4.70e-02	9.53e-01
 9.51031e+20	0.00e+00	0.00e+00	2.86e-28	8.18e-23	3.76e-18	3.43e-14	1.01e-10	1.42e-07	5.46e-04	4.85e-02	9.51e-01
 1.00424e+21	0.00e+00	0.00e+00	3.88e-28	1.06e-22	4.70e-18	4.13e-14	1.16e-10	1.58e-07	5.85e-04	5.02e-02	9.49e-01
 1.07341e+21	0.00e+00	0.00e+00	5.70e-28	1.49e-22	6.25e-18	5.23e-14	1.40e-10	1.80e-07	6.39e-04	5.24e-02	9.47e-01
 1.14360e+21	0.00e+00	3.59e-34	8.36e-28	2.07e-22	8.30e-18	6.62e-14	1.68e-10	2.06e-07	6.98e-04	5.47e-02	9.45e-01
 1.20008e+21	0.00e+00	5.05e-34	1.13e-27	2.69e-22	1.04e-17	7.97e-14	1.94e-10	2.29e-07	7.48e-04	5.65e-02	9.43e-01
 1.25843e+21	0.00e+00	7.14e-34	1.53e-27	3.50e-22	1.30e-17	9.61e-14	2.25e-10	2.55e-07	8.02e-04	5.85e-02	9.41e-01
 1.33430e+21	0.00e+00	1.11e-33	2.26e-27	4.91e-22	1.73e-17	1.22e-13	2.71e-10	2.92e-07	8.77e-04	6.10e-02	9.38e-01
 1.41207e+21	0.00e+00	1.72e-33	3.33e-27	6.88e-22	2.31e-17	1.55e-13	3.27e-10	3.35e-07	9.59e-04	6.37e-02	9.35e-01
 1.47297e+21	0.00e+00	2.41e-33	4.48e-27	8.91e-22	2.89e-17	1.86e-13	3.77e-10	3.72e-07	1.03e-03	6.58e-02	9.33e-01
 1.53279e+21	0.00e+00	3.34e-33	5.97e-27	1.14e-21	3.57e-17	2.22e-13	4.34e-10	4.11e-07	1.10e-03	6.79e-02	9.31e-01
 1.61056e+21	0.00e+00	5.06e-33	8.60e-27	1.57e-21	4.68e-17	2.78e-13	5.17e-10	4.68e-07	1.19e-03	7.07e-02	9.28e-01
 1.69114e+21	0.00e+00	7.70e-33	1.25e-26	2.17e-21	6.16e-17	3.49e-13	6.19e-10	5.33e-07	1.30e-03	7.37e-02	9.25e-01
 1.75829e+21	0.00e+00	1.09e-32	1.69e-26	2.82e-21	7.72e-17	4.21e-13	7.17e-10	5.94e-07	1.39e-03	7.62e-02	9.22e-01
 1.82848e+21	0.00e+00	1.53e-32	2.28e-26	3.66e-21	9.66e-17	5.08e-13	8.30e-10	6.61e-07	1.49e-03	7.87e-02	9.20e-01
 1.91972e+21	0.00e+00	2.42e-32	3.42e-26	5.20e-21	1.30e-16	6.51e-13	1.01e-09	7.62e-07	1.64e-03	8.23e-02	9.16e-01
 2.01179e+21	0.00e+00	3.76e-32	5.05e-26	7.31e-21	1.74e-16	8.29e-13	1.22e-09	8.75e-07	1.79e-03	8.59e-02	9.12e-01
 2.08563e+21	0.00e+00	5.33e-32	6.87e-26	9.54e-21	2.19e-16	1.00e-12	1.41e-09	9.75e-07	1.92e-03	8.88e-02	9.09e-01
 2.15155e+21	0.00e+00	7.25e-32	9.00e-26	1.21e-20	2.68e-16	1.18e-12	1.61e-09	1.07e-06	2.05e-03	9.14e-02	9.07e-01
 2.22647e+21	0.00e+00	1.02e-31	1.22e-25	1.57e-20	3.35e-16	1.43e-12	1.87e-09	1.19e-06	2.19e-03	9.45e-02	9.03e-01
 2.32387e+21	0.00e+00	1.57e-31	1.78e-25	2.19e-20	4.45e-16	1.81e-12	2.25e-09	1.37e-06	2.40e-03	9.85e-02	8.99e-01
 2.42272e+21	0.00e+00	2.43e-31	2.62e-25	3.05e-20	5.92e-16	2.29e-12	2.71e-09	1.57e-06	2.62e-03	1.03e-01	8.95e-01
 2.50211e+21	0.00e+00	3.42e-31	3.54e-25	3.97e-20	7.42e-16	2.76e-12	3.14e-09	1.74e-06	2.80e-03	1.06e-01	8.91e-01
 2.58400e+21	0.00e+00	4.84e-31	4.80e-25	5.18e-20	9.31e-16	3.34e-12	3.64e-09	1.94e-06	3.01e-03	1.10e-01	8.87e-01
 2.69045e+21	0.00e+00	7.54e-31	7.10e-25	7.27e-20	1.24e-15	4.25e-12	4.40e-09	2.23e-06	3.29e-03	1.14e-01	8.83e-01
 2.80036e+21	0.00e+00	1.18e-30	1.06e-24	1.03e-19	1.67e-15	5.43e-12	5.33e-09	2.57e-06	3.60e-03	1.19e-01	8.77e-01
 2.89023e+21	0.00e+00	1.70e-30	1.45e-24	1.35e-19	2.12e-15	6.62e-12	6.23e-09	2.87e-06	3.87e-03	1.23e-01	8.73e-01
 2.96482e+21	0.00e+00	2.28e-30	1.89e-24	1.70e-19	2.58e-15	7.78e-12	7.07e-09	3.15e-06	4.11e-03	1.27e-01	8.69e-01
 3.04410e+21	0.00e+00	3.12e-30	2.48e-24	2.16e-19	3.16e-15	9.23e-12	8.08e-09	3.47e-06	4.37e-03	1.30e-01	8.65e-01
 3.14717e+21	0.00e+00	4.62e-30	3.51e-24	2.92e-19	4.10e-15	1.14e-11	9.57e-09	3.93e-06	4.73e-03	1.35e-01	8.60e-01
 3.25236e+21	0.00e+00	6.90e-30	5.00e-24	3.97e-19	5.33e-15	1.42e-11	1.14e-08	4.45e-06	5.13e-03	1.40e-01	8.55e-01
 3.33698e+21	0.00e+00	9.48e-30	6.62e-24	5.07e-19	6.56e-15	1.69e-11	1.30e-08	4.91e-06	5.47e-03	1.44e-01	8.50e-01
 3.42367e+21	0.00e+00	1.31e-29	8.78e-24	6.48e-19	8.10e-15	2.02e-11	1.49e-08	5.42e-06	5.83e-03	1.49e-01	8.46e-01
 3.53636e+21	0.00e+00	1.97e-29	1.26e-23	8.87e-19	1.06e-14	2.53e-11	1.78e-08	6.16e-06	6.32e-03	1.54e-01	8.40e-01
 3.64234e+21	0.00e+00	2.89e-29	1.77e-23	1.19e-18	1.36e-14	3.11e-11	2.10e-08	6.94e-06	6.82e-03	1.60e-01	8.34e-01
 3.71538e+21	0.00e+00	3.74e-29	2.22e-23	1.45e-18	1.62e-14	3.59e-11	2.35e-08	7.52e-06	7.18e-03	1.63e-01	8.30e-01
 3.78612e+21	0.00e+00	4.80e-29	2.77e-23	1.76e-18	1.90e-14	4.11e-11	2.61e-08	8.13e-06	7.55e-03	1.67e-01	8.26e-01
 3.87808e+21	0.00e+00	6.62e-29	3.68e-23	2.25e-18	2.35e-14	4.90e-11	3.00e-08	8.98e-06	8.04e-03	1.72e-01	8.20e-01
 3.97730e+21	0.00e+00	9.34e-29	4.98e-23	2.93e-18	2.95e-14	5.92e-11	3.47e-08	9.99e-06	8.61e-03	1.77e-01	8.14e-01
 4.06498e+21	0.00e+00	1.26e-28	6.49e-23	3.69e-18	3.59e-14	6.98e-11	3.95e-08	1.10e-05	9.13e-03	1.82e-01	8.09e-01
 4.13944e+21	0.00e+00	1.63e-28	8.11e-23	4.48e-18	4.25e-14	8.02e-11	4.40e-08	1.19e-05	9.60e-03	1.86e-01	8.05e-01
 4.21766e+21	0.00e+00	2.12e-28	1.02e-22	5.49e-18	5.05e-14	9.27e-11	4.93e-08	1.29e-05	1.01e-02	1.90e-01	8.00e-01
 4.30537e+21	0.00e+00	2.83e-28	1.32e-22	6.86e-18	6.12e-14	1.09e-10	5.59e-08	1.41e-05	1.07e-02	1.95e-01	7.94e-01
 4.38785e+21	0.00e+00	3.73e-28	1.69e-22	8.46e-18	7.32e-14	1.26e-10	6.28e-08	1.53e-05	1.13e-02	1.99e-01	7.89e-01
 4.46458e+21	0.00e+00	4.81e-28	2.11e-22	1.03e-17	8.66e-14	1.45e-10	7.01e-08	1.66e-05	1.19e-02	2.04e-01	7.84e-01
 4.55142e+21	0.00e+00	6.37e-28	2.70e-22	1.28e-17	1.04e-13	1.69e-10	7.91e-08	1.81e-05	1.25e-02	2.09e-01	7.79e-01
 4.64765e+21	0.00e+00	8.70e-28	3.56e-22	1.62e-17	1.28e-13	2.01e-10	9.04e-08	1.99e-05	1.33e-02	2.14e-01	7.73e-01
 4.73561e+21	0.00e+00	1.16e-27	4.57e-22	2.01e-17	1.54e-13	2.35e-10	1.02e-07	2.17e-05	1.41e-02	2.19e-01	7.67e-01
 4.81162e+21	0.00e+00	1.48e-27	5.68e-22	2.43e-17	1.81e-13	2.69e-10	1.14e-07	2.34e-05	1.48e-02	2.24e-01	7.62e-01
 4.89258e+21	0.00e+00	1.91e-27	7.10e-22	2.96e-17	2.14e-13	3.09e-10	1.27e-07	2.54e-05	1.55e-02	2.28e-01	7.56e-01
 4.98379e+21	4.48e-34	2.54e-27	9.16e-22	3.69e-17	2.59e-13	3.62e-10	1.43e-07	2.77e-05	1.64e-02	2.34e-01	7.50e-01
 5.06910e+21	6.05e-34	3.33e-27	1.16e-21	4.53e-17	3.09e-13	4.20e-10	1.61e-07	3.01e-05	1.73e-02	2.39e-01	7.44e-01
 5.14732e+21	7.95e-34	4.25e-27	1.44e-21	5.46e-17	3.63e-13	4.80e-10	1.79e-07	3.24e-05	1.81e-02	2.44e-01	7.38e-01
 5.23556e+21	1.08e-33	5.59e-27	1.83e-21	6.74e-17	4.35e-13	5.59e-10	2.01e-07	3.53e-05	1.91e-02	2.49e-01	7.32e-01
 5.33337e+21	1.51e-33	7.57e-27	2.39e-21	8.50e-17	5.31e-13	6.60e-10	2.29e-07	3.87e-05	2.02e-02	2.55e-01	7.25e-01
 5.42295e+21	2.06e-33	9.97e-27	3.05e-21	1.05e-16	6.38e-13	7.68e-10	2.58e-07	4.21e-05	2.13e-02	2.60e-01	7.18e-01
 5.50512e+21	2.73e-33	1.28e-26	3.81e-21	1.27e-16	7.53e-13	8.82e-10	2.87e-07	4.55e-05	2.23e-02	2.66e-01	7.12e-01
 5.58603e+21	3.60e-33	1.64e-26	4.73e-21	1.54e-16	8.86e-13	1.01e-09	3.20e-07	4.91e-05	2.34e-02	2.71e-01	7.06e-01
 5.67895e+21	4.92e-33	2.17e-26	6.06e-21	1.91e-16	1.07e-12	1.18e-09	3.61e-07	5.35e-05	2.47e-02	2.76e-01	6.99e-01
 5.77947e+21	6.91e-33	2.94e-26	7.93e-21	2.41e-16	1.30e-12	1.40e-09	4.12e-07	5.87e-05	2.61e-02	2.83e-01	6.91e-01
 5.86644e+21	9.26e-33	3.82e-26	9.98e-21	2.94e-16	1.55e-12	1.62e-09	4.61e-07	6.37e-05	2.74e-02	2.88e-01	6.84e-01
 5.94317e+21	1.20e-32	4.81e-26	1.22e-20	3.51e-16	1.80e-12	1.83e-09	5.09e-07	6.83e-05	2.87e-02	2.93e-01	6.78e-01
 6.03005e+21	1.60e-32	6.23e-26	1.53e-20	4.28e-16	2.14e-12	2.12e-09	5.69e-07	7.39e-05	3.01e-02	2.99e-01	6.71e-01
 6.14298e+21	2.32e-32	8.69e-26	2.06e-20	5.53e-16	2.67e-12	2.55e-09	6.58e-07	8.19e-05	3.20e-02	3.06e-01	6.62e-01
 6.25595e+21	3.37e-32	1.21e-25	2.76e-20	7.14e-16	3.33e-12	3.07e-09	7.61e-07	9.07e-05	3.41e-02	3.14e-01	6.52e-01
 6.34257e+21	4.51e-32	1.58e-25	3.48e-20	8.74e-16	3.97e-12	3.55e-09	8.54e-07	9.84e-05	3.58e-02	3.19e-01	6.45e-01
 6.42880e+21	5.91e-32	2.01e-25	4.32e-20	1.05e-15	4.66e-12	4.07e-09	9.49e-07	1.06e-04	3.74e-02	3.25e-01	6.38e-01
 6.54091e+21	8.48e-32	2.78e-25	5.74e-20	1.35e-15	5.78e-12	4.88e-09	1.09e-06	1.17e-04	3.98e-02	3.32e-01	6.28e-01
 6.65579e+21	1.23e-31	3.87e-25	7.70e-20	1.74e-15	7.22e-12	5.88e-09	1.27e-06	1.30e-04	4.23e-02	3.40e-01	6.18e-01
 6.74849e+21	1.65e-31	5.05e-25	9.73e-20	2.14e-15	8.62e-12	6.82e-09	1.42e-06	1.41e-04	4.44e-02	3.46e-01	6.10e-01
 6.84321e+21	2.22e-31	6.60e-25	1.23e-19	2.63e-15	1.03e-11	7.93e-09	1.60e-06	1.53e-04	4.67e-02	3.52e-01	6.01e-01
 6.96635e+21	3.26e-31	9.31e-25	1.67e-19	3.43e-15	1.30e-11	9.64e-09	1.86e-06	1.70e-04	4.98e-02	3.60e-01	5.90e-01
 7.09112e+21	4.80e-31	1.32e-24	2.27e-19	4.48e-15	1.64e-11	1.17e-08	2.17e-06	1.89e-04	5.30e-02	3.68e-01	5.79e-01
 7.18955e+21	6.49e-31	1.73e-24	2.88e-19	5.52e-15	1.96e-11	1.37e-08	2.45e-06	2.06e-04	5.58e-02	3.74e-01	5.70e-01
 7.28903e+21	8.74e-31	2.26e-24	3.66e-19	6.79e-15	2.35e-11	1.59e-08	2.77e-06	2.24e-04	5.86e-02	3.80e-01	5.61e-01
 7.41835e+21	1.28e-30	3.18e-24	4.96e-19	8.86e-15	2.97e-11	1.94e-08	3.23e-06	2.49e-04	6.24e-02	3.88e-01	5.49e-01
 7.55267e+21	1.89e-30	4.52e-24	6.78e-19	1.17e-14	3.77e-11	2.37e-08	3.78e-06	2.79e-04	6.66e-02	3.96e-01	5.37e-01
 7.65868e+21	2.57e-30	5.95e-24	8.65e-19	1.44e-14	4.54e-11	2.78e-08	4.28e-06	3.04e-04	7.00e-02	4.02e-01	5.27e-01
 7.74606e+21	3.28e-30	7.42e-24	1.05e-18	1.71e-14	5.27e-11	3.15e-08	4.73e-06	3.25e-04	7.29e-02	4.08e-01	5.19e-01
 7.84398e+21	4.29e-30	9.46e-24	1.31e-18	2.07e-14	6.22e-11	3.63e-08	5.28e-06	3.51e-04	7.62e-02	4.13e-01	5.10e-01
 7.97129e+21	6.05e-30	1.29e-23	1.72e-18	2.63e-14	7.68e-11	4.34e-08	6.09e-06	3.88e-04	8.06e-02	4.20e-01	4.99e-01
 8.10366e+21	8.58e-30	1.77e-23	2.28e-18	3.36e-14	9.53e-11	5.21e-08	7.03e-06	4.28e-04	8.54e-02	4.27e-01	4.87e-01
 8.21402e+21	1.14e-29	2.29e-23	2.86e-18	4.11e-14	1.14e-10	6.05e-08	7.91e-06	4.65e-04	8.95e-02	4.33e-01	4.77e-01
 8.32889e+21	1.52e-29	2.96e-23	3.61e-18	5.04e-14	1.36e-10	7.04e-08	8.91e-06	5.05e-04	9.38e-02	4.38e-01	4.68e-01
 8.47821e+21	2.18e-29	4.11e-23	4.84e-18	6.52e-14	1.70e-10	8.53e-08	1.04e-05	5.61e-04	9.96e-02	4.45e-01	4.55e-01
 8.63038e+21	3.13e-29	5.70e-23	6.48e-18	8.42e-14	2.13e-10	1.03e-07	1.21e-05	6.23e-04	1.06e-01	4.52e-01	4.42e-01
 8.75317e+21	4.15e-29	7.37e-23	8.15e-18	1.03e-13	2.54e-10	1.20e-07	1.36e-05	6.76e-04	1.11e-01	4.57e-01	4.32e-01
 8.87972e+21	5.50e-29	9.51e-23	1.02e-17	1.26e-13	3.03e-10	1.39e-07	1.53e-05	7.34e-04	1.16e-01	4.62e-01	4.22e-01
 9.04425e+21	7.84e-29	1.31e-22	1.37e-17	1.62e-13	3.79e-10	1.68e-07	1.78e-05	8.14e-04	1.23e-01	4.68e-01	4.09e-01
 9.21427e+21	1.12e-28	1.82e-22	1.83e-17	2.09e-13	4.74e-10	2.04e-07	2.07e-05	9.03e-04	1.30e-01	4.73e-01	3.96e-01
 9.34864e+21	1.47e-28	2.33e-22	2.28e-17	2.55e-13	5.63e-10	2.36e-07	2.32e-05	9.78e-04	1.36e-01	4.78e-01	3.86e-01
 9.45995e+21	1.83e-28	2.84e-22	2.73e-17	2.98e-13	6.46e-10	2.66e-07	2.55e-05	1.04e-03	1.41e-01	4.81e-01	3.77e-01
 9.58409e+21	2.32e-28	3.53e-22	3.32e-17	3.54e-13	7.52e-10	3.02e-07	2.82e-05	1.12e-03	1.46e-01	4.84e-01	3.69e-01
 9.74546e+21	3.14e-28	4.65e-22	4.25e-17	4.39e-13	9.09e-10	3.55e-07	3.21e-05	1.22e-03	1.53e-01	4.88e-01	3.57e-01
 9.91374e+21	4.27e-28	6.14e-22	5.46e-17	5.48e-13	1.10e-09	4.19e-07	3.66e-05	1.34e-03	1.61e-01	4.92e-01	3.46e-01
 1.00549e+22	5.47e-28	7.71e-22	6.70e-17	6.56e-13	1.29e-09	4.79e-07	4.07e-05	1.44e-03	1.67e-01	4.95e-01	3.37e-01
 1.02023e+22	7.04e-28	9.70e-22	8.24e-17	7.87e-13	1.52e-09	5.49e-07	4.53e-05	1.55e-03	1.74e-01	4.97e-01	3.27e-01
 1.03939e+22	9.67e-28	1.30e-21	1.07e-16	9.91e-13	1.86e-09	6.51e-07	5.19e-05	1.70e-03	1.83e-01	5.00e-01	3.15e-01
 1.05892e+22	1.32e-27	1.73e-21	1.39e-16	1.25e-12	2.27e-09	7.72e-07	5.94e-05	1.86e-03	1.92e-01	5.03e-01	3.04e-01
 1.07468e+22	1.69e-27	2.17e-21	1.70e-16	1.49e-12	2.66e-09	8.83e-07	6.61e-05	2.00e-03	1.99e-01	5.04e-01	2.94e-01
 1.08828e+22	2.09e-27	2.63e-21	2.02e-16	1.74e-12	3.04e-09	9.90e-07	7.23e-05	2.13e-03	2.05e-01	5.06e-01	2.87e-01
 1.10330e+22	2.60e-27	3.21e-21	2.42e-16	2.03e-12	3.49e-09	1.11e-06	7.94e-05	2.27e-03	2.12e-01	5.07e-01	2.79e-01
 1.12281e+22	3.44e-27	4.15e-21	3.05e-16	2.49e-12	4.18e-09	1.30e-06	8.95e-05	2.47e-03	2.21e-01	5.08e-01	2.68e-01
 1.14275e+22	4.56e-27	5.37e-21	3.85e-16	3.06e-12	4.99e-09	1.51e-06	1.01e-04	2.68e-03	2.31e-01	5.08e-01	2.58e-01
 1.15888e+22	5.70e-27	6.58e-21	4.63e-16	3.60e-12	5.76e-09	1.70e-06	1.11e-04	2.86e-03	2.38e-01	5.09e-01	2.50e-01
 1.17549e+22	7.06e-27	8.01e-21	5.52e-16	4.20e-12	6.59e-09	1.91e-06	1.21e-04	3.03e-03	2.46e-01	5.08e-01	2.43e-01
 1.19708e+22	9.34e-27	1.04e-20	6.98e-16	5.16e-12	7.90e-09	2.22e-06	1.37e-04	3.29e-03	2.56e-01	5.08e-01	2.33e-01
 1.21930e+22	1.24e-26	1.34e-20	8.80e-16	6.33e-12	9.44e-09	2.58e-06	1.54e-04	3.57e-03	2.66e-01	5.07e-01	2.23e-01
 1.23773e+22	1.55e-26	1.65e-20	1.06e-15	7.47e-12	1.09e-08	2.92e-06	1.70e-04	3.81e-03	2.75e-01	5.06e-01	2.15e-01
 1.25707e+22	1.95e-26	2.03e-20	1.28e-15	8.81e-12	1.26e-08	3.30e-06	1.87e-04	4.06e-03	2.83e-01	5.05e-01	2.08e-01
 1.28221e+22	2.60e-26	2.65e-20	1.63e-15	1.09e-11	1.51e-08	3.85e-06	2.11e-04	4.41e-03	2.94e-01	5.03e-01	1.98e-01
 1.30814e+22	3.48e-26	3.46e-20	2.08e-15	1.34e-11	1.82e-08	4.50e-06	2.38e-04	4.79e-03	3.06e-01	5.00e-01	1.89e-01
 1.32851e+22	4.35e-26	4.25e-20	2.50e-15	1.58e-11	2.10e-08	5.06e-06	2.61e-04	5.09e-03	3.15e-01	4.98e-01	1.82e-01
 1.34842e+22	5.37e-26	5.16e-20	2.97e-15	1.84e-11	2.40e-08	5.66e-06	2.85e-04	5.40e-03	3.24e-01	4.95e-01	1.75e-01
 1.37430e+22	7.02e-26	6.59e-20	3.71e-15	2.24e-11	2.84e-08	6.52e-06	3.18e-04	5.81e-03	3.35e-01	4.92e-01	1.67e-01
 1.40137e+22	9.23e-26	8.48e-20	4.65e-15	2.73e-11	3.37e-08	7.54e-06	3.56e-04	6.26e-03	3.46e-01	4.88e-01	1.59e-01
 1.42438e+22	1.16e-25	1.04e-19	5.61e-15	3.22e-11	3.89e-08	8.49e-06	3.90e-04	6.66e-03	3.56e-01	4.85e-01	1.53e-01
 1.44866e+22	1.46e-25	1.29e-19	6.80e-15	3.81e-11	4.50e-08	9.58e-06	4.29e-04	7.09e-03	3.66e-01	4.81e-01	1.46e-01
 1.48023e+22	1.96e-25	1.69e-19	8.67e-15	4.70e-11	5.40e-08	1.12e-05	4.83e-04	7.67e-03	3.78e-01	4.75e-01	1.38e-01
 1.51307e+22	2.64e-25	2.22e-19	1.11e-14	5.84e-11	6.51e-08	1.30e-05	5.44e-04	8.29e-03	3.91e-01	4.69e-01	1.30e-01
 1.54081e+22	3.38e-25	2.78e-19	1.36e-14	6.96e-11	7.58e-08	1.48e-05	6.00e-04	8.84e-03	4.02e-01	4.64e-01	1.24e-01
 1.57015e+22	4.34e-25	3.50e-19	1.67e-14	8.34e-11	8.86e-08	1.68e-05	6.62e-04	9.44e-03	4.13e-01	4.59e-01	1.18e-01
 1.60215e+22	5.69e-25	4.48e-19	2.08e-14	1.01e-10	1.05e-07	1.93e-05	7.36e-04	1.01e-02	4.25e-01	4.52e-01	1.12e-01
 1.63113e+22	7.21e-25	5.56e-19	2.54e-14	1.20e-10	1.21e-07	2.18e-05	8.08e-04	1.08e-02	4.36e-01	4.47e-01	1.06e-01
 1.66231e+22	9.24e-25	6.98e-19	3.11e-14	1.43e-10	1.41e-07	2.48e-05	8.90e-04	1.14e-02	4.47e-01	4.40e-01	1.01e-01
 1.69751e+22	1.21e-24	8.97e-19	3.89e-14	1.74e-10	1.67e-07	2.84e-05	9.89e-04	1.23e-02	4.59e-01	4.33e-01	9.47e-02
 1.72984e+22	1.55e-24	1.12e-18	4.76e-14	2.08e-10	1.94e-07	3.22e-05	1.09e-03	1.30e-02	4.70e-01	4.26e-01	8.96e-02
 1.75853e+22	1.92e-24	1.36e-18	5.67e-14	2.42e-10	2.21e-07	3.58e-05	1.18e-03	1.37e-02	4.80e-01	4.20e-01	8.54e-02
 1.79058e+22	2.42e-24	1.69e-18	6.87e-14	2.86e-10	2.55e-07	4.03e-05	1.29e-03	1.46e-02	4.90e-01	4.13e-01	8.09e-02
 1.83225e+22	3.25e-24	2.20e-18	8.72e-14	3.52e-10	3.05e-07	4.66e-05	1.44e-03	1.56e-02	5.03e-01	4.05e-01	7.55e-02
 1.87454e+22	4.34e-24	2.87e-18	1.11e-13	4.34e-10	3.65e-07	5.40e-05	1.61e-03	1.68e-02	5.16e-01	3.95e-01	7.03e-02
 1.90812e+22	5.43e-24	3.53e-18	1.33e-13	5.10e-10	4.19e-07	6.06e-05	1.75e-03	1.77e-02	5.26e-01	3.88e-01	6.64e-02
 1.94224e+22	6.76e-24	4.32e-18	1.60e-13	5.97e-10	4.80e-07	6.77e-05	1.91e-03	1.87e-02	5.36e-01	3.81e-01	6.28e-02
 1.98659e+22	8.96e-24	5.58e-18	2.02e-13	7.30e-10	5.70e-07	7.79e-05	2.12e-03	2.00e-02	5.48e-01	3.71e-01	5.85e-02
 2.03289e+22	1.19e-23	7.24e-18	2.55e-13	8.97e-10	6.80e-07	9.01e-05	2.37e-03	2.14e-02	5.61e-01	3.61e-01	5.41e-02
 2.07142e+22	1.49e-23	8.93e-18	3.08e-13	1.06e-09	7.84e-07	1.01e-04	2.59e-03	2.27e-02	5.71e-01	3.53e-01	5.08e-02
 2.11123e+22	1.88e-23	1.10e-17	3.73e-13	1.25e-09	9.05e-07	1.14e-04	2.83e-03	2.40e-02	5.81e-01	3.45e-01	4.76e-02
 2.16298e+22	2.51e-23	1.44e-17	4.75e-13	1.54e-09	1.08e-06	1.32e-04	3.16e-03	2.57e-02	5.93e-01	3.34e-01	4.38e-02
 2.21274e+22	3.28e-23	1.85e-17	5.96e-13	1.88e-09	1.28e-06	1.52e-04	3.51e-03	2.75e-02	6.05e-01	3.24e-01	4.04e-02
 2.24851e+22	3.96e-23	2.20e-17	6.98e-13	2.16e-09	1.45e-06	1.67e-04	3.78e-03	2.88e-02	6.13e-01	3.16e-01	3.81e-02
 2.28361e+22	4.74e-23	2.60e-17	8.11e-13	2.46e-09	1.62e-06	1.84e-04	4.06e-03	3.01e-02	6.20e-01	3.09e-01	3.60e-02
 2.32924e+22	5.93e-23	3.20e-17	9.82e-13	2.91e-09	1.87e-06	2.07e-04	4.44e-03	3.18e-02	6.30e-01	3.00e-01	3.34e-02
 2.37825e+22	7.50e-23	3.99e-17	1.20e-12	3.47e-09	2.18e-06	2.35e-04	4.88e-03	3.37e-02	6.39e-01	2.91e-01	3.09e-02
 2.42140e+22	9.16e-23	4.80e-17	1.42e-12	4.03e-09	2.48e-06	2.61e-04	5.29e-03	3.55e-02	6.47e-01	2.83e-01	2.88e-02
 2.46721e+22	1.12e-22	5.82e-17	1.70e-12	4.71e-09	2.84e-06	2.92e-04	5.75e-03	3.74e-02	6.56e-01	2.74e-01	2.68e-02
 2.51880e+22	1.40e-22	7.17e-17	2.06e-12	5.59e-09	3.30e-06	3.31e-04	6.31e-03	3.96e-02	6.64e-01	2.65e-01	2.47e-02
 2.56752e+22	1.72e-22	8.68e-17	2.46e-12	6.53e-09	3.78e-06	3.70e-04	6.88e-03	4.18e-02	6.72e-01	2.56e-01	2.28e-02
 2.61329e+22	2.06e-22	1.03e-16	2.89e-12	7.54e-09	4.28e-06	4.11e-04	7.44e-03	4.39e-02	6.79e-01	2.48e-01	2.12e-02
 2.66559e+22	2.51e-22	1.25e-16	3.45e-12	8.83e-09	4.92e-06	4.61e-04	8.12e-03	4.63e-02	6.86e-01	2.39e-01	1.95e-02
 2.72430e+22	3.11e-22	1.54e-16	4.19e-12	1.05e-08	5.73e-06	5.23e-04	8.93e-03	4.92e-02	6.94e-01	2.29e-01	1.78e-02
 2.77934e+22	3.77e-22	1.85e-16	4.99e-12	1.23e-08	6.58e-06	5.88e-04	9.75e-03	5.19e-02	7.01e-01	2.20e-01	1.63e-02
 2.83058e+22	4.46e-22	2.18e-16	5.84e-12	1.41e-08	7.47e-06	6.53e-04	1.06e-02	5.46e-02	7.07e-01	2.12e-01	1.50e-02
 2.88891e+22	5.35e-22	2.61e-16	6.95e-12	1.65e-08	8.58e-06	7.34e-04	1.15e-02	5.77e-02	7.13e-01	2.04e-01	1.37e-02
 2.95405e+22	6.49e-22	3.17e-16	8.37e-12	1.96e-08	9.98e-06	8.33e-04	1.27e-02	6.12e-02	7.19e-01	1.94e-01	1.24e-02
 3.01473e+22	7.65e-22	3.75e-16	9.87e-12	2.28e-08	1.14e-05	9.35e-04	1.39e-02	6.47e-02	7.24e-01	1.85e-01	1.12e-02
 3.07108e+22	8.91e-22	4.37e-16	1.15e-11	2.61e-08	1.29e-05	1.04e-03	1.50e-02	6.80e-02	7.28e-01	1.78e-01	1.03e-02
 3.13511e+22	1.04e-21	5.15e-16	1.35e-11	3.04e-08	1.48e-05	1.16e-03	1.64e-02	7.18e-02	7.32e-01	1.70e-01	9.31e-03
 3.20365e+22	1.22e-21	6.08e-16	1.60e-11	3.55e-08	1.71e-05	1.31e-03	1.79e-02	7.60e-02	7.35e-01	1.61e-01	8.36e-03
 3.26347e+22	1.39e-21	6.99e-16	1.84e-11	4.05e-08	1.93e-05	1.45e-03	1.94e-02	7.98e-02	7.38e-01	1.54e-01	7.61e-03
 3.32662e+22	1.58e-21	8.03e-16	2.12e-11	4.63e-08	2.18e-05	1.61e-03	2.09e-02	8.38e-02	7.40e-01	1.47e-01	6.91e-03
 3.40871e+22	1.84e-21	9.52e-16	2.54e-11	5.48e-08	2.55e-05	1.84e-03	2.31e-02	8.92e-02	7.42e-01	1.38e-01	6.09e-03
 3.49154e+22	2.12e-21	1.12e-15	3.02e-11	6.47e-08	2.97e-05	2.09e-03	2.55e-02	9.49e-02	7.43e-01	1.29e-01	5.36e-03
 3.55521e+22	2.35e-21	1.27e-15	3.44e-11	7.33e-08	3.33e-05	2.30e-03	2.74e-02	9.94e-02	7.43e-01	1.23e-01	4.86e-03
 3.61787e+22	2.57e-21	1.42e-15	3.88e-11	8.25e-08	3.72e-05	2.52e-03	2.93e-02	1.04e-01	7.43e-01	1.17e-01	4.42e-03
 3.69933e+22	2.88e-21	1.63e-15	4.54e-11	9.58e-08	4.27e-05	2.84e-03	3.20e-02	1.10e-01	7.42e-01	1.10e-01	3.92e-03
 3.78425e+22	3.22e-21	1.88e-15	5.31e-11	1.12e-07	4.92e-05	3.19e-03	3.49e-02	1.16e-01	7.40e-01	1.03e-01	3.45e-03
 3.85520e+22	3.52e-21	2.10e-15	6.04e-11	1.27e-07	5.53e-05	3.51e-03	3.75e-02	1.21e-01	7.37e-01	9.73e-02	3.11e-03
 3.92897e+22	3.84e-21	2.36e-15	6.88e-11	1.44e-07	6.22e-05	3.87e-03	4.02e-02	1.27e-01	7.35e-01	9.20e-02	2.79e-03
 4.02487e+22	4.28e-21	2.73e-15	8.12e-11	1.69e-07	7.22e-05	4.37e-03	4.39e-02	1.34e-01	7.30e-01	8.55e-02	2.44e-03
 4.12316e+22	4.77e-21	3.16e-15	9.61e-11	2.00e-07	8.39e-05	4.94e-03	4.79e-02	1.41e-01	7.24e-01	7.92e-02	2.12e-03
 4.20296e+22	5.19e-21	3.55e-15	1.10e-10	2.28e-07	9.45e-05	5.44e-03	5.13e-02	1.47e-01	7.19e-01	7.45e-02	1.89e-03
 4.28514e+22	5.66e-21	3.99e-15	1.26e-10	2.60e-07	1.07e-04	5.99e-03	5.50e-02	1.54e-01	7.13e-01	7.01e-02	1.69e-03
 4.39197e+22	6.32e-21	4.65e-15	1.50e-10	3.09e-07	1.24e-04	6.76e-03	5.98e-02	1.62e-01	7.05e-01	6.47e-02	1.46e-03
 4.50434e+22	7.09e-21	5.45e-15	1.80e-10	3.69e-07	1.45e-04	7.66e-03	6.53e-02	1.71e-01	6.96e-01	5.94e-02	1.25e-03
 4.60017e+22	7.83e-21	6.24e-15	2.11e-10	4.28e-07	1.66e-04	8.49e-03	7.01e-02	1.78e-01	6.87e-01	5.53e-02	1.10e-03
 4.68097e+22	8.54e-21	7.01e-15	2.40e-10	4.85e-07	1.85e-04	9.25e-03	7.43e-02	1.84e-01	6.79e-01	5.21e-02	9.93e-04
 4.76598e+22	9.34e-21	7.90e-15	2.75e-10	5.53e-07	2.07e-04	1.01e-02	7.88e-02	1.91e-01	6.70e-01	4.89e-02	8.90e-04
 4.87648e+22	1.05e-20	9.24e-15	3.28e-10	6.52e-07	2.39e-04	1.13e-02	8.48e-02	1.99e-01	6.59e-01	4.51e-02	7.74e-04
 4.99151e+22	1.19e-20	1.09e-14	3.93e-10	7.74e-07	2.78e-04	1.26e-02	9.15e-02	2.07e-01	6.46e-01	4.15e-02	6.68e-04
 5.08760e+22	1.33e-20	1.25e-14	4.58e-10	8.92e-07	3.13e-04	1.38e-02	9.72e-02	2.14e-01	6.35e-01	3.86e-02	5.93e-04
 5.17425e+22	1.47e-20	1.41e-14	5.24e-10	1.01e-06	3.49e-04	1.50e-02	1.03e-01	2.21e-01	6.25e-01	3.63e-02	5.32e-04
 5.27347e+22	1.65e-20	1.63e-14	6.10e-10	1.16e-06	3.93e-04	1.64e-02	1.09e-01	2.27e-01	6.13e-01	3.38e-02	4.73e-04
 5.40245e+22	1.91e-20	1.96e-14	7.43e-10	1.39e-06	4.58e-04	1.84e-02	1.17e-01	2.36e-01	5.97e-01	3.08e-02	4.05e-04
 5.53388e+22	2.24e-20	2.37e-14	9.09e-10	1.68e-06	5.34e-04	2.06e-02	1.26e-01	2.45e-01	5.80e-01	2.80e-02	3.46e-04
 5.63910e+22	2.53e-20	2.75e-14	1.07e-09	1.94e-06	6.03e-04	2.26e-02	1.33e-01	2.51e-01	5.66e-01	2.59e-02	3.05e-04
 5.74652e+22	2.91e-20	3.21e-14	1.25e-09	2.23e-06	6.79e-04	2.46e-02	1.41e-01	2.58e-01	5.52e-01	2.40e-02	2.70e-04
 5.88617e+22	3.46e-20	3.92e-14	1.53e-09	2.68e-06	7.89e-04	2.75e-02	1.51e-01	2.66e-01	5.33e-01	2.18e-02	2.30e-04
 6.03306e+22	4.17e-20	4.84e-14	1.90e-09	3.24e-06	9.24e-04	3.09e-02	1.62e-01	2.73e-01	5.13e-01	1.96e-02	1.94e-04
 6.15718e+22	4.90e-20	5.79e-14	2.27e-09	3.79e-06	1.05e-03	3.40e-02	1.71e-01	2.80e-01	4.96e-01	1.79e-02	1.68e-04
 6.28633e+22	5.79e-20	6.94e-14	2.72e-09	4.44e-06	1.20e-03	3.73e-02	1.81e-01	2.85e-01	4.78e-01	1.63e-02	1.46e-04
 6.45423e+22	7.20e-20	8.76e-14	3.42e-09	5.43e-06	1.41e-03	4.21e-02	1.94e-01	2.92e-01	4.55e-01	1.45e-02	1.21e-04
 6.62891e+22	9.09e-20	1.12e-13	4.35e-09	6.68e-06	1.68e-03	4.76e-02	2.09e-01	2.98e-01	4.31e-01	1.27e-02	9.95e-05
 6.77394e+22	1.10e-19	1.37e-13	5.30e-09	7.92e-06	1.93e-03	5.25e-02	2.21e-01	3.03e-01	4.10e-01	1.14e-02	8.44e-05
 6.92400e+22	1.35e-19	1.68e-13	6.44e-09	9.34e-06	2.21e-03	5.78e-02	2.33e-01	3.06e-01	3.90e-01	1.02e-02	7.19e-05
 7.11907e+22	1.74e-19	2.18e-13	8.24e-09	1.15e-05	2.62e-03	6.53e-02	2.49e-01	3.10e-01	3.65e-01	8.88e-03	5.83e-05
 7.32311e+22	2.30e-19	2.88e-13	1.07e-08	1.44e-05	3.14e-03	7.41e-02	2.66e-01	3.12e-01	3.37e-01	7.60e-03	4.64e-05
 7.49070e+22	2.90e-19	3.62e-13	1.32e-08	1.71e-05	3.62e-03	8.19e-02	2.80e-01	3.12e-01	3.15e-01	6.68e-03	3.85e-05
 7.63095e+22	3.49e-19	4.34e-13	1.56e-08	1.97e-05	4.07e-03	8.87e-02	2.91e-01	3.12e-01	2.98e-01	6.00e-03	3.31e-05
 7.78378e+22	4.28e-19	5.29e-13	1.87e-08	2.29e-05	4.60e-03	9.64e-02	3.03e-01	3.11e-01	2.80e-01	5.34e-03	2.80e-05
 7.98246e+22	5.55e-19	6.78e-13	2.35e-08	2.77e-05	5.35e-03	1.07e-01	3.18e-01	3.08e-01	2.57e-01	4.59e-03	2.27e-05
 8.18693e+22	7.33e-19	8.82e-13	2.98e-08	3.37e-05	6.27e-03	1.19e-01	3.33e-01	3.04e-01	2.34e-01	3.89e-03	1.80e-05
 8.35111e+22	9.14e-19	1.08e-12	3.58e-08	3.92e-05	7.09e-03	1.29e-01	3.45e-01	2.99e-01	2.16e-01	3.41e-03	1.50e-05
 8.51675e+22	1.13e-18	1.33e-12	4.29e-08	4.54e-05	7.98e-03	1.40e-01	3.56e-01	2.94e-01	1.99e-01	2.99e-03	1.26e-05
 8.73207e+22	1.49e-18	1.71e-12	5.38e-08	5.46e-05	9.25e-03	1.54e-01	3.69e-01	2.86e-01	1.79e-01	2.52e-03	9.96e-06
 8.96004e+22	2.02e-18	2.26e-12	6.86e-08	6.65e-05	1.08e-02	1.70e-01	3.82e-01	2.76e-01	1.59e-01	2.08e-03	7.72e-06
 9.15306e+22	2.61e-18	2.85e-12	8.40e-08	7.84e-05	1.24e-02	1.85e-01	3.92e-01	2.67e-01	1.43e-01	1.76e-03	6.20e-06
 9.35260e+22	3.34e-18	3.57e-12	1.02e-07	9.18e-05	1.40e-02	2.00e-01	4.00e-01	2.57e-01	1.28e-01	1.49e-03	5.00e-06
 9.61200e+22	4.60e-18	4.77e-12	1.31e-07	1.12e-04	1.64e-02	2.20e-01	4.09e-01	2.43e-01	1.11e-01	1.20e-03	3.77e-06
 9.88308e+22	6.52e-18	6.51e-12	1.71e-07	1.39e-04	1.94e-02	2.43e-01	4.16e-01	2.27e-01	9.38e-02	9.45e-04	2.77e-06
 1.01050e+23	8.63e-18	8.35e-12	2.12e-07	1.64e-04	2.21e-02	2.63e-01	4.20e-01	2.13e-01	8.15e-02	7.74e-04	2.15e-06
 1.03290e+23	1.13e-17	1.06e-11	2.60e-07	1.93e-04	2.50e-02	2.82e-01	4.21e-01	2.00e-01	7.10e-02	6.37e-04	1.68e-06
 1.05765e+23	1.53e-17	1.39e-11	3.26e-07	2.31e-04	2.87e-02	3.04e-01	4.21e-01	1.85e-01	6.05e-02	5.09e-04	1.26e-06
 1.07987e+23	2.02e-17	1.77e-11	4.00e-07	2.71e-04	3.25e-02	3.25e-01	4.19e-01	1.71e-01	5.20e-02	4.14e-04	9.78e-07
 1.09951e+23	2.55e-17	2.18e-11	4.76e-07	3.10e-04	3.60e-02	3.43e-01	4.16e-01	1.60e-01	4.56e-02	3.46e-04	7.84e-07
 1.12136e+23	3.28e-17	2.72e-11	5.73e-07	3.58e-04	4.01e-02	3.62e-01	4.11e-01	1.47e-01	3.94e-02	2.85e-04	6.15e-07
 1.14578e+23	4.36e-17	3.49e-11	7.06e-07	4.21e-04	4.53e-02	3.84e-01	4.03e-01	1.34e-01	3.33e-02	2.28e-04	4.67e-07
 1.16835e+23	5.67e-17	4.40e-11	8.55e-07	4.89e-04	5.05e-02	4.04e-01	3.94e-01	1.22e-01	2.83e-02	1.84e-04	3.61e-07
 1.18893e+23	7.19e-17	5.41e-11	1.02e-06	5.58e-04	5.57e-02	4.22e-01	3.85e-01	1.12e-01	2.45e-02	1.52e-04	2.86e-07
 1.21212e+23	9.27e-17	6.77e-11	1.22e-06	6.43e-04	6.17e-02	4.41e-01	3.75e-01	1.01e-01	2.09e-02	1.24e-04	2.22e-07
 1.24227e+23	1.27e-16	8.96e-11	1.54e-06	7.67e-04	7.01e-02	4.64e-01	3.59e-01	8.85e-02	1.70e-02	9.47e-05	1.61e-07
 1.27323e+23	1.81e-16	1.22e-10	1.99e-06	9.31e-04	8.04e-02	4.89e-01	3.40e-01	7.58e-02	1.35e-02	7.05e-05	0.00e+00
 1.29741e+23	2.40e-16	1.56e-10	2.44e-06	1.09e-03	8.96e-02	5.08e-01	3.23e-01	6.65e-02	1.11e-02	5.56e-05	0.00e+00
 1.31737e+23	2.95e-16	1.88e-10	2.84e-06	1.22e-03	9.70e-02	5.22e-01	3.10e-01	6.00e-02	9.64e-03	4.65e-05	0.00e+00
 1.33971e+23	3.75e-16	2.32e-10	3.37e-06	1.39e-03	1.06e-01	5.35e-01	2.96e-01	5.35e-02	8.21e-03	3.80e-05	0.00e+00
 1.36876e+23	5.02e-16	3.00e-10	4.18e-06	1.62e-03	1.18e-01	5.51e-01	2.77e-01	4.60e-02	6.70e-03	2.95e-05	0.00e+00
 1.40006e+23	7.01e-16	4.04e-10	5.33e-06	1.95e-03	1.33e-01	5.67e-01	2.54e-01	3.84e-02	5.30e-03	2.21e-05	0.00e+00
 1.42662e+23	9.44e-16	5.25e-10	6.62e-06	2.28e-03	1.48e-01	5.78e-01	2.35e-01	3.26e-02	4.31e-03	1.71e-05	0.00e+00
 1.44865e+23	1.18e-15	6.43e-10	7.83e-06	2.58e-03	1.60e-01	5.86e-01	2.20e-01	2.86e-02	3.66e-03	1.41e-05	0.00e+00
 1.47246e+23	1.50e-15	7.95e-10	9.33e-06	2.93e-03	1.73e-01	5.92e-01	2.04e-01	2.49e-02	3.10e-03	1.15e-05	0.00e+00
 1.50341e+23	2.03e-15	1.04e-09	1.17e-05	3.44e-03	1.92e-01	5.96e-01	1.85e-01	2.07e-02	2.50e-03	8.84e-06	0.00e+00
 1.53579e+23	2.87e-15	1.42e-09	1.51e-05	4.13e-03	2.14e-01	5.99e-01	1.64e-01	1.68e-02	1.96e-03	6.59e-06	0.00e+00
 1.56131e+23	3.77e-15	1.82e-09	1.86e-05	4.77e-03	2.34e-01	5.98e-01	1.48e-01	1.41e-02	1.61e-03	5.23e-06	0.00e+00
 1.58088e+23	4.66e-15	2.20e-09	2.18e-05	5.33e-03	2.49e-01	5.95e-01	1.37e-01	1.24e-02	1.39e-03	4.39e-06	0.00e+00
 1.60144e+23	5.79e-15	2.68e-09	2.56e-05	5.97e-03	2.66e-01	5.91e-01	1.26e-01	1.08e-02	1.19e-03	3.67e-06	0.00e+00
 1.62816e+23	7.60e-15	3.43e-09	3.16e-05	6.87e-03	2.88e-01	5.83e-01	1.12e-01	9.09e-03	9.87e-04	2.92e-06	0.00e+00
 1.65645e+23	1.03e-14	4.54e-09	4.00e-05	8.06e-03	3.14e-01	5.71e-01	9.82e-02	7.47e-03	7.96e-04	2.27e-06	0.00e+00
 1.67974e+23	1.34e-14	5.77e-09	4.89e-05	9.21e-03	3.37e-01	5.59e-01	8.73e-02	6.32e-03	6.64e-04	1.84e-06	0.00e+00
 1.69898e+23	1.68e-14	7.07e-09	5.81e-05	1.03e-02	3.57e-01	5.47e-01	7.89e-02	5.50e-03	5.71e-04	1.54e-06	0.00e+00
 1.72000e+23	2.08e-14	8.64e-09	6.90e-05	1.15e-02	3.78e-01	5.34e-01	7.11e-02	4.78e-03	4.91e-04	1.30e-06	0.00e+00
 1.74733e+23	2.79e-14	1.13e-08	8.70e-05	1.33e-02	4.07e-01	5.14e-01	6.16e-02	3.98e-03	4.01e-04	1.03e-06	0.00e+00
 1.77540e+23	3.89e-14	1.54e-08	1.14e-04	1.57e-02	4.39e-01	4.89e-01	5.21e-02	3.24e-03	3.19e-04	7.92e-07	0.00e+00
 1.79668e+23	5.08e-14	1.98e-08	1.41e-04	1.79e-02	4.65e-01	4.69e-01	4.55e-02	2.76e-03	2.67e-04	6.47e-07	0.00e+00
 1.81272e+23	6.30e-14	2.41e-08	1.67e-04	1.98e-02	4.85e-01	4.52e-01	4.08e-02	2.44e-03	2.32e-04	5.50e-07	0.00e+00
 1.82973e+23	7.77e-14	2.93e-08	1.98e-04	2.19e-02	5.05e-01	4.34e-01	3.66e-02	2.16e-03	2.02e-04	4.70e-07	0.00e+00
 1.84840e+23	9.88e-14	3.67e-08	2.42e-04	2.45e-02	5.28e-01	4.13e-01	3.21e-02	1.88e-03	1.72e-04	3.92e-07	0.00e+00
 1.86456e+23	1.24e-13	4.55e-08	2.92e-04	2.73e-02	5.48e-01	3.94e-01	2.85e-02	1.66e-03	1.48e-04	3.32e-07	0.00e+00
 1.87765e+23	1.50e-13	5.44e-08	3.42e-04	2.98e-02	5.64e-01	3.78e-01	2.58e-02	1.50e-03	1.31e-04	2.90e-07	0.00e+00
 1.89141e+23	1.82e-13	6.53e-08	4.02e-04	3.25e-02	5.81e-01	3.62e-01	2.32e-02	1.35e-03	1.16e-04	2.53e-07	0.00e+00
 1.90693e+23	2.31e-13	8.16e-08	4.90e-04	3.61e-02	6.00e-01	3.42e-01	2.05e-02	1.19e-03	9.99e-05	2.14e-07	0.00e+00
 1.92090e+23	2.90e-13	1.01e-07	5.93e-04	3.99e-02	6.16e-01	3.24e-01	1.82e-02	1.07e-03	8.68e-05	1.83e-07	0.00e+00
 1.93235e+23	3.53e-13	1.22e-07	7.03e-04	4.35e-02	6.30e-01	3.09e-01	1.64e-02	9.69e-04	7.72e-05	1.61e-07	0.00e+00
 1.94252e+23	4.23e-13	1.44e-07	8.20e-04	4.71e-02	6.41e-01	2.95e-01	1.50e-02	8.90e-04	6.93e-05	1.43e-07	0.00e+00
 1.95386e+23	5.16e-13	1.74e-07	9.74e-04	5.12e-02	6.54e-01	2.80e-01	1.35e-02	8.11e-04	6.16e-05	1.26e-07	0.00e+00
 1.96627e+23	6.59e-13	2.20e-07	1.20e-03	5.68e-02	6.67e-01	2.62e-01	1.19e-02	7.27e-04	5.36e-05	0.00e+00	0.00e+00
 1.97687e+23	8.31e-13	2.74e-07	1.47e-03	6.25e-02	6.78e-01	2.47e-01	1.07e-02	6.58e-04	4.71e-05	0.00e+00	0.00e+00
 1.98521e+23	1.01e-12	3.29e-07	1.74e-03	6.78e-02	6.85e-01	2.35e-01	9.70e-03	6.06e-04	4.23e-05	0.00e+00	0.00e+00
 1.99382e+23	1.22e-12	3.95e-07	2.06e-03	7.33e-02	6.93e-01	2.23e-01	8.83e-03	5.59e-04	3.82e-05	0.00e+00	0.00e+00
 2.00341e+23	1.56e-12	4.98e-07	2.55e-03	8.09e-02	7.00e-01	2.08e-01	7.88e-03	5.06e-04	3.36e-05	0.00e+00	0.00e+00
 2.01182e+23	1.99e-12	6.26e-07	3.16e-03	8.91e-02	7.05e-01	1.95e-01	7.05e-03	4.61e-04	2.97e-05	0.00e+00	0.00e+00
 2.01773e+23	2.42e-12	7.53e-07	3.75e-03	9.62e-02	7.08e-01	1.85e-01	6.47e-03	4.29e-04	2.70e-05	0.00e+00	0.00e+00
 2.02165e+23	2.75e-12	8.51e-07	4.21e-03	1.01e-01	7.09e-01	1.79e-01	6.12e-03	4.09e-04	2.53e-05	0.00e+00	0.00e+00
 2.02556e+23	3.10e-12	9.55e-07	4.69e-03	1.06e-01	7.10e-01	1.73e-01	5.79e-03	3.90e-04	2.39e-05	0.00e+00	0.00e+00
 2.03065e+23	3.66e-12	1.12e-06	5.44e-03	1.13e-01	7.11e-01	1.65e-01	5.38e-03	3.66e-04	2.20e-05	0.00e+00	0.00e+00
 2.03613e+23	4.50e-12	1.36e-06	6.54e-03	1.23e-01	7.10e-01	1.55e-01	4.91e-03	3.39e-04	1.99e-05	0.00e+00	0.00e+00
 2.04059e+23	5.44e-12	1.63e-06	7.74e-03	1.32e-01	7.08e-01	1.47e-01	4.53e-03	3.17e-04	1.82e-05	0.00e+00	0.00e+00
 2.04391e+23	6.34e-12	1.88e-06	8.86e-03	1.40e-01	7.06e-01	1.41e-01	4.24e-03	3.00e-04	1.69e-05	0.00e+00	0.00e+00
 2.04725e+23	7.28e-12	2.15e-06	1.01e-02	1.47e-01	7.03e-01	1.35e-01	4.00e-03	2.85e-04	1.59e-05	0.00e+00	0.00e+00
 2.05161e+23	8.85e-12	2.59e-06	1.20e-02	1.58e-01	6.99e-01	1.27e-01	3.67e-03	2.65e-04	1.45e-05	0.00e+00	0.00e+00
 2.05593e+23	1.12e-11	3.23e-06	1.48e-02	1.72e-01	6.91e-01	1.19e-01	3.33e-03	2.44e-04	1.30e-05	0.00e+00	0.00e+00
 2.05897e+23	1.34e-11	3.85e-06	1.75e-02	1.84e-01	6.83e-01	1.12e-01	3.08e-03	2.28e-04	1.19e-05	0.00e+00	0.00e+00
 2.06106e+23	1.53e-11	4.36e-06	1.96e-02	1.93e-01	6.77e-01	1.08e-01	2.91e-03	2.17e-04	1.12e-05	0.00e+00	0.00e+00
 2.06321e+23	1.75e-11	4.95e-06	2.21e-02	2.02e-01	6.70e-01	1.03e-01	2.74e-03	2.06e-04	1.05e-05	0.00e+00	0.00e+00
 2.06599e+23	2.09e-11	5.83e-06	2.58e-02	2.15e-01	6.60e-01	9.68e-02	2.53e-03	1.93e-04	9.64e-06	0.00e+00	0.00e+00
 2.06894e+23	2.56e-11	7.11e-06	3.12e-02	2.30e-01	6.46e-01	9.00e-02	2.31e-03	1.78e-04	8.73e-06	0.00e+00	0.00e+00
 2.07127e+23	3.10e-11	8.50e-06	3.70e-02	2.45e-01	6.31e-01	8.40e-02	2.12e-03	1.65e-04	7.97e-06	0.00e+00	0.00e+00
 2.07298e+23	3.59e-11	9.78e-06	4.22e-02	2.57e-01	6.19e-01	7.94e-02	1.97e-03	1.55e-04	7.38e-06	0.00e+00	0.00e+00
 2.07473e+23	4.10e-11	1.11e-05	4.77e-02	2.69e-01	6.06e-01	7.52e-02	1.85e-03	1.46e-04	6.89e-06	0.00e+00	0.00e+00
 2.07699e+23	4.96e-11	1.33e-05	5.66e-02	2.85e-01	5.87e-01	6.93e-02	1.68e-03	1.34e-04	6.21e-06	0.00e+00	0.00e+00
 2.07929e+23	6.21e-11	1.65e-05	6.92e-02	3.04e-01	5.62e-01	6.27e-02	1.49e-03	1.21e-04	5.48e-06	0.00e+00	0.00e+00
 2.08098e+23	7.47e-11	1.96e-05	8.15e-02	3.20e-01	5.39e-01	5.75e-02	1.35e-03	1.10e-04	4.92e-06	0.00e+00	0.00e+00
 2.08219e+23	8.57e-11	2.23e-05	9.20e-02	3.32e-01	5.21e-01	5.36e-02	1.24e-03	1.02e-04	4.51e-06	0.00e+00	0.00e+00
 2.08344e+23	9.69e-11	2.51e-05	1.03e-01	3.43e-01	5.03e-01	5.00e-02	1.15e-03	9.55e-05	4.17e-06	0.00e+00	0.00e+00
 2.08507e+23	1.15e-10	2.95e-05	1.20e-01	3.57e-01	4.76e-01	4.52e-02	1.03e-03	8.59e-05	3.70e-06	0.00e+00	0.00e+00
 2.08680e+23	1.42e-10	3.58e-05	1.44e-01	3.73e-01	4.42e-01	3.97e-02	8.92e-04	7.53e-05	3.18e-06	0.00e+00	0.00e+00
 2.08820e+23	1.69e-10	4.23e-05	1.69e-01	3.85e-01	4.11e-01	3.51e-02	7.80e-04	6.64e-05	2.76e-06	0.00e+00	0.00e+00
 2.08928e+23	1.94e-10	4.82e-05	1.90e-01	3.93e-01	3.84e-01	3.15e-02	6.96e-04	5.97e-05	2.45e-06	0.00e+00	0.00e+00
 2.09041e+23	2.22e-10	5.46e-05	2.14e-01	3.99e-01	3.58e-01	2.81e-02	6.17e-04	5.32e-05	2.16e-06	0.00e+00	0.00e+00
 2.09189e+23	2.65e-10	6.42e-05	2.49e-01	4.05e-01	3.22e-01	2.39e-02	5.20e-04	4.52e-05	1.80e-06	0.00e+00	0.00e+00
 2.09343e+23	3.22e-10	7.71e-05	2.95e-01	4.06e-01	2.80e-01	1.95e-02	4.19e-04	3.68e-05	1.44e-06	0.00e+00	0.00e+00
 2.09467e+23	3.79e-10	8.93e-05	3.38e-01	4.02e-01	2.44e-01	1.61e-02	3.43e-04	3.04e-05	1.17e-06	0.00e+00	0.00e+00
 2.09566e+23	4.29e-10	9.99e-05	3.74e-01	3.96e-01	2.16e-01	1.36e-02	2.89e-04	2.58e-05	9.75e-07	0.00e+00	0.00e+00
 2.09675e+23	4.85e-10	1.11e-04	4.13e-01	3.86e-01	1.89e-01	1.14e-02	2.39e-04	2.15e-05	8.00e-07	0.00e+00	0.00e+00
 2.09816e+23	5.63e-10	1.27e-04	4.65e-01	3.70e-01	1.57e-01	8.80e-03	1.84e-04	1.67e-05	6.09e-07	0.00e+00	0.00e+00
 2.09964e+23	6.61e-10	1.46e-04	5.25e-01	3.45e-01	1.23e-01	6.46e-03	1.34e-04	1.23e-05	4.36e-07	0.00e+00	0.00e+00
 2.10084e+23	7.48e-10	1.63e-04	5.74e-01	3.21e-01	9.95e-02	4.92e-03	1.01e-04	9.36e-06	3.25e-07	0.00e+00	0.00e+00
 2.10184e+23	8.20e-10	1.75e-04	6.12e-01	3.00e-01	8.31e-02	3.93e-03	8.03e-05	7.47e-06	2.55e-07	0.00e+00	0.00e+00
 2.10296e+23	8.96e-10	1.89e-04	6.50e-01	2.78e-01	6.84e-02	3.08e-03	6.26e-05	5.87e-06	1.97e-07	0.00e+00	0.00e+00
 2.10441e+23	9.93e-10	2.05e-04	6.94e-01	2.50e-01	5.30e-02	2.25e-03	4.54e-05	4.29e-06	1.40e-07	0.00e+00	0.00e+00
 2.10617e+23	1.11e-09	2.23e-04	7.42e-01	2.17e-01	3.88e-02	1.54e-03	3.08e-05	2.95e-06	0.00e+00	0.00e+00	0.00e+00
 2.10794e+23	1.23e-09	2.41e-04	7.84e-01	1.87e-01	2.83e-02	1.06e-03	2.09e-05	2.03e-06	0.00e+00	0.00e+00	0.00e+00
 2.10957e+23	1.33e-09	2.54e-04	8.14e-01	1.63e-01	2.17e-02	7.78e-04	1.51e-05	1.49e-06	0.00e+00	0.00e+00	0.00e+00
 2.11130e+23	1.42e-09	2.66e-04	8.40e-01	1.42e-01	1.69e-02	5.82e-04	1.11e-05	1.11e-06	0.00e+00	0.00e+00	0.00e+00
 2.11339e+23	1.51e-09	2.78e-04	8.64e-01	1.22e-01	1.31e-02	4.30e-04	8.13e-06	8.20e-07	0.00e+00	0.00e+00	0.00e+00
 2.11592e+23	1.62e-09	2.91e-04	8.86e-01	1.03e-01	1.01e-02	3.14e-04	5.88e-06	5.98e-07	0.00e+00	0.00e+00	0.00e+00
 2.11886e+23	1.72e-09	3.02e-04	9.05e-01	8.69e-02	7.93e-03	2.33e-04	4.34e-06	4.42e-07	0.00e+00	0.00e+00	0.00e+00
 2.12226e+23	1.81e-09	3.12e-04	9.20e-01	7.31e-02	6.44e-03	1.77e-04	3.31e-06	3.35e-07	0.00e+00	0.00e+00	0.00e+00
 2.12643e+23	1.91e-09	3.22e-04	9.33e-01	6.13e-02	5.38e-03	1.36e-04	2.60e-06	2.56e-07	0.00e+00	0.00e+00	0.00e+00
 2.13176e+23	2.01e-09	3.31e-04	9.44e-01	5.09e-02	4.60e-03	1.04e-04	2.08e-06	1.96e-07	0.00e+00	0.00e+00	0.00e+00
 2.13867e+23	2.11e-09	3.41e-04	9.54e-01	4.17e-02	4.03e-03	7.98e-05	1.70e-06	1.50e-07	0.00e+00	0.00e+00	0.00e+00
 2.14757e+23	2.22e-09	3.50e-04	9.62e-01	3.40e-02	3.61e-03	6.13e-05	1.43e-06	0.00e+00	0.00e+00	0.00e+00	0.00e+00
 2.15911e+23	2.32e-09	3.59e-04	9.69e-01	2.75e-02	3.31e-03	4.73e-05	1.24e-06	0.00e+00	0.00e+00	0.00e+00	0.00e+00
 2.17411e+23	2.44e-09	3.68e-04	9.74e-01	2.21e-02	3.09e-03	3.65e-05	1.09e-06	0.00e+00	0.00e+00	0.00e+00	0.00e+00
 2.19360e+23	2.56e-09	3.78e-04	9.79e-01	1.78e-02	2.91e-03	2.83e-05	9.78e-07	0.00e+00	0.00e+00	0.00e+00	0.00e+00
 2.21895e+23	2.68e-09	3.87e-04	9.82e-01	1.44e-02	2.77e-03	2.21e-05	8.86e-07	0.00e+00	0.00e+00	0.00e+00	0.00e+00
 2.25190e+23	2.80e-09	3.97e-04	9.85e-01	1.17e-02	2.64e-03	1.73e-05	8.06e-07	0.00e+00	0.00e+00	0.00e+00	0.00e+00
 2.29473e+23	2.95e-09	4.08e-04	9.88e-01	9.50e-03	2.51e-03	1.35e-05	7.30e-07	0.00e+00	0.00e+00	0.00e+00	0.00e+00
 2.35041e+23	3.12e-09	4.21e-04	9.89e-01	7.77e-03	2.38e-03	1.05e-05	6.57e-07	0.00e+00	0.00e+00	0.00e+00	0.00e+00
 2.41553e+23	3.32e-09	4.36e-04	9.91e-01	6.47e-03	2.25e-03	8.34e-06	5.88e-07	0.00e+00	0.00e+00	0.00e+00	0.00e+00
 2.47946e+23	3.52e-09	4.50e-04	9.92e-01	5.61e-03	2.14e-03	6.91e-06	5.32e-07	0.00e+00	0.00e+00	0.00e+00	0.00e+00
 2.53699e+23	3.68e-09	4.63e-04	9.92e-01	5.07e-03	2.06e-03	6.02e-06	4.92e-07	0.00e+00	0.00e+00	0.00e+00	0.00e+00
 2.58878e+23	3.83e-09	4.73e-04	9.93e-01	4.70e-03	1.99e-03	5.41e-06	4.61e-07	0.00e+00	0.00e+00	0.00e+00	0.00e+00
 2.63538e+23	3.97e-09	4.83e-04	9.93e-01	4.42e-03	1.94e-03	4.95e-06	4.34e-07	0.00e+00	0.00e+00	0.00e+00	0.00e+00
 2.67732e+23	4.06e-09	4.90e-04	9.93e-01	4.23e-03	1.89e-03	4.64e-06	4.17e-07	0.00e+00	0.00e+00	0.00e+00	0.00e+00
 2.71507e+23	4.15e-09	4.96e-04	9.94e-01	4.08e-03	1.86e-03	4.40e-06	4.02e-07	0.00e+00	0.00e+00	0.00e+00	0.00e+00
 2.74905e+23	4.23e-09	5.02e-04	9.94e-01	3.95e-03	1.83e-03	4.20e-06	3.89e-07	0.00e+00	0.00e+00	0.00e+00	0.00e+00
 2.78042e+23	4.30e-09	5.07e-04	9.94e-01	3.85e-03	1.80e-03	4.03e-06	3.78e-07	0.00e+00	0.00e+00	0.00e+00	0.00e+00
 2.81096e+23	4.36e-09	5.11e-04	9.94e-01	3.76e-03	1.78e-03	3.89e-06	3.69e-07	0.00e+00	0.00e+00	0.00e+00	0.00e+00
 2.84151e+23	4.42e-09	5.16e-04	9.94e-01	3.67e-03	1.75e-03	3.75e-06	3.59e-07	0.00e+00	0.00e+00	0.00e+00	0.00e+00
 2.87206e+23	4.48e-09	5.20e-04	9.94e-01	3.60e-03	1.73e-03	3.63e-06	3.51e-07	0.00e+00	0.00e+00	0.00e+00	0.00e+00
 2.90261e+23	4.54e-09	5.24e-04	9.94e-01	3.53e-03	1.71e-03	3.52e-06	3.43e-07	0.00e+00	0.00e+00	0.00e+00	0.00e+00
 2.93316e+23	4.58e-09	5.28e-04	9.94e-01	3.47e-03	1.70e-03	3.43e-06	3.36e-07	0.00e+00	0.00e+00	0.00e+00	0.00e+00
 2.96370e+23	4.63e-09	5.31e-04	9.94e-01	3.41e-03	1.68e-03	3.34e-06	3.30e-07	0.00e+00	0.00e+00	0.00e+00	0.00e+00
 2.99425e+23	4.67e-09	5.34e-04	9.94e-01	3.36e-03	1.66e-03	3.26e-06	3.24e-07	0.00e+00	0.00e+00	0.00e+00	0.00e+00
 3.02480e+23	4.72e-09	5.37e-04	9.95e-01	3.31e-03	1.65e-03	3.18e-06	3.18e-07	0.00e+00	0.00e+00	0.00e+00	0.00e+00
 3.04745e+23	4.77e-09	5.41e-04	9.95e-01	3.27e-03	1.63e-03	3.11e-06	3.13e-07	0.00e+00	0.00e+00	0.00e+00	0.00e+00
