#depth	O	O+	O+2	O+3	O+4	O+5	O+6	O+7	O+8	O[1]	O[2]	O[3]
 6.17135e+19	0.00e+00	1.24e-32	8.59e-26	4.11e-20	3.73e-15	1.02e-10	4.47e-06	4.55e-03	9.95e-01	0.00e+00	0.00e+00	0.00e+00
 1.87609e+20	0.00e+00	2.74e-32	1.65e-25	6.88e-20	5.42e-15	1.30e-10	5.45e-06	5.10e-03	9.95e-01	0.00e+00	0.00e+00	0.00e+00
 2.90007e+20	0.00e+00	5.11e-32	2.76e-25	1.03e-19	7.31e-15	1.57e-10	6.38e-06	5.57e-03	9.94e-01	0.00e+00	0.00e+00	0.00e+00
 3.58237e+20	0.00e+00	7.68e-32	3.87e-25	1.35e-19	8.90e-15	1.79e-10	7.08e-06	5.90e-03	9.94e-01	0.00e+00	0.00e+00	0.00e+00
 4.06340e+20	0.00e+00	1.03e-31	4.92e-25	1.64e-19	1.02e-14	1.96e-10	7.62e-06	6.15e-03	9.94e-01	0.00e+00	0.00e+00	0.00e+00
 4.40201e+20	0.00e+00	1.24e-31	5.76e-25	1.85e-19	1.12e-14	2.09e-10	7.99e-06	6.31e-03	9.94e-01	0.00e+00	0.00e+00	0.00e+00
 4.76478e+20	0.00e+00	1.53e-31	6.85e-25	2.13e-19	1.25e-14	2.24e-10	8.43e-06	6.50e-03	9.93e-01	0.00e+00	0.00e+00	0.00e+00
 5.23637e+20	0.00e+00	2.00e-31	8.55e-25	2.54e-19	1.42e-14	2.44e-10	9.03e-06	6.74e-03	9.93e-01	0.00e+00	0.00e+00	0.00e+00
 5.75599e+20	0.00e+00	2.67e-31	1.09e-24	3.09e-19	1.65e-14	2.69e-10	9.73e-06	7.02e-03	9.93e-01	0.00e+00	0.00e+00	0.00e+00
 6.23195e+20	0.00e+00	3.48e-31	1.36e-24	3.68e-19	1.88e-14	2.94e-10	1.04e-05	7.28e-03	9.93e-01	0.00e+00	0.00e+00	0.00e+00
 6.74461e+20	0.00e+00	4.60e-31	1.71e-24	4.44e-19	2.16e-14	3.23e-10	1.12e-05	7.56e-03	9.92e-01	0.00e+00	0.00e+00	0.00e+00
 7.31243e+20	0.00e+00	6.24e-31	2.21e-24	5.45e-19	2.52e-14	3.59e-10	1.21e-05	7.88e-03	9.92e-01	0.00e+00	0.00e+00	0.00e+00
 7.83777e+20	0.00e+00	8.23e-31	2.78e-24	6.56e-19	2.90e-14	3.95e-10	1.30e-05	8.18e-03	9.92e-01	0.00e+00	0.00e+00	0.00e+00
 8.40654e+20	0.00e+00	1.10e-30	3.56e-24	8.01e-19	3.37e-14	4.38e-10	1.40e-05	8.52e-03	9.91e-01	0.00e+00	0.00e+00	0.00e+00
 9.00349e+20	0.00e+00	1.50e-30	4.60e-24	9.84e-19	3.95e-14	4.87e-10	1.52e-05	8.88e-03	9.91e-01	0.00e+00	0.00e+00	0.00e+00
 9.51031e+20	0.00e+00	1.93e-30	5.69e-24	1.17e-18	4.50e-14	5.34e-10	1.62e-05	9.19e-03	9.91e-01	0.00e+00	0.00e+00	0.00e+00
 1.00424e+21	0.00e+00	2.51e-30	7.09e-24	1.40e-18	5.15e-14	5.86e-10	1.74e-05	9.52e-03	9.90e-01	0.00e+00	0.00e+00	0.00e+00
 1.07341e+21	0.00e+00	3.51e-30	9.39e-24	1.76e-18	6.14e-14	6.62e-10	1.90e-05	9.95e-03	9.90e-01	0.00e+00	0.00e+00	0.00e+00
 1.14360e+21	0.00e+00	4.90e-30	1.24e-23	2.21e-18	7.31e-14	7.48e-10	2.07e-05	1.04e-02	9.90e-01	0.00e+00	0.00e+00	0.00e+00
 1.20008e+21	0.00e+00	6.37e-30	1.55e-23	2.64e-18	8.39e-14	8.24e-10	2.22e-05	1.08e-02	9.89e-01	0.00e+00	0.00e+00	0.00e+00
 1.25843e+21	0.00e+00	8.33e-30	1.94e-23	3.18e-18	9.66e-14	9.09e-10	2.38e-05	1.12e-02	9.89e-01	0.00e+00	0.00e+00	0.00e+00
 1.33430e+21	0.00e+00	1.17e-29	2.59e-23	4.01e-18	1.16e-13	1.03e-09	2.60e-05	1.17e-02	9.88e-01	0.00e+00	0.00e+00	0.00e+00
 1.41207e+21	0.00e+00	1.65e-29	3.46e-23	5.08e-18	1.39e-13	1.17e-09	2.84e-05	1.22e-02	9.88e-01	0.00e+00	0.00e+00	0.00e+00
 1.47297e+21	0.00e+00	2.15e-29	4.32e-23	6.10e-18	1.60e-13	1.30e-09	3.05e-05	1.27e-02	9.87e-01	0.00e+00	0.00e+00	0.00e+00
 1.53279e+21	0.00e+00	2.77e-29	5.35e-23	7.27e-18	1.83e-13	1.43e-09	3.26e-05	1.31e-02	9.87e-01	0.00e+00	0.00e+00	0.00e+00
 1.61056e+21	0.00e+00	3.83e-29	7.03e-23	9.09e-18	2.18e-13	1.61e-09	3.55e-05	1.37e-02	9.86e-01	0.00e+00	0.00e+00	0.00e+00
 1.69114e+21	0.00e+00	5.33e-29	9.30e-23	1.14e-17	2.60e-13	1.83e-09	3.87e-05	1.43e-02	9.86e-01	0.00e+00	0.00e+00	0.00e+00
 1.75829e+21	0.00e+00	6.99e-29	1.17e-22	1.38e-17	3.01e-13	2.03e-09	4.15e-05	1.48e-02	9.85e-01	0.00e+00	0.00e+00	0.00e+00
 1.82848e+21	0.00e+00	9.15e-29	1.47e-22	1.66e-17	3.48e-13	2.26e-09	4.46e-05	1.54e-02	9.85e-01	0.00e+00	0.00e+00	0.00e+00
 1.91972e+21	0.00e+00	1.31e-28	1.99e-22	2.14e-17	4.23e-13	2.59e-09	4.91e-05	1.61e-02	9.84e-01	0.00e+00	0.00e+00	0.00e+00
 2.01179e+21	0.00e+00	1.87e-28	2.68e-22	2.73e-17	5.12e-13	2.97e-09	5.38e-05	1.69e-02	9.83e-01	0.00e+00	0.00e+00	0.00e+00
 2.08563e+21	0.00e+00	2.46e-28	3.39e-22	3.31e-17	5.94e-13	3.31e-09	5.79e-05	1.75e-02	9.82e-01	0.00e+00	0.00e+00	0.00e+00
 2.15155e+21	0.00e+00	3.14e-28	4.17e-22	3.92e-17	6.78e-13	3.64e-09	6.17e-05	1.80e-02	9.82e-01	0.00e+00	0.00e+00	0.00e+00
 2.22647e+21	0.00e+00	4.12e-28	5.25e-22	4.74e-17	7.86e-13	4.04e-09	6.63e-05	1.87e-02	9.81e-01	0.00e+00	0.00e+00	0.00e+00
 2.32387e+21	0.00e+00	5.82e-28	7.04e-22	6.04e-17	9.50e-13	4.63e-09	7.26e-05	1.96e-02	9.80e-01	0.00e+00	0.00e+00	0.00e+00
 2.42272e+21	0.00e+00	8.24e-28	9.45e-22	7.69e-17	1.15e-12	5.31e-09	7.96e-05	2.05e-02	9.79e-01	0.00e+00	0.00e+00	0.00e+00
 2.50211e+21	0.00e+00	1.08e-27	1.19e-21	9.31e-17	1.33e-12	5.91e-09	8.55e-05	2.12e-02	9.79e-01	0.00e+00	0.00e+00	0.00e+00
 2.58400e+21	0.00e+00	1.43e-27	1.51e-21	1.13e-16	1.55e-12	6.59e-09	9.20e-05	2.20e-02	9.78e-01	0.00e+00	0.00e+00	0.00e+00
 2.69045e+21	7.37e-35	2.04e-27	2.04e-21	1.45e-16	1.88e-12	7.58e-09	1.01e-04	2.30e-02	9.77e-01	0.00e+00	0.00e+00	0.00e+00
 2.80036e+21	1.12e-34	2.93e-27	2.77e-21	1.87e-16	2.30e-12	8.75e-09	1.11e-04	2.42e-02	9.76e-01	0.00e+00	0.00e+00	0.00e+00
 2.89023e+21	1.57e-34	3.92e-27	3.55e-21	2.29e-16	2.69e-12	9.81e-09	1.20e-04	2.51e-02	9.75e-01	0.00e+00	0.00e+00	0.00e+00
 2.96482e+21	2.06e-34	4.98e-27	4.35e-21	2.71e-16	3.07e-12	1.08e-08	1.28e-04	2.59e-02	9.74e-01	0.00e+00	0.00e+00	0.00e+00
 3.04410e+21	2.76e-34	6.41e-27	5.38e-21	3.23e-16	3.52e-12	1.19e-08	1.37e-04	2.67e-02	9.73e-01	0.00e+00	0.00e+00	0.00e+00
 3.14717e+21	3.99e-34	8.81e-27	7.05e-21	4.04e-16	4.20e-12	1.35e-08	1.48e-04	2.79e-02	9.72e-01	0.00e+00	0.00e+00	0.00e+00
 3.25236e+21	5.79e-34	1.22e-26	9.29e-21	5.07e-16	5.02e-12	1.54e-08	1.62e-04	2.90e-02	9.71e-01	0.00e+00	0.00e+00	0.00e+00
 3.33698e+21	7.80e-34	1.58e-26	1.16e-20	6.07e-16	5.78e-12	1.70e-08	1.73e-04	3.00e-02	9.70e-01	0.00e+00	0.00e+00	0.00e+00
 3.42367e+21	1.05e-33	2.05e-26	1.44e-20	7.29e-16	6.67e-12	1.89e-08	1.85e-04	3.10e-02	9.69e-01	0.00e+00	0.00e+00	0.00e+00
 3.53636e+21	1.55e-33	2.86e-26	1.91e-20	9.21e-16	8.01e-12	2.16e-08	2.02e-04	3.24e-02	9.67e-01	0.00e+00	0.00e+00	0.00e+00
 3.64234e+21	2.22e-33	3.90e-26	2.50e-20	1.15e-15	9.51e-12	2.44e-08	2.19e-04	3.37e-02	9.66e-01	0.00e+00	0.00e+00	0.00e+00
 3.71538e+21	2.83e-33	4.82e-26	2.99e-20	1.33e-15	1.07e-11	2.65e-08	2.32e-04	3.47e-02	9.65e-01	0.00e+00	0.00e+00	0.00e+00
 3.78612e+21	3.58e-33	5.91e-26	3.55e-20	1.54e-15	1.20e-11	2.88e-08	2.44e-04	3.56e-02	9.64e-01	0.00e+00	0.00e+00	0.00e+00
 3.87808e+21	4.86e-33	7.70e-26	4.44e-20	1.85e-15	1.38e-11	3.19e-08	2.62e-04	3.68e-02	9.63e-01	0.00e+00	0.00e+00	0.00e+00
 3.97730e+21	6.73e-33	1.02e-25	5.65e-20	2.25e-15	1.61e-11	3.57e-08	2.82e-04	3.81e-02	9.62e-01	0.00e+00	0.00e+00	0.00e+00
 4.06498e+21	8.94e-33	1.31e-25	6.96e-20	2.68e-15	1.85e-11	3.94e-08	3.01e-04	3.93e-02	9.60e-01	0.00e+00	0.00e+00	0.00e+00
 4.13944e+21	1.14e-32	1.61e-25	8.32e-20	3.10e-15	2.07e-11	4.28e-08	3.17e-04	4.04e-02	9.59e-01	0.00e+00	0.00e+00	0.00e+00
 4.21766e+21	1.46e-32	2.00e-25	1.00e-19	3.62e-15	2.34e-11	4.67e-08	3.36e-04	4.15e-02	9.58e-01	0.00e+00	0.00e+00	0.00e+00
 4.30537e+21	1.93e-32	2.55e-25	1.23e-19	4.28e-15	2.67e-11	5.13e-08	3.57e-04	4.28e-02	9.57e-01	0.00e+00	0.00e+00	0.00e+00
 4.38785e+21	2.51e-32	3.19e-25	1.49e-19	5.02e-15	3.02e-11	5.62e-08	3.79e-04	4.40e-02	9.56e-01	0.00e+00	0.00e+00	0.00e+00
 4.46458e+21	3.20e-32	3.94e-25	1.78e-19	5.83e-15	3.40e-11	6.11e-08	4.00e-04	4.52e-02	9.54e-01	0.00e+00	0.00e+00	0.00e+00
 4.55142e+21	4.19e-32	4.98e-25	2.17e-19	6.86e-15	3.86e-11	6.70e-08	4.25e-04	4.66e-02	9.53e-01	0.00e+00	0.00e+00	0.00e+00
 4.64765e+21	5.65e-32	6.45e-25	2.70e-19	8.24e-15	4.45e-11	7.42e-08	4.55e-04	4.81e-02	9.51e-01	0.00e+00	0.00e+00	0.00e+00
 4.73561e+21	7.42e-32	8.17e-25	3.30e-19	9.72e-15	5.07e-11	8.15e-08	4.83e-04	4.95e-02	9.50e-01	0.00e+00	0.00e+00	0.00e+00
 4.81162e+21	9.41e-32	1.00e-24	3.94e-19	1.12e-14	5.68e-11	8.84e-08	5.10e-04	5.08e-02	9.49e-01	0.00e+00	0.00e+00	0.00e+00
 4.89258e+21	1.20e-31	1.24e-24	4.71e-19	1.30e-14	6.39e-11	9.62e-08	5.38e-04	5.22e-02	9.47e-01	0.00e+00	0.00e+00	0.00e+00
 4.98379e+21	1.59e-31	1.58e-24	5.79e-19	1.55e-14	7.30e-11	1.06e-07	5.73e-04	5.38e-02	9.46e-01	0.00e+00	0.00e+00	0.00e+00
 5.06910e+21	2.06e-31	1.98e-24	7.01e-19	1.81e-14	8.26e-11	1.16e-07	6.07e-04	5.53e-02	9.44e-01	0.00e+00	0.00e+00	0.00e+00
 5.14732e+21	2.61e-31	2.43e-24	8.35e-19	2.09e-14	9.25e-11	1.25e-07	6.40e-04	5.67e-02	9.43e-01	0.00e+00	0.00e+00	0.00e+00
 5.23556e+21	3.41e-31	3.06e-24	1.02e-18	2.46e-14	1.05e-10	1.37e-07	6.79e-04	5.83e-02	9.41e-01	0.00e+00	0.00e+00	0.00e+00
 5.33337e+21	4.58e-31	3.95e-24	1.26e-18	2.95e-14	1.21e-10	1.52e-07	7.25e-04	6.02e-02	9.39e-01	0.00e+00	0.00e+00	0.00e+00
 5.42295e+21	6.00e-31	4.99e-24	1.54e-18	3.48e-14	1.38e-10	1.67e-07	7.70e-04	6.20e-02	9.37e-01	0.00e+00	0.00e+00	0.00e+00
 5.50512e+21	7.68e-31	6.18e-24	1.84e-18	4.04e-14	1.55e-10	1.81e-07	8.13e-04	6.36e-02	9.36e-01	0.00e+00	0.00e+00	0.00e+00
 5.58603e+21	9.78e-31	7.62e-24	2.20e-18	4.69e-14	1.74e-10	1.97e-07	8.58e-04	6.52e-02	9.34e-01	0.00e+00	0.00e+00	0.00e+00
 5.67895e+21	1.29e-30	9.68e-24	2.70e-18	5.55e-14	1.98e-10	2.17e-07	9.12e-04	6.72e-02	9.32e-01	0.00e+00	0.00e+00	0.00e+00
 5.77947e+21	1.74e-30	1.25e-23	3.37e-18	6.66e-14	2.29e-10	2.40e-07	9.75e-04	6.93e-02	9.30e-01	0.00e+00	0.00e+00	0.00e+00
 5.86644e+21	2.26e-30	1.57e-23	4.07e-18	7.81e-14	2.59e-10	2.62e-07	1.03e-03	7.13e-02	9.28e-01	0.00e+00	0.00e+00	0.00e+00
 5.94317e+21	2.83e-30	1.91e-23	4.82e-18	8.97e-14	2.89e-10	2.83e-07	1.09e-03	7.30e-02	9.26e-01	0.00e+00	0.00e+00	0.00e+00
 6.03005e+21	3.66e-30	2.39e-23	5.82e-18	1.05e-13	3.27e-10	3.10e-07	1.15e-03	7.50e-02	9.24e-01	0.00e+00	0.00e+00	0.00e+00
 6.14298e+21	5.11e-30	3.18e-23	7.43e-18	1.29e-13	3.83e-10	3.47e-07	1.24e-03	7.76e-02	9.21e-01	0.00e+00	0.00e+00	0.00e+00
 6.25595e+21	7.14e-30	4.25e-23	9.51e-18	1.58e-13	4.50e-10	3.89e-07	1.33e-03	8.04e-02	9.18e-01	0.00e+00	0.00e+00	0.00e+00
 6.34257e+21	9.30e-30	5.34e-23	1.16e-17	1.86e-13	5.11e-10	4.26e-07	1.41e-03	8.26e-02	9.16e-01	0.00e+00	0.00e+00	0.00e+00
 6.42880e+21	1.19e-29	6.60e-23	1.38e-17	2.16e-13	5.75e-10	4.63e-07	1.49e-03	8.48e-02	9.14e-01	0.00e+00	0.00e+00	0.00e+00
 6.54091e+21	1.65e-29	8.75e-23	1.76e-17	2.64e-13	6.73e-10	5.18e-07	1.60e-03	8.77e-02	9.11e-01	0.00e+00	0.00e+00	0.00e+00
 6.65579e+21	2.30e-29	1.17e-22	2.25e-17	3.24e-13	7.91e-10	5.81e-07	1.72e-03	9.08e-02	9.07e-01	0.00e+00	0.00e+00	0.00e+00
 6.74849e+21	3.02e-29	1.48e-22	2.75e-17	3.83e-13	9.01e-10	6.38e-07	1.83e-03	9.34e-02	9.05e-01	0.00e+00	0.00e+00	0.00e+00
 6.84321e+21	3.97e-29	1.87e-22	3.36e-17	4.53e-13	1.03e-09	7.01e-07	1.94e-03	9.60e-02	9.02e-01	0.00e+00	0.00e+00	0.00e+00
 6.96635e+21	5.64e-29	2.54e-22	4.36e-17	5.63e-13	1.22e-09	7.91e-07	2.10e-03	9.96e-02	8.98e-01	0.00e+00	0.00e+00	0.00e+00
 7.09112e+21	8.07e-29	3.46e-22	5.67e-17	7.01e-13	1.45e-09	8.95e-07	2.27e-03	1.03e-01	8.94e-01	0.00e+00	0.00e+00	0.00e+00
 7.18955e+21	1.07e-28	4.41e-22	6.97e-17	8.33e-13	1.66e-09	9.86e-07	2.42e-03	1.06e-01	8.91e-01	0.00e+00	0.00e+00	0.00e+00
 7.28903e+21	1.41e-28	5.60e-22	8.56e-17	9.89e-13	1.90e-09	1.09e-06	2.57e-03	1.09e-01	8.88e-01	0.00e+00	0.00e+00	0.00e+00
 7.41835e+21	2.01e-28	7.63e-22	1.11e-16	1.23e-12	2.27e-09	1.23e-06	2.78e-03	1.14e-01	8.84e-01	0.00e+00	0.00e+00	0.00e+00
 7.55267e+21	2.91e-28	1.05e-21	1.46e-16	1.55e-12	2.71e-09	1.40e-06	3.02e-03	1.18e-01	8.79e-01	0.00e+00	0.00e+00	0.00e+00
 7.65868e+21	3.87e-28	1.34e-21	1.81e-16	1.85e-12	3.12e-09	1.55e-06	3.22e-03	1.21e-01	8.75e-01	0.00e+00	0.00e+00	0.00e+00
 7.74606e+21	4.89e-28	1.64e-21	2.15e-16	2.14e-12	3.50e-09	1.68e-06	3.39e-03	1.24e-01	8.72e-01	0.00e+00	0.00e+00	0.00e+00
 7.84398e+21	6.31e-28	2.05e-21	2.60e-16	2.51e-12	3.98e-09	1.84e-06	3.59e-03	1.28e-01	8.69e-01	0.00e+00	0.00e+00	0.00e+00
 7.97129e+21	8.75e-28	2.72e-21	3.31e-16	3.08e-12	4.67e-09	2.06e-06	3.87e-03	1.32e-01	8.64e-01	0.00e+00	0.00e+00	0.00e+00
 8.10366e+21	1.22e-27	3.63e-21	4.24e-16	3.80e-12	5.52e-09	2.32e-06	4.17e-03	1.37e-01	8.59e-01	0.00e+00	0.00e+00	0.00e+00
 8.21402e+21	1.61e-27	4.61e-21	5.19e-16	4.51e-12	6.33e-09	2.56e-06	4.44e-03	1.41e-01	8.55e-01	0.00e+00	0.00e+00	0.00e+00
 8.32889e+21	2.12e-27	5.85e-21	6.38e-16	5.36e-12	7.26e-09	2.82e-06	4.72e-03	1.45e-01	8.51e-01	0.00e+00	0.00e+00	0.00e+00
 8.47821e+21	3.01e-27	7.93e-21	8.28e-16	6.69e-12	8.66e-09	3.20e-06	5.12e-03	1.50e-01	8.45e-01	0.00e+00	0.00e+00	0.00e+00
 8.63038e+21	4.26e-27	1.07e-20	1.07e-15	8.34e-12	1.03e-08	3.63e-06	5.55e-03	1.55e-01	8.39e-01	0.00e+00	0.00e+00	0.00e+00
 8.75317e+21	5.61e-27	1.36e-20	1.32e-15	9.92e-12	1.19e-08	4.02e-06	5.91e-03	1.60e-01	8.34e-01	0.00e+00	0.00e+00	0.00e+00
 8.87972e+21	7.38e-27	1.73e-20	1.62e-15	1.18e-11	1.36e-08	4.44e-06	6.29e-03	1.65e-01	8.29e-01	0.00e+00	0.00e+00	0.00e+00
 9.04425e+21	1.05e-26	2.34e-20	2.10e-15	1.47e-11	1.63e-08	5.04e-06	6.82e-03	1.71e-01	8.23e-01	0.00e+00	0.00e+00	0.00e+00
 9.21427e+21	1.48e-26	3.17e-20	2.73e-15	1.84e-11	1.94e-08	5.73e-06	7.39e-03	1.77e-01	8.16e-01	0.00e+00	0.00e+00	0.00e+00
 9.34864e+21	1.94e-26	4.00e-20	3.34e-15	2.18e-11	2.23e-08	6.32e-06	7.87e-03	1.82e-01	8.10e-01	0.00e+00	0.00e+00	0.00e+00
 9.45995e+21	2.41e-26	4.83e-20	3.92e-15	2.50e-11	2.49e-08	6.85e-06	8.28e-03	1.86e-01	8.06e-01	0.00e+00	0.00e+00	0.00e+00
 9.58409e+21	3.05e-26	5.92e-20	4.68e-15	2.91e-11	2.81e-08	7.48e-06	8.74e-03	1.90e-01	8.01e-01	0.00e+00	0.00e+00	0.00e+00
 9.74546e+21	4.11e-26	7.68e-20	5.86e-15	3.52e-11	3.28e-08	8.35e-06	9.38e-03	1.96e-01	7.94e-01	0.00e+00	0.00e+00	0.00e+00
 9.91374e+21	5.57e-26	1.00e-19	7.37e-15	4.28e-11	3.84e-08	9.36e-06	1.01e-02	2.02e-01	7.88e-01	0.00e+00	0.00e+00	0.00e+00
 1.00549e+22	7.14e-26	1.24e-19	8.88e-15	5.02e-11	4.37e-08	1.03e-05	1.07e-02	2.07e-01	7.82e-01	0.00e+00	0.00e+00	0.00e+00
 1.02023e+22	9.19e-26	1.54e-19	1.07e-14	5.90e-11	4.98e-08	1.13e-05	1.13e-02	2.13e-01	7.76e-01	0.00e+00	0.00e+00	0.00e+00
 1.03939e+22	1.26e-25	2.04e-19	1.36e-14	7.24e-11	5.87e-08	1.27e-05	1.22e-02	2.20e-01	7.68e-01	0.00e+00	0.00e+00	0.00e+00
 1.05892e+22	1.73e-25	2.68e-19	1.73e-14	8.87e-11	6.92e-08	1.43e-05	1.31e-02	2.27e-01	7.60e-01	0.00e+00	0.00e+00	0.00e+00
 1.07468e+22	2.22e-25	3.33e-19	2.09e-14	1.04e-10	7.88e-08	1.57e-05	1.39e-02	2.32e-01	7.54e-01	0.00e+00	0.00e+00	0.00e+00
 1.08828e+22	2.75e-25	4.01e-19	2.45e-14	1.19e-10	8.81e-08	1.71e-05	1.47e-02	2.37e-01	7.48e-01	0.00e+00	0.00e+00	0.00e+00
 1.10330e+22	3.42e-25	4.85e-19	2.89e-14	1.38e-10	9.88e-08	1.85e-05	1.54e-02	2.43e-01	7.42e-01	0.00e+00	0.00e+00	0.00e+00
 1.12281e+22	4.54e-25	6.21e-19	3.59e-14	1.65e-10	1.15e-07	2.06e-05	1.65e-02	2.49e-01	7.34e-01	0.00e+00	0.00e+00	0.00e+00
 1.14275e+22	6.03e-25	7.96e-19	4.45e-14	1.98e-10	1.33e-07	2.30e-05	1.77e-02	2.56e-01	7.26e-01	0.00e+00	0.00e+00	0.00e+00
 1.15888e+22	7.58e-25	9.71e-19	5.28e-14	2.30e-10	1.50e-07	2.51e-05	1.86e-02	2.62e-01	7.19e-01	0.00e+00	0.00e+00	0.00e+00
 1.17549e+22	9.36e-25	1.17e-18	6.20e-14	2.64e-10	1.67e-07	2.72e-05	1.96e-02	2.67e-01	7.13e-01	0.00e+00	0.00e+00	0.00e+00
 1.19708e+22	1.25e-24	1.50e-18	7.72e-14	3.18e-10	1.95e-07	3.04e-05	2.10e-02	2.75e-01	7.04e-01	0.00e+00	0.00e+00	0.00e+00
 1.21930e+22	1.66e-24	1.93e-18	9.58e-14	3.82e-10	2.27e-07	3.39e-05	2.25e-02	2.83e-01	6.95e-01	0.00e+00	0.00e+00	0.00e+00
 1.23773e+22	2.10e-24	2.36e-18	1.14e-13	4.45e-10	2.56e-07	3.71e-05	2.37e-02	2.89e-01	6.87e-01	0.00e+00	0.00e+00	0.00e+00
 1.25707e+22	2.64e-24	2.88e-18	1.36e-13	5.16e-10	2.89e-07	4.05e-05	2.50e-02	2.95e-01	6.80e-01	0.00e+00	0.00e+00	0.00e+00
 1.28221e+22	3.54e-24	3.73e-18	1.70e-13	6.24e-10	3.38e-07	4.53e-05	2.69e-02	3.03e-01	6.70e-01	0.00e+00	0.00e+00	0.00e+00
 1.30814e+22	4.77e-24	4.84e-18	2.13e-13	7.57e-10	3.95e-07	5.08e-05	2.88e-02	3.11e-01	6.60e-01	0.00e+00	0.00e+00	0.00e+00
 1.32851e+22	5.99e-24	5.90e-18	2.53e-13	8.77e-10	4.45e-07	5.54e-05	3.04e-02	3.18e-01	6.52e-01	0.00e+00	0.00e+00	0.00e+00
 1.34842e+22	7.43e-24	7.12e-18	2.98e-13	1.01e-09	4.98e-07	6.01e-05	3.19e-02	3.24e-01	6.44e-01	0.00e+00	0.00e+00	0.00e+00
 1.37430e+22	9.76e-24	9.03e-18	3.67e-13	1.20e-09	5.75e-07	6.67e-05	3.40e-02	3.32e-01	6.34e-01	0.00e+00	0.00e+00	0.00e+00
 1.40137e+22	1.29e-23	1.15e-17	4.53e-13	1.44e-09	6.66e-07	7.42e-05	3.63e-02	3.40e-01	6.24e-01	0.00e+00	0.00e+00	0.00e+00
 1.42438e+22	1.62e-23	1.41e-17	5.40e-13	1.67e-09	7.52e-07	8.11e-05	3.83e-02	3.47e-01	6.15e-01	0.00e+00	0.00e+00	0.00e+00
 1.44866e+22	2.06e-23	1.73e-17	6.46e-13	1.95e-09	8.51e-07	8.87e-05	4.05e-02	3.53e-01	6.06e-01	0.00e+00	0.00e+00	0.00e+00
 1.48023e+22	2.77e-23	2.25e-17	8.10e-13	2.36e-09	9.95e-07	9.94e-05	4.34e-02	3.62e-01	5.94e-01	0.00e+00	0.00e+00	0.00e+00
 1.51307e+22	3.76e-23	2.93e-17	1.02e-12	2.87e-09	1.17e-06	1.12e-04	4.65e-02	3.71e-01	5.82e-01	0.00e+00	0.00e+00	0.00e+00
 1.54081e+22	4.83e-23	3.65e-17	1.23e-12	3.37e-09	1.33e-06	1.23e-04	4.92e-02	3.79e-01	5.72e-01	0.00e+00	0.00e+00	0.00e+00
 1.57015e+22	6.23e-23	4.56e-17	1.50e-12	3.97e-09	1.52e-06	1.35e-04	5.22e-02	3.86e-01	5.61e-01	0.00e+00	0.00e+00	0.00e+00
 1.60215e+22	8.20e-23	5.79e-17	1.84e-12	4.74e-09	1.75e-06	1.50e-04	5.55e-02	3.94e-01	5.50e-01	0.00e+00	0.00e+00	0.00e+00
 1.63113e+22	1.05e-22	7.16e-17	2.21e-12	5.54e-09	1.99e-06	1.64e-04	5.86e-02	4.01e-01	5.40e-01	0.00e+00	0.00e+00	0.00e+00
 1.66231e+22	1.35e-22	8.92e-17	2.68e-12	6.51e-09	2.26e-06	1.80e-04	6.21e-02	4.09e-01	5.29e-01	0.00e+00	0.00e+00	0.00e+00
 1.69751e+22	1.78e-22	1.14e-16	3.30e-12	7.77e-09	2.61e-06	2.00e-04	6.60e-02	4.17e-01	5.17e-01	0.00e+00	0.00e+00	0.00e+00
 1.72984e+22	2.28e-22	1.41e-16	3.99e-12	9.13e-09	2.98e-06	2.20e-04	6.98e-02	4.24e-01	5.06e-01	0.00e+00	0.00e+00	0.00e+00
 1.75853e+22	2.83e-22	1.71e-16	4.70e-12	1.05e-08	3.33e-06	2.38e-04	7.32e-02	4.30e-01	4.96e-01	0.00e+00	0.00e+00	0.00e+00
 1.79058e+22	3.59e-22	2.10e-16	5.63e-12	1.22e-08	3.76e-06	2.61e-04	7.72e-02	4.37e-01	4.86e-01	0.00e+00	0.00e+00	0.00e+00
 1.83225e+22	4.82e-22	2.72e-16	7.03e-12	1.47e-08	4.38e-06	2.91e-04	8.23e-02	4.45e-01	4.72e-01	0.00e+00	0.00e+00	0.00e+00
 1.87454e+22	6.51e-22	3.53e-16	8.81e-12	1.78e-08	5.11e-06	3.25e-04	8.79e-02	4.53e-01	4.59e-01	0.00e+00	0.00e+00	0.00e+00
 1.90812e+22	8.22e-22	4.33e-16	1.05e-11	2.07e-08	5.77e-06	3.55e-04	9.25e-02	4.60e-01	4.48e-01	0.00e+00	0.00e+00	0.00e+00
 1.94224e+22	1.03e-21	5.28e-16	1.25e-11	2.40e-08	6.50e-06	3.86e-04	9.72e-02	4.66e-01	4.37e-01	0.00e+00	0.00e+00	0.00e+00
 1.98659e+22	1.37e-21	6.77e-16	1.55e-11	2.88e-08	7.52e-06	4.29e-04	1.03e-01	4.73e-01	4.23e-01	0.00e+00	0.00e+00	0.00e+00
 2.03289e+22	1.85e-21	8.80e-16	1.95e-11	3.49e-08	8.80e-06	4.80e-04	1.10e-01	4.80e-01	4.09e-01	0.00e+00	0.00e+00	0.00e+00
 2.07142e+22	2.36e-21	1.09e-15	2.34e-11	4.08e-08	9.97e-06	5.25e-04	1.16e-01	4.86e-01	3.98e-01	0.00e+00	0.00e+00	0.00e+00
 2.11123e+22	3.00e-21	1.34e-15	2.80e-11	4.76e-08	1.13e-05	5.75e-04	1.22e-01	4.91e-01	3.86e-01	0.00e+00	0.00e+00	0.00e+00
 2.16298e+22	4.07e-21	1.75e-15	3.53e-11	5.78e-08	1.32e-05	6.44e-04	1.30e-01	4.98e-01	3.71e-01	0.00e+00	0.00e+00	0.00e+00
 2.21274e+22	5.43e-21	2.25e-15	4.39e-11	6.97e-08	1.54e-05	7.17e-04	1.38e-01	5.04e-01	3.57e-01	0.00e+00	0.00e+00	0.00e+00
 2.24851e+22	6.65e-21	2.68e-15	5.13e-11	7.94e-08	1.71e-05	7.73e-04	1.44e-01	5.07e-01	3.47e-01	0.00e+00	0.00e+00	0.00e+00
 2.28361e+22	8.05e-21	3.17e-15	5.93e-11	8.98e-08	1.89e-05	8.31e-04	1.50e-01	5.11e-01	3.38e-01	0.00e+00	0.00e+00	0.00e+00
 2.32924e+22	1.03e-20	3.92e-15	7.15e-11	1.05e-07	2.15e-05	9.12e-04	1.58e-01	5.15e-01	3.26e-01	0.00e+00	0.00e+00	0.00e+00
 2.37825e+22	1.33e-20	4.91e-15	8.70e-11	1.25e-07	2.46e-05	1.00e-03	1.67e-01	5.19e-01	3.13e-01	0.00e+00	0.00e+00	0.00e+00
 2.42140e+22	1.66e-20	5.96e-15	1.03e-10	1.44e-07	2.77e-05	1.09e-03	1.75e-01	5.22e-01	3.02e-01	0.00e+00	0.00e+00	0.00e+00
 2.46721e+22	2.08e-20	7.28e-15	1.23e-10	1.67e-07	3.13e-05	1.19e-03	1.84e-01	5.25e-01	2.91e-01	0.00e+00	0.00e+00	0.00e+00
 2.51880e+22	2.68e-20	9.06e-15	1.49e-10	1.97e-07	3.58e-05	1.31e-03	1.93e-01	5.27e-01	2.78e-01	0.00e+00	0.00e+00	0.00e+00
 2.56752e+22	3.37e-20	1.11e-14	1.77e-10	2.29e-07	4.05e-05	1.43e-03	2.03e-01	5.29e-01	2.67e-01	0.00e+00	0.00e+00	0.00e+00
 2.61329e+22	4.17e-20	1.33e-14	2.09e-10	2.64e-07	4.54e-05	1.56e-03	2.12e-01	5.30e-01	2.56e-01	0.00e+00	0.00e+00	0.00e+00
 2.66559e+22	5.25e-20	1.64e-14	2.50e-10	3.08e-07	5.16e-05	1.71e-03	2.23e-01	5.31e-01	2.44e-01	0.00e+00	0.00e+00	0.00e+00
 2.72430e+22	6.78e-20	2.05e-14	3.05e-10	3.65e-07	5.93e-05	1.89e-03	2.35e-01	5.32e-01	2.32e-01	0.00e+00	0.00e+00	0.00e+00
 2.77934e+22	8.55e-20	2.51e-14	3.65e-10	4.27e-07	6.75e-05	2.07e-03	2.46e-01	5.31e-01	2.20e-01	0.00e+00	0.00e+00	0.00e+00
 2.83058e+22	1.05e-19	3.01e-14	4.29e-10	4.92e-07	7.59e-05	2.25e-03	2.57e-01	5.31e-01	2.10e-01	0.00e+00	0.00e+00	0.00e+00
 2.88891e+22	1.32e-19	3.68e-14	5.14e-10	5.75e-07	8.64e-05	2.47e-03	2.70e-01	5.29e-01	1.99e-01	0.00e+00	0.00e+00	0.00e+00
 2.95405e+22	1.69e-19	4.58e-14	6.24e-10	6.82e-07	9.95e-05	2.73e-03	2.84e-01	5.26e-01	1.86e-01	0.00e+00	0.00e+00	0.00e+00
 3.01473e+22	2.11e-19	5.57e-14	7.45e-10	7.97e-07	1.13e-04	3.00e-03	2.98e-01	5.23e-01	1.75e-01	0.00e+00	0.00e+00	0.00e+00
 3.07108e+22	2.57e-19	6.63e-14	8.72e-10	9.15e-07	1.27e-04	3.26e-03	3.11e-01	5.20e-01	1.66e-01	0.00e+00	0.00e+00	0.00e+00
 3.13511e+22	3.19e-19	8.02e-14	1.04e-09	1.07e-06	1.44e-04	3.58e-03	3.25e-01	5.16e-01	1.55e-01	0.00e+00	0.00e+00	0.00e+00
 3.20365e+22	3.98e-19	9.77e-14	1.24e-09	1.25e-06	1.65e-04	3.95e-03	3.41e-01	5.10e-01	1.45e-01	0.00e+00	0.00e+00	0.00e+00
 3.26347e+22	4.79e-19	1.15e-13	1.44e-09	1.43e-06	1.85e-04	4.29e-03	3.55e-01	5.05e-01	1.36e-01	0.00e+00	0.00e+00	0.00e+00
 3.32662e+22	5.76e-19	1.36e-13	1.68e-09	1.64e-06	2.08e-04	4.67e-03	3.69e-01	4.99e-01	1.27e-01	0.00e+00	0.00e+00	0.00e+00
 3.40871e+22	7.24e-19	1.67e-13	2.03e-09	1.95e-06	2.41e-04	5.19e-03	3.88e-01	4.90e-01	1.17e-01	0.00e+00	0.00e+00	0.00e+00
 3.49154e+22	9.02e-19	2.04e-13	2.45e-09	2.31e-06	2.78e-04	5.77e-03	4.07e-01	4.80e-01	1.07e-01	0.00e+00	0.00e+00	0.00e+00
 3.55521e+22	1.06e-18	2.36e-13	2.81e-09	2.61e-06	3.09e-04	6.24e-03	4.22e-01	4.72e-01	9.94e-02	0.00e+00	0.00e+00	0.00e+00
 3.61787e+22	1.23e-18	2.70e-13	3.19e-09	2.94e-06	3.41e-04	6.71e-03	4.36e-01	4.64e-01	9.28e-02	0.00e+00	0.00e+00	0.00e+00
 3.69933e+22	1.48e-18	3.19e-13	3.74e-09	3.40e-06	3.87e-04	7.37e-03	4.54e-01	4.53e-01	8.48e-02	0.00e+00	0.00e+00	0.00e+00
 3.78425e+22	1.77e-18	3.77e-13	4.39e-09	3.95e-06	4.39e-04	8.10e-03	4.73e-01	4.41e-01	7.71e-02	0.00e+00	0.00e+00	0.00e+00
 3.85520e+22	2.05e-18	4.31e-13	4.99e-09	4.45e-06	4.86e-04	8.74e-03	4.89e-01	4.31e-01	7.12e-02	0.00e+00	0.00e+00	0.00e+00
 3.92897e+22	2.35e-18	4.90e-13	5.66e-09	5.01e-06	5.38e-04	9.43e-03	5.04e-01	4.20e-01	6.55e-02	0.00e+00	0.00e+00	0.00e+00
 4.02487e+22	2.79e-18	5.75e-13	6.62e-09	5.80e-06	6.10e-04	1.04e-02	5.24e-01	4.06e-01	5.89e-02	0.00e+00	0.00e+00	0.00e+00
 4.12316e+22	3.30e-18	6.73e-13	7.73e-09	6.72e-06	6.92e-04	1.14e-02	5.44e-01	3.91e-01	5.26e-02	0.00e+00	0.00e+00	0.00e+00
 4.20296e+22	3.75e-18	7.60e-13	8.72e-09	7.53e-06	7.62e-04	1.22e-02	5.60e-01	3.79e-01	4.81e-02	0.00e+00	0.00e+00	0.00e+00
 4.28514e+22	4.24e-18	8.54e-13	9.80e-09	8.42e-06	8.38e-04	1.31e-02	5.75e-01	3.67e-01	4.38e-02	0.00e+00	0.00e+00	0.00e+00
 4.39197e+22	4.94e-18	9.87e-13	1.13e-08	9.68e-06	9.42e-04	1.44e-02	5.94e-01	3.52e-01	3.89e-02	0.00e+00	0.00e+00	0.00e+00
 4.50434e+22	5.74e-18	1.14e-12	1.32e-08	1.12e-05	1.06e-03	1.57e-02	6.14e-01	3.35e-01	3.42e-02	0.00e+00	0.00e+00	0.00e+00
 4.60017e+22	6.49e-18	1.29e-12	1.48e-08	1.25e-05	1.17e-03	1.69e-02	6.30e-01	3.22e-01	3.07e-02	0.00e+00	0.00e+00	0.00e+00
 4.68097e+22	7.17e-18	1.42e-12	1.64e-08	1.38e-05	1.26e-03	1.79e-02	6.42e-01	3.10e-01	2.81e-02	0.00e+00	0.00e+00	0.00e+00
 4.76598e+22	7.90e-18	1.56e-12	1.81e-08	1.51e-05	1.37e-03	1.91e-02	6.55e-01	2.99e-01	2.55e-02	0.00e+00	0.00e+00	0.00e+00
 4.87648e+22	8.93e-18	1.76e-12	2.05e-08	1.70e-05	1.51e-03	2.05e-02	6.71e-01	2.84e-01	2.26e-02	0.00e+00	0.00e+00	0.00e+00
 4.99151e+22	1.01e-17	1.99e-12	2.32e-08	1.92e-05	1.66e-03	2.21e-02	6.87e-01	2.70e-01	1.99e-02	0.00e+00	0.00e+00	0.00e+00
 5.08760e+22	1.11e-17	2.19e-12	2.57e-08	2.12e-05	1.80e-03	2.35e-02	6.99e-01	2.58e-01	1.79e-02	0.00e+00	0.00e+00	0.00e+00
 5.17425e+22	1.21e-17	2.38e-12	2.81e-08	2.31e-05	1.92e-03	2.47e-02	7.10e-01	2.47e-01	1.63e-02	0.00e+00	0.00e+00	0.00e+00
 5.27347e+22	1.34e-17	2.62e-12	3.10e-08	2.53e-05	2.07e-03	2.61e-02	7.21e-01	2.36e-01	1.47e-02	0.00e+00	0.00e+00	0.00e+00
 5.40245e+22	1.50e-17	2.95e-12	3.50e-08	2.84e-05	2.27e-03	2.80e-02	7.35e-01	2.22e-01	1.28e-02	0.00e+00	0.00e+00	0.00e+00
 5.53388e+22	1.69e-17	3.32e-12	3.96e-08	3.20e-05	2.49e-03	3.01e-02	7.48e-01	2.09e-01	1.11e-02	0.00e+00	0.00e+00	0.00e+00
 5.63910e+22	1.83e-17	3.63e-12	4.35e-08	3.50e-05	2.67e-03	3.17e-02	7.58e-01	1.98e-01	9.91e-03	0.00e+00	0.00e+00	0.00e+00
 5.74652e+22	2.01e-17	3.98e-12	4.79e-08	3.82e-05	2.86e-03	3.34e-02	7.67e-01	1.88e-01	8.88e-03	0.00e+00	0.00e+00	0.00e+00
 5.88617e+22	2.25e-17	4.46e-12	5.39e-08	4.27e-05	3.11e-03	3.56e-02	7.78e-01	1.76e-01	7.70e-03	2.25e-17	4.81e-22	5.04e-22
 6.03306e+22	2.52e-17	5.02e-12	6.10e-08	4.78e-05	3.40e-03	3.80e-02	7.88e-01	1.64e-01	6.62e-03	2.52e-17	5.32e-22	5.59e-22
 6.15718e+22	2.77e-17	5.54e-12	6.75e-08	5.25e-05	3.65e-03	4.01e-02	7.96e-01	1.54e-01	5.82e-03	2.77e-17	5.79e-22	6.09e-22
 6.28633e+22	3.04e-17	6.10e-12	7.47e-08	5.76e-05	3.91e-03	4.23e-02	8.04e-01	1.45e-01	5.12e-03	3.04e-17	6.28e-22	6.61e-22
 6.45423e+22	3.43e-17	6.91e-12	8.49e-08	6.47e-05	4.27e-03	4.51e-02	8.13e-01	1.34e-01	4.35e-03	3.43e-17	6.96e-22	7.34e-22
 6.62891e+22	3.87e-17	7.85e-12	9.69e-08	7.29e-05	4.66e-03	4.82e-02	8.21e-01	1.23e-01	3.66e-03	3.87e-17	7.75e-22	8.19e-22
 6.77394e+22	4.24e-17	8.67e-12	1.08e-07	8.02e-05	5.00e-03	5.09e-02	8.27e-01	1.14e-01	3.17e-03	4.24e-17	8.40e-22	8.89e-22
 6.92400e+22	4.70e-17	9.65e-12	1.20e-07	8.81e-05	5.36e-03	5.36e-02	8.32e-01	1.07e-01	2.76e-03	4.70e-17	9.18e-22	9.73e-22
 7.11907e+22	5.31e-17	1.10e-11	1.37e-07	9.92e-05	5.85e-03	5.71e-02	8.37e-01	9.72e-02	2.30e-03	5.31e-17	1.02e-21	1.08e-21
 7.32311e+22	6.02e-17	1.26e-11	1.58e-07	1.12e-04	6.39e-03	6.11e-02	8.42e-01	8.82e-02	1.90e-03	6.02e-17	1.14e-21	1.21e-21
 7.49070e+22	6.67e-17	1.41e-11	1.77e-07	1.24e-04	6.86e-03	6.45e-02	8.46e-01	8.14e-02	1.63e-03	6.67e-17	1.25e-21	1.33e-21
 7.63095e+22	7.25e-17	1.54e-11	1.94e-07	1.34e-04	7.26e-03	6.73e-02	8.48e-01	7.63e-02	1.43e-03	7.25e-17	1.34e-21	1.43e-21
 7.78378e+22	7.90e-17	1.70e-11	2.14e-07	1.45e-04	7.71e-03	7.04e-02	8.49e-01	7.11e-02	1.25e-03	7.90e-17	1.44e-21	1.54e-21
 7.98246e+22	8.84e-17	1.92e-11	2.43e-07	1.61e-04	8.31e-03	7.45e-02	8.51e-01	6.50e-02	1.05e-03	8.84e-17	1.58e-21	1.69e-21
 8.18693e+22	9.92e-17	2.18e-11	2.77e-07	1.80e-04	8.98e-03	7.90e-02	8.52e-01	5.91e-02	8.81e-04	9.92e-17	1.75e-21	1.87e-21
 8.35111e+22	1.09e-16	2.42e-11	3.07e-07	1.96e-04	9.55e-03	8.27e-02	8.52e-01	5.49e-02	7.65e-04	1.09e-16	1.90e-21	2.04e-21
 8.51675e+22	1.19e-16	2.68e-11	3.40e-07	2.13e-04	1.01e-02	8.65e-02	8.51e-01	5.10e-02	6.67e-04	1.19e-16	2.05e-21	2.20e-21
 8.73207e+22	1.33e-16	3.05e-11	3.87e-07	2.36e-04	1.09e-02	9.15e-02	8.50e-01	4.64e-02	5.59e-04	1.33e-16	2.26e-21	2.42e-21
 8.96004e+22	1.51e-16	3.52e-11	4.45e-07	2.64e-04	1.18e-02	9.72e-02	8.48e-01	4.20e-02	4.63e-04	1.51e-16	2.51e-21	2.70e-21
 9.15306e+22	1.68e-16	3.97e-11	5.01e-07	2.90e-04	1.26e-02	1.02e-01	8.46e-01	3.86e-02	3.96e-04	1.68e-16	2.76e-21	2.97e-21
 9.35260e+22	1.87e-16	4.48e-11	5.65e-07	3.18e-04	1.35e-02	1.07e-01	8.43e-01	3.55e-02	3.39e-04	1.87e-16	3.02e-21	3.25e-21
 9.61200e+22	2.14e-16	5.24e-11	6.58e-07	3.58e-04	1.46e-02	1.14e-01	8.39e-01	3.19e-02	2.79e-04	2.14e-16	3.38e-21	3.65e-21
 9.88308e+22	2.49e-16	6.23e-11	7.78e-07	4.07e-04	1.60e-02	1.22e-01	8.33e-01	2.85e-02	2.26e-04	2.49e-16	3.86e-21	4.17e-21
 1.01050e+23	2.83e-16	7.20e-11	8.92e-07	4.51e-04	1.73e-02	1.29e-01	8.27e-01	2.60e-02	1.91e-04	2.83e-16	4.32e-21	4.67e-21
 1.03290e+23	3.20e-16	8.30e-11	1.02e-06	4.99e-04	1.85e-02	1.36e-01	8.21e-01	2.37e-02	1.63e-04	3.20e-16	4.80e-21	5.19e-21
 1.05765e+23	3.70e-16	9.78e-11	1.19e-06	5.59e-04	2.01e-02	1.44e-01	8.13e-01	2.15e-02	1.36e-04	3.70e-16	5.44e-21	5.89e-21
 1.07987e+23	4.23e-16	1.14e-10	1.38e-06	6.21e-04	2.16e-02	1.52e-01	8.06e-01	1.97e-02	1.16e-04	4.23e-16	6.14e-21	6.66e-21
 1.09951e+23	4.77e-16	1.30e-10	1.56e-06	6.79e-04	2.31e-02	1.59e-01	7.99e-01	1.82e-02	1.01e-04	4.77e-16	6.83e-21	7.41e-21
 1.12136e+23	5.43e-16	1.51e-10	1.79e-06	7.50e-04	2.48e-02	1.67e-01	7.90e-01	1.67e-02	8.70e-05	5.43e-16	7.63e-21	8.29e-21
 1.14578e+23	6.34e-16	1.79e-10	2.09e-06	8.40e-04	2.69e-02	1.77e-01	7.80e-01	1.52e-02	7.37e-05	6.34e-16	8.76e-21	9.53e-21
 1.16835e+23	7.37e-16	2.12e-10	2.43e-06	9.35e-04	2.90e-02	1.86e-01	7.70e-01	1.40e-02	6.33e-05	7.37e-16	1.00e-20	1.09e-20
 1.18893e+23	8.46e-16	2.46e-10	2.79e-06	1.03e-03	3.11e-02	1.95e-01	7.60e-01	1.29e-02	5.53e-05	8.46e-16	1.13e-20	1.24e-20
 1.21212e+23	9.83e-16	2.91e-10	3.24e-06	1.15e-03	3.36e-02	2.05e-01	7.48e-01	1.18e-02	4.76e-05	9.83e-16	1.29e-20	1.41e-20
 1.24227e+23	1.20e-15	3.61e-10	3.95e-06	1.32e-03	3.71e-02	2.18e-01	7.33e-01	1.06e-02	3.95e-05	1.20e-15	1.55e-20	1.69e-20
 1.27323e+23	1.51e-15	4.62e-10	4.92e-06	1.54e-03	4.14e-02	2.33e-01	7.14e-01	9.44e-03	3.24e-05	1.51e-15	1.91e-20	2.09e-20
 1.29741e+23	1.83e-15	5.67e-10	5.90e-06	1.75e-03	4.53e-02	2.46e-01	6.98e-01	8.58e-03	2.77e-05	1.83e-15	2.28e-20	2.49e-20
 1.31737e+23	2.14e-15	6.64e-10	6.80e-06	1.93e-03	4.87e-02	2.56e-01	6.85e-01	7.98e-03	2.45e-05	2.14e-15	2.62e-20	2.87e-20
 1.33971e+23	2.52e-15	7.93e-10	7.97e-06	2.16e-03	5.27e-02	2.68e-01	6.70e-01	7.34e-03	2.14e-05	2.52e-15	3.04e-20	3.33e-20
 1.36876e+23	3.14e-15	9.96e-10	9.77e-06	2.49e-03	5.82e-02	2.83e-01	6.49e-01	6.60e-03	1.80e-05	3.14e-15	3.69e-20	4.06e-20
 1.40006e+23	4.06e-15	1.30e-09	1.24e-05	2.93e-03	6.54e-02	3.01e-01	6.24e-01	5.85e-03	1.49e-05	4.06e-15	4.69e-20	5.15e-20
 1.42662e+23	5.14e-15	1.66e-09	1.54e-05	3.40e-03	7.26e-02	3.18e-01	6.01e-01	5.26e-03	1.26e-05	5.14e-15	5.83e-20	6.41e-20
 1.44865e+23	6.23e-15	2.01e-09	1.83e-05	3.83e-03	7.89e-02	3.31e-01	5.82e-01	4.83e-03	1.11e-05	6.23e-15	6.96e-20	7.67e-20
 1.47246e+23	7.60e-15	2.46e-09	2.19e-05	4.34e-03	8.60e-02	3.44e-01	5.61e-01	4.41e-03	9.61e-06	7.60e-15	8.34e-20	9.19e-20
 1.50341e+23	9.83e-15	3.20e-09	2.77e-05	5.10e-03	9.61e-02	3.62e-01	5.33e-01	3.90e-03	8.01e-06	9.83e-15	1.05e-19	1.16e-19
 1.53579e+23	1.33e-14	4.34e-09	3.64e-05	6.15e-03	1.09e-01	3.81e-01	5.00e-01	3.40e-03	6.55e-06	1.33e-14	1.40e-19	1.55e-19
 1.56131e+23	1.72e-14	5.57e-09	4.56e-05	7.16e-03	1.21e-01	3.96e-01	4.73e-01	3.04e-03	5.59e-06	1.72e-14	1.78e-19	1.97e-19
 1.58088e+23	2.08e-14	6.74e-09	5.41e-05	8.03e-03	1.30e-01	4.07e-01	4.52e-01	2.78e-03	4.93e-06	2.08e-14	2.12e-19	2.35e-19
 1.60144e+23	2.53e-14	8.21e-09	6.47e-05	9.05e-03	1.41e-01	4.18e-01	4.30e-01	2.53e-03	4.31e-06	2.53e-14	2.55e-19	2.82e-19
 1.62816e+23	3.26e-14	1.06e-08	8.13e-05	1.05e-02	1.55e-01	4.31e-01	4.02e-01	2.24e-03	3.64e-06	3.26e-14	3.22e-19	3.56e-19
 1.65645e+23	4.37e-14	1.41e-08	1.06e-04	1.25e-02	1.72e-01	4.43e-01	3.70e-01	1.95e-03	3.01e-06	4.37e-14	4.23e-19	4.69e-19
 1.67974e+23	5.62e-14	1.81e-08	1.33e-04	1.46e-02	1.89e-01	4.52e-01	3.42e-01	1.72e-03	2.56e-06	5.62e-14	5.37e-19	5.95e-19
 1.69898e+23	6.94e-14	2.23e-08	1.60e-04	1.65e-02	2.03e-01	4.59e-01	3.20e-01	1.54e-03	2.23e-06	6.94e-14	6.55e-19	7.26e-19
 1.72000e+23	8.60e-14	2.76e-08	1.95e-04	1.87e-02	2.18e-01	4.64e-01	2.98e-01	1.38e-03	1.94e-06	8.60e-14	7.99e-19	8.87e-19
 1.74733e+23	1.14e-13	3.66e-08	2.54e-04	2.21e-02	2.39e-01	4.68e-01	2.69e-01	1.19e-03	1.60e-06	1.14e-13	1.04e-18	1.16e-18
 1.77540e+23	1.59e-13	5.07e-08	3.43e-04	2.67e-02	2.65e-01	4.69e-01	2.38e-01	1.00e-03	1.29e-06	1.59e-13	1.43e-18	1.58e-18
 1.79668e+23	2.08e-13	6.59e-08	4.37e-04	3.11e-02	2.86e-01	4.67e-01	2.15e-01	8.69e-04	1.08e-06	2.08e-13	1.84e-18	2.05e-18
 1.81272e+23	2.58e-13	8.13e-08	5.31e-04	3.50e-02	3.03e-01	4.63e-01	1.97e-01	7.73e-04	9.38e-07	2.58e-13	2.26e-18	2.51e-18
 1.82973e+23	3.17e-13	9.99e-08	6.44e-04	3.93e-02	3.20e-01	4.59e-01	1.81e-01	6.87e-04	8.13e-07	3.17e-13	2.74e-18	3.05e-18
 1.84840e+23	4.05e-13	1.27e-07	8.08e-04	4.51e-02	3.40e-01	4.51e-01	1.63e-01	6.00e-04	6.92e-07	4.05e-13	3.46e-18	3.85e-18
 1.86456e+23	5.10e-13	1.60e-07	1.00e-03	5.12e-02	3.58e-01	4.42e-01	1.47e-01	5.28e-04	5.95e-07	5.10e-13	4.31e-18	4.80e-18
 1.87765e+23	6.18e-13	1.93e-07	1.20e-03	5.68e-02	3.73e-01	4.33e-01	1.35e-01	4.73e-04	5.24e-07	6.18e-13	5.18e-18	5.77e-18
 1.89141e+23	7.50e-13	2.34e-07	1.44e-03	6.31e-02	3.88e-01	4.23e-01	1.24e-01	4.23e-04	4.59e-07	7.50e-13	6.23e-18	6.94e-18
 1.90693e+23	9.50e-13	2.96e-07	1.79e-03	7.16e-02	4.05e-01	4.10e-01	1.11e-01	3.69e-04	3.92e-07	9.50e-13	7.81e-18	8.70e-18
 1.92090e+23	1.19e-12	3.71e-07	2.22e-03	8.07e-02	4.21e-01	3.96e-01	9.97e-02	3.24e-04	3.37e-07	1.19e-12	9.71e-18	1.08e-17
 1.93235e+23	1.46e-12	4.53e-07	2.69e-03	8.97e-02	4.34e-01	3.82e-01	9.07e-02	2.89e-04	2.96e-07	1.46e-12	1.18e-17	1.32e-17
 1.94252e+23	1.74e-12	5.41e-07	3.19e-03	9.83e-02	4.45e-01	3.70e-01	8.32e-02	2.60e-04	2.63e-07	1.74e-12	1.40e-17	1.56e-17
 1.95386e+23	2.13e-12	6.62e-07	3.87e-03	1.09e-01	4.56e-01	3.55e-01	7.55e-02	2.31e-04	2.30e-07	2.13e-12	1.70e-17	1.90e-17
 1.96627e+23	2.72e-12	8.43e-07	4.87e-03	1.23e-01	4.68e-01	3.37e-01	6.70e-02	2.01e-04	1.96e-07	2.72e-12	2.15e-17	2.40e-17
 1.97687e+23	3.42e-12	1.06e-06	6.07e-03	1.38e-01	4.76e-01	3.20e-01	5.98e-02	1.76e-04	1.69e-07	3.42e-12	2.68e-17	3.00e-17
 1.98521e+23	4.12e-12	1.28e-06	7.26e-03	1.51e-01	4.82e-01	3.05e-01	5.44e-02	1.58e-04	1.50e-07	4.12e-12	3.21e-17	3.60e-17
 1.99382e+23	5.01e-12	1.55e-06	8.76e-03	1.65e-01	4.87e-01	2.90e-01	4.94e-02	1.41e-04	1.32e-07	5.01e-12	3.88e-17	4.34e-17
 2.00341e+23	6.34e-12	1.96e-06	1.10e-02	1.85e-01	4.90e-01	2.71e-01	4.37e-02	1.22e-04	0.00e+00	6.34e-12	4.88e-17	5.47e-17
 2.01182e+23	8.01e-12	2.48e-06	1.38e-02	2.05e-01	4.90e-01	2.52e-01	3.87e-02	1.07e-04	0.00e+00	8.01e-12	6.13e-17	6.87e-17
 2.01773e+23	9.64e-12	2.98e-06	1.64e-02	2.22e-01	4.88e-01	2.38e-01	3.52e-02	9.55e-05	0.00e+00	9.64e-12	7.34e-17	8.24e-17
 2.02165e+23	1.09e-11	3.37e-06	1.85e-02	2.35e-01	4.86e-01	2.28e-01	3.29e-02	8.87e-05	0.00e+00	1.09e-11	8.29e-17	9.31e-17
 2.02556e+23	1.23e-11	3.78e-06	2.07e-02	2.47e-01	4.83e-01	2.18e-01	3.09e-02	8.26e-05	0.00e+00	1.23e-11	9.28e-17	1.04e-16
 2.03065e+23	1.43e-11	4.42e-06	2.41e-02	2.63e-01	4.79e-01	2.06e-01	2.83e-02	7.50e-05	0.00e+00	1.43e-11	1.08e-16	1.21e-16
 2.03613e+23	1.73e-11	5.35e-06	2.90e-02	2.84e-01	4.70e-01	1.91e-01	2.54e-02	6.64e-05	0.00e+00	1.73e-11	1.30e-16	1.46e-16
 2.04059e+23	2.07e-11	6.37e-06	3.43e-02	3.04e-01	4.61e-01	1.78e-01	2.30e-02	5.94e-05	0.00e+00	2.06e-11	1.55e-16	1.74e-16
 2.04391e+23	2.36e-11	7.28e-06	3.90e-02	3.20e-01	4.52e-01	1.67e-01	2.12e-02	5.43e-05	0.00e+00	2.36e-11	1.76e-16	1.99e-16
 2.04725e+23	2.69e-11	8.27e-06	4.42e-02	3.35e-01	4.43e-01	1.57e-01	1.96e-02	4.99e-05	0.00e+00	2.69e-11	2.00e-16	2.25e-16
 2.05161e+23	3.20e-11	9.84e-06	5.23e-02	3.57e-01	4.29e-01	1.44e-01	1.75e-02	4.42e-05	0.00e+00	3.20e-11	2.37e-16	2.68e-16
 2.05593e+23	3.93e-11	1.20e-05	6.36e-02	3.81e-01	4.10e-01	1.30e-01	1.53e-02	3.82e-05	0.00e+00	3.93e-11	2.90e-16	3.28e-16
 2.05897e+23	4.62e-11	1.41e-05	7.41e-02	4.00e-01	3.93e-01	1.19e-01	1.37e-02	3.39e-05	0.00e+00	4.62e-11	3.40e-16	3.84e-16
 2.06106e+23	5.16e-11	1.58e-05	8.23e-02	4.13e-01	3.81e-01	1.11e-01	1.27e-02	3.11e-05	0.00e+00	5.16e-11	3.80e-16	4.29e-16
 2.06321e+23	5.76e-11	1.76e-05	9.12e-02	4.26e-01	3.68e-01	1.03e-01	1.17e-02	2.85e-05	0.00e+00	5.76e-11	4.23e-16	4.78e-16
 2.06599e+23	6.65e-11	2.02e-05	1.04e-01	4.42e-01	3.50e-01	9.39e-02	1.04e-02	2.52e-05	0.00e+00	6.64e-11	4.86e-16	5.51e-16
 2.06894e+23	7.88e-11	2.39e-05	1.23e-01	4.59e-01	3.26e-01	8.30e-02	9.08e-03	2.18e-05	0.00e+00	7.88e-11	5.76e-16	6.52e-16
 2.07127e+23	9.16e-11	2.77e-05	1.41e-01	4.72e-01	3.05e-01	7.40e-02	7.99e-03	1.90e-05	0.00e+00	9.16e-11	6.67e-16	7.56e-16
 2.07298e+23	1.03e-10	3.09e-05	1.57e-01	4.81e-01	2.88e-01	6.74e-02	7.20e-03	1.70e-05	0.00e+00	1.03e-10	7.46e-16	8.47e-16
 2.07473e+23	1.14e-10	3.42e-05	1.73e-01	4.88e-01	2.71e-01	6.14e-02	6.51e-03	1.53e-05	0.00e+00	1.14e-10	8.26e-16	9.37e-16
 2.07699e+23	1.31e-10	3.92e-05	1.96e-01	4.96e-01	2.49e-01	5.36e-02	5.62e-03	1.32e-05	0.00e+00	1.31e-10	9.48e-16	1.08e-15
 2.07929e+23	1.54e-10	4.58e-05	2.28e-01	5.00e-01	2.22e-01	4.54e-02	4.70e-03	1.09e-05	0.00e+00	1.54e-10	1.11e-15	1.27e-15
 2.08098e+23	1.75e-10	5.19e-05	2.56e-01	5.00e-01	2.00e-01	3.93e-02	4.04e-03	9.31e-06	0.00e+00	1.75e-10	1.26e-15	1.44e-15
 2.08219e+23	1.92e-10	5.67e-05	2.78e-01	4.99e-01	1.85e-01	3.52e-02	3.59e-03	8.23e-06	0.00e+00	1.92e-10	1.38e-15	1.58e-15
 2.08344e+23	2.09e-10	6.14e-05	3.00e-01	4.95e-01	1.70e-01	3.15e-02	3.20e-03	7.32e-06	0.00e+00	2.09e-10	1.50e-15	1.71e-15
 2.08507e+23	2.34e-10	6.84e-05	3.31e-01	4.88e-01	1.52e-01	2.70e-02	2.72e-03	6.17e-06	0.00e+00	2.34e-10	1.68e-15	1.91e-15
 2.08680e+23	2.66e-10	7.73e-05	3.70e-01	4.75e-01	1.30e-01	2.23e-02	2.22e-03	5.01e-06	0.00e+00	2.66e-10	1.90e-15	2.17e-15
 2.08820e+23	2.96e-10	8.56e-05	4.07e-01	4.60e-01	1.13e-01	1.87e-02	1.84e-03	4.13e-06	0.00e+00	2.96e-10	2.12e-15	2.42e-15
 2.08928e+23	3.22e-10	9.25e-05	4.36e-01	4.46e-01	9.99e-02	1.62e-02	1.58e-03	3.52e-06	0.00e+00	3.22e-10	2.29e-15	2.63e-15
 2.09041e+23	3.48e-10	9.94e-05	4.66e-01	4.31e-01	8.82e-02	1.40e-02	1.35e-03	3.00e-06	0.00e+00	3.48e-10	2.47e-15	2.83e-15
 2.09189e+23	3.83e-10	1.09e-04	5.05e-01	4.08e-01	7.42e-02	1.15e-02	1.09e-03	2.41e-06	0.00e+00	3.83e-10	2.72e-15	3.12e-15
 2.09343e+23	4.27e-10	1.20e-04	5.51e-01	3.79e-01	5.98e-02	9.07e-03	8.47e-04	1.85e-06	0.00e+00	4.27e-10	3.03e-15	3.48e-15
 2.09467e+23	4.66e-10	1.30e-04	5.90e-01	3.53e-01	4.93e-02	7.42e-03	6.77e-04	1.46e-06	0.00e+00	4.66e-10	3.30e-15	3.79e-15
 2.09566e+23	4.98e-10	1.38e-04	6.20e-01	3.31e-01	4.21e-02	6.32e-03	5.64e-04	1.21e-06	0.00e+00	4.98e-10	3.52e-15	4.05e-15
 2.09675e+23	5.31e-10	1.46e-04	6.50e-01	3.09e-01	3.56e-02	5.35e-03	4.67e-04	9.93e-07	0.00e+00	5.31e-10	3.75e-15	4.32e-15
 2.09816e+23	5.76e-10	1.56e-04	6.87e-01	2.80e-01	2.86e-02	4.33e-03	3.64e-04	7.65e-07	0.00e+00	5.76e-10	4.05e-15	4.67e-15
 2.09964e+23	6.27e-10	1.68e-04	7.26e-01	2.48e-01	2.22e-02	3.42e-03	2.74e-04	5.68e-07	0.00e+00	6.27e-10	4.40e-15	5.08e-15
 2.10084e+23	6.71e-10	1.77e-04	7.56e-01	2.22e-01	1.80e-02	2.83e-03	2.17e-04	4.44e-07	0.00e+00	6.71e-10	4.69e-15	5.43e-15
 2.10184e+23	7.05e-10	1.84e-04	7.78e-01	2.03e-01	1.54e-02	2.45e-03	1.81e-04	3.66e-07	0.00e+00	7.05e-10	4.93e-15	5.71e-15
 2.10296e+23	7.41e-10	1.91e-04	8.00e-01	1.85e-01	1.31e-02	2.12e-03	1.51e-04	3.01e-07	0.00e+00	7.41e-10	5.17e-15	5.99e-15
 2.10441e+23	7.87e-10	2.00e-04	8.24e-01	1.63e-01	1.08e-02	1.77e-03	1.21e-04	2.37e-07	0.00e+00	7.87e-10	5.47e-15	6.35e-15
 2.10617e+23	8.41e-10	2.10e-04	8.49e-01	1.41e-01	8.76e-03	1.44e-03	9.40e-05	1.81e-07	0.00e+00	8.41e-10	5.83e-15	6.78e-15
 2.10794e+23	8.94e-10	2.20e-04	8.71e-01	1.21e-01	7.30e-03	1.19e-03	7.46e-05	1.40e-07	0.00e+00	8.94e-10	6.19e-15	7.20e-15
 2.10957e+23	9.39e-10	2.27e-04	8.86e-01	1.06e-01	6.38e-03	1.02e-03	6.23e-05	0.00e+00	0.00e+00	9.39e-10	6.48e-15	7.55e-15
 2.11130e+23	9.81e-10	2.34e-04	8.99e-01	9.37e-02	5.72e-03	8.84e-04	5.31e-05	0.00e+00	0.00e+00	9.81e-10	6.75e-15	7.88e-15
 2.11339e+23	1.03e-09	2.41e-04	9.12e-01	8.21e-02	5.17e-03	7.60e-04	4.54e-05	0.00e+00	0.00e+00	1.03e-09	7.04e-15	8.22e-15
 2.11592e+23	1.07e-09	2.48e-04	9.23e-01	7.12e-02	4.71e-03	6.48e-04	3.88e-05	0.00e+00	0.00e+00	1.07e-09	7.34e-15	8.58e-15
 2.11886e+23	1.12e-09	2.54e-04	9.33e-01	6.18e-02	4.37e-03	5.54e-04	3.37e-05	0.00e+00	0.00e+00	1.12e-09	7.56e-15	8.85e-15
 2.12226e+23	1.16e-09	2.61e-04	9.41e-01	5.39e-02	4.10e-03	4.76e-04	2.97e-05	0.00e+00	0.00e+00	1.16e-09	7.77e-15	9.11e-15
 2.12643e+23	1.21e-09	2.67e-04	9.48e-01	4.71e-02	3.88e-03	4.10e-04	2.64e-05	0.00e+00	0.00e+00	1.21e-09	7.97e-15	9.36e-15
 2.13176e+23	1.26e-09	2.73e-04	9.55e-01	4.11e-02	3.69e-03	3.50e-04	2.35e-05	0.00e+00	0.00e+00	1.26e-09	8.17e-15	9.61e-15
 2.13867e+23	1.31e-09	2.79e-04	9.60e-01	3.56e-02	3.51e-03	2.97e-04	2.10e-05	0.00e+00	0.00e+00	1.31e-09	8.37e-15	9.86e-15
 2.14757e+23	1.36e-09	2.85e-04	9.65e-01	3.08e-02	3.34e-03	2.51e-04	1.88e-05	0.00e+00	0.00e+00	1.36e-09	8.56e-15	1.01e-14
 2.15911e+23	1.41e-09	2.91e-04	9.70e-01	2.67e-02	3.16e-03	2.10e-04	1.67e-05	0.00e+00	0.00e+00	1.41e-09	8.75e-15	1.03e-14
 2.17411e+23	1.47e-09	2.97e-04	9.73e-01	2.31e-02	2.98e-03	1.74e-04	1.48e-05	0.00e+00	0.00e+00	1.47e-09	8.93e-15	1.06e-14
 2.19360e+23	1.52e-09	3.04e-04	9.77e-01	1.99e-02	2.79e-03	1.43e-04	1.29e-05	0.00e+00	0.00e+00	1.52e-09	9.09e-15	1.08e-14
 2.21895e+23	1.58e-09	3.10e-04	9.80e-01	1.72e-02	2.58e-03	1.16e-04	1.11e-05	0.00e+00	0.00e+00	1.58e-09	9.21e-15	1.09e-14
 2.25190e+23	1.65e-09	3.16e-04	9.82e-01	1.47e-02	2.35e-03	9.18e-05	9.34e-06	0.00e+00	0.00e+00	1.65e-09	9.30e-15	1.10e-14
 2.29473e+23	1.72e-09	3.22e-04	9.85e-01	1.25e-02	2.11e-03	7.10e-05	7.61e-06	0.00e+00	0.00e+00	1.72e-09	9.36e-15	1.11e-14
