#depth	C	C+	C+2	C+3	C+4	C+5	C+6	C[1]	C[2]	C[3]	C+[1]	C+[2]	CO
 6.17135e+19	4.57e-34	1.26e-25	6.73e-19	3.71e-13	9.42e-08	4.82e-04	1.00e+00	0.00e+00	0.00e+00	0.00e+00	0.00e+00	0.00e+00	3.11e-87
 1.87609e+20	8.54e-34	2.03e-25	9.41e-19	4.52e-13	1.10e-07	5.41e-04	9.99e-01	0.00e+00	0.00e+00	0.00e+00	0.00e+00	0.00e+00	2.36e-87
 2.90007e+20	1.38e-33	2.94e-25	1.22e-18	5.26e-13	1.24e-07	5.92e-04	9.99e-01	0.00e+00	0.00e+00	0.00e+00	0.00e+00	0.00e+00	1.68e-87
 3.58237e+20	1.89e-33	3.73e-25	1.44e-18	5.79e-13	1.35e-07	6.28e-04	9.99e-01	0.00e+00	0.00e+00	0.00e+00	0.00e+00	0.00e+00	1.09e-87
 4.06340e+20	2.35e-33	4.41e-25	1.62e-18	6.18e-13	1.42e-07	6.54e-04	9.99e-01	0.00e+00	0.00e+00	0.00e+00	0.00e+00	0.00e+00	6.79e-88
 4.40201e+20	2.72e-33	4.93e-25	1.75e-18	6.48e-13	1.48e-07	6.72e-04	9.99e-01	0.00e+00	0.00e+00	0.00e+00	0.00e+00	0.00e+00	4.14e-88
 4.76478e+20	3.18e-33	5.56e-25	1.90e-18	6.80e-13	1.54e-07	6.92e-04	9.99e-01	0.00e+00	0.00e+00	0.00e+00	0.00e+00	0.00e+00	2.48e-88
 5.23637e+20	3.88e-33	6.49e-25	2.12e-18	7.24e-13	1.62e-07	7.19e-04	9.99e-01	0.00e+00	0.00e+00	0.00e+00	0.00e+00	0.00e+00	1.51e-88
 5.75599e+20	4.83e-33	7.67e-25	2.38e-18	7.74e-13	1.71e-07	7.49e-04	9.99e-01	0.00e+00	0.00e+00	0.00e+00	0.00e+00	0.00e+00	9.79e-89
 6.23195e+20	5.87e-33	8.91e-25	2.65e-18	8.23e-13	1.80e-07	7.77e-04	9.99e-01	0.00e+00	0.00e+00	0.00e+00	0.00e+00	0.00e+00	3.82e-89
 6.74461e+20	7.22e-33	1.04e-24	2.96e-18	8.77e-13	1.90e-07	8.08e-04	9.99e-01	0.00e+00	0.00e+00	0.00e+00	0.00e+00	0.00e+00	4.36e-89
 7.31243e+20	9.04e-33	1.24e-24	3.34e-18	9.41e-13	2.01e-07	8.43e-04	9.99e-01	0.00e+00	0.00e+00	0.00e+00	0.00e+00	0.00e+00	7.90e-89
 7.83777e+20	1.11e-32	1.45e-24	3.73e-18	1.00e-12	2.12e-07	8.76e-04	9.99e-01	0.00e+00	0.00e+00	0.00e+00	0.00e+00	0.00e+00	9.69e-89
 8.40654e+20	1.38e-32	1.72e-24	4.19e-18	1.08e-12	2.25e-07	9.13e-04	9.99e-01	0.00e+00	0.00e+00	0.00e+00	0.00e+00	0.00e+00	2.49e-88
 9.00349e+20	1.72e-32	2.04e-24	4.73e-18	1.15e-12	2.39e-07	9.52e-04	9.99e-01	0.00e+00	0.00e+00	0.00e+00	0.00e+00	0.00e+00	4.54e-88
 9.51031e+20	2.08e-32	2.36e-24	5.24e-18	1.23e-12	2.51e-07	9.86e-04	9.99e-01	0.00e+00	0.00e+00	0.00e+00	0.00e+00	0.00e+00	9.52e-88
 1.00424e+21	2.52e-32	2.73e-24	5.82e-18	1.30e-12	2.64e-07	1.02e-03	9.99e-01	0.00e+00	0.00e+00	0.00e+00	0.00e+00	0.00e+00	1.50e-87
 1.07341e+21	3.21e-32	3.30e-24	6.65e-18	1.41e-12	2.82e-07	1.07e-03	9.99e-01	0.00e+00	0.00e+00	0.00e+00	0.00e+00	0.00e+00	2.44e-87
 1.14360e+21	4.10e-32	3.99e-24	7.61e-18	1.53e-12	3.02e-07	1.12e-03	9.99e-01	0.00e+00	0.00e+00	0.00e+00	0.00e+00	0.00e+00	3.52e-87
 1.20008e+21	4.98e-32	4.64e-24	8.47e-18	1.63e-12	3.18e-07	1.16e-03	9.99e-01	0.00e+00	0.00e+00	0.00e+00	0.00e+00	0.00e+00	1.08e-86
 1.25843e+21	6.05e-32	5.40e-24	9.43e-18	1.74e-12	3.36e-07	1.20e-03	9.99e-01	0.00e+00	0.00e+00	0.00e+00	0.00e+00	0.00e+00	1.74e-86
 1.33430e+21	7.77e-32	6.56e-24	1.08e-17	1.89e-12	3.60e-07	1.26e-03	9.99e-01	0.00e+00	0.00e+00	0.00e+00	0.00e+00	0.00e+00	1.99e-86
 1.41207e+21	9.99e-32	7.98e-24	1.25e-17	2.06e-12	3.87e-07	1.32e-03	9.99e-01	0.00e+00	0.00e+00	0.00e+00	0.00e+00	0.00e+00	3.92e-86
 1.47297e+21	1.21e-31	9.27e-24	1.39e-17	2.20e-12	4.08e-07	1.37e-03	9.99e-01	0.00e+00	0.00e+00	0.00e+00	0.00e+00	0.00e+00	1.22e-85
 1.53279e+21	1.46e-31	1.07e-23	1.54e-17	2.35e-12	4.31e-07	1.42e-03	9.99e-01	0.00e+00	0.00e+00	0.00e+00	0.00e+00	0.00e+00	1.92e-85
 1.61056e+21	1.86e-31	1.29e-23	1.77e-17	2.55e-12	4.61e-07	1.48e-03	9.99e-01	0.00e+00	0.00e+00	0.00e+00	0.00e+00	0.00e+00	1.36e-85
 1.69114e+21	2.37e-31	1.57e-23	2.03e-17	2.78e-12	4.95e-07	1.55e-03	9.98e-01	0.00e+00	0.00e+00	0.00e+00	0.00e+00	0.00e+00	4.07e-85
 1.75829e+21	2.89e-31	1.83e-23	2.27e-17	2.98e-12	5.24e-07	1.61e-03	9.98e-01	0.00e+00	0.00e+00	0.00e+00	0.00e+00	0.00e+00	1.28e-84
 1.82848e+21	3.54e-31	2.15e-23	2.55e-17	3.21e-12	5.56e-07	1.67e-03	9.98e-01	0.00e+00	0.00e+00	0.00e+00	0.00e+00	0.00e+00	1.36e-84
 1.91972e+21	4.61e-31	2.64e-23	2.96e-17	3.52e-12	6.01e-07	1.75e-03	9.98e-01	0.00e+00	0.00e+00	0.00e+00	0.00e+00	0.00e+00	1.40e-84
 2.01179e+21	5.99e-31	3.24e-23	3.44e-17	3.86e-12	6.48e-07	1.83e-03	9.98e-01	0.00e+00	0.00e+00	0.00e+00	0.00e+00	0.00e+00	5.36e-84
 2.08563e+21	7.36e-31	3.81e-23	3.87e-17	4.16e-12	6.89e-07	1.90e-03	9.98e-01	0.00e+00	0.00e+00	0.00e+00	0.00e+00	0.00e+00	1.58e-83
 2.15155e+21	8.82e-31	4.40e-23	4.29e-17	4.44e-12	7.27e-07	1.97e-03	9.98e-01	0.00e+00	0.00e+00	0.00e+00	0.00e+00	0.00e+00	3.31e-83
 2.22647e+21	1.08e-30	5.16e-23	4.83e-17	4.79e-12	7.72e-07	2.04e-03	9.98e-01	0.00e+00	0.00e+00	0.00e+00	0.00e+00	0.00e+00	4.72e-83
 2.32387e+21	1.40e-30	6.33e-23	5.61e-17	5.27e-12	8.35e-07	2.14e-03	9.98e-01	0.00e+00	0.00e+00	0.00e+00	0.00e+00	0.00e+00	5.25e-83
 2.42272e+21	1.82e-30	7.78e-23	6.52e-17	5.80e-12	9.02e-07	2.24e-03	9.98e-01	0.00e+00	0.00e+00	0.00e+00	0.00e+00	0.00e+00	1.05e-82
 2.50211e+21	2.23e-30	9.15e-23	7.35e-17	6.26e-12	9.60e-07	2.33e-03	9.98e-01	0.00e+00	0.00e+00	0.00e+00	0.00e+00	0.00e+00	3.10e-82
 2.58400e+21	2.75e-30	1.08e-22	8.30e-17	6.76e-12	1.02e-06	2.41e-03	9.98e-01	0.00e+00	0.00e+00	0.00e+00	0.00e+00	0.00e+00	3.79e-82
 2.69045e+21	3.60e-30	1.34e-22	9.71e-17	7.48e-12	1.11e-06	2.53e-03	9.97e-01	0.00e+00	0.00e+00	0.00e+00	0.00e+00	0.00e+00	2.67e-81
 2.80036e+21	4.73e-30	1.66e-22	1.14e-16	8.29e-12	1.21e-06	2.66e-03	9.97e-01	0.00e+00	0.00e+00	0.00e+00	0.00e+00	0.00e+00	5.52e-81
 2.89023e+21	5.90e-30	1.98e-22	1.30e-16	9.01e-12	1.29e-06	2.76e-03	9.97e-01	0.00e+00	0.00e+00	0.00e+00	0.00e+00	0.00e+00	9.92e-81
 2.96482e+21	7.08e-30	2.28e-22	1.44e-16	9.65e-12	1.36e-06	2.85e-03	9.97e-01	0.00e+00	0.00e+00	0.00e+00	0.00e+00	0.00e+00	1.61e-80
 3.04410e+21	8.58e-30	2.66e-22	1.61e-16	1.04e-11	1.45e-06	2.95e-03	9.97e-01	0.00e+00	0.00e+00	0.00e+00	0.00e+00	0.00e+00	2.67e-80
 3.14717e+21	1.09e-29	3.23e-22	1.86e-16	1.14e-11	1.56e-06	3.08e-03	9.97e-01	0.00e+00	0.00e+00	0.00e+00	0.00e+00	0.00e+00	5.07e-80
 3.25236e+21	1.40e-29	3.93e-22	2.16e-16	1.25e-11	1.68e-06	3.22e-03	9.97e-01	0.00e+00	0.00e+00	0.00e+00	0.00e+00	0.00e+00	9.76e-80
 3.33698e+21	1.71e-29	4.60e-22	2.42e-16	1.35e-11	1.79e-06	3.33e-03	9.97e-01	0.00e+00	0.00e+00	0.00e+00	0.00e+00	0.00e+00	1.64e-79
 3.42367e+21	2.09e-29	5.40e-22	2.73e-16	1.46e-11	1.90e-06	3.45e-03	9.97e-01	0.00e+00	0.00e+00	0.00e+00	0.00e+00	0.00e+00	2.78e-79
 3.53636e+21	2.71e-29	6.63e-22	3.18e-16	1.61e-11	2.06e-06	3.60e-03	9.96e-01	0.00e+00	0.00e+00	0.00e+00	0.00e+00	0.00e+00	5.47e-79
 3.64234e+21	3.45e-29	8.04e-22	3.67e-16	1.77e-11	2.22e-06	3.76e-03	9.96e-01	0.00e+00	0.00e+00	0.00e+00	0.00e+00	0.00e+00	1.03e-78
 3.71538e+21	4.06e-29	9.17e-22	4.05e-16	1.89e-11	2.33e-06	3.87e-03	9.96e-01	0.00e+00	0.00e+00	0.00e+00	0.00e+00	0.00e+00	1.58e-78
 3.78612e+21	4.76e-29	1.04e-21	4.45e-16	2.01e-11	2.45e-06	3.97e-03	9.96e-01	0.00e+00	0.00e+00	0.00e+00	0.00e+00	0.00e+00	2.39e-78
 3.87808e+21	5.85e-29	1.23e-21	5.03e-16	2.18e-11	2.61e-06	4.11e-03	9.96e-01	0.00e+00	0.00e+00	0.00e+00	0.00e+00	0.00e+00	4.08e-78
 3.97730e+21	7.30e-29	1.46e-21	5.74e-16	2.37e-11	2.80e-06	4.27e-03	9.96e-01	0.00e+00	0.00e+00	0.00e+00	0.00e+00	0.00e+00	7.24e-78
 4.06498e+21	8.87e-29	1.71e-21	6.44e-16	2.56e-11	2.97e-06	4.42e-03	9.96e-01	0.00e+00	0.00e+00	0.00e+00	0.00e+00	0.00e+00	1.20e-77
 4.13944e+21	1.05e-28	1.95e-21	7.11e-16	2.73e-11	3.13e-06	4.54e-03	9.95e-01	0.00e+00	0.00e+00	0.00e+00	0.00e+00	0.00e+00	1.83e-77
 4.21766e+21	1.24e-28	2.24e-21	7.88e-16	2.93e-11	3.30e-06	4.67e-03	9.95e-01	0.00e+00	0.00e+00	0.00e+00	0.00e+00	0.00e+00	2.86e-77
 4.30537e+21	1.50e-28	2.61e-21	8.84e-16	3.16e-11	3.50e-06	4.83e-03	9.95e-01	0.00e+00	0.00e+00	0.00e+00	0.00e+00	0.00e+00	4.67e-77
 4.38785e+21	1.80e-28	3.01e-21	9.85e-16	3.39e-11	3.70e-06	4.97e-03	9.95e-01	0.00e+00	0.00e+00	0.00e+00	0.00e+00	0.00e+00	7.41e-77
 4.46458e+21	2.13e-28	3.45e-21	1.09e-15	3.63e-11	3.90e-06	5.11e-03	9.95e-01	0.00e+00	0.00e+00	0.00e+00	0.00e+00	0.00e+00	1.14e-76
 4.55142e+21	2.57e-28	4.00e-21	1.22e-15	3.91e-11	4.13e-06	5.27e-03	9.95e-01	0.00e+00	0.00e+00	0.00e+00	0.00e+00	0.00e+00	1.84e-76
 4.64765e+21	3.16e-28	4.73e-21	1.38e-15	4.25e-11	4.41e-06	5.46e-03	9.95e-01	0.00e+00	0.00e+00	0.00e+00	0.00e+00	0.00e+00	3.13e-76
 4.73561e+21	3.83e-28	5.52e-21	1.55e-15	4.59e-11	4.68e-06	5.63e-03	9.94e-01	0.00e+00	0.00e+00	0.00e+00	0.00e+00	0.00e+00	5.09e-76
 4.81162e+21	4.53e-28	6.31e-21	1.72e-15	4.91e-11	4.92e-06	5.79e-03	9.94e-01	0.00e+00	0.00e+00	0.00e+00	0.00e+00	0.00e+00	7.76e-76
 4.89258e+21	5.38e-28	7.25e-21	1.91e-15	5.27e-11	5.19e-06	5.95e-03	9.94e-01	0.00e+00	0.00e+00	0.00e+00	0.00e+00	0.00e+00	1.20e-75
 4.98379e+21	6.56e-28	8.50e-21	2.15e-15	5.71e-11	5.52e-06	6.15e-03	9.94e-01	0.00e+00	0.00e+00	0.00e+00	0.00e+00	0.00e+00	1.98e-75
 5.06910e+21	7.89e-28	9.86e-21	2.41e-15	6.16e-11	5.84e-06	6.33e-03	9.94e-01	0.00e+00	0.00e+00	0.00e+00	0.00e+00	0.00e+00	3.15e-75
 5.14732e+21	9.35e-28	1.13e-20	2.67e-15	6.60e-11	6.16e-06	6.51e-03	9.93e-01	0.00e+00	0.00e+00	0.00e+00	0.00e+00	0.00e+00	4.82e-75
 5.23556e+21	1.13e-27	1.32e-20	3.00e-15	7.14e-11	6.53e-06	6.71e-03	9.93e-01	0.00e+00	0.00e+00	0.00e+00	0.00e+00	0.00e+00	7.76e-75
 5.33337e+21	1.40e-27	1.57e-20	3.42e-15	7.80e-11	6.97e-06	6.94e-03	9.93e-01	0.00e+00	0.00e+00	0.00e+00	0.00e+00	0.00e+00	1.32e-74
 5.42295e+21	1.70e-27	1.83e-20	3.86e-15	8.46e-11	7.40e-06	7.16e-03	9.93e-01	0.00e+00	0.00e+00	0.00e+00	0.00e+00	0.00e+00	2.14e-74
 5.50512e+21	2.04e-27	2.12e-20	4.31e-15	9.11e-11	7.81e-06	7.36e-03	9.93e-01	0.00e+00	0.00e+00	0.00e+00	0.00e+00	0.00e+00	3.34e-74
 5.58603e+21	2.43e-27	2.45e-20	4.80e-15	9.81e-11	8.25e-06	7.57e-03	9.92e-01	0.00e+00	0.00e+00	0.00e+00	0.00e+00	0.00e+00	5.17e-74
 5.67895e+21	2.98e-27	2.88e-20	5.45e-15	1.07e-10	8.77e-06	7.81e-03	9.92e-01	0.00e+00	0.00e+00	0.00e+00	0.00e+00	0.00e+00	8.52e-74
 5.77947e+21	3.72e-27	3.45e-20	6.25e-15	1.17e-10	9.38e-06	8.08e-03	9.92e-01	0.00e+00	0.00e+00	0.00e+00	0.00e+00	0.00e+00	1.47e-73
 5.86644e+21	4.51e-27	4.03e-20	7.04e-15	1.27e-10	9.94e-06	8.33e-03	9.92e-01	0.00e+00	0.00e+00	0.00e+00	0.00e+00	0.00e+00	2.35e-73
 5.94317e+21	5.34e-27	4.63e-20	7.82e-15	1.37e-10	1.05e-05	8.55e-03	9.91e-01	0.00e+00	0.00e+00	0.00e+00	0.00e+00	0.00e+00	3.55e-73
 6.03005e+21	6.48e-27	5.41e-20	8.82e-15	1.48e-10	1.11e-05	8.80e-03	9.91e-01	0.00e+00	0.00e+00	0.00e+00	0.00e+00	0.00e+00	5.66e-73
 6.14298e+21	8.32e-27	6.64e-20	1.03e-14	1.65e-10	1.20e-05	9.14e-03	9.91e-01	0.00e+00	0.00e+00	0.00e+00	0.00e+00	0.00e+00	1.04e-72
 6.25595e+21	1.07e-26	8.16e-20	1.21e-14	1.84e-10	1.29e-05	9.50e-03	9.90e-01	0.00e+00	0.00e+00	0.00e+00	0.00e+00	0.00e+00	1.91e-72
 6.34257e+21	1.31e-26	9.62e-20	1.37e-14	2.01e-10	1.37e-05	9.79e-03	9.90e-01	0.00e+00	0.00e+00	0.00e+00	0.00e+00	0.00e+00	3.10e-72
 6.42880e+21	1.58e-26	1.12e-19	1.54e-14	2.18e-10	1.45e-05	1.01e-02	9.90e-01	0.00e+00	0.00e+00	0.00e+00	0.00e+00	0.00e+00	4.85e-72
 6.54091e+21	2.04e-26	1.38e-19	1.81e-14	2.43e-10	1.56e-05	1.05e-02	9.90e-01	0.00e+00	0.00e+00	0.00e+00	0.00e+00	0.00e+00	8.85e-72
 6.65579e+21	2.65e-26	1.70e-19	2.13e-14	2.72e-10	1.69e-05	1.09e-02	9.89e-01	0.00e+00	0.00e+00	0.00e+00	0.00e+00	0.00e+00	1.65e-71
 6.74849e+21	3.27e-26	2.02e-19	2.43e-14	2.98e-10	1.80e-05	1.12e-02	9.89e-01	0.00e+00	0.00e+00	0.00e+00	0.00e+00	0.00e+00	2.71e-71
 6.84321e+21	4.04e-26	2.41e-19	2.79e-14	3.28e-10	1.92e-05	1.16e-02	9.88e-01	0.00e+00	0.00e+00	0.00e+00	0.00e+00	0.00e+00	4.49e-71
 6.96635e+21	5.34e-26	3.03e-19	3.32e-14	3.70e-10	2.08e-05	1.21e-02	9.88e-01	0.00e+00	0.00e+00	0.00e+00	0.00e+00	0.00e+00	8.63e-71
 7.09112e+21	7.09e-26	3.82e-19	3.98e-14	4.20e-10	2.26e-05	1.26e-02	9.87e-01	0.00e+00	0.00e+00	0.00e+00	0.00e+00	0.00e+00	1.67e-70
 7.18955e+21	8.85e-26	4.58e-19	4.59e-14	4.63e-10	2.42e-05	1.30e-02	9.87e-01	0.00e+00	0.00e+00	0.00e+00	0.00e+00	0.00e+00	2.81e-70
 7.28903e+21	1.11e-25	5.50e-19	5.28e-14	5.11e-10	2.58e-05	1.34e-02	9.87e-01	0.00e+00	0.00e+00	0.00e+00	0.00e+00	0.00e+00	4.72e-70
 7.41835e+21	1.47e-25	6.96e-19	6.35e-14	5.81e-10	2.81e-05	1.40e-02	9.86e-01	0.00e+00	0.00e+00	0.00e+00	0.00e+00	0.00e+00	9.21e-70
 7.55267e+21	1.98e-25	8.89e-19	7.68e-14	6.64e-10	3.07e-05	1.46e-02	9.85e-01	0.00e+00	0.00e+00	0.00e+00	0.00e+00	0.00e+00	1.83e-69
 7.65868e+21	2.50e-25	1.08e-18	8.92e-14	7.38e-10	3.28e-05	1.51e-02	9.85e-01	0.00e+00	0.00e+00	0.00e+00	0.00e+00	0.00e+00	3.14e-69
 7.74606e+21	3.02e-25	1.26e-18	1.01e-13	8.03e-10	3.47e-05	1.55e-02	9.84e-01	0.00e+00	0.00e+00	0.00e+00	0.00e+00	0.00e+00	4.86e-69
 7.84398e+21	3.72e-25	1.49e-18	1.15e-13	8.83e-10	3.70e-05	1.60e-02	9.84e-01	0.00e+00	0.00e+00	0.00e+00	0.00e+00	0.00e+00	7.86e-69
 7.97129e+21	4.87e-25	1.86e-18	1.37e-13	9.97e-10	4.00e-05	1.66e-02	9.83e-01	0.00e+00	0.00e+00	0.00e+00	0.00e+00	0.00e+00	1.45e-68
 8.10366e+21	6.40e-25	2.34e-18	1.64e-13	1.13e-09	4.34e-05	1.73e-02	9.83e-01	0.00e+00	0.00e+00	0.00e+00	0.00e+00	0.00e+00	2.73e-68
 8.21402e+21	8.03e-25	2.82e-18	1.90e-13	1.25e-09	4.65e-05	1.79e-02	9.82e-01	0.00e+00	0.00e+00	0.00e+00	0.00e+00	0.00e+00	4.59e-68
 8.32889e+21	1.01e-24	3.40e-18	2.20e-13	1.39e-09	4.97e-05	1.85e-02	9.81e-01	0.00e+00	0.00e+00	0.00e+00	0.00e+00	0.00e+00	7.73e-68
 8.47821e+21	1.35e-24	4.33e-18	2.66e-13	1.59e-09	5.43e-05	1.93e-02	9.81e-01	0.00e+00	0.00e+00	0.00e+00	0.00e+00	0.00e+00	1.51e-67
 8.63038e+21	1.80e-24	5.51e-18	3.21e-13	1.82e-09	5.92e-05	2.02e-02	9.80e-01	0.00e+00	0.00e+00	0.00e+00	0.00e+00	0.00e+00	2.93e-67
 8.75317e+21	2.27e-24	6.67e-18	3.73e-13	2.02e-09	6.35e-05	2.09e-02	9.79e-01	0.00e+00	0.00e+00	0.00e+00	0.00e+00	0.00e+00	4.94e-67
 8.87972e+21	2.85e-24	8.07e-18	4.34e-13	2.25e-09	6.81e-05	2.16e-02	9.78e-01	0.00e+00	0.00e+00	0.00e+00	0.00e+00	0.00e+00	8.34e-67
 9.04425e+21	3.81e-24	1.03e-17	5.26e-13	2.58e-09	7.44e-05	2.26e-02	9.77e-01	0.00e+00	0.00e+00	0.00e+00	0.00e+00	0.00e+00	1.62e-66
 9.21427e+21	5.11e-24	1.31e-17	6.38e-13	2.96e-09	8.14e-05	2.36e-02	9.76e-01	0.00e+00	0.00e+00	0.00e+00	0.00e+00	0.00e+00	3.16e-66
 9.34864e+21	6.40e-24	1.59e-17	7.41e-13	3.29e-09	8.72e-05	2.44e-02	9.76e-01	0.00e+00	0.00e+00	0.00e+00	0.00e+00	0.00e+00	5.29e-66
 9.45995e+21	7.68e-24	1.85e-17	8.36e-13	3.59e-09	9.22e-05	2.51e-02	9.75e-01	0.00e+00	0.00e+00	0.00e+00	0.00e+00	0.00e+00	8.02e-66
 9.58409e+21	9.37e-24	2.18e-17	9.54e-13	3.95e-09	9.81e-05	2.58e-02	9.74e-01	0.00e+00	0.00e+00	0.00e+00	0.00e+00	0.00e+00	1.26e-65
 9.74546e+21	1.20e-23	2.69e-17	1.13e-12	4.45e-09	1.06e-04	2.68e-02	9.73e-01	0.00e+00	0.00e+00	0.00e+00	0.00e+00	0.00e+00	2.24e-65
 9.91374e+21	1.56e-23	3.34e-17	1.34e-12	5.03e-09	1.15e-04	2.79e-02	9.72e-01	0.00e+00	0.00e+00	0.00e+00	0.00e+00	0.00e+00	4.02e-65
 1.00549e+22	1.92e-23	3.99e-17	1.54e-12	5.57e-09	1.23e-04	2.88e-02	9.71e-01	0.00e+00	0.00e+00	0.00e+00	0.00e+00	0.00e+00	6.48e-65
 1.02023e+22	2.37e-23	4.77e-17	1.78e-12	6.17e-09	1.31e-04	2.98e-02	9.70e-01	0.00e+00	0.00e+00	0.00e+00	4.74e-17	3.49e-19	1.05e-64
 1.03939e+22	3.10e-23	5.99e-17	2.13e-12	7.03e-09	1.43e-04	3.10e-02	9.69e-01	0.00e+00	0.00e+00	0.00e+00	5.95e-17	4.38e-19	1.94e-64
 1.05892e+22	4.05e-23	7.51e-17	2.55e-12	8.01e-09	1.55e-04	3.23e-02	9.67e-01	0.00e+00	0.00e+00	0.00e+00	7.46e-17	5.50e-19	3.58e-64
 1.07468e+22	4.99e-23	8.98e-17	2.94e-12	8.87e-09	1.66e-04	3.34e-02	9.66e-01	0.00e+00	0.00e+00	0.00e+00	8.91e-17	6.57e-19	5.78e-64
 1.08828e+22	5.98e-23	1.05e-16	3.33e-12	9.70e-09	1.76e-04	3.44e-02	9.65e-01	0.00e+00	0.00e+00	0.00e+00	1.04e-16	7.67e-19	8.73e-64
 1.10330e+22	7.19e-23	1.23e-16	3.78e-12	1.06e-08	1.87e-04	3.54e-02	9.64e-01	0.00e+00	0.00e+00	0.00e+00	1.22e-16	8.98e-19	1.33e-63
 1.12281e+22	9.13e-23	1.50e-16	4.45e-12	1.20e-08	2.02e-04	3.68e-02	9.63e-01	0.00e+00	0.00e+00	0.00e+00	1.49e-16	1.10e-18	2.31e-63
 1.14275e+22	1.16e-22	1.85e-16	5.25e-12	1.35e-08	2.18e-04	3.82e-02	9.62e-01	0.00e+00	0.00e+00	0.00e+00	1.83e-16	1.35e-18	4.00e-63
 1.15888e+22	1.41e-22	2.18e-16	6.00e-12	1.49e-08	2.33e-04	3.94e-02	9.60e-01	0.00e+00	0.00e+00	0.00e+00	2.17e-16	1.60e-18	6.21e-63
 1.17549e+22	1.67e-22	2.54e-16	6.77e-12	1.62e-08	2.47e-04	4.05e-02	9.59e-01	0.00e+00	0.00e+00	0.00e+00	2.52e-16	1.86e-18	9.34e-63
 1.19708e+22	2.13e-22	3.14e-16	8.02e-12	1.84e-08	2.67e-04	4.21e-02	9.58e-01	0.00e+00	0.00e+00	0.00e+00	3.11e-16	2.30e-18	1.63e-62
 1.21930e+22	2.70e-22	3.86e-16	9.48e-12	2.07e-08	2.89e-04	4.38e-02	9.56e-01	0.00e+00	0.00e+00	0.00e+00	3.83e-16	2.83e-18	2.83e-62
 1.23773e+22	3.28e-22	4.58e-16	1.09e-11	2.29e-08	3.09e-04	4.52e-02	9.55e-01	0.00e+00	0.00e+00	0.00e+00	4.55e-16	3.36e-18	4.44e-62
 1.25707e+22	3.96e-22	5.41e-16	1.24e-11	2.53e-08	3.29e-04	4.66e-02	9.53e-01	0.00e+00	0.00e+00	0.00e+00	5.37e-16	3.96e-18	6.91e-62
 1.28221e+22	5.05e-22	6.71e-16	1.48e-11	2.87e-08	3.58e-04	4.85e-02	9.51e-01	0.00e+00	0.00e+00	0.00e+00	6.66e-16	4.91e-18	1.22e-61
 1.30814e+22	6.43e-22	8.35e-16	1.76e-11	3.27e-08	3.89e-04	5.05e-02	9.49e-01	0.00e+00	0.00e+00	0.00e+00	8.28e-16	6.10e-18	2.16e-61
 1.32851e+22	7.71e-22	9.86e-16	2.02e-11	3.60e-08	4.15e-04	5.21e-02	9.47e-01	0.00e+00	0.00e+00	0.00e+00	9.78e-16	7.21e-18	3.33e-61
 1.34842e+22	9.18e-22	1.15e-15	2.29e-11	3.96e-08	4.41e-04	5.37e-02	9.46e-01	0.00e+00	0.00e+00	0.00e+00	1.15e-15	8.44e-18	5.03e-61
 1.37430e+22	1.14e-21	1.41e-15	2.69e-11	4.46e-08	4.77e-04	5.57e-02	9.44e-01	0.00e+00	0.00e+00	0.00e+00	1.40e-15	1.03e-17	8.48e-61
 1.40137e+22	1.42e-21	1.73e-15	3.18e-11	5.03e-08	5.16e-04	5.79e-02	9.42e-01	0.00e+00	0.00e+00	0.00e+00	1.72e-15	1.26e-17	1.44e-60
 1.42438e+22	1.70e-21	2.05e-15	3.64e-11	5.57e-08	5.51e-04	5.98e-02	9.40e-01	0.00e+00	0.00e+00	0.00e+00	2.04e-15	1.50e-17	2.23e-60
 1.44866e+22	2.05e-21	2.44e-15	4.19e-11	6.18e-08	5.90e-04	6.18e-02	9.38e-01	0.00e+00	0.00e+00	0.00e+00	2.42e-15	1.78e-17	3.50e-60
 1.48023e+22	2.58e-21	3.04e-15	5.00e-11	7.04e-08	6.43e-04	6.44e-02	9.35e-01	0.00e+00	0.00e+00	0.00e+00	3.02e-15	2.21e-17	6.15e-60
 1.51307e+22	3.25e-21	3.80e-15	6.00e-11	8.05e-08	7.01e-04	6.71e-02	9.32e-01	0.00e+00	0.00e+00	0.00e+00	3.77e-15	2.76e-17	1.09e-59
 1.54081e+22	3.90e-21	4.57e-15	6.96e-11	8.99e-08	7.54e-04	6.95e-02	9.30e-01	0.00e+00	0.00e+00	0.00e+00	4.54e-15	3.32e-17	1.73e-59
 1.57015e+22	4.72e-21	5.52e-15	8.11e-11	1.01e-07	8.12e-04	7.20e-02	9.27e-01	0.00e+00	0.00e+00	0.00e+00	5.48e-15	4.00e-17	2.79e-59
 1.60215e+22	5.76e-21	6.75e-15	9.55e-11	1.14e-07	8.79e-04	7.48e-02	9.24e-01	0.00e+00	0.00e+00	0.00e+00	6.70e-15	4.90e-17	4.63e-59
 1.63113e+22	6.86e-21	8.09e-15	1.10e-10	1.27e-07	9.43e-04	7.73e-02	9.22e-01	0.00e+00	0.00e+00	0.00e+00	8.03e-15	5.86e-17	7.26e-59
 1.66231e+22	8.22e-21	9.75e-15	1.29e-10	1.42e-07	1.02e-03	8.01e-02	9.19e-01	0.00e+00	0.00e+00	0.00e+00	9.68e-15	7.05e-17	1.16e-58
 1.69751e+22	9.95e-21	1.20e-14	1.52e-10	1.60e-07	1.10e-03	8.32e-02	9.16e-01	0.00e+00	0.00e+00	0.00e+00	1.19e-14	8.65e-17	1.92e-58
 1.72984e+22	1.18e-20	1.44e-14	1.77e-10	1.79e-07	1.18e-03	8.62e-02	9.13e-01	0.00e+00	0.00e+00	0.00e+00	1.43e-14	1.04e-16	3.02e-58
 1.75853e+22	1.36e-20	1.69e-14	2.01e-10	1.97e-07	1.26e-03	8.88e-02	9.10e-01	0.00e+00	0.00e+00	0.00e+00	1.68e-14	1.22e-16	4.47e-58
 1.79058e+22	1.60e-20	2.03e-14	2.33e-10	2.20e-07	1.35e-03	9.18e-02	9.07e-01	0.00e+00	0.00e+00	0.00e+00	2.01e-14	1.46e-16	6.90e-58
 1.83225e+22	1.94e-20	2.52e-14	2.77e-10	2.51e-07	1.48e-03	9.56e-02	9.03e-01	0.00e+00	0.00e+00	0.00e+00	2.50e-14	1.81e-16	1.17e-57
 1.87454e+22	2.35e-20	3.16e-14	3.33e-10	2.87e-07	1.62e-03	9.97e-02	8.99e-01	0.00e+00	0.00e+00	0.00e+00	3.13e-14	2.26e-16	2.00e-57
 1.90812e+22	2.72e-20	3.77e-14	3.85e-10	3.20e-07	1.73e-03	1.03e-01	8.95e-01	0.00e+00	0.00e+00	0.00e+00	3.75e-14	2.70e-16	3.03e-57
 1.94224e+22	3.15e-20	4.49e-14	4.43e-10	3.56e-07	1.86e-03	1.06e-01	8.92e-01	0.00e+00	0.00e+00	0.00e+00	4.45e-14	3.21e-16	4.56e-57
 1.98659e+22	3.75e-20	5.56e-14	5.28e-10	4.05e-07	2.02e-03	1.11e-01	8.87e-01	0.00e+00	0.00e+00	0.00e+00	5.52e-14	3.96e-16	7.57e-57
 2.03289e+22	4.49e-20	7.01e-14	6.38e-10	4.66e-07	2.22e-03	1.16e-01	8.82e-01	0.00e+00	0.00e+00	0.00e+00	6.96e-14	4.99e-16	1.29e-56
 2.07142e+22	5.17e-20	8.44e-14	7.42e-10	5.22e-07	2.39e-03	1.20e-01	8.78e-01	0.00e+00	0.00e+00	0.00e+00	8.38e-14	6.00e-16	1.97e-56
 2.11123e+22	5.98e-20	1.02e-13	8.64e-10	5.85e-07	2.57e-03	1.24e-01	8.74e-01	0.00e+00	0.00e+00	0.00e+00	1.01e-13	7.22e-16	3.02e-56
 2.16298e+22	7.14e-20	1.29e-13	1.05e-09	6.75e-07	2.83e-03	1.29e-01	8.68e-01	0.00e+00	0.00e+00	0.00e+00	1.28e-13	9.11e-16	5.16e-56
 2.21274e+22	8.31e-20	1.62e-13	1.26e-09	7.75e-07	3.09e-03	1.35e-01	8.62e-01	0.00e+00	0.00e+00	0.00e+00	1.60e-13	1.14e-15	8.51e-56
 2.24851e+22	9.30e-20	1.90e-13	1.44e-09	8.55e-07	3.30e-03	1.39e-01	8.58e-01	0.00e+00	0.00e+00	0.00e+00	1.88e-13	1.34e-15	1.22e-55
 2.28361e+22	1.04e-19	2.21e-13	1.63e-09	9.38e-07	3.50e-03	1.43e-01	8.54e-01	0.00e+00	0.00e+00	0.00e+00	2.19e-13	1.55e-15	1.70e-55
 2.32924e+22	1.19e-19	2.69e-13	1.91e-09	1.06e-06	3.79e-03	1.48e-01	8.48e-01	0.00e+00	0.00e+00	0.00e+00	2.67e-13	1.89e-15	2.64e-55
 2.37825e+22	1.37e-19	3.31e-13	2.27e-09	1.20e-06	4.12e-03	1.54e-01	8.42e-01	0.00e+00	0.00e+00	0.00e+00	3.29e-13	2.32e-15	4.17e-55
 2.42140e+22	1.53e-19	3.96e-13	2.63e-09	1.35e-06	4.43e-03	1.59e-01	8.37e-01	0.00e+00	0.00e+00	0.00e+00	3.94e-13	2.77e-15	6.15e-55
 2.46721e+22	1.73e-19	4.78e-13	3.07e-09	1.51e-06	4.78e-03	1.64e-01	8.31e-01	0.00e+00	0.00e+00	0.00e+00	4.75e-13	3.34e-15	9.29e-55
 2.51880e+22	1.98e-19	5.89e-13	3.64e-09	1.72e-06	5.20e-03	1.70e-01	8.25e-01	0.00e+00	0.00e+00	0.00e+00	5.85e-13	4.10e-15	1.46e-54
 2.56752e+22	2.22e-19	7.15e-13	4.27e-09	1.94e-06	5.62e-03	1.76e-01	8.18e-01	0.00e+00	0.00e+00	0.00e+00	7.10e-13	4.97e-15	2.21e-54
 2.61329e+22	2.46e-19	8.55e-13	4.95e-09	2.17e-06	6.05e-03	1.82e-01	8.12e-01	0.00e+00	0.00e+00	0.00e+00	8.49e-13	5.93e-15	3.24e-54
 2.66559e+22	2.79e-19	1.04e-12	5.84e-09	2.45e-06	6.56e-03	1.89e-01	8.05e-01	0.00e+00	0.00e+00	0.00e+00	1.04e-12	7.23e-15	4.99e-54
 2.72430e+22	3.17e-19	1.30e-12	7.03e-09	2.82e-06	7.18e-03	1.96e-01	7.97e-01	0.00e+00	0.00e+00	0.00e+00	1.30e-12	9.01e-15	8.01e-54
 2.77934e+22	3.54e-19	1.60e-12	8.33e-09	3.21e-06	7.81e-03	2.03e-01	7.89e-01	0.00e+00	0.00e+00	0.00e+00	1.59e-12	1.10e-14	1.24e-53
 2.83058e+22	3.91e-19	1.93e-12	9.74e-09	3.61e-06	8.43e-03	2.10e-01	7.81e-01	0.00e+00	0.00e+00	0.00e+00	1.92e-12	1.33e-14	1.84e-53
 2.88891e+22	4.38e-19	2.38e-12	1.16e-08	4.12e-06	9.18e-03	2.18e-01	7.73e-01	0.00e+00	0.00e+00	0.00e+00	2.36e-12	1.64e-14	2.86e-53
 2.95405e+22	4.90e-19	2.99e-12	1.41e-08	4.77e-06	1.01e-02	2.27e-01	7.63e-01	0.00e+00	0.00e+00	0.00e+00	2.97e-12	2.06e-14	4.64e-53
 3.01473e+22	5.43e-19	3.70e-12	1.68e-08	5.47e-06	1.10e-02	2.35e-01	7.54e-01	0.00e+00	0.00e+00	0.00e+00	3.68e-12	2.54e-14	7.23e-53
 3.07108e+22	5.92e-19	4.47e-12	1.97e-08	6.17e-06	1.19e-02	2.43e-01	7.45e-01	0.00e+00	0.00e+00	0.00e+00	4.44e-12	3.07e-14	1.08e-52
 3.13511e+22	6.55e-19	5.52e-12	2.36e-08	7.07e-06	1.30e-02	2.52e-01	7.35e-01	0.00e+00	0.00e+00	0.00e+00	5.49e-12	3.78e-14	1.69e-52
 3.20365e+22	7.21e-19	6.91e-12	2.85e-08	8.18e-06	1.43e-02	2.62e-01	7.24e-01	0.00e+00	0.00e+00	0.00e+00	6.86e-12	4.73e-14	2.70e-52
 3.26347e+22	7.79e-19	8.36e-12	3.35e-08	9.26e-06	1.55e-02	2.70e-01	7.14e-01	0.00e+00	0.00e+00	0.00e+00	8.30e-12	5.72e-14	4.03e-52
 3.32662e+22	8.54e-19	1.02e-11	3.96e-08	1.05e-05	1.68e-02	2.79e-01	7.04e-01	0.00e+00	0.00e+00	0.00e+00	1.01e-11	6.93e-14	6.08e-52
 3.40871e+22	9.43e-19	1.30e-11	4.90e-08	1.24e-05	1.87e-02	2.91e-01	6.90e-01	0.00e+00	0.00e+00	0.00e+00	1.29e-11	8.86e-14	1.02e-51
 3.49154e+22	1.03e-18	1.66e-11	6.05e-08	1.46e-05	2.07e-02	3.03e-01	6.76e-01	0.00e+00	0.00e+00	0.00e+00	1.65e-11	1.13e-13	1.71e-51
 3.55521e+22	1.10e-18	2.00e-11	7.09e-08	1.65e-05	2.24e-02	3.12e-01	6.65e-01	0.00e+00	0.00e+00	0.00e+00	1.98e-11	1.36e-13	2.51e-51
 3.61787e+22	1.17e-18	2.37e-11	8.25e-08	1.86e-05	2.41e-02	3.21e-01	6.54e-01	0.00e+00	0.00e+00	0.00e+00	2.36e-11	1.62e-13	3.61e-51
 3.69933e+22	1.28e-18	2.95e-11	9.99e-08	2.16e-05	2.65e-02	3.33e-01	6.40e-01	0.00e+00	0.00e+00	0.00e+00	2.93e-11	2.01e-13	5.71e-51
 3.78425e+22	1.38e-18	3.70e-11	1.21e-07	2.52e-05	2.93e-02	3.45e-01	6.26e-01	0.00e+00	0.00e+00	0.00e+00	3.67e-11	2.51e-13	9.11e-51
 3.85520e+22	1.46e-18	4.43e-11	1.42e-07	2.85e-05	3.17e-02	3.55e-01	6.13e-01	0.00e+00	0.00e+00	0.00e+00	4.40e-11	3.01e-13	1.33e-50
 3.92897e+22	1.57e-18	5.30e-11	1.67e-07	3.23e-05	3.43e-02	3.65e-01	6.00e-01	0.00e+00	0.00e+00	0.00e+00	5.27e-11	3.60e-13	1.93e-50
 4.02487e+22	1.71e-18	6.64e-11	2.04e-07	3.79e-05	3.79e-02	3.78e-01	5.84e-01	0.00e+00	0.00e+00	0.00e+00	6.60e-11	4.50e-13	3.09e-50
 4.12316e+22	1.84e-18	8.33e-11	2.50e-07	4.45e-05	4.19e-02	3.91e-01	5.67e-01	0.00e+00	0.00e+00	0.00e+00	8.28e-11	5.64e-13	4.93e-50
 4.20296e+22	1.96e-18	9.94e-11	2.93e-07	5.05e-05	4.53e-02	4.02e-01	5.53e-01	0.00e+00	0.00e+00	0.00e+00	9.88e-11	6.73e-13	7.11e-50
 4.28514e+22	2.10e-18	1.18e-10	3.42e-07	5.72e-05	4.91e-02	4.12e-01	5.39e-01	0.00e+00	0.00e+00	0.00e+00	1.17e-10	7.99e-13	1.02e-49
 4.39197e+22	2.31e-18	1.47e-10	4.16e-07	6.69e-05	5.41e-02	4.25e-01	5.21e-01	0.00e+00	0.00e+00	0.00e+00	1.46e-10	9.90e-13	1.59e-49
 4.50434e+22	2.51e-18	1.83e-10	5.09e-07	7.86e-05	5.99e-02	4.38e-01	5.02e-01	0.00e+00	0.00e+00	0.00e+00	1.82e-10	1.24e-12	2.50e-49
 4.60017e+22	2.71e-18	2.20e-10	6.01e-07	8.98e-05	6.50e-02	4.49e-01	4.86e-01	0.00e+00	0.00e+00	0.00e+00	2.19e-10	1.48e-12	3.63e-49
 4.68097e+22	2.88e-18	2.55e-10	6.87e-07	1.00e-04	6.96e-02	4.57e-01	4.73e-01	0.00e+00	0.00e+00	0.00e+00	2.53e-10	1.72e-12	4.92e-49
 4.76598e+22	3.10e-18	2.96e-10	7.88e-07	1.12e-04	7.45e-02	4.66e-01	4.60e-01	0.00e+00	0.00e+00	0.00e+00	2.94e-10	1.99e-12	6.68e-49
 4.87648e+22	3.41e-18	3.56e-10	9.34e-07	1.28e-04	8.12e-02	4.76e-01	4.42e-01	0.00e+00	0.00e+00	0.00e+00	3.54e-10	2.39e-12	9.77e-49
 4.99151e+22	3.72e-18	4.31e-10	1.11e-06	1.48e-04	8.86e-02	4.87e-01	4.25e-01	0.00e+00	0.00e+00	0.00e+00	4.28e-10	2.88e-12	1.44e-48
 5.08760e+22	4.00e-18	5.01e-10	1.28e-06	1.66e-04	9.50e-02	4.95e-01	4.10e-01	0.00e+00	0.00e+00	0.00e+00	4.98e-10	3.35e-12	1.97e-48
 5.17425e+22	4.28e-18	5.72e-10	1.45e-06	1.83e-04	1.01e-01	5.02e-01	3.97e-01	0.00e+00	0.00e+00	0.00e+00	5.68e-10	3.82e-12	2.59e-48
 5.27347e+22	4.66e-18	6.61e-10	1.65e-06	2.05e-04	1.08e-01	5.09e-01	3.83e-01	0.00e+00	0.00e+00	0.00e+00	6.57e-10	4.40e-12	3.49e-48
 5.40245e+22	5.19e-18	7.92e-10	1.96e-06	2.35e-04	1.18e-01	5.17e-01	3.65e-01	0.00e+00	0.00e+00	0.00e+00	7.87e-10	5.26e-12	5.06e-48
 5.53388e+22	5.70e-18	9.50e-10	2.32e-06	2.70e-04	1.28e-01	5.25e-01	3.47e-01	0.00e+00	0.00e+00	0.00e+00	9.44e-10	6.29e-12	7.37e-48
 5.63910e+22	6.14e-18	1.09e-09	2.64e-06	3.01e-04	1.36e-01	5.31e-01	3.32e-01	0.00e+00	0.00e+00	0.00e+00	1.08e-09	7.22e-12	9.80e-48
 5.74652e+22	6.70e-18	1.25e-09	2.99e-06	3.33e-04	1.45e-01	5.36e-01	3.19e-01	0.00e+00	0.00e+00	0.00e+00	1.24e-09	8.23e-12	1.30e-47
 5.88617e+22	7.48e-18	1.48e-09	3.50e-06	3.79e-04	1.57e-01	5.41e-01	3.01e-01	0.00e+00	0.00e+00	0.00e+00	1.47e-09	9.70e-12	1.85e-47
 6.03306e+22	8.31e-18	1.76e-09	4.13e-06	4.35e-04	1.70e-01	5.46e-01	2.84e-01	0.00e+00	0.00e+00	0.00e+00	1.75e-09	1.15e-11	2.67e-47
 6.15718e+22	9.05e-18	2.02e-09	4.71e-06	4.85e-04	1.82e-01	5.49e-01	2.69e-01	0.00e+00	0.00e+00	0.00e+00	2.01e-09	1.32e-11	3.60e-47
 6.28633e+22	9.99e-18	2.32e-09	5.37e-06	5.40e-04	1.94e-01	5.51e-01	2.55e-01	0.00e+00	0.00e+00	0.00e+00	2.31e-09	1.51e-11	4.82e-47
 6.45423e+22	1.13e-17	2.76e-09	6.32e-06	6.19e-04	2.10e-01	5.52e-01	2.37e-01	0.00e+00	0.00e+00	0.00e+00	2.74e-09	1.78e-11	6.97e-47
 6.62891e+22	1.27e-17	3.29e-09	7.47e-06	7.11e-04	2.27e-01	5.52e-01	2.19e-01	0.00e+00	0.00e+00	0.00e+00	3.27e-09	2.12e-11	1.02e-46
 6.77394e+22	1.40e-17	3.78e-09	8.55e-06	7.95e-04	2.43e-01	5.51e-01	2.05e-01	0.00e+00	0.00e+00	0.00e+00	3.76e-09	2.43e-11	1.37e-46
 6.92400e+22	1.56e-17	4.33e-09	9.72e-06	8.84e-04	2.58e-01	5.49e-01	1.92e-01	0.00e+00	0.00e+00	0.00e+00	4.30e-09	2.76e-11	1.85e-46
 7.11907e+22	1.79e-17	5.12e-09	1.14e-05	1.01e-03	2.78e-01	5.45e-01	1.76e-01	0.00e+00	0.00e+00	0.00e+00	5.09e-09	3.24e-11	2.67e-46
 7.32311e+22	2.04e-17	6.08e-09	1.35e-05	1.16e-03	3.01e-01	5.39e-01	1.59e-01	0.00e+00	0.00e+00	0.00e+00	6.04e-09	3.83e-11	3.91e-46
 7.49070e+22	2.27e-17	6.96e-09	1.54e-05	1.30e-03	3.20e-01	5.32e-01	1.47e-01	0.00e+00	0.00e+00	0.00e+00	6.92e-09	4.37e-11	5.30e-46
 7.63095e+22	2.47e-17	7.75e-09	1.71e-05	1.41e-03	3.35e-01	5.26e-01	1.37e-01	0.00e+00	0.00e+00	0.00e+00	7.70e-09	4.84e-11	6.76e-46
 7.78378e+22	2.74e-17	8.66e-09	1.90e-05	1.55e-03	3.52e-01	5.19e-01	1.27e-01	0.00e+00	0.00e+00	0.00e+00	8.61e-09	5.39e-11	8.70e-46
 7.98246e+22	3.12e-17	9.93e-09	2.18e-05	1.73e-03	3.74e-01	5.09e-01	1.15e-01	0.00e+00	0.00e+00	0.00e+00	9.87e-09	6.13e-11	1.19e-45
 8.18693e+22	3.54e-17	1.14e-08	2.50e-05	1.94e-03	3.98e-01	4.96e-01	1.04e-01	0.00e+00	0.00e+00	0.00e+00	1.13e-08	7.01e-11	1.65e-45
 8.35111e+22	3.90e-17	1.27e-08	2.78e-05	2.12e-03	4.17e-01	4.86e-01	9.51e-02	0.00e+00	0.00e+00	0.00e+00	1.26e-08	7.77e-11	2.14e-45
 8.51675e+22	4.32e-17	1.41e-08	3.08e-05	2.31e-03	4.35e-01	4.75e-01	8.75e-02	0.00e+00	0.00e+00	0.00e+00	1.40e-08	8.54e-11	2.72e-45
 8.73207e+22	4.94e-17	1.59e-08	3.49e-05	2.56e-03	4.59e-01	4.60e-01	7.83e-02	2.90e-17	1.59e-17	4.55e-18	1.58e-08	9.58e-11	3.68e-45
 8.96004e+22	5.65e-17	1.81e-08	3.98e-05	2.86e-03	4.84e-01	4.44e-01	6.92e-02	3.33e-17	1.80e-17	5.16e-18	1.80e-08	1.08e-10	5.09e-45
 9.15306e+22	6.32e-17	2.01e-08	4.43e-05	3.13e-03	5.05e-01	4.29e-01	6.22e-02	3.74e-17	2.01e-17	5.72e-18	2.00e-08	1.20e-10	6.66e-45
 9.35260e+22	7.10e-17	2.23e-08	4.92e-05	3.40e-03	5.26e-01	4.15e-01	5.60e-02	4.23e-17	2.24e-17	6.37e-18	2.21e-08	1.31e-10	8.66e-45
 9.61200e+22	8.25e-17	2.52e-08	5.59e-05	3.79e-03	5.52e-01	3.95e-01	4.89e-02	4.94e-17	2.57e-17	7.30e-18	2.50e-08	1.47e-10	1.20e-44
 9.88308e+22	9.62e-17	2.86e-08	6.39e-05	4.23e-03	5.80e-01	3.74e-01	4.19e-02	5.80e-17	2.98e-17	8.42e-18	2.84e-08	1.66e-10	1.70e-44
 1.01050e+23	1.09e-16	3.17e-08	7.10e-05	4.60e-03	6.02e-01	3.57e-01	3.70e-02	6.57e-17	3.34e-17	9.42e-18	3.15e-08	1.82e-10	2.26e-44
 1.03290e+23	1.23e-16	3.47e-08	7.83e-05	4.99e-03	6.22e-01	3.40e-01	3.27e-02	7.49e-17	3.75e-17	1.06e-17	3.45e-08	1.98e-10	2.95e-44
 1.05765e+23	1.41e-16	3.84e-08	8.73e-05	5.45e-03	6.44e-01	3.22e-01	2.85e-02	8.64e-17	4.27e-17	1.20e-17	3.82e-08	2.17e-10	4.00e-44
 1.07987e+23	1.60e-16	4.20e-08	9.61e-05	5.89e-03	6.63e-01	3.06e-01	2.51e-02	9.83e-17	4.81e-17	1.34e-17	4.18e-08	2.36e-10	5.29e-44
 1.09951e+23	1.78e-16	4.53e-08	1.04e-04	6.28e-03	6.79e-01	2.92e-01	2.25e-02	1.10e-16	5.31e-17	1.48e-17	4.51e-08	2.52e-10	6.71e-44
 1.12136e+23	2.00e-16	4.90e-08	1.13e-04	6.72e-03	6.95e-01	2.78e-01	2.00e-02	1.24e-16	5.92e-17	1.65e-17	4.87e-08	2.70e-10	8.61e-44
 1.14578e+23	2.29e-16	5.36e-08	1.25e-04	7.25e-03	7.13e-01	2.62e-01	1.74e-02	1.43e-16	6.72e-17	1.87e-17	5.33e-08	2.93e-10	1.16e-43
 1.16835e+23	2.60e-16	5.82e-08	1.36e-04	7.75e-03	7.29e-01	2.48e-01	1.54e-02	1.63e-16	7.57e-17	2.10e-17	5.79e-08	3.15e-10	1.53e-43
 1.18893e+23	2.91e-16	6.25e-08	1.47e-04	8.23e-03	7.42e-01	2.36e-01	1.37e-02	1.83e-16	8.42e-17	2.33e-17	6.22e-08	3.36e-10	1.96e-43
 1.21212e+23	3.29e-16	6.74e-08	1.59e-04	8.78e-03	7.56e-01	2.23e-01	1.21e-02	2.09e-16	9.45e-17	2.60e-17	6.70e-08	3.58e-10	2.56e-43
 1.24227e+23	3.87e-16	7.43e-08	1.77e-04	9.50e-03	7.72e-01	2.08e-01	1.04e-02	2.47e-16	1.10e-16	3.01e-17	7.39e-08	3.89e-10	3.63e-43
 1.27323e+23	4.61e-16	8.27e-08	1.98e-04	1.03e-02	7.89e-01	1.92e-01	8.75e-03	2.97e-16	1.29e-16	3.54e-17	8.22e-08	4.28e-10	5.38e-43
 1.29741e+23	5.36e-16	9.00e-08	2.16e-04	1.10e-02	8.01e-01	1.80e-01	7.62e-03	3.46e-16	1.49e-16	4.08e-17	8.95e-08	4.62e-10	7.42e-43
 1.31737e+23	6.00e-16	9.63e-08	2.32e-04	1.16e-02	8.10e-01	1.71e-01	6.87e-03	3.89e-16	1.66e-16	4.52e-17	9.58e-08	4.90e-10	9.56e-43
 1.33971e+23	6.82e-16	1.03e-07	2.50e-04	1.23e-02	8.19e-01	1.62e-01	6.14e-03	4.44e-16	1.87e-16	5.08e-17	1.03e-07	5.20e-10	1.25e-42
 1.36876e+23	8.04e-16	1.13e-07	2.75e-04	1.32e-02	8.30e-01	1.51e-01	5.33e-03	5.28e-16	2.18e-16	5.90e-17	1.13e-07	5.61e-10	1.77e-42
 1.40006e+23	9.75e-16	1.26e-07	3.06e-04	1.42e-02	8.41e-01	1.40e-01	4.52e-03	6.44e-16	2.61e-16	7.05e-17	1.25e-07	6.16e-10	2.68e-42
 1.42662e+23	1.16e-15	1.38e-07	3.37e-04	1.53e-02	8.50e-01	1.30e-01	3.92e-03	7.68e-16	3.07e-16	8.28e-17	1.38e-07	6.71e-10	3.88e-42
 1.44865e+23	1.34e-15	1.50e-07	3.65e-04	1.61e-02	8.56e-01	1.24e-01	3.51e-03	8.91e-16	3.52e-16	9.47e-17	1.49e-07	7.19e-10	5.25e-42
 1.47246e+23	1.56e-15	1.62e-07	3.95e-04	1.70e-02	8.62e-01	1.17e-01	3.14e-03	1.04e-15	4.05e-16	1.09e-16	1.62e-07	7.69e-10	7.14e-42
 1.50341e+23	1.88e-15	1.80e-07	4.39e-04	1.83e-02	8.70e-01	1.09e-01	2.73e-03	1.27e-15	4.84e-16	1.29e-16	1.79e-07	8.38e-10	1.06e-41
 1.53579e+23	2.39e-15	2.04e-07	4.95e-04	1.99e-02	8.77e-01	1.00e-01	2.32e-03	1.62e-15	6.07e-16	1.62e-16	2.03e-07	9.35e-10	1.70e-41
 1.56131e+23	2.89e-15	2.26e-07	5.47e-04	2.13e-02	8.82e-01	9.43e-02	2.04e-03	1.97e-15	7.29e-16	1.94e-16	2.25e-07	1.03e-09	2.52e-41
 1.58088e+23	3.35e-15	2.44e-07	5.90e-04	2.25e-02	8.85e-01	8.99e-02	1.86e-03	2.29e-15	8.37e-16	2.22e-16	2.42e-07	1.10e-09	3.36e-41
 1.60144e+23	3.92e-15	2.64e-07	6.38e-04	2.38e-02	8.88e-01	8.57e-02	1.69e-03	2.69e-15	9.71e-16	2.57e-16	2.63e-07	1.18e-09	4.53e-41
 1.62816e+23	4.80e-15	2.93e-07	7.07e-04	2.55e-02	8.92e-01	8.07e-02	1.50e-03	3.31e-15	1.17e-15	3.10e-16	2.92e-07	1.29e-09	6.66e-41
 1.65645e+23	6.04e-15	3.31e-07	7.95e-04	2.77e-02	8.95e-01	7.54e-02	1.31e-03	4.19e-15	1.46e-15	3.86e-16	3.30e-07	1.44e-09	1.04e-40
 1.67974e+23	7.44e-15	3.69e-07	8.82e-04	2.97e-02	8.97e-01	7.12e-02	1.18e-03	5.18e-15	1.79e-15	4.70e-16	3.67e-07	1.58e-09	1.53e-40
 1.69898e+23	8.82e-15	4.03e-07	9.61e-04	3.16e-02	8.98e-01	6.80e-02	1.07e-03	6.17e-15	2.10e-15	5.52e-16	4.01e-07	1.71e-09	2.11e-40
 1.72000e+23	1.06e-14	4.43e-07	1.05e-03	3.37e-02	8.99e-01	6.50e-02	9.86e-04	7.44e-15	2.50e-15	6.55e-16	4.41e-07	1.86e-09	2.93e-40
 1.74733e+23	1.35e-14	5.01e-07	1.19e-03	3.68e-02	9.00e-01	6.13e-02	8.80e-04	9.53e-15	3.14e-15	8.22e-16	4.99e-07	2.07e-09	4.51e-40
 1.77540e+23	1.79e-14	5.81e-07	1.37e-03	4.07e-02	9.00e-01	5.73e-02	7.73e-04	1.27e-14	4.14e-15	1.08e-15	5.78e-07	2.37e-09	7.51e-40
 1.79668e+23	2.26e-14	6.55e-07	1.54e-03	4.42e-02	8.99e-01	5.44e-02	7.00e-04	1.61e-14	5.18e-15	1.35e-15	6.53e-07	2.65e-09	1.14e-39
 1.81272e+23	2.74e-14	7.22e-07	1.69e-03	4.74e-02	8.98e-01	5.21e-02	6.47e-04	1.96e-14	6.24e-15	1.62e-15	7.19e-07	2.90e-09	1.58e-39
 1.82973e+23	3.30e-14	7.93e-07	1.85e-03	5.08e-02	8.97e-01	5.02e-02	6.02e-04	2.36e-14	7.44e-15	1.93e-15	7.90e-07	3.15e-09	2.16e-39
 1.84840e+23	4.13e-14	8.90e-07	2.07e-03	5.52e-02	8.94e-01	4.80e-02	5.54e-04	2.97e-14	9.25e-15	2.40e-15	8.86e-07	3.50e-09	3.15e-39
 1.86456e+23	5.08e-14	9.90e-07	2.29e-03	5.98e-02	8.91e-01	4.60e-02	5.12e-04	3.66e-14	1.13e-14	2.93e-15	9.86e-07	3.87e-09	4.49e-39
 1.87765e+23	6.08e-14	1.08e-06	2.50e-03	6.40e-02	8.89e-01	4.45e-02	4.81e-04	4.39e-14	1.35e-14	3.48e-15	1.08e-06	4.21e-09	6.06e-39
 1.89141e+23	7.34e-14	1.19e-06	2.74e-03	6.87e-02	8.85e-01	4.30e-02	4.53e-04	5.31e-14	1.61e-14	4.17e-15	1.18e-06	4.58e-09	8.16e-39
 1.90693e+23	9.10e-14	1.33e-06	3.05e-03	7.49e-02	8.80e-01	4.13e-02	4.20e-04	6.60e-14	1.99e-14	5.13e-15	1.32e-06	5.08e-09	1.17e-38
 1.92090e+23	1.11e-13	1.47e-06	3.39e-03	8.15e-02	8.75e-01	3.97e-02	3.92e-04	8.06e-14	2.41e-14	6.21e-15	1.47e-06	5.62e-09	1.66e-38
 1.93235e+23	1.38e-13	1.63e-06	3.73e-03	8.80e-02	8.70e-01	3.84e-02	3.70e-04	1.01e-13	2.99e-14	7.71e-15	1.62e-06	6.17e-09	2.28e-38
 1.94252e+23	1.61e-13	1.76e-06	4.04e-03	9.42e-02	8.64e-01	3.72e-02	3.51e-04	1.17e-13	3.46e-14	8.90e-15	1.76e-06	6.66e-09	2.99e-38
 1.95386e+23	2.01e-13	1.95e-06	4.45e-03	1.02e-01	8.57e-01	3.60e-02	3.32e-04	1.47e-13	4.30e-14	1.11e-14	1.94e-06	7.30e-09	4.09e-38
 1.96627e+23	2.55e-13	2.18e-06	4.98e-03	1.12e-01	8.48e-01	3.45e-02	3.09e-04	1.87e-13	5.43e-14	1.39e-14	2.17e-06	8.12e-09	5.94e-38
 1.97687e+23	3.21e-13	2.43e-06	5.54e-03	1.23e-01	8.38e-01	3.32e-02	2.90e-04	2.36e-13	6.81e-14	1.75e-14	2.42e-06	9.01e-09	8.47e-38
 1.98521e+23	3.75e-13	2.63e-06	6.02e-03	1.33e-01	8.29e-01	3.21e-02	2.74e-04	2.75e-13	7.92e-14	2.03e-14	2.63e-06	9.75e-09	1.12e-37
 1.99382e+23	4.72e-13	2.89e-06	6.60e-03	1.44e-01	8.19e-01	3.10e-02	2.61e-04	3.47e-13	9.92e-14	2.54e-14	2.88e-06	1.06e-08	1.52e-37
 2.00341e+23	6.00e-13	3.22e-06	7.35e-03	1.58e-01	8.05e-01	2.97e-02	2.44e-04	4.42e-13	1.26e-13	3.21e-14	3.20e-06	1.18e-08	2.18e-37
 2.01182e+23	7.64e-13	3.57e-06	8.16e-03	1.74e-01	7.89e-01	2.84e-02	2.28e-04	5.64e-13	1.59e-13	4.07e-14	3.55e-06	1.31e-08	3.11e-37
 2.01773e+23	9.19e-13	3.86e-06	8.84e-03	1.87e-01	7.76e-01	2.74e-02	2.16e-04	6.79e-13	1.91e-13	4.88e-14	3.85e-06	1.41e-08	4.12e-37
 2.02165e+23	1.06e-12	4.09e-06	9.35e-03	1.97e-01	7.67e-01	2.67e-02	2.08e-04	7.80e-13	2.19e-13	5.60e-14	4.07e-06	1.49e-08	4.99e-37
 2.02556e+23	1.20e-12	4.30e-06	9.84e-03	2.07e-01	7.57e-01	2.61e-02	2.01e-04	8.84e-13	2.48e-13	6.32e-14	4.28e-06	1.57e-08	5.94e-37
 2.03065e+23	1.41e-12	4.59e-06	1.05e-02	2.20e-01	7.44e-01	2.52e-02	1.92e-04	1.04e-12	2.91e-13	7.42e-14	4.57e-06	1.67e-08	7.52e-37
 2.03613e+23	1.72e-12	4.97e-06	1.14e-02	2.38e-01	7.26e-01	2.41e-02	1.81e-04	1.27e-12	3.54e-13	9.01e-14	4.95e-06	1.81e-08	1.00e-36
 2.04059e+23	2.09e-12	5.34e-06	1.23e-02	2.55e-01	7.09e-01	2.32e-02	1.71e-04	1.55e-12	4.29e-13	1.09e-13	5.32e-06	1.94e-08	1.31e-36
 2.04391e+23	2.34e-12	5.63e-06	1.29e-02	2.70e-01	6.95e-01	2.24e-02	1.64e-04	1.74e-12	4.81e-13	1.22e-13	5.61e-06	2.05e-08	1.60e-36
 2.04725e+23	2.77e-12	5.94e-06	1.37e-02	2.84e-01	6.81e-01	2.17e-02	1.57e-04	2.06e-12	5.68e-13	1.44e-13	5.92e-06	2.16e-08	1.95e-36
 2.05161e+23	3.36e-12	6.36e-06	1.46e-02	3.04e-01	6.61e-01	2.07e-02	1.48e-04	2.50e-12	6.86e-13	1.74e-13	6.34e-06	2.31e-08	2.54e-36
 2.05593e+23	4.22e-12	6.88e-06	1.59e-02	3.29e-01	6.35e-01	1.95e-02	1.37e-04	3.14e-12	8.61e-13	2.19e-13	6.86e-06	2.50e-08	3.47e-36
 2.05897e+23	5.06e-12	7.32e-06	1.69e-02	3.50e-01	6.14e-01	1.86e-02	1.29e-04	3.77e-12	1.03e-12	2.62e-13	7.29e-06	2.66e-08	4.45e-36
 2.06106e+23	5.71e-12	7.63e-06	1.76e-02	3.65e-01	5.99e-01	1.79e-02	1.24e-04	4.26e-12	1.16e-12	2.95e-13	7.60e-06	2.77e-08	5.27e-36
 2.06321e+23	6.32e-12	7.92e-06	1.83e-02	3.80e-01	5.84e-01	1.73e-02	1.18e-04	4.71e-12	1.28e-12	3.26e-13	7.89e-06	2.88e-08	6.20e-36
 2.06599e+23	7.38e-12	8.35e-06	1.93e-02	4.01e-01	5.63e-01	1.65e-02	1.11e-04	5.50e-12	1.50e-12	3.79e-13	8.32e-06	3.04e-08	7.72e-36
 2.06894e+23	9.11e-12	8.87e-06	2.05e-02	4.27e-01	5.37e-01	1.55e-02	1.03e-04	6.80e-12	1.85e-12	4.67e-13	8.84e-06	3.23e-08	1.01e-35
 2.07127e+23	1.08e-11	9.34e-06	2.16e-02	4.50e-01	5.13e-01	1.46e-02	9.64e-05	8.08e-12	2.19e-12	5.54e-13	9.31e-06	3.40e-08	1.27e-35
 2.07298e+23	1.20e-11	9.70e-06	2.24e-02	4.69e-01	4.95e-01	1.39e-02	9.10e-05	8.95e-12	2.42e-12	6.13e-13	9.66e-06	3.53e-08	1.51e-35
 2.07473e+23	1.37e-11	1.00e-05	2.32e-02	4.86e-01	4.77e-01	1.33e-02	8.64e-05	1.03e-11	2.77e-12	7.01e-13	1.00e-05	3.66e-08	1.79e-35
 2.07699e+23	1.59e-11	1.05e-05	2.43e-02	5.10e-01	4.53e-01	1.24e-02	8.00e-05	1.19e-11	3.20e-12	8.10e-13	1.05e-05	3.83e-08	2.22e-35
 2.07929e+23	1.88e-11	1.11e-05	2.56e-02	5.39e-01	4.24e-01	1.14e-02	7.29e-05	1.40e-11	3.77e-12	9.53e-13	1.10e-05	4.04e-08	2.86e-35
 2.08098e+23	2.14e-11	1.15e-05	2.66e-02	5.62e-01	4.00e-01	1.07e-02	6.73e-05	1.60e-11	4.30e-12	1.09e-12	1.15e-05	4.21e-08	3.51e-35
 2.08219e+23	2.31e-11	1.19e-05	2.74e-02	5.79e-01	3.83e-01	1.01e-02	6.33e-05	1.73e-11	4.64e-12	1.17e-12	1.18e-05	4.34e-08	4.04e-35
 2.08344e+23	2.53e-11	1.22e-05	2.81e-02	5.95e-01	3.67e-01	9.59e-03	5.99e-05	1.89e-11	5.08e-12	1.28e-12	1.21e-05	4.45e-08	4.61e-35
 2.08507e+23	2.79e-11	1.26e-05	2.90e-02	6.17e-01	3.45e-01	8.91e-03	5.51e-05	2.09e-11	5.60e-12	1.41e-12	1.25e-05	4.60e-08	5.48e-35
 2.08680e+23	3.12e-11	1.31e-05	3.01e-02	6.42e-01	3.20e-01	8.14e-03	4.98e-05	2.34e-11	6.24e-12	1.57e-12	1.30e-05	4.79e-08	6.69e-35
 2.08820e+23	3.40e-11	1.35e-05	3.10e-02	6.63e-01	2.98e-01	7.49e-03	4.55e-05	2.55e-11	6.81e-12	1.71e-12	1.34e-05	4.95e-08	7.91e-35
 2.08928e+23	3.63e-11	1.38e-05	3.17e-02	6.79e-01	2.82e-01	7.01e-03	4.22e-05	2.72e-11	7.25e-12	1.82e-12	1.38e-05	5.07e-08	8.98e-35
 2.09041e+23	3.84e-11	1.41e-05	3.24e-02	6.95e-01	2.66e-01	6.55e-03	3.92e-05	2.88e-11	7.67e-12	1.93e-12	1.41e-05	5.19e-08	1.01e-34
 2.09189e+23	4.11e-11	1.45e-05	3.33e-02	7.15e-01	2.46e-01	5.98e-03	3.54e-05	3.09e-11	8.20e-12	2.06e-12	1.45e-05	5.35e-08	1.17e-34
 2.09343e+23	4.42e-11	1.50e-05	3.42e-02	7.36e-01	2.24e-01	5.36e-03	3.13e-05	3.32e-11	8.81e-12	2.21e-12	1.50e-05	5.54e-08	1.38e-34
 2.09467e+23	4.68e-11	1.54e-05	3.51e-02	7.54e-01	2.06e-01	4.87e-03	2.81e-05	3.51e-11	9.30e-12	2.33e-12	1.54e-05	5.70e-08	1.58e-34
 2.09566e+23	4.87e-11	1.57e-05	3.57e-02	7.67e-01	1.93e-01	4.51e-03	2.58e-05	3.66e-11	9.69e-12	2.43e-12	1.57e-05	5.83e-08	1.75e-34
 2.09675e+23	5.07e-11	1.61e-05	3.63e-02	7.79e-01	1.81e-01	4.16e-03	2.36e-05	3.81e-11	1.01e-11	2.52e-12	1.60e-05	5.98e-08	1.93e-34
 2.09816e+23	5.33e-11	1.66e-05	3.72e-02	7.94e-01	1.65e-01	3.75e-03	2.09e-05	4.01e-11	1.06e-11	2.65e-12	1.65e-05	6.17e-08	2.19e-34
