#depth	Cl	Cl+	Cl+2	Cl+3	Cl+4	Cl+5	Cl+6	Cl+7	Cl+8	Cl+9	Cl+10	Cl+11	Cl+12	Cl+13	Cl+14	Cl+15	Cl+16	Cl+17
 6.17135e+19	0.00e+00	0.00e+00	0.00e+00	0.00e+00	0.00e+00	1.97e-27	1.86e-23	1.59e-19	3.14e-16	2.38e-13	7.47e-11	1.17e-08	9.41e-07	4.32e-05	1.69e-03	1.09e-01	4.12e-01	4.77e-01
 1.87609e+20	0.00e+00	0.00e+00	0.00e+00	0.00e+00	3.01e-31	5.98e-27	4.96e-23	3.96e-19	7.29e-16	5.11e-13	1.48e-10	2.13e-08	1.55e-06	6.32e-05	2.21e-03	1.27e-01	4.28e-01	4.43e-01
 2.90007e+20	0.00e+00	0.00e+00	0.00e+00	0.00e+00	7.94e-31	1.42e-26	1.06e-22	8.07e-19	1.40e-15	9.25e-13	2.50e-10	3.38e-08	2.28e-06	8.47e-05	2.71e-03	1.42e-01	4.39e-01	4.16e-01
 3.58237e+20	0.00e+00	0.00e+00	0.00e+00	0.00e+00	1.48e-30	2.46e-26	1.72e-22	1.27e-18	2.14e-15	1.36e-12	3.52e-10	4.55e-08	2.93e-06	1.02e-04	3.08e-03	1.53e-01	4.45e-01	3.99e-01
 4.06340e+20	0.00e+00	0.00e+00	0.00e+00	0.00e+00	2.30e-30	3.63e-26	2.42e-22	1.76e-18	2.87e-15	1.78e-12	4.47e-10	5.62e-08	3.49e-06	1.17e-04	3.38e-03	1.61e-01	4.49e-01	3.87e-01
 4.40201e+20	0.00e+00	0.00e+00	0.00e+00	0.00e+00	3.07e-30	4.70e-26	3.04e-22	2.17e-18	3.49e-15	2.12e-12	5.23e-10	6.43e-08	3.91e-06	1.27e-04	3.58e-03	1.66e-01	4.51e-01	3.79e-01
 4.76478e+20	0.00e+00	0.00e+00	0.00e+00	0.00e+00	4.21e-30	6.21e-26	3.88e-22	2.73e-18	4.32e-15	2.57e-12	6.21e-10	7.47e-08	4.42e-06	1.40e-04	3.82e-03	1.72e-01	4.54e-01	3.71e-01
 5.23637e+20	0.00e+00	0.00e+00	0.00e+00	0.00e+00	6.29e-30	8.87e-26	5.31e-22	3.67e-18	5.67e-15	3.29e-12	7.73e-10	9.05e-08	5.19e-06	1.57e-04	4.14e-03	1.79e-01	4.57e-01	3.60e-01
 5.75599e+20	0.00e+00	0.00e+00	0.00e+00	0.00e+00	9.72e-30	1.30e-25	7.45e-22	5.05e-18	7.61e-15	4.30e-12	9.80e-10	1.11e-07	6.16e-06	1.79e-04	4.52e-03	1.88e-01	4.60e-01	3.48e-01
 6.23195e+20	0.00e+00	0.00e+00	0.00e+00	0.00e+00	1.44e-29	1.84e-25	1.01e-21	6.73e-18	9.92e-15	5.46e-12	1.21e-09	1.34e-07	7.18e-06	2.01e-04	4.89e-03	1.96e-01	4.62e-01	3.37e-01
 6.74461e+20	0.00e+00	0.00e+00	0.00e+00	0.00e+00	2.17e-29	2.66e-25	1.39e-21	9.11e-18	1.31e-14	7.04e-12	1.52e-09	1.63e-07	8.44e-06	2.27e-04	5.30e-03	2.04e-01	4.64e-01	3.26e-01
 7.31243e+20	0.00e+00	0.00e+00	0.00e+00	0.00e+00	3.39e-29	3.95e-25	1.97e-21	1.27e-17	1.78e-14	9.28e-12	1.94e-09	2.02e-07	1.01e-05	2.59e-04	5.79e-03	2.14e-01	4.66e-01	3.14e-01
 7.83777e+20	0.00e+00	0.00e+00	0.00e+00	0.00e+00	5.09e-29	5.66e-25	2.70e-21	1.71e-17	2.34e-14	1.19e-11	2.42e-09	2.44e-07	1.18e-05	2.91e-04	6.26e-03	2.22e-01	4.67e-01	3.04e-01
 8.40654e+20	0.00e+00	0.00e+00	0.00e+00	0.00e+00	7.83e-29	8.29e-25	3.78e-21	2.34e-17	3.13e-14	1.55e-11	3.06e-09	2.99e-07	1.39e-05	3.30e-04	6.81e-03	2.32e-01	4.68e-01	2.93e-01
 9.00349e+20	0.00e+00	0.00e+00	0.00e+00	0.00e+00	1.22e-28	1.23e-24	5.33e-21	3.24e-17	4.23e-14	2.04e-11	3.89e-09	3.69e-07	1.65e-05	3.75e-04	7.41e-03	2.42e-01	4.69e-01	2.81e-01
 9.51031e+20	0.00e+00	0.00e+00	0.00e+00	0.00e+00	1.76e-28	1.70e-24	7.11e-21	4.25e-17	5.44e-14	2.56e-11	4.75e-09	4.38e-07	1.90e-05	4.17e-04	7.94e-03	2.51e-01	4.69e-01	2.72e-01
 1.00424e+21	0.00e+00	0.00e+00	0.00e+00	0.00e+00	2.57e-28	2.38e-24	9.54e-21	5.61e-17	7.04e-14	3.23e-11	5.84e-09	5.23e-07	2.20e-05	4.64e-04	8.52e-03	2.60e-01	4.69e-01	2.63e-01
 1.07341e+21	0.00e+00	0.00e+00	0.00e+00	0.00e+00	4.16e-28	3.65e-24	1.39e-20	8.01e-17	9.76e-14	4.35e-11	7.58e-09	6.56e-07	2.65e-05	5.32e-04	9.32e-03	2.71e-01	4.68e-01	2.51e-01
 1.14360e+21	0.00e+00	0.00e+00	0.00e+00	0.00e+00	6.72e-28	5.58e-24	2.02e-20	1.14e-16	1.35e-13	5.84e-11	9.83e-09	8.20e-07	3.18e-05	6.09e-04	1.02e-02	2.83e-01	4.67e-01	2.39e-01
 1.20008e+21	0.00e+00	0.00e+00	0.00e+00	0.00e+00	9.80e-28	7.80e-24	2.71e-20	1.51e-16	1.75e-13	7.36e-11	1.21e-08	9.78e-07	3.67e-05	6.77e-04	1.09e-02	2.92e-01	4.66e-01	2.30e-01
 1.25843e+21	0.00e+00	0.00e+00	0.00e+00	0.00e+00	1.43e-27	1.10e-23	3.65e-20	2.00e-16	2.27e-13	9.31e-11	1.48e-08	1.17e-06	4.24e-05	7.53e-04	1.17e-02	3.02e-01	4.64e-01	2.22e-01
 1.33430e+21	0.00e+00	0.00e+00	0.00e+00	0.00e+00	2.33e-27	1.69e-23	5.33e-20	2.86e-16	3.16e-13	1.26e-10	1.93e-08	1.46e-06	5.09e-05	8.62e-04	1.27e-02	3.14e-01	4.61e-01	2.11e-01
 1.41207e+21	0.00e+00	0.00e+00	0.00e+00	2.81e-31	3.80e-27	2.60e-23	7.79e-20	4.09e-16	4.40e-13	1.69e-10	2.51e-08	1.83e-06	6.10e-05	9.85e-04	1.39e-02	3.27e-01	4.58e-01	2.00e-01
 1.47297e+21	0.00e+00	0.00e+00	0.00e+00	4.25e-31	5.52e-27	3.62e-23	1.04e-19	5.40e-16	5.68e-13	2.13e-10	3.06e-08	2.18e-06	7.02e-05	1.09e-03	1.48e-02	3.36e-01	4.56e-01	1.92e-01
 1.53279e+21	0.00e+00	0.00e+00	0.00e+00	6.34e-31	7.91e-27	4.99e-23	1.38e-19	7.04e-16	7.25e-13	2.66e-10	3.72e-08	2.57e-06	8.02e-05	1.20e-03	1.57e-02	3.46e-01	4.53e-01	1.84e-01
 1.61056e+21	0.00e+00	0.00e+00	0.00e+00	1.05e-30	1.25e-26	7.49e-23	1.98e-19	9.88e-16	9.91e-13	3.52e-10	4.76e-08	3.17e-06	9.50e-05	1.36e-03	1.70e-02	3.58e-01	4.49e-01	1.75e-01
 1.69114e+21	0.00e+00	0.00e+00	0.00e+00	1.77e-30	1.99e-26	1.13e-22	2.84e-19	1.40e-15	1.36e-12	4.69e-10	6.11e-08	3.92e-06	1.13e-04	1.54e-03	1.84e-02	3.70e-01	4.44e-01	1.66e-01
 1.75829e+21	0.00e+00	0.00e+00	0.00e+00	2.70e-30	2.92e-26	1.59e-22	3.83e-19	1.85e-15	1.76e-12	5.93e-10	7.49e-08	4.66e-06	1.30e-04	1.71e-03	1.96e-02	3.80e-01	4.40e-01	1.59e-01
 1.82848e+21	0.00e+00	0.00e+00	0.00e+00	4.13e-30	4.28e-26	2.24e-22	5.18e-19	2.46e-15	2.29e-12	7.49e-10	9.18e-08	5.54e-06	1.49e-04	1.89e-03	2.09e-02	3.90e-01	4.35e-01	1.51e-01
 1.91972e+21	0.00e+00	0.00e+00	0.00e+00	7.21e-30	7.07e-26	3.49e-22	7.64e-19	3.56e-15	3.23e-12	1.02e-09	1.20e-07	6.96e-06	1.79e-04	2.16e-03	2.26e-02	4.04e-01	4.29e-01	1.42e-01
 2.01179e+21	0.00e+00	0.00e+00	0.00e+00	1.24e-29	1.15e-25	5.41e-22	1.12e-18	5.12e-15	4.51e-12	1.38e-09	1.56e-07	8.68e-06	2.13e-04	2.45e-03	2.45e-02	4.16e-01	4.23e-01	1.34e-01
 2.08563e+21	0.00e+00	0.00e+00	0.00e+00	1.91e-29	1.70e-25	7.62e-22	1.51e-18	6.81e-15	5.86e-12	1.74e-09	1.92e-07	1.03e-05	2.45e-04	2.71e-03	2.60e-02	4.26e-01	4.17e-01	1.27e-01
 2.15155e+21	0.00e+00	0.00e+00	0.00e+00	2.78e-29	2.38e-25	1.03e-21	1.97e-18	8.76e-15	7.39e-12	2.15e-09	2.29e-07	1.20e-05	2.77e-04	2.95e-03	2.74e-02	4.35e-01	4.12e-01	1.22e-01
 2.22647e+21	0.00e+00	0.00e+00	0.00e+00	4.22e-29	3.47e-25	1.44e-21	2.65e-18	1.16e-14	9.55e-12	2.70e-09	2.80e-07	1.42e-05	3.16e-04	3.25e-03	2.91e-02	4.45e-01	4.06e-01	1.16e-01
 2.32387e+21	0.00e+00	0.00e+00	0.00e+00	7.20e-29	5.62e-25	2.21e-21	3.85e-18	1.65e-14	1.33e-11	3.63e-09	3.62e-07	1.77e-05	3.75e-04	3.68e-03	3.13e-02	4.57e-01	3.99e-01	1.09e-01
 2.42272e+21	0.00e+00	0.00e+00	0.00e+00	1.23e-28	9.08e-25	3.38e-21	5.60e-18	2.36e-14	1.84e-11	4.86e-09	4.66e-07	2.19e-05	4.45e-04	4.15e-03	3.37e-02	4.69e-01	3.91e-01	1.02e-01
 2.50211e+21	0.00e+00	0.00e+00	0.00e+00	1.87e-28	1.32e-24	4.72e-21	7.51e-18	3.12e-14	2.38e-11	6.13e-09	5.69e-07	2.59e-05	5.08e-04	4.56e-03	3.56e-02	4.79e-01	3.84e-01	9.65e-02
 2.58400e+21	0.00e+00	0.00e+00	0.00e+00	2.85e-28	1.94e-24	6.63e-21	1.01e-17	4.14e-14	3.08e-11	7.74e-09	6.97e-07	3.06e-05	5.81e-04	5.02e-03	3.77e-02	4.88e-01	3.78e-01	9.14e-02
 2.69045e+21	0.00e+00	0.00e+00	0.00e+00	4.90e-28	3.16e-24	1.02e-20	1.48e-17	5.94e-14	4.30e-11	1.04e-08	9.01e-07	3.80e-05	6.88e-04	5.67e-03	4.04e-02	4.99e-01	3.69e-01	8.52e-02
 2.80036e+21	0.00e+00	0.00e+00	0.00e+00	8.48e-28	5.17e-24	1.58e-20	2.17e-17	8.57e-14	6.02e-11	1.41e-08	1.17e-06	4.72e-05	8.17e-04	6.40e-03	4.34e-02	5.11e-01	3.59e-01	7.92e-02
 2.89023e+21	0.00e+00	0.00e+00	0.00e+00	1.32e-27	7.69e-24	2.25e-20	2.95e-17	1.15e-13	7.89e-11	1.79e-08	1.44e-06	5.62e-05	9.38e-04	7.05e-03	4.59e-02	5.20e-01	3.52e-01	7.46e-02
 2.96482e+21	0.00e+00	0.00e+00	0.00e+00	1.89e-27	1.06e-23	3.00e-20	3.79e-17	1.46e-13	9.84e-11	2.19e-08	1.71e-06	6.49e-05	1.05e-03	7.63e-03	4.80e-02	5.27e-01	3.45e-01	7.10e-02
 3.04410e+21	0.00e+00	0.00e+00	0.00e+00	2.76e-27	1.49e-23	4.06e-20	4.93e-17	1.88e-13	1.24e-10	2.69e-08	2.04e-06	7.53e-05	1.18e-03	8.29e-03	5.03e-02	5.34e-01	3.39e-01	6.73e-02
 3.14717e+21	0.00e+00	0.00e+00	2.24e-31	4.45e-27	2.30e-23	5.94e-20	6.89e-17	2.59e-13	1.67e-10	3.50e-08	2.56e-06	9.10e-05	1.37e-03	9.19e-03	5.33e-02	5.43e-01	3.30e-01	6.29e-02
 3.25236e+21	0.00e+00	0.00e+00	3.82e-31	7.23e-27	3.55e-23	8.74e-20	9.65e-17	3.58e-13	2.24e-10	4.57e-08	3.22e-06	1.10e-04	1.59e-03	1.02e-02	5.66e-02	5.52e-01	3.21e-01	5.87e-02
 3.33698e+21	0.00e+00	0.00e+00	5.82e-31	1.06e-26	5.02e-23	1.19e-19	1.26e-16	4.62e-13	2.84e-10	5.64e-08	3.86e-06	1.28e-04	1.78e-03	1.11e-02	5.92e-02	5.58e-01	3.14e-01	5.55e-02
 3.42367e+21	0.00e+00	0.00e+00	8.90e-31	1.56e-26	7.10e-23	1.61e-19	1.64e-16	5.97e-13	3.60e-10	6.98e-08	4.63e-06	1.49e-04	2.01e-03	1.20e-02	6.20e-02	5.65e-01	3.07e-01	5.24e-02
 3.53636e+21	0.00e+00	0.00e+00	1.53e-30	2.56e-26	1.11e-22	2.39e-19	2.32e-16	8.30e-13	4.88e-10	9.15e-08	5.85e-06	1.81e-04	2.34e-03	1.33e-02	6.56e-02	5.72e-01	2.98e-01	4.86e-02
 3.64234e+21	0.00e+00	0.00e+00	2.54e-30	4.05e-26	1.67e-22	3.44e-19	3.18e-16	1.13e-12	6.47e-10	1.18e-07	7.27e-06	2.16e-04	2.68e-03	1.47e-02	6.92e-02	5.79e-01	2.89e-01	4.53e-02
 3.71538e+21	0.00e+00	0.00e+00	3.58e-30	5.53e-26	2.21e-22	4.40e-19	3.94e-16	1.39e-12	7.83e-10	1.40e-07	8.41e-06	2.44e-04	2.95e-03	1.57e-02	7.17e-02	5.83e-01	2.83e-01	4.32e-02
 3.78612e+21	0.00e+00	0.00e+00	4.98e-30	7.46e-26	2.89e-22	5.57e-19	4.84e-16	1.69e-12	9.40e-10	1.65e-07	9.68e-06	2.74e-04	3.23e-03	1.67e-02	7.41e-02	5.87e-01	2.77e-01	4.12e-02
 3.87808e+21	0.00e+00	0.00e+00	7.60e-30	1.10e-25	4.07e-22	7.55e-19	6.30e-16	2.19e-12	1.19e-09	2.03e-07	1.16e-05	3.18e-04	3.62e-03	1.81e-02	7.73e-02	5.92e-01	2.70e-01	3.87e-02
 3.97730e+21	0.00e+00	0.00e+00	1.19e-29	1.65e-25	5.88e-22	1.04e-18	8.34e-16	2.87e-12	1.53e-09	2.55e-07	1.41e-05	3.73e-04	4.10e-03	1.97e-02	8.08e-02	5.97e-01	2.62e-01	3.63e-02
 4.06498e+21	0.00e+00	0.00e+00	1.77e-29	2.36e-25	8.10e-22	1.38e-18	1.06e-15	3.64e-12	1.91e-09	3.10e-07	1.66e-05	4.28e-04	4.56e-03	2.12e-02	8.40e-02	6.00e-01	2.55e-01	3.42e-02
 4.13944e+21	0.00e+00	0.00e+00	2.46e-29	3.18e-25	1.06e-21	1.75e-18	1.31e-15	4.44e-12	2.30e-09	3.66e-07	1.92e-05	4.81e-04	4.99e-03	2.25e-02	8.67e-02	6.03e-01	2.50e-01	3.25e-02
 4.21766e+21	0.00e+00	0.00e+00	3.48e-29	4.35e-25	1.40e-21	2.24e-18	1.62e-15	5.47e-12	2.78e-09	4.34e-07	2.22e-05	5.43e-04	5.48e-03	2.40e-02	8.96e-02	6.06e-01	2.44e-01	3.09e-02
 4.30537e+21	0.00e+00	0.00e+00	5.09e-29	6.14e-25	1.91e-21	2.94e-18	2.04e-15	6.87e-12	3.44e-09	5.25e-07	2.61e-05	6.20e-04	6.07e-03	2.57e-02	9.29e-02	6.08e-01	2.37e-01	2.91e-02
 4.38785e+21	0.00e+00	0.00e+00	7.26e-29	8.48e-25	2.54e-21	3.79e-18	2.54e-15	8.52e-12	4.19e-09	6.26e-07	3.03e-05	7.02e-04	6.68e-03	2.74e-02	9.60e-02	6.11e-01	2.31e-01	2.75e-02
 4.46458e+21	0.00e+00	0.00e+00	1.01e-28	1.14e-24	3.32e-21	4.79e-18	3.11e-15	1.04e-11	5.04e-09	7.39e-07	3.49e-05	7.88e-04	7.30e-03	2.91e-02	9.90e-02	6.12e-01	2.25e-01	2.61e-02
 4.55142e+21	0.00e+00	0.00e+00	1.45e-28	1.59e-24	4.46e-21	6.20e-18	3.89e-15	1.29e-11	6.17e-09	8.85e-07	4.08e-05	8.95e-04	8.04e-03	3.11e-02	1.02e-01	6.14e-01	2.19e-01	2.46e-02
 4.64765e+21	0.00e+00	0.00e+00	2.18e-28	2.29e-24	6.18e-21	8.25e-18	4.97e-15	1.65e-11	7.73e-09	1.08e-06	4.84e-05	1.03e-03	8.95e-03	3.34e-02	1.06e-01	6.15e-01	2.12e-01	2.31e-02
 4.73561e+21	0.00e+00	0.00e+00	3.14e-28	3.19e-24	8.30e-21	1.07e-17	6.20e-15	2.05e-11	9.47e-09	1.30e-06	5.65e-05	1.17e-03	9.86e-03	3.57e-02	1.09e-01	6.16e-01	2.06e-01	2.17e-02
 4.81162e+21	0.00e+00	0.00e+00	4.30e-28	4.24e-24	1.07e-20	1.33e-17	7.50e-15	2.48e-11	1.13e-08	1.52e-06	6.46e-05	1.30e-03	1.07e-02	3.77e-02	1.12e-01	6.17e-01	2.01e-01	2.06e-02
 4.89258e+21	0.00e+00	0.00e+00	5.97e-28	5.71e-24	1.39e-20	1.68e-17	9.15e-15	3.01e-11	1.35e-08	1.79e-06	7.42e-05	1.46e-03	1.17e-02	4.00e-02	1.16e-01	6.17e-01	1.95e-01	1.95e-02
 4.98379e+21	0.00e+00	0.00e+00	8.64e-28	7.97e-24	1.88e-20	2.18e-17	1.14e-14	3.76e-11	1.66e-08	2.15e-06	8.67e-05	1.66e-03	1.29e-02	4.26e-02	1.19e-01	6.16e-01	1.89e-01	1.83e-02
 5.06910e+21	0.00e+00	0.00e+00	1.22e-27	1.09e-23	2.47e-20	2.77e-17	1.40e-14	4.61e-11	2.01e-08	2.55e-06	1.00e-04	1.87e-03	1.41e-02	4.53e-02	1.23e-01	6.16e-01	1.83e-01	1.72e-02
 5.14732e+21	0.00e+00	0.00e+00	1.66e-27	1.44e-23	3.18e-20	3.45e-17	1.69e-14	5.55e-11	2.39e-08	2.98e-06	1.14e-04	2.08e-03	1.53e-02	4.78e-02	1.26e-01	6.15e-01	1.78e-01	1.63e-02
 5.23556e+21	0.00e+00	0.00e+00	2.36e-27	1.97e-23	4.20e-20	4.40e-17	2.08e-14	6.83e-11	2.90e-08	3.54e-06	1.32e-04	2.34e-03	1.67e-02	5.07e-02	1.29e-01	6.13e-01	1.72e-01	1.53e-02
 5.33337e+21	0.00e+00	0.00e+00	3.46e-27	2.78e-23	5.71e-20	5.75e-17	2.61e-14	8.57e-11	3.59e-08	4.28e-06	1.56e-04	2.67e-03	1.85e-02	5.41e-02	1.33e-01	6.11e-01	1.66e-01	1.43e-02
 5.42295e+21	0.00e+00	0.00e+00	4.90e-27	3.82e-23	7.55e-20	7.32e-17	3.21e-14	1.05e-10	4.35e-08	5.09e-06	1.80e-04	3.00e-03	2.02e-02	5.74e-02	1.36e-01	6.09e-01	1.60e-01	1.34e-02
 5.50512e+21	0.00e+00	2.09e-31	6.73e-27	5.08e-23	9.73e-20	9.13e-17	3.87e-14	1.27e-10	5.19e-08	5.95e-06	2.06e-04	3.34e-03	2.19e-02	6.05e-02	1.40e-01	6.06e-01	1.55e-01	1.26e-02
 5.58603e+21	0.00e+00	2.93e-31	9.19e-27	6.72e-23	1.25e-19	1.13e-16	4.64e-14	1.53e-10	6.15e-08	6.94e-06	2.35e-04	3.71e-03	2.37e-02	6.37e-02	1.43e-01	6.04e-01	1.50e-01	1.19e-02
 5.67895e+21	0.00e+00	4.32e-31	1.31e-26	9.23e-23	1.65e-19	1.44e-16	5.70e-14	1.88e-10	7.48e-08	8.26e-06	2.72e-04	4.18e-03	2.59e-02	6.75e-02	1.46e-01	6.00e-01	1.45e-01	1.11e-02
 5.77947e+21	0.00e+00	6.57e-31	1.91e-26	1.30e-22	2.24e-19	1.88e-16	7.12e-14	2.35e-10	9.22e-08	9.97e-06	3.19e-04	4.75e-03	2.86e-02	7.18e-02	1.50e-01	5.95e-01	1.39e-01	1.03e-02
 5.86644e+21	0.00e+00	9.42e-31	2.65e-26	1.74e-22	2.90e-19	2.35e-16	8.60e-14	2.85e-10	1.10e-07	1.17e-05	3.65e-04	5.30e-03	3.10e-02	7.56e-02	1.53e-01	5.91e-01	1.34e-01	9.63e-03
 5.94317e+21	0.00e+00	1.29e-30	3.53e-26	2.26e-22	3.64e-19	2.86e-16	1.01e-13	3.37e-10	1.29e-07	1.35e-05	4.11e-04	5.83e-03	3.33e-02	7.91e-02	1.56e-01	5.87e-01	1.30e-01	9.09e-03
 6.03005e+21	0.00e+00	1.84e-30	4.87e-26	3.01e-22	4.70e-19	3.56e-16	1.22e-13	4.06e-10	1.54e-07	1.58e-05	4.70e-04	6.48e-03	3.60e-02	8.32e-02	1.59e-01	5.82e-01	1.25e-01	8.50e-03
 6.14298e+21	0.00e+00	2.90e-30	7.37e-26	4.37e-22	6.52e-19	4.73e-16	1.55e-13	5.16e-10	1.92e-07	1.93e-05	5.57e-04	7.43e-03	3.99e-02	8.87e-02	1.63e-01	5.74e-01	1.19e-01	7.79e-03
 6.25595e+21	0.00e+00	4.57e-30	1.12e-25	6.33e-22	9.05e-19	6.27e-16	1.96e-13	6.55e-10	2.41e-07	2.36e-05	6.61e-04	8.51e-03	4.41e-02	9.44e-02	1.66e-01	5.66e-01	1.13e-01	7.12e-03
 6.34257e+21	0.00e+00	6.52e-30	1.54e-25	8.45e-22	1.17e-18	7.79e-16	2.35e-13	7.87e-10	2.86e-07	2.76e-05	7.54e-04	9.45e-03	4.77e-02	9.91e-02	1.69e-01	5.59e-01	1.08e-01	6.62e-03
 6.42880e+21	0.00e+00	9.10e-30	2.08e-25	1.11e-21	1.48e-18	9.57e-16	2.79e-13	9.36e-10	3.37e-07	3.19e-05	8.52e-04	1.04e-02	5.12e-02	1.04e-01	1.72e-01	5.52e-01	1.04e-01	6.19e-03
 6.54091e+21	0.00e+00	1.41e-29	3.10e-25	1.58e-21	2.03e-18	1.25e-15	3.49e-13	1.17e-09	4.17e-07	3.87e-05	1.00e-03	1.18e-02	5.62e-02	1.10e-01	1.75e-01	5.43e-01	9.82e-02	5.65e-03
 6.65579e+21	0.00e+00	2.21e-29	4.67e-25	2.28e-21	2.80e-18	1.65e-15	4.39e-13	1.48e-09	5.17e-07	4.70e-05	1.18e-03	1.35e-02	6.18e-02	1.16e-01	1.78e-01	5.32e-01	9.26e-02	5.13e-03
 6.74849e+21	0.00e+00	3.17e-29	6.47e-25	3.06e-21	3.62e-18	2.06e-15	5.27e-13	1.77e-09	6.14e-07	5.49e-05	1.34e-03	1.49e-02	6.66e-02	1.21e-01	1.80e-01	5.23e-01	8.82e-02	4.74e-03
 6.84321e+21	0.00e+00	4.56e-29	8.98e-25	4.10e-21	4.69e-18	2.57e-15	6.33e-13	2.13e-09	7.29e-07	6.40e-05	1.53e-03	1.65e-02	7.17e-02	1.27e-01	1.82e-01	5.13e-01	8.39e-02	4.37e-03
 6.96635e+21	0.00e+00	7.26e-29	1.37e-24	6.00e-21	6.55e-18	3.41e-15	8.01e-13	2.69e-09	9.08e-07	7.81e-05	1.81e-03	1.88e-02	7.87e-02	1.34e-01	1.84e-01	5.00e-01	7.85e-02	3.93e-03
 7.09112e+21	0.00e+00	1.16e-28	2.10e-24	8.78e-21	9.16e-18	4.54e-15	1.02e-12	3.39e-09	1.13e-06	9.51e-05	2.13e-03	2.14e-02	8.63e-02	1.41e-01	1.86e-01	4.86e-01	7.32e-02	3.52e-03
 7.18955e+21	0.00e+00	1.68e-28	2.93e-24	1.18e-20	1.19e-17	5.68e-15	1.22e-12	4.06e-09	1.34e-06	1.11e-04	2.42e-03	2.36e-02	9.26e-02	1.47e-01	1.88e-01	4.74e-01	6.92e-02	3.22e-03
 7.28903e+21	0.00e+00	2.41e-28	4.07e-24	1.59e-20	1.54e-17	7.08e-15	1.47e-12	4.84e-09	1.58e-06	1.29e-04	2.75e-03	2.60e-02	9.92e-02	1.52e-01	1.89e-01	4.63e-01	6.54e-02	2.95e-03
 7.41835e+21	0.00e+00	3.84e-28	6.22e-24	2.32e-20	2.15e-17	9.41e-15	1.85e-12	6.07e-09	1.95e-06	1.56e-04	3.22e-03	2.94e-02	1.08e-01	1.60e-01	1.90e-01	4.47e-01	6.06e-02	2.62e-03
 7.55267e+21	0.00e+00	6.21e-28	9.61e-24	3.43e-20	3.03e-17	1.26e-14	2.36e-12	7.62e-09	2.42e-06	1.89e-04	3.78e-03	3.32e-02	1.18e-01	1.67e-01	1.90e-01	4.30e-01	5.58e-02	2.32e-03
 7.65868e+21	0.00e+00	9.00e-28	1.35e-23	4.64e-20	3.96e-17	1.58e-14	2.84e-12	9.08e-09	2.85e-06	2.19e-04	4.28e-03	3.64e-02	1.26e-01	1.73e-01	1.90e-01	4.16e-01	5.23e-02	2.10e-03
 7.74606e+21	0.00e+00	1.22e-27	1.77e-23	5.93e-20	4.91e-17	1.90e-14	3.31e-12	1.05e-08	3.25e-06	2.46e-04	4.72e-03	3.93e-02	1.32e-01	1.77e-01	1.90e-01	4.05e-01	4.95e-02	1.93e-03
 7.84398e+21	0.00e+00	1.69e-27	2.39e-23	7.77e-20	6.22e-17	2.33e-14	3.91e-12	1.22e-08	3.75e-06	2.81e-04	5.26e-03	4.26e-02	1.40e-01	1.82e-01	1.89e-01	3.93e-01	4.65e-02	1.76e-03
 7.97129e+21	0.00e+00	2.59e-27	3.52e-23	1.10e-19	8.43e-17	3.02e-14	4.85e-12	1.48e-08	4.49e-06	3.30e-04	6.02e-03	4.71e-02	1.49e-01	1.88e-01	1.88e-01	3.77e-01	4.29e-02	1.56e-03
 8.10366e+21	0.00e+00	3.99e-27	5.21e-23	1.56e-19	1.15e-16	3.94e-14	6.03e-12	1.80e-08	5.39e-06	3.89e-04	6.90e-03	5.21e-02	1.60e-01	1.94e-01	1.87e-01	3.60e-01	3.94e-02	1.38e-03
 8.21402e+21	0.00e+00	5.67e-27	7.19e-23	2.08e-19	1.48e-16	4.89e-14	7.22e-12	2.12e-08	6.25e-06	4.45e-04	7.70e-03	5.65e-02	1.69e-01	1.98e-01	1.85e-01	3.46e-01	3.66e-02	1.24e-03
 8.32889e+21	0.00e+00	8.10e-27	9.94e-23	2.79e-19	1.92e-16	6.09e-14	8.66e-12	2.48e-08	7.24e-06	5.08e-04	8.58e-03	6.11e-02	1.77e-01	2.02e-01	1.83e-01	3.32e-01	3.40e-02	1.12e-03
 8.47821e+21	0.00e+00	1.27e-26	1.50e-22	4.04e-19	2.66e-16	8.06e-14	1.09e-11	3.04e-08	8.72e-06	5.99e-04	9.84e-03	6.75e-02	1.89e-01	2.07e-01	1.80e-01	3.14e-01	3.08e-02	9.68e-04
 8.63038e+21	0.00e+00	2.00e-26	2.27e-22	5.85e-19	3.69e-16	1.07e-13	1.38e-11	3.71e-08	1.05e-05	7.05e-04	1.12e-02	7.43e-02	2.01e-01	2.12e-01	1.77e-01	2.96e-01	2.78e-02	8.38e-04
 8.75317e+21	0.00e+00	2.85e-26	3.13e-22	7.82e-19	4.77e-16	1.33e-13	1.65e-11	4.34e-08	1.21e-05	8.00e-04	1.25e-02	7.99e-02	2.10e-01	2.15e-01	1.74e-01	2.82e-01	2.56e-02	7.46e-04
 8.87972e+21	0.00e+00	4.06e-26	4.32e-22	1.05e-18	6.17e-16	1.66e-13	1.98e-11	5.06e-08	1.39e-05	9.07e-04	1.38e-02	8.58e-02	2.19e-01	2.17e-01	1.71e-01	2.68e-01	2.35e-02	6.63e-04
 9.04425e+21	0.00e+00	6.34e-26	6.50e-22	1.51e-18	8.55e-16	2.19e-13	2.50e-11	6.16e-08	1.65e-05	1.06e-03	1.57e-02	9.37e-02	2.31e-01	2.20e-01	1.66e-01	2.51e-01	2.11e-02	5.69e-04
 9.21427e+21	0.00e+00	9.94e-26	9.80e-22	2.19e-18	1.19e-15	2.90e-13	3.16e-11	7.48e-08	1.97e-05	1.24e-03	1.77e-02	1.02e-01	2.42e-01	2.22e-01	1.61e-01	2.34e-01	1.88e-02	4.85e-04
 9.34864e+21	0.00e+00	1.40e-25	1.34e-21	2.91e-18	1.53e-15	3.61e-13	3.78e-11	8.69e-08	2.25e-05	1.39e-03	1.95e-02	1.09e-01	2.51e-01	2.23e-01	1.57e-01	2.21e-01	1.72e-02	4.29e-04
 9.45995e+21	0.00e+00	1.85e-25	1.73e-21	3.66e-18	1.87e-15	4.30e-13	4.37e-11	9.80e-08	2.51e-05	1.53e-03	2.10e-02	1.14e-01	2.58e-01	2.24e-01	1.54e-01	2.11e-01	1.59e-02	3.87e-04
 9.58409e+21	0.00e+00	2.51e-25	2.29e-21	4.70e-18	2.34e-15	5.20e-13	5.13e-11	1.12e-07	2.81e-05	1.69e-03	2.28e-02	1.21e-01	2.65e-01	2.24e-01	1.50e-01	2.00e-01	1.47e-02	3.46e-04
 9.74546e+21	0.00e+00	3.68e-25	3.25e-21	6.46e-18	3.10e-15	6.63e-13	6.27e-11	1.32e-07	3.26e-05	1.92e-03	2.52e-02	1.29e-01	2.75e-01	2.24e-01	1.45e-01	1.87e-01	1.32e-02	2.99e-04
 9.91374e+21	0.00e+00	5.43e-25	4.64e-21	8.92e-18	4.13e-15	8.48e-13	7.71e-11	1.56e-07	3.77e-05	2.18e-03	2.78e-02	1.38e-01	2.84e-01	2.23e-01	1.40e-01	1.74e-01	1.18e-02	2.57e-04
 1.00549e+22	0.00e+00	7.47e-25	6.22e-21	1.16e-17	5.22e-15	1.04e-12	9.13e-11	1.79e-07	4.25e-05	2.42e-03	3.02e-02	1.45e-01	2.91e-01	2.22e-01	1.35e-01	1.63e-01	1.07e-02	2.26e-04
 1.02023e+22	0.00e+00	1.03e-24	8.35e-21	1.52e-17	6.63e-15	1.27e-12	1.08e-10	2.05e-07	4.79e-05	2.68e-03	3.27e-02	1.52e-01	2.97e-01	2.21e-01	1.31e-01	1.53e-01	9.71e-03	1.98e-04
 1.03939e+22	0.00e+00	1.55e-24	1.21e-20	2.13e-17	8.95e-15	1.65e-12	1.35e-10	2.45e-07	5.58e-05	3.05e-03	3.62e-02	1.62e-01	3.06e-01	2.19e-01	1.25e-01	1.41e-01	8.56e-03	1.68e-04
 1.05892e+22	0.00e+00	2.32e-24	1.76e-20	2.98e-17	1.21e-14	2.14e-12	1.67e-10	2.91e-07	6.48e-05	3.46e-03	3.99e-02	1.72e-01	3.13e-01	2.16e-01	1.19e-01	1.29e-01	7.53e-03	1.42e-04
 1.07468e+22	0.00e+00	3.19e-24	2.36e-20	3.88e-17	1.53e-14	2.62e-12	1.98e-10	3.34e-07	7.28e-05	3.82e-03	4.30e-02	1.80e-01	3.18e-01	2.13e-01	1.14e-01	1.21e-01	6.79e-03	1.23e-04
 1.08828e+22	0.00e+00	4.18e-24	3.02e-20	4.87e-17	1.87e-14	3.12e-12	2.29e-10	3.75e-07	8.04e-05	4.15e-03	4.58e-02	1.87e-01	3.23e-01	2.11e-01	1.10e-01	1.13e-01	6.21e-03	1.10e-04
 1.10330e+22	0.00e+00	5.55e-24	3.92e-20	6.16e-17	2.31e-14	3.74e-12	2.67e-10	4.24e-07	8.93e-05	4.53e-03	4.89e-02	1.94e-01	3.27e-01	2.08e-01	1.06e-01	1.06e-01	5.65e-03	9.69e-05
 1.12281e+22	0.00e+00	7.98e-24	5.47e-20	8.35e-17	3.02e-14	4.73e-12	3.25e-10	4.97e-07	1.02e-04	5.05e-03	5.31e-02	2.03e-01	3.32e-01	2.03e-01	1.01e-01	9.77e-02	4.99e-03	8.23e-05
 1.14275e+22	0.00e+00	1.15e-23	7.65e-20	1.13e-16	3.97e-14	5.98e-12	3.96e-10	5.81e-07	1.16e-04	5.64e-03	5.77e-02	2.13e-01	3.36e-01	1.99e-01	9.54e-02	8.94e-02	4.39e-03	6.97e-05
 1.15888e+22	2.05e-31	1.54e-23	9.99e-20	1.44e-16	4.93e-14	7.22e-12	4.63e-10	6.59e-07	1.29e-04	6.15e-03	6.15e-02	2.20e-01	3.39e-01	1.95e-01	9.12e-02	8.32e-02	3.96e-03	6.09e-05
 1.17549e+22	2.72e-31	2.02e-23	1.29e-19	1.82e-16	6.06e-14	8.64e-12	5.39e-10	7.44e-07	1.43e-04	6.67e-03	6.52e-02	2.27e-01	3.41e-01	1.91e-01	8.73e-02	7.76e-02	3.59e-03	5.37e-05
 1.19708e+22	3.96e-31	2.92e-23	1.81e-19	2.47e-16	7.98e-14	1.10e-11	6.58e-10	8.73e-07	1.63e-04	7.43e-03	7.06e-02	2.37e-01	3.43e-01	1.86e-01	8.21e-02	7.05e-02	3.13e-03	4.50e-05
 1.21930e+22	5.73e-31	4.22e-23	2.53e-19	3.36e-16	1.05e-13	1.39e-11	8.04e-10	1.02e-06	1.86e-04	8.27e-03	7.62e-02	2.46e-01	3.45e-01	1.80e-01	7.71e-02	6.40e-02	2.73e-03	3.77e-05
 1.23773e+22	7.72e-31	5.68e-23	3.34e-19	4.32e-16	1.31e-13	1.69e-11	9.47e-10	1.17e-06	2.07e-04	9.01e-03	8.11e-02	2.54e-01	3.46e-01	1.75e-01	7.31e-02	5.90e-02	2.43e-03	3.26e-05
 1.25707e+22	1.04e-30	7.64e-23	4.38e-19	5.54e-16	1.64e-13	2.05e-11	1.11e-09	1.33e-06	2.31e-04	9.80e-03	8.61e-02	2.61e-01	3.46e-01	1.71e-01	6.93e-02	5.44e-02	2.17e-03	2.81e-05
 1.28221e+22	1.52e-30	1.12e-22	6.22e-19	7.61e-16	2.18e-13	2.62e-11	1.37e-09	1.57e-06	2.64e-04	1.09e-02	9.28e-02	2.71e-01	3.46e-01	1.64e-01	6.45e-02	4.89e-02	1.87e-03	2.32e-05
 1.30814e+22	2.22e-30	1.64e-22	8.86e-19	1.05e-15	2.91e-13	3.37e-11	1.70e-09	1.86e-06	3.03e-04	1.21e-02	1.00e-01	2.80e-01	3.45e-01	1.58e-01	5.98e-02	4.37e-02	1.61e-03	1.91e-05
 1.32851e+22	2.95e-30	2.20e-22	1.16e-18	1.34e-15	3.62e-13	4.08e-11	1.99e-09	2.11e-06	3.36e-04	1.32e-02	1.06e-01	2.87e-01	3.44e-01	1.52e-01	5.64e-02	4.01e-02	1.43e-03	1.64e-05
 1.34842e+22	3.87e-30	2.90e-22	1.50e-18	1.70e-15	4.47e-13	4.89e-11	2.32e-09	2.38e-06	3.71e-04	1.42e-02	1.11e-01	2.93e-01	3.42e-01	1.47e-01	5.33e-02	3.69e-02	1.27e-03	1.42e-05
 1.37430e+22	5.46e-30	4.13e-22	2.08e-18	2.28e-15	5.82e-13	6.16e-11	2.82e-09	2.78e-06	4.20e-04	1.57e-02	1.19e-01	3.01e-01	3.39e-01	1.41e-01	4.94e-02	3.31e-02	1.10e-03	1.18e-05
 1.40137e+22	7.70e-30	5.93e-22	2.90e-18	3.09e-15	7.64e-13	7.80e-11	3.45e-09	3.26e-06	4.77e-04	1.73e-02	1.27e-01	3.09e-01	3.36e-01	1.35e-01	4.57e-02	2.96e-02	9.42e-04	9.74e-06
 1.42438e+22	1.02e-29	7.99e-22	3.82e-18	3.97e-15	9.57e-13	9.48e-11	4.07e-09	3.72e-06	5.29e-04	1.87e-02	1.34e-01	3.15e-01	3.32e-01	1.29e-01	4.27e-02	2.69e-02	8.29e-04	8.29e-06
 1.44866e+22	1.37e-29	1.09e-21	5.07e-18	5.14e-15	1.20e-12	1.16e-10	4.82e-09	4.26e-06	5.89e-04	2.03e-02	1.41e-01	3.21e-01	3.29e-01	1.24e-01	3.98e-02	2.44e-02	7.26e-04	7.01e-06
 1.48023e+22	1.97e-29	1.60e-21	7.25e-18	7.12e-15	1.61e-12	1.49e-10	5.97e-09	5.05e-06	6.74e-04	2.24e-02	1.50e-01	3.28e-01	3.23e-01	1.17e-01	3.63e-02	2.15e-02	6.12e-04	5.66e-06
 1.51307e+22	2.83e-29	2.38e-21	1.04e-17	9.92e-15	2.17e-12	1.93e-10	7.43e-09	6.00e-06	7.73e-04	2.48e-02	1.61e-01	3.35e-01	3.17e-01	1.10e-01	3.30e-02	1.88e-02	5.13e-04	4.54e-06
 1.54081e+22	3.79e-29	3.29e-21	1.41e-17	1.30e-14	2.77e-12	2.39e-10	8.89e-09	6.92e-06	8.64e-04	2.70e-02	1.69e-01	3.40e-01	3.11e-01	1.05e-01	3.05e-02	1.69e-02	4.42e-04	3.78e-06
 1.57015e+22	5.14e-29	4.58e-21	1.91e-17	1.72e-14	3.55e-12	2.97e-10	1.07e-08	8.01e-06	9.69e-04	2.93e-02	1.78e-01	3.45e-01	3.05e-01	9.90e-02	2.80e-02	1.50e-02	3.80e-04	3.12e-06
 1.60215e+22	7.06e-29	6.53e-21	2.65e-17	2.32e-14	4.64e-12	3.74e-10	1.30e-08	9.35e-06	1.09e-03	3.20e-02	1.88e-01	3.49e-01	2.98e-01	9.31e-02	2.55e-02	1.33e-02	3.22e-04	2.54e-06
 1.63113e+22	9.34e-29	8.95e-21	3.55e-17	3.02e-14	5.88e-12	4.60e-10	1.55e-08	1.07e-05	1.22e-03	3.46e-02	1.97e-01	3.53e-01	2.91e-01	8.80e-02	2.35e-02	1.18e-02	2.77e-04	2.11e-06
 1.66231e+22	1.25e-28	1.24e-20	4.80e-17	3.98e-14	7.52e-12	5.70e-10	1.85e-08	1.24e-05	1.36e-03	3.75e-02	2.06e-01	3.56e-01	2.84e-01	8.29e-02	2.14e-02	1.05e-02	2.37e-04	1.74e-06
 1.69751e+22	1.71e-28	1.78e-20	6.70e-17	5.39e-14	9.86e-12	7.20e-10	2.26e-08	1.45e-05	1.54e-03	4.09e-02	2.17e-01	3.59e-01	2.75e-01	7.74e-02	1.94e-02	9.18e-03	1.99e-04	1.40e-06
 1.72984e+22	2.26e-28	2.47e-20	9.04e-17	7.08e-14	1.26e-11	8.91e-10	2.71e-08	1.67e-05	1.71e-03	4.42e-02	2.27e-01	3.61e-01	2.68e-01	7.26e-02	1.77e-02	8.12e-03	1.69e-04	1.15e-06
 1.75853e+22	2.87e-28	3.27e-20	1.17e-16	8.96e-14	1.55e-11	1.07e-09	3.16e-08	1.89e-05	1.88e-03	4.72e-02	2.35e-01	3.63e-01	2.61e-01	6.86e-02	1.63e-02	7.30e-03	1.47e-04	9.67e-07
 1.79058e+22	3.76e-28	4.46e-20	1.56e-16	1.16e-13	1.96e-11	1.31e-09	3.74e-08	2.16e-05	2.08e-03	5.07e-02	2.45e-01	3.64e-01	2.53e-01	6.44e-02	1.48e-02	6.47e-03	1.26e-04	7.97e-07
 1.83225e+22	5.21e-28	6.55e-20	2.22e-16	1.60e-13	2.61e-11	1.68e-09	4.62e-08	2.55e-05	2.36e-03	5.54e-02	2.57e-01	3.64e-01	2.43e-01	5.93e-02	1.32e-02	5.56e-03	1.03e-04	6.28e-07
 1.87454e+22	7.18e-28	9.66e-20	3.18e-16	2.22e-13	3.50e-11	2.16e-09	5.72e-08	3.01e-05	2.68e-03	6.04e-02	2.69e-01	3.64e-01	2.33e-01	5.44e-02	1.17e-02	4.75e-03	8.45e-05	4.90e-07
 1.90812e+22	9.16e-28	1.31e-19	4.20e-16	2.86e-13	4.39e-11	2.64e-09	6.76e-08	3.43e-05	2.96e-03	6.47e-02	2.79e-01	3.63e-01	2.25e-01	5.08e-02	1.06e-02	4.19e-03	7.19e-05	4.02e-07
 1.94224e+22	1.17e-27	1.75e-19	5.51e-16	3.67e-13	5.49e-11	3.20e-09	7.96e-08	3.90e-05	3.26e-03	6.90e-02	2.88e-01	3.62e-01	2.17e-01	4.74e-02	9.65e-03	3.71e-03	6.13e-05	3.31e-07
 1.98659e+22	1.60e-27	2.54e-19	7.77e-16	5.01e-13	7.25e-11	4.07e-09	9.76e-08	4.58e-05	3.67e-03	7.48e-02	3.00e-01	3.60e-01	2.07e-01	4.33e-02	8.54e-03	3.17e-03	5.02e-05	2.59e-07
 2.03289e+22	2.17e-27	3.74e-19	1.11e-15	6.94e-13	9.71e-11	5.25e-09	1.21e-07	5.41e-05	4.16e-03	8.13e-02	3.12e-01	3.57e-01	1.96e-01	3.93e-02	7.48e-03	2.67e-03	4.04e-05	1.99e-07
 2.07142e+22	2.78e-27	5.11e-19	1.48e-15	9.02e-13	1.23e-10	6.44e-09	1.44e-07	6.18e-05	4.59e-03	8.69e-02	3.22e-01	3.54e-01	1.87e-01	3.63e-02	6.71e-03	2.33e-03	3.39e-05	1.61e-07
 2.11123e+22	3.58e-27	6.98e-19	1.98e-15	1.17e-12	1.56e-10	7.90e-09	1.71e-07	7.08e-05	5.07e-03	9.28e-02	3.32e-01	3.50e-01	1.79e-01	3.34e-02	6.00e-03	2.02e-03	2.83e-05	1.29e-07
 2.16298e+22	4.89e-27	1.03e-18	2.84e-15	1.64e-12	2.09e-10	1.02e-08	2.13e-07	8.38e-05	5.74e-03	1.01e-01	3.44e-01	3.45e-01	1.68e-01	3.00e-02	5.20e-03	1.69e-03	2.25e-05	0.00e+00
 2.21274e+22	6.46e-27	1.50e-18	4.02e-15	2.24e-12	2.78e-10	1.31e-08	2.62e-07	9.84e-05	6.45e-03	1.08e-01	3.55e-01	3.39e-01	1.58e-01	2.70e-02	4.52e-03	1.42e-03	1.80e-05	0.00e+00
 2.24851e+22	7.89e-27	1.95e-18	5.12e-15	2.80e-12	3.39e-10	1.56e-08	3.03e-07	1.10e-04	7.01e-03	1.14e-01	3.63e-01	3.34e-01	1.51e-01	2.50e-02	4.09e-03	1.25e-03	1.54e-05	0.00e+00
 2.28361e+22	9.56e-27	2.49e-18	6.44e-15	3.45e-12	4.09e-10	1.83e-08	3.48e-07	1.22e-04	7.57e-03	1.20e-01	3.70e-01	3.30e-01	1.45e-01	2.32e-02	3.71e-03	1.11e-03	1.32e-05	0.00e+00
 2.32924e+22	1.22e-26	3.42e-18	8.64e-15	4.52e-12	5.22e-10	2.26e-08	4.16e-07	1.41e-04	8.36e-03	1.28e-01	3.79e-01	3.23e-01	1.36e-01	2.11e-02	3.27e-03	9.46e-04	1.08e-05	0.00e+00
 2.37825e+22	1.57e-26	4.77e-18	1.18e-14	6.01e-12	6.75e-10	2.83e-08	5.02e-07	1.62e-04	9.27e-03	1.36e-01	3.88e-01	3.16e-01	1.28e-01	1.89e-02	2.86e-03	7.99e-04	8.75e-06	0.00e+00
 2.42140e+22	1.93e-26	6.35e-18	1.54e-14	7.67e-12	8.41e-10	3.42e-08	5.90e-07	1.84e-04	1.01e-02	1.44e-01	3.95e-01	3.09e-01	1.21e-01	1.73e-02	2.53e-03	6.89e-04	7.27e-06	0.00e+00
 2.46721e+22	2.41e-26	8.52e-18	2.02e-14	9.88e-12	1.06e-09	4.18e-08	6.99e-07	2.09e-04	1.11e-02	1.52e-01	4.03e-01	3.02e-01	1.13e-01	1.56e-02	2.23e-03	5.89e-04	5.98e-06	0.00e+00
 2.51880e+22	3.06e-26	1.18e-17	2.74e-14	1.31e-11	1.36e-09	5.20e-08	8.42e-07	2.41e-04	1.23e-02	1.62e-01	4.10e-01	2.93e-01	1.06e-01	1.40e-02	1.94e-03	4.94e-04	4.80e-06	0.00e+00
 2.56752e+22	3.78e-26	1.59e-17	3.62e-14	1.69e-11	1.72e-09	6.38e-08	1.00e-06	2.75e-04	1.35e-02	1.71e-01	4.17e-01	2.85e-01	9.87e-02	1.25e-02	1.69e-03	4.19e-04	3.90e-06	0.00e+00
 2.61329e+22	4.57e-26	2.08e-17	4.68e-14	2.14e-11	2.13e-09	7.70e-08	1.17e-06	3.10e-04	1.47e-02	1.80e-01	4.22e-01	2.77e-01	9.25e-02	1.13e-02	1.49e-03	3.59e-04	3.22e-06	0.00e+00
 2.66559e+22	5.70e-26	2.81e-17	6.21e-14	2.78e-11	2.70e-09	9.49e-08	1.40e-06	3.55e-04	1.61e-02	1.90e-01	4.28e-01	2.68e-01	8.58e-02	1.01e-02	1.29e-03	3.01e-04	2.59e-06	0.00e+00
 2.72430e+22	7.17e-26	3.91e-17	8.49e-14	3.72e-11	3.52e-09	1.20e-07	1.71e-06	4.12e-04	1.79e-02	2.02e-01	4.33e-01	2.58e-01	7.87e-02	8.87e-03	1.10e-03	2.47e-04	2.03e-06	0.00e+00
 2.77934e+22	8.77e-26	5.28e-17	1.13e-13	4.85e-11	4.48e-09	1.48e-07	2.05e-06	4.73e-04	1.96e-02	2.13e-01	4.38e-01	2.48e-01	7.26e-02	7.84e-03	9.47e-04	2.05e-04	1.61e-06	0.00e+00
 2.83058e+22	1.05e-25	6.92e-17	1.46e-13	6.17e-11	5.59e-09	1.79e-07	2.42e-06	5.35e-04	2.14e-02	2.23e-01	4.41e-01	2.39e-01	6.72e-02	6.99e-03	8.23e-04	1.73e-04	1.30e-06	0.00e+00
 2.88891e+22	1.28e-25	9.32e-17	1.94e-13	8.04e-11	7.13e-09	2.22e-07	2.91e-06	6.15e-04	2.35e-02	2.35e-01	4.44e-01	2.29e-01	6.15e-02	6.13e-03	7.02e-04	1.42e-04	1.03e-06	0.00e+00
 2.95405e+22	1.57e-25	1.29e-16	2.64e-13	1.08e-10	9.32e-09	2.82e-07	3.57e-06	7.15e-04	2.60e-02	2.48e-01	4.46e-01	2.17e-01	5.56e-02	5.29e-03	5.88e-04	1.15e-04	7.86e-07	0.00e+00
 3.01473e+22	1.88e-25	1.72e-16	3.50e-13	1.40e-10	1.19e-08	3.50e-07	4.31e-06	8.23e-04	2.86e-02	2.61e-01	4.47e-01	2.07e-01	5.05e-02	4.59e-03	4.97e-04	9.34e-05	6.11e-07	0.00e+00
 3.07108e+22	2.20e-25	2.23e-16	4.50e-13	1.78e-10	1.48e-08	4.25e-07	5.10e-06	9.32e-04	3.11e-02	2.73e-01	4.48e-01	1.97e-01	4.63e-02	4.04e-03	4.27e-04	7.77e-05	4.87e-07	0.00e+00
 3.13511e+22	2.62e-25	2.96e-16	5.93e-13	2.31e-10	1.89e-08	5.27e-07	6.15e-06	1.07e-03	3.41e-02	2.86e-01	4.47e-01	1.87e-01	4.18e-02	3.49e-03	3.59e-04	6.30e-05	3.77e-07	0.00e+00
 3.20365e+22	3.10e-25	3.97e-16	7.92e-13	3.04e-10	2.44e-08	6.63e-07	7.52e-06	1.24e-03	3.76e-02	3.00e-01	4.45e-01	1.76e-01	3.74e-02	2.98e-03	2.98e-04	5.02e-05	2.86e-07	0.00e+00
 3.26347e+22	3.56e-25	5.08e-16	1.01e-12	3.83e-10	3.04e-08	8.05e-07	8.91e-06	1.41e-03	4.08e-02	3.12e-01	4.43e-01	1.66e-01	3.39e-02	2.59e-03	2.54e-04	4.13e-05	2.25e-07	0.00e+00
 3.32662e+22	4.13e-25	6.51e-16	1.29e-12	4.85e-10	3.80e-08	9.83e-07	1.06e-05	1.60e-03	4.43e-02	3.24e-01	4.40e-01	1.57e-01	3.06e-02	2.24e-03	2.14e-04	3.37e-05	1.76e-07	0.00e+00
 3.40871e+22	4.89e-25	8.88e-16	1.76e-12	6.54e-10	5.03e-08	1.27e-06	1.33e-05	1.89e-03	4.92e-02	3.41e-01	4.35e-01	1.45e-01	2.67e-02	1.86e-03	1.72e-04	2.59e-05	1.28e-07	0.00e+00
 3.49154e+22	5.70e-25	1.20e-15	2.39e-12	8.78e-10	6.66e-08	1.63e-06	1.66e-05	2.22e-03	5.46e-02	3.57e-01	4.28e-01	1.34e-01	2.32e-02	1.53e-03	1.38e-04	1.98e-05	0.00e+00	0.00e+00
 3.55521e+22	6.36e-25	1.50e-15	2.99e-12	1.09e-09	8.20e-08	1.97e-06	1.96e-05	2.51e-03	5.89e-02	3.69e-01	4.22e-01	1.25e-01	2.09e-02	1.32e-03	1.16e-04	1.61e-05	0.00e+00	0.00e+00
 3.61787e+22	7.09e-25	1.84e-15	3.70e-12	1.34e-09	9.98e-08	2.35e-06	2.30e-05	2.82e-03	6.33e-02	3.80e-01	4.16e-01	1.18e-01	1.88e-02	1.14e-03	9.90e-05	1.32e-05	0.00e+00	0.00e+00
 3.69933e+22	8.13e-25	2.39e-15	4.83e-12	1.74e-09	1.28e-07	2.95e-06	2.82e-05	3.26e-03	6.94e-02	3.94e-01	4.08e-01	1.08e-01	1.64e-02	9.50e-04	8.02e-05	1.03e-05	0.00e+00	0.00e+00
 3.78425e+22	9.20e-25	3.10e-15	6.33e-12	2.28e-09	1.65e-07	3.72e-06	3.48e-05	3.79e-03	7.61e-02	4.08e-01	3.98e-01	9.92e-02	1.42e-02	7.82e-04	6.44e-05	7.90e-06	0.00e+00	0.00e+00
 3.85520e+22	1.02e-24	3.82e-15	7.88e-12	2.82e-09	2.04e-07	4.49e-06	4.13e-05	4.29e-03	8.19e-02	4.19e-01	3.89e-01	9.21e-02	1.26e-02	6.66e-04	5.37e-05	6.35e-06	0.00e+00	0.00e+00
 3.92897e+22	1.13e-24	4.69e-15	9.79e-12	3.49e-09	2.50e-07	5.42e-06	4.90e-05	4.85e-03	8.82e-02	4.30e-01	3.80e-01	8.52e-02	1.11e-02	5.65e-04	4.47e-05	5.09e-06	0.00e+00	0.00e+00
 4.02487e+22	1.30e-24	6.06e-15	1.29e-11	4.57e-09	3.25e-07	6.87e-06	6.08e-05	5.66e-03	9.67e-02	4.43e-01	3.67e-01	7.70e-02	9.49e-03	4.58e-04	3.53e-05	3.84e-06	0.00e+00	0.00e+00
 4.12316e+22	1.47e-24	7.83e-15	1.69e-11	5.99e-09	4.22e-07	8.73e-06	7.56e-05	6.62e-03	1.06e-01	4.56e-01	3.54e-01	6.93e-02	8.05e-03	3.68e-04	2.77e-05	2.88e-06	0.00e+00	0.00e+00
 4.20296e+22	1.62e-24	9.56e-15	2.10e-11	7.40e-09	5.18e-07	1.05e-05	8.98e-05	7.47e-03	1.14e-01	4.65e-01	3.42e-01	6.35e-02	7.04e-03	3.09e-04	2.28e-05	2.28e-06	0.00e+00	0.00e+00
 4.28514e+22	1.81e-24	1.16e-14	2.59e-11	9.12e-09	6.35e-07	1.27e-05	1.07e-04	8.44e-03	1.22e-01	4.74e-01	3.31e-01	5.82e-02	6.16e-03	2.60e-04	1.88e-05	1.81e-06	0.00e+00	0.00e+00
 4.39197e+22	2.08e-24	1.48e-14	3.38e-11	1.19e-08	8.20e-07	1.60e-05	1.32e-04	9.82e-03	1.33e-01	4.84e-01	3.16e-01	5.19e-02	5.18e-03	2.08e-04	1.47e-05	1.35e-06	0.00e+00	0.00e+00
 4.50434e+22	2.39e-24	1.91e-14	4.45e-11	1.56e-08	1.07e-06	2.04e-05	1.65e-04	1.15e-02	1.45e-01	4.93e-01	3.00e-01	4.59e-02	4.32e-03	1.64e-04	1.14e-05	9.92e-07	0.00e+00	0.00e+00
 4.60017e+22	2.70e-24	2.35e-14	5.59e-11	1.95e-08	1.33e-06	2.49e-05	1.98e-04	1.31e-02	1.55e-01	4.99e-01	2.87e-01	4.13e-02	3.70e-03	1.35e-04	9.15e-06	7.67e-07	0.00e+00	0.00e+00
 4.68097e+22	2.98e-24	2.78e-14	6.73e-11	2.34e-08	1.59e-06	2.94e-05	2.30e-04	1.45e-02	1.64e-01	5.04e-01	2.76e-01	3.78e-02	3.25e-03	1.14e-04	7.64e-06	6.19e-07	0.00e+00	0.00e+00
 4.76598e+22	3.34e-24	3.30e-14	8.14e-11	2.82e-08	1.90e-06	3.46e-05	2.68e-04	1.61e-02	1.74e-01	5.07e-01	2.65e-01	3.45e-02	2.84e-03	9.66e-05	6.36e-06	4.98e-07	0.00e+00	0.00e+00
 4.87648e+22	3.89e-24	4.11e-14	1.03e-10	3.57e-08	2.38e-06	4.26e-05	3.24e-04	1.84e-02	1.87e-01	5.11e-01	2.50e-01	3.07e-02	2.40e-03	7.81e-05	5.04e-06	3.78e-07	0.00e+00	0.00e+00
 4.99151e+22	4.51e-24	5.14e-14	1.33e-10	4.54e-08	3.01e-06	5.27e-05	3.95e-04	2.11e-02	2.00e-01	5.13e-01	2.36e-01	2.71e-02	2.01e-03	6.24e-05	3.95e-06	2.83e-07	0.00e+00	0.00e+00
 5.08760e+22	5.10e-24	6.18e-14	1.62e-10	5.53e-08	3.64e-06	6.27e-05	4.63e-04	2.36e-02	2.12e-01	5.14e-01	2.24e-01	2.44e-02	1.73e-03	5.19e-05	3.23e-06	2.24e-07	0.00e+00	0.00e+00
 5.17425e+22	5.72e-24	7.25e-14	1.94e-10	6.56e-08	4.29e-06	7.29e-05	5.32e-04	2.59e-02	2.22e-01	5.14e-01	2.14e-01	2.22e-02	1.52e-03	4.41e-05	2.71e-06	1.82e-07	0.00e+00	0.00e+00
 5.27347e+22	6.58e-24	8.68e-14	2.36e-10	7.94e-08	5.15e-06	8.60e-05	6.20e-04	2.88e-02	2.34e-01	5.13e-01	2.02e-01	2.00e-02	1.31e-03	3.68e-05	2.23e-06	1.44e-07	0.00e+00	0.00e+00
 5.40245e+22	7.87e-24	1.09e-13	3.03e-10	1.01e-07	6.49e-06	1.06e-04	7.52e-04	3.28e-02	2.49e-01	5.11e-01	1.88e-01	1.74e-02	1.08e-03	2.92e-05	1.73e-06	0.00e+00	0.00e+00	0.00e+00
 5.53388e+22	9.35e-24	1.37e-13	3.90e-10	1.29e-07	8.19e-06	1.31e-04	9.12e-04	3.75e-02	2.65e-01	5.07e-01	1.74e-01	1.51e-02	8.92e-04	2.30e-05	1.34e-06	0.00e+00	0.00e+00	0.00e+00
 5.63910e+22	1.07e-23	1.63e-13	4.75e-10	1.56e-07	9.82e-06	1.54e-04	1.06e-03	4.15e-02	2.77e-01	5.02e-01	1.63e-01	1.34e-02	7.63e-04	1.90e-05	1.09e-06	0.00e+00	0.00e+00	0.00e+00
 5.74652e+22	1.25e-23	1.96e-13	5.77e-10	1.88e-07	1.17e-05	1.81e-04	1.23e-03	4.57e-02	2.90e-01	4.97e-01	1.53e-01	1.20e-02	6.56e-04	1.59e-05	8.99e-07	0.00e+00	0.00e+00	0.00e+00
 5.88617e+22	1.52e-23	2.45e-13	7.39e-10	2.38e-07	1.46e-05	2.21e-04	1.47e-03	5.17e-02	3.05e-01	4.89e-01	1.41e-01	1.03e-02	5.40e-04	1.26e-05	6.99e-07	0.00e+00	0.00e+00	0.00e+00
 6.03306e+22	1.85e-23	3.11e-13	9.57e-10	3.04e-07	1.84e-05	2.72e-04	1.78e-03	5.87e-02	3.22e-01	4.79e-01	1.29e-01	8.80e-03	4.38e-04	9.78e-06	5.34e-07	0.00e+00	0.00e+00	0.00e+00
 6.15718e+22	2.19e-23	3.79e-13	1.18e-09	3.72e-07	2.23e-05	3.22e-04	2.08e-03	6.51e-02	3.36e-01	4.70e-01	1.19e-01	7.68e-03	3.67e-04	7.93e-06	4.27e-07	0.00e+00	0.00e+00	0.00e+00
 6.28633e+22	2.62e-23	4.60e-13	1.46e-09	4.54e-07	2.68e-05	3.81e-04	2.43e-03	7.20e-02	3.49e-01	4.60e-01	1.09e-01	6.70e-03	3.08e-04	6.45e-06	3.43e-07	0.00e+00	0.00e+00	0.00e+00
 6.45423e+22	3.31e-23	5.91e-13	1.91e-09	5.85e-07	3.39e-05	4.69e-04	2.94e-03	8.15e-02	3.65e-01	4.46e-01	9.82e-02	5.61e-03	2.46e-04	4.95e-06	2.58e-07	0.00e+00	0.00e+00	0.00e+00
 6.62891e+22	4.20e-23	7.66e-13	2.53e-09	7.60e-07	4.33e-05	5.82e-04	3.57e-03	9.26e-02	3.82e-01	4.29e-01	8.72e-02	4.63e-03	1.94e-04	3.74e-06	1.92e-07	0.00e+00	0.00e+00	0.00e+00
 6.77394e+22	5.08e-23	9.41e-13	3.16e-09	9.38e-07	5.26e-05	6.93e-04	4.19e-03	1.03e-01	3.95e-01	4.14e-01	7.87e-02	3.94e-03	1.59e-04	2.96e-06	1.50e-07	0.00e+00	0.00e+00	0.00e+00
 6.92400e+22	6.27e-23	1.16e-12	3.95e-09	1.15e-06	6.35e-05	8.20e-04	4.87e-03	1.13e-01	4.07e-01	4.00e-01	7.11e-02	3.36e-03	1.31e-04	2.37e-06	1.18e-07	0.00e+00	0.00e+00	0.00e+00
 7.11907e+22	8.19e-23	1.51e-12	5.23e-09	1.50e-06	8.06e-05	1.01e-03	5.89e-03	1.27e-01	4.21e-01	3.80e-01	6.22e-02	2.74e-03	1.02e-04	1.77e-06	0.00e+00	0.00e+00	0.00e+00	0.00e+00
 7.32311e+22	1.08e-22	1.99e-12	7.00e-09	1.96e-06	1.03e-04	1.26e-03	7.17e-03	1.44e-01	4.34e-01	3.57e-01	5.35e-02	2.18e-03	7.82e-05	1.30e-06	0.00e+00	0.00e+00	0.00e+00	0.00e+00
 7.49070e+22	1.35e-22	2.48e-12	8.84e-09	2.43e-06	1.25e-04	1.49e-03	8.37e-03	1.58e-01	4.44e-01	3.39e-01	4.72e-02	1.81e-03	6.28e-05	1.01e-06	0.00e+00	0.00e+00	0.00e+00	0.00e+00
 7.63095e+22	1.62e-22	2.97e-12	1.06e-08	2.89e-06	1.46e-04	1.71e-03	9.47e-03	1.71e-01	4.50e-01	3.24e-01	4.25e-02	1.55e-03	5.26e-05	8.20e-07	0.00e+00	0.00e+00	0.00e+00	0.00e+00
 7.78378e+22	1.99e-22	3.58e-12	1.30e-08	3.47e-06	1.72e-04	1.97e-03	1.08e-02	1.84e-01	4.56e-01	3.07e-01	3.79e-02	1.32e-03	4.35e-05	6.59e-07	0.00e+00	0.00e+00	0.00e+00	0.00e+00
 7.98246e+22	2.60e-22	4.54e-12	1.66e-08	4.35e-06	2.11e-04	2.35e-03	1.26e-02	2.03e-01	4.62e-01	2.87e-01	3.27e-02	1.07e-03	3.42e-05	5.00e-07	0.00e+00	0.00e+00	0.00e+00	0.00e+00
 8.18693e+22	3.41e-22	5.80e-12	2.14e-08	5.50e-06	2.60e-04	2.82e-03	1.48e-02	2.23e-01	4.65e-01	2.65e-01	2.78e-02	8.47e-04	2.65e-05	3.72e-07	0.00e+00	0.00e+00	0.00e+00	0.00e+00
 8.35111e+22	4.22e-22	7.04e-12	2.61e-08	6.59e-06	3.05e-04	3.24e-03	1.68e-02	2.39e-01	4.67e-01	2.49e-01	2.44e-02	7.05e-04	2.16e-05	2.94e-07	0.00e+00	0.00e+00	0.00e+00	0.00e+00
 8.51675e+22	5.24e-22	8.48e-12	3.16e-08	7.84e-06	3.55e-04	3.70e-03	1.88e-02	2.56e-01	4.67e-01	2.33e-01	2.14e-02	5.91e-04	1.77e-05	2.35e-07	0.00e+00	0.00e+00	0.00e+00	0.00e+00
 8.73207e+22	6.95e-22	1.07e-11	4.01e-08	9.75e-06	4.29e-04	4.36e-03	2.18e-02	2.77e-01	4.65e-01	2.13e-01	1.81e-02	4.71e-04	1.38e-05	1.76e-07	0.00e+00	0.00e+00	0.00e+00	0.00e+00
 8.96004e+22	9.36e-22	1.38e-11	5.18e-08	1.23e-05	5.24e-04	5.17e-03	2.53e-02	3.01e-01	4.60e-01	1.93e-01	1.50e-02	3.66e-04	1.05e-05	1.28e-07	0.00e+00	0.00e+00	0.00e+00	0.00e+00
 9.15306e+22	1.20e-21	1.69e-11	6.39e-08	1.48e-05	6.17e-04	5.94e-03	2.86e-02	3.21e-01	4.55e-01	1.76e-01	1.27e-02	2.95e-04	8.31e-06	0.00e+00	0.00e+00	0.00e+00	0.00e+00	0.00e+00
 9.35260e+22	1.55e-21	2.08e-11	7.83e-08	1.78e-05	7.21e-04	6.79e-03	3.20e-02	3.40e-01	4.48e-01	1.61e-01	1.08e-02	2.40e-04	6.64e-06	0.00e+00	0.00e+00	0.00e+00	0.00e+00	0.00e+00
 9.61200e+22	2.16e-21	2.68e-11	1.01e-07	2.24e-05	8.76e-04	8.02e-03	3.69e-02	3.66e-01	4.37e-01	1.43e-01	8.77e-03	1.84e-04	4.97e-06	0.00e+00	0.00e+00	0.00e+00	0.00e+00	0.00e+00
 9.88308e+22	3.07e-21	3.53e-11	1.33e-07	2.86e-05	1.07e-03	9.52e-03	4.27e-02	3.92e-01	4.23e-01	1.25e-01	6.95e-03	1.37e-04	3.63e-06	0.00e+00	0.00e+00	0.00e+00	0.00e+00	0.00e+00
 1.01050e+23	4.07e-21	4.42e-11	1.65e-07	3.47e-05	1.26e-03	1.09e-02	4.78e-02	4.13e-01	4.10e-01	1.11e-01	5.73e-03	1.08e-04	2.81e-06	0.00e+00	0.00e+00	0.00e+00	0.00e+00	0.00e+00
 1.03290e+23	5.41e-21	5.45e-11	2.03e-07	4.17e-05	1.47e-03	1.24e-02	5.31e-02	4.33e-01	3.96e-01	9.93e-02	4.75e-03	8.58e-05	2.21e-06	0.00e+00	0.00e+00	0.00e+00	0.00e+00	0.00e+00
 1.05765e+23	7.45e-21	6.91e-11	2.55e-07	5.11e-05	1.73e-03	1.42e-02	5.94e-02	4.54e-01	3.80e-01	8.72e-02	3.84e-03	6.65e-05	1.68e-06	0.00e+00	0.00e+00	0.00e+00	0.00e+00	0.00e+00
 1.07987e+23	9.97e-21	8.58e-11	3.14e-07	6.14e-05	2.01e-03	1.60e-02	6.55e-02	4.72e-01	3.64e-01	7.73e-02	3.16e-03	5.27e-05	1.31e-06	0.00e+00	0.00e+00	0.00e+00	0.00e+00	0.00e+00
