#depth	N	N+	N+2	N+3	N+4	N+5	N+6	N+7
 6.17135e+19	0.00e+00	2.67e-29	1.38e-22	6.85e-17	7.34e-12	6.84e-07	1.61e-03	9.98e-01
 1.87609e+20	0.00e+00	4.94e-29	2.21e-22	9.53e-17	8.89e-12	8.10e-07	1.81e-03	9.98e-01
 2.90007e+20	0.00e+00	8.00e-29	3.20e-22	1.24e-16	1.04e-11	9.26e-07	1.98e-03	9.98e-01
 3.58237e+20	0.00e+00	1.09e-28	4.08e-22	1.47e-16	1.15e-11	1.01e-06	2.10e-03	9.98e-01
 4.06340e+20	0.00e+00	1.37e-28	4.84e-22	1.66e-16	1.23e-11	1.08e-06	2.18e-03	9.98e-01
 4.40201e+20	0.00e+00	1.58e-28	5.42e-22	1.80e-16	1.29e-11	1.12e-06	2.24e-03	9.98e-01
 4.76478e+20	0.00e+00	1.85e-28	6.14e-22	1.96e-16	1.36e-11	1.18e-06	2.31e-03	9.98e-01
 5.23637e+20	0.00e+00	2.28e-28	7.20e-22	2.20e-16	1.46e-11	1.25e-06	2.40e-03	9.98e-01
 5.75599e+20	0.00e+00	2.85e-28	8.57e-22	2.49e-16	1.57e-11	1.33e-06	2.50e-03	9.98e-01
 6.23195e+20	0.00e+00	3.48e-28	1.00e-21	2.78e-16	1.68e-11	1.41e-06	2.59e-03	9.97e-01
 6.74461e+20	0.00e+00	4.32e-28	1.18e-21	3.14e-16	1.81e-11	1.51e-06	2.69e-03	9.97e-01
 7.31243e+20	0.00e+00	5.45e-28	1.42e-21	3.58e-16	1.96e-11	1.61e-06	2.81e-03	9.97e-01
 7.83777e+20	0.00e+00	6.75e-28	1.68e-21	4.04e-16	2.11e-11	1.72e-06	2.92e-03	9.97e-01
 8.40654e+20	0.00e+00	8.47e-28	2.01e-21	4.60e-16	2.29e-11	1.84e-06	3.04e-03	9.97e-01
 9.00349e+20	0.00e+00	1.07e-27	2.42e-21	5.26e-16	2.49e-11	1.97e-06	3.17e-03	9.97e-01
 9.51031e+20	0.00e+00	1.30e-27	2.82e-21	5.89e-16	2.68e-11	2.09e-06	3.28e-03	9.97e-01
 1.00424e+21	0.00e+00	1.60e-27	3.31e-21	6.62e-16	2.88e-11	2.23e-06	3.40e-03	9.97e-01
 1.07341e+21	0.00e+00	2.07e-27	4.07e-21	7.70e-16	3.18e-11	2.41e-06	3.56e-03	9.96e-01
 1.14360e+21	0.00e+00	2.69e-27	5.00e-21	8.96e-16	3.50e-11	2.61e-06	3.72e-03	9.96e-01
 1.20008e+21	0.00e+00	3.30e-27	5.89e-21	1.01e-15	3.79e-11	2.78e-06	3.85e-03	9.96e-01
 1.25843e+21	0.00e+00	4.07e-27	6.96e-21	1.14e-15	4.11e-11	2.97e-06	4.00e-03	9.96e-01
 1.33430e+21	0.00e+00	5.32e-27	8.62e-21	1.34e-15	4.56e-11	3.22e-06	4.18e-03	9.96e-01
 1.41207e+21	0.00e+00	6.97e-27	1.07e-20	1.58e-15	5.07e-11	3.50e-06	4.38e-03	9.96e-01
 1.47297e+21	0.00e+00	8.59e-27	1.26e-20	1.78e-15	5.50e-11	3.74e-06	4.54e-03	9.95e-01
 1.53279e+21	0.00e+00	1.05e-26	1.48e-20	2.01e-15	5.96e-11	3.98e-06	4.70e-03	9.95e-01
 1.61056e+21	0.00e+00	1.36e-26	1.82e-20	2.35e-15	6.62e-11	4.31e-06	4.91e-03	9.95e-01
 1.69114e+21	0.00e+00	1.77e-26	2.25e-20	2.76e-15	7.36e-11	4.68e-06	5.13e-03	9.95e-01
 1.75829e+21	4.71e-34	2.20e-26	2.68e-20	3.14e-15	8.04e-11	5.01e-06	5.32e-03	9.95e-01
 1.82848e+21	6.10e-34	2.73e-26	3.20e-20	3.59e-15	8.81e-11	5.36e-06	5.52e-03	9.94e-01
 1.91972e+21	8.62e-34	3.65e-26	4.04e-20	4.28e-15	9.92e-11	5.87e-06	5.79e-03	9.94e-01
 2.01179e+21	1.21e-33	4.84e-26	5.07e-20	5.10e-15	1.12e-10	6.41e-06	6.07e-03	9.94e-01
 2.08563e+21	1.58e-33	6.05e-26	6.08e-20	5.85e-15	1.23e-10	6.88e-06	6.29e-03	9.94e-01
 2.15155e+21	2.00e-33	7.37e-26	7.13e-20	6.60e-15	1.33e-10	7.32e-06	6.50e-03	9.93e-01
 2.22647e+21	2.60e-33	9.19e-26	8.52e-20	7.56e-15	1.46e-10	7.84e-06	6.74e-03	9.93e-01
 2.32387e+21	3.63e-33	1.22e-25	1.07e-19	9.01e-15	1.65e-10	8.57e-06	7.06e-03	9.93e-01
 2.42272e+21	5.09e-33	1.62e-25	1.35e-19	1.07e-14	1.87e-10	9.37e-06	7.39e-03	9.93e-01
 2.50211e+21	6.65e-33	2.03e-25	1.62e-19	1.24e-14	2.06e-10	1.01e-05	7.67e-03	9.92e-01
 2.58400e+21	8.72e-33	2.54e-25	1.95e-19	1.42e-14	2.27e-10	1.08e-05	7.96e-03	9.92e-01
 2.69045e+21	1.23e-32	3.41e-25	2.47e-19	1.71e-14	2.58e-10	1.18e-05	8.34e-03	9.92e-01
 2.80036e+21	1.76e-32	4.59e-25	3.15e-19	2.06e-14	2.93e-10	1.30e-05	8.75e-03	9.91e-01
 2.89023e+21	2.34e-32	5.84e-25	3.83e-19	2.40e-14	3.26e-10	1.40e-05	9.10e-03	9.91e-01
 2.96482e+21	2.96e-32	7.12e-25	4.50e-19	2.71e-14	3.56e-10	1.49e-05	9.39e-03	9.91e-01
 3.04410e+21	3.79e-32	8.78e-25	5.34e-19	3.09e-14	3.90e-10	1.59e-05	9.71e-03	9.90e-01
 3.14717e+21	5.19e-32	1.14e-24	6.62e-19	3.66e-14	4.38e-10	1.73e-05	1.01e-02	9.90e-01
 3.25236e+21	7.15e-32	1.50e-24	8.26e-19	4.34e-14	4.94e-10	1.88e-05	1.06e-02	9.89e-01
 3.33698e+21	9.23e-32	1.86e-24	9.85e-19	4.97e-14	5.44e-10	2.01e-05	1.09e-02	9.89e-01
 3.42367e+21	1.19e-31	2.31e-24	1.18e-18	5.70e-14	5.99e-10	2.15e-05	1.13e-02	9.89e-01
 3.53636e+21	1.66e-31	3.06e-24	1.48e-18	6.81e-14	6.79e-10	2.35e-05	1.18e-02	9.88e-01
 3.64234e+21	2.27e-31	3.98e-24	1.83e-18	8.04e-14	7.63e-10	2.55e-05	1.23e-02	9.88e-01
 3.71538e+21	2.80e-31	4.76e-24	2.12e-18	9.00e-14	8.27e-10	2.70e-05	1.27e-02	9.87e-01
 3.78612e+21	3.43e-31	5.65e-24	2.44e-18	1.00e-13	8.93e-10	2.84e-05	1.30e-02	9.87e-01
 3.87808e+21	4.47e-31	7.06e-24	2.93e-18	1.16e-13	9.87e-10	3.05e-05	1.35e-02	9.86e-01
 3.97730e+21	5.93e-31	8.96e-24	3.56e-18	1.35e-13	1.10e-09	3.28e-05	1.40e-02	9.86e-01
 4.06498e+21	7.59e-31	1.10e-23	4.23e-18	1.54e-13	1.21e-09	3.50e-05	1.44e-02	9.86e-01
 4.13944e+21	9.36e-31	1.32e-23	4.89e-18	1.72e-13	1.31e-09	3.70e-05	1.48e-02	9.85e-01
 4.21766e+21	1.17e-30	1.59e-23	5.70e-18	1.94e-13	1.42e-09	3.91e-05	1.53e-02	9.85e-01
 4.30537e+21	1.48e-30	1.95e-23	6.74e-18	2.21e-13	1.56e-09	4.17e-05	1.58e-02	9.84e-01
 4.38785e+21	1.86e-30	2.36e-23	7.89e-18	2.50e-13	1.70e-09	4.42e-05	1.62e-02	9.84e-01
 4.46458e+21	2.31e-30	2.83e-23	9.15e-18	2.80e-13	1.85e-09	4.67e-05	1.67e-02	9.83e-01
 4.55142e+21	2.92e-30	3.45e-23	1.08e-17	3.18e-13	2.02e-09	4.97e-05	1.72e-02	9.83e-01
 4.64765e+21	3.80e-30	4.32e-23	1.29e-17	3.67e-13	2.23e-09	5.32e-05	1.78e-02	9.82e-01
 4.73561e+21	4.82e-30	5.29e-23	1.53e-17	4.18e-13	2.45e-09	5.66e-05	1.83e-02	9.82e-01
 4.81162e+21	5.95e-30	6.31e-23	1.77e-17	4.68e-13	2.65e-09	5.97e-05	1.88e-02	9.81e-01
 4.89258e+21	7.38e-30	7.57e-23	2.05e-17	5.26e-13	2.88e-09	6.31e-05	1.94e-02	9.81e-01
 4.98379e+21	9.43e-30	9.33e-23	2.44e-17	6.01e-13	3.17e-09	6.73e-05	2.00e-02	9.80e-01
 5.06910e+21	1.19e-29	1.13e-22	2.86e-17	6.80e-13	3.46e-09	7.14e-05	2.06e-02	9.79e-01
 5.14732e+21	1.46e-29	1.35e-22	3.31e-17	7.63e-13	3.75e-09	7.53e-05	2.11e-02	9.79e-01
 5.23556e+21	1.85e-29	1.65e-22	3.90e-17	8.67e-13	4.11e-09	8.00e-05	2.18e-02	9.78e-01
 5.33337e+21	2.41e-29	2.06e-22	4.69e-17	9.99e-13	4.55e-09	8.56e-05	2.25e-02	9.77e-01
 5.42295e+21	3.06e-29	2.53e-22	5.54e-17	1.14e-12	4.99e-09	9.10e-05	2.32e-02	9.77e-01
 5.50512e+21	3.81e-29	3.05e-22	6.45e-17	1.28e-12	5.42e-09	9.62e-05	2.38e-02	9.76e-01
 5.58603e+21	4.72e-29	3.66e-22	7.50e-17	1.44e-12	5.90e-09	1.02e-04	2.45e-02	9.75e-01
 5.67895e+21	6.04e-29	4.51e-22	8.91e-17	1.65e-12	6.48e-09	1.08e-04	2.53e-02	9.75e-01
 5.77947e+21	7.90e-29	5.66e-22	1.07e-16	1.91e-12	7.19e-09	1.16e-04	2.61e-02	9.74e-01
 5.86644e+21	9.95e-29	6.88e-22	1.26e-16	2.17e-12	7.87e-09	1.23e-04	2.69e-02	9.73e-01
 5.94317e+21	1.22e-28	8.18e-22	1.46e-16	2.42e-12	8.51e-09	1.29e-04	2.76e-02	9.72e-01
 6.03005e+21	1.54e-28	9.95e-22	1.71e-16	2.75e-12	9.30e-09	1.37e-04	2.84e-02	9.71e-01
 6.14298e+21	2.07e-28	1.28e-21	2.11e-16	3.23e-12	1.04e-08	1.48e-04	2.94e-02	9.70e-01
 6.25595e+21	2.80e-28	1.65e-21	2.60e-16	3.81e-12	1.17e-08	1.60e-04	3.06e-02	9.69e-01
 6.34257e+21	3.55e-28	2.03e-21	3.08e-16	4.35e-12	1.29e-08	1.70e-04	3.15e-02	9.68e-01
 6.42880e+21	4.42e-28	2.44e-21	3.59e-16	4.90e-12	1.40e-08	1.79e-04	3.23e-02	9.67e-01
 6.54091e+21	5.94e-28	3.14e-21	4.42e-16	5.77e-12	1.57e-08	1.93e-04	3.35e-02	9.66e-01
 6.65579e+21	8.05e-28	4.06e-21	5.47e-16	6.82e-12	1.77e-08	2.09e-04	3.48e-02	9.65e-01
 6.74849e+21	1.03e-27	5.00e-21	6.50e-16	7.80e-12	1.95e-08	2.22e-04	3.59e-02	9.64e-01
 6.84321e+21	1.32e-27	6.17e-21	7.73e-16	8.94e-12	2.14e-08	2.37e-04	3.70e-02	9.63e-01
 6.96635e+21	1.81e-27	8.11e-21	9.69e-16	1.07e-11	2.43e-08	2.57e-04	3.85e-02	9.61e-01
 7.09112e+21	2.51e-27	1.07e-20	1.22e-15	1.28e-11	2.76e-08	2.79e-04	4.00e-02	9.60e-01
 7.18955e+21	3.24e-27	1.33e-20	1.46e-15	1.47e-11	3.05e-08	2.97e-04	4.13e-02	9.58e-01
 7.28903e+21	4.17e-27	1.65e-20	1.74e-15	1.69e-11	3.37e-08	3.17e-04	4.26e-02	9.57e-01
 7.41835e+21	5.78e-27	2.18e-20	2.20e-15	2.03e-11	3.83e-08	3.45e-04	4.44e-02	9.55e-01
 7.55267e+21	8.10e-27	2.90e-20	2.79e-15	2.45e-11	4.37e-08	3.76e-04	4.63e-02	9.53e-01
 7.65868e+21	1.05e-26	3.63e-20	3.36e-15	2.84e-11	4.85e-08	4.02e-04	4.78e-02	9.52e-01
 7.74606e+21	1.30e-26	4.35e-20	3.91e-15	3.20e-11	5.28e-08	4.24e-04	4.91e-02	9.51e-01
 7.84398e+21	1.65e-26	5.32e-20	4.62e-15	3.65e-11	5.80e-08	4.51e-04	5.05e-02	9.49e-01
 7.97129e+21	2.23e-26	6.87e-20	5.73e-15	4.33e-11	6.54e-08	4.87e-04	5.25e-02	9.47e-01
 8.10366e+21	3.03e-26	8.94e-20	7.14e-15	5.15e-11	7.40e-08	5.28e-04	5.45e-02	9.45e-01
 8.21402e+21	3.90e-26	1.11e-19	8.54e-15	5.94e-11	8.19e-08	5.64e-04	5.62e-02	9.43e-01
 8.32889e+21	5.03e-26	1.38e-19	1.02e-14	6.86e-11	9.08e-08	6.02e-04	5.81e-02	9.41e-01
 8.47821e+21	6.96e-26	1.82e-19	1.29e-14	8.25e-11	1.04e-07	6.56e-04	6.05e-02	9.39e-01
 8.63038e+21	9.62e-26	2.40e-19	1.63e-14	9.92e-11	1.18e-07	7.14e-04	6.30e-02	9.36e-01
 8.75317e+21	1.24e-25	2.99e-19	1.96e-14	1.15e-10	1.31e-07	7.64e-04	6.51e-02	9.34e-01
 8.87972e+21	1.60e-25	3.72e-19	2.35e-14	1.33e-10	1.46e-07	8.17e-04	6.72e-02	9.32e-01
 9.04425e+21	2.21e-25	4.91e-19	2.97e-14	1.60e-10	1.66e-07	8.90e-04	7.00e-02	9.29e-01
 9.21427e+21	3.06e-25	6.49e-19	3.76e-14	1.93e-10	1.90e-07	9.71e-04	7.30e-02	9.26e-01
 9.34864e+21	3.93e-25	8.04e-19	4.50e-14	2.23e-10	2.11e-07	1.04e-03	7.53e-02	9.24e-01
 9.45995e+21	4.81e-25	9.57e-19	5.21e-14	2.51e-10	2.30e-07	1.10e-03	7.73e-02	9.22e-01
 9.58409e+21	6.00e-25	1.16e-18	6.11e-14	2.85e-10	2.52e-07	1.16e-03	7.95e-02	9.19e-01
 9.74546e+21	7.92e-25	1.47e-18	7.48e-14	3.35e-10	2.83e-07	1.25e-03	8.24e-02	9.16e-01
 9.91374e+21	1.05e-24	1.88e-18	9.19e-14	3.96e-10	3.19e-07	1.36e-03	8.54e-02	9.13e-01
 1.00549e+22	1.33e-24	2.29e-18	1.09e-13	4.54e-10	3.52e-07	1.44e-03	8.80e-02	9.11e-01
 1.02023e+22	1.68e-24	2.81e-18	1.29e-13	5.21e-10	3.89e-07	1.54e-03	9.08e-02	9.08e-01
 1.03939e+22	2.26e-24	3.63e-18	1.60e-13	6.21e-10	4.42e-07	1.67e-03	9.43e-02	9.04e-01
 1.05892e+22	3.05e-24	4.68e-18	1.99e-13	7.39e-10	5.01e-07	1.81e-03	9.80e-02	9.00e-01
 1.07468e+22	3.84e-24	5.72e-18	2.36e-13	8.48e-10	5.54e-07	1.93e-03	1.01e-01	8.97e-01
 1.08828e+22	4.70e-24	6.81e-18	2.74e-13	9.55e-10	6.04e-07	2.04e-03	1.04e-01	8.94e-01
 1.10330e+22	5.77e-24	8.13e-18	3.18e-13	1.08e-09	6.60e-07	2.16e-03	1.06e-01	8.91e-01
 1.12281e+22	7.53e-24	1.02e-17	3.86e-13	1.26e-09	7.40e-07	2.33e-03	1.10e-01	8.87e-01
 1.14275e+22	9.85e-24	1.29e-17	4.70e-13	1.48e-09	8.31e-07	2.51e-03	1.14e-01	8.83e-01
 1.15888e+22	1.22e-23	1.55e-17	5.51e-13	1.68e-09	9.13e-07	2.67e-03	1.17e-01	8.80e-01
 1.17549e+22	1.49e-23	1.84e-17	6.36e-13	1.89e-09	9.95e-07	2.82e-03	1.20e-01	8.77e-01
 1.19708e+22	1.96e-23	2.33e-17	7.78e-13	2.23e-09	1.12e-06	3.04e-03	1.25e-01	8.72e-01
 1.21930e+22	2.56e-23	2.94e-17	9.48e-13	2.62e-09	1.26e-06	3.28e-03	1.29e-01	8.68e-01
 1.23773e+22	3.19e-23	3.56e-17	1.11e-12	2.99e-09	1.39e-06	3.49e-03	1.33e-01	8.64e-01
 1.25707e+22	3.96e-23	4.29e-17	1.31e-12	3.40e-09	1.53e-06	3.71e-03	1.37e-01	8.60e-01
 1.28221e+22	5.23e-23	5.46e-17	1.60e-12	4.02e-09	1.72e-06	4.01e-03	1.42e-01	8.54e-01
 1.30814e+22	6.93e-23	6.96e-17	1.97e-12	4.75e-09	1.95e-06	4.35e-03	1.47e-01	8.49e-01
 1.32851e+22	8.58e-23	8.38e-17	2.31e-12	5.40e-09	2.14e-06	4.62e-03	1.51e-01	8.45e-01
 1.34842e+22	1.05e-22	9.99e-17	2.68e-12	6.11e-09	2.35e-06	4.89e-03	1.55e-01	8.40e-01
 1.37430e+22	1.36e-22	1.25e-16	3.24e-12	7.13e-09	2.63e-06	5.26e-03	1.60e-01	8.35e-01
 1.40137e+22	1.77e-22	1.57e-16	3.94e-12	8.35e-09	2.95e-06	5.67e-03	1.65e-01	8.29e-01
 1.42438e+22	2.21e-22	1.90e-16	4.62e-12	9.52e-09	3.25e-06	6.03e-03	1.70e-01	8.24e-01
 1.44866e+22	2.76e-22	2.30e-16	5.45e-12	1.09e-08	3.59e-06	6.42e-03	1.75e-01	8.19e-01
 1.48023e+22	3.66e-22	2.94e-16	6.71e-12	1.29e-08	4.07e-06	6.96e-03	1.81e-01	8.12e-01
 1.51307e+22	4.88e-22	3.77e-16	8.30e-12	1.53e-08	4.62e-06	7.55e-03	1.88e-01	8.05e-01
 1.54081e+22	6.19e-22	4.63e-16	9.87e-12	1.77e-08	5.13e-06	8.07e-03	1.93e-01	7.98e-01
 1.57015e+22	7.88e-22	5.70e-16	1.18e-11	2.04e-08	5.71e-06	8.64e-03	1.99e-01	7.92e-01
 1.60215e+22	1.02e-21	7.14e-16	1.43e-11	2.39e-08	6.41e-06	9.30e-03	2.06e-01	7.85e-01
 1.63113e+22	1.29e-21	8.72e-16	1.69e-11	2.74e-08	7.10e-06	9.93e-03	2.12e-01	7.78e-01
 1.66231e+22	1.64e-21	1.07e-15	2.02e-11	3.17e-08	7.90e-06	1.06e-02	2.18e-01	7.71e-01
 1.69751e+22	2.13e-21	1.35e-15	2.45e-11	3.71e-08	8.87e-06	1.14e-02	2.25e-01	7.64e-01
 1.72984e+22	2.70e-21	1.66e-15	2.92e-11	4.28e-08	9.86e-06	1.22e-02	2.31e-01	7.56e-01
 1.75853e+22	3.32e-21	1.98e-15	3.39e-11	4.84e-08	1.08e-05	1.30e-02	2.37e-01	7.50e-01
 1.79058e+22	4.16e-21	2.41e-15	4.01e-11	5.55e-08	1.19e-05	1.38e-02	2.44e-01	7.42e-01
 1.83225e+22	5.51e-21	3.07e-15	4.92e-11	6.56e-08	1.35e-05	1.49e-02	2.52e-01	7.33e-01
 1.87454e+22	7.33e-21	3.93e-15	6.08e-11	7.80e-08	1.53e-05	1.62e-02	2.60e-01	7.23e-01
 1.90812e+22	9.18e-21	4.77e-15	7.18e-11	8.94e-08	1.70e-05	1.73e-02	2.67e-01	7.16e-01
 1.94224e+22	1.14e-20	5.77e-15	8.44e-11	1.02e-07	1.87e-05	1.84e-02	2.74e-01	7.08e-01
 1.98659e+22	1.50e-20	7.31e-15	1.03e-10	1.20e-07	2.11e-05	1.98e-02	2.83e-01	6.98e-01
 2.03289e+22	2.01e-20	9.39e-15	1.28e-10	1.43e-07	2.40e-05	2.15e-02	2.92e-01	6.87e-01
 2.07142e+22	2.53e-20	1.15e-14	1.52e-10	1.65e-07	2.67e-05	2.29e-02	3.00e-01	6.77e-01
 2.11123e+22	3.20e-20	1.41e-14	1.80e-10	1.90e-07	2.96e-05	2.45e-02	3.07e-01	6.68e-01
 2.16298e+22	4.29e-20	1.81e-14	2.24e-10	2.27e-07	3.38e-05	2.66e-02	3.17e-01	6.56e-01
 2.21274e+22	5.68e-20	2.32e-14	2.76e-10	2.70e-07	3.84e-05	2.88e-02	3.27e-01	6.44e-01
 2.24851e+22	6.92e-20	2.75e-14	3.20e-10	3.04e-07	4.19e-05	3.04e-02	3.34e-01	6.36e-01
 2.28361e+22	8.34e-20	3.23e-14	3.67e-10	3.41e-07	4.56e-05	3.20e-02	3.41e-01	6.27e-01
 2.32924e+22	1.06e-19	3.99e-14	4.39e-10	3.96e-07	5.09e-05	3.43e-02	3.49e-01	6.16e-01
 2.37825e+22	1.37e-19	4.97e-14	5.31e-10	4.63e-07	5.71e-05	3.68e-02	3.59e-01	6.04e-01
 2.42140e+22	1.70e-19	6.01e-14	6.25e-10	5.30e-07	6.31e-05	3.92e-02	3.67e-01	5.94e-01
 2.46721e+22	2.13e-19	7.32e-14	7.40e-10	6.10e-07	7.01e-05	4.18e-02	3.75e-01	5.83e-01
 2.51880e+22	2.74e-19	9.10e-14	8.93e-10	7.13e-07	7.86e-05	4.48e-02	3.85e-01	5.71e-01
 2.56752e+22	3.45e-19	1.11e-13	1.06e-09	8.24e-07	8.75e-05	4.78e-02	3.93e-01	5.59e-01
 2.61329e+22	4.26e-19	1.34e-13	1.25e-09	9.42e-07	9.66e-05	5.08e-02	4.01e-01	5.48e-01
 2.66559e+22	5.39e-19	1.64e-13	1.49e-09	1.09e-06	1.08e-04	5.43e-02	4.10e-01	5.35e-01
 2.72430e+22	6.98e-19	2.06e-13	1.81e-09	1.29e-06	1.22e-04	5.85e-02	4.20e-01	5.21e-01
 2.77934e+22	8.85e-19	2.54e-13	2.17e-09	1.50e-06	1.37e-04	6.26e-02	4.30e-01	5.08e-01
 2.83058e+22	1.10e-18	3.06e-13	2.56e-09	1.73e-06	1.51e-04	6.66e-02	4.38e-01	4.95e-01
 2.88891e+22	1.39e-18	3.77e-13	3.07e-09	2.01e-06	1.70e-04	7.14e-02	4.47e-01	4.81e-01
 2.95405e+22	1.79e-18	4.73e-13	3.75e-09	2.38e-06	1.93e-04	7.70e-02	4.57e-01	4.66e-01
 3.01473e+22	2.27e-18	5.82e-13	4.50e-09	2.79e-06	2.16e-04	8.25e-02	4.66e-01	4.51e-01
 3.07108e+22	2.79e-18	7.00e-13	5.30e-09	3.21e-06	2.40e-04	8.77e-02	4.74e-01	4.38e-01
 3.13511e+22	3.51e-18	8.57e-13	6.34e-09	3.74e-06	2.70e-04	9.39e-02	4.83e-01	4.23e-01
 3.20365e+22	4.46e-18	1.06e-12	7.66e-09	4.41e-06	3.05e-04	1.01e-01	4.91e-01	4.08e-01
 3.26347e+22	5.45e-18	1.27e-12	9.00e-09	5.07e-06	3.38e-04	1.07e-01	4.98e-01	3.94e-01
 3.32662e+22	6.67e-18	1.52e-12	1.06e-08	5.84e-06	3.77e-04	1.14e-01	5.06e-01	3.80e-01
 3.40871e+22	8.59e-18	1.91e-12	1.30e-08	6.99e-06	4.31e-04	1.23e-01	5.14e-01	3.62e-01
 3.49154e+22	1.10e-17	2.39e-12	1.59e-08	8.35e-06	4.93e-04	1.33e-01	5.22e-01	3.44e-01
 3.55521e+22	1.32e-17	2.82e-12	1.85e-08	9.54e-06	5.46e-04	1.41e-01	5.27e-01	3.31e-01
 3.61787e+22	1.56e-17	3.29e-12	2.13e-08	1.08e-05	6.00e-04	1.49e-01	5.32e-01	3.19e-01
 3.69933e+22	1.93e-17	3.98e-12	2.54e-08	1.27e-05	6.77e-04	1.59e-01	5.38e-01	3.03e-01
 3.78425e+22	2.39e-17	4.84e-12	3.03e-08	1.49e-05	7.65e-04	1.70e-01	5.43e-01	2.87e-01
 3.85520e+22	2.83e-17	5.65e-12	3.50e-08	1.69e-05	8.45e-04	1.80e-01	5.46e-01	2.74e-01
 3.92897e+22	3.35e-17	6.59e-12	4.04e-08	1.93e-05	9.33e-04	1.90e-01	5.49e-01	2.61e-01
 4.02487e+22	4.11e-17	7.97e-12	4.82e-08	2.26e-05	1.06e-03	2.03e-01	5.51e-01	2.45e-01
 4.12316e+22	5.04e-17	9.61e-12	5.75e-08	2.66e-05	1.19e-03	2.17e-01	5.53e-01	2.29e-01
 4.20296e+22	5.89e-17	1.11e-11	6.59e-08	3.01e-05	1.31e-03	2.28e-01	5.54e-01	2.17e-01
 4.28514e+22	6.85e-17	1.28e-11	7.53e-08	3.40e-05	1.45e-03	2.40e-01	5.54e-01	2.05e-01
 4.39197e+22	8.26e-17	1.52e-11	8.88e-08	3.95e-05	1.63e-03	2.55e-01	5.53e-01	1.90e-01
 4.50434e+22	9.97e-17	1.82e-11	1.05e-07	4.62e-05	1.83e-03	2.72e-01	5.50e-01	1.76e-01
 4.60017e+22	1.16e-16	2.10e-11	1.20e-07	5.24e-05	2.02e-03	2.86e-01	5.48e-01	1.64e-01
 4.68097e+22	1.14e-16	2.36e-11	1.34e-07	5.80e-05	2.19e-03	2.98e-01	5.45e-01	1.55e-01
 4.76598e+22	1.28e-16	2.65e-11	1.50e-07	6.42e-05	2.37e-03	3.10e-01	5.41e-01	1.46e-01
 4.87648e+22	1.71e-16	3.05e-11	1.72e-07	7.28e-05	2.61e-03	3.26e-01	5.36e-01	1.35e-01
 4.99151e+22	1.99e-16	3.53e-11	1.98e-07	8.29e-05	2.89e-03	3.43e-01	5.30e-01	1.25e-01
 5.08760e+22	2.24e-16	3.96e-11	2.21e-07	9.18e-05	3.13e-03	3.56e-01	5.24e-01	1.16e-01
 5.17425e+22	2.49e-16	4.38e-11	2.44e-07	1.00e-04	3.35e-03	3.69e-01	5.18e-01	1.09e-01
 5.27347e+22	2.80e-16	4.89e-11	2.71e-07	1.10e-04	3.61e-03	3.82e-01	5.12e-01	1.02e-01
 5.40245e+22	3.22e-16	5.59e-11	3.09e-07	1.24e-04	3.96e-03	4.00e-01	5.03e-01	9.32e-02
 5.53388e+22	3.71e-16	6.40e-11	3.51e-07	1.40e-04	4.35e-03	4.18e-01	4.93e-01	8.48e-02
 5.63910e+22	4.11e-16	7.08e-11	3.88e-07	1.54e-04	4.68e-03	4.32e-01	4.84e-01	7.86e-02
 5.74652e+22	4.58e-16	7.83e-11	4.28e-07	1.67e-04	5.00e-03	4.46e-01	4.76e-01	7.29e-02
 5.88617e+22	5.21e-16	8.87e-11	4.82e-07	1.87e-04	5.44e-03	4.64e-01	4.64e-01	6.62e-02
 6.03306e+22	5.94e-16	1.01e-10	5.46e-07	2.09e-04	5.93e-03	4.83e-01	4.52e-01	5.96e-02
 6.15718e+22	6.61e-16	1.11e-10	6.03e-07	2.28e-04	6.36e-03	4.98e-01	4.41e-01	5.45e-02
 6.28633e+22	7.33e-16	1.23e-10	6.65e-07	2.49e-04	6.80e-03	5.13e-01	4.30e-01	4.99e-02
 6.45423e+22	8.34e-16	1.40e-10	7.52e-07	2.77e-04	7.40e-03	5.32e-01	4.16e-01	4.44e-02
 6.62891e+22	9.50e-16	1.59e-10	8.52e-07	3.09e-04	8.05e-03	5.52e-01	4.00e-01	3.93e-02
 6.77394e+22	1.05e-15	1.75e-10	9.40e-07	3.37e-04	8.62e-03	5.69e-01	3.87e-01	3.54e-02
 6.92400e+22	1.16e-15	1.93e-10	1.04e-06	3.66e-04	9.19e-03	5.84e-01	3.75e-01	3.20e-02
 7.11907e+22	1.32e-15	2.18e-10	1.17e-06	4.06e-04	9.95e-03	6.03e-01	3.59e-01	2.81e-02
 7.32311e+22	1.49e-15	2.46e-10	1.32e-06	4.51e-04	1.08e-02	6.23e-01	3.41e-01	2.43e-02
 7.49070e+22	1.65e-15	2.71e-10	1.45e-06	4.89e-04	1.15e-02	6.39e-01	3.27e-01	2.16e-02
 7.63095e+22	1.78e-15	2.93e-10	1.57e-06	5.21e-04	1.21e-02	6.52e-01	3.16e-01	1.97e-02
 7.78378e+22	1.93e-15	3.17e-10	1.71e-06	5.58e-04	1.28e-02	6.65e-01	3.04e-01	1.78e-02
 7.98246e+22	2.13e-15	3.50e-10	1.89e-06	6.06e-04	1.36e-02	6.80e-01	2.90e-01	1.56e-02
 8.18693e+22	2.35e-15	3.87e-10	2.10e-06	6.59e-04	1.45e-02	6.97e-01	2.75e-01	1.36e-02
 8.35111e+22	2.54e-15	4.19e-10	2.27e-06	7.03e-04	1.53e-02	7.09e-01	2.63e-01	1.21e-02
 8.51675e+22	2.73e-15	4.52e-10	2.46e-06	7.47e-04	1.60e-02	7.20e-01	2.52e-01	1.09e-02
 8.73207e+22	2.99e-15	4.95e-10	2.71e-06	8.07e-04	1.70e-02	7.34e-01	2.39e-01	9.52e-03
 8.96004e+22	3.29e-15	5.46e-10	3.01e-06	8.74e-04	1.81e-02	7.49e-01	2.24e-01	8.19e-03
 9.15306e+22	3.55e-15	5.92e-10	3.28e-06	9.33e-04	1.91e-02	7.60e-01	2.12e-01	7.21e-03
 9.35260e+22	3.84e-15	6.42e-10	3.57e-06	9.93e-04	2.01e-02	7.71e-01	2.02e-01	6.38e-03
 9.61200e+22	4.20e-15	7.08e-10	3.97e-06	1.08e-03	2.14e-02	7.83e-01	1.89e-01	5.44e-03
 9.88308e+22	4.65e-15	7.87e-10	4.46e-06	1.17e-03	2.28e-02	7.97e-01	1.75e-01	4.57e-03
 1.01050e+23	5.04e-15	8.58e-10	4.89e-06	1.25e-03	2.40e-02	8.07e-01	1.64e-01	3.97e-03
 1.03290e+23	5.43e-15	9.31e-10	5.36e-06	1.33e-03	2.52e-02	8.15e-01	1.55e-01	3.48e-03
 1.05765e+23	5.92e-15	1.02e-09	5.93e-06	1.43e-03	2.67e-02	8.24e-01	1.45e-01	2.99e-03
 1.07987e+23	6.42e-15	1.11e-09	6.51e-06	1.52e-03	2.80e-02	8.32e-01	1.36e-01	2.60e-03
 1.09951e+23	6.88e-15	1.20e-09	7.05e-06	1.60e-03	2.92e-02	8.38e-01	1.29e-01	2.32e-03
 1.12136e+23	7.39e-15	1.30e-09	7.70e-06	1.70e-03	3.05e-02	8.44e-01	1.22e-01	2.05e-03
 1.14578e+23	8.07e-15	1.42e-09	8.51e-06	1.81e-03	3.21e-02	8.50e-01	1.14e-01	1.77e-03
 1.16835e+23	8.79e-15	1.55e-09	9.36e-06	1.93e-03	3.36e-02	8.56e-01	1.07e-01	1.56e-03
 1.18893e+23	9.48e-15	1.68e-09	1.02e-05	2.04e-03	3.51e-02	8.60e-01	1.01e-01	1.38e-03
 1.21212e+23	1.03e-14	1.84e-09	1.12e-05	2.17e-03	3.67e-02	8.64e-01	9.56e-02	1.22e-03
 1.24227e+23	1.15e-14	2.06e-09	1.27e-05	2.35e-03	3.88e-02	8.69e-01	8.89e-02	1.04e-03
 1.27323e+23	1.30e-14	2.35e-09	1.45e-05	2.56e-03	4.14e-02	8.74e-01	8.16e-02	8.75e-04
 1.29741e+23	1.45e-14	2.62e-09	1.63e-05	2.76e-03	4.36e-02	8.77e-01	7.62e-02	7.60e-04
 1.31737e+23	1.58e-14	2.86e-09	1.78e-05	2.92e-03	4.52e-02	8.79e-01	7.25e-02	6.85e-04
 1.33971e+23	1.73e-14	3.14e-09	1.96e-05	3.11e-03	4.73e-02	8.80e-01	6.87e-02	6.11e-04
 1.36876e+23	1.95e-14	3.55e-09	2.23e-05	3.37e-03	4.99e-02	8.82e-01	6.42e-02	5.30e-04
 1.40006e+23	2.26e-14	4.11e-09	2.59e-05	3.71e-03	5.32e-02	8.83e-01	5.92e-02	4.50e-04
 1.42662e+23	2.58e-14	4.71e-09	2.96e-05	4.05e-03	5.63e-02	8.84e-01	5.51e-02	3.89e-04
 1.44865e+23	2.90e-14	5.26e-09	3.31e-05	4.34e-03	5.89e-02	8.84e-01	5.22e-02	3.49e-04
 1.47246e+23	3.25e-14	5.90e-09	3.71e-05	4.68e-03	6.17e-02	8.84e-01	4.95e-02	3.12e-04
 1.50341e+23	3.78e-14	6.85e-09	4.30e-05	5.17e-03	6.55e-02	8.83e-01	4.62e-02	2.70e-04
 1.53579e+23	4.55e-14	8.21e-09	5.14e-05	5.81e-03	7.03e-02	8.81e-01	4.25e-02	2.30e-04
 1.56131e+23	5.34e-14	9.58e-09	5.95e-05	6.42e-03	7.44e-02	8.79e-01	3.98e-02	2.02e-04
 1.58088e+23	5.99e-14	1.07e-08	6.66e-05	6.93e-03	7.78e-02	8.77e-01	3.79e-02	1.83e-04
 1.60144e+23	6.78e-14	1.21e-08	7.50e-05	7.51e-03	8.14e-02	8.75e-01	3.61e-02	1.66e-04
 1.62816e+23	7.97e-14	1.42e-08	8.73e-05	8.33e-03	8.62e-02	8.71e-01	3.40e-02	1.47e-04
 1.65645e+23	9.62e-14	1.70e-08	1.04e-04	9.43e-03	9.22e-02	8.66e-01	3.17e-02	1.28e-04
 1.67974e+23	1.14e-13	2.00e-08	1.22e-04	1.05e-02	9.77e-02	8.62e-01	2.99e-02	1.14e-04
 1.69898e+23	1.31e-13	2.29e-08	1.39e-04	1.16e-02	1.03e-01	8.57e-01	2.84e-02	1.04e-04
 1.72000e+23	1.51e-13	2.64e-08	1.59e-04	1.28e-02	1.08e-01	8.52e-01	2.71e-02	9.48e-05
 1.74733e+23	1.83e-13	3.18e-08	1.91e-04	1.46e-02	1.15e-01	8.45e-01	2.55e-02	8.40e-05
 1.77540e+23	2.31e-13	3.99e-08	2.37e-04	1.71e-02	1.24e-01	8.35e-01	2.37e-02	7.32e-05
 1.79668e+23	2.79e-13	4.79e-08	2.83e-04	1.95e-02	1.32e-01	8.25e-01	2.23e-02	6.58e-05
 1.81272e+23	3.25e-13	5.56e-08	3.27e-04	2.17e-02	1.39e-01	8.17e-01	2.13e-02	6.04e-05
 1.82973e+23	3.75e-13	6.41e-08	3.76e-04	2.41e-02	1.46e-01	8.09e-01	2.04e-02	5.57e-05
 1.84840e+23	4.48e-13	7.62e-08	4.44e-04	2.74e-02	1.55e-01	7.98e-01	1.94e-02	5.08e-05
 1.86456e+23	5.28e-13	8.97e-08	5.21e-04	3.10e-02	1.63e-01	7.87e-01	1.84e-02	4.66e-05
 1.87765e+23	6.08e-13	1.03e-07	5.95e-04	3.44e-02	1.71e-01	7.77e-01	1.77e-02	4.34e-05
 1.89141e+23	6.98e-13	1.18e-07	6.82e-04	3.83e-02	1.78e-01	7.66e-01	1.69e-02	4.05e-05
 1.90693e+23	8.28e-13	1.40e-07	8.05e-04	4.37e-02	1.88e-01	7.51e-01	1.61e-02	3.71e-05
 1.92090e+23	9.75e-13	1.64e-07	9.44e-04	4.97e-02	1.98e-01	7.36e-01	1.53e-02	3.42e-05
 1.93235e+23	1.13e-12	1.91e-07	1.09e-03	5.59e-02	2.07e-01	7.21e-01	1.46e-02	3.19e-05
 1.94252e+23	1.28e-12	2.16e-07	1.24e-03	6.19e-02	2.15e-01	7.07e-01	1.40e-02	2.99e-05
 1.95386e+23	1.48e-12	2.50e-07	1.43e-03	6.96e-02	2.24e-01	6.91e-01	1.34e-02	2.79e-05
 1.96627e+23	1.76e-12	2.96e-07	1.69e-03	8.01e-02	2.36e-01	6.70e-01	1.26e-02	2.55e-05
 1.97687e+23	2.07e-12	3.49e-07	1.99e-03	9.17e-02	2.47e-01	6.47e-01	1.19e-02	2.35e-05
 1.98521e+23	2.36e-12	3.97e-07	2.27e-03	1.02e-01	2.56e-01	6.28e-01	1.13e-02	2.18e-05
 1.99382e+23	2.70e-12	4.55e-07	2.60e-03	1.15e-01	2.65e-01	6.07e-01	1.07e-02	2.04e-05
 2.00341e+23	3.17e-12	5.34e-07	3.06e-03	1.31e-01	2.75e-01	5.80e-01	9.98e-03	1.86e-05
 2.01182e+23	3.70e-12	6.26e-07	3.58e-03	1.50e-01	2.85e-01	5.51e-01	9.28e-03	1.69e-05
 2.01773e+23	4.18e-12	7.07e-07	4.05e-03	1.67e-01	2.93e-01	5.27e-01	8.71e-03	1.56e-05
 2.02165e+23	4.54e-12	7.68e-07	4.40e-03	1.79e-01	2.97e-01	5.11e-01	8.34e-03	1.48e-05
 2.02556e+23	4.89e-12	8.27e-07	4.74e-03	1.91e-01	3.01e-01	4.95e-01	8.01e-03	1.41e-05
 2.03065e+23	5.39e-12	9.13e-07	5.24e-03	2.09e-01	3.05e-01	4.73e-01	7.56e-03	1.31e-05
 2.03613e+23	6.06e-12	1.03e-06	5.92e-03	2.31e-01	3.10e-01	4.46e-01	6.99e-03	1.20e-05
 2.04059e+23	6.74e-12	1.14e-06	6.59e-03	2.54e-01	3.13e-01	4.20e-01	6.49e-03	1.10e-05
 2.04391e+23	7.29e-12	1.24e-06	7.15e-03	2.72e-01	3.15e-01	3.99e-01	6.10e-03	1.02e-05
 2.04725e+23	7.87e-12	1.34e-06	7.72e-03	2.91e-01	3.16e-01	3.80e-01	5.75e-03	9.53e-06
 2.05161e+23	8.69e-12	1.48e-06	8.54e-03	3.17e-01	3.15e-01	3.53e-01	5.27e-03	8.64e-06
 2.05593e+23	9.74e-12	1.65e-06	9.58e-03	3.50e-01	3.13e-01	3.22e-01	4.73e-03	7.64e-06
 2.05897e+23	1.06e-11	1.81e-06	1.04e-02	3.78e-01	3.10e-01	2.97e-01	4.31e-03	6.90e-06
 2.06106e+23	1.13e-11	1.91e-06	1.11e-02	3.97e-01	3.07e-01	2.80e-01	4.03e-03	6.41e-06
 2.06321e+23	1.19e-11	2.02e-06	1.17e-02	4.17e-01	3.03e-01	2.64e-01	3.76e-03	5.92e-06
 2.06599e+23	1.28e-11	2.18e-06	1.26e-02	4.44e-01	2.97e-01	2.43e-01	3.42e-03	5.35e-06
 2.06894e+23	1.40e-11	2.36e-06	1.37e-02	4.76e-01	2.88e-01	2.19e-01	3.05e-03	4.71e-06
 2.07127e+23	1.50e-11	2.54e-06	1.47e-02	5.05e-01	2.79e-01	1.98e-01	2.73e-03	4.19e-06
 2.07298e+23	1.58e-11	2.67e-06	1.55e-02	5.28e-01	2.72e-01	1.83e-01	2.49e-03	3.80e-06
 2.07473e+23	1.66e-11	2.80e-06	1.62e-02	5.49e-01	2.63e-01	1.69e-01	2.29e-03	3.48e-06
 2.07699e+23	1.77e-11	2.98e-06	1.72e-02	5.77e-01	2.52e-01	1.52e-01	2.04e-03	3.07e-06
 2.07929e+23	1.90e-11	3.19e-06	1.83e-02	6.10e-01	2.37e-01	1.33e-01	1.76e-03	2.63e-06
 2.08098e+23	2.01e-11	3.36e-06	1.93e-02	6.36e-01	2.24e-01	1.19e-01	1.56e-03	2.31e-06
 2.08219e+23	2.10e-11	3.49e-06	2.00e-02	6.54e-01	2.15e-01	1.09e-01	1.42e-03	2.10e-06
 2.08344e+23	2.17e-11	3.60e-06	2.06e-02	6.71e-01	2.06e-01	1.01e-01	1.31e-03	1.92e-06
 2.08507e+23	2.27e-11	3.77e-06	2.15e-02	6.94e-01	1.93e-01	9.08e-02	1.16e-03	1.70e-06
 2.08680e+23	2.40e-11	3.96e-06	2.25e-02	7.19e-01	1.78e-01	7.99e-02	1.01e-03	1.47e-06
 2.08820e+23	2.51e-11	4.12e-06	2.33e-02	7.40e-01	1.65e-01	7.14e-02	8.96e-04	1.29e-06
 2.08928e+23	2.61e-11	4.25e-06	2.40e-02	7.55e-01	1.54e-01	6.56e-02	8.16e-04	1.17e-06
 2.09041e+23	2.70e-11	4.38e-06	2.46e-02	7.70e-01	1.45e-01	6.04e-02	7.47e-04	1.06e-06
 2.09189e+23	2.82e-11	4.54e-06	2.54e-02	7.87e-01	1.32e-01	5.45e-02	6.66e-04	9.42e-07
 2.09343e+23	2.96e-11	4.74e-06	2.63e-02	8.06e-01	1.18e-01	4.86e-02	5.87e-04	8.22e-07
 2.09467e+23	3.10e-11	4.90e-06	2.70e-02	8.21e-01	1.07e-01	4.45e-02	5.31e-04	7.37e-07
 2.09566e+23	3.21e-11	5.03e-06	2.76e-02	8.32e-01	9.87e-02	4.17e-02	4.92e-04	6.78e-07
 2.09675e+23	3.32e-11	5.17e-06	2.81e-02	8.42e-01	9.06e-02	3.91e-02	4.58e-04	6.25e-07
 2.09816e+23	3.49e-11	5.36e-06	2.89e-02	8.53e-01	8.10e-02	3.64e-02	4.19e-04	5.65e-07
 2.09964e+23	3.69e-11	5.57e-06	2.97e-02	8.65e-01	7.10e-02	3.38e-02	3.83e-04	5.08e-07
 2.10084e+23	3.87e-11	5.76e-06	3.03e-02	8.74e-01	6.36e-02	3.20e-02	3.57e-04	4.67e-07
 2.10184e+23	4.03e-11	5.91e-06	3.08e-02	8.80e-01	5.83e-02	3.08e-02	3.39e-04	4.38e-07
 2.10296e+23	4.20e-11	6.07e-06	3.14e-02	8.85e-01	5.33e-02	2.97e-02	3.22e-04	4.11e-07
 2.10441e+23	4.42e-11	6.28e-06	3.20e-02	8.92e-01	4.77e-02	2.85e-02	3.04e-04	3.80e-07
 2.10617e+23	4.71e-11	6.53e-06	3.27e-02	8.98e-01	4.19e-02	2.73e-02	2.84e-04	3.48e-07
 2.10794e+23	5.01e-11	6.78e-06	3.35e-02	9.03e-01	3.70e-02	2.62e-02	2.67e-04	3.19e-07
 2.10957e+23	5.28e-11	7.00e-06	3.41e-02	9.07e-01	3.34e-02	2.54e-02	2.54e-04	2.97e-07
 2.11130e+23	5.54e-11	7.21e-06	3.46e-02	9.10e-01	3.04e-02	2.47e-02	2.42e-04	2.78e-07
 2.11339e+23	5.83e-11	7.43e-06	3.52e-02	9.13e-01	2.76e-02	2.40e-02	2.30e-04	2.59e-07
 2.11592e+23	6.15e-11	7.67e-06	3.58e-02	9.16e-01	2.50e-02	2.33e-02	2.18e-04	2.40e-07
 2.11886e+23	6.48e-11	7.91e-06	3.64e-02	9.18e-01	2.27e-02	2.26e-02	2.07e-04	2.23e-07
 2.12226e+23	6.80e-11	8.15e-06	3.70e-02	9.20e-01	2.07e-02	2.20e-02	1.96e-04	2.06e-07
 2.12643e+23	7.14e-11	8.39e-06	3.76e-02	9.22e-01	1.90e-02	2.13e-02	1.85e-04	1.90e-07
 2.13176e+23	7.51e-11	8.64e-06	3.82e-02	9.24e-01	1.75e-02	2.06e-02	1.74e-04	1.74e-07
 2.13867e+23	7.92e-11	8.92e-06	3.88e-02	9.25e-01	1.60e-02	1.98e-02	1.62e-04	1.57e-07
 2.14757e+23	8.35e-11	9.21e-06	3.95e-02	9.27e-01	1.46e-02	1.90e-02	1.49e-04	1.39e-07
 2.15911e+23	8.83e-11	9.52e-06	4.02e-02	9.28e-01	1.33e-02	1.80e-02	1.35e-04	0.00e+00
 2.17411e+23	9.35e-11	9.86e-06	4.11e-02	9.30e-01	1.21e-02	1.69e-02	1.20e-04	0.00e+00
 2.19360e+23	9.93e-11	1.02e-05	4.20e-02	9.31e-01	1.10e-02	1.58e-02	1.05e-04	0.00e+00
 2.21895e+23	1.06e-10	1.06e-05	4.30e-02	9.33e-01	9.84e-03	1.44e-02	8.88e-05	0.00e+00
 2.25190e+23	1.13e-10	1.11e-05	4.41e-02	9.34e-01	8.70e-03	1.30e-02	7.28e-05	0.00e+00
 2.29473e+23	1.22e-10	1.17e-05	4.55e-02	9.35e-01	7.56e-03	1.15e-02	5.72e-05	0.00e+00
 2.35041e+23	1.33e-10	1.23e-05	4.72e-02	9.37e-01	6.42e-03	9.83e-03	4.28e-05	0.00e+00
 2.41553e+23	1.47e-10	1.31e-05	4.92e-02	9.37e-01	5.36e-03	8.25e-03	3.07e-05	0.00e+00
 2.47946e+23	1.62e-10	1.40e-05	5.13e-02	9.37e-01	4.53e-03	6.98e-03	2.23e-05	0.00e+00
 2.53699e+23	1.75e-10	1.47e-05	5.31e-02	9.37e-01	3.94e-03	6.07e-03	1.71e-05	0.00e+00
 2.58878e+23	1.87e-10	1.54e-05	5.46e-02	9.36e-01	3.50e-03	5.40e-03	1.37e-05	0.00e+00
 2.63538e+23	1.99e-10	1.60e-05	5.61e-02	9.36e-01	3.17e-03	4.87e-03	1.13e-05	0.00e+00
 2.67732e+23	2.08e-10	1.65e-05	5.73e-02	9.35e-01	2.91e-03	4.48e-03	9.63e-06	0.00e+00
 2.71507e+23	2.16e-10	1.69e-05	5.83e-02	9.35e-01	2.71e-03	4.17e-03	8.40e-06	0.00e+00
 2.74905e+23	2.24e-10	1.73e-05	5.92e-02	9.34e-01	2.55e-03	3.91e-03	7.46e-06	0.00e+00
 2.78042e+23	2.31e-10	1.77e-05	6.01e-02	9.34e-01	2.41e-03	3.70e-03	6.71e-06	0.00e+00
 2.81096e+23	2.37e-10	1.80e-05	6.09e-02	9.33e-01	2.29e-03	3.51e-03	6.10e-06	0.00e+00
 2.84151e+23	2.44e-10	1.83e-05	6.17e-02	9.33e-01	2.18e-03	3.34e-03	5.55e-06	0.00e+00
 2.87206e+23	2.50e-10	1.86e-05	6.24e-02	9.32e-01	2.08e-03	3.19e-03	5.08e-06	0.00e+00
 2.90261e+23	2.57e-10	1.89e-05	6.32e-02	9.32e-01	1.99e-03	3.04e-03	4.66e-06	0.00e+00
 2.93316e+23	2.62e-10	1.92e-05	6.39e-02	9.31e-01	1.90e-03	2.91e-03	4.30e-06	0.00e+00
 2.96370e+23	2.67e-10	1.94e-05	6.46e-02	9.31e-01	1.82e-03	2.79e-03	3.98e-06	0.00e+00
 2.99425e+23	2.73e-10	1.97e-05	6.53e-02	9.30e-01	1.75e-03	2.68e-03	3.69e-06	0.00e+00
 3.02480e+23	2.78e-10	2.00e-05	6.59e-02	9.30e-01	1.69e-03	2.58e-03	3.43e-06	0.00e+00
 3.04745e+23	2.85e-10	2.03e-05	6.66e-02	9.29e-01	1.63e-03	2.49e-03	3.21e-06	0.00e+00
