#depth	Mg	Mg+	Mg+2	Mg+3	Mg+4	Mg+5	Mg+6	Mg+7	Mg+8	Mg+9	Mg+10	Mg+11	Mg+12
 6.17135e+19	0.00e+00	0.00e+00	0.00e+00	3.65e-29	5.07e-24	1.36e-19	9.31e-16	2.13e-12	2.28e-09	1.41e-06	2.01e-03	8.45e-02	9.13e-01
 1.87609e+20	0.00e+00	0.00e+00	0.00e+00	1.05e-28	1.29e-23	3.07e-19	1.87e-15	3.80e-12	3.59e-09	1.97e-06	2.50e-03	9.36e-02	9.04e-01
 2.90007e+20	0.00e+00	0.00e+00	0.00e+00	2.38e-28	2.65e-23	5.76e-19	3.21e-15	5.97e-12	5.12e-09	2.55e-06	2.96e-03	1.01e-01	8.96e-01
 3.58237e+20	0.00e+00	0.00e+00	0.00e+00	4.03e-28	4.21e-23	8.63e-19	4.55e-15	7.99e-12	6.43e-09	3.02e-06	3.30e-03	1.07e-01	8.90e-01
 4.06340e+20	0.00e+00	0.00e+00	0.00e+00	5.85e-28	5.86e-23	1.15e-18	5.83e-15	9.83e-12	7.56e-09	3.40e-06	3.56e-03	1.10e-01	8.86e-01
 4.40201e+20	0.00e+00	0.00e+00	1.24e-33	7.44e-28	7.24e-23	1.39e-18	6.84e-15	1.12e-11	8.39e-09	3.67e-06	3.74e-03	1.13e-01	8.83e-01
 4.76478e+20	0.00e+00	0.00e+00	1.67e-33	9.71e-28	9.16e-23	1.70e-18	8.15e-15	1.30e-11	9.41e-09	3.99e-06	3.95e-03	1.16e-01	8.80e-01
 5.23637e+20	0.00e+00	0.00e+00	2.45e-33	1.36e-27	1.24e-22	2.21e-18	1.02e-14	1.57e-11	1.09e-08	4.45e-06	4.23e-03	1.20e-01	8.76e-01
 5.75599e+20	0.00e+00	0.00e+00	3.69e-33	1.97e-27	1.71e-22	2.93e-18	1.30e-14	1.92e-11	1.28e-08	5.00e-06	4.56e-03	1.24e-01	8.72e-01
 6.23195e+20	0.00e+00	0.00e+00	5.34e-33	2.74e-27	2.29e-22	3.78e-18	1.62e-14	2.31e-11	1.48e-08	5.56e-06	4.88e-03	1.28e-01	8.67e-01
 6.74461e+20	0.00e+00	0.00e+00	7.88e-33	3.88e-27	3.11e-22	4.94e-18	2.04e-14	2.80e-11	1.72e-08	6.21e-06	5.24e-03	1.32e-01	8.63e-01
 7.31243e+20	0.00e+00	0.00e+00	1.20e-32	5.67e-27	4.34e-22	6.61e-18	2.63e-14	3.46e-11	2.02e-08	7.00e-06	5.67e-03	1.37e-01	8.58e-01
 7.83777e+20	0.00e+00	0.00e+00	1.76e-32	7.98e-27	5.88e-22	8.61e-18	3.30e-14	4.18e-11	2.35e-08	7.81e-06	6.08e-03	1.41e-01	8.53e-01
 8.40654e+20	0.00e+00	0.00e+00	2.64e-32	1.15e-26	8.09e-22	1.14e-17	4.20e-14	5.11e-11	2.75e-08	8.77e-06	6.54e-03	1.46e-01	8.47e-01
 9.00349e+20	0.00e+00	0.00e+00	4.01e-32	1.66e-26	1.12e-21	1.52e-17	5.38e-14	6.29e-11	3.24e-08	9.88e-06	7.06e-03	1.51e-01	8.42e-01
 9.51031e+20	0.00e+00	0.00e+00	5.67e-32	2.27e-26	1.48e-21	1.92e-17	6.61e-14	7.47e-11	3.70e-08	1.09e-05	7.52e-03	1.56e-01	8.37e-01
 1.00424e+21	0.00e+00	0.00e+00	8.09e-32	3.11e-26	1.96e-21	2.46e-17	8.17e-14	8.92e-11	4.25e-08	1.21e-05	8.03e-03	1.60e-01	8.32e-01
 1.07341e+21	0.00e+00	0.00e+00	1.27e-31	4.67e-26	2.80e-21	3.36e-17	1.07e-13	1.12e-10	5.08e-08	1.37e-05	8.71e-03	1.66e-01	8.25e-01
 1.14360e+21	0.00e+00	0.00e+00	1.99e-31	6.97e-26	3.99e-21	4.58e-17	1.40e-13	1.40e-10	6.05e-08	1.56e-05	9.45e-03	1.72e-01	8.18e-01
 1.20008e+21	0.00e+00	0.00e+00	2.83e-31	9.56e-26	5.27e-21	5.85e-17	1.72e-13	1.67e-10	6.94e-08	1.73e-05	1.01e-02	1.77e-01	8.13e-01
 1.25843e+21	0.00e+00	0.00e+00	4.05e-31	1.32e-25	7.00e-21	7.48e-17	2.13e-13	1.99e-10	7.98e-08	1.91e-05	1.08e-02	1.82e-01	8.07e-01
 1.33430e+21	0.00e+00	0.00e+00	6.37e-31	1.98e-25	1.00e-20	1.02e-16	2.80e-13	2.50e-10	9.53e-08	2.17e-05	1.17e-02	1.89e-01	7.99e-01
 1.41207e+21	0.00e+00	0.00e+00	1.00e-30	2.97e-25	1.44e-20	1.40e-16	3.67e-13	3.13e-10	1.14e-07	2.48e-05	1.27e-02	1.96e-01	7.91e-01
 1.47297e+21	0.00e+00	0.00e+00	1.42e-30	4.05e-25	1.89e-20	1.78e-16	4.51e-13	3.72e-10	1.30e-07	2.73e-05	1.35e-02	2.01e-01	7.85e-01
 1.53279e+21	0.00e+00	0.00e+00	1.99e-30	5.47e-25	2.47e-20	2.25e-16	5.51e-13	4.40e-10	1.49e-07	3.01e-05	1.43e-02	2.07e-01	7.79e-01
 1.61056e+21	0.00e+00	0.00e+00	3.04e-30	8.02e-25	3.46e-20	3.02e-16	7.11e-13	5.44e-10	1.76e-07	3.39e-05	1.55e-02	2.14e-01	7.71e-01
 1.69114e+21	0.00e+00	0.00e+00	4.70e-30	1.18e-24	4.87e-20	4.08e-16	9.21e-13	6.76e-10	2.08e-07	3.84e-05	1.67e-02	2.21e-01	7.63e-01
 1.75829e+21	0.00e+00	0.00e+00	6.69e-30	1.62e-24	6.45e-20	5.21e-16	1.14e-12	8.06e-10	2.39e-07	4.24e-05	1.78e-02	2.27e-01	7.55e-01
 1.82848e+21	0.00e+00	0.00e+00	9.53e-30	2.23e-24	8.54e-20	6.65e-16	1.41e-12	9.61e-10	2.74e-07	4.69e-05	1.90e-02	2.33e-01	7.48e-01
 1.91972e+21	0.00e+00	0.00e+00	1.52e-29	3.39e-24	1.24e-19	9.20e-16	1.86e-12	1.21e-09	3.29e-07	5.35e-05	2.06e-02	2.41e-01	7.38e-01
 2.01179e+21	0.00e+00	0.00e+00	2.40e-29	5.09e-24	1.77e-19	1.26e-15	2.44e-12	1.52e-09	3.93e-07	6.09e-05	2.23e-02	2.49e-01	7.29e-01
 2.08563e+21	0.00e+00	0.00e+00	3.43e-29	7.02e-24	2.36e-19	1.61e-15	3.02e-12	1.82e-09	4.51e-07	6.73e-05	2.38e-02	2.56e-01	7.21e-01
 2.15155e+21	0.00e+00	0.00e+00	4.70e-29	9.30e-24	3.02e-19	2.01e-15	3.65e-12	2.13e-09	5.10e-07	7.36e-05	2.51e-02	2.61e-01	7.13e-01
 2.22647e+21	0.00e+00	0.00e+00	6.66e-29	1.27e-23	3.99e-19	2.56e-15	4.49e-12	2.53e-09	5.85e-07	8.11e-05	2.67e-02	2.68e-01	7.05e-01
 2.32387e+21	0.00e+00	0.00e+00	1.04e-28	1.90e-23	5.68e-19	3.48e-15	5.86e-12	3.17e-09	6.95e-07	9.19e-05	2.88e-02	2.76e-01	6.95e-01
 2.42272e+21	0.00e+00	0.00e+00	1.62e-28	2.82e-23	8.08e-19	4.74e-15	7.64e-12	3.95e-09	8.26e-07	1.04e-04	3.11e-02	2.85e-01	6.84e-01
 2.50211e+21	0.00e+00	0.00e+00	2.30e-28	3.87e-23	1.07e-18	6.03e-15	9.42e-12	4.70e-09	9.47e-07	1.15e-04	3.31e-02	2.92e-01	6.75e-01
 2.58400e+21	0.00e+00	0.00e+00	3.28e-28	5.31e-23	1.41e-18	7.71e-15	1.16e-11	5.61e-09	1.09e-06	1.27e-04	3.52e-02	2.98e-01	6.66e-01
 2.69045e+21	0.00e+00	0.00e+00	5.15e-28	7.96e-23	2.02e-18	1.05e-14	1.52e-11	7.02e-09	1.29e-06	1.44e-04	3.80e-02	3.07e-01	6.55e-01
 2.80036e+21	0.00e+00	0.00e+00	8.15e-28	1.20e-22	2.90e-18	1.45e-14	2.00e-11	8.82e-09	1.55e-06	1.63e-04	4.10e-02	3.16e-01	6.42e-01
 2.89023e+21	0.00e+00	0.00e+00	1.18e-27	1.67e-22	3.89e-18	1.87e-14	2.50e-11	1.06e-08	1.78e-06	1.81e-04	4.36e-02	3.24e-01	6.32e-01
 2.96482e+21	0.00e+00	0.00e+00	1.59e-27	2.18e-22	4.94e-18	2.30e-14	2.99e-11	1.23e-08	2.00e-06	1.96e-04	4.59e-02	3.30e-01	6.24e-01
 3.04410e+21	0.00e+00	1.18e-33	2.18e-27	2.90e-22	6.34e-18	2.86e-14	3.61e-11	1.44e-08	2.26e-06	2.14e-04	4.84e-02	3.36e-01	6.15e-01
 3.14717e+21	0.00e+00	1.83e-33	3.25e-27	4.15e-22	8.71e-18	3.77e-14	4.58e-11	1.76e-08	2.64e-06	2.39e-04	5.17e-02	3.44e-01	6.04e-01
 3.25236e+21	0.00e+00	2.86e-33	4.88e-27	5.96e-22	1.20e-17	5.00e-14	5.84e-11	2.15e-08	3.09e-06	2.67e-04	5.53e-02	3.52e-01	5.92e-01
 3.33698e+21	0.00e+00	4.07e-33	6.72e-27	7.95e-22	1.55e-17	6.24e-14	7.07e-11	2.52e-08	3.49e-06	2.91e-04	5.82e-02	3.59e-01	5.83e-01
 3.42367e+21	0.00e+00	5.80e-33	9.28e-27	1.06e-21	2.00e-17	7.80e-14	8.57e-11	2.96e-08	3.95e-06	3.18e-04	6.14e-02	3.65e-01	5.73e-01
 3.53636e+21	0.00e+00	9.15e-33	1.40e-26	1.54e-21	2.78e-17	1.04e-13	1.10e-10	3.63e-08	4.64e-06	3.56e-04	6.56e-02	3.73e-01	5.61e-01
 3.64234e+21	0.00e+00	1.40e-32	2.06e-26	2.17e-21	3.77e-17	1.36e-13	1.38e-10	4.40e-08	5.38e-06	3.95e-04	6.98e-02	3.81e-01	5.49e-01
 3.71538e+21	0.00e+00	1.86e-32	2.67e-26	2.74e-21	4.63e-17	1.62e-13	1.61e-10	5.00e-08	5.94e-06	4.24e-04	7.27e-02	3.86e-01	5.41e-01
 3.78612e+21	0.00e+00	2.45e-32	3.43e-26	3.43e-21	5.65e-17	1.93e-13	1.87e-10	5.66e-08	6.54e-06	4.53e-04	7.57e-02	3.91e-01	5.33e-01
 3.87808e+21	0.00e+00	3.48e-32	4.73e-26	4.58e-21	7.29e-17	2.41e-13	2.27e-10	6.65e-08	7.40e-06	4.94e-04	7.96e-02	3.97e-01	5.23e-01
 3.97730e+21	0.00e+00	5.08e-32	6.66e-26	6.22e-21	9.58e-17	3.06e-13	2.79e-10	7.88e-08	8.44e-06	5.42e-04	8.40e-02	4.03e-01	5.12e-01
 4.06498e+21	0.00e+00	7.06e-32	8.98e-26	8.14e-21	1.21e-16	3.76e-13	3.34e-10	9.15e-08	9.47e-06	5.87e-04	8.80e-02	4.09e-01	5.03e-01
 4.13944e+21	0.00e+00	9.31e-32	1.16e-25	1.02e-20	1.48e-16	4.48e-13	3.88e-10	1.04e-07	1.04e-05	6.28e-04	9.15e-02	4.13e-01	4.95e-01
 4.21766e+21	0.00e+00	1.24e-31	1.50e-25	1.29e-20	1.83e-16	5.38e-13	4.54e-10	1.18e-07	1.15e-05	6.74e-04	9.53e-02	4.18e-01	4.86e-01
 4.30537e+21	0.00e+00	1.70e-31	2.00e-25	1.67e-20	2.30e-16	6.57e-13	5.40e-10	1.36e-07	1.29e-05	7.27e-04	9.95e-02	4.23e-01	4.77e-01
 4.38785e+21	0.00e+00	2.29e-31	2.63e-25	2.13e-20	2.85e-16	7.92e-13	6.35e-10	1.56e-07	1.43e-05	7.81e-04	1.04e-01	4.28e-01	4.68e-01
 4.46458e+21	0.00e+00	3.02e-31	3.38e-25	2.67e-20	3.48e-16	9.43e-13	7.38e-10	1.77e-07	1.57e-05	8.35e-04	1.08e-01	4.32e-01	4.60e-01
 4.55142e+21	0.00e+00	4.09e-31	4.45e-25	3.43e-20	4.34e-16	1.14e-12	8.72e-10	2.03e-07	1.75e-05	8.98e-04	1.12e-01	4.36e-01	4.50e-01
 4.64765e+21	0.00e+00	5.73e-31	6.05e-25	4.51e-20	5.54e-16	1.41e-12	1.05e-09	2.37e-07	1.97e-05	9.74e-04	1.18e-01	4.41e-01	4.40e-01
 4.73561e+21	0.00e+00	7.77e-31	7.98e-25	5.79e-20	6.91e-16	1.72e-12	1.24e-09	2.72e-07	2.19e-05	1.05e-03	1.22e-01	4.46e-01	4.31e-01
 4.81162e+21	0.00e+00	1.01e-30	1.02e-24	7.19e-20	8.37e-16	2.03e-12	1.43e-09	3.07e-07	2.40e-05	1.12e-03	1.27e-01	4.49e-01	4.23e-01
 4.89258e+21	0.00e+00	1.33e-30	1.30e-24	8.98e-20	1.02e-15	2.41e-12	1.66e-09	3.47e-07	2.64e-05	1.19e-03	1.31e-01	4.53e-01	4.14e-01
 4.98379e+21	0.00e+00	1.80e-30	1.72e-24	1.16e-19	1.28e-15	2.93e-12	1.97e-09	4.00e-07	2.94e-05	1.28e-03	1.37e-01	4.57e-01	4.05e-01
 5.06910e+21	0.00e+00	2.40e-30	2.23e-24	1.46e-19	1.57e-15	3.52e-12	2.31e-09	4.56e-07	3.25e-05	1.37e-03	1.42e-01	4.60e-01	3.96e-01
 5.14732e+21	0.00e+00	3.11e-30	2.83e-24	1.81e-19	1.90e-15	4.15e-12	2.66e-09	5.13e-07	3.56e-05	1.46e-03	1.47e-01	4.63e-01	3.88e-01
 5.23556e+21	0.00e+00	4.15e-30	3.69e-24	2.30e-19	2.35e-15	4.99e-12	3.12e-09	5.86e-07	3.95e-05	1.56e-03	1.53e-01	4.66e-01	3.79e-01
 5.33337e+21	0.00e+00	5.70e-30	4.93e-24	2.98e-19	2.96e-15	6.12e-12	3.73e-09	6.79e-07	4.41e-05	1.69e-03	1.59e-01	4.70e-01	3.70e-01
 5.42295e+21	0.00e+00	7.61e-30	6.43e-24	3.79e-19	3.67e-15	7.37e-12	4.38e-09	7.76e-07	4.89e-05	1.81e-03	1.65e-01	4.73e-01	3.61e-01
 5.50512e+21	0.00e+00	9.90e-30	8.18e-24	4.71e-19	4.45e-15	8.72e-12	5.07e-09	8.76e-07	5.37e-05	1.92e-03	1.71e-01	4.75e-01	3.52e-01
 5.58603e+21	0.00e+00	1.28e-29	1.03e-23	5.82e-19	5.37e-15	1.03e-11	5.85e-09	9.87e-07	5.88e-05	2.04e-03	1.76e-01	4.77e-01	3.45e-01
 5.67895e+21	0.00e+00	1.71e-29	1.35e-23	7.42e-19	6.67e-15	1.24e-11	6.89e-09	1.13e-06	6.52e-05	2.19e-03	1.83e-01	4.79e-01	3.35e-01
 5.77947e+21	0.00e+00	2.34e-29	1.80e-23	9.63e-19	8.41e-15	1.52e-11	8.22e-09	1.31e-06	7.29e-05	2.36e-03	1.90e-01	4.82e-01	3.26e-01
 5.86644e+21	0.00e+00	3.07e-29	2.31e-23	1.20e-18	1.03e-14	1.81e-11	9.57e-09	1.49e-06	8.03e-05	2.51e-03	1.97e-01	4.83e-01	3.18e-01
 5.94317e+21	0.00e+00	3.88e-29	2.87e-23	1.47e-18	1.22e-14	2.11e-11	1.09e-08	1.66e-06	8.73e-05	2.66e-03	2.02e-01	4.85e-01	3.10e-01
 6.03005e+21	0.00e+00	5.05e-29	3.66e-23	1.83e-18	1.49e-14	2.51e-11	1.27e-08	1.88e-06	9.60e-05	2.83e-03	2.09e-01	4.86e-01	3.02e-01
 6.14298e+21	0.00e+00	7.08e-29	5.00e-23	2.42e-18	1.92e-14	3.13e-11	1.54e-08	2.20e-06	1.09e-04	3.07e-03	2.18e-01	4.87e-01	2.92e-01
 6.25595e+21	0.00e+00	9.93e-29	6.83e-23	3.22e-18	2.47e-14	3.91e-11	1.87e-08	2.59e-06	1.23e-04	3.32e-03	2.27e-01	4.88e-01	2.82e-01
 6.34257e+21	0.00e+00	1.29e-28	8.71e-23	4.02e-18	3.01e-14	4.65e-11	2.17e-08	2.94e-06	1.35e-04	3.54e-03	2.34e-01	4.89e-01	2.74e-01
 6.42880e+21	0.00e+00	1.65e-28	1.09e-22	4.93e-18	3.63e-14	5.46e-11	2.50e-08	3.30e-06	1.48e-04	3.75e-03	2.41e-01	4.89e-01	2.66e-01
 6.54091e+21	0.00e+00	2.27e-28	1.47e-22	6.48e-18	4.63e-14	6.77e-11	3.01e-08	3.85e-06	1.66e-04	4.05e-03	2.50e-01	4.89e-01	2.57e-01
 6.65579e+21	0.00e+00	3.16e-28	2.00e-22	8.57e-18	5.95e-14	8.43e-11	3.65e-08	4.52e-06	1.87e-04	4.38e-03	2.60e-01	4.89e-01	2.47e-01
 6.74849e+21	1.12e-33	4.10e-28	2.55e-22	1.07e-17	7.27e-14	1.00e-10	4.25e-08	5.13e-06	2.07e-04	4.66e-03	2.68e-01	4.88e-01	2.39e-01
 6.84321e+21	1.52e-33	5.32e-28	3.25e-22	1.34e-17	8.89e-14	1.20e-10	4.96e-08	5.83e-06	2.28e-04	4.97e-03	2.76e-01	4.88e-01	2.31e-01
 6.96635e+21	2.25e-33	7.44e-28	4.45e-22	1.78e-17	1.15e-13	1.50e-10	6.04e-08	6.87e-06	2.58e-04	5.38e-03	2.87e-01	4.86e-01	2.21e-01
 7.09112e+21	3.33e-33	1.04e-27	6.10e-22	2.38e-17	1.50e-13	1.89e-10	7.38e-08	8.12e-06	2.93e-04	5.84e-03	2.98e-01	4.84e-01	2.12e-01
 7.18955e+21	4.52e-33	1.35e-27	7.79e-22	2.98e-17	1.83e-13	2.26e-10	8.62e-08	9.24e-06	3.24e-04	6.22e-03	3.07e-01	4.83e-01	2.04e-01
 7.28903e+21	6.10e-33	1.74e-27	9.91e-22	3.73e-17	2.24e-13	2.70e-10	1.01e-07	1.05e-05	3.57e-04	6.62e-03	3.16e-01	4.81e-01	1.97e-01
 7.41835e+21	8.95e-33	2.41e-27	1.35e-21	4.96e-17	2.90e-13	3.38e-10	1.23e-07	1.24e-05	4.05e-04	7.16e-03	3.27e-01	4.78e-01	1.88e-01
 7.55267e+21	1.32e-32	3.36e-27	1.85e-21	6.63e-17	3.78e-13	4.27e-10	1.50e-07	1.47e-05	4.60e-04	7.77e-03	3.39e-01	4.74e-01	1.78e-01
 7.65868e+21	1.79e-32	4.34e-27	2.36e-21	8.32e-17	4.65e-13	5.11e-10	1.76e-07	1.67e-05	5.09e-04	8.28e-03	3.49e-01	4.71e-01	1.71e-01
 7.74606e+21	2.29e-32	5.33e-27	2.87e-21	9.98e-17	5.49e-13	5.91e-10	2.00e-07	1.86e-05	5.51e-04	8.71e-03	3.57e-01	4.68e-01	1.66e-01
 7.84398e+21	2.99e-32	6.68e-27	3.56e-21	1.22e-16	6.58e-13	6.94e-10	2.29e-07	2.08e-05	6.02e-04	9.21e-03	3.65e-01	4.65e-01	1.60e-01
 7.97129e+21	4.19e-32	8.88e-27	4.68e-21	1.57e-16	8.31e-13	8.51e-10	2.74e-07	2.42e-05	6.75e-04	9.89e-03	3.77e-01	4.61e-01	1.52e-01
 8.10366e+21	5.91e-32	1.19e-26	6.17e-21	2.04e-16	1.05e-12	1.05e-09	3.28e-07	2.81e-05	7.57e-04	1.06e-02	3.88e-01	4.56e-01	1.45e-01
 8.21402e+21	7.82e-32	1.50e-26	7.74e-21	2.52e-16	1.28e-12	1.24e-09	3.81e-07	3.18e-05	8.32e-04	1.13e-02	3.98e-01	4.52e-01	1.39e-01
 8.32889e+21	1.04e-31	1.90e-26	9.71e-21	3.12e-16	1.55e-12	1.47e-09	4.42e-07	3.59e-05	9.14e-04	1.20e-02	4.07e-01	4.47e-01	1.33e-01
 8.47821e+21	1.48e-31	2.55e-26	1.29e-20	4.08e-16	1.99e-12	1.83e-09	5.33e-07	4.20e-05	1.03e-03	1.29e-02	4.20e-01	4.41e-01	1.25e-01
 8.63038e+21	2.10e-31	3.42e-26	1.72e-20	5.34e-16	2.54e-12	2.27e-09	6.43e-07	4.91e-05	1.16e-03	1.39e-02	4.32e-01	4.35e-01	1.18e-01
 8.75317e+21	2.76e-31	4.30e-26	2.15e-20	6.59e-16	3.08e-12	2.68e-09	7.45e-07	5.54e-05	1.27e-03	1.47e-02	4.42e-01	4.29e-01	1.13e-01
 8.87972e+21	3.63e-31	5.40e-26	2.69e-20	8.12e-16	3.74e-12	3.17e-09	8.62e-07	6.26e-05	1.40e-03	1.56e-02	4.52e-01	4.24e-01	1.08e-01
 9.04425e+21	5.12e-31	7.18e-26	3.55e-20	1.06e-15	4.76e-12	3.93e-09	1.04e-06	7.29e-05	1.57e-03	1.67e-02	4.64e-01	4.16e-01	1.01e-01
 9.21427e+21	7.23e-31	9.55e-26	4.70e-20	1.38e-15	6.08e-12	4.86e-09	1.25e-06	8.49e-05	1.77e-03	1.80e-02	4.76e-01	4.09e-01	9.52e-02
 9.34864e+21	9.41e-31	1.19e-25	5.83e-20	1.69e-15	7.33e-12	5.72e-09	1.44e-06	9.55e-05	1.93e-03	1.90e-02	4.86e-01	4.03e-01	9.06e-02
 9.45995e+21	1.16e-30	1.42e-25	6.93e-20	1.99e-15	8.52e-12	6.53e-09	1.61e-06	1.05e-04	2.08e-03	1.99e-02	4.93e-01	3.97e-01	8.70e-02
 9.58409e+21	1.46e-30	1.71e-25	8.36e-20	2.38e-15	1.00e-11	7.54e-09	1.82e-06	1.16e-04	2.25e-03	2.09e-02	5.02e-01	3.92e-01	8.32e-02
 9.74546e+21	1.95e-30	2.18e-25	1.06e-19	2.98e-15	1.23e-11	9.03e-09	2.13e-06	1.32e-04	2.48e-03	2.22e-02	5.12e-01	3.85e-01	7.85e-02
 9.91374e+21	2.62e-30	2.77e-25	1.35e-19	3.75e-15	1.52e-11	1.09e-08	2.50e-06	1.51e-04	2.74e-03	2.36e-02	5.23e-01	3.77e-01	7.39e-02
 1.00549e+22	3.33e-30	3.38e-25	1.64e-19	4.51e-15	1.81e-11	1.26e-08	2.84e-06	1.68e-04	2.97e-03	2.48e-02	5.31e-01	3.71e-01	7.04e-02
 1.02023e+22	4.24e-30	4.13e-25	2.00e-19	5.45e-15	2.15e-11	1.47e-08	3.24e-06	1.87e-04	3.23e-03	2.60e-02	5.40e-01	3.64e-01	6.68e-02
 1.03939e+22	5.75e-30	5.31e-25	2.57e-19	6.92e-15	2.68e-11	1.78e-08	3.83e-06	2.14e-04	3.58e-03	2.77e-02	5.50e-01	3.56e-01	6.26e-02
 1.05892e+22	7.78e-30	6.81e-25	3.29e-19	8.76e-15	3.33e-11	2.15e-08	4.51e-06	2.45e-04	3.97e-03	2.95e-02	5.61e-01	3.47e-01	5.85e-02
 1.07468e+22	9.86e-30	8.27e-25	3.99e-19	1.05e-14	3.96e-11	2.50e-08	5.12e-06	2.72e-04	4.30e-03	3.10e-02	5.69e-01	3.40e-01	5.55e-02
 1.08828e+22	1.20e-29	9.74e-25	4.71e-19	1.23e-14	4.58e-11	2.83e-08	5.72e-06	2.98e-04	4.61e-03	3.23e-02	5.76e-01	3.34e-01	5.30e-02
 1.10330e+22	1.49e-29	1.16e-24	5.61e-19	1.46e-14	5.33e-11	3.24e-08	6.41e-06	3.27e-04	4.94e-03	3.37e-02	5.82e-01	3.28e-01	5.05e-02
 1.12281e+22	1.95e-29	1.45e-24	7.00e-19	1.80e-14	6.48e-11	3.84e-08	7.41e-06	3.68e-04	5.41e-03	3.56e-02	5.91e-01	3.20e-01	4.73e-02
 1.14275e+22	2.55e-29	1.81e-24	8.75e-19	2.23e-14	7.88e-11	4.55e-08	8.58e-06	4.15e-04	5.92e-03	3.76e-02	6.00e-01	3.12e-01	4.44e-02
 1.15888e+22	3.16e-29	2.16e-24	1.04e-18	2.64e-14	9.20e-11	5.21e-08	9.64e-06	4.57e-04	6.37e-03	3.92e-02	6.06e-01	3.06e-01	4.21e-02
 1.17549e+22	3.91e-29	2.58e-24	1.24e-18	3.11e-14	1.07e-10	5.93e-08	1.08e-05	4.99e-04	6.81e-03	4.08e-02	6.12e-01	3.00e-01	4.01e-02
 1.19708e+22	5.11e-29	3.22e-24	1.55e-18	3.85e-14	1.30e-10	7.04e-08	1.25e-05	5.63e-04	7.45e-03	4.31e-02	6.20e-01	2.91e-01	3.74e-02
 1.21930e+22	6.70e-29	4.03e-24	1.94e-18	4.76e-14	1.58e-10	8.36e-08	1.44e-05	6.34e-04	8.15e-03	4.54e-02	6.28e-01	2.83e-01	3.49e-02
 1.23773e+22	8.34e-29	4.83e-24	2.33e-18	5.66e-14	1.86e-10	9.60e-08	1.63e-05	6.99e-04	8.76e-03	4.74e-02	6.34e-01	2.76e-01	3.30e-02
 1.25707e+22	1.04e-28	5.82e-24	2.80e-18	6.75e-14	2.18e-10	1.10e-07	1.83e-05	7.68e-04	9.41e-03	4.94e-02	6.39e-01	2.70e-01	3.12e-02
 1.28221e+22	1.38e-28	7.37e-24	3.54e-18	8.43e-14	2.67e-10	1.32e-07	2.13e-05	8.68e-04	1.03e-02	5.21e-02	6.46e-01	2.61e-01	2.89e-02
 1.30814e+22	1.84e-28	9.36e-24	4.48e-18	1.06e-13	3.29e-10	1.58e-07	2.48e-05	9.82e-04	1.13e-02	5.50e-02	6.53e-01	2.53e-01	2.68e-02
 1.32851e+22	2.30e-28	1.12e-23	5.38e-18	1.26e-13	3.85e-10	1.81e-07	2.78e-05	1.08e-03	1.21e-02	5.73e-02	6.58e-01	2.46e-01	2.53e-02
 1.34842e+22	2.83e-28	1.34e-23	6.39e-18	1.48e-13	4.47e-10	2.06e-07	3.10e-05	1.18e-03	1.29e-02	5.95e-02	6.62e-01	2.40e-01	2.39e-02
 1.37430e+22	3.69e-28	1.67e-23	7.97e-18	1.82e-13	5.41e-10	2.43e-07	3.57e-05	1.32e-03	1.40e-02	6.24e-02	6.67e-01	2.33e-01	2.23e-02
 1.40137e+22	4.85e-28	2.11e-23	9.99e-18	2.26e-13	6.57e-10	2.87e-07	4.11e-05	1.48e-03	1.53e-02	6.54e-02	6.72e-01	2.25e-01	2.06e-02
 1.42438e+22	6.08e-28	2.55e-23	1.21e-17	2.70e-13	7.73e-10	3.30e-07	4.63e-05	1.62e-03	1.64e-02	6.81e-02	6.76e-01	2.19e-01	1.94e-02
 1.44866e+22	7.68e-28	3.11e-23	1.46e-17	3.24e-13	9.12e-10	3.81e-07	5.22e-05	1.79e-03	1.76e-02	7.09e-02	6.79e-01	2.12e-01	1.82e-02
 1.48023e+22	1.03e-27	3.99e-23	1.87e-17	4.08e-13	1.13e-09	4.57e-07	6.08e-05	2.02e-03	1.92e-02	7.45e-02	6.83e-01	2.04e-01	1.67e-02
 1.51307e+22	1.39e-27	5.17e-23	2.41e-17	5.17e-13	1.39e-09	5.50e-07	7.11e-05	2.28e-03	2.10e-02	7.83e-02	6.87e-01	1.96e-01	1.54e-02
 1.54081e+22	1.79e-27	6.39e-23	2.96e-17	6.28e-13	1.66e-09	6.40e-07	8.07e-05	2.53e-03	2.26e-02	8.16e-02	6.89e-01	1.90e-01	1.43e-02
 1.57015e+22	2.31e-27	7.95e-23	3.66e-17	7.67e-13	1.99e-09	7.48e-07	9.20e-05	2.80e-03	2.44e-02	8.50e-02	6.91e-01	1.83e-01	1.33e-02
 1.60215e+22	3.04e-27	1.01e-22	4.60e-17	9.50e-13	2.42e-09	8.84e-07	1.06e-04	3.13e-03	2.64e-02	8.88e-02	6.93e-01	1.76e-01	1.23e-02
 1.63113e+22	3.86e-27	1.24e-22	5.63e-17	1.15e-12	2.87e-09	1.02e-06	1.20e-04	3.45e-03	2.83e-02	9.22e-02	6.95e-01	1.70e-01	1.14e-02
 1.66231e+22	4.98e-27	1.54e-22	6.96e-17	1.40e-12	3.44e-09	1.20e-06	1.36e-04	3.82e-03	3.04e-02	9.59e-02	6.95e-01	1.64e-01	1.06e-02
 1.69751e+22	6.59e-27	1.97e-22	8.82e-17	1.75e-12	4.19e-09	1.42e-06	1.57e-04	4.27e-03	3.29e-02	1.00e-01	6.96e-01	1.57e-01	9.73e-03
 1.72984e+22	8.48e-27	2.45e-22	1.09e-16	2.13e-12	5.01e-09	1.65e-06	1.78e-04	4.72e-03	3.54e-02	1.04e-01	6.96e-01	1.51e-01	9.01e-03
 1.75853e+22	1.05e-26	2.97e-22	1.31e-16	2.52e-12	5.85e-09	1.89e-06	1.99e-04	5.15e-03	3.76e-02	1.07e-01	6.95e-01	1.46e-01	8.43e-03
 1.79058e+22	1.33e-26	3.65e-22	1.60e-16	3.04e-12	6.93e-09	2.18e-06	2.25e-04	5.66e-03	4.02e-02	1.11e-01	6.94e-01	1.40e-01	7.82e-03
 1.83225e+22	1.81e-26	4.78e-22	2.07e-16	3.86e-12	8.57e-09	2.62e-06	2.61e-04	6.37e-03	4.37e-02	1.16e-01	6.93e-01	1.34e-01	7.12e-03
 1.87454e+22	2.43e-26	6.20e-22	2.66e-16	4.89e-12	1.06e-08	3.14e-06	3.04e-04	7.17e-03	4.75e-02	1.21e-01	6.90e-01	1.27e-01	6.46e-03
 1.90812e+22	3.04e-26	7.56e-22	3.22e-16	5.86e-12	1.25e-08	3.62e-06	3.42e-04	7.87e-03	5.07e-02	1.25e-01	6.88e-01	1.22e-01	5.97e-03
 1.94224e+22	3.80e-26	9.22e-22	3.90e-16	7.02e-12	1.47e-08	4.16e-06	3.84e-04	8.61e-03	5.40e-02	1.29e-01	6.85e-01	1.17e-01	5.53e-03
 1.98659e+22	5.07e-26	1.20e-21	5.00e-16	8.84e-12	1.81e-08	4.97e-06	4.44e-04	9.64e-03	5.83e-02	1.34e-01	6.81e-01	1.11e-01	5.02e-03
 2.03289e+22	6.72e-26	1.54e-21	6.39e-16	1.11e-11	2.23e-08	5.95e-06	5.17e-04	1.08e-02	6.33e-02	1.40e-01	6.76e-01	1.05e-01	4.52e-03
 2.07142e+22	8.43e-26	1.89e-21	7.80e-16	1.34e-11	2.64e-08	6.89e-06	5.83e-04	1.19e-02	6.76e-02	1.44e-01	6.71e-01	1.00e-01	4.15e-03
 2.11123e+22	1.06e-25	2.33e-21	9.55e-16	1.62e-11	3.14e-08	7.98e-06	6.59e-04	1.31e-02	7.21e-02	1.49e-01	6.66e-01	9.58e-02	3.80e-03
 2.16298e+22	1.42e-25	3.04e-21	1.23e-15	2.07e-11	3.90e-08	9.61e-06	7.68e-04	1.47e-02	7.82e-02	1.55e-01	6.58e-01	9.00e-02	3.40e-03
 2.21274e+22	1.84e-25	3.89e-21	1.56e-15	2.59e-11	4.78e-08	1.14e-05	8.88e-04	1.65e-02	8.44e-02	1.60e-01	6.50e-01	8.47e-02	3.05e-03
 2.24851e+22	2.20e-25	4.61e-21	1.84e-15	3.02e-11	5.51e-08	1.29e-05	9.82e-04	1.78e-02	8.90e-02	1.64e-01	6.44e-01	8.11e-02	2.82e-03
 2.28361e+22	2.63e-25	5.44e-21	2.16e-15	3.51e-11	6.32e-08	1.45e-05	1.08e-03	1.92e-02	9.36e-02	1.68e-01	6.38e-01	7.77e-02	2.62e-03
 2.32924e+22	3.26e-25	6.69e-21	2.64e-15	4.25e-11	7.51e-08	1.69e-05	1.22e-03	2.11e-02	9.97e-02	1.73e-01	6.29e-01	7.34e-02	2.37e-03
 2.37825e+22	4.07e-25	8.30e-21	3.25e-15	5.19e-11	9.01e-08	1.97e-05	1.39e-03	2.33e-02	1.07e-01	1.78e-01	6.19e-01	6.91e-02	2.14e-03
 2.42140e+22	4.90e-25	9.98e-21	3.89e-15	6.15e-11	1.05e-07	2.26e-05	1.55e-03	2.54e-02	1.13e-01	1.82e-01	6.11e-01	6.55e-02	1.95e-03
 2.46721e+22	5.94e-25	1.21e-20	4.67e-15	7.33e-11	1.24e-07	2.59e-05	1.74e-03	2.77e-02	1.19e-01	1.87e-01	6.01e-01	6.18e-02	1.77e-03
 2.51880e+22	7.27e-25	1.48e-20	5.70e-15	8.88e-11	1.47e-07	3.02e-05	1.97e-03	3.04e-02	1.27e-01	1.92e-01	5.89e-01	5.79e-02	1.58e-03
 2.56752e+22	8.72e-25	1.79e-20	6.85e-15	1.06e-10	1.73e-07	3.47e-05	2.21e-03	3.32e-02	1.35e-01	1.96e-01	5.78e-01	5.44e-02	1.42e-03
 2.61329e+22	1.02e-24	2.13e-20	8.09e-15	1.24e-10	2.01e-07	3.95e-05	2.46e-03	3.60e-02	1.42e-01	2.00e-01	5.67e-01	5.13e-02	1.29e-03
 2.66559e+22	1.22e-24	2.57e-20	9.71e-15	1.49e-10	2.37e-07	4.55e-05	2.76e-03	3.93e-02	1.50e-01	2.04e-01	5.54e-01	4.80e-02	1.15e-03
 2.72430e+22	1.47e-24	3.16e-20	1.19e-14	1.81e-10	2.84e-07	5.32e-05	3.14e-03	4.32e-02	1.60e-01	2.09e-01	5.39e-01	4.44e-02	1.02e-03
 2.77934e+22	1.70e-24	3.81e-20	1.42e-14	2.15e-10	3.35e-07	6.13e-05	3.53e-03	4.72e-02	1.69e-01	2.13e-01	5.25e-01	4.13e-02	9.04e-04
 2.83058e+22	1.96e-24	4.51e-20	1.67e-14	2.52e-10	3.88e-07	6.97e-05	3.91e-03	5.10e-02	1.77e-01	2.17e-01	5.12e-01	3.85e-02	8.10e-04
 2.88891e+22	2.28e-24	5.44e-20	1.99e-14	3.01e-10	4.57e-07	8.04e-05	4.39e-03	5.55e-02	1.87e-01	2.20e-01	4.96e-01	3.56e-02	7.15e-04
 2.95405e+22	2.67e-24	6.66e-20	2.41e-14	3.64e-10	5.47e-07	9.38e-05	4.97e-03	6.09e-02	1.98e-01	2.24e-01	4.79e-01	3.26e-02	6.21e-04
 3.01473e+22	3.05e-24	7.98e-20	2.86e-14	4.31e-10	6.42e-07	1.08e-04	5.57e-03	6.62e-02	2.08e-01	2.27e-01	4.62e-01	3.00e-02	5.43e-04
 3.07108e+22	3.44e-24	9.46e-20	3.35e-14	5.05e-10	7.43e-07	1.23e-04	6.16e-03	7.12e-02	2.17e-01	2.30e-01	4.47e-01	2.77e-02	4.82e-04
 3.13511e+22	3.92e-24	1.14e-19	3.98e-14	5.99e-10	8.73e-07	1.41e-04	6.89e-03	7.72e-02	2.28e-01	2.32e-01	4.30e-01	2.54e-02	4.20e-04
 3.20365e+22	4.44e-24	1.39e-19	4.76e-14	7.16e-10	1.03e-06	1.63e-04	7.73e-03	8.39e-02	2.39e-01	2.34e-01	4.12e-01	2.30e-02	3.62e-04
 3.26347e+22	4.93e-24	1.65e-19	5.55e-14	8.34e-10	1.19e-06	1.85e-04	8.53e-03	8.99e-02	2.49e-01	2.36e-01	3.96e-01	2.11e-02	3.17e-04
 3.32662e+22	5.54e-24	1.96e-19	6.50e-14	9.76e-10	1.38e-06	2.10e-04	9.42e-03	9.64e-02	2.58e-01	2.37e-01	3.79e-01	1.93e-02	2.77e-04
 3.40871e+22	6.35e-24	2.47e-19	7.96e-14	1.19e-09	1.67e-06	2.47e-04	1.07e-02	1.05e-01	2.71e-01	2.38e-01	3.58e-01	1.72e-02	2.32e-04
 3.49154e+22	7.21e-24	3.12e-19	9.74e-14	1.45e-09	2.01e-06	2.89e-04	1.21e-02	1.14e-01	2.83e-01	2.38e-01	3.37e-01	1.52e-02	1.94e-04
 3.55521e+22	7.95e-24	3.74e-19	1.14e-13	1.69e-09	2.31e-06	3.26e-04	1.32e-02	1.22e-01	2.92e-01	2.38e-01	3.21e-01	1.39e-02	1.69e-04
 3.61787e+22	8.82e-24	4.46e-19	1.32e-13	1.95e-09	2.64e-06	3.66e-04	1.44e-02	1.29e-01	3.00e-01	2.37e-01	3.06e-01	1.27e-02	1.48e-04
 3.69933e+22	1.01e-23	5.62e-19	1.60e-13	2.35e-09	3.14e-06	4.23e-04	1.61e-02	1.38e-01	3.11e-01	2.35e-01	2.88e-01	1.12e-02	1.24e-04
 3.78425e+22	1.16e-23	7.17e-19	1.97e-13	2.86e-09	3.74e-06	4.92e-04	1.80e-02	1.49e-01	3.21e-01	2.33e-01	2.69e-01	9.91e-03	1.03e-04
 3.85520e+22	1.30e-23	8.81e-19	2.33e-13	3.35e-09	4.33e-06	5.55e-04	1.97e-02	1.57e-01	3.29e-01	2.31e-01	2.54e-01	8.92e-03	8.89e-05
 3.92897e+22	1.49e-23	1.09e-18	2.78e-13	3.95e-09	5.02e-06	6.28e-04	2.16e-02	1.66e-01	3.36e-01	2.28e-01	2.39e-01	8.01e-03	7.62e-05
 4.02487e+22	1.78e-23	1.44e-18	3.50e-13	4.88e-09	6.05e-06	7.35e-04	2.42e-02	1.78e-01	3.45e-01	2.24e-01	2.21e-01	6.96e-03	6.25e-05
 4.12316e+22	2.13e-23	1.92e-18	4.44e-13	6.05e-09	7.32e-06	8.60e-04	2.71e-02	1.90e-01	3.53e-01	2.19e-01	2.03e-01	6.02e-03	5.08e-05
 4.20296e+22	2.47e-23	2.43e-18	5.38e-13	7.19e-09	8.52e-06	9.74e-04	2.96e-02	2.00e-01	3.59e-01	2.15e-01	1.89e-01	5.35e-03	4.31e-05
 4.28514e+22	2.92e-23	3.09e-18	6.55e-13	8.57e-09	9.93e-06	1.10e-03	3.24e-02	2.11e-01	3.64e-01	2.11e-01	1.76e-01	4.74e-03	3.65e-05
 4.39197e+22	3.64e-23	4.21e-18	8.44e-13	1.07e-08	1.21e-05	1.29e-03	3.62e-02	2.24e-01	3.70e-01	2.04e-01	1.60e-01	4.06e-03	2.95e-05
 4.50434e+22	4.58e-23	5.85e-18	1.10e-12	1.36e-08	1.47e-05	1.52e-03	4.05e-02	2.38e-01	3.75e-01	1.97e-01	1.45e-01	3.45e-03	2.35e-05
 4.60017e+22	5.59e-23	7.71e-18	1.39e-12	1.66e-08	1.74e-05	1.74e-03	4.45e-02	2.50e-01	3.78e-01	1.90e-01	1.33e-01	2.99e-03	1.94e-05
 4.68097e+22	6.62e-23	9.71e-18	1.68e-12	1.95e-08	2.00e-05	1.94e-03	4.80e-02	2.60e-01	3.79e-01	1.85e-01	1.23e-01	2.66e-03	1.65e-05
 4.76598e+22	7.99e-23	1.23e-17	2.04e-12	2.31e-08	2.31e-05	2.18e-03	5.19e-02	2.70e-01	3.81e-01	1.79e-01	1.14e-01	2.36e-03	1.40e-05
 4.87648e+22	1.02e-22	1.67e-17	2.62e-12	2.87e-08	2.76e-05	2.51e-03	5.71e-02	2.83e-01	3.81e-01	1.71e-01	1.03e-01	2.02e-03	1.14e-05
 4.99151e+22	1.31e-22	2.29e-17	3.40e-12	3.59e-08	3.32e-05	2.91e-03	6.30e-02	2.96e-01	3.81e-01	1.63e-01	9.26e-02	1.71e-03	9.10e-06
 5.08760e+22	1.60e-22	2.97e-17	4.21e-12	4.30e-08	3.86e-05	3.27e-03	6.82e-02	3.07e-01	3.79e-01	1.56e-01	8.45e-02	1.49e-03	7.58e-06
 5.17425e+22	1.93e-22	3.73e-17	5.08e-12	5.05e-08	4.41e-05	3.63e-03	7.30e-02	3.17e-01	3.78e-01	1.50e-01	7.79e-02	1.32e-03	6.44e-06
 5.27347e+22	2.40e-22	4.80e-17	6.28e-12	6.04e-08	5.11e-05	4.07e-03	7.88e-02	3.27e-01	3.75e-01	1.43e-01	7.09e-02	1.15e-03	5.37e-06
 5.40245e+22	3.19e-22	6.64e-17	8.21e-12	7.58e-08	6.16e-05	4.71e-03	8.66e-02	3.40e-01	3.71e-01	1.34e-01	6.28e-02	9.59e-04	4.25e-06
 5.53388e+22	4.19e-22	9.22e-17	1.08e-11	9.54e-08	7.43e-05	5.45e-03	9.51e-02	3.53e-01	3.65e-01	1.25e-01	5.53e-02	7.97e-04	3.34e-06
 5.63910e+22	5.23e-22	1.19e-16	1.34e-11	1.14e-07	8.61e-05	6.11e-03	1.02e-01	3.63e-01	3.60e-01	1.18e-01	4.99e-02	6.87e-04	2.75e-06
 5.74652e+22	6.53e-22	1.53e-16	1.64e-11	1.36e-07	9.93e-05	6.82e-03	1.10e-01	3.72e-01	3.54e-01	1.11e-01	4.51e-02	5.95e-04	2.29e-06
 5.88617e+22	8.72e-22	2.10e-16	2.14e-11	1.70e-07	1.19e-04	7.84e-03	1.20e-01	3.83e-01	3.46e-01	1.03e-01	3.95e-02	4.93e-04	1.80e-06
 6.03306e+22	1.17e-21	2.93e-16	2.82e-11	2.15e-07	1.44e-04	9.06e-03	1.31e-01	3.94e-01	3.37e-01	9.46e-02	3.42e-02	4.03e-04	1.39e-06
 6.15718e+22	1.50e-21	3.85e-16	3.55e-11	2.60e-07	1.68e-04	1.02e-02	1.40e-01	4.03e-01	3.28e-01	8.78e-02	3.03e-02	3.40e-04	1.12e-06
 6.28633e+22	1.94e-21	5.05e-16	4.45e-11	3.14e-07	1.96e-04	1.15e-02	1.51e-01	4.11e-01	3.19e-01	8.13e-02	2.68e-02	2.87e-04	9.01e-07
 6.45423e+22	2.69e-21	7.11e-16	5.92e-11	4.00e-07	2.38e-04	1.33e-02	1.65e-01	4.19e-01	3.06e-01	7.33e-02	2.28e-02	2.30e-04	6.83e-07
 6.62891e+22	3.75e-21	1.01e-15	7.96e-11	5.13e-07	2.92e-04	1.55e-02	1.80e-01	4.27e-01	2.92e-01	6.55e-02	1.92e-02	1.82e-04	5.10e-07
 6.77394e+22	4.93e-21	1.36e-15	1.01e-10	6.28e-07	3.44e-04	1.75e-02	1.93e-01	4.33e-01	2.80e-01	5.95e-02	1.67e-02	1.50e-04	4.00e-07
 6.92400e+22	6.50e-21	1.79e-15	1.28e-10	7.64e-07	4.03e-04	1.97e-02	2.06e-01	4.37e-01	2.68e-01	5.40e-02	1.44e-02	1.24e-04	3.15e-07
 7.11907e+22	9.28e-21	2.55e-15	1.72e-10	9.79e-07	4.93e-04	2.29e-02	2.24e-01	4.41e-01	2.52e-01	4.74e-02	1.20e-02	9.71e-05	2.32e-07
 7.32311e+22	1.34e-20	3.69e-15	2.35e-10	1.27e-06	6.09e-04	2.68e-02	2.44e-01	4.42e-01	2.35e-01	4.11e-02	9.83e-03	7.45e-05	1.68e-07
 7.49070e+22	1.81e-20	4.97e-15	3.01e-10	1.57e-06	7.22e-04	3.04e-02	2.60e-01	4.42e-01	2.22e-01	3.65e-02	8.34e-03	6.00e-05	1.28e-07
 7.63095e+22	2.30e-20	6.30e-15	3.68e-10	1.85e-06	8.28e-04	3.35e-02	2.74e-01	4.41e-01	2.10e-01	3.30e-02	7.29e-03	5.04e-05	0.00e+00
 7.78378e+22	3.01e-20	8.12e-15	4.55e-10	2.22e-06	9.56e-04	3.72e-02	2.89e-01	4.39e-01	1.99e-01	2.96e-02	6.30e-03	4.17e-05	0.00e+00
 7.98246e+22	4.23e-20	1.11e-14	5.93e-10	2.77e-06	1.14e-03	4.24e-02	3.08e-01	4.34e-01	1.84e-01	2.57e-02	5.23e-03	3.28e-05	0.00e+00
 8.18693e+22	6.01e-20	1.55e-14	7.82e-10	3.50e-06	1.38e-03	4.86e-02	3.28e-01	4.27e-01	1.69e-01	2.20e-02	4.29e-03	2.54e-05	0.00e+00
 8.35111e+22	7.90e-20	2.00e-14	9.71e-10	4.20e-06	1.60e-03	5.40e-02	3.44e-01	4.21e-01	1.57e-01	1.95e-02	3.66e-03	2.07e-05	0.00e+00
 8.51675e+22	1.04e-19	2.57e-14	1.20e-09	5.00e-06	1.85e-03	5.96e-02	3.59e-01	4.13e-01	1.46e-01	1.72e-02	3.14e-03	1.70e-05	0.00e+00
 8.73207e+22	1.49e-19	3.51e-14	1.56e-09	6.24e-06	2.20e-03	6.74e-02	3.79e-01	4.02e-01	1.32e-01	1.47e-02	2.57e-03	1.32e-05	0.00e+00
 8.96004e+22	2.17e-19	4.92e-14	2.07e-09	7.92e-06	2.67e-03	7.70e-02	3.99e-01	3.88e-01	1.19e-01	1.23e-02	2.07e-03	1.01e-05	0.00e+00
 9.15306e+22	2.98e-19	6.52e-14	2.62e-09	9.67e-06	3.13e-03	8.59e-02	4.16e-01	3.75e-01	1.08e-01	1.05e-02	1.72e-03	7.97e-06	0.00e+00
 9.35260e+22	4.08e-19	8.53e-14	3.29e-09	1.17e-05	3.65e-03	9.52e-02	4.32e-01	3.61e-01	9.76e-02	9.03e-03	1.43e-03	6.35e-06	0.00e+00
 9.61200e+22	6.16e-19	1.21e-13	4.40e-09	1.49e-05	4.43e-03	1.08e-01	4.50e-01	3.43e-01	8.55e-02	7.40e-03	1.13e-03	4.74e-06	0.00e+00
 9.88308e+22	9.54e-19	1.75e-13	6.01e-09	1.94e-05	5.45e-03	1.24e-01	4.69e-01	3.21e-01	7.36e-02	5.94e-03	8.77e-04	3.45e-06	0.00e+00
 1.01050e+23	1.35e-18	2.35e-13	7.71e-09	2.40e-05	6.44e-03	1.38e-01	4.82e-01	3.03e-01	6.49e-02	4.95e-03	7.11e-04	2.67e-06	0.00e+00
 1.03290e+23	1.92e-18	3.12e-13	9.79e-09	2.93e-05	7.53e-03	1.52e-01	4.93e-01	2.85e-01	5.72e-02	4.15e-03	5.81e-04	2.08e-06	0.00e+00
 1.05765e+23	2.82e-18	4.28e-13	1.28e-08	3.66e-05	8.95e-03	1.70e-01	5.03e-01	2.65e-01	4.95e-02	3.39e-03	4.62e-04	1.57e-06	0.00e+00
 1.07987e+23	4.01e-18	5.70e-13	1.62e-08	4.48e-05	1.05e-02	1.86e-01	5.11e-01	2.46e-01	4.31e-02	2.82e-03	3.74e-04	1.22e-06	0.00e+00
 1.09951e+23	5.40e-18	7.24e-13	1.99e-08	5.31e-05	1.19e-02	2.01e-01	5.15e-01	2.31e-01	3.82e-02	2.40e-03	3.13e-04	9.79e-07	0.00e+00
 1.12136e+23	7.50e-18	9.38e-13	2.48e-08	6.37e-05	1.37e-02	2.18e-01	5.18e-01	2.14e-01	3.35e-02	2.02e-03	2.57e-04	7.73e-07	0.00e+00
 1.14578e+23	1.08e-17	1.26e-12	3.17e-08	7.82e-05	1.60e-02	2.38e-01	5.19e-01	1.96e-01	2.87e-02	1.65e-03	2.06e-04	5.91e-07	0.00e+00
 1.16835e+23	1.53e-17	1.64e-12	3.97e-08	9.45e-05	1.85e-02	2.58e-01	5.18e-01	1.79e-01	2.47e-02	1.37e-03	1.67e-04	4.61e-07	0.00e+00
 1.18893e+23	2.08e-17	2.09e-12	4.87e-08	1.12e-04	2.09e-02	2.76e-01	5.15e-01	1.65e-01	2.16e-02	1.16e-03	1.38e-04	3.68e-07	0.00e+00
 1.21212e+23	2.91e-17	2.71e-12	6.06e-08	1.34e-04	2.39e-02	2.96e-01	5.10e-01	1.51e-01	1.86e-02	9.66e-04	1.13e-04	2.89e-07	0.00e+00
 1.24227e+23	4.43e-17	3.75e-12	7.97e-08	1.68e-04	2.82e-02	3.21e-01	5.01e-01	1.33e-01	1.54e-02	7.65e-04	8.70e-05	2.13e-07	0.00e+00
 1.27323e+23	7.04e-17	5.36e-12	1.08e-07	2.15e-04	3.38e-02	3.51e-01	4.87e-01	1.15e-01	1.24e-02	5.91e-04	6.52e-05	1.52e-07	0.00e+00
 1.29741e+23	1.03e-16	7.17e-12	1.37e-07	2.63e-04	3.90e-02	3.74e-01	4.74e-01	1.02e-01	1.04e-02	4.80e-04	5.17e-05	0.00e+00	0.00e+00
 1.31737e+23	1.36e-16	8.87e-12	1.65e-07	3.05e-04	4.33e-02	3.92e-01	4.62e-01	9.29e-02	9.03e-03	4.10e-04	4.33e-05	0.00e+00	0.00e+00
 1.33971e+23	1.88e-16	1.13e-11	2.02e-07	3.59e-04	4.86e-02	4.12e-01	4.48e-01	8.34e-02	7.76e-03	3.44e-04	3.56e-05	0.00e+00	0.00e+00
 1.36876e+23	2.80e-16	1.52e-11	2.59e-07	4.40e-04	5.60e-02	4.36e-01	4.29e-01	7.24e-02	6.39e-03	2.76e-04	2.79e-05	0.00e+00	0.00e+00
 1.40006e+23	4.43e-16	2.14e-11	3.46e-07	5.56e-04	6.57e-02	4.62e-01	4.05e-01	6.13e-02	5.10e-03	2.14e-04	2.10e-05	0.00e+00	0.00e+00
 1.42662e+23	6.66e-16	2.90e-11	4.46e-07	6.81e-04	7.53e-02	4.85e-01	3.83e-01	5.26e-02	4.18e-03	1.71e-04	1.64e-05	0.00e+00	0.00e+00
 1.44865e+23	9.14e-16	3.67e-11	5.43e-07	7.97e-04	8.37e-02	5.01e-01	3.64e-01	4.65e-02	3.57e-03	1.43e-04	1.35e-05	0.00e+00	0.00e+00
 1.47246e+23	1.27e-15	4.68e-11	6.66e-07	9.36e-04	9.31e-02	5.17e-01	3.45e-01	4.08e-02	3.03e-03	1.19e-04	1.10e-05	0.00e+00	0.00e+00
 1.50341e+23	1.94e-15	6.38e-11	8.65e-07	1.15e-03	1.06e-01	5.35e-01	3.21e-01	3.44e-02	2.46e-03	9.43e-05	8.56e-06	0.00e+00	0.00e+00
 1.53579e+23	3.16e-15	9.10e-11	1.16e-06	1.45e-03	1.23e-01	5.52e-01	2.93e-01	2.82e-02	1.94e-03	7.22e-05	6.41e-06	0.00e+00	0.00e+00
 1.56131e+23	4.66e-15	1.21e-10	1.48e-06	1.74e-03	1.38e-01	5.64e-01	2.71e-01	2.39e-02	1.60e-03	5.83e-05	5.10e-06	0.00e+00	0.00e+00
 1.58088e+23	6.32e-15	1.51e-10	1.77e-06	2.00e-03	1.50e-01	5.71e-01	2.54e-01	2.11e-02	1.39e-03	4.96e-05	4.29e-06	0.00e+00	0.00e+00
 1.60144e+23	8.62e-15	1.88e-10	2.13e-06	2.29e-03	1.64e-01	5.77e-01	2.38e-01	1.86e-02	1.20e-03	4.22e-05	3.61e-06	0.00e+00	0.00e+00
 1.62816e+23	1.27e-14	2.48e-10	2.69e-06	2.73e-03	1.82e-01	5.81e-01	2.17e-01	1.57e-02	9.98e-04	3.43e-05	2.90e-06	0.00e+00	0.00e+00
 1.65645e+23	1.98e-14	3.42e-10	3.50e-06	3.31e-03	2.04e-01	5.83e-01	1.96e-01	1.30e-02	8.11e-04	2.71e-05	2.27e-06	0.00e+00	0.00e+00
 1.67974e+23	2.91e-14	4.49e-10	4.39e-06	3.91e-03	2.24e-01	5.82e-01	1.78e-01	1.10e-02	6.82e-04	2.23e-05	1.85e-06	0.00e+00	0.00e+00
 1.69898e+23	4.02e-14	5.65e-10	5.31e-06	4.47e-03	2.41e-01	5.80e-01	1.65e-01	9.64e-03	5.90e-04	1.89e-05	1.56e-06	0.00e+00	0.00e+00
 1.72000e+23	5.53e-14	7.08e-10	6.41e-06	5.11e-03	2.59e-01	5.75e-01	1.51e-01	8.41e-03	5.12e-04	1.61e-05	1.33e-06	0.00e+00	0.00e+00
 1.74733e+23	8.48e-14	9.57e-10	8.23e-06	6.08e-03	2.85e-01	5.66e-01	1.35e-01	7.01e-03	4.25e-04	1.30e-05	1.07e-06	0.00e+00	0.00e+00
 1.77540e+23	1.39e-13	1.35e-09	1.10e-05	7.39e-03	3.15e-01	5.53e-01	1.18e-01	5.70e-03	3.44e-04	1.02e-05	8.36e-07	0.00e+00	0.00e+00
 1.79668e+23	2.07e-13	1.79e-09	1.38e-05	8.62e-03	3.40e-01	5.40e-01	1.06e-01	4.85e-03	2.92e-04	8.45e-06	6.92e-07	0.00e+00	0.00e+00
 1.81272e+23	2.86e-13	2.24e-09	1.66e-05	9.71e-03	3.59e-01	5.29e-01	9.72e-02	4.27e-03	2.56e-04	7.29e-06	5.97e-07	0.00e+00	0.00e+00
 1.82973e+23	3.91e-13	2.78e-09	1.98e-05	1.09e-02	3.79e-01	5.17e-01	8.91e-02	3.77e-03	2.27e-04	6.34e-06	5.18e-07	0.00e+00	0.00e+00
 1.84840e+23	5.62e-13	3.58e-09	2.44e-05	1.24e-02	4.02e-01	5.02e-01	8.04e-02	3.27e-03	1.96e-04	5.39e-06	4.41e-07	0.00e+00	0.00e+00
 1.86456e+23	7.91e-13	4.54e-09	2.97e-05	1.40e-02	4.23e-01	4.87e-01	7.31e-02	2.87e-03	1.72e-04	4.64e-06	3.80e-07	0.00e+00	0.00e+00
 1.87765e+23	1.05e-12	5.53e-09	3.50e-05	1.55e-02	4.40e-01	4.74e-01	6.75e-02	2.58e-03	1.55e-04	4.12e-06	3.37e-07	0.00e+00	0.00e+00
 1.89141e+23	1.42e-12	6.74e-09	4.13e-05	1.70e-02	4.57e-01	4.61e-01	6.22e-02	2.32e-03	1.39e-04	3.66e-06	2.99e-07	0.00e+00	0.00e+00
 1.90693e+23	2.01e-12	8.59e-09	5.05e-05	1.92e-02	4.78e-01	4.45e-01	5.64e-02	2.05e-03	1.23e-04	3.17e-06	2.58e-07	0.00e+00	0.00e+00
 1.92090e+23	2.78e-12	1.08e-08	6.13e-05	2.14e-02	4.96e-01	4.29e-01	5.13e-02	1.82e-03	1.09e-04	2.77e-06	2.26e-07	0.00e+00	0.00e+00
 1.93235e+23	3.83e-12	1.33e-08	7.27e-05	2.35e-02	5.12e-01	4.15e-01	4.74e-02	1.65e-03	9.85e-05	2.48e-06	2.02e-07	0.00e+00	0.00e+00
 1.94252e+23	4.94e-12	1.60e-08	8.47e-05	2.56e-02	5.26e-01	4.03e-01	4.41e-02	1.51e-03	9.00e-05	2.25e-06	1.83e-07	0.00e+00	0.00e+00
 1.95386e+23	6.79e-12	1.95e-08	1.00e-04	2.81e-02	5.40e-01	3.89e-01	4.07e-02	1.37e-03	8.18e-05	2.02e-06	1.64e-07	0.00e+00	0.00e+00
 1.96627e+23	9.78e-12	2.49e-08	1.23e-04	3.13e-02	5.57e-01	3.73e-01	3.70e-02	1.22e-03	7.29e-05	1.78e-06	1.44e-07	0.00e+00	0.00e+00
 1.97687e+23	1.39e-11	3.15e-08	1.50e-04	3.47e-02	5.71e-01	3.59e-01	3.39e-02	1.10e-03	6.56e-05	1.59e-06	1.28e-07	0.00e+00	0.00e+00
 1.98521e+23	1.81e-11	3.83e-08	1.77e-04	3.78e-02	5.83e-01	3.47e-01	3.15e-02	1.01e-03	6.02e-05	1.45e-06	0.00e+00	0.00e+00	0.00e+00
 1.99382e+23	2.47e-11	4.63e-08	2.09e-04	4.10e-02	5.93e-01	3.35e-01	2.94e-02	9.36e-04	5.54e-05	1.33e-06	0.00e+00	0.00e+00	0.00e+00
 2.00341e+23	3.53e-11	5.89e-08	2.57e-04	4.54e-02	6.06e-01	3.21e-01	2.69e-02	8.48e-04	5.01e-05	1.19e-06	0.00e+00	0.00e+00	0.00e+00
 2.01182e+23	5.04e-11	7.47e-08	3.15e-04	5.01e-02	6.16e-01	3.08e-01	2.47e-02	7.72e-04	4.54e-05	1.07e-06	0.00e+00	0.00e+00	0.00e+00
 2.01773e+23	6.68e-11	9.06e-08	3.72e-04	5.42e-02	6.24e-01	2.98e-01	2.32e-02	7.18e-04	4.22e-05	9.90e-07	0.00e+00	0.00e+00	0.00e+00
 2.02165e+23	8.09e-11	1.03e-07	4.15e-04	5.71e-02	6.28e-01	2.91e-01	2.22e-02	6.85e-04	4.02e-05	9.41e-07	0.00e+00	0.00e+00	0.00e+00
 2.02556e+23	9.65e-11	1.16e-07	4.60e-04	5.99e-02	6.33e-01	2.85e-01	2.13e-02	6.56e-04	3.84e-05	8.97e-07	0.00e+00	0.00e+00	0.00e+00
 2.03065e+23	1.22e-10	1.36e-07	5.30e-04	6.40e-02	6.38e-01	2.77e-01	2.02e-02	6.19e-04	3.61e-05	8.42e-07	0.00e+00	0.00e+00	0.00e+00
 2.03613e+23	1.63e-10	1.66e-07	6.32e-04	6.93e-02	6.44e-01	2.67e-01	1.89e-02	5.76e-04	3.35e-05	7.79e-07	0.00e+00	0.00e+00	0.00e+00
 2.04059e+23	2.14e-10	1.99e-07	7.43e-04	7.46e-02	6.48e-01	2.58e-01	1.78e-02	5.40e-04	3.14e-05	7.27e-07	0.00e+00	0.00e+00	0.00e+00
 2.04391e+23	2.59e-10	2.31e-07	8.45e-04	7.91e-02	6.51e-01	2.52e-01	1.70e-02	5.13e-04	2.98e-05	6.88e-07	0.00e+00	0.00e+00	0.00e+00
 2.04725e+23	3.18e-10	2.64e-07	9.52e-04	8.34e-02	6.53e-01	2.46e-01	1.63e-02	4.91e-04	2.84e-05	6.56e-07	0.00e+00	0.00e+00	0.00e+00
 2.05161e+23	4.15e-10	3.18e-07	1.13e-03	8.97e-02	6.56e-01	2.37e-01	1.53e-02	4.60e-04	2.66e-05	6.13e-07	0.00e+00	0.00e+00	0.00e+00
 2.05593e+23	5.65e-10	3.98e-07	1.38e-03	9.80e-02	6.58e-01	2.28e-01	1.43e-02	4.28e-04	2.46e-05	5.66e-07	0.00e+00	0.00e+00	0.00e+00
 2.05897e+23	7.21e-10	4.77e-07	1.62e-03	1.05e-01	6.59e-01	2.20e-01	1.35e-02	4.04e-04	2.32e-05	5.33e-07	0.00e+00	0.00e+00	0.00e+00
 2.06106e+23	8.50e-10	5.41e-07	1.81e-03	1.10e-01	6.59e-01	2.15e-01	1.30e-02	3.88e-04	2.23e-05	5.10e-07	0.00e+00	0.00e+00	0.00e+00
 2.06321e+23	9.94e-10	6.16e-07	2.03e-03	1.16e-01	6.59e-01	2.10e-01	1.25e-02	3.71e-04	2.13e-05	4.88e-07	0.00e+00	0.00e+00	0.00e+00
 2.06599e+23	1.23e-09	7.28e-07	2.36e-03	1.23e-01	6.59e-01	2.03e-01	1.19e-02	3.51e-04	2.01e-05	4.60e-07	0.00e+00	0.00e+00	0.00e+00
 2.06894e+23	1.59e-09	8.90e-07	2.84e-03	1.33e-01	6.57e-01	1.96e-01	1.12e-02	3.30e-04	1.88e-05	4.31e-07	0.00e+00	0.00e+00	0.00e+00
 2.07127e+23	2.00e-09	1.07e-06	3.36e-03	1.43e-01	6.54e-01	1.89e-01	1.05e-02	3.11e-04	1.78e-05	4.06e-07	0.00e+00	0.00e+00	0.00e+00
 2.07298e+23	2.35e-09	1.24e-06	3.83e-03	1.51e-01	6.52e-01	1.83e-01	1.01e-02	2.97e-04	1.69e-05	3.87e-07	0.00e+00	0.00e+00	0.00e+00
 2.07473e+23	2.77e-09	1.41e-06	4.33e-03	1.58e-01	6.49e-01	1.78e-01	9.68e-03	2.85e-04	1.62e-05	3.71e-07	0.00e+00	0.00e+00	0.00e+00
 2.07699e+23	3.41e-09	1.71e-06	5.14e-03	1.70e-01	6.45e-01	1.71e-01	9.11e-03	2.68e-04	1.52e-05	3.48e-07	0.00e+00	0.00e+00	0.00e+00
 2.07929e+23	4.36e-09	2.14e-06	6.33e-03	1.84e-01	6.38e-01	1.63e-01	8.48e-03	2.49e-04	1.41e-05	3.23e-07	0.00e+00	0.00e+00	0.00e+00
 2.08098e+23	5.33e-09	2.58e-06	7.52e-03	1.97e-01	6.31e-01	1.56e-01	7.98e-03	2.34e-04	1.32e-05	3.04e-07	0.00e+00	0.00e+00	0.00e+00
 2.08219e+23	6.14e-09	2.97e-06	8.55e-03	2.07e-01	6.25e-01	1.51e-01	7.61e-03	2.23e-04	1.26e-05	2.89e-07	0.00e+00	0.00e+00	0.00e+00
 2.08344e+23	7.04e-09	3.38e-06	9.66e-03	2.17e-01	6.19e-01	1.47e-01	7.29e-03	2.14e-04	1.20e-05	2.77e-07	0.00e+00	0.00e+00	0.00e+00
 2.08507e+23	8.44e-09	4.06e-06	1.14e-02	2.32e-01	6.10e-01	1.40e-01	6.84e-03	2.00e-04	1.13e-05	2.59e-07	0.00e+00	0.00e+00	0.00e+00
 2.08680e+23	1.05e-08	5.07e-06	1.41e-02	2.50e-01	5.97e-01	1.32e-01	6.32e-03	1.85e-04	1.04e-05	2.40e-07	0.00e+00	0.00e+00	0.00e+00
 2.08820e+23	1.27e-08	6.18e-06	1.69e-02	2.68e-01	5.84e-01	1.25e-01	5.87e-03	1.72e-04	9.61e-06	2.23e-07	0.00e+00	0.00e+00	0.00e+00
 2.08928e+23	1.47e-08	7.25e-06	1.96e-02	2.82e-01	5.73e-01	1.19e-01	5.53e-03	1.61e-04	9.01e-06	2.10e-07	0.00e+00	0.00e+00	0.00e+00
 2.09041e+23	1.69e-08	8.48e-06	2.27e-02	2.97e-01	5.61e-01	1.14e-01	5.19e-03	1.51e-04	8.44e-06	1.97e-07	0.00e+00	0.00e+00	0.00e+00
 2.09189e+23	2.05e-08	1.05e-05	2.75e-02	3.18e-01	5.43e-01	1.06e-01	4.74e-03	1.38e-04	7.70e-06	1.80e-07	0.00e+00	0.00e+00	0.00e+00
 2.09343e+23	2.55e-08	1.34e-05	3.47e-02	3.43e-01	5.20e-01	9.74e-02	4.25e-03	1.24e-04	6.86e-06	1.61e-07	0.00e+00	0.00e+00	0.00e+00
 2.09467e+23	3.06e-08	1.67e-05	4.24e-02	3.66e-01	4.98e-01	8.99e-02	3.84e-03	1.12e-04	6.17e-06	1.46e-07	0.00e+00	0.00e+00	0.00e+00
 2.09566e+23	3.53e-08	1.98e-05	4.96e-02	3.84e-01	4.79e-01	8.38e-02	3.52e-03	1.02e-04	5.63e-06	1.34e-07	0.00e+00	0.00e+00	0.00e+00
 2.09675e+23	4.08e-08	2.36e-05	5.83e-02	4.02e-01	4.58e-01	7.76e-02	3.20e-03	9.27e-05	5.09e-06	1.22e-07	0.00e+00	0.00e+00	0.00e+00
 2.09816e+23	4.89e-08	2.97e-05	7.20e-02	4.26e-01	4.29e-01	6.95e-02	2.79e-03	8.09e-05	4.42e-06	0.00e+00	0.00e+00	0.00e+00	0.00e+00
