#depth	Fe	Fe+	Fe+2	Fe+3	Fe+4	Fe+5	Fe+6	Fe+7	Fe+8	Fe+9	Fe+10	Fe+11	Fe+12	Fe+13	Fe+14	Fe+15	Fe+16	Fe+17	Fe+18	Fe+19	Fe+20	Fe+21	Fe+22	Fe+23	Fe+24	Fe+25	Fe+26
 6.17135e+19	0.00e+00	0.00e+00	0.00e+00	0.00e+00	0.00e+00	0.00e+00	3.28e-31	1.08e-27	1.89e-24	8.74e-22	2.67e-19	5.10e-17	8.23e-15	7.71e-13	4.89e-11	2.34e-09	4.27e-07	1.81e-05	3.84e-04	3.92e-03	2.14e-02	6.07e-02	1.21e-01	2.04e-01	4.76e-01	1.05e-01	8.07e-03
 1.87609e+20	0.00e+00	0.00e+00	0.00e+00	0.00e+00	0.00e+00	0.00e+00	2.26e-30	6.62e-27	1.02e-23	4.15e-21	1.12e-18	1.87e-16	2.64e-14	2.17e-12	1.20e-10	5.09e-09	8.99e-07	3.58e-05	7.00e-04	6.43e-03	3.14e-02	7.92e-02	1.41e-01	2.09e-01	4.40e-01	8.65e-02	5.98e-03
 2.90007e+20	0.00e+00	0.00e+00	0.00e+00	0.00e+00	0.00e+00	0.00e+00	1.01e-29	2.69e-26	3.74e-23	1.39e-20	3.37e-18	5.10e-16	6.49e-14	4.82e-12	2.41e-10	9.26e-09	1.59e-06	6.03e-05	1.10e-03	9.32e-03	4.16e-02	9.60e-02	1.55e-01	2.10e-01	4.08e-01	7.36e-02	4.66e-03
 3.58237e+20	0.00e+00	0.00e+00	0.00e+00	0.00e+00	0.00e+00	2.18e-33	2.64e-29	6.61e-26	8.66e-23	3.01e-20	6.86e-18	9.72e-16	1.16e-13	8.05e-12	3.77e-10	1.36e-08	2.29e-06	8.39e-05	1.47e-03	1.18e-02	4.96e-02	1.08e-01	1.64e-01	2.09e-01	3.86e-01	6.58e-02	3.94e-03
 4.06340e+20	0.00e+00	0.00e+00	0.00e+00	0.00e+00	0.00e+00	4.49e-33	5.20e-29	1.25e-25	1.57e-22	5.20e-20	1.13e-17	1.53e-15	1.74e-13	1.15e-11	5.16e-10	1.78e-08	2.96e-06	1.06e-04	1.79e-03	1.38e-02	5.60e-02	1.17e-01	1.70e-01	2.08e-01	3.70e-01	6.05e-02	3.49e-03
 4.40201e+20	0.00e+00	0.00e+00	0.00e+00	0.00e+00	0.00e+00	7.16e-33	8.06e-29	1.88e-25	2.30e-22	7.41e-20	1.57e-17	2.06e-15	2.27e-13	1.46e-11	6.34e-10	2.12e-08	3.49e-06	1.23e-04	2.04e-03	1.53e-02	6.04e-02	1.23e-01	1.74e-01	2.06e-01	3.59e-01	5.72e-02	3.22e-03
 4.76478e+20	0.00e+00	0.00e+00	0.00e+00	0.00e+00	0.00e+00	1.20e-32	1.31e-28	2.96e-25	3.50e-22	1.09e-19	2.24e-17	2.85e-15	3.04e-13	1.89e-11	7.93e-10	2.57e-08	4.18e-06	1.44e-04	2.34e-03	1.71e-02	6.56e-02	1.29e-01	1.78e-01	2.05e-01	3.47e-01	5.37e-02	2.94e-03
 5.23637e+20	0.00e+00	0.00e+00	0.00e+00	0.00e+00	0.00e+00	2.30e-32	2.42e-28	5.27e-25	5.98e-22	1.80e-19	3.53e-17	4.30e-15	4.40e-13	2.62e-11	1.05e-09	3.28e-08	5.25e-06	1.77e-04	2.79e-03	1.97e-02	7.26e-02	1.38e-01	1.82e-01	2.02e-01	3.31e-01	4.94e-02	2.60e-03
 5.75599e+20	0.00e+00	0.00e+00	0.00e+00	0.00e+00	0.00e+00	4.65e-32	4.69e-28	9.83e-25	1.07e-21	3.07e-19	5.76e-17	6.71e-15	6.56e-13	3.74e-11	1.43e-09	4.27e-08	6.71e-06	2.20e-04	3.37e-03	2.28e-02	8.09e-02	1.47e-01	1.87e-01	1.98e-01	3.14e-01	4.50e-02	2.28e-03
 6.23195e+20	0.00e+00	0.00e+00	0.00e+00	0.00e+00	0.00e+00	8.75e-32	8.51e-28	1.72e-24	1.79e-21	4.95e-19	8.94e-17	1.00e-14	9.37e-13	5.13e-11	1.89e-09	5.39e-08	8.35e-06	2.68e-04	3.97e-03	2.60e-02	8.88e-02	1.55e-01	1.90e-01	1.94e-01	2.98e-01	4.13e-02	2.02e-03
 6.74461e+20	0.00e+00	0.00e+00	0.00e+00	0.00e+00	0.00e+00	1.70e-31	1.59e-27	3.08e-24	3.09e-21	8.20e-19	1.42e-16	1.52e-14	1.36e-12	7.14e-11	2.52e-09	6.90e-08	1.05e-05	3.27e-04	4.71e-03	2.97e-02	9.77e-02	1.64e-01	1.93e-01	1.89e-01	2.81e-01	3.75e-02	1.77e-03
 7.31243e+20	0.00e+00	0.00e+00	0.00e+00	0.00e+00	0.00e+00	3.49e-31	3.13e-27	5.82e-24	5.58e-21	1.41e-18	2.34e-16	2.39e-14	2.05e-12	1.02e-10	3.44e-09	9.00e-08	1.34e-05	4.07e-04	5.65e-03	3.43e-02	1.08e-01	1.74e-01	1.96e-01	1.84e-01	2.63e-01	3.37e-02	1.52e-03
 7.83777e+20	0.00e+00	0.00e+00	0.00e+00	0.00e+00	0.00e+00	6.69e-31	5.76e-27	1.03e-23	9.50e-21	2.31e-18	3.67e-16	3.60e-14	2.95e-12	1.41e-10	4.55e-09	1.14e-07	1.67e-05	4.93e-04	6.65e-03	3.88e-02	1.18e-01	1.82e-01	1.97e-01	1.78e-01	2.47e-01	3.05e-02	1.33e-03
 8.40654e+20	0.00e+00	0.00e+00	0.00e+00	0.00e+00	0.00e+00	1.33e-30	1.10e-26	1.89e-23	1.67e-20	3.88e-18	5.90e-16	5.53e-14	4.34e-12	1.98e-10	6.10e-09	1.47e-07	2.10e-05	6.03e-04	7.86e-03	4.42e-02	1.28e-01	1.91e-01	1.98e-01	1.71e-01	2.30e-01	2.73e-02	1.14e-03
 9.00349e+20	0.00e+00	0.00e+00	0.00e+00	0.00e+00	0.00e+00	2.67e-30	2.12e-26	3.50e-23	2.96e-20	6.60e-18	9.58e-16	8.60e-14	6.43e-12	2.81e-10	8.24e-09	1.89e-07	2.64e-05	7.38e-04	9.30e-03	5.02e-02	1.40e-01	1.99e-01	1.98e-01	1.64e-01	2.13e-01	2.42e-02	9.75e-04
 9.51031e+20	0.00e+00	0.00e+00	0.00e+00	0.00e+00	0.00e+00	4.78e-30	3.66e-26	5.84e-23	4.76e-20	1.02e-17	1.43e-15	1.24e-13	8.91e-12	3.74e-10	1.06e-08	2.34e-07	3.20e-05	8.71e-04	1.07e-02	5.57e-02	1.50e-01	2.06e-01	1.98e-01	1.58e-01	1.99e-01	2.19e-02	8.51e-04
 1.00424e+21	0.00e+00	0.00e+00	0.00e+00	0.00e+00	0.00e+00	8.66e-30	6.41e-26	9.86e-23	7.75e-20	1.61e-17	2.16e-15	1.80e-13	1.24e-11	5.02e-10	1.36e-08	2.90e-07	3.88e-05	1.03e-03	1.22e-02	6.17e-02	1.60e-01	2.12e-01	1.96e-01	1.51e-01	1.85e-01	1.96e-02	7.38e-04
 1.07341e+21	0.00e+00	0.00e+00	0.00e+00	0.00e+00	0.00e+00	1.84e-29	1.30e-25	1.91e-22	1.43e-19	2.84e-17	3.63e-15	2.87e-13	1.89e-11	7.27e-10	1.87e-08	3.80e-07	4.95e-05	1.27e-03	1.45e-02	7.00e-02	1.73e-01	2.19e-01	1.94e-01	1.43e-01	1.68e-01	1.70e-02	6.13e-04
 1.14360e+21	0.00e+00	0.00e+00	0.00e+00	0.00e+00	2.00e-33	3.87e-29	2.62e-25	3.68e-22	2.64e-19	4.97e-17	6.07e-15	4.57e-13	2.86e-11	1.05e-09	2.56e-08	4.95e-07	6.26e-05	1.55e-03	1.71e-02	7.89e-02	1.86e-01	2.25e-01	1.90e-01	1.34e-01	1.52e-01	1.47e-02	5.07e-04
 1.20008e+21	0.00e+00	0.00e+00	0.00e+00	0.00e+00	3.70e-33	6.92e-29	4.52e-25	6.15e-22	4.24e-19	7.70e-17	9.06e-15	6.56e-13	3.95e-11	1.39e-09	3.27e-08	6.09e-07	7.52e-05	1.82e-03	1.94e-02	8.64e-02	1.97e-01	2.29e-01	1.87e-01	1.27e-01	1.39e-01	1.31e-02	4.35e-04
 1.25843e+21	0.00e+00	0.00e+00	0.00e+00	0.00e+00	6.87e-33	1.24e-28	7.85e-25	1.03e-21	6.85e-19	1.20e-16	1.36e-14	9.45e-13	5.47e-11	1.85e-09	4.18e-08	7.49e-07	9.03e-05	2.12e-03	2.19e-02	9.43e-02	2.07e-01	2.33e-01	1.83e-01	1.19e-01	1.28e-01	1.16e-02	3.71e-04
 1.33430e+21	0.00e+00	0.00e+00	0.00e+00	0.00e+00	1.51e-32	2.61e-28	1.58e-24	1.98e-21	1.25e-18	2.09e-16	2.25e-14	1.50e-12	8.23e-11	2.65e-09	5.69e-08	9.71e-07	1.13e-04	2.57e-03	2.56e-02	1.05e-01	2.20e-01	2.36e-01	1.77e-01	1.10e-01	1.14e-01	9.84e-03	3.02e-04
 1.41207e+21	0.00e+00	0.00e+00	0.00e+00	0.00e+00	3.29e-32	5.47e-28	3.16e-24	3.79e-21	2.29e-18	3.65e-16	3.74e-14	2.36e-12	1.24e-10	3.78e-09	7.73e-08	1.25e-06	1.42e-04	3.10e-03	2.96e-02	1.16e-01	2.32e-01	2.38e-01	1.70e-01	1.01e-01	1.01e-01	8.32e-03	2.44e-04
 1.47297e+21	0.00e+00	0.00e+00	0.00e+00	0.00e+00	5.97e-32	9.61e-28	5.36e-24	6.21e-21	3.63e-18	5.57e-16	5.50e-14	3.35e-12	1.68e-10	4.95e-09	9.74e-08	1.52e-06	1.68e-04	3.57e-03	3.31e-02	1.25e-01	2.42e-01	2.38e-01	1.65e-01	9.44e-02	9.13e-02	7.30e-03	2.07e-04
 1.53279e+21	0.00e+00	0.00e+00	0.00e+00	0.00e+00	1.06e-31	1.65e-27	8.90e-24	9.98e-21	5.63e-18	8.34e-16	7.96e-14	4.67e-12	2.26e-10	6.42e-09	1.21e-07	1.83e-06	1.97e-04	4.07e-03	3.67e-02	1.34e-01	2.50e-01	2.38e-01	1.59e-01	8.81e-02	8.30e-02	6.41e-03	1.76e-04
 1.61056e+21	0.00e+00	0.00e+00	0.00e+00	0.00e+00	2.18e-31	3.27e-27	1.69e-23	1.82e-20	9.82e-18	1.39e-15	1.27e-13	7.11e-12	3.29e-10	8.89e-09	1.60e-07	2.31e-06	2.41e-04	4.80e-03	4.16e-02	1.46e-01	2.60e-01	2.37e-01	1.51e-01	8.03e-02	7.31e-02	5.41e-03	1.42e-04
 1.69114e+21	0.00e+00	0.00e+00	0.00e+00	0.00e+00	4.53e-31	6.53e-27	3.24e-23	3.34e-20	1.72e-17	2.33e-15	2.03e-13	1.09e-11	4.79e-10	1.23e-08	2.12e-07	2.92e-06	2.94e-04	5.65e-03	4.71e-02	1.58e-01	2.69e-01	2.35e-01	1.43e-01	7.28e-02	6.40e-02	4.53e-03	1.14e-04
 1.75829e+21	0.00e+00	0.00e+00	0.00e+00	0.00e+00	8.22e-31	1.14e-26	5.48e-23	5.46e-20	2.72e-17	3.55e-15	2.97e-13	1.53e-11	6.49e-10	1.61e-08	2.66e-07	3.52e-06	3.44e-04	6.44e-03	5.20e-02	1.69e-01	2.76e-01	2.32e-01	1.37e-01	6.69e-02	5.73e-02	3.91e-03	9.50e-05
 1.82848e+21	0.00e+00	0.00e+00	0.00e+00	0.00e+00	1.49e-30	2.00e-26	9.27e-23	8.92e-20	4.28e-17	5.39e-15	4.35e-13	2.15e-11	8.78e-10	2.09e-08	3.33e-07	4.24e-06	4.03e-04	7.32e-03	5.72e-02	1.79e-01	2.82e-01	2.29e-01	1.30e-01	6.13e-02	5.11e-02	3.37e-03	7.89e-05
 1.91972e+21	0.00e+00	0.00e+00	0.00e+00	0.00e+00	3.24e-30	4.18e-26	1.85e-22	1.70e-19	7.78e-17	9.33e-15	7.15e-13	3.37e-11	1.30e-09	2.95e-08	4.45e-07	5.39e-06	4.94e-04	8.62e-03	6.46e-02	1.93e-01	2.89e-01	2.23e-01	1.21e-01	5.44e-02	4.37e-02	2.75e-03	6.14e-05
 2.01179e+21	0.00e+00	0.00e+00	0.00e+00	0.00e+00	6.91e-30	8.53e-26	3.61e-22	3.18e-19	1.39e-16	1.58e-14	1.16e-12	5.19e-11	1.91e-09	4.11e-08	5.89e-07	6.80e-06	6.00e-04	1.01e-02	7.24e-02	2.06e-01	2.94e-01	2.17e-01	1.12e-01	4.81e-02	3.73e-02	2.24e-03	4.78e-05
 2.08563e+21	0.00e+00	0.00e+00	0.00e+00	0.00e+00	1.25e-29	1.49e-25	6.08e-22	5.17e-19	2.18e-16	2.40e-14	1.68e-12	7.27e-11	2.57e-09	5.32e-08	7.33e-07	8.13e-06	6.97e-04	1.13e-02	7.89e-02	2.17e-01	2.98e-01	2.11e-01	1.05e-01	4.36e-02	3.29e-02	1.91e-03	3.92e-05
 2.15155e+21	0.00e+00	0.00e+00	0.00e+00	0.00e+00	2.09e-29	2.43e-25	9.61e-22	7.93e-19	3.23e-16	3.44e-14	2.34e-12	9.75e-11	3.33e-09	6.66e-08	8.86e-07	9.50e-06	7.94e-04	1.26e-02	8.49e-02	2.26e-01	3.00e-01	2.06e-01	9.93e-02	3.99e-02	2.94e-02	1.65e-03	3.28e-05
 2.22647e+21	0.00e+00	0.00e+00	0.00e+00	0.00e+00	3.71e-29	4.16e-25	1.59e-21	1.27e-18	4.99e-16	5.13e-14	3.36e-12	1.35e-10	4.44e-09	8.53e-08	1.09e-06	1.13e-05	9.14e-04	1.40e-02	9.19e-02	2.36e-01	3.02e-01	2.00e-01	9.29e-02	3.60e-02	2.59e-02	1.40e-03	2.69e-05
 2.32387e+21	0.00e+00	0.00e+00	0.00e+00	1.90e-33	7.67e-29	8.26e-25	3.03e-21	2.31e-18	8.69e-16	8.53e-14	5.33e-12	2.04e-10	6.38e-09	1.17e-07	1.42e-06	1.40e-05	1.09e-03	1.61e-02	1.01e-01	2.48e-01	3.03e-01	1.91e-01	8.50e-02	3.15e-02	2.19e-02	1.13e-03	2.08e-05
 2.42272e+21	0.00e+00	0.00e+00	0.00e+00	4.09e-33	1.58e-28	1.63e-24	5.73e-21	4.20e-18	1.50e-15	1.41e-13	8.40e-12	3.06e-10	9.13e-09	1.59e-07	1.84e-06	1.73e-05	1.30e-03	1.84e-02	1.11e-01	2.60e-01	3.02e-01	1.82e-01	7.75e-02	2.75e-02	1.85e-02	9.10e-04	1.60e-05
 2.50211e+21	0.00e+00	0.00e+00	0.00e+00	7.46e-33	2.78e-28	2.78e-24	9.45e-21	6.69e-18	2.31e-15	2.09e-13	1.20e-11	4.21e-10	1.21e-08	2.02e-07	2.25e-06	2.04e-05	1.49e-03	2.04e-02	1.19e-01	2.69e-01	3.01e-01	1.75e-01	7.18e-02	2.46e-02	1.61e-02	7.66e-04	1.30e-05
 2.58400e+21	0.00e+00	0.00e+00	0.00e+00	1.37e-32	4.93e-28	4.76e-24	1.56e-20	1.07e-17	3.57e-15	3.11e-13	1.72e-11	5.80e-10	1.60e-08	2.58e-07	2.76e-06	2.40e-05	1.70e-03	2.26e-02	1.28e-01	2.78e-01	2.99e-01	1.68e-01	6.63e-02	2.19e-02	1.40e-02	6.41e-04	1.05e-05
 2.69045e+21	0.00e+00	0.00e+00	0.00e+00	2.95e-32	1.02e-27	9.42e-24	2.96e-20	1.94e-17	6.18e-15	5.14e-13	2.71e-11	8.71e-10	2.28e-08	3.50e-07	3.56e-06	2.96e-05	2.01e-03	2.57e-02	1.39e-01	2.88e-01	2.96e-01	1.58e-01	5.97e-02	1.88e-02	1.16e-02	5.10e-04	7.95e-06
 2.80036e+21	0.00e+00	0.00e+00	0.00e+00	6.43e-32	2.11e-27	1.88e-23	5.65e-20	3.54e-17	1.08e-14	8.54e-13	4.28e-11	1.31e-09	3.27e-08	4.76e-07	4.60e-06	3.64e-05	2.37e-03	2.91e-02	1.51e-01	2.98e-01	2.91e-01	1.48e-01	5.34e-02	1.61e-02	9.63e-03	4.02e-04	5.98e-06
 2.89023e+21	0.00e+00	0.00e+00	0.00e+00	1.20e-31	3.80e-27	3.25e-23	9.46e-20	5.73e-17	1.68e-14	1.28e-12	6.17e-11	1.82e-09	4.34e-08	6.07e-07	5.64e-06	4.28e-05	2.70e-03	3.21e-02	1.61e-01	3.06e-01	2.87e-01	1.40e-01	4.88e-02	1.42e-02	8.25e-03	3.31e-04	4.75e-06
 2.96482e+21	0.00e+00	0.00e+00	0.00e+00	1.99e-31	6.12e-27	5.10e-23	1.44e-19	8.48e-17	2.41e-14	1.78e-12	8.31e-11	2.37e-09	5.48e-08	7.41e-07	6.65e-06	4.89e-05	3.00e-03	3.47e-02	1.69e-01	3.11e-01	2.83e-01	1.34e-01	4.51e-02	1.27e-02	7.25e-03	2.82e-04	3.92e-06
 3.04410e+21	0.00e+00	0.00e+00	0.00e+00	3.38e-31	1.01e-26	8.16e-23	2.24e-19	1.28e-16	3.51e-14	2.52e-12	1.14e-10	3.12e-09	6.98e-08	9.11e-07	7.89e-06	5.61e-05	3.35e-03	3.76e-02	1.78e-01	3.17e-01	2.78e-01	1.27e-01	4.15e-02	1.13e-02	6.32e-03	2.38e-04	3.20e-06
 3.14717e+21	0.00e+00	0.00e+00	0.00e+00	6.61e-31	1.89e-26	1.48e-22	3.90e-19	2.14e-16	5.65e-14	3.89e-12	1.68e-10	4.43e-09	9.46e-08	1.18e-06	9.78e-06	6.67e-05	3.83e-03	4.15e-02	1.89e-01	3.23e-01	2.71e-01	1.19e-01	3.73e-02	9.79e-03	5.31e-03	1.92e-04	2.47e-06
 3.25236e+21	0.00e+00	0.00e+00	0.00e+00	1.30e-30	3.57e-26	2.68e-22	6.82e-19	3.61e-16	9.14e-14	6.02e-12	2.49e-10	6.29e-09	1.29e-07	1.53e-06	1.21e-05	7.92e-05	4.39e-03	4.57e-02	2.00e-01	3.28e-01	2.64e-01	1.11e-01	3.34e-02	8.41e-03	4.43e-03	1.53e-04	1.90e-06
 3.33698e+21	0.00e+00	0.00e+00	0.00e+00	2.22e-30	5.90e-26	4.30e-22	1.06e-18	5.45e-16	1.33e-13	8.51e-12	3.41e-10	8.30e-09	1.64e-07	1.88e-06	1.44e-05	9.06e-05	4.88e-03	4.93e-02	2.10e-01	3.32e-01	2.57e-01	1.05e-01	3.05e-02	7.44e-03	3.84e-03	1.28e-04	1.53e-06
 3.42367e+21	0.00e+00	0.00e+00	0.00e+00	3.79e-30	9.76e-26	6.90e-22	1.65e-18	8.23e-16	1.95e-13	1.20e-11	4.65e-10	1.09e-08	2.08e-07	2.31e-06	1.70e-05	1.04e-04	5.41e-03	5.31e-02	2.19e-01	3.35e-01	2.51e-01	9.87e-02	2.78e-02	6.56e-03	3.31e-03	1.07e-04	1.24e-06
 3.53636e+21	0.00e+00	0.00e+00	0.00e+00	7.50e-30	1.85e-25	1.26e-21	2.90e-18	1.39e-15	3.17e-13	1.87e-11	6.92e-10	1.56e-08	2.83e-07	3.00e-06	2.11e-05	1.23e-04	6.17e-03	5.83e-02	2.31e-01	3.39e-01	2.42e-01	9.11e-02	2.46e-02	5.58e-03	2.74e-03	8.47e-05	9.37e-07
 3.64234e+21	0.00e+00	0.00e+00	0.00e+00	1.41e-29	3.36e-25	2.21e-21	4.90e-18	2.27e-15	4.96e-13	2.82e-11	1.00e-09	2.16e-08	3.75e-07	3.81e-06	2.56e-05	1.43e-04	6.96e-03	6.34e-02	2.42e-01	3.41e-01	2.33e-01	8.44e-02	2.19e-02	4.78e-03	2.28e-03	6.79e-05	7.21e-07
 3.71538e+21	0.00e+00	0.00e+00	0.00e+00	2.17e-29	5.02e-25	3.22e-21	6.98e-18	3.15e-15	6.72e-13	3.72e-11	1.28e-09	2.69e-08	4.54e-07	4.48e-06	2.92e-05	1.59e-04	7.54e-03	6.71e-02	2.50e-01	3.42e-01	2.27e-01	8.00e-02	2.02e-02	4.30e-03	2.02e-03	5.84e-05	6.03e-07
 3.78612e+21	0.00e+00	0.00e+00	0.00e+00	3.26e-29	7.37e-25	4.61e-21	9.78e-18	4.32e-15	8.97e-13	4.84e-11	1.63e-09	3.32e-08	5.45e-07	5.23e-06	3.32e-05	1.76e-04	8.13e-03	7.07e-02	2.57e-01	3.42e-01	2.21e-01	7.59e-02	1.87e-02	3.88e-03	1.79e-03	5.04e-05	5.08e-07
 3.87808e+21	0.00e+00	0.00e+00	0.00e+00	5.52e-29	1.21e-24	7.34e-21	1.51e-17	6.47e-15	1.30e-12	6.79e-11	2.21e-09	4.34e-08	6.88e-07	6.37e-06	3.90e-05	1.99e-04	8.95e-03	7.55e-02	2.66e-01	3.43e-01	2.13e-01	7.08e-02	1.69e-02	3.39e-03	1.53e-03	4.17e-05	4.06e-07
 3.97730e+21	0.00e+00	0.00e+00	0.00e+00	9.64e-29	2.04e-24	1.20e-20	2.39e-17	9.95e-15	1.93e-12	9.73e-11	3.05e-09	5.78e-08	8.81e-07	7.85e-06	4.62e-05	2.28e-04	9.91e-03	8.09e-02	2.76e-01	3.43e-01	2.05e-01	6.56e-02	1.51e-02	2.94e-03	1.30e-03	3.40e-05	3.19e-07
 4.06498e+21	0.00e+00	0.00e+00	0.00e+00	1.57e-28	3.21e-24	1.84e-20	3.58e-17	1.45e-14	2.73e-12	1.33e-10	4.04e-09	7.42e-08	1.09e-06	9.40e-06	5.35e-05	2.56e-04	1.08e-02	8.58e-02	2.85e-01	3.42e-01	1.98e-01	6.13e-02	1.37e-02	2.58e-03	1.12e-03	2.84e-05	2.58e-07
 4.13944e+21	0.00e+00	0.00e+00	1.45e-33	2.36e-28	4.71e-24	2.64e-20	5.01e-17	1.98e-14	3.64e-12	1.73e-10	5.11e-09	9.14e-08	1.31e-06	1.09e-05	6.05e-05	2.81e-04	1.16e-02	9.00e-02	2.92e-01	3.41e-01	1.92e-01	5.78e-02	1.26e-02	2.32e-03	9.89e-04	2.44e-05	2.16e-07
 4.21766e+21	0.00e+00	0.00e+00	2.27e-33	3.60e-28	7.00e-24	3.83e-20	7.11e-17	2.74e-14	4.91e-12	2.28e-10	6.53e-09	1.13e-07	1.58e-06	1.28e-05	6.87e-05	3.11e-04	1.25e-02	9.46e-02	2.99e-01	3.39e-01	1.85e-01	5.43e-02	1.15e-02	2.07e-03	8.67e-04	2.08e-05	1.79e-07
 4.30537e+21	0.00e+00	0.00e+00	3.73e-33	5.73e-28	1.08e-23	5.77e-20	1.04e-16	3.92e-14	6.82e-12	3.07e-10	8.54e-09	1.44e-07	1.94e-06	1.52e-05	7.90e-05	3.46e-04	1.36e-02	9.98e-02	3.07e-01	3.37e-01	1.78e-01	5.07e-02	1.04e-02	1.82e-03	7.50e-04	1.74e-05	1.45e-07
 4.38785e+21	0.00e+00	0.00e+00	5.92e-33	8.84e-28	1.62e-23	8.45e-20	1.49e-16	5.48e-14	9.28e-12	4.06e-10	1.10e-08	1.79e-07	2.34e-06	1.79e-05	8.99e-05	3.83e-04	1.46e-02	1.05e-01	3.14e-01	3.35e-01	1.72e-01	4.74e-02	9.49e-03	1.61e-03	6.53e-04	1.47e-05	0.00e+00
 4.46458e+21	0.00e+00	0.00e+00	9.09e-33	1.32e-27	2.37e-23	1.20e-19	2.08e-16	7.47e-14	1.23e-11	5.27e-10	1.39e-08	2.20e-07	2.79e-06	2.07e-05	1.01e-04	4.20e-04	1.56e-02	1.10e-01	3.20e-01	3.33e-01	1.66e-01	4.45e-02	8.69e-03	1.44e-03	5.74e-04	1.26e-05	0.00e+00
 4.55142e+21	0.00e+00	0.00e+00	1.46e-32	2.05e-27	3.58e-23	1.78e-19	2.99e-16	1.05e-13	1.69e-11	7.00e-10	1.79e-08	2.76e-07	3.39e-06	2.44e-05	1.15e-04	4.65e-04	1.69e-02	1.15e-01	3.27e-01	3.30e-01	1.59e-01	4.15e-02	7.87e-03	1.27e-03	4.98e-04	1.06e-05	0.00e+00
 4.64765e+21	0.00e+00	0.00e+00	2.45e-32	3.34e-27	5.65e-23	2.73e-19	4.48e-16	1.53e-13	2.38e-11	9.59e-10	2.37e-08	3.54e-07	4.20e-06	2.91e-05	1.33e-04	5.19e-04	1.83e-02	1.21e-01	3.35e-01	3.26e-01	1.52e-01	3.83e-02	7.05e-03	1.10e-03	4.24e-04	8.73e-06	0.00e+00
 4.73561e+21	0.00e+00	0.00e+00	3.92e-32	5.19e-27	8.53e-23	4.02e-19	6.44e-16	2.15e-13	3.26e-11	1.27e-09	3.06e-08	4.43e-07	5.09e-06	3.42e-05	1.52e-04	5.74e-04	1.97e-02	1.27e-01	3.41e-01	3.23e-01	1.45e-01	3.56e-02	6.37e-03	9.71e-04	3.66e-04	7.32e-06	0.00e+00
 4.81162e+21	0.00e+00	0.00e+00	5.87e-32	7.58e-27	1.22e-22	5.61e-19	8.82e-16	2.88e-13	4.26e-11	1.63e-09	3.81e-08	5.37e-07	6.01e-06	3.93e-05	1.69e-04	6.25e-04	2.09e-02	1.32e-01	3.47e-01	3.19e-01	1.40e-01	3.34e-02	5.83e-03	8.68e-04	3.22e-04	6.27e-06	0.00e+00
 4.89258e+21	0.00e+00	0.00e+00	8.92e-32	1.12e-26	1.75e-22	7.92e-19	1.22e-15	3.90e-13	5.63e-11	2.10e-09	4.78e-08	6.56e-07	7.14e-06	4.53e-05	1.90e-04	6.82e-04	2.23e-02	1.37e-01	3.52e-01	3.16e-01	1.34e-01	3.12e-02	5.31e-03	7.72e-04	2.82e-04	5.34e-06	0.00e+00
 4.98379e+21	0.00e+00	0.00e+00	1.43e-31	1.74e-26	2.65e-22	1.17e-18	1.75e-15	5.49e-13	7.70e-11	2.79e-09	6.17e-08	8.21e-07	8.65e-06	5.32e-05	2.16e-04	7.53e-04	2.39e-02	1.43e-01	3.58e-01	3.11e-01	1.28e-01	2.89e-02	4.77e-03	6.75e-04	2.43e-04	4.45e-06	0.00e+00
 5.06910e+21	0.00e+00	0.00e+00	2.20e-31	2.61e-26	3.88e-22	1.67e-18	2.46e-15	7.52e-13	1.03e-10	3.64e-09	7.82e-08	1.01e-06	1.03e-05	6.17e-05	2.43e-04	8.24e-04	2.55e-02	1.49e-01	3.64e-01	3.06e-01	1.22e-01	2.68e-02	4.32e-03	5.96e-04	2.11e-04	3.75e-06	0.00e+00
 5.14732e+21	0.00e+00	0.00e+00	3.27e-31	3.78e-26	5.47e-22	2.31e-18	3.33e-15	1.00e-12	1.34e-10	4.62e-09	9.69e-08	1.22e-06	1.21e-05	7.06e-05	2.70e-04	8.94e-04	2.70e-02	1.54e-01	3.68e-01	3.02e-01	1.17e-01	2.51e-02	3.94e-03	5.31e-04	1.85e-04	3.21e-06	0.00e+00
 5.23556e+21	0.00e+00	0.00e+00	5.07e-31	5.69e-26	8.03e-22	3.31e-18	4.68e-15	1.38e-12	1.79e-10	6.03e-09	1.23e-07	1.51e-06	1.45e-05	8.19e-05	3.04e-04	9.78e-04	2.88e-02	1.61e-01	3.73e-01	2.97e-01	1.12e-01	2.32e-02	3.55e-03	4.67e-04	1.60e-04	2.69e-06	0.00e+00
 5.33337e+21	0.00e+00	0.00e+00	8.20e-31	8.92e-26	1.22e-21	4.92e-18	6.80e-15	1.95e-12	2.48e-10	8.09e-09	1.60e-07	1.90e-06	1.77e-05	9.65e-05	3.46e-04	1.08e-03	3.09e-02	1.67e-01	3.78e-01	2.91e-01	1.06e-01	2.13e-02	3.16e-03	4.04e-04	1.36e-04	2.21e-06	0.00e+00
 5.42295e+21	0.00e+00	0.00e+00	1.27e-30	1.34e-25	1.79e-21	7.05e-18	9.54e-15	2.69e-12	3.32e-10	1.06e-08	2.03e-07	2.34e-06	2.12e-05	1.12e-04	3.89e-04	1.18e-03	3.29e-02	1.74e-01	3.82e-01	2.86e-01	1.00e-01	1.96e-02	2.84e-03	3.54e-04	1.17e-04	1.85e-06	0.00e+00
 5.50512e+21	0.00e+00	0.00e+00	1.88e-30	1.94e-25	2.52e-21	9.75e-18	1.30e-14	3.58e-12	4.32e-10	1.34e-08	2.52e-07	2.82e-06	2.49e-05	1.28e-04	4.33e-04	1.28e-03	3.48e-02	1.79e-01	3.86e-01	2.81e-01	9.58e-02	1.83e-02	2.58e-03	3.14e-04	1.02e-04	1.57e-06	0.00e+00
 5.58603e+21	0.00e+00	0.00e+00	2.76e-30	2.77e-25	3.53e-21	1.34e-17	1.75e-14	4.74e-12	5.60e-10	1.70e-08	3.11e-07	3.40e-06	2.91e-05	1.46e-04	4.80e-04	1.38e-03	3.67e-02	1.85e-01	3.89e-01	2.76e-01	9.14e-02	1.70e-02	2.34e-03	2.78e-04	8.93e-05	1.34e-06	0.00e+00
 5.67895e+21	0.00e+00	0.00e+00	4.26e-30	4.16e-25	5.16e-21	1.91e-17	2.45e-14	6.52e-12	7.50e-10	2.22e-08	3.94e-07	4.19e-06	3.48e-05	1.69e-04	5.39e-04	1.51e-03	3.90e-02	1.92e-01	3.93e-01	2.70e-01	8.65e-02	1.56e-02	2.09e-03	2.43e-04	7.65e-05	1.11e-06	0.00e+00
 5.77947e+21	0.00e+00	0.00e+00	6.80e-30	6.42e-25	7.74e-21	2.81e-17	3.52e-14	9.18e-12	1.03e-09	2.96e-08	5.10e-07	5.25e-06	4.22e-05	1.98e-04	6.10e-04	1.66e-03	4.17e-02	1.99e-01	3.96e-01	2.63e-01	8.14e-02	1.42e-02	1.85e-03	2.09e-04	6.47e-05	9.08e-07	0.00e+00
 5.86644e+21	0.00e+00	0.00e+00	1.01e-29	9.31e-25	1.10e-20	3.89e-17	4.80e-14	1.23e-11	1.35e-09	3.78e-08	6.35e-07	6.36e-06	4.97e-05	2.27e-04	6.79e-04	1.80e-03	4.40e-02	2.05e-01	3.99e-01	2.57e-01	7.72e-02	1.31e-02	1.67e-03	1.83e-04	5.60e-05	7.62e-07	0.00e+00
 5.94317e+21	0.00e+00	0.00e+00	1.43e-29	1.29e-24	1.48e-20	5.18e-17	6.29e-14	1.59e-11	1.70e-09	4.69e-08	7.70e-07	7.53e-06	5.73e-05	2.55e-04	7.45e-04	1.93e-03	4.61e-02	2.10e-01	4.01e-01	2.52e-01	7.36e-02	1.22e-02	1.52e-03	1.64e-04	4.93e-05	6.54e-07	0.00e+00
 6.03005e+21	0.00e+00	0.00e+00	2.11e-29	1.84e-24	2.07e-20	7.11e-17	8.51e-14	2.11e-11	2.22e-09	5.97e-08	9.54e-07	9.09e-06	6.73e-05	2.91e-04	8.26e-04	2.08e-03	4.86e-02	2.16e-01	4.03e-01	2.46e-01	6.97e-02	1.13e-02	1.37e-03	1.44e-04	4.26e-05	5.50e-07	0.00e+00
 6.14298e+21	0.00e+00	0.00e+00	3.45e-29	2.92e-24	3.19e-20	1.07e-16	1.25e-13	3.05e-11	3.11e-09	8.13e-08	1.26e-06	1.16e-05	8.27e-05	3.44e-04	9.43e-04	2.30e-03	5.20e-02	2.24e-01	4.05e-01	2.38e-01	6.49e-02	1.01e-02	1.19e-03	1.22e-04	3.53e-05	4.39e-07	0.00e+00
 6.25595e+21	0.00e+00	0.00e+00	5.64e-29	4.61e-24	4.89e-20	1.60e-16	1.84e-13	4.39e-11	4.35e-09	1.11e-07	1.66e-06	1.47e-05	1.01e-04	4.08e-04	1.08e-03	2.54e-03	5.55e-02	2.32e-01	4.07e-01	2.31e-01	6.03e-02	9.09e-03	1.04e-03	1.03e-04	2.92e-05	3.50e-07	0.00e+00
 6.34257e+21	0.00e+00	0.00e+00	8.22e-29	6.55e-24	6.79e-20	2.18e-16	2.48e-13	5.83e-11	5.65e-09	1.40e-07	2.05e-06	1.78e-05	1.19e-04	4.64e-04	1.19e-03	2.74e-03	5.84e-02	2.38e-01	4.08e-01	2.24e-01	5.69e-02	8.34e-03	9.27e-04	8.96e-05	2.51e-05	2.92e-07	0.00e+00
 6.42880e+21	0.00e+00	0.00e+00	1.17e-28	9.10e-24	9.23e-20	2.92e-16	3.27e-13	7.59e-11	7.21e-09	1.75e-07	2.50e-06	2.12e-05	1.38e-04	5.24e-04	1.31e-03	2.94e-03	6.12e-02	2.44e-01	4.08e-01	2.19e-01	5.38e-02	7.69e-03	8.36e-04	7.91e-05	2.18e-05	2.47e-07	0.00e+00
 6.54091e+21	0.00e+00	0.00e+00	1.86e-28	1.40e-23	1.38e-19	4.27e-16	4.71e-13	1.07e-10	9.94e-09	2.35e-07	3.26e-06	2.66e-05	1.68e-04	6.15e-04	1.48e-03	3.23e-03	6.51e-02	2.52e-01	4.09e-01	2.11e-01	4.99e-02	6.89e-03	7.27e-04	6.68e-05	1.81e-05	1.97e-07	0.00e+00
 6.65579e+21	0.00e+00	0.00e+00	2.96e-28	2.15e-23	2.07e-19	6.28e-16	6.81e-13	1.53e-10	1.38e-08	3.18e-07	4.26e-06	3.37e-05	2.04e-04	7.24e-04	1.68e-03	3.55e-03	6.92e-02	2.60e-01	4.09e-01	2.03e-01	4.61e-02	6.15e-03	6.29e-04	5.61e-05	1.49e-05	1.56e-07	0.00e+00
 6.74849e+21	0.00e+00	0.00e+00	4.28e-28	3.03e-23	2.85e-19	8.51e-16	9.13e-13	2.02e-10	1.79e-08	4.03e-07	5.27e-06	4.06e-05	2.39e-04	8.24e-04	1.86e-03	3.83e-03	7.27e-02	2.66e-01	4.08e-01	1.97e-01	4.33e-02	5.61e-03	5.60e-04	4.88e-05	1.27e-05	1.30e-07	0.00e+00
 6.84321e+21	0.00e+00	1.49e-33	6.19e-28	4.27e-23	3.91e-19	1.15e-15	1.22e-12	2.68e-10	2.32e-08	5.12e-07	6.53e-06	4.90e-05	2.80e-04	9.37e-04	2.05e-03	4.13e-03	7.63e-02	2.72e-01	4.08e-01	1.90e-01	4.05e-02	5.11e-03	4.97e-04	4.23e-05	1.09e-05	0.00e+00	0.00e+00
 6.96635e+21	0.00e+00	2.48e-33	9.88e-28	6.59e-23	5.88e-19	1.70e-15	1.78e-12	3.84e-10	3.24e-08	6.96e-07	8.59e-06	6.23e-05	3.43e-04	1.11e-03	2.34e-03	4.55e-03	8.11e-02	2.80e-01	4.06e-01	1.82e-01	3.71e-02	4.52e-03	4.26e-04	3.51e-05	8.84e-06	0.00e+00	0.00e+00
 7.09112e+21	0.00e+00	4.11e-33	1.57e-27	1.01e-22	8.80e-19	2.49e-15	2.59e-12	5.51e-10	4.52e-08	9.46e-07	1.13e-05	7.92e-05	4.21e-04	1.31e-03	2.66e-03	5.01e-03	8.63e-02	2.88e-01	4.04e-01	1.74e-01	3.40e-02	3.98e-03	3.63e-04	2.91e-05	7.16e-06	0.00e+00	0.00e+00
 7.18955e+21	0.00e+00	6.08e-33	2.25e-27	1.41e-22	1.20e-18	3.36e-15	3.45e-12	7.29e-10	5.86e-08	1.20e-06	1.40e-05	9.55e-05	4.92e-04	1.49e-03	2.94e-03	5.40e-03	9.04e-02	2.94e-01	4.02e-01	1.68e-01	3.16e-02	3.60e-03	3.21e-04	2.50e-05	6.07e-06	0.00e+00	0.00e+00
 7.28903e+21	0.00e+00	8.91e-33	3.20e-27	1.96e-22	1.63e-18	4.49e-15	4.59e-12	9.61e-10	7.57e-08	1.52e-06	1.73e-05	1.15e-04	5.75e-04	1.69e-03	3.24e-03	5.82e-03	9.47e-02	2.99e-01	4.00e-01	1.62e-01	2.94e-02	3.25e-03	2.83e-04	2.16e-05	5.14e-06	0.00e+00	0.00e+00
 7.41835e+21	0.00e+00	1.45e-32	4.99e-27	2.96e-22	2.39e-18	6.50e-15	6.59e-12	1.37e-09	1.05e-07	2.06e-06	2.27e-05	1.46e-04	7.02e-04	1.98e-03	3.67e-03	6.40e-03	1.00e-01	3.07e-01	3.96e-01	1.54e-01	2.68e-02	2.85e-03	2.40e-04	1.78e-05	4.14e-06	0.00e+00	0.00e+00
 7.55267e+21	0.00e+00	2.37e-32	7.83e-27	4.48e-22	3.54e-18	9.46e-15	9.52e-12	1.96e-09	1.47e-07	2.80e-06	2.99e-05	1.85e-04	8.60e-04	2.34e-03	4.17e-03	7.05e-03	1.07e-01	3.14e-01	3.92e-01	1.46e-01	2.42e-02	2.48e-03	2.02e-04	1.45e-05	3.31e-06	0.00e+00	0.00e+00
 7.65868e+21	0.00e+00	3.45e-32	1.11e-26	6.17e-22	4.77e-18	1.26e-14	1.26e-11	2.58e-09	1.90e-07	3.56e-06	3.70e-05	2.23e-04	1.01e-03	2.66e-03	4.61e-03	7.59e-03	1.12e-01	3.20e-01	3.88e-01	1.40e-01	2.24e-02	2.23e-03	1.77e-04	1.24e-05	2.77e-06	0.00e+00	0.00e+00
 7.74606e+21	0.00e+00	4.67e-32	1.46e-26	7.97e-22	6.07e-18	1.59e-14	1.59e-11	3.23e-09	2.34e-07	4.31e-06	4.40e-05	2.60e-04	1.14e-03	2.95e-03	4.99e-03	8.07e-03	1.16e-01	3.24e-01	3.85e-01	1.35e-01	2.10e-02	2.04e-03	1.58e-04	1.09e-05	2.40e-06	0.00e+00	0.00e+00
 7.84398e+21	0.00e+00	6.49e-32	1.97e-26	1.05e-21	7.88e-18	2.05e-14	2.04e-11	4.13e-09	2.94e-07	5.33e-06	5.32e-05	3.06e-04	1.31e-03	3.30e-03	5.44e-03	8.62e-03	1.21e-01	3.29e-01	3.81e-01	1.29e-01	1.95e-02	1.84e-03	1.40e-04	9.43e-06	2.05e-06	0.00e+00	0.00e+00
 7.97129e+21	0.00e+00	9.85e-32	2.89e-26	1.50e-21	1.10e-17	2.82e-14	2.80e-11	5.65e-09	3.94e-07	6.97e-06	6.77e-05	3.78e-04	1.57e-03	3.81e-03	6.08e-03	9.38e-03	1.27e-01	3.34e-01	3.76e-01	1.23e-01	1.77e-02	1.62e-03	1.20e-04	7.83e-06	1.67e-06	0.00e+00	0.00e+00
 8.10366e+21	0.00e+00	1.50e-31	4.25e-26	2.14e-21	1.53e-17	3.89e-14	3.87e-11	7.77e-09	5.29e-07	9.17e-06	8.65e-05	4.68e-04	1.87e-03	4.41e-03	6.80e-03	1.02e-02	1.33e-01	3.40e-01	3.69e-01	1.16e-01	1.60e-02	1.41e-03	1.01e-04	6.46e-06	1.35e-06	0.00e+00	0.00e+00
 8.21402e+21	0.00e+00	2.11e-31	5.80e-26	2.85e-21	2.01e-17	5.06e-14	5.03e-11	1.01e-08	6.74e-07	1.15e-05	1.06e-04	5.57e-04	2.17e-03	4.96e-03	7.45e-03	1.10e-02	1.39e-01	3.44e-01	3.64e-01	1.10e-01	1.48e-02	1.26e-03	8.85e-05	5.51e-06	1.13e-06	0.00e+00	0.00e+00
 8.32889e+21	0.00e+00	2.98e-31	7.92e-26	3.81e-21	2.64e-17	6.59e-14	6.55e-11	1.31e-08	8.60e-07	1.44e-05	1.29e-04	6.64e-04	2.51e-03	5.59e-03	8.17e-03	1.18e-02	1.45e-01	3.48e-01	3.58e-01	1.05e-01	1.35e-02	1.13e-03	7.70e-05	4.69e-06	9.43e-07	0.00e+00	0.00e+00
 8.47821e+21	0.00e+00	4.58e-31	1.17e-25	5.48e-21	3.71e-17	9.19e-14	9.16e-11	1.82e-08	1.17e-06	1.91e-05	1.67e-04	8.29e-04	3.02e-03	6.49e-03	9.17e-03	1.29e-02	1.53e-01	3.53e-01	3.50e-01	9.84e-02	1.21e-02	9.70e-04	6.43e-05	3.80e-06	7.48e-07	0.00e+00	0.00e+00
 8.63038e+21	0.00e+00	7.02e-31	1.73e-25	7.86e-21	5.21e-17	1.28e-13	1.28e-10	2.54e-08	1.59e-06	2.54e-05	2.15e-04	1.03e-03	3.62e-03	7.53e-03	1.03e-02	1.40e-02	1.61e-01	3.57e-01	3.42e-01	9.19e-02	1.08e-02	8.33e-04	5.35e-05	3.08e-06	5.92e-07	0.00e+00	0.00e+00
 8.75317e+21	0.00e+00	9.80e-31	2.35e-25	1.04e-20	6.79e-17	1.65e-13	1.66e-10	3.29e-08	2.03e-06	3.18e-05	2.62e-04	1.23e-03	4.18e-03	8.45e-03	1.12e-02	1.50e-02	1.67e-01	3.60e-01	3.34e-01	8.70e-02	9.85e-03	7.37e-04	4.63e-05	2.60e-06	4.91e-07	0.00e+00	0.00e+00
 8.87972e+21	0.00e+00	1.36e-30	3.17e-25	1.38e-20	8.84e-17	2.14e-13	2.15e-10	4.26e-08	2.58e-06	3.97e-05	3.20e-04	1.46e-03	4.82e-03	9.48e-03	1.23e-02	1.61e-02	1.74e-01	3.63e-01	3.27e-01	8.22e-02	8.97e-03	6.52e-04	3.99e-05	2.19e-06	4.07e-07	0.00e+00	0.00e+00
 9.04425e+21	0.00e+00	2.07e-30	4.64e-25	1.96e-20	1.23e-16	2.96e-13	2.99e-10	5.91e-08	3.49e-06	5.26e-05	4.11e-04	1.81e-03	5.77e-03	1.09e-02	1.37e-02	1.76e-02	1.82e-01	3.66e-01	3.17e-01	7.62e-02	7.94e-03	5.55e-04	3.30e-05	1.76e-06	3.19e-07	0.00e+00	0.00e+00
 9.21427e+21	0.00e+00	3.15e-30	6.80e-25	2.79e-20	1.72e-16	4.10e-13	4.16e-10	8.21e-08	4.74e-06	6.97e-05	5.28e-04	2.25e-03	6.90e-03	1.26e-02	1.53e-02	1.91e-02	1.91e-01	3.68e-01	3.06e-01	7.05e-02	7.00e-03	4.71e-04	2.71e-05	1.41e-06	2.49e-07	0.00e+00	0.00e+00
 9.34864e+21	0.00e+00	4.34e-30	9.11e-25	3.66e-20	2.23e-16	5.27e-13	5.37e-10	1.06e-07	6.00e-06	8.66e-05	6.41e-04	2.65e-03	7.90e-03	1.41e-02	1.66e-02	2.04e-02	1.98e-01	3.69e-01	2.98e-01	6.62e-02	6.34e-03	4.14e-04	2.33e-05	1.18e-06	2.06e-07	0.00e+00	0.00e+00
 9.45995e+21	0.00e+00	5.63e-30	1.15e-24	4.55e-20	2.74e-16	6.45e-13	6.60e-10	1.30e-07	7.26e-06	1.03e-04	7.48e-04	3.03e-03	8.82e-03	1.54e-02	1.78e-02	2.15e-02	2.03e-01	3.69e-01	2.91e-01	6.29e-02	5.84e-03	3.73e-04	2.05e-05	1.03e-06	1.76e-07	0.00e+00	0.00e+00
 9.58409e+21	0.00e+00	7.45e-30	1.49e-24	5.77e-20	3.43e-16	8.04e-13	8.25e-10	1.62e-07	8.92e-06	1.25e-04	8.85e-04	3.50e-03	9.92e-03	1.69e-02	1.91e-02	2.27e-02	2.09e-01	3.70e-01	2.83e-01	5.93e-02	5.34e-03	3.32e-04	1.79e-05	8.77e-07	1.48e-07	0.00e+00	0.00e+00
 9.74546e+21	0.00e+00	1.06e-29	2.06e-24	7.79e-20	4.56e-16	1.06e-12	1.10e-09	2.15e-07	1.16e-05	1.59e-04	1.09e-03	4.19e-03	1.15e-02	1.90e-02	2.08e-02	2.43e-02	2.17e-01	3.69e-01	2.73e-01	5.50e-02	4.75e-03	2.85e-04	1.50e-05	7.17e-07	0.00e+00	0.00e+00	0.00e+00
 9.91374e+21	0.00e+00	1.53e-29	2.86e-24	1.06e-19	6.09e-16	1.41e-12	1.47e-09	2.87e-07	1.51e-05	2.02e-04	1.36e-03	5.04e-03	1.34e-02	2.14e-02	2.28e-02	2.61e-02	2.24e-01	3.68e-01	2.62e-01	5.08e-02	4.20e-03	2.44e-04	1.25e-05	5.82e-07	0.00e+00	0.00e+00	0.00e+00
 1.00549e+22	0.00e+00	2.05e-29	3.75e-24	1.36e-19	7.72e-16	1.78e-12	1.86e-09	3.64e-07	1.88e-05	2.47e-04	1.62e-03	5.85e-03	1.51e-02	2.35e-02	2.45e-02	2.76e-02	2.31e-01	3.66e-01	2.53e-01	4.74e-02	3.79e-03	2.14e-04	1.07e-05	4.90e-07	0.00e+00	0.00e+00	0.00e+00
 1.02023e+22	0.00e+00	2.77e-29	4.93e-24	1.75e-19	9.83e-16	2.26e-12	2.36e-09	4.62e-07	2.34e-05	3.02e-04	1.93e-03	6.80e-03	1.70e-02	2.59e-02	2.63e-02	2.91e-02	2.37e-01	3.64e-01	2.44e-01	4.42e-02	3.41e-03	1.87e-04	9.17e-06	4.10e-07	0.00e+00	0.00e+00	0.00e+00
 1.03939e+22	0.00e+00	4.04e-29	6.96e-24	2.42e-19	1.33e-15	3.04e-12	3.21e-09	6.25e-07	3.08e-05	3.89e-04	2.41e-03	8.20e-03	1.98e-02	2.91e-02	2.87e-02	3.12e-02	2.44e-01	3.60e-01	2.32e-01	4.03e-02	2.97e-03	1.57e-04	7.49e-06	3.27e-07	0.00e+00	0.00e+00	0.00e+00
 1.05892e+22	0.00e+00	5.90e-29	9.83e-24	3.33e-19	1.81e-15	4.10e-12	4.35e-09	8.44e-07	4.06e-05	5.00e-04	3.01e-03	9.87e-03	2.30e-02	3.27e-02	3.13e-02	3.33e-02	2.51e-01	3.56e-01	2.20e-01	3.66e-02	2.58e-03	1.32e-04	6.11e-06	2.60e-07	0.00e+00	0.00e+00	0.00e+00
 1.07468e+22	0.00e+00	7.93e-29	1.29e-23	4.28e-19	2.30e-15	5.19e-12	5.52e-09	1.07e-06	5.03e-05	6.09e-04	3.57e-03	1.14e-02	2.58e-02	3.57e-02	3.34e-02	3.50e-02	2.56e-01	3.51e-01	2.11e-01	3.39e-02	2.30e-03	1.15e-04	5.19e-06	2.16e-07	0.00e+00	0.00e+00	0.00e+00
 1.08828e+22	0.00e+00	1.02e-28	1.62e-23	5.29e-19	2.81e-15	6.32e-12	6.76e-09	1.31e-06	6.04e-05	7.19e-04	4.13e-03	1.29e-02	2.85e-02	3.85e-02	3.52e-02	3.65e-02	2.60e-01	3.47e-01	2.02e-01	3.16e-02	2.09e-03	1.01e-04	4.50e-06	1.84e-07	0.00e+00	0.00e+00	0.00e+00
 1.10330e+22	0.00e+00	1.33e-28	2.07e-23	6.66e-19	3.50e-15	7.83e-12	8.38e-09	1.61e-06	7.32e-05	8.56e-04	4.80e-03	1.46e-02	3.14e-02	4.15e-02	3.72e-02	3.80e-02	2.64e-01	3.42e-01	1.94e-01	2.94e-02	1.88e-03	8.91e-05	3.87e-06	1.56e-07	0.00e+00	0.00e+00	0.00e+00
 1.12281e+22	0.00e+00	1.88e-28	2.83e-23	8.91e-19	4.61e-15	1.03e-11	1.10e-08	2.11e-06	9.34e-05	1.07e-03	5.81e-03	1.71e-02	3.57e-02	4.57e-02	3.98e-02	4.00e-02	2.69e-01	3.35e-01	1.83e-01	2.66e-02	1.64e-03	7.51e-05	3.19e-06	1.25e-07	0.00e+00	0.00e+00	0.00e+00
 1.14275e+22	0.00e+00	2.64e-28	3.87e-23	1.19e-18	6.09e-15	1.35e-11	1.45e-08	2.76e-06	1.19e-04	1.33e-03	7.04e-03	2.00e-02	4.03e-02	5.01e-02	4.25e-02	4.20e-02	2.73e-01	3.27e-01	1.72e-01	2.40e-02	1.42e-03	6.31e-05	2.61e-06	0.00e+00	0.00e+00	0.00e+00	0.00e+00
 1.15888e+22	0.00e+00	3.46e-28	4.95e-23	1.50e-18	7.58e-15	1.67e-11	1.81e-08	3.42e-06	1.45e-04	1.59e-03	8.18e-03	2.27e-02	4.44e-02	5.39e-02	4.47e-02	4.36e-02	2.75e-01	3.19e-01	1.63e-01	2.21e-02	1.26e-03	5.46e-05	2.21e-06	0.00e+00	0.00e+00	0.00e+00	0.00e+00
 1.17549e+22	0.00e+00	4.56e-28	6.38e-23	1.90e-18	9.47e-15	2.07e-11	2.23e-08	4.19e-06	1.74e-04	1.87e-03	9.42e-03	2.55e-02	4.86e-02	5.75e-02	4.68e-02	4.50e-02	2.77e-01	3.12e-01	1.55e-01	2.03e-02	1.13e-03	4.78e-05	1.90e-06	0.00e+00	0.00e+00	0.00e+00	0.00e+00
 1.19708e+22	0.00e+00	6.41e-28	8.70e-23	2.54e-18	1.25e-14	2.71e-11	2.94e-08	5.48e-06	2.22e-04	2.32e-03	1.14e-02	2.97e-02	5.46e-02	6.27e-02	4.96e-02	4.69e-02	2.78e-01	3.01e-01	1.44e-01	1.81e-02	9.64e-04	3.95e-05	1.53e-06	0.00e+00	0.00e+00	0.00e+00	0.00e+00
 1.21930e+22	0.00e+00	9.08e-28	1.20e-22	3.42e-18	1.66e-14	3.56e-11	3.88e-08	7.16e-06	2.81e-04	2.88e-03	1.36e-02	3.44e-02	6.12e-02	6.79e-02	5.23e-02	4.86e-02	2.79e-01	2.90e-01	1.33e-01	1.61e-02	8.23e-04	3.27e-05	1.23e-06	0.00e+00	0.00e+00	0.00e+00	0.00e+00
 1.23773e+22	0.00e+00	1.20e-27	1.54e-22	4.34e-18	2.08e-14	4.45e-11	4.85e-08	8.88e-06	3.41e-04	3.42e-03	1.58e-02	3.87e-02	6.68e-02	7.23e-02	5.45e-02	5.00e-02	2.78e-01	2.80e-01	1.24e-01	1.46e-02	7.19e-04	2.78e-05	1.03e-06	0.00e+00	0.00e+00	0.00e+00	0.00e+00
 1.25707e+22	0.00e+00	1.60e-27	2.01e-22	5.55e-18	2.63e-14	5.57e-11	6.06e-08	1.10e-05	4.13e-04	4.05e-03	1.82e-02	4.34e-02	7.28e-02	7.68e-02	5.65e-02	5.11e-02	2.77e-01	2.70e-01	1.16e-01	1.32e-02	6.29e-04	2.37e-05	8.58e-07	0.00e+00	0.00e+00	0.00e+00	0.00e+00
 1.28221e+22	1.63e-33	2.30e-27	2.80e-22	7.56e-18	3.52e-14	7.40e-11	8.05e-08	1.44e-05	5.25e-04	5.01e-03	2.18e-02	5.00e-02	8.09e-02	8.25e-02	5.91e-02	5.25e-02	2.74e-01	2.56e-01	1.05e-01	1.15e-02	5.26e-04	1.92e-05	6.76e-07	0.00e+00	0.00e+00	0.00e+00	0.00e+00
 1.30814e+22	2.44e-33	3.32e-27	3.92e-22	1.03e-17	4.74e-14	9.85e-11	1.07e-07	1.89e-05	6.68e-04	6.18e-03	2.60e-02	5.75e-02	8.96e-02	8.83e-02	6.14e-02	5.36e-02	2.70e-01	2.41e-01	9.54e-02	9.93e-03	4.36e-04	1.54e-05	5.28e-07	0.00e+00	0.00e+00	0.00e+00	0.00e+00
 1.32851e+22	3.33e-33	4.40e-27	5.07e-22	1.31e-17	5.95e-14	1.23e-10	1.33e-07	2.32e-05	8.00e-04	7.24e-03	2.96e-02	6.37e-02	9.64e-02	9.26e-02	6.30e-02	5.43e-02	2.65e-01	2.30e-01	8.79e-02	8.85e-03	3.77e-04	1.30e-05	4.36e-07	0.00e+00	0.00e+00	0.00e+00	0.00e+00
 1.34842e+22	4.46e-33	5.74e-27	6.47e-22	1.65e-17	7.37e-14	1.51e-10	1.63e-07	2.81e-05	9.47e-04	8.40e-03	3.35e-02	7.01e-02	1.03e-01	9.66e-02	6.43e-02	5.47e-02	2.61e-01	2.18e-01	8.11e-02	7.91e-03	3.26e-04	1.10e-05	3.62e-07	0.00e+00	0.00e+00	0.00e+00	0.00e+00
 1.37430e+22	6.47e-33	8.05e-27	8.81e-22	2.20e-17	9.67e-14	1.95e-10	2.10e-07	3.58e-05	1.17e-03	1.01e-02	3.90e-02	7.86e-02	1.12e-01	1.01e-01	6.57e-02	5.50e-02	2.53e-01	2.04e-01	7.28e-02	6.83e-03	2.71e-04	8.86e-06	2.84e-07	0.00e+00	0.00e+00	0.00e+00	0.00e+00
 1.40137e+22	9.45e-33	1.14e-26	1.21e-21	2.95e-17	1.28e-13	2.55e-10	2.72e-07	4.56e-05	1.45e-03	1.21e-02	4.53e-02	8.81e-02	1.21e-01	1.06e-01	6.68e-02	5.51e-02	2.45e-01	1.89e-01	6.48e-02	5.83e-03	2.23e-04	7.06e-06	2.21e-07	0.00e+00	0.00e+00	0.00e+00	0.00e+00
 1.42438e+22	1.29e-32	1.51e-26	1.57e-21	3.75e-17	1.60e-13	3.16e-10	3.36e-07	5.56e-05	1.72e-03	1.41e-02	5.10e-02	9.63e-02	1.28e-01	1.09e-01	6.75e-02	5.48e-02	2.37e-01	1.77e-01	5.86e-02	5.09e-03	1.88e-04	5.82e-06	1.78e-07	0.00e+00	0.00e+00	0.00e+00	0.00e+00
 1.44866e+22	1.77e-32	2.02e-26	2.05e-21	4.80e-17	2.02e-13	3.95e-10	4.17e-07	6.79e-05	2.04e-03	1.63e-02	5.75e-02	1.05e-01	1.35e-01	1.13e-01	6.78e-02	5.43e-02	2.28e-01	1.64e-01	5.25e-02	4.41e-03	1.58e-04	4.76e-06	1.43e-07	0.00e+00	0.00e+00	0.00e+00	0.00e+00
 1.48023e+22	2.65e-32	2.92e-26	2.86e-21	6.56e-17	2.71e-13	5.21e-10	5.45e-07	8.70e-05	2.53e-03	1.95e-02	6.64e-02	1.17e-01	1.45e-01	1.16e-01	6.78e-02	5.34e-02	2.15e-01	1.48e-01	4.55e-02	3.65e-03	1.25e-04	3.66e-06	0.00e+00	0.00e+00	0.00e+00	0.00e+00	0.00e+00
 1.51307e+22	3.96e-32	4.23e-26	4.02e-21	8.98e-17	3.65e-13	6.89e-10	7.13e-07	1.11e-04	3.12e-03	2.34e-02	7.64e-02	1.29e-01	1.53e-01	1.19e-01	6.73e-02	5.20e-02	2.02e-01	1.33e-01	3.90e-02	2.99e-03	9.83e-05	2.78e-06	0.00e+00	0.00e+00	0.00e+00	0.00e+00	0.00e+00
 1.54081e+22	5.50e-32	5.74e-26	5.30e-21	1.16e-16	4.64e-13	8.64e-10	8.86e-07	1.36e-04	3.69e-03	2.69e-02	8.53e-02	1.39e-01	1.60e-01	1.20e-01	6.65e-02	5.06e-02	1.90e-01	1.21e-01	3.41e-02	2.52e-03	8.00e-05	2.21e-06	0.00e+00	0.00e+00	0.00e+00	0.00e+00	0.00e+00
 1.57015e+22	7.68e-32	7.82e-26	7.02e-21	1.51e-16	5.92e-13	1.09e-09	1.10e-06	1.66e-04	4.37e-03	3.09e-02	9.49e-02	1.49e-01	1.66e-01	1.21e-01	6.53e-02	4.89e-02	1.78e-01	1.09e-01	2.95e-02	2.10e-03	6.44e-05	1.73e-06	0.00e+00	0.00e+00	0.00e+00	0.00e+00	0.00e+00
 1.60215e+22	1.09e-31	1.09e-25	9.47e-21	1.99e-16	7.67e-13	1.38e-09	1.39e-06	2.04e-04	5.21e-03	3.57e-02	1.06e-01	1.61e-01	1.72e-01	1.21e-01	6.37e-02	4.69e-02	1.65e-01	9.64e-02	2.52e-02	1.72e-03	5.07e-05	1.32e-06	0.00e+00	0.00e+00	0.00e+00	0.00e+00	0.00e+00
 1.63113e+22	1.48e-31	1.45e-25	1.23e-20	2.53e-16	9.60e-13	1.71e-09	1.69e-06	2.45e-04	6.06e-03	4.04e-02	1.16e-01	1.70e-01	1.77e-01	1.21e-01	6.19e-02	4.50e-02	1.53e-01	8.63e-02	2.17e-02	1.43e-03	4.08e-05	1.04e-06	0.00e+00	0.00e+00	0.00e+00	0.00e+00	0.00e+00
 1.66231e+22	2.04e-31	1.95e-25	1.61e-20	3.25e-16	1.21e-12	2.12e-09	2.08e-06	2.94e-04	7.06e-03	4.58e-02	1.27e-01	1.80e-01	1.80e-01	1.20e-01	5.98e-02	4.28e-02	1.41e-01	7.64e-02	1.85e-02	1.17e-03	3.23e-05	8.01e-07	0.00e+00	0.00e+00	0.00e+00	0.00e+00	0.00e+00
 1.69751e+22	2.89e-31	2.71e-25	2.18e-20	4.28e-16	1.57e-12	2.69e-09	2.60e-06	3.58e-04	8.31e-03	5.21e-02	1.40e-01	1.90e-01	1.84e-01	1.18e-01	5.72e-02	4.02e-02	1.28e-01	6.64e-02	1.54e-02	9.37e-04	2.49e-05	6.00e-07	0.00e+00	0.00e+00	0.00e+00	0.00e+00	0.00e+00
 1.72984e+22	3.92e-31	3.64e-25	2.84e-20	5.46e-16	1.97e-12	3.32e-09	3.16e-06	4.27e-04	9.58e-03	5.84e-02	1.51e-01	1.99e-01	1.85e-01	1.15e-01	5.46e-02	3.78e-02	1.16e-01	5.81e-02	1.30e-02	7.60e-04	1.95e-05	4.58e-07	0.00e+00	0.00e+00	0.00e+00	0.00e+00	0.00e+00
 1.75853e+22	5.09e-31	4.67e-25	3.56e-20	6.72e-16	2.39e-12	3.97e-09	3.73e-06	4.94e-04	1.08e-02	6.41e-02	1.61e-01	2.06e-01	1.86e-01	1.13e-01	5.23e-02	3.57e-02	1.07e-01	5.16e-02	1.12e-02	6.32e-04	1.58e-05	3.62e-07	0.00e+00	0.00e+00	0.00e+00	0.00e+00	0.00e+00
 1.79058e+22	6.75e-31	6.12e-25	4.54e-20	8.41e-16	2.94e-12	4.81e-09	4.46e-06	5.79e-04	1.23e-02	7.08e-02	1.73e-01	2.13e-01	1.86e-01	1.10e-01	4.96e-02	3.34e-02	9.69e-02	4.50e-02	9.40e-03	5.12e-04	1.24e-05	2.77e-07	0.00e+00	0.00e+00	0.00e+00	0.00e+00	0.00e+00
 1.83225e+22	9.63e-31	8.65e-25	6.21e-20	1.12e-15	3.82e-12	6.12e-09	5.56e-06	7.01e-04	1.43e-02	7.97e-02	1.87e-01	2.20e-01	1.85e-01	1.05e-01	4.61e-02	3.05e-02	8.52e-02	3.78e-02	7.54e-03	3.93e-04	9.13e-06	1.99e-07	0.00e+00	0.00e+00	0.00e+00	0.00e+00	0.00e+00
 1.87454e+22	1.35e-30	1.21e-24	8.40e-20	1.48e-15	4.94e-12	7.75e-09	6.91e-06	8.47e-04	1.66e-02	8.93e-02	2.01e-01	2.27e-01	1.83e-01	1.00e-01	4.26e-02	2.76e-02	7.42e-02	3.14e-02	5.98e-03	2.97e-04	6.64e-06	1.40e-07	0.00e+00	0.00e+00	0.00e+00	0.00e+00	0.00e+00
 1.90812e+22	1.74e-30	1.56e-24	1.05e-19	1.82e-15	6.00e-12	9.26e-09	8.16e-06	9.79e-04	1.86e-02	9.72e-02	2.12e-01	2.31e-01	1.80e-01	9.59e-02	3.98e-02	2.55e-02	6.63e-02	2.70e-02	4.96e-03	2.38e-04	5.14e-06	0.00e+00	0.00e+00	0.00e+00	0.00e+00	0.00e+00	0.00e+00
 1.94224e+22	2.24e-30	2.00e-24	1.32e-19	2.24e-15	7.27e-12	1.10e-08	9.57e-06	1.12e-03	2.07e-02	1.05e-01	2.22e-01	2.35e-01	1.77e-01	9.15e-02	3.71e-02	2.34e-02	5.92e-02	2.32e-02	4.11e-03	1.90e-04	3.99e-06	0.00e+00	0.00e+00	0.00e+00	0.00e+00	0.00e+00	0.00e+00
 1.98659e+22	3.08e-30	2.76e-24	1.77e-19	2.92e-15	9.27e-12	1.37e-08	1.17e-05	1.33e-03	2.36e-02	1.16e-01	2.35e-01	2.38e-01	1.72e-01	8.59e-02	3.39e-02	2.10e-02	5.10e-02	1.91e-02	3.24e-03	1.43e-04	2.89e-06	0.00e+00	0.00e+00	0.00e+00	0.00e+00	0.00e+00	0.00e+00
 2.03289e+22	4.18e-30	3.78e-24	2.34e-19	3.78e-15	1.18e-11	1.71e-08	1.43e-05	1.58e-03	2.70e-02	1.27e-01	2.48e-01	2.39e-01	1.66e-01	7.98e-02	3.05e-02	1.86e-02	4.34e-02	1.55e-02	2.49e-03	1.05e-04	2.04e-06	0.00e+00	0.00e+00	0.00e+00	0.00e+00	0.00e+00	0.00e+00
 2.07142e+22	5.34e-30	4.87e-24	2.95e-19	4.66e-15	1.43e-11	2.04e-08	1.68e-05	1.82e-03	3.00e-02	1.37e-01	2.58e-01	2.40e-01	1.61e-01	7.49e-02	2.79e-02	1.68e-02	3.79e-02	1.30e-02	2.01e-03	8.16e-05	1.53e-06	0.00e+00	0.00e+00	0.00e+00	0.00e+00	0.00e+00	0.00e+00
 2.11123e+22	6.82e-30	6.29e-24	3.71e-19	5.76e-15	1.74e-11	2.44e-08	1.97e-05	2.08e-03	3.32e-02	1.47e-01	2.67e-01	2.40e-01	1.55e-01	7.00e-02	2.55e-02	1.51e-02	3.29e-02	1.08e-02	1.61e-03	6.30e-05	1.15e-06	0.00e+00	0.00e+00	0.00e+00	0.00e+00	0.00e+00	0.00e+00
 2.16298e+22	9.22e-30	8.67e-24	4.95e-19	7.50e-15	2.22e-11	3.04e-08	2.40e-05	2.45e-03	3.75e-02	1.60e-01	2.78e-01	2.38e-01	1.47e-01	6.39e-02	2.26e-02	1.31e-02	2.74e-02	8.57e-03	1.22e-03	4.52e-05	7.91e-07	0.00e+00	0.00e+00	0.00e+00	0.00e+00	0.00e+00	0.00e+00
 2.21274e+22	1.21e-29	1.17e-23	6.47e-19	9.60e-15	2.79e-11	3.74e-08	2.88e-05	2.86e-03	4.20e-02	1.73e-01	2.87e-01	2.35e-01	1.40e-01	5.83e-02	2.00e-02	1.14e-02	2.29e-02	6.81e-03	9.22e-04	3.27e-05	5.51e-07	0.00e+00	0.00e+00	0.00e+00	0.00e+00	0.00e+00	0.00e+00
 2.24851e+22	1.45e-29	1.44e-23	7.79e-19	1.14e-14	3.27e-11	4.31e-08	3.28e-05	3.19e-03	4.54e-02	1.82e-01	2.93e-01	2.32e-01	1.34e-01	5.45e-02	1.83e-02	1.03e-02	2.01e-02	5.78e-03	7.56e-04	2.59e-05	4.25e-07	0.00e+00	0.00e+00	0.00e+00	0.00e+00	0.00e+00	0.00e+00
 2.28361e+22	1.73e-29	1.75e-23	9.31e-19	1.34e-14	3.80e-11	4.93e-08	3.70e-05	3.52e-03	4.89e-02	1.90e-01	2.99e-01	2.29e-01	1.28e-01	5.10e-02	1.68e-02	9.37e-03	1.78e-02	4.93e-03	6.25e-04	2.07e-05	3.32e-07	0.00e+00	0.00e+00	0.00e+00	0.00e+00	0.00e+00	0.00e+00
