   0.0000000E+00   6.0346150E+07   3.2273521E+07   9.2619670E+07   1.4792842E-04   3.8732232E-04   1.1428434E-04
   1.4492754E-02   6.0609842E+07   3.1702187E+07   9.2310514E+07   1.0042422E-04   5.8449328E-05   4.5867670E-05
   2.8985507E-02   6.3310037E+07   3.2766807E+07   9.6076086E+07   1.9875053E-04   2.3736231E-04   2.1179056E-04
   4.3478261E-02   6.5819282E+07   3.4516421E+07   1.0033292E+08   6.6023916E-05   1.2192856E-04   5.8110547E-05
   5.7971014E-02   6.7475315E+07   3.5306741E+07   1.0277808E+08   2.5901665E-05   5.9301240E-05   3.7769137E-05
   7.2463768E-02   6.7054999E+07   3.5265671E+07   1.0231461E+08   1.3155140E-04   5.6093862E-06   8.4478601E-05
   8.6956522E-02   6.4986276E+07   3.3977797E+07   9.8959779E+07   8.9548389E-05   9.1773140E-06   5.7497427E-05
   1.0144928E-01   6.1527678E+07   3.2161917E+07   9.3684723E+07   6.9458639E-05   4.4137030E-05   5.0699622E-05
   1.1594203E-01   5.7756016E+07   3.0108194E+07   8.7860137E+07   5.2305542E-05   9.6796989E-05   3.9799824E-05
   1.3043478E-01   5.4444980E+07   2.8314683E+07   8.2754360E+07   3.0535347E-05   9.3578954E-05   2.5027306E-05
   1.4492754E-01   5.2252688E+07   2.7202671E+07   7.9449222E+07   1.2610888E-04   1.0487285E-04   1.1412249E-04
   1.5942029E-01   4.5381263E+07   2.3541088E+07   6.8918080E+07   7.8918748E-05   1.9350991E-04   1.1608711E-04
   1.7391304E-01   2.0355586E+07   9.8074490E+06   3.0162214E+07   2.6326636E-04   2.6964795E-04   1.6575392E-04
   1.8840580E-01   1.1065928E+07   4.8806986E+06   1.5946161E+07   6.8440143E-04   5.5508304E-04   6.0559639E-04
   2.0289855E-01   9.0597163E+06   3.8922227E+06   1.2951831E+07   3.7154559E-04   3.3144849E-04   3.5584665E-04
   2.1739130E-01   7.8553047E+06   3.3229785E+06   1.1177980E+07   4.7418815E-04   7.9139427E-04   5.6682044E-04
   2.3188406E-01   6.9395893E+06   2.9343353E+06   9.8737826E+06   7.4869051E-04   4.1490683E-04   6.4727840E-04
   2.4637681E-01   6.1380237E+06   2.5809403E+06   8.7189194E+06   6.6604057E-04   1.1233962E-03   8.0288565E-04
   2.6086957E-01   5.4509472E+06   2.3186743E+06   7.7694952E+06   1.0351985E-03   3.5694931E-04   8.3279006E-04
   2.7536232E-01   4.8855272E+06   2.0860092E+06   6.9715364E+06   1.0767667E-03   9.9333241E-04   9.7935740E-04
   2.8985507E-01   4.2578361E+06   1.8367537E+06   6.0945140E+06   1.3645848E-03   1.2654545E-03   1.2822272E-03
   3.0434783E-01   3.5012486E+06   1.5153651E+06   5.0165777E+06   9.7050048E-04   5.4797564E-04   8.4206133E-04
   3.1884058E-01   2.0015615E+06   8.6316541E+05   2.8647269E+06   2.0530469E-03   1.9304759E-03   2.0161113E-03
   3.3333333E-01   3.1917187E+05   1.2581723E+05   4.4498910E+05   2.3452337E-02   2.0201402E-02   2.2504837E-02
   3.4782609E-01   4.7863701E+04   1.5249451E+04   6.3113151E+04   1.5139520E-01   1.4737778E-01   1.5041871E-01
   3.6231884E-01   4.4433679E+04   1.5669995E+04   6.0103674E+04   1.8076711E-01   1.5099519E-01   1.7299231E-01
   3.7681159E-01   3.6196499E+04   1.0258589E+04   4.6455087E+04   1.9254140E-01   1.9865003E-01   1.9388527E-01
   3.9130435E-01   2.6240141E+04   8.5315538E+03   3.4771695E+04   2.0724540E-01   2.0139583E-01   2.0580362E-01
   4.0579710E-01   2.0025898E+04   6.0077694E+03   2.6033668E+04   2.1554072E-01   2.1193944E-01   2.1470944E-01
   4.2028986E-01   1.5651182E+04   4.3373893E+03   1.9988571E+04   2.3864104E-01   2.3080441E-01   2.3686452E-01
   4.3478261E-01   1.2502655E+04   3.5361045E+03   1.6038760E+04   2.3795654E-01   2.3120491E-01   2.3646226E-01
   4.4927536E-01   9.1661696E+03   2.4687550E+03   1.1634925E+04   2.3730879E-01   2.2801069E-01   2.3506312E-01
   4.6376812E-01   8.3114243E+03   1.6575490E+03   9.9689732E+03   2.4811812E-01   2.3372355E-01   2.4564726E-01
   4.7826087E-01   6.1767021E+03   1.5613968E+03   7.7380989E+03   2.5526198E-01   2.4214738E-01   2.5261436E-01
   4.9275362E-01   5.3264432E+03   1.5154734E+03   6.8419165E+03   2.5003331E-01   2.6744968E-01   2.5388830E-01
   5.0724638E-01   3.7020849E+03   1.2123787E+03   4.9144636E+03   2.5713861E-01   2.6640924E-01   2.5925763E-01
   5.2173913E-01   3.7886834E+03   9.8926734E+02   4.7779508E+03   2.3904246E-01   2.2421565E-01   2.3577701E-01
   5.3623188E-01   3.1947817E+03   5.7342236E+02   3.7682041E+03   2.6203421E-01   2.7422631E-01   2.6383309E-01
   5.5072464E-01   2.8714232E+03   5.9821317E+02   3.4696364E+03   2.5058872E-01   2.3240743E-01   2.4740660E-01
   5.6521739E-01   2.1954935E+03   5.8287437E+02   2.7783678E+03   2.2229492E-01   2.1252615E-01   2.2016366E-01
   5.7971014E-01   2.4437008E+03   4.9252884E+02   2.9362297E+03   2.0274596E-01   2.6786997E-01   2.1364754E-01
   5.9420290E-01   2.1992845E+03   6.0988562E+02   2.8091701E+03   2.0548074E-01   1.7029669E-01   1.9782479E-01
   6.0869565E-01   1.5154734E+03   3.7886834E+02   1.8943417E+03   1.7270030E-01   1.7274676E-01   1.7259468E-01
   6.2318841E-01   1.3744991E+03   4.7578815E+02   1.8502873E+03   1.7051686E-01   1.0926585E-01   1.5467321E-01
   6.3768116E-01   1.4810308E+03   3.4442577E+02   1.8254566E+03   1.6659145E-01   1.9539569E-01   1.7193422E-01
   6.5217391E-01   1.2292173E+03   1.8522452E+02   1.4144418E+03   1.3395431E-01   3.8946999E-02   1.2149753E-01
   6.6666667E-01   1.2519128E+03   2.1414298E+02   1.4660558E+03   1.4418830E-01   1.7857108E-01   1.4917450E-01
   6.8115942E-01   7.8998080E+02   3.2244114E+02   1.1124219E+03   2.0315692E-01   1.5940456E-01   1.9034304E-01
   6.9565217E-01   7.1037814E+02   1.8943417E+02   8.9981231E+02   1.7769442E-01   1.1911034E-01   1.6530708E-01
   7.1014493E-01   6.9588063E+02   2.4742422E+02   9.4330485E+02   1.7256347E-01   1.3824912E-01   1.6306973E-01
   7.2463768E-01   5.9103461E+02   1.2123787E+02   7.1227248E+02   1.9408213E-01   1.3337425E-01   1.8374166E-01
   7.3913043E-01   5.9430328E+02   1.1886066E+02   7.1316394E+02   1.5116507E-01   1.0718160E-01   1.4371316E-01
   7.5362319E-01   3.7886834E+02   7.2859297E+01   4.5172764E+02   1.5355007E-01   1.4333468E-01   1.5185249E-01
   7.6811594E-01   4.8609523E+02   4.2890756E+01   5.2898599E+02   1.8402704E-01   3.9898638E-01   2.0088361E-01
   7.8260870E-01   2.9467538E+02   8.4192965E+01   3.7886834E+02   1.2847760E-01   1.3560322E-01   1.2988233E-01
   7.9710145E-01   2.6176358E+02   6.8885153E+01   3.3064873E+02   1.2619888E-01   7.4973435E-02   1.1524180E-01
   8.1159420E-01   1.8943417E+02   4.0593037E+01   2.3002721E+02   1.7179246E-01   2.6387730E-01   1.8804251E-01
   8.2608696E-01   1.9940439E+02   6.6468130E+01   2.6587252E+02   2.1964651E-01   8.4929219E-02   1.8552446E-01
   8.4057971E-01   1.8290196E+02   9.1450979E+01   2.7435294E+02   1.4834112E-01   1.1711832E-01   1.3647871E-01
   8.5507246E-01   1.5411594E+02   3.8528984E+01   1.9264492E+02   1.6514048E-01   2.6404916E-01   1.8492060E-01
   8.6956522E-01   1.2628945E+02   3.7886834E+01   1.6417628E+02   1.4458987E-01   2.4154485E-01   1.6513673E-01
   8.8405797E-01   7.4531477E+01   2.4843826E+01   9.9375303E+01   2.6989760E-01   1.7442548E-05   2.0241884E-01
   8.9855072E-01   7.3329357E+01   2.4443119E+01   9.7772475E+01   2.0081075E-01   7.0786985E-07   1.5060797E-01
   9.1304348E-01   4.8110266E+01   1.2027566E+01   6.0137832E+01   2.1061001E-01   1.5686780E-05   1.6849111E-01
   9.2753623E-01   1.0655672E+02   3.5518907E+01   1.4207563E+02   2.1903883E-01   2.6544362E-01   2.2923802E-01
   9.4202899E-01   1.0491739E+02   1.1657487E+01   1.1657487E+02   8.8913390E-02   8.8310555E-06   8.0022920E-02
   9.5652174E-01   1.0332773E+02   0.0000000E+00   1.0332773E+02   2.6095024E-01   0.0000000E+00   2.6095024E-01
   9.7101449E-01   3.3928508E+01   2.2619005E+01   5.6547514E+01   8.7994907E-07   2.1026897E-01   8.4107674E-02
   9.8550725E-01   1.1143187E+01   0.0000000E+00   1.1143187E+01   1.2992727E-04   0.0000000E+00   1.2992727E-04
   1.0000000E+00   2.1884092E+01   0.0000000E+00   2.1884092E+01   1.1740297E-05   0.0000000E+00   1.1740297E-05
