   0.0000000E+00   6.4407618E+07   3.2546306E+07   9.6953924E+07   6.5577436E-04   1.3412078E-03   8.3780279E-04
   1.4492754E-02   6.5660915E+07   3.2693307E+07   9.8354222E+07   3.2546021E-04   5.5137930E-05   2.1196060E-04
   2.8985507E-02   6.8565319E+07   3.4556203E+07   1.0312152E+08   2.8802411E-04   2.6259646E-04   2.0865571E-04
   4.3478261E-02   7.2381029E+07   3.6148839E+07   1.0852886E+08   5.8479091E-05   3.1914319E-04   1.3831645E-04
   5.7971014E-02   7.4362952E+07   3.7585255E+07   1.1194707E+08   1.3801275E-04   3.8088507E-05   8.3749391E-05
   7.2463768E-02   7.4563563E+07   3.7407793E+07   1.1196681E+08   1.0355078E-04   2.8528132E-04   1.1731355E-04
   8.6956522E-02   7.2161538E+07   3.6271340E+07   1.0843060E+08   2.6345768E-05   2.3412850E-04   6.2142878E-05
   1.0144928E-01   6.8425355E+07   3.4346580E+07   1.0276966E+08   1.5072876E-04   1.3009502E-04   8.1383079E-05
   1.1594203E-01   6.4180108E+07   3.2198505E+07   9.6375771E+07   9.0285053E-05   7.3047664E-05   5.8485745E-05
   1.3043478E-01   6.0810390E+07   3.0525338E+07   9.1333707E+07   1.3949584E-04   9.6272501E-05   1.2029259E-04
   1.4492754E-01   5.8740430E+07   2.9454210E+07   8.8192670E+07   1.4173731E-04   1.9320199E-04   1.5834994E-04
   1.5942029E-01   5.0769804E+07   2.5577746E+07   7.6345484E+07   1.2600301E-04   2.1117414E-04   1.5046882E-04
   1.7391304E-01   1.8779746E+07   9.3788227E+06   2.8158127E+07   4.5974689E-04   5.8566904E-04   4.1784202E-04
   1.8840580E-01   7.4448212E+06   3.7263159E+06   1.1170904E+07   7.1226817E-04   1.5273831E-03   8.0019408E-04
   2.0289855E-01   5.4329179E+06   2.6931585E+06   8.1260223E+06   8.9538459E-04   9.1515554E-04   8.9219024E-04
   2.1739130E-01   4.4869125E+06   2.2312314E+06   6.7181440E+06   1.0655491E-03   1.4621190E-03   1.0739297E-03
   2.3188406E-01   3.8680563E+06   1.9166002E+06   5.7846566E+06   1.1625278E-03   2.4731687E-04   8.5917141E-04
   2.4637681E-01   3.4008560E+06   1.7074482E+06   5.1082596E+06   1.6216600E-03   1.9630640E-03   1.6165321E-03
   2.6086957E-01   3.0985116E+06   1.5518026E+06   4.6502721E+06   1.3276740E-03   1.6952170E-03   1.4501902E-03
   2.7536232E-01   2.8941952E+06   1.4341563E+06   4.3283515E+06   1.0349321E-03   1.5595628E-03   1.1724042E-03
   2.8985507E-01   2.6450314E+06   1.3302067E+06   3.9752382E+06   1.6946798E-03   1.0776327E-03   1.4711320E-03
   3.0434783E-01   2.2216840E+06   1.1216307E+06   3.3433147E+06   7.5986715E-04   5.5231571E-04   4.9573410E-04
   3.1884058E-01   1.2746164E+06   6.3388118E+05   1.9084976E+06   1.1762932E-03   1.3752107E-03   1.2205394E-03
   3.3333333E-01   1.7342287E+05   8.3680486E+04   2.5710335E+05   5.6481658E-03   4.0142507E-03   5.0683179E-03
   3.4782609E-01   5.8408869E+03   3.5992492E+03   9.4401362E+03   7.4323328E-02   6.3786145E-02   6.8391975E-02
   3.6231884E-01   5.0919905E+03   2.6369237E+03   7.7289142E+03   6.7086710E-02   6.8996133E-02   6.7023395E-02
   3.7681159E-01   4.1675518E+03   1.9234854E+03   6.0910372E+03   1.1364130E-01   1.0012791E-01   1.0907144E-01
   3.9130435E-01   3.0590111E+03   1.4874090E+03   4.5464201E+03   1.1118301E-01   1.0576653E-01   1.0806133E-01
   4.0579710E-01   2.7062024E+03   1.2448531E+03   3.9510556E+03   9.8201870E-02   1.4077607E-01   1.0969015E-01
   4.2028986E-01   2.0119215E+03   1.1235406E+03   3.1354621E+03   8.7529854E-02   7.6161395E-02   8.3256847E-02
   4.3478261E-01   1.7175365E+03   1.0103156E+03   2.7278521E+03   1.1970509E-01   1.6114308E-01   1.2952669E-01
   4.4927536E-01   1.4177009E+03   7.0885045E+02   2.1265513E+03   1.3462823E-01   1.3369399E-01   1.3248873E-01
   4.6376812E-01   1.4444356E+03   5.2094397E+02   1.9653795E+03   9.1542492E-02   1.5519477E-01   1.0692709E-01
   4.7826087E-01   1.1251242E+03   6.6588981E+02   1.7910140E+03   1.4543052E-01   1.1501133E-01   1.3212480E-01
   4.9275362E-01   8.4688218E+02   3.7886834E+02   1.2257505E+03   1.0164318E-01   1.2381768E-01   1.0833987E-01
   5.0724638E-01   9.5258326E+02   3.0309467E+02   1.2556779E+03   1.4700362E-01   1.1388050E-01   1.3858164E-01
   5.2173913E-01   8.4192965E+02   4.6306131E+02   1.3049910E+03   1.2853429E-01   1.5412556E-01   1.3686326E-01
   5.3623188E-01   8.1917479E+02   2.2527307E+02   1.0444479E+03   1.5456949E-01   6.1687971E-02   1.3450013E-01
   5.5072464E-01   6.9791537E+02   2.1934483E+02   9.1726020E+02   1.2414989E-01   1.8707184E-01   1.3887808E-01
   5.6521739E-01   4.8572864E+02   1.9429146E+02   6.8002010E+02   1.6947489E-01   1.6541723E-01   1.6831290E-01
   5.7971014E-01   5.3041568E+02   2.4626442E+02   7.7668010E+02   1.9469072E-01   1.3347855E-01   1.7448446E-01
   5.9420290E-01   4.6203456E+02   1.6633244E+02   6.2836701E+02   1.8459967E-01   8.9608292E-02   1.5691884E-01
   6.0869565E-01   3.6082699E+02   1.9845485E+02   5.5928184E+02   1.1248846E-01   1.2701438E-01   1.1222668E-01
   6.2318841E-01   4.0530102E+02   1.9383962E+02   5.9914063E+02   2.2704514E-01   8.2631735E-02   1.8029211E-01
   6.3768116E-01   3.4442577E+02   2.4109804E+02   5.8552380E+02   1.0958242E-01   1.1264871E-01   1.1009266E-01
   6.5217391E-01   3.3677186E+02   1.5154734E+02   4.8831920E+02   2.1266141E-01   1.6085977E-01   1.9410002E-01
   6.6666667E-01   2.3061551E+02   8.2362683E+01   3.1297820E+02   1.7665329E-01   1.6361581E-01   1.7320524E-01
   6.8115942E-01   2.2570880E+02   9.6732343E+01   3.2244114E+02   1.7976563E-01   1.2236056E-01   1.6157253E-01
   6.9565217E-01   2.0522035E+02   1.8943417E+02   3.9465452E+02   2.0416862E-01   9.0248058E-02   1.4947799E-01
   7.1014493E-01   2.3196021E+02   1.3917613E+02   3.7113634E+02   2.1426050E-01   1.1005486E-01   1.7518249E-01
   7.2463768E-01   2.5763047E+02   7.5773668E+01   3.3340414E+02   1.8976882E-01   3.1120202E-01   2.1654945E-01
   7.3913043E-01   1.9314857E+02   1.1886066E+02   3.1200922E+02   1.8363466E-01   1.7837382E-01   1.8162347E-01
   7.5362319E-01   2.0400603E+02   8.7431156E+01   2.9143719E+02   2.1379987E-01   1.9344242E-01   2.0762922E-01
   7.6811594E-01   2.4304762E+02   4.2890756E+01   2.8593837E+02   1.9548797E-01   2.7815013E-01   1.9782347E-01
   7.8260870E-01   1.1225729E+02   9.8225126E+01   2.1048241E+02   1.2796405E-01   2.0080225E-01   1.6072709E-01
   7.9710145E-01   6.8885153E+01   1.3777031E+01   8.2662184E+01   2.0351086E-01   2.9426060E-01   2.1857673E-01
   8.1159420E-01   1.0824810E+02   5.4124049E+01   1.6237215E+02   2.6017172E-01   2.0162992E-01   2.3942315E-01
   8.2608696E-01   2.2599164E+02   1.3293626E+01   2.3928527E+02   2.3148157E-01   3.2495732E-01   2.3558711E-01
   8.4057971E-01   1.5677311E+02   5.2257702E+01   2.0903081E+02   2.8788317E-01   2.1870172E-01   2.6490152E-01
   8.5507246E-01   7.7057968E+01   3.8528984E+01   1.1558695E+02   2.9677238E-01   2.6976838E-01   2.8498527E-01
   8.6956522E-01   1.1366050E+02   3.7886834E+01   1.5154734E+02   3.1118943E-01   1.9841517E-05   2.3338712E-01
   8.8405797E-01   4.9687651E+01   7.4531477E+01   1.2421913E+02   9.2215905E-02   6.3909881E-02   7.3591633E-02
   8.9855072E-01   1.5888027E+02   1.2221559E+01   1.7110183E+02   1.8714458E-01   2.4913180E-06   1.7377725E-01
   9.1304348E-01   9.6220531E+01   4.8110266E+01   1.4433080E+02   2.5770297E-01   1.0700410E-01   2.0598427E-01
   9.2753623E-01   1.3023599E+02   2.3679271E+01   1.5391526E+02   2.8348511E-01   2.0534107E-01   2.7107139E-01
   9.4202899E-01   5.8287437E+01   2.3314975E+01   8.1602412E+01   2.0574413E-01   3.1043467E-01   2.3274497E-01
   9.5652174E-01   9.1846871E+01   1.1480859E+01   1.0332773E+02   1.4658428E-01   4.7960031E-01   1.8276193E-01
   9.7101449E-01   0.0000000E+00   2.2619005E+01   2.2619005E+01   0.0000000E+00   2.1245480E-01   2.1245480E-01
   9.8550725E-01   3.3429560E+01   0.0000000E+00   3.3429560E+01   1.5790689E-01   0.0000000E+00   1.5790689E-01
   1.0000000E+00   2.1884092E+01   2.1884092E+01   4.3768184E+01   4.7475007E-01   1.4578549E-05   2.3738162E-01
