   0.0000000E+00   6.3825676E+07   3.1915869E+07   9.5741546E+07   6.3307497E-04   1.0037167E-04   4.1936896E-04
   1.4492754E-02   6.3655186E+07   3.2519785E+07   9.6173455E+07   1.1215893E-05   3.1788845E-04   1.0620371E-04
   2.8985507E-02   6.5786320E+07   3.4120883E+07   9.9905309E+07   1.7669141E-04   1.4007639E-04   1.3197245E-04
   4.3478261E-02   6.7841933E+07   3.5223390E+07   1.0306179E+08   9.2477663E-05   1.2788765E-04   1.7747320E-05
   5.7971014E-02   6.8951954E+07   3.6088725E+07   1.0503765E+08   5.6810248E-05   1.1280759E-04   1.3761056E-05
   7.2463768E-02   6.8282684E+07   3.5783054E+07   1.0405801E+08   4.1397217E-05   8.2110610E-05   4.0545780E-05
   8.6956522E-02   6.5829258E+07   3.4547741E+07   1.0037069E+08   3.1885019E-05   2.7915066E-05   1.6813844E-05
   1.0144928E-01   6.2557225E+07   3.2714848E+07   9.5267419E+07   2.9525931E-05   7.4155751E-05   1.8605368E-05
   1.1594203E-01   5.8818742E+07   3.0640409E+07   8.9454131E+07   7.4814858E-05   1.1604818E-04   8.8518755E-05
   1.3043478E-01   5.5463547E+07   2.8831039E+07   8.4290460E+07   8.9838582E-05   7.0606738E-05   4.9774484E-05
   1.4492754E-01   5.3096504E+07   2.7617456E+07   8.0710020E+07   5.8144289E-05   1.6807438E-05   4.4001447E-05
   1.5942029E-01   4.5870968E+07   2.3699937E+07   6.9566841E+07   3.8250716E-05   1.4981824E-04   6.2641651E-05
   1.7391304E-01   2.0904061E+07   1.0041274E+07   3.0944451E+07   1.8676689E-04   1.3923540E-04   1.5978819E-04
   1.8840580E-01   1.1303391E+07   4.9076274E+06   1.6210727E+07   4.1159777E-04   1.0025048E-04   2.5752155E-04
   2.0289855E-01   8.9706281E+06   3.7878716E+06   1.2758229E+07   3.3132810E-04   5.8389266E-04   4.0459990E-04
   2.1739130E-01   7.5808019E+06   3.1802714E+06   1.0760922E+07   9.2736620E-04   2.3232870E-04   7.1868646E-04
   2.3188406E-01   6.5456610E+06   2.7240634E+06   9.2696296E+06   6.5670573E-04   4.4482563E-04   5.9235156E-04
   2.4637681E-01   5.6489716E+06   2.3477803E+06   7.9967072E+06   2.7649862E-04   9.4068971E-04   4.6193040E-04
   2.6086957E-01   4.8736782E+06   2.0482885E+06   6.9218825E+06   1.2171674E-03   5.7377812E-04   1.0246801E-03
   2.7536232E-01   4.2264159E+06   1.7909705E+06   6.0173067E+06   9.8453124E-04   1.0081655E-03   9.8474266E-04
   2.8985507E-01   3.6096302E+06   1.5649157E+06   5.1745459E+06   1.2038444E-03   1.4581523E-03   1.2421969E-03
   3.0434783E-01   2.8744561E+06   1.2707966E+06   4.1451444E+06   1.5328480E-03   6.9074813E-04   1.2539436E-03
   3.1884058E-01   1.6308560E+06   7.1296133E+05   2.3437829E+06   2.1262047E-03   1.8948343E-03   2.0324947E-03
   3.3333333E-01   2.3608439E+05   1.0064720E+05   3.3673159E+05   1.9469568E-02   1.3924427E-02   1.7801710E-02
   3.4782609E-01   3.0467329E+04   9.7558598E+03   4.0223189E+04   1.3591215E-01   1.5220189E-01   1.3972978E-01
   3.6231884E-01   3.1279370E+04   8.3957225E+03   3.9675093E+04   1.7658469E-01   1.6507979E-01   1.7414954E-01
   3.7681159E-01   2.7919682E+04   8.1310975E+03   3.6050780E+04   2.0232465E-01   1.8074457E-01   1.9743004E-01
   3.9130435E-01   2.3012744E+04   7.1283377E+03   3.0141081E+04   2.0672349E-01   2.0728408E-01   2.0676724E-01
   4.0579710E-01   1.9701154E+04   6.0889555E+03   2.5790109E+04   2.2675181E-01   2.2261539E-01   2.2570399E-01
   4.2028986E-01   1.5442151E+04   4.6770644E+03   2.0119215E+04   2.3682167E-01   2.3118563E-01   2.3545099E-01
   4.3478261E-01   1.1163987E+04   3.4098151E+03   1.4573802E+04   2.4733230E-01   2.5318570E-01   2.4867397E-01
   4.4927536E-01   9.7528044E+03   2.7865155E+03   1.2539320E+04   2.6226688E-01   2.3619780E-01   2.5578384E-01
   4.6376812E-01   7.0801021E+03   2.3205686E+03   9.4006707E+03   2.4975591E-01   2.3834156E-01   2.4686483E-01
   4.7826087E-01   5.9241232E+03   2.0665546E+03   7.9906778E+03   2.7685687E-01   2.7094041E-01   2.7529349E-01
   4.9275362E-01   5.1035794E+03   1.4263279E+03   6.5299073E+03   2.5739418E-01   2.5671293E-01   2.5715437E-01
   5.0724638E-01   3.5938368E+03   1.1474298E+03   4.7412667E+03   2.9069018E-01   2.7869317E-01   2.8716832E-01
   5.2173913E-01   3.4308633E+03   9.0507437E+02   4.3359377E+03   2.5395732E-01   2.8187339E-01   2.5977578E-01
   5.3623188E-01   2.8466324E+03   7.7821605E+02   3.6248485E+03   2.4565557E-01   2.5294164E-01   2.4720529E-01
   5.5072464E-01   2.3729122E+03   7.9761756E+02   3.1705298E+03   2.4147027E-01   2.6787013E-01   2.4811014E-01
   5.6521739E-01   2.0400603E+03   7.3830754E+02   2.7783678E+03   2.6060087E-01   2.6746466E-01   2.6239746E-01
   5.7971014E-01   2.1406061E+03   5.6830251E+02   2.7089086E+03   2.2380331E-01   1.9189246E-01   2.1708174E-01
   5.9420290E-01   1.9775079E+03   3.8810903E+02   2.3656170E+03   2.2645363E-01   1.3181665E-01   2.1085333E-01
   6.0869565E-01   1.3711426E+03   4.1495104E+02   1.7860936E+03   1.8922499E-01   2.1684299E-01   1.9476631E-01
   6.2318841E-01   1.6564476E+03   1.9383962E+02   1.8502873E+03   1.7524293E-01   2.1651593E-01   1.7949766E-01
   6.3768116E-01   1.2915966E+03   3.6164705E+02   1.6532437E+03   1.7306622E-01   1.6397619E-01   1.7106980E-01
   6.5217391E-01   1.0945085E+03   3.1993327E+02   1.4144418E+03   1.6281357E-01   1.4546553E-01   1.5872500E-01
   6.6666667E-01   1.2024952E+03   3.1297820E+02   1.5154734E+03   1.9195386E-01   1.7807629E-01   1.8908640E-01
   6.8115942E-01   8.2222491E+02   2.5795291E+02   1.0801778E+03   1.4464359E-01   1.1591135E-01   1.3663346E-01
   6.9565217E-01   8.8402613E+02   1.5786181E+02   1.0418879E+03   1.5364183E-01   1.4907177E-01   1.5293817E-01
   7.1014493E-01   4.4845640E+02   1.5464014E+02   6.0309654E+02   2.2421478E-01   1.8294560E-01   2.1290608E-01
   7.2463768E-01   7.8804615E+02   1.0608314E+02   8.9412929E+02   2.0956139E-01   1.0632944E-01   1.9730419E-01
   7.3913043E-01   7.4287910E+02   1.0400307E+02   8.4688218E+02   1.8983451E-01   1.7195746E-01   1.8705331E-01
   7.5362319E-01   5.8287437E+02   1.1657487E+02   6.9944925E+02   1.6326205E-01   1.9716632E-05   1.3605498E-01
   7.6811594E-01   4.7179831E+02   1.0007843E+02   5.7187674E+02   1.3344403E-01   2.0181047E-01   1.4511885E-01
   7.8260870E-01   1.8241809E+02   9.8225126E+01   2.8064322E+02   1.2355702E-01   9.7736638E-02   1.1450767E-01
   7.9710145E-01   2.8931764E+02   2.7554061E+01   3.1687170E+02   1.3862065E-01   6.0296052E-06   1.2656620E-01
   8.1159420E-01   2.7062024E+02   5.4124049E+01   3.2474429E+02   1.0423810E-01   1.0186589E-01   1.0368386E-01
   8.2608696E-01   2.1269802E+02   2.6587252E+01   2.3928527E+02   1.4160694E-01   1.9285283E-01   1.4045726E-01
   8.4057971E-01   1.3064426E+02   3.9193277E+01   1.6983753E+02   1.4731717E-01   2.6790114E-01   1.7400549E-01
   8.5507246E-01   2.0548791E+02   5.1371979E+01   2.5685989E+02   1.4587946E-01   1.0268391E-01   1.3563427E-01
   8.6956522E-01   1.2628945E+02   2.5257889E+01   1.5154734E+02   1.9970425E-01   1.8753828E-01   1.9763580E-01
   8.8405797E-01   1.7390678E+02   3.7265739E+01   2.1117252E+02   2.4969845E-01   2.3473043E-01   2.4537628E-01
   8.9855072E-01   8.5550916E+01   4.8886238E+01   1.3443715E+02   2.1162536E-01   1.8474213E-01   1.9797184E-01
   9.1304348E-01   9.6220531E+01   0.0000000E+00   9.6220531E+01   2.7741563E-01   0.0000000E+00   2.7741563E-01
   9.2753623E-01   8.2877450E+01   5.9198178E+01   1.4207563E+02   5.5282048E-02   7.3002183E-02   6.1953189E-02
   9.4202899E-01   1.1657487E+02   6.9944925E+01   1.8651980E+02   1.9768467E-01   2.3917413E-01   2.1287222E-01
   9.5652174E-01   2.2961718E+01   0.0000000E+00   2.2961718E+01   4.0155995E-01   0.0000000E+00   4.0155995E-01
   9.7101449E-01   3.3928508E+01   0.0000000E+00   3.3928508E+01   1.4297311E-01   0.0000000E+00   1.4297311E-01
   9.8550725E-01   0.0000000E+00   1.1143187E+01   1.1143187E+01   0.0000000E+00   4.2075563E-01   4.2075563E-01
   1.0000000E+00   0.0000000E+00   0.0000000E+00   0.0000000E+00   0.0000000E+00   0.0000000E+00   0.0000000E+00
