   0.0000000E+00   5.3180991E+07   4.0269158E+07   9.3450150E+07   3.6896124E-03   7.3966385E-05   2.1129938E-03
   1.4492754E-02   5.3108249E+07   3.9662969E+07   9.2771218E+07   1.3175607E-03   6.5261800E-05   7.3674218E-04
   2.8985507E-02   5.4086487E+07   3.9819820E+07   9.3905928E+07   1.5579284E-04   1.0004280E-05   9.2864665E-05
   4.3478261E-02   5.5230164E+07   3.9765516E+07   9.4994922E+07   4.2235180E-04   2.2574460E-06   2.4648217E-04
   5.7971014E-02   5.6129724E+07   3.9593447E+07   9.5722034E+07   1.1734249E-03   2.2162833E-05   6.8889709E-04
   7.2463768E-02   5.6798123E+07   3.8963881E+07   9.5759428E+07   5.6698718E-04   3.1417652E-05   3.5088017E-04
   8.6956522E-02   5.6761802E+07   3.7591064E+07   9.4351351E+07   1.4858287E-04   2.2305096E-05   8.6568285E-05
   1.0144928E-01   5.6075870E+07   3.5902863E+07   9.1976135E+07   2.2625808E-04   4.0106191E-05   1.4812677E-04
   1.1594203E-01   5.5445677E+07   3.3437310E+07   8.8881566E+07   6.6070040E-04   6.7412285E-05   4.3672595E-04
   1.3043478E-01   5.4806758E+07   3.0998587E+07   8.5803408E+07   5.7954726E-05   5.9457869E-05   3.9275373E-05
   1.4492754E-01   5.3180158E+07   2.7852961E+07   8.1031603E+07   7.7424049E-05   1.4597878E-04   6.6899771E-06
   1.5942029E-01   4.4886255E+07   2.1872483E+07   6.6757015E+07   4.7853848E-04   2.6161999E-04   2.4870549E-04
   1.7391304E-01   2.5861616E+07   1.1109430E+07   3.6970731E+07   2.6319965E-04   7.0390166E-04   1.9767050E-04
   1.8840580E-01   1.4767355E+07   5.0932728E+06   1.9860453E+07   2.6391803E-04   1.5832754E-03   3.0968023E-04
   2.0289855E-01   1.0669636E+07   2.8334481E+06   1.3502922E+07   8.0588864E-05   2.3410640E-03   5.3568512E-04
   2.1739130E-01   8.8922421E+06   1.8546868E+06   1.0746828E+07   8.2605215E-04   3.5951995E-03   3.4058460E-04
   2.3188406E-01   7.9632442E+06   1.3792228E+06   9.3423724E+06   9.1142473E-04   3.7868332E-03   8.8775682E-04
   2.4637681E-01   7.3165717E+06   1.1736896E+06   8.4902613E+06   4.8452061E-04   3.6555838E-03   2.9678977E-04
   2.6086957E-01   6.7187670E+06   1.0556114E+06   7.7742942E+06   3.8986250E-04   3.6616378E-03   4.5988093E-04
   2.7536232E-01   5.9059991E+06   9.9099994E+05   6.8969991E+06   5.0915015E-04   2.1728977E-03   2.6758531E-04
   2.8985507E-01   4.8928573E+06   8.9314423E+05   5.7859637E+06   8.8665792E-04   2.1790628E-03   4.3232031E-04
   3.0434783E-01   3.4607999E+06   7.1393229E+05   4.1747322E+06   6.2071336E-04   1.6867212E-03   2.3186958E-04
   3.1884058E-01   1.7631499E+06   3.9863838E+05   2.1617539E+06   8.0359292E-04   8.0572733E-04   5.0683973E-04
   3.3333333E-01   3.8015320E+05   6.9744720E+04   4.4989792E+05   6.4827775E-03   1.1385874E-03   5.6534444E-03
   3.4782609E-01   5.1431377E+04   2.7467955E+03   5.4178173E+04   1.9166194E-02   3.3539870E-06   1.8194607E-02
   3.6231884E-01   4.9889383E+04   2.6066142E+03   5.2495997E+04   1.8776048E-02   4.9893053E-06   1.7843812E-02
   3.7681159E-01   4.9631753E+04   2.0692040E+03   5.1700957E+04   2.3173676E-02   5.0218600E-06   2.2246318E-02
   3.9130435E-01   4.9729978E+04   1.6557950E+03   5.1385773E+04   2.2944579E-02   3.1199078E-06   2.2205302E-02
   4.0579710E-01   4.8576334E+04   1.1907291E+03   4.9767063E+04   1.6699753E-02   6.0184626E-06   1.6300331E-02
   4.2028986E-01   4.6901288E+04   1.0974117E+03   4.7998700E+04   1.4090751E-02   1.3031665E-03   1.3741627E-02
   4.3478261E-01   4.6777611E+04   7.0722091E+02   4.7484832E+04   1.5688647E-02   4.0012247E-06   1.5455039E-02
   4.4927536E-01   4.4682021E+04   4.8886238E+02   4.5170884E+04   1.1626869E-02   2.6832700E-05   1.1501254E-02
   4.6376812E-01   4.2646368E+04   4.0254761E+02   4.3048915E+04   9.4355783E-03   6.6864595E-05   9.3479679E-03
   4.7826087E-01   3.8231260E+04   3.2146405E+02   3.8552724E+04   8.4738162E-03   5.2350257E-06   8.4031162E-03
   4.9275362E-01   3.5546765E+04   1.3371824E+02   3.5680483E+04   6.9520364E-03   1.8933426E-05   6.9259118E-03
   5.0724638E-01   3.1218751E+04   6.4948859E+01   3.1283700E+04   5.1629021E-03   7.0600838E-04   5.1534443E-03
   5.2173913E-01   2.8141499E+04   1.8943417E+02   2.8330933E+04   3.9136181E-03   6.5626157E-05   3.8878808E-03
   5.3623188E-01   2.4595723E+04   8.1917479E+01   2.4677641E+04   5.4264034E-03   6.7494887E-06   5.4083786E-03
   5.5072464E-01   2.1336270E+04   0.0000000E+00   2.1336270E+04   2.2707484E-03   0.0000000E+00   2.2707484E-03
   5.6521739E-01   1.6184478E+04   3.8858291E+01   1.6223337E+04   3.9439551E-03   9.2524861E-06   3.9345281E-03
   5.7971014E-01   1.4188619E+04   3.7886834E+01   1.4226506E+04   2.3116658E-03   5.7913898E-06   2.3055175E-03
   5.9420290E-01   1.1772641E+04   1.8481383E+01   1.1791122E+04   6.5147547E-04   6.6149452E-05   6.5054833E-04
   6.0869565E-01   8.7861373E+03   3.6082699E+01   8.8222200E+03   8.2301257E-04   2.9034720E-06   8.1963741E-04
   6.2318841E-01   7.5949886E+03   1.7621783E+01   7.6126104E+03   8.1400271E-04   2.1657708E-05   8.1206961E-04
   6.3768116E-01   6.3718767E+03   0.0000000E+00   6.3718767E+03   8.3788892E-04   0.0000000E+00   8.3788892E-04
   6.5217391E-01   4.6474517E+03   0.0000000E+00   4.6474517E+03   4.5155750E-05   0.0000000E+00   4.5155750E-05
   6.6666667E-01   3.5251228E+03   1.6472537E+01   3.5415954E+03   5.9479663E-05   1.1319672E-03   5.3983580E-05
   6.8115942E-01   2.7729938E+03   0.0000000E+00   2.7729938E+03   4.3378893E-03   0.0000000E+00   4.3378893E-03
   6.9565217E-01   1.9417003E+03   0.0000000E+00   1.9417003E+03   9.8246568E-06   0.0000000E+00   9.8246568E-06
   7.1014493E-01   1.4845453E+03   0.0000000E+00   1.4845453E+03   4.6692235E-06   0.0000000E+00   4.6692235E-06
   7.2463768E-01   9.5474822E+02   0.0000000E+00   9.5474822E+02   5.4667782E-05   0.0000000E+00   5.4667782E-05
   7.3913043E-01   5.6458812E+02   0.0000000E+00   5.6458812E+02   3.5990625E-06   0.0000000E+00   3.5990625E-06
   7.5362319E-01   4.2258392E+02   0.0000000E+00   4.2258392E+02   2.3800600E-05   0.0000000E+00   2.3800600E-05
   7.6811594E-01   2.5734453E+02   0.0000000E+00   2.5734453E+02   3.0289205E-05   0.0000000E+00   3.0289205E-05
   7.8260870E-01   2.8064322E+02   0.0000000E+00   2.8064322E+02   2.6242970E-05   0.0000000E+00   2.6242970E-05
   7.9710145E-01   1.5154734E+02   0.0000000E+00   1.5154734E+02   8.5186913E-05   0.0000000E+00   8.5186913E-05
   8.1159420E-01   9.4717086E+01   0.0000000E+00   9.4717086E+01   2.5590157E-05   0.0000000E+00   2.5590157E-05
   8.2608696E-01   9.3055382E+01   0.0000000E+00   9.3055382E+01   2.0210321E-05   0.0000000E+00   2.0210321E-05
   8.4057971E-01   7.8386554E+01   0.0000000E+00   7.8386554E+01   4.5290746E-06   0.0000000E+00   4.5290746E-06
   8.5507246E-01   3.8528984E+01   0.0000000E+00   3.8528984E+01   7.3479311E-06   0.0000000E+00   7.3479311E-06
   8.6956522E-01   6.3144724E+01   0.0000000E+00   6.3144724E+01   2.7265703E-06   0.0000000E+00   2.7265703E-06
   8.8405797E-01   3.7265739E+01   0.0000000E+00   3.7265739E+01   6.8822259E-05   0.0000000E+00   6.8822259E-05
   8.9855072E-01   2.4443119E+01   0.0000000E+00   2.4443119E+01   1.1180630E-05   0.0000000E+00   1.1180630E-05
   9.1304348E-01   4.8110266E+01   0.0000000E+00   4.8110266E+01   3.6535926E-05   0.0000000E+00   3.6535926E-05
   9.2753623E-01   2.3679271E+01   0.0000000E+00   2.3679271E+01   3.4694008E-06   0.0000000E+00   3.4694008E-06
   9.4202899E-01   0.0000000E+00   0.0000000E+00   0.0000000E+00   0.0000000E+00   0.0000000E+00   0.0000000E+00
   9.5652174E-01   0.0000000E+00   0.0000000E+00   0.0000000E+00   0.0000000E+00   0.0000000E+00   0.0000000E+00
   9.7101449E-01   0.0000000E+00   0.0000000E+00   0.0000000E+00   0.0000000E+00   0.0000000E+00   0.0000000E+00
   9.8550725E-01   1.1143187E+01   0.0000000E+00   1.1143187E+01   1.2232362E-05   0.0000000E+00   1.2232362E-05
   1.0000000E+00   0.0000000E+00   0.0000000E+00   0.0000000E+00   0.0000000E+00   0.0000000E+00   0.0000000E+00
