   0.0000000E+00   6.5280531E+07   3.3928418E+07   9.9208949E+07   3.0267889E-04   5.5690044E-04   9.4739131E-06
   1.4492754E-02   6.6233764E+07   3.3213114E+07   9.9445362E+07   6.8602185E-05   1.4602532E-04   9.3649942E-05
   2.8985507E-02   6.9546967E+07   3.5060476E+07   1.0460290E+08   8.2343692E-05   2.7719161E-04   9.0156279E-05
   4.3478261E-02   7.3987430E+07   3.6921730E+07   1.1090512E+08   3.7522252E-05   1.8893781E-04   7.7549141E-05
   5.7971014E-02   7.6992298E+07   3.8495107E+07   1.1548400E+08   9.2620959E-05   7.7654061E-05   5.8037678E-05
   7.2463768E-02   7.7163509E+07   3.8656695E+07   1.1580808E+08   2.3021165E-05   2.4614130E-05   9.5980637E-06
   8.6956522E-02   7.4970973E+07   3.7605714E+07   1.1256911E+08   9.4092749E-05   1.6855186E-04   1.1788510E-04
   1.0144928E-01   7.1194124E+07   3.5613408E+07   1.0679985E+08   1.4119233E-04   1.0753508E-04   5.9829651E-05
   1.1594203E-01   6.6721935E+07   3.3473492E+07   1.0018700E+08   2.6754958E-05   4.0764381E-05   2.7023137E-05
   1.3043478E-01   6.3425760E+07   3.1796820E+07   9.5215424E+07   3.8898827E-05   9.5549474E-05   5.7394319E-05
   1.4492754E-01   6.1803959E+07   3.0894592E+07   9.2691049E+07   1.8939698E-05   1.2080573E-04   4.9969208E-05
   1.5942029E-01   5.3258005E+07   2.6652355E+07   7.9903264E+07   7.4241613E-05   7.7022238E-05   4.6314245E-05
   1.7391304E-01   1.7135710E+07   8.5741694E+06   2.5709248E+07   3.6669364E-04   1.1673760E-04   2.7489960E-04
   1.8840580E-01   4.8827386E+06   2.4598464E+06   7.3422936E+06   5.2374042E-04   9.0830967E-04   6.1857167E-04
   2.0289855E-01   3.3212681E+06   1.6415283E+06   4.9628505E+06   1.0581650E-03   1.4289397E-03   1.0486271E-03
   2.1739130E-01   2.8463621E+06   1.4114614E+06   4.2578235E+06   3.3684010E-04   7.9328041E-04   3.8876624E-04
   2.3188406E-01   2.6230002E+06   1.3131103E+06   3.9361106E+06   6.6269483E-04   1.3604157E-03   8.0227851E-04
   2.4637681E-01   2.5648495E+06   1.2653757E+06   3.8302252E+06   4.7238250E-04   8.6906788E-04   6.0312691E-04
   2.6086957E-01   2.5413225E+06   1.2603266E+06   3.8016070E+06   2.8978896E-04   2.2363221E-04   2.1469894E-04
   2.7536232E-01   2.5255762E+06   1.2647423E+06   3.7902787E+06   4.5361249E-04   5.7380036E-04   4.9239868E-04
   2.8985507E-01   2.4490807E+06   1.2217367E+06   3.6708175E+06   3.9438224E-04   6.0863418E-04   4.6381034E-04
   3.0434783E-01   2.1273999E+06   1.0581252E+06   3.1854889E+06   2.2809009E-04   2.9642005E-04   2.4825724E-04
   3.1884058E-01   1.1905077E+06   5.9733761E+05   1.7878453E+06   3.1798722E-04   7.8739967E-04   3.7317175E-04
   3.3333333E-01   1.2482888E+05   6.2463859E+04   1.8729274E+05   5.7372785E-03   3.7318376E-03   5.0047208E-03
   3.4782609E-01   8.0509523E+03   2.8099402E+03   1.0860892E+04   7.3119932E-02   6.6790544E-02   7.0955402E-02
   3.6231884E-01   7.9107710E+03   4.2433254E+03   1.2154096E+04   6.7893401E-02   7.1636124E-02   6.9111662E-02
   3.7681159E-01   7.0527799E+03   3.4681025E+03   1.0520882E+04   8.6614270E-02   5.2006409E-02   7.5190860E-02
   3.9130435E-01   8.1105890E+03   4.0693266E+03   1.2179916E+04   7.7052840E-02   8.4982336E-02   7.9438890E-02
   4.0579710E-01   7.3879327E+03   4.0322416E+03   1.1420174E+04   9.2896758E-02   1.1734291E-01   1.0129188E-01
   4.2028986E-01   7.2638206E+03   3.2661064E+03   1.0529927E+04   1.0655414E-01   1.1051906E-01   1.0751504E-01
   4.3478261E-01   6.2134408E+03   2.8036257E+03   9.0170665E+03   1.2316828E-01   1.2015654E-01   1.2222812E-01
   4.4927536E-01   6.3796540E+03   3.1287192E+03   9.5083732E+03   1.2637362E-01   1.1740743E-01   1.2341183E-01
   4.6376812E-01   5.7540629E+03   2.5573613E+03   8.3114243E+03   1.1829680E-01   1.4646955E-01   1.2683154E-01
   4.7826087E-01   5.4878505E+03   2.5946741E+03   8.0825246E+03   1.4588020E-01   1.5492260E-01   1.4856345E-01
   4.9275362E-01   4.3681291E+03   2.0726327E+03   6.4407618E+03   1.5118874E-01   1.2656997E-01   1.4326171E-01
   5.0724638E-01   3.8536323E+03   1.8185680E+03   5.6722003E+03   1.4802114E-01   1.7418714E-01   1.5629876E-01
   5.2173913E-01   3.3045739E+03   1.5154734E+03   4.8200472E+03   1.6270388E-01   1.5831874E-01   1.6130787E-01
   5.3623188E-01   3.0104674E+03   1.3721178E+03   4.3825851E+03   1.5330791E-01   1.6812880E-01   1.5777262E-01
   5.5072464E-01   2.4127931E+03   1.0767837E+03   3.4895768E+03   1.5449119E-01   1.8974463E-01   1.6527788E-01
   5.6521739E-01   1.9817729E+03   6.9944925E+02   2.6812221E+03   1.9537115E-01   1.8293671E-01   1.9200960E-01
   5.7971014E-01   1.4586431E+03   7.9562352E+02   2.2542666E+03   1.9749836E-01   1.9801771E-01   1.9760304E-01
   5.9420290E-01   1.1273643E+03   6.0988562E+02   1.7372500E+03   1.9155602E-01   1.8381771E-01   1.8862818E-01
   6.0869565E-01   1.1005223E+03   5.9536454E+02   1.6958869E+03   1.6757269E-01   2.1522240E-01   1.8337497E-01
   6.2318841E-01   1.0044417E+03   4.4054458E+02   1.4449862E+03   2.2124181E-01   1.6430373E-01   2.0388216E-01
   6.3768116E-01   7.5773668E+02   3.6164705E+02   1.1193837E+03   2.7516698E-01   2.6288414E-01   2.7119690E-01
   6.5217391E-01   5.7251216E+02   3.1993327E+02   8.9244543E+02   2.0120456E-01   1.7687657E-01   1.9246482E-01
   6.6666667E-01   5.4359371E+02   2.6356059E+02   8.0715429E+02   2.8426352E-01   3.4182307E-01   3.0214330E-01
   6.8115942E-01   6.4488228E+02   2.0958674E+02   8.5446903E+02   2.7658831E-01   2.8678719E-01   2.7872929E-01
   6.9565217E-01   5.0515779E+02   1.2628945E+02   6.3144724E+02   2.7382054E-01   2.9250267E-01   2.7754626E-01
   7.1014493E-01   4.0206436E+02   1.3917613E+02   5.4124049E+02   3.2170824E-01   2.9435553E-01   3.1381885E-01
   7.2463768E-01   3.3340414E+02   1.5154734E+02   4.8495148E+02   3.3331402E-01   2.5475258E-01   3.0875954E-01
   7.3913043E-01   2.6743648E+02   1.1886066E+02   3.8629713E+02   3.4815213E-01   3.1946076E-01   3.3915294E-01
   7.5362319E-01   2.1857789E+02   1.4571859E+02   3.6429648E+02   3.1951112E-01   3.4781053E-01   3.3027836E-01
   7.6811594E-01   2.0015686E+02   1.7156302E+02   3.7171988E+02   3.2134648E-01   3.7879895E-01   3.4698720E-01
   7.8260870E-01   2.5257889E+02   4.2096482E+01   2.9467538E+02   3.3258373E-01   3.0414199E-01   3.2829233E-01
   7.9710145E-01   1.7910140E+02   8.2662184E+01   2.6176358E+02   3.6298047E-01   3.2900473E-01   3.5200207E-01
   8.1159420E-01   2.0296518E+02   5.4124049E+01   2.5708923E+02   2.8760197E-01   3.6683287E-01   3.0387823E-01
   8.2608696E-01   1.5952351E+02   9.3055382E+01   2.5257889E+02   3.1653450E-01   3.6473010E-01   3.3419825E-01
   8.4057971E-01   1.4370868E+02   7.8386554E+01   2.2209523E+02   3.6980279E-01   3.4349544E-01   3.6035613E-01
   8.5507246E-01   1.2842995E+02   0.0000000E+00   1.2842995E+02   3.6272551E-01   0.0000000E+00   3.6272551E-01
   8.6956522E-01   1.0103156E+02   2.5257889E+01   1.2628945E+02   3.8049216E-01   4.0687204E-01   3.8416887E-01
   8.8405797E-01   7.4531477E+01   0.0000000E+00   7.4531477E+01   3.7057284E-01   0.0000000E+00   3.7057284E-01
   8.9855072E-01   1.0999403E+02   1.2221559E+01   1.2221559E+02   3.9898647E-01   3.9073037E-01   3.9654712E-01
   9.1304348E-01   7.2165398E+01   2.4055133E+01   9.6220531E+01   3.8484856E-01   3.6377113E-01   3.7870520E-01
   9.2753623E-01   7.1037814E+01   1.1839636E+01   8.2877450E+01   4.0302179E-01   3.7520102E-01   3.9670947E-01
   9.4202899E-01   4.6629950E+01   2.3314975E+01   6.9944925E+01   4.0039136E-01   3.7083362E-01   3.9019098E-01
   9.5652174E-01   3.4442577E+01   1.1480859E+01   4.5923435E+01   3.8724290E-01   3.9916916E-01   3.8909636E-01
   9.7101449E-01   3.3928508E+01   1.1309503E+01   4.5238011E+01   3.9823189E-01   3.6327565E-01   3.8899336E-01
   9.8550725E-01   3.3429560E+01   1.1143187E+01   4.4572746E+01   2.7932874E-01   4.2843360E-01   3.1252175E-01
   1.0000000E+00   0.0000000E+00   0.0000000E+00   0.0000000E+00   0.0000000E+00   0.0000000E+00   0.0000000E+00
