   0.0000000E+00   6.3516520E+07   3.3625323E+07   9.7141843E+07   2.1959327E-03   6.0462087E-04   1.3872439E-03
   1.4492754E-02   6.5354789E+07   3.3912505E+07   9.9267294E+07   6.5178652E-04   1.6270781E-04   4.5280619E-04
   2.8985507E-02   6.6918000E+07   3.5063128E+07   1.0198075E+08   6.0386634E-05   1.8203683E-04   6.8965491E-05
   4.3478261E-02   6.9155091E+07   3.6410511E+07   1.0556358E+08   4.6884706E-04   1.3275160E-04   3.3790818E-04
   5.7971014E-02   7.0582793E+07   3.7147094E+07   1.0772742E+08   1.3029337E-04   1.3937162E-04   1.1012538E-04
   7.2463768E-02   7.0221277E+07   3.6863435E+07   1.0708047E+08   2.1643018E-04   1.8215587E-05   1.3451721E-04
   8.6956522E-02   6.8588557E+07   3.5903964E+07   1.0448886E+08   1.6304449E-04   9.8064328E-05   1.3736087E-04
   1.0144928E-01   6.5488800E+07   3.4311075E+07   9.9796303E+07   1.7396692E-04   3.4771308E-05   1.2341827E-04
   1.1594203E-01   6.1850636E+07   3.2240749E+07   9.4088069E+07   7.2860768E-05   4.8673570E-05   6.0737674E-05
   1.3043478E-01   5.8579444E+07   3.0273433E+07   8.8849762E+07   7.2027760E-05   7.8691671E-05   7.2585074E-05
   1.4492754E-01   5.5210513E+07   2.8487035E+07   8.3694517E+07   2.4676071E-04   1.7242296E-04   1.4820568E-04
   1.5942029E-01   4.6425907E+07   2.3900530E+07   7.0324233E+07   1.0046666E-04   2.4783898E-04   2.0700774E-05
   1.7391304E-01   2.1204124E+07   1.0192695E+07   3.1396251E+07   1.5634611E-04   8.3338942E-04   3.7454464E-04
   1.8840580E-01   1.0353073E+07   4.4744351E+06   1.4827275E+07   6.2236623E-04   1.7484595E-03   9.1440240E-04
   2.0289855E-01   7.3205482E+06   3.0202302E+06   1.0340778E+07   6.6451411E-04   2.2590983E-03   9.5258723E-04
   2.1739130E-01   5.9018595E+06   2.3959129E+06   8.2977724E+06   6.8987425E-04   2.6448886E-03   1.2042893E-03
   2.3188406E-01   5.0783039E+06   2.0316341E+06   7.1098907E+06   4.0421619E-04   2.5975440E-03   1.0036215E-03
   2.4637681E-01   4.4424319E+06   1.7910221E+06   6.2334540E+06   8.3942740E-04   2.2911141E-03   1.1760314E-03
   2.6086957E-01   3.9946194E+06   1.6078751E+06   5.6024946E+06   4.3321452E-04   2.1608091E-03   6.5606066E-04
   2.7536232E-01   3.5598071E+06   1.4746353E+06   5.0344424E+06   6.2542154E-04   1.4431796E-03   6.4857048E-04
   2.8985507E-01   3.1047503E+06   1.3334271E+06   4.4381774E+06   1.3451525E-03   1.2533305E-03   1.2131615E-03
   3.0434783E-01   2.4542730E+06   1.0849346E+06   3.5392076E+06   4.4751460E-04   1.1107767E-03   6.3411160E-04
   3.1884058E-01   1.3383352E+06   5.9413445E+05   1.9324352E+06   1.8823773E-03   8.1412661E-04   1.4798855E-03
   3.3333333E-01   2.0715862E+05   8.1670837E+04   2.8882946E+05   1.5349640E-02   4.1339521E-04   1.1079919E-02
   3.4782609E-01   3.9181301E+04   8.3351035E+03   4.7516405E+04   9.5873157E-02   3.6687629E-03   7.9592108E-02
   3.6231884E-01   3.6947241E+04   7.3652006E+03   4.4312441E+04   1.0746156E-01   1.8233554E-03   8.9901937E-02
   3.7681159E-01   3.8557140E+04   8.4225347E+03   4.6979674E+04   1.2171198E-01   4.6239016E-03   1.0066700E-01
   3.9130435E-01   3.8925214E+04   8.0544603E+03   4.6979674E+04   1.3057030E-01   1.7312161E-03   1.0848065E-01
   4.0579710E-01   3.5586562E+04   6.4678238E+03   4.2054386E+04   1.5449773E-01   2.7716520E-03   1.3109876E-01
   4.2028986E-01   3.6998453E+04   6.6105993E+03   4.3609053E+04   1.5299255E-01   4.6949863E-03   1.3047571E-01
   4.3478261E-01   3.3795056E+04   6.1124093E+03   3.9907465E+04   1.6317109E-01   4.6659707E-03   1.3888702E-01
   4.4927536E-01   3.3242642E+04   6.1596659E+03   3.9402308E+04   1.6926536E-01   4.7865566E-03   1.4354918E-01
   4.6376812E-01   3.1375035E+04   5.0673641E+03   3.6442399E+04   1.6695184E-01   4.1670641E-06   1.4373732E-01
   4.7826087E-01   2.7645908E+04   4.3627264E+03   3.2008634E+04   1.8178118E-01   3.4415803E-06   1.5700422E-01
   4.9275362E-01   2.5763047E+04   3.8332562E+03   2.9596303E+04   1.6710204E-01   2.4938698E-03   1.4576495E-01
   5.0724638E-01   2.2429006E+04   3.7886834E+03   2.6217689E+04   1.6027883E-01   5.4682824E-06   1.3711789E-01
   5.2173913E-01   2.0458890E+04   2.7362714E+03   2.3195162E+04   1.6165839E-01   3.2126708E-06   1.4258762E-01
   5.3623188E-01   1.6465413E+04   2.0479370E+03   1.8513350E+04   1.4763984E-01   8.7649357E-07   1.3130791E-01
   5.5072464E-01   1.5693126E+04   1.8544608E+03   1.7547586E+04   1.5161639E-01   2.5832765E-06   1.3559302E-01
   5.6521739E-01   1.3347823E+04   1.5737608E+03   1.4921584E+04   1.2406317E-01   8.0623614E-06   1.1097810E-01
   5.7971014E-01   1.1839636E+04   1.3260392E+03   1.3165675E+04   1.1778514E-01   1.1560626E-05   1.0592075E-01
   5.9420290E-01   1.0368056E+04   1.2012899E+03   1.1569345E+04   1.2703807E-01   2.1545019E-06   1.1384737E-01
   6.0869565E-01   9.9227423E+03   1.1005223E+03   1.1023265E+04   1.0470592E-01   4.3773268E-03   9.4688756E-02
   6.2318841E-01   8.2646164E+03   6.6962777E+02   8.9342442E+03   1.0314564E-01   2.1157665E-05   9.5416202E-02
   6.3768116E-01   8.2317758E+03   6.0274509E+02   8.8345209E+03   9.4696108E-02   1.4630757E-05   8.8234377E-02
   6.5217391E-01   7.3247879E+03   4.0412623E+02   7.7289142E+03   8.6486097E-02   1.2650594E-05   8.1963294E-02
   6.6666667E-01   6.4572344E+03   4.1181342E+02   6.8690478E+03   6.7793920E-02   1.4871642E-05   6.3728757E-02
   6.8115942E-01   6.6261655E+03   5.3202788E+02   7.1581934E+03   6.4176258E-02   2.8942158E-06   5.9406616E-02
   6.9565217E-01   6.1723967E+03   4.8937161E+02   6.6617683E+03   5.7310076E-02   2.3620059E-05   5.3098377E-02
   7.1014493E-01   5.9845734E+03   2.3196021E+02   6.2165336E+03   6.5793213E-02   1.9458841E-02   6.4064149E-02
   7.2463768E-01   5.4860136E+03   2.5763047E+02   5.7436441E+03   4.3661584E-02   1.3282631E-05   4.1703740E-02
   7.3913043E-01   5.2150113E+03   2.5257889E+02   5.4675902E+03   6.0305604E-02   5.4978188E-06   5.7519493E-02
   7.5362319E-01   4.7649980E+03   1.6029045E+02   4.9252884E+03   4.6269644E-02   2.3563445E-05   4.4764563E-02
   7.6811594E-01   4.0889187E+03   1.1437535E+02   4.2032941E+03   4.4140803E-02   4.5772114E-05   4.2938452E-02
   7.8260870E-01   4.0131980E+03   9.8225126E+01   4.1114231E+03   3.9358349E-02   7.4410972E-06   3.8417881E-02
   7.9710145E-01   3.4993658E+03   1.9287843E+02   3.6922442E+03   3.9465072E-02   1.4291859E-05   3.7404154E-02
   8.1159420E-01   2.7332645E+03   9.4717086E+01   2.8279816E+03   2.8984165E-02   1.1911938E-04   2.8017392E-02
   8.2608696E-01   2.7916615E+03   6.6468130E+01   2.8581296E+03   3.0098066E-02   3.2918545E-06   2.9398036E-02
   8.4057971E-01   1.9988571E+03   7.8386554E+01   2.0772437E+03   3.6817249E-02   3.0296400E-06   3.5428029E-02
   8.5507246E-01   1.9264492E+03   5.1371979E+01   1.9778212E+03   3.1181649E-02   1.3188917E-04   3.0375126E-02
   8.6956522E-01   1.9701154E+03   1.1366050E+02   2.0837759E+03   3.8484644E-02   1.7552336E-05   3.6384524E-02
   8.8405797E-01   1.6396925E+03   1.2421913E+01   1.6521144E+03   4.9707251E-02   2.0768250E-06   4.9333497E-02
   8.9855072E-01   1.0999403E+03   2.4443119E+01   1.1243835E+03   2.9611918E-02   3.3994889E-05   2.8967443E-02
   9.1304348E-01   1.3470874E+03   1.2027566E+01   1.3591150E+03   2.1683832E-02   7.9809815E-06   2.1492009E-02
   9.2753623E-01   7.9325559E+02   1.1839636E+01   8.0509523E+02   4.0054614E-02   6.4055505E-06   3.9465483E-02
   9.4202899E-01   6.5281930E+02   2.3314975E+01   6.7613427E+02   4.2122715E-02   6.4472998E-06   4.0670429E-02
   9.5652174E-01   5.0515779E+02   2.2961718E+01   5.2811951E+02   3.5738358E-02   8.9999104E-06   3.4184136E-02
   9.7101449E-01   4.6368961E+02   0.0000000E+00   4.6368961E+02   6.7889773E-02   0.0000000E+00   6.7889773E-02
   9.8550725E-01   2.5629329E+02   1.1143187E+01   2.6743648E+02   1.6981461E-02   5.1722671E-06   1.6274109E-02
   1.0000000E+00   1.7507274E+02   0.0000000E+00   1.7507274E+02   5.2848236E-02   0.0000000E+00   5.2848236E-02
