   0.0000000E+00   2.8115504E+10   1.4640497E+10   4.2747800E+10   4.3178834E-06   3.7824074E-06   3.1557735E-06
   1.4492754E-02   9.1023119E+07   4.4031321E+07   1.3505444E+08   1.4733151E-02   1.3307896E-02   1.4268221E-02
   2.8985507E-02   7.7872599E+07   3.7554188E+07   1.1542489E+08   2.2990421E-02   2.0486026E-02   2.2173478E-02
   4.3478261E-02   5.2481095E+07   2.5378370E+07   7.7858960E+07   9.2233644E-03   8.2628116E-03   8.9099366E-03
   5.7971014E-02   3.0687199E+07   1.4675086E+07   4.5361528E+07   2.3369032E-03   3.3956133E-03   2.6769793E-03
   7.2463768E-02   1.9442311E+07   9.1546715E+06   2.8596982E+07   1.9663733E-03   7.7111108E-04   1.5370020E-03
   8.6956522E-02   1.3937935E+07   6.4557903E+06   2.0393725E+07   1.2723027E-03   1.0023578E-03   1.1826519E-03
   1.0144928E-01   1.0923316E+07   5.0434954E+06   1.5966703E+07   1.0559927E-03   6.9038212E-04   9.0511564E-04
   1.1594203E-01   9.0524907E+06   4.1287178E+06   1.3181208E+07   1.2000201E-03   1.7447611E-03   1.3462210E-03
   1.3043478E-01   7.7546772E+06   3.4952709E+06   1.1249864E+07   1.6089098E-03   2.4394371E-03   1.8576928E-03
   1.4492754E-01   6.6872536E+06   3.0078358E+06   9.6950136E+06   2.4760268E-03   1.3089303E-03   2.0477133E-03
   1.5942029E-01   5.7800154E+06   2.5437220E+06   8.3237375E+06   2.4306367E-03   1.8364268E-03   2.2490466E-03
   1.7391304E-01   4.8928321E+06   2.1580341E+06   7.0508661E+06   3.2245251E-03   2.7809580E-03   2.9899646E-03
   1.8840580E-01   4.2662324E+06   1.8424076E+06   6.1085234E+06   2.8760854E-03   2.4819270E-03   2.7572511E-03
   2.0289855E-01   3.7935546E+06   1.6414742E+06   5.4349746E+06   3.3257896E-03   1.4430915E-03   2.7279610E-03
   2.1739130E-01   3.4074914E+06   1.4634926E+06   4.8709840E+06   1.2637527E-03   1.6887961E-03   1.3783006E-03
   2.3188406E-01   3.0547207E+06   1.2920831E+06   4.3468038E+06   2.5082199E-03   1.4199207E-03   2.1085740E-03
   2.4637681E-01   2.7358306E+06   1.1512695E+06   3.8870555E+06   1.2325824E-03   1.5710427E-03   1.2180871E-03
   2.6086957E-01   2.3952057E+06   1.0011806E+06   3.3963863E+06   2.4419362E-03   1.7056188E-03   2.2009236E-03
   2.7536232E-01   2.0272647E+06   8.3219428E+05   2.8594590E+06   3.6759886E-03   1.6741293E-03   3.0928901E-03
   2.8985507E-01   1.5793127E+06   6.6468662E+05   2.2439993E+06   1.5365148E-03   3.5961746E-03   2.1311123E-03
   3.0434783E-01   1.0943883E+06   4.5680697E+05   1.5511952E+06   3.3224508E-03   3.0450748E-03   3.2407211E-03
   3.1884058E-01   5.2710919E+05   2.1323399E+05   7.4034318E+05   6.9109921E-03   6.7848783E-03   6.8585812E-03
   3.3333333E-01   1.2314868E+05   4.8462203E+04   1.7161089E+05   3.3496855E-02   2.9808518E-02   3.2454286E-02
   3.4782609E-01   3.9591742E+04   1.4270708E+04   5.3862449E+04   9.6065181E-02   8.3504480E-02   9.2725659E-02
   3.6231884E-01   4.2857587E+04   1.7064230E+04   5.9921817E+04   1.1257395E-01   9.0047493E-02   1.0615647E-01
   3.7681159E-01   4.5405914E+04   1.7631950E+04   6.3037863E+04   1.1669611E-01   9.9669067E-02   1.1193111E-01
   3.9130435E-01   4.6558710E+04   1.8803095E+04   6.5361805E+04   1.3151975E-01   1.2045421E-01   1.2833642E-01
   4.0579710E-01   4.4922961E+04   1.6805517E+04   6.1728478E+04   1.3740143E-01   1.2404633E-01   1.3376544E-01
   4.2028986E-01   3.5822655E+04   1.3482487E+04   4.9305142E+04   1.3260953E-01   1.0679949E-01   1.2555134E-01
   4.3478261E-01   3.1319783E+04   1.0482024E+04   4.1801807E+04   1.3634620E-01   1.3001852E-01   1.3475947E-01
   4.4927536E-01   2.3783155E+04   9.2639420E+03   3.3047097E+04   1.4007776E-01   1.4668395E-01   1.4192956E-01
   4.6376812E-01   1.8422473E+04   7.2458570E+03   2.5668330E+04   1.5482179E-01   1.3603840E-01   1.4951865E-01
   4.7826087E-01   1.4029610E+04   5.3500802E+03   1.9379690E+04   1.5705840E-01   1.4510918E-01   1.5375955E-01
   4.9275362E-01   1.0675173E+04   4.1675518E+03   1.4842724E+04   1.9694786E-01   1.5898136E-01   1.8628677E-01
   5.0724638E-01   7.3392210E+03   3.4206399E+03   1.0759861E+04   2.1780838E-01   2.2820067E-01   2.2111204E-01
   5.2173913E-01   6.4828583E+03   2.0627276E+03   8.5455859E+03   2.2606860E-01   2.1893581E-01   2.2433691E-01
   5.3623188E-01   5.0788837E+03   1.5769115E+03   6.6557952E+03   2.5189124E-01   2.6627206E-01   2.5529812E-01
   5.5072464E-01   3.9282665E+03   1.2961285E+03   5.2243950E+03   2.4015293E-01   2.6028329E-01   2.4514708E-01
   5.6521739E-01   3.4583879E+03   1.6514774E+03   5.1098653E+03   2.7143931E-01   2.8495492E-01   2.7580748E-01
   5.7971014E-01   3.1446072E+03   1.1176616E+03   4.2622688E+03   2.8500023E-01   3.1023559E-01   2.9161224E-01
   5.9420290E-01   2.5504308E+03   9.2406913E+02   3.4744999E+03   2.6869042E-01   2.8188240E-01   2.7219893E-01
   6.0869565E-01   1.9484658E+03   7.5773668E+02   2.7062024E+03   2.8811397E-01   2.7280842E-01   2.8382842E-01
   6.2318841E-01   2.0265051E+03   6.6962777E+02   2.6961329E+03   2.9535061E-01   2.9924075E-01   2.9631679E-01
   6.3768116E-01   2.1526610E+03   5.6830251E+02   2.7209635E+03   3.1182194E-01   2.5700007E-01   3.0037180E-01
   6.5217391E-01   1.5996663E+03   3.1993327E+02   1.9195996E+03   2.8468046E-01   3.0785884E-01   2.8854312E-01
   6.6666667E-01   1.1530776E+03   3.6239581E+02   1.5154734E+03   2.9703167E-01   2.8029925E-01   2.9303044E-01
   6.8115942E-01   1.3381307E+03   3.7080731E+02   1.7089381E+03   2.7918563E-01   2.9970334E-01   2.8363758E-01
   6.9565217E-01   1.0103156E+03   4.1044070E+02   1.4207563E+03   2.9654916E-01   3.1804636E-01   3.0275822E-01
   7.1014493E-01   8.1959274E+02   3.2474429E+02   1.1443370E+03   3.4329246E-01   3.2819144E-01   3.3900703E-01
   7.2463768E-01   9.5474822E+02   2.2732101E+02   1.1820692E+03   2.9667085E-01   3.0343639E-01   2.9797192E-01
   7.3913043E-01   8.7659734E+02   2.2286373E+02   1.0994611E+03   3.0751209E-01   3.0005874E-01   3.0600128E-01
   7.5362319E-01   6.2658995E+02   1.7486231E+02   8.0145226E+02   3.2783171E-01   3.1486101E-01   3.2500174E-01
   7.6811594E-01   5.5757982E+02   2.0015686E+02   7.5773668E+02   2.9327254E-01   3.5640161E-01   3.0994814E-01
   7.8260870E-01   4.4902915E+02   2.3854673E+02   6.8757588E+02   3.4439049E-01   3.4100535E-01   3.4321605E-01
   7.9710145E-01   4.8219607E+02   2.0665546E+02   6.8885153E+02   3.5633221E-01   2.7790152E-01   3.3280300E-01
   8.1159420E-01   3.3827531E+02   1.3531012E+02   4.7358543E+02   3.4129107E-01   2.5794119E-01   3.1747681E-01
   8.2608696E-01   3.0575340E+02   1.5952351E+02   4.6527691E+02   3.1547293E-01   3.0292985E-01   3.1117245E-01
   8.4057971E-01   4.8338375E+02   1.3064426E+02   6.1402800E+02   2.9579325E-01   3.1317766E-01   2.9949206E-01
   8.5507246E-01   2.9538888E+02   7.7057968E+01   3.7244684E+02   2.9458927E-01   2.7295589E-01   2.9011340E-01
   8.6956522E-01   4.4201307E+02   1.0103156E+02   5.4304462E+02   2.7581406E-01   2.3002724E-01   2.6729558E-01
   8.8405797E-01   2.4843826E+02   7.4531477E+01   3.2296973E+02   2.1211685E-01   2.5448907E-01   2.2189506E-01
   8.9855072E-01   2.8109587E+02   8.5550916E+01   3.6664678E+02   2.3909615E-01   2.3246831E-01   2.3754965E-01
   9.1304348E-01   2.6460646E+02   4.8110266E+01   3.1271673E+02   1.8258875E-01   8.9534748E-02   1.6827275E-01
   9.2753623E-01   3.1967016E+02   5.9198178E+01   3.7886834E+02   2.5563018E-01   1.5626842E-01   2.4010491E-01
   9.4202899E-01   2.2149226E+02   2.3314975E+01   2.4480724E+02   2.1736882E-01   4.0098093E-01   2.3485569E-01
   9.5652174E-01   1.3777031E+02   3.4442577E+01   1.7221288E+02   2.7668603E-01   1.4017152E-01   2.4938312E-01
   9.7101449E-01   2.0357105E+02   1.1309503E+01   2.1488055E+02   2.3213189E-01   8.4811478E-06   2.1991487E-01
   9.8550725E-01   1.1143187E+02   0.0000000E+00   1.1143187E+02   2.5466053E-01   0.0000000E+00   2.5466053E-01
   1.0000000E+00   4.3768184E+01   2.1884092E+01   6.5652276E+01   2.1388933E-01   9.9680583E-06   1.4258956E-01
