   0.0000000E+00   6.5450264E+07   3.2546306E+07   9.7996570E+07   2.2388809E-04   6.5114424E-04   1.8198756E-04
   1.4492754E-02   6.6703560E+07   3.3448770E+07   1.0015006E+08   2.2586021E-04   1.4209862E-04   1.0480706E-04
   2.8985507E-02   7.0278941E+07   3.5014254E+07   1.0528903E+08   2.4278436E-04   2.7649919E-04   6.9483427E-05
   4.3478261E-02   7.4245314E+07   3.7125561E+07   1.1136835E+08   6.5994153E-05   9.7792336E-05   7.2437157E-05
   5.7971014E-02   7.7295583E+07   3.8837983E+07   1.1612959E+08   2.0887387E-04   2.4732835E-04   1.7574198E-04
   7.2463768E-02   7.7119712E+07   3.8838855E+07   1.1594659E+08   1.1634125E-04   2.1791448E-04   1.3332353E-04
   8.6956522E-02   7.5193495E+07   3.7570605E+07   1.1275842E+08   8.1762414E-05   2.5660901E-04   3.4712853E-05
   1.0144928E-01   7.1292955E+07   3.5594681E+07   1.0688331E+08   1.1929789E-04   1.1279350E-04   1.1662064E-04
   1.1594203E-01   6.6831049E+07   3.3562810E+07   1.0038723E+08   9.1318878E-05   6.8916011E-05   7.7194726E-05
   1.3043478E-01   6.3338452E+07   3.1811217E+07   9.5143439E+07   6.3403847E-05   1.8707686E-04   9.4942272E-05
   1.4492754E-01   6.1796230E+07   3.1015072E+07   9.2804255E+07   1.7474339E-05   9.1463243E-05   4.1219909E-05
   1.5942029E-01   5.3129810E+07   2.6702847E+07   7.9827629E+07   8.7922299E-05   1.1716342E-04   9.6155685E-05
   1.7391304E-01   1.7109063E+07   8.5139294E+06   2.5622613E+07   8.4935370E-05   2.2425834E-04   1.2360679E-04
   1.8840580E-01   4.8821557E+06   2.4035990E+06   7.2856382E+06   1.3380577E-03   1.9145627E-03   1.4964415E-03
   2.0289855E-01   3.2742885E+06   1.6208529E+06   4.8950872E+06   9.5964087E-04   1.3233222E-03   1.0075807E-03
   2.1739130E-01   2.7838741E+06   1.3807478E+06   4.1646218E+06   1.6960132E-03   1.5899488E-03   1.6597250E-03
   2.3188406E-01   2.5871025E+06   1.2774020E+06   3.8645044E+06   1.8329050E-03   1.6669691E-03   1.6035636E-03
   2.4637681E-01   2.4700433E+06   1.2270877E+06   3.6970864E+06   1.4284723E-03   1.9490028E-03   1.5871419E-03
   2.6086957E-01   2.4588976E+06   1.2185669E+06   3.6773803E+06   1.0770569E-03   1.5556457E-03   1.1838483E-03
   2.7536232E-01   2.4445782E+06   1.2225882E+06   3.6671664E+06   9.0663307E-04   5.2464076E-04   6.8105505E-04
   2.8985507E-01   2.4189228E+06   1.1971861E+06   3.6160710E+06   8.2683935E-04   6.2513819E-04   5.9436898E-04
   3.0434783E-01   2.1290958E+06   1.0509086E+06   3.1800044E+06   6.7489450E-04   1.1806254E-03   6.5461184E-04
   3.1884058E-01   1.1991872E+06   5.9323894E+05   1.7924261E+06   1.2133769E-03   8.7099501E-04   1.0526035E-03
   3.3333333E-01   1.2983653E+05   6.3122760E+04   1.9295929E+05   1.2055790E-02   1.2680587E-02   1.2242273E-02
   3.4782609E-01   1.4018129E+04   6.6301960E+03   2.0648325E+04   1.0053913E-01   1.0140754E-01   1.0079581E-01
   3.6231884E-01   1.4124212E+04   7.1530343E+03   2.1277246E+04   1.1200814E-01   8.8814645E-02   1.0414710E-01
   3.7681159E-01   1.4251278E+04   6.3533307E+03   2.0604609E+04   1.3111737E-01   1.3383063E-01   1.3190551E-01
   3.9130435E-01   1.3667325E+04   6.6231799E+03   2.0290505E+04   1.2837730E-01   1.3093623E-01   1.2919966E-01
   4.0579710E-01   1.4099315E+04   6.4948859E+03   2.0594201E+04   1.4439412E-01   1.3237094E-01   1.4046644E-01
   4.2028986E-01   1.2045400E+04   6.8980167E+03   1.8943417E+04   1.7604295E-01   1.4422696E-01   1.6445596E-01
   4.3478261E-01   1.2527913E+04   6.2892145E+03   1.8817128E+04   1.3626854E-01   1.2799475E-01   1.3350217E-01
   4.4927536E-01   1.0388326E+04   5.2797137E+03   1.5668039E+04   1.3446110E-01   1.5280530E-01   1.4060002E-01
   4.6376812E-01   9.1165195E+03   4.2149103E+03   1.3331430E+04   1.3489143E-01   1.3617332E-01   1.3524265E-01
   4.7826087E-01   8.1514098E+03   3.8116451E+03   1.1963055E+04   1.5169292E-01   1.6287690E-01   1.5523676E-01
   4.9275362E-01   7.2430712E+03   3.1200922E+03   1.0363163E+04   1.4885374E-01   1.2954873E-01   1.4304128E-01
   5.0724638E-01   6.6031340E+03   2.7711513E+03   9.3742853E+03   1.5477363E-01   1.3142969E-01   1.4786861E-01
   5.2173913E-01   5.3252050E+03   2.7783678E+03   8.1035729E+03   1.4966687E-01   1.3312464E-01   1.4398557E-01
   5.3623188E-01   4.7307344E+03   2.2732101E+03   7.0039445E+03   1.5645919E-01   1.7050301E-01   1.6097270E-01
   5.5072464E-01   4.1077304E+03   2.2732101E+03   6.3809405E+03   1.3742134E-01   1.2662455E-01   1.3357103E-01
   5.6521739E-01   3.2252382E+03   1.3406111E+03   4.5658493E+03   1.4842510E-01   1.0594204E-01   1.3594706E-01
   5.7971014E-01   2.9362297E+03   1.1934353E+03   4.1296649E+03   1.4727334E-01   1.6982995E-01   1.5370310E-01
   5.9420290E-01   1.9959893E+03   8.8710636E+02   2.8830957E+03   1.3761165E-01   1.5106691E-01   1.4169887E-01
   6.0869565E-01   1.9665071E+03   1.1546464E+03   3.1211535E+03   1.7908764E-01   1.5159833E-01   1.6890249E-01
   6.2318841E-01   1.9736397E+03   7.7535847E+02   2.7489982E+03   1.7124879E-01   2.0420619E-01   1.8054446E-01
   6.3768116E-01   1.7393501E+03   7.7495797E+02   2.5143081E+03   1.7627764E-01   1.2550440E-01   1.6058348E-01
   6.5217391E-01   1.5154734E+03   7.4089809E+02   2.2563715E+03   2.0501700E-01   1.9282339E-01   2.0083121E-01
   6.6666667E-01   1.4166381E+03   5.7653878E+02   1.9931769E+03   1.6810227E-01   1.7176291E-01   1.6906670E-01
   6.8115942E-01   1.1124219E+03   4.6753966E+02   1.5799616E+03   1.6788616E-01   2.1475135E-01   1.8175245E-01
   6.9565217E-01   1.1681774E+03   3.7886834E+02   1.5470457E+03   2.1873319E-01   1.8300786E-01   2.0991498E-01
   7.1014493E-01   8.1959274E+02   4.1752838E+02   1.2371211E+03   2.2939253E-01   1.7806696E-01   2.1205351E-01
   7.2463768E-01   5.7587988E+02   1.9701154E+02   7.7289142E+02   2.1129173E-01   2.3525712E-01   2.1736163E-01
   7.3913043E-01   8.1716701E+02   1.9314857E+02   1.0103156E+03   2.0050272E-01   2.5030148E-01   2.0998047E-01
   7.5362319E-01   4.3715578E+02   1.6029045E+02   5.9744623E+02   2.7391552E-01   2.4138308E-01   2.6514209E-01
   7.6811594E-01   4.1461064E+02   2.0015686E+02   6.1476750E+02   2.5363568E-01   2.7165930E-01   2.5937365E-01
   7.8260870E-01   4.4902915E+02   1.1225729E+02   5.6128643E+02   3.2229941E-01   3.0006044E-01   3.1783468E-01
   7.9710145E-01   3.1687170E+02   1.7910140E+02   4.9597310E+02   3.0224316E-01   2.7301660E-01   2.9150613E-01
   8.1159420E-01   3.3827531E+02   1.0824810E+02   4.4652340E+02   3.3372955E-01   2.8434293E-01   3.2158261E-01
   8.2608696E-01   2.1269802E+02   1.3293626E+02   3.4563428E+02   3.2509075E-01   3.3903689E-01   3.3045330E-01
   8.4057971E-01   3.1354621E+02   9.1450979E+01   4.0499719E+02   3.3173421E-01   3.8859376E-01   3.4412466E-01
   8.5507246E-01   1.6695893E+02   8.9900963E+01   2.5685989E+02   3.0442271E-01   2.8638078E-01   2.9775926E-01
   8.6956522E-01   2.3994995E+02   8.8402613E+01   3.2835256E+02   3.5763903E-01   3.4695246E-01   3.5436541E-01
   8.8405797E-01   1.4906295E+02   6.2109564E+01   2.1117252E+02   3.6536914E-01   3.1649927E-01   3.5094302E-01
   8.9855072E-01   1.0999403E+02   6.1107797E+01   1.7110183E+02   3.4882997E-01   2.4156841E-01   3.0781675E-01
   9.1304348E-01   1.0824810E+02   7.2165398E+01   1.8041350E+02   3.7910607E-01   4.0336675E-01   3.8820072E-01
   9.2753623E-01   5.9198178E+01   4.7358543E+01   1.0655672E+02   3.7855360E-01   3.9392863E-01   3.8507358E-01
   9.4202899E-01   6.9944925E+01   2.3314975E+01   9.3259900E+01   3.1103882E-01   4.0656615E-01   3.3482834E-01
   9.5652174E-01   8.0366012E+01   5.7404294E+01   1.3777031E+02   4.0240054E-01   4.1681723E-01   4.0717679E-01
   9.7101449E-01   5.6547514E+01   2.2619005E+01   7.9166519E+01   3.9064542E-01   4.2162766E-01   3.9525464E-01
   9.8550725E-01   4.4572746E+01   1.1143187E+01   5.5715933E+01   4.2051031E-01   4.2836317E-01   4.2051769E-01
   1.0000000E+00   0.0000000E+00   0.0000000E+00   0.0000000E+00   0.0000000E+00   0.0000000E+00   0.0000000E+00
