   0.0000000E+00   6.2958826E+07   3.1703703E+07   9.4662528E+07   1.0995589E-03   1.8396650E-03   1.2442912E-04
   1.4492754E-02   6.4508397E+07   3.2679668E+07   9.7186549E+07   4.2125023E-04   3.7205687E-04   2.3767513E-04
   2.8985507E-02   6.7398026E+07   3.4099666E+07   1.0149580E+08   9.9924735E-05   1.0370829E-04   8.6929842E-05
   4.3478261E-02   7.1677596E+07   3.6301902E+07   1.0797596E+08   2.2003066E-04   2.4459398E-04   1.6371909E-04
   5.7971014E-02   7.4437210E+07   3.7655914E+07   1.1209066E+08   1.8028672E-04   2.4714778E-04   1.7851303E-04
   7.2463768E-02   7.4577505E+07   3.7498418E+07   1.1206395E+08   1.6150672E-04   2.2616987E-04   5.2149214E-05
   8.6956522E-02   7.2290353E+07   3.6596282E+07   1.0888095E+08   1.4156405E-04   1.7908727E-04   1.1624312E-04
   1.0144928E-01   6.8709939E+07   3.4608649E+07   1.0331318E+08   1.6022215E-04   1.3124227E-04   1.3215739E-04
   1.1594203E-01   6.4771805E+07   3.2584003E+07   9.7349842E+07   1.8740644E-05   5.9827043E-05   3.1699454E-05
   1.3043478E-01   6.1471809E+07   3.0966341E+07   9.2432678E+07   1.0444113E-04   3.9140470E-05   8.2360568E-05
   1.4492754E-01   5.9733519E+07   3.0046987E+07   8.9773157E+07   1.5702857E-04   1.0904690E-04   1.3718068E-04
   1.5942029E-01   5.1504327E+07   2.6006763E+07   7.7506130E+07   2.0001300E-04   1.3026485E-04   1.7586792E-04
   1.7391304E-01   1.7799108E+07   8.8948815E+06   2.6692980E+07   7.6609143E-04   7.1368705E-04   7.3362996E-04
   1.8840580E-01   6.2570981E+06   3.0181818E+06   9.2751633E+06   1.6408710E-03   1.6436777E-03   1.6418011E-03
   2.0289855E-01   4.5735363E+06   2.1848255E+06   6.7583076E+06   2.9883319E-03   2.3589562E-03   2.7676688E-03
   2.1739130E-01   3.9383112E+06   1.9022727E+06   5.8404828E+06   2.0464229E-03   1.9798818E-03   2.0158597E-03
   2.3188406E-01   3.5763277E+06   1.6926890E+06   5.2689694E+06   2.3205087E-03   1.2068535E-03   1.9603163E-03
   2.4637681E-01   3.3263303E+06   1.5755129E+06   4.9017986E+06   1.8599799E-03   1.8556378E-03   1.8529907E-03
   2.6086957E-01   3.1456176E+06   1.5162311E+06   4.6617224E+06   2.2476754E-03   1.5581041E-03   1.9918131E-03
   2.7536232E-01   3.0187432E+06   1.4588824E+06   4.4776256E+06   2.2796914E-03   1.6926406E-03   2.0764363E-03
   2.8985507E-01   2.8814832E+06   1.3999564E+06   4.2814396E+06   1.8875425E-03   1.7076315E-03   1.8100887E-03
   3.0434783E-01   2.4828505E+06   1.2066055E+06   3.6894560E+06   1.6027019E-03   1.5988736E-03   1.5240471E-03
   3.1884058E-01   1.4333967E+06   6.9453456E+05   2.1278624E+06   4.1671363E-03   3.3241567E-03   3.8601407E-03
   3.3333333E-01   1.9539723E+05   9.2246205E+04   2.8761049E+05   2.9197246E-02   2.0834024E-02   2.6440357E-02
   3.4782609E-01   5.1683956E+04   2.1753357E+04   7.3437314E+04   1.3703741E-01   1.3135744E-01   1.3535258E-01
   3.6231884E-01   5.4284256E+04   2.1701579E+04   7.5985835E+04   1.5751375E-01   1.4044465E-01   1.5263317E-01
   3.7681159E-01   5.1730101E+04   1.9846872E+04   7.1576973E+04   1.6336727E-01   1.5384160E-01   1.6072471E-01
   3.9130435E-01   4.2685833E+04   1.7652458E+04   6.0338292E+04   1.7478878E-01   1.4967488E-01   1.6744116E-01
   4.0579710E-01   3.4504081E+04   1.3287454E+04   4.7791535E+04   1.6950049E-01   1.5843558E-01   1.6640719E-01
   4.2028986E-01   2.7252392E+04   1.2123787E+04   3.9376179E+04   1.7079484E-01   1.6018845E-01   1.6751022E-01
   4.3478261E-01   2.3085711E+04   8.8655192E+03   3.1951230E+04   1.6516016E-01   1.5332563E-01   1.6186556E-01
   4.4927536E-01   1.9896699E+04   7.6506962E+03   2.7547395E+04   1.7530604E-01   1.5951537E-01   1.7088132E-01
   4.6376812E-01   1.6149263E+04   6.9617058E+03   2.3110969E+04   1.6879147E-01   1.4816500E-01   1.6244254E-01
   4.7826087E-01   1.4695499E+04   5.8781997E+03   2.0573699E+04   1.7074402E-01   1.5627641E-01   1.6659846E-01
   4.9275362E-01   1.1700346E+04   4.8807157E+03   1.6581062E+04   1.6629259E-01   1.5680499E-01   1.6336178E-01
   5.0724638E-01   1.0521715E+04   4.8711644E+03   1.5392879E+04   1.6716521E-01   1.6470598E-01   1.6628681E-01
   5.2173913E-01   8.9665508E+03   4.1254553E+03   1.3092006E+04   1.6109308E-01   1.6073440E-01   1.6094998E-01
   5.3623188E-01   8.6013353E+03   3.2562198E+03   1.1857555E+04   1.4319219E-01   1.4935710E-01   1.4488513E-01
   5.5072464E-01   6.9193324E+03   2.9910659E+03   9.9103982E+03   1.6574584E-01   1.5223075E-01   1.6157679E-01
   5.6521739E-01   5.7898854E+03   2.5646472E+03   8.3545327E+03   1.6815258E-01   1.2798137E-01   1.5569034E-01
   5.7971014E-01   5.2094397E+03   1.9890588E+03   7.1984985E+03   1.6242311E-01   1.3815802E-01   1.5569717E-01
   5.9420290E-01   4.7312339E+03   1.9035824E+03   6.6348163E+03   1.6089358E-01   1.6847211E-01   1.6294830E-01
   6.0869565E-01   3.5541459E+03   1.7139282E+03   5.2680741E+03   1.6297256E-01   1.3103457E-01   1.5257393E-01
   6.2318841E-01   3.4714913E+03   9.3395452E+02   4.4054458E+03   1.6216527E-01   1.9527849E-01   1.6917851E-01
   6.3768116E-01   3.5475854E+03   1.4810308E+03   5.0286162E+03   1.6471525E-01   1.7290232E-01   1.6706572E-01
   6.5217391E-01   3.1319783E+03   1.1281857E+03   4.2601640E+03   1.9534406E-01   1.7649999E-01   1.8964749E-01
   6.6666667E-01   2.4544080E+03   1.0048247E+03   3.4592327E+03   1.7520420E-01   1.4627316E-01   1.6674639E-01
   6.8115942E-01   2.1119895E+03   7.5773668E+02   2.8697262E+03   1.7928958E-01   1.4824779E-01   1.7109043E-01
   6.9565217E-01   1.8469832E+03   7.5773668E+02   2.6047199E+03   1.6640727E-01   1.9764752E-01   1.7543912E-01
   7.1014493E-01   1.6391855E+03   5.8763253E+02   2.2268180E+03   1.8203473E-01   1.7819078E-01   1.8101580E-01
   7.2463768E-01   1.5306281E+03   5.6072515E+02   2.0913532E+03   2.1979386E-01   1.8160322E-01   2.0954642E-01
   7.3913043E-01   1.2628945E+03   5.2001537E+02   1.7829098E+03   1.8347855E-01   1.8399250E-01   1.8361397E-01
   7.5362319E-01   1.1948925E+03   4.8087136E+02   1.6757638E+03   2.1796225E-01   1.3987826E-01   1.9554171E-01
   7.6811594E-01   9.5789354E+02   3.1453221E+02   1.2724258E+03   2.2815545E-01   2.2026418E-01   2.2585455E-01
   7.8260870E-01   5.6128643E+02   3.2273970E+02   8.8402613E+02   2.3106658E-01   2.0339893E-01   2.2078338E-01
   7.9710145E-01   7.0262856E+02   2.8931764E+02   9.9194620E+02   2.0532304E-01   2.4095444E-01   2.1570740E-01
   8.1159420E-01   5.5477150E+02   1.8943417E+02   7.4420567E+02   2.5998203E-01   2.9921653E-01   2.6991595E-01
   8.2608696E-01   4.9186416E+02   2.2599164E+02   7.1785581E+02   2.3922929E-01   2.3598703E-01   2.3788009E-01
   8.4057971E-01   3.5273949E+02   9.1450979E+01   4.4419047E+02   2.9496381E-01   2.1589777E-01   2.7801036E-01
   8.5507246E-01   3.0823187E+02   1.0274396E+02   4.1097583E+02   3.2953568E-01   3.8529327E-01   3.4268035E-01
   8.6956522E-01   3.9149729E+02   1.3891839E+02   5.3041568E+02   3.0565936E-01   2.8289911E-01   2.9965234E-01
   8.8405797E-01   2.9812591E+02   1.3664104E+02   4.3476695E+02   3.1603309E-01   2.3732410E-01   2.9117466E-01
   8.9855072E-01   2.5665275E+02   3.6664678E+01   2.9331743E+02   2.9460730E-01   2.4953674E-01   2.8875296E-01
   9.1304348E-01   2.5257889E+02   1.2027566E+01   2.6460646E+02   3.7092498E-01   3.4842724E-01   3.6929034E-01
   9.2753623E-01   2.0127381E+02   7.1037814E+01   2.7231162E+02   3.5337091E-01   3.7952798E-01   3.5964191E-01
   9.4202899E-01   1.6320482E+02   1.1657487E+01   1.7486231E+02   3.3372647E-01   3.9919078E-01   3.3809046E-01
   9.5652174E-01   1.3777031E+02   4.5923435E+01   1.8369374E+02   2.9232948E-01   3.9175136E-01   3.1696098E-01
   9.7101449E-01   1.3571403E+02   2.2619005E+01   1.5833304E+02   3.7287300E-01   3.8953230E-01   3.7506334E-01
   9.8550725E-01   3.3429560E+01   3.3429560E+01   6.6859119E+01   4.2127519E-01   2.7776611E-01   3.4884989E-01
   1.0000000E+00   6.5652276E+01   2.1884092E+01   8.7536368E+01   4.0271065E-01   4.2804884E-01   4.0866435E-01
