   0.0000000E+00   4.3318291E+07   3.8984037E+07   8.2302328E+07   3.2190007E-03   1.3713602E-04   1.7100472E-03
   1.4492754E-02   4.3829005E+07   3.8786268E+07   8.2614515E+07   8.1873080E-04   9.1483484E-05   4.0734803E-04
   2.8985507E-02   4.3767250E+07   3.8874923E+07   8.2642173E+07   7.5272997E-04   4.9529210E-05   3.7834234E-04
   4.3478261E-02   4.4483437E+07   3.9299003E+07   8.3781682E+07   5.6448970E-04   3.2369389E-05   2.9806929E-04
   5.7971014E-02   4.5259612E+07   3.9607086E+07   8.4865183E+07   6.2978046E-04   3.7432599E-05   3.1905154E-04
   7.2463768E-02   4.5675003E+07   3.9364875E+07   8.5038363E+07   6.8165334E-04   2.5309748E-05   3.5434726E-04
   8.6956522E-02   4.5810739E+07   3.8111756E+07   8.3920095E+07   2.3891409E-04   1.6417539E-05   1.3680489E-04
   1.0144928E-01   4.5813409E+07   3.6379263E+07   8.2189858E+07   2.4015453E-04   5.8253404E-05   1.5846069E-04
   1.1594203E-01   4.5394205E+07   3.4193531E+07   7.9585747E+07   2.7736797E-04   5.5837039E-05   1.8130308E-04
   1.3043478E-01   4.4895478E+07   3.1864343E+07   7.6757800E+07   3.5415689E-04   7.3360883E-05   1.7785661E-04
   1.4492754E-01   4.3179095E+07   2.9153540E+07   7.2330589E+07   1.1950616E-04   9.2414060E-05   1.0563984E-04
   1.5942029E-01   3.8062216E+07   2.2970994E+07   6.1031281E+07   5.1002177E-04   1.9617245E-04   3.8442497E-04
   1.7391304E-01   2.7553137E+07   1.0675058E+07   3.8227563E+07   1.0939571E-04   7.1264618E-04   2.2837280E-04
   1.8840580E-01   2.0483196E+07   4.2416934E+06   2.4724540E+07   1.5542687E-04   1.6308675E-03   4.0406177E-04
   2.0289855E-01   1.7066774E+07   2.1414721E+06   1.9207921E+07   1.9279774E-04   2.8349584E-03   3.2896626E-04
   2.1739130E-01   1.5068049E+07   1.3916592E+06   1.6459708E+07   1.3193883E-04   3.3440798E-03   3.9506071E-04
   2.3188406E-01   1.3373863E+07   1.0974869E+06   1.4471208E+07   2.1096209E-04   3.3807553E-03   2.2614527E-04
   2.4637681E-01   1.1796088E+07   9.8840065E+05   1.2784444E+07   1.0618162E-04   3.6880555E-03   2.3489303E-04
   2.6086957E-01   1.0334602E+07   9.6144156E+05   1.1296044E+07   3.1314672E-04   2.9941604E-03   1.1272129E-04
   2.7536232E-01   8.8128764E+06   9.4314289E+05   9.7560193E+06   2.2088383E-04   2.4531093E-03   3.8010977E-04
   2.8985507E-01   7.1177617E+06   8.9810740E+05   8.0158312E+06   3.4284577E-04   1.3319455E-03   4.0548511E-04
   3.0434783E-01   4.9523505E+06   7.3323653E+05   5.6855870E+06   2.9164580E-04   1.2308703E-03   4.1253729E-04
   3.1884058E-01   2.3716814E+06   3.9643406E+05   2.7681154E+06   1.7979199E-04   6.8260463E-04   2.4924103E-04
   3.3333333E-01   4.7358543E+05   6.8986983E+04   5.4257241E+05   3.6890808E-03   4.2102133E-04   3.2735139E-03
   3.4782609E-01   6.2892145E+04   1.8943417E+03   6.4786486E+04   1.3046657E-02   2.7485757E-06   1.2665125E-02
   3.6231884E-01   5.9103461E+04   2.0913532E+03   6.1194815E+04   1.5932373E-02   4.1035496E-06   1.5387753E-02
   3.7681159E-01   5.9919485E+04   1.3988985E+03   6.1318384E+04   1.3009903E-02   2.1912366E-04   1.2710176E-02
   3.9130435E-01   5.8233467E+04   8.6999397E+02   5.9103461E+04   9.8386671E-03   2.0622428E-05   9.6937455E-03
   4.0579710E-01   5.4665289E+04   6.7655061E+02   5.5341840E+04   1.0001081E-02   4.1021126E-06   9.8788602E-03
   4.2028986E-01   5.0611585E+04   4.9644817E+02   5.1108033E+04   7.7909301E-03   1.6464565E-05   7.7154055E-03
   4.3478261E-01   4.4858012E+04   2.0206312E+02   4.5060075E+04   4.2515803E-03   2.9242586E-05   4.2323890E-03
   4.4927536E-01   3.7104654E+04   2.6887431E+02   3.7373529E+04   5.8099254E-03   4.4951159E-06   5.7681586E-03
   4.6376812E-01   2.8675598E+04   1.6575490E+02   2.8841353E+04   3.4740338E-03   2.6832960E-06   3.4540683E-03
   4.7826087E-01   2.2456560E+04   2.2961718E+01   2.2479522E+04   1.9719780E-03   1.8525312E-06   1.9699656E-03
   4.9275362E-01   1.6714780E+04   2.2286373E+01   1.6737066E+04   2.5570018E-03   1.0698908E-06   2.5535982E-03
   5.0724638E-01   1.1062956E+04   0.0000000E+00   1.1062956E+04   4.4210495E-03   0.0000000E+00   4.4210495E-03
   5.2173913E-01   7.2405950E+03   2.1048241E+01   7.2616432E+03   4.5505200E-03   6.9908399E-06   4.5373504E-03
   5.3623188E-01   4.5873788E+03   0.0000000E+00   4.5873788E+03   2.9213340E-06   0.0000000E+00   2.9213340E-06
   5.5072464E-01   2.8315423E+03   0.0000000E+00   2.8315423E+03   1.0485437E-05   0.0000000E+00   1.0485437E-05
   5.6521739E-01   2.0789186E+03   0.0000000E+00   2.0789186E+03   1.1718494E-04   0.0000000E+00   1.1718494E-04
   5.7971014E-01   1.2123787E+03   0.0000000E+00   1.2123787E+03   8.8958846E-06   0.0000000E+00   8.8958846E-06
   5.9420290E-01   8.6862498E+02   0.0000000E+00   8.6862498E+02   2.4620022E-05   0.0000000E+00   2.4620022E-05
   6.0869565E-01   7.7577803E+02   0.0000000E+00   7.7577803E+02   1.4935693E-03   0.0000000E+00   1.4935693E-03
   6.2318841E-01   4.5816637E+02   0.0000000E+00   4.5816637E+02   4.6816990E-06   0.0000000E+00   4.6816990E-06
   6.3768116E-01   3.0998319E+02   0.0000000E+00   3.0998319E+02   8.6295152E-06   0.0000000E+00   8.6295152E-06
   6.5217391E-01   3.0309467E+02   0.0000000E+00   3.0309467E+02   2.3504326E-04   0.0000000E+00   2.3504326E-04
   6.6666667E-01   1.8119790E+02   0.0000000E+00   1.8119790E+02   8.0606873E-05   0.0000000E+00   8.0606873E-05
   6.8115942E-01   1.1285440E+02   0.0000000E+00   1.1285440E+02   1.9241531E-06   0.0000000E+00   1.9241531E-06
   6.9565217E-01   1.1050327E+02   0.0000000E+00   1.1050327E+02   2.9468411E-07   0.0000000E+00   2.9468411E-07
   7.1014493E-01   6.1856056E+01   0.0000000E+00   6.1856056E+01   1.4181228E-05   0.0000000E+00   1.4181228E-05
   7.2463768E-01   4.5464201E+01   0.0000000E+00   4.5464201E+01   9.5161915E-05   0.0000000E+00   9.5161915E-05
   7.3913043E-01   4.4572746E+01   0.0000000E+00   4.4572746E+01   1.7126117E-05   0.0000000E+00   1.7126117E-05
   7.5362319E-01   1.4571859E+01   0.0000000E+00   1.4571859E+01   5.7978595E-06   0.0000000E+00   5.7978595E-06
   7.6811594E-01   4.2890756E+01   0.0000000E+00   4.2890756E+01   2.3603614E-06   0.0000000E+00   2.3603614E-06
   7.8260870E-01   2.8064322E+01   0.0000000E+00   2.8064322E+01   7.8736944E-06   0.0000000E+00   7.8736944E-06
   7.9710145E-01   1.3777031E+01   0.0000000E+00   1.3777031E+01   6.4026276E-06   0.0000000E+00   6.4026276E-06
   8.1159420E-01   1.3531012E+01   0.0000000E+00   1.3531012E+01   3.1344831E-05   0.0000000E+00   3.1344831E-05
   8.2608696E-01   3.9880878E+01   0.0000000E+00   3.9880878E+01   6.6854573E-06   0.0000000E+00   6.6854573E-06
   8.4057971E-01   0.0000000E+00   0.0000000E+00   0.0000000E+00   0.0000000E+00   0.0000000E+00   0.0000000E+00
   8.5507246E-01   1.2842995E+01   0.0000000E+00   1.2842995E+01   7.1092611E-06   0.0000000E+00   7.1092611E-06
   8.6956522E-01   0.0000000E+00   0.0000000E+00   0.0000000E+00   0.0000000E+00   0.0000000E+00   0.0000000E+00
   8.8405797E-01   1.2421913E+01   0.0000000E+00   1.2421913E+01   4.6708670E-07   0.0000000E+00   4.6708670E-07
   8.9855072E-01   1.2221559E+01   0.0000000E+00   1.2221559E+01   1.0141336E-05   0.0000000E+00   1.0141336E-05
   9.1304348E-01   1.2027566E+01   0.0000000E+00   1.2027566E+01   4.2862696E-06   0.0000000E+00   4.2862696E-06
   9.2753623E-01   0.0000000E+00   0.0000000E+00   0.0000000E+00   0.0000000E+00   0.0000000E+00   0.0000000E+00
   9.4202899E-01   1.1657487E+01   0.0000000E+00   1.1657487E+01   2.1418624E-05   0.0000000E+00   2.1418624E-05
   9.5652174E-01   0.0000000E+00   0.0000000E+00   0.0000000E+00   0.0000000E+00   0.0000000E+00   0.0000000E+00
   9.7101449E-01   0.0000000E+00   0.0000000E+00   0.0000000E+00   0.0000000E+00   0.0000000E+00   0.0000000E+00
   9.8550725E-01   1.1143187E+01   0.0000000E+00   1.1143187E+01   2.3656436E-06   0.0000000E+00   2.3656436E-06
   1.0000000E+00   0.0000000E+00   0.0000000E+00   0.0000000E+00   0.0000000E+00   0.0000000E+00   0.0000000E+00
