   0.0000000E+00   3.6599258E+10   1.8357905E+10   5.4917148E+10   1.5407292E-06   1.0084228E-06   8.3887296E-07
   1.4492754E-02   2.3115515E+07   1.1477438E+07   3.4592195E+07   1.9692831E-03   5.6784781E-03   3.1967425E-03
   2.8985507E-02   2.1879268E+07   1.0787139E+07   3.2666028E+07   5.3240006E-03   4.2988366E-03   4.9274745E-03
   4.3478261E-02   1.8853246E+07   9.3737079E+06   2.8226702E+07   3.7750758E-03   4.2651253E-03   3.9337539E-03
   5.7971014E-02   1.4180284E+07   7.0437308E+06   2.1223826E+07   1.6690734E-03   1.1099173E-03   1.4165385E-03
   7.2463768E-02   9.9680261E+06   4.9528701E+06   1.4920745E+07   1.2521128E-03   2.9950072E-03   1.7993327E-03
   8.6956522E-02   6.9514763E+06   3.4175187E+06   1.0368869E+07   3.9403353E-04   8.8313163E-04   5.4161214E-04
   1.0144928E-01   4.8608808E+06   2.4494380E+06   7.3103188E+06   1.0654484E-03   7.4695049E-04   4.8722594E-04
   1.1594203E-01   3.5628779E+06   1.7718725E+06   5.3346557E+06   2.0495661E-03   1.8646022E-03   1.6474766E-03
   1.3043478E-01   2.6156228E+06   1.2980029E+06   3.9136258E+06   1.3499198E-03   9.4026768E-04   1.1470919E-03
   1.4492754E-01   1.9867856E+06   9.7717723E+05   2.9639628E+06   3.6210645E-03   3.8509991E-03   3.6646971E-03
   1.5942029E-01   1.4930857E+06   7.4003320E+05   2.2331189E+06   6.6473462E-03   5.6921378E-03   6.2915677E-03
   1.7391304E-01   1.1325638E+06   5.5472640E+05   1.6872270E+06   5.7435834E-03   5.0200587E-03   5.5060467E-03
   1.8840580E-01   8.6148832E+05   4.2748006E+05   1.2889684E+06   5.2844883E-03   9.0782093E-03   6.5379274E-03
   2.0289855E-01   6.8585995E+05   3.3524436E+05   1.0211043E+06   6.9724253E-03   9.4074954E-03   7.6315818E-03
   2.1739130E-01   5.5905813E+05   2.7915019E+05   8.3820832E+05   6.9804621E-03   3.3284661E-03   5.1238958E-03
   2.3188406E-01   4.6288240E+05   2.3281460E+05   6.9569699E+05   8.1087458E-03   4.6455541E-03   6.6450366E-03
   2.4637681E-01   3.7445564E+05   1.8537805E+05   5.5983369E+05   6.2412100E-03   8.7387166E-03   6.9867453E-03
   2.6086957E-01   3.0856722E+05   1.5175782E+05   4.6032504E+05   6.4997734E-03   4.3688921E-03   5.7972734E-03
   2.7536232E-01   2.3872694E+05   1.1685097E+05   3.5557791E+05   4.5662740E-03   5.7258694E-03   4.8625262E-03
   2.8985507E-01   1.6980879E+05   8.5131716E+04   2.5490262E+05   3.8605063E-03   5.5713961E-03   3.9565785E-03
   3.0434783E-01   1.0272744E+05   5.0407531E+04   1.5313498E+05   6.4755477E-03   4.0039461E-03   5.4505512E-03
   3.1884058E-01   4.9183999E+04   2.3214297E+04   7.2398296E+04   1.2777948E-02   6.2088176E-03   9.2524647E-03
   3.3333333E-01   1.2881524E+04   5.6336075E+03   1.8515131E+04   1.2622004E-02   2.2821879E-02   1.5503293E-02
   3.4782609E-01   2.4310719E+03   1.5470457E+03   3.9781176E+03   8.4195147E-02   5.3643169E-02   7.1952210E-02
   3.6231884E-01   2.7581615E+03   1.3336166E+03   4.0917781E+03   7.4728802E-02   9.0764513E-02   7.9374092E-02
   3.7681159E-01   2.0983477E+03   1.1074613E+03   3.2058090E+03   9.9781910E-02   8.1202742E-02   9.3317118E-02
   3.9130435E-01   2.2170814E+03   1.0383799E+03   3.2554613E+03   9.5323002E-02   1.0126038E-01   9.7100321E-02
   4.0579710E-01   2.3543961E+03   1.0012949E+03   3.3556910E+03   1.1376453E-01   9.9821277E-02   1.0939160E-01
   4.2028986E-01   2.2993389E+03   1.3064426E+03   3.6057815E+03   1.0242354E-01   1.4205968E-01   1.1678306E-01
   4.3478261E-01   2.1469206E+03   9.0928402E+02   3.0562046E+03   8.8682613E-02   1.1510789E-01   9.6326302E-02
   4.4927536E-01   2.7376293E+03   1.0021679E+03   3.7397972E+03   1.3251906E-01   1.1719719E-01   1.2787807E-01
   4.6376812E-01   2.0600966E+03   1.1602843E+03   3.2203809E+03   1.2375221E-01   1.6889749E-01   1.3992944E-01
   4.7826087E-01   1.9747077E+03   1.1940093E+03   3.1687170E+03   1.4190467E-01   1.1818000E-01   1.3296475E-01
   4.9275362E-01   2.1840646E+03   8.4688218E+02   3.0309467E+03   1.2523370E-01   1.2391033E-01   1.2479651E-01
   5.0724638E-01   2.0350642E+03   9.0928402E+02   2.9443483E+03   1.4442500E-01   9.4078567E-02   1.2885916E-01
   5.2173913E-01   2.2942583E+03   9.8926734E+02   3.2835256E+03   1.3075169E-01   1.6380092E-01   1.4069977E-01
   5.3623188E-01   1.8841020E+03   8.6013353E+02   2.7442356E+03   1.3974034E-01   1.3114582E-01   1.3704654E-01
   5.5072464E-01   2.0339248E+03   9.5714107E+02   2.9910659E+03   1.9680392E-01   9.6564820E-02   1.6472594E-01
   5.6521739E-01   2.0594894E+03   7.3830754E+02   2.7977970E+03   1.0752080E-01   1.1270085E-01   1.0887519E-01
   5.7971014E-01   1.6670207E+03   7.5773668E+02   2.4247574E+03   1.3654838E-01   1.2255668E-01   1.3214615E-01
   5.9420290E-01   1.5524361E+03   8.6862498E+02   2.4210611E+03   1.6819429E-01   1.4168041E-01   1.5868068E-01
   6.0869565E-01   1.4433080E+03   7.7577803E+02   2.2190860E+03   1.6042732E-01   1.8673347E-01   1.6960377E-01
   6.2318841E-01   1.3921209E+03   5.9914063E+02   1.9912615E+03   1.5814029E-01   1.2596832E-01   1.4846023E-01
   6.3768116E-01   1.1021624E+03   5.3385994E+02   1.6360224E+03   1.2098674E-01   1.2317265E-01   1.2170004E-01
   6.5217391E-01   1.5659891E+03   6.0618935E+02   2.1721785E+03   1.2837551E-01   1.5948354E-01   1.3705682E-01
   6.6666667E-01   1.6307811E+03   7.2479161E+02   2.3555727E+03   1.5044814E-01   1.0808672E-01   1.3741166E-01
   6.8115942E-01   1.1930322E+03   6.6100434E+02   1.8540366E+03   1.3627144E-01   1.2486799E-01   1.3220586E-01
   6.9565217E-01   8.3666759E+02   3.1572362E+02   1.1523912E+03   1.3522102E-01   1.7200603E-01   1.4529910E-01
   7.1014493E-01   1.0206249E+03   3.5567232E+02   1.3762972E+03   6.8758937E-02   1.2789465E-01   8.4041200E-02
   7.2463768E-01   1.0002124E+03   2.8793994E+02   1.2881524E+03   1.0936983E-01   1.4106416E-01   1.1645444E-01
   7.3913043E-01   8.1716701E+02   4.7544263E+02   1.2926096E+03   1.1888963E-01   1.4813610E-01   1.2964695E-01
   7.5362319E-01   6.7030553E+02   1.7486231E+02   8.4516784E+02   1.5319007E-01   1.4769670E-01   1.5204793E-01
   7.6811594E-01   6.1476750E+02   2.5734453E+02   8.7211203E+02   1.4901017E-01   1.0832532E-01   1.3700480E-01
   7.8260870E-01   4.4902915E+02   2.3854673E+02   6.8757588E+02   1.0393083E-01   1.8744270E-01   1.3290232E-01
   7.9710145E-01   4.6841904E+02   2.7554061E+02   7.4395965E+02   1.4136366E-01   1.1041029E-01   1.2989945E-01
   8.1159420E-01   2.4355822E+02   2.1649620E+02   4.6005442E+02   1.8380222E-01   9.4246660E-02   1.4165843E-01
   8.2608696E-01   2.9245977E+02   2.1269802E+02   5.0515779E+02   1.4162601E-01   2.1625364E-01   1.7304817E-01
   8.4057971E-01   3.1354621E+02   1.4370868E+02   4.5725490E+02   2.8249165E-01   2.3893324E-01   2.6880186E-01
   8.5507246E-01   2.5685989E+02   1.0274396E+02   3.5960385E+02   1.3765921E-01   1.6137846E-01   1.4443614E-01
   8.6956522E-01   1.7680523E+02   1.0103156E+02   2.7783678E+02   1.7948040E-01   3.3571864E-01   2.3629431E-01
   8.8405797E-01   2.1117252E+02   9.9375303E+01   3.1054782E+02   3.0990866E-01   1.9668217E-01   2.7367619E-01
   8.9855072E-01   9.7772475E+01   6.1107797E+01   1.5888027E+02   1.9904779E-01   2.3584075E-01   2.1319893E-01
   9.1304348E-01   1.5635836E+02   3.6082699E+01   1.9244106E+02   2.1047849E-01   9.6118671E-05   1.7099576E-01
   9.2753623E-01   1.0655672E+02   7.1037814E+01   1.7759454E+02   3.0904795E-01   2.7507166E-01   2.9545743E-01
   9.4202899E-01   8.1602412E+01   2.3314975E+01   1.0491739E+02   2.8070063E-01   4.1695991E-01   3.1098047E-01
   9.5652174E-01   3.4442577E+01   4.5923435E+01   8.0366012E+01   2.7333360E-01   3.9783250E-01   3.4447583E-01
   9.7101449E-01   3.3928508E+01   5.6547514E+01   9.0476022E+01   4.1842171E-01   2.4651848E-01   3.1098219E-01
   9.8550725E-01   1.1143187E+01   0.0000000E+00   1.1143187E+01   4.1473790E-01   0.0000000E+00   4.1473790E-01
   1.0000000E+00   0.0000000E+00   0.0000000E+00   0.0000000E+00   0.0000000E+00   0.0000000E+00   0.0000000E+00
