   0.0000000E+00   3.3693234E+10   1.6963930E+10   5.0629777E+10   3.5717278E-06   9.6664603E-06   5.1762581E-06
   1.4492754E-02   4.4757233E+07   2.2591161E+07   6.7348394E+07   6.1350417E-03   4.7267167E-03   5.5649754E-03
   2.8985507E-02   4.0997343E+07   2.0394104E+07   6.1391068E+07   1.1627856E-02   1.1537432E-02   1.1595237E-02
   4.3478261E-02   3.2409408E+07   1.6094075E+07   4.8501462E+07   6.9323730E-03   6.7146524E-03   6.8179486E-03
   5.7971014E-02   2.1909198E+07   1.0700379E+07   3.2609388E+07   2.2250899E-03   1.0190949E-03   1.8181766E-03
   7.2463768E-02   1.4060562E+07   6.8863110E+06   2.0945812E+07   1.5230461E-03   8.6743417E-04   1.1823113E-03
   8.6956522E-02   9.3326639E+06   4.5159843E+06   1.3848522E+07   1.0956757E-03   5.4251122E-04   8.7145758E-04
   1.0144928E-01   6.5408913E+06   3.1975406E+06   9.7383236E+06   1.8004823E-03   2.4446873E-03   1.7832785E-03
   1.1594203E-01   4.9555979E+06   2.4229578E+06   7.3784610E+06   1.3991084E-03   2.2356861E-03   1.6540922E-03
   1.3043478E-01   3.9665832E+06   1.9275979E+06   5.8941811E+06   1.9952589E-03   2.7866356E-03   2.1557035E-03
   1.4492754E-01   3.2677395E+06   1.6100389E+06   4.8777784E+06   1.3358470E-03   3.0992212E-03   1.8050283E-03
   1.5942029E-01   2.7346028E+06   1.3394029E+06   4.0740057E+06   2.2378997E-03   3.5639652E-03   2.6406935E-03
   1.7391304E-01   2.2696108E+06   1.1087582E+06   3.3783690E+06   4.1964734E-03   3.1647524E-03   3.8419702E-03
   1.8840580E-01   1.9423123E+06   9.3679569E+05   2.8791080E+06   2.8032590E-03   4.0983253E-03   3.2180535E-03
   2.0289855E-01   1.7012271E+06   8.2988404E+05   2.5311111E+06   3.8911265E-03   3.5819296E-03   3.6829356E-03
   2.1739130E-01   1.5306281E+06   7.4035926E+05   2.2709874E+06   1.8485048E-03   5.6539124E-03   3.0830788E-03
   2.3188406E-01   1.3737766E+06   6.5733657E+05   2.0311132E+06   2.6335431E-03   3.6047431E-03   2.7858247E-03
   2.4637681E-01   1.2293163E+06   5.9107919E+05   1.8203955E+06   1.0448153E-03   2.7020509E-03   1.4865724E-03
   2.6086957E-01   1.0767017E+06   5.1606078E+05   1.5927625E+06   3.2416194E-03   3.0819240E-03   2.8012294E-03
   2.7536232E-01   8.9185608E+05   4.2752301E+05   1.3193791E+06   2.6462401E-03   1.8118409E-03   1.6925241E-03
   2.8985507E-01   6.7771969E+05   3.2556157E+05   1.0032813E+06   7.0235056E-04   2.4366359E-03   1.2637113E-03
   3.0434783E-01   4.4897703E+05   2.1057863E+05   6.5955566E+05   2.5918711E-03   4.2744436E-03   3.0241910E-03
   3.1884058E-01   2.0789539E+05   9.9573489E+04   3.0746888E+05   3.6507202E-03   4.8901761E-03   3.7415090E-03
   3.3333333E-01   5.0867193E+04   2.3687508E+04   7.4554701E+04   1.9689642E-02   1.3263959E-02   1.7648038E-02
   3.4782609E-01   1.0608314E+04   4.2622688E+03   1.4870582E+04   5.8028372E-02   6.3863901E-02   5.9662619E-02
   3.6231884E-01   1.0032434E+04   4.9707526E+03   1.5003186E+04   7.3614214E-02   6.0425986E-02   6.9048698E-02
   3.7681159E-01   1.0112870E+04   5.2750131E+03   1.5387883E+04   8.0585422E-02   8.9426473E-02   8.3581604E-02
   3.9130435E-01   1.0692507E+04   5.1077065E+03   1.5800213E+04   9.4372427E-02   7.8533313E-02   8.9122097E-02
   4.0579710E-01   1.1609608E+04   4.6005442E+03   1.6210153E+04   8.9291534E-02   9.7735539E-02   9.1687996E-02
   4.2028986E-01   1.1731854E+04   5.2780279E+03   1.7009882E+04   9.2529623E-02   1.0204942E-01   9.5449506E-02
   4.3478261E-01   1.0305219E+04   4.8495148E+03   1.5154734E+04   9.1530841E-02   7.8144840E-02   8.7237056E-02
   4.4927536E-01   1.0095008E+04   5.1086118E+03   1.5203620E+04   9.8336442E-02   9.5800963E-02   9.7471089E-02
   4.6376812E-01   9.2822744E+03   4.2622688E+03   1.3544543E+04   1.1994425E-01   1.2249921E-01   1.2074785E-01
   4.7826087E-01   8.4958355E+03   3.5590662E+03   1.2054902E+04   1.3074386E-01   1.1422162E-01   1.2586569E-01
   4.9275362E-01   7.7110851E+03   3.1646650E+03   1.0875750E+04   1.1485841E-01   1.1232845E-01   1.1412111E-01
   5.0724638E-01   6.7979805E+03   3.1391948E+03   9.9371754E+03   1.4927867E-01   1.1369297E-01   1.3803633E-01
   5.2173913E-01   4.8410955E+03   2.5047407E+03   7.3458362E+03   1.4619445E-01   1.6306511E-01   1.5194669E-01
   5.3623188E-01   4.1573121E+03   2.0479370E+03   6.2052491E+03   1.6230478E-01   1.6950199E-01   1.6467821E-01
   5.5072464E-01   3.9880878E+03   1.4157712E+03   5.4038590E+03   1.8408590E-01   1.6387793E-01   1.7879156E-01
   5.6521739E-01   2.8755136E+03   1.3794693E+03   4.2549829E+03   1.9343587E-01   1.6526963E-01   1.8430435E-01
   5.7971014E-01   2.5573613E+03   9.0928402E+02   3.4666453E+03   2.1409521E-01   2.0330585E-01   2.1126521E-01
   5.9420290E-01   2.3471356E+03   9.2406913E+02   3.2712047E+03   2.1851538E-01   2.7807234E-01   2.3533937E-01
   6.0869565E-01   1.3350599E+03   6.3144724E+02   1.9665071E+03   2.3135080E-01   2.5087852E-01   2.3762117E-01
   6.2318841E-01   1.1630377E+03   5.8151885E+02   1.7445566E+03   2.6507781E-01   3.3426329E-01   2.8813963E-01
   6.3768116E-01   8.2662184E+02   4.6497478E+02   1.2915966E+03   3.0541616E-01   2.8803519E-01   2.9915893E-01
   6.5217391E-01   8.5876824E+02   4.8831920E+02   1.3470874E+03   2.9524015E-01   2.6720945E-01   2.8507873E-01
   6.6666667E-01   6.5890146E+02   4.2828595E+02   1.0871874E+03   3.4341543E-01   3.2110394E-01   3.3462606E-01
   6.8115942E-01   6.2876023E+02   2.9019703E+02   9.1895726E+02   3.1134757E-01   2.5244187E-01   2.9274577E-01
   6.9565217E-01   6.1566106E+02   3.6308216E+02   9.7874322E+02   3.2229633E-01   3.4037527E-01   3.2900303E-01
   7.1014493E-01   6.9588063E+02   2.0103218E+02   8.9691281E+02   3.3267528E-01   3.3813789E-01   3.3389966E-01
   7.2463768E-01   3.7886834E+02   1.8185680E+02   5.6072515E+02   3.7146618E-01   3.0337569E-01   3.4938278E-01
   7.3913043E-01   4.6058504E+02   2.2286373E+02   6.8344877E+02   3.3268407E-01   3.4664483E-01   3.3723649E-01
   7.5362319E-01   4.2258392E+02   1.4571859E+02   5.6830251E+02   3.3402561E-01   3.5296921E-01   3.3888294E-01
   7.6811594E-01   4.1461064E+02   1.5726610E+02   5.7187674E+02   3.6526901E-01   3.4796528E-01   3.6051048E-01
   7.8260870E-01   2.5257889E+02   9.8225126E+01   3.5080402E+02   3.2675307E-01   3.2658405E-01   3.2670574E-01
   7.9710145E-01   2.3420952E+02   1.1021624E+02   3.4442577E+02   3.5683407E-01   3.5748622E-01   3.5704275E-01
   8.1159420E-01   2.3002721E+02   1.0824810E+02   3.3827531E+02   3.8548000E-01   3.5221780E-01   3.7483610E-01
   8.2608696E-01   1.5952351E+02   9.3055382E+01   2.5257889E+02   3.9273807E-01   3.6727560E-01   3.8335716E-01
   8.4057971E-01   1.8290196E+02   2.6128851E+01   2.0903081E+02   3.5827002E-01   4.0687781E-01   3.6434599E-01
   8.5507246E-01   2.3117390E+02   6.4214973E+01   2.9538888E+02   3.8013383E-01   3.7846715E-01   3.7977151E-01
   8.6956522E-01   1.1366050E+02   3.7886834E+01   1.5154734E+02   3.8141068E-01   2.3627194E-01   3.4512599E-01
   8.8405797E-01   1.3664104E+02   7.4531477E+01   2.1117252E+02   3.7698091E-01   3.9058164E-01   3.8178117E-01
   8.9855072E-01   1.2221559E+02   4.8886238E+01   1.7110183E+02   3.9631910E-01   2.6307583E-01   3.5824959E-01
   9.1304348E-01   1.4433080E+02   3.6082699E+01   1.8041350E+02   3.9063622E-01   3.9310990E-01   3.9113095E-01
   9.2753623E-01   9.4717086E+01   2.3679271E+01   1.1839636E+02   4.0441906E-01   1.8396216E-01   3.6032768E-01
   9.4202899E-01   4.6629950E+01   5.8287437E+01   1.0491739E+02   3.9537040E-01   3.9920445E-01   3.9750043E-01
   9.5652174E-01   2.2961718E+01   4.5923435E+01   6.8885153E+01   4.1648233E-01   3.1638086E-01   3.4974802E-01
   9.7101449E-01   3.3928508E+01   3.3928508E+01   6.7857016E+01   4.1983422E-01   2.7493594E-01   3.4738508E-01
   9.8550725E-01   2.2286373E+01   2.2286373E+01   4.4572746E+01   4.2828569E-01   4.2325429E-01   4.2576999E-01
   1.0000000E+00   0.0000000E+00   6.5652276E+01   6.5652276E+01   0.0000000E+00   2.8494362E-01   2.8494362E-01
