   0.0000000E+00   3.6093235E+10   1.8117126E+10   5.4120676E+10   6.4426322E-07   5.7038629E-06   2.1261617E-06
   1.4492754E-02   2.9059202E+07   1.4597797E+07   4.3656999E+07   4.5977573E-03   4.1811237E-03   4.4529250E-03
   2.8985507E-02   2.6708324E+07   1.3358898E+07   4.0067222E+07   9.8699049E-03   9.2776064E-03   9.6715183E-03
   4.3478261E-02   2.1598274E+07   1.0805325E+07   3.2402336E+07   6.1047170E-03   5.0309452E-03   5.7410538E-03
   5.7971014E-02   1.4883275E+07   7.4618120E+06   2.2344518E+07   2.2444638E-03   2.3814126E-03   2.2801899E-03
   7.2463768E-02   9.7796527E+06   4.8924027E+06   1.4671146E+07   1.1326793E-03   1.8396664E-03   1.3682489E-03
   8.6956522E-02   6.4872363E+06   3.2446285E+06   9.7318648E+06   3.4348835E-04   1.3332981E-03   6.7260561E-04
   1.0144928E-01   4.5394922E+06   2.2624935E+06   6.8019857E+06   1.5043648E-03   8.5206445E-04   1.2873312E-03
   1.1594203E-01   3.3030689E+06   1.6477931E+06   4.9507673E+06   1.1292172E-03   2.1584612E-03   9.6972467E-04
   1.3043478E-01   2.5462478E+06   1.2761970E+06   3.8224448E+06   2.0346680E-03   2.3942987E-03   2.1437299E-03
   1.4492754E-01   2.0565731E+06   1.0195347E+06   3.0760321E+06   1.0795690E-03   3.1217816E-03   1.7126320E-03
   1.5942029E-01   1.6422909E+06   8.0264980E+05   2.4449407E+06   2.2136397E-03   5.2590912E-03   3.1948608E-03
   1.7391304E-01   1.3323537E+06   6.5923092E+05   1.9915846E+06   4.0628664E-03   6.6224967E-03   4.9085195E-03
   1.8840580E-01   1.0974359E+06   5.4195659E+05   1.6393925E+06   2.9086832E-03   5.3959224E-03   3.7021175E-03
   2.0289855E-01   9.3851101E+05   4.6687405E+05   1.4053851E+06   4.7570752E-03   7.7131173E-03   5.6705911E-03
   2.1739130E-01   8.3613717E+05   4.0609635E+05   1.2422335E+06   5.0552247E-03   6.3256952E-03   5.3960245E-03
   2.3188406E-01   7.3078967E+05   3.5793587E+05   1.0887255E+06   4.8558241E-03   2.6614194E-03   4.0762560E-03
   2.4637681E-01   6.3257641E+05   3.0407527E+05   9.3665169E+05   4.5673572E-03   4.9758803E-03   4.3891117E-03
   2.6086957E-01   5.3348872E+05   2.6348188E+05   7.9697061E+05   3.3612454E-03   4.4062067E-03   3.6028616E-03
   2.7536232E-01   4.3346526E+05   2.0750021E+05   6.4092559E+05   2.8065029E-03   5.3527008E-03   3.1701158E-03
   2.8985507E-01   3.2120458E+05   1.5579066E+05   4.7699524E+05   1.9900835E-03   9.9751334E-04   1.5348616E-03
   3.0434783E-01   2.0953223E+05   1.0016557E+05   3.0969781E+05   4.5880862E-03   1.1109430E-03   3.4616568E-03
   3.1884058E-01   9.6232559E+04   4.5980840E+04   1.4221340E+05   5.8975855E-03   6.3501986E-03   5.8458054E-03
   3.3333333E-01   2.3061551E+04   1.1267215E+04   3.4328766E+04   1.8525545E-02   2.3804628E-02   2.0256877E-02
   3.4782609E-01   5.5567357E+03   2.6836508E+03   8.2403864E+03   4.9771261E-02   7.4537797E-02   5.7736603E-02
   3.6231884E-01   5.5466325E+03   2.2732101E+03   7.8198426E+03   7.7409091E-02   9.0740511E-02   8.1254713E-02
   3.7681159E-01   4.7504261E+03   2.9143719E+03   7.6647980E+03   7.9927167E-02   7.8626507E-02   7.9349474E-02
   3.9130435E-01   5.3322211E+03   2.4977246E+03   7.8299457E+03   9.1237425E-02   4.9056110E-02   7.7769276E-02
   4.0579710E-01   5.3041568E+03   2.9497607E+03   8.2539175E+03   9.2468097E-02   9.3230614E-02   9.2740545E-02
   4.2028986E-01   5.5131876E+03   2.4561120E+03   7.9692996E+03   1.0840477E-01   1.0546750E-01   1.0748264E-01
   4.3478261E-01   4.6979674E+03   2.9551731E+03   7.6531405E+03   1.0801303E-01   1.2766785E-01   1.1560172E-01
   4.4927536E-01   5.5241449E+03   2.4198688E+03   7.9440136E+03   1.2080642E-01   1.0554989E-01   1.1613523E-01
   4.6376812E-01   5.4699117E+03   2.2258515E+03   7.6957632E+03   1.3096752E-01   1.0750980E-01   1.2417873E-01
   4.7826087E-01   4.6612287E+03   2.1584015E+03   6.8196302E+03   8.9195065E-02   1.5269638E-01   1.0927858E-01
   4.9275362E-01   4.9030021E+03   2.2732101E+03   7.1762121E+03   1.4142878E-01   1.0879993E-01   1.3109293E-01
   5.0724638E-01   4.3515735E+03   2.2732101E+03   6.6247836E+03   1.0993635E-01   1.2519370E-01   1.1517172E-01
   5.2173913E-01   3.6413457E+03   1.8732935E+03   5.5146392E+03   1.2939298E-01   1.3660524E-01   1.3184295E-01
   5.3623188E-01   3.2357404E+03   1.6383496E+03   4.8740900E+03   1.4657104E-01   1.5723790E-01   1.5015106E-01
   5.5072464E-01   2.9711254E+03   1.6949373E+03   4.6660627E+03   1.6162080E-01   1.0898876E-01   1.4250180E-01
   5.6521739E-01   2.5646472E+03   1.2823236E+03   3.8469709E+03   1.5616272E-01   9.2360546E-02   1.3489533E-01
   5.7971014E-01   2.2542666E+03   1.0229445E+03   3.2772112E+03   1.2837844E-01   1.3754228E-01   1.3123883E-01
   5.9420290E-01   1.9590265E+03   6.4684839E+02   2.6058749E+03   1.5992105E-01   1.7270204E-01   1.6309004E-01
   6.0869565E-01   1.4433080E+03   7.9381938E+02   2.2371274E+03   1.4345426E-01   1.7825864E-01   1.5580420E-01
   6.2318841E-01   1.4802298E+03   5.9914063E+02   2.0793704E+03   1.5702124E-01   1.5552109E-01   1.5658899E-01
   6.3768116E-01   1.0849412E+03   6.7163024E+02   1.7565714E+03   2.0748551E-01   1.2495875E-01   1.7593116E-01
   6.5217391E-01   8.0825246E+02   4.2096482E+02   1.2292173E+03   2.3654825E-01   1.9936025E-01   2.2381263E-01
   6.6666667E-01   6.4242893E+02   1.9767044E+02   8.4009937E+02   2.2544173E-01   2.2303455E-01   2.2487533E-01
   6.8115942E-01   7.5773668E+02   3.8692937E+02   1.1446661E+03   2.6913650E-01   2.7067797E-01   2.6965756E-01
   6.9565217E-01   4.2622688E+02   3.4729598E+02   7.7352286E+02   2.5512740E-01   2.8252797E-01   2.6742673E-01
   7.1014493E-01   6.0309654E+02   2.3196021E+02   8.3505675E+02   3.0527987E-01   2.9826884E-01   3.0333236E-01
   7.2463768E-01   5.4557041E+02   2.5763047E+02   8.0320089E+02   3.0382759E-01   2.8734136E-01   2.9853955E-01
   7.3913043E-01   2.8229406E+02   1.6343340E+02   4.4572746E+02   3.7819239E-01   3.6211389E-01   3.7229694E-01
   7.5362319E-01   2.3314975E+02   1.6029045E+02   3.9344020E+02   3.5989876E-01   2.7235525E-01   3.2423289E-01
   7.6811594E-01   2.8593837E+02   1.0007843E+02   3.8601680E+02   3.2476427E-01   3.6225058E-01   3.3448294E-01
   7.8260870E-01   2.5257889E+02   5.6128643E+01   3.0870754E+02   2.9570628E-01   4.0684517E-01   3.1591335E-01
   7.9710145E-01   1.7910140E+02   1.1021624E+02   2.8931764E+02   3.5606684E-01   3.3679524E-01   3.4872528E-01
   8.1159420E-01   1.0824810E+02   8.1186073E+01   1.8943417E+02   2.9000562E-01   3.0688274E-01   2.9723867E-01
   8.2608696E-01   7.9761756E+01   3.9880878E+01   1.1964263E+02   3.7154379E-01   4.0890529E-01   3.8399762E-01
   8.4057971E-01   2.0903081E+02   5.2257702E+01   2.6128851E+02   3.8344018E-01   3.7965265E-01   3.8268267E-01
   8.5507246E-01   1.0274396E+02   1.2842995E+01   1.1558695E+02   3.2574834E-01   4.0641542E-01   3.3471135E-01
   8.6956522E-01   1.0103156E+02   1.2628945E+01   1.1366050E+02   3.4697670E-01   3.0457030E-01   3.4226488E-01
   8.8405797E-01   1.1179722E+02   4.9687651E+01   1.6148487E+02   3.7639808E-01   4.0657459E-01   3.8568316E-01
   8.9855072E-01   2.4443119E+01   7.3329357E+01   9.7772475E+01   3.7441507E-01   4.0220797E-01   3.9525975E-01
   9.1304348E-01   8.4192965E+01   2.4055133E+01   1.0824810E+02   4.0651656E-01   4.2413206E-01   4.1043112E-01
   9.2753623E-01   7.1037814E+01   2.3679271E+01   9.4717086E+01   4.0953498E-01   4.0991055E-01   4.0962887E-01
   9.4202899E-01   3.4972462E+01   1.1657487E+01   4.6629950E+01   4.1250900E-01   4.1832619E-01   4.1396330E-01
   9.5652174E-01   2.2961718E+01   1.1480859E+01   3.4442577E+01   3.8402432E-01   3.9524682E-01   3.8776516E-01
   9.7101449E-01   7.9166519E+01   2.2619005E+01   1.0178552E+02   4.1913197E-01   4.1043190E-01   4.1719862E-01
   9.8550725E-01   2.2286373E+01   2.2286373E+01   4.4572746E+01   4.2451651E-01   4.2663983E-01   4.2557817E-01
   1.0000000E+00   2.1884092E+01   0.0000000E+00   2.1884092E+01   4.2848215E-01   0.0000000E+00   4.2848215E-01
