   0.0000000E+00   3.3648182E+10   1.6961917E+10   5.0598546E+10   5.9012741E-06   4.9552283E-06   5.5161968E-06
   1.4492754E-02   4.4846646E+07   2.2116818E+07   6.6963464E+07   2.2480026E-03   1.6442901E-03   2.0344653E-03
   2.8985507E-02   4.2052492E+07   2.0630518E+07   6.2683009E+07   4.2344243E-03   3.9294431E-03   4.1309747E-03
   4.3478261E-02   3.5107709E+07   1.7256948E+07   5.2364404E+07   2.3840844E-03   2.6632758E-03   2.4641061E-03
   5.7971014E-02   2.5393651E+07   1.2509854E+07   3.7903504E+07   7.5779130E-04   6.4500815E-04   7.1936734E-04
   7.2463768E-02   1.7427641E+07   8.6000083E+06   2.6027649E+07   1.1866227E-03   1.1905739E-03   1.0645748E-03
   8.6956522E-02   1.1967314E+07   5.8194177E+06   1.7786732E+07   4.1846793E-04   1.6355349E-03   7.8633606E-04
   1.0144928E-01   8.4248412E+06   4.0846337E+06   1.2509367E+07   2.9685272E-03   1.3005010E-03   2.4172020E-03
   1.1594203E-01   6.0218281E+06   2.9269474E+06   8.9487755E+06   2.7754405E-03   1.2654111E-03   2.2811954E-03
   1.3043478E-01   4.5544184E+06   2.1633382E+06   6.7177567E+06   4.2563182E-03   4.2222063E-03   4.2441017E-03
   1.4492754E-01   3.4686154E+06   1.6545180E+06   5.1231335E+06   8.2321772E-03   7.0505428E-03   7.8482395E-03
   1.5942029E-01   2.6621356E+06   1.2561208E+06   3.9182564E+06   9.1306705E-03   9.4119699E-03   9.2159086E-03
   1.7391304E-01   2.0256196E+06   9.5140155E+05   2.9770211E+06   1.2363185E-02   1.0081586E-02   1.1629753E-02
   1.8840580E-01   1.5432182E+06   7.3698636E+05   2.2802045E+06   1.3197400E-02   1.2214899E-02   1.2873135E-02
   2.0289855E-01   1.2227705E+06   5.8740830E+05   1.8101788E+06   1.1589441E-02   1.3931776E-02   1.2343757E-02
   2.1739130E-01   9.9354434E+05   4.6550290E+05   1.4590472E+06   1.1860602E-02   8.2250151E-03   1.0699591E-02
   2.3188406E-01   8.2522261E+05   3.8412514E+05   1.2093477E+06   1.1828026E-02   1.3097164E-02   1.2170670E-02
   2.4637681E-01   6.7090897E+05   3.1227666E+05   9.8318563E+05   1.2336500E-02   1.0310197E-02   1.1665508E-02
   2.6086957E-01   5.4506525E+05   2.5034778E+05   7.9541304E+05   1.3756072E-02   1.4633714E-02   1.4029939E-02
   2.7536232E-01   4.1328554E+05   1.9346214E+05   6.0674768E+05   1.3454421E-02   8.5750753E-03   1.1864239E-02
   2.8985507E-01   2.9483534E+05   1.3427094E+05   4.2910628E+05   9.6768007E-03   1.4269160E-02   1.0633191E-02
   3.0434783E-01   1.8102690E+05   8.5515997E+04   2.6654290E+05   8.9868937E-03   9.8262757E-03   9.2161927E-03
   3.1884058E-01   8.5073164E+04   3.8024605E+04   1.2309777E+05   1.2608612E-02   1.6338156E-02   1.3569818E-02
   3.3333333E-01   1.9865879E+04   9.9494121E+03   2.9815291E+04   3.0526301E-02   1.3764576E-02   2.4931813E-02
   3.4782609E-01   4.8937161E+03   2.2416377E+03   7.1353538E+03   8.6357407E-02   6.1823884E-02   7.8320449E-02
   3.6231884E-01   5.0616810E+03   2.1822817E+03   7.2439627E+03   8.9797077E-02   8.8529195E-02   8.9384943E-02
   3.7681159E-01   4.7212824E+03   2.3314975E+03   7.0527799E+03   1.1428703E-01   7.6148602E-02   1.0146179E-01
   3.9130435E-01   4.8551276E+03   1.7961166E+03   6.6512442E+03   1.3115688E-01   7.1339537E-02   1.1492179E-01
   4.0579710E-01   4.5734821E+03   2.1108379E+03   6.6843200E+03   1.2766488E-01   1.0125868E-01   1.1932524E-01
   4.2028986E-01   4.1544873E+03   1.9596638E+03   6.1141512E+03   1.4709665E-01   1.1239217E-01   1.3596800E-01
   4.3478261E-01   4.4201307E+03   2.7025942E+03   7.1227248E+03   1.4609603E-01   1.3187883E-01   1.4070150E-01
   4.4927536E-01   4.3997614E+03   1.9798926E+03   6.3796540E+03   1.4210736E-01   1.2843212E-01   1.3785191E-01
   4.6376812E-01   4.3096274E+03   1.6338697E+03   5.9434971E+03   1.3515187E-01   1.8829233E-01   1.4967441E-01
   4.7826087E-01   3.9953389E+03   1.9976694E+03   5.9930083E+03   1.6659602E-01   1.4861370E-01   1.6057430E-01
   4.9275362E-01   4.3235564E+03   2.0503463E+03   6.3739027E+03   1.6142195E-01   1.3847309E-01   1.5402037E-01
   5.0724638E-01   4.3515735E+03   2.0134146E+03   6.3649881E+03   1.8019320E-01   1.7842877E-01   1.7962039E-01
   5.2173913E-01   3.8518281E+03   2.0627276E+03   5.9145558E+03   1.9929692E-01   1.4885225E-01   1.8170408E-01
   5.3623188E-01   3.3790960E+03   1.7202671E+03   5.0993631E+03   2.1261599E-01   1.7391787E-01   1.9956088E-01
   5.5072464E-01   3.7886834E+03   1.4157712E+03   5.2044546E+03   2.0824100E-01   1.8964879E-01   2.0318176E-01
   5.6521739E-01   3.8664000E+03   1.7291940E+03   5.5955940E+03   1.9788729E-01   1.6928608E-01   1.8903268E-01
   5.7971014E-01   3.2393243E+03   1.2123787E+03   4.4517030E+03   1.9562545E-01   2.0270108E-01   1.9754311E-01
   5.9420290E-01   2.9570212E+03   1.3491409E+03   4.3061621E+03   1.9790635E-01   1.7200766E-01   1.8979217E-01
   6.0869565E-01   3.4819805E+03   1.4433080E+03   4.9252884E+03   2.0956871E-01   1.8772933E-01   2.0316889E-01
   6.2318841E-01   2.8723507E+03   1.3392555E+03   4.2116062E+03   2.0953565E-01   1.5063458E-01   1.9079406E-01
   6.3768116E-01   2.6004145E+03   1.1193837E+03   3.7197983E+03   2.3412678E-01   1.7696332E-01   2.1692475E-01
   6.5217391E-01   2.1216627E+03   7.9141387E+02   2.9130766E+03   2.0661435E-01   1.7997059E-01   1.9937583E-01
   6.6666667E-01   1.8119790E+03   8.8951698E+02   2.7014960E+03   2.3841797E-01   1.7860873E-01   2.1872465E-01
   6.8115942E-01   1.8701586E+03   8.3834697E+02   2.7085056E+03   2.0738768E-01   2.2039102E-01   2.1141227E-01
   6.9565217E-01   1.9259141E+03   7.5773668E+02   2.6836508E+03   2.3039300E-01   1.8534350E-01   2.1767313E-01
   7.1014493E-01   1.3762972E+03   6.1856056E+02   1.9948578E+03   2.0399243E-01   2.0881813E-01   2.0548877E-01
   7.2463768E-01   1.5760923E+03   5.3041568E+02   2.1065080E+03   1.7432634E-01   1.7413576E-01   1.7426984E-01
   7.3913043E-01   1.0548883E+03   4.7544263E+02   1.5303310E+03   2.3689189E-01   2.1993286E-01   2.3159312E-01
   7.5362319E-01   7.7230854E+02   5.5373065E+02   1.3260392E+03   2.5341422E-01   2.5984357E-01   2.5609900E-01
   7.6811594E-01   1.0579720E+03   5.4328291E+02   1.6012549E+03   2.3038768E-01   2.3603014E-01   2.3230163E-01
   7.8260870E-01   9.8225126E+02   4.3499699E+02   1.4172482E+03   2.4813416E-01   1.9519868E-01   2.3188663E-01
   7.9710145E-01   8.6795293E+02   3.1687170E+02   1.1848246E+03   2.4404491E-01   2.4892303E-01   2.4534952E-01
   8.1159420E-01   9.7423288E+02   3.6533733E+02   1.3395702E+03   2.4117594E-01   2.5968095E-01   2.4622276E-01
   8.2608696E-01   5.7162592E+02   2.6587252E+02   8.3749844E+02   2.0174775E-01   1.9350253E-01   1.9913022E-01
   8.4057971E-01   5.6177030E+02   2.7435294E+02   8.3612324E+02   2.6634789E-01   2.4323728E-01   2.5876472E-01
   8.5507246E-01   4.8803380E+02   2.9538888E+02   7.8342267E+02   2.9115798E-01   2.3362983E-01   2.6946703E-01
   8.6956522E-01   4.9252884E+02   1.6417628E+02   6.5670513E+02   2.8355524E-01   2.2089475E-01   2.6789012E-01
   8.8405797E-01   4.5961078E+02   2.2359443E+02   6.8320521E+02   2.0259783E-01   1.8182531E-01   1.9579955E-01
   8.9855072E-01   4.0331146E+02   1.3443715E+02   5.3774861E+02   2.6526678E-01   2.1718054E-01   2.5281501E-01
   9.1304348E-01   3.2474429E+02   1.3230323E+02   4.5704752E+02   2.7407157E-01   2.1397355E-01   2.5667477E-01
   9.2753623E-01   2.7231162E+02   2.3679271E+02   5.0910433E+02   3.2800990E-01   1.7538390E-01   2.5702107E-01
   9.4202899E-01   2.3314975E+02   1.2823236E+02   3.6138211E+02   2.4243649E-01   3.0022997E-01   2.6294385E-01
   9.5652174E-01   2.6405975E+02   1.1480859E+02   3.7886834E+02   2.9954834E-01   2.4415210E-01   2.8276160E-01
   9.7101449E-01   1.4702354E+02   3.3928508E+01   1.8095204E+02   2.5317674E-01   1.3734925E-01   2.3145909E-01
   9.8550725E-01   1.0028868E+02   8.9145492E+01   1.8943417E+02   1.4060323E-01   3.1766403E-01   2.2392363E-01
   1.0000000E+00   4.3768184E+01   0.0000000E+00   4.3768184E+01   4.2845022E-01   0.0000000E+00   4.2845022E-01
