   0.0000000E+00   5.7230336E+07   3.1964364E+07   8.9194701E+07   4.2806882E-03   2.9377382E-04   2.6419713E-03
   1.4492754E-02   5.7876686E+07   3.2935783E+07   9.0811711E+07   1.0577121E-03   3.1857137E-04   5.6893099E-04
   2.8985507E-02   5.9675931E+07   3.3726102E+07   9.3402033E+07   5.3560197E-04   7.0152378E-05   3.6737957E-04
   4.3478261E-02   6.2199573E+07   3.5402468E+07   9.7600021E+07   4.9443319E-04   7.6320964E-06   3.1780022E-04
   5.7971014E-02   6.3460068E+07   3.6101607E+07   9.9559023E+07   3.7935292E-04   4.9528333E-05   2.4362869E-04
   7.2463768E-02   6.3785062E+07   3.6050080E+07   9.9830747E+07   2.3006631E-05   1.0613641E-04   4.3985554E-05
   8.6956522E-02   6.2169011E+07   3.4712044E+07   9.6878277E+07   2.2868644E-04   8.5979483E-05   1.3770512E-04
   1.0144928E-01   5.9539376E+07   3.3093717E+07   9.2630820E+07   2.3219495E-04   8.2219381E-05   1.6565236E-04
   1.1594203E-01   5.6256645E+07   3.1054512E+07   8.7307747E+07   1.5862055E-04   9.1916767E-05   8.3260752E-05
   1.3043478E-01   5.3891412E+07   2.9153245E+07   8.3041710E+07   5.7241288E-05   1.1362459E-04   2.1420700E-05
   1.4492754E-01   5.1910873E+07   2.7903578E+07   7.9811496E+07   1.3565365E-04   1.0337787E-04   5.2112736E-05
   1.5942029E-01   4.5154976E+07   2.3902804E+07   6.9054611E+07   1.4938650E-04   1.1108706E-04   1.3314729E-04
   1.7391304E-01   2.1684719E+07   9.9932840E+06   3.1677561E+07   3.7567691E-04   7.0233856E-04   4.2952231E-04
   1.8840580E-01   1.2172166E+07   4.7278106E+06   1.6899685E+07   7.6947066E-04   1.6740766E-03   1.0184197E-03
   2.0289855E-01   9.7136972E+06   3.5224472E+06   1.3236090E+07   8.2100052E-04   1.8389214E-03   1.0915455E-03
   2.1739130E-01   8.3385386E+06   2.9266822E+06   1.1265120E+07   1.0451517E-03   2.2547613E-03   1.3534637E-03
   2.3188406E-01   7.2888586E+06   2.5201375E+06   9.8089014E+06   8.0026905E-04   1.8869426E-03   1.0604637E-03
   2.4637681E-01   6.4842202E+06   2.2003782E+06   8.6844201E+06   1.1842282E-03   1.7253374E-03   1.3179431E-03
   2.6086957E-01   5.7817414E+06   1.9482673E+06   7.7300087E+06   1.1023238E-03   1.2424918E-03   1.1156382E-03
   2.7536232E-01   5.2062891E+06   1.7721467E+06   6.9783162E+06   8.2371003E-04   9.8018623E-04   8.1999346E-04
   2.8985507E-01   4.5449425E+06   1.5953767E+06   6.1402813E+06   1.2113138E-03   7.4011295E-04   1.0855377E-03
   3.0434783E-01   3.6794250E+06   1.3099824E+06   4.9894074E+06   2.0599909E-03   5.6995507E-04   1.6657808E-03
   3.1884058E-01   2.0952797E+06   7.3896548E+05   2.8342452E+06   3.8368312E-03   3.0117619E-04   2.9071585E-03
   3.3333333E-01   4.0150161E+05   1.0598430E+05   5.0748591E+05   3.1665530E-02   4.7137890E-04   2.5126166E-02
   3.4782609E-01   1.3948669E+05   1.8375115E+04   1.5786181E+05   1.0565951E-01   1.7436879E-03   9.3556781E-02
   3.6231884E-01   1.4648566E+05   1.8700941E+04   1.6518660E+05   1.1962917E-01   7.4335131E-04   1.0611941E-01
   3.7681159E-01   1.2572600E+05   1.3289536E+04   1.3901554E+05   1.1842258E-01   1.8473502E-03   1.0722874E-01
   3.9130435E-01   1.0375380E+05   1.0636378E+04   1.1439017E+05   1.0975067E-01   1.1206820E-03   9.9634259E-02
   4.0579710E-01   8.6409044E+04   8.7139719E+03   9.5123016E+04   1.0264202E-01   8.5554627E-04   9.3310798E-02
   4.2028986E-01   7.0809187E+04   5.5915742E+03   7.6400761E+04   9.1735624E-02   1.6769898E-06   8.5021844E-02
   4.3478261E-01   5.8497272E+04   3.9654886E+03   6.2462761E+04   8.4162742E-02   2.0859007E-06   7.8819665E-02
   4.4927536E-01   4.9766190E+04   3.2264917E+03   5.2992682E+04   7.5353128E-02   7.7868470E-06   7.0765666E-02
   4.6376812E-01   4.0609950E+04   2.2732101E+03   4.2883160E+04   7.1658678E-02   3.9849011E-06   6.7860113E-02
   4.7826087E-01   3.6210629E+04   1.2628945E+03   3.7473523E+04   5.8775554E-02   3.3757905E-05   5.6795840E-02
   4.9275362E-01   3.0376326E+04   1.5154734E+03   3.1891800E+04   5.5826228E-02   2.8602914E-05   5.3174721E-02
   5.0724638E-01   2.5957894E+04   1.1907291E+03   2.7148623E+04   5.1852355E-02   1.1050811E-05   4.9578607E-02
   5.2173913E-01   2.0753566E+04   6.7354372E+02   2.1427110E+04   4.3454699E-02   9.9530368E-05   4.2091685E-02
   5.3623188E-01   1.7735134E+04   5.3246362E+02   1.8267598E+04   4.2327457E-02   1.5397519E-02   4.1538644E-02
   5.5072464E-01   1.4875568E+04   5.5833229E+02   1.5433900E+04   4.0931961E-02   4.8280032E-06   3.9451045E-02
   5.6521739E-01   1.2590086E+04   4.8572864E+02   1.3075815E+04   3.6399112E-02   1.8791008E-06   3.5046928E-02
   5.7971014E-01   1.0475710E+04   4.1675518E+02   1.0892465E+04   4.1478191E-02   3.3877099E-06   3.9891070E-02
   5.9420290E-01   8.0948456E+03   2.4025797E+02   8.3351035E+03   3.3224379E-02   1.5974944E-05   3.2266242E-02
   6.0869565E-01   7.1443744E+03   1.4433080E+02   7.2887052E+03   3.8021403E-02   6.1532676E-03   3.7148010E-02
   6.2318841E-01   6.1500024E+03   1.0573070E+02   6.2557331E+03   3.3337681E-02   2.1753320E-06   3.2774262E-02
   6.3768116E-01   5.1663865E+03   1.0332773E+02   5.2697142E+03   1.3520932E-02   5.0341750E-06   1.3255722E-02
   6.5217391E-01   3.9739079E+03   5.0515779E+01   4.0244237E+03   1.3297086E-02   5.6097493E-06   1.3130111E-02
   6.6666667E-01   3.0474193E+03   4.9417610E+01   3.0968369E+03   2.4621723E-02   1.5320231E-05   2.4228583E-02
   6.8115942E-01   2.6117733E+03   9.6732343E+01   2.7085056E+03   1.5787278E-02   4.7793273E-05   1.5225125E-02
   6.9565217E-01   2.1627068E+03   4.7358543E+01   2.2100653E+03   2.1317588E-02   1.0699411E-04   2.0862803E-02
   7.1014493E-01   1.5154734E+03   3.0928028E+01   1.5464014E+03   1.5814993E-02   6.3847215E-05   1.5497531E-02
   7.2463768E-01   1.1669145E+03   0.0000000E+00   1.1669145E+03   1.4354504E-02   0.0000000E+00   1.4354504E-02
   7.3913043E-01   9.8060041E+02   1.4857582E+01   9.9545800E+02   4.0761894E-02   4.8009358E-06   4.0153438E-02
   7.5362319E-01   6.1201809E+02   0.0000000E+00   6.1201809E+02   4.8471697E-02   0.0000000E+00   4.8471697E-02
   7.6811594E-01   4.2890756E+02   0.0000000E+00   4.2890756E+02   6.3933183E-06   0.0000000E+00   6.3933183E-06
   7.8260870E-01   2.8064322E+02   0.0000000E+00   2.8064322E+02   5.6525923E-05   0.0000000E+00   5.6525923E-05
   7.9710145E-01   2.3420952E+02   1.3777031E+01   2.4798655E+02   2.4269143E-02   1.1146186E-06   2.2920798E-02
   8.1159420E-01   2.9768227E+02   0.0000000E+00   2.9768227E+02   5.4914921E-02   0.0000000E+00   5.4914921E-02
   8.2608696E-01   1.7281714E+02   0.0000000E+00   1.7281714E+02   7.6656623E-06   0.0000000E+00   7.6656623E-06
   8.4057971E-01   2.2209523E+02   0.0000000E+00   2.2209523E+02   2.3738611E-02   0.0000000E+00   2.3738611E-02
   8.5507246E-01   8.9900963E+01   0.0000000E+00   8.9900963E+01   5.9688293E-02   0.0000000E+00   5.9688293E-02
   8.6956522E-01   1.0103156E+02   0.0000000E+00   1.0103156E+02   1.3334725E-05   0.0000000E+00   1.3334725E-05
   8.8405797E-01   8.6953390E+01   0.0000000E+00   8.6953390E+01   6.0862159E-02   0.0000000E+00   6.0862159E-02
   8.9855072E-01   3.6664678E+01   0.0000000E+00   3.6664678E+01   3.2927752E-06   0.0000000E+00   3.2927752E-06
   9.1304348E-01   8.4192965E+01   0.0000000E+00   8.4192965E+01   4.9620909E-06   0.0000000E+00   4.9620909E-06
   9.2753623E-01   1.0655672E+02   0.0000000E+00   1.0655672E+02   4.6467618E-02   0.0000000E+00   4.6467618E-02
   9.4202899E-01   2.3314975E+01   0.0000000E+00   2.3314975E+01   4.8976876E-06   0.0000000E+00   4.8976876E-06
   9.5652174E-01   8.0366012E+01   0.0000000E+00   8.0366012E+01   5.3275509E-06   0.0000000E+00   5.3275509E-06
   9.7101449E-01   6.7857016E+01   0.0000000E+00   6.7857016E+01   3.8779191E-06   0.0000000E+00   3.8779191E-06
   9.8550725E-01   8.9145492E+01   0.0000000E+00   8.9145492E+01   4.0006918E-06   0.0000000E+00   4.0006918E-06
   1.0000000E+00   2.1884092E+01   0.0000000E+00   2.1884092E+01   6.2309123E-06   0.0000000E+00   6.2309123E-06
