   0.0000000E+00   3.5242448E+10   1.7741459E+10   5.2877181E+10   3.9425920E-06   1.0657120E-06   2.4823998E-06
   1.4492754E-02   4.1916478E+07   2.0564216E+07   6.2480694E+07   8.1512937E-03   9.7149322E-03   8.6389759E-03
   2.8985507E-02   3.6104638E+07   1.7882586E+07   5.3984571E+07   1.3625480E-02   1.3916018E-02   1.3719019E-02
   4.3478261E-02   2.5451365E+07   1.2581207E+07   3.8030046E+07   6.0317924E-03   5.2763431E-03   5.7811085E-03
   5.7971014E-02   1.5450251E+07   7.6855338E+06   2.3135216E+07   1.8786730E-03   8.7888755E-04   1.5437457E-03
   7.2463768E-02   9.5230831E+06   4.7182748E+06   1.4240752E+07   1.1670516E-03   2.0476828E-03   1.4577182E-03
   8.6956522E-02   6.3816584E+06   3.1557207E+06   9.5370002E+06   2.0568875E-03   2.6886411E-03   2.2524167E-03
   1.0144928E-01   4.7596689E+06   2.3327465E+06   7.0924154E+06   1.3065058E-03   3.7377335E-03   1.6308565E-03
   1.1594203E-01   3.7746653E+06   1.8621379E+06   5.6366138E+06   2.5239169E-03   3.2283552E-03   2.7417555E-03
   1.3043478E-01   3.1115194E+06   1.5179992E+06   4.6294344E+06   2.1842797E-03   3.3854531E-03   2.5693204E-03
   1.4492754E-01   2.6225267E+06   1.2730734E+06   3.8956001E+06   3.0271247E-03   4.4564299E-03   3.4920373E-03
   1.5942029E-01   2.1784930E+06   1.0623468E+06   3.2406331E+06   5.6925628E-03   4.6813608E-03   5.3015129E-03
   1.7391304E-01   1.8144005E+06   8.6514586E+05   2.6794832E+06   3.8988276E-03   6.1243136E-03   4.5413476E-03
   1.8840580E-01   1.5139579E+06   7.2754379E+05   2.2415017E+06   4.6324725E-03   4.5737753E-03   4.6079231E-03
   2.0289855E-01   1.2884230E+06   6.3319725E+05   1.9215120E+06   5.5044191E-03   4.1825874E-03   5.0674534E-03
   2.1739130E-01   1.1207936E+06   5.3774047E+05   1.6584835E+06   5.5449087E-03   3.4769236E-03   4.8552939E-03
   2.3188406E-01   9.5754238E+05   4.6884957E+05   1.4263919E+06   4.9305050E-03   4.7434989E-03   4.8515593E-03
   2.4637681E-01   8.1942536E+05   3.9825749E+05   1.2176829E+06   4.0633239E-03   5.6457527E-03   4.4848078E-03
   2.6086957E-01   6.9598114E+05   3.2822627E+05   1.0242074E+06   6.0230161E-03   3.2552388E-03   5.0467592E-03
   2.7536232E-01   5.6112395E+05   2.7513818E+05   8.3626213E+05   3.0984228E-03   3.9419075E-03   2.8388130E-03
   2.8985507E-01   4.1959669E+05   2.0178528E+05   6.2138197E+05   3.6035822E-03   6.0032574E-03   4.3302743E-03
   3.0434783E-01   2.7123365E+05   1.3458847E+05   4.0582212E+05   7.0485994E-03   2.8876690E-03   5.2198930E-03
   3.1884058E-01   1.2612872E+05   6.0997803E+04   1.8712652E+05   9.1975381E-03   8.8010095E-03   8.8293034E-03
   3.3333333E-01   3.1100149E+04   1.3178029E+04   4.4278178E+04   3.9262152E-02   4.4953836E-02   4.0696557E-02
   3.4782609E-01   1.0482024E+04   5.1462950E+03   1.5628319E+04   1.0297462E-01   1.0484736E-01   1.0359109E-01
   3.6231884E-01   1.1366050E+04   5.1829189E+03   1.6548969E+04   1.3359154E-01   1.3607664E-01   1.3436832E-01
   3.7681159E-01   1.1832350E+04   5.8287437E+03   1.7661093E+04   1.5421291E-01   1.5608253E-01   1.5482171E-01
   3.9130435E-01   1.0888957E+04   5.3883498E+03   1.6277307E+04   1.5483808E-01   1.6512943E-01   1.5824475E-01
   4.0579710E-01   1.1068368E+04   5.4935910E+03   1.6561959E+04   1.5063711E-01   1.6908746E-01   1.5674701E-01
   4.2028986E-01   1.2254431E+04   5.3825433E+03   1.7636975E+04   1.8419374E-01   1.7126295E-01   1.8024733E-01
   4.3478261E-01   1.0759861E+04   4.9252884E+03   1.5685149E+04   1.7192141E-01   1.6195202E-01   1.6879069E-01
   4.4927536E-01   8.9217384E+03   4.8152944E+03   1.3737033E+04   1.8023049E-01   1.8982971E-01   1.8359473E-01
   4.6376812E-01   8.7613304E+03   4.1438725E+03   1.2905203E+04   1.6620468E-01   1.6965696E-01   1.6731260E-01
   4.7826087E-01   7.8299457E+03   3.9953389E+03   1.1825285E+04   1.4489283E-01   1.5404574E-01   1.4798513E-01
   4.9275362E-01   5.9504616E+03   3.2983832E+03   9.2488448E+03   1.6798351E-01   1.5621319E-01   1.6378590E-01
   5.0724638E-01   6.6464332E+03   2.7495017E+03   9.3959349E+03   1.5252405E-01   1.6714910E-01   1.5680368E-01
   5.2173913E-01   5.1568191E+03   2.3363548E+03   7.4931739E+03   1.6725287E-01   1.4834003E-01   1.6135588E-01
   5.3623188E-01   4.4645026E+03   2.5189625E+03   6.9834651E+03   1.4663530E-01   1.6467801E-01   1.5314185E-01
   5.5072464E-01   4.4267775E+03   1.8345204E+03   6.2612979E+03   1.5302464E-01   1.6546425E-01   1.5666936E-01
   5.6521739E-01   3.4778171E+03   1.8457688E+03   5.3235859E+03   1.5237779E-01   1.3902237E-01   1.4774726E-01
   5.7971014E-01   3.0498902E+03   1.3260392E+03   4.3759294E+03   1.6651344E-01   1.5025355E-01   1.6158478E-01
   5.9420290E-01   3.0494281E+03   1.2567340E+03   4.3061621E+03   1.5690034E-01   1.5509558E-01   1.5637172E-01
   6.0869565E-01   2.3994995E+03   1.0103156E+03   3.4098151E+03   1.4597284E-01   1.7026745E-01   1.5317124E-01
   6.2318841E-01   2.5022932E+03   1.0749288E+03   3.5772220E+03   1.3774249E-01   1.3444348E-01   1.3675116E-01
   6.3768116E-01   2.3420952E+03   1.1710476E+03   3.5131428E+03   1.6029561E-01   1.2785071E-01   1.4948064E-01
   6.5217391E-01   1.4986348E+03   7.5773668E+02   2.2563715E+03   1.6352252E-01   1.3813980E-01   1.5499847E-01
   6.6666667E-01   1.1695501E+03   6.2595639E+02   1.7955065E+03   1.6262667E-01   1.9928804E-01   1.7540337E-01
   6.8115942E-01   1.2091543E+03   4.8366171E+02   1.6928160E+03   2.1770049E-01   2.2200048E-01   2.1892428E-01
   6.9565217E-01   8.6823995E+02   3.3150980E+02   1.1997497E+03   2.1045369E-01   1.9117955E-01   2.0512548E-01
   7.1014493E-01   7.4227267E+02   2.4742422E+02   9.8969689E+02   2.4535206E-01   3.1211049E-01   2.6204167E-01
   7.2463768E-01   6.0618935E+02   2.5763047E+02   8.6381982E+02   2.8267766E-01   3.3658596E-01   2.9875557E-01
   7.3913043E-01   5.6458812E+02   1.7829098E+02   7.4287910E+02   2.8552525E-01   3.5271582E-01   3.0165099E-01
   7.5362319E-01   3.6429648E+02   2.3314975E+02   5.9744623E+02   3.0084174E-01   3.3061791E-01   3.1245945E-01
   7.6811594E-01   3.1453221E+02   2.0015686E+02   5.1468907E+02   2.7784442E-01   2.7575099E-01   2.7703031E-01
   7.8260870E-01   3.5080402E+02   1.8241809E+02   5.3322211E+02   3.2283741E-01   2.9012044E-01   3.1164477E-01
   7.9710145E-01   2.4798655E+02   1.3777031E+02   3.8575686E+02   3.0190033E-01   2.2246626E-01   2.7353101E-01
   8.1159420E-01   3.5180632E+02   1.6237215E+02   5.1417846E+02   3.3545884E-01   3.3762668E-01   3.3614324E-01
   8.2608696E-01   1.8611076E+02   2.6587252E+01   2.1269802E+02   3.8984633E-01   4.2730671E-01   3.9452888E-01
   8.4057971E-01   2.0903081E+02   1.1757983E+02   3.2661064E+02   3.4579794E-01   3.6893666E-01   3.5412788E-01
   8.5507246E-01   2.3117390E+02   1.4127294E+02   3.7244684E+02   3.1232558E-01   3.2578703E-01   3.1743165E-01
   8.6956522E-01   1.5154734E+02   6.3144724E+01   2.1469206E+02   3.4213006E-01   3.3426327E-01   3.3981630E-01
   8.8405797E-01   1.8632869E+02   1.2421913E+01   1.9875061E+02   3.8803953E-01   3.7582399E-01   3.8727606E-01
   8.9855072E-01   1.3443715E+02   2.4443119E+01   1.5888027E+02   3.9463867E-01   4.2518681E-01   3.9933838E-01
   9.1304348E-01   8.4192965E+01   4.8110266E+01   1.3230323E+02   3.8944754E-01   4.0808189E-01   3.9622366E-01
   9.2753623E-01   8.2877450E+01   7.1037814E+01   1.5391526E+02   3.8979977E-01   3.4353309E-01   3.6844592E-01
   9.4202899E-01   8.1602412E+01   3.4972462E+01   1.1657487E+02   3.6580467E-01   4.0885492E-01   3.7871975E-01
   9.5652174E-01   9.1846871E+01   2.2961718E+01   1.1480859E+02   4.1043913E-01   4.2051956E-01   4.1245522E-01
   9.7101449E-01   4.5238011E+01   2.2619005E+01   6.7857016E+01   4.1631105E-01   4.1116565E-01   4.1459592E-01
   9.8550725E-01   5.5715933E+01   0.0000000E+00   5.5715933E+01   4.2387683E-01   0.0000000E+00   4.2387683E-01
   1.0000000E+00   0.0000000E+00   2.1884092E+01   2.1884092E+01   0.0000000E+00   4.2275574E-01   4.2275574E-01
