   0.0000000E+00   5.0701677E+07   3.5510572E+07   8.6212249E+07   1.6962982E-03   4.1602549E-05   9.9667817E-04
   1.4492754E-02   5.2236852E+07   3.5905353E+07   8.8141447E+07   5.4406135E-04   2.0388414E-05   3.2968085E-04
   2.8985507E-02   5.2919193E+07   3.6926024E+07   8.9845217E+07   1.5919503E-04   1.6451866E-05   8.7301576E-05
   4.3478261E-02   5.3914228E+07   3.8382899E+07   9.2295106E+07   4.1172549E-04   3.5386851E-05   2.2582958E-04
   5.7971014E-02   5.2780149E+07   3.9776061E+07   9.2554505E+07   3.5539689E-04   3.4822283E-05   2.0821647E-04
   7.2463768E-02   5.0462081E+07   3.9772992E+07   9.0230375E+07   2.5248214E-04   2.1616457E-05   1.4206017E-04
   8.6956522E-02   4.7657975E+07   3.8582436E+07   8.6238265E+07   1.4031272E-04   1.8644285E-05   7.2523176E-05
   1.0144928E-01   4.4255828E+07   3.6761703E+07   8.1016016E+07   1.9737525E-04   2.0973523E-05   1.1650337E-04
   1.1594203E-01   4.0343890E+07   3.4416021E+07   7.4757259E+07   1.1567487E-04   3.0384477E-05   4.8224887E-05
   1.3043478E-01   3.6107837E+07   3.2462787E+07   6.8568434E+07   3.1425273E-04   2.6590886E-05   1.7645583E-04
   1.4492754E-01   3.2553656E+07   3.0873451E+07   6.3424076E+07   9.1172608E-05   3.6602134E-05   4.9962513E-05
   1.5942029E-01   2.9224595E+07   2.5345190E+07   5.4567236E+07   1.1562269E-04   9.7300624E-05   1.0441885E-04
   1.7391304E-01   2.6019731E+07   9.4885050E+06   3.5507162E+07   1.3915872E-04   5.4680402E-04   1.6058581E-04
   1.8840580E-01   2.3244680E+07   2.7579284E+06   2.6002259E+07   1.4594265E-04   1.8112672E-03   3.2114687E-04
   2.0289855E-01   2.0666023E+07   1.4292538E+06   2.2095115E+07   2.9942391E-04   3.1004756E-03   4.5052234E-04
   2.1739130E-01   1.8230842E+07   1.0225404E+06   1.9253230E+07   1.1588438E-04   3.3964888E-03   2.7401964E-04
   2.3188406E-01   1.5915596E+07   8.9910193E+05   1.6814603E+07   2.9607096E-05   2.8565331E-03   1.7036836E-04
   2.4637681E-01   1.3648531E+07   8.7474014E+05   1.4523138E+07   2.4473704E-04   2.4150160E-03   2.7425229E-04
   2.6086957E-01   1.1386804E+07   8.9353994E+05   1.2280302E+07   9.1838525E-05   1.8333025E-03   2.0757572E-04
   2.7536232E-01   9.2094918E+06   9.5750000E+05   1.0166992E+07   2.3958495E-04   1.2177186E-03   2.8398073E-04
   2.8985507E-01   7.1464799E+06   9.6975141E+05   8.1162313E+06   2.0855513E-05   5.9350488E-04   7.4959134E-05
   3.0434783E-01   5.1848674E+06   8.5873216E+05   6.0434913E+06   3.2674107E-04   4.1174675E-04   2.9093813E-04
   3.1884058E-01   2.7110441E+06   4.6838460E+05   3.1794287E+06   4.4074233E-04   6.3940533E-04   4.6923948E-04
   3.3333333E-01   4.4742704E+05   5.9597637E+04   5.0702468E+05   2.5706198E-03   4.8241794E-04   2.3207681E-03
   3.4782609E-01   3.8644571E+04   1.1681774E+03   3.9812748E+04   1.1982345E-02   3.5602918E-06   1.1630681E-02
   3.6231884E-01   2.9703278E+04   3.6371361E+02   3.0066992E+04   1.2112154E-02   3.0127770E-06   1.1965672E-02
   3.7681159E-01   1.5183877E+04   2.3314975E+02   1.5417027E+04   1.3672466E-02   1.7808570E-05   1.3465432E-02
   3.9130435E-01   7.2125307E+03   8.4192965E+01   7.2967236E+03   1.1569258E-02   2.3067097E-05   1.1435501E-02
   4.0579710E-01   4.5734821E+03   0.0000000E+00   4.5734821E+03   1.4833497E-02   0.0000000E+00   1.4833497E-02
   4.2028986E-01   2.6651428E+03   2.6128851E+01   2.6912717E+03   5.1436526E-07   1.2871238E-05   4.7510997E-07
   4.3478261E-01   1.7933102E+03   0.0000000E+00   1.7933102E+03   4.9123486E-03   0.0000000E+00   4.9123486E-03
   4.4927536E-01   1.3688147E+03   0.0000000E+00   1.3688147E+03   6.6022927E-06   0.0000000E+00   6.6022927E-06
   4.6376812E-01   8.9981231E+02   0.0000000E+00   8.9981231E+02   3.1580656E-06   0.0000000E+00   3.1580656E-06
   4.7826087E-01   6.6588981E+02   0.0000000E+00   6.6588981E+02   5.5007681E-06   0.0000000E+00   5.5007681E-06
   4.9275362E-01   6.6859119E+02   0.0000000E+00   6.6859119E+02   7.7966459E-06   0.0000000E+00   7.7966459E-06
   5.0724638E-01   3.4639391E+02   0.0000000E+00   3.4639391E+02   1.7325734E-05   0.0000000E+00   1.7325734E-05
   5.2173913E-01   1.8943417E+02   0.0000000E+00   1.8943417E+02   5.1855331E-06   0.0000000E+00   5.1855331E-06
   5.3623188E-01   1.4335559E+02   0.0000000E+00   1.4335559E+02   2.9829157E-04   0.0000000E+00   2.9829157E-04
   5.5072464E-01   7.9761756E+01   0.0000000E+00   7.9761756E+01   9.2016989E-05   0.0000000E+00   9.2016989E-05
   5.6521739E-01   7.7716583E+01   0.0000000E+00   7.7716583E+01   1.7798891E-06   0.0000000E+00   1.7798891E-06
   5.7971014E-01   1.8943417E+01   0.0000000E+00   1.8943417E+01   3.2211586E-06   0.0000000E+00   3.2211586E-06
   5.9420290E-01   3.6962765E+01   0.0000000E+00   3.6962765E+01   4.4632829E-05   0.0000000E+00   4.4632829E-05
   6.0869565E-01   1.8041350E+01   0.0000000E+00   1.8041350E+01   1.1127464E-06   0.0000000E+00   1.1127464E-06
   6.2318841E-01   1.7621783E+01   0.0000000E+00   1.7621783E+01   1.0401917E-05   0.0000000E+00   1.0401917E-05
   6.3768116E-01   0.0000000E+00   0.0000000E+00   0.0000000E+00   0.0000000E+00   0.0000000E+00   0.0000000E+00
   6.5217391E-01   0.0000000E+00   0.0000000E+00   0.0000000E+00   0.0000000E+00   0.0000000E+00   0.0000000E+00
   6.6666667E-01   0.0000000E+00   0.0000000E+00   0.0000000E+00   0.0000000E+00   0.0000000E+00   0.0000000E+00
   6.8115942E-01   0.0000000E+00   0.0000000E+00   0.0000000E+00   0.0000000E+00   0.0000000E+00   0.0000000E+00
   6.9565217E-01   0.0000000E+00   0.0000000E+00   0.0000000E+00   0.0000000E+00   0.0000000E+00   0.0000000E+00
   7.1014493E-01   0.0000000E+00   0.0000000E+00   0.0000000E+00   0.0000000E+00   0.0000000E+00   0.0000000E+00
   7.2463768E-01   0.0000000E+00   0.0000000E+00   0.0000000E+00   0.0000000E+00   0.0000000E+00   0.0000000E+00
   7.3913043E-01   0.0000000E+00   0.0000000E+00   0.0000000E+00   0.0000000E+00   0.0000000E+00   0.0000000E+00
   7.5362319E-01   0.0000000E+00   0.0000000E+00   0.0000000E+00   0.0000000E+00   0.0000000E+00   0.0000000E+00
   7.6811594E-01   0.0000000E+00   0.0000000E+00   0.0000000E+00   0.0000000E+00   0.0000000E+00   0.0000000E+00
   7.8260870E-01   0.0000000E+00   0.0000000E+00   0.0000000E+00   0.0000000E+00   0.0000000E+00   0.0000000E+00
   7.9710145E-01   0.0000000E+00   0.0000000E+00   0.0000000E+00   0.0000000E+00   0.0000000E+00   0.0000000E+00
   8.1159420E-01   0.0000000E+00   0.0000000E+00   0.0000000E+00   0.0000000E+00   0.0000000E+00   0.0000000E+00
   8.2608696E-01   0.0000000E+00   0.0000000E+00   0.0000000E+00   0.0000000E+00   0.0000000E+00   0.0000000E+00
   8.4057971E-01   0.0000000E+00   0.0000000E+00   0.0000000E+00   0.0000000E+00   0.0000000E+00   0.0000000E+00
   8.5507246E-01   0.0000000E+00   0.0000000E+00   0.0000000E+00   0.0000000E+00   0.0000000E+00   0.0000000E+00
   8.6956522E-01   0.0000000E+00   0.0000000E+00   0.0000000E+00   0.0000000E+00   0.0000000E+00   0.0000000E+00
   8.8405797E-01   0.0000000E+00   0.0000000E+00   0.0000000E+00   0.0000000E+00   0.0000000E+00   0.0000000E+00
   8.9855072E-01   0.0000000E+00   0.0000000E+00   0.0000000E+00   0.0000000E+00   0.0000000E+00   0.0000000E+00
   9.1304348E-01   0.0000000E+00   0.0000000E+00   0.0000000E+00   0.0000000E+00   0.0000000E+00   0.0000000E+00
   9.2753623E-01   0.0000000E+00   0.0000000E+00   0.0000000E+00   0.0000000E+00   0.0000000E+00   0.0000000E+00
   9.4202899E-01   0.0000000E+00   0.0000000E+00   0.0000000E+00   0.0000000E+00   0.0000000E+00   0.0000000E+00
   9.5652174E-01   0.0000000E+00   0.0000000E+00   0.0000000E+00   0.0000000E+00   0.0000000E+00   0.0000000E+00
   9.7101449E-01   0.0000000E+00   0.0000000E+00   0.0000000E+00   0.0000000E+00   0.0000000E+00   0.0000000E+00
   9.8550725E-01   0.0000000E+00   0.0000000E+00   0.0000000E+00   0.0000000E+00   0.0000000E+00   0.0000000E+00
   1.0000000E+00   0.0000000E+00   0.0000000E+00   0.0000000E+00   0.0000000E+00   0.0000000E+00   0.0000000E+00
