   0.0000000E+00   3.0575882E+10   1.5577423E+10   4.6096069E+10   3.7274103E-07   7.6696608E-07   4.9479112E-07
   1.4492754E-02   3.6787358E+07   1.8426641E+07   5.5210968E+07   2.6349761E-04   6.4838898E-05   1.9640972E-04
   2.8985507E-02   3.6856312E+07   1.8472105E+07   5.5326523E+07   2.0260487E-04   1.1385089E-04   1.6570113E-04
   4.3478261E-02   3.0107909E+07   1.4957722E+07   4.5064116E+07   1.1070797E-04   1.1552217E-04   5.4659054E-05
   5.7971014E-02   2.1805199E+07   1.0832793E+07   3.2636856E+07   2.3518217E-04   2.9378519E-04   6.5207888E-05
   7.2463768E-02   1.6602162E+07   8.0230676E+06   2.4623714E+07   2.5552757E-04   2.7388883E-04   2.6318551E-04
   8.6956522E-02   1.3735998E+07   6.6281754E+06   2.0363542E+07   1.3160169E-04   1.9832052E-04   1.4955545E-04
   1.0144928E-01   1.2126168E+07   5.8306755E+06   1.7956411E+07   3.1509002E-04   5.6321917E-04   3.9558702E-04
   1.1594203E-01   1.0986329E+07   5.2162593E+06   1.6202305E+07   2.0466900E-04   1.8469306E-04   1.8224644E-04
   1.3043478E-01   9.9624693E+06   4.7329917E+06   1.4694956E+07   5.3080777E-04   5.0626084E-04   5.1860686E-04
   1.4492754E-01   8.8784765E+06   4.2181686E+06   1.3096645E+07   5.9402942E-04   5.0216567E-04   5.6437057E-04
   1.5942029E-01   7.5138547E+06   3.5255421E+06   1.1039121E+07   3.5099145E-04   9.9922971E-04   5.2060353E-04
   1.7391304E-01   5.8532633E+06   2.7628974E+06   8.6159713E+06   1.2657272E-03   1.4282378E-03   1.2503147E-03
   1.8840580E-01   4.3000974E+06   2.0080022E+06   6.3079247E+06   1.5479300E-03   1.2626666E-03   1.4028475E-03
   2.0289855E-01   3.0472381E+06   1.4027330E+06   4.4499169E+06   7.5258528E-04   1.8396551E-03   1.0948563E-03
   2.1739130E-01   2.2182489E+06   1.0218837E+06   3.2400821E+06   2.1819643E-03   2.4886862E-03   2.2357247E-03
   2.3188406E-01   1.7534027E+06   7.9401333E+05   2.5474160E+06   1.2214568E-03   7.9680037E-04   1.0546158E-03
   2.4637681E-01   1.4249461E+06   6.4688426E+05   2.0717858E+06   1.5938344E-03   2.5634742E-03   1.7213048E-03
   2.6086957E-01   1.1714609E+06   5.2511152E+05   1.6965724E+06   3.4111936E-03   3.7887897E-03   3.5123166E-03
   2.7536232E-01   9.4015182E+05   4.2712420E+05   1.3672361E+06   2.0360482E-03   2.3184266E-03   1.8777621E-03
   2.8985507E-01   7.4834075E+05   3.3726860E+05   1.0855715E+06   3.1277100E-03   3.0846155E-03   2.8903732E-03
   3.0434783E-01   5.4275596E+05   2.4381080E+05   7.8656676E+05   5.9825491E-03   4.3044945E-03   5.4616439E-03
   3.1884058E-01   2.9155641E+05   1.3215617E+05   4.2371258E+05   7.7785893E-03   1.0005238E-02   8.4222844E-03
   3.3333333E-01   6.4802959E+04   2.9485841E+04   9.4288800E+04   4.5639699E-02   5.2687328E-02   4.7728525E-02
   3.4782609E-01   1.5880898E+04   6.2197553E+03   2.2100653E+04   2.0262711E-01   2.1655113E-01   2.0654267E-01
   3.6231884E-01   1.4154521E+04   5.8497272E+03   2.0004248E+04   2.2033530E-01   2.2410414E-01   2.2143202E-01
   3.7681159E-01   1.4338710E+04   6.4407618E+03   2.0779471E+04   2.5953158E-01   2.5210182E-01   2.5722817E-01
   3.9130435E-01   1.2965717E+04   5.2480281E+03   1.8213745E+04   2.7318502E-01   2.7047299E-01   2.7240356E-01
   4.0579710E-01   1.0635376E+04   4.3569859E+03   1.4992362E+04   2.8351325E-01   2.6563223E-01   2.7831675E-01
   4.2028986E-01   8.9099383E+03   3.5535238E+03   1.2463462E+04   2.9778968E-01   2.8955614E-01   2.9544174E-01
   4.3478261E-01   6.6428249E+03   2.8793994E+03   9.5222243E+03   3.0593810E-01   3.0183717E-01   3.0469796E-01
   4.4927536E-01   5.9396779E+03   2.5176412E+03   8.4573191E+03   3.0416562E-01   3.0275003E-01   3.0374422E-01
   4.6376812E-01   4.3333067E+03   2.1311344E+03   6.4644411E+03   2.9486305E-01   3.0310174E-01   2.9757674E-01
   4.7826087E-01   4.4775350E+03   1.6302820E+03   6.1078169E+03   2.9816155E-01   2.9144467E-01   2.9635326E-01
   4.9275362E-01   3.3875287E+03   1.7383371E+03   5.1258658E+03   3.0803539E-01   3.0489603E-01   3.0696940E-01
   5.0724638E-01   3.3773406E+03   1.0175321E+03   4.3948728E+03   3.0362715E-01   2.9840593E-01   3.0241790E-01
   5.2173913E-01   2.5678854E+03   8.4192965E+02   3.4098151E+03   3.1528676E-01   3.3249253E-01   3.1953488E-01
   5.3623188E-01   2.0684164E+03   8.6013353E+02   2.9285499E+03   2.8993464E-01   3.0782575E-01   2.9518937E-01
   5.5072464E-01   1.6949373E+03   8.1755800E+02   2.5124953E+03   3.0628228E-01   3.2625668E-01   3.1278149E-01
   5.6521739E-01   1.4766151E+03   5.8287437E+02   2.0594894E+03   3.0017052E-01   3.2244778E-01   3.0647540E-01
   5.7971014E-01   1.7996246E+03   5.8724593E+02   2.3868706E+03   2.8925277E-01   2.7599625E-01   2.8599125E-01
   5.9420290E-01   1.3306595E+03   6.6532977E+02   1.9959893E+03   2.7207609E-01   2.5618709E-01   2.6677976E-01
   6.0869565E-01   1.2087704E+03   4.8711644E+02   1.6958869E+03   2.4410292E-01   2.3828964E-01   2.4243315E-01
   6.2318841E-01   1.2863902E+03   5.1103172E+02   1.7974219E+03   2.5977398E-01   2.2865462E-01   2.5092631E-01
   6.3768116E-01   9.8161343E+02   4.8219607E+02   1.4638095E+03   1.8832186E-01   1.9677208E-01   1.9110546E-01
   6.5217391E-01   8.7560683E+02   4.0412623E+02   1.2797331E+03   2.4464629E-01   1.8747422E-01   2.2659195E-01
   6.6666667E-01   7.9068176E+02   3.6239581E+02   1.1530776E+03   1.9519586E-01   2.0977511E-01   1.9977791E-01
   6.8115942E-01   7.0937051E+02   3.0631909E+02   1.0156896E+03   2.2998554E-01   2.4245091E-01   2.3374494E-01
   6.9565217E-01   5.5251633E+02   3.6308216E+02   9.1559849E+02   1.6905655E-01   2.4407484E-01   1.9880518E-01
   7.1014493E-01   5.8763253E+02   2.1649620E+02   8.0412873E+02   2.1117165E-01   1.7460847E-01   2.0132771E-01
   7.2463768E-01   3.3340414E+02   1.6670207E+02   5.0010621E+02   2.5560728E-01   1.6030261E-01   2.2383905E-01
   7.3913043E-01   5.0515779E+02   2.2286373E+02   7.2802152E+02   1.9037624E-01   2.4432225E-01   2.0689032E-01
   7.5362319E-01   5.3915879E+02   1.4571859E+02   6.8487739E+02   2.4323607E-01   1.9274067E-01   2.3249237E-01
   7.6811594E-01   3.0023529E+02   2.4304762E+02   5.4328291E+02   1.5292605E-01   2.2185556E-01   1.8376293E-01
   7.8260870E-01   3.3677186E+02   1.8241809E+02   5.1918995E+02   2.0783525E-01   2.3954589E-01   2.1897682E-01
   7.9710145E-01   3.3064873E+02   1.7910140E+02   5.0975013E+02   2.1311156E-01   2.9101602E-01   2.4048340E-01
   8.1159420E-01   3.1121328E+02   6.7655061E+01   3.7886834E+02   2.3186100E-01   3.6347186E-01   2.5536294E-01
   8.2608696E-01   3.0575340E+02   1.3293626E+02   4.3868966E+02   3.5948760E-01   1.2649291E-01   2.8888315E-01
   8.4057971E-01   2.6128851E+02   9.1450979E+01   3.5273949E+02   2.1532987E-01   2.6805422E-01   2.2899915E-01
   8.5507246E-01   2.1833091E+02   6.4214973E+01   2.8254588E+02   2.1407639E-01   1.5089388E-01   1.9971673E-01
   8.6956522E-01   1.5154734E+02   1.2628945E+02   2.7783678E+02   3.3104088E-01   1.9935824E-01   2.7115835E-01
   8.8405797E-01   7.4531477E+01   1.2421913E+02   1.9875061E+02   2.6366372E-01   2.5161058E-01   2.5613051E-01
   8.9855072E-01   1.3443715E+02   2.4443119E+01   1.5888027E+02   2.5752812E-01   3.7257744E-01   2.7522802E-01
   9.1304348E-01   1.5635836E+02   4.8110266E+01   2.0446863E+02   2.7335003E-01   3.1742550E-01   2.8372073E-01
   9.2753623E-01   4.7358543E+01   5.9198178E+01   1.0655672E+02   1.0713933E-01   2.5373926E-01   1.8858374E-01
   9.4202899E-01   8.1602412E+01   5.8287437E+01   1.3988985E+02   2.9395626E-01   8.2711781E-02   2.0593773E-01
   9.5652174E-01   5.7404294E+01   3.4442577E+01   9.1846871E+01   3.2866354E-01   2.8263774E-01   3.1140386E-01
   9.7101449E-01   3.3928508E+01   1.1309503E+01   4.5238011E+01   4.1986553E-01   1.4315232E-05   3.1489557E-01
   9.8550725E-01   4.4572746E+01   2.2286373E+01   6.6859119E+01   3.1707141E-01   4.2510337E-01   3.5308207E-01
   1.0000000E+00   0.0000000E+00   0.0000000E+00   0.0000000E+00   0.0000000E+00   0.0000000E+00   0.0000000E+00
