   0.0000000E+00   2.9803657E+10   1.5305754E+10   4.5097875E+10   1.0675356E-05   8.5072954E-06   6.6197607E-06
   1.4492754E-02   8.5375708E+07   4.1402732E+07   1.2677692E+08   1.1818740E-02   1.0397689E-02   1.1348343E-02
   2.8985507E-02   7.3534557E+07   3.5511330E+07   1.0904399E+08   1.6663231E-02   1.5885377E-02   1.6408003E-02
   4.3478261E-02   5.0518305E+07   2.4455699E+07   7.4973498E+07   7.4895210E-03   6.4114380E-03   7.1039521E-03
   5.7971014E-02   3.0269876E+07   1.4539641E+07   4.4808948E+07   2.0760047E-03   2.6371972E-03   2.2588523E-03
   7.2463768E-02   1.8680482E+07   8.8894637E+06   2.7569643E+07   1.0819363E-03   6.5447250E-04   6.1754475E-04
   8.6956522E-02   1.2868390E+07   6.0865199E+06   1.8954657E+07   1.1575519E-03   1.5037505E-03   1.2461036E-03
   1.0144928E-01   9.7900662E+06   4.6005442E+06   1.4390502E+07   1.5738305E-03   1.8343319E-03   1.6545543E-03
   1.1594203E-01   7.9196744E+06   3.6504912E+06   1.1569976E+07   2.6311888E-03   2.5686081E-03   2.5852864E-03
   1.3043478E-01   6.6297750E+06   3.0284209E+06   9.6581118E+06   1.8612819E-03   3.1453492E-03   2.1486723E-03
   1.4492754E-01   5.6114190E+06   2.5332653E+06   8.1445327E+06   2.3935740E-03   3.6062869E-03   2.7247477E-03
   1.5942029E-01   4.7365431E+06   2.1166341E+06   6.8529706E+06   2.8885617E-03   4.9979155E-03   3.5378448E-03
   1.7391304E-01   3.9190141E+06   1.7604118E+06   5.6793627E+06   3.1117157E-03   3.2957257E-03   3.0902595E-03
   1.8840580E-01   3.3374221E+06   1.4844645E+06   4.8218282E+06   2.8862098E-03   3.3567704E-03   2.9994815E-03
   2.0289855E-01   2.9157166E+06   1.2772734E+06   4.1929901E+06   3.1082253E-03   2.5490646E-03   2.9263820E-03
   2.1739130E-01   2.5570582E+06   1.1303411E+06   3.6873993E+06   1.7351991E-03   3.6664294E-03   2.2486051E-03
   2.3188406E-01   2.2406274E+06   9.8467882E+05   3.2253062E+06   2.4457494E-03   2.0992234E-03   2.2904186E-03
   2.4637681E-01   1.9395830E+06   8.4122144E+05   2.7807599E+06   2.3757078E-03   1.4371309E-03   2.0557344E-03
   2.6086957E-01   1.6381004E+06   7.0654736E+05   2.3446478E+06   3.1926930E-03   2.0273345E-03   2.6919640E-03
   2.7536232E-01   1.3359297E+06   5.7819297E+05   1.9141226E+06   1.8316232E-03   2.0891267E-03   1.8779263E-03
   2.8985507E-01   1.0077140E+06   4.4479143E+05   1.4525054E+06   3.3978631E-03   3.3490593E-03   3.2693808E-03
   3.0434783E-01   6.8012280E+05   2.8801211E+05   9.6809882E+05   4.3634829E-03   4.2315796E-03   4.3214424E-03
   3.1884058E-01   3.2493127E+05   1.3546265E+05   4.6039392E+05   9.9505370E-03   7.3274639E-03   9.1639141E-03
   3.3333333E-01   7.7091471E+04   3.2352062E+04   1.0944353E+05   3.4111944E-02   2.3832580E-02   3.1065735E-02
   3.4782609E-01   2.6899652E+04   1.0892465E+04   3.7792117E+04   1.0197088E-01   9.7863543E-02   1.0077245E-01
   3.6231884E-01   2.8521209E+04   1.0941718E+04   3.9462927E+04   1.2512860E-01   1.2149355E-01   1.2404625E-01
   3.7681159E-01   2.8968856E+04   1.1045469E+04   4.0014326E+04   1.3167750E-01   1.3453887E-01   1.3246510E-01
   3.9130435E-01   3.0393660E+04   1.2067658E+04   4.2461319E+04   1.4120149E-01   1.2367111E-01   1.3621896E-01
   4.0579710E-01   3.0309467E+04   1.1311926E+04   4.1621394E+04   1.5214756E-01   1.3444070E-01   1.4733501E-01
   4.2028986E-01   2.7383036E+04   1.1026375E+04   3.8409411E+04   1.5643823E-01   1.4341928E-01   1.5270060E-01
   4.3478261E-01   2.4399121E+04   9.0423244E+03   3.3441446E+04   1.6104049E-01   1.4994664E-01   1.5804073E-01
   4.4927536E-01   2.4052029E+04   8.2617742E+03   3.2313803E+04   1.5431693E-01   1.4195722E-01   1.5115678E-01
   4.6376812E-01   1.8493511E+04   7.8615181E+03   2.6355029E+04   1.4317220E-01   1.2741535E-01   1.3847204E-01
   4.7826087E-01   1.6876863E+04   7.3018262E+03   2.4178689E+04   1.4489421E-01   1.4011367E-01   1.4344958E-01
   4.9275362E-01   1.5934757E+04   5.7053115E+03   2.1640068E+04   1.4390970E-01   1.2787337E-01   1.3968179E-01
   5.0724638E-01   1.2968122E+04   4.7196171E+03   1.7687739E+04   1.4014983E-01   1.1458804E-01   1.3332905E-01
   5.2173913E-01   1.2229028E+04   4.1886000E+03   1.6417628E+04   1.4095766E-01   1.0354981E-01   1.3141383E-01
   5.3623188E-01   9.6253038E+03   3.7067659E+03   1.3332070E+04   1.3517198E-01   1.0966652E-01   1.2808060E-01
   5.5072464E-01   7.7767712E+03   3.3101129E+03   1.1086884E+04   1.3338704E-01   1.1135831E-01   1.2681012E-01
   5.6521739E-01   6.4699055E+03   2.8366553E+03   9.3065608E+03   1.4325350E-01   1.2473757E-01   1.3760968E-01
   5.7971014E-01   5.6830251E+03   2.0458890E+03   7.7289142E+03   1.6059646E-01   1.3867749E-01   1.5479427E-01
   5.9420290E-01   4.3246435E+03   1.6263617E+03   5.9510052E+03   1.8102640E-01   1.1105030E-01   1.6189795E-01
   6.0869565E-01   3.0129054E+03   1.5154734E+03   4.5283788E+03   2.2847454E-01   1.9188923E-01   2.1622938E-01
   6.2318841E-01   2.6961329E+03   1.0573070E+03   3.7534399E+03   2.4960754E-01   2.3441578E-01   2.4532812E-01
   6.3768116E-01   2.2559888E+03   6.8885153E+02   2.9448403E+03   2.1597565E-01   2.3027666E-01   2.1932092E-01
   6.5217391E-01   1.4649576E+03   5.5567357E+02   2.0206312E+03   2.7809277E-01   2.8332495E-01   2.7953162E-01
   6.6666667E-01   1.2024952E+03   6.5890146E+02   1.8613966E+03   2.7823147E-01   2.7858881E-01   2.7835054E-01
   6.8115942E-01   1.1769102E+03   4.9978377E+02   1.6766939E+03   3.0667551E-01   2.7281867E-01   2.9658356E-01
   6.9565217E-01   1.1366050E+03   4.5779925E+02   1.5944043E+03   2.9085222E-01   2.7400980E-01   2.8601628E-01
   7.1014493E-01   9.8969689E+02   2.1649620E+02   1.2061931E+03   2.9785715E-01   2.7333879E-01   2.9345642E-01
   7.2463768E-01   9.5474822E+02   2.2732101E+02   1.1820692E+03   3.1104236E-01   2.7597091E-01   3.0429785E-01
   7.3913043E-01   5.9430328E+02   2.9715164E+02   8.9145492E+02   3.0162674E-01   3.4003238E-01   3.1442862E-01
   7.5362319E-01   6.8487739E+02   1.8943417E+02   8.7431156E+02   3.4713761E-01   3.6983576E-01   3.5205554E-01
   7.6811594E-01   6.8625209E+02   1.5726610E+02   8.4351820E+02   3.2648312E-01   2.8504713E-01   3.1875777E-01
   7.8260870E-01   5.6128643E+02   1.2628945E+02   6.8757588E+02   3.0914466E-01   3.7036850E-01   3.2038985E-01
   7.9710145E-01   4.9597310E+02   1.3777031E+02   6.3374341E+02   3.3674762E-01   2.7691836E-01   3.2374126E-01
   8.1159420E-01   3.6533733E+02   1.4884113E+02   5.1417846E+02   3.5906224E-01   3.4160713E-01   3.5400944E-01
   8.2608696E-01   3.5892790E+02   1.3293626E+02   4.9186416E+02   3.7639447E-01   3.3252620E-01   3.6453818E-01
   8.4057971E-01   4.4419047E+02   2.6128851E+01   4.7031932E+02   3.7886648E-01   3.7915779E-01   3.7888266E-01
   8.5507246E-01   1.9264492E+02   3.8528984E+01   2.3117390E+02   3.7138986E-01   3.8466409E-01   3.7360223E-01
   8.6956522E-01   3.1572362E+02   6.3144724E+01   3.7886834E+02   3.9272860E-01   3.8331201E-01   3.9115916E-01
   8.8405797E-01   3.3539165E+02   7.4531477E+01   4.0992312E+02   3.7411657E-01   3.8113061E-01   3.7539185E-01
   8.9855072E-01   1.8332339E+02   3.6664678E+01   2.1998807E+02   3.9509441E-01   3.7978327E-01   3.9254255E-01
   9.1304348E-01   2.1649620E+02   2.4055133E+01   2.4055133E+02   4.0600847E-01   3.7856515E-01   4.0326413E-01
   9.2753623E-01   1.6575490E+02   7.1037814E+01   2.3679271E+02   3.9960422E-01   3.3876607E-01   3.8135277E-01
   9.4202899E-01   6.9944925E+01   5.8287437E+01   1.2823236E+02   4.0896818E-01   3.3031520E-01   3.7321682E-01
   9.5652174E-01   1.3777031E+02   3.4442577E+01   1.7221288E+02   3.7281740E-01   4.1894957E-01   3.8204383E-01
   9.7101449E-01   1.0178552E+02   1.1309503E+01   1.1309503E+02   4.1995340E-01   4.2260644E-01   4.2021871E-01
   9.8550725E-01   5.5715933E+01   1.1143187E+01   6.6859119E+01   3.3424980E-01   4.2791602E-01   3.4986084E-01
   1.0000000E+00   0.0000000E+00   0.0000000E+00   0.0000000E+00   0.0000000E+00   0.0000000E+00   0.0000000E+00
