   0.0000000E+00   3.7437375E+10   1.8808528E+10   5.6234537E+10   1.9414868E-06   3.2761394E-06   2.2942845E-07
   1.4492754E-02   1.7439310E+07   8.5586358E+06   2.5997946E+07   1.1476048E-03   2.4468154E-03   9.8390576E-04
   2.8985507E-02   1.6328089E+07   8.1600664E+06   2.4488155E+07   1.7574729E-03   3.0447323E-03   2.1625516E-03
   4.3478261E-02   1.3655931E+07   6.7521916E+06   2.0408122E+07   2.7928662E-03   2.6805403E-03   2.3420896E-03
   5.7971014E-02   9.8930101E+06   4.8159849E+06   1.4708995E+07   5.1725090E-04   2.1460985E-03   1.0396621E-03
   7.2463768E-02   6.8420592E+06   3.4677062E+06   1.0309765E+07   6.2094867E-03   4.5276712E-03   5.6428917E-03
   8.6956522E-02   4.8415585E+06   2.3877546E+06   7.2293131E+06   5.2117699E-03   5.2208526E-03   5.2039906E-03
   1.0144928E-01   3.5728367E+06   1.7654182E+06   5.3382549E+06   1.1215099E-02   1.0530043E-02   1.0915291E-02
   1.1594203E-01   2.6947958E+06   1.3367422E+06   4.0315380E+06   1.6608988E-02   1.6676299E-02   1.6631061E-02
   1.3043478E-01   2.1110544E+06   1.0399515E+06   3.1510059E+06   2.5080616E-02   1.7617754E-02   2.2616037E-02
   1.4492754E-01   1.7216535E+06   8.4070885E+05   2.5623624E+06   3.4781568E-02   3.4409458E-02   3.4658971E-02
   1.5942029E-01   1.3967842E+06   6.8382291E+05   2.0805383E+06   4.6862521E-02   4.0203243E-02   4.4662388E-02
   1.7391304E-01   1.1129258E+06   5.4007682E+05   1.6530026E+06   5.8707289E-02   5.4679551E-02   5.7379187E-02
   1.8840580E-01   8.8218036E+05   4.2240906E+05   1.3045894E+06   6.1993419E-02   6.1118222E-02   6.1708077E-02
   2.0289855E-01   6.9711775E+05   3.2669276E+05   1.0238105E+06   6.4892644E-02   6.1054489E-02   6.3655915E-02
   2.1739130E-01   5.6148288E+05   2.7056251E+05   8.3204539E+05   6.4923713E-02   6.2978317E-02   6.4290741E-02
   2.3188406E-01   4.3607746E+05   2.1335024E+05   6.4942770E+05   6.8482785E-02   6.2097505E-02   6.6380622E-02
   2.4637681E-01   3.5105495E+05   1.7098105E+05   5.2203600E+05   7.2250439E-02   5.8313699E-02   6.7682476E-02
   2.6086957E-01   2.7126973E+05   1.3432988E+05   4.0559961E+05   7.4420975E-02   6.5082077E-02   7.1325325E-02
   2.7536232E-01   2.0726092E+05   1.0189564E+05   3.0915657E+05   7.1822463E-02   6.1335230E-02   6.8350623E-02
   2.8985507E-01   1.4313646E+05   6.8840378E+04   2.1197684E+05   6.6271133E-02   5.9791508E-02   6.4161772E-02
   3.0434783E-01   8.8222200E+04   4.1386856E+04   1.2960906E+05   7.7564996E-02   7.2786133E-02   7.5897474E-02
   3.1884058E-01   3.8954554E+04   1.8702319E+04   5.7656873E+04   6.3921245E-02   7.4378644E-02   6.6743375E-02
   3.3333333E-01   8.5986641E+03   4.5464201E+03   1.3145084E+04   4.0415045E-02   3.9822179E-02   4.0108675E-02
   3.4782609E-01   2.6520784E+03   1.4523286E+03   4.1044070E+03   4.5049265E-02   5.9261630E-02   4.8977146E-02
   3.6231884E-01   2.3641385E+03   1.3942355E+03   3.7583740E+03   7.1122372E-02   6.4949885E-02   6.8742960E-02
   3.7681159E-01   2.3897849E+03   9.3259900E+02   3.3223839E+03   6.1943152E-02   1.1464645E-01   7.6709500E-02
   3.9130435E-01   2.1890171E+03   1.4874090E+03   3.6764261E+03   7.2826992E-02   8.2067927E-02   7.6174641E-02
   4.0579710E-01   2.3273341E+03   9.7423288E+02   3.3015670E+03   1.0751202E-01   9.8206194E-02   1.0223459E-01
   4.2028986E-01   2.3515966E+03   1.2803137E+03   3.6319103E+03   1.1611527E-01   1.1578784E-01   1.1588327E-01
   4.3478261E-01   2.6520784E+03   1.0608314E+03   3.7129098E+03   1.2698408E-01   8.5198895E-02   1.1443804E-01
   4.4927536E-01   2.2243238E+03   9.2883852E+02   3.1531623E+03   1.1620877E-01   1.3079245E-01   1.2049132E-01
   4.6376812E-01   2.1784930E+03   1.1129258E+03   3.2914187E+03   1.3887289E-01   1.1519389E-01   1.3084054E-01
   4.7826087E-01   2.2732101E+03   1.2169710E+03   3.4901811E+03   1.2178225E-01   1.3655194E-01   1.2690160E-01
   4.9275362E-01   2.3623555E+03   8.9145492E+02   3.2538105E+03   1.5950051E-01   9.4993679E-02   1.4177473E-01
   5.0724638E-01   2.3381589E+03   7.7938630E+02   3.1175452E+03   1.7279047E-01   1.9748954E-01   1.7840615E-01
   5.2173913E-01   2.5468372E+03   1.2207980E+03   3.7676352E+03   1.8574861E-01   1.5325732E-01   1.7520459E-01
   5.3623188E-01   2.4370450E+03   1.1878035E+03   3.6248485E+03   1.7127170E-01   1.5615783E-01   1.6628281E-01
   5.5072464E-01   2.6121975E+03   1.0967241E+03   3.7089217E+03   1.7690750E-01   1.5474784E-01   1.7022116E-01
   5.6521739E-01   2.8755136E+03   1.1657487E+03   4.0412623E+03   1.8837501E-01   1.5454632E-01   1.7861550E-01
   5.7971014E-01   2.1974364E+03   1.0418879E+03   3.2393243E+03   1.9425144E-01   1.9323829E-01   1.9392167E-01
   5.9420290E-01   2.1623218E+03   8.1318083E+02   2.9755026E+03   1.7302862E-01   1.6539075E-01   1.7093912E-01
   6.0869565E-01   1.8402177E+03   1.0644396E+03   2.9046573E+03   1.9238292E-01   1.3454277E-01   1.7118566E-01
   6.2318841E-01   1.9383962E+03   9.6919808E+02   2.9075943E+03   2.0595965E-01   1.5447497E-01   1.8878187E-01
   6.3768116E-01   2.2387675E+03   9.1272828E+02   3.1514958E+03   2.2577053E-01   1.9483742E-01   2.1678260E-01
   6.5217391E-01   1.6838593E+03   8.7560683E+02   2.5594661E+03   2.5163832E-01   2.2748238E-01   2.4337381E-01
   6.6666667E-01   1.8119790E+03   7.9068176E+02   2.6026608E+03   2.2929295E-01   1.7556974E-01   2.1297187E-01
   6.8115942E-01   1.4348631E+03   7.2549257E+02   2.1603557E+03   2.0283465E-01   2.4322041E-01   2.1635464E-01
   6.9565217E-01   1.5154734E+03   8.9981231E+02   2.4152857E+03   2.2183459E-01   2.0425717E-01   2.1527714E-01
   7.1014493E-01   1.3299052E+03   8.0412873E+02   2.1340339E+03   2.4239031E-01   2.0545495E-01   2.2844924E-01
   7.2463768E-01   1.1366050E+03   5.6072515E+02   1.6973302E+03   2.0541197E-01   2.1723462E-01   2.0931649E-01
   7.3913043E-01   1.0994611E+03   5.9430328E+02   1.6937644E+03   2.6089537E-01   2.1128756E-01   2.4347204E-01
   7.5362319E-01   1.0491739E+03   4.9544322E+02   1.5446171E+03   2.3041406E-01   1.8092116E-01   2.1452241E-01
   7.6811594E-01   1.0007843E+03   5.7187674E+02   1.5726610E+03   2.1297130E-01   2.2568687E-01   2.1759295E-01
   7.8260870E-01   9.2612261E+02   3.2273970E+02   1.2488623E+03   2.3990765E-01   1.6672417E-01   2.2099491E-01
   7.9710145E-01   8.6795293E+02   1.6532437E+02   1.0332773E+03   2.3480918E-01   1.5358449E-01   2.2181025E-01
   8.1159420E-01   8.2539175E+02   3.9239935E+02   1.2177911E+03   1.7994842E-01   2.2130625E-01   1.9326662E-01
   8.2608696E-01   6.3809405E+02   1.5952351E+02   7.9761756E+02   2.5032623E-01   3.0282859E-01   2.6082627E-01
   8.4057971E-01   4.7031932E+02   3.6580392E+02   8.3612324E+02   2.1194355E-01   2.6478840E-01   2.3506255E-01
   8.5507246E-01   6.0362075E+02   3.7244684E+02   9.7606759E+02   2.3111890E-01   2.1919444E-01   2.2656146E-01
   8.6956522E-01   3.6623940E+02   2.5257889E+02   6.1881829E+02   2.1909335E-01   2.9349864E-01   2.4946277E-01
   8.8405797E-01   4.2234504E+02   1.7390678E+02   5.9625182E+02   2.2379779E-01   2.7957836E-01   2.4006330E-01
   8.9855072E-01   4.1553302E+02   2.0776651E+02   6.2329953E+02   2.2633635E-01   1.8576555E-01   2.1281011E-01
   9.1304348E-01   2.2852376E+02   1.4433080E+02   3.7285456E+02   2.7298150E-01   1.2857709E-01   2.1708279E-01
   9.2753623E-01   2.0127381E+02   7.1037814E+01   2.7231162E+02   3.0530797E-01   3.3934059E-01   3.1418537E-01
   9.4202899E-01   1.5154734E+02   1.0491739E+02   2.5646472E+02   1.6146980E-01   1.6937120E-01   1.6459634E-01
   9.5652174E-01   3.0998319E+02   5.7404294E+01   3.6738748E+02   2.7452436E-01   8.3745180E-02   2.4471511E-01
   9.7101449E-01   1.2440453E+02   7.9166519E+01   2.0357105E+02   2.6361415E-01   3.6032133E-01   3.0122250E-01
   9.8550725E-01   6.6859119E+01   1.1143187E+01   7.8002306E+01   1.4097813E-01   4.8730146E-05   1.2084536E-01
   1.0000000E+00   4.3768184E+01   0.0000000E+00   4.3768184E+01   4.2506204E-01   0.0000000E+00   4.2506204E-01
