   0.0000000E+00   3.6240388E+10   1.8218130E+10   5.4343711E+10   1.8557641E-06   3.1470621E-06   2.1894672E-06
   1.4492754E-02   2.9909382E+07   1.5164584E+07   4.5073209E+07   2.3417500E-02   2.1247889E-02   2.2688971E-02
   2.8985507E-02   2.5173907E+07   1.2570852E+07   3.7744001E+07   2.2016258E-02   2.1761321E-02   2.1931772E-02
   4.3478261E-02   1.4683674E+07   7.3720202E+06   2.2055694E+07   4.7732163E-03   5.5333512E-03   5.0171107E-03
   5.7971014E-02   8.7766746E+06   4.3011029E+06   1.3077588E+07   2.4196617E-03   1.4316743E-03   1.6130624E-03
   7.2463768E-02   6.2449627E+06   3.0651964E+06   9.3097044E+06   1.7909061E-03   2.2100370E-03   1.6721248E-03
   8.6956522E-02   4.8621437E+06   2.4322085E+06   7.2942259E+06   2.5016379E-03   2.0718017E-03   2.3488948E-03
   1.0144928E-01   4.0179529E+06   1.9800742E+06   5.9979188E+06   1.9322173E-03   4.6993705E-03   2.5644290E-03
   1.1594203E-01   3.3631196E+06   1.6423943E+06   5.0053244E+06   2.1181047E-03   3.3476915E-03   2.4969711E-03
   1.3043478E-01   2.8461432E+06   1.3993713E+06   4.2455144E+06   2.6059639E-03   3.5079202E-03   2.8988171E-03
   1.4492754E-01   2.4374116E+06   1.2022250E+06   3.6396366E+06   3.9278375E-03   7.2554816E-03   5.0180625E-03
   1.5942029E-01   2.0763363E+06   1.0271465E+06   3.1034828E+06   5.1883588E-03   5.9943572E-03   5.3452628E-03
   1.7391304E-01   1.7684311E+06   8.6116774E+05   2.6295357E+06   6.5679469E-03   5.5246017E-03   5.7363289E-03
   1.8840580E-01   1.5268977E+06   7.4153278E+05   2.2683139E+06   5.2266932E-03   5.2625433E-03   5.2302925E-03
   2.0289855E-01   1.3071499E+06   6.3519984E+05   1.9422956E+06   7.3790741E-03   6.4050424E-03   7.0497785E-03
   2.1739130E-01   1.1313009E+06   5.6274578E+05   1.6940466E+06   6.5203077E-03   5.1254625E-03   5.7806596E-03
   2.3188406E-01   9.7989561E+05   4.8244148E+05   1.4623844E+06   5.4580261E-03   5.7483326E-03   5.5378214E-03
   2.4637681E-01   8.4246947E+05   4.1813693E+05   1.2605618E+06   5.7358700E-03   2.4198897E-03   4.6342725E-03
   2.6086957E-01   7.1694519E+05   3.4994806E+05   1.0669353E+06   3.4164054E-03   6.8649992E-03   4.4634604E-03
   2.7536232E-01   5.9586020E+05   2.9128993E+05   8.8715013E+05   4.4100319E-03   6.4707316E-03   5.0758138E-03
   2.8985507E-01   4.6248459E+05   2.2542666E+05   6.8787336E+05   8.8989365E-03   6.2136241E-03   7.9375411E-03
   3.0434783E-01   3.3062577E+05   1.6284122E+05   4.9346699E+05   9.5864029E-03   1.1281021E-02   9.7959971E-03
   3.1884058E-01   1.7441721E+05   8.6795293E+04   2.6121250E+05   1.4091796E-02   1.8329669E-02   1.5490127E-02
   3.3333333E-01   4.7342070E+04   2.2633265E+04   6.9975336E+04   6.2772522E-02   7.5808102E-02   6.6987463E-02
   3.4782609E-01   2.2953107E+04   1.1334478E+04   3.4287585E+04   1.6831714E-01   1.8492436E-01   1.7378997E-01
   3.6231884E-01   2.4853763E+04   1.1941930E+04   3.6795693E+04   1.8961388E-01   1.9161787E-01   1.9026360E-01
   3.7681159E-01   2.3023538E+04   1.0958038E+04   3.3981576E+04   2.0816187E-01   1.8782530E-01   2.0160393E-01
   3.9130435E-01   1.8410195E+04   9.5699337E+03   2.7980129E+04   2.0243086E-01   1.9982822E-01   2.0152823E-01
   4.0579710E-01   1.6778455E+04   7.2526225E+03   2.4031078E+04   2.1106448E-01   2.1892366E-01   2.1343591E-01
   4.2028986E-01   1.3978935E+04   5.8528627E+03   1.9831798E+04   2.1511504E-01   1.9195572E-01   2.0827364E-01
   4.3478261E-01   1.0961924E+04   5.7082830E+03   1.6670207E+04   1.9508986E-01   1.9450365E-01   1.9488009E-01
   4.4927536E-01   9.6305888E+03   4.5464201E+03   1.4177009E+04   2.0391125E-01   2.0666703E-01   2.0478976E-01
   4.6376812E-01   7.8378388E+03   3.8834005E+03   1.1721239E+04   2.0801770E-01   1.8403983E-01   2.0007286E-01
   4.7826087E-01   6.7966684E+03   3.3753725E+03   1.0172041E+04   1.8928807E-01   1.7698517E-01   1.8520437E-01
   4.9275362E-01   5.8613161E+03   3.0086604E+03   8.8699765E+03   1.6335929E-01   1.9489801E-01   1.7405705E-01
   5.0724638E-01   5.0227117E+03   2.8577498E+03   7.8804615E+03   1.7421516E-01   1.9247472E-01   1.8083672E-01
   5.2173913E-01   4.9673849E+03   2.3363548E+03   7.3037397E+03   1.8752140E-01   1.8839595E-01   1.8780115E-01
   5.3623188E-01   4.1163533E+03   2.0274576E+03   6.1438110E+03   1.7980807E-01   1.9546239E-01   1.8497387E-01
   5.5072464E-01   3.4496960E+03   1.4755925E+03   4.9252884E+03   1.8411786E-01   1.6256241E-01   1.7765920E-01
   5.6521739E-01   2.8366553E+03   1.4960442E+03   4.3326995E+03   1.8700814E-01   1.6692386E-01   1.8007311E-01
   5.7971014E-01   2.8036257E+03   1.5533602E+03   4.3569859E+03   1.6059668E-01   1.9223596E-01   1.7187677E-01
   5.9420290E-01   2.4765053E+03   9.7951327E+02   3.4560185E+03   1.7231173E-01   2.0788630E-01   1.8239436E-01
   6.0869565E-01   2.4716649E+03   1.1546464E+03   3.6263113E+03   1.8325937E-01   1.5803038E-01   1.7522626E-01
   6.2318841E-01   2.1851011E+03   9.1633273E+02   3.1014339E+03   1.4761115E-01   1.7163916E-01   1.5471034E-01
   6.3768116E-01   1.7049075E+03   8.9550699E+02   2.6004145E+03   1.6620914E-01   2.0212456E-01   1.7857732E-01
   6.5217391E-01   1.5323120E+03   6.9038231E+02   2.2226943E+03   1.8470170E-01   1.7243947E-01   1.8089297E-01
   6.6666667E-01   1.4660558E+03   5.4359371E+02   2.0096495E+03   1.8363217E-01   2.0399248E-01   1.8913946E-01
   6.8115942E-01   1.5154734E+03   5.1590583E+02   2.0313792E+03   1.7601305E-01   1.5383175E-01   1.7037970E-01
   6.9565217E-01   1.1366050E+03   4.2622688E+02   1.5628319E+03   1.7275048E-01   1.1803271E-01   1.5782745E-01
   7.1014493E-01   6.6495260E+02   3.2474429E+02   9.8969689E+02   1.8918808E-01   2.1324606E-01   1.9708211E-01
   7.2463768E-01   6.5165355E+02   2.7278521E+02   9.2443875E+02   2.1518463E-01   2.2064920E-01   2.1679713E-01
   7.3913043E-01   6.8344877E+02   3.1200922E+02   9.9545800E+02   2.5120458E-01   2.3132667E-01   2.4497419E-01
   7.5362319E-01   5.9744623E+02   2.7686533E+02   8.7431156E+02   2.8206774E-01   2.7275410E-01   2.7911842E-01
   7.6811594E-01   5.0039215E+02   1.1437535E+02   6.1476750E+02   3.1736024E-01   3.0800692E-01   3.1562009E-01
   7.8260870E-01   4.7709347E+02   1.6838593E+02   6.4547940E+02   3.2105790E-01   2.2235209E-01   2.9530856E-01
   7.9710145E-01   3.8575686E+02   1.5154734E+02   5.3730419E+02   2.9982783E-01   2.2650450E-01   2.7914689E-01
   8.1159420E-01   2.4355822E+02   1.6237215E+02   4.0593037E+02   2.9454892E-01   3.0692519E-01   2.9949943E-01
   8.2608696E-01   3.1904702E+02   2.2599164E+02   5.4503867E+02   3.0211392E-01   3.4974115E-01   3.2186179E-01
   8.4057971E-01   2.4822409E+02   6.5322128E+01   3.1354621E+02   2.6873688E-01   3.9693216E-01   2.9544423E-01
   8.5507246E-01   1.7980193E+02   8.9900963E+01   2.6970289E+02   2.9159855E-01   2.8366372E-01   2.8895361E-01
   8.6956522E-01   2.0206312E+02   1.1366050E+02   3.1572362E+02   2.8525555E-01   3.7793264E-01   3.1861931E-01
   8.8405797E-01   1.3664104E+02   1.2421913E+01   1.4906295E+02   3.2565919E-01   4.2693585E-01   3.3409892E-01
   8.9855072E-01   9.7772475E+01   4.8886238E+01   1.4665871E+02   3.9650728E-01   1.9067772E-01   3.2789742E-01
   9.1304348E-01   8.4192965E+01   9.6220531E+01   1.8041350E+02   3.5572657E-01   3.0055442E-01   3.2630142E-01
   9.2753623E-01   1.4207563E+02   5.9198178E+01   2.0127381E+02   4.0549674E-01   3.9867819E-01   4.0349128E-01
   9.4202899E-01   3.4972462E+01   4.6629950E+01   8.1602412E+01   4.1249326E-01   4.2211910E-01   4.1799374E-01
   9.5652174E-01   1.1480859E+02   1.1480859E+01   1.2628945E+02   4.0887613E-01   4.2171539E-01   4.1004334E-01
   9.7101449E-01   5.6547514E+01   2.2619005E+01   7.9166519E+01   3.2926213E-01   2.1316295E-01   2.9609094E-01
   9.8550725E-01   3.3429560E+01   1.1143187E+01   4.4572746E+01   4.2333349E-01   7.4633987E-06   3.1750197E-01
   1.0000000E+00   0.0000000E+00   0.0000000E+00   0.0000000E+00   0.0000000E+00   0.0000000E+00   0.0000000E+00
