   0.0000000E+00   3.4676740E+10   1.7423797E+10   5.2096555E+10   2.5276743E-06   9.4933484E-07   1.3947212E-06
   1.4492754E-02   1.5444947E+07   7.5250830E+06   2.2970030E+07   8.4665096E-04   2.7068635E-03   1.2379407E-03
   2.8985507E-02   1.5465027E+07   7.5610755E+06   2.3026102E+07   1.0259852E-03   1.4026091E-03   1.1491405E-03
   4.3478261E-02   1.5008743E+07   7.4536032E+06   2.2462346E+07   8.9616710E-04   9.3897416E-04   8.0623450E-04
   5.7971014E-02   1.3873590E+07   6.8817646E+06   2.0755355E+07   8.5169357E-04   1.9949348E-03   9.3162648E-04
   7.2463768E-02   1.2316858E+07   6.0709863E+06   1.8387845E+07   1.1133338E-03   2.2739320E-03   1.4193175E-03
   8.6956522E-02   1.0471416E+07   5.1404857E+06   1.5611901E+07   1.1968396E-03   1.3745063E-03   1.2484272E-03
   1.0144928E-01   8.7697196E+06   4.3705169E+06   1.3140237E+07   1.6762623E-03   2.1677644E-03   1.8368646E-03
   1.1594203E-01   7.3245669E+06   3.6212236E+06   1.0945791E+07   2.1896013E-03   2.5375685E-03   2.2824948E-03
   1.3043478E-01   6.0564209E+06   2.9959225E+06   9.0523434E+06   2.6445113E-03   3.2204565E-03   2.8351225E-03
   1.4492754E-01   4.9931059E+06   2.4440039E+06   7.4371098E+06   4.1723882E-03   4.1047009E-03   4.1315598E-03
   1.5942029E-01   3.9371309E+06   1.9593693E+06   5.8965002E+06   5.9642458E-03   6.6413747E-03   6.1657041E-03
   1.7391304E-01   3.0561415E+06   1.4902155E+06   4.5463570E+06   8.6778997E-03   8.1009033E-03   8.4821392E-03
   1.8840580E-01   2.2871407E+06   1.1257636E+06   3.4129043E+06   9.8844893E-03   5.1196776E-03   8.3127717E-03
   2.0289855E-01   1.7575161E+06   8.5580946E+05   2.6133256E+06   1.0339404E-02   7.1446879E-03   9.2899609E-03
   2.1739130E-01   1.3429620E+06   6.6468662E+05   2.0076486E+06   1.0757365E-02   1.0734185E-02   1.0510452E-02
   2.3188406E-01   1.0201504E+06   5.0559980E+05   1.5257502E+06   1.2858009E-02   9.5317425E-03   1.1695608E-02
   2.4637681E-01   7.9638125E+05   3.9397850E+05   1.1903598E+06   1.2056835E-02   1.1245129E-02   1.1695144E-02
   2.6086957E-01   6.0168502E+05   2.9871664E+05   9.0040166E+05   1.5197855E-02   1.7650902E-02   1.6009123E-02
   2.7536232E-01   4.3761288E+05   2.1970376E+05   6.5731663E+05   1.7109702E-02   1.2332160E-02   1.5503793E-02
   2.8985507E-01   3.0260214E+05   1.5389632E+05   4.5649847E+05   1.6336263E-02   1.4789522E-02   1.5785550E-02
   3.0434783E-01   1.9347543E+05   9.3887183E+04   2.8736262E+05   1.7817162E-02   1.8391371E-02   1.8002207E-02
   3.1884058E-01   8.9895125E+04   4.4086498E+04   1.3398162E+05   1.5908479E-02   8.0257649E-03   1.2867166E-02
   3.3333333E-01   2.1908474E+04   1.1300160E+04   3.3208634E+04   1.0748787E-02   3.3124852E-02   1.6551701E-02
   3.4782609E-01   2.3679271E+03   1.0103156E+03   3.3782427E+03   2.4790243E-02   2.4577284E-02   2.2145669E-02
   3.6231884E-01   2.1822817E+03   8.1835562E+02   3.0006373E+03   9.7951382E-02   6.8805195E-02   8.9115827E-02
   3.7681159E-01   1.8069106E+03   5.2458694E+02   2.3314975E+03   8.2877245E-02   5.2737791E-02   7.3755182E-02
   3.9130435E-01   1.2067658E+03   5.8935075E+02   1.7961166E+03   1.0632467E-01   8.4127079E-02   8.5928451E-02
   4.0579710E-01   8.6598478E+02   4.3299239E+02   1.2989772E+03   1.2639071E-01   1.1495039E-01   1.2248787E-01
   4.2028986E-01   1.0190252E+03   4.1806162E+02   1.4370868E+03   8.0278295E-02   1.2741294E-01   9.3559284E-02
   4.3478261E-01   9.3454191E+02   3.7886834E+02   1.3134103E+03   9.3572175E-02   8.1300656E-02   8.9349675E-02
   4.4927536E-01   6.5996421E+02   3.1776054E+02   9.7772475E+02   1.3779063E-01   5.5196885E-02   1.1008080E-01
   4.6376812E-01   6.6301960E+02   4.9726470E+02   1.1602843E+03   9.7669120E-02   7.0894729E-02   8.2836568E-02
   4.7826087E-01   8.7254527E+02   1.3777031E+02   1.0103156E+03   1.2169612E-01   6.8858873E-02   1.1081843E-01
   4.9275362E-01   4.9030021E+02   4.0115472E+02   8.9145492E+02   1.5682463E-01   1.1770950E-01   1.3848841E-01
   5.0724638E-01   4.1134277E+02   2.8144505E+02   6.9278783E+02   1.0190324E-01   1.1508722E-01   1.0468055E-01
   5.2173913E-01   5.0515779E+02   2.3153065E+02   7.3668844E+02   7.9380028E-02   1.2243769E-01   9.1586710E-02
   5.3623188E-01   4.7102551E+02   2.0479370E+02   6.7581920E+02   1.8895972E-01   6.9983806E-02   1.4525583E-01
   5.5072464E-01   3.9880878E+02   1.3958307E+02   5.3839185E+02   1.7953384E-01   1.7397187E-01   1.7495535E-01
   5.6521739E-01   5.2458694E+02   1.9429146E+02   7.1887839E+02   1.7616776E-01   8.7845129E-02   1.5143278E-01
   5.7971014E-01   4.3569859E+02   1.1366050E+02   5.4935910E+02   1.5687852E-01   1.0197099E-01   1.4165018E-01
   5.9420290E-01   3.6962765E+02   1.2936968E+02   4.9899733E+02   1.9035665E-01   2.3372502E-01   2.0150989E-01
   6.0869565E-01   3.2474429E+02   1.4433080E+02   4.6907509E+02   1.4399010E-01   2.3836083E-02   1.0666315E-01
   6.2318841E-01   2.2908318E+02   1.4097427E+02   3.7005745E+02   2.4134185E-01   1.6397379E-01   2.1186300E-01
   6.3768116E-01   2.4109804E+02   1.5499159E+02   3.9608963E+02   2.0024432E-01   1.4661770E-01   1.7923011E-01
   6.5217391E-01   3.1993327E+02   1.3470874E+02   4.5464201E+02   2.5930536E-01   1.3402236E-01   2.2205967E-01
   6.6666667E-01   2.9650566E+02   1.6472537E+02   4.6123103E+02   1.3725594E-01   1.4409823E-01   1.3961400E-01
   6.8115942E-01   1.9346469E+02   1.2897646E+02   3.2244114E+02   1.8250717E-01   1.5292619E-01   1.6793235E-01
   6.9565217E-01   2.6836508E+02   1.5786181E+02   4.2622688E+02   2.3022697E-01   5.0888168E-02   1.6365807E-01
   7.1014493E-01   1.0824810E+02   9.2784084E+01   2.0103218E+02   1.1777110E-01   6.6791087E-02   9.1650758E-02
   7.2463768E-01   1.5154734E+02   1.2123787E+02   2.7278521E+02   2.0037651E-01   1.4913852E-01   1.7711877E-01
   7.3913043E-01   3.2686680E+02   1.4857582E+02   4.7544263E+02   2.4045804E-01   1.1206725E-01   1.9960752E-01
   7.5362319E-01   2.7686533E+02   5.8287437E+01   3.3515276E+02   1.9879674E-01   3.8083622E-01   2.3016243E-01
   7.6811594E-01   2.7164145E+02   1.2867227E+02   4.0031372E+02   2.2011311E-01   1.9829386E-01   2.1308309E-01
   7.8260870E-01   2.3854673E+02   1.2628945E+02   3.6483618E+02   1.5900434E-01   1.2556582E-01   1.4711337E-01
   7.9710145E-01   1.9287843E+02   1.2399328E+02   3.1687170E+02   1.5689181E-01   1.9174588E-01   1.7038019E-01
   8.1159420E-01   1.4884113E+02   2.7062024E+01   1.7590316E+02   2.0755592E-01   3.0749200E-01   2.2243958E-01
   8.2608696E-01   2.1269802E+02   7.9761756E+01   2.9245977E+02   2.1254753E-01   1.8245390E-01   2.0368365E-01
   8.4057971E-01   2.3515966E+02   7.8386554E+01   3.1354621E+02   1.8715136E-01   1.5029938E-01   1.7780683E-01
   8.5507246E-01   1.5411594E+02   2.5685989E+01   1.7980193E+02   2.1061326E-01   3.6580937E-05   1.8052044E-01
   8.6956522E-01   1.2628945E+02   5.0515779E+01   1.7680523E+02   2.5635579E-01   1.8535311E-01   2.3605729E-01
   8.8405797E-01   3.7265739E+01   6.2109564E+01   9.9375303E+01   3.0683283E-01   1.5339578E-01   2.1004417E-01
   8.9855072E-01   9.7772475E+01   4.8886238E+01   1.4665871E+02   3.3360085E-01   1.0704909E-01   2.5793960E-01
   9.1304348E-01   1.5635836E+02   4.8110266E+01   2.0446863E+02   1.4972706E-01   1.0226958E-01   1.3645639E-01
   9.2753623E-01   7.1037814E+01   7.1037814E+01   1.4207563E+02   2.0063269E-01   1.7569028E-01   1.8434259E-01
   9.4202899E-01   1.1657487E+02   3.4972462E+01   1.5154734E+02   2.5000364E-01   1.9317287E-05   1.9230611E-01
   9.5652174E-01   6.8885153E+01   6.8885153E+01   1.3777031E+02   2.1705694E-01   2.8335643E-01   2.5004539E-01
   9.7101449E-01   5.6547514E+01   2.2619005E+01   7.9166519E+01   2.4645580E-01   2.9766219E-07   1.7603977E-01
   9.8550725E-01   4.4572746E+01   4.4572746E+01   8.9145492E+01   3.2066044E-01   3.1503408E-01   3.1777932E-01
   1.0000000E+00   8.7536368E+01   0.0000000E+00   8.7536368E+01   1.0679371E-01   0.0000000E+00   1.0679371E-01
