   0.0000000E+00   6.7008170E+07   3.2697853E+07   9.9706024E+07   8.6791339E-04   7.0595651E-04   8.1067315E-04
   1.4492754E-02   6.7598447E+07   3.3914021E+07   1.0151171E+08   2.1681551E-04   5.5786960E-04   3.2992340E-04
   2.8985507E-02   7.1326133E+07   3.5581799E+07   1.0690490E+08   2.2333660E-04   2.1813442E-04   1.0747256E-04
   4.3478261E-02   7.6115408E+07   3.7986855E+07   1.1409999E+08   2.6134681E-05   1.4823472E-04   3.2616078E-05
   5.7971014E-02   7.8676558E+07   3.9452886E+07   1.1812395E+08   4.8346424E-05   1.2693734E-04   1.7430628E-05
   7.2463768E-02   7.8808707E+07   3.9570222E+07   1.1836711E+08   5.0223285E-05   6.5650128E-05   5.4764328E-05
   8.6956522E-02   7.6659841E+07   3.8360925E+07   1.1501332E+08   5.3180833E-06   5.2851308E-05   1.4461723E-05
   1.0144928E-01   7.2411915E+07   3.6315938E+07   1.0872147E+08   5.4503326E-05   1.4576453E-04   4.4770068E-05
   1.1594203E-01   6.8041534E+07   3.4057517E+07   1.0209214E+08   9.1899896E-05   9.8122987E-05   9.3711661E-05
   1.3043478E-01   6.4556892E+07   3.2443338E+07   9.6992232E+07   1.9462790E-05   8.0481932E-05   1.4093110E-05
   1.4492754E-01   6.2811522E+07   3.1514648E+07   9.4316849E+07   3.2410567E-05   1.0665882E-04   5.4563691E-05
   1.5942029E-01   5.4048531E+07   2.7003462E+07   8.1044829E+07   9.4166096E-05   7.1350640E-05   7.7698469E-05
   1.7391304E-01   1.6502810E+07   8.2670335E+06   2.4769339E+07   2.5836780E-04   1.7837164E-04   1.8457704E-04
   1.8840580E-01   4.0256219E+06   2.0295103E+06   6.0551321E+06   1.2095209E-03   7.5882238E-04   1.0122332E-03
   2.0289855E-01   2.5521654E+06   1.2668816E+06   3.8190470E+06   4.8157024E-04   1.0555173E-03   6.3573888E-04
   2.1739130E-01   2.1570238E+06   1.0907872E+06   3.2478110E+06   9.8331849E-04   2.1391378E-03   1.2818801E-03
   2.3188406E-01   2.0246251E+06   1.0154145E+06   3.0400396E+06   1.4049293E-03   1.4480135E-03   1.0885858E-03
   2.4637681E-01   2.0087599E+06   1.0008810E+06   3.0095964E+06   9.5204581E-04   1.4121485E-03   1.1025456E-03
   2.6086957E-01   2.0615910E+06   1.0215974E+06   3.0831885E+06   1.1907270E-03   1.6061821E-03   1.3154110E-03
   2.7536232E-01   2.1390508E+06   1.0709212E+06   3.2099720E+06   1.0419027E-04   1.5777862E-03   5.8328726E-04
   2.8985507E-01   2.1777731E+06   1.0899663E+06   3.2677395E+06   2.4470681E-04   6.8183417E-04   3.2523555E-04
   3.0434783E-01   1.9614194E+06   9.9075876E+05   2.9521060E+06   3.2519530E-04   4.7360349E-04   2.7453027E-04
   3.1884058E-01   1.1149062E+06   5.6158621E+05   1.6764924E+06   5.5097755E-04   5.6790595E-04   5.2127294E-04
   3.3333333E-01   1.0700560E+05   5.2283831E+04   1.5928943E+05   6.6906718E-03   2.4218305E-03   5.2820044E-03
   3.4782609E-01   5.4620186E+03   2.4942166E+03   7.9562352E+03   9.3462137E-02   1.1927413E-01   1.0093041E-01
   3.6231884E-01   5.1223000E+03   2.6672331E+03   7.7895331E+03   1.1742899E-01   8.6021243E-02   1.0644051E-01
   3.7681159E-01   5.5664503E+03   2.5063598E+03   8.0728101E+03   1.0732756E-01   9.6188726E-02   1.0376044E-01
   3.9130435E-01   5.6128643E+03   2.3012744E+03   7.9141387E+03   1.3656255E-01   1.2145119E-01   1.3160342E-01
   4.0579710E-01   5.3041568E+03   2.2190860E+03   7.5232428E+03   1.5240116E-01   1.4038197E-01   1.4826401E-01
   4.2028986E-01   4.7031932E+03   2.1948235E+03   6.8980167E+03   1.4668140E-01   1.4894546E-01   1.4737690E-01
   4.3478261E-01   5.0010621E+03   2.3237258E+03   7.3247879E+03   1.5666537E-01   1.6664114E-01   1.5978713E-01
   4.4927536E-01   4.3997614E+03   2.2243238E+03   6.6240852E+03   1.5772466E-01   1.8137123E-01   1.6562669E-01
   4.6376812E-01   4.0017969E+03   2.2495308E+03   6.2513276E+03   1.5146060E-01   1.6128835E-01   1.5489361E-01
   4.7826087E-01   3.6509131E+03   2.3420952E+03   5.9930083E+03   1.7159724E-01   1.6796345E-01   1.7017714E-01
   4.9275362E-01   3.4989606E+03   1.4486142E+03   4.9475748E+03   1.5234387E-01   1.6326770E-01   1.5536740E-01
   5.0724638E-01   3.2041437E+03   1.6237215E+03   4.8278652E+03   1.7396795E-01   1.7831007E-01   1.7538554E-01
   5.2173913E-01   3.1993327E+03   1.4312804E+03   4.6306131E+03   2.0273839E-01   1.9025252E-01   1.9877986E-01
   5.3623188E-01   2.2527307E+03   1.1263653E+03   3.3790960E+03   1.8045460E-01   1.6052340E-01   1.7376054E-01
   5.5072464E-01   1.8744013E+03   1.0967241E+03   2.9711254E+03   1.9010560E-01   2.0622360E-01   1.9595664E-01
   5.6521739E-01   2.0012020E+03   9.7145729E+02   2.9726593E+03   1.6733648E-01   1.9836453E-01   1.7725028E-01
   5.7971014E-01   1.7427944E+03   8.3351035E+02   2.5763047E+03   1.6864541E-01   1.5748914E-01   1.6503265E-01
   5.9420290E-01   1.5154734E+03   7.7621807E+02   2.2916914E+03   2.0412054E-01   1.4543406E-01   1.8424261E-01
   6.0869565E-01   1.2448531E+03   5.2319914E+02   1.7680523E+03   1.1614853E-01   1.5559730E-01   1.2779343E-01
   6.2318841E-01   1.2687684E+03   7.0487133E+02   1.9736397E+03   1.6806151E-01   1.2356727E-01   1.5213573E-01
   6.3768116E-01   1.0160560E+03   5.6830251E+02   1.5843585E+03   1.8345393E-01   1.2793008E-01   1.6350159E-01
   6.5217391E-01   9.7663839E+02   5.3883498E+02   1.5154734E+03   1.6115267E-01   2.2989228E-01   1.8547137E-01
   6.6666667E-01   1.2024952E+03   3.6239581E+02   1.5648910E+03   1.8167796E-01   1.5525711E-01   1.7553264E-01
   6.8115942E-01   9.0283520E+02   4.0305143E+02   1.3058866E+03   1.4761977E-01   1.8842508E-01   1.5961959E-01
   6.9565217E-01   1.0261018E+03   3.1572362E+02   1.3418254E+03   1.6316662E-01   2.0284630E-01   1.7247893E-01
   7.1014493E-01   7.5773668E+02   3.8660035E+02   1.1443370E+03   1.5602225E-01   2.1093470E-01   1.7457302E-01
   7.2463768E-01   7.8804615E+02   3.6371361E+02   1.1517598E+03   1.5538292E-01   1.8358602E-01   1.6423138E-01
   7.3913043E-01   4.7544263E+02   2.8229406E+02   7.5773668E+02   1.6173672E-01   1.2777111E-01   1.4891234E-01
   7.5362319E-01   6.8487739E+02   3.3515276E+02   1.0200302E+03   1.4168329E-01   7.2454372E-02   1.1891460E-01
   7.6811594E-01   5.1468907E+02   2.7164145E+02   7.8633052E+02   1.9098880E-01   1.3482341E-01   1.7155944E-01
   7.8260870E-01   4.2096482E+02   1.8241809E+02   6.0338292E+02   1.4021465E-01   1.4163129E-01   1.4061570E-01
   7.9710145E-01   4.9597310E+02   1.3777031E+02   6.3374341E+02   1.3544611E-01   1.9955115E-01   1.4879596E-01
   8.1159420E-01   4.6005442E+02   1.3531012E+02   5.9536454E+02   2.0484541E-01   2.2839777E-01   2.1019633E-01
   8.2608696E-01   3.8551516E+02   1.7281714E+02   5.5833229E+02   2.0335967E-01   1.3394969E-01   1.8180512E-01
   8.4057971E-01   1.9596638E+02   1.5677311E+02   3.5273949E+02   2.3739951E-01   2.0122811E-01   2.2070151E-01
   8.5507246E-01   3.3391786E+02   8.9900963E+01   4.2381882E+02   1.7754479E-01   2.8145112E-01   1.9850494E-01
   8.6956522E-01   2.5257889E+02   1.2628945E+02   3.7886834E+02   1.2358259E-01   1.1327748E-01   1.1931317E-01
   8.8405797E-01   2.4843826E+02   1.1179722E+02   3.6023547E+02   2.1011588E-01   1.3788482E-01   1.8738247E-01
   8.9855072E-01   1.7110183E+02   8.5550916E+01   2.5665275E+02   1.7560266E-01   1.4556276E-01   1.6545430E-01
   9.1304348E-01   1.2027566E+02   9.6220531E+01   2.1649620E+02   2.0086310E-01   1.9497013E-01   1.9813259E-01
   9.2753623E-01   1.6575490E+02   5.9198178E+01   2.2495308E+02   1.6741504E-01   2.3468520E-01   1.8419953E-01
   9.4202899E-01   1.0491739E+02   3.4972462E+01   1.3988985E+02   2.6964102E-01   4.0923981E-01   3.0422036E-01
   9.5652174E-01   5.7404294E+01   2.2961718E+01   8.0366012E+01   2.5266682E-01   2.1012847E-01   2.3996872E-01
   9.7101449E-01   7.9166519E+01   4.5238011E+01   1.2440453E+02   3.3978419E-01   3.1091167E-01   3.2768372E-01
   9.8550725E-01   2.2286373E+01   4.4572746E+01   6.6859119E+01   2.1391384E-01   2.1191725E-01   2.1118857E-01
   1.0000000E+00   2.1884092E+01   0.0000000E+00   2.1884092E+01   3.9828658E-01   0.0000000E+00   3.9828658E-01
