   0.0000000E+00   3.4780484E+10   1.7476645E+10   5.2230638E+10   2.8765649E-06   2.1438317E-06   1.6038865E-06
   1.4492754E-02   3.4045109E+07   1.7041498E+07   5.1086607E+07   2.5487890E-03   3.0264607E-03   2.7077262E-03
   2.8985507E-02   3.2404609E+07   1.6087508E+07   4.8491738E+07   4.2129593E-03   5.8694698E-03   4.7546601E-03
   4.3478261E-02   2.7935731E+07   1.3901437E+07   4.1836663E+07   3.6895639E-03   4.5749191E-03   3.9501976E-03
   5.7971014E-02   2.1016964E+07   1.0426078E+07   3.1442852E+07   1.2742138E-03   1.4387027E-03   1.3287613E-03
   7.2463768E-02   1.4731462E+07   7.3582294E+06   2.2089237E+07   1.6396238E-03   1.7162827E-03   1.6643839E-03
   8.6956522E-02   1.0302062E+07   5.1268464E+06   1.5428782E+07   1.0046216E-03   1.6198808E-03   1.0123121E-03
   1.0144928E-01   7.3014424E+06   3.5921049E+06   1.0893547E+07   1.3082581E-03   1.4725012E-03   1.2112141E-03
   1.1594203E-01   5.2741315E+06   2.6131497E+06   7.8871864E+06   8.0304170E-04   2.0610814E-03   1.1054686E-03
   1.3043478E-01   3.9279386E+06   1.9150532E+06   5.8429918E+06   2.3558245E-03   1.0560524E-03   1.8363157E-03
   1.4492754E-01   2.9369874E+06   1.4675086E+06   4.4044960E+06   2.3551543E-03   5.2235881E-03   3.2206311E-03
   1.5942029E-01   2.2332567E+06   1.0983049E+06   3.3315615E+06   4.1970540E-03   3.6532159E-03   3.9998232E-03
   1.7391304E-01   1.6766818E+06   8.1753474E+05   2.4942166E+06   6.3665040E-03   6.3563322E-03   6.3261405E-03
   1.8840580E-01   1.2871615E+06   6.3008720E+05   1.9172487E+06   6.2002321E-03   9.5994767E-03   7.2143363E-03
   2.0289855E-01   1.0235399E+06   4.9675052E+05   1.5202904E+06   3.8286088E-03   6.5064453E-03   4.6386343E-03
   2.1739130E-01   8.2254843E+05   4.0650047E+05   1.2290489E+06   7.0937106E-03   4.1303026E-03   6.1126779E-03
   2.3188406E-01   6.9328171E+05   3.3004168E+05   1.0233234E+06   7.9829675E-03   6.5993963E-03   7.5175421E-03
   2.4637681E-01   5.5680274E+05   2.7077943E+05   8.2758218E+05   7.4570298E-03   7.3095137E-03   7.3605018E-03
   2.6086957E-01   4.5392637E+05   2.2214314E+05   6.7606951E+05   5.1420861E-03   9.5208952E-03   6.5681711E-03
   2.7536232E-01   3.4855887E+05   1.6845683E+05   5.1701570E+05   6.9415297E-03   2.8471336E-03   5.2668820E-03
   2.8985507E-01   2.5512994E+05   1.2138942E+05   3.7651936E+05   7.5432875E-03   4.7507474E-03   6.5820662E-03
   3.0434783E-01   1.5714016E+05   7.7902548E+04   2.3504270E+05   7.0730081E-03   1.6758659E-03   5.2769601E-03
   3.1884058E-01   7.4499293E+04   3.5648067E+04   1.1014736E+05   9.0190751E-03   1.1006291E-02   9.6033488E-03
   3.3333333E-01   1.9470538E+04   9.2575656E+03   2.8728104E+04   1.3412904E-02   1.6719056E-02   1.4413830E-02
   3.4782609E-01   3.5676769E+03   1.5154734E+03   5.0831503E+03   6.5896620E-02   8.1320466E-02   7.0013128E-02
   3.6231884E-01   3.3340414E+03   1.7276396E+03   5.0616810E+03   7.6965524E-02   1.0190331E-01   8.4999207E-02
   3.7681159E-01   2.9143719E+03   1.6029045E+03   4.5172764E+03   1.0616255E-01   7.5698838E-02   9.4362095E-02
   3.9130435E-01   3.2554613E+03   1.5996663E+03   4.8551276E+03   1.1289838E-01   1.0759142E-01   1.1111438E-01
   4.0579710E-01   3.4910012E+03   1.2989772E+03   4.7899783E+03   1.1338762E-01   1.0384294E-01   1.1057766E-01
   4.2028986E-01   2.7957871E+03   2.0119215E+03   4.8077086E+03   1.1364037E-01   7.7344974E-02   9.8082130E-02
   4.3478261E-01   3.8139413E+03   1.5912470E+03   5.4051883E+03   1.1943162E-01   1.3198424E-01   1.2312611E-01
   4.4927536E-01   3.4464798E+03   1.2221559E+03   4.6686357E+03   1.2648462E-01   1.4372826E-01   1.3094678E-01
   4.6376812E-01   3.2914187E+03   1.4444356E+03   4.7358543E+03   1.1358697E-01   1.0716537E-01   1.1162762E-01
   4.7826087E-01   3.5590662E+03   1.4925117E+03   5.0515779E+03   1.4768306E-01   1.4099486E-01   1.4570698E-01
   4.9275362E-01   3.1423786E+03   1.3817551E+03   4.5241337E+03   1.3151152E-01   1.0421935E-01   1.2317234E-01
   5.0724638E-01   2.8793994E+03   1.4505245E+03   4.3299239E+03   1.6685991E-01   1.2876586E-01   1.5408635E-01
   5.2173913E-01   2.8204643E+03   1.6628111E+03   4.4832754E+03   1.4665234E-01   1.3772443E-01   1.4333889E-01
   5.3623188E-01   2.7442356E+03   1.3721178E+03   4.1163533E+03   1.3150671E-01   1.9451407E-01   1.5250916E-01
   5.5072464E-01   2.7717210E+03   1.2961285E+03   4.0678496E+03   1.2461851E-01   1.8099210E-01   1.4257175E-01
   5.6521739E-01   2.4092141E+03   1.1851779E+03   3.5943920E+03   1.7540257E-01   1.0994318E-01   1.5381654E-01
   5.7971014E-01   2.3868706E+03   1.1176616E+03   3.5045322E+03   1.4591263E-01   1.6876955E-01   1.5318137E-01
   5.9420290E-01   2.5689122E+03   1.2012899E+03   3.7702020E+03   1.4036137E-01   1.4099402E-01   1.4055771E-01
   6.0869565E-01   2.2551687E+03   9.9227423E+02   3.2474429E+03   1.3464298E-01   9.8632968E-02   1.2363992E-01
   6.2318841E-01   2.2732101E+03   1.1454159E+03   3.4186260E+03   1.3281557E-01   1.2520150E-01   1.3026446E-01
   6.3768116E-01   2.2559888E+03   1.0677199E+03   3.3237086E+03   1.4007357E-01   1.3284051E-01   1.3774998E-01
   6.5217391E-01   1.9701154E+03   8.9244543E+02   2.8625608E+03   1.2516007E-01   1.4924619E-01   1.3266927E-01
   6.6666667E-01   2.1414298E+03   8.7304444E+02   3.0144742E+03   1.5875174E-01   1.2855535E-01   1.5000633E-01
   6.8115942E-01   1.3542528E+03   6.6100434E+02   2.0152571E+03   1.5781517E-01   2.0213978E-01   1.7235364E-01
   6.9565217E-01   1.6733352E+03   7.7352286E+02   2.4468580E+03   1.5296904E-01   1.0414657E-01   1.3753484E-01
   7.1014493E-01   1.2989772E+03   6.6495260E+02   1.9639298E+03   1.1428599E-01   1.2729743E-01   1.1869144E-01
   7.2463768E-01   1.3942355E+03   3.7886834E+02   1.7731038E+03   1.6362733E-01   1.3734531E-01   1.5801145E-01
   7.3913043E-01   1.0697459E+03   3.8629713E+02   1.4560430E+03   1.4581157E-01   9.3982528E-02   1.3206100E-01
   7.5362319E-01   1.0054583E+03   4.9544322E+02   1.5009015E+03   1.1917499E-01   1.5672010E-01   1.3156852E-01
   7.6811594E-01   8.7211203E+02   3.1453221E+02   1.1866442E+03   1.0016101E-01   7.9191092E-02   9.4602715E-02
   7.8260870E-01   9.4015477E+02   4.7709347E+02   1.4172482E+03   1.4007332E-01   1.8328275E-01   1.5461907E-01
   7.9710145E-01   7.3018262E+02   3.4442577E+02   1.0746084E+03   1.4221183E-01   1.4254908E-01   1.4231992E-01
   8.1159420E-01   5.4124049E+02   3.6533733E+02   9.0657782E+02   1.4690360E-01   1.4389406E-01   1.4569080E-01
   8.2608696E-01   5.8491955E+02   2.7916615E+02   8.6408569E+02   1.6198597E-01   2.4352718E-01   1.8833005E-01
   8.4057971E-01   3.3967507E+02   2.4822409E+02   5.8789915E+02   2.0323974E-01   1.3722260E-01   1.7536584E-01
   8.5507246E-01   3.7244684E+02   1.5411594E+02   5.2656278E+02   2.0556325E-01   1.2542770E-01   1.8210894E-01
   8.6956522E-01   3.6623940E+02   1.5154734E+02   5.1778673E+02   1.8998272E-01   2.8122194E-01   2.1668688E-01
   8.8405797E-01   2.8570400E+02   7.4531477E+01   3.6023547E+02   2.3086693E-01   2.5993829E-01   2.3688169E-01
   8.9855072E-01   1.7110183E+02   7.3329357E+01   2.4443119E+02   2.0332234E-01   2.5771288E-01   2.1963950E-01
   9.1304348E-01   1.6838593E+02   8.4192965E+01   2.5257889E+02   1.9465516E-01   3.3673293E-01   2.4201442E-01
   9.2753623E-01   1.1839636E+02   5.9198178E+01   1.7759454E+02   2.4558661E-01   3.2706020E-01   2.7274447E-01
   9.4202899E-01   6.9944925E+01   5.8287437E+01   1.2823236E+02   3.3320028E-01   2.3849120E-01   2.9015070E-01
   9.5652174E-01   5.7404294E+01   4.5923435E+01   1.0332773E+02   3.3659122E-01   2.0292604E-01   2.7718447E-01
   9.7101449E-01   1.3571403E+02   3.3928508E+01   1.6964254E+02   3.1480851E-01   4.1416045E-01   3.3467890E-01
   9.8550725E-01   4.4572746E+01   2.2286373E+01   6.6859119E+01   4.2286238E-01   4.2305165E-01   4.2292547E-01
   1.0000000E+00   0.0000000E+00   2.1884092E+01   2.1884092E+01   0.0000000E+00   3.0493882E-05   3.0493882E-05
