   0.0000000E+00   5.0277344E+07   3.2097726E+07   8.2375070E+07   1.8890239E-03   2.8656473E-04   1.2233772E-03
   1.4492754E-02   4.9916662E+07   3.3102485E+07   8.3019904E+07   5.8903770E-04   1.1877555E-05   3.4943112E-04
   2.8985507E-02   5.2023549E+07   3.4074661E+07   8.6096694E+07   4.3130367E-04   8.7858447E-05   2.3281870E-04
   4.3478261E-02   5.4170848E+07   3.5596701E+07   8.9765781E+07   9.5509705E-04   1.8297272E-04   6.4903999E-04
   5.7971014E-02   5.5743089E+07   3.6301081E+07   9.2043790E+07   2.7485396E-04   2.3021550E-05   1.7408131E-04
   7.2463768E-02   5.5936577E+07   3.6186170E+07   9.2120322E+07   3.0147130E-04   2.1802168E-05   1.9113842E-04
   8.6956522E-02   5.5357085E+07   3.4894658E+07   9.0249723E+07   1.0658356E-04   1.3346310E-05   6.9072846E-05
   1.0144928E-01   5.4039940E+07   3.3174253E+07   8.7211920E+07   2.1840089E-04   4.1480517E-05   1.1967985E-04
   1.1594203E-01   5.2254753E+07   3.0976370E+07   8.3229892E+07   1.4973757E-04   7.0267361E-05   1.1907013E-04
   1.3043478E-01   5.0394120E+07   2.9134807E+07   7.9528254E+07   2.7564355E-04   8.1047808E-05   2.0256094E-04
   1.4492754E-01   4.8694811E+07   2.7562141E+07   7.6253998E+07   2.3357057E-04   1.0632168E-04   1.6190359E-04
   1.5942029E-01   4.2976414E+07   2.3536404E+07   6.6511233E+07   5.1285258E-04   6.6437996E-05   3.5480864E-04
   1.7391304E-01   2.3004507E+07   1.0148746E+07   3.3152369E+07   4.0231516E-04   6.8482338E-04   4.5379459E-04
   1.8840580E-01   1.4475160E+07   4.9452227E+06   1.9420208E+07   6.2676425E-04   1.4283507E-03   8.2575089E-04
   2.0289855E-01   1.2054021E+07   3.7056030E+06   1.5759678E+07   1.1433620E-03   1.6754568E-03   1.2617992E-03
   2.1739130E-01   1.0566840E+07   2.9934640E+06   1.3560203E+07   9.4440959E-04   1.7903231E-03   1.0795128E-03
   2.3188406E-01   9.4803752E+06   2.5188115E+06   1.1999092E+07   2.2962978E-04   1.3865511E-03   4.6935778E-04
   2.4637681E-01   8.5059063E+06   2.1761306E+06   1.0681992E+07   2.8101363E-04   1.4088175E-03   3.4787363E-04
   2.6086957E-01   7.6594550E+06   1.9207783E+06   9.5802754E+06   3.4400561E-04   1.2105877E-03   5.1358505E-04
   2.7536232E-01   6.8906181E+06   1.7170712E+06   8.6076494E+06   5.6301861E-04   8.2723213E-04   5.3782304E-04
   2.8985507E-01   6.0137014E+06   1.5390390E+06   7.5527404E+06   2.2859312E-04   6.9629891E-04   3.0378417E-04
   3.0434783E-01   4.8508859E+06   1.2656007E+06   6.1164866E+06   1.2705545E-03   6.1071160E-04   1.1329491E-03
   3.1884058E-01   2.8081033E+06   7.1282356E+05   3.5209268E+06   2.6192253E-03   3.6098996E-04   2.1448989E-03
   3.3333333E-01   5.6721533E+05   1.0446883E+05   6.7168415E+05   1.7335434E-02   7.5252814E-04   1.4720883E-02
   3.4782609E-01   1.7885743E+05   1.5880898E+04   1.9473833E+05   6.6806110E-02   1.0366192E-03   6.1433586E-02
   3.6231884E-01   1.6867219E+05   1.2578429E+04   1.8125061E+05   7.5719904E-02   7.4820948E-06   7.0465437E-02
   3.7681159E-01   1.3735435E+05   9.9380080E+03   1.4729235E+05   6.7646134E-02   1.7864182E-04   6.3093565E-02
   3.9130435E-01   1.0535346E+05   6.2302794E+03   1.1158374E+05   6.2347600E-02   2.3177719E-05   5.8865224E-02
   4.0579710E-01   8.5218315E+04   5.0335365E+03   9.0251851E+04   5.8041318E-02   1.6498778E-03   5.4865011E-02
   4.2028986E-01   6.7020503E+04   2.9525602E+03   6.9973063E+04   5.3421017E-02   3.4442987E-05   5.1168318E-02
   4.3478261E-01   5.3344663E+04   2.0711469E+03   5.5415809E+04   4.4952852E-02   1.8491721E-06   4.3272766E-02
   4.4927536E-01   4.3679853E+04   1.8087908E+03   4.5488644E+04   4.3175977E-02   3.0279334E-06   4.1459028E-02
   4.6376812E-01   3.4074472E+04   1.2076428E+03   3.5282114E+04   3.4362466E-02   4.0873228E-06   3.3186178E-02
   4.7826087E-01   2.6153396E+04   8.0366012E+02   2.6957057E+04   3.3393701E-02   1.0336397E-05   3.2398418E-02
   4.9275362E-01   2.1172054E+04   5.1258658E+02   2.1684641E+04   3.5464795E-02   2.3004411E-05   3.4627013E-02
   5.0724638E-01   1.6735156E+04   4.3299239E+02   1.7168148E+04   3.1970911E-02   2.0907331E-06   3.1164583E-02
   5.2173913E-01   1.3155151E+04   2.9467538E+02   1.3449826E+04   3.1032570E-02   1.1051559E-04   3.0355077E-02
   5.3623188E-01   1.1304612E+04   1.6383496E+02   1.1468447E+04   2.7760484E-02   6.8404712E-06   2.7364001E-02
   5.5072464E-01   8.2553418E+03   1.3958307E+02   8.3949248E+03   2.4849646E-02   2.7341985E-05   2.4436019E-02
   5.6521739E-01   6.3144724E+03   1.5543317E+02   6.4699055E+03   3.1153572E-02   4.1283613E-06   3.0405236E-02
   5.7971014E-01   4.3001557E+03   9.4717086E+01   4.3948728E+03   2.2864599E-02   5.9159029E-06   2.2371954E-02
   5.9420290E-01   4.0289414E+03   5.5444148E+01   4.0843855E+03   1.8747373E-02   1.3428104E-05   1.8493056E-02
   6.0869565E-01   2.8505332E+03   5.4124049E+01   2.9046573E+03   2.4846707E-02   1.7973996E-06   2.4383694E-02
   6.2318841E-01   1.9912615E+03   1.7621783E+01   2.0088833E+03   3.3310865E-02   1.4161574E-06   3.3018653E-02
   6.3768116E-01   1.1193837E+03   1.7221288E+01   1.1366050E+03   6.3784027E-03   1.1537635E-06   6.2817699E-03
   6.5217391E-01   8.4192965E+02   0.0000000E+00   8.4192965E+02   1.4827021E-02   0.0000000E+00   1.4827021E-02
   6.6666667E-01   6.2595639E+02   0.0000000E+00   6.2595639E+02   1.6487388E-02   0.0000000E+00   1.6487388E-02
   6.8115942E-01   5.1590583E+02   0.0000000E+00   5.1590583E+02   1.2701600E-02   0.0000000E+00   1.2701600E-02
   6.9565217E-01   3.7886834E+02   0.0000000E+00   3.7886834E+02   4.7100452E-02   0.0000000E+00   4.7100452E-02
   7.1014493E-01   3.4020831E+02   1.5464014E+01   3.5567232E+02   1.7703414E-02   1.2801971E-05   1.6934256E-02
   7.2463768E-01   3.1824941E+02   0.0000000E+00   3.1824941E+02   1.9857021E-02   0.0000000E+00   1.9857021E-02
   7.3913043E-01   2.3772131E+02   0.0000000E+00   2.3772131E+02   5.8136262E-06   0.0000000E+00   5.8136262E-06
   7.5362319E-01   1.8943417E+02   0.0000000E+00   1.8943417E+02   4.0419802E-06   0.0000000E+00   4.0419802E-06
   7.6811594E-01   2.8593837E+01   0.0000000E+00   2.8593837E+01   1.4808369E-05   0.0000000E+00   1.4808369E-05
   7.8260870E-01   2.3854673E+02   0.0000000E+00   2.3854673E+02   1.7266338E-05   0.0000000E+00   1.7266338E-05
   7.9710145E-01   1.5154734E+02   0.0000000E+00   1.5154734E+02   4.0533866E-05   0.0000000E+00   4.0533866E-05
   8.1159420E-01   2.0296518E+02   0.0000000E+00   2.0296518E+02   3.6065792E-06   0.0000000E+00   3.6065792E-06
   8.2608696E-01   2.1269802E+02   0.0000000E+00   2.1269802E+02   5.4057844E-06   0.0000000E+00   5.4057844E-06
   8.4057971E-01   2.0903081E+02   0.0000000E+00   2.0903081E+02   7.7293575E-06   0.0000000E+00   7.7293575E-06
   8.5507246E-01   1.4127294E+02   0.0000000E+00   1.4127294E+02   6.7639519E-06   0.0000000E+00   6.7639519E-06
   8.6956522E-01   2.3994995E+02   0.0000000E+00   2.3994995E+02   1.3821458E-04   0.0000000E+00   1.3821458E-04
   8.8405797E-01   1.6148487E+02   0.0000000E+00   1.6148487E+02   1.8382948E-05   0.0000000E+00   1.8382948E-05
   8.9855072E-01   7.3329357E+01   0.0000000E+00   7.3329357E+01   2.4400445E-06   0.0000000E+00   2.4400445E-06
   9.1304348E-01   6.0137832E+01   0.0000000E+00   6.0137832E+01   8.8922769E-06   0.0000000E+00   8.8922769E-06
   9.2753623E-01   2.3679271E+01   0.0000000E+00   2.3679271E+01   6.1896543E-06   0.0000000E+00   6.1896543E-06
   9.4202899E-01   3.4972462E+01   0.0000000E+00   3.4972462E+01   6.5539013E-04   0.0000000E+00   6.5539013E-04
   9.5652174E-01   4.5923435E+01   0.0000000E+00   4.5923435E+01   3.0670087E-05   0.0000000E+00   3.0670087E-05
   9.7101449E-01   4.5238011E+01   0.0000000E+00   4.5238011E+01   6.4053989E-06   0.0000000E+00   6.4053989E-06
   9.8550725E-01   1.1143187E+01   0.0000000E+00   1.1143187E+01   1.9473363E-05   0.0000000E+00   1.9473363E-05
   1.0000000E+00   0.0000000E+00   0.0000000E+00   0.0000000E+00   0.0000000E+00   0.0000000E+00   0.0000000E+00
