   0.0000000E+00   3.5379538E+10   1.7731808E+10   5.3075533E+10   1.1535309E-06   3.1832675E-06   1.5614913E-06
   1.4492754E-02   2.6273004E+07   1.3183861E+07   3.9456865E+07   7.6538652E-03   6.3443556E-03   7.2012837E-03
   2.8985507E-02   2.3939175E+07   1.1896087E+07   3.5834126E+07   1.3226310E-02   1.2287780E-02   1.2916732E-02
   4.3478261E-02   1.8283176E+07   9.1163300E+06   2.7399001E+07   5.5773635E-03   5.2781621E-03   5.4748464E-03
   5.7971014E-02   1.2288026E+07   6.1730913E+06   1.8460928E+07   1.4296147E-03   1.6151686E-03   1.4413047E-03
   7.2463768E-02   8.1838593E+06   4.0804120E+06   1.2263968E+07   1.6622965E-03   1.0297123E-03   1.4514499E-03
   8.6956522E-02   5.7840567E+06   2.8742215E+06   8.6582782E+06   1.8297794E-03   6.2632591E-04   1.4280293E-03
   1.0144928E-01   4.4810383E+06   2.1946219E+06   6.6755519E+06   1.1294799E-03   9.3710847E-04   1.0616705E-03
   1.1594203E-01   3.6277591E+06   1.7924261E+06   5.4200905E+06   4.8045413E-04   2.1891166E-03   1.0417884E-03
   1.3043478E-01   3.1497430E+06   1.5323962E+06   4.6821392E+06   1.9508103E-03   2.6380709E-03   2.1639423E-03
   1.4492754E-01   2.7657389E+06   1.3618801E+06   4.1276190E+06   1.8043587E-03   1.3106211E-04   1.2330323E-03
   1.5942029E-01   2.4463184E+06   1.1986705E+06   3.6449201E+06   1.8900864E-03   2.8913211E-03   2.2210179E-03
   1.7391304E-01   2.1285455E+06   1.0422037E+06   3.1707492E+06   3.5388644E-03   3.9095931E-03   3.6530991E-03
   1.8840580E-01   1.9376493E+06   9.5264987E+05   2.8902992E+06   2.9093439E-03   1.9749349E-03   2.6013450E-03
   2.0289855E-01   1.7876632E+06   8.6906985E+05   2.6567331E+06   2.0951727E-03   2.8893457E-03   2.2845065E-03
   2.1739130E-01   1.6194854E+06   7.9395650E+05   2.4134419E+06   1.2497047E-03   2.0384314E-03   1.5070049E-03
   2.3188406E-01   1.5270289E+06   7.3254194E+05   2.2595708E+06   1.0611673E-03   3.8765022E-03   1.8253520E-03
   2.4637681E-01   1.3847415E+06   6.7674800E+05   2.0614895E+06   1.5079995E-03   2.9050175E-03   1.9661037E-03
   2.6086957E-01   1.2325850E+06   6.0610515E+05   1.8386902E+06   2.6354603E-03   3.4750084E-03   2.8746566E-03
   2.7536232E-01   1.0610308E+06   5.2148236E+05   1.5825131E+06   9.2319988E-04   1.1438087E-03   9.7589910E-04
   2.8985507E-01   8.2718325E+05   4.0394943E+05   1.2311327E+06   7.6164880E-04   1.3146221E-03   9.2162401E-04
   3.0434783E-01   5.4636423E+05   2.6719239E+05   8.1355662E+05   3.0866049E-03   2.1172762E-03   2.7662511E-03
   3.1884058E-01   2.4898539E+05   1.1992905E+05   3.6891444E+05   3.5389158E-03   4.5174454E-03   3.8539015E-03
   3.3333333E-01   5.7357372E+04   2.7739752E+04   8.5097124E+04   1.2935982E-02   9.8857573E-03   1.1941554E-02
   3.4782609E-01   9.3769915E+03   4.9884332E+03   1.4365425E+04   6.8725759E-02   7.2055142E-02   6.9829001E-02
   3.6231884E-01   8.4866509E+03   4.4251822E+03   1.2911833E+04   9.3397775E-02   8.7586724E-02   9.1387891E-02
   3.7681159E-01   8.6556844E+03   4.5464201E+03   1.3202105E+04   9.5397846E-02   1.0807220E-01   9.9760594E-02
   3.9130435E-01   9.0928402E+03   3.9851337E+03   1.3077974E+04   1.0331363E-01   9.9740209E-02   1.0221801E-01
   4.0579710E-01   8.1456694E+03   4.2757999E+03   1.2421469E+04   1.2141395E-01   1.1359402E-01   1.1872187E-01
   4.2028986E-01   8.1260727E+03   3.8409411E+03   1.1967014E+04   1.3378292E-01   1.5905012E-01   1.4186981E-01
   4.3478261E-01   8.2845877E+03   3.4350730E+03   1.1719661E+04   1.5620803E-01   1.3485625E-01   1.4994966E-01
   4.4927536E-01   5.8663485E+03   3.4709229E+03   9.3372714E+03   1.6927745E-01   1.6121233E-01   1.6627698E-01
   4.6376812E-01   4.9489677E+03   2.2732101E+03   7.2221778E+03   1.9820866E-01   2.3531914E-01   2.0988778E-01
   4.7826087E-01   4.1790326E+03   2.1813632E+03   6.3603958E+03   2.2893413E-01   2.1874613E-01   2.2543423E-01
   4.9275362E-01   3.6103924E+03   1.4709006E+03   5.0812931E+03   2.2373119E-01   2.2214841E-01   2.2327058E-01
   5.0724638E-01   2.4031078E+03   1.3206268E+03   3.7237346E+03   2.6742459E-01   2.2637718E-01   2.5286225E-01
   5.2173913E-01   2.0837759E+03   9.6821910E+02   3.0519950E+03   2.5875122E-01   2.2616148E-01   2.4841241E-01
   5.3623188E-01   2.0684164E+03   1.0444479E+03   3.1128642E+03   2.9960083E-01   2.6208749E-01   2.8701340E-01
   5.5072464E-01   1.5752947E+03   4.9851098E+02   2.0738057E+03   2.8958152E-01   2.8799445E-01   2.8920001E-01
   5.6521739E-01   1.1657487E+03   4.6629950E+02   1.6320482E+03   3.0085145E-01   2.5302871E-01   2.8718779E-01
   5.7971014E-01   1.0229445E+03   5.3041568E+02   1.5533602E+03   3.0260669E-01   2.9213095E-01   2.9902961E-01
   5.9420290E-01   9.9799466E+02   5.5444148E+02   1.5524361E+03   3.3472204E-01   3.3471176E-01   3.3471837E-01
   6.0869565E-01   1.2087704E+03   3.4278564E+02   1.5515561E+03   2.9341141E-01   3.4482319E-01   3.0476981E-01
   6.2318841E-01   5.8151885E+02   4.0530102E+02   9.8681987E+02   2.9108711E-01   2.6859306E-01   2.8184848E-01
   6.3768116E-01   7.4051540E+02   4.4775350E+02   1.1882689E+03   3.1853043E-01   3.2139784E-01   3.1961090E-01
   6.5217391E-01   5.7251216E+02   2.6941749E+02   8.4192965E+02   3.2327794E-01   3.0354820E-01   3.1696442E-01
   6.6666667E-01   4.9417610E+02   2.6356059E+02   7.5773668E+02   3.3064837E-01   3.3104640E-01   3.3078682E-01
   6.8115942E-01   4.0305143E+02   2.4183086E+02   6.4488228E+02   3.2068241E-01   3.3165984E-01   3.2479894E-01
   6.9565217E-01   4.5779925E+02   1.5786181E+02   6.1566106E+02   2.9038865E-01   3.5315035E-01   3.0648140E-01
   7.1014493E-01   3.2474429E+02   2.0103218E+02   5.2577647E+02   3.2208687E-01   3.4663471E-01   3.3147281E-01
   7.2463768E-01   2.8793994E+02   1.5154734E+02   4.3948728E+02   3.3619153E-01   3.3824627E-01   3.3690006E-01
   7.3913043E-01   2.0800615E+02   1.6343340E+02   3.7143955E+02   3.5449418E-01   3.3857011E-01   3.4748759E-01
   7.5362319E-01   2.4772161E+02   1.3114673E+02   3.7886834E+02   3.3793086E-01   3.2575671E-01   3.3371673E-01
   7.6811594E-01   3.4312605E+02   1.4296919E+02   4.8609523E+02   3.3471020E-01   3.5825064E-01   3.4163386E-01
   7.8260870E-01   2.3854673E+02   9.8225126E+01   3.3677186E+02   3.5744785E-01   3.7558462E-01   3.6273774E-01
   7.9710145E-01   1.5154734E+02   9.6439214E+01   2.4798655E+02   3.3971096E-01   3.2782187E-01   3.3508743E-01
   8.1159420E-01   1.6237215E+02   6.7655061E+01   2.3002721E+02   3.7029601E-01   2.9910336E-01   3.4935700E-01
   8.2608696E-01   1.1964263E+02   3.9880878E+01   1.5952351E+02   3.3011816E-01   3.5388007E-01   3.3605864E-01
   8.4057971E-01   1.0451540E+02   5.2257702E+01   1.5677311E+02   3.6744397E-01   4.0482001E-01   3.7990265E-01
   8.5507246E-01   5.1371979E+01   1.1558695E+02   1.6695893E+02   3.5996994E-01   2.9711766E-01   3.1645682E-01
   8.6956522E-01   1.3891839E+02   3.7886834E+01   1.7680523E+02   2.8527821E-01   4.0973219E-01   3.1194692E-01
   8.8405797E-01   9.9375303E+01   7.4531477E+01   1.7390678E+02   2.3475130E-01   3.8775304E-01   3.0032347E-01
   8.9855072E-01   1.3443715E+02   7.3329357E+01   2.0776651E+02   3.6485240E-01   3.1803713E-01   3.4832936E-01
   9.1304348E-01   6.0137832E+01   2.4055133E+01   8.4192965E+01   2.3082980E-01   4.2146428E-01   2.8529680E-01
   9.2753623E-01   7.1037814E+01   5.9198178E+01   1.3023599E+02   2.6943711E-01   2.5189093E-01   2.6146157E-01
   9.4202899E-01   6.9944925E+01   2.3314975E+01   9.3259900E+01   2.0885481E-01   4.0884038E-01   2.5885120E-01
   9.5652174E-01   4.5923435E+01   1.1480859E+01   5.7404294E+01   3.1160634E-01   4.0151948E-01   3.2958897E-01
   9.7101449E-01   4.5238011E+01   2.2619005E+01   6.7857016E+01   3.1446967E-01   2.1082402E-01   2.7992112E-01
   9.8550725E-01   5.5715933E+01   3.3429560E+01   8.9145492E+01   1.6986009E-01   4.2091758E-01   2.6400665E-01
   1.0000000E+00   0.0000000E+00   0.0000000E+00   0.0000000E+00   0.0000000E+00   0.0000000E+00   0.0000000E+00
