   0.0000000E+00   3.4294156E+10   1.7255446E+10   5.1512570E+10   7.0464404E-07   3.1780285E-07   5.6671722E-07
   1.4492754E-02   1.6432278E+07   8.3191911E+06   2.4751469E+07   6.6197520E-04   1.1576983E-03   6.1455596E-04
   2.8985507E-02   1.7998898E+07   8.9030272E+06   2.6901925E+07   2.5373017E-04   3.1084869E-04   1.1064481E-04
   4.3478261E-02   1.4106784E+07   7.0449305E+06   2.1151209E+07   1.4795659E-04   2.7957635E-04   1.2697205E-04
   5.7971014E-02   1.0398989E+07   5.1685219E+06   1.5567321E+07   4.9244532E-04   3.9762600E-04   4.6096939E-04
   7.2463768E-02   8.5124139E+06   4.1467898E+06   1.2659052E+07   6.0632028E-05   7.5470416E-04   2.8673000E-04
   8.6956522E-02   7.2558339E+06   3.5343365E+06   1.0790170E+07   1.4835924E-04   9.1232071E-04   3.9725188E-04
   1.0144928E-01   6.3332715E+06   3.1377876E+06   9.4710591E+06   1.6368971E-04   2.9668970E-04   1.7375211E-04
   1.1594203E-01   5.6018526E+06   2.7674438E+06   8.3692964E+06   4.3386992E-04   9.0502909E-04   5.8650116E-04
   1.3043478E-01   5.0134385E+06   2.4716529E+06   7.4848388E+06   7.1664556E-04   9.3933274E-04   7.8693772E-04
   1.4492754E-01   4.5686218E+06   2.2203958E+06   6.7890176E+06   9.9723782E-04   1.1346044E-03   1.0420605E-03
   1.5942029E-01   4.1266340E+06   1.9918142E+06   6.1183104E+06   1.0144745E-03   7.6843192E-04   6.6996387E-04
   1.7391304E-01   3.7138569E+06   1.8145268E+06   5.5283837E+06   1.1987060E-03   1.4110076E-03   1.2299948E-03
   1.8840580E-01   3.3700048E+06   1.6409079E+06   5.0109127E+06   1.0858658E-03   7.7784724E-04   9.8467624E-04
   2.0289855E-01   2.9664850E+06   1.4546921E+06   4.4211229E+06   8.9270087E-04   6.0227777E-04   7.9064238E-04
   2.1739130E-01   2.5673634E+06   1.2520841E+06   3.8194475E+06   8.1267217E-04   1.3349809E-03   7.7653760E-04
   2.3188406E-01   2.1103914E+06   1.0375310E+06   3.1479223E+06   1.8873051E-03   8.5223904E-04   1.5447649E-03
   2.4637681E-01   1.6842258E+06   8.0948564E+05   2.4937114E+06   2.1736622E-03   2.7145089E-03   2.3435309E-03
   2.6086957E-01   1.2128839E+06   5.8796157E+05   1.8008033E+06   1.9106533E-03   3.7708236E-03   2.5163384E-03
   2.7536232E-01   9.0254415E+05   4.3645633E+05   1.3390005E+06   2.9217407E-03   4.4312091E-03   3.3347924E-03
   2.8985507E-01   7.2943522E+05   3.4776325E+05   1.0771606E+06   3.6368871E-03   6.4697581E-03   4.5457744E-03
   3.0434783E-01   5.7919949E+05   2.7729554E+05   8.5649503E+05   5.5265096E-03   4.1181822E-03   5.0639978E-03
   3.1884058E-01   3.5444856E+05   1.7252287E+05   5.2697142E+05   1.5443882E-02   1.3105294E-02   1.4603077E-02
   3.3333333E-01   9.0434226E+04   3.9929429E+04   1.3036365E+05   6.3986010E-02   5.9021279E-02   6.2314112E-02
   3.4782609E-01   2.1027193E+04   1.0292590E+04   3.1319783E+04   2.3735573E-01   2.4858318E-01   2.4104399E-01
   3.6231884E-01   1.6579279E+04   7.8804615E+03   2.4459740E+04   2.4636911E-01   2.5200114E-01   2.4817819E-01
   3.7681159E-01   1.3901554E+04   5.6830251E+03   1.9584579E+04   2.6829175E-01   2.7221518E-01   2.6942668E-01
   3.9130435E-01   9.8505769E+03   5.1077065E+03   1.4958283E+04   2.6654776E-01   2.4912752E-01   2.6059681E-01
   4.0579710E-01   8.1186073E+03   3.5451252E+03   1.1663733E+04   2.7063198E-01   2.8725092E-01   2.7568317E-01
   4.2028986E-01   6.4799551E+03   3.1877198E+03   9.6676749E+03   2.7833149E-01   2.7030528E-01   2.7568499E-01
   4.3478261E-01   5.2283831E+03   2.6520784E+03   7.8804615E+03   2.8341555E-01   2.6899933E-01   2.7856288E-01
   4.4927536E-01   4.2042164E+03   1.6621321E+03   5.8663485E+03   2.8297131E-01   2.9759996E-01   2.8711604E-01
   4.6376812E-01   3.1256638E+03   1.4681148E+03   4.5937786E+03   2.8433100E-01   2.6906654E-01   2.7945267E-01
   4.7826087E-01   3.1457553E+03   9.1846871E+02   4.0642240E+03   2.9446734E-01   2.8440574E-01   2.9219156E-01
   4.9275362E-01   2.6075056E+03   1.0697459E+03   3.6772516E+03   3.0121464E-01   2.6712328E-01   2.9129716E-01
   5.0724638E-01   2.3598085E+03   1.0608314E+03   3.4206399E+03   2.8087247E-01   2.7605248E-01   2.7937550E-01
   5.2173913E-01   1.7680523E+03   8.2088141E+02   2.5889337E+03   2.7003553E-01   2.8952070E-01   2.7621376E-01
   5.3623188E-01   1.8636227E+03   6.7581920E+02   2.5394419E+03   2.7125820E-01   2.7102148E-01   2.7119520E-01
   5.5072464E-01   1.6949373E+03   7.5773668E+02   2.4526740E+03   2.8852638E-01   2.8117937E-01   2.8625657E-01
   5.6521739E-01   1.3988985E+03   5.0515779E+02   1.9040563E+03   2.4961276E-01   2.2321172E-01   2.4260840E-01
   5.7971014E-01   1.0987182E+03   5.3041568E+02   1.6291339E+03   2.0561318E-01   2.6043388E-01   2.2346178E-01
   5.9420290E-01   1.2936968E+03   6.4684839E+02   1.9405452E+03   2.2643626E-01   2.0342513E-01   2.1876563E-01
   6.0869565E-01   1.1185637E+03   4.8711644E+02   1.6056801E+03   2.2487476E-01   1.9976716E-01   2.1725785E-01
   6.2318841E-01   9.8681987E+02   5.4627528E+02   1.5330952E+03   2.4187124E-01   1.8350840E-01   2.2107528E-01
   6.3768116E-01   1.0504986E+03   4.3053221E+02   1.4810308E+03   2.4421584E-01   2.2683864E-01   2.3916433E-01
   6.5217391E-01   7.7457528E+02   4.3780342E+02   1.2123787E+03   2.1848420E-01   2.3609004E-01   2.2484186E-01
   6.6666667E-01   6.7537400E+02   2.8003312E+02   9.5540712E+02   2.2058093E-01   2.7300338E-01   2.3594613E-01
   6.8115942E-01   4.5141760E+02   2.0958674E+02   6.6100434E+02   2.3029566E-01   2.1983995E-01   2.2698044E-01
   6.9565217E-01   4.1044070E+02   2.0522035E+02   6.1566106E+02   1.7243818E-01   2.3303524E-01   1.9263720E-01
   7.1014493E-01   2.9381627E+02   2.0103218E+02   4.9484845E+02   2.9293743E-01   2.6670765E-01   2.8228158E-01
   7.2463768E-01   4.3948728E+02   1.8185680E+02   6.2134408E+02   1.9620563E-01   2.1884184E-01   2.0281069E-01
   7.3913043E-01   4.4572746E+02   1.0400307E+02   5.4973054E+02   1.7038866E-01   2.3198781E-01   1.8204255E-01
   7.5362319E-01   3.2058090E+02   2.1857789E+02   5.3915879E+02   2.1855615E-01   2.2284319E-01   2.2029414E-01
   7.6811594E-01   1.7156302E+02   1.2867227E+02   3.0023529E+02   3.1279455E-01   2.7473884E-01   2.9648496E-01
   7.8260870E-01   3.0870754E+02   8.4192965E+01   3.9290050E+02   1.7789494E-01   2.9269253E-01   2.0249442E-01
   7.9710145E-01   2.6176358E+02   1.9287843E+02   4.5464201E+02   1.8828797E-01   1.9954250E-01   1.9306262E-01
   8.1159420E-01   2.4355822E+02   8.1186073E+01   3.2474429E+02   2.1673156E-01   1.6585952E-01   2.0401355E-01
   8.2608696E-01   2.5257889E+02   1.4622989E+02   3.9880878E+02   2.1806928E-01   2.4854355E-01   2.2924318E-01
   8.4057971E-01   1.9596638E+02   7.8386554E+01   2.7435294E+02   1.9214965E-01   2.8292757E-01   2.1808620E-01
   8.5507246E-01   2.0548791E+02   1.0274396E+02   3.0823187E+02   2.1321039E-01   2.9152669E-01   2.3931583E-01
   8.6956522E-01   1.8943417E+02   1.2628945E+01   2.0206312E+02   3.4583132E-01   3.1722677E-01   3.4404353E-01
   8.8405797E-01   9.9375303E+01   3.7265739E+01   1.3664104E+02   1.5860211E-01   2.3996868E-01   1.8079299E-01
   8.9855072E-01   7.3329357E+01   1.2221559E+01   8.5550916E+01   2.5356729E-01   4.1562996E-01   2.7671910E-01
   9.1304348E-01   1.5635836E+02   4.8110266E+01   2.0446863E+02   2.0762019E-01   3.1846800E-01   2.3370202E-01
   9.2753623E-01   5.9198178E+01   5.9198178E+01   1.1839636E+02   2.3472007E-01   1.6611785E-01   2.0041896E-01
   9.4202899E-01   1.1657487E+01   5.8287437E+01   6.9944925E+01   5.0901252E-06   8.0098975E-02   6.6749995E-02
   9.5652174E-01   2.2961718E+01   6.8885153E+01   9.1846871E+01   3.9894871E-01   2.7144217E-01   3.0331880E-01
   9.7101449E-01   6.7857016E+01   4.5238011E+01   1.1309503E+02   3.5234913E-01   2.0780859E-01   2.9453292E-01
   9.8550725E-01   1.1143187E+01   1.1143187E+01   2.2286373E+01   4.1633629E-01   2.1942760E-05   2.0815718E-01
   1.0000000E+00   0.0000000E+00   2.1884092E+01   2.1884092E+01   0.0000000E+00   1.7485786E-05   1.7485786E-05
