   0.0000000E+00   6.5759420E+07   3.3043381E+07   9.8802802E+07   5.7505479E-04   8.0642488E-04   6.3715567E-04
   1.4492754E-02   6.7676494E+07   3.4201203E+07   1.0187618E+08   1.4822242E-04   1.9590011E-05   9.4847121E-05
   2.8985507E-02   7.0511187E+07   3.5606805E+07   1.0611572E+08   4.4657468E-05   1.5922077E-04   3.4862674E-05
   4.3478261E-02   7.5159397E+07   3.7716091E+07   1.1287296E+08   5.1079631E-05   9.4217524E-05   6.5092798E-05
   5.7971014E-02   7.7965990E+07   3.9208895E+07   1.1717242E+08   9.5977234E-05   1.6148631E-04   1.1686412E-04
   7.2463768E-02   7.8171299E+07   3.9047687E+07   1.1720944E+08   7.8348307E-05   6.6875074E-05   6.3929855E-05
   8.6956522E-02   7.5833530E+07   3.8038634E+07   1.1386711E+08   2.5217873E-05   9.1747492E-05   4.5005202E-05
   1.0144928E-01   7.2069094E+07   3.6130942E+07   1.0819387E+08   3.3137857E-05   1.5674270E-04   3.0574292E-05
   1.1594203E-01   6.7470674E+07   3.3940731E+07   1.0140629E+08   1.2181782E-04   1.4949822E-04   1.1927476E-04
   1.3043478E-01   6.4014353E+07   3.2111197E+07   9.6119909E+07   1.2495301E-04   1.2078202E-04   1.2120541E-04
   1.4492754E-01   6.2312779E+07   3.1167074E+07   9.3472958E+07   1.2322118E-04   5.7137297E-05   6.9775194E-05
   1.5942029E-01   5.3457290E+07   2.6786405E+07   8.0239700E+07   1.6200991E-04   4.9824134E-05   1.0166277E-04
   1.7391304E-01   1.6890835E+07   8.4437756E+06   2.5334168E+07   3.0250457E-04   4.5841336E-04   3.5221455E-04
   1.8840580E-01   4.5491013E+06   2.2694797E+06   6.8184644E+06   1.1189883E-03   1.0840174E-03   1.1073552E-03
   2.0289855E-01   2.9057037E+06   1.4352074E+06   4.3409111E+06   1.6965522E-03   1.7372495E-03   1.6723660E-03
   2.1739130E-01   2.4794155E+06   1.2064178E+06   3.6858333E+06   1.4743026E-03   1.5969701E-03   1.4972973E-03
   2.3188406E-01   2.2750570E+06   1.1393518E+06   3.4144089E+06   8.1401691E-04   1.3893383E-03   9.9193055E-04
   2.4637681E-01   2.1979267E+06   1.1050475E+06   3.3029742E+06   1.3036224E-03   6.3446494E-04   1.0796756E-03
   2.6086957E-01   2.2074974E+06   1.0993496E+06   3.3067629E+06   9.2694531E-04   1.5502249E-04   6.6940985E-04
   2.7536232E-01   2.2548648E+06   1.1265550E+06   3.3813401E+06   5.5312814E-04   8.4007908E-05   3.6305161E-04
   2.8985507E-01   2.2692319E+06   1.1340287E+06   3.4032607E+06   7.0609618E-04   5.4984623E-04   6.3474691E-04
   3.0434783E-01   2.0111414E+06   1.0025578E+06   3.0136992E+06   8.9470142E-04   6.4628730E-04   6.5579060E-04
   3.1884058E-01   1.1521731E+06   5.6647706E+05   1.7186501E+06   8.2774137E-04   9.7732612E-04   8.6531795E-04
   3.3333333E-01   1.1303455E+05   5.5051217E+04   1.6808576E+05   9.4403427E-03   7.2175129E-03   8.6513878E-03
   3.4782609E-01   7.7983734E+03   3.8202558E+03   1.1618629E+04   9.2345976E-02   7.7653262E-02   8.7510693E-02
   3.6231884E-01   8.6078887E+03   4.0008497E+03   1.2608738E+04   1.0373149E-01   9.9401078E-02   1.0235350E-01
   3.7681159E-01   7.9270915E+03   3.8178271E+03   1.1744919E+04   1.2799390E-01   1.2083980E-01   1.2564966E-01
   3.9130435E-01   7.4931739E+03   2.8064322E+03   1.0299606E+04   1.2790315E-01   1.3634962E-01   1.3015664E-01
   4.0579710E-01   7.6044289E+03   3.5721872E+03   1.1176616E+04   1.3636612E-01   1.2014314E-01   1.3117591E-01
   4.2028986E-01   7.3422072E+03   3.6580392E+03   1.1000246E+04   1.4659789E-01   1.4965409E-01   1.4760825E-01
   4.3478261E-01   7.8552036E+03   3.3340414E+03   1.1189245E+04   1.7590554E-01   1.8666766E-01   1.7900892E-01
   4.4927536E-01   6.5996421E+03   3.2998210E+03   9.8994631E+03   1.7572176E-01   1.9422225E-01   1.8184719E-01
   4.6376812E-01   6.7722716E+03   3.5992492E+03   1.0371521E+04   1.7832597E-01   1.8816199E-01   1.8173284E-01
   4.7826087E-01   5.4648888E+03   3.3983342E+03   8.8632230E+03   1.9033224E-01   1.3927433E-01   1.7075112E-01
   4.9275362E-01   5.5715933E+03   2.2509237E+03   7.8225169E+03   1.9282396E-01   1.9757499E-01   1.9416660E-01
   5.0724638E-01   5.0010621E+03   2.1649620E+03   7.1660241E+03   1.7781567E-01   1.6217021E-01   1.7304893E-01
   5.2173913E-01   4.2306965E+03   1.9574864E+03   6.1881829E+03   1.8584800E-01   1.8001467E-01   1.8392726E-01
   5.3623188E-01   3.6658072E+03   1.7202671E+03   5.3860743E+03   1.7995433E-01   1.6338226E-01   1.7458080E-01
   5.5072464E-01   3.2502916E+03   1.4357116E+03   4.6860032E+03   1.8119745E-01   2.1556844E-01   1.9160360E-01
   5.6521739E-01   3.3029548E+03   1.6126191E+03   4.9155739E+03   1.9893774E-01   1.6261663E-01   1.8663391E-01
   5.7971014E-01   2.8036257E+03   1.2502655E+03   4.0538913E+03   1.5626559E-01   1.8110827E-01   1.6391944E-01
   5.9420290E-01   2.2547287E+03   7.7621807E+02   3.0309467E+03   1.6099526E-01   1.5833369E-01   1.6030631E-01
   6.0869565E-01   2.1830033E+03   1.0644396E+03   3.2474429E+03   1.6524911E-01   1.4280863E-01   1.5781843E-01
   6.2318841E-01   1.7798001E+03   9.5157630E+02   2.7313764E+03   1.7444172E-01   1.8469273E-01   1.7795828E-01
   6.3768116E-01   2.1871036E+03   7.7495797E+02   2.9620616E+03   1.5987300E-01   1.6388640E-01   1.6089350E-01
   6.5217391E-01   1.4817962E+03   7.5773668E+02   2.2395329E+03   1.7778867E-01   2.1162353E-01   1.8906861E-01
   6.6666667E-01   1.4166381E+03   8.5657190E+02   2.2732101E+03   1.8141965E-01   1.4167632E-01   1.6643631E-01
   6.8115942E-01   1.0962999E+03   6.7712640E+02   1.7734263E+03   1.3423540E-01   1.8849146E-01   1.5492455E-01
   6.9565217E-01   1.1523912E+03   6.4723342E+02   1.7996246E+03   1.5157648E-01   1.5974290E-01   1.5450744E-01
   7.1014493E-01   1.2525851E+03   6.1856056E+02   1.8711457E+03   1.7340181E-01   1.9634012E-01   1.8098466E-01
   7.2463768E-01   9.5474822E+02   4.0917781E+02   1.3639260E+03   1.5939241E-01   1.4908253E-01   1.5625894E-01
   7.3913043E-01   9.6574283E+02   3.7143955E+02   1.3371824E+03   2.0003541E-01   1.4331649E-01   1.8410679E-01
   7.5362319E-01   7.4316482E+02   2.7686533E+02   1.0200302E+03   1.3436650E-01   1.8825123E-01   1.4893056E-01
   7.6811594E-01   7.4343977E+02   3.5742296E+02   1.1008627E+03   1.3487199E-01   1.2899357E-01   1.3296342E-01
   7.8260870E-01   6.5951156E+02   2.9467538E+02   9.5418694E+02   1.5685312E-01   1.2834682E-01   1.4768643E-01
   7.9710145E-01   6.4752044E+02   3.7197983E+02   1.0195003E+03   1.8419178E-01   1.3874223E-01   1.6759818E-01
   8.1159420E-01   6.0889555E+02   2.1649620E+02   8.2539175E+02   1.4179263E-01   8.4245157E-02   1.2669809E-01
   8.2608696E-01   5.4503867E+02   1.7281714E+02   7.1785581E+02   1.7542081E-01   1.4658518E-01   1.6847854E-01
   8.4057971E-01   5.8789915E+02   1.5677311E+02   7.4467226E+02   1.8732172E-01   1.6507703E-01   1.8262511E-01
   8.5507246E-01   4.6234781E+02   2.4401690E+02   7.0636471E+02   1.4619712E-01   1.1506487E-01   1.3535020E-01
   8.6956522E-01   3.2835256E+02   1.7680523E+02   5.0515779E+02   1.7462401E-01   1.5823453E-01   1.6853989E-01
   8.8405797E-01   2.9812591E+02   1.2421913E+02   4.2234504E+02   2.6598480E-01   2.4134208E-01   2.5821435E-01
   8.9855072E-01   2.4443119E+02   1.5888027E+02   4.0331146E+02   1.4597393E-01   2.1377365E-01   1.7150221E-01
   9.1304348E-01   2.0446863E+02   7.2165398E+01   2.7663403E+02   1.3527738E-01   2.5394421E-01   1.6611042E-01
   9.2753623E-01   2.0127381E+02   1.4207563E+02   3.4334943E+02   2.0451649E-01   1.9478629E-01   2.0046134E-01
   9.4202899E-01   6.9944925E+01   2.3314975E+01   9.3259900E+01   2.6371263E-01   2.0772713E-01   2.4900146E-01
   9.5652174E-01   1.1480859E+02   9.1846871E+01   2.0665546E+02   1.1681588E-01   1.9187392E-01   1.5014347E-01
   9.7101449E-01   1.5833304E+02   9.0476022E+01   2.4880906E+02   3.1871490E-01   2.5143873E-01   2.9416212E-01
   9.8550725E-01   6.6859119E+01   1.1143187E+01   7.8002306E+01   2.0657822E-01   4.2650972E-01   2.3798816E-01
   1.0000000E+00   0.0000000E+00   0.0000000E+00   0.0000000E+00   0.0000000E+00   0.0000000E+00   0.0000000E+00
