   0.0000000E+00   6.7693164E+07   3.3485900E+07   1.0117906E+08   2.9546297E-04   5.9050953E-04   3.8289261E-04
   1.4492754E-02   6.8082641E+07   3.4079965E+07   1.0216261E+08   1.3956011E-04   3.2155223E-04   9.5371446E-05
   2.8985507E-02   7.2069851E+07   3.6042882E+07   1.0811008E+08   5.2044859E-05   1.0210620E-04   3.9331855E-06
   4.3478261E-02   7.6264429E+07   3.8403863E+07   1.1466551E+08   2.2793338E-05   9.7151604E-05   3.9223591E-05
   5.7971014E-02   7.9451533E+07   3.9698014E+07   1.1914424E+08   1.2008311E-05   1.2874166E-04   4.9481885E-05
   7.2463768E-02   7.9434901E+07   3.9748139E+07   1.1917137E+08   4.6799876E-05   1.3384822E-04   7.3088400E-05
   8.6956522E-02   7.6891456E+07   3.8550106E+07   1.1543474E+08   6.6737786E-05   1.0075806E-04   6.0705379E-05
   1.0144928E-01   7.3139667E+07   3.6514248E+07   1.0964710E+08   6.8471299E-05   4.5252793E-05   6.0257974E-05
   1.1594203E-01   6.8205016E+07   3.4309749E+07   1.0250605E+08   2.7884840E-05   9.4845616E-05   3.7859636E-05
   1.3043478E-01   6.4706924E+07   3.2394085E+07   9.7094947E+07   6.6138460E-05   8.2390957E-05   6.6592403E-05
   1.4492754E-01   6.3028916E+07   3.1516921E+07   9.4537502E+07   8.7934768E-05   7.6534343E-05   8.3216163E-05
   1.5942029E-01   5.4095717E+07   2.7183804E+07   8.1273872E+07   3.4521564E-05   8.3474230E-05   4.6283512E-05
   1.7391304E-01   1.6395212E+07   8.2400076E+06   2.4634967E+07   4.2357350E-04   1.7525119E-04   2.9661415E-04
   1.8840580E-01   3.8880052E+06   1.9589825E+06   5.8470460E+06   1.3158674E-03   9.8029916E-04   1.2034236E-03
   2.0289855E-01   2.3961799E+06   1.1987394E+06   3.5949193E+06   1.4839727E-03   1.5351959E-03   1.4245182E-03
   2.1739130E-01   1.9993640E+06   1.0120836E+06   3.0114476E+06   1.0568452E-03   1.5967994E-03   1.2161500E-03
   2.3188406E-01   1.8693364E+06   9.4238764E+05   2.8117240E+06   1.3771090E-03   1.4167176E-03   1.3886578E-03
   2.4637681E-01   1.8650574E+06   9.5220758E+05   2.8171758E+06   1.2018551E-03   1.4770626E-03   1.2386885E-03
   2.6086957E-01   1.9369854E+06   9.6510396E+05   2.9020894E+06   9.7939705E-04   4.8712535E-04   7.9935145E-04
   2.7536232E-01   2.0309337E+06   1.0304022E+06   3.0612961E+06   9.3990418E-04   1.0206062E-03   9.6406929E-04
   2.8985507E-01   2.1131761E+06   1.0402209E+06   3.1533591E+06   5.1945323E-04   1.7139228E-04   3.7410946E-04
   3.0434783E-01   1.9142954E+06   9.5568637E+05   2.8699457E+06   5.7913411E-04   3.7505769E-04   5.0520895E-04
   3.1884058E-01   1.0843901E+06   5.5604096E+05   1.6404310E+06   1.7384853E-04   2.0311641E-04   1.4420414E-04
   3.3333333E-01   9.8538714E+04   4.8692818E+04   1.4723153E+05   3.2085695E-03   2.7289180E-03   2.9878046E-03
   3.4782609E-01   2.4310719E+03   1.4207563E+03   3.8518281E+03   7.4401430E-02   5.7754869E-02   6.6560929E-02
   3.6231884E-01   2.6672331E+03   1.3033071E+03   3.9705402E+03   8.5562051E-02   6.9740398E-02   8.0271963E-02
   3.7681159E-01   1.8943417E+03   8.7431156E+02   2.7686533E+03   8.5942482E-02   1.0114032E-01   8.8204964E-02
   3.9130435E-01   1.4032161E+03   1.4032161E+03   2.8064322E+03   1.2789021E-01   1.0857783E-01   1.1614573E-01
   4.0579710E-01   2.3273341E+03   1.6778455E+03   4.0051796E+03   9.6744904E-02   9.9718123E-02   9.7975635E-02
   4.2028986E-01   1.9335350E+03   1.0451540E+03   2.9786890E+03   1.0965390E-01   1.3595057E-01   1.1845821E-01
   4.3478261E-01   1.8690838E+03   8.8402613E+02   2.7531100E+03   1.4658165E-01   1.3120060E-01   1.4154006E-01
   4.4927536E-01   1.7843477E+03   9.5328163E+02   2.7376293E+03   1.2648736E-01   1.2320563E-01   1.2528262E-01
   4.6376812E-01   1.8233039E+03   1.1839636E+03   3.0072675E+03   1.3948940E-01   1.3348842E-01   1.3653378E-01
   4.7826087E-01   1.5843585E+03   1.0332773E+03   2.6176358E+03   1.5342717E-01   1.3528404E-01   1.4598635E-01
   4.9275362E-01   1.7606235E+03   7.3545031E+02   2.4960738E+03   1.5596425E-01   1.4019618E-01   1.5107752E-01
   5.0724638E-01   1.7319696E+03   7.7938630E+02   2.5113559E+03   1.7225135E-01   1.5702025E-01   1.6717224E-01
   5.2173913E-01   1.9153900E+03   6.5249548E+02   2.5678854E+03   1.8574133E-01   1.5387398E-01   1.7730562E-01
   5.3623188E-01   1.6178702E+03   7.3725731E+02   2.3551275E+03   1.6242798E-01   1.2831989E-01   1.5173056E-01
   5.5072464E-01   1.2961285E+03   7.1785581E+02   2.0139843E+03   1.7384296E-01   1.9590136E-01   1.8170247E-01
   5.6521739E-01   1.4183276E+03   7.5773668E+02   2.1760643E+03   1.9046767E-01   1.5185145E-01   1.7674278E-01
   5.7971014E-01   1.0608314E+03   4.7358543E+02   1.5344168E+03   2.2172541E-01   2.1639011E-01   2.2007640E-01
   5.9420290E-01   9.9799466E+02   4.6203456E+02   1.4600292E+03   1.5414850E-01   9.7307795E-02   1.3614406E-01
   6.0869565E-01   1.0463983E+03   6.8557129E+02   1.7319696E+03   2.0465460E-01   1.9729355E-01   2.0174079E-01
   6.2318841E-01   7.7535847E+02   5.8151885E+02   1.3568773E+03   1.8571339E-01   2.0449488E-01   1.9355840E-01
   6.3768116E-01   9.1272828E+02   3.6164705E+02   1.2743753E+03   2.5092505E-01   2.1512166E-01   2.4039495E-01
   6.5217391E-01   9.7663839E+02   4.5464201E+02   1.4312804E+03   1.9536837E-01   1.8403368E-01   1.9110509E-01
   6.6666667E-01   7.2479161E+02   3.9534088E+02   1.1201325E+03   2.2100154E-01   2.2083004E-01   2.2064602E-01
   6.8115942E-01   4.9978377E+02   3.2244114E+02   8.2222491E+02   2.2180076E-01   2.3022937E-01   2.2494122E-01
   6.9565217E-01   5.0515779E+02   2.8415126E+02   7.8930905E+02   1.7906522E-01   2.4910978E-01   2.0424789E-01
   7.1014493E-01   5.2577647E+02   3.5567232E+02   8.8144880E+02   2.4314572E-01   1.9084086E-01   2.2161272E-01
   7.2463768E-01   4.3948728E+02   1.9701154E+02   6.3649881E+02   2.4807413E-01   1.4602294E-01   2.1595563E-01
   7.3913043E-01   4.1601230E+02   2.3772131E+02   6.5373361E+02   2.0515350E-01   2.3051595E-01   2.1435757E-01
   7.5362319E-01   3.3515276E+02   3.0600905E+02   6.4116181E+02   2.4669613E-01   2.4174087E-01   2.4432261E-01
   7.6811594E-01   3.1453221E+02   2.1445378E+02   5.2898599E+02   2.0563657E-01   2.1136130E-01   2.0563037E-01
   7.8260870E-01   3.7886834E+02   1.2628945E+02   5.0515779E+02   1.7910686E-01   2.0157731E-01   1.8412319E-01
   7.9710145E-01   2.4798655E+02   9.6439214E+01   3.4442577E+02   2.3510576E-01   2.2553958E-01   2.3242441E-01
   8.1159420E-01   3.7886834E+02   9.4717086E+01   4.7358543E+02   2.4877540E-01   1.7052327E-01   2.3310113E-01
   8.2608696E-01   3.1904702E+02   1.0634901E+02   4.2539603E+02   2.3374864E-01   2.6645942E-01   2.4186429E-01
   8.4057971E-01   2.8741736E+02   1.1757983E+02   4.0499719E+02   2.4715375E-01   8.3146282E-02   1.9871514E-01
   8.5507246E-01   1.9264492E+02   5.1371979E+01   2.4401690E+02   3.3716180E-01   3.6850878E-01   3.4295241E-01
   8.6956522E-01   7.5773668E+01   1.0103156E+02   1.7680523E+02   2.4783284E-01   2.0390303E-01   2.2268552E-01
   8.8405797E-01   1.9875061E+02   9.9375303E+01   2.9812591E+02   2.7764253E-01   2.5103595E-01   2.6818470E-01
   8.9855072E-01   1.9554495E+02   7.3329357E+01   2.6887431E+02   2.0680526E-01   2.7665016E-01   2.2585311E-01
   9.1304348E-01   1.9244106E+02   3.6082699E+01   2.2852376E+02   2.6388592E-01   2.6147656E-01   2.6283277E-01
   9.2753623E-01   1.1839636E+02   1.1839636E+01   1.3023599E+02   3.4975617E-01   4.6036017E-05   3.1795616E-01
   9.4202899E-01   6.9944925E+01   2.3314975E+01   9.3259900E+01   2.7016800E-01   2.0001651E-01   2.5260777E-01
   9.5652174E-01   6.8885153E+01   1.1480859E+01   8.0366012E+01   2.7276027E-01   6.9127546E-07   2.3379443E-01
   9.7101449E-01   3.3928508E+01   4.5238011E+01   7.9166519E+01   2.6367733E-01   3.1265420E-01   2.9103215E-01
   9.8550725E-01   2.2286373E+01   4.4572746E+01   6.6859119E+01   5.2495734E-07   4.1987353E-01   2.7991576E-01
   1.0000000E+00   2.1884092E+01   0.0000000E+00   2.1884092E+01   1.3675351E-05   0.0000000E+00   1.3675351E-05
