   0.0000000E+00   6.5632121E+07   3.2903958E+07   9.8536078E+07   6.0352358E-04   2.9478542E-04   3.7310025E-04
   1.4492754E-02   6.6766452E+07   3.3372239E+07   1.0013869E+08   2.1159929E-04   2.3962950E-04   1.1744673E-04
   2.8985507E-02   7.0086097E+07   3.5081693E+07   1.0516476E+08   1.3412141E-04   8.5670217E-05   6.3618813E-05
   4.3478261E-02   7.4456469E+07   3.7372584E+07   1.1182501E+08   3.0830909E-05   1.2678449E-04   6.2217774E-05
   5.7971014E-02   7.7509264E+07   3.8877385E+07   1.1638343E+08   6.6929924E-05   1.9277330E-04   7.6511879E-05
   7.2463768E-02   7.7872296E+07   3.9125127E+07   1.1698257E+08   7.8160814E-05   1.2149720E-04   9.2640814E-05
   8.6956522E-02   7.5650789E+07   3.7904894E+07   1.1354886E+08   1.2317190E-05   1.4801374E-04   4.4486636E-05
   1.0144928E-01   7.1752576E+07   3.6001152E+07   1.0774604E+08   4.8651362E-05   5.9224524E-05   4.6819553E-05
   1.1594203E-01   6.7307287E+07   3.3743435E+07   1.0104296E+08   4.6723877E-05   7.7451646E-05   2.6522518E-05
   1.3043478E-01   6.3836032E+07   3.2071037E+07   9.5900670E+07   6.2819273E-05   1.4278766E-04   3.7807401E-05
   1.4492754E-01   6.2233369E+07   3.1211022E+07   9.3436056E+07   1.0157428E-04   1.3470204E-04   1.0771853E-04
   1.5942029E-01   5.3645622E+07   2.6891111E+07   8.0530739E+07   7.7502797E-05   1.0113091E-04   7.6752031E-05
   1.7391304E-01   1.6719902E+07   8.3915549E+06   2.5110699E+07   2.2449226E-04   1.1881724E-04   1.8169223E-04
   1.8840580E-01   4.4349745E+06   2.2026240E+06   6.6373653E+06   1.1642252E-03   2.0645017E-04   7.2034188E-04
   2.0289855E-01   2.9258920E+06   1.4700092E+06   4.3959011E+06   1.5982517E-03   1.0827117E-03   8.5530331E-04
   2.1739130E-01   2.5311941E+06   1.2637027E+06   3.7948463E+06   8.0253518E-04   8.6138019E-04   8.1534050E-04
   2.3188406E-01   2.3755519E+06   1.1793224E+06   3.5548743E+06   1.0631182E-03   3.0684577E-04   8.1169897E-04
   2.4637681E-01   2.3296837E+06   1.1724861E+06   3.5020807E+06   9.2632301E-04   8.5714370E-04   8.9184875E-04
   2.6086957E-01   2.3350077E+06   1.1667040E+06   3.5017117E+06   7.6673849E-04   1.3827929E-03   9.6015465E-04
   2.7536232E-01   2.3827628E+06   1.1957085E+06   3.5784713E+06   2.6790625E-04   7.8171620E-04   3.5715097E-04
   2.8985507E-01   2.3579250E+06   1.1936626E+06   3.5515876E+06   9.9266971E-04   4.1691012E-04   7.8845896E-04
   3.0434783E-01   2.1118121E+06   1.0493210E+06   3.1611331E+06   8.8472637E-04   3.4040674E-04   7.0369345E-04
   3.1884058E-01   1.1896810E+06   5.9771647E+05   1.7873975E+06   3.9284646E-04   9.7365766E-04   5.6214220E-04
   3.3333333E-01   1.2334635E+05   6.2134408E+04   1.8548076E+05   6.1698336E-03   6.9127357E-03   6.4124931E-03
   3.4782609E-01   1.1018754E+04   6.3144724E+03   1.7333227E+04   8.9841379E-02   8.0352976E-02   8.6235224E-02
   3.6231884E-01   1.2184406E+04   5.5769420E+03   1.7761348E+04   1.0956305E-01   9.9017657E-02   1.0584539E-01
   3.7681159E-01   1.2386080E+04   5.7413126E+03   1.8127393E+04   1.1420027E-01   1.1852508E-01   1.1480921E-01
   3.9130435E-01   1.2179916E+04   5.8935075E+03   1.8073423E+04   1.3032001E-01   1.2493119E-01   1.2851104E-01
   4.0579710E-01   1.1420174E+04   5.7371492E+03   1.7157323E+04   1.5219159E-01   1.4499186E-01   1.4955528E-01
   4.2028986E-01   1.0033479E+04   5.0951260E+03   1.5128605E+04   1.5400954E-01   1.3030030E-01   1.4564511E-01
   4.3478261E-01   9.8000611E+03   4.4201307E+03   1.4220192E+04   1.3056569E-01   1.2944002E-01   1.3018788E-01
   4.4927536E-01   7.5773668E+03   4.0331146E+03   1.1610481E+04   1.3952207E-01   1.2686142E-01   1.3482398E-01
   4.6376812E-01   6.1802898E+03   3.5992492E+03   9.7795391E+03   1.3173060E-01   1.4443469E-01   1.3639950E-01
   4.7826087E-01   5.6256208E+03   2.7094827E+03   8.3351035E+03   1.5881436E-01   1.4219459E-01   1.5339761E-01
   4.9275362E-01   4.6578520E+03   2.4292147E+03   7.0870666E+03   1.6465803E-01   1.5062028E-01   1.5971661E-01
   5.0724638E-01   4.7412667E+03   1.7752688E+03   6.5165355E+03   1.4995505E-01   1.8178655E-01   1.5859254E-01
   5.2173913E-01   3.2203809E+03   1.6838593E+03   4.9042402E+03   1.5406927E-01   1.6183572E-01   1.5667696E-01
   5.3623188E-01   2.8056737E+03   1.3721178E+03   4.1777914E+03   1.7330405E-01   1.5173745E-01   1.6598067E-01
   5.5072464E-01   2.5324358E+03   1.3758903E+03   3.9083261E+03   1.8573988E-01   1.5642534E-01   1.7541320E-01
   5.6521739E-01   2.3120683E+03   9.7145729E+02   3.2835256E+03   1.8205565E-01   2.0333692E-01   1.8829879E-01
   5.7971014E-01   1.7049075E+03   9.0928402E+02   2.6141916E+03   1.6494602E-01   2.2197148E-01   1.8474421E-01
   5.9420290E-01   1.7372500E+03   6.0988562E+02   2.3471356E+03   1.7833576E-01   1.7903452E-01   1.7804399E-01
   6.0869565E-01   1.0824810E+03   6.6752994E+02   1.7500109E+03   1.5904313E-01   1.8997499E-01   1.7081309E-01
   6.2318841E-01   1.4097427E+03   4.9340993E+02   1.9031526E+03   2.4920722E-01   1.9158458E-01   2.3392732E-01
   6.3768116E-01   7.9217926E+02   5.3385994E+02   1.3260392E+03   1.9251783E-01   2.4470783E-01   2.1344839E-01
   6.5217391E-01   7.4089809E+02   4.2096482E+02   1.1618629E+03   2.1525676E-01   2.1328681E-01   2.1452698E-01
   6.6666667E-01   4.9417610E+02   2.6356059E+02   7.5773668E+02   2.4369956E-01   2.3356284E-01   2.4005333E-01
   6.8115942E-01   6.6100434E+02   2.2570880E+02   8.8671314E+02   2.5409313E-01   2.1129353E-01   2.4289716E-01
   6.9565217E-01   5.3673015E+02   1.7364799E+02   7.1037814E+02   3.0293788E-01   2.7071172E-01   2.9463146E-01
   7.1014493E-01   3.8660035E+02   2.3196021E+02   6.1856056E+02   3.0338936E-01   3.1672065E-01   3.0826834E-01
   7.2463768E-01   3.7886834E+02   2.7278521E+02   6.5165355E+02   2.3031671E-01   2.9604522E-01   2.5754148E-01
   7.3913043E-01   1.7829098E+02   2.0800615E+02   3.8629713E+02   3.1618448E-01   2.8389770E-01   2.9850159E-01
   7.5362319E-01   2.4772161E+02   1.4571859E+02   3.9344020E+02   2.8368289E-01   2.9325428E-01   2.8721847E-01
   7.6811594E-01   2.1445378E+02   8.5781511E+01   3.0023529E+02   3.0326373E-01   3.8054168E-01   3.2489113E-01
   7.8260870E-01   1.9645025E+02   9.8225126E+01   2.9467538E+02   3.3332965E-01   2.2480891E-01   2.9587299E-01
   7.9710145E-01   8.2662184E+01   1.5154734E+02   2.3420952E+02   3.6788286E-01   3.3371013E-01   3.4350049E-01
   8.1159420E-01   1.4884113E+02   1.2177911E+02   2.7062024E+02   3.6413441E-01   3.4329812E-01   3.5473670E-01
   8.2608696E-01   1.9940439E+02   5.3174504E+01   2.5257889E+02   2.9639607E-01   3.8387117E-01   3.1460356E-01
   8.4057971E-01   1.4370868E+02   5.2257702E+01   1.9596638E+02   3.4591059E-01   3.7176399E-01   3.5043757E-01
   8.5507246E-01   5.1371979E+01   8.9900963E+01   1.4127294E+02   3.1380318E-01   3.7878030E-01   3.5515153E-01
   8.6956522E-01   1.3891839E+02   3.7886834E+01   1.7680523E+02   3.8368069E-01   4.1528461E-01   3.8864728E-01
   8.8405797E-01   8.6953390E+01   3.7265739E+01   1.2421913E+02   3.8061551E-01   3.8063838E-01   3.8053964E-01
   8.9855072E-01   9.7772475E+01   3.6664678E+01   1.3443715E+02   3.2579378E-01   3.8710719E-01   3.4246495E-01
   9.1304348E-01   1.0824810E+02   0.0000000E+00   1.0824810E+02   3.8707397E-01   0.0000000E+00   3.8707397E-01
   9.2753623E-01   8.2877450E+01   1.1839636E+01   9.4717086E+01   3.9403840E-01   3.2806568E-01   3.8572425E-01
   9.4202899E-01   1.1657487E+01   3.4972462E+01   4.6629950E+01   4.1494892E-01   3.8644925E-01   3.8957390E-01
   9.5652174E-01   4.5923435E+01   1.1480859E+01   5.7404294E+01   2.9031096E-01   3.9769268E-01   3.1061197E-01
   9.7101449E-01   1.1309503E+01   2.2619005E+01   3.3928508E+01   4.0713332E-01   4.0447698E-01   4.0534646E-01
   9.8550725E-01   5.5715933E+01   0.0000000E+00   5.5715933E+01   4.2160134E-01   0.0000000E+00   4.2160134E-01
   1.0000000E+00   0.0000000E+00   2.1884092E+01   2.1884092E+01   0.0000000E+00   4.1973290E-01   4.1973290E-01
