   0.0000000E+00   2.8927907E+10   1.4900825E+10   4.3756196E+10   3.2867331E-07   9.6641635E-07   2.7297350E-07
   1.4492754E-02   3.7482203E+07   1.8505445E+07   5.5987648E+07   1.4263188E-04   4.1645851E-05   8.7433713E-05
   2.8985507E-02   4.1175790E+07   2.0302418E+07   6.1475177E+07   8.2392546E-05   2.0122835E-04   1.2020021E-04
   4.3478261E-02   3.5433030E+07   1.7352423E+07   5.2781917E+07   7.1413573E-05   2.7399746E-05   4.0257054E-05
   5.7971014E-02   2.6630656E+07   1.2844963E+07   3.9473345E+07   4.8792126E-05   1.3307496E-04   3.4802038E-05
   7.2463768E-02   2.1633685E+07   1.0332952E+07   3.1964970E+07   3.0244397E-04   2.4131722E-05   2.1100379E-04
   8.6956522E-02   1.8618474E+07   8.7926502E+06   2.7408978E+07   7.2726180E-05   2.4070835E-04   1.1528504E-04
   1.0144928E-01   1.6307684E+07   7.6963315E+06   2.4002933E+07   3.3264982E-04   1.7579768E-04   2.5504992E-04
   1.1594203E-01   1.4186725E+07   6.6049065E+06   2.0790211E+07   4.1653679E-04   2.8535936E-04   3.7301632E-04
   1.3043478E-01   1.1799644E+07   5.5558096E+06   1.7354443E+07   2.7180999E-04   3.8083006E-04   3.0495642E-04
   1.4492754E-01   9.5115655E+06   4.3946454E+06   1.3905908E+07   5.7081673E-04   5.1859196E-04   5.5423817E-04
   1.5942029E-01   7.0678922E+06   3.2816887E+06   1.0349099E+07   5.4018811E-04   9.7537597E-04   5.2322011E-04
   1.7391304E-01   4.8892328E+06   2.2252201E+06   7.1142634E+06   1.2074795E-03   8.4066718E-04   1.0596941E-03
   1.8840580E-01   3.7844284E+06   1.7039749E+06   5.4882285E+06   1.0719988E-03   1.5283533E-03   1.2047828E-03
   2.0289855E-01   3.1393572E+06   1.4115011E+06   4.5508042E+06   2.6684233E-04   1.2999524E-03   5.8706549E-04
   2.1739130E-01   2.6406113E+06   1.1512546E+06   3.7918154E+06   1.3188988E-03   1.3398667E-03   1.3041808E-03
   2.3188406E-01   2.2123070E+06   9.8264240E+05   3.1949020E+06   1.4898204E-03   2.0277650E-03   1.6512496E-03
   2.4637681E-01   1.8653249E+06   8.1746416E+05   2.6827890E+06   2.3540075E-03   2.9956868E-03   2.4408309E-03
   2.6086957E-01   1.5491927E+06   6.7371211E+05   2.2228627E+06   2.7017832E-03   1.5742072E-03   2.3591135E-03
   2.7536232E-01   1.2759488E+06   5.5274897E+05   1.8286579E+06   1.7781460E-03   3.1185790E-03   2.1830884E-03
   2.8985507E-01   1.0163522E+06   4.4721619E+05   1.4635684E+06   3.9714569E-03   4.1457748E-03   3.9610468E-03
   3.0434783E-01   7.8140693E+05   3.3910521E+05   1.1205121E+06   6.9867501E-03   5.1610054E-03   6.4342107E-03
   3.1884058E-01   4.9235663E+05   2.1736710E+05   7.0972373E+05   9.6506559E-03   1.0330496E-02   9.7232001E-03
   3.3333333E-01   1.2262156E+05   5.6401965E+04   1.7902353E+05   5.7731632E-02   5.0297930E-02   5.5375097E-02
   3.4782609E-01   2.3363548E+04   1.0608314E+04   3.3971861E+04   2.5844327E-01   2.6648677E-01   2.6095374E-01
   3.6231884E-01   1.9579916E+04   8.5775793E+03   2.8157495E+04   2.7862581E-01   2.8815682E-01   2.8152906E-01
   3.7681159E-01   1.5504458E+04   6.4116181E+03   2.1916076E+04   2.8709596E-01   2.9267793E-01   2.8872898E-01
   3.9130435E-01   1.2264109E+04   5.1638352E+03   1.7427944E+04   2.8740284E-01   3.0316331E-01   2.9207254E-01
   4.0579710E-01   9.2010883E+03   4.6546682E+03   1.3855757E+04   2.9441626E-01   2.8343114E-01   2.9072594E-01
   4.2028986E-01   7.0809187E+03   3.4490084E+03   1.0529927E+04   2.9390474E-01   2.9484537E-01   2.9421229E-01
   4.3478261E-01   6.6428249E+03   2.5257889E+03   9.1686139E+03   2.8284676E-01   3.0326246E-01   2.8847092E-01
   4.4927536E-01   4.9619531E+03   2.1509945E+03   7.1129476E+03   2.7747284E-01   3.1234785E-01   2.8801786E-01
   4.6376812E-01   4.3806652E+03   1.6812283E+03   6.0618935E+03   2.9018285E-01   2.8704209E-01   2.8931178E-01
   4.7826087E-01   3.9034920E+03   1.3777031E+03   5.2811951E+03   2.6986629E-01   3.0431798E-01   2.7885318E-01
   4.9275362E-01   2.8303694E+03   1.2926096E+03   4.1229790E+03   2.7516641E-01   2.9382006E-01   2.8101458E-01
   5.0724638E-01   3.5505376E+03   1.1690795E+03   4.7196171E+03   2.2954788E-01   2.2796251E-01   2.2915510E-01
   5.2173913E-01   2.7362714E+03   9.2612261E+02   3.6623940E+03   2.1187504E-01   2.1420268E-01   2.1244605E-01
   5.3623188E-01   2.4165656E+03   1.2492416E+03   3.6658072E+03   2.0181020E-01   1.8042590E-01   1.9452281E-01
   5.5072464E-01   1.9142821E+03   5.5833229E+02   2.4726144E+03   1.9067147E-01   1.8649028E-01   1.8972725E-01
   5.6521739E-01   1.6320482E+03   6.8002010E+02   2.3120683E+03   1.8385389E-01   2.0655955E-01   1.9053203E-01
   5.7971014E-01   1.5154734E+03   3.5992492E+02   1.8753983E+03   2.1278119E-01   1.6542269E-01   2.0369218E-01
   5.9420290E-01   1.1643271E+03   4.0659042E+02   1.5709175E+03   2.1068398E-01   1.5201031E-01   1.9549786E-01
   6.0869565E-01   1.0283569E+03   4.8711644E+02   1.5154734E+03   1.9039713E-01   1.9127371E-01   1.9067889E-01
   6.2318841E-01   1.0749288E+03   2.6432675E+02   1.3392555E+03   1.8842586E-01   1.4395153E-01   1.7964803E-01
   6.3768116E-01   6.8885153E+02   2.5831932E+02   9.4717086E+02   1.9959355E-01   1.9992747E-01   1.9968462E-01
   6.5217391E-01   7.2405950E+02   4.0412623E+02   1.1281857E+03   2.3790701E-01   3.0865392E-01   2.6324919E-01
   6.6666667E-01   6.9184654E+02   4.1181342E+02   1.1036600E+03   2.1827974E-01   2.4660104E-01   2.2884739E-01
   6.8115942E-01   5.3202788E+02   1.4509851E+02   6.7712640E+02   2.3686063E-01   3.0287088E-01   2.5100569E-01
   6.9565217E-01   5.2094397E+02   1.5786181E+02   6.7880578E+02   2.5592673E-01   2.2525826E-01   2.4879453E-01
   7.1014493E-01   5.5670450E+02   1.5464014E+02   7.1134464E+02   2.3437128E-01   2.0952110E-01   2.2896907E-01
   7.2463768E-01   3.9402308E+02   1.8185680E+02   5.7587988E+02   1.4819674E-01   2.4837141E-01   1.7983085E-01
   7.3913043E-01   5.2001537E+02   2.5257889E+02   7.7259427E+02   2.3218398E-01   2.6291500E-01   2.4223066E-01
   7.5362319E-01   3.0600905E+02   7.2859297E+01   3.7886834E+02   1.8846814E-01   2.7235731E-01   2.0460068E-01
   7.6811594E-01   3.5742296E+02   7.1484593E+01   4.2890756E+02   2.3004730E-01   1.5420434E-01   2.1740681E-01
   7.8260870E-01   1.6838593E+02   7.0160804E+01   2.3854673E+02   2.9855223E-01   2.4429851E-01   2.8259526E-01
   7.9710145E-01   2.2043249E+02   8.2662184E+01   3.0309467E+02   1.6895078E-01   2.6350877E-01   1.9473932E-01
   8.1159420E-01   3.2474429E+02   9.4717086E+01   4.1946138E+02   1.5019201E-01   1.1412420E-01   1.4204767E-01
   8.2608696E-01   1.3293626E+02   7.9761756E+01   2.1269802E+02   1.6195164E-01   2.3254528E-01   1.8842426E-01
   8.4057971E-01   1.0451540E+02   2.6128851E+01   1.3064426E+02   1.9013264E-01   1.6195870E-01   1.8449785E-01
   8.5507246E-01   1.0274396E+02   3.8528984E+01   1.4127294E+02   1.5295064E-01   1.4180454E-01   1.4991080E-01
   8.6956522E-01   1.2628945E+02   7.5773668E+01   2.0206312E+02   2.6886763E-01   1.3366481E-01   2.1816657E-01
   8.8405797E-01   3.7265739E+01   4.9687651E+01   8.6953390E+01   2.6379697E-01   1.8338273E-01   2.1784598E-01
   8.9855072E-01   2.4443119E+01   2.4443119E+01   4.8886238E+01   1.8231533E-01   1.2021409E-05   9.1163673E-02
   9.1304348E-01   4.8110266E+01   2.4055133E+01   7.2165398E+01   1.7574591E-01   1.8343302E-01   1.7830828E-01
   9.2753623E-01   3.5518907E+01   1.1839636E+01   4.7358543E+01   3.9379629E-01   1.6218322E-05   2.9534317E-01
   9.4202899E-01   4.6629950E+01   1.1657487E+01   5.8287437E+01   2.9165191E-01   3.8300673E-01   3.0992287E-01
   9.5652174E-01   4.5923435E+01   1.1480859E+01   5.7404294E+01   2.1303658E-01   2.0090143E-06   1.7042966E-01
   9.7101449E-01   1.1309503E+01   0.0000000E+00   1.1309503E+01   4.2024110E-01   0.0000000E+00   4.2024110E-01
   9.8550725E-01   1.1143187E+01   0.0000000E+00   1.1143187E+01   4.1468806E-01   0.0000000E+00   4.1468806E-01
   1.0000000E+00   0.0000000E+00   0.0000000E+00   0.0000000E+00   0.0000000E+00   0.0000000E+00   0.0000000E+00
