   0.0000000E+00   3.0750367E+10   1.5562038E+10   4.6305986E+10   2.4497715E-06   5.2350582E-06   1.0619467E-06
   1.4492754E-02   4.0885198E+07   2.0217930E+07   6.1103128E+07   4.3770386E-04   1.9181261E-03   4.0440415E-04
   2.8985507E-02   4.0505572E+07   1.9682589E+07   6.0187783E+07   2.7789910E-03   1.4716623E-03   2.3461713E-03
   4.3478261E-02   3.7771406E+07   1.8415022E+07   5.6186175E+07   2.3530255E-03   2.3297997E-03   2.2722549E-03
   5.7971014E-02   3.1981224E+07   1.5684202E+07   4.7665616E+07   8.4047322E-04   1.0434479E-03   6.0468703E-04
   7.2463768E-02   2.5378572E+07   1.2367930E+07   3.7746047E+07   5.7386016E-04   8.5757964E-04   6.5249291E-04
   8.6956522E-02   1.9507047E+07   9.4943144E+06   2.9000982E+07   5.0314162E-04   9.7323067E-04   3.2802607E-04
   1.0144928E-01   1.4960970E+07   7.3105353E+06   2.2271288E+07   1.4039580E-03   8.2169475E-04   1.1755488E-03
   1.1594203E-01   1.1526122E+07   5.5966431E+06   1.7122576E+07   1.5125460E-03   6.2353669E-04   1.2196339E-03
   1.3043478E-01   8.7521955E+06   4.2920732E+06   1.3044269E+07   1.3560868E-03   1.1066669E-03   9.5040085E-04
   1.4492754E-01   6.6879355E+06   3.2331109E+06   9.9210464E+06   1.5234252E-03   3.1946395E-03   2.0216362E-03
   1.5942029E-01   5.0129792E+06   2.4465940E+06   7.4595732E+06   2.5394926E-03   3.4225250E-03   2.7740198E-03
   1.7391304E-01   3.6527328E+06   1.7515083E+06   5.4042412E+06   4.2648022E-03   3.8279093E-03   4.0729615E-03
   1.8840580E-01   2.6442679E+06   1.2753291E+06   3.9195970E+06   3.9704107E-03   5.2192681E-03   4.3226345E-03
   2.0289855E-01   1.9863526E+06   9.4354454E+05   2.9298971E+06   5.5334848E-03   4.5044357E-03   5.1944949E-03
   2.1739130E-01   1.4951660E+06   6.9499609E+05   2.1901621E+06   7.0349852E-03   6.4680038E-03   6.8549404E-03
   2.3188406E-01   1.1426669E+06   5.3576719E+05   1.6784341E+06   4.8675291E-03   6.1792438E-03   5.2748088E-03
   2.4637681E-01   8.7104060E+05   4.0097642E+05   1.2720170E+06   7.9937188E-03   9.2650033E-03   8.3920776E-03
   2.6086957E-01   6.7177567E+05   3.0844093E+05   9.8021659E+05   5.7710425E-03   5.0734763E-03   5.5453714E-03
   2.7536232E-01   4.9117289E+05   2.2409065E+05   7.1526355E+05   4.4871573E-03   5.9698955E-03   4.9267743E-03
   2.8985507E-01   3.3704128E+05   1.5363111E+05   4.9067239E+05   6.6273276E-03   7.2506869E-03   6.8170148E-03
   3.0434783E-01   2.0715078E+05   9.4897499E+04   3.0204828E+05   1.0842397E-02   4.8110284E-03   8.5694000E-03
   3.1884058E-01   1.0050344E+05   4.3018778E+04   1.4352222E+05   2.0498402E-03   7.9735870E-03   3.7902752E-03
   3.3333333E-01   2.4511134E+04   1.1464885E+04   3.5976020E+04   2.2330296E-02   1.6537208E-02   2.0479019E-02
   3.4782609E-01   2.9046573E+03   1.5470457E+03   4.4517030E+03   5.5593461E-02   4.1128273E-02   5.0530568E-02
   3.6231884E-01   3.2734225E+03   1.4548544E+03   4.7282769E+03   9.2729289E-02   6.8207714E-02   8.5171205E-02
   3.7681159E-01   1.9817729E+03   1.0200302E+03   3.0018030E+03   6.6944516E-02   6.8623936E-02   6.7115693E-02
   3.9130435E-01   2.1048241E+03   1.1506372E+03   3.2554613E+03   7.8554265E-02   1.0440910E-01   8.7585677E-02
   4.0579710E-01   2.0025898E+03   8.6598478E+02   2.8685746E+03   1.2546208E-01   6.2232861E-02   1.0619483E-01
   4.2028986E-01   1.9074061E+03   6.7935013E+02   2.5867563E+03   1.0984030E-01   1.4523505E-01   1.1906874E-01
   4.3478261E-01   2.3489837E+03   8.3351035E+02   3.1824941E+03   1.0724160E-01   1.2024313E-01   1.0939064E-01
   4.4927536E-01   1.7843477E+03   5.6219173E+02   2.3465394E+03   1.1089570E-01   1.2616848E-01   1.1358960E-01
   4.6376812E-01   1.5865112E+03   5.4462324E+02   2.1311344E+03   1.4069920E-01   1.2829522E-01   1.3740284E-01
   4.7826087E-01   1.5154734E+03   6.8885153E+02   2.2043249E+03   1.4055137E-01   1.1281527E-01   1.3181650E-01
   4.9275362E-01   1.4931870E+03   6.9087756E+02   2.1840646E+03   1.4105204E-01   1.3883244E-01   1.4030687E-01
   5.0724638E-01   1.5587726E+03   1.0608314E+03   2.6196040E+03   1.2636693E-01   9.4978560E-02   1.1364680E-01
   5.2173913E-01   1.8311970E+03   6.9459196E+02   2.5257889E+03   1.5541952E-01   1.4416213E-01   1.5175352E-01
   5.3623188E-01   1.4130765E+03   7.1677794E+02   2.1298545E+03   1.1404670E-01   1.1890309E-01   1.1560420E-01
   5.5072464E-01   1.5952351E+03   7.1785581E+02   2.3130909E+03   1.5563161E-01   1.2790566E-01   1.4702472E-01
   5.6521739E-01   1.5154734E+03   7.1887839E+02   2.2343518E+03   1.5797787E-01   1.5298477E-01   1.5623112E-01
   5.7971014E-01   1.1934353E+03   6.2513276E+02   1.8185680E+03   1.8004213E-01   1.6721127E-01   1.7562822E-01
   5.9420290E-01   1.4045851E+03   5.7292286E+02   1.9775079E+03   1.6224457E-01   1.4717666E-01   1.5777784E-01
   6.0869565E-01   1.3531012E+03   4.5103374E+02   1.8041350E+03   1.8863617E-01   1.6295962E-01   1.8202319E-01
   6.2318841E-01   1.0573070E+03   5.6389707E+02   1.6212041E+03   2.0062586E-01   1.6477528E-01   1.8814836E-01
   6.3768116E-01   1.0332773E+03   6.3718767E+02   1.6704650E+03   2.2322244E-01   1.3550465E-01   1.8974810E-01
   6.5217391E-01   1.2965717E+03   5.8935075E+02   1.8859224E+03   1.8804845E-01   1.3274449E-01   1.7066612E-01
   6.6666667E-01   1.4825283E+03   5.6006624E+02   2.0425945E+03   2.0073374E-01   1.2091983E-01   1.7884909E-01
   6.8115942E-01   9.8344548E+02   4.1917348E+02   1.4026190E+03   1.7099656E-01   1.5512195E-01   1.6620432E-01
   6.9565217E-01   1.1208188E+03   3.1572362E+02   1.4365425E+03   1.8945833E-01   1.0573392E-01   1.7103260E-01
   7.1014493E-01   7.8866471E+02   4.1752838E+02   1.2061931E+03   1.8520243E-01   2.0173100E-01   1.9091827E-01
   7.2463768E-01   1.0305219E+03   4.5464201E+02   1.4851639E+03   1.8030104E-01   1.8123629E-01   1.8056458E-01
   7.3913043E-01   8.9145492E+02   4.7544263E+02   1.3668975E+03   2.2367092E-01   1.8993360E-01   2.1193620E-01
   7.5362319E-01   7.4316482E+02   3.3515276E+02   1.0783176E+03   2.2241520E-01   2.2206674E-01   2.2230686E-01
   7.6811594E-01   8.8640895E+02   3.0023529E+02   1.1866442E+03   2.1489840E-01   2.2201529E-01   2.1666372E-01
   7.8260870E-01   7.5773668E+02   3.0870754E+02   1.0664442E+03   2.1416699E-01   1.8471518E-01   2.0563516E-01
   7.9710145E-01   5.6485826E+02   2.7554061E+02   8.4039887E+02   2.1570529E-01   1.5952750E-01   1.9726964E-01
   8.1159420E-01   7.7126770E+02   3.2474429E+02   1.0960120E+03   2.3737998E-01   1.9884304E-01   2.2596163E-01
   8.2608696E-01   6.2480042E+02   2.9245977E+02   9.1726020E+02   1.7167039E-01   2.1054788E-01   1.8406140E-01
   8.4057971E-01   4.8338375E+02   1.8290196E+02   6.6628570E+02   2.3036263E-01   2.6586019E-01   2.4010706E-01
   8.5507246E-01   3.8528984E+02   2.1833091E+02   6.0362075E+02   1.9895927E-01   2.2877803E-01   2.0974034E-01
   8.6956522E-01   4.0412623E+02   1.5154734E+02   5.5567357E+02   1.7995913E-01   2.4898689E-01   1.9877681E-01
   8.8405797E-01   4.5961078E+02   1.8632869E+02   6.4593947E+02   2.1853919E-01   1.3239157E-01   1.9368891E-01
   8.9855072E-01   3.4220366E+02   1.4665871E+02   4.8886238E+02   1.2494764E-01   1.3270769E-01   1.2721847E-01
   9.1304348E-01   2.1649620E+02   1.6838593E+02   3.8488213E+02   2.8001722E-01   3.0855180E-01   2.9250109E-01
   9.2753623E-01   2.8415126E+02   2.4863235E+02   5.3278361E+02   2.1940129E-01   2.1144148E-01   2.1568671E-01
   9.4202899E-01   2.5646472E+02   5.8287437E+01   3.1475216E+02   1.8793417E-01   2.4503510E-01   1.9850842E-01
   9.5652174E-01   1.6073202E+02   6.8885153E+01   2.2961718E+02   2.0415570E-01   2.7815388E-01   2.2635515E-01
   9.7101449E-01   2.1488055E+02   1.1309503E+02   3.2797558E+02   1.9112820E-01   1.2694194E-01   1.6899501E-01
   9.8550725E-01   1.2257505E+02   8.9145492E+01   2.1172054E+02   2.3248315E-01   3.2007021E-01   2.6936191E-01
   1.0000000E+00   2.1884092E+01   0.0000000E+00   2.1884092E+01   4.2718644E-01   0.0000000E+00   4.2718644E-01
