#depth	S	S+	S+2	S+3	S+4	S+5	S+6	S+7	S+8	S+9	S+10	S+11	S+12	S+13	S+14	S+15	S+16
 6.17135e+19	0.00e+00	0.00e+00	0.00e+00	5.37e-28	5.78e-24	2.28e-20	2.15e-16	3.50e-13	1.86e-10	3.18e-08	2.75e-06	9.24e-05	1.42e-03	1.71e-02	3.76e-01	4.45e-01	1.61e-01
 1.87609e+20	0.00e+00	0.00e+00	8.06e-32	1.56e-27	1.50e-23	5.26e-20	4.74e-16	7.23e-13	3.57e-10	5.59e-08	4.44e-06	1.36e-04	1.89e-03	2.03e-02	4.04e-01	4.33e-01	1.41e-01
 3.09898e+20	0.00e+00	0.00e+00	2.43e-31	4.23e-27	3.63e-23	1.14e-19	9.90e-16	1.42e-12	6.55e-10	9.45e-08	6.93e-06	1.94e-04	2.44e-03	2.38e-02	4.30e-01	4.19e-01	1.25e-01
 4.23562e+20	0.00e+00	0.00e+00	6.52e-31	1.03e-26	8.01e-23	2.28e-19	1.91e-15	2.60e-12	1.13e-09	1.51e-07	1.03e-05	2.67e-04	3.07e-03	2.74e-02	4.53e-01	4.06e-01	1.11e-01
 4.98953e+20	0.00e+00	0.00e+00	1.24e-30	1.83e-26	1.34e-22	3.57e-19	2.93e-15	3.85e-12	1.60e-09	2.05e-07	1.33e-05	3.27e-04	3.56e-03	2.99e-02	4.68e-01	3.96e-01	1.02e-01
 5.30914e+20	0.00e+00	0.00e+00	1.62e-30	2.33e-26	1.66e-22	4.31e-19	3.51e-15	4.55e-12	1.86e-09	2.33e-07	1.49e-05	3.57e-04	3.79e-03	3.10e-02	4.74e-01	3.92e-01	9.90e-02
 5.58805e+20	0.00e+00	0.00e+00	2.03e-30	2.86e-26	1.98e-22	5.05e-19	4.08e-15	5.22e-12	2.11e-09	2.59e-07	1.62e-05	3.83e-04	3.99e-03	3.19e-02	4.79e-01	3.89e-01	9.63e-02
 5.95064e+20	0.00e+00	0.00e+00	2.72e-30	3.72e-26	2.51e-22	6.19e-19	4.96e-15	6.25e-12	2.47e-09	2.97e-07	1.83e-05	4.21e-04	4.26e-03	3.32e-02	4.85e-01	3.84e-01	9.28e-02
 6.42200e+20	0.00e+00	0.00e+00	3.98e-30	5.24e-26	3.40e-22	8.07e-19	6.40e-15	7.90e-12	3.05e-09	3.57e-07	2.13e-05	4.75e-04	4.65e-03	3.50e-02	4.94e-01	3.78e-01	8.83e-02
 6.93210e+20	0.00e+00	0.00e+00	5.98e-30	7.55e-26	4.70e-22	1.07e-18	8.39e-15	1.01e-11	3.82e-09	4.33e-07	2.50e-05	5.41e-04	5.10e-03	3.69e-02	5.03e-01	3.71e-01	8.37e-02
 7.38660e+20	0.00e+00	0.00e+00	8.58e-30	1.04e-25	6.26e-22	1.37e-18	1.07e-14	1.26e-11	4.66e-09	5.13e-07	2.89e-05	6.06e-04	5.54e-03	3.87e-02	5.10e-01	3.65e-01	7.98e-02
 7.80649e+20	0.00e+00	0.00e+00	1.19e-29	1.40e-25	8.10e-22	1.72e-18	1.32e-14	1.54e-11	5.56e-09	5.98e-07	3.29e-05	6.71e-04	5.95e-03	4.03e-02	5.17e-01	3.59e-01	7.64e-02
 8.28735e+20	0.00e+00	0.00e+00	1.72e-29	1.94e-25	1.09e-21	2.22e-18	1.69e-14	1.94e-11	6.82e-09	7.13e-07	3.81e-05	7.55e-04	6.47e-03	4.23e-02	5.25e-01	3.53e-01	7.26e-02
 8.82606e+20	0.00e+00	0.00e+00	2.58e-29	2.81e-25	1.50e-21	2.94e-18	2.22e-14	2.49e-11	8.55e-09	8.65e-07	4.49e-05	8.59e-04	7.09e-03	4.46e-02	5.33e-01	3.46e-01	6.86e-02
 9.29082e+20	0.00e+00	0.00e+00	3.66e-29	3.84e-25	1.98e-21	3.74e-18	2.80e-14	3.09e-11	1.04e-08	1.02e-06	5.16e-05	9.59e-04	7.66e-03	4.66e-02	5.40e-01	3.39e-01	6.53e-02
 9.66489e+20	0.00e+00	0.00e+00	4.83e-29	4.92e-25	2.47e-21	4.52e-18	3.37e-14	3.66e-11	1.21e-08	1.16e-06	5.76e-05	1.05e-03	8.15e-03	4.82e-02	5.45e-01	3.34e-01	6.28e-02
 1.00702e+21	0.00e+00	0.00e+00	6.53e-29	6.44e-25	3.13e-21	5.55e-18	4.12e-14	4.40e-11	1.43e-08	1.34e-06	6.49e-05	1.15e-03	8.71e-03	5.01e-02	5.51e-01	3.29e-01	6.01e-02
 1.05970e+21	0.00e+00	0.00e+00	9.57e-29	9.08e-25	4.23e-21	7.21e-18	5.31e-14	5.57e-11	1.76e-08	1.61e-06	7.56e-05	1.30e-03	9.48e-03	5.25e-02	5.58e-01	3.22e-01	5.69e-02
 1.11398e+21	0.00e+00	0.00e+00	1.42e-28	1.29e-24	5.76e-21	9.41e-18	6.89e-14	7.09e-11	2.19e-08	1.94e-06	8.83e-05	1.47e-03	1.03e-02	5.51e-02	5.65e-01	3.14e-01	5.37e-02
 1.15826e+21	0.00e+00	0.00e+00	1.94e-28	1.71e-24	7.39e-21	1.17e-17	8.50e-14	8.62e-11	2.61e-08	2.25e-06	1.00e-04	1.62e-03	1.11e-02	5.72e-02	5.70e-01	3.08e-01	5.12e-02
 1.20374e+21	0.00e+00	0.00e+00	2.68e-28	2.28e-24	9.52e-21	1.45e-17	1.05e-13	1.05e-10	3.12e-08	2.62e-06	1.14e-04	1.79e-03	1.19e-02	5.95e-02	5.76e-01	3.02e-01	4.87e-02
 1.26287e+21	0.00e+00	0.00e+00	4.05e-28	3.30e-24	1.32e-20	1.92e-17	1.39e-13	1.36e-10	3.92e-08	3.19e-06	1.34e-04	2.04e-03	1.30e-02	6.25e-02	5.82e-01	2.94e-01	4.57e-02
 1.31934e+21	0.00e+00	0.00e+00	6.00e-28	4.68e-24	1.79e-20	2.50e-17	1.80e-13	1.73e-10	4.87e-08	3.85e-06	1.57e-04	2.30e-03	1.42e-02	6.54e-02	5.88e-01	2.87e-01	4.30e-02
 1.35944e+21	0.00e+00	0.00e+00	7.91e-28	5.99e-24	2.22e-20	3.00e-17	2.16e-13	2.05e-10	5.68e-08	4.39e-06	1.75e-04	2.51e-03	1.51e-02	6.76e-02	5.92e-01	2.82e-01	4.11e-02
 1.39866e+21	0.00e+00	0.00e+00	1.03e-27	7.59e-24	2.73e-20	3.59e-17	2.58e-13	2.42e-10	6.59e-08	4.98e-06	1.94e-04	2.73e-03	1.60e-02	6.97e-02	5.96e-01	2.76e-01	3.94e-02
 1.44965e+21	0.00e+00	0.00e+00	1.46e-27	1.03e-23	3.58e-20	4.52e-17	3.24e-13	2.99e-10	7.98e-08	5.86e-06	2.23e-04	3.04e-03	1.72e-02	7.25e-02	6.00e-01	2.70e-01	3.72e-02
 1.50393e+21	0.00e+00	0.00e+00	2.09e-27	1.43e-23	4.75e-20	5.75e-17	4.12e-13	3.74e-10	9.77e-08	6.97e-06	2.57e-04	3.40e-03	1.86e-02	7.56e-02	6.05e-01	2.63e-01	3.51e-02
 1.55064e+21	0.00e+00	0.00e+00	2.86e-27	1.88e-23	6.04e-20	7.07e-17	5.06e-13	4.54e-10	1.16e-07	8.07e-06	2.91e-04	3.74e-03	1.99e-02	7.82e-02	6.08e-01	2.56e-01	3.33e-02
 1.59955e+21	0.00e+00	0.00e+00	3.94e-27	2.50e-23	7.75e-20	8.74e-17	6.26e-13	5.53e-10	1.39e-07	9.41e-06	3.30e-04	4.14e-03	2.13e-02	8.11e-02	6.11e-01	2.50e-01	3.15e-02
 1.65402e+21	0.00e+00	6.38e-32	5.63e-27	3.43e-23	1.02e-19	1.10e-16	7.93e-13	6.90e-10	1.69e-07	1.11e-05	3.81e-04	4.62e-03	2.30e-02	8.44e-02	6.15e-01	2.43e-01	2.96e-02
 1.70429e+21	0.00e+00	9.17e-32	7.80e-27	4.58e-23	1.31e-19	1.37e-16	9.84e-13	8.45e-10	2.03e-07	1.30e-05	4.33e-04	5.11e-03	2.46e-02	8.74e-02	6.18e-01	2.37e-01	2.80e-02
 1.74862e+21	0.00e+00	1.26e-31	1.04e-26	5.90e-23	1.64e-19	1.65e-16	1.19e-12	1.01e-09	2.38e-07	1.49e-05	4.85e-04	5.58e-03	2.62e-02	9.02e-02	6.20e-01	2.31e-01	2.66e-02
 1.79664e+21	0.00e+00	1.77e-31	1.41e-26	7.74e-23	2.07e-19	2.01e-16	1.45e-12	1.22e-09	2.83e-07	1.72e-05	5.47e-04	6.14e-03	2.79e-02	9.32e-02	6.22e-01	2.25e-01	2.51e-02
 1.85046e+21	0.00e+00	2.59e-31	1.98e-26	1.05e-22	2.69e-19	2.51e-16	1.82e-12	1.51e-09	3.42e-07	2.03e-05	6.26e-04	6.82e-03	3.00e-02	9.66e-02	6.24e-01	2.19e-01	2.36e-02
 1.89956e+21	0.00e+00	3.66e-31	2.70e-26	1.38e-22	3.41e-19	3.07e-16	2.23e-12	1.83e-09	4.07e-07	2.35e-05	7.07e-04	7.50e-03	3.20e-02	9.98e-02	6.25e-01	2.13e-01	2.23e-02
 1.94316e+21	0.00e+00	4.96e-31	3.55e-26	1.75e-22	4.21e-19	3.66e-16	2.67e-12	2.16e-09	4.74e-07	2.67e-05	7.87e-04	8.16e-03	3.39e-02	1.03e-01	6.26e-01	2.07e-01	2.12e-02
 1.99188e+21	0.00e+00	6.95e-31	4.81e-26	2.29e-22	5.30e-19	4.44e-16	3.26e-12	2.61e-09	5.62e-07	3.08e-05	8.87e-04	8.95e-03	3.61e-02	1.06e-01	6.27e-01	2.01e-01	2.00e-02
 2.04662e+21	0.00e+00	1.01e-30	6.74e-26	3.08e-22	6.86e-19	5.51e-16	4.07e-12	3.21e-09	6.78e-07	3.62e-05	1.01e-03	9.92e-03	3.88e-02	1.09e-01	6.27e-01	1.95e-01	1.87e-02
 2.09786e+21	0.00e+00	1.44e-30	9.23e-26	4.07e-22	8.71e-19	6.73e-16	4.99e-12	3.90e-09	8.08e-07	4.20e-05	1.14e-03	1.09e-02	4.14e-02	1.13e-01	6.27e-01	1.89e-01	1.76e-02
 2.14471e+21	0.00e+00	1.98e-30	1.23e-25	5.23e-22	1.08e-18	8.06e-16	6.02e-12	4.66e-09	9.48e-07	4.80e-05	1.28e-03	1.19e-02	4.39e-02	1.16e-01	6.27e-01	1.83e-01	1.66e-02
 2.19714e+21	0.00e+00	2.82e-30	1.68e-25	6.91e-22	1.37e-18	9.85e-16	7.39e-12	5.66e-09	1.13e-06	5.57e-05	1.45e-03	1.31e-02	4.68e-02	1.20e-01	6.26e-01	1.77e-01	1.55e-02
 2.25501e+21	0.00e+00	4.16e-30	2.39e-25	9.38e-22	1.79e-18	1.23e-15	9.26e-12	7.02e-09	1.37e-06	6.56e-05	1.66e-03	1.46e-02	5.02e-02	1.24e-01	6.25e-01	1.71e-01	1.45e-02
 2.30767e+21	0.00e+00	5.92e-30	3.27e-25	1.24e-21	2.27e-18	1.49e-15	1.13e-11	8.51e-09	1.63e-06	7.60e-05	1.87e-03	1.60e-02	5.35e-02	1.27e-01	6.23e-01	1.65e-01	1.35e-02
 2.35596e+21	0.00e+00	8.15e-30	4.34e-25	1.59e-21	2.81e-18	1.78e-15	1.36e-11	1.01e-08	1.91e-06	8.68e-05	2.09e-03	1.74e-02	5.66e-02	1.31e-01	6.21e-01	1.60e-01	1.27e-02
 2.41084e+21	0.00e+00	1.17e-29	5.99e-25	2.11e-21	3.58e-18	2.18e-15	1.68e-11	1.23e-08	2.28e-06	1.01e-04	2.36e-03	1.92e-02	6.04e-02	1.34e-01	6.18e-01	1.54e-01	1.19e-02
 2.47193e+21	0.00e+00	1.74e-29	8.55e-25	2.88e-21	4.67e-18	2.72e-15	2.10e-11	1.53e-08	2.78e-06	1.19e-04	2.70e-03	2.13e-02	6.47e-02	1.39e-01	6.14e-01	1.47e-01	1.10e-02
 2.52838e+21	0.00e+00	2.50e-29	1.18e-24	3.83e-21	5.96e-18	3.33e-15	2.58e-11	1.87e-08	3.32e-06	1.38e-04	3.05e-03	2.34e-02	6.89e-02	1.42e-01	6.10e-01	1.41e-01	1.02e-02
 2.58001e+21	0.00e+00	3.49e-29	1.59e-24	4.96e-21	7.44e-18	3.99e-15	3.11e-11	2.23e-08	3.90e-06	1.58e-04	3.41e-03	2.55e-02	7.30e-02	1.46e-01	6.06e-01	1.36e-01	9.50e-03
 2.63806e+21	0.00e+00	5.03e-29	2.21e-24	6.61e-21	9.51e-18	4.89e-15	3.82e-11	2.71e-08	4.65e-06	1.83e-04	3.85e-03	2.81e-02	7.76e-02	1.50e-01	6.01e-01	1.31e-01	8.80e-03
 2.70358e+21	0.00e+00	7.59e-29	3.18e-24	9.11e-21	1.25e-17	6.12e-15	4.80e-11	3.38e-08	5.67e-06	2.16e-04	4.41e-03	3.11e-02	8.31e-02	1.54e-01	5.95e-01	1.24e-01	8.06e-03
 2.76559e+21	0.00e+00	1.11e-28	4.48e-24	1.23e-20	1.62e-17	7.56e-15	5.93e-11	4.14e-08	6.80e-06	2.52e-04	4.99e-03	3.43e-02	8.85e-02	1.58e-01	5.89e-01	1.18e-01	7.41e-03
 2.82036e+21	0.00e+00	1.56e-28	6.05e-24	1.60e-20	2.02e-17	9.09e-15	7.12e-11	4.93e-08	7.97e-06	2.87e-04	5.56e-03	3.72e-02	9.34e-02	1.61e-01	5.82e-01	1.14e-01	6.88e-03
 2.87123e+21	0.00e+00	2.12e-28	7.95e-24	2.03e-20	2.48e-17	1.08e-14	8.41e-11	5.79e-08	9.21e-06	3.24e-04	6.13e-03	4.01e-02	9.80e-02	1.64e-01	5.76e-01	1.09e-01	6.42e-03
 2.92965e+21	0.00e+00	3.00e-28	1.08e-23	2.67e-20	3.13e-17	1.30e-14	1.01e-10	6.93e-08	1.08e-05	3.71e-04	6.84e-03	4.37e-02	1.03e-01	1.67e-01	5.69e-01	1.04e-01	5.93e-03
 2.99481e+21	0.00e+00	4.39e-28	1.53e-23	3.60e-20	4.05e-17	1.61e-14	1.24e-10	8.43e-08	1.29e-05	4.30e-04	7.71e-03	4.78e-02	1.10e-01	1.71e-01	5.60e-01	9.87e-02	5.42e-03
 3.05535e+21	0.00e+00	6.23e-28	2.09e-23	4.74e-20	5.12e-17	1.95e-14	1.50e-10	1.01e-07	1.52e-05	4.91e-04	8.58e-03	5.19e-02	1.15e-01	1.74e-01	5.51e-01	9.40e-02	4.99e-03
 3.11171e+21	0.00e+00	8.58e-28	2.78e-23	6.09e-20	6.34e-17	2.33e-14	1.77e-10	1.19e-07	1.76e-05	5.54e-04	9.45e-03	5.59e-02	1.21e-01	1.76e-01	5.43e-01	8.97e-02	4.62e-03
 3.17602e+21	0.00e+00	1.23e-27	3.82e-23	8.07e-20	8.07e-17	2.85e-14	2.14e-10	1.42e-07	2.06e-05	6.33e-04	1.05e-02	6.06e-02	1.27e-01	1.79e-01	5.33e-01	8.50e-02	4.23e-03
 3.24791e+21	0.00e+00	1.82e-27	5.44e-23	1.10e-19	1.05e-16	3.54e-14	2.62e-10	1.72e-07	2.46e-05	7.32e-04	1.18e-02	6.62e-02	1.34e-01	1.82e-01	5.21e-01	8.01e-02	3.83e-03
 3.31514e+21	0.00e+00	2.61e-27	7.51e-23	1.46e-19	1.34e-16	4.33e-14	3.15e-10	2.06e-07	2.89e-05	8.35e-04	1.31e-02	7.16e-02	1.41e-01	1.84e-01	5.10e-01	7.56e-02	3.50e-03
 3.37827e+21	0.00e+00	3.63e-27	1.01e-22	1.90e-19	1.68e-16	5.21e-14	3.73e-10	2.42e-07	3.34e-05	9.41e-04	1.44e-02	7.68e-02	1.47e-01	1.86e-01	5.00e-01	7.17e-02	3.21e-03
 3.45061e+21	0.00e+00	5.25e-27	1.41e-22	2.54e-19	2.16e-16	6.42e-14	4.51e-10	2.90e-07	3.92e-05	1.07e-03	1.60e-02	8.31e-02	1.54e-01	1.88e-01	4.88e-01	6.74e-02	2.91e-03
 3.53145e+21	0.00e+00	7.88e-27	2.02e-22	3.50e-19	2.84e-16	8.07e-14	5.53e-10	3.53e-07	4.67e-05	1.24e-03	1.79e-02	9.03e-02	1.62e-01	1.90e-01	4.74e-01	6.29e-02	2.61e-03
 3.60704e+21	0.00e+00	1.14e-26	2.82e-22	4.69e-19	3.66e-16	9.94e-14	6.65e-10	4.21e-07	5.47e-05	1.41e-03	1.98e-02	9.72e-02	1.69e-01	1.91e-01	4.60e-01	5.89e-02	2.35e-03
 3.67808e+21	0.00e+00	1.60e-26	3.82e-22	6.14e-19	4.61e-16	1.21e-13	7.88e-10	4.94e-07	6.31e-05	1.59e-03	2.17e-02	1.04e-01	1.75e-01	1.92e-01	4.48e-01	5.54e-02	2.14e-03
 3.75950e+21	0.00e+00	2.33e-26	5.37e-22	8.29e-19	5.97e-16	1.49e-13	9.51e-10	5.91e-07	7.39e-05	1.80e-03	2.39e-02	1.12e-01	1.82e-01	1.93e-01	4.34e-01	5.16e-02	1.92e-03
 3.84628e+21	0.00e+00	3.46e-26	7.66e-22	1.13e-18	7.82e-16	1.87e-13	1.16e-09	7.11e-07	8.71e-05	2.06e-03	2.65e-02	1.20e-01	1.90e-01	1.93e-01	4.18e-01	4.78e-02	1.71e-03
 3.91960e+21	0.00e+00	4.79e-26	1.03e-21	1.47e-18	9.78e-16	2.26e-13	1.36e-09	8.27e-07	9.96e-05	2.30e-03	2.88e-02	1.28e-01	1.96e-01	1.93e-01	4.06e-01	4.48e-02	1.55e-03
 3.98450e+21	0.00e+00	6.34e-26	1.32e-21	1.84e-18	1.19e-15	2.65e-13	1.56e-09	9.41e-07	1.12e-04	2.52e-03	3.09e-02	1.34e-01	2.01e-01	1.93e-01	3.94e-01	4.24e-02	1.43e-03
 4.05885e+21	0.00e+00	8.68e-26	1.75e-21	2.36e-18	1.47e-15	3.18e-13	1.82e-09	1.09e-06	1.27e-04	2.79e-03	3.34e-02	1.42e-01	2.07e-01	1.93e-01	3.82e-01	3.97e-02	1.29e-03
 4.15552e+21	0.00e+00	1.29e-25	2.51e-21	3.25e-18	1.94e-15	4.00e-13	2.21e-09	1.31e-06	1.49e-04	3.18e-03	3.67e-02	1.51e-01	2.14e-01	1.92e-01	3.65e-01	3.65e-02	1.14e-03
 4.25416e+21	0.00e+00	1.92e-25	3.59e-21	4.46e-18	2.55e-15	5.03e-13	2.68e-09	1.56e-06	1.75e-04	3.60e-03	4.04e-02	1.62e-01	2.20e-01	1.90e-01	3.49e-01	3.34e-02	1.00e-03
 4.33401e+21	0.00e+00	2.63e-25	4.76e-21	5.73e-18	3.17e-15	6.04e-13	3.12e-09	1.80e-06	1.98e-04	3.98e-03	4.34e-02	1.70e-01	2.26e-01	1.89e-01	3.36e-01	3.11e-02	9.06e-04
 4.41645e+21	6.64e-32	3.60e-25	6.33e-21	7.38e-18	3.94e-15	7.25e-13	3.63e-09	2.07e-06	2.23e-04	4.39e-03	4.66e-02	1.78e-01	2.30e-01	1.87e-01	3.23e-01	2.90e-02	8.16e-04
 4.52362e+21	1.03e-31	5.37e-25	9.07e-21	1.02e-17	5.20e-15	9.15e-13	4.41e-09	2.48e-06	2.61e-04	4.96e-03	5.10e-02	1.89e-01	2.36e-01	1.85e-01	3.07e-01	2.64e-02	7.12e-04
 4.63449e+21	1.60e-31	8.02e-25	1.30e-20	1.40e-17	6.89e-15	1.16e-12	5.36e-09	2.97e-06	3.05e-04	5.60e-03	5.56e-02	2.00e-01	2.41e-01	1.82e-01	2.90e-01	2.39e-02	6.19e-04
 4.72059e+21	2.24e-31	1.09e-24	1.73e-20	1.80e-17	8.54e-15	1.39e-12	6.22e-09	3.40e-06	3.43e-04	6.14e-03	5.94e-02	2.09e-01	2.45e-01	1.79e-01	2.78e-01	2.21e-02	5.54e-04
 4.79061e+21	2.91e-31	1.39e-24	2.14e-20	2.18e-17	1.01e-14	1.60e-12	6.99e-09	3.78e-06	3.75e-04	6.59e-03	6.25e-02	2.16e-01	2.48e-01	1.77e-01	2.68e-01	2.08e-02	5.09e-04
 4.86932e+21	3.89e-31	1.81e-24	2.72e-20	2.70e-17	1.21e-14	1.87e-12	7.95e-09	4.24e-06	4.15e-04	7.12e-03	6.60e-02	2.24e-01	2.51e-01	1.75e-01	2.58e-01	1.95e-02	4.63e-04
 4.97164e+21	5.62e-31	2.54e-24	3.69e-20	3.55e-17	1.54e-14	2.28e-12	9.37e-09	4.92e-06	4.71e-04	7.86e-03	7.07e-02	2.33e-01	2.54e-01	1.71e-01	2.44e-01	1.78e-02	4.08e-04
 5.08090e+21	8.26e-31	3.61e-24	5.09e-20	4.72e-17	1.97e-14	2.81e-12	1.11e-08	5.74e-06	5.37e-04	8.69e-03	7.58e-02	2.43e-01	2.57e-01	1.67e-01	2.31e-01	1.62e-02	3.58e-04
 5.17635e+21	1.15e-30	4.88e-24	6.68e-20	6.02e-17	2.44e-14	3.36e-12	1.29e-08	6.55e-06	6.00e-04	9.46e-03	8.03e-02	2.52e-01	2.59e-01	1.64e-01	2.19e-01	1.49e-02	3.19e-04
 5.27760e+21	1.61e-30	6.66e-24	8.86e-20	7.74e-17	3.04e-14	4.04e-12	1.50e-08	7.49e-06	6.72e-04	1.03e-02	8.52e-02	2.61e-01	2.61e-01	1.60e-01	2.08e-01	1.37e-02	2.83e-04
 5.40923e+21	2.45e-30	9.85e-24	1.26e-19	1.06e-16	4.00e-14	5.11e-12	1.82e-08	8.87e-06	7.74e-04	1.15e-02	9.16e-02	2.72e-01	2.62e-01	1.55e-01	1.94e-01	1.22e-02	2.43e-04
 5.54294e+21	3.75e-30	1.46e-23	1.81e-19	1.46e-16	5.28e-14	6.46e-12	2.20e-08	1.05e-05	8.92e-04	1.28e-02	9.83e-02	2.83e-01	2.63e-01	1.50e-01	1.81e-01	1.09e-02	2.07e-04
 5.64950e+21	5.20e-30	1.98e-23	2.38e-19	1.87e-16	6.55e-14	7.75e-12	2.55e-08	1.20e-05	9.94e-04	1.39e-02	1.04e-01	2.91e-01	2.63e-01	1.46e-01	1.71e-01	9.95e-03	1.83e-04
 5.75821e+21	7.19e-30	2.68e-23	3.13e-19	2.39e-16	8.10e-14	9.29e-12	2.96e-08	1.36e-05	1.11e-03	1.50e-02	1.09e-01	3.00e-01	2.63e-01	1.42e-01	1.61e-01	9.09e-03	1.62e-04
 5.87950e+21	1.02e-29	3.72e-23	4.22e-19	3.12e-16	1.02e-13	1.13e-11	3.48e-08	1.56e-05	1.24e-03	1.63e-02	1.15e-01	3.08e-01	2.63e-01	1.37e-01	1.51e-01	8.21e-03	1.41e-04
 5.99301e+21	1.41e-29	5.03e-23	5.55e-19	3.99e-16	1.27e-13	1.36e-11	4.03e-08	1.78e-05	1.38e-03	1.77e-02	1.21e-01	3.16e-01	2.62e-01	1.33e-01	1.42e-01	7.47e-03	1.24e-04
 6.11644e+21	1.98e-29	6.92e-23	7.41e-19	5.17e-16	1.59e-13	1.65e-11	4.72e-08	2.04e-05	1.54e-03	1.91e-02	1.28e-01	3.24e-01	2.60e-01	1.28e-01	1.33e-01	6.75e-03	1.08e-04
 6.25315e+21	2.86e-29	9.79e-23	1.02e-18	6.85e-16	2.03e-13	2.03e-11	5.60e-08	2.36e-05	1.73e-03	2.09e-02	1.35e-01	3.32e-01	2.59e-01	1.23e-01	1.23e-01	6.04e-03	9.34e-05
 6.38002e+21	3.99e-29	1.34e-22	1.35e-18	8.85e-16	2.54e-13	2.45e-11	6.53e-08	2.69e-05	1.93e-03	2.25e-02	1.41e-01	3.39e-01	2.56e-01	1.18e-01	1.15e-01	5.45e-03	8.15e-05
 6.51782e+21	5.66e-29	1.87e-22	1.83e-18	1.16e-15	3.22e-13	3.00e-11	7.69e-08	3.09e-05	2.15e-03	2.44e-02	1.48e-01	3.46e-01	2.54e-01	1.13e-01	1.07e-01	4.88e-03	7.04e-05
 6.67209e+21	8.28e-29	2.69e-22	2.54e-18	1.56e-15	4.17e-13	3.74e-11	9.21e-08	3.59e-05	2.43e-03	2.66e-02	1.56e-01	3.54e-01	2.50e-01	1.08e-01	9.85e-02	4.32e-03	5.98e-05
 6.81799e+21	1.17e-28	3.76e-22	3.45e-18	2.05e-15	5.29e-13	4.58e-11	1.09e-07	4.13e-05	2.72e-03	2.88e-02	1.64e-01	3.60e-01	2.47e-01	1.03e-01	9.11e-02	3.85e-03	5.14e-05
 6.97787e+21	1.69e-28	5.35e-22	4.75e-18	2.73e-15	6.80e-13	5.68e-11	1.30e-07	4.78e-05	3.05e-03	3.13e-02	1.72e-01	3.66e-01	2.42e-01	9.79e-02	8.38e-02	3.41e-03	4.38e-05
 7.15825e+21	2.55e-28	7.97e-22	6.83e-18	3.78e-15	9.03e-13	7.22e-11	1.58e-07	5.64e-05	3.47e-03	3.43e-02	1.81e-01	3.73e-01	2.37e-01	9.22e-02	7.61e-02	2.96e-03	3.64e-05
 7.31793e+21	3.61e-28	1.12e-21	9.31e-18	4.99e-15	1.15e-12	8.88e-11	1.86e-07	6.48e-05	3.87e-03	3.70e-02	1.89e-01	3.78e-01	2.33e-01	8.74e-02	6.99e-02	2.62e-03	3.10e-05
 7.45306e+21	4.80e-28	1.49e-21	1.20e-17	6.27e-15	1.41e-12	1.05e-10	2.14e-07	7.27e-05	4.24e-03	3.93e-02	1.95e-01	3.81e-01	2.29e-01	8.36e-02	6.52e-02	2.36e-03	2.72e-05
 7.60363e+21	6.57e-28	2.02e-21	1.59e-17	8.06e-15	1.75e-12	1.27e-10	2.49e-07	8.25e-05	4.67e-03	4.21e-02	2.03e-01	3.85e-01	2.24e-01	7.95e-02	6.02e-02	2.11e-03	2.34e-05
 7.79938e+21	9.67e-28	2.97e-21	2.26e-17	1.10e-14	2.30e-12	1.60e-10	3.02e-07	9.64e-05	5.27e-03	4.57e-02	2.12e-01	3.89e-01	2.18e-01	7.45e-02	5.45e-02	1.83e-03	1.95e-05
 8.00703e+21	1.45e-27	4.47e-21	3.27e-17	1.54e-14	3.08e-12	2.05e-10	3.69e-07	1.14e-04	5.99e-03	4.98e-02	2.21e-01	3.92e-01	2.11e-01	6.93e-02	4.89e-02	1.57e-03	1.59e-05
 8.17833e+21	2.00e-27	6.19e-21	4.40e-17	2.00e-14	3.88e-12	2.50e-10	4.33e-07	1.30e-04	6.62e-03	5.32e-02	2.29e-01	3.94e-01	2.05e-01	6.54e-02	4.47e-02	1.38e-03	1.36e-05
 8.32600e+21	2.61e-27	8.14e-21	5.64e-17	2.50e-14	4.72e-12	2.96e-10	4.95e-07	1.45e-04	7.20e-03	5.63e-02	2.36e-01	3.95e-01	2.00e-01	6.22e-02	4.15e-02	1.24e-03	1.18e-05
 8.49475e+21	3.53e-27	1.11e-20	7.46e-17	3.22e-14	5.87e-12	3.56e-10	5.76e-07	1.64e-04	7.90e-03	5.99e-02	2.43e-01	3.96e-01	1.95e-01	5.87e-02	3.81e-02	1.10e-03	1.01e-05
 8.71413e+21	5.13e-27	1.63e-20	1.06e-16	4.40e-14	7.72e-12	4.50e-10	6.96e-07	1.91e-04	8.87e-03	6.46e-02	2.52e-01	3.97e-01	1.87e-01	5.44e-02	3.42e-02	9.48e-04	8.33e-06
 8.94164e+21	7.50e-27	2.43e-20	1.52e-16	6.10e-14	1.03e-11	5.73e-10	8.47e-07	2.24e-04	9.99e-03	6.98e-02	2.62e-01	3.97e-01	1.80e-01	5.03e-02	3.04e-02	8.06e-04	6.77e-06
 9.12898e+21	1.01e-26	3.34e-20	2.03e-16	7.90e-14	1.29e-11	6.96e-10	9.90e-07	2.54e-04	1.10e-02	7.42e-02	2.69e-01	3.96e-01	1.74e-01	4.71e-02	2.77e-02	7.07e-04	5.73e-06
 9.32181e+21	1.37e-26	4.60e-20	2.72e-16	1.03e-13	1.62e-11	8.44e-10	1.16e-06	2.88e-04	1.21e-02	7.87e-02	2.76e-01	3.95e-01	1.68e-01	4.40e-02	2.52e-02	6.20e-04	4.84e-06
 9.57248e+21	2.00e-26	6.87e-20	3.92e-16	1.42e-13	2.15e-11	1.08e-09	1.41e-06	3.37e-04	1.35e-02	8.48e-02	2.85e-01	3.93e-01	1.60e-01	4.04e-02	2.23e-02	5.24e-04	3.91e-06
 9.83157e+21	2.92e-26	1.04e-19	5.72e-16	2.00e-13	2.89e-11	1.39e-09	1.73e-06	3.96e-04	1.53e-02	9.13e-02	2.94e-01	3.90e-01	1.52e-01	3.69e-02	1.96e-02	4.39e-04	3.12e-06
 1.00439e+22	3.93e-26	1.45e-19	7.73e-16	2.61e-13	3.66e-11	1.69e-09	2.03e-06	4.50e-04	1.67e-02	9.68e-02	3.01e-01	3.87e-01	1.46e-01	3.42e-02	1.77e-02	3.81e-04	2.61e-06
 1.02623e+22	5.32e-26	2.02e-19	1.04e-15	3.42e-13	4.63e-11	2.07e-09	2.38e-06	5.11e-04	1.84e-02	1.02e-01	3.08e-01	3.83e-01	1.39e-01	3.17e-02	1.59e-02	3.30e-04	2.17e-06
 1.04975e+22	7.24e-26	2.86e-19	1.43e-15	4.55e-13	5.93e-11	2.55e-09	2.82e-06	5.85e-04	2.03e-02	1.09e-01	3.15e-01	3.79e-01	1.33e-01	2.93e-02	1.42e-02	2.83e-04	1.79e-06
 1.07052e+22	9.46e-26	3.87e-19	1.89e-15	5.82e-13	7.36e-11	3.07e-09	3.27e-06	6.57e-04	2.20e-02	1.14e-01	3.21e-01	3.75e-01	1.27e-01	2.72e-02	1.29e-02	2.47e-04	1.51e-06
 1.08966e+22	1.20e-25	5.08e-19	2.42e-15	7.27e-13	8.94e-11	3.62e-09	3.73e-06	7.30e-04	2.37e-02	1.19e-01	3.26e-01	3.71e-01	1.22e-01	2.55e-02	1.17e-02	2.18e-04	1.29e-06
 1.11162e+22	1.58e-25	6.92e-19	3.21e-15	9.37e-13	1.12e-10	4.37e-09	4.34e-06	8.21e-04	2.58e-02	1.26e-01	3.31e-01	3.66e-01	1.17e-01	2.36e-02	1.06e-02	1.89e-04	1.08e-06
 1.13637e+22	2.11e-25	9.69e-19	4.36e-15	1.23e-12	1.42e-10	5.36e-09	5.11e-06	9.34e-04	2.83e-02	1.32e-01	3.36e-01	3.60e-01	1.11e-01	2.17e-02	9.43e-03	1.62e-04	8.88e-07
 1.16003e+22	2.77e-25	1.33e-18	5.83e-15	1.60e-12	1.78e-10	6.51e-09	5.97e-06	1.05e-03	3.08e-02	1.39e-01	3.41e-01	3.54e-01	1.05e-01	2.00e-02	8.45e-03	1.40e-04	7.36e-07
 1.18252e+22	3.56e-25	1.80e-18	7.67e-15	2.05e-12	2.21e-10	7.83e-09	6.91e-06	1.18e-03	3.34e-02	1.45e-01	3.45e-01	3.48e-01	1.00e-01	1.84e-02	7.60e-03	1.21e-04	6.15e-07
 1.20823e+22	4.73e-25	2.50e-18	1.03e-14	2.68e-12	2.79e-10	9.56e-09	8.10e-06	1.34e-03	3.64e-02	1.53e-01	3.50e-01	3.41e-01	9.48e-02	1.69e-02	6.76e-03	1.04e-04	5.05e-07
 1.23698e+22	6.43e-25	3.61e-18	1.45e-14	3.63e-12	3.64e-10	1.20e-08	9.70e-06	1.54e-03	4.00e-02	1.61e-01	3.54e-01	3.33e-01	8.88e-02	1.53e-02	5.92e-03	8.66e-05	4.03e-07
 1.26353e+22	8.40e-25	5.02e-18	1.96e-14	4.77e-12	4.62e-10	1.47e-08	1.14e-05	1.74e-03	4.36e-02	1.69e-01	3.57e-01	3.26e-01	8.37e-02	1.39e-02	5.24e-03	7.36e-05	3.29e-07
 1.28808e+22	1.07e-24	6.76e-18	2.57e-14	6.10e-12	5.74e-10	1.77e-08	1.32e-05	1.95e-03	4.71e-02	1.76e-01	3.60e-01	3.19e-01	7.92e-02	1.28e-02	4.68e-03	6.34e-05	2.73e-07
 1.31620e+22	1.42e-24	9.43e-18	3.49e-14	8.04e-12	7.30e-10	2.17e-08	1.55e-05	2.22e-03	5.13e-02	1.84e-01	3.62e-01	3.10e-01	7.43e-02	1.16e-02	4.13e-03	5.36e-05	2.21e-07
 1.35275e+22	2.00e-24	1.44e-17	5.14e-14	1.14e-11	9.92e-10	2.83e-08	1.91e-05	2.60e-03	5.70e-02	1.94e-01	3.65e-01	2.99e-01	6.83e-02	1.03e-02	3.51e-03	4.31e-05	1.69e-07
 1.38967e+22	2.79e-24	2.19e-17	7.57e-14	1.62e-11	1.35e-09	3.68e-08	2.36e-05	3.05e-03	6.34e-02	2.05e-01	3.66e-01	2.88e-01	6.27e-02	9.05e-03	2.97e-03	3.46e-05	1.28e-07
 1.41887e+22	3.57e-24	3.02e-17	1.02e-13	2.12e-11	1.71e-09	4.51e-08	2.77e-05	3.45e-03	6.87e-02	2.13e-01	3.67e-01	2.79e-01	5.85e-02	8.18e-03	2.61e-03	2.91e-05	0.00e+00
 1.44860e+22	4.60e-24	4.17e-17	1.37e-13	2.78e-11	2.17e-09	5.54e-08	3.25e-05	3.90e-03	7.43e-02	2.21e-01	3.66e-01	2.70e-01	5.45e-02	7.39e-03	2.28e-03	2.44e-05	0.00e+00
 1.48725e+22	6.28e-24	6.20e-17	1.98e-13	3.88e-11	2.91e-09	7.12e-08	3.96e-05	4.53e-03	8.18e-02	2.31e-01	3.66e-01	2.59e-01	4.98e-02	6.49e-03	1.94e-03	1.96e-05	0.00e+00
 1.52785e+22	8.58e-24	9.42e-17	2.92e-13	5.53e-11	3.98e-09	9.34e-08	4.91e-05	5.32e-03	9.06e-02	2.42e-01	3.64e-01	2.46e-01	4.51e-02	5.64e-03	1.62e-03	1.55e-05	0.00e+00
 1.56176e+22	1.10e-23	1.32e-16	4.01e-13	7.41e-11	5.15e-09	1.17e-07	5.85e-05	6.07e-03	9.84e-02	2.51e-01	3.61e-01	2.36e-01	4.15e-02	5.01e-03	1.39e-03	1.27e-05	0.00e+00
 1.59045e+22	1.34e-23	1.74e-16	5.17e-13	9.35e-11	6.33e-09	1.40e-07	6.72e-05	6.74e-03	1.05e-01	2.58e-01	3.59e-01	2.28e-01	3.87e-02	4.55e-03	1.23e-03	1.08e-05	0.00e+00
 1.62155e+22	1.68e-23	2.33e-16	6.79e-13	1.20e-10	7.90e-09	1.69e-07	7.82e-05	7.55e-03	1.12e-01	2.65e-01	3.55e-01	2.19e-01	3.58e-02	4.09e-03	1.07e-03	9.06e-06	0.00e+00
 1.66198e+22	2.21e-23	3.36e-16	9.58e-13	1.65e-10	1.05e-08	2.16e-07	9.47e-05	8.71e-03	1.23e-01	2.74e-01	3.51e-01	2.07e-01	3.24e-02	3.57e-03	9.04e-04	7.24e-06	0.00e+00
 1.70385e+22	2.86e-23	4.89e-16	1.36e-12	2.28e-10	1.40e-08	2.78e-07	1.15e-04	1.01e-02	1.34e-01	2.83e-01	3.45e-01	1.95e-01	2.92e-02	3.09e-03	7.55e-04	5.72e-06	0.00e+00
 1.73845e+22	3.51e-23	6.59e-16	1.80e-12	2.96e-10	1.76e-08	3.41e-07	1.35e-04	1.13e-02	1.43e-01	2.90e-01	3.39e-01	1.86e-01	2.67e-02	2.75e-03	6.51e-04	4.72e-06	0.00e+00
 1.77432e+22	4.35e-23	8.86e-16	2.38e-12	3.84e-10	2.22e-08	4.18e-07	1.58e-04	1.27e-02	1.53e-01	2.97e-01	3.33e-01	1.76e-01	2.44e-02	2.43e-03	5.60e-04	3.88e-06	0.00e+00
 1.82094e+22	5.67e-23	1.29e-15	3.39e-12	5.33e-10	2.98e-08	5.41e-07	1.93e-04	1.47e-02	1.67e-01	3.05e-01	3.25e-01	1.65e-01	2.17e-02	2.08e-03	4.60e-04	3.02e-06	0.00e+00
 1.86797e+22	7.20e-23	1.86e-15	4.81e-12	7.38e-10	3.98e-08	6.99e-07	2.36e-04	1.71e-02	1.81e-01	3.12e-01	3.16e-01	1.53e-01	1.92e-02	1.77e-03	3.77e-04	2.34e-06	0.00e+00
 1.90502e+22	8.59e-23	2.46e-15	6.28e-12	9.48e-10	4.98e-08	8.53e-07	2.75e-04	1.91e-02	1.92e-01	3.17e-01	3.08e-01	1.44e-01	1.74e-02	1.56e-03	3.23e-04	1.91e-06	0.00e+00
 1.94270e+22	1.03e-22	3.21e-15	8.13e-12	1.21e-09	6.20e-08	1.03e-06	3.19e-04	2.12e-02	2.04e-01	3.21e-01	3.00e-01	1.36e-01	1.58e-02	1.37e-03	2.77e-04	1.57e-06	0.00e+00
 1.99169e+22	1.29e-22	4.51e-15	1.12e-11	1.64e-09	8.15e-08	1.32e-06	3.84e-04	2.43e-02	2.19e-01	3.26e-01	2.89e-01	1.25e-01	1.39e-02	1.17e-03	2.26e-04	1.22e-06	0.00e+00
 2.04296e+22	1.59e-22	6.35e-15	1.56e-11	2.24e-09	1.08e-07	1.69e-06	4.65e-04	2.79e-02	2.35e-01	3.31e-01	2.78e-01	1.15e-01	1.21e-02	9.82e-04	1.84e-04	9.31e-07	0.00e+00
 2.08614e+22	1.87e-22	8.39e-15	2.05e-11	2.89e-09	1.36e-07	2.08e-06	5.44e-04	3.11e-02	2.49e-01	3.33e-01	2.68e-01	1.07e-01	1.08e-02	8.49e-04	1.54e-04	7.45e-07	0.00e+00
 2.13123e+22	2.22e-22	1.10e-14	2.67e-11	3.72e-09	1.70e-07	2.55e-06	6.35e-04	3.47e-02	2.62e-01	3.35e-01	2.58e-01	9.91e-02	9.64e-03	7.32e-04	1.29e-04	5.95e-07	0.00e+00
 2.18984e+22	2.74e-22	1.55e-14	3.72e-11	5.09e-09	2.26e-07	3.28e-06	7.70e-04	3.98e-02	2.80e-01	3.36e-01	2.44e-01	8.96e-02	8.28e-03	6.04e-04	1.02e-04	4.45e-07	0.00e+00
 2.25022e+22	3.28e-22	2.18e-14	5.19e-11	6.99e-09	3.01e-07	4.24e-06	9.35e-04	4.55e-02	2.98e-01	3.36e-01	2.30e-01	8.05e-02	7.06e-03	4.95e-04	8.07e-05	3.30e-07	0.00e+00
 2.29987e+22	3.78e-22	2.85e-14	6.73e-11	8.96e-09	3.77e-07	5.19e-06	1.09e-03	5.05e-02	3.13e-01	3.36e-01	2.19e-01	7.36e-02	6.20e-03	4.21e-04	6.65e-05	2.59e-07	0.00e+00
 2.34462e+22	4.28e-22	3.59e-14	8.44e-11	1.11e-08	4.59e-07	6.20e-06	1.24e-03	5.53e-02	3.26e-01	3.34e-01	2.10e-01	6.79e-02	5.52e-03	3.64e-04	5.60e-05	2.09e-07	0.00e+00
 2.38880e+22	4.81e-22	4.47e-14	1.05e-10	1.37e-08	5.52e-07	7.31e-06	1.41e-03	6.01e-02	3.38e-01	3.32e-01	2.00e-01	6.28e-02	4.93e-03	3.17e-04	4.75e-05	1.70e-07	0.00e+00
 2.43897e+22	5.52e-22	5.66e-14	1.32e-10	1.71e-08	6.75e-07	8.77e-06	1.61e-03	6.59e-02	3.51e-01	3.29e-01	1.90e-01	5.74e-02	4.34e-03	2.71e-04	3.95e-05	1.35e-07	0.00e+00
 2.49411e+22	6.30e-22	7.30e-14	1.70e-10	2.17e-08	8.38e-07	1.07e-05	1.86e-03	7.25e-02	3.65e-01	3.26e-01	1.79e-01	5.20e-02	3.77e-03	2.28e-04	3.22e-05	0.00e+00	0.00e+00
 2.54430e+22	7.01e-22	9.10e-14	2.12e-10	2.69e-08	1.02e-06	1.27e-05	2.12e-03	7.91e-02	3.77e-01	3.21e-01	1.69e-01	4.74e-02	3.31e-03	1.94e-04	2.67e-05	0.00e+00	0.00e+00
 2.59091e+22	7.80e-22	1.11e-13	2.58e-10	3.24e-08	1.20e-06	1.48e-05	2.37e-03	8.50e-02	3.88e-01	3.17e-01	1.61e-01	4.36e-02	2.95e-03	1.69e-04	2.27e-05	0.00e+00	0.00e+00
 2.64428e+22	8.87e-22	1.38e-13	3.19e-10	3.97e-08	1.45e-06	1.75e-05	2.68e-03	9.20e-02	3.99e-01	3.12e-01	1.52e-01	3.97e-02	2.59e-03	1.44e-04	1.89e-05	0.00e+00	0.00e+00
 2.71366e+22	1.04e-21	1.81e-13	4.18e-10	5.14e-08	1.82e-06	2.15e-05	3.12e-03	1.01e-01	4.12e-01	3.05e-01	1.41e-01	3.51e-02	2.18e-03	1.17e-04	1.49e-05	0.00e+00	0.00e+00
 2.78361e+22	1.19e-21	2.36e-13	5.44e-10	6.63e-08	2.29e-06	2.65e-05	3.63e-03	1.12e-01	4.25e-01	2.97e-01	1.30e-01	3.09e-02	1.84e-03	9.53e-05	1.17e-05	0.00e+00	0.00e+00
 2.83859e+22	1.30e-21	2.88e-13	6.65e-10	8.04e-08	2.73e-06	3.11e-05	4.08e-03	1.20e-01	4.34e-01	2.91e-01	1.22e-01	2.80e-02	1.61e-03	8.10e-05	9.69e-06	0.00e+00	0.00e+00
 2.89434e+22	1.47e-21	3.50e-13	8.05e-10	9.65e-08	3.22e-06	3.60e-05	4.53e-03	1.28e-01	4.42e-01	2.84e-01	1.14e-01	2.54e-02	1.41e-03	6.94e-05	8.10e-06	0.00e+00	0.00e+00
 2.96682e+22	1.71e-21	4.45e-13	1.02e-09	1.21e-07	3.95e-06	4.34e-05	5.18e-03	1.39e-01	4.52e-01	2.75e-01	1.05e-01	2.24e-02	1.19e-03	5.68e-05	6.43e-06	0.00e+00	0.00e+00
 3.04337e+22	1.96e-21	5.71e-13	1.31e-09	1.54e-07	4.89e-06	5.26e-05	5.94e-03	1.51e-01	4.61e-01	2.66e-01	9.63e-02	1.96e-02	9.99e-04	4.59e-05	5.03e-06	0.00e+00	0.00e+00
 3.10858e+22	2.17e-21	6.97e-13	1.61e-09	1.87e-07	5.84e-06	6.18e-05	6.66e-03	1.61e-01	4.67e-01	2.57e-01	8.91e-02	1.75e-02	8.58e-04	3.83e-05	4.09e-06	0.00e+00	0.00e+00
 3.17673e+22	2.48e-21	8.55e-13	1.97e-09	2.27e-07	6.91e-06	7.20e-05	7.42e-03	1.72e-01	4.73e-01	2.49e-01	8.26e-02	1.56e-02	7.39e-04	3.21e-05	3.34e-06	0.00e+00	0.00e+00
 3.26533e+22	2.92e-21	1.10e-12	2.52e-09	2.88e-07	8.56e-06	8.73e-05	8.49e-03	1.86e-01	4.79e-01	2.38e-01	7.48e-02	1.35e-02	6.09e-04	2.56e-05	2.58e-06	0.00e+00	0.00e+00
 3.35686e+22	3.38e-21	1.41e-12	3.25e-09	3.67e-07	1.06e-05	1.06e-04	9.74e-03	2.00e-01	4.83e-01	2.27e-01	6.73e-02	1.16e-02	4.98e-04	2.02e-05	1.96e-06	0.00e+00	0.00e+00
 3.43206e+22	3.78e-21	1.72e-12	3.97e-09	4.45e-07	1.26e-05	1.24e-04	1.09e-02	2.13e-01	4.86e-01	2.18e-01	6.16e-02	1.02e-02	4.23e-04	1.66e-05	1.58e-06	0.00e+00	0.00e+00
 3.50965e+22	4.34e-21	2.10e-12	4.83e-09	5.35e-07	1.48e-05	1.44e-04	1.20e-02	2.25e-01	4.88e-01	2.09e-01	5.66e-02	9.01e-03	3.61e-04	1.38e-05	1.28e-06	0.00e+00	0.00e+00
 3.61052e+22	5.12e-21	2.67e-12	6.15e-09	6.74e-07	1.82e-05	1.73e-04	1.36e-02	2.41e-01	4.89e-01	1.98e-01	5.07e-02	7.69e-03	2.94e-04	1.09e-05	9.72e-07	0.00e+00	0.00e+00
 3.71766e+22	6.01e-21	3.43e-12	7.93e-09	8.57e-07	2.25e-05	2.10e-04	1.55e-02	2.58e-01	4.89e-01	1.86e-01	4.49e-02	6.49e-03	2.37e-04	8.44e-06	7.28e-07	0.00e+00	0.00e+00
 3.81020e+22	6.80e-21	4.21e-12	9.76e-09	1.05e-06	2.69e-05	2.47e-04	1.73e-02	2.73e-01	4.87e-01	1.77e-01	4.05e-02	5.60e-03	1.96e-04	6.79e-06	5.69e-07	0.00e+00	0.00e+00
 3.88674e+22	7.62e-21	5.00e-12	1.16e-08	1.23e-06	3.08e-05	2.79e-04	1.88e-02	2.84e-01	4.85e-01	1.69e-01	3.73e-02	4.99e-03	1.69e-04	5.72e-06	4.69e-07	0.00e+00	0.00e+00
 3.96525e+22	8.57e-21	5.88e-12	1.36e-08	1.43e-06	3.53e-05	3.16e-04	2.04e-02	2.96e-01	4.83e-01	1.62e-01	3.43e-02	4.44e-03	1.46e-04	4.82e-06	3.86e-07	0.00e+00	0.00e+00
 4.06731e+22	9.94e-21	7.21e-12	1.67e-08	1.73e-06	4.18e-05	3.67e-04	2.26e-02	3.11e-01	4.79e-01	1.53e-01	3.08e-02	3.83e-03	1.21e-04	3.88e-06	3.02e-07	0.00e+00	0.00e+00
 4.17501e+22	1.14e-20	8.91e-12	2.07e-08	2.12e-06	4.98e-05	4.31e-04	2.51e-02	3.27e-01	4.73e-01	1.43e-01	2.75e-02	3.27e-03	9.91e-05	3.08e-06	2.32e-07	0.00e+00	0.00e+00
 4.26568e+22	1.28e-20	1.06e-11	2.46e-08	2.49e-06	5.73e-05	4.90e-04	2.73e-02	3.40e-01	4.69e-01	1.36e-01	2.50e-02	2.87e-03	8.40e-05	2.55e-06	1.87e-07	0.00e+00	0.00e+00
 4.35919e+22	1.46e-20	1.25e-11	2.91e-08	2.92e-06	6.58e-05	5.55e-04	2.96e-02	3.53e-01	4.63e-01	1.29e-01	2.27e-02	2.52e-03	7.14e-05	2.12e-06	1.52e-07	0.00e+00	0.00e+00
 4.48076e+22	1.71e-20	1.55e-11	3.59e-08	3.56e-06	7.80e-05	6.48e-04	3.27e-02	3.68e-01	4.55e-01	1.20e-01	2.01e-02	2.14e-03	5.81e-05	1.67e-06	0.00e+00	0.00e+00	0.00e+00
 4.60669e+22	1.98e-20	1.92e-11	4.46e-08	4.36e-06	9.29e-05	7.59e-04	3.63e-02	3.85e-01	4.47e-01	1.12e-01	1.77e-02	1.80e-03	4.68e-05	1.31e-06	0.00e+00	0.00e+00	0.00e+00
 4.70998e+22	2.23e-20	2.29e-11	5.30e-08	5.11e-06	1.07e-04	8.60e-04	3.93e-02	3.98e-01	4.39e-01	1.05e-01	1.60e-02	1.56e-03	3.94e-05	1.07e-06	0.00e+00	0.00e+00	0.00e+00
 4.81593e+22	2.54e-20	2.70e-11	6.25e-08	5.96e-06	1.22e-04	9.69e-04	4.24e-02	4.10e-01	4.31e-01	9.91e-02	1.44e-02	1.36e-03	3.32e-05	8.85e-07	0.00e+00	0.00e+00	0.00e+00
 4.95365e+22	2.99e-20	3.33e-11	7.68e-08	7.22e-06	1.43e-04	1.12e-03	4.65e-02	4.26e-01	4.21e-01	9.18e-02	1.27e-02	1.15e-03	2.69e-05	6.95e-07	0.00e+00	0.00e+00	0.00e+00
 5.09959e+22	3.51e-20	4.15e-11	9.55e-08	8.83e-06	1.70e-04	1.31e-03	5.12e-02	4.42e-01	4.09e-01	8.45e-02	1.11e-02	9.55e-04	2.14e-05	5.36e-07	0.00e+00	0.00e+00	0.00e+00
 5.22420e+22	4.01e-20	4.98e-11	1.14e-07	1.04e-05	1.95e-04	1.49e-03	5.54e-02	4.55e-01	3.99e-01	7.87e-02	9.84e-03	8.18e-04	1.77e-05	4.32e-07	0.00e+00	0.00e+00	0.00e+00
 5.35420e+22	4.63e-20	5.95e-11	1.36e-07	1.22e-05	2.23e-04	1.68e-03	5.97e-02	4.67e-01	3.89e-01	7.34e-02	8.77e-03	7.03e-04	1.47e-05	3.50e-07	0.00e+00	0.00e+00	0.00e+00
 5.52320e+22	5.55e-20	7.46e-11	1.70e-07	1.49e-05	2.64e-04	1.95e-03	6.54e-02	4.81e-01	3.76e-01	6.71e-02	7.59e-03	5.81e-04	1.16e-05	2.69e-07	0.00e+00	0.00e+00	0.00e+00
 5.70201e+22	6.65e-20	9.46e-11	2.14e-07	1.84e-05	3.14e-04	2.29e-03	7.19e-02	4.96e-01	3.61e-01	6.09e-02	6.49e-03	4.73e-04	9.02e-06	2.03e-07	0.00e+00	0.00e+00	0.00e+00
 5.85446e+22	7.73e-20	1.15e-10	2.59e-07	2.19e-05	3.62e-04	2.60e-03	7.77e-02	5.08e-01	3.49e-01	5.60e-02	5.69e-03	3.98e-04	7.32e-06	1.60e-07	0.00e+00	0.00e+00	0.00e+00
 6.01354e+22	9.07e-20	1.39e-10	3.11e-07	2.58e-05	4.15e-04	2.94e-03	8.35e-02	5.19e-01	3.37e-01	5.17e-02	5.01e-03	3.37e-04	5.97e-06	1.28e-07	0.00e+00	0.00e+00	0.00e+00
 6.22034e+22	1.11e-19	1.78e-10	3.91e-07	3.17e-05	4.90e-04	3.40e-03	9.11e-02	5.31e-01	3.23e-01	4.67e-02	4.27e-03	2.74e-04	4.65e-06	0.00e+00	0.00e+00	0.00e+00	0.00e+00
 6.44346e+22	1.36e-19	2.30e-10	4.99e-07	3.94e-05	5.86e-04	4.00e-03	1.00e-01	5.43e-01	3.07e-01	4.16e-02	3.57e-03	2.18e-04	3.51e-06	0.00e+00	0.00e+00	0.00e+00	0.00e+00
 6.63858e+22	1.62e-19	2.86e-10	6.14e-07	4.74e-05	6.81e-04	4.58e-03	1.08e-01	5.53e-01	2.93e-01	3.77e-02	3.07e-03	1.79e-04	2.77e-06	0.00e+00	0.00e+00	0.00e+00	0.00e+00
 6.79652e+22	1.86e-19	3.40e-10	7.21e-07	5.46e-05	7.63e-04	5.05e-03	1.14e-01	5.59e-01	2.82e-01	3.50e-02	2.73e-03	1.54e-04	2.31e-06	0.00e+00	0.00e+00	0.00e+00	0.00e+00
 6.95533e+22	2.17e-19	4.02e-10	8.42e-07	6.25e-05	8.50e-04	5.56e-03	1.21e-01	5.65e-01	2.73e-01	3.24e-02	2.44e-03	1.33e-04	1.94e-06	0.00e+00	0.00e+00	0.00e+00	0.00e+00
 7.16178e+22	2.61e-19	4.95e-10	1.02e-06	7.38e-05	9.69e-04	6.23e-03	1.29e-01	5.72e-01	2.61e-01	2.96e-02	2.12e-03	1.11e-04	1.57e-06	0.00e+00	0.00e+00	0.00e+00	0.00e+00
 7.38896e+22	3.15e-19	6.20e-10	1.25e-06	8.85e-05	1.12e-03	7.08e-03	1.38e-01	5.78e-01	2.47e-01	2.66e-02	1.81e-03	9.10e-05	1.23e-06	0.00e+00	0.00e+00	0.00e+00	0.00e+00
 7.59338e+22	3.74e-19	7.58e-10	1.51e-06	1.04e-04	1.27e-03	7.90e-03	1.47e-01	5.82e-01	2.36e-01	2.43e-02	1.57e-03	7.63e-05	9.94e-07	0.00e+00	0.00e+00	0.00e+00	0.00e+00
 7.80943e+22	4.49e-19	9.25e-10	1.80e-06	1.21e-04	1.43e-03	8.73e-03	1.55e-01	5.86e-01	2.25e-01	2.22e-02	1.38e-03	6.45e-05	8.13e-07	0.00e+00	0.00e+00	0.00e+00	0.00e+00
 8.09028e+22	5.56e-19	1.17e-09	2.23e-06	1.45e-04	1.65e-03	9.93e-03	1.66e-01	5.89e-01	2.12e-01	1.98e-02	1.16e-03	5.20e-05	6.29e-07	0.00e+00	0.00e+00	0.00e+00	0.00e+00
 8.37407e+22	6.94e-19	1.51e-09	2.81e-06	1.77e-04	1.92e-03	1.13e-02	1.78e-01	5.92e-01	1.99e-01	1.75e-02	9.71e-04	4.14e-05	4.80e-07	0.00e+00	0.00e+00	0.00e+00	0.00e+00
 8.59423e+22	8.18e-19	1.83e-09	3.32e-06	2.04e-04	2.14e-03	1.24e-02	1.87e-01	5.92e-01	1.89e-01	1.60e-02	8.51e-04	3.51e-05	3.94e-07	0.00e+00	0.00e+00	0.00e+00	0.00e+00
 8.81299e+22	9.65e-19	2.18e-09	3.87e-06	2.32e-04	2.37e-03	1.35e-02	1.95e-01	5.92e-01	1.81e-01	1.47e-02	7.56e-04	3.02e-05	3.30e-07	0.00e+00	0.00e+00	0.00e+00	0.00e+00
 9.09739e+22	1.19e-18	2.71e-09	4.67e-06	2.72e-04	2.67e-03	1.49e-02	2.05e-01	5.92e-01	1.72e-01	1.33e-02	6.53e-04	2.52e-05	2.65e-07	0.00e+00	0.00e+00	0.00e+00	0.00e+00
 9.44947e+22	1.50e-18	3.48e-09	5.83e-06	3.28e-04	3.07e-03	1.68e-02	2.18e-01	5.90e-01	1.60e-01	1.18e-02	5.44e-04	2.01e-05	2.03e-07	0.00e+00	0.00e+00	0.00e+00	0.00e+00
 9.80084e+22	1.91e-18	4.53e-09	7.33e-06	3.97e-04	3.55e-03	1.90e-02	2.31e-01	5.87e-01	1.49e-01	1.03e-02	4.52e-04	1.60e-05	1.55e-07	0.00e+00	0.00e+00	0.00e+00	0.00e+00
 1.00957e+23	2.31e-18	5.58e-09	8.76e-06	4.61e-04	3.96e-03	2.08e-02	2.41e-01	5.83e-01	1.40e-01	9.33e-03	3.91e-04	1.33e-05	1.25e-07	0.00e+00	0.00e+00	0.00e+00	0.00e+00
 1.04057e+23	2.80e-18	6.78e-09	1.04e-05	5.30e-04	4.40e-03	2.26e-02	2.52e-01	5.80e-01	1.32e-01	8.46e-03	3.40e-04	1.12e-05	0.00e+00	0.00e+00	0.00e+00	0.00e+00	0.00e+00
 1.07988e+23	3.51e-18	8.58e-09	1.27e-05	6.26e-04	4.97e-03	2.50e-02	2.64e-01	5.74e-01	1.24e-01	7.52e-03	2.88e-04	9.14e-06	0.00e+00	0.00e+00	0.00e+00	0.00e+00	0.00e+00
 1.12332e+23	4.53e-18	1.11e-08	1.58e-05	7.51e-04	5.69e-03	2.79e-02	2.77e-01	5.67e-01	1.14e-01	6.60e-03	2.39e-04	7.28e-06	0.00e+00	0.00e+00	0.00e+00	0.00e+00	0.00e+00
 1.16460e+23	5.67e-18	1.41e-08	1.94e-05	8.87e-04	6.42e-03	3.08e-02	2.90e-01	5.59e-01	1.06e-01	5.83e-03	2.01e-04	5.89e-06	0.00e+00	0.00e+00	0.00e+00	0.00e+00	0.00e+00
 1.20851e+23	7.06e-18	1.76e-08	2.34e-05	1.03e-03	7.18e-03	3.36e-02	3.02e-01	5.52e-01	9.92e-02	5.19e-03	1.71e-04	4.84e-06	0.00e+00	0.00e+00	0.00e+00	0.00e+00	0.00e+00
 1.25809e+23	9.00e-18	2.26e-08	2.88e-05	1.22e-03	8.11e-03	3.71e-02	3.15e-01	5.42e-01	9.16e-02	4.56e-03	1.43e-04	3.89e-06	0.00e+00	0.00e+00	0.00e+00	0.00e+00	0.00e+00
 1.30965e+23	1.14e-17	2.87e-08	3.52e-05	1.44e-03	9.12e-03	4.07e-02	3.27e-01	5.32e-01	8.47e-02	4.02e-03	1.20e-04	3.14e-06	0.00e+00	0.00e+00	0.00e+00	0.00e+00	0.00e+00
 1.36327e+23	1.44e-17	3.63e-08	4.28e-05	1.69e-03	1.02e-02	4.44e-02	3.40e-01	5.22e-01	7.84e-02	3.54e-03	1.01e-04	2.55e-06	0.00e+00	0.00e+00	0.00e+00	0.00e+00	0.00e+00
 1.41903e+23	1.80e-17	4.56e-08	5.18e-05	1.97e-03	1.14e-02	4.83e-02	3.51e-01	5.11e-01	7.25e-02	3.13e-03	8.54e-05	2.08e-06	0.00e+00	0.00e+00	0.00e+00	0.00e+00	0.00e+00
 1.47703e+23	2.23e-17	5.68e-08	6.21e-05	2.28e-03	1.26e-02	5.23e-02	3.62e-01	5.00e-01	6.72e-02	2.78e-03	7.25e-05	1.71e-06	0.00e+00	0.00e+00	0.00e+00	0.00e+00	0.00e+00
 1.53734e+23	2.74e-17	7.01e-08	7.40e-05	2.62e-03	1.39e-02	5.63e-02	3.73e-01	4.89e-01	6.23e-02	2.47e-03	6.18e-05	1.41e-06	0.00e+00	0.00e+00	0.00e+00	0.00e+00	0.00e+00
 1.60007e+23	3.32e-17	8.59e-08	8.75e-05	3.00e-03	1.53e-02	6.05e-02	3.83e-01	4.78e-01	5.79e-02	2.20e-03	5.29e-05	1.17e-06	0.00e+00	0.00e+00	0.00e+00	0.00e+00	0.00e+00
 1.66531e+23	4.02e-17	1.04e-07	1.03e-04	3.41e-03	1.67e-02	6.46e-02	3.92e-01	4.67e-01	5.39e-02	1.97e-03	4.56e-05	9.83e-07	0.00e+00	0.00e+00	0.00e+00	0.00e+00	0.00e+00
 1.73315e+23	4.80e-17	1.26e-07	1.20e-04	3.85e-03	1.82e-02	6.88e-02	4.01e-01	4.56e-01	5.03e-02	1.77e-03	3.95e-05	8.29e-07	0.00e+00	0.00e+00	0.00e+00	0.00e+00	0.00e+00
 1.80371e+23	5.69e-17	1.50e-07	1.38e-04	4.32e-03	1.97e-02	7.29e-02	4.08e-01	4.46e-01	4.70e-02	1.60e-03	3.45e-05	7.04e-07	0.00e+00	0.00e+00	0.00e+00	0.00e+00	0.00e+00
 1.87710e+23	6.66e-17	1.77e-07	1.59e-04	4.82e-03	2.12e-02	7.70e-02	4.16e-01	4.36e-01	4.40e-02	1.45e-03	3.02e-05	6.03e-07	0.00e+00	0.00e+00	0.00e+00	0.00e+00	0.00e+00
 1.95341e+23	7.67e-17	2.07e-07	1.81e-04	5.33e-03	2.27e-02	8.09e-02	4.22e-01	4.26e-01	4.14e-02	1.32e-03	2.67e-05	5.21e-07	0.00e+00	0.00e+00	0.00e+00	0.00e+00	0.00e+00
 2.03278e+23	8.76e-17	2.41e-07	2.04e-04	5.87e-03	2.43e-02	8.49e-02	4.28e-01	4.16e-01	3.90e-02	1.21e-03	2.37e-05	4.53e-07	0.00e+00	0.00e+00	0.00e+00	0.00e+00	0.00e+00
 2.11533e+23	9.89e-17	2.76e-07	2.29e-04	6.42e-03	2.58e-02	8.86e-02	4.34e-01	4.07e-01	3.68e-02	1.11e-03	2.12e-05	3.98e-07	0.00e+00	0.00e+00	0.00e+00	0.00e+00	0.00e+00
 2.20118e+23	1.10e-16	3.14e-07	2.54e-04	6.98e-03	2.72e-02	9.22e-02	4.38e-01	3.99e-01	3.49e-02	1.02e-03	1.92e-05	3.52e-07	0.00e+00	0.00e+00	0.00e+00	0.00e+00	0.00e+00
 2.28544e+23	1.21e-16	3.53e-07	2.80e-04	7.53e-03	2.86e-02	9.56e-02	4.43e-01	3.91e-01	3.32e-02	9.52e-04	1.74e-05	3.15e-07	0.00e+00	0.00e+00	0.00e+00	0.00e+00	0.00e+00
 2.36238e+23	1.31e-16	3.91e-07	3.04e-04	8.04e-03	2.99e-02	9.86e-02	4.46e-01	3.84e-01	3.18e-02	8.93e-04	1.60e-05	2.86e-07	0.00e+00	0.00e+00	0.00e+00	0.00e+00	0.00e+00
 2.43162e+23	1.39e-16	4.25e-07	3.25e-04	8.47e-03	3.10e-02	1.01e-01	4.49e-01	3.79e-01	3.07e-02	8.49e-04	1.50e-05	2.65e-07	0.00e+00	0.00e+00	0.00e+00	0.00e+00	0.00e+00
 2.49394e+23	1.44e-16	4.53e-07	3.43e-04	8.84e-03	3.19e-02	1.03e-01	4.51e-01	3.75e-01	2.98e-02	8.14e-04	1.42e-05	2.48e-07	0.00e+00	0.00e+00	0.00e+00	0.00e+00	0.00e+00
 2.55003e+23	1.49e-16	4.79e-07	3.59e-04	9.16e-03	3.26e-02	1.05e-01	4.52e-01	3.71e-01	2.91e-02	7.86e-04	1.36e-05	2.36e-07	0.00e+00	0.00e+00	0.00e+00	0.00e+00	0.00e+00
 2.60051e+23	1.54e-16	5.02e-07	3.73e-04	9.44e-03	3.33e-02	1.06e-01	4.54e-01	3.68e-01	2.85e-02	7.63e-04	1.31e-05	2.25e-07	0.00e+00	0.00e+00	0.00e+00	0.00e+00	0.00e+00
 2.64594e+23	1.57e-16	5.22e-07	3.85e-04	9.68e-03	3.38e-02	1.07e-01	4.55e-01	3.65e-01	2.80e-02	7.44e-04	1.26e-05	2.17e-07	0.00e+00	0.00e+00	0.00e+00	0.00e+00	0.00e+00
 2.68682e+23	1.58e-16	5.37e-07	3.94e-04	9.86e-03	3.42e-02	1.08e-01	4.56e-01	3.63e-01	2.77e-02	7.32e-04	1.24e-05	2.11e-07	0.00e+00	0.00e+00	0.00e+00	0.00e+00	0.00e+00
 2.72362e+23	1.58e-16	5.49e-07	4.02e-04	1.00e-02	3.45e-02	1.09e-01	4.56e-01	3.62e-01	2.74e-02	7.22e-04	1.21e-05	2.07e-07	0.00e+00	0.00e+00	0.00e+00	0.00e+00	0.00e+00
 2.75674e+23	1.59e-16	5.61e-07	4.09e-04	1.01e-02	3.49e-02	1.10e-01	4.57e-01	3.60e-01	2.71e-02	7.11e-04	1.19e-05	2.03e-07	0.00e+00	0.00e+00	0.00e+00	0.00e+00	0.00e+00
 2.78771e+23	1.60e-16	5.71e-07	4.15e-04	1.03e-02	3.51e-02	1.10e-01	4.58e-01	3.59e-01	2.69e-02	7.03e-04	1.17e-05	1.99e-07	0.00e+00	0.00e+00	0.00e+00	0.00e+00	0.00e+00
 2.81825e+23	1.60e-16	5.80e-07	4.21e-04	1.04e-02	3.54e-02	1.11e-01	4.58e-01	3.58e-01	2.67e-02	6.95e-04	1.16e-05	1.96e-07	0.00e+00	0.00e+00	0.00e+00	0.00e+00	0.00e+00
 2.84880e+23	1.60e-16	5.90e-07	4.26e-04	1.05e-02	3.56e-02	1.11e-01	4.58e-01	3.57e-01	2.65e-02	6.88e-04	1.14e-05	1.93e-07	0.00e+00	0.00e+00	0.00e+00	0.00e+00	0.00e+00
 2.87935e+23	1.59e-16	5.96e-07	4.30e-04	1.06e-02	3.58e-02	1.12e-01	4.59e-01	3.56e-01	2.64e-02	6.83e-04	1.13e-05	1.91e-07	0.00e+00	0.00e+00	0.00e+00	0.00e+00	0.00e+00
