#depth	Mg	Mg+	Mg+2	Mg+3	Mg+4	Mg+5	Mg+6	Mg+7	Mg+8	Mg+9	Mg+10	Mg+11	Mg+12
 6.17135e+19	0.00e+00	0.00e+00	2.91e-28	4.77e-23	1.28e-18	7.10e-15	1.08e-11	5.28e-09	1.04e-06	1.23e-04	3.44e-02	2.96e-01	6.69e-01
 1.87609e+20	0.00e+00	0.00e+00	7.62e-28	1.13e-22	2.75e-18	1.38e-14	1.92e-11	8.53e-09	1.50e-06	1.60e-04	4.05e-02	3.15e-01	6.44e-01
 3.09898e+20	0.00e+00	0.00e+00	1.87e-27	2.52e-22	5.61e-18	2.57e-14	3.29e-11	1.33e-08	2.13e-06	2.05e-04	4.71e-02	3.33e-01	6.20e-01
 4.23562e+20	0.00e+00	0.00e+00	4.17e-27	5.18e-22	1.06e-17	4.48e-14	5.31e-11	1.98e-08	2.90e-06	2.55e-04	5.38e-02	3.49e-01	5.97e-01
 4.98953e+20	0.00e+00	0.00e+00	7.00e-27	8.25e-22	1.60e-17	6.42e-14	7.24e-11	2.57e-08	3.55e-06	2.94e-04	5.85e-02	3.59e-01	5.82e-01
 5.30914e+20	0.00e+00	0.00e+00	8.76e-27	1.01e-21	1.91e-17	7.49e-14	8.28e-11	2.87e-08	3.87e-06	3.13e-04	6.07e-02	3.64e-01	5.75e-01
 5.58805e+20	0.00e+00	0.00e+00	1.05e-26	1.19e-21	2.20e-17	8.49e-14	9.22e-11	3.14e-08	4.14e-06	3.28e-04	6.25e-02	3.67e-01	5.70e-01
 5.95064e+20	0.00e+00	0.00e+00	1.33e-26	1.47e-21	2.66e-17	1.00e-13	1.06e-10	3.53e-08	4.54e-06	3.50e-04	6.49e-02	3.72e-01	5.63e-01
 6.42200e+20	0.00e+00	0.00e+00	1.82e-26	1.94e-21	3.41e-17	1.24e-13	1.28e-10	4.13e-08	5.12e-06	3.81e-04	6.83e-02	3.78e-01	5.53e-01
 6.93210e+20	0.00e+00	0.00e+00	2.53e-26	2.61e-21	4.44e-17	1.56e-13	1.56e-10	4.87e-08	5.81e-06	4.17e-04	7.20e-02	3.85e-01	5.43e-01
 7.38660e+20	0.00e+00	0.00e+00	3.40e-26	3.40e-21	5.61e-17	1.92e-13	1.86e-10	5.64e-08	6.51e-06	4.52e-04	7.54e-02	3.90e-01	5.34e-01
 7.80649e+20	0.00e+00	3.24e-32	4.42e-26	4.31e-21	6.91e-17	2.30e-13	2.18e-10	6.42e-08	7.21e-06	4.85e-04	7.86e-02	3.95e-01	5.26e-01
 8.28735e+20	0.00e+00	4.51e-32	5.98e-26	5.65e-21	8.79e-17	2.84e-13	2.61e-10	7.46e-08	8.09e-06	5.26e-04	8.24e-02	4.01e-01	5.16e-01
 8.82606e+20	0.00e+00	6.51e-32	8.35e-26	7.62e-21	1.15e-16	3.58e-13	3.19e-10	8.81e-08	9.20e-06	5.75e-04	8.68e-02	4.07e-01	5.05e-01
 9.29082e+20	0.00e+00	8.92e-32	1.11e-25	9.85e-21	1.44e-16	4.36e-13	3.79e-10	1.02e-07	1.03e-05	6.20e-04	9.08e-02	4.12e-01	4.96e-01
 9.66489e+20	0.00e+00	1.14e-31	1.39e-25	1.21e-20	1.72e-16	5.10e-13	4.33e-10	1.14e-07	1.12e-05	6.59e-04	9.40e-02	4.17e-01	4.89e-01
 1.00702e+21	0.00e+00	1.50e-31	1.78e-25	1.51e-20	2.09e-16	6.05e-13	5.03e-10	1.29e-07	1.23e-05	7.04e-04	9.76e-02	4.21e-01	4.81e-01
 1.05970e+21	0.00e+00	2.11e-31	2.44e-25	1.99e-20	2.69e-16	7.52e-13	6.06e-10	1.50e-07	1.39e-05	7.65e-04	1.02e-01	4.26e-01	4.71e-01
 1.11398e+21	0.00e+00	3.00e-31	3.36e-25	2.66e-20	3.47e-16	9.40e-13	7.35e-10	1.76e-07	1.57e-05	8.32e-04	1.07e-01	4.32e-01	4.60e-01
 1.15826e+21	0.00e+00	3.99e-31	4.35e-25	3.36e-20	4.26e-16	1.13e-12	8.59e-10	2.01e-07	1.73e-05	8.91e-04	1.12e-01	4.36e-01	4.52e-01
 1.20374e+21	0.00e+00	5.33e-31	5.66e-25	4.25e-20	5.26e-16	1.35e-12	1.01e-09	2.29e-07	1.92e-05	9.55e-04	1.16e-01	4.40e-01	4.43e-01
 1.26287e+21	0.00e+00	7.73e-31	7.94e-25	5.77e-20	6.88e-16	1.71e-12	1.23e-09	2.71e-07	2.18e-05	1.04e-03	1.22e-01	4.45e-01	4.31e-01
 1.31934e+21	0.00e+00	1.10e-30	1.10e-24	7.70e-20	8.90e-16	2.14e-12	1.50e-09	3.18e-07	2.47e-05	1.14e-03	1.28e-01	4.50e-01	4.21e-01
 1.35944e+21	0.00e+00	1.41e-30	1.38e-24	9.45e-20	1.07e-15	2.51e-12	1.72e-09	3.57e-07	2.70e-05	1.21e-03	1.32e-01	4.53e-01	4.13e-01
 1.39866e+21	0.00e+00	1.79e-30	1.71e-24	1.15e-19	1.27e-15	2.92e-12	1.96e-09	3.98e-07	2.93e-05	1.28e-03	1.36e-01	4.56e-01	4.06e-01
 1.44965e+21	0.00e+00	2.44e-30	2.27e-24	1.48e-19	1.59e-15	3.55e-12	2.32e-09	4.58e-07	3.27e-05	1.37e-03	1.42e-01	4.60e-01	3.96e-01
 1.50393e+21	0.00e+00	3.38e-30	3.06e-24	1.94e-19	2.02e-15	4.38e-12	2.78e-09	5.33e-07	3.67e-05	1.49e-03	1.48e-01	4.64e-01	3.86e-01
 1.55064e+21	0.00e+00	4.47e-30	3.95e-24	2.44e-19	2.48e-15	5.23e-12	3.25e-09	6.06e-07	4.04e-05	1.59e-03	1.54e-01	4.67e-01	3.78e-01
 1.59955e+21	0.00e+00	5.96e-30	5.14e-24	3.10e-19	3.06e-15	6.29e-12	3.82e-09	6.92e-07	4.48e-05	1.70e-03	1.59e-01	4.70e-01	3.69e-01
 1.65402e+21	0.00e+00	8.20e-30	6.88e-24	4.03e-19	3.87e-15	7.73e-12	4.56e-09	8.02e-07	5.01e-05	1.83e-03	1.66e-01	4.73e-01	3.59e-01
 1.70429e+21	0.00e+00	1.10e-29	9.00e-24	5.13e-19	4.80e-15	9.32e-12	5.36e-09	9.18e-07	5.56e-05	1.97e-03	1.72e-01	4.76e-01	3.50e-01
 1.74862e+21	0.00e+00	1.42e-29	1.14e-23	6.34e-19	5.80e-15	1.10e-11	6.19e-09	1.03e-06	6.08e-05	2.09e-03	1.78e-01	4.78e-01	3.42e-01
 1.79664e+21	0.00e+00	1.87e-29	1.46e-23	7.96e-19	7.10e-15	1.31e-11	7.22e-09	1.17e-06	6.71e-05	2.23e-03	1.84e-01	4.80e-01	3.34e-01
 1.85046e+21	0.00e+00	2.53e-29	1.94e-23	1.03e-18	8.90e-15	1.60e-11	8.57e-09	1.35e-06	7.48e-05	2.40e-03	1.91e-01	4.82e-01	3.24e-01
 1.89956e+21	0.00e+00	3.34e-29	2.50e-23	1.29e-18	1.09e-14	1.91e-11	1.00e-08	1.54e-06	8.25e-05	2.56e-03	1.98e-01	4.84e-01	3.16e-01
 1.94316e+21	0.00e+00	4.25e-29	3.12e-23	1.58e-18	1.31e-14	2.24e-11	1.15e-08	1.73e-06	9.01e-05	2.71e-03	2.04e-01	4.85e-01	3.08e-01
 1.99188e+21	0.00e+00	5.57e-29	4.00e-23	1.98e-18	1.60e-14	2.67e-11	1.34e-08	1.96e-06	9.92e-05	2.89e-03	2.11e-01	4.86e-01	3.00e-01
 2.04662e+21	0.00e+00	7.52e-29	5.28e-23	2.55e-18	2.00e-14	3.25e-11	1.59e-08	2.26e-06	1.11e-04	3.10e-03	2.18e-01	4.88e-01	2.91e-01
 2.09786e+21	0.00e+00	9.93e-29	6.83e-23	3.22e-18	2.47e-14	3.90e-11	1.86e-08	2.58e-06	1.22e-04	3.31e-03	2.26e-01	4.88e-01	2.82e-01
 2.14471e+21	0.00e+00	1.28e-28	8.62e-23	3.98e-18	2.99e-14	4.61e-11	2.15e-08	2.91e-06	1.34e-04	3.52e-03	2.33e-01	4.89e-01	2.75e-01
 2.19714e+21	0.00e+00	1.69e-28	1.12e-22	5.03e-18	3.69e-14	5.54e-11	2.53e-08	3.33e-06	1.48e-04	3.76e-03	2.40e-01	4.89e-01	2.66e-01
 2.25501e+21	0.00e+00	2.29e-28	1.48e-22	6.51e-18	4.65e-14	6.79e-11	3.02e-08	3.85e-06	1.66e-04	4.04e-03	2.49e-01	4.89e-01	2.57e-01
 2.30767e+21	0.00e+00	3.01e-28	1.91e-22	8.22e-18	5.73e-14	8.16e-11	3.54e-08	4.40e-06	1.84e-04	4.31e-03	2.57e-01	4.89e-01	2.49e-01
 2.35596e+21	0.00e+00	3.86e-28	2.41e-22	1.02e-17	6.93e-14	9.64e-11	4.09e-08	4.97e-06	2.01e-04	4.58e-03	2.65e-01	4.89e-01	2.42e-01
 2.41084e+21	0.00e+00	5.10e-28	3.13e-22	1.29e-17	8.59e-14	1.16e-10	4.82e-08	5.69e-06	2.23e-04	4.89e-03	2.73e-01	4.88e-01	2.34e-01
 2.47193e+21	0.00e+00	6.93e-28	4.16e-22	1.68e-17	1.09e-13	1.43e-10	5.77e-08	6.61e-06	2.50e-04	5.27e-03	2.83e-01	4.87e-01	2.25e-01
 2.52838e+21	0.00e+00	9.15e-28	5.40e-22	2.13e-17	1.35e-13	1.73e-10	6.81e-08	7.59e-06	2.78e-04	5.63e-03	2.92e-01	4.85e-01	2.16e-01
 2.58001e+21	0.00e+00	1.18e-27	6.84e-22	2.64e-17	1.64e-13	2.05e-10	7.91e-08	8.59e-06	3.06e-04	5.98e-03	3.01e-01	4.84e-01	2.09e-01
 2.63806e+21	0.00e+00	1.55e-27	8.87e-22	3.36e-17	2.04e-13	2.48e-10	9.34e-08	9.86e-06	3.40e-04	6.40e-03	3.10e-01	4.82e-01	2.01e-01
 2.70358e+21	0.00e+00	2.11e-27	1.19e-21	4.39e-17	2.60e-13	3.07e-10	1.12e-07	1.15e-05	3.82e-04	6.90e-03	3.21e-01	4.79e-01	1.93e-01
 2.76559e+21	0.00e+00	2.80e-27	1.55e-21	5.63e-17	3.26e-13	3.74e-10	1.34e-07	1.33e-05	4.26e-04	7.39e-03	3.31e-01	4.77e-01	1.85e-01
 2.82036e+21	0.00e+00	3.58e-27	1.96e-21	6.99e-17	3.96e-13	4.44e-10	1.55e-07	1.50e-05	4.69e-04	7.85e-03	3.40e-01	4.74e-01	1.78e-01
 2.87123e+21	0.00e+00	4.48e-27	2.42e-21	8.52e-17	4.74e-13	5.20e-10	1.78e-07	1.69e-05	5.12e-04	8.29e-03	3.48e-01	4.71e-01	1.72e-01
 2.92965e+21	0.00e+00	5.75e-27	3.08e-21	1.06e-16	5.81e-13	6.21e-10	2.08e-07	1.92e-05	5.65e-04	8.82e-03	3.58e-01	4.68e-01	1.65e-01
 2.99481e+21	3.45e-32	7.56e-27	4.00e-21	1.36e-16	7.25e-13	7.54e-10	2.46e-07	2.21e-05	6.29e-04	9.44e-03	3.68e-01	4.64e-01	1.58e-01
 3.05535e+21	4.63e-32	9.69e-27	5.07e-21	1.69e-16	8.88e-13	9.00e-10	2.87e-07	2.51e-05	6.94e-04	1.00e-02	3.78e-01	4.60e-01	1.51e-01
 3.11171e+21	6.05e-32	1.21e-26	6.29e-21	2.07e-16	1.07e-12	1.06e-09	3.31e-07	2.82e-05	7.59e-04	1.06e-02	3.87e-01	4.56e-01	1.45e-01
 3.17602e+21	8.14e-32	1.56e-26	8.00e-21	2.60e-16	1.31e-12	1.27e-09	3.87e-07	3.22e-05	8.38e-04	1.13e-02	3.97e-01	4.52e-01	1.39e-01
 3.24791e+21	1.13e-31	2.04e-26	1.04e-20	3.32e-16	1.64e-12	1.54e-09	4.59e-07	3.71e-05	9.34e-04	1.21e-02	4.08e-01	4.47e-01	1.32e-01
 3.31514e+21	1.51e-31	2.61e-26	1.32e-20	4.15e-16	2.01e-12	1.85e-09	5.37e-07	4.22e-05	1.03e-03	1.29e-02	4.18e-01	4.42e-01	1.26e-01
 3.37827e+21	1.98e-31	3.27e-26	1.64e-20	5.09e-16	2.43e-12	2.18e-09	6.19e-07	4.75e-05	1.13e-03	1.36e-02	4.27e-01	4.37e-01	1.21e-01
 3.45061e+21	2.66e-31	4.19e-26	2.09e-20	6.40e-16	2.99e-12	2.61e-09	7.26e-07	5.42e-05	1.25e-03	1.45e-02	4.38e-01	4.31e-01	1.15e-01
 3.53145e+21	3.68e-31	5.49e-26	2.72e-20	8.20e-16	3.76e-12	3.19e-09	8.63e-07	6.25e-05	1.39e-03	1.55e-02	4.49e-01	4.25e-01	1.09e-01
 3.60704e+21	4.94e-31	7.00e-26	3.45e-20	1.03e-15	4.62e-12	3.82e-09	1.01e-06	7.12e-05	1.54e-03	1.65e-02	4.60e-01	4.19e-01	1.03e-01
 3.67808e+21	6.46e-31	8.75e-26	4.29e-20	1.26e-15	5.59e-12	4.51e-09	1.17e-06	8.02e-05	1.69e-03	1.74e-02	4.69e-01	4.13e-01	9.86e-02
 3.75950e+21	8.69e-31	1.12e-25	5.47e-20	1.59e-15	6.89e-12	5.42e-09	1.37e-06	9.15e-05	1.87e-03	1.86e-02	4.80e-01	4.06e-01	9.34e-02
 3.84628e+21	1.18e-30	1.44e-25	7.03e-20	2.01e-15	8.57e-12	6.56e-09	1.61e-06	1.05e-04	2.07e-03	1.98e-02	4.91e-01	3.99e-01	8.81e-02
 3.91960e+21	1.52e-30	1.78e-25	8.63e-20	2.44e-15	1.03e-11	7.67e-09	1.85e-06	1.17e-04	2.26e-03	2.08e-02	5.00e-01	3.93e-01	8.40e-02
 3.98450e+21	1.89e-30	2.13e-25	1.03e-19	2.89e-15	1.20e-11	8.78e-09	2.08e-06	1.29e-04	2.43e-03	2.18e-02	5.08e-01	3.88e-01	8.05e-02
 4.05885e+21	2.41e-30	2.60e-25	1.26e-19	3.49e-15	1.42e-11	1.02e-08	2.36e-06	1.44e-04	2.64e-03	2.29e-02	5.16e-01	3.81e-01	7.67e-02
 4.15552e+21	3.26e-30	3.35e-25	1.61e-19	4.42e-15	1.77e-11	1.24e-08	2.79e-06	1.65e-04	2.92e-03	2.44e-02	5.27e-01	3.74e-01	7.21e-02
 4.25416e+21	4.42e-30	4.30e-25	2.07e-19	5.60e-15	2.20e-11	1.49e-08	3.28e-06	1.88e-04	3.24e-03	2.60e-02	5.37e-01	3.65e-01	6.77e-02
 4.33401e+21	5.60e-30	5.23e-25	2.51e-19	6.74e-15	2.61e-11	1.73e-08	3.73e-06	2.09e-04	3.51e-03	2.73e-02	5.46e-01	3.59e-01	6.44e-02
 4.41645e+21	7.11e-30	6.37e-25	3.05e-19	8.12e-15	3.10e-11	2.01e-08	4.25e-06	2.33e-04	3.80e-03	2.87e-02	5.54e-01	3.52e-01	6.11e-02
 4.52362e+21	9.60e-30	8.16e-25	3.91e-19	1.03e-14	3.85e-11	2.43e-08	5.00e-06	2.66e-04	4.21e-03	3.05e-02	5.64e-01	3.44e-01	5.72e-02
 4.63449e+21	1.30e-29	1.05e-24	5.01e-19	1.30e-14	4.79e-11	2.94e-08	5.88e-06	3.04e-04	4.66e-03	3.24e-02	5.74e-01	3.35e-01	5.35e-02
 4.72059e+21	1.63e-29	1.26e-24	6.05e-19	1.56e-14	5.66e-11	3.40e-08	6.67e-06	3.37e-04	5.04e-03	3.40e-02	5.81e-01	3.29e-01	5.07e-02
 4.79061e+21	1.96e-29	1.47e-24	7.02e-19	1.80e-14	6.44e-11	3.81e-08	7.34e-06	3.65e-04	5.35e-03	3.52e-02	5.87e-01	3.23e-01	4.87e-02
 4.86932e+21	2.39e-29	1.73e-24	8.27e-19	2.10e-14	7.43e-11	4.31e-08	8.17e-06	3.98e-04	5.71e-03	3.66e-02	5.93e-01	3.18e-01	4.65e-02
 4.97164e+21	3.08e-29	2.13e-24	1.02e-18	2.56e-14	8.91e-11	5.06e-08	9.36e-06	4.44e-04	6.21e-03	3.85e-02	6.01e-01	3.10e-01	4.38e-02
 5.08090e+21	4.01e-29	2.66e-24	1.27e-18	3.15e-14	1.08e-10	5.97e-08	1.08e-05	4.99e-04	6.77e-03	4.05e-02	6.09e-01	3.03e-01	4.11e-02
 5.17635e+21	5.02e-29	3.20e-24	1.52e-18	3.76e-14	1.27e-10	6.87e-08	1.22e-05	5.50e-04	7.29e-03	4.23e-02	6.15e-01	2.96e-01	3.89e-02
 5.27760e+21	6.33e-29	3.88e-24	1.85e-18	4.51e-14	1.50e-10	7.95e-08	1.38e-05	6.09e-04	7.86e-03	4.43e-02	6.21e-01	2.89e-01	3.68e-02
 5.40923e+21	8.50e-29	4.96e-24	2.36e-18	5.68e-14	1.85e-10	9.55e-08	1.61e-05	6.90e-04	8.64e-03	4.68e-02	6.29e-01	2.80e-01	3.42e-02
 5.54294e+21	1.14e-28	6.32e-24	3.00e-18	7.15e-14	2.29e-10	1.15e-07	1.88e-05	7.84e-04	9.50e-03	4.95e-02	6.37e-01	2.72e-01	3.18e-02
 5.64950e+21	1.43e-28	7.63e-24	3.62e-18	8.55e-14	2.69e-10	1.32e-07	2.12e-05	8.64e-04	1.02e-02	5.16e-02	6.42e-01	2.65e-01	3.00e-02
 5.75821e+21	1.79e-28	9.22e-24	4.36e-18	1.02e-13	3.17e-10	1.52e-07	2.39e-05	9.50e-04	1.10e-02	5.38e-02	6.47e-01	2.59e-01	2.83e-02
 5.87950e+21	2.29e-28	1.13e-23	5.35e-18	1.24e-13	3.78e-10	1.77e-07	2.72e-05	1.06e-03	1.18e-02	5.62e-02	6.53e-01	2.52e-01	2.66e-02
 5.99301e+21	2.88e-28	1.37e-23	6.46e-18	1.48e-13	4.45e-10	2.04e-07	3.07e-05	1.16e-03	1.27e-02	5.86e-02	6.57e-01	2.45e-01	2.50e-02
 6.11644e+21	3.66e-28	1.68e-23	7.88e-18	1.79e-13	5.28e-10	2.37e-07	3.48e-05	1.28e-03	1.37e-02	6.11e-02	6.62e-01	2.38e-01	2.35e-02
 6.25315e+21	4.76e-28	2.10e-23	9.80e-18	2.19e-13	6.36e-10	2.78e-07	3.98e-05	1.43e-03	1.48e-02	6.40e-02	6.67e-01	2.31e-01	2.19e-02
 6.38002e+21	6.04e-28	2.56e-23	1.19e-17	2.64e-13	7.54e-10	3.22e-07	4.50e-05	1.58e-03	1.59e-02	6.66e-02	6.71e-01	2.24e-01	2.06e-02
 6.51782e+21	7.78e-28	3.17e-23	1.47e-17	3.22e-13	9.01e-10	3.76e-07	5.13e-05	1.75e-03	1.72e-02	6.95e-02	6.75e-01	2.18e-01	1.93e-02
 6.67209e+21	1.03e-27	4.02e-23	1.85e-17	4.00e-13	1.10e-09	4.45e-07	5.91e-05	1.96e-03	1.86e-02	7.28e-02	6.78e-01	2.10e-01	1.79e-02
 6.81799e+21	1.33e-27	5.00e-23	2.29e-17	4.88e-13	1.32e-09	5.21e-07	6.74e-05	2.17e-03	2.01e-02	7.59e-02	6.82e-01	2.03e-01	1.67e-02
 6.97787e+21	1.76e-27	6.36e-23	2.89e-17	6.05e-13	1.59e-09	6.14e-07	7.73e-05	2.42e-03	2.17e-02	7.93e-02	6.84e-01	1.97e-01	1.55e-02
 7.15825e+21	2.37e-27	8.21e-23	3.71e-17	7.66e-13	1.98e-09	7.39e-07	9.02e-05	2.74e-03	2.37e-02	8.32e-02	6.87e-01	1.89e-01	1.42e-02
 7.31793e+21	3.09e-27	1.03e-22	4.62e-17	9.41e-13	2.38e-09	8.66e-07	1.03e-04	3.04e-03	2.56e-02	8.67e-02	6.89e-01	1.82e-01	1.32e-02
 7.45306e+21	3.85e-27	1.24e-22	5.55e-17	1.11e-12	2.77e-09	9.87e-07	1.15e-04	3.31e-03	2.72e-02	8.96e-02	6.90e-01	1.77e-01	1.25e-02
 7.60363e+21	4.88e-27	1.53e-22	6.76e-17	1.34e-12	3.27e-09	1.14e-06	1.29e-04	3.63e-03	2.90e-02	9.29e-02	6.92e-01	1.71e-01	1.16e-02
 7.79938e+21	6.64e-27	2.00e-22	8.72e-17	1.70e-12	4.04e-09	1.36e-06	1.50e-04	4.08e-03	3.15e-02	9.70e-02	6.92e-01	1.64e-01	1.07e-02
 8.00703e+21	9.07e-27	2.61e-22	1.13e-16	2.17e-12	5.04e-09	1.65e-06	1.76e-04	4.61e-03	3.44e-02	1.02e-01	6.93e-01	1.57e-01	9.77e-03
 8.17833e+21	1.17e-26	3.25e-22	1.40e-16	2.64e-12	6.02e-09	1.92e-06	1.99e-04	5.09e-03	3.68e-02	1.05e-01	6.92e-01	1.51e-01	9.07e-03
 8.32600e+21	1.45e-26	3.92e-22	1.67e-16	3.12e-12	6.99e-09	2.18e-06	2.21e-04	5.52e-03	3.90e-02	1.09e-01	6.92e-01	1.46e-01	8.53e-03
 8.49475e+21	1.84e-26	4.84e-22	2.05e-16	3.76e-12	8.26e-09	2.52e-06	2.49e-04	6.05e-03	4.16e-02	1.12e-01	6.91e-01	1.41e-01	7.94e-03
 8.71413e+21	2.50e-26	6.34e-22	2.64e-16	4.76e-12	1.02e-08	3.01e-06	2.88e-04	6.78e-03	4.50e-02	1.17e-01	6.89e-01	1.35e-01	7.26e-03
 8.94164e+21	3.39e-26	8.26e-22	3.42e-16	6.05e-12	1.27e-08	3.62e-06	3.36e-04	7.63e-03	4.89e-02	1.22e-01	6.86e-01	1.28e-01	6.60e-03
 9.12898e+21	4.33e-26	1.03e-21	4.20e-16	7.34e-12	1.51e-08	4.20e-06	3.79e-04	8.38e-03	5.21e-02	1.26e-01	6.84e-01	1.23e-01	6.11e-03
 9.32181e+21	5.55e-26	1.28e-21	5.17e-16	8.91e-12	1.79e-08	4.87e-06	4.28e-04	9.20e-03	5.56e-02	1.30e-01	6.81e-01	1.18e-01	5.65e-03
 9.57248e+21	7.61e-26	1.69e-21	6.76e-16	1.14e-11	2.23e-08	5.87e-06	4.98e-04	1.03e-02	6.02e-02	1.35e-01	6.76e-01	1.12e-01	5.13e-03
 9.83157e+21	1.04e-25	2.22e-21	8.79e-16	1.46e-11	2.79e-08	7.10e-06	5.82e-04	1.16e-02	6.54e-02	1.41e-01	6.71e-01	1.06e-01	4.61e-03
 1.00439e+22	1.33e-25	2.77e-21	1.09e-15	1.78e-11	3.33e-08	8.26e-06	6.59e-04	1.28e-02	6.97e-02	1.45e-01	6.66e-01	1.01e-01	4.24e-03
 1.02623e+22	1.70e-25	3.45e-21	1.34e-15	2.17e-11	3.98e-08	9.61e-06	7.45e-04	1.41e-02	7.43e-02	1.50e-01	6.61e-01	9.65e-02	3.89e-03
 1.04975e+22	2.20e-25	4.37e-21	1.68e-15	2.67e-11	4.80e-08	1.13e-05	8.48e-04	1.55e-02	7.94e-02	1.54e-01	6.55e-01	9.18e-02	3.55e-03
 1.07052e+22	2.75e-25	5.34e-21	2.04e-15	3.19e-11	5.64e-08	1.29e-05	9.48e-04	1.69e-02	8.41e-02	1.59e-01	6.49e-01	8.77e-02	3.27e-03
 1.08966e+22	3.36e-25	6.41e-21	2.42e-15	3.76e-11	6.52e-08	1.46e-05	1.05e-03	1.82e-02	8.85e-02	1.62e-01	6.43e-01	8.42e-02	3.04e-03
 1.11162e+22	4.19e-25	7.81e-21	2.93e-15	4.50e-11	7.68e-08	1.68e-05	1.17e-03	1.99e-02	9.37e-02	1.66e-01	6.36e-01	8.02e-02	2.79e-03
 1.13637e+22	5.35e-25	9.81e-21	3.64e-15	5.50e-11	9.19e-08	1.96e-05	1.33e-03	2.18e-02	9.96e-02	1.71e-01	6.28e-01	7.60e-02	2.54e-03
 1.16003e+22	6.71e-25	1.21e-20	4.44e-15	6.63e-11	1.09e-07	2.26e-05	1.49e-03	2.38e-02	1.05e-01	1.75e-01	6.19e-01	7.22e-02	2.32e-03
 1.18252e+22	8.19e-25	1.45e-20	5.31e-15	7.86e-11	1.27e-07	2.58e-05	1.66e-03	2.58e-02	1.11e-01	1.79e-01	6.11e-01	6.86e-02	2.13e-03
 1.20823e+22	1.03e-24	1.80e-20	6.53e-15	9.53e-11	1.51e-07	2.99e-05	1.87e-03	2.81e-02	1.18e-01	1.84e-01	6.02e-01	6.49e-02	1.93e-03
 1.23698e+22	1.31e-24	2.26e-20	8.10e-15	1.17e-10	1.82e-07	3.51e-05	2.12e-03	3.10e-02	1.26e-01	1.89e-01	5.90e-01	6.08e-02	1.73e-03
 1.26353e+22	1.63e-24	2.77e-20	9.87e-15	1.41e-10	2.16e-07	4.05e-05	2.38e-03	3.38e-02	1.33e-01	1.93e-01	5.79e-01	5.72e-02	1.56e-03
 1.28808e+22	1.97e-24	3.33e-20	1.18e-14	1.67e-10	2.52e-07	4.61e-05	2.64e-03	3.65e-02	1.40e-01	1.96e-01	5.69e-01	5.41e-02	1.42e-03
 1.31620e+22	2.44e-24	4.09e-20	1.43e-14	2.01e-10	2.98e-07	5.33e-05	2.97e-03	3.98e-02	1.47e-01	2.00e-01	5.57e-01	5.08e-02	1.28e-03
 1.35275e+22	3.18e-24	5.28e-20	1.83e-14	2.55e-10	3.69e-07	6.39e-05	3.43e-03	4.42e-02	1.58e-01	2.05e-01	5.41e-01	4.67e-02	1.12e-03
 1.38967e+22	4.09e-24	6.79e-20	2.33e-14	3.21e-10	4.55e-07	7.64e-05	3.95e-03	4.91e-02	1.68e-01	2.10e-01	5.25e-01	4.29e-02	9.71e-04
 1.41887e+22	4.82e-24	8.23e-20	2.79e-14	3.83e-10	5.35e-07	8.76e-05	4.40e-03	5.31e-02	1.77e-01	2.13e-01	5.11e-01	4.00e-02	8.69e-04
 1.44860e+22	5.78e-24	9.88e-20	3.33e-14	4.54e-10	6.26e-07	1.00e-04	4.89e-03	5.74e-02	1.85e-01	2.17e-01	4.98e-01	3.73e-02	7.76e-04
 1.48725e+22	7.35e-24	1.27e-19	4.19e-14	5.66e-10	7.66e-07	1.19e-04	5.59e-03	6.31e-02	1.96e-01	2.20e-01	4.80e-01	3.42e-02	6.74e-04
 1.52785e+22	9.17e-24	1.61e-19	5.25e-14	7.05e-10	9.39e-07	1.41e-04	6.40e-03	6.95e-02	2.08e-01	2.23e-01	4.61e-01	3.10e-02	5.77e-04
 1.56176e+22	1.09e-23	1.95e-19	6.28e-14	8.42e-10	1.11e-06	1.62e-04	7.13e-03	7.51e-02	2.18e-01	2.26e-01	4.45e-01	2.85e-02	5.06e-04
 1.59045e+22	1.27e-23	2.31e-19	7.35e-14	9.79e-10	1.27e-06	1.82e-04	7.79e-03	7.99e-02	2.26e-01	2.28e-01	4.32e-01	2.66e-02	4.55e-04
 1.62155e+22	1.49e-23	2.75e-19	8.63e-14	1.14e-09	1.46e-06	2.06e-04	8.55e-03	8.53e-02	2.34e-01	2.29e-01	4.18e-01	2.47e-02	4.05e-04
 1.66198e+22	1.81e-23	3.44e-19	1.06e-13	1.39e-09	1.75e-06	2.40e-04	9.60e-03	9.24e-02	2.45e-01	2.31e-01	4.00e-01	2.24e-02	3.49e-04
 1.70385e+22	2.19e-23	4.33e-19	1.30e-13	1.70e-09	2.11e-06	2.80e-04	1.08e-02	1.00e-01	2.56e-01	2.32e-01	3.81e-01	2.02e-02	2.98e-04
 1.73845e+22	2.55e-23	5.23e-19	1.53e-13	2.00e-09	2.45e-06	3.17e-04	1.19e-02	1.07e-01	2.64e-01	2.32e-01	3.66e-01	1.86e-02	2.62e-04
 1.77432e+22	2.99e-23	6.32e-19	1.81e-13	2.35e-09	2.84e-06	3.59e-04	1.30e-02	1.13e-01	2.73e-01	2.33e-01	3.51e-01	1.70e-02	2.30e-04
 1.82094e+22	3.67e-23	8.09e-19	2.25e-13	2.89e-09	3.43e-06	4.20e-04	1.46e-02	1.22e-01	2.84e-01	2.32e-01	3.31e-01	1.52e-02	1.94e-04
 1.86797e+22	4.44e-23	1.04e-18	2.79e-13	3.56e-09	4.13e-06	4.91e-04	1.64e-02	1.31e-01	2.94e-01	2.32e-01	3.12e-01	1.35e-02	1.63e-04
 1.90502e+22	5.14e-23	1.27e-18	3.31e-13	4.17e-09	4.78e-06	5.53e-04	1.79e-02	1.39e-01	3.01e-01	2.31e-01	2.98e-01	1.24e-02	1.43e-04
 1.94270e+22	6.00e-23	1.55e-18	3.91e-13	4.89e-09	5.51e-06	6.21e-04	1.94e-02	1.46e-01	3.09e-01	2.29e-01	2.84e-01	1.13e-02	1.25e-04
 1.99169e+22	7.35e-23	2.00e-18	4.86e-13	5.99e-09	6.60e-06	7.21e-04	2.16e-02	1.56e-01	3.17e-01	2.27e-01	2.67e-01	1.00e-02	1.05e-04
 2.04296e+22	8.95e-23	2.64e-18	6.11e-13	7.40e-09	7.96e-06	8.39e-04	2.40e-02	1.66e-01	3.26e-01	2.25e-01	2.50e-01	8.85e-03	8.74e-05
 2.08614e+22	1.05e-22	3.33e-18	7.41e-13	8.82e-09	9.29e-06	9.51e-04	2.62e-02	1.75e-01	3.32e-01	2.22e-01	2.36e-01	7.97e-03	7.51e-05
 2.13123e+22	1.26e-22	4.22e-18	9.03e-13	1.05e-08	1.09e-05	1.08e-03	2.86e-02	1.84e-01	3.38e-01	2.19e-01	2.22e-01	7.16e-03	6.44e-05
 2.18984e+22	1.60e-22	5.75e-18	1.16e-12	1.33e-08	1.32e-05	1.26e-03	3.19e-02	1.95e-01	3.45e-01	2.15e-01	2.06e-01	6.24e-03	5.29e-05
 2.25022e+22	1.99e-22	7.95e-18	1.52e-12	1.68e-08	1.62e-05	1.48e-03	3.56e-02	2.07e-01	3.51e-01	2.10e-01	1.89e-01	5.41e-03	4.31e-05
 2.29987e+22	2.39e-22	1.04e-17	1.89e-12	2.03e-08	1.90e-05	1.68e-03	3.88e-02	2.17e-01	3.55e-01	2.05e-01	1.77e-01	4.81e-03	3.65e-05
 2.34462e+22	2.83e-22	1.31e-17	2.29e-12	2.41e-08	2.20e-05	1.88e-03	4.18e-02	2.25e-01	3.59e-01	2.01e-01	1.67e-01	4.33e-03	3.15e-05
 2.38880e+22	3.33e-22	1.65e-17	2.77e-12	2.84e-08	2.52e-05	2.10e-03	4.49e-02	2.34e-01	3.61e-01	1.97e-01	1.57e-01	3.92e-03	2.74e-05
 2.43897e+22	4.05e-22	2.14e-17	3.42e-12	3.41e-08	2.93e-05	2.36e-03	4.85e-02	2.43e-01	3.64e-01	1.92e-01	1.47e-01	3.50e-03	2.34e-05
 2.49411e+22	4.97e-22	2.84e-17	4.31e-12	4.17e-08	3.46e-05	2.68e-03	5.28e-02	2.53e-01	3.65e-01	1.87e-01	1.36e-01	3.09e-03	1.96e-05
 2.54430e+22	5.97e-22	3.67e-17	5.33e-12	4.99e-08	4.01e-05	3.00e-03	5.68e-02	2.61e-01	3.67e-01	1.82e-01	1.27e-01	2.76e-03	1.68e-05
 2.59091e+22	7.08e-22	4.64e-17	6.46e-12	5.87e-08	4.58e-05	3.32e-03	6.07e-02	2.69e-01	3.67e-01	1.77e-01	1.19e-01	2.49e-03	1.45e-05
 2.64428e+22	8.68e-22	6.01e-17	7.99e-12	7.04e-08	5.30e-05	3.71e-03	6.51e-02	2.78e-01	3.67e-01	1.72e-01	1.11e-01	2.22e-03	1.24e-05
 2.71366e+22	1.13e-21	8.38e-17	1.05e-11	8.86e-08	6.38e-05	4.27e-03	7.12e-02	2.89e-01	3.67e-01	1.65e-01	1.02e-01	1.92e-03	1.01e-05
 2.78361e+22	1.45e-21	1.17e-16	1.39e-11	1.12e-07	7.69e-05	4.91e-03	7.78e-02	3.00e-01	3.65e-01	1.58e-01	9.24e-02	1.65e-03	8.26e-06
 2.83859e+22	1.76e-21	1.53e-16	1.72e-11	1.34e-07	8.87e-05	5.47e-03	8.31e-02	3.07e-01	3.64e-01	1.53e-01	8.57e-02	1.47e-03	7.03e-06
 2.89434e+22	2.16e-21	1.96e-16	2.11e-11	1.59e-07	1.02e-04	6.05e-03	8.85e-02	3.15e-01	3.61e-01	1.48e-01	7.98e-02	1.31e-03	6.03e-06
 2.96682e+22	2.83e-21	2.70e-16	2.75e-11	1.98e-07	1.21e-04	6.87e-03	9.57e-02	3.24e-01	3.58e-01	1.41e-01	7.26e-02	1.13e-03	4.94e-06
 3.04337e+22	3.70e-21	3.79e-16	3.64e-11	2.49e-07	1.45e-04	7.85e-03	1.04e-01	3.34e-01	3.54e-01	1.34e-01	6.56e-02	9.68e-04	4.01e-06
 3.10858e+22	4.65e-21	5.04e-16	4.60e-11	3.02e-07	1.68e-04	8.76e-03	1.11e-01	3.41e-01	3.50e-01	1.28e-01	6.02e-02	8.47e-04	3.35e-06
 3.17673e+22	5.91e-21	6.64e-16	5.78e-11	3.65e-07	1.95e-04	9.74e-03	1.18e-01	3.48e-01	3.45e-01	1.22e-01	5.52e-02	7.44e-04	2.81e-06
 3.26533e+22	8.05e-21	9.46e-16	7.73e-11	4.64e-07	2.34e-04	1.11e-02	1.28e-01	3.57e-01	3.39e-01	1.15e-01	4.94e-02	6.28e-04	2.25e-06
 3.35686e+22	1.09e-20	1.36e-15	1.04e-10	5.93e-07	2.83e-04	1.28e-02	1.39e-01	3.65e-01	3.31e-01	1.08e-01	4.39e-02	5.27e-04	1.78e-06
 3.43206e+22	1.40e-20	1.83e-15	1.33e-10	7.23e-07	3.29e-04	1.42e-02	1.47e-01	3.70e-01	3.25e-01	1.02e-01	3.99e-02	4.56e-04	1.47e-06
 3.50965e+22	1.80e-20	2.42e-15	1.68e-10	8.72e-07	3.80e-04	1.58e-02	1.56e-01	3.76e-01	3.18e-01	9.67e-02	3.63e-02	3.97e-04	1.22e-06
 3.61052e+22	2.49e-20	3.46e-15	2.25e-10	1.11e-06	4.56e-04	1.79e-02	1.68e-01	3.82e-01	3.09e-01	9.00e-02	3.21e-02	3.31e-04	9.62e-07
 3.71766e+22	3.47e-20	5.04e-15	3.07e-10	1.42e-06	5.51e-04	2.05e-02	1.81e-01	3.87e-01	2.99e-01	8.32e-02	2.82e-02	2.73e-04	7.46e-07
 3.81020e+22	4.59e-20	6.94e-15	3.99e-10	1.76e-06	6.46e-04	2.29e-02	1.92e-01	3.90e-01	2.91e-01	7.77e-02	2.51e-02	2.32e-04	6.01e-07
 3.88674e+22	5.70e-20	8.88e-15	4.89e-10	2.07e-06	7.31e-04	2.50e-02	2.02e-01	3.93e-01	2.83e-01	7.34e-02	2.29e-02	2.03e-04	5.06e-07
 3.96525e+22	7.20e-20	1.14e-14	6.00e-10	2.44e-06	8.26e-04	2.72e-02	2.11e-01	3.95e-01	2.76e-01	6.93e-02	2.09e-02	1.78e-04	4.26e-07
 4.06731e+22	9.64e-20	1.55e-14	7.73e-10	2.99e-06	9.62e-04	3.02e-02	2.23e-01	3.97e-01	2.66e-01	6.43e-02	1.86e-02	1.51e-04	3.43e-07
 4.17501e+22	1.30e-19	2.15e-14	1.01e-09	3.71e-06	1.13e-03	3.37e-02	2.36e-01	3.97e-01	2.56e-01	5.94e-02	1.64e-02	1.26e-04	2.72e-07
 4.26568e+22	1.65e-19	2.80e-14	1.26e-09	4.41e-06	1.28e-03	3.68e-02	2.46e-01	3.98e-01	2.48e-01	5.55e-02	1.48e-02	1.08e-04	2.24e-07
 4.35919e+22	2.11e-19	3.63e-14	1.55e-09	5.23e-06	1.45e-03	4.01e-02	2.57e-01	3.97e-01	2.39e-01	5.18e-02	1.33e-02	9.37e-05	1.85e-07
 4.48076e+22	2.89e-19	5.01e-14	2.02e-09	6.45e-06	1.70e-03	4.45e-02	2.70e-01	3.96e-01	2.29e-01	4.75e-02	1.17e-02	7.78e-05	1.46e-07
 4.60669e+22	3.94e-19	7.01e-14	2.66e-09	8.02e-06	1.99e-03	4.95e-02	2.84e-01	3.93e-01	2.17e-01	4.32e-02	1.02e-02	6.40e-05	0.00e+00
 4.70998e+22	5.03e-19	9.14e-14	3.30e-09	9.52e-06	2.26e-03	5.38e-02	2.95e-01	3.91e-01	2.09e-01	4.00e-02	9.09e-03	5.46e-05	0.00e+00
 4.81593e+22	6.46e-19	1.18e-13	4.07e-09	1.12e-05	2.54e-03	5.83e-02	3.06e-01	3.88e-01	2.00e-01	3.71e-02	8.14e-03	4.69e-05	0.00e+00
 4.95365e+22	8.83e-19	1.62e-13	5.28e-09	1.38e-05	2.95e-03	6.43e-02	3.20e-01	3.83e-01	1.89e-01	3.36e-02	7.07e-03	3.86e-05	0.00e+00
 5.09959e+22	1.22e-18	2.27e-13	6.94e-09	1.71e-05	3.45e-03	7.11e-02	3.34e-01	3.77e-01	1.78e-01	3.02e-02	6.07e-03	3.13e-05	0.00e+00
 5.22420e+22	1.58e-18	3.00e-13	8.70e-09	2.04e-05	3.91e-03	7.72e-02	3.45e-01	3.72e-01	1.69e-01	2.76e-02	5.35e-03	2.62e-05	0.00e+00
 5.35420e+22	2.06e-18	3.92e-13	1.08e-08	2.41e-05	4.42e-03	8.35e-02	3.56e-01	3.66e-01	1.60e-01	2.52e-02	4.71e-03	2.21e-05	0.00e+00
 5.52320e+22	2.87e-18	5.46e-13	1.42e-08	2.98e-05	5.13e-03	9.18e-02	3.69e-01	3.58e-01	1.50e-01	2.25e-02	4.02e-03	1.78e-05	0.00e+00
 5.70201e+22	4.03e-18	7.77e-13	1.88e-08	3.72e-05	6.01e-03	1.01e-01	3.83e-01	3.48e-01	1.39e-01	1.98e-02	3.38e-03	1.40e-05	0.00e+00
 5.85446e+22	5.31e-18	1.04e-12	2.38e-08	4.46e-05	6.82e-03	1.10e-01	3.93e-01	3.40e-01	1.30e-01	1.78e-02	2.93e-03	1.15e-05	0.00e+00
 6.01354e+22	7.02e-18	1.37e-12	2.97e-08	5.29e-05	7.70e-03	1.18e-01	4.03e-01	3.31e-01	1.22e-01	1.60e-02	2.54e-03	9.55e-06	0.00e+00
 6.22034e+22	9.85e-18	1.91e-12	3.90e-08	6.52e-05	8.91e-03	1.29e-01	4.14e-01	3.20e-01	1.12e-01	1.40e-02	2.13e-03	7.53e-06	0.00e+00
 6.44346e+22	1.42e-17	2.77e-12	5.25e-08	8.19e-05	1.04e-02	1.42e-01	4.25e-01	3.07e-01	1.02e-01	1.21e-02	1.75e-03	5.78e-06	0.00e+00
 6.63858e+22	1.92e-17	3.78e-12	6.75e-08	9.92e-05	1.19e-02	1.54e-01	4.33e-01	2.95e-01	9.34e-02	1.06e-02	1.47e-03	4.61e-06	0.00e+00
 6.79652e+22	2.38e-17	4.76e-12	8.11e-08	1.14e-04	1.31e-02	1.63e-01	4.39e-01	2.86e-01	8.75e-02	9.63e-03	1.30e-03	3.89e-06	0.00e+00
 6.95533e+22	3.02e-17	5.95e-12	9.71e-08	1.31e-04	1.44e-02	1.72e-01	4.44e-01	2.77e-01	8.20e-02	8.73e-03	1.14e-03	3.28e-06	0.00e+00
 7.16178e+22	3.97e-17	7.78e-12	1.20e-07	1.54e-04	1.61e-02	1.83e-01	4.49e-01	2.67e-01	7.57e-02	7.73e-03	9.77e-04	2.67e-06	0.00e+00
 7.38896e+22	5.37e-17	1.05e-11	1.53e-07	1.85e-04	1.82e-02	1.97e-01	4.54e-01	2.54e-01	6.89e-02	6.73e-03	8.18e-04	2.11e-06	0.00e+00
 7.59338e+22	6.94e-17	1.36e-11	1.88e-07	2.16e-04	2.02e-02	2.09e-01	4.57e-01	2.44e-01	6.34e-02	5.95e-03	7.00e-04	1.72e-06	0.00e+00
 7.80943e+22	8.92e-17	1.74e-11	2.28e-07	2.50e-04	2.23e-02	2.20e-01	4.60e-01	2.33e-01	5.85e-02	5.29e-03	6.03e-04	1.42e-06	0.00e+00
 8.09028e+22	1.22e-16	2.37e-11	2.92e-07	3.00e-04	2.52e-02	2.35e-01	4.61e-01	2.20e-01	5.26e-02	4.54e-03	4.98e-04	1.10e-06	0.00e+00
 8.37407e+22	1.68e-16	3.26e-11	3.76e-07	3.62e-04	2.85e-02	2.51e-01	4.62e-01	2.07e-01	4.70e-02	3.86e-03	4.07e-04	8.47e-07	0.00e+00
 8.59423e+22	2.10e-16	4.09e-11	4.51e-07	4.15e-04	3.11e-02	2.63e-01	4.61e-01	1.97e-01	4.32e-02	3.42e-03	3.50e-04	6.98e-07	0.00e+00
 8.81299e+22	2.61e-16	5.02e-11	5.30e-07	4.68e-04	3.37e-02	2.73e-01	4.60e-01	1.89e-01	4.00e-02	3.07e-03	3.06e-04	5.86e-07	0.00e+00
 9.09739e+22	3.38e-16	6.43e-11	6.44e-07	5.40e-04	3.70e-02	2.87e-01	4.58e-01	1.79e-01	3.63e-02	2.68e-03	2.59e-04	4.72e-07	0.00e+00
 9.44947e+22	4.59e-16	8.71e-11	8.17e-07	6.44e-04	4.14e-02	3.03e-01	4.54e-01	1.66e-01	3.22e-02	2.27e-03	2.11e-04	3.62e-07	0.00e+00
 9.80084e+22	6.25e-16	1.18e-10	1.04e-06	7.66e-04	4.62e-02	3.19e-01	4.49e-01	1.55e-01	2.84e-02	1.91e-03	1.71e-04	2.77e-07	0.00e+00
 1.00957e+23	7.90e-16	1.49e-10	1.25e-06	8.77e-04	5.03e-02	3.32e-01	4.44e-01	1.45e-01	2.57e-02	1.66e-03	1.45e-04	2.23e-07	0.00e+00
 1.04057e+23	9.95e-16	1.86e-10	1.48e-06	9.94e-04	5.44e-02	3.44e-01	4.38e-01	1.37e-01	2.33e-02	1.46e-03	1.24e-04	1.82e-07	0.00e+00
 1.07988e+23	1.30e-15	2.41e-10	1.82e-06	1.15e-03	5.97e-02	3.59e-01	4.31e-01	1.28e-01	2.08e-02	1.24e-03	1.02e-04	1.43e-07	0.00e+00
 1.12332e+23	1.75e-15	3.20e-10	2.27e-06	1.35e-03	6.59e-02	3.74e-01	4.22e-01	1.17e-01	1.82e-02	1.04e-03	8.29e-05	0.00e+00	0.00e+00
 1.16460e+23	2.28e-15	4.16e-10	2.78e-06	1.57e-03	7.21e-02	3.88e-01	4.13e-01	1.09e-01	1.61e-02	8.83e-04	6.81e-05	0.00e+00	0.00e+00
 1.20851e+23	2.92e-15	5.28e-10	3.35e-06	1.79e-03	7.81e-02	4.01e-01	4.04e-01	1.01e-01	1.43e-02	7.57e-04	5.67e-05	0.00e+00	0.00e+00
 1.25809e+23	3.83e-15	6.88e-10	4.11e-06	2.07e-03	8.52e-02	4.14e-01	3.93e-01	9.25e-02	1.26e-02	6.36e-04	4.62e-05	0.00e+00	0.00e+00
 1.30965e+23	4.96e-15	8.88e-10	5.01e-06	2.39e-03	9.26e-02	4.27e-01	3.82e-01	8.49e-02	1.10e-02	5.36e-04	3.77e-05	0.00e+00	0.00e+00
 1.36327e+23	6.38e-15	1.14e-09	6.06e-06	2.73e-03	1.00e-01	4.39e-01	3.70e-01	7.80e-02	9.69e-03	4.53e-04	3.10e-05	0.00e+00	0.00e+00
 1.41903e+23	8.12e-15	1.44e-09	7.27e-06	3.11e-03	1.08e-01	4.49e-01	3.59e-01	7.16e-02	8.53e-03	3.84e-04	2.55e-05	0.00e+00	0.00e+00
 1.47703e+23	1.02e-14	1.81e-09	8.67e-06	3.52e-03	1.16e-01	4.59e-01	3.47e-01	6.58e-02	7.53e-03	3.27e-04	2.12e-05	0.00e+00	0.00e+00
 1.53734e+23	1.27e-14	2.25e-09	1.03e-05	3.96e-03	1.24e-01	4.68e-01	3.36e-01	6.06e-02	6.67e-03	2.80e-04	1.76e-05	0.00e+00	0.00e+00
 1.60007e+23	1.56e-14	2.77e-09	1.20e-05	4.43e-03	1.32e-01	4.77e-01	3.25e-01	5.58e-02	5.92e-03	2.40e-04	1.48e-05	0.00e+00	0.00e+00
 1.66531e+23	1.89e-14	3.39e-09	1.40e-05	4.92e-03	1.40e-01	4.84e-01	3.14e-01	5.15e-02	5.27e-03	2.07e-04	1.25e-05	0.00e+00	0.00e+00
 1.73315e+23	2.28e-14	4.10e-09	1.62e-05	5.45e-03	1.48e-01	4.90e-01	3.04e-01	4.77e-02	4.71e-03	1.80e-04	1.06e-05	0.00e+00	0.00e+00
 1.80371e+23	2.71e-14	4.91e-09	1.86e-05	5.99e-03	1.56e-01	4.96e-01	2.94e-01	4.42e-02	4.23e-03	1.57e-04	9.04e-06	0.00e+00	0.00e+00
 1.87710e+23	3.18e-14	5.83e-09	2.12e-05	6.56e-03	1.64e-01	5.00e-01	2.84e-01	4.11e-02	3.81e-03	1.38e-04	7.78e-06	0.00e+00	0.00e+00
 1.95341e+23	3.67e-14	6.84e-09	2.40e-05	7.13e-03	1.71e-01	5.04e-01	2.76e-01	3.83e-02	3.45e-03	1.22e-04	6.75e-06	0.00e+00	0.00e+00
 2.03278e+23	4.20e-14	7.97e-09	2.70e-05	7.72e-03	1.78e-01	5.08e-01	2.67e-01	3.58e-02	3.14e-03	1.08e-04	5.90e-06	0.00e+00	0.00e+00
 2.11533e+23	4.75e-14	9.19e-09	3.00e-05	8.32e-03	1.85e-01	5.11e-01	2.59e-01	3.35e-02	2.87e-03	9.70e-05	5.19e-06	0.00e+00	0.00e+00
 2.20118e+23	5.29e-14	1.05e-08	3.32e-05	8.91e-03	1.92e-01	5.13e-01	2.52e-01	3.16e-02	2.64e-03	8.74e-05	4.61e-06	0.00e+00	0.00e+00
 2.28544e+23	5.81e-14	1.18e-08	3.64e-05	9.49e-03	1.98e-01	5.15e-01	2.45e-01	2.98e-02	2.44e-03	7.95e-05	4.13e-06	0.00e+00	0.00e+00
 2.36238e+23	6.32e-14	1.32e-08	3.95e-05	1.00e-02	2.04e-01	5.17e-01	2.39e-01	2.84e-02	2.28e-03	7.31e-05	3.75e-06	0.00e+00	0.00e+00
 2.43162e+23	6.70e-14	1.43e-08	4.20e-05	1.05e-02	2.08e-01	5.18e-01	2.34e-01	2.73e-02	2.16e-03	6.84e-05	3.48e-06	0.00e+00	0.00e+00
 2.49394e+23	6.95e-14	1.53e-08	4.43e-05	1.08e-02	2.12e-01	5.18e-01	2.31e-01	2.64e-02	2.07e-03	6.48e-05	3.27e-06	0.00e+00	0.00e+00
 2.55003e+23	7.20e-14	1.62e-08	4.62e-05	1.12e-02	2.15e-01	5.19e-01	2.27e-01	2.57e-02	1.99e-03	6.19e-05	3.11e-06	0.00e+00	0.00e+00
 2.60051e+23	7.41e-14	1.71e-08	4.80e-05	1.14e-02	2.18e-01	5.19e-01	2.25e-01	2.51e-02	1.93e-03	5.95e-05	2.97e-06	0.00e+00	0.00e+00
 2.64594e+23	7.59e-14	1.78e-08	4.95e-05	1.17e-02	2.20e-01	5.19e-01	2.22e-01	2.46e-02	1.88e-03	5.76e-05	2.86e-06	0.00e+00	0.00e+00
 2.68682e+23	7.64e-14	1.83e-08	5.06e-05	1.19e-02	2.22e-01	5.20e-01	2.21e-01	2.42e-02	1.84e-03	5.63e-05	2.79e-06	0.00e+00	0.00e+00
 2.72362e+23	7.65e-14	1.87e-08	5.15e-05	1.20e-02	2.23e-01	5.20e-01	2.19e-01	2.40e-02	1.81e-03	5.52e-05	2.73e-06	0.00e+00	0.00e+00
 2.75674e+23	7.69e-14	1.92e-08	5.24e-05	1.22e-02	2.24e-01	5.20e-01	2.18e-01	2.37e-02	1.79e-03	5.42e-05	2.67e-06	0.00e+00	0.00e+00
 2.78771e+23	7.72e-14	1.96e-08	5.32e-05	1.23e-02	2.25e-01	5.20e-01	2.17e-01	2.35e-02	1.76e-03	5.34e-05	2.63e-06	0.00e+00	0.00e+00
 2.81825e+23	7.74e-14	1.99e-08	5.39e-05	1.24e-02	2.26e-01	5.20e-01	2.16e-01	2.33e-02	1.74e-03	5.26e-05	2.58e-06	0.00e+00	0.00e+00
 2.84880e+23	7.77e-14	2.03e-08	5.47e-05	1.25e-02	2.27e-01	5.20e-01	2.15e-01	2.31e-02	1.72e-03	5.19e-05	2.54e-06	0.00e+00	0.00e+00
 2.87935e+23	7.70e-14	2.05e-08	5.52e-05	1.26e-02	2.28e-01	5.20e-01	2.14e-01	2.29e-02	1.71e-03	5.14e-05	2.52e-06	0.00e+00	0.00e+00
 2.90990e+23	7.62e-14	2.07e-08	5.56e-05	1.27e-02	2.29e-01	5.20e-01	2.14e-01	2.28e-02	1.70e-03	5.10e-05	2.49e-06	0.00e+00	0.00e+00
 2.94045e+23	7.50e-14	2.09e-08	5.60e-05	1.27e-02	2.29e-01	5.20e-01	2.13e-01	2.27e-02	1.69e-03	5.06e-05	2.48e-06	0.00e+00	0.00e+00
 2.97099e+23	7.37e-14	2.11e-08	5.63e-05	1.28e-02	2.30e-01	5.20e-01	2.13e-01	2.26e-02	1.68e-03	5.04e-05	2.46e-06	0.00e+00	0.00e+00
 3.00154e+23	7.24e-14	2.12e-08	5.66e-05	1.28e-02	2.30e-01	5.20e-01	2.12e-01	2.25e-02	1.67e-03	5.01e-05	2.45e-06	0.00e+00	0.00e+00
 3.03209e+23	7.11e-14	2.14e-08	5.69e-05	1.29e-02	2.31e-01	5.20e-01	2.12e-01	2.24e-02	1.66e-03	4.98e-05	2.43e-06	0.00e+00	0.00e+00
 3.05109e+23	7.17e-14	2.18e-08	5.78e-05	1.30e-02	2.32e-01	5.20e-01	2.11e-01	2.22e-02	1.64e-03	4.90e-05	2.38e-06	0.00e+00	0.00e+00
