#depth	O	O+	O+2	O+3	O+4	O+5	O+6	O+7	O+8	O[1]	O[2]	O[3]
 6.17135e+19	0.00e+00	1.31e-27	1.40e-21	1.06e-16	1.48e-12	6.38e-09	9.01e-05	2.18e-02	9.78e-01	0.00e+00	0.00e+00	0.00e+00
 1.87609e+20	0.00e+00	2.79e-27	2.66e-21	1.81e-16	2.24e-12	8.60e-09	1.10e-04	2.41e-02	9.76e-01	0.00e+00	0.00e+00	0.00e+00
 3.09898e+20	0.00e+00	5.68e-27	4.86e-21	2.97e-16	3.31e-12	1.14e-08	1.33e-04	2.64e-02	9.73e-01	0.00e+00	0.00e+00	0.00e+00
 4.23562e+20	0.00e+00	1.08e-26	8.38e-21	4.66e-16	4.70e-12	1.47e-08	1.57e-04	2.87e-02	9.71e-01	0.00e+00	0.00e+00	0.00e+00
 4.98953e+20	0.00e+00	1.64e-26	1.20e-20	6.25e-16	5.92e-12	1.73e-08	1.75e-04	3.03e-02	9.70e-01	0.00e+00	0.00e+00	0.00e+00
 5.30914e+20	0.00e+00	1.97e-26	1.39e-20	7.10e-16	6.54e-12	1.86e-08	1.84e-04	3.10e-02	9.69e-01	0.00e+00	0.00e+00	0.00e+00
 5.58805e+20	0.00e+00	2.27e-26	1.58e-20	7.85e-16	7.08e-12	1.97e-08	1.91e-04	3.16e-02	9.68e-01	0.00e+00	0.00e+00	0.00e+00
 5.95064e+20	0.00e+00	2.75e-26	1.86e-20	8.99e-16	7.87e-12	2.13e-08	2.01e-04	3.23e-02	9.67e-01	0.00e+00	0.00e+00	0.00e+00
 6.42200e+20	0.00e+00	3.55e-26	2.30e-20	1.07e-15	9.04e-12	2.36e-08	2.15e-04	3.34e-02	9.66e-01	0.00e+00	0.00e+00	0.00e+00
 6.93210e+20	2.71e-33	4.64e-26	2.90e-20	1.30e-15	1.05e-11	2.62e-08	2.31e-04	3.46e-02	9.65e-01	0.00e+00	0.00e+00	0.00e+00
 7.38660e+20	3.58e-33	5.91e-26	3.56e-20	1.54e-15	1.20e-11	2.89e-08	2.46e-04	3.57e-02	9.64e-01	0.00e+00	0.00e+00	0.00e+00
 7.80649e+20	4.58e-33	7.33e-26	4.27e-20	1.79e-15	1.35e-11	3.15e-08	2.60e-04	3.67e-02	9.63e-01	0.00e+00	0.00e+00	0.00e+00
 8.28735e+20	6.11e-33	9.40e-26	5.27e-20	2.13e-15	1.55e-11	3.47e-08	2.77e-04	3.79e-02	9.62e-01	0.00e+00	0.00e+00	0.00e+00
 8.82606e+20	8.39e-33	1.24e-25	6.66e-20	2.59e-15	1.80e-11	3.87e-08	2.98e-04	3.92e-02	9.60e-01	0.00e+00	0.00e+00	0.00e+00
 9.29082e+20	1.10e-32	1.57e-25	8.14e-20	3.05e-15	2.05e-11	4.26e-08	3.17e-04	4.04e-02	9.59e-01	0.00e+00	0.00e+00	0.00e+00
 9.66489e+20	1.37e-32	1.89e-25	9.55e-20	3.48e-15	2.27e-11	4.59e-08	3.33e-04	4.14e-02	9.58e-01	0.00e+00	0.00e+00	0.00e+00
 1.00702e+21	1.74e-32	2.32e-25	1.14e-19	4.03e-15	2.55e-11	4.98e-08	3.51e-04	4.25e-02	9.57e-01	0.00e+00	0.00e+00	0.00e+00
 1.05970e+21	2.35e-32	3.02e-25	1.42e-19	4.84e-15	2.94e-11	5.52e-08	3.76e-04	4.39e-02	9.56e-01	0.00e+00	0.00e+00	0.00e+00
 1.11398e+21	3.20e-32	3.95e-25	1.79e-19	5.85e-15	3.41e-11	6.15e-08	4.03e-04	4.54e-02	9.54e-01	0.00e+00	0.00e+00	0.00e+00
 1.15826e+21	4.12e-32	4.92e-25	2.15e-19	6.82e-15	3.85e-11	6.70e-08	4.27e-04	4.67e-02	9.53e-01	0.00e+00	0.00e+00	0.00e+00
 1.20374e+21	5.33e-32	6.15e-25	2.60e-19	7.98e-15	4.36e-11	7.32e-08	4.52e-04	4.80e-02	9.52e-01	0.00e+00	0.00e+00	0.00e+00
 1.26287e+21	7.44e-32	8.20e-25	3.32e-19	9.78e-15	5.11e-11	8.21e-08	4.87e-04	4.98e-02	9.50e-01	0.00e+00	0.00e+00	0.00e+00
 1.31934e+21	1.02e-31	1.08e-24	4.19e-19	1.19e-14	5.94e-11	9.16e-08	5.23e-04	5.15e-02	9.48e-01	0.00e+00	0.00e+00	0.00e+00
 1.35944e+21	1.28e-31	1.31e-24	4.95e-19	1.36e-14	6.62e-11	9.89e-08	5.50e-04	5.28e-02	9.47e-01	0.00e+00	0.00e+00	0.00e+00
 1.39866e+21	1.59e-31	1.58e-24	5.81e-19	1.55e-14	7.34e-11	1.07e-07	5.78e-04	5.41e-02	9.45e-01	0.00e+00	0.00e+00	0.00e+00
 1.44965e+21	2.11e-31	2.02e-24	7.15e-19	1.85e-14	8.40e-11	1.17e-07	6.15e-04	5.57e-02	9.44e-01	0.00e+00	0.00e+00	0.00e+00
 1.50393e+21	2.85e-31	2.62e-24	8.92e-19	2.22e-14	9.70e-11	1.30e-07	6.58e-04	5.76e-02	9.42e-01	0.00e+00	0.00e+00	0.00e+00
 1.55064e+21	3.68e-31	3.28e-24	1.08e-18	2.59e-14	1.10e-10	1.42e-07	6.97e-04	5.92e-02	9.40e-01	0.00e+00	0.00e+00	0.00e+00
 1.59955e+21	4.81e-31	4.13e-24	1.31e-18	3.06e-14	1.25e-10	1.56e-07	7.40e-04	6.09e-02	9.38e-01	0.00e+00	0.00e+00	0.00e+00
 1.65402e+21	6.49e-31	5.35e-24	1.63e-18	3.67e-14	1.44e-10	1.73e-07	7.90e-04	6.29e-02	9.36e-01	0.00e+00	0.00e+00	0.00e+00
 1.70429e+21	8.54e-31	6.79e-24	2.00e-18	4.34e-14	1.64e-10	1.90e-07	8.40e-04	6.47e-02	9.34e-01	0.00e+00	0.00e+00	0.00e+00
 1.74862e+21	1.09e-30	8.37e-24	2.39e-18	5.03e-14	1.84e-10	2.06e-07	8.87e-04	6.64e-02	9.33e-01	0.00e+00	0.00e+00	0.00e+00
 1.79664e+21	1.41e-30	1.05e-23	2.90e-18	5.89e-14	2.09e-10	2.25e-07	9.40e-04	6.83e-02	9.31e-01	0.00e+00	0.00e+00	0.00e+00
 1.85046e+21	1.89e-30	1.35e-23	3.59e-18	7.05e-14	2.40e-10	2.49e-07	1.00e-03	7.04e-02	9.29e-01	0.00e+00	0.00e+00	0.00e+00
 1.89956e+21	2.47e-30	1.70e-23	4.37e-18	8.29e-14	2.73e-10	2.73e-07	1.06e-03	7.24e-02	9.26e-01	0.00e+00	0.00e+00	0.00e+00
 1.94316e+21	3.12e-30	2.09e-23	5.20e-18	9.58e-14	3.05e-10	2.96e-07	1.12e-03	7.43e-02	9.25e-01	0.00e+00	0.00e+00	0.00e+00
 1.99188e+21	4.06e-30	2.62e-23	6.31e-18	1.13e-13	3.46e-10	3.24e-07	1.19e-03	7.64e-02	9.22e-01	0.00e+00	0.00e+00	0.00e+00
 2.04662e+21	5.46e-30	3.38e-23	7.84e-18	1.35e-13	3.99e-10	3.58e-07	1.27e-03	7.88e-02	9.20e-01	0.00e+00	0.00e+00	0.00e+00
 2.09786e+21	7.20e-30	4.29e-23	9.61e-18	1.60e-13	4.56e-10	3.94e-07	1.35e-03	8.11e-02	9.18e-01	0.00e+00	0.00e+00	0.00e+00
 2.14471e+21	9.26e-30	5.34e-23	1.16e-17	1.86e-13	5.14e-10	4.29e-07	1.43e-03	8.32e-02	9.15e-01	0.00e+00	0.00e+00	0.00e+00
 2.19714e+21	1.23e-29	6.80e-23	1.42e-17	2.21e-13	5.89e-10	4.73e-07	1.52e-03	8.57e-02	9.13e-01	0.00e+00	0.00e+00	0.00e+00
 2.25501e+21	1.67e-29	8.89e-23	1.79e-17	2.68e-13	6.83e-10	5.26e-07	1.62e-03	8.85e-02	9.10e-01	0.00e+00	0.00e+00	0.00e+00
 2.30767e+21	2.21e-29	1.13e-22	2.20e-17	3.18e-13	7.83e-10	5.79e-07	1.73e-03	9.12e-02	9.07e-01	0.00e+00	0.00e+00	0.00e+00
 2.35596e+21	2.86e-29	1.42e-22	2.66e-17	3.73e-13	8.86e-10	6.33e-07	1.83e-03	9.36e-02	9.05e-01	0.00e+00	0.00e+00	0.00e+00
 2.41084e+21	3.82e-29	1.82e-22	3.29e-17	4.46e-13	1.02e-09	7.00e-07	1.95e-03	9.65e-02	9.02e-01	0.00e+00	0.00e+00	0.00e+00
 2.47193e+21	5.28e-29	2.40e-22	4.17e-17	5.43e-13	1.19e-09	7.82e-07	2.09e-03	9.98e-02	8.98e-01	0.00e+00	0.00e+00	0.00e+00
 2.52838e+21	7.09e-29	3.10e-22	5.18e-17	6.52e-13	1.37e-09	8.66e-07	2.24e-03	1.03e-01	8.95e-01	0.00e+00	0.00e+00	0.00e+00
 2.58001e+21	9.27e-29	3.91e-22	6.32e-17	7.69e-13	1.57e-09	9.50e-07	2.37e-03	1.06e-01	8.92e-01	0.00e+00	0.00e+00	0.00e+00
 2.63806e+21	1.25e-28	5.07e-22	7.88e-17	9.25e-13	1.81e-09	1.05e-06	2.54e-03	1.09e-01	8.88e-01	0.00e+00	0.00e+00	0.00e+00
 2.70358e+21	1.75e-28	6.77e-22	1.01e-16	1.14e-12	2.13e-09	1.18e-06	2.73e-03	1.13e-01	8.84e-01	0.00e+00	0.00e+00	0.00e+00
 2.76559e+21	2.39e-28	8.87e-22	1.27e-16	1.38e-12	2.49e-09	1.32e-06	2.93e-03	1.17e-01	8.80e-01	0.00e+00	0.00e+00	0.00e+00
 2.82036e+21	3.14e-28	1.12e-21	1.56e-16	1.64e-12	2.84e-09	1.45e-06	3.12e-03	1.20e-01	8.77e-01	0.00e+00	0.00e+00	0.00e+00
 2.87123e+21	4.03e-28	1.40e-21	1.87e-16	1.91e-12	3.22e-09	1.59e-06	3.30e-03	1.23e-01	8.74e-01	0.00e+00	0.00e+00	0.00e+00
 2.92965e+21	5.35e-28	1.78e-21	2.31e-16	2.28e-12	3.70e-09	1.75e-06	3.51e-03	1.27e-01	8.70e-01	0.00e+00	0.00e+00	0.00e+00
 2.99481e+21	7.30e-28	2.33e-21	2.91e-16	2.77e-12	4.32e-09	1.96e-06	3.77e-03	1.31e-01	8.65e-01	0.00e+00	0.00e+00	0.00e+00
 3.05535e+21	9.70e-28	2.99e-21	3.59e-16	3.31e-12	4.97e-09	2.17e-06	4.02e-03	1.35e-01	8.61e-01	0.00e+00	0.00e+00	0.00e+00
 3.11171e+21	1.26e-27	3.74e-21	4.36e-16	3.90e-12	5.66e-09	2.38e-06	4.26e-03	1.39e-01	8.57e-01	0.00e+00	0.00e+00	0.00e+00
 3.17602e+21	1.68e-27	4.81e-21	5.40e-16	4.68e-12	6.54e-09	2.64e-06	4.55e-03	1.43e-01	8.53e-01	0.00e+00	0.00e+00	0.00e+00
 3.24791e+21	2.31e-27	6.34e-21	6.85e-16	5.71e-12	7.67e-09	2.95e-06	4.90e-03	1.48e-01	8.48e-01	0.00e+00	0.00e+00	0.00e+00
 3.31514e+21	3.09e-27	8.15e-21	8.50e-16	6.86e-12	8.88e-09	3.28e-06	5.23e-03	1.52e-01	8.43e-01	0.00e+00	0.00e+00	0.00e+00
 3.37827e+21	4.04e-27	1.03e-20	1.04e-15	8.12e-12	1.02e-08	3.61e-06	5.56e-03	1.56e-01	8.38e-01	0.00e+00	0.00e+00	0.00e+00
 3.45061e+21	5.44e-27	1.33e-20	1.30e-15	9.80e-12	1.18e-08	4.02e-06	5.96e-03	1.61e-01	8.33e-01	0.00e+00	0.00e+00	0.00e+00
 3.53145e+21	7.52e-27	1.76e-20	1.65e-15	1.20e-11	1.39e-08	4.53e-06	6.42e-03	1.67e-01	8.27e-01	0.00e+00	0.00e+00	0.00e+00
 3.60704e+21	1.01e-26	2.28e-20	2.06e-15	1.45e-11	1.62e-08	5.05e-06	6.88e-03	1.72e-01	8.21e-01	0.00e+00	0.00e+00	0.00e+00
 3.67808e+21	1.33e-26	2.88e-20	2.52e-15	1.73e-11	1.86e-08	5.57e-06	7.32e-03	1.77e-01	8.16e-01	0.00e+00	0.00e+00	0.00e+00
 3.75950e+21	1.79e-26	3.75e-20	3.16e-15	2.09e-11	2.17e-08	6.23e-06	7.86e-03	1.82e-01	8.10e-01	0.00e+00	0.00e+00	0.00e+00
 3.84628e+21	2.45e-26	4.92e-20	4.00e-15	2.55e-11	2.54e-08	6.99e-06	8.45e-03	1.88e-01	8.03e-01	0.00e+00	0.00e+00	0.00e+00
 3.91960e+21	3.18e-26	6.16e-20	4.86e-15	3.01e-11	2.90e-08	7.70e-06	8.98e-03	1.93e-01	7.98e-01	0.00e+00	0.00e+00	0.00e+00
 3.98450e+21	3.97e-26	7.47e-20	5.74e-15	3.47e-11	3.26e-08	8.36e-06	9.46e-03	1.98e-01	7.93e-01	0.00e+00	0.00e+00	0.00e+00
 4.05885e+21	5.09e-26	9.28e-20	6.92e-15	4.07e-11	3.70e-08	9.18e-06	1.00e-02	2.03e-01	7.87e-01	0.00e+00	0.00e+00	0.00e+00
 4.15552e+21	6.98e-26	1.22e-19	8.78e-15	4.98e-11	4.36e-08	1.03e-05	1.08e-02	2.09e-01	7.80e-01	0.00e+00	0.00e+00	0.00e+00
 4.25416e+21	9.55e-26	1.60e-19	1.11e-14	6.10e-11	5.13e-08	1.16e-05	1.16e-02	2.16e-01	7.72e-01	0.00e+00	0.00e+00	0.00e+00
 4.33401e+21	1.22e-25	1.99e-19	1.34e-14	7.15e-11	5.83e-08	1.27e-05	1.23e-02	2.22e-01	7.66e-01	0.00e+00	0.00e+00	0.00e+00
 4.41645e+21	1.57e-25	2.47e-19	1.61e-14	8.38e-11	6.64e-08	1.40e-05	1.31e-02	2.27e-01	7.60e-01	0.00e+00	0.00e+00	0.00e+00
 4.52362e+21	2.14e-25	3.24e-19	2.04e-14	1.03e-10	7.82e-08	1.58e-05	1.41e-02	2.34e-01	7.51e-01	0.00e+00	0.00e+00	0.00e+00
 4.63449e+21	2.94e-25	4.27e-19	2.59e-14	1.26e-10	9.22e-08	1.78e-05	1.52e-02	2.42e-01	7.43e-01	0.00e+00	0.00e+00	0.00e+00
 4.72059e+21	3.75e-25	5.28e-19	3.12e-14	1.47e-10	1.05e-07	1.95e-05	1.61e-02	2.48e-01	7.36e-01	0.00e+00	0.00e+00	0.00e+00
 4.79061e+21	4.52e-25	6.21e-19	3.59e-14	1.66e-10	1.15e-07	2.09e-05	1.68e-02	2.52e-01	7.31e-01	0.00e+00	0.00e+00	0.00e+00
 4.86932e+21	5.55e-25	7.43e-19	4.20e-14	1.90e-10	1.29e-07	2.26e-05	1.76e-02	2.57e-01	7.25e-01	0.00e+00	0.00e+00	0.00e+00
 4.97164e+21	7.23e-25	9.36e-19	5.13e-14	2.25e-10	1.48e-07	2.50e-05	1.88e-02	2.64e-01	7.17e-01	0.00e+00	0.00e+00	0.00e+00
 5.08090e+21	9.52e-25	1.19e-18	6.32e-14	2.69e-10	1.71e-07	2.78e-05	2.00e-02	2.71e-01	7.09e-01	0.00e+00	0.00e+00	0.00e+00
 5.17635e+21	1.20e-24	1.46e-18	7.54e-14	3.13e-10	1.93e-07	3.04e-05	2.12e-02	2.77e-01	7.01e-01	0.00e+00	0.00e+00	0.00e+00
 5.27760e+21	1.53e-24	1.80e-18	9.06e-14	3.66e-10	2.19e-07	3.33e-05	2.24e-02	2.84e-01	6.94e-01	0.00e+00	0.00e+00	0.00e+00
 5.40923e+21	2.07e-24	2.35e-18	1.14e-13	4.44e-10	2.57e-07	3.74e-05	2.41e-02	2.92e-01	6.84e-01	0.00e+00	0.00e+00	0.00e+00
 5.54294e+21	2.82e-24	3.06e-18	1.44e-13	5.42e-10	3.02e-07	4.20e-05	2.59e-02	3.00e-01	6.74e-01	0.00e+00	0.00e+00	0.00e+00
 5.64950e+21	3.56e-24	3.76e-18	1.71e-13	6.30e-10	3.41e-07	4.59e-05	2.73e-02	3.07e-01	6.66e-01	0.00e+00	0.00e+00	0.00e+00
 5.75821e+21	4.49e-24	4.60e-18	2.04e-13	7.32e-10	3.85e-07	5.02e-05	2.88e-02	3.13e-01	6.58e-01	0.00e+00	0.00e+00	0.00e+00
 5.87950e+21	5.78e-24	5.74e-18	2.48e-13	8.62e-10	4.40e-07	5.52e-05	3.06e-02	3.20e-01	6.49e-01	0.00e+00	0.00e+00	0.00e+00
 5.99301e+21	7.30e-24	7.03e-18	2.95e-13	1.00e-09	4.97e-07	6.03e-05	3.23e-02	3.27e-01	6.41e-01	0.00e+00	0.00e+00	0.00e+00
 6.11644e+21	9.32e-24	8.71e-18	3.55e-13	1.17e-09	5.65e-07	6.62e-05	3.42e-02	3.34e-01	6.32e-01	0.00e+00	0.00e+00	0.00e+00
 6.25315e+21	1.21e-23	1.10e-17	4.34e-13	1.39e-09	6.49e-07	7.32e-05	3.63e-02	3.41e-01	6.22e-01	0.00e+00	0.00e+00	0.00e+00
 6.38002e+21	1.54e-23	1.35e-17	5.21e-13	1.62e-09	7.36e-07	8.02e-05	3.84e-02	3.48e-01	6.13e-01	0.00e+00	0.00e+00	0.00e+00
 6.51782e+21	1.99e-23	1.69e-17	6.31e-13	1.91e-09	8.39e-07	8.82e-05	4.06e-02	3.56e-01	6.04e-01	0.00e+00	0.00e+00	0.00e+00
 6.67209e+21	2.62e-23	2.15e-17	7.78e-13	2.28e-09	9.70e-07	9.79e-05	4.33e-02	3.64e-01	5.93e-01	0.00e+00	0.00e+00	0.00e+00
 6.81799e+21	3.39e-23	2.69e-17	9.44e-13	2.69e-09	1.11e-06	1.08e-04	4.58e-02	3.71e-01	5.83e-01	0.00e+00	0.00e+00	0.00e+00
 6.97787e+21	4.42e-23	3.39e-17	1.15e-12	3.19e-09	1.27e-06	1.19e-04	4.86e-02	3.79e-01	5.72e-01	0.00e+00	0.00e+00	0.00e+00
 7.15825e+21	5.99e-23	4.42e-17	1.45e-12	3.88e-09	1.49e-06	1.33e-04	5.21e-02	3.88e-01	5.60e-01	0.00e+00	0.00e+00	0.00e+00
 7.31793e+21	7.76e-23	5.53e-17	1.77e-12	4.57e-09	1.70e-06	1.47e-04	5.51e-02	3.95e-01	5.50e-01	0.00e+00	0.00e+00	0.00e+00
 7.45306e+21	9.60e-23	6.66e-17	2.07e-12	5.24e-09	1.90e-06	1.59e-04	5.78e-02	4.01e-01	5.41e-01	0.00e+00	0.00e+00	0.00e+00
 7.60363e+21	1.21e-22	8.17e-17	2.47e-12	6.08e-09	2.14e-06	1.73e-04	6.08e-02	4.08e-01	5.31e-01	0.00e+00	0.00e+00	0.00e+00
 7.79938e+21	1.62e-22	1.05e-16	3.07e-12	7.30e-09	2.48e-06	1.93e-04	6.47e-02	4.16e-01	5.19e-01	0.00e+00	0.00e+00	0.00e+00
 8.00703e+21	2.21e-22	1.38e-16	3.88e-12	8.90e-09	2.91e-06	2.16e-04	6.92e-02	4.24e-01	5.06e-01	0.00e+00	0.00e+00	0.00e+00
 8.17833e+21	2.82e-22	1.71e-16	4.67e-12	1.04e-08	3.30e-06	2.37e-04	7.30e-02	4.31e-01	4.96e-01	0.00e+00	0.00e+00	0.00e+00
 8.32600e+21	3.47e-22	2.04e-16	5.46e-12	1.19e-08	3.66e-06	2.55e-04	7.62e-02	4.37e-01	4.87e-01	0.00e+00	0.00e+00	0.00e+00
 8.49475e+21	4.38e-22	2.50e-16	6.50e-12	1.38e-08	4.12e-06	2.78e-04	8.01e-02	4.43e-01	4.77e-01	0.00e+00	0.00e+00	0.00e+00
 8.71413e+21	5.85e-22	3.22e-16	8.09e-12	1.65e-08	4.77e-06	3.08e-04	8.51e-02	4.50e-01	4.64e-01	0.00e+00	0.00e+00	0.00e+00
 8.94164e+21	7.91e-22	4.19e-16	1.02e-11	2.00e-08	5.58e-06	3.45e-04	9.06e-02	4.58e-01	4.51e-01	0.00e+00	0.00e+00	0.00e+00
 9.12898e+21	1.01e-21	5.16e-16	1.22e-11	2.33e-08	6.30e-06	3.76e-04	9.52e-02	4.64e-01	4.40e-01	0.00e+00	0.00e+00	0.00e+00
 9.32181e+21	1.28e-21	6.37e-16	1.46e-11	2.72e-08	7.12e-06	4.10e-04	1.00e-01	4.70e-01	4.30e-01	0.00e+00	0.00e+00	0.00e+00
 9.57248e+21	1.73e-21	8.28e-16	1.83e-11	3.28e-08	8.29e-06	4.57e-04	1.06e-01	4.77e-01	4.16e-01	0.00e+00	0.00e+00	0.00e+00
 9.83157e+21	2.37e-21	1.09e-15	2.31e-11	4.01e-08	9.73e-06	5.12e-04	1.13e-01	4.84e-01	4.02e-01	0.00e+00	0.00e+00	0.00e+00
 1.00439e+22	3.03e-21	1.35e-15	2.79e-11	4.69e-08	1.10e-05	5.60e-04	1.19e-01	4.89e-01	3.91e-01	0.00e+00	0.00e+00	0.00e+00
 1.02623e+22	3.88e-21	1.67e-15	3.36e-11	5.48e-08	1.25e-05	6.12e-04	1.25e-01	4.94e-01	3.80e-01	0.00e+00	0.00e+00	0.00e+00
 1.04975e+22	5.04e-21	2.10e-15	4.09e-11	6.47e-08	1.43e-05	6.72e-04	1.32e-01	4.99e-01	3.69e-01	0.00e+00	0.00e+00	0.00e+00
 1.07052e+22	6.31e-21	2.56e-15	4.84e-11	7.47e-08	1.60e-05	7.29e-04	1.38e-01	5.03e-01	3.59e-01	0.00e+00	0.00e+00	0.00e+00
 1.08966e+22	7.73e-21	3.05e-15	5.64e-11	8.50e-08	1.78e-05	7.84e-04	1.43e-01	5.06e-01	3.49e-01	0.00e+00	0.00e+00	0.00e+00
 1.11162e+22	9.73e-21	3.73e-15	6.71e-11	9.84e-08	2.00e-05	8.52e-04	1.50e-01	5.10e-01	3.39e-01	0.00e+00	0.00e+00	0.00e+00
 1.13637e+22	1.25e-20	4.63e-15	8.10e-11	1.15e-07	2.27e-05	9.31e-04	1.57e-01	5.14e-01	3.28e-01	0.00e+00	0.00e+00	0.00e+00
 1.16003e+22	1.58e-20	5.69e-15	9.68e-11	1.34e-07	2.56e-05	1.01e-03	1.64e-01	5.17e-01	3.18e-01	0.00e+00	0.00e+00	0.00e+00
 1.18252e+22	1.97e-20	6.90e-15	1.14e-10	1.54e-07	2.87e-05	1.10e-03	1.72e-01	5.20e-01	3.08e-01	0.00e+00	0.00e+00	0.00e+00
 1.20823e+22	2.51e-20	8.52e-15	1.37e-10	1.80e-07	3.24e-05	1.20e-03	1.80e-01	5.22e-01	2.97e-01	0.00e+00	0.00e+00	0.00e+00
 1.23698e+22	3.29e-20	1.08e-14	1.69e-10	2.14e-07	3.73e-05	1.32e-03	1.89e-01	5.25e-01	2.85e-01	0.00e+00	0.00e+00	0.00e+00
 1.26353e+22	4.18e-20	1.33e-14	2.02e-10	2.50e-07	4.23e-05	1.44e-03	1.98e-01	5.27e-01	2.74e-01	0.00e+00	0.00e+00	0.00e+00
 1.28808e+22	5.20e-20	1.60e-14	2.39e-10	2.88e-07	4.74e-05	1.56e-03	2.06e-01	5.28e-01	2.65e-01	0.00e+00	0.00e+00	0.00e+00
 1.31620e+22	6.61e-20	1.98e-14	2.87e-10	3.36e-07	5.37e-05	1.71e-03	2.15e-01	5.29e-01	2.54e-01	0.00e+00	0.00e+00	0.00e+00
 1.35275e+22	8.95e-20	2.58e-14	3.61e-10	4.10e-07	6.30e-05	1.91e-03	2.28e-01	5.29e-01	2.41e-01	0.00e+00	0.00e+00	0.00e+00
 1.38967e+22	1.21e-19	3.35e-14	4.54e-10	4.98e-07	7.39e-05	2.13e-03	2.40e-01	5.29e-01	2.28e-01	0.00e+00	0.00e+00	0.00e+00
 1.41887e+22	1.52e-19	4.10e-14	5.42e-10	5.79e-07	8.35e-05	2.32e-03	2.51e-01	5.29e-01	2.18e-01	0.00e+00	0.00e+00	0.00e+00
 1.44860e+22	1.90e-19	4.99e-14	6.44e-10	6.73e-07	9.43e-05	2.53e-03	2.61e-01	5.27e-01	2.09e-01	0.00e+00	0.00e+00	0.00e+00
 1.48725e+22	2.52e-19	6.37e-14	7.99e-10	8.08e-07	1.09e-04	2.81e-03	2.74e-01	5.25e-01	1.97e-01	0.00e+00	0.00e+00	0.00e+00
 1.52785e+22	3.35e-19	8.20e-14	1.00e-09	9.82e-07	1.28e-04	3.14e-03	2.89e-01	5.22e-01	1.85e-01	0.00e+00	0.00e+00	0.00e+00
 1.56176e+22	4.22e-19	1.00e-13	1.20e-09	1.15e-06	1.46e-04	3.44e-03	3.02e-01	5.19e-01	1.75e-01	0.00e+00	0.00e+00	0.00e+00
 1.59045e+22	5.10e-19	1.19e-13	1.39e-09	1.30e-06	1.62e-04	3.70e-03	3.12e-01	5.17e-01	1.68e-01	0.00e+00	0.00e+00	0.00e+00
 1.62155e+22	6.21e-19	1.41e-13	1.62e-09	1.49e-06	1.81e-04	4.00e-03	3.23e-01	5.13e-01	1.60e-01	0.00e+00	0.00e+00	0.00e+00
 1.66198e+22	7.93e-19	1.75e-13	1.97e-09	1.77e-06	2.08e-04	4.41e-03	3.37e-01	5.08e-01	1.50e-01	0.00e+00	0.00e+00	0.00e+00
 1.70385e+22	1.01e-18	2.18e-13	2.39e-09	2.10e-06	2.40e-04	4.87e-03	3.52e-01	5.02e-01	1.41e-01	0.00e+00	0.00e+00	0.00e+00
 1.73845e+22	1.23e-18	2.59e-13	2.80e-09	2.41e-06	2.68e-04	5.28e-03	3.64e-01	4.97e-01	1.33e-01	0.00e+00	0.00e+00	0.00e+00
 1.77432e+22	1.50e-18	3.07e-13	3.27e-09	2.76e-06	3.01e-04	5.71e-03	3.77e-01	4.91e-01	1.26e-01	0.00e+00	0.00e+00	0.00e+00
 1.82094e+22	1.90e-18	3.80e-13	3.96e-09	3.28e-06	3.47e-04	6.32e-03	3.93e-01	4.84e-01	1.17e-01	0.00e+00	0.00e+00	0.00e+00
 1.86797e+22	2.40e-18	4.68e-13	4.80e-09	3.88e-06	3.99e-04	6.98e-03	4.09e-01	4.75e-01	1.09e-01	0.00e+00	0.00e+00	0.00e+00
 1.90502e+22	2.86e-18	5.48e-13	5.54e-09	4.42e-06	4.44e-04	7.53e-03	4.21e-01	4.68e-01	1.02e-01	0.00e+00	0.00e+00	0.00e+00
 1.94270e+22	3.38e-18	6.37e-13	6.37e-09	5.01e-06	4.92e-04	8.10e-03	4.34e-01	4.61e-01	9.65e-02	0.00e+00	0.00e+00	0.00e+00
 1.99169e+22	4.16e-18	7.69e-13	7.58e-09	5.86e-06	5.61e-04	8.89e-03	4.49e-01	4.52e-01	8.94e-02	0.00e+00	0.00e+00	0.00e+00
 2.04296e+22	5.14e-18	9.31e-13	9.05e-09	6.88e-06	6.41e-04	9.77e-03	4.65e-01	4.42e-01	8.25e-02	0.00e+00	0.00e+00	0.00e+00
 2.08614e+22	6.08e-18	1.09e-12	1.05e-08	7.83e-06	7.13e-04	1.06e-02	4.79e-01	4.33e-01	7.71e-02	0.00e+00	0.00e+00	0.00e+00
 2.13123e+22	7.19e-18	1.26e-12	1.20e-08	8.91e-06	7.94e-04	1.14e-02	4.92e-01	4.24e-01	7.20e-02	0.00e+00	0.00e+00	0.00e+00
 2.18984e+22	8.83e-18	1.52e-12	1.44e-08	1.05e-05	9.07e-04	1.25e-02	5.08e-01	4.12e-01	6.59e-02	0.00e+00	0.00e+00	0.00e+00
 2.25022e+22	1.08e-17	1.84e-12	1.72e-08	1.23e-05	1.04e-03	1.38e-02	5.25e-01	4.00e-01	6.02e-02	0.00e+00	0.00e+00	0.00e+00
 2.29987e+22	1.27e-17	2.13e-12	1.98e-08	1.40e-05	1.15e-03	1.49e-02	5.38e-01	3.90e-01	5.59e-02	0.00e+00	0.00e+00	0.00e+00
 2.34462e+22	1.46e-17	2.42e-12	2.23e-08	1.57e-05	1.26e-03	1.59e-02	5.49e-01	3.81e-01	5.23e-02	0.00e+00	0.00e+00	0.00e+00
 2.38880e+22	1.67e-17	2.73e-12	2.51e-08	1.74e-05	1.37e-03	1.69e-02	5.60e-01	3.73e-01	4.90e-02	0.00e+00	0.00e+00	0.00e+00
 2.43897e+22	1.92e-17	3.12e-12	2.85e-08	1.96e-05	1.51e-03	1.80e-02	5.71e-01	3.64e-01	4.57e-02	0.00e+00	0.00e+00	0.00e+00
 2.49411e+22	2.24e-17	3.60e-12	3.26e-08	2.22e-05	1.67e-03	1.94e-02	5.83e-01	3.53e-01	4.22e-02	0.00e+00	0.00e+00	0.00e+00
 2.54430e+22	2.54e-17	4.06e-12	3.67e-08	2.48e-05	1.83e-03	2.07e-02	5.94e-01	3.44e-01	3.92e-02	2.54e-17	2.19e-23	2.26e-23
 2.59091e+22	2.87e-17	4.55e-12	4.10e-08	2.74e-05	1.98e-03	2.19e-02	6.04e-01	3.36e-01	3.68e-02	2.87e-17	2.47e-23	2.55e-23
 2.64428e+22	3.29e-17	5.16e-12	4.62e-08	3.05e-05	2.15e-03	2.33e-02	6.14e-01	3.27e-01	3.43e-02	3.29e-17	2.81e-23	2.90e-23
 2.71366e+22	3.88e-17	6.03e-12	5.37e-08	3.51e-05	2.40e-03	2.51e-02	6.26e-01	3.15e-01	3.13e-02	3.88e-17	3.29e-23	3.39e-23
 2.78361e+22	4.56e-17	7.03e-12	6.23e-08	4.02e-05	2.67e-03	2.71e-02	6.38e-01	3.03e-01	2.85e-02	4.56e-17	3.85e-23	3.97e-23
 2.83859e+22	5.14e-17	7.88e-12	6.97e-08	4.46e-05	2.90e-03	2.88e-02	6.47e-01	2.95e-01	2.65e-02	5.14e-17	4.31e-23	4.45e-23
 2.89434e+22	5.82e-17	8.86e-12	7.79e-08	4.93e-05	3.13e-03	3.04e-02	6.56e-01	2.86e-01	2.47e-02	5.82e-17	4.86e-23	5.02e-23
 2.96682e+22	6.76e-17	1.02e-11	8.95e-08	5.60e-05	3.45e-03	3.25e-02	6.66e-01	2.76e-01	2.26e-02	6.76e-17	5.61e-23	5.79e-23
 3.04337e+22	7.91e-17	1.19e-11	1.03e-07	6.39e-05	3.82e-03	3.49e-02	6.76e-01	2.65e-01	2.05e-02	7.91e-17	6.52e-23	6.73e-23
 3.10858e+22	8.94e-17	1.34e-11	1.16e-07	7.13e-05	4.15e-03	3.71e-02	6.84e-01	2.56e-01	1.89e-02	8.94e-17	7.33e-23	7.57e-23
 3.17673e+22	1.02e-16	1.52e-11	1.31e-07	7.95e-05	4.50e-03	3.92e-02	6.91e-01	2.47e-01	1.75e-02	1.02e-16	8.32e-23	8.61e-23
 3.26533e+22	1.20e-16	1.78e-11	1.53e-07	9.11e-05	4.97e-03	4.21e-02	7.01e-01	2.36e-01	1.58e-02	1.20e-16	9.67e-23	1.00e-22
 3.35686e+22	1.42e-16	2.08e-11	1.78e-07	1.05e-04	5.52e-03	4.53e-02	7.09e-01	2.26e-01	1.42e-02	1.42e-16	1.13e-22	1.17e-22
 3.43206e+22	1.61e-16	2.36e-11	2.01e-07	1.17e-04	5.98e-03	4.80e-02	7.16e-01	2.17e-01	1.30e-02	1.61e-16	1.27e-22	1.32e-22
 3.50965e+22	1.84e-16	2.68e-11	2.28e-07	1.30e-04	6.47e-03	5.07e-02	7.22e-01	2.09e-01	1.20e-02	1.84e-16	1.44e-22	1.50e-22
 3.61052e+22	2.16e-16	3.14e-11	2.65e-07	1.49e-04	7.14e-03	5.43e-02	7.29e-01	1.99e-01	1.07e-02	2.16e-16	1.68e-22	1.75e-22
 3.71766e+22	2.57e-16	3.71e-11	3.12e-07	1.72e-04	7.91e-03	5.83e-02	7.35e-01	1.89e-01	9.58e-03	2.57e-16	1.97e-22	2.06e-22
 3.81020e+22	2.94e-16	4.25e-11	3.56e-07	1.94e-04	8.61e-03	6.19e-02	7.40e-01	1.80e-01	8.69e-03	2.94e-16	2.24e-22	2.34e-22
 3.88674e+22	3.33e-16	4.79e-11	3.98e-07	2.14e-04	9.21e-03	6.47e-02	7.44e-01	1.74e-01	8.05e-03	3.33e-16	2.52e-22	2.64e-22
 3.96525e+22	3.73e-16	5.36e-11	4.43e-07	2.35e-04	9.83e-03	6.78e-02	7.47e-01	1.68e-01	7.44e-03	3.73e-16	2.80e-22	2.93e-22
 4.06731e+22	4.30e-16	6.17e-11	5.07e-07	2.64e-04	1.07e-02	7.17e-02	7.51e-01	1.60e-01	6.75e-03	4.30e-16	3.20e-22	3.36e-22
 4.17501e+22	5.00e-16	7.17e-11	5.85e-07	2.99e-04	1.16e-02	7.60e-02	7.54e-01	1.52e-01	6.08e-03	5.00e-16	3.68e-22	3.88e-22
 4.26568e+22	5.67e-16	8.12e-11	6.59e-07	3.31e-04	1.25e-02	7.97e-02	7.56e-01	1.46e-01	5.58e-03	5.67e-16	4.14e-22	4.37e-22
 4.35919e+22	6.40e-16	9.16e-11	7.39e-07	3.66e-04	1.33e-02	8.35e-02	7.58e-01	1.40e-01	5.13e-03	6.40e-16	4.64e-22	4.89e-22
 4.48076e+22	7.47e-16	1.07e-10	8.55e-07	4.14e-04	1.45e-02	8.84e-02	7.59e-01	1.33e-01	4.60e-03	7.47e-16	5.35e-22	5.65e-22
 4.60669e+22	8.77e-16	1.26e-10	9.95e-07	4.71e-04	1.58e-02	9.37e-02	7.60e-01	1.26e-01	4.11e-03	8.77e-16	6.22e-22	6.58e-22
 4.70998e+22	9.99e-16	1.43e-10	1.12e-06	5.22e-04	1.69e-02	9.81e-02	7.60e-01	1.20e-01	3.76e-03	9.99e-16	7.02e-22	7.44e-22
 4.81593e+22	1.13e-15	1.62e-10	1.26e-06	5.76e-04	1.81e-02	1.03e-01	7.60e-01	1.15e-01	3.44e-03	1.13e-15	7.88e-22	8.36e-22
 4.95365e+22	1.33e-15	1.90e-10	1.47e-06	6.52e-04	1.96e-02	1.08e-01	7.60e-01	1.09e-01	3.08e-03	1.33e-15	9.14e-22	9.71e-22
 5.09959e+22	1.57e-15	2.26e-10	1.72e-06	7.43e-04	2.14e-02	1.15e-01	7.58e-01	1.02e-01	2.73e-03	1.57e-15	1.07e-21	1.14e-21
 5.22420e+22	1.82e-15	2.61e-10	1.96e-06	8.28e-04	2.29e-02	1.20e-01	7.56e-01	9.73e-02	2.48e-03	1.82e-15	1.22e-21	1.30e-21
 5.35420e+22	2.09e-15	3.01e-10	2.23e-06	9.20e-04	2.45e-02	1.25e-01	7.54e-01	9.26e-02	2.25e-03	2.09e-15	1.39e-21	1.49e-21
 5.52320e+22	2.50e-15	3.60e-10	2.63e-06	1.05e-03	2.67e-02	1.33e-01	7.51e-01	8.69e-02	1.99e-03	2.50e-15	1.64e-21	1.76e-21
 5.70201e+22	3.03e-15	4.37e-10	3.13e-06	1.21e-03	2.92e-02	1.40e-01	7.46e-01	8.11e-02	1.74e-03	3.03e-15	1.96e-21	2.10e-21
 5.85446e+22	3.56e-15	5.14e-10	3.62e-06	1.35e-03	3.14e-02	1.47e-01	7.42e-01	7.65e-02	1.56e-03	3.56e-15	2.28e-21	2.44e-21
 6.01354e+22	4.16e-15	6.02e-10	4.17e-06	1.51e-03	3.36e-02	1.54e-01	7.38e-01	7.23e-02	1.40e-03	4.16e-15	2.63e-21	2.83e-21
 6.22034e+22	5.11e-15	7.36e-10	4.98e-06	1.73e-03	3.66e-02	1.62e-01	7.31e-01	6.74e-02	1.23e-03	5.11e-15	3.17e-21	3.41e-21
 6.44346e+22	6.32e-15	9.14e-10	6.02e-06	2.01e-03	4.01e-02	1.72e-01	7.23e-01	6.22e-02	1.06e-03	6.32e-15	3.86e-21	4.16e-21
 6.63858e+22	7.60e-15	1.10e-09	7.09e-06	2.27e-03	4.33e-02	1.80e-01	7.15e-01	5.81e-02	9.33e-04	7.60e-15	4.58e-21	4.94e-21
 6.79652e+22	8.82e-15	1.28e-09	8.04e-06	2.50e-03	4.60e-02	1.86e-01	7.09e-01	5.52e-02	8.49e-04	8.82e-15	5.27e-21	5.68e-21
 6.95533e+22	1.02e-14	1.47e-09	9.09e-06	2.74e-03	4.86e-02	1.92e-01	7.03e-01	5.24e-02	7.73e-04	1.02e-14	6.01e-21	6.49e-21
 7.16178e+22	1.22e-14	1.76e-09	1.06e-05	3.07e-03	5.21e-02	2.00e-01	6.95e-01	4.92e-02	6.89e-04	1.22e-14	7.09e-21	7.66e-21
 7.38896e+22	1.49e-14	2.13e-09	1.25e-05	3.47e-03	5.61e-02	2.09e-01	6.85e-01	4.58e-02	6.05e-04	1.49e-14	8.48e-21	9.18e-21
 7.59338e+22	1.77e-14	2.54e-09	1.44e-05	3.87e-03	5.99e-02	2.17e-01	6.76e-01	4.29e-02	5.40e-04	1.77e-14	9.97e-21	1.08e-20
 7.80943e+22	2.12e-14	3.01e-09	1.66e-05	4.29e-03	6.38e-02	2.24e-01	6.67e-01	4.04e-02	4.84e-04	2.12e-14	1.17e-20	1.27e-20
 8.09028e+22	2.61e-14	3.70e-09	1.98e-05	4.87e-03	6.88e-02	2.34e-01	6.54e-01	3.73e-02	4.21e-04	2.61e-14	1.41e-20	1.54e-20
 8.37407e+22	3.28e-14	4.62e-09	2.38e-05	5.57e-03	7.44e-02	2.44e-01	6.41e-01	3.43e-02	3.63e-04	3.28e-14	1.74e-20	1.90e-20
 8.59423e+22	3.90e-14	5.45e-09	2.73e-05	6.14e-03	7.88e-02	2.52e-01	6.31e-01	3.22e-02	3.26e-04	3.90e-14	2.05e-20	2.23e-20
 8.81299e+22	4.57e-14	6.33e-09	3.09e-05	6.70e-03	8.30e-02	2.58e-01	6.21e-01	3.04e-02	2.96e-04	4.57e-14	2.35e-20	2.57e-20
 9.09739e+22	5.57e-14	7.63e-09	3.59e-05	7.46e-03	8.84e-02	2.66e-01	6.09e-01	2.84e-02	2.62e-04	5.57e-14	2.81e-20	3.07e-20
 9.44947e+22	7.02e-14	9.52e-09	4.30e-05	8.47e-03	9.52e-02	2.76e-01	5.94e-01	2.60e-02	2.26e-04	7.02e-14	3.45e-20	3.77e-20
 9.80084e+22	8.95e-14	1.20e-08	5.17e-05	9.64e-03	1.03e-01	2.86e-01	5.78e-01	2.37e-02	1.94e-04	8.95e-14	4.30e-20	4.70e-20
 1.00957e+23	1.09e-13	1.43e-08	5.97e-05	1.07e-02	1.09e-01	2.94e-01	5.64e-01	2.21e-02	1.72e-04	1.09e-13	5.12e-20	5.61e-20
 1.04057e+23	1.30e-13	1.70e-08	6.85e-05	1.17e-02	1.15e-01	3.01e-01	5.52e-01	2.06e-02	1.53e-04	1.30e-13	6.00e-20	6.58e-20
 1.07988e+23	1.63e-13	2.08e-08	8.06e-05	1.31e-02	1.22e-01	3.09e-01	5.36e-01	1.90e-02	1.33e-04	1.63e-13	7.27e-20	7.98e-20
 1.12332e+23	2.08e-13	2.60e-08	9.64e-05	1.48e-02	1.31e-01	3.18e-01	5.19e-01	1.73e-02	1.14e-04	2.08e-13	9.05e-20	9.94e-20
 1.16460e+23	2.61e-13	3.20e-08	1.14e-04	1.66e-02	1.39e-01	3.26e-01	5.02e-01	1.58e-02	9.88e-05	2.61e-13	1.10e-19	1.21e-19
 1.20851e+23	3.23e-13	3.88e-08	1.32e-04	1.83e-02	1.47e-01	3.33e-01	4.87e-01	1.45e-02	8.63e-05	3.23e-13	1.32e-19	1.45e-19
 1.25809e+23	4.09e-13	4.80e-08	1.56e-04	2.05e-02	1.57e-01	3.40e-01	4.69e-01	1.32e-02	7.42e-05	4.09e-13	1.62e-19	1.78e-19
 1.30965e+23	5.16e-13	5.91e-08	1.84e-04	2.29e-02	1.66e-01	3.46e-01	4.52e-01	1.20e-02	6.39e-05	5.16e-13	1.97e-19	2.17e-19
 1.36327e+23	6.48e-13	7.23e-08	2.15e-04	2.54e-02	1.76e-01	3.52e-01	4.35e-01	1.10e-02	5.51e-05	6.48e-13	2.39e-19	2.63e-19
 1.41903e+23	8.09e-13	8.80e-08	2.51e-04	2.81e-02	1.86e-01	3.57e-01	4.19e-01	1.00e-02	4.77e-05	8.09e-13	2.87e-19	3.17e-19
 1.47703e+23	1.00e-12	1.06e-07	2.90e-04	3.09e-02	1.95e-01	3.62e-01	4.02e-01	9.13e-03	4.14e-05	1.00e-12	3.42e-19	3.78e-19
 1.53734e+23	1.24e-12	1.27e-07	3.35e-04	3.39e-02	2.05e-01	3.66e-01	3.87e-01	8.36e-03	3.61e-05	1.24e-12	4.04e-19	4.48e-19
 1.60007e+23	1.51e-12	1.52e-07	3.83e-04	3.70e-02	2.14e-01	3.69e-01	3.72e-01	7.66e-03	3.16e-05	1.51e-12	4.74e-19	5.25e-19
 1.66531e+23	1.83e-12	1.79e-07	4.36e-04	4.02e-02	2.23e-01	3.72e-01	3.57e-01	7.03e-03	2.77e-05	1.83e-12	5.50e-19	6.10e-19
 1.73315e+23	2.21e-12	2.10e-07	4.93e-04	4.35e-02	2.32e-01	3.74e-01	3.44e-01	6.47e-03	2.45e-05	2.21e-12	6.33e-19	7.03e-19
 1.80371e+23	2.64e-12	2.45e-07	5.55e-04	4.69e-02	2.41e-01	3.75e-01	3.30e-01	5.97e-03	2.17e-05	2.64e-12	7.21e-19	8.01e-19
 1.87710e+23	3.12e-12	2.83e-07	6.20e-04	5.03e-02	2.49e-01	3.76e-01	3.18e-01	5.53e-03	1.93e-05	3.12e-12	8.12e-19	9.03e-19
 1.95341e+23	3.65e-12	3.24e-07	6.88e-04	5.36e-02	2.57e-01	3.77e-01	3.07e-01	5.13e-03	1.73e-05	3.65e-12	9.04e-19	1.01e-18
 2.03278e+23	4.25e-12	3.69e-07	7.60e-04	5.70e-02	2.65e-01	3.77e-01	2.96e-01	4.78e-03	1.55e-05	4.25e-12	9.97e-19	1.11e-18
 2.11533e+23	4.90e-12	4.16e-07	8.34e-04	6.04e-02	2.72e-01	3.77e-01	2.86e-01	4.46e-03	1.41e-05	4.90e-12	1.09e-18	1.21e-18
 2.20118e+23	5.58e-12	4.65e-07	9.09e-04	6.36e-02	2.79e-01	3.76e-01	2.76e-01	4.19e-03	1.28e-05	5.58e-12	1.17e-18	1.30e-18
 2.28544e+23	6.30e-12	5.15e-07	9.84e-04	6.67e-02	2.85e-01	3.76e-01	2.68e-01	3.94e-03	1.17e-05	6.30e-12	1.25e-18	1.40e-18
 2.36238e+23	7.00e-12	5.64e-07	1.05e-03	6.96e-02	2.90e-01	3.75e-01	2.60e-01	3.74e-03	1.09e-05	7.00e-12	1.33e-18	1.48e-18
 2.43162e+23	7.62e-12	6.05e-07	1.11e-03	7.19e-02	2.94e-01	3.74e-01	2.55e-01	3.59e-03	1.02e-05	7.62e-12	1.38e-18	1.54e-18
 2.49394e+23	8.16e-12	6.42e-07	1.17e-03	7.38e-02	2.98e-01	3.74e-01	2.50e-01	3.47e-03	9.75e-06	8.16e-12	1.43e-18	1.59e-18
 2.55003e+23	8.64e-12	6.74e-07	1.21e-03	7.55e-02	3.01e-01	3.73e-01	2.46e-01	3.37e-03	9.35e-06	8.64e-12	1.46e-18	1.63e-18
 2.60051e+23	9.07e-12	7.02e-07	1.25e-03	7.69e-02	3.03e-01	3.72e-01	2.43e-01	3.29e-03	9.02e-06	9.07e-12	1.48e-18	1.66e-18
 2.64594e+23	9.45e-12	7.27e-07	1.28e-03	7.82e-02	3.06e-01	3.72e-01	2.40e-01	3.22e-03	8.75e-06	9.45e-12	1.50e-18	1.68e-18
 2.68682e+23	9.73e-12	7.46e-07	1.31e-03	7.91e-02	3.07e-01	3.71e-01	2.38e-01	3.17e-03	8.57e-06	9.73e-12	1.51e-18	1.69e-18
 2.72362e+23	9.95e-12	7.60e-07	1.33e-03	7.98e-02	3.08e-01	3.71e-01	2.36e-01	3.13e-03	8.43e-06	9.95e-12	1.51e-18	1.69e-18
 2.75674e+23	1.02e-11	7.76e-07	1.35e-03	8.05e-02	3.10e-01	3.71e-01	2.35e-01	3.09e-03	8.29e-06	1.02e-11	1.51e-18	1.69e-18
 2.78771e+23	1.04e-11	7.89e-07	1.37e-03	8.11e-02	3.11e-01	3.71e-01	2.33e-01	3.06e-03	8.17e-06	1.04e-11	1.51e-18	1.69e-18
 2.81825e+23	1.06e-11	8.01e-07	1.39e-03	8.16e-02	3.11e-01	3.70e-01	2.32e-01	3.04e-03	8.06e-06	1.06e-11	1.51e-18	1.68e-18
 2.84880e+23	1.07e-11	8.13e-07	1.40e-03	8.22e-02	3.12e-01	3.70e-01	2.31e-01	3.01e-03	7.96e-06	1.07e-11	1.50e-18	1.68e-18
 2.87935e+23	1.09e-11	8.21e-07	1.41e-03	8.26e-02	3.13e-01	3.70e-01	2.30e-01	2.99e-03	7.89e-06	1.09e-11	1.49e-18	1.67e-18
 2.90990e+23	1.10e-11	8.29e-07	1.43e-03	8.29e-02	3.14e-01	3.70e-01	2.29e-01	2.97e-03	7.82e-06	1.10e-11	1.48e-18	1.65e-18
 2.94045e+23	1.11e-11	8.35e-07	1.43e-03	8.32e-02	3.14e-01	3.70e-01	2.29e-01	2.96e-03	7.78e-06	1.11e-11	1.46e-18	1.63e-18
 2.97099e+23	1.11e-11	8.40e-07	1.44e-03	8.34e-02	3.15e-01	3.69e-01	2.28e-01	2.95e-03	7.74e-06	1.11e-11	1.44e-18	1.61e-18
 3.00154e+23	1.12e-11	8.45e-07	1.45e-03	8.36e-02	3.15e-01	3.69e-01	2.28e-01	2.94e-03	7.70e-06	1.12e-11	1.42e-18	1.59e-18
 3.03209e+23	1.13e-11	8.50e-07	1.46e-03	8.39e-02	3.15e-01	3.69e-01	2.27e-01	2.93e-03	7.67e-06	1.13e-11	1.40e-18	1.57e-18
 3.05109e+23	1.15e-11	8.66e-07	1.48e-03	8.45e-02	3.17e-01	3.69e-01	2.26e-01	2.90e-03	7.56e-06	1.15e-11	1.42e-18	1.59e-18
