#depth	Si	Si+	Si+2	Si+3	Si+4	Si+5	Si+6	Si+7	Si+8	Si+9	Si+10	Si+11	Si+12	Si+13	Si+14
 6.17135e+19	0.00e+00	0.00e+00	7.66e-31	3.19e-26	2.56e-21	2.38e-17	5.98e-14	4.45e-11	1.26e-08	1.36e-06	6.42e-05	2.21e-03	1.55e-01	4.57e-01	3.86e-01
 1.87609e+20	0.00e+00	0.00e+00	2.20e-30	8.15e-26	6.08e-21	5.21e-17	1.21e-13	8.22e-11	2.14e-08	2.10e-06	8.92e-05	2.77e-03	1.75e-01	4.66e-01	3.56e-01
 3.09898e+20	0.00e+00	0.00e+00	5.89e-30	1.95e-25	1.36e-20	1.08e-16	2.31e-13	1.45e-10	3.50e-08	3.14e-06	1.21e-04	3.40e-03	1.96e-01	4.72e-01	3.29e-01
 4.23562e+20	0.00e+00	0.00e+00	1.42e-29	4.24e-25	2.80e-20	2.08e-16	4.15e-13	2.42e-10	5.43e-08	4.49e-06	1.58e-04	4.07e-03	2.15e-01	4.76e-01	3.05e-01
 4.98953e+20	0.00e+00	0.00e+00	2.50e-29	7.02e-25	4.46e-20	3.17e-16	6.05e-13	3.37e-10	7.21e-08	5.67e-06	1.88e-04	4.57e-03	2.28e-01	4.78e-01	2.89e-01
 5.30914e+20	0.00e+00	0.00e+00	3.19e-29	8.69e-25	5.44e-20	3.80e-16	7.12e-13	3.88e-10	8.15e-08	6.26e-06	2.03e-04	4.80e-03	2.34e-01	4.79e-01	2.83e-01
 5.58805e+20	0.00e+00	0.00e+00	3.88e-29	1.04e-24	6.40e-20	4.41e-16	8.11e-13	4.36e-10	8.99e-08	6.78e-06	2.16e-04	5.00e-03	2.38e-01	4.79e-01	2.78e-01
 5.95064e+20	0.00e+00	0.00e+00	5.03e-29	1.30e-24	7.92e-20	5.35e-16	9.64e-13	5.06e-10	1.02e-07	7.54e-06	2.33e-04	5.26e-03	2.45e-01	4.79e-01	2.71e-01
 6.42200e+20	0.00e+00	0.00e+00	7.07e-29	1.76e-24	1.05e-19	6.89e-16	1.21e-12	6.17e-10	1.21e-07	8.66e-06	2.59e-04	5.63e-03	2.53e-01	4.79e-01	2.62e-01
 6.93210e+20	0.00e+00	0.00e+00	1.01e-28	2.42e-24	1.41e-19	9.01e-16	1.54e-12	7.62e-10	1.45e-07	1.00e-05	2.89e-04	6.05e-03	2.62e-01	4.79e-01	2.53e-01
 7.38660e+20	0.00e+00	0.00e+00	1.39e-28	3.20e-24	1.83e-19	1.14e-15	1.90e-12	9.18e-10	1.70e-07	1.14e-05	3.18e-04	6.45e-03	2.70e-01	4.78e-01	2.45e-01
 7.80649e+20	0.00e+00	0.00e+00	1.86e-28	4.12e-24	2.31e-19	1.42e-15	2.31e-12	1.08e-09	1.97e-07	1.28e-05	3.47e-04	6.82e-03	2.78e-01	4.78e-01	2.37e-01
 8.28735e+20	0.00e+00	0.00e+00	2.57e-28	5.50e-24	3.03e-19	1.81e-15	2.87e-12	1.31e-09	2.32e-07	1.47e-05	3.83e-04	7.27e-03	2.86e-01	4.77e-01	2.29e-01
 8.82606e+20	0.00e+00	0.00e+00	3.70e-28	7.56e-24	4.08e-19	2.37e-15	3.66e-12	1.62e-09	2.78e-07	1.70e-05	4.27e-04	7.80e-03	2.96e-01	4.75e-01	2.21e-01
 9.29082e+20	0.00e+00	0.00e+00	5.03e-28	9.92e-24	5.26e-19	2.99e-15	4.50e-12	1.95e-09	3.24e-07	1.93e-05	4.69e-04	8.28e-03	3.04e-01	4.74e-01	2.13e-01
 9.66489e+20	0.00e+00	0.00e+00	6.42e-28	1.23e-23	6.42e-19	3.59e-15	5.30e-12	2.24e-09	3.66e-07	2.13e-05	5.05e-04	8.68e-03	3.11e-01	4.72e-01	2.07e-01
 1.00702e+21	0.00e+00	0.00e+00	8.38e-28	1.55e-23	7.99e-19	4.39e-15	6.34e-12	2.62e-09	4.19e-07	2.38e-05	5.47e-04	9.14e-03	3.19e-01	4.71e-01	2.01e-01
 1.05970e+21	0.00e+00	0.00e+00	1.17e-27	2.09e-23	1.06e-18	5.65e-15	7.96e-12	3.20e-09	4.96e-07	2.73e-05	6.05e-04	9.75e-03	3.28e-01	4.68e-01	1.93e-01
 1.11398e+21	0.00e+00	0.00e+00	1.66e-27	2.82e-23	1.40e-18	7.33e-15	1.00e-11	3.92e-09	5.91e-07	3.14e-05	6.71e-04	1.04e-02	3.38e-01	4.65e-01	1.86e-01
 1.15826e+21	0.00e+00	0.00e+00	2.19e-27	3.60e-23	1.76e-18	9.04e-15	1.21e-11	4.62e-09	6.80e-07	3.52e-05	7.30e-04	1.10e-02	3.46e-01	4.63e-01	1.79e-01
 1.20374e+21	0.00e+00	3.06e-32	2.90e-27	4.61e-23	2.23e-18	1.12e-14	1.47e-11	5.46e-09	7.84e-07	3.95e-05	7.95e-04	1.16e-02	3.54e-01	4.60e-01	1.73e-01
 1.26287e+21	0.00e+00	4.60e-32	4.17e-27	6.33e-23	3.00e-18	1.47e-14	1.88e-11	6.77e-09	9.43e-07	4.58e-05	8.86e-04	1.24e-02	3.65e-01	4.56e-01	1.65e-01
 1.31934e+21	0.00e+00	6.78e-32	5.88e-27	8.54e-23	3.99e-18	1.91e-14	2.37e-11	8.31e-09	1.12e-06	5.28e-05	9.83e-04	1.32e-02	3.75e-01	4.52e-01	1.58e-01
 1.35944e+21	0.00e+00	8.92e-32	7.50e-27	1.05e-22	4.88e-18	2.29e-14	2.80e-11	9.60e-09	1.27e-06	5.83e-05	1.06e-03	1.38e-02	3.82e-01	4.49e-01	1.53e-01
 1.39866e+21	0.00e+00	1.16e-31	9.46e-27	1.29e-22	5.91e-18	2.74e-14	3.28e-11	1.10e-08	1.43e-06	6.42e-05	1.13e-03	1.45e-02	3.89e-01	4.46e-01	1.49e-01
 1.44965e+21	0.00e+00	1.63e-31	1.28e-26	1.68e-22	7.58e-18	3.44e-14	4.03e-11	1.32e-08	1.67e-06	7.26e-05	1.24e-03	1.53e-02	3.98e-01	4.42e-01	1.43e-01
 1.50393e+21	0.00e+00	2.33e-31	1.75e-26	2.21e-22	9.86e-18	4.38e-14	5.02e-11	1.60e-08	1.96e-06	8.28e-05	1.37e-03	1.62e-02	4.08e-01	4.38e-01	1.36e-01
 1.55064e+21	0.00e+00	3.17e-31	2.30e-26	2.79e-22	1.23e-17	5.39e-14	6.05e-11	1.88e-08	2.26e-06	9.26e-05	1.48e-03	1.70e-02	4.16e-01	4.34e-01	1.31e-01
 1.59955e+21	0.00e+00	4.35e-31	3.04e-26	3.56e-22	1.56e-17	6.68e-14	7.34e-11	2.22e-08	2.60e-06	1.04e-04	1.61e-03	1.79e-02	4.25e-01	4.29e-01	1.26e-01
 1.65402e+21	0.00e+00	6.18e-31	4.14e-26	4.64e-22	2.01e-17	8.48e-14	9.10e-11	2.68e-08	3.06e-06	1.18e-04	1.77e-03	1.90e-02	4.34e-01	4.24e-01	1.21e-01
 1.70429e+21	0.00e+00	8.53e-31	5.50e-26	5.93e-22	2.55e-17	1.05e-13	1.11e-10	3.19e-08	3.54e-06	1.33e-04	1.93e-03	2.00e-02	4.43e-01	4.19e-01	1.16e-01
 1.74862e+21	0.00e+00	1.13e-30	7.03e-26	7.33e-22	3.13e-17	1.28e-13	1.32e-10	3.70e-08	4.02e-06	1.48e-04	2.08e-03	2.09e-02	4.51e-01	4.15e-01	1.11e-01
 1.79664e+21	0.00e+00	1.53e-30	9.16e-26	9.20e-22	3.90e-17	1.57e-13	1.59e-10	4.36e-08	4.62e-06	1.65e-04	2.25e-03	2.19e-02	4.59e-01	4.10e-01	1.07e-01
 1.85046e+21	0.00e+00	2.14e-30	1.23e-25	1.18e-21	4.99e-17	1.97e-13	1.95e-10	5.22e-08	5.39e-06	1.87e-04	2.46e-03	2.31e-02	4.68e-01	4.05e-01	1.02e-01
 1.89956e+21	0.00e+00	2.89e-30	1.60e-25	1.49e-21	6.24e-17	2.42e-13	2.35e-10	6.15e-08	6.20e-06	2.09e-04	2.67e-03	2.43e-02	4.76e-01	3.99e-01	9.77e-02
 1.94316e+21	0.00e+00	3.78e-30	2.03e-25	1.82e-21	7.59e-17	2.91e-13	2.78e-10	7.11e-08	7.02e-06	2.31e-04	2.87e-03	2.53e-02	4.83e-01	3.95e-01	9.40e-02
 1.99188e+21	0.00e+00	5.09e-30	2.63e-25	2.27e-21	9.44e-17	3.56e-13	3.34e-10	8.36e-08	8.05e-06	2.57e-04	3.11e-03	2.66e-02	4.91e-01	3.89e-01	9.00e-02
 2.04662e+21	0.00e+00	7.08e-30	3.50e-25	2.90e-21	1.20e-16	4.47e-13	4.11e-10	1.00e-07	9.39e-06	2.91e-04	3.40e-03	2.80e-02	5.00e-01	3.83e-01	8.57e-02
 2.09786e+21	0.00e+00	9.62e-30	4.57e-25	3.64e-21	1.51e-16	5.52e-13	4.98e-10	1.18e-07	1.08e-05	3.26e-04	3.69e-03	2.94e-02	5.08e-01	3.77e-01	8.18e-02
 2.14471e+21	0.00e+00	1.27e-29	5.82e-25	4.46e-21	1.85e-16	6.69e-13	5.94e-10	1.38e-07	1.23e-05	3.62e-04	3.97e-03	3.07e-02	5.15e-01	3.72e-01	7.84e-02
 2.19714e+21	0.00e+00	1.73e-29	7.61e-25	5.59e-21	2.32e-16	8.28e-13	7.21e-10	1.64e-07	1.42e-05	4.06e-04	4.32e-03	3.22e-02	5.23e-01	3.65e-01	7.47e-02
 2.25501e+21	0.00e+00	2.42e-29	1.02e-24	7.16e-21	2.97e-16	1.05e-12	8.93e-10	1.97e-07	1.67e-05	4.61e-04	4.73e-03	3.39e-02	5.32e-01	3.59e-01	7.07e-02
 2.30767e+21	0.00e+00	3.28e-29	1.32e-24	8.93e-21	3.72e-16	1.29e-12	1.08e-09	2.33e-07	1.93e-05	5.17e-04	5.13e-03	3.56e-02	5.39e-01	3.52e-01	6.73e-02
 2.35596e+21	0.00e+00	4.32e-29	1.68e-24	1.09e-20	4.55e-16	1.57e-12	1.29e-09	2.72e-07	2.20e-05	5.74e-04	5.53e-03	3.71e-02	5.46e-01	3.46e-01	6.43e-02
 2.41084e+21	0.00e+00	5.89e-29	2.19e-24	1.36e-20	5.72e-16	1.94e-12	1.58e-09	3.24e-07	2.54e-05	6.45e-04	6.01e-03	3.89e-02	5.54e-01	3.40e-01	6.10e-02
 2.47193e+21	0.00e+00	8.27e-29	2.94e-24	1.74e-20	7.35e-16	2.47e-12	1.96e-09	3.92e-07	2.99e-05	7.34e-04	6.60e-03	4.10e-02	5.62e-01	3.32e-01	5.75e-02
 2.52838e+21	0.00e+00	1.13e-28	3.83e-24	2.17e-20	9.25e-16	3.07e-12	2.40e-09	4.67e-07	3.47e-05	8.26e-04	7.18e-03	4.31e-02	5.69e-01	3.25e-01	5.45e-02
 2.58001e+21	0.00e+00	1.49e-28	4.87e-24	2.65e-20	1.14e-15	3.74e-12	2.88e-09	5.48e-07	3.97e-05	9.20e-04	7.75e-03	4.49e-02	5.76e-01	3.19e-01	5.18e-02
 2.63806e+21	0.00e+00	2.03e-28	6.35e-24	3.31e-20	1.43e-15	4.66e-12	3.52e-09	6.53e-07	4.60e-05	1.04e-03	8.43e-03	4.71e-02	5.83e-01	3.12e-01	4.89e-02
 2.70358e+21	0.00e+00	2.87e-28	8.52e-24	4.22e-20	1.84e-15	5.95e-12	4.41e-09	7.96e-07	5.43e-05	1.18e-03	9.26e-03	4.97e-02	5.90e-01	3.04e-01	4.59e-02
 2.76559e+21	0.00e+00	3.95e-28	1.12e-23	5.28e-20	2.34e-15	7.47e-12	5.44e-09	9.57e-07	6.34e-05	1.34e-03	1.01e-02	5.22e-02	5.97e-01	2.96e-01	4.31e-02
 2.82036e+21	0.00e+00	5.21e-28	1.42e-23	6.42e-20	2.87e-15	9.10e-12	6.53e-09	1.12e-06	7.26e-05	1.49e-03	1.09e-02	5.44e-02	6.03e-01	2.89e-01	4.09e-02
 2.87123e+21	0.00e+00	6.71e-28	1.76e-23	7.66e-20	3.47e-15	1.09e-11	7.71e-09	1.30e-06	8.21e-05	1.64e-03	1.17e-02	5.66e-02	6.08e-01	2.83e-01	3.88e-02
 2.92965e+21	0.00e+00	8.93e-28	2.24e-23	9.35e-20	4.28e-15	1.34e-11	9.32e-09	1.53e-06	9.43e-05	1.83e-03	1.26e-02	5.91e-02	6.13e-01	2.76e-01	3.67e-02
 2.99481e+21	0.00e+00	1.22e-27	2.92e-23	1.16e-19	5.40e-15	1.67e-11	1.15e-08	1.84e-06	1.10e-04	2.06e-03	1.38e-02	6.19e-02	6.19e-01	2.69e-01	3.44e-02
 3.05535e+21	0.00e+00	1.62e-27	3.72e-23	1.42e-19	6.67e-15	2.05e-11	1.38e-08	2.17e-06	1.26e-04	2.30e-03	1.49e-02	6.46e-02	6.24e-01	2.62e-01	3.24e-02
 3.11171e+21	0.00e+00	2.10e-27	4.64e-23	1.69e-19	8.08e-15	2.47e-11	1.64e-08	2.53e-06	1.43e-04	2.54e-03	1.60e-02	6.72e-02	6.28e-01	2.55e-01	3.06e-02
 3.17602e+21	0.00e+00	2.81e-27	5.93e-23	2.07e-19	1.00e-14	3.03e-11	1.99e-08	2.99e-06	1.65e-04	2.84e-03	1.73e-02	7.01e-02	6.33e-01	2.48e-01	2.88e-02
 3.24791e+21	0.00e+00	3.85e-27	7.75e-23	2.58e-19	1.26e-14	3.81e-11	2.46e-08	3.60e-06	1.92e-04	3.21e-03	1.88e-02	7.34e-02	6.37e-01	2.41e-01	2.68e-02
 3.31514e+21	0.00e+00	5.14e-27	9.91e-23	3.15e-19	1.56e-14	4.68e-11	2.98e-08	4.26e-06	2.21e-04	3.59e-03	2.04e-02	7.66e-02	6.41e-01	2.33e-01	2.51e-02
 3.37827e+21	0.00e+00	6.71e-27	1.24e-22	3.78e-19	1.90e-14	5.65e-11	3.55e-08	4.97e-06	2.51e-04	3.97e-03	2.18e-02	7.95e-02	6.44e-01	2.27e-01	2.36e-02
 3.45061e+21	0.00e+00	9.03e-27	1.60e-22	4.64e-19	2.36e-14	6.98e-11	4.32e-08	5.90e-06	2.90e-04	4.44e-03	2.36e-02	8.30e-02	6.47e-01	2.20e-01	2.21e-02
 3.53145e+21	0.00e+00	1.25e-26	2.10e-22	5.81e-19	3.00e-14	8.78e-11	5.35e-08	7.13e-06	3.39e-04	5.01e-03	2.57e-02	8.68e-02	6.50e-01	2.12e-01	2.04e-02
 3.60704e+21	0.00e+00	1.68e-26	2.70e-22	7.13e-19	3.72e-14	1.08e-10	6.49e-08	8.46e-06	3.90e-04	5.60e-03	2.78e-02	9.05e-02	6.52e-01	2.05e-01	1.91e-02
 3.67808e+21	0.00e+00	2.21e-26	3.41e-22	8.62e-19	4.53e-14	1.31e-10	7.75e-08	9.89e-06	4.44e-04	6.20e-03	2.98e-02	9.39e-02	6.53e-01	1.98e-01	1.78e-02
 3.75950e+21	0.00e+00	2.99e-26	4.42e-22	1.06e-18	5.64e-14	1.62e-10	9.45e-08	1.18e-05	5.12e-04	6.93e-03	3.22e-02	9.78e-02	6.55e-01	1.91e-01	1.66e-02
 3.84628e+21	0.00e+00	4.11e-26	5.79e-22	1.33e-18	7.09e-14	2.02e-10	1.16e-07	1.41e-05	5.94e-04	7.78e-03	3.49e-02	1.02e-01	6.55e-01	1.84e-01	1.53e-02
 3.91960e+21	0.00e+00	5.36e-26	7.25e-22	1.60e-18	8.55e-14	2.42e-10	1.37e-07	1.64e-05	6.71e-04	8.56e-03	3.73e-02	1.05e-01	6.56e-01	1.78e-01	1.43e-02
 3.98450e+21	3.56e-32	6.73e-26	8.81e-22	1.87e-18	1.01e-13	2.84e-10	1.59e-07	1.86e-05	7.46e-04	9.29e-03	3.94e-02	1.09e-01	6.56e-01	1.73e-01	1.35e-02
 4.05885e+21	4.77e-32	8.71e-26	1.10e-21	2.24e-18	1.21e-13	3.38e-10	1.87e-07	2.15e-05	8.38e-04	1.02e-02	4.20e-02	1.12e-01	6.55e-01	1.67e-01	1.27e-02
 4.15552e+21	6.93e-32	1.21e-25	1.45e-21	2.82e-18	1.52e-13	4.22e-10	2.30e-07	2.58e-05	9.72e-04	1.14e-02	4.54e-02	1.17e-01	6.54e-01	1.60e-01	1.16e-02
 4.25416e+21	1.01e-31	1.68e-25	1.92e-21	3.56e-18	1.91e-13	5.26e-10	2.83e-07	3.09e-05	1.13e-03	1.28e-02	4.90e-02	1.21e-01	6.52e-01	1.53e-01	1.07e-02
 4.33401e+21	1.35e-31	2.18e-25	2.40e-21	4.28e-18	2.29e-13	6.26e-10	3.32e-07	3.57e-05	1.26e-03	1.40e-02	5.21e-02	1.25e-01	6.50e-01	1.48e-01	9.99e-03
 4.41645e+21	1.83e-31	2.83e-25	3.01e-21	5.16e-18	2.74e-13	7.46e-10	3.90e-07	4.11e-05	1.42e-03	1.53e-02	5.53e-02	1.28e-01	6.48e-01	1.42e-01	9.32e-03
 4.52362e+21	2.67e-31	3.96e-25	4.01e-21	6.54e-18	3.45e-13	9.30e-10	4.79e-07	4.93e-05	1.64e-03	1.71e-02	5.95e-02	1.33e-01	6.44e-01	1.36e-01	8.52e-03
 4.63449e+21	3.93e-31	5.56e-25	5.38e-21	8.35e-18	4.36e-13	1.16e-09	5.89e-07	5.91e-05	1.90e-03	1.91e-02	6.41e-02	1.38e-01	6.40e-01	1.29e-01	7.78e-03
 4.72059e+21	5.29e-31	7.23e-25	6.73e-21	1.01e-17	5.20e-13	1.38e-09	6.91e-07	6.80e-05	2.13e-03	2.08e-02	6.79e-02	1.42e-01	6.36e-01	1.24e-01	7.23e-03
 4.79061e+21	6.67e-31	8.88e-25	8.04e-21	1.17e-17	5.98e-13	1.57e-09	7.80e-07	7.57e-05	2.32e-03	2.22e-02	7.08e-02	1.45e-01	6.32e-01	1.21e-01	6.84e-03
 4.86932e+21	8.64e-31	1.12e-24	9.80e-21	1.38e-17	6.98e-13	1.82e-09	8.94e-07	8.53e-05	2.55e-03	2.39e-02	7.42e-02	1.48e-01	6.28e-01	1.16e-01	6.43e-03
 4.97164e+21	1.20e-30	1.50e-24	1.26e-20	1.70e-17	8.50e-13	2.20e-09	1.06e-06	9.93e-05	2.88e-03	2.62e-02	7.88e-02	1.52e-01	6.23e-01	1.11e-01	5.93e-03
 5.08090e+21	1.70e-30	2.04e-24	1.65e-20	2.13e-17	1.04e-12	2.67e-09	1.27e-06	1.16e-04	3.27e-03	2.88e-02	8.38e-02	1.56e-01	6.17e-01	1.06e-01	5.44e-03
 5.17635e+21	2.29e-30	2.65e-24	2.07e-20	2.58e-17	1.25e-12	3.16e-09	1.48e-06	1.33e-04	3.64e-03	3.12e-02	8.82e-02	1.60e-01	6.11e-01	1.02e-01	5.05e-03
 5.27760e+21	3.12e-30	3.49e-24	2.63e-20	3.16e-17	1.49e-12	3.75e-09	1.74e-06	1.53e-04	4.06e-03	3.39e-02	9.29e-02	1.63e-01	6.04e-01	9.72e-02	4.67e-03
 5.40923e+21	4.60e-30	4.94e-24	3.56e-20	4.08e-17	1.88e-12	4.66e-09	2.12e-06	1.82e-04	4.66e-03	3.75e-02	9.90e-02	1.68e-01	5.95e-01	9.18e-02	4.23e-03
 5.54294e+21	6.81e-30	7.01e-24	4.83e-20	5.27e-17	2.37e-12	5.79e-09	2.59e-06	2.16e-04	5.34e-03	4.15e-02	1.05e-01	1.72e-01	5.85e-01	8.65e-02	3.82e-03
 5.64950e+21	9.23e-30	9.20e-24	6.13e-20	6.44e-17	2.83e-12	6.86e-09	3.02e-06	2.47e-04	5.94e-03	4.49e-02	1.11e-01	1.75e-01	5.77e-01	8.25e-02	3.52e-03
 5.75821e+21	1.25e-29	1.21e-23	7.77e-20	7.88e-17	3.39e-12	8.10e-09	3.51e-06	2.82e-04	6.58e-03	4.84e-02	1.16e-01	1.78e-01	5.69e-01	7.87e-02	3.25e-03
 5.87950e+21	1.74e-29	1.63e-23	1.01e-19	9.83e-17	4.12e-12	9.72e-09	4.14e-06	3.26e-04	7.37e-03	5.25e-02	1.22e-01	1.81e-01	5.59e-01	7.46e-02	2.97e-03
 5.99301e+21	2.36e-29	2.14e-23	1.28e-19	1.21e-16	4.93e-12	1.15e-08	4.82e-06	3.72e-04	8.16e-03	5.66e-02	1.27e-01	1.84e-01	5.50e-01	7.10e-02	2.74e-03
 6.11644e+21	3.26e-29	2.86e-23	1.65e-19	1.50e-16	5.96e-12	1.37e-08	5.66e-06	4.27e-04	9.08e-03	6.12e-02	1.33e-01	1.87e-01	5.39e-01	6.72e-02	2.51e-03
 6.25315e+21	4.63e-29	3.92e-23	2.18e-19	1.90e-16	7.33e-12	1.66e-08	6.73e-06	4.95e-04	1.02e-02	6.64e-02	1.40e-01	1.90e-01	5.28e-01	6.33e-02	2.27e-03
 6.38002e+21	6.37e-29	5.24e-23	2.81e-19	2.36e-16	8.84e-12	1.97e-08	7.86e-06	5.67e-04	1.13e-02	7.15e-02	1.46e-01	1.92e-01	5.17e-01	5.99e-02	2.08e-03
 6.51782e+21	8.93e-29	7.10e-23	3.68e-19	2.96e-16	1.08e-11	2.37e-08	9.27e-06	6.52e-04	1.26e-02	7.72e-02	1.52e-01	1.94e-01	5.05e-01	5.64e-02	1.89e-03
 6.67209e+21	1.29e-28	9.93e-23	4.94e-19	3.81e-16	1.34e-11	2.90e-08	1.11e-05	7.61e-04	1.42e-02	8.39e-02	1.59e-01	1.97e-01	4.91e-01	5.27e-02	1.69e-03
 6.81799e+21	1.82e-28	1.35e-22	6.49e-19	4.82e-16	1.64e-11	3.48e-08	1.31e-05	8.76e-04	1.58e-02	9.04e-02	1.66e-01	1.98e-01	4.78e-01	4.94e-02	1.53e-03
 6.97787e+21	2.60e-28	1.88e-22	8.68e-19	6.19e-16	2.04e-11	4.23e-08	1.55e-05	1.01e-03	1.76e-02	9.76e-02	1.73e-01	2.00e-01	4.64e-01	4.61e-02	1.38e-03
 7.15825e+21	3.90e-28	2.72e-22	1.20e-18	8.16e-16	2.58e-11	5.26e-08	1.89e-05	1.19e-03	2.00e-02	1.06e-01	1.81e-01	2.01e-01	4.47e-01	4.26e-02	1.21e-03
 7.31793e+21	5.50e-28	3.73e-22	1.59e-18	1.04e-15	3.17e-11	6.34e-08	2.22e-05	1.37e-03	2.22e-02	1.14e-01	1.87e-01	2.02e-01	4.33e-01	3.96e-02	1.09e-03
 7.45306e+21	7.31e-28	4.85e-22	2.00e-18	1.27e-15	3.76e-11	7.39e-08	2.55e-05	1.54e-03	2.41e-02	1.21e-01	1.93e-01	2.02e-01	4.20e-01	3.74e-02	9.94e-04
 7.60363e+21	9.99e-28	6.46e-22	2.57e-18	1.57e-15	4.52e-11	8.73e-08	2.95e-05	1.74e-03	2.65e-02	1.29e-01	1.99e-01	2.02e-01	4.07e-01	3.49e-02	8.98e-04
 7.79938e+21	1.47e-27	9.25e-22	3.54e-18	2.07e-15	5.72e-11	1.08e-07	3.54e-05	2.03e-03	2.96e-02	1.38e-01	2.06e-01	2.01e-01	3.90e-01	3.21e-02	7.91e-04
 8.00703e+21	2.22e-27	1.35e-21	4.94e-18	2.75e-15	7.29e-11	1.34e-07	4.29e-05	2.38e-03	3.34e-02	1.50e-01	2.13e-01	2.00e-01	3.72e-01	2.92e-02	6.87e-04
 8.17833e+21	3.07e-27	1.83e-21	6.45e-18	3.46e-15	8.86e-11	1.59e-07	5.00e-05	2.71e-03	3.66e-02	1.59e-01	2.18e-01	1.99e-01	3.57e-01	2.70e-02	6.13e-04
 8.32600e+21	4.03e-27	2.36e-21	8.09e-18	4.20e-15	1.04e-10	1.85e-07	5.68e-05	3.01e-03	3.95e-02	1.67e-01	2.23e-01	1.98e-01	3.44e-01	2.53e-02	5.56e-04
 8.49475e+21	5.46e-27	3.14e-21	1.04e-17	5.22e-15	1.25e-10	2.17e-07	6.54e-05	3.38e-03	4.30e-02	1.76e-01	2.27e-01	1.96e-01	3.30e-01	2.34e-02	4.98e-04
 8.71413e+21	8.00e-27	4.49e-21	1.43e-17	6.86e-15	1.58e-10	2.67e-07	7.80e-05	3.91e-03	4.77e-02	1.88e-01	2.33e-01	1.93e-01	3.13e-01	2.12e-02	4.33e-04
 8.94164e+21	1.18e-26	6.51e-21	1.98e-17	9.06e-15	2.00e-10	3.28e-07	9.35e-05	4.54e-03	5.31e-02	2.00e-01	2.38e-01	1.90e-01	2.95e-01	1.91e-02	3.72e-04
 9.12898e+21	1.61e-26	8.74e-21	2.57e-17	1.13e-14	2.41e-10	3.88e-07	1.08e-04	5.11e-03	5.77e-02	2.10e-01	2.41e-01	1.87e-01	2.80e-01	1.75e-02	3.29e-04
 9.32181e+21	2.20e-26	1.17e-20	3.33e-17	1.42e-14	2.90e-10	4.57e-07	1.24e-04	5.74e-03	6.26e-02	2.21e-01	2.45e-01	1.84e-01	2.66e-01	1.60e-02	2.90e-04
 9.57248e+21	3.24e-26	1.70e-20	4.63e-17	1.88e-14	3.68e-10	5.63e-07	1.49e-04	6.62e-03	6.92e-02	2.34e-01	2.48e-01	1.79e-01	2.49e-01	1.43e-02	2.47e-04
 9.83157e+21	4.79e-26	2.50e-20	6.48e-17	2.50e-14	4.67e-10	6.94e-07	1.78e-04	7.68e-03	7.65e-02	2.47e-01	2.51e-01	1.74e-01	2.31e-01	1.26e-02	2.08e-04
 1.00439e+22	6.53e-26	3.38e-20	8.46e-17	3.14e-14	5.64e-10	8.20e-07	2.05e-04	8.61e-03	8.27e-02	2.58e-01	2.52e-01	1.70e-01	2.17e-01	1.14e-02	1.81e-04
 1.02623e+22	8.90e-26	4.57e-20	1.10e-16	3.94e-14	6.82e-10	9.67e-07	2.36e-04	9.65e-03	8.93e-02	2.69e-01	2.53e-01	1.65e-01	2.04e-01	1.03e-02	1.57e-04
 1.04975e+22	1.23e-25	6.30e-20	1.46e-16	5.02e-14	8.32e-10	1.15e-06	2.74e-04	1.09e-02	9.66e-02	2.80e-01	2.54e-01	1.60e-01	1.90e-01	9.24e-03	1.35e-04
 1.07052e+22	1.62e-25	8.31e-20	1.87e-16	6.17e-14	9.87e-10	1.34e-06	3.10e-04	1.20e-02	1.03e-01	2.89e-01	2.54e-01	1.55e-01	1.78e-01	8.37e-03	1.18e-04
 1.08966e+22	2.07e-25	1.07e-19	2.32e-16	7.44e-14	1.15e-09	1.53e-06	3.47e-04	1.31e-02	1.09e-01	2.97e-01	2.53e-01	1.51e-01	1.68e-01	7.64e-03	1.05e-04
 1.11162e+22	2.74e-25	1.41e-19	2.97e-16	9.17e-14	1.37e-09	1.77e-06	3.94e-04	1.45e-02	1.17e-01	3.07e-01	2.52e-01	1.46e-01	1.57e-01	6.88e-03	9.06e-05
 1.13637e+22	3.69e-25	1.92e-19	3.90e-16	1.15e-13	1.65e-09	2.09e-06	4.52e-04	1.62e-02	1.25e-01	3.16e-01	2.50e-01	1.40e-01	1.45e-01	6.12e-03	7.75e-05
 1.16003e+22	4.87e-25	2.57e-19	5.03e-16	1.43e-13	1.97e-09	2.43e-06	5.14e-04	1.79e-02	1.33e-01	3.25e-01	2.48e-01	1.34e-01	1.35e-01	5.46e-03	6.66e-05
 1.18252e+22	6.32e-25	3.37e-19	6.38e-16	1.75e-13	2.32e-09	2.80e-06	5.79e-04	1.97e-02	1.41e-01	3.33e-01	2.45e-01	1.29e-01	1.25e-01	4.89e-03	5.74e-05
 1.20823e+22	8.41e-25	4.54e-19	8.29e-16	2.19e-13	2.79e-09	3.28e-06	6.60e-04	2.18e-02	1.51e-01	3.42e-01	2.42e-01	1.23e-01	1.16e-01	4.33e-03	4.89e-05
 1.23698e+22	1.15e-24	6.34e-19	1.11e-15	2.80e-13	3.40e-09	3.89e-06	7.62e-04	2.44e-02	1.61e-01	3.50e-01	2.38e-01	1.17e-01	1.05e-01	3.76e-03	4.05e-05
 1.26353e+22	1.51e-24	8.57e-19	1.44e-15	3.50e-13	4.07e-09	4.54e-06	8.66e-04	2.70e-02	1.71e-01	3.57e-01	2.33e-01	1.11e-01	9.63e-02	3.30e-03	3.42e-05
 1.28808e+22	1.94e-24	1.12e-18	1.83e-15	4.28e-13	4.79e-09	5.21e-06	9.71e-04	2.95e-02	1.80e-01	3.63e-01	2.29e-01	1.06e-01	8.87e-02	2.93e-03	2.92e-05
 1.31620e+22	2.56e-24	1.52e-18	2.39e-15	5.35e-13	5.73e-09	6.08e-06	1.10e-03	3.26e-02	1.90e-01	3.69e-01	2.23e-01	1.00e-01	8.08e-02	2.56e-03	2.45e-05
 1.35275e+22	3.63e-24	2.24e-18	3.34e-15	7.11e-13	7.20e-09	7.38e-06	1.29e-03	3.68e-02	2.04e-01	3.75e-01	2.16e-01	9.31e-02	7.14e-02	2.14e-03	1.94e-05
 1.38967e+22	5.08e-24	3.28e-18	4.67e-15	9.44e-13	9.04e-09	8.94e-06	1.51e-03	4.16e-02	2.18e-01	3.81e-01	2.08e-01	8.61e-02	6.29e-02	1.79e-03	1.53e-05
 1.41887e+22	6.51e-24	4.42e-18	6.06e-15	1.18e-12	1.08e-08	1.04e-05	1.71e-03	4.56e-02	2.29e-01	3.84e-01	2.01e-01	8.09e-02	5.69e-02	1.55e-03	1.27e-05
 1.44860e+22	8.42e-24	5.95e-18	7.85e-15	1.46e-12	1.28e-08	1.20e-05	1.93e-03	4.99e-02	2.40e-01	3.86e-01	1.94e-01	7.58e-02	5.13e-02	1.34e-03	1.05e-05
 1.48725e+22	1.15e-23	8.60e-18	1.08e-14	1.92e-12	1.59e-08	1.44e-05	2.23e-03	5.57e-02	2.53e-01	3.87e-01	1.86e-01	6.97e-02	4.50e-02	1.11e-03	8.33e-06
 1.52785e+22	1.59e-23	1.27e-17	1.53e-14	2.57e-12	2.00e-08	1.74e-05	2.60e-03	6.26e-02	2.68e-01	3.88e-01	1.76e-01	6.35e-02	3.90e-02	9.11e-04	6.43e-06
 1.56176e+22	2.05e-23	1.76e-17	2.02e-14	3.26e-12	2.42e-08	2.04e-05	2.95e-03	6.88e-02	2.80e-01	3.87e-01	1.68e-01	5.87e-02	3.45e-02	7.69e-04	5.18e-06
 1.59045e+22	2.51e-23	2.28e-17	2.54e-14	3.95e-12	2.82e-08	2.31e-05	3.26e-03	7.40e-02	2.90e-01	3.85e-01	1.61e-01	5.50e-02	3.13e-02	6.71e-04	4.35e-06
 1.62155e+22	3.16e-23	3.01e-17	3.24e-14	4.86e-12	3.32e-08	2.64e-05	3.63e-03	8.01e-02	3.00e-01	3.83e-01	1.54e-01	5.11e-02	2.80e-02	5.77e-04	3.59e-06
 1.66198e+22	4.20e-23	4.29e-17	4.42e-14	6.33e-12	4.09e-08	3.14e-05	4.15e-03	8.83e-02	3.13e-01	3.79e-01	1.45e-01	4.65e-02	2.43e-02	4.75e-04	2.81e-06
 1.70385e+22	5.54e-23	6.18e-17	6.09e-14	8.31e-12	5.07e-08	3.74e-05	4.76e-03	9.76e-02	3.25e-01	3.73e-01	1.35e-01	4.20e-02	2.10e-02	3.88e-04	2.17e-06
 1.73845e+22	6.90e-23	8.30e-17	7.89e-14	1.04e-11	6.03e-08	4.30e-05	5.31e-03	1.06e-01	3.35e-01	3.68e-01	1.28e-01	3.87e-02	1.86e-02	3.28e-04	1.76e-06
 1.77432e+22	8.70e-23	1.12e-16	1.02e-13	1.29e-11	7.19e-08	4.96e-05	5.92e-03	1.14e-01	3.45e-01	3.62e-01	1.21e-01	3.55e-02	1.64e-02	2.77e-04	1.42e-06
 1.82094e+22	1.16e-22	1.63e-16	1.43e-13	1.72e-11	8.99e-08	5.93e-05	6.80e-03	1.26e-01	3.57e-01	3.53e-01	1.11e-01	3.17e-02	1.39e-02	2.22e-04	1.08e-06
 1.86797e+22	1.52e-22	2.37e-16	1.99e-13	2.29e-11	1.13e-07	7.09e-05	7.79e-03	1.38e-01	3.68e-01	3.44e-01	1.03e-01	2.82e-02	1.18e-02	1.78e-04	8.13e-07
 1.90502e+22	1.86e-22	3.17e-16	2.57e-13	2.85e-11	1.34e-07	8.14e-05	8.65e-03	1.48e-01	3.75e-01	3.35e-01	9.59e-02	2.57e-02	1.03e-02	1.49e-04	6.52e-07
 1.94270e+22	2.30e-22	4.21e-16	3.31e-13	3.54e-11	1.59e-07	9.31e-05	9.56e-03	1.59e-01	3.83e-01	3.27e-01	8.96e-02	2.34e-02	9.04e-03	1.25e-04	5.25e-07
 1.99169e+22	3.00e-22	6.03e-16	4.55e-13	4.66e-11	1.97e-07	1.10e-04	1.09e-02	1.73e-01	3.91e-01	3.15e-01	8.19e-02	2.07e-02	7.63e-03	9.98e-05	3.97e-07
 2.04296e+22	3.85e-22	8.74e-16	6.32e-13	6.19e-11	2.47e-07	1.31e-04	1.23e-02	1.88e-01	3.98e-01	3.02e-01	7.44e-02	1.82e-02	6.38e-03	7.88e-05	2.96e-07
 2.08614e+22	4.72e-22	1.18e-15	8.29e-13	7.83e-11	2.97e-07	1.52e-04	1.37e-02	2.01e-01	4.03e-01	2.91e-01	6.85e-02	1.63e-02	5.49e-03	6.47e-05	2.32e-07
 2.13123e+22	5.86e-22	1.60e-15	1.09e-12	9.89e-11	3.57e-07	1.75e-04	1.52e-02	2.15e-01	4.07e-01	2.80e-01	6.29e-02	1.46e-02	4.71e-03	5.30e-05	1.81e-07
 2.18984e+22	7.65e-22	2.35e-15	1.53e-12	1.33e-10	4.50e-07	2.09e-04	1.73e-02	2.33e-01	4.11e-01	2.66e-01	5.62e-02	1.27e-02	3.87e-03	4.10e-05	1.32e-07
 2.25022e+22	9.77e-22	3.46e-15	2.16e-12	1.80e-10	5.70e-07	2.50e-04	1.97e-02	2.52e-01	4.13e-01	2.51e-01	4.99e-02	1.09e-02	3.15e-03	3.14e-05	0.00e+00
 2.29987e+22	1.19e-21	4.70e-15	2.84e-12	2.28e-10	6.88e-07	2.88e-04	2.17e-02	2.68e-01	4.14e-01	2.38e-01	4.53e-02	9.62e-03	2.67e-03	2.53e-05	0.00e+00
 2.34462e+22	1.41e-21	6.15e-15	3.61e-12	2.82e-10	8.12e-07	3.27e-04	2.37e-02	2.82e-01	4.14e-01	2.28e-01	4.15e-02	8.61e-03	2.30e-03	2.09e-05	0.00e+00
 2.38880e+22	1.66e-21	7.93e-15	4.54e-12	3.44e-10	9.48e-07	3.67e-04	2.57e-02	2.95e-01	4.13e-01	2.18e-01	3.81e-02	7.73e-03	2.00e-03	1.74e-05	0.00e+00
 2.43897e+22	2.01e-21	1.05e-14	5.83e-12	4.28e-10	1.13e-06	4.17e-04	2.81e-02	3.10e-01	4.11e-01	2.07e-01	3.46e-02	6.85e-03	1.70e-03	1.42e-05	0.00e+00
 2.49411e+22	2.43e-21	1.42e-14	7.64e-12	5.43e-10	1.35e-06	4.79e-04	3.09e-02	3.27e-01	4.08e-01	1.95e-01	3.11e-02	6.00e-03	1.43e-03	1.13e-05	0.00e+00
 2.54430e+22	2.88e-21	1.85e-14	9.75e-12	6.73e-10	1.60e-06	5.42e-04	3.36e-02	3.42e-01	4.05e-01	1.84e-01	2.81e-02	5.31e-03	1.21e-03	9.21e-06	0.00e+00
 2.59091e+22	3.35e-21	2.35e-14	1.21e-11	8.11e-10	1.85e-06	6.04e-04	3.62e-02	3.55e-01	4.01e-01	1.75e-01	2.57e-02	4.76e-03	1.05e-03	7.68e-06	0.00e+00
 2.64428e+22	4.01e-21	3.05e-14	1.52e-11	9.95e-10	2.17e-06	6.79e-04	3.91e-02	3.70e-01	3.97e-01	1.65e-01	2.33e-02	4.21e-03	8.99e-04	6.27e-06	0.00e+00
 2.71366e+22	5.05e-21	4.23e-14	2.05e-11	1.29e-09	2.66e-06	7.87e-04	4.31e-02	3.88e-01	3.90e-01	1.53e-01	2.05e-02	3.59e-03	7.31e-04	4.83e-06	0.00e+00
 2.78361e+22	6.20e-21	5.86e-14	2.75e-11	1.67e-09	3.25e-06	9.10e-04	4.75e-02	4.07e-01	3.82e-01	1.42e-01	1.79e-02	3.05e-03	5.93e-04	3.71e-06	0.00e+00
 2.83859e+22	7.25e-21	7.52e-14	3.45e-11	2.04e-09	3.79e-06	1.02e-03	5.11e-02	4.21e-01	3.75e-01	1.33e-01	1.61e-02	2.69e-03	5.04e-04	3.01e-06	0.00e+00
 2.89434e+22	8.59e-21	9.51e-14	4.26e-11	2.46e-09	4.37e-06	1.13e-03	5.46e-02	4.34e-01	3.68e-01	1.25e-01	1.46e-02	2.38e-03	4.32e-04	2.48e-06	0.00e+00
 2.96682e+22	1.07e-20	1.28e-13	5.58e-11	3.12e-09	5.25e-06	1.29e-03	5.94e-02	4.50e-01	3.59e-01	1.16e-01	1.28e-02	2.04e-03	3.53e-04	1.92e-06	0.00e+00
 3.04337e+22	1.32e-20	1.74e-13	7.39e-11	4.00e-09	6.35e-06	1.48e-03	6.47e-02	4.66e-01	3.48e-01	1.06e-01	1.12e-02	1.72e-03	2.86e-04	1.47e-06	0.00e+00
 3.10858e+22	1.56e-20	2.26e-13	9.34e-11	4.92e-09	7.45e-06	1.65e-03	6.94e-02	4.80e-01	3.39e-01	9.84e-02	9.91e-03	1.50e-03	2.38e-04	1.17e-06	0.00e+00
 3.17673e+22	1.89e-20	2.89e-13	1.17e-10	5.99e-09	8.67e-06	1.84e-03	7.42e-02	4.92e-01	3.30e-01	9.16e-02	8.84e-03	1.30e-03	2.00e-04	9.43e-07	0.00e+00
 3.26533e+22	2.40e-20	3.96e-13	1.55e-10	7.71e-09	1.05e-05	2.11e-03	8.06e-02	5.07e-01	3.18e-01	8.32e-02	7.61e-03	1.09e-03	1.60e-04	7.11e-07	0.00e+00
 3.35686e+22	3.00e-20	5.45e-13	2.08e-10	9.97e-09	1.28e-05	2.42e-03	8.76e-02	5.22e-01	3.05e-01	7.52e-02	6.50e-03	9.03e-04	1.26e-04	5.30e-07	0.00e+00
 3.43206e+22	3.59e-20	7.03e-13	2.63e-10	1.23e-08	1.50e-05	2.70e-03	9.35e-02	5.34e-01	2.94e-01	6.91e-02	5.71e-03	7.76e-04	1.04e-04	4.17e-07	0.00e+00
 3.50965e+22	4.36e-20	8.96e-13	3.27e-10	1.49e-08	1.73e-05	2.99e-03	9.94e-02	5.44e-01	2.84e-01	6.38e-02	5.06e-03	6.70e-04	8.68e-05	3.32e-07	0.00e+00
 3.61052e+22	5.55e-20	1.22e-12	4.33e-10	1.91e-08	2.09e-05	3.40e-03	1.07e-01	5.56e-01	2.71e-01	5.75e-02	4.31e-03	5.56e-04	6.87e-05	2.48e-07	0.00e+00
 3.71766e+22	7.06e-20	1.68e-12	5.80e-10	2.47e-08	2.55e-05	3.89e-03	1.16e-01	5.67e-01	2.58e-01	5.13e-02	3.64e-03	4.55e-04	5.35e-05	1.82e-07	0.00e+00
 3.81020e+22	8.61e-20	2.19e-12	7.41e-10	3.08e-08	3.00e-05	4.36e-03	1.24e-01	5.76e-01	2.46e-01	4.65e-02	3.14e-03	3.83e-04	4.32e-05	1.39e-07	0.00e+00
 3.88674e+22	1.01e-19	2.70e-12	8.97e-10	3.64e-08	3.41e-05	4.75e-03	1.30e-01	5.82e-01	2.37e-01	4.31e-02	2.80e-03	3.35e-04	3.66e-05	0.00e+00	0.00e+00
 3.96525e+22	1.20e-19	3.32e-12	1.08e-09	4.31e-08	3.87e-05	5.18e-03	1.36e-01	5.88e-01	2.28e-01	3.98e-02	2.50e-03	2.93e-04	3.09e-05	0.00e+00	0.00e+00
 4.06731e+22	1.48e-19	4.30e-12	1.37e-09	5.32e-08	4.53e-05	5.76e-03	1.44e-01	5.94e-01	2.18e-01	3.61e-02	2.16e-03	2.47e-04	2.50e-05	0.00e+00	0.00e+00
 4.17501e+22	1.82e-19	5.63e-12	1.76e-09	6.64e-08	5.35e-05	6.44e-03	1.53e-01	6.00e-01	2.06e-01	3.24e-02	1.85e-03	2.06e-04	2.00e-05	0.00e+00	0.00e+00
 4.26568e+22	2.16e-19	7.01e-12	2.15e-09	7.95e-08	6.12e-05	7.05e-03	1.61e-01	6.03e-01	1.97e-01	2.97e-02	1.62e-03	1.78e-04	1.66e-05	0.00e+00	0.00e+00
 4.35919e+22	2.58e-19	8.68e-12	2.62e-09	9.47e-08	6.98e-05	7.69e-03	1.69e-01	6.07e-01	1.88e-01	2.72e-02	1.43e-03	1.53e-04	1.39e-05	0.00e+00	0.00e+00
 4.48076e+22	3.23e-19	1.13e-11	3.34e-09	1.18e-07	8.21e-05	8.57e-03	1.78e-01	6.10e-01	1.78e-01	2.43e-02	1.22e-03	1.27e-04	1.10e-05	0.00e+00	0.00e+00
 4.60669e+22	4.01e-19	1.49e-11	4.31e-09	1.48e-07	9.72e-05	9.58e-03	1.89e-01	6.12e-01	1.67e-01	2.16e-02	1.03e-03	1.05e-04	8.70e-06	0.00e+00	0.00e+00
 4.70998e+22	4.75e-19	1.85e-11	5.26e-09	1.77e-07	1.11e-04	1.05e-02	1.98e-01	6.13e-01	1.59e-01	1.97e-02	9.02e-04	9.00e-05	7.19e-06	0.00e+00	0.00e+00
 4.81593e+22	5.68e-19	2.27e-11	6.38e-09	2.10e-07	1.26e-04	1.14e-02	2.06e-01	6.13e-01	1.51e-01	1.79e-02	7.91e-04	7.75e-05	5.98e-06	0.00e+00	0.00e+00
 4.95365e+22	7.09e-19	2.95e-11	8.10e-09	2.61e-07	1.48e-04	1.26e-02	2.17e-01	6.12e-01	1.41e-01	1.60e-02	6.71e-04	6.42e-05	4.74e-06	0.00e+00	0.00e+00
 5.09959e+22	8.84e-19	3.87e-11	1.04e-08	3.27e-07	1.75e-04	1.41e-02	2.29e-01	6.10e-01	1.32e-01	1.41e-02	5.63e-04	5.24e-05	3.70e-06	0.00e+00	0.00e+00
 5.22420e+22	1.06e-18	4.84e-11	1.28e-08	3.95e-07	2.01e-04	1.54e-02	2.39e-01	6.08e-01	1.24e-01	1.27e-02	4.86e-04	4.43e-05	3.01e-06	0.00e+00	0.00e+00
 5.35420e+22	1.28e-18	6.02e-11	1.57e-08	4.73e-07	2.30e-04	1.68e-02	2.49e-01	6.05e-01	1.17e-01	1.14e-02	4.21e-04	3.77e-05	2.46e-06	0.00e+00	0.00e+00
 5.52320e+22	1.62e-18	7.88e-11	2.02e-08	5.93e-07	2.71e-04	1.86e-02	2.61e-01	6.01e-01	1.09e-01	1.00e-02	3.51e-04	3.07e-05	1.92e-06	0.00e+00	0.00e+00
 5.70201e+22	2.04e-18	1.05e-10	2.63e-08	7.54e-07	3.23e-04	2.08e-02	2.75e-01	5.95e-01	9.99e-02	8.71e-03	2.89e-04	2.46e-05	1.46e-06	0.00e+00	0.00e+00
 5.85446e+22	2.47e-18	1.32e-10	3.27e-08	9.17e-07	3.73e-04	2.28e-02	2.87e-01	5.89e-01	9.32e-02	7.74e-03	2.47e-04	2.05e-05	1.17e-06	0.00e+00	0.00e+00
 6.01354e+22	3.01e-18	1.65e-10	4.02e-08	1.11e-06	4.28e-04	2.49e-02	2.98e-01	5.83e-01	8.71e-02	6.91e-03	2.11e-04	1.72e-05	9.44e-07	0.00e+00	0.00e+00
 6.22034e+22	3.84e-18	2.17e-10	5.19e-08	1.39e-06	5.06e-04	2.76e-02	3.12e-01	5.74e-01	8.00e-02	6.00e-03	1.74e-04	1.39e-05	7.25e-07	0.00e+00	0.00e+00
 6.44346e+22	4.91e-18	2.92e-10	6.85e-08	1.80e-06	6.08e-04	3.10e-02	3.27e-01	5.64e-01	7.26e-02	5.12e-03	1.41e-04	1.09e-05	5.40e-07	0.00e+00	0.00e+00
 6.63858e+22	6.04e-18	3.74e-10	8.65e-08	2.22e-06	7.10e-04	3.41e-02	3.40e-01	5.54e-01	6.68e-02	4.47e-03	1.17e-04	8.89e-06	4.20e-07	0.00e+00	0.00e+00
 6.79652e+22	7.03e-18	4.52e-10	1.03e-07	2.61e-06	7.96e-04	3.66e-02	3.50e-01	5.46e-01	6.27e-02	4.04e-03	1.02e-04	7.63e-06	3.49e-07	0.00e+00	0.00e+00
 6.95533e+22	8.33e-18	5.42e-10	1.22e-07	3.04e-06	8.90e-04	3.92e-02	3.59e-01	5.38e-01	5.89e-02	3.65e-03	8.95e-05	6.57e-06	2.90e-07	0.00e+00	0.00e+00
 7.16178e+22	1.02e-17	6.77e-10	1.50e-07	3.66e-06	1.02e-03	4.25e-02	3.71e-01	5.28e-01	5.45e-02	3.23e-03	7.61e-05	5.47e-06	2.33e-07	0.00e+00	0.00e+00
 7.38896e+22	1.25e-17	8.63e-10	1.89e-07	4.51e-06	1.18e-03	4.66e-02	3.84e-01	5.16e-01	4.99e-02	2.81e-03	6.33e-05	4.45e-06	1.81e-07	0.00e+00	0.00e+00
 7.59338e+22	1.50e-17	1.07e-09	2.30e-07	5.40e-06	1.35e-03	5.04e-02	3.95e-01	5.05e-01	4.61e-02	2.49e-03	5.39e-05	3.72e-06	1.45e-07	0.00e+00	0.00e+00
 7.80943e+22	1.81e-17	1.31e-09	2.77e-07	6.40e-06	1.52e-03	5.42e-02	4.05e-01	4.94e-01	4.28e-02	2.21e-03	4.63e-05	3.14e-06	0.00e+00	0.00e+00	0.00e+00
 8.09028e+22	2.25e-17	1.67e-09	3.51e-07	7.93e-06	1.77e-03	5.94e-02	4.18e-01	4.80e-01	3.88e-02	1.91e-03	3.81e-05	2.53e-06	0.00e+00	0.00e+00	0.00e+00
 8.37407e+22	2.80e-17	2.17e-09	4.47e-07	9.92e-06	2.08e-03	6.52e-02	4.31e-01	4.65e-01	3.50e-02	1.63e-03	3.10e-05	2.01e-06	0.00e+00	0.00e+00	0.00e+00
 8.59423e+22	3.29e-17	2.62e-09	5.34e-07	1.16e-05	2.33e-03	6.97e-02	4.40e-01	4.54e-01	3.25e-02	1.45e-03	2.67e-05	1.71e-06	0.00e+00	0.00e+00	0.00e+00
 8.81299e+22	3.86e-17	3.11e-09	6.26e-07	1.34e-05	2.58e-03	7.40e-02	4.48e-01	4.44e-01	3.03e-02	1.31e-03	2.34e-05	1.47e-06	0.00e+00	0.00e+00	0.00e+00
 9.09739e+22	4.70e-17	3.83e-09	7.59e-07	1.60e-05	2.91e-03	7.94e-02	4.58e-01	4.31e-01	2.78e-02	1.15e-03	1.99e-05	1.23e-06	0.00e+00	0.00e+00	0.00e+00
 9.44947e+22	5.82e-17	4.90e-09	9.57e-07	1.98e-05	3.39e-03	8.66e-02	4.69e-01	4.15e-01	2.50e-02	9.84e-04	1.62e-05	9.80e-07	0.00e+00	0.00e+00	0.00e+00
 9.80084e+22	7.28e-17	6.30e-09	1.21e-06	2.45e-05	3.93e-03	9.43e-02	4.80e-01	3.99e-01	2.24e-02	8.39e-04	1.32e-05	7.81e-07	0.00e+00	0.00e+00	0.00e+00
 1.00957e+23	8.63e-17	7.67e-09	1.45e-06	2.89e-05	4.42e-03	1.01e-01	4.87e-01	3.86e-01	2.05e-02	7.39e-04	1.12e-05	6.53e-07	0.00e+00	0.00e+00	0.00e+00
 1.04057e+23	1.02e-16	9.21e-09	1.72e-06	3.38e-05	4.93e-03	1.07e-01	4.95e-01	3.74e-01	1.89e-02	6.55e-04	9.65e-06	5.52e-07	0.00e+00	0.00e+00	0.00e+00
 1.07988e+23	1.25e-16	1.15e-08	2.11e-06	4.07e-05	5.60e-03	1.15e-01	5.02e-01	3.59e-01	1.71e-02	5.67e-04	8.04e-06	4.51e-07	0.00e+00	0.00e+00	0.00e+00
 1.12332e+23	1.56e-16	1.46e-08	2.64e-06	4.97e-05	6.44e-03	1.24e-01	5.10e-01	3.43e-01	1.52e-02	4.84e-04	6.57e-06	3.61e-07	0.00e+00	0.00e+00	0.00e+00
 1.16460e+23	1.89e-16	1.81e-08	3.24e-06	5.99e-05	7.33e-03	1.33e-01	5.17e-01	3.29e-01	1.37e-02	4.16e-04	5.44e-06	2.94e-07	0.00e+00	0.00e+00	0.00e+00
 1.20851e+23	2.27e-16	2.22e-08	3.90e-06	7.10e-05	8.24e-03	1.42e-01	5.22e-01	3.15e-01	1.24e-02	3.62e-04	4.58e-06	2.43e-07	0.00e+00	0.00e+00	0.00e+00
 1.25809e+23	2.78e-16	2.77e-08	4.80e-06	8.57e-05	9.37e-03	1.52e-01	5.27e-01	3.00e-01	1.11e-02	3.10e-04	3.77e-06	1.96e-07	0.00e+00	0.00e+00	0.00e+00
 1.30965e+23	3.37e-16	3.44e-08	5.86e-06	1.03e-04	1.06e-02	1.62e-01	5.31e-01	2.86e-01	9.93e-03	2.67e-04	3.12e-06	1.60e-07	0.00e+00	0.00e+00	0.00e+00
 1.36327e+23	4.07e-16	4.24e-08	7.11e-06	1.22e-04	1.19e-02	1.72e-01	5.34e-01	2.72e-01	8.90e-03	2.30e-04	2.60e-06	1.30e-07	0.00e+00	0.00e+00	0.00e+00
 1.41903e+23	4.87e-16	5.19e-08	8.56e-06	1.45e-04	1.34e-02	1.83e-01	5.36e-01	2.59e-01	7.99e-03	1.99e-04	2.17e-06	0.00e+00	0.00e+00	0.00e+00	0.00e+00
 1.47703e+23	5.79e-16	6.29e-08	1.02e-05	1.70e-04	1.49e-02	1.93e-01	5.38e-01	2.47e-01	7.19e-03	1.73e-04	1.82e-06	0.00e+00	0.00e+00	0.00e+00	0.00e+00
 1.53734e+23	6.80e-16	7.58e-08	1.21e-05	1.99e-04	1.66e-02	2.03e-01	5.38e-01	2.35e-01	6.48e-03	1.51e-04	1.54e-06	0.00e+00	0.00e+00	0.00e+00	0.00e+00
 1.60007e+23	7.88e-16	9.05e-08	1.43e-05	2.31e-04	1.83e-02	2.13e-01	5.38e-01	2.24e-01	5.86e-03	1.32e-04	1.31e-06	0.00e+00	0.00e+00	0.00e+00	0.00e+00
 1.66531e+23	9.13e-16	1.07e-07	1.67e-05	2.65e-04	2.01e-02	2.23e-01	5.37e-01	2.13e-01	5.32e-03	1.16e-04	1.12e-06	0.00e+00	0.00e+00	0.00e+00	0.00e+00
 1.73315e+23	1.05e-15	1.26e-07	1.94e-05	3.04e-04	2.20e-02	2.33e-01	5.36e-01	2.04e-01	4.84e-03	1.03e-04	9.61e-07	0.00e+00	0.00e+00	0.00e+00	0.00e+00
 1.80371e+23	1.19e-15	1.47e-07	2.24e-05	3.45e-04	2.40e-02	2.43e-01	5.34e-01	1.95e-01	4.41e-03	9.15e-05	8.32e-07	0.00e+00	0.00e+00	0.00e+00	0.00e+00
 1.87710e+23	1.34e-15	1.70e-07	2.56e-05	3.89e-04	2.60e-02	2.52e-01	5.32e-01	1.86e-01	4.04e-03	8.18e-05	7.25e-07	0.00e+00	0.00e+00	0.00e+00	0.00e+00
 1.95341e+23	1.48e-15	1.94e-07	2.89e-05	4.36e-04	2.80e-02	2.60e-01	5.29e-01	1.78e-01	3.72e-03	7.36e-05	6.38e-07	0.00e+00	0.00e+00	0.00e+00	0.00e+00
 2.03278e+23	1.63e-15	2.21e-07	3.26e-05	4.85e-04	3.00e-02	2.69e-01	5.26e-01	1.71e-01	3.43e-03	6.65e-05	5.63e-07	0.00e+00	0.00e+00	0.00e+00	0.00e+00
 2.11533e+23	1.78e-15	2.49e-07	3.64e-05	5.36e-04	3.20e-02	2.77e-01	5.23e-01	1.64e-01	3.18e-03	6.05e-05	5.02e-07	0.00e+00	0.00e+00	0.00e+00	0.00e+00
 2.20118e+23	1.91e-15	2.78e-07	4.03e-05	5.88e-04	3.40e-02	2.84e-01	5.20e-01	1.58e-01	2.96e-03	5.54e-05	4.50e-07	0.00e+00	0.00e+00	0.00e+00	0.00e+00
 2.28544e+23	2.03e-15	3.07e-07	4.42e-05	6.40e-04	3.59e-02	2.91e-01	5.17e-01	1.53e-01	2.77e-03	5.11e-05	4.08e-07	0.00e+00	0.00e+00	0.00e+00	0.00e+00
 2.36238e+23	2.13e-15	3.35e-07	4.79e-05	6.90e-04	3.77e-02	2.97e-01	5.14e-01	1.48e-01	2.62e-03	4.75e-05	3.73e-07	0.00e+00	0.00e+00	0.00e+00	0.00e+00
 2.43162e+23	2.22e-15	3.60e-07	5.11e-05	7.31e-04	3.91e-02	3.01e-01	5.11e-01	1.45e-01	2.50e-03	4.49e-05	3.49e-07	0.00e+00	0.00e+00	0.00e+00	0.00e+00
 2.49394e+23	2.27e-15	3.81e-07	5.39e-05	7.67e-04	4.03e-02	3.05e-01	5.09e-01	1.42e-01	2.41e-03	4.29e-05	3.30e-07	0.00e+00	0.00e+00	0.00e+00	0.00e+00
 2.55003e+23	2.31e-15	4.00e-07	5.63e-05	7.98e-04	4.14e-02	3.09e-01	5.07e-01	1.39e-01	2.33e-03	4.13e-05	3.15e-07	0.00e+00	0.00e+00	0.00e+00	0.00e+00
 2.60051e+23	2.34e-15	4.16e-07	5.84e-05	8.26e-04	4.23e-02	3.11e-01	5.06e-01	1.37e-01	2.27e-03	3.99e-05	3.02e-07	0.00e+00	0.00e+00	0.00e+00	0.00e+00
 2.64594e+23	2.37e-15	4.30e-07	6.03e-05	8.49e-04	4.31e-02	3.14e-01	5.04e-01	1.36e-01	2.22e-03	3.88e-05	2.92e-07	0.00e+00	0.00e+00	0.00e+00	0.00e+00
 2.68682e+23	2.38e-15	4.41e-07	6.17e-05	8.67e-04	4.36e-02	3.15e-01	5.04e-01	1.34e-01	2.18e-03	3.81e-05	2.85e-07	0.00e+00	0.00e+00	0.00e+00	0.00e+00
 2.72362e+23	2.36e-15	4.50e-07	6.28e-05	8.81e-04	4.41e-02	3.17e-01	5.03e-01	1.33e-01	2.15e-03	3.75e-05	2.80e-07	0.00e+00	0.00e+00	0.00e+00	0.00e+00
 2.75674e+23	2.36e-15	4.59e-07	6.39e-05	8.95e-04	4.46e-02	3.18e-01	5.02e-01	1.32e-01	2.13e-03	3.69e-05	2.75e-07	0.00e+00	0.00e+00	0.00e+00	0.00e+00
 2.78771e+23	2.35e-15	4.66e-07	6.49e-05	9.08e-04	4.50e-02	3.19e-01	5.01e-01	1.32e-01	2.10e-03	3.64e-05	2.70e-07	0.00e+00	0.00e+00	0.00e+00	0.00e+00
 2.81825e+23	2.34e-15	4.72e-07	6.57e-05	9.19e-04	4.53e-02	3.20e-01	5.01e-01	1.31e-01	2.08e-03	3.60e-05	2.67e-07	0.00e+00	0.00e+00	0.00e+00	0.00e+00
 2.84880e+23	2.34e-15	4.78e-07	6.65e-05	9.30e-04	4.57e-02	3.21e-01	5.00e-01	1.30e-01	2.06e-03	3.56e-05	2.63e-07	0.00e+00	0.00e+00	0.00e+00	0.00e+00
 2.87935e+23	2.31e-15	4.83e-07	6.71e-05	9.38e-04	4.59e-02	3.22e-01	4.99e-01	1.30e-01	2.05e-03	3.53e-05	2.60e-07	0.00e+00	0.00e+00	0.00e+00	0.00e+00
 2.90990e+23	2.28e-15	4.87e-07	6.77e-05	9.46e-04	4.62e-02	3.22e-01	4.99e-01	1.29e-01	2.03e-03	3.51e-05	2.58e-07	0.00e+00	0.00e+00	0.00e+00	0.00e+00
 2.94045e+23	2.24e-15	4.90e-07	6.81e-05	9.51e-04	4.63e-02	3.23e-01	4.99e-01	1.29e-01	2.02e-03	3.49e-05	2.57e-07	0.00e+00	0.00e+00	0.00e+00	0.00e+00
 2.97099e+23	2.19e-15	4.92e-07	6.85e-05	9.56e-04	4.65e-02	3.23e-01	4.98e-01	1.29e-01	2.02e-03	3.47e-05	2.55e-07	0.00e+00	0.00e+00	0.00e+00	0.00e+00
 3.00154e+23	2.14e-15	4.95e-07	6.88e-05	9.61e-04	4.66e-02	3.24e-01	4.98e-01	1.28e-01	2.01e-03	3.46e-05	2.54e-07	0.00e+00	0.00e+00	0.00e+00	0.00e+00
 3.03209e+23	2.10e-15	4.97e-07	6.92e-05	9.66e-04	4.68e-02	3.24e-01	4.98e-01	1.28e-01	2.00e-03	3.44e-05	2.52e-07	0.00e+00	0.00e+00	0.00e+00	0.00e+00
 3.05109e+23	2.12e-15	5.08e-07	7.04e-05	9.80e-04	4.72e-02	3.25e-01	4.97e-01	1.27e-01	1.98e-03	3.40e-05	2.48e-07	0.00e+00	0.00e+00	0.00e+00	0.00e+00
