#depth	C	C+	C+2	C+3	C+4	C+5	C+6	C[1]	C[2]	C[3]	C+[1]	C+[2]	CO
 6.17135e+19	2.57e-30	1.02e-22	7.98e-17	6.60e-12	1.00e-06	2.38e-03	9.98e-01	0.00e+00	0.00e+00	0.00e+00	0.00e+00	0.00e+00	2.57e-81
 1.87609e+20	4.55e-30	1.61e-22	1.11e-16	8.17e-12	1.19e-06	2.64e-03	9.97e-01	0.00e+00	0.00e+00	0.00e+00	0.00e+00	0.00e+00	6.49e-82
 3.09898e+20	7.82e-30	2.47e-22	1.53e-16	1.00e-11	1.41e-06	2.90e-03	9.97e-01	0.00e+00	0.00e+00	0.00e+00	0.00e+00	0.00e+00	2.75e-81
 4.23562e+20	1.28e-29	3.65e-22	2.04e-16	1.21e-11	1.63e-06	3.17e-03	9.97e-01	0.00e+00	0.00e+00	0.00e+00	0.00e+00	0.00e+00	1.03e-80
 4.98953e+20	1.76e-29	4.70e-22	2.47e-16	1.37e-11	1.80e-06	3.35e-03	9.97e-01	0.00e+00	0.00e+00	0.00e+00	0.00e+00	0.00e+00	2.91e-80
 5.30914e+20	2.02e-29	5.25e-22	2.67e-16	1.44e-11	1.88e-06	3.43e-03	9.97e-01	0.00e+00	0.00e+00	0.00e+00	0.00e+00	0.00e+00	4.82e-80
 5.58805e+20	2.26e-29	5.75e-22	2.86e-16	1.51e-11	1.95e-06	3.50e-03	9.97e-01	0.00e+00	0.00e+00	0.00e+00	0.00e+00	0.00e+00	6.47e-80
 5.95064e+20	2.62e-29	6.47e-22	3.13e-16	1.60e-11	2.04e-06	3.59e-03	9.96e-01	0.00e+00	0.00e+00	0.00e+00	0.00e+00	0.00e+00	2.47e-79
 6.42200e+20	3.19e-29	7.56e-22	3.51e-16	1.72e-11	2.17e-06	3.71e-03	9.96e-01	0.00e+00	0.00e+00	0.00e+00	0.00e+00	0.00e+00	1.63e-79
 6.93210e+20	3.94e-29	8.94e-22	3.98e-16	1.87e-11	2.31e-06	3.85e-03	9.96e-01	0.00e+00	0.00e+00	0.00e+00	0.00e+00	0.00e+00	1.46e-78
 7.38660e+20	4.75e-29	1.04e-21	4.44e-16	2.01e-11	2.45e-06	3.97e-03	9.96e-01	0.00e+00	0.00e+00	0.00e+00	0.00e+00	0.00e+00	2.38e-78
 7.80649e+20	5.62e-29	1.19e-21	4.91e-16	2.15e-11	2.58e-06	4.09e-03	9.96e-01	0.00e+00	0.00e+00	0.00e+00	0.00e+00	0.00e+00	3.68e-78
 8.28735e+20	6.82e-29	1.39e-21	5.52e-16	2.32e-11	2.74e-06	4.23e-03	9.96e-01	0.00e+00	0.00e+00	0.00e+00	0.00e+00	0.00e+00	6.10e-78
 8.82606e+20	8.47e-29	1.65e-21	6.28e-16	2.52e-11	2.93e-06	4.38e-03	9.96e-01	0.00e+00	0.00e+00	0.00e+00	0.00e+00	0.00e+00	1.07e-77
 9.29082e+20	1.02e-28	1.91e-21	7.02e-16	2.71e-11	3.11e-06	4.52e-03	9.95e-01	0.00e+00	0.00e+00	0.00e+00	0.00e+00	0.00e+00	1.73e-77
 9.66489e+20	1.18e-28	2.15e-21	7.67e-16	2.88e-11	3.26e-06	4.64e-03	9.95e-01	0.00e+00	0.00e+00	0.00e+00	0.00e+00	0.00e+00	2.53e-77
 1.00702e+21	1.39e-28	2.45e-21	8.46e-16	3.07e-11	3.42e-06	4.77e-03	9.95e-01	0.00e+00	0.00e+00	0.00e+00	0.00e+00	0.00e+00	3.86e-77
 1.05970e+21	1.72e-28	2.90e-21	9.58e-16	3.33e-11	3.65e-06	4.94e-03	9.95e-01	0.00e+00	0.00e+00	0.00e+00	0.00e+00	0.00e+00	6.58e-77
 1.11398e+21	2.13e-28	3.44e-21	1.09e-15	3.63e-11	3.90e-06	5.12e-03	9.95e-01	0.00e+00	0.00e+00	0.00e+00	0.00e+00	0.00e+00	1.14e-76
 1.15826e+21	2.54e-28	3.96e-21	1.21e-15	3.90e-11	4.12e-06	5.27e-03	9.95e-01	0.00e+00	0.00e+00	0.00e+00	0.00e+00	0.00e+00	1.79e-76
 1.20374e+21	3.03e-28	4.58e-21	1.35e-15	4.19e-11	4.36e-06	5.43e-03	9.95e-01	0.00e+00	0.00e+00	0.00e+00	0.00e+00	0.00e+00	2.82e-76
 1.26287e+21	3.83e-28	5.51e-21	1.55e-15	4.60e-11	4.68e-06	5.64e-03	9.94e-01	0.00e+00	0.00e+00	0.00e+00	0.00e+00	0.00e+00	5.09e-76
 1.31934e+21	4.79e-28	6.60e-21	1.78e-15	5.03e-11	5.02e-06	5.85e-03	9.94e-01	0.00e+00	0.00e+00	0.00e+00	0.00e+00	0.00e+00	8.97e-76
 1.35944e+21	5.61e-28	7.50e-21	1.96e-15	5.37e-11	5.27e-06	6.00e-03	9.94e-01	0.00e+00	0.00e+00	0.00e+00	0.00e+00	0.00e+00	1.34e-75
 1.39866e+21	6.54e-28	8.49e-21	2.15e-15	5.72e-11	5.53e-06	6.15e-03	9.94e-01	0.00e+00	0.00e+00	0.00e+00	0.00e+00	0.00e+00	1.98e-75
 1.44965e+21	8.00e-28	9.97e-21	2.43e-15	6.21e-11	5.88e-06	6.35e-03	9.94e-01	0.00e+00	0.00e+00	0.00e+00	0.00e+00	0.00e+00	3.27e-75
 1.50393e+21	9.91e-28	1.19e-20	2.77e-15	6.78e-11	6.28e-06	6.58e-03	9.93e-01	0.00e+00	0.00e+00	0.00e+00	0.00e+00	0.00e+00	5.59e-75
 1.55064e+21	1.19e-27	1.38e-20	3.10e-15	7.31e-11	6.65e-06	6.77e-03	9.93e-01	0.00e+00	0.00e+00	0.00e+00	0.00e+00	0.00e+00	8.88e-75
 1.59955e+21	1.45e-27	1.61e-20	3.49e-15	7.92e-11	7.05e-06	6.98e-03	9.93e-01	0.00e+00	0.00e+00	0.00e+00	0.00e+00	0.00e+00	1.44e-74
 1.65402e+21	1.80e-27	1.91e-20	3.99e-15	8.66e-11	7.53e-06	7.23e-03	9.93e-01	0.00e+00	0.00e+00	0.00e+00	0.00e+00	0.00e+00	2.46e-74
 1.70429e+21	2.19e-27	2.25e-20	4.51e-15	9.42e-11	8.01e-06	7.46e-03	9.93e-01	0.00e+00	0.00e+00	0.00e+00	0.00e+00	0.00e+00	4.03e-74
 1.74862e+21	2.62e-27	2.60e-20	5.03e-15	1.01e-10	8.45e-06	7.67e-03	9.92e-01	0.00e+00	0.00e+00	0.00e+00	0.00e+00	0.00e+00	6.23e-74
 1.79664e+21	3.17e-27	3.03e-20	5.67e-15	1.10e-10	8.96e-06	7.90e-03	9.92e-01	0.00e+00	0.00e+00	0.00e+00	0.00e+00	0.00e+00	9.99e-74
 1.85046e+21	3.94e-27	3.61e-20	6.48e-15	1.20e-10	9.57e-06	8.17e-03	9.92e-01	0.00e+00	0.00e+00	0.00e+00	0.00e+00	0.00e+00	1.70e-73
 1.89956e+21	4.80e-27	4.24e-20	7.33e-15	1.31e-10	1.02e-05	8.42e-03	9.92e-01	0.00e+00	0.00e+00	0.00e+00	0.00e+00	0.00e+00	2.75e-73
 1.94316e+21	5.73e-27	4.90e-20	8.17e-15	1.41e-10	1.07e-05	8.65e-03	9.91e-01	0.00e+00	0.00e+00	0.00e+00	0.00e+00	0.00e+00	4.22e-73
 1.99188e+21	6.98e-27	5.75e-20	9.24e-15	1.53e-10	1.14e-05	8.91e-03	9.91e-01	0.00e+00	0.00e+00	0.00e+00	0.00e+00	0.00e+00	6.81e-73
 2.04662e+21	8.72e-27	6.89e-20	1.06e-14	1.69e-10	1.22e-05	9.22e-03	9.91e-01	0.00e+00	0.00e+00	0.00e+00	0.00e+00	0.00e+00	1.17e-72
 2.09786e+21	1.07e-26	8.17e-20	1.21e-14	1.85e-10	1.29e-05	9.52e-03	9.90e-01	0.00e+00	0.00e+00	0.00e+00	0.00e+00	0.00e+00	1.93e-72
 2.14471e+21	1.30e-26	9.55e-20	1.37e-14	2.01e-10	1.37e-05	9.80e-03	9.90e-01	0.00e+00	0.00e+00	0.00e+00	0.00e+00	0.00e+00	3.06e-72
 2.19714e+21	1.62e-26	1.14e-19	1.56e-14	2.20e-10	1.46e-05	1.01e-02	9.90e-01	0.00e+00	0.00e+00	0.00e+00	0.00e+00	0.00e+00	5.13e-72
 2.25501e+21	2.05e-26	1.38e-19	1.82e-14	2.44e-10	1.57e-05	1.05e-02	9.89e-01	0.00e+00	0.00e+00	0.00e+00	0.00e+00	0.00e+00	9.06e-72
 2.30767e+21	2.55e-26	1.65e-19	2.08e-14	2.68e-10	1.68e-05	1.08e-02	9.89e-01	0.00e+00	0.00e+00	0.00e+00	0.00e+00	0.00e+00	1.52e-71
 2.35596e+21	3.11e-26	1.94e-19	2.36e-14	2.93e-10	1.78e-05	1.12e-02	9.89e-01	0.00e+00	0.00e+00	0.00e+00	0.00e+00	0.00e+00	2.44e-71
 2.41084e+21	3.91e-26	2.34e-19	2.73e-14	3.24e-10	1.90e-05	1.15e-02	9.88e-01	0.00e+00	0.00e+00	0.00e+00	0.00e+00	0.00e+00	4.17e-71
 2.47193e+21	5.03e-26	2.88e-19	3.20e-14	3.62e-10	2.05e-05	1.20e-02	9.88e-01	0.00e+00	0.00e+00	0.00e+00	0.00e+00	0.00e+00	7.56e-71
 2.52838e+21	6.36e-26	3.49e-19	3.72e-14	4.01e-10	2.20e-05	1.24e-02	9.88e-01	0.00e+00	0.00e+00	0.00e+00	0.00e+00	0.00e+00	1.31e-70
 2.58001e+21	7.86e-26	4.15e-19	4.25e-14	4.40e-10	2.34e-05	1.28e-02	9.87e-01	0.00e+00	0.00e+00	0.00e+00	0.00e+00	0.00e+00	2.15e-70
 2.63806e+21	9.98e-26	5.05e-19	4.95e-14	4.90e-10	2.51e-05	1.32e-02	9.87e-01	0.00e+00	0.00e+00	0.00e+00	0.00e+00	0.00e+00	3.76e-70
 2.70358e+21	1.30e-25	6.29e-19	5.88e-14	5.52e-10	2.72e-05	1.38e-02	9.86e-01	0.00e+00	0.00e+00	0.00e+00	0.00e+00	0.00e+00	7.01e-70
 2.76559e+21	1.68e-25	7.73e-19	6.91e-14	6.18e-10	2.93e-05	1.43e-02	9.86e-01	0.00e+00	0.00e+00	0.00e+00	0.00e+00	0.00e+00	1.26e-69
 2.82036e+21	2.09e-25	9.28e-19	7.96e-14	6.82e-10	3.13e-05	1.47e-02	9.85e-01	0.00e+00	0.00e+00	0.00e+00	0.00e+00	0.00e+00	2.10e-69
 2.87123e+21	2.57e-25	1.10e-18	9.07e-14	7.47e-10	3.32e-05	1.52e-02	9.85e-01	0.00e+00	0.00e+00	0.00e+00	0.00e+00	0.00e+00	3.36e-69
 2.92965e+21	3.23e-25	1.33e-18	1.05e-13	8.29e-10	3.55e-05	1.57e-02	9.84e-01	0.00e+00	0.00e+00	0.00e+00	0.00e+00	0.00e+00	5.72e-69
 2.99481e+21	4.17e-25	1.63e-18	1.24e-13	9.30e-10	3.83e-05	1.63e-02	9.84e-01	0.00e+00	0.00e+00	0.00e+00	0.00e+00	0.00e+00	1.03e-68
 3.05535e+21	5.26e-25	1.98e-18	1.44e-13	1.03e-09	4.11e-05	1.69e-02	9.83e-01	0.00e+00	0.00e+00	0.00e+00	0.00e+00	0.00e+00	1.76e-68
 3.11171e+21	6.51e-25	2.36e-18	1.65e-13	1.14e-09	4.38e-05	1.74e-02	9.83e-01	0.00e+00	0.00e+00	0.00e+00	0.00e+00	0.00e+00	2.87e-68
 3.17602e+21	8.27e-25	2.88e-18	1.93e-13	1.27e-09	4.70e-05	1.80e-02	9.82e-01	0.00e+00	0.00e+00	0.00e+00	0.00e+00	0.00e+00	4.97e-68
 3.24791e+21	1.08e-24	3.58e-18	2.29e-13	1.43e-09	5.09e-05	1.87e-02	9.81e-01	0.00e+00	0.00e+00	0.00e+00	0.00e+00	0.00e+00	9.08e-68
 3.31514e+21	1.37e-24	4.37e-18	2.68e-13	1.60e-09	5.47e-05	1.94e-02	9.81e-01	0.00e+00	0.00e+00	0.00e+00	0.00e+00	0.00e+00	1.58e-67
 3.37827e+21	1.71e-24	5.25e-18	3.10e-13	1.78e-09	5.85e-05	2.01e-02	9.80e-01	0.00e+00	0.00e+00	0.00e+00	0.00e+00	0.00e+00	2.62e-67
 3.45061e+21	2.19e-24	6.45e-18	3.65e-13	1.99e-09	6.30e-05	2.08e-02	9.79e-01	0.00e+00	0.00e+00	0.00e+00	0.00e+00	0.00e+00	4.62e-67
 3.53145e+21	2.88e-24	8.08e-18	4.35e-13	2.26e-09	6.84e-05	2.17e-02	9.78e-01	0.00e+00	0.00e+00	0.00e+00	0.00e+00	0.00e+00	8.58e-67
 3.60704e+21	3.68e-24	9.93e-18	5.12e-13	2.54e-09	7.38e-05	2.25e-02	9.77e-01	0.00e+00	0.00e+00	0.00e+00	0.00e+00	0.00e+00	1.51e-66
 3.67808e+21	4.62e-24	1.20e-17	5.95e-13	2.82e-09	7.91e-05	2.33e-02	9.77e-01	0.00e+00	0.00e+00	0.00e+00	0.00e+00	0.00e+00	2.54e-66
 3.75950e+21	5.96e-24	1.48e-17	7.03e-13	3.18e-09	8.54e-05	2.42e-02	9.76e-01	0.00e+00	0.00e+00	0.00e+00	0.00e+00	0.00e+00	4.52e-66
 3.84628e+21	7.75e-24	1.85e-17	8.37e-13	3.60e-09	9.27e-05	2.51e-02	9.75e-01	0.00e+00	0.00e+00	0.00e+00	0.00e+00	0.00e+00	8.25e-66
 3.91960e+21	9.64e-24	2.22e-17	9.67e-13	3.99e-09	9.91e-05	2.60e-02	9.74e-01	0.00e+00	0.00e+00	0.00e+00	0.00e+00	0.00e+00	1.35e-65
 3.98450e+21	1.16e-23	2.59e-17	1.10e-12	4.37e-09	1.05e-04	2.67e-02	9.73e-01	0.00e+00	0.00e+00	0.00e+00	0.00e+00	0.00e+00	2.08e-65
 4.05885e+21	1.44e-23	3.09e-17	1.26e-12	4.83e-09	1.12e-04	2.76e-02	9.72e-01	0.00e+00	0.00e+00	0.00e+00	0.00e+00	0.00e+00	3.36e-65
 4.15552e+21	1.87e-23	3.87e-17	1.51e-12	5.48e-09	1.22e-04	2.87e-02	9.71e-01	0.00e+00	0.00e+00	0.00e+00	0.00e+00	0.00e+00	6.17e-65
 4.25416e+21	2.45e-23	4.84e-17	1.80e-12	6.23e-09	1.32e-04	2.99e-02	9.70e-01	0.00e+00	0.00e+00	0.00e+00	4.83e-17	1.18e-20	1.13e-64
 4.33401e+21	3.01e-23	5.77e-17	2.07e-12	6.90e-09	1.41e-04	3.09e-02	9.69e-01	0.00e+00	0.00e+00	0.00e+00	5.77e-17	1.40e-20	1.82e-64
 4.41645e+21	3.72e-23	6.89e-17	2.39e-12	7.64e-09	1.51e-04	3.19e-02	9.68e-01	0.00e+00	0.00e+00	0.00e+00	6.88e-17	1.68e-20	2.94e-64
 4.52362e+21	4.85e-23	8.62e-17	2.85e-12	8.69e-09	1.64e-04	3.33e-02	9.67e-01	0.00e+00	0.00e+00	0.00e+00	8.62e-17	2.10e-20	5.40e-64
 4.63449e+21	6.34e-23	1.08e-16	3.42e-12	9.91e-09	1.79e-04	3.47e-02	9.65e-01	0.00e+00	0.00e+00	0.00e+00	1.08e-16	2.63e-20	9.95e-64
 4.72059e+21	7.81e-23	1.29e-16	3.94e-12	1.10e-08	1.92e-04	3.58e-02	9.64e-01	0.00e+00	0.00e+00	0.00e+00	1.29e-16	3.15e-20	1.60e-63
 4.79061e+21	9.13e-23	1.47e-16	4.39e-12	1.19e-08	2.01e-04	3.67e-02	9.63e-01	0.00e+00	0.00e+00	0.00e+00	1.47e-16	3.60e-20	2.29e-63
 4.86932e+21	1.09e-22	1.71e-16	4.94e-12	1.29e-08	2.13e-04	3.77e-02	9.62e-01	0.00e+00	0.00e+00	0.00e+00	1.71e-16	4.18e-20	3.41e-63
 4.97164e+21	1.36e-22	2.07e-16	5.76e-12	1.44e-08	2.29e-04	3.91e-02	9.61e-01	0.00e+00	0.00e+00	0.00e+00	2.07e-16	5.06e-20	5.70e-63
 5.08090e+21	1.72e-22	2.53e-16	6.76e-12	1.62e-08	2.47e-04	4.06e-02	9.59e-01	0.00e+00	0.00e+00	0.00e+00	2.53e-16	6.18e-20	9.73e-63
 5.17635e+21	2.09e-22	3.00e-16	7.75e-12	1.79e-08	2.64e-04	4.19e-02	9.58e-01	0.00e+00	0.00e+00	0.00e+00	3.00e-16	7.33e-20	1.53e-62
 5.27760e+21	2.56e-22	3.57e-16	8.92e-12	1.99e-08	2.82e-04	4.33e-02	9.56e-01	0.00e+00	0.00e+00	0.00e+00	3.57e-16	8.74e-20	2.45e-62
 5.40923e+21	3.30e-22	4.45e-16	1.06e-11	2.26e-08	3.07e-04	4.51e-02	9.55e-01	0.00e+00	0.00e+00	0.00e+00	4.45e-16	1.09e-19	4.40e-62
 5.54294e+21	4.26e-22	5.56e-16	1.27e-11	2.58e-08	3.34e-04	4.70e-02	9.53e-01	0.00e+00	0.00e+00	0.00e+00	5.56e-16	1.36e-19	7.96e-62
 5.64950e+21	5.18e-22	6.60e-16	1.46e-11	2.85e-08	3.57e-04	4.85e-02	9.51e-01	0.00e+00	0.00e+00	0.00e+00	6.60e-16	1.62e-19	1.25e-61
 5.75821e+21	6.28e-22	7.82e-16	1.68e-11	3.15e-08	3.81e-04	5.00e-02	9.50e-01	0.00e+00	0.00e+00	0.00e+00	7.82e-16	1.92e-19	1.96e-61
 5.87950e+21	7.74e-22	9.41e-16	1.94e-11	3.51e-08	4.09e-04	5.18e-02	9.48e-01	0.00e+00	0.00e+00	0.00e+00	9.41e-16	2.31e-19	3.20e-61
 5.99301e+21	9.36e-22	1.11e-15	2.23e-11	3.88e-08	4.36e-04	5.34e-02	9.46e-01	0.00e+00	0.00e+00	0.00e+00	1.11e-15	2.73e-19	5.01e-61
 6.11644e+21	1.14e-21	1.33e-15	2.58e-11	4.31e-08	4.68e-04	5.53e-02	9.44e-01	0.00e+00	0.00e+00	0.00e+00	1.33e-15	3.27e-19	8.03e-61
 6.25315e+21	1.42e-21	1.62e-15	3.01e-11	4.84e-08	5.04e-04	5.73e-02	9.42e-01	0.00e+00	0.00e+00	0.00e+00	1.62e-15	3.97e-19	1.34e-60
 6.38002e+21	1.72e-21	1.93e-15	3.47e-11	5.37e-08	5.39e-04	5.92e-02	9.40e-01	0.00e+00	0.00e+00	0.00e+00	1.93e-15	4.73e-19	2.12e-60
 6.51782e+21	2.11e-21	2.32e-15	4.03e-11	6.00e-08	5.80e-04	6.13e-02	9.38e-01	0.00e+00	0.00e+00	0.00e+00	2.32e-15	5.70e-19	3.44e-60
 6.67209e+21	2.63e-21	2.85e-15	4.75e-11	6.76e-08	6.27e-04	6.36e-02	9.36e-01	0.00e+00	0.00e+00	0.00e+00	2.85e-15	6.98e-19	5.84e-60
 6.81799e+21	3.21e-21	3.43e-15	5.52e-11	7.56e-08	6.74e-04	6.59e-02	9.33e-01	0.00e+00	0.00e+00	0.00e+00	3.43e-15	8.41e-19	9.49e-60
 6.97787e+21	3.95e-21	4.16e-15	6.46e-11	8.48e-08	7.27e-04	6.83e-02	9.31e-01	0.00e+00	0.00e+00	0.00e+00	4.16e-15	1.02e-18	1.57e-59
 7.15825e+21	5.00e-21	5.21e-15	7.74e-11	9.70e-08	7.93e-04	7.12e-02	9.28e-01	0.00e+00	0.00e+00	0.00e+00	5.21e-15	1.28e-18	2.80e-59
 7.31793e+21	6.07e-21	6.30e-15	9.03e-11	1.09e-07	8.54e-04	7.38e-02	9.25e-01	0.00e+00	0.00e+00	0.00e+00	6.30e-15	1.54e-18	4.54e-59
 7.45306e+21	7.11e-21	7.37e-15	1.02e-10	1.19e-07	9.07e-04	7.60e-02	9.23e-01	0.00e+00	0.00e+00	0.00e+00	7.37e-15	1.80e-18	6.77e-59
 7.60363e+21	8.50e-21	8.76e-15	1.18e-10	1.32e-07	9.70e-04	7.84e-02	9.21e-01	0.00e+00	0.00e+00	0.00e+00	8.75e-15	2.14e-18	1.05e-58
 7.79938e+21	1.05e-20	1.08e-14	1.40e-10	1.50e-07	1.05e-03	8.16e-02	9.17e-01	0.00e+00	0.00e+00	0.00e+00	1.08e-14	2.65e-18	1.80e-58
 8.00703e+21	1.32e-20	1.36e-14	1.68e-10	1.72e-07	1.15e-03	8.51e-02	9.14e-01	0.00e+00	0.00e+00	0.00e+00	1.36e-14	3.33e-18	3.21e-58
 8.17833e+21	1.57e-20	1.63e-14	1.95e-10	1.92e-07	1.24e-03	8.80e-02	9.11e-01	0.00e+00	0.00e+00	0.00e+00	1.63e-14	3.99e-18	5.04e-58
 8.32600e+21	1.81e-20	1.90e-14	2.20e-10	2.10e-07	1.31e-03	9.05e-02	9.08e-01	0.00e+00	0.00e+00	0.00e+00	1.90e-14	4.65e-18	7.38e-58
 8.49475e+21	2.14e-20	2.26e-14	2.53e-10	2.33e-07	1.40e-03	9.34e-02	9.05e-01	0.00e+00	0.00e+00	0.00e+00	2.26e-14	5.52e-18	1.13e-57
 8.71413e+21	2.61e-20	2.80e-14	3.01e-10	2.64e-07	1.52e-03	9.72e-02	9.01e-01	0.00e+00	0.00e+00	0.00e+00	2.80e-14	6.83e-18	1.93e-57
 8.94164e+21	3.21e-20	3.51e-14	3.62e-10	3.03e-07	1.66e-03	1.01e-01	8.97e-01	0.00e+00	0.00e+00	0.00e+00	3.51e-14	8.57e-18	3.34e-57
 9.12898e+21	3.76e-20	4.20e-14	4.19e-10	3.38e-07	1.78e-03	1.05e-01	8.94e-01	0.00e+00	0.00e+00	0.00e+00	4.20e-14	1.03e-17	5.15e-57
 9.32181e+21	4.43e-20	5.04e-14	4.85e-10	3.76e-07	1.91e-03	1.08e-01	8.90e-01	0.00e+00	0.00e+00	0.00e+00	5.03e-14	1.23e-17	8.00e-57
 9.57248e+21	5.40e-20	6.30e-14	5.81e-10	4.30e-07	2.09e-03	1.13e-01	8.85e-01	0.00e+00	0.00e+00	0.00e+00	6.30e-14	1.53e-17	1.38e-56
 9.83157e+21	6.61e-20	8.00e-14	7.06e-10	4.97e-07	2.29e-03	1.18e-01	8.80e-01	0.00e+00	0.00e+00	0.00e+00	8.00e-14	1.95e-17	2.42e-56
 1.00439e+22	7.72e-20	9.66e-14	8.22e-10	5.56e-07	2.47e-03	1.22e-01	8.76e-01	0.00e+00	0.00e+00	0.00e+00	9.66e-14	2.35e-17	3.77e-56
 1.02623e+22	9.05e-20	1.17e-13	9.58e-10	6.23e-07	2.65e-03	1.26e-01	8.71e-01	0.00e+00	0.00e+00	0.00e+00	1.17e-13	2.84e-17	5.89e-56
 1.04975e+22	1.06e-19	1.43e-13	1.13e-09	7.02e-07	2.87e-03	1.31e-01	8.67e-01	0.00e+00	0.00e+00	0.00e+00	1.42e-13	3.46e-17	9.36e-56
 1.07052e+22	1.22e-19	1.70e-13	1.30e-09	7.80e-07	3.07e-03	1.35e-01	8.62e-01	0.00e+00	0.00e+00	0.00e+00	1.70e-13	4.12e-17	1.40e-55
 1.08966e+22	1.37e-19	1.98e-13	1.48e-09	8.57e-07	3.26e-03	1.38e-01	8.58e-01	0.00e+00	0.00e+00	0.00e+00	1.98e-13	4.82e-17	2.01e-55
 1.11162e+22	1.60e-19	2.38e-13	1.71e-09	9.56e-07	3.49e-03	1.43e-01	8.54e-01	0.00e+00	0.00e+00	0.00e+00	2.38e-13	5.77e-17	3.06e-55
 1.13637e+22	1.84e-19	2.89e-13	2.00e-09	1.07e-06	3.77e-03	1.48e-01	8.48e-01	0.00e+00	0.00e+00	0.00e+00	2.88e-13	6.99e-17	4.76e-55
 1.16003e+22	2.12e-19	3.47e-13	2.33e-09	1.20e-06	4.05e-03	1.53e-01	8.43e-01	0.00e+00	0.00e+00	0.00e+00	3.47e-13	8.41e-17	7.24e-55
 1.18252e+22	2.42e-19	4.15e-13	2.69e-09	1.34e-06	4.34e-03	1.58e-01	8.38e-01	0.00e+00	0.00e+00	0.00e+00	4.15e-13	1.00e-16	1.08e-54
 1.20823e+22	2.80e-19	5.02e-13	3.14e-09	1.50e-06	4.67e-03	1.63e-01	8.32e-01	0.00e+00	0.00e+00	0.00e+00	5.02e-13	1.21e-16	1.67e-54
 1.23698e+22	3.28e-19	6.26e-13	3.76e-09	1.71e-06	5.08e-03	1.69e-01	8.26e-01	0.00e+00	0.00e+00	0.00e+00	6.26e-13	1.51e-16	2.72e-54
 1.26353e+22	3.76e-19	7.62e-13	4.42e-09	1.93e-06	5.48e-03	1.75e-01	8.19e-01	0.00e+00	0.00e+00	0.00e+00	7.61e-13	1.84e-16	4.19e-54
 1.28808e+22	4.26e-19	9.10e-13	5.11e-09	2.15e-06	5.88e-03	1.81e-01	8.13e-01	0.00e+00	0.00e+00	0.00e+00	9.10e-13	2.20e-16	6.23e-54
 1.31620e+22	4.94e-19	1.11e-12	6.02e-09	2.43e-06	6.35e-03	1.87e-01	8.07e-01	0.00e+00	0.00e+00	0.00e+00	1.11e-12	2.68e-16	9.73e-54
 1.35275e+22	5.93e-19	1.43e-12	7.42e-09	2.84e-06	7.00e-03	1.95e-01	7.98e-01	0.00e+00	0.00e+00	0.00e+00	1.43e-12	3.45e-16	1.71e-53
 1.38967e+22	7.03e-19	1.85e-12	9.15e-09	3.31e-06	7.73e-03	2.04e-01	7.88e-01	0.00e+00	0.00e+00	0.00e+00	1.85e-12	4.44e-16	2.98e-53
 1.41887e+22	7.94e-19	2.25e-12	1.08e-08	3.74e-06	8.34e-03	2.11e-01	7.81e-01	0.00e+00	0.00e+00	0.00e+00	2.25e-12	5.41e-16	4.56e-53
 1.44860e+22	9.10e-19	2.75e-12	1.27e-08	4.23e-06	9.01e-03	2.18e-01	7.73e-01	0.00e+00	0.00e+00	0.00e+00	2.75e-12	6.60e-16	7.01e-53
 1.48725e+22	1.07e-18	3.50e-12	1.55e-08	4.90e-06	9.90e-03	2.27e-01	7.63e-01	0.00e+00	0.00e+00	0.00e+00	3.50e-12	8.41e-16	1.20e-52
 1.52785e+22	1.26e-18	4.54e-12	1.92e-08	5.77e-06	1.10e-02	2.37e-01	7.52e-01	0.00e+00	0.00e+00	0.00e+00	4.54e-12	1.09e-15	2.09e-52
 1.56176e+22	1.43e-18	5.63e-12	2.30e-08	6.59e-06	1.19e-02	2.45e-01	7.43e-01	0.00e+00	0.00e+00	0.00e+00	5.63e-12	1.36e-15	3.30e-52
 1.59045e+22	1.57e-18	6.68e-12	2.65e-08	7.33e-06	1.27e-02	2.52e-01	7.35e-01	0.00e+00	0.00e+00	0.00e+00	6.68e-12	1.61e-15	4.77e-52
 1.62155e+22	1.78e-18	8.03e-12	3.10e-08	8.22e-06	1.37e-02	2.60e-01	7.26e-01	0.00e+00	0.00e+00	0.00e+00	8.03e-12	1.94e-15	7.13e-52
 1.66198e+22	2.06e-18	1.01e-11	3.77e-08	9.52e-06	1.50e-02	2.70e-01	7.15e-01	0.00e+00	0.00e+00	0.00e+00	1.01e-11	2.45e-15	1.18e-51
 1.70385e+22	2.35e-18	1.29e-11	4.60e-08	1.11e-05	1.65e-02	2.80e-01	7.03e-01	0.00e+00	0.00e+00	0.00e+00	1.29e-11	3.11e-15	1.97e-51
 1.73845e+22	2.61e-18	1.56e-11	5.41e-08	1.25e-05	1.77e-02	2.89e-01	6.93e-01	0.00e+00	0.00e+00	0.00e+00	1.56e-11	3.77e-15	2.98e-51
 1.77432e+22	2.94e-18	1.89e-11	6.37e-08	1.41e-05	1.91e-02	2.98e-01	6.83e-01	0.00e+00	0.00e+00	0.00e+00	1.89e-11	4.58e-15	4.53e-51
 1.82094e+22	3.39e-18	2.42e-11	7.83e-08	1.65e-05	2.10e-02	3.09e-01	6.70e-01	0.00e+00	0.00e+00	0.00e+00	2.41e-11	5.84e-15	7.67e-51
 1.86797e+22	3.83e-18	3.08e-11	9.62e-08	1.92e-05	2.31e-02	3.21e-01	6.56e-01	0.00e+00	0.00e+00	0.00e+00	3.08e-11	7.45e-15	1.29e-50
 1.90502e+22	4.20e-18	3.70e-11	1.13e-07	2.17e-05	2.49e-02	3.30e-01	6.45e-01	0.00e+00	0.00e+00	0.00e+00	3.70e-11	8.98e-15	1.92e-50
 1.94270e+22	4.64e-18	4.44e-11	1.31e-07	2.44e-05	2.67e-02	3.39e-01	6.35e-01	0.00e+00	0.00e+00	0.00e+00	4.43e-11	1.08e-14	2.83e-50
 1.99169e+22	5.25e-18	5.57e-11	1.60e-07	2.83e-05	2.92e-02	3.50e-01	6.21e-01	0.00e+00	0.00e+00	0.00e+00	5.57e-11	1.35e-14	4.64e-50
 2.04296e+22	5.84e-18	7.03e-11	1.95e-07	3.29e-05	3.20e-02	3.62e-01	6.06e-01	0.00e+00	0.00e+00	0.00e+00	7.03e-11	1.71e-14	7.68e-50
 2.08614e+22	6.35e-18	8.50e-11	2.30e-07	3.73e-05	3.45e-02	3.72e-01	5.94e-01	0.00e+00	0.00e+00	0.00e+00	8.50e-11	2.07e-14	1.16e-49
 2.13123e+22	6.99e-18	1.03e-10	2.71e-07	4.22e-05	3.72e-02	3.82e-01	5.81e-01	0.00e+00	0.00e+00	0.00e+00	1.03e-10	2.50e-14	1.75e-49
 2.18984e+22	7.86e-18	1.30e-10	3.33e-07	4.93e-05	4.08e-02	3.94e-01	5.65e-01	0.00e+00	0.00e+00	0.00e+00	1.30e-10	3.17e-14	2.94e-49
 2.25022e+22	8.61e-18	1.65e-10	4.10e-07	5.78e-05	4.49e-02	4.07e-01	5.48e-01	0.00e+00	0.00e+00	0.00e+00	1.65e-10	4.04e-14	4.95e-49
 2.29987e+22	9.26e-18	2.00e-10	4.83e-07	6.55e-05	4.83e-02	4.17e-01	5.35e-01	0.00e+00	0.00e+00	0.00e+00	1.99e-10	4.88e-14	7.49e-49
 2.34462e+22	9.90e-18	2.35e-10	5.58e-07	7.32e-05	5.16e-02	4.26e-01	5.23e-01	0.00e+00	0.00e+00	0.00e+00	2.35e-10	5.76e-14	1.07e-48
 2.38880e+22	1.05e-17	2.75e-10	6.39e-07	8.12e-05	5.48e-02	4.34e-01	5.11e-01	0.00e+00	0.00e+00	0.00e+00	2.75e-10	6.73e-14	1.52e-48
 2.43897e+22	1.14e-17	3.26e-10	7.42e-07	9.10e-05	5.86e-02	4.43e-01	4.98e-01	0.00e+00	0.00e+00	0.00e+00	3.26e-10	7.99e-14	2.21e-48
 2.49411e+22	1.23e-17	3.91e-10	8.72e-07	1.03e-04	6.29e-02	4.52e-01	4.85e-01	0.00e+00	0.00e+00	0.00e+00	3.91e-10	9.60e-14	3.33e-48
 2.54430e+22	1.30e-17	4.61e-10	1.01e-06	1.15e-04	6.71e-02	4.61e-01	4.72e-01	0.00e+00	0.00e+00	0.00e+00	4.61e-10	1.13e-13	4.75e-48
 2.59091e+22	1.38e-17	5.32e-10	1.14e-06	1.27e-04	7.10e-02	4.68e-01	4.61e-01	0.00e+00	0.00e+00	0.00e+00	5.32e-10	1.31e-13	6.59e-48
 2.64428e+22	1.49e-17	6.23e-10	1.31e-06	1.41e-04	7.54e-02	4.76e-01	4.48e-01	0.00e+00	0.00e+00	0.00e+00	6.23e-10	1.53e-13	9.44e-48
 2.71366e+22	1.64e-17	7.60e-10	1.57e-06	1.61e-04	8.14e-02	4.86e-01	4.33e-01	0.00e+00	0.00e+00	0.00e+00	7.60e-10	1.87e-13	1.48e-47
 2.78361e+22	1.77e-17	9.25e-10	1.87e-06	1.84e-04	8.78e-02	4.95e-01	4.17e-01	0.00e+00	0.00e+00	0.00e+00	9.25e-10	2.28e-13	2.31e-47
 2.83859e+22	1.87e-17	1.07e-09	2.13e-06	2.04e-04	9.31e-02	5.02e-01	4.05e-01	0.00e+00	0.00e+00	0.00e+00	1.07e-09	2.65e-13	3.23e-47
 2.89434e+22	2.02e-17	1.24e-09	2.42e-06	2.25e-04	9.82e-02	5.08e-01	3.93e-01	0.00e+00	0.00e+00	0.00e+00	1.24e-09	3.05e-13	4.51e-47
 2.96682e+22	2.23e-17	1.48e-09	2.84e-06	2.54e-04	1.05e-01	5.16e-01	3.79e-01	0.00e+00	0.00e+00	0.00e+00	1.48e-09	3.65e-13	6.81e-47
 3.04337e+22	2.43e-17	1.78e-09	3.35e-06	2.89e-04	1.13e-01	5.23e-01	3.64e-01	0.00e+00	0.00e+00	0.00e+00	1.78e-09	4.40e-13	1.05e-46
 3.10858e+22	2.60e-17	2.08e-09	3.84e-06	3.21e-04	1.19e-01	5.29e-01	3.51e-01	0.00e+00	0.00e+00	0.00e+00	2.08e-09	5.13e-13	1.48e-46
 3.17673e+22	2.84e-17	2.41e-09	4.38e-06	3.55e-04	1.26e-01	5.34e-01	3.39e-01	0.00e+00	0.00e+00	0.00e+00	2.41e-09	5.96e-13	2.12e-46
 3.26533e+22	3.18e-17	2.91e-09	5.18e-06	4.04e-04	1.35e-01	5.40e-01	3.24e-01	0.00e+00	0.00e+00	0.00e+00	2.91e-09	7.18e-13	3.30e-46
 3.35686e+22	3.50e-17	3.52e-09	6.14e-06	4.60e-04	1.45e-01	5.46e-01	3.09e-01	0.00e+00	0.00e+00	0.00e+00	3.52e-09	8.69e-13	5.19e-46
 3.43206e+22	3.77e-17	4.09e-09	7.04e-06	5.11e-04	1.53e-01	5.50e-01	2.96e-01	0.00e+00	0.00e+00	0.00e+00	4.09e-09	1.01e-12	7.37e-46
 3.50965e+22	4.15e-17	4.73e-09	8.00e-06	5.64e-04	1.61e-01	5.53e-01	2.85e-01	0.00e+00	0.00e+00	0.00e+00	4.73e-09	1.17e-12	1.05e-45
 3.61052e+22	4.67e-17	5.67e-09	9.41e-06	6.38e-04	1.72e-01	5.57e-01	2.71e-01	4.53e-17	1.15e-18	2.72e-19	5.67e-09	1.40e-12	1.63e-45
 3.71766e+22	5.20e-17	6.85e-09	1.12e-05	7.27e-04	1.84e-01	5.60e-01	2.56e-01	5.05e-17	1.27e-18	3.02e-19	6.84e-09	1.69e-12	2.59e-45
 3.81020e+22	5.68e-17	8.00e-09	1.29e-05	8.11e-04	1.95e-01	5.61e-01	2.43e-01	5.50e-17	1.38e-18	3.28e-19	7.99e-09	1.97e-12	3.77e-45
 3.88674e+22	6.11e-17	9.06e-09	1.43e-05	8.82e-04	2.03e-01	5.62e-01	2.34e-01	5.92e-17	1.48e-18	3.51e-19	9.06e-09	2.23e-12	5.17e-45
 3.96525e+22	6.64e-17	1.02e-08	1.60e-05	9.58e-04	2.12e-01	5.62e-01	2.25e-01	6.45e-17	1.61e-18	3.80e-19	1.02e-08	2.51e-12	6.98e-45
 4.06731e+22	7.38e-17	1.19e-08	1.83e-05	1.06e-03	2.23e-01	5.62e-01	2.14e-01	7.16e-17	1.77e-18	4.19e-19	1.19e-08	2.91e-12	1.02e-44
 4.17501e+22	8.13e-17	1.39e-08	2.11e-05	1.18e-03	2.35e-01	5.62e-01	2.02e-01	7.89e-17	1.94e-18	4.59e-19	1.39e-08	3.40e-12	1.52e-44
 4.26568e+22	8.78e-17	1.58e-08	2.37e-05	1.29e-03	2.45e-01	5.60e-01	1.93e-01	8.52e-17	2.09e-18	4.93e-19	1.58e-08	3.86e-12	2.10e-44
 4.35919e+22	9.60e-17	1.78e-08	2.64e-05	1.41e-03	2.55e-01	5.59e-01	1.84e-01	9.31e-17	2.27e-18	5.36e-19	1.78e-08	4.36e-12	2.88e-44
 4.48076e+22	1.07e-16	2.08e-08	3.04e-05	1.57e-03	2.68e-01	5.56e-01	1.74e-01	1.04e-16	2.52e-18	5.94e-19	2.07e-08	5.06e-12	4.28e-44
 4.60669e+22	1.18e-16	2.43e-08	3.50e-05	1.75e-03	2.82e-01	5.53e-01	1.63e-01	1.15e-16	2.76e-18	6.51e-19	2.43e-08	5.91e-12	6.46e-44
 4.70998e+22	1.28e-16	2.74e-08	3.91e-05	1.90e-03	2.94e-01	5.49e-01	1.55e-01	1.24e-16	2.97e-18	7.00e-19	2.74e-08	6.67e-12	8.96e-44
 4.81593e+22	1.40e-16	3.09e-08	4.35e-05	2.06e-03	3.05e-01	5.46e-01	1.48e-01	1.36e-16	3.22e-18	7.59e-19	3.08e-08	7.48e-12	1.23e-43
 4.95365e+22	1.56e-16	3.57e-08	4.97e-05	2.28e-03	3.19e-01	5.40e-01	1.38e-01	1.51e-16	3.57e-18	8.39e-19	3.57e-08	8.62e-12	1.83e-43
 5.09959e+22	1.73e-16	4.16e-08	5.71e-05	2.54e-03	3.34e-01	5.34e-01	1.29e-01	1.68e-16	3.92e-18	9.22e-19	4.16e-08	1.00e-11	2.78e-43
 5.22420e+22	1.87e-16	4.72e-08	6.40e-05	2.77e-03	3.47e-01	5.29e-01	1.22e-01	1.82e-16	4.23e-18	9.94e-19	4.72e-08	1.13e-11	3.94e-43
 5.35420e+22	2.06e-16	5.32e-08	7.14e-05	3.01e-03	3.60e-01	5.23e-01	1.15e-01	2.00e-16	4.60e-18	1.08e-18	5.32e-08	1.27e-11	5.53e-43
 5.52320e+22	2.31e-16	6.18e-08	8.18e-05	3.34e-03	3.76e-01	5.14e-01	1.07e-01	2.25e-16	5.11e-18	1.20e-18	6.18e-08	1.47e-11	8.49e-43
 5.70201e+22	2.57e-16	7.23e-08	9.43e-05	3.72e-03	3.93e-01	5.05e-01	9.82e-02	2.50e-16	5.64e-18	1.32e-18	7.23e-08	1.72e-11	1.33e-42
 5.85446e+22	2.81e-16	8.22e-08	1.06e-04	4.07e-03	4.07e-01	4.97e-01	9.18e-02	2.73e-16	6.11e-18	1.43e-18	8.22e-08	1.94e-11	1.94e-42
 6.01354e+22	3.09e-16	9.29e-08	1.18e-04	4.43e-03	4.21e-01	4.89e-01	8.59e-02	3.01e-16	6.66e-18	1.56e-18	9.28e-08	2.18e-11	2.79e-42
 6.22034e+22	3.49e-16	1.08e-07	1.35e-04	4.90e-03	4.38e-01	4.78e-01	7.90e-02	3.40e-16	7.42e-18	1.74e-18	1.08e-07	2.52e-11	4.42e-42
 6.44346e+22	3.91e-16	1.27e-07	1.57e-04	5.48e-03	4.57e-01	4.66e-01	7.19e-02	3.80e-16	8.20e-18	1.92e-18	1.27e-07	2.94e-11	7.17e-42
 6.63858e+22	4.29e-16	1.45e-07	1.77e-04	6.01e-03	4.73e-01	4.55e-01	6.63e-02	4.18e-16	8.92e-18	2.08e-18	1.45e-07	3.34e-11	1.08e-41
 6.79652e+22	4.59e-16	1.61e-07	1.94e-04	6.44e-03	4.85e-01	4.46e-01	6.23e-02	4.47e-16	9.46e-18	2.21e-18	1.61e-07	3.69e-11	1.50e-41
 6.95533e+22	5.01e-16	1.77e-07	2.12e-04	6.88e-03	4.96e-01	4.38e-01	5.86e-02	4.88e-16	1.02e-17	2.39e-18	1.77e-07	4.05e-11	2.06e-41
 7.16178e+22	5.54e-16	2.00e-07	2.35e-04	7.45e-03	5.10e-01	4.28e-01	5.44e-02	5.40e-16	1.12e-17	2.60e-18	2.00e-07	4.53e-11	3.03e-41
 7.38896e+22	6.10e-16	2.28e-07	2.65e-04	8.14e-03	5.26e-01	4.16e-01	4.99e-02	5.95e-16	1.21e-17	2.83e-18	2.28e-07	5.11e-11	4.62e-41
 7.59338e+22	6.64e-16	2.56e-07	2.93e-04	8.78e-03	5.39e-01	4.06e-01	4.63e-02	6.48e-16	1.30e-17	3.04e-18	2.56e-07	5.69e-11	6.71e-41
 7.80943e+22	7.32e-16	2.86e-07	3.22e-04	9.42e-03	5.51e-01	3.96e-01	4.31e-02	7.14e-16	1.42e-17	3.30e-18	2.86e-07	6.29e-11	9.70e-41
 8.09028e+22	8.13e-16	3.27e-07	3.62e-04	1.03e-02	5.67e-01	3.83e-01	3.93e-02	7.94e-16	1.55e-17	3.60e-18	3.27e-07	7.08e-11	1.51e-40
 8.37407e+22	9.02e-16	3.75e-07	4.09e-04	1.13e-02	5.83e-01	3.70e-01	3.56e-02	8.81e-16	1.69e-17	3.93e-18	3.75e-07	8.06e-11	2.42e-40
 8.59423e+22	9.73e-16	4.16e-07	4.47e-04	1.21e-02	5.94e-01	3.60e-01	3.31e-02	9.50e-16	1.80e-17	4.19e-18	4.16e-07	8.87e-11	3.45e-40
 8.81299e+22	1.06e-15	4.57e-07	4.85e-04	1.28e-02	6.04e-01	3.51e-01	3.10e-02	1.03e-15	1.93e-17	4.48e-18	4.57e-07	9.62e-11	4.74e-40
 9.09739e+22	1.17e-15	5.14e-07	5.34e-04	1.37e-02	6.16e-01	3.41e-01	2.86e-02	1.15e-15	2.10e-17	4.88e-18	5.14e-07	1.06e-10	7.07e-40
 9.44947e+22	1.30e-15	5.87e-07	5.99e-04	1.50e-02	6.31e-01	3.28e-01	2.58e-02	1.28e-15	2.28e-17	5.29e-18	5.87e-07	1.19e-10	1.13e-39
 9.80084e+22	1.46e-15	6.74e-07	6.73e-04	1.63e-02	6.45e-01	3.15e-01	2.33e-02	1.43e-15	2.50e-17	5.80e-18	6.73e-07	1.35e-10	1.83e-39
 1.00957e+23	1.59e-15	7.51e-07	7.36e-04	1.74e-02	6.56e-01	3.05e-01	2.15e-02	1.55e-15	2.68e-17	6.20e-18	7.50e-07	1.48e-10	2.68e-39
 1.04057e+23	1.74e-15	8.31e-07	8.02e-04	1.85e-02	6.66e-01	2.95e-01	1.99e-02	1.70e-15	2.87e-17	6.64e-18	8.31e-07	1.61e-10	3.84e-39
 1.07988e+23	1.93e-15	9.39e-07	8.87e-04	1.99e-02	6.77e-01	2.84e-01	1.81e-02	1.89e-15	3.11e-17	7.19e-18	9.39e-07	1.78e-10	5.92e-39
 1.12332e+23	2.17e-15	1.08e-06	9.90e-04	2.16e-02	6.89e-01	2.72e-01	1.63e-02	2.13e-15	3.41e-17	7.87e-18	1.08e-06	2.00e-10	9.60e-39
 1.16460e+23	2.39e-15	1.21e-06	1.09e-03	2.32e-02	7.00e-01	2.61e-01	1.48e-02	2.34e-15	3.66e-17	8.45e-18	1.21e-06	2.21e-10	1.49e-38
 1.20851e+23	2.64e-15	1.36e-06	1.20e-03	2.48e-02	7.09e-01	2.51e-01	1.35e-02	2.59e-15	3.93e-17	9.06e-18	1.36e-06	2.41e-10	2.24e-38
 1.25809e+23	2.94e-15	1.54e-06	1.33e-03	2.66e-02	7.19e-01	2.41e-01	1.22e-02	2.89e-15	4.24e-17	9.78e-18	1.54e-06	2.66e-10	3.53e-38
 1.30965e+23	3.27e-15	1.74e-06	1.46e-03	2.86e-02	7.29e-01	2.30e-01	1.11e-02	3.21e-15	4.56e-17	1.05e-17	1.74e-06	2.93e-10	5.52e-38
 1.36327e+23	3.62e-15	1.97e-06	1.61e-03	3.06e-02	7.37e-01	2.21e-01	1.00e-02	3.56e-15	4.88e-17	1.12e-17	1.97e-06	3.20e-10	8.52e-38
 1.41903e+23	4.00e-15	2.21e-06	1.76e-03	3.26e-02	7.45e-01	2.11e-01	9.13e-03	3.93e-15	5.21e-17	1.20e-17	2.21e-06	3.49e-10	1.30e-37
 1.47703e+23	4.39e-15	2.47e-06	1.93e-03	3.47e-02	7.52e-01	2.03e-01	8.33e-03	4.33e-15	5.51e-17	1.27e-17	2.47e-06	3.77e-10	1.96e-37
 1.53734e+23	4.80e-15	2.76e-06	2.10e-03	3.69e-02	7.59e-01	1.95e-01	7.61e-03	4.72e-15	5.79e-17	1.33e-17	2.75e-06	4.06e-10	2.90e-37
 1.60007e+23	5.19e-15	3.06e-06	2.28e-03	3.91e-02	7.65e-01	1.87e-01	6.97e-03	5.11e-15	6.02e-17	1.38e-17	3.06e-06	4.34e-10	4.25e-37
 1.66531e+23	5.63e-15	3.38e-06	2.46e-03	4.12e-02	7.70e-01	1.80e-01	6.41e-03	5.55e-15	6.26e-17	1.44e-17	3.38e-06	4.62e-10	6.12e-37
 1.73315e+23	6.07e-15	3.72e-06	2.65e-03	4.34e-02	7.75e-01	1.73e-01	5.91e-03	5.99e-15	6.46e-17	1.48e-17	3.72e-06	4.88e-10	8.67e-37
 1.80371e+23	6.50e-15	4.08e-06	2.84e-03	4.56e-02	7.79e-01	1.67e-01	5.47e-03	6.42e-15	6.62e-17	1.52e-17	4.08e-06	5.13e-10	1.21e-36
 1.87710e+23	6.92e-15	4.46e-06	3.04e-03	4.78e-02	7.83e-01	1.61e-01	5.08e-03	6.84e-15	6.73e-17	1.54e-17	4.45e-06	5.36e-10	1.66e-36
 1.95341e+23	7.30e-15	4.84e-06	3.24e-03	4.99e-02	7.86e-01	1.56e-01	4.74e-03	7.22e-15	6.76e-17	1.55e-17	4.83e-06	5.55e-10	2.23e-36
 2.03278e+23	7.67e-15	5.23e-06	3.44e-03	5.21e-02	7.89e-01	1.51e-01	4.43e-03	7.59e-15	6.74e-17	1.54e-17	5.23e-06	5.71e-10	2.95e-36
 2.11533e+23	8.01e-15	5.62e-06	3.64e-03	5.41e-02	7.91e-01	1.47e-01	4.16e-03	7.92e-15	6.67e-17	1.53e-17	5.62e-06	5.84e-10	3.83e-36
 2.20118e+23	8.28e-15	6.02e-06	3.83e-03	5.61e-02	7.93e-01	1.43e-01	3.93e-03	8.20e-15	6.53e-17	1.49e-17	6.02e-06	5.93e-10	4.88e-36
 2.28544e+23	8.49e-15	6.40e-06	4.02e-03	5.80e-02	7.95e-01	1.39e-01	3.72e-03	8.42e-15	6.36e-17	1.45e-17	6.40e-06	6.00e-10	6.11e-36
 2.36238e+23	8.68e-15	6.75e-06	4.19e-03	5.97e-02	7.97e-01	1.36e-01	3.55e-03	8.60e-15	6.20e-17	1.42e-17	6.75e-06	6.05e-10	7.41e-36
 2.43162e+23	8.82e-15	7.06e-06	4.33e-03	6.11e-02	7.98e-01	1.34e-01	3.42e-03	8.74e-15	6.05e-17	1.38e-17	7.06e-06	6.08e-10	8.67e-36
 2.49394e+23	8.81e-15	7.32e-06	4.45e-03	6.22e-02	7.98e-01	1.32e-01	3.31e-03	8.74e-15	5.82e-17	1.33e-17	7.32e-06	6.06e-10	9.84e-36
 2.55003e+23	8.83e-15	7.54e-06	4.56e-03	6.32e-02	7.99e-01	1.30e-01	3.23e-03	8.76e-15	5.63e-17	1.28e-17	7.53e-06	6.03e-10	1.09e-35
 2.60051e+23	8.85e-15	7.73e-06	4.64e-03	6.41e-02	8.00e-01	1.29e-01	3.16e-03	8.78e-15	5.47e-17	1.25e-17	7.73e-06	6.00e-10	1.19e-35
 2.64594e+23	8.86e-15	7.90e-06	4.72e-03	6.48e-02	8.00e-01	1.27e-01	3.10e-03	8.80e-15	5.33e-17	1.22e-17	7.89e-06	5.97e-10	1.29e-35
 2.68682e+23	8.80e-15	8.02e-06	4.78e-03	6.54e-02	8.00e-01	1.27e-01	3.06e-03	8.73e-15	5.16e-17	1.18e-17	8.02e-06	5.91e-10	1.36e-35
 2.72362e+23	8.69e-15	8.11e-06	4.83e-03	6.58e-02	8.00e-01	1.26e-01	3.03e-03	8.63e-15	4.98e-17	1.14e-17	8.11e-06	5.84e-10	1.41e-35
 2.75674e+23	8.62e-15	8.21e-06	4.87e-03	6.62e-02	8.01e-01	1.25e-01	3.00e-03	8.56e-15	4.84e-17	1.10e-17	8.21e-06	5.80e-10	1.48e-35
 2.78771e+23	8.55e-15	8.29e-06	4.91e-03	6.66e-02	8.01e-01	1.25e-01	2.98e-03	8.50e-15	4.71e-17	1.07e-17	8.29e-06	5.74e-10	1.53e-35
 2.81825e+23	8.48e-15	8.36e-06	4.94e-03	6.69e-02	8.01e-01	1.24e-01	2.95e-03	8.42e-15	4.58e-17	1.04e-17	8.36e-06	5.68e-10	1.57e-35
 2.84880e+23	8.43e-15	8.43e-06	4.98e-03	6.72e-02	8.01e-01	1.24e-01	2.93e-03	8.38e-15	4.47e-17	1.02e-17	8.43e-06	5.63e-10	1.61e-35
 2.87935e+23	8.30e-15	8.48e-06	5.00e-03	6.75e-02	8.01e-01	1.24e-01	2.92e-03	8.24e-15	4.31e-17	9.82e-18	8.48e-06	5.55e-10	1.64e-35
 2.90990e+23	8.15e-15	8.52e-06	5.02e-03	6.77e-02	8.01e-01	1.23e-01	2.90e-03	8.10e-15	4.15e-17	9.45e-18	8.52e-06	5.47e-10	1.67e-35
 2.94045e+23	7.98e-15	8.55e-06	5.04e-03	6.79e-02	8.01e-01	1.23e-01	2.89e-03	7.93e-15	3.98e-17	9.07e-18	8.55e-06	5.38e-10	1.69e-35
 2.97099e+23	7.80e-15	8.57e-06	5.05e-03	6.80e-02	8.01e-01	1.23e-01	2.88e-03	7.75e-15	3.82e-17	8.69e-18	8.57e-06	5.29e-10	1.71e-35
 3.00154e+23	7.62e-15	8.60e-06	5.07e-03	6.82e-02	8.01e-01	1.23e-01	2.88e-03	7.58e-15	3.66e-17	8.33e-18	8.60e-06	5.20e-10	1.72e-35
 3.03209e+23	7.46e-15	8.62e-06	5.08e-03	6.83e-02	8.01e-01	1.23e-01	2.87e-03	7.42e-15	3.51e-17	8.00e-18	8.62e-06	5.12e-10	1.74e-35
 3.05109e+23	7.45e-15	8.73e-06	5.13e-03	6.87e-02	8.01e-01	1.22e-01	2.84e-03	7.41e-15	3.49e-17	7.95e-18	8.73e-06	5.14e-10	1.83e-35
