#depth	Cl	Cl+	Cl+2	Cl+3	Cl+4	Cl+5	Cl+6	Cl+7	Cl+8	Cl+9	Cl+10	Cl+11	Cl+12	Cl+13	Cl+14	Cl+15	Cl+16	Cl+17
 6.17135e+19	0.00e+00	0.00e+00	0.00e+00	2.49e-28	1.72e-24	5.95e-21	9.21e-18	3.79e-14	2.84e-11	7.19e-09	6.54e-07	2.90e-05	5.57e-04	4.87e-03	3.70e-02	4.85e-01	3.80e-01	9.31e-02
 1.87609e+20	0.00e+00	0.00e+00	0.00e+00	7.88e-28	4.84e-24	1.50e-20	2.06e-17	8.17e-14	5.76e-11	1.35e-08	1.13e-06	4.59e-05	8.00e-04	6.30e-03	4.30e-02	5.09e-01	3.61e-01	8.01e-02
 3.09898e+20	0.00e+00	0.00e+00	0.00e+00	2.31e-27	1.27e-23	3.53e-20	4.37e-17	1.67e-13	1.11e-10	2.44e-08	1.88e-06	7.03e-05	1.12e-03	7.98e-03	4.92e-02	5.30e-01	3.42e-01	6.92e-02
 4.23562e+20	0.00e+00	0.00e+00	0.00e+00	6.04e-27	3.02e-23	7.59e-20	8.53e-17	3.18e-13	2.01e-10	4.15e-08	2.96e-06	1.03e-04	1.50e-03	9.82e-03	5.54e-02	5.48e-01	3.25e-01	6.04e-02
 4.98953e+20	0.00e+00	0.00e+00	0.00e+00	1.13e-26	5.29e-23	1.25e-19	1.31e-16	4.81e-13	2.95e-10	5.84e-08	3.98e-06	1.31e-04	1.82e-03	1.12e-02	5.96e-02	5.59e-01	3.13e-01	5.51e-02
 5.30914e+20	0.00e+00	0.00e+00	0.00e+00	1.47e-26	6.72e-23	1.54e-19	1.58e-16	5.74e-13	3.47e-10	6.76e-08	4.51e-06	1.46e-04	1.98e-03	1.19e-02	6.16e-02	5.63e-01	3.08e-01	5.30e-02
 5.58805e+20	0.00e+00	0.00e+00	0.00e+00	1.82e-26	8.17e-23	1.83e-19	1.84e-16	6.64e-13	3.97e-10	7.62e-08	5.00e-06	1.59e-04	2.11e-03	1.24e-02	6.31e-02	5.67e-01	3.04e-01	5.13e-02
 5.95064e+20	0.00e+00	0.00e+00	0.00e+00	2.43e-26	1.06e-22	2.30e-19	2.24e-16	8.04e-13	4.73e-10	8.91e-08	5.71e-06	1.77e-04	2.30e-03	1.32e-02	6.53e-02	5.71e-01	2.99e-01	4.91e-02
 6.42200e+20	0.00e+00	0.00e+00	0.00e+00	3.53e-26	1.48e-22	3.09e-19	2.90e-16	1.03e-12	5.95e-10	1.09e-07	6.82e-06	2.05e-04	2.58e-03	1.43e-02	6.81e-02	5.76e-01	2.92e-01	4.64e-02
 6.93210e+20	0.00e+00	0.00e+00	0.00e+00	5.24e-26	2.11e-22	4.23e-19	3.81e-16	1.34e-12	7.59e-10	1.36e-07	8.22e-06	2.39e-04	2.91e-03	1.55e-02	7.13e-02	5.82e-01	2.84e-01	4.37e-02
 7.38660e+20	0.00e+00	0.00e+00	0.00e+00	7.45e-26	2.89e-22	5.58e-19	4.85e-16	1.70e-12	9.43e-10	1.65e-07	9.70e-06	2.75e-04	3.24e-03	1.67e-02	7.41e-02	5.87e-01	2.78e-01	4.13e-02
 7.80649e+20	0.00e+00	0.00e+00	7.03e-30	1.02e-25	3.83e-22	7.17e-19	6.03e-16	2.09e-12	1.14e-09	1.96e-07	1.13e-05	3.10e-04	3.56e-03	1.79e-02	7.68e-02	5.91e-01	2.72e-01	3.93e-02
 8.28735e+20	0.00e+00	0.00e+00	1.05e-29	1.47e-25	5.30e-22	9.54e-19	7.72e-16	2.66e-12	1.43e-09	2.39e-07	1.33e-05	3.57e-04	3.96e-03	1.92e-02	7.99e-02	5.95e-01	2.65e-01	3.71e-02
 8.82606e+20	0.00e+00	0.00e+00	1.63e-29	2.19e-25	7.58e-22	1.31e-18	1.02e-15	3.47e-12	1.83e-09	2.98e-07	1.61e-05	4.17e-04	4.47e-03	2.09e-02	8.34e-02	5.99e-01	2.57e-01	3.47e-02
 9.29082e+20	0.00e+00	0.00e+00	2.37e-29	3.08e-25	1.03e-21	1.71e-18	1.28e-15	4.36e-12	2.25e-09	3.60e-07	1.89e-05	4.76e-04	4.95e-03	2.24e-02	8.65e-02	6.02e-01	2.51e-01	3.28e-02
 9.66489e+20	0.00e+00	0.00e+00	3.19e-29	4.03e-25	1.31e-21	2.12e-18	1.54e-15	5.21e-12	2.66e-09	4.17e-07	2.14e-05	5.28e-04	5.36e-03	2.37e-02	8.90e-02	6.05e-01	2.46e-01	3.14e-02
 1.00702e+21	0.00e+00	0.00e+00	4.42e-29	5.41e-25	1.70e-21	2.67e-18	1.88e-15	6.34e-12	3.19e-09	4.91e-07	2.46e-05	5.92e-04	5.86e-03	2.51e-02	9.17e-02	6.07e-01	2.40e-01	2.99e-02
 1.05970e+21	0.00e+00	0.00e+00	6.67e-29	7.86e-25	2.38e-21	3.58e-18	2.43e-15	8.13e-12	4.01e-09	6.02e-07	2.94e-05	6.84e-04	6.54e-03	2.71e-02	9.53e-02	6.10e-01	2.33e-01	2.80e-02
 1.11398e+21	0.00e+00	0.00e+00	1.02e-28	1.15e-24	3.35e-21	4.84e-18	3.14e-15	1.05e-11	5.08e-09	7.44e-07	3.51e-05	7.93e-04	7.33e-03	2.92e-02	9.91e-02	6.12e-01	2.26e-01	2.62e-02
 1.15826e+21	0.00e+00	0.00e+00	1.43e-28	1.57e-24	4.42e-21	6.16e-18	3.87e-15	1.29e-11	6.14e-09	8.82e-07	4.06e-05	8.93e-04	8.03e-03	3.11e-02	1.02e-01	6.13e-01	2.20e-01	2.48e-02
 1.20374e+21	0.00e+00	0.00e+00	2.03e-28	2.15e-24	5.85e-21	7.88e-18	4.79e-15	1.58e-11	7.45e-09	1.05e-06	4.71e-05	1.01e-03	8.81e-03	3.31e-02	1.05e-01	6.14e-01	2.14e-01	2.34e-02
 1.26287e+21	0.00e+00	0.00e+00	3.17e-28	3.22e-24	8.39e-21	1.08e-17	6.28e-15	2.07e-11	9.55e-09	1.31e-06	5.69e-05	1.18e-03	9.92e-03	3.58e-02	1.10e-01	6.16e-01	2.06e-01	2.18e-02
 1.31934e+21	0.00e+00	0.00e+00	4.84e-28	4.73e-24	1.18e-20	1.46e-17	8.12e-15	2.67e-11	1.21e-08	1.62e-06	6.81e-05	1.36e-03	1.11e-02	3.86e-02	1.14e-01	6.16e-01	1.99e-01	2.03e-02
 1.35944e+21	0.00e+00	0.00e+00	6.53e-28	6.20e-24	1.50e-20	1.80e-17	9.72e-15	3.19e-11	1.43e-08	1.88e-06	7.73e-05	1.51e-03	1.20e-02	4.07e-02	1.17e-01	6.16e-01	1.94e-01	1.93e-02
 1.39866e+21	0.00e+00	0.00e+00	8.71e-28	8.04e-24	1.89e-20	2.20e-17	1.16e-14	3.79e-11	1.68e-08	2.17e-06	8.73e-05	1.67e-03	1.29e-02	4.28e-02	1.19e-01	6.16e-01	1.89e-01	1.83e-02
 1.44965e+21	0.00e+00	0.00e+00	1.26e-27	1.12e-23	2.55e-20	2.86e-17	1.45e-14	4.73e-11	2.06e-08	2.60e-06	1.02e-04	1.90e-03	1.43e-02	4.57e-02	1.23e-01	6.15e-01	1.83e-01	1.72e-02
 1.50393e+21	0.00e+00	0.00e+00	1.87e-27	1.60e-23	3.51e-20	3.77e-17	1.83e-14	5.99e-11	2.57e-08	3.17e-06	1.21e-04	2.17e-03	1.58e-02	4.89e-02	1.27e-01	6.14e-01	1.77e-01	1.60e-02
 1.55064e+21	0.00e+00	0.00e+00	2.62e-27	2.17e-23	4.59e-20	4.77e-17	2.23e-14	7.31e-11	3.09e-08	3.74e-06	1.39e-04	2.43e-03	1.73e-02	5.17e-02	1.30e-01	6.12e-01	1.71e-01	1.51e-02
 1.59955e+21	0.00e+00	0.00e+00	3.71e-27	2.98e-23	6.07e-20	6.08e-17	2.75e-14	8.99e-11	3.75e-08	4.45e-06	1.61e-04	2.74e-03	1.89e-02	5.49e-02	1.34e-01	6.10e-01	1.65e-01	1.42e-02
 1.65402e+21	0.00e+00	0.00e+00	5.46e-27	4.21e-23	8.27e-20	7.95e-17	3.45e-14	1.13e-10	4.64e-08	5.39e-06	1.89e-04	3.13e-03	2.08e-02	5.86e-02	1.38e-01	6.07e-01	1.59e-01	1.32e-02
 1.70429e+21	0.00e+00	0.00e+00	7.78e-27	5.80e-23	1.10e-19	1.02e-16	4.25e-14	1.39e-10	5.64e-08	6.42e-06	2.20e-04	3.52e-03	2.28e-02	6.21e-02	1.41e-01	6.04e-01	1.53e-01	1.23e-02
 1.74862e+21	0.00e+00	0.00e+00	1.06e-26	7.66e-23	1.40e-19	1.26e-16	5.09e-14	1.67e-10	6.69e-08	7.48e-06	2.50e-04	3.91e-03	2.47e-02	6.54e-02	1.44e-01	6.01e-01	1.49e-01	1.16e-02
 1.79664e+21	0.00e+00	0.00e+00	1.48e-26	1.03e-22	1.83e-19	1.58e-16	6.19e-14	2.03e-10	8.04e-08	8.81e-06	2.87e-04	4.38e-03	2.69e-02	6.90e-02	1.48e-01	5.98e-01	1.43e-01	1.09e-02
 1.85046e+21	0.00e+00	0.00e+00	2.14e-26	1.44e-22	2.46e-19	2.04e-16	7.68e-14	2.53e-10	9.85e-08	1.06e-05	3.35e-04	4.96e-03	2.95e-02	7.33e-02	1.51e-01	5.93e-01	1.38e-01	1.01e-02
 1.89956e+21	0.00e+00	0.00e+00	3.00e-26	1.95e-22	3.21e-19	2.57e-16	9.33e-14	3.08e-10	1.18e-07	1.25e-05	3.86e-04	5.54e-03	3.21e-02	7.73e-02	1.54e-01	5.88e-01	1.33e-01	9.46e-03
 1.94316e+21	0.00e+00	0.00e+00	4.03e-26	2.55e-22	4.06e-19	3.16e-16	1.11e-13	3.66e-10	1.39e-07	1.44e-05	4.36e-04	6.12e-03	3.45e-02	8.10e-02	1.57e-01	5.84e-01	1.28e-01	8.90e-03
 1.99188e+21	0.00e+00	0.00e+00	5.60e-26	3.42e-22	5.28e-19	3.95e-16	1.34e-13	4.43e-10	1.67e-07	1.70e-05	5.00e-04	6.82e-03	3.74e-02	8.52e-02	1.60e-01	5.78e-01	1.23e-01	8.31e-03
 2.04662e+21	0.00e+00	0.00e+00	8.09e-26	4.76e-22	7.06e-19	5.08e-16	1.65e-13	5.48e-10	2.03e-07	2.03e-05	5.81e-04	7.69e-03	4.09e-02	9.02e-02	1.64e-01	5.71e-01	1.18e-01	7.69e-03
 2.09786e+21	0.00e+00	0.00e+00	1.14e-25	6.46e-22	9.25e-19	6.41e-16	2.00e-13	6.67e-10	2.45e-07	2.39e-05	6.69e-04	8.60e-03	4.45e-02	9.49e-02	1.67e-01	5.65e-01	1.13e-01	7.14e-03
 2.14471e+21	0.00e+00	6.56e-30	1.55e-25	8.54e-22	1.18e-18	7.91e-16	2.39e-13	7.98e-10	2.89e-07	2.78e-05	7.59e-04	9.51e-03	4.79e-02	9.94e-02	1.69e-01	5.58e-01	1.08e-01	6.66e-03
 2.19714e+21	0.00e+00	9.59e-30	2.19e-25	1.16e-21	1.55e-18	9.99e-16	2.90e-13	9.71e-10	3.48e-07	3.29e-05	8.73e-04	1.06e-02	5.20e-02	1.05e-01	1.72e-01	5.50e-01	1.03e-01	6.17e-03
 2.25501e+21	0.00e+00	1.45e-29	3.20e-25	1.63e-21	2.09e-18	1.29e-15	3.59e-13	1.20e-09	4.26e-07	3.94e-05	1.02e-03	1.20e-02	5.68e-02	1.10e-01	1.75e-01	5.41e-01	9.81e-02	5.65e-03
 2.30767e+21	0.00e+00	2.12e-29	4.50e-25	2.21e-21	2.74e-18	1.63e-15	4.35e-13	1.46e-09	5.10e-07	4.64e-05	1.17e-03	1.34e-02	6.15e-02	1.16e-01	1.78e-01	5.32e-01	9.34e-02	5.22e-03
 2.35596e+21	0.00e+00	2.98e-29	6.13e-25	2.92e-21	3.50e-18	2.00e-15	5.18e-13	1.74e-09	6.01e-07	5.38e-05	1.32e-03	1.47e-02	6.60e-02	1.21e-01	1.80e-01	5.23e-01	8.92e-02	4.84e-03
 2.41084e+21	0.00e+00	4.38e-29	8.70e-25	4.00e-21	4.60e-18	2.54e-15	6.30e-13	2.11e-09	7.22e-07	6.34e-05	1.52e-03	1.64e-02	7.14e-02	1.26e-01	1.82e-01	5.13e-01	8.46e-02	4.45e-03
 2.47193e+21	0.00e+00	6.70e-29	1.28e-24	5.65e-21	6.24e-18	3.29e-15	7.81e-13	2.61e-09	8.82e-07	7.59e-05	1.77e-03	1.85e-02	7.78e-02	1.33e-01	1.84e-01	5.01e-01	7.97e-02	4.04e-03
 2.52838e+21	0.00e+00	9.90e-29	1.82e-24	7.75e-21	8.24e-18	4.17e-15	9.50e-13	3.17e-09	1.06e-06	8.95e-05	2.03e-03	2.06e-02	8.40e-02	1.39e-01	1.86e-01	4.90e-01	7.52e-02	3.69e-03
 2.58001e+21	0.00e+00	1.41e-28	2.51e-24	1.03e-20	1.06e-17	5.17e-15	1.14e-12	3.77e-09	1.25e-06	1.04e-04	2.29e-03	2.26e-02	9.00e-02	1.44e-01	1.87e-01	4.79e-01	7.13e-02	3.39e-03
 2.63806e+21	0.00e+00	2.08e-28	3.58e-24	1.42e-20	1.40e-17	6.56e-15	1.38e-12	4.57e-09	1.49e-06	1.22e-04	2.63e-03	2.51e-02	9.69e-02	1.51e-01	1.88e-01	4.66e-01	6.71e-02	3.08e-03
 2.70358e+21	0.00e+00	3.22e-28	5.32e-24	2.02e-20	1.91e-17	8.56e-15	1.72e-12	5.64e-09	1.82e-06	1.46e-04	3.05e-03	2.82e-02	1.05e-01	1.57e-01	1.89e-01	4.52e-01	6.25e-02	2.76e-03
 2.76559e+21	0.00e+00	4.85e-28	7.70e-24	2.82e-20	2.56e-17	1.10e-14	2.11e-12	6.86e-09	2.18e-06	1.72e-04	3.50e-03	3.13e-02	1.13e-01	1.64e-01	1.90e-01	4.37e-01	5.84e-02	2.49e-03
 2.82036e+21	0.00e+00	6.91e-28	1.06e-23	3.76e-20	3.30e-17	1.36e-14	2.53e-12	8.12e-09	2.56e-06	1.98e-04	3.94e-03	3.43e-02	1.21e-01	1.69e-01	1.90e-01	4.25e-01	5.49e-02	2.27e-03
 2.87123e+21	0.00e+00	9.57e-28	1.43e-23	4.90e-20	4.17e-17	1.66e-14	2.98e-12	9.47e-09	2.95e-06	2.26e-04	4.39e-03	3.72e-02	1.27e-01	1.74e-01	1.90e-01	4.13e-01	5.18e-02	2.08e-03
 2.92965e+21	0.00e+00	1.38e-27	1.99e-23	6.61e-20	5.42e-17	2.08e-14	3.58e-12	1.12e-08	3.46e-06	2.61e-04	4.95e-03	4.07e-02	1.36e-01	1.79e-01	1.89e-01	3.99e-01	4.85e-02	1.88e-03
 2.99481e+21	0.00e+00	2.07e-27	2.88e-23	9.18e-20	7.24e-17	2.66e-14	4.39e-12	1.35e-08	4.12e-06	3.05e-04	5.64e-03	4.49e-02	1.45e-01	1.85e-01	1.89e-01	3.84e-01	4.49e-02	1.68e-03
 3.05535e+21	0.00e+00	2.99e-27	4.02e-23	1.24e-19	9.43e-17	3.34e-14	5.29e-12	1.60e-08	4.82e-06	3.52e-04	6.34e-03	4.90e-02	1.54e-01	1.90e-01	1.88e-01	3.70e-01	4.18e-02	1.51e-03
 3.11171e+21	0.00e+00	4.18e-27	5.46e-23	1.63e-19	1.20e-16	4.10e-14	6.27e-12	1.87e-08	5.56e-06	3.99e-04	7.04e-03	5.30e-02	1.62e-01	1.95e-01	1.86e-01	3.57e-01	3.91e-02	1.37e-03
 3.17602e+21	0.00e+00	6.08e-27	7.67e-23	2.22e-19	1.57e-16	5.17e-14	7.59e-12	2.21e-08	6.50e-06	4.60e-04	7.91e-03	5.77e-02	1.71e-01	1.99e-01	1.84e-01	3.42e-01	3.62e-02	1.23e-03
 3.24791e+21	0.00e+00	9.16e-27	1.12e-22	3.10e-19	2.12e-16	6.65e-14	9.36e-12	2.66e-08	7.70e-06	5.35e-04	8.96e-03	6.32e-02	1.81e-01	2.04e-01	1.82e-01	3.26e-01	3.32e-02	1.08e-03
 3.31514e+21	0.00e+00	1.33e-26	1.57e-22	4.22e-19	2.77e-16	8.39e-14	1.13e-11	3.15e-08	8.98e-06	6.14e-04	1.00e-02	6.85e-02	1.91e-01	2.08e-01	1.80e-01	3.11e-01	3.06e-02	9.64e-04
 3.37827e+21	0.00e+00	1.88e-26	2.15e-22	5.59e-19	3.56e-16	1.04e-13	1.35e-11	3.67e-08	1.03e-05	6.95e-04	1.11e-02	7.37e-02	2.00e-01	2.11e-01	1.77e-01	2.97e-01	2.83e-02	8.63e-04
 3.45061e+21	0.00e+00	2.76e-26	3.05e-22	7.65e-19	4.70e-16	1.32e-13	1.65e-11	4.34e-08	1.20e-05	7.97e-04	1.24e-02	7.98e-02	2.10e-01	2.15e-01	1.74e-01	2.82e-01	2.59e-02	7.62e-04
 3.53145e+21	0.00e+00	4.19e-26	4.46e-22	1.08e-18	6.37e-16	1.71e-13	2.04e-11	5.21e-08	1.42e-05	9.24e-04	1.40e-02	8.68e-02	2.21e-01	2.18e-01	1.70e-01	2.66e-01	2.34e-02	6.62e-04
 3.60704e+21	0.00e+00	6.13e-26	6.32e-22	1.48e-18	8.40e-16	2.17e-13	2.49e-11	6.16e-08	1.65e-05	1.06e-03	1.56e-02	9.35e-02	2.31e-01	2.20e-01	1.66e-01	2.51e-01	2.13e-02	5.81e-04
 3.67808e+21	0.00e+00	8.68e-26	8.68e-22	1.97e-18	1.08e-15	2.70e-13	2.98e-11	7.16e-08	1.89e-05	1.19e-03	1.72e-02	1.00e-01	2.40e-01	2.22e-01	1.62e-01	2.38e-01	1.95e-02	5.15e-04
 3.75950e+21	0.00e+00	1.28e-25	1.24e-21	2.71e-18	1.44e-15	3.44e-13	3.65e-11	8.47e-08	2.20e-05	1.36e-03	1.91e-02	1.07e-01	2.50e-01	2.23e-01	1.58e-01	2.23e-01	1.76e-02	4.48e-04
 3.84628e+21	0.00e+00	1.91e-25	1.79e-21	3.77e-18	1.93e-15	4.43e-13	4.51e-11	1.01e-07	2.56e-05	1.55e-03	2.13e-02	1.16e-01	2.60e-01	2.24e-01	1.53e-01	2.09e-01	1.58e-02	3.87e-04
 3.91960e+21	0.00e+00	2.66e-25	2.42e-21	4.96e-18	2.46e-15	5.45e-13	5.36e-11	1.16e-07	2.91e-05	1.74e-03	2.32e-02	1.22e-01	2.68e-01	2.24e-01	1.49e-01	1.97e-01	1.45e-02	3.42e-04
 3.98450e+21	0.00e+00	3.54e-25	3.14e-21	6.28e-18	3.03e-15	6.53e-13	6.23e-11	1.32e-07	3.24e-05	1.91e-03	2.50e-02	1.29e-01	2.74e-01	2.24e-01	1.45e-01	1.87e-01	1.33e-02	3.06e-04
 4.05885e+21	0.00e+00	4.87e-25	4.21e-21	8.18e-18	3.83e-15	7.99e-13	7.37e-11	1.51e-07	3.66e-05	2.12e-03	2.72e-02	1.36e-01	2.82e-01	2.24e-01	1.41e-01	1.76e-01	1.22e-02	2.71e-04
 4.15552e+21	0.00e+00	7.30e-25	6.10e-21	1.14e-17	5.16e-15	1.03e-12	9.13e-11	1.80e-07	4.26e-05	2.41e-03	3.01e-02	1.45e-01	2.91e-01	2.22e-01	1.35e-01	1.63e-01	1.08e-02	2.31e-04
 4.25416e+21	0.00e+00	1.09e-24	8.81e-21	1.60e-17	6.94e-15	1.33e-12	1.13e-10	2.13e-07	4.95e-05	2.74e-03	3.33e-02	1.54e-01	2.99e-01	2.21e-01	1.29e-01	1.51e-01	9.58e-03	1.96e-04
 4.33401e+21	0.00e+00	1.50e-24	1.18e-20	2.08e-17	8.77e-15	1.63e-12	1.34e-10	2.44e-07	5.56e-05	3.03e-03	3.60e-02	1.62e-01	3.06e-01	2.19e-01	1.25e-01	1.41e-01	8.69e-03	1.72e-04
 4.41645e+21	0.00e+00	2.05e-24	1.57e-20	2.70e-17	1.11e-14	2.00e-12	1.58e-10	2.80e-07	6.25e-05	3.35e-03	3.88e-02	1.70e-01	3.11e-01	2.17e-01	1.20e-01	1.32e-01	7.86e-03	1.51e-04
 4.52362e+21	0.00e+00	3.07e-24	2.28e-20	3.77e-17	1.49e-14	2.58e-12	1.96e-10	3.33e-07	7.25e-05	3.79e-03	4.27e-02	1.79e-01	3.18e-01	2.13e-01	1.14e-01	1.21e-01	6.91e-03	1.27e-04
 4.63449e+21	0.00e+00	4.59e-24	3.30e-20	5.28e-17	2.01e-14	3.34e-12	2.43e-10	3.96e-07	8.40e-05	4.29e-03	4.69e-02	1.90e-01	3.25e-01	2.09e-01	1.08e-01	1.10e-01	6.05e-03	1.07e-04
 4.72059e+21	0.00e+00	6.27e-24	4.39e-20	6.84e-17	2.54e-14	4.08e-12	2.88e-10	4.52e-07	9.41e-05	4.72e-03	5.04e-02	1.98e-01	3.29e-01	2.06e-01	1.04e-01	1.03e-01	5.44e-03	9.31e-05
 4.79061e+21	0.00e+00	7.95e-24	5.46e-20	8.34e-17	3.03e-14	4.75e-12	3.27e-10	5.02e-07	1.03e-04	5.07e-03	5.32e-02	2.04e-01	3.32e-01	2.03e-01	1.00e-01	9.72e-02	5.02e-03	8.37e-05
 4.86932e+21	0.00e+00	1.04e-23	6.97e-20	1.04e-16	3.69e-14	5.64e-12	3.78e-10	5.63e-07	1.13e-04	5.49e-03	5.64e-02	2.10e-01	3.35e-01	2.00e-01	9.65e-02	9.12e-02	4.58e-03	7.43e-05
 4.97164e+21	0.00e+00	1.45e-23	9.52e-20	1.38e-16	4.75e-14	7.01e-12	4.53e-10	6.51e-07	1.28e-04	6.07e-03	6.08e-02	2.19e-01	3.39e-01	1.96e-01	9.16e-02	8.39e-02	4.06e-03	6.36e-05
 5.08090e+21	0.00e+00	2.07e-23	1.32e-19	1.86e-16	6.18e-14	8.81e-12	5.49e-10	7.59e-07	1.45e-04	6.73e-03	6.56e-02	2.28e-01	3.41e-01	1.91e-01	8.66e-02	7.68e-02	3.58e-03	5.40e-05
 5.17635e+21	0.00e+00	2.80e-23	1.74e-19	2.39e-16	7.73e-14	1.07e-11	6.47e-10	8.64e-07	1.62e-04	7.35e-03	6.99e-02	2.36e-01	3.43e-01	1.86e-01	8.24e-02	7.11e-02	3.21e-03	4.68e-05
 5.27760e+21	0.00e+00	3.81e-23	2.31e-19	3.09e-16	9.75e-14	1.31e-11	7.66e-10	9.89e-07	1.81e-04	8.04e-03	7.46e-02	2.44e-01	3.45e-01	1.82e-01	7.82e-02	6.55e-02	2.86e-03	4.04e-05
 5.40923e+21	0.00e+00	5.63e-23	3.31e-19	4.28e-16	1.30e-13	1.68e-11	9.47e-10	1.17e-06	2.08e-04	8.99e-03	8.08e-02	2.54e-01	3.46e-01	1.75e-01	7.31e-02	5.90e-02	2.47e-03	3.35e-05
 5.54294e+21	0.00e+00	8.33e-23	4.75e-19	5.95e-16	1.75e-13	2.17e-11	1.17e-09	1.39e-06	2.39e-04	1.00e-02	8.74e-02	2.64e-01	3.47e-01	1.69e-01	6.80e-02	5.30e-02	2.12e-03	2.76e-05
 5.64950e+21	0.00e+00	1.13e-22	6.27e-19	7.66e-16	2.19e-13	2.64e-11	1.38e-09	1.58e-06	2.66e-04	1.09e-02	9.28e-02	2.71e-01	3.46e-01	1.64e-01	6.43e-02	4.87e-02	1.89e-03	2.37e-05
 5.75821e+21	0.00e+00	1.52e-22	8.26e-19	9.84e-16	2.74e-13	3.20e-11	1.63e-09	1.80e-06	2.95e-04	1.19e-02	9.83e-02	2.78e-01	3.45e-01	1.59e-01	6.07e-02	4.47e-02	1.68e-03	2.04e-05
 5.87950e+21	0.00e+00	2.11e-22	1.12e-18	1.29e-15	3.50e-13	3.96e-11	1.95e-09	2.08e-06	3.31e-04	1.30e-02	1.05e-01	2.86e-01	3.44e-01	1.53e-01	5.69e-02	4.07e-02	1.47e-03	1.73e-05
 5.99301e+21	0.00e+00	2.84e-22	1.47e-18	1.66e-15	4.38e-13	4.81e-11	2.30e-09	2.37e-06	3.68e-04	1.41e-02	1.11e-01	2.93e-01	3.42e-01	1.48e-01	5.35e-02	3.72e-02	1.30e-03	1.48e-05
 6.11644e+21	5.93e-30	3.89e-22	1.97e-18	2.17e-15	5.55e-13	5.91e-11	2.73e-09	2.72e-06	4.11e-04	1.53e-02	1.17e-01	3.00e-01	3.40e-01	1.42e-01	5.01e-02	3.38e-02	1.14e-03	1.26e-05
 6.25315e+21	8.31e-30	5.49e-22	2.70e-18	2.89e-15	7.17e-13	7.39e-11	3.29e-09	3.16e-06	4.63e-04	1.68e-02	1.24e-01	3.07e-01	3.37e-01	1.36e-01	4.66e-02	3.05e-02	9.92e-04	1.05e-05
 6.38002e+21	1.12e-29	7.48e-22	3.59e-18	3.74e-15	9.05e-13	9.04e-11	3.91e-09	3.61e-06	5.16e-04	1.83e-02	1.31e-01	3.13e-01	3.34e-01	1.31e-01	4.35e-02	2.77e-02	8.71e-04	8.89e-06
 6.51782e+21	1.55e-29	1.04e-21	4.86e-18	4.93e-15	1.16e-12	1.12e-10	4.67e-09	4.16e-06	5.77e-04	1.99e-02	1.39e-01	3.20e-01	3.30e-01	1.25e-01	4.04e-02	2.50e-02	7.57e-04	7.45e-06
 6.67209e+21	2.19e-29	1.49e-21	6.76e-18	6.65e-15	1.51e-12	1.41e-10	5.69e-09	4.87e-06	6.53e-04	2.18e-02	1.48e-01	3.26e-01	3.25e-01	1.19e-01	3.72e-02	2.22e-02	6.48e-04	6.13e-06
 6.81799e+21	3.00e-29	2.07e-21	9.16e-18	8.77e-15	1.94e-12	1.75e-10	6.82e-09	5.62e-06	7.31e-04	2.37e-02	1.56e-01	3.32e-01	3.20e-01	1.13e-01	3.44e-02	2.00e-02	5.61e-04	5.11e-06
 6.97787e+21	4.18e-29	2.93e-21	1.26e-17	1.17e-14	2.51e-12	2.19e-10	8.24e-09	6.53e-06	8.23e-04	2.59e-02	1.64e-01	3.38e-01	3.14e-01	1.07e-01	3.17e-02	1.78e-02	4.81e-04	4.22e-06
 7.15825e+21	6.04e-29	4.33e-21	1.81e-17	1.63e-14	3.36e-12	2.82e-10	1.02e-08	7.74e-06	9.40e-04	2.86e-02	1.75e-01	3.44e-01	3.07e-01	1.01e-01	2.87e-02	1.56e-02	4.03e-04	3.38e-06
 7.31793e+21	8.22e-29	6.06e-21	2.46e-17	2.16e-14	4.32e-12	3.51e-10	1.23e-08	8.94e-06	1.05e-03	3.10e-02	1.84e-01	3.48e-01	3.01e-01	9.51e-02	2.64e-02	1.39e-02	3.46e-04	2.80e-06
 7.45306e+21	1.06e-28	7.99e-21	3.18e-17	2.71e-14	5.30e-12	4.19e-10	1.43e-08	1.01e-05	1.15e-03	3.32e-02	1.91e-01	3.51e-01	2.95e-01	9.07e-02	2.46e-02	1.26e-02	3.05e-04	2.39e-06
 7.60363e+21	1.40e-28	1.08e-20	4.20e-17	3.49e-14	6.65e-12	5.10e-10	1.68e-08	1.15e-05	1.28e-03	3.57e-02	2.00e-01	3.54e-01	2.89e-01	8.59e-02	2.27e-02	1.13e-02	2.64e-04	2.00e-06
 7.79938e+21	1.99e-28	1.58e-20	5.94e-17	4.78e-14	8.79e-12	6.49e-10	2.06e-08	1.35e-05	1.44e-03	3.90e-02	2.10e-01	3.58e-01	2.80e-01	8.03e-02	2.05e-02	9.92e-03	2.22e-04	1.61e-06
 8.00703e+21	2.84e-28	2.35e-20	8.57e-17	6.68e-14	1.18e-11	8.40e-10	2.56e-08	1.60e-05	1.65e-03	4.28e-02	2.22e-01	3.61e-01	2.71e-01	7.44e-02	1.84e-02	8.57e-03	1.83e-04	1.27e-06
 8.17833e+21	3.75e-28	3.23e-20	1.15e-16	8.71e-14	1.50e-11	1.03e-09	3.04e-08	1.83e-05	1.83e-03	4.61e-02	2.32e-01	3.63e-01	2.63e-01	7.00e-02	1.68e-02	7.62e-03	1.57e-04	1.05e-06
 8.32600e+21	4.75e-28	4.22e-20	1.47e-16	1.09e-13	1.83e-11	1.22e-09	3.52e-08	2.05e-05	1.99e-03	4.90e-02	2.40e-01	3.64e-01	2.57e-01	6.63e-02	1.56e-02	6.89e-03	1.37e-04	8.92e-07
 8.49475e+21	6.20e-28	5.69e-20	1.94e-16	1.40e-13	2.29e-11	1.48e-09	4.13e-08	2.33e-05	2.20e-03	5.24e-02	2.49e-01	3.64e-01	2.50e-01	6.24e-02	1.43e-02	6.15e-03	1.19e-04	7.43e-07
 8.71413e+21	8.66e-28	8.30e-20	2.74e-16	1.91e-13	3.02e-11	1.89e-09	5.06e-08	2.73e-05	2.48e-03	5.70e-02	2.60e-01	3.65e-01	2.40e-01	5.77e-02	1.28e-02	5.33e-03	9.83e-05	5.90e-07
 8.94164e+21	1.21e-27	1.22e-19	3.91e-16	2.64e-13	4.03e-11	2.42e-09	6.25e-08	3.22e-05	2.80e-03	6.21e-02	2.72e-01	3.64e-01	2.30e-01	5.30e-02	1.13e-02	4.57e-03	8.05e-05	4.62e-07
 9.12898e+21	1.57e-27	1.67e-19	5.20e-16	3.42e-13	5.07e-11	2.96e-09	7.38e-08	3.66e-05	3.09e-03	6.64e-02	2.81e-01	3.63e-01	2.22e-01	4.94e-02	1.03e-02	4.04e-03	6.86e-05	3.80e-07
 9.32181e+21	2.05e-27	2.27e-19	6.92e-16	4.43e-13	6.39e-11	3.61e-09	8.72e-08	4.17e-05	3.41e-03	7.09e-02	2.91e-01	3.62e-01	2.14e-01	4.60e-02	9.34e-03	3.56e-03	5.83e-05	3.11e-07
 9.57248e+21	2.87e-27	3.36e-19	9.90e-16	6.13e-13	8.51e-11	4.62e-09	1.07e-07	4.91e-05	3.84e-03	7.69e-02	3.03e-01	3.60e-01	2.04e-01	4.20e-02	8.25e-03	3.04e-03	4.75e-05	2.42e-07
 9.83157e+21	3.99e-27	5.00e-19	1.43e-15	8.56e-13	1.15e-10	5.98e-09	1.33e-07	5.80e-05	4.35e-03	8.35e-02	3.15e-01	3.56e-01	1.93e-01	3.81e-02	7.23e-03	2.56e-03	3.82e-05	1.86e-07
 1.00439e+22	5.18e-27	6.87e-19	1.92e-15	1.12e-12	1.45e-10	7.33e-09	1.58e-07	6.62e-05	4.80e-03	8.91e-02	3.24e-01	3.53e-01	1.85e-01	3.52e-02	6.49e-03	2.24e-03	3.21e-05	1.50e-07
 1.02623e+22	6.77e-27	9.43e-19	2.56e-15	1.45e-12	1.84e-10	8.98e-09	1.87e-07	7.55e-05	5.29e-03	9.50e-02	3.34e-01	3.49e-01	1.76e-01	3.24e-02	5.83e-03	1.95e-03	2.69e-05	0.00e+00
 1.04975e+22	8.86e-27	1.32e-18	3.49e-15	1.92e-12	2.36e-10	1.11e-08	2.24e-07	8.68e-05	5.85e-03	1.01e-01	3.44e-01	3.45e-01	1.68e-01	2.97e-02	5.18e-03	1.68e-03	2.23e-05	0.00e+00
 1.07052e+22	1.12e-26	1.76e-18	4.56e-15	2.45e-12	2.92e-10	1.34e-08	2.62e-07	9.78e-05	6.39e-03	1.07e-01	3.52e-01	3.40e-01	1.60e-01	2.75e-02	4.68e-03	1.48e-03	1.89e-05	0.00e+00
 1.08966e+22	1.38e-26	2.28e-18	5.79e-15	3.04e-12	3.55e-10	1.58e-08	3.01e-07	1.09e-04	6.91e-03	1.13e-01	3.59e-01	3.36e-01	1.53e-01	2.56e-02	4.26e-03	1.32e-03	1.63e-05	0.00e+00
 1.11162e+22	1.77e-26	3.05e-18	7.58e-15	3.89e-12	4.42e-10	1.91e-08	3.53e-07	1.23e-04	7.54e-03	1.19e-01	3.67e-01	3.31e-01	1.46e-01	2.35e-02	3.82e-03	1.15e-03	1.37e-05	0.00e+00
 1.13637e+22	2.28e-26	4.20e-18	1.02e-14	5.08e-12	5.60e-10	2.35e-08	4.19e-07	1.40e-04	8.29e-03	1.27e-01	3.76e-01	3.25e-01	1.38e-01	2.15e-02	3.39e-03	9.90e-04	1.13e-05	0.00e+00
 1.16003e+22	2.89e-26	5.68e-18	1.34e-14	6.54e-12	7.01e-10	2.85e-08	4.93e-07	1.59e-04	9.07e-03	1.34e-01	3.84e-01	3.19e-01	1.31e-01	1.96e-02	3.03e-03	8.58e-04	9.45e-06	0.00e+00
 1.18252e+22	3.61e-26	7.51e-18	1.74e-14	8.29e-12	8.67e-10	3.42e-08	5.75e-07	1.79e-04	9.86e-03	1.41e-01	3.91e-01	3.13e-01	1.24e-01	1.80e-02	2.71e-03	7.47e-04	7.93e-06	0.00e+00
 1.20823e+22	4.64e-26	1.02e-17	2.32e-14	1.07e-11	1.09e-09	4.18e-08	6.79e-07	2.03e-04	1.08e-02	1.49e-01	3.98e-01	3.06e-01	1.17e-01	1.64e-02	2.40e-03	6.43e-04	6.56e-06	0.00e+00
 1.23698e+22	6.07e-26	1.44e-17	3.18e-14	1.43e-11	1.42e-09	5.23e-08	8.20e-07	2.34e-04	1.19e-02	1.59e-01	4.06e-01	2.97e-01	1.09e-01	1.46e-02	2.09e-03	5.40e-04	5.26e-06	0.00e+00
 1.26353e+22	7.65e-26	1.95e-17	4.23e-14	1.86e-11	1.79e-09	6.39e-08	9.70e-07	2.65e-04	1.31e-02	1.67e-01	4.12e-01	2.89e-01	1.02e-01	1.32e-02	1.84e-03	4.61e-04	4.31e-06	0.00e+00
 1.28808e+22	9.48e-26	2.56e-17	5.46e-14	2.35e-11	2.20e-09	7.66e-08	1.13e-06	2.98e-04	1.42e-02	1.76e-01	4.18e-01	2.82e-01	9.62e-02	1.21e-02	1.63e-03	3.99e-04	3.59e-06	0.00e+00
 1.31620e+22	1.21e-25	3.48e-17	7.26e-14	3.05e-11	2.78e-09	9.37e-08	1.34e-06	3.38e-04	1.55e-02	1.85e-01	4.23e-01	2.73e-01	8.98e-02	1.08e-02	1.43e-03	3.39e-04	2.93e-06	0.00e+00
 1.35275e+22	1.64e-25	5.10e-17	1.04e-13	4.23e-11	3.73e-09	1.21e-07	1.66e-06	3.98e-04	1.73e-02	1.98e-01	4.30e-01	2.62e-01	8.20e-02	9.43e-03	1.21e-03	2.74e-04	2.24e-06	0.00e+00
 1.38967e+22	2.18e-25	7.45e-17	1.48e-13	5.86e-11	5.01e-09	1.56e-07	2.06e-06	4.67e-04	1.94e-02	2.10e-01	4.35e-01	2.51e-01	7.46e-02	8.18e-03	1.01e-03	2.21e-04	1.71e-06	0.00e+00
 1.41887e+22	2.68e-25	9.95e-17	1.95e-13	7.53e-11	6.28e-09	1.90e-07	2.43e-06	5.28e-04	2.11e-02	2.21e-01	4.38e-01	2.42e-01	6.92e-02	7.31e-03	8.84e-04	1.87e-04	1.39e-06	0.00e+00
 1.44860e+22	3.33e-25	1.32e-16	2.54e-13	9.65e-11	7.86e-09	2.31e-07	2.87e-06	5.98e-04	2.29e-02	2.31e-01	4.41e-01	2.32e-01	6.41e-02	6.51e-03	7.69e-04	1.58e-04	1.12e-06	0.00e+00
 1.48725e+22	4.36e-25	1.89e-16	3.55e-13	1.31e-10	1.04e-08	2.93e-07	3.51e-06	6.95e-04	2.54e-02	2.45e-01	4.44e-01	2.21e-01	5.81e-02	5.64e-03	6.47e-04	1.27e-04	8.60e-07	0.00e+00
 1.52785e+22	5.65e-25	2.71e-16	5.02e-13	1.81e-10	1.39e-08	3.79e-07	4.37e-06	8.16e-04	2.83e-02	2.59e-01	4.45e-01	2.09e-01	5.21e-02	4.81e-03	5.35e-04	1.01e-04	6.44e-07	0.00e+00
 1.56176e+22	6.93e-25	3.62e-16	6.64e-13	2.35e-10	1.77e-08	4.67e-07	5.23e-06	9.31e-04	3.09e-02	2.71e-01	4.46e-01	1.99e-01	4.75e-02	4.21e-03	4.56e-04	8.31e-05	5.05e-07	0.00e+00
 1.59045e+22	8.18e-25	4.61e-16	8.33e-13	2.90e-10	2.14e-08	5.52e-07	6.03e-06	1.03e-03	3.31e-02	2.81e-01	4.45e-01	1.91e-01	4.41e-02	3.78e-03	4.02e-04	7.12e-05	4.17e-07	0.00e+00
 1.62155e+22	9.85e-25	5.91e-16	1.06e-12	3.63e-10	2.62e-08	6.60e-07	7.03e-06	1.16e-03	3.57e-02	2.92e-01	4.44e-01	1.82e-01	4.06e-02	3.35e-03	3.49e-04	6.00e-05	3.37e-07	0.00e+00
 1.66198e+22	1.24e-24	8.06e-16	1.43e-12	4.81e-10	3.39e-08	8.28e-07	8.53e-06	1.33e-03	3.92e-02	3.06e-01	4.42e-01	1.72e-01	3.64e-02	2.88e-03	2.92e-04	4.82e-05	2.57e-07	0.00e+00
 1.70385e+22	1.52e-24	1.10e-15	1.94e-12	6.40e-10	4.41e-08	1.04e-06	1.04e-05	1.54e-03	4.31e-02	3.20e-01	4.39e-01	1.61e-01	3.25e-02	2.45e-03	2.42e-04	3.83e-05	1.93e-07	0.00e+00
 1.73845e+22	1.80e-24	1.42e-15	2.47e-12	8.03e-10	5.45e-08	1.25e-06	1.22e-05	1.73e-03	4.64e-02	3.32e-01	4.36e-01	1.52e-01	2.96e-02	2.15e-03	2.08e-04	3.18e-05	1.54e-07	0.00e+00
 1.77432e+22	2.14e-24	1.81e-15	3.14e-12	1.01e-09	6.72e-08	1.51e-06	1.44e-05	1.94e-03	5.00e-02	3.43e-01	4.32e-01	1.44e-01	2.68e-02	1.88e-03	1.78e-04	2.63e-05	1.22e-07	0.00e+00
 1.82094e+22	2.65e-24	2.46e-15	4.25e-12	1.34e-09	8.76e-08	1.91e-06	1.76e-05	2.25e-03	5.49e-02	3.58e-01	4.26e-01	1.33e-01	2.37e-02	1.58e-03	1.45e-04	2.06e-05	0.00e+00	0.00e+00
 1.86797e+22	3.19e-24	3.31e-15	5.71e-12	1.78e-09	1.14e-07	2.41e-06	2.15e-05	2.60e-03	6.02e-02	3.72e-01	4.19e-01	1.24e-01	2.08e-02	1.32e-03	1.19e-04	1.61e-05	0.00e+00	0.00e+00
 1.90502e+22	3.66e-24	4.15e-15	7.16e-12	2.20e-09	1.39e-07	2.87e-06	2.52e-05	2.91e-03	6.46e-02	3.83e-01	4.13e-01	1.16e-01	1.88e-02	1.15e-03	1.01e-04	1.33e-05	0.00e+00	0.00e+00
 1.94270e+22	4.23e-24	5.16e-15	8.90e-12	2.71e-09	1.69e-07	3.41e-06	2.93e-05	3.24e-03	6.91e-02	3.94e-01	4.06e-01	1.09e-01	1.70e-02	1.00e-03	8.66e-05	1.10e-05	0.00e+00	0.00e+00
 1.99169e+22	5.06e-24	6.77e-15	1.17e-11	3.52e-09	2.16e-07	4.25e-06	3.55e-05	3.72e-03	7.51e-02	4.07e-01	3.98e-01	1.01e-01	1.49e-02	8.43e-04	7.09e-05	8.63e-06	0.00e+00	0.00e+00
 2.04296e+22	5.94e-24	8.92e-15	1.55e-11	4.60e-09	2.77e-07	5.31e-06	4.33e-05	4.28e-03	8.18e-02	4.20e-01	3.88e-01	9.21e-02	1.30e-02	7.01e-04	5.75e-05	6.70e-06	0.00e+00	0.00e+00
 2.08614e+22	6.75e-24	1.11e-14	1.94e-11	5.72e-09	3.40e-07	6.37e-06	5.08e-05	4.79e-03	8.77e-02	4.31e-01	3.79e-01	8.56e-02	1.16e-02	6.01e-04	4.83e-05	5.43e-06	0.00e+00	0.00e+00
 2.13123e+22	7.76e-24	1.39e-14	2.43e-11	7.10e-09	4.17e-07	7.63e-06	5.97e-05	5.37e-03	9.39e-02	4.41e-01	3.70e-01	7.94e-02	1.03e-02	5.15e-04	4.05e-05	4.40e-06	0.00e+00	0.00e+00
 2.18984e+22	9.19e-24	1.83e-14	3.23e-11	9.31e-09	5.38e-07	9.58e-06	7.31e-05	6.19e-03	1.02e-01	4.53e-01	3.57e-01	7.20e-02	8.86e-03	4.22e-04	3.24e-05	3.36e-06	0.00e+00	0.00e+00
 2.25022e+22	1.06e-23	2.40e-14	4.29e-11	1.22e-08	6.95e-07	1.21e-05	8.97e-05	7.14e-03	1.11e-01	4.64e-01	3.44e-01	6.50e-02	7.59e-03	3.44e-04	2.57e-05	2.55e-06	0.00e+00	0.00e+00
 2.29987e+22	1.19e-23	2.98e-14	5.37e-11	1.52e-08	8.52e-07	1.44e-05	1.06e-04	8.00e-03	1.19e-01	4.73e-01	3.34e-01	5.98e-02	6.69e-03	2.92e-04	2.14e-05	2.04e-06	0.00e+00	0.00e+00
 2.34462e+22	1.32e-23	3.58e-14	6.52e-11	1.83e-08	1.02e-06	1.69e-05	1.22e-04	8.83e-03	1.25e-01	4.80e-01	3.24e-01	5.54e-02	5.98e-03	2.52e-04	1.81e-05	1.67e-06	0.00e+00	0.00e+00
 2.38880e+22	1.46e-23	4.30e-14	7.88e-11	2.19e-08	1.20e-06	1.97e-05	1.39e-04	9.69e-03	1.32e-01	4.86e-01	3.15e-01	5.16e-02	5.37e-03	2.19e-04	1.55e-05	1.39e-06	0.00e+00	0.00e+00
 2.43897e+22	1.65e-23	5.22e-14	9.67e-11	2.66e-08	1.45e-06	2.32e-05	1.61e-04	1.07e-02	1.40e-01	4.92e-01	3.04e-01	4.75e-02	4.76e-03	1.88e-04	1.30e-05	1.13e-06	0.00e+00	0.00e+00
 2.49411e+22	1.85e-23	6.45e-14	1.21e-10	3.29e-08	1.77e-06	2.77e-05	1.89e-04	1.20e-02	1.49e-01	4.98e-01	2.93e-01	4.34e-02	4.17e-03	1.59e-04	1.08e-05	8.97e-07	0.00e+00	0.00e+00
 2.54430e+22	2.03e-23	7.71e-14	1.46e-10	3.96e-08	2.11e-06	3.24e-05	2.18e-04	1.32e-02	1.57e-01	5.03e-01	2.83e-01	3.99e-02	3.69e-03	1.36e-04	9.06e-06	7.28e-07	0.00e+00	0.00e+00
 2.59091e+22	2.24e-23	9.15e-14	1.75e-10	4.69e-08	2.47e-06	3.73e-05	2.47e-04	1.44e-02	1.65e-01	5.07e-01	2.74e-01	3.71e-02	3.32e-03	1.18e-04	7.77e-06	6.07e-07	0.00e+00	0.00e+00
 2.64428e+22	2.54e-23	1.10e-13	2.13e-10	5.65e-08	2.94e-06	4.34e-05	2.83e-04	1.58e-02	1.73e-01	5.10e-01	2.64e-01	3.41e-02	2.95e-03	1.02e-04	6.56e-06	4.96e-07	0.00e+00	0.00e+00
 2.71366e+22	2.96e-23	1.39e-13	2.73e-10	7.14e-08	3.65e-06	5.27e-05	3.37e-04	1.77e-02	1.84e-01	5.14e-01	2.51e-01	3.06e-02	2.53e-03	8.37e-05	5.27e-06	3.82e-07	0.00e+00	0.00e+00
 2.78361e+22	3.38e-23	1.76e-13	3.49e-10	9.00e-08	4.54e-06	6.38e-05	4.00e-04	1.99e-02	1.96e-01	5.16e-01	2.38e-01	2.74e-02	2.16e-03	6.88e-05	4.23e-06	2.94e-07	0.00e+00	0.00e+00
 2.83859e+22	3.73e-23	2.09e-13	4.20e-10	1.07e-07	5.35e-06	7.39e-05	4.56e-04	2.18e-02	2.05e-01	5.18e-01	2.28e-01	2.51e-02	1.91e-03	5.89e-05	3.57e-06	2.40e-07	0.00e+00	0.00e+00
 2.89434e+22	4.23e-23	2.49e-13	5.05e-10	1.27e-07	6.27e-06	8.48e-05	5.16e-04	2.37e-02	2.14e-01	5.18e-01	2.19e-01	2.31e-02	1.70e-03	5.10e-05	3.03e-06	1.98e-07	0.00e+00	0.00e+00
 2.96682e+22	4.96e-23	3.09e-13	6.35e-10	1.58e-07	7.66e-06	1.01e-04	6.03e-04	2.63e-02	2.25e-01	5.18e-01	2.08e-01	2.08e-02	1.47e-03	4.23e-05	2.46e-06	1.55e-07	0.00e+00	0.00e+00
 3.04337e+22	5.78e-23	3.88e-13	8.08e-10	1.98e-07	9.42e-06	1.21e-04	7.10e-04	2.93e-02	2.37e-01	5.17e-01	1.96e-01	1.85e-02	1.25e-03	3.47e-05	1.98e-06	0.00e+00	0.00e+00	0.00e+00
 3.10858e+22	6.52e-23	4.66e-13	9.84e-10	2.38e-07	1.12e-05	1.41e-04	8.13e-04	3.20e-02	2.48e-01	5.15e-01	1.86e-01	1.68e-02	1.09e-03	2.94e-05	1.64e-06	0.00e+00	0.00e+00	0.00e+00
 3.17673e+22	7.59e-23	5.66e-13	1.20e-09	2.87e-07	1.32e-05	1.63e-04	9.25e-04	3.49e-02	2.58e-01	5.13e-01	1.77e-01	1.52e-02	9.61e-04	2.50e-05	1.37e-06	0.00e+00	0.00e+00	0.00e+00
 3.26533e+22	9.18e-23	7.18e-13	1.55e-09	3.61e-07	1.64e-05	1.96e-04	1.09e-03	3.88e-02	2.71e-01	5.09e-01	1.65e-01	1.35e-02	8.12e-04	2.03e-05	1.09e-06	0.00e+00	0.00e+00	0.00e+00
 3.35686e+22	1.10e-22	9.17e-13	2.00e-09	4.58e-07	2.03e-05	2.37e-04	1.29e-03	4.33e-02	2.85e-01	5.03e-01	1.54e-01	1.18e-02	6.81e-04	1.63e-05	8.57e-07	0.00e+00	0.00e+00	0.00e+00
 3.43206e+22	1.26e-22	1.11e-12	2.45e-09	5.53e-07	2.42e-05	2.75e-04	1.47e-03	4.72e-02	2.96e-01	4.98e-01	1.45e-01	1.06e-02	5.90e-04	1.37e-05	7.05e-07	0.00e+00	0.00e+00	0.00e+00
 3.50965e+22	1.50e-22	1.35e-12	3.01e-09	6.66e-07	2.86e-05	3.17e-04	1.67e-03	5.12e-02	3.07e-01	4.93e-01	1.37e-01	9.56e-03	5.15e-04	1.16e-05	5.85e-07	0.00e+00	0.00e+00	0.00e+00
 3.61052e+22	1.84e-22	1.72e-12	3.88e-09	8.40e-07	3.52e-05	3.79e-04	1.95e-03	5.66e-02	3.20e-01	4.85e-01	1.27e-01	8.36e-03	4.31e-04	9.34e-06	4.61e-07	0.00e+00	0.00e+00	0.00e+00
 3.71766e+22	2.27e-22	2.23e-12	5.07e-09	1.07e-06	4.38e-05	4.58e-04	2.30e-03	6.29e-02	3.34e-01	4.76e-01	1.17e-01	7.24e-03	3.57e-04	7.43e-06	3.58e-07	0.00e+00	0.00e+00	0.00e+00
 3.81020e+22	2.70e-22	2.75e-12	6.33e-09	1.31e-06	5.26e-05	5.35e-04	2.65e-03	6.86e-02	3.46e-01	4.67e-01	1.09e-01	6.39e-03	3.04e-04	6.11e-06	2.88e-07	0.00e+00	0.00e+00	0.00e+00
 3.88674e+22	3.14e-22	3.29e-12	7.61e-09	1.55e-06	6.08e-05	6.05e-04	2.94e-03	7.33e-02	3.55e-01	4.60e-01	1.03e-01	5.80e-03	2.68e-04	5.24e-06	2.43e-07	0.00e+00	0.00e+00	0.00e+00
 3.96525e+22	3.67e-22	3.91e-12	9.09e-09	1.82e-06	7.01e-05	6.82e-04	3.26e-03	7.83e-02	3.64e-01	4.52e-01	9.68e-02	5.25e-03	2.36e-04	4.49e-06	2.05e-07	0.00e+00	0.00e+00	0.00e+00
 4.06731e+22	4.49e-22	4.86e-12	1.14e-08	2.22e-06	8.37e-05	7.92e-04	3.72e-03	8.49e-02	3.74e-01	4.42e-01	8.97e-02	4.63e-03	2.01e-04	3.70e-06	1.66e-07	0.00e+00	0.00e+00	0.00e+00
 4.17501e+22	5.49e-22	6.12e-12	1.44e-08	2.74e-06	1.01e-04	9.27e-04	4.26e-03	9.23e-02	3.85e-01	4.30e-01	8.27e-02	4.04e-03	1.69e-04	3.01e-06	1.32e-07	0.00e+00	0.00e+00	0.00e+00
 4.26568e+22	6.48e-22	7.40e-12	1.75e-08	3.26e-06	1.17e-04	1.05e-03	4.75e-03	9.87e-02	3.94e-01	4.21e-01	7.72e-02	3.61e-03	1.47e-04	2.54e-06	0.00e+00	0.00e+00	0.00e+00	0.00e+00
 4.35919e+22	7.74e-22	8.90e-12	2.11e-08	3.86e-06	1.36e-04	1.19e-03	5.29e-03	1.05e-01	4.02e-01	4.11e-01	7.20e-02	3.23e-03	1.28e-04	2.15e-06	0.00e+00	0.00e+00	0.00e+00	0.00e+00
 4.48076e+22	9.70e-22	1.13e-11	2.68e-08	4.77e-06	1.63e-04	1.39e-03	6.03e-03	1.14e-01	4.12e-01	3.98e-01	6.60e-02	2.81e-03	1.07e-04	1.74e-06	0.00e+00	0.00e+00	0.00e+00	0.00e+00
 4.60669e+22	1.21e-21	1.44e-11	3.43e-08	5.94e-06	1.98e-04	1.63e-03	6.90e-03	1.23e-01	4.21e-01	3.84e-01	6.00e-02	2.42e-03	8.89e-05	1.39e-06	0.00e+00	0.00e+00	0.00e+00	0.00e+00
 4.70998e+22	1.45e-21	1.75e-11	4.17e-08	7.07e-06	2.30e-04	1.84e-03	7.66e-03	1.31e-01	4.28e-01	3.73e-01	5.56e-02	2.15e-03	7.67e-05	1.17e-06	0.00e+00	0.00e+00	0.00e+00	0.00e+00
 4.81593e+22	1.75e-21	2.12e-11	5.05e-08	8.37e-06	2.65e-04	2.07e-03	8.48e-03	1.39e-01	4.34e-01	3.62e-01	5.15e-02	1.91e-03	6.63e-05	9.81e-07	0.00e+00	0.00e+00	0.00e+00	0.00e+00
 4.95365e+22	2.23e-21	2.70e-11	6.41e-08	1.03e-05	3.18e-04	2.40e-03	9.59e-03	1.50e-01	4.41e-01	3.48e-01	4.68e-02	1.65e-03	5.53e-05	7.90e-07	0.00e+00	0.00e+00	0.00e+00	0.00e+00
 5.09959e+22	2.84e-21	3.50e-11	8.26e-08	1.29e-05	3.84e-04	2.80e-03	1.09e-02	1.61e-01	4.48e-01	3.33e-01	4.21e-02	1.40e-03	4.54e-05	6.26e-07	0.00e+00	0.00e+00	0.00e+00	0.00e+00
 5.22420e+22	3.49e-21	4.34e-11	1.02e-07	1.55e-05	4.49e-04	3.18e-03	1.21e-02	1.71e-01	4.53e-01	3.20e-01	3.85e-02	1.23e-03	3.86e-05	5.16e-07	0.00e+00	0.00e+00	0.00e+00	0.00e+00
 5.35420e+22	4.32e-21	5.36e-11	1.25e-07	1.86e-05	5.22e-04	3.60e-03	1.34e-02	1.81e-01	4.57e-01	3.08e-01	3.53e-02	1.07e-03	3.29e-05	4.27e-07	0.00e+00	0.00e+00	0.00e+00	0.00e+00
 5.52320e+22	5.67e-21	7.00e-11	1.62e-07	2.33e-05	6.29e-04	4.18e-03	1.52e-02	1.94e-01	4.61e-01	2.93e-01	3.15e-02	9.08e-04	2.69e-05	3.36e-07	0.00e+00	0.00e+00	0.00e+00	0.00e+00
 5.70201e+22	7.49e-21	9.31e-11	2.12e-07	2.95e-05	7.67e-04	4.90e-03	1.73e-02	2.08e-01	4.64e-01	2.76e-01	2.78e-02	7.57e-04	2.16e-05	2.60e-07	0.00e+00	0.00e+00	0.00e+00	0.00e+00
 5.85446e+22	9.44e-21	1.18e-10	2.66e-07	3.58e-05	9.02e-04	5.57e-03	1.92e-02	2.20e-01	4.65e-01	2.63e-01	2.51e-02	6.51e-04	1.81e-05	2.10e-07	0.00e+00	0.00e+00	0.00e+00	0.00e+00
 6.01354e+22	1.20e-20	1.48e-10	3.30e-07	4.32e-05	1.05e-03	6.30e-03	2.12e-02	2.32e-01	4.66e-01	2.50e-01	2.27e-02	5.62e-04	1.52e-05	1.71e-07	0.00e+00	0.00e+00	0.00e+00	0.00e+00
 6.22034e+22	1.62e-20	1.99e-10	4.32e-07	5.46e-05	1.27e-03	7.32e-03	2.38e-02	2.47e-01	4.65e-01	2.35e-01	2.00e-02	4.68e-04	1.22e-05	1.33e-07	0.00e+00	0.00e+00	0.00e+00	0.00e+00
 6.44346e+22	2.21e-20	2.71e-10	5.76e-07	7.01e-05	1.56e-03	8.59e-03	2.71e-02	2.63e-01	4.63e-01	2.18e-01	1.73e-02	3.81e-04	9.59e-06	0.00e+00	0.00e+00	0.00e+00	0.00e+00	0.00e+00
 6.63858e+22	2.90e-20	3.54e-10	7.37e-07	8.67e-05	1.86e-03	9.83e-03	3.01e-02	2.77e-01	4.61e-01	2.05e-01	1.52e-02	3.19e-04	7.79e-06	0.00e+00	0.00e+00	0.00e+00	0.00e+00	0.00e+00
 6.79652e+22	3.53e-20	4.35e-10	8.88e-07	1.02e-04	2.11e-03	1.09e-02	3.25e-02	2.88e-01	4.58e-01	1.95e-01	1.38e-02	2.79e-04	6.67e-06	0.00e+00	0.00e+00	0.00e+00	0.00e+00	0.00e+00
 6.95533e+22	4.40e-20	5.32e-10	1.07e-06	1.19e-04	2.39e-03	1.20e-02	3.49e-02	2.98e-01	4.54e-01	1.85e-01	1.26e-02	2.44e-04	5.72e-06	0.00e+00	0.00e+00	0.00e+00	0.00e+00	0.00e+00
 7.16178e+22	5.71e-20	6.81e-10	1.33e-06	1.44e-04	2.79e-03	1.34e-02	3.81e-02	3.11e-01	4.49e-01	1.74e-01	1.12e-02	2.08e-04	4.75e-06	0.00e+00	0.00e+00	0.00e+00	0.00e+00	0.00e+00
 7.38896e+22	7.55e-20	8.93e-10	1.70e-06	1.77e-04	3.29e-03	1.52e-02	4.20e-02	3.25e-01	4.43e-01	1.62e-01	9.79e-03	1.73e-04	3.84e-06	0.00e+00	0.00e+00	0.00e+00	0.00e+00	0.00e+00
 7.59338e+22	9.65e-20	1.13e-09	2.10e-06	2.13e-04	3.80e-03	1.70e-02	4.55e-02	3.37e-01	4.36e-01	1.51e-01	8.70e-03	1.47e-04	3.19e-06	0.00e+00	0.00e+00	0.00e+00	0.00e+00	0.00e+00
 7.80943e+22	1.24e-19	1.43e-09	2.57e-06	2.53e-04	4.35e-03	1.88e-02	4.90e-02	3.48e-01	4.30e-01	1.42e-01	7.77e-03	1.27e-04	2.68e-06	0.00e+00	0.00e+00	0.00e+00	0.00e+00	0.00e+00
 8.09028e+22	1.68e-19	1.90e-09	3.30e-06	3.13e-04	5.15e-03	2.13e-02	5.38e-02	3.62e-01	4.20e-01	1.31e-01	6.71e-03	1.04e-04	2.13e-06	0.00e+00	0.00e+00	0.00e+00	0.00e+00	0.00e+00
 8.37407e+22	2.29e-19	2.56e-09	4.29e-06	3.91e-04	6.13e-03	2.43e-02	5.91e-02	3.76e-01	4.09e-01	1.19e-01	5.73e-03	8.41e-05	1.68e-06	0.00e+00	0.00e+00	0.00e+00	0.00e+00	0.00e+00
 8.59423e+22	2.86e-19	3.20e-09	5.20e-06	4.60e-04	6.95e-03	2.66e-02	6.30e-02	3.86e-01	4.01e-01	1.12e-01	5.11e-03	7.22e-05	1.41e-06	0.00e+00	0.00e+00	0.00e+00	0.00e+00	0.00e+00
 8.81299e+22	3.56e-19	3.90e-09	6.18e-06	5.32e-04	7.78e-03	2.89e-02	6.67e-02	3.94e-01	3.93e-01	1.05e-01	4.60e-03	6.28e-05	1.20e-06	0.00e+00	0.00e+00	0.00e+00	0.00e+00	0.00e+00
 9.09739e+22	4.64e-19	4.99e-09	7.64e-06	6.35e-04	8.91e-03	3.19e-02	7.14e-02	4.04e-01	3.82e-01	9.71e-02	4.04e-03	5.31e-05	9.94e-07	0.00e+00	0.00e+00	0.00e+00	0.00e+00	0.00e+00
 9.44947e+22	6.33e-19	6.68e-09	9.81e-06	7.85e-04	1.05e-02	3.59e-02	7.74e-02	4.15e-01	3.69e-01	8.81e-02	3.43e-03	4.29e-05	7.82e-07	0.00e+00	0.00e+00	0.00e+00	0.00e+00	0.00e+00
 9.80084e+22	8.69e-19	9.00e-09	1.26e-05	9.71e-04	1.23e-02	4.03e-02	8.36e-02	4.25e-01	3.55e-01	7.96e-02	2.91e-03	3.46e-05	6.13e-07	0.00e+00	0.00e+00	0.00e+00	0.00e+00	0.00e+00
 1.00957e+23	1.11e-18	1.14e-08	1.54e-05	1.15e-03	1.40e-02	4.40e-02	8.87e-02	4.33e-01	3.44e-01	7.33e-02	2.55e-03	2.92e-05	5.06e-07	0.00e+00	0.00e+00	0.00e+00	0.00e+00	0.00e+00
 1.04057e+23	1.41e-18	1.41e-08	1.85e-05	1.34e-03	1.57e-02	4.77e-02	9.35e-02	4.39e-01	3.33e-01	6.78e-02	2.24e-03	2.48e-05	4.22e-07	0.00e+00	0.00e+00	0.00e+00	0.00e+00	0.00e+00
 1.07988e+23	1.87e-18	1.84e-08	2.31e-05	1.61e-03	1.80e-02	5.25e-02	9.94e-02	4.45e-01	3.20e-01	6.15e-02	1.92e-03	2.04e-05	3.39e-07	0.00e+00	0.00e+00	0.00e+00	0.00e+00	0.00e+00
 1.12332e+23	2.55e-18	2.45e-08	2.94e-05	1.96e-03	2.09e-02	5.81e-02	1.06e-01	4.52e-01	3.05e-01	5.52e-02	1.62e-03	1.65e-05	2.66e-07	0.00e+00	0.00e+00	0.00e+00	0.00e+00	0.00e+00
 1.16460e+23	3.36e-18	3.18e-08	3.66e-05	2.35e-03	2.39e-02	6.37e-02	1.12e-01	4.56e-01	2.91e-01	4.98e-02	1.38e-03	1.34e-05	2.12e-07	0.00e+00	0.00e+00	0.00e+00	0.00e+00	0.00e+00
 1.20851e+23	4.38e-18	4.05e-08	4.47e-05	2.77e-03	2.70e-02	6.91e-02	1.18e-01	4.59e-01	2.78e-01	4.51e-02	1.18e-03	1.11e-05	1.72e-07	0.00e+00	0.00e+00	0.00e+00	0.00e+00	0.00e+00
 1.25809e+23	5.83e-18	5.29e-08	5.58e-05	3.33e-03	3.08e-02	7.54e-02	1.24e-01	4.62e-01	2.63e-01	4.04e-02	9.99e-04	9.01e-06	1.36e-07	0.00e+00	0.00e+00	0.00e+00	0.00e+00	0.00e+00
 1.30965e+23	7.70e-18	6.84e-08	6.91e-05	3.96e-03	3.50e-02	8.20e-02	1.30e-01	4.63e-01	2.49e-01	3.62e-02	8.44e-04	7.33e-06	0.00e+00	0.00e+00	0.00e+00	0.00e+00	0.00e+00	0.00e+00
 1.36327e+23	1.01e-17	8.78e-08	8.48e-05	4.68e-03	3.94e-02	8.86e-02	1.36e-01	4.62e-01	2.36e-01	3.24e-02	7.15e-04	5.98e-06	0.00e+00	0.00e+00	0.00e+00	0.00e+00	0.00e+00	0.00e+00
 1.41903e+23	1.30e-17	1.12e-07	1.03e-04	5.50e-03	4.42e-02	9.53e-02	1.41e-01	4.61e-01	2.23e-01	2.90e-02	6.07e-04	4.90e-06	0.00e+00	0.00e+00	0.00e+00	0.00e+00	0.00e+00	0.00e+00
 1.47703e+23	1.67e-17	1.41e-07	1.25e-04	6.41e-03	4.93e-02	1.02e-01	1.47e-01	4.58e-01	2.11e-01	2.60e-02	5.17e-04	4.04e-06	0.00e+00	0.00e+00	0.00e+00	0.00e+00	0.00e+00	0.00e+00
 1.53734e+23	2.10e-17	1.75e-07	1.49e-04	7.41e-03	5.46e-02	1.09e-01	1.51e-01	4.55e-01	1.99e-01	2.34e-02	4.42e-04	3.35e-06	0.00e+00	0.00e+00	0.00e+00	0.00e+00	0.00e+00	0.00e+00
 1.60007e+23	2.61e-17	2.16e-07	1.77e-04	8.50e-03	6.01e-02	1.15e-01	1.56e-01	4.51e-01	1.88e-01	2.11e-02	3.80e-04	2.79e-06	0.00e+00	0.00e+00	0.00e+00	0.00e+00	0.00e+00	0.00e+00
 1.66531e+23	3.22e-17	2.64e-07	2.08e-04	9.69e-03	6.58e-02	1.21e-01	1.60e-01	4.46e-01	1.78e-01	1.90e-02	3.27e-04	2.34e-06	0.00e+00	0.00e+00	0.00e+00	0.00e+00	0.00e+00	0.00e+00
 1.73315e+23	3.93e-17	3.20e-07	2.43e-04	1.10e-02	7.16e-02	1.28e-01	1.63e-01	4.41e-01	1.68e-01	1.72e-02	2.84e-04	1.98e-06	0.00e+00	0.00e+00	0.00e+00	0.00e+00	0.00e+00	0.00e+00
 1.80371e+23	4.72e-17	3.83e-07	2.81e-04	1.23e-02	7.75e-02	1.33e-01	1.67e-01	4.35e-01	1.59e-01	1.56e-02	2.47e-04	1.68e-06	0.00e+00	0.00e+00	0.00e+00	0.00e+00	0.00e+00	0.00e+00
 1.87710e+23	5.60e-17	4.54e-07	3.23e-04	1.37e-02	8.34e-02	1.39e-01	1.69e-01	4.29e-01	1.51e-01	1.43e-02	2.16e-04	1.44e-06	0.00e+00	0.00e+00	0.00e+00	0.00e+00	0.00e+00	0.00e+00
 1.95341e+23	6.54e-17	5.32e-07	3.67e-04	1.52e-02	8.92e-02	1.44e-01	1.72e-01	4.23e-01	1.43e-01	1.30e-02	1.91e-04	1.24e-06	0.00e+00	0.00e+00	0.00e+00	0.00e+00	0.00e+00	0.00e+00
 2.03278e+23	7.55e-17	6.18e-07	4.14e-04	1.67e-02	9.50e-02	1.49e-01	1.74e-01	4.17e-01	1.36e-01	1.20e-02	1.69e-04	1.08e-06	0.00e+00	0.00e+00	0.00e+00	0.00e+00	0.00e+00	0.00e+00
 2.11533e+23	8.60e-17	7.11e-07	4.63e-04	1.82e-02	1.01e-01	1.54e-01	1.76e-01	4.10e-01	1.30e-01	1.10e-02	1.51e-04	9.46e-07	0.00e+00	0.00e+00	0.00e+00	0.00e+00	0.00e+00	0.00e+00
 2.20118e+23	9.64e-17	8.08e-07	5.13e-04	1.98e-02	1.06e-01	1.58e-01	1.77e-01	4.04e-01	1.24e-01	1.02e-02	1.35e-04	8.36e-07	0.00e+00	0.00e+00	0.00e+00	0.00e+00	0.00e+00	0.00e+00
 2.28544e+23	1.07e-16	9.09e-07	5.64e-04	2.13e-02	1.11e-01	1.62e-01	1.79e-01	3.98e-01	1.18e-01	9.51e-03	1.23e-04	7.46e-07	0.00e+00	0.00e+00	0.00e+00	0.00e+00	0.00e+00	0.00e+00
