#depth	Ne	Ne+	Ne+2	Ne+3	Ne+4	Ne+5	Ne+6	Ne+7	Ne+8	Ne+9	Ne+10
 6.17135e+19	0.00e+00	4.32e-31	4.35e-25	4.75e-20	8.64e-16	3.14e-12	3.47e-09	1.88e-06	2.94e-03	1.08e-01	8.89e-01
 1.87609e+20	0.00e+00	1.11e-30	9.98e-25	9.78e-20	1.61e-15	5.25e-12	5.20e-09	2.52e-06	3.56e-03	1.18e-01	8.78e-01
 3.09898e+20	0.00e+00	2.68e-30	2.17e-24	1.92e-19	2.86e-15	8.50e-12	7.58e-09	3.32e-06	4.25e-03	1.29e-01	8.67e-01
 4.23562e+20	0.00e+00	5.91e-30	4.37e-24	3.53e-19	4.82e-15	1.31e-11	1.07e-08	4.25e-06	4.98e-03	1.38e-01	8.57e-01
 4.98953e+20	0.00e+00	9.89e-30	6.88e-24	5.24e-19	6.76e-15	1.74e-11	1.33e-08	4.98e-06	5.52e-03	1.45e-01	8.50e-01
 5.30914e+20	0.00e+00	1.24e-29	8.37e-24	6.22e-19	7.82e-15	1.96e-11	1.46e-08	5.34e-06	5.77e-03	1.48e-01	8.46e-01
 5.58805e+20	0.00e+00	1.48e-29	9.79e-24	7.13e-19	8.79e-15	2.16e-11	1.58e-08	5.64e-06	5.98e-03	1.50e-01	8.44e-01
 5.95064e+20	0.00e+00	1.87e-29	1.21e-23	8.54e-19	1.03e-14	2.46e-11	1.74e-08	6.07e-06	6.27e-03	1.53e-01	8.40e-01
 6.42200e+20	0.00e+00	2.55e-29	1.59e-23	1.08e-18	1.26e-14	2.91e-11	1.99e-08	6.69e-06	6.67e-03	1.58e-01	8.36e-01
 6.93210e+20	0.00e+00	3.55e-29	2.12e-23	1.40e-18	1.56e-14	3.49e-11	2.30e-08	7.41e-06	7.12e-03	1.63e-01	8.30e-01
 7.38660e+20	0.00e+00	4.77e-29	2.75e-23	1.75e-18	1.90e-14	4.10e-11	2.61e-08	8.12e-06	7.55e-03	1.67e-01	8.26e-01
 7.80649e+20	0.00e+00	6.20e-29	3.47e-23	2.14e-18	2.26e-14	4.74e-11	2.92e-08	8.81e-06	7.95e-03	1.71e-01	8.21e-01
 8.28735e+20	0.00e+00	8.40e-29	4.53e-23	2.70e-18	2.75e-14	5.59e-11	3.32e-08	9.68e-06	8.44e-03	1.75e-01	8.16e-01
 8.82606e+20	0.00e+00	1.17e-28	6.09e-23	3.49e-18	3.43e-14	6.72e-11	3.83e-08	1.07e-05	9.01e-03	1.81e-01	8.10e-01
 9.29082e+20	0.00e+00	1.57e-28	7.85e-23	4.35e-18	4.14e-14	7.86e-11	4.34e-08	1.17e-05	9.54e-03	1.85e-01	8.05e-01
 9.66489e+20	0.00e+00	1.96e-28	9.59e-23	5.18e-18	4.81e-14	8.90e-11	4.78e-08	1.26e-05	9.97e-03	1.89e-01	8.01e-01
 1.00702e+21	0.00e+00	2.52e-28	1.19e-22	6.27e-18	5.67e-14	1.02e-10	5.32e-08	1.36e-05	1.05e-02	1.93e-01	7.97e-01
 1.05970e+21	0.00e+00	3.46e-28	1.58e-22	7.99e-18	6.98e-14	1.21e-10	6.09e-08	1.50e-05	1.11e-02	1.98e-01	7.91e-01
 1.11398e+21	0.00e+00	4.79e-28	2.10e-22	1.03e-17	8.65e-14	1.45e-10	7.01e-08	1.66e-05	1.19e-02	2.04e-01	7.84e-01
 1.15826e+21	0.00e+00	6.23e-28	2.65e-22	1.26e-17	1.03e-13	1.68e-10	7.84e-08	1.80e-05	1.25e-02	2.08e-01	7.79e-01
 1.20374e+21	0.00e+00	8.15e-28	3.36e-22	1.54e-17	1.23e-13	1.94e-10	8.80e-08	1.95e-05	1.32e-02	2.13e-01	7.74e-01
 1.26287e+21	0.00e+00	1.15e-27	4.56e-22	2.01e-17	1.54e-13	2.35e-10	1.02e-07	2.17e-05	1.41e-02	2.19e-01	7.67e-01
 1.31934e+21	0.00e+00	1.60e-27	6.09e-22	2.59e-17	1.91e-13	2.81e-10	1.18e-07	2.40e-05	1.50e-02	2.25e-01	7.60e-01
 1.35944e+21	0.00e+00	2.02e-27	7.48e-22	3.09e-17	2.23e-13	3.20e-10	1.30e-07	2.58e-05	1.57e-02	2.29e-01	7.55e-01
 1.39866e+21	0.00e+00	2.53e-27	9.12e-22	3.67e-17	2.58e-13	3.61e-10	1.43e-07	2.77e-05	1.64e-02	2.34e-01	7.50e-01
 1.44965e+21	0.00e+00	3.38e-27	1.18e-21	4.59e-17	3.13e-13	4.24e-10	1.62e-07	3.03e-05	1.73e-02	2.39e-01	7.44e-01
 1.50393e+21	0.00e+00	4.61e-27	1.55e-21	5.81e-17	3.83e-13	5.02e-10	1.85e-07	3.33e-05	1.84e-02	2.45e-01	7.37e-01
 1.55064e+21	0.00e+00	6.00e-27	1.95e-21	7.12e-17	4.56e-13	5.81e-10	2.07e-07	3.61e-05	1.93e-02	2.50e-01	7.30e-01
 1.59955e+21	0.00e+00	7.89e-27	2.49e-21	8.78e-17	5.47e-13	6.76e-10	2.33e-07	3.92e-05	2.04e-02	2.56e-01	7.24e-01
 1.65402e+21	0.00e+00	1.07e-26	3.25e-21	1.11e-16	6.69e-13	7.99e-10	2.66e-07	4.31e-05	2.16e-02	2.62e-01	7.17e-01
 1.70429e+21	0.00e+00	1.42e-26	4.16e-21	1.37e-16	8.04e-13	9.33e-10	3.00e-07	4.69e-05	2.27e-02	2.67e-01	7.10e-01
 1.74862e+21	0.00e+00	1.81e-26	5.17e-21	1.66e-16	9.46e-13	1.07e-09	3.34e-07	5.06e-05	2.38e-02	2.72e-01	7.04e-01
 1.79664e+21	0.00e+00	2.36e-26	6.52e-21	2.03e-16	1.13e-12	1.24e-09	3.74e-07	5.49e-05	2.50e-02	2.78e-01	6.97e-01
 1.85046e+21	0.00e+00	3.17e-26	8.46e-21	2.55e-16	1.37e-12	1.46e-09	4.25e-07	6.01e-05	2.65e-02	2.84e-01	6.89e-01
 1.89956e+21	0.00e+00	4.15e-26	1.07e-20	3.13e-16	1.64e-12	1.69e-09	4.78e-07	6.52e-05	2.79e-02	2.90e-01	6.82e-01
 1.94316e+21	1.32e-32	5.26e-26	1.32e-20	3.76e-16	1.91e-12	1.93e-09	5.29e-07	7.02e-05	2.91e-02	2.95e-01	6.76e-01
 1.99188e+21	1.77e-32	6.85e-26	1.67e-20	4.60e-16	2.28e-12	2.23e-09	5.93e-07	7.61e-05	3.06e-02	3.01e-01	6.69e-01
 2.04662e+21	2.47e-32	9.20e-26	2.16e-20	5.77e-16	2.77e-12	2.63e-09	6.75e-07	8.33e-05	3.23e-02	3.07e-01	6.60e-01
 2.09786e+21	3.36e-32	1.21e-25	2.76e-20	7.13e-16	3.33e-12	3.07e-09	7.61e-07	9.06e-05	3.40e-02	3.13e-01	6.53e-01
 2.14471e+21	4.44e-32	1.56e-25	3.44e-20	8.64e-16	3.93e-12	3.53e-09	8.48e-07	9.79e-05	3.57e-02	3.19e-01	6.46e-01
 2.19714e+21	6.06e-32	2.06e-25	4.40e-20	1.07e-15	4.73e-12	4.12e-09	9.58e-07	1.07e-04	3.76e-02	3.25e-01	6.37e-01
 2.25501e+21	8.52e-32	2.79e-25	5.76e-20	1.35e-15	5.80e-12	4.89e-09	1.10e-06	1.17e-04	3.98e-02	3.32e-01	6.28e-01
 2.30767e+21	1.16e-31	3.68e-25	7.36e-20	1.68e-15	6.97e-12	5.71e-09	1.24e-06	1.28e-04	4.18e-02	3.38e-01	6.20e-01
 2.35596e+21	1.54e-31	4.74e-25	9.20e-20	2.04e-15	8.25e-12	6.58e-09	1.38e-06	1.38e-04	4.38e-02	3.44e-01	6.12e-01
 2.41084e+21	2.11e-31	6.29e-25	1.18e-19	2.53e-15	9.98e-12	7.72e-09	1.57e-06	1.50e-04	4.62e-02	3.50e-01	6.03e-01
 2.47193e+21	2.99e-31	8.61e-25	1.56e-19	3.23e-15	1.23e-11	9.21e-09	1.80e-06	1.66e-04	4.90e-02	3.57e-01	5.93e-01
 2.52838e+21	4.12e-31	1.15e-24	2.01e-19	4.03e-15	1.49e-11	1.08e-08	2.04e-06	1.81e-04	5.16e-02	3.64e-01	5.84e-01
 2.58001e+21	5.50e-31	1.49e-24	2.53e-19	4.92e-15	1.78e-11	1.26e-08	2.29e-06	1.96e-04	5.41e-02	3.70e-01	5.76e-01
 2.63806e+21	7.58e-31	1.98e-24	3.27e-19	6.15e-15	2.16e-11	1.48e-08	2.61e-06	2.15e-04	5.71e-02	3.77e-01	5.66e-01
 2.70358e+21	1.08e-30	2.74e-24	4.34e-19	7.89e-15	2.68e-11	1.78e-08	3.01e-06	2.38e-04	6.06e-02	3.84e-01	5.55e-01
 2.76559e+21	1.51e-30	3.70e-24	5.67e-19	9.96e-15	3.28e-11	2.11e-08	3.45e-06	2.61e-04	6.40e-02	3.91e-01	5.45e-01
 2.82036e+21	2.02e-30	4.80e-24	7.14e-19	1.22e-14	3.92e-11	2.45e-08	3.88e-06	2.83e-04	6.71e-02	3.97e-01	5.36e-01
 2.87123e+21	2.64e-30	6.09e-24	8.83e-19	1.47e-14	4.61e-11	2.81e-08	4.32e-06	3.05e-04	7.01e-02	4.02e-01	5.27e-01
 2.92965e+21	3.55e-30	7.97e-24	1.12e-18	1.81e-14	5.53e-11	3.28e-08	4.88e-06	3.32e-04	7.36e-02	4.08e-01	5.18e-01
 2.99481e+21	4.93e-30	1.07e-23	1.46e-18	2.28e-14	6.76e-11	3.89e-08	5.58e-06	3.64e-04	7.77e-02	4.15e-01	5.07e-01
 3.05535e+21	6.64e-30	1.40e-23	1.85e-18	2.81e-14	8.12e-11	4.55e-08	6.30e-06	3.97e-04	8.16e-02	4.21e-01	4.97e-01
 3.11171e+21	8.71e-30	1.79e-23	2.30e-18	3.40e-14	9.60e-11	5.24e-08	7.05e-06	4.29e-04	8.53e-02	4.26e-01	4.88e-01
 3.17602e+21	1.18e-29	2.35e-23	2.94e-18	4.20e-14	1.16e-10	6.14e-08	7.99e-06	4.67e-04	8.96e-02	4.32e-01	4.78e-01
 3.24791e+21	1.64e-29	3.17e-23	3.83e-18	5.31e-14	1.42e-10	7.30e-08	9.17e-06	5.14e-04	9.46e-02	4.39e-01	4.66e-01
 3.31514e+21	2.21e-29	4.16e-23	4.88e-18	6.57e-14	1.71e-10	8.56e-08	1.04e-05	5.60e-04	9.93e-02	4.44e-01	4.56e-01
 3.37827e+21	2.91e-29	5.34e-23	6.10e-18	7.98e-14	2.03e-10	9.90e-08	1.17e-05	6.07e-04	1.04e-01	4.49e-01	4.46e-01
 3.45061e+21	3.95e-29	7.05e-23	7.82e-18	9.92e-14	2.46e-10	1.16e-07	1.33e-05	6.63e-04	1.09e-01	4.55e-01	4.35e-01
 3.53145e+21	5.51e-29	9.53e-23	1.02e-17	1.26e-13	3.03e-10	1.39e-07	1.52e-05	7.30e-04	1.15e-01	4.61e-01	4.23e-01
 3.60704e+21	7.46e-29	1.25e-22	1.31e-17	1.56e-13	3.66e-10	1.63e-07	1.73e-05	7.97e-04	1.21e-01	4.66e-01	4.13e-01
 3.67808e+21	9.83e-29	1.61e-22	1.64e-17	1.90e-13	4.35e-10	1.89e-07	1.95e-05	8.63e-04	1.26e-01	4.70e-01	4.02e-01
 3.75950e+21	1.34e-28	2.13e-22	2.10e-17	2.37e-13	5.27e-10	2.23e-07	2.21e-05	9.44e-04	1.33e-01	4.75e-01	3.91e-01
 3.84628e+21	1.83e-28	2.84e-22	2.73e-17	2.97e-13	6.44e-10	2.64e-07	2.53e-05	1.04e-03	1.40e-01	4.80e-01	3.80e-01
 3.91960e+21	2.38e-28	3.61e-22	3.37e-17	3.59e-13	7.59e-10	3.04e-07	2.83e-05	1.12e-03	1.46e-01	4.83e-01	3.70e-01
 3.98450e+21	2.98e-28	4.42e-22	4.06e-17	4.22e-13	8.75e-10	3.43e-07	3.11e-05	1.19e-03	1.51e-01	4.86e-01	3.62e-01
 4.05885e+21	3.83e-28	5.56e-22	4.98e-17	5.05e-13	1.03e-09	3.92e-07	3.47e-05	1.28e-03	1.57e-01	4.89e-01	3.52e-01
 4.15552e+21	5.26e-28	7.42e-22	6.46e-17	6.35e-13	1.25e-09	4.65e-07	3.97e-05	1.41e-03	1.65e-01	4.93e-01	3.41e-01
 4.25416e+21	7.20e-28	9.89e-22	8.36e-17	7.96e-13	1.53e-09	5.51e-07	4.53e-05	1.54e-03	1.73e-01	4.96e-01	3.29e-01
 4.33401e+21	9.21e-28	1.24e-21	1.02e-16	9.52e-13	1.79e-09	6.29e-07	5.04e-05	1.66e-03	1.80e-01	4.99e-01	3.20e-01
 4.41645e+21	1.18e-27	1.55e-21	1.25e-16	1.14e-12	2.09e-09	7.19e-07	5.60e-05	1.78e-03	1.86e-01	5.01e-01	3.11e-01
 4.52362e+21	1.61e-27	2.07e-21	1.62e-16	1.43e-12	2.55e-09	8.51e-07	6.39e-05	1.95e-03	1.95e-01	5.03e-01	3.00e-01
 4.63449e+21	2.20e-27	2.75e-21	2.10e-16	1.79e-12	3.12e-09	1.01e-06	7.31e-05	2.14e-03	2.05e-01	5.05e-01	2.88e-01
 4.72059e+21	2.80e-27	3.43e-21	2.56e-16	2.14e-12	3.63e-09	1.15e-06	8.11e-05	2.30e-03	2.12e-01	5.06e-01	2.79e-01
 4.79061e+21	3.37e-27	4.06e-21	2.98e-16	2.44e-12	4.09e-09	1.27e-06	8.77e-05	2.42e-03	2.18e-01	5.07e-01	2.73e-01
 4.86932e+21	4.14e-27	4.90e-21	3.53e-16	2.83e-12	4.65e-09	1.42e-06	9.56e-05	2.57e-03	2.25e-01	5.07e-01	2.65e-01
 4.97164e+21	5.38e-27	6.22e-21	4.39e-16	3.42e-12	5.49e-09	1.63e-06	1.07e-04	2.77e-03	2.33e-01	5.08e-01	2.56e-01
 5.08090e+21	7.06e-27	7.99e-21	5.49e-16	4.17e-12	6.53e-09	1.89e-06	1.20e-04	2.99e-03	2.42e-01	5.08e-01	2.47e-01
 5.17635e+21	8.89e-27	9.87e-21	6.65e-16	4.94e-12	7.57e-09	2.14e-06	1.32e-04	3.20e-03	2.50e-01	5.08e-01	2.39e-01
 5.27760e+21	1.13e-26	1.23e-20	8.10e-16	5.87e-12	8.80e-09	2.43e-06	1.46e-04	3.42e-03	2.59e-01	5.07e-01	2.31e-01
 5.40923e+21	1.52e-26	1.62e-20	1.04e-15	7.30e-12	1.06e-08	2.85e-06	1.66e-04	3.72e-03	2.69e-01	5.06e-01	2.21e-01
 5.54294e+21	2.05e-26	2.13e-20	1.33e-15	9.08e-12	1.29e-08	3.34e-06	1.88e-04	4.05e-03	2.81e-01	5.04e-01	2.11e-01
 5.64950e+21	2.59e-26	2.63e-20	1.61e-15	1.07e-11	1.49e-08	3.78e-06	2.07e-04	4.32e-03	2.89e-01	5.03e-01	2.03e-01
 5.75821e+21	3.25e-26	3.24e-20	1.95e-15	1.27e-11	1.72e-08	4.27e-06	2.27e-04	4.61e-03	2.98e-01	5.01e-01	1.96e-01
 5.87950e+21	4.18e-26	4.08e-20	2.39e-15	1.52e-11	2.02e-08	4.87e-06	2.52e-04	4.93e-03	3.08e-01	4.99e-01	1.88e-01
 5.99301e+21	5.25e-26	5.03e-20	2.89e-15	1.79e-11	2.33e-08	5.50e-06	2.77e-04	5.25e-03	3.17e-01	4.97e-01	1.81e-01
 6.11644e+21	6.69e-26	6.28e-20	3.53e-15	2.14e-11	2.71e-08	6.25e-06	3.06e-04	5.61e-03	3.26e-01	4.94e-01	1.74e-01
 6.25315e+21	8.69e-26	7.98e-20	4.38e-15	2.58e-11	3.20e-08	7.17e-06	3.40e-04	6.02e-03	3.37e-01	4.91e-01	1.66e-01
 6.38002e+21	1.10e-25	9.92e-20	5.33e-15	3.07e-11	3.71e-08	8.11e-06	3.74e-04	6.42e-03	3.46e-01	4.87e-01	1.60e-01
 6.51782e+21	1.42e-25	1.25e-19	6.56e-15	3.67e-11	4.34e-08	9.24e-06	4.14e-04	6.86e-03	3.56e-01	4.84e-01	1.53e-01
 6.67209e+21	1.87e-25	1.61e-19	8.22e-15	4.48e-11	5.15e-08	1.07e-05	4.62e-04	7.37e-03	3.68e-01	4.79e-01	1.45e-01
 6.81799e+21	2.40e-25	2.03e-19	1.01e-14	5.37e-11	6.02e-08	1.21e-05	5.11e-04	7.88e-03	3.78e-01	4.75e-01	1.39e-01
 6.97787e+21	3.15e-25	2.59e-19	1.26e-14	6.51e-11	7.10e-08	1.39e-05	5.67e-04	8.43e-03	3.89e-01	4.70e-01	1.32e-01
 7.15825e+21	4.24e-25	3.40e-19	1.62e-14	8.08e-11	8.56e-08	1.62e-05	6.39e-04	9.11e-03	4.02e-01	4.64e-01	1.25e-01
 7.31793e+21	5.49e-25	4.31e-19	2.00e-14	9.71e-11	1.00e-07	1.85e-05	7.06e-04	9.72e-03	4.12e-01	4.58e-01	1.19e-01
 7.45306e+21	6.80e-25	5.24e-19	2.38e-14	1.13e-10	1.14e-07	2.06e-05	7.66e-04	1.03e-02	4.21e-01	4.54e-01	1.14e-01
 7.60363e+21	8.57e-25	6.47e-19	2.88e-14	1.34e-10	1.32e-07	2.32e-05	8.38e-04	1.09e-02	4.31e-01	4.48e-01	1.09e-01
 7.79938e+21	1.15e-24	8.47e-19	3.66e-14	1.64e-10	1.57e-07	2.69e-05	9.36e-04	1.17e-02	4.43e-01	4.42e-01	1.03e-01
 8.00703e+21	1.56e-24	1.12e-18	4.70e-14	2.05e-10	1.90e-07	3.14e-05	1.05e-03	1.26e-02	4.56e-01	4.34e-01	9.64e-02
 8.17833e+21	2.00e-24	1.40e-18	5.75e-14	2.44e-10	2.21e-07	3.55e-05	1.16e-03	1.34e-02	4.66e-01	4.28e-01	9.16e-02
 8.32600e+21	2.46e-24	1.69e-18	6.82e-14	2.83e-10	2.51e-07	3.94e-05	1.25e-03	1.40e-02	4.75e-01	4.22e-01	8.77e-02
 8.49475e+21	3.10e-24	2.09e-18	8.24e-14	3.33e-10	2.89e-07	4.42e-05	1.36e-03	1.48e-02	4.84e-01	4.16e-01	8.35e-02
 8.71413e+21	4.16e-24	2.74e-18	1.05e-13	4.10e-10	3.45e-07	5.10e-05	1.52e-03	1.59e-02	4.96e-01	4.08e-01	7.84e-02
 8.94164e+21	5.60e-24	3.59e-18	1.34e-13	5.08e-10	4.14e-07	5.93e-05	1.70e-03	1.70e-02	5.09e-01	3.99e-01	7.33e-02
 9.12898e+21	7.11e-24	4.47e-18	1.63e-13	6.02e-10	4.79e-07	6.68e-05	1.86e-03	1.80e-02	5.18e-01	3.92e-01	6.94e-02
 9.32181e+21	9.04e-24	5.56e-18	1.98e-13	7.14e-10	5.54e-07	7.53e-05	2.03e-03	1.91e-02	5.28e-01	3.85e-01	6.57e-02
 9.57248e+21	1.23e-23	7.35e-18	2.54e-13	8.86e-10	6.65e-07	8.74e-05	2.27e-03	2.04e-02	5.40e-01	3.76e-01	6.13e-02
 9.83157e+21	1.66e-23	9.71e-18	3.27e-13	1.10e-09	8.03e-07	1.02e-04	2.55e-03	2.20e-02	5.52e-01	3.66e-01	5.68e-02
 1.00439e+22	2.12e-23	1.21e-17	3.99e-13	1.31e-09	9.32e-07	1.15e-04	2.79e-03	2.32e-02	5.62e-01	3.58e-01	5.35e-02
 1.02623e+22	2.70e-23	1.52e-17	4.88e-13	1.56e-09	1.08e-06	1.30e-04	3.06e-03	2.46e-02	5.71e-01	3.50e-01	5.03e-02
 1.04975e+22	3.49e-23	1.92e-17	6.03e-13	1.88e-09	1.27e-06	1.48e-04	3.37e-03	2.61e-02	5.81e-01	3.42e-01	4.71e-02
 1.07052e+22	4.35e-23	2.35e-17	7.24e-13	2.21e-09	1.45e-06	1.65e-04	3.66e-03	2.74e-02	5.90e-01	3.35e-01	4.45e-02
 1.08966e+22	5.31e-23	2.82e-17	8.54e-13	2.55e-09	1.64e-06	1.83e-04	3.94e-03	2.87e-02	5.97e-01	3.28e-01	4.22e-02
 1.11162e+22	6.62e-23	3.46e-17	1.03e-12	2.99e-09	1.88e-06	2.05e-04	4.28e-03	3.02e-02	6.05e-01	3.20e-01	3.97e-02
 1.13637e+22	8.46e-23	4.34e-17	1.26e-12	3.57e-09	2.19e-06	2.31e-04	4.69e-03	3.19e-02	6.14e-01	3.12e-01	3.72e-02
 1.16003e+22	1.06e-22	5.35e-17	1.52e-12	4.21e-09	2.53e-06	2.60e-04	5.11e-03	3.36e-02	6.22e-01	3.04e-01	3.49e-02
 1.18252e+22	1.30e-22	6.48e-17	1.81e-12	4.91e-09	2.89e-06	2.90e-04	5.54e-03	3.53e-02	6.30e-01	2.96e-01	3.27e-02
 1.20823e+22	1.65e-22	8.05e-17	2.21e-12	5.83e-09	3.34e-06	3.26e-04	6.05e-03	3.73e-02	6.37e-01	2.88e-01	3.06e-02
 1.23698e+22	2.11e-22	1.02e-16	2.73e-12	7.02e-09	3.93e-06	3.73e-04	6.68e-03	3.96e-02	6.46e-01	2.79e-01	2.83e-02
 1.26353e+22	2.64e-22	1.25e-16	3.31e-12	8.31e-09	4.54e-06	4.20e-04	7.29e-03	4.18e-02	6.54e-01	2.71e-01	2.63e-02
 1.28808e+22	3.23e-22	1.51e-16	3.93e-12	9.68e-09	5.18e-06	4.68e-04	7.90e-03	4.38e-02	6.60e-01	2.63e-01	2.46e-02
 1.31620e+22	4.02e-22	1.86e-16	4.75e-12	1.14e-08	5.99e-06	5.28e-04	8.63e-03	4.62e-02	6.67e-01	2.55e-01	2.29e-02
 1.35275e+22	5.29e-22	2.41e-16	6.05e-12	1.42e-08	7.21e-06	6.14e-04	9.64e-03	4.94e-02	6.75e-01	2.44e-01	2.08e-02
 1.38967e+22	6.92e-22	3.11e-16	7.66e-12	1.75e-08	8.65e-06	7.14e-04	1.08e-02	5.29e-02	6.83e-01	2.34e-01	1.88e-02
 1.41887e+22	8.47e-22	3.78e-16	9.18e-12	2.05e-08	9.95e-06	8.01e-04	1.17e-02	5.56e-02	6.88e-01	2.26e-01	1.74e-02
 1.44860e+22	1.02e-21	4.55e-16	1.09e-11	2.40e-08	1.14e-05	8.99e-04	1.28e-02	5.86e-02	6.94e-01	2.18e-01	1.61e-02
 1.48725e+22	1.32e-21	5.78e-16	1.37e-11	2.92e-08	1.36e-05	1.04e-03	1.42e-02	6.23e-02	6.99e-01	2.08e-01	1.46e-02
 1.52785e+22	1.67e-21	7.31e-16	1.71e-11	3.58e-08	1.63e-05	1.20e-03	1.58e-02	6.66e-02	7.05e-01	1.98e-01	1.31e-02
 1.56176e+22	2.01e-21	8.80e-16	2.05e-11	4.21e-08	1.88e-05	1.36e-03	1.73e-02	7.03e-02	7.09e-01	1.90e-01	1.20e-02
 1.59045e+22	2.36e-21	1.03e-15	2.38e-11	4.82e-08	2.12e-05	1.50e-03	1.86e-02	7.33e-02	7.12e-01	1.84e-01	1.12e-02
 1.62155e+22	2.77e-21	1.21e-15	2.78e-11	5.55e-08	2.40e-05	1.66e-03	2.00e-02	7.68e-02	7.14e-01	1.77e-01	1.03e-02
 1.66198e+22	3.37e-21	1.48e-15	3.38e-11	6.63e-08	2.81e-05	1.89e-03	2.20e-02	8.13e-02	7.17e-01	1.68e-01	9.31e-03
 1.70385e+22	4.09e-21	1.80e-15	4.11e-11	7.94e-08	3.30e-05	2.16e-03	2.43e-02	8.62e-02	7.19e-01	1.60e-01	8.37e-03
 1.73845e+22	4.77e-21	2.12e-15	4.81e-11	9.18e-08	3.76e-05	2.41e-03	2.62e-02	9.03e-02	7.20e-01	1.53e-01	7.67e-03
 1.77432e+22	5.52e-21	2.47e-15	5.62e-11	1.06e-07	4.28e-05	2.68e-03	2.83e-02	9.46e-02	7.21e-01	1.46e-01	7.02e-03
 1.82094e+22	6.62e-21	3.00e-15	6.83e-11	1.27e-07	5.04e-05	3.06e-03	3.11e-02	1.00e-01	7.21e-01	1.38e-01	6.27e-03
 1.86797e+22	7.88e-21	3.62e-15	8.28e-11	1.52e-07	5.92e-05	3.50e-03	3.42e-02	1.06e-01	7.20e-01	1.30e-01	5.58e-03
 1.90502e+22	8.96e-21	4.18e-15	9.59e-11	1.75e-07	6.70e-05	3.87e-03	3.68e-02	1.11e-01	7.19e-01	1.24e-01	5.10e-03
 1.94270e+22	1.01e-20	4.80e-15	1.11e-10	2.00e-07	7.57e-05	4.27e-03	3.94e-02	1.15e-01	7.17e-01	1.19e-01	4.66e-03
 1.99169e+22	1.18e-20	5.71e-15	1.33e-10	2.37e-07	8.82e-05	4.84e-03	4.30e-02	1.22e-01	7.14e-01	1.12e-01	4.15e-03
 2.04296e+22	1.38e-20	6.82e-15	1.60e-10	2.83e-07	1.03e-04	5.50e-03	4.70e-02	1.28e-01	7.10e-01	1.05e-01	3.68e-03
 2.08614e+22	1.57e-20	7.90e-15	1.87e-10	3.27e-07	1.18e-04	6.10e-03	5.05e-02	1.34e-01	7.06e-01	9.97e-02	3.33e-03
 2.13123e+22	1.78e-20	9.14e-15	2.18e-10	3.79e-07	1.34e-04	6.77e-03	5.42e-02	1.40e-01	7.02e-01	9.44e-02	3.01e-03
 2.18984e+22	2.08e-20	1.10e-14	2.66e-10	4.57e-07	1.58e-04	7.72e-03	5.93e-02	1.47e-01	6.95e-01	8.80e-02	2.64e-03
 2.25022e+22	2.44e-20	1.33e-14	3.25e-10	5.53e-07	1.87e-04	8.81e-03	6.47e-02	1.55e-01	6.88e-01	8.18e-02	2.31e-03
 2.29987e+22	2.77e-20	1.55e-14	3.83e-10	6.46e-07	2.14e-04	9.78e-03	6.93e-02	1.61e-01	6.81e-01	7.71e-02	2.07e-03
 2.34462e+22	3.08e-20	1.76e-14	4.41e-10	7.39e-07	2.41e-04	1.07e-02	7.36e-02	1.66e-01	6.74e-01	7.31e-02	1.88e-03
 2.38880e+22	3.46e-20	2.02e-14	5.08e-10	8.44e-07	2.70e-04	1.17e-02	7.79e-02	1.72e-01	6.67e-01	6.94e-02	1.71e-03
 2.43897e+22	3.91e-20	2.34e-14	5.94e-10	9.77e-07	3.06e-04	1.29e-02	8.28e-02	1.78e-01	6.59e-01	6.55e-02	1.55e-03
 2.49411e+22	4.47e-20	2.74e-14	7.05e-10	1.15e-06	3.51e-04	1.43e-02	8.84e-02	1.84e-01	6.50e-01	6.14e-02	1.38e-03
 2.54430e+22	4.99e-20	3.15e-14	8.20e-10	1.32e-06	3.96e-04	1.57e-02	9.37e-02	1.90e-01	6.41e-01	5.79e-02	1.24e-03
 2.59091e+22	5.61e-20	3.61e-14	9.45e-10	1.51e-06	4.43e-04	1.70e-02	9.86e-02	1.95e-01	6.33e-01	5.49e-02	1.13e-03
 2.64428e+22	6.40e-20	4.20e-14	1.11e-09	1.75e-06	5.00e-04	1.86e-02	1.04e-01	2.01e-01	6.23e-01	5.18e-02	1.02e-03
 2.71366e+22	7.54e-20	5.09e-14	1.35e-09	2.10e-06	5.83e-04	2.08e-02	1.12e-01	2.08e-01	6.10e-01	4.79e-02	8.96e-04
 2.78361e+22	8.92e-20	6.20e-14	1.66e-09	2.54e-06	6.81e-04	2.33e-02	1.19e-01	2.15e-01	5.96e-01	4.43e-02	7.83e-04
 2.83859e+22	1.01e-19	7.20e-14	1.95e-09	2.93e-06	7.67e-04	2.54e-02	1.26e-01	2.20e-01	5.85e-01	4.16e-02	7.04e-04
 2.89434e+22	1.16e-19	8.40e-14	2.28e-09	3.37e-06	8.59e-04	2.76e-02	1.32e-01	2.25e-01	5.75e-01	3.92e-02	6.37e-04
 2.96682e+22	1.38e-19	1.02e-13	2.78e-09	4.03e-06	9.93e-04	3.06e-02	1.40e-01	2.31e-01	5.60e-01	3.63e-02	5.60e-04
 3.04337e+22	1.65e-19	1.25e-13	3.43e-09	4.87e-06	1.16e-03	3.41e-02	1.49e-01	2.38e-01	5.44e-01	3.33e-02	4.87e-04
 3.10858e+22	1.92e-19	1.49e-13	4.09e-09	5.71e-06	1.31e-03	3.73e-02	1.56e-01	2.43e-01	5.31e-01	3.10e-02	4.33e-04
 3.17673e+22	2.27e-19	1.78e-13	4.88e-09	6.68e-06	1.48e-03	4.07e-02	1.64e-01	2.47e-01	5.17e-01	2.89e-02	3.86e-04
 3.26533e+22	2.79e-19	2.24e-13	6.12e-09	8.14e-06	1.73e-03	4.53e-02	1.74e-01	2.53e-01	5.00e-01	2.64e-02	3.32e-04
 3.35686e+22	3.48e-19	2.84e-13	7.74e-09	1.00e-05	2.04e-03	5.06e-02	1.84e-01	2.58e-01	4.81e-01	2.39e-02	2.84e-04
 3.43206e+22	4.15e-19	3.44e-13	9.35e-09	1.18e-05	2.31e-03	5.53e-02	1.93e-01	2.62e-01	4.65e-01	2.21e-02	2.50e-04
 3.50965e+22	5.00e-19	4.17e-13	1.13e-08	1.38e-05	2.62e-03	6.01e-02	2.01e-01	2.65e-01	4.50e-01	2.04e-02	2.21e-04
 3.61052e+22	6.31e-19	5.33e-13	1.42e-08	1.69e-05	3.05e-03	6.67e-02	2.12e-01	2.69e-01	4.31e-01	1.84e-02	1.88e-04
 3.71766e+22	8.14e-19	6.92e-13	1.83e-08	2.09e-05	3.59e-03	7.43e-02	2.24e-01	2.72e-01	4.10e-01	1.65e-02	1.59e-04
 3.81020e+22	1.01e-18	8.64e-13	2.26e-08	2.51e-05	4.11e-03	8.13e-02	2.33e-01	2.74e-01	3.93e-01	1.50e-02	1.37e-04
 3.88674e+22	1.21e-18	1.04e-12	2.68e-08	2.89e-05	4.57e-03	8.71e-02	2.41e-01	2.75e-01	3.79e-01	1.39e-02	1.22e-04
 3.96525e+22	1.45e-18	1.24e-12	3.16e-08	3.32e-05	5.08e-03	9.33e-02	2.48e-01	2.75e-01	3.65e-01	1.28e-02	1.08e-04
 4.06731e+22	1.83e-18	1.56e-12	3.91e-08	3.95e-05	5.78e-03	1.01e-01	2.58e-01	2.76e-01	3.48e-01	1.16e-02	9.30e-05
 4.17501e+22	2.35e-18	1.99e-12	4.88e-08	4.75e-05	6.62e-03	1.11e-01	2.67e-01	2.75e-01	3.30e-01	1.04e-02	7.91e-05
 4.26568e+22	2.89e-18	2.43e-12	5.86e-08	5.52e-05	7.39e-03	1.19e-01	2.75e-01	2.75e-01	3.15e-01	9.53e-03	6.92e-05
 4.35919e+22	3.55e-18	2.96e-12	7.00e-08	6.39e-05	8.22e-03	1.27e-01	2.82e-01	2.73e-01	3.00e-01	8.71e-03	6.06e-05
 4.48076e+22	4.62e-18	3.80e-12	8.75e-08	7.66e-05	9.39e-03	1.38e-01	2.91e-01	2.71e-01	2.83e-01	7.76e-03	5.12e-05
 4.60669e+22	6.11e-18	4.94e-12	1.11e-07	9.24e-05	1.08e-02	1.50e-01	3.00e-01	2.68e-01	2.65e-01	6.86e-03	4.28e-05
 4.70998e+22	7.65e-18	6.09e-12	1.33e-07	1.07e-04	1.20e-02	1.60e-01	3.06e-01	2.65e-01	2.51e-01	6.21e-03	3.70e-05
 4.81593e+22	9.55e-18	7.46e-12	1.59e-07	1.24e-04	1.32e-02	1.70e-01	3.12e-01	2.62e-01	2.37e-01	5.63e-03	3.21e-05
 4.95365e+22	1.26e-17	9.64e-12	1.98e-07	1.47e-04	1.50e-02	1.83e-01	3.19e-01	2.57e-01	2.21e-01	4.96e-03	2.68e-05
 5.09959e+22	1.71e-17	1.27e-11	2.51e-07	1.78e-04	1.71e-02	1.97e-01	3.26e-01	2.51e-01	2.04e-01	4.33e-03	2.21e-05
 5.22420e+22	2.21e-17	1.59e-11	3.05e-07	2.07e-04	1.90e-02	2.09e-01	3.31e-01	2.46e-01	1.91e-01	3.85e-03	1.87e-05
 5.35420e+22	2.83e-17	1.98e-11	3.69e-07	2.40e-04	2.11e-02	2.22e-01	3.35e-01	2.40e-01	1.78e-01	3.43e-03	1.60e-05
 5.52320e+22	3.88e-17	2.62e-11	4.66e-07	2.87e-04	2.39e-02	2.38e-01	3.39e-01	2.33e-01	1.63e-01	2.97e-03	1.30e-05
 5.70201e+22	5.43e-17	3.52e-11	5.97e-07	3.48e-04	2.72e-02	2.55e-01	3.43e-01	2.24e-01	1.48e-01	2.53e-03	1.04e-05
 5.85446e+22	7.19e-17	4.48e-11	7.32e-07	4.06e-04	3.02e-02	2.70e-01	3.45e-01	2.16e-01	1.36e-01	2.21e-03	8.64e-06
 6.01354e+22	9.44e-17	5.66e-11	8.88e-07	4.70e-04	3.34e-02	2.84e-01	3.46e-01	2.09e-01	1.25e-01	1.93e-03	7.21e-06
 6.22034e+22	1.32e-16	7.55e-11	1.13e-06	5.63e-04	3.76e-02	3.02e-01	3.46e-01	1.99e-01	1.13e-01	1.64e-03	5.74e-06
 6.44346e+22	1.91e-16	1.04e-10	1.46e-06	6.84e-04	4.28e-02	3.22e-01	3.45e-01	1.88e-01	1.00e-01	1.36e-03	4.45e-06
 6.63858e+22	2.62e-16	1.35e-10	1.81e-06	8.04e-04	4.76e-02	3.38e-01	3.43e-01	1.79e-01	9.02e-02	1.15e-03	3.58e-06
 6.79652e+22	3.32e-16	1.65e-10	2.13e-06	9.06e-04	5.14e-02	3.51e-01	3.41e-01	1.72e-01	8.32e-02	1.02e-03	3.03e-06
 6.95533e+22	4.19e-16	2.00e-10	2.49e-06	1.02e-03	5.54e-02	3.63e-01	3.38e-01	1.65e-01	7.68e-02	9.03e-04	2.57e-06
 7.16178e+22	5.54e-16	2.53e-10	3.01e-06	1.17e-03	6.05e-02	3.77e-01	3.35e-01	1.56e-01	6.95e-02	7.77e-04	2.10e-06
 7.38896e+22	7.58e-16	3.29e-10	3.71e-06	1.36e-03	6.67e-02	3.93e-01	3.29e-01	1.47e-01	6.20e-02	6.54e-04	1.67e-06
 7.59338e+22	9.96e-16	4.13e-10	4.45e-06	1.55e-03	7.24e-02	4.06e-01	3.24e-01	1.39e-01	5.60e-02	5.62e-04	1.37e-06
 7.80943e+22	1.29e-15	5.10e-10	5.27e-06	1.75e-03	7.81e-02	4.19e-01	3.19e-01	1.31e-01	5.07e-02	4.86e-04	1.13e-06
 8.09028e+22	1.78e-15	6.68e-10	6.52e-06	2.04e-03	8.59e-02	4.34e-01	3.11e-01	1.22e-01	4.46e-02	4.03e-04	8.83e-07
 8.37407e+22	2.50e-15	8.83e-10	8.13e-06	2.39e-03	9.46e-02	4.49e-01	3.02e-01	1.13e-01	3.89e-02	3.30e-04	6.80e-07
 8.59423e+22	3.19e-15	1.08e-09	9.52e-06	2.68e-03	1.01e-01	4.59e-01	2.95e-01	1.06e-01	3.52e-02	2.85e-04	5.62e-07
 8.81299e+22	3.98e-15	1.29e-09	1.10e-05	2.96e-03	1.07e-01	4.68e-01	2.89e-01	1.00e-01	3.21e-02	2.50e-04	4.72e-07
 9.09739e+22	5.19e-15	1.60e-09	1.30e-05	3.33e-03	1.15e-01	4.78e-01	2.81e-01	9.33e-02	2.86e-02	2.12e-04	3.82e-07
 9.44947e+22	7.19e-15	2.09e-09	1.60e-05	3.85e-03	1.26e-01	4.90e-01	2.70e-01	8.54e-02	2.48e-02	1.73e-04	2.93e-07
 9.80084e+22	9.96e-15	2.73e-09	1.97e-05	4.45e-03	1.36e-01	5.00e-01	2.59e-01	7.78e-02	2.14e-02	1.40e-04	2.24e-07
 1.00957e+23	1.28e-14	3.35e-09	2.31e-05	4.97e-03	1.45e-01	5.08e-01	2.51e-01	7.22e-02	1.90e-02	1.19e-04	1.81e-07
 1.04057e+23	1.63e-14	4.07e-09	2.68e-05	5.51e-03	1.54e-01	5.14e-01	2.42e-01	6.72e-02	1.70e-02	1.02e-04	1.48e-07
 1.07988e+23	2.16e-14	5.12e-09	3.20e-05	6.22e-03	1.65e-01	5.21e-01	2.32e-01	6.15e-02	1.49e-02	8.41e-05	0.00e+00
 1.12332e+23	2.94e-14	6.57e-09	3.88e-05	7.09e-03	1.77e-01	5.27e-01	2.21e-01	5.56e-02	1.28e-02	6.82e-05	0.00e+00
 1.16460e+23	3.92e-14	8.28e-09	4.63e-05	8.00e-03	1.89e-01	5.31e-01	2.10e-01	5.06e-02	1.11e-02	5.60e-05	0.00e+00
 1.20851e+23	5.09e-14	1.02e-08	5.44e-05	8.91e-03	2.00e-01	5.34e-01	2.01e-01	4.63e-02	9.71e-03	4.66e-05	0.00e+00
 1.25809e+23	6.79e-14	1.29e-08	6.50e-05	1.00e-02	2.13e-01	5.36e-01	1.90e-01	4.18e-02	8.37e-03	3.80e-05	0.00e+00
 1.30965e+23	8.97e-14	1.61e-08	7.72e-05	1.12e-02	2.26e-01	5.38e-01	1.80e-01	3.78e-02	7.22e-03	3.10e-05	0.00e+00
 1.36327e+23	1.17e-13	2.00e-08	9.10e-05	1.25e-02	2.39e-01	5.38e-01	1.70e-01	3.42e-02	6.25e-03	2.55e-05	0.00e+00
 1.41903e+23	1.52e-13	2.47e-08	1.07e-04	1.39e-02	2.52e-01	5.37e-01	1.61e-01	3.09e-02	5.42e-03	2.10e-05	0.00e+00
 1.47703e+23	1.96e-13	3.02e-08	1.24e-04	1.54e-02	2.65e-01	5.35e-01	1.52e-01	2.80e-02	4.72e-03	1.74e-05	0.00e+00
 1.53734e+23	2.49e-13	3.65e-08	1.44e-04	1.69e-02	2.77e-01	5.32e-01	1.43e-01	2.55e-02	4.12e-03	1.45e-05	0.00e+00
 1.60007e+23	3.13e-13	4.40e-08	1.65e-04	1.85e-02	2.90e-01	5.29e-01	1.36e-01	2.32e-02	3.62e-03	1.22e-05	0.00e+00
 1.66531e+23	3.90e-13	5.24e-08	1.89e-04	2.02e-02	3.02e-01	5.25e-01	1.28e-01	2.12e-02	3.19e-03	1.03e-05	0.00e+00
 1.73315e+23	4.81e-13	6.20e-08	2.14e-04	2.19e-02	3.13e-01	5.21e-01	1.22e-01	1.94e-02	2.82e-03	8.70e-06	0.00e+00
 1.80371e+23	5.87e-13	7.27e-08	2.42e-04	2.36e-02	3.24e-01	5.16e-01	1.15e-01	1.78e-02	2.50e-03	7.43e-06	0.00e+00
 1.87710e+23	7.08e-13	8.45e-08	2.71e-04	2.54e-02	3.35e-01	5.11e-01	1.09e-01	1.64e-02	2.24e-03	6.39e-06	0.00e+00
 1.95341e+23	8.44e-13	9.74e-08	3.02e-04	2.71e-02	3.45e-01	5.06e-01	1.04e-01	1.51e-02	2.01e-03	5.55e-06	0.00e+00
 2.03278e+23	9.99e-13	1.11e-07	3.34e-04	2.89e-02	3.55e-01	5.01e-01	9.92e-02	1.40e-02	1.81e-03	4.84e-06	0.00e+00
 2.11533e+23	1.17e-12	1.26e-07	3.67e-04	3.07e-02	3.64e-01	4.95e-01	9.47e-02	1.30e-02	1.65e-03	4.26e-06	0.00e+00
 2.20118e+23	1.35e-12	1.42e-07	4.01e-04	3.24e-02	3.73e-01	4.90e-01	9.06e-02	1.22e-02	1.50e-03	3.78e-06	0.00e+00
 2.28544e+23	1.54e-12	1.58e-07	4.35e-04	3.40e-02	3.81e-01	4.85e-01	8.69e-02	1.15e-02	1.38e-03	3.39e-06	0.00e+00
 2.36238e+23	1.74e-12	1.74e-07	4.67e-04	3.55e-02	3.87e-01	4.81e-01	8.38e-02	1.08e-02	1.29e-03	3.08e-06	0.00e+00
 2.43162e+23	1.90e-12	1.87e-07	4.93e-04	3.68e-02	3.93e-01	4.77e-01	8.14e-02	1.04e-02	1.21e-03	2.86e-06	0.00e+00
 2.49394e+23	2.05e-12	1.99e-07	5.16e-04	3.78e-02	3.97e-01	4.74e-01	7.95e-02	1.00e-02	1.16e-03	2.68e-06	0.00e+00
 2.55003e+23	2.18e-12	2.09e-07	5.36e-04	3.87e-02	4.01e-01	4.71e-01	7.78e-02	9.71e-03	1.11e-03	2.55e-06	0.00e+00
 2.60051e+23	2.30e-12	2.18e-07	5.54e-04	3.95e-02	4.04e-01	4.69e-01	7.65e-02	9.46e-03	1.07e-03	2.43e-06	0.00e+00
 2.64594e+23	2.41e-12	2.26e-07	5.70e-04	4.01e-02	4.07e-01	4.67e-01	7.53e-02	9.25e-03	1.04e-03	2.34e-06	0.00e+00
 2.68682e+23	2.48e-12	2.32e-07	5.81e-04	4.06e-02	4.09e-01	4.65e-01	7.45e-02	9.11e-03	1.02e-03	2.28e-06	0.00e+00
 2.72362e+23	2.55e-12	2.37e-07	5.90e-04	4.10e-02	4.10e-01	4.64e-01	7.39e-02	8.99e-03	1.00e-03	2.24e-06	0.00e+00
 2.75674e+23	2.61e-12	2.42e-07	5.99e-04	4.14e-02	4.12e-01	4.63e-01	7.32e-02	8.88e-03	9.88e-04	2.19e-06	0.00e+00
 2.78771e+23	2.67e-12	2.46e-07	6.07e-04	4.17e-02	4.13e-01	4.62e-01	7.27e-02	8.78e-03	9.74e-04	2.15e-06	0.00e+00
 2.81825e+23	2.72e-12	2.50e-07	6.15e-04	4.20e-02	4.15e-01	4.61e-01	7.22e-02	8.70e-03	9.62e-04	2.12e-06	0.00e+00
 2.84880e+23	2.77e-12	2.54e-07	6.22e-04	4.23e-02	4.16e-01	4.60e-01	7.17e-02	8.62e-03	9.50e-04	2.08e-06	0.00e+00
 2.87935e+23	2.81e-12	2.57e-07	6.27e-04	4.25e-02	4.17e-01	4.59e-01	7.14e-02	8.56e-03	9.42e-04	2.06e-06	0.00e+00
 2.90990e+23	2.84e-12	2.59e-07	6.32e-04	4.27e-02	4.17e-01	4.59e-01	7.11e-02	8.51e-03	9.35e-04	2.04e-06	0.00e+00
 2.94045e+23	2.87e-12	2.61e-07	6.36e-04	4.29e-02	4.18e-01	4.58e-01	7.08e-02	8.46e-03	9.29e-04	2.02e-06	0.00e+00
 2.97099e+23	2.89e-12	2.63e-07	6.39e-04	4.30e-02	4.19e-01	4.58e-01	7.06e-02	8.43e-03	9.24e-04	2.01e-06	0.00e+00
 3.00154e+23	2.91e-12	2.65e-07	6.43e-04	4.31e-02	4.19e-01	4.57e-01	7.04e-02	8.40e-03	9.19e-04	2.00e-06	0.00e+00
 3.03209e+23	2.93e-12	2.66e-07	6.46e-04	4.33e-02	4.20e-01	4.57e-01	7.02e-02	8.36e-03	9.15e-04	1.99e-06	0.00e+00
 3.05109e+23	3.00e-12	2.71e-07	6.55e-04	4.36e-02	4.21e-01	4.56e-01	6.97e-02	8.27e-03	9.01e-04	1.95e-06	0.00e+00
