#depth	Ar	Ar+	Ar+2	Ar+3	Ar+4	Ar+5	Ar+6	Ar+7	Ar+8	Ar+9	Ar+10	Ar+11	Ar+12	Ar+13	Ar+14	Ar+15	Ar+16	Ar+17	Ar+18
 6.17135e+19	0.00e+00	0.00e+00	0.00e+00	3.49e-29	2.88e-25	8.10e-22	1.07e-18	7.23e-16	1.64e-12	6.91e-10	1.07e-07	6.03e-06	1.97e-04	2.43e-03	1.44e-02	6.94e-02	5.62e-01	3.00e-01	5.12e-02
 1.87609e+20	0.00e+00	0.00e+00	0.00e+00	1.20e-28	8.90e-25	2.23e-21	2.63e-18	1.58e-15	3.47e-12	1.38e-09	1.98e-07	1.02e-05	3.06e-04	3.41e-03	1.82e-02	7.87e-02	5.77e-01	2.79e-01	4.31e-02
 3.09898e+20	0.00e+00	0.00e+00	0.00e+00	3.82e-28	2.54e-24	5.73e-21	6.07e-18	3.28e-15	6.99e-12	2.62e-09	3.51e-07	1.67e-05	4.59e-04	4.66e-03	2.25e-02	8.81e-02	5.89e-01	2.59e-01	3.64e-02
 4.23562e+20	0.00e+00	0.00e+00	0.00e+00	1.08e-27	6.51e-24	1.33e-20	1.28e-17	6.28e-15	1.31e-11	4.67e-09	5.85e-07	2.58e-05	6.59e-04	6.15e-03	2.71e-02	9.71e-02	5.97e-01	2.41e-01	3.12e-02
 4.98953e+20	0.00e+00	0.00e+00	0.00e+00	2.10e-27	1.20e-23	2.30e-20	2.08e-17	9.55e-15	1.96e-11	6.77e-09	8.15e-07	3.41e-05	8.31e-04	7.34e-03	3.06e-02	1.03e-01	6.01e-01	2.29e-01	2.81e-02
 5.30914e+20	0.00e+00	0.00e+00	0.00e+00	2.80e-27	1.55e-23	2.91e-20	2.55e-17	1.14e-14	2.32e-11	7.94e-09	9.39e-07	3.85e-05	9.19e-04	7.92e-03	3.22e-02	1.06e-01	6.02e-01	2.25e-01	2.69e-02
 5.58805e+20	0.00e+00	0.00e+00	3.97e-31	3.53e-27	1.92e-23	3.52e-20	3.02e-17	1.32e-14	2.68e-11	9.04e-09	1.05e-06	4.24e-05	9.95e-04	8.42e-03	3.35e-02	1.08e-01	6.03e-01	2.21e-01	2.59e-02
 5.95064e+20	0.00e+00	0.00e+00	5.54e-31	4.81e-27	2.54e-23	4.52e-20	3.77e-17	1.60e-14	3.22e-11	1.07e-08	1.22e-06	4.82e-05	1.11e-03	9.12e-03	3.54e-02	1.11e-01	6.04e-01	2.15e-01	2.47e-02
 6.42200e+20	0.00e+00	0.00e+00	8.59e-31	7.18e-27	3.65e-23	6.27e-20	5.02e-17	2.05e-14	4.10e-11	1.34e-08	1.49e-06	5.70e-05	1.27e-03	1.01e-02	3.79e-02	1.15e-01	6.04e-01	2.09e-01	2.31e-02
 6.93210e+20	0.00e+00	0.00e+00	1.37e-30	1.10e-26	5.38e-23	8.87e-20	6.82e-17	2.68e-14	5.30e-11	1.70e-08	1.84e-06	6.81e-05	1.47e-03	1.13e-02	4.08e-02	1.19e-01	6.05e-01	2.01e-01	2.15e-02
 7.38660e+20	0.00e+00	0.00e+00	2.07e-30	1.61e-26	7.58e-23	1.21e-19	8.93e-17	3.38e-14	6.66e-11	2.09e-08	2.21e-06	7.98e-05	1.67e-03	1.25e-02	4.36e-02	1.23e-01	6.04e-01	1.95e-01	2.02e-02
 7.80649e+20	0.00e+00	0.00e+00	2.99e-30	2.25e-26	1.03e-22	1.59e-19	1.14e-16	4.17e-14	8.16e-11	2.52e-08	2.61e-06	9.18e-05	1.88e-03	1.36e-02	4.61e-02	1.26e-01	6.04e-01	1.89e-01	1.91e-02
 8.28735e+20	0.00e+00	0.00e+00	4.57e-30	3.32e-26	1.47e-22	2.18e-19	1.50e-16	5.30e-14	1.03e-10	3.13e-08	3.16e-06	1.08e-04	2.14e-03	1.50e-02	4.93e-02	1.30e-01	6.03e-01	1.83e-01	1.78e-02
 8.82606e+20	0.00e+00	0.00e+00	7.31e-30	5.11e-26	2.17e-22	3.09e-19	2.04e-16	6.91e-14	1.33e-10	3.96e-08	3.90e-06	1.29e-04	2.47e-03	1.68e-02	5.29e-02	1.34e-01	6.01e-01	1.76e-01	1.66e-02
 9.29082e+20	0.00e+00	0.00e+00	1.09e-29	7.37e-26	3.02e-22	4.15e-19	2.65e-16	8.65e-14	1.66e-10	4.85e-08	4.66e-06	1.50e-04	2.80e-03	1.84e-02	5.62e-02	1.38e-01	5.99e-01	1.70e-01	1.55e-02
 9.66489e+20	0.00e+00	0.00e+00	1.50e-29	9.86e-26	3.93e-22	5.26e-19	3.26e-16	1.03e-13	1.97e-10	5.69e-08	5.36e-06	1.69e-04	3.09e-03	1.98e-02	5.89e-02	1.41e-01	5.97e-01	1.65e-01	1.47e-02
 1.00702e+21	0.00e+00	0.00e+00	2.12e-29	1.35e-25	5.23e-22	6.79e-19	4.08e-16	1.25e-13	2.38e-10	6.77e-08	6.26e-06	1.92e-04	3.43e-03	2.14e-02	6.20e-02	1.44e-01	5.95e-01	1.60e-01	1.39e-02
 1.05970e+21	0.00e+00	0.00e+00	3.29e-29	2.02e-25	7.53e-22	9.39e-19	5.43e-16	1.60e-13	3.03e-10	8.44e-08	7.60e-06	2.26e-04	3.92e-03	2.37e-02	6.61e-02	1.48e-01	5.91e-01	1.54e-01	1.29e-02
 1.11398e+21	0.00e+00	0.00e+00	5.15e-29	3.05e-25	1.09e-21	1.31e-18	7.26e-16	2.06e-13	3.87e-10	1.06e-07	9.28e-06	2.68e-04	4.50e-03	2.62e-02	7.06e-02	1.52e-01	5.87e-01	1.48e-01	1.19e-02
 1.15826e+21	0.00e+00	0.00e+00	7.41e-29	4.25e-25	1.48e-21	1.71e-18	9.18e-16	2.51e-13	4.71e-10	1.27e-07	1.09e-05	3.06e-04	5.02e-03	2.85e-02	7.43e-02	1.55e-01	5.83e-01	1.42e-01	1.12e-02
 1.20374e+21	0.00e+00	0.00e+00	1.07e-28	5.96e-25	2.00e-21	2.25e-18	1.16e-15	3.08e-13	5.75e-10	1.52e-07	1.28e-05	3.51e-04	5.61e-03	3.09e-02	7.82e-02	1.58e-01	5.79e-01	1.37e-01	1.05e-02
 1.26287e+21	0.00e+00	0.00e+00	1.72e-28	9.19e-25	2.96e-21	3.19e-18	1.58e-15	4.00e-13	7.43e-10	1.93e-07	1.58e-05	4.19e-04	6.47e-03	3.43e-02	8.36e-02	1.62e-01	5.73e-01	1.31e-01	9.63e-03
 1.31934e+21	0.00e+00	0.00e+00	2.70e-28	1.39e-24	4.29e-21	4.44e-18	2.11e-15	5.12e-13	9.46e-10	2.42e-07	1.92e-05	4.94e-04	7.39e-03	3.79e-02	8.88e-02	1.66e-01	5.66e-01	1.25e-01	8.86e-03
 1.35944e+21	0.00e+00	0.00e+00	3.71e-28	1.85e-24	5.58e-21	5.60e-18	2.58e-15	6.09e-13	1.12e-09	2.83e-07	2.21e-05	5.55e-04	8.13e-03	4.06e-02	9.27e-02	1.69e-01	5.61e-01	1.20e-01	8.34e-03
 1.39866e+21	0.00e+00	0.00e+00	5.04e-28	2.45e-24	7.18e-21	7.01e-18	3.14e-15	7.19e-13	1.32e-09	3.29e-07	2.52e-05	6.21e-04	8.89e-03	4.34e-02	9.65e-02	1.71e-01	5.55e-01	1.16e-01	7.87e-03
 1.44965e+21	0.00e+00	0.00e+00	7.48e-28	3.51e-24	9.94e-21	9.36e-18	4.04e-15	8.91e-13	1.63e-09	4.00e-07	3.00e-05	7.17e-04	9.98e-03	4.72e-02	1.02e-01	1.74e-01	5.48e-01	1.11e-01	7.29e-03
 1.50393e+21	0.00e+00	0.00e+00	1.14e-27	5.15e-24	1.40e-20	1.27e-17	5.27e-15	1.12e-12	2.04e-09	4.91e-07	3.59e-05	8.34e-04	1.13e-02	5.16e-02	1.07e-01	1.77e-01	5.40e-01	1.06e-01	6.71e-03
 1.55064e+21	0.00e+00	0.00e+00	1.62e-27	7.13e-24	1.88e-20	1.65e-17	6.60e-15	1.35e-12	2.46e-09	5.84e-07	4.19e-05	9.48e-04	1.25e-02	5.55e-02	1.12e-01	1.79e-01	5.32e-01	1.01e-01	6.24e-03
 1.59955e+21	0.00e+00	0.00e+00	2.35e-27	9.98e-24	2.55e-20	2.16e-17	8.34e-15	1.65e-12	2.99e-09	7.00e-07	4.91e-05	1.08e-03	1.39e-02	6.00e-02	1.17e-01	1.82e-01	5.24e-01	9.68e-02	5.78e-03
 1.65402e+21	0.00e+00	0.00e+00	3.53e-27	1.45e-23	3.56e-20	2.91e-17	1.08e-14	2.05e-12	3.71e-09	8.53e-07	5.84e-05	1.25e-03	1.56e-02	6.52e-02	1.23e-01	1.84e-01	5.14e-01	9.18e-02	5.30e-03
 1.70429e+21	0.00e+00	0.00e+00	5.14e-27	2.04e-23	4.84e-20	3.82e-17	1.37e-14	2.50e-12	4.51e-09	1.02e-06	6.85e-05	1.43e-03	1.73e-02	7.03e-02	1.29e-01	1.86e-01	5.04e-01	8.74e-02	4.89e-03
 1.74862e+21	0.00e+00	0.00e+00	7.13e-27	2.75e-23	6.34e-20	4.84e-17	1.68e-14	2.97e-12	5.34e-09	1.20e-06	7.87e-05	1.60e-03	1.90e-02	7.50e-02	1.33e-01	1.87e-01	4.95e-01	8.35e-02	4.55e-03
 1.79664e+21	0.00e+00	0.00e+00	1.01e-26	3.79e-23	8.46e-20	6.25e-17	2.09e-14	3.58e-12	6.41e-09	1.42e-06	9.12e-05	1.81e-03	2.09e-02	8.04e-02	1.39e-01	1.89e-01	4.86e-01	7.95e-02	4.21e-03
 1.85046e+21	0.00e+00	0.00e+00	1.50e-26	5.41e-23	1.17e-19	8.30e-17	2.67e-14	4.39e-12	7.84e-09	1.71e-06	1.07e-04	2.08e-03	2.33e-02	8.67e-02	1.45e-01	1.90e-01	4.74e-01	7.51e-02	3.85e-03
 1.89956e+21	0.00e+00	0.00e+00	2.14e-26	7.47e-23	1.56e-19	1.07e-16	3.33e-14	5.29e-12	9.41e-09	2.02e-06	1.24e-04	2.35e-03	2.57e-02	9.28e-02	1.50e-01	1.91e-01	4.63e-01	7.12e-02	3.54e-03
 1.94316e+21	0.00e+00	0.00e+00	2.93e-26	9.94e-23	2.01e-19	1.35e-16	4.05e-14	6.22e-12	1.10e-08	2.34e-06	1.42e-04	2.61e-03	2.79e-02	9.84e-02	1.55e-01	1.92e-01	4.53e-01	6.78e-02	3.29e-03
 1.99188e+21	0.00e+00	0.00e+00	4.15e-26	1.36e-22	2.68e-19	1.73e-16	5.02e-14	7.45e-12	1.31e-08	2.76e-06	1.63e-04	2.94e-03	3.06e-02	1.05e-01	1.60e-01	1.92e-01	4.42e-01	6.42e-02	3.02e-03
 2.04662e+21	0.00e+00	0.00e+00	6.11e-26	1.94e-22	3.67e-19	2.29e-16	6.38e-14	9.10e-12	1.60e-08	3.30e-06	1.91e-04	3.34e-03	3.39e-02	1.12e-01	1.66e-01	1.92e-01	4.29e-01	6.02e-02	2.74e-03
 2.09786e+21	0.00e+00	0.00e+00	8.76e-26	2.69e-22	4.93e-19	2.96e-16	7.98e-14	1.10e-11	1.91e-08	3.90e-06	2.21e-04	3.77e-03	3.72e-02	1.20e-01	1.71e-01	1.92e-01	4.16e-01	5.67e-02	2.50e-03
 2.14471e+21	0.00e+00	0.00e+00	1.22e-25	3.63e-22	6.44e-19	3.75e-16	9.76e-14	1.30e-11	2.25e-08	4.53e-06	2.52e-04	4.19e-03	4.05e-02	1.27e-01	1.76e-01	1.92e-01	4.04e-01	5.35e-02	2.30e-03
 2.19714e+21	0.00e+00	0.00e+00	1.75e-25	5.04e-22	8.65e-19	4.87e-16	1.22e-13	1.56e-11	2.69e-08	5.35e-06	2.91e-04	4.72e-03	4.43e-02	1.35e-01	1.81e-01	1.91e-01	3.91e-01	5.02e-02	2.09e-03
 2.25501e+21	0.00e+00	0.00e+00	2.60e-25	7.24e-22	1.20e-18	6.48e-16	1.56e-13	1.91e-11	3.26e-08	6.40e-06	3.40e-04	5.36e-03	4.89e-02	1.44e-01	1.87e-01	1.90e-01	3.76e-01	4.66e-02	1.87e-03
 2.30767e+21	0.00e+00	0.00e+00	3.73e-25	1.00e-21	1.61e-18	8.39e-16	1.94e-13	2.29e-11	3.88e-08	7.51e-06	3.91e-04	6.00e-03	5.33e-02	1.52e-01	1.92e-01	1.88e-01	3.63e-01	4.35e-02	1.69e-03
 2.35596e+21	0.00e+00	0.00e+00	5.17e-25	1.35e-21	2.10e-18	1.06e-15	2.37e-13	2.71e-11	4.53e-08	8.68e-06	4.43e-04	6.65e-03	5.76e-02	1.60e-01	1.96e-01	1.87e-01	3.50e-01	4.07e-02	1.54e-03
 2.41084e+21	0.00e+00	0.00e+00	7.47e-25	1.89e-21	2.83e-18	1.38e-15	2.97e-13	3.26e-11	5.39e-08	1.02e-05	5.09e-04	7.44e-03	6.28e-02	1.69e-01	2.00e-01	1.85e-01	3.36e-01	3.78e-02	1.38e-03
 2.47193e+21	0.00e+00	0.00e+00	1.12e-24	2.73e-21	3.94e-18	1.85e-15	3.81e-13	4.00e-11	6.52e-08	1.22e-05	5.92e-04	8.41e-03	6.89e-02	1.80e-01	2.05e-01	1.82e-01	3.20e-01	3.47e-02	1.23e-03
 2.52838e+21	0.00e+00	5.99e-31	1.62e-24	3.82e-21	5.33e-18	2.41e-15	4.78e-13	4.82e-11	7.74e-08	1.43e-05	6.79e-04	9.40e-03	7.48e-02	1.89e-01	2.09e-01	1.79e-01	3.05e-01	3.20e-02	1.09e-03
 2.58001e+21	0.00e+00	8.53e-31	2.27e-24	5.19e-21	7.01e-18	3.07e-15	5.87e-13	5.71e-11	9.04e-08	1.64e-05	7.67e-04	1.04e-02	8.05e-02	1.98e-01	2.12e-01	1.76e-01	2.92e-01	2.97e-02	9.84e-04
 2.63806e+21	0.00e+00	1.26e-30	3.29e-24	7.28e-21	9.49e-18	4.01e-15	7.37e-13	6.88e-11	1.07e-07	1.92e-05	8.77e-04	1.15e-02	8.71e-02	2.08e-01	2.15e-01	1.73e-01	2.77e-01	2.73e-02	8.73e-04
 2.70358e+21	0.00e+00	1.96e-30	4.99e-24	1.06e-20	1.33e-17	5.40e-15	9.49e-13	8.49e-11	1.29e-07	2.28e-05	1.02e-03	1.30e-02	9.49e-02	2.18e-01	2.18e-01	1.68e-01	2.61e-01	2.47e-02	7.61e-04
 2.76559e+21	0.00e+00	2.95e-30	7.34e-24	1.51e-20	1.83e-17	7.13e-15	1.20e-12	1.03e-10	1.53e-07	2.67e-05	1.16e-03	1.44e-02	1.03e-01	2.29e-01	2.20e-01	1.64e-01	2.46e-01	2.25e-02	6.68e-04
 2.82036e+21	0.00e+00	4.21e-30	1.03e-23	2.05e-20	2.41e-17	9.09e-15	1.48e-12	1.22e-10	1.78e-07	3.06e-05	1.30e-03	1.58e-02	1.10e-01	2.37e-01	2.21e-01	1.60e-01	2.33e-01	2.06e-02	5.94e-04
 2.87123e+21	0.00e+00	5.83e-30	1.40e-23	2.71e-20	3.10e-17	1.14e-14	1.79e-12	1.43e-10	2.04e-07	3.47e-05	1.45e-03	1.72e-02	1.16e-01	2.45e-01	2.22e-01	1.56e-01	2.22e-01	1.90e-02	5.33e-04
 2.92965e+21	0.00e+00	8.42e-30	1.98e-23	3.72e-20	4.12e-17	1.46e-14	2.21e-12	1.70e-10	2.37e-07	3.98e-05	1.63e-03	1.88e-02	1.24e-01	2.54e-01	2.23e-01	1.52e-01	2.09e-01	1.74e-02	4.70e-04
 2.99481e+21	0.00e+00	1.26e-29	2.89e-23	5.27e-20	5.63e-17	1.92e-14	2.80e-12	2.07e-10	2.80e-07	4.62e-05	1.84e-03	2.08e-02	1.33e-01	2.63e-01	2.23e-01	1.47e-01	1.96e-01	1.57e-02	4.09e-04
 3.05535e+21	0.00e+00	1.82e-29	4.09e-23	7.23e-20	7.48e-17	2.47e-14	3.47e-12	2.46e-10	3.25e-07	5.29e-05	2.06e-03	2.27e-02	1.41e-01	2.71e-01	2.23e-01	1.42e-01	1.84e-01	1.42e-02	3.59e-04
 3.11171e+21	0.00e+00	2.55e-29	5.62e-23	9.65e-20	9.71e-17	3.11e-14	4.22e-12	2.90e-10	3.72e-07	5.97e-05	2.28e-03	2.45e-02	1.49e-01	2.79e-01	2.22e-01	1.37e-01	1.73e-01	1.30e-02	3.18e-04
 3.17602e+21	0.00e+00	3.70e-29	7.99e-23	1.33e-19	1.30e-16	4.02e-14	5.25e-12	3.47e-10	4.33e-07	6.84e-05	2.55e-03	2.67e-02	1.58e-01	2.86e-01	2.21e-01	1.32e-01	1.61e-01	1.17e-02	2.77e-04
 3.24791e+21	0.00e+00	5.57e-29	1.18e-22	1.89e-19	1.78e-16	5.33e-14	6.68e-12	4.23e-10	5.11e-07	7.91e-05	2.88e-03	2.93e-02	1.68e-01	2.94e-01	2.19e-01	1.26e-01	1.49e-01	1.04e-02	2.37e-04
 3.31514e+21	0.00e+00	8.11e-29	1.67e-22	2.61e-19	2.39e-16	6.89e-14	8.32e-12	5.07e-10	5.93e-07	9.03e-05	3.21e-03	3.18e-02	1.77e-01	3.01e-01	2.17e-01	1.21e-01	1.39e-01	9.33e-03	2.05e-04
 3.37827e+21	0.00e+00	1.14e-28	2.31e-22	3.51e-19	3.12e-16	8.73e-14	1.02e-11	5.99e-10	6.80e-07	1.02e-04	3.54e-03	3.43e-02	1.86e-01	3.07e-01	2.15e-01	1.16e-01	1.30e-01	8.43e-03	1.80e-04
 3.45061e+21	0.00e+00	1.67e-28	3.31e-22	4.88e-19	4.20e-16	1.14e-13	1.28e-11	7.23e-10	7.92e-07	1.16e-04	3.94e-03	3.72e-02	1.96e-01	3.13e-01	2.12e-01	1.11e-01	1.20e-01	7.50e-03	1.54e-04
 3.53145e+21	0.00e+00	2.54e-28	4.89e-22	6.99e-19	5.82e-16	1.52e-13	1.63e-11	8.86e-10	9.35e-07	1.34e-04	4.43e-03	4.06e-02	2.07e-01	3.19e-01	2.08e-01	1.05e-01	1.09e-01	6.59e-03	1.30e-04
 3.60704e+21	0.00e+00	3.72e-28	6.98e-22	9.70e-19	7.82e-16	1.98e-13	2.05e-11	1.07e-09	1.09e-06	1.53e-04	4.92e-03	4.38e-02	2.17e-01	3.24e-01	2.04e-01	9.96e-02	1.01e-01	5.84e-03	1.11e-04
 3.67808e+21	0.00e+00	5.27e-28	9.67e-22	1.31e-18	1.03e-15	2.51e-13	2.52e-11	1.27e-09	1.25e-06	1.72e-04	5.40e-03	4.70e-02	2.26e-01	3.28e-01	2.00e-01	9.48e-02	9.30e-02	5.22e-03	9.61e-05
 3.75950e+21	0.00e+00	7.76e-28	1.39e-21	1.83e-18	1.39e-15	3.29e-13	3.17e-11	1.54e-09	1.46e-06	1.97e-04	5.99e-03	5.07e-02	2.37e-01	3.32e-01	1.95e-01	8.95e-02	8.50e-02	4.59e-03	8.14e-05
 3.84628e+21	0.00e+00	1.16e-27	2.03e-21	2.58e-18	1.90e-15	4.35e-13	4.03e-11	1.88e-09	1.71e-06	2.25e-04	6.66e-03	5.47e-02	2.47e-01	3.35e-01	1.90e-01	8.42e-02	7.72e-02	4.01e-03	6.83e-05
 3.91960e+21	0.00e+00	1.62e-27	2.76e-21	3.43e-18	2.47e-15	5.49e-13	4.92e-11	2.21e-09	1.95e-06	2.51e-04	7.27e-03	5.83e-02	2.56e-01	3.37e-01	1.86e-01	7.98e-02	7.13e-02	3.58e-03	5.90e-05
 3.98450e+21	0.00e+00	2.16e-27	3.61e-21	4.39e-18	3.09e-15	6.70e-13	5.84e-11	2.55e-09	2.19e-06	2.77e-04	7.83e-03	6.14e-02	2.64e-01	3.39e-01	1.81e-01	7.61e-02	6.64e-02	3.24e-03	5.19e-05
 4.05885e+21	0.00e+00	2.97e-27	4.87e-21	5.78e-18	3.96e-15	8.37e-13	7.08e-11	3.00e-09	2.48e-06	3.08e-04	8.50e-03	6.51e-02	2.73e-01	3.40e-01	1.77e-01	7.21e-02	6.12e-02	2.89e-03	4.49e-05
 4.15552e+21	0.00e+00	4.46e-27	7.10e-21	8.20e-18	5.45e-15	1.11e-12	9.03e-11	3.67e-09	2.92e-06	3.51e-04	9.42e-03	7.00e-02	2.84e-01	3.41e-01	1.71e-01	6.72e-02	5.51e-02	2.50e-03	3.73e-05
 4.25416e+21	0.00e+00	6.68e-27	1.03e-20	1.16e-17	7.47e-15	1.47e-12	1.15e-10	4.50e-09	3.43e-06	4.01e-04	1.04e-02	7.51e-02	2.95e-01	3.41e-01	1.64e-01	6.25e-02	4.95e-02	2.16e-03	3.09e-05
 4.33401e+21	0.00e+00	9.18e-27	1.39e-20	1.52e-17	9.59e-15	1.84e-12	1.40e-10	5.28e-09	3.90e-06	4.45e-04	1.13e-02	7.93e-02	3.03e-01	3.41e-01	1.59e-01	5.89e-02	4.55e-02	1.91e-03	2.65e-05
 4.41645e+21	0.00e+00	1.26e-26	1.87e-20	2.00e-17	1.23e-14	2.30e-12	1.69e-10	6.20e-09	4.43e-06	4.94e-04	1.22e-02	8.37e-02	3.11e-01	3.40e-01	1.54e-01	5.55e-02	4.17e-02	1.70e-03	2.28e-05
 4.52362e+21	0.00e+00	1.89e-26	2.72e-20	2.84e-17	1.69e-14	3.06e-12	2.16e-10	7.61e-09	5.20e-06	5.63e-04	1.34e-02	8.95e-02	3.21e-01	3.38e-01	1.47e-01	5.13e-02	3.72e-02	1.45e-03	1.87e-05
 4.63449e+21	0.00e+00	2.85e-26	3.97e-20	4.02e-17	2.33e-14	4.07e-12	2.76e-10	9.36e-09	6.13e-06	6.42e-04	1.48e-02	9.56e-02	3.32e-01	3.35e-01	1.41e-01	4.72e-02	3.31e-02	1.24e-03	1.53e-05
 4.72059e+21	0.00e+00	3.90e-26	5.32e-20	5.27e-17	2.98e-14	5.08e-12	3.35e-10	1.10e-08	6.95e-06	7.09e-04	1.60e-02	1.01e-01	3.39e-01	3.33e-01	1.35e-01	4.42e-02	3.02e-02	1.09e-03	1.31e-05
 4.79061e+21	0.00e+00	4.97e-26	6.65e-20	6.48e-17	3.60e-14	6.01e-12	3.87e-10	1.24e-08	7.66e-06	7.66e-04	1.69e-02	1.04e-01	3.45e-01	3.31e-01	1.31e-01	4.21e-02	2.82e-02	9.95e-04	1.16e-05
 4.86932e+21	0.00e+00	6.50e-26	8.52e-20	8.15e-17	4.44e-14	7.26e-12	4.55e-10	1.42e-08	8.53e-06	8.35e-04	1.80e-02	1.09e-01	3.51e-01	3.28e-01	1.27e-01	3.97e-02	2.60e-02	8.93e-04	1.01e-05
 4.97164e+21	0.00e+00	9.16e-26	1.17e-19	1.09e-16	5.81e-14	9.23e-12	5.61e-10	1.69e-08	9.79e-06	9.30e-04	1.95e-02	1.15e-01	3.59e-01	3.24e-01	1.21e-01	3.69e-02	2.34e-02	7.77e-04	8.49e-06
 5.08090e+21	0.00e+00	1.31e-25	1.63e-19	1.48e-16	7.68e-14	1.19e-11	6.97e-10	2.03e-08	1.13e-05	1.04e-03	2.12e-02	1.21e-01	3.66e-01	3.19e-01	1.15e-01	3.40e-02	2.10e-02	6.70e-04	7.06e-06
 5.17635e+21	0.00e+00	1.78e-25	2.16e-19	1.93e-16	9.76e-14	1.47e-11	8.38e-10	2.37e-08	1.28e-05	1.15e-03	2.27e-02	1.26e-01	3.73e-01	3.15e-01	1.11e-01	3.18e-02	1.91e-02	5.90e-04	6.02e-06
 5.27760e+21	0.00e+00	2.44e-25	2.88e-19	2.52e-16	1.25e-13	1.83e-11	1.01e-09	2.79e-08	1.45e-05	1.27e-03	2.44e-02	1.32e-01	3.79e-01	3.11e-01	1.06e-01	2.95e-02	1.73e-02	5.17e-04	5.10e-06
 5.40923e+21	0.00e+00	3.62e-25	4.15e-19	3.54e-16	1.70e-13	2.42e-11	1.29e-09	3.41e-08	1.70e-05	1.43e-03	2.66e-02	1.39e-01	3.86e-01	3.04e-01	9.95e-02	2.69e-02	1.53e-02	4.37e-04	4.13e-06
 5.54294e+21	0.00e+00	5.39e-25	5.99e-19	4.97e-16	2.32e-13	3.20e-11	1.64e-09	4.18e-08	1.99e-05	1.62e-03	2.90e-02	1.47e-01	3.93e-01	2.98e-01	9.34e-02	2.44e-02	1.34e-02	3.68e-04	3.33e-06
 5.64950e+21	0.00e+00	7.34e-25	7.94e-19	6.46e-16	2.95e-13	3.97e-11	1.98e-09	4.89e-08	2.26e-05	1.78e-03	3.11e-02	1.53e-01	3.98e-01	2.92e-01	8.89e-02	2.26e-02	1.21e-02	3.21e-04	2.82e-06
 5.75821e+21	0.00e+00	9.95e-25	1.05e-18	8.37e-16	3.74e-13	4.91e-11	2.38e-09	5.71e-08	2.55e-05	1.96e-03	3.32e-02	1.60e-01	4.02e-01	2.86e-01	8.45e-02	2.10e-02	1.09e-02	2.81e-04	2.39e-06
 5.87950e+21	0.00e+00	1.39e-24	1.43e-18	1.11e-15	4.85e-13	6.19e-11	2.91e-09	6.77e-08	2.91e-05	2.17e-03	3.56e-02	1.66e-01	4.07e-01	2.80e-01	7.99e-02	1.93e-02	9.78e-03	2.42e-04	1.99e-06
 5.99301e+21	0.00e+00	1.89e-24	1.89e-18	1.44e-15	6.15e-13	7.66e-11	3.50e-09	7.90e-08	3.29e-05	2.38e-03	3.80e-02	1.73e-01	4.10e-01	2.74e-01	7.57e-02	1.78e-02	8.82e-03	2.11e-04	1.68e-06
 6.11644e+21	0.00e+00	2.60e-24	2.53e-18	1.89e-15	7.91e-13	9.59e-11	4.25e-09	9.31e-08	3.74e-05	2.62e-03	4.06e-02	1.80e-01	4.14e-01	2.67e-01	7.15e-02	1.64e-02	7.89e-03	1.83e-04	1.40e-06
 6.25315e+21	0.00e+00	3.70e-24	3.49e-18	2.55e-15	1.04e-12	1.22e-10	5.24e-09	1.11e-07	4.30e-05	2.91e-03	4.37e-02	1.87e-01	4.17e-01	2.60e-01	6.70e-02	1.49e-02	6.99e-03	1.56e-04	1.15e-06
 6.38002e+21	0.00e+00	5.08e-24	4.67e-18	3.34e-15	1.33e-12	1.53e-10	6.34e-09	1.31e-07	4.88e-05	3.20e-03	4.66e-02	1.94e-01	4.20e-01	2.53e-01	6.32e-02	1.37e-02	6.25e-03	1.35e-04	9.60e-07
 6.51782e+21	0.00e+00	7.11e-24	6.34e-18	4.43e-15	1.72e-12	1.93e-10	7.76e-09	1.55e-07	5.57e-05	3.54e-03	4.99e-02	2.02e-01	4.22e-01	2.45e-01	5.93e-02	1.25e-02	5.55e-03	1.15e-04	7.93e-07
 6.67209e+21	5.56e-31	1.03e-23	8.88e-18	6.05e-15	2.29e-12	2.48e-10	9.66e-09	1.86e-07	6.45e-05	3.94e-03	5.37e-02	2.10e-01	4.24e-01	2.37e-01	5.51e-02	1.13e-02	4.86e-03	9.71e-05	6.42e-07
 6.81799e+21	8.05e-31	1.44e-23	1.21e-17	8.06e-15	2.97e-12	3.14e-10	1.18e-08	2.21e-07	7.37e-05	4.36e-03	5.74e-02	2.18e-01	4.25e-01	2.29e-01	5.15e-02	1.02e-02	4.30e-03	8.27e-05	5.27e-07
 6.97787e+21	1.19e-30	2.06e-23	1.68e-17	1.09e-14	3.91e-12	4.01e-10	1.46e-08	2.64e-07	8.47e-05	4.83e-03	6.15e-02	2.26e-01	4.25e-01	2.21e-01	4.79e-02	9.25e-03	3.78e-03	6.99e-05	4.29e-07
 7.15825e+21	1.84e-30	3.09e-23	2.42e-17	1.53e-14	5.34e-12	5.29e-10	1.86e-08	3.23e-07	9.92e-05	5.43e-03	6.64e-02	2.35e-01	4.25e-01	2.12e-01	4.40e-02	8.22e-03	3.25e-03	5.76e-05	3.38e-07
 7.31793e+21	2.68e-30	4.36e-23	3.31e-17	2.05e-14	6.96e-12	6.71e-10	2.28e-08	3.83e-07	1.13e-04	6.00e-03	7.09e-02	2.43e-01	4.25e-01	2.04e-01	4.09e-02	7.43e-03	2.86e-03	4.87e-05	2.75e-07
 7.45306e+21	3.66e-30	5.79e-23	4.29e-17	2.60e-14	8.66e-12	8.15e-10	2.70e-08	4.42e-07	1.27e-04	6.50e-03	7.47e-02	2.49e-01	4.24e-01	1.98e-01	3.84e-02	6.82e-03	2.57e-03	4.24e-05	2.32e-07
 7.60363e+21	5.14e-30	7.91e-23	5.69e-17	3.38e-14	1.10e-11	1.01e-09	3.24e-08	5.15e-07	1.43e-04	7.11e-03	7.91e-02	2.56e-01	4.22e-01	1.90e-01	3.59e-02	6.21e-03	2.28e-03	3.64e-05	1.93e-07
 7.79938e+21	7.88e-30	1.17e-22	8.12e-17	4.68e-14	1.48e-11	1.31e-09	4.07e-08	6.24e-07	1.66e-04	7.92e-03	8.49e-02	2.65e-01	4.20e-01	1.82e-01	3.29e-02	5.51e-03	1.96e-03	3.01e-05	1.53e-07
 8.00703e+21	1.23e-29	1.76e-22	1.18e-16	6.62e-14	2.03e-11	1.74e-09	5.19e-08	7.65e-07	1.94e-04	8.89e-03	9.14e-02	2.74e-01	4.16e-01	1.72e-01	2.98e-02	4.84e-03	1.67e-03	2.44e-05	0.00e+00
 8.17833e+21	1.77e-29	2.45e-22	1.59e-16	8.72e-14	2.61e-11	2.18e-09	6.29e-08	9.00e-07	2.20e-04	9.74e-03	9.68e-02	2.82e-01	4.13e-01	1.65e-01	2.76e-02	4.36e-03	1.47e-03	2.07e-05	0.00e+00
 8.32600e+21	2.40e-29	3.24e-22	2.04e-16	1.10e-13	3.22e-11	2.63e-09	7.39e-08	1.03e-06	2.45e-04	1.05e-02	1.02e-01	2.88e-01	4.10e-01	1.59e-01	2.58e-02	3.99e-03	1.31e-03	1.79e-05	0.00e+00
 8.49475e+21	3.36e-29	4.41e-22	2.71e-16	1.43e-13	4.08e-11	3.25e-09	8.85e-08	1.20e-06	2.75e-04	1.14e-02	1.07e-01	2.94e-01	4.06e-01	1.52e-01	2.39e-02	3.61e-03	1.16e-03	1.53e-05	0.00e+00
 8.71413e+21	5.16e-29	6.52e-22	3.85e-16	1.97e-13	5.49e-11	4.22e-09	1.11e-07	1.45e-06	3.19e-04	1.27e-02	1.14e-01	3.02e-01	4.01e-01	1.44e-01	2.17e-02	3.18e-03	9.91e-04	1.25e-05	0.00e+00
 8.94164e+21	8.01e-29	9.74e-22	5.54e-16	2.76e-13	7.46e-11	5.55e-09	1.40e-07	1.76e-06	3.71e-04	1.42e-02	1.22e-01	3.10e-01	3.94e-01	1.35e-01	1.96e-02	2.78e-03	8.37e-04	1.01e-05	0.00e+00
 9.12898e+21	1.14e-28	1.34e-21	7.41e-16	3.61e-13	9.52e-11	6.90e-09	1.69e-07	2.06e-06	4.19e-04	1.54e-02	1.29e-01	3.17e-01	3.89e-01	1.29e-01	1.80e-02	2.49e-03	7.32e-04	8.53e-06	0.00e+00
 9.32181e+21	1.62e-28	1.85e-21	9.90e-16	4.73e-13	1.22e-10	8.57e-09	2.04e-07	2.41e-06	4.72e-04	1.68e-02	1.35e-01	3.23e-01	3.83e-01	1.22e-01	1.65e-02	2.23e-03	6.39e-04	7.17e-06	0.00e+00
 9.57248e+21	2.53e-28	2.78e-21	1.43e-15	6.62e-13	1.65e-10	1.12e-08	2.57e-07	2.93e-06	5.48e-04	1.87e-02	1.44e-01	3.30e-01	3.75e-01	1.15e-01	1.48e-02	1.94e-03	5.38e-04	5.77e-06	0.00e+00
 9.83157e+21	3.98e-28	4.20e-21	2.07e-15	9.36e-13	2.27e-10	1.49e-08	3.27e-07	3.58e-06	6.41e-04	2.08e-02	1.53e-01	3.37e-01	3.66e-01	1.07e-01	1.32e-02	1.67e-03	4.48e-04	4.58e-06	0.00e+00
 1.00439e+22	5.71e-28	5.84e-21	2.79e-15	1.23e-12	2.91e-10	1.86e-08	3.96e-07	4.21e-06	7.24e-04	2.27e-02	1.61e-01	3.42e-01	3.59e-01	1.01e-01	1.20e-02	1.48e-03	3.87e-04	3.80e-06	0.00e+00
 1.02623e+22	8.20e-28	8.11e-21	3.75e-15	1.62e-12	3.74e-10	2.33e-08	4.80e-07	4.93e-06	8.18e-04	2.47e-02	1.69e-01	3.47e-01	3.51e-01	9.48e-02	1.09e-02	1.31e-03	3.34e-04	3.16e-06	0.00e+00
 1.04975e+22	1.20e-27	1.15e-20	5.13e-15	2.16e-12	4.86e-10	2.94e-08	5.86e-07	5.83e-06	9.29e-04	2.69e-02	1.78e-01	3.52e-01	3.42e-01	8.88e-02	9.83e-03	1.15e-03	2.85e-04	2.59e-06	0.00e+00
 1.07052e+22	1.67e-27	1.55e-20	6.71e-15	2.78e-12	6.11e-10	3.61e-08	6.97e-07	6.75e-06	1.04e-03	2.91e-02	1.86e-01	3.56e-01	3.34e-01	8.38e-02	8.97e-03	1.03e-03	2.48e-04	2.17e-06	0.00e+00
 1.08966e+22	2.25e-27	2.03e-20	8.56e-15	3.48e-12	7.50e-10	4.33e-08	8.15e-07	7.69e-06	1.15e-03	3.11e-02	1.93e-01	3.59e-01	3.27e-01	7.95e-02	8.26e-03	9.25e-04	2.19e-04	1.85e-06	0.00e+00
 1.11162e+22	3.14e-27	2.75e-20	1.12e-14	4.48e-12	9.46e-10	5.32e-08	9.73e-07	8.92e-06	1.28e-03	3.36e-02	2.01e-01	3.62e-01	3.19e-01	7.47e-02	7.49e-03	8.20e-04	1.89e-04	1.54e-06	0.00e+00
 1.13637e+22	4.53e-27	3.83e-20	1.51e-14	5.91e-12	1.22e-09	6.66e-08	1.18e-06	1.05e-05	1.45e-03	3.64e-02	2.10e-01	3.65e-01	3.09e-01	6.97e-02	6.74e-03	7.20e-04	1.61e-04	1.27e-06	0.00e+00
 1.16003e+22	6.40e-27	5.24e-20	2.00e-14	7.67e-12	1.55e-09	8.23e-08	1.41e-06	1.22e-05	1.62e-03	3.93e-02	2.19e-01	3.68e-01	3.00e-01	6.52e-02	6.08e-03	6.34e-04	1.38e-04	1.05e-06	0.00e+00
 1.18252e+22	8.81e-27	7.00e-20	2.60e-14	9.78e-12	1.93e-09	1.01e-07	1.68e-06	1.41e-05	1.81e-03	4.23e-02	2.27e-01	3.70e-01	2.92e-01	6.10e-02	5.50e-03	5.61e-04	1.19e-04	8.69e-07	0.00e+00
 1.20823e+22	1.26e-26	9.65e-20	3.46e-14	1.28e-11	2.47e-09	1.25e-07	2.02e-06	1.64e-05	2.03e-03	4.57e-02	2.36e-01	3.72e-01	2.82e-01	5.67e-02	4.93e-03	4.91e-04	1.02e-04	7.11e-07	0.00e+00
 1.23698e+22	1.85e-26	1.37e-19	4.74e-14	1.72e-11	3.24e-09	1.60e-07	2.49e-06	1.96e-05	2.32e-03	4.99e-02	2.47e-01	3.73e-01	2.71e-01	5.21e-02	4.34e-03	4.21e-04	8.44e-05	5.64e-07	0.00e+00
 1.26353e+22	2.63e-26	1.88e-19	6.28e-14	2.24e-11	4.13e-09	1.99e-07	3.00e-06	2.29e-05	2.61e-03	5.38e-02	2.56e-01	3.74e-01	2.61e-01	4.82e-02	3.87e-03	3.66e-04	7.14e-05	4.57e-07	0.00e+00
 1.28808e+22	3.61e-26	2.50e-19	8.10e-14	2.84e-11	5.15e-09	2.42e-07	3.55e-06	2.64e-05	2.90e-03	5.77e-02	2.65e-01	3.74e-01	2.52e-01	4.48e-02	3.48e-03	3.22e-04	6.12e-05	3.78e-07	0.00e+00
 1.31620e+22	5.12e-26	3.43e-19	1.07e-13	3.70e-11	6.58e-09	3.01e-07	4.28e-06	3.09e-05	3.26e-03	6.22e-02	2.75e-01	3.74e-01	2.42e-01	4.13e-02	3.08e-03	2.79e-04	5.14e-05	3.04e-07	0.00e+00
 1.35275e+22	7.96e-26	5.11e-19	1.53e-13	5.16e-11	8.96e-09	3.97e-07	5.43e-06	3.78e-05	3.78e-03	6.84e-02	2.87e-01	3.72e-01	2.29e-01	3.70e-02	2.63e-03	2.31e-04	4.10e-05	2.30e-07	0.00e+00
 1.38967e+22	1.23e-25	7.56e-19	2.16e-13	7.18e-11	1.22e-08	5.24e-07	6.87e-06	4.62e-05	4.38e-03	7.51e-02	2.99e-01	3.70e-01	2.16e-01	3.31e-02	2.24e-03	1.91e-04	3.26e-05	1.73e-07	0.00e+00
 1.41887e+22	1.72e-25	1.02e-18	2.82e-13	9.24e-11	1.54e-08	6.47e-07	8.24e-06	5.39e-05	4.90e-03	8.07e-02	3.08e-01	3.68e-01	2.06e-01	3.03e-02	1.97e-03	1.65e-04	2.73e-05	1.39e-07	0.00e+00
 1.44860e+22	2.38e-25	1.37e-18	3.65e-13	1.18e-10	1.94e-08	7.99e-07	9.88e-06	6.29e-05	5.49e-03	8.66e-02	3.18e-01	3.65e-01	1.96e-01	2.77e-02	1.73e-03	1.41e-04	2.27e-05	0.00e+00	0.00e+00
 1.48725e+22	3.60e-25	1.98e-18	5.07e-13	1.61e-10	2.60e-08	1.04e-06	1.23e-05	7.58e-05	6.29e-03	9.43e-02	3.29e-01	3.60e-01	1.84e-01	2.47e-02	1.47e-03	1.17e-04	1.81e-05	0.00e+00	0.00e+00
 1.52785e+22	5.49e-25	2.88e-18	7.05e-13	2.22e-10	3.51e-08	1.36e-06	1.56e-05	9.29e-05	7.29e-03	1.03e-01	3.40e-01	3.55e-01	1.71e-01	2.17e-02	1.23e-03	9.52e-05	1.42e-05	0.00e+00	0.00e+00
 1.56176e+22	7.70e-25	3.90e-18	9.18e-13	2.87e-10	4.48e-08	1.70e-06	1.89e-05	1.10e-04	8.21e-03	1.11e-01	3.49e-01	3.50e-01	1.61e-01	1.95e-02	1.06e-03	8.01e-05	1.15e-05	0.00e+00	0.00e+00
 1.59045e+22	1.02e-24	5.00e-18	1.14e-12	3.55e-10	5.46e-08	2.04e-06	2.20e-05	1.25e-04	9.02e-03	1.17e-01	3.56e-01	3.45e-01	1.53e-01	1.79e-02	9.40e-04	6.97e-05	9.75e-06	0.00e+00	0.00e+00
 1.62155e+22	1.36e-24	6.48e-18	1.43e-12	4.43e-10	6.74e-08	2.47e-06	2.60e-05	1.44e-04	9.99e-03	1.25e-01	3.64e-01	3.39e-01	1.45e-01	1.62e-02	8.23e-04	5.98e-05	8.12e-06	0.00e+00	0.00e+00
 1.66198e+22	1.97e-24	8.97e-18	1.90e-12	5.84e-10	8.77e-08	3.14e-06	3.19e-05	1.72e-04	1.14e-02	1.34e-01	3.73e-01	3.32e-01	1.35e-01	1.43e-02	6.93e-04	4.92e-05	6.43e-06	0.00e+00	0.00e+00
 1.70385e+22	2.85e-24	1.25e-17	2.53e-12	7.73e-10	1.15e-07	4.01e-06	3.94e-05	2.07e-04	1.29e-02	1.45e-01	3.81e-01	3.23e-01	1.24e-01	1.26e-02	5.79e-04	4.01e-05	5.04e-06	0.00e+00	0.00e+00
 1.73845e+22	3.83e-24	1.62e-17	3.18e-12	9.67e-10	1.42e-07	4.88e-06	4.66e-05	2.40e-04	1.44e-02	1.54e-01	3.87e-01	3.16e-01	1.16e-01	1.13e-02	5.00e-04	3.39e-05	4.13e-06	0.00e+00	0.00e+00
 1.77432e+22	5.14e-24	2.09e-17	3.97e-12	1.21e-09	1.76e-07	5.94e-06	5.52e-05	2.78e-04	1.59e-02	1.63e-01	3.93e-01	3.08e-01	1.09e-01	1.01e-02	4.30e-04	2.86e-05	3.37e-06	0.00e+00	0.00e+00
 1.82094e+22	7.42e-24	2.90e-17	5.25e-12	1.59e-09	2.30e-07	7.59e-06	6.82e-05	3.34e-04	1.81e-02	1.75e-01	4.00e-01	2.98e-01	9.92e-02	8.72e-03	3.55e-04	2.30e-05	2.60e-06	0.00e+00	0.00e+00
 1.86797e+22	1.07e-23	3.98e-17	6.90e-12	2.10e-09	2.99e-07	9.69e-06	8.40e-05	4.02e-04	2.06e-02	1.88e-01	4.05e-01	2.87e-01	9.04e-02	7.51e-03	2.91e-04	1.84e-05	2.00e-06	0.00e+00	0.00e+00
 1.90502e+22	1.41e-23	5.07e-17	8.49e-12	2.58e-09	3.66e-07	1.17e-05	9.85e-05	4.63e-04	2.27e-02	1.98e-01	4.09e-01	2.79e-01	8.39e-02	6.68e-03	2.50e-04	1.55e-05	1.63e-06	0.00e+00	0.00e+00
 1.94270e+22	1.84e-23	6.41e-17	1.04e-11	3.16e-09	4.45e-07	1.40e-05	1.15e-04	5.31e-04	2.50e-02	2.09e-01	4.12e-01	2.70e-01	7.78e-02	5.95e-03	2.14e-04	1.30e-05	1.33e-06	0.00e+00	0.00e+00
 1.99169e+22	2.57e-23	8.60e-17	1.33e-11	4.08e-09	5.69e-07	1.75e-05	1.39e-04	6.32e-04	2.82e-02	2.22e-01	4.14e-01	2.59e-01	7.06e-02	5.12e-03	1.76e-04	1.05e-05	1.02e-06	0.00e+00	0.00e+00
 2.04296e+22	3.64e-23	1.16e-16	1.72e-11	5.29e-09	7.31e-07	2.21e-05	1.70e-04	7.54e-04	3.18e-02	2.36e-01	4.16e-01	2.47e-01	6.36e-02	4.37e-03	1.43e-04	8.30e-06	7.79e-07	0.00e+00	0.00e+00
 2.08614e+22	4.82e-23	1.49e-16	2.12e-11	6.53e-09	8.97e-07	2.67e-05	1.99e-04	8.71e-04	3.50e-02	2.48e-01	4.17e-01	2.37e-01	5.82e-02	3.82e-03	1.21e-04	6.86e-06	6.22e-07	0.00e+00	0.00e+00
 2.13123e+22	6.39e-23	1.90e-16	2.61e-11	8.06e-09	1.10e-06	3.22e-05	2.34e-04	1.00e-03	3.85e-02	2.60e-01	4.17e-01	2.27e-01	5.32e-02	3.34e-03	1.01e-04	5.65e-06	4.95e-07	0.00e+00	0.00e+00
 2.18984e+22	9.12e-23	2.58e-16	3.39e-11	1.05e-08	1.42e-06	4.06e-05	2.85e-04	1.20e-03	4.34e-02	2.75e-01	4.15e-01	2.14e-01	4.73e-02	2.81e-03	8.12e-05	4.41e-06	3.70e-07	0.00e+00	0.00e+00
 2.25022e+22	1.31e-22	3.53e-16	4.41e-11	1.37e-08	1.83e-06	5.14e-05	3.47e-04	1.44e-03	4.89e-02	2.91e-01	4.13e-01	2.01e-01	4.18e-02	2.34e-03	6.46e-05	3.42e-06	2.74e-07	0.00e+00	0.00e+00
 2.29987e+22	1.74e-22	4.52e-16	5.44e-11	1.70e-08	2.25e-06	6.19e-05	4.05e-04	1.65e-03	5.36e-02	3.04e-01	4.10e-01	1.91e-01	3.78e-02	2.02e-03	5.37e-05	2.78e-06	2.16e-07	0.00e+00	0.00e+00
 2.34462e+22	2.24e-22	5.61e-16	6.52e-11	2.04e-08	2.68e-06	7.27e-05	4.64e-04	1.87e-03	5.81e-02	3.15e-01	4.06e-01	1.82e-01	3.45e-02	1.78e-03	4.56e-05	2.32e-06	1.74e-07	0.00e+00	0.00e+00
 2.38880e+22	2.86e-22	6.94e-16	7.80e-11	2.44e-08	3.17e-06	8.48e-05	5.27e-04	2.10e-03	6.26e-02	3.25e-01	4.03e-01	1.74e-01	3.17e-02	1.57e-03	3.90e-05	1.95e-06	1.42e-07	0.00e+00	0.00e+00
 2.43897e+22	3.73e-22	8.74e-16	9.48e-11	2.96e-08	3.81e-06	1.00e-04	6.05e-04	2.38e-03	6.78e-02	3.36e-01	3.98e-01	1.65e-01	2.87e-02	1.36e-03	3.27e-05	1.60e-06	0.00e+00	0.00e+00	0.00e+00
 2.49411e+22	4.99e-22	1.12e-15	1.17e-10	3.66e-08	4.66e-06	1.20e-04	7.02e-04	2.72e-03	7.39e-02	3.48e-01	3.92e-01	1.55e-01	2.57e-02	1.17e-03	2.70e-05	1.30e-06	0.00e+00	0.00e+00	0.00e+00
 2.54430e+22	6.45e-22	1.40e-15	1.41e-10	4.41e-08	5.55e-06	1.41e-04	8.01e-04	3.08e-03	7.98e-02	3.59e-01	3.86e-01	1.47e-01	2.33e-02	1.01e-03	2.27e-05	1.07e-06	0.00e+00	0.00e+00	0.00e+00
 2.59091e+22	8.18e-22	1.72e-15	1.68e-10	5.24e-08	6.51e-06	1.62e-04	8.99e-04	3.41e-03	8.52e-02	3.68e-01	3.81e-01	1.40e-01	2.13e-02	8.95e-04	1.95e-05	8.99e-07	0.00e+00	0.00e+00	0.00e+00
 2.64428e+22	1.07e-21	2.17e-15	2.03e-10	6.32e-08	7.74e-06	1.90e-04	1.02e-03	3.82e-03	9.14e-02	3.78e-01	3.74e-01	1.32e-01	1.93e-02	7.79e-04	1.64e-05	7.44e-07	0.00e+00	0.00e+00	0.00e+00
 2.71366e+22	1.49e-21	2.89e-15	2.59e-10	8.02e-08	9.64e-06	2.30e-04	1.19e-03	4.41e-03	9.99e-02	3.90e-01	3.65e-01	1.22e-01	1.69e-02	6.50e-04	1.32e-05	5.82e-07	0.00e+00	0.00e+00	0.00e+00
 2.78361e+22	2.08e-21	3.87e-15	3.32e-10	1.02e-07	1.20e-05	2.80e-04	1.40e-03	5.08e-03	1.09e-01	4.01e-01	3.55e-01	1.13e-01	1.48e-02	5.42e-04	1.05e-05	4.55e-07	0.00e+00	0.00e+00	0.00e+00
 2.83859e+22	2.69e-21	4.83e-15	4.00e-10	1.22e-07	1.42e-05	3.24e-04	1.57e-03	5.66e-03	1.16e-01	4.09e-01	3.47e-01	1.06e-01	1.33e-02	4.70e-04	8.86e-06	3.75e-07	0.00e+00	0.00e+00	0.00e+00
 2.89434e+22	3.47e-21	6.02e-15	4.82e-10	1.46e-07	1.66e-05	3.73e-04	1.75e-03	6.25e-03	1.23e-01	4.16e-01	3.39e-01	1.00e-01	1.21e-02	4.10e-04	7.53e-06	3.13e-07	0.00e+00	0.00e+00	0.00e+00
 2.96682e+22	4.78e-21	7.95e-15	6.10e-10	1.83e-07	2.03e-05	4.45e-04	2.02e-03	7.09e-03	1.33e-01	4.25e-01	3.29e-01	9.27e-02	1.06e-02	3.44e-04	6.09e-06	2.48e-07	0.00e+00	0.00e+00	0.00e+00
 3.04337e+22	6.72e-21	1.07e-14	7.82e-10	2.31e-07	2.51e-05	5.34e-04	2.33e-03	8.07e-03	1.43e-01	4.34e-01	3.17e-01	8.52e-02	9.24e-03	2.86e-04	4.88e-06	1.93e-07	0.00e+00	0.00e+00	0.00e+00
 3.10858e+22	8.90e-21	1.36e-14	9.60e-10	2.81e-07	2.99e-05	6.22e-04	2.62e-03	8.99e-03	1.52e-01	4.40e-01	3.08e-01	7.92e-02	8.21e-03	2.44e-04	4.04e-06	1.57e-07	0.00e+00	0.00e+00	0.00e+00
 3.17673e+22	1.18e-20	1.75e-14	1.19e-09	3.42e-07	3.55e-05	7.21e-04	2.94e-03	9.95e-03	1.61e-01	4.46e-01	2.98e-01	7.37e-02	7.32e-03	2.10e-04	3.36e-06	1.28e-07	0.00e+00	0.00e+00	0.00e+00
 3.26533e+22	1.70e-20	2.39e-14	1.55e-09	4.38e-07	4.41e-05	8.68e-04	3.39e-03	1.13e-02	1.74e-01	4.52e-01	2.85e-01	6.71e-02	6.30e-03	1.72e-04	2.66e-06	0.00e+00	0.00e+00	0.00e+00	0.00e+00
 3.35686e+22	2.47e-20	3.31e-14	2.04e-09	5.65e-07	5.50e-05	1.05e-03	3.92e-03	1.29e-02	1.86e-01	4.57e-01	2.72e-01	6.08e-02	5.39e-03	1.40e-04	2.08e-06	0.00e+00	0.00e+00	0.00e+00	0.00e+00
 3.43206e+22	3.33e-20	4.29e-14	2.54e-09	6.92e-07	6.56e-05	1.22e-03	4.39e-03	1.43e-02	1.97e-01	4.60e-01	2.62e-01	5.60e-02	4.74e-03	1.18e-04	1.70e-06	0.00e+00	0.00e+00	0.00e+00	0.00e+00
 3.50965e+22	4.48e-20	5.55e-14	3.17e-09	8.45e-07	7.79e-05	1.41e-03	4.89e-03	1.57e-02	2.07e-01	4.63e-01	2.52e-01	5.17e-02	4.19e-03	1.01e-04	1.41e-06	0.00e+00	0.00e+00	0.00e+00	0.00e+00
 3.61052e+22	6.51e-20	7.69e-14	4.18e-09	1.09e-06	9.66e-05	1.69e-03	5.60e-03	1.77e-02	2.21e-01	4.65e-01	2.39e-01	4.66e-02	3.57e-03	8.19e-05	1.11e-06	0.00e+00	0.00e+00	0.00e+00	0.00e+00
 3.71766e+22	9.70e-20	1.09e-13	5.62e-09	1.42e-06	1.21e-04	2.04e-03	6.45e-03	2.00e-02	2.35e-01	4.66e-01	2.25e-01	4.16e-02	3.01e-03	6.57e-05	8.53e-07	0.00e+00	0.00e+00	0.00e+00	0.00e+00
 3.81020e+22	1.36e-19	1.46e-13	7.20e-09	1.77e-06	1.46e-04	2.38e-03	7.24e-03	2.22e-02	2.48e-01	4.65e-01	2.14e-01	3.78e-02	2.60e-03	5.44e-05	6.84e-07	0.00e+00	0.00e+00	0.00e+00	0.00e+00
 3.88674e+22	1.78e-19	1.85e-13	8.82e-09	2.12e-06	1.70e-04	2.70e-03	7.93e-03	2.39e-02	2.58e-01	4.65e-01	2.05e-01	3.50e-02	2.31e-03	4.69e-05	5.75e-07	0.00e+00	0.00e+00	0.00e+00	0.00e+00
 3.96525e+22	2.32e-19	2.33e-13	1.08e-08	2.53e-06	1.97e-04	3.05e-03	8.66e-03	2.59e-02	2.68e-01	4.63e-01	1.97e-01	3.23e-02	2.06e-03	4.04e-05	4.83e-07	0.00e+00	0.00e+00	0.00e+00	0.00e+00
 4.06731e+22	3.26e-19	3.13e-13	1.38e-08	3.15e-06	2.37e-04	3.54e-03	9.66e-03	2.84e-02	2.80e-01	4.60e-01	1.86e-01	2.92e-02	1.77e-03	3.35e-05	3.88e-07	0.00e+00	0.00e+00	0.00e+00	0.00e+00
 4.17501e+22	4.66e-19	4.28e-13	1.80e-08	3.99e-06	2.88e-04	4.15e-03	1.08e-02	3.13e-02	2.94e-01	4.57e-01	1.75e-01	2.62e-02	1.51e-03	2.74e-05	3.08e-07	0.00e+00	0.00e+00	0.00e+00	0.00e+00
 4.26568e+22	6.25e-19	5.53e-13	2.25e-08	4.83e-06	3.37e-04	4.72e-03	1.19e-02	3.39e-02	3.04e-01	4.53e-01	1.67e-01	2.40e-02	1.32e-03	2.32e-05	2.54e-07	0.00e+00	0.00e+00	0.00e+00	0.00e+00
 4.35919e+22	8.33e-19	7.11e-13	2.79e-08	5.82e-06	3.93e-04	5.34e-03	1.30e-02	3.66e-02	3.15e-01	4.49e-01	1.58e-01	2.19e-02	1.16e-03	1.97e-05	2.10e-07	0.00e+00	0.00e+00	0.00e+00	0.00e+00
 4.48076e+22	1.20e-18	9.77e-13	3.65e-08	7.36e-06	4.77e-04	6.24e-03	1.45e-02	4.01e-02	3.28e-01	4.42e-01	1.48e-01	1.96e-02	9.85e-04	1.61e-05	1.66e-07	0.00e+00	0.00e+00	0.00e+00	0.00e+00
 4.60669e+22	1.75e-18	1.36e-12	4.85e-08	9.40e-06	5.82e-04	7.31e-03	1.62e-02	4.40e-02	3.41e-01	4.35e-01	1.38e-01	1.73e-02	8.28e-04	1.29e-05	1.29e-07	0.00e+00	0.00e+00	0.00e+00	0.00e+00
 4.70998e+22	2.37e-18	1.77e-12	6.07e-08	1.14e-05	6.81e-04	8.29e-03	1.76e-02	4.73e-02	3.51e-01	4.28e-01	1.30e-01	1.57e-02	7.20e-04	1.09e-05	0.00e+00	0.00e+00	0.00e+00	0.00e+00	0.00e+00
 4.81593e+22	3.18e-18	2.29e-12	7.56e-08	1.38e-05	7.92e-04	9.35e-03	1.91e-02	5.07e-02	3.61e-01	4.21e-01	1.23e-01	1.43e-02	6.27e-04	9.20e-06	0.00e+00	0.00e+00	0.00e+00	0.00e+00	0.00e+00
 4.95365e+22	4.59e-18	3.16e-12	9.95e-08	1.74e-05	9.57e-04	1.08e-02	2.12e-02	5.52e-02	3.73e-01	4.12e-01	1.14e-01	1.26e-02	5.27e-04	7.44e-06	0.00e+00	0.00e+00	0.00e+00	0.00e+00	0.00e+00
 5.09959e+22	6.79e-18	4.45e-12	1.33e-07	2.23e-05	1.17e-03	1.27e-02	2.35e-02	6.02e-02	3.85e-01	4.01e-01	1.05e-01	1.11e-02	4.37e-04	5.93e-06	0.00e+00	0.00e+00	0.00e+00	0.00e+00	0.00e+00
 5.22420e+22	9.40e-18	5.91e-12	1.70e-07	2.74e-05	1.38e-03	1.44e-02	2.57e-02	6.45e-02	3.94e-01	3.92e-01	9.79e-02	9.89e-03	3.74e-04	4.90e-06	0.00e+00	0.00e+00	0.00e+00	0.00e+00	0.00e+00
 5.35420e+22	1.29e-17	7.79e-12	2.15e-07	3.34e-05	1.61e-03	1.63e-02	2.78e-02	6.89e-02	4.03e-01	3.82e-01	9.13e-02	8.86e-03	3.21e-04	4.07e-06	0.00e+00	0.00e+00	0.00e+00	0.00e+00	0.00e+00
 5.52320e+22	1.92e-17	1.10e-11	2.89e-07	4.29e-05	1.97e-03	1.90e-02	3.08e-02	7.46e-02	4.13e-01	3.69e-01	8.35e-02	7.70e-03	2.64e-04	3.22e-06	0.00e+00	0.00e+00	0.00e+00	0.00e+00	0.00e+00
 5.70201e+22	2.92e-17	1.59e-11	3.96e-07	5.58e-05	2.42e-03	2.22e-02	3.41e-02	8.10e-02	4.23e-01	3.55e-01	7.56e-02	6.60e-03	2.14e-04	2.50e-06	0.00e+00	0.00e+00	0.00e+00	0.00e+00	0.00e+00
 5.85446e+22	4.13e-17	2.16e-11	5.13e-07	6.92e-05	2.87e-03	2.53e-02	3.71e-02	8.64e-02	4.30e-01	3.43e-01	6.96e-02	5.81e-03	1.79e-04	2.03e-06	0.00e+00	0.00e+00	0.00e+00	0.00e+00	0.00e+00
 6.01354e+22	5.77e-17	2.88e-11	6.58e-07	8.51e-05	3.37e-03	2.86e-02	4.01e-02	9.18e-02	4.36e-01	3.31e-01	6.40e-02	5.12e-03	1.51e-04	1.66e-06	0.00e+00	0.00e+00	0.00e+00	0.00e+00	0.00e+00
 6.22034e+22	8.72e-17	4.14e-11	8.95e-07	1.10e-04	4.12e-03	3.32e-02	4.41e-02	9.85e-02	4.42e-01	3.16e-01	5.77e-02	4.37e-03	1.22e-04	1.29e-06	0.00e+00	0.00e+00	0.00e+00	0.00e+00	0.00e+00
 6.44346e+22	1.37e-16	6.12e-11	1.25e-06	1.45e-04	5.10e-03	3.89e-02	4.87e-02	1.06e-01	4.47e-01	2.99e-01	5.12e-02	3.66e-03	9.59e-05	9.73e-07	0.00e+00	0.00e+00	0.00e+00	0.00e+00	0.00e+00
 6.63858e+22	2.00e-16	8.53e-11	1.66e-06	1.83e-04	6.11e-03	4.44e-02	5.28e-02	1.13e-01	4.50e-01	2.84e-01	4.61e-02	3.14e-03	7.81e-05	7.65e-07	0.00e+00	0.00e+00	0.00e+00	0.00e+00	0.00e+00
 6.79652e+22	2.67e-16	1.09e-10	2.05e-06	2.17e-04	6.98e-03	4.90e-02	5.60e-02	1.18e-01	4.52e-01	2.73e-01	4.26e-02	2.79e-03	6.68e-05	6.38e-07	0.00e+00	0.00e+00	0.00e+00	0.00e+00	0.00e+00
 6.95533e+22	3.52e-16	1.39e-10	2.52e-06	2.57e-04	7.94e-03	5.38e-02	5.92e-02	1.22e-01	4.52e-01	2.62e-01	3.93e-02	2.48e-03	5.72e-05	5.34e-07	0.00e+00	0.00e+00	0.00e+00	0.00e+00	0.00e+00
 7.16178e+22	4.93e-16	1.87e-10	3.23e-06	3.15e-04	9.28e-03	6.01e-02	6.33e-02	1.28e-01	4.52e-01	2.49e-01	3.56e-02	2.15e-03	4.74e-05	4.29e-07	0.00e+00	0.00e+00	0.00e+00	0.00e+00	0.00e+00
 7.38896e+22	7.17e-16	2.59e-10	4.25e-06	3.94e-04	1.10e-02	6.79e-02	6.79e-02	1.35e-01	4.50e-01	2.34e-01	3.17e-02	1.82e-03	3.82e-05	3.35e-07	0.00e+00	0.00e+00	0.00e+00	0.00e+00	0.00e+00
 7.59338e+22	9.92e-16	3.43e-10	5.40e-06	4.78e-04	1.27e-02	7.54e-02	7.20e-02	1.40e-01	4.47e-01	2.22e-01	2.86e-02	1.58e-03	3.16e-05	2.70e-07	0.00e+00	0.00e+00	0.00e+00	0.00e+00	0.00e+00
 7.80943e+22	1.35e-15	4.47e-10	6.76e-06	5.73e-04	1.46e-02	8.30e-02	7.59e-02	1.45e-01	4.44e-01	2.10e-01	2.59e-02	1.37e-03	2.63e-05	2.19e-07	0.00e+00	0.00e+00	0.00e+00	0.00e+00	0.00e+00
 8.09028e+22	1.98e-15	6.23e-10	8.95e-06	7.18e-04	1.73e-02	9.33e-02	8.09e-02	1.51e-01	4.38e-01	1.95e-01	2.28e-02	1.14e-03	2.08e-05	1.68e-07	0.00e+00	0.00e+00	0.00e+00	0.00e+00	0.00e+00
 8.37407e+22	2.95e-15	8.81e-10	1.20e-05	9.07e-04	2.06e-02	1.05e-01	8.62e-02	1.57e-01	4.29e-01	1.80e-01	1.98e-02	9.42e-04	1.62e-05	1.27e-07	0.00e+00	0.00e+00	0.00e+00	0.00e+00	0.00e+00
 8.59423e+22	3.94e-15	1.13e-09	1.48e-05	1.07e-03	2.33e-02	1.14e-01	8.99e-02	1.61e-01	4.22e-01	1.69e-01	1.78e-02	8.16e-04	1.35e-05	0.00e+00	0.00e+00	0.00e+00	0.00e+00	0.00e+00	0.00e+00
 8.81299e+22	5.09e-15	1.41e-09	1.78e-05	1.24e-03	2.60e-02	1.23e-01	9.33e-02	1.64e-01	4.15e-01	1.60e-01	1.62e-02	7.16e-04	1.15e-05	0.00e+00	0.00e+00	0.00e+00	0.00e+00	0.00e+00	0.00e+00
 9.09739e+22	6.96e-15	1.85e-09	2.23e-05	1.49e-03	2.96e-02	1.34e-01	9.73e-02	1.68e-01	4.06e-01	1.49e-01	1.44e-02	6.08e-04	9.33e-06	0.00e+00	0.00e+00	0.00e+00	0.00e+00	0.00e+00	0.00e+00
 9.44947e+22	1.01e-14	2.55e-09	2.93e-05	1.84e-03	3.46e-02	1.48e-01	1.02e-01	1.72e-01	3.93e-01	1.35e-01	1.24e-02	4.97e-04	7.23e-06	0.00e+00	0.00e+00	0.00e+00	0.00e+00	0.00e+00	0.00e+00
 9.80084e+22	1.48e-14	3.53e-09	3.84e-05	2.28e-03	4.03e-02	1.64e-01	1.06e-01	1.75e-01	3.78e-01	1.23e-01	1.06e-02	4.03e-04	5.56e-06	0.00e+00	0.00e+00	0.00e+00	0.00e+00	0.00e+00	0.00e+00
 1.00957e+23	1.98e-14	4.54e-09	4.73e-05	2.69e-03	4.53e-02	1.76e-01	1.09e-01	1.77e-01	3.66e-01	1.13e-01	9.33e-03	3.40e-04	4.51e-06	0.00e+00	0.00e+00	0.00e+00	0.00e+00	0.00e+00	0.00e+00
 1.04057e+23	2.61e-14	5.73e-09	5.74e-05	3.13e-03	5.05e-02	1.88e-01	1.12e-01	1.79e-01	3.54e-01	1.05e-01	8.27e-03	2.90e-04	3.70e-06	0.00e+00	0.00e+00	0.00e+00	0.00e+00	0.00e+00	0.00e+00
 1.07988e+23	3.60e-14	7.55e-09	7.22e-05	3.73e-03	5.71e-02	2.03e-01	1.15e-01	1.80e-01	3.39e-01	9.48e-02	7.13e-03	2.38e-04	2.91e-06	0.00e+00	0.00e+00	0.00e+00	0.00e+00	0.00e+00	0.00e+00
 1.12332e+23	5.12e-14	1.02e-08	9.25e-05	4.52e-03	6.52e-02	2.19e-01	1.18e-01	1.80e-01	3.22e-01	8.48e-02	6.03e-03	1.91e-04	2.22e-06	0.00e+00	0.00e+00	0.00e+00	0.00e+00	0.00e+00	0.00e+00
 1.16460e+23	7.05e-14	1.34e-08	1.16e-04	5.37e-03	7.34e-02	2.35e-01	1.20e-01	1.80e-01	3.05e-01	7.61e-02	5.13e-03	1.56e-04	1.73e-06	0.00e+00	0.00e+00	0.00e+00	0.00e+00	0.00e+00	0.00e+00
 1.20851e+23	9.44e-14	1.71e-08	1.42e-04	6.27e-03	8.15e-02	2.49e-01	1.22e-01	1.79e-01	2.90e-01	6.87e-02	4.42e-03	1.28e-04	1.37e-06	0.00e+00	0.00e+00	0.00e+00	0.00e+00	0.00e+00	0.00e+00
 1.25809e+23	1.30e-13	2.25e-08	1.77e-04	7.43e-03	9.11e-02	2.64e-01	1.23e-01	1.77e-01	2.72e-01	6.10e-02	3.72e-03	1.03e-04	1.05e-06	0.00e+00	0.00e+00	0.00e+00	0.00e+00	0.00e+00	0.00e+00
 1.30965e+23	1.77e-13	2.91e-08	2.19e-04	8.71e-03	1.01e-01	2.79e-01	1.24e-01	1.74e-01	2.55e-01	5.41e-02	3.14e-03	8.28e-05	8.07e-07	0.00e+00	0.00e+00	0.00e+00	0.00e+00	0.00e+00	0.00e+00
 1.36327e+23	2.37e-13	3.73e-08	2.69e-04	1.01e-02	1.12e-01	2.93e-01	1.24e-01	1.71e-01	2.39e-01	4.80e-02	2.65e-03	6.68e-05	6.24e-07	0.00e+00	0.00e+00	0.00e+00	0.00e+00	0.00e+00	0.00e+00
 1.41903e+23	3.15e-13	4.74e-08	3.26e-04	1.17e-02	1.22e-01	3.06e-01	1.23e-01	1.68e-01	2.23e-01	4.26e-02	2.24e-03	5.40e-05	4.84e-07	0.00e+00	0.00e+00	0.00e+00	0.00e+00	0.00e+00	0.00e+00
 1.47703e+23	4.12e-13	5.93e-08	3.92e-04	1.34e-02	1.33e-01	3.18e-01	1.23e-01	1.64e-01	2.08e-01	3.78e-02	1.90e-03	4.38e-05	3.79e-07	0.00e+00	0.00e+00	0.00e+00	0.00e+00	0.00e+00	0.00e+00
