#depth	N	N+	N+2	N+3	N+4	N+5	N+6	N+7
 6.17135e+19	0.00e+00	2.36e-25	1.83e-19	1.36e-14	2.20e-10	1.06e-05	7.87e-03	9.92e-01
 1.87609e+20	1.67e-32	4.40e-25	3.04e-19	2.01e-14	2.88e-10	1.28e-05	8.70e-03	9.91e-01
 3.09898e+20	3.36e-32	7.93e-25	4.91e-19	2.90e-14	3.73e-10	1.54e-05	9.56e-03	9.90e-01
 4.23562e+20	6.32e-32	1.35e-24	7.59e-19	4.06e-14	4.73e-10	1.82e-05	1.04e-02	9.90e-01
 4.98953e+20	9.55e-32	1.92e-24	1.01e-18	5.07e-14	5.52e-10	2.03e-05	1.10e-02	9.89e-01
 5.30914e+20	1.14e-31	2.23e-24	1.14e-18	5.57e-14	5.90e-10	2.13e-05	1.13e-02	9.89e-01
 5.58805e+20	1.32e-31	2.52e-24	1.26e-18	6.02e-14	6.23e-10	2.22e-05	1.15e-02	9.88e-01
 5.95064e+20	1.60e-31	2.96e-24	1.44e-18	6.67e-14	6.70e-10	2.33e-05	1.18e-02	9.88e-01
 6.42200e+20	2.05e-31	3.66e-24	1.71e-18	7.63e-14	7.36e-10	2.49e-05	1.22e-02	9.88e-01
 6.93210e+20	2.69e-31	4.59e-24	2.06e-18	8.81e-14	8.15e-10	2.67e-05	1.26e-02	9.87e-01
 7.38660e+20	3.42e-31	5.63e-24	2.44e-18	1.00e-13	8.93e-10	2.85e-05	1.30e-02	9.87e-01
 7.80649e+20	4.24e-31	6.75e-24	2.83e-18	1.13e-13	9.69e-10	3.01e-05	1.34e-02	9.87e-01
 8.28735e+20	5.43e-31	8.33e-24	3.36e-18	1.29e-13	1.06e-09	3.21e-05	1.38e-02	9.86e-01
 8.82606e+20	7.16e-31	1.05e-23	4.07e-18	1.49e-13	1.18e-09	3.45e-05	1.44e-02	9.86e-01
 9.29082e+20	9.08e-31	1.29e-23	4.80e-18	1.70e-13	1.29e-09	3.67e-05	1.48e-02	9.85e-01
 9.66489e+20	1.10e-30	1.51e-23	5.46e-18	1.88e-13	1.39e-09	3.86e-05	1.52e-02	9.85e-01
 1.00702e+21	1.35e-30	1.80e-23	6.31e-18	2.10e-13	1.51e-09	4.07e-05	1.56e-02	9.84e-01
 1.05970e+21	1.75e-30	2.25e-23	7.58e-18	2.42e-13	1.67e-09	4.36e-05	1.61e-02	9.84e-01
 1.11398e+21	2.30e-30	2.83e-23	9.15e-18	2.80e-13	1.85e-09	4.68e-05	1.67e-02	9.83e-01
 1.15826e+21	2.87e-30	3.41e-23	1.07e-17	3.16e-13	2.01e-09	4.96e-05	1.72e-02	9.83e-01
 1.20374e+21	3.60e-30	4.12e-23	1.25e-17	3.57e-13	2.19e-09	5.26e-05	1.77e-02	9.82e-01
 1.26287e+21	4.81e-30	5.28e-23	1.53e-17	4.18e-13	2.45e-09	5.67e-05	1.84e-02	9.82e-01
 1.31934e+21	6.36e-30	6.69e-23	1.86e-17	4.86e-13	2.73e-09	6.10e-05	1.90e-02	9.81e-01
 1.35944e+21	7.77e-30	7.92e-23	2.13e-17	5.42e-13	2.95e-09	6.42e-05	1.95e-02	9.80e-01
 1.39866e+21	9.40e-30	9.31e-23	2.44e-17	6.01e-13	3.17e-09	6.74e-05	2.00e-02	9.80e-01
 1.44965e+21	1.20e-29	1.15e-22	2.90e-17	6.88e-13	3.49e-09	7.19e-05	2.07e-02	9.79e-01
 1.50393e+21	1.57e-29	1.44e-22	3.49e-17	7.94e-13	3.87e-09	7.70e-05	2.14e-02	9.79e-01
 1.55064e+21	1.97e-29	1.75e-22	4.09e-17	8.99e-13	4.22e-09	8.16e-05	2.20e-02	9.78e-01
 1.59955e+21	2.50e-29	2.14e-22	4.82e-17	1.02e-12	4.63e-09	8.67e-05	2.27e-02	9.77e-01
 1.65402e+21	3.26e-29	2.67e-22	5.80e-17	1.18e-12	5.13e-09	9.28e-05	2.34e-02	9.76e-01
 1.70429e+21	4.16e-29	3.29e-22	6.88e-17	1.35e-12	5.63e-09	9.88e-05	2.42e-02	9.76e-01
 1.74862e+21	5.16e-29	3.95e-22	8.00e-17	1.52e-12	6.12e-09	1.04e-04	2.48e-02	9.75e-01
 1.79664e+21	6.51e-29	4.81e-22	9.41e-17	1.72e-12	6.70e-09	1.11e-04	2.56e-02	9.74e-01
 1.85046e+21	8.45e-29	6.00e-22	1.13e-16	1.99e-12	7.41e-09	1.18e-04	2.64e-02	9.73e-01
 1.89956e+21	1.07e-28	7.34e-22	1.33e-16	2.26e-12	8.12e-09	1.26e-04	2.72e-02	9.73e-01
 1.94316e+21	1.32e-28	8.78e-22	1.55e-16	2.54e-12	8.82e-09	1.33e-04	2.79e-02	9.72e-01
 1.99188e+21	1.68e-28	1.07e-21	1.82e-16	2.89e-12	9.66e-09	1.41e-04	2.88e-02	9.71e-01
 2.04662e+21	2.18e-28	1.34e-21	2.19e-16	3.34e-12	1.07e-08	1.51e-04	2.97e-02	9.70e-01
 2.09786e+21	2.80e-28	1.66e-21	2.61e-16	3.83e-12	1.18e-08	1.61e-04	3.07e-02	9.69e-01
 2.14471e+21	3.51e-28	2.01e-21	3.06e-16	4.33e-12	1.29e-08	1.70e-04	3.15e-02	9.68e-01
 2.19714e+21	4.52e-28	2.49e-21	3.66e-16	4.98e-12	1.42e-08	1.81e-04	3.25e-02	9.67e-01
 2.25501e+21	5.97e-28	3.16e-21	4.45e-16	5.81e-12	1.58e-08	1.95e-04	3.37e-02	9.66e-01
 2.30767e+21	7.70e-28	3.92e-21	5.32e-16	6.68e-12	1.75e-08	2.08e-04	3.48e-02	9.65e-01
 2.35596e+21	9.72e-28	4.77e-21	6.26e-16	7.59e-12	1.91e-08	2.20e-04	3.58e-02	9.64e-01
 2.41084e+21	1.26e-27	5.97e-21	7.53e-16	8.77e-12	2.12e-08	2.35e-04	3.69e-02	9.63e-01
 2.47193e+21	1.69e-27	7.65e-21	9.25e-16	1.03e-11	2.37e-08	2.53e-04	3.83e-02	9.61e-01
 2.52838e+21	2.21e-27	9.61e-21	1.12e-15	1.20e-11	2.64e-08	2.71e-04	3.96e-02	9.60e-01
 2.58001e+21	2.82e-27	1.18e-20	1.33e-15	1.37e-11	2.90e-08	2.89e-04	4.08e-02	9.59e-01
 2.63806e+21	3.71e-27	1.49e-20	1.61e-15	1.59e-11	3.23e-08	3.09e-04	4.22e-02	9.58e-01
 2.70358e+21	5.03e-27	1.93e-20	2.00e-15	1.89e-11	3.64e-08	3.34e-04	4.38e-02	9.56e-01
 2.76559e+21	6.69e-27	2.47e-20	2.45e-15	2.21e-11	4.08e-08	3.60e-04	4.54e-02	9.54e-01
 2.82036e+21	8.59e-27	3.06e-20	2.92e-15	2.54e-11	4.50e-08	3.84e-04	4.68e-02	9.53e-01
 2.87123e+21	1.08e-26	3.72e-20	3.44e-15	2.89e-11	4.93e-08	4.07e-04	4.82e-02	9.51e-01
 2.92965e+21	1.40e-26	4.64e-20	4.13e-15	3.35e-11	5.47e-08	4.35e-04	4.97e-02	9.50e-01
 2.99481e+21	1.87e-26	5.92e-20	5.06e-15	3.93e-11	6.13e-08	4.68e-04	5.15e-02	9.48e-01
 3.05535e+21	2.42e-26	7.40e-20	6.10e-15	4.55e-11	6.80e-08	5.01e-04	5.32e-02	9.46e-01
 3.11171e+21	3.08e-26	9.08e-20	7.24e-15	5.21e-11	7.49e-08	5.33e-04	5.49e-02	9.45e-01
 3.17602e+21	4.02e-26	1.14e-19	8.76e-15	6.06e-11	8.34e-08	5.72e-04	5.67e-02	9.43e-01
 3.24791e+21	5.39e-26	1.47e-19	1.08e-14	7.16e-11	9.39e-08	6.17e-04	5.88e-02	9.41e-01
 3.31514e+21	7.06e-26	1.85e-19	1.31e-14	8.35e-11	1.05e-07	6.62e-04	6.09e-02	9.38e-01
 3.37827e+21	9.03e-26	2.28e-19	1.56e-14	9.61e-11	1.16e-07	7.07e-04	6.28e-02	9.36e-01
 3.45061e+21	1.19e-25	2.89e-19	1.91e-14	1.12e-10	1.30e-07	7.60e-04	6.50e-02	9.34e-01
 3.53145e+21	1.61e-25	3.74e-19	2.37e-14	1.34e-10	1.47e-07	8.23e-04	6.76e-02	9.32e-01
 3.60704e+21	2.12e-25	4.73e-19	2.89e-14	1.57e-10	1.64e-07	8.86e-04	6.99e-02	9.29e-01
 3.67808e+21	2.72e-25	5.87e-19	3.46e-14	1.81e-10	1.82e-07	9.47e-04	7.22e-02	9.27e-01
 3.75950e+21	3.60e-25	7.47e-19	4.24e-14	2.13e-10	2.05e-07	1.02e-03	7.49e-02	9.24e-01
 3.84628e+21	4.83e-25	9.60e-19	5.23e-14	2.52e-10	2.31e-07	1.10e-03	7.77e-02	9.21e-01
 3.91960e+21	6.14e-25	1.18e-18	6.23e-14	2.90e-10	2.56e-07	1.18e-03	8.01e-02	9.19e-01
 3.98450e+21	7.56e-25	1.41e-18	7.24e-14	3.27e-10	2.79e-07	1.25e-03	8.23e-02	9.16e-01
 4.05885e+21	9.53e-25	1.72e-18	8.57e-14	3.75e-10	3.08e-07	1.33e-03	8.48e-02	9.14e-01
 4.15552e+21	1.28e-24	2.22e-18	1.06e-13	4.45e-10	3.48e-07	1.44e-03	8.81e-02	9.10e-01
 4.25416e+21	1.72e-24	2.86e-18	1.31e-13	5.29e-10	3.94e-07	1.56e-03	9.15e-02	9.07e-01
 4.33401e+21	2.16e-24	3.49e-18	1.56e-13	6.05e-10	4.35e-07	1.66e-03	9.42e-02	9.04e-01
 4.41645e+21	2.73e-24	4.27e-18	1.84e-13	6.94e-10	4.81e-07	1.77e-03	9.71e-02	9.01e-01
 4.52362e+21	3.66e-24	5.49e-18	2.28e-13	8.25e-10	5.45e-07	1.92e-03	1.01e-01	8.97e-01
 4.63449e+21	4.92e-24	7.09e-18	2.84e-13	9.83e-10	6.19e-07	2.08e-03	1.05e-01	8.93e-01
 4.72059e+21	6.20e-24	8.66e-18	3.36e-13	1.13e-09	6.83e-07	2.22e-03	1.08e-01	8.90e-01
 4.79061e+21	7.37e-24	1.01e-17	3.81e-13	1.25e-09	7.36e-07	2.33e-03	1.10e-01	8.87e-01
 4.86932e+21	8.95e-24	1.19e-17	4.39e-13	1.40e-09	8.01e-07	2.46e-03	1.13e-01	8.84e-01
 4.97164e+21	1.15e-23	1.47e-17	5.27e-13	1.62e-09	8.92e-07	2.64e-03	1.17e-01	8.80e-01
 5.08090e+21	1.49e-23	1.84e-17	6.37e-13	1.89e-09	9.98e-07	2.83e-03	1.21e-01	8.76e-01
 5.17635e+21	1.85e-23	2.23e-17	7.49e-13	2.16e-09	1.10e-06	3.01e-03	1.24e-01	8.73e-01
 5.27760e+21	2.33e-23	2.72e-17	8.86e-13	2.47e-09	1.21e-06	3.21e-03	1.28e-01	8.69e-01
 5.40923e+21	3.09e-23	3.47e-17	1.09e-12	2.93e-09	1.37e-06	3.48e-03	1.33e-01	8.64e-01
 5.54294e+21	4.13e-23	4.46e-17	1.35e-12	3.48e-09	1.56e-06	3.77e-03	1.38e-01	8.58e-01
 5.64950e+21	5.15e-23	5.40e-17	1.59e-12	3.98e-09	1.72e-06	4.01e-03	1.42e-01	8.54e-01
 5.75821e+21	6.41e-23	6.52e-17	1.86e-12	4.53e-09	1.89e-06	4.27e-03	1.46e-01	8.50e-01
 5.87950e+21	8.14e-23	8.02e-17	2.22e-12	5.23e-09	2.10e-06	4.56e-03	1.50e-01	8.45e-01
 5.99301e+21	1.01e-22	9.69e-17	2.61e-12	5.96e-09	2.31e-06	4.85e-03	1.55e-01	8.40e-01
 6.11644e+21	1.28e-22	1.18e-16	3.09e-12	6.84e-09	2.56e-06	5.18e-03	1.59e-01	8.35e-01
 6.25315e+21	1.64e-22	1.47e-16	3.72e-12	7.95e-09	2.85e-06	5.56e-03	1.64e-01	8.30e-01
 6.38002e+21	2.06e-22	1.79e-16	4.40e-12	9.10e-09	3.15e-06	5.92e-03	1.69e-01	8.25e-01
 6.51782e+21	2.62e-22	2.20e-16	5.24e-12	1.05e-08	3.50e-06	6.33e-03	1.74e-01	8.19e-01
 6.67209e+21	3.40e-22	2.76e-16	6.35e-12	1.23e-08	3.93e-06	6.81e-03	1.80e-01	8.13e-01
 6.81799e+21	4.33e-22	3.40e-16	7.58e-12	1.42e-08	4.37e-06	7.29e-03	1.86e-01	8.07e-01
 6.97787e+21	5.56e-22	4.22e-16	9.11e-12	1.65e-08	4.87e-06	7.81e-03	1.91e-01	8.01e-01
 7.15825e+21	7.42e-22	5.42e-16	1.13e-11	1.96e-08	5.53e-06	8.47e-03	1.98e-01	7.93e-01
 7.31793e+21	9.48e-22	6.69e-16	1.35e-11	2.26e-08	6.16e-06	9.07e-03	2.04e-01	7.87e-01
 7.45306e+21	1.16e-21	7.97e-16	1.56e-11	2.55e-08	6.73e-06	9.59e-03	2.09e-01	7.81e-01
 7.60363e+21	1.45e-21	9.65e-16	1.84e-11	2.91e-08	7.41e-06	1.02e-02	2.15e-01	7.75e-01
 7.79938e+21	1.90e-21	1.22e-15	2.24e-11	3.43e-08	8.35e-06	1.10e-02	2.22e-01	7.67e-01
 8.00703e+21	2.55e-21	1.58e-15	2.79e-11	4.08e-08	9.50e-06	1.19e-02	2.30e-01	7.58e-01
 8.17833e+21	3.23e-21	1.93e-15	3.31e-11	4.70e-08	1.05e-05	1.27e-02	2.36e-01	7.51e-01
 8.32600e+21	3.93e-21	2.29e-15	3.82e-11	5.28e-08	1.15e-05	1.34e-02	2.42e-01	7.45e-01
 8.49475e+21	4.89e-21	2.76e-15	4.49e-11	6.01e-08	1.26e-05	1.43e-02	2.48e-01	7.38e-01
 8.71413e+21	6.44e-21	3.51e-15	5.49e-11	7.08e-08	1.42e-05	1.54e-02	2.56e-01	7.29e-01
 8.94164e+21	8.60e-21	4.50e-15	6.78e-11	8.42e-08	1.62e-05	1.66e-02	2.64e-01	7.19e-01
 9.12898e+21	1.08e-20	5.49e-15	8.02e-11	9.65e-08	1.79e-05	1.77e-02	2.71e-01	7.11e-01
 9.32181e+21	1.36e-20	6.70e-15	9.50e-11	1.11e-07	1.97e-05	1.89e-02	2.78e-01	7.03e-01
 9.57248e+21	1.82e-20	8.59e-15	1.17e-10	1.31e-07	2.24e-05	2.04e-02	2.87e-01	6.93e-01
 9.83157e+21	2.45e-20	1.11e-14	1.46e-10	1.57e-07	2.55e-05	2.21e-02	2.96e-01	6.82e-01
 1.00439e+22	3.11e-20	1.37e-14	1.74e-10	1.81e-07	2.83e-05	2.36e-02	3.04e-01	6.73e-01
 1.02623e+22	3.95e-20	1.68e-14	2.08e-10	2.09e-07	3.14e-05	2.51e-02	3.12e-01	6.63e-01
 1.04975e+22	5.08e-20	2.09e-14	2.50e-10	2.43e-07	3.51e-05	2.69e-02	3.20e-01	6.53e-01
 1.07052e+22	6.33e-20	2.53e-14	2.93e-10	2.77e-07	3.86e-05	2.85e-02	3.27e-01	6.44e-01
 1.08966e+22	7.70e-20	3.00e-14	3.39e-10	3.11e-07	4.21e-05	3.01e-02	3.34e-01	6.36e-01
 1.11162e+22	9.64e-20	3.64e-14	4.00e-10	3.56e-07	4.65e-05	3.19e-02	3.41e-01	6.27e-01
 1.13637e+22	1.23e-19	4.49e-14	4.78e-10	4.12e-07	5.16e-05	3.41e-02	3.49e-01	6.17e-01
 1.16003e+22	1.55e-19	5.48e-14	5.66e-10	4.73e-07	5.71e-05	3.62e-02	3.57e-01	6.07e-01
 1.18252e+22	1.92e-19	6.62e-14	6.66e-10	5.40e-07	6.30e-05	3.84e-02	3.65e-01	5.97e-01
 1.20823e+22	2.44e-19	8.12e-14	7.92e-10	6.22e-07	6.98e-05	4.09e-02	3.73e-01	5.86e-01
 1.23698e+22	3.18e-19	1.02e-13	9.66e-10	7.33e-07	7.87e-05	4.39e-02	3.82e-01	5.74e-01
 1.26353e+22	4.04e-19	1.26e-13	1.15e-09	8.48e-07	8.75e-05	4.68e-02	3.91e-01	5.62e-01
 1.28808e+22	5.01e-19	1.52e-13	1.35e-09	9.67e-07	9.64e-05	4.95e-02	3.98e-01	5.52e-01
 1.31620e+22	6.36e-19	1.87e-13	1.62e-09	1.12e-06	1.07e-04	5.28e-02	4.07e-01	5.40e-01
 1.35275e+22	8.62e-19	2.44e-13	2.03e-09	1.35e-06	1.23e-04	5.72e-02	4.17e-01	5.25e-01
 1.38967e+22	1.17e-18	3.17e-13	2.55e-09	1.63e-06	1.41e-04	6.20e-02	4.28e-01	5.10e-01
 1.41887e+22	1.47e-18	3.89e-13	3.04e-09	1.89e-06	1.57e-04	6.60e-02	4.36e-01	4.98e-01
 1.44860e+22	1.85e-18	4.75e-13	3.62e-09	2.18e-06	1.75e-04	7.02e-02	4.44e-01	4.86e-01
 1.48725e+22	2.46e-18	6.09e-13	4.48e-09	2.60e-06	1.99e-04	7.56e-02	4.54e-01	4.71e-01
 1.52785e+22	3.31e-18	7.92e-13	5.63e-09	3.15e-06	2.29e-04	8.20e-02	4.64e-01	4.54e-01
 1.56176e+22	4.22e-18	9.79e-13	6.79e-09	3.69e-06	2.57e-04	8.75e-02	4.72e-01	4.40e-01
 1.59045e+22	5.13e-18	1.16e-12	7.87e-09	4.18e-06	2.81e-04	9.21e-02	4.78e-01	4.30e-01
 1.62155e+22	6.30e-18	1.39e-12	9.23e-09	4.78e-06	3.10e-04	9.74e-02	4.85e-01	4.18e-01
 1.66198e+22	8.17e-18	1.75e-12	1.13e-08	5.66e-06	3.51e-04	1.04e-01	4.93e-01	4.03e-01
 1.70385e+22	1.06e-17	2.21e-12	1.38e-08	6.73e-06	3.99e-04	1.12e-01	5.00e-01	3.87e-01
 1.73845e+22	1.31e-17	2.66e-12	1.63e-08	7.74e-06	4.42e-04	1.19e-01	5.06e-01	3.75e-01
 1.77432e+22	1.61e-17	3.20e-12	1.92e-08	8.89e-06	4.90e-04	1.25e-01	5.12e-01	3.62e-01
 1.82094e+22	2.09e-17	4.03e-12	2.36e-08	1.06e-05	5.57e-04	1.35e-01	5.18e-01	3.47e-01
 1.86797e+22	2.69e-17	5.06e-12	2.89e-08	1.26e-05	6.34e-04	1.44e-01	5.24e-01	3.31e-01
 1.90502e+22	3.27e-17	6.02e-12	3.37e-08	1.44e-05	7.00e-04	1.52e-01	5.28e-01	3.19e-01
 1.94270e+22	3.94e-17	7.11e-12	3.92e-08	1.64e-05	7.70e-04	1.60e-01	5.32e-01	3.08e-01
 1.99169e+22	4.98e-17	8.77e-12	4.73e-08	1.93e-05	8.69e-04	1.70e-01	5.36e-01	2.93e-01
 2.04296e+22	6.30e-17	1.09e-11	5.73e-08	2.28e-05	9.84e-04	1.82e-01	5.39e-01	2.78e-01
 2.08614e+22	7.63e-17	1.29e-11	6.70e-08	2.62e-05	1.09e-03	1.91e-01	5.41e-01	2.67e-01
 2.13123e+22	9.22e-17	1.53e-11	7.82e-08	2.99e-05	1.20e-03	2.01e-01	5.43e-01	2.55e-01
 2.18984e+22	1.17e-16	1.89e-11	9.48e-08	3.55e-05	1.36e-03	2.14e-01	5.44e-01	2.40e-01
 2.25022e+22	1.47e-16	2.34e-11	1.15e-07	4.20e-05	1.55e-03	2.28e-01	5.44e-01	2.26e-01
 2.29987e+22	1.77e-16	2.77e-11	1.34e-07	4.80e-05	1.71e-03	2.40e-01	5.44e-01	2.15e-01
 2.34462e+22	2.07e-16	3.20e-11	1.53e-07	5.40e-05	1.87e-03	2.50e-01	5.43e-01	2.06e-01
 2.38880e+22	2.42e-16	3.68e-11	1.74e-07	6.02e-05	2.03e-03	2.60e-01	5.41e-01	1.97e-01
 2.43897e+22	2.85e-16	4.28e-11	1.99e-07	6.80e-05	2.22e-03	2.71e-01	5.39e-01	1.87e-01
 2.49411e+22	3.40e-16	5.02e-11	2.31e-07	7.73e-05	2.44e-03	2.84e-01	5.37e-01	1.77e-01
 2.54430e+22	3.95e-16	5.78e-11	2.63e-07	8.68e-05	2.66e-03	2.95e-01	5.34e-01	1.69e-01
 2.59091e+22	4.54e-16	6.57e-11	2.95e-07	9.60e-05	2.87e-03	3.05e-01	5.31e-01	1.61e-01
 2.64428e+22	5.30e-16	7.55e-11	3.36e-07	1.07e-04	3.11e-03	3.17e-01	5.27e-01	1.53e-01
 2.71366e+22	6.40e-16	8.98e-11	3.94e-07	1.23e-04	3.45e-03	3.32e-01	5.21e-01	1.43e-01
 2.78361e+22	7.72e-16	1.07e-10	4.61e-07	1.42e-04	3.82e-03	3.47e-01	5.15e-01	1.34e-01
 2.83859e+22	8.86e-16	1.21e-10	5.20e-07	1.57e-04	4.14e-03	3.59e-01	5.10e-01	1.27e-01
 2.89434e+22	1.02e-15	1.38e-10	5.83e-07	1.74e-04	4.45e-03	3.70e-01	5.05e-01	1.21e-01
 2.96682e+22	1.21e-15	1.61e-10	6.73e-07	1.97e-04	4.88e-03	3.84e-01	4.98e-01	1.13e-01
 3.04337e+22	1.44e-15	1.90e-10	7.82e-07	2.24e-04	5.36e-03	4.00e-01	4.90e-01	1.05e-01
 3.10858e+22	1.66e-15	2.16e-10	8.84e-07	2.49e-04	5.81e-03	4.13e-01	4.82e-01	9.88e-02
 3.17673e+22	1.92e-15	2.47e-10	9.99e-07	2.76e-04	6.26e-03	4.25e-01	4.75e-01	9.31e-02
 3.26533e+22	2.30e-15	2.92e-10	1.16e-06	3.15e-04	6.89e-03	4.41e-01	4.66e-01	8.61e-02
 3.35686e+22	2.75e-15	3.45e-10	1.36e-06	3.59e-04	7.60e-03	4.58e-01	4.55e-01	7.93e-02
 3.43206e+22	3.17e-15	3.93e-10	1.53e-06	3.99e-04	8.21e-03	4.71e-01	4.46e-01	7.42e-02
 3.50965e+22	3.66e-15	4.49e-10	1.73e-06	4.41e-04	8.83e-03	4.83e-01	4.38e-01	6.95e-02
 3.61052e+22	4.36e-15	5.27e-10	2.01e-06	4.99e-04	9.67e-03	4.99e-01	4.27e-01	6.39e-02
 3.71766e+22	5.23e-15	6.25e-10	2.35e-06	5.69e-04	1.06e-02	5.16e-01	4.15e-01	5.84e-02
 3.81020e+22	6.05e-15	7.17e-10	2.67e-06	6.35e-04	1.15e-02	5.30e-01	4.04e-01	5.40e-02
 3.88674e+22	6.87e-15	8.05e-10	2.96e-06	6.91e-04	1.22e-02	5.40e-01	3.96e-01	5.08e-02
 3.96525e+22	7.73e-15	8.98e-10	3.28e-06	7.52e-04	1.30e-02	5.51e-01	3.87e-01	4.78e-02
 4.06731e+22	8.96e-15	1.03e-09	3.72e-06	8.34e-04	1.40e-02	5.64e-01	3.77e-01	4.41e-02
 4.17501e+22	1.05e-14	1.19e-09	4.25e-06	9.30e-04	1.52e-02	5.78e-01	3.66e-01	4.06e-02
 4.26568e+22	1.19e-14	1.34e-09	4.74e-06	1.02e-03	1.62e-02	5.89e-01	3.56e-01	3.78e-02
 4.35919e+22	1.34e-14	1.50e-09	5.27e-06	1.11e-03	1.72e-02	5.99e-01	3.47e-01	3.53e-02
 4.48076e+22	1.56e-14	1.73e-09	6.02e-06	1.23e-03	1.86e-02	6.12e-01	3.36e-01	3.23e-02
 4.60669e+22	1.83e-14	2.00e-09	6.90e-06	1.37e-03	2.01e-02	6.25e-01	3.24e-01	2.95e-02
 4.70998e+22	2.08e-14	2.25e-09	7.69e-06	1.50e-03	2.13e-02	6.35e-01	3.15e-01	2.74e-02
 4.81593e+22	2.34e-14	2.52e-09	8.54e-06	1.63e-03	2.26e-02	6.44e-01	3.06e-01	2.54e-02
 4.95365e+22	2.73e-14	2.91e-09	9.74e-06	1.80e-03	2.43e-02	6.56e-01	2.95e-01	2.32e-02
 5.09959e+22	3.20e-14	3.37e-09	1.12e-05	2.01e-03	2.63e-02	6.68e-01	2.83e-01	2.10e-02
 5.22420e+22	3.65e-14	3.82e-09	1.25e-05	2.19e-03	2.80e-02	6.77e-01	2.73e-01	1.94e-02
 5.35420e+22	4.15e-14	4.31e-09	1.40e-05	2.39e-03	2.97e-02	6.86e-01	2.64e-01	1.78e-02
 5.52320e+22	4.89e-14	5.01e-09	1.61e-05	2.66e-03	3.20e-02	6.96e-01	2.53e-01	1.61e-02
 5.70201e+22	5.79e-14	5.88e-09	1.87e-05	2.97e-03	3.46e-02	7.07e-01	2.41e-01	1.44e-02
 5.85446e+22	6.68e-14	6.71e-09	2.11e-05	3.26e-03	3.69e-02	7.15e-01	2.32e-01	1.31e-02
 6.01354e+22	7.65e-14	7.62e-09	2.38e-05	3.55e-03	3.92e-02	7.23e-01	2.23e-01	1.20e-02
 6.22034e+22	9.13e-14	8.96e-09	2.76e-05	3.96e-03	4.21e-02	7.31e-01	2.12e-01	1.08e-02
 6.44346e+22	1.09e-13	1.06e-08	3.23e-05	4.44e-03	4.56e-02	7.40e-01	2.00e-01	9.50e-03
 6.63858e+22	1.27e-13	1.23e-08	3.69e-05	4.90e-03	4.88e-02	7.47e-01	1.91e-01	8.54e-03
 6.79652e+22	1.44e-13	1.37e-08	4.09e-05	5.27e-03	5.13e-02	7.52e-01	1.84e-01	7.88e-03
 6.95533e+22	1.63e-13	1.53e-08	4.52e-05	5.66e-03	5.38e-02	7.56e-01	1.77e-01	7.28e-03
 7.16178e+22	1.89e-13	1.76e-08	5.11e-05	6.17e-03	5.69e-02	7.61e-01	1.70e-01	6.62e-03
 7.38896e+22	2.21e-13	2.03e-08	5.85e-05	6.79e-03	6.07e-02	7.65e-01	1.61e-01	5.93e-03
 7.59338e+22	2.55e-13	2.32e-08	6.59e-05	7.37e-03	6.41e-02	7.69e-01	1.54e-01	5.39e-03
 7.80943e+22	2.94e-13	2.64e-08	7.39e-05	7.98e-03	6.74e-02	7.72e-01	1.48e-01	4.92e-03
 8.09028e+22	3.48e-13	3.08e-08	8.51e-05	8.80e-03	7.19e-02	7.75e-01	1.39e-01	4.38e-03
 8.37407e+22	4.16e-13	3.62e-08	9.86e-05	9.74e-03	7.68e-02	7.78e-01	1.31e-01	3.87e-03
 8.59423e+22	4.77e-13	4.10e-08	1.10e-04	1.05e-02	8.05e-02	7.80e-01	1.26e-01	3.54e-03
 8.81299e+22	5.40e-13	4.58e-08	1.21e-04	1.12e-02	8.40e-02	7.81e-01	1.21e-01	3.26e-03
 9.09739e+22	6.33e-13	5.27e-08	1.37e-04	1.22e-02	8.83e-02	7.81e-01	1.15e-01	2.95e-03
 9.44947e+22	7.56e-13	6.19e-08	1.58e-04	1.34e-02	9.39e-02	7.82e-01	1.08e-01	2.61e-03
 9.80084e+22	9.13e-13	7.33e-08	1.84e-04	1.48e-02	9.98e-02	7.81e-01	1.02e-01	2.30e-03
 1.00957e+23	1.06e-12	8.37e-08	2.06e-04	1.60e-02	1.05e-01	7.80e-01	9.67e-02	2.09e-03
 1.04057e+23	1.22e-12	9.50e-08	2.30e-04	1.72e-02	1.09e-01	7.79e-01	9.22e-02	1.90e-03
 1.07988e+23	1.45e-12	1.10e-07	2.63e-04	1.87e-02	1.15e-01	7.77e-01	8.71e-02	1.70e-03
 1.12332e+23	1.76e-12	1.31e-07	3.03e-04	2.06e-02	1.22e-01	7.74e-01	8.17e-02	1.50e-03
 1.16460e+23	2.09e-12	1.52e-07	3.46e-04	2.24e-02	1.28e-01	7.71e-01	7.69e-02	1.33e-03
 1.20851e+23	2.47e-12	1.76e-07	3.91e-04	2.43e-02	1.34e-01	7.67e-01	7.27e-02	1.19e-03
 1.25809e+23	2.97e-12	2.06e-07	4.48e-04	2.65e-02	1.41e-01	7.63e-01	6.82e-02	1.06e-03
 1.30965e+23	3.55e-12	2.41e-07	5.12e-04	2.89e-02	1.48e-01	7.57e-01	6.41e-02	9.39e-04
 1.36327e+23	4.24e-12	2.81e-07	5.82e-04	3.14e-02	1.55e-01	7.52e-01	6.02e-02	8.36e-04
 1.41903e+23	5.04e-12	3.26e-07	6.59e-04	3.40e-02	1.62e-01	7.46e-01	5.67e-02	7.46e-04
 1.47703e+23	5.96e-12	3.76e-07	7.43e-04	3.67e-02	1.69e-01	7.39e-01	5.34e-02	6.67e-04
 1.53734e+23	7.01e-12	4.32e-07	8.35e-04	3.95e-02	1.76e-01	7.32e-01	5.04e-02	5.99e-04
 1.60007e+23	8.20e-12	4.94e-07	9.33e-04	4.24e-02	1.83e-01	7.25e-01	4.76e-02	5.40e-04
 1.66531e+23	9.55e-12	5.62e-07	1.04e-03	4.53e-02	1.90e-01	7.18e-01	4.51e-02	4.88e-04
 1.73315e+23	1.10e-11	6.36e-07	1.15e-03	4.83e-02	1.96e-01	7.11e-01	4.27e-02	4.43e-04
 1.80371e+23	1.27e-11	7.16e-07	1.27e-03	5.13e-02	2.03e-01	7.04e-01	4.06e-02	4.03e-04
 1.87710e+23	1.45e-11	8.00e-07	1.39e-03	5.44e-02	2.09e-01	6.97e-01	3.86e-02	3.69e-04
 1.95341e+23	1.64e-11	8.89e-07	1.51e-03	5.74e-02	2.14e-01	6.90e-01	3.68e-02	3.39e-04
 2.03278e+23	1.85e-11	9.83e-07	1.64e-03	6.04e-02	2.20e-01	6.82e-01	3.52e-02	3.13e-04
 2.11533e+23	2.07e-11	1.08e-06	1.78e-03	6.33e-02	2.25e-01	6.76e-01	3.37e-02	2.90e-04
 2.20118e+23	2.29e-11	1.18e-06	1.91e-03	6.62e-02	2.30e-01	6.69e-01	3.24e-02	2.70e-04
 2.28544e+23	2.52e-11	1.27e-06	2.04e-03	6.89e-02	2.35e-01	6.63e-01	3.12e-02	2.53e-04
 2.36238e+23	2.73e-11	1.37e-06	2.16e-03	7.14e-02	2.39e-01	6.57e-01	3.02e-02	2.39e-04
 2.43162e+23	2.93e-11	1.45e-06	2.26e-03	7.34e-02	2.42e-01	6.53e-01	2.94e-02	2.28e-04
 2.49394e+23	3.09e-11	1.51e-06	2.34e-03	7.51e-02	2.45e-01	6.49e-01	2.88e-02	2.20e-04
 2.55003e+23	3.23e-11	1.57e-06	2.42e-03	7.65e-02	2.47e-01	6.46e-01	2.83e-02	2.13e-04
 2.60051e+23	3.35e-11	1.62e-06	2.48e-03	7.78e-02	2.49e-01	6.43e-01	2.79e-02	2.07e-04
 2.64594e+23	3.47e-11	1.67e-06	2.54e-03	7.88e-02	2.50e-01	6.41e-01	2.75e-02	2.03e-04
 2.68682e+23	3.55e-11	1.70e-06	2.58e-03	7.96e-02	2.51e-01	6.39e-01	2.72e-02	1.99e-04
 2.72362e+23	3.61e-11	1.72e-06	2.61e-03	8.02e-02	2.52e-01	6.38e-01	2.71e-02	1.97e-04
 2.75674e+23	3.67e-11	1.75e-06	2.65e-03	8.08e-02	2.53e-01	6.36e-01	2.68e-02	1.94e-04
 2.78771e+23	3.73e-11	1.77e-06	2.67e-03	8.14e-02	2.54e-01	6.35e-01	2.67e-02	1.92e-04
 2.81825e+23	3.77e-11	1.79e-06	2.70e-03	8.18e-02	2.55e-01	6.34e-01	2.65e-02	1.91e-04
 2.84880e+23	3.82e-11	1.81e-06	2.72e-03	8.23e-02	2.55e-01	6.33e-01	2.64e-02	1.89e-04
 2.87935e+23	3.85e-11	1.82e-06	2.74e-03	8.26e-02	2.56e-01	6.32e-01	2.63e-02	1.88e-04
 2.90990e+23	3.88e-11	1.84e-06	2.76e-03	8.29e-02	2.56e-01	6.32e-01	2.62e-02	1.87e-04
 2.94045e+23	3.90e-11	1.84e-06	2.77e-03	8.31e-02	2.57e-01	6.31e-01	2.61e-02	1.86e-04
 2.97099e+23	3.91e-11	1.85e-06	2.78e-03	8.32e-02	2.57e-01	6.31e-01	2.61e-02	1.85e-04
 3.00154e+23	3.92e-11	1.86e-06	2.79e-03	8.34e-02	2.57e-01	6.30e-01	2.60e-02	1.84e-04
 3.03209e+23	3.94e-11	1.86e-06	2.80e-03	8.36e-02	2.57e-01	6.30e-01	2.60e-02	1.84e-04
 3.05109e+23	4.02e-11	1.89e-06	2.83e-03	8.42e-02	2.58e-01	6.29e-01	2.58e-02	1.82e-04
