#depth	Cl	Cl+	Cl+2	Cl+3	Cl+4	Cl+5	Cl+6	Cl+7	Cl+8	Cl+9	Cl+10	Cl+11	Cl+12	Cl+13	Cl+14	Cl+15	Cl+16	Cl+17
 6.17135e+19	0.00e+00	0.00e+00	0.00e+00	0.00e+00	0.00e+00	0.00e+00	4.12e-29	9.93e-25	5.93e-21	1.38e-17	1.34e-14	6.44e-12	1.72e-09	3.20e-07	4.78e-05	1.24e-02	1.82e-01	8.06e-01
 1.87609e+20	0.00e+00	0.00e+00	0.00e+00	0.00e+00	0.00e+00	0.00e+00	1.08e-28	2.40e-24	1.32e-20	2.80e-17	2.50e-14	1.11e-11	2.70e-09	4.57e-07	6.22e-05	1.46e-02	1.96e-01	7.90e-01
 3.18540e+20	0.00e+00	0.00e+00	0.00e+00	0.00e+00	0.00e+00	0.00e+00	2.87e-28	5.85e-24	2.94e-20	5.74e-17	4.70e-14	1.91e-11	4.27e-09	6.55e-07	8.12e-05	1.73e-02	2.10e-01	7.72e-01
 4.54709e+20	0.00e+00	0.00e+00	0.00e+00	0.00e+00	0.00e+00	0.00e+00	7.65e-28	1.43e-23	6.60e-20	1.18e-16	8.87e-14	3.30e-11	6.77e-09	9.41e-07	1.06e-04	2.05e-02	2.26e-01	7.53e-01
 5.47369e+20	0.00e+00	0.00e+00	0.00e+00	0.00e+00	0.00e+00	0.00e+00	1.47e-27	2.60e-23	1.13e-19	1.91e-16	1.36e-13	4.77e-11	9.21e-09	1.20e-06	1.27e-04	2.29e-02	2.37e-01	7.40e-01
 5.83446e+20	0.00e+00	0.00e+00	0.00e+00	0.00e+00	0.00e+00	0.00e+00	1.90e-27	3.29e-23	1.40e-19	2.31e-16	1.60e-13	5.52e-11	1.04e-08	1.32e-06	1.36e-04	2.40e-02	2.41e-01	7.35e-01
 6.12971e+20	0.00e+00	0.00e+00	0.00e+00	0.00e+00	0.00e+00	0.00e+00	2.30e-27	3.93e-23	1.64e-19	2.67e-16	1.82e-13	6.15e-11	1.14e-08	1.42e-06	1.43e-04	2.48e-02	2.44e-01	7.31e-01
 6.51354e+20	0.00e+00	0.00e+00	0.00e+00	0.00e+00	0.00e+00	0.00e+00	2.98e-27	4.98e-23	2.03e-19	3.23e-16	2.15e-13	7.13e-11	1.29e-08	1.56e-06	1.54e-04	2.59e-02	2.49e-01	7.25e-01
 7.01251e+20	0.00e+00	0.00e+00	0.00e+00	0.00e+00	0.00e+00	0.00e+00	4.17e-27	6.76e-23	2.68e-19	4.14e-16	2.68e-13	8.62e-11	1.51e-08	1.77e-06	1.69e-04	2.74e-02	2.55e-01	7.18e-01
 7.66118e+20	0.00e+00	0.00e+00	0.00e+00	0.00e+00	0.00e+00	0.00e+00	6.40e-27	1.00e-22	3.83e-19	5.69e-16	3.55e-13	1.10e-10	1.86e-08	2.07e-06	1.90e-04	2.95e-02	2.62e-01	7.08e-01
 8.31573e+20	0.00e+00	0.00e+00	0.00e+00	0.00e+00	0.00e+00	0.00e+00	9.81e-27	1.48e-22	5.46e-19	7.82e-16	4.69e-13	1.40e-10	2.28e-08	2.43e-06	2.13e-04	3.17e-02	2.70e-01	6.98e-01
 8.83269e+20	0.00e+00	0.00e+00	0.00e+00	0.00e+00	0.00e+00	5.88e-31	1.37e-26	2.01e-22	7.21e-19	1.00e-15	5.85e-13	1.70e-10	2.68e-08	2.76e-06	2.34e-04	3.36e-02	2.76e-01	6.90e-01
 9.35948e+20	0.00e+00	0.00e+00	0.00e+00	0.00e+00	0.00e+00	8.53e-31	1.91e-26	2.74e-22	9.51e-19	1.29e-15	7.29e-13	2.05e-10	3.14e-08	3.12e-06	2.56e-04	3.55e-02	2.82e-01	6.82e-01
 1.00443e+21	0.00e+00	0.00e+00	0.00e+00	0.00e+00	0.00e+00	1.37e-30	2.93e-26	4.05e-22	1.36e-18	1.77e-15	9.65e-13	2.62e-10	3.86e-08	3.67e-06	2.88e-04	3.81e-02	2.90e-01	6.71e-01
 1.07257e+21	0.00e+00	0.00e+00	0.00e+00	0.00e+00	0.00e+00	2.21e-30	4.48e-26	5.98e-22	1.93e-18	2.43e-15	1.28e-12	3.35e-10	4.74e-08	4.31e-06	3.24e-04	4.10e-02	2.98e-01	6.60e-01
 1.12439e+21	0.00e+00	0.00e+00	0.00e+00	0.00e+00	0.00e+00	3.13e-30	6.12e-26	7.96e-22	2.51e-18	3.06e-15	1.57e-12	4.01e-10	5.51e-08	4.84e-06	3.52e-04	4.32e-02	3.04e-01	6.52e-01
 1.17588e+21	0.00e+00	0.00e+00	0.00e+00	0.00e+00	0.00e+00	4.42e-30	8.32e-26	1.06e-21	3.24e-18	3.86e-15	1.93e-12	4.78e-10	6.39e-08	5.43e-06	3.84e-04	4.55e-02	3.10e-01	6.44e-01
 1.24282e+21	0.00e+00	0.00e+00	0.00e+00	0.00e+00	0.00e+00	6.88e-30	1.24e-25	1.52e-21	4.51e-18	5.19e-15	2.50e-12	6.02e-10	7.75e-08	6.31e-06	4.28e-04	4.86e-02	3.18e-01	6.33e-01
 1.31268e+21	0.00e+00	0.00e+00	0.00e+00	0.00e+00	0.00e+00	1.09e-29	1.86e-25	2.21e-21	6.35e-18	7.05e-15	3.29e-12	7.62e-10	9.46e-08	7.37e-06	4.78e-04	5.20e-02	3.26e-01	6.22e-01
 1.36899e+21	0.00e+00	0.00e+00	0.00e+00	0.00e+00	0.00e+00	1.56e-29	2.57e-25	2.98e-21	8.33e-18	9.00e-15	4.08e-12	9.21e-10	1.11e-07	8.33e-06	5.23e-04	5.48e-02	3.32e-01	6.13e-01
 1.41733e+21	0.00e+00	0.00e+00	0.00e+00	0.00e+00	0.00e+00	2.13e-29	3.38e-25	3.85e-21	1.05e-17	1.11e-14	4.91e-12	1.08e-09	1.27e-07	9.26e-06	5.64e-04	5.74e-02	3.37e-01	6.05e-01
 1.47267e+21	0.00e+00	0.00e+00	0.00e+00	0.00e+00	0.00e+00	3.00e-29	4.58e-25	5.09e-21	1.35e-17	1.39e-14	6.00e-12	1.29e-09	1.47e-07	1.04e-05	6.13e-04	6.03e-02	3.43e-01	5.96e-01
 1.54461e+21	0.00e+00	0.00e+00	0.00e+00	0.00e+00	0.00e+00	4.71e-29	6.85e-25	7.38e-21	1.90e-17	1.89e-14	7.88e-12	1.64e-09	1.80e-07	1.21e-05	6.85e-04	6.45e-02	3.51e-01	5.84e-01
 1.61736e+21	0.00e+00	0.00e+00	0.00e+00	0.00e+00	0.00e+00	7.35e-29	1.02e-24	1.06e-20	2.65e-17	2.55e-14	1.03e-11	2.07e-09	2.19e-07	1.41e-05	7.64e-04	6.88e-02	3.59e-01	5.72e-01
 1.67564e+21	0.00e+00	0.00e+00	0.00e+00	0.00e+00	0.00e+00	1.05e-28	1.39e-24	1.42e-20	3.45e-17	3.24e-14	1.27e-11	2.48e-09	2.56e-07	1.59e-05	8.32e-04	7.24e-02	3.65e-01	5.62e-01
 1.73586e+21	0.00e+00	0.00e+00	0.00e+00	0.00e+00	0.00e+00	1.50e-28	1.91e-24	1.91e-20	4.52e-17	4.13e-14	1.57e-11	3.00e-09	2.99e-07	1.79e-05	9.08e-04	7.62e-02	3.71e-01	5.52e-01
 1.80309e+21	0.00e+00	0.00e+00	0.00e+00	0.00e+00	0.00e+00	2.22e-28	2.71e-24	2.64e-20	6.07e-17	5.39e-14	2.00e-11	3.69e-09	3.57e-07	2.05e-05	1.00e-03	8.06e-02	3.77e-01	5.41e-01
 1.86552e+21	0.00e+00	0.00e+00	0.00e+00	0.00e+00	0.00e+00	3.18e-28	3.73e-24	3.55e-20	7.97e-17	6.89e-14	2.48e-11	4.47e-09	4.19e-07	2.32e-05	1.09e-03	8.49e-02	3.83e-01	5.31e-01
 1.92334e+21	0.00e+00	0.00e+00	0.00e+00	0.00e+00	0.00e+00	4.43e-28	4.99e-24	4.65e-20	1.02e-16	8.62e-14	3.03e-11	5.32e-09	4.85e-07	2.60e-05	1.18e-03	8.89e-02	3.89e-01	5.21e-01
 1.98906e+21	0.00e+00	0.00e+00	0.00e+00	0.00e+00	0.00e+00	6.41e-28	6.91e-24	6.30e-20	1.35e-16	1.11e-13	3.79e-11	6.47e-09	5.71e-07	2.95e-05	1.29e-03	9.36e-02	3.95e-01	5.10e-01
 2.06212e+21	0.00e+00	0.00e+00	0.00e+00	0.00e+00	0.00e+00	9.60e-28	9.88e-24	8.79e-20	1.83e-16	1.46e-13	4.84e-11	8.01e-09	6.84e-07	3.38e-05	1.43e-03	9.91e-02	4.01e-01	4.98e-01
 2.12971e+21	0.00e+00	0.00e+00	0.00e+00	0.00e+00	0.00e+00	1.39e-27	1.37e-23	1.19e-19	2.41e-16	1.88e-13	6.05e-11	9.75e-09	8.07e-07	3.84e-05	1.56e-03	1.04e-01	4.07e-01	4.87e-01
 2.19263e+21	0.00e+00	0.00e+00	0.00e+00	0.00e+00	0.00e+00	1.95e-27	1.84e-23	1.57e-19	3.12e-16	2.36e-13	7.44e-11	1.17e-08	9.38e-07	4.31e-05	1.69e-03	1.09e-01	4.12e-01	4.77e-01
 2.26452e+21	0.00e+00	0.00e+00	0.00e+00	0.00e+00	0.00e+00	2.84e-27	2.58e-23	2.15e-19	4.15e-16	3.07e-13	9.37e-11	1.43e-08	1.11e-06	4.90e-05	1.85e-03	1.15e-01	4.18e-01	4.66e-01
 2.34250e+21	0.00e+00	0.00e+00	0.00e+00	0.00e+00	0.00e+00	4.26e-27	3.68e-23	3.00e-19	5.64e-16	4.05e-13	1.20e-10	1.77e-08	1.33e-06	5.63e-05	2.04e-03	1.21e-01	4.23e-01	4.53e-01
 2.41228e+21	0.00e+00	0.00e+00	0.00e+00	0.00e+00	0.00e+00	6.09e-27	5.04e-23	4.02e-19	7.39e-16	5.17e-13	1.49e-10	2.15e-08	1.56e-06	6.36e-05	2.22e-03	1.27e-01	4.28e-01	4.42e-01
 2.47567e+21	0.00e+00	0.00e+00	0.00e+00	0.00e+00	0.00e+00	8.37e-27	6.67e-23	5.23e-19	9.40e-16	6.44e-13	1.81e-10	2.55e-08	1.80e-06	7.08e-05	2.39e-03	1.33e-01	4.32e-01	4.32e-01
 2.54688e+21	0.00e+00	0.00e+00	0.00e+00	0.00e+00	6.52e-31	1.19e-26	9.08e-23	6.98e-19	1.23e-15	8.20e-13	2.25e-10	3.08e-08	2.11e-06	7.98e-05	2.60e-03	1.39e-01	4.37e-01	4.22e-01
 2.62678e+21	0.00e+00	0.00e+00	0.00e+00	0.00e+00	1.01e-30	1.75e-26	1.28e-22	9.62e-19	1.65e-15	1.07e-12	2.85e-10	3.79e-08	2.51e-06	9.11e-05	2.85e-03	1.46e-01	4.41e-01	4.10e-01
 2.70183e+21	0.00e+00	0.00e+00	0.00e+00	0.00e+00	1.51e-30	2.51e-26	1.75e-22	1.29e-18	2.17e-15	1.37e-12	3.55e-10	4.59e-08	2.95e-06	1.03e-04	3.10e-03	1.53e-01	4.45e-01	3.99e-01
 2.77214e+21	0.00e+00	0.00e+00	0.00e+00	0.00e+00	2.19e-30	3.49e-26	2.34e-22	1.70e-18	2.78e-15	1.72e-12	4.35e-10	5.48e-08	3.42e-06	1.15e-04	3.34e-03	1.60e-01	4.49e-01	3.88e-01
 2.85245e+21	0.00e+00	0.00e+00	0.00e+00	0.00e+00	3.32e-30	5.04e-26	3.23e-22	2.30e-18	3.69e-15	2.22e-12	5.46e-10	6.68e-08	4.03e-06	1.30e-04	3.64e-03	1.67e-01	4.52e-01	3.77e-01
 2.93870e+21	0.00e+00	0.00e+00	0.00e+00	0.00e+00	5.16e-30	7.44e-26	4.55e-22	3.18e-18	4.96e-15	2.91e-12	6.94e-10	8.24e-08	4.80e-06	1.48e-04	3.98e-03	1.75e-01	4.56e-01	3.65e-01
 3.01455e+21	0.00e+00	0.00e+00	0.00e+00	0.00e+00	7.54e-30	1.04e-25	6.11e-22	4.19e-18	6.41e-15	3.68e-12	8.53e-10	9.87e-08	5.57e-06	1.66e-04	4.30e-03	1.83e-01	4.58e-01	3.55e-01
 3.09500e+21	0.00e+00	0.00e+00	0.00e+00	0.00e+00	1.12e-29	1.48e-25	8.30e-22	5.60e-18	8.37e-15	4.68e-12	1.06e-09	1.19e-07	6.50e-06	1.87e-04	4.65e-03	1.91e-01	4.61e-01	3.44e-01
 3.18542e+21	0.00e+00	0.00e+00	0.00e+00	0.00e+00	1.73e-29	2.17e-25	1.16e-21	7.70e-18	1.12e-14	6.12e-12	1.34e-09	1.46e-07	7.72e-06	2.12e-04	5.07e-03	1.99e-01	4.63e-01	3.32e-01
 3.27072e+21	0.00e+00	0.00e+00	0.00e+00	0.00e+00	2.58e-29	3.10e-25	1.59e-21	1.03e-17	1.48e-14	7.84e-12	1.67e-09	1.77e-07	9.03e-06	2.39e-04	5.49e-03	2.08e-01	4.65e-01	3.22e-01
 3.35110e+21	0.00e+00	0.00e+00	0.00e+00	0.00e+00	3.74e-29	4.31e-25	2.13e-21	1.36e-17	1.90e-14	9.85e-12	2.04e-09	2.11e-07	1.04e-05	2.66e-04	5.90e-03	2.16e-01	4.66e-01	3.12e-01
 3.44314e+21	0.00e+00	0.00e+00	0.00e+00	0.00e+00	5.67e-29	6.23e-25	2.94e-21	1.85e-17	2.52e-14	1.27e-11	2.56e-09	2.57e-07	1.23e-05	3.01e-04	6.40e-03	2.25e-01	4.68e-01	3.01e-01
 3.54606e+21	0.00e+00	0.00e+00	0.00e+00	0.00e+00	8.95e-29	9.33e-25	4.20e-21	2.58e-17	3.43e-14	1.69e-11	3.29e-09	3.19e-07	1.47e-05	3.43e-04	6.98e-03	2.35e-01	4.68e-01	2.89e-01
 3.63785e+21	0.00e+00	0.00e+00	0.00e+00	0.00e+00	1.33e-28	1.33e-24	5.73e-21	3.46e-17	4.50e-14	2.16e-11	4.09e-09	3.85e-07	1.71e-05	3.85e-04	7.53e-03	2.44e-01	4.69e-01	2.79e-01
 3.71733e+21	0.00e+00	0.00e+00	0.00e+00	0.00e+00	1.87e-28	1.80e-24	7.45e-21	4.44e-17	5.67e-14	2.66e-11	4.91e-09	4.51e-07	1.95e-05	4.24e-04	8.03e-03	2.52e-01	4.69e-01	2.70e-01
 3.80607e+21	0.00e+00	0.00e+00	0.00e+00	0.00e+00	2.69e-28	2.48e-24	9.91e-21	5.81e-17	7.25e-14	3.32e-11	5.97e-09	5.34e-07	2.24e-05	4.70e-04	8.59e-03	2.61e-01	4.69e-01	2.61e-01
 3.92143e+21	0.00e+00	0.00e+00	0.00e+00	0.00e+00	4.35e-28	3.79e-24	1.44e-20	8.27e-17	1.01e-13	4.47e-11	7.76e-09	6.70e-07	2.69e-05	5.39e-04	9.40e-03	2.72e-01	4.68e-01	2.50e-01
 4.03832e+21	0.00e+00	0.00e+00	0.00e+00	0.00e+00	6.95e-28	5.75e-24	2.07e-20	1.17e-16	1.38e-13	5.96e-11	1.00e-08	8.33e-07	3.22e-05	6.15e-04	1.02e-02	2.84e-01	4.67e-01	2.38e-01
 4.13323e+21	0.00e+00	0.00e+00	0.00e+00	0.00e+00	1.01e-27	8.01e-24	2.77e-20	1.54e-16	1.78e-13	7.50e-11	1.23e-08	9.91e-07	3.71e-05	6.83e-04	1.10e-02	2.93e-01	4.66e-01	2.30e-01
 4.23267e+21	0.00e+00	0.00e+00	0.00e+00	0.00e+00	1.48e-27	1.12e-23	3.73e-20	2.04e-16	2.31e-13	9.48e-11	1.51e-08	1.18e-06	4.29e-05	7.60e-04	1.17e-02	3.03e-01	4.64e-01	2.21e-01
 4.36193e+21	0.00e+00	0.00e+00	0.00e+00	0.00e+00	2.40e-27	1.73e-23	5.45e-20	2.92e-16	3.22e-13	1.28e-10	1.96e-08	1.48e-06	5.14e-05	8.69e-04	1.28e-02	3.15e-01	4.61e-01	2.10e-01
 4.48895e+21	0.00e+00	0.00e+00	0.00e+00	0.00e+00	3.84e-27	2.62e-23	7.86e-20	4.13e-16	4.43e-13	1.71e-10	2.52e-08	1.84e-06	6.13e-05	9.88e-04	1.39e-02	3.27e-01	4.58e-01	2.00e-01
 4.58490e+21	0.00e+00	0.00e+00	0.00e+00	0.00e+00	5.43e-27	3.57e-23	1.03e-19	5.33e-16	5.61e-13	2.11e-10	3.04e-08	2.16e-06	6.97e-05	1.09e-03	1.48e-02	3.36e-01	4.56e-01	1.92e-01
 4.68151e+21	0.00e+00	0.00e+00	0.00e+00	6.12e-31	7.65e-27	4.84e-23	1.35e-19	6.88e-16	7.10e-13	2.61e-10	3.66e-08	2.53e-06	7.93e-05	1.19e-03	1.57e-02	3.45e-01	4.53e-01	1.85e-01
 4.80711e+21	0.00e+00	0.00e+00	0.00e+00	9.89e-31	1.18e-26	7.12e-23	1.89e-19	9.47e-16	9.53e-13	3.40e-10	4.61e-08	3.08e-06	9.30e-05	1.34e-03	1.68e-02	3.56e-01	4.49e-01	1.76e-01
 4.94119e+21	0.00e+00	0.00e+00	0.00e+00	1.64e-30	1.86e-26	1.07e-22	2.70e-19	1.33e-15	1.30e-12	4.51e-10	5.89e-08	3.80e-06	1.10e-04	1.52e-03	1.82e-02	3.68e-01	4.45e-01	1.67e-01
 5.05786e+21	0.00e+00	0.00e+00	0.00e+00	2.53e-30	2.75e-26	1.51e-22	3.66e-19	1.77e-15	1.70e-12	5.72e-10	7.26e-08	4.54e-06	1.27e-04	1.68e-03	1.94e-02	3.79e-01	4.40e-01	1.60e-01
 5.18109e+21	0.00e+00	0.00e+00	0.00e+00	3.96e-30	4.11e-26	2.16e-22	5.01e-19	2.39e-15	2.23e-12	7.32e-10	9.00e-08	5.45e-06	1.47e-04	1.87e-03	2.07e-02	3.89e-01	4.36e-01	1.52e-01
 5.31926e+21	0.00e+00	0.00e+00	0.00e+00	6.47e-30	6.41e-26	3.20e-22	7.08e-19	3.31e-15	3.02e-12	9.61e-10	1.14e-07	6.66e-06	1.73e-04	2.10e-03	2.23e-02	4.01e-01	4.30e-01	1.44e-01
 5.44961e+21	0.00e+00	0.00e+00	0.00e+00	1.02e-29	9.66e-26	4.61e-22	9.76e-19	4.49e-15	3.99e-12	1.24e-09	1.42e-07	8.01e-06	2.00e-04	2.34e-03	2.38e-02	4.12e-01	4.25e-01	1.37e-01
 5.59183e+21	0.00e+00	0.00e+00	0.00e+00	1.66e-29	1.49e-25	6.80e-22	1.37e-18	6.20e-15	5.38e-12	1.61e-09	1.79e-07	9.75e-06	2.34e-04	2.62e-03	2.55e-02	4.23e-01	4.19e-01	1.29e-01
 5.74031e+21	0.00e+00	0.00e+00	0.00e+00	2.73e-29	2.34e-25	1.01e-21	1.95e-18	8.65e-15	7.30e-12	2.12e-09	2.27e-07	1.19e-05	2.75e-04	2.94e-03	2.74e-02	4.35e-01	4.12e-01	1.22e-01
 5.86509e+21	0.00e+00	0.00e+00	0.00e+00	4.11e-29	3.39e-25	1.41e-21	2.60e-18	1.14e-14	9.40e-12	2.66e-09	2.77e-07	1.41e-05	3.14e-04	3.23e-03	2.90e-02	4.44e-01	4.07e-01	1.16e-01
 5.99549e+21	0.00e+00	0.00e+00	0.00e+00	6.26e-29	4.95e-25	1.97e-21	3.49e-18	1.51e-14	1.22e-11	3.36e-09	3.38e-07	1.67e-05	3.59e-04	3.56e-03	3.07e-02	4.54e-01	4.01e-01	1.11e-01
 6.16501e+21	0.00e+00	0.00e+00	0.00e+00	1.07e-28	8.01e-25	3.02e-21	5.08e-18	2.15e-14	1.69e-11	4.51e-09	4.37e-07	2.07e-05	4.26e-04	4.02e-03	3.30e-02	4.66e-01	3.93e-01	1.04e-01
 6.33792e+21	0.00e+00	0.00e+00	0.00e+00	1.83e-28	1.30e-24	4.65e-21	7.41e-18	3.08e-14	2.35e-11	6.06e-09	5.64e-07	2.56e-05	5.05e-04	4.54e-03	3.55e-02	4.78e-01	3.85e-01	9.68e-02
 6.47627e+21	0.00e+00	0.00e+00	0.00e+00	2.79e-28	1.90e-24	6.51e-21	9.95e-18	4.08e-14	3.04e-11	7.64e-09	6.89e-07	3.03e-05	5.76e-04	5.00e-03	3.75e-02	4.87e-01	3.78e-01	9.17e-02
 6.61718e+21	0.00e+00	0.00e+00	0.00e+00	4.24e-28	2.77e-24	9.11e-21	1.34e-17	5.40e-14	3.94e-11	9.63e-09	8.41e-07	3.59e-05	6.58e-04	5.49e-03	3.97e-02	4.96e-01	3.71e-01	8.68e-02
 6.80035e+21	0.00e+00	0.00e+00	0.00e+00	7.24e-28	4.49e-24	1.40e-20	1.94e-17	7.71e-14	5.47e-11	1.29e-08	1.08e-06	4.44e-05	7.78e-04	6.18e-03	4.25e-02	5.07e-01	3.62e-01	8.09e-02
 6.98954e+21	0.00e+00	0.00e+00	0.00e+00	1.25e-27	7.33e-24	2.16e-20	2.84e-17	1.11e-13	7.64e-11	1.74e-08	1.40e-06	5.51e-05	9.22e-04	6.97e-03	4.56e-02	5.19e-01	3.53e-01	7.52e-02
 7.14532e+21	0.00e+00	0.00e+00	0.00e+00	1.94e-27	1.09e-23	3.06e-20	3.86e-17	1.49e-13	1.00e-10	2.22e-08	1.73e-06	6.56e-05	1.06e-03	7.67e-03	4.81e-02	5.27e-01	3.45e-01	7.08e-02
 7.27635e+21	0.00e+00	0.00e+00	0.00e+00	2.79e-27	1.51e-23	4.10e-20	4.98e-17	1.90e-13	1.25e-10	2.71e-08	2.06e-06	7.57e-05	1.18e-03	8.31e-03	5.04e-02	5.34e-01	3.39e-01	6.73e-02
 7.41646e+21	0.00e+00	0.00e+00	0.00e+00	4.10e-27	2.13e-23	5.56e-20	6.50e-17	2.45e-13	1.58e-10	3.35e-08	2.47e-06	8.81e-05	1.33e-03	9.03e-03	5.28e-02	5.41e-01	3.32e-01	6.37e-02
 7.59860e+21	0.00e+00	0.00e+00	0.00e+00	6.66e-27	3.30e-23	8.19e-20	9.12e-17	3.39e-13	2.13e-10	4.37e-08	3.10e-06	1.07e-04	1.55e-03	1.00e-02	5.60e-02	5.50e-01	3.23e-01	5.94e-02
 7.78416e+21	0.00e+00	0.00e+00	5.99e-31	1.09e-26	5.14e-23	1.21e-19	1.28e-16	4.70e-13	2.89e-10	5.73e-08	3.91e-06	1.29e-04	1.80e-03	1.11e-02	5.94e-02	5.58e-01	3.14e-01	5.53e-02
 7.93274e+21	0.00e+00	0.00e+00	9.16e-31	1.60e-26	7.27e-23	1.65e-19	1.68e-16	6.09e-13	3.66e-10	7.08e-08	4.70e-06	1.51e-04	2.03e-03	1.21e-02	6.22e-02	5.65e-01	3.07e-01	5.22e-02
 8.08445e+21	0.00e+00	0.00e+00	1.40e-30	2.36e-26	1.03e-22	2.24e-19	2.19e-16	7.88e-13	4.65e-10	8.77e-08	5.64e-06	1.75e-04	2.28e-03	1.31e-02	6.50e-02	5.71e-01	2.99e-01	4.93e-02
 8.24493e+21	0.00e+00	0.00e+00	2.20e-30	3.55e-26	1.48e-22	3.10e-19	2.90e-16	1.03e-12	5.96e-10	1.10e-07	6.83e-06	2.05e-04	2.58e-03	1.43e-02	6.81e-02	5.77e-01	2.92e-01	4.63e-02
 8.38202e+21	0.00e+00	0.00e+00	3.21e-30	5.00e-26	2.02e-22	4.07e-19	3.68e-16	1.30e-12	7.37e-10	1.32e-07	8.03e-06	2.35e-04	2.86e-03	1.54e-02	7.09e-02	5.82e-01	2.85e-01	4.39e-02
 8.52543e+21	0.00e+00	0.00e+00	4.73e-30	7.12e-26	2.77e-22	5.38e-19	4.69e-16	1.64e-12	9.15e-10	1.61e-07	9.48e-06	2.70e-04	3.19e-03	1.66e-02	7.37e-02	5.86e-01	2.78e-01	4.15e-02
 8.68666e+21	0.00e+00	0.00e+00	7.27e-30	1.05e-25	3.93e-22	7.32e-19	6.13e-16	2.13e-12	1.16e-09	1.99e-07	1.14e-05	3.13e-04	3.58e-03	1.79e-02	7.70e-02	5.91e-01	2.71e-01	3.90e-02
 8.83882e+21	0.00e+00	0.00e+00	1.09e-29	1.52e-25	5.46e-22	9.77e-19	7.88e-16	2.72e-12	1.46e-09	2.43e-07	1.35e-05	3.61e-04	4.00e-03	1.94e-02	8.01e-02	5.95e-01	2.64e-01	3.68e-02
 8.98049e+21	0.00e+00	0.00e+00	1.57e-29	2.12e-25	7.37e-22	1.27e-18	9.92e-16	3.40e-12	1.79e-09	2.93e-07	1.58e-05	4.12e-04	4.42e-03	2.07e-02	8.31e-02	5.99e-01	2.58e-01	3.48e-02
 9.11276e+21	0.00e+00	0.00e+00	2.22e-29	2.90e-25	9.75e-22	1.63e-18	1.23e-15	4.18e-12	2.17e-09	3.48e-07	1.84e-05	4.65e-04	4.86e-03	2.21e-02	8.59e-02	6.02e-01	2.52e-01	3.31e-02
 9.23662e+21	0.00e+00	0.00e+00	3.05e-29	3.86e-25	1.26e-21	2.04e-18	1.49e-15	5.05e-12	2.59e-09	4.07e-07	2.10e-05	5.19e-04	5.29e-03	2.34e-02	8.85e-02	6.05e-01	2.46e-01	3.15e-02
 9.37758e+21	0.00e+00	0.00e+00	4.35e-29	5.34e-25	1.68e-21	2.64e-18	1.86e-15	6.27e-12	3.16e-09	4.86e-07	2.44e-05	5.88e-04	5.82e-03	2.50e-02	9.16e-02	6.07e-01	2.40e-01	2.98e-02
 9.53314e+21	0.00e+00	0.00e+00	6.43e-29	7.60e-25	2.31e-21	3.48e-18	2.36e-15	7.93e-12	3.92e-09	5.90e-07	2.89e-05	6.74e-04	6.47e-03	2.69e-02	9.50e-02	6.10e-01	2.33e-01	2.81e-02
 9.67520e+21	0.00e+00	0.00e+00	9.17e-29	1.05e-24	3.08e-21	4.48e-18	2.94e-15	9.81e-12	4.78e-09	7.04e-07	3.35e-05	7.63e-04	7.11e-03	2.86e-02	9.81e-02	6.12e-01	2.27e-01	2.66e-02
 9.80624e+21	0.00e+00	0.00e+00	1.27e-28	1.41e-24	4.00e-21	5.63e-18	3.58e-15	1.19e-11	5.73e-09	8.28e-07	3.85e-05	8.54e-04	7.76e-03	3.04e-02	1.01e-01	6.13e-01	2.22e-01	2.52e-02
 9.95544e+21	0.00e+00	0.00e+00	1.82e-28	1.95e-24	5.35e-21	7.27e-18	4.46e-15	1.48e-11	7.00e-09	9.90e-07	4.49e-05	9.68e-04	8.54e-03	3.24e-02	1.04e-01	6.15e-01	2.15e-01	2.38e-02
 1.01224e+22	0.00e+00	0.00e+00	2.72e-28	2.80e-24	7.41e-21	9.67e-18	5.70e-15	1.88e-11	8.76e-09	1.21e-06	5.32e-05	1.11e-03	9.51e-03	3.48e-02	1.08e-01	6.16e-01	2.09e-01	2.23e-02
 1.02770e+22	0.00e+00	0.00e+00	3.94e-28	3.92e-24	9.99e-21	1.26e-17	7.14e-15	2.35e-11	1.08e-08	1.46e-06	6.23e-05	1.27e-03	1.05e-02	3.72e-02	1.12e-01	6.16e-01	2.02e-01	2.09e-02
 1.04107e+22	0.00e+00	0.00e+00	5.41e-28	5.22e-24	1.29e-20	1.57e-17	8.64e-15	2.84e-11	1.28e-08	1.70e-06	7.12e-05	1.41e-03	1.14e-02	3.93e-02	1.15e-01	6.16e-01	1.97e-01	1.98e-02
 1.05523e+22	0.00e+00	0.00e+00	7.54e-28	7.05e-24	1.68e-20	1.98e-17	1.06e-14	3.47e-11	1.54e-08	2.01e-06	8.20e-05	1.58e-03	1.24e-02	4.17e-02	1.18e-01	6.16e-01	1.91e-01	1.88e-02
 1.07113e+22	0.00e+00	0.00e+00	1.09e-27	9.85e-24	2.27e-20	2.57e-17	1.32e-14	4.33e-11	1.90e-08	2.42e-06	9.59e-05	1.80e-03	1.37e-02	4.44e-02	1.21e-01	6.16e-01	1.85e-01	1.76e-02
 1.08598e+22	0.00e+00	0.00e+00	1.54e-27	1.34e-23	2.99e-20	3.27e-17	1.62e-14	5.31e-11	2.29e-08	2.87e-06	1.11e-04	2.02e-03	1.50e-02	4.72e-02	1.25e-01	6.15e-01	1.79e-01	1.66e-02
 1.09966e+22	0.00e+00	0.00e+00	2.11e-27	1.78e-23	3.84e-20	4.08e-17	1.95e-14	6.40e-11	2.73e-08	3.35e-06	1.27e-04	2.25e-03	1.63e-02	4.98e-02	1.28e-01	6.14e-01	1.74e-01	1.57e-02
 1.11514e+22	0.00e+00	0.00e+00	2.99e-27	2.44e-23	5.09e-20	5.20e-17	2.40e-14	7.88e-11	3.31e-08	3.98e-06	1.47e-04	2.54e-03	1.78e-02	5.28e-02	1.31e-01	6.12e-01	1.69e-01	1.47e-02
 1.13230e+22	0.00e+00	0.00e+00	4.40e-27	3.46e-23	6.93e-20	6.81e-17	3.02e-14	9.91e-11	4.10e-08	4.83e-06	1.72e-04	2.90e-03	1.97e-02	5.64e-02	1.35e-01	6.09e-01	1.62e-01	1.37e-02
 1.14800e+22	0.00e+00	0.00e+00	6.29e-27	4.78e-23	9.22e-20	8.71e-17	3.72e-14	1.22e-10	5.00e-08	5.76e-06	2.01e-04	3.27e-03	2.16e-02	5.99e-02	1.39e-01	6.07e-01	1.57e-01	1.28e-02
 1.16222e+22	0.00e+00	0.00e+00	8.57e-27	6.31e-23	1.18e-19	1.08e-16	4.47e-14	1.47e-10	5.93e-08	6.71e-06	2.28e-04	3.63e-03	2.33e-02	6.30e-02	1.42e-01	6.04e-01	1.52e-01	1.21e-02
 1.17814e+22	0.00e+00	0.00e+00	1.21e-26	8.64e-23	1.56e-19	1.38e-16	5.48e-14	1.80e-10	7.19e-08	7.97e-06	2.64e-04	4.08e-03	2.55e-02	6.67e-02	1.46e-01	6.00e-01	1.46e-01	1.13e-02
 1.19546e+22	0.00e+00	6.04e-31	1.77e-26	1.21e-22	2.11e-19	1.79e-16	6.83e-14	2.25e-10	8.85e-08	9.61e-06	3.09e-04	4.64e-03	2.80e-02	7.09e-02	1.49e-01	5.96e-01	1.40e-01	1.05e-02
 1.21094e+22	0.00e+00	8.80e-31	2.50e-26	1.65e-22	2.77e-19	2.26e-16	8.32e-14	2.75e-10	1.07e-07	1.14e-05	3.57e-04	5.20e-03	3.06e-02	7.50e-02	1.53e-01	5.91e-01	1.35e-01	9.77e-03
 1.22466e+22	0.00e+00	1.21e-30	3.33e-26	2.14e-22	3.48e-19	2.76e-16	9.85e-14	3.26e-10	1.25e-07	1.31e-05	4.02e-04	5.73e-03	3.28e-02	7.85e-02	1.55e-01	5.87e-01	1.31e-01	9.22e-03
 1.23975e+22	0.00e+00	1.72e-30	4.59e-26	2.86e-22	4.49e-19	3.43e-16	1.18e-13	3.93e-10	1.49e-07	1.53e-05	4.59e-04	6.37e-03	3.56e-02	8.25e-02	1.58e-01	5.82e-01	1.26e-01	8.63e-03
 1.25937e+22	0.00e+00	2.71e-30	6.94e-26	4.14e-22	6.23e-19	4.55e-16	1.50e-13	4.99e-10	1.87e-07	1.88e-05	5.45e-04	7.30e-03	3.94e-02	8.79e-02	1.62e-01	5.75e-01	1.20e-01	7.91e-03
 1.27901e+22	0.00e+00	4.28e-30	1.05e-25	6.01e-22	8.66e-19	6.04e-16	1.90e-13	6.35e-10	2.34e-07	2.30e-05	6.46e-04	8.36e-03	4.35e-02	9.37e-02	1.66e-01	5.67e-01	1.14e-01	7.23e-03
 1.29407e+22	0.00e+00	6.06e-30	1.44e-25	7.98e-22	1.11e-18	7.49e-16	2.28e-13	7.61e-10	2.77e-07	2.68e-05	7.35e-04	9.26e-03	4.70e-02	9.82e-02	1.69e-01	5.60e-01	1.09e-01	6.74e-03
 1.30904e+22	0.00e+00	8.51e-30	1.96e-25	1.05e-21	1.42e-18	9.22e-16	2.71e-13	9.07e-10	3.27e-07	3.11e-05	8.33e-04	1.02e-02	5.05e-02	1.03e-01	1.71e-01	5.53e-01	1.05e-01	6.29e-03
 1.32850e+22	0.00e+00	1.32e-29	2.92e-25	1.50e-21	1.94e-18	1.21e-15	3.39e-13	1.14e-09	4.04e-07	3.76e-05	9.78e-04	1.16e-02	5.55e-02	1.09e-01	1.74e-01	5.44e-01	9.92e-02	5.75e-03
 1.34850e+22	0.00e+00	2.07e-29	4.39e-25	2.16e-21	2.68e-18	1.59e-15	4.26e-13	1.43e-09	5.02e-07	4.57e-05	1.15e-03	1.32e-02	6.10e-02	1.15e-01	1.77e-01	5.33e-01	9.36e-02	5.22e-03
 1.36468e+22	0.00e+00	2.98e-29	6.12e-25	2.91e-21	3.48e-18	1.99e-15	5.13e-13	1.72e-09	5.98e-07	5.36e-05	1.32e-03	1.47e-02	6.58e-02	1.21e-01	1.80e-01	5.24e-01	8.91e-02	4.82e-03
 1.38121e+22	0.00e+00	4.26e-29	8.46e-25	3.89e-21	4.49e-18	2.47e-15	6.15e-13	2.06e-09	7.08e-07	6.24e-05	1.50e-03	1.62e-02	7.08e-02	1.26e-01	1.82e-01	5.15e-01	8.48e-02	4.45e-03
 1.40268e+22	0.00e+00	6.77e-29	1.29e-24	5.67e-21	6.25e-18	3.28e-15	7.77e-13	2.61e-09	8.81e-07	7.59e-05	1.77e-03	1.85e-02	7.77e-02	1.33e-01	1.84e-01	5.02e-01	7.94e-02	4.01e-03
 1.42450e+22	0.00e+00	1.09e-28	1.98e-24	8.33e-21	8.75e-18	4.38e-15	9.87e-13	3.29e-09	1.10e-06	9.26e-05	2.09e-03	2.10e-02	8.53e-02	1.40e-01	1.86e-01	4.88e-01	7.41e-02	3.59e-03
 1.44168e+22	0.00e+00	1.58e-28	2.78e-24	1.13e-20	1.14e-17	5.49e-15	1.19e-12	3.96e-09	1.31e-06	1.08e-04	2.38e-03	2.33e-02	9.17e-02	1.46e-01	1.87e-01	4.76e-01	7.00e-02	3.28e-03
 1.45892e+22	0.00e+00	2.25e-28	3.83e-24	1.50e-20	1.47e-17	6.82e-15	1.42e-12	4.70e-09	1.54e-06	1.25e-04	2.69e-03	2.56e-02	9.80e-02	1.51e-01	1.88e-01	4.64e-01	6.62e-02	3.01e-03
 1.48135e+22	0.00e+00	3.56e-28	5.81e-24	2.19e-20	2.04e-17	9.03e-15	1.79e-12	5.87e-09	1.89e-06	1.51e-04	3.14e-03	2.88e-02	1.07e-01	1.59e-01	1.89e-01	4.49e-01	6.14e-02	2.68e-03
 1.50477e+22	0.00e+00	5.75e-28	8.98e-24	3.23e-20	2.88e-17	1.21e-14	2.28e-12	7.39e-09	2.34e-06	1.84e-04	3.69e-03	3.26e-02	1.16e-01	1.66e-01	1.90e-01	4.32e-01	5.66e-02	2.37e-03
 1.52337e+22	0.00e+00	8.37e-28	1.26e-23	4.38e-20	3.77e-17	1.52e-14	2.76e-12	8.82e-09	2.77e-06	2.13e-04	4.18e-03	3.59e-02	1.24e-01	1.72e-01	1.90e-01	4.19e-01	5.30e-02	2.15e-03
 1.53857e+22	0.00e+00	1.13e-27	1.66e-23	5.60e-20	4.67e-17	1.83e-14	3.21e-12	1.02e-08	3.16e-06	2.40e-04	4.62e-03	3.86e-02	1.31e-01	1.76e-01	1.90e-01	4.08e-01	5.02e-02	1.98e-03
 1.55553e+22	0.00e+00	1.57e-27	2.23e-23	7.31e-20	5.91e-17	2.23e-14	3.78e-12	1.18e-08	3.64e-06	2.73e-04	5.14e-03	4.19e-02	1.38e-01	1.81e-01	1.89e-01	3.95e-01	4.73e-02	1.81e-03
 1.57757e+22	0.00e+00	2.38e-27	3.26e-23	1.03e-19	7.96e-17	2.88e-14	4.67e-12	1.43e-08	4.35e-06	3.21e-04	5.87e-03	4.62e-02	1.48e-01	1.87e-01	1.88e-01	3.79e-01	4.37e-02	1.61e-03
 1.60068e+22	0.00e+00	3.67e-27	4.84e-23	1.46e-19	1.09e-16	3.76e-14	5.82e-12	1.75e-08	5.22e-06	3.78e-04	6.73e-03	5.12e-02	1.58e-01	1.93e-01	1.87e-01	3.63e-01	4.01e-02	1.42e-03
 1.62012e+22	0.00e+00	5.24e-27	6.69e-23	1.95e-19	1.41e-16	4.68e-14	6.97e-12	2.05e-08	6.07e-06	4.33e-04	7.52e-03	5.55e-02	1.67e-01	1.97e-01	1.85e-01	3.49e-01	3.73e-02	1.28e-03
 1.64029e+22	0.00e+00	7.48e-27	9.26e-23	2.62e-19	1.82e-16	5.83e-14	8.36e-12	2.41e-08	7.03e-06	4.94e-04	8.39e-03	6.02e-02	1.76e-01	2.02e-01	1.83e-01	3.35e-01	3.46e-02	1.15e-03
 1.66652e+22	0.00e+00	1.18e-26	1.40e-22	3.79e-19	2.52e-16	7.71e-14	1.05e-11	2.95e-08	8.47e-06	5.84e-04	9.62e-03	6.64e-02	1.87e-01	2.07e-01	1.81e-01	3.17e-01	3.14e-02	9.97e-04
 1.69325e+22	0.00e+00	1.85e-26	2.11e-22	5.50e-19	3.50e-16	1.02e-13	1.33e-11	3.61e-08	1.02e-05	6.88e-04	1.10e-02	7.32e-02	1.99e-01	2.11e-01	1.77e-01	2.99e-01	2.83e-02	8.63e-04
 1.71477e+22	0.00e+00	2.64e-26	2.92e-22	7.36e-19	4.53e-16	1.27e-13	1.60e-11	4.22e-08	1.17e-05	7.81e-04	1.22e-02	7.88e-02	2.08e-01	2.14e-01	1.74e-01	2.85e-01	2.61e-02	7.69e-04
 1.73688e+22	0.00e+00	3.75e-26	4.02e-22	9.82e-19	5.84e-16	1.58e-13	1.91e-11	4.92e-08	1.35e-05	8.84e-04	1.35e-02	8.46e-02	2.17e-01	2.17e-01	1.71e-01	2.71e-01	2.40e-02	6.84e-04
 1.76562e+22	0.00e+00	5.84e-26	6.03e-22	1.41e-18	8.07e-16	2.09e-13	2.41e-11	5.97e-08	1.61e-05	1.03e-03	1.53e-02	9.23e-02	2.29e-01	2.20e-01	1.67e-01	2.54e-01	2.15e-02	5.88e-04
 1.79546e+22	0.00e+00	9.16e-26	9.11e-22	2.05e-18	1.12e-15	2.77e-13	3.04e-11	7.26e-08	1.92e-05	1.21e-03	1.74e-02	1.01e-01	2.40e-01	2.22e-01	1.62e-01	2.37e-01	1.92e-02	5.02e-04
 1.82028e+22	0.00e+00	1.32e-25	1.27e-21	2.77e-18	1.46e-15	3.48e-13	3.68e-11	8.50e-08	2.21e-05	1.37e-03	1.92e-02	1.08e-01	2.50e-01	2.23e-01	1.58e-01	2.23e-01	1.75e-02	4.40e-04
 1.84149e+22	0.00e+00	1.80e-25	1.69e-21	3.57e-18	1.83e-15	4.22e-13	4.32e-11	9.71e-08	2.48e-05	1.52e-03	2.09e-02	1.14e-01	2.58e-01	2.24e-01	1.54e-01	2.12e-01	1.61e-02	3.93e-04
 1.86446e+22	0.00e+00	2.44e-25	2.23e-21	4.61e-18	2.30e-15	5.13e-13	5.08e-11	1.11e-07	2.80e-05	1.68e-03	2.26e-02	1.20e-01	2.65e-01	2.24e-01	1.50e-01	2.01e-01	1.48e-02	3.51e-04
 1.89432e+22	0.00e+00	3.64e-25	3.22e-21	6.41e-18	3.08e-15	6.60e-13	6.27e-11	1.32e-07	3.25e-05	1.92e-03	2.51e-02	1.29e-01	2.75e-01	2.24e-01	1.45e-01	1.87e-01	1.32e-02	3.01e-04
 1.92487e+22	0.00e+00	5.44e-25	4.65e-21	8.94e-18	4.14e-15	8.52e-13	7.75e-11	1.57e-07	3.79e-05	2.18e-03	2.79e-02	1.38e-01	2.84e-01	2.23e-01	1.40e-01	1.73e-01	1.18e-02	2.58e-04
 1.94954e+22	0.00e+00	7.50e-25	6.25e-21	1.17e-17	5.25e-15	1.04e-12	9.18e-11	1.80e-07	4.27e-05	2.42e-03	3.02e-02	1.45e-01	2.91e-01	2.22e-01	1.35e-01	1.63e-01	1.07e-02	2.27e-04
 1.97483e+22	0.00e+00	1.02e-24	8.24e-21	1.50e-17	6.57e-15	1.27e-12	1.08e-10	2.05e-07	4.78e-05	2.67e-03	3.26e-02	1.52e-01	2.97e-01	2.21e-01	1.31e-01	1.53e-01	9.77e-03	2.01e-04
 2.00770e+22	0.00e+00	1.50e-24	1.18e-20	2.08e-17	8.77e-15	1.63e-12	1.33e-10	2.43e-07	5.53e-05	3.02e-03	3.59e-02	1.61e-01	3.05e-01	2.19e-01	1.25e-01	1.42e-01	8.66e-03	1.71e-04
 2.04190e+22	0.00e+00	2.24e-24	1.71e-20	2.90e-17	1.18e-14	2.10e-12	1.65e-10	2.88e-07	6.42e-05	3.43e-03	3.96e-02	1.71e-01	3.13e-01	2.16e-01	1.19e-01	1.30e-01	7.63e-03	1.44e-04
 2.07034e+22	0.00e+00	3.12e-24	2.31e-20	3.82e-17	1.51e-14	2.59e-12	1.96e-10	3.32e-07	7.24e-05	3.80e-03	4.28e-02	1.79e-01	3.18e-01	2.13e-01	1.14e-01	1.21e-01	6.85e-03	1.25e-04
 2.09985e+22	0.00e+00	4.28e-24	3.09e-20	4.97e-17	1.90e-14	3.18e-12	2.33e-10	3.81e-07	8.14e-05	4.19e-03	4.61e-02	1.87e-01	3.23e-01	2.10e-01	1.10e-01	1.13e-01	6.18e-03	1.09e-04
 2.13218e+22	0.00e+00	6.06e-24	4.25e-20	6.64e-17	2.47e-14	3.97e-12	2.81e-10	4.43e-07	9.24e-05	4.66e-03	4.99e-02	1.96e-01	3.28e-01	2.07e-01	1.05e-01	1.04e-01	5.50e-03	9.38e-05
 2.16103e+22	0.00e+00	8.20e-24	5.61e-20	8.54e-17	3.09e-14	4.82e-12	3.31e-10	5.04e-07	1.03e-04	5.10e-03	5.35e-02	2.04e-01	3.32e-01	2.03e-01	1.00e-01	9.69e-02	4.96e-03	8.19e-05
 2.18731e+22	0.00e+00	1.07e-23	7.18e-20	1.07e-16	3.77e-14	5.73e-12	3.82e-10	5.66e-07	1.14e-04	5.53e-03	5.68e-02	2.11e-01	3.35e-01	2.00e-01	9.63e-02	9.09e-02	4.51e-03	7.25e-05
 2.21739e+22	0.00e+00	1.44e-23	9.43e-20	1.37e-16	4.70e-14	6.94e-12	4.49e-10	6.44e-07	1.27e-04	6.04e-03	6.06e-02	2.19e-01	3.38e-01	1.96e-01	9.20e-02	8.45e-02	4.06e-03	6.33e-05
 2.25648e+22	0.00e+00	2.10e-23	1.33e-19	1.87e-16	6.22e-14	8.85e-12	5.50e-10	7.58e-07	1.45e-04	6.74e-03	6.57e-02	2.28e-01	3.41e-01	1.91e-01	8.67e-02	7.68e-02	3.55e-03	5.31e-05
 2.29625e+22	0.00e+00	3.05e-23	1.88e-19	2.57e-16	8.25e-14	1.13e-11	6.75e-10	8.92e-07	1.66e-04	7.53e-03	7.12e-02	2.38e-01	3.44e-01	1.85e-01	8.15e-02	6.97e-02	3.09e-03	4.44e-05
 2.32814e+22	0.00e+00	4.10e-23	2.47e-19	3.28e-16	1.03e-13	1.37e-11	7.93e-10	1.01e-06	1.85e-04	8.19e-03	7.57e-02	2.45e-01	3.45e-01	1.81e-01	7.75e-02	6.45e-02	2.77e-03	3.86e-05
 2.36087e+22	6.17e-31	5.47e-23	3.22e-19	4.18e-16	1.28e-13	1.65e-11	9.28e-10	1.15e-06	2.05e-04	8.90e-03	8.03e-02	2.53e-01	3.46e-01	1.76e-01	7.36e-02	5.97e-02	2.48e-03	3.35e-05
 2.40342e+22	8.77e-31	7.87e-23	4.50e-19	5.67e-16	1.68e-13	2.09e-11	1.13e-09	1.35e-06	2.33e-04	9.88e-03	8.65e-02	2.62e-01	3.46e-01	1.70e-01	6.89e-02	5.40e-02	2.16e-03	2.80e-05
 2.44816e+22	1.25e-30	1.15e-22	6.38e-19	7.79e-16	2.22e-13	2.67e-11	1.39e-09	1.59e-06	2.67e-04	1.10e-02	9.32e-02	2.71e-01	3.46e-01	1.64e-01	6.42e-02	4.85e-02	1.86e-03	2.32e-05
 2.48610e+22	1.68e-30	1.57e-22	8.52e-19	1.01e-15	2.81e-13	3.27e-11	1.66e-09	1.82e-06	2.98e-04	1.20e-02	9.90e-02	2.79e-01	3.45e-01	1.58e-01	6.04e-02	4.44e-02	1.64e-03	1.98e-05
 2.51928e+22	2.14e-30	2.05e-22	1.09e-18	1.26e-15	3.43e-13	3.89e-11	1.92e-09	2.05e-06	3.27e-04	1.29e-02	1.04e-01	2.85e-01	3.44e-01	1.54e-01	5.73e-02	4.11e-02	1.48e-03	1.73e-05
 2.55594e+22	2.79e-30	2.72e-22	1.41e-18	1.60e-15	4.24e-13	4.68e-11	2.24e-09	2.32e-06	3.62e-04	1.39e-02	1.10e-01	2.92e-01	3.42e-01	1.49e-01	5.41e-02	3.78e-02	1.32e-03	1.49e-05
 2.60361e+22	3.89e-30	3.89e-22	1.96e-18	2.17e-15	5.55e-13	5.91e-11	2.73e-09	2.71e-06	4.10e-04	1.54e-02	1.17e-01	3.00e-01	3.40e-01	1.42e-01	5.02e-02	3.39e-02	1.14e-03	1.24e-05
 2.65304e+22	5.41e-30	5.61e-22	2.76e-18	2.95e-15	7.32e-13	7.51e-11	3.34e-09	3.18e-06	4.67e-04	1.70e-02	1.25e-01	3.07e-01	3.36e-01	1.36e-01	4.63e-02	3.03e-02	9.74e-04	1.02e-05
 2.69418e+22	7.04e-30	7.55e-22	3.62e-18	3.78e-15	9.14e-13	9.11e-11	3.93e-09	3.62e-06	5.18e-04	1.83e-02	1.32e-01	3.14e-01	3.33e-01	1.31e-01	4.34e-02	2.76e-02	8.59e-04	8.68e-06
 2.73706e+22	9.21e-30	1.02e-21	4.76e-18	4.85e-15	1.14e-12	1.11e-10	4.63e-09	4.13e-06	5.74e-04	1.98e-02	1.39e-01	3.19e-01	3.30e-01	1.25e-01	4.06e-02	2.51e-02	7.55e-04	7.39e-06
 2.79281e+22	1.29e-29	1.48e-21	6.73e-18	6.64e-15	1.51e-12	1.41e-10	5.69e-09	4.86e-06	6.54e-04	2.19e-02	1.48e-01	3.26e-01	3.24e-01	1.19e-01	3.72e-02	2.22e-02	6.42e-04	6.02e-06
 2.85167e+22	1.81e-29	2.19e-21	9.65e-18	9.22e-15	2.03e-12	1.82e-10	7.06e-09	5.77e-06	7.48e-04	2.42e-02	1.58e-01	3.33e-01	3.18e-01	1.12e-01	3.39e-02	1.95e-02	5.39e-04	4.85e-06
 2.90231e+22	2.39e-29	3.03e-21	1.30e-17	1.21e-14	2.59e-12	2.25e-10	8.45e-09	6.65e-06	8.37e-04	2.63e-02	1.66e-01	3.38e-01	3.13e-01	1.06e-01	3.13e-02	1.75e-02	4.66e-04	4.04e-06
 2.95587e+22	3.18e-29	4.22e-21	1.77e-17	1.60e-14	3.32e-12	2.79e-10	1.01e-08	7.68e-06	9.36e-04	2.86e-02	1.75e-01	3.43e-01	3.07e-01	1.01e-01	2.88e-02	1.56e-02	4.01e-04	3.35e-06
 3.01441e+22	4.30e-29	6.03e-21	2.46e-17	2.16e-14	4.34e-12	3.52e-10	1.23e-08	8.97e-06	1.06e-03	3.12e-02	1.85e-01	3.48e-01	3.00e-01	9.48e-02	2.63e-02	1.38e-02	3.40e-04	2.73e-06
 3.06736e+22	5.61e-29	8.26e-21	3.29e-17	2.81e-14	5.49e-12	4.33e-10	1.47e-08	1.03e-05	1.18e-03	3.37e-02	1.93e-01	3.52e-01	2.93e-01	8.98e-02	2.42e-02	1.23e-02	2.93e-04	2.27e-06
 3.12412e+22	7.39e-29	1.14e-20	4.43e-17	3.69e-14	7.00e-12	5.34e-10	1.75e-08	1.18e-05	1.31e-03	3.65e-02	2.03e-01	3.55e-01	2.86e-01	8.47e-02	2.22e-02	1.10e-02	2.52e-04	1.88e-06
 3.19791e+22	1.04e-28	1.71e-20	6.43e-17	5.17e-14	9.47e-12	6.94e-10	2.19e-08	1.41e-05	1.50e-03	4.02e-02	2.14e-01	3.58e-01	2.77e-01	7.86e-02	1.98e-02	9.48e-03	2.07e-04	1.48e-06
 3.27062e+22	1.43e-28	2.56e-20	9.30e-17	7.23e-14	1.28e-11	9.00e-10	2.72e-08	1.68e-05	1.71e-03	4.41e-02	2.26e-01	3.61e-01	2.68e-01	7.27e-02	1.77e-02	8.17e-03	1.71e-04	1.16e-06
 3.32510e+22	1.80e-28	3.41e-20	1.21e-16	9.19e-14	1.58e-11	1.08e-09	3.18e-08	1.90e-05	1.88e-03	4.72e-02	2.35e-01	3.63e-01	2.61e-01	6.87e-02	1.63e-02	7.33e-03	1.48e-04	9.75e-07
 3.37906e+22	2.26e-28	4.49e-20	1.56e-16	1.16e-13	1.95e-11	1.30e-09	3.70e-08	2.14e-05	2.06e-03	5.03e-02	2.43e-01	3.64e-01	2.54e-01	6.49e-02	1.51e-02	6.59e-03	1.29e-04	8.23e-07
 3.44922e+22	3.00e-28	6.35e-20	2.15e-16	1.55e-13	2.52e-11	1.62e-09	4.47e-08	2.48e-05	2.31e-03	5.44e-02	2.54e-01	3.64e-01	2.45e-01	6.04e-02	1.36e-02	5.76e-03	1.08e-04	6.64e-07
 3.52446e+22	4.04e-28	9.22e-20	3.03e-16	2.12e-13	3.33e-11	2.07e-09	5.49e-08	2.91e-05	2.60e-03	5.92e-02	2.66e-01	3.64e-01	2.35e-01	5.57e-02	1.21e-02	4.97e-03	8.94e-05	5.24e-07
 3.58975e+22	5.16e-28	1.26e-19	4.04e-16	2.75e-13	4.21e-11	2.53e-09	6.50e-08	3.32e-05	2.88e-03	6.34e-02	2.75e-01	3.64e-01	2.27e-01	5.19e-02	1.10e-02	4.38e-03	7.60e-05	4.29e-07
 3.65808e+22	6.65e-28	1.72e-19	5.40e-16	3.57e-13	5.32e-11	3.10e-09	7.72e-08	3.80e-05	3.19e-03	6.79e-02	2.85e-01	3.63e-01	2.19e-01	4.83e-02	9.94e-03	3.85e-03	6.43e-05	3.51e-07
 3.74691e+22	9.06e-28	2.54e-19	7.72e-16	4.95e-13	7.11e-11	3.98e-09	9.53e-08	4.48e-05	3.60e-03	7.38e-02	2.97e-01	3.61e-01	2.09e-01	4.41e-02	8.77e-03	3.28e-03	5.24e-05	2.73e-07
 3.83792e+22	1.24e-27	3.81e-19	1.12e-15	6.95e-13	9.64e-11	5.18e-09	1.19e-07	5.33e-05	4.10e-03	8.04e-02	3.10e-01	3.58e-01	1.98e-01	3.99e-02	7.66e-03	2.76e-03	4.19e-05	2.08e-07
 3.91065e+22	1.56e-27	5.19e-19	1.49e-15	9.01e-13	1.22e-10	6.34e-09	1.41e-07	6.08e-05	4.52e-03	8.58e-02	3.20e-01	3.55e-01	1.89e-01	3.69e-02	6.89e-03	2.41e-03	3.53e-05	1.68e-07
 3.98410e+22	1.98e-27	7.00e-19	1.97e-15	1.16e-12	1.52e-10	7.70e-09	1.66e-07	6.90e-05	4.96e-03	9.13e-02	3.29e-01	3.51e-01	1.81e-01	3.42e-02	6.21e-03	2.11e-03	2.98e-05	1.37e-07
 4.07958e+22	2.65e-27	1.02e-18	2.79e-15	1.59e-12	2.02e-10	9.84e-09	2.04e-07	8.09e-05	5.58e-03	9.86e-02	3.40e-01	3.46e-01	1.71e-01	3.09e-02	5.43e-03	1.78e-03	2.40e-05	0.00e+00
 4.17357e+22	3.48e-27	1.48e-18	3.93e-15	2.17e-12	2.67e-10	1.25e-08	2.50e-07	9.47e-05	6.26e-03	1.06e-01	3.51e-01	3.41e-01	1.61e-01	2.79e-02	4.74e-03	1.50e-03	1.93e-05	0.00e+00
 4.24372e+22	4.24e-27	1.93e-18	5.02e-15	2.72e-12	3.26e-10	1.49e-08	2.89e-07	1.06e-04	6.79e-03	1.12e-01	3.59e-01	3.36e-01	1.54e-01	2.59e-02	4.30e-03	1.33e-03	1.65e-05	0.00e+00
 4.31304e+22	5.14e-27	2.48e-18	6.35e-15	3.37e-12	3.95e-10	1.76e-08	3.33e-07	1.18e-04	7.35e-03	1.18e-01	3.66e-01	3.32e-01	1.48e-01	2.40e-02	3.90e-03	1.18e-03	1.42e-05	0.00e+00
 4.40316e+22	6.58e-27	3.42e-18	8.55e-15	4.42e-12	5.05e-10	2.18e-08	3.98e-07	1.35e-04	8.11e-03	1.25e-01	3.75e-01	3.26e-01	1.39e-01	2.18e-02	3.45e-03	1.01e-03	1.17e-05	0.00e+00
 4.49965e+22	8.40e-27	4.80e-18	1.17e-14	5.89e-12	6.52e-10	2.72e-08	4.80e-07	1.56e-04	8.99e-03	1.34e-01	3.84e-01	3.19e-01	1.31e-01	1.97e-02	3.02e-03	8.54e-04	9.45e-06	0.00e+00
 4.58410e+22	1.03e-26	6.40e-18	1.53e-14	7.52e-12	8.13e-10	3.29e-08	5.64e-07	1.77e-04	9.82e-03	1.41e-01	3.92e-01	3.12e-01	1.24e-01	1.80e-02	2.69e-03	7.39e-04	7.87e-06	0.00e+00
 4.67353e+22	1.28e-26	8.54e-18	2.00e-14	9.62e-12	1.01e-09	3.98e-08	6.63e-07	2.00e-04	1.07e-02	1.49e-01	3.99e-01	3.05e-01	1.17e-01	1.64e-02	2.38e-03	6.37e-04	6.53e-06	0.00e+00
 4.78979e+22	1.67e-26	1.23e-17	2.81e-14	1.31e-11	1.34e-09	5.08e-08	8.14e-07	2.34e-04	1.20e-02	1.59e-01	4.07e-01	2.96e-01	1.08e-01	1.45e-02	2.04e-03	5.27e-04	5.14e-06	0.00e+00
 4.90807e+22	2.17e-26	1.78e-17	3.97e-14	1.80e-11	1.79e-09	6.51e-08	1.00e-06	2.74e-04	1.34e-02	1.70e-01	4.15e-01	2.86e-01	9.97e-02	1.28e-02	1.74e-03	4.31e-04	4.01e-06	0.00e+00
 5.00196e+22	2.62e-26	2.36e-17	5.17e-14	2.30e-11	2.22e-09	7.88e-08	1.18e-06	3.10e-04	1.46e-02	1.79e-01	4.21e-01	2.78e-01	9.34e-02	1.15e-02	1.53e-03	3.69e-04	3.30e-06	0.00e+00
 5.09701e+22	3.18e-26	3.08e-17	6.65e-14	2.90e-11	2.75e-09	9.47e-08	1.38e-06	3.48e-04	1.59e-02	1.88e-01	4.26e-01	2.70e-01	8.76e-02	1.04e-02	1.35e-03	3.17e-04	2.72e-06	0.00e+00
 5.22056e+22	4.03e-26	4.32e-17	9.14e-14	3.89e-11	3.58e-09	1.19e-07	1.68e-06	4.04e-04	1.76e-02	1.99e-01	4.32e-01	2.60e-01	8.05e-02	9.18e-03	1.16e-03	2.61e-04	2.14e-06	0.00e+00
 5.35220e+22	5.11e-26	6.17e-17	1.28e-13	5.31e-11	4.75e-09	1.53e-07	2.07e-06	4.73e-04	1.96e-02	2.12e-01	4.37e-01	2.49e-01	7.33e-02	7.97e-03	9.71e-04	2.11e-04	1.64e-06	0.00e+00
 5.46506e+22	6.18e-26	8.29e-17	1.69e-13	6.90e-11	6.04e-09	1.88e-07	2.48e-06	5.41e-04	2.15e-02	2.23e-01	4.40e-01	2.39e-01	6.75e-02	7.05e-03	8.36e-04	1.75e-04	1.30e-06	0.00e+00
 5.58246e+22	7.44e-26	1.10e-16	2.22e-13	8.87e-11	7.58e-09	2.30e-07	2.94e-06	6.14e-04	2.34e-02	2.34e-01	4.43e-01	2.29e-01	6.23e-02	6.25e-03	7.23e-04	1.47e-04	1.05e-06	0.00e+00
 5.73508e+22	9.35e-26	1.57e-16	3.12e-13	1.22e-10	1.01e-08	2.97e-07	3.66e-06	7.23e-04	2.61e-02	2.49e-01	4.45e-01	2.17e-01	5.59e-02	5.34e-03	5.98e-04	1.17e-04	7.86e-07	0.00e+00
 5.89135e+22	1.17e-25	2.26e-16	4.41e-13	1.68e-10	1.37e-08	3.86e-07	4.58e-06	8.54e-04	2.92e-02	2.64e-01	4.47e-01	2.05e-01	4.99e-02	4.52e-03	4.90e-04	9.13e-05	5.82e-07	0.00e+00
 6.01678e+22	1.37e-25	2.98e-16	5.77e-13	2.17e-10	1.73e-08	4.75e-07	5.49e-06	9.75e-04	3.19e-02	2.76e-01	4.47e-01	1.95e-01	4.54e-02	3.94e-03	4.17e-04	7.50e-05	4.56e-07	0.00e+00
 6.12326e+22	1.55e-25	3.72e-16	7.15e-13	2.65e-10	2.08e-08	5.59e-07	6.31e-06	1.08e-03	3.42e-02	2.86e-01	4.46e-01	1.87e-01	4.21e-02	3.54e-03	3.67e-04	6.41e-05	3.76e-07	0.00e+00
 6.24067e+22	1.78e-25	4.69e-16	8.96e-13	3.29e-10	2.53e-08	6.66e-07	7.35e-06	1.21e-03	3.68e-02	2.97e-01	4.45e-01	1.78e-01	3.87e-02	3.14e-03	3.18e-04	5.40e-05	3.05e-07	0.00e+00
 6.39331e+22	2.10e-25	6.25e-16	1.19e-12	4.29e-10	3.25e-08	8.30e-07	8.91e-06	1.39e-03	4.04e-02	3.10e-01	4.43e-01	1.68e-01	3.47e-02	2.69e-03	2.66e-04	4.34e-05	2.33e-07	0.00e+00
 6.55559e+22	2.47e-25	8.46e-16	1.60e-12	5.69e-10	4.23e-08	1.05e-06	1.09e-05	1.62e-03	4.45e-02	3.25e-01	4.39e-01	1.57e-01	3.08e-02	2.27e-03	2.19e-04	3.42e-05	1.74e-07	0.00e+00
 6.69480e+22	2.82e-25	1.08e-15	2.04e-12	7.21e-10	5.27e-08	1.28e-06	1.30e-05	1.83e-03	4.82e-02	3.37e-01	4.35e-01	1.48e-01	2.78e-02	1.97e-03	1.85e-04	2.79e-05	1.36e-07	0.00e+00
 6.81910e+22	3.14e-25	1.34e-15	2.52e-12	8.80e-10	6.36e-08	1.51e-06	1.51e-05	2.04e-03	5.16e-02	3.48e-01	4.31e-01	1.40e-01	2.54e-02	1.74e-03	1.60e-04	2.34e-05	0.00e+00	0.00e+00
 6.95961e+22	3.52e-25	1.66e-15	3.14e-12	1.09e-09	7.76e-08	1.81e-06	1.76e-05	2.29e-03	5.55e-02	3.59e-01	4.26e-01	1.32e-01	2.30e-02	1.51e-03	1.37e-04	1.94e-05	0.00e+00	0.00e+00
 7.14227e+22	4.04e-25	2.18e-15	4.12e-12	1.41e-09	9.96e-08	2.26e-06	2.15e-05	2.64e-03	6.08e-02	3.73e-01	4.19e-01	1.22e-01	2.02e-02	1.27e-03	1.12e-04	1.52e-05	0.00e+00	0.00e+00
 7.33272e+22	4.63e-25	2.89e-15	5.49e-12	1.87e-09	1.30e-07	2.86e-06	2.65e-05	3.07e-03	6.68e-02	3.88e-01	4.11e-01	1.13e-01	1.76e-02	1.05e-03	9.02e-05	1.17e-05	0.00e+00	0.00e+00
 7.48928e+22	5.13e-25	3.61e-15	6.88e-12	2.32e-09	1.60e-07	3.45e-06	3.14e-05	3.47e-03	7.19e-02	4.00e-01	4.03e-01	1.05e-01	1.57e-02	9.03e-04	7.57e-05	9.49e-06	0.00e+00	0.00e+00
 7.64878e+22	5.66e-25	4.41e-15	8.48e-12	2.85e-09	1.94e-07	4.11e-06	3.67e-05	3.88e-03	7.70e-02	4.10e-01	3.96e-01	9.81e-02	1.41e-02	7.81e-04	6.42e-05	7.78e-06	0.00e+00	0.00e+00
 7.85614e+22	6.39e-25	5.66e-15	1.10e-11	3.66e-09	2.47e-07	5.11e-06	4.46e-05	4.46e-03	8.38e-02	4.23e-01	3.86e-01	9.00e-02	1.23e-02	6.49e-04	5.21e-05	6.05e-06	0.00e+00	0.00e+00
 8.07601e+22	7.24e-25	7.38e-15	1.45e-11	4.80e-09	3.19e-07	6.46e-06	5.50e-05	5.19e-03	9.17e-02	4.36e-01	3.74e-01	8.17e-02	1.06e-02	5.30e-04	4.15e-05	4.60e-06	0.00e+00	0.00e+00
 8.26214e+22	7.99e-25	9.14e-15	1.81e-11	5.98e-09	3.94e-07	7.82e-06	6.54e-05	5.86e-03	9.86e-02	4.46e-01	3.64e-01	7.53e-02	9.30e-03	4.48e-04	3.43e-05	3.66e-06	0.00e+00	0.00e+00
 8.45412e+22	8.79e-25	1.11e-14	2.23e-11	7.33e-09	4.80e-07	9.35e-06	7.69e-05	6.57e-03	1.05e-01	4.56e-01	3.54e-01	6.96e-02	8.23e-03	3.81e-04	2.86e-05	2.95e-06	0.00e+00	0.00e+00
 8.70371e+22	9.93e-25	1.42e-14	2.89e-11	9.44e-09	6.12e-07	1.17e-05	9.39e-05	7.57e-03	1.15e-01	4.67e-01	3.41e-01	6.29e-02	7.05e-03	3.12e-04	2.29e-05	2.25e-06	0.00e+00	0.00e+00
 8.96974e+22	1.13e-24	1.84e-14	3.82e-11	1.24e-08	7.95e-07	1.48e-05	1.17e-04	8.81e-03	1.25e-01	4.77e-01	3.26e-01	5.62e-02	5.95e-03	2.50e-04	1.79e-05	1.68e-06	0.00e+00	0.00e+00
 9.19759e+22	1.26e-24	2.28e-14	4.80e-11	1.55e-08	9.87e-07	1.80e-05	1.39e-04	9.99e-03	1.34e-01	4.85e-01	3.14e-01	5.11e-02	5.15e-03	2.07e-04	1.45e-05	1.31e-06	0.00e+00	0.00e+00
 9.43426e+22	1.40e-24	2.77e-14	5.94e-11	1.91e-08	1.20e-06	2.16e-05	1.64e-04	1.12e-02	1.43e-01	4.92e-01	3.02e-01	4.66e-02	4.50e-03	1.74e-04	1.19e-05	1.04e-06	0.00e+00	0.00e+00
 9.68913e+22	1.57e-24	3.41e-14	7.48e-11	2.39e-08	1.50e-06	2.63e-05	1.98e-04	1.28e-02	1.53e-01	4.99e-01	2.89e-01	4.20e-02	3.85e-03	1.43e-04	9.60e-06	8.00e-07	0.00e+00	0.00e+00
 9.90786e+22	1.74e-24	4.11e-14	9.12e-11	2.90e-08	1.80e-06	3.11e-05	2.30e-04	1.42e-02	1.62e-01	5.03e-01	2.78e-01	3.85e-02	3.39e-03	1.21e-04	8.00e-06	6.45e-07	0.00e+00	0.00e+00
