#depth	N	N+	N+2	N+3	N+4	N+5	N+6	N+7
 6.17135e+19	0.00e+00	1.28e-32	3.42e-25	8.75e-19	4.55e-13	8.04e-08	4.06e-04	1.00e+00
 1.87609e+20	0.00e+00	2.22e-32	5.32e-25	1.22e-18	5.72e-13	9.45e-08	4.47e-04	1.00e+00
 3.18540e+20	0.00e+00	3.87e-32	8.28e-25	1.70e-18	7.18e-13	1.11e-07	4.92e-04	1.00e+00
 4.54709e+20	0.00e+00	6.78e-32	1.29e-24	2.38e-18	8.98e-13	1.31e-07	5.43e-04	9.99e-01
 5.47369e+20	0.00e+00	9.85e-32	1.74e-24	2.96e-18	1.04e-12	1.46e-07	5.80e-04	9.99e-01
 5.83446e+20	0.00e+00	1.14e-31	1.96e-24	3.23e-18	1.10e-12	1.52e-07	5.95e-04	9.99e-01
 6.12971e+20	0.00e+00	1.28e-31	2.14e-24	3.45e-18	1.15e-12	1.57e-07	6.07e-04	9.99e-01
 6.51354e+20	0.00e+00	1.48e-31	2.41e-24	3.77e-18	1.22e-12	1.64e-07	6.23e-04	9.99e-01
 7.01251e+20	0.00e+00	1.80e-31	2.80e-24	4.21e-18	1.31e-12	1.73e-07	6.45e-04	9.99e-01
 7.66118e+20	0.00e+00	2.30e-31	3.41e-24	4.86e-18	1.44e-12	1.85e-07	6.74e-04	9.99e-01
 8.31573e+20	0.00e+00	2.95e-31	4.14e-24	5.61e-18	1.58e-12	1.99e-07	7.05e-04	9.99e-01
 8.83269e+20	0.00e+00	3.58e-31	4.83e-24	6.27e-18	1.70e-12	2.10e-07	7.30e-04	9.99e-01
 9.35948e+20	0.00e+00	4.35e-31	5.62e-24	7.01e-18	1.83e-12	2.22e-07	7.56e-04	9.99e-01
 1.00443e+21	0.00e+00	5.57e-31	6.83e-24	8.08e-18	2.00e-12	2.37e-07	7.90e-04	9.99e-01
 1.07257e+21	0.00e+00	7.14e-31	8.30e-24	9.30e-18	2.18e-12	2.54e-07	8.27e-04	9.99e-01
 1.12439e+21	0.00e+00	8.57e-31	9.57e-24	1.03e-17	2.33e-12	2.67e-07	8.54e-04	9.99e-01
 1.17588e+21	0.00e+00	1.03e-30	1.10e-23	1.14e-17	2.49e-12	2.81e-07	8.83e-04	9.99e-01
 1.24282e+21	0.00e+00	1.30e-30	1.32e-23	1.30e-17	2.70e-12	3.00e-07	9.21e-04	9.99e-01
 1.31268e+21	0.00e+00	1.65e-30	1.59e-23	1.49e-17	2.94e-12	3.20e-07	9.62e-04	9.99e-01
 1.36899e+21	0.00e+00	2.00e-30	1.85e-23	1.66e-17	3.14e-12	3.37e-07	9.97e-04	9.99e-01
 1.41733e+21	0.00e+00	2.35e-30	2.10e-23	1.81e-17	3.32e-12	3.53e-07	1.03e-03	9.99e-01
 1.47267e+21	0.00e+00	2.81e-30	2.42e-23	2.01e-17	3.53e-12	3.71e-07	1.06e-03	9.99e-01
 1.54461e+21	0.00e+00	3.58e-30	2.91e-23	2.29e-17	3.82e-12	3.95e-07	1.11e-03	9.99e-01
 1.61736e+21	0.00e+00	4.53e-30	3.50e-23	2.61e-17	4.14e-12	4.22e-07	1.16e-03	9.99e-01
 1.67564e+21	0.00e+00	5.47e-30	4.04e-23	2.89e-17	4.40e-12	4.44e-07	1.20e-03	9.99e-01
 1.73586e+21	0.00e+00	6.62e-30	4.69e-23	3.21e-17	4.68e-12	4.67e-07	1.24e-03	9.99e-01
 1.80309e+21	0.00e+00	8.18e-30	5.52e-23	3.60e-17	5.02e-12	4.95e-07	1.29e-03	9.99e-01
 1.86552e+21	0.00e+00	9.93e-30	6.41e-23	4.00e-17	5.34e-12	5.22e-07	1.34e-03	9.99e-01
 1.92334e+21	0.00e+00	1.19e-29	7.36e-23	4.41e-17	5.65e-12	5.48e-07	1.39e-03	9.99e-01
 1.98906e+21	0.00e+00	1.45e-29	8.58e-23	4.91e-17	6.03e-12	5.78e-07	1.44e-03	9.99e-01
 2.06212e+21	0.00e+00	1.81e-29	1.02e-22	5.53e-17	6.46e-12	6.14e-07	1.50e-03	9.99e-01
 2.12971e+21	0.00e+00	2.21e-29	1.19e-22	6.17e-17	6.89e-12	6.49e-07	1.56e-03	9.98e-01
 2.19263e+21	0.00e+00	2.66e-29	1.37e-22	6.82e-17	7.30e-12	6.82e-07	1.61e-03	9.98e-01
 2.26452e+21	0.00e+00	3.27e-29	1.61e-22	7.63e-17	7.80e-12	7.23e-07	1.68e-03	9.98e-01
 2.34250e+21	0.00e+00	4.09e-29	1.91e-22	8.61e-17	8.37e-12	7.69e-07	1.75e-03	9.98e-01
 2.41228e+21	0.00e+00	4.99e-29	2.22e-22	9.58e-17	8.91e-12	8.12e-07	1.81e-03	9.98e-01
 2.47567e+21	0.00e+00	5.96e-29	2.55e-22	1.06e-16	9.43e-12	8.53e-07	1.87e-03	9.98e-01
 2.54688e+21	0.00e+00	7.25e-29	2.97e-22	1.17e-16	1.00e-11	9.01e-07	1.94e-03	9.98e-01
 2.62678e+21	0.00e+00	9.02e-29	3.51e-22	1.32e-16	1.08e-11	9.58e-07	2.02e-03	9.98e-01
 2.70183e+21	0.00e+00	1.10e-28	4.11e-22	1.48e-16	1.15e-11	1.01e-06	2.10e-03	9.98e-01
 2.77214e+21	0.00e+00	1.33e-28	4.75e-22	1.64e-16	1.22e-11	1.07e-06	2.17e-03	9.98e-01
 2.85245e+21	0.00e+00	1.64e-28	5.59e-22	1.84e-16	1.31e-11	1.14e-06	2.26e-03	9.98e-01
 2.93870e+21	0.00e+00	2.06e-28	6.65e-22	2.08e-16	1.41e-11	1.21e-06	2.35e-03	9.98e-01
 3.01455e+21	0.00e+00	2.50e-28	7.74e-22	2.31e-16	1.50e-11	1.28e-06	2.44e-03	9.98e-01
 3.09500e+21	0.00e+00	3.06e-28	9.06e-22	2.59e-16	1.61e-11	1.36e-06	2.53e-03	9.97e-01
 3.18542e+21	0.00e+00	3.83e-28	1.08e-21	2.94e-16	1.74e-11	1.45e-06	2.63e-03	9.97e-01
 3.27072e+21	0.00e+00	4.72e-28	1.27e-21	3.30e-16	1.87e-11	1.55e-06	2.74e-03	9.97e-01
 3.35110e+21	0.00e+00	5.74e-28	1.48e-21	3.68e-16	2.00e-11	1.64e-06	2.83e-03	9.97e-01
 3.44314e+21	0.00e+00	7.14e-28	1.76e-21	4.17e-16	2.16e-11	1.75e-06	2.95e-03	9.97e-01
 3.54606e+21	0.00e+00	9.09e-28	2.13e-21	4.79e-16	2.35e-11	1.88e-06	3.08e-03	9.97e-01
 3.63785e+21	0.00e+00	1.12e-27	2.51e-21	5.41e-16	2.54e-11	2.00e-06	3.19e-03	9.97e-01
 3.71733e+21	0.00e+00	1.35e-27	2.90e-21	6.00e-16	2.71e-11	2.12e-06	3.30e-03	9.97e-01
 3.80607e+21	0.00e+00	1.64e-27	3.38e-21	6.72e-16	2.92e-11	2.24e-06	3.41e-03	9.97e-01
 3.92143e+21	0.00e+00	2.12e-27	4.15e-21	7.81e-16	3.20e-11	2.43e-06	3.57e-03	9.96e-01
 4.03832e+21	0.00e+00	2.74e-27	5.08e-21	9.06e-16	3.53e-11	2.63e-06	3.73e-03	9.96e-01
 4.13323e+21	0.00e+00	3.36e-27	5.97e-21	1.02e-15	3.81e-11	2.79e-06	3.87e-03	9.96e-01
 4.23267e+21	0.00e+00	4.14e-27	7.05e-21	1.16e-15	4.13e-11	2.98e-06	4.01e-03	9.96e-01
 4.36193e+21	0.00e+00	5.41e-27	8.73e-21	1.35e-15	4.58e-11	3.24e-06	4.20e-03	9.96e-01
 4.48895e+21	0.00e+00	7.01e-27	1.07e-20	1.58e-15	5.08e-11	3.51e-06	4.39e-03	9.96e-01
 4.58490e+21	0.00e+00	8.51e-27	1.25e-20	1.77e-15	5.48e-11	3.73e-06	4.53e-03	9.95e-01
 4.68151e+21	0.00e+00	1.03e-26	1.46e-20	1.99e-15	5.92e-11	3.96e-06	4.68e-03	9.95e-01
 4.80711e+21	0.00e+00	1.32e-26	1.78e-20	2.31e-15	6.53e-11	4.27e-06	4.88e-03	9.95e-01
 4.94119e+21	0.00e+00	1.70e-26	2.19e-20	2.70e-15	7.25e-11	4.63e-06	5.10e-03	9.95e-01
 5.05786e+21	0.00e+00	2.12e-26	2.61e-20	3.08e-15	7.94e-11	4.96e-06	5.29e-03	9.95e-01
 5.18109e+21	0.00e+00	2.67e-26	3.14e-20	3.54e-15	8.72e-11	5.32e-06	5.50e-03	9.94e-01
 5.31926e+21	0.00e+00	3.45e-26	3.86e-20	4.14e-15	9.69e-11	5.77e-06	5.73e-03	9.94e-01
 5.44961e+21	0.00e+00	4.36e-26	4.67e-20	4.78e-15	1.07e-10	6.21e-06	5.96e-03	9.94e-01
 5.59183e+21	1.44e-33	5.62e-26	5.72e-20	5.59e-15	1.19e-10	6.72e-06	6.22e-03	9.94e-01
 5.74031e+21	1.97e-33	7.29e-26	7.07e-20	6.56e-15	1.33e-10	7.30e-06	6.49e-03	9.94e-01
 5.86509e+21	2.55e-33	9.05e-26	8.42e-20	7.50e-15	1.46e-10	7.81e-06	6.73e-03	9.93e-01
 5.99549e+21	3.32e-33	1.13e-25	1.01e-19	8.60e-15	1.60e-10	8.37e-06	6.98e-03	9.93e-01
 6.16501e+21	4.66e-33	1.50e-25	1.27e-19	1.03e-14	1.81e-10	9.15e-06	7.31e-03	9.93e-01
 6.33792e+21	6.56e-33	2.00e-25	1.60e-19	1.23e-14	2.05e-10	1.00e-05	7.66e-03	9.92e-01
 6.47627e+21	8.58e-33	2.51e-25	1.93e-19	1.41e-14	2.26e-10	1.08e-05	7.94e-03	9.92e-01
 6.61718e+21	1.12e-32	3.15e-25	2.32e-19	1.63e-14	2.49e-10	1.15e-05	8.24e-03	9.92e-01
 6.80035e+21	1.58e-32	4.21e-25	2.93e-19	1.95e-14	2.83e-10	1.26e-05	8.63e-03	9.91e-01
 6.98954e+21	2.26e-32	5.67e-25	3.74e-19	2.35e-14	3.22e-10	1.39e-05	9.06e-03	9.91e-01
 7.14532e+21	3.00e-32	7.21e-25	4.55e-19	2.74e-14	3.58e-10	1.50e-05	9.41e-03	9.91e-01
 7.27635e+21	3.81e-32	8.82e-25	5.36e-19	3.11e-14	3.91e-10	1.60e-05	9.72e-03	9.90e-01
 7.41646e+21	4.91e-32	1.09e-24	6.38e-19	3.55e-14	4.29e-10	1.71e-05	1.01e-02	9.90e-01
 7.59860e+21	6.76e-32	1.43e-24	7.95e-19	4.21e-14	4.84e-10	1.86e-05	1.05e-02	9.89e-01
 7.78416e+21	9.37e-32	1.88e-24	9.96e-19	5.01e-14	5.47e-10	2.02e-05	1.10e-02	9.89e-01
 7.93274e+21	1.21e-31	2.34e-24	1.19e-18	5.75e-14	6.03e-10	2.16e-05	1.13e-02	9.89e-01
 8.08445e+21	1.57e-31	2.92e-24	1.42e-18	6.61e-14	6.65e-10	2.32e-05	1.17e-02	9.88e-01
 8.24493e+21	2.07e-31	3.68e-24	1.72e-18	7.65e-14	7.37e-10	2.49e-05	1.22e-02	9.88e-01
 8.38202e+21	2.62e-31	4.49e-24	2.02e-18	8.68e-14	8.06e-10	2.65e-05	1.26e-02	9.87e-01
 8.52543e+21	3.33e-31	5.50e-24	2.39e-18	9.87e-14	8.82e-10	2.82e-05	1.30e-02	9.87e-01
 8.68666e+21	4.34e-31	6.88e-24	2.87e-18	1.14e-13	9.76e-10	3.03e-05	1.34e-02	9.87e-01
 8.83882e+21	5.58e-31	8.52e-24	3.42e-18	1.30e-13	1.07e-09	3.23e-05	1.39e-02	9.86e-01
 8.98049e+21	7.04e-31	1.04e-23	4.02e-18	1.48e-13	1.17e-09	3.43e-05	1.43e-02	9.86e-01
 9.11276e+21	8.75e-31	1.25e-23	4.67e-18	1.66e-13	1.27e-09	3.63e-05	1.47e-02	9.85e-01
 9.23662e+21	1.07e-30	1.47e-23	5.36e-18	1.85e-13	1.38e-09	3.83e-05	1.51e-02	9.85e-01
 9.37758e+21	1.34e-30	1.79e-23	6.28e-18	2.09e-13	1.50e-09	4.06e-05	1.56e-02	9.84e-01
 9.53314e+21	1.72e-30	2.21e-23	7.47e-18	2.39e-13	1.65e-09	4.34e-05	1.61e-02	9.84e-01
 9.67520e+21	2.16e-30	2.68e-23	8.75e-18	2.71e-13	1.80e-09	4.60e-05	1.66e-02	9.83e-01
 9.80624e+21	2.67e-30	3.20e-23	1.01e-17	3.03e-13	1.95e-09	4.86e-05	1.70e-02	9.83e-01
 9.95544e+21	3.37e-30	3.90e-23	1.19e-17	3.44e-13	2.13e-09	5.16e-05	1.75e-02	9.82e-01
 1.01224e+22	4.38e-30	4.87e-23	1.43e-17	3.96e-13	2.36e-09	5.52e-05	1.81e-02	9.82e-01
 1.02770e+22	5.59e-30	5.99e-23	1.69e-17	4.52e-13	2.59e-09	5.88e-05	1.87e-02	9.81e-01
 1.04107e+22	6.89e-30	7.15e-23	1.96e-17	5.07e-13	2.81e-09	6.21e-05	1.92e-02	9.81e-01
 1.05523e+22	8.58e-30	8.61e-23	2.28e-17	5.71e-13	3.06e-09	6.57e-05	1.98e-02	9.80e-01
 1.07113e+22	1.10e-29	1.06e-22	2.71e-17	6.53e-13	3.36e-09	7.01e-05	2.04e-02	9.80e-01
 1.08598e+22	1.38e-29	1.29e-22	3.19e-17	7.40e-13	3.68e-09	7.43e-05	2.10e-02	9.79e-01
 1.09966e+22	1.71e-29	1.55e-22	3.70e-17	8.31e-13	3.99e-09	7.85e-05	2.16e-02	9.78e-01
 1.11514e+22	2.17e-29	1.89e-22	4.36e-17	9.45e-13	4.37e-09	8.34e-05	2.22e-02	9.78e-01
 1.13230e+22	2.83e-29	2.37e-22	5.25e-17	1.09e-12	4.84e-09	8.93e-05	2.30e-02	9.77e-01
 1.14800e+22	3.62e-29	2.92e-22	6.24e-17	1.25e-12	5.33e-09	9.51e-05	2.37e-02	9.76e-01
 1.16222e+22	4.48e-29	3.50e-22	7.24e-17	1.40e-12	5.78e-09	1.00e-04	2.44e-02	9.76e-01
 1.17814e+22	5.71e-29	4.30e-22	8.57e-17	1.60e-12	6.35e-09	1.07e-04	2.51e-02	9.75e-01
 1.19546e+22	7.45e-29	5.38e-22	1.03e-16	1.85e-12	7.04e-09	1.14e-04	2.60e-02	9.74e-01
 1.21094e+22	9.51e-29	6.63e-22	1.22e-16	2.12e-12	7.74e-09	1.22e-04	2.68e-02	9.73e-01
 1.22466e+22	1.16e-28	7.87e-22	1.41e-16	2.36e-12	8.37e-09	1.28e-04	2.74e-02	9.72e-01
 1.23975e+22	1.46e-28	9.56e-22	1.66e-16	2.68e-12	9.15e-09	1.36e-04	2.82e-02	9.72e-01
 1.25937e+22	1.97e-28	1.23e-21	2.04e-16	3.15e-12	1.03e-08	1.46e-04	2.93e-02	9.71e-01
 1.27901e+22	2.66e-28	1.59e-21	2.52e-16	3.72e-12	1.15e-08	1.58e-04	3.04e-02	9.69e-01
 1.29407e+22	3.36e-28	1.93e-21	2.96e-16	4.22e-12	1.26e-08	1.68e-04	3.13e-02	9.69e-01
 1.30904e+22	4.21e-28	2.34e-21	3.47e-16	4.78e-12	1.38e-08	1.78e-04	3.22e-02	9.68e-01
 1.32850e+22	5.64e-28	3.00e-21	4.26e-16	5.61e-12	1.54e-08	1.91e-04	3.34e-02	9.66e-01
 1.34850e+22	7.64e-28	3.89e-21	5.28e-16	6.63e-12	1.74e-08	2.07e-04	3.46e-02	9.65e-01
 1.36468e+22	9.82e-28	4.81e-21	6.30e-16	7.62e-12	1.91e-08	2.20e-04	3.57e-02	9.64e-01
 1.38121e+22	1.25e-27	5.91e-21	7.46e-16	8.70e-12	2.10e-08	2.34e-04	3.68e-02	9.63e-01
 1.40268e+22	1.72e-27	7.74e-21	9.34e-16	1.04e-11	2.38e-08	2.54e-04	3.83e-02	9.61e-01
 1.42450e+22	2.38e-27	1.02e-20	1.18e-15	1.24e-11	2.71e-08	2.76e-04	3.98e-02	9.60e-01
 1.44168e+22	3.09e-27	1.28e-20	1.41e-15	1.44e-11	3.00e-08	2.94e-04	4.11e-02	9.59e-01
 1.45892e+22	3.95e-27	1.57e-20	1.68e-15	1.65e-11	3.30e-08	3.13e-04	4.24e-02	9.57e-01
 1.48135e+22	5.45e-27	2.07e-20	2.11e-15	1.97e-11	3.75e-08	3.40e-04	4.41e-02	9.56e-01
 1.50477e+22	7.63e-27	2.76e-20	2.68e-15	2.37e-11	4.28e-08	3.71e-04	4.60e-02	9.54e-01
 1.52337e+22	9.94e-27	3.46e-20	3.23e-15	2.75e-11	4.75e-08	3.97e-04	4.75e-02	9.52e-01
 1.53857e+22	1.23e-26	4.14e-20	3.76e-15	3.10e-11	5.17e-08	4.19e-04	4.88e-02	9.51e-01
 1.55553e+22	1.55e-26	5.05e-20	4.43e-15	3.53e-11	5.67e-08	4.45e-04	5.02e-02	9.49e-01
 1.57757e+22	2.08e-26	6.49e-20	5.47e-15	4.17e-11	6.38e-08	4.80e-04	5.21e-02	9.47e-01
 1.60068e+22	2.84e-26	8.46e-20	6.81e-15	4.96e-11	7.22e-08	5.20e-04	5.41e-02	9.45e-01
 1.62012e+22	3.66e-26	1.05e-19	8.17e-15	5.73e-11	8.00e-08	5.55e-04	5.59e-02	9.44e-01
 1.64029e+22	4.72e-26	1.31e-19	9.80e-15	6.62e-11	8.86e-08	5.94e-04	5.77e-02	9.42e-01
 1.66652e+22	6.52e-26	1.72e-19	1.24e-14	7.96e-11	1.01e-07	6.46e-04	6.01e-02	9.39e-01
 1.69325e+22	9.03e-26	2.28e-19	1.56e-14	9.59e-11	1.15e-07	7.04e-04	6.26e-02	9.37e-01
 1.71477e+22	1.17e-25	2.84e-19	1.88e-14	1.11e-10	1.28e-07	7.53e-04	6.47e-02	9.35e-01
 1.73688e+22	1.50e-25	3.52e-19	2.25e-14	1.28e-10	1.42e-07	8.05e-04	6.68e-02	9.32e-01
 1.76562e+22	2.07e-25	4.63e-19	2.83e-14	1.54e-10	1.62e-07	8.76e-04	6.95e-02	9.30e-01
 1.79546e+22	2.86e-25	6.13e-19	3.58e-14	1.86e-10	1.85e-07	9.56e-04	7.25e-02	9.27e-01
 1.82028e+22	3.73e-25	7.69e-19	4.33e-14	2.17e-10	2.07e-07	1.03e-03	7.49e-02	9.24e-01
 1.84149e+22	4.68e-25	9.35e-19	5.11e-14	2.47e-10	2.27e-07	1.09e-03	7.71e-02	9.22e-01
 1.86446e+22	5.83e-25	1.13e-18	5.99e-14	2.81e-10	2.49e-07	1.16e-03	7.94e-02	9.19e-01
 1.89432e+22	7.79e-25	1.45e-18	7.39e-14	3.32e-10	2.82e-07	1.25e-03	8.24e-02	9.16e-01
 1.92487e+22	1.05e-24	1.86e-18	9.15e-14	3.95e-10	3.19e-07	1.36e-03	8.55e-02	9.13e-01
 1.94954e+22	1.33e-24	2.29e-18	1.09e-13	4.54e-10	3.52e-07	1.45e-03	8.82e-02	9.10e-01
 1.97483e+22	1.65e-24	2.76e-18	1.28e-13	5.16e-10	3.87e-07	1.54e-03	9.07e-02	9.08e-01
 2.00770e+22	2.20e-24	3.53e-18	1.57e-13	6.10e-10	4.37e-07	1.66e-03	9.41e-02	9.04e-01
 2.04190e+22	2.95e-24	4.55e-18	1.95e-13	7.25e-10	4.95e-07	1.80e-03	9.77e-02	9.00e-01
 2.07034e+22	3.77e-24	5.63e-18	2.33e-13	8.38e-10	5.50e-07	1.93e-03	1.01e-01	8.97e-01
 2.09985e+22	4.73e-24	6.85e-18	2.75e-13	9.59e-10	6.06e-07	2.05e-03	1.04e-01	8.94e-01
 2.13218e+22	6.11e-24	8.53e-18	3.31e-13	1.12e-09	6.77e-07	2.20e-03	1.07e-01	8.90e-01
 2.16103e+22	7.62e-24	1.03e-17	3.90e-13	1.27e-09	7.45e-07	2.34e-03	1.11e-01	8.87e-01
 2.18731e+22	9.28e-24	1.22e-17	4.50e-13	1.43e-09	8.11e-07	2.47e-03	1.13e-01	8.84e-01
 2.21739e+22	1.15e-23	1.48e-17	5.28e-13	1.63e-09	8.91e-07	2.63e-03	1.17e-01	8.81e-01
 2.25648e+22	1.52e-23	1.88e-17	6.46e-13	1.92e-09	1.00e-06	2.84e-03	1.21e-01	8.76e-01
 2.29625e+22	2.00e-23	2.38e-17	7.92e-13	2.26e-09	1.13e-06	3.07e-03	1.25e-01	8.72e-01
 2.32814e+22	2.49e-23	2.87e-17	9.28e-13	2.57e-09	1.25e-06	3.26e-03	1.29e-01	8.68e-01
 2.36087e+22	3.07e-23	3.45e-17	1.08e-12	2.92e-09	1.37e-06	3.46e-03	1.32e-01	8.64e-01
 2.40342e+22	4.01e-23	4.34e-17	1.32e-12	3.42e-09	1.54e-06	3.73e-03	1.37e-01	8.59e-01
 2.44816e+22	5.29e-23	5.51e-17	1.62e-12	4.04e-09	1.73e-06	4.03e-03	1.42e-01	8.54e-01
 2.48610e+22	6.66e-23	6.73e-17	1.91e-12	4.64e-09	1.92e-06	4.30e-03	1.46e-01	8.50e-01
 2.51928e+22	8.08e-23	7.95e-17	2.21e-12	5.20e-09	2.09e-06	4.54e-03	1.50e-01	8.46e-01
 2.55594e+22	9.94e-23	9.52e-17	2.57e-12	5.89e-09	2.29e-06	4.81e-03	1.54e-01	8.41e-01
 2.60361e+22	1.29e-22	1.19e-16	3.12e-12	6.89e-09	2.57e-06	5.18e-03	1.59e-01	8.36e-01
 2.65304e+22	1.69e-22	1.51e-16	3.80e-12	8.10e-09	2.89e-06	5.59e-03	1.65e-01	8.30e-01
 2.69418e+22	2.10e-22	1.82e-16	4.45e-12	9.22e-09	3.18e-06	5.94e-03	1.69e-01	8.25e-01
 2.73706e+22	2.61e-22	2.19e-16	5.23e-12	1.05e-08	3.50e-06	6.32e-03	1.74e-01	8.20e-01
 2.79281e+22	3.43e-22	2.77e-16	6.39e-12	1.24e-08	3.94e-06	6.82e-03	1.80e-01	8.13e-01
 2.85167e+22	4.56e-22	3.55e-16	7.88e-12	1.47e-08	4.47e-06	7.39e-03	1.86e-01	8.06e-01
 2.90231e+22	5.78e-22	4.37e-16	9.39e-12	1.69e-08	4.97e-06	7.90e-03	1.92e-01	8.00e-01
 2.95587e+22	7.36e-22	5.38e-16	1.12e-11	1.96e-08	5.53e-06	8.46e-03	1.98e-01	7.94e-01
 3.01441e+22	9.55e-22	6.74e-16	1.36e-11	2.28e-08	6.20e-06	9.10e-03	2.04e-01	7.87e-01
 3.06736e+22	1.20e-21	8.22e-16	1.61e-11	2.62e-08	6.86e-06	9.70e-03	2.10e-01	7.80e-01
 3.12412e+22	1.52e-21	1.01e-15	1.91e-11	3.02e-08	7.62e-06	1.04e-02	2.16e-01	7.74e-01
 3.19791e+22	2.05e-21	1.30e-15	2.37e-11	3.61e-08	8.67e-06	1.13e-02	2.24e-01	7.65e-01
 3.27062e+22	2.74e-21	1.68e-15	2.94e-11	4.30e-08	9.87e-06	1.22e-02	2.32e-01	7.56e-01
 3.32510e+22	3.39e-21	2.01e-15	3.44e-11	4.87e-08	1.08e-05	1.30e-02	2.37e-01	7.50e-01
 3.37906e+22	4.15e-21	2.40e-15	3.99e-11	5.50e-08	1.18e-05	1.37e-02	2.43e-01	7.43e-01
 3.44922e+22	5.35e-21	2.99e-15	4.80e-11	6.40e-08	1.32e-05	1.47e-02	2.50e-01	7.35e-01
 3.52446e+22	7.05e-21	3.79e-15	5.89e-11	7.55e-08	1.50e-05	1.59e-02	2.58e-01	7.26e-01
 3.58975e+22	8.88e-21	4.63e-15	6.97e-11	8.67e-08	1.66e-05	1.69e-02	2.65e-01	7.18e-01
 3.65808e+22	1.12e-20	5.66e-15	8.27e-11	9.97e-08	1.83e-05	1.81e-02	2.72e-01	7.10e-01
 3.74691e+22	1.49e-20	7.24e-15	1.02e-10	1.18e-07	2.08e-05	1.95e-02	2.81e-01	6.99e-01
 3.83792e+22	2.02e-20	9.42e-15	1.28e-10	1.42e-07	2.38e-05	2.12e-02	2.91e-01	6.88e-01
 3.91065e+22	2.54e-20	1.15e-14	1.51e-10	1.63e-07	2.64e-05	2.26e-02	2.98e-01	6.79e-01
 3.98410e+22	3.18e-20	1.40e-14	1.78e-10	1.87e-07	2.91e-05	2.41e-02	3.06e-01	6.70e-01
 4.07958e+22	4.22e-20	1.78e-14	2.20e-10	2.21e-07	3.30e-05	2.60e-02	3.15e-01	6.59e-01
 4.17357e+22	5.59e-20	2.27e-14	2.70e-10	2.62e-07	3.74e-05	2.81e-02	3.24e-01	6.47e-01
 4.24372e+22	6.83e-20	2.71e-14	3.13e-10	2.96e-07	4.08e-05	2.97e-02	3.31e-01	6.39e-01
 4.31304e+22	8.28e-20	3.20e-14	3.61e-10	3.33e-07	4.45e-05	3.13e-02	3.38e-01	6.31e-01
 4.40316e+22	1.06e-19	3.96e-14	4.33e-10	3.87e-07	4.97e-05	3.35e-02	3.46e-01	6.20e-01
 4.49965e+22	1.37e-19	4.95e-14	5.24e-10	4.52e-07	5.58e-05	3.60e-02	3.56e-01	6.08e-01
 4.58410e+22	1.71e-19	5.99e-14	6.18e-10	5.18e-07	6.16e-05	3.82e-02	3.63e-01	5.98e-01
 4.67353e+22	2.13e-19	7.27e-14	7.29e-10	5.94e-07	6.81e-05	4.06e-02	3.71e-01	5.88e-01
 4.78979e+22	2.82e-19	9.27e-14	8.99e-10	7.06e-07	7.73e-05	4.39e-02	3.82e-01	5.74e-01
 4.90807e+22	3.76e-19	1.19e-13	1.12e-09	8.44e-07	8.82e-05	4.75e-02	3.92e-01	5.60e-01
 5.00196e+22	4.69e-19	1.44e-13	1.32e-09	9.68e-07	9.76e-05	5.05e-02	4.00e-01	5.49e-01
 5.09701e+22	5.79e-19	1.74e-13	1.54e-09	1.11e-06	1.08e-04	5.36e-02	4.08e-01	5.38e-01
 5.22056e+22	7.54e-19	2.19e-13	1.88e-09	1.31e-06	1.22e-04	5.77e-02	4.18e-01	5.24e-01
 5.35220e+22	1.00e-18	2.80e-13	2.33e-09	1.56e-06	1.39e-04	6.24e-02	4.28e-01	5.09e-01
 5.46506e+22	1.27e-18	3.45e-13	2.80e-09	1.82e-06	1.55e-04	6.67e-02	4.37e-01	4.96e-01
 5.58246e+22	1.59e-18	4.21e-13	3.32e-09	2.10e-06	1.73e-04	7.10e-02	4.46e-01	4.83e-01
 5.73508e+22	2.11e-18	5.41e-13	4.14e-09	2.53e-06	1.98e-04	7.70e-02	4.56e-01	4.67e-01
 5.89135e+22	2.83e-18	6.99e-13	5.19e-09	3.06e-06	2.28e-04	8.36e-02	4.67e-01	4.50e-01
 6.01678e+22	3.55e-18	8.56e-13	6.20e-09	3.57e-06	2.56e-04	8.92e-02	4.75e-01	4.36e-01
 6.12326e+22	4.25e-18	1.00e-12	7.12e-09	4.01e-06	2.79e-04	9.39e-02	4.81e-01	4.25e-01
 6.24067e+22	5.14e-18	1.19e-12	8.27e-09	4.56e-06	3.07e-04	9.92e-02	4.88e-01	4.13e-01
 6.39331e+22	6.51e-18	1.46e-12	9.96e-09	5.36e-06	3.46e-04	1.06e-01	4.96e-01	3.98e-01
 6.55559e+22	8.35e-18	1.83e-12	1.21e-08	6.35e-06	3.93e-04	1.14e-01	5.04e-01	3.82e-01
 6.69480e+22	1.03e-17	2.20e-12	1.43e-08	7.33e-06	4.37e-04	1.21e-01	5.10e-01	3.68e-01
 6.81910e+22	1.22e-17	2.57e-12	1.64e-08	8.27e-06	4.78e-04	1.28e-01	5.15e-01	3.57e-01
 6.95961e+22	1.46e-17	3.02e-12	1.91e-08	9.41e-06	5.27e-04	1.35e-01	5.21e-01	3.44e-01
 7.14227e+22	1.83e-17	3.70e-12	2.29e-08	1.11e-05	5.95e-04	1.44e-01	5.27e-01	3.29e-01
 7.33272e+22	2.32e-17	4.58e-12	2.78e-08	1.31e-05	6.76e-04	1.54e-01	5.32e-01	3.12e-01
 7.48928e+22	2.79e-17	5.41e-12	3.23e-08	1.50e-05	7.48e-04	1.63e-01	5.36e-01	3.00e-01
 7.64878e+22	3.30e-17	6.30e-12	3.71e-08	1.70e-05	8.21e-04	1.72e-01	5.40e-01	2.88e-01
 7.85614e+22	4.06e-17	7.61e-12	4.42e-08	1.98e-05	9.23e-04	1.83e-01	5.43e-01	2.73e-01
 8.07601e+22	5.05e-17	9.29e-12	5.31e-08	2.33e-05	1.05e-03	1.95e-01	5.46e-01	2.57e-01
 8.26214e+22	6.02e-17	1.09e-11	6.16e-08	2.67e-05	1.16e-03	2.06e-01	5.48e-01	2.45e-01
 8.45412e+22	7.07e-17	1.26e-11	7.06e-08	3.02e-05	1.27e-03	2.17e-01	5.49e-01	2.33e-01
 8.70371e+22	8.59e-17	1.51e-11	8.35e-08	3.51e-05	1.43e-03	2.30e-01	5.50e-01	2.19e-01
 8.96974e+22	1.06e-16	1.84e-11	9.99e-08	4.13e-05	1.61e-03	2.45e-01	5.49e-01	2.04e-01
 9.19759e+22	1.25e-16	2.15e-11	1.16e-07	4.71e-05	1.79e-03	2.58e-01	5.48e-01	1.92e-01
 9.43426e+22	1.44e-16	2.47e-11	1.32e-07	5.31e-05	1.96e-03	2.70e-01	5.46e-01	1.82e-01
 9.68913e+22	1.70e-16	2.88e-11	1.53e-07	6.07e-05	2.17e-03	2.85e-01	5.43e-01	1.70e-01
 9.90786e+22	1.95e-16	3.28e-11	1.72e-07	6.77e-05	2.36e-03	2.96e-01	5.40e-01	1.61e-01
 1.01324e+23	2.20e-16	3.68e-11	1.92e-07	7.46e-05	2.54e-03	3.07e-01	5.37e-01	1.53e-01
 1.04243e+23	2.56e-16	4.22e-11	2.19e-07	8.41e-05	2.79e-03	3.22e-01	5.33e-01	1.43e-01
 1.07404e+23	3.01e-16	4.93e-11	2.53e-07	9.59e-05	3.08e-03	3.38e-01	5.27e-01	1.32e-01
 1.10101e+23	3.44e-16	5.58e-11	2.85e-07	1.07e-04	3.35e-03	3.51e-01	5.21e-01	1.24e-01
 1.12411e+23	3.82e-16	6.17e-11	3.13e-07	1.16e-04	3.57e-03	3.62e-01	5.17e-01	1.18e-01
 1.14998e+23	4.24e-16	6.81e-11	3.44e-07	1.27e-04	3.82e-03	3.73e-01	5.12e-01	1.11e-01
 1.18360e+23	4.81e-16	7.67e-11	3.85e-07	1.41e-04	4.13e-03	3.88e-01	5.05e-01	1.03e-01
 1.22124e+23	5.55e-16	8.78e-11	4.38e-07	1.58e-04	4.52e-03	4.04e-01	4.96e-01	9.54e-02
 1.25587e+23	6.29e-16	9.89e-11	4.92e-07	1.75e-04	4.90e-03	4.19e-01	4.88e-01	8.84e-02
 1.28710e+23	7.00e-16	1.09e-10	5.40e-07	1.91e-04	5.22e-03	4.31e-01	4.81e-01	8.30e-02
 1.32209e+23	7.74e-16	1.20e-10	5.93e-07	2.07e-04	5.57e-03	4.43e-01	4.73e-01	7.76e-02
 1.36758e+23	8.71e-16	1.35e-10	6.61e-07	2.29e-04	6.01e-03	4.58e-01	4.64e-01	7.15e-02
 1.41889e+23	1.00e-15	1.54e-10	7.52e-07	2.56e-04	6.55e-03	4.76e-01	4.52e-01	6.49e-02
 1.46611e+23	1.13e-15	1.73e-10	8.42e-07	2.83e-04	7.08e-03	4.92e-01	4.41e-01	5.94e-02
 1.50847e+23	1.25e-15	1.90e-10	9.21e-07	3.07e-04	7.52e-03	5.05e-01	4.32e-01	5.51e-02
 1.55616e+23	1.37e-15	2.07e-10	1.00e-06	3.31e-04	7.98e-03	5.18e-01	4.23e-01	5.11e-02
 1.61540e+23	1.52e-15	2.30e-10	1.11e-06	3.61e-04	8.52e-03	5.32e-01	4.12e-01	4.69e-02
 1.68125e+23	1.70e-15	2.56e-10	1.23e-06	3.96e-04	9.17e-03	5.49e-01	3.99e-01	4.24e-02
 1.74836e+23	1.88e-15	2.83e-10	1.36e-06	4.33e-04	9.82e-03	5.64e-01	3.87e-01	3.84e-02
 1.81816e+23	2.06e-15	3.09e-10	1.49e-06	4.68e-04	1.04e-02	5.78e-01	3.76e-01	3.51e-02
 1.89212e+23	2.25e-15	3.38e-10	1.62e-06	5.04e-04	1.11e-02	5.92e-01	3.65e-01	3.20e-02
 1.96904e+23	2.44e-15	3.66e-10	1.76e-06	5.40e-04	1.17e-02	6.05e-01	3.54e-01	2.92e-02
 2.04903e+23	2.62e-15	3.93e-10	1.89e-06	5.76e-04	1.23e-02	6.17e-01	3.43e-01	2.68e-02
 2.13223e+23	2.81e-15	4.20e-10	2.02e-06	6.09e-04	1.28e-02	6.28e-01	3.34e-01	2.47e-02
 2.21865e+23	2.97e-15	4.44e-10	2.15e-06	6.40e-04	1.33e-02	6.38e-01	3.25e-01	2.28e-02
 2.30227e+23	3.13e-15	4.69e-10	2.28e-06	6.74e-04	1.39e-02	6.49e-01	3.16e-01	2.11e-02
 2.37752e+23	3.27e-15	4.90e-10	2.39e-06	7.01e-04	1.44e-02	6.57e-01	3.08e-01	1.98e-02
 2.44525e+23	3.36e-15	5.06e-10	2.48e-06	7.24e-04	1.48e-02	6.64e-01	3.02e-01	1.87e-02
 2.50621e+23	3.46e-15	5.21e-10	2.56e-06	7.43e-04	1.51e-02	6.69e-01	2.97e-01	1.79e-02
 2.56107e+23	3.53e-15	5.33e-10	2.62e-06	7.58e-04	1.53e-02	6.74e-01	2.93e-01	1.72e-02
 2.61044e+23	3.59e-15	5.42e-10	2.67e-06	7.71e-04	1.55e-02	6.78e-01	2.89e-01	1.67e-02
 2.65488e+23	3.64e-15	5.50e-10	2.72e-06	7.81e-04	1.57e-02	6.81e-01	2.86e-01	1.62e-02
 2.69487e+23	3.67e-15	5.56e-10	2.75e-06	7.90e-04	1.59e-02	6.84e-01	2.84e-01	1.58e-02
 2.73087e+23	3.70e-15	5.61e-10	2.78e-06	7.97e-04	1.60e-02	6.86e-01	2.82e-01	1.55e-02
 2.76326e+23	3.73e-15	5.66e-10	2.81e-06	8.03e-04	1.61e-02	6.88e-01	2.80e-01	1.53e-02
 2.79388e+23	3.73e-15	5.67e-10	2.81e-06	8.05e-04	1.61e-02	6.89e-01	2.79e-01	1.51e-02
 2.82443e+23	3.73e-15	5.68e-10	2.83e-06	8.08e-04	1.62e-02	6.91e-01	2.77e-01	1.49e-02
 2.85498e+23	3.73e-15	5.69e-10	2.84e-06	8.11e-04	1.63e-02	6.92e-01	2.76e-01	1.47e-02
 2.88553e+23	3.72e-15	5.69e-10	2.84e-06	8.13e-04	1.63e-02	6.94e-01	2.75e-01	1.45e-02
 2.91608e+23	3.72e-15	5.70e-10	2.85e-06	8.15e-04	1.64e-02	6.95e-01	2.74e-01	1.43e-02
 2.94662e+23	3.71e-15	5.68e-10	2.85e-06	8.16e-04	1.64e-02	6.96e-01	2.73e-01	1.42e-02
 2.97717e+23	3.70e-15	5.67e-10	2.85e-06	8.16e-04	1.64e-02	6.97e-01	2.72e-01	1.41e-02
 3.00772e+23	3.68e-15	5.66e-10	2.85e-06	8.16e-04	1.64e-02	6.98e-01	2.71e-01	1.39e-02
 3.03827e+23	3.67e-15	5.65e-10	2.85e-06	8.17e-04	1.65e-02	6.99e-01	2.70e-01	1.38e-02
 3.05418e+23	3.79e-15	5.83e-10	2.94e-06	8.36e-04	1.67e-02	7.02e-01	2.67e-01	1.34e-02
