#depth	S	S+	S+2	S+3	S+4	S+5	S+6	S+7	S+8	S+9	S+10	S+11	S+12	S+13	S+14	S+15	S+16
 6.17135e+19	0.00e+00	0.00e+00	0.00e+00	0.00e+00	0.00e+00	3.02e-32	2.13e-27	3.36e-23	1.91e-19	3.90e-16	3.72e-13	1.72e-10	5.62e-08	1.35e-05	5.92e-03	1.32e-01	8.62e-01
 1.87609e+20	0.00e+00	0.00e+00	0.00e+00	0.00e+00	0.00e+00	8.17e-32	5.26e-27	7.61e-23	3.95e-19	7.38e-16	6.44e-13	2.73e-10	8.09e-08	1.76e-05	7.04e-03	1.43e-01	8.50e-01
 3.18540e+20	0.00e+00	0.00e+00	0.00e+00	0.00e+00	0.00e+00	2.23e-31	1.31e-26	1.73e-22	8.22e-19	1.40e-15	1.12e-12	4.35e-10	1.17e-07	2.32e-05	8.39e-03	1.54e-01	8.37e-01
 4.54709e+20	0.00e+00	0.00e+00	0.00e+00	0.00e+00	0.00e+00	6.13e-31	3.30e-26	3.98e-22	1.72e-18	2.69e-15	1.97e-12	6.97e-10	1.69e-07	3.05e-05	1.00e-02	1.67e-01	8.23e-01
 5.47369e+20	0.00e+00	0.00e+00	0.00e+00	0.00e+00	0.00e+00	1.20e-30	6.11e-26	6.93e-22	2.82e-18	4.15e-15	2.86e-12	9.55e-10	2.17e-07	3.66e-05	1.13e-02	1.76e-01	8.13e-01
 5.83446e+20	0.00e+00	0.00e+00	0.00e+00	0.00e+00	0.00e+00	1.57e-30	7.80e-26	8.63e-22	3.43e-18	4.93e-15	3.33e-12	1.08e-09	2.39e-07	3.94e-05	1.18e-02	1.80e-01	8.08e-01
 6.12971e+20	0.00e+00	0.00e+00	0.00e+00	0.00e+00	0.00e+00	1.92e-30	9.36e-26	1.02e-21	3.98e-18	5.60e-15	3.72e-12	1.19e-09	2.58e-07	4.16e-05	1.22e-02	1.82e-01	8.05e-01
 6.51354e+20	0.00e+00	0.00e+00	0.00e+00	0.00e+00	0.00e+00	2.51e-30	1.20e-25	1.27e-21	4.85e-18	6.67e-15	4.32e-12	1.35e-09	2.84e-07	4.48e-05	1.28e-02	1.86e-01	8.01e-01
 7.01251e+20	0.00e+00	0.00e+00	0.00e+00	0.00e+00	0.00e+00	3.56e-30	1.64e-25	1.69e-21	6.25e-18	8.34e-15	5.24e-12	1.59e-09	3.23e-07	4.92e-05	1.36e-02	1.91e-01	7.95e-01
 7.66118e+20	0.00e+00	0.00e+00	0.00e+00	0.00e+00	0.00e+00	5.55e-30	2.47e-25	2.44e-21	8.67e-18	1.11e-14	6.73e-12	1.96e-09	3.81e-07	5.56e-05	1.47e-02	1.98e-01	7.88e-01
 8.31573e+20	0.00e+00	0.00e+00	0.00e+00	0.00e+00	0.00e+00	8.66e-30	3.70e-25	3.52e-21	1.20e-17	1.48e-14	8.63e-12	2.41e-09	4.49e-07	6.28e-05	1.58e-02	2.04e-01	7.80e-01
 8.83269e+20	0.00e+00	0.00e+00	0.00e+00	0.00e+00	0.00e+00	1.23e-29	5.09e-25	4.69e-21	1.55e-17	1.86e-14	1.05e-11	2.84e-09	5.11e-07	6.91e-05	1.68e-02	2.10e-01	7.73e-01
 9.35948e+20	0.00e+00	0.00e+00	0.00e+00	0.00e+00	0.00e+00	1.74e-29	7.00e-25	6.25e-21	2.01e-17	2.33e-14	1.28e-11	3.35e-09	5.82e-07	7.60e-05	1.79e-02	2.15e-01	7.67e-01
 1.00443e+21	0.00e+00	0.00e+00	0.00e+00	0.00e+00	0.00e+00	2.71e-29	1.05e-24	9.03e-21	2.78e-17	3.11e-14	1.64e-11	4.14e-09	6.86e-07	8.58e-05	1.93e-02	2.22e-01	7.58e-01
 1.07257e+21	0.00e+00	0.00e+00	0.00e+00	0.00e+00	0.00e+00	4.23e-29	1.58e-24	1.30e-20	3.87e-17	4.15e-14	2.11e-11	5.12e-09	8.10e-07	9.70e-05	2.08e-02	2.30e-01	7.50e-01
 1.12439e+21	0.00e+00	0.00e+00	0.00e+00	0.00e+00	0.00e+00	5.85e-29	2.13e-24	1.71e-20	4.92e-17	5.12e-14	2.53e-11	5.97e-09	9.14e-07	1.06e-04	2.20e-02	2.35e-01	7.43e-01
 1.17588e+21	0.00e+00	0.00e+00	0.00e+00	0.00e+00	0.00e+00	8.07e-29	2.85e-24	2.23e-20	6.24e-17	6.32e-14	3.04e-11	6.96e-09	1.03e-06	1.16e-04	2.33e-02	2.40e-01	7.36e-01
 1.24282e+21	0.00e+00	0.00e+00	0.00e+00	0.00e+00	0.00e+00	1.22e-28	4.17e-24	3.14e-20	8.48e-17	8.28e-14	3.85e-11	8.49e-09	1.20e-06	1.30e-04	2.50e-02	2.47e-01	7.27e-01
 1.31268e+21	0.00e+00	0.00e+00	0.00e+00	0.00e+00	0.00e+00	1.87e-28	6.17e-24	4.47e-20	1.16e-16	1.10e-13	4.91e-11	1.04e-08	1.41e-06	1.46e-04	2.69e-02	2.55e-01	7.18e-01
 1.36899e+21	0.00e+00	0.00e+00	0.00e+00	0.00e+00	5.81e-33	2.63e-28	8.43e-24	5.93e-20	1.50e-16	1.37e-13	5.96e-11	1.23e-08	1.60e-06	1.60e-04	2.85e-02	2.61e-01	7.10e-01
 1.41733e+21	0.00e+00	0.00e+00	0.00e+00	0.00e+00	8.05e-33	3.52e-28	1.10e-23	7.55e-20	1.86e-16	1.66e-13	7.04e-11	1.41e-08	1.79e-06	1.74e-04	2.99e-02	2.66e-01	7.04e-01
 1.47267e+21	0.00e+00	0.00e+00	0.00e+00	0.00e+00	1.15e-32	4.83e-28	1.47e-23	9.83e-20	2.35e-16	2.04e-13	8.44e-11	1.64e-08	2.01e-06	1.89e-04	3.16e-02	2.72e-01	6.96e-01
 1.54461e+21	0.00e+00	0.00e+00	0.00e+00	0.00e+00	1.85e-32	7.38e-28	2.17e-23	1.40e-19	3.23e-16	2.70e-13	1.08e-10	2.02e-08	2.37e-06	2.13e-04	3.39e-02	2.80e-01	6.86e-01
 1.61736e+21	0.00e+00	0.00e+00	0.00e+00	0.00e+00	2.96e-32	1.12e-27	3.19e-23	1.98e-19	4.41e-16	3.55e-13	1.37e-10	2.47e-08	2.77e-06	2.39e-04	3.64e-02	2.88e-01	6.76e-01
 1.67564e+21	0.00e+00	0.00e+00	0.00e+00	0.00e+00	4.28e-32	1.56e-27	4.31e-23	2.61e-19	5.64e-16	4.41e-13	1.66e-10	2.90e-08	3.14e-06	2.61e-04	3.85e-02	2.94e-01	6.67e-01
 1.73586e+21	0.00e+00	0.00e+00	0.00e+00	0.00e+00	6.24e-32	2.17e-27	5.87e-23	3.45e-19	7.25e-16	5.51e-13	2.01e-10	3.42e-08	3.56e-06	2.87e-04	4.07e-02	3.00e-01	6.59e-01
 1.80309e+21	0.00e+00	0.00e+00	0.00e+00	0.00e+00	9.46e-32	3.14e-27	8.25e-23	4.69e-19	9.56e-16	7.03e-13	2.49e-10	4.10e-08	4.10e-06	3.17e-04	4.33e-02	3.07e-01	6.49e-01
 1.86552e+21	0.00e+00	0.00e+00	0.00e+00	0.00e+00	1.38e-31	4.41e-27	1.13e-22	6.23e-19	1.23e-15	8.80e-13	3.03e-10	4.83e-08	4.66e-06	3.48e-04	4.58e-02	3.14e-01	6.40e-01
 1.92334e+21	0.00e+00	0.00e+00	0.00e+00	0.00e+00	1.96e-31	6.00e-27	1.50e-22	8.07e-19	1.55e-15	1.08e-12	3.63e-10	5.63e-08	5.25e-06	3.79e-04	4.83e-02	3.20e-01	6.32e-01
 1.98906e+21	0.00e+00	0.00e+00	0.00e+00	0.00e+00	2.90e-31	8.47e-27	2.06e-22	1.08e-18	2.02e-15	1.36e-12	4.44e-10	6.67e-08	5.99e-06	4.17e-04	5.11e-02	3.27e-01	6.22e-01
 2.06212e+21	0.00e+00	0.00e+00	0.00e+00	0.00e+00	4.44e-31	1.24e-26	2.92e-22	1.48e-18	2.68e-15	1.75e-12	5.54e-10	8.04e-08	6.92e-06	4.63e-04	5.44e-02	3.34e-01	6.11e-01
 2.12971e+21	0.00e+00	0.00e+00	0.00e+00	0.00e+00	6.55e-31	1.74e-26	4.01e-22	1.98e-18	3.48e-15	2.21e-12	6.78e-10	9.54e-08	7.89e-06	5.09e-04	5.76e-02	3.41e-01	6.01e-01
 2.19263e+21	0.00e+00	0.00e+00	0.00e+00	0.00e+00	9.36e-31	2.39e-26	5.37e-22	2.58e-18	4.43e-15	2.73e-12	8.17e-10	1.12e-07	8.91e-06	5.55e-04	6.07e-02	3.47e-01	5.92e-01
 2.26452e+21	0.00e+00	0.00e+00	0.00e+00	0.00e+00	1.40e-30	3.41e-26	7.45e-22	3.48e-18	5.79e-15	3.46e-12	1.01e-09	1.33e-07	1.02e-05	6.12e-04	6.43e-02	3.54e-01	5.81e-01
 2.34250e+21	0.00e+00	0.00e+00	0.00e+00	0.00e+00	2.14e-30	4.97e-26	1.06e-21	4.80e-18	7.72e-15	4.47e-12	1.26e-09	1.61e-07	1.18e-05	6.79e-04	6.84e-02	3.61e-01	5.70e-01
 2.41228e+21	0.00e+00	0.00e+00	0.00e+00	0.00e+00	3.13e-30	6.93e-26	1.44e-21	6.35e-18	9.95e-15	5.60e-12	1.53e-09	1.90e-07	1.34e-05	7.44e-04	7.22e-02	3.68e-01	5.59e-01
 2.47567e+21	0.00e+00	0.00e+00	0.00e+00	0.00e+00	4.38e-30	9.33e-26	1.90e-21	8.17e-18	1.25e-14	6.84e-12	1.83e-09	2.20e-07	1.50e-05	8.07e-04	7.58e-02	3.73e-01	5.50e-01
 2.54688e+21	0.00e+00	0.00e+00	0.00e+00	0.00e+00	6.34e-30	1.29e-25	2.57e-21	1.08e-17	1.60e-14	8.54e-12	2.22e-09	2.59e-07	1.71e-05	8.83e-04	7.99e-02	3.79e-01	5.40e-01
 2.62678e+21	0.00e+00	0.00e+00	0.00e+00	0.00e+00	9.56e-30	1.86e-25	3.60e-21	1.47e-17	2.12e-14	1.09e-11	2.76e-09	3.11e-07	1.96e-05	9.74e-04	8.46e-02	3.86e-01	5.28e-01
 2.70183e+21	0.00e+00	0.00e+00	0.00e+00	0.00e+00	1.40e-29	2.59e-25	4.91e-21	1.95e-17	2.73e-14	1.37e-11	3.36e-09	3.67e-07	2.23e-05	1.07e-03	8.92e-02	3.92e-01	5.17e-01
 2.77214e+21	0.00e+00	0.00e+00	0.00e+00	0.00e+00	1.98e-29	3.52e-25	6.53e-21	2.53e-17	3.46e-14	1.69e-11	4.04e-09	4.28e-07	2.51e-05	1.16e-03	9.36e-02	3.98e-01	5.07e-01
 2.85245e+21	0.00e+00	0.00e+00	0.00e+00	0.00e+00	2.92e-29	4.96e-25	8.99e-21	3.39e-17	4.51e-14	2.13e-11	4.96e-09	5.09e-07	2.86e-05	1.27e-03	9.87e-02	4.04e-01	4.96e-01
 2.93870e+21	0.00e+00	0.00e+00	0.00e+00	0.00e+00	4.40e-29	7.12e-25	1.26e-20	4.62e-17	5.96e-14	2.73e-11	6.15e-09	6.10e-07	3.29e-05	1.40e-03	1.04e-01	4.10e-01	4.84e-01
 3.01455e+21	0.00e+00	0.00e+00	0.00e+00	0.00e+00	6.27e-29	9.73e-25	1.69e-20	6.03e-17	7.58e-14	3.38e-11	7.42e-09	7.13e-07	3.71e-05	1.52e-03	1.09e-01	4.15e-01	4.74e-01
 3.09500e+21	0.00e+00	0.00e+00	0.00e+00	0.00e+00	9.05e-29	1.34e-24	2.28e-20	7.95e-17	9.73e-14	4.22e-11	9.00e-09	8.39e-07	4.20e-05	1.66e-03	1.15e-01	4.21e-01	4.63e-01
 3.18542e+21	0.00e+00	0.00e+00	0.00e+00	0.00e+00	1.36e-28	1.92e-24	3.18e-20	1.08e-16	1.28e-13	5.38e-11	1.11e-08	1.00e-06	4.82e-05	1.83e-03	1.21e-01	4.26e-01	4.51e-01
 3.27072e+21	0.00e+00	0.00e+00	0.00e+00	5.26e-33	1.98e-28	2.67e-24	4.33e-20	1.43e-16	1.66e-13	6.75e-11	1.36e-08	1.18e-06	5.46e-05	1.99e-03	1.27e-01	4.31e-01	4.39e-01
 3.35110e+21	0.00e+00	0.00e+00	0.00e+00	7.77e-33	2.80e-28	3.63e-24	5.76e-20	1.86e-16	2.10e-13	8.31e-11	1.63e-08	1.38e-06	6.13e-05	2.16e-03	1.33e-01	4.36e-01	4.29e-01
 3.44314e+21	0.00e+00	0.00e+00	0.00e+00	1.20e-32	4.12e-28	5.10e-24	7.93e-20	2.49e-16	2.73e-13	1.05e-10	2.00e-08	1.63e-06	6.98e-05	2.36e-03	1.40e-01	4.40e-01	4.17e-01
 3.54606e+21	0.00e+00	0.00e+00	0.00e+00	1.93e-32	6.30e-28	7.42e-24	1.13e-19	3.44e-16	3.65e-13	1.36e-10	2.50e-08	1.97e-06	8.04e-05	2.60e-03	1.48e-01	4.45e-01	4.04e-01
 3.63785e+21	0.00e+00	0.00e+00	0.00e+00	2.94e-32	9.14e-28	1.03e-23	1.53e-19	4.56e-16	4.71e-13	1.70e-10	3.04e-08	2.31e-06	9.10e-05	2.83e-03	1.55e-01	4.49e-01	3.93e-01
 3.71733e+21	0.00e+00	0.00e+00	0.00e+00	4.18e-32	1.25e-27	1.36e-23	1.98e-19	5.78e-16	5.84e-13	2.05e-10	3.58e-08	2.65e-06	1.01e-04	3.04e-03	1.61e-01	4.52e-01	3.84e-01
 3.80607e+21	0.00e+00	0.00e+00	0.00e+00	6.10e-32	1.76e-27	1.83e-23	2.62e-19	7.46e-16	7.35e-13	2.51e-10	4.27e-08	3.07e-06	1.13e-04	3.27e-03	1.67e-01	4.55e-01	3.74e-01
 3.92143e+21	0.00e+00	0.00e+00	0.00e+00	1.01e-31	2.74e-27	2.71e-23	3.79e-19	1.05e-15	9.98e-13	3.29e-10	5.40e-08	3.73e-06	1.31e-04	3.62e-03	1.77e-01	4.59e-01	3.61e-01
 4.03832e+21	0.00e+00	0.00e+00	0.00e+00	1.64e-31	4.24e-27	3.97e-23	5.43e-19	1.46e-15	1.34e-12	4.28e-10	6.78e-08	4.50e-06	1.51e-04	3.98e-03	1.86e-01	4.62e-01	3.48e-01
 4.13323e+21	0.00e+00	0.00e+00	0.00e+00	2.42e-31	6.00e-27	5.39e-23	7.23e-19	1.89e-15	1.70e-12	5.26e-10	8.12e-08	5.22e-06	1.68e-04	4.29e-03	1.93e-01	4.65e-01	3.37e-01
 4.23267e+21	0.00e+00	0.00e+00	0.00e+00	3.60e-31	8.55e-27	7.36e-23	9.69e-19	2.48e-15	2.17e-12	6.51e-10	9.77e-08	6.08e-06	1.89e-04	4.64e-03	2.01e-01	4.67e-01	3.27e-01
 4.36193e+21	0.00e+00	0.00e+00	0.00e+00	5.97e-31	1.34e-26	1.09e-22	1.41e-18	3.48e-15	2.95e-12	8.53e-10	1.23e-07	7.38e-06	2.18e-04	5.11e-03	2.12e-01	4.69e-01	3.14e-01
 4.48895e+21	0.00e+00	0.00e+00	0.00e+00	9.71e-31	2.07e-26	1.61e-22	2.01e-18	4.84e-15	3.97e-12	1.11e-09	1.55e-07	8.88e-06	2.51e-04	5.60e-03	2.22e-01	4.70e-01	3.02e-01
 4.58490e+21	0.00e+00	0.00e+00	0.00e+00	1.39e-30	2.85e-26	2.13e-22	2.63e-18	6.18e-15	4.95e-12	1.34e-09	1.83e-07	1.02e-05	2.78e-04	5.99e-03	2.30e-01	4.71e-01	2.93e-01
 4.68151e+21	0.00e+00	0.00e+00	0.00e+00	1.99e-30	3.92e-26	2.82e-22	3.42e-18	7.87e-15	6.15e-12	1.63e-09	2.15e-07	1.17e-05	3.08e-04	6.41e-03	2.38e-01	4.72e-01	2.84e-01
 4.80711e+21	0.00e+00	0.00e+00	0.00e+00	3.12e-30	5.86e-26	4.01e-22	4.77e-18	1.07e-14	8.09e-12	2.07e-09	2.65e-07	1.38e-05	3.49e-04	6.96e-03	2.48e-01	4.72e-01	2.73e-01
 4.94119e+21	0.00e+00	0.00e+00	0.00e+00	5.01e-30	8.95e-26	5.83e-22	6.76e-18	1.47e-14	1.08e-11	2.66e-09	3.29e-07	1.65e-05	3.99e-04	7.60e-03	2.59e-01	4.72e-01	2.61e-01
 5.05786e+21	0.00e+00	0.00e+00	0.00e+00	7.50e-30	1.28e-25	8.00e-22	9.11e-18	1.93e-14	1.38e-11	3.30e-09	3.96e-07	1.92e-05	4.46e-04	8.18e-03	2.68e-01	4.72e-01	2.52e-01
 5.18109e+21	0.00e+00	0.00e+00	0.00e+00	1.14e-29	1.86e-25	1.11e-21	1.24e-17	2.56e-14	1.78e-11	4.12e-09	4.79e-07	2.24e-05	5.01e-04	8.81e-03	2.78e-01	4.71e-01	2.42e-01
 5.31926e+21	0.00e+00	0.00e+00	0.00e+00	1.80e-29	2.80e-25	1.59e-21	1.74e-17	3.50e-14	2.35e-11	5.26e-09	5.91e-07	2.66e-05	5.69e-04	9.57e-03	2.89e-01	4.69e-01	2.31e-01
 5.44961e+21	0.00e+00	0.00e+00	0.00e+00	2.75e-29	4.09e-25	2.22e-21	2.38e-17	4.66e-14	3.05e-11	6.59e-09	7.17e-07	3.11e-05	6.39e-04	1.03e-02	3.00e-01	4.68e-01	2.22e-01
 5.59183e+21	0.00e+00	0.00e+00	0.00e+00	4.32e-29	6.12e-25	3.16e-21	3.33e-17	6.33e-14	4.01e-11	8.37e-09	8.80e-07	3.68e-05	7.23e-04	1.12e-02	3.11e-01	4.66e-01	2.12e-01
 5.74031e+21	0.00e+00	0.00e+00	0.00e+00	6.88e-29	9.26e-25	4.56e-21	4.69e-17	8.68e-14	5.33e-11	1.07e-08	1.09e-06	4.36e-05	8.21e-04	1.21e-02	3.23e-01	4.63e-01	2.02e-01
 5.86509e+21	0.00e+00	0.00e+00	0.00e+00	1.01e-28	1.30e-24	6.15e-21	6.22e-17	1.12e-13	6.72e-11	1.31e-08	1.29e-06	5.02e-05	9.10e-04	1.29e-02	3.32e-01	4.60e-01	1.94e-01
 5.99549e+21	0.00e+00	0.00e+00	5.96e-33	1.49e-28	1.84e-24	8.35e-21	8.31e-17	1.47e-13	8.53e-11	1.61e-08	1.54e-06	5.79e-05	1.01e-03	1.38e-02	3.42e-01	4.57e-01	1.86e-01
 6.16501e+21	0.00e+00	0.00e+00	1.03e-32	2.45e-28	2.87e-24	1.23e-20	1.20e-16	2.05e-13	1.15e-10	2.10e-08	1.93e-06	6.94e-05	1.16e-03	1.50e-02	3.55e-01	4.53e-01	1.76e-01
 6.33792e+21	0.00e+00	0.00e+00	1.80e-32	4.03e-28	4.48e-24	1.82e-20	1.74e-16	2.88e-13	1.56e-10	2.73e-08	2.42e-06	8.32e-05	1.32e-03	1.63e-02	3.68e-01	4.48e-01	1.66e-01
 6.47627e+21	0.00e+00	0.00e+00	2.77e-32	5.96e-28	6.35e-24	2.48e-20	2.32e-16	3.76e-13	1.99e-10	3.36e-08	2.88e-06	9.59e-05	1.46e-03	1.74e-02	3.79e-01	4.44e-01	1.58e-01
 6.61718e+21	0.00e+00	0.00e+00	4.27e-32	8.80e-28	8.99e-24	3.36e-20	3.10e-16	4.89e-13	2.52e-10	4.13e-08	3.43e-06	1.10e-04	1.62e-03	1.85e-02	3.89e-01	4.40e-01	1.51e-01
 6.80035e+21	0.00e+00	0.00e+00	7.40e-32	1.45e-27	1.40e-23	4.95e-20	4.47e-16	6.85e-13	3.41e-10	5.37e-08	4.29e-06	1.32e-04	1.85e-03	2.01e-02	4.02e-01	4.34e-01	1.42e-01
 6.98954e+21	0.00e+00	0.00e+00	1.30e-31	2.40e-27	2.19e-23	7.34e-20	6.50e-16	9.66e-13	4.63e-10	7.00e-08	5.38e-06	1.58e-04	2.11e-03	2.18e-02	4.15e-01	4.27e-01	1.34e-01
 7.14532e+21	0.00e+00	0.00e+00	2.04e-31	3.60e-27	3.15e-23	1.01e-19	8.78e-16	1.27e-12	5.94e-10	8.68e-08	6.45e-06	1.83e-04	2.34e-03	2.32e-02	4.26e-01	4.21e-01	1.27e-01
 7.27635e+21	0.00e+00	0.00e+00	2.96e-31	5.04e-27	4.25e-23	1.31e-19	1.13e-15	1.60e-12	7.30e-10	1.04e-07	7.50e-06	2.07e-04	2.56e-03	2.45e-02	4.35e-01	4.16e-01	1.22e-01
 7.41646e+21	0.00e+00	0.00e+00	4.39e-31	7.19e-27	5.83e-23	1.73e-19	1.47e-15	2.04e-12	9.07e-10	1.25e-07	8.79e-06	2.35e-04	2.80e-03	2.59e-02	4.44e-01	4.11e-01	1.16e-01
 7.59860e+21	0.00e+00	0.00e+00	7.22e-31	1.13e-26	8.69e-23	2.45e-19	2.05e-15	2.77e-12	1.19e-09	1.59e-07	1.07e-05	2.75e-04	3.15e-03	2.77e-02	4.55e-01	4.04e-01	1.09e-01
 7.78416e+21	0.00e+00	0.00e+00	1.20e-30	1.78e-26	1.30e-22	3.49e-19	2.86e-15	3.77e-12	1.57e-09	2.01e-07	1.31e-05	3.24e-04	3.53e-03	2.97e-02	4.67e-01	3.97e-01	1.03e-01
 7.93274e+21	0.00e+00	0.00e+00	1.78e-30	2.54e-26	1.79e-22	4.60e-19	3.73e-15	4.81e-12	1.96e-09	2.43e-07	1.54e-05	3.68e-04	3.87e-03	3.14e-02	4.76e-01	3.91e-01	9.78e-02
 8.08445e+21	0.00e+00	0.00e+00	2.65e-30	3.63e-26	2.45e-22	6.07e-19	4.87e-15	6.14e-12	2.44e-09	2.94e-07	1.81e-05	4.17e-04	4.24e-03	3.31e-02	4.85e-01	3.84e-01	9.30e-02
 8.24493e+21	0.00e+00	0.00e+00	4.02e-30	5.28e-26	3.42e-22	8.10e-19	6.42e-15	7.93e-12	3.06e-09	3.58e-07	2.13e-05	4.76e-04	4.66e-03	3.50e-02	4.94e-01	3.78e-01	8.81e-02
 8.38202e+21	0.00e+00	0.00e+00	5.72e-30	7.24e-26	4.53e-22	1.03e-18	8.12e-15	9.85e-12	3.72e-09	4.23e-07	2.46e-05	5.33e-04	5.05e-03	3.67e-02	5.02e-01	3.72e-01	8.41e-02
 8.52543e+21	0.00e+00	0.00e+00	8.21e-30	1.00e-25	6.03e-22	1.33e-18	1.03e-14	1.23e-11	4.54e-09	5.02e-07	2.84e-05	5.98e-04	5.48e-03	3.84e-02	5.10e-01	3.66e-01	8.02e-02
 8.68666e+21	0.00e+00	0.00e+00	1.22e-29	1.43e-25	8.29e-22	1.75e-18	1.35e-14	1.57e-11	5.66e-09	6.07e-07	3.33e-05	6.78e-04	5.99e-03	4.05e-02	5.18e-01	3.59e-01	7.60e-02
 8.83882e+21	0.00e+00	0.00e+00	1.78e-29	2.01e-25	1.12e-21	2.27e-18	1.73e-14	1.98e-11	6.95e-09	7.25e-07	3.87e-05	7.63e-04	6.52e-03	4.25e-02	5.26e-01	3.52e-01	7.22e-02
 8.98049e+21	0.00e+00	0.00e+00	2.51e-29	2.74e-25	1.47e-21	2.88e-18	2.18e-14	2.44e-11	8.41e-09	8.53e-07	4.43e-05	8.51e-04	7.04e-03	4.44e-02	5.33e-01	3.46e-01	6.88e-02
 9.11276e+21	0.00e+00	0.00e+00	3.46e-29	3.64e-25	1.89e-21	3.58e-18	2.69e-14	2.97e-11	1.00e-08	9.93e-07	5.04e-05	9.41e-04	7.56e-03	4.62e-02	5.39e-01	3.40e-01	6.58e-02
 9.23662e+21	0.00e+00	0.00e+00	4.63e-29	4.74e-25	2.38e-21	4.38e-18	3.27e-14	3.56e-11	1.18e-08	1.14e-06	5.66e-05	1.03e-03	8.07e-03	4.79e-02	5.45e-01	3.35e-01	6.31e-02
 9.37758e+21	0.00e+00	0.00e+00	6.45e-29	6.37e-25	3.10e-21	5.49e-18	4.08e-14	4.37e-11	1.42e-08	1.33e-06	6.46e-05	1.14e-03	8.69e-03	5.00e-02	5.51e-01	3.29e-01	6.01e-02
 9.53314e+21	0.00e+00	0.00e+00	9.27e-29	8.82e-25	4.12e-21	7.04e-18	5.19e-14	5.46e-11	1.73e-08	1.58e-06	7.46e-05	1.28e-03	9.41e-03	5.23e-02	5.58e-01	3.22e-01	5.70e-02
 9.67520e+21	0.00e+00	0.00e+00	1.29e-28	1.18e-24	5.34e-21	8.80e-18	6.46e-14	6.68e-11	2.07e-08	1.85e-06	8.50e-05	1.42e-03	1.01e-02	5.44e-02	5.64e-01	3.16e-01	5.43e-02
 9.80624e+21	0.00e+00	0.00e+00	1.74e-28	1.55e-24	6.76e-21	1.08e-17	7.88e-14	8.04e-11	2.45e-08	2.14e-06	9.58e-05	1.56e-03	1.08e-02	5.64e-02	5.69e-01	3.10e-01	5.19e-02
 9.95544e+21	0.00e+00	0.00e+00	2.43e-28	2.08e-24	8.79e-21	1.35e-17	9.84e-14	9.87e-11	2.95e-08	2.50e-06	1.09e-04	1.73e-03	1.16e-02	5.88e-02	5.74e-01	3.04e-01	4.94e-02
 1.01224e+22	0.00e+00	0.00e+00	3.53e-28	2.91e-24	1.18e-20	1.74e-17	1.26e-13	1.24e-10	3.62e-08	2.99e-06	1.27e-04	1.95e-03	1.26e-02	6.14e-02	5.80e-01	2.97e-01	4.66e-02
 1.02770e+22	0.00e+00	0.00e+00	4.97e-28	3.95e-24	1.54e-20	2.19e-17	1.58e-13	1.54e-10	4.38e-08	3.51e-06	1.45e-04	2.17e-03	1.36e-02	6.40e-02	5.86e-01	2.90e-01	4.42e-02
 1.04107e+22	0.00e+00	5.98e-33	6.66e-28	5.13e-24	1.94e-20	2.67e-17	1.92e-13	1.84e-10	5.16e-08	4.04e-06	1.63e-04	2.38e-03	1.45e-02	6.62e-02	5.90e-01	2.85e-01	4.22e-02
 1.05523e+22	0.00e+00	8.40e-33	9.05e-28	6.75e-24	2.46e-20	3.28e-17	2.36e-13	2.22e-10	6.12e-08	4.67e-06	1.84e-04	2.62e-03	1.55e-02	6.86e-02	5.94e-01	2.79e-01	4.01e-02
 1.07113e+22	0.00e+00	1.23e-32	1.27e-27	9.15e-24	3.22e-20	4.12e-17	2.96e-13	2.75e-10	7.40e-08	5.50e-06	2.11e-04	2.91e-03	1.67e-02	7.14e-02	5.99e-01	2.72e-01	3.80e-02
 1.08598e+22	0.00e+00	1.75e-32	1.75e-27	1.21e-23	4.12e-20	5.09e-17	3.65e-13	3.34e-10	8.83e-08	6.39e-06	2.39e-04	3.21e-03	1.79e-02	7.40e-02	6.03e-01	2.66e-01	3.60e-02
 1.09966e+22	0.00e+00	2.41e-32	2.34e-27	1.57e-23	5.16e-20	6.17e-17	4.42e-13	4.00e-10	1.04e-07	7.33e-06	2.69e-04	3.52e-03	1.90e-02	7.65e-02	6.06e-01	2.60e-01	3.43e-02
 1.11514e+22	0.00e+00	3.45e-32	3.23e-27	2.09e-23	6.63e-20	7.64e-17	5.48e-13	4.89e-10	1.24e-07	8.55e-06	3.05e-04	3.89e-03	2.04e-02	7.93e-02	6.10e-01	2.54e-01	3.25e-02
 1.13230e+22	0.00e+00	5.12e-32	4.62e-27	2.87e-23	8.74e-20	9.66e-17	6.94e-13	6.09e-10	1.52e-07	1.01e-05	3.52e-04	4.34e-03	2.20e-02	8.25e-02	6.13e-01	2.47e-01	3.06e-02
 1.14800e+22	0.00e+00	7.39e-32	6.42e-27	3.85e-23	1.13e-19	1.20e-16	8.63e-13	7.48e-10	1.82e-07	1.19e-05	4.01e-04	4.81e-03	2.36e-02	8.56e-02	6.16e-01	2.40e-01	2.88e-02
 1.16222e+22	0.00e+00	1.02e-31	8.54e-27	4.96e-23	1.41e-19	1.45e-16	1.04e-12	8.92e-10	2.14e-07	1.36e-05	4.48e-04	5.25e-03	2.51e-02	8.83e-02	6.19e-01	2.35e-01	2.74e-02
 1.17814e+22	0.00e+00	1.45e-31	1.18e-26	6.59e-23	1.80e-19	1.78e-16	1.29e-12	1.09e-09	2.56e-07	1.58e-05	5.09e-04	5.80e-03	2.69e-02	9.14e-02	6.21e-01	2.28e-01	2.59e-02
 1.19546e+22	0.00e+00	2.14e-31	1.67e-26	8.97e-23	2.35e-19	2.24e-16	1.62e-12	1.35e-09	3.11e-07	1.86e-05	5.84e-04	6.46e-03	2.89e-02	9.48e-02	6.23e-01	2.22e-01	2.43e-02
 1.21094e+22	0.00e+00	3.04e-31	2.29e-26	1.19e-22	2.99e-19	2.74e-16	1.99e-12	1.64e-09	3.71e-07	2.17e-05	6.62e-04	7.13e-03	3.09e-02	9.81e-02	6.25e-01	2.15e-01	2.29e-02
 1.22466e+22	0.00e+00	4.09e-31	2.99e-26	1.50e-22	3.67e-19	3.26e-16	2.38e-12	1.94e-09	4.30e-07	2.46e-05	7.35e-04	7.73e-03	3.27e-02	1.01e-01	6.26e-01	2.10e-01	2.18e-02
 1.23975e+22	0.00e+00	5.69e-31	4.01e-26	1.95e-22	4.60e-19	3.94e-16	2.89e-12	2.33e-09	5.07e-07	2.83e-05	8.25e-04	8.46e-03	3.48e-02	1.04e-01	6.27e-01	2.05e-01	2.06e-02
 1.25937e+22	0.00e+00	8.70e-31	5.87e-26	2.72e-22	6.15e-19	5.02e-16	3.70e-12	2.94e-09	6.27e-07	3.38e-05	9.58e-04	9.51e-03	3.76e-02	1.08e-01	6.28e-01	1.97e-01	1.91e-02
 1.27901e+22	0.00e+00	1.33e-30	8.59e-26	3.82e-22	8.22e-19	6.40e-16	4.75e-12	3.73e-09	7.76e-07	4.05e-05	1.11e-03	1.07e-02	4.07e-02	1.12e-01	6.28e-01	1.90e-01	1.77e-02
 1.29407e+22	0.00e+00	1.84e-30	1.15e-25	4.93e-22	1.03e-18	7.69e-16	5.75e-12	4.46e-09	9.13e-07	4.65e-05	1.25e-03	1.17e-02	4.32e-02	1.15e-01	6.27e-01	1.84e-01	1.67e-02
 1.30904e+22	0.00e+00	2.53e-30	1.53e-25	6.32e-22	1.27e-18	9.20e-16	6.91e-12	5.32e-09	1.07e-06	5.31e-05	1.39e-03	1.27e-02	4.58e-02	1.19e-01	6.27e-01	1.79e-01	1.58e-02
 1.32850e+22	0.00e+00	3.80e-30	2.20e-25	8.71e-22	1.67e-18	1.16e-15	8.75e-12	6.66e-09	1.31e-06	6.30e-05	1.60e-03	1.42e-02	4.93e-02	1.23e-01	6.25e-01	1.72e-01	1.46e-02
 1.34850e+22	0.00e+00	5.80e-30	3.20e-25	1.21e-21	2.22e-18	1.46e-15	1.12e-11	8.39e-09	1.61e-06	7.52e-05	1.85e-03	1.59e-02	5.32e-02	1.27e-01	6.23e-01	1.65e-01	1.35e-02
 1.36468e+22	0.00e+00	8.16e-30	4.34e-25	1.58e-21	2.80e-18	1.77e-15	1.36e-11	1.01e-08	1.91e-06	8.67e-05	2.09e-03	1.74e-02	5.66e-02	1.31e-01	6.21e-01	1.59e-01	1.26e-02
 1.38121e+22	0.00e+00	1.14e-29	5.85e-25	2.06e-21	3.50e-18	2.13e-15	1.64e-11	1.21e-08	2.25e-06	9.95e-05	2.34e-03	1.90e-02	6.00e-02	1.34e-01	6.19e-01	1.54e-01	1.19e-02
 1.40268e+22	0.00e+00	1.76e-29	8.61e-25	2.89e-21	4.68e-18	2.71e-15	2.10e-11	1.54e-08	2.78e-06	1.19e-04	2.71e-03	2.13e-02	6.48e-02	1.39e-01	6.15e-01	1.47e-01	1.09e-02
 1.42450e+22	0.00e+00	2.74e-29	1.28e-24	4.09e-21	6.29e-18	3.47e-15	2.70e-11	1.95e-08	3.46e-06	1.43e-04	3.14e-03	2.40e-02	6.99e-02	1.43e-01	6.10e-01	1.40e-01	9.94e-03
 1.44168e+22	0.00e+00	3.89e-29	1.75e-24	5.37e-21	7.94e-18	4.20e-15	3.29e-11	2.36e-08	4.10e-06	1.65e-04	3.53e-03	2.62e-02	7.43e-02	1.47e-01	6.05e-01	1.34e-01	9.23e-03
 1.45892e+22	0.00e+00	5.42e-29	2.35e-24	6.97e-21	9.93e-18	5.05e-15	3.96e-11	2.81e-08	4.81e-06	1.88e-04	3.94e-03	2.85e-02	7.85e-02	1.50e-01	6.01e-01	1.29e-01	8.61e-03
 1.48135e+22	0.00e+00	8.35e-29	3.46e-24	9.78e-21	1.33e-17	6.40e-15	5.03e-11	3.54e-08	5.92e-06	2.24e-04	4.54e-03	3.19e-02	8.43e-02	1.55e-01	5.94e-01	1.23e-01	7.85e-03
 1.50477e+22	0.00e+00	1.31e-28	5.18e-24	1.39e-20	1.79e-17	8.21e-15	6.45e-11	4.49e-08	7.33e-06	2.68e-04	5.26e-03	3.57e-02	9.08e-02	1.59e-01	5.86e-01	1.16e-01	7.11e-03
 1.52337e+22	0.00e+00	1.87e-28	7.10e-24	1.84e-20	2.27e-17	9.97e-15	7.82e-11	5.40e-08	8.67e-06	3.08e-04	5.89e-03	3.89e-02	9.60e-02	1.63e-01	5.79e-01	1.11e-01	6.56e-03
 1.53857e+22	0.00e+00	2.48e-28	9.15e-24	2.29e-20	2.75e-17	1.17e-14	9.11e-11	6.26e-08	9.90e-06	3.44e-04	6.44e-03	4.17e-02	1.00e-01	1.65e-01	5.73e-01	1.06e-01	6.15e-03
 1.55553e+22	0.00e+00	3.38e-28	1.21e-23	2.92e-20	3.38e-17	1.38e-14	1.08e-10	7.35e-08	1.14e-05	3.88e-04	7.09e-03	4.49e-02	1.05e-01	1.68e-01	5.66e-01	1.02e-01	5.73e-03
 1.57757e+22	0.00e+00	5.02e-28	1.72e-23	3.98e-20	4.40e-17	1.72e-14	1.33e-10	8.99e-08	1.37e-05	4.51e-04	8.02e-03	4.93e-02	1.12e-01	1.72e-01	5.57e-01	9.66e-02	5.22e-03
 1.60068e+22	0.00e+00	7.59e-28	2.48e-23	5.50e-20	5.80e-17	2.16e-14	1.65e-10	1.11e-07	1.66e-05	5.27e-04	9.09e-03	5.43e-02	1.19e-01	1.75e-01	5.46e-01	9.11e-02	4.73e-03
 1.62012e+22	0.00e+00	1.07e-27	3.36e-23	7.19e-20	7.29e-17	2.61e-14	1.97e-10	1.32e-07	1.93e-05	5.99e-04	1.01e-02	5.86e-02	1.25e-01	1.78e-01	5.37e-01	8.66e-02	4.35e-03
 1.64029e+22	0.00e+00	1.50e-27	4.56e-23	9.40e-20	9.18e-17	3.15e-14	2.35e-10	1.56e-07	2.25e-05	6.80e-04	1.11e-02	6.33e-02	1.31e-01	1.80e-01	5.28e-01	8.22e-02	4.00e-03
 1.66652e+22	0.00e+00	2.31e-27	6.73e-23	1.32e-19	1.23e-16	4.02e-14	2.94e-10	1.93e-07	2.73e-05	7.98e-04	1.26e-02	6.97e-02	1.39e-01	1.83e-01	5.15e-01	7.68e-02	3.58e-03
 1.69325e+22	0.00e+00	3.58e-27	9.95e-23	1.87e-19	1.65e-16	5.13e-14	3.68e-10	2.39e-07	3.31e-05	9.34e-04	1.43e-02	7.65e-02	1.47e-01	1.86e-01	5.01e-01	7.16e-02	3.20e-03
 1.71477e+22	0.00e+00	5.04e-27	1.35e-22	2.45e-19	2.09e-16	6.22e-14	4.38e-10	2.83e-07	3.84e-05	1.06e-03	1.58e-02	8.22e-02	1.53e-01	1.88e-01	4.89e-01	6.76e-02	2.92e-03
 1.73688e+22	0.00e+00	7.08e-27	1.84e-22	3.20e-19	2.63e-16	7.53e-14	5.20e-10	3.33e-07	4.44e-05	1.19e-03	1.73e-02	8.82e-02	1.60e-01	1.89e-01	4.78e-01	6.38e-02	2.66e-03
 1.76562e+22	0.00e+00	1.09e-26	2.70e-22	4.50e-19	3.52e-16	9.60e-14	6.45e-10	4.09e-07	5.34e-05	1.38e-03	1.95e-02	9.62e-02	1.68e-01	1.91e-01	4.63e-01	5.91e-02	2.36e-03
 1.79546e+22	0.00e+00	1.69e-26	4.01e-22	6.38e-19	4.75e-16	1.23e-13	8.02e-10	5.04e-07	6.43e-05	1.61e-03	2.19e-02	1.05e-01	1.76e-01	1.92e-01	4.46e-01	5.46e-02	2.09e-03
 1.82028e+22	0.00e+00	2.41e-26	5.51e-22	8.46e-19	6.06e-16	1.51e-13	9.57e-10	5.96e-07	7.46e-05	1.82e-03	2.41e-02	1.12e-01	1.83e-01	1.93e-01	4.33e-01	5.11e-02	1.89e-03
 1.84149e+22	0.00e+00	3.26e-26	7.23e-22	1.08e-18	7.44e-16	1.79e-13	1.11e-09	6.86e-07	8.46e-05	2.01e-03	2.60e-02	1.19e-01	1.89e-01	1.93e-01	4.21e-01	4.81e-02	1.72e-03
 1.86446e+22	6.41e-33	4.41e-26	9.50e-22	1.37e-18	9.17e-16	2.13e-13	1.29e-09	7.90e-07	9.58e-05	2.23e-03	2.81e-02	1.25e-01	1.94e-01	1.93e-01	4.09e-01	4.54e-02	1.58e-03
 1.89432e+22	9.85e-33	6.52e-26	1.35e-21	1.87e-18	1.20e-15	2.67e-13	1.56e-09	9.47e-07	1.13e-04	2.54e-03	3.10e-02	1.35e-01	2.01e-01	1.93e-01	3.94e-01	4.19e-02	1.40e-03
 1.92487e+22	1.52e-32	9.69e-26	1.93e-21	2.57e-18	1.58e-15	3.35e-13	1.90e-09	1.14e-06	1.32e-04	2.88e-03	3.42e-02	1.44e-01	2.09e-01	1.93e-01	3.78e-01	3.86e-02	1.24e-03
 1.94954e+22	2.15e-32	1.33e-25	2.57e-21	3.30e-18	1.96e-15	4.02e-13	2.21e-09	1.31e-06	1.50e-04	3.20e-03	3.69e-02	1.52e-01	2.14e-01	1.92e-01	3.64e-01	3.60e-02	1.12e-03
 1.97483e+22	2.98e-32	1.80e-25	3.37e-21	4.20e-18	2.42e-15	4.79e-13	2.56e-09	1.51e-06	1.69e-04	3.52e-03	3.96e-02	1.60e-01	2.19e-01	1.91e-01	3.52e-01	3.38e-02	1.02e-03
 2.00770e+22	4.55e-32	2.65e-25	4.78e-21	5.73e-18	3.16e-15	6.01e-13	3.10e-09	1.79e-06	1.97e-04	3.97e-03	4.34e-02	1.70e-01	2.25e-01	1.89e-01	3.36e-01	3.09e-02	8.94e-04
 2.04190e+22	7.01e-32	3.94e-25	6.84e-21	7.89e-18	4.17e-15	7.57e-13	3.76e-09	2.15e-06	2.31e-04	4.50e-03	4.75e-02	1.81e-01	2.32e-01	1.87e-01	3.20e-01	2.82e-02	7.82e-04
 2.07034e+22	1.00e-31	5.47e-25	9.20e-21	1.03e-17	5.23e-15	9.15e-13	4.40e-09	2.48e-06	2.62e-04	4.97e-03	5.11e-02	1.90e-01	2.36e-01	1.85e-01	3.06e-01	2.61e-02	6.98e-04
 2.09985e+22	1.41e-31	7.48e-25	1.22e-20	1.32e-17	6.52e-15	1.10e-12	5.13e-09	2.86e-06	2.96e-04	5.47e-03	5.47e-02	1.98e-01	2.41e-01	1.83e-01	2.93e-01	2.42e-02	6.27e-04
 2.13218e+22	2.04e-31	1.06e-24	1.67e-20	1.75e-17	8.30e-15	1.35e-12	6.07e-09	3.33e-06	3.38e-04	6.07e-03	5.89e-02	2.08e-01	2.45e-01	1.80e-01	2.79e-01	2.22e-02	5.54e-04
 2.16103e+22	2.82e-31	1.43e-24	2.20e-20	2.23e-17	1.03e-14	1.61e-12	7.03e-09	3.81e-06	3.79e-04	6.64e-03	6.28e-02	2.17e-01	2.48e-01	1.77e-01	2.67e-01	2.05e-02	4.97e-04
 2.18731e+22	3.76e-31	1.87e-24	2.80e-20	2.76e-17	1.24e-14	1.89e-12	8.00e-09	4.28e-06	4.19e-04	7.18e-03	6.63e-02	2.24e-01	2.51e-01	1.75e-01	2.56e-01	1.92e-02	4.51e-04
 2.21739e+22	5.17e-31	2.51e-24	3.66e-20	3.51e-17	1.52e-14	2.25e-12	9.24e-09	4.88e-06	4.68e-04	7.82e-03	7.05e-02	2.33e-01	2.54e-01	1.71e-01	2.45e-01	1.77e-02	4.04e-04
 2.25648e+22	7.72e-31	3.66e-24	5.14e-20	4.75e-17	1.98e-14	2.81e-12	1.11e-08	5.74e-06	5.38e-04	8.71e-03	7.59e-02	2.44e-01	2.57e-01	1.67e-01	2.30e-01	1.60e-02	3.51e-04
 2.29625e+22	1.15e-30	5.33e-24	7.23e-20	6.44e-17	2.58e-14	3.52e-12	1.33e-08	6.77e-06	6.18e-04	9.69e-03	8.16e-02	2.55e-01	2.59e-01	1.63e-01	2.16e-01	1.44e-02	3.03e-04
 2.32814e+22	1.57e-30	7.16e-24	9.44e-20	8.18e-17	3.18e-14	4.19e-12	1.54e-08	7.69e-06	6.88e-04	1.05e-02	8.63e-02	2.63e-01	2.61e-01	1.59e-01	2.06e-01	1.33e-02	2.70e-04
 2.36087e+22	2.13e-30	9.57e-24	1.23e-19	1.03e-16	3.90e-14	4.98e-12	1.77e-08	8.72e-06	7.65e-04	1.14e-02	9.11e-02	2.71e-01	2.62e-01	1.56e-01	1.95e-01	1.22e-02	2.41e-04
 2.40342e+22	3.13e-30	1.38e-23	1.71e-19	1.39e-16	5.05e-14	6.21e-12	2.12e-08	1.02e-05	8.73e-04	1.26e-02	9.73e-02	2.82e-01	2.63e-01	1.51e-01	1.82e-01	1.10e-02	2.08e-04
 2.44816e+22	4.65e-30	2.02e-23	2.42e-19	1.90e-16	6.61e-14	7.80e-12	2.56e-08	1.20e-05	1.00e-03	1.39e-02	1.04e-01	2.92e-01	2.63e-01	1.46e-01	1.70e-01	9.80e-03	1.78e-04
 2.48610e+22	6.44e-30	2.77e-23	3.22e-19	2.45e-16	8.27e-14	9.42e-12	2.99e-08	1.38e-05	1.12e-03	1.51e-02	1.10e-01	3.01e-01	2.63e-01	1.41e-01	1.60e-01	8.90e-03	1.57e-04
 2.51928e+22	8.47e-30	3.62e-23	4.10e-19	3.04e-16	9.99e-14	1.11e-11	3.40e-08	1.54e-05	1.23e-03	1.62e-02	1.15e-01	3.08e-01	2.63e-01	1.37e-01	1.51e-01	8.20e-03	1.40e-04
 2.55594e+22	1.14e-29	4.81e-23	5.32e-19	3.84e-16	1.22e-13	1.31e-11	3.92e-08	1.74e-05	1.36e-03	1.75e-02	1.20e-01	3.15e-01	2.62e-01	1.33e-01	1.43e-01	7.49e-03	1.24e-04
 2.60361e+22	1.64e-29	6.91e-23	7.39e-19	5.15e-16	1.58e-13	1.64e-11	4.68e-08	2.03e-05	1.54e-03	1.92e-02	1.28e-01	3.24e-01	2.60e-01	1.28e-01	1.33e-01	6.68e-03	1.06e-04
 2.65304e+22	2.39e-29	1.00e-22	1.04e-18	6.97e-16	2.06e-13	2.05e-11	5.63e-08	2.37e-05	1.75e-03	2.10e-02	1.35e-01	3.33e-01	2.58e-01	1.22e-01	1.22e-01	5.92e-03	9.05e-05
 2.69418e+22	3.22e-29	1.35e-22	1.36e-18	8.90e-16	2.55e-13	2.46e-11	6.53e-08	2.69e-05	1.94e-03	2.26e-02	1.42e-01	3.40e-01	2.56e-01	1.18e-01	1.15e-01	5.36e-03	7.93e-05
 2.73706e+22	4.35e-29	1.83e-22	1.79e-18	1.14e-15	3.16e-13	2.95e-11	7.58e-08	3.06e-05	2.14e-03	2.44e-02	1.48e-01	3.46e-01	2.54e-01	1.13e-01	1.07e-01	4.85e-03	6.94e-05
 2.79281e+22	6.33e-29	2.67e-22	2.53e-18	1.55e-15	4.15e-13	3.72e-11	9.15e-08	3.59e-05	2.44e-03	2.67e-02	1.56e-01	3.54e-01	2.50e-01	1.08e-01	9.82e-02	4.26e-03	5.85e-05
 2.85167e+22	9.32e-29	3.98e-22	3.62e-18	2.14e-15	5.50e-13	4.73e-11	1.11e-07	4.23e-05	2.78e-03	2.93e-02	1.65e-01	3.62e-01	2.46e-01	1.02e-01	8.95e-02	3.71e-03	4.88e-05
 2.90231e+22	1.28e-28	5.54e-22	4.90e-18	2.81e-15	6.97e-13	5.79e-11	1.31e-07	4.86e-05	3.10e-03	3.17e-02	1.73e-01	3.67e-01	2.42e-01	9.72e-02	8.26e-02	3.31e-03	4.19e-05
 2.95587e+22	1.77e-28	7.75e-22	6.65e-18	3.69e-15	8.86e-13	7.10e-11	1.55e-07	5.59e-05	3.46e-03	3.42e-02	1.81e-01	3.73e-01	2.37e-01	9.24e-02	7.61e-02	2.93e-03	3.58e-05
 3.01441e+22	2.49e-28	1.11e-21	9.25e-18	4.96e-15	1.15e-12	8.86e-11	1.86e-07	6.50e-05	3.89e-03	3.71e-02	1.89e-01	3.78e-01	2.32e-01	8.73e-02	6.95e-02	2.57e-03	3.02e-05
 3.06736e+22	3.37e-28	1.54e-21	1.24e-17	6.45e-15	1.44e-12	1.08e-10	2.18e-07	7.41e-05	4.32e-03	3.99e-02	1.97e-01	3.82e-01	2.27e-01	8.28e-02	6.40e-02	2.29e-03	2.58e-05
 3.12412e+22	4.59e-28	2.14e-21	1.67e-17	8.45e-15	1.83e-12	1.32e-10	2.57e-07	8.50e-05	4.80e-03	4.29e-02	2.05e-01	3.86e-01	2.22e-01	7.84e-02	5.87e-02	2.02e-03	2.20e-05
 3.19791e+22	6.72e-28	3.23e-21	2.44e-17	1.18e-14	2.46e-12	1.70e-10	3.16e-07	1.01e-04	5.47e-03	4.68e-02	2.15e-01	3.90e-01	2.15e-01	7.30e-02	5.27e-02	1.73e-03	1.80e-05
 3.27062e+22	9.67e-28	4.87e-21	3.54e-17	1.65e-14	3.29e-12	2.18e-10	3.87e-07	1.19e-04	6.22e-03	5.11e-02	2.25e-01	3.93e-01	2.08e-01	6.78e-02	4.71e-02	1.48e-03	1.47e-05
 3.32510e+22	1.25e-27	6.53e-21	4.62e-17	2.10e-14	4.06e-12	2.61e-10	4.47e-07	1.34e-04	6.81e-03	5.43e-02	2.32e-01	3.95e-01	2.03e-01	6.43e-02	4.35e-02	1.32e-03	1.27e-05
 3.37906e+22	1.62e-27	8.67e-21	5.98e-17	2.65e-14	4.97e-12	3.10e-10	5.15e-07	1.50e-04	7.43e-03	5.75e-02	2.39e-01	3.96e-01	1.98e-01	6.09e-02	4.01e-02	1.18e-03	1.10e-05
 3.44922e+22	2.22e-27	1.24e-20	8.26e-17	3.54e-14	6.41e-12	3.85e-10	6.15e-07	1.74e-04	8.29e-03	6.18e-02	2.47e-01	3.97e-01	1.91e-01	5.69e-02	3.63e-02	1.02e-03	9.16e-06
 3.52446e+22	3.10e-27	1.82e-20	1.17e-16	4.84e-14	8.44e-12	4.87e-10	7.43e-07	2.03e-04	9.31e-03	6.67e-02	2.56e-01	3.97e-01	1.84e-01	5.27e-02	3.24e-02	8.76e-04	7.50e-06
 3.58975e+22	4.08e-27	2.50e-20	1.57e-16	6.29e-14	1.06e-11	5.93e-10	8.72e-07	2.30e-04	1.03e-02	7.10e-02	2.64e-01	3.97e-01	1.78e-01	4.93e-02	2.95e-02	7.68e-04	6.34e-06
 3.65808e+22	5.40e-27	3.46e-20	2.11e-16	8.20e-14	1.34e-11	7.23e-10	1.02e-06	2.62e-04	1.13e-02	7.56e-02	2.72e-01	3.96e-01	1.71e-01	4.61e-02	2.68e-02	6.71e-04	5.34e-06
 3.74691e+22	7.59e-27	5.17e-20	3.03e-16	1.14e-13	1.78e-11	9.23e-10	1.25e-06	3.08e-04	1.27e-02	8.15e-02	2.81e-01	3.94e-01	1.64e-01	4.23e-02	2.37e-02	5.67e-04	4.31e-06
 3.83792e+22	1.07e-26	7.87e-20	4.45e-16	1.61e-13	2.41e-11	1.19e-09	1.54e-06	3.64e-04	1.44e-02	8.81e-02	2.90e-01	3.92e-01	1.55e-01	3.86e-02	2.08e-02	4.73e-04	3.43e-06
 3.91065e+22	1.40e-26	1.09e-19	5.97e-16	2.09e-13	3.04e-11	1.46e-09	1.80e-06	4.13e-04	1.58e-02	9.33e-02	2.97e-01	3.89e-01	1.49e-01	3.59e-02	1.88e-02	4.11e-04	2.87e-06
 3.98410e+22	1.81e-26	1.48e-19	7.93e-16	2.70e-13	3.80e-11	1.76e-09	2.10e-06	4.67e-04	1.73e-02	9.87e-02	3.04e-01	3.86e-01	1.43e-01	3.33e-02	1.70e-02	3.59e-04	2.41e-06
 4.07958e+22	2.50e-26	2.20e-19	1.13e-15	3.72e-13	5.04e-11	2.24e-09	2.56e-06	5.46e-04	1.94e-02	1.06e-01	3.12e-01	3.81e-01	1.36e-01	3.04e-02	1.49e-02	3.01e-04	1.93e-06
 4.17357e+22	3.38e-26	3.25e-19	1.62e-15	5.13e-13	6.67e-11	2.85e-09	3.10e-06	6.36e-04	2.16e-02	1.13e-01	3.20e-01	3.76e-01	1.28e-01	2.76e-02	1.31e-02	2.52e-04	1.55e-06
 4.24372e+22	4.21e-26	4.29e-19	2.09e-15	6.45e-13	8.16e-11	3.39e-09	3.56e-06	7.10e-04	2.34e-02	1.18e-01	3.25e-01	3.72e-01	1.23e-01	2.58e-02	1.19e-02	2.22e-04	1.32e-06
 4.31304e+22	5.21e-26	5.61e-19	2.67e-15	8.04e-13	9.90e-11	4.00e-09	4.07e-06	7.89e-04	2.52e-02	1.24e-01	3.30e-01	3.68e-01	1.18e-01	2.41e-02	1.09e-02	1.96e-04	1.12e-06
 4.40316e+22	6.85e-26	7.89e-19	3.65e-15	1.07e-12	1.27e-10	4.94e-09	4.82e-06	9.01e-04	2.77e-02	1.31e-01	3.35e-01	3.62e-01	1.12e-01	2.21e-02	9.64e-03	1.67e-04	9.19e-07
 4.49965e+22	9.00e-26	1.13e-18	5.07e-15	1.43e-12	1.64e-10	6.17e-09	5.77e-06	1.04e-03	3.06e-02	1.38e-01	3.41e-01	3.55e-01	1.05e-01	2.01e-02	8.49e-03	1.41e-04	7.42e-07
 4.58410e+22	1.13e-25	1.54e-18	6.72e-15	1.85e-12	2.06e-10	7.48e-09	6.72e-06	1.17e-03	3.32e-02	1.45e-01	3.46e-01	3.49e-01	1.00e-01	1.85e-02	7.60e-03	1.21e-04	6.16e-07
 4.67353e+22	1.44e-25	2.10e-18	8.93e-15	2.39e-12	2.58e-10	9.08e-09	7.85e-06	1.32e-03	3.62e-02	1.52e-01	3.50e-01	3.42e-01	9.48e-02	1.70e-02	6.78e-03	1.04e-04	5.09e-07
 4.78979e+22	1.94e-25	3.10e-18	1.28e-14	3.31e-12	3.43e-10	1.16e-08	9.56e-06	1.54e-03	4.02e-02	1.61e-01	3.55e-01	3.33e-01	8.83e-02	1.52e-02	5.86e-03	8.56e-05	3.99e-07
 4.90807e+22	2.62e-25	4.64e-18	1.85e-14	4.63e-12	4.61e-10	1.50e-08	1.17e-05	1.80e-03	4.47e-02	1.71e-01	3.59e-01	3.24e-01	8.19e-02	1.36e-02	5.03e-03	6.99e-05	3.10e-07
 5.00196e+22	3.24e-25	6.33e-18	2.46e-14	5.99e-12	5.78e-10	1.82e-08	1.37e-05	2.03e-03	4.86e-02	1.78e-01	3.61e-01	3.16e-01	7.71e-02	1.24e-02	4.46e-03	5.96e-05	2.54e-07
 5.09701e+22	4.04e-25	8.51e-18	3.23e-14	7.68e-12	7.21e-10	2.20e-08	1.59e-05	2.28e-03	5.25e-02	1.86e-01	3.63e-01	3.08e-01	7.27e-02	1.13e-02	3.97e-03	5.10e-05	2.09e-07
 5.22056e+22	5.30e-25	1.24e-17	4.56e-14	1.05e-11	9.50e-10	2.79e-08	1.92e-05	2.64e-03	5.79e-02	1.95e-01	3.65e-01	2.98e-01	6.73e-02	1.01e-02	3.41e-03	4.19e-05	1.64e-07
 5.35220e+22	7.00e-25	1.84e-17	6.60e-14	1.47e-11	1.28e-09	3.61e-08	2.36e-05	3.09e-03	6.42e-02	2.05e-01	3.67e-01	2.87e-01	6.17e-02	8.90e-03	2.90e-03	3.37e-05	1.25e-07
 5.46506e+22	8.78e-25	2.58e-17	9.01e-14	1.96e-11	1.65e-09	4.50e-08	2.81e-05	3.53e-03	7.00e-02	2.14e-01	3.67e-01	2.77e-01	5.73e-02	7.98e-03	2.52e-03	2.80e-05	0.00e+00
 5.58246e+22	1.09e-24	3.55e-17	1.21e-13	2.57e-11	2.10e-09	5.55e-08	3.32e-05	4.01e-03	7.60e-02	2.23e-01	3.67e-01	2.68e-01	5.32e-02	7.17e-03	2.19e-03	2.34e-05	0.00e+00
 5.73508e+22	1.44e-24	5.34e-17	1.78e-13	3.65e-11	2.86e-09	7.27e-08	4.11e-05	4.72e-03	8.43e-02	2.33e-01	3.66e-01	2.56e-01	4.82e-02	6.23e-03	1.83e-03	1.85e-05	0.00e+00
 5.89135e+22	1.89e-24	8.12e-17	2.62e-13	5.23e-11	3.95e-09	9.61e-08	5.12e-05	5.58e-03	9.37e-02	2.45e-01	3.63e-01	2.43e-01	4.34e-02	5.38e-03	1.52e-03	1.45e-05	0.00e+00
 6.01678e+22	2.30e-24	1.13e-16	3.57e-13	6.96e-11	5.10e-09	1.20e-07	6.11e-05	6.38e-03	1.02e-01	2.53e-01	3.60e-01	2.32e-01	3.99e-02	4.77e-03	1.30e-03	1.19e-05	0.00e+00
 6.12326e+22	2.69e-24	1.46e-16	4.55e-13	8.70e-11	6.22e-09	1.43e-07	7.02e-05	7.08e-03	1.08e-01	2.60e-01	3.58e-01	2.24e-01	3.72e-02	4.33e-03	1.15e-03	1.01e-05	0.00e+00
 6.24067e+22	3.20e-24	1.93e-16	5.91e-13	1.11e-10	7.73e-09	1.73e-07	8.16e-05	7.93e-03	1.16e-01	2.67e-01	3.54e-01	2.15e-01	3.44e-02	3.89e-03	1.01e-03	8.50e-06	0.00e+00
 6.39331e+22	3.96e-24	2.72e-16	8.19e-13	1.50e-10	1.02e-08	2.21e-07	9.86e-05	9.14e-03	1.27e-01	2.76e-01	3.49e-01	2.03e-01	3.11e-02	3.39e-03	8.49e-04	6.81e-06	0.00e+00
 6.55559e+22	4.89e-24	3.92e-16	1.16e-12	2.08e-10	1.36e-08	2.85e-07	1.21e-04	1.06e-02	1.38e-01	2.85e-01	3.43e-01	1.91e-01	2.78e-02	2.92e-03	7.04e-04	5.36e-06	0.00e+00
 6.69480e+22	5.81e-24	5.32e-16	1.55e-12	2.73e-10	1.74e-08	3.54e-07	1.43e-04	1.21e-02	1.49e-01	2.93e-01	3.37e-01	1.81e-01	2.53e-02	2.57e-03	6.00e-04	4.36e-06	0.00e+00
 6.81910e+22	6.71e-24	6.87e-16	1.98e-12	3.44e-10	2.14e-08	4.27e-07	1.66e-04	1.34e-02	1.58e-01	2.99e-01	3.31e-01	1.72e-01	2.32e-02	2.29e-03	5.21e-04	3.64e-06	0.00e+00
 6.95961e+22	7.83e-24	9.02e-16	2.57e-12	4.39e-10	2.68e-08	5.20e-07	1.93e-04	1.51e-02	1.69e-01	3.05e-01	3.24e-01	1.63e-01	2.11e-02	2.03e-03	4.48e-04	3.00e-06	0.00e+00
 7.14227e+22	9.43e-24	1.27e-15	3.55e-12	5.98e-10	3.54e-08	6.68e-07	2.35e-04	1.74e-02	1.83e-01	3.12e-01	3.15e-01	1.52e-01	1.87e-02	1.73e-03	3.68e-04	2.34e-06	0.00e+00
 7.33272e+22	1.14e-23	1.80e-15	5.00e-12	8.28e-10	4.75e-08	8.71e-07	2.89e-04	2.02e-02	1.99e-01	3.18e-01	3.04e-01	1.40e-01	1.64e-02	1.46e-03	2.98e-04	1.79e-06	0.00e+00
 7.48928e+22	1.31e-23	2.38e-15	6.56e-12	1.07e-09	6.01e-08	1.08e-06	3.41e-04	2.28e-02	2.12e-01	3.23e-01	2.95e-01	1.31e-01	1.47e-02	1.26e-03	2.51e-04	1.44e-06	0.00e+00
 7.64878e+22	1.50e-23	3.08e-15	8.41e-12	1.36e-09	7.48e-08	1.31e-06	3.97e-04	2.54e-02	2.24e-01	3.26e-01	2.86e-01	1.23e-01	1.32e-02	1.10e-03	2.13e-04	1.17e-06	0.00e+00
 7.85614e+22	1.77e-23	4.23e-15	1.15e-11	1.83e-09	9.82e-08	1.67e-06	4.80e-04	2.91e-02	2.41e-01	3.30e-01	2.75e-01	1.12e-01	1.15e-02	9.27e-04	1.73e-04	9.03e-07	0.00e+00
 8.07601e+22	2.09e-23	5.92e-15	1.59e-11	2.51e-09	1.31e-07	2.18e-06	5.88e-04	3.37e-02	2.59e-01	3.33e-01	2.61e-01	1.02e-01	9.91e-03	7.65e-04	1.37e-04	6.78e-07	0.00e+00
 8.26214e+22	2.39e-23	7.76e-15	2.08e-11	3.25e-09	1.66e-07	2.70e-06	6.93e-04	3.78e-02	2.74e-01	3.34e-01	2.50e-01	9.36e-02	8.72e-03	6.51e-04	1.13e-04	5.33e-07	0.00e+00
 8.45412e+22	2.71e-23	9.97e-15	2.67e-11	4.13e-09	2.07e-07	3.29e-06	8.09e-04	4.21e-02	2.88e-01	3.35e-01	2.39e-01	8.61e-02	7.70e-03	5.57e-04	9.43e-05	4.24e-07	0.00e+00
 8.70371e+22	3.16e-23	1.35e-14	3.62e-11	5.55e-09	2.72e-07	4.22e-06	9.78e-04	4.81e-02	3.07e-01	3.34e-01	2.26e-01	7.73e-02	6.56e-03	4.57e-04	7.46e-05	3.18e-07	0.00e+00
 8.96974e+22	3.72e-23	1.88e-14	5.00e-11	7.61e-09	3.63e-07	5.50e-06	1.20e-03	5.52e-02	3.26e-01	3.32e-01	2.11e-01	6.85e-02	5.50e-03	3.67e-04	5.77e-05	2.31e-07	0.00e+00
 9.19759e+22	4.24e-23	2.45e-14	6.53e-11	9.86e-09	4.62e-07	6.85e-06	1.41e-03	6.18e-02	3.42e-01	3.30e-01	1.98e-01	6.17e-02	4.72e-03	3.05e-04	4.64e-05	1.77e-07	0.00e+00
 9.43426e+22	4.80e-23	3.12e-14	8.32e-11	1.25e-08	5.74e-07	8.37e-06	1.65e-03	6.85e-02	3.57e-01	3.26e-01	1.87e-01	5.57e-02	4.09e-03	2.56e-04	3.78e-05	1.38e-07	0.00e+00
 9.68913e+22	5.47e-23	4.05e-14	1.09e-10	1.62e-08	7.32e-07	1.05e-05	1.95e-03	7.66e-02	3.73e-01	3.21e-01	1.74e-01	4.96e-02	3.46e-03	2.09e-04	2.99e-05	0.00e+00	0.00e+00
 9.90786e+22	6.13e-23	5.05e-14	1.35e-10	2.01e-08	8.92e-07	1.25e-05	2.23e-03	8.38e-02	3.86e-01	3.16e-01	1.64e-01	4.49e-02	3.01e-03	1.77e-04	2.46e-05	0.00e+00	0.00e+00
 1.01324e+23	6.79e-23	6.14e-14	1.65e-10	2.44e-08	1.07e-06	1.48e-05	2.52e-03	9.08e-02	3.97e-01	3.11e-01	1.54e-01	4.09e-02	2.64e-03	1.51e-04	2.05e-05	0.00e+00	0.00e+00
 1.04243e+23	7.72e-23	7.81e-14	2.11e-10	3.10e-08	1.33e-06	1.81e-05	2.94e-03	1.00e-01	4.11e-01	3.04e-01	1.43e-01	3.62e-02	2.24e-03	1.24e-04	1.63e-05	0.00e+00	0.00e+00
 1.07404e+23	8.89e-23	1.02e-13	2.75e-10	4.04e-08	1.70e-06	2.27e-05	3.47e-03	1.11e-01	4.25e-01	2.96e-01	1.31e-01	3.15e-02	1.85e-03	9.88e-05	1.26e-05	0.00e+00	0.00e+00
 1.10101e+23	9.94e-23	1.26e-13	3.44e-10	5.03e-08	2.08e-06	2.74e-05	3.98e-03	1.22e-01	4.36e-01	2.88e-01	1.21e-01	2.80e-02	1.57e-03	8.14e-05	1.01e-05	0.00e+00	0.00e+00
 1.12411e+23	1.09e-22	1.50e-13	4.09e-10	5.95e-08	2.43e-06	3.15e-05	4.42e-03	1.30e-01	4.44e-01	2.81e-01	1.14e-01	2.54e-02	1.38e-03	7.01e-05	8.50e-06	0.00e+00	0.00e+00
 1.14998e+23	1.20e-22	1.78e-13	4.89e-10	7.10e-08	2.86e-06	3.67e-05	4.94e-03	1.39e-01	4.52e-01	2.74e-01	1.06e-01	2.29e-02	1.20e-03	5.96e-05	7.06e-06	0.00e+00	0.00e+00
 1.18360e+23	1.35e-22	2.20e-13	6.07e-10	8.79e-08	3.49e-06	4.40e-05	5.64e-03	1.50e-01	4.60e-01	2.65e-01	9.77e-02	2.02e-02	1.01e-03	4.87e-05	5.61e-06	0.00e+00	0.00e+00
 1.22124e+23	1.54e-22	2.80e-13	7.75e-10	1.12e-07	4.35e-06	5.39e-05	6.54e-03	1.64e-01	4.69e-01	2.54e-01	8.83e-02	1.74e-02	8.32e-04	3.87e-05	4.32e-06	0.00e+00	0.00e+00
 1.25587e+23	1.72e-22	3.45e-13	9.63e-10	1.39e-07	5.31e-06	6.49e-05	7.48e-03	1.78e-01	4.75e-01	2.43e-01	8.03e-02	1.51e-02	6.92e-04	3.13e-05	3.39e-06	0.00e+00	0.00e+00
 1.28710e+23	1.91e-22	4.13e-13	1.15e-09	1.65e-07	6.24e-06	7.52e-05	8.32e-03	1.89e-01	4.80e-01	2.35e-01	7.41e-02	1.34e-02	5.94e-04	2.62e-05	2.78e-06	0.00e+00	0.00e+00
 1.32209e+23	2.10e-22	4.91e-13	1.38e-09	1.98e-07	7.36e-06	8.77e-05	9.29e-03	2.01e-01	4.83e-01	2.25e-01	6.80e-02	1.19e-02	5.05e-04	2.18e-05	2.25e-06	0.00e+00	0.00e+00
 1.36758e+23	2.35e-22	6.04e-13	1.72e-09	2.44e-07	8.96e-06	1.05e-04	1.06e-02	2.17e-01	4.87e-01	2.14e-01	6.12e-02	1.02e-02	4.15e-04	1.74e-05	1.75e-06	0.00e+00	0.00e+00
 1.41889e+23	2.70e-22	7.71e-13	2.20e-09	3.12e-07	1.12e-05	1.29e-04	1.23e-02	2.35e-01	4.89e-01	2.01e-01	5.39e-02	8.52e-03	3.29e-04	1.34e-05	1.30e-06	0.00e+00	0.00e+00
