#depth	C	C+	C+2	C+3	C+4	C+5	C+6	C[1]	C[2]	C[3]	C+[1]	C+[2]	CO
 6.17135e+19	0.00e+00	2.35e-28	6.58e-21	1.77e-14	1.06e-08	1.20e-04	1.00e+00	0.00e+00	0.00e+00	0.00e+00	0.00e+00	0.00e+00	3.64e-90
 1.87609e+20	0.00e+00	3.72e-28	9.35e-21	2.27e-14	1.25e-08	1.32e-04	1.00e+00	0.00e+00	0.00e+00	0.00e+00	0.00e+00	0.00e+00	3.65e-90
 3.18540e+20	0.00e+00	5.92e-28	1.33e-20	2.90e-14	1.48e-08	1.46e-04	1.00e+00	0.00e+00	0.00e+00	0.00e+00	0.00e+00	0.00e+00	3.66e-90
 4.54709e+20	0.00e+00	9.45e-28	1.89e-20	3.70e-14	1.76e-08	1.61e-04	1.00e+00	0.00e+00	0.00e+00	0.00e+00	0.00e+00	0.00e+00	3.61e-90
 5.47369e+20	0.00e+00	1.29e-27	2.40e-20	4.34e-14	1.96e-08	1.72e-04	1.00e+00	0.00e+00	0.00e+00	0.00e+00	0.00e+00	0.00e+00	3.34e-90
 5.83446e+20	0.00e+00	1.46e-27	2.63e-20	4.62e-14	2.05e-08	1.76e-04	1.00e+00	0.00e+00	0.00e+00	0.00e+00	0.00e+00	0.00e+00	2.84e-90
 6.12971e+20	0.00e+00	1.60e-27	2.82e-20	4.85e-14	2.12e-08	1.80e-04	1.00e+00	0.00e+00	0.00e+00	0.00e+00	0.00e+00	0.00e+00	2.37e-90
 6.51354e+20	0.00e+00	1.81e-27	3.09e-20	5.17e-14	2.22e-08	1.85e-04	1.00e+00	0.00e+00	0.00e+00	0.00e+00	0.00e+00	0.00e+00	1.99e-90
 7.01251e+20	0.00e+00	2.13e-27	3.49e-20	5.61e-14	2.35e-08	1.91e-04	1.00e+00	0.00e+00	0.00e+00	0.00e+00	0.00e+00	0.00e+00	1.68e-90
 7.66118e+20	0.00e+00	2.62e-27	4.07e-20	6.22e-14	2.53e-08	2.00e-04	1.00e+00	0.00e+00	0.00e+00	0.00e+00	0.00e+00	0.00e+00	1.44e-90
 8.31573e+20	0.00e+00	3.21e-27	4.74e-20	6.89e-14	2.72e-08	2.09e-04	1.00e+00	0.00e+00	0.00e+00	0.00e+00	0.00e+00	0.00e+00	1.22e-90
 8.83269e+20	0.00e+00	3.78e-27	5.34e-20	7.46e-14	2.87e-08	2.17e-04	1.00e+00	0.00e+00	0.00e+00	0.00e+00	0.00e+00	0.00e+00	1.01e-90
 9.35948e+20	0.00e+00	4.44e-27	6.02e-20	8.08e-14	3.04e-08	2.24e-04	1.00e+00	0.00e+00	0.00e+00	0.00e+00	0.00e+00	0.00e+00	8.35e-91
 1.00443e+21	0.00e+00	5.45e-27	7.01e-20	8.94e-14	3.27e-08	2.35e-04	1.00e+00	0.00e+00	0.00e+00	0.00e+00	0.00e+00	0.00e+00	6.93e-91
 1.07257e+21	0.00e+00	6.70e-27	8.15e-20	9.87e-14	3.51e-08	2.46e-04	1.00e+00	0.00e+00	0.00e+00	0.00e+00	0.00e+00	0.00e+00	5.70e-91
 1.12439e+21	0.00e+00	7.78e-27	9.11e-20	1.06e-13	3.70e-08	2.54e-04	1.00e+00	0.00e+00	0.00e+00	0.00e+00	0.00e+00	0.00e+00	4.57e-91
 1.17588e+21	0.00e+00	9.03e-27	1.02e-19	1.14e-13	3.89e-08	2.62e-04	1.00e+00	0.00e+00	0.00e+00	0.00e+00	0.00e+00	0.00e+00	3.62e-91
 1.24282e+21	0.00e+00	1.09e-26	1.17e-19	1.25e-13	4.16e-08	2.74e-04	1.00e+00	0.00e+00	0.00e+00	0.00e+00	0.00e+00	0.00e+00	8.65e-92
 1.31268e+21	0.00e+00	1.33e-26	1.35e-19	1.37e-13	4.45e-08	2.86e-04	1.00e+00	0.00e+00	0.00e+00	0.00e+00	0.00e+00	0.00e+00	6.87e-92
 1.36899e+21	0.00e+00	1.56e-26	1.51e-19	1.48e-13	4.69e-08	2.97e-04	1.00e+00	0.00e+00	0.00e+00	0.00e+00	0.00e+00	0.00e+00	5.33e-92
 1.41733e+21	0.00e+00	1.78e-26	1.67e-19	1.57e-13	4.91e-08	3.06e-04	1.00e+00	0.00e+00	0.00e+00	0.00e+00	0.00e+00	0.00e+00	4.07e-92
 1.47267e+21	0.00e+00	2.06e-26	1.86e-19	1.68e-13	5.17e-08	3.16e-04	1.00e+00	0.00e+00	0.00e+00	0.00e+00	0.00e+00	0.00e+00	3.10e-92
 1.54461e+21	0.00e+00	2.51e-26	2.14e-19	1.84e-13	5.52e-08	3.30e-04	1.00e+00	0.00e+00	0.00e+00	0.00e+00	0.00e+00	0.00e+00	2.38e-92
 1.61736e+21	0.00e+00	3.04e-26	2.46e-19	2.00e-13	5.89e-08	3.45e-04	1.00e+00	0.00e+00	0.00e+00	0.00e+00	0.00e+00	0.00e+00	1.83e-92
 1.67564e+21	0.00e+00	3.54e-26	2.74e-19	2.15e-13	6.19e-08	3.58e-04	1.00e+00	0.00e+00	0.00e+00	0.00e+00	0.00e+00	0.00e+00	1.40e-92
 1.73586e+21	0.00e+00	4.13e-26	3.06e-19	2.30e-13	6.52e-08	3.71e-04	1.00e+00	0.00e+00	0.00e+00	0.00e+00	0.00e+00	0.00e+00	1.07e-92
 1.80309e+21	0.00e+00	4.90e-26	3.45e-19	2.48e-13	6.90e-08	3.86e-04	1.00e+00	0.00e+00	0.00e+00	0.00e+00	0.00e+00	0.00e+00	3.90e-93
 1.86552e+21	0.00e+00	5.73e-26	3.86e-19	2.65e-13	7.27e-08	4.00e-04	1.00e+00	0.00e+00	0.00e+00	0.00e+00	0.00e+00	0.00e+00	3.06e-93
 1.92334e+21	0.00e+00	6.60e-26	4.27e-19	2.82e-13	7.62e-08	4.14e-04	1.00e+00	0.00e+00	0.00e+00	0.00e+00	0.00e+00	0.00e+00	5.87e-93
 1.98906e+21	0.00e+00	7.74e-26	4.78e-19	3.02e-13	8.03e-08	4.30e-04	1.00e+00	0.00e+00	0.00e+00	0.00e+00	0.00e+00	0.00e+00	9.22e-93
 2.06212e+21	0.00e+00	9.22e-26	5.41e-19	3.25e-13	8.51e-08	4.48e-04	1.00e+00	0.00e+00	0.00e+00	0.00e+00	0.00e+00	0.00e+00	1.62e-92
 2.12971e+21	3.77e-34	1.08e-25	6.05e-19	3.48e-13	8.96e-08	4.65e-04	1.00e+00	0.00e+00	0.00e+00	0.00e+00	0.00e+00	0.00e+00	1.78e-92
 2.19263e+21	4.55e-34	1.25e-25	6.70e-19	3.70e-13	9.40e-08	4.81e-04	1.00e+00	0.00e+00	0.00e+00	0.00e+00	0.00e+00	0.00e+00	3.08e-92
 2.26452e+21	5.63e-34	1.47e-25	7.52e-19	3.96e-13	9.92e-08	5.01e-04	9.99e-01	0.00e+00	0.00e+00	0.00e+00	0.00e+00	0.00e+00	5.79e-92
 2.34250e+21	7.06e-34	1.75e-25	8.50e-19	4.25e-13	1.05e-07	5.22e-04	9.99e-01	0.00e+00	0.00e+00	0.00e+00	0.00e+00	0.00e+00	1.03e-91
 2.41228e+21	8.62e-34	2.04e-25	9.46e-19	4.53e-13	1.10e-07	5.42e-04	9.99e-01	0.00e+00	0.00e+00	0.00e+00	0.00e+00	0.00e+00	1.60e-91
 2.47567e+21	1.03e-33	2.34e-25	1.04e-18	4.79e-13	1.16e-07	5.60e-04	9.99e-01	0.00e+00	0.00e+00	0.00e+00	0.00e+00	0.00e+00	3.03e-91
 2.54688e+21	1.25e-33	2.73e-25	1.16e-18	5.10e-13	1.21e-07	5.81e-04	9.99e-01	0.00e+00	0.00e+00	0.00e+00	0.00e+00	0.00e+00	4.76e-91
 2.62678e+21	1.56e-33	3.22e-25	1.30e-18	5.46e-13	1.28e-07	6.06e-04	9.99e-01	0.00e+00	0.00e+00	0.00e+00	0.00e+00	0.00e+00	8.34e-91
 2.70183e+21	1.91e-33	3.76e-25	1.45e-18	5.81e-13	1.35e-07	6.29e-04	9.99e-01	0.00e+00	0.00e+00	0.00e+00	0.00e+00	0.00e+00	1.30e-90
 2.77214e+21	2.30e-33	4.33e-25	1.60e-18	6.15e-13	1.41e-07	6.51e-04	9.99e-01	0.00e+00	0.00e+00	0.00e+00	0.00e+00	0.00e+00	2.15e-90
 2.85245e+21	2.83e-33	5.08e-25	1.79e-18	6.56e-13	1.49e-07	6.77e-04	9.99e-01	0.00e+00	0.00e+00	0.00e+00	0.00e+00	0.00e+00	4.07e-90
 2.93870e+21	3.52e-33	6.01e-25	2.01e-18	7.02e-13	1.58e-07	7.06e-04	9.99e-01	0.00e+00	0.00e+00	0.00e+00	0.00e+00	0.00e+00	7.26e-90
 3.01455e+21	4.25e-33	6.96e-25	2.23e-18	7.44e-13	1.66e-07	7.31e-04	9.99e-01	0.00e+00	0.00e+00	0.00e+00	0.00e+00	0.00e+00	1.11e-89
 3.09500e+21	5.18e-33	8.09e-25	2.47e-18	7.91e-13	1.74e-07	7.59e-04	9.99e-01	0.00e+00	0.00e+00	0.00e+00	0.00e+00	0.00e+00	2.08e-89
 3.18542e+21	6.44e-33	9.57e-25	2.78e-18	8.47e-13	1.84e-07	7.91e-04	9.99e-01	0.00e+00	0.00e+00	0.00e+00	0.00e+00	0.00e+00	3.69e-89
 3.27072e+21	7.88e-33	1.12e-24	3.10e-18	9.02e-13	1.94e-07	8.22e-04	9.99e-01	0.00e+00	0.00e+00	0.00e+00	0.00e+00	0.00e+00	5.81e-89
 3.35110e+21	9.50e-33	1.29e-24	3.43e-18	9.56e-13	2.04e-07	8.51e-04	9.99e-01	0.00e+00	0.00e+00	0.00e+00	0.00e+00	0.00e+00	9.73e-89
 3.44314e+21	1.17e-32	1.52e-24	3.84e-18	1.02e-12	2.15e-07	8.85e-04	9.99e-01	0.00e+00	0.00e+00	0.00e+00	0.00e+00	0.00e+00	1.88e-88
 3.54606e+21	1.47e-32	1.81e-24	4.35e-18	1.10e-12	2.29e-07	9.24e-04	9.99e-01	0.00e+00	0.00e+00	0.00e+00	0.00e+00	0.00e+00	2.96e-88
 3.63785e+21	1.80e-32	2.11e-24	4.85e-18	1.17e-12	2.42e-07	9.60e-04	9.99e-01	0.00e+00	0.00e+00	0.00e+00	0.00e+00	0.00e+00	5.48e-88
 3.71733e+21	2.14e-32	2.41e-24	5.33e-18	1.24e-12	2.53e-07	9.92e-04	9.99e-01	0.00e+00	0.00e+00	0.00e+00	0.00e+00	0.00e+00	1.11e-87
 3.80607e+21	2.57e-32	2.79e-24	5.90e-18	1.32e-12	2.66e-07	1.03e-03	9.99e-01	0.00e+00	0.00e+00	0.00e+00	0.00e+00	0.00e+00	1.00e-87
 3.92143e+21	3.29e-32	3.36e-24	6.74e-18	1.42e-12	2.84e-07	1.07e-03	9.99e-01	0.00e+00	0.00e+00	0.00e+00	0.00e+00	0.00e+00	2.56e-87
 4.03832e+21	4.17e-32	4.05e-24	7.68e-18	1.54e-12	3.03e-07	1.12e-03	9.99e-01	0.00e+00	0.00e+00	0.00e+00	0.00e+00	0.00e+00	3.70e-87
 4.13323e+21	5.05e-32	4.69e-24	8.54e-18	1.64e-12	3.20e-07	1.16e-03	9.99e-01	0.00e+00	0.00e+00	0.00e+00	0.00e+00	0.00e+00	1.13e-86
 4.23267e+21	6.14e-32	5.46e-24	9.51e-18	1.75e-12	3.37e-07	1.21e-03	9.99e-01	0.00e+00	0.00e+00	0.00e+00	0.00e+00	0.00e+00	1.81e-86
 4.36193e+21	7.88e-32	6.63e-24	1.09e-17	1.90e-12	3.62e-07	1.26e-03	9.99e-01	0.00e+00	0.00e+00	0.00e+00	0.00e+00	0.00e+00	1.32e-86
 4.48895e+21	1.00e-31	8.01e-24	1.25e-17	2.07e-12	3.87e-07	1.32e-03	9.99e-01	0.00e+00	0.00e+00	0.00e+00	0.00e+00	0.00e+00	3.70e-86
 4.58490e+21	1.20e-31	9.21e-24	1.38e-17	2.20e-12	4.07e-07	1.37e-03	9.99e-01	0.00e+00	0.00e+00	0.00e+00	0.00e+00	0.00e+00	1.20e-85
 4.68151e+21	1.44e-31	1.06e-23	1.53e-17	2.33e-12	4.29e-07	1.41e-03	9.99e-01	0.00e+00	0.00e+00	0.00e+00	0.00e+00	0.00e+00	3.31e-85
 4.80711e+21	1.80e-31	1.26e-23	1.74e-17	2.53e-12	4.57e-07	1.47e-03	9.99e-01	0.00e+00	0.00e+00	0.00e+00	0.00e+00	0.00e+00	2.06e-85
 4.94119e+21	2.29e-31	1.52e-23	1.99e-17	2.74e-12	4.90e-07	1.54e-03	9.98e-01	0.00e+00	0.00e+00	0.00e+00	0.00e+00	0.00e+00	2.43e-85
 5.05786e+21	2.80e-31	1.79e-23	2.23e-17	2.95e-12	5.20e-07	1.60e-03	9.98e-01	0.00e+00	0.00e+00	0.00e+00	0.00e+00	0.00e+00	1.17e-84
 5.18109e+21	3.46e-31	2.11e-23	2.52e-17	3.18e-12	5.52e-07	1.66e-03	9.98e-01	0.00e+00	0.00e+00	0.00e+00	0.00e+00	0.00e+00	1.75e-84
 5.31926e+21	4.38e-31	2.54e-23	2.88e-17	3.45e-12	5.92e-07	1.73e-03	9.98e-01	0.00e+00	0.00e+00	0.00e+00	0.00e+00	0.00e+00	1.43e-84
 5.44961e+21	5.44e-31	3.01e-23	3.26e-17	3.73e-12	6.31e-07	1.80e-03	9.98e-01	0.00e+00	0.00e+00	0.00e+00	0.00e+00	0.00e+00	6.98e-84
 5.59183e+21	6.87e-31	3.61e-23	3.72e-17	4.06e-12	6.75e-07	1.88e-03	9.98e-01	0.00e+00	0.00e+00	0.00e+00	0.00e+00	0.00e+00	7.56e-84
 5.74031e+21	8.73e-31	4.36e-23	4.27e-17	4.43e-12	7.25e-07	1.96e-03	9.98e-01	0.00e+00	0.00e+00	0.00e+00	0.00e+00	0.00e+00	1.57e-83
 5.86509e+21	1.07e-30	5.10e-23	4.79e-17	4.76e-12	7.69e-07	2.04e-03	9.98e-01	0.00e+00	0.00e+00	0.00e+00	0.00e+00	0.00e+00	4.30e-83
 5.99549e+21	1.31e-30	6.00e-23	5.39e-17	5.13e-12	8.18e-07	2.11e-03	9.98e-01	0.00e+00	0.00e+00	0.00e+00	0.00e+00	0.00e+00	4.95e-83
 6.16501e+21	1.70e-30	7.37e-23	6.27e-17	5.65e-12	8.84e-07	2.21e-03	9.98e-01	0.00e+00	0.00e+00	0.00e+00	0.00e+00	0.00e+00	8.40e-83
 6.33792e+21	2.21e-30	9.08e-23	7.31e-17	6.23e-12	9.57e-07	2.32e-03	9.98e-01	0.00e+00	0.00e+00	0.00e+00	0.00e+00	0.00e+00	1.77e-82
 6.47627e+21	2.72e-30	1.07e-22	8.25e-17	6.73e-12	1.02e-06	2.41e-03	9.98e-01	0.00e+00	0.00e+00	0.00e+00	0.00e+00	0.00e+00	5.24e-82
 6.61718e+21	3.35e-30	1.26e-22	9.31e-17	7.28e-12	1.09e-06	2.50e-03	9.97e-01	0.00e+00	0.00e+00	0.00e+00	0.00e+00	0.00e+00	9.67e-82
 6.80035e+21	4.37e-30	1.56e-22	1.09e-16	8.04e-12	1.18e-06	2.62e-03	9.97e-01	0.00e+00	0.00e+00	0.00e+00	0.00e+00	0.00e+00	1.09e-81
 6.98954e+21	5.74e-30	1.93e-22	1.28e-16	8.92e-12	1.28e-06	2.75e-03	9.97e-01	0.00e+00	0.00e+00	0.00e+00	0.00e+00	0.00e+00	2.34e-81
 7.14532e+21	7.17e-30	2.31e-22	1.45e-16	9.70e-12	1.37e-06	2.86e-03	9.97e-01	0.00e+00	0.00e+00	0.00e+00	0.00e+00	0.00e+00	1.66e-80
 7.27635e+21	8.62e-30	2.67e-22	1.62e-16	1.04e-11	1.45e-06	2.95e-03	9.97e-01	0.00e+00	0.00e+00	0.00e+00	0.00e+00	0.00e+00	2.70e-80
 7.41646e+21	1.05e-29	3.12e-22	1.82e-16	1.12e-11	1.54e-06	3.06e-03	9.97e-01	0.00e+00	0.00e+00	0.00e+00	0.00e+00	0.00e+00	4.53e-80
 7.59860e+21	1.34e-29	3.80e-22	2.10e-16	1.23e-11	1.66e-06	3.19e-03	9.97e-01	0.00e+00	0.00e+00	0.00e+00	0.00e+00	0.00e+00	8.71e-80
 7.78416e+21	1.73e-29	4.65e-22	2.44e-16	1.36e-11	1.79e-06	3.34e-03	9.97e-01	0.00e+00	0.00e+00	0.00e+00	0.00e+00	0.00e+00	1.70e-79
 7.93274e+21	2.12e-29	5.45e-22	2.75e-16	1.47e-11	1.91e-06	3.46e-03	9.97e-01	0.00e+00	0.00e+00	0.00e+00	0.00e+00	0.00e+00	2.88e-79
 8.08445e+21	2.59e-29	6.41e-22	3.10e-16	1.59e-11	2.03e-06	3.58e-03	9.96e-01	0.00e+00	0.00e+00	0.00e+00	0.00e+00	0.00e+00	4.89e-79
 8.24493e+21	3.21e-29	7.59e-22	3.52e-16	1.72e-11	2.17e-06	3.71e-03	9.96e-01	0.00e+00	0.00e+00	0.00e+00	0.00e+00	0.00e+00	8.54e-79
 8.38202e+21	3.85e-29	8.78e-22	3.92e-16	1.85e-11	2.30e-06	3.83e-03	9.96e-01	0.00e+00	0.00e+00	0.00e+00	0.00e+00	0.00e+00	1.37e-78
 8.52543e+21	4.64e-29	1.02e-21	4.38e-16	1.99e-11	2.43e-06	3.96e-03	9.96e-01	0.00e+00	0.00e+00	0.00e+00	0.00e+00	0.00e+00	2.24e-78
 8.68666e+21	5.72e-29	1.20e-21	4.96e-16	2.16e-11	2.60e-06	4.10e-03	9.96e-01	0.00e+00	0.00e+00	0.00e+00	0.00e+00	0.00e+00	3.85e-78
 8.83882e+21	6.96e-29	1.41e-21	5.58e-16	2.33e-11	2.76e-06	4.24e-03	9.96e-01	0.00e+00	0.00e+00	0.00e+00	0.00e+00	0.00e+00	6.42e-78
 8.98049e+21	8.36e-29	1.63e-21	6.22e-16	2.51e-11	2.92e-06	4.37e-03	9.96e-01	0.00e+00	0.00e+00	0.00e+00	0.00e+00	0.00e+00	1.03e-77
 9.11276e+21	9.91e-29	1.87e-21	6.89e-16	2.68e-11	3.08e-06	4.50e-03	9.95e-01	0.00e+00	0.00e+00	0.00e+00	0.00e+00	0.00e+00	1.60e-77
 9.23662e+21	1.16e-28	2.12e-21	7.57e-16	2.85e-11	3.23e-06	4.62e-03	9.95e-01	0.00e+00	0.00e+00	0.00e+00	0.00e+00	0.00e+00	2.40e-77
 9.37758e+21	1.39e-28	2.44e-21	8.43e-16	3.06e-11	3.42e-06	4.76e-03	9.95e-01	0.00e+00	0.00e+00	0.00e+00	0.00e+00	0.00e+00	3.80e-77
 9.53314e+21	1.69e-28	2.86e-21	9.49e-16	3.31e-11	3.63e-06	4.92e-03	9.95e-01	0.00e+00	0.00e+00	0.00e+00	0.00e+00	0.00e+00	6.31e-77
 9.67520e+21	2.02e-28	3.31e-21	1.06e-15	3.56e-11	3.84e-06	5.07e-03	9.95e-01	0.00e+00	0.00e+00	0.00e+00	0.00e+00	0.00e+00	1.00e-76
 9.80624e+21	2.39e-28	3.78e-21	1.17e-15	3.80e-11	4.04e-06	5.21e-03	9.95e-01	0.00e+00	0.00e+00	0.00e+00	0.00e+00	0.00e+00	1.53e-76
 9.95544e+21	2.87e-28	4.38e-21	1.31e-15	4.09e-11	4.28e-06	5.38e-03	9.95e-01	0.00e+00	0.00e+00	0.00e+00	0.00e+00	0.00e+00	2.46e-76
 1.01224e+22	3.54e-28	5.19e-21	1.48e-15	4.46e-11	4.57e-06	5.56e-03	9.94e-01	0.00e+00	0.00e+00	0.00e+00	0.00e+00	0.00e+00	4.19e-76
 1.02770e+22	4.30e-28	6.06e-21	1.67e-15	4.82e-11	4.85e-06	5.74e-03	9.94e-01	0.00e+00	0.00e+00	0.00e+00	0.00e+00	0.00e+00	6.85e-76
 1.04107e+22	5.09e-28	6.94e-21	1.85e-15	5.16e-11	5.11e-06	5.90e-03	9.94e-01	0.00e+00	0.00e+00	0.00e+00	0.00e+00	0.00e+00	1.05e-75
 1.05523e+22	6.07e-28	8.00e-21	2.06e-15	5.54e-11	5.40e-06	6.07e-03	9.94e-01	0.00e+00	0.00e+00	0.00e+00	0.00e+00	0.00e+00	1.64e-75
 1.07113e+22	7.41e-28	9.39e-21	2.32e-15	6.01e-11	5.74e-06	6.27e-03	9.94e-01	0.00e+00	0.00e+00	0.00e+00	0.00e+00	0.00e+00	2.70e-75
 1.08598e+22	8.93e-28	1.09e-20	2.60e-15	6.49e-11	6.08e-06	6.46e-03	9.94e-01	0.00e+00	0.00e+00	0.00e+00	0.00e+00	0.00e+00	4.31e-75
 1.09966e+22	1.06e-27	1.25e-20	2.89e-15	6.96e-11	6.41e-06	6.64e-03	9.93e-01	0.00e+00	0.00e+00	0.00e+00	0.00e+00	0.00e+00	6.62e-75
 1.11514e+22	1.29e-27	1.46e-20	3.25e-15	7.54e-11	6.80e-06	6.85e-03	9.93e-01	0.00e+00	0.00e+00	0.00e+00	0.00e+00	0.00e+00	1.07e-74
 1.13230e+22	1.59e-27	1.74e-20	3.71e-15	8.24e-11	7.26e-06	7.09e-03	9.93e-01	0.00e+00	0.00e+00	0.00e+00	0.00e+00	0.00e+00	1.83e-74
 1.14800e+22	1.95e-27	2.05e-20	4.20e-15	8.96e-11	7.72e-06	7.32e-03	9.93e-01	0.00e+00	0.00e+00	0.00e+00	0.00e+00	0.00e+00	3.02e-74
 1.16222e+22	2.33e-27	2.36e-20	4.68e-15	9.64e-11	8.15e-06	7.52e-03	9.92e-01	0.00e+00	0.00e+00	0.00e+00	0.00e+00	0.00e+00	4.65e-74
 1.17814e+22	2.84e-27	2.78e-20	5.30e-15	1.05e-10	8.66e-06	7.76e-03	9.92e-01	0.00e+00	0.00e+00	0.00e+00	0.00e+00	0.00e+00	7.61e-74
 1.19546e+22	3.54e-27	3.32e-20	6.07e-15	1.15e-10	9.25e-06	8.03e-03	9.92e-01	0.00e+00	0.00e+00	0.00e+00	0.00e+00	0.00e+00	1.30e-73
 1.21094e+22	4.33e-27	3.91e-20	6.88e-15	1.25e-10	9.84e-06	8.28e-03	9.92e-01	0.00e+00	0.00e+00	0.00e+00	0.00e+00	0.00e+00	2.14e-73
 1.22466e+22	5.13e-27	4.49e-20	7.64e-15	1.35e-10	1.04e-05	8.50e-03	9.91e-01	0.00e+00	0.00e+00	0.00e+00	0.00e+00	0.00e+00	3.23e-73
 1.23975e+22	6.22e-27	5.24e-20	8.61e-15	1.46e-10	1.10e-05	8.75e-03	9.91e-01	0.00e+00	0.00e+00	0.00e+00	0.00e+00	0.00e+00	5.15e-73
 1.25937e+22	7.98e-27	6.42e-20	1.01e-14	1.62e-10	1.18e-05	9.09e-03	9.91e-01	0.00e+00	0.00e+00	0.00e+00	0.00e+00	0.00e+00	9.41e-73
 1.27901e+22	1.03e-26	7.90e-20	1.18e-14	1.81e-10	1.28e-05	9.45e-03	9.91e-01	0.00e+00	0.00e+00	0.00e+00	0.00e+00	0.00e+00	1.74e-72
 1.29407e+22	1.25e-26	9.26e-20	1.33e-14	1.97e-10	1.35e-05	9.73e-03	9.90e-01	0.00e+00	0.00e+00	0.00e+00	0.00e+00	0.00e+00	2.77e-72
 1.30904e+22	1.51e-26	1.08e-19	1.50e-14	2.14e-10	1.43e-05	1.00e-02	9.90e-01	0.00e+00	0.00e+00	0.00e+00	0.00e+00	0.00e+00	4.39e-72
 1.32850e+22	1.94e-26	1.33e-19	1.76e-14	2.39e-10	1.54e-05	1.04e-02	9.90e-01	0.00e+00	0.00e+00	0.00e+00	0.00e+00	0.00e+00	7.97e-72
 1.34850e+22	2.52e-26	1.64e-19	2.07e-14	2.67e-10	1.67e-05	1.08e-02	9.89e-01	0.00e+00	0.00e+00	0.00e+00	0.00e+00	0.00e+00	1.48e-71
 1.36468e+22	3.13e-26	1.96e-19	2.37e-14	2.94e-10	1.78e-05	1.12e-02	9.89e-01	0.00e+00	0.00e+00	0.00e+00	0.00e+00	0.00e+00	2.47e-71
 1.38121e+22	3.85e-26	2.32e-19	2.71e-14	3.22e-10	1.89e-05	1.15e-02	9.88e-01	0.00e+00	0.00e+00	0.00e+00	0.00e+00	0.00e+00	4.04e-71
 1.40268e+22	5.07e-26	2.91e-19	3.23e-14	3.63e-10	2.05e-05	1.20e-02	9.88e-01	0.00e+00	0.00e+00	0.00e+00	0.00e+00	0.00e+00	7.72e-71
 1.42450e+22	6.74e-26	3.67e-19	3.87e-14	4.12e-10	2.23e-05	1.25e-02	9.87e-01	0.00e+00	0.00e+00	0.00e+00	0.00e+00	0.00e+00	1.50e-70
 1.44168e+22	8.47e-26	4.43e-19	4.47e-14	4.55e-10	2.39e-05	1.29e-02	9.87e-01	0.00e+00	0.00e+00	0.00e+00	0.00e+00	0.00e+00	2.56e-70
 1.45892e+22	1.05e-25	5.28e-19	5.13e-14	5.01e-10	2.55e-05	1.33e-02	9.87e-01	0.00e+00	0.00e+00	0.00e+00	0.00e+00	0.00e+00	4.22e-70
 1.48135e+22	1.39e-25	6.66e-19	6.14e-14	5.68e-10	2.77e-05	1.39e-02	9.86e-01	0.00e+00	0.00e+00	0.00e+00	0.00e+00	0.00e+00	8.14e-70
 1.50477e+22	1.87e-25	8.51e-19	7.43e-14	6.49e-10	3.02e-05	1.45e-02	9.85e-01	0.00e+00	0.00e+00	0.00e+00	0.00e+00	0.00e+00	1.62e-69
 1.52337e+22	2.36e-25	1.03e-18	8.64e-14	7.22e-10	3.24e-05	1.50e-02	9.85e-01	0.00e+00	0.00e+00	0.00e+00	0.00e+00	0.00e+00	2.79e-69
 1.53857e+22	2.85e-25	1.21e-18	9.75e-14	7.85e-10	3.43e-05	1.54e-02	9.85e-01	0.00e+00	0.00e+00	0.00e+00	0.00e+00	0.00e+00	4.31e-69
 1.55553e+22	3.50e-25	1.43e-18	1.11e-13	8.62e-10	3.64e-05	1.59e-02	9.84e-01	0.00e+00	0.00e+00	0.00e+00	0.00e+00	0.00e+00	6.91e-69
 1.57757e+22	4.55e-25	1.77e-18	1.32e-13	9.71e-10	3.94e-05	1.65e-02	9.83e-01	0.00e+00	0.00e+00	0.00e+00	0.00e+00	0.00e+00	1.27e-68
 1.60068e+22	5.99e-25	2.23e-18	1.58e-13	1.10e-09	4.27e-05	1.72e-02	9.83e-01	0.00e+00	0.00e+00	0.00e+00	0.00e+00	0.00e+00	2.38e-68
 1.62012e+22	7.51e-25	2.69e-18	1.83e-13	1.22e-09	4.57e-05	1.78e-02	9.82e-01	0.00e+00	0.00e+00	0.00e+00	0.00e+00	0.00e+00	4.01e-68
 1.64029e+22	9.43e-25	3.24e-18	2.12e-13	1.36e-09	4.90e-05	1.84e-02	9.82e-01	0.00e+00	0.00e+00	0.00e+00	0.00e+00	0.00e+00	6.76e-68
 1.66652e+22	1.26e-24	4.13e-18	2.56e-13	1.55e-09	5.34e-05	1.92e-02	9.81e-01	0.00e+00	0.00e+00	0.00e+00	0.00e+00	0.00e+00	1.31e-67
 1.69325e+22	1.69e-24	5.26e-18	3.10e-13	1.77e-09	5.83e-05	2.00e-02	9.80e-01	0.00e+00	0.00e+00	0.00e+00	0.00e+00	0.00e+00	2.56e-67
 1.71477e+22	2.12e-24	6.36e-18	3.60e-13	1.97e-09	6.25e-05	2.07e-02	9.79e-01	0.00e+00	0.00e+00	0.00e+00	0.00e+00	0.00e+00	4.32e-67
 1.73688e+22	2.66e-24	7.69e-18	4.18e-13	2.19e-09	6.70e-05	2.14e-02	9.78e-01	0.00e+00	0.00e+00	0.00e+00	0.00e+00	0.00e+00	7.26e-67
 1.76562e+22	3.54e-24	9.77e-18	5.05e-13	2.51e-09	7.31e-05	2.24e-02	9.78e-01	0.00e+00	0.00e+00	0.00e+00	0.00e+00	0.00e+00	1.40e-66
 1.79546e+22	4.74e-24	1.25e-17	6.13e-13	2.88e-09	8.00e-05	2.34e-02	9.77e-01	0.00e+00	0.00e+00	0.00e+00	0.00e+00	0.00e+00	2.73e-66
 1.82028e+22	6.00e-24	1.52e-17	7.18e-13	3.22e-09	8.60e-05	2.42e-02	9.76e-01	0.00e+00	0.00e+00	0.00e+00	0.00e+00	0.00e+00	4.69e-66
 1.84149e+22	7.36e-24	1.81e-17	8.22e-13	3.55e-09	9.17e-05	2.50e-02	9.75e-01	0.00e+00	0.00e+00	0.00e+00	0.00e+00	0.00e+00	7.48e-66
 1.86446e+22	8.95e-24	2.13e-17	9.38e-13	3.90e-09	9.75e-05	2.58e-02	9.74e-01	0.00e+00	0.00e+00	0.00e+00	0.00e+00	0.00e+00	1.18e-65
 1.89432e+22	1.16e-23	2.66e-17	1.12e-12	4.42e-09	1.06e-04	2.68e-02	9.73e-01	0.00e+00	0.00e+00	0.00e+00	0.00e+00	0.00e+00	2.13e-65
 1.92487e+22	1.51e-23	3.32e-17	1.33e-12	5.02e-09	1.15e-04	2.79e-02	9.72e-01	0.00e+00	0.00e+00	0.00e+00	0.00e+00	0.00e+00	3.89e-65
 1.94954e+22	1.87e-23	3.98e-17	1.54e-12	5.57e-09	1.23e-04	2.88e-02	9.71e-01	0.00e+00	0.00e+00	0.00e+00	0.00e+00	0.00e+00	6.33e-65
 1.97483e+22	2.27e-23	4.70e-17	1.76e-12	6.12e-09	1.31e-04	2.97e-02	9.70e-01	0.00e+00	0.00e+00	0.00e+00	4.69e-17	1.17e-19	9.92e-65
 2.00770e+22	2.92e-23	5.84e-17	2.09e-12	6.94e-09	1.42e-04	3.09e-02	9.69e-01	0.00e+00	0.00e+00	0.00e+00	5.83e-17	1.46e-19	1.78e-64
 2.04190e+22	3.80e-23	7.32e-17	2.50e-12	7.89e-09	1.54e-04	3.22e-02	9.68e-01	0.00e+00	0.00e+00	0.00e+00	7.30e-17	1.82e-19	3.25e-64
 2.07034e+22	4.72e-23	8.83e-17	2.91e-12	8.80e-09	1.65e-04	3.34e-02	9.66e-01	0.00e+00	0.00e+00	0.00e+00	8.81e-17	2.20e-19	5.37e-64
 2.09985e+22	5.77e-23	1.05e-16	3.34e-12	9.73e-09	1.77e-04	3.44e-02	9.65e-01	0.00e+00	0.00e+00	0.00e+00	1.05e-16	2.61e-19	8.56e-64
 2.13218e+22	7.21e-23	1.28e-16	3.91e-12	1.09e-08	1.90e-04	3.57e-02	9.64e-01	0.00e+00	0.00e+00	0.00e+00	1.28e-16	3.17e-19	1.44e-63
 2.16103e+22	8.76e-23	1.52e-16	4.48e-12	1.20e-08	2.03e-04	3.68e-02	9.63e-01	0.00e+00	0.00e+00	0.00e+00	1.51e-16	3.76e-19	2.27e-63
 2.18731e+22	1.04e-22	1.76e-16	5.06e-12	1.31e-08	2.15e-04	3.79e-02	9.62e-01	0.00e+00	0.00e+00	0.00e+00	1.76e-16	4.37e-19	3.38e-63
 2.21739e+22	1.26e-22	2.09e-16	5.78e-12	1.45e-08	2.29e-04	3.91e-02	9.61e-01	0.00e+00	0.00e+00	0.00e+00	2.08e-16	5.17e-19	5.27e-63
 2.25648e+22	1.60e-22	2.58e-16	6.86e-12	1.64e-08	2.48e-04	4.06e-02	9.59e-01	0.00e+00	0.00e+00	0.00e+00	2.57e-16	6.38e-19	9.21e-63
 2.29625e+22	2.02e-22	3.19e-16	8.14e-12	1.86e-08	2.69e-04	4.23e-02	9.57e-01	0.00e+00	0.00e+00	0.00e+00	3.18e-16	7.89e-19	1.61e-62
 2.32814e+22	2.43e-22	3.77e-16	9.30e-12	2.05e-08	2.87e-04	4.36e-02	9.56e-01	0.00e+00	0.00e+00	0.00e+00	3.76e-16	9.31e-19	2.49e-62
 2.36087e+22	2.90e-22	4.44e-16	1.06e-11	2.25e-08	3.06e-04	4.50e-02	9.55e-01	0.00e+00	0.00e+00	0.00e+00	4.43e-16	1.09e-18	3.81e-62
 2.40342e+22	3.64e-22	5.46e-16	1.25e-11	2.54e-08	3.31e-04	4.67e-02	9.53e-01	0.00e+00	0.00e+00	0.00e+00	5.44e-16	1.34e-18	6.53e-62
 2.44816e+22	4.57e-22	6.76e-16	1.49e-11	2.89e-08	3.59e-04	4.86e-02	9.51e-01	0.00e+00	0.00e+00	0.00e+00	6.74e-16	1.66e-18	1.14e-61
 2.48610e+22	5.52e-22	8.08e-16	1.72e-11	3.21e-08	3.85e-04	5.03e-02	9.49e-01	0.00e+00	0.00e+00	0.00e+00	8.06e-16	1.98e-18	1.80e-61
 2.51928e+22	6.45e-22	9.38e-16	1.94e-11	3.50e-08	4.07e-04	5.17e-02	9.48e-01	0.00e+00	0.00e+00	0.00e+00	9.36e-16	2.30e-18	2.63e-61
 2.55594e+22	7.64e-22	1.10e-15	2.21e-11	3.85e-08	4.34e-04	5.33e-02	9.46e-01	0.00e+00	0.00e+00	0.00e+00	1.10e-15	2.70e-18	3.98e-61
 2.60361e+22	9.42e-22	1.35e-15	2.60e-11	4.34e-08	4.69e-04	5.53e-02	9.44e-01	0.00e+00	0.00e+00	0.00e+00	1.35e-15	3.30e-18	6.69e-61
 2.65304e+22	1.16e-21	1.66e-15	3.07e-11	4.91e-08	5.08e-04	5.75e-02	9.42e-01	0.00e+00	0.00e+00	0.00e+00	1.66e-15	4.05e-18	1.13e-60
 2.69418e+22	1.37e-21	1.97e-15	3.52e-11	5.43e-08	5.43e-04	5.93e-02	9.40e-01	0.00e+00	0.00e+00	0.00e+00	1.96e-15	4.79e-18	1.72e-60
 2.73706e+22	1.62e-21	2.33e-15	4.04e-11	6.00e-08	5.79e-04	6.12e-02	9.38e-01	0.00e+00	0.00e+00	0.00e+00	2.32e-15	5.65e-18	2.64e-60
 2.79281e+22	1.99e-21	2.88e-15	4.79e-11	6.81e-08	6.29e-04	6.37e-02	9.36e-01	0.00e+00	0.00e+00	0.00e+00	2.87e-15	6.97e-18	4.49e-60
 2.85167e+22	2.45e-21	3.59e-15	5.73e-11	7.77e-08	6.86e-04	6.64e-02	9.33e-01	0.00e+00	0.00e+00	0.00e+00	3.58e-15	8.68e-18	7.77e-60
 2.90231e+22	2.91e-21	4.32e-15	6.65e-11	8.68e-08	7.37e-04	6.87e-02	9.31e-01	0.00e+00	0.00e+00	0.00e+00	4.31e-15	1.04e-17	1.22e-59
 2.95587e+22	3.46e-21	5.21e-15	7.74e-11	9.71e-08	7.93e-04	7.12e-02	9.28e-01	0.00e+00	0.00e+00	0.00e+00	5.20e-15	1.25e-17	1.94e-59
 3.01441e+22	4.14e-21	6.38e-15	9.12e-11	1.10e-07	8.58e-04	7.39e-02	9.25e-01	0.00e+00	0.00e+00	0.00e+00	6.37e-15	1.53e-17	3.18e-59
 3.06736e+22	4.85e-21	7.64e-15	1.05e-10	1.22e-07	9.21e-04	7.65e-02	9.23e-01	0.00e+00	0.00e+00	0.00e+00	7.63e-15	1.83e-17	4.91e-59
 3.12412e+22	5.70e-21	9.19e-15	1.22e-10	1.36e-07	9.90e-04	7.91e-02	9.20e-01	0.00e+00	0.00e+00	0.00e+00	9.17e-15	2.19e-17	7.67e-59
 3.19791e+22	6.93e-21	1.16e-14	1.47e-10	1.56e-07	1.08e-03	8.26e-02	9.16e-01	0.00e+00	0.00e+00	0.00e+00	1.15e-14	2.74e-17	1.33e-58
 3.27062e+22	8.32e-21	1.45e-14	1.77e-10	1.79e-07	1.18e-03	8.62e-02	9.13e-01	0.00e+00	0.00e+00	0.00e+00	1.45e-14	3.44e-17	2.28e-58
 3.32510e+22	9.46e-21	1.71e-14	2.03e-10	1.98e-07	1.26e-03	8.88e-02	9.10e-01	0.00e+00	0.00e+00	0.00e+00	1.71e-14	4.04e-17	3.36e-58
 3.37906e+22	1.08e-20	2.01e-14	2.30e-10	2.18e-07	1.34e-03	9.15e-02	9.07e-01	0.00e+00	0.00e+00	0.00e+00	2.00e-14	4.72e-17	4.89e-58
 3.44922e+22	1.26e-20	2.45e-14	2.71e-10	2.45e-07	1.45e-03	9.49e-02	9.04e-01	0.00e+00	0.00e+00	0.00e+00	2.44e-14	5.73e-17	7.81e-58
 3.52446e+22	1.49e-20	3.04e-14	3.23e-10	2.80e-07	1.58e-03	9.88e-02	9.00e-01	0.00e+00	0.00e+00	0.00e+00	3.03e-14	7.09e-17	1.29e-57
 3.58975e+22	1.70e-20	3.65e-14	3.74e-10	3.12e-07	1.70e-03	1.02e-01	8.96e-01	0.00e+00	0.00e+00	0.00e+00	3.64e-14	8.47e-17	1.96e-57
 3.65808e+22	1.96e-20	4.38e-14	4.34e-10	3.48e-07	1.83e-03	1.06e-01	8.92e-01	0.00e+00	0.00e+00	0.00e+00	4.37e-14	1.01e-16	3.00e-57
 3.74691e+22	2.30e-20	5.47e-14	5.20e-10	3.99e-07	1.99e-03	1.10e-01	8.88e-01	0.00e+00	0.00e+00	0.00e+00	5.46e-14	1.26e-16	5.04e-57
 3.83792e+22	2.72e-20	6.97e-14	6.33e-10	4.61e-07	2.19e-03	1.15e-01	8.83e-01	0.00e+00	0.00e+00	0.00e+00	6.96e-14	1.60e-16	8.70e-57
 3.91065e+22	3.09e-20	8.38e-14	7.35e-10	5.16e-07	2.36e-03	1.19e-01	8.79e-01	0.00e+00	0.00e+00	0.00e+00	8.36e-14	1.91e-16	1.32e-56
 3.98410e+22	3.50e-20	1.00e-13	8.50e-10	5.75e-07	2.53e-03	1.23e-01	8.75e-01	0.00e+00	0.00e+00	0.00e+00	1.00e-13	2.28e-16	1.98e-56
 4.07958e+22	4.08e-20	1.25e-13	1.02e-09	6.58e-07	2.76e-03	1.28e-01	8.69e-01	0.00e+00	0.00e+00	0.00e+00	1.25e-13	2.83e-16	3.31e-56
 4.17357e+22	4.69e-20	1.57e-13	1.23e-09	7.55e-07	3.02e-03	1.33e-01	8.64e-01	0.00e+00	0.00e+00	0.00e+00	1.57e-13	3.53e-16	5.46e-56
 4.24372e+22	5.20e-20	1.85e-13	1.40e-09	8.32e-07	3.22e-03	1.37e-01	8.59e-01	0.00e+00	0.00e+00	0.00e+00	1.84e-13	4.14e-16	7.85e-56
 4.31304e+22	5.76e-20	2.16e-13	1.59e-09	9.15e-07	3.42e-03	1.41e-01	8.55e-01	0.00e+00	0.00e+00	0.00e+00	2.15e-13	4.82e-16	1.12e-55
 4.40316e+22	6.58e-20	2.63e-13	1.87e-09	1.03e-06	3.70e-03	1.46e-01	8.50e-01	0.00e+00	0.00e+00	0.00e+00	2.63e-13	5.84e-16	1.75e-55
 4.49965e+22	7.45e-20	3.24e-13	2.22e-09	1.17e-06	4.02e-03	1.52e-01	8.44e-01	0.00e+00	0.00e+00	0.00e+00	3.24e-13	7.17e-16	2.80e-55
 4.58410e+22	8.28e-20	3.89e-13	2.57e-09	1.31e-06	4.32e-03	1.57e-01	8.39e-01	0.00e+00	0.00e+00	0.00e+00	3.88e-13	8.55e-16	4.18e-55
 4.67353e+22	9.30e-20	4.67e-13	2.98e-09	1.47e-06	4.65e-03	1.62e-01	8.33e-01	0.00e+00	0.00e+00	0.00e+00	4.66e-13	1.02e-15	6.32e-55
 4.78979e+22	1.07e-19	5.88e-13	3.61e-09	1.69e-06	5.09e-03	1.69e-01	8.26e-01	0.00e+00	0.00e+00	0.00e+00	5.87e-13	1.28e-15	1.06e-54
 4.90807e+22	1.23e-19	7.48e-13	4.39e-09	1.96e-06	5.60e-03	1.76e-01	8.18e-01	0.00e+00	0.00e+00	0.00e+00	7.46e-13	1.62e-15	1.82e-54
 5.00196e+22	1.35e-19	8.99e-13	5.12e-09	2.19e-06	6.03e-03	1.82e-01	8.12e-01	0.00e+00	0.00e+00	0.00e+00	8.97e-13	1.93e-15	2.75e-54
 5.09701e+22	1.50e-19	1.08e-12	5.93e-09	2.45e-06	6.47e-03	1.88e-01	8.06e-01	0.00e+00	0.00e+00	0.00e+00	1.07e-12	2.30e-15	4.11e-54
 5.22056e+22	1.70e-19	1.35e-12	7.14e-09	2.81e-06	7.08e-03	1.95e-01	7.98e-01	0.00e+00	0.00e+00	0.00e+00	1.34e-12	2.86e-15	6.82e-54
 5.35220e+22	1.93e-19	1.72e-12	8.72e-09	3.27e-06	7.80e-03	2.04e-01	7.89e-01	0.00e+00	0.00e+00	0.00e+00	1.71e-12	3.62e-15	1.17e-53
 5.46506e+22	2.14e-19	2.11e-12	1.04e-08	3.72e-06	8.47e-03	2.11e-01	7.81e-01	0.00e+00	0.00e+00	0.00e+00	2.10e-12	4.43e-15	1.86e-53
 5.58246e+22	2.36e-19	2.57e-12	1.22e-08	4.21e-06	9.16e-03	2.18e-01	7.73e-01	0.00e+00	0.00e+00	0.00e+00	2.56e-12	5.35e-15	2.89e-53
 5.73508e+22	2.67e-19	3.30e-12	1.50e-08	4.93e-06	1.01e-02	2.28e-01	7.62e-01	0.00e+00	0.00e+00	0.00e+00	3.29e-12	6.83e-15	5.08e-53
 5.89135e+22	3.03e-19	4.28e-12	1.87e-08	5.81e-06	1.13e-02	2.38e-01	7.51e-01	0.00e+00	0.00e+00	0.00e+00	4.27e-12	8.81e-15	9.13e-53
 6.01678e+22	3.28e-19	5.27e-12	2.23e-08	6.63e-06	1.22e-02	2.46e-01	7.41e-01	0.00e+00	0.00e+00	0.00e+00	5.26e-12	1.08e-14	1.44e-52
 6.12326e+22	3.49e-19	6.19e-12	2.55e-08	7.34e-06	1.31e-02	2.53e-01	7.34e-01	0.00e+00	0.00e+00	0.00e+00	6.18e-12	1.26e-14	2.08e-52
 6.24067e+22	3.78e-19	7.38e-12	2.96e-08	8.22e-06	1.40e-02	2.61e-01	7.25e-01	0.00e+00	0.00e+00	0.00e+00	7.36e-12	1.50e-14	3.08e-52
 6.39331e+22	4.15e-19	9.19e-12	3.56e-08	9.47e-06	1.54e-02	2.70e-01	7.14e-01	0.00e+00	0.00e+00	0.00e+00	9.17e-12	1.85e-14	5.03e-52
 6.55559e+22	4.54e-19	1.16e-11	4.34e-08	1.10e-05	1.69e-02	2.81e-01	7.02e-01	0.00e+00	0.00e+00	0.00e+00	1.16e-11	2.32e-14	8.49e-52
 6.69480e+22	4.88e-19	1.41e-11	5.14e-08	1.25e-05	1.83e-02	2.90e-01	6.92e-01	0.00e+00	0.00e+00	0.00e+00	1.41e-11	2.82e-14	1.32e-51
 6.81910e+22	5.18e-19	1.67e-11	5.92e-08	1.40e-05	1.96e-02	2.98e-01	6.83e-01	0.00e+00	0.00e+00	0.00e+00	1.67e-11	3.31e-14	1.91e-51
 6.95961e+22	5.54e-19	2.00e-11	6.90e-08	1.57e-05	2.11e-02	3.06e-01	6.72e-01	0.00e+00	0.00e+00	0.00e+00	1.99e-11	3.93e-14	2.83e-51
 7.14227e+22	6.00e-19	2.49e-11	8.37e-08	1.82e-05	2.32e-02	3.18e-01	6.59e-01	0.00e+00	0.00e+00	0.00e+00	2.49e-11	4.86e-14	4.61e-51
 7.33272e+22	6.49e-19	3.16e-11	1.02e-07	2.13e-05	2.56e-02	3.29e-01	6.45e-01	0.00e+00	0.00e+00	0.00e+00	3.15e-11	6.11e-14	7.73e-51
 7.48928e+22	6.87e-19	3.80e-11	1.21e-07	2.41e-05	2.76e-02	3.39e-01	6.33e-01	0.00e+00	0.00e+00	0.00e+00	3.80e-11	7.32e-14	1.17e-50
 7.64878e+22	7.29e-19	4.52e-11	1.40e-07	2.71e-05	2.97e-02	3.48e-01	6.22e-01	0.00e+00	0.00e+00	0.00e+00	4.51e-11	8.63e-14	1.70e-50
 7.85614e+22	7.84e-19	5.60e-11	1.69e-07	3.14e-05	3.26e-02	3.60e-01	6.08e-01	0.00e+00	0.00e+00	0.00e+00	5.59e-11	1.06e-13	2.70e-50
 8.07601e+22	8.44e-19	7.05e-11	2.07e-07	3.67e-05	3.59e-02	3.72e-01	5.92e-01	0.00e+00	0.00e+00	0.00e+00	7.04e-11	1.32e-13	4.45e-50
 8.26214e+22	8.95e-19	8.50e-11	2.44e-07	4.18e-05	3.88e-02	3.83e-01	5.78e-01	0.00e+00	0.00e+00	0.00e+00	8.49e-11	1.58e-13	6.68e-50
 8.45412e+22	9.49e-19	1.01e-10	2.84e-07	4.71e-05	4.18e-02	3.92e-01	5.66e-01	0.00e+00	0.00e+00	0.00e+00	1.01e-10	1.87e-13	9.69e-50
 8.70371e+22	1.02e-18	1.25e-10	3.44e-07	5.47e-05	4.59e-02	4.05e-01	5.49e-01	0.00e+00	0.00e+00	0.00e+00	1.25e-10	2.28e-13	1.53e-49
 8.96974e+22	1.11e-18	1.58e-10	4.22e-07	6.42e-05	5.06e-02	4.18e-01	5.32e-01	0.00e+00	0.00e+00	0.00e+00	1.57e-10	2.84e-13	2.50e-49
 9.19759e+22	1.18e-18	1.90e-10	4.99e-07	7.34e-05	5.49e-02	4.28e-01	5.17e-01	0.00e+00	0.00e+00	0.00e+00	1.90e-10	3.40e-13	3.75e-49
 9.43426e+22	1.26e-18	2.26e-10	5.83e-07	8.29e-05	5.92e-02	4.38e-01	5.03e-01	0.00e+00	0.00e+00	0.00e+00	2.26e-10	3.98e-13	5.40e-49
 9.68913e+22	1.35e-18	2.73e-10	6.92e-07	9.51e-05	6.43e-02	4.49e-01	4.87e-01	0.00e+00	0.00e+00	0.00e+00	2.73e-10	4.77e-13	8.05e-49
 9.90786e+22	1.43e-18	3.19e-10	7.96e-07	1.06e-04	6.87e-02	4.57e-01	4.74e-01	0.00e+00	0.00e+00	0.00e+00	3.19e-10	5.53e-13	1.13e-48
 1.01324e+23	1.52e-18	3.68e-10	9.04e-07	1.18e-04	7.31e-02	4.65e-01	4.62e-01	0.00e+00	0.00e+00	0.00e+00	3.67e-10	6.28e-13	1.52e-48
 1.04243e+23	1.63e-18	4.37e-10	1.06e-06	1.33e-04	7.89e-02	4.75e-01	4.46e-01	0.00e+00	0.00e+00	0.00e+00	4.37e-10	7.35e-13	2.20e-48
 1.07404e+23	1.77e-18	5.30e-10	1.26e-06	1.53e-04	8.58e-02	4.85e-01	4.29e-01	0.00e+00	0.00e+00	0.00e+00	5.29e-10	8.78e-13	3.32e-48
 1.10101e+23	1.89e-18	6.21e-10	1.46e-06	1.73e-04	9.20e-02	4.93e-01	4.15e-01	0.00e+00	0.00e+00	0.00e+00	6.20e-10	1.02e-12	4.64e-48
 1.12411e+23	1.99e-18	7.02e-10	1.63e-06	1.88e-04	9.70e-02	4.99e-01	4.04e-01	0.00e+00	0.00e+00	0.00e+00	7.01e-10	1.14e-12	6.08e-48
 1.14998e+23	2.11e-18	7.97e-10	1.83e-06	2.07e-04	1.03e-01	5.05e-01	3.92e-01	0.00e+00	0.00e+00	0.00e+00	7.96e-10	1.27e-12	7.94e-48
 1.18360e+23	2.26e-18	9.30e-10	2.11e-06	2.32e-04	1.10e-01	5.12e-01	3.78e-01	0.00e+00	0.00e+00	0.00e+00	9.28e-10	1.46e-12	1.10e-47
 1.22124e+23	2.44e-18	1.10e-09	2.47e-06	2.64e-04	1.18e-01	5.20e-01	3.61e-01	0.00e+00	0.00e+00	0.00e+00	1.10e-09	1.70e-12	1.60e-47
 1.25587e+23	2.62e-18	1.29e-09	2.85e-06	2.97e-04	1.27e-01	5.26e-01	3.46e-01	0.00e+00	0.00e+00	0.00e+00	1.29e-09	1.95e-12	2.22e-47
 1.28710e+23	2.77e-18	1.46e-09	3.20e-06	3.26e-04	1.34e-01	5.31e-01	3.35e-01	0.00e+00	0.00e+00	0.00e+00	1.46e-09	2.18e-12	2.94e-47
 1.32209e+23	2.93e-18	1.66e-09	3.60e-06	3.59e-04	1.42e-01	5.36e-01	3.22e-01	0.00e+00	0.00e+00	0.00e+00	1.66e-09	2.43e-12	3.84e-47
 1.36758e+23	3.13e-18	1.93e-09	4.14e-06	4.02e-04	1.51e-01	5.41e-01	3.08e-01	0.00e+00	0.00e+00	0.00e+00	1.93e-09	2.74e-12	5.29e-47
 1.41889e+23	3.39e-18	2.30e-09	4.87e-06	4.58e-04	1.63e-01	5.45e-01	2.91e-01	0.00e+00	0.00e+00	0.00e+00	2.29e-09	3.17e-12	7.74e-47
 1.46611e+23	3.64e-18	2.68e-09	5.62e-06	5.15e-04	1.75e-01	5.49e-01	2.76e-01	0.00e+00	0.00e+00	0.00e+00	2.67e-09	3.61e-12	1.08e-46
 1.50847e+23	3.84e-18	3.03e-09	6.30e-06	5.66e-04	1.85e-01	5.51e-01	2.64e-01	0.00e+00	0.00e+00	0.00e+00	3.02e-09	3.99e-12	1.42e-46
 1.55616e+23	4.04e-18	3.41e-09	7.05e-06	6.21e-04	1.95e-01	5.53e-01	2.52e-01	0.00e+00	0.00e+00	0.00e+00	3.40e-09	4.36e-12	1.83e-46
 1.61540e+23	4.26e-18	3.90e-09	8.00e-06	6.89e-04	2.07e-01	5.54e-01	2.39e-01	0.00e+00	0.00e+00	0.00e+00	3.89e-09	4.81e-12	2.48e-46
 1.68125e+23	4.51e-18	4.52e-09	9.21e-06	7.75e-04	2.21e-01	5.54e-01	2.24e-01	0.00e+00	0.00e+00	0.00e+00	4.51e-09	5.37e-12	3.39e-46
 1.74836e+23	4.76e-18	5.18e-09	1.05e-05	8.65e-04	2.35e-01	5.53e-01	2.11e-01	0.00e+00	0.00e+00	0.00e+00	5.18e-09	5.94e-12	4.61e-46
 1.81816e+23	4.96e-18	5.87e-09	1.18e-05	9.55e-04	2.48e-01	5.52e-01	1.99e-01	0.00e+00	0.00e+00	0.00e+00	5.87e-09	6.45e-12	6.06e-46
 1.89212e+23	5.16e-18	6.63e-09	1.33e-05	1.05e-03	2.62e-01	5.50e-01	1.87e-01	0.00e+00	0.00e+00	0.00e+00	6.62e-09	6.97e-12	7.92e-46
 1.96904e+23	5.32e-18	7.42e-09	1.49e-05	1.15e-03	2.76e-01	5.47e-01	1.76e-01	0.00e+00	0.00e+00	0.00e+00	7.41e-09	7.45e-12	1.02e-45
 2.04903e+23	5.43e-18	8.22e-09	1.64e-05	1.26e-03	2.90e-01	5.43e-01	1.66e-01	0.00e+00	0.00e+00	0.00e+00	8.22e-09	7.87e-12	1.27e-45
 2.13223e+23	5.51e-18	9.04e-09	1.80e-05	1.36e-03	3.02e-01	5.39e-01	1.57e-01	0.00e+00	0.00e+00	0.00e+00	9.03e-09	8.22e-12	1.58e-45
 2.21865e+23	5.52e-18	9.85e-09	1.96e-05	1.46e-03	3.15e-01	5.35e-01	1.49e-01	0.00e+00	0.00e+00	0.00e+00	9.84e-09	8.49e-12	1.90e-45
 2.30227e+23	5.57e-18	1.07e-08	2.13e-05	1.57e-03	3.28e-01	5.30e-01	1.41e-01	0.00e+00	0.00e+00	0.00e+00	1.07e-08	8.81e-12	2.28e-45
 2.37752e+23	5.58e-18	1.14e-08	2.28e-05	1.66e-03	3.38e-01	5.26e-01	1.34e-01	0.00e+00	0.00e+00	0.00e+00	1.14e-08	9.02e-12	2.65e-45
 2.44525e+23	5.54e-18	1.21e-08	2.41e-05	1.74e-03	3.47e-01	5.22e-01	1.29e-01	0.00e+00	0.00e+00	0.00e+00	1.20e-08	9.14e-12	2.96e-45
 2.50621e+23	5.51e-18	1.26e-08	2.52e-05	1.81e-03	3.55e-01	5.19e-01	1.25e-01	0.00e+00	0.00e+00	0.00e+00	1.26e-08	9.23e-12	3.27e-45
 2.56107e+23	5.46e-18	1.31e-08	2.61e-05	1.87e-03	3.61e-01	5.16e-01	1.21e-01	0.00e+00	0.00e+00	0.00e+00	1.30e-08	9.26e-12	3.52e-45
 2.61044e+23	5.42e-18	1.35e-08	2.69e-05	1.92e-03	3.66e-01	5.13e-01	1.19e-01	0.00e+00	0.00e+00	0.00e+00	1.34e-08	9.27e-12	3.76e-45
 2.65488e+23	5.36e-18	1.38e-08	2.76e-05	1.96e-03	3.71e-01	5.11e-01	1.16e-01	0.00e+00	0.00e+00	0.00e+00	1.38e-08	9.26e-12	3.96e-45
 2.69487e+23	5.30e-18	1.41e-08	2.82e-05	2.00e-03	3.75e-01	5.09e-01	1.14e-01	0.00e+00	0.00e+00	0.00e+00	1.41e-08	9.23e-12	4.13e-45
 2.73087e+23	5.24e-18	1.43e-08	2.87e-05	2.03e-03	3.78e-01	5.07e-01	1.12e-01	0.00e+00	0.00e+00	0.00e+00	1.43e-08	9.19e-12	4.28e-45
 2.76326e+23	5.19e-18	1.45e-08	2.92e-05	2.06e-03	3.81e-01	5.06e-01	1.11e-01	0.00e+00	0.00e+00	0.00e+00	1.45e-08	9.15e-12	4.42e-45
 2.79388e+23	5.10e-18	1.46e-08	2.94e-05	2.08e-03	3.83e-01	5.05e-01	1.10e-01	0.00e+00	0.00e+00	0.00e+00	1.46e-08	9.04e-12	4.47e-45
 2.82443e+23	5.01e-18	1.48e-08	2.97e-05	2.10e-03	3.86e-01	5.04e-01	1.09e-01	0.00e+00	0.00e+00	0.00e+00	1.47e-08	8.94e-12	4.52e-45
 2.85498e+23	4.92e-18	1.49e-08	3.00e-05	2.12e-03	3.88e-01	5.02e-01	1.08e-01	0.00e+00	0.00e+00	0.00e+00	1.49e-08	8.85e-12	4.58e-45
 2.88553e+23	4.84e-18	1.50e-08	3.03e-05	2.14e-03	3.90e-01	5.01e-01	1.07e-01	0.00e+00	0.00e+00	0.00e+00	1.50e-08	8.74e-12	4.63e-45
 2.91608e+23	4.75e-18	1.51e-08	3.05e-05	2.15e-03	3.92e-01	5.00e-01	1.06e-01	0.00e+00	0.00e+00	0.00e+00	1.51e-08	8.64e-12	4.67e-45
 2.94662e+23	4.65e-18	1.51e-08	3.07e-05	2.17e-03	3.93e-01	4.99e-01	1.05e-01	0.00e+00	0.00e+00	0.00e+00	1.51e-08	8.50e-12	4.68e-45
 2.97717e+23	4.54e-18	1.52e-08	3.09e-05	2.18e-03	3.95e-01	4.98e-01	1.04e-01	0.00e+00	0.00e+00	0.00e+00	1.52e-08	8.37e-12	4.69e-45
 3.00772e+23	4.44e-18	1.52e-08	3.10e-05	2.19e-03	3.97e-01	4.98e-01	1.04e-01	0.00e+00	0.00e+00	0.00e+00	1.52e-08	8.24e-12	4.69e-45
 3.03827e+23	4.34e-18	1.53e-08	3.12e-05	2.20e-03	3.98e-01	4.97e-01	1.03e-01	0.00e+00	0.00e+00	0.00e+00	1.53e-08	8.11e-12	4.70e-45
 3.05418e+23	4.50e-18	1.58e-08	3.22e-05	2.26e-03	4.03e-01	4.94e-01	1.01e-01	0.00e+00	0.00e+00	0.00e+00	1.58e-08	8.39e-12	5.14e-45
