#depth	Ne	Ne+	Ne+2	Ne+3	Ne+4	Ne+5	Ne+6	Ne+7	Ne+8	Ne+9	Ne+10
 6.17135e+19	0.00e+00	0.00e+00	0.00e+00	2.28e-29	1.09e-23	1.01e-18	3.26e-14	4.65e-10	1.02e-05	6.44e-03	9.94e-01
 1.87609e+20	0.00e+00	0.00e+00	0.00e+00	4.43e-29	1.90e-23	1.59e-18	4.62e-14	5.94e-10	1.22e-05	7.08e-03	9.93e-01
 3.18540e+20	0.00e+00	0.00e+00	0.00e+00	8.69e-29	3.35e-23	2.52e-18	6.57e-14	7.62e-10	1.46e-05	7.78e-03	9.92e-01
 4.54709e+20	0.00e+00	0.00e+00	0.00e+00	1.72e-28	5.96e-23	4.03e-18	9.40e-14	9.81e-10	1.76e-05	8.57e-03	9.91e-01
 5.47369e+20	0.00e+00	0.00e+00	0.00e+00	2.73e-28	8.77e-23	5.52e-18	1.20e-13	1.16e-09	1.98e-05	9.14e-03	9.91e-01
 5.83446e+20	0.00e+00	0.00e+00	0.00e+00	3.29e-28	1.02e-22	6.25e-18	1.32e-13	1.24e-09	2.08e-05	9.38e-03	9.91e-01
 6.12971e+20	0.00e+00	0.00e+00	0.00e+00	3.77e-28	1.15e-22	6.87e-18	1.41e-13	1.31e-09	2.16e-05	9.56e-03	9.90e-01
 6.51354e+20	0.00e+00	0.00e+00	0.00e+00	4.54e-28	1.34e-22	7.80e-18	1.56e-13	1.40e-09	2.27e-05	9.81e-03	9.90e-01
 7.01251e+20	0.00e+00	0.00e+00	0.00e+00	5.78e-28	1.65e-22	9.19e-18	1.77e-13	1.53e-09	2.42e-05	1.01e-02	9.90e-01
 7.66118e+20	0.00e+00	0.00e+00	0.00e+00	7.88e-28	2.14e-22	1.14e-17	2.08e-13	1.71e-09	2.63e-05	1.06e-02	9.89e-01
 8.31573e+20	0.00e+00	0.00e+00	0.00e+00	1.08e-27	2.78e-22	1.41e-17	2.44e-13	1.92e-09	2.86e-05	1.11e-02	9.89e-01
 8.83269e+20	0.00e+00	0.00e+00	0.00e+00	1.38e-27	3.42e-22	1.66e-17	2.78e-13	2.10e-09	3.05e-05	1.14e-02	9.89e-01
 9.35948e+20	0.00e+00	0.00e+00	1.14e-33	1.76e-27	4.21e-22	1.97e-17	3.16e-13	2.30e-09	3.26e-05	1.18e-02	9.88e-01
 1.00443e+21	0.00e+00	0.00e+00	1.64e-33	2.42e-27	5.49e-22	2.45e-17	3.73e-13	2.59e-09	3.54e-05	1.24e-02	9.88e-01
 1.07257e+21	0.00e+00	0.00e+00	2.38e-33	3.34e-27	7.20e-22	3.05e-17	4.41e-13	2.91e-09	3.86e-05	1.29e-02	9.87e-01
 1.12439e+21	0.00e+00	0.00e+00	3.13e-33	4.22e-27	8.76e-22	3.58e-17	4.99e-13	3.17e-09	4.10e-05	1.33e-02	9.87e-01
 1.17588e+21	0.00e+00	0.00e+00	4.10e-33	5.33e-27	1.07e-21	4.20e-17	5.64e-13	3.46e-09	4.36e-05	1.38e-02	9.86e-01
 1.24282e+21	0.00e+00	0.00e+00	5.84e-33	7.22e-27	1.38e-21	5.17e-17	6.61e-13	3.87e-09	4.73e-05	1.44e-02	9.86e-01
 1.31268e+21	0.00e+00	0.00e+00	8.42e-33	9.90e-27	1.80e-21	6.41e-17	7.79e-13	4.34e-09	5.14e-05	1.50e-02	9.85e-01
 1.36899e+21	0.00e+00	0.00e+00	1.13e-32	1.27e-26	2.22e-21	7.63e-17	8.90e-13	4.77e-09	5.49e-05	1.55e-02	9.84e-01
 1.41733e+21	0.00e+00	0.00e+00	1.45e-32	1.58e-26	2.67e-21	8.85e-17	9.98e-13	5.17e-09	5.81e-05	1.60e-02	9.84e-01
 1.47267e+21	0.00e+00	0.00e+00	1.91e-32	2.00e-26	3.26e-21	1.04e-16	1.13e-12	5.65e-09	6.19e-05	1.65e-02	9.83e-01
 1.54461e+21	0.00e+00	0.00e+00	2.78e-32	2.77e-26	4.27e-21	1.30e-16	1.34e-12	6.37e-09	6.73e-05	1.72e-02	9.83e-01
 1.61736e+21	0.00e+00	0.00e+00	4.02e-32	3.80e-26	5.59e-21	1.62e-16	1.58e-12	7.17e-09	7.32e-05	1.80e-02	9.82e-01
 1.67564e+21	0.00e+00	0.00e+00	5.39e-32	4.90e-26	6.92e-21	1.93e-16	1.81e-12	7.89e-09	7.82e-05	1.86e-02	9.81e-01
 1.73586e+21	0.00e+00	0.00e+00	7.27e-32	6.34e-26	8.61e-21	2.30e-16	2.08e-12	8.69e-09	8.37e-05	1.92e-02	9.81e-01
 1.80309e+21	0.00e+00	0.00e+00	1.01e-31	8.46e-26	1.10e-20	2.81e-16	2.42e-12	9.68e-09	9.02e-05	2.00e-02	9.80e-01
 1.86552e+21	0.00e+00	0.00e+00	1.38e-31	1.10e-25	1.37e-20	3.37e-16	2.78e-12	1.07e-08	9.67e-05	2.07e-02	9.79e-01
 1.92334e+21	0.00e+00	0.00e+00	1.83e-31	1.40e-25	1.68e-20	3.99e-16	3.17e-12	1.17e-08	1.03e-04	2.13e-02	9.79e-01
 1.98906e+21	0.00e+00	0.00e+00	2.51e-31	1.85e-25	2.12e-20	4.82e-16	3.66e-12	1.30e-08	1.11e-04	2.21e-02	9.78e-01
 2.06212e+21	0.00e+00	0.00e+00	3.56e-31	2.50e-25	2.74e-20	5.94e-16	4.31e-12	1.46e-08	1.20e-04	2.30e-02	9.77e-01
 2.12971e+21	0.00e+00	0.00e+00	4.90e-31	3.29e-25	3.46e-20	7.19e-16	4.99e-12	1.62e-08	1.29e-04	2.39e-02	9.76e-01
 2.19263e+21	0.00e+00	0.00e+00	6.58e-31	4.25e-25	4.30e-20	8.59e-16	5.72e-12	1.79e-08	1.38e-04	2.47e-02	9.75e-01
 2.26452e+21	0.00e+00	0.00e+00	9.18e-31	5.66e-25	5.48e-20	1.05e-15	6.68e-12	2.00e-08	1.48e-04	2.56e-02	9.74e-01
 2.34250e+21	0.00e+00	0.00e+00	1.31e-30	7.71e-25	7.12e-20	1.30e-15	7.88e-12	2.25e-08	1.61e-04	2.67e-02	9.73e-01
 2.41228e+21	0.00e+00	0.00e+00	1.80e-30	1.01e-24	8.97e-20	1.57e-15	9.13e-12	2.50e-08	1.73e-04	2.76e-02	9.72e-01
 2.47567e+21	0.00e+00	0.00e+00	2.39e-30	1.29e-24	1.10e-19	1.86e-15	1.04e-11	2.75e-08	1.84e-04	2.85e-02	9.71e-01
 2.54688e+21	0.00e+00	0.00e+00	3.27e-30	1.70e-24	1.39e-19	2.25e-15	1.21e-11	3.06e-08	1.98e-04	2.95e-02	9.70e-01
 2.62678e+21	0.00e+00	0.00e+00	4.62e-30	2.29e-24	1.79e-19	2.78e-15	1.42e-11	3.44e-08	2.14e-04	3.07e-02	9.69e-01
 2.70183e+21	0.00e+00	0.00e+00	6.37e-30	3.02e-24	2.27e-19	3.37e-15	1.65e-11	3.83e-08	2.30e-04	3.18e-02	9.68e-01
 2.77214e+21	0.00e+00	0.00e+00	8.56e-30	3.90e-24	2.82e-19	4.04e-15	1.90e-11	4.24e-08	2.46e-04	3.29e-02	9.67e-01
 2.85245e+21	0.00e+00	0.00e+00	1.19e-29	5.20e-24	3.60e-19	4.94e-15	2.22e-11	4.74e-08	2.65e-04	3.41e-02	9.66e-01
 2.93870e+21	0.00e+00	0.00e+00	1.69e-29	7.05e-24	4.66e-19	6.11e-15	2.62e-11	5.35e-08	2.87e-04	3.55e-02	9.64e-01
 3.01455e+21	0.00e+00	0.00e+00	2.30e-29	9.17e-24	5.83e-19	7.35e-15	3.02e-11	5.93e-08	3.07e-04	3.67e-02	9.63e-01
 3.09500e+21	0.00e+00	0.00e+00	3.15e-29	1.20e-23	7.35e-19	8.90e-15	3.51e-11	6.61e-08	3.30e-04	3.80e-02	9.62e-01
 3.18542e+21	0.00e+00	0.00e+00	4.46e-29	1.63e-23	9.50e-19	1.10e-14	4.14e-11	7.45e-08	3.57e-04	3.95e-02	9.60e-01
 3.27072e+21	0.00e+00	0.00e+00	6.15e-29	2.15e-23	1.21e-18	1.34e-14	4.82e-11	8.32e-08	3.85e-04	4.09e-02	9.59e-01
 3.35110e+21	0.00e+00	0.00e+00	8.28e-29	2.79e-23	1.50e-18	1.61e-14	5.56e-11	9.22e-08	4.12e-04	4.23e-02	9.57e-01
 3.44314e+21	0.00e+00	0.00e+00	1.16e-28	3.72e-23	1.92e-18	1.97e-14	6.51e-11	1.03e-07	4.44e-04	4.39e-02	9.56e-01
 3.54606e+21	0.00e+00	0.00e+00	1.67e-28	5.11e-23	2.52e-18	2.46e-14	7.76e-11	1.17e-07	4.83e-04	4.57e-02	9.54e-01
 3.63785e+21	0.00e+00	0.00e+00	2.29e-28	6.74e-23	3.19e-18	3.00e-14	9.04e-11	1.31e-07	5.19e-04	4.74e-02	9.52e-01
 3.71733e+21	0.00e+00	0.00e+00	3.01e-28	8.53e-23	3.90e-18	3.54e-14	1.03e-10	1.44e-07	5.52e-04	4.88e-02	9.51e-01
 3.80607e+21	0.00e+00	0.00e+00	4.00e-28	1.09e-22	4.81e-18	4.21e-14	1.18e-10	1.59e-07	5.90e-04	5.04e-02	9.49e-01
 3.92143e+21	0.00e+00	0.00e+00	5.91e-28	1.53e-22	6.42e-18	5.35e-14	1.42e-10	1.83e-07	6.45e-04	5.26e-02	9.47e-01
 4.03832e+21	0.00e+00	0.00e+00	8.59e-28	2.12e-22	8.47e-18	6.73e-14	1.70e-10	2.08e-07	7.03e-04	5.48e-02	9.44e-01
 4.13323e+21	0.00e+00	0.00e+00	1.16e-27	2.75e-22	1.06e-17	8.08e-14	1.96e-10	2.31e-07	7.52e-04	5.67e-02	9.43e-01
 4.23267e+21	0.00e+00	0.00e+00	1.57e-27	3.58e-22	1.32e-17	9.75e-14	2.28e-10	2.57e-07	8.07e-04	5.86e-02	9.41e-01
 4.36193e+21	0.00e+00	1.14e-33	2.31e-27	5.01e-22	1.76e-17	1.24e-13	2.74e-10	2.95e-07	8.82e-04	6.12e-02	9.38e-01
 4.48895e+21	0.00e+00	1.74e-33	3.36e-27	6.93e-22	2.33e-17	1.56e-13	3.28e-10	3.36e-07	9.61e-04	6.38e-02	9.35e-01
 4.58490e+21	0.00e+00	2.38e-33	4.43e-27	8.80e-22	2.86e-17	1.85e-13	3.75e-10	3.70e-07	1.02e-03	6.57e-02	9.33e-01
 4.68151e+21	0.00e+00	3.25e-33	5.83e-27	1.12e-21	3.51e-17	2.19e-13	4.28e-10	4.08e-07	1.09e-03	6.78e-02	9.31e-01
 4.80711e+21	0.00e+00	4.80e-33	8.22e-27	1.51e-21	4.52e-17	2.70e-13	5.06e-10	4.61e-07	1.18e-03	7.04e-02	9.28e-01
 4.94119e+21	0.00e+00	7.25e-33	1.18e-26	2.07e-21	5.93e-17	3.38e-13	6.03e-10	5.24e-07	1.28e-03	7.32e-02	9.25e-01
 5.05786e+21	0.00e+00	1.03e-32	1.61e-26	2.71e-21	7.46e-17	4.10e-13	7.01e-10	5.84e-07	1.38e-03	7.58e-02	9.23e-01
 5.18109e+21	0.00e+00	1.48e-32	2.22e-26	3.58e-21	9.46e-17	4.99e-13	8.18e-10	6.54e-07	1.48e-03	7.85e-02	9.20e-01
 5.31926e+21	0.00e+00	2.21e-32	3.16e-26	4.86e-21	1.23e-16	6.20e-13	9.71e-10	7.41e-07	1.61e-03	8.16e-02	9.17e-01
 5.44961e+21	0.00e+00	3.20e-32	4.38e-26	6.45e-21	1.57e-16	7.59e-13	1.14e-09	8.32e-07	1.74e-03	8.45e-02	9.14e-01
 5.59183e+21	0.00e+00	4.75e-32	6.20e-26	8.73e-21	2.03e-16	9.41e-13	1.35e-09	9.41e-07	1.88e-03	8.78e-02	9.10e-01
 5.74031e+21	0.00e+00	7.13e-32	8.87e-26	1.19e-20	2.65e-16	1.17e-12	1.60e-09	1.07e-06	2.04e-03	9.13e-02	9.07e-01
 5.86509e+21	0.00e+00	9.96e-32	1.19e-25	1.54e-20	3.30e-16	1.41e-12	1.85e-09	1.19e-06	2.18e-03	9.43e-02	9.04e-01
 5.99549e+21	0.00e+00	1.40e-31	1.61e-25	2.00e-20	4.13e-16	1.70e-12	2.14e-09	1.32e-06	2.34e-03	9.74e-02	9.00e-01
 6.16501e+21	0.00e+00	2.17e-31	2.37e-25	2.80e-20	5.50e-16	2.15e-12	2.58e-09	1.51e-06	2.56e-03	1.02e-01	8.96e-01
 6.33792e+21	0.00e+00	3.36e-31	3.48e-25	3.92e-20	7.33e-16	2.74e-12	3.11e-09	1.73e-06	2.79e-03	1.06e-01	8.91e-01
 6.47627e+21	0.00e+00	4.74e-31	4.72e-25	5.10e-20	9.19e-16	3.30e-12	3.61e-09	1.93e-06	3.00e-03	1.09e-01	8.88e-01
 6.61718e+21	0.00e+00	6.69e-31	6.39e-25	6.64e-20	1.15e-15	3.98e-12	4.18e-09	2.15e-06	3.21e-03	1.13e-01	8.84e-01
 6.80035e+21	0.00e+00	1.04e-30	9.40e-25	9.29e-20	1.53e-15	5.06e-12	5.04e-09	2.46e-06	3.51e-03	1.18e-01	8.79e-01
 6.98954e+21	0.00e+00	1.62e-30	1.39e-24	1.31e-19	2.06e-15	6.46e-12	6.11e-09	2.83e-06	3.84e-03	1.23e-01	8.73e-01
 7.14532e+21	0.00e+00	2.33e-30	1.92e-24	1.73e-19	2.61e-15	7.86e-12	7.13e-09	3.17e-06	4.13e-03	1.27e-01	8.69e-01
 7.27635e+21	0.00e+00	3.14e-30	2.50e-24	2.17e-19	3.18e-15	9.27e-12	8.11e-09	3.48e-06	4.38e-03	1.30e-01	8.65e-01
 7.41646e+21	0.00e+00	4.31e-30	3.31e-24	2.77e-19	3.91e-15	1.10e-11	9.29e-09	3.84e-06	4.67e-03	1.34e-01	8.61e-01
 7.59860e+21	0.00e+00	6.43e-30	4.70e-24	3.77e-19	5.09e-15	1.37e-11	1.10e-08	4.35e-06	5.06e-03	1.39e-01	8.56e-01
 7.78416e+21	0.00e+00	9.66e-30	6.73e-24	5.14e-19	6.65e-15	1.71e-11	1.31e-08	4.94e-06	5.49e-03	1.45e-01	8.50e-01
 7.93274e+21	0.00e+00	1.33e-29	8.94e-24	6.58e-19	8.21e-15	2.04e-11	1.51e-08	5.46e-06	5.85e-03	1.49e-01	8.45e-01
 8.08445e+21	0.00e+00	1.84e-29	1.19e-23	8.42e-19	1.01e-14	2.43e-11	1.73e-08	6.04e-06	6.24e-03	1.53e-01	8.41e-01
 8.24493e+21	0.00e+00	2.58e-29	1.60e-23	1.09e-18	1.27e-14	2.93e-11	2.00e-08	6.70e-06	6.67e-03	1.58e-01	8.35e-01
 8.38202e+21	0.00e+00	3.43e-29	2.06e-23	1.36e-18	1.53e-14	3.43e-11	2.26e-08	7.33e-06	7.06e-03	1.62e-01	8.31e-01
 8.52543e+21	0.00e+00	4.61e-29	2.67e-23	1.71e-18	1.86e-14	4.03e-11	2.57e-08	8.03e-06	7.49e-03	1.66e-01	8.26e-01
 8.68666e+21	0.00e+00	6.38e-29	3.56e-23	2.19e-18	2.30e-14	4.81e-11	2.95e-08	8.88e-06	7.99e-03	1.71e-01	8.21e-01
 8.83882e+21	0.00e+00	8.68e-29	4.67e-23	2.77e-18	2.81e-14	5.69e-11	3.37e-08	9.77e-06	8.48e-03	1.76e-01	8.16e-01
 8.98049e+21	0.00e+00	1.15e-28	5.98e-23	3.44e-18	3.39e-14	6.64e-11	3.80e-08	1.07e-05	8.97e-03	1.80e-01	8.11e-01
 9.11276e+21	0.00e+00	1.50e-28	7.55e-23	4.21e-18	4.03e-14	7.67e-11	4.25e-08	1.16e-05	9.45e-03	1.84e-01	8.06e-01
 9.23662e+21	0.00e+00	1.91e-28	9.33e-23	5.06e-18	4.71e-14	8.75e-11	4.71e-08	1.25e-05	9.90e-03	1.88e-01	8.02e-01
 9.37758e+21	0.00e+00	2.51e-28	1.19e-22	6.24e-18	5.65e-14	1.02e-10	5.30e-08	1.36e-05	1.04e-02	1.93e-01	7.97e-01
 9.53314e+21	0.00e+00	3.38e-28	1.55e-22	7.86e-18	6.88e-14	1.20e-10	6.03e-08	1.49e-05	1.11e-02	1.98e-01	7.91e-01
 9.67520e+21	0.00e+00	4.44e-28	1.97e-22	9.68e-18	8.22e-14	1.39e-10	6.78e-08	1.62e-05	1.17e-02	2.02e-01	7.86e-01
 9.80624e+21	0.00e+00	5.71e-28	2.46e-22	1.17e-17	9.70e-14	1.60e-10	7.55e-08	1.75e-05	1.23e-02	2.07e-01	7.81e-01
 9.95544e+21	0.00e+00	7.54e-28	3.14e-22	1.45e-17	1.16e-13	1.86e-10	8.50e-08	1.91e-05	1.30e-02	2.12e-01	7.76e-01
 1.01224e+22	0.00e+00	1.03e-27	4.13e-22	1.84e-17	1.43e-13	2.21e-10	9.72e-08	2.10e-05	1.38e-02	2.17e-01	7.69e-01
 1.02770e+22	0.00e+00	1.37e-27	5.32e-22	2.30e-17	1.73e-13	2.58e-10	1.10e-07	2.29e-05	1.45e-02	2.22e-01	7.63e-01
 1.04107e+22	0.00e+00	1.76e-27	6.61e-22	2.78e-17	2.03e-13	2.96e-10	1.22e-07	2.47e-05	1.53e-02	2.27e-01	7.58e-01
 1.05523e+22	0.00e+00	2.28e-27	8.31e-22	3.39e-17	2.41e-13	3.41e-10	1.37e-07	2.68e-05	1.60e-02	2.32e-01	7.52e-01
 1.07113e+22	0.00e+00	3.04e-27	1.07e-21	4.23e-17	2.92e-13	4.00e-10	1.55e-07	2.93e-05	1.70e-02	2.37e-01	7.46e-01
 1.08598e+22	0.00e+00	3.98e-27	1.36e-21	5.19e-17	3.48e-13	4.63e-10	1.74e-07	3.18e-05	1.79e-02	2.42e-01	7.40e-01
 1.09966e+22	9.73e-34	5.09e-27	1.69e-21	6.27e-17	4.09e-13	5.31e-10	1.93e-07	3.43e-05	1.87e-02	2.47e-01	7.34e-01
 1.11514e+22	1.32e-33	6.71e-27	2.15e-21	7.75e-17	4.91e-13	6.17e-10	2.17e-07	3.73e-05	1.97e-02	2.52e-01	7.28e-01
 1.13230e+22	1.86e-33	9.10e-27	2.82e-21	9.79e-17	6.00e-13	7.30e-10	2.48e-07	4.10e-05	2.09e-02	2.59e-01	7.20e-01
 1.14800e+22	2.56e-33	1.21e-26	3.62e-21	1.22e-16	7.24e-13	8.55e-10	2.80e-07	4.47e-05	2.21e-02	2.64e-01	7.14e-01
 1.16222e+22	3.36e-33	1.54e-26	4.49e-21	1.47e-16	8.51e-13	9.78e-10	3.11e-07	4.82e-05	2.31e-02	2.69e-01	7.08e-01
 1.17814e+22	4.58e-33	2.04e-26	5.73e-21	1.81e-16	1.02e-12	1.14e-09	3.51e-07	5.24e-05	2.44e-02	2.75e-01	7.01e-01
 1.19546e+22	6.41e-33	2.75e-26	7.47e-21	2.29e-16	1.25e-12	1.35e-09	4.00e-07	5.75e-05	2.58e-02	2.81e-01	6.93e-01
 1.21094e+22	8.73e-33	3.63e-26	9.52e-21	2.83e-16	1.50e-12	1.57e-09	4.50e-07	6.26e-05	2.72e-02	2.87e-01	6.86e-01
 1.22466e+22	1.13e-32	4.56e-26	1.17e-20	3.37e-16	1.74e-12	1.78e-09	4.97e-07	6.72e-05	2.84e-02	2.92e-01	6.80e-01
 1.23975e+22	1.50e-32	5.90e-26	1.46e-20	4.10e-16	2.06e-12	2.05e-09	5.56e-07	7.27e-05	2.98e-02	2.98e-01	6.73e-01
 1.25937e+22	2.18e-32	8.22e-26	1.96e-20	5.30e-16	2.57e-12	2.47e-09	6.42e-07	8.05e-05	3.17e-02	3.05e-01	6.63e-01
 1.27901e+22	3.17e-32	1.15e-25	2.63e-20	6.85e-16	3.21e-12	2.98e-09	7.43e-07	8.92e-05	3.37e-02	3.12e-01	6.54e-01
 1.29407e+22	4.21e-32	1.48e-25	3.30e-20	8.33e-16	3.81e-12	3.43e-09	8.31e-07	9.65e-05	3.54e-02	3.18e-01	6.47e-01
 1.30904e+22	5.56e-32	1.90e-25	4.11e-20	1.01e-15	4.49e-12	3.94e-09	9.26e-07	1.04e-04	3.70e-02	3.23e-01	6.39e-01
 1.32850e+22	7.95e-32	2.62e-25	5.46e-20	1.29e-15	5.56e-12	4.72e-09	1.07e-06	1.15e-04	3.93e-02	3.31e-01	6.30e-01
 1.34850e+22	1.15e-31	3.66e-25	7.31e-20	1.67e-15	6.94e-12	5.69e-09	1.23e-06	1.27e-04	4.18e-02	3.38e-01	6.20e-01
 1.36468e+22	1.56e-31	4.80e-25	9.30e-20	2.05e-15	8.32e-12	6.63e-09	1.39e-06	1.38e-04	4.40e-02	3.44e-01	6.12e-01
 1.38121e+22	2.09e-31	6.23e-25	1.17e-19	2.51e-15	9.91e-12	7.68e-09	1.56e-06	1.50e-04	4.62e-02	3.50e-01	6.03e-01
 1.40268e+22	3.05e-31	8.77e-25	1.58e-19	3.27e-15	1.25e-11	9.31e-09	1.81e-06	1.67e-04	4.92e-02	3.58e-01	5.93e-01
 1.42450e+22	4.50e-31	1.24e-24	2.16e-19	4.28e-15	1.58e-11	1.13e-08	2.12e-06	1.86e-04	5.24e-02	3.66e-01	5.81e-01
 1.44168e+22	6.13e-31	1.64e-24	2.76e-19	5.31e-15	1.90e-11	1.33e-08	2.40e-06	2.03e-04	5.52e-02	3.73e-01	5.72e-01
 1.45892e+22	8.18e-31	2.13e-24	3.47e-19	6.49e-15	2.26e-11	1.54e-08	2.69e-06	2.20e-04	5.79e-02	3.79e-01	5.63e-01
 1.48135e+22	1.19e-30	2.98e-24	4.69e-19	8.43e-15	2.84e-11	1.87e-08	3.13e-06	2.44e-04	6.16e-02	3.86e-01	5.52e-01
 1.50477e+22	1.77e-30	4.25e-24	6.41e-19	1.11e-14	3.61e-11	2.29e-08	3.67e-06	2.73e-04	6.57e-02	3.94e-01	5.40e-01
 1.52337e+22	2.40e-30	5.60e-24	8.19e-19	1.37e-14	4.35e-11	2.68e-08	4.16e-06	2.97e-04	6.91e-02	4.01e-01	5.30e-01
 1.53857e+22	3.06e-30	6.98e-24	9.96e-19	1.63e-14	5.05e-11	3.04e-08	4.60e-06	3.19e-04	7.20e-02	4.06e-01	5.22e-01
 1.55553e+22	3.99e-30	8.86e-24	1.23e-18	1.96e-14	5.95e-11	3.49e-08	5.12e-06	3.44e-04	7.52e-02	4.11e-01	5.13e-01
 1.57757e+22	5.60e-30	1.20e-23	1.61e-18	2.49e-14	7.32e-11	4.16e-08	5.89e-06	3.78e-04	7.95e-02	4.18e-01	5.02e-01
 1.60068e+22	7.95e-30	1.65e-23	2.14e-18	3.19e-14	9.08e-11	5.00e-08	6.80e-06	4.18e-04	8.42e-02	4.25e-01	4.90e-01
 1.62012e+22	1.06e-29	2.14e-23	2.70e-18	3.90e-14	1.08e-10	5.81e-08	7.66e-06	4.54e-04	8.83e-02	4.31e-01	4.81e-01
 1.64029e+22	1.41e-29	2.77e-23	3.40e-18	4.78e-14	1.30e-10	6.76e-08	8.63e-06	4.93e-04	9.25e-02	4.36e-01	4.71e-01
 1.66652e+22	2.03e-29	3.85e-23	4.56e-18	6.18e-14	1.62e-10	8.19e-08	1.00e-05	5.48e-04	9.82e-02	4.43e-01	4.58e-01
 1.69325e+22	2.92e-29	5.35e-23	6.11e-18	8.00e-14	2.04e-10	9.93e-08	1.17e-05	6.08e-04	1.04e-01	4.50e-01	4.45e-01
 1.71477e+22	3.87e-29	6.92e-23	7.69e-18	9.79e-14	2.43e-10	1.15e-07	1.32e-05	6.61e-04	1.09e-01	4.55e-01	4.35e-01
 1.73688e+22	5.12e-29	8.91e-23	9.65e-18	1.19e-13	2.89e-10	1.34e-07	1.48e-05	7.17e-04	1.14e-01	4.60e-01	4.25e-01
 1.76562e+22	7.28e-29	1.23e-22	1.28e-17	1.54e-13	3.61e-10	1.62e-07	1.72e-05	7.94e-04	1.21e-01	4.66e-01	4.12e-01
 1.79546e+22	1.04e-28	1.70e-22	1.72e-17	1.98e-13	4.52e-10	1.96e-07	2.00e-05	8.81e-04	1.28e-01	4.72e-01	3.99e-01
 1.82028e+22	1.39e-28	2.21e-22	2.17e-17	2.44e-13	5.41e-10	2.28e-07	2.26e-05	9.58e-04	1.34e-01	4.76e-01	3.89e-01
 1.84149e+22	1.77e-28	2.76e-22	2.65e-17	2.91e-13	6.32e-10	2.60e-07	2.51e-05	1.03e-03	1.39e-01	4.80e-01	3.80e-01
 1.86446e+22	2.26e-28	3.43e-22	3.23e-17	3.46e-13	7.36e-10	2.96e-07	2.78e-05	1.10e-03	1.45e-01	4.83e-01	3.71e-01
 1.89432e+22	3.09e-28	4.57e-22	4.18e-17	4.33e-13	8.97e-10	3.50e-07	3.17e-05	1.21e-03	1.52e-01	4.87e-01	3.59e-01
 1.92487e+22	4.23e-28	6.09e-22	5.41e-17	5.44e-13	1.10e-09	4.15e-07	3.63e-05	1.33e-03	1.60e-01	4.91e-01	3.47e-01
 1.94954e+22	5.45e-28	7.67e-22	6.66e-17	6.53e-13	1.29e-09	4.77e-07	4.05e-05	1.43e-03	1.66e-01	4.94e-01	3.38e-01
 1.97483e+22	6.90e-28	9.52e-22	8.09e-17	7.75e-13	1.49e-09	5.41e-07	4.48e-05	1.53e-03	1.73e-01	4.97e-01	3.29e-01
 2.00770e+22	9.37e-28	1.26e-21	1.04e-16	9.66e-13	1.81e-09	6.38e-07	5.10e-05	1.68e-03	1.81e-01	5.00e-01	3.18e-01
 2.04190e+22	1.28e-27	1.67e-21	1.35e-16	1.21e-12	2.21e-09	7.55e-07	5.83e-05	1.84e-03	1.90e-01	5.02e-01	3.06e-01
 2.07034e+22	1.65e-27	2.12e-21	1.66e-16	1.46e-12	2.61e-09	8.69e-07	6.52e-05	1.98e-03	1.97e-01	5.04e-01	2.97e-01
 2.09985e+22	2.11e-27	2.65e-21	2.03e-16	1.74e-12	3.05e-09	9.90e-07	7.22e-05	2.13e-03	2.05e-01	5.05e-01	2.88e-01
 2.13218e+22	2.76e-27	3.39e-21	2.54e-16	2.12e-12	3.62e-09	1.15e-06	8.10e-05	2.30e-03	2.13e-01	5.07e-01	2.78e-01
 2.16103e+22	3.49e-27	4.20e-21	3.08e-16	2.51e-12	4.20e-09	1.30e-06	8.95e-05	2.46e-03	2.21e-01	5.07e-01	2.69e-01
 2.18731e+22	4.29e-27	5.07e-21	3.65e-16	2.92e-12	4.79e-09	1.45e-06	9.78e-05	2.61e-03	2.27e-01	5.08e-01	2.62e-01
 2.21739e+22	5.40e-27	6.25e-21	4.42e-16	3.45e-12	5.54e-09	1.64e-06	1.08e-04	2.79e-03	2.35e-01	5.08e-01	2.54e-01
 2.25648e+22	7.20e-27	8.14e-21	5.60e-16	4.25e-12	6.65e-09	1.92e-06	1.22e-04	3.04e-03	2.45e-01	5.08e-01	2.44e-01
 2.29625e+22	9.61e-27	1.06e-20	7.12e-16	5.25e-12	8.00e-09	2.24e-06	1.38e-04	3.30e-03	2.55e-01	5.08e-01	2.34e-01
 2.32814e+22	1.20e-26	1.31e-20	8.58e-16	6.18e-12	9.23e-09	2.53e-06	1.51e-04	3.52e-03	2.63e-01	5.07e-01	2.26e-01
 2.36087e+22	1.50e-26	1.60e-20	1.03e-15	7.26e-12	1.06e-08	2.85e-06	1.66e-04	3.75e-03	2.71e-01	5.06e-01	2.19e-01
 2.40342e+22	1.98e-26	2.06e-20	1.30e-15	8.89e-12	1.27e-08	3.31e-06	1.87e-04	4.05e-03	2.82e-01	5.05e-01	2.09e-01
 2.44816e+22	2.65e-26	2.69e-20	1.65e-15	1.10e-11	1.52e-08	3.86e-06	2.11e-04	4.40e-03	2.93e-01	5.03e-01	2.00e-01
 2.48610e+22	3.36e-26	3.35e-20	2.01e-15	1.31e-11	1.77e-08	4.38e-06	2.33e-04	4.70e-03	3.02e-01	5.01e-01	1.92e-01
 2.51928e+22	4.11e-26	4.03e-20	2.37e-15	1.51e-11	2.01e-08	4.88e-06	2.53e-04	4.97e-03	3.10e-01	4.99e-01	1.86e-01
 2.55594e+22	5.10e-26	4.91e-20	2.84e-15	1.77e-11	2.31e-08	5.47e-06	2.77e-04	5.28e-03	3.19e-01	4.96e-01	1.79e-01
 2.60361e+22	6.70e-26	6.30e-20	3.56e-15	2.15e-11	2.74e-08	6.32e-06	3.10e-04	5.68e-03	3.30e-01	4.93e-01	1.71e-01
 2.65304e+22	8.86e-26	8.15e-20	4.48e-15	2.64e-11	3.26e-08	7.32e-06	3.47e-04	6.13e-03	3.41e-01	4.89e-01	1.63e-01
 2.69418e+22	1.11e-25	1.00e-19	5.40e-15	3.10e-11	3.76e-08	8.23e-06	3.80e-04	6.52e-03	3.51e-01	4.86e-01	1.56e-01
 2.73706e+22	1.39e-25	1.23e-19	6.51e-15	3.66e-11	4.33e-08	9.27e-06	4.17e-04	6.93e-03	3.60e-01	4.83e-01	1.50e-01
 2.79281e+22	1.85e-25	1.60e-19	8.23e-15	4.49e-11	5.18e-08	1.07e-05	4.67e-04	7.47e-03	3.72e-01	4.78e-01	1.42e-01
 2.85167e+22	2.50e-25	2.10e-19	1.05e-14	5.57e-11	6.23e-08	1.25e-05	5.26e-04	8.08e-03	3.85e-01	4.72e-01	1.34e-01
 2.90231e+22	3.20e-25	2.64e-19	1.29e-14	6.66e-11	7.27e-08	1.43e-05	5.80e-04	8.62e-03	3.95e-01	4.67e-01	1.28e-01
 2.95587e+22	4.12e-25	3.32e-19	1.59e-14	7.98e-11	8.50e-08	1.62e-05	6.41e-04	9.19e-03	4.06e-01	4.62e-01	1.22e-01
 3.01441e+22	5.41e-25	4.26e-19	1.99e-14	9.70e-11	1.01e-07	1.86e-05	7.13e-04	9.85e-03	4.18e-01	4.56e-01	1.15e-01
 3.06736e+22	6.87e-25	5.31e-19	2.42e-14	1.15e-10	1.17e-07	2.11e-05	7.83e-04	1.05e-02	4.28e-01	4.50e-01	1.10e-01
 3.12412e+22	8.79e-25	6.65e-19	2.97e-14	1.37e-10	1.36e-07	2.39e-05	8.62e-04	1.11e-02	4.39e-01	4.44e-01	1.04e-01
 3.19791e+22	1.20e-24	8.83e-19	3.82e-14	1.71e-10	1.64e-07	2.79e-05	9.70e-04	1.20e-02	4.53e-01	4.37e-01	9.79e-02
 3.27062e+22	1.63e-24	1.17e-18	4.91e-14	2.13e-10	1.98e-07	3.26e-05	1.09e-03	1.30e-02	4.66e-01	4.28e-01	9.16e-02
 3.32510e+22	2.03e-24	1.43e-18	5.88e-14	2.49e-10	2.26e-07	3.63e-05	1.19e-03	1.37e-02	4.75e-01	4.22e-01	8.73e-02
 3.37906e+22	2.50e-24	1.73e-18	6.99e-14	2.90e-10	2.57e-07	4.04e-05	1.28e-03	1.44e-02	4.84e-01	4.17e-01	8.33e-02
 3.44922e+22	3.26e-24	2.20e-18	8.69e-14	3.50e-10	3.02e-07	4.61e-05	1.42e-03	1.54e-02	4.96e-01	4.09e-01	7.84e-02
 3.52446e+22	4.32e-24	2.85e-18	1.10e-13	4.28e-10	3.59e-07	5.32e-05	1.58e-03	1.65e-02	5.08e-01	4.00e-01	7.34e-02
 3.58975e+22	5.47e-24	3.54e-18	1.33e-13	5.07e-10	4.16e-07	5.99e-05	1.73e-03	1.74e-02	5.18e-01	3.93e-01	6.94e-02
 3.65808e+22	6.93e-24	4.40e-18	1.62e-13	6.01e-10	4.81e-07	6.75e-05	1.89e-03	1.84e-02	5.29e-01	3.86e-01	6.55e-02
 3.74691e+22	9.36e-24	5.78e-18	2.07e-13	7.43e-10	5.76e-07	7.82e-05	2.11e-03	1.98e-02	5.41e-01	3.76e-01	6.09e-02
 3.83792e+22	1.26e-23	7.62e-18	2.65e-13	9.24e-10	6.95e-07	9.12e-05	2.37e-03	2.13e-02	5.54e-01	3.66e-01	5.63e-02
 3.91065e+22	1.59e-23	9.43e-18	3.21e-13	1.09e-09	8.02e-07	1.03e-04	2.59e-03	2.25e-02	5.64e-01	3.58e-01	5.30e-02
 3.98410e+22	1.99e-23	1.16e-17	3.87e-13	1.28e-09	9.21e-07	1.15e-04	2.82e-03	2.37e-02	5.73e-01	3.50e-01	4.99e-02
 4.07958e+22	2.64e-23	1.50e-17	4.89e-13	1.58e-09	1.10e-06	1.33e-04	3.14e-03	2.53e-02	5.85e-01	3.40e-01	4.62e-02
 4.17357e+22	3.48e-23	1.94e-17	6.15e-13	1.92e-09	1.30e-06	1.53e-04	3.49e-03	2.71e-02	5.96e-01	3.30e-01	4.27e-02
 4.24372e+22	4.24e-23	2.32e-17	7.25e-13	2.22e-09	1.47e-06	1.69e-04	3.76e-03	2.84e-02	6.04e-01	3.23e-01	4.04e-02
 4.31304e+22	5.10e-23	2.76e-17	8.48e-13	2.55e-09	1.66e-06	1.86e-04	4.05e-03	2.97e-02	6.11e-01	3.16e-01	3.82e-02
 4.40316e+22	6.44e-23	3.42e-17	1.03e-12	3.02e-09	1.92e-06	2.10e-04	4.44e-03	3.14e-02	6.21e-01	3.08e-01	3.56e-02
 4.49965e+22	8.24e-23	4.30e-17	1.27e-12	3.63e-09	2.25e-06	2.39e-04	4.88e-03	3.33e-02	6.30e-01	2.98e-01	3.29e-02
 4.58410e+22	1.02e-22	5.22e-17	1.52e-12	4.24e-09	2.57e-06	2.67e-04	5.30e-03	3.51e-02	6.38e-01	2.90e-01	3.08e-02
 4.67353e+22	1.25e-22	6.33e-17	1.81e-12	4.95e-09	2.94e-06	2.98e-04	5.76e-03	3.69e-02	6.46e-01	2.82e-01	2.88e-02
 4.78979e+22	1.61e-22	8.06e-17	2.26e-12	6.01e-09	3.48e-06	3.42e-04	6.39e-03	3.93e-02	6.56e-01	2.72e-01	2.63e-02
 4.90807e+22	2.09e-22	1.03e-16	2.83e-12	7.33e-09	4.13e-06	3.94e-04	7.11e-03	4.20e-02	6.65e-01	2.61e-01	2.40e-02
 5.00196e+22	2.54e-22	1.24e-16	3.36e-12	8.53e-09	4.72e-06	4.40e-04	7.71e-03	4.42e-02	6.72e-01	2.53e-01	2.23e-02
 5.09701e+22	3.06e-22	1.48e-16	3.95e-12	9.85e-09	5.35e-06	4.88e-04	8.34e-03	4.64e-02	6.79e-01	2.45e-01	2.08e-02
 5.22056e+22	3.84e-22	1.84e-16	4.84e-12	1.18e-08	6.27e-06	5.57e-04	9.20e-03	4.92e-02	6.86e-01	2.36e-01	1.90e-02
 5.35220e+22	4.87e-22	2.31e-16	6.00e-12	1.43e-08	7.41e-06	6.40e-04	1.02e-02	5.25e-02	6.94e-01	2.25e-01	1.72e-02
 5.46506e+22	5.88e-22	2.77e-16	7.15e-12	1.67e-08	8.53e-06	7.19e-04	1.11e-02	5.54e-02	7.00e-01	2.17e-01	1.58e-02
 5.58246e+22	7.08e-22	3.33e-16	8.49e-12	1.95e-08	9.76e-06	8.04e-04	1.21e-02	5.84e-02	7.06e-01	2.09e-01	1.45e-02
 5.73508e+22	8.85e-22	4.15e-16	1.05e-11	2.36e-08	1.16e-05	9.27e-04	1.35e-02	6.23e-02	7.12e-01	1.98e-01	1.30e-02
 5.89135e+22	1.11e-21	5.17e-16	1.30e-11	2.87e-08	1.38e-05	1.07e-03	1.50e-02	6.66e-02	7.18e-01	1.88e-01	1.16e-02
 6.01678e+22	1.30e-21	6.11e-16	1.53e-11	3.33e-08	1.57e-05	1.20e-03	1.64e-02	7.03e-02	7.22e-01	1.80e-01	1.06e-02
 6.12326e+22	1.49e-21	7.01e-16	1.75e-11	3.76e-08	1.75e-05	1.31e-03	1.75e-02	7.32e-02	7.25e-01	1.74e-01	9.81e-03
 6.24067e+22	1.70e-21	8.05e-16	2.01e-11	4.27e-08	1.97e-05	1.45e-03	1.88e-02	7.65e-02	7.27e-01	1.67e-01	9.04e-03
 6.39331e+22	2.00e-21	9.54e-16	2.38e-11	4.99e-08	2.27e-05	1.63e-03	2.06e-02	8.09e-02	7.30e-01	1.59e-01	8.15e-03
 6.55559e+22	2.36e-21	1.14e-15	2.84e-11	5.90e-08	2.64e-05	1.85e-03	2.26e-02	8.57e-02	7.32e-01	1.50e-01	7.29e-03
 6.69480e+22	2.70e-21	1.32e-15	3.30e-11	6.78e-08	3.00e-05	2.06e-03	2.44e-02	9.00e-02	7.34e-01	1.43e-01	6.62e-03
 6.81910e+22	3.01e-21	1.49e-15	3.74e-11	7.63e-08	3.33e-05	2.25e-03	2.61e-02	9.38e-02	7.34e-01	1.37e-01	6.09e-03
 6.95961e+22	3.36e-21	1.69e-15	4.27e-11	8.64e-08	3.74e-05	2.48e-03	2.80e-02	9.81e-02	7.35e-01	1.31e-01	5.56e-03
 7.14227e+22	3.85e-21	1.97e-15	5.03e-11	1.01e-07	4.32e-05	2.79e-03	3.06e-02	1.04e-01	7.34e-01	1.24e-01	4.95e-03
 7.33272e+22	4.42e-21	2.32e-15	5.98e-11	1.19e-07	5.02e-05	3.16e-03	3.36e-02	1.10e-01	7.33e-01	1.16e-01	4.38e-03
 7.48928e+22	4.92e-21	2.63e-15	6.87e-11	1.36e-07	5.67e-05	3.50e-03	3.61e-02	1.15e-01	7.32e-01	1.10e-01	3.95e-03
 7.64878e+22	5.42e-21	2.96e-15	7.81e-11	1.54e-07	6.34e-05	3.84e-03	3.86e-02	1.20e-01	7.30e-01	1.05e-01	3.60e-03
 7.85614e+22	6.10e-21	3.42e-15	9.16e-11	1.80e-07	7.31e-05	4.31e-03	4.20e-02	1.26e-01	7.26e-01	9.83e-02	3.18e-03
 8.07601e+22	6.92e-21	4.01e-15	1.09e-10	2.13e-07	8.51e-05	4.88e-03	4.58e-02	1.33e-01	7.22e-01	9.16e-02	2.79e-03
 8.26214e+22	7.65e-21	4.56e-15	1.26e-10	2.45e-07	9.65e-05	5.40e-03	4.92e-02	1.39e-01	7.17e-01	8.64e-02	2.50e-03
 8.45412e+22	8.40e-21	5.14e-15	1.44e-10	2.79e-07	1.09e-04	5.94e-03	5.26e-02	1.45e-01	7.13e-01	8.16e-02	2.25e-03
 8.70371e+22	9.43e-21	5.97e-15	1.71e-10	3.28e-07	1.26e-04	6.68e-03	5.71e-02	1.52e-01	7.06e-01	7.59e-02	1.97e-03
 8.96974e+22	1.07e-20	7.06e-15	2.06e-10	3.94e-07	1.48e-04	7.58e-03	6.24e-02	1.60e-01	6.98e-01	7.01e-02	1.71e-03
 9.19759e+22	1.19e-20	8.13e-15	2.42e-10	4.58e-07	1.69e-04	8.42e-03	6.70e-02	1.67e-01	6.90e-01	6.55e-02	1.51e-03
 9.43426e+22	1.32e-20	9.28e-15	2.80e-10	5.28e-07	1.91e-04	9.28e-03	7.16e-02	1.74e-01	6.82e-01	6.15e-02	1.35e-03
 9.68913e+22	1.47e-20	1.07e-14	3.30e-10	6.19e-07	2.20e-04	1.03e-02	7.69e-02	1.81e-01	6.73e-01	5.71e-02	1.18e-03
 9.90786e+22	1.63e-20	1.22e-14	3.82e-10	7.09e-07	2.47e-04	1.13e-02	8.17e-02	1.88e-01	6.64e-01	5.37e-02	1.06e-03
 1.01324e+23	1.79e-20	1.38e-14	4.35e-10	8.02e-07	2.75e-04	1.23e-02	8.62e-02	1.93e-01	6.56e-01	5.07e-02	9.59e-04
 1.04243e+23	2.01e-20	1.60e-14	5.13e-10	9.37e-07	3.14e-04	1.36e-02	9.21e-02	2.01e-01	6.45e-01	4.72e-02	8.45e-04
 1.07404e+23	2.31e-20	1.90e-14	6.19e-10	1.12e-06	3.65e-04	1.52e-02	9.90e-02	2.09e-01	6.32e-01	4.34e-02	7.33e-04
 1.10101e+23	2.59e-20	2.20e-14	7.27e-10	1.30e-06	4.14e-04	1.67e-02	1.05e-01	2.16e-01	6.21e-01	4.04e-02	6.49e-04
 1.12411e+23	2.87e-20	2.48e-14	8.26e-10	1.46e-06	4.57e-04	1.80e-02	1.10e-01	2.21e-01	6.12e-01	3.83e-02	5.90e-04
 1.14998e+23	3.17e-20	2.81e-14	9.44e-10	1.65e-06	5.07e-04	1.94e-02	1.16e-01	2.26e-01	6.01e-01	3.60e-02	5.33e-04
 1.18360e+23	3.60e-20	3.28e-14	1.11e-09	1.92e-06	5.75e-04	2.13e-02	1.23e-01	2.33e-01	5.88e-01	3.34e-02	4.70e-04
 1.22124e+23	4.20e-20	3.93e-14	1.35e-09	2.28e-06	6.64e-04	2.37e-02	1.31e-01	2.41e-01	5.73e-01	3.06e-02	4.07e-04
 1.25587e+23	4.82e-20	4.65e-14	1.61e-09	2.68e-06	7.58e-04	2.61e-02	1.39e-01	2.47e-01	5.58e-01	2.82e-02	3.56e-04
 1.28710e+23	5.49e-20	5.37e-14	1.86e-09	3.05e-06	8.44e-04	2.82e-02	1.46e-01	2.53e-01	5.46e-01	2.64e-02	3.19e-04
 1.32209e+23	6.21e-20	6.21e-14	2.16e-09	3.49e-06	9.42e-04	3.06e-02	1.53e-01	2.58e-01	5.32e-01	2.46e-02	2.84e-04
 1.36758e+23	7.24e-20	7.40e-14	2.59e-09	4.10e-06	1.07e-03	3.36e-02	1.62e-01	2.64e-01	5.16e-01	2.25e-02	2.47e-04
 1.41889e+23	8.79e-20	9.17e-14	3.22e-09	4.96e-06	1.25e-03	3.75e-02	1.73e-01	2.71e-01	4.97e-01	2.03e-02	2.09e-04
 1.46611e+23	1.05e-19	1.12e-13	3.91e-09	5.88e-06	1.44e-03	4.15e-02	1.83e-01	2.77e-01	4.78e-01	1.84e-02	1.80e-04
 1.50847e+23	1.22e-19	1.31e-13	4.59e-09	6.76e-06	1.61e-03	4.49e-02	1.92e-01	2.81e-01	4.63e-01	1.70e-02	1.59e-04
 1.55616e+23	1.41e-19	1.53e-13	5.36e-09	7.74e-06	1.80e-03	4.86e-02	2.01e-01	2.85e-01	4.48e-01	1.57e-02	1.40e-04
 1.61540e+23	1.68e-19	1.84e-13	6.42e-09	9.03e-06	2.04e-03	5.31e-02	2.11e-01	2.89e-01	4.30e-01	1.43e-02	1.21e-04
 1.68125e+23	2.04e-19	2.27e-13	7.87e-09	1.08e-05	2.35e-03	5.86e-02	2.23e-01	2.93e-01	4.10e-01	1.28e-02	1.02e-04
 1.74836e+23	2.48e-19	2.78e-13	9.56e-09	1.27e-05	2.69e-03	6.44e-02	2.34e-01	2.97e-01	3.90e-01	1.15e-02	8.72e-05
 1.81816e+23	2.97e-19	3.35e-13	1.14e-08	1.48e-05	3.04e-03	7.01e-02	2.45e-01	2.99e-01	3.72e-01	1.04e-02	7.50e-05
 1.89212e+23	3.58e-19	4.03e-13	1.36e-08	1.72e-05	3.43e-03	7.63e-02	2.56e-01	3.01e-01	3.54e-01	9.35e-03	6.43e-05
 1.96904e+23	4.27e-19	4.82e-13	1.61e-08	1.98e-05	3.84e-03	8.25e-02	2.67e-01	3.02e-01	3.36e-01	8.45e-03	5.55e-05
 2.04903e+23	5.04e-19	5.69e-13	1.88e-08	2.25e-05	4.28e-03	8.88e-02	2.77e-01	3.02e-01	3.20e-01	7.66e-03	4.81e-05
 2.13223e+23	5.90e-19	6.64e-13	2.17e-08	2.54e-05	4.71e-03	9.50e-02	2.87e-01	3.02e-01	3.05e-01	6.99e-03	4.21e-05
 2.21865e+23	6.83e-19	7.66e-13	2.49e-08	2.84e-05	5.16e-03	1.01e-01	2.96e-01	3.01e-01	2.91e-01	6.39e-03	3.71e-05
 2.30227e+23	7.94e-19	8.89e-13	2.85e-08	3.18e-05	5.67e-03	1.08e-01	3.04e-01	3.00e-01	2.77e-01	5.83e-03	3.25e-05
 2.37752e+23	8.96e-19	9.99e-13	3.18e-08	3.48e-05	6.10e-03	1.13e-01	3.11e-01	2.99e-01	2.65e-01	5.41e-03	2.93e-05
 2.44525e+23	9.89e-19	1.10e-12	3.47e-08	3.75e-05	6.48e-03	1.18e-01	3.17e-01	2.97e-01	2.56e-01	5.08e-03	2.68e-05
 2.50621e+23	1.08e-18	1.19e-12	3.74e-08	3.98e-05	6.81e-03	1.22e-01	3.22e-01	2.96e-01	2.48e-01	4.81e-03	2.49e-05
 2.56107e+23	1.15e-18	1.27e-12	3.97e-08	4.18e-05	7.09e-03	1.25e-01	3.26e-01	2.95e-01	2.42e-01	4.61e-03	2.35e-05
 2.61044e+23	1.22e-18	1.35e-12	4.18e-08	4.36e-05	7.35e-03	1.28e-01	3.29e-01	2.94e-01	2.37e-01	4.43e-03	2.22e-05
 2.65488e+23	1.28e-18	1.41e-12	4.36e-08	4.52e-05	7.57e-03	1.31e-01	3.32e-01	2.93e-01	2.32e-01	4.29e-03	2.12e-05
 2.69487e+23	1.33e-18	1.46e-12	4.51e-08	4.65e-05	7.76e-03	1.33e-01	3.35e-01	2.92e-01	2.28e-01	4.17e-03	2.05e-05
 2.73087e+23	1.38e-18	1.51e-12	4.65e-08	4.77e-05	7.92e-03	1.35e-01	3.37e-01	2.91e-01	2.25e-01	4.07e-03	1.98e-05
 2.76326e+23	1.41e-18	1.55e-12	4.76e-08	4.86e-05	8.06e-03	1.37e-01	3.39e-01	2.90e-01	2.22e-01	3.99e-03	1.93e-05
 2.79388e+23	1.44e-18	1.58e-12	4.83e-08	4.92e-05	8.15e-03	1.38e-01	3.40e-01	2.90e-01	2.20e-01	3.93e-03	1.89e-05
 2.82443e+23	1.46e-18	1.60e-12	4.90e-08	4.99e-05	8.25e-03	1.39e-01	3.41e-01	2.89e-01	2.18e-01	3.87e-03	1.85e-05
 2.85498e+23	1.48e-18	1.63e-12	4.98e-08	5.05e-05	8.34e-03	1.40e-01	3.42e-01	2.89e-01	2.16e-01	3.81e-03	1.81e-05
 2.88553e+23	1.51e-18	1.65e-12	5.05e-08	5.11e-05	8.43e-03	1.41e-01	3.44e-01	2.88e-01	2.15e-01	3.76e-03	1.78e-05
 2.91608e+23	1.52e-18	1.67e-12	5.11e-08	5.16e-05	8.52e-03	1.42e-01	3.45e-01	2.88e-01	2.13e-01	3.71e-03	1.75e-05
 2.94662e+23	1.54e-18	1.69e-12	5.15e-08	5.20e-05	8.58e-03	1.43e-01	3.46e-01	2.87e-01	2.11e-01	3.67e-03	1.72e-05
 2.97717e+23	1.55e-18	1.70e-12	5.19e-08	5.24e-05	8.64e-03	1.44e-01	3.47e-01	2.87e-01	2.10e-01	3.63e-03	1.70e-05
 3.00772e+23	1.56e-18	1.71e-12	5.23e-08	5.27e-05	8.70e-03	1.45e-01	3.48e-01	2.87e-01	2.09e-01	3.60e-03	1.68e-05
 3.03827e+23	1.57e-18	1.72e-12	5.27e-08	5.30e-05	8.76e-03	1.45e-01	3.49e-01	2.86e-01	2.07e-01	3.56e-03	1.66e-05
 3.05418e+23	1.69e-18	1.84e-12	5.58e-08	5.56e-05	9.08e-03	1.49e-01	3.51e-01	2.85e-01	2.03e-01	3.44e-03	1.58e-05
