#depth	Fe	Fe+	Fe+2	Fe+3	Fe+4	Fe+5	Fe+6	Fe+7	Fe+8	Fe+9	Fe+10	Fe+11	Fe+12	Fe+13	Fe+14	Fe+15	Fe+16	Fe+17	Fe+18	Fe+19	Fe+20	Fe+21	Fe+22	Fe+23	Fe+24	Fe+25	Fe+26
 6.17135e+19	0.00e+00	0.00e+00	0.00e+00	0.00e+00	0.00e+00	0.00e+00	0.00e+00	0.00e+00	0.00e+00	3.05e-30	4.39e-27	3.97e-24	3.09e-21	1.37e-18	4.04e-16	8.08e-14	2.39e-11	2.22e-09	1.26e-07	4.20e-06	8.18e-05	8.96e-04	7.41e-03	5.23e-02	4.49e-01	3.79e-01	1.11e-01
 1.87609e+20	0.00e+00	0.00e+00	0.00e+00	0.00e+00	0.00e+00	0.00e+00	0.00e+00	0.00e+00	6.42e-33	1.24e-29	1.61e-26	1.31e-23	9.14e-21	3.64e-18	9.73e-16	1.77e-13	4.97e-11	4.31e-09	2.28e-07	7.01e-06	1.25e-04	1.25e-03	9.39e-03	6.02e-02	4.71e-01	3.62e-01	9.63e-02
 3.18540e+20	0.00e+00	0.00e+00	0.00e+00	0.00e+00	0.00e+00	0.00e+00	0.00e+00	0.00e+00	2.93e-32	5.09e-29	5.92e-26	4.33e-23	2.72e-20	9.74e-18	2.34e-15	3.87e-13	1.03e-10	8.42e-09	4.14e-07	1.17e-05	1.92e-04	1.74e-03	1.19e-02	6.89e-02	4.91e-01	3.43e-01	8.31e-02
 4.54709e+20	0.00e+00	0.00e+00	0.00e+00	0.00e+00	0.00e+00	0.00e+00	0.00e+00	0.00e+00	1.36e-31	2.11e-28	2.21e-25	1.45e-22	8.13e-20	2.61e-17	5.65e-15	8.45e-13	2.15e-10	1.65e-08	7.54e-07	1.96e-05	2.94e-04	2.43e-03	1.50e-02	7.86e-02	5.09e-01	3.23e-01	7.12e-02
 5.47369e+20	0.00e+00	0.00e+00	0.00e+00	0.00e+00	0.00e+00	0.00e+00	0.00e+00	0.00e+00	3.77e-31	5.46e-28	5.30e-25	3.22e-22	1.68e-19	5.03e-17	1.01e-14	1.42e-12	3.50e-10	2.58e-08	1.12e-06	2.77e-05	3.90e-04	3.03e-03	1.75e-02	8.55e-02	5.20e-01	3.09e-01	6.39e-02
 5.83446e+20	0.00e+00	0.00e+00	0.00e+00	0.00e+00	0.00e+00	0.00e+00	0.00e+00	0.00e+00	5.66e-31	7.95e-28	7.49e-25	4.42e-22	2.24e-19	6.50e-17	1.27e-14	1.73e-12	4.23e-10	3.07e-08	1.32e-06	3.17e-05	4.36e-04	3.31e-03	1.85e-02	8.84e-02	5.24e-01	3.04e-01	6.12e-02
 6.12971e+20	0.00e+00	0.00e+00	0.00e+00	0.00e+00	0.00e+00	0.00e+00	0.00e+00	0.00e+00	7.66e-31	1.05e-27	9.72e-25	5.62e-22	2.79e-19	7.91e-17	1.51e-14	2.02e-12	4.90e-10	3.51e-08	1.48e-06	3.51e-05	4.74e-04	3.53e-03	1.94e-02	9.05e-02	5.27e-01	3.00e-01	5.93e-02
 6.51354e+20	0.00e+00	0.00e+00	0.00e+00	0.00e+00	0.00e+00	0.00e+00	0.00e+00	0.00e+00	1.15e-30	1.54e-27	1.38e-24	7.75e-22	3.73e-19	1.03e-16	1.91e-14	2.48e-12	5.94e-10	4.19e-08	1.74e-06	4.02e-05	5.31e-04	3.85e-03	2.06e-02	9.35e-02	5.31e-01	2.94e-01	5.67e-02
 7.01251e+20	0.00e+00	0.00e+00	0.00e+00	0.00e+00	0.00e+00	0.00e+00	0.00e+00	0.00e+00	1.96e-30	2.52e-27	2.17e-24	1.17e-21	5.42e-19	1.44e-16	2.57e-14	3.23e-12	7.63e-10	5.27e-08	2.13e-06	4.79e-05	6.13e-04	4.30e-03	2.22e-02	9.75e-02	5.35e-01	2.87e-01	5.35e-02
 7.66118e+20	0.00e+00	0.00e+00	0.00e+00	0.00e+00	0.00e+00	0.00e+00	0.00e+00	0.00e+00	3.85e-30	4.72e-27	3.87e-24	1.99e-21	8.75e-19	2.21e-16	3.76e-14	4.52e-12	1.05e-09	7.07e-08	2.77e-06	6.01e-05	7.38e-04	4.96e-03	2.45e-02	1.03e-01	5.40e-01	2.77e-01	4.95e-02
 8.31573e+20	0.00e+00	0.00e+00	0.00e+00	0.00e+00	0.00e+00	0.00e+00	0.00e+00	0.00e+00	7.59e-30	8.85e-27	6.90e-24	3.37e-21	1.41e-18	3.40e-16	5.50e-14	6.32e-12	1.44e-09	9.48e-08	3.60e-06	7.52e-05	8.88e-04	5.71e-03	2.70e-02	1.08e-01	5.45e-01	2.68e-01	4.58e-02
 8.83269e+20	0.00e+00	0.00e+00	0.00e+00	0.00e+00	0.00e+00	0.00e+00	0.00e+00	0.00e+00	1.29e-29	1.45e-26	1.09e-23	5.11e-21	2.06e-18	4.75e-16	7.41e-14	8.21e-12	1.85e-09	1.19e-07	4.42e-06	8.97e-05	1.03e-03	6.39e-03	2.91e-02	1.12e-01	5.48e-01	2.60e-01	4.31e-02
 9.35948e+20	0.00e+00	0.00e+00	0.00e+00	0.00e+00	0.00e+00	0.00e+00	0.00e+00	5.47e-33	2.20e-29	2.38e-26	1.71e-23	7.74e-21	2.99e-18	6.65e-16	9.97e-14	1.07e-11	2.37e-09	1.50e-07	5.43e-06	1.07e-04	1.19e-03	7.13e-03	3.13e-02	1.17e-01	5.50e-01	2.53e-01	4.04e-02
 1.00443e+21	0.00e+00	0.00e+00	0.00e+00	0.00e+00	0.00e+00	0.00e+00	0.00e+00	1.13e-32	4.35e-29	4.47e-26	3.06e-23	1.32e-20	4.84e-18	1.02e-15	1.46e-13	1.49e-11	3.26e-09	2.01e-07	7.05e-06	1.34e-04	1.42e-03	8.20e-03	3.44e-02	1.22e-01	5.53e-01	2.43e-01	3.73e-02
 1.07257e+21	0.00e+00	0.00e+00	0.00e+00	0.00e+00	0.00e+00	0.00e+00	0.00e+00	2.37e-32	8.64e-29	8.43e-26	5.49e-23	2.24e-20	7.81e-18	1.57e-15	2.13e-13	2.07e-11	4.48e-09	2.70e-07	9.17e-06	1.68e-04	1.71e-03	9.43e-03	3.77e-02	1.28e-01	5.55e-01	2.34e-01	3.43e-02
 1.12439e+21	0.00e+00	0.00e+00	0.00e+00	0.00e+00	0.00e+00	0.00e+00	0.00e+00	4.05e-32	1.42e-28	1.34e-25	8.41e-23	3.30e-20	1.11e-17	2.15e-15	2.81e-13	2.65e-11	5.66e-09	3.35e-07	1.11e-05	1.97e-04	1.95e-03	1.04e-02	4.03e-02	1.32e-01	5.56e-01	2.27e-01	3.22e-02
 1.17588e+21	0.00e+00	0.00e+00	0.00e+00	0.00e+00	0.00e+00	0.00e+00	0.00e+00	6.89e-32	2.34e-28	2.12e-25	1.28e-22	4.86e-20	1.57e-17	2.93e-15	3.70e-13	3.36e-11	7.13e-09	4.14e-07	1.34e-05	2.32e-04	2.23e-03	1.15e-02	4.31e-02	1.37e-01	5.56e-01	2.20e-01	3.02e-02
 1.24282e+21	0.00e+00	0.00e+00	0.00e+00	0.00e+00	0.00e+00	0.00e+00	0.00e+00	1.37e-31	4.44e-28	3.84e-25	2.22e-22	8.00e-20	2.46e-17	4.38e-15	5.26e-13	4.58e-11	9.58e-09	5.44e-07	1.71e-05	2.86e-04	2.64e-03	1.31e-02	4.69e-02	1.42e-01	5.56e-01	2.11e-01	2.79e-02
 1.31268e+21	0.00e+00	0.00e+00	0.00e+00	0.00e+00	0.00e+00	0.00e+00	0.00e+00	2.80e-31	8.62e-28	7.10e-25	3.89e-22	1.34e-19	3.92e-17	6.62e-15	7.57e-13	6.30e-11	1.30e-08	7.22e-07	2.21e-05	3.54e-04	3.14e-03	1.49e-02	5.11e-02	1.48e-01	5.55e-01	2.02e-01	2.55e-02
 1.36899e+21	0.00e+00	0.00e+00	0.00e+00	0.00e+00	0.00e+00	0.00e+00	0.00e+00	4.93e-31	1.46e-27	1.16e-24	6.11e-22	2.01e-19	5.67e-17	9.21e-15	1.01e-12	8.11e-11	1.66e-08	9.04e-07	2.70e-05	4.20e-04	3.61e-03	1.66e-02	5.46e-02	1.52e-01	5.54e-01	1.94e-01	2.38e-02
 1.41733e+21	0.00e+00	0.00e+00	0.00e+00	0.00e+00	0.00e+00	0.00e+00	0.00e+00	8.02e-31	2.30e-27	1.76e-24	8.98e-22	2.86e-19	7.77e-17	1.22e-14	1.29e-12	1.01e-10	2.04e-08	1.10e-06	3.20e-05	4.86e-04	4.06e-03	1.81e-02	5.78e-02	1.56e-01	5.53e-01	1.88e-01	2.24e-02
 1.47267e+21	0.00e+00	0.00e+00	0.00e+00	0.00e+00	0.00e+00	0.00e+00	0.00e+00	1.36e-30	3.77e-27	2.78e-24	1.37e-21	4.20e-19	1.10e-16	1.66e-14	1.70e-12	1.28e-10	2.57e-08	1.35e-06	3.86e-05	5.69e-04	4.61e-03	1.99e-02	6.15e-02	1.61e-01	5.50e-01	1.82e-01	2.09e-02
 1.54461e+21	0.00e+00	0.00e+00	0.00e+00	0.00e+00	0.00e+00	0.00e+00	0.00e+00	2.79e-30	7.33e-27	5.15e-24	2.41e-21	7.02e-19	1.74e-16	2.51e-14	2.44e-12	1.75e-10	3.48e-08	1.79e-06	4.96e-05	7.05e-04	5.48e-03	2.26e-02	6.67e-02	1.66e-01	5.47e-01	1.73e-01	1.91e-02
 1.61736e+21	0.00e+00	0.00e+00	0.00e+00	0.00e+00	0.00e+00	0.00e+00	0.00e+00	5.63e-30	1.41e-26	9.44e-24	4.20e-21	1.16e-18	2.75e-16	3.76e-14	3.48e-12	2.38e-10	4.69e-08	2.36e-06	6.34e-05	8.68e-04	6.47e-03	2.56e-02	7.21e-02	1.72e-01	5.42e-01	1.64e-01	1.74e-02
 1.67564e+21	0.00e+00	0.00e+00	0.00e+00	0.00e+00	0.00e+00	0.00e+00	0.00e+00	9.83e-30	2.37e-26	1.53e-23	6.52e-21	1.74e-18	3.95e-16	5.19e-14	4.61e-12	3.04e-10	5.94e-08	2.94e-06	7.70e-05	1.02e-03	7.38e-03	2.82e-02	7.66e-02	1.76e-01	5.37e-01	1.57e-01	1.61e-02
 1.73586e+21	0.00e+00	0.00e+00	0.00e+00	0.00e+00	0.00e+00	0.00e+00	3.99e-33	1.74e-29	4.03e-26	2.49e-23	1.02e-20	2.62e-18	5.70e-16	7.20e-14	6.14e-12	3.90e-10	7.55e-08	3.67e-06	9.39e-05	1.21e-03	8.43e-03	3.11e-02	8.14e-02	1.80e-01	5.32e-01	1.51e-01	1.49e-02
 1.80309e+21	0.00e+00	0.00e+00	0.00e+00	0.00e+00	0.00e+00	0.00e+00	7.81e-33	3.26e-29	7.23e-26	4.28e-23	1.68e-20	4.12e-18	8.56e-16	1.03e-13	8.43e-12	5.13e-10	9.84e-08	4.69e-06	1.17e-04	1.45e-03	9.76e-03	3.46e-02	8.69e-02	1.84e-01	5.26e-01	1.43e-01	1.37e-02
 1.86552e+21	0.00e+00	0.00e+00	0.00e+00	0.00e+00	0.00e+00	0.00e+00	1.45e-32	5.80e-29	1.24e-25	7.04e-23	2.65e-20	6.23e-18	1.24e-15	1.44e-13	1.13e-11	6.59e-10	1.26e-07	5.87e-06	1.42e-04	1.71e-03	1.11e-02	3.81e-02	9.22e-02	1.88e-01	5.19e-01	1.37e-01	1.26e-02
 1.92334e+21	0.00e+00	0.00e+00	0.00e+00	0.00e+00	0.00e+00	0.00e+00	2.54e-32	9.84e-29	2.02e-25	1.11e-22	4.03e-20	9.11e-18	1.75e-15	1.95e-13	1.47e-11	8.29e-10	1.57e-07	7.20e-06	1.71e-04	1.99e-03	1.26e-02	4.15e-02	9.72e-02	1.92e-01	5.13e-01	1.31e-01	1.16e-02
 1.98906e+21	0.00e+00	0.00e+00	0.00e+00	0.00e+00	0.00e+00	0.00e+00	4.78e-32	1.78e-28	3.52e-25	1.85e-22	6.43e-20	1.39e-17	2.56e-15	2.74e-13	1.98e-11	1.07e-09	2.01e-07	9.05e-06	2.09e-04	2.36e-03	1.44e-02	4.57e-02	1.03e-01	1.95e-01	5.05e-01	1.24e-01	1.07e-02
 2.06212e+21	0.00e+00	0.00e+00	0.00e+00	0.00e+00	0.00e+00	0.00e+00	9.59e-32	3.42e-28	6.45e-25	3.24e-22	1.08e-19	2.23e-17	3.90e-15	3.98e-13	2.74e-11	1.42e-09	2.64e-07	1.16e-05	2.61e-04	2.84e-03	1.66e-02	5.07e-02	1.09e-01	1.99e-01	4.95e-01	1.17e-01	9.66e-03
 2.12971e+21	0.00e+00	0.00e+00	0.00e+00	0.00e+00	0.00e+00	0.00e+00	1.81e-31	6.19e-28	1.12e-24	5.40e-22	1.72e-19	3.41e-17	5.73e-15	5.59e-13	3.69e-11	1.84e-09	3.38e-07	1.46e-05	3.19e-04	3.36e-03	1.89e-02	5.57e-02	1.16e-01	2.02e-01	4.85e-01	1.10e-01	8.81e-03
 2.19263e+21	0.00e+00	0.00e+00	0.00e+00	0.00e+00	0.00e+00	0.00e+00	3.24e-31	1.07e-27	1.86e-24	8.64e-22	2.65e-19	5.05e-17	8.15e-15	7.64e-13	4.85e-11	2.33e-09	4.24e-07	1.80e-05	3.83e-04	3.91e-03	2.13e-02	6.06e-02	1.21e-01	2.04e-01	4.76e-01	1.05e-01	8.08e-03
 2.26452e+21	0.00e+00	0.00e+00	0.00e+00	0.00e+00	0.00e+00	0.00e+00	6.24e-31	1.98e-27	3.30e-24	1.47e-21	4.30e-19	7.84e-17	1.21e-14	1.09e-12	6.58e-11	3.03e-09	5.46e-07	2.27e-05	4.70e-04	4.63e-03	2.43e-02	6.64e-02	1.28e-01	2.06e-01	4.65e-01	9.84e-02	7.32e-03
 2.34250e+21	0.00e+00	0.00e+00	0.00e+00	0.00e+00	0.00e+00	0.00e+00	1.26e-30	3.81e-27	6.09e-24	2.58e-21	7.22e-19	1.26e-16	1.85e-14	1.58e-12	9.14e-11	4.02e-09	7.17e-07	2.91e-05	5.84e-04	5.54e-03	2.80e-02	7.32e-02	1.35e-01	2.08e-01	4.52e-01	9.18e-02	6.56e-03
 2.41228e+21	0.00e+00	0.00e+00	0.00e+00	0.00e+00	0.00e+00	0.00e+00	2.33e-30	6.80e-27	1.04e-23	4.25e-21	1.14e-18	1.90e-16	2.68e-14	2.20e-12	1.22e-10	5.15e-09	9.09e-07	3.62e-05	7.07e-04	6.48e-03	3.15e-02	7.95e-02	1.41e-01	2.09e-01	4.39e-01	8.62e-02	5.95e-03
 2.47567e+21	0.00e+00	0.00e+00	0.00e+00	0.00e+00	0.00e+00	0.00e+00	4.05e-30	1.14e-26	1.69e-23	6.64e-21	1.72e-18	2.76e-16	3.74e-14	2.96e-12	1.58e-10	6.42e-09	1.12e-06	4.39e-05	8.36e-04	7.44e-03	3.51e-02	8.55e-02	1.46e-01	2.10e-01	4.28e-01	8.13e-02	5.44e-03
 2.54688e+21	0.00e+00	0.00e+00	0.00e+00	0.00e+00	0.00e+00	0.00e+00	7.46e-30	2.02e-26	2.88e-23	1.09e-20	2.69e-18	4.16e-16	5.41e-14	4.10e-12	2.10e-10	8.20e-09	1.42e-06	5.43e-05	1.01e-03	8.65e-03	3.93e-02	9.24e-02	1.52e-01	2.10e-01	4.15e-01	7.61e-02	4.91e-03
 2.62678e+21	0.00e+00	0.00e+00	0.00e+00	0.00e+00	0.00e+00	0.00e+00	1.46e-29	3.80e-26	5.17e-23	1.87e-20	4.43e-18	6.54e-16	8.12e-14	5.87e-12	2.87e-10	1.07e-08	1.83e-06	6.85e-05	1.23e-03	1.02e-02	4.46e-02	1.00e-01	1.59e-01	2.10e-01	4.00e-01	7.05e-02	4.38e-03
 2.70183e+21	0.00e+00	0.00e+00	0.00e+00	0.00e+00	0.00e+00	0.00e+00	2.72e-29	6.80e-26	8.89e-23	3.08e-20	7.02e-18	9.92e-16	1.18e-13	8.18e-12	3.83e-10	1.38e-08	2.32e-06	8.47e-05	1.48e-03	1.18e-02	4.99e-02	1.08e-01	1.64e-01	2.09e-01	3.85e-01	6.55e-02	3.92e-03
 2.77214e+21	0.00e+00	0.00e+00	0.00e+00	0.00e+00	0.00e+00	4.14e-33	4.81e-29	1.16e-25	1.46e-22	4.89e-20	1.07e-17	1.46e-15	1.66e-13	1.11e-11	4.99e-10	1.73e-08	2.88e-06	1.03e-04	1.75e-03	1.36e-02	5.52e-02	1.16e-01	1.69e-01	2.08e-01	3.72e-01	6.11e-02	3.54e-03
 2.85245e+21	0.00e+00	0.00e+00	0.00e+00	0.00e+00	0.00e+00	8.15e-33	9.11e-29	2.11e-25	2.55e-22	8.17e-20	1.72e-17	2.23e-15	2.45e-13	1.56e-11	6.71e-10	2.23e-08	3.65e-06	1.28e-04	2.11e-03	1.57e-02	6.17e-02	1.24e-01	1.75e-01	2.06e-01	3.56e-01	5.63e-02	3.14e-03
 2.93870e+21	0.00e+00	0.00e+00	0.00e+00	0.00e+00	0.00e+00	1.67e-32	1.79e-28	3.97e-25	4.59e-22	1.41e-19	2.82e-17	3.51e-15	3.67e-13	2.23e-11	9.17e-10	2.91e-08	4.70e-06	1.60e-04	2.56e-03	1.84e-02	6.91e-02	1.33e-01	1.80e-01	2.03e-01	3.39e-01	5.15e-02	2.76e-03
 3.01455e+21	0.00e+00	0.00e+00	0.00e+00	0.00e+00	0.00e+00	3.08e-32	3.19e-28	6.84e-25	7.62e-22	2.24e-19	4.33e-17	5.18e-15	5.20e-13	3.04e-11	1.20e-09	3.66e-08	5.82e-06	1.94e-04	3.02e-03	2.10e-02	7.60e-02	1.42e-01	1.84e-01	2.00e-01	3.24e-01	4.76e-02	2.47e-03
 3.09500e+21	0.00e+00	0.00e+00	0.00e+00	0.00e+00	0.00e+00	5.83e-32	5.81e-28	1.20e-24	1.28e-21	3.64e-19	6.74e-17	7.74e-15	7.45e-13	4.18e-11	1.58e-09	4.64e-08	7.26e-06	2.36e-04	3.57e-03	2.39e-02	8.37e-02	1.50e-01	1.88e-01	1.97e-01	3.08e-01	4.37e-02	2.18e-03
 3.18542e+21	0.00e+00	0.00e+00	0.00e+00	0.00e+00	0.00e+00	1.18e-31	1.12e-27	2.23e-24	2.29e-21	6.20e-19	1.10e-16	1.21e-14	1.11e-12	5.94e-11	2.15e-09	6.02e-08	9.24e-06	2.93e-04	4.29e-03	2.76e-02	9.27e-02	1.59e-01	1.92e-01	1.92e-01	2.91e-01	3.96e-02	1.90e-03
 3.27072e+21	0.00e+00	0.00e+00	0.00e+00	0.00e+00	0.00e+00	2.25e-31	2.07e-27	3.95e-24	3.89e-21	1.01e-18	1.72e-16	1.81e-14	1.60e-12	8.21e-11	2.84e-09	7.65e-08	1.15e-05	3.56e-04	5.06e-03	3.14e-02	1.02e-01	1.68e-01	1.94e-01	1.87e-01	2.74e-01	3.60e-02	1.67e-03
 3.35110e+21	0.00e+00	0.00e+00	0.00e+00	0.00e+00	0.00e+00	4.08e-31	3.62e-27	6.67e-24	6.34e-21	1.59e-18	2.60e-16	2.64e-14	2.24e-12	1.11e-10	3.67e-09	9.53e-08	1.41e-05	4.26e-04	5.88e-03	3.53e-02	1.10e-01	1.76e-01	1.96e-01	1.82e-01	2.59e-01	3.29e-02	1.48e-03
 3.44314e+21	0.00e+00	0.00e+00	0.00e+00	0.00e+00	0.00e+00	7.93e-31	6.77e-27	1.20e-23	1.09e-20	2.63e-18	4.13e-16	4.01e-14	3.25e-12	1.54e-10	4.89e-09	1.22e-07	1.77e-05	5.18e-04	6.93e-03	4.01e-02	1.20e-01	1.85e-01	1.98e-01	1.76e-01	2.43e-01	2.96e-02	1.28e-03
 3.54606e+21	0.00e+00	0.00e+00	0.00e+00	0.00e+00	0.00e+00	1.64e-30	1.34e-26	2.27e-23	1.98e-20	4.56e-18	6.83e-16	6.33e-14	4.89e-12	2.21e-10	6.69e-09	1.59e-07	2.25e-05	6.41e-04	8.27e-03	4.59e-02	1.32e-01	1.94e-01	1.98e-01	1.69e-01	2.25e-01	2.63e-02	1.09e-03
 3.63785e+21	0.00e+00	0.00e+00	0.00e+00	0.00e+00	0.00e+00	3.09e-30	2.43e-26	3.97e-23	3.33e-20	7.36e-18	1.06e-15	9.41e-14	6.97e-12	3.02e-10	8.77e-09	2.00e-07	2.77e-05	7.69e-04	9.62e-03	5.15e-02	1.42e-01	2.01e-01	1.98e-01	1.63e-01	2.09e-01	2.36e-02	9.43e-04
 3.71733e+21	0.00e+00	0.00e+00	0.00e+00	0.00e+00	0.00e+00	5.26e-30	4.01e-26	6.36e-23	5.15e-20	1.10e-17	1.53e-15	1.31e-13	9.40e-12	3.93e-10	1.10e-08	2.42e-07	3.30e-05	8.95e-04	1.09e-02	5.66e-02	1.51e-01	2.07e-01	1.97e-01	1.57e-01	1.97e-01	2.15e-02	8.32e-04
 3.80607e+21	0.00e+00	0.00e+00	0.00e+00	0.00e+00	0.00e+00	9.24e-30	6.82e-26	1.04e-22	8.18e-20	1.69e-17	2.26e-15	1.87e-13	1.29e-11	5.19e-10	1.40e-08	2.98e-07	3.97e-05	1.05e-03	1.24e-02	6.23e-02	1.61e-01	2.13e-01	1.96e-01	1.51e-01	1.83e-01	1.94e-02	7.27e-04
 3.92143e+21	0.00e+00	0.00e+00	0.00e+00	0.00e+00	0.00e+00	1.97e-29	1.39e-25	2.03e-22	1.52e-19	2.99e-17	3.81e-15	3.00e-13	1.96e-11	7.51e-10	1.93e-08	3.89e-07	5.05e-05	1.29e-03	1.47e-02	7.07e-02	1.74e-01	2.20e-01	1.94e-01	1.42e-01	1.66e-01	1.68e-02	6.03e-04
 4.03832e+21	0.00e+00	0.00e+00	0.00e+00	0.00e+00	0.00e+00	4.07e-29	2.75e-25	3.86e-22	2.75e-19	5.17e-17	6.29e-15	4.72e-13	2.94e-11	1.07e-09	2.62e-08	5.05e-07	6.37e-05	1.58e-03	1.73e-02	7.95e-02	1.87e-01	2.26e-01	1.90e-01	1.33e-01	1.50e-01	1.46e-02	5.00e-04
 4.13323e+21	0.00e+00	0.00e+00	0.00e+00	0.00e+00	3.88e-33	7.24e-29	4.72e-25	6.40e-22	4.40e-19	7.97e-17	9.34e-15	6.75e-13	4.05e-11	1.42e-09	3.34e-08	6.19e-07	7.63e-05	1.84e-03	1.96e-02	8.70e-02	1.98e-01	2.30e-01	1.86e-01	1.26e-01	1.39e-01	1.30e-02	4.30e-04
 4.23267e+21	0.00e+00	0.00e+00	0.00e+00	0.00e+00	7.21e-33	1.30e-28	8.19e-25	1.07e-21	7.10e-19	1.24e-16	1.40e-14	9.72e-13	5.61e-11	1.89e-09	4.26e-08	7.61e-07	9.15e-05	2.14e-03	2.21e-02	9.50e-02	2.08e-01	2.33e-01	1.82e-01	1.19e-01	1.27e-01	1.15e-02	3.67e-04
 4.36193e+21	0.00e+00	0.00e+00	0.00e+00	0.00e+00	1.58e-32	2.73e-28	1.64e-24	2.05e-21	1.30e-18	2.16e-16	2.32e-14	1.54e-12	8.44e-11	2.70e-09	5.80e-08	9.86e-07	1.15e-04	2.60e-03	2.58e-02	1.06e-01	2.21e-01	2.36e-01	1.76e-01	1.10e-01	1.13e-01	9.75e-03	2.98e-04
 4.48895e+21	0.00e+00	0.00e+00	0.00e+00	0.00e+00	3.35e-32	5.56e-28	3.20e-24	3.84e-21	2.32e-18	3.69e-16	3.78e-14	2.39e-12	1.25e-10	3.81e-09	7.78e-08	1.26e-06	1.42e-04	3.11e-03	2.97e-02	1.17e-01	2.33e-01	2.38e-01	1.70e-01	1.01e-01	1.00e-01	8.30e-03	2.43e-04
 4.58490e+21	0.00e+00	0.00e+00	0.00e+00	0.00e+00	5.81e-32	9.37e-28	5.23e-24	6.08e-21	3.55e-18	5.46e-16	5.41e-14	3.30e-12	1.66e-10	4.90e-09	9.64e-08	1.51e-06	1.67e-04	3.54e-03	3.29e-02	1.25e-01	2.41e-01	2.38e-01	1.65e-01	9.47e-02	9.18e-02	7.34e-03	2.08e-04
 4.68151e+21	0.00e+00	0.00e+00	0.00e+00	0.00e+00	1.01e-31	1.57e-27	8.51e-24	9.58e-21	5.42e-18	8.06e-16	7.71e-14	4.54e-12	2.21e-10	6.27e-09	1.19e-07	1.80e-06	1.94e-04	4.02e-03	3.63e-02	1.34e-01	2.49e-01	2.38e-01	1.59e-01	8.86e-02	8.37e-02	6.48e-03	1.78e-04
 4.80711e+21	0.00e+00	0.00e+00	0.00e+00	0.00e+00	1.99e-31	3.00e-27	1.56e-23	1.69e-20	9.16e-18	1.31e-15	1.20e-13	6.74e-12	3.14e-10	8.53e-09	1.55e-07	2.25e-06	2.35e-04	4.70e-03	4.10e-02	1.45e-01	2.59e-01	2.37e-01	1.52e-01	8.13e-02	7.43e-02	5.53e-03	1.46e-04
 4.94119e+21	0.00e+00	0.00e+00	0.00e+00	0.00e+00	4.08e-31	5.91e-27	2.95e-23	3.06e-20	1.59e-17	2.17e-15	1.90e-13	1.02e-11	4.54e-10	1.18e-08	2.04e-07	2.82e-06	2.85e-04	5.52e-03	4.63e-02	1.57e-01	2.68e-01	2.35e-01	1.44e-01	7.38e-02	6.53e-02	4.65e-03	1.18e-04
 5.05786e+21	0.00e+00	0.00e+00	0.00e+00	0.00e+00	7.51e-31	1.05e-26	5.06e-23	5.07e-20	2.54e-17	3.33e-15	2.81e-13	1.45e-11	6.20e-10	1.54e-08	2.57e-07	3.42e-06	3.36e-04	6.31e-03	5.12e-02	1.67e-01	2.75e-01	2.32e-01	1.38e-01	6.78e-02	5.83e-02	4.00e-03	9.78e-05
 5.18109e+21	0.00e+00	0.00e+00	0.00e+00	0.00e+00	1.40e-30	1.90e-26	8.81e-23	8.51e-20	4.10e-17	5.18e-15	4.19e-13	2.08e-11	8.52e-10	2.04e-08	3.25e-07	4.16e-06	3.97e-04	7.22e-03	5.67e-02	1.78e-01	2.81e-01	2.29e-01	1.30e-01	6.19e-02	5.17e-02	3.42e-03	8.04e-05
 5.31926e+21	0.00e+00	0.00e+00	0.00e+00	0.00e+00	2.79e-30	3.63e-26	1.62e-22	1.50e-19	6.93e-17	8.39e-15	6.50e-13	3.09e-11	1.21e-09	2.76e-08	4.21e-07	5.15e-06	4.75e-04	8.35e-03	6.31e-02	1.90e-01	2.88e-01	2.24e-01	1.23e-01	5.57e-02	4.51e-02	2.86e-03	6.45e-05
 5.44961e+21	0.00e+00	0.00e+00	0.00e+00	0.00e+00	5.25e-30	6.58e-26	2.83e-22	2.53e-19	1.12e-16	1.31e-14	9.72e-13	4.44e-11	1.66e-09	3.64e-08	5.32e-07	6.25e-06	5.59e-04	9.51e-03	6.95e-02	2.01e-01	2.93e-01	2.19e-01	1.15e-01	5.04e-02	3.96e-02	2.42e-03	5.25e-05
 5.59183e+21	0.00e+00	0.00e+00	0.00e+00	0.00e+00	1.03e-29	1.24e-25	5.12e-22	4.40e-19	1.87e-16	2.09e-14	1.49e-12	6.50e-11	2.33e-09	4.88e-08	6.82e-07	7.67e-06	6.63e-04	1.09e-02	7.67e-02	2.13e-01	2.97e-01	2.13e-01	1.07e-01	4.51e-02	3.44e-02	2.01e-03	4.19e-05
 5.74031e+21	0.00e+00	0.00e+00	0.00e+00	0.00e+00	2.03e-29	2.36e-25	9.38e-22	7.75e-19	3.16e-16	3.38e-14	2.30e-12	9.60e-11	3.29e-09	6.58e-08	8.77e-07	9.43e-06	7.88e-04	1.25e-02	8.45e-02	2.25e-01	3.00e-01	2.06e-01	9.96e-02	4.01e-02	2.96e-02	1.66e-03	3.32e-05
 5.86509e+21	0.00e+00	0.00e+00	0.00e+00	0.00e+00	3.57e-29	4.02e-25	1.54e-21	1.23e-18	4.85e-16	5.00e-14	3.28e-12	1.32e-10	4.36e-09	8.40e-08	1.08e-06	1.12e-05	9.06e-04	1.39e-02	9.14e-02	2.35e-01	3.02e-01	2.00e-01	9.34e-02	3.63e-02	2.61e-02	1.42e-03	2.73e-05
 5.99549e+21	0.00e+00	0.00e+00	0.00e+00	0.00e+00	6.33e-29	6.89e-25	2.56e-21	1.98e-18	7.51e-16	7.46e-14	4.72e-12	1.83e-10	5.80e-09	1.07e-07	1.33e-06	1.32e-05	1.04e-03	1.55e-02	9.87e-02	2.45e-01	3.03e-01	1.94e-01	8.71e-02	3.27e-02	2.29e-02	1.20e-03	2.23e-05
 6.16501e+21	0.00e+00	0.00e+00	0.00e+00	0.00e+00	1.31e-28	1.37e-24	4.86e-21	3.59e-18	1.30e-15	1.24e-13	7.46e-12	2.75e-10	8.32e-09	1.47e-07	1.72e-06	1.64e-05	1.24e-03	1.78e-02	1.08e-01	2.57e-01	3.03e-01	1.85e-01	7.95e-02	2.85e-02	1.93e-02	9.65e-04	1.72e-05
 6.33792e+21	0.00e+00	0.00e+00	0.00e+00	7.23e-33	2.70e-28	2.71e-24	9.21e-21	6.53e-18	2.26e-15	2.05e-13	1.18e-11	4.15e-10	1.19e-08	2.00e-07	2.23e-06	2.02e-05	1.48e-03	2.03e-02	1.19e-01	2.68e-01	3.01e-01	1.76e-01	7.22e-02	2.47e-02	1.62e-02	7.74e-04	1.31e-05
 6.47627e+21	0.00e+00	0.00e+00	0.00e+00	1.32e-32	4.77e-28	4.62e-24	1.52e-20	1.04e-17	3.48e-15	3.04e-13	1.68e-11	5.70e-10	1.57e-08	2.54e-07	2.73e-06	2.38e-05	1.68e-03	2.25e-02	1.27e-01	2.77e-01	3.00e-01	1.68e-01	6.67e-02	2.21e-02	1.41e-02	6.49e-04	1.06e-05
 6.61718e+21	0.00e+00	0.00e+00	0.00e+00	2.40e-32	8.37e-28	7.84e-24	2.50e-20	1.65e-17	5.34e-15	4.49e-13	2.40e-11	7.81e-10	2.08e-08	3.22e-07	3.33e-06	2.80e-05	1.92e-03	2.48e-02	1.36e-01	2.86e-01	2.97e-01	1.61e-01	6.15e-02	1.96e-02	1.22e-02	5.43e-04	8.59e-06
 6.80035e+21	0.00e+00	0.00e+00	0.00e+00	5.13e-32	1.71e-27	1.54e-23	4.69e-20	2.98e-17	9.17e-15	7.37e-13	3.75e-11	1.16e-09	2.95e-08	4.35e-07	4.27e-06	3.42e-05	2.26e-03	2.80e-02	1.47e-01	2.95e-01	2.93e-01	1.51e-01	5.53e-02	1.69e-02	1.02e-02	4.32e-04	6.52e-06
 6.98954e+21	0.00e+00	0.00e+00	0.00e+00	1.11e-31	3.53e-27	3.04e-23	8.87e-20	5.40e-17	1.59e-14	1.22e-12	5.90e-11	1.74e-09	4.19e-08	5.89e-07	5.50e-06	4.20e-05	2.66e-03	3.17e-02	1.59e-01	3.05e-01	2.87e-01	1.42e-01	4.94e-02	1.44e-02	8.42e-03	3.40e-04	4.90e-06
 7.14532e+21	0.00e+00	0.00e+00	0.00e+00	2.06e-31	6.32e-27	5.25e-23	1.48e-19	8.70e-17	2.47e-14	1.82e-12	8.48e-11	2.41e-09	5.57e-08	7.51e-07	6.72e-06	4.93e-05	3.02e-03	3.48e-02	1.69e-01	3.12e-01	2.82e-01	1.34e-01	4.50e-02	1.27e-02	7.20e-03	2.80e-04	3.88e-06
 7.27635e+21	0.00e+00	0.00e+00	0.00e+00	3.43e-31	1.02e-26	8.26e-23	2.26e-19	1.29e-16	3.55e-14	2.54e-12	1.15e-10	3.15e-09	7.03e-08	9.16e-07	7.92e-06	5.63e-05	3.36e-03	3.76e-02	1.78e-01	3.17e-01	2.78e-01	1.27e-01	4.15e-02	1.13e-02	6.32e-03	2.38e-04	3.19e-06
 7.41646e+21	0.00e+00	0.00e+00	0.00e+00	5.88e-31	1.70e-26	1.33e-22	3.54e-19	1.96e-16	5.20e-14	3.60e-12	1.57e-10	4.17e-09	8.98e-08	1.13e-06	9.42e-06	6.46e-05	3.74e-03	4.07e-02	1.87e-01	3.22e-01	2.72e-01	1.21e-01	3.81e-02	1.01e-02	5.49e-03	2.00e-04	2.59e-06
 7.59860e+21	0.00e+00	0.00e+00	0.00e+00	1.16e-30	3.20e-26	2.42e-22	6.19e-19	3.30e-16	8.41e-14	5.59e-12	2.33e-10	5.92e-09	1.22e-07	1.47e-06	1.17e-05	7.68e-05	4.29e-03	4.49e-02	1.98e-01	3.27e-01	2.65e-01	1.13e-01	3.41e-02	8.65e-03	4.59e-03	1.60e-04	1.99e-06
 7.78416e+21	0.00e+00	0.00e+00	0.00e+00	2.29e-30	6.09e-26	4.43e-22	1.09e-18	5.59e-16	1.37e-13	8.70e-12	3.47e-10	8.44e-09	1.66e-07	1.91e-06	1.45e-05	9.13e-05	4.90e-03	4.95e-02	2.10e-01	3.32e-01	2.57e-01	1.05e-01	3.03e-02	7.40e-03	3.81e-03	1.27e-04	1.52e-06
 7.93274e+21	0.00e+00	0.00e+00	0.00e+00	3.92e-30	1.01e-25	7.11e-22	1.70e-18	8.45e-16	2.00e-13	1.23e-11	4.75e-10	1.11e-08	2.11e-07	2.34e-06	1.72e-05	1.04e-04	5.44e-03	5.33e-02	2.19e-01	3.35e-01	2.50e-01	9.85e-02	2.76e-02	6.52e-03	3.29e-03	1.06e-04	1.22e-06
 8.08445e+21	0.00e+00	0.00e+00	0.00e+00	6.70e-30	1.67e-25	1.14e-21	2.65e-18	1.28e-15	2.92e-13	1.74e-11	6.49e-10	1.47e-08	2.69e-07	2.87e-06	2.03e-05	1.19e-04	6.04e-03	5.74e-02	2.29e-01	3.38e-01	2.43e-01	9.25e-02	2.51e-02	5.74e-03	2.83e-03	8.83e-05	9.85e-07
 8.24493e+21	0.00e+00	0.00e+00	0.00e+00	1.17e-29	2.82e-25	1.87e-21	4.20e-18	1.97e-15	4.35e-13	2.50e-11	8.98e-10	1.96e-08	3.45e-07	3.55e-06	2.42e-05	1.37e-04	6.71e-03	6.18e-02	2.39e-01	3.40e-01	2.36e-01	8.65e-02	2.27e-02	5.01e-03	2.42e-03	7.27e-05	7.82e-07
 8.38202e+21	0.00e+00	0.00e+00	0.00e+00	1.88e-29	4.40e-25	2.84e-21	6.22e-18	2.83e-15	6.08e-13	3.40e-11	1.18e-09	2.50e-08	4.27e-07	4.25e-06	2.80e-05	1.54e-04	7.34e-03	6.58e-02	2.47e-01	3.42e-01	2.29e-01	8.15e-02	2.08e-02	4.46e-03	2.11e-03	6.15e-05	6.42e-07
 8.52543e+21	0.00e+00	0.00e+00	0.00e+00	3.06e-29	6.93e-25	4.36e-21	9.28e-18	4.11e-15	8.57e-13	4.64e-11	1.57e-09	3.21e-08	5.29e-07	5.10e-06	3.25e-05	1.73e-04	8.03e-03	7.00e-02	2.56e-01	3.42e-01	2.22e-01	7.66e-02	1.89e-02	3.95e-03	1.83e-03	5.18e-05	5.24e-07
 8.68666e+21	0.00e+00	0.00e+00	0.00e+00	5.21e-29	1.14e-24	6.97e-21	1.44e-17	6.19e-15	1.25e-12	6.54e-11	2.13e-09	4.22e-08	6.71e-07	6.23e-06	3.83e-05	1.97e-04	8.85e-03	7.49e-02	2.65e-01	3.43e-01	2.14e-01	7.15e-02	1.71e-02	3.45e-03	1.57e-03	4.28e-05	4.18e-07
 8.83882e+21	0.00e+00	0.00e+00	0.00e+00	8.57e-29	1.82e-24	1.08e-20	2.17e-17	9.09e-15	1.78e-12	9.03e-11	2.85e-09	5.45e-08	8.37e-07	7.51e-06	4.45e-05	2.21e-04	9.69e-03	7.96e-02	2.74e-01	3.43e-01	2.07e-01	6.68e-02	1.55e-02	3.04e-03	1.35e-03	3.57e-05	3.37e-07
 8.98049e+21	0.00e+00	0.00e+00	0.00e+00	1.35e-28	2.80e-24	1.62e-20	3.17e-17	1.29e-14	2.46e-12	1.21e-10	3.71e-09	6.88e-08	1.02e-06	8.90e-06	5.12e-05	2.47e-04	1.05e-02	8.42e-02	2.82e-01	3.42e-01	2.00e-01	6.27e-02	1.41e-02	2.69e-03	1.18e-03	3.01e-05	2.76e-07
 9.11276e+21	0.00e+00	0.00e+00	0.00e+00	2.07e-28	4.17e-24	2.35e-20	4.50e-17	1.79e-14	3.32e-12	1.59e-10	4.74e-09	8.55e-08	1.24e-06	1.04e-05	5.81e-05	2.73e-04	1.13e-02	8.86e-02	2.89e-01	3.41e-01	1.94e-01	5.90e-02	1.30e-02	2.41e-03	1.03e-03	2.57e-05	2.30e-07
 9.23662e+21	0.00e+00	0.00e+00	0.00e+00	3.04e-28	5.99e-24	3.31e-20	6.19e-17	2.41e-14	4.36e-12	2.04e-10	5.93e-09	1.04e-07	1.47e-06	1.20e-05	6.53e-05	2.99e-04	1.21e-02	9.27e-02	2.96e-01	3.40e-01	1.88e-01	5.58e-02	1.20e-02	2.17e-03	9.17e-04	2.23e-05	1.94e-07
 9.37758e+21	0.00e+00	0.00e+00	0.00e+00	4.72e-28	9.02e-24	4.86e-20	8.89e-17	3.38e-14	5.95e-12	2.71e-10	7.64e-09	1.30e-07	1.78e-06	1.42e-05	7.45e-05	3.31e-04	1.31e-02	9.75e-02	3.03e-01	3.38e-01	1.81e-01	5.23e-02	1.09e-02	1.93e-03	8.00e-04	1.89e-05	1.59e-07
 9.53314e+21	0.00e+00	0.00e+00	5.04e-33	7.60e-28	1.41e-23	7.40e-20	1.32e-16	4.88e-14	8.34e-12	3.69e-10	1.01e-08	1.66e-07	2.19e-06	1.69e-05	8.59e-05	3.70e-04	1.42e-02	1.03e-01	3.11e-01	3.36e-01	1.74e-01	4.87e-02	9.84e-03	1.69e-03	6.88e-04	1.57e-05	1.28e-07
 9.67520e+21	0.00e+00	0.00e+00	7.98e-33	1.17e-27	2.11e-23	1.08e-19	1.88e-16	6.80e-14	1.13e-11	4.87e-10	1.29e-08	2.07e-07	2.65e-06	1.98e-05	9.76e-05	4.08e-04	1.53e-02	1.08e-01	3.18e-01	3.34e-01	1.68e-01	4.55e-02	8.96e-03	1.50e-03	6.00e-04	1.33e-05	0.00e+00
 9.80624e+21	0.00e+00	0.00e+00	1.21e-32	1.73e-27	3.05e-23	1.53e-19	2.60e-16	9.22e-14	1.50e-11	6.28e-10	1.62e-08	2.53e-07	3.15e-06	2.29e-05	1.10e-04	4.47e-04	1.64e-02	1.13e-01	3.24e-01	3.31e-01	1.62e-01	4.28e-02	8.21e-03	1.34e-03	5.28e-04	1.14e-05	0.00e+00
 9.95544e+21	0.00e+00	0.00e+00	1.93e-32	2.68e-27	4.59e-23	2.24e-19	3.73e-16	1.29e-13	2.04e-11	8.31e-10	2.09e-08	3.16e-07	3.81e-06	2.68e-05	1.25e-04	4.93e-04	1.76e-02	1.18e-01	3.31e-01	3.28e-01	1.55e-01	3.99e-02	7.44e-03	1.18e-03	4.58e-04	9.59e-06	0.00e+00
 1.01224e+22	0.00e+00	0.00e+00	3.24e-32	4.35e-27	7.23e-23	3.44e-19	5.57e-16	1.88e-13	2.87e-11	1.14e-09	2.76e-08	4.05e-07	4.71e-06	3.21e-05	1.44e-04	5.51e-04	1.91e-02	1.24e-01	3.38e-01	3.24e-01	1.48e-01	3.68e-02	6.66e-03	1.03e-03	3.90e-04	7.90e-06	0.00e+00
 1.02770e+22	0.00e+00	0.00e+00	5.22e-32	6.79e-27	1.10e-22	5.09e-19	8.05e-16	2.65e-13	3.94e-11	1.52e-09	3.57e-08	5.08e-07	5.73e-06	3.77e-05	1.64e-04	6.09e-04	2.05e-02	1.30e-01	3.45e-01	3.20e-01	1.42e-01	3.41e-02	6.00e-03	9.01e-04	3.36e-04	6.60e-06	0.00e+00
 1.04107e+22	0.00e+00	0.00e+00	7.83e-32	9.92e-27	1.57e-22	7.11e-19	1.10e-15	3.55e-13	5.16e-11	1.94e-09	4.45e-08	6.16e-07	6.76e-06	4.33e-05	1.83e-04	6.63e-04	2.18e-02	1.35e-01	3.50e-01	3.17e-01	1.36e-01	3.20e-02	5.49e-03	8.05e-04	2.96e-04	5.65e-06	0.00e+00
 1.05523e+22	0.00e+00	0.00e+00	1.19e-31	1.47e-26	2.27e-22	1.01e-18	1.53e-15	4.82e-13	6.84e-11	2.50e-09	5.60e-08	7.54e-07	8.04e-06	5.00e-05	2.05e-04	7.24e-04	2.32e-02	1.41e-01	3.56e-01	3.13e-01	1.31e-01	2.98e-02	4.99e-03	7.14e-04	2.58e-04	4.80e-06	0.00e+00
 1.07113e+22	0.00e+00	0.00e+00	1.91e-31	2.29e-26	3.42e-22	1.48e-18	2.20e-15	6.78e-13	9.36e-11	3.33e-09	7.23e-08	9.44e-07	9.74e-06	5.87e-05	2.33e-04	7.98e-04	2.49e-02	1.47e-01	3.62e-01	3.08e-01	1.24e-01	2.76e-02	4.49e-03	6.24e-04	2.22e-04	3.99e-06	0.00e+00
 1.08598e+22	0.00e+00	0.00e+00	2.95e-31	3.43e-26	5.00e-22	2.12e-18	3.08e-15	9.29e-13	1.25e-10	4.34e-09	9.16e-08	1.16e-06	1.16e-05	6.81e-05	2.62e-04	8.74e-04	2.66e-02	1.53e-01	3.67e-01	3.04e-01	1.19e-01	2.56e-02	4.06e-03	5.50e-04	1.92e-04	3.36e-06	0.00e+00
 1.09966e+22	0.00e+00	0.00e+00	4.38e-31	4.97e-26	7.07e-22	2.94e-18	4.18e-15	1.24e-12	1.63e-10	5.52e-09	1.14e-07	1.40e-06	1.37e-05	7.79e-05	2.92e-04	9.48e-04	2.82e-02	1.58e-01	3.71e-01	2.99e-01	1.14e-01	2.39e-02	3.70e-03	4.90e-04	1.69e-04	2.87e-06	0.00e+00
 1.11514e+22	0.00e+00	0.00e+00	6.79e-31	7.48e-26	1.04e-21	4.22e-18	5.88e-15	1.70e-12	2.18e-10	7.21e-09	1.44e-07	1.73e-06	1.64e-05	9.04e-05	3.29e-04	1.04e-03	3.00e-02	1.64e-01	3.76e-01	2.94e-01	1.08e-01	2.21e-02	3.33e-03	4.30e-04	1.46e-04	2.41e-06	0.00e+00
 1.13230e+22	0.00e+00	0.00e+00	1.10e-30	1.18e-25	1.58e-21	6.28e-18	8.55e-15	2.42e-12	3.02e-10	9.68e-09	1.88e-07	2.18e-06	2.00e-05	1.07e-04	3.74e-04	1.14e-03	3.22e-02	1.71e-01	3.81e-01	2.88e-01	1.02e-01	2.02e-02	2.96e-03	3.72e-04	1.24e-04	1.97e-06	0.00e+00
 1.14800e+22	0.00e+00	0.00e+00	1.72e-30	1.78e-25	2.33e-21	9.05e-18	1.21e-14	3.35e-12	4.07e-10	1.27e-08	2.40e-07	2.70e-06	2.40e-05	1.24e-04	4.22e-04	1.25e-03	3.43e-02	1.78e-01	3.85e-01	2.82e-01	9.71e-02	1.86e-02	2.65e-03	3.24e-04	1.06e-04	1.64e-06	0.00e+00
 1.16222e+22	0.00e+00	0.00e+00	2.52e-30	2.55e-25	3.26e-21	1.24e-17	1.63e-14	4.43e-12	5.26e-10	1.61e-08	2.95e-07	3.25e-06	2.80e-05	1.41e-04	4.67e-04	1.35e-03	3.62e-02	1.83e-01	3.88e-01	2.77e-01	9.27e-02	1.73e-02	2.41e-03	2.88e-04	9.29e-05	1.40e-06	0.00e+00
 1.17814e+22	0.00e+00	0.00e+00	3.87e-30	3.80e-25	4.74e-21	1.77e-17	2.27e-14	6.07e-12	7.02e-10	2.09e-08	3.74e-07	3.99e-06	3.34e-05	1.63e-04	5.24e-04	1.48e-03	3.84e-02	1.90e-01	3.92e-01	2.71e-01	8.79e-02	1.60e-02	2.16e-03	2.52e-04	7.98e-05	1.17e-06	0.00e+00
 1.19546e+22	0.00e+00	0.00e+00	6.15e-30	5.85e-25	7.10e-21	2.59e-17	3.26e-14	8.53e-12	9.61e-10	2.78e-08	4.82e-07	5.00e-06	4.04e-05	1.91e-04	5.93e-04	1.62e-03	4.10e-02	1.97e-01	3.95e-01	2.65e-01	8.28e-02	1.46e-02	1.92e-03	2.17e-04	6.76e-05	9.56e-07	0.00e+00
 1.21094e+22	0.00e+00	0.00e+00	9.34e-30	8.64e-25	1.02e-20	3.65e-17	4.51e-14	1.16e-11	1.28e-09	3.60e-08	6.08e-07	6.12e-06	4.81e-05	2.20e-04	6.63e-04	1.77e-03	4.34e-02	2.03e-01	3.98e-01	2.59e-01	7.83e-02	1.34e-02	1.72e-03	1.90e-04	5.81e-05	7.96e-07	0.00e+00
 1.22466e+22	0.00e+00	0.00e+00	1.33e-29	1.20e-24	1.39e-20	4.86e-17	5.93e-14	1.50e-11	1.62e-09	4.47e-08	7.37e-07	7.25e-06	5.55e-05	2.48e-04	7.28e-04	1.89e-03	4.56e-02	2.09e-01	4.00e-01	2.54e-01	7.47e-02	1.25e-02	1.56e-03	1.69e-04	5.11e-05	6.83e-07	0.00e+00
 1.23975e+22	0.00e+00	0.00e+00	1.95e-29	1.72e-24	1.94e-20	6.68e-17	8.02e-14	2.00e-11	2.10e-09	5.69e-08	9.14e-07	8.75e-06	6.51e-05	2.83e-04	8.07e-04	2.05e-03	4.80e-02	2.15e-01	4.02e-01	2.48e-01	7.08e-02	1.15e-02	1.41e-03	1.49e-04	4.42e-05	5.75e-07	0.00e+00
 1.25937e+22	0.00e+00	0.00e+00	3.20e-29	2.72e-24	2.99e-20	1.00e-16	1.18e-13	2.88e-11	2.95e-09	7.74e-08	1.20e-06	1.11e-05	7.99e-05	3.35e-04	9.21e-04	2.26e-03	5.14e-02	2.23e-01	4.05e-01	2.40e-01	6.59e-02	1.04e-02	1.23e-03	1.26e-04	3.67e-05	4.59e-07	0.00e+00
 1.27901e+22	0.00e+00	0.00e+00	5.23e-29	4.30e-24	4.58e-20	1.50e-16	1.74e-13	4.15e-11	4.13e-09	1.05e-07	1.59e-06	1.42e-05	9.81e-05	3.96e-04	1.05e-03	2.50e-03	5.49e-02	2.31e-01	4.06e-01	2.32e-01	6.13e-02	9.30e-03	1.07e-03	1.06e-04	3.04e-05	3.66e-07	0.00e+00
 1.29407e+22	0.00e+00	0.00e+00	7.59e-29	6.08e-24	6.33e-20	2.04e-16	2.32e-13	5.48e-11	5.33e-09	1.33e-07	1.96e-06	1.70e-05	1.15e-04	4.50e-04	1.16e-03	2.69e-03	5.77e-02	2.37e-01	4.07e-01	2.26e-01	5.79e-02	8.55e-03	9.58e-04	9.32e-05	2.62e-05	3.07e-07	0.00e+00
 1.30904e+22	0.00e+00	0.00e+00	1.09e-28	8.49e-24	8.65e-20	2.75e-16	3.08e-13	7.17e-11	6.84e-09	1.67e-07	2.40e-06	2.04e-05	1.33e-04	5.10e-04	1.28e-03	2.89e-03	6.05e-02	2.43e-01	4.08e-01	2.20e-01	5.47e-02	7.88e-03	8.62e-04	8.20e-05	2.27e-05	2.59e-07	0.00e+00
 1.32850e+22	0.00e+00	0.00e+00	1.72e-28	1.30e-23	1.29e-19	4.01e-16	4.43e-13	1.01e-10	9.41e-09	2.24e-07	3.11e-06	2.56e-05	1.62e-04	5.97e-04	1.45e-03	3.17e-03	6.43e-02	2.50e-01	4.09e-01	2.13e-01	5.08e-02	7.07e-03	7.51e-04	6.94e-05	1.89e-05	2.07e-07	0.00e+00
 1.34850e+22	0.00e+00	0.00e+00	2.75e-28	2.01e-23	1.94e-19	5.90e-16	6.41e-13	1.44e-10	1.30e-08	3.02e-07	4.07e-06	3.24e-05	1.97e-04	7.03e-04	1.64e-03	3.49e-03	6.84e-02	2.58e-01	4.09e-01	2.05e-01	4.70e-02	6.32e-03	6.51e-04	5.84e-05	1.56e-05	1.64e-07	0.00e+00
 1.36468e+22	0.00e+00	0.00e+00	4.00e-28	2.85e-23	2.68e-19	8.04e-16	8.65e-13	1.92e-10	1.70e-08	3.85e-07	5.06e-06	3.92e-05	2.32e-04	8.02e-04	1.82e-03	3.77e-03	7.18e-02	2.64e-01	4.08e-01	1.98e-01	4.40e-02	5.75e-03	5.78e-04	5.06e-05	1.33e-05	1.36e-07	0.00e+00
 1.38121e+22	0.00e+00	0.00e+00	5.75e-28	3.99e-23	3.68e-19	1.09e-15	1.15e-12	2.53e-10	2.20e-08	4.87e-07	6.24e-06	4.71e-05	2.71e-04	9.11e-04	2.01e-03	4.06e-03	7.54e-02	2.70e-01	4.08e-01	1.92e-01	4.13e-02	5.25e-03	5.14e-04	4.40e-05	1.14e-05	0.00e+00	0.00e+00
 1.40268e+22	0.00e+00	0.00e+00	9.18e-28	6.15e-23	5.51e-19	1.60e-15	1.68e-12	3.62e-10	3.06e-08	6.61e-07	8.20e-06	5.97e-05	3.31e-04	1.07e-03	2.28e-03	4.46e-03	8.01e-02	2.78e-01	4.06e-01	1.84e-01	3.79e-02	4.65e-03	4.41e-04	3.66e-05	9.25e-06	0.00e+00	0.00e+00
 1.42450e+22	0.00e+00	3.83e-33	1.47e-27	9.51e-23	8.28e-19	2.35e-15	2.44e-12	5.21e-10	4.29e-08	9.01e-07	1.08e-05	7.61e-05	4.07e-04	1.27e-03	2.60e-03	4.92e-03	8.52e-02	2.86e-01	4.05e-01	1.76e-01	3.47e-02	4.10e-03	3.76e-04	3.03e-05	7.49e-06	0.00e+00	0.00e+00
 1.44168e+22	0.00e+00	5.70e-33	2.11e-27	1.33e-22	1.14e-18	3.18e-15	3.28e-12	6.93e-10	5.59e-08	1.15e-06	1.35e-05	9.22e-05	4.78e-04	1.45e-03	2.87e-03	5.31e-03	8.94e-02	2.92e-01	4.03e-01	1.70e-01	3.22e-02	3.70e-03	3.31e-04	2.60e-05	6.32e-06	0.00e+00	0.00e+00
 1.45892e+22	0.00e+00	8.29e-33	2.98e-27	1.83e-22	1.53e-18	4.24e-15	4.33e-12	9.07e-10	7.17e-08	1.45e-06	1.65e-05	1.10e-04	5.56e-04	1.64e-03	3.16e-03	5.71e-03	9.35e-02	2.98e-01	4.00e-01	1.63e-01	3.01e-02	3.35e-03	2.93e-04	2.25e-05	5.39e-06	0.00e+00	0.00e+00
 1.48135e+22	0.00e+00	1.34e-32	4.63e-27	2.76e-22	2.24e-18	6.11e-15	6.19e-12	1.28e-09	9.91e-08	1.95e-06	2.16e-05	1.39e-04	6.76e-04	1.92e-03	3.58e-03	6.27e-03	9.91e-02	3.05e-01	3.97e-01	1.56e-01	2.74e-02	2.95e-03	2.50e-04	1.86e-05	4.36e-06	0.00e+00	0.00e+00
 1.50477e+22	0.00e+00	2.20e-32	7.28e-27	4.19e-22	3.32e-18	8.90e-15	8.96e-12	1.84e-09	1.39e-07	2.65e-06	2.85e-05	1.77e-04	8.29e-04	2.27e-03	4.07e-03	6.91e-03	1.05e-01	3.12e-01	3.93e-01	1.48e-01	2.48e-02	2.57e-03	2.11e-04	1.52e-05	3.49e-06	0.00e+00	0.00e+00
 1.52337e+22	0.00e+00	3.22e-32	1.03e-26	5.79e-22	4.50e-18	1.19e-14	1.19e-11	2.44e-09	1.80e-07	3.38e-06	3.53e-05	2.14e-04	9.71e-04	2.58e-03	4.49e-03	7.45e-03	1.10e-01	3.18e-01	3.89e-01	1.41e-01	2.29e-02	2.30e-03	1.84e-04	1.30e-05	2.92e-06	0.00e+00	0.00e+00
 1.53857e+22	0.00e+00	4.36e-32	1.36e-26	7.49e-22	5.72e-18	1.50e-14	1.50e-11	3.05e-09	2.21e-07	4.09e-06	4.20e-05	2.49e-04	1.10e-03	2.86e-03	4.87e-03	7.91e-03	1.14e-01	3.22e-01	3.86e-01	1.37e-01	2.15e-02	2.11e-03	1.65e-04	1.14e-05	2.53e-06	0.00e+00	0.00e+00
 1.55553e+22	0.00e+00	6.04e-32	1.84e-26	9.87e-22	7.41e-18	1.93e-14	1.92e-11	3.89e-09	2.78e-07	5.04e-06	5.06e-05	2.93e-04	1.26e-03	3.20e-03	5.30e-03	8.44e-03	1.19e-01	3.27e-01	3.82e-01	1.31e-01	2.00e-02	1.91e-03	1.47e-04	9.92e-06	2.17e-06	0.00e+00	0.00e+00
 1.57757e+22	0.00e+00	9.11e-32	2.68e-26	1.40e-21	1.03e-17	2.64e-14	2.62e-11	5.28e-09	3.69e-07	6.57e-06	6.41e-05	3.60e-04	1.50e-03	3.68e-03	5.91e-03	9.17e-03	1.25e-01	3.33e-01	3.77e-01	1.25e-01	1.83e-02	1.68e-03	1.26e-04	8.28e-06	1.77e-06	0.00e+00	0.00e+00
 1.60068e+22	0.00e+00	1.39e-31	3.94e-26	2.00e-21	1.44e-17	3.65e-14	3.63e-11	7.27e-09	4.98e-07	8.65e-06	8.20e-05	4.46e-04	1.80e-03	4.26e-03	6.62e-03	1.00e-02	1.32e-01	3.38e-01	3.71e-01	1.18e-01	1.65e-02	1.47e-03	1.07e-04	6.84e-06	1.43e-06	0.00e+00	0.00e+00
 1.62012e+22	0.00e+00	1.97e-31	5.40e-26	2.68e-21	1.89e-17	4.76e-14	4.73e-11	9.45e-09	6.35e-07	1.08e-05	1.00e-04	5.32e-04	2.08e-03	4.80e-03	7.25e-03	1.07e-02	1.37e-01	3.43e-01	3.66e-01	1.12e-01	1.52e-02	1.32e-03	9.29e-05	5.83e-06	1.20e-06	0.00e+00	0.00e+00
 1.64029e+22	0.00e+00	2.77e-31	7.39e-26	3.57e-21	2.48e-17	6.21e-14	6.16e-11	1.23e-08	8.10e-07	1.36e-05	1.23e-04	6.34e-04	2.41e-03	5.40e-03	7.95e-03	1.15e-02	1.43e-01	3.47e-01	3.60e-01	1.07e-01	1.40e-02	1.17e-03	8.09e-05	4.96e-06	1.00e-06	0.00e+00	0.00e+00
 1.66652e+22	0.00e+00	4.27e-31	1.10e-25	5.15e-21	3.50e-17	8.66e-14	8.61e-11	1.71e-08	1.10e-06	1.81e-05	1.58e-04	7.92e-04	2.90e-03	6.28e-03	8.92e-03	1.26e-02	1.51e-01	3.52e-01	3.52e-01	1.00e-01	1.25e-02	1.01e-03	6.76e-05	4.03e-06	7.97e-07	0.00e+00	0.00e+00
 1.69325e+22	0.00e+00	6.57e-31	1.62e-25	7.40e-21	4.92e-17	1.21e-13	1.20e-10	2.38e-08	1.50e-06	2.40e-05	2.04e-04	9.88e-04	3.49e-03	7.29e-03	1.00e-02	1.37e-02	1.59e-01	3.56e-01	3.44e-01	9.37e-02	1.12e-02	8.70e-04	5.63e-05	3.26e-06	6.30e-07	0.00e+00	0.00e+00
 1.71477e+22	0.00e+00	9.19e-31	2.20e-25	9.81e-21	6.42e-17	1.56e-13	1.56e-10	3.09e-08	1.91e-06	3.01e-05	2.50e-04	1.17e-03	4.03e-03	8.18e-03	1.09e-02	1.47e-02	1.65e-01	3.59e-01	3.37e-01	8.87e-02	1.02e-02	7.70e-04	4.87e-05	2.76e-06	5.23e-07	0.00e+00	0.00e+00
 1.73688e+22	0.00e+00	1.28e-30	2.97e-25	1.30e-20	8.34e-17	2.02e-13	2.02e-10	4.00e-08	2.43e-06	3.75e-05	3.04e-04	1.39e-03	4.64e-03	9.17e-03	1.19e-02	1.58e-02	1.71e-01	3.62e-01	3.29e-01	8.39e-02	9.29e-03	6.82e-04	4.21e-05	2.33e-06	4.35e-07	0.00e+00	0.00e+00
 1.76562e+22	0.00e+00	1.93e-30	4.33e-25	1.84e-20	1.16e-16	2.79e-13	2.80e-10	5.53e-08	3.28e-06	4.95e-05	3.89e-04	1.72e-03	5.54e-03	1.06e-02	1.33e-02	1.72e-02	1.80e-01	3.65e-01	3.20e-01	7.80e-02	8.25e-03	5.83e-04	3.49e-05	1.88e-06	3.43e-07	0.00e+00	0.00e+00
 1.79546e+22	0.00e+00	2.94e-30	6.36e-25	2.62e-20	1.62e-16	3.86e-13	3.90e-10	7.69e-08	4.46e-06	6.58e-05	5.01e-04	2.14e-03	6.62e-03	1.22e-02	1.49e-02	1.87e-02	1.88e-01	3.67e-01	3.09e-01	7.22e-02	7.28e-03	4.95e-04	2.88e-05	1.51e-06	2.68e-07	0.00e+00	0.00e+00
 1.82028e+22	0.00e+00	4.13e-30	8.66e-25	3.49e-20	2.13e-16	5.03e-13	5.11e-10	1.00e-07	5.71e-06	8.26e-05	6.14e-04	2.55e-03	7.65e-03	1.37e-02	1.62e-02	2.00e-02	1.95e-01	3.68e-01	3.01e-01	6.77e-02	6.56e-03	4.33e-04	2.45e-05	1.25e-06	2.19e-07	0.00e+00	0.00e+00
 1.84149e+22	0.00e+00	5.47e-30	1.12e-24	4.42e-20	2.66e-16	6.27e-13	6.40e-10	1.26e-07	7.05e-06	1.00e-04	7.29e-04	2.96e-03	8.64e-03	1.51e-02	1.75e-02	2.12e-02	2.02e-01	3.69e-01	2.93e-01	6.39e-02	5.99e-03	3.85e-04	2.13e-05	1.07e-06	1.84e-07	0.00e+00	0.00e+00
 1.86446e+22	0.00e+00	7.33e-30	1.46e-24	5.66e-20	3.36e-16	7.88e-13	8.06e-10	1.58e-07	8.69e-06	1.22e-04	8.65e-04	3.42e-03	9.73e-03	1.66e-02	1.88e-02	2.24e-02	2.08e-01	3.69e-01	2.85e-01	6.03e-02	5.48e-03	3.43e-04	1.86e-05	9.15e-07	1.55e-07	0.00e+00	0.00e+00
 1.89432e+22	0.00e+00	1.06e-29	2.05e-24	7.74e-20	4.53e-16	1.05e-12	1.08e-09	2.12e-07	1.14e-05	1.56e-04	1.08e-03	4.13e-03	1.14e-02	1.88e-02	2.06e-02	2.41e-02	2.15e-01	3.69e-01	2.75e-01	5.58e-02	4.85e-03	2.93e-04	1.55e-05	7.43e-07	1.23e-07	0.00e+00	0.00e+00
 1.92487e+22	0.00e+00	1.54e-29	2.88e-24	1.06e-19	6.11e-16	1.41e-12	1.46e-09	2.86e-07	1.50e-05	2.01e-04	1.35e-03	4.99e-03	1.33e-02	2.12e-02	2.26e-02	2.59e-02	2.23e-01	3.68e-01	2.64e-01	5.14e-02	4.28e-03	2.50e-04	1.28e-05	6.00e-07	0.00e+00	0.00e+00	0.00e+00
 1.94954e+22	0.00e+00	2.06e-29	3.75e-24	1.36e-19	7.71e-16	1.78e-12	1.85e-09	3.62e-07	1.87e-05	2.46e-04	1.61e-03	5.81e-03	1.50e-02	2.33e-02	2.43e-02	2.74e-02	2.29e-01	3.66e-01	2.55e-01	4.80e-02	3.86e-03	2.19e-04	1.10e-05	5.03e-07	0.00e+00	0.00e+00	0.00e+00
 1.97483e+22	0.00e+00	2.76e-29	4.89e-24	1.74e-19	9.74e-16	2.23e-12	2.33e-09	4.54e-07	2.29e-05	2.97e-04	1.90e-03	6.68e-03	1.68e-02	2.55e-02	2.60e-02	2.88e-02	2.35e-01	3.64e-01	2.46e-01	4.50e-02	3.50e-03	1.93e-04	9.51e-06	4.27e-07	0.00e+00	0.00e+00	0.00e+00
 2.00770e+22	0.00e+00	3.98e-29	6.82e-24	2.37e-19	1.31e-15	2.98e-12	3.12e-09	6.06e-07	2.99e-05	3.78e-04	2.35e-03	8.00e-03	1.94e-02	2.86e-02	2.83e-02	3.08e-02	2.42e-01	3.61e-01	2.35e-01	4.12e-02	3.07e-03	1.64e-04	7.85e-06	3.44e-07	0.00e+00	0.00e+00	0.00e+00
 2.04190e+22	0.00e+00	5.78e-29	9.59e-24	3.25e-19	1.77e-15	4.00e-12	4.22e-09	8.16e-07	3.93e-05	4.85e-04	2.92e-03	9.62e-03	2.25e-02	3.21e-02	3.07e-02	3.28e-02	2.49e-01	3.56e-01	2.23e-01	3.75e-02	2.68e-03	1.38e-04	6.42e-06	2.74e-07	0.00e+00	0.00e+00	0.00e+00
 2.07034e+22	0.00e+00	7.80e-29	1.26e-23	4.19e-19	2.25e-15	5.08e-12	5.39e-09	1.04e-06	4.91e-05	5.95e-04	3.49e-03	1.12e-02	2.54e-02	3.52e-02	3.29e-02	3.46e-02	2.55e-01	3.52e-01	2.13e-01	3.46e-02	2.38e-03	1.19e-04	5.41e-06	2.26e-07	0.00e+00	0.00e+00	0.00e+00
 2.09985e+22	0.00e+00	1.06e-28	1.66e-23	5.43e-19	2.88e-15	6.45e-12	6.85e-09	1.32e-06	6.08e-05	7.22e-04	4.13e-03	1.29e-02	2.84e-02	3.83e-02	3.50e-02	3.62e-02	2.59e-01	3.47e-01	2.04e-01	3.20e-02	2.12e-03	1.04e-04	4.60e-06	1.89e-07	0.00e+00	0.00e+00	0.00e+00
 2.13218e+22	0.00e+00	1.47e-28	2.24e-23	7.17e-19	3.75e-15	8.34e-12	8.91e-09	1.70e-06	7.69e-05	8.93e-04	4.97e-03	1.50e-02	3.20e-02	4.20e-02	3.75e-02	3.81e-02	2.64e-01	3.41e-01	1.93e-01	2.92e-02	1.87e-03	8.83e-05	3.83e-06	1.53e-07	0.00e+00	0.00e+00	0.00e+00
 2.16103e+22	0.00e+00	1.95e-28	2.91e-23	9.14e-19	4.72e-15	1.05e-11	1.12e-08	2.13e-06	9.42e-05	1.07e-03	5.83e-03	1.71e-02	3.56e-02	4.55e-02	3.96e-02	3.98e-02	2.68e-01	3.35e-01	1.84e-01	2.70e-02	1.67e-03	7.67e-05	3.26e-06	1.28e-07	0.00e+00	0.00e+00	0.00e+00
 2.18731e+22	0.00e+00	2.51e-28	3.66e-23	1.13e-18	5.79e-15	1.28e-11	1.37e-08	2.60e-06	1.13e-04	1.26e-03	6.70e-03	1.92e-02	3.89e-02	4.87e-02	4.16e-02	4.12e-02	2.71e-01	3.29e-01	1.76e-01	2.50e-02	1.50e-03	6.75e-05	2.82e-06	1.09e-07	0.00e+00	0.00e+00	0.00e+00
 2.21739e+22	0.00e+00	3.32e-28	4.74e-23	1.44e-18	7.27e-15	1.59e-11	1.71e-08	3.23e-06	1.37e-04	1.51e-03	7.82e-03	2.18e-02	4.30e-02	5.24e-02	4.38e-02	4.28e-02	2.73e-01	3.22e-01	1.67e-01	2.30e-02	1.34e-03	5.85e-05	2.39e-06	0.00e+00	0.00e+00	0.00e+00	0.00e+00
