#depth	Ar	Ar+	Ar+2	Ar+3	Ar+4	Ar+5	Ar+6	Ar+7	Ar+8	Ar+9	Ar+10	Ar+11	Ar+12	Ar+13	Ar+14	Ar+15	Ar+16	Ar+17	Ar+18
 6.17135e+19	0.00e+00	0.00e+00	0.00e+00	0.00e+00	0.00e+00	0.00e+00	4.63e-31	9.11e-27	9.62e-23	2.69e-19	3.52e-16	2.08e-13	6.90e-11	1.22e-08	1.55e-06	1.53e-04	2.41e-02	2.39e-01	7.36e-01
 1.87609e+20	0.00e+00	0.00e+00	0.00e+00	0.00e+00	0.00e+00	0.00e+00	1.32e-30	2.34e-26	2.28e-22	5.85e-19	7.06e-16	3.83e-13	1.17e-10	1.90e-08	2.19e-06	1.97e-04	2.82e-02	2.56e-01	7.16e-01
 3.18540e+20	0.00e+00	0.00e+00	0.00e+00	0.00e+00	0.00e+00	0.00e+00	3.77e-30	6.01e-26	5.41e-22	1.28e-18	1.42e-15	7.10e-13	2.00e-10	2.98e-08	3.11e-06	2.55e-04	3.31e-02	2.73e-01	6.94e-01
 4.54709e+20	0.00e+00	0.00e+00	0.00e+00	0.00e+00	0.00e+00	0.00e+00	1.08e-29	1.55e-25	1.29e-21	2.81e-18	2.87e-15	1.32e-12	3.43e-10	4.67e-08	4.43e-06	3.29e-04	3.88e-02	2.90e-01	6.71e-01
 5.47369e+20	0.00e+00	0.00e+00	0.00e+00	0.00e+00	0.00e+00	0.00e+00	2.18e-29	2.91e-25	2.30e-21	4.75e-18	4.59e-15	2.00e-12	4.91e-10	6.31e-08	5.60e-06	3.91e-04	4.31e-02	3.02e-01	6.55e-01
 5.83446e+20	0.00e+00	0.00e+00	0.00e+00	0.00e+00	0.00e+00	0.00e+00	2.88e-29	3.72e-25	2.88e-21	5.84e-18	5.52e-15	2.35e-12	5.67e-10	7.12e-08	6.14e-06	4.18e-04	4.50e-02	3.06e-01	6.48e-01
 6.12971e+20	0.00e+00	0.00e+00	0.00e+00	0.00e+00	0.00e+00	0.00e+00	3.55e-29	4.49e-25	3.42e-21	6.82e-18	6.35e-15	2.66e-12	6.30e-10	7.78e-08	6.58e-06	4.40e-04	4.64e-02	3.10e-01	6.43e-01
 6.51354e+20	0.00e+00	0.00e+00	0.00e+00	0.00e+00	0.00e+00	0.00e+00	4.70e-29	5.77e-25	4.31e-21	8.40e-18	7.66e-15	3.14e-12	7.28e-10	8.77e-08	7.23e-06	4.71e-04	4.83e-02	3.15e-01	6.36e-01
 7.01251e+20	0.00e+00	0.00e+00	0.00e+00	0.00e+00	0.00e+00	0.00e+00	6.73e-29	7.96e-25	5.79e-21	1.10e-17	9.74e-15	3.88e-12	8.76e-10	1.02e-07	8.15e-06	5.14e-04	5.10e-02	3.21e-01	6.28e-01
 7.66118e+20	0.00e+00	0.00e+00	0.00e+00	0.00e+00	0.00e+00	0.00e+00	1.07e-28	1.20e-24	8.46e-21	1.55e-17	1.33e-14	5.10e-12	1.11e-09	1.25e-07	9.52e-06	5.75e-04	5.45e-02	3.29e-01	6.16e-01
 8.31573e+20	0.00e+00	0.00e+00	0.00e+00	0.00e+00	0.00e+00	0.00e+00	1.69e-28	1.81e-24	1.23e-20	2.19e-17	1.81e-14	6.70e-12	1.41e-09	1.52e-07	1.11e-05	6.43e-04	5.83e-02	3.37e-01	6.04e-01
 8.83269e+20	0.00e+00	0.00e+00	0.00e+00	0.00e+00	0.00e+00	0.00e+00	2.42e-28	2.50e-24	1.66e-20	2.86e-17	2.30e-14	8.30e-12	1.70e-09	1.78e-07	1.25e-05	7.02e-04	6.15e-02	3.43e-01	5.95e-01
 9.35948e+20	0.00e+00	0.00e+00	0.00e+00	0.00e+00	0.00e+00	0.00e+00	3.47e-28	3.44e-24	2.23e-20	3.75e-17	2.93e-14	1.03e-11	2.04e-09	2.08e-07	1.41e-05	7.66e-04	6.48e-02	3.49e-01	5.85e-01
 1.00443e+21	0.00e+00	0.00e+00	0.00e+00	0.00e+00	0.00e+00	0.00e+00	5.50e-28	5.18e-24	3.25e-20	5.28e-17	3.99e-14	1.35e-11	2.59e-09	2.54e-07	1.65e-05	8.56e-04	6.92e-02	3.57e-01	5.73e-01
 1.07257e+21	0.00e+00	0.00e+00	0.00e+00	0.00e+00	0.00e+00	4.51e-32	8.69e-28	7.78e-24	4.73e-20	7.44e-17	5.43e-14	1.77e-11	3.29e-09	3.11e-07	1.93e-05	9.56e-04	7.39e-02	3.65e-01	5.60e-01
 1.12439e+21	0.00e+00	0.00e+00	0.00e+00	0.00e+00	0.00e+00	6.55e-32	1.21e-27	1.05e-23	6.23e-20	9.56e-17	6.80e-14	2.16e-11	3.92e-09	3.60e-07	2.16e-05	1.04e-03	7.75e-02	3.70e-01	5.51e-01
 1.17588e+21	0.00e+00	0.00e+00	0.00e+00	0.00e+00	0.00e+00	9.48e-32	1.69e-27	1.41e-23	8.18e-20	1.23e-16	8.50e-14	2.64e-11	4.66e-09	4.16e-07	2.41e-05	1.12e-03	8.12e-02	3.76e-01	5.42e-01
 1.24282e+21	0.00e+00	0.00e+00	0.00e+00	0.00e+00	0.00e+00	1.53e-31	2.59e-27	2.05e-23	1.16e-19	1.69e-16	1.13e-13	3.41e-11	5.83e-09	5.01e-07	2.78e-05	1.24e-03	8.63e-02	3.83e-01	5.30e-01
 1.31268e+21	0.00e+00	0.00e+00	0.00e+00	0.00e+00	0.00e+00	2.50e-31	4.02e-27	3.03e-23	1.66e-19	2.34e-16	1.53e-13	4.43e-11	7.34e-09	6.08e-07	3.23e-05	1.38e-03	9.17e-02	3.90e-01	5.17e-01
 1.36899e+21	0.00e+00	0.00e+00	0.00e+00	0.00e+00	0.00e+00	3.69e-31	5.70e-27	4.13e-23	2.22e-19	3.05e-16	1.93e-13	5.47e-11	8.82e-09	7.09e-07	3.63e-05	1.50e-03	9.63e-02	3.95e-01	5.07e-01
 1.41733e+21	0.00e+00	0.00e+00	0.00e+00	0.00e+00	0.00e+00	5.15e-31	7.67e-27	5.37e-23	2.83e-19	3.81e-16	2.37e-13	6.54e-11	1.03e-08	8.09e-07	4.02e-05	1.62e-03	1.00e-01	4.00e-01	4.98e-01
 1.47267e+21	0.00e+00	0.00e+00	0.00e+00	0.00e+00	0.00e+00	7.42e-31	1.06e-26	7.17e-23	3.70e-19	4.87e-16	2.95e-13	7.95e-11	1.22e-08	9.33e-07	4.48e-05	1.75e-03	1.05e-01	4.05e-01	4.88e-01
 1.54461e+21	0.00e+00	0.00e+00	0.00e+00	0.00e+00	0.00e+00	1.21e-30	1.64e-26	1.05e-22	5.28e-19	6.75e-16	3.96e-13	1.03e-10	1.54e-08	1.13e-06	5.20e-05	1.94e-03	1.11e-01	4.12e-01	4.75e-01
 1.61736e+21	0.00e+00	0.00e+00	0.00e+00	0.00e+00	0.00e+00	1.95e-30	2.51e-26	1.53e-22	7.50e-19	9.32e-16	5.30e-13	1.34e-10	1.93e-08	1.37e-06	6.00e-05	2.14e-03	1.18e-01	4.18e-01	4.62e-01
 1.67564e+21	0.00e+00	0.00e+00	0.00e+00	0.00e+00	0.00e+00	2.85e-30	3.52e-26	2.06e-22	9.89e-19	1.20e-15	6.68e-13	1.64e-10	2.31e-08	1.59e-06	6.73e-05	2.32e-03	1.23e-01	4.22e-01	4.52e-01
 1.73586e+21	0.00e+00	0.00e+00	0.00e+00	0.00e+00	0.00e+00	4.19e-30	4.96e-26	2.79e-22	1.31e-18	1.56e-15	8.44e-13	2.02e-10	2.78e-08	1.85e-06	7.56e-05	2.52e-03	1.29e-01	4.27e-01	4.41e-01
 1.80309e+21	0.00e+00	0.00e+00	0.00e+00	0.00e+00	0.00e+00	6.41e-30	7.23e-26	3.89e-22	1.79e-18	2.07e-15	1.09e-12	2.55e-10	3.40e-08	2.19e-06	8.60e-05	2.76e-03	1.36e-01	4.32e-01	4.30e-01
 1.86552e+21	0.00e+00	0.00e+00	0.00e+00	0.00e+00	0.00e+00	9.46e-30	1.02e-25	5.27e-22	2.37e-18	2.69e-15	1.39e-12	3.15e-10	4.09e-08	2.56e-06	9.67e-05	2.99e-03	1.42e-01	4.36e-01	4.19e-01
 1.92334e+21	0.00e+00	0.00e+00	0.00e+00	0.00e+00	0.00e+00	1.35e-29	1.40e-25	6.95e-22	3.08e-18	3.42e-15	1.72e-12	3.82e-10	4.85e-08	2.95e-06	1.08e-04	3.22e-03	1.48e-01	4.40e-01	4.09e-01
 1.98906e+21	0.00e+00	0.00e+00	0.00e+00	0.00e+00	0.00e+00	2.01e-29	1.99e-25	9.48e-22	4.12e-18	4.47e-15	2.20e-12	4.74e-10	5.86e-08	3.45e-06	1.21e-04	3.50e-03	1.55e-01	4.43e-01	3.98e-01
 2.06212e+21	0.00e+00	0.00e+00	0.00e+00	0.00e+00	0.00e+00	3.11e-29	2.94e-25	1.33e-21	5.66e-18	6.00e-15	2.87e-12	6.01e-10	7.22e-08	4.11e-06	1.38e-04	3.83e-03	1.63e-01	4.47e-01	3.86e-01
 2.12971e+21	0.00e+00	0.00e+00	0.00e+00	0.00e+00	0.00e+00	4.63e-29	4.18e-25	1.81e-21	7.57e-18	7.85e-15	3.66e-12	7.47e-10	8.74e-08	4.81e-06	1.56e-04	4.15e-03	1.70e-01	4.51e-01	3.75e-01
 2.19263e+21	0.00e+00	0.00e+00	0.00e+00	0.00e+00	0.00e+00	6.67e-29	5.77e-25	2.41e-21	9.88e-18	1.00e-14	4.58e-12	9.11e-10	1.04e-07	5.57e-06	1.74e-04	4.48e-03	1.77e-01	4.53e-01	3.65e-01
 2.26452e+21	0.00e+00	0.00e+00	0.00e+00	0.00e+00	0.00e+00	1.01e-28	8.30e-25	3.31e-21	1.33e-17	1.32e-14	5.89e-12	1.14e-09	1.27e-07	6.55e-06	1.97e-04	4.87e-03	1.85e-01	4.56e-01	3.54e-01
 2.34250e+21	0.00e+00	0.00e+00	0.00e+00	0.00e+00	0.00e+00	1.56e-28	1.22e-24	4.64e-21	1.84e-17	1.78e-14	7.72e-12	1.45e-09	1.56e-07	7.80e-06	2.24e-04	5.32e-03	1.94e-01	4.59e-01	3.42e-01
 2.41228e+21	0.00e+00	0.00e+00	0.00e+00	0.00e+00	0.00e+00	2.29e-28	1.72e-24	6.25e-21	2.43e-17	2.31e-14	9.79e-12	1.79e-09	1.88e-07	9.09e-06	2.52e-04	5.75e-03	2.02e-01	4.61e-01	3.31e-01
 2.47567e+21	0.00e+00	0.00e+00	0.00e+00	0.00e+00	0.00e+00	3.24e-28	2.33e-24	8.17e-21	3.13e-17	2.92e-14	1.21e-11	2.16e-09	2.22e-07	1.04e-05	2.79e-04	6.16e-03	2.09e-01	4.63e-01	3.22e-01
 2.54688e+21	0.00e+00	0.00e+00	0.00e+00	0.00e+00	0.00e+00	4.74e-28	3.27e-24	1.10e-20	4.13e-17	3.79e-14	1.53e-11	2.66e-09	2.67e-07	1.21e-05	3.12e-04	6.64e-03	2.18e-01	4.64e-01	3.11e-01
 2.62678e+21	0.00e+00	0.00e+00	0.00e+00	0.00e+00	5.28e-32	7.22e-28	4.74e-24	1.52e-20	5.62e-17	5.04e-14	1.99e-11	3.36e-09	3.26e-07	1.43e-05	3.54e-04	7.22e-03	2.27e-01	4.65e-01	3.00e-01
 2.70183e+21	0.00e+00	0.00e+00	0.00e+00	0.00e+00	8.16e-32	1.07e-27	6.68e-24	2.05e-20	7.47e-17	6.56e-14	2.53e-11	4.15e-09	3.93e-07	1.67e-05	3.97e-04	7.79e-03	2.36e-01	4.66e-01	2.90e-01
 2.77214e+21	0.00e+00	0.00e+00	0.00e+00	0.00e+00	1.22e-31	1.52e-27	9.16e-24	2.70e-20	9.71e-17	8.37e-14	3.16e-11	5.06e-09	4.67e-07	1.93e-05	4.41e-04	8.35e-03	2.44e-01	4.66e-01	2.81e-01
 2.85245e+21	0.00e+00	0.00e+00	0.00e+00	0.00e+00	1.90e-31	2.27e-27	1.30e-23	3.67e-20	1.30e-16	1.10e-13	4.04e-11	6.30e-09	5.65e-07	2.26e-05	4.95e-04	9.01e-03	2.54e-01	4.66e-01	2.70e-01
 2.93870e+21	0.00e+00	0.00e+00	0.00e+00	0.00e+00	3.05e-31	3.47e-27	1.90e-23	5.09e-20	1.78e-16	1.47e-13	5.26e-11	7.95e-09	6.93e-07	2.66e-05	5.60e-04	9.77e-03	2.64e-01	4.66e-01	2.60e-01
 3.01455e+21	0.00e+00	0.00e+00	0.00e+00	0.00e+00	4.59e-31	5.01e-27	2.62e-23	6.75e-20	2.32e-16	1.88e-13	6.60e-11	9.72e-09	8.25e-07	3.07e-05	6.23e-04	1.05e-02	2.73e-01	4.65e-01	2.50e-01
 3.09500e+21	0.00e+00	0.00e+00	0.00e+00	0.00e+00	7.02e-31	7.32e-27	3.66e-23	9.04e-20	3.07e-16	2.44e-13	8.35e-11	1.20e-08	9.89e-07	3.57e-05	6.95e-04	1.12e-02	2.83e-01	4.64e-01	2.41e-01
 3.18542e+21	0.00e+00	0.00e+00	0.00e+00	0.00e+00	1.12e-30	1.11e-26	5.31e-23	1.25e-19	4.17e-16	3.25e-13	1.08e-10	1.51e-08	1.21e-06	4.20e-05	7.84e-04	1.22e-02	2.93e-01	4.63e-01	2.31e-01
 3.27072e+21	0.00e+00	0.00e+00	0.00e+00	0.00e+00	1.73e-30	1.64e-26	7.48e-23	1.69e-19	5.55e-16	4.24e-13	1.38e-10	1.86e-08	1.45e-06	4.88e-05	8.76e-04	1.30e-02	3.03e-01	4.61e-01	2.22e-01
 3.35110e+21	0.00e+00	0.00e+00	0.00e+00	0.00e+00	2.58e-30	2.35e-26	1.03e-22	2.22e-19	7.23e-16	5.42e-13	1.73e-10	2.27e-08	1.72e-06	5.61e-05	9.70e-04	1.39e-02	3.12e-01	4.59e-01	2.13e-01
 3.44314e+21	0.00e+00	0.00e+00	0.00e+00	0.00e+00	4.04e-30	3.52e-26	1.47e-22	3.03e-19	9.72e-16	7.14e-13	2.22e-10	2.83e-08	2.08e-06	6.54e-05	1.09e-03	1.50e-02	3.23e-01	4.57e-01	2.04e-01
 3.54606e+21	0.00e+00	0.00e+00	0.00e+00	0.00e+00	6.62e-30	5.48e-26	2.17e-22	4.26e-19	1.35e-15	9.66e-13	2.91e-10	3.60e-08	2.57e-06	7.75e-05	1.23e-03	1.62e-02	3.35e-01	4.53e-01	1.95e-01
 3.63785e+21	0.00e+00	0.00e+00	0.00e+00	0.00e+00	1.02e-29	8.06e-26	3.05e-22	5.75e-19	1.79e-15	1.26e-12	3.71e-10	4.44e-08	3.08e-06	8.98e-05	1.37e-03	1.73e-02	3.45e-01	4.50e-01	1.86e-01
 3.71733e+21	0.00e+00	0.00e+00	0.00e+00	0.00e+00	1.47e-29	1.12e-25	4.08e-22	7.40e-19	2.28e-15	1.58e-12	4.54e-10	5.31e-08	3.59e-06	1.02e-04	1.50e-03	1.83e-02	3.53e-01	4.47e-01	1.79e-01
 3.80607e+21	0.00e+00	0.00e+00	0.00e+00	0.00e+00	2.17e-29	1.59e-25	5.58e-22	9.74e-19	2.96e-15	2.01e-12	5.64e-10	6.42e-08	4.22e-06	1.16e-04	1.65e-03	1.95e-02	3.63e-01	4.44e-01	1.72e-01
 3.92143e+21	0.00e+00	0.00e+00	0.00e+00	0.00e+00	3.65e-29	2.53e-25	8.41e-22	1.39e-18	4.17e-15	2.76e-12	7.54e-10	8.28e-08	5.26e-06	1.38e-04	1.88e-03	2.11e-02	3.75e-01	4.39e-01	1.63e-01
 4.03832e+21	0.00e+00	0.00e+00	0.00e+00	0.00e+00	6.06e-29	4.00e-25	1.26e-21	1.98e-18	5.83e-15	3.77e-12	1.00e-09	1.06e-07	6.50e-06	1.64e-04	2.12e-03	2.28e-02	3.87e-01	4.34e-01	1.54e-01
 4.13323e+21	0.00e+00	0.00e+00	0.00e+00	0.00e+00	9.07e-29	5.74e-25	1.73e-21	2.62e-18	7.62e-15	4.83e-12	1.25e-09	1.29e-07	7.68e-06	1.87e-04	2.34e-03	2.42e-02	3.97e-01	4.29e-01	1.47e-01
 4.23267e+21	0.00e+00	0.00e+00	0.00e+00	0.00e+00	1.37e-28	8.32e-25	2.41e-21	3.49e-18	1.00e-14	6.23e-12	1.57e-09	1.57e-07	9.11e-06	2.15e-04	2.58e-03	2.57e-02	4.07e-01	4.24e-01	1.41e-01
 4.36193e+21	0.00e+00	0.00e+00	0.00e+00	0.00e+00	2.32e-28	1.33e-24	3.66e-21	5.03e-18	1.42e-14	8.61e-12	2.11e-09	2.03e-07	1.13e-05	2.56e-04	2.93e-03	2.77e-02	4.19e-01	4.18e-01	1.32e-01
 4.48895e+21	0.00e+00	0.00e+00	0.00e+00	0.00e+00	3.85e-28	2.10e-24	5.48e-21	7.16e-18	1.99e-14	1.18e-11	2.79e-09	2.59e-07	1.39e-05	3.02e-04	3.30e-03	2.98e-02	4.31e-01	4.11e-01	1.25e-01
 4.58490e+21	0.00e+00	0.00e+00	0.00e+00	3.65e-32	5.60e-28	2.95e-24	7.38e-21	9.30e-18	2.55e-14	1.48e-11	3.44e-09	3.11e-07	1.63e-05	3.41e-04	3.60e-03	3.14e-02	4.40e-01	4.06e-01	1.19e-01
 4.68151e+21	0.00e+00	0.00e+00	0.00e+00	5.50e-32	8.13e-28	4.12e-24	9.93e-21	1.21e-17	3.27e-14	1.87e-11	4.23e-09	3.72e-07	1.89e-05	3.85e-04	3.93e-03	3.30e-02	4.48e-01	4.01e-01	1.14e-01
 4.80711e+21	0.00e+00	0.00e+00	0.00e+00	9.20e-32	1.30e-27	6.28e-24	1.44e-20	1.67e-17	4.47e-14	2.49e-11	5.48e-09	4.66e-07	2.29e-05	4.48e-04	4.38e-03	3.52e-02	4.59e-01	3.94e-01	1.07e-01
 4.94119e+21	0.00e+00	0.00e+00	0.00e+00	1.59e-31	2.13e-27	9.80e-24	2.14e-20	2.36e-17	6.22e-14	3.38e-11	7.20e-09	5.90e-07	2.80e-05	5.25e-04	4.90e-03	3.77e-02	4.70e-01	3.86e-01	1.01e-01
 5.05786e+21	0.00e+00	0.00e+00	0.00e+00	2.52e-31	3.25e-27	1.43e-23	3.00e-20	3.17e-17	8.24e-14	4.38e-11	9.09e-09	7.22e-07	3.32e-05	6.01e-04	5.40e-03	3.99e-02	4.79e-01	3.79e-01	9.57e-02
 5.18109e+21	0.00e+00	0.00e+00	0.00e+00	4.07e-31	5.03e-27	2.12e-23	4.25e-20	4.30e-17	1.10e-13	5.73e-11	1.16e-08	8.89e-07	3.96e-05	6.91e-04	5.96e-03	4.22e-02	4.88e-01	3.72e-01	9.04e-02
 5.31926e+21	0.00e+00	0.00e+00	0.00e+00	6.91e-31	8.13e-27	3.27e-23	6.23e-20	6.01e-17	1.52e-13	7.70e-11	1.51e-08	1.12e-06	4.81e-05	8.04e-04	6.63e-03	4.49e-02	4.98e-01	3.64e-01	8.49e-02
 5.44961e+21	0.00e+00	0.00e+00	0.00e+00	1.13e-30	1.27e-26	4.87e-23	8.88e-20	8.19e-17	2.04e-13	1.01e-10	1.93e-08	1.38e-06	5.74e-05	9.25e-04	7.32e-03	4.76e-02	5.07e-01	3.57e-01	7.99e-02
 5.59183e+21	0.00e+00	0.00e+00	0.00e+00	1.89e-30	2.04e-26	7.46e-23	1.30e-19	1.14e-16	2.80e-13	1.35e-10	2.50e-08	1.73e-06	6.94e-05	1.07e-03	8.13e-03	5.05e-02	5.17e-01	3.48e-01	7.49e-02
 5.74031e+21	0.00e+00	0.00e+00	0.00e+00	3.24e-30	3.32e-26	1.16e-22	1.91e-19	1.60e-16	3.87e-13	1.83e-10	3.27e-08	2.18e-06	8.42e-05	1.25e-03	9.04e-03	5.37e-02	5.26e-01	3.40e-01	7.01e-02
 5.86509e+21	0.00e+00	0.00e+00	0.00e+00	5.03e-30	4.95e-26	1.66e-22	2.63e-19	2.12e-16	5.06e-13	2.34e-10	4.07e-08	2.63e-06	9.87e-05	1.41e-03	9.87e-03	5.64e-02	5.33e-01	3.33e-01	6.62e-02
 5.99549e+21	0.00e+00	0.00e+00	0.00e+00	7.90e-30	7.47e-26	2.40e-22	3.65e-19	2.82e-16	6.65e-13	3.01e-10	5.10e-08	3.19e-06	1.16e-04	1.60e-03	1.08e-02	5.92e-02	5.41e-01	3.25e-01	6.24e-02
 6.16501e+21	0.00e+00	0.00e+00	0.00e+00	1.40e-29	1.26e-25	3.84e-22	5.54e-19	4.06e-16	9.42e-13	4.15e-10	6.80e-08	4.09e-06	1.43e-04	1.88e-03	1.21e-02	6.30e-02	5.49e-01	3.16e-01	5.79e-02
 6.33792e+21	0.00e+00	0.00e+00	0.00e+00	2.50e-29	2.13e-25	6.17e-22	8.43e-19	5.85e-16	1.34e-12	5.73e-10	9.06e-08	5.23e-06	1.75e-04	2.21e-03	1.35e-02	6.70e-02	5.58e-01	3.06e-01	5.36e-02
 6.47627e+21	0.00e+00	0.00e+00	0.00e+00	3.93e-29	3.22e-25	8.93e-22	1.17e-18	7.79e-16	1.76e-12	7.38e-10	1.13e-07	6.34e-06	2.06e-04	2.51e-03	1.47e-02	7.03e-02	5.64e-01	2.98e-01	5.03e-02
 6.61718e+21	0.00e+00	0.00e+00	0.00e+00	6.18e-29	4.85e-25	1.29e-21	1.62e-18	1.04e-15	2.31e-12	9.49e-10	1.42e-07	7.69e-06	2.42e-04	2.84e-03	1.60e-02	7.36e-02	5.70e-01	2.90e-01	4.73e-02
 6.80035e+21	0.00e+00	0.00e+00	0.00e+00	1.10e-28	8.18e-25	2.07e-21	2.46e-18	1.49e-15	3.28e-12	1.31e-09	1.89e-07	9.81e-06	2.96e-04	3.32e-03	1.78e-02	7.80e-02	5.77e-01	2.80e-01	4.36e-02
 6.98954e+21	0.00e+00	0.00e+00	0.00e+00	1.97e-28	1.39e-24	3.34e-21	3.76e-18	2.16e-15	4.67e-12	1.81e-09	2.53e-07	1.26e-05	3.64e-04	3.89e-03	1.99e-02	8.27e-02	5.83e-01	2.70e-01	4.01e-02
 7.14532e+21	0.00e+00	0.00e+00	0.00e+00	3.17e-28	2.14e-24	4.91e-21	5.29e-18	2.90e-15	6.22e-12	2.36e-09	3.19e-07	1.54e-05	4.29e-04	4.42e-03	2.17e-02	8.65e-02	5.87e-01	2.62e-01	3.74e-02
 7.27635e+21	0.00e+00	0.00e+00	4.39e-32	4.68e-28	3.06e-24	6.76e-21	7.02e-18	3.72e-15	7.89e-12	2.94e-09	3.88e-07	1.81e-05	4.93e-04	4.92e-03	2.33e-02	8.99e-02	5.91e-01	2.55e-01	3.53e-02
 7.41646e+21	0.00e+00	0.00e+00	6.88e-32	7.08e-28	4.45e-24	9.47e-21	9.46e-18	4.81e-15	1.01e-11	3.69e-09	4.76e-07	2.16e-05	5.69e-04	5.49e-03	2.52e-02	9.34e-02	5.94e-01	2.48e-01	3.32e-02
 7.59860e+21	0.00e+00	0.00e+00	1.22e-31	1.19e-27	7.16e-24	1.45e-20	1.38e-17	6.68e-15	1.39e-11	4.94e-09	6.15e-07	2.69e-05	6.82e-04	6.31e-03	2.76e-02	9.80e-02	5.98e-01	2.39e-01	3.06e-02
 7.78416e+21	0.00e+00	0.00e+00	2.16e-31	2.03e-27	1.16e-23	2.23e-20	2.02e-17	9.31e-15	1.91e-11	6.62e-09	7.99e-07	3.36e-05	8.19e-04	7.26e-03	3.04e-02	1.03e-01	6.01e-01	2.30e-01	2.82e-02
 7.93274e+21	0.00e+00	0.00e+00	3.41e-31	3.07e-27	1.69e-23	3.14e-20	2.72e-17	1.21e-14	2.46e-11	8.35e-09	9.81e-07	3.99e-05	9.46e-04	8.10e-03	3.27e-02	1.07e-01	6.02e-01	2.23e-01	2.64e-02
 8.08445e+21	0.00e+00	0.00e+00	5.37e-31	4.66e-27	2.47e-23	4.40e-20	3.68e-17	1.57e-14	3.16e-11	1.05e-08	1.20e-06	4.75e-05	1.09e-03	9.04e-03	3.52e-02	1.11e-01	6.04e-01	2.16e-01	2.47e-02
 8.24493e+21	0.00e+00	0.00e+00	8.65e-31	7.22e-27	3.67e-23	6.29e-20	5.03e-17	2.05e-14	4.11e-11	1.34e-08	1.49e-06	5.71e-05	1.27e-03	1.01e-02	3.79e-02	1.15e-01	6.05e-01	2.08e-01	2.30e-02
 8.38202e+21	0.00e+00	0.00e+00	1.30e-30	1.05e-26	5.13e-23	8.49e-20	6.56e-17	2.58e-14	5.13e-11	1.65e-08	1.79e-06	6.66e-05	1.44e-03	1.12e-02	4.05e-02	1.18e-01	6.05e-01	2.02e-01	2.17e-02
 8.52543e+21	0.00e+00	0.00e+00	1.96e-30	1.53e-26	7.24e-23	1.16e-19	8.60e-17	3.27e-14	6.44e-11	2.03e-08	2.16e-06	7.80e-05	1.64e-03	1.23e-02	4.32e-02	1.22e-01	6.05e-01	1.96e-01	2.03e-02
 8.68666e+21	0.00e+00	0.00e+00	3.10e-30	2.32e-26	1.06e-22	1.63e-19	1.16e-16	4.24e-14	8.29e-11	2.56e-08	2.65e-06	9.27e-05	1.89e-03	1.37e-02	4.63e-02	1.26e-01	6.04e-01	1.89e-01	1.89e-02
 8.83882e+21	0.00e+00	0.00e+00	4.76e-30	3.44e-26	1.51e-22	2.24e-19	1.54e-16	5.40e-14	1.05e-10	3.18e-08	3.21e-06	1.09e-04	2.16e-03	1.52e-02	4.95e-02	1.30e-01	6.03e-01	1.82e-01	1.77e-02
 8.98049e+21	0.00e+00	0.00e+00	7.06e-30	4.94e-26	2.10e-22	3.00e-19	1.99e-16	6.74e-14	1.30e-10	3.88e-08	3.82e-06	1.27e-04	2.44e-03	1.66e-02	5.26e-02	1.34e-01	6.02e-01	1.76e-01	1.66e-02
 9.11276e+21	0.00e+00	0.00e+00	1.02e-29	6.91e-26	2.85e-22	3.93e-19	2.53e-16	8.28e-14	1.59e-10	4.67e-08	4.50e-06	1.45e-04	2.73e-03	1.81e-02	5.56e-02	1.37e-01	6.00e-01	1.71e-01	1.57e-02
 9.23662e+21	0.00e+00	0.00e+00	1.42e-29	9.40e-26	3.76e-22	5.05e-19	3.14e-16	1.00e-13	1.91e-10	5.53e-08	5.23e-06	1.65e-04	3.03e-03	1.95e-02	5.84e-02	1.40e-01	5.98e-01	1.66e-01	1.48e-02
 9.37758e+21	0.00e+00	0.00e+00	2.08e-29	1.33e-25	5.15e-22	6.69e-19	4.02e-16	1.24e-13	2.35e-10	6.69e-08	6.19e-06	1.90e-04	3.41e-03	2.13e-02	6.18e-02	1.44e-01	5.95e-01	1.60e-01	1.39e-02
 9.53314e+21	0.00e+00	0.00e+00	3.16e-29	1.95e-25	7.27e-22	9.10e-19	5.27e-16	1.56e-13	2.95e-10	8.25e-08	7.45e-06	2.22e-04	3.87e-03	2.34e-02	6.57e-02	1.47e-01	5.92e-01	1.54e-01	1.30e-02
 9.67520e+21	0.00e+00	0.00e+00	4.60e-29	2.75e-25	9.93e-22	1.20e-18	6.72e-16	1.92e-13	3.62e-10	9.96e-08	8.80e-06	2.56e-04	4.33e-03	2.55e-02	6.93e-02	1.51e-01	5.89e-01	1.49e-01	1.21e-02
 9.80624e+21	0.00e+00	0.00e+00	6.50e-29	3.77e-25	1.32e-21	1.55e-18	8.40e-16	2.33e-13	4.37e-10	1.18e-07	1.03e-05	2.91e-04	4.81e-03	2.76e-02	7.28e-02	1.54e-01	5.85e-01	1.44e-01	1.14e-02
 9.95544e+21	0.00e+00	0.00e+00	9.53e-29	5.35e-25	1.81e-21	2.06e-18	1.08e-15	2.88e-13	5.37e-10	1.43e-07	1.21e-05	3.35e-04	5.40e-03	3.00e-02	7.69e-02	1.57e-01	5.81e-01	1.39e-01	1.07e-02
 1.01224e+22	0.00e+00	0.00e+00	1.46e-28	7.91e-25	2.58e-21	2.82e-18	1.42e-15	3.64e-13	6.77e-10	1.77e-07	1.47e-05	3.93e-04	6.14e-03	3.30e-02	8.16e-02	1.61e-01	5.75e-01	1.33e-01	9.89e-03
 1.02770e+22	0.00e+00	0.00e+00	2.17e-28	1.13e-24	3.58e-21	3.76e-18	1.82e-15	4.52e-13	8.37e-10	2.16e-07	1.74e-05	4.54e-04	6.91e-03	3.60e-02	8.61e-02	1.64e-01	5.70e-01	1.27e-01	9.20e-03
 1.04107e+22	0.00e+00	0.00e+00	3.04e-28	1.54e-24	4.72e-21	4.82e-18	2.26e-15	5.43e-13	1.00e-09	2.55e-07	2.02e-05	5.14e-04	7.63e-03	3.88e-02	9.01e-02	1.67e-01	5.64e-01	1.23e-01	8.64e-03
 1.05523e+22	0.00e+00	0.00e+00	4.32e-28	2.13e-24	6.31e-21	6.24e-18	2.83e-15	6.57e-13	1.21e-09	3.04e-07	2.35e-05	5.85e-04	8.47e-03	4.19e-02	9.45e-02	1.70e-01	5.58e-01	1.18e-01	8.08e-03
 1.07113e+22	0.00e+00	0.00e+00	6.40e-28	3.05e-24	8.72e-21	8.32e-18	3.64e-15	8.14e-13	1.49e-09	3.69e-07	2.79e-05	6.75e-04	9.50e-03	4.55e-02	9.94e-02	1.73e-01	5.51e-01	1.13e-01	7.49e-03
 1.08598e+22	0.00e+00	0.00e+00	9.22e-28	4.25e-24	1.18e-20	1.09e-17	4.59e-15	9.91e-13	1.81e-09	4.41e-07	3.27e-05	7.70e-04	1.06e-02	4.92e-02	1.04e-01	1.76e-01	5.44e-01	1.08e-01	6.97e-03
 1.09966e+22	0.00e+00	0.00e+00	1.29e-27	5.75e-24	1.55e-20	1.39e-17	5.67e-15	1.19e-12	2.16e-09	5.19e-07	3.77e-05	8.68e-04	1.16e-02	5.28e-02	1.09e-01	1.78e-01	5.37e-01	1.04e-01	6.52e-03
 1.11514e+22	0.00e+00	0.00e+00	1.86e-27	8.07e-24	2.10e-20	1.82e-17	7.17e-15	1.45e-12	2.63e-09	6.22e-07	4.42e-05	9.92e-04	1.30e-02	5.70e-02	1.14e-01	1.80e-01	5.29e-01	9.96e-02	6.05e-03
 1.13230e+22	0.00e+00	0.00e+00	2.81e-27	1.17e-23	2.94e-20	2.45e-17	9.28e-15	1.80e-12	3.27e-09	7.60e-07	5.27e-05	1.15e-03	1.46e-02	6.20e-02	1.20e-01	1.83e-01	5.20e-01	9.45e-02	5.55e-03
 1.14800e+22	0.00e+00	0.00e+00	4.10e-27	1.66e-23	4.01e-20	3.22e-17	1.18e-14	2.20e-12	3.98e-09	9.13e-07	6.20e-05	1.31e-03	1.62e-02	6.70e-02	1.25e-01	1.85e-01	5.10e-01	8.99e-02	5.12e-03
 1.16222e+22	0.00e+00	0.00e+00	5.69e-27	2.23e-23	5.25e-20	4.09e-17	1.45e-14	2.62e-12	4.72e-09	1.07e-06	7.12e-05	1.47e-03	1.78e-02	7.15e-02	1.30e-01	1.87e-01	5.02e-01	8.61e-02	4.77e-03
 1.17814e+22	0.00e+00	0.00e+00	8.22e-27	3.12e-23	7.10e-20	5.34e-17	1.82e-14	3.18e-12	5.72e-09	1.28e-06	8.31e-05	1.68e-03	1.97e-02	7.69e-02	1.35e-01	1.88e-01	4.92e-01	8.18e-02	4.40e-03
 1.19546e+22	0.00e+00	0.00e+00	1.23e-26	4.50e-23	9.86e-20	7.14e-17	2.34e-14	3.92e-12	7.03e-09	1.55e-06	9.83e-05	1.93e-03	2.20e-02	8.32e-02	1.41e-01	1.90e-01	4.80e-01	7.72e-02	4.02e-03
 1.21094e+22	0.00e+00	0.00e+00	1.76e-26	6.25e-23	1.33e-19	9.28e-17	2.93e-14	4.73e-12	8.46e-09	1.84e-06	1.14e-04	2.19e-03	2.43e-02	8.92e-02	1.47e-01	1.91e-01	4.69e-01	7.32e-02	3.69e-03
 1.22466e+22	0.00e+00	0.00e+00	2.39e-26	8.26e-23	1.70e-19	1.16e-16	3.55e-14	5.56e-12	9.89e-09	2.12e-06	1.30e-04	2.43e-03	2.64e-02	9.45e-02	1.52e-01	1.92e-01	4.60e-01	6.99e-02	3.44e-03
 1.23975e+22	0.00e+00	0.00e+00	3.36e-26	1.12e-22	2.25e-19	1.48e-16	4.38e-14	6.63e-12	1.17e-08	2.49e-06	1.49e-04	2.72e-03	2.89e-02	1.01e-01	1.57e-01	1.92e-01	4.49e-01	6.63e-02	3.17e-03
 1.25937e+22	0.00e+00	0.00e+00	5.20e-26	1.67e-22	3.21e-19	2.02e-16	5.74e-14	8.30e-12	1.46e-08	3.05e-06	1.78e-04	3.15e-03	3.24e-02	1.09e-01	1.63e-01	1.93e-01	4.35e-01	6.18e-02	2.85e-03
 1.27901e+22	0.00e+00	0.00e+00	8.06e-26	2.49e-22	4.59e-19	2.78e-16	7.52e-14	1.04e-11	1.82e-08	3.73e-06	2.13e-04	3.65e-03	3.63e-02	1.18e-01	1.70e-01	1.93e-01	4.20e-01	5.74e-02	2.55e-03
 1.29407e+22	0.00e+00	0.00e+00	1.12e-25	3.37e-22	6.02e-19	3.53e-16	9.24e-14	1.23e-11	2.15e-08	4.35e-06	2.43e-04	4.07e-03	3.95e-02	1.25e-01	1.75e-01	1.92e-01	4.08e-01	5.42e-02	2.34e-03
 1.30904e+22	0.00e+00	5.03e-32	1.56e-25	4.53e-22	7.85e-19	4.45e-16	1.13e-13	1.46e-11	2.52e-08	5.04e-06	2.76e-04	4.52e-03	4.29e-02	1.32e-01	1.80e-01	1.92e-01	3.96e-01	5.12e-02	2.14e-03
 1.32850e+22	0.00e+00	7.82e-32	2.36e-25	6.62e-22	1.10e-18	6.01e-16	1.46e-13	1.80e-11	3.09e-08	6.09e-06	3.26e-04	5.17e-03	4.76e-02	1.41e-01	1.85e-01	1.91e-01	3.80e-01	4.74e-02	1.91e-03
 1.34850e+22	0.00e+00	1.23e-31	3.64e-25	9.80e-22	1.57e-18	8.19e-16	1.90e-13	2.24e-11	3.80e-08	7.38e-06	3.85e-04	5.93e-03	5.28e-02	1.51e-01	1.91e-01	1.89e-01	3.64e-01	4.36e-02	1.70e-03
 1.36468e+22	0.00e+00	1.78e-31	5.16e-25	1.35e-21	2.09e-18	1.05e-15	2.35e-13	2.68e-11	4.49e-08	8.62e-06	4.40e-04	6.61e-03	5.74e-02	1.60e-01	1.96e-01	1.87e-01	3.50e-01	4.07e-02	1.54e-03
 1.38121e+22	0.00e+00	2.56e-31	7.25e-25	1.83e-21	2.75e-18	1.34e-15	2.90e-13	3.18e-11	5.28e-08	1.00e-05	5.01e-04	7.34e-03	6.21e-02	1.68e-01	2.00e-01	1.85e-01	3.37e-01	3.80e-02	1.39e-03
 1.40268e+22	0.00e+00	4.08e-31	1.13e-24	2.74e-21	3.95e-18	1.85e-15	3.80e-13	3.98e-11	6.49e-08	1.21e-05	5.91e-04	8.39e-03	6.87e-02	1.79e-01	2.05e-01	1.82e-01	3.20e-01	3.46e-02	1.22e-03
 1.42450e+22	0.00e+00	6.56e-31	1.77e-24	4.13e-21	5.70e-18	2.55e-15	5.00e-13	4.99e-11	7.99e-08	1.47e-05	6.97e-04	9.59e-03	7.59e-02	1.91e-01	2.09e-01	1.79e-01	3.02e-01	3.14e-02	1.06e-03
 1.44168e+22	0.00e+00	9.56e-31	2.53e-24	5.71e-21	7.62e-18	3.29e-15	6.21e-13	5.96e-11	9.40e-08	1.71e-05	7.93e-04	1.06e-02	8.20e-02	2.00e-01	2.13e-01	1.76e-01	2.88e-01	2.89e-02	9.47e-04
 1.45892e+22	0.00e+00	1.36e-30	3.54e-24	7.75e-21	1.00e-17	4.19e-15	7.64e-13	7.07e-11	1.10e-07	1.97e-05	8.95e-04	1.17e-02	8.81e-02	2.09e-01	2.15e-01	1.73e-01	2.75e-01	2.68e-02	8.50e-04
 1.48135e+22	0.00e+00	2.16e-30	5.47e-24	1.15e-20	1.43e-17	5.74e-15	9.98e-13	8.81e-11	1.33e-07	2.35e-05	1.04e-03	1.32e-02	9.63e-02	2.20e-01	2.18e-01	1.68e-01	2.58e-01	2.41e-02	7.35e-04
 1.50477e+22	0.00e+00	3.50e-30	8.63e-24	1.74e-20	2.08e-17	7.97e-15	1.32e-12	1.11e-10	1.63e-07	2.83e-05	1.22e-03	1.50e-02	1.05e-01	2.32e-01	2.21e-01	1.63e-01	2.41e-01	2.15e-02	6.29e-04
 1.52337e+22	0.00e+00	5.10e-30	1.23e-23	2.41e-20	2.78e-17	1.03e-14	1.64e-12	1.33e-10	1.91e-07	3.27e-05	1.38e-03	1.65e-02	1.13e-01	2.41e-01	2.22e-01	1.59e-01	2.27e-01	1.97e-02	5.56e-04
 1.53857e+22	0.00e+00	6.89e-30	1.64e-23	3.13e-20	3.51e-17	1.26e-14	1.95e-12	1.53e-10	2.16e-07	3.66e-05	1.52e-03	1.78e-02	1.19e-01	2.48e-01	2.23e-01	1.55e-01	2.17e-01	1.83e-02	5.02e-04
 1.55553e+22	0.00e+00	9.55e-30	2.23e-23	4.14e-20	4.52e-17	1.58e-14	2.36e-12	1.79e-10	2.48e-07	4.14e-05	1.68e-03	1.93e-02	1.26e-01	2.56e-01	2.23e-01	1.51e-01	2.06e-01	1.68e-02	4.49e-04
 1.57757e+22	0.00e+00	1.45e-29	3.30e-23	5.92e-20	6.24e-17	2.10e-14	3.01e-12	2.19e-10	2.93e-07	4.83e-05	1.91e-03	2.14e-02	1.35e-01	2.66e-01	2.23e-01	1.45e-01	1.92e-01	1.51e-02	3.88e-04
 1.60068e+22	0.00e+00	2.23e-29	4.96e-23	8.60e-20	8.74e-17	2.83e-14	3.88e-12	2.69e-10	3.50e-07	5.65e-05	2.18e-03	2.37e-02	1.45e-01	2.75e-01	2.23e-01	1.40e-01	1.78e-01	1.34e-02	3.32e-04
 1.62012e+22	0.00e+00	3.19e-29	6.94e-23	1.17e-19	1.15e-16	3.61e-14	4.78e-12	3.20e-10	4.04e-07	6.43e-05	2.43e-03	2.57e-02	1.54e-01	2.83e-01	2.22e-01	1.35e-01	1.67e-01	1.22e-02	2.91e-04
 1.64029e+22	0.00e+00	4.55e-29	9.70e-23	1.59e-19	1.52e-16	4.61e-14	5.89e-12	3.80e-10	4.66e-07	7.30e-05	2.70e-03	2.79e-02	1.62e-01	2.90e-01	2.20e-01	1.30e-01	1.56e-01	1.10e-02	2.55e-04
 1.66652e+22	0.00e+00	7.14e-29	1.48e-22	2.34e-19	2.16e-16	6.29e-14	7.68e-12	4.73e-10	5.59e-07	8.58e-05	3.08e-03	3.08e-02	1.73e-01	2.98e-01	2.18e-01	1.24e-01	1.43e-01	9.68e-03	2.15e-04
 1.69325e+22	0.00e+00	1.12e-28	2.27e-22	3.46e-19	3.07e-16	8.59e-14	1.00e-11	5.90e-10	6.69e-07	1.01e-04	3.50e-03	3.40e-02	1.85e-01	3.06e-01	2.15e-01	1.17e-01	1.30e-01	8.46e-03	1.80e-04
 1.71477e+22	0.00e+00	1.60e-28	3.17e-22	4.69e-19	4.05e-16	1.10e-13	1.24e-11	7.01e-10	7.71e-07	1.14e-04	3.87e-03	3.66e-02	1.94e-01	3.12e-01	2.12e-01	1.12e-01	1.21e-01	7.60e-03	1.56e-04
 1.73688e+22	0.00e+00	2.27e-28	4.40e-22	6.34e-19	5.31e-16	1.40e-13	1.52e-11	8.32e-10	8.86e-07	1.28e-04	4.27e-03	3.94e-02	2.03e-01	3.17e-01	2.09e-01	1.07e-01	1.12e-01	6.82e-03	1.36e-04
 1.76562e+22	0.00e+00	3.54e-28	6.66e-22	9.28e-19	7.51e-16	1.90e-13	1.98e-11	1.03e-09	1.06e-06	1.49e-04	4.82e-03	4.32e-02	2.15e-01	3.23e-01	2.05e-01	1.01e-01	1.02e-01	5.93e-03	1.13e-04
 1.79546e+22	0.00e+00	5.55e-28	1.02e-21	1.37e-18	1.07e-15	2.60e-13	2.58e-11	1.29e-09	1.26e-06	1.74e-04	5.45e-03	4.72e-02	2.27e-01	3.28e-01	2.00e-01	9.47e-02	9.22e-02	5.12e-03	9.35e-05
 1.82028e+22	0.00e+00	7.99e-28	1.43e-21	1.87e-18	1.42e-15	3.35e-13	3.21e-11	1.55e-09	1.46e-06	1.97e-04	6.00e-03	5.07e-02	2.37e-01	3.32e-01	1.95e-01	8.98e-02	8.48e-02	4.54e-03	8.00e-05
 1.84149e+22	0.00e+00	1.09e-27	1.91e-21	2.44e-18	1.81e-15	4.15e-13	3.86e-11	1.80e-09	1.65e-06	2.19e-04	6.52e-03	5.38e-02	2.45e-01	3.35e-01	1.91e-01	8.56e-02	7.87e-02	4.09e-03	6.98e-05
 1.86446e+22	0.00e+00	1.48e-27	2.54e-21	3.18e-18	2.30e-15	5.14e-13	4.64e-11	2.10e-09	1.87e-06	2.42e-04	7.07e-03	5.70e-02	2.53e-01	3.37e-01	1.87e-01	8.16e-02	7.31e-02	3.68e-03	6.10e-05
 1.89432e+22	0.00e+00	2.21e-27	3.70e-21	4.49e-18	3.14e-15	6.80e-13	5.90e-11	2.57e-09	2.19e-06	2.77e-04	7.84e-03	6.14e-02	2.64e-01	3.39e-01	1.82e-01	7.64e-02	6.62e-02	3.21e-03	5.10e-05
 1.92487e+22	0.00e+00	3.31e-27	5.38e-21	6.35e-18	4.31e-15	9.01e-13	7.52e-11	3.14e-09	2.57e-06	3.17e-04	8.69e-03	6.61e-02	2.75e-01	3.40e-01	1.76e-01	7.14e-02	5.98e-02	2.78e-03	4.25e-05
 1.94954e+22	0.00e+00	4.58e-27	7.28e-21	8.38e-18	5.56e-15	1.13e-12	9.14e-11	3.70e-09	2.93e-06	3.52e-04	9.43e-03	7.00e-02	2.84e-01	3.41e-01	1.71e-01	6.74e-02	5.49e-02	2.47e-03	3.65e-05
 1.97483e+22	0.00e+00	6.21e-27	9.67e-21	1.09e-17	7.05e-15	1.40e-12	1.10e-10	4.31e-09	3.31e-06	3.89e-04	1.02e-02	7.39e-02	2.92e-01	3.41e-01	1.66e-01	6.39e-02	5.07e-02	2.21e-03	3.17e-05
 2.00770e+22	0.00e+00	9.21e-27	1.39e-20	1.53e-17	9.60e-15	1.84e-12	1.39e-10	5.26e-09	3.87e-06	4.43e-04	1.12e-02	7.91e-02	3.02e-01	3.40e-01	1.60e-01	5.94e-02	4.56e-02	1.91e-03	2.63e-05
 2.04190e+22	0.00e+00	1.38e-26	2.03e-20	2.16e-17	1.32e-14	2.45e-12	1.78e-10	6.45e-09	4.55e-06	5.05e-04	1.24e-02	8.46e-02	3.13e-01	3.39e-01	1.53e-01	5.50e-02	4.08e-02	1.64e-03	2.17e-05
 2.07034e+22	0.00e+00	1.93e-26	2.76e-20	2.88e-17	1.71e-14	3.09e-12	2.18e-10	7.64e-09	5.20e-06	5.62e-04	1.34e-02	8.94e-02	3.21e-01	3.38e-01	1.48e-01	5.15e-02	3.71e-02	1.44e-03	1.84e-05
 2.09985e+22	0.00e+00	2.65e-26	3.71e-20	3.78e-17	2.20e-14	3.86e-12	2.64e-10	8.97e-09	5.91e-06	6.23e-04	1.45e-02	9.42e-02	3.29e-01	3.36e-01	1.42e-01	4.84e-02	3.39e-02	1.27e-03	1.58e-05
 2.13218e+22	0.00e+00	3.77e-26	5.14e-20	5.11e-17	2.89e-14	4.94e-12	3.26e-10	1.07e-08	6.81e-06	6.98e-04	1.58e-02	9.96e-02	3.38e-01	3.33e-01	1.36e-01	4.50e-02	3.07e-02	1.11e-03	1.32e-05
 2.16103e+22	0.00e+00	5.12e-26	6.83e-20	6.64e-17	3.68e-14	6.13e-12	3.93e-10	1.25e-08	7.70e-06	7.69e-04	1.70e-02	1.04e-01	3.45e-01	3.30e-01	1.31e-01	4.22e-02	2.80e-02	9.81e-04	1.13e-05
 2.18731e+22	0.00e+00	6.71e-26	8.77e-20	8.38e-17	4.55e-14	7.41e-12	4.63e-10	1.44e-08	8.59e-06	8.39e-04	1.81e-02	1.09e-01	3.51e-01	3.28e-01	1.27e-01	3.98e-02	2.58e-02	8.79e-04	9.87e-06
 2.21739e+22	0.00e+00	9.06e-26	1.16e-19	1.08e-16	5.76e-14	9.16e-12	5.56e-10	1.68e-08	9.69e-06	9.23e-04	1.94e-02	1.14e-01	3.58e-01	3.24e-01	1.22e-01	3.73e-02	2.36e-02	7.77e-04	8.46e-06
 2.25648e+22	0.00e+00	1.33e-25	1.64e-19	1.50e-16	7.76e-14	1.20e-11	7.00e-10	2.04e-08	1.13e-05	1.04e-03	2.12e-02	1.21e-01	3.66e-01	3.19e-01	1.16e-01	3.43e-02	2.10e-02	6.64e-04	6.94e-06
 2.29625e+22	0.00e+00	1.94e-25	2.34e-19	2.08e-16	1.05e-13	1.56e-11	8.83e-10	2.48e-08	1.32e-05	1.17e-03	2.31e-02	1.27e-01	3.74e-01	3.14e-01	1.10e-01	3.14e-02	1.86e-02	5.66e-04	5.68e-06
 2.32814e+22	0.00e+00	2.62e-25	3.08e-19	2.68e-16	1.32e-13	1.93e-11	1.06e-09	2.89e-08	1.49e-05	1.29e-03	2.47e-02	1.33e-01	3.80e-01	3.10e-01	1.05e-01	2.93e-02	1.69e-02	4.98e-04	4.85e-06
 2.36087e+22	0.00e+00	3.51e-25	4.03e-19	3.45e-16	1.66e-13	2.37e-11	1.27e-09	3.35e-08	1.67e-05	1.41e-03	2.64e-02	1.39e-01	3.85e-01	3.05e-01	1.00e-01	2.73e-02	1.54e-02	4.40e-04	4.15e-06
 2.40342e+22	0.00e+00	5.09e-25	5.67e-19	4.73e-16	2.22e-13	3.07e-11	1.59e-09	4.06e-08	1.94e-05	1.59e-03	2.86e-02	1.46e-01	3.92e-01	2.99e-01	9.46e-02	2.50e-02	1.37e-02	3.74e-04	3.39e-06
 2.44816e+22	0.00e+00	7.48e-25	8.07e-19	6.57e-16	3.00e-13	4.02e-11	2.00e-09	4.94e-08	2.27e-05	1.79e-03	3.11e-02	1.53e-01	3.98e-01	2.92e-01	8.89e-02	2.27e-02	1.20e-02	3.16e-04	2.75e-06
 2.48610e+22	4.59e-32	1.03e-24	1.08e-18	8.62e-16	3.85e-13	5.03e-11	2.43e-09	5.81e-08	2.58e-05	1.97e-03	3.33e-02	1.60e-01	4.02e-01	2.86e-01	8.42e-02	2.10e-02	1.08e-02	2.75e-04	2.31e-06
 2.51928e+22	6.14e-32	1.35e-24	1.39e-18	1.08e-15	4.75e-13	6.08e-11	2.86e-09	6.67e-08	2.87e-05	2.14e-03	3.53e-02	1.66e-01	4.06e-01	2.81e-01	8.05e-02	1.96e-02	9.86e-03	2.43e-04	1.99e-06
 2.55594e+22	8.41e-32	1.80e-24	1.81e-18	1.39e-15	5.95e-13	7.44e-11	3.41e-09	7.73e-08	3.23e-05	2.34e-03	3.76e-02	1.72e-01	4.10e-01	2.75e-01	7.65e-02	1.82e-02	8.93e-03	2.14e-04	1.69e-06
 2.60361e+22	1.25e-31	2.60e-24	2.53e-18	1.89e-15	7.92e-13	9.61e-11	4.25e-09	9.32e-08	3.74e-05	2.61e-03	4.06e-02	1.80e-01	4.14e-01	2.67e-01	7.16e-02	1.65e-02	7.87e-03	1.81e-04	1.38e-06
 2.65304e+22	1.88e-31	3.78e-24	3.56e-18	2.60e-15	1.06e-12	1.25e-10	5.33e-09	1.13e-07	4.34e-05	2.93e-03	4.39e-02	1.88e-01	4.17e-01	2.59e-01	6.68e-02	1.49e-02	6.90e-03	1.52e-04	1.11e-06
 2.69418e+22	2.62e-31	5.13e-24	4.70e-18	3.37e-15	1.34e-12	1.54e-10	6.40e-09	1.32e-07	4.90e-05	3.21e-03	4.67e-02	1.95e-01	4.20e-01	2.53e-01	6.31e-02	1.37e-02	6.19e-03	1.32e-04	9.35e-07
 2.73706e+22	3.64e-31	6.95e-24	6.21e-18	4.36e-15	1.70e-12	1.91e-10	7.69e-09	1.54e-07	5.54e-05	3.52e-03	4.97e-02	2.01e-01	4.22e-01	2.46e-01	5.95e-02	1.26e-02	5.55e-03	1.15e-04	7.85e-07
 2.79281e+22	5.53e-31	1.02e-23	8.82e-18	6.04e-15	2.29e-12	2.49e-10	9.69e-09	1.87e-07	6.45e-05	3.94e-03	5.37e-02	2.10e-01	4.24e-01	2.37e-01	5.52e-02	1.13e-02	4.83e-03	9.57e-05	6.28e-07
 2.85167e+22	8.57e-31	1.53e-23	1.27e-17	8.48e-15	3.12e-12	3.29e-10	1.23e-08	2.29e-07	7.56e-05	4.44e-03	5.81e-02	2.19e-01	4.25e-01	2.28e-01	5.09e-02	1.01e-02	4.17e-03	7.90e-05	4.97e-07
 2.90231e+22	1.24e-30	2.14e-23	1.73e-17	1.13e-14	4.05e-12	4.15e-10	1.51e-08	2.71e-07	8.63e-05	4.90e-03	6.20e-02	2.27e-01	4.25e-01	2.20e-01	4.74e-02	9.17e-03	3.68e-03	6.72e-05	4.07e-07
 2.95587e+22	1.79e-30	3.00e-23	2.36e-17	1.50e-14	5.26e-12	5.24e-10	1.84e-08	3.21e-07	9.87e-05	5.41e-03	6.63e-02	2.35e-01	4.25e-01	2.12e-01	4.41e-02	8.29e-03	3.24e-03	5.70e-05	3.33e-07
 3.01441e+22	2.67e-30	4.33e-23	3.29e-17	2.05e-14	6.99e-12	6.75e-10	2.30e-08	3.86e-07	1.14e-04	6.01e-03	7.10e-02	2.43e-01	4.25e-01	2.04e-01	4.08e-02	7.43e-03	2.82e-03	4.76e-05	2.67e-07
 3.06736e+22	3.81e-30	6.00e-23	4.42e-17	2.69e-14	8.97e-12	8.45e-10	2.79e-08	4.55e-07	1.29e-04	6.60e-03	7.55e-02	2.51e-01	4.24e-01	1.96e-01	3.79e-02	6.73e-03	2.49e-03	4.05e-05	2.19e-07
 3.12412e+22	5.48e-30	8.38e-23	5.99e-17	3.57e-14	1.16e-11	1.06e-09	3.40e-08	5.38e-07	1.48e-04	7.26e-03	8.03e-02	2.58e-01	4.22e-01	1.89e-01	3.52e-02	6.07e-03	2.18e-03	3.43e-05	1.79e-07
 3.19791e+22	8.65e-30	1.27e-22	8.77e-17	5.07e-14	1.60e-11	1.42e-09	4.35e-08	6.62e-07	1.73e-04	8.18e-03	8.67e-02	2.68e-01	4.19e-01	1.79e-01	3.19e-02	5.33e-03	1.85e-03	2.78e-05	1.39e-07
 3.27062e+22	1.36e-29	1.93e-22	1.28e-16	7.17e-14	2.20e-11	1.88e-09	5.55e-08	8.13e-07	2.04e-04	9.18e-03	9.33e-02	2.77e-01	4.15e-01	1.70e-01	2.90e-02	4.67e-03	1.57e-03	2.25e-05	0.00e+00
 3.32510e+22	1.88e-29	2.59e-22	1.67e-16	9.20e-14	2.76e-11	2.30e-09	6.61e-08	9.41e-07	2.28e-04	9.98e-03	9.83e-02	2.84e-01	4.12e-01	1.63e-01	2.69e-02	4.25e-03	1.39e-03	1.93e-05	0.00e+00
 3.37906e+22	2.57e-29	3.45e-22	2.17e-16	1.17e-13	3.43e-11	2.80e-09	7.83e-08	1.08e-06	2.55e-04	1.08e-02	1.03e-01	2.90e-01	4.09e-01	1.57e-01	2.51e-02	3.86e-03	1.24e-03	1.67e-05	0.00e+00
 3.44922e+22	3.81e-29	4.95e-22	3.00e-16	1.58e-13	4.52e-11	3.57e-09	9.66e-08	1.30e-06	2.92e-04	1.19e-02	1.10e-01	2.97e-01	4.04e-01	1.49e-01	2.29e-02	3.43e-03	1.07e-03	1.38e-05	0.00e+00
 3.52446e+22	5.81e-29	7.27e-22	4.25e-16	2.19e-13	6.07e-11	4.65e-09	1.21e-07	1.57e-06	3.39e-04	1.33e-02	1.17e-01	3.06e-01	3.98e-01	1.40e-01	2.08e-02	3.01e-03	9.09e-04	1.12e-05	0.00e+00
 3.58975e+22	8.28e-29	1.00e-21	5.69e-16	2.87e-13	7.78e-11	5.80e-09	1.47e-07	1.84e-06	3.84e-04	1.45e-02	1.24e-01	3.12e-01	3.93e-01	1.34e-01	1.91e-02	2.69e-03	7.92e-04	9.43e-06	0.00e+00
 3.65808e+22	1.18e-28	1.39e-21	7.64e-16	3.76e-13	9.97e-11	7.25e-09	1.78e-07	2.16e-06	4.34e-04	1.58e-02	1.31e-01	3.19e-01	3.87e-01	1.27e-01	1.75e-02	2.40e-03	6.89e-04	7.90e-06	0.00e+00
 3.74691e+22	1.84e-28	2.08e-21	1.10e-15	5.28e-13	1.36e-10	9.53e-09	2.25e-07	2.63e-06	5.06e-04	1.76e-02	1.39e-01	3.26e-01	3.79e-01	1.19e-01	1.56e-02	2.08e-03	5.79e-04	6.34e-06	0.00e+00
 3.83792e+22	2.91e-28	3.16e-21	1.61e-15	7.50e-13	1.87e-10	1.27e-08	2.88e-07	3.24e-06	5.93e-04	1.97e-02	1.49e-01	3.34e-01	3.71e-01	1.11e-01	1.39e-02	1.79e-03	4.79e-04	5.00e-06	0.00e+00
 3.91065e+22	4.14e-28	4.36e-21	2.15e-15	9.81e-13	2.39e-10	1.58e-08	3.47e-07	3.80e-06	6.70e-04	2.14e-02	1.56e-01	3.39e-01	3.63e-01	1.04e-01	1.26e-02	1.59e-03	4.14e-04	4.16e-06	0.00e+00
 3.98410e+22	5.83e-28	5.95e-21	2.84e-15	1.27e-12	3.04e-10	1.96e-08	4.17e-07	4.43e-06	7.54e-04	2.33e-02	1.64e-01	3.44e-01	3.56e-01	9.86e-02	1.15e-02	1.41e-03	3.59e-04	3.48e-06	0.00e+00
 4.07958e+22	8.95e-28	8.79e-21	4.04e-15	1.76e-12	4.09e-10	2.56e-08	5.25e-07	5.37e-06	8.73e-04	2.58e-02	1.74e-01	3.50e-01	3.46e-01	9.16e-02	1.02e-02	1.22e-03	3.00e-04	2.77e-06	0.00e+00
 4.17357e+22	1.37e-27	1.29e-20	5.71e-15	2.44e-12	5.50e-10	3.33e-08	6.58e-07	6.50e-06	1.01e-03	2.85e-02	1.84e-01	3.55e-01	3.36e-01	8.49e-02	9.07e-03	1.05e-03	2.49e-04	2.20e-06	0.00e+00
 4.24372e+22	1.85e-27	1.70e-20	7.31e-15	3.07e-12	6.80e-10	4.02e-08	7.74e-07	7.44e-06	1.12e-03	3.05e-02	1.91e-01	3.59e-01	3.29e-01	8.03e-02	8.31e-03	9.38e-04	2.18e-04	1.86e-06	0.00e+00
 4.31304e+22	2.47e-27	2.21e-20	9.26e-15	3.82e-12	8.32e-10	4.82e-08	9.04e-07	8.49e-06	1.24e-03	3.27e-02	1.98e-01	3.62e-01	3.21e-01	7.60e-02	7.62e-03	8.43e-04	1.92e-04	1.59e-06	0.00e+00
 4.40316e+22	3.56e-27	3.08e-20	1.25e-14	5.05e-12	1.08e-09	6.07e-08	1.10e-06	1.00e-05	1.40e-03	3.56e-02	2.08e-01	3.65e-01	3.12e-01	7.07e-02	6.81e-03	7.34e-04	1.62e-04	1.29e-06	0.00e+00
 4.49965e+22	5.24e-27	4.38e-20	1.71e-14	6.78e-12	1.41e-09	7.73e-08	1.36e-06	1.19e-05	1.60e-03	3.89e-02	2.18e-01	3.68e-01	3.01e-01	6.54e-02	6.04e-03	6.33e-04	1.36e-04	1.03e-06	0.00e+00
 4.58410e+22	7.28e-27	5.90e-20	2.23e-14	8.71e-12	1.78e-09	9.51e-08	1.62e-06	1.39e-05	1.79e-03	4.20e-02	2.26e-01	3.70e-01	2.92e-01	6.11e-02	5.44e-03	5.57e-04	1.16e-04	8.51e-07	0.00e+00
 4.67353e+22	1.01e-26	7.96e-20	2.92e-14	1.12e-11	2.24e-09	1.17e-07	1.94e-06	1.61e-05	2.01e-03	4.53e-02	2.35e-01	3.72e-01	2.83e-01	5.69e-02	4.88e-03	4.88e-04	9.92e-05	6.99e-07	0.00e+00
 4.78979e+22	1.53e-26	1.16e-19	4.08e-14	1.54e-11	3.00e-09	1.52e-07	2.43e-06	1.95e-05	2.32e-03	4.97e-02	2.47e-01	3.74e-01	2.71e-01	5.18e-02	4.24e-03	4.12e-04	8.09e-05	5.43e-07	0.00e+00
 4.90807e+22	2.34e-26	1.70e-19	5.75e-14	2.12e-11	4.05e-09	1.99e-07	3.07e-06	2.38e-05	2.69e-03	5.47e-02	2.59e-01	3.75e-01	2.58e-01	4.70e-02	3.66e-03	3.46e-04	6.54e-05	4.17e-07	0.00e+00
 5.00196e+22	3.24e-26	2.27e-19	7.46e-14	2.72e-11	5.09e-09	2.45e-07	3.66e-06	2.76e-05	3.01e-03	5.89e-02	2.68e-01	3.75e-01	2.48e-01	4.34e-02	3.26e-03	3.01e-04	5.54e-05	3.40e-07	0.00e+00
 5.09701e+22	4.41e-26	3.00e-19	9.56e-14	3.44e-11	6.34e-09	2.99e-07	4.34e-06	3.19e-05	3.35e-03	6.31e-02	2.77e-01	3.74e-01	2.39e-01	4.02e-02	2.90e-03	2.63e-04	4.70e-05	2.78e-07	0.00e+00
 5.22056e+22	6.49e-26	4.26e-19	1.30e-13	4.62e-11	8.36e-09	3.84e-07	5.38e-06	3.84e-05	3.84e-03	6.88e-02	2.88e-01	3.73e-01	2.27e-01	3.64e-02	2.51e-03	2.21e-04	3.82e-05	2.15e-07	0.00e+00
 5.35220e+22	9.77e-26	6.15e-19	1.81e-13	6.31e-11	1.12e-08	5.00e-07	6.77e-06	4.66e-05	4.43e-03	7.54e-02	3.00e-01	3.71e-01	2.14e-01	3.25e-02	2.13e-03	1.83e-04	3.04e-05	1.63e-07	0.00e+00
 5.46506e+22	1.37e-25	8.34e-19	2.37e-13	8.19e-11	1.43e-08	6.26e-07	8.21e-06	5.51e-05	5.01e-03	8.14e-02	3.10e-01	3.68e-01	2.03e-01	2.95e-02	1.85e-03	1.55e-04	2.50e-05	1.28e-07	0.00e+00
 5.58246e+22	1.91e-25	1.12e-18	3.07e-13	1.05e-10	1.81e-08	7.75e-07	9.88e-06	6.45e-05	5.62e-03	8.75e-02	3.20e-01	3.65e-01	1.93e-01	2.68e-02	1.62e-03	1.32e-04	2.07e-05	0.00e+00	0.00e+00
 5.73508e+22	2.87e-25	1.62e-18	4.25e-13	1.44e-10	2.44e-08	1.02e-06	1.25e-05	7.90e-05	6.52e-03	9.58e-02	3.32e-01	3.60e-01	1.80e-01	2.37e-02	1.35e-03	1.08e-04	1.62e-05	0.00e+00	0.00e+00
 5.89135e+22	4.36e-25	2.35e-18	5.90e-13	1.98e-10	3.31e-08	1.34e-06	1.59e-05	9.72e-05	7.58e-03	1.05e-01	3.44e-01	3.55e-01	1.67e-01	2.07e-02	1.12e-03	8.67e-05	1.25e-05	0.00e+00	0.00e+00
 6.01678e+22	6.02e-25	3.13e-18	7.59e-13	2.54e-10	4.20e-08	1.67e-06	1.92e-05	1.15e-04	8.55e-03	1.13e-01	3.53e-01	3.49e-01	1.57e-01	1.85e-02	9.59e-04	7.27e-05	1.01e-05	0.00e+00	0.00e+00
 6.12326e+22	7.81e-25	3.95e-18	9.30e-13	3.10e-10	5.07e-08	1.99e-06	2.23e-05	1.30e-04	9.38e-03	1.19e-01	3.59e-01	3.44e-01	1.49e-01	1.70e-02	8.48e-04	6.32e-05	8.54e-06	0.00e+00	0.00e+00
 6.24067e+22	1.02e-24	5.02e-18	1.15e-12	3.82e-10	6.19e-08	2.39e-06	2.62e-05	1.50e-04	1.04e-02	1.27e-01	3.67e-01	3.39e-01	1.41e-01	1.54e-02	7.40e-04	5.42e-05	7.11e-06	0.00e+00	0.00e+00
 6.39331e+22	1.43e-24	6.77e-18	1.49e-12	4.95e-10	7.95e-08	3.01e-06	3.20e-05	1.79e-04	1.18e-02	1.36e-01	3.75e-01	3.31e-01	1.31e-01	1.36e-02	6.22e-04	4.45e-05	5.62e-06	0.00e+00	0.00e+00
 6.55559e+22	2.04e-24	9.28e-18	1.96e-12	6.51e-10	1.04e-07	3.85e-06	3.96e-05	2.16e-04	1.35e-02	1.47e-01	3.84e-01	3.23e-01	1.20e-01	1.18e-02	5.15e-04	3.60e-05	4.36e-06	0.00e+00	0.00e+00
 6.69480e+22	2.75e-24	1.20e-17	2.46e-12	8.18e-10	1.29e-07	4.73e-06	4.73e-05	2.53e-04	1.50e-02	1.57e-01	3.90e-01	3.15e-01	1.12e-01	1.05e-02	4.37e-04	3.00e-05	3.51e-06	0.00e+00	0.00e+00
 6.81910e+22	3.52e-24	1.50e-17	2.97e-12	9.91e-10	1.56e-07	5.62e-06	5.50e-05	2.89e-04	1.65e-02	1.65e-01	3.95e-01	3.08e-01	1.05e-01	9.43e-03	3.80e-04	2.56e-05	2.91e-06	0.00e+00	0.00e+00
 6.95961e+22	4.58e-24	1.89e-17	3.63e-12	1.21e-09	1.90e-07	6.77e-06	6.46e-05	3.34e-04	1.83e-02	1.75e-01	4.00e-01	3.00e-01	9.78e-02	8.40e-03	3.26e-04	2.15e-05	2.37e-06	0.00e+00	0.00e+00
 7.14227e+22	6.36e-24	2.52e-17	4.65e-12	1.56e-09	2.43e-07	8.52e-06	7.90e-05	3.99e-04	2.07e-02	1.87e-01	4.06e-01	2.89e-01	8.92e-02	7.24e-03	2.67e-04	1.73e-05	1.83e-06	0.00e+00	0.00e+00
 7.33272e+22	8.97e-24	3.41e-17	6.02e-12	2.04e-09	3.15e-07	1.09e-05	9.74e-05	4.82e-04	2.36e-02	2.01e-01	4.11e-01	2.77e-01	8.06e-02	6.17e-03	2.16e-04	1.37e-05	1.39e-06	0.00e+00	0.00e+00
 7.48928e+22	1.18e-23	4.32e-17	7.38e-12	2.51e-09	3.87e-07	1.32e-05	1.15e-04	5.60e-04	2.62e-02	2.12e-01	4.13e-01	2.68e-01	7.41e-02	5.41e-03	1.82e-04	1.13e-05	1.10e-06	0.00e+00	0.00e+00
