#depth	Mg	Mg+	Mg+2	Mg+3	Mg+4	Mg+5	Mg+6	Mg+7	Mg+8	Mg+9	Mg+10	Mg+11	Mg+12
 6.17135e+19	0.00e+00	0.00e+00	0.00e+00	0.00e+00	6.54e-29	7.64e-24	2.16e-19	2.06e-15	9.94e-12	2.61e-08	1.43e-04	2.33e-02	9.77e-01
 1.87609e+20	0.00e+00	0.00e+00	0.00e+00	0.00e+00	1.42e-28	1.50e-23	3.84e-19	3.32e-15	1.44e-11	3.43e-08	1.72e-04	2.56e-02	9.74e-01
 3.18540e+20	0.00e+00	0.00e+00	0.00e+00	0.00e+00	3.13e-28	2.98e-23	6.89e-19	5.38e-15	2.11e-11	4.53e-08	2.08e-04	2.80e-02	9.72e-01
 4.54709e+20	0.00e+00	0.00e+00	0.00e+00	0.00e+00	6.97e-28	5.98e-23	1.25e-18	8.79e-15	3.10e-11	6.01e-08	2.51e-04	3.08e-02	9.69e-01
 5.47369e+20	0.00e+00	0.00e+00	0.00e+00	2.79e-33	1.19e-27	9.54e-23	1.86e-18	1.22e-14	4.02e-11	7.26e-08	2.85e-04	3.28e-02	9.67e-01
 5.83446e+20	0.00e+00	0.00e+00	0.00e+00	3.57e-33	1.48e-27	1.15e-22	2.18e-18	1.40e-14	4.46e-11	7.83e-08	3.00e-04	3.36e-02	9.66e-01
 6.12971e+20	0.00e+00	0.00e+00	0.00e+00	4.27e-33	1.74e-27	1.32e-22	2.46e-18	1.54e-14	4.81e-11	8.29e-08	3.12e-04	3.43e-02	9.65e-01
 6.51354e+20	0.00e+00	0.00e+00	0.00e+00	5.46e-33	2.16e-27	1.60e-22	2.88e-18	1.76e-14	5.34e-11	8.95e-08	3.28e-04	3.51e-02	9.65e-01
 7.01251e+20	0.00e+00	0.00e+00	0.00e+00	7.50e-33	2.86e-27	2.04e-22	3.55e-18	2.09e-14	6.11e-11	9.88e-08	3.50e-04	3.63e-02	9.63e-01
 7.66118e+20	0.00e+00	0.00e+00	0.00e+00	1.13e-32	4.10e-27	2.79e-22	4.64e-18	2.61e-14	7.27e-11	1.12e-07	3.81e-04	3.78e-02	9.62e-01
 8.31573e+20	0.00e+00	0.00e+00	0.00e+00	1.70e-32	5.88e-27	3.81e-22	6.07e-18	3.26e-14	8.65e-11	1.28e-07	4.15e-04	3.95e-02	9.60e-01
 8.83269e+20	0.00e+00	0.00e+00	0.00e+00	2.36e-32	7.83e-27	4.89e-22	7.50e-18	3.88e-14	9.93e-11	1.41e-07	4.44e-04	4.08e-02	9.59e-01
 9.35948e+20	0.00e+00	0.00e+00	0.00e+00	3.26e-32	1.04e-26	6.27e-22	9.27e-18	4.63e-14	1.14e-10	1.56e-07	4.75e-04	4.21e-02	9.57e-01
 1.00443e+21	0.00e+00	0.00e+00	0.00e+00	4.93e-32	1.50e-26	8.61e-22	1.22e-17	5.79e-14	1.36e-10	1.78e-07	5.17e-04	4.39e-02	9.56e-01
 1.07257e+21	0.00e+00	0.00e+00	0.00e+00	7.50e-32	2.17e-26	1.19e-21	1.60e-17	7.27e-14	1.62e-10	2.02e-07	5.64e-04	4.58e-02	9.54e-01
 1.12439e+21	0.00e+00	0.00e+00	0.00e+00	1.02e-31	2.84e-26	1.50e-21	1.95e-17	8.58e-14	1.85e-10	2.23e-07	6.01e-04	4.73e-02	9.52e-01
 1.17588e+21	0.00e+00	0.00e+00	0.00e+00	1.38e-31	3.72e-26	1.89e-21	2.39e-17	1.01e-13	2.10e-10	2.45e-07	6.40e-04	4.87e-02	9.51e-01
 1.24282e+21	0.00e+00	0.00e+00	0.00e+00	2.04e-31	5.26e-26	2.56e-21	3.09e-17	1.25e-13	2.49e-10	2.77e-07	6.94e-04	5.07e-02	9.49e-01
 1.31268e+21	0.00e+00	0.00e+00	0.00e+00	3.08e-31	7.54e-26	3.50e-21	4.04e-17	1.57e-13	2.96e-10	3.14e-07	7.55e-04	5.28e-02	9.46e-01
 1.36899e+21	0.00e+00	0.00e+00	0.00e+00	4.26e-31	1.00e-25	4.50e-21	5.00e-17	1.87e-13	3.40e-10	3.48e-07	8.07e-04	5.45e-02	9.45e-01
 1.41733e+21	0.00e+00	0.00e+00	0.00e+00	5.64e-31	1.29e-25	5.58e-21	6.01e-17	2.18e-13	3.83e-10	3.80e-07	8.55e-04	5.61e-02	9.43e-01
 1.47267e+21	0.00e+00	0.00e+00	0.00e+00	7.63e-31	1.68e-25	7.03e-21	7.33e-17	2.57e-13	4.36e-10	4.18e-07	9.11e-04	5.78e-02	9.41e-01
 1.54461e+21	0.00e+00	0.00e+00	0.00e+00	1.15e-30	2.42e-25	9.66e-21	9.61e-17	3.22e-13	5.20e-10	4.76e-07	9.91e-04	6.02e-02	9.39e-01
 1.61736e+21	0.00e+00	0.00e+00	0.00e+00	1.73e-30	3.46e-25	1.32e-20	1.25e-16	4.02e-13	6.18e-10	5.40e-07	1.08e-03	6.27e-02	9.36e-01
 1.67564e+21	0.00e+00	0.00e+00	0.00e+00	2.39e-30	4.59e-25	1.69e-20	1.55e-16	4.79e-13	7.10e-10	5.98e-07	1.15e-03	6.47e-02	9.34e-01
 1.73586e+21	0.00e+00	0.00e+00	0.00e+00	3.32e-30	6.14e-25	2.17e-20	1.92e-16	5.73e-13	8.17e-10	6.63e-07	1.23e-03	6.69e-02	9.32e-01
 1.80309e+21	0.00e+00	0.00e+00	0.00e+00	4.78e-30	8.46e-25	2.87e-20	2.44e-16	6.99e-13	9.54e-10	7.43e-07	1.33e-03	6.93e-02	9.29e-01
 1.86552e+21	0.00e+00	0.00e+00	0.00e+00	6.68e-30	1.14e-24	3.71e-20	3.05e-16	8.39e-13	1.10e-09	8.26e-07	1.42e-03	7.16e-02	9.27e-01
 1.92334e+21	0.00e+00	0.00e+00	0.00e+00	9.08e-30	1.49e-24	4.69e-20	3.73e-16	9.93e-13	1.26e-09	9.09e-07	1.51e-03	7.38e-02	9.25e-01
 1.98906e+21	0.00e+00	0.00e+00	0.00e+00	1.28e-29	2.02e-24	6.11e-20	4.67e-16	1.20e-12	1.46e-09	1.01e-06	1.62e-03	7.63e-02	9.22e-01
 2.06212e+21	0.00e+00	0.00e+00	0.00e+00	1.87e-29	2.81e-24	8.17e-20	5.99e-16	1.47e-12	1.71e-09	1.14e-06	1.76e-03	7.92e-02	9.19e-01
 2.12971e+21	0.00e+00	0.00e+00	0.00e+00	2.64e-29	3.81e-24	1.07e-19	7.53e-16	1.78e-12	1.99e-09	1.27e-06	1.88e-03	8.19e-02	9.16e-01
 2.19263e+21	0.00e+00	0.00e+00	0.00e+00	3.63e-29	5.05e-24	1.36e-19	9.28e-16	2.12e-12	2.28e-09	1.41e-06	2.01e-03	8.45e-02	9.14e-01
 2.26452e+21	0.00e+00	0.00e+00	0.00e+00	5.19e-29	6.92e-24	1.79e-19	1.17e-15	2.58e-12	2.65e-09	1.58e-06	2.16e-03	8.74e-02	9.10e-01
 2.34250e+21	0.00e+00	0.00e+00	0.00e+00	7.61e-29	9.69e-24	2.40e-19	1.51e-15	3.19e-12	3.13e-09	1.78e-06	2.34e-03	9.07e-02	9.07e-01
 2.41228e+21	0.00e+00	0.00e+00	0.00e+00	1.07e-28	1.30e-23	3.11e-19	1.89e-15	3.84e-12	3.62e-09	1.98e-06	2.51e-03	9.37e-02	9.04e-01
 2.47567e+21	0.00e+00	0.00e+00	0.00e+00	1.44e-28	1.70e-23	3.92e-19	2.31e-15	4.53e-12	4.12e-09	2.18e-06	2.67e-03	9.65e-02	9.01e-01
 2.54688e+21	0.00e+00	0.00e+00	0.00e+00	2.01e-28	2.29e-23	5.07e-19	2.88e-15	5.45e-12	4.76e-09	2.42e-06	2.86e-03	9.97e-02	8.97e-01
 2.62678e+21	0.00e+00	0.00e+00	0.00e+00	2.91e-28	3.17e-23	6.73e-19	3.67e-15	6.68e-12	5.59e-09	2.72e-06	3.08e-03	1.03e-01	8.94e-01
 2.70183e+21	0.00e+00	0.00e+00	0.00e+00	4.09e-28	4.28e-23	8.75e-19	4.60e-15	8.07e-12	6.47e-09	3.03e-06	3.31e-03	1.07e-01	8.90e-01
 2.77214e+21	0.00e+00	0.00e+00	0.00e+00	5.60e-28	5.64e-23	1.11e-18	5.66e-15	9.59e-12	7.41e-09	3.35e-06	3.53e-03	1.10e-01	8.87e-01
 2.85245e+21	0.00e+00	0.00e+00	0.00e+00	7.96e-28	7.69e-23	1.46e-18	7.15e-15	1.17e-11	8.63e-09	3.75e-06	3.79e-03	1.14e-01	8.83e-01
 2.93870e+21	0.00e+00	0.00e+00	0.00e+00	1.15e-27	1.07e-22	1.94e-18	9.14e-15	1.43e-11	1.01e-08	4.22e-06	4.09e-03	1.18e-01	8.78e-01
 3.01455e+21	0.00e+00	0.00e+00	2.90e-33	1.59e-27	1.42e-22	2.49e-18	1.13e-14	1.71e-11	1.17e-08	4.67e-06	4.37e-03	1.21e-01	8.74e-01
 3.09500e+21	0.00e+00	0.00e+00	4.21e-33	2.22e-27	1.90e-22	3.21e-18	1.41e-14	2.06e-11	1.35e-08	5.19e-06	4.68e-03	1.25e-01	8.70e-01
 3.18542e+21	0.00e+00	0.00e+00	6.35e-33	3.20e-27	2.62e-22	4.26e-18	1.80e-14	2.52e-11	1.58e-08	5.84e-06	5.04e-03	1.30e-01	8.65e-01
 3.27072e+21	0.00e+00	0.00e+00	9.29e-33	4.50e-27	3.54e-22	5.53e-18	2.25e-14	3.04e-11	1.83e-08	6.51e-06	5.40e-03	1.34e-01	8.61e-01
 3.35110e+21	0.00e+00	0.00e+00	1.32e-32	6.15e-27	4.67e-22	7.04e-18	2.78e-14	3.62e-11	2.10e-08	7.19e-06	5.76e-03	1.38e-01	8.56e-01
 3.44314e+21	0.00e+00	0.00e+00	1.95e-32	8.73e-27	6.37e-22	9.23e-18	3.50e-14	4.40e-11	2.44e-08	8.04e-06	6.19e-03	1.42e-01	8.51e-01
 3.54606e+21	0.00e+00	0.00e+00	3.00e-32	1.28e-26	8.94e-22	1.24e-17	4.52e-14	5.45e-11	2.89e-08	9.09e-06	6.70e-03	1.48e-01	8.46e-01
 3.63785e+21	0.00e+00	0.00e+00	4.37e-32	1.79e-26	1.20e-21	1.61e-17	5.66e-14	6.56e-11	3.35e-08	1.01e-05	7.17e-03	1.52e-01	8.41e-01
 3.71733e+21	0.00e+00	0.00e+00	6.00e-32	2.39e-26	1.55e-21	2.00e-17	6.84e-14	7.69e-11	3.79e-08	1.11e-05	7.60e-03	1.56e-01	8.36e-01
 3.80607e+21	0.00e+00	0.00e+00	8.40e-32	3.22e-26	2.02e-21	2.53e-17	8.36e-14	9.09e-11	4.32e-08	1.22e-05	8.08e-03	1.61e-01	8.31e-01
 3.92143e+21	0.00e+00	0.00e+00	1.32e-31	4.84e-26	2.89e-21	3.46e-17	1.10e-13	1.14e-10	5.16e-08	1.39e-05	8.78e-03	1.67e-01	8.25e-01
 4.03832e+21	0.00e+00	0.00e+00	2.05e-31	7.17e-26	4.09e-21	4.68e-17	1.42e-13	1.42e-10	6.12e-08	1.57e-05	9.51e-03	1.73e-01	8.18e-01
 4.13323e+21	0.00e+00	0.00e+00	2.91e-31	9.80e-26	5.39e-21	5.96e-17	1.75e-13	1.69e-10	7.01e-08	1.74e-05	1.01e-02	1.78e-01	8.12e-01
 4.23267e+21	0.00e+00	0.00e+00	4.16e-31	1.35e-25	7.15e-21	7.62e-17	2.17e-13	2.02e-10	8.06e-08	1.93e-05	1.08e-02	1.83e-01	8.06e-01
 4.36193e+21	0.00e+00	0.00e+00	6.54e-31	2.02e-25	1.02e-20	1.04e-16	2.84e-13	2.53e-10	9.63e-08	2.19e-05	1.17e-02	1.89e-01	7.99e-01
 4.48895e+21	0.00e+00	0.00e+00	1.01e-30	2.99e-25	1.45e-20	1.41e-16	3.69e-13	3.14e-10	1.14e-07	2.48e-05	1.27e-02	1.96e-01	7.91e-01
 4.58490e+21	0.00e+00	0.00e+00	1.40e-30	4.00e-25	1.87e-20	1.76e-16	4.47e-13	3.69e-10	1.30e-07	2.72e-05	1.35e-02	2.01e-01	7.85e-01
 4.68151e+21	0.00e+00	0.00e+00	1.93e-30	5.33e-25	2.41e-20	2.20e-16	5.42e-13	4.34e-10	1.47e-07	2.98e-05	1.43e-02	2.06e-01	7.80e-01
 4.80711e+21	0.00e+00	0.00e+00	2.88e-30	7.64e-25	3.31e-20	2.91e-16	6.88e-13	5.30e-10	1.72e-07	3.34e-05	1.53e-02	2.13e-01	7.72e-01
 4.94119e+21	0.00e+00	0.00e+00	4.41e-30	1.12e-24	4.64e-20	3.90e-16	8.87e-13	6.55e-10	2.03e-07	3.77e-05	1.65e-02	2.20e-01	7.64e-01
 5.05786e+21	0.00e+00	0.00e+00	6.33e-30	1.54e-24	6.18e-20	5.01e-16	1.10e-12	7.84e-10	2.34e-07	4.18e-05	1.76e-02	2.26e-01	7.57e-01
 5.18109e+21	0.00e+00	0.00e+00	9.20e-30	2.16e-24	8.30e-20	6.49e-16	1.38e-12	9.45e-10	2.70e-07	4.64e-05	1.88e-02	2.32e-01	7.49e-01
 5.31926e+21	0.00e+00	0.00e+00	1.39e-29	3.12e-24	1.15e-19	8.63e-16	1.76e-12	1.16e-09	3.17e-07	5.22e-05	2.03e-02	2.39e-01	7.40e-01
 5.44961e+21	0.00e+00	0.00e+00	2.03e-29	4.39e-24	1.56e-19	1.12e-15	2.21e-12	1.40e-09	3.68e-07	5.81e-05	2.17e-02	2.46e-01	7.32e-01
 5.59183e+21	0.00e+00	0.00e+00	3.04e-29	6.31e-24	2.14e-19	1.49e-15	2.81e-12	1.72e-09	4.31e-07	6.51e-05	2.33e-02	2.53e-01	7.23e-01
 5.74031e+21	0.00e+00	0.00e+00	4.62e-29	9.16e-24	2.98e-19	1.98e-15	3.61e-12	2.11e-09	5.07e-07	7.32e-05	2.50e-02	2.61e-01	7.14e-01
 5.86509e+21	0.00e+00	0.00e+00	6.51e-29	1.25e-23	3.91e-19	2.51e-15	4.43e-12	2.50e-09	5.79e-07	8.06e-05	2.66e-02	2.67e-01	7.06e-01
 5.99549e+21	0.00e+00	0.00e+00	9.24e-29	1.70e-23	5.17e-19	3.21e-15	5.46e-12	2.98e-09	6.64e-07	8.89e-05	2.82e-02	2.74e-01	6.98e-01
 6.16501e+21	0.00e+00	0.00e+00	1.44e-28	2.54e-23	7.36e-19	4.37e-15	7.13e-12	3.73e-09	7.89e-07	1.01e-04	3.05e-02	2.82e-01	6.87e-01
 6.33792e+21	0.00e+00	0.00e+00	2.26e-28	3.80e-23	1.05e-18	5.95e-15	9.31e-12	4.66e-09	9.39e-07	1.14e-04	3.30e-02	2.91e-01	6.76e-01
 6.47627e+21	0.00e+00	0.00e+00	3.21e-28	5.21e-23	1.39e-18	7.60e-15	1.15e-11	5.55e-09	1.08e-06	1.26e-04	3.50e-02	2.98e-01	6.67e-01
 6.61718e+21	0.00e+00	0.00e+00	4.56e-28	7.13e-23	1.83e-18	9.68e-15	1.42e-11	6.60e-09	1.23e-06	1.39e-04	3.72e-02	3.05e-01	6.58e-01
 6.80035e+21	0.00e+00	0.00e+00	7.12e-28	1.06e-22	2.61e-18	1.32e-14	1.85e-11	8.25e-09	1.47e-06	1.57e-04	4.01e-02	3.14e-01	6.46e-01
 6.98954e+21	0.00e+00	0.00e+00	1.12e-27	1.60e-22	3.75e-18	1.81e-14	2.43e-11	1.03e-08	1.75e-06	1.78e-04	4.33e-02	3.23e-01	6.34e-01
 7.14532e+21	0.00e+00	0.00e+00	1.62e-27	2.22e-22	5.01e-18	2.33e-14	3.02e-11	1.24e-08	2.02e-06	1.97e-04	4.60e-02	3.30e-01	6.24e-01
 7.27635e+21	0.00e+00	0.00e+00	2.20e-27	2.92e-22	6.38e-18	2.88e-14	3.62e-11	1.44e-08	2.27e-06	2.14e-04	4.84e-02	3.36e-01	6.15e-01
 7.41646e+21	0.00e+00	0.00e+00	3.03e-27	3.89e-22	8.23e-18	3.59e-14	4.39e-11	1.69e-08	2.57e-06	2.34e-04	5.11e-02	3.43e-01	6.06e-01
 7.59860e+21	0.00e+00	0.00e+00	4.54e-27	5.59e-22	1.13e-17	4.75e-14	5.59e-11	2.07e-08	3.00e-06	2.62e-04	5.46e-02	3.51e-01	5.94e-01
 7.78416e+21	0.00e+00	4.15e-33	6.85e-27	8.09e-22	1.57e-17	6.32e-14	7.15e-11	2.54e-08	3.52e-06	2.93e-04	5.84e-02	3.59e-01	5.82e-01
 7.93274e+21	0.00e+00	5.93e-33	9.46e-27	1.08e-21	2.03e-17	7.91e-14	8.67e-11	2.98e-08	3.98e-06	3.20e-04	6.15e-02	3.65e-01	5.73e-01
 8.08445e+21	0.00e+00	8.47e-33	1.31e-26	1.44e-21	2.63e-17	9.89e-14	1.05e-10	3.51e-08	4.51e-06	3.49e-04	6.48e-02	3.72e-01	5.63e-01
 8.24493e+21	0.00e+00	1.23e-32	1.84e-26	1.96e-21	3.44e-17	1.25e-13	1.29e-10	4.15e-08	5.14e-06	3.83e-04	6.85e-02	3.78e-01	5.53e-01
 8.38202e+21	0.00e+00	1.69e-32	2.45e-26	2.54e-21	4.32e-17	1.53e-13	1.53e-10	4.79e-08	5.75e-06	4.14e-04	7.17e-02	3.84e-01	5.44e-01
 8.52543e+21	0.00e+00	2.34e-32	3.29e-26	3.31e-21	5.47e-17	1.88e-13	1.83e-10	5.55e-08	6.44e-06	4.48e-04	7.51e-02	3.90e-01	5.35e-01
 8.68666e+21	0.00e+00	3.34e-32	4.56e-26	4.43e-21	7.08e-17	2.35e-13	2.22e-10	6.52e-08	7.29e-06	4.89e-04	7.91e-02	3.96e-01	5.24e-01
 8.83882e+21	0.00e+00	4.68e-32	6.19e-26	5.82e-21	9.03e-17	2.91e-13	2.67e-10	7.59e-08	8.20e-06	5.31e-04	8.30e-02	4.02e-01	5.15e-01
 8.98049e+21	0.00e+00	6.38e-32	8.20e-26	7.50e-21	1.13e-16	3.53e-13	3.16e-10	8.74e-08	9.14e-06	5.72e-04	8.67e-02	4.07e-01	5.06e-01
 9.11276e+21	0.00e+00	8.51e-32	1.06e-25	9.48e-21	1.39e-16	4.23e-13	3.69e-10	9.95e-08	1.01e-05	6.14e-04	9.03e-02	4.12e-01	4.97e-01
 9.23662e+21	0.00e+00	1.11e-31	1.35e-25	1.17e-20	1.68e-16	5.00e-13	4.26e-10	1.12e-07	1.11e-05	6.54e-04	9.36e-02	4.16e-01	4.90e-01
 9.37758e+21	0.00e+00	1.49e-31	1.77e-25	1.50e-20	2.09e-16	6.03e-13	5.01e-10	1.28e-07	1.23e-05	7.03e-04	9.76e-02	4.21e-01	4.81e-01
 9.53314e+21	0.00e+00	2.06e-31	2.39e-25	1.96e-20	2.64e-16	7.41e-13	5.99e-10	1.49e-07	1.38e-05	7.61e-04	1.02e-01	4.26e-01	4.71e-01
 9.67520e+21	0.00e+00	2.77e-31	3.12e-25	2.49e-20	3.27e-16	8.93e-13	7.04e-10	1.70e-07	1.53e-05	8.17e-04	1.06e-01	4.31e-01	4.62e-01
 9.80624e+21	0.00e+00	3.63e-31	4.00e-25	3.11e-20	3.98e-16	1.06e-12	8.17e-10	1.92e-07	1.68e-05	8.72e-04	1.10e-01	4.35e-01	4.54e-01
 9.95544e+21	0.00e+00	4.90e-31	5.25e-25	3.97e-20	4.95e-16	1.28e-12	9.62e-10	2.20e-07	1.86e-05	9.38e-04	1.15e-01	4.39e-01	4.45e-01
 1.01224e+22	0.00e+00	6.86e-31	7.13e-25	5.23e-20	6.32e-16	1.59e-12	1.16e-09	2.57e-07	2.10e-05	1.02e-03	1.20e-01	4.44e-01	4.35e-01
 1.02770e+22	0.00e+00	9.34e-31	9.45e-25	6.74e-20	7.90e-16	1.93e-12	1.37e-09	2.96e-07	2.34e-05	1.09e-03	1.25e-01	4.48e-01	4.25e-01
 1.04107e+22	0.00e+00	1.22e-30	1.20e-24	8.37e-20	9.58e-16	2.28e-12	1.58e-09	3.34e-07	2.56e-05	1.17e-03	1.30e-01	4.52e-01	4.17e-01
 1.05523e+22	0.00e+00	1.60e-30	1.55e-24	1.05e-19	1.17e-15	2.72e-12	1.84e-09	3.78e-07	2.82e-05	1.25e-03	1.35e-01	4.55e-01	4.09e-01
 1.07113e+22	0.00e+00	2.18e-30	2.05e-24	1.35e-19	1.47e-15	3.31e-12	2.19e-09	4.36e-07	3.14e-05	1.34e-03	1.40e-01	4.59e-01	3.99e-01
 1.08598e+22	0.00e+00	2.90e-30	2.66e-24	1.71e-19	1.81e-15	3.97e-12	2.56e-09	4.97e-07	3.48e-05	1.43e-03	1.46e-01	4.62e-01	3.91e-01
 1.09966e+22	0.00e+00	3.76e-30	3.37e-24	2.12e-19	2.18e-15	4.69e-12	2.96e-09	5.60e-07	3.81e-05	1.53e-03	1.51e-01	4.65e-01	3.83e-01
 1.11514e+22	0.00e+00	5.02e-30	4.39e-24	2.69e-19	2.70e-15	5.64e-12	3.47e-09	6.40e-07	4.22e-05	1.63e-03	1.56e-01	4.68e-01	3.74e-01
 1.13230e+22	0.00e+00	6.92e-30	5.89e-24	3.50e-19	3.42e-15	6.93e-12	4.15e-09	7.42e-07	4.72e-05	1.76e-03	1.63e-01	4.72e-01	3.64e-01
 1.14800e+22	0.00e+00	9.30e-30	7.73e-24	4.47e-19	4.25e-15	8.38e-12	4.90e-09	8.51e-07	5.25e-05	1.89e-03	1.69e-01	4.74e-01	3.55e-01
 1.16222e+22	0.00e+00	1.20e-29	9.77e-24	5.53e-19	5.13e-15	9.88e-12	5.64e-09	9.58e-07	5.74e-05	2.01e-03	1.75e-01	4.77e-01	3.47e-01
 1.17814e+22	0.00e+00	1.60e-29	1.27e-23	7.01e-19	6.34e-15	1.19e-11	6.63e-09	1.09e-06	6.36e-05	2.15e-03	1.81e-01	4.79e-01	3.38e-01
 1.19546e+22	0.00e+00	2.19e-29	1.69e-23	9.09e-19	7.99e-15	1.45e-11	7.90e-09	1.27e-06	7.11e-05	2.32e-03	1.88e-01	4.81e-01	3.28e-01
 1.21094e+22	0.00e+00	2.90e-29	2.20e-23	1.15e-18	9.85e-15	1.75e-11	9.27e-09	1.45e-06	7.87e-05	2.48e-03	1.95e-01	4.83e-01	3.20e-01
 1.22466e+22	0.00e+00	3.68e-29	2.73e-23	1.40e-18	1.17e-14	2.04e-11	1.06e-08	1.62e-06	8.56e-05	2.62e-03	2.01e-01	4.84e-01	3.12e-01
 1.23975e+22	0.00e+00	4.78e-29	3.48e-23	1.74e-18	1.43e-14	2.42e-11	1.23e-08	1.83e-06	9.41e-05	2.79e-03	2.07e-01	4.86e-01	3.04e-01
 1.25937e+22	0.00e+00	6.70e-29	4.75e-23	2.31e-18	1.84e-14	3.02e-11	1.49e-08	2.15e-06	1.06e-04	3.02e-03	2.16e-01	4.87e-01	2.94e-01
 1.27901e+22	0.00e+00	9.40e-29	6.49e-23	3.07e-18	2.37e-14	3.77e-11	1.81e-08	2.52e-06	1.20e-04	3.28e-03	2.25e-01	4.88e-01	2.84e-01
 1.29407e+22	0.00e+00	1.22e-28	8.24e-23	3.82e-18	2.88e-14	4.47e-11	2.10e-08	2.85e-06	1.32e-04	3.48e-03	2.32e-01	4.89e-01	2.76e-01
 1.30904e+22	0.00e+00	1.56e-28	1.04e-22	4.71e-18	3.48e-14	5.27e-11	2.42e-08	3.21e-06	1.44e-04	3.70e-03	2.39e-01	4.89e-01	2.68e-01
 1.32850e+22	0.00e+00	2.15e-28	1.40e-22	6.18e-18	4.43e-14	6.52e-11	2.91e-08	3.74e-06	1.62e-04	3.99e-03	2.48e-01	4.89e-01	2.59e-01
 1.34850e+22	0.00e+00	2.99e-28	1.90e-22	8.16e-18	5.70e-14	8.12e-11	3.53e-08	4.39e-06	1.83e-04	4.31e-03	2.58e-01	4.89e-01	2.49e-01
 1.36468e+22	0.00e+00	3.90e-28	2.43e-22	1.02e-17	6.99e-14	9.71e-11	4.12e-08	5.00e-06	2.03e-04	4.60e-03	2.66e-01	4.89e-01	2.41e-01
 1.38121e+22	0.00e+00	5.04e-28	3.09e-22	1.28e-17	8.52e-14	1.15e-10	4.79e-08	5.67e-06	2.23e-04	4.89e-03	2.74e-01	4.88e-01	2.33e-01
 1.40268e+22	0.00e+00	7.03e-28	4.22e-22	1.70e-17	1.10e-13	1.45e-10	5.84e-08	6.68e-06	2.52e-04	5.30e-03	2.84e-01	4.87e-01	2.24e-01
 1.42450e+22	3.13e-33	9.86e-28	5.80e-22	2.27e-17	1.43e-13	1.82e-10	7.14e-08	7.89e-06	2.87e-04	5.75e-03	2.95e-01	4.85e-01	2.14e-01
 1.44168e+22	4.27e-33	1.28e-27	7.44e-22	2.86e-17	1.76e-13	2.19e-10	8.37e-08	9.01e-06	3.17e-04	6.13e-03	3.04e-01	4.83e-01	2.06e-01
 1.45892e+22	5.72e-33	1.65e-27	9.42e-22	3.55e-17	2.15e-13	2.59e-10	9.72e-08	1.02e-05	3.49e-04	6.52e-03	3.13e-01	4.81e-01	1.99e-01
 1.48135e+22	8.35e-33	2.28e-27	1.28e-21	4.71e-17	2.77e-13	3.24e-10	1.18e-07	1.20e-05	3.95e-04	7.05e-03	3.24e-01	4.78e-01	1.90e-01
 1.50477e+22	1.24e-32	3.18e-27	1.75e-21	6.30e-17	3.61e-13	4.10e-10	1.45e-07	1.42e-05	4.49e-04	7.65e-03	3.36e-01	4.75e-01	1.81e-01
 1.52337e+22	1.68e-32	4.11e-27	2.24e-21	7.92e-17	4.44e-13	4.91e-10	1.70e-07	1.62e-05	4.97e-04	8.15e-03	3.46e-01	4.72e-01	1.73e-01
 1.53857e+22	2.14e-32	5.05e-27	2.72e-21	9.50e-17	5.24e-13	5.68e-10	1.93e-07	1.80e-05	5.38e-04	8.57e-03	3.54e-01	4.69e-01	1.68e-01
 1.55553e+22	2.79e-32	6.31e-27	3.37e-21	1.16e-16	6.28e-13	6.65e-10	2.21e-07	2.02e-05	5.88e-04	9.06e-03	3.62e-01	4.66e-01	1.62e-01
 1.57757e+22	3.89e-32	8.36e-27	4.41e-21	1.49e-16	7.89e-13	8.13e-10	2.63e-07	2.34e-05	6.57e-04	9.71e-03	3.73e-01	4.62e-01	1.54e-01
 1.60068e+22	5.50e-32	1.12e-26	5.83e-21	1.93e-16	1.00e-12	1.00e-09	3.16e-07	2.72e-05	7.37e-04	1.04e-02	3.85e-01	4.57e-01	1.47e-01
 1.62012e+22	7.30e-32	1.42e-26	7.32e-21	2.39e-16	1.22e-12	1.19e-09	3.66e-07	3.07e-05	8.10e-04	1.11e-02	3.94e-01	4.53e-01	1.41e-01
 1.64029e+22	9.67e-32	1.79e-26	9.20e-21	2.96e-16	1.48e-12	1.41e-09	4.25e-07	3.48e-05	8.91e-04	1.18e-02	4.04e-01	4.49e-01	1.35e-01
 1.66652e+22	1.38e-31	2.42e-26	1.23e-20	3.88e-16	1.89e-12	1.75e-09	5.13e-07	4.07e-05	1.00e-03	1.27e-02	4.16e-01	4.43e-01	1.27e-01
 1.69325e+22	1.97e-31	3.25e-26	1.63e-20	5.08e-16	2.43e-12	2.17e-09	6.20e-07	4.76e-05	1.13e-03	1.36e-02	4.29e-01	4.36e-01	1.20e-01
 1.71477e+22	2.59e-31	4.09e-26	2.05e-20	6.27e-16	2.95e-12	2.58e-09	7.18e-07	5.37e-05	1.24e-03	1.45e-02	4.38e-01	4.31e-01	1.15e-01
 1.73688e+22	3.40e-31	5.12e-26	2.55e-20	7.72e-16	3.56e-12	3.04e-09	8.30e-07	6.06e-05	1.36e-03	1.53e-02	4.48e-01	4.26e-01	1.10e-01
 1.76562e+22	4.78e-31	6.80e-26	3.37e-20	1.00e-15	4.53e-12	3.76e-09	9.97e-07	7.05e-05	1.53e-03	1.65e-02	4.60e-01	4.18e-01	1.03e-01
 1.79546e+22	6.76e-31	9.07e-26	4.46e-20	1.31e-15	5.79e-12	4.66e-09	1.20e-06	8.22e-05	1.72e-03	1.77e-02	4.73e-01	4.11e-01	9.69e-02
 1.82028e+22	8.93e-31	1.14e-25	5.60e-20	1.62e-15	7.06e-12	5.53e-09	1.39e-06	9.31e-05	1.89e-03	1.88e-02	4.83e-01	4.05e-01	9.20e-02
 1.84149e+22	1.13e-30	1.38e-25	6.77e-20	1.95e-15	8.34e-12	6.41e-09	1.58e-06	1.03e-04	2.05e-03	1.97e-02	4.91e-01	3.99e-01	8.80e-02
 1.86446e+22	1.43e-30	1.69e-25	8.21e-20	2.34e-15	9.86e-12	7.41e-09	1.79e-06	1.15e-04	2.22e-03	2.07e-02	5.00e-01	3.93e-01	8.41e-02
 1.89432e+22	1.93e-30	2.16e-25	1.05e-19	2.95e-15	1.22e-11	8.95e-09	2.11e-06	1.31e-04	2.46e-03	2.20e-02	5.10e-01	3.86e-01	7.93e-02
 1.92487e+22	2.61e-30	2.78e-25	1.35e-19	3.74e-15	1.52e-11	1.08e-08	2.49e-06	1.50e-04	2.73e-03	2.35e-02	5.21e-01	3.78e-01	7.45e-02
 1.94954e+22	3.32e-30	3.38e-25	1.64e-19	4.51e-15	1.81e-11	1.26e-08	2.84e-06	1.67e-04	2.97e-03	2.47e-02	5.30e-01	3.71e-01	7.09e-02
 1.97483e+22	4.18e-30	4.10e-25	1.98e-19	5.39e-15	2.13e-11	1.45e-08	3.21e-06	1.85e-04	3.20e-03	2.59e-02	5.38e-01	3.65e-01	6.76e-02
 2.00770e+22	5.61e-30	5.23e-25	2.52e-19	6.79e-15	2.63e-11	1.75e-08	3.76e-06	2.11e-04	3.54e-03	2.75e-02	5.48e-01	3.57e-01	6.35e-02
 2.04190e+22	7.57e-30	6.69e-25	3.22e-19	8.58e-15	3.27e-11	2.11e-08	4.43e-06	2.41e-04	3.92e-03	2.92e-02	5.58e-01	3.49e-01	5.94e-02
 2.07034e+22	9.64e-30	8.16e-25	3.94e-19	1.04e-14	3.90e-11	2.46e-08	5.06e-06	2.69e-04	4.26e-03	3.08e-02	5.67e-01	3.42e-01	5.62e-02
 2.09985e+22	1.22e-29	9.96e-25	4.79e-19	1.25e-14	4.62e-11	2.86e-08	5.75e-06	2.99e-04	4.61e-03	3.23e-02	5.74e-01	3.35e-01	5.33e-02
 2.13218e+22	1.59e-29	1.23e-24	5.93e-19	1.53e-14	5.58e-11	3.36e-08	6.61e-06	3.35e-04	5.03e-03	3.40e-02	5.83e-01	3.28e-01	5.02e-02
 2.16103e+22	1.98e-29	1.49e-24	7.14e-19	1.83e-14	6.56e-11	3.88e-08	7.47e-06	3.70e-04	5.42e-03	3.56e-02	5.90e-01	3.21e-01	4.76e-02
 2.18731e+22	2.42e-29	1.75e-24	8.41e-19	2.14e-14	7.58e-11	4.40e-08	8.32e-06	4.04e-04	5.79e-03	3.70e-02	5.96e-01	3.15e-01	4.55e-02
 2.21739e+22	3.02e-29	2.10e-24	1.01e-18	2.55e-14	8.89e-11	5.05e-08	9.37e-06	4.46e-04	6.24e-03	3.87e-02	6.03e-01	3.08e-01	4.31e-02
 2.25648e+22	3.98e-29	2.65e-24	1.27e-18	3.17e-14	1.09e-10	6.02e-08	1.09e-05	5.04e-04	6.84e-03	4.09e-02	6.11e-01	3.00e-01	4.03e-02
 2.29625e+22	5.27e-29	3.34e-24	1.60e-18	3.95e-14	1.33e-10	7.18e-08	1.27e-05	5.69e-04	7.50e-03	4.32e-02	6.19e-01	2.92e-01	3.76e-02
 2.32814e+22	6.55e-29	4.00e-24	1.92e-18	4.70e-14	1.56e-10	8.24e-08	1.42e-05	6.26e-04	8.06e-03	4.50e-02	6.25e-01	2.85e-01	3.56e-02
 2.36087e+22	8.12e-29	4.79e-24	2.29e-18	5.56e-14	1.82e-10	9.43e-08	1.60e-05	6.88e-04	8.64e-03	4.69e-02	6.31e-01	2.79e-01	3.37e-02
 2.40342e+22	1.06e-28	6.00e-24	2.87e-18	6.89e-14	2.22e-10	1.12e-07	1.85e-05	7.73e-04	9.43e-03	4.94e-02	6.38e-01	2.71e-01	3.14e-02
 2.44816e+22	1.41e-28	7.60e-24	3.63e-18	8.61e-14	2.72e-10	1.33e-07	2.15e-05	8.73e-04	1.03e-02	5.21e-02	6.45e-01	2.62e-01	2.92e-02
 2.48610e+22	1.78e-28	9.25e-24	4.41e-18	1.04e-13	3.22e-10	1.55e-07	2.43e-05	9.66e-04	1.11e-02	5.44e-02	6.50e-01	2.56e-01	2.75e-02
 2.51928e+22	2.17e-28	1.09e-23	5.20e-18	1.21e-13	3.71e-10	1.75e-07	2.70e-05	1.05e-03	1.18e-02	5.64e-02	6.55e-01	2.50e-01	2.61e-02
 2.55594e+22	2.69e-28	1.31e-23	6.20e-18	1.43e-13	4.33e-10	2.00e-07	3.02e-05	1.15e-03	1.27e-02	5.87e-02	6.59e-01	2.44e-01	2.46e-02
 2.60361e+22	3.51e-28	1.64e-23	7.76e-18	1.77e-13	5.25e-10	2.36e-07	3.48e-05	1.29e-03	1.38e-02	6.16e-02	6.65e-01	2.36e-01	2.29e-02
 2.65304e+22	4.63e-28	2.07e-23	9.78e-18	2.20e-13	6.41e-10	2.81e-07	4.02e-05	1.45e-03	1.50e-02	6.46e-02	6.70e-01	2.28e-01	2.13e-02
 2.69418e+22	5.79e-28	2.51e-23	1.18e-17	2.63e-13	7.53e-10	3.22e-07	4.53e-05	1.59e-03	1.61e-02	6.72e-02	6.73e-01	2.22e-01	2.00e-02
 2.73706e+22	7.26e-28	3.04e-23	1.42e-17	3.14e-13	8.85e-10	3.71e-07	5.09e-05	1.75e-03	1.72e-02	6.99e-02	6.77e-01	2.15e-01	1.88e-02
 2.79281e+22	9.64e-28	3.88e-23	1.81e-17	3.93e-13	1.09e-09	4.42e-07	5.90e-05	1.96e-03	1.88e-02	7.33e-02	6.81e-01	2.08e-01	1.74e-02
 2.85167e+22	1.30e-27	5.02e-23	2.32e-17	4.98e-13	1.34e-09	5.31e-07	6.88e-05	2.22e-03	2.05e-02	7.71e-02	6.85e-01	2.00e-01	1.60e-02
 2.90231e+22	1.66e-27	6.23e-23	2.87e-17	6.06e-13	1.61e-09	6.20e-07	7.83e-05	2.46e-03	2.21e-02	8.03e-02	6.87e-01	1.93e-01	1.49e-02
 2.95587e+22	2.14e-27	7.76e-23	3.55e-17	7.40e-13	1.92e-09	7.24e-07	8.92e-05	2.73e-03	2.38e-02	8.37e-02	6.89e-01	1.86e-01	1.38e-02
 3.01441e+22	2.81e-27	9.84e-23	4.47e-17	9.19e-13	2.34e-09	8.57e-07	1.03e-04	3.05e-03	2.58e-02	8.74e-02	6.91e-01	1.80e-01	1.28e-02
 3.06736e+22	3.57e-27	1.21e-22	5.48e-17	1.11e-12	2.78e-09	9.94e-07	1.16e-04	3.36e-03	2.76e-02	9.08e-02	6.93e-01	1.73e-01	1.19e-02
 3.12412e+22	4.58e-27	1.51e-22	6.77e-17	1.36e-12	3.32e-09	1.16e-06	1.32e-04	3.71e-03	2.97e-02	9.44e-02	6.94e-01	1.67e-01	1.11e-02
 3.19791e+22	6.26e-27	1.99e-22	8.84e-17	1.74e-12	4.16e-09	1.40e-06	1.55e-04	4.21e-03	3.24e-02	9.90e-02	6.94e-01	1.60e-01	1.01e-02
 3.27062e+22	8.47e-27	2.62e-22	1.15e-16	2.22e-12	5.18e-09	1.70e-06	1.81e-04	4.76e-03	3.54e-02	1.04e-01	6.94e-01	1.52e-01	9.19e-03
 3.32510e+22	1.05e-26	3.19e-22	1.39e-16	2.65e-12	6.07e-09	1.94e-06	2.03e-04	5.20e-03	3.77e-02	1.07e-01	6.94e-01	1.47e-01	8.59e-03
 3.37906e+22	1.30e-26	3.85e-22	1.67e-16	3.14e-12	7.08e-09	2.21e-06	2.26e-04	5.66e-03	4.00e-02	1.10e-01	6.93e-01	1.42e-01	8.04e-03
 3.44922e+22	1.70e-26	4.91e-22	2.10e-16	3.89e-12	8.58e-09	2.61e-06	2.59e-04	6.29e-03	4.31e-02	1.15e-01	6.92e-01	1.36e-01	7.39e-03
 3.52446e+22	2.23e-26	6.30e-22	2.68e-16	4.88e-12	1.05e-08	3.11e-06	3.00e-04	7.05e-03	4.66e-02	1.20e-01	6.90e-01	1.30e-01	6.74e-03
 3.58975e+22	2.81e-26	7.80e-22	3.28e-16	5.91e-12	1.25e-08	3.61e-06	3.38e-04	7.75e-03	4.98e-02	1.24e-01	6.87e-01	1.25e-01	6.23e-03
 3.65808e+22	3.54e-26	9.67e-22	4.04e-16	7.17e-12	1.49e-08	4.19e-06	3.83e-04	8.53e-03	5.33e-02	1.28e-01	6.85e-01	1.20e-01	5.75e-03
 3.74691e+22	4.76e-26	1.28e-21	5.26e-16	9.15e-12	1.85e-08	5.04e-06	4.46e-04	9.59e-03	5.77e-02	1.33e-01	6.80e-01	1.13e-01	5.21e-03
 3.83792e+22	6.31e-26	1.67e-21	6.82e-16	1.17e-11	2.31e-08	6.10e-06	5.22e-04	1.08e-02	6.28e-02	1.39e-01	6.75e-01	1.07e-01	4.68e-03
 3.91065e+22	7.85e-26	2.06e-21	8.35e-16	1.41e-11	2.74e-08	7.06e-06	5.89e-04	1.19e-02	6.70e-02	1.43e-01	6.71e-01	1.02e-01	4.30e-03
 3.98410e+22	9.70e-26	2.53e-21	1.02e-15	1.70e-11	3.24e-08	8.14e-06	6.62e-04	1.30e-02	7.13e-02	1.48e-01	6.66e-01	9.78e-02	3.96e-03
 4.07958e+22	1.26e-25	3.27e-21	1.30e-15	2.14e-11	3.99e-08	9.73e-06	7.66e-04	1.46e-02	7.69e-02	1.53e-01	6.59e-01	9.23e-02	3.57e-03
 4.17357e+22	1.62e-25	4.20e-21	1.66e-15	2.69e-11	4.90e-08	1.16e-05	8.85e-04	1.63e-02	8.30e-02	1.58e-01	6.51e-01	8.70e-02	3.21e-03
 4.24372e+22	1.93e-25	5.03e-21	1.97e-15	3.16e-11	5.67e-08	1.31e-05	9.81e-04	1.76e-02	8.75e-02	1.62e-01	6.45e-01	8.33e-02	2.97e-03
 4.31304e+22	2.28e-25	5.96e-21	2.32e-15	3.69e-11	6.53e-08	1.48e-05	1.08e-03	1.90e-02	9.20e-02	1.66e-01	6.39e-01	7.98e-02	2.75e-03
 4.40316e+22	2.80e-25	7.36e-21	2.84e-15	4.48e-11	7.79e-08	1.72e-05	1.23e-03	2.09e-02	9.81e-02	1.71e-01	6.31e-01	7.55e-02	2.50e-03
 4.49965e+22	3.46e-25	9.24e-21	3.54e-15	5.51e-11	9.38e-08	2.02e-05	1.40e-03	2.31e-02	1.05e-01	1.76e-01	6.21e-01	7.11e-02	2.25e-03
 4.58410e+22	4.11e-25	1.12e-20	4.25e-15	6.56e-11	1.10e-07	2.32e-05	1.56e-03	2.51e-02	1.11e-01	1.80e-01	6.13e-01	6.74e-02	2.05e-03
 4.67353e+22	4.90e-25	1.35e-20	5.11e-15	7.81e-11	1.29e-07	2.66e-05	1.74e-03	2.73e-02	1.17e-01	1.85e-01	6.03e-01	6.39e-02	1.87e-03
 4.78979e+22	6.06e-25	1.72e-20	6.43e-15	9.72e-11	1.57e-07	3.15e-05	2.01e-03	3.03e-02	1.26e-01	1.90e-01	5.91e-01	5.95e-02	1.66e-03
 4.90807e+22	7.44e-25	2.18e-20	8.10e-15	1.21e-10	1.93e-07	3.75e-05	2.31e-03	3.38e-02	1.35e-01	1.95e-01	5.77e-01	5.51e-02	1.46e-03
 5.00196e+22	8.60e-25	2.62e-20	9.67e-15	1.44e-10	2.25e-07	4.29e-05	2.57e-03	3.66e-02	1.42e-01	1.99e-01	5.66e-01	5.19e-02	1.32e-03
 5.09701e+22	9.93e-25	3.12e-20	1.14e-14	1.69e-10	2.61e-07	4.87e-05	2.85e-03	3.96e-02	1.49e-01	2.03e-01	5.55e-01	4.90e-02	1.20e-03
 5.22056e+22	1.18e-24	3.87e-20	1.41e-14	2.07e-10	3.15e-07	5.71e-05	3.25e-03	4.36e-02	1.59e-01	2.08e-01	5.40e-01	4.54e-02	1.06e-03
 5.35220e+22	1.40e-24	4.86e-20	1.75e-14	2.55e-10	3.83e-07	6.76e-05	3.72e-03	4.82e-02	1.69e-01	2.12e-01	5.24e-01	4.17e-02	9.21e-04
 5.46506e+22	1.58e-24	5.85e-20	2.09e-14	3.04e-10	4.50e-07	7.77e-05	4.16e-03	5.24e-02	1.78e-01	2.16e-01	5.10e-01	3.87e-02	8.17e-04
 5.58246e+22	1.80e-24	7.05e-20	2.49e-14	3.61e-10	5.27e-07	8.90e-05	4.64e-03	5.68e-02	1.87e-01	2.19e-01	4.95e-01	3.60e-02	7.28e-04
 5.73508e+22	2.10e-24	8.86e-20	3.09e-14	4.47e-10	6.43e-07	1.06e-04	5.32e-03	6.27e-02	1.99e-01	2.23e-01	4.77e-01	3.27e-02	6.25e-04
 5.89135e+22	2.44e-24	1.12e-19	3.85e-14	5.55e-10	7.86e-07	1.26e-04	6.10e-03	6.93e-02	2.11e-01	2.27e-01	4.57e-01	2.95e-02	5.32e-04
 6.01678e+22	2.68e-24	1.34e-19	4.56e-14	6.55e-10	9.19e-07	1.44e-04	6.79e-03	7.48e-02	2.21e-01	2.29e-01	4.40e-01	2.71e-02	4.67e-04
 6.12326e+22	2.92e-24	1.57e-19	5.25e-14	7.52e-10	1.04e-06	1.60e-04	7.39e-03	7.95e-02	2.29e-01	2.31e-01	4.28e-01	2.54e-02	4.21e-04
 6.24067e+22	3.20e-24	1.83e-19	6.06e-14	8.67e-10	1.19e-06	1.80e-04	8.09e-03	8.47e-02	2.37e-01	2.32e-01	4.13e-01	2.36e-02	3.75e-04
 6.39331e+22	3.58e-24	2.24e-19	7.27e-14	1.04e-09	1.41e-06	2.07e-04	9.04e-03	9.16e-02	2.48e-01	2.34e-01	3.95e-01	2.14e-02	3.24e-04
 6.55559e+22	4.00e-24	2.79e-19	8.83e-14	1.26e-09	1.69e-06	2.41e-04	1.02e-02	9.94e-02	2.60e-01	2.35e-01	3.76e-01	1.93e-02	2.76e-04
 6.69480e+22	4.39e-24	3.36e-19	1.04e-13	1.47e-09	1.96e-06	2.74e-04	1.12e-02	1.06e-01	2.69e-01	2.36e-01	3.60e-01	1.76e-02	2.40e-04
 6.81910e+22	4.76e-24	3.94e-19	1.20e-13	1.69e-09	2.22e-06	3.06e-04	1.22e-02	1.12e-01	2.77e-01	2.36e-01	3.46e-01	1.62e-02	2.13e-04
 6.95961e+22	5.21e-24	4.70e-19	1.39e-13	1.96e-09	2.55e-06	3.43e-04	1.33e-02	1.19e-01	2.85e-01	2.36e-01	3.31e-01	1.49e-02	1.87e-04
 7.14227e+22	5.86e-24	5.89e-19	1.69e-13	2.36e-09	3.03e-06	3.97e-04	1.48e-02	1.28e-01	2.96e-01	2.35e-01	3.13e-01	1.33e-02	1.58e-04
 7.33272e+22	6.64e-24	7.54e-19	2.08e-13	2.88e-09	3.63e-06	4.63e-04	1.66e-02	1.38e-01	3.06e-01	2.34e-01	2.93e-01	1.18e-02	1.32e-04
 7.48928e+22	7.36e-24	9.24e-19	2.47e-13	3.39e-09	4.21e-06	5.24e-04	1.82e-02	1.46e-01	3.14e-01	2.32e-01	2.78e-01	1.06e-02	1.14e-04
 7.64878e+22	8.17e-24	1.12e-18	2.90e-13	3.95e-09	4.83e-06	5.88e-04	1.98e-02	1.54e-01	3.22e-01	2.30e-01	2.64e-01	9.65e-03	9.94e-05
 7.85614e+22	9.40e-24	1.44e-18	3.57e-13	4.79e-09	5.74e-06	6.79e-04	2.20e-02	1.64e-01	3.30e-01	2.28e-01	2.47e-01	8.54e-03	8.32e-05
 8.07601e+22	1.10e-23	1.90e-18	4.50e-13	5.92e-09	6.93e-06	7.93e-04	2.46e-02	1.75e-01	3.39e-01	2.24e-01	2.29e-01	7.45e-03	6.85e-05
 8.26214e+22	1.26e-23	2.41e-18	5.46e-13	7.06e-09	8.09e-06	9.00e-04	2.69e-02	1.85e-01	3.45e-01	2.20e-01	2.15e-01	6.65e-03	5.82e-05
 8.45412e+22	1.44e-23	3.02e-18	6.58e-13	8.35e-09	9.37e-06	1.02e-03	2.93e-02	1.94e-01	3.51e-01	2.17e-01	2.01e-01	5.96e-03	4.99e-05
 8.70371e+22	1.73e-23	4.03e-18	8.33e-13	1.03e-08	1.13e-05	1.18e-03	3.26e-02	2.06e-01	3.57e-01	2.12e-01	1.86e-01	5.18e-03	4.10e-05
 8.96974e+22	2.12e-23	5.56e-18	1.08e-12	1.30e-08	1.38e-05	1.38e-03	3.64e-02	2.19e-01	3.63e-01	2.06e-01	1.69e-01	4.44e-03	3.30e-05
 9.19759e+22	2.54e-23	7.31e-18	1.36e-12	1.59e-08	1.63e-05	1.58e-03	3.99e-02	2.30e-01	3.67e-01	2.00e-01	1.57e-01	3.90e-03	2.75e-05
 9.43426e+22	3.03e-23	9.45e-18	1.68e-12	1.91e-08	1.90e-05	1.79e-03	4.35e-02	2.41e-01	3.71e-01	1.95e-01	1.45e-01	3.44e-03	2.32e-05
 9.68913e+22	3.71e-23	1.27e-17	2.13e-12	2.35e-08	2.26e-05	2.06e-03	4.78e-02	2.52e-01	3.73e-01	1.89e-01	1.33e-01	2.99e-03	1.90e-05
 9.90786e+22	4.41e-23	1.62e-17	2.60e-12	2.79e-08	2.61e-05	2.31e-03	5.16e-02	2.62e-01	3.75e-01	1.83e-01	1.24e-01	2.65e-03	1.62e-05
 1.01324e+23	5.20e-23	2.03e-17	3.14e-12	3.27e-08	2.98e-05	2.56e-03	5.53e-02	2.71e-01	3.76e-01	1.78e-01	1.15e-01	2.37e-03	1.39e-05
 1.04243e+23	6.41e-23	2.70e-17	3.96e-12	4.00e-08	3.52e-05	2.92e-03	6.03e-02	2.82e-01	3.76e-01	1.71e-01	1.05e-01	2.06e-03	1.15e-05
 1.07404e+23	8.16e-23	3.72e-17	5.16e-12	5.01e-08	4.24e-05	3.37e-03	6.63e-02	2.95e-01	3.75e-01	1.63e-01	9.50e-02	1.76e-03	9.27e-06
 1.10101e+23	1.00e-22	4.89e-17	6.46e-12	6.06e-08	4.95e-05	3.80e-03	7.17e-02	3.05e-01	3.74e-01	1.56e-01	8.69e-02	1.53e-03	7.70e-06
 1.12411e+23	1.18e-22	6.03e-17	7.69e-12	7.02e-08	5.58e-05	4.17e-03	7.62e-02	3.13e-01	3.73e-01	1.51e-01	8.10e-02	1.37e-03	6.67e-06
 1.14998e+23	1.40e-22	7.54e-17	9.25e-12	8.20e-08	6.33e-05	4.59e-03	8.12e-02	3.22e-01	3.71e-01	1.46e-01	7.50e-02	1.22e-03	5.72e-06
 1.18360e+23	1.74e-22	9.91e-17	1.16e-11	9.92e-08	7.39e-05	5.18e-03	8.77e-02	3.32e-01	3.67e-01	1.39e-01	6.81e-02	1.06e-03	4.73e-06
 1.22124e+23	2.23e-22	1.35e-16	1.50e-11	1.23e-07	8.80e-05	5.91e-03	9.54e-02	3.43e-01	3.63e-01	1.31e-01	6.10e-02	8.99e-04	3.80e-06
 1.25587e+23	2.80e-22	1.81e-16	1.90e-11	1.50e-07	1.03e-04	6.68e-03	1.03e-01	3.53e-01	3.58e-01	1.24e-01	5.49e-02	7.70e-04	3.10e-06
 1.28710e+23	3.36e-22	2.28e-16	2.31e-11	1.76e-07	1.18e-04	7.37e-03	1.10e-01	3.61e-01	3.53e-01	1.18e-01	5.03e-02	6.78e-04	2.63e-06
 1.32209e+23	4.08e-22	2.89e-16	2.81e-11	2.08e-07	1.34e-04	8.16e-03	1.17e-01	3.69e-01	3.48e-01	1.12e-01	4.59e-02	5.93e-04	2.21e-06
 1.36758e+23	5.11e-22	3.84e-16	3.56e-11	2.53e-07	1.57e-04	9.20e-03	1.26e-01	3.78e-01	3.41e-01	1.05e-01	4.09e-02	5.04e-04	1.79e-06
 1.41889e+23	6.71e-22	5.36e-16	4.69e-11	3.19e-07	1.89e-04	1.06e-02	1.37e-01	3.88e-01	3.32e-01	9.67e-02	3.58e-02	4.16e-04	1.39e-06
 1.46611e+23	8.59e-22	7.24e-16	6.02e-11	3.93e-07	2.23e-04	1.20e-02	1.47e-01	3.96e-01	3.23e-01	8.97e-02	3.16e-02	3.49e-04	1.11e-06
 1.50847e+23	1.04e-21	9.20e-16	7.35e-11	4.64e-07	2.55e-04	1.32e-02	1.56e-01	4.02e-01	3.16e-01	8.42e-02	2.85e-02	3.02e-04	9.24e-07
 1.55616e+23	1.26e-21	1.17e-15	8.95e-11	5.47e-07	2.91e-04	1.46e-02	1.65e-01	4.07e-01	3.08e-01	7.88e-02	2.56e-02	2.60e-04	7.65e-07
 1.61540e+23	1.56e-21	1.52e-15	1.12e-10	6.58e-07	3.38e-04	1.63e-02	1.76e-01	4.13e-01	2.98e-01	7.27e-02	2.26e-02	2.19e-04	6.17e-07
 1.68125e+23	2.00e-21	2.07e-15	1.44e-10	8.13e-07	4.00e-04	1.85e-02	1.90e-01	4.19e-01	2.87e-01	6.64e-02	1.96e-02	1.81e-04	4.82e-07
 1.74836e+23	2.51e-21	2.75e-15	1.83e-10	9.91e-07	4.69e-04	2.08e-02	2.02e-01	4.23e-01	2.75e-01	6.06e-02	1.71e-02	1.50e-04	3.81e-07
 1.81816e+23	3.08e-21	3.57e-15	2.27e-10	1.19e-06	5.42e-04	2.32e-02	2.15e-01	4.26e-01	2.64e-01	5.55e-02	1.50e-02	1.26e-04	3.06e-07
 1.89212e+23	3.76e-21	4.62e-15	2.81e-10	1.42e-06	6.26e-04	2.58e-02	2.28e-01	4.29e-01	2.53e-01	5.07e-02	1.32e-02	1.05e-04	2.45e-07
 1.96904e+23	4.53e-21	5.89e-15	3.44e-10	1.68e-06	7.17e-04	2.85e-02	2.40e-01	4.30e-01	2.43e-01	4.63e-02	1.16e-02	8.87e-05	1.98e-07
 2.04903e+23	5.35e-21	7.37e-15	4.15e-10	1.97e-06	8.15e-04	3.13e-02	2.52e-01	4.30e-01	2.32e-01	4.25e-02	1.02e-02	7.53e-05	1.62e-07
 2.13223e+23	6.17e-21	9.04e-15	4.92e-10	2.27e-06	9.16e-04	3.41e-02	2.64e-01	4.30e-01	2.23e-01	3.90e-02	9.11e-03	6.46e-05	1.34e-07
 2.21865e+23	7.02e-21	1.09e-14	5.78e-10	2.60e-06	1.02e-03	3.70e-02	2.75e-01	4.29e-01	2.14e-01	3.59e-02	8.14e-03	5.58e-05	0.00e+00
 2.30227e+23	8.15e-21	1.34e-14	6.82e-10	2.99e-06	1.14e-03	4.01e-02	2.86e-01	4.27e-01	2.04e-01	3.31e-02	7.27e-03	4.81e-05	0.00e+00
 2.37752e+23	9.02e-21	1.55e-14	7.75e-10	3.33e-06	1.25e-03	4.28e-02	2.96e-01	4.26e-01	1.97e-01	3.09e-02	6.63e-03	4.28e-05	0.00e+00
 2.44525e+23	9.83e-21	1.77e-14	8.63e-10	3.64e-06	1.35e-03	4.52e-02	3.03e-01	4.24e-01	1.91e-01	2.92e-02	6.14e-03	3.87e-05	0.00e+00
 2.50621e+23	1.05e-20	1.96e-14	9.42e-10	3.93e-06	1.43e-03	4.72e-02	3.10e-01	4.22e-01	1.86e-01	2.78e-02	5.75e-03	3.56e-05	0.00e+00
 2.56107e+23	1.10e-20	2.13e-14	1.01e-09	4.17e-06	1.50e-03	4.90e-02	3.15e-01	4.20e-01	1.82e-01	2.67e-02	5.45e-03	3.32e-05	0.00e+00
 2.61044e+23	1.15e-20	2.30e-14	1.07e-09	4.39e-06	1.57e-03	5.06e-02	3.20e-01	4.19e-01	1.78e-01	2.57e-02	5.19e-03	3.13e-05	0.00e+00
 2.65488e+23	1.19e-20	2.44e-14	1.13e-09	4.59e-06	1.63e-03	5.19e-02	3.24e-01	4.18e-01	1.75e-01	2.49e-02	4.99e-03	2.97e-05	0.00e+00
 2.69487e+23	1.22e-20	2.56e-14	1.18e-09	4.76e-06	1.68e-03	5.31e-02	3.27e-01	4.16e-01	1.72e-01	2.43e-02	4.82e-03	2.85e-05	0.00e+00
 2.73087e+23	1.24e-20	2.67e-14	1.22e-09	4.91e-06	1.72e-03	5.41e-02	3.30e-01	4.15e-01	1.70e-01	2.37e-02	4.68e-03	2.74e-05	0.00e+00
 2.76326e+23	1.26e-20	2.76e-14	1.26e-09	5.03e-06	1.76e-03	5.50e-02	3.33e-01	4.14e-01	1.68e-01	2.33e-02	4.57e-03	2.66e-05	0.00e+00
 2.79388e+23	1.25e-20	2.82e-14	1.28e-09	5.11e-06	1.79e-03	5.56e-02	3.34e-01	4.14e-01	1.67e-01	2.29e-02	4.49e-03	2.60e-05	0.00e+00
 2.82443e+23	1.25e-20	2.89e-14	1.30e-09	5.20e-06	1.82e-03	5.63e-02	3.36e-01	4.13e-01	1.66e-01	2.26e-02	4.40e-03	2.54e-05	0.00e+00
 2.85498e+23	1.25e-20	2.95e-14	1.33e-09	5.29e-06	1.84e-03	5.69e-02	3.38e-01	4.12e-01	1.64e-01	2.23e-02	4.32e-03	2.49e-05	0.00e+00
 2.88553e+23	1.25e-20	3.01e-14	1.35e-09	5.38e-06	1.87e-03	5.75e-02	3.40e-01	4.12e-01	1.63e-01	2.19e-02	4.25e-03	2.44e-05	0.00e+00
 2.91608e+23	1.25e-20	3.07e-14	1.37e-09	5.45e-06	1.89e-03	5.81e-02	3.41e-01	4.11e-01	1.62e-01	2.17e-02	4.18e-03	2.39e-05	0.00e+00
 2.94662e+23	1.23e-20	3.11e-14	1.39e-09	5.51e-06	1.91e-03	5.86e-02	3.43e-01	4.11e-01	1.61e-01	2.14e-02	4.12e-03	2.35e-05	0.00e+00
 2.97717e+23	1.22e-20	3.14e-14	1.40e-09	5.56e-06	1.93e-03	5.91e-02	3.44e-01	4.10e-01	1.60e-01	2.12e-02	4.07e-03	2.31e-05	0.00e+00
 3.00772e+23	1.20e-20	3.18e-14	1.42e-09	5.62e-06	1.95e-03	5.95e-02	3.45e-01	4.10e-01	1.59e-01	2.10e-02	4.02e-03	2.28e-05	0.00e+00
 3.03827e+23	1.18e-20	3.21e-14	1.43e-09	5.67e-06	1.97e-03	6.00e-02	3.47e-01	4.09e-01	1.58e-01	2.07e-02	3.97e-03	2.24e-05	0.00e+00
 3.05418e+23	1.30e-20	3.48e-14	1.53e-09	5.99e-06	2.05e-03	6.16e-02	3.50e-01	4.07e-01	1.55e-01	2.01e-02	3.82e-03	2.13e-05	0.00e+00
