#depth	Mg	Mg+	Mg+2	Mg+3	Mg+4	Mg+5	Mg+6	Mg+7	Mg+8	Mg+9	Mg+10	Mg+11	Mg+12
 6.17135e+19	0.00e+00	0.00e+00	0.00e+00	0.00e+00	0.00e+00	2.89e-28	3.56e-23	1.49e-18	3.25e-14	3.88e-10	8.70e-06	5.73e-03	9.94e-01
 1.87609e+20	0.00e+00	0.00e+00	0.00e+00	0.00e+00	0.00e+00	5.14e-28	5.83e-23	2.24e-18	4.50e-14	4.94e-10	1.02e-05	6.21e-03	9.94e-01
 3.18540e+20	0.00e+00	0.00e+00	0.00e+00	0.00e+00	0.00e+00	9.12e-28	9.51e-23	3.37e-18	6.21e-14	6.28e-10	1.20e-05	6.74e-03	9.93e-01
 4.54709e+20	0.00e+00	0.00e+00	0.00e+00	0.00e+00	0.00e+00	1.62e-27	1.56e-22	5.07e-18	8.59e-14	7.99e-10	1.41e-05	7.31e-03	9.93e-01
 5.74414e+20	0.00e+00	0.00e+00	0.00e+00	0.00e+00	0.00e+00	2.65e-27	2.37e-22	7.19e-18	1.13e-13	9.82e-10	1.62e-05	7.84e-03	9.92e-01
 6.66527e+20	0.00e+00	0.00e+00	0.00e+00	0.00e+00	0.00e+00	3.83e-27	3.25e-22	9.33e-18	1.39e-13	1.14e-09	1.80e-05	8.25e-03	9.92e-01
 7.48597e+20	0.00e+00	0.00e+00	0.00e+00	0.00e+00	0.00e+00	5.28e-27	4.27e-22	1.17e-17	1.67e-13	1.31e-09	1.97e-05	8.64e-03	9.91e-01
 8.41158e+20	0.00e+00	0.00e+00	0.00e+00	0.00e+00	0.00e+00	7.53e-27	5.79e-22	1.51e-17	2.04e-13	1.52e-09	2.18e-05	9.08e-03	9.91e-01
 9.61488e+20	0.00e+00	0.00e+00	0.00e+00	0.00e+00	0.00e+00	1.18e-26	8.51e-22	2.08e-17	2.63e-13	1.83e-09	2.47e-05	9.68e-03	9.90e-01
 1.08323e+21	0.00e+00	0.00e+00	0.00e+00	0.00e+00	0.00e+00	1.86e-26	1.25e-21	2.86e-17	3.38e-13	2.21e-09	2.80e-05	1.03e-02	9.90e-01
 1.18014e+21	0.00e+00	0.00e+00	0.00e+00	0.00e+00	0.00e+00	2.63e-26	1.68e-21	3.65e-17	4.11e-13	2.55e-09	3.09e-05	1.08e-02	9.89e-01
 1.27944e+21	0.00e+00	0.00e+00	0.00e+00	0.00e+00	0.00e+00	3.73e-26	2.27e-21	4.67e-17	4.99e-13	2.95e-09	3.41e-05	1.14e-02	9.89e-01
 1.40853e+21	0.00e+00	0.00e+00	0.00e+00	0.00e+00	0.00e+00	5.83e-26	3.32e-21	6.41e-17	6.41e-13	3.54e-09	3.86e-05	1.21e-02	9.88e-01
 1.53988e+21	0.00e+00	0.00e+00	0.00e+00	0.00e+00	0.00e+00	9.08e-26	4.85e-21	8.77e-17	8.21e-13	4.25e-09	4.37e-05	1.29e-02	9.87e-01
 1.64606e+21	0.00e+00	0.00e+00	0.00e+00	0.00e+00	0.00e+00	1.30e-25	6.59e-21	1.13e-16	1.00e-12	4.93e-09	4.83e-05	1.35e-02	9.86e-01
 1.74146e+21	0.00e+00	0.00e+00	0.00e+00	0.00e+00	0.00e+00	1.78e-25	8.62e-21	1.41e-16	1.19e-12	5.61e-09	5.27e-05	1.41e-02	9.86e-01
 1.85095e+21	0.00e+00	0.00e+00	0.00e+00	0.00e+00	0.00e+00	2.52e-25	1.16e-20	1.80e-16	1.45e-12	6.47e-09	5.80e-05	1.48e-02	9.85e-01
 1.96708e+21	0.00e+00	0.00e+00	0.00e+00	0.00e+00	0.00e+00	3.65e-25	1.59e-20	2.34e-16	1.78e-12	7.53e-09	6.43e-05	1.56e-02	9.84e-01
 2.06534e+21	0.00e+00	0.00e+00	0.00e+00	0.00e+00	0.00e+00	4.96e-25	2.06e-20	2.90e-16	2.11e-12	8.54e-09	7.00e-05	1.63e-02	9.84e-01
 2.16655e+21	0.00e+00	0.00e+00	0.00e+00	0.00e+00	0.00e+00	6.76e-25	2.69e-20	3.62e-16	2.51e-12	9.70e-09	7.63e-05	1.70e-02	9.83e-01
 2.29814e+21	0.00e+00	0.00e+00	0.00e+00	0.00e+00	0.00e+00	1.01e-24	3.77e-20	4.78e-16	3.13e-12	1.14e-08	8.52e-05	1.80e-02	9.82e-01
 2.43017e+21	0.00e+00	0.00e+00	0.00e+00	0.00e+00	1.02e-29	1.50e-24	5.28e-20	6.33e-16	3.90e-12	1.34e-08	9.50e-05	1.90e-02	9.81e-01
 2.53115e+21	0.00e+00	0.00e+00	0.00e+00	0.00e+00	1.44e-29	2.01e-24	6.81e-20	7.80e-16	4.59e-12	1.51e-08	1.03e-04	1.98e-02	9.80e-01
 2.63080e+21	0.00e+00	0.00e+00	0.00e+00	0.00e+00	2.00e-29	2.68e-24	8.69e-20	9.55e-16	5.38e-12	1.70e-08	1.12e-04	2.06e-02	9.79e-01
 2.76034e+21	0.00e+00	0.00e+00	0.00e+00	0.00e+00	3.06e-29	3.88e-24	1.19e-19	1.24e-15	6.61e-12	1.98e-08	1.24e-04	2.17e-02	9.78e-01
 2.89467e+21	0.00e+00	0.00e+00	0.00e+00	0.00e+00	4.75e-29	5.68e-24	1.65e-19	1.62e-15	8.17e-12	2.31e-08	1.37e-04	2.28e-02	9.77e-01
 3.00342e+21	0.00e+00	0.00e+00	0.00e+00	0.00e+00	6.72e-29	7.69e-24	2.13e-19	2.01e-15	9.65e-12	2.61e-08	1.49e-04	2.38e-02	9.76e-01
 3.09281e+21	0.00e+00	0.00e+00	0.00e+00	0.00e+00	8.99e-29	9.91e-24	2.65e-19	2.40e-15	1.11e-11	2.90e-08	1.60e-04	2.46e-02	9.75e-01
 3.18883e+21	0.00e+00	0.00e+00	0.00e+00	0.00e+00	1.21e-28	1.28e-23	3.29e-19	2.87e-15	1.28e-11	3.21e-08	1.71e-04	2.55e-02	9.74e-01
 3.31367e+21	0.00e+00	0.00e+00	0.00e+00	0.00e+00	1.77e-28	1.79e-23	4.38e-19	3.64e-15	1.54e-11	3.68e-08	1.88e-04	2.67e-02	9.73e-01
 3.44074e+21	0.00e+00	0.00e+00	0.00e+00	0.00e+00	2.62e-28	2.51e-23	5.86e-19	4.63e-15	1.86e-11	4.23e-08	2.06e-04	2.79e-02	9.72e-01
 3.54228e+21	0.00e+00	0.00e+00	0.00e+00	0.00e+00	3.56e-28	3.28e-23	7.35e-19	5.58e-15	2.15e-11	4.72e-08	2.22e-04	2.90e-02	9.71e-01
 3.64586e+21	0.00e+00	0.00e+00	0.00e+00	0.00e+00	4.86e-28	4.29e-23	9.25e-19	6.75e-15	2.50e-11	5.26e-08	2.39e-04	3.00e-02	9.70e-01
 3.78052e+21	0.00e+00	0.00e+00	0.00e+00	0.00e+00	7.23e-28	6.07e-23	1.24e-18	8.62e-15	3.03e-11	6.05e-08	2.62e-04	3.15e-02	9.68e-01
 3.91504e+21	0.00e+00	0.00e+00	0.00e+00	0.00e+00	1.08e-27	8.57e-23	1.67e-18	1.10e-14	3.67e-11	6.97e-08	2.88e-04	3.30e-02	9.67e-01
 4.01885e+21	0.00e+00	0.00e+00	0.00e+00	0.00e+00	1.45e-27	1.11e-22	2.09e-18	1.32e-14	4.24e-11	7.75e-08	3.09e-04	3.41e-02	9.66e-01
 4.12326e+21	0.00e+00	0.00e+00	0.00e+00	0.00e+00	1.96e-27	1.44e-22	2.60e-18	1.59e-14	4.89e-11	8.61e-08	3.32e-04	3.53e-02	9.64e-01
 4.23804e+21	0.00e+00	0.00e+00	0.00e+00	0.00e+00	2.71e-27	1.92e-22	3.31e-18	1.94e-14	5.72e-11	9.66e-08	3.58e-04	3.67e-02	9.63e-01
 4.34180e+21	0.00e+00	0.00e+00	0.00e+00	0.00e+00	3.64e-27	2.47e-22	4.12e-18	2.32e-14	6.59e-11	1.07e-07	3.84e-04	3.80e-02	9.62e-01
 4.43679e+21	0.00e+00	0.00e+00	0.00e+00	0.00e+00	4.73e-27	3.10e-22	5.00e-18	2.73e-14	7.48e-11	1.18e-07	4.09e-04	3.91e-02	9.60e-01
 4.54491e+21	0.00e+00	0.00e+00	0.00e+00	0.00e+00	6.38e-27	4.03e-22	6.24e-18	3.28e-14	8.63e-11	1.31e-07	4.38e-04	4.05e-02	9.59e-01
 4.66618e+21	0.00e+00	0.00e+00	0.00e+00	0.00e+00	8.89e-27	5.38e-22	7.99e-18	4.02e-14	1.01e-10	1.47e-07	4.74e-04	4.21e-02	9.57e-01
 4.77970e+21	0.00e+00	0.00e+00	0.00e+00	0.00e+00	1.21e-26	7.03e-22	1.00e-17	4.86e-14	1.18e-10	1.64e-07	5.10e-04	4.36e-02	9.56e-01
 4.88163e+21	0.00e+00	0.00e+00	0.00e+00	0.00e+00	1.59e-26	8.93e-22	1.23e-17	5.76e-14	1.34e-10	1.81e-07	5.44e-04	4.50e-02	9.54e-01
 4.99336e+21	0.00e+00	0.00e+00	0.00e+00	0.00e+00	2.14e-26	1.15e-21	1.53e-17	6.90e-14	1.55e-10	2.00e-07	5.82e-04	4.65e-02	9.53e-01
 5.11840e+21	0.00e+00	0.00e+00	0.00e+00	0.00e+00	2.97e-26	1.53e-21	1.96e-17	8.45e-14	1.81e-10	2.25e-07	6.29e-04	4.83e-02	9.51e-01
 5.23422e+21	0.00e+00	0.00e+00	0.00e+00	0.00e+00	4.02e-26	2.00e-21	2.45e-17	1.02e-13	2.10e-10	2.51e-07	6.75e-04	5.00e-02	9.49e-01
 5.34055e+21	0.00e+00	0.00e+00	0.00e+00	0.00e+00	5.28e-26	2.53e-21	3.00e-17	1.20e-13	2.39e-10	2.76e-07	7.20e-04	5.16e-02	9.48e-01
 5.46105e+21	0.00e+00	0.00e+00	0.00e+00	0.00e+00	7.16e-26	3.30e-21	3.77e-17	1.45e-13	2.77e-10	3.08e-07	7.74e-04	5.34e-02	9.46e-01
 5.59072e+21	0.00e+00	0.00e+00	0.00e+00	0.00e+00	9.96e-26	4.39e-21	4.81e-17	1.78e-13	3.25e-10	3.46e-07	8.35e-04	5.55e-02	9.44e-01
 5.70442e+21	0.00e+00	0.00e+00	0.00e+00	0.00e+00	1.32e-25	5.63e-21	5.95e-17	2.13e-13	3.73e-10	3.83e-07	8.93e-04	5.73e-02	9.42e-01
 5.82434e+21	0.00e+00	0.00e+00	0.00e+00	0.00e+00	1.78e-25	7.26e-21	7.40e-17	2.55e-13	4.30e-10	4.25e-07	9.57e-04	5.92e-02	9.40e-01
 5.95895e+21	0.00e+00	0.00e+00	0.00e+00	0.00e+00	2.47e-25	9.68e-21	9.46e-17	3.12e-13	5.05e-10	4.78e-07	1.03e-03	6.15e-02	9.38e-01
 6.08434e+21	0.00e+00	0.00e+00	0.00e+00	0.00e+00	3.35e-25	1.26e-20	1.19e-16	3.77e-13	5.85e-10	5.33e-07	1.11e-03	6.36e-02	9.35e-01
 6.19986e+21	0.00e+00	0.00e+00	0.00e+00	0.00e+00	4.41e-25	1.60e-20	1.46e-16	4.47e-13	6.68e-10	5.88e-07	1.18e-03	6.56e-02	9.33e-01
 6.33087e+21	0.00e+00	0.00e+00	0.00e+00	0.00e+00	5.99e-25	2.09e-20	1.83e-16	5.41e-13	7.76e-10	6.56e-07	1.27e-03	6.79e-02	9.31e-01
 6.47214e+21	0.00e+00	0.00e+00	0.00e+00	0.00e+00	8.35e-25	2.79e-20	2.35e-16	6.64e-13	9.11e-10	7.38e-07	1.37e-03	7.04e-02	9.28e-01
 6.59608e+21	0.00e+00	0.00e+00	0.00e+00	0.00e+00	1.11e-24	3.59e-20	2.91e-16	7.94e-13	1.05e-09	8.18e-07	1.47e-03	7.27e-02	9.26e-01
 6.72651e+21	0.00e+00	0.00e+00	0.00e+00	0.00e+00	1.49e-24	4.63e-20	3.62e-16	9.52e-13	1.21e-09	9.08e-07	1.57e-03	7.52e-02	9.23e-01
 6.87295e+21	0.00e+00	0.00e+00	0.00e+00	1.34e-29	2.08e-24	6.18e-20	4.63e-16	1.17e-12	1.42e-09	1.02e-06	1.70e-03	7.80e-02	9.20e-01
 7.00933e+21	0.00e+00	0.00e+00	0.00e+00	1.90e-29	2.81e-24	8.04e-20	5.81e-16	1.41e-12	1.64e-09	1.14e-06	1.82e-03	8.06e-02	9.18e-01
 7.13494e+21	0.00e+00	0.00e+00	0.00e+00	2.59e-29	3.70e-24	1.02e-19	7.13e-16	1.67e-12	1.88e-09	1.26e-06	1.94e-03	8.31e-02	9.15e-01
 7.27747e+21	0.00e+00	0.00e+00	0.00e+00	3.66e-29	5.02e-24	1.33e-19	8.95e-16	2.02e-12	2.18e-09	1.40e-06	2.09e-03	8.60e-02	9.12e-01
 7.43293e+21	0.00e+00	0.00e+00	0.00e+00	5.33e-29	7.00e-24	1.78e-19	1.15e-15	2.49e-12	2.57e-09	1.58e-06	2.25e-03	8.92e-02	9.09e-01
 7.57218e+21	0.00e+00	0.00e+00	0.00e+00	7.48e-29	9.44e-24	2.31e-19	1.44e-15	3.00e-12	2.97e-09	1.76e-06	2.42e-03	9.21e-02	9.05e-01
 7.70020e+21	0.00e+00	0.00e+00	0.00e+00	1.00e-28	1.22e-23	2.89e-19	1.74e-15	3.52e-12	3.37e-09	1.93e-06	2.57e-03	9.48e-02	9.03e-01
 7.84666e+21	0.00e+00	0.00e+00	0.00e+00	1.40e-28	1.64e-23	3.74e-19	2.17e-15	4.23e-12	3.89e-09	2.14e-06	2.75e-03	9.79e-02	8.99e-01
 8.00958e+21	0.00e+00	0.00e+00	0.00e+00	2.03e-28	2.28e-23	4.98e-19	2.78e-15	5.20e-12	4.57e-09	2.41e-06	2.97e-03	1.01e-01	8.96e-01
 8.15941e+21	0.00e+00	0.00e+00	0.00e+00	2.85e-28	3.07e-23	6.44e-19	3.47e-15	6.25e-12	5.28e-09	2.68e-06	3.18e-03	1.05e-01	8.92e-01
 8.29784e+21	0.00e+00	0.00e+00	0.00e+00	3.85e-28	4.01e-23	8.14e-19	4.24e-15	7.39e-12	6.02e-09	2.95e-06	3.38e-03	1.08e-01	8.89e-01
 8.45591e+21	0.00e+00	0.00e+00	0.00e+00	5.41e-28	5.40e-23	1.06e-18	5.30e-15	8.91e-12	6.96e-09	3.29e-06	3.62e-03	1.11e-01	8.85e-01
 8.63105e+21	0.00e+00	0.00e+00	0.00e+00	7.87e-28	7.52e-23	1.41e-18	6.79e-15	1.10e-11	8.19e-09	3.71e-06	3.91e-03	1.15e-01	8.81e-01
 8.78844e+21	0.00e+00	0.00e+00	0.00e+00	1.10e-27	1.01e-22	1.82e-18	8.49e-15	1.32e-11	9.47e-09	4.12e-06	4.19e-03	1.19e-01	8.77e-01
 8.92810e+21	0.00e+00	0.00e+00	0.00e+00	1.46e-27	1.30e-22	2.27e-18	1.02e-14	1.54e-11	1.07e-08	4.51e-06	4.44e-03	1.22e-01	8.73e-01
 9.08464e+21	0.00e+00	0.00e+00	0.00e+00	1.99e-27	1.71e-22	2.88e-18	1.26e-14	1.83e-11	1.22e-08	4.98e-06	4.73e-03	1.26e-01	8.69e-01
 9.28815e+21	0.00e+00	0.00e+00	0.00e+00	2.97e-27	2.43e-22	3.92e-18	1.64e-14	2.28e-11	1.46e-08	5.65e-06	5.14e-03	1.31e-01	8.64e-01
 9.49635e+21	0.00e+00	0.00e+00	0.00e+00	4.48e-27	3.49e-22	5.37e-18	2.15e-14	2.86e-11	1.74e-08	6.44e-06	5.58e-03	1.36e-01	8.58e-01
 9.66419e+21	0.00e+00	0.00e+00	0.00e+00	6.16e-27	4.62e-22	6.86e-18	2.65e-14	3.42e-11	2.00e-08	7.13e-06	5.96e-03	1.40e-01	8.54e-01
 9.83590e+21	0.00e+00	0.00e+00	0.00e+00	8.44e-27	6.10e-22	8.74e-18	3.27e-14	4.07e-11	2.29e-08	7.88e-06	6.35e-03	1.44e-01	8.49e-01
 1.00591e+22	0.00e+00	0.00e+00	0.00e+00	1.26e-26	8.72e-22	1.19e-17	4.28e-14	5.09e-11	2.73e-08	8.96e-06	6.90e-03	1.50e-01	8.43e-01
 1.02857e+22	0.00e+00	0.00e+00	0.00e+00	1.90e-26	1.25e-21	1.64e-17	5.62e-14	6.39e-11	3.26e-08	1.02e-05	7.50e-03	1.55e-01	8.37e-01
 1.04618e+22	0.00e+00	0.00e+00	0.00e+00	2.59e-26	1.64e-21	2.08e-17	6.89e-14	7.58e-11	3.73e-08	1.13e-05	7.98e-03	1.60e-01	8.32e-01
 1.06357e+22	0.00e+00	0.00e+00	0.00e+00	3.47e-26	2.13e-21	2.60e-17	8.36e-14	8.91e-11	4.23e-08	1.24e-05	8.47e-03	1.64e-01	8.27e-01
 1.08618e+22	0.00e+00	0.00e+00	0.00e+00	5.06e-26	2.97e-21	3.48e-17	1.07e-13	1.10e-10	4.98e-08	1.39e-05	9.14e-03	1.70e-01	8.21e-01
 1.10994e+22	0.00e+00	0.00e+00	0.00e+00	7.52e-26	4.21e-21	4.72e-17	1.40e-13	1.37e-10	5.92e-08	1.58e-05	9.90e-03	1.76e-01	8.14e-01
 1.13002e+22	0.00e+00	0.00e+00	0.00e+00	1.04e-25	5.60e-21	6.05e-17	1.73e-13	1.64e-10	6.81e-08	1.75e-05	1.06e-02	1.81e-01	8.08e-01
 1.15095e+22	0.00e+00	0.00e+00	0.00e+00	1.44e-25	7.46e-21	7.77e-17	2.15e-13	1.96e-10	7.84e-08	1.94e-05	1.13e-02	1.86e-01	8.02e-01
 1.17816e+22	0.00e+00	0.00e+00	0.00e+00	2.18e-25	1.08e-20	1.07e-16	2.83e-13	2.47e-10	9.40e-08	2.21e-05	1.23e-02	1.93e-01	7.94e-01
 1.20571e+22	0.00e+00	0.00e+00	0.00e+00	3.32e-25	1.56e-20	1.48e-16	3.75e-13	3.12e-10	1.13e-07	2.53e-05	1.33e-02	2.01e-01	7.86e-01
 1.22658e+22	0.00e+00	0.00e+00	0.00e+00	4.52e-25	2.06e-20	1.88e-16	4.61e-13	3.70e-10	1.29e-07	2.79e-05	1.42e-02	2.06e-01	7.80e-01
 1.24658e+22	0.00e+00	0.00e+00	0.00e+00	6.01e-25	2.64e-20	2.34e-16	5.57e-13	4.34e-10	1.46e-07	3.05e-05	1.50e-02	2.11e-01	7.74e-01
 1.27258e+22	0.00e+00	0.00e+00	0.00e+00	8.65e-25	3.65e-20	3.11e-16	7.09e-13	5.31e-10	1.71e-07	3.42e-05	1.62e-02	2.18e-01	7.66e-01
 1.30016e+22	0.00e+00	0.00e+00	0.00e+00	1.27e-24	5.14e-20	4.19e-16	9.18e-13	6.58e-10	2.02e-07	3.87e-05	1.75e-02	2.25e-01	7.58e-01
 1.32373e+22	0.00e+00	0.00e+00	0.00e+00	1.76e-24	6.82e-20	5.36e-16	1.14e-12	7.87e-10	2.33e-07	4.28e-05	1.86e-02	2.31e-01	7.50e-01
 1.34833e+22	0.00e+00	0.00e+00	1.06e-29	2.42e-24	9.07e-20	6.88e-16	1.41e-12	9.41e-10	2.68e-07	4.74e-05	1.98e-02	2.37e-01	7.43e-01
 1.38030e+22	0.00e+00	0.00e+00	1.68e-29	3.66e-24	1.31e-19	9.46e-16	1.85e-12	1.18e-09	3.20e-07	5.39e-05	2.15e-02	2.45e-01	7.33e-01
 1.41274e+22	0.00e+00	0.00e+00	2.69e-29	5.58e-24	1.89e-19	1.31e-15	2.45e-12	1.49e-09	3.84e-07	6.15e-05	2.33e-02	2.54e-01	7.23e-01
 1.43851e+22	0.00e+00	0.00e+00	3.85e-29	7.69e-24	2.52e-19	1.68e-15	3.04e-12	1.79e-09	4.42e-07	6.81e-05	2.48e-02	2.60e-01	7.15e-01
 1.46094e+22	0.00e+00	0.00e+00	5.23e-29	1.01e-23	3.21e-19	2.07e-15	3.64e-12	2.08e-09	4.97e-07	7.41e-05	2.62e-02	2.66e-01	7.08e-01
 1.48632e+22	0.00e+00	0.00e+00	7.33e-29	1.37e-23	4.19e-19	2.62e-15	4.45e-12	2.46e-09	5.67e-07	8.15e-05	2.78e-02	2.72e-01	7.00e-01
 1.51931e+22	0.00e+00	0.00e+00	1.13e-28	2.01e-23	5.89e-19	3.52e-15	5.76e-12	3.05e-09	6.70e-07	9.19e-05	2.99e-02	2.81e-01	6.89e-01
 1.55327e+22	0.00e+00	0.00e+00	1.76e-28	3.00e-23	8.38e-19	4.79e-15	7.51e-12	3.80e-09	7.96e-07	1.04e-04	3.23e-02	2.89e-01	6.79e-01
 1.58091e+22	0.00e+00	0.00e+00	2.50e-28	4.10e-23	1.11e-18	6.11e-15	9.26e-12	4.52e-09	9.11e-07	1.15e-04	3.43e-02	2.96e-01	6.70e-01
 1.60929e+22	0.00e+00	0.00e+00	3.53e-28	5.60e-23	1.46e-18	7.76e-15	1.14e-11	5.37e-09	1.04e-06	1.26e-04	3.64e-02	3.03e-01	6.61e-01
 1.64618e+22	0.00e+00	0.00e+00	5.51e-28	8.33e-23	2.07e-18	1.05e-14	1.48e-11	6.70e-09	1.24e-06	1.43e-04	3.92e-02	3.11e-01	6.49e-01
 1.68442e+22	0.00e+00	0.00e+00	8.75e-28	1.26e-22	2.98e-18	1.45e-14	1.95e-11	8.43e-09	1.48e-06	1.62e-04	4.24e-02	3.20e-01	6.37e-01
 1.71563e+22	0.00e+00	0.00e+00	1.26e-27	1.75e-22	3.99e-18	1.87e-14	2.43e-11	1.01e-08	1.70e-06	1.79e-04	4.50e-02	3.28e-01	6.27e-01
 1.74738e+22	0.00e+00	0.00e+00	1.79e-27	2.39e-22	5.26e-18	2.38e-14	2.99e-11	1.20e-08	1.95e-06	1.97e-04	4.77e-02	3.35e-01	6.17e-01
 1.78318e+22	0.00e+00	0.00e+00	2.70e-27	3.46e-22	7.29e-18	3.17e-14	3.83e-11	1.47e-08	2.28e-06	2.21e-04	5.11e-02	3.43e-01	6.06e-01
 1.81592e+22	0.00e+00	0.00e+00	3.89e-27	4.80e-22	9.74e-18	4.07e-14	4.76e-11	1.77e-08	2.63e-06	2.44e-04	5.43e-02	3.50e-01	5.95e-01
 1.84523e+22	0.00e+00	0.00e+00	5.34e-27	6.38e-22	1.25e-17	5.07e-14	5.75e-11	2.07e-08	2.97e-06	2.66e-04	5.71e-02	3.57e-01	5.86e-01
 1.87845e+22	0.00e+00	0.00e+00	7.51e-27	8.65e-22	1.64e-17	6.42e-14	7.04e-11	2.45e-08	3.38e-06	2.92e-04	6.04e-02	3.63e-01	5.76e-01
 1.92162e+22	0.00e+00	0.00e+00	1.19e-26	1.30e-21	2.36e-17	8.81e-14	9.25e-11	3.07e-08	4.03e-06	3.30e-04	6.50e-02	3.72e-01	5.62e-01
 1.96529e+22	0.00e+00	0.00e+00	1.87e-26	1.96e-21	3.38e-17	1.21e-13	1.22e-10	3.86e-08	4.81e-06	3.74e-04	6.99e-02	3.81e-01	5.48e-01
 1.99987e+22	0.00e+00	0.00e+00	2.66e-26	2.68e-21	4.47e-17	1.54e-13	1.50e-10	4.59e-08	5.50e-06	4.11e-04	7.39e-02	3.88e-01	5.38e-01
 2.03511e+22	0.00e+00	0.00e+00	3.75e-26	3.65e-21	5.86e-17	1.95e-13	1.84e-10	5.43e-08	6.27e-06	4.50e-04	7.80e-02	3.95e-01	5.27e-01
 2.08091e+22	0.00e+00	0.00e+00	5.82e-26	5.42e-21	8.32e-17	2.65e-13	2.39e-10	6.76e-08	7.42e-06	5.07e-04	8.36e-02	4.03e-01	5.13e-01
 2.12546e+22	0.00e+00	0.00e+00	9.01e-26	8.02e-21	1.18e-16	3.58e-13	3.10e-10	8.40e-08	8.78e-06	5.70e-04	8.94e-02	4.11e-01	4.99e-01
 2.15696e+22	0.00e+00	0.00e+00	1.21e-25	1.05e-20	1.49e-16	4.40e-13	3.71e-10	9.74e-08	9.83e-06	6.16e-04	9.36e-02	4.16e-01	4.90e-01
 2.18649e+22	0.00e+00	0.00e+00	1.59e-25	1.33e-20	1.85e-16	5.30e-13	4.36e-10	1.11e-07	1.09e-05	6.62e-04	9.75e-02	4.21e-01	4.81e-01
 2.22487e+22	0.00e+00	0.00e+00	2.25e-25	1.82e-20	2.43e-16	6.74e-13	5.36e-10	1.32e-07	1.24e-05	7.26e-04	1.03e-01	4.27e-01	4.70e-01
 2.26767e+22	0.00e+00	0.00e+00	3.31e-25	2.58e-20	3.31e-16	8.82e-13	6.76e-10	1.60e-07	1.44e-05	8.04e-04	1.09e-01	4.33e-01	4.57e-01
 2.30329e+22	0.00e+00	0.00e+00	4.56e-25	3.44e-20	4.27e-16	1.10e-12	8.20e-10	1.88e-07	1.63e-05	8.75e-04	1.14e-01	4.39e-01	4.46e-01
 2.33016e+22	0.00e+00	0.00e+00	5.77e-25	4.25e-20	5.14e-16	1.30e-12	9.43e-10	2.11e-07	1.78e-05	9.30e-04	1.18e-01	4.42e-01	4.39e-01
 2.35857e+22	0.00e+00	0.00e+00	7.39e-25	5.30e-20	6.26e-16	1.54e-12	1.09e-09	2.39e-07	1.96e-05	9.92e-04	1.23e-01	4.46e-01	4.30e-01
 2.39549e+22	0.00e+00	0.00e+00	1.01e-24	7.00e-20	8.01e-16	1.91e-12	1.32e-09	2.79e-07	2.20e-05	1.08e-03	1.28e-01	4.51e-01	4.20e-01
 2.43275e+22	0.00e+00	0.00e+00	1.39e-24	9.34e-20	1.03e-15	2.38e-12	1.60e-09	3.27e-07	2.49e-05	1.17e-03	1.34e-01	4.55e-01	4.09e-01
 2.46098e+22	0.00e+00	0.00e+00	1.76e-24	1.16e-19	1.25e-15	2.81e-12	1.84e-09	3.69e-07	2.73e-05	1.24e-03	1.39e-01	4.58e-01	4.01e-01
 2.48819e+22	0.00e+00	0.00e+00	2.20e-24	1.41e-19	1.49e-15	3.28e-12	2.11e-09	4.12e-07	2.97e-05	1.32e-03	1.43e-01	4.61e-01	3.94e-01
 2.52357e+22	0.00e+00	0.00e+00	2.92e-24	1.82e-19	1.87e-15	4.00e-12	2.50e-09	4.75e-07	3.31e-05	1.42e-03	1.49e-01	4.65e-01	3.84e-01
 2.56107e+22	0.00e+00	0.00e+00	3.98e-24	2.41e-19	2.40e-15	4.96e-12	3.01e-09	5.54e-07	3.73e-05	1.54e-03	1.56e-01	4.68e-01	3.74e-01
 2.59225e+22	0.00e+00	0.00e+00	5.11e-24	3.02e-19	2.93e-15	5.91e-12	3.51e-09	6.28e-07	4.10e-05	1.64e-03	1.61e-01	4.71e-01	3.66e-01
 2.62368e+22	0.00e+00	0.00e+00	6.53e-24	3.76e-19	3.56e-15	7.01e-12	4.06e-09	7.10e-07	4.50e-05	1.74e-03	1.67e-01	4.74e-01	3.58e-01
 2.65861e+22	0.00e+00	0.00e+00	8.59e-24	4.82e-19	4.44e-15	8.49e-12	4.80e-09	8.15e-07	5.00e-05	1.87e-03	1.73e-01	4.76e-01	3.48e-01
 2.68967e+22	0.00e+00	1.40e-29	1.10e-23	6.00e-19	5.39e-15	1.01e-11	5.56e-09	9.21e-07	5.49e-05	1.99e-03	1.79e-01	4.79e-01	3.40e-01
 2.71662e+22	0.00e+00	1.75e-29	1.35e-23	7.23e-19	6.36e-15	1.16e-11	6.30e-09	1.02e-06	5.94e-05	2.10e-03	1.84e-01	4.80e-01	3.33e-01
 2.74664e+22	0.00e+00	2.24e-29	1.69e-23	8.85e-19	7.62e-15	1.36e-11	7.22e-09	1.14e-06	6.48e-05	2.22e-03	1.90e-01	4.82e-01	3.26e-01
 2.78567e+22	0.00e+00	3.06e-29	2.25e-23	1.15e-18	9.60e-15	1.67e-11	8.60e-09	1.32e-06	7.23e-05	2.39e-03	1.97e-01	4.84e-01	3.16e-01
 2.82546e+22	0.00e+00	4.25e-29	3.04e-23	1.51e-18	1.22e-14	2.06e-11	1.03e-08	1.54e-06	8.12e-05	2.58e-03	2.05e-01	4.86e-01	3.07e-01
 2.85641e+22	0.00e+00	5.45e-29	3.82e-23	1.85e-18	1.47e-14	2.42e-11	1.19e-08	1.73e-06	8.87e-05	2.74e-03	2.11e-01	4.87e-01	2.99e-01
 2.88684e+22	0.00e+00	6.91e-29	4.75e-23	2.26e-18	1.75e-14	2.82e-11	1.36e-08	1.93e-06	9.64e-05	2.89e-03	2.17e-01	4.88e-01	2.92e-01
 2.92639e+22	0.00e+00	9.36e-29	6.29e-23	2.91e-18	2.20e-14	3.43e-11	1.61e-08	2.22e-06	1.07e-04	3.10e-03	2.25e-01	4.89e-01	2.83e-01
 2.96595e+22	0.00e+00	1.28e-28	8.37e-23	3.77e-18	2.77e-14	4.20e-11	1.92e-08	2.57e-06	1.20e-04	3.34e-03	2.34e-01	4.89e-01	2.74e-01
 2.99578e+22	0.00e+00	1.61e-28	1.03e-22	4.56e-18	3.29e-14	4.88e-11	2.18e-08	2.86e-06	1.30e-04	3.52e-03	2.40e-01	4.89e-01	2.67e-01
 3.02483e+22	0.00e+00	1.99e-28	1.26e-22	5.46e-18	3.86e-14	5.61e-11	2.47e-08	3.16e-06	1.40e-04	3.70e-03	2.46e-01	4.90e-01	2.61e-01
 3.06260e+22	0.00e+00	2.63e-28	1.63e-22	6.89e-18	4.75e-14	6.73e-11	2.89e-08	3.61e-06	1.55e-04	3.95e-03	2.54e-01	4.90e-01	2.53e-01
 3.10245e+22	0.00e+00	3.53e-28	2.14e-22	8.83e-18	5.93e-14	8.17e-11	3.42e-08	4.15e-06	1.73e-04	4.23e-03	2.62e-01	4.89e-01	2.44e-01
 3.13552e+22	0.00e+00	4.51e-28	2.69e-22	1.09e-17	7.14e-14	9.62e-11	3.94e-08	4.67e-06	1.89e-04	4.48e-03	2.70e-01	4.89e-01	2.37e-01
 3.16441e+22	0.00e+00	5.51e-28	3.23e-22	1.29e-17	8.30e-14	1.10e-10	4.42e-08	5.13e-06	2.03e-04	4.69e-03	2.76e-01	4.88e-01	2.31e-01
 3.19737e+22	0.00e+00	6.92e-28	4.00e-22	1.56e-17	9.88e-14	1.28e-10	5.04e-08	5.72e-06	2.20e-04	4.94e-03	2.83e-01	4.87e-01	2.25e-01
 3.24022e+22	0.00e+00	9.26e-28	5.24e-22	2.00e-17	1.23e-13	1.55e-10	5.96e-08	6.57e-06	2.45e-04	5.29e-03	2.92e-01	4.86e-01	2.17e-01
 3.28468e+22	0.00e+00	1.26e-27	6.98e-22	2.60e-17	1.56e-13	1.90e-10	7.12e-08	7.62e-06	2.74e-04	5.68e-03	3.02e-01	4.84e-01	2.08e-01
 3.32029e+22	0.00e+00	1.25e-27	8.79e-22	3.21e-17	1.89e-13	2.25e-10	8.24e-08	8.59e-06	3.00e-04	6.02e-03	3.10e-01	4.82e-01	2.01e-01
 3.35562e+22	0.00e+00	1.56e-27	1.08e-21	3.87e-17	2.23e-13	2.60e-10	9.36e-08	9.55e-06	3.25e-04	6.33e-03	3.17e-01	4.81e-01	1.95e-01
 3.40155e+22	0.00e+00	2.09e-27	1.42e-21	4.97e-17	2.80e-13	3.17e-10	1.11e-07	1.10e-05	3.61e-04	6.78e-03	3.27e-01	4.78e-01	1.88e-01
 3.44964e+22	0.00e+00	2.84e-27	1.89e-21	6.47e-17	3.55e-13	3.90e-10	1.33e-07	1.28e-05	4.05e-04	7.28e-03	3.38e-01	4.75e-01	1.80e-01
 3.48889e+22	0.00e+00	3.65e-27	2.40e-21	8.05e-17	4.32e-13	4.64e-10	1.55e-07	1.45e-05	4.45e-04	7.73e-03	3.47e-01	4.72e-01	1.73e-01
 3.52156e+22	0.00e+00	4.42e-27	2.87e-21	9.49e-17	5.01e-13	5.28e-10	1.73e-07	1.59e-05	4.77e-04	8.08e-03	3.54e-01	4.70e-01	1.68e-01
 3.55727e+22	0.00e+00	5.44e-27	3.49e-21	1.14e-16	5.91e-13	6.09e-10	1.96e-07	1.76e-05	5.16e-04	8.48e-03	3.61e-01	4.67e-01	1.63e-01
 3.60370e+22	0.00e+00	7.09e-27	4.48e-21	1.43e-16	7.27e-13	7.31e-10	2.29e-07	2.00e-05	5.69e-04	9.02e-03	3.71e-01	4.64e-01	1.56e-01
 3.65327e+22	0.00e+00	9.42e-27	5.86e-21	1.84e-16	9.11e-13	8.89e-10	2.72e-07	2.31e-05	6.34e-04	9.64e-03	3.81e-01	4.59e-01	1.49e-01
 3.69557e+22	0.00e+00	1.20e-26	7.35e-21	2.26e-16	1.10e-12	1.05e-09	3.14e-07	2.60e-05	6.93e-04	1.02e-02	3.90e-01	4.55e-01	1.43e-01
 3.73921e+22	0.00e+00	1.50e-26	9.13e-21	2.77e-16	1.32e-12	1.23e-09	3.60e-07	2.91e-05	7.55e-04	1.08e-02	3.99e-01	4.52e-01	1.38e-01
 3.79595e+22	0.00e+00	2.01e-26	1.20e-20	3.58e-16	1.67e-12	1.51e-09	4.29e-07	3.36e-05	8.43e-04	1.15e-02	4.10e-01	4.46e-01	1.31e-01
 3.85253e+22	0.00e+00	2.70e-26	1.60e-20	4.64e-16	2.11e-12	1.85e-09	5.14e-07	3.90e-05	9.44e-04	1.24e-02	4.22e-01	4.41e-01	1.24e-01
 3.89483e+22	0.00e+00	3.35e-26	1.96e-20	5.63e-16	2.52e-12	2.16e-09	5.87e-07	4.35e-05	1.03e-03	1.30e-02	4.30e-01	4.36e-01	1.19e-01
 3.93571e+22	0.00e+00	4.05e-26	2.35e-20	6.65e-16	2.93e-12	2.47e-09	6.57e-07	4.78e-05	1.10e-03	1.36e-02	4.38e-01	4.32e-01	1.15e-01
 3.98885e+22	0.00e+00	5.16e-26	2.97e-20	8.27e-16	3.57e-12	2.93e-09	7.63e-07	5.40e-05	1.21e-03	1.44e-02	4.47e-01	4.27e-01	1.10e-01
 4.04720e+22	0.00e+00	6.75e-26	3.84e-20	1.05e-15	4.44e-12	3.54e-09	8.99e-07	6.18e-05	1.34e-03	1.53e-02	4.58e-01	4.21e-01	1.05e-01
 4.09885e+22	0.00e+00	8.51e-26	4.80e-20	1.29e-15	5.36e-12	4.18e-09	1.04e-06	6.95e-05	1.46e-03	1.62e-02	4.67e-01	4.15e-01	9.99e-02
 4.14500e+22	0.00e+00	1.04e-25	5.82e-20	1.55e-15	6.32e-12	4.82e-09	1.17e-06	7.70e-05	1.58e-03	1.69e-02	4.75e-01	4.10e-01	9.59e-02
 4.19747e+22	0.00e+00	1.28e-25	7.12e-20	1.87e-15	7.51e-12	5.60e-09	1.33e-06	8.54e-05	1.71e-03	1.78e-02	4.84e-01	4.05e-01	9.19e-02
 4.26570e+22	0.00e+00	1.68e-25	9.25e-20	2.39e-15	9.37e-12	6.79e-09	1.57e-06	9.79e-05	1.90e-03	1.89e-02	4.94e-01	3.98e-01	8.68e-02
 4.33662e+22	0.00e+00	2.23e-25	1.22e-19	3.09e-15	1.18e-11	8.33e-09	1.88e-06	1.13e-04	2.11e-03	2.02e-02	5.06e-01	3.90e-01	8.17e-02
 4.39375e+22	0.00e+00	2.79e-25	1.51e-19	3.78e-15	1.43e-11	9.78e-09	2.16e-06	1.27e-04	2.30e-03	2.13e-02	5.15e-01	3.84e-01	7.77e-02
 4.45070e+22	0.00e+00	3.41e-25	1.83e-19	4.53e-15	1.68e-11	1.13e-08	2.43e-06	1.40e-04	2.48e-03	2.23e-02	5.22e-01	3.78e-01	7.44e-02
 4.52475e+22	0.00e+00	4.41e-25	2.35e-19	5.72e-15	2.08e-11	1.36e-08	2.85e-06	1.59e-04	2.74e-03	2.36e-02	5.32e-01	3.71e-01	7.02e-02
 4.60221e+22	0.00e+00	5.79e-25	3.06e-19	7.32e-15	2.60e-11	1.65e-08	3.37e-06	1.83e-04	3.03e-03	2.51e-02	5.43e-01	3.63e-01	6.59e-02
 4.66326e+22	0.00e+00	7.15e-25	3.76e-19	8.88e-15	3.10e-11	1.92e-08	3.85e-06	2.03e-04	3.29e-03	2.64e-02	5.51e-01	3.56e-01	6.27e-02
 4.71318e+22	0.00e+00	8.39e-25	4.39e-19	1.03e-14	3.54e-11	2.16e-08	4.24e-06	2.20e-04	3.49e-03	2.74e-02	5.57e-01	3.52e-01	6.03e-02
 4.76949e+22	0.00e+00	1.00e-24	5.20e-19	1.20e-14	4.09e-11	2.44e-08	4.72e-06	2.40e-04	3.72e-03	2.84e-02	5.63e-01	3.46e-01	5.79e-02
 4.84269e+22	0.00e+00	1.25e-24	6.44e-19	1.47e-14	4.91e-11	2.86e-08	5.40e-06	2.68e-04	4.04e-03	2.99e-02	5.72e-01	3.39e-01	5.49e-02
 4.92349e+22	0.00e+00	1.59e-24	8.18e-19	1.84e-14	6.02e-11	3.41e-08	6.28e-06	3.03e-04	4.43e-03	3.15e-02	5.80e-01	3.32e-01	5.16e-02
 4.99560e+22	0.00e+00	1.97e-24	1.01e-18	2.24e-14	7.21e-11	3.99e-08	7.18e-06	3.38e-04	4.81e-03	3.31e-02	5.88e-01	3.25e-01	4.88e-02
 5.05997e+22	1.56e-29	2.37e-24	1.20e-18	2.64e-14	8.37e-11	4.54e-08	8.00e-06	3.69e-04	5.14e-03	3.44e-02	5.94e-01	3.19e-01	4.67e-02
 5.13281e+22	1.98e-29	2.88e-24	1.46e-18	3.16e-14	9.84e-11	5.23e-08	9.02e-06	4.06e-04	5.52e-03	3.59e-02	6.01e-01	3.13e-01	4.44e-02
 5.22751e+22	2.69e-29	3.69e-24	1.85e-18	3.96e-14	1.21e-10	6.24e-08	1.05e-05	4.59e-04	6.05e-03	3.79e-02	6.09e-01	3.05e-01	4.16e-02
 5.32817e+22	3.75e-29	4.82e-24	2.40e-18	5.06e-14	1.51e-10	7.57e-08	1.24e-05	5.24e-04	6.67e-03	4.01e-02	6.18e-01	2.96e-01	3.87e-02
 5.41207e+22	4.90e-29	5.98e-24	2.97e-18	6.16e-14	1.81e-10	8.84e-08	1.41e-05	5.83e-04	7.22e-03	4.20e-02	6.24e-01	2.89e-01	3.65e-02
 5.48223e+22	6.04e-29	7.11e-24	3.51e-18	7.21e-14	2.08e-10	1.00e-07	1.57e-05	6.34e-04	7.69e-03	4.36e-02	6.30e-01	2.84e-01	3.49e-02
 5.55905e+22	7.54e-29	8.51e-24	4.18e-18	8.49e-14	2.42e-10	1.14e-07	1.74e-05	6.91e-04	8.19e-03	4.52e-02	6.35e-01	2.78e-01	3.32e-02
 5.65891e+22	9.96e-29	1.06e-23	5.21e-18	1.04e-13	2.92e-10	1.34e-07	2.00e-05	7.73e-04	8.90e-03	4.74e-02	6.41e-01	2.70e-01	3.12e-02
 5.76419e+22	1.35e-28	1.36e-23	6.60e-18	1.31e-13	3.57e-10	1.59e-07	2.32e-05	8.71e-04	9.72e-03	4.99e-02	6.48e-01	2.63e-01	2.91e-02
 5.84834e+22	1.71e-28	1.64e-23	7.95e-18	1.55e-13	4.18e-10	1.83e-07	2.61e-05	9.55e-04	1.04e-02	5.19e-02	6.53e-01	2.56e-01	2.75e-02
 5.92957e+22	2.09e-28	1.94e-23	9.36e-18	1.81e-13	4.81e-10	2.06e-07	2.88e-05	1.04e-03	1.10e-02	5.37e-02	6.57e-01	2.51e-01	2.62e-02
 6.03516e+22	2.73e-28	2.41e-23	1.15e-17	2.20e-13	5.74e-10	2.40e-07	3.28e-05	1.15e-03	1.19e-02	5.61e-02	6.62e-01	2.44e-01	2.46e-02
 6.14968e+22	3.65e-28	3.05e-23	1.45e-17	2.73e-13	6.99e-10	2.84e-07	3.78e-05	1.29e-03	1.30e-02	5.88e-02	6.67e-01	2.37e-01	2.30e-02
 6.24662e+22	4.65e-28	3.71e-23	1.76e-17	3.27e-13	8.22e-10	3.27e-07	4.26e-05	1.41e-03	1.39e-02	6.11e-02	6.71e-01	2.31e-01	2.17e-02
 6.33041e+22	5.65e-28	4.35e-23	2.05e-17	3.78e-13	9.37e-10	3.66e-07	4.68e-05	1.53e-03	1.47e-02	6.30e-02	6.74e-01	2.26e-01	2.07e-02
 6.42625e+22	7.02e-28	5.18e-23	2.44e-17	4.45e-13	1.09e-09	4.15e-07	5.20e-05	1.66e-03	1.56e-02	6.53e-02	6.78e-01	2.20e-01	1.96e-02
 6.55085e+22	9.18e-28	6.45e-23	3.02e-17	5.43e-13	1.30e-09	4.85e-07	5.93e-05	1.84e-03	1.68e-02	6.81e-02	6.82e-01	2.13e-01	1.83e-02
 6.67759e+22	1.23e-27	8.15e-23	3.79e-17	6.72e-13	1.58e-09	5.73e-07	6.82e-05	2.06e-03	1.82e-02	7.12e-02	6.85e-01	2.06e-01	1.70e-02
 6.77098e+22	1.50e-27	9.63e-23	4.45e-17	7.81e-13	1.81e-09	6.44e-07	7.52e-05	2.22e-03	1.93e-02	7.35e-02	6.87e-01	2.01e-01	1.62e-02
 6.85626e+22	1.74e-27	1.11e-22	5.10e-17	8.88e-13	2.03e-09	7.12e-07	8.18e-05	2.38e-03	2.03e-02	7.55e-02	6.89e-01	1.97e-01	1.54e-02
 6.96712e+22	2.16e-27	1.32e-22	6.08e-17	1.04e-12	2.35e-09	8.07e-07	9.08e-05	2.58e-03	2.15e-02	7.79e-02	6.91e-01	1.92e-01	1.46e-02
 7.11125e+22	2.85e-27	1.66e-22	7.55e-17	1.28e-12	2.82e-09	9.42e-07	1.03e-04	2.86e-03	2.31e-02	8.11e-02	6.94e-01	1.86e-01	1.36e-02
 7.25994e+22	3.82e-27	2.10e-22	9.51e-17	1.59e-12	3.43e-09	1.12e-06	1.19e-04	3.20e-03	2.51e-02	8.48e-02	6.96e-01	1.79e-01	1.26e-02
 7.37128e+22	4.72e-27	2.51e-22	1.13e-16	1.86e-12	3.96e-09	1.26e-06	1.32e-04	3.47e-03	2.65e-02	8.74e-02	6.97e-01	1.74e-01	1.19e-02
 7.47273e+22	5.64e-27	2.90e-22	1.30e-16	2.13e-12	4.46e-09	1.40e-06	1.44e-04	3.71e-03	2.78e-02	8.97e-02	6.97e-01	1.70e-01	1.13e-02
 7.60462e+22	7.11e-27	3.50e-22	1.56e-16	2.52e-12	5.20e-09	1.59e-06	1.60e-04	4.04e-03	2.96e-02	9.27e-02	6.98e-01	1.65e-01	1.07e-02
 7.74530e+22	9.10e-27	4.28e-22	1.89e-16	3.02e-12	6.13e-09	1.84e-06	1.80e-04	4.43e-03	3.16e-02	9.59e-02	6.99e-01	1.59e-01	9.97e-03
 7.86140e+22	1.11e-26	5.05e-22	2.22e-16	3.51e-12	7.01e-09	2.06e-06	1.98e-04	4.77e-03	3.33e-02	9.87e-02	6.99e-01	1.55e-01	9.43e-03
 7.97630e+22	1.33e-26	5.87e-22	2.57e-16	4.00e-12	7.88e-09	2.28e-06	2.15e-04	5.09e-03	3.48e-02	1.01e-01	6.99e-01	1.51e-01	9.00e-03
 8.12568e+22	1.68e-26	7.11e-22	3.09e-16	4.76e-12	9.21e-09	2.60e-06	2.40e-04	5.54e-03	3.70e-02	1.04e-01	6.98e-01	1.46e-01	8.43e-03
 8.28629e+22	2.17e-26	8.77e-22	3.77e-16	5.73e-12	1.09e-08	3.00e-06	2.70e-04	6.07e-03	3.94e-02	1.08e-01	6.97e-01	1.41e-01	7.87e-03
 8.42262e+22	2.68e-26	1.05e-21	4.46e-16	6.69e-12	1.25e-08	3.37e-06	2.97e-04	6.54e-03	4.16e-02	1.11e-01	6.96e-01	1.37e-01	7.43e-03
 8.56096e+22	3.25e-26	1.23e-21	5.21e-16	7.72e-12	1.42e-08	3.76e-06	3.26e-04	7.02e-03	4.37e-02	1.13e-01	6.95e-01	1.33e-01	7.02e-03
 8.74080e+22	4.19e-26	1.51e-21	6.37e-16	9.30e-12	1.68e-08	4.33e-06	3.66e-04	7.68e-03	4.64e-02	1.17e-01	6.93e-01	1.28e-01	6.54e-03
 8.93501e+22	5.51e-26	1.89e-21	7.88e-16	1.13e-11	2.00e-08	5.04e-06	4.14e-04	8.45e-03	4.96e-02	1.21e-01	6.91e-01	1.23e-01	6.06e-03
 9.09999e+22	6.95e-26	2.30e-21	9.48e-16	1.34e-11	2.33e-08	5.73e-06	4.60e-04	9.16e-03	5.25e-02	1.24e-01	6.89e-01	1.19e-01	5.67e-03
 9.26652e+22	8.51e-26	2.73e-21	1.12e-15	1.56e-11	2.66e-08	6.42e-06	5.05e-04	9.84e-03	5.51e-02	1.27e-01	6.86e-01	1.16e-01	5.35e-03
 9.48301e+22	1.11e-25	3.39e-21	1.37e-15	1.89e-11	3.16e-08	7.42e-06	5.68e-04	1.08e-02	5.86e-02	1.31e-01	6.83e-01	1.11e-01	4.95e-03
 9.72249e+22	1.49e-25	4.33e-21	1.73e-15	2.34e-11	3.82e-08	8.72e-06	6.49e-04	1.19e-02	6.28e-02	1.36e-01	6.78e-01	1.06e-01	4.55e-03
 9.93548e+22	1.94e-25	5.36e-21	2.12e-15	2.82e-11	4.52e-08	1.01e-05	7.28e-04	1.30e-02	6.67e-02	1.40e-01	6.74e-01	1.02e-01	4.21e-03
 1.01131e+23	2.39e-25	6.39e-21	2.51e-15	3.29e-11	5.18e-08	1.13e-05	8.00e-04	1.40e-02	7.00e-02	1.43e-01	6.70e-01	9.81e-02	3.95e-03
 1.03012e+23	2.89e-25	7.48e-21	2.92e-15	3.80e-11	5.88e-08	1.26e-05	8.74e-04	1.50e-02	7.33e-02	1.46e-01	6.66e-01	9.48e-02	3.71e-03
 1.05457e+23	3.72e-25	9.24e-21	3.57e-15	4.57e-11	6.93e-08	1.44e-05	9.78e-04	1.63e-02	7.76e-02	1.50e-01	6.61e-01	9.08e-02	3.44e-03
 1.08191e+23	4.91e-25	1.16e-20	4.43e-15	5.58e-11	8.29e-08	1.68e-05	1.11e-03	1.79e-02	8.26e-02	1.54e-01	6.54e-01	8.65e-02	3.15e-03
 1.10708e+23	6.30e-25	1.43e-20	5.39e-15	6.68e-11	9.74e-08	1.93e-05	1.24e-03	1.95e-02	8.74e-02	1.58e-01	6.48e-01	8.27e-02	2.91e-03
 1.13387e+23	7.97e-25	1.74e-20	6.50e-15	7.94e-11	1.13e-07	2.19e-05	1.37e-03	2.10e-02	9.19e-02	1.62e-01	6.42e-01	7.93e-02	2.70e-03
 1.16870e+23	1.05e-24	2.18e-20	8.09e-15	9.73e-11	1.36e-07	2.56e-05	1.55e-03	2.31e-02	9.79e-02	1.66e-01	6.34e-01	7.51e-02	2.45e-03
 1.20619e+23	1.45e-24	2.83e-20	1.04e-14	1.23e-10	1.68e-07	3.06e-05	1.80e-03	2.58e-02	1.05e-01	1.71e-01	6.23e-01	7.04e-02	2.19e-03
 1.23707e+23	1.90e-24	3.52e-20	1.28e-14	1.49e-10	2.00e-07	3.55e-05	2.02e-03	2.82e-02	1.12e-01	1.76e-01	6.14e-01	6.66e-02	2.00e-03
 1.26051e+23	2.29e-24	4.10e-20	1.48e-14	1.71e-10	2.26e-07	3.93e-05	2.20e-03	3.01e-02	1.16e-01	1.78e-01	6.07e-01	6.40e-02	1.86e-03
 1.28434e+23	2.68e-24	4.67e-20	1.68e-14	1.93e-10	2.51e-07	4.30e-05	2.36e-03	3.17e-02	1.20e-01	1.81e-01	6.01e-01	6.19e-02	1.76e-03
 1.31531e+23	3.27e-24	5.49e-20	1.97e-14	2.24e-10	2.88e-07	4.82e-05	2.59e-03	3.40e-02	1.26e-01	1.84e-01	5.93e-01	5.91e-02	1.62e-03
 1.35557e+23	4.14e-24	6.65e-20	2.37e-14	2.66e-10	3.35e-07	5.48e-05	2.87e-03	3.67e-02	1.32e-01	1.88e-01	5.83e-01	5.61e-02	1.49e-03
 1.40014e+23	5.42e-24	8.26e-20	2.92e-14	3.24e-10	4.01e-07	6.39e-05	3.25e-03	4.02e-02	1.40e-01	1.92e-01	5.71e-01	5.25e-02	1.33e-03
 1.43838e+23	6.88e-24	9.95e-20	3.50e-14	3.86e-10	4.71e-07	7.32e-05	3.63e-03	4.36e-02	1.48e-01	1.96e-01	5.59e-01	4.93e-02	1.20e-03
 1.46890e+23	8.19e-24	1.15e-19	4.01e-14	4.39e-10	5.29e-07	8.08e-05	3.92e-03	4.62e-02	1.53e-01	1.98e-01	5.50e-01	4.72e-02	1.12e-03
 1.50129e+23	9.45e-24	1.29e-19	4.49e-14	4.89e-10	5.83e-07	8.77e-05	4.19e-03	4.85e-02	1.58e-01	2.00e-01	5.43e-01	4.54e-02	1.05e-03
 1.54339e+23	1.14e-23	1.50e-19	5.21e-14	5.63e-10	6.63e-07	9.78e-05	4.56e-03	5.17e-02	1.65e-01	2.03e-01	5.32e-01	4.31e-02	9.64e-04
 1.59813e+23	1.40e-23	1.76e-19	6.10e-14	6.55e-10	7.59e-07	1.10e-04	5.00e-03	5.52e-02	1.71e-01	2.05e-01	5.21e-01	4.08e-02	8.81e-04
 1.66227e+23	1.79e-23	2.13e-19	7.35e-14	7.85e-10	8.97e-07	1.26e-04	5.60e-03	6.00e-02	1.81e-01	2.09e-01	5.06e-01	3.78e-02	7.82e-04
 1.72257e+23	2.30e-23	2.59e-19	8.87e-14	9.41e-10	1.06e-06	1.45e-04	6.26e-03	6.51e-02	1.90e-01	2.12e-01	4.91e-01	3.51e-02	6.94e-04
 1.77208e+23	2.78e-23	3.00e-19	1.02e-13	1.08e-09	1.21e-06	1.62e-04	6.83e-03	6.94e-02	1.97e-01	2.14e-01	4.79e-01	3.30e-02	6.29e-04
 1.82362e+23	3.16e-23	3.32e-19	1.13e-13	1.19e-09	1.32e-06	1.75e-04	7.24e-03	7.23e-02	2.02e-01	2.15e-01	4.71e-01	3.16e-02	5.88e-04
 1.89042e+23	3.72e-23	3.78e-19	1.28e-13	1.34e-09	1.47e-06	1.92e-04	7.77e-03	7.61e-02	2.08e-01	2.16e-01	4.61e-01	3.01e-02	5.43e-04
 1.96727e+23	4.52e-23	4.38e-19	1.48e-13	1.55e-09	1.67e-06	2.14e-04	8.47e-03	8.10e-02	2.16e-01	2.18e-01	4.47e-01	2.81e-02	4.89e-04
 2.04720e+23	5.38e-23	5.01e-19	1.68e-13	1.76e-09	1.88e-06	2.37e-04	9.16e-03	8.56e-02	2.23e-01	2.20e-01	4.35e-01	2.64e-02	4.44e-04
 2.13032e+23	6.08e-23	5.66e-19	1.89e-13	1.97e-09	2.10e-06	2.59e-04	9.84e-03	9.00e-02	2.30e-01	2.21e-01	4.24e-01	2.49e-02	4.06e-04
 2.21677e+23	7.05e-23	6.34e-19	2.11e-13	2.20e-09	2.32e-06	2.82e-04	1.05e-02	9.42e-02	2.36e-01	2.22e-01	4.14e-01	2.36e-02	3.73e-04
 2.30054e+23	8.15e-23	7.07e-19	2.34e-13	2.44e-09	2.55e-06	3.06e-04	1.12e-02	9.86e-02	2.42e-01	2.22e-01	4.03e-01	2.23e-02	3.42e-04
 2.37597e+23	9.15e-23	7.73e-19	2.55e-13	2.65e-09	2.75e-06	3.26e-04	1.17e-02	1.02e-01	2.46e-01	2.23e-01	3.95e-01	2.14e-02	3.21e-04
 2.44385e+23	1.01e-22	8.30e-19	2.73e-13	2.83e-09	2.93e-06	3.44e-04	1.22e-02	1.05e-01	2.50e-01	2.23e-01	3.88e-01	2.06e-02	3.03e-04
 2.50495e+23	1.09e-22	8.82e-19	2.89e-13	3.00e-09	3.09e-06	3.60e-04	1.27e-02	1.07e-01	2.53e-01	2.23e-01	3.82e-01	2.00e-02	2.89e-04
 2.55993e+23	1.16e-22	9.23e-19	3.01e-13	3.13e-09	3.22e-06	3.73e-04	1.30e-02	1.09e-01	2.56e-01	2.24e-01	3.78e-01	1.95e-02	2.79e-04
 2.60942e+23	1.22e-22	9.60e-19	3.13e-13	3.25e-09	3.33e-06	3.83e-04	1.33e-02	1.11e-01	2.58e-01	2.24e-01	3.74e-01	1.91e-02	2.70e-04
 2.65396e+23	1.27e-22	9.91e-19	3.22e-13	3.35e-09	3.42e-06	3.93e-04	1.35e-02	1.12e-01	2.60e-01	2.24e-01	3.71e-01	1.88e-02	2.63e-04
 2.69405e+23	1.31e-22	1.01e-18	3.29e-13	3.42e-09	3.49e-06	3.99e-04	1.37e-02	1.13e-01	2.61e-01	2.24e-01	3.69e-01	1.85e-02	2.58e-04
 2.73012e+23	1.35e-22	1.04e-18	3.36e-13	3.49e-09	3.56e-06	4.06e-04	1.39e-02	1.14e-01	2.62e-01	2.24e-01	3.67e-01	1.83e-02	2.54e-04
 2.76259e+23	1.39e-22	1.06e-18	3.42e-13	3.55e-09	3.62e-06	4.12e-04	1.40e-02	1.15e-01	2.63e-01	2.24e-01	3.65e-01	1.81e-02	2.50e-04
 2.79325e+23	1.41e-22	1.07e-18	3.45e-13	3.59e-09	3.65e-06	4.15e-04	1.41e-02	1.15e-01	2.64e-01	2.24e-01	3.64e-01	1.80e-02	2.48e-04
 2.82380e+23	1.42e-22	1.08e-18	3.48e-13	3.61e-09	3.67e-06	4.17e-04	1.41e-02	1.16e-01	2.64e-01	2.24e-01	3.64e-01	1.80e-02	2.47e-04
 2.85434e+23	1.44e-22	1.09e-18	3.51e-13	3.64e-09	3.70e-06	4.20e-04	1.42e-02	1.16e-01	2.64e-01	2.24e-01	3.63e-01	1.79e-02	2.45e-04
 2.88489e+23	1.45e-22	1.10e-18	3.54e-13	3.67e-09	3.73e-06	4.22e-04	1.43e-02	1.16e-01	2.65e-01	2.24e-01	3.62e-01	1.78e-02	2.44e-04
 2.91544e+23	1.46e-22	1.10e-18	3.55e-13	3.69e-09	3.75e-06	4.24e-04	1.43e-02	1.17e-01	2.65e-01	2.24e-01	3.61e-01	1.78e-02	2.42e-04
 2.94599e+23	1.47e-22	1.11e-18	3.57e-13	3.70e-09	3.76e-06	4.25e-04	1.43e-02	1.17e-01	2.65e-01	2.24e-01	3.61e-01	1.77e-02	2.42e-04
 2.97654e+23	1.47e-22	1.11e-18	3.57e-13	3.70e-09	3.76e-06	4.25e-04	1.44e-02	1.17e-01	2.65e-01	2.24e-01	3.61e-01	1.77e-02	2.41e-04
 3.00709e+23	1.48e-22	1.11e-18	3.58e-13	3.71e-09	3.77e-06	4.26e-04	1.44e-02	1.17e-01	2.65e-01	2.24e-01	3.61e-01	1.77e-02	2.41e-04
 3.03763e+23	1.49e-22	1.11e-18	3.59e-13	3.73e-09	3.78e-06	4.27e-04	1.44e-02	1.17e-01	2.66e-01	2.24e-01	3.60e-01	1.76e-02	2.40e-04
 3.05386e+23	1.58e-22	1.16e-18	3.73e-13	3.89e-09	3.94e-06	4.42e-04	1.48e-02	1.19e-01	2.68e-01	2.24e-01	3.56e-01	1.72e-02	2.30e-04
