#depth	N	N+	N+2	N+3	N+4	N+5	N+6	N+7
 6.17135e+19	0.00e+00	0.00e+00	3.09e-28	3.67e-21	8.81e-15	5.70e-09	9.69e-05	1.00e+00
 1.87609e+20	0.00e+00	0.00e+00	4.64e-28	5.07e-21	1.12e-14	6.67e-09	1.05e-04	1.00e+00
 3.18540e+20	0.00e+00	0.00e+00	6.92e-28	6.97e-21	1.41e-14	7.82e-09	1.14e-04	1.00e+00
 4.54709e+20	0.00e+00	0.00e+00	1.04e-27	9.58e-21	1.79e-14	9.16e-09	1.24e-04	1.00e+00
 5.74414e+20	0.00e+00	0.00e+00	1.46e-27	1.26e-20	2.18e-14	1.05e-08	1.33e-04	1.00e+00
 6.66527e+20	0.00e+00	0.00e+00	1.89e-27	1.54e-20	2.53e-14	1.16e-08	1.40e-04	1.00e+00
 7.48597e+20	0.00e+00	0.00e+00	2.37e-27	1.84e-20	2.88e-14	1.26e-08	1.47e-04	1.00e+00
 8.41158e+20	0.00e+00	0.00e+00	3.04e-27	2.23e-20	3.32e-14	1.39e-08	1.54e-04	1.00e+00
 9.61488e+20	0.00e+00	0.00e+00	4.16e-27	2.86e-20	3.97e-14	1.57e-08	1.65e-04	1.00e+00
 1.08323e+21	0.00e+00	0.00e+00	5.69e-27	3.65e-20	4.74e-14	1.77e-08	1.76e-04	1.00e+00
 1.18014e+21	0.00e+00	0.00e+00	7.25e-27	4.41e-20	5.44e-14	1.95e-08	1.85e-04	1.00e+00
 1.27944e+21	0.00e+00	0.00e+00	9.23e-27	5.32e-20	6.23e-14	2.14e-08	1.94e-04	1.00e+00
 1.40853e+21	0.00e+00	0.00e+00	1.26e-26	6.76e-20	7.41e-14	2.41e-08	2.07e-04	1.00e+00
 1.53988e+21	0.00e+00	0.00e+00	1.71e-26	8.59e-20	8.81e-14	2.71e-08	2.20e-04	1.00e+00
 1.64606e+21	0.00e+00	0.00e+00	2.18e-26	1.04e-19	1.01e-13	2.97e-08	2.32e-04	1.00e+00
 1.74146e+21	0.00e+00	0.00e+00	2.70e-26	1.23e-19	1.14e-13	3.23e-08	2.43e-04	1.00e+00
 1.85095e+21	0.00e+00	0.00e+00	3.42e-26	1.47e-19	1.30e-13	3.53e-08	2.55e-04	1.00e+00
 1.96708e+21	0.00e+00	0.00e+00	4.40e-26	1.79e-19	1.49e-13	3.89e-08	2.69e-04	1.00e+00
 2.06534e+21	0.00e+00	0.00e+00	5.42e-26	2.10e-19	1.67e-13	4.20e-08	2.81e-04	1.00e+00
 2.16655e+21	0.00e+00	0.00e+00	6.69e-26	2.47e-19	1.87e-13	4.55e-08	2.93e-04	1.00e+00
 2.29814e+21	0.00e+00	0.00e+00	8.74e-26	3.03e-19	2.16e-13	5.04e-08	3.10e-04	1.00e+00
 2.43017e+21	0.00e+00	0.00e+00	1.14e-25	3.72e-19	2.50e-13	5.56e-08	3.28e-04	1.00e+00
 2.53115e+21	0.00e+00	0.00e+00	1.39e-25	4.33e-19	2.78e-13	5.99e-08	3.42e-04	1.00e+00
 2.63080e+21	0.00e+00	0.00e+00	1.69e-25	5.01e-19	3.08e-13	6.44e-08	3.57e-04	1.00e+00
 2.76034e+21	0.00e+00	0.00e+00	2.16e-25	6.04e-19	3.51e-13	7.06e-08	3.76e-04	1.00e+00
 2.89467e+21	0.00e+00	0.00e+00	2.77e-25	7.32e-19	4.00e-13	7.75e-08	3.97e-04	1.00e+00
 3.00342e+21	0.00e+00	0.00e+00	3.38e-25	8.51e-19	4.45e-13	8.34e-08	4.14e-04	1.00e+00
 3.09281e+21	0.00e+00	0.00e+00	3.99e-25	9.63e-19	4.84e-13	8.86e-08	4.29e-04	1.00e+00
 3.18883e+21	0.00e+00	0.00e+00	4.72e-25	1.09e-18	5.28e-13	9.44e-08	4.45e-04	1.00e+00
 3.31367e+21	0.00e+00	0.00e+00	5.87e-25	1.29e-18	5.92e-13	1.02e-07	4.67e-04	1.00e+00
 3.44074e+21	0.00e+00	0.00e+00	7.33e-25	1.52e-18	6.63e-13	1.11e-07	4.90e-04	1.00e+00
 3.54228e+21	0.00e+00	0.00e+00	8.70e-25	1.73e-18	7.24e-13	1.18e-07	5.08e-04	9.99e-01
 3.64586e+21	0.00e+00	0.00e+00	1.03e-24	1.97e-18	7.90e-13	1.26e-07	5.28e-04	9.99e-01
 3.78052e+21	0.00e+00	0.00e+00	1.29e-24	2.33e-18	8.83e-13	1.36e-07	5.55e-04	9.99e-01
 3.91504e+21	0.00e+00	0.00e+00	1.61e-24	2.75e-18	9.86e-13	1.48e-07	5.82e-04	9.99e-01
 4.01885e+21	0.00e+00	0.00e+00	1.90e-24	3.11e-18	1.07e-12	1.57e-07	6.04e-04	9.99e-01
 4.12326e+21	0.00e+00	0.00e+00	2.24e-24	3.51e-18	1.16e-12	1.66e-07	6.27e-04	9.99e-01
 4.23804e+21	0.00e+00	0.00e+00	2.68e-24	4.00e-18	1.27e-12	1.78e-07	6.52e-04	9.99e-01
 4.34180e+21	0.00e+00	0.00e+00	3.14e-24	4.50e-18	1.37e-12	1.88e-07	6.76e-04	9.99e-01
 4.43679e+21	0.00e+00	0.00e+00	3.62e-24	5.01e-18	1.47e-12	1.98e-07	6.98e-04	9.99e-01
 4.54491e+21	0.00e+00	0.00e+00	4.26e-24	5.64e-18	1.59e-12	2.10e-07	7.24e-04	9.99e-01
 4.66618e+21	0.00e+00	0.00e+00	5.10e-24	6.43e-18	1.73e-12	2.24e-07	7.54e-04	9.99e-01
 4.77970e+21	0.00e+00	0.00e+00	6.02e-24	7.26e-18	1.87e-12	2.37e-07	7.83e-04	9.99e-01
 4.88163e+21	0.00e+00	0.00e+00	6.97e-24	8.08e-18	2.00e-12	2.50e-07	8.10e-04	9.99e-01
 4.99336e+21	0.00e+00	0.00e+00	8.15e-24	9.06e-18	2.16e-12	2.65e-07	8.40e-04	9.99e-01
 5.11840e+21	0.00e+00	0.00e+00	9.72e-24	1.03e-17	2.34e-12	2.82e-07	8.74e-04	9.99e-01
 5.23422e+21	0.00e+00	0.00e+00	1.14e-23	1.16e-17	2.52e-12	2.98e-07	9.07e-04	9.99e-01
 5.34055e+21	0.00e+00	0.00e+00	1.32e-23	1.28e-17	2.69e-12	3.14e-07	9.38e-04	9.99e-01
 5.46105e+21	0.00e+00	0.00e+00	1.55e-23	1.44e-17	2.90e-12	3.32e-07	9.74e-04	9.99e-01
 5.59072e+21	0.00e+00	0.00e+00	1.84e-23	1.64e-17	3.13e-12	3.53e-07	1.01e-03	9.99e-01
 5.70442e+21	0.00e+00	0.00e+00	2.14e-23	1.82e-17	3.35e-12	3.72e-07	1.05e-03	9.99e-01
 5.82434e+21	0.00e+00	0.00e+00	2.49e-23	2.03e-17	3.59e-12	3.93e-07	1.09e-03	9.99e-01
 5.95895e+21	0.00e+00	0.00e+00	2.96e-23	2.30e-17	3.87e-12	4.18e-07	1.13e-03	9.99e-01
 6.08434e+21	0.00e+00	4.51e-30	3.46e-23	2.58e-17	4.15e-12	4.42e-07	1.18e-03	9.99e-01
 6.19986e+21	0.00e+00	5.42e-30	4.00e-23	2.85e-17	4.42e-12	4.65e-07	1.22e-03	9.99e-01
 6.33087e+21	0.00e+00	6.66e-30	4.69e-23	3.20e-17	4.74e-12	4.92e-07	1.26e-03	9.99e-01
 6.47214e+21	0.00e+00	8.30e-30	5.56e-23	3.61e-17	5.11e-12	5.22e-07	1.32e-03	9.99e-01
 6.59608e+21	0.00e+00	1.00e-29	6.45e-23	4.02e-17	5.45e-12	5.51e-07	1.36e-03	9.99e-01
 6.72651e+21	0.00e+00	1.22e-29	7.51e-23	4.47e-17	5.82e-12	5.81e-07	1.41e-03	9.99e-01
 6.87295e+21	0.00e+00	1.52e-29	8.90e-23	5.05e-17	6.26e-12	6.17e-07	1.47e-03	9.99e-01
 7.00933e+21	0.00e+00	1.86e-29	1.04e-22	5.64e-17	6.69e-12	6.53e-07	1.53e-03	9.98e-01
 7.13494e+21	0.00e+00	2.24e-29	1.20e-22	6.24e-17	7.11e-12	6.87e-07	1.58e-03	9.98e-01
 7.27747e+21	0.00e+00	2.74e-29	1.40e-22	6.98e-17	7.60e-12	7.27e-07	1.64e-03	9.98e-01
 7.43293e+21	0.00e+00	3.42e-29	1.67e-22	7.88e-17	8.18e-12	7.73e-07	1.71e-03	9.98e-01
 7.57218e+21	0.00e+00	4.17e-29	1.94e-22	8.78e-17	8.72e-12	8.16e-07	1.77e-03	9.98e-01
 7.70020e+21	0.00e+00	4.96e-29	2.22e-22	9.67e-17	9.25e-12	8.57e-07	1.83e-03	9.98e-01
 7.84666e+21	0.00e+00	6.05e-29	2.59e-22	1.08e-16	9.88e-12	9.07e-07	1.90e-03	9.98e-01
 8.00958e+21	0.00e+00	7.54e-29	3.08e-22	1.22e-16	1.06e-11	9.64e-07	1.98e-03	9.98e-01
 8.15941e+21	0.00e+00	9.21e-29	3.59e-22	1.36e-16	1.13e-11	1.02e-06	2.05e-03	9.98e-01
 8.29784e+21	0.00e+00	1.10e-28	4.13e-22	1.50e-16	1.21e-11	1.07e-06	2.12e-03	9.98e-01
 8.45591e+21	0.00e+00	1.35e-28	4.84e-22	1.68e-16	1.29e-11	1.14e-06	2.20e-03	9.98e-01
 8.63105e+21	0.00e+00	1.69e-28	5.76e-22	1.90e-16	1.39e-11	1.21e-06	2.29e-03	9.98e-01
 8.78844e+21	0.00e+00	2.07e-28	6.74e-22	2.13e-16	1.49e-11	1.29e-06	2.38e-03	9.98e-01
 8.92810e+21	0.00e+00	2.46e-28	7.71e-22	2.34e-16	1.58e-11	1.35e-06	2.46e-03	9.98e-01
 9.08464e+21	0.00e+00	2.97e-28	8.93e-22	2.60e-16	1.68e-11	1.43e-06	2.54e-03	9.97e-01
 9.28815e+21	0.00e+00	3.79e-28	1.08e-21	2.99e-16	1.83e-11	1.53e-06	2.66e-03	9.97e-01
 9.49635e+21	0.00e+00	4.87e-28	1.31e-21	3.44e-16	2.00e-11	1.65e-06	2.78e-03	9.97e-01
 9.66419e+21	0.00e+00	5.92e-28	1.53e-21	3.84e-16	2.14e-11	1.75e-06	2.88e-03	9.97e-01
 9.83590e+21	0.00e+00	7.20e-28	1.79e-21	4.29e-16	2.29e-11	1.85e-06	2.98e-03	9.97e-01
 1.00591e+22	0.00e+00	9.26e-28	2.18e-21	4.96e-16	2.51e-11	2.00e-06	3.12e-03	9.97e-01
 1.02857e+22	0.00e+00	1.20e-27	2.67e-21	5.74e-16	2.75e-11	2.16e-06	3.27e-03	9.97e-01
 1.04618e+22	0.00e+00	1.45e-27	3.11e-21	6.42e-16	2.95e-11	2.29e-06	3.38e-03	9.97e-01
 1.06357e+22	0.00e+00	1.75e-27	3.60e-21	7.14e-16	3.16e-11	2.42e-06	3.50e-03	9.97e-01
 1.08618e+22	0.00e+00	2.23e-27	4.35e-21	8.21e-16	3.45e-11	2.60e-06	3.65e-03	9.96e-01
 1.10994e+22	0.00e+00	2.87e-27	5.31e-21	9.51e-16	3.79e-11	2.81e-06	3.81e-03	9.96e-01
 1.13002e+22	0.00e+00	3.53e-27	6.26e-21	1.07e-15	4.10e-11	3.00e-06	3.95e-03	9.96e-01
 1.15095e+22	0.00e+00	4.36e-27	7.40e-21	1.22e-15	4.44e-11	3.20e-06	4.10e-03	9.96e-01
 1.17816e+22	0.00e+00	5.71e-27	9.18e-21	1.43e-15	4.93e-11	3.47e-06	4.30e-03	9.96e-01
 1.20571e+22	0.00e+00	7.53e-27	1.14e-20	1.68e-15	5.48e-11	3.78e-06	4.51e-03	9.95e-01
 1.22658e+22	0.00e+00	9.24e-27	1.35e-20	1.89e-15	5.94e-11	4.03e-06	4.67e-03	9.95e-01
 1.24658e+22	0.00e+00	1.12e-26	1.57e-20	2.12e-15	6.39e-11	4.27e-06	4.82e-03	9.95e-01
 1.27258e+22	0.00e+00	1.42e-26	1.90e-20	2.45e-15	7.04e-11	4.61e-06	5.03e-03	9.95e-01
 1.30016e+22	0.00e+00	1.84e-26	2.34e-20	2.86e-15	7.80e-11	4.99e-06	5.25e-03	9.95e-01
 1.32373e+22	0.00e+00	2.29e-26	2.78e-20	3.26e-15	8.51e-11	5.34e-06	5.45e-03	9.95e-01
 1.34833e+22	0.00e+00	2.85e-26	3.32e-20	3.72e-15	9.30e-11	5.72e-06	5.66e-03	9.94e-01
 1.38030e+22	0.00e+00	3.78e-26	4.16e-20	4.41e-15	1.04e-10	6.25e-06	5.93e-03	9.94e-01
 1.41274e+22	0.00e+00	5.04e-26	5.25e-20	5.26e-15	1.17e-10	6.83e-06	6.22e-03	9.94e-01
 1.43851e+22	0.00e+00	6.29e-26	6.28e-20	6.02e-15	1.29e-10	7.32e-06	6.46e-03	9.94e-01
 1.46094e+22	0.00e+00	7.61e-26	7.31e-20	6.76e-15	1.39e-10	7.77e-06	6.67e-03	9.93e-01
 1.48632e+22	0.00e+00	9.39e-26	8.66e-20	7.69e-15	1.52e-10	8.31e-06	6.90e-03	9.93e-01
 1.51931e+22	0.00e+00	1.23e-25	1.08e-19	9.08e-15	1.70e-10	9.04e-06	7.22e-03	9.93e-01
 1.55327e+22	0.00e+00	1.63e-25	1.35e-19	1.08e-14	1.92e-10	9.87e-06	7.56e-03	9.92e-01
 1.58091e+22	0.00e+00	2.04e-25	1.62e-19	1.24e-14	2.10e-10	1.06e-05	7.84e-03	9.92e-01
 1.60929e+22	0.00e+00	2.54e-25	1.94e-19	1.42e-14	2.31e-10	1.13e-05	8.13e-03	9.92e-01
 1.64618e+22	0.00e+00	3.38e-25	2.44e-19	1.69e-14	2.61e-10	1.24e-05	8.52e-03	9.91e-01
 1.68442e+22	0.00e+00	4.56e-25	3.11e-19	2.04e-14	2.97e-10	1.36e-05	8.94e-03	9.91e-01
 1.71563e+22	0.00e+00	5.78e-25	3.78e-19	2.36e-14	3.29e-10	1.47e-05	9.29e-03	9.91e-01
 1.74738e+22	0.00e+00	7.25e-25	4.54e-19	2.72e-14	3.63e-10	1.58e-05	9.63e-03	9.90e-01
 1.78318e+22	0.00e+00	9.53e-25	5.67e-19	3.23e-14	4.09e-10	1.72e-05	1.01e-02	9.90e-01
 1.81592e+22	0.00e+00	1.21e-24	6.90e-19	3.75e-14	4.54e-10	1.85e-05	1.05e-02	9.90e-01
 1.84523e+22	0.00e+00	1.50e-24	8.19e-19	4.28e-14	4.98e-10	1.98e-05	1.08e-02	9.89e-01
 1.87845e+22	0.00e+00	1.88e-24	9.85e-19	4.94e-14	5.50e-10	2.12e-05	1.12e-02	9.89e-01
 1.92162e+22	0.00e+00	2.56e-24	1.27e-18	6.00e-14	6.29e-10	2.33e-05	1.18e-02	9.88e-01
 1.96529e+22	0.00e+00	3.48e-24	1.63e-18	7.29e-14	7.22e-10	2.57e-05	1.24e-02	9.88e-01
 1.99987e+22	0.00e+00	4.42e-24	1.98e-18	8.47e-14	8.02e-10	2.77e-05	1.28e-02	9.87e-01
 2.03511e+22	0.00e+00	5.59e-24	2.40e-18	9.83e-14	8.90e-10	2.98e-05	1.33e-02	9.87e-01
 2.08091e+22	0.00e+00	7.58e-24	3.08e-18	1.19e-13	1.02e-09	3.27e-05	1.40e-02	9.86e-01
 2.12546e+22	0.00e+00	1.03e-23	3.95e-18	1.44e-13	1.17e-09	3.59e-05	1.46e-02	9.85e-01
 2.15696e+22	0.00e+00	1.27e-23	4.68e-18	1.65e-13	1.28e-09	3.83e-05	1.51e-02	9.85e-01
 2.18649e+22	0.00e+00	1.53e-23	5.47e-18	1.86e-13	1.40e-09	4.07e-05	1.56e-02	9.84e-01
 2.22487e+22	0.00e+00	1.96e-23	6.68e-18	2.17e-13	1.56e-09	4.38e-05	1.62e-02	9.84e-01
 2.26767e+22	0.00e+00	2.58e-23	8.38e-18	2.59e-13	1.76e-09	4.77e-05	1.69e-02	9.83e-01
 2.30329e+22	0.00e+00	3.25e-23	1.01e-17	3.00e-13	1.96e-09	5.12e-05	1.75e-02	9.82e-01
 2.33016e+22	0.00e+00	3.85e-23	1.16e-17	3.34e-13	2.11e-09	5.39e-05	1.79e-02	9.82e-01
 2.35857e+22	0.00e+00	4.60e-23	1.35e-17	3.75e-13	2.29e-09	5.70e-05	1.84e-02	9.82e-01
 2.39549e+22	5.40e-30	5.76e-23	1.62e-17	4.32e-13	2.53e-09	6.11e-05	1.91e-02	9.81e-01
 2.43275e+22	7.14e-30	7.30e-23	1.97e-17	5.03e-13	2.82e-09	6.56e-05	1.98e-02	9.80e-01
 2.46098e+22	8.79e-30	8.70e-23	2.27e-17	5.63e-13	3.05e-09	6.92e-05	2.03e-02	9.80e-01
 2.48819e+22	1.07e-29	1.03e-22	2.60e-17	6.25e-13	3.29e-09	7.28e-05	2.08e-02	9.79e-01
 2.52357e+22	1.37e-29	1.27e-22	3.10e-17	7.16e-13	3.62e-09	7.77e-05	2.15e-02	9.78e-01
 2.56107e+22	1.80e-29	1.60e-22	3.75e-17	8.31e-13	4.02e-09	8.33e-05	2.22e-02	9.78e-01
 2.59225e+22	2.26e-29	1.93e-22	4.38e-17	9.38e-13	4.38e-09	8.82e-05	2.29e-02	9.77e-01
 2.62368e+22	2.81e-29	2.33e-22	5.10e-17	1.06e-12	4.77e-09	9.34e-05	2.35e-02	9.76e-01
 2.65861e+22	3.60e-29	2.87e-22	6.07e-17	1.21e-12	5.25e-09	9.95e-05	2.43e-02	9.76e-01
 2.68967e+22	4.48e-29	3.46e-22	7.08e-17	1.36e-12	5.71e-09	1.05e-04	2.50e-02	9.75e-01
 2.71662e+22	5.41e-29	4.06e-22	8.07e-17	1.51e-12	6.14e-09	1.10e-04	2.56e-02	9.74e-01
 2.74664e+22	6.65e-29	4.83e-22	9.32e-17	1.69e-12	6.65e-09	1.16e-04	2.62e-02	9.74e-01
 2.78567e+22	8.67e-29	6.05e-22	1.12e-16	1.95e-12	7.37e-09	1.25e-04	2.71e-02	9.73e-01
 2.82546e+22	1.15e-28	7.68e-22	1.36e-16	2.28e-12	8.21e-09	1.34e-04	2.81e-02	9.72e-01
 2.85641e+22	1.42e-28	9.20e-22	1.58e-16	2.56e-12	8.92e-09	1.41e-04	2.88e-02	9.71e-01
 2.88684e+22	1.74e-28	1.09e-21	1.83e-16	2.86e-12	9.65e-09	1.49e-04	2.96e-02	9.70e-01
 2.92639e+22	2.27e-28	1.37e-21	2.20e-16	3.30e-12	1.07e-08	1.59e-04	3.06e-02	9.69e-01
 2.96595e+22	2.98e-28	1.73e-21	2.66e-16	3.84e-12	1.19e-08	1.71e-04	3.16e-02	9.68e-01
 2.99578e+22	3.65e-28	2.05e-21	3.07e-16	4.29e-12	1.29e-08	1.80e-04	3.24e-02	9.67e-01
 3.02483e+22	4.41e-28	2.41e-21	3.50e-16	4.76e-12	1.38e-08	1.89e-04	3.32e-02	9.67e-01
 3.06260e+22	5.65e-28	2.97e-21	4.17e-16	5.45e-12	1.52e-08	2.01e-04	3.42e-02	9.66e-01
 3.10245e+22	7.38e-28	3.73e-21	5.03e-16	6.31e-12	1.69e-08	2.15e-04	3.54e-02	9.64e-01
 3.13552e+22	9.25e-28	4.52e-21	5.90e-16	7.15e-12	1.85e-08	2.28e-04	3.64e-02	9.63e-01
 3.16441e+22	1.11e-27	5.27e-21	6.69e-16	7.89e-12	1.98e-08	2.38e-04	3.72e-02	9.63e-01
 3.19737e+22	1.37e-27	6.30e-21	7.76e-16	8.86e-12	2.15e-08	2.52e-04	3.82e-02	9.62e-01
 3.24022e+22	1.79e-27	7.93e-21	9.38e-16	1.03e-11	2.39e-08	2.69e-04	3.95e-02	9.60e-01
 3.28468e+22	2.39e-27	1.01e-20	1.15e-15	1.21e-11	2.68e-08	2.90e-04	4.09e-02	9.59e-01
 3.32029e+22	3.02e-27	1.24e-20	1.36e-15	1.37e-11	2.94e-08	3.08e-04	4.21e-02	9.58e-01
 3.35562e+22	3.72e-27	1.48e-20	1.57e-15	1.54e-11	3.19e-08	3.25e-04	4.32e-02	9.56e-01
 3.40155e+22	4.91e-27	1.87e-20	1.91e-15	1.80e-11	3.55e-08	3.49e-04	4.47e-02	9.55e-01
 3.44964e+22	6.61e-27	2.41e-20	2.36e-15	2.12e-11	4.00e-08	3.76e-04	4.64e-02	9.53e-01
 3.48889e+22	8.49e-27	2.98e-20	2.81e-15	2.44e-11	4.41e-08	4.01e-04	4.79e-02	9.52e-01
 3.52156e+22	1.02e-26	3.49e-20	3.20e-15	2.70e-11	4.74e-08	4.20e-04	4.90e-02	9.51e-01
 3.55727e+22	1.25e-26	4.16e-20	3.71e-15	3.03e-11	5.15e-08	4.43e-04	5.03e-02	9.49e-01
 3.60370e+22	1.63e-26	5.20e-20	4.47e-15	3.51e-11	5.71e-08	4.74e-04	5.19e-02	9.48e-01
 3.65327e+22	2.17e-26	6.63e-20	5.47e-15	4.12e-11	6.40e-08	5.10e-04	5.38e-02	9.46e-01
 3.69557e+22	2.76e-26	8.15e-20	6.49e-15	4.71e-11	7.04e-08	5.43e-04	5.54e-02	9.44e-01
 3.73921e+22	3.48e-26	9.93e-20	7.65e-15	5.37e-11	7.73e-08	5.76e-04	5.70e-02	9.42e-01
 3.79595e+22	4.68e-26	1.28e-19	9.46e-15	6.34e-11	8.71e-08	6.23e-04	5.92e-02	9.40e-01
 3.85253e+22	6.36e-26	1.66e-19	1.18e-14	7.54e-11	9.85e-08	6.74e-04	6.15e-02	9.38e-01
 3.89483e+22	7.99e-26	2.02e-19	1.39e-14	8.58e-11	1.08e-07	7.16e-04	6.33e-02	9.36e-01
 3.93571e+22	9.68e-26	2.38e-19	1.59e-14	9.57e-11	1.17e-07	7.53e-04	6.48e-02	9.34e-01
 3.98885e+22	1.25e-25	2.96e-19	1.91e-14	1.11e-10	1.29e-07	8.05e-04	6.69e-02	9.32e-01
 4.04720e+22	1.66e-25	3.78e-19	2.33e-14	1.30e-10	1.45e-07	8.67e-04	6.94e-02	9.30e-01
 4.09885e+22	2.12e-25	4.66e-19	2.79e-14	1.49e-10	1.61e-07	9.25e-04	7.15e-02	9.28e-01
 4.14500e+22	2.63e-25	5.61e-19	3.25e-14	1.69e-10	1.75e-07	9.79e-04	7.35e-02	9.26e-01
 4.19747e+22	3.29e-25	6.78e-19	3.81e-14	1.92e-10	1.92e-07	1.04e-03	7.56e-02	9.23e-01
 4.26570e+22	4.39e-25	8.69e-19	4.69e-14	2.26e-10	2.16e-07	1.12e-03	7.84e-02	9.20e-01
 4.33662e+22	5.96e-25	1.13e-18	5.85e-14	2.70e-10	2.46e-07	1.22e-03	8.15e-02	9.17e-01
 4.39375e+22	7.62e-25	1.40e-18	6.98e-14	3.11e-10	2.72e-07	1.30e-03	8.41e-02	9.15e-01
 4.45070e+22	9.41e-25	1.67e-18	8.13e-14	3.51e-10	2.97e-07	1.38e-03	8.64e-02	9.12e-01
 4.52475e+22	1.25e-24	2.13e-18	9.95e-14	4.13e-10	3.33e-07	1.48e-03	8.95e-02	9.09e-01
 4.60221e+22	1.68e-24	2.74e-18	1.23e-13	4.90e-10	3.77e-07	1.61e-03	9.29e-02	9.05e-01
 4.66326e+22	2.12e-24	3.36e-18	1.46e-13	5.61e-10	4.16e-07	1.71e-03	9.57e-02	9.03e-01
 4.71318e+22	2.52e-24	3.89e-18	1.65e-13	6.21e-10	4.47e-07	1.79e-03	9.78e-02	9.00e-01
 4.76949e+22	3.04e-24	4.58e-18	1.90e-13	6.92e-10	4.84e-07	1.89e-03	1.00e-01	8.98e-01
 4.84269e+22	3.87e-24	5.63e-18	2.26e-13	7.96e-10	5.36e-07	2.01e-03	1.03e-01	8.95e-01
 4.92349e+22	5.07e-24	7.10e-18	2.74e-13	9.32e-10	6.00e-07	2.17e-03	1.07e-01	8.91e-01
 4.99560e+22	6.45e-24	8.74e-18	3.27e-13	1.07e-09	6.65e-07	2.31e-03	1.10e-01	8.87e-01
 5.05997e+22	7.83e-24	1.03e-17	3.76e-13	1.20e-09	7.22e-07	2.44e-03	1.13e-01	8.85e-01
 5.13281e+22	9.71e-24	1.24e-17	4.40e-13	1.36e-09	7.91e-07	2.59e-03	1.16e-01	8.81e-01
 5.22751e+22	1.28e-23	1.57e-17	5.36e-13	1.60e-09	8.88e-07	2.79e-03	1.20e-01	8.77e-01
 5.32817e+22	1.71e-23	2.03e-17	6.65e-13	1.90e-09	1.01e-06	3.02e-03	1.25e-01	8.72e-01
 5.41207e+22	2.18e-23	2.49e-17	7.91e-13	2.18e-09	1.11e-06	3.23e-03	1.29e-01	8.68e-01
 5.48223e+22	2.63e-23	2.93e-17	9.08e-13	2.44e-09	1.21e-06	3.40e-03	1.32e-01	8.65e-01
 5.55905e+22	3.19e-23	3.47e-17	1.05e-12	2.73e-09	1.31e-06	3.58e-03	1.35e-01	8.61e-01
 5.65891e+22	4.11e-23	4.31e-17	1.26e-12	3.17e-09	1.46e-06	3.84e-03	1.39e-01	8.57e-01
 5.76419e+22	5.40e-23	5.45e-17	1.53e-12	3.73e-09	1.64e-06	4.14e-03	1.44e-01	8.52e-01
 5.84834e+22	6.67e-23	6.53e-17	1.79e-12	4.22e-09	1.80e-06	4.39e-03	1.48e-01	8.48e-01
 5.92957e+22	8.03e-23	7.67e-17	2.05e-12	4.71e-09	1.95e-06	4.62e-03	1.52e-01	8.44e-01
 6.03516e+22	1.02e-22	9.40e-17	2.43e-12	5.41e-09	2.16e-06	4.93e-03	1.56e-01	8.39e-01
 6.14968e+22	1.32e-22	1.18e-16	2.95e-12	6.32e-09	2.42e-06	5.30e-03	1.61e-01	8.33e-01
 6.24662e+22	1.64e-22	1.42e-16	3.45e-12	7.18e-09	2.66e-06	5.62e-03	1.66e-01	8.29e-01
 6.33041e+22	1.96e-22	1.65e-16	3.92e-12	7.96e-09	2.86e-06	5.90e-03	1.69e-01	8.25e-01
 6.42625e+22	2.39e-22	1.96e-16	4.53e-12	8.95e-09	3.12e-06	6.23e-03	1.73e-01	8.20e-01
 6.55085e+22	3.04e-22	2.41e-16	5.40e-12	1.03e-08	3.46e-06	6.66e-03	1.79e-01	8.15e-01
 6.67759e+22	3.94e-22	3.02e-16	6.54e-12	1.20e-08	3.87e-06	7.15e-03	1.84e-01	8.08e-01
 6.77098e+22	4.72e-22	3.53e-16	7.46e-12	1.34e-08	4.19e-06	7.51e-03	1.88e-01	8.04e-01
 6.85626e+22	5.53e-22	4.06e-16	8.38e-12	1.47e-08	4.49e-06	7.85e-03	1.92e-01	8.00e-01
 6.96712e+22	6.71e-22	4.79e-16	9.64e-12	1.65e-08	4.87e-06	8.28e-03	1.97e-01	7.95e-01
 7.11125e+22	8.50e-22	5.87e-16	1.15e-11	1.90e-08	5.40e-06	8.83e-03	2.02e-01	7.89e-01
 7.25994e+22	1.11e-21	7.42e-16	1.40e-11	2.23e-08	6.07e-06	9.51e-03	2.09e-01	7.82e-01
 7.37128e+22	1.34e-21	8.72e-16	1.60e-11	2.49e-08	6.59e-06	1.00e-02	2.14e-01	7.76e-01
 7.47273e+22	1.58e-21	1.00e-15	1.80e-11	2.74e-08	7.06e-06	1.05e-02	2.18e-01	7.72e-01
 7.60462e+22	1.94e-21	1.20e-15	2.09e-11	3.09e-08	7.71e-06	1.11e-02	2.23e-01	7.66e-01
 7.74530e+22	2.42e-21	1.45e-15	2.46e-11	3.52e-08	8.48e-06	1.17e-02	2.29e-01	7.59e-01
 7.86140e+22	2.89e-21	1.69e-15	2.80e-11	3.92e-08	9.17e-06	1.23e-02	2.34e-01	7.54e-01
 7.97630e+22	3.37e-21	1.93e-15	3.13e-11	4.28e-08	9.79e-06	1.29e-02	2.38e-01	7.49e-01
 8.12568e+22	4.15e-21	2.30e-15	3.65e-11	4.84e-08	1.07e-05	1.36e-02	2.43e-01	7.43e-01
 8.28629e+22	5.16e-21	2.78e-15	4.28e-11	5.51e-08	1.18e-05	1.44e-02	2.49e-01	7.36e-01
 8.42262e+22	6.19e-21	3.26e-15	4.88e-11	6.13e-08	1.27e-05	1.52e-02	2.55e-01	7.30e-01
 8.56096e+22	7.37e-21	3.78e-15	5.54e-11	6.79e-08	1.37e-05	1.59e-02	2.60e-01	7.24e-01
 8.74080e+22	9.15e-21	4.56e-15	6.49e-11	7.71e-08	1.50e-05	1.68e-02	2.66e-01	7.17e-01
 8.93501e+22	1.16e-20	5.59e-15	7.71e-11	8.86e-08	1.67e-05	1.79e-02	2.73e-01	7.09e-01
 9.09999e+22	1.41e-20	6.63e-15	8.90e-11	9.95e-08	1.81e-05	1.89e-02	2.79e-01	7.02e-01
 9.26652e+22	1.69e-20	7.71e-15	1.01e-10	1.10e-07	1.95e-05	1.98e-02	2.84e-01	6.96e-01
 9.48301e+22	2.11e-20	9.38e-15	1.19e-10	1.26e-07	2.15e-05	2.10e-02	2.91e-01	6.88e-01
 9.72249e+22	2.72e-20	1.17e-14	1.43e-10	1.46e-07	2.40e-05	2.25e-02	2.99e-01	6.79e-01
 9.93548e+22	3.40e-20	1.41e-14	1.68e-10	1.67e-07	2.64e-05	2.38e-02	3.06e-01	6.70e-01
 1.01131e+23	4.08e-20	1.65e-14	1.92e-10	1.85e-07	2.85e-05	2.50e-02	3.11e-01	6.63e-01
 1.03012e+23	4.85e-20	1.92e-14	2.18e-10	2.05e-07	3.07e-05	2.62e-02	3.17e-01	6.57e-01
 1.05457e+23	6.02e-20	2.31e-14	2.55e-10	2.33e-07	3.37e-05	2.77e-02	3.24e-01	6.48e-01
 1.08191e+23	7.66e-20	2.85e-14	3.04e-10	2.69e-07	3.74e-05	2.95e-02	3.32e-01	6.39e-01
 1.10708e+23	9.52e-20	3.43e-14	3.56e-10	3.05e-07	4.10e-05	3.12e-02	3.39e-01	6.30e-01
 1.13387e+23	1.16e-19	4.08e-14	4.12e-10	3.43e-07	4.46e-05	3.29e-02	3.46e-01	6.21e-01
 1.16870e+23	1.50e-19	5.07e-14	4.96e-10	3.98e-07	4.97e-05	3.52e-02	3.54e-01	6.11e-01
 1.20619e+23	2.01e-19	6.53e-14	6.14e-10	4.74e-07	5.64e-05	3.79e-02	3.64e-01	5.98e-01
 1.23707e+23	2.56e-19	8.04e-14	7.33e-10	5.47e-07	6.26e-05	4.04e-02	3.72e-01	5.88e-01
 1.26051e+23	3.04e-19	9.33e-14	8.31e-10	6.05e-07	6.74e-05	4.22e-02	3.78e-01	5.80e-01
 1.28434e+23	3.51e-19	1.06e-13	9.24e-10	6.60e-07	7.17e-05	4.38e-02	3.83e-01	5.73e-01
 1.31531e+23	4.26e-19	1.25e-13	1.06e-09	7.40e-07	7.79e-05	4.60e-02	3.89e-01	5.65e-01
 1.35557e+23	5.27e-19	1.50e-13	1.24e-09	8.39e-07	8.53e-05	4.86e-02	3.96e-01	5.55e-01
 1.40014e+23	6.82e-19	1.88e-13	1.51e-09	9.81e-07	9.56e-05	5.20e-02	4.05e-01	5.43e-01
 1.43838e+23	8.66e-19	2.31e-13	1.80e-09	1.13e-06	1.06e-04	5.53e-02	4.14e-01	5.31e-01
 1.46890e+23	1.02e-18	2.66e-13	2.03e-09	1.25e-06	1.14e-04	5.77e-02	4.19e-01	5.23e-01
 1.50129e+23	1.18e-18	3.02e-13	2.25e-09	1.36e-06	1.21e-04	5.98e-02	4.24e-01	5.16e-01
 1.54339e+23	1.42e-18	3.55e-13	2.59e-09	1.53e-06	1.32e-04	6.28e-02	4.30e-01	5.07e-01
 1.59813e+23	1.73e-18	4.21e-13	3.00e-09	1.72e-06	1.44e-04	6.60e-02	4.37e-01	4.97e-01
 1.66227e+23	2.23e-18	5.25e-13	3.62e-09	2.01e-06	1.61e-04	7.05e-02	4.45e-01	4.84e-01
 1.72257e+23	2.86e-18	6.51e-13	4.36e-09	2.34e-06	1.79e-04	7.51e-02	4.53e-01	4.71e-01
 1.77208e+23	3.49e-18	7.75e-13	5.06e-09	2.65e-06	1.96e-04	7.91e-02	4.60e-01	4.61e-01
 1.82362e+23	3.98e-18	8.69e-13	5.59e-09	2.88e-06	2.08e-04	8.18e-02	4.64e-01	4.54e-01
 1.89042e+23	4.67e-18	9.99e-13	6.30e-09	3.17e-06	2.23e-04	8.51e-02	4.69e-01	4.45e-01
 1.96727e+23	5.71e-18	1.19e-12	7.33e-09	3.60e-06	2.45e-04	8.97e-02	4.76e-01	4.35e-01
 2.04720e+23	6.85e-18	1.40e-12	8.41e-09	4.03e-06	2.66e-04	9.39e-02	4.81e-01	4.25e-01
 2.13032e+23	8.09e-18	1.62e-12	9.55e-09	4.48e-06	2.87e-04	9.81e-02	4.86e-01	4.16e-01
 2.21677e+23	9.43e-18	1.85e-12	1.07e-08	4.94e-06	3.08e-04	1.02e-01	4.91e-01	4.07e-01
 2.30054e+23	1.10e-17	2.11e-12	1.21e-08	5.45e-06	3.31e-04	1.06e-01	4.95e-01	3.99e-01
 2.37597e+23	1.23e-17	2.33e-12	1.31e-08	5.85e-06	3.48e-04	1.09e-01	4.98e-01	3.92e-01
 2.44385e+23	1.36e-17	2.54e-12	1.42e-08	6.24e-06	3.65e-04	1.12e-01	5.01e-01	3.87e-01
 2.50495e+23	1.47e-17	2.73e-12	1.51e-08	6.58e-06	3.79e-04	1.14e-01	5.03e-01	3.82e-01
 2.55993e+23	1.57e-17	2.89e-12	1.58e-08	6.84e-06	3.90e-04	1.16e-01	5.05e-01	3.78e-01
 2.60942e+23	1.65e-17	3.02e-12	1.65e-08	7.08e-06	4.00e-04	1.18e-01	5.06e-01	3.75e-01
 2.65396e+23	1.72e-17	3.14e-12	1.70e-08	7.28e-06	4.08e-04	1.19e-01	5.07e-01	3.73e-01
 2.69405e+23	1.78e-17	3.23e-12	1.75e-08	7.43e-06	4.14e-04	1.20e-01	5.08e-01	3.71e-01
 2.73012e+23	1.83e-17	3.31e-12	1.79e-08	7.58e-06	4.20e-04	1.21e-01	5.09e-01	3.70e-01
 2.76259e+23	1.88e-17	3.39e-12	1.82e-08	7.71e-06	4.25e-04	1.22e-01	5.10e-01	3.68e-01
 2.79325e+23	1.90e-17	3.43e-12	1.84e-08	7.77e-06	4.28e-04	1.22e-01	5.10e-01	3.67e-01
 2.82380e+23	1.92e-17	3.45e-12	1.85e-08	7.81e-06	4.29e-04	1.23e-01	5.10e-01	3.67e-01
 2.85434e+23	1.95e-17	3.50e-12	1.87e-08	7.88e-06	4.33e-04	1.23e-01	5.11e-01	3.66e-01
 2.88489e+23	1.96e-17	3.52e-12	1.88e-08	7.92e-06	4.34e-04	1.23e-01	5.11e-01	3.66e-01
 2.91544e+23	1.98e-17	3.55e-12	1.90e-08	7.97e-06	4.36e-04	1.24e-01	5.11e-01	3.65e-01
 2.94599e+23	1.99e-17	3.56e-12	1.90e-08	7.98e-06	4.36e-04	1.24e-01	5.11e-01	3.65e-01
 2.97654e+23	2.00e-17	3.57e-12	1.91e-08	8.01e-06	4.37e-04	1.24e-01	5.11e-01	3.65e-01
 3.00709e+23	2.00e-17	3.58e-12	1.91e-08	8.02e-06	4.38e-04	1.24e-01	5.11e-01	3.65e-01
 3.03763e+23	2.01e-17	3.60e-12	1.92e-08	8.05e-06	4.39e-04	1.24e-01	5.11e-01	3.64e-01
 3.05386e+23	2.15e-17	3.81e-12	2.02e-08	8.42e-06	4.54e-04	1.26e-01	5.13e-01	3.60e-01
