#depth	Ne	Ne+	Ne+2	Ne+3	Ne+4	Ne+5	Ne+6	Ne+7	Ne+8	Ne+9	Ne+10
 6.17135e+19	0.00e+00	0.00e+00	0.00e+00	0.00e+00	2.12e-27	8.96e-22	1.33e-16	8.70e-12	6.67e-07	1.56e-03	9.98e-01
 1.87609e+20	0.00e+00	0.00e+00	0.00e+00	0.00e+00	3.46e-27	1.34e-21	1.83e-16	1.10e-11	7.82e-07	1.69e-03	9.98e-01
 3.18540e+20	0.00e+00	0.00e+00	0.00e+00	0.00e+00	5.62e-27	2.00e-21	2.52e-16	1.39e-11	9.17e-07	1.83e-03	9.98e-01
 4.54709e+20	0.00e+00	0.00e+00	0.00e+00	0.00e+00	9.14e-27	3.00e-21	3.45e-16	1.76e-11	1.08e-06	1.99e-03	9.98e-01
 5.74414e+20	0.00e+00	0.00e+00	0.00e+00	0.00e+00	1.39e-26	4.23e-21	4.53e-16	2.14e-11	1.23e-06	2.13e-03	9.98e-01
 6.66527e+20	0.00e+00	0.00e+00	0.00e+00	0.00e+00	1.89e-26	5.46e-21	5.54e-16	2.48e-11	1.36e-06	2.25e-03	9.98e-01
 7.48597e+20	0.00e+00	0.00e+00	0.00e+00	0.00e+00	2.48e-26	6.82e-21	6.60e-16	2.82e-11	1.49e-06	2.35e-03	9.98e-01
 8.41158e+20	0.00e+00	0.00e+00	0.00e+00	0.00e+00	3.34e-26	8.72e-21	8.00e-16	3.25e-11	1.64e-06	2.48e-03	9.98e-01
 9.61488e+20	0.00e+00	0.00e+00	0.00e+00	0.00e+00	4.89e-26	1.19e-20	1.02e-15	3.89e-11	1.86e-06	2.64e-03	9.97e-01
 1.08323e+21	0.00e+00	0.00e+00	0.00e+00	0.00e+00	7.13e-26	1.63e-20	1.31e-15	4.65e-11	2.11e-06	2.81e-03	9.97e-01
 1.18014e+21	0.00e+00	0.00e+00	0.00e+00	0.00e+00	9.55e-26	2.07e-20	1.58e-15	5.34e-11	2.32e-06	2.96e-03	9.97e-01
 1.27944e+21	0.00e+00	0.00e+00	0.00e+00	0.00e+00	1.28e-25	2.63e-20	1.90e-15	6.12e-11	2.55e-06	3.11e-03	9.97e-01
 1.40853e+21	0.00e+00	0.00e+00	0.00e+00	0.00e+00	1.86e-25	3.58e-20	2.42e-15	7.28e-11	2.88e-06	3.31e-03	9.97e-01
 1.53988e+21	0.00e+00	0.00e+00	0.00e+00	0.00e+00	2.69e-25	4.85e-20	3.07e-15	8.65e-11	3.25e-06	3.52e-03	9.96e-01
 1.64606e+21	0.00e+00	0.00e+00	0.00e+00	0.00e+00	3.63e-25	6.19e-20	3.71e-15	9.92e-11	3.57e-06	3.71e-03	9.96e-01
 1.74146e+21	0.00e+00	0.00e+00	0.00e+00	0.00e+00	4.72e-25	7.67e-20	4.38e-15	1.12e-10	3.89e-06	3.88e-03	9.96e-01
 1.85095e+21	0.00e+00	0.00e+00	0.00e+00	0.00e+00	6.30e-25	9.72e-20	5.26e-15	1.28e-10	4.27e-06	4.07e-03	9.96e-01
 1.96708e+21	0.00e+00	0.00e+00	0.00e+00	0.00e+00	8.58e-25	1.25e-19	6.40e-15	1.47e-10	4.72e-06	4.29e-03	9.96e-01
 2.06534e+21	0.00e+00	0.00e+00	0.00e+00	0.00e+00	1.11e-24	1.54e-19	7.52e-15	1.65e-10	5.12e-06	4.48e-03	9.96e-01
 2.16655e+21	0.00e+00	0.00e+00	0.00e+00	0.00e+00	1.43e-24	1.90e-19	8.85e-15	1.86e-10	5.57e-06	4.68e-03	9.95e-01
 2.29814e+21	0.00e+00	0.00e+00	0.00e+00	0.00e+00	1.99e-24	2.49e-19	1.09e-14	2.16e-10	6.20e-06	4.95e-03	9.95e-01
 2.43017e+21	0.00e+00	0.00e+00	0.00e+00	4.61e-30	2.77e-24	3.26e-19	1.34e-14	2.50e-10	6.88e-06	5.23e-03	9.95e-01
 2.53115e+21	0.00e+00	0.00e+00	0.00e+00	6.17e-30	3.54e-24	3.98e-19	1.57e-14	2.79e-10	7.45e-06	5.45e-03	9.95e-01
 2.63080e+21	0.00e+00	0.00e+00	0.00e+00	8.18e-30	4.49e-24	4.83e-19	1.82e-14	3.11e-10	8.04e-06	5.67e-03	9.94e-01
 2.76034e+21	0.00e+00	0.00e+00	0.00e+00	1.18e-29	6.10e-24	6.19e-19	2.20e-14	3.56e-10	8.87e-06	5.98e-03	9.94e-01
 2.89467e+21	0.00e+00	0.00e+00	0.00e+00	1.71e-29	8.36e-24	8.01e-19	2.68e-14	4.10e-10	9.81e-06	6.30e-03	9.94e-01
 3.00342e+21	0.00e+00	0.00e+00	0.00e+00	2.30e-29	1.07e-23	9.82e-19	3.14e-14	4.58e-10	1.06e-05	6.57e-03	9.93e-01
 3.09281e+21	0.00e+00	0.00e+00	0.00e+00	2.95e-29	1.32e-23	1.16e-18	3.57e-14	5.02e-10	1.14e-05	6.81e-03	9.93e-01
 3.18883e+21	0.00e+00	0.00e+00	0.00e+00	3.79e-29	1.63e-23	1.38e-18	4.08e-14	5.51e-10	1.22e-05	7.06e-03	9.93e-01
 3.31367e+21	0.00e+00	0.00e+00	0.00e+00	5.27e-29	2.16e-23	1.73e-18	4.85e-14	6.23e-10	1.33e-05	7.39e-03	9.93e-01
 3.44074e+21	0.00e+00	0.00e+00	0.00e+00	7.37e-29	2.86e-23	2.18e-18	5.78e-14	7.06e-10	1.45e-05	7.75e-03	9.92e-01
 3.54228e+21	0.00e+00	0.00e+00	0.00e+00	9.58e-29	3.56e-23	2.60e-18	6.63e-14	7.78e-10	1.56e-05	8.04e-03	9.92e-01
 3.64586e+21	0.00e+00	0.00e+00	0.00e+00	1.25e-28	4.45e-23	3.12e-18	7.62e-14	8.58e-10	1.67e-05	8.35e-03	9.92e-01
 3.78052e+21	0.00e+00	0.00e+00	0.00e+00	1.75e-28	5.93e-23	3.94e-18	9.10e-14	9.73e-10	1.83e-05	8.76e-03	9.91e-01
 3.91504e+21	0.00e+00	0.00e+00	0.00e+00	2.47e-28	7.90e-23	4.97e-18	1.09e-13	1.10e-09	2.01e-05	9.19e-03	9.91e-01
 4.01885e+21	0.00e+00	0.00e+00	0.00e+00	3.19e-28	9.82e-23	5.93e-18	1.25e-13	1.21e-09	2.15e-05	9.52e-03	9.90e-01
 4.12326e+21	0.00e+00	0.00e+00	0.00e+00	4.12e-28	1.22e-22	7.06e-18	1.42e-13	1.33e-09	2.30e-05	9.87e-03	9.90e-01
 4.23804e+21	0.00e+00	0.00e+00	0.00e+00	5.45e-28	1.54e-22	8.55e-18	1.65e-13	1.48e-09	2.48e-05	1.03e-02	9.90e-01
 4.34180e+21	0.00e+00	0.00e+00	0.00e+00	7.02e-28	1.91e-22	1.02e-17	1.88e-13	1.62e-09	2.65e-05	1.06e-02	9.89e-01
 4.43679e+21	0.00e+00	0.00e+00	0.00e+00	8.80e-28	2.30e-22	1.19e-17	2.12e-13	1.76e-09	2.82e-05	1.10e-02	9.89e-01
 4.54491e+21	0.00e+00	0.00e+00	0.00e+00	1.14e-27	2.86e-22	1.41e-17	2.42e-13	1.94e-09	3.02e-05	1.14e-02	9.89e-01
 4.66618e+21	0.00e+00	0.00e+00	0.00e+00	1.52e-27	3.64e-22	1.72e-17	2.81e-13	2.15e-09	3.26e-05	1.18e-02	9.88e-01
 4.77970e+21	0.00e+00	0.00e+00	0.00e+00	1.98e-27	4.56e-22	2.07e-17	3.24e-13	2.38e-09	3.50e-05	1.23e-02	9.88e-01
 4.88163e+21	0.00e+00	0.00e+00	0.00e+00	2.51e-27	5.57e-22	2.43e-17	3.67e-13	2.60e-09	3.73e-05	1.27e-02	9.87e-01
 4.99336e+21	0.00e+00	0.00e+00	0.00e+00	3.24e-27	6.91e-22	2.90e-17	4.19e-13	2.85e-09	3.99e-05	1.31e-02	9.87e-01
 5.11840e+21	0.00e+00	0.00e+00	0.00e+00	4.32e-27	8.80e-22	3.52e-17	4.87e-13	3.17e-09	4.30e-05	1.37e-02	9.86e-01
 5.23422e+21	0.00e+00	0.00e+00	0.00e+00	5.63e-27	1.10e-21	4.22e-17	5.59e-13	3.50e-09	4.61e-05	1.42e-02	9.86e-01
 5.34055e+21	0.00e+00	0.00e+00	0.00e+00	7.14e-27	1.34e-21	4.97e-17	6.34e-13	3.82e-09	4.91e-05	1.46e-02	9.85e-01
 5.46105e+21	0.00e+00	0.00e+00	0.00e+00	9.33e-27	1.68e-21	5.98e-17	7.30e-13	4.22e-09	5.28e-05	1.52e-02	9.85e-01
 5.59072e+21	0.00e+00	0.00e+00	0.00e+00	1.25e-26	2.15e-21	7.29e-17	8.50e-13	4.70e-09	5.69e-05	1.58e-02	9.84e-01
 5.70442e+21	0.00e+00	0.00e+00	0.00e+00	1.60e-26	2.65e-21	8.66e-17	9.70e-13	5.16e-09	6.08e-05	1.63e-02	9.84e-01
 5.82434e+21	0.00e+00	0.00e+00	0.00e+00	2.07e-26	3.30e-21	1.03e-16	1.11e-12	5.69e-09	6.51e-05	1.69e-02	9.83e-01
 5.95895e+21	0.00e+00	0.00e+00	0.00e+00	2.77e-26	4.22e-21	1.26e-16	1.30e-12	6.34e-09	7.03e-05	1.76e-02	9.82e-01
 6.08434e+21	0.00e+00	0.00e+00	0.00e+00	3.63e-26	5.29e-21	1.52e-16	1.50e-12	7.02e-09	7.55e-05	1.82e-02	9.82e-01
 6.19986e+21	0.00e+00	0.00e+00	0.00e+00	4.64e-26	6.50e-21	1.80e-16	1.70e-12	7.70e-09	8.05e-05	1.88e-02	9.81e-01
 6.33087e+21	0.00e+00	0.00e+00	0.00e+00	6.09e-26	8.19e-21	2.18e-16	1.97e-12	8.53e-09	8.66e-05	1.95e-02	9.80e-01
 6.47214e+21	0.00e+00	0.00e+00	0.00e+00	8.20e-26	1.05e-20	2.67e-16	2.30e-12	9.55e-09	9.36e-05	2.03e-02	9.80e-01
 6.59608e+21	0.00e+00	0.00e+00	0.00e+00	1.06e-25	1.31e-20	3.19e-16	2.64e-12	1.05e-08	1.00e-04	2.10e-02	9.79e-01
 6.72651e+21	0.00e+00	0.00e+00	0.00e+00	1.38e-25	1.63e-20	3.82e-16	3.04e-12	1.16e-08	1.07e-04	2.18e-02	9.78e-01
 6.87295e+21	0.00e+00	0.00e+00	0.00e+00	1.85e-25	2.10e-20	4.70e-16	3.56e-12	1.30e-08	1.16e-04	2.26e-02	9.77e-01
 7.00933e+21	0.00e+00	0.00e+00	0.00e+00	2.44e-25	2.65e-20	5.68e-16	4.12e-12	1.45e-08	1.25e-04	2.35e-02	9.76e-01
 7.13494e+21	0.00e+00	0.00e+00	0.00e+00	3.12e-25	3.26e-20	6.74e-16	4.71e-12	1.59e-08	1.33e-04	2.42e-02	9.76e-01
 7.27747e+21	0.00e+00	0.00e+00	0.00e+00	4.12e-25	4.12e-20	8.17e-16	5.46e-12	1.77e-08	1.43e-04	2.51e-02	9.75e-01
 7.43293e+21	0.00e+00	0.00e+00	0.00e+00	5.57e-25	5.32e-20	1.01e-15	6.43e-12	1.99e-08	1.55e-04	2.61e-02	9.74e-01
 7.57218e+21	0.00e+00	0.00e+00	0.00e+00	7.31e-25	6.70e-20	1.22e-15	7.44e-12	2.21e-08	1.66e-04	2.71e-02	9.73e-01
 7.70020e+21	0.00e+00	0.00e+00	0.00e+00	9.24e-25	8.18e-20	1.43e-15	8.44e-12	2.42e-08	1.77e-04	2.79e-02	9.72e-01
 7.84666e+21	0.00e+00	0.00e+00	0.00e+00	1.21e-24	1.03e-19	1.73e-15	9.77e-12	2.68e-08	1.90e-04	2.89e-02	9.71e-01
 8.00958e+21	0.00e+00	0.00e+00	0.00e+00	1.63e-24	1.33e-19	2.14e-15	1.15e-11	3.02e-08	2.05e-04	3.01e-02	9.70e-01
 8.15941e+21	0.00e+00	0.00e+00	4.34e-30	2.14e-24	1.67e-19	2.58e-15	1.33e-11	3.36e-08	2.21e-04	3.12e-02	9.69e-01
 8.29784e+21	0.00e+00	0.00e+00	5.77e-30	2.74e-24	2.06e-19	3.07e-15	1.52e-11	3.69e-08	2.35e-04	3.22e-02	9.68e-01
 8.45591e+21	0.00e+00	0.00e+00	7.93e-30	3.61e-24	2.60e-19	3.72e-15	1.77e-11	4.11e-08	2.53e-04	3.33e-02	9.66e-01
 8.63105e+21	0.00e+00	0.00e+00	1.13e-29	4.90e-24	3.37e-19	4.60e-15	2.09e-11	4.64e-08	2.74e-04	3.47e-02	9.65e-01
 8.78844e+21	0.00e+00	0.00e+00	1.55e-29	6.44e-24	4.25e-19	5.58e-15	2.42e-11	5.17e-08	2.95e-04	3.59e-02	9.64e-01
 8.92810e+21	0.00e+00	0.00e+00	2.02e-29	8.11e-24	5.17e-19	6.55e-15	2.75e-11	5.66e-08	3.13e-04	3.70e-02	9.63e-01
 9.08464e+21	0.00e+00	0.00e+00	2.70e-29	1.04e-23	6.41e-19	7.82e-15	3.15e-11	6.25e-08	3.35e-04	3.82e-02	9.61e-01
 9.28815e+21	0.00e+00	0.00e+00	3.94e-29	1.45e-23	8.47e-19	9.84e-15	3.77e-11	7.12e-08	3.65e-04	3.99e-02	9.60e-01
 9.49635e+21	0.00e+00	0.00e+00	5.80e-29	2.02e-23	1.13e-18	1.25e-14	4.53e-11	8.13e-08	3.98e-04	4.16e-02	9.58e-01
 9.66419e+21	0.00e+00	0.00e+00	7.85e-29	2.63e-23	1.41e-18	1.50e-14	5.23e-11	9.03e-08	4.26e-04	4.31e-02	9.57e-01
 9.83590e+21	0.00e+00	0.00e+00	1.06e-28	3.40e-23	1.75e-18	1.80e-14	6.03e-11	1.00e-07	4.57e-04	4.45e-02	9.55e-01
 1.00591e+22	0.00e+00	0.00e+00	1.55e-28	4.75e-23	2.33e-18	2.27e-14	7.23e-11	1.14e-07	4.98e-04	4.64e-02	9.53e-01
 1.02857e+22	0.00e+00	0.00e+00	2.29e-28	6.65e-23	3.10e-18	2.88e-14	8.71e-11	1.31e-07	5.45e-04	4.85e-02	9.51e-01
 1.04618e+22	0.00e+00	0.00e+00	3.07e-28	8.57e-23	3.85e-18	3.45e-14	1.00e-10	1.45e-07	5.82e-04	5.01e-02	9.49e-01
 1.06357e+22	0.00e+00	0.00e+00	4.05e-28	1.09e-22	4.73e-18	4.08e-14	1.14e-10	1.59e-07	6.21e-04	5.17e-02	9.48e-01
 1.08618e+22	0.00e+00	0.00e+00	5.79e-28	1.49e-22	6.16e-18	5.09e-14	1.36e-10	1.81e-07	6.74e-04	5.38e-02	9.46e-01
 1.10994e+22	0.00e+00	0.00e+00	8.43e-28	2.06e-22	8.14e-18	6.41e-14	1.63e-10	2.06e-07	7.34e-04	5.60e-02	9.43e-01
 1.13002e+22	0.00e+00	0.00e+00	1.15e-27	2.70e-22	1.02e-17	7.74e-14	1.89e-10	2.29e-07	7.88e-04	5.80e-02	9.41e-01
 1.15095e+22	0.00e+00	0.00e+00	1.56e-27	3.52e-22	1.29e-17	9.35e-14	2.19e-10	2.56e-07	8.46e-04	6.00e-02	9.39e-01
 1.17816e+22	0.00e+00	0.00e+00	2.32e-27	4.97e-22	1.72e-17	1.19e-13	2.65e-10	2.94e-07	9.26e-04	6.27e-02	9.36e-01
 1.20571e+22	0.00e+00	0.00e+00	3.47e-27	7.05e-22	2.32e-17	1.53e-13	3.21e-10	3.38e-07	1.02e-03	6.55e-02	9.33e-01
 1.22658e+22	0.00e+00	0.00e+00	4.66e-27	9.11e-22	2.89e-17	1.83e-13	3.70e-10	3.75e-07	1.09e-03	6.77e-02	9.31e-01
 1.24658e+22	0.00e+00	0.00e+00	6.12e-27	1.15e-21	3.54e-17	2.16e-13	4.22e-10	4.13e-07	1.16e-03	6.97e-02	9.29e-01
 1.27258e+22	0.00e+00	0.00e+00	8.67e-27	1.56e-21	4.58e-17	2.68e-13	4.99e-10	4.66e-07	1.25e-03	7.24e-02	9.26e-01
 1.30016e+22	0.00e+00	0.00e+00	1.26e-26	2.15e-21	6.03e-17	3.37e-13	5.97e-10	5.31e-07	1.36e-03	7.54e-02	9.23e-01
 1.32373e+22	0.00e+00	0.00e+00	1.71e-26	2.81e-21	7.57e-17	4.07e-13	6.93e-10	5.92e-07	1.46e-03	7.80e-02	9.21e-01
 1.34833e+22	0.00e+00	0.00e+00	2.32e-26	3.67e-21	9.52e-17	4.92e-13	8.03e-10	6.60e-07	1.57e-03	8.07e-02	9.18e-01
 1.38030e+22	0.00e+00	0.00e+00	3.45e-26	5.19e-21	1.28e-16	6.28e-13	9.73e-10	7.59e-07	1.72e-03	8.43e-02	9.14e-01
 1.41274e+22	0.00e+00	0.00e+00	5.17e-26	7.36e-21	1.72e-16	8.06e-13	1.18e-09	8.75e-07	1.89e-03	8.80e-02	9.10e-01
 1.43851e+22	0.00e+00	0.00e+00	7.04e-26	9.63e-21	2.17e-16	9.75e-13	1.37e-09	9.75e-07	2.03e-03	9.10e-02	9.07e-01
 1.46094e+22	0.00e+00	0.00e+00	9.16e-26	1.21e-20	2.64e-16	1.15e-12	1.56e-09	1.07e-06	2.15e-03	9.36e-02	9.04e-01
 1.48632e+22	0.00e+00	0.00e+00	1.22e-25	1.56e-20	3.27e-16	1.37e-12	1.79e-09	1.19e-06	2.30e-03	9.66e-02	9.01e-01
 1.51931e+22	0.00e+00	0.00e+00	1.78e-25	2.15e-20	4.31e-16	1.73e-12	2.15e-09	1.35e-06	2.50e-03	1.01e-01	8.97e-01
 1.55327e+22	0.00e+00	0.00e+00	2.61e-25	3.00e-20	5.74e-16	2.19e-12	2.59e-09	1.55e-06	2.73e-03	1.05e-01	8.92e-01
 1.58091e+22	0.00e+00	0.00e+00	3.53e-25	3.91e-20	7.18e-16	2.64e-12	3.00e-09	1.72e-06	2.93e-03	1.08e-01	8.89e-01
 1.60929e+22	0.00e+00	0.00e+00	4.76e-25	5.07e-20	8.97e-16	3.17e-12	3.47e-09	1.91e-06	3.14e-03	1.12e-01	8.85e-01
 1.64618e+22	0.00e+00	0.00e+00	7.00e-25	7.09e-20	1.19e-15	4.03e-12	4.18e-09	2.19e-06	3.42e-03	1.16e-01	8.80e-01
 1.68442e+22	0.00e+00	0.00e+00	1.05e-24	1.00e-19	1.61e-15	5.16e-12	5.07e-09	2.53e-06	3.75e-03	1.21e-01	8.75e-01
 1.71563e+22	0.00e+00	0.00e+00	1.44e-24	1.32e-19	2.04e-15	6.28e-12	5.92e-09	2.82e-06	4.03e-03	1.26e-01	8.70e-01
 1.74738e+22	0.00e+00	0.00e+00	1.94e-24	1.72e-19	2.55e-15	7.57e-12	6.85e-09	3.14e-06	4.32e-03	1.30e-01	8.66e-01
 1.78318e+22	0.00e+00	0.00e+00	2.79e-24	2.36e-19	3.34e-15	9.46e-12	8.16e-09	3.57e-06	4.68e-03	1.34e-01	8.61e-01
 1.81592e+22	0.00e+00	5.16e-30	3.83e-24	3.11e-19	4.23e-15	1.15e-11	9.53e-09	3.99e-06	5.03e-03	1.39e-01	8.56e-01
 1.84523e+22	0.00e+00	7.06e-30	5.06e-24	3.95e-19	5.20e-15	1.37e-11	1.09e-08	4.40e-06	5.36e-03	1.43e-01	8.52e-01
 1.87845e+22	0.00e+00	9.89e-30	6.80e-24	5.12e-19	6.48e-15	1.64e-11	1.26e-08	4.88e-06	5.73e-03	1.47e-01	8.47e-01
 1.92162e+22	0.00e+00	1.56e-29	1.02e-23	7.26e-19	8.75e-15	2.11e-11	1.53e-08	5.62e-06	6.27e-03	1.54e-01	8.40e-01
 1.96529e+22	0.00e+00	2.46e-29	1.52e-23	1.03e-18	1.18e-14	2.70e-11	1.86e-08	6.47e-06	6.86e-03	1.60e-01	8.33e-01
 1.99987e+22	0.00e+00	3.49e-29	2.07e-23	1.34e-18	1.48e-14	3.27e-11	2.16e-08	7.21e-06	7.35e-03	1.65e-01	8.28e-01
 2.03511e+22	0.00e+00	4.92e-29	2.80e-23	1.75e-18	1.86e-14	3.94e-11	2.50e-08	8.02e-06	7.87e-03	1.70e-01	8.22e-01
 2.08091e+22	0.00e+00	7.66e-29	4.13e-23	2.45e-18	2.48e-14	5.02e-11	3.02e-08	9.19e-06	8.58e-03	1.77e-01	8.15e-01
 2.12546e+22	0.00e+00	1.19e-28	6.08e-23	3.43e-18	3.31e-14	6.38e-11	3.64e-08	1.05e-05	9.35e-03	1.84e-01	8.07e-01
 2.15696e+22	0.00e+00	1.60e-28	7.92e-23	4.32e-18	4.03e-14	7.51e-11	4.14e-08	1.15e-05	9.91e-03	1.88e-01	8.02e-01
 2.18649e+22	0.00e+00	2.11e-28	1.01e-22	5.32e-18	4.82e-14	8.72e-11	4.65e-08	1.26e-05	1.05e-02	1.93e-01	7.97e-01
 2.22487e+22	0.00e+00	2.99e-28	1.37e-22	6.96e-18	6.07e-14	1.06e-10	5.40e-08	1.40e-05	1.12e-02	1.99e-01	7.90e-01
 2.26767e+22	0.00e+00	4.43e-28	1.94e-22	9.40e-18	7.85e-14	1.31e-10	6.38e-08	1.58e-05	1.21e-02	2.05e-01	7.83e-01
 2.30329e+22	0.00e+00	6.14e-28	2.59e-22	1.21e-17	9.74e-14	1.57e-10	7.34e-08	1.74e-05	1.29e-02	2.11e-01	7.76e-01
 2.33016e+22	0.00e+00	7.79e-28	3.19e-22	1.45e-17	1.14e-13	1.78e-10	8.13e-08	1.88e-05	1.35e-02	2.15e-01	7.71e-01
 2.35857e+22	0.00e+00	1.00e-27	3.99e-22	1.76e-17	1.34e-13	2.05e-10	9.06e-08	2.03e-05	1.42e-02	2.20e-01	7.66e-01
 2.39549e+22	0.00e+00	1.37e-27	5.26e-22	2.24e-17	1.65e-13	2.43e-10	1.04e-07	2.23e-05	1.50e-02	2.25e-01	7.59e-01
 2.43275e+22	0.00e+00	1.91e-27	7.03e-22	2.88e-17	2.05e-13	2.92e-10	1.19e-07	2.47e-05	1.60e-02	2.32e-01	7.52e-01
 2.46098e+22	0.00e+00	2.44e-27	8.73e-22	3.48e-17	2.41e-13	3.33e-10	1.33e-07	2.66e-05	1.68e-02	2.36e-01	7.47e-01
 2.48819e+22	0.00e+00	3.07e-27	1.07e-21	4.14e-17	2.80e-13	3.78e-10	1.46e-07	2.86e-05	1.75e-02	2.41e-01	7.42e-01
 2.52357e+22	0.00e+00	4.11e-27	1.38e-21	5.18e-17	3.40e-13	4.44e-10	1.66e-07	3.12e-05	1.85e-02	2.46e-01	7.35e-01
 2.56107e+22	0.00e+00	5.65e-27	1.83e-21	6.61e-17	4.19e-13	5.28e-10	1.90e-07	3.44e-05	1.97e-02	2.52e-01	7.28e-01
 2.59225e+22	0.00e+00	7.34e-27	2.30e-21	8.08e-17	4.97e-13	6.10e-10	2.12e-07	3.73e-05	2.07e-02	2.58e-01	7.22e-01
 2.62368e+22	0.00e+00	9.46e-27	2.88e-21	9.80e-17	5.87e-13	7.00e-10	2.37e-07	4.03e-05	2.17e-02	2.63e-01	7.16e-01
 2.65861e+22	0.00e+00	1.26e-26	3.70e-21	1.22e-16	7.09e-13	8.20e-10	2.68e-07	4.40e-05	2.29e-02	2.68e-01	7.09e-01
 2.68967e+22	0.00e+00	1.62e-26	4.63e-21	1.48e-16	8.38e-13	9.43e-10	2.98e-07	4.75e-05	2.40e-02	2.74e-01	7.02e-01
 2.71662e+22	0.00e+00	2.01e-26	5.60e-21	1.75e-16	9.66e-13	1.06e-09	3.27e-07	5.07e-05	2.50e-02	2.78e-01	6.97e-01
 2.74664e+22	0.00e+00	2.55e-26	6.89e-21	2.09e-16	1.13e-12	1.21e-09	3.62e-07	5.45e-05	2.62e-02	2.83e-01	6.91e-01
 2.78567e+22	0.00e+00	3.45e-26	8.99e-21	2.64e-16	1.38e-12	1.43e-09	4.12e-07	5.98e-05	2.77e-02	2.89e-01	6.83e-01
 2.82546e+22	0.00e+00	4.74e-26	1.19e-20	3.37e-16	1.70e-12	1.70e-09	4.73e-07	6.58e-05	2.94e-02	2.96e-01	6.74e-01
 2.85641e+22	0.00e+00	6.03e-26	1.47e-20	4.05e-16	1.99e-12	1.94e-09	5.25e-07	7.09e-05	3.07e-02	3.01e-01	6.68e-01
 2.88684e+22	0.00e+00	7.59e-26	1.80e-20	4.83e-16	2.32e-12	2.21e-09	5.79e-07	7.60e-05	3.21e-02	3.06e-01	6.61e-01
 2.92639e+22	0.00e+00	1.02e-25	2.34e-20	6.07e-16	2.82e-12	2.60e-09	6.58e-07	8.32e-05	3.39e-02	3.13e-01	6.53e-01
 2.96595e+22	0.00e+00	1.39e-25	3.06e-20	7.67e-16	3.45e-12	3.08e-09	7.51e-07	9.13e-05	3.59e-02	3.20e-01	6.44e-01
 2.99578e+22	0.00e+00	1.74e-25	3.74e-20	9.12e-16	4.01e-12	3.49e-09	8.28e-07	9.78e-05	3.74e-02	3.25e-01	6.38e-01
 3.02483e+22	0.00e+00	2.14e-25	4.50e-20	1.07e-15	4.61e-12	3.92e-09	9.07e-07	1.04e-04	3.89e-02	3.29e-01	6.32e-01
 3.06260e+22	0.00e+00	2.82e-25	5.73e-20	1.32e-15	5.53e-12	4.57e-09	1.02e-06	1.13e-04	4.09e-02	3.35e-01	6.24e-01
 3.10245e+22	0.00e+00	3.78e-25	7.43e-20	1.66e-15	6.72e-12	5.38e-09	1.16e-06	1.24e-04	4.31e-02	3.42e-01	6.15e-01
 3.13552e+22	0.00e+00	4.85e-25	9.24e-20	2.00e-15	7.92e-12	6.17e-09	1.29e-06	1.34e-04	4.51e-02	3.48e-01	6.07e-01
 3.16441e+22	0.00e+00	5.91e-25	1.10e-19	2.33e-15	9.03e-12	6.89e-09	1.41e-06	1.42e-04	4.68e-02	3.52e-01	6.01e-01
 3.19737e+22	0.00e+00	7.43e-25	1.35e-19	2.79e-15	1.05e-11	7.83e-09	1.56e-06	1.52e-04	4.88e-02	3.57e-01	5.94e-01
 3.24022e+22	0.00e+00	9.97e-25	1.75e-19	3.49e-15	1.28e-11	9.23e-09	1.77e-06	1.67e-04	5.15e-02	3.64e-01	5.84e-01
 3.28468e+22	0.00e+00	1.36e-24	2.30e-19	4.44e-15	1.57e-11	1.10e-08	2.03e-06	1.83e-04	5.45e-02	3.71e-01	5.74e-01
 3.32029e+22	0.00e+00	1.75e-24	2.88e-19	5.39e-15	1.86e-11	1.27e-08	2.27e-06	1.98e-04	5.70e-02	3.77e-01	5.66e-01
 3.35562e+22	0.00e+00	2.19e-24	3.51e-19	6.40e-15	2.16e-11	1.44e-08	2.50e-06	2.12e-04	5.94e-02	3.82e-01	5.59e-01
 3.40155e+22	0.00e+00	2.95e-24	4.56e-19	8.06e-15	2.64e-11	1.70e-08	2.85e-06	2.32e-04	6.26e-02	3.88e-01	5.49e-01
 3.44964e+22	0.00e+00	4.06e-24	6.04e-19	1.03e-14	3.27e-11	2.03e-08	3.28e-06	2.56e-04	6.63e-02	3.96e-01	5.38e-01
 3.48889e+22	0.00e+00	5.28e-24	7.62e-19	1.26e-14	3.90e-11	2.36e-08	3.69e-06	2.78e-04	6.95e-02	4.01e-01	5.29e-01
 3.52156e+22	0.00e+00	6.42e-24	9.06e-19	1.47e-14	4.44e-11	2.63e-08	4.02e-06	2.95e-04	7.20e-02	4.06e-01	5.22e-01
 3.55727e+22	0.00e+00	7.98e-24	1.10e-18	1.74e-14	5.14e-11	2.98e-08	4.42e-06	3.15e-04	7.48e-02	4.11e-01	5.14e-01
 3.60370e+22	4.94e-30	1.05e-23	1.40e-18	2.15e-14	6.19e-11	3.48e-08	5.00e-06	3.43e-04	7.86e-02	4.17e-01	5.04e-01
 3.65327e+22	6.88e-30	1.42e-23	1.83e-18	2.71e-14	7.57e-11	4.13e-08	5.71e-06	3.76e-04	8.29e-02	4.23e-01	4.94e-01
 3.69557e+22	9.10e-30	1.82e-23	2.29e-18	3.29e-14	8.97e-11	4.76e-08	6.39e-06	4.06e-04	8.66e-02	4.28e-01	4.84e-01
 3.73921e+22	1.19e-29	2.32e-23	2.83e-18	3.97e-14	1.06e-10	5.46e-08	7.12e-06	4.38e-04	9.04e-02	4.34e-01	4.76e-01
 3.79595e+22	1.68e-29	3.16e-23	3.73e-18	5.04e-14	1.30e-10	6.52e-08	8.17e-06	4.81e-04	9.54e-02	4.40e-01	4.64e-01
 3.85253e+22	2.38e-29	4.33e-23	4.93e-18	6.44e-14	1.61e-10	7.81e-08	9.42e-06	5.31e-04	1.01e-01	4.46e-01	4.52e-01
 3.89483e+22	3.08e-29	5.47e-23	6.07e-18	7.73e-14	1.89e-10	8.93e-08	1.05e-05	5.71e-04	1.05e-01	4.51e-01	4.43e-01
 3.93571e+22	3.84e-29	6.68e-23	7.25e-18	9.02e-14	2.16e-10	1.00e-07	1.14e-05	6.07e-04	1.09e-01	4.55e-01	4.36e-01
 3.98885e+22	5.13e-29	8.67e-23	9.15e-18	1.11e-13	2.58e-10	1.16e-07	1.29e-05	6.58e-04	1.14e-01	4.60e-01	4.26e-01
 4.04720e+22	7.07e-29	1.16e-22	1.18e-17	1.38e-13	3.14e-10	1.37e-07	1.47e-05	7.20e-04	1.20e-01	4.65e-01	4.15e-01
 4.09885e+22	9.33e-29	1.49e-22	1.48e-17	1.68e-13	3.73e-10	1.58e-07	1.64e-05	7.78e-04	1.25e-01	4.69e-01	4.05e-01
 4.14500e+22	1.19e-28	1.85e-22	1.80e-17	2.00e-13	4.32e-10	1.80e-07	1.81e-05	8.32e-04	1.30e-01	4.73e-01	3.97e-01
 4.19747e+22	1.52e-28	2.32e-22	2.20e-17	2.38e-13	5.04e-10	2.04e-07	2.01e-05	8.92e-04	1.35e-01	4.77e-01	3.88e-01
 4.26570e+22	2.11e-28	3.11e-22	2.86e-17	3.00e-13	6.16e-10	2.42e-07	2.29e-05	9.77e-04	1.41e-01	4.81e-01	3.77e-01
 4.33662e+22	2.97e-28	4.24e-22	3.76e-17	3.81e-13	7.60e-10	2.89e-07	2.63e-05	1.07e-03	1.49e-01	4.86e-01	3.64e-01
 4.39375e+22	3.89e-28	5.42e-22	4.69e-17	4.62e-13	8.99e-10	3.33e-07	2.95e-05	1.16e-03	1.55e-01	4.89e-01	3.55e-01
 4.45070e+22	4.93e-28	6.72e-22	5.67e-17	5.46e-13	1.04e-09	3.77e-07	3.24e-05	1.24e-03	1.61e-01	4.92e-01	3.47e-01
 4.52475e+22	6.73e-28	8.90e-22	7.30e-17	6.81e-13	1.26e-09	4.43e-07	3.68e-05	1.35e-03	1.68e-01	4.95e-01	3.36e-01
 4.60221e+22	9.33e-28	1.20e-21	9.51e-17	8.59e-13	1.54e-09	5.25e-07	4.21e-05	1.48e-03	1.76e-01	4.98e-01	3.24e-01
 4.66326e+22	1.20e-27	1.51e-21	1.17e-16	1.03e-12	1.81e-09	6.01e-07	4.67e-05	1.59e-03	1.83e-01	5.00e-01	3.15e-01
 4.71318e+22	1.46e-27	1.80e-21	1.37e-16	1.18e-12	2.04e-09	6.63e-07	5.05e-05	1.67e-03	1.88e-01	5.02e-01	3.08e-01
 4.76949e+22	1.80e-27	2.17e-21	1.62e-16	1.37e-12	2.31e-09	7.39e-07	5.50e-05	1.77e-03	1.94e-01	5.03e-01	3.01e-01
 4.84269e+22	2.34e-27	2.76e-21	2.01e-16	1.65e-12	2.72e-09	8.48e-07	6.12e-05	1.91e-03	2.01e-01	5.05e-01	2.92e-01
 4.92349e+22	3.15e-27	3.61e-21	2.55e-16	2.04e-12	3.27e-09	9.88e-07	6.90e-05	2.07e-03	2.10e-01	5.06e-01	2.82e-01
 4.99560e+22	4.09e-27	4.58e-21	3.16e-16	2.46e-12	3.85e-09	1.13e-06	7.68e-05	2.22e-03	2.18e-01	5.07e-01	2.73e-01
 5.05997e+22	5.06e-27	5.57e-21	3.76e-16	2.86e-12	4.39e-09	1.27e-06	8.37e-05	2.35e-03	2.24e-01	5.08e-01	2.66e-01
 5.13281e+22	6.40e-27	6.89e-21	4.55e-16	3.38e-12	5.07e-09	1.43e-06	9.20e-05	2.51e-03	2.31e-01	5.08e-01	2.58e-01
 5.22751e+22	8.61e-27	9.02e-21	5.79e-16	4.17e-12	6.09e-09	1.67e-06	1.04e-04	2.72e-03	2.41e-01	5.08e-01	2.48e-01
 5.32817e+22	1.19e-26	1.21e-20	7.51e-16	5.24e-12	7.43e-09	1.97e-06	1.18e-04	2.97e-03	2.51e-01	5.08e-01	2.38e-01
 5.41207e+22	1.53e-26	1.53e-20	9.27e-16	6.30e-12	8.71e-09	2.25e-06	1.31e-04	3.18e-03	2.60e-01	5.07e-01	2.29e-01
 5.48223e+22	1.88e-26	1.84e-20	1.10e-15	7.29e-12	9.89e-09	2.50e-06	1.42e-04	3.36e-03	2.67e-01	5.07e-01	2.23e-01
 5.55905e+22	2.33e-26	2.23e-20	1.30e-15	8.47e-12	1.13e-08	2.78e-06	1.55e-04	3.55e-03	2.74e-01	5.06e-01	2.16e-01
 5.65891e+22	3.05e-26	2.85e-20	1.62e-15	1.03e-11	1.33e-08	3.20e-06	1.73e-04	3.82e-03	2.84e-01	5.04e-01	2.08e-01
 5.76419e+22	4.08e-26	3.72e-20	2.06e-15	1.26e-11	1.59e-08	3.73e-06	1.94e-04	4.13e-03	2.94e-01	5.02e-01	1.99e-01
 5.84834e+22	5.12e-26	4.57e-20	2.48e-15	1.49e-11	1.83e-08	4.19e-06	2.12e-04	4.39e-03	3.02e-01	5.01e-01	1.92e-01
 5.92957e+22	6.24e-26	5.47e-20	2.91e-15	1.71e-11	2.07e-08	4.64e-06	2.30e-04	4.62e-03	3.10e-01	4.99e-01	1.86e-01
 6.03516e+22	8.05e-26	6.89e-20	3.58e-15	2.05e-11	2.42e-08	5.28e-06	2.54e-04	4.94e-03	3.19e-01	4.96e-01	1.79e-01
 6.14968e+22	1.06e-25	8.89e-20	4.50e-15	2.50e-11	2.88e-08	6.10e-06	2.84e-04	5.31e-03	3.30e-01	4.93e-01	1.71e-01
 6.24662e+22	1.34e-25	1.10e-19	5.44e-15	2.95e-11	3.32e-08	6.86e-06	3.11e-04	5.64e-03	3.39e-01	4.90e-01	1.65e-01
 6.33041e+22	1.62e-25	1.30e-19	6.33e-15	3.37e-11	3.72e-08	7.54e-06	3.35e-04	5.92e-03	3.46e-01	4.88e-01	1.60e-01
 6.42625e+22	1.99e-25	1.57e-19	7.51e-15	3.91e-11	4.23e-08	8.40e-06	3.64e-04	6.25e-03	3.55e-01	4.85e-01	1.54e-01
 6.55085e+22	2.57e-25	1.99e-19	9.25e-15	4.69e-11	4.95e-08	9.57e-06	4.02e-04	6.67e-03	3.65e-01	4.81e-01	1.47e-01
 6.67759e+22	3.38e-25	2.55e-19	1.16e-14	5.71e-11	5.86e-08	1.10e-05	4.48e-04	7.16e-03	3.76e-01	4.76e-01	1.40e-01
 6.77098e+22	4.10e-25	3.04e-19	1.35e-14	6.54e-11	6.59e-08	1.21e-05	4.83e-04	7.51e-03	3.83e-01	4.73e-01	1.36e-01
 6.85626e+22	4.84e-25	3.54e-19	1.55e-14	7.37e-11	7.31e-08	1.32e-05	5.15e-04	7.84e-03	3.90e-01	4.70e-01	1.31e-01
 6.96712e+22	5.95e-25	4.27e-19	1.84e-14	8.52e-11	8.28e-08	1.46e-05	5.57e-04	8.25e-03	3.99e-01	4.66e-01	1.27e-01
 7.11125e+22	7.68e-25	5.38e-19	2.26e-14	1.02e-10	9.66e-08	1.66e-05	6.14e-04	8.77e-03	4.09e-01	4.61e-01	1.21e-01
 7.25994e+22	1.02e-24	6.95e-19	2.84e-14	1.25e-10	1.15e-07	1.92e-05	6.86e-04	9.42e-03	4.21e-01	4.55e-01	1.14e-01
 7.37128e+22	1.24e-24	8.34e-19	3.34e-14	1.44e-10	1.30e-07	2.12e-05	7.40e-04	9.89e-03	4.29e-01	4.50e-01	1.10e-01
 7.47273e+22	1.47e-24	9.74e-19	3.84e-14	1.62e-10	1.44e-07	2.31e-05	7.89e-04	1.03e-02	4.36e-01	4.46e-01	1.06e-01
 7.60462e+22	1.82e-24	1.18e-18	4.58e-14	1.89e-10	1.64e-07	2.57e-05	8.56e-04	1.09e-02	4.45e-01	4.41e-01	1.02e-01
 7.74530e+22	2.30e-24	1.46e-18	5.53e-14	2.22e-10	1.89e-07	2.89e-05	9.35e-04	1.15e-02	4.54e-01	4.36e-01	9.74e-02
 7.86140e+22	2.77e-24	1.74e-18	6.45e-14	2.54e-10	2.12e-07	3.18e-05	1.00e-03	1.20e-02	4.62e-01	4.31e-01	9.37e-02
 7.97630e+22	3.28e-24	2.02e-18	7.37e-14	2.85e-10	2.34e-07	3.44e-05	1.07e-03	1.25e-02	4.69e-01	4.27e-01	9.07e-02
 8.12568e+22	4.08e-24	2.46e-18	8.81e-14	3.33e-10	2.67e-07	3.84e-05	1.16e-03	1.32e-02	4.78e-01	4.21e-01	8.66e-02
 8.28629e+22	5.15e-24	3.04e-18	1.06e-13	3.93e-10	3.07e-07	4.30e-05	1.26e-03	1.39e-02	4.87e-01	4.15e-01	8.25e-02
 8.42262e+22	6.25e-24	3.63e-18	1.25e-13	4.50e-10	3.44e-07	4.73e-05	1.35e-03	1.45e-02	4.95e-01	4.10e-01	7.92e-02
 8.56096e+22	7.50e-24	4.29e-18	1.45e-13	5.12e-10	3.85e-07	5.18e-05	1.45e-03	1.52e-02	5.02e-01	4.05e-01	7.61e-02
 8.74080e+22	9.47e-24	5.29e-18	1.75e-13	6.02e-10	4.41e-07	5.79e-05	1.58e-03	1.60e-02	5.12e-01	3.98e-01	7.24e-02
 8.93501e+22	1.21e-23	6.64e-18	2.14e-13	7.18e-10	5.13e-07	6.55e-05	1.73e-03	1.69e-02	5.21e-01	3.91e-01	6.86e-02
 9.09999e+22	1.50e-23	8.05e-18	2.54e-13	8.33e-10	5.82e-07	7.25e-05	1.86e-03	1.77e-02	5.30e-01	3.85e-01	6.55e-02
 9.26652e+22	1.82e-23	9.56e-18	2.96e-13	9.50e-10	6.50e-07	7.94e-05	1.99e-03	1.85e-02	5.37e-01	3.80e-01	6.28e-02
 9.48301e+22	2.31e-23	1.19e-17	3.59e-13	1.12e-09	7.50e-07	8.92e-05	2.17e-03	1.95e-02	5.46e-01	3.73e-01	5.94e-02
 9.72249e+22	3.02e-23	1.52e-17	4.46e-13	1.36e-09	8.80e-07	1.02e-04	2.39e-03	2.07e-02	5.56e-01	3.65e-01	5.59e-02
 9.93548e+22	3.82e-23	1.88e-17	5.40e-13	1.60e-09	1.01e-06	1.14e-04	2.60e-03	2.18e-02	5.65e-01	3.58e-01	5.29e-02
 1.01131e+23	4.63e-23	2.24e-17	6.32e-13	1.83e-09	1.14e-06	1.25e-04	2.79e-03	2.27e-02	5.72e-01	3.52e-01	5.05e-02
 1.03012e+23	5.53e-23	2.64e-17	7.31e-13	2.08e-09	1.26e-06	1.36e-04	2.97e-03	2.36e-02	5.79e-01	3.46e-01	4.84e-02
 1.05457e+23	6.97e-23	3.25e-17	8.81e-13	2.44e-09	1.45e-06	1.52e-04	3.23e-03	2.48e-02	5.87e-01	3.39e-01	4.58e-02
 1.08191e+23	8.96e-23	4.09e-17	1.08e-12	2.91e-09	1.68e-06	1.72e-04	3.53e-03	2.62e-02	5.96e-01	3.31e-01	4.30e-02
 1.10708e+23	1.12e-22	5.02e-17	1.30e-12	3.42e-09	1.93e-06	1.92e-04	3.83e-03	2.75e-02	6.04e-01	3.24e-01	4.06e-02
 1.13387e+23	1.39e-22	6.11e-17	1.55e-12	3.97e-09	2.19e-06	2.12e-04	4.12e-03	2.87e-02	6.11e-01	3.17e-01	3.85e-02
 1.16870e+23	1.80e-22	7.72e-17	1.91e-12	4.76e-09	2.56e-06	2.41e-04	4.52e-03	3.04e-02	6.20e-01	3.09e-01	3.60e-02
 1.20619e+23	2.42e-22	1.01e-16	2.43e-12	5.88e-09	3.06e-06	2.79e-04	5.04e-03	3.25e-02	6.30e-01	2.99e-01	3.32e-02
 1.23707e+23	3.09e-22	1.26e-16	2.97e-12	7.00e-09	3.55e-06	3.14e-04	5.51e-03	3.42e-02	6.38e-01	2.91e-01	3.10e-02
 1.26051e+23	3.67e-22	1.48e-16	3.43e-12	7.92e-09	3.94e-06	3.42e-04	5.87e-03	3.55e-02	6.44e-01	2.85e-01	2.96e-02
 1.28434e+23	4.24e-22	1.69e-16	3.87e-12	8.79e-09	4.31e-06	3.68e-04	6.19e-03	3.67e-02	6.48e-01	2.80e-01	2.84e-02
 1.31531e+23	5.12e-22	2.01e-16	4.52e-12	1.01e-08	4.84e-06	4.05e-04	6.63e-03	3.82e-02	6.54e-01	2.74e-01	2.68e-02
 1.35557e+23	6.34e-22	2.45e-16	5.40e-12	1.17e-08	5.52e-06	4.50e-04	7.17e-03	4.00e-02	6.61e-01	2.67e-01	2.52e-02
 1.40014e+23	8.12e-22	3.08e-16	6.65e-12	1.41e-08	6.46e-06	5.12e-04	7.88e-03	4.24e-02	6.68e-01	2.58e-01	2.33e-02
 1.43838e+23	1.01e-21	3.78e-16	8.02e-12	1.66e-08	7.45e-06	5.76e-04	8.60e-03	4.46e-02	6.75e-01	2.50e-01	2.17e-02
 1.46890e+23	1.18e-21	4.39e-16	9.17e-12	1.87e-08	8.23e-06	6.24e-04	9.13e-03	4.62e-02	6.79e-01	2.44e-01	2.06e-02
 1.50129e+23	1.35e-21	4.97e-16	1.03e-11	2.06e-08	8.97e-06	6.69e-04	9.61e-03	4.77e-02	6.83e-01	2.40e-01	1.97e-02
 1.54339e+23	1.61e-21	5.85e-16	1.19e-11	2.35e-08	1.00e-05	7.34e-04	1.03e-02	4.96e-02	6.87e-01	2.33e-01	1.86e-02
 1.59813e+23	1.94e-21	6.96e-16	1.40e-11	2.70e-08	1.13e-05	8.09e-04	1.10e-02	5.17e-02	6.92e-01	2.27e-01	1.75e-02
 1.66227e+23	2.42e-21	8.58e-16	1.70e-11	3.21e-08	1.31e-05	9.16e-04	1.21e-02	5.46e-02	6.98e-01	2.19e-01	1.61e-02
 1.72257e+23	3.02e-21	1.06e-15	2.06e-11	3.80e-08	1.53e-05	1.04e-03	1.32e-02	5.76e-02	7.03e-01	2.11e-01	1.48e-02
 1.77208e+23	3.57e-21	1.24e-15	2.39e-11	4.35e-08	1.72e-05	1.14e-03	1.42e-02	6.01e-02	7.07e-01	2.04e-01	1.38e-02
 1.82362e+23	4.01e-21	1.39e-15	2.65e-11	4.76e-08	1.86e-05	1.22e-03	1.49e-02	6.18e-02	7.09e-01	2.00e-01	1.32e-02
 1.89042e+23	4.63e-21	1.59e-15	3.01e-11	5.32e-08	2.04e-05	1.32e-03	1.58e-02	6.39e-02	7.12e-01	1.95e-01	1.25e-02
 1.96727e+23	5.45e-21	1.87e-15	3.50e-11	6.09e-08	2.30e-05	1.45e-03	1.70e-02	6.67e-02	7.15e-01	1.88e-01	1.17e-02
 2.04720e+23	6.33e-21	2.16e-15	4.01e-11	6.88e-08	2.56e-05	1.59e-03	1.81e-02	6.94e-02	7.17e-01	1.82e-01	1.09e-02
 2.13032e+23	7.23e-21	2.46e-15	4.54e-11	7.69e-08	2.83e-05	1.73e-03	1.93e-02	7.19e-02	7.20e-01	1.77e-01	1.03e-02
 2.21677e+23	8.16e-21	2.77e-15	5.09e-11	8.51e-08	3.10e-05	1.86e-03	2.04e-02	7.43e-02	7.21e-01	1.72e-01	9.70e-03
 2.30054e+23	9.16e-21	3.11e-15	5.68e-11	9.42e-08	3.39e-05	2.01e-03	2.15e-02	7.68e-02	7.23e-01	1.68e-01	9.15e-03
 2.37597e+23	1.00e-20	3.40e-15	6.19e-11	1.02e-07	3.63e-05	2.12e-03	2.24e-02	7.86e-02	7.24e-01	1.64e-01	8.77e-03
 2.44385e+23	1.08e-20	3.67e-15	6.66e-11	1.09e-07	3.85e-05	2.23e-03	2.32e-02	8.03e-02	7.25e-01	1.61e-01	8.44e-03
 2.50495e+23	1.15e-20	3.90e-15	7.07e-11	1.15e-07	4.04e-05	2.32e-03	2.39e-02	8.18e-02	7.25e-01	1.59e-01	8.17e-03
 2.55993e+23	1.20e-20	4.08e-15	7.39e-11	1.19e-07	4.19e-05	2.39e-03	2.45e-02	8.28e-02	7.26e-01	1.57e-01	7.97e-03
 2.60942e+23	1.25e-20	4.25e-15	7.68e-11	1.24e-07	4.32e-05	2.45e-03	2.49e-02	8.38e-02	7.26e-01	1.55e-01	7.81e-03
 2.65396e+23	1.29e-20	4.39e-15	7.92e-11	1.27e-07	4.43e-05	2.51e-03	2.53e-02	8.45e-02	7.26e-01	1.54e-01	7.67e-03
 2.69405e+23	1.32e-20	4.49e-15	8.10e-11	1.30e-07	4.52e-05	2.55e-03	2.56e-02	8.51e-02	7.26e-01	1.53e-01	7.57e-03
 2.73012e+23	1.35e-20	4.58e-15	8.28e-11	1.32e-07	4.59e-05	2.58e-03	2.59e-02	8.57e-02	7.26e-01	1.52e-01	7.49e-03
 2.76259e+23	1.37e-20	4.67e-15	8.44e-11	1.35e-07	4.67e-05	2.62e-03	2.61e-02	8.61e-02	7.27e-01	1.51e-01	7.41e-03
 2.79325e+23	1.39e-20	4.73e-15	8.52e-11	1.36e-07	4.70e-05	2.63e-03	2.62e-02	8.64e-02	7.27e-01	1.51e-01	7.37e-03
 2.82380e+23	1.40e-20	4.77e-15	8.59e-11	1.37e-07	4.73e-05	2.65e-03	2.63e-02	8.65e-02	7.27e-01	1.50e-01	7.35e-03
 2.85434e+23	1.41e-20	4.80e-15	8.66e-11	1.38e-07	4.77e-05	2.66e-03	2.65e-02	8.68e-02	7.27e-01	1.50e-01	7.30e-03
 2.88489e+23	1.42e-20	4.84e-15	8.73e-11	1.39e-07	4.79e-05	2.67e-03	2.65e-02	8.69e-02	7.27e-01	1.50e-01	7.28e-03
 2.91544e+23	1.43e-20	4.87e-15	8.77e-11	1.40e-07	4.82e-05	2.69e-03	2.66e-02	8.71e-02	7.27e-01	1.50e-01	7.25e-03
 2.94599e+23	1.44e-20	4.89e-15	8.81e-11	1.40e-07	4.83e-05	2.69e-03	2.66e-02	8.71e-02	7.27e-01	1.49e-01	7.25e-03
 2.97654e+23	1.44e-20	4.89e-15	8.82e-11	1.40e-07	4.83e-05	2.70e-03	2.67e-02	8.72e-02	7.27e-01	1.49e-01	7.23e-03
 3.00709e+23	1.44e-20	4.91e-15	8.84e-11	1.41e-07	4.84e-05	2.70e-03	2.67e-02	8.73e-02	7.27e-01	1.49e-01	7.23e-03
 3.03763e+23	1.45e-20	4.93e-15	8.87e-11	1.41e-07	4.86e-05	2.71e-03	2.68e-02	8.74e-02	7.27e-01	1.49e-01	7.21e-03
 3.05386e+23	1.50e-20	5.14e-15	9.27e-11	1.47e-07	5.05e-05	2.80e-03	2.74e-02	8.87e-02	7.27e-01	1.47e-01	7.01e-03
