#depth	C	C+	C+2	C+3	C+4	C+5	C+6	C[1]	C[2]	C[3]	C+[1]	C+[2]	CO
 6.17135e+19	0.00e+00	0.00e+00	2.41e-23	3.00e-16	7.07e-10	2.85e-05	1.00e+00	0.00e+00	0.00e+00	0.00e+00	0.00e+00	0.00e+00	8.68e-103
 1.87609e+20	0.00e+00	0.00e+00	3.34e-23	3.82e-16	8.29e-10	3.09e-05	1.00e+00	0.00e+00	0.00e+00	0.00e+00	0.00e+00	0.00e+00	6.87e-103
 3.18540e+20	0.00e+00	0.00e+00	4.61e-23	4.85e-16	9.73e-10	3.36e-05	1.00e+00	0.00e+00	0.00e+00	0.00e+00	0.00e+00	0.00e+00	5.28e-103
 4.54709e+20	0.00e+00	0.00e+00	6.38e-23	6.15e-16	1.14e-09	3.65e-05	1.00e+00	0.00e+00	0.00e+00	0.00e+00	0.00e+00	0.00e+00	5.79e-103
 5.74414e+20	0.00e+00	0.00e+00	8.41e-23	7.55e-16	1.31e-09	3.91e-05	1.00e+00	0.00e+00	0.00e+00	0.00e+00	0.00e+00	0.00e+00	6.28e-103
 6.66527e+20	0.00e+00	0.00e+00	1.03e-22	8.78e-16	1.45e-09	4.13e-05	1.00e+00	0.00e+00	0.00e+00	0.00e+00	0.00e+00	0.00e+00	6.52e-103
 7.48597e+20	0.00e+00	1.45e-30	1.24e-22	1.00e-15	1.58e-09	4.32e-05	1.00e+00	0.00e+00	0.00e+00	0.00e+00	0.00e+00	0.00e+00	5.26e-103
 8.41158e+20	0.00e+00	1.87e-30	1.51e-22	1.16e-15	1.75e-09	4.55e-05	1.00e+00	0.00e+00	0.00e+00	0.00e+00	0.00e+00	0.00e+00	5.44e-103
 9.61488e+20	0.00e+00	2.58e-30	1.94e-22	1.39e-15	1.98e-09	4.85e-05	1.00e+00	0.00e+00	0.00e+00	0.00e+00	0.00e+00	0.00e+00	5.74e-103
 1.08323e+21	0.00e+00	3.54e-30	2.49e-22	1.67e-15	2.24e-09	5.17e-05	1.00e+00	0.00e+00	0.00e+00	0.00e+00	0.00e+00	0.00e+00	6.03e-103
 1.18014e+21	0.00e+00	4.53e-30	3.02e-22	1.93e-15	2.46e-09	5.44e-05	1.00e+00	0.00e+00	0.00e+00	0.00e+00	0.00e+00	0.00e+00	6.16e-103
 1.27944e+21	0.00e+00	5.80e-30	3.67e-22	2.22e-15	2.70e-09	5.72e-05	1.00e+00	0.00e+00	0.00e+00	0.00e+00	0.00e+00	0.00e+00	6.27e-103
 1.40853e+21	0.00e+00	7.95e-30	4.70e-22	2.66e-15	3.05e-09	6.09e-05	1.00e+00	0.00e+00	0.00e+00	0.00e+00	0.00e+00	0.00e+00	6.50e-103
 1.53988e+21	0.00e+00	1.09e-29	6.00e-22	3.18e-15	3.44e-09	6.49e-05	1.00e+00	0.00e+00	0.00e+00	0.00e+00	0.00e+00	0.00e+00	6.70e-103
 1.64606e+21	0.00e+00	1.40e-29	7.30e-22	3.66e-15	3.79e-09	6.83e-05	1.00e+00	0.00e+00	0.00e+00	0.00e+00	0.00e+00	0.00e+00	6.74e-103
 1.74146e+21	0.00e+00	1.74e-29	8.67e-22	4.14e-15	4.12e-09	7.15e-05	1.00e+00	0.00e+00	0.00e+00	0.00e+00	0.00e+00	0.00e+00	6.63e-103
 1.85095e+21	0.00e+00	2.22e-29	1.05e-21	4.75e-15	4.52e-09	7.51e-05	1.00e+00	0.00e+00	0.00e+00	0.00e+00	0.00e+00	0.00e+00	6.58e-103
 1.96708e+21	0.00e+00	2.88e-29	1.28e-21	5.49e-15	4.99e-09	7.92e-05	1.00e+00	0.00e+00	0.00e+00	0.00e+00	0.00e+00	0.00e+00	6.55e-103
 2.06534e+21	0.00e+00	3.57e-29	1.51e-21	6.19e-15	5.41e-09	8.27e-05	1.00e+00	0.00e+00	0.00e+00	0.00e+00	0.00e+00	0.00e+00	6.39e-103
 2.16655e+21	0.00e+00	4.43e-29	1.79e-21	6.98e-15	5.87e-09	8.65e-05	1.00e+00	0.00e+00	0.00e+00	0.00e+00	0.00e+00	0.00e+00	6.21e-103
 2.29814e+21	0.00e+00	5.84e-29	2.22e-21	8.14e-15	6.51e-09	9.16e-05	1.00e+00	0.00e+00	0.00e+00	0.00e+00	0.00e+00	0.00e+00	6.12e-103
 2.43017e+21	0.00e+00	7.69e-29	2.74e-21	9.48e-15	7.22e-09	9.69e-05	1.00e+00	0.00e+00	0.00e+00	0.00e+00	0.00e+00	0.00e+00	6.01e-103
 2.53115e+21	0.00e+00	9.45e-29	3.21e-21	1.06e-14	7.79e-09	1.01e-04	1.00e+00	0.00e+00	0.00e+00	0.00e+00	0.00e+00	0.00e+00	5.71e-103
 2.63080e+21	0.00e+00	1.15e-28	3.74e-21	1.18e-14	8.40e-09	1.05e-04	1.00e+00	0.00e+00	0.00e+00	0.00e+00	0.00e+00	0.00e+00	5.39e-103
 2.76034e+21	0.00e+00	1.49e-28	4.55e-21	1.36e-14	9.23e-09	1.11e-04	1.00e+00	0.00e+00	0.00e+00	0.00e+00	0.00e+00	0.00e+00	5.15e-103
 2.89467e+21	0.00e+00	1.93e-28	5.57e-21	1.57e-14	1.02e-08	1.17e-04	1.00e+00	0.00e+00	0.00e+00	0.00e+00	0.00e+00	0.00e+00	4.92e-103
 3.00342e+21	0.00e+00	2.37e-28	6.52e-21	1.75e-14	1.10e-08	1.22e-04	1.00e+00	0.00e+00	0.00e+00	0.00e+00	0.00e+00	0.00e+00	4.59e-103
 3.09281e+21	0.00e+00	2.82e-28	7.43e-21	1.92e-14	1.17e-08	1.27e-04	1.00e+00	0.00e+00	0.00e+00	0.00e+00	0.00e+00	0.00e+00	4.16e-103
 3.18883e+21	0.00e+00	3.36e-28	8.50e-21	2.11e-14	1.25e-08	1.32e-04	1.00e+00	0.00e+00	0.00e+00	0.00e+00	0.00e+00	0.00e+00	3.79e-103
 3.31367e+21	0.00e+00	4.22e-28	1.01e-20	2.38e-14	1.36e-08	1.38e-04	1.00e+00	0.00e+00	0.00e+00	0.00e+00	0.00e+00	0.00e+00	3.49e-103
 3.44074e+21	0.00e+00	5.31e-28	1.21e-20	2.69e-14	1.48e-08	1.45e-04	1.00e+00	0.00e+00	0.00e+00	0.00e+00	0.00e+00	0.00e+00	3.21e-103
 3.54228e+21	0.00e+00	6.36e-28	1.38e-20	2.96e-14	1.58e-08	1.50e-04	1.00e+00	0.00e+00	0.00e+00	0.00e+00	0.00e+00	0.00e+00	2.89e-103
 3.64586e+21	0.00e+00	7.63e-28	1.59e-20	3.25e-14	1.68e-08	1.56e-04	1.00e+00	0.00e+00	0.00e+00	0.00e+00	0.00e+00	0.00e+00	2.58e-103
 3.78052e+21	0.00e+00	9.62e-28	1.89e-20	3.67e-14	1.83e-08	1.64e-04	1.00e+00	0.00e+00	0.00e+00	0.00e+00	0.00e+00	0.00e+00	2.33e-103
 3.91504e+21	0.00e+00	1.21e-27	2.25e-20	4.14e-14	1.99e-08	1.72e-04	1.00e+00	0.00e+00	0.00e+00	0.00e+00	0.00e+00	0.00e+00	2.09e-103
 4.01885e+21	0.00e+00	1.44e-27	2.57e-20	4.53e-14	2.12e-08	1.79e-04	1.00e+00	0.00e+00	0.00e+00	0.00e+00	0.00e+00	0.00e+00	1.84e-103
 4.12326e+21	0.00e+00	1.71e-27	2.92e-20	4.95e-14	2.25e-08	1.86e-04	1.00e+00	0.00e+00	0.00e+00	0.00e+00	0.00e+00	0.00e+00	1.60e-103
 4.23804e+21	0.00e+00	2.07e-27	3.36e-20	5.45e-14	2.41e-08	1.93e-04	1.00e+00	0.00e+00	0.00e+00	0.00e+00	0.00e+00	0.00e+00	1.39e-103
 4.34180e+21	0.00e+00	2.45e-27	3.81e-20	5.94e-14	2.56e-08	2.00e-04	1.00e+00	0.00e+00	0.00e+00	0.00e+00	0.00e+00	0.00e+00	1.19e-103
 4.43679e+21	0.00e+00	2.84e-27	4.27e-20	6.41e-14	2.70e-08	2.07e-04	1.00e+00	0.00e+00	0.00e+00	0.00e+00	0.00e+00	0.00e+00	1.01e-103
 4.54491e+21	0.00e+00	3.37e-27	4.85e-20	6.98e-14	2.87e-08	2.15e-04	1.00e+00	0.00e+00	0.00e+00	0.00e+00	0.00e+00	0.00e+00	8.54e-104
 4.66618e+21	0.00e+00	4.07e-27	5.58e-20	7.67e-14	3.07e-08	2.24e-04	1.00e+00	0.00e+00	0.00e+00	0.00e+00	0.00e+00	0.00e+00	2.51e-104
 4.77970e+21	0.00e+00	4.85e-27	6.35e-20	8.36e-14	3.26e-08	2.32e-04	1.00e+00	0.00e+00	0.00e+00	0.00e+00	0.00e+00	0.00e+00	7.25e-105
 4.88163e+21	0.00e+00	5.66e-27	7.12e-20	9.03e-14	3.44e-08	2.40e-04	1.00e+00	0.00e+00	0.00e+00	0.00e+00	0.00e+00	0.00e+00	6.01e-105
 4.99336e+21	0.00e+00	6.68e-27	8.05e-20	9.80e-14	3.65e-08	2.49e-04	1.00e+00	0.00e+00	0.00e+00	0.00e+00	0.00e+00	0.00e+00	4.93e-105
 5.11840e+21	0.00e+00	8.03e-27	9.23e-20	1.07e-13	3.89e-08	2.59e-04	1.00e+00	0.00e+00	0.00e+00	0.00e+00	0.00e+00	0.00e+00	4.03e-105
 5.23422e+21	0.00e+00	9.51e-27	1.05e-19	1.16e-13	4.13e-08	2.69e-04	1.00e+00	0.00e+00	0.00e+00	0.00e+00	0.00e+00	0.00e+00	3.27e-105
 5.34055e+21	0.00e+00	1.11e-26	1.17e-19	1.25e-13	4.35e-08	2.79e-04	1.00e+00	0.00e+00	0.00e+00	0.00e+00	0.00e+00	0.00e+00	2.62e-105
 5.46105e+21	0.00e+00	1.31e-26	1.32e-19	1.36e-13	4.61e-08	2.89e-04	1.00e+00	0.00e+00	0.00e+00	0.00e+00	0.00e+00	0.00e+00	2.09e-105
 5.59072e+21	0.00e+00	1.57e-26	1.51e-19	1.48e-13	4.91e-08	3.01e-04	1.00e+00	0.00e+00	0.00e+00	0.00e+00	0.00e+00	0.00e+00	1.67e-105
 5.70442e+21	0.00e+00	1.84e-26	1.70e-19	1.60e-13	5.18e-08	3.12e-04	1.00e+00	0.00e+00	0.00e+00	0.00e+00	0.00e+00	0.00e+00	1.31e-105
 5.82434e+21	0.00e+00	2.16e-26	1.91e-19	1.72e-13	5.48e-08	3.24e-04	1.00e+00	0.00e+00	0.00e+00	0.00e+00	0.00e+00	0.00e+00	1.01e-105
 5.95895e+21	0.00e+00	2.59e-26	2.18e-19	1.87e-13	5.83e-08	3.37e-04	1.00e+00	0.00e+00	0.00e+00	0.00e+00	0.00e+00	0.00e+00	7.90e-106
 6.08434e+21	0.00e+00	3.05e-26	2.45e-19	2.02e-13	6.16e-08	3.50e-04	1.00e+00	0.00e+00	0.00e+00	0.00e+00	0.00e+00	0.00e+00	6.05e-106
 6.19986e+21	0.00e+00	3.55e-26	2.73e-19	2.17e-13	6.48e-08	3.62e-04	1.00e+00	0.00e+00	0.00e+00	0.00e+00	0.00e+00	0.00e+00	5.96e-112
 6.33087e+21	0.00e+00	4.19e-26	3.08e-19	2.34e-13	6.86e-08	3.76e-04	1.00e+00	0.00e+00	0.00e+00	0.00e+00	0.00e+00	0.00e+00	7.44e-112
 6.47214e+21	0.00e+00	5.01e-26	3.51e-19	2.53e-13	7.29e-08	3.92e-04	1.00e+00	0.00e+00	0.00e+00	0.00e+00	0.00e+00	0.00e+00	1.39e-111
 6.59608e+21	0.00e+00	5.84e-26	3.92e-19	2.72e-13	7.68e-08	4.06e-04	1.00e+00	0.00e+00	0.00e+00	0.00e+00	0.00e+00	0.00e+00	2.49e-111
 6.72651e+21	0.00e+00	6.83e-26	4.39e-19	2.92e-13	8.10e-08	4.21e-04	1.00e+00	0.00e+00	0.00e+00	0.00e+00	0.00e+00	0.00e+00	4.41e-111
 6.87295e+21	0.00e+00	8.15e-26	4.98e-19	3.15e-13	8.59e-08	4.39e-04	1.00e+00	0.00e+00	0.00e+00	0.00e+00	0.00e+00	0.00e+00	8.21e-111
 7.00933e+21	0.00e+00	9.58e-26	5.59e-19	3.39e-13	9.07e-08	4.55e-04	1.00e+00	0.00e+00	0.00e+00	0.00e+00	0.00e+00	0.00e+00	1.50e-110
 7.13494e+21	0.00e+00	1.11e-25	6.20e-19	3.61e-13	9.52e-08	4.71e-04	1.00e+00	0.00e+00	0.00e+00	0.00e+00	0.00e+00	0.00e+00	2.61e-110
 7.27747e+21	0.00e+00	1.30e-25	6.96e-19	3.88e-13	1.01e-07	4.89e-04	1.00e+00	0.00e+00	0.00e+00	0.00e+00	0.00e+00	0.00e+00	4.68e-110
 7.43293e+21	0.00e+00	1.55e-25	7.89e-19	4.18e-13	1.07e-07	5.10e-04	9.99e-01	0.00e+00	0.00e+00	0.00e+00	0.00e+00	0.00e+00	8.83e-110
 7.57218e+21	0.00e+00	1.81e-25	8.80e-19	4.47e-13	1.12e-07	5.30e-04	9.99e-01	0.00e+00	0.00e+00	0.00e+00	0.00e+00	0.00e+00	1.60e-109
 7.70020e+21	0.00e+00	2.08e-25	9.71e-19	4.75e-13	1.18e-07	5.47e-04	9.99e-01	0.00e+00	0.00e+00	0.00e+00	0.00e+00	0.00e+00	2.76e-109
 7.84666e+21	0.00e+00	2.43e-25	1.08e-18	5.07e-13	1.24e-07	5.67e-04	9.99e-01	0.00e+00	0.00e+00	0.00e+00	0.00e+00	0.00e+00	4.83e-109
 8.00958e+21	0.00e+00	2.89e-25	1.22e-18	5.46e-13	1.31e-07	5.91e-04	9.99e-01	0.00e+00	0.00e+00	0.00e+00	0.00e+00	0.00e+00	9.07e-109
 8.15941e+21	0.00e+00	3.37e-25	1.37e-18	5.83e-13	1.38e-07	6.14e-04	9.99e-01	0.00e+00	0.00e+00	0.00e+00	0.00e+00	0.00e+00	1.66e-108
 8.29784e+21	0.00e+00	3.88e-25	1.51e-18	6.19e-13	1.45e-07	6.35e-04	9.99e-01	0.00e+00	0.00e+00	0.00e+00	0.00e+00	0.00e+00	2.83e-108
 8.45591e+21	0.00e+00	4.53e-25	1.69e-18	6.61e-13	1.53e-07	6.59e-04	9.99e-01	0.00e+00	0.00e+00	0.00e+00	0.00e+00	0.00e+00	5.07e-108
 8.63105e+21	0.00e+00	5.39e-25	1.90e-18	7.11e-13	1.62e-07	6.87e-04	9.99e-01	0.00e+00	0.00e+00	0.00e+00	0.00e+00	0.00e+00	9.62e-108
 8.78844e+21	0.00e+00	6.28e-25	2.12e-18	7.57e-13	1.70e-07	7.13e-04	9.99e-01	0.00e+00	0.00e+00	0.00e+00	0.00e+00	0.00e+00	1.76e-107
 8.92810e+21	0.00e+00	7.16e-25	2.33e-18	8.01e-13	1.78e-07	7.36e-04	9.99e-01	0.00e+00	0.00e+00	0.00e+00	0.00e+00	0.00e+00	2.81e-107
 9.08464e+21	0.00e+00	8.27e-25	2.58e-18	8.52e-13	1.87e-07	7.62e-04	9.99e-01	0.00e+00	0.00e+00	0.00e+00	0.00e+00	0.00e+00	5.19e-107
 9.28815e+21	0.00e+00	9.95e-25	2.94e-18	9.20e-13	1.99e-07	7.97e-04	9.99e-01	0.00e+00	0.00e+00	0.00e+00	0.00e+00	0.00e+00	1.02e-106
 9.49635e+21	0.00e+00	1.20e-24	3.36e-18	9.96e-13	2.12e-07	8.34e-04	9.99e-01	0.00e+00	0.00e+00	0.00e+00	0.00e+00	0.00e+00	2.10e-106
 9.66419e+21	0.00e+00	1.39e-24	3.73e-18	1.06e-12	2.23e-07	8.64e-04	9.99e-01	0.00e+00	0.00e+00	0.00e+00	0.00e+00	0.00e+00	3.89e-106
 9.83590e+21	0.00e+00	1.61e-24	4.13e-18	1.13e-12	2.35e-07	8.95e-04	9.99e-01	0.00e+00	0.00e+00	0.00e+00	0.00e+00	0.00e+00	6.92e-106
 1.00591e+22	0.00e+00	1.95e-24	4.72e-18	1.22e-12	2.50e-07	9.37e-04	9.99e-01	0.00e+00	0.00e+00	0.00e+00	0.00e+00	0.00e+00	1.50e-88
 1.02857e+22	0.00e+00	2.36e-24	5.40e-18	1.32e-12	2.67e-07	9.81e-04	9.99e-01	0.00e+00	0.00e+00	0.00e+00	0.00e+00	0.00e+00	2.94e-88
 1.04618e+22	0.00e+00	2.72e-24	5.99e-18	1.41e-12	2.81e-07	1.02e-03	9.99e-01	0.00e+00	0.00e+00	0.00e+00	0.00e+00	0.00e+00	6.02e-88
 1.06357e+22	0.00e+00	3.12e-24	6.60e-18	1.49e-12	2.95e-07	1.05e-03	9.99e-01	0.00e+00	0.00e+00	0.00e+00	0.00e+00	0.00e+00	9.92e-88
 1.08618e+22	0.00e+00	3.73e-24	7.49e-18	1.61e-12	3.14e-07	1.10e-03	9.99e-01	0.00e+00	0.00e+00	0.00e+00	0.00e+00	0.00e+00	1.41e-87
 1.10994e+22	0.00e+00	4.49e-24	8.55e-18	1.74e-12	3.35e-07	1.15e-03	9.99e-01	0.00e+00	0.00e+00	0.00e+00	0.00e+00	0.00e+00	2.87e-87
 1.13002e+22	0.00e+00	5.23e-24	9.53e-18	1.86e-12	3.53e-07	1.19e-03	9.99e-01	0.00e+00	0.00e+00	0.00e+00	0.00e+00	0.00e+00	6.08e-87
 1.15095e+22	0.00e+00	6.11e-24	1.06e-17	1.99e-12	3.73e-07	1.23e-03	9.99e-01	0.00e+00	0.00e+00	0.00e+00	0.00e+00	0.00e+00	8.76e-87
 1.17816e+22	0.00e+00	7.45e-24	1.23e-17	2.17e-12	4.00e-07	1.29e-03	9.99e-01	0.00e+00	0.00e+00	0.00e+00	0.00e+00	0.00e+00	1.59e-86
 1.20571e+22	0.00e+00	9.11e-24	1.42e-17	2.36e-12	4.30e-07	1.36e-03	9.99e-01	0.00e+00	0.00e+00	0.00e+00	0.00e+00	0.00e+00	3.45e-86
 1.22658e+22	0.00e+00	1.06e-23	1.58e-17	2.52e-12	4.54e-07	1.41e-03	9.99e-01	0.00e+00	0.00e+00	0.00e+00	0.00e+00	0.00e+00	7.35e-86
 1.24658e+22	0.00e+00	1.21e-23	1.74e-17	2.68e-12	4.77e-07	1.45e-03	9.99e-01	0.00e+00	0.00e+00	0.00e+00	0.00e+00	0.00e+00	1.55e-85
 1.27258e+22	0.00e+00	1.45e-23	1.98e-17	2.90e-12	5.09e-07	1.52e-03	9.98e-01	0.00e+00	0.00e+00	0.00e+00	0.00e+00	0.00e+00	1.69e-85
 1.30016e+22	0.00e+00	1.75e-23	2.26e-17	3.14e-12	5.44e-07	1.58e-03	9.98e-01	0.00e+00	0.00e+00	0.00e+00	0.00e+00	0.00e+00	2.66e-85
 1.32373e+22	0.00e+00	2.04e-23	2.53e-17	3.37e-12	5.76e-07	1.64e-03	9.98e-01	0.00e+00	0.00e+00	0.00e+00	0.00e+00	0.00e+00	7.52e-85
 1.34833e+22	0.00e+00	2.40e-23	2.84e-17	3.62e-12	6.11e-07	1.71e-03	9.98e-01	0.00e+00	0.00e+00	0.00e+00	0.00e+00	0.00e+00	1.09e-84
 1.38030e+22	0.00e+00	2.94e-23	3.29e-17	3.96e-12	6.59e-07	1.79e-03	9.98e-01	0.00e+00	0.00e+00	0.00e+00	0.00e+00	0.00e+00	2.01e-84
 1.41274e+22	0.00e+00	3.62e-23	3.82e-17	4.35e-12	7.11e-07	1.88e-03	9.98e-01	0.00e+00	0.00e+00	0.00e+00	0.00e+00	0.00e+00	4.48e-84
 1.43851e+22	0.00e+00	4.25e-23	4.30e-17	4.68e-12	7.55e-07	1.95e-03	9.98e-01	0.00e+00	0.00e+00	0.00e+00	0.00e+00	0.00e+00	9.95e-84
 1.46094e+22	0.00e+00	4.87e-23	4.74e-17	4.97e-12	7.94e-07	2.01e-03	9.98e-01	0.00e+00	0.00e+00	0.00e+00	0.00e+00	0.00e+00	2.07e-83
 1.48632e+22	0.00e+00	5.67e-23	5.30e-17	5.33e-12	8.41e-07	2.09e-03	9.98e-01	0.00e+00	0.00e+00	0.00e+00	0.00e+00	0.00e+00	2.77e-83
 1.51931e+22	0.00e+00	6.90e-23	6.11e-17	5.83e-12	9.05e-07	2.18e-03	9.98e-01	0.00e+00	0.00e+00	0.00e+00	0.00e+00	0.00e+00	4.07e-83
 1.55327e+22	0.00e+00	8.44e-23	7.08e-17	6.39e-12	9.76e-07	2.29e-03	9.98e-01	0.00e+00	0.00e+00	0.00e+00	0.00e+00	0.00e+00	6.42e-83
 1.58091e+22	0.00e+00	9.91e-23	7.96e-17	6.88e-12	1.04e-06	2.37e-03	9.98e-01	0.00e+00	0.00e+00	0.00e+00	0.00e+00	0.00e+00	1.95e-82
 1.60929e+22	0.00e+00	1.16e-22	8.94e-17	7.40e-12	1.10e-06	2.46e-03	9.98e-01	0.00e+00	0.00e+00	0.00e+00	0.00e+00	0.00e+00	3.43e-82
 1.64618e+22	0.00e+00	1.43e-22	1.04e-16	8.14e-12	1.19e-06	2.58e-03	9.97e-01	0.00e+00	0.00e+00	0.00e+00	0.00e+00	0.00e+00	5.21e-82
 1.68442e+22	1.93e-30	1.77e-22	1.22e-16	8.99e-12	1.29e-06	2.71e-03	9.97e-01	0.00e+00	0.00e+00	0.00e+00	0.00e+00	0.00e+00	8.40e-82
 1.71563e+22	2.41e-30	2.10e-22	1.38e-16	9.74e-12	1.38e-06	2.82e-03	9.97e-01	0.00e+00	0.00e+00	0.00e+00	0.00e+00	0.00e+00	2.64e-81
 1.74738e+22	3.03e-30	2.48e-22	1.56e-16	1.06e-11	1.47e-06	2.92e-03	9.97e-01	0.00e+00	0.00e+00	0.00e+00	0.00e+00	0.00e+00	3.69e-81
 1.78318e+22	3.90e-30	3.02e-22	1.80e-16	1.15e-11	1.59e-06	3.06e-03	9.97e-01	0.00e+00	0.00e+00	0.00e+00	0.00e+00	0.00e+00	6.97e-81
 1.81592e+22	4.84e-30	3.59e-22	2.04e-16	1.25e-11	1.69e-06	3.18e-03	9.97e-01	0.00e+00	0.00e+00	0.00e+00	0.00e+00	0.00e+00	1.54e-80
 1.84523e+22	5.91e-30	4.18e-22	2.29e-16	1.35e-11	1.80e-06	3.29e-03	9.97e-01	0.00e+00	0.00e+00	0.00e+00	0.00e+00	0.00e+00	2.88e-80
 1.87845e+22	7.43e-30	4.94e-22	2.59e-16	1.46e-11	1.92e-06	3.41e-03	9.97e-01	0.00e+00	0.00e+00	0.00e+00	0.00e+00	0.00e+00	3.25e-80
 1.92162e+22	9.93e-30	6.16e-22	3.04e-16	1.62e-11	2.09e-06	3.58e-03	9.96e-01	0.00e+00	0.00e+00	0.00e+00	0.00e+00	0.00e+00	8.02e-80
 1.96529e+22	1.33e-29	7.71e-22	3.59e-16	1.80e-11	2.28e-06	3.76e-03	9.96e-01	0.00e+00	0.00e+00	0.00e+00	0.00e+00	0.00e+00	1.86e-79
 1.99987e+22	1.66e-29	9.18e-22	4.09e-16	1.95e-11	2.43e-06	3.91e-03	9.96e-01	0.00e+00	0.00e+00	0.00e+00	0.00e+00	0.00e+00	4.13e-79
 2.03511e+22	2.11e-29	1.09e-21	4.64e-16	2.12e-11	2.60e-06	4.06e-03	9.96e-01	0.00e+00	0.00e+00	0.00e+00	0.00e+00	0.00e+00	6.86e-79
 2.08091e+22	2.78e-29	1.36e-21	5.47e-16	2.36e-11	2.84e-06	4.26e-03	9.96e-01	0.00e+00	0.00e+00	0.00e+00	0.00e+00	0.00e+00	1.21e-78
 2.12546e+22	3.73e-29	1.70e-21	6.46e-16	2.63e-11	3.09e-06	4.47e-03	9.96e-01	0.00e+00	0.00e+00	0.00e+00	0.00e+00	0.00e+00	2.20e-78
 2.15696e+22	4.59e-29	1.98e-21	7.24e-16	2.83e-11	3.28e-06	4.62e-03	9.95e-01	0.00e+00	0.00e+00	0.00e+00	0.00e+00	0.00e+00	5.62e-78
 2.18649e+22	5.50e-29	2.28e-21	8.03e-16	3.03e-11	3.46e-06	4.76e-03	9.95e-01	0.00e+00	0.00e+00	0.00e+00	0.00e+00	0.00e+00	9.89e-78
 2.22487e+22	6.88e-29	2.73e-21	9.19e-16	3.31e-11	3.72e-06	4.94e-03	9.95e-01	0.00e+00	0.00e+00	0.00e+00	0.00e+00	0.00e+00	6.94e-78
 2.26767e+22	9.09e-29	3.35e-21	1.07e-15	3.66e-11	4.02e-06	5.16e-03	9.95e-01	0.00e+00	0.00e+00	0.00e+00	0.00e+00	0.00e+00	1.56e-77
 2.30329e+22	1.13e-28	3.98e-21	1.22e-15	3.98e-11	4.30e-06	5.35e-03	9.95e-01	0.00e+00	0.00e+00	0.00e+00	0.00e+00	0.00e+00	4.86e-77
 2.33016e+22	1.33e-28	4.51e-21	1.34e-15	4.24e-11	4.51e-06	5.49e-03	9.95e-01	0.00e+00	0.00e+00	0.00e+00	0.00e+00	0.00e+00	9.49e-77
 2.35857e+22	1.60e-28	5.16e-21	1.48e-15	4.53e-11	4.75e-06	5.65e-03	9.94e-01	0.00e+00	0.00e+00	0.00e+00	0.00e+00	0.00e+00	1.36e-76
 2.39549e+22	1.99e-28	6.11e-21	1.68e-15	4.93e-11	5.07e-06	5.85e-03	9.94e-01	0.00e+00	0.00e+00	0.00e+00	0.00e+00	0.00e+00	7.96e-77
 2.43275e+22	2.47e-28	7.29e-21	1.92e-15	5.38e-11	5.43e-06	6.06e-03	9.94e-01	0.00e+00	0.00e+00	0.00e+00	0.00e+00	0.00e+00	2.19e-76
 2.46098e+22	2.96e-28	8.33e-21	2.12e-15	5.75e-11	5.72e-06	6.23e-03	9.94e-01	0.00e+00	0.00e+00	0.00e+00	0.00e+00	0.00e+00	4.11e-76
 2.48819e+22	3.47e-28	9.44e-21	2.33e-15	6.13e-11	6.00e-06	6.39e-03	9.94e-01	0.00e+00	0.00e+00	0.00e+00	0.00e+00	0.00e+00	1.05e-75
 2.52357e+22	4.23e-28	1.11e-20	2.63e-15	6.65e-11	6.38e-06	6.60e-03	9.93e-01	0.00e+00	0.00e+00	0.00e+00	0.00e+00	0.00e+00	4.71e-76
 2.56107e+22	5.39e-28	1.32e-20	3.01e-15	7.26e-11	6.82e-06	6.84e-03	9.93e-01	0.00e+00	0.00e+00	0.00e+00	0.00e+00	0.00e+00	1.50e-75
 2.59225e+22	6.44e-28	1.53e-20	3.36e-15	7.82e-11	7.21e-06	7.04e-03	9.93e-01	0.00e+00	0.00e+00	0.00e+00	0.00e+00	0.00e+00	3.06e-75
 2.62368e+22	7.73e-28	1.77e-20	3.74e-15	8.41e-11	7.62e-06	7.24e-03	9.93e-01	0.00e+00	0.00e+00	0.00e+00	0.00e+00	0.00e+00	4.83e-75
 2.65861e+22	9.63e-28	2.08e-20	4.23e-15	9.14e-11	8.10e-06	7.48e-03	9.93e-01	0.00e+00	0.00e+00	0.00e+00	0.00e+00	0.00e+00	4.88e-75
 2.68967e+22	1.15e-27	2.40e-20	4.72e-15	9.84e-11	8.56e-06	7.69e-03	9.92e-01	0.00e+00	0.00e+00	0.00e+00	0.00e+00	0.00e+00	2.64e-74
 2.71662e+22	1.34e-27	2.72e-20	5.19e-15	1.05e-10	8.97e-06	7.88e-03	9.92e-01	0.00e+00	0.00e+00	0.00e+00	0.00e+00	0.00e+00	3.87e-74
 2.74664e+22	1.61e-27	3.12e-20	5.76e-15	1.13e-10	9.45e-06	8.10e-03	9.92e-01	0.00e+00	0.00e+00	0.00e+00	0.00e+00	0.00e+00	5.95e-74
 2.78567e+22	2.00e-27	3.72e-20	6.59e-15	1.23e-10	1.01e-05	8.38e-03	9.92e-01	0.00e+00	0.00e+00	0.00e+00	0.00e+00	0.00e+00	1.02e-73
 2.82546e+22	2.57e-27	4.49e-20	7.61e-15	1.36e-10	1.08e-05	8.68e-03	9.91e-01	0.00e+00	0.00e+00	0.00e+00	0.00e+00	0.00e+00	1.82e-73
 2.85641e+22	3.09e-27	5.18e-20	8.49e-15	1.47e-10	1.14e-05	8.92e-03	9.91e-01	0.00e+00	0.00e+00	0.00e+00	0.00e+00	0.00e+00	2.83e-73
 2.88684e+22	3.64e-27	5.94e-20	9.43e-15	1.58e-10	1.20e-05	9.16e-03	9.91e-01	0.00e+00	0.00e+00	0.00e+00	0.00e+00	0.00e+00	4.25e-73
 2.92639e+22	4.62e-27	7.11e-20	1.08e-14	1.73e-10	1.29e-05	9.48e-03	9.91e-01	0.00e+00	0.00e+00	0.00e+00	0.00e+00	0.00e+00	7.38e-73
 2.96595e+22	5.78e-27	8.57e-20	1.25e-14	1.91e-10	1.38e-05	9.81e-03	9.90e-01	0.00e+00	0.00e+00	0.00e+00	0.00e+00	0.00e+00	1.28e-72
 2.99578e+22	6.94e-27	9.84e-20	1.39e-14	2.05e-10	1.45e-05	1.01e-02	9.90e-01	0.00e+00	0.00e+00	0.00e+00	0.00e+00	0.00e+00	1.95e-72
 3.02483e+22	8.18e-27	1.12e-19	1.54e-14	2.20e-10	1.52e-05	1.03e-02	9.90e-01	0.00e+00	0.00e+00	0.00e+00	0.00e+00	0.00e+00	2.88e-72
 3.06260e+22	1.01e-26	1.33e-19	1.75e-14	2.41e-10	1.62e-05	1.07e-02	9.89e-01	0.00e+00	0.00e+00	0.00e+00	0.00e+00	0.00e+00	4.77e-72
 3.10245e+22	1.29e-26	1.60e-19	2.02e-14	2.66e-10	1.74e-05	1.10e-02	9.89e-01	0.00e+00	0.00e+00	0.00e+00	0.00e+00	0.00e+00	8.33e-72
 3.13552e+22	1.56e-26	1.87e-19	2.28e-14	2.89e-10	1.84e-05	1.13e-02	9.89e-01	0.00e+00	0.00e+00	0.00e+00	0.00e+00	0.00e+00	1.32e-71
 3.16441e+22	1.84e-26	2.13e-19	2.52e-14	3.10e-10	1.93e-05	1.16e-02	9.88e-01	0.00e+00	0.00e+00	0.00e+00	0.00e+00	0.00e+00	1.92e-71
 3.19737e+22	2.20e-26	2.46e-19	2.82e-14	3.35e-10	2.04e-05	1.19e-02	9.88e-01	0.00e+00	0.00e+00	0.00e+00	0.00e+00	0.00e+00	2.95e-71
 3.24022e+22	2.77e-26	2.98e-19	3.27e-14	3.71e-10	2.18e-05	1.23e-02	9.88e-01	0.00e+00	0.00e+00	0.00e+00	0.00e+00	0.00e+00	5.11e-71
 3.28468e+22	3.61e-26	3.65e-19	3.83e-14	4.14e-10	2.35e-05	1.28e-02	9.87e-01	0.00e+00	0.00e+00	0.00e+00	0.00e+00	0.00e+00	9.33e-71
 3.32029e+22	4.43e-26	4.32e-19	4.36e-14	4.53e-10	2.50e-05	1.32e-02	9.87e-01	0.00e+00	0.00e+00	0.00e+00	0.00e+00	0.00e+00	1.51e-70
 3.35562e+22	5.37e-26	5.01e-19	4.89e-14	4.91e-10	2.63e-05	1.36e-02	9.86e-01	0.00e+00	0.00e+00	0.00e+00	0.00e+00	0.00e+00	2.33e-70
 3.40155e+22	6.83e-26	6.11e-19	5.71e-14	5.47e-10	2.83e-05	1.41e-02	9.86e-01	0.00e+00	0.00e+00	0.00e+00	0.00e+00	0.00e+00	4.11e-70
 3.44964e+22	8.97e-26	7.57e-19	6.74e-14	6.15e-10	3.06e-05	1.46e-02	9.85e-01	0.00e+00	0.00e+00	0.00e+00	0.00e+00	0.00e+00	7.64e-70
 3.48889e+22	1.11e-25	9.06e-19	7.76e-14	6.78e-10	3.27e-05	1.51e-02	9.85e-01	0.00e+00	0.00e+00	0.00e+00	0.00e+00	0.00e+00	1.27e-69
 3.52156e+22	1.32e-25	1.03e-18	8.60e-14	7.29e-10	3.43e-05	1.54e-02	9.85e-01	0.00e+00	0.00e+00	0.00e+00	0.00e+00	0.00e+00	1.87e-69
 3.55727e+22	1.60e-25	1.20e-18	9.66e-14	7.91e-10	3.62e-05	1.59e-02	9.84e-01	0.00e+00	0.00e+00	0.00e+00	0.00e+00	0.00e+00	2.87e-69
 3.60370e+22	2.01e-25	1.45e-18	1.12e-13	8.78e-10	3.88e-05	1.64e-02	9.84e-01	0.00e+00	0.00e+00	0.00e+00	0.00e+00	0.00e+00	4.90e-69
 3.65327e+22	2.62e-25	1.79e-18	1.32e-13	9.85e-10	4.18e-05	1.70e-02	9.83e-01	0.00e+00	0.00e+00	0.00e+00	0.00e+00	0.00e+00	8.91e-69
 3.69557e+22	3.23e-25	2.13e-18	1.51e-13	1.08e-09	4.45e-05	1.76e-02	9.82e-01	0.00e+00	0.00e+00	0.00e+00	0.00e+00	0.00e+00	1.45e-68
 3.73921e+22	4.01e-25	2.53e-18	1.73e-13	1.19e-09	4.74e-05	1.81e-02	9.82e-01	0.00e+00	0.00e+00	0.00e+00	0.00e+00	0.00e+00	2.36e-68
 3.79595e+22	5.21e-25	3.14e-18	2.05e-13	1.34e-09	5.13e-05	1.88e-02	9.81e-01	0.00e+00	0.00e+00	0.00e+00	0.00e+00	0.00e+00	4.35e-68
 3.85253e+22	6.97e-25	3.94e-18	2.45e-13	1.52e-09	5.56e-05	1.96e-02	9.80e-01	0.00e+00	0.00e+00	0.00e+00	0.00e+00	0.00e+00	8.29e-68
 3.89483e+22	8.52e-25	4.66e-18	2.80e-13	1.67e-09	5.91e-05	2.02e-02	9.80e-01	0.00e+00	0.00e+00	0.00e+00	0.00e+00	0.00e+00	1.32e-67
 3.93571e+22	1.02e-24	5.37e-18	3.12e-13	1.81e-09	6.23e-05	2.07e-02	9.79e-01	0.00e+00	0.00e+00	0.00e+00	0.00e+00	0.00e+00	1.98e-67
 3.98885e+22	1.29e-24	6.48e-18	3.62e-13	2.01e-09	6.67e-05	2.14e-02	9.79e-01	0.00e+00	0.00e+00	0.00e+00	0.00e+00	0.00e+00	3.36e-67
 4.04720e+22	1.66e-24	7.99e-18	4.28e-13	2.26e-09	7.20e-05	2.22e-02	9.78e-01	0.00e+00	0.00e+00	0.00e+00	0.00e+00	0.00e+00	6.01e-67
 4.09885e+22	2.09e-24	9.60e-18	4.94e-13	2.51e-09	7.70e-05	2.30e-02	9.77e-01	0.00e+00	0.00e+00	0.00e+00	0.00e+00	0.00e+00	1.01e-66
 4.14500e+22	2.54e-24	1.13e-17	5.61e-13	2.74e-09	8.17e-05	2.37e-02	9.76e-01	0.00e+00	0.00e+00	0.00e+00	0.00e+00	0.00e+00	1.57e-66
 4.19747e+22	3.13e-24	1.33e-17	6.39e-13	3.01e-09	8.68e-05	2.44e-02	9.76e-01	0.00e+00	0.00e+00	0.00e+00	0.00e+00	0.00e+00	2.51e-66
 4.26570e+22	4.06e-24	1.65e-17	7.57e-13	3.40e-09	9.40e-05	2.53e-02	9.75e-01	0.00e+00	0.00e+00	0.00e+00	0.00e+00	0.00e+00	4.56e-66
 4.33662e+22	5.42e-24	2.07e-17	9.08e-13	3.87e-09	1.02e-04	2.64e-02	9.73e-01	0.00e+00	0.00e+00	0.00e+00	0.00e+00	0.00e+00	8.69e-66
 4.39375e+22	6.75e-24	2.49e-17	1.05e-12	4.29e-09	1.09e-04	2.73e-02	9.73e-01	0.00e+00	0.00e+00	0.00e+00	0.00e+00	0.00e+00	1.44e-65
 4.45070e+22	8.20e-24	2.92e-17	1.19e-12	4.70e-09	1.16e-04	2.81e-02	9.72e-01	0.00e+00	0.00e+00	0.00e+00	0.00e+00	0.00e+00	2.24e-65
 4.52475e+22	1.07e-23	3.60e-17	1.41e-12	5.30e-09	1.25e-04	2.92e-02	9.71e-01	0.00e+00	0.00e+00	0.00e+00	0.00e+00	0.00e+00	4.06e-65
 4.60221e+22	1.40e-23	4.50e-17	1.68e-12	6.01e-09	1.36e-04	3.04e-02	9.69e-01	0.00e+00	0.00e+00	0.00e+00	4.50e-17	2.62e-23	7.50e-65
 4.66326e+22	1.76e-23	5.38e-17	1.93e-12	6.65e-09	1.46e-04	3.14e-02	9.68e-01	0.00e+00	0.00e+00	0.00e+00	5.38e-17	3.36e-21	1.23e-64
 4.71318e+22	2.05e-23	6.13e-17	2.14e-12	7.17e-09	1.53e-04	3.21e-02	9.68e-01	0.00e+00	0.00e+00	0.00e+00	6.12e-17	3.76e-21	1.76e-64
 4.76949e+22	2.44e-23	7.06e-17	2.40e-12	7.77e-09	1.61e-04	3.30e-02	9.67e-01	0.00e+00	0.00e+00	0.00e+00	7.06e-17	4.26e-21	2.61e-64
 4.84269e+22	3.07e-23	8.46e-17	2.77e-12	8.63e-09	1.73e-04	3.41e-02	9.66e-01	0.00e+00	0.00e+00	0.00e+00	8.46e-17	4.97e-21	4.35e-64
 4.92349e+22	3.93e-23	1.04e-16	3.26e-12	9.70e-09	1.86e-04	3.54e-02	9.64e-01	0.00e+00	0.00e+00	0.00e+00	1.04e-16	5.88e-21	7.62e-64
 4.99560e+22	4.97e-23	1.25e-16	3.78e-12	1.08e-08	1.99e-04	3.66e-02	9.63e-01	0.00e+00	0.00e+00	0.00e+00	1.25e-16	6.86e-21	1.28e-63
 5.05997e+22	5.95e-23	1.44e-16	4.24e-12	1.17e-08	2.11e-04	3.76e-02	9.62e-01	0.00e+00	0.00e+00	0.00e+00	1.44e-16	7.77e-21	1.92e-63
 5.13281e+22	7.23e-23	1.70e-16	4.83e-12	1.29e-08	2.24e-04	3.87e-02	9.61e-01	0.00e+00	0.00e+00	0.00e+00	1.70e-16	8.94e-21	3.00e-63
 5.22751e+22	9.39e-23	2.09e-16	5.70e-12	1.45e-08	2.42e-04	4.02e-02	9.60e-01	0.00e+00	0.00e+00	0.00e+00	2.09e-16	1.06e-20	5.36e-63
 5.32817e+22	1.23e-22	2.62e-16	6.82e-12	1.66e-08	2.64e-04	4.19e-02	9.58e-01	0.00e+00	0.00e+00	0.00e+00	2.62e-16	1.28e-20	9.90e-63
 5.41207e+22	1.55e-22	3.14e-16	7.89e-12	1.84e-08	2.83e-04	4.34e-02	9.56e-01	0.00e+00	0.00e+00	0.00e+00	3.14e-16	1.49e-20	1.65e-62
 5.48223e+22	1.85e-22	3.63e-16	8.86e-12	2.00e-08	2.99e-04	4.45e-02	9.55e-01	0.00e+00	0.00e+00	0.00e+00	3.63e-16	1.68e-20	2.46e-62
 5.55905e+22	2.21e-22	4.20e-16	9.96e-12	2.18e-08	3.16e-04	4.58e-02	9.54e-01	0.00e+00	0.00e+00	0.00e+00	4.20e-16	1.90e-20	3.69e-62
 5.65891e+22	2.82e-22	5.10e-16	1.16e-11	2.44e-08	3.40e-04	4.74e-02	9.52e-01	0.00e+00	0.00e+00	0.00e+00	5.10e-16	2.24e-20	6.33e-62
 5.76419e+22	3.64e-22	6.28e-16	1.37e-11	2.76e-08	3.68e-04	4.93e-02	9.50e-01	0.00e+00	0.00e+00	0.00e+00	6.28e-16	2.64e-20	1.12e-61
 5.84834e+22	4.42e-22	7.38e-16	1.56e-11	3.03e-08	3.91e-04	5.08e-02	9.49e-01	0.00e+00	0.00e+00	0.00e+00	7.38e-16	3.02e-20	1.74e-61
 5.92957e+22	5.28e-22	8.51e-16	1.75e-11	3.29e-08	4.13e-04	5.21e-02	9.47e-01	0.00e+00	0.00e+00	0.00e+00	8.51e-16	3.42e-20	2.59e-61
 6.03516e+22	6.59e-22	1.02e-15	2.03e-11	3.66e-08	4.43e-04	5.39e-02	9.46e-01	0.00e+00	0.00e+00	0.00e+00	1.02e-15	3.96e-20	4.27e-61
 6.14968e+22	8.41e-22	1.25e-15	2.38e-11	4.12e-08	4.78e-04	5.59e-02	9.44e-01	0.00e+00	0.00e+00	0.00e+00	1.25e-15	4.65e-20	7.41e-61
 6.24662e+22	1.04e-21	1.47e-15	2.73e-11	4.54e-08	5.10e-04	5.77e-02	9.42e-01	0.00e+00	0.00e+00	0.00e+00	1.47e-15	5.33e-20	1.18e-60
 6.33041e+22	1.23e-21	1.69e-15	3.03e-11	4.91e-08	5.36e-04	5.91e-02	9.40e-01	0.00e+00	0.00e+00	0.00e+00	1.69e-15	5.96e-20	1.71e-60
 6.42625e+22	1.47e-21	1.96e-15	3.43e-11	5.37e-08	5.69e-04	6.08e-02	9.39e-01	0.00e+00	0.00e+00	0.00e+00	1.96e-15	6.78e-20	2.58e-60
 6.55085e+22	1.85e-21	2.36e-15	3.98e-11	5.99e-08	6.11e-04	6.29e-02	9.36e-01	0.00e+00	0.00e+00	0.00e+00	2.36e-15	7.87e-20	4.30e-60
 6.67759e+22	2.37e-21	2.89e-15	4.68e-11	6.74e-08	6.59e-04	6.53e-02	9.34e-01	0.00e+00	0.00e+00	0.00e+00	2.89e-15	9.20e-20	7.49e-60
 6.77098e+22	2.81e-21	3.32e-15	5.23e-11	7.32e-08	6.95e-04	6.70e-02	9.32e-01	0.00e+00	0.00e+00	0.00e+00	3.32e-15	1.03e-19	1.10e-59
 6.85626e+22	3.25e-21	3.75e-15	5.78e-11	7.87e-08	7.29e-04	6.85e-02	9.31e-01	0.00e+00	0.00e+00	0.00e+00	3.75e-15	1.15e-19	1.53e-59
 6.96712e+22	3.90e-21	4.35e-15	6.51e-11	8.59e-08	7.72e-04	7.04e-02	9.29e-01	0.00e+00	0.00e+00	0.00e+00	4.35e-15	1.29e-19	2.30e-59
 7.11125e+22	4.91e-21	5.22e-15	7.53e-11	9.56e-08	8.28e-04	7.28e-02	9.26e-01	0.00e+00	0.00e+00	0.00e+00	5.22e-15	1.49e-19	3.83e-59
 7.25994e+22	6.34e-21	6.45e-15	8.93e-11	1.08e-07	8.98e-04	7.57e-02	9.23e-01	0.00e+00	0.00e+00	0.00e+00	6.45e-15	1.75e-19	6.77e-59
 7.37128e+22	7.57e-21	7.45e-15	1.00e-10	1.18e-07	9.49e-04	7.77e-02	9.21e-01	0.00e+00	0.00e+00	0.00e+00	7.45e-15	1.97e-19	1.01e-58
 7.47273e+22	8.83e-21	8.45e-15	1.11e-10	1.27e-07	9.96e-04	7.96e-02	9.19e-01	0.00e+00	0.00e+00	0.00e+00	8.45e-15	2.19e-19	1.42e-58
 7.60462e+22	1.08e-20	9.89e-15	1.26e-10	1.40e-07	1.06e-03	8.19e-02	9.17e-01	0.00e+00	0.00e+00	0.00e+00	9.89e-15	2.48e-19	2.20e-58
 7.74530e+22	1.33e-20	1.17e-14	1.45e-10	1.54e-07	1.13e-03	8.45e-02	9.14e-01	0.00e+00	0.00e+00	0.00e+00	1.17e-14	2.83e-19	3.51e-58
 7.86140e+22	1.57e-20	1.35e-14	1.62e-10	1.68e-07	1.19e-03	8.67e-02	9.12e-01	0.00e+00	0.00e+00	0.00e+00	1.35e-14	3.16e-19	5.13e-58
 7.97630e+22	1.81e-20	1.52e-14	1.78e-10	1.80e-07	1.25e-03	8.86e-02	9.10e-01	0.00e+00	0.00e+00	0.00e+00	1.52e-14	3.48e-19	7.09e-58
 8.12568e+22	2.21e-20	1.78e-14	2.03e-10	1.98e-07	1.33e-03	9.12e-02	9.07e-01	0.00e+00	0.00e+00	0.00e+00	1.78e-14	3.95e-19	1.10e-57
 8.28629e+22	2.72e-20	2.11e-14	2.32e-10	2.19e-07	1.42e-03	9.41e-02	9.05e-01	0.00e+00	0.00e+00	0.00e+00	2.11e-14	4.48e-19	1.76e-57
 8.42262e+22	3.22e-20	2.43e-14	2.60e-10	2.38e-07	1.50e-03	9.65e-02	9.02e-01	0.00e+00	0.00e+00	0.00e+00	2.43e-14	4.99e-19	2.58e-57
 8.56096e+22	3.80e-20	2.79e-14	2.90e-10	2.58e-07	1.58e-03	9.89e-02	8.99e-01	0.00e+00	0.00e+00	0.00e+00	2.79e-14	5.59e-19	3.74e-57
 8.74080e+22	4.67e-20	3.29e-14	3.32e-10	2.85e-07	1.68e-03	1.02e-01	8.96e-01	0.00e+00	0.00e+00	0.00e+00	3.29e-14	6.36e-19	5.92e-57
 8.93501e+22	5.88e-20	3.96e-14	3.86e-10	3.18e-07	1.81e-03	1.05e-01	8.93e-01	0.00e+00	0.00e+00	0.00e+00	3.96e-14	7.28e-19	9.85e-57
 9.09999e+22	7.09e-20	4.61e-14	4.36e-10	3.48e-07	1.92e-03	1.08e-01	8.90e-01	0.00e+00	0.00e+00	0.00e+00	4.61e-14	8.17e-19	1.50e-56
 9.26652e+22	8.35e-20	5.29e-14	4.87e-10	3.77e-07	2.02e-03	1.11e-01	8.87e-01	0.00e+00	0.00e+00	0.00e+00	5.29e-14	9.13e-19	2.18e-56
 9.48301e+22	1.04e-19	6.31e-14	5.62e-10	4.19e-07	2.16e-03	1.15e-01	8.83e-01	0.00e+00	0.00e+00	0.00e+00	6.31e-14	1.04e-18	3.52e-56
 9.72249e+22	1.32e-19	7.68e-14	6.58e-10	4.71e-07	2.33e-03	1.19e-01	8.79e-01	0.00e+00	0.00e+00	0.00e+00	7.68e-14	1.20e-18	6.06e-56
 9.93548e+22	1.78e-19	9.14e-14	7.57e-10	5.23e-07	2.49e-03	1.23e-01	8.75e-01	0.00e+00	0.00e+00	0.00e+00	9.14e-14	1.37e-18	1.05e-55
 1.01131e+23	2.10e-19	1.05e-13	8.49e-10	5.69e-07	2.63e-03	1.26e-01	8.72e-01	0.00e+00	0.00e+00	0.00e+00	1.05e-13	1.53e-18	1.54e-55
 1.03012e+23	2.48e-19	1.21e-13	9.48e-10	6.17e-07	2.78e-03	1.29e-01	8.68e-01	0.00e+00	0.00e+00	0.00e+00	1.21e-13	1.70e-18	2.23e-55
 1.05457e+23	3.05e-19	1.43e-13	1.09e-09	6.82e-07	2.96e-03	1.33e-01	8.64e-01	0.00e+00	0.00e+00	0.00e+00	1.43e-13	1.93e-18	3.54e-55
 1.08191e+23	3.84e-19	1.73e-13	1.27e-09	7.64e-07	3.19e-03	1.37e-01	8.60e-01	0.00e+00	0.00e+00	0.00e+00	1.73e-13	2.21e-18	5.91e-55
 1.10708e+23	4.72e-19	2.05e-13	1.45e-09	8.46e-07	3.40e-03	1.41e-01	8.55e-01	0.00e+00	0.00e+00	0.00e+00	2.05e-13	2.50e-18	9.36e-55
 1.13387e+23	5.69e-19	2.40e-13	1.65e-09	9.28e-07	3.61e-03	1.45e-01	8.51e-01	0.00e+00	0.00e+00	0.00e+00	2.40e-13	2.83e-18	1.43e-54
 1.16870e+23	7.27e-19	2.93e-13	1.94e-09	1.05e-06	3.90e-03	1.51e-01	8.46e-01	0.00e+00	0.00e+00	0.00e+00	2.93e-13	3.27e-18	2.45e-54
 1.20619e+23	9.67e-19	3.71e-13	2.35e-09	1.20e-06	4.27e-03	1.57e-01	8.39e-01	0.00e+00	0.00e+00	0.00e+00	3.71e-13	3.84e-18	4.58e-54
 1.23707e+23	1.22e-18	4.50e-13	2.75e-09	1.35e-06	4.59e-03	1.62e-01	8.33e-01	0.00e+00	0.00e+00	0.00e+00	4.50e-13	4.43e-18	7.66e-54
 1.26051e+23	1.44e-18	5.16e-13	3.07e-09	1.47e-06	4.84e-03	1.66e-01	8.29e-01	0.00e+00	0.00e+00	0.00e+00	5.16e-13	4.92e-18	1.10e-53
 1.28434e+23	1.65e-18	5.80e-13	3.37e-09	1.57e-06	5.06e-03	1.69e-01	8.26e-01	0.00e+00	0.00e+00	0.00e+00	5.80e-13	5.38e-18	1.50e-53
 1.31531e+23	2.00e-18	6.77e-13	3.83e-09	1.73e-06	5.37e-03	1.74e-01	8.21e-01	0.00e+00	0.00e+00	0.00e+00	6.77e-13	6.01e-18	2.25e-53
 1.35557e+23	2.46e-18	8.04e-13	4.40e-09	1.91e-06	5.74e-03	1.79e-01	8.15e-01	0.00e+00	0.00e+00	0.00e+00	8.04e-13	6.74e-18	3.55e-53
 1.40014e+23	3.17e-18	9.94e-13	5.23e-09	2.17e-06	6.22e-03	1.86e-01	8.08e-01	0.00e+00	0.00e+00	0.00e+00	9.94e-13	7.76e-18	6.17e-53
 1.43838e+23	4.02e-18	1.21e-12	6.14e-09	2.44e-06	6.70e-03	1.92e-01	8.01e-01	0.00e+00	0.00e+00	0.00e+00	1.21e-12	8.93e-18	1.02e-52
 1.46890e+23	4.71e-18	1.38e-12	6.85e-09	2.65e-06	7.06e-03	1.96e-01	7.97e-01	0.00e+00	0.00e+00	0.00e+00	1.38e-12	9.86e-18	1.45e-52
 1.50129e+23	5.43e-18	1.56e-12	7.54e-09	2.84e-06	7.38e-03	2.00e-01	7.92e-01	0.00e+00	0.00e+00	0.00e+00	1.56e-12	1.07e-17	1.97e-52
 1.54339e+23	6.55e-18	1.82e-12	8.57e-09	3.12e-06	7.84e-03	2.05e-01	7.87e-01	0.00e+00	0.00e+00	0.00e+00	1.82e-12	1.19e-17	2.94e-52
 1.59813e+23	7.97e-18	2.14e-12	9.78e-09	3.45e-06	8.34e-03	2.11e-01	7.81e-01	0.00e+00	0.00e+00	0.00e+00	2.14e-12	1.31e-17	4.48e-52
 1.66227e+23	1.03e-17	2.66e-12	1.17e-08	3.92e-06	9.05e-03	2.19e-01	7.72e-01	0.00e+00	0.00e+00	0.00e+00	2.66e-12	1.50e-17	7.71e-52
 1.72257e+23	1.33e-17	3.27e-12	1.38e-08	4.45e-06	9.79e-03	2.26e-01	7.64e-01	0.00e+00	0.00e+00	0.00e+00	3.27e-12	1.71e-17	1.31e-51
 1.77208e+23	1.63e-17	3.88e-12	1.59e-08	4.94e-06	1.05e-02	2.33e-01	7.57e-01	0.00e+00	0.00e+00	0.00e+00	3.88e-12	1.92e-17	2.01e-51
 1.82362e+23	1.86e-17	4.34e-12	1.75e-08	5.28e-06	1.09e-02	2.37e-01	7.52e-01	0.00e+00	0.00e+00	0.00e+00	4.34e-12	2.06e-17	2.67e-51
 1.89042e+23	2.18e-17	4.97e-12	1.95e-08	5.73e-06	1.15e-02	2.42e-01	7.46e-01	0.00e+00	0.00e+00	0.00e+00	4.97e-12	2.20e-17	3.75e-51
 1.96727e+23	2.69e-17	5.92e-12	2.25e-08	6.38e-06	1.23e-02	2.49e-01	7.39e-01	0.00e+00	0.00e+00	0.00e+00	5.92e-12	2.41e-17	5.77e-51
 2.04720e+23	3.24e-17	6.93e-12	2.57e-08	7.02e-06	1.30e-02	2.55e-01	7.32e-01	0.00e+00	0.00e+00	0.00e+00	6.93e-12	2.61e-17	8.51e-51
 2.13032e+23	3.86e-17	8.03e-12	2.90e-08	7.68e-06	1.38e-02	2.61e-01	7.25e-01	0.00e+00	0.00e+00	0.00e+00	8.03e-12	2.80e-17	1.22e-50
 2.21677e+23	4.54e-17	9.18e-12	3.24e-08	8.34e-06	1.45e-02	2.67e-01	7.19e-01	4.54e-17	1.03e-21	2.47e-22	9.18e-12	2.97e-17	1.70e-50
 2.30054e+23	5.35e-17	1.05e-11	3.63e-08	9.07e-06	1.53e-02	2.72e-01	7.12e-01	5.35e-17	5.11e-21	8.32e-22	1.05e-11	3.15e-17	2.36e-50
 2.37597e+23	6.01e-17	1.16e-11	3.93e-08	9.64e-06	1.59e-02	2.77e-01	7.08e-01	6.01e-17	5.41e-21	8.84e-22	1.16e-11	3.27e-17	3.01e-50
 2.44385e+23	6.69e-17	1.27e-11	4.24e-08	1.02e-05	1.64e-02	2.81e-01	7.03e-01	6.69e-17	5.72e-21	9.35e-22	1.27e-11	3.39e-17	3.73e-50
 2.50495e+23	7.30e-17	1.37e-11	4.51e-08	1.07e-05	1.69e-02	2.84e-01	6.99e-01	7.30e-17	5.97e-21	9.77e-22	1.37e-11	3.48e-17	4.46e-50
 2.55993e+23	7.79e-17	1.45e-11	4.72e-08	1.10e-05	1.73e-02	2.86e-01	6.97e-01	7.79e-17	6.11e-21	1.00e-21	1.45e-11	3.53e-17	5.08e-50
 2.60942e+23	8.25e-17	1.52e-11	4.91e-08	1.14e-05	1.76e-02	2.88e-01	6.94e-01	8.25e-17	6.24e-21	1.02e-21	1.52e-11	3.56e-17	5.69e-50
 2.65396e+23	8.64e-17	1.58e-11	5.08e-08	1.16e-05	1.78e-02	2.90e-01	6.92e-01	8.64e-17	6.34e-21	1.04e-21	1.58e-11	3.58e-17	6.25e-50
 2.69405e+23	8.95e-17	1.62e-11	5.20e-08	1.19e-05	1.80e-02	2.91e-01	6.91e-01	8.94e-17	6.38e-21	1.05e-21	1.62e-11	3.59e-17	6.69e-50
 2.73012e+23	9.23e-17	1.67e-11	5.32e-08	1.21e-05	1.82e-02	2.92e-01	6.89e-01	9.23e-17	6.42e-21	1.05e-21	1.67e-11	3.59e-17	7.13e-50
 2.76259e+23	9.49e-17	1.71e-11	5.42e-08	1.22e-05	1.84e-02	2.94e-01	6.88e-01	9.49e-17	6.45e-21	1.06e-21	1.71e-11	3.59e-17	7.54e-50
 2.79325e+23	9.62e-17	1.73e-11	5.48e-08	1.23e-05	1.85e-02	2.94e-01	6.88e-01	9.62e-17	6.41e-21	1.05e-21	1.73e-11	3.56e-17	7.76e-50
 2.82380e+23	9.71e-17	1.74e-11	5.51e-08	1.24e-05	1.85e-02	2.94e-01	6.87e-01	9.71e-17	6.33e-21	1.04e-21	1.74e-11	3.51e-17	7.91e-50
 2.85434e+23	9.86e-17	1.76e-11	5.57e-08	1.25e-05	1.86e-02	2.95e-01	6.86e-01	9.86e-17	6.30e-21	1.04e-21	1.76e-11	3.48e-17	8.15e-50
 2.88489e+23	9.94e-17	1.77e-11	5.60e-08	1.25e-05	1.87e-02	2.95e-01	6.86e-01	9.94e-17	6.22e-21	1.02e-21	1.77e-11	3.43e-17	8.29e-50
 2.91544e+23	1.00e-16	1.79e-11	5.64e-08	1.26e-05	1.87e-02	2.96e-01	6.86e-01	1.00e-16	6.15e-21	1.01e-21	1.79e-11	3.39e-17	8.45e-50
 2.94599e+23	1.01e-16	1.79e-11	5.65e-08	1.26e-05	1.87e-02	2.96e-01	6.86e-01	1.01e-16	6.04e-21	9.93e-22	1.79e-11	3.33e-17	8.51e-50
 2.97654e+23	1.01e-16	1.80e-11	5.67e-08	1.26e-05	1.88e-02	2.96e-01	6.85e-01	1.01e-16	5.95e-21	9.78e-22	1.80e-11	3.28e-17	8.58e-50
 3.00709e+23	1.01e-16	1.80e-11	5.68e-08	1.27e-05	1.88e-02	2.96e-01	6.85e-01	1.01e-16	5.85e-21	9.62e-22	1.80e-11	3.22e-17	8.63e-50
 3.03763e+23	1.02e-16	1.81e-11	5.71e-08	1.27e-05	1.88e-02	2.96e-01	6.85e-01	1.02e-16	5.77e-21	9.49e-22	1.81e-11	3.17e-17	8.74e-50
 3.05386e+23	1.10e-16	1.93e-11	6.01e-08	1.32e-05	1.93e-02	2.99e-01	6.82e-01	1.10e-16	6.11e-21	1.01e-21	1.93e-11	3.31e-17	1.00e-49
