#depth	S	S+	S+2	S+3	S+4	S+5	S+6	S+7	S+8	S+9	S+10	S+11	S+12	S+13	S+14	S+15	S+16
 6.17135e+19	0.00e+00	0.00e+00	0.00e+00	0.00e+00	0.00e+00	0.00e+00	0.00e+00	9.90e-29	2.28e-24	1.88e-20	7.12e-17	1.34e-13	1.92e-10	2.02e-07	3.87e-04	3.57e-02	9.64e-01
 1.87609e+20	0.00e+00	0.00e+00	0.00e+00	0.00e+00	0.00e+00	0.00e+00	0.00e+00	2.06e-28	4.38e-24	3.32e-20	1.16e-16	2.02e-13	2.65e-10	2.57e-07	4.54e-04	3.86e-02	9.61e-01
 3.18540e+20	0.00e+00	0.00e+00	0.00e+00	0.00e+00	0.00e+00	0.00e+00	0.00e+00	4.27e-28	8.37e-24	5.85e-20	1.89e-16	3.03e-13	3.67e-10	3.27e-07	5.32e-04	4.18e-02	9.58e-01
 4.54709e+20	0.00e+00	0.00e+00	0.00e+00	0.00e+00	0.00e+00	0.00e+00	0.00e+00	8.88e-28	1.60e-23	1.03e-19	3.08e-16	4.56e-13	5.07e-10	4.17e-07	6.25e-04	4.52e-02	9.54e-01
 5.74414e+20	0.00e+00	0.00e+00	0.00e+00	0.00e+00	0.00e+00	0.00e+00	0.00e+00	1.66e-27	2.80e-23	1.68e-19	4.68e-16	6.46e-13	6.69e-10	5.13e-07	7.16e-04	4.83e-02	9.51e-01
 6.66527e+20	0.00e+00	0.00e+00	0.00e+00	0.00e+00	0.00e+00	0.00e+00	0.00e+00	2.65e-27	4.23e-23	2.42e-19	6.39e-16	8.37e-13	8.23e-10	5.98e-07	7.93e-04	5.07e-02	9.48e-01
 7.48597e+20	0.00e+00	0.00e+00	0.00e+00	0.00e+00	0.00e+00	0.00e+00	0.00e+00	3.98e-27	6.08e-23	3.32e-19	8.39e-16	1.05e-12	9.85e-10	6.85e-07	8.67e-04	5.30e-02	9.46e-01
 8.41158e+20	0.00e+00	0.00e+00	0.00e+00	0.00e+00	0.00e+00	0.00e+00	0.00e+00	6.24e-27	9.07e-23	4.71e-19	1.13e-15	1.35e-12	1.20e-09	7.95e-07	9.57e-04	5.56e-02	9.43e-01
 9.61488e+20	0.00e+00	0.00e+00	0.00e+00	0.00e+00	0.00e+00	0.00e+00	0.00e+00	1.10e-26	1.51e-22	7.34e-19	1.66e-15	1.85e-12	1.55e-09	9.60e-07	1.08e-03	5.90e-02	9.40e-01
 1.08323e+21	0.00e+00	0.00e+00	0.00e+00	0.00e+00	0.00e+00	0.00e+00	0.00e+00	1.95e-26	2.50e-22	1.14e-18	2.42e-15	2.55e-12	1.99e-09	1.16e-06	1.23e-03	6.26e-02	9.36e-01
 1.18014e+21	0.00e+00	0.00e+00	0.00e+00	0.00e+00	0.00e+00	0.00e+00	0.00e+00	3.02e-26	3.69e-22	1.61e-18	3.25e-15	3.25e-12	2.42e-09	1.34e-06	1.35e-03	6.56e-02	9.33e-01
 1.27944e+21	0.00e+00	0.00e+00	0.00e+00	0.00e+00	0.00e+00	0.00e+00	0.00e+00	4.69e-26	5.45e-22	2.26e-18	4.36e-15	4.15e-12	2.94e-09	1.55e-06	1.48e-03	6.87e-02	9.30e-01
 1.40853e+21	0.00e+00	0.00e+00	0.00e+00	0.00e+00	0.00e+00	0.00e+00	0.00e+00	8.23e-26	8.98e-22	3.50e-18	6.34e-15	5.68e-12	3.77e-09	1.87e-06	1.68e-03	7.28e-02	9.26e-01
 1.53988e+21	0.00e+00	0.00e+00	0.00e+00	0.00e+00	0.00e+00	0.00e+00	0.00e+00	1.43e-25	1.47e-21	5.40e-18	9.19e-15	7.75e-12	4.83e-09	2.24e-06	1.89e-03	7.71e-02	9.21e-01
 1.64606e+21	0.00e+00	0.00e+00	0.00e+00	0.00e+00	0.00e+00	0.00e+00	0.00e+00	2.25e-25	2.19e-21	7.65e-18	1.24e-14	9.96e-12	5.89e-09	2.60e-06	2.08e-03	8.08e-02	9.17e-01
 1.74146e+21	0.00e+00	0.00e+00	0.00e+00	0.00e+00	0.00e+00	0.00e+00	0.00e+00	3.33e-25	3.11e-21	1.04e-17	1.62e-14	1.24e-11	7.01e-09	2.96e-06	2.27e-03	8.41e-02	9.14e-01
 1.85095e+21	0.00e+00	0.00e+00	0.00e+00	0.00e+00	0.00e+00	0.00e+00	2.07e-29	5.12e-25	4.56e-21	1.45e-17	2.15e-14	1.58e-11	8.48e-09	3.42e-06	2.49e-03	8.79e-02	9.10e-01
 1.96708e+21	0.00e+00	0.00e+00	0.00e+00	0.00e+00	0.00e+00	0.00e+00	3.46e-29	8.13e-25	6.87e-21	2.08e-17	2.94e-14	2.04e-11	1.04e-08	3.98e-06	2.75e-03	9.22e-02	9.05e-01
 2.06534e+21	0.00e+00	0.00e+00	0.00e+00	0.00e+00	0.00e+00	0.00e+00	5.28e-29	1.19e-24	9.64e-21	2.80e-17	3.79e-14	2.53e-11	1.23e-08	4.51e-06	2.98e-03	9.58e-02	9.01e-01
 2.16655e+21	0.00e+00	0.00e+00	0.00e+00	0.00e+00	0.00e+00	0.00e+00	8.10e-29	1.75e-24	1.36e-20	3.78e-17	4.90e-14	3.13e-11	1.46e-08	5.12e-06	3.24e-03	9.96e-02	8.97e-01
 2.29814e+21	0.00e+00	0.00e+00	0.00e+00	0.00e+00	0.00e+00	0.00e+00	1.40e-28	2.86e-24	2.10e-20	5.54e-17	6.81e-14	4.13e-11	1.82e-08	6.03e-06	3.61e-03	1.05e-01	8.92e-01
 2.43017e+21	0.00e+00	0.00e+00	0.00e+00	0.00e+00	0.00e+00	0.00e+00	2.41e-28	4.66e-24	3.24e-20	8.11e-17	9.46e-14	5.43e-11	2.26e-08	7.08e-06	4.00e-03	1.10e-01	8.86e-01
 2.53115e+21	0.00e+00	0.00e+00	0.00e+00	0.00e+00	0.00e+00	0.00e+00	3.61e-28	6.71e-24	4.49e-20	1.08e-16	1.21e-13	6.66e-11	2.66e-08	7.99e-06	4.33e-03	1.14e-01	8.82e-01
 2.63080e+21	0.00e+00	0.00e+00	0.00e+00	0.00e+00	0.00e+00	0.00e+00	5.34e-28	9.55e-24	6.14e-20	1.42e-16	1.53e-13	8.12e-11	3.11e-08	8.98e-06	4.67e-03	1.18e-01	8.77e-01
 2.76034e+21	0.00e+00	0.00e+00	0.00e+00	0.00e+00	0.00e+00	0.00e+00	8.84e-28	1.50e-23	9.18e-20	2.02e-16	2.07e-13	1.05e-10	3.80e-08	1.04e-05	5.15e-03	1.24e-01	8.71e-01
 2.89467e+21	0.00e+00	0.00e+00	0.00e+00	0.00e+00	0.00e+00	0.00e+00	1.48e-27	2.39e-23	1.39e-19	2.90e-16	2.83e-13	1.36e-10	4.67e-08	1.22e-05	5.68e-03	1.29e-01	8.65e-01
 3.00342e+21	0.00e+00	0.00e+00	0.00e+00	0.00e+00	0.00e+00	0.00e+00	2.23e-27	3.45e-23	1.93e-19	3.86e-16	3.63e-13	1.67e-10	5.50e-08	1.37e-05	6.14e-03	1.34e-01	8.60e-01
 3.09281e+21	0.00e+00	0.00e+00	0.00e+00	0.00e+00	0.00e+00	0.00e+00	3.13e-27	4.69e-23	2.53e-19	4.90e-16	4.46e-13	1.99e-10	6.30e-08	1.52e-05	6.56e-03	1.38e-01	8.55e-01
 3.18883e+21	0.00e+00	0.00e+00	0.00e+00	0.00e+00	0.00e+00	0.00e+00	4.41e-27	6.39e-23	3.33e-19	6.24e-16	5.49e-13	2.36e-10	7.23e-08	1.68e-05	7.01e-03	1.42e-01	8.51e-01
 3.31367e+21	0.00e+00	0.00e+00	0.00e+00	0.00e+00	0.00e+00	0.00e+00	6.92e-27	9.58e-23	4.77e-19	8.56e-16	7.21e-13	2.97e-10	8.66e-08	1.92e-05	7.64e-03	1.48e-01	8.44e-01
 3.44074e+21	0.00e+00	0.00e+00	0.00e+00	0.00e+00	0.00e+00	0.00e+00	1.09e-26	1.44e-22	6.87e-19	1.18e-15	9.51e-13	3.75e-10	1.04e-07	2.20e-05	8.33e-03	1.54e-01	8.38e-01
 3.54228e+21	0.00e+00	0.00e+00	0.00e+00	0.00e+00	0.00e+00	0.00e+00	1.55e-26	1.99e-22	9.14e-19	1.51e-15	1.18e-12	4.49e-10	1.20e-07	2.45e-05	8.91e-03	1.59e-01	8.32e-01
 3.64586e+21	0.00e+00	0.00e+00	0.00e+00	0.00e+00	0.00e+00	0.00e+00	2.22e-26	2.74e-22	1.22e-18	1.95e-15	1.47e-12	5.38e-10	1.38e-07	2.72e-05	9.54e-03	1.64e-01	8.27e-01
 3.78052e+21	0.00e+00	0.00e+00	0.00e+00	0.00e+00	0.00e+00	0.00e+00	3.51e-26	4.14e-22	1.76e-18	2.69e-15	1.94e-12	6.80e-10	1.66e-07	3.12e-05	1.04e-02	1.70e-01	8.19e-01
 3.91504e+21	0.00e+00	0.00e+00	0.00e+00	0.00e+00	0.00e+00	0.00e+00	5.54e-26	6.24e-22	2.53e-18	3.70e-15	2.56e-12	8.58e-10	2.00e-07	3.57e-05	1.13e-02	1.77e-01	8.12e-01
 4.01885e+21	0.00e+00	0.00e+00	0.00e+00	0.00e+00	0.00e+00	0.00e+00	7.81e-26	8.51e-22	3.34e-18	4.72e-15	3.15e-12	1.02e-09	2.29e-07	3.96e-05	1.21e-02	1.82e-01	8.06e-01
 4.12326e+21	0.00e+00	0.00e+00	0.00e+00	0.00e+00	0.00e+00	0.00e+00	1.10e-25	1.15e-21	4.38e-18	5.99e-15	3.87e-12	1.22e-09	2.63e-07	4.38e-05	1.29e-02	1.87e-01	8.00e-01
 4.23804e+21	0.00e+00	0.00e+00	0.00e+00	0.00e+00	0.00e+00	0.00e+00	1.59e-25	1.61e-21	5.90e-18	7.79e-15	4.86e-12	1.47e-09	3.05e-07	4.89e-05	1.39e-02	1.93e-01	7.93e-01
 4.34180e+21	0.00e+00	0.00e+00	0.00e+00	0.00e+00	0.00e+00	0.00e+00	2.21e-25	2.18e-21	7.70e-18	9.85e-15	5.96e-12	1.75e-09	3.49e-07	5.40e-05	1.48e-02	1.98e-01	7.87e-01
 4.43679e+21	0.00e+00	0.00e+00	0.00e+00	0.00e+00	0.00e+00	0.00e+00	2.97e-25	2.84e-21	9.77e-18	1.21e-14	7.14e-12	2.03e-09	3.93e-07	5.90e-05	1.56e-02	2.03e-01	7.81e-01
 4.54491e+21	0.00e+00	0.00e+00	0.00e+00	0.00e+00	0.00e+00	0.00e+00	4.16e-25	3.85e-21	1.28e-17	1.54e-14	8.77e-12	2.42e-09	4.50e-07	6.52e-05	1.66e-02	2.09e-01	7.75e-01
 4.66618e+21	0.00e+00	0.00e+00	0.00e+00	0.00e+00	0.00e+00	0.00e+00	6.04e-25	5.39e-21	1.73e-17	2.00e-14	1.10e-11	2.93e-09	5.24e-07	7.28e-05	1.78e-02	2.15e-01	7.67e-01
 4.77970e+21	0.00e+00	0.00e+00	0.00e+00	0.00e+00	0.00e+00	2.19e-29	8.52e-25	7.35e-21	2.28e-17	2.56e-14	1.36e-11	3.50e-09	6.02e-07	8.07e-05	1.90e-02	2.21e-01	7.60e-01
 4.88163e+21	0.00e+00	0.00e+00	0.00e+00	0.00e+00	0.00e+00	3.06e-29	1.16e-24	9.69e-21	2.92e-17	3.18e-14	1.64e-11	4.10e-09	6.81e-07	8.84e-05	2.01e-02	2.26e-01	7.53e-01
 4.99336e+21	0.00e+00	0.00e+00	0.00e+00	0.00e+00	0.00e+00	4.38e-29	1.60e-24	1.30e-20	3.79e-17	4.00e-14	2.01e-11	4.85e-09	7.77e-07	9.74e-05	2.14e-02	2.32e-01	7.46e-01
 5.11840e+21	0.00e+00	0.00e+00	0.00e+00	0.00e+00	0.00e+00	6.52e-29	2.31e-24	1.81e-20	5.09e-17	5.19e-14	2.52e-11	5.86e-09	9.01e-07	1.09e-04	2.29e-02	2.39e-01	7.38e-01
 5.23422e+21	0.00e+00	0.00e+00	0.00e+00	0.00e+00	0.00e+00	9.39e-29	3.22e-24	2.45e-20	6.66e-17	6.57e-14	3.09e-11	6.96e-09	1.03e-06	1.20e-04	2.44e-02	2.45e-01	7.30e-01
 5.34055e+21	0.00e+00	0.00e+00	0.00e+00	0.00e+00	0.00e+00	1.30e-28	4.36e-24	3.21e-20	8.50e-17	8.14e-14	3.72e-11	8.14e-09	1.17e-06	1.31e-04	2.58e-02	2.51e-01	7.23e-01
 5.46105e+21	0.00e+00	0.00e+00	0.00e+00	0.00e+00	0.00e+00	1.88e-28	6.09e-24	4.34e-20	1.11e-16	1.03e-13	4.58e-11	9.69e-09	1.34e-06	1.45e-04	2.74e-02	2.57e-01	7.15e-01
 5.59072e+21	0.00e+00	0.00e+00	0.00e+00	0.00e+00	0.00e+00	2.78e-28	8.72e-24	6.02e-20	1.49e-16	1.33e-13	5.72e-11	1.17e-08	1.55e-06	1.61e-04	2.93e-02	2.64e-01	7.06e-01
 5.70442e+21	0.00e+00	0.00e+00	0.00e+00	0.00e+00	0.00e+00	3.90e-28	1.19e-23	7.96e-20	1.91e-16	1.67e-13	6.94e-11	1.37e-08	1.76e-06	1.77e-04	3.10e-02	2.70e-01	6.98e-01
 5.82434e+21	0.00e+00	0.00e+00	0.00e+00	0.00e+00	0.00e+00	5.53e-28	1.64e-23	1.06e-19	2.48e-16	2.09e-13	8.46e-11	1.62e-08	2.00e-06	1.95e-04	3.29e-02	2.77e-01	6.90e-01
 5.95895e+21	0.00e+00	0.00e+00	0.00e+00	0.00e+00	0.00e+00	8.16e-28	2.34e-23	1.47e-19	3.31e-16	2.70e-13	1.06e-10	1.96e-08	2.31e-06	2.17e-04	3.51e-02	2.84e-01	6.81e-01
 6.08434e+21	0.00e+00	0.00e+00	0.00e+00	0.00e+00	0.00e+00	1.17e-27	3.25e-23	1.98e-19	4.32e-16	3.41e-13	1.30e-10	2.33e-08	2.64e-06	2.39e-04	3.73e-02	2.90e-01	6.72e-01
 6.19986e+21	0.00e+00	0.00e+00	0.00e+00	0.00e+00	0.00e+00	1.61e-27	4.37e-23	2.59e-19	5.49e-16	4.22e-13	1.56e-10	2.72e-08	2.98e-06	2.61e-04	3.94e-02	2.97e-01	6.64e-01
 6.33087e+21	0.00e+00	0.00e+00	0.00e+00	0.00e+00	0.00e+00	2.31e-27	6.08e-23	3.49e-19	7.17e-16	5.34e-13	1.92e-10	3.23e-08	3.41e-06	2.88e-04	4.18e-02	3.03e-01	6.55e-01
 6.47214e+21	0.00e+00	0.00e+00	0.00e+00	0.00e+00	0.00e+00	1.71e-27	8.66e-23	4.81e-19	9.57e-16	6.89e-13	2.39e-10	3.90e-08	3.95e-06	3.19e-04	4.46e-02	3.11e-01	6.44e-01
 6.59608e+21	0.00e+00	0.00e+00	0.00e+00	0.00e+00	0.00e+00	4.73e-27	1.18e-22	6.35e-19	1.23e-15	8.58e-13	2.90e-10	4.58e-08	4.48e-06	3.50e-04	4.71e-02	3.17e-01	6.35e-01
 6.72651e+21	0.00e+00	0.00e+00	0.00e+00	0.00e+00	0.00e+00	3.35e-27	1.61e-22	8.44e-19	1.58e-15	1.07e-12	3.52e-10	5.40e-08	5.09e-06	3.84e-04	4.98e-02	3.24e-01	6.26e-01
 6.87295e+21	0.00e+00	0.00e+00	0.00e+00	0.00e+00	0.00e+00	4.91e-27	2.28e-22	1.16e-18	2.11e-15	1.38e-12	4.39e-10	6.50e-08	5.87e-06	4.26e-04	5.30e-02	3.31e-01	6.16e-01
 7.00933e+21	0.00e+00	0.00e+00	0.00e+00	0.00e+00	0.00e+00	6.97e-27	3.15e-22	1.55e-18	2.74e-15	1.74e-12	5.38e-10	7.70e-08	6.70e-06	4.68e-04	5.61e-02	3.38e-01	6.06e-01
 7.13494e+21	0.00e+00	0.00e+00	0.00e+00	0.00e+00	0.00e+00	9.53e-27	4.21e-22	2.02e-18	3.47e-15	2.15e-12	6.45e-10	8.98e-08	7.55e-06	5.10e-04	5.91e-02	3.44e-01	5.97e-01
 7.27747e+21	0.00e+00	0.00e+00	0.00e+00	0.00e+00	0.00e+00	1.35e-26	5.80e-22	2.71e-18	4.51e-15	2.71e-12	7.90e-10	1.06e-07	8.61e-06	5.60e-04	6.25e-02	3.51e-01	5.86e-01
 7.43293e+21	0.00e+00	0.00e+00	0.00e+00	0.00e+00	0.00e+00	1.97e-26	8.24e-22	3.72e-18	6.00e-15	3.49e-12	9.86e-10	1.28e-07	9.94e-06	6.21e-04	6.65e-02	3.58e-01	5.75e-01
 7.57218e+21	0.00e+00	0.00e+00	0.00e+00	0.00e+00	0.00e+00	2.77e-26	1.12e-21	4.94e-18	7.74e-15	4.37e-12	1.20e-09	1.51e-07	1.13e-05	6.80e-04	7.02e-02	3.64e-01	5.65e-01
 7.70020e+21	0.00e+00	0.00e+00	0.00e+00	0.00e+00	0.00e+00	3.71e-26	1.48e-21	6.33e-18	9.67e-15	5.32e-12	1.43e-09	1.75e-07	1.26e-05	7.36e-04	7.35e-02	3.70e-01	5.56e-01
 7.84666e+21	0.00e+00	0.00e+00	0.00e+00	0.00e+00	0.00e+00	5.18e-26	2.01e-21	8.40e-18	1.25e-14	6.65e-12	1.73e-09	2.06e-07	1.43e-05	8.06e-04	7.75e-02	3.76e-01	5.46e-01
 8.00958e+21	0.00e+00	0.00e+00	0.00e+00	0.00e+00	0.00e+00	7.51e-26	2.84e-21	1.15e-17	1.65e-14	8.52e-12	2.15e-09	2.47e-07	1.65e-05	8.90e-04	8.22e-02	3.83e-01	5.34e-01
 8.15941e+21	0.00e+00	0.00e+00	0.00e+00	0.00e+00	0.00e+00	1.05e-25	3.86e-21	1.52e-17	2.13e-14	1.07e-11	2.62e-09	2.91e-07	1.87e-05	9.74e-04	8.66e-02	3.89e-01	5.23e-01
 8.29784e+21	0.00e+00	0.00e+00	0.00e+00	0.00e+00	0.00e+00	1.42e-25	5.11e-21	1.96e-17	2.67e-14	1.31e-11	3.13e-09	3.38e-07	2.10e-05	1.06e-03	9.08e-02	3.95e-01	5.14e-01
 8.45591e+21	0.00e+00	0.00e+00	0.00e+00	0.00e+00	0.00e+00	1.98e-25	6.97e-21	2.61e-17	3.45e-14	1.64e-11	3.81e-09	3.99e-07	2.38e-05	1.15e-03	9.56e-02	4.00e-01	5.03e-01
 8.63105e+21	0.00e+00	0.00e+00	0.00e+00	0.00e+00	0.00e+00	2.87e-25	9.83e-21	3.57e-17	4.58e-14	2.10e-11	4.73e-09	4.79e-07	2.74e-05	1.27e-03	1.01e-01	4.07e-01	4.91e-01
 8.78844e+21	0.00e+00	0.00e+00	0.00e+00	0.00e+00	2.45e-29	3.99e-25	1.34e-20	4.72e-17	5.89e-14	2.63e-11	5.76e-09	5.64e-07	3.10e-05	1.39e-03	1.06e-01	4.12e-01	4.80e-01
 8.92810e+21	0.00e+00	0.00e+00	0.00e+00	0.00e+00	3.36e-29	5.28e-25	1.73e-20	5.98e-17	7.29e-14	3.17e-11	6.79e-09	6.47e-07	3.45e-05	1.50e-03	1.11e-01	4.17e-01	4.71e-01
 9.08464e+21	0.00e+00	0.00e+00	0.00e+00	0.00e+00	4.75e-29	7.16e-25	2.30e-20	7.76e-17	9.21e-14	3.90e-11	8.12e-09	7.52e-07	3.87e-05	1.62e-03	1.16e-01	4.22e-01	4.60e-01
 9.28815e+21	0.00e+00	0.00e+00	0.00e+00	0.00e+00	7.43e-29	1.06e-24	3.32e-20	1.08e-16	1.25e-13	5.08e-11	1.02e-08	9.13e-07	4.48e-05	1.80e-03	1.23e-01	4.28e-01	4.47e-01
 9.49635e+21	0.00e+00	0.00e+00	0.00e+00	0.00e+00	1.17e-28	1.59e-24	4.83e-20	1.53e-16	1.69e-13	6.67e-11	1.30e-08	1.11e-06	5.22e-05	1.99e-03	1.30e-01	4.34e-01	4.34e-01
 9.66419e+21	0.00e+00	0.00e+00	0.00e+00	0.00e+00	1.68e-28	2.18e-24	6.46e-20	1.99e-16	2.16e-13	8.25e-11	1.56e-08	1.30e-06	5.86e-05	2.16e-03	1.36e-01	4.38e-01	4.23e-01
 9.83590e+21	0.00e+00	0.00e+00	0.00e+00	0.00e+00	2.37e-28	2.96e-24	8.63e-20	2.59e-16	2.73e-13	1.02e-10	1.87e-08	1.51e-06	6.58e-05	2.34e-03	1.43e-01	4.42e-01	4.13e-01
 1.00591e+22	0.00e+00	0.00e+00	0.00e+00	0.00e+00	3.72e-28	4.40e-24	1.25e-19	3.64e-16	3.71e-13	1.33e-10	2.37e-08	1.83e-06	7.63e-05	2.59e-03	1.51e-01	4.47e-01	3.99e-01
 1.02857e+22	0.00e+00	0.00e+00	0.00e+00	0.00e+00	5.89e-28	6.60e-24	1.82e-19	5.12e-16	5.05e-13	1.75e-10	3.00e-08	2.23e-06	8.86e-05	2.87e-03	1.59e-01	4.52e-01	3.86e-01
 1.04618e+22	0.00e+00	0.00e+00	0.00e+00	0.00e+00	8.29e-28	8.92e-24	2.41e-19	6.63e-16	6.37e-13	2.14e-10	3.59e-08	2.59e-06	9.91e-05	3.10e-03	1.66e-01	4.55e-01	3.76e-01
 1.06357e+22	0.00e+00	0.00e+00	0.00e+00	0.00e+00	1.14e-27	1.19e-23	3.15e-19	8.47e-16	7.94e-13	2.60e-10	4.24e-08	2.98e-06	1.10e-04	3.33e-03	1.73e-01	4.58e-01	3.66e-01
 1.08618e+22	0.00e+00	0.00e+00	0.00e+00	0.00e+00	1.74e-27	1.71e-23	4.44e-19	1.16e-15	1.06e-12	3.34e-10	5.27e-08	3.56e-06	1.26e-04	3.65e-03	1.81e-01	4.61e-01	3.54e-01
 1.10994e+22	0.00e+00	0.00e+00	0.00e+00	0.00e+00	2.70e-27	2.53e-23	6.37e-19	1.62e-15	1.42e-12	4.34e-10	6.62e-08	4.30e-06	1.45e-04	4.02e-03	1.91e-01	4.64e-01	3.41e-01
 1.13002e+22	0.00e+00	0.00e+00	0.00e+00	0.00e+00	2.45e-27	3.47e-23	8.57e-19	2.12e-15	1.81e-12	5.38e-10	7.97e-08	5.02e-06	1.63e-04	4.34e-03	1.99e-01	4.66e-01	3.30e-01
 1.15095e+22	0.00e+00	0.00e+00	0.00e+00	0.00e+00	3.50e-27	4.76e-23	1.15e-18	2.78e-15	2.32e-12	6.67e-10	9.60e-08	5.85e-06	1.83e-04	4.69e-03	2.07e-01	4.68e-01	3.20e-01
 1.17816e+22	0.00e+00	0.00e+00	0.00e+00	0.00e+00	5.56e-27	7.15e-23	1.69e-18	3.94e-15	3.17e-12	8.78e-10	1.22e-07	7.11e-06	2.12e-04	5.17e-03	2.18e-01	4.70e-01	3.07e-01
 1.20571e+22	0.00e+00	0.00e+00	0.00e+00	0.00e+00	8.93e-27	1.08e-22	2.48e-18	5.61e-15	4.36e-12	1.16e-09	1.55e-07	8.68e-06	2.46e-04	5.71e-03	2.29e-01	4.72e-01	2.94e-01
 1.22658e+22	0.00e+00	0.00e+00	0.00e+00	0.00e+00	1.26e-26	1.46e-22	3.29e-18	7.27e-15	5.50e-12	1.42e-09	1.85e-07	1.00e-05	2.75e-04	6.14e-03	2.37e-01	4.72e-01	2.84e-01
 1.24658e+22	0.00e+00	0.00e+00	0.00e+00	0.00e+00	1.71e-26	1.93e-22	4.27e-18	9.23e-15	6.81e-12	1.72e-09	2.18e-07	1.15e-05	3.03e-04	6.55e-03	2.45e-01	4.73e-01	2.75e-01
 1.27258e+22	0.00e+00	0.00e+00	0.00e+00	0.00e+00	2.57e-26	2.75e-22	5.97e-18	1.25e-14	8.97e-12	2.19e-09	2.68e-07	1.36e-05	3.44e-04	7.12e-03	2.56e-01	4.73e-01	2.64e-01
 1.30016e+22	0.00e+00	0.00e+00	0.00e+00	0.00e+00	3.96e-26	4.02e-22	8.50e-18	1.73e-14	1.20e-11	2.82e-09	3.34e-07	1.63e-05	3.94e-04	7.77e-03	2.67e-01	4.72e-01	2.53e-01
 1.32373e+22	0.00e+00	0.00e+00	0.00e+00	0.00e+00	5.66e-26	5.50e-22	1.14e-17	2.27e-14	1.53e-11	3.49e-09	4.00e-07	1.89e-05	4.40e-04	8.35e-03	2.76e-01	4.71e-01	2.43e-01
 1.34833e+22	0.00e+00	0.00e+00	0.00e+00	0.00e+00	8.04e-26	7.51e-22	1.53e-17	2.97e-14	1.95e-11	4.31e-09	4.80e-07	2.19e-05	4.91e-04	8.97e-03	2.86e-01	4.70e-01	2.34e-01
 1.38030e+22	0.00e+00	0.00e+00	0.00e+00	0.00e+00	1.27e-25	1.12e-21	2.24e-17	4.20e-14	2.66e-11	5.66e-09	6.07e-07	2.65e-05	5.66e-04	9.83e-03	2.99e-01	4.68e-01	2.23e-01
 1.41274e+22	0.00e+00	0.00e+00	0.00e+00	0.00e+00	2.03e-25	1.69e-21	3.28e-17	5.97e-14	3.65e-11	7.46e-09	7.69e-07	3.21e-05	6.53e-04	1.08e-02	3.12e-01	4.66e-01	2.11e-01
 1.43851e+22	0.00e+00	0.00e+00	0.00e+00	2.09e-29	2.90e-25	2.31e-21	4.40e-17	7.82e-14	4.66e-11	9.22e-09	9.22e-07	3.72e-05	7.27e-04	1.15e-02	3.22e-01	4.63e-01	2.02e-01
 1.46094e+22	0.00e+00	0.00e+00	0.00e+00	2.93e-29	3.91e-25	3.01e-21	5.65e-17	9.83e-14	5.72e-11	1.10e-08	1.07e-06	4.22e-05	7.97e-04	1.22e-02	3.30e-01	4.61e-01	1.95e-01
 1.48632e+22	0.00e+00	0.00e+00	0.00e+00	4.24e-29	5.45e-25	4.04e-21	7.46e-17	1.27e-13	7.18e-11	1.34e-08	1.27e-06	4.84e-05	8.82e-04	1.30e-02	3.40e-01	4.58e-01	1.88e-01
 1.51931e+22	0.00e+00	0.00e+00	0.00e+00	6.84e-29	8.34e-25	5.87e-21	1.06e-16	1.75e-13	9.60e-11	1.73e-08	1.58e-06	5.76e-05	1.00e-03	1.41e-02	3.53e-01	4.54e-01	1.78e-01
 1.55327e+22	0.00e+00	0.00e+00	0.00e+00	1.13e-28	1.30e-24	8.65e-21	1.53e-16	2.44e-13	1.30e-10	2.25e-08	1.97e-06	6.90e-05	1.14e-03	1.54e-02	3.65e-01	4.50e-01	1.68e-01
 1.58091e+22	0.00e+00	0.00e+00	0.00e+00	1.66e-28	1.84e-24	1.17e-20	2.03e-16	3.18e-13	1.64e-10	2.76e-08	2.35e-06	7.95e-05	1.27e-03	1.64e-02	3.76e-01	4.46e-01	1.61e-01
 1.60929e+22	0.00e+00	0.00e+00	0.00e+00	2.43e-28	2.57e-24	1.58e-20	2.70e-16	4.12e-13	2.07e-10	3.38e-08	2.79e-06	9.13e-05	1.40e-03	1.75e-02	3.86e-01	4.42e-01	1.54e-01
 1.64618e+22	0.00e+00	0.00e+00	0.00e+00	3.97e-28	3.99e-24	2.31e-20	3.88e-16	5.75e-13	2.79e-10	4.38e-08	3.49e-06	1.09e-04	1.60e-03	1.89e-02	3.99e-01	4.36e-01	1.45e-01
 1.68442e+22	0.00e+00	0.00e+00	0.00e+00	6.65e-28	6.32e-24	3.45e-20	5.65e-16	8.12e-13	3.81e-10	5.73e-08	4.39e-06	1.31e-04	1.83e-03	2.05e-02	4.12e-01	4.29e-01	1.36e-01
 1.71563e+22	0.00e+00	0.00e+00	0.00e+00	9.96e-28	9.05e-24	4.73e-20	7.62e-16	1.07e-12	4.88e-10	7.10e-08	5.26e-06	1.52e-04	2.03e-03	2.19e-02	4.23e-01	4.24e-01	1.29e-01
 1.74738e+22	0.00e+00	0.00e+00	0.00e+00	1.46e-27	1.27e-23	6.39e-20	1.02e-15	1.39e-12	6.17e-10	8.70e-08	6.24e-06	1.74e-04	2.25e-03	2.33e-02	4.33e-01	4.18e-01	1.23e-01
 1.78318e+22	0.00e+00	0.00e+00	0.00e+00	2.30e-27	1.91e-23	9.09e-20	1.42e-15	1.89e-12	8.14e-10	1.11e-07	7.66e-06	2.05e-04	2.53e-03	2.50e-02	4.45e-01	4.11e-01	1.16e-01
 1.81592e+22	0.00e+00	0.00e+00	0.00e+00	3.45e-27	2.73e-23	1.24e-19	1.91e-15	2.48e-12	1.04e-09	1.37e-07	9.17e-06	2.37e-04	2.81e-03	2.66e-02	4.55e-01	4.05e-01	1.10e-01
 1.84523e+22	0.00e+00	0.00e+00	0.00e+00	4.89e-27	3.72e-23	1.63e-19	2.47e-15	3.15e-12	1.29e-09	1.64e-07	1.07e-05	2.69e-04	3.07e-03	2.81e-02	4.64e-01	4.00e-01	1.05e-01
 1.87845e+22	0.00e+00	0.00e+00	0.00e+00	7.12e-27	5.19e-23	2.18e-19	3.27e-15	4.07e-12	1.62e-09	2.00e-07	1.27e-05	3.07e-04	3.38e-03	2.97e-02	4.74e-01	3.93e-01	9.95e-02
 1.92162e+22	0.00e+00	0.00e+00	0.00e+00	1.17e-26	8.07e-23	3.21e-19	4.74e-15	5.72e-12	2.20e-09	2.61e-07	1.59e-05	3.67e-04	3.84e-03	3.20e-02	4.87e-01	3.84e-01	9.27e-02
 1.96529e+22	0.00e+00	0.00e+00	0.00e+00	1.95e-26	1.27e-22	4.74e-19	6.86e-15	8.05e-12	2.99e-09	3.40e-07	1.98e-05	4.39e-04	4.36e-03	3.45e-02	4.99e-01	3.76e-01	8.63e-02
 1.99987e+22	0.00e+00	0.00e+00	0.00e+00	2.86e-26	1.78e-22	6.37e-19	9.12e-15	1.05e-11	3.78e-09	4.17e-07	2.35e-05	5.03e-04	4.81e-03	3.65e-02	5.08e-01	3.68e-01	8.16e-02
 2.03511e+22	0.00e+00	0.00e+00	0.00e+00	4.15e-26	2.47e-22	8.49e-19	1.21e-14	1.35e-11	4.76e-09	5.09e-07	2.78e-05	5.74e-04	5.28e-03	3.86e-02	5.17e-01	3.61e-01	7.71e-02
 2.08091e+22	0.00e+00	0.00e+00	0.00e+00	6.72e-26	3.79e-22	1.23e-18	1.72e-14	1.88e-11	6.41e-09	6.57e-07	3.45e-05	6.81e-04	5.96e-03	4.13e-02	5.28e-01	3.52e-01	7.16e-02
 2.12546e+22	0.00e+00	0.00e+00	0.00e+00	1.09e-25	5.82e-22	1.78e-18	2.45e-14	2.61e-11	8.60e-09	8.45e-07	4.27e-05	8.07e-04	6.72e-03	4.43e-02	5.39e-01	3.42e-01	6.65e-02
 2.15696e+22	0.00e+00	0.00e+00	0.00e+00	1.51e-25	7.75e-22	2.28e-18	3.12e-14	3.26e-11	1.05e-08	1.00e-06	4.93e-05	9.04e-04	7.29e-03	4.63e-02	5.46e-01	3.36e-01	6.32e-02
 2.18649e+22	0.00e+00	0.00e+00	2.01e-29	2.02e-25	9.99e-22	2.85e-18	3.89e-14	3.99e-11	1.26e-08	1.17e-06	5.62e-05	1.00e-03	7.84e-03	4.83e-02	5.53e-01	3.30e-01	6.03e-02
 2.22487e+22	0.00e+00	0.00e+00	3.06e-29	2.95e-25	1.40e-21	3.81e-18	5.15e-14	5.18e-11	1.59e-08	1.43e-06	6.65e-05	1.15e-03	8.61e-03	5.09e-02	5.60e-01	3.22e-01	5.67e-02
 2.26767e+22	0.00e+00	0.00e+00	4.93e-29	4.52e-25	2.03e-21	5.26e-18	7.05e-14	6.92e-11	2.06e-08	1.79e-06	8.03e-05	1.33e-03	9.56e-03	5.39e-02	5.69e-01	3.13e-01	5.29e-02
 2.30329e+22	0.00e+00	0.00e+00	7.32e-29	6.43e-25	2.78e-21	6.88e-18	9.14e-14	8.81e-11	2.56e-08	2.16e-06	9.39e-05	1.50e-03	1.04e-02	5.65e-02	5.76e-01	3.06e-01	4.98e-02
 2.33016e+22	0.00e+00	0.00e+00	9.71e-29	8.28e-25	3.47e-21	8.34e-18	1.10e-13	1.05e-10	3.00e-08	2.47e-06	1.05e-04	1.64e-03	1.11e-02	5.85e-02	5.80e-01	3.01e-01	4.77e-02
 2.35857e+22	0.00e+00	0.00e+00	1.31e-28	1.08e-24	4.37e-21	1.02e-17	1.35e-13	1.26e-10	3.55e-08	2.85e-06	1.19e-04	1.81e-03	1.18e-02	6.06e-02	5.85e-01	2.95e-01	4.55e-02
 2.39549e+22	0.00e+00	0.00e+00	1.91e-28	1.51e-24	5.88e-21	1.32e-17	1.73e-13	1.59e-10	4.37e-08	3.41e-06	1.38e-04	2.03e-03	1.29e-02	6.34e-02	5.91e-01	2.88e-01	4.29e-02
 2.43275e+22	0.00e+00	0.00e+00	2.84e-28	2.16e-24	8.03e-21	1.72e-17	2.25e-13	2.03e-10	5.43e-08	4.11e-06	1.61e-04	2.29e-03	1.40e-02	6.64e-02	5.97e-01	2.80e-01	4.04e-02
 2.46098e+22	0.00e+00	0.00e+00	3.79e-28	2.79e-24	1.01e-20	2.09e-17	2.72e-13	2.43e-10	6.38e-08	4.71e-06	1.80e-04	2.51e-03	1.49e-02	6.86e-02	6.01e-01	2.75e-01	3.85e-02
 2.48819e+22	0.00e+00	0.00e+00	4.95e-28	3.54e-24	1.24e-20	2.49e-17	3.26e-13	2.87e-10	7.41e-08	5.36e-06	2.01e-04	2.73e-03	1.58e-02	7.08e-02	6.04e-01	2.69e-01	3.69e-02
 2.52357e+22	0.00e+00	0.00e+00	6.99e-28	4.82e-24	1.62e-20	3.14e-17	4.10e-13	3.55e-10	8.98e-08	6.32e-06	2.30e-04	3.04e-03	1.70e-02	7.37e-02	6.09e-01	2.63e-01	3.48e-02
 2.56107e+22	0.00e+00	0.00e+00	1.02e-27	6.75e-24	2.18e-20	4.04e-17	5.25e-13	4.48e-10	1.11e-07	7.55e-06	2.67e-04	3.42e-03	1.85e-02	7.68e-02	6.13e-01	2.55e-01	3.27e-02
 2.59225e+22	0.00e+00	0.00e+00	1.39e-27	8.87e-24	2.77e-20	4.95e-17	6.44e-13	5.41e-10	1.31e-07	8.73e-06	3.02e-04	3.76e-03	1.97e-02	7.95e-02	6.16e-01	2.49e-01	3.11e-02
 2.62368e+22	0.00e+00	0.00e+00	1.86e-27	1.15e-23	3.48e-20	6.02e-17	7.84e-13	6.50e-10	1.55e-07	1.00e-05	3.39e-04	4.12e-03	2.10e-02	8.22e-02	6.19e-01	2.44e-01	2.95e-02
 2.65861e+22	0.00e+00	0.00e+00	2.61e-27	1.55e-23	4.52e-20	7.52e-17	9.78e-13	8.00e-10	1.87e-07	1.18e-05	3.87e-04	4.57e-03	2.25e-02	8.52e-02	6.22e-01	2.37e-01	2.78e-02
 2.68967e+22	0.00e+00	0.00e+00	3.51e-27	2.02e-23	5.69e-20	9.14e-17	1.19e-12	9.61e-10	2.20e-07	1.36e-05	4.35e-04	5.01e-03	2.40e-02	8.80e-02	6.25e-01	2.32e-01	2.64e-02
 2.71662e+22	0.00e+00	0.00e+00	4.51e-27	2.53e-23	6.90e-20	1.08e-16	1.40e-12	1.12e-09	2.53e-07	1.53e-05	4.80e-04	5.41e-03	2.53e-02	9.04e-02	6.26e-01	2.27e-01	2.53e-02
 2.74664e+22	0.00e+00	0.00e+00	5.92e-27	3.21e-23	8.50e-20	1.29e-16	1.68e-12	1.33e-09	2.95e-07	1.74e-05	5.35e-04	5.88e-03	2.68e-02	9.31e-02	6.28e-01	2.21e-01	2.40e-02
 2.78567e+22	0.00e+00	0.00e+00	8.42e-27	4.39e-23	1.11e-19	1.62e-16	2.12e-12	1.65e-09	3.58e-07	2.05e-05	6.14e-04	6.55e-03	2.89e-02	9.66e-02	6.30e-01	2.15e-01	2.25e-02
 2.82546e+22	0.00e+00	0.00e+00	1.22e-26	6.10e-23	1.49e-19	2.06e-16	2.70e-12	2.08e-09	4.40e-07	2.44e-05	7.10e-04	7.34e-03	3.12e-02	1.00e-01	6.32e-01	2.08e-01	2.11e-02
 2.85641e+22	0.00e+00	0.00e+00	1.61e-26	7.82e-23	1.84e-19	2.47e-16	3.25e-12	2.47e-09	5.14e-07	2.79e-05	7.92e-04	7.99e-03	3.30e-02	1.03e-01	6.32e-01	2.02e-01	2.00e-02
 2.88684e+22	0.00e+00	0.00e+00	2.10e-26	9.84e-23	2.25e-19	2.93e-16	3.87e-12	2.91e-09	5.96e-07	3.16e-05	8.78e-04	8.66e-03	3.49e-02	1.06e-01	6.33e-01	1.97e-01	1.90e-02
 2.92639e+22	0.00e+00	0.00e+00	2.95e-26	1.33e-22	2.92e-19	3.65e-16	4.85e-12	3.59e-09	7.21e-07	3.71e-05	1.00e-03	9.60e-03	3.74e-02	1.10e-01	6.33e-01	1.91e-01	1.78e-02
 2.96595e+22	0.00e+00	0.00e+00	4.21e-26	1.82e-22	3.83e-19	4.58e-16	6.10e-12	4.46e-09	8.76e-07	4.38e-05	1.15e-03	1.07e-02	4.02e-02	1.13e-01	6.33e-01	1.85e-01	1.66e-02
 2.99578e+22	0.00e+00	0.00e+00	5.45e-26	2.29e-22	4.67e-19	5.41e-16	7.23e-12	5.23e-09	1.01e-06	4.94e-05	1.27e-03	1.16e-02	4.24e-02	1.16e-01	6.33e-01	1.80e-01	1.58e-02
 3.02483e+22	0.00e+00	0.00e+00	6.92e-26	2.82e-22	5.59e-19	6.30e-16	8.47e-12	6.08e-09	1.16e-06	5.53e-05	1.40e-03	1.24e-02	4.45e-02	1.19e-01	6.32e-01	1.75e-01	1.50e-02
 3.06260e+22	0.00e+00	0.00e+00	9.47e-26	3.72e-22	7.10e-19	7.69e-16	1.04e-11	7.37e-09	1.38e-06	6.41e-05	1.58e-03	1.36e-02	4.74e-02	1.23e-01	6.31e-01	1.70e-01	1.41e-02
 3.10245e+22	0.00e+00	0.00e+00	1.33e-25	5.03e-22	9.19e-19	9.54e-16	1.29e-11	9.07e-09	1.66e-06	7.50e-05	1.79e-03	1.51e-02	5.07e-02	1.26e-01	6.29e-01	1.63e-01	1.31e-02
 3.13552e+22	0.00e+00	0.00e+00	1.76e-25	6.43e-22	1.14e-18	1.14e-15	1.55e-11	1.08e-08	1.94e-06	8.55e-05	2.00e-03	1.64e-02	5.37e-02	1.30e-01	6.27e-01	1.58e-01	1.24e-02
 3.16441e+22	0.00e+00	0.00e+00	2.21e-25	7.86e-22	1.35e-18	1.32e-15	1.80e-11	1.24e-08	2.20e-06	9.50e-05	2.18e-03	1.75e-02	5.61e-02	1.32e-01	6.26e-01	1.54e-01	1.18e-02
 3.19737e+22	0.00e+00	0.00e+00	2.87e-25	9.88e-22	1.64e-18	1.55e-15	2.13e-11	1.45e-08	2.54e-06	1.07e-04	2.41e-03	1.89e-02	5.90e-02	1.35e-01	6.23e-01	1.50e-01	1.11e-02
 3.24022e+22	0.00e+00	0.00e+00	4.01e-25	1.33e-21	2.12e-18	1.92e-15	2.64e-11	1.78e-08	3.05e-06	1.25e-04	2.73e-03	2.09e-02	6.30e-02	1.39e-01	6.20e-01	1.44e-01	1.03e-02
 3.28468e+22	0.00e+00	0.00e+00	5.75e-25	1.82e-21	2.78e-18	2.40e-15	3.32e-11	2.21e-08	3.70e-06	1.47e-04	3.13e-03	2.32e-02	6.74e-02	1.43e-01	6.16e-01	1.38e-01	9.54e-03
 3.32029e+22	0.00e+00	0.00e+00	7.66e-25	2.34e-21	3.45e-18	2.87e-15	3.99e-11	2.64e-08	4.33e-06	1.68e-04	3.48e-03	2.52e-02	7.13e-02	1.47e-01	6.12e-01	1.33e-01	8.93e-03
 3.35562e+22	0.00e+00	2.28e-29	9.88e-25	2.93e-21	4.19e-18	3.37e-15	4.70e-11	3.08e-08	4.98e-06	1.89e-04	3.83e-03	2.71e-02	7.47e-02	1.50e-01	6.08e-01	1.28e-01	8.42e-03
 3.40155e+22	0.00e+00	3.34e-29	1.39e-24	3.96e-21	5.41e-18	4.18e-15	5.83e-11	3.78e-08	5.98e-06	2.20e-04	4.34e-03	2.98e-02	7.96e-02	1.53e-01	6.02e-01	1.23e-01	7.77e-03
 3.44964e+22	0.00e+00	5.04e-29	2.01e-24	5.47e-21	7.15e-18	5.25e-15	7.32e-11	4.70e-08	7.27e-06	2.59e-04	4.96e-03	3.30e-02	8.50e-02	1.57e-01	5.95e-01	1.17e-01	7.12e-03
 3.48889e+22	0.00e+00	7.05e-29	2.71e-24	7.11e-21	8.95e-18	6.32e-15	8.83e-11	5.61e-08	8.54e-06	2.96e-04	5.53e-03	3.59e-02	8.97e-02	1.61e-01	5.89e-01	1.12e-01	6.62e-03
 3.52156e+22	0.00e+00	9.09e-29	3.40e-24	8.69e-21	1.06e-17	7.31e-15	1.02e-10	6.42e-08	9.62e-06	3.27e-04	5.99e-03	3.82e-02	9.33e-02	1.63e-01	5.84e-01	1.08e-01	6.26e-03
 3.55727e+22	0.00e+00	1.20e-28	4.36e-24	1.08e-20	1.28e-17	8.54e-15	1.19e-10	7.44e-08	1.10e-05	3.66e-04	6.55e-03	4.09e-02	9.75e-02	1.66e-01	5.78e-01	1.05e-01	5.88e-03
 3.60370e+22	0.00e+00	1.72e-28	6.00e-24	1.43e-20	1.63e-17	1.04e-14	1.45e-10	8.97e-08	1.30e-05	4.20e-04	7.33e-03	4.45e-02	1.03e-01	1.69e-01	5.71e-01	9.97e-02	5.42e-03
 3.65327e+22	0.00e+00	2.54e-28	8.52e-24	1.95e-20	2.12e-17	1.30e-14	1.79e-10	1.10e-07	1.55e-05	4.88e-04	8.27e-03	4.88e-02	1.09e-01	1.72e-01	5.61e-01	9.46e-02	4.96e-03
 3.69557e+22	0.00e+00	3.52e-28	1.14e-23	2.52e-20	2.65e-17	1.56e-14	2.13e-10	1.30e-07	1.81e-05	5.53e-04	9.14e-03	5.27e-02	1.14e-01	1.75e-01	5.53e-01	9.03e-02	4.59e-03
 3.73921e+22	0.00e+00	4.81e-28	1.51e-23	3.22e-20	3.27e-17	1.85e-14	2.53e-10	1.52e-07	2.09e-05	6.23e-04	1.01e-02	5.66e-02	1.20e-01	1.78e-01	5.45e-01	8.63e-02	4.26e-03
 3.79595e+22	0.00e+00	7.20e-28	2.17e-23	4.42e-20	4.29e-17	2.33e-14	3.14e-10	1.87e-07	2.51e-05	7.25e-04	1.14e-02	6.20e-02	1.27e-01	1.81e-01	5.34e-01	8.13e-02	3.86e-03
 3.85253e+22	0.00e+00	1.10e-27	3.16e-23	6.17e-20	5.71e-17	2.94e-14	3.91e-10	2.31e-07	3.02e-05	8.45e-04	1.28e-02	6.80e-02	1.34e-01	1.84e-01	5.21e-01	7.63e-02	3.48e-03
 3.89483e+22	0.00e+00	1.49e-27	4.16e-23	7.85e-20	7.03e-17	3.49e-14	4.59e-10	2.69e-07	3.47e-05	9.46e-04	1.40e-02	7.27e-02	1.39e-01	1.85e-01	5.12e-01	7.27e-02	3.22e-03
 3.93571e+22	0.00e+00	1.93e-27	5.25e-23	9.65e-20	8.39e-17	4.06e-14	5.28e-10	3.07e-07	3.90e-05	1.04e-03	1.51e-02	7.69e-02	1.44e-01	1.87e-01	5.03e-01	6.97e-02	3.01e-03
 3.98885e+22	0.00e+00	2.74e-27	7.16e-23	1.27e-19	1.06e-16	4.94e-14	6.33e-10	3.64e-07	4.54e-05	1.18e-03	1.67e-02	8.27e-02	1.50e-01	1.89e-01	4.92e-01	6.58e-02	2.75e-03
 4.04720e+22	0.00e+00	4.03e-27	1.01e-22	1.73e-19	1.38e-16	6.15e-14	7.72e-10	4.40e-07	5.37e-05	1.35e-03	1.86e-02	8.95e-02	1.58e-01	1.90e-01	4.78e-01	6.16e-02	2.48e-03
 4.09885e+22	0.00e+00	5.64e-27	1.37e-22	2.25e-19	1.74e-16	7.44e-14	9.18e-10	5.18e-07	6.20e-05	1.52e-03	2.04e-02	9.57e-02	1.64e-01	1.92e-01	4.67e-01	5.82e-02	2.26e-03
 4.14500e+22	0.00e+00	7.54e-27	1.78e-22	2.83e-19	2.12e-16	8.76e-14	1.06e-09	5.96e-07	7.02e-05	1.69e-03	2.21e-02	1.01e-01	1.69e-01	1.92e-01	4.56e-01	5.52e-02	2.09e-03
 4.19747e+22	0.00e+00	1.02e-26	2.34e-22	3.60e-19	2.61e-16	1.04e-13	1.25e-09	6.90e-07	8.00e-05	1.87e-03	2.39e-02	1.08e-01	1.75e-01	1.93e-01	4.45e-01	5.22e-02	1.92e-03
 4.26570e+22	0.00e+00	1.51e-26	3.33e-22	4.93e-19	3.41e-16	1.31e-13	1.52e-09	8.33e-07	9.44e-05	2.14e-03	2.66e-02	1.16e-01	1.82e-01	1.94e-01	4.29e-01	4.85e-02	1.71e-03
 4.33662e+22	0.00e+00	2.31e-26	4.87e-22	6.90e-19	4.57e-16	1.67e-13	1.88e-09	1.01e-06	1.12e-04	2.47e-03	2.96e-02	1.25e-01	1.90e-01	1.94e-01	4.13e-01	4.48e-02	1.52e-03
 4.39375e+22	0.00e+00	3.22e-26	6.56e-22	8.98e-19	5.73e-16	2.01e-13	2.21e-09	1.18e-06	1.29e-04	2.76e-03	3.22e-02	1.33e-01	1.96e-01	1.94e-01	4.00e-01	4.19e-02	1.37e-03
 4.45070e+22	0.00e+00	4.30e-26	8.51e-22	1.13e-18	6.99e-16	2.38e-13	2.57e-09	1.36e-06	1.45e-04	3.03e-03	3.46e-02	1.40e-01	2.01e-01	1.93e-01	3.88e-01	3.95e-02	1.26e-03
 4.52475e+22	0.00e+00	6.30e-26	1.20e-21	1.53e-18	9.10e-16	2.97e-13	3.11e-09	1.62e-06	1.70e-04	3.44e-03	3.80e-02	1.49e-01	2.07e-01	1.92e-01	3.72e-01	3.65e-02	1.12e-03
 4.60221e+22	0.00e+00	9.49e-26	1.74e-21	2.13e-18	1.21e-15	3.76e-13	3.80e-09	1.96e-06	2.00e-04	3.92e-03	4.19e-02	1.59e-01	2.14e-01	1.91e-01	3.56e-01	3.34e-02	9.84e-04
 4.66326e+22	0.00e+00	1.31e-25	2.32e-21	2.74e-18	1.51e-15	4.52e-13	4.44e-09	2.26e-06	2.27e-04	4.33e-03	4.51e-02	1.68e-01	2.19e-01	1.89e-01	3.42e-01	3.12e-02	8.88e-04
 4.71318e+22	0.00e+00	1.65e-25	2.86e-21	3.31e-18	1.77e-15	5.18e-13	5.00e-09	2.52e-06	2.49e-04	4.67e-03	4.77e-02	1.74e-01	2.22e-01	1.88e-01	3.33e-01	2.95e-02	8.22e-04
 4.76949e+22	0.00e+00	2.14e-25	3.61e-21	4.07e-18	2.12e-15	6.02e-13	5.69e-09	2.84e-06	2.76e-04	5.06e-03	5.06e-02	1.81e-01	2.26e-01	1.87e-01	3.22e-01	2.78e-02	7.55e-04
 4.84269e+22	0.00e+00	2.97e-25	4.86e-21	5.29e-18	2.66e-15	7.29e-13	6.69e-09	3.29e-06	3.14e-04	5.60e-03	5.44e-02	1.90e-01	2.31e-01	1.84e-01	3.08e-01	2.58e-02	6.76e-04
 4.92349e+22	0.00e+00	4.31e-25	6.79e-21	7.13e-18	3.44e-15	9.05e-13	8.01e-09	3.88e-06	3.62e-04	6.26e-03	5.90e-02	2.00e-01	2.35e-01	1.82e-01	2.93e-01	2.36e-02	5.95e-04
 4.99560e+22	0.00e+00	5.98e-25	9.13e-21	9.27e-18	4.32e-15	1.09e-12	9.38e-09	4.49e-06	4.10e-04	6.90e-03	6.33e-02	2.09e-01	2.39e-01	1.79e-01	2.80e-01	2.17e-02	5.31e-04
 5.05997e+22	0.00e+00	7.81e-25	1.16e-20	1.15e-17	5.20e-15	1.28e-12	1.07e-08	5.06e-06	4.54e-04	7.48e-03	6.70e-02	2.17e-01	2.42e-01	1.76e-01	2.69e-01	2.03e-02	4.83e-04
 5.13281e+22	0.00e+00	1.05e-24	1.51e-20	1.45e-17	6.36e-15	1.52e-12	1.24e-08	5.76e-06	5.07e-04	8.15e-03	7.12e-02	2.25e-01	2.45e-01	1.73e-01	2.57e-01	1.89e-02	4.34e-04
 5.22751e+22	0.00e+00	1.52e-24	2.11e-20	1.95e-17	8.24e-15	1.89e-12	1.48e-08	6.78e-06	5.83e-04	9.07e-03	7.67e-02	2.36e-01	2.48e-01	1.70e-01	2.43e-01	1.71e-02	3.79e-04
 5.32817e+22	0.00e+00	2.28e-24	3.05e-20	2.71e-17	1.10e-14	2.39e-12	1.80e-08	8.08e-06	6.76e-04	1.02e-02	8.31e-02	2.47e-01	2.51e-01	1.65e-01	2.27e-01	1.54e-02	3.26e-04
 5.41207e+22	0.00e+00	3.16e-24	4.10e-20	3.52e-17	1.37e-14	2.90e-12	2.11e-08	9.30e-06	7.62e-04	1.11e-02	8.84e-02	2.57e-01	2.53e-01	1.61e-01	2.15e-01	1.40e-02	2.88e-04
 5.48223e+22	0.00e+00	4.08e-24	5.17e-20	4.33e-17	1.64e-14	3.37e-12	2.39e-08	1.04e-05	8.37e-04	1.20e-02	9.28e-02	2.64e-01	2.54e-01	1.58e-01	2.05e-01	1.30e-02	2.61e-04
 5.55905e+22	0.00e+00	5.32e-24	6.56e-20	5.35e-17	1.97e-14	3.94e-12	2.72e-08	1.17e-05	9.22e-04	1.29e-02	9.75e-02	2.71e-01	2.55e-01	1.54e-01	1.96e-01	1.21e-02	2.35e-04
 5.65891e+22	0.00e+00	7.48e-24	8.93e-20	7.03e-17	2.50e-14	4.81e-12	3.20e-08	1.35e-05	1.04e-03	1.41e-02	1.04e-01	2.81e-01	2.55e-01	1.50e-01	1.84e-01	1.09e-02	2.05e-04
 5.76419e+22	0.00e+00	1.09e-23	1.25e-19	9.51e-17	3.25e-14	5.98e-12	3.82e-08	1.58e-05	1.19e-03	1.56e-02	1.11e-01	2.91e-01	2.56e-01	1.45e-01	1.71e-01	9.80e-03	1.76e-04
 5.84834e+22	0.00e+00	1.45e-23	1.63e-19	1.20e-16	3.98e-14	7.09e-12	4.39e-08	1.78e-05	1.31e-03	1.68e-02	1.16e-01	2.98e-01	2.56e-01	1.40e-01	1.62e-01	8.99e-03	1.57e-04
 5.92957e+22	0.00e+00	1.86e-23	2.03e-19	1.46e-16	4.72e-14	8.19e-12	4.95e-08	1.98e-05	1.43e-03	1.79e-02	1.21e-01	3.05e-01	2.55e-01	1.37e-01	1.54e-01	8.31e-03	1.41e-04
 6.03516e+22	0.00e+00	2.56e-23	2.71e-19	1.89e-16	5.90e-14	9.90e-12	5.78e-08	2.27e-05	1.60e-03	1.95e-02	1.28e-01	3.13e-01	2.54e-01	1.32e-01	1.44e-01	7.52e-03	1.23e-04
 6.14968e+22	0.00e+00	3.67e-23	3.76e-19	2.53e-16	7.60e-14	1.22e-11	6.85e-08	2.63e-05	1.81e-03	2.13e-02	1.35e-01	3.21e-01	2.53e-01	1.27e-01	1.34e-01	6.70e-03	1.06e-04
 6.24662e+22	0.00e+00	4.94e-23	4.92e-19	3.21e-16	9.35e-14	1.46e-11	7.89e-08	2.97e-05	2.00e-03	2.29e-02	1.42e-01	3.28e-01	2.51e-01	1.22e-01	1.26e-01	6.09e-03	9.31e-05
 6.33041e+22	0.00e+00	6.25e-23	6.08e-19	3.88e-16	1.10e-13	1.67e-11	8.84e-08	3.28e-05	2.17e-03	2.43e-02	1.47e-01	3.34e-01	2.49e-01	1.19e-01	1.19e-01	5.63e-03	8.39e-05
 6.42625e+22	0.00e+00	8.14e-23	7.73e-19	4.80e-16	1.32e-13	1.95e-11	1.00e-07	3.66e-05	2.37e-03	2.59e-02	1.53e-01	3.39e-01	2.47e-01	1.15e-01	1.12e-01	5.15e-03	7.45e-05
 6.55085e+22	3.12e-29	1.13e-22	1.04e-18	6.24e-16	1.66e-13	2.37e-11	1.18e-07	4.19e-05	2.64e-03	2.80e-02	1.60e-01	3.46e-01	2.44e-01	1.10e-01	1.04e-01	4.61e-03	6.43e-05
 6.67759e+22	4.67e-29	1.61e-22	1.44e-18	8.34e-16	2.14e-13	2.93e-11	1.39e-07	4.83e-05	2.97e-03	3.04e-02	1.68e-01	3.53e-01	2.41e-01	1.05e-01	9.59e-02	4.08e-03	5.48e-05
 6.77098e+22	6.15e-29	2.07e-22	1.80e-18	1.02e-15	2.54e-13	3.39e-11	1.56e-07	5.34e-05	3.21e-03	3.22e-02	1.74e-01	3.57e-01	2.38e-01	1.01e-01	9.05e-02	3.75e-03	4.89e-05
 6.85626e+22	7.75e-29	2.55e-22	2.17e-18	1.20e-15	2.94e-13	3.83e-11	1.73e-07	5.82e-05	3.44e-03	3.38e-02	1.79e-01	3.61e-01	2.36e-01	9.79e-02	8.59e-02	3.47e-03	4.43e-05
 6.96712e+22	1.04e-28	3.31e-22	2.75e-18	1.49e-15	3.53e-13	4.47e-11	1.96e-07	6.48e-05	3.75e-03	3.59e-02	1.85e-01	3.65e-01	2.32e-01	9.41e-02	8.06e-02	3.16e-03	3.92e-05
 7.11125e+22	1.50e-28	4.58e-22	3.69e-18	1.93e-15	4.43e-13	5.43e-11	2.30e-07	7.39e-05	4.16e-03	3.86e-02	1.93e-01	3.70e-01	2.28e-01	8.95e-02	7.43e-02	2.81e-03	3.36e-05
 7.25994e+22	2.27e-28	6.63e-22	5.16e-18	2.60e-15	5.75e-13	6.74e-11	2.72e-07	8.53e-05	4.67e-03	4.18e-02	2.02e-01	3.74e-01	2.23e-01	8.44e-02	6.77e-02	2.46e-03	2.82e-05
 7.37128e+22	3.03e-28	8.59e-22	6.52e-18	3.21e-15	6.90e-13	7.86e-11	3.08e-07	9.45e-05	5.06e-03	4.42e-02	2.08e-01	3.77e-01	2.19e-01	8.09e-02	6.33e-02	2.24e-03	2.49e-05
 7.47273e+22	3.84e-28	1.06e-21	7.89e-18	3.80e-15	7.99e-13	8.91e-11	3.42e-07	1.03e-04	5.42e-03	4.64e-02	2.13e-01	3.79e-01	2.16e-01	7.80e-02	5.98e-02	2.06e-03	2.24e-05
 7.60462e+22	5.25e-28	1.40e-21	1.01e-17	4.75e-15	9.69e-13	1.05e-10	3.91e-07	1.15e-04	5.90e-03	4.91e-02	2.20e-01	3.82e-01	2.11e-01	7.43e-02	5.55e-02	1.85e-03	1.95e-05
 7.74530e+22	7.37e-28	1.90e-21	1.33e-17	6.08e-15	1.20e-12	1.26e-10	4.50e-07	1.30e-04	6.47e-03	5.23e-02	2.27e-01	3.84e-01	2.06e-01	7.05e-02	5.12e-02	1.65e-03	1.68e-05
 7.86140e+22	9.68e-28	2.43e-21	1.67e-17	7.41e-15	1.43e-12	1.45e-10	5.05e-07	1.43e-04	6.97e-03	5.50e-02	2.33e-01	3.86e-01	2.02e-01	6.74e-02	4.79e-02	1.50e-03	1.49e-05
 7.97630e+22	1.22e-27	2.98e-21	2.01e-17	8.74e-15	1.65e-12	1.64e-10	5.60e-07	1.55e-04	7.43e-03	5.74e-02	2.38e-01	3.87e-01	1.99e-01	6.48e-02	4.52e-02	1.38e-03	1.34e-05
 8.12568e+22	1.67e-27	3.95e-21	2.59e-17	1.10e-14	2.00e-12	1.94e-10	6.40e-07	1.73e-04	8.09e-03	6.08e-02	2.45e-01	3.88e-01	1.94e-01	6.15e-02	4.17e-02	1.24e-03	1.16e-05
 8.28629e+22	2.35e-27	5.35e-21	3.41e-17	1.40e-14	2.49e-12	2.32e-10	7.38e-07	1.95e-04	8.84e-03	6.45e-02	2.52e-01	3.89e-01	1.88e-01	5.80e-02	3.83e-02	1.10e-03	9.98e-06
 8.42262e+22	3.10e-27	6.88e-21	4.28e-17	1.72e-14	2.96e-12	2.69e-10	8.32e-07	2.15e-04	9.52e-03	6.77e-02	2.58e-01	3.89e-01	1.84e-01	5.53e-02	3.57e-02	9.95e-04	8.78e-06
 8.56096e+22	4.02e-27	8.67e-21	5.28e-17	2.07e-14	3.48e-12	3.09e-10	9.31e-07	2.35e-04	1.02e-02	7.08e-02	2.64e-01	3.89e-01	1.79e-01	5.27e-02	3.33e-02	9.04e-04	7.76e-06
 8.74080e+22	5.60e-27	1.17e-20	6.90e-17	2.63e-14	4.28e-12	3.68e-10	1.07e-06	2.64e-04	1.11e-02	7.49e-02	2.71e-01	3.88e-01	1.74e-01	4.96e-02	3.05e-02	8.01e-04	6.65e-06
 8.93501e+22	8.10e-27	1.62e-20	9.29e-17	3.43e-14	5.39e-12	4.47e-10	1.25e-06	2.99e-04	1.22e-02	7.96e-02	2.78e-01	3.87e-01	1.68e-01	4.64e-02	2.77e-02	7.01e-04	5.61e-06
 9.09999e+22	1.10e-26	2.13e-20	1.19e-16	4.27e-14	6.53e-12	5.26e-10	1.42e-06	3.31e-04	1.32e-02	8.37e-02	2.84e-01	3.86e-01	1.62e-01	4.38e-02	2.55e-02	6.26e-04	4.86e-06
 9.26652e+22	1.43e-26	2.69e-20	1.47e-16	5.16e-14	7.69e-12	6.04e-10	1.60e-06	3.64e-04	1.42e-02	8.74e-02	2.90e-01	3.84e-01	1.58e-01	4.16e-02	2.37e-02	5.66e-04	4.27e-06
 9.48301e+22	2.02e-26	3.66e-20	1.95e-16	6.61e-14	9.54e-12	7.26e-10	1.85e-06	4.09e-04	1.55e-02	9.24e-02	2.97e-01	3.82e-01	1.52e-01	3.88e-02	2.15e-02	4.96e-04	3.61e-06
 9.72249e+22	2.99e-26	5.20e-20	2.67e-16	8.78e-14	1.22e-11	8.93e-10	2.18e-06	4.66e-04	1.70e-02	9.81e-02	3.04e-01	3.79e-01	1.46e-01	3.59e-02	1.93e-02	4.27e-04	2.99e-06
 9.93548e+22	4.53e-26	7.06e-20	3.52e-16	1.12e-13	1.51e-11	1.07e-09	2.51e-06	5.23e-04	1.85e-02	1.03e-01	3.10e-01	3.76e-01	1.40e-01	3.35e-02	1.75e-02	3.75e-04	2.53e-06
 1.01131e+23	5.95e-26	9.04e-20	4.41e-16	1.37e-13	1.80e-11	1.24e-09	2.82e-06	5.74e-04	1.98e-02	1.08e-01	3.15e-01	3.73e-01	1.35e-01	3.16e-02	1.62e-02	3.36e-04	2.21e-06
 1.03012e+23	7.68e-26	1.14e-19	5.42e-16	1.65e-13	2.11e-11	1.42e-09	3.15e-06	6.27e-04	2.12e-02	1.12e-01	3.20e-01	3.70e-01	1.31e-01	2.99e-02	1.50e-02	3.03e-04	1.93e-06
 1.05457e+23	1.07e-25	1.53e-19	7.09e-16	2.09e-13	2.59e-11	1.69e-09	3.63e-06	7.01e-04	2.29e-02	1.18e-01	3.25e-01	3.66e-01	1.25e-01	2.79e-02	1.36e-02	2.65e-04	1.64e-06
 1.08191e+23	1.55e-25	2.13e-19	9.59e-16	2.74e-13	3.28e-11	2.05e-09	4.23e-06	7.91e-04	2.51e-02	1.24e-01	3.31e-01	3.61e-01	1.20e-01	2.57e-02	1.22e-02	2.29e-04	1.36e-06
 1.10708e+23	2.16e-25	2.87e-19	1.26e-15	3.48e-13	4.04e-11	2.45e-09	4.86e-06	8.83e-04	2.71e-02	1.30e-01	3.36e-01	3.56e-01	1.14e-01	2.39e-02	1.10e-02	2.00e-04	1.15e-06
 1.13387e+23	2.90e-25	3.76e-19	1.60e-15	4.32e-13	4.86e-11	2.87e-09	5.54e-06	9.78e-04	2.92e-02	1.36e-01	3.41e-01	3.51e-01	1.10e-01	2.23e-02	1.00e-02	1.76e-04	9.79e-07
 1.16870e+23	4.25e-25	5.28e-19	2.18e-15	5.69e-13	6.17e-11	3.51e-09	6.50e-06	1.11e-03	3.19e-02	1.43e-01	3.46e-01	3.45e-01	1.04e-01	2.04e-02	8.92e-03	1.50e-04	8.00e-07
 1.20619e+23	6.67e-25	7.91e-19	3.15e-15	7.91e-13	8.22e-11	4.46e-09	7.81e-06	1.28e-03	3.53e-02	1.51e-01	3.51e-01	3.37e-01	9.72e-02	1.84e-02	7.75e-03	1.24e-04	6.32e-07
 1.23707e+23	9.62e-25	1.10e-18	4.25e-15	1.03e-12	1.04e-10	5.42e-09	9.10e-06	1.44e-03	3.84e-02	1.59e-01	3.55e-01	3.30e-01	9.19e-02	1.68e-02	6.89e-03	1.06e-04	5.19e-07
 1.26051e+23	1.24e-24	1.39e-18	5.23e-15	1.24e-12	1.22e-10	6.21e-09	1.01e-05	1.57e-03	4.07e-02	1.64e-01	3.58e-01	3.25e-01	8.82e-02	1.58e-02	6.34e-03	9.49e-05	4.51e-07
 1.28434e+23	1.53e-24	1.68e-18	6.22e-15	1.45e-12	1.39e-10	6.95e-09	1.11e-05	1.69e-03	4.28e-02	1.69e-01	3.60e-01	3.21e-01	8.52e-02	1.49e-02	5.90e-03	8.62e-05	4.00e-07
 1.31531e+23	2.05e-24	2.17e-18	7.86e-15	1.79e-12	1.67e-10	8.11e-09	1.26e-05	1.85e-03	4.57e-02	1.75e-01	3.62e-01	3.15e-01	8.13e-02	1.39e-02	5.36e-03	7.58e-05	3.41e-07
 1.35557e+23	2.83e-24	2.90e-18	1.02e-14	2.26e-12	2.04e-10	9.62e-09	1.44e-05	2.06e-03	4.91e-02	1.81e-01	3.65e-01	3.08e-01	7.70e-02	1.28e-02	4.81e-03	6.57e-05	2.85e-07
 1.40014e+23	4.19e-24	4.14e-18	1.41e-14	3.03e-12	2.63e-10	1.19e-08	1.69e-05	2.33e-03	5.35e-02	1.90e-01	3.67e-01	3.00e-01	7.20e-02	1.16e-02	4.21e-03	5.50e-05	2.28e-07
 1.43838e+23	6.01e-24	5.74e-18	1.90e-14	3.95e-12	3.32e-10	1.45e-08	1.97e-05	2.62e-03	5.78e-02	1.98e-01	3.68e-01	2.92e-01	6.76e-02	1.05e-02	3.72e-03	4.66e-05	1.86e-07
 1.46890e+23	7.67e-24	7.15e-18	2.33e-14	4.73e-12	3.88e-10	1.65e-08	2.18e-05	2.84e-03	6.10e-02	2.03e-01	3.69e-01	2.86e-01	6.46e-02	9.84e-03	3.41e-03	4.15e-05	1.61e-07
