#depth	Ar	Ar+	Ar+2	Ar+3	Ar+4	Ar+5	Ar+6	Ar+7	Ar+8	Ar+9	Ar+10	Ar+11	Ar+12	Ar+13	Ar+14	Ar+15	Ar+16	Ar+17	Ar+18
 6.17135e+19	0.00e+00	0.00e+00	0.00e+00	0.00e+00	0.00e+00	0.00e+00	0.00e+00	0.00e+00	0.00e+00	1.08e-24	5.42e-21	1.23e-17	1.56e-14	1.10e-11	6.04e-09	2.58e-06	1.77e-03	7.31e-02	9.25e-01
 1.87609e+20	0.00e+00	0.00e+00	0.00e+00	0.00e+00	0.00e+00	0.00e+00	0.00e+00	0.00e+00	2.25e-28	2.22e-24	1.03e-20	2.16e-17	2.54e-14	1.65e-11	8.33e-09	3.27e-06	2.07e-03	7.88e-02	9.19e-01
 3.18540e+20	0.00e+00	0.00e+00	0.00e+00	0.00e+00	0.00e+00	0.00e+00	0.00e+00	0.00e+00	5.01e-28	4.56e-24	1.96e-20	3.79e-17	4.11e-14	2.46e-11	1.15e-08	4.15e-06	2.42e-03	8.49e-02	9.13e-01
 4.54709e+20	0.00e+00	0.00e+00	0.00e+00	0.00e+00	0.00e+00	0.00e+00	0.00e+00	0.00e+00	1.12e-27	9.38e-24	3.72e-20	6.64e-17	6.65e-14	3.67e-11	1.58e-08	5.27e-06	2.83e-03	9.14e-02	9.06e-01
 5.74414e+20	0.00e+00	0.00e+00	0.00e+00	0.00e+00	0.00e+00	0.00e+00	0.00e+00	0.00e+00	2.21e-27	1.74e-23	6.43e-20	1.07e-16	1.01e-13	5.18e-11	2.07e-08	6.46e-06	3.24e-03	9.73e-02	8.99e-01
 6.66527e+20	0.00e+00	0.00e+00	0.00e+00	0.00e+00	0.00e+00	0.00e+00	0.00e+00	0.00e+00	3.69e-27	2.75e-23	9.67e-20	1.54e-16	1.37e-13	6.69e-11	2.54e-08	7.52e-06	3.57e-03	1.02e-01	8.94e-01
 7.48597e+20	0.00e+00	0.00e+00	0.00e+00	0.00e+00	0.00e+00	0.00e+00	0.00e+00	0.00e+00	5.75e-27	4.10e-23	1.38e-19	2.10e-16	1.79e-13	8.37e-11	3.04e-08	8.58e-06	3.90e-03	1.06e-01	8.90e-01
 8.41158e+20	0.00e+00	0.00e+00	0.00e+00	0.00e+00	0.00e+00	0.00e+00	0.00e+00	0.00e+00	9.39e-27	6.38e-23	2.05e-19	2.96e-16	2.40e-13	1.07e-10	3.69e-08	9.93e-06	4.28e-03	1.11e-01	8.85e-01
 9.61488e+20	0.00e+00	0.00e+00	0.00e+00	0.00e+00	0.00e+00	0.00e+00	0.00e+00	0.00e+00	1.75e-26	1.12e-22	3.37e-19	4.58e-16	3.49e-13	1.46e-10	4.73e-08	1.19e-05	4.83e-03	1.17e-01	8.78e-01
 1.08323e+21	0.00e+00	0.00e+00	0.00e+00	0.00e+00	0.00e+00	0.00e+00	0.00e+00	0.00e+00	3.24e-26	1.95e-22	5.53e-19	7.07e-16	5.08e-13	2.00e-10	6.06e-08	1.44e-05	5.44e-03	1.24e-01	8.70e-01
 1.18014e+21	0.00e+00	0.00e+00	0.00e+00	0.00e+00	0.00e+00	0.00e+00	0.00e+00	0.00e+00	5.22e-26	2.99e-22	8.10e-19	9.88e-16	6.77e-13	2.54e-10	7.33e-08	1.65e-05	5.96e-03	1.29e-01	8.65e-01
 1.27944e+21	0.00e+00	0.00e+00	0.00e+00	0.00e+00	0.00e+00	0.00e+00	0.00e+00	0.00e+00	8.42e-26	4.60e-22	1.19e-18	1.38e-15	9.03e-13	3.23e-10	8.87e-08	1.91e-05	6.54e-03	1.35e-01	8.58e-01
 1.40853e+21	0.00e+00	0.00e+00	0.00e+00	0.00e+00	0.00e+00	0.00e+00	0.00e+00	0.00e+00	1.55e-25	7.96e-22	1.93e-18	2.12e-15	1.30e-12	4.39e-10	1.13e-07	2.28e-05	7.35e-03	1.43e-01	8.50e-01
 1.53988e+21	0.00e+00	0.00e+00	0.00e+00	0.00e+00	0.00e+00	0.00e+00	0.00e+00	0.00e+00	2.82e-25	1.37e-21	3.13e-18	3.23e-15	1.88e-12	5.95e-10	1.44e-07	2.73e-05	8.24e-03	1.50e-01	8.42e-01
 1.64606e+21	0.00e+00	0.00e+00	0.00e+00	0.00e+00	0.00e+00	0.00e+00	0.00e+00	0.00e+00	4.57e-25	2.12e-21	4.62e-18	4.55e-15	2.52e-12	7.61e-10	1.75e-07	3.15e-05	9.04e-03	1.57e-01	8.34e-01
 1.74146e+21	0.00e+00	0.00e+00	0.00e+00	0.00e+00	0.00e+00	0.00e+00	0.00e+00	0.00e+00	6.98e-25	3.10e-21	6.49e-18	6.13e-15	3.26e-12	9.43e-10	2.07e-07	3.57e-05	9.81e-03	1.62e-01	8.28e-01
 1.85095e+21	0.00e+00	0.00e+00	0.00e+00	0.00e+00	0.00e+00	0.00e+00	0.00e+00	0.00e+00	1.11e-24	4.71e-21	9.42e-18	8.49e-15	4.31e-12	1.19e-09	2.49e-07	4.10e-05	1.07e-02	1.69e-01	8.20e-01
 1.96708e+21	0.00e+00	0.00e+00	0.00e+00	0.00e+00	0.00e+00	0.00e+00	0.00e+00	0.00e+00	1.83e-24	7.37e-21	1.40e-17	1.21e-14	5.83e-12	1.53e-09	3.04e-07	4.75e-05	1.18e-02	1.76e-01	8.12e-01
 2.06534e+21	0.00e+00	0.00e+00	0.00e+00	0.00e+00	0.00e+00	0.00e+00	0.00e+00	1.88e-28	2.75e-24	1.07e-20	1.95e-17	1.61e-14	7.47e-12	1.89e-09	3.58e-07	5.36e-05	1.27e-02	1.82e-01	8.05e-01
 2.16655e+21	0.00e+00	0.00e+00	0.00e+00	0.00e+00	0.00e+00	0.00e+00	0.00e+00	2.96e-28	4.15e-24	1.55e-20	2.71e-17	2.15e-14	9.60e-12	2.33e-09	4.22e-07	6.06e-05	1.38e-02	1.89e-01	7.98e-01
 2.29814e+21	0.00e+00	0.00e+00	0.00e+00	0.00e+00	0.00e+00	0.00e+00	0.00e+00	5.27e-28	7.02e-24	2.48e-20	4.14e-17	3.12e-14	1.32e-11	3.04e-09	5.21e-07	7.08e-05	1.52e-02	1.97e-01	7.88e-01
 2.43017e+21	0.00e+00	0.00e+00	0.00e+00	0.00e+00	0.00e+00	0.00e+00	0.00e+00	9.33e-28	1.18e-23	3.98e-20	6.30e-17	4.51e-14	1.82e-11	3.97e-09	6.43e-07	8.26e-05	1.68e-02	2.05e-01	7.78e-01
 2.53115e+21	0.00e+00	0.00e+00	0.00e+00	0.00e+00	0.00e+00	0.00e+00	0.00e+00	1.43e-27	1.74e-23	5.65e-20	8.62e-17	5.93e-14	2.31e-11	4.84e-09	7.51e-07	9.28e-05	1.80e-02	2.12e-01	7.70e-01
 2.63080e+21	0.00e+00	0.00e+00	0.00e+00	0.00e+00	0.00e+00	0.00e+00	0.00e+00	2.15e-27	2.54e-23	7.93e-20	1.16e-16	7.73e-14	2.90e-11	5.86e-09	8.73e-07	1.04e-04	1.93e-02	2.19e-01	7.62e-01
 2.76034e+21	0.00e+00	0.00e+00	0.00e+00	0.00e+00	0.00e+00	0.00e+00	0.00e+00	3.65e-27	4.10e-23	1.22e-19	1.72e-16	1.09e-13	3.89e-11	7.49e-09	1.06e-06	1.20e-04	2.12e-02	2.27e-01	7.52e-01
 2.89467e+21	0.00e+00	0.00e+00	0.00e+00	0.00e+00	0.00e+00	0.00e+00	0.00e+00	6.25e-27	6.71e-23	1.91e-19	2.55e-16	1.54e-13	5.26e-11	9.65e-09	1.29e-06	1.38e-04	2.32e-02	2.36e-01	7.41e-01
 3.00342e+21	0.00e+00	0.00e+00	0.00e+00	0.00e+00	0.00e+00	0.00e+00	0.00e+00	9.57e-27	9.91e-23	2.71e-19	3.49e-16	2.03e-13	6.68e-11	1.18e-08	1.51e-06	1.55e-04	2.49e-02	2.43e-01	7.32e-01
 3.09281e+21	0.00e+00	0.00e+00	0.00e+00	0.00e+00	0.00e+00	0.00e+00	0.00e+00	1.36e-26	1.37e-22	3.63e-19	4.53e-16	2.55e-13	8.15e-11	1.39e-08	1.72e-06	1.71e-04	2.65e-02	2.49e-01	7.24e-01
 3.18883e+21	0.00e+00	0.00e+00	0.00e+00	0.00e+00	0.00e+00	0.00e+00	0.00e+00	7.49e-27	1.90e-22	4.88e-19	5.90e-16	3.22e-13	9.96e-11	1.64e-08	1.96e-06	1.88e-04	2.81e-02	2.55e-01	7.16e-01
 3.31367e+21	0.00e+00	0.00e+00	0.00e+00	0.00e+00	0.00e+00	0.00e+00	0.00e+00	3.10e-26	2.91e-22	7.18e-19	8.33e-16	4.36e-13	1.29e-10	2.05e-08	2.33e-06	2.13e-04	3.04e-02	2.63e-01	7.06e-01
 3.44074e+21	0.00e+00	0.00e+00	0.00e+00	0.00e+00	0.00e+00	0.00e+00	0.00e+00	1.92e-26	4.47e-22	1.06e-18	1.18e-15	5.93e-13	1.69e-10	2.56e-08	2.77e-06	2.42e-04	3.29e-02	2.72e-01	6.95e-01
 3.54228e+21	0.00e+00	0.00e+00	0.00e+00	0.00e+00	0.00e+00	0.00e+00	0.00e+00	2.77e-26	6.25e-22	1.44e-18	1.55e-15	7.53e-13	2.08e-10	3.04e-08	3.18e-06	2.68e-04	3.50e-02	2.78e-01	6.86e-01
 3.64586e+21	0.00e+00	0.00e+00	0.00e+00	0.00e+00	0.00e+00	0.00e+00	0.00e+00	3.98e-26	8.75e-22	1.95e-18	2.03e-15	9.57e-13	2.56e-10	3.62e-08	3.64e-06	2.96e-04	3.72e-02	2.85e-01	6.77e-01
 3.78052e+21	0.00e+00	0.00e+00	0.00e+00	0.00e+00	0.00e+00	0.00e+00	0.00e+00	6.37e-26	1.35e-21	2.88e-18	2.88e-15	1.30e-12	3.34e-10	4.53e-08	4.33e-06	3.36e-04	4.02e-02	2.94e-01	6.65e-01
 3.91504e+21	0.00e+00	0.00e+00	0.00e+00	0.00e+00	0.00e+00	0.00e+00	0.00e+00	1.02e-25	2.07e-21	4.24e-18	4.08e-15	1.77e-12	4.36e-10	5.66e-08	5.15e-06	3.81e-04	4.35e-02	3.03e-01	6.53e-01
 4.01885e+21	0.00e+00	0.00e+00	0.00e+00	0.00e+00	0.00e+00	0.00e+00	0.00e+00	1.45e-25	2.85e-21	5.68e-18	5.30e-15	2.23e-12	5.33e-10	6.69e-08	5.87e-06	4.19e-04	4.61e-02	3.09e-01	6.44e-01
 4.12326e+21	0.00e+00	0.00e+00	0.00e+00	0.00e+00	0.00e+00	0.00e+00	0.00e+00	2.04e-25	3.92e-21	7.58e-18	6.86e-15	2.80e-12	6.49e-10	7.89e-08	6.68e-06	4.60e-04	4.88e-02	3.16e-01	6.35e-01
 4.23804e+21	0.00e+00	0.00e+00	0.00e+00	0.00e+00	0.00e+00	0.00e+00	0.00e+00	2.99e-25	5.54e-21	1.04e-17	9.09e-15	3.59e-12	8.06e-10	9.46e-08	7.69e-06	5.09e-04	5.19e-02	3.23e-01	6.24e-01
 4.34180e+21	0.00e+00	0.00e+00	0.00e+00	0.00e+00	0.00e+00	0.00e+00	0.00e+00	4.19e-25	7.56e-21	1.38e-17	1.17e-14	4.48e-12	9.78e-10	1.11e-07	8.72e-06	5.58e-04	5.48e-02	3.30e-01	6.15e-01
 4.43679e+21	0.00e+00	0.00e+00	0.00e+00	0.00e+00	0.00e+00	0.00e+00	0.00e+00	5.65e-25	9.96e-21	1.77e-17	1.46e-14	5.46e-12	1.16e-09	1.28e-07	9.75e-06	6.05e-04	5.76e-02	3.35e-01	6.06e-01
 4.54491e+21	0.00e+00	0.00e+00	0.00e+00	0.00e+00	0.00e+00	0.00e+00	0.00e+00	7.93e-25	1.36e-20	2.35e-17	1.89e-14	6.84e-12	1.41e-09	1.51e-07	1.11e-05	6.64e-04	6.09e-02	3.42e-01	5.97e-01
 4.66618e+21	0.00e+00	0.00e+00	0.00e+00	0.00e+00	0.00e+00	0.00e+00	0.00e+00	1.16e-24	1.93e-20	3.22e-17	2.51e-14	8.79e-12	1.76e-09	1.82e-07	1.27e-05	7.35e-04	6.47e-02	3.49e-01	5.86e-01
 4.77970e+21	0.00e+00	0.00e+00	0.00e+00	0.00e+00	0.00e+00	0.00e+00	1.72e-28	1.64e-24	2.65e-20	4.31e-17	3.26e-14	1.11e-11	2.15e-09	2.15e-07	1.45e-05	8.07e-04	6.84e-02	3.56e-01	5.75e-01
 4.88163e+21	0.00e+00	0.00e+00	0.00e+00	0.00e+00	0.00e+00	0.00e+00	2.42e-28	2.23e-24	3.52e-20	5.58e-17	4.11e-14	1.36e-11	2.57e-09	2.50e-07	1.63e-05	8.77e-04	7.18e-02	3.61e-01	5.66e-01
 4.99336e+21	0.00e+00	0.00e+00	0.00e+00	0.00e+00	0.00e+00	0.00e+00	3.49e-28	3.09e-24	4.77e-20	7.35e-17	5.26e-14	1.69e-11	3.11e-09	2.93e-07	1.84e-05	9.58e-04	7.57e-02	3.68e-01	5.56e-01
 5.11840e+21	0.00e+00	0.00e+00	0.00e+00	0.00e+00	0.00e+00	0.00e+00	5.28e-28	4.47e-24	6.68e-20	1.00e-16	6.93e-14	2.16e-11	3.85e-09	3.50e-07	2.11e-05	1.06e-03	8.02e-02	3.74e-01	5.44e-01
 5.23422e+21	0.00e+00	0.00e+00	0.00e+00	0.00e+00	0.00e+00	0.00e+00	7.70e-28	6.25e-24	9.10e-20	1.32e-16	8.93e-14	2.70e-11	4.68e-09	4.12e-07	2.40e-05	1.16e-03	8.46e-02	3.81e-01	5.34e-01
 5.34055e+21	0.00e+00	0.00e+00	0.00e+00	0.00e+00	0.00e+00	0.00e+00	1.08e-27	8.43e-24	1.20e-19	1.71e-16	1.12e-13	3.30e-11	5.58e-09	4.77e-07	2.69e-05	1.25e-03	8.87e-02	3.86e-01	5.24e-01
 5.46105e+21	0.00e+00	0.00e+00	0.00e+00	0.00e+00	0.00e+00	0.00e+00	1.57e-27	1.18e-23	1.64e-19	2.26e-16	1.45e-13	4.14e-11	6.78e-09	5.62e-07	3.05e-05	1.37e-03	9.34e-02	3.92e-01	5.13e-01
 5.59072e+21	0.00e+00	0.00e+00	0.00e+00	0.00e+00	0.00e+00	0.00e+00	2.36e-27	1.69e-23	2.28e-19	3.06e-16	1.90e-13	5.27e-11	8.38e-09	6.71e-07	3.49e-05	1.51e-03	9.87e-02	3.98e-01	5.01e-01
 5.70442e+21	0.00e+00	0.00e+00	0.00e+00	0.00e+00	0.00e+00	0.00e+00	3.34e-27	2.30e-23	3.03e-19	3.97e-16	2.40e-13	6.48e-11	1.00e-08	7.81e-07	3.92e-05	1.64e-03	1.04e-01	4.04e-01	4.91e-01
 5.82434e+21	0.00e+00	0.00e+00	0.00e+00	0.00e+00	0.00e+00	0.00e+00	4.76e-27	3.14e-23	4.07e-19	5.20e-16	3.06e-13	8.03e-11	1.21e-08	9.13e-07	4.41e-05	1.78e-03	1.09e-01	4.09e-01	4.81e-01
 5.95895e+21	0.00e+00	0.00e+00	0.00e+00	0.00e+00	0.00e+00	0.00e+00	7.11e-27	4.49e-23	5.65e-19	7.02e-16	4.01e-13	1.02e-10	1.49e-08	1.09e-06	5.05e-05	1.96e-03	1.15e-01	4.15e-01	4.69e-01
 6.08434e+21	0.00e+00	0.00e+00	0.00e+00	0.00e+00	0.00e+00	0.00e+00	1.03e-26	6.21e-23	7.63e-19	9.24e-16	5.14e-13	1.27e-10	1.81e-08	1.28e-06	5.71e-05	2.14e-03	1.20e-01	4.20e-01	4.58e-01
 6.19986e+21	0.00e+00	0.00e+00	0.00e+00	0.00e+00	0.00e+00	0.00e+00	1.43e-26	8.32e-23	1.00e-18	1.19e-15	6.44e-13	1.55e-10	2.16e-08	1.48e-06	6.38e-05	2.31e-03	1.26e-01	4.24e-01	4.47e-01
 6.33087e+21	0.00e+00	0.00e+00	0.00e+00	0.00e+00	0.00e+00	0.00e+00	1.03e-26	1.15e-22	1.36e-18	1.56e-15	8.27e-13	1.94e-10	2.62e-08	1.74e-06	7.21e-05	2.52e-03	1.32e-01	4.29e-01	4.36e-01
 6.47214e+21	0.00e+00	0.00e+00	0.00e+00	0.00e+00	0.00e+00	0.00e+00	3.07e-26	1.63e-22	1.88e-18	2.11e-15	1.08e-12	2.46e-10	3.23e-08	2.07e-06	8.24e-05	2.76e-03	1.39e-01	4.34e-01	4.24e-01
 6.59608e+21	0.00e+00	0.00e+00	0.00e+00	0.00e+00	0.00e+00	0.00e+00	2.16e-26	2.21e-22	2.48e-18	2.73e-15	1.37e-12	3.03e-10	3.86e-08	2.40e-06	9.23e-05	2.99e-03	1.45e-01	4.38e-01	4.14e-01
 6.72651e+21	0.00e+00	0.00e+00	0.00e+00	0.00e+00	0.00e+00	0.00e+00	3.05e-26	2.99e-22	3.31e-18	3.55e-15	1.73e-12	3.74e-10	4.65e-08	2.80e-06	1.04e-04	3.24e-03	1.52e-01	4.42e-01	4.03e-01
 6.87295e+21	0.00e+00	0.00e+00	0.00e+00	0.00e+00	0.00e+00	0.00e+00	4.52e-26	4.23e-22	4.56e-18	4.77e-15	2.26e-12	4.74e-10	5.72e-08	3.33e-06	1.18e-04	3.54e-03	1.59e-01	4.46e-01	3.91e-01
 7.00933e+21	0.00e+00	0.00e+00	0.00e+00	0.00e+00	0.00e+00	0.00e+00	6.47e-26	5.80e-22	6.11e-18	6.25e-15	2.89e-12	5.88e-10	6.91e-08	3.90e-06	1.33e-04	3.84e-03	1.67e-01	4.49e-01	3.80e-01
 7.13494e+21	0.00e+00	0.00e+00	0.00e+00	0.00e+00	0.00e+00	0.00e+00	8.92e-26	7.69e-22	7.97e-18	7.97e-15	3.60e-12	7.16e-10	8.20e-08	4.49e-06	1.48e-04	4.14e-03	1.73e-01	4.52e-01	3.70e-01
 7.27747e+21	0.00e+00	0.00e+00	0.00e+00	0.00e+00	0.00e+00	0.00e+00	1.27e-25	1.05e-21	1.07e-17	1.05e-14	4.61e-12	8.89e-10	9.92e-08	5.26e-06	1.67e-04	4.49e-03	1.81e-01	4.55e-01	3.59e-01
 7.43293e+21	0.00e+00	0.00e+00	0.00e+00	0.00e+00	0.00e+00	0.00e+00	1.88e-25	1.48e-21	1.47e-17	1.40e-14	6.02e-12	1.13e-09	1.22e-07	6.24e-06	1.90e-04	4.90e-03	1.90e-01	4.58e-01	3.47e-01
 7.57218e+21	0.00e+00	0.00e+00	0.00e+00	0.00e+00	0.00e+00	0.00e+00	2.66e-25	2.01e-21	1.96e-17	1.83e-14	7.64e-12	1.39e-09	1.47e-07	7.28e-06	2.13e-04	5.30e-03	1.98e-01	4.60e-01	3.37e-01
 7.70020e+21	0.00e+00	0.00e+00	0.00e+00	0.00e+00	0.00e+00	0.00e+00	3.60e-25	2.62e-21	2.51e-17	2.30e-14	9.41e-12	1.68e-09	1.72e-07	8.31e-06	2.35e-04	5.67e-03	2.05e-01	4.62e-01	3.27e-01
 7.84666e+21	0.00e+00	0.00e+00	0.00e+00	0.00e+00	0.00e+00	0.00e+00	5.05e-25	3.53e-21	3.34e-17	2.99e-14	1.19e-11	2.07e-09	2.07e-07	9.67e-06	2.64e-04	6.12e-03	2.13e-01	4.64e-01	3.17e-01
 8.00958e+21	0.00e+00	0.00e+00	0.00e+00	0.00e+00	0.00e+00	0.00e+00	7.43e-25	4.94e-21	4.57e-17	3.99e-14	1.55e-11	2.61e-09	2.54e-07	1.14e-05	2.99e-04	6.65e-03	2.22e-01	4.65e-01	3.06e-01
 8.15941e+21	0.00e+00	0.00e+00	0.00e+00	0.00e+00	0.00e+00	1.60e-28	1.05e-24	6.68e-21	6.06e-17	5.19e-14	1.97e-11	3.22e-09	3.05e-07	1.33e-05	3.35e-04	7.17e-03	2.31e-01	4.66e-01	2.96e-01
 8.29784e+21	0.00e+00	0.00e+00	0.00e+00	0.00e+00	0.00e+00	2.26e-28	1.43e-24	8.76e-21	7.83e-17	6.57e-14	2.44e-11	3.89e-09	3.60e-07	1.52e-05	3.70e-04	7.67e-03	2.39e-01	4.66e-01	2.86e-01
 8.45591e+21	0.00e+00	0.00e+00	0.00e+00	0.00e+00	0.00e+00	3.33e-28	2.01e-24	1.18e-20	1.04e-16	8.56e-14	3.10e-11	4.81e-09	4.33e-07	1.77e-05	4.15e-04	8.27e-03	2.48e-01	4.67e-01	2.76e-01
 8.63105e+21	0.00e+00	0.00e+00	0.00e+00	0.00e+00	0.00e+00	5.14e-28	2.96e-24	1.66e-20	1.43e-16	1.15e-13	4.04e-11	6.08e-09	5.31e-07	2.10e-05	4.70e-04	8.97e-03	2.58e-01	4.67e-01	2.66e-01
 8.78844e+21	0.00e+00	0.00e+00	0.00e+00	0.00e+00	0.00e+00	7.57e-28	4.16e-24	2.23e-20	1.89e-16	1.49e-13	5.12e-11	7.50e-09	6.37e-07	2.44e-05	5.25e-04	9.65e-03	2.68e-01	4.66e-01	2.56e-01
 8.92810e+21	0.00e+00	0.00e+00	0.00e+00	0.00e+00	0.00e+00	1.05e-27	5.54e-24	2.87e-20	2.40e-16	1.86e-13	6.25e-11	8.95e-09	7.43e-07	2.76e-05	5.76e-04	1.03e-02	2.76e-01	4.66e-01	2.48e-01
 9.08464e+21	0.00e+00	0.00e+00	0.00e+00	0.00e+00	0.00e+00	1.49e-27	7.59e-24	3.79e-20	3.13e-16	2.37e-13	7.79e-11	1.09e-08	8.78e-07	3.17e-05	6.37e-04	1.10e-02	2.85e-01	4.65e-01	2.39e-01
 9.28815e+21	0.00e+00	0.00e+00	0.00e+00	0.00e+00	0.00e+00	2.36e-27	1.14e-23	5.41e-20	4.38e-16	3.23e-13	1.03e-10	1.39e-08	1.09e-06	3.78e-05	7.26e-04	1.19e-02	2.96e-01	4.63e-01	2.28e-01
 9.49635e+21	0.00e+00	0.00e+00	0.00e+00	0.00e+00	0.00e+00	3.81e-27	1.74e-23	7.81e-20	6.18e-16	4.45e-13	1.38e-10	1.80e-08	1.36e-06	4.53e-05	8.30e-04	1.30e-02	3.08e-01	4.61e-01	2.17e-01
 9.66419e+21	0.00e+00	0.00e+00	0.00e+00	0.00e+00	0.00e+00	5.50e-27	2.41e-23	1.04e-19	8.09e-16	5.72e-13	1.73e-10	2.20e-08	1.62e-06	5.21e-05	9.20e-04	1.39e-02	3.18e-01	4.58e-01	2.09e-01
 9.83590e+21	0.00e+00	0.00e+00	0.00e+00	0.00e+00	0.00e+00	7.86e-27	3.30e-23	1.37e-19	1.06e-15	7.32e-13	2.17e-10	2.67e-08	1.92e-06	5.98e-05	1.02e-03	1.48e-02	3.27e-01	4.56e-01	2.01e-01
 1.00591e+22	0.00e+00	0.00e+00	0.00e+00	0.00e+00	0.00e+00	1.25e-26	4.98e-23	1.97e-19	1.49e-15	1.00e-12	2.89e-10	3.44e-08	2.38e-06	7.14e-05	1.16e-03	1.61e-02	3.40e-01	4.52e-01	1.91e-01
 1.02857e+22	0.00e+00	0.00e+00	0.00e+00	0.00e+00	0.00e+00	2.03e-26	7.64e-23	2.85e-19	2.11e-15	1.39e-12	3.86e-10	4.45e-08	2.97e-06	8.54e-05	1.32e-03	1.74e-02	3.52e-01	4.48e-01	1.81e-01
 1.04618e+22	0.00e+00	0.00e+00	0.00e+00	0.00e+00	0.00e+00	2.89e-26	1.05e-22	3.75e-19	2.73e-15	1.77e-12	4.81e-10	5.39e-08	3.50e-06	9.76e-05	1.45e-03	1.85e-02	3.61e-01	4.45e-01	1.73e-01
 1.06357e+22	0.00e+00	0.00e+00	0.00e+00	0.00e+00	0.00e+00	4.03e-26	1.40e-22	4.85e-19	3.51e-15	2.22e-12	5.92e-10	6.46e-08	4.10e-06	1.11e-04	1.59e-03	1.96e-02	3.70e-01	4.42e-01	1.67e-01
 1.08618e+22	0.00e+00	0.00e+00	0.00e+00	0.00e+00	0.00e+00	6.22e-26	2.06e-22	6.80e-19	4.84e-15	2.99e-12	7.75e-10	8.17e-08	5.01e-06	1.30e-04	1.79e-03	2.11e-02	3.82e-01	4.37e-01	1.58e-01
 1.10994e+22	0.00e+00	0.00e+00	0.00e+00	0.00e+00	0.00e+00	9.89e-26	3.11e-22	9.72e-19	6.77e-15	4.09e-12	1.03e-09	1.05e-07	6.19e-06	1.54e-04	2.03e-03	2.28e-02	3.94e-01	4.31e-01	1.50e-01
 1.13002e+22	0.00e+00	0.00e+00	0.00e+00	0.00e+00	0.00e+00	1.44e-25	4.33e-22	1.30e-18	8.92e-15	5.28e-12	1.29e-09	1.28e-07	7.36e-06	1.77e-04	2.24e-03	2.42e-02	4.04e-01	4.26e-01	1.43e-01
 1.15095e+22	0.00e+00	0.00e+00	0.00e+00	0.00e+00	0.00e+00	2.08e-25	6.01e-22	1.73e-18	1.18e-14	6.82e-12	1.63e-09	1.56e-07	8.74e-06	2.03e-04	2.48e-03	2.57e-02	4.14e-01	4.21e-01	1.36e-01
 1.17816e+22	0.00e+00	0.00e+00	0.00e+00	0.00e+00	0.00e+00	3.37e-25	9.21e-22	2.52e-18	1.68e-14	9.48e-12	2.19e-09	2.03e-07	1.09e-05	2.43e-04	2.81e-03	2.78e-02	4.27e-01	4.15e-01	1.28e-01
 1.20571e+22	0.00e+00	0.00e+00	0.00e+00	0.00e+00	0.00e+00	5.55e-25	1.43e-21	3.69e-18	2.41e-14	1.32e-11	2.96e-09	2.63e-07	1.36e-05	2.90e-04	3.20e-03	3.00e-02	4.39e-01	4.07e-01	1.20e-01
 1.22658e+22	0.00e+00	0.00e+00	0.00e+00	0.00e+00	1.53e-28	7.94e-25	1.97e-21	4.88e-18	3.14e-14	1.69e-11	3.69e-09	3.19e-07	1.60e-05	3.30e-04	3.51e-03	3.18e-02	4.49e-01	4.02e-01	1.14e-01
 1.24658e+22	0.00e+00	0.00e+00	0.00e+00	0.00e+00	2.19e-28	1.10e-24	2.62e-21	6.27e-18	4.01e-14	2.12e-11	4.52e-09	3.81e-07	1.86e-05	3.72e-04	3.82e-03	3.34e-02	4.57e-01	3.96e-01	1.09e-01
 1.27258e+22	0.00e+00	0.00e+00	0.00e+00	0.00e+00	3.51e-28	1.68e-24	3.81e-21	8.72e-18	5.48e-14	2.83e-11	5.87e-09	4.77e-07	2.26e-05	4.33e-04	4.26e-03	3.56e-02	4.68e-01	3.89e-01	1.03e-01
 1.30016e+22	0.00e+00	0.00e+00	0.00e+00	0.00e+00	5.84e-28	2.65e-24	5.72e-21	1.24e-17	7.64e-14	3.85e-11	7.73e-09	6.06e-07	2.77e-05	5.09e-04	4.78e-03	3.81e-02	4.79e-01	3.81e-01	9.65e-02
 1.32373e+22	0.00e+00	0.00e+00	0.00e+00	0.00e+00	8.86e-28	3.85e-24	7.97e-21	1.66e-17	1.01e-13	4.97e-11	9.73e-09	7.40e-07	3.27e-05	5.82e-04	5.25e-03	4.03e-02	4.88e-01	3.74e-01	9.14e-02
 1.34833e+22	0.00e+00	0.00e+00	0.00e+00	0.00e+00	1.34e-27	5.57e-24	1.10e-20	2.21e-17	1.33e-13	6.43e-11	1.22e-08	9.02e-07	3.87e-05	6.64e-04	5.77e-03	4.26e-02	4.97e-01	3.68e-01	8.65e-02
 1.38030e+22	0.00e+00	0.00e+00	0.00e+00	0.00e+00	2.28e-27	9.02e-24	1.69e-20	3.20e-17	1.90e-13	8.93e-11	1.64e-08	1.16e-06	4.80e-05	7.87e-04	6.50e-03	4.56e-02	5.08e-01	3.59e-01	8.06e-02
 1.41274e+22	0.00e+00	0.00e+00	0.00e+00	0.00e+00	3.98e-27	1.49e-23	2.64e-20	4.70e-17	2.73e-13	1.25e-10	2.22e-08	1.51e-06	5.98e-05	9.35e-04	7.34e-03	4.89e-02	5.19e-01	3.49e-01	7.48e-02
 1.43851e+22	0.00e+00	0.00e+00	0.00e+00	0.00e+00	6.04e-27	2.16e-23	3.67e-20	6.28e-17	3.60e-13	1.61e-10	2.79e-08	1.84e-06	7.07e-05	1.07e-03	8.05e-03	5.15e-02	5.27e-01	3.42e-01	7.06e-02
 1.46094e+22	0.00e+00	0.00e+00	0.00e+00	0.00e+00	8.58e-27	2.96e-23	4.86e-20	8.03e-17	4.56e-13	2.01e-10	3.39e-08	2.18e-06	8.14e-05	1.19e-03	8.70e-03	5.38e-02	5.34e-01	3.35e-01	6.72e-02
 1.48632e+22	0.00e+00	0.00e+00	0.00e+00	0.00e+00	1.27e-26	4.20e-23	6.61e-20	1.05e-16	5.92e-13	2.55e-10	4.21e-08	2.62e-06	9.51e-05	1.34e-03	9.47e-03	5.65e-02	5.41e-01	3.28e-01	6.35e-02
 1.51931e+22	0.00e+00	0.00e+00	0.00e+00	0.00e+00	2.09e-26	6.59e-23	9.85e-20	1.49e-16	8.26e-13	3.47e-10	5.55e-08	3.32e-06	1.16e-04	1.57e-03	1.06e-02	6.00e-02	5.50e-01	3.19e-01	5.91e-02
 1.55327e+22	0.00e+00	0.00e+00	0.00e+00	0.00e+00	3.54e-26	1.06e-22	1.50e-19	2.14e-16	1.17e-12	4.77e-10	7.37e-08	4.24e-06	1.42e-04	1.84e-03	1.18e-02	6.38e-02	5.58e-01	3.10e-01	5.48e-02
 1.58091e+22	0.00e+00	0.00e+00	0.00e+00	0.00e+00	5.32e-26	1.53e-22	2.07e-19	2.84e-16	1.53e-12	6.12e-10	9.21e-08	5.14e-06	1.67e-04	2.09e-03	1.29e-02	6.69e-02	5.65e-01	3.02e-01	5.15e-02
 1.60929e+22	0.00e+00	0.00e+00	0.00e+00	0.00e+00	7.91e-26	2.18e-22	2.84e-19	3.75e-16	2.00e-12	7.85e-10	1.15e-07	6.21e-06	1.96e-04	2.36e-03	1.40e-02	7.01e-02	5.71e-01	2.94e-01	4.85e-02
 1.64618e+22	0.00e+00	0.00e+00	0.00e+00	0.00e+00	1.33e-25	3.47e-22	4.28e-19	5.36e-16	2.82e-12	1.08e-09	1.53e-07	7.92e-06	2.40e-04	2.76e-03	1.56e-02	7.43e-02	5.78e-01	2.85e-01	4.48e-02
 1.68442e+22	0.00e+00	0.00e+00	0.00e+00	0.00e+00	2.29e-25	5.67e-22	6.62e-19	7.82e-16	4.03e-12	1.50e-09	2.05e-07	1.02e-05	2.96e-04	3.25e-03	1.75e-02	7.89e-02	5.85e-01	2.74e-01	4.12e-02
 1.71563e+22	0.00e+00	0.00e+00	0.00e+00	0.00e+00	3.51e-25	8.32e-22	9.28e-19	1.05e-15	5.35e-12	1.95e-09	2.58e-07	1.24e-05	3.49e-04	3.70e-03	1.91e-02	8.26e-02	5.89e-01	2.66e-01	3.85e-02
 1.74738e+22	0.00e+00	0.00e+00	0.00e+00	0.00e+00	5.25e-25	1.19e-21	1.28e-18	1.39e-15	7.03e-12	2.50e-09	3.23e-07	1.50e-05	4.09e-04	4.17e-03	2.07e-02	8.63e-02	5.94e-01	2.59e-01	3.60e-02
 1.78318e+22	0.00e+00	0.00e+00	0.00e+00	0.00e+00	8.51e-25	1.84e-21	1.87e-18	1.93e-15	9.66e-12	3.35e-09	4.19e-07	1.88e-05	4.93e-04	4.82e-03	2.28e-02	9.08e-02	5.98e-01	2.49e-01	3.33e-02
 1.81592e+22	0.00e+00	0.00e+00	0.00e+00	2.14e-28	1.31e-24	2.70e-21	2.63e-18	2.59e-15	1.28e-11	4.35e-09	5.29e-07	2.29e-05	5.81e-04	5.47e-03	2.49e-02	9.49e-02	6.02e-01	2.41e-01	3.10e-02
 1.84523e+22	0.00e+00	0.00e+00	0.00e+00	3.20e-28	1.88e-24	3.75e-21	3.51e-18	3.34e-15	1.64e-11	5.45e-09	6.46e-07	2.72e-05	6.69e-04	6.09e-03	2.68e-02	9.85e-02	6.04e-01	2.34e-01	2.91e-02
 1.87845e+22	0.00e+00	0.00e+00	0.00e+00	4.95e-28	2.80e-24	5.35e-21	4.80e-18	4.39e-15	2.13e-11	6.96e-09	8.02e-07	3.27e-05	7.79e-04	6.84e-03	2.89e-02	1.02e-01	6.07e-01	2.27e-01	2.72e-02
 1.92162e+22	0.00e+00	0.00e+00	0.00e+00	8.88e-28	4.75e-24	8.59e-21	7.28e-18	6.29e-15	3.03e-11	9.63e-09	1.07e-06	4.18e-05	9.55e-04	8.00e-03	3.21e-02	1.08e-01	6.09e-01	2.17e-01	2.48e-02
 1.96529e+22	0.00e+00	0.00e+00	0.00e+00	1.61e-27	8.16e-24	1.40e-20	1.12e-17	9.09e-15	4.31e-11	1.33e-08	1.43e-06	5.35e-05	1.17e-03	9.34e-03	3.56e-02	1.13e-01	6.10e-01	2.07e-01	2.26e-02
 1.99987e+22	0.00e+00	0.00e+00	0.00e+00	2.52e-27	1.22e-23	2.01e-20	1.54e-17	1.20e-14	5.64e-11	1.71e-08	1.78e-06	6.45e-05	1.37e-03	1.05e-02	3.85e-02	1.18e-01	6.11e-01	2.00e-01	2.10e-02
 2.03511e+22	0.00e+00	0.00e+00	0.00e+00	3.89e-27	1.81e-23	2.85e-20	2.09e-17	1.57e-14	7.35e-11	2.18e-08	2.21e-06	7.75e-05	1.59e-03	1.18e-02	4.16e-02	1.22e-01	6.11e-01	1.92e-01	1.95e-02
 2.08091e+22	0.00e+00	0.00e+00	0.00e+00	6.84e-27	3.03e-23	4.51e-20	3.13e-17	2.22e-14	1.03e-10	2.98e-08	2.92e-06	9.81e-05	1.93e-03	1.36e-02	4.57e-02	1.28e-01	6.10e-01	1.83e-01	1.77e-02
 2.12546e+22	0.00e+00	0.00e+00	0.00e+00	1.21e-26	5.08e-23	7.17e-20	4.71e-17	3.15e-14	1.44e-10	4.06e-08	3.84e-06	1.24e-04	2.33e-03	1.57e-02	5.03e-02	1.33e-01	6.08e-01	1.74e-01	1.60e-02
 2.15696e+22	0.00e+00	0.00e+00	0.00e+00	1.77e-26	7.16e-23	9.75e-20	6.17e-17	3.97e-14	1.81e-10	5.01e-08	4.63e-06	1.45e-04	2.65e-03	1.73e-02	5.36e-02	1.37e-01	6.06e-01	1.68e-01	1.50e-02
 2.18649e+22	0.00e+00	0.00e+00	0.00e+00	2.48e-26	9.72e-23	1.28e-19	7.82e-17	4.88e-14	2.23e-10	6.06e-08	5.48e-06	1.67e-04	2.98e-03	1.89e-02	5.67e-02	1.41e-01	6.04e-01	1.63e-01	1.41e-02
 2.22487e+22	0.00e+00	0.00e+00	0.00e+00	3.87e-26	1.45e-22	1.83e-19	1.07e-16	6.40e-14	2.90e-10	7.74e-08	6.80e-06	2.00e-04	3.46e-03	2.11e-02	6.09e-02	1.45e-01	6.00e-01	1.56e-01	1.30e-02
 2.26767e+22	0.00e+00	0.00e+00	0.00e+00	6.38e-26	2.29e-22	2.75e-19	1.53e-16	8.67e-14	3.90e-10	1.02e-07	8.66e-06	2.46e-04	4.08e-03	2.39e-02	6.59e-02	1.50e-01	5.96e-01	1.48e-01	1.18e-02
 2.30329e+22	0.00e+00	0.00e+00	0.00e+00	9.68e-26	3.33e-22	3.84e-19	2.05e-16	1.12e-13	4.98e-10	1.27e-07	1.06e-05	2.91e-04	4.68e-03	2.65e-02	7.04e-02	1.54e-01	5.91e-01	1.42e-01	1.10e-02
 2.33016e+22	0.00e+00	0.00e+00	0.00e+00	1.30e-25	4.35e-22	4.88e-19	2.53e-16	1.33e-13	5.94e-10	1.50e-07	1.22e-05	3.29e-04	5.17e-03	2.85e-02	7.37e-02	1.57e-01	5.87e-01	1.37e-01	1.03e-02
 2.35857e+22	0.00e+00	0.00e+00	0.00e+00	1.78e-25	5.77e-22	6.26e-19	3.14e-16	1.61e-13	7.16e-10	1.78e-07	1.42e-05	3.74e-04	5.74e-03	3.08e-02	7.74e-02	1.60e-01	5.83e-01	1.33e-01	9.71e-03
 2.39549e+22	0.00e+00	0.00e+00	0.00e+00	2.64e-25	8.24e-22	8.60e-19	4.14e-16	2.04e-13	9.05e-10	2.21e-07	1.72e-05	4.38e-04	6.53e-03	3.39e-02	8.22e-02	1.64e-01	5.77e-01	1.27e-01	8.98e-03
 2.43275e+22	0.00e+00	0.00e+00	0.00e+00	4.01e-25	1.20e-21	1.21e-18	5.57e-16	2.62e-13	1.15e-09	2.77e-07	2.10e-05	5.17e-04	7.48e-03	3.75e-02	8.74e-02	1.68e-01	5.70e-01	1.21e-01	8.26e-03
 2.46098e+22	0.00e+00	0.00e+00	0.00e+00	5.43e-25	1.58e-21	1.54e-18	6.89e-16	3.14e-13	1.38e-09	3.27e-07	2.43e-05	5.85e-04	8.25e-03	4.03e-02	9.14e-02	1.70e-01	5.65e-01	1.17e-01	7.76e-03
 2.48819e+22	0.00e+00	0.00e+00	1.52e-28	7.17e-25	2.03e-21	1.92e-18	8.35e-16	3.71e-13	1.63e-09	3.81e-07	2.78e-05	6.55e-04	9.04e-03	4.31e-02	9.52e-02	1.73e-01	5.59e-01	1.13e-01	7.31e-03
 2.52357e+22	0.00e+00	0.00e+00	2.27e-28	1.03e-24	2.82e-21	2.57e-18	1.07e-15	4.60e-13	2.01e-09	4.64e-07	3.30e-05	7.57e-04	1.02e-02	4.69e-02	1.00e-01	1.76e-01	5.52e-01	1.08e-01	6.76e-03
 2.56107e+22	0.00e+00	0.00e+00	3.50e-28	1.53e-24	4.04e-21	3.54e-18	1.42e-15	5.81e-13	2.53e-09	5.73e-07	3.98e-05	8.85e-04	1.15e-02	5.14e-02	1.06e-01	1.79e-01	5.43e-01	1.02e-01	6.21e-03
 2.59225e+22	0.00e+00	0.00e+00	4.98e-28	2.12e-24	5.40e-21	4.58e-18	1.78e-15	7.03e-13	3.05e-09	6.81e-07	4.63e-05	1.00e-03	1.28e-02	5.53e-02	1.11e-01	1.81e-01	5.35e-01	9.79e-02	5.78e-03
 2.62368e+22	0.00e+00	0.00e+00	6.97e-28	2.88e-24	7.11e-21	5.84e-18	2.19e-15	8.41e-13	3.65e-09	8.04e-07	5.36e-05	1.14e-03	1.41e-02	5.93e-02	1.15e-01	1.83e-01	5.27e-01	9.38e-02	5.39e-03
 2.65861e+22	0.00e+00	0.00e+00	1.03e-27	4.09e-24	9.77e-21	7.75e-18	2.80e-15	1.03e-12	4.47e-09	9.70e-07	6.32e-05	1.30e-03	1.57e-02	6.42e-02	1.21e-01	1.86e-01	5.18e-01	8.93e-02	4.97e-03
 2.68967e+22	0.00e+00	0.00e+00	1.45e-27	5.59e-24	1.29e-20	9.94e-18	3.48e-15	1.24e-12	5.34e-09	1.14e-06	7.30e-05	1.47e-03	1.73e-02	6.88e-02	1.26e-01	1.88e-01	5.09e-01	8.53e-02	4.62e-03
 2.71662e+22	0.00e+00	0.00e+00	1.93e-27	7.26e-24	1.64e-20	1.22e-17	4.16e-15	1.44e-12	6.21e-09	1.31e-06	8.25e-05	1.63e-03	1.87e-02	7.28e-02	1.30e-01	1.89e-01	5.02e-01	8.21e-02	4.34e-03
 2.74664e+22	0.00e+00	0.00e+00	2.63e-27	9.64e-24	2.11e-20	1.53e-17	5.05e-15	1.70e-12	7.32e-09	1.53e-06	9.42e-05	1.81e-03	2.04e-02	7.75e-02	1.34e-01	1.90e-01	4.93e-01	7.85e-02	4.05e-03
 2.78567e+22	0.00e+00	0.00e+00	3.93e-27	1.39e-23	2.93e-20	2.05e-17	6.49e-15	2.10e-12	9.01e-09	1.85e-06	1.12e-04	2.09e-03	2.28e-02	8.38e-02	1.40e-01	1.92e-01	4.81e-01	7.41e-02	3.69e-03
 2.82546e+22	0.00e+00	0.00e+00	6.02e-27	2.05e-23	4.17e-20	2.80e-17	8.50e-15	2.63e-12	1.12e-08	2.26e-06	1.33e-04	2.41e-03	2.56e-02	9.08e-02	1.47e-01	1.93e-01	4.68e-01	6.96e-02	3.35e-03
 2.85641e+22	0.00e+00	0.00e+00	8.30e-27	2.75e-23	5.42e-20	3.53e-17	1.04e-14	3.11e-12	1.32e-08	2.64e-06	1.52e-04	2.69e-03	2.79e-02	9.65e-02	1.52e-01	1.94e-01	4.58e-01	6.63e-02	3.11e-03
 2.88684e+22	0.00e+00	0.00e+00	1.12e-26	3.60e-23	6.90e-20	4.36e-17	1.25e-14	3.63e-12	1.54e-08	3.04e-06	1.72e-04	2.98e-03	3.02e-02	1.02e-01	1.56e-01	1.94e-01	4.48e-01	6.32e-02	2.89e-03
 2.92639e+22	0.00e+00	0.00e+00	1.65e-26	5.14e-23	9.50e-20	5.78e-17	1.59e-14	4.45e-12	1.88e-08	3.65e-06	2.02e-04	3.40e-03	3.35e-02	1.09e-01	1.62e-01	1.94e-01	4.35e-01	5.93e-02	2.62e-03
 2.96595e+22	0.00e+00	0.00e+00	2.48e-26	7.44e-23	1.33e-19	7.77e-17	2.05e-14	5.49e-12	2.29e-08	4.40e-06	2.37e-04	3.89e-03	3.72e-02	1.18e-01	1.68e-01	1.94e-01	4.21e-01	5.55e-02	2.37e-03
 2.99578e+22	0.00e+00	0.00e+00	3.34e-26	9.73e-23	1.69e-19	9.61e-17	2.46e-14	6.40e-12	2.66e-08	5.04e-06	2.67e-04	4.28e-03	4.01e-02	1.24e-01	1.72e-01	1.94e-01	4.10e-01	5.27e-02	2.19e-03
 3.02483e+22	0.00e+00	0.00e+00	4.38e-26	1.25e-22	2.10e-19	1.17e-16	2.90e-14	7.35e-12	3.05e-08	5.72e-06	2.98e-04	4.69e-03	4.30e-02	1.30e-01	1.76e-01	1.94e-01	4.00e-01	5.02e-02	2.04e-03
 3.06260e+22	0.00e+00	0.00e+00	6.26e-26	1.72e-22	2.82e-19	1.51e-16	3.61e-14	8.84e-12	3.64e-08	6.73e-06	3.43e-04	5.26e-03	4.70e-02	1.38e-01	1.81e-01	1.93e-01	3.87e-01	4.70e-02	1.85e-03
 3.10245e+22	0.00e+00	0.00e+00	9.23e-26	2.45e-22	3.87e-19	2.00e-16	4.59e-14	1.08e-11	4.39e-08	8.00e-06	3.99e-04	5.95e-03	5.16e-02	1.46e-01	1.86e-01	1.91e-01	3.73e-01	4.38e-02	1.67e-03
 3.13552e+22	0.00e+00	0.00e+00	1.27e-25	3.29e-22	5.02e-19	2.51e-16	5.59e-14	1.27e-11	5.12e-08	9.24e-06	4.52e-04	6.58e-03	5.58e-02	1.54e-01	1.90e-01	1.90e-01	3.60e-01	4.11e-02	1.52e-03
 3.16441e+22	0.00e+00	0.00e+00	1.65e-25	4.15e-22	6.20e-19	3.02e-16	6.55e-14	1.45e-11	5.81e-08	1.04e-05	4.99e-04	7.13e-03	5.93e-02	1.60e-01	1.94e-01	1.89e-01	3.50e-01	3.91e-02	1.42e-03
 3.19737e+22	0.00e+00	0.00e+00	2.21e-25	5.43e-22	7.88e-19	3.74e-16	7.84e-14	1.68e-11	6.70e-08	1.18e-05	5.59e-04	7.82e-03	6.36e-02	1.67e-01	1.97e-01	1.87e-01	3.39e-01	3.68e-02	1.30e-03
 3.24022e+22	0.00e+00	0.00e+00	3.24e-25	7.67e-22	1.07e-18	4.91e-16	9.90e-14	2.04e-11	8.03e-08	1.40e-05	6.45e-04	8.77e-03	6.93e-02	1.77e-01	2.01e-01	1.84e-01	3.24e-01	3.40e-02	1.16e-03
 3.28468e+22	0.00e+00	0.00e+00	4.87e-25	1.11e-21	1.50e-18	6.59e-16	1.27e-13	2.51e-11	9.70e-08	1.66e-05	7.49e-04	9.90e-03	7.59e-02	1.87e-01	2.05e-01	1.81e-01	3.08e-01	3.11e-02	1.03e-03
 3.32029e+22	0.00e+00	0.00e+00	6.75e-25	1.50e-21	1.96e-18	8.32e-16	1.55e-13	2.96e-11	1.13e-07	1.91e-05	8.44e-04	1.09e-02	8.15e-02	1.96e-01	2.08e-01	1.78e-01	2.95e-01	2.90e-02	9.26e-04
 3.35562e+22	0.00e+00	0.00e+00	8.99e-25	1.94e-21	2.47e-18	1.02e-15	1.85e-13	3.42e-11	1.29e-07	2.16e-05	9.37e-04	1.18e-02	8.67e-02	2.03e-01	2.11e-01	1.76e-01	2.83e-01	2.71e-02	8.44e-04
 3.40155e+22	0.00e+00	0.00e+00	1.32e-24	2.75e-21	3.38e-18	1.34e-15	2.34e-13	4.15e-11	1.54e-07	2.54e-05	1.08e-03	1.32e-02	9.39e-02	2.13e-01	2.13e-01	1.72e-01	2.68e-01	2.48e-02	7.45e-04
 3.44964e+22	0.00e+00	0.00e+00	2.00e-24	4.01e-21	4.74e-18	1.81e-15	3.02e-13	5.12e-11	1.86e-07	3.01e-05	1.24e-03	1.48e-02	1.02e-01	2.24e-01	2.16e-01	1.67e-01	2.52e-01	2.24e-02	6.50e-04
 3.48889e+22	0.00e+00	0.00e+00	2.80e-24	5.46e-21	6.25e-18	2.31e-15	3.71e-13	6.06e-11	2.16e-07	3.45e-05	1.40e-03	1.63e-02	1.09e-01	2.32e-01	2.17e-01	1.63e-01	2.39e-01	2.06e-02	5.79e-04
 3.52156e+22	0.00e+00	0.00e+00	3.61e-24	6.87e-21	7.68e-18	2.77e-15	4.34e-13	6.90e-11	2.42e-07	3.83e-05	1.52e-03	1.74e-02	1.14e-01	2.39e-01	2.18e-01	1.60e-01	2.30e-01	1.93e-02	5.30e-04
 3.55727e+22	0.00e+00	0.00e+00	4.76e-24	8.84e-21	9.63e-18	3.38e-15	5.13e-13	7.93e-11	2.74e-07	4.29e-05	1.68e-03	1.88e-02	1.21e-01	2.46e-01	2.19e-01	1.56e-01	2.19e-01	1.80e-02	4.80e-04
 3.60370e+22	0.00e+00	0.00e+00	6.79e-24	1.22e-20	1.29e-17	4.37e-15	6.38e-13	9.50e-11	3.21e-07	4.94e-05	1.89e-03	2.06e-02	1.29e-01	2.54e-01	2.20e-01	1.52e-01	2.06e-01	1.63e-02	4.22e-04
 3.65327e+22	0.00e+00	0.00e+00	1.00e-23	1.74e-20	1.77e-17	5.79e-15	8.12e-13	1.16e-10	3.80e-07	5.75e-05	2.14e-03	2.27e-02	1.38e-01	2.63e-01	2.20e-01	1.46e-01	1.93e-01	1.47e-02	3.67e-04
 3.69557e+22	0.00e+00	0.00e+00	1.39e-23	2.34e-20	2.31e-17	7.31e-15	9.91e-13	1.36e-10	4.37e-07	6.52e-05	2.38e-03	2.46e-02	1.46e-01	2.71e-01	2.19e-01	1.42e-01	1.81e-01	1.34e-02	3.25e-04
 3.73921e+22	0.00e+00	0.00e+00	1.88e-23	3.09e-20	2.97e-17	9.12e-15	1.20e-12	1.59e-10	5.00e-07	7.36e-05	2.63e-03	2.66e-02	1.54e-01	2.78e-01	2.18e-01	1.37e-01	1.71e-01	1.23e-02	2.88e-04
 3.79595e+22	0.00e+00	0.00e+00	2.80e-23	4.44e-20	4.11e-17	1.22e-14	1.53e-12	1.95e-10	5.93e-07	8.58e-05	2.98e-03	2.93e-02	1.64e-01	2.86e-01	2.17e-01	1.31e-01	1.58e-01	1.09e-02	2.47e-04
 3.85253e+22	0.00e+00	0.00e+00	4.24e-23	6.48e-20	5.79e-17	1.64e-14	1.98e-12	2.41e-10	7.05e-07	1.00e-04	3.38e-03	3.23e-02	1.75e-01	2.94e-01	2.15e-01	1.25e-01	1.46e-01	9.66e-03	2.10e-04
 3.89483e+22	0.00e+00	0.00e+00	5.73e-23	8.53e-20	7.40e-17	2.04e-14	2.38e-12	2.80e-10	8.01e-07	1.12e-04	3.71e-03	3.46e-02	1.83e-01	3.00e-01	2.13e-01	1.21e-01	1.37e-01	8.80e-03	1.85e-04
 3.93571e+22	0.00e+00	0.00e+00	7.37e-23	1.07e-19	9.10e-17	2.45e-14	2.78e-12	3.19e-10	8.95e-07	1.23e-04	4.01e-03	3.67e-02	1.90e-01	3.04e-01	2.11e-01	1.17e-01	1.29e-01	8.12e-03	1.67e-04
 3.98885e+22	0.00e+00	0.00e+00	1.03e-22	1.46e-19	1.20e-16	3.13e-14	3.42e-12	3.79e-10	1.03e-06	1.40e-04	4.44e-03	3.96e-02	1.99e-01	3.10e-01	2.08e-01	1.11e-01	1.20e-01	7.28e-03	1.45e-04
 4.04720e+22	0.00e+00	0.00e+00	1.51e-22	2.06e-19	1.64e-16	4.12e-14	4.33e-12	4.60e-10	1.21e-06	1.60e-04	4.96e-03	4.29e-02	2.10e-01	3.16e-01	2.04e-01	1.06e-01	1.10e-01	6.44e-03	1.23e-04
 4.09885e+22	0.00e+00	0.00e+00	2.08e-22	2.77e-19	2.15e-16	5.23e-14	5.31e-12	5.44e-10	1.38e-06	1.80e-04	5.45e-03	4.60e-02	2.19e-01	3.20e-01	2.01e-01	1.01e-01	1.02e-01	5.78e-03	1.07e-04
 4.14500e+22	0.00e+00	0.00e+00	2.76e-22	3.58e-19	2.70e-16	6.41e-14	6.32e-12	6.28e-10	1.56e-06	1.99e-04	5.91e-03	4.89e-02	2.27e-01	3.23e-01	1.97e-01	9.66e-02	9.55e-02	5.25e-03	9.45e-05
 4.19747e+22	0.00e+00	2.18e-28	3.68e-22	4.67e-19	3.43e-16	7.92e-14	7.57e-12	7.30e-10	1.76e-06	2.22e-04	6.43e-03	5.19e-02	2.35e-01	3.26e-01	1.94e-01	9.23e-02	8.90e-02	4.74e-03	8.29e-05
 4.26570e+22	0.00e+00	3.27e-28	5.38e-22	6.61e-19	4.70e-16	1.05e-13	9.59e-12	8.89e-10	2.06e-06	2.54e-04	7.15e-03	5.61e-02	2.46e-01	3.30e-01	1.89e-01	8.68e-02	8.09e-02	4.15e-03	6.98e-05
 4.33662e+22	0.00e+00	5.05e-28	8.08e-22	9.59e-19	6.59e-16	1.41e-13	1.24e-11	1.10e-09	2.44e-06	2.92e-04	7.99e-03	6.07e-02	2.58e-01	3.33e-01	1.83e-01	8.11e-02	7.30e-02	3.59e-03	5.80e-05
 4.39375e+22	0.00e+00	7.10e-28	1.11e-21	1.28e-18	8.57e-16	1.78e-13	1.52e-11	1.30e-09	2.78e-06	3.27e-04	8.71e-03	6.46e-02	2.67e-01	3.34e-01	1.78e-01	7.67e-02	6.71e-02	3.19e-03	4.99e-05
 4.45070e+22	0.00e+00	9.53e-28	1.46e-21	1.65e-18	1.07e-15	2.18e-13	1.80e-11	1.50e-09	3.13e-06	3.61e-04	9.40e-03	6.82e-02	2.74e-01	3.35e-01	1.74e-01	7.30e-02	6.23e-02	2.88e-03	4.37e-05
 4.52475e+22	0.00e+00	1.41e-27	2.10e-21	2.30e-18	1.45e-15	2.85e-13	2.26e-11	1.81e-09	3.65e-06	4.10e-04	1.04e-02	7.30e-02	2.85e-01	3.36e-01	1.68e-01	6.82e-02	5.64e-02	2.51e-03	3.66e-05
 4.60221e+22	0.00e+00	2.15e-27	3.11e-21	3.30e-18	2.02e-15	3.81e-13	2.91e-11	2.22e-09	4.28e-06	4.68e-04	1.15e-02	7.84e-02	2.95e-01	3.36e-01	1.62e-01	6.34e-02	5.06e-02	2.16e-03	3.03e-05
 4.66326e+22	0.00e+00	2.97e-27	4.21e-21	4.36e-18	2.60e-15	4.77e-13	3.52e-11	2.61e-09	4.86e-06	5.19e-04	1.24e-02	8.28e-02	3.04e-01	3.35e-01	1.57e-01	5.97e-02	4.64e-02	1.92e-03	2.60e-05
 4.71318e+22	0.00e+00	3.78e-27	5.27e-21	5.35e-18	3.12e-15	5.62e-13	4.05e-11	2.93e-09	5.34e-06	5.61e-04	1.32e-02	8.61e-02	3.10e-01	3.35e-01	1.53e-01	5.70e-02	4.35e-02	1.75e-03	2.32e-05
 4.76949e+22	0.00e+00	4.92e-27	6.72e-21	6.69e-18	3.82e-15	6.72e-13	4.73e-11	3.34e-09	5.93e-06	6.11e-04	1.41e-02	8.99e-02	3.16e-01	3.34e-01	1.49e-01	5.42e-02	4.05e-02	1.59e-03	2.05e-05
 4.84269e+22	0.00e+00	6.89e-27	9.18e-21	8.91e-18	4.95e-15	8.46e-13	5.76e-11	3.94e-09	6.75e-06	6.79e-04	1.52e-02	9.49e-02	3.25e-01	3.32e-01	1.44e-01	5.08e-02	3.69e-02	1.40e-03	1.75e-05
 4.92349e+22	0.00e+00	1.01e-26	1.31e-20	1.23e-17	6.66e-15	1.10e-12	7.23e-11	4.75e-09	7.81e-06	7.64e-04	1.66e-02	1.01e-01	3.33e-01	3.29e-01	1.38e-01	4.71e-02	3.32e-02	1.21e-03	1.46e-05
 4.99560e+22	0.00e+00	1.41e-26	1.79e-20	1.64e-17	8.64e-15	1.39e-12	8.82e-11	5.60e-09	8.89e-06	8.48e-04	1.80e-02	1.06e-01	3.41e-01	3.27e-01	1.32e-01	4.40e-02	3.01e-02	1.06e-03	1.24e-05
 5.05997e+22	0.00e+00	1.85e-26	2.30e-20	2.07e-17	1.07e-14	1.67e-12	1.04e-10	6.40e-09	9.90e-06	9.24e-04	1.91e-02	1.10e-01	3.47e-01	3.24e-01	1.28e-01	4.15e-02	2.78e-02	9.56e-04	1.08e-05
 5.13281e+22	0.00e+00	2.50e-26	3.02e-20	2.67e-17	1.34e-14	2.05e-12	1.23e-10	7.41e-09	1.11e-05	1.01e-03	2.05e-02	1.15e-01	3.54e-01	3.21e-01	1.23e-01	3.90e-02	2.55e-02	8.49e-04	9.31e-06
 5.22751e+22	0.00e+00	3.65e-26	4.30e-20	3.68e-17	1.80e-14	2.66e-12	1.54e-10	8.94e-09	1.29e-05	1.14e-03	2.23e-02	1.22e-01	3.62e-01	3.17e-01	1.17e-01	3.59e-02	2.27e-02	7.29e-04	7.69e-06
 5.32817e+22	0.00e+00	5.55e-26	6.33e-20	5.26e-17	2.49e-14	3.56e-12	1.98e-10	1.10e-08	1.51e-05	1.29e-03	2.45e-02	1.29e-01	3.70e-01	3.11e-01	1.11e-01	3.27e-02	2.01e-02	6.16e-04	6.24e-06
 5.41207e+22	0.00e+00	7.76e-26	8.62e-20	6.99e-17	3.22e-14	4.48e-12	2.41e-10	1.30e-08	1.72e-05	1.43e-03	2.63e-02	1.35e-01	3.76e-01	3.07e-01	1.06e-01	3.04e-02	1.81e-02	5.37e-04	5.25e-06
 5.48223e+22	0.00e+00	1.01e-25	1.10e-19	8.74e-17	3.94e-14	5.36e-12	2.82e-10	1.47e-08	1.90e-05	1.55e-03	2.79e-02	1.40e-01	3.80e-01	3.03e-01	1.02e-01	2.86e-02	1.67e-02	4.81e-04	4.58e-06
 5.55905e+22	0.00e+00	1.32e-25	1.41e-19	1.10e-16	4.85e-14	6.44e-12	3.30e-10	1.68e-08	2.12e-05	1.68e-03	2.96e-02	1.45e-01	3.85e-01	2.98e-01	9.76e-02	2.68e-02	1.53e-02	4.29e-04	3.97e-06
 5.65891e+22	0.00e+00	1.88e-25	1.94e-19	1.48e-16	6.35e-14	8.19e-12	4.05e-10	2.00e-08	2.42e-05	1.87e-03	3.19e-02	1.52e-01	3.91e-01	2.92e-01	9.24e-02	2.46e-02	1.37e-02	3.70e-04	3.30e-06
 5.76419e+22	0.00e+00	2.76e-25	2.77e-19	2.05e-16	8.56e-14	1.07e-11	5.11e-10	2.42e-08	2.80e-05	2.09e-03	3.45e-02	1.60e-01	3.96e-01	2.86e-01	8.71e-02	2.25e-02	1.21e-02	3.14e-04	2.70e-06
 5.84834e+22	0.00e+00	3.71e-25	3.64e-19	2.63e-16	1.08e-13	1.31e-11	6.08e-10	2.80e-08	3.14e-05	2.28e-03	3.67e-02	1.66e-01	4.00e-01	2.80e-01	8.30e-02	2.09e-02	1.10e-02	2.77e-04	2.30e-06
 5.92957e+22	0.00e+00	4.77e-25	4.58e-19	3.26e-16	1.30e-13	1.56e-11	7.04e-10	3.17e-08	3.47e-05	2.47e-03	3.87e-02	1.71e-01	4.03e-01	2.75e-01	7.95e-02	1.96e-02	1.01e-02	2.47e-04	2.00e-06
 6.03516e+22	0.00e+00	6.63e-25	6.20e-19	4.30e-16	1.68e-13	1.95e-11	8.54e-10	3.73e-08	3.94e-05	2.72e-03	4.14e-02	1.78e-01	4.07e-01	2.69e-01	7.51e-02	1.80e-02	9.01e-03	2.14e-04	1.67e-06
 6.14968e+22	0.00e+00	9.61e-25	8.72e-19	5.90e-16	2.24e-13	2.52e-11	1.07e-09	4.48e-08	4.53e-05	3.02e-03	4.46e-02	1.85e-01	4.10e-01	2.62e-01	7.05e-02	1.64e-02	7.96e-03	1.81e-04	1.36e-06
 6.24662e+22	0.00e+00	1.30e-24	1.15e-18	7.63e-16	2.83e-13	3.11e-11	1.28e-09	5.21e-08	5.08e-05	3.30e-03	4.73e-02	1.92e-01	4.13e-01	2.55e-01	6.67e-02	1.51e-02	7.17e-03	1.58e-04	1.15e-06
 6.33041e+22	0.00e+00	1.66e-24	1.44e-18	9.35e-16	3.41e-13	3.66e-11	1.47e-09	5.86e-08	5.58e-05	3.54e-03	4.97e-02	1.97e-01	4.15e-01	2.50e-01	6.38e-02	1.42e-02	6.59e-03	1.42e-04	1.01e-06
 6.42625e+22	0.00e+00	2.18e-24	1.84e-18	1.17e-15	4.19e-13	4.40e-11	1.72e-09	6.69e-08	6.20e-05	3.84e-03	5.24e-02	2.03e-01	4.16e-01	2.44e-01	6.06e-02	1.31e-02	5.98e-03	1.25e-04	8.61e-07
 6.55085e+22	0.00e+00	3.04e-24	2.50e-18	1.56e-15	5.42e-13	5.53e-11	2.10e-09	7.89e-08	7.05e-05	4.22e-03	5.60e-02	2.11e-01	4.18e-01	2.37e-01	5.69e-02	1.20e-02	5.31e-03	1.07e-04	7.12e-07
 6.67759e+22	0.00e+00	4.40e-24	3.51e-18	2.13e-15	7.22e-13	7.15e-11	2.62e-09	9.47e-08	8.08e-05	4.68e-03	5.99e-02	2.18e-01	4.19e-01	2.29e-01	5.30e-02	1.08e-02	4.66e-03	9.03e-05	5.78e-07
 6.77098e+22	0.00e+00	5.68e-24	4.43e-18	2.64e-15	8.78e-13	8.51e-11	3.04e-09	1.07e-07	8.90e-05	5.03e-03	6.29e-02	2.24e-01	4.20e-01	2.23e-01	5.04e-02	1.01e-02	4.26e-03	8.02e-05	5.00e-07
 6.85626e+22	0.00e+00	7.02e-24	5.37e-18	3.15e-15	1.03e-12	9.81e-11	3.43e-09	1.19e-07	9.68e-05	5.35e-03	6.55e-02	2.29e-01	4.20e-01	2.18e-01	4.82e-02	9.47e-03	3.93e-03	7.22e-05	4.39e-07
 6.96712e+22	0.00e+00	9.20e-24	6.88e-18	3.96e-15	1.27e-12	1.18e-10	4.01e-09	1.36e-07	1.07e-04	5.77e-03	6.89e-02	2.35e-01	4.20e-01	2.12e-01	4.56e-02	8.76e-03	3.56e-03	6.35e-05	3.75e-07
 7.11125e+22	0.00e+00	1.29e-23	9.33e-18	5.24e-15	1.63e-12	1.48e-10	4.87e-09	1.60e-07	1.22e-04	6.34e-03	7.33e-02	2.42e-01	4.19e-01	2.05e-01	4.25e-02	7.95e-03	3.15e-03	5.42e-05	3.09e-07
 7.25994e+22	0.00e+00	1.88e-23	1.32e-17	7.23e-15	2.19e-12	1.92e-10	6.12e-09	1.93e-07	1.40e-04	7.03e-03	7.84e-02	2.51e-01	4.18e-01	1.97e-01	3.92e-02	7.11e-03	2.73e-03	4.51e-05	2.47e-07
 7.37128e+22	0.00e+00	2.45e-23	1.68e-17	9.04e-15	2.69e-12	2.30e-10	7.15e-09	2.19e-07	1.54e-04	7.56e-03	8.22e-02	2.57e-01	4.17e-01	1.91e-01	3.70e-02	6.57e-03	2.47e-03	3.97e-05	2.11e-07
 7.47273e+22	0.00e+00	3.04e-23	2.05e-17	1.08e-14	3.16e-12	2.66e-10	8.08e-09	2.43e-07	1.68e-04	8.04e-03	8.55e-02	2.61e-01	4.16e-01	1.86e-01	3.52e-02	6.14e-03	2.27e-03	3.55e-05	1.84e-07
 7.60462e+22	0.00e+00	4.04e-23	2.65e-17	1.37e-14	3.93e-12	3.22e-10	9.53e-09	2.79e-07	1.87e-04	8.69e-03	8.99e-02	2.68e-01	4.14e-01	1.79e-01	3.30e-02	5.62e-03	2.03e-03	3.09e-05	1.55e-07
 7.74530e+22	0.00e+00	5.52e-23	3.52e-17	1.79e-14	4.99e-12	3.99e-10	1.15e-08	3.25e-07	2.09e-04	9.44e-03	9.47e-02	2.74e-01	4.11e-01	1.72e-01	3.08e-02	5.11e-03	1.80e-03	2.65e-05	1.29e-07
 7.86140e+22	0.00e+00	7.10e-23	4.43e-17	2.21e-14	6.05e-12	4.74e-10	1.33e-08	3.68e-07	2.30e-04	1.01e-02	9.89e-02	2.80e-01	4.09e-01	1.67e-01	2.90e-02	4.72e-03	1.63e-03	2.33e-05	0.00e+00
 7.97630e+22	0.00e+00	8.77e-23	5.36e-17	2.63e-14	7.08e-12	5.44e-10	1.49e-08	4.06e-07	2.49e-04	1.07e-02	1.03e-01	2.84e-01	4.06e-01	1.62e-01	2.76e-02	4.42e-03	1.50e-03	2.10e-05	0.00e+00
 8.12568e+22	0.00e+00	1.17e-22	6.96e-17	3.34e-14	8.82e-12	6.61e-10	1.76e-08	4.67e-07	2.77e-04	1.16e-02	1.08e-01	2.90e-01	4.03e-01	1.56e-01	2.58e-02	4.03e-03	1.34e-03	1.81e-05	0.00e+00
 8.28629e+22	0.00e+00	1.60e-22	9.26e-17	4.35e-14	1.12e-11	8.19e-10	2.12e-08	5.43e-07	3.10e-04	1.25e-02	1.13e-01	2.96e-01	3.99e-01	1.50e-01	2.39e-02	3.65e-03	1.18e-03	1.55e-05	0.00e+00
 8.42262e+22	0.00e+00	2.07e-22	1.17e-16	5.39e-14	1.36e-11	9.73e-10	2.46e-08	6.14e-07	3.40e-04	1.34e-02	1.18e-01	3.01e-01	3.96e-01	1.44e-01	2.25e-02	3.35e-03	1.07e-03	1.36e-05	0.00e+00
