#depth	Si	Si+	Si+2	Si+3	Si+4	Si+5	Si+6	Si+7	Si+8	Si+9	Si+10	Si+11	Si+12	Si+13	Si+14
 6.17135e+19	0.00e+00	0.00e+00	0.00e+00	0.00e+00	0.00e+00	0.00e+00	1.33e-28	6.25e-24	1.02e-19	7.39e-16	3.56e-12	1.08e-08	6.69e-05	1.54e-02	9.85e-01
 1.87609e+20	0.00e+00	0.00e+00	0.00e+00	0.00e+00	0.00e+00	0.00e+00	2.57e-28	1.11e-23	1.68e-19	1.12e-15	4.93e-12	1.38e-08	7.86e-05	1.67e-02	9.83e-01
 3.18540e+20	0.00e+00	0.00e+00	0.00e+00	0.00e+00	0.00e+00	0.00e+00	4.95e-28	1.97e-23	2.74e-19	1.68e-15	6.83e-12	1.76e-08	9.23e-05	1.81e-02	9.82e-01
 4.54709e+20	0.00e+00	0.00e+00	0.00e+00	0.00e+00	0.00e+00	0.00e+00	9.55e-28	3.49e-23	4.48e-19	2.53e-15	9.46e-12	2.25e-08	1.09e-04	1.96e-02	9.80e-01
 5.74414e+20	0.00e+00	0.00e+00	0.00e+00	0.00e+00	0.00e+00	0.00e+00	1.67e-27	5.71e-23	6.83e-19	3.59e-15	1.25e-11	2.77e-08	1.25e-04	2.10e-02	9.79e-01
 6.66527e+20	0.00e+00	0.00e+00	0.00e+00	0.00e+00	0.00e+00	0.00e+00	2.55e-27	8.25e-23	9.35e-19	4.66e-15	1.54e-11	3.23e-08	1.38e-04	2.21e-02	9.78e-01
 7.48597e+20	0.00e+00	0.00e+00	0.00e+00	0.00e+00	0.00e+00	0.00e+00	3.68e-27	1.14e-22	1.23e-18	5.86e-15	1.85e-11	3.70e-08	1.51e-04	2.31e-02	9.77e-01
 8.41158e+20	0.00e+00	0.00e+00	0.00e+00	0.00e+00	0.00e+00	0.00e+00	5.52e-27	1.62e-22	1.67e-18	7.54e-15	2.26e-11	4.30e-08	1.67e-04	2.43e-02	9.76e-01
 9.61488e+20	0.00e+00	0.00e+00	0.00e+00	0.00e+00	0.00e+00	0.00e+00	9.24e-27	2.54e-22	2.45e-18	1.04e-14	2.92e-11	5.21e-08	1.90e-04	2.58e-02	9.74e-01
 1.08323e+21	0.00e+00	0.00e+00	0.00e+00	0.00e+00	0.00e+00	0.00e+00	1.54e-26	3.98e-22	3.60e-18	1.43e-14	3.76e-11	6.29e-08	2.15e-04	2.75e-02	9.72e-01
 1.18014e+21	0.00e+00	0.00e+00	0.00e+00	0.00e+00	0.00e+00	0.00e+00	2.29e-26	5.63e-22	4.84e-18	1.83e-14	4.58e-11	7.29e-08	2.37e-04	2.88e-02	9.71e-01
 1.27944e+21	0.00e+00	0.00e+00	0.00e+00	0.00e+00	0.00e+00	0.00e+00	3.42e-26	7.97e-22	6.53e-18	2.35e-14	5.57e-11	8.44e-08	2.62e-04	3.03e-02	9.69e-01
 1.40853e+21	0.00e+00	0.00e+00	0.00e+00	0.00e+00	0.00e+00	0.00e+00	5.68e-26	1.24e-21	9.55e-18	3.23e-14	7.16e-11	1.02e-07	2.96e-04	3.22e-02	9.68e-01
 1.53988e+21	0.00e+00	0.00e+00	0.00e+00	0.00e+00	0.00e+00	0.00e+00	9.39e-26	1.93e-21	1.39e-17	4.42e-14	9.19e-11	1.23e-07	3.35e-04	3.42e-02	9.65e-01
 1.64606e+21	0.00e+00	0.00e+00	0.00e+00	0.00e+00	0.00e+00	0.00e+00	1.41e-25	2.76e-21	1.89e-17	5.70e-14	1.12e-10	1.43e-07	3.70e-04	3.59e-02	9.64e-01
 1.74146e+21	0.00e+00	0.00e+00	0.00e+00	0.00e+00	0.00e+00	0.00e+00	2.02e-25	3.77e-21	2.47e-17	7.13e-14	1.34e-10	1.63e-07	4.04e-04	3.75e-02	9.62e-01
 1.85095e+21	0.00e+00	0.00e+00	0.00e+00	0.00e+00	0.00e+00	0.00e+00	2.99e-25	5.31e-21	3.31e-17	9.09e-14	1.63e-10	1.88e-07	4.45e-04	3.93e-02	9.60e-01
 1.96708e+21	0.00e+00	0.00e+00	0.00e+00	0.00e+00	0.00e+00	0.00e+00	4.56e-25	7.67e-21	4.54e-17	1.18e-13	2.01e-10	2.19e-07	4.92e-04	4.13e-02	9.58e-01
 2.06534e+21	0.00e+00	0.00e+00	0.00e+00	0.00e+00	0.00e+00	1.12e-29	6.45e-25	1.04e-20	5.89e-17	1.47e-13	2.38e-10	2.49e-07	5.36e-04	4.30e-02	9.56e-01
 2.16655e+21	0.00e+00	0.00e+00	0.00e+00	0.00e+00	0.00e+00	1.67e-29	9.17e-25	1.41e-20	7.67e-17	1.83e-13	2.83e-10	2.84e-07	5.84e-04	4.48e-02	9.55e-01
 2.29814e+21	0.00e+00	0.00e+00	0.00e+00	0.00e+00	0.00e+00	2.77e-29	1.44e-24	2.09e-20	1.07e-16	2.42e-13	3.54e-10	3.35e-07	6.51e-04	4.73e-02	9.52e-01
 2.43017e+21	0.00e+00	0.00e+00	0.00e+00	0.00e+00	0.00e+00	4.58e-29	2.25e-24	3.10e-20	1.50e-16	3.20e-13	4.41e-10	3.95e-07	7.25e-04	4.98e-02	9.49e-01
 2.53115e+21	0.00e+00	0.00e+00	0.00e+00	0.00e+00	0.00e+00	6.69e-29	3.15e-24	4.15e-20	1.93e-16	3.95e-13	5.20e-10	4.46e-07	7.87e-04	5.18e-02	9.47e-01
 2.63080e+21	0.00e+00	0.00e+00	0.00e+00	0.00e+00	0.00e+00	9.64e-29	4.35e-24	5.51e-20	2.46e-16	4.83e-13	6.11e-10	5.03e-07	8.51e-04	5.39e-02	9.45e-01
 2.76034e+21	0.00e+00	0.00e+00	0.00e+00	0.00e+00	0.00e+00	1.54e-28	6.60e-24	7.93e-20	3.37e-16	6.26e-13	7.50e-10	5.86e-07	9.42e-04	5.66e-02	9.42e-01
 2.89467e+21	0.00e+00	0.00e+00	0.00e+00	0.00e+00	0.00e+00	2.50e-28	1.01e-23	1.15e-19	4.64e-16	8.19e-13	9.27e-10	6.86e-07	1.04e-03	5.95e-02	9.40e-01
 3.00342e+21	0.00e+00	0.00e+00	0.00e+00	0.00e+00	0.00e+00	3.67e-28	1.42e-23	1.55e-19	5.99e-16	1.01e-12	1.10e-09	7.77e-07	1.13e-03	6.18e-02	9.37e-01
 3.09281e+21	0.00e+00	0.00e+00	0.00e+00	0.00e+00	0.00e+00	5.06e-28	1.89e-23	1.99e-19	7.41e-16	1.21e-12	1.26e-09	8.62e-07	1.21e-03	6.39e-02	9.35e-01
 3.18883e+21	0.00e+00	0.00e+00	0.00e+00	0.00e+00	0.00e+00	6.98e-28	2.52e-23	2.55e-19	9.18e-16	1.45e-12	1.45e-09	9.58e-07	1.30e-03	6.61e-02	9.33e-01
 3.31367e+21	0.00e+00	0.00e+00	0.00e+00	0.00e+00	0.00e+00	1.07e-27	3.66e-23	3.54e-19	1.22e-15	1.83e-12	1.75e-09	1.10e-06	1.42e-03	6.90e-02	9.30e-01
 3.44074e+21	0.00e+00	0.00e+00	0.00e+00	0.00e+00	0.00e+00	1.64e-27	5.36e-23	4.94e-19	1.62e-15	2.32e-12	2.11e-09	1.26e-06	1.56e-03	7.21e-02	9.26e-01
 3.54228e+21	0.00e+00	0.00e+00	0.00e+00	0.00e+00	0.00e+00	2.29e-27	7.22e-23	6.41e-19	2.02e-15	2.80e-12	2.44e-09	1.41e-06	1.67e-03	7.46e-02	9.24e-01
 3.64586e+21	0.00e+00	0.00e+00	0.00e+00	0.00e+00	0.00e+00	3.22e-27	9.74e-23	8.33e-19	2.54e-15	3.37e-12	2.83e-09	1.57e-06	1.80e-03	7.72e-02	9.21e-01
 3.78052e+21	0.00e+00	0.00e+00	0.00e+00	0.00e+00	0.00e+00	4.97e-27	1.43e-22	1.17e-18	3.39e-15	4.29e-12	3.42e-09	1.81e-06	1.97e-03	8.07e-02	9.17e-01
 3.91504e+21	0.00e+00	0.00e+00	0.00e+00	0.00e+00	0.00e+00	7.66e-27	2.10e-22	1.63e-18	4.52e-15	5.46e-12	4.14e-09	2.09e-06	2.16e-03	8.43e-02	9.14e-01
 4.01885e+21	0.00e+00	0.00e+00	0.00e+00	0.00e+00	0.00e+00	1.06e-26	2.81e-22	2.10e-18	5.62e-15	6.55e-12	4.77e-09	2.32e-06	2.32e-03	8.71e-02	9.11e-01
 4.12326e+21	0.00e+00	0.00e+00	0.00e+00	0.00e+00	0.00e+00	1.47e-26	3.74e-22	2.70e-18	6.97e-15	7.84e-12	5.50e-09	2.58e-06	2.48e-03	9.00e-02	9.08e-01
 4.23804e+21	0.00e+00	0.00e+00	0.00e+00	0.00e+00	0.00e+00	2.09e-26	5.12e-22	3.56e-18	8.83e-15	9.55e-12	6.42e-09	2.89e-06	2.68e-03	9.32e-02	9.04e-01
 4.34180e+21	0.00e+00	0.00e+00	0.00e+00	0.00e+00	0.00e+00	2.88e-26	6.79e-22	4.56e-18	1.09e-14	1.14e-11	7.38e-09	3.21e-06	2.86e-03	9.62e-02	9.01e-01
 4.43679e+21	0.00e+00	0.00e+00	0.00e+00	0.00e+00	0.00e+00	3.82e-26	8.73e-22	5.67e-18	1.32e-14	1.34e-11	8.36e-09	3.52e-06	3.04e-03	9.90e-02	8.98e-01
 4.54491e+21	0.00e+00	0.00e+00	0.00e+00	0.00e+00	0.00e+00	5.28e-26	1.16e-21	7.29e-18	1.64e-14	1.60e-11	9.63e-09	3.91e-06	3.25e-03	1.02e-01	8.95e-01
 4.66618e+21	0.00e+00	0.00e+00	0.00e+00	0.00e+00	0.00e+00	7.55e-26	1.60e-21	9.63e-18	2.08e-14	1.95e-11	1.13e-08	4.39e-06	3.51e-03	1.06e-01	8.91e-01
 4.77970e+21	0.00e+00	0.00e+00	0.00e+00	0.00e+00	0.00e+00	1.05e-25	2.14e-21	1.25e-17	2.60e-14	2.35e-11	1.30e-08	4.89e-06	3.76e-03	1.09e-01	8.87e-01
 4.88163e+21	0.00e+00	0.00e+00	0.00e+00	0.00e+00	0.00e+00	1.41e-25	2.79e-21	1.57e-17	3.16e-14	2.77e-11	1.48e-08	5.39e-06	4.01e-03	1.13e-01	8.83e-01
 4.99336e+21	0.00e+00	0.00e+00	0.00e+00	0.00e+00	0.00e+00	1.94e-25	3.68e-21	2.00e-17	3.90e-14	3.31e-11	1.70e-08	5.97e-06	4.28e-03	1.16e-01	8.80e-01
 5.11840e+21	0.00e+00	0.00e+00	0.00e+00	0.00e+00	0.00e+00	2.76e-25	5.04e-21	2.63e-17	4.95e-14	4.03e-11	1.99e-08	6.70e-06	4.61e-03	1.20e-01	8.75e-01
 5.23422e+21	0.00e+00	0.00e+00	0.00e+00	0.00e+00	0.00e+00	3.82e-25	6.71e-21	3.38e-17	6.14e-14	4.83e-11	2.29e-08	7.44e-06	4.94e-03	1.24e-01	8.71e-01
 5.34055e+21	0.00e+00	0.00e+00	0.00e+00	0.00e+00	0.00e+00	5.11e-25	8.70e-21	4.25e-17	7.47e-14	5.69e-11	2.61e-08	8.19e-06	5.25e-03	1.28e-01	8.67e-01
 5.46105e+21	0.00e+00	0.00e+00	0.00e+00	0.00e+00	1.18e-29	7.08e-25	1.16e-20	5.47e-17	9.29e-14	6.83e-11	3.01e-08	9.11e-06	5.62e-03	1.32e-01	8.63e-01
 5.59072e+21	0.00e+00	0.00e+00	0.00e+00	0.00e+00	1.74e-29	1.01e-24	1.58e-20	7.18e-17	1.18e-13	8.32e-11	3.51e-08	1.02e-05	6.05e-03	1.36e-01	8.58e-01
 5.70442e+21	0.00e+00	0.00e+00	0.00e+00	0.00e+00	2.44e-29	1.36e-24	2.07e-20	9.09e-17	1.44e-13	9.86e-11	4.01e-08	1.13e-05	6.44e-03	1.40e-01	8.53e-01
 5.82434e+21	0.00e+00	0.00e+00	0.00e+00	0.00e+00	3.46e-29	1.86e-24	2.73e-20	1.16e-16	1.78e-13	1.17e-10	4.60e-08	1.25e-05	6.88e-03	1.44e-01	8.49e-01
 5.95895e+21	0.00e+00	0.00e+00	0.00e+00	0.00e+00	5.10e-29	2.64e-24	3.73e-20	1.52e-16	2.25e-13	1.43e-10	5.37e-08	1.40e-05	7.40e-03	1.49e-01	8.43e-01
 6.08434e+21	0.00e+00	0.00e+00	0.00e+00	0.00e+00	7.30e-29	3.64e-24	4.96e-20	1.95e-16	2.79e-13	1.72e-10	6.19e-08	1.55e-05	7.91e-03	1.54e-01	8.38e-01
 6.19986e+21	0.00e+00	0.00e+00	0.00e+00	0.00e+00	1.01e-28	4.87e-24	6.43e-20	2.45e-16	3.40e-13	2.02e-10	7.04e-08	1.71e-05	8.41e-03	1.58e-01	8.33e-01
 6.33087e+21	0.00e+00	0.00e+00	0.00e+00	0.00e+00	1.45e-28	6.74e-24	8.57e-20	3.16e-16	4.22e-13	2.43e-10	8.12e-08	1.90e-05	9.00e-03	1.63e-01	8.28e-01
 6.47214e+21	0.00e+00	0.00e+00	0.00e+00	0.00e+00	2.14e-28	9.56e-24	1.17e-19	4.15e-16	5.35e-13	2.96e-10	9.48e-08	2.13e-05	9.68e-03	1.68e-01	8.22e-01
 6.59608e+21	0.00e+00	0.00e+00	0.00e+00	0.00e+00	2.99e-28	1.29e-23	1.53e-19	5.25e-16	6.55e-13	3.51e-10	1.08e-07	2.35e-05	1.03e-02	1.73e-01	8.17e-01
 6.72651e+21	0.00e+00	0.00e+00	0.00e+00	0.00e+00	4.22e-28	1.76e-23	2.01e-19	6.67e-16	8.07e-13	4.18e-10	1.24e-07	2.60e-05	1.10e-02	1.78e-01	8.11e-01
 6.87295e+21	0.00e+00	0.00e+00	0.00e+00	0.00e+00	6.22e-28	2.49e-23	2.74e-19	8.75e-16	1.02e-12	5.09e-10	1.45e-07	2.91e-05	1.18e-02	1.84e-01	8.04e-01
 7.00933e+21	0.00e+00	0.00e+00	0.00e+00	0.00e+00	8.86e-28	3.43e-23	3.63e-19	1.12e-15	1.27e-12	6.09e-10	1.67e-07	3.23e-05	1.26e-02	1.89e-01	7.98e-01
 7.13494e+21	0.00e+00	0.00e+00	0.00e+00	0.00e+00	1.22e-27	4.57e-23	4.69e-19	1.40e-15	1.54e-12	7.17e-10	1.89e-07	3.54e-05	1.34e-02	1.94e-01	7.93e-01
 7.27747e+21	0.00e+00	0.00e+00	0.00e+00	0.00e+00	1.74e-27	6.29e-23	6.23e-19	1.80e-15	1.91e-12	8.59e-10	2.18e-07	3.93e-05	1.43e-02	2.00e-01	7.86e-01
 7.43293e+21	0.00e+00	0.00e+00	0.00e+00	0.00e+00	2.56e-27	8.91e-23	8.49e-19	2.36e-15	2.42e-12	1.05e-09	2.55e-07	4.41e-05	1.53e-02	2.06e-01	7.79e-01
 7.57218e+21	0.00e+00	0.00e+00	0.00e+00	0.00e+00	3.62e-27	1.22e-22	1.12e-18	3.02e-15	2.98e-12	1.25e-09	2.92e-07	4.88e-05	1.64e-02	2.12e-01	7.72e-01
 7.70020e+21	0.00e+00	0.00e+00	0.00e+00	0.00e+00	4.89e-27	1.59e-22	1.42e-18	3.72e-15	3.58e-12	1.46e-09	3.29e-07	5.32e-05	1.73e-02	2.17e-01	7.66e-01
 7.84666e+21	0.00e+00	0.00e+00	0.00e+00	0.00e+00	6.88e-27	2.17e-22	1.87e-18	4.74e-15	4.41e-12	1.74e-09	3.78e-07	5.89e-05	1.84e-02	2.23e-01	7.59e-01
 8.00958e+21	0.00e+00	0.00e+00	0.00e+00	0.00e+00	1.01e-26	3.05e-22	2.54e-18	6.19e-15	5.57e-12	2.11e-09	4.39e-07	6.58e-05	1.97e-02	2.29e-01	7.51e-01
 8.15941e+21	0.00e+00	0.00e+00	0.00e+00	0.00e+00	1.42e-26	4.16e-22	3.34e-18	7.88e-15	6.87e-12	2.52e-09	5.04e-07	7.27e-05	2.10e-02	2.35e-01	7.44e-01
 8.29784e+21	0.00e+00	0.00e+00	0.00e+00	0.00e+00	1.93e-26	5.49e-22	4.28e-18	9.80e-15	8.30e-12	2.95e-09	5.70e-07	7.96e-05	2.22e-02	2.41e-01	7.37e-01
 8.45591e+21	0.00e+00	0.00e+00	0.00e+00	0.00e+00	2.73e-26	7.49e-22	5.64e-18	1.25e-14	1.02e-11	3.52e-09	6.55e-07	8.80e-05	2.37e-02	2.47e-01	7.29e-01
 8.63105e+21	0.00e+00	0.00e+00	0.00e+00	0.00e+00	4.00e-26	1.06e-21	7.66e-18	1.64e-14	1.29e-11	4.29e-09	7.62e-07	9.84e-05	2.54e-02	2.54e-01	7.20e-01
 8.78844e+21	0.00e+00	0.00e+00	0.00e+00	0.00e+00	5.62e-26	1.44e-21	1.01e-17	2.08e-14	1.60e-11	5.11e-09	8.74e-07	1.09e-04	2.70e-02	2.61e-01	7.12e-01
 8.92810e+21	0.00e+00	0.00e+00	0.00e+00	0.00e+00	7.50e-26	1.86e-21	1.27e-17	2.55e-14	1.91e-11	5.93e-09	9.81e-07	1.18e-04	2.84e-02	2.66e-01	7.05e-01
 9.08464e+21	0.00e+00	0.00e+00	0.00e+00	0.00e+00	1.03e-25	2.47e-21	1.63e-17	3.19e-14	2.31e-11	6.97e-09	1.11e-06	1.29e-04	3.01e-02	2.72e-01	6.98e-01
 9.28815e+21	0.00e+00	0.00e+00	0.00e+00	0.00e+00	1.54e-25	3.57e-21	2.27e-17	4.25e-14	2.97e-11	8.59e-09	1.31e-06	1.46e-04	3.24e-02	2.80e-01	6.87e-01
 9.49635e+21	0.00e+00	0.00e+00	0.00e+00	0.00e+00	2.34e-25	5.19e-21	3.16e-17	5.70e-14	3.83e-11	1.06e-08	1.54e-06	1.64e-04	3.48e-02	2.88e-01	6.77e-01
 9.66419e+21	0.00e+00	0.00e+00	0.00e+00	0.00e+00	3.23e-25	6.95e-21	4.10e-17	7.17e-14	4.67e-11	1.26e-08	1.76e-06	1.80e-04	3.69e-02	2.95e-01	6.68e-01
 9.83590e+21	0.00e+00	0.00e+00	0.00e+00	0.00e+00	4.45e-25	9.27e-21	5.30e-17	8.99e-14	5.68e-11	1.48e-08	2.00e-06	1.98e-04	3.90e-02	3.01e-01	6.60e-01
 1.00591e+22	0.00e+00	0.00e+00	0.00e+00	0.00e+00	6.71e-25	1.34e-20	7.37e-17	1.20e-13	7.31e-11	1.83e-08	2.35e-06	2.23e-04	4.19e-02	3.09e-01	6.48e-01
 1.02857e+22	0.00e+00	0.00e+00	0.00e+00	0.00e+00	1.02e-24	1.95e-20	1.03e-16	1.61e-13	9.44e-11	2.27e-08	2.77e-06	2.51e-04	4.51e-02	3.18e-01	6.37e-01
 1.04618e+22	0.00e+00	0.00e+00	0.00e+00	0.00e+00	1.39e-24	2.59e-20	1.32e-16	2.01e-13	1.14e-10	2.66e-08	3.14e-06	2.74e-04	4.76e-02	3.24e-01	6.28e-01
 1.06357e+22	0.00e+00	0.00e+00	0.00e+00	1.27e-29	1.87e-24	3.38e-20	1.68e-16	2.48e-13	1.37e-10	3.10e-08	3.53e-06	2.98e-04	5.01e-02	3.30e-01	6.19e-01
 1.08618e+22	0.00e+00	0.00e+00	0.00e+00	1.93e-29	2.74e-24	4.78e-20	2.29e-16	3.25e-13	1.74e-10	3.77e-08	4.11e-06	3.33e-04	5.35e-02	3.38e-01	6.08e-01
 1.10994e+22	0.00e+00	0.00e+00	0.00e+00	2.99e-29	4.08e-24	6.85e-20	3.15e-16	4.32e-13	2.22e-10	4.63e-08	4.82e-06	3.73e-04	5.72e-02	3.46e-01	5.96e-01
 1.13002e+22	0.00e+00	0.00e+00	0.00e+00	4.27e-29	5.66e-24	9.21e-20	4.10e-16	5.44e-13	2.71e-10	5.47e-08	5.48e-06	4.09e-04	6.05e-02	3.53e-01	5.86e-01
 1.15095e+22	0.00e+00	0.00e+00	0.00e+00	6.12e-29	7.87e-24	1.24e-19	5.35e-16	6.87e-13	3.32e-10	6.48e-08	6.24e-06	4.48e-04	6.39e-02	3.60e-01	5.76e-01
 1.17816e+22	0.00e+00	0.00e+00	0.00e+00	9.68e-29	1.20e-23	1.81e-19	7.51e-16	9.25e-13	4.30e-10	8.03e-08	7.37e-06	5.04e-04	6.86e-02	3.68e-01	5.63e-01
 1.20571e+22	0.00e+00	0.00e+00	0.00e+00	1.54e-28	1.84e-23	2.66e-19	1.06e-15	1.25e-12	5.59e-10	9.99e-08	8.72e-06	5.68e-04	7.36e-02	3.76e-01	5.49e-01
 1.22658e+22	0.00e+00	0.00e+00	0.00e+00	2.16e-28	2.51e-23	3.53e-19	1.36e-15	1.56e-12	6.77e-10	1.17e-07	9.86e-06	6.20e-04	7.74e-02	3.83e-01	5.39e-01
 1.24658e+22	0.00e+00	0.00e+00	0.00e+00	2.96e-28	3.35e-23	4.58e-19	1.72e-15	1.91e-12	8.07e-10	1.36e-07	1.10e-05	6.71e-04	8.11e-02	3.88e-01	5.30e-01
 1.27258e+22	0.00e+00	0.00e+00	0.00e+00	4.43e-28	4.84e-23	6.39e-19	2.31e-15	2.48e-12	1.01e-09	1.64e-07	1.27e-05	7.43e-04	8.61e-02	3.95e-01	5.18e-01
 1.30016e+22	0.00e+00	0.00e+00	0.00e+00	6.77e-28	7.15e-23	9.09e-19	3.16e-15	3.28e-12	1.29e-09	2.00e-07	1.48e-05	8.27e-04	9.16e-02	4.02e-01	5.05e-01
 1.32373e+22	0.00e+00	0.00e+00	0.00e+00	9.64e-28	9.88e-23	1.22e-18	4.11e-15	4.12e-12	1.57e-09	2.36e-07	1.68e-05	9.04e-04	9.64e-02	4.08e-01	4.94e-01
 1.34833e+22	0.00e+00	0.00e+00	0.00e+00	1.37e-27	1.37e-22	1.64e-18	5.34e-15	5.19e-12	1.91e-09	2.78e-07	1.91e-05	9.87e-04	1.02e-01	4.14e-01	4.83e-01
 1.38030e+22	0.00e+00	0.00e+00	0.00e+00	1.46e-27	2.08e-22	2.39e-18	7.47e-15	6.97e-12	2.47e-09	3.44e-07	2.25e-05	1.11e-03	1.08e-01	4.21e-01	4.69e-01
 1.41274e+22	0.00e+00	0.00e+00	0.00e+00	2.32e-27	3.17e-22	3.50e-18	1.05e-14	9.41e-12	3.20e-09	4.26e-07	2.65e-05	1.24e-03	1.15e-01	4.28e-01	4.55e-01
 1.43851e+22	0.00e+00	0.00e+00	0.00e+00	3.31e-27	4.38e-22	4.69e-18	1.37e-14	1.18e-11	3.90e-09	5.02e-07	3.00e-05	1.35e-03	1.21e-01	4.34e-01	4.44e-01
 1.46094e+22	0.00e+00	0.00e+00	0.00e+00	4.46e-27	5.77e-22	6.01e-18	1.71e-14	1.44e-11	4.62e-09	5.77e-07	3.34e-05	1.45e-03	1.26e-01	4.38e-01	4.34e-01
 1.48632e+22	0.00e+00	0.00e+00	0.00e+00	6.20e-27	7.83e-22	7.92e-18	2.18e-14	1.78e-11	5.56e-09	6.73e-07	3.75e-05	1.58e-03	1.32e-01	4.42e-01	4.24e-01
 1.51931e+22	0.00e+00	0.00e+00	0.00e+00	9.45e-27	1.15e-21	1.12e-17	2.98e-14	2.35e-11	7.05e-09	8.18e-07	4.35e-05	1.75e-03	1.40e-01	4.48e-01	4.11e-01
 1.55327e+22	0.00e+00	0.00e+00	0.00e+00	1.46e-26	1.72e-21	1.61e-17	4.12e-14	3.12e-11	9.00e-09	1.00e-06	5.07e-05	1.94e-03	1.48e-01	4.53e-01	3.97e-01
 1.58091e+22	0.00e+00	0.00e+00	0.00e+00	2.06e-26	2.36e-21	2.15e-17	5.31e-14	3.89e-11	1.09e-08	1.17e-06	5.72e-05	2.11e-03	1.55e-01	4.57e-01	3.86e-01
 1.60929e+22	0.00e+00	0.00e+00	0.00e+00	2.88e-26	3.22e-21	2.85e-17	6.83e-14	4.85e-11	1.32e-08	1.37e-06	6.44e-05	2.28e-03	1.62e-01	4.60e-01	3.75e-01
 1.64618e+22	0.00e+00	0.00e+00	0.00e+00	4.44e-26	4.81e-21	4.09e-17	9.43e-14	6.44e-11	1.68e-08	1.68e-06	7.49e-05	2.53e-03	1.71e-01	4.64e-01	3.62e-01
 1.68442e+22	0.00e+00	0.00e+00	0.00e+00	6.97e-26	7.27e-21	5.95e-17	1.32e-13	8.63e-11	2.17e-08	2.07e-06	8.77e-05	2.81e-03	1.81e-01	4.68e-01	3.47e-01
 1.71563e+22	0.00e+00	0.00e+00	0.00e+00	9.95e-26	1.01e-20	8.01e-17	1.72e-13	1.09e-10	2.65e-08	2.43e-06	9.93e-05	3.06e-03	1.90e-01	4.71e-01	3.36e-01
 1.74738e+22	0.00e+00	0.00e+00	0.00e+00	1.40e-25	1.38e-20	1.06e-16	2.21e-13	1.36e-10	3.20e-08	2.84e-06	1.12e-04	3.31e-03	1.98e-01	4.73e-01	3.26e-01
 1.78318e+22	0.00e+00	0.00e+00	0.00e+00	2.08e-25	2.00e-20	1.49e-16	2.98e-13	1.76e-10	4.01e-08	3.42e-06	1.28e-04	3.63e-03	2.07e-01	4.75e-01	3.14e-01
 1.81592e+22	0.00e+00	0.00e+00	0.00e+00	2.96e-25	2.77e-20	2.00e-16	3.88e-13	2.22e-10	4.89e-08	4.03e-06	1.45e-04	3.94e-03	2.16e-01	4.77e-01	3.03e-01
 1.84523e+22	0.00e+00	0.00e+00	1.37e-29	4.02e-25	3.67e-20	2.58e-16	4.88e-13	2.72e-10	5.81e-08	4.64e-06	1.61e-04	4.23e-03	2.24e-01	4.78e-01	2.93e-01
 1.87845e+22	0.00e+00	0.00e+00	2.00e-29	5.59e-25	4.99e-20	3.41e-16	6.25e-13	3.37e-10	6.99e-08	5.39e-06	1.80e-04	4.56e-03	2.33e-01	4.79e-01	2.84e-01
 1.92162e+22	0.00e+00	0.00e+00	3.27e-29	8.65e-25	7.49e-20	4.92e-16	8.70e-13	4.50e-10	8.96e-08	6.61e-06	2.10e-04	5.04e-03	2.45e-01	4.79e-01	2.70e-01
 1.96529e+22	0.00e+00	0.00e+00	5.39e-29	1.34e-24	1.12e-19	7.12e-16	1.21e-12	6.00e-10	1.15e-07	8.09e-06	2.44e-04	5.56e-03	2.57e-01	4.79e-01	2.58e-01
 1.99987e+22	0.00e+00	0.00e+00	7.87e-29	1.88e-24	1.53e-19	9.45e-16	1.56e-12	7.49e-10	1.39e-07	9.45e-06	2.74e-04	6.00e-03	2.67e-01	4.79e-01	2.48e-01
 2.03511e+22	0.00e+00	0.00e+00	1.14e-28	2.60e-24	2.08e-19	1.25e-15	2.00e-12	9.30e-10	1.67e-07	1.10e-05	3.06e-04	6.45e-03	2.76e-01	4.78e-01	2.39e-01
 2.08091e+22	0.00e+00	0.00e+00	1.84e-28	3.96e-24	3.08e-19	1.78e-15	2.74e-12	1.23e-09	2.12e-07	1.33e-05	3.54e-04	7.09e-03	2.89e-01	4.77e-01	2.27e-01
 2.12546e+22	0.00e+00	0.00e+00	2.95e-28	6.01e-24	4.53e-19	2.53e-15	3.76e-12	1.62e-09	2.69e-07	1.62e-05	4.08e-04	7.77e-03	3.02e-01	4.74e-01	2.16e-01
 2.15696e+22	0.00e+00	0.00e+00	4.07e-28	7.97e-24	5.90e-19	3.22e-15	4.66e-12	1.95e-09	3.15e-07	1.84e-05	4.50e-04	8.26e-03	3.11e-01	4.73e-01	2.08e-01
 2.18649e+22	0.00e+00	0.00e+00	5.43e-28	1.03e-23	7.50e-19	4.00e-15	5.67e-12	2.31e-09	3.65e-07	2.08e-05	4.91e-04	8.74e-03	3.19e-01	4.71e-01	2.01e-01
 2.22487e+22	0.00e+00	0.00e+00	7.89e-28	1.43e-23	1.02e-18	5.30e-15	7.28e-12	2.88e-09	4.40e-07	2.42e-05	5.49e-04	9.38e-03	3.29e-01	4.68e-01	1.93e-01
 2.26767e+22	0.00e+00	0.00e+00	1.20e-27	2.06e-23	1.44e-18	7.24e-15	9.64e-12	3.68e-09	5.43e-07	2.86e-05	6.22e-04	1.02e-02	3.41e-01	4.65e-01	1.83e-01
 2.30329e+22	0.00e+00	0.00e+00	1.35e-27	2.79e-23	1.91e-18	9.39e-15	1.22e-11	4.51e-09	6.46e-07	3.30e-05	6.90e-04	1.08e-02	3.51e-01	4.62e-01	1.76e-01
 2.33016e+22	0.00e+00	0.00e+00	1.74e-27	3.47e-23	2.35e-18	1.13e-14	1.44e-11	5.22e-09	7.33e-07	3.65e-05	7.43e-04	1.14e-02	3.58e-01	4.59e-01	1.70e-01
 2.35857e+22	0.00e+00	0.00e+00	2.26e-27	4.36e-23	2.92e-18	1.38e-14	1.72e-11	6.11e-09	8.38e-07	4.07e-05	8.05e-04	1.19e-02	3.66e-01	4.56e-01	1.65e-01
 2.39549e+22	0.00e+00	0.00e+00	3.14e-27	5.83e-23	3.83e-18	1.78e-14	2.16e-11	7.42e-09	9.90e-07	4.66e-05	8.88e-04	1.27e-02	3.76e-01	4.53e-01	1.58e-01
 2.43275e+22	0.00e+00	0.00e+00	4.45e-27	7.88e-23	5.09e-18	2.30e-14	2.72e-11	9.10e-09	1.18e-06	5.36e-05	9.85e-04	1.35e-02	3.86e-01	4.48e-01	1.51e-01
 2.46098e+22	0.00e+00	0.00e+00	5.73e-27	9.84e-23	6.27e-18	2.79e-14	3.24e-11	1.06e-08	1.34e-06	5.95e-05	1.06e-03	1.42e-02	3.94e-01	4.45e-01	1.46e-01
 2.48819e+22	0.00e+00	0.00e+00	7.25e-27	1.21e-22	7.63e-18	3.34e-14	3.80e-11	1.22e-08	1.51e-06	6.56e-05	1.14e-03	1.48e-02	4.01e-01	4.42e-01	1.41e-01
 2.52357e+22	0.00e+00	0.00e+00	9.81e-27	1.57e-22	9.80e-18	4.21e-14	4.68e-11	1.46e-08	1.76e-06	7.42e-05	1.25e-03	1.57e-02	4.10e-01	4.37e-01	1.35e-01
 2.56107e+22	0.00e+00	0.00e+00	1.36e-26	2.09e-22	1.28e-17	5.39e-14	5.85e-11	1.77e-08	2.08e-06	8.49e-05	1.38e-03	1.66e-02	4.20e-01	4.33e-01	1.29e-01
 2.59225e+22	0.00e+00	0.00e+00	1.78e-26	2.64e-22	1.60e-17	6.61e-14	7.03e-11	2.08e-08	2.39e-06	9.48e-05	1.49e-03	1.75e-02	4.28e-01	4.28e-01	1.24e-01
 2.62368e+22	0.00e+00	0.00e+00	2.30e-26	3.30e-22	1.99e-17	8.06e-14	8.40e-11	2.43e-08	2.73e-06	1.05e-04	1.61e-03	1.83e-02	4.36e-01	4.24e-01	1.20e-01
 2.65861e+22	0.00e+00	0.00e+00	3.09e-26	4.24e-22	2.53e-17	1.01e-13	1.03e-10	2.90e-08	3.17e-06	1.19e-04	1.76e-03	1.93e-02	4.45e-01	4.19e-01	1.15e-01
 2.68967e+22	0.00e+00	0.00e+00	4.00e-26	5.30e-22	3.13e-17	1.23e-13	1.23e-10	3.39e-08	3.62e-06	1.32e-04	1.90e-03	2.02e-02	4.53e-01	4.15e-01	1.10e-01
 2.71662e+22	0.00e+00	0.00e+00	4.97e-26	6.40e-22	3.76e-17	1.45e-13	1.43e-10	3.86e-08	4.05e-06	1.45e-04	2.03e-03	2.10e-02	4.59e-01	4.11e-01	1.07e-01
 2.74664e+22	0.00e+00	0.00e+00	6.29e-26	7.84e-22	4.58e-17	1.74e-13	1.68e-10	4.46e-08	4.57e-06	1.60e-04	2.17e-03	2.19e-02	4.67e-01	4.06e-01	1.03e-01
 2.78567e+22	0.00e+00	0.00e+00	8.52e-26	1.02e-21	5.90e-17	2.20e-13	2.08e-10	5.37e-08	5.35e-06	1.81e-04	2.38e-03	2.32e-02	4.76e-01	4.00e-01	9.81e-02
 2.82546e+22	0.00e+00	0.00e+00	1.17e-25	1.34e-21	7.68e-17	2.81e-13	2.60e-10	6.51e-08	6.31e-06	2.07e-04	2.62e-03	2.45e-02	4.85e-01	3.94e-01	9.33e-02
 2.85641e+22	0.00e+00	0.00e+00	1.49e-25	1.65e-21	9.39e-17	3.39e-13	3.08e-10	7.55e-08	7.16e-06	2.29e-04	2.82e-03	2.56e-02	4.93e-01	3.89e-01	8.96e-02
 2.88684e+22	0.00e+00	0.00e+00	1.87e-25	2.00e-21	1.14e-16	4.05e-13	3.61e-10	8.68e-08	8.06e-06	2.51e-04	3.01e-03	2.66e-02	4.99e-01	3.84e-01	8.63e-02
 2.92639e+22	0.00e+00	0.00e+00	2.51e-25	2.57e-21	1.45e-16	5.09e-13	4.45e-10	1.04e-07	9.40e-06	2.84e-04	3.29e-03	2.80e-02	5.08e-01	3.78e-01	8.21e-02
 2.96595e+22	0.00e+00	0.00e+00	3.39e-25	3.32e-21	1.87e-16	6.44e-13	5.51e-10	1.25e-07	1.10e-05	3.23e-04	3.61e-03	2.96e-02	5.17e-01	3.72e-01	7.80e-02
 2.99578e+22	0.00e+00	0.00e+00	4.23e-25	4.01e-21	2.25e-16	7.66e-13	6.44e-10	1.44e-07	1.24e-05	3.54e-04	3.85e-03	3.07e-02	5.23e-01	3.67e-01	7.50e-02
 3.02483e+22	0.00e+00	1.18e-29	5.18e-25	4.77e-21	2.68e-16	9.00e-13	7.47e-10	1.63e-07	1.38e-05	3.86e-04	4.10e-03	3.18e-02	5.29e-01	3.62e-01	7.23e-02
 3.06260e+22	0.00e+00	1.60e-29	6.76e-25	5.98e-21	3.35e-16	1.11e-12	9.04e-10	1.93e-07	1.59e-05	4.32e-04	4.45e-03	3.34e-02	5.37e-01	3.56e-01	6.89e-02
 3.10245e+22	0.00e+00	2.22e-29	9.00e-25	7.62e-21	4.26e-16	1.39e-12	1.11e-09	2.31e-07	1.85e-05	4.88e-04	4.85e-03	3.51e-02	5.45e-01	3.49e-01	6.54e-02
 3.13552e+22	0.00e+00	2.91e-29	1.14e-24	9.30e-21	5.20e-16	1.68e-12	1.32e-09	2.68e-07	2.10e-05	5.40e-04	5.21e-03	3.66e-02	5.52e-01	3.43e-01	6.25e-02
 3.16441e+22	0.00e+00	3.63e-29	1.38e-24	1.10e-20	6.13e-16	1.96e-12	1.52e-09	3.03e-07	2.33e-05	5.85e-04	5.52e-03	3.78e-02	5.57e-01	3.39e-01	6.03e-02
 3.19737e+22	0.00e+00	4.68e-29	1.72e-24	1.32e-20	7.38e-16	2.34e-12	1.78e-09	3.48e-07	2.62e-05	6.43e-04	5.91e-03	3.92e-02	5.63e-01	3.33e-01	5.78e-02
 3.24022e+22	0.00e+00	6.46e-29	2.27e-24	1.67e-20	9.37e-16	2.92e-12	2.18e-09	4.16e-07	3.04e-05	7.25e-04	6.43e-03	4.12e-02	5.71e-01	3.26e-01	5.47e-02
 3.28468e+22	0.00e+00	9.11e-29	3.06e-24	2.14e-20	1.21e-15	3.71e-12	2.72e-09	5.03e-07	3.57e-05	8.23e-04	7.05e-03	4.34e-02	5.78e-01	3.19e-01	5.15e-02
 3.32029e+22	0.00e+00	1.20e-28	3.88e-24	2.61e-20	1.48e-15	4.50e-12	3.24e-09	5.87e-07	4.07e-05	9.13e-04	7.59e-03	4.52e-02	5.85e-01	3.13e-01	4.90e-02
 3.35562e+22	0.00e+00	1.53e-28	4.79e-24	3.12e-20	1.77e-15	5.34e-12	3.79e-09	6.73e-07	4.56e-05	1.00e-03	8.09e-03	4.68e-02	5.90e-01	3.07e-01	4.69e-02
 3.40155e+22	0.00e+00	2.12e-28	6.34e-24	3.94e-20	2.25e-15	6.71e-12	4.67e-09	8.07e-07	5.32e-05	1.13e-03	8.81e-03	4.92e-02	5.97e-01	3.00e-01	4.42e-02
 3.44964e+22	0.00e+00	3.00e-28	8.55e-24	5.06e-20	2.91e-15	8.54e-12	5.83e-09	9.79e-07	6.26e-05	1.28e-03	9.66e-03	5.17e-02	6.04e-01	2.92e-01	4.15e-02
 3.48889e+22	0.00e+00	3.98e-28	1.09e-23	6.18e-20	3.58e-15	1.04e-11	7.00e-09	1.15e-06	7.16e-05	1.43e-03	1.04e-02	5.39e-02	6.09e-01	2.85e-01	3.93e-02
 3.52156e+22	0.00e+00	4.93e-28	1.31e-23	7.22e-20	4.20e-15	1.21e-11	8.04e-09	1.30e-06	7.91e-05	1.55e-03	1.10e-02	5.56e-02	6.13e-01	2.81e-01	3.77e-02
 3.55727e+22	0.00e+00	6.24e-28	1.60e-23	8.54e-20	5.01e-15	1.43e-11	9.36e-09	1.48e-06	8.85e-05	1.69e-03	1.17e-02	5.76e-02	6.18e-01	2.75e-01	3.60e-02
 3.60370e+22	0.00e+00	8.40e-28	2.07e-23	1.06e-19	6.24e-15	1.77e-11	1.14e-08	1.75e-06	1.02e-04	1.89e-03	1.27e-02	6.01e-02	6.23e-01	2.68e-01	3.39e-02
 3.65327e+22	0.00e+00	1.16e-27	2.73e-23	1.33e-19	7.93e-15	2.22e-11	1.40e-08	2.10e-06	1.19e-04	2.13e-03	1.38e-02	6.29e-02	6.28e-01	2.61e-01	3.18e-02
 3.69557e+22	0.00e+00	1.52e-27	3.45e-23	1.61e-19	9.69e-15	2.69e-11	1.67e-08	2.45e-06	1.35e-04	2.36e-03	1.48e-02	6.54e-02	6.33e-01	2.54e-01	3.01e-02
 3.73921e+22	0.00e+00	1.98e-27	4.30e-23	1.94e-19	1.18e-14	3.24e-11	1.98e-08	2.85e-06	1.53e-04	2.60e-03	1.59e-02	6.79e-02	6.37e-01	2.48e-01	2.85e-02
 3.79595e+22	0.00e+00	2.76e-27	5.72e-23	2.45e-19	1.51e-14	4.10e-11	2.46e-08	3.44e-06	1.79e-04	2.94e-03	1.73e-02	7.12e-02	6.41e-01	2.40e-01	2.66e-02
 3.85253e+22	0.00e+00	3.89e-27	7.68e-23	3.12e-19	1.94e-14	5.22e-11	3.07e-08	4.18e-06	2.10e-04	3.34e-03	1.90e-02	7.46e-02	6.46e-01	2.32e-01	2.47e-02
 3.89483e+22	0.00e+00	5.00e-27	9.51e-23	3.72e-19	2.33e-14	6.24e-11	3.62e-08	4.82e-06	2.37e-04	3.67e-03	2.02e-02	7.73e-02	6.49e-01	2.27e-01	2.33e-02
 3.93571e+22	0.00e+00	6.21e-27	1.14e-22	4.35e-19	2.74e-14	7.27e-11	4.17e-08	5.45e-06	2.62e-04	3.97e-03	2.14e-02	7.96e-02	6.51e-01	2.22e-01	2.23e-02
 3.98885e+22	0.00e+00	8.25e-27	1.46e-22	5.31e-19	3.38e-14	8.88e-11	5.01e-08	6.41e-06	2.99e-04	4.40e-03	2.30e-02	8.27e-02	6.54e-01	2.15e-01	2.09e-02
 4.04720e+22	0.00e+00	1.13e-26	1.91e-22	6.64e-19	4.25e-14	1.11e-10	6.15e-08	7.66e-06	3.47e-04	4.94e-03	2.49e-02	8.63e-02	6.56e-01	2.08e-01	1.95e-02
 4.09885e+22	0.00e+00	1.49e-26	2.42e-22	8.05e-19	5.20e-14	1.34e-10	7.34e-08	8.94e-06	3.94e-04	5.46e-03	2.67e-02	8.95e-02	6.58e-01	2.02e-01	1.83e-02
 4.14500e+22	0.00e+00	1.89e-26	2.96e-22	9.51e-19	6.19e-14	1.59e-10	8.56e-08	1.02e-05	4.41e-04	5.95e-03	2.84e-02	9.24e-02	6.59e-01	1.96e-01	1.73e-02
 4.19747e+22	0.00e+00	2.42e-26	3.67e-22	1.14e-18	7.44e-14	1.89e-10	1.00e-07	1.18e-05	4.94e-04	6.51e-03	3.02e-02	9.53e-02	6.60e-01	1.91e-01	1.63e-02
 4.26570e+22	0.00e+00	3.35e-26	4.84e-22	1.43e-18	9.42e-14	2.37e-10	1.24e-07	1.41e-05	5.73e-04	7.31e-03	3.27e-02	9.93e-02	6.61e-01	1.84e-01	1.51e-02
 4.33662e+22	0.00e+00	4.73e-26	6.51e-22	1.83e-18	1.21e-13	3.01e-10	1.54e-07	1.71e-05	6.71e-04	8.26e-03	3.55e-02	1.04e-01	6.62e-01	1.76e-01	1.39e-02
 4.39375e+22	0.00e+00	6.21e-26	8.21e-22	2.21e-18	1.47e-13	3.63e-10	1.83e-07	1.99e-05	7.60e-04	9.09e-03	3.80e-02	1.07e-01	6.62e-01	1.70e-01	1.30e-02
 4.45070e+22	0.00e+00	7.91e-26	1.01e-21	2.63e-18	1.75e-13	4.29e-10	2.13e-07	2.27e-05	8.46e-04	9.88e-03	4.02e-02	1.10e-01	6.61e-01	1.65e-01	1.22e-02
 4.52475e+22	0.00e+00	1.09e-25	1.33e-21	3.30e-18	2.20e-13	5.33e-10	2.60e-07	2.70e-05	9.75e-04	1.10e-02	4.33e-02	1.15e-01	6.60e-01	1.59e-01	1.13e-02
 4.60221e+22	0.00e+00	1.53e-25	1.78e-21	4.20e-18	2.80e-13	6.70e-10	3.21e-07	3.25e-05	1.13e-03	1.24e-02	4.68e-02	1.19e-01	6.58e-01	1.52e-01	1.04e-02
 4.66326e+22	0.00e+00	1.99e-25	2.23e-21	5.07e-18	3.38e-13	8.02e-10	3.79e-07	3.75e-05	1.27e-03	1.35e-02	4.97e-02	1.23e-01	6.56e-01	1.47e-01	9.72e-03
 4.71318e+22	0.00e+00	2.43e-25	2.65e-21	5.86e-18	3.90e-13	9.18e-10	4.29e-07	4.18e-05	1.39e-03	1.45e-02	5.20e-02	1.25e-01	6.55e-01	1.43e-01	9.23e-03
 4.76949e+22	0.00e+00	3.02e-25	3.20e-21	6.86e-18	4.56e-13	1.06e-09	4.91e-07	4.70e-05	1.53e-03	1.56e-02	5.46e-02	1.28e-01	6.53e-01	1.39e-01	8.73e-03
 4.84269e+22	0.00e+00	3.99e-25	4.07e-21	8.39e-18	5.55e-13	1.28e-09	5.82e-07	5.45e-05	1.72e-03	1.71e-02	5.80e-02	1.32e-01	6.50e-01	1.33e-01	8.12e-03
 4.92349e+22	0.00e+00	5.47e-25	5.35e-21	1.05e-17	6.91e-13	1.58e-09	7.04e-07	6.44e-05	1.97e-03	1.89e-02	6.21e-02	1.36e-01	6.46e-01	1.27e-01	7.48e-03
 4.99560e+22	0.00e+00	7.22e-25	6.80e-21	1.28e-17	8.38e-13	1.90e-09	8.34e-07	7.46e-05	2.22e-03	2.07e-02	6.59e-02	1.40e-01	6.42e-01	1.22e-01	6.94e-03
 5.05997e+22	0.00e+00	9.10e-25	8.31e-21	1.52e-17	9.86e-13	2.21e-09	9.57e-07	8.41e-05	2.44e-03	2.23e-02	6.91e-02	1.43e-01	6.38e-01	1.18e-01	6.53e-03
 5.13281e+22	0.00e+00	1.17e-24	1.03e-20	1.83e-17	1.18e-12	2.61e-09	1.11e-06	9.59e-05	2.72e-03	2.41e-02	7.28e-02	1.47e-01	6.34e-01	1.14e-01	6.10e-03
 5.22751e+22	0.00e+00	1.62e-24	1.37e-20	2.31e-17	1.47e-12	3.22e-09	1.35e-06	1.13e-04	3.10e-03	2.66e-02	7.77e-02	1.51e-01	6.27e-01	1.09e-01	5.58e-03
 5.32817e+22	0.00e+00	2.30e-24	1.86e-20	2.99e-17	1.87e-12	4.03e-09	1.66e-06	1.36e-04	3.58e-03	2.97e-02	8.33e-02	1.56e-01	6.20e-01	1.03e-01	5.07e-03
 5.41207e+22	0.00e+00	3.06e-24	2.38e-20	3.68e-17	2.27e-12	4.84e-09	1.96e-06	1.57e-04	4.02e-03	3.24e-02	8.80e-02	1.59e-01	6.13e-01	9.82e-02	4.68e-03
 5.48223e+22	0.00e+00	3.84e-24	2.90e-20	4.35e-17	2.65e-12	5.60e-09	2.24e-06	1.76e-04	4.40e-03	3.46e-02	9.19e-02	1.62e-01	6.08e-01	9.47e-02	4.39e-03
 5.55905e+22	0.00e+00	4.86e-24	3.56e-20	5.18e-17	3.12e-12	6.52e-09	2.57e-06	1.98e-04	4.83e-03	3.71e-02	9.60e-02	1.65e-01	6.02e-01	9.11e-02	4.11e-03
 5.65891e+22	0.00e+00	6.57e-24	4.62e-20	6.45e-17	3.82e-12	7.89e-09	3.05e-06	2.30e-04	5.45e-03	4.06e-02	1.01e-01	1.69e-01	5.93e-01	8.66e-02	3.76e-03
 5.76419e+22	0.00e+00	9.14e-24	6.17e-20	8.21e-17	4.77e-12	9.70e-09	3.69e-06	2.71e-04	6.19e-03	4.46e-02	1.08e-01	1.73e-01	5.83e-01	8.18e-02	3.42e-03
 5.84834e+22	0.00e+00	1.18e-23	7.72e-20	9.92e-17	5.66e-12	1.14e-08	4.26e-06	3.07e-04	6.84e-03	4.80e-02	1.13e-01	1.75e-01	5.75e-01	7.82e-02	3.17e-03
 5.92957e+22	0.00e+00	1.48e-23	9.37e-20	1.17e-16	6.59e-12	1.31e-08	4.84e-06	3.43e-04	7.46e-03	5.11e-02	1.17e-01	1.78e-01	5.68e-01	7.51e-02	2.96e-03
 6.03516e+22	0.00e+00	1.97e-23	1.21e-19	1.45e-16	7.99e-12	1.57e-08	5.70e-06	3.95e-04	8.32e-03	5.53e-02	1.23e-01	1.81e-01	5.58e-01	7.13e-02	2.71e-03
 6.14968e+22	0.00e+00	2.72e-23	1.60e-19	1.84e-16	9.89e-12	1.91e-08	6.82e-06	4.61e-04	9.39e-03	6.04e-02	1.29e-01	1.84e-01	5.47e-01	6.71e-02	2.46e-03
 6.24662e+22	0.00e+00	3.56e-23	2.02e-19	2.24e-16	1.18e-11	2.26e-08	7.91e-06	5.23e-04	1.04e-02	6.49e-02	1.35e-01	1.86e-01	5.37e-01	6.38e-02	2.26e-03
 6.33041e+22	1.66e-29	4.41e-23	2.44e-19	2.63e-16	1.36e-11	2.57e-08	8.91e-06	5.79e-04	1.12e-02	6.87e-02	1.39e-01	1.88e-01	5.29e-01	6.12e-02	2.12e-03
 6.42625e+22	2.19e-29	5.62e-23	3.01e-19	3.15e-16	1.60e-11	2.99e-08	1.02e-05	6.50e-04	1.23e-02	7.32e-02	1.45e-01	1.90e-01	5.19e-01	5.83e-02	1.96e-03
 6.55085e+22	3.11e-29	7.56e-23	3.90e-19	3.92e-16	1.94e-11	3.58e-08	1.20e-05	7.46e-04	1.36e-02	7.90e-02	1.51e-01	1.92e-01	5.07e-01	5.49e-02	1.78e-03
 6.67759e+22	4.57e-29	1.05e-22	5.19e-19	4.99e-16	2.40e-11	4.34e-08	1.42e-05	8.67e-04	1.53e-02	8.56e-02	1.58e-01	1.94e-01	4.93e-01	5.14e-02	1.60e-03
 6.77098e+22	5.96e-29	1.31e-22	6.33e-19	5.91e-16	2.78e-11	4.97e-08	1.61e-05	9.61e-04	1.66e-02	9.05e-02	1.63e-01	1.96e-01	4.83e-01	4.90e-02	1.49e-03
 6.85626e+22	7.44e-29	1.59e-22	7.48e-19	6.81e-16	3.15e-11	5.59e-08	1.79e-05	1.05e-03	1.77e-02	9.49e-02	1.67e-01	1.97e-01	4.74e-01	4.70e-02	1.39e-03
 6.96712e+22	9.89e-29	2.02e-22	9.25e-19	8.17e-16	3.70e-11	6.46e-08	2.03e-05	1.17e-03	1.93e-02	1.01e-01	1.72e-01	1.98e-01	4.63e-01	4.46e-02	1.28e-03
 7.11125e+22	1.41e-28	2.73e-22	1.21e-18	1.02e-15	4.50e-11	7.73e-08	2.38e-05	1.34e-03	2.13e-02	1.08e-01	1.79e-01	1.98e-01	4.50e-01	4.17e-02	1.16e-03
 7.25994e+22	2.09e-28	3.82e-22	1.62e-18	1.31e-15	5.56e-11	9.40e-08	2.84e-05	1.56e-03	2.39e-02	1.16e-01	1.86e-01	1.99e-01	4.34e-01	3.86e-02	1.03e-03
 7.37128e+22	2.75e-28	4.85e-22	1.99e-18	1.57e-15	6.49e-11	1.08e-07	3.21e-05	1.73e-03	2.58e-02	1.23e-01	1.91e-01	1.99e-01	4.22e-01	3.65e-02	9.44e-04
 7.47273e+22	3.46e-28	5.91e-22	2.37e-18	1.82e-15	7.40e-11	1.22e-07	3.57e-05	1.89e-03	2.76e-02	1.28e-01	1.95e-01	1.99e-01	4.12e-01	3.48e-02	8.78e-04
 7.60462e+22	4.69e-28	7.63e-22	2.96e-18	2.20e-15	8.72e-11	1.41e-07	4.07e-05	2.11e-03	2.99e-02	1.36e-01	2.00e-01	1.99e-01	4.00e-01	3.27e-02	7.99e-04
 7.74530e+22	6.48e-28	1.01e-21	3.78e-18	2.71e-15	1.04e-10	1.66e-07	4.68e-05	2.37e-03	3.27e-02	1.44e-01	2.05e-01	1.98e-01	3.86e-01	3.05e-02	7.21e-04
 7.86140e+22	8.46e-28	1.26e-21	4.61e-18	3.21e-15	1.20e-10	1.89e-07	5.26e-05	2.61e-03	3.51e-02	1.51e-01	2.10e-01	1.98e-01	3.75e-01	2.88e-02	6.62e-04
 7.97630e+22	1.06e-27	1.53e-21	5.47e-18	3.71e-15	1.36e-10	2.11e-07	5.80e-05	2.84e-03	3.72e-02	1.56e-01	2.13e-01	1.97e-01	3.65e-01	2.74e-02	6.16e-04
 8.12568e+22	1.44e-27	1.98e-21	6.87e-18	4.51e-15	1.61e-10	2.46e-07	6.61e-05	3.16e-03	4.03e-02	1.65e-01	2.18e-01	1.96e-01	3.52e-01	2.56e-02	5.56e-04
 8.28629e+22	1.99e-27	2.62e-21	8.79e-18	5.56e-15	1.92e-10	2.88e-07	7.59e-05	3.55e-03	4.38e-02	1.74e-01	2.23e-01	1.94e-01	3.38e-01	2.37e-02	4.99e-04
 8.42262e+22	2.61e-27	3.31e-21	1.08e-17	6.62e-15	2.23e-10	3.28e-07	8.51e-05	3.90e-03	4.69e-02	1.81e-01	2.26e-01	1.93e-01	3.26e-01	2.23e-02	4.56e-04
 8.56096e+22	3.35e-27	4.09e-21	1.30e-17	7.77e-15	2.56e-10	3.71e-07	9.48e-05	4.26e-03	5.00e-02	1.89e-01	2.30e-01	1.91e-01	3.15e-01	2.09e-02	4.17e-04
 8.74080e+22	4.61e-27	5.38e-21	1.65e-17	9.55e-15	3.05e-10	4.34e-07	1.08e-04	4.76e-03	5.41e-02	1.98e-01	2.33e-01	1.88e-01	3.02e-01	1.94e-02	3.73e-04
 8.93501e+22	6.56e-27	7.26e-21	2.15e-17	1.19e-14	3.67e-10	5.12e-07	1.25e-04	5.35e-03	5.89e-02	2.08e-01	2.37e-01	1.85e-01	2.87e-01	1.77e-02	3.29e-04
 9.09999e+22	8.79e-27	9.33e-21	2.68e-17	1.44e-14	4.30e-10	5.90e-07	1.41e-04	5.91e-03	6.31e-02	2.17e-01	2.40e-01	1.83e-01	2.74e-01	1.65e-02	2.96e-04
 9.26652e+22	1.13e-26	1.16e-20	3.25e-17	1.70e-14	4.96e-10	6.68e-07	1.57e-04	6.44e-03	6.70e-02	2.25e-01	2.42e-01	1.80e-01	2.64e-01	1.54e-02	2.69e-04
 9.48301e+22	1.58e-26	1.54e-20	4.17e-17	2.10e-14	5.93e-10	7.82e-07	1.80e-04	7.19e-03	7.24e-02	2.35e-01	2.45e-01	1.76e-01	2.50e-01	1.41e-02	2.38e-04
 9.72249e+22	2.30e-26	2.12e-20	5.52e-17	2.67e-14	7.23e-10	9.31e-07	2.09e-04	8.11e-03	7.86e-02	2.46e-01	2.47e-01	1.72e-01	2.35e-01	1.27e-02	2.06e-04
 9.93548e+22	3.23e-26	2.80e-20	7.05e-17	3.29e-14	8.59e-10	1.08e-06	2.38e-04	9.00e-03	8.45e-02	2.56e-01	2.49e-01	1.68e-01	2.22e-01	1.16e-02	1.82e-04
 1.01131e+23	4.21e-26	3.51e-20	8.61e-17	3.90e-14	9.91e-10	1.23e-06	2.65e-04	9.80e-03	8.94e-02	2.64e-01	2.50e-01	1.64e-01	2.12e-01	1.07e-02	1.64e-04
 1.03012e+23	5.38e-26	4.32e-20	1.03e-16	4.55e-14	1.13e-09	1.38e-06	2.92e-04	1.06e-02	9.43e-02	2.71e-01	2.50e-01	1.61e-01	2.02e-01	9.97e-03	1.48e-04
 1.05457e+23	7.37e-26	5.66e-20	1.31e-16	5.57e-14	1.34e-09	1.60e-06	3.30e-04	1.17e-02	1.01e-01	2.81e-01	2.51e-01	1.56e-01	1.90e-01	9.07e-03	1.30e-04
 1.08191e+23	1.05e-25	7.64e-20	1.70e-16	6.96e-14	1.60e-09	1.87e-06	3.78e-04	1.30e-02	1.08e-01	2.91e-01	2.50e-01	1.51e-01	1.77e-01	8.14e-03	1.12e-04
 1.10708e+23	1.44e-25	9.98e-20	2.16e-16	8.49e-14	1.89e-09	2.16e-06	4.27e-04	1.43e-02	1.15e-01	3.00e-01	2.50e-01	1.47e-01	1.66e-01	7.37e-03	9.81e-05
 1.13387e+23	1.93e-25	1.28e-19	2.67e-16	1.02e-13	2.21e-09	2.47e-06	4.77e-04	1.56e-02	1.22e-01	3.08e-01	2.49e-01	1.42e-01	1.57e-01	6.72e-03	8.65e-05
 1.16870e+23	2.77e-25	1.73e-19	3.49e-16	1.28e-13	2.66e-09	2.90e-06	5.47e-04	1.74e-02	1.31e-01	3.18e-01	2.47e-01	1.36e-01	1.45e-01	5.95e-03	7.36e-05
 1.20619e+23	4.25e-25	2.48e-19	4.78e-16	1.66e-13	3.29e-09	3.49e-06	6.39e-04	1.97e-02	1.41e-01	3.29e-01	2.44e-01	1.29e-01	1.32e-01	5.16e-03	6.08e-05
 1.23707e+23	6.03e-25	3.33e-19	6.19e-16	2.07e-13	3.92e-09	4.06e-06	7.26e-04	2.18e-02	1.50e-01	3.37e-01	2.41e-01	1.24e-01	1.21e-01	4.57e-03	5.18e-05
 1.26051e+23	7.69e-25	4.09e-19	7.40e-16	2.41e-13	4.43e-09	4.52e-06	7.94e-04	2.34e-02	1.57e-01	3.43e-01	2.39e-01	1.20e-01	1.14e-01	4.19e-03	4.61e-05
 1.28434e+23	9.42e-25	4.87e-19	8.60e-16	2.73e-13	4.93e-09	4.95e-06	8.56e-04	2.48e-02	1.62e-01	3.47e-01	2.36e-01	1.16e-01	1.09e-01	3.89e-03	4.18e-05
 1.31531e+23	1.24e-24	6.13e-19	1.05e-15	3.23e-13	5.64e-09	5.57e-06	9.45e-04	2.67e-02	1.70e-01	3.53e-01	2.33e-01	1.12e-01	1.02e-01	3.51e-03	3.66e-05
 1.35557e+23	1.68e-24	7.92e-19	1.32e-15	3.90e-13	6.58e-09	6.35e-06	1.05e-03	2.91e-02	1.78e-01	3.59e-01	2.29e-01	1.07e-01	9.39e-02	3.14e-03	3.15e-05
 1.40014e+23	2.44e-24	1.09e-18	1.73e-15	4.90e-13	7.88e-09	7.42e-06	1.20e-03	3.22e-02	1.89e-01	3.65e-01	2.24e-01	1.01e-01	8.51e-02	2.72e-03	2.61e-05
 1.43838e+23	3.43e-24	1.45e-18	2.22e-15	6.03e-13	9.27e-09	8.54e-06	1.35e-03	3.53e-02	1.99e-01	3.70e-01	2.18e-01	9.52e-02	7.76e-02	2.38e-03	2.19e-05
 1.46890e+23	4.32e-24	1.76e-18	2.63e-15	6.96e-13	1.04e-08	9.44e-06	1.46e-03	3.76e-02	2.06e-01	3.74e-01	2.15e-01	9.15e-02	7.27e-02	2.17e-03	1.94e-05
 1.50129e+23	5.28e-24	2.09e-18	3.05e-15	7.87e-13	1.15e-08	1.03e-05	1.57e-03	3.96e-02	2.13e-01	3.76e-01	2.11e-01	8.83e-02	6.86e-02	1.99e-03	1.75e-05
 1.54339e+23	6.90e-24	2.62e-18	3.71e-15	9.27e-13	1.31e-08	1.15e-05	1.72e-03	4.25e-02	2.21e-01	3.79e-01	2.06e-01	8.42e-02	6.35e-02	1.79e-03	1.51e-05
 1.59813e+23	9.16e-24	3.32e-18	4.56e-15	1.10e-12	1.51e-08	1.29e-05	1.90e-03	4.58e-02	2.30e-01	3.82e-01	2.01e-01	7.99e-02	5.85e-02	1.59e-03	1.30e-05
 1.66227e+23	1.32e-23	4.52e-18	5.95e-15	1.37e-12	1.79e-08	1.50e-05	2.14e-03	5.02e-02	2.41e-01	3.84e-01	1.94e-01	7.46e-02	5.24e-02	1.36e-03	1.06e-05
 1.72257e+23	1.89e-23	6.13e-18	7.76e-15	1.71e-12	2.12e-08	1.73e-05	2.41e-03	5.50e-02	2.53e-01	3.86e-01	1.87e-01	6.95e-02	4.69e-02	1.16e-03	8.72e-06
 1.77208e+23	2.52e-23	7.81e-18	9.56e-15	2.04e-12	2.43e-08	1.94e-05	2.65e-03	5.91e-02	2.62e-01	3.86e-01	1.81e-01	6.55e-02	4.28e-02	1.02e-03	7.39e-06
 1.82362e+23	3.02e-23	9.14e-18	1.10e-14	2.29e-12	2.67e-08	2.10e-05	2.83e-03	6.20e-02	2.68e-01	3.86e-01	1.77e-01	6.30e-02	4.03e-02	9.41e-04	6.63e-06
 1.89042e+23	3.81e-23	1.11e-17	1.30e-14	2.64e-12	2.99e-08	2.31e-05	3.05e-03	6.56e-02	2.75e-01	3.86e-01	1.72e-01	5.99e-02	3.74e-02	8.48e-04	5.80e-06
 1.96727e+23	5.12e-23	1.43e-17	1.62e-14	3.16e-12	3.43e-08	2.59e-05	3.36e-03	7.04e-02	2.85e-01	3.85e-01	1.65e-01	5.62e-02	3.39e-02	7.41e-04	4.88e-06
 2.04720e+23	6.68e-23	1.80e-17	1.97e-14	3.72e-12	3.90e-08	2.89e-05	3.66e-03	7.51e-02	2.93e-01	3.84e-01	1.60e-01	5.30e-02	3.10e-02	6.54e-04	4.16e-06
 2.13032e+23	8.54e-23	2.22e-17	2.36e-14	4.33e-12	4.39e-08	3.19e-05	3.96e-03	7.97e-02	3.01e-01	3.82e-01	1.54e-01	5.01e-02	2.85e-02	5.82e-04	3.59e-06
 2.21677e+23	1.07e-22	2.69e-17	2.79e-14	4.98e-12	4.89e-08	3.49e-05	4.26e-03	8.41e-02	3.08e-01	3.80e-01	1.49e-01	4.75e-02	2.63e-02	5.22e-04	3.12e-06
 2.30054e+23	1.35e-22	3.28e-17	3.31e-14	5.74e-12	5.45e-08	3.82e-05	4.58e-03	8.87e-02	3.15e-01	3.78e-01	1.44e-01	4.50e-02	2.43e-02	4.67e-04	2.71e-06
 2.37597e+23	1.59e-22	3.78e-17	3.75e-14	6.37e-12	5.92e-08	4.08e-05	4.83e-03	9.22e-02	3.20e-01	3.76e-01	1.40e-01	4.32e-02	2.28e-02	4.30e-04	2.45e-06
 2.44385e+23	1.85e-22	4.31e-17	4.19e-14	6.99e-12	6.36e-08	4.33e-05	5.06e-03	9.55e-02	3.25e-01	3.74e-01	1.37e-01	4.16e-02	2.16e-02	3.99e-04	2.23e-06
 2.50495e+23	2.10e-22	4.79e-17	4.60e-14	7.56e-12	6.76e-08	4.55e-05	5.27e-03	9.83e-02	3.28e-01	3.72e-01	1.34e-01	4.04e-02	2.07e-02	3.75e-04	2.06e-06
 2.55993e+23	2.30e-22	5.19e-17	4.93e-14	8.01e-12	7.07e-08	4.72e-05	5.42e-03	1.00e-01	3.31e-01	3.71e-01	1.32e-01	3.94e-02	2.00e-02	3.58e-04	1.94e-06
 2.60942e+23	2.49e-22	5.56e-17	5.23e-14	8.42e-12	7.35e-08	4.88e-05	5.56e-03	1.02e-01	3.33e-01	3.70e-01	1.31e-01	3.86e-02	1.94e-02	3.44e-04	1.85e-06
 2.65396e+23	2.65e-22	5.88e-17	5.49e-14	8.77e-12	7.58e-08	5.01e-05	5.68e-03	1.04e-01	3.35e-01	3.69e-01	1.29e-01	3.80e-02	1.89e-02	3.33e-04	1.77e-06
 2.69405e+23	2.79e-22	6.13e-17	5.69e-14	9.04e-12	7.76e-08	5.10e-05	5.76e-03	1.05e-01	3.37e-01	3.68e-01	1.28e-01	3.75e-02	1.86e-02	3.25e-04	1.72e-06
 2.73012e+23	2.92e-22	6.37e-17	5.89e-14	9.30e-12	7.93e-08	5.20e-05	5.85e-03	1.06e-01	3.38e-01	3.67e-01	1.27e-01	3.71e-02	1.83e-02	3.18e-04	1.67e-06
 2.76259e+23	3.04e-22	6.59e-17	6.06e-14	9.53e-12	8.09e-08	5.28e-05	5.92e-03	1.07e-01	3.39e-01	3.67e-01	1.26e-01	3.67e-02	1.80e-02	3.11e-04	1.62e-06
 2.79325e+23	3.09e-22	6.70e-17	6.15e-14	9.65e-12	8.17e-08	5.32e-05	5.96e-03	1.08e-01	3.40e-01	3.66e-01	1.26e-01	3.66e-02	1.79e-02	3.08e-04	1.60e-06
 2.82380e+23	3.13e-22	6.78e-17	6.21e-14	9.73e-12	8.22e-08	5.35e-05	5.98e-03	1.08e-01	3.40e-01	3.66e-01	1.25e-01	3.64e-02	1.78e-02	3.06e-04	1.59e-06
 2.85434e+23	3.20e-22	6.91e-17	6.31e-14	9.86e-12	8.31e-08	5.40e-05	6.02e-03	1.08e-01	3.41e-01	3.66e-01	1.25e-01	3.62e-02	1.76e-02	3.03e-04	1.57e-06
 2.88489e+23	3.24e-22	6.98e-17	6.37e-14	9.93e-12	8.36e-08	5.42e-05	6.04e-03	1.09e-01	3.41e-01	3.65e-01	1.25e-01	3.61e-02	1.76e-02	3.01e-04	1.56e-06
 2.91544e+23	3.28e-22	7.06e-17	6.44e-14	1.00e-11	8.41e-08	5.45e-05	6.07e-03	1.09e-01	3.41e-01	3.65e-01	1.24e-01	3.60e-02	1.75e-02	2.99e-04	1.54e-06
 2.94599e+23	3.30e-22	7.08e-17	6.46e-14	1.00e-11	8.43e-08	5.46e-05	6.08e-03	1.09e-01	3.42e-01	3.65e-01	1.24e-01	3.60e-02	1.75e-02	2.98e-04	1.54e-06
 2.97654e+23	3.32e-22	7.13e-17	6.49e-14	1.01e-11	8.46e-08	5.47e-05	6.09e-03	1.09e-01	3.42e-01	3.65e-01	1.24e-01	3.59e-02	1.74e-02	2.97e-04	1.53e-06
