#depth	Si	Si+	Si+2	Si+3	Si+4	Si+5	Si+6	Si+7	Si+8	Si+9	Si+10	Si+11	Si+12	Si+13	Si+14
 6.17135e+19	0.00e+00	0.00e+00	0.00e+00	0.00e+00	0.00e+00	8.63e-29	4.01e-24	5.20e-20	2.38e-16	4.76e-13	6.05e-10	4.84e-07	8.07e-04	5.25e-02	9.47e-01
 1.87609e+20	0.00e+00	0.00e+00	0.00e+00	0.00e+00	0.00e+00	1.99e-28	8.40e-24	9.94e-20	4.15e-16	7.56e-13	8.73e-10	6.36e-07	9.65e-04	5.72e-02	9.42e-01
 3.18540e+20	0.00e+00	0.00e+00	0.00e+00	0.00e+00	0.00e+00	4.64e-28	1.78e-23	1.91e-19	7.29e-16	1.21e-12	1.26e-09	8.37e-07	1.16e-03	6.25e-02	9.36e-01
 4.54709e+20	0.00e+00	0.00e+00	0.00e+00	0.00e+00	8.54e-33	1.09e-27	3.80e-23	3.72e-19	1.29e-15	1.94e-12	1.84e-09	1.11e-06	1.39e-03	6.82e-02	9.30e-01
 5.48445e+20	0.00e+00	0.00e+00	0.00e+00	0.00e+00	1.63e-32	1.95e-27	6.35e-23	5.82e-19	1.89e-15	2.68e-12	2.37e-09	1.34e-06	1.57e-03	7.23e-02	9.26e-01
 5.86617e+20	0.00e+00	0.00e+00	0.00e+00	0.00e+00	2.14e-32	2.49e-27	7.88e-23	7.04e-19	2.23e-15	3.07e-12	2.63e-09	1.45e-06	1.65e-03	7.42e-02	9.24e-01
 6.18485e+20	0.00e+00	0.00e+00	0.00e+00	0.00e+00	2.62e-32	2.98e-27	9.25e-23	8.10e-19	2.51e-15	3.39e-12	2.85e-09	1.53e-06	1.72e-03	7.55e-02	9.23e-01
 6.59914e+20	0.00e+00	0.00e+00	0.00e+00	0.00e+00	3.45e-32	3.83e-27	1.15e-22	9.81e-19	2.96e-15	3.89e-12	3.18e-09	1.66e-06	1.81e-03	7.75e-02	9.21e-01
 7.13772e+20	0.00e+00	0.00e+00	0.00e+00	0.00e+00	4.93e-32	5.27e-27	1.53e-22	1.26e-18	3.67e-15	4.65e-12	3.65e-09	1.84e-06	1.94e-03	8.00e-02	9.18e-01
 7.83787e+20	0.00e+00	0.00e+00	0.00e+00	0.00e+00	7.80e-32	7.95e-27	2.20e-22	1.73e-18	4.82e-15	5.84e-12	4.37e-09	2.11e-06	2.12e-03	8.34e-02	9.14e-01
 8.56046e+20	0.00e+00	0.00e+00	0.00e+00	0.00e+00	1.25e-31	1.21e-26	3.20e-22	2.39e-18	6.38e-15	7.38e-12	5.26e-09	2.42e-06	2.31e-03	8.70e-02	9.11e-01
 9.11661e+20	0.00e+00	0.00e+00	0.00e+00	0.00e+00	1.78e-31	1.67e-26	4.25e-22	3.07e-18	7.91e-15	8.83e-12	6.05e-09	2.68e-06	2.48e-03	8.99e-02	9.08e-01
 9.56484e+20	0.00e+00	0.00e+00	0.00e+00	0.00e+00	2.36e-31	2.15e-26	5.32e-22	3.74e-18	9.37e-15	1.02e-11	6.76e-09	2.91e-06	2.61e-03	9.22e-02	9.05e-01
 1.00684e+21	0.00e+00	0.00e+00	0.00e+00	0.00e+00	3.24e-31	2.86e-26	6.85e-22	4.66e-18	1.13e-14	1.19e-11	7.66e-09	3.20e-06	2.78e-03	9.48e-02	9.02e-01
 1.07231e+21	0.00e+00	0.00e+00	0.00e+00	0.00e+00	4.88e-31	4.12e-26	9.47e-22	6.19e-18	1.45e-14	1.46e-11	8.99e-09	3.60e-06	3.00e-03	9.83e-02	8.99e-01
 1.14079e+21	0.00e+00	0.00e+00	0.00e+00	0.00e+00	7.45e-31	6.02e-26	1.33e-21	8.31e-18	1.86e-14	1.80e-11	1.06e-08	4.08e-06	3.25e-03	1.02e-01	8.95e-01
 1.19836e+21	0.00e+00	0.00e+00	0.00e+00	0.00e+00	1.06e-30	8.25e-26	1.75e-21	1.06e-17	2.30e-14	2.15e-11	1.22e-08	4.52e-06	3.47e-03	1.05e-01	8.91e-01
 1.25836e+21	0.00e+00	0.00e+00	0.00e+00	0.00e+00	1.51e-30	1.13e-25	2.32e-21	1.36e-17	2.84e-14	2.57e-11	1.40e-08	5.01e-06	3.71e-03	1.09e-01	8.88e-01
 1.32481e+21	0.00e+00	0.00e+00	0.00e+00	0.00e+00	2.26e-30	1.63e-25	3.21e-21	1.80e-17	3.63e-14	3.15e-11	1.64e-08	5.64e-06	4.01e-03	1.13e-01	8.83e-01
 1.38446e+21	0.00e+00	0.00e+00	0.00e+00	0.00e+00	3.22e-30	2.24e-25	4.25e-21	2.30e-17	4.48e-14	3.76e-11	1.89e-08	6.25e-06	4.29e-03	1.16e-01	8.80e-01
 1.43812e+21	0.00e+00	0.00e+00	0.00e+00	0.00e+00	4.43e-30	2.98e-25	5.47e-21	2.88e-17	5.43e-14	4.42e-11	2.14e-08	6.86e-06	4.55e-03	1.19e-01	8.76e-01
 1.49920e+21	0.00e+00	0.00e+00	0.00e+00	0.00e+00	6.28e-30	4.08e-25	7.23e-21	3.67e-17	6.70e-14	5.27e-11	2.46e-08	7.60e-06	4.86e-03	1.23e-01	8.72e-01
 1.57861e+21	0.00e+00	0.00e+00	0.00e+00	0.00e+00	9.90e-30	6.14e-25	1.04e-20	5.04e-17	8.81e-14	6.63e-11	2.95e-08	8.69e-06	5.30e-03	1.28e-01	8.67e-01
 1.65780e+21	0.00e+00	0.00e+00	0.00e+00	0.00e+00	1.57e-29	9.27e-25	1.50e-20	6.95e-17	1.16e-13	8.36e-11	3.53e-08	9.94e-06	5.78e-03	1.33e-01	8.61e-01
 1.71630e+21	0.00e+00	0.00e+00	0.00e+00	0.00e+00	2.16e-29	1.24e-24	1.93e-20	8.70e-17	1.41e-13	9.83e-11	4.01e-08	1.09e-05	6.14e-03	1.37e-01	8.57e-01
 1.77197e+21	0.00e+00	0.00e+00	0.00e+00	0.00e+00	2.93e-29	1.63e-24	2.46e-20	1.08e-16	1.70e-13	1.15e-10	4.53e-08	1.19e-05	6.50e-03	1.41e-01	8.53e-01
 1.84434e+21	0.00e+00	0.00e+00	0.00e+00	0.00e+00	4.36e-29	2.32e-24	3.38e-20	1.42e-16	2.16e-13	1.40e-10	5.30e-08	1.34e-05	7.00e-03	1.46e-01	8.47e-01
 1.92040e+21	0.00e+00	0.00e+00	0.00e+00	0.00e+00	6.58e-29	3.36e-24	4.69e-20	1.89e-16	2.77e-13	1.73e-10	6.24e-08	1.51e-05	7.57e-03	1.51e-01	8.42e-01
 1.98481e+21	0.00e+00	0.00e+00	0.00e+00	0.00e+00	9.29e-29	4.58e-24	6.18e-20	2.41e-16	3.41e-13	2.06e-10	7.15e-08	1.68e-05	8.07e-03	1.55e-01	8.37e-01
 2.05207e+21	0.00e+00	0.00e+00	0.00e+00	0.00e+00	1.33e-28	6.30e-24	8.21e-20	3.09e-16	4.23e-13	2.47e-10	8.24e-08	1.86e-05	8.63e-03	1.60e-01	8.31e-01
 2.12525e+21	0.00e+00	0.00e+00	0.00e+00	0.00e+00	1.94e-28	8.89e-24	1.11e-19	4.04e-16	5.33e-13	3.00e-10	9.59e-08	2.08e-05	9.27e-03	1.65e-01	8.26e-01
 2.19067e+21	0.00e+00	0.00e+00	0.00e+00	0.00e+00	2.72e-28	1.20e-23	1.46e-19	5.12e-16	6.55e-13	3.56e-10	1.10e-07	2.30e-05	9.88e-03	1.70e-01	8.20e-01
 2.25103e+21	0.00e+00	0.00e+00	0.00e+00	0.00e+00	3.71e-28	1.59e-23	1.86e-19	6.36e-16	7.90e-13	4.17e-10	1.24e-07	2.52e-05	1.05e-02	1.74e-01	8.15e-01
 2.32025e+21	0.00e+00	0.00e+00	0.00e+00	0.00e+00	5.25e-28	2.17e-23	2.46e-19	8.12e-16	9.76e-13	4.98e-10	1.43e-07	2.79e-05	1.12e-02	1.79e-01	8.10e-01
 2.39767e+21	0.00e+00	0.00e+00	0.00e+00	0.00e+00	7.71e-28	3.07e-23	3.35e-19	1.06e-15	1.23e-12	6.06e-10	1.66e-07	3.13e-05	1.20e-02	1.85e-01	8.03e-01
 2.46989e+21	0.00e+00	0.00e+00	0.00e+00	3.63e-33	1.10e-27	4.22e-23	4.44e-19	1.36e-15	1.53e-12	7.27e-10	1.92e-07	3.47e-05	1.28e-02	1.90e-01	7.97e-01
 2.53712e+21	0.00e+00	0.00e+00	0.00e+00	5.19e-33	1.52e-27	5.65e-23	5.76e-19	1.72e-15	1.87e-12	8.59e-10	2.18e-07	3.82e-05	1.36e-02	1.95e-01	7.91e-01
 2.61371e+21	0.00e+00	0.00e+00	0.00e+00	7.73e-33	2.19e-27	7.85e-23	7.71e-19	2.22e-15	2.33e-12	1.04e-09	2.53e-07	4.25e-05	1.46e-02	2.01e-01	7.84e-01
 2.69671e+21	0.00e+00	0.00e+00	0.00e+00	1.18e-32	3.23e-27	1.11e-22	1.05e-18	2.92e-15	2.96e-12	1.26e-09	2.95e-07	4.77e-05	1.57e-02	2.08e-01	7.77e-01
 2.77083e+21	0.00e+00	0.00e+00	0.00e+00	1.72e-32	4.55e-27	1.52e-22	1.39e-18	3.71e-15	3.65e-12	1.51e-09	3.39e-07	5.27e-05	1.67e-02	2.13e-01	7.70e-01
 2.83815e+21	0.00e+00	0.00e+00	0.00e+00	2.41e-32	6.17e-27	2.00e-22	1.77e-18	4.61e-15	4.41e-12	1.77e-09	3.83e-07	5.77e-05	1.77e-02	2.19e-01	7.64e-01
 2.91384e+21	0.00e+00	0.00e+00	0.00e+00	3.49e-32	8.65e-27	2.71e-22	2.32e-18	5.85e-15	5.42e-12	2.10e-09	4.39e-07	6.37e-05	1.88e-02	2.24e-01	7.57e-01
 2.99880e+21	0.00e+00	0.00e+00	0.00e+00	5.25e-32	1.26e-26	3.79e-22	3.13e-18	7.61e-15	6.82e-12	2.55e-09	5.10e-07	7.12e-05	2.01e-02	2.31e-01	7.49e-01
 3.07861e+21	0.00e+00	0.00e+00	0.00e+00	7.66e-32	1.77e-26	5.17e-22	4.13e-18	9.72e-15	8.44e-12	3.05e-09	5.86e-07	7.88e-05	2.15e-02	2.37e-01	7.41e-01
 3.15335e+21	0.00e+00	0.00e+00	0.00e+00	1.08e-31	2.44e-26	6.88e-22	5.33e-18	1.22e-14	1.03e-11	3.59e-09	6.65e-07	8.65e-05	2.27e-02	2.43e-01	7.34e-01
 3.23867e+21	0.00e+00	0.00e+00	0.00e+00	1.60e-31	3.48e-26	9.48e-22	7.09e-18	1.56e-14	1.28e-11	4.32e-09	7.68e-07	9.60e-05	2.43e-02	2.49e-01	7.26e-01
 3.33033e+21	0.00e+00	0.00e+00	0.00e+00	2.41e-31	5.06e-26	1.33e-21	9.58e-18	2.04e-14	1.61e-11	5.25e-09	8.93e-07	1.07e-04	2.60e-02	2.57e-01	7.17e-01
 3.41092e+21	0.00e+00	0.00e+00	0.00e+00	3.43e-31	6.99e-26	1.78e-21	1.24e-17	2.57e-14	1.96e-11	6.21e-09	1.02e-06	1.18e-04	2.76e-02	2.63e-01	7.10e-01
 3.49639e+21	0.00e+00	0.00e+00	0.00e+00	4.95e-31	9.77e-26	2.41e-21	1.63e-17	3.25e-14	2.42e-11	7.39e-09	1.16e-06	1.30e-04	2.93e-02	2.69e-01	7.01e-01
 3.59244e+21	0.00e+00	0.00e+00	0.00e+00	7.42e-31	1.42e-25	3.36e-21	2.19e-17	4.23e-14	3.04e-11	8.95e-09	1.35e-06	1.45e-04	3.13e-02	2.76e-01	6.92e-01
 3.68301e+21	0.00e+00	0.00e+00	0.00e+00	1.08e-30	1.99e-25	4.58e-21	2.89e-17	5.40e-14	3.75e-11	1.07e-08	1.55e-06	1.60e-04	3.33e-02	2.83e-01	6.83e-01
 3.76829e+21	0.00e+00	0.00e+00	0.00e+00	1.52e-30	2.73e-25	6.09e-21	3.73e-17	6.75e-14	4.56e-11	1.26e-08	1.76e-06	1.75e-04	3.52e-02	2.89e-01	6.75e-01
 3.86596e+21	0.00e+00	0.00e+00	0.00e+00	2.24e-30	3.89e-25	8.39e-21	4.96e-17	8.68e-14	5.68e-11	1.51e-08	2.03e-06	1.94e-04	3.75e-02	2.96e-01	6.66e-01
 3.97521e+21	0.00e+00	0.00e+00	0.00e+00	3.42e-30	5.74e-25	1.19e-20	6.77e-17	1.14e-13	7.22e-11	1.85e-08	2.37e-06	2.18e-04	4.02e-02	3.04e-01	6.55e-01
 4.07272e+21	0.00e+00	0.00e+00	0.00e+00	4.95e-30	8.06e-25	1.62e-20	8.90e-17	1.46e-13	8.90e-11	2.21e-08	2.72e-06	2.40e-04	4.27e-02	3.11e-01	6.46e-01
 4.15713e+21	0.00e+00	0.00e+00	0.00e+00	6.77e-30	1.07e-24	2.10e-20	1.12e-16	1.79e-13	1.06e-10	2.56e-08	3.05e-06	2.61e-04	4.49e-02	3.17e-01	6.38e-01
 4.25136e+21	0.00e+00	0.00e+00	0.00e+00	9.45e-30	1.46e-24	2.76e-20	1.44e-16	2.22e-13	1.28e-10	2.99e-08	3.45e-06	2.84e-04	4.73e-02	3.23e-01	6.29e-01
 4.37385e+21	0.00e+00	0.00e+00	0.00e+00	1.47e-29	2.19e-24	4.00e-20	2.00e-16	2.96e-13	1.65e-10	3.70e-08	4.06e-06	3.20e-04	5.08e-02	3.32e-01	6.17e-01
 4.49794e+21	0.00e+00	0.00e+00	0.00e+00	2.27e-29	3.26e-24	5.72e-20	2.75e-16	3.93e-13	2.11e-10	4.54e-08	4.76e-06	3.58e-04	5.44e-02	3.40e-01	6.05e-01
 4.59860e+21	0.00e+00	0.00e+00	0.00e+00	3.20e-29	4.47e-24	7.60e-20	3.55e-16	4.92e-13	2.56e-10	5.35e-08	5.39e-06	3.92e-04	5.74e-02	3.46e-01	5.96e-01
 4.70395e+21	0.00e+00	0.00e+00	0.00e+00	4.54e-29	6.16e-24	1.02e-19	4.60e-16	6.18e-13	3.13e-10	6.31e-08	6.13e-06	4.29e-04	6.06e-02	3.53e-01	5.86e-01
 4.84090e+21	0.00e+00	0.00e+00	0.00e+00	7.09e-29	9.27e-24	1.47e-19	6.39e-16	8.26e-13	4.02e-10	7.79e-08	7.21e-06	4.82e-04	6.49e-02	3.61e-01	5.73e-01
 4.98144e+21	0.00e+00	0.00e+00	0.00e+00	1.11e-28	1.40e-23	2.13e-19	8.91e-16	1.11e-12	5.19e-10	9.62e-08	8.48e-06	5.41e-04	6.95e-02	3.69e-01	5.61e-01
 5.09156e+21	0.00e+00	0.00e+00	0.00e+00	1.56e-28	1.92e-23	2.84e-19	1.15e-15	1.38e-12	6.30e-10	1.13e-07	9.61e-06	5.91e-04	7.32e-02	3.76e-01	5.50e-01
 5.19960e+21	0.00e+00	0.00e+00	0.00e+00	2.17e-28	2.59e-23	3.73e-19	1.47e-15	1.72e-12	7.58e-10	1.32e-07	1.08e-05	6.43e-04	7.70e-02	3.82e-01	5.41e-01
 5.34005e+21	0.00e+00	0.00e+00	4.52e-33	3.30e-28	3.81e-23	5.28e-19	2.00e-15	2.25e-12	9.61e-10	1.61e-07	1.26e-05	7.15e-04	8.19e-02	3.89e-01	5.28e-01
 5.48575e+21	0.00e+00	0.00e+00	7.30e-33	5.05e-28	5.63e-23	7.52e-19	2.74e-15	2.98e-12	1.22e-09	1.96e-07	1.47e-05	7.97e-04	8.73e-02	3.97e-01	5.15e-01
 5.60729e+21	0.00e+00	0.00e+00	1.08e-32	7.16e-28	7.75e-23	1.00e-18	3.55e-15	3.73e-12	1.49e-09	2.31e-07	1.66e-05	8.70e-04	9.19e-02	4.02e-01	5.05e-01
 5.73428e+21	0.00e+00	0.00e+00	1.59e-32	1.01e-27	1.07e-22	1.34e-18	4.60e-15	4.68e-12	1.81e-09	2.72e-07	1.88e-05	9.49e-04	9.66e-02	4.08e-01	4.94e-01
 5.89938e+21	0.00e+00	0.00e+00	2.66e-32	1.60e-27	1.63e-22	1.96e-18	6.46e-15	6.31e-12	2.34e-09	3.37e-07	2.22e-05	1.06e-03	1.03e-01	4.16e-01	4.80e-01
 6.06612e+21	0.00e+00	0.00e+00	4.40e-32	2.50e-27	2.45e-22	2.85e-18	9.01e-15	8.45e-12	3.02e-09	4.16e-07	2.61e-05	1.19e-03	1.10e-01	4.23e-01	4.66e-01
 6.19997e+21	0.00e+00	0.00e+00	6.52e-32	3.56e-27	3.39e-22	3.82e-18	1.17e-14	1.06e-11	3.68e-09	4.89e-07	2.95e-05	1.30e-03	1.16e-01	4.28e-01	4.55e-01
 6.31936e+21	0.00e+00	0.00e+00	9.21e-32	4.84e-27	4.50e-22	4.93e-18	1.47e-14	1.30e-11	4.37e-09	5.65e-07	3.30e-05	1.40e-03	1.21e-01	4.33e-01	4.45e-01
 6.45496e+21	0.00e+00	0.00e+00	1.35e-31	6.80e-27	6.16e-22	6.55e-18	1.89e-14	1.62e-11	5.30e-09	6.62e-07	3.72e-05	1.52e-03	1.26e-01	4.38e-01	4.34e-01
 6.63124e+21	0.00e+00	0.00e+00	2.20e-31	1.05e-26	9.19e-22	9.41e-18	2.62e-14	2.15e-11	6.76e-09	8.10e-07	4.34e-05	1.69e-03	1.34e-01	4.43e-01	4.21e-01
 6.81044e+21	0.00e+00	0.00e+00	3.59e-31	1.62e-26	1.37e-21	1.35e-17	3.62e-14	2.86e-11	8.64e-09	9.92e-07	5.06e-05	1.88e-03	1.42e-01	4.49e-01	4.07e-01
 6.95465e+21	0.00e+00	0.00e+00	5.27e-31	2.28e-26	1.88e-21	1.80e-17	4.67e-14	3.58e-11	1.05e-08	1.16e-06	5.71e-05	2.04e-03	1.49e-01	4.53e-01	3.96e-01
 7.10330e+21	0.00e+00	0.00e+00	7.76e-31	3.22e-26	2.58e-21	2.40e-17	6.03e-14	4.48e-11	1.27e-08	1.36e-06	6.44e-05	2.22e-03	1.56e-01	4.57e-01	3.85e-01
 7.29655e+21	0.00e+00	0.00e+00	1.27e-30	4.99e-26	3.87e-21	3.46e-17	8.36e-14	5.97e-11	1.63e-08	1.67e-06	7.51e-05	2.47e-03	1.65e-01	4.61e-01	3.71e-01
 7.49616e+21	0.00e+00	0.00e+00	2.10e-30	7.80e-26	5.84e-21	5.02e-17	1.17e-13	7.99e-11	2.09e-08	2.05e-06	8.78e-05	2.74e-03	1.75e-01	4.65e-01	3.57e-01
 7.65943e+21	0.00e+00	0.00e+00	3.14e-30	1.11e-25	8.12e-21	6.77e-17	1.52e-13	1.01e-10	2.56e-08	2.42e-06	9.95e-05	2.98e-03	1.83e-01	4.68e-01	3.46e-01
 7.82709e+21	0.00e+00	0.00e+00	4.69e-30	1.59e-25	1.13e-20	9.14e-17	1.99e-13	1.27e-10	3.13e-08	2.86e-06	1.13e-04	3.24e-03	1.91e-01	4.71e-01	3.35e-01
 8.00385e+21	0.00e+00	0.00e+00	7.14e-30	2.31e-25	1.59e-20	1.25e-16	2.63e-13	1.63e-10	3.86e-08	3.39e-06	1.28e-04	3.54e-03	2.00e-01	4.73e-01	3.23e-01
 8.15435e+21	0.00e+00	0.00e+00	1.01e-29	3.16e-25	2.13e-20	1.62e-16	3.32e-13	1.99e-10	4.59e-08	3.92e-06	1.43e-04	3.80e-03	2.07e-01	4.75e-01	3.14e-01
 8.31187e+21	0.00e+00	0.00e+00	1.45e-29	4.34e-25	2.86e-20	2.12e-16	4.22e-13	2.46e-10	5.50e-08	4.54e-06	1.60e-04	4.09e-03	2.15e-01	4.77e-01	3.04e-01
 8.51665e+21	0.00e+00	0.00e+00	2.30e-29	6.52e-25	4.17e-20	2.98e-16	5.72e-13	3.21e-10	6.92e-08	5.48e-06	1.84e-04	4.49e-03	2.26e-01	4.78e-01	2.91e-01
 8.72227e+21	0.00e+00	0.00e+00	3.63e-29	9.76e-25	6.06e-20	4.19e-16	7.76e-13	4.19e-10	8.69e-08	6.60e-06	2.11e-04	4.93e-03	2.37e-01	4.79e-01	2.79e-01
 8.88327e+21	0.00e+00	0.00e+00	5.16e-29	1.33e-24	8.08e-20	5.44e-16	9.80e-13	5.14e-10	1.04e-07	7.61e-06	2.35e-04	5.29e-03	2.45e-01	4.79e-01	2.70e-01
 9.01695e+21	0.00e+00	0.00e+00	6.86e-29	1.71e-24	1.02e-19	6.73e-16	1.19e-12	6.07e-10	1.19e-07	8.55e-06	2.56e-04	5.60e-03	2.52e-01	4.79e-01	2.63e-01
 9.16080e+21	0.00e+00	0.00e+00	9.31e-29	2.24e-24	1.31e-19	8.46e-16	1.45e-12	7.25e-10	1.39e-07	9.69e-06	2.81e-04	5.95e-03	2.60e-01	4.79e-01	2.55e-01
 9.34782e+21	0.00e+00	0.00e+00	1.37e-28	3.16e-24	1.80e-19	1.13e-15	1.88e-12	9.09e-10	1.69e-07	1.14e-05	3.16e-04	6.43e-03	2.70e-01	4.78e-01	2.45e-01
 9.53842e+21	0.00e+00	0.00e+00	2.03e-28	4.46e-24	2.49e-19	1.52e-15	2.45e-12	1.14e-09	2.06e-07	1.33e-05	3.56e-04	6.94e-03	2.80e-01	4.77e-01	2.35e-01
 9.69098e+21	0.00e+00	0.00e+00	2.77e-28	5.86e-24	3.22e-19	1.91e-15	3.01e-12	1.37e-09	2.40e-07	1.51e-05	3.91e-04	7.38e-03	2.88e-01	4.76e-01	2.27e-01
 9.84662e+21	0.00e+00	3.09e-33	3.78e-28	7.70e-24	4.15e-19	2.41e-15	3.71e-12	1.64e-09	2.81e-07	1.72e-05	4.30e-04	7.84e-03	2.97e-01	4.75e-01	2.20e-01
 1.00122e+22	0.00e+00	4.46e-33	5.24e-28	1.03e-23	5.43e-19	3.08e-15	4.62e-12	1.99e-09	3.31e-07	1.96e-05	4.75e-04	8.35e-03	3.06e-01	4.73e-01	2.12e-01
 1.01545e+22	0.00e+00	6.11e-33	6.92e-28	1.31e-23	6.83e-19	3.80e-15	5.58e-12	2.35e-09	3.81e-07	2.20e-05	5.16e-04	8.81e-03	3.13e-01	4.72e-01	2.05e-01
 1.02838e+22	0.00e+00	8.05e-33	8.86e-28	1.63e-23	8.37e-19	4.57e-15	6.58e-12	2.71e-09	4.31e-07	2.43e-05	5.56e-04	9.24e-03	3.20e-01	4.70e-01	2.00e-01
 1.04325e+22	0.00e+00	1.11e-32	1.18e-27	2.09e-23	1.06e-18	5.66e-15	7.97e-12	3.21e-09	4.97e-07	2.73e-05	6.06e-04	9.76e-03	3.28e-01	4.68e-01	1.93e-01
 1.05996e+22	0.00e+00	1.58e-32	1.61e-27	2.76e-23	1.37e-18	7.18e-15	9.86e-12	3.86e-09	5.83e-07	3.11e-05	6.66e-04	1.04e-02	3.37e-01	4.66e-01	1.86e-01
 1.07570e+22	0.00e+00	2.20e-32	2.17e-27	3.57e-23	1.75e-18	8.96e-15	1.20e-11	4.59e-09	6.76e-07	3.50e-05	7.28e-04	1.10e-02	3.46e-01	4.63e-01	1.79e-01
 1.09031e+22	0.00e+00	2.98e-32	2.84e-27	4.51e-23	2.18e-18	1.10e-14	1.44e-11	5.39e-09	7.75e-07	3.91e-05	7.89e-04	1.15e-02	3.54e-01	4.60e-01	1.74e-01
 1.10685e+22	0.00e+00	4.18e-32	3.83e-27	5.87e-23	2.80e-18	1.38e-14	1.77e-11	6.43e-09	9.03e-07	4.42e-05	8.64e-04	1.22e-02	3.63e-01	4.57e-01	1.67e-01
 1.12415e+22	0.00e+00	5.95e-32	5.24e-27	7.71e-23	3.62e-18	1.75e-14	2.19e-11	7.75e-09	1.06e-06	5.03e-05	9.50e-04	1.29e-02	3.72e-01	4.54e-01	1.61e-01
 1.13861e+22	0.00e+00	7.97e-32	6.79e-27	9.66e-23	4.49e-18	2.13e-14	2.62e-11	9.04e-09	1.21e-06	5.60e-05	1.03e-03	1.36e-02	3.80e-01	4.51e-01	1.55e-01
 1.15358e+22	0.00e+00	1.07e-31	8.83e-27	1.22e-22	5.58e-18	2.60e-14	3.13e-11	1.06e-08	1.38e-06	6.24e-05	1.11e-03	1.43e-02	3.88e-01	4.47e-01	1.50e-01
 1.17304e+22	0.00e+00	1.57e-31	1.24e-26	1.63e-22	7.38e-18	3.36e-14	3.95e-11	1.30e-08	1.64e-06	7.17e-05	1.23e-03	1.52e-02	3.98e-01	4.43e-01	1.43e-01
 1.19252e+22	0.00e+00	2.31e-31	1.74e-26	2.19e-22	9.77e-18	4.35e-14	4.98e-11	1.59e-08	1.95e-06	8.25e-05	1.36e-03	1.62e-02	4.08e-01	4.38e-01	1.37e-01
 1.20760e+22	0.00e+00	3.09e-31	2.25e-26	2.74e-22	1.21e-17	5.30e-14	5.96e-11	1.85e-08	2.23e-06	9.18e-05	1.47e-03	1.70e-02	4.16e-01	4.34e-01	1.32e-01
 1.22277e+22	0.00e+00	4.13e-31	2.90e-26	3.41e-22	1.50e-17	6.45e-14	7.11e-11	2.16e-08	2.54e-06	1.02e-04	1.59e-03	1.78e-02	4.24e-01	4.30e-01	1.27e-01
 1.24249e+22	0.00e+00	6.00e-31	4.03e-26	4.53e-22	1.97e-17	8.30e-14	8.93e-11	2.64e-08	3.01e-06	1.17e-04	1.76e-03	1.89e-02	4.34e-01	4.25e-01	1.21e-01
 1.26274e+22	0.00e+00	8.79e-31	5.64e-26	6.06e-22	2.60e-17	1.08e-13	1.13e-10	3.24e-08	3.59e-06	1.35e-04	1.95e-03	2.01e-02	4.44e-01	4.19e-01	1.15e-01
 1.27852e+22	0.00e+00	1.18e-30	7.31e-26	7.57e-22	3.23e-17	1.31e-13	1.35e-10	3.79e-08	4.11e-06	1.50e-04	2.10e-03	2.11e-02	4.52e-01	4.14e-01	1.10e-01
 1.29183e+22	0.00e+00	1.51e-30	9.07e-26	9.11e-22	3.87e-17	1.55e-13	1.57e-10	4.33e-08	4.60e-06	1.64e-04	2.25e-03	2.19e-02	4.59e-01	4.10e-01	1.07e-01
 1.30708e+22	0.00e+00	2.00e-30	1.16e-25	1.12e-21	4.75e-17	1.88e-13	1.87e-10	5.03e-08	5.23e-06	1.82e-04	2.42e-03	2.29e-02	4.66e-01	4.06e-01	1.03e-01
 1.32691e+22	0.00e+00	2.86e-30	1.58e-25	1.47e-21	6.17e-17	2.40e-13	2.33e-10	6.11e-08	6.16e-06	2.08e-04	2.66e-03	2.43e-02	4.76e-01	3.99e-01	9.77e-02
 1.34695e+22	0.00e+00	4.10e-30	2.17e-25	1.93e-21	8.05e-17	3.07e-13	2.92e-10	7.43e-08	7.29e-06	2.38e-04	2.93e-03	2.57e-02	4.86e-01	3.93e-01	9.27e-02
 1.36271e+22	0.00e+00	5.47e-30	2.79e-25	2.38e-21	9.94e-17	3.74e-13	3.50e-10	8.70e-08	8.33e-06	2.65e-04	3.17e-03	2.69e-02	4.93e-01	3.88e-01	8.88e-02
 1.37864e+22	0.00e+00	7.20e-30	3.55e-25	2.92e-21	1.22e-16	4.52e-13	4.15e-10	1.01e-07	9.46e-06	2.93e-04	3.41e-03	2.81e-02	5.00e-01	3.82e-01	8.53e-02
 1.39935e+22	0.00e+00	1.03e-29	4.85e-25	3.81e-21	1.58e-16	5.79e-13	5.20e-10	1.23e-07	1.12e-05	3.35e-04	3.76e-03	2.97e-02	5.10e-01	3.76e-01	8.07e-02
 1.42037e+22	0.00e+00	1.49e-29	6.66e-25	4.99e-21	2.07e-16	7.45e-13	6.55e-10	1.50e-07	1.33e-05	3.84e-04	4.15e-03	3.14e-02	5.19e-01	3.68e-01	7.63e-02
 1.43700e+22	0.00e+00	1.98e-29	8.53e-25	6.15e-21	2.56e-16	9.09e-13	7.85e-10	1.76e-07	1.52e-05	4.28e-04	4.48e-03	3.29e-02	5.27e-01	3.62e-01	7.29e-02
 1.45381e+22	0.00e+00	2.62e-29	1.09e-24	7.56e-21	3.15e-16	1.11e-12	9.40e-10	2.06e-07	1.73e-05	4.76e-04	4.83e-03	3.44e-02	5.34e-01	3.57e-01	6.96e-02
 1.47567e+22	0.00e+00	3.77e-29	1.49e-24	9.84e-21	4.11e-16	1.42e-12	1.18e-09	2.52e-07	2.06e-05	5.45e-04	5.33e-03	3.64e-02	5.43e-01	3.49e-01	6.56e-02
 1.49797e+22	0.00e+00	5.46e-29	2.05e-24	1.29e-20	5.40e-16	1.84e-12	1.50e-09	3.10e-07	2.45e-05	6.28e-04	5.90e-03	3.85e-02	5.52e-01	3.41e-01	6.16e-02
 1.51577e+22	0.00e+00	7.30e-29	2.63e-24	1.59e-20	6.70e-16	2.26e-12	1.81e-09	3.66e-07	2.82e-05	7.01e-04	6.38e-03	4.03e-02	5.59e-01	3.35e-01	5.86e-02
 1.53383e+22	0.00e+00	9.74e-29	3.37e-24	1.95e-20	8.28e-16	2.77e-12	2.18e-09	4.30e-07	3.23e-05	7.82e-04	6.90e-03	4.21e-02	5.66e-01	3.28e-01	5.57e-02
 1.55732e+22	0.00e+00	1.41e-28	4.62e-24	2.53e-20	1.09e-15	3.59e-12	2.77e-09	5.30e-07	3.86e-05	9.00e-04	7.63e-03	4.46e-02	5.75e-01	3.20e-01	5.21e-02
 1.58125e+22	0.00e+00	2.04e-28	6.36e-24	3.30e-20	1.43e-15	4.67e-12	3.53e-09	6.56e-07	4.62e-05	1.04e-03	8.45e-03	4.72e-02	5.83e-01	3.11e-01	4.87e-02
 1.60050e+22	0.00e+00	2.74e-28	8.19e-24	4.07e-20	1.78e-15	5.76e-12	4.28e-09	7.77e-07	5.33e-05	1.16e-03	9.16e-03	4.94e-02	5.90e-01	3.04e-01	4.60e-02
 1.62029e+22	0.00e+00	3.68e-28	1.05e-23	5.00e-20	2.22e-15	7.10e-12	5.20e-09	9.20e-07	6.14e-05	1.30e-03	9.93e-03	5.17e-02	5.96e-01	2.97e-01	4.35e-02
 1.64212e+22	0.00e+00	5.07e-28	1.38e-23	6.27e-20	2.81e-15	8.93e-12	6.42e-09	1.11e-06	7.17e-05	1.47e-03	1.08e-02	5.43e-02	6.03e-01	2.90e-01	4.09e-02
 1.66180e+22	0.00e+00	6.74e-28	1.76e-23	7.64e-20	3.47e-15	1.09e-11	7.74e-09	1.30e-06	8.24e-05	1.64e-03	1.17e-02	5.67e-02	6.09e-01	2.83e-01	3.86e-02
 1.67962e+22	0.00e+00	8.66e-28	2.18e-23	9.11e-20	4.18e-15	1.31e-11	9.15e-09	1.51e-06	9.31e-05	1.81e-03	1.26e-02	5.89e-02	6.13e-01	2.77e-01	3.67e-02
 1.69982e+22	0.00e+00	1.14e-27	2.76e-23	1.11e-19	5.14e-15	1.60e-11	1.10e-08	1.78e-06	1.07e-04	2.02e-03	1.36e-02	6.14e-02	6.19e-01	2.70e-01	3.46e-02
 1.72608e+22	0.00e+00	1.63e-27	3.72e-23	1.41e-19	6.67e-15	2.05e-11	1.39e-08	2.18e-06	1.27e-04	2.31e-03	1.49e-02	6.48e-02	6.25e-01	2.61e-01	3.21e-02
 1.75246e+22	0.00e+00	2.31e-27	5.01e-23	1.80e-19	8.65e-15	2.64e-11	1.75e-08	2.67e-06	1.50e-04	2.64e-03	1.64e-02	6.82e-02	6.30e-01	2.52e-01	2.98e-02
 1.77304e+22	0.00e+00	3.01e-27	6.28e-23	2.16e-19	1.05e-14	3.20e-11	2.09e-08	3.12e-06	1.71e-04	2.93e-03	1.77e-02	7.10e-02	6.34e-01	2.46e-01	2.81e-02
 1.79387e+22	0.00e+00	3.91e-27	7.82e-23	2.59e-19	1.28e-14	3.85e-11	2.49e-08	3.63e-06	1.94e-04	3.24e-03	1.89e-02	7.37e-02	6.38e-01	2.40e-01	2.65e-02
 1.82093e+22	0.00e+00	5.43e-27	1.03e-22	3.25e-19	1.62e-14	4.86e-11	3.09e-08	4.40e-06	2.27e-04	3.67e-03	2.07e-02	7.73e-02	6.42e-01	2.31e-01	2.46e-02
 1.84941e+22	0.00e+00	7.64e-27	1.38e-22	4.11e-19	2.09e-14	6.20e-11	3.88e-08	5.37e-06	2.68e-04	4.18e-03	2.27e-02	8.12e-02	6.46e-01	2.23e-01	2.28e-02
 1.87354e+22	4.05e-33	1.01e-26	1.75e-22	4.99e-19	2.57e-14	7.58e-11	4.67e-08	6.33e-06	3.07e-04	4.65e-03	2.44e-02	8.45e-02	6.49e-01	2.16e-01	2.13e-02
 1.89871e+22	5.61e-33	1.35e-26	2.23e-22	6.07e-19	3.16e-14	9.26e-11	5.63e-08	7.46e-06	3.52e-04	5.17e-03	2.63e-02	8.79e-02	6.51e-01	2.09e-01	1.99e-02
 1.93143e+22	8.45e-33	1.92e-26	3.02e-22	7.78e-19	4.09e-14	1.19e-10	7.11e-08	9.17e-06	4.17e-04	5.91e-03	2.89e-02	9.24e-02	6.53e-01	2.01e-01	1.83e-02
 1.96486e+22	1.28e-32	2.76e-26	4.11e-22	1.00e-18	5.31e-14	1.53e-10	9.00e-08	1.13e-05	4.95e-04	6.75e-03	3.17e-02	9.70e-02	6.55e-01	1.92e-01	1.67e-02
 1.99061e+22	1.75e-32	3.64e-26	5.19e-22	1.21e-18	6.47e-14	1.86e-10	1.08e-07	1.32e-05	5.63e-04	7.47e-03	3.40e-02	1.01e-01	6.56e-01	1.86e-01	1.56e-02
 2.01145e+22	2.24e-32	4.51e-26	6.23e-22	1.40e-18	7.55e-14	2.16e-10	1.24e-07	1.49e-05	6.22e-04	8.08e-03	3.59e-02	1.03e-01	6.56e-01	1.81e-01	1.48e-02
 2.03448e+22	2.91e-32	5.67e-26	7.58e-22	1.65e-18	8.88e-14	2.52e-10	1.43e-07	1.70e-05	6.91e-04	8.76e-03	3.79e-02	1.06e-01	6.56e-01	1.76e-01	1.40e-02
 2.06442e+22	4.06e-32	7.60e-26	9.73e-22	2.02e-18	1.09e-13	3.08e-10	1.72e-07	2.00e-05	7.90e-04	9.73e-03	4.07e-02	1.10e-01	6.56e-01	1.69e-01	1.30e-02
 2.09643e+22	5.79e-32	1.04e-25	1.27e-21	2.52e-18	1.36e-13	3.81e-10	2.10e-07	2.38e-05	9.11e-04	1.09e-02	4.39e-02	1.15e-01	6.55e-01	1.63e-01	1.20e-02
 2.12424e+22	7.83e-32	1.35e-25	1.59e-21	3.04e-18	1.64e-13	4.55e-10	2.48e-07	2.76e-05	1.03e-03	1.19e-02	4.68e-02	1.18e-01	6.54e-01	1.57e-01	1.12e-02
 2.15353e+22	1.06e-31	1.77e-25	2.00e-21	3.67e-18	1.98e-13	5.45e-10	2.93e-07	3.20e-05	1.16e-03	1.31e-02	4.98e-02	1.22e-01	6.52e-01	1.51e-01	1.04e-02
 2.19160e+22	1.57e-31	2.49e-25	2.69e-21	4.67e-18	2.50e-13	6.85e-10	3.62e-07	3.85e-05	1.35e-03	1.47e-02	5.39e-02	1.27e-01	6.49e-01	1.44e-01	9.51e-03
 2.23013e+22	2.31e-31	3.52e-25	3.61e-21	5.97e-18	3.17e-13	8.60e-10	4.47e-07	4.64e-05	1.57e-03	1.65e-02	5.82e-02	1.32e-01	6.46e-01	1.37e-01	8.67e-03
 2.26066e+22	3.13e-31	4.60e-25	4.54e-21	7.23e-18	3.81e-13	1.03e-09	5.26e-07	5.36e-05	1.76e-03	1.80e-02	6.17e-02	1.36e-01	6.43e-01	1.32e-01	8.07e-03
 2.28669e+22	4.02e-31	5.74e-25	5.50e-21	8.47e-18	4.43e-13	1.18e-09	6.02e-07	6.03e-05	1.93e-03	1.94e-02	6.48e-02	1.39e-01	6.40e-01	1.28e-01	7.59e-03
 2.31544e+22	5.26e-31	7.29e-25	6.76e-21	1.00e-17	5.21e-13	1.38e-09	6.94e-07	6.84e-05	2.14e-03	2.09e-02	6.82e-02	1.42e-01	6.36e-01	1.23e-01	7.11e-03
 2.35282e+22	7.41e-31	9.88e-25	8.79e-21	1.25e-17	6.39e-13	1.68e-09	8.33e-07	8.03e-05	2.43e-03	2.31e-02	7.26e-02	1.47e-01	6.31e-01	1.18e-01	6.54e-03
 2.39149e+22	1.05e-30	1.35e-24	1.15e-20	1.57e-17	7.89e-13	2.06e-09	1.00e-06	9.45e-05	2.77e-03	2.55e-02	7.75e-02	1.51e-01	6.25e-01	1.12e-01	5.99e-03
 2.42337e+22	1.40e-30	1.74e-24	1.43e-20	1.88e-17	9.34e-13	2.42e-09	1.16e-06	1.08e-04	3.08e-03	2.76e-02	8.15e-02	1.54e-01	6.20e-01	1.08e-01	5.58e-03
 2.45637e+22	1.85e-30	2.24e-24	1.78e-20	2.26e-17	1.11e-12	2.83e-09	1.35e-06	1.23e-04	3.41e-03	2.98e-02	8.56e-02	1.58e-01	6.14e-01	1.04e-01	5.20e-03
 2.49927e+22	2.65e-30	3.09e-24	2.36e-20	2.86e-17	1.37e-12	3.47e-09	1.62e-06	1.44e-04	3.89e-03	3.28e-02	9.11e-02	1.62e-01	6.07e-01	9.83e-02	4.74e-03
 2.54375e+22	3.83e-30	4.31e-24	3.15e-20	3.65e-17	1.70e-12	4.27e-09	1.96e-06	1.71e-04	4.43e-03	3.62e-02	9.69e-02	1.66e-01	5.98e-01	9.30e-02	4.31e-03
 2.58070e+22	5.17e-30	5.64e-24	3.98e-20	4.45e-17	2.04e-12	5.05e-09	2.29e-06	1.95e-04	4.93e-03	3.92e-02	1.02e-01	1.70e-01	5.91e-01	8.89e-02	3.98e-03
 2.61914e+22	6.97e-30	7.39e-24	5.04e-20	5.43e-17	2.43e-12	5.97e-09	2.67e-06	2.23e-04	5.48e-03	4.24e-02	1.07e-01	1.73e-01	5.83e-01	8.48e-02	3.68e-03
 2.66911e+22	1.02e-29	1.04e-23	6.80e-20	7.00e-17	3.05e-12	7.38e-09	3.24e-06	2.64e-04	6.26e-03	4.67e-02	1.13e-01	1.77e-01	5.73e-01	7.99e-02	3.32e-03
 2.72085e+22	1.50e-29	1.48e-23	9.26e-20	9.09e-17	3.84e-12	9.16e-09	3.95e-06	3.14e-04	7.15e-03	5.15e-02	1.20e-01	1.81e-01	5.62e-01	7.50e-02	2.99e-03
 2.76155e+22	2.02e-29	1.95e-23	1.18e-19	1.11e-16	4.59e-12	1.08e-08	4.59e-06	3.57e-04	7.92e-03	5.55e-02	1.26e-01	1.84e-01	5.52e-01	7.13e-02	2.75e-03
 2.80116e+22	2.66e-29	2.51e-23	1.47e-19	1.35e-16	5.42e-12	1.26e-08	5.28e-06	4.04e-04	8.71e-03	5.94e-02	1.31e-01	1.86e-01	5.43e-01	6.80e-02	2.54e-03
 2.85264e+22	3.78e-29	3.47e-23	1.95e-19	1.71e-16	6.69e-12	1.53e-08	6.30e-06	4.70e-04	9.81e-03	6.47e-02	1.38e-01	1.89e-01	5.31e-01	6.40e-02	2.30e-03
 2.90698e+22	5.46e-29	4.86e-23	2.62e-19	2.21e-16	8.34e-12	1.88e-08	7.58e-06	5.51e-04	1.11e-02	7.07e-02	1.45e-01	1.92e-01	5.18e-01	5.99e-02	2.07e-03
 2.95349e+22	7.39e-29	6.45e-23	3.36e-19	2.73e-16	1.00e-11	2.23e-08	8.82e-06	6.29e-04	1.23e-02	7.59e-02	1.51e-01	1.95e-01	5.07e-01	5.66e-02	1.89e-03
 3.00241e+22	1.01e-28	8.58e-23	4.32e-19	3.38e-16	1.21e-11	2.64e-08	1.03e-05	7.18e-04	1.36e-02	8.15e-02	1.57e-01	1.96e-01	4.96e-01	5.35e-02	1.72e-03
 3.06601e+22	1.48e-28	1.23e-22	5.94e-19	4.44e-16	1.53e-11	3.28e-08	1.25e-05	8.46e-04	1.54e-02	8.90e-02	1.65e-01	1.99e-01	4.80e-01	4.96e-02	1.53e-03
 3.13268e+22	2.20e-28	1.79e-22	8.27e-19	5.90e-16	1.95e-11	4.10e-08	1.52e-05	1.00e-03	1.75e-02	9.74e-02	1.73e-01	2.00e-01	4.64e-01	4.58e-02	1.35e-03
 3.18938e+22	3.06e-28	2.45e-22	1.09e-18	7.46e-16	2.39e-11	4.92e-08	1.79e-05	1.15e-03	1.95e-02	1.05e-01	1.79e-01	2.01e-01	4.50e-01	4.27e-02	1.22e-03
 3.23957e+22	4.05e-28	3.20e-22	1.38e-18	9.13e-16	2.84e-11	5.76e-08	2.06e-05	1.30e-03	2.13e-02	1.11e-01	1.85e-01	2.02e-01	4.38e-01	4.02e-02	1.11e-03
 3.29523e+22	5.47e-28	4.26e-22	1.77e-18	1.13e-15	3.42e-11	6.83e-08	2.40e-05	1.48e-03	2.34e-02	1.19e-01	1.91e-01	2.02e-01	4.24e-01	3.77e-02	1.00e-03
 3.36758e+22	7.92e-28	6.09e-22	2.43e-18	1.49e-15	4.32e-11	8.42e-08	2.88e-05	1.72e-03	2.63e-02	1.28e-01	1.98e-01	2.02e-01	4.07e-01	3.47e-02	8.84e-04
 3.44338e+22	1.17e-27	8.88e-22	3.39e-18	1.98e-15	5.50e-11	1.05e-07	3.50e-05	2.03e-03	2.97e-02	1.39e-01	2.06e-01	2.02e-01	3.89e-01	3.16e-02	7.69e-04
 3.50659e+22	1.59e-27	1.20e-21	4.43e-18	2.49e-15	6.68e-11	1.25e-07	4.09e-05	2.31e-03	3.27e-02	1.48e-01	2.12e-01	2.01e-01	3.74e-01	2.93e-02	6.86e-04
 3.56223e+22	2.06e-27	1.56e-21	5.58e-18	3.04e-15	7.90e-11	1.45e-07	4.66e-05	2.58e-03	3.54e-02	1.56e-01	2.17e-01	2.00e-01	3.61e-01	2.74e-02	6.22e-04
 3.62509e+22	2.75e-27	2.08e-21	7.17e-18	3.77e-15	9.49e-11	1.71e-07	5.38e-05	2.91e-03	3.87e-02	1.65e-01	2.22e-01	1.99e-01	3.47e-01	2.54e-02	5.57e-04
 3.70682e+22	3.92e-27	2.96e-21	9.81e-18	4.93e-15	1.19e-10	2.10e-07	6.43e-05	3.38e-03	4.31e-02	1.76e-01	2.28e-01	1.97e-01	3.29e-01	2.31e-02	4.85e-04
 3.79102e+22	5.61e-27	4.27e-21	1.36e-17	6.51e-15	1.51e-10	2.59e-07	7.72e-05	3.93e-03	4.80e-02	1.89e-01	2.33e-01	1.94e-01	3.11e-01	2.08e-02	4.18e-04
 3.85944e+22	7.42e-27	5.71e-21	1.75e-17	8.11e-15	1.81e-10	3.05e-07	8.90e-05	4.42e-03	5.22e-02	1.99e-01	2.37e-01	1.91e-01	2.97e-01	1.91e-02	3.71e-04
 3.92942e+22	9.75e-27	7.56e-21	2.24e-17	1.00e-14	2.17e-10	3.57e-07	1.02e-04	4.96e-03	5.66e-02	2.08e-01	2.41e-01	1.89e-01	2.83e-01	1.76e-02	3.29e-04
 4.02040e+22	1.36e-26	1.07e-20	3.06e-17	1.31e-14	2.71e-10	4.36e-07	1.21e-04	5.70e-03	6.24e-02	2.21e-01	2.45e-01	1.85e-01	2.65e-01	1.58e-02	2.83e-04
 4.11575e+22	1.94e-26	1.56e-20	4.25e-17	1.73e-14	3.43e-10	5.37e-07	1.45e-04	6.62e-03	6.92e-02	2.34e-01	2.48e-01	1.80e-01	2.47e-01	1.40e-02	2.40e-04
 4.19501e+22	2.54e-26	2.10e-20	5.52e-17	2.17e-14	4.13e-10	6.33e-07	1.68e-04	7.44e-03	7.50e-02	2.45e-01	2.50e-01	1.76e-01	2.33e-01	1.27e-02	2.09e-04
 4.27624e+22	3.33e-26	2.82e-20	7.15e-17	2.70e-14	4.96e-10	7.45e-07	1.93e-04	8.34e-03	8.11e-02	2.56e-01	2.52e-01	1.71e-01	2.20e-01	1.15e-02	1.83e-04
 4.38184e+22	4.64e-26	4.06e-20	9.85e-17	3.56e-14	6.24e-10	9.10e-07	2.29e-04	9.58e-03	8.90e-02	2.69e-01	2.53e-01	1.66e-01	2.03e-01	1.02e-02	1.54e-04
 4.49234e+22	6.50e-26	5.95e-20	1.38e-16	4.74e-14	7.91e-10	1.12e-06	2.74e-04	1.11e-02	9.81e-02	2.82e-01	2.54e-01	1.59e-01	1.86e-01	8.88e-03	1.27e-04
 4.57807e+22	8.33e-26	7.94e-20	1.78e-16	5.88e-14	9.44e-10	1.31e-06	3.13e-04	1.23e-02	1.05e-01	2.93e-01	2.53e-01	1.54e-01	1.74e-01	7.98e-03	1.10e-04
 4.64586e+22	1.01e-25	9.91e-20	2.16e-16	6.94e-14	1.08e-09	1.48e-06	3.46e-04	1.34e-02	1.11e-01	3.00e-01	2.53e-01	1.50e-01	1.65e-01	7.34e-03	9.86e-05
 4.72148e+22	1.24e-25	1.26e-19	2.66e-16	8.29e-14	1.25e-09	1.68e-06	3.86e-04	1.46e-02	1.17e-01	3.08e-01	2.52e-01	1.46e-01	1.55e-01	6.70e-03	8.71e-05
 4.81980e+22	1.59e-25	1.70e-19	3.46e-16	1.04e-13	1.51e-09	1.97e-06	4.43e-04	1.63e-02	1.26e-01	3.18e-01	2.50e-01	1.40e-01	1.44e-01	5.95e-03	7.43e-05
 4.92694e+22	2.08e-25	2.35e-19	4.60e-16	1.32e-13	1.84e-09	2.35e-06	5.13e-04	1.83e-02	1.35e-01	3.28e-01	2.47e-01	1.34e-01	1.32e-01	5.22e-03	6.23e-05
 5.02254e+22	2.62e-25	3.12e-19	5.91e-16	1.63e-13	2.18e-09	2.73e-06	5.82e-04	2.03e-02	1.44e-01	3.36e-01	2.44e-01	1.28e-01	1.22e-01	4.64e-03	5.33e-05
 5.11051e+22	3.20e-25	4.02e-19	7.36e-16	1.97e-13	2.54e-09	3.11e-06	6.51e-04	2.22e-02	1.52e-01	3.44e-01	2.41e-01	1.23e-01	1.13e-01	4.16e-03	4.62e-05
 5.21159e+22	3.99e-25	5.29e-19	9.38e-16	2.42e-13	3.01e-09	3.60e-06	7.35e-04	2.44e-02	1.61e-01	3.51e-01	2.37e-01	1.17e-01	1.04e-01	3.70e-03	3.95e-05
 5.34300e+22	5.28e-25	7.53e-19	1.28e-15	3.14e-13	3.71e-09	4.32e-06	8.58e-04	2.76e-02	1.73e-01	3.59e-01	2.32e-01	1.10e-01	9.38e-02	3.16e-03	3.21e-05
 5.47764e+22	6.98e-25	1.08e-18	1.75e-15	4.11e-13	4.61e-09	5.22e-06	1.00e-03	3.12e-02	1.86e-01	3.67e-01	2.25e-01	1.03e-01	8.36e-02	2.67e-03	2.58e-05
 5.58598e+22	8.53e-25	1.44e-18	2.25e-15	5.06e-13	5.46e-09	6.03e-06	1.13e-03	3.43e-02	1.96e-01	3.72e-01	2.20e-01	9.76e-02	7.63e-02	2.34e-03	2.17e-05
 5.69635e+22	1.05e-24	1.89e-18	2.85e-15	6.20e-13	6.43e-09	6.94e-06	1.27e-03	3.76e-02	2.06e-01	3.77e-01	2.14e-01	9.23e-02	6.96e-02	2.05e-03	1.83e-05
 5.83983e+22	1.35e-24	2.66e-18	3.85e-15	7.99e-13	7.88e-09	8.26e-06	1.47e-03	4.21e-02	2.19e-01	3.81e-01	2.06e-01	8.59e-02	6.19e-02	1.74e-03	1.48e-05
 5.99223e+22	1.75e-24	3.85e-18	5.31e-15	1.05e-12	9.81e-09	9.96e-06	1.72e-03	4.74e-02	2.33e-01	3.85e-01	1.98e-01	7.91e-02	5.43e-02	1.44e-03	1.16e-05
 6.12193e+22	2.16e-24	5.25e-18	6.96e-15	1.32e-12	1.18e-08	1.16e-05	1.95e-03	5.23e-02	2.45e-01	3.87e-01	1.90e-01	7.37e-02	4.85e-02	1.23e-03	9.47e-06
 6.25623e+22	2.63e-24	7.03e-18	8.99e-15	1.64e-12	1.40e-08	1.35e-05	2.20e-03	5.73e-02	2.57e-01	3.88e-01	1.83e-01	6.87e-02	4.34e-02	1.06e-03	7.79e-06
 6.43082e+22	3.38e-24	1.02e-17	1.25e-14	2.17e-12	1.75e-08	1.63e-05	2.57e-03	6.44e-02	2.72e-01	3.88e-01	1.73e-01	6.26e-02	3.76e-02	8.65e-04	6.04e-06
 6.61126e+22	4.40e-24	1.51e-17	1.76e-14	2.90e-12	2.21e-08	1.98e-05	3.01e-03	7.25e-02	2.87e-01	3.86e-01	1.62e-01	5.65e-02	3.22e-02	6.98e-04	4.60e-06
 6.75050e+22	5.26e-24	2.05e-17	2.30e-14	3.64e-12	2.64e-08	2.30e-05	3.40e-03	7.94e-02	2.99e-01	3.83e-01	1.54e-01	5.21e-02	2.85e-02	5.89e-04	3.71e-06
 6.86296e+22	6.01e-24	2.56e-17	2.79e-14	4.30e-12	3.02e-08	2.57e-05	3.71e-03	8.48e-02	3.07e-01	3.81e-01	1.48e-01	4.90e-02	2.60e-02	5.20e-04	3.16e-06
 6.98946e+22	7.05e-24	3.28e-17	3.47e-14	5.18e-12	3.50e-08	2.91e-05	4.09e-03	9.12e-02	3.17e-01	3.77e-01	1.41e-01	4.56e-02	2.34e-02	4.51e-04	2.64e-06
 7.15391e+22	8.54e-24	4.46e-17	4.55e-14	6.54e-12	4.21e-08	3.39e-05	4.62e-03	9.97e-02	3.28e-01	3.72e-01	1.33e-01	4.17e-02	2.05e-02	3.76e-04	2.11e-06
 7.33731e+22	1.05e-23	6.31e-17	6.18e-14	8.50e-12	5.19e-08	4.02e-05	5.29e-03	1.10e-01	3.40e-01	3.65e-01	1.24e-01	3.75e-02	1.76e-02	3.06e-04	1.63e-06
 7.50236e+22	1.26e-23	8.60e-17	8.13e-14	1.08e-11	6.26e-08	4.69e-05	5.97e-03	1.20e-01	3.51e-01	3.58e-01	1.16e-01	3.41e-02	1.53e-02	2.54e-04	1.28e-06
 7.64731e+22	1.47e-23	1.12e-16	1.02e-13	1.31e-11	7.33e-08	5.34e-05	6.60e-03	1.29e-01	3.59e-01	3.51e-01	1.09e-01	3.13e-02	1.35e-02	2.16e-04	1.05e-06
 7.80915e+22	1.72e-23	1.46e-16	1.30e-13	1.61e-11	8.63e-08	6.09e-05	7.31e-03	1.38e-01	3.68e-01	3.43e-01	1.02e-01	2.87e-02	1.19e-02	1.83e-04	8.53e-07
 8.01953e+22	2.10e-23	2.05e-16	1.75e-13	2.09e-11	1.06e-07	7.21e-05	8.32e-03	1.51e-01	3.78e-01	3.33e-01	9.40e-02	2.55e-02	1.01e-02	1.47e-04	6.52e-07
 8.24134e+22	2.59e-23	2.94e-16	2.42e-13	2.77e-11	1.33e-07	8.63e-05	9.54e-03	1.66e-01	3.87e-01	3.21e-01	8.55e-02	2.24e-02	8.45e-03	1.16e-04	4.86e-07
 8.42724e+22	3.06e-23	3.97e-16	3.16e-13	3.49e-11	1.60e-07	1.00e-04	1.07e-02	1.79e-01	3.94e-01	3.10e-01	7.87e-02	2.01e-02	7.26e-03	9.50e-05	3.80e-07
 8.61817e+22	3.59e-23	5.21e-16	4.03e-13	4.32e-11	1.89e-07	1.15e-04	1.18e-02	1.92e-01	4.00e-01	3.00e-01	7.28e-02	1.81e-02	6.29e-03	7.89e-05	3.02e-07
 8.86638e+22	4.38e-23	7.34e-16	5.48e-13	5.65e-11	2.35e-07	1.36e-04	1.34e-02	2.08e-01	4.05e-01	2.86e-01	6.56e-02	1.59e-02	5.24e-03	6.22e-05	2.26e-07
 9.12944e+22	5.40e-23	1.06e-15	7.61e-13	7.55e-11	2.95e-07	1.63e-04	1.53e-02	2.27e-01	4.10e-01	2.71e-01	5.85e-02	1.37e-02	4.28e-03	4.79e-05	1.64e-07
 9.35234e+22	6.44e-23	1.44e-15	1.00e-12	9.60e-11	3.57e-07	1.89e-04	1.71e-02	2.43e-01	4.13e-01	2.58e-01	5.29e-02	1.20e-02	3.61e-03	3.84e-05	1.25e-07
 9.58264e+22	7.55e-23	1.88e-15	1.28e-12	1.19e-10	4.24e-07	2.17e-04	1.89e-02	2.58e-01	4.14e-01	2.46e-01	4.82e-02	1.07e-02	3.08e-03	3.14e-05	0.00e+00
 9.88203e+22	9.24e-23	2.65e-15	1.74e-12	1.56e-10	5.27e-07	2.56e-04	2.13e-02	2.78e-01	4.15e-01	2.31e-01	4.27e-02	9.18e-03	2.51e-03	2.42e-05	0.00e+00
 1.02045e+23	1.15e-22	3.84e-15	2.43e-12	2.10e-10	6.67e-07	3.08e-04	2.43e-02	3.00e-01	4.14e-01	2.15e-01	3.72e-02	7.73e-03	2.00e-03	1.81e-05	0.00e+00
 1.04854e+23	1.39e-22	5.23e-15	3.22e-12	2.70e-10	8.12e-07	3.58e-04	2.71e-02	3.19e-01	4.11e-01	2.01e-01	3.30e-02	6.66e-03	1.64e-03	1.42e-05	0.00e+00
 1.07159e+23	1.61e-22	6.67e-15	4.01e-12	3.28e-10	9.48e-07	4.04e-04	2.94e-02	3.34e-01	4.08e-01	1.90e-01	2.99e-02	5.90e-03	1.41e-03	1.16e-05	0.00e+00
 1.09525e+23	1.84e-22	8.30e-15	4.89e-12	3.91e-10	1.09e-06	4.50e-04	3.18e-02	3.49e-01	4.05e-01	1.81e-01	2.73e-02	5.27e-03	1.21e-03	9.67e-06	0.00e+00
 1.12602e+23	2.17e-22	1.09e-14	6.25e-12	4.87e-10	1.30e-06	5.14e-04	3.48e-02	3.66e-01	4.00e-01	1.69e-01	2.43e-02	4.57e-03	1.01e-03	7.69e-06	0.00e+00
 1.16012e+23	2.62e-22	1.47e-14	8.22e-12	6.22e-10	1.58e-06	5.96e-04	3.85e-02	3.86e-01	3.93e-01	1.56e-01	2.12e-02	3.89e-03	8.21e-04	5.92e-06	0.00e+00
 1.19122e+23	3.10e-22	1.92e-14	1.05e-11	7.74e-10	1.87e-06	6.79e-04	4.21e-02	4.03e-01	3.86e-01	1.45e-01	1.88e-02	3.35e-03	6.78e-04	4.67e-06	0.00e+00
 1.21913e+23	3.56e-22	2.39e-14	1.28e-11	9.25e-10	2.16e-06	7.56e-04	4.53e-02	4.18e-01	3.79e-01	1.37e-01	1.69e-02	2.96e-03	5.79e-04	3.84e-06	0.00e+00
 1.25020e+23	4.10e-22	2.98e-14	1.57e-11	1.11e-09	2.49e-06	8.44e-04	4.87e-02	4.32e-01	3.72e-01	1.28e-01	1.52e-02	2.60e-03	4.90e-04	3.13e-06	0.00e+00
 1.29060e+23	4.85e-22	3.88e-14	2.00e-11	1.38e-09	2.96e-06	9.61e-04	5.32e-02	4.50e-01	3.62e-01	1.18e-01	1.33e-02	2.21e-03	4.00e-04	2.44e-06	0.00e+00
 1.33496e+23	5.87e-22	5.22e-14	2.63e-11	1.76e-09	3.59e-06	1.11e-03	5.85e-02	4.69e-01	3.51e-01	1.07e-01	1.14e-02	1.84e-03	3.18e-04	1.83e-06	0.00e+00
 1.37429e+23	6.94e-22	6.76e-14	3.33e-11	2.19e-09	4.25e-06	1.26e-03	6.34e-02	4.85e-01	3.40e-01	9.81e-02	9.92e-03	1.57e-03	2.59e-04	1.43e-06	0.00e+00
 1.40925e+23	7.90e-22	8.28e-14	4.02e-11	2.59e-09	4.86e-06	1.39e-03	6.76e-02	4.97e-01	3.32e-01	9.14e-02	8.87e-03	1.37e-03	2.20e-04	1.17e-06	0.00e+00
 1.44867e+23	8.99e-22	1.02e-13	4.85e-11	3.07e-09	5.56e-06	1.54e-03	7.21e-02	5.10e-01	3.22e-01	8.48e-02	7.89e-03	1.20e-03	1.85e-04	9.47e-07	0.00e+00
 1.49992e+23	1.04e-21	1.29e-13	6.03e-11	3.74e-09	6.50e-06	1.73e-03	7.77e-02	5.24e-01	3.11e-01	7.75e-02	6.87e-03	1.02e-03	1.51e-04	7.41e-07	0.00e+00
 1.56007e+23	1.24e-21	1.70e-13	7.83e-11	4.74e-09	7.83e-06	1.99e-03	8.47e-02	5.40e-01	2.97e-01	6.94e-02	5.80e-03	8.34e-04	1.19e-04	5.51e-07	0.00e+00
 1.61877e+23	1.48e-21	2.24e-13	1.01e-10	5.98e-09	9.39e-06	2.27e-03	9.20e-02	5.55e-01	2.83e-01	6.22e-02	4.91e-03	6.87e-04	9.33e-05	4.12e-07	0.00e+00
 1.67131e+23	1.70e-21	2.79e-13	1.24e-10	7.17e-09	1.08e-05	2.52e-03	9.81e-02	5.65e-01	2.72e-01	5.68e-02	4.28e-03	5.87e-04	7.68e-05	3.26e-07	0.00e+00
 1.72890e+23	1.90e-21	3.39e-13	1.48e-10	8.48e-09	1.24e-05	2.78e-03	1.04e-01	5.75e-01	2.62e-01	5.21e-02	3.76e-03	5.05e-04	6.40e-05	2.61e-07	0.00e+00
 1.79730e+23	2.17e-21	4.23e-13	1.82e-10	1.02e-08	1.44e-05	3.11e-03	1.11e-01	5.85e-01	2.50e-01	4.71e-02	3.24e-03	4.26e-04	5.19e-05	2.04e-07	0.00e+00
 1.87042e+23	2.47e-21	5.32e-13	2.26e-10	1.25e-08	1.68e-05	3.48e-03	1.19e-01	5.94e-01	2.37e-01	4.23e-02	2.77e-03	3.56e-04	4.17e-05	1.56e-07	0.00e+00
 1.94647e+23	2.78e-21	6.55e-13	2.75e-10	1.49e-08	1.93e-05	3.86e-03	1.27e-01	6.02e-01	2.26e-01	3.83e-02	2.39e-03	3.02e-04	3.41e-05	1.23e-07	0.00e+00
 2.02557e+23	3.08e-21	7.97e-13	3.31e-10	1.77e-08	2.21e-05	4.26e-03	1.34e-01	6.09e-01	2.16e-01	3.47e-02	2.08e-03	2.57e-04	2.80e-05	0.00e+00	0.00e+00
 2.10783e+23	3.37e-21	9.59e-13	3.94e-10	2.09e-08	2.52e-05	4.68e-03	1.42e-01	6.15e-01	2.05e-01	3.15e-02	1.81e-03	2.20e-04	2.32e-05	0.00e+00	0.00e+00
 2.19337e+23	3.64e-21	1.13e-12	4.62e-10	2.42e-08	2.83e-05	5.10e-03	1.49e-01	6.19e-01	1.96e-01	2.88e-02	1.59e-03	1.90e-04	1.95e-05	0.00e+00	0.00e+00
 2.27788e+23	3.94e-21	1.34e-12	5.41e-10	2.80e-08	3.18e-05	5.55e-03	1.56e-01	6.23e-01	1.87e-01	2.64e-02	1.40e-03	1.65e-04	1.64e-05	0.00e+00	0.00e+00
 2.35557e+23	4.17e-21	1.53e-12	6.15e-10	3.16e-08	3.49e-05	5.94e-03	1.62e-01	6.26e-01	1.80e-01	2.45e-02	1.26e-03	1.47e-04	1.42e-05	0.00e+00	0.00e+00
 2.42550e+23	4.38e-21	1.72e-12	6.88e-10	3.51e-08	3.80e-05	6.31e-03	1.68e-01	6.28e-01	1.74e-01	2.29e-02	1.15e-03	1.33e-04	1.26e-05	0.00e+00	0.00e+00
 2.48843e+23	4.53e-21	1.89e-12	7.52e-10	3.81e-08	4.06e-05	6.62e-03	1.72e-01	6.29e-01	1.69e-01	2.18e-02	1.07e-03	1.22e-04	1.14e-05	0.00e+00	0.00e+00
 2.54507e+23	4.64e-21	2.04e-12	8.09e-10	4.09e-08	4.29e-05	6.89e-03	1.76e-01	6.30e-01	1.65e-01	2.08e-02	1.00e-03	1.14e-04	1.05e-05	0.00e+00	0.00e+00
 2.59604e+23	4.74e-21	2.18e-12	8.62e-10	4.34e-08	4.49e-05	7.13e-03	1.79e-01	6.31e-01	1.62e-01	2.00e-02	9.50e-04	1.07e-04	9.74e-06	0.00e+00	0.00e+00
 2.64192e+23	4.81e-21	2.30e-12	9.09e-10	4.56e-08	4.68e-05	7.34e-03	1.82e-01	6.31e-01	1.59e-01	1.94e-02	9.07e-04	1.02e-04	9.16e-06	0.00e+00	0.00e+00
 2.68321e+23	4.84e-21	2.40e-12	9.48e-10	4.75e-08	4.83e-05	7.52e-03	1.85e-01	6.31e-01	1.57e-01	1.88e-02	8.74e-04	9.79e-05	8.72e-06	0.00e+00	0.00e+00
 2.72037e+23	4.87e-21	2.50e-12	9.84e-10	4.92e-08	4.97e-05	7.67e-03	1.87e-01	6.32e-01	1.55e-01	1.84e-02	8.46e-04	9.45e-05	8.35e-06	0.00e+00	0.00e+00
 2.75381e+23	4.88e-21	2.57e-12	1.01e-09	5.05e-08	5.08e-05	7.80e-03	1.88e-01	6.32e-01	1.53e-01	1.80e-02	8.24e-04	9.18e-05	8.07e-06	0.00e+00	0.00e+00
 2.78493e+23	4.84e-21	2.63e-12	1.03e-09	5.15e-08	5.16e-05	7.90e-03	1.90e-01	6.32e-01	1.52e-01	1.78e-02	8.07e-04	8.98e-05	7.86e-06	0.00e+00	0.00e+00
 2.81548e+23	4.80e-21	2.68e-12	1.05e-09	5.25e-08	5.25e-05	8.00e-03	1.91e-01	6.32e-01	1.51e-01	1.75e-02	7.90e-04	8.78e-05	7.65e-06	0.00e+00	0.00e+00
 2.84603e+23	4.76e-21	2.73e-12	1.07e-09	5.36e-08	5.33e-05	8.09e-03	1.92e-01	6.32e-01	1.49e-01	1.73e-02	7.75e-04	8.60e-05	7.46e-06	0.00e+00	0.00e+00
 2.87658e+23	4.72e-21	2.78e-12	1.09e-09	5.45e-08	5.41e-05	8.19e-03	1.93e-01	6.32e-01	1.48e-01	1.70e-02	7.60e-04	8.42e-05	7.28e-06	0.00e+00	0.00e+00
 2.90712e+23	4.66e-21	2.82e-12	1.11e-09	5.54e-08	5.48e-05	8.27e-03	1.95e-01	6.32e-01	1.47e-01	1.68e-02	7.47e-04	8.27e-05	7.13e-06	0.00e+00	0.00e+00
 2.93767e+23	4.59e-21	2.85e-12	1.12e-09	5.61e-08	5.54e-05	8.34e-03	1.95e-01	6.32e-01	1.46e-01	1.66e-02	7.36e-04	8.14e-05	7.00e-06	0.00e+00	0.00e+00
 2.96822e+23	4.50e-21	2.88e-12	1.14e-09	5.67e-08	5.59e-05	8.41e-03	1.96e-01	6.33e-01	1.45e-01	1.65e-02	7.27e-04	8.03e-05	6.88e-06	0.00e+00	0.00e+00
