#depth	Ar	Ar+	Ar+2	Ar+3	Ar+4	Ar+5	Ar+6	Ar+7	Ar+8	Ar+9	Ar+10	Ar+11	Ar+12	Ar+13	Ar+14	Ar+15	Ar+16	Ar+17	Ar+18
 6.17135e+19	0.00e+00	0.00e+00	0.00e+00	0.00e+00	0.00e+00	0.00e+00	8.19e-32	1.91e-27	2.31e-23	7.39e-20	1.11e-16	7.55e-14	2.88e-11	5.87e-09	8.71e-07	9.99e-05	1.84e-02	2.14e-01	7.67e-01
 1.87609e+20	0.00e+00	0.00e+00	0.00e+00	0.00e+00	0.00e+00	0.00e+00	2.31e-31	4.86e-27	5.42e-23	1.60e-19	2.21e-16	1.38e-13	4.85e-11	9.09e-09	1.23e-06	1.29e-04	2.16e-02	2.29e-01	7.49e-01
 3.18540e+20	0.00e+00	0.00e+00	0.00e+00	0.00e+00	0.00e+00	0.00e+00	6.53e-31	1.24e-26	1.28e-22	3.47e-19	4.42e-16	2.54e-13	8.21e-11	1.41e-08	1.74e-06	1.66e-04	2.54e-02	2.45e-01	7.30e-01
 4.54709e+20	0.00e+00	0.00e+00	0.00e+00	0.00e+00	0.00e+00	0.00e+00	1.86e-30	3.18e-26	3.02e-22	7.56e-19	8.88e-16	4.69e-13	1.40e-10	2.20e-08	2.46e-06	2.14e-04	2.98e-02	2.61e-01	7.09e-01
 5.48445e+20	0.00e+00	0.00e+00	0.00e+00	0.00e+00	0.00e+00	0.00e+00	3.75e-30	5.99e-26	5.39e-22	1.28e-18	1.42e-15	7.09e-13	2.00e-10	2.97e-08	3.11e-06	2.54e-04	3.31e-02	2.72e-01	6.94e-01
 5.86617e+20	0.00e+00	0.00e+00	0.00e+00	0.00e+00	0.00e+00	0.00e+00	5.02e-30	7.78e-26	6.85e-22	1.59e-18	1.72e-15	8.42e-13	2.32e-10	3.37e-08	3.43e-06	2.73e-04	3.46e-02	2.77e-01	6.88e-01
 6.18485e+20	0.00e+00	0.00e+00	0.00e+00	0.00e+00	0.00e+00	0.00e+00	6.28e-30	9.51e-26	8.23e-22	1.87e-18	2.00e-15	9.59e-13	2.60e-10	3.70e-08	3.69e-06	2.88e-04	3.58e-02	2.81e-01	6.83e-01
 6.59914e+20	0.00e+00	0.00e+00	0.00e+00	0.00e+00	0.00e+00	0.00e+00	8.46e-30	1.24e-25	1.05e-21	2.34e-18	2.44e-15	1.14e-12	3.02e-10	4.20e-08	4.08e-06	3.10e-04	3.74e-02	2.86e-01	6.76e-01
 7.13772e+20	0.00e+00	0.00e+00	0.00e+00	0.00e+00	0.00e+00	0.00e+00	1.24e-29	1.76e-25	1.44e-21	3.12e-18	3.15e-15	1.43e-12	3.68e-10	4.96e-08	4.64e-06	3.41e-04	3.96e-02	2.92e-01	6.68e-01
 7.83787e+20	0.00e+00	0.00e+00	0.00e+00	0.00e+00	0.00e+00	0.00e+00	2.03e-29	2.73e-25	2.17e-21	4.50e-18	4.38e-15	1.92e-12	4.74e-10	6.12e-08	5.46e-06	3.84e-04	4.27e-02	3.01e-01	6.56e-01
 8.56046e+20	0.00e+00	0.00e+00	0.00e+00	0.00e+00	0.00e+00	0.00e+00	3.36e-29	4.28e-25	3.27e-21	6.55e-18	6.12e-15	2.58e-12	6.13e-10	7.59e-08	6.46e-06	4.34e-04	4.60e-02	3.09e-01	6.45e-01
 9.11661e+20	0.00e+00	0.00e+00	0.00e+00	0.00e+00	0.00e+00	0.00e+00	4.92e-29	6.02e-25	4.48e-21	8.70e-18	7.90e-15	3.23e-12	7.46e-10	8.95e-08	7.34e-06	4.76e-04	4.87e-02	3.16e-01	6.35e-01
 9.56484e+20	0.00e+00	0.00e+00	0.00e+00	0.00e+00	0.00e+00	0.00e+00	6.65e-29	7.88e-25	5.74e-21	1.09e-17	9.67e-15	3.86e-12	8.70e-10	1.02e-07	8.12e-06	5.13e-04	5.09e-02	3.21e-01	6.28e-01
 1.00684e+21	0.00e+00	0.00e+00	0.00e+00	0.00e+00	0.00e+00	0.00e+00	9.31e-29	1.06e-24	7.56e-21	1.40e-17	1.21e-14	4.70e-12	1.03e-09	1.18e-07	9.09e-06	5.56e-04	5.34e-02	3.27e-01	6.19e-01
 1.07231e+21	0.00e+00	0.00e+00	0.00e+00	0.00e+00	0.00e+00	0.00e+00	1.43e-28	1.56e-24	1.08e-20	1.93e-17	1.62e-14	6.07e-12	1.29e-09	1.42e-07	1.05e-05	6.18e-04	5.69e-02	3.34e-01	6.09e-01
 1.14079e+21	0.00e+00	0.00e+00	0.00e+00	0.00e+00	0.00e+00	0.00e+00	2.24e-28	2.33e-24	1.55e-20	2.70e-17	2.18e-14	7.91e-12	1.63e-09	1.72e-07	1.22e-05	6.88e-04	6.08e-02	3.42e-01	5.97e-01
 1.19836e+21	0.00e+00	0.00e+00	0.00e+00	0.00e+00	0.00e+00	0.00e+00	3.24e-28	3.23e-24	2.10e-20	3.55e-17	2.79e-14	9.85e-12	1.97e-09	2.02e-07	1.38e-05	7.53e-04	6.41e-02	3.48e-01	5.87e-01
 1.25836e+21	0.00e+00	0.00e+00	0.00e+00	0.00e+00	0.00e+00	0.00e+00	4.70e-28	4.51e-24	2.86e-20	4.70e-17	3.59e-14	1.23e-11	2.39e-09	2.37e-07	1.56e-05	8.23e-04	6.76e-02	3.54e-01	5.77e-01
 1.32481e+21	0.00e+00	0.00e+00	0.00e+00	0.00e+00	0.00e+00	0.00e+00	7.17e-28	6.56e-24	4.04e-20	6.44e-17	4.76e-14	1.58e-11	2.98e-09	2.86e-07	1.80e-05	9.12e-04	7.19e-02	3.61e-01	5.66e-01
 1.38446e+21	0.00e+00	0.00e+00	0.00e+00	0.00e+00	0.00e+00	5.48e-32	1.03e-27	9.09e-24	5.46e-20	8.48e-17	6.10e-14	1.97e-11	3.61e-09	3.35e-07	2.04e-05	9.97e-04	7.57e-02	3.68e-01	5.56e-01
 1.43812e+21	0.00e+00	0.00e+00	0.00e+00	0.00e+00	0.00e+00	7.91e-32	1.44e-27	1.22e-23	7.15e-20	1.08e-16	7.62e-14	2.39e-11	4.28e-09	3.87e-07	2.28e-05	1.08e-03	7.94e-02	3.73e-01	5.46e-01
 1.49920e+21	0.00e+00	0.00e+00	0.00e+00	0.00e+00	0.00e+00	1.19e-31	2.07e-27	1.68e-23	9.65e-20	1.42e-16	9.74e-14	2.98e-11	5.18e-09	4.54e-07	2.58e-05	1.18e-03	8.36e-02	3.79e-01	5.36e-01
 1.57861e+21	0.00e+00	0.00e+00	0.00e+00	0.00e+00	0.00e+00	2.01e-31	3.31e-27	2.55e-23	1.42e-19	2.03e-16	1.34e-13	3.94e-11	6.62e-09	5.58e-07	3.02e-05	1.32e-03	8.93e-02	3.87e-01	5.23e-01
 1.65780e+21	0.00e+00	0.00e+00	0.00e+00	0.00e+00	0.00e+00	3.39e-31	5.28e-27	3.86e-23	2.08e-19	2.88e-16	1.84e-13	5.23e-11	8.49e-09	6.87e-07	3.54e-05	1.48e-03	9.53e-02	3.94e-01	5.09e-01
 1.71630e+21	0.00e+00	0.00e+00	0.00e+00	0.00e+00	0.00e+00	4.91e-31	7.36e-27	5.17e-23	2.73e-19	3.69e-16	2.30e-13	6.38e-11	1.01e-08	7.94e-07	3.96e-05	1.60e-03	9.98e-02	3.99e-01	4.99e-01
 1.77197e+21	0.00e+00	0.00e+00	0.00e+00	0.00e+00	0.00e+00	6.98e-31	1.01e-26	6.82e-23	3.53e-19	4.67e-16	2.84e-13	7.70e-11	1.19e-08	9.11e-07	4.40e-05	1.72e-03	1.04e-01	4.04e-01	4.90e-01
 1.84434e+21	0.00e+00	0.00e+00	0.00e+00	0.00e+00	0.00e+00	1.10e-30	1.51e-26	9.75e-23	4.92e-19	6.33e-16	3.74e-13	9.82e-11	1.47e-08	1.09e-06	5.05e-05	1.90e-03	1.10e-01	4.10e-01	4.78e-01
 1.92040e+21	0.00e+00	0.00e+00	0.00e+00	0.00e+00	0.00e+00	1.76e-30	2.29e-26	1.41e-22	6.94e-19	8.68e-16	4.98e-13	1.27e-10	1.84e-08	1.31e-06	5.82e-05	2.10e-03	1.17e-01	4.16e-01	4.65e-01
 1.98481e+21	0.00e+00	0.00e+00	0.00e+00	0.00e+00	0.00e+00	2.60e-30	3.25e-26	1.92e-22	9.25e-19	1.13e-15	6.32e-13	1.56e-10	2.22e-08	1.53e-06	6.55e-05	2.28e-03	1.22e-01	4.21e-01	4.54e-01
 2.05207e+21	0.00e+00	0.00e+00	0.00e+00	0.00e+00	0.00e+00	3.89e-30	4.65e-26	2.63e-22	1.24e-18	1.48e-15	8.07e-13	1.95e-10	2.68e-08	1.80e-06	7.40e-05	2.48e-03	1.28e-01	4.26e-01	4.43e-01
 2.12525e+21	0.00e+00	0.00e+00	0.00e+00	0.00e+00	0.00e+00	6.01e-30	6.83e-26	3.70e-22	1.71e-18	1.98e-15	1.05e-12	2.46e-10	3.30e-08	2.14e-06	8.43e-05	2.72e-03	1.35e-01	4.31e-01	4.31e-01
 2.19067e+21	0.00e+00	0.00e+00	0.00e+00	0.00e+00	0.00e+00	8.81e-30	9.60e-26	4.99e-22	2.26e-18	2.57e-15	1.33e-12	3.03e-10	3.96e-08	2.49e-06	9.46e-05	2.95e-03	1.41e-01	4.35e-01	4.21e-01
 2.25103e+21	0.00e+00	0.00e+00	0.00e+00	0.00e+00	0.00e+00	1.25e-29	1.31e-25	6.54e-22	2.91e-18	3.24e-15	1.64e-12	3.66e-10	4.67e-08	2.86e-06	1.05e-04	3.17e-03	1.47e-01	4.39e-01	4.11e-01
 2.32025e+21	0.00e+00	0.00e+00	0.00e+00	0.00e+00	0.00e+00	1.85e-29	1.85e-25	8.88e-22	3.87e-18	4.23e-15	2.09e-12	4.53e-10	5.63e-08	3.34e-06	1.18e-04	3.44e-03	1.53e-01	4.43e-01	4.00e-01
 2.39767e+21	0.00e+00	0.00e+00	0.00e+00	0.00e+00	0.00e+00	2.86e-29	2.72e-25	1.25e-21	5.32e-18	5.66e-15	2.72e-12	5.74e-10	6.93e-08	3.97e-06	1.35e-04	3.76e-03	1.61e-01	4.47e-01	3.88e-01
 2.46989e+21	0.00e+00	0.00e+00	0.00e+00	0.00e+00	0.00e+00	4.26e-29	3.88e-25	1.70e-21	7.12e-18	7.41e-15	3.48e-12	7.13e-10	8.39e-08	4.65e-06	1.52e-04	4.08e-03	1.68e-01	4.50e-01	3.77e-01
 2.53712e+21	0.00e+00	0.00e+00	0.00e+00	0.00e+00	0.00e+00	6.14e-29	5.36e-25	2.25e-21	9.29e-18	9.49e-15	4.35e-12	8.70e-10	9.99e-08	5.38e-06	1.70e-04	4.40e-03	1.75e-01	4.53e-01	3.67e-01
 2.61371e+21	0.00e+00	0.00e+00	0.00e+00	0.00e+00	0.00e+00	9.24e-29	7.70e-25	3.10e-21	1.25e-17	1.25e-14	5.60e-12	1.09e-09	1.22e-07	6.34e-06	1.92e-04	4.78e-03	1.83e-01	4.56e-01	3.56e-01
 2.69671e+21	0.00e+00	0.00e+00	0.00e+00	0.00e+00	0.00e+00	1.43e-28	1.13e-24	4.35e-21	1.72e-17	1.68e-14	7.33e-12	1.38e-09	1.50e-07	7.54e-06	2.19e-04	5.23e-03	1.92e-01	4.59e-01	3.44e-01
 2.77083e+21	0.00e+00	0.00e+00	0.00e+00	0.00e+00	0.00e+00	2.10e-28	1.59e-24	5.85e-21	2.28e-17	2.18e-14	9.28e-12	1.71e-09	1.80e-07	8.79e-06	2.45e-04	5.65e-03	2.00e-01	4.61e-01	3.33e-01
 2.83815e+21	0.00e+00	0.00e+00	0.00e+00	0.00e+00	0.00e+00	2.97e-28	2.16e-24	7.63e-21	2.94e-17	2.76e-14	1.15e-11	2.06e-09	2.13e-07	1.01e-05	2.72e-04	6.05e-03	2.07e-01	4.62e-01	3.24e-01
 2.91384e+21	0.00e+00	0.00e+00	0.00e+00	0.00e+00	0.00e+00	4.34e-28	3.02e-24	1.02e-20	3.87e-17	3.56e-14	1.45e-11	2.54e-09	2.55e-07	1.17e-05	3.04e-04	6.53e-03	2.16e-01	4.64e-01	3.14e-01
 2.99880e+21	0.00e+00	0.00e+00	0.00e+00	0.00e+00	4.78e-32	6.60e-28	4.38e-24	1.41e-20	5.27e-17	4.74e-14	1.88e-11	3.19e-09	3.12e-07	1.38e-05	3.44e-04	7.09e-03	2.25e-01	4.65e-01	3.03e-01
 3.07861e+21	0.00e+00	0.00e+00	0.00e+00	0.00e+00	7.37e-32	9.73e-28	6.17e-24	1.91e-20	6.99e-17	6.17e-14	2.39e-11	3.95e-09	3.76e-07	1.61e-05	3.86e-04	7.65e-03	2.34e-01	4.66e-01	2.92e-01
 3.15335e+21	0.00e+00	0.00e+00	0.00e+00	0.00e+00	1.10e-31	1.39e-27	8.45e-24	2.51e-20	9.08e-17	7.87e-14	2.98e-11	4.81e-09	4.47e-07	1.86e-05	4.29e-04	8.20e-03	2.42e-01	4.66e-01	2.83e-01
 3.23867e+21	0.00e+00	0.00e+00	0.00e+00	0.00e+00	1.72e-31	2.07e-27	1.20e-23	3.42e-20	1.22e-16	1.03e-13	3.82e-11	5.99e-09	5.41e-07	2.17e-05	4.82e-04	8.86e-03	2.52e-01	4.66e-01	2.73e-01
 3.33033e+21	0.00e+00	0.00e+00	0.00e+00	0.00e+00	2.75e-31	3.17e-27	1.75e-23	4.74e-20	1.66e-16	1.38e-13	4.96e-11	7.55e-09	6.62e-07	2.57e-05	5.45e-04	9.60e-03	2.62e-01	4.66e-01	2.62e-01
 3.41092e+21	0.00e+00	0.00e+00	0.00e+00	0.00e+00	4.13e-31	4.56e-27	2.41e-23	6.27e-20	2.17e-16	1.77e-13	6.23e-11	9.23e-09	7.89e-07	2.96e-05	6.06e-04	1.03e-02	2.71e-01	4.66e-01	2.53e-01
 3.49639e+21	0.00e+00	0.00e+00	0.00e+00	0.00e+00	6.31e-31	6.66e-27	3.37e-23	8.40e-20	2.86e-16	2.29e-13	7.88e-11	1.14e-08	9.45e-07	3.44e-05	6.77e-04	1.10e-02	2.80e-01	4.65e-01	2.43e-01
 3.59244e+21	0.00e+00	0.00e+00	0.00e+00	0.00e+00	1.01e-30	1.01e-26	4.88e-23	1.16e-19	3.89e-16	3.04e-13	1.02e-10	1.43e-08	1.15e-06	4.04e-05	7.63e-04	1.19e-02	2.91e-01	4.63e-01	2.33e-01
 3.68301e+21	0.00e+00	0.00e+00	0.00e+00	0.00e+00	1.55e-30	1.49e-26	6.87e-23	1.56e-19	5.17e-16	3.97e-13	1.30e-10	1.77e-08	1.39e-06	4.70e-05	8.52e-04	1.28e-02	3.01e-01	4.62e-01	2.24e-01
 3.76829e+21	0.00e+00	0.00e+00	0.00e+00	0.00e+00	2.31e-30	2.13e-26	9.42e-23	2.06e-19	6.72e-16	5.07e-13	1.62e-10	2.15e-08	1.64e-06	5.40e-05	9.44e-04	1.37e-02	3.10e-01	4.60e-01	2.16e-01
 3.86596e+21	0.00e+00	0.00e+00	0.00e+00	0.00e+00	3.62e-30	3.19e-26	1.34e-22	2.81e-19	9.03e-16	6.67e-13	2.08e-10	2.68e-08	1.99e-06	6.30e-05	1.06e-03	1.47e-02	3.20e-01	4.57e-01	2.07e-01
 3.97521e+21	0.00e+00	0.00e+00	0.00e+00	0.00e+00	5.91e-30	4.95e-26	1.98e-22	3.94e-19	1.25e-15	9.02e-13	2.74e-10	3.41e-08	2.45e-06	7.46e-05	1.20e-03	1.59e-02	3.32e-01	4.54e-01	1.97e-01
 4.07272e+21	0.00e+00	0.00e+00	0.00e+00	0.00e+00	9.09e-30	7.28e-26	2.79e-22	5.31e-19	1.66e-15	1.17e-12	3.48e-10	4.20e-08	2.93e-06	8.64e-05	1.33e-03	1.70e-02	3.42e-01	4.51e-01	1.88e-01
 4.15713e+21	0.00e+00	0.00e+00	0.00e+00	0.00e+00	1.31e-29	1.01e-25	3.72e-22	6.84e-19	2.11e-15	1.47e-12	4.26e-10	5.02e-08	3.42e-06	9.78e-05	1.46e-03	1.80e-02	3.51e-01	4.48e-01	1.81e-01
 4.25136e+21	0.00e+00	0.00e+00	0.00e+00	0.00e+00	1.94e-29	1.44e-25	5.09e-22	8.99e-19	2.74e-15	1.87e-12	5.29e-10	6.07e-08	4.02e-06	1.11e-04	1.60e-03	1.91e-02	3.60e-01	4.45e-01	1.74e-01
 4.37385e+21	0.00e+00	0.00e+00	0.00e+00	0.00e+00	3.25e-29	2.28e-25	7.66e-22	1.28e-18	3.85e-15	2.57e-12	7.07e-10	7.82e-08	5.01e-06	1.33e-04	1.82e-03	2.07e-02	3.72e-01	4.40e-01	1.65e-01
 4.49794e+21	0.00e+00	0.00e+00	0.00e+00	0.00e+00	5.39e-29	3.59e-25	1.14e-21	1.82e-18	5.39e-15	3.51e-12	9.36e-10	1.00e-07	6.18e-06	1.58e-04	2.06e-03	2.24e-02	3.85e-01	4.35e-01	1.56e-01
 4.59860e+21	0.00e+00	0.00e+00	0.00e+00	0.00e+00	8.05e-29	5.15e-25	1.58e-21	2.41e-18	7.03e-15	4.49e-12	1.17e-09	1.22e-07	7.31e-06	1.80e-04	2.27e-03	2.37e-02	3.94e-01	4.30e-01	1.49e-01
 4.70395e+21	0.00e+00	0.00e+00	0.00e+00	0.00e+00	1.21e-28	7.45e-25	2.18e-21	3.21e-18	9.24e-15	5.78e-12	1.47e-09	1.48e-07	8.67e-06	2.06e-04	2.51e-03	2.52e-02	4.04e-01	4.26e-01	1.42e-01
 4.84090e+21	0.00e+00	0.00e+00	0.00e+00	0.00e+00	2.05e-28	1.19e-24	3.31e-21	4.61e-18	1.31e-14	7.98e-12	1.97e-09	1.91e-07	1.08e-05	2.45e-04	2.84e-03	2.72e-02	4.16e-01	4.19e-01	1.34e-01
 4.98144e+21	0.00e+00	0.00e+00	0.00e+00	0.00e+00	3.47e-28	1.91e-24	5.04e-21	6.66e-18	1.86e-14	1.10e-11	2.63e-09	2.47e-07	1.34e-05	2.92e-04	3.22e-03	2.93e-02	4.29e-01	4.12e-01	1.26e-01
 5.09156e+21	0.00e+00	0.00e+00	0.00e+00	0.00e+00	5.19e-28	2.75e-24	6.95e-21	8.82e-18	2.43e-14	1.42e-11	3.29e-09	3.00e-07	1.58e-05	3.33e-04	3.54e-03	3.10e-02	4.38e-01	4.07e-01	1.20e-01
 5.19960e+21	0.00e+00	0.00e+00	0.00e+00	5.13e-32	7.65e-28	3.90e-24	9.46e-21	1.16e-17	3.14e-14	1.80e-11	4.08e-09	3.61e-07	1.85e-05	3.77e-04	3.87e-03	3.28e-02	4.47e-01	4.01e-01	1.15e-01
 5.34005e+21	0.00e+00	0.00e+00	0.00e+00	8.83e-32	1.25e-27	6.08e-24	1.40e-20	1.63e-17	4.36e-14	2.43e-11	5.37e-09	4.58e-07	2.26e-05	4.43e-04	4.34e-03	3.51e-02	4.58e-01	3.94e-01	1.08e-01
 5.48575e+21	0.00e+00	0.00e+00	0.00e+00	1.54e-31	2.07e-27	9.55e-24	2.09e-20	2.32e-17	6.10e-14	3.32e-11	7.09e-09	5.82e-07	2.77e-05	5.21e-04	4.87e-03	3.75e-02	4.69e-01	3.86e-01	1.01e-01
 5.60729e+21	0.00e+00	0.00e+00	0.00e+00	2.42e-31	3.13e-27	1.38e-23	2.91e-20	3.08e-17	8.02e-14	4.28e-11	8.90e-09	7.09e-07	3.27e-05	5.94e-04	5.35e-03	3.97e-02	4.78e-01	3.80e-01	9.62e-02
 5.73428e+21	0.00e+00	0.00e+00	0.00e+00	3.80e-31	4.73e-27	2.01e-23	4.05e-20	4.13e-17	1.06e-13	5.51e-11	1.12e-08	8.63e-07	3.86e-05	6.77e-04	5.87e-03	4.19e-02	4.87e-01	3.73e-01	9.12e-02
 5.89938e+21	0.00e+00	0.00e+00	0.00e+00	6.90e-31	8.12e-27	3.26e-23	6.23e-20	6.00e-17	1.52e-13	7.70e-11	1.51e-08	1.12e-06	4.80e-05	8.04e-04	6.63e-03	4.49e-02	4.98e-01	3.64e-01	8.49e-02
 6.06612e+21	0.00e+00	0.00e+00	0.00e+00	1.24e-30	1.38e-26	5.27e-23	9.51e-20	8.70e-17	2.16e-13	1.07e-10	2.02e-08	1.44e-06	5.94e-05	9.50e-04	7.46e-03	4.81e-02	5.09e-01	3.55e-01	7.90e-02
 6.19997e+21	0.00e+00	0.00e+00	0.00e+00	1.96e-30	2.10e-26	7.66e-23	1.33e-19	1.16e-16	2.85e-13	1.38e-10	2.54e-08	1.75e-06	7.02e-05	1.08e-03	8.18e-03	5.07e-02	5.17e-01	3.48e-01	7.47e-02
 6.31936e+21	0.00e+00	0.00e+00	0.00e+00	2.93e-30	3.02e-26	1.06e-22	1.78e-19	1.50e-16	3.64e-13	1.73e-10	3.11e-08	2.09e-06	8.12e-05	1.21e-03	8.86e-03	5.31e-02	5.24e-01	3.41e-01	7.10e-02
 6.45496e+21	0.00e+00	0.00e+00	0.00e+00	4.57e-30	4.54e-26	1.54e-22	2.46e-19	1.99e-16	4.77e-13	2.22e-10	3.88e-08	2.53e-06	9.53e-05	1.38e-03	9.68e-03	5.58e-02	5.32e-01	3.34e-01	6.70e-02
 6.63124e+21	0.00e+00	0.00e+00	0.00e+00	8.08e-30	7.63e-26	2.45e-22	3.72e-19	2.86e-16	6.74e-13	3.05e-10	5.16e-08	3.23e-06	1.17e-04	1.62e-03	1.08e-02	5.94e-02	5.41e-01	3.25e-01	6.23e-02
 6.81044e+21	0.00e+00	0.00e+00	0.00e+00	1.43e-29	1.28e-25	3.90e-22	5.62e-19	4.11e-16	9.53e-13	4.19e-10	6.86e-08	4.12e-06	1.44e-04	1.89e-03	1.21e-02	6.31e-02	5.50e-01	3.15e-01	5.77e-02
 6.95465e+21	0.00e+00	0.00e+00	0.00e+00	2.24e-29	1.93e-25	5.64e-22	7.79e-19	5.46e-16	1.25e-12	5.39e-10	8.58e-08	4.99e-06	1.69e-04	2.15e-03	1.32e-02	6.62e-02	5.56e-01	3.08e-01	5.43e-02
 7.10330e+21	0.00e+00	0.00e+00	0.00e+00	3.53e-29	2.91e-25	8.17e-22	1.08e-18	7.28e-16	1.65e-12	6.95e-10	1.08e-07	6.06e-06	1.98e-04	2.43e-03	1.44e-02	6.95e-02	5.63e-01	3.00e-01	5.11e-02
 7.29655e+21	0.00e+00	0.00e+00	0.00e+00	6.29e-29	4.93e-25	1.31e-21	1.64e-18	1.05e-15	2.34e-12	9.59e-10	1.43e-07	7.75e-06	2.43e-04	2.85e-03	1.61e-02	7.37e-02	5.70e-01	2.90e-01	4.72e-02
 7.49616e+21	0.00e+00	0.00e+00	0.00e+00	1.13e-28	8.42e-25	2.12e-21	2.52e-18	1.52e-15	3.34e-12	1.33e-09	1.92e-07	9.95e-06	2.99e-04	3.35e-03	1.79e-02	7.82e-02	5.77e-01	2.80e-01	4.34e-02
 7.65943e+21	0.00e+00	0.00e+00	0.00e+00	1.82e-28	1.29e-24	3.12e-21	3.54e-18	2.05e-15	4.45e-12	1.73e-09	2.43e-07	1.21e-05	3.53e-04	3.81e-03	1.96e-02	8.20e-02	5.82e-01	2.72e-01	4.06e-02
 7.82709e+21	0.00e+00	0.00e+00	0.00e+00	2.92e-28	1.99e-24	4.59e-21	4.99e-18	2.76e-15	5.92e-12	2.25e-09	3.07e-07	1.48e-05	4.17e-04	4.33e-03	2.14e-02	8.59e-02	5.87e-01	2.63e-01	3.79e-02
 8.00385e+21	0.00e+00	0.00e+00	4.48e-32	4.78e-28	3.12e-24	6.87e-21	7.13e-18	3.76e-15	7.98e-12	2.97e-09	3.92e-07	1.83e-05	4.96e-04	4.94e-03	2.34e-02	9.00e-02	5.91e-01	2.55e-01	3.52e-02
 8.15435e+21	0.00e+00	0.00e+00	7.03e-32	7.23e-28	4.54e-24	9.64e-21	9.61e-18	4.88e-15	1.03e-11	3.74e-09	4.80e-07	2.18e-05	5.73e-04	5.52e-03	2.52e-02	9.36e-02	5.94e-01	2.48e-01	3.31e-02
 8.31187e+21	0.00e+00	0.00e+00	1.12e-31	1.10e-27	6.67e-24	1.36e-20	1.30e-17	6.37e-15	1.32e-11	4.73e-09	5.92e-07	2.60e-05	6.64e-04	6.18e-03	2.72e-02	9.73e-02	5.97e-01	2.40e-01	3.10e-02
 8.51665e+21	0.00e+00	0.00e+00	2.01e-31	1.90e-27	1.09e-23	2.12e-20	1.93e-17	8.94e-15	1.84e-11	6.39e-09	7.73e-07	3.26e-05	8.01e-04	7.14e-03	3.00e-02	1.02e-01	6.00e-01	2.31e-01	2.85e-02
 8.72227e+21	0.00e+00	0.00e+00	3.62e-31	3.25e-27	1.78e-23	3.28e-20	2.84e-17	1.25e-14	2.54e-11	8.61e-09	1.01e-06	4.09e-05	9.65e-04	8.23e-03	3.30e-02	1.07e-01	6.03e-01	2.22e-01	2.62e-02
 8.88327e+21	0.00e+00	0.00e+00	5.69e-31	4.92e-27	2.59e-23	4.60e-20	3.82e-17	1.62e-14	3.26e-11	1.08e-08	1.24e-06	4.86e-05	1.11e-03	9.17e-03	3.55e-02	1.11e-01	6.04e-01	2.15e-01	2.45e-02
 9.01695e+21	0.00e+00	0.00e+00	8.23e-31	6.90e-27	3.52e-23	6.06e-20	4.87e-17	2.00e-14	4.00e-11	1.31e-08	1.46e-06	5.60e-05	1.25e-03	1.00e-02	3.77e-02	1.14e-01	6.04e-01	2.09e-01	2.32e-02
 9.16080e+21	0.00e+00	0.00e+00	1.22e-30	9.91e-27	4.89e-23	8.13e-20	6.31e-17	2.50e-14	4.97e-11	1.60e-08	1.74e-06	6.51e-05	1.41e-03	1.10e-02	4.01e-02	1.18e-01	6.05e-01	2.03e-01	2.19e-02
 9.34782e+21	0.00e+00	0.00e+00	2.02e-30	1.57e-26	7.41e-23	1.18e-19	8.77e-17	3.32e-14	6.55e-11	2.06e-08	2.18e-06	7.88e-05	1.65e-03	1.24e-02	4.34e-02	1.22e-01	6.05e-01	1.95e-01	2.03e-02
 9.53842e+21	0.00e+00	0.00e+00	3.35e-30	2.50e-26	1.13e-22	1.72e-19	1.22e-16	4.43e-14	8.66e-11	2.66e-08	2.74e-06	9.55e-05	1.94e-03	1.40e-02	4.69e-02	1.27e-01	6.04e-01	1.88e-01	1.87e-02
 9.69098e+21	0.00e+00	0.00e+00	5.01e-30	3.61e-26	1.58e-22	2.32e-19	1.59e-16	5.56e-14	1.08e-10	3.26e-08	3.28e-06	1.11e-04	2.20e-03	1.53e-02	4.99e-02	1.31e-01	6.03e-01	1.82e-01	1.76e-02
 9.84662e+21	0.00e+00	0.00e+00	7.48e-30	5.21e-26	2.20e-22	3.13e-19	2.07e-16	6.97e-14	1.34e-10	3.99e-08	3.92e-06	1.29e-04	2.49e-03	1.68e-02	5.30e-02	1.34e-01	6.01e-01	1.75e-01	1.65e-02
 1.00122e+22	0.00e+00	0.00e+00	1.14e-29	7.69e-26	3.13e-22	4.29e-19	2.73e-16	8.85e-14	1.70e-10	4.95e-08	4.74e-06	1.52e-04	2.83e-03	1.86e-02	5.65e-02	1.38e-01	5.99e-01	1.69e-01	1.54e-02
 1.01545e+22	0.00e+00	0.00e+00	1.64e-29	1.07e-25	4.23e-22	5.61e-19	3.45e-16	1.08e-13	2.07e-10	5.94e-08	5.58e-06	1.74e-04	3.17e-03	2.02e-02	5.97e-02	1.41e-01	5.97e-01	1.64e-01	1.45e-02
 1.02838e+22	0.00e+00	0.00e+00	2.27e-29	1.44e-25	5.53e-22	7.12e-19	4.25e-16	1.30e-13	2.46e-10	6.98e-08	6.43e-06	1.96e-04	3.49e-03	2.17e-02	6.26e-02	1.44e-01	5.95e-01	1.59e-01	1.37e-02
 1.04325e+22	0.00e+00	0.00e+00	3.28e-29	2.02e-25	7.51e-22	9.36e-19	5.40e-16	1.59e-13	3.01e-10	8.41e-08	7.58e-06	2.26e-04	3.91e-03	2.36e-02	6.60e-02	1.48e-01	5.92e-01	1.54e-01	1.29e-02
 1.05996e+22	0.00e+00	0.00e+00	4.95e-29	2.94e-25	1.05e-21	1.27e-18	7.05e-16	2.00e-13	3.77e-10	1.03e-07	9.09e-06	2.63e-04	4.43e-03	2.60e-02	7.01e-02	1.51e-01	5.88e-01	1.48e-01	1.20e-02
 1.07570e+22	0.00e+00	0.00e+00	7.27e-29	4.17e-25	1.45e-21	1.68e-18	9.03e-16	2.48e-13	4.64e-10	1.25e-07	1.08e-05	3.03e-04	4.98e-03	2.83e-02	7.40e-02	1.55e-01	5.84e-01	1.43e-01	1.12e-02
 1.09031e+22	0.00e+00	0.00e+00	1.03e-28	5.76e-25	1.94e-21	2.18e-18	1.13e-15	3.01e-13	5.62e-10	1.49e-07	1.26e-05	3.46e-04	5.53e-03	3.06e-02	7.78e-02	1.58e-01	5.80e-01	1.38e-01	1.05e-02
 1.10685e+22	0.00e+00	0.00e+00	1.53e-28	8.25e-25	2.68e-21	2.91e-18	1.46e-15	3.73e-13	6.94e-10	1.81e-07	1.49e-05	4.00e-04	6.22e-03	3.34e-02	8.21e-02	1.61e-01	5.75e-01	1.32e-01	9.81e-03
 1.12415e+22	0.00e+00	0.00e+00	2.31e-28	1.20e-24	3.76e-21	3.94e-18	1.90e-15	4.67e-13	8.65e-10	2.23e-07	1.79e-05	4.65e-04	7.03e-03	3.65e-02	8.69e-02	1.65e-01	5.69e-01	1.27e-01	9.10e-03
 1.13861e+22	0.00e+00	0.00e+00	3.24e-28	1.64e-24	4.98e-21	5.05e-18	2.36e-15	5.62e-13	1.04e-09	2.63e-07	2.08e-05	5.26e-04	7.78e-03	3.93e-02	9.09e-02	1.68e-01	5.63e-01	1.22e-01	8.54e-03
 1.15358e+22	0.00e+00	0.00e+00	4.58e-28	2.24e-24	6.62e-21	6.51e-18	2.94e-15	6.79e-13	1.25e-09	3.12e-07	2.41e-05	5.97e-04	8.61e-03	4.24e-02	9.52e-02	1.70e-01	5.57e-01	1.18e-01	7.99e-03
 1.17304e+22	0.00e+00	0.00e+00	7.14e-28	3.36e-24	9.54e-21	9.02e-18	3.90e-15	8.63e-13	1.58e-09	3.89e-07	2.93e-05	7.02e-04	9.81e-03	4.66e-02	1.01e-01	1.74e-01	5.49e-01	1.12e-01	7.33e-03
 1.19252e+22	0.00e+00	0.00e+00	1.11e-27	5.05e-24	1.38e-20	1.25e-17	5.18e-15	1.10e-12	2.01e-09	4.84e-07	3.55e-05	8.25e-04	1.12e-02	5.12e-02	1.07e-01	1.77e-01	5.40e-01	1.06e-01	6.71e-03
 1.20760e+22	0.00e+00	0.00e+00	1.57e-27	6.89e-24	1.82e-20	1.60e-17	6.42e-15	1.32e-12	2.40e-09	5.72e-07	4.11e-05	9.32e-04	1.23e-02	5.50e-02	1.11e-01	1.79e-01	5.33e-01	1.02e-01	6.27e-03
 1.22277e+22	0.00e+00	0.00e+00	2.19e-27	9.37e-24	2.40e-20	2.05e-17	7.95e-15	1.58e-12	2.87e-09	6.74e-07	4.75e-05	1.05e-03	1.36e-02	5.90e-02	1.16e-01	1.81e-01	5.26e-01	9.75e-02	5.85e-03
 1.24249e+22	0.00e+00	0.00e+00	3.39e-27	1.39e-23	3.43e-20	2.81e-17	1.05e-14	1.99e-12	3.61e-09	8.32e-07	5.71e-05	1.23e-03	1.54e-02	6.45e-02	1.22e-01	1.84e-01	5.15e-01	9.22e-02	5.34e-03
 1.26274e+22	0.00e+00	0.00e+00	5.29e-27	2.09e-23	4.95e-20	3.88e-17	1.38e-14	2.52e-12	4.55e-09	1.03e-06	6.90e-05	1.44e-03	1.74e-02	7.05e-02	1.29e-01	1.86e-01	5.04e-01	8.69e-02	4.85e-03
 1.27852e+22	0.00e+00	0.00e+00	7.46e-27	2.86e-23	6.56e-20	4.98e-17	1.72e-14	3.02e-12	5.44e-09	1.22e-06	7.98e-05	1.62e-03	1.92e-02	7.55e-02	1.34e-01	1.88e-01	4.95e-01	8.29e-02	4.49e-03
 1.29183e+22	0.00e+00	0.00e+00	9.94e-27	3.71e-23	8.30e-20	6.13e-17	2.05e-14	3.51e-12	6.31e-09	1.40e-06	9.01e-05	1.79e-03	2.08e-02	7.99e-02	1.38e-01	1.89e-01	4.86e-01	7.96e-02	4.22e-03
 1.30708e+22	0.00e+00	0.00e+00	1.38e-26	4.99e-23	1.08e-19	7.76e-17	2.52e-14	4.17e-12	7.46e-09	1.63e-06	1.03e-04	2.01e-03	2.27e-02	8.51e-02	1.43e-01	1.90e-01	4.77e-01	7.59e-02	3.91e-03
 1.32691e+22	0.00e+00	0.00e+00	2.09e-26	7.31e-23	1.53e-19	1.05e-16	3.27e-14	5.19e-12	9.24e-09	1.99e-06	1.23e-04	2.32e-03	2.54e-02	9.21e-02	1.50e-01	1.91e-01	4.64e-01	7.14e-02	3.55e-03
 1.34695e+22	0.00e+00	0.00e+00	3.20e-26	1.07e-22	2.16e-19	1.43e-16	4.25e-14	6.46e-12	1.15e-08	2.43e-06	1.46e-04	2.68e-03	2.85e-02	9.97e-02	1.56e-01	1.92e-01	4.51e-01	6.68e-02	3.21e-03
 1.36271e+22	0.00e+00	0.00e+00	4.48e-26	1.46e-22	2.84e-19	1.82e-16	5.23e-14	7.68e-12	1.36e-08	2.85e-06	1.68e-04	3.00e-03	3.12e-02	1.06e-01	1.61e-01	1.93e-01	4.40e-01	6.33e-02	2.95e-03
 1.37864e+22	0.00e+00	0.00e+00	6.18e-26	1.96e-22	3.70e-19	2.29e-16	6.39e-14	9.08e-12	1.60e-08	3.31e-06	1.91e-04	3.34e-03	3.39e-02	1.12e-01	1.66e-01	1.93e-01	4.29e-01	6.00e-02	2.73e-03
 1.39935e+22	0.00e+00	0.00e+00	9.43e-26	2.87e-22	5.22e-19	3.11e-16	8.29e-14	1.13e-11	1.97e-08	4.02e-06	2.27e-04	3.84e-03	3.78e-02	1.21e-01	1.72e-01	1.93e-01	4.14e-01	5.59e-02	2.45e-03
 1.42037e+22	0.00e+00	4.67e-32	1.45e-25	4.25e-22	7.41e-19	4.24e-16	1.08e-13	1.41e-11	2.43e-08	4.89e-06	2.69e-04	4.42e-03	4.21e-02	1.30e-01	1.79e-01	1.92e-01	3.98e-01	5.18e-02	2.19e-03
 1.43700e+22	0.00e+00	6.67e-32	2.03e-25	5.78e-22	9.76e-19	5.40e-16	1.33e-13	1.67e-11	2.87e-08	5.70e-06	3.07e-04	4.93e-03	4.58e-02	1.38e-01	1.83e-01	1.91e-01	3.86e-01	4.87e-02	2.00e-03
 1.45381e+22	0.00e+00	9.50e-32	2.84e-25	7.83e-22	1.28e-18	6.87e-16	1.63e-13	1.98e-11	3.38e-08	6.62e-06	3.50e-04	5.48e-03	4.97e-02	1.46e-01	1.88e-01	1.90e-01	3.73e-01	4.58e-02	1.82e-03
 1.47567e+22	0.00e+00	1.49e-31	4.36e-25	1.16e-21	1.82e-18	9.34e-16	2.12e-13	2.46e-11	4.15e-08	8.01e-06	4.13e-04	6.28e-03	5.52e-02	1.56e-01	1.94e-01	1.88e-01	3.57e-01	4.21e-02	1.61e-03
 1.49797e+22	0.00e+00	2.38e-31	6.78e-25	1.73e-21	2.60e-18	1.28e-15	2.78e-13	3.08e-11	5.11e-08	9.72e-06	4.88e-04	7.19e-03	6.12e-02	1.67e-01	1.99e-01	1.86e-01	3.40e-01	3.85e-02	1.42e-03
 1.51577e+22	0.00e+00	3.43e-31	9.59e-25	2.37e-21	3.46e-18	1.64e-15	3.44e-13	3.67e-11	6.02e-08	1.13e-05	5.56e-04	7.99e-03	6.62e-02	1.75e-01	2.03e-01	1.84e-01	3.26e-01	3.58e-02	1.28e-03
 1.53383e+22	0.00e+00	4.94e-31	1.35e-24	3.24e-21	4.58e-18	2.10e-15	4.25e-13	4.36e-11	7.07e-08	1.31e-05	6.32e-04	8.86e-03	7.16e-02	1.84e-01	2.07e-01	1.81e-01	3.13e-01	3.33e-02	1.15e-03
 1.55732e+22	0.00e+00	7.87e-31	2.10e-24	4.83e-21	6.56e-18	2.89e-15	5.56e-13	5.45e-11	8.66e-08	1.58e-05	7.42e-04	1.01e-02	7.89e-02	1.95e-01	2.11e-01	1.77e-01	2.95e-01	3.02e-02	1.00e-03
 1.58125e+22	0.00e+00	1.27e-30	3.30e-24	7.27e-21	9.47e-18	3.99e-15	7.32e-13	6.83e-11	1.06e-07	1.91e-05	8.73e-04	1.15e-02	8.68e-02	2.07e-01	2.15e-01	1.73e-01	2.78e-01	2.72e-02	8.70e-04
 1.60050e+22	0.00e+00	1.84e-30	4.70e-24	1.00e-20	1.27e-17	5.15e-15	9.10e-13	8.17e-11	1.25e-07	2.21e-05	9.90e-04	1.27e-02	9.34e-02	2.16e-01	2.17e-01	1.70e-01	2.64e-01	2.50e-02	7.73e-04
 1.62029e+22	0.00e+00	2.68e-30	6.71e-24	1.39e-20	1.69e-17	6.65e-15	1.13e-12	9.77e-11	1.46e-07	2.56e-05	1.12e-03	1.40e-02	1.00e-01	2.26e-01	2.19e-01	1.66e-01	2.50e-01	2.29e-02	6.86e-04
 1.64212e+22	0.00e+00	4.05e-30	9.90e-24	1.98e-20	2.33e-17	8.81e-15	1.44e-12	1.19e-10	1.74e-07	3.00e-05	1.28e-03	1.56e-02	1.08e-01	2.36e-01	2.21e-01	1.61e-01	2.35e-01	2.08e-02	6.00e-04
 1.66180e+22	0.00e+00	5.84e-30	1.40e-23	2.71e-20	3.09e-17	1.13e-14	1.78e-12	1.42e-10	2.02e-07	3.44e-05	1.44e-03	1.71e-02	1.16e-01	2.45e-01	2.22e-01	1.57e-01	2.22e-01	1.90e-02	5.31e-04
 1.67962e+22	0.00e+00	8.08e-30	1.90e-23	3.58e-20	3.97e-17	1.41e-14	2.15e-12	1.65e-10	2.31e-07	3.89e-05	1.60e-03	1.85e-02	1.23e-01	2.52e-01	2.23e-01	1.53e-01	2.11e-01	1.75e-02	4.75e-04
 1.69982e+22	0.00e+00	1.16e-29	2.67e-23	4.88e-20	5.25e-17	1.80e-14	2.64e-12	1.97e-10	2.68e-07	4.44e-05	1.78e-03	2.02e-02	1.30e-01	2.61e-01	2.23e-01	1.48e-01	1.99e-01	1.60e-02	4.20e-04
 1.72608e+22	0.00e+00	1.82e-29	4.10e-23	7.22e-20	7.46e-17	2.46e-14	3.45e-12	2.45e-10	3.22e-07	5.25e-05	2.05e-03	2.26e-02	1.41e-01	2.71e-01	2.23e-01	1.42e-01	1.84e-01	1.42e-02	3.57e-04
 1.75246e+22	0.00e+00	2.87e-29	6.28e-23	1.07e-19	1.06e-16	3.36e-14	4.50e-12	3.04e-10	3.87e-07	6.19e-05	2.35e-03	2.51e-02	1.51e-01	2.81e-01	2.22e-01	1.36e-01	1.70e-01	1.25e-02	3.03e-04
 1.77304e+22	0.00e+00	4.05e-29	8.70e-23	1.44e-19	1.39e-16	4.26e-14	5.50e-12	3.59e-10	4.45e-07	7.01e-05	2.61e-03	2.71e-02	1.59e-01	2.88e-01	2.21e-01	1.32e-01	1.59e-01	1.14e-02	2.66e-04
 1.79387e+22	0.00e+00	5.67e-29	1.19e-22	1.92e-19	1.80e-16	5.37e-14	6.70e-12	4.23e-10	5.10e-07	7.90e-05	2.88e-03	2.93e-02	1.68e-01	2.94e-01	2.19e-01	1.27e-01	1.49e-01	1.03e-02	2.35e-04
 1.82093e+22	0.00e+00	8.68e-29	1.78e-22	2.77e-19	2.51e-16	7.19e-14	8.61e-12	5.20e-10	6.04e-07	9.19e-05	3.25e-03	3.22e-02	1.78e-01	3.02e-01	2.17e-01	1.21e-01	1.37e-01	9.14e-03	1.99e-04
 1.84941e+22	0.00e+00	1.35e-28	2.70e-22	4.05e-19	3.54e-16	9.76e-14	1.12e-11	6.45e-10	7.21e-07	1.07e-04	3.69e-03	3.54e-02	1.89e-01	3.09e-01	2.14e-01	1.15e-01	1.26e-01	8.01e-03	1.67e-04
 1.87354e+22	0.00e+00	1.94e-28	3.80e-22	5.54e-19	4.70e-16	1.25e-13	1.39e-11	7.71e-10	8.33e-07	1.22e-04	4.09e-03	3.82e-02	1.99e-01	3.15e-01	2.11e-01	1.09e-01	1.16e-01	7.16e-03	1.45e-04
 1.89871e+22	0.00e+00	2.80e-28	5.35e-22	7.58e-19	6.25e-16	1.62e-13	1.72e-11	9.22e-10	9.63e-07	1.38e-04	4.52e-03	4.12e-02	2.09e-01	3.20e-01	2.07e-01	1.04e-01	1.08e-01	6.39e-03	1.25e-04
 1.93143e+22	0.00e+00	4.43e-28	8.22e-22	1.12e-18	8.94e-16	2.22e-13	2.26e-11	1.16e-09	1.16e-06	1.61e-04	5.13e-03	4.52e-02	2.21e-01	3.26e-01	2.02e-01	9.78e-02	9.71e-02	5.52e-03	1.03e-04
 1.96486e+22	0.00e+00	7.02e-28	1.27e-21	1.67e-18	1.28e-15	3.06e-13	2.97e-11	1.45e-09	1.39e-06	1.89e-04	5.80e-03	4.95e-02	2.33e-01	3.31e-01	1.97e-01	9.15e-02	8.73e-02	4.74e-03	8.46e-05
 1.99061e+22	0.00e+00	9.98e-28	1.76e-21	2.26e-18	1.69e-15	3.91e-13	3.67e-11	1.73e-09	1.60e-06	2.12e-04	6.37e-03	5.29e-02	2.43e-01	3.34e-01	1.92e-01	8.67e-02	8.04e-02	4.21e-03	7.26e-05
 2.01145e+22	0.00e+00	1.31e-27	2.26e-21	2.86e-18	2.08e-15	4.71e-13	4.31e-11	1.98e-09	1.78e-06	2.33e-04	6.84e-03	5.57e-02	2.50e-01	3.36e-01	1.89e-01	8.32e-02	7.53e-02	3.84e-03	6.45e-05
 2.03448e+22	0.00e+00	1.74e-27	2.96e-21	3.65e-18	2.61e-15	5.75e-13	5.11e-11	2.28e-09	1.99e-06	2.56e-04	7.37e-03	5.88e-02	2.58e-01	3.38e-01	1.85e-01	7.94e-02	7.03e-02	3.49e-03	5.68e-05
 2.06442e+22	0.00e+00	2.51e-27	4.16e-21	5.01e-18	3.47e-15	7.43e-13	6.37e-11	2.74e-09	2.31e-06	2.89e-04	8.10e-03	6.29e-02	2.68e-01	3.39e-01	1.80e-01	7.48e-02	6.41e-02	3.06e-03	4.82e-05
 2.09643e+22	0.00e+00	3.70e-27	5.97e-21	6.98e-18	4.70e-15	9.74e-13	8.04e-11	3.32e-09	2.69e-06	3.29e-04	8.94e-03	6.75e-02	2.78e-01	3.40e-01	1.74e-01	7.00e-02	5.81e-02	2.67e-03	4.04e-05
 2.12424e+22	0.00e+00	5.14e-27	8.11e-21	9.26e-18	6.08e-15	1.22e-12	9.80e-11	3.92e-09	3.07e-06	3.66e-04	9.71e-03	7.15e-02	2.87e-01	3.41e-01	1.69e-01	6.61e-02	5.33e-02	2.37e-03	3.47e-05
 2.15353e+22	0.00e+00	7.16e-27	1.10e-20	1.23e-17	7.88e-15	1.54e-12	1.20e-10	4.63e-09	3.50e-06	4.08e-04	1.05e-02	7.57e-02	2.96e-01	3.41e-01	1.64e-01	6.22e-02	4.88e-02	2.10e-03	2.97e-05
 2.19160e+22	0.00e+00	1.09e-26	1.62e-20	1.76e-17	1.09e-14	2.07e-12	1.54e-10	5.71e-09	4.14e-06	4.67e-04	1.17e-02	8.13e-02	3.07e-01	3.40e-01	1.57e-01	5.76e-02	4.36e-02	1.79e-03	2.43e-05
 2.23013e+22	0.00e+00	1.65e-26	2.40e-20	2.52e-17	1.52e-14	2.77e-12	1.98e-10	7.06e-09	4.89e-06	5.35e-04	1.29e-02	8.72e-02	3.17e-01	3.38e-01	1.50e-01	5.31e-02	3.88e-02	1.53e-03	1.99e-05
 2.26066e+22	0.00e+00	2.28e-26	3.23e-20	3.32e-17	1.95e-14	3.47e-12	2.41e-10	8.31e-09	5.56e-06	5.94e-04	1.40e-02	9.19e-02	3.25e-01	3.37e-01	1.45e-01	4.98e-02	3.54e-02	1.35e-03	1.70e-05
 2.28669e+22	0.00e+00	2.97e-26	4.12e-20	4.17e-17	2.40e-14	4.18e-12	2.82e-10	9.51e-09	6.19e-06	6.46e-04	1.49e-02	9.59e-02	3.32e-01	3.35e-01	1.40e-01	4.72e-02	3.29e-02	1.22e-03	1.49e-05
 2.31544e+22	0.00e+00	3.94e-26	5.36e-20	5.31e-17	3.00e-14	5.10e-12	3.35e-10	1.10e-08	6.94e-06	7.08e-04	1.60e-02	1.00e-01	3.39e-01	3.33e-01	1.36e-01	4.46e-02	3.02e-02	1.09e-03	1.29e-05
 2.35282e+22	0.00e+00	5.65e-26	7.48e-20	7.23e-17	3.98e-14	6.57e-12	4.17e-10	1.32e-08	8.02e-06	7.94e-04	1.74e-02	1.06e-01	3.47e-01	3.29e-01	1.30e-01	4.13e-02	2.72e-02	9.42e-04	1.08e-05
 2.39149e+22	0.00e+00	8.16e-26	1.05e-19	9.91e-17	5.30e-14	8.51e-12	5.22e-10	1.59e-08	9.29e-06	8.93e-04	1.89e-02	1.12e-01	3.56e-01	3.25e-01	1.24e-01	3.81e-02	2.43e-02	8.12e-04	8.93e-06
 2.42337e+22	0.00e+00	1.10e-25	1.38e-19	1.28e-16	6.68e-14	1.05e-11	6.24e-10	1.85e-08	1.05e-05	9.80e-04	2.03e-02	1.17e-01	3.62e-01	3.22e-01	1.19e-01	3.57e-02	2.22e-02	7.19e-04	7.67e-06
 2.45637e+22	0.00e+00	1.47e-25	1.81e-19	1.64e-16	8.41e-14	1.29e-11	7.46e-10	2.15e-08	1.18e-05	1.08e-03	2.17e-02	1.22e-01	3.68e-01	3.18e-01	1.14e-01	3.35e-02	2.03e-02	6.36e-04	6.58e-06
 2.49927e+22	0.00e+00	2.13e-25	2.55e-19	2.25e-16	1.12e-13	1.67e-11	9.34e-10	2.60e-08	1.37e-05	1.21e-03	2.36e-02	1.29e-01	3.76e-01	3.13e-01	1.08e-01	3.07e-02	1.81e-02	5.44e-04	5.41e-06
 2.54375e+22	0.00e+00	3.12e-25	3.61e-19	3.11e-16	1.51e-13	2.18e-11	1.18e-09	3.16e-08	1.59e-05	1.36e-03	2.57e-02	1.36e-01	3.83e-01	3.07e-01	1.02e-01	2.81e-02	1.60e-02	4.63e-04	4.42e-06
 2.58070e+22	0.00e+00	4.24e-25	4.80e-19	4.05e-16	1.93e-13	2.70e-11	1.42e-09	3.69e-08	1.80e-05	1.50e-03	2.75e-02	1.42e-01	3.88e-01	3.02e-01	9.73e-02	2.61e-02	1.45e-02	4.05e-04	3.75e-06
 2.61914e+22	0.00e+00	5.76e-25	6.35e-19	5.26e-16	2.45e-13	3.35e-11	1.71e-09	4.32e-08	2.04e-05	1.65e-03	2.94e-02	1.48e-01	3.94e-01	2.97e-01	9.27e-02	2.42e-02	1.31e-02	3.55e-04	3.18e-06
 2.66911e+22	0.00e+00	8.48e-25	9.06e-19	7.31e-16	3.31e-13	4.40e-11	2.16e-09	5.26e-08	2.39e-05	1.86e-03	3.20e-02	1.56e-01	4.00e-01	2.90e-01	8.70e-02	2.20e-02	1.15e-02	2.99e-04	2.57e-06
 2.72085e+22	5.71e-32	1.26e-24	1.30e-18	1.02e-15	4.51e-13	5.80e-11	2.75e-09	6.45e-08	2.80e-05	2.10e-03	3.48e-02	1.64e-01	4.05e-01	2.82e-01	8.14e-02	1.99e-02	1.01e-02	2.51e-04	2.07e-06
 2.76155e+22	7.95e-32	1.71e-24	1.72e-18	1.33e-15	5.72e-13	7.17e-11	3.30e-09	7.53e-08	3.16e-05	2.30e-03	3.72e-02	1.71e-01	4.09e-01	2.76e-01	7.72e-02	1.84e-02	9.10e-03	2.19e-04	1.74e-06
 2.80116e+22	1.08e-31	2.27e-24	2.23e-18	1.69e-15	7.13e-13	8.74e-11	3.92e-09	8.70e-08	3.54e-05	2.51e-03	3.95e-02	1.77e-01	4.12e-01	2.70e-01	7.34e-02	1.71e-02	8.25e-03	1.93e-04	1.49e-06
 2.85264e+22	1.59e-31	3.25e-24	3.10e-18	2.29e-15	9.41e-13	1.12e-10	4.86e-09	1.04e-07	4.08e-05	2.80e-03	4.25e-02	1.84e-01	4.16e-01	2.63e-01	6.88e-02	1.55e-02	7.28e-03	1.63e-04	1.22e-06
 2.90698e+22	2.39e-31	4.72e-24	4.37e-18	3.14e-15	1.26e-12	1.46e-10	6.10e-09	1.26e-07	4.74e-05	3.13e-03	4.59e-02	1.93e-01	4.19e-01	2.54e-01	6.41e-02	1.40e-02	6.38e-03	1.37e-04	9.81e-07
 2.95349e+22	3.36e-31	6.45e-24	5.80e-18	4.09e-15	1.60e-12	1.81e-10	7.35e-09	1.48e-07	5.37e-05	3.44e-03	4.89e-02	2.00e-01	4.21e-01	2.48e-01	6.04e-02	1.29e-02	5.71e-03	1.19e-04	8.21e-07
 3.00241e+22	4.73e-31	8.83e-24	7.73e-18	5.34e-15	2.05e-12	2.25e-10	8.88e-09	1.73e-07	6.09e-05	3.77e-03	5.21e-02	2.07e-01	4.23e-01	2.40e-01	5.68e-02	1.18e-02	5.10e-03	1.03e-04	6.84e-07
 3.06601e+22	7.27e-31	1.31e-23	1.11e-17	7.47e-15	2.78e-12	2.96e-10	1.13e-08	2.12e-07	7.12e-05	4.24e-03	5.64e-02	2.16e-01	4.25e-01	2.31e-01	5.25e-02	1.06e-02	4.41e-03	8.50e-05	5.43e-07
 3.13268e+22	1.14e-30	1.98e-23	1.62e-17	1.06e-14	3.82e-12	3.94e-10	1.44e-08	2.61e-07	8.38e-05	4.79e-03	6.11e-02	2.25e-01	4.25e-01	2.22e-01	4.82e-02	9.37e-03	3.79e-03	6.98e-05	4.27e-07
 3.18938e+22	1.65e-30	2.79e-23	2.20e-17	1.41e-14	4.97e-12	4.98e-10	1.76e-08	3.09e-07	9.58e-05	5.29e-03	6.53e-02	2.33e-01	4.25e-01	2.14e-01	4.49e-02	8.48e-03	3.33e-03	5.92e-05	3.49e-07
 3.23957e+22	2.27e-30	3.73e-23	2.87e-17	1.80e-14	6.22e-12	6.09e-10	2.10e-08	3.58e-07	1.07e-04	5.76e-03	6.90e-02	2.40e-01	4.25e-01	2.07e-01	4.21e-02	7.78e-03	2.99e-03	5.13e-05	2.93e-07
 3.29523e+22	3.20e-30	5.11e-23	3.82e-17	2.35e-14	7.93e-12	7.56e-10	2.53e-08	4.20e-07	1.22e-04	6.30e-03	7.33e-02	2.47e-01	4.24e-01	2.00e-01	3.93e-02	7.07e-03	2.65e-03	4.39e-05	2.42e-07
 3.36758e+22	4.89e-30	7.55e-23	5.45e-17	3.26e-14	1.07e-11	9.86e-10	3.18e-08	5.09e-07	1.41e-04	7.04e-03	7.87e-02	2.56e-01	4.22e-01	1.91e-01	3.61e-02	6.29e-03	2.28e-03	3.63e-05	1.92e-07
 3.44338e+22	7.66e-30	1.14e-22	7.92e-17	4.61e-14	1.47e-11	1.31e-09	4.07e-08	6.26e-07	1.66e-04	7.92e-03	8.49e-02	2.65e-01	4.20e-01	1.82e-01	3.28e-02	5.52e-03	1.94e-03	2.95e-05	1.49e-07
 3.50659e+22	1.10e-29	1.59e-22	1.07e-16	6.09e-14	1.89e-11	1.64e-09	4.95e-08	7.38e-07	1.89e-04	8.69e-03	9.01e-02	2.73e-01	4.17e-01	1.74e-01	3.03e-02	4.97e-03	1.70e-03	2.49e-05	0.00e+00
 3.56223e+22	1.50e-29	2.11e-22	1.39e-16	7.74e-14	2.35e-11	2.00e-09	5.85e-08	8.49e-07	2.11e-04	9.41e-03	9.48e-02	2.79e-01	4.15e-01	1.68e-01	2.84e-02	4.54e-03	1.52e-03	2.16e-05	0.00e+00
 3.62509e+22	2.11e-29	2.88e-22	1.84e-16	1.00e-13	2.98e-11	2.47e-09	7.02e-08	9.90e-07	2.37e-04	1.03e-02	1.00e-01	2.86e-01	4.11e-01	1.61e-01	2.63e-02	4.11e-03	1.34e-03	1.84e-05	0.00e+00
 3.70682e+22	3.22e-29	4.24e-22	2.61e-16	1.39e-13	4.02e-11	3.22e-09	8.82e-08	1.20e-06	2.76e-04	1.14e-02	1.07e-01	2.94e-01	4.06e-01	1.52e-01	2.39e-02	3.61e-03	1.14e-03	1.50e-05	0.00e+00
 3.79102e+22	4.99e-29	6.32e-22	3.75e-16	1.94e-13	5.45e-11	4.23e-09	1.12e-07	1.46e-06	3.21e-04	1.28e-02	1.15e-01	3.03e-01	4.01e-01	1.44e-01	2.16e-02	3.16e-03	9.67e-04	1.21e-05	0.00e+00
 3.85944e+22	7.06e-29	8.68e-22	4.99e-16	2.53e-13	6.95e-11	5.25e-09	1.34e-07	1.71e-06	3.62e-04	1.39e-02	1.21e-01	3.09e-01	3.96e-01	1.37e-01	1.98e-02	2.84e-03	8.46e-04	1.02e-05	0.00e+00
 3.92942e+22	9.88e-29	1.18e-21	6.59e-16	3.28e-13	8.78e-11	6.47e-09	1.61e-07	1.99e-06	4.07e-04	1.51e-02	1.27e-01	3.15e-01	3.90e-01	1.30e-01	1.83e-02	2.55e-03	7.42e-04	8.68e-06	0.00e+00
 4.02040e+22	1.51e-28	1.74e-21	9.34e-16	4.52e-13	1.18e-10	8.39e-09	2.01e-07	2.40e-06	4.71e-04	1.67e-02	1.35e-01	3.23e-01	3.83e-01	1.23e-01	1.65e-02	2.23e-03	6.29e-04	7.05e-06	0.00e+00
 4.11575e+22	2.36e-28	2.61e-21	1.35e-15	6.37e-13	1.61e-10	1.11e-08	2.56e-07	2.94e-06	5.50e-04	1.87e-02	1.44e-01	3.30e-01	3.75e-01	1.14e-01	1.47e-02	1.92e-03	5.25e-04	5.60e-06	0.00e+00
 4.19501e+22	3.36e-28	3.61e-21	1.81e-15	8.35e-13	2.06e-10	1.39e-08	3.10e-07	3.45e-06	6.22e-04	2.04e-02	1.52e-01	3.36e-01	3.68e-01	1.08e-01	1.34e-02	1.71e-03	4.54e-04	4.66e-06	0.00e+00
 4.27624e+22	4.77e-28	4.96e-21	2.41e-15	1.09e-12	2.64e-10	1.72e-08	3.74e-07	4.04e-06	7.02e-04	2.21e-02	1.59e-01	3.41e-01	3.61e-01	1.02e-01	1.22e-02	1.52e-03	3.92e-04	3.88e-06	0.00e+00
 4.38184e+22	7.39e-28	7.39e-21	3.45e-15	1.52e-12	3.58e-10	2.26e-08	4.72e-07	4.91e-06	8.16e-04	2.46e-02	1.69e-01	3.47e-01	3.51e-01	9.49e-02	1.08e-02	1.31e-03	3.27e-04	3.09e-06	0.00e+00
 4.49234e+22	1.17e-27	1.12e-20	5.03e-15	2.16e-12	4.93e-10	3.01e-08	6.04e-07	6.04e-06	9.55e-04	2.74e-02	1.80e-01	3.53e-01	3.40e-01	8.75e-02	9.51e-03	1.11e-03	2.68e-04	2.41e-06	0.00e+00
 4.57807e+22	1.65e-27	1.53e-20	6.66e-15	2.81e-12	6.27e-10	3.74e-08	7.26e-07	7.05e-06	1.07e-03	2.97e-02	1.88e-01	3.57e-01	3.32e-01	8.22e-02	8.62e-03	9.81e-04	2.31e-04	2.00e-06	0.00e+00
 4.64586e+22	2.15e-27	1.95e-20	8.27e-15	3.44e-12	7.54e-10	4.40e-08	8.36e-07	7.94e-06	1.18e-03	3.16e-02	1.95e-01	3.60e-01	3.25e-01	7.82e-02	7.97e-03	8.91e-04	2.05e-04	1.73e-06	0.00e+00
 4.72148e+22	2.86e-27	2.53e-20	1.04e-14	4.27e-12	9.20e-10	5.27e-08	9.75e-07	9.03e-06	1.30e-03	3.37e-02	2.02e-01	3.63e-01	3.18e-01	7.41e-02	7.32e-03	8.02e-04	1.81e-04	1.47e-06	0.00e+00
 4.81980e+22	4.08e-27	3.49e-20	1.39e-14	5.60e-12	1.18e-09	6.58e-08	1.18e-06	1.06e-05	1.47e-03	3.67e-02	2.11e-01	3.66e-01	3.08e-01	6.90e-02	6.56e-03	7.01e-04	1.54e-04	1.20e-06	0.00e+00
 4.92694e+22	6.01e-27	4.96e-20	1.91e-14	7.51e-12	1.55e-09	8.39e-08	1.45e-06	1.26e-05	1.67e-03	4.01e-02	2.21e-01	3.69e-01	2.98e-01	6.38e-02	5.81e-03	6.04e-04	1.28e-04	9.61e-07	0.00e+00
 5.02254e+22	8.42e-27	6.73e-20	2.51e-14	9.71e-12	1.96e-09	1.04e-07	1.74e-06	1.47e-05	1.88e-03	4.33e-02	2.30e-01	3.71e-01	2.88e-01	5.94e-02	5.21e-03	5.29e-04	1.09e-04	7.88e-07	0.00e+00
 5.11051e+22	1.13e-26	8.80e-20	3.19e-14	1.22e-11	2.42e-09	1.25e-07	2.05e-06	1.69e-05	2.08e-03	4.63e-02	2.38e-01	3.73e-01	2.80e-01	5.57e-02	4.73e-03	4.70e-04	9.48e-05	6.60e-07	0.00e+00
 5.21159e+22	1.57e-26	1.18e-19	4.16e-14	1.56e-11	3.04e-09	1.53e-07	2.44e-06	1.96e-05	2.32e-03	4.98e-02	2.47e-01	3.74e-01	2.71e-01	5.18e-02	4.24e-03	4.12e-04	8.10e-05	5.43e-07	0.00e+00
 5.34300e+22	2.36e-26	1.71e-19	5.79e-14	2.13e-11	4.06e-09	1.99e-07	3.06e-06	2.37e-05	2.68e-03	5.47e-02	2.59e-01	3.74e-01	2.58e-01	4.71e-02	3.67e-03	3.47e-04	6.58e-05	4.20e-07	0.00e+00
 5.47764e+22	3.61e-26	2.51e-19	8.13e-14	2.94e-11	5.47e-09	2.61e-07	3.86e-06	2.89e-05	3.11e-03	6.01e-02	2.71e-01	3.74e-01	2.46e-01	4.25e-02	3.15e-03	2.90e-04	5.29e-05	3.21e-07	0.00e+00
 5.58598e+22	4.99e-26	3.36e-19	1.06e-13	3.77e-11	6.89e-09	3.22e-07	4.62e-06	3.36e-05	3.48e-03	6.46e-02	2.80e-01	3.74e-01	2.36e-01	3.92e-02	2.80e-03	2.51e-04	4.46e-05	2.60e-07	0.00e+00
 5.69635e+22	6.81e-26	4.45e-19	1.35e-13	4.78e-11	8.61e-09	3.93e-07	5.49e-06	3.90e-05	3.88e-03	6.93e-02	2.89e-01	3.73e-01	2.26e-01	3.61e-02	2.48e-03	2.18e-04	3.76e-05	2.11e-07	0.00e+00
 5.83983e+22	1.00e-25	6.30e-19	1.84e-13	6.42e-11	1.14e-08	5.06e-07	6.82e-06	4.69e-05	4.45e-03	7.56e-02	3.00e-01	3.71e-01	2.14e-01	3.25e-02	2.13e-03	1.82e-04	3.04e-05	1.62e-07	0.00e+00
 5.99223e+22	1.51e-25	9.12e-19	2.56e-13	8.80e-11	1.53e-08	6.61e-07	8.60e-06	5.71e-05	5.14e-03	8.28e-02	3.12e-01	3.67e-01	2.01e-01	2.89e-02	1.80e-03	1.50e-04	2.40e-05	1.22e-07	0.00e+00
 6.12193e+22	2.12e-25	1.23e-18	3.34e-13	1.14e-10	1.95e-08	8.28e-07	1.04e-05	6.75e-05	5.81e-03	8.93e-02	3.22e-01	3.64e-01	1.90e-01	2.61e-02	1.56e-03	1.27e-04	1.96e-05	0.00e+00	0.00e+00
 6.25623e+22	2.93e-25	1.65e-18	4.31e-13	1.46e-10	2.46e-08	1.02e-06	1.25e-05	7.89e-05	6.51e-03	9.58e-02	3.32e-01	3.60e-01	1.80e-01	2.37e-02	1.36e-03	1.08e-04	1.62e-05	0.00e+00	0.00e+00
 6.43082e+22	4.38e-25	2.36e-18	5.92e-13	1.98e-10	3.29e-08	1.34e-06	1.58e-05	9.64e-05	7.53e-03	1.05e-01	3.43e-01	3.55e-01	1.68e-01	2.08e-02	1.13e-03	8.77e-05	1.26e-05	0.00e+00	0.00e+00
 6.61126e+22	6.63e-25	3.41e-18	8.18e-13	2.72e-10	4.46e-08	1.76e-06	2.01e-05	1.19e-04	8.76e-03	1.15e-01	3.54e-01	3.48e-01	1.55e-01	1.81e-02	9.32e-04	7.02e-05	9.70e-06	0.00e+00	0.00e+00
 6.75050e+22	9.05e-25	4.50e-18	1.04e-12	3.46e-10	5.62e-08	2.18e-06	2.41e-05	1.40e-04	9.83e-03	1.23e-01	3.63e-01	3.42e-01	1.46e-01	1.62e-02	7.99e-04	5.90e-05	7.87e-06	0.00e+00	0.00e+00
 6.86296e+22	1.14e-24	5.54e-18	1.25e-12	4.14e-10	6.65e-08	2.55e-06	2.76e-05	1.57e-04	1.07e-02	1.29e-01	3.69e-01	3.37e-01	1.39e-01	1.50e-02	7.13e-04	5.18e-05	6.75e-06	0.00e+00	0.00e+00
 6.98946e+22	1.47e-24	6.91e-18	1.52e-12	5.02e-10	8.02e-08	3.03e-06	3.21e-05	1.79e-04	1.17e-02	1.36e-01	3.75e-01	3.31e-01	1.31e-01	1.36e-02	6.26e-04	4.48e-05	5.66e-06	0.00e+00	0.00e+00
 7.15391e+22	2.00e-24	9.08e-18	1.92e-12	6.36e-10	1.01e-07	3.74e-06	3.86e-05	2.10e-04	1.32e-02	1.46e-01	3.82e-01	3.24e-01	1.22e-01	1.21e-02	5.31e-04	3.72e-05	4.55e-06	0.00e+00	0.00e+00
 7.33731e+22	2.81e-24	1.23e-17	2.50e-12	8.28e-10	1.30e-07	4.74e-06	4.73e-05	2.52e-04	1.50e-02	1.57e-01	3.90e-01	3.15e-01	1.12e-01	1.05e-02	4.41e-04	3.02e-05	3.54e-06	0.00e+00	0.00e+00
 7.50236e+22	3.79e-24	1.60e-17	3.14e-12	1.04e-09	1.63e-07	5.85e-06	5.68e-05	2.97e-04	1.68e-02	1.67e-01	3.96e-01	3.06e-01	1.04e-01	9.26e-03	3.72e-04	2.49e-05	2.82e-06	0.00e+00	0.00e+00
