#depth	Fe	Fe+	Fe+2	Fe+3	Fe+4	Fe+5	Fe+6	Fe+7	Fe+8	Fe+9	Fe+10	Fe+11	Fe+12	Fe+13	Fe+14	Fe+15	Fe+16	Fe+17	Fe+18	Fe+19	Fe+20	Fe+21	Fe+22	Fe+23	Fe+24	Fe+25	Fe+26
 6.17135e+19	0.00e+00	0.00e+00	0.00e+00	0.00e+00	0.00e+00	0.00e+00	0.00e+00	0.00e+00	0.00e+00	3.00e-31	5.13e-28	5.50e-25	5.08e-22	2.66e-19	9.31e-17	2.18e-14	7.08e-12	7.31e-10	4.70e-08	1.79e-06	4.03e-05	5.12e-04	4.97e-03	4.11e-02	4.11e-01	4.04e-01	1.38e-01
 1.87609e+20	0.00e+00	0.00e+00	0.00e+00	0.00e+00	0.00e+00	0.00e+00	0.00e+00	0.00e+00	0.00e+00	1.20e-30	1.85e-27	1.79e-24	1.49e-21	7.08e-19	2.24e-16	4.77e-14	1.47e-11	1.42e-09	8.47e-08	2.98e-06	6.15e-05	7.16e-04	6.32e-03	4.75e-02	4.34e-01	3.90e-01	1.21e-01
 3.18540e+20	0.00e+00	0.00e+00	0.00e+00	0.00e+00	0.00e+00	0.00e+00	0.00e+00	0.00e+00	0.00e+00	4.83e-30	6.72e-27	5.87e-24	4.41e-21	1.89e-18	5.39e-16	1.05e-13	3.04e-11	2.76e-09	1.53e-07	4.97e-06	9.41e-05	1.00e-03	8.02e-03	5.48e-02	4.57e-01	3.73e-01	1.06e-01
 4.54709e+20	0.00e+00	0.00e+00	0.00e+00	0.00e+00	0.00e+00	0.00e+00	0.00e+00	0.00e+00	1.06e-32	1.97e-29	2.46e-26	1.94e-23	1.31e-20	5.03e-18	1.30e-15	2.29e-13	6.32e-11	5.37e-09	2.77e-07	8.29e-06	1.44e-04	1.40e-03	1.02e-02	6.29e-02	4.78e-01	3.56e-01	9.19e-02
 5.48445e+20	0.00e+00	0.00e+00	0.00e+00	0.00e+00	0.00e+00	0.00e+00	0.00e+00	0.00e+00	2.92e-32	5.07e-29	5.90e-26	4.32e-23	2.71e-20	9.72e-18	2.34e-15	3.86e-13	1.03e-10	8.41e-09	4.14e-07	1.17e-05	1.91e-04	1.74e-03	1.19e-02	6.89e-02	4.91e-01	3.43e-01	8.32e-02
 5.86617e+20	0.00e+00	0.00e+00	0.00e+00	0.00e+00	0.00e+00	0.00e+00	0.00e+00	0.00e+00	4.46e-32	7.51e-29	8.48e-26	6.01e-23	3.66e-20	1.27e-17	2.97e-15	4.77e-13	1.26e-10	1.01e-08	4.88e-07	1.35e-05	2.16e-04	1.91e-03	1.27e-02	7.15e-02	4.96e-01	3.38e-01	7.97e-02
 6.18485e+20	0.00e+00	0.00e+00	0.00e+00	0.00e+00	0.00e+00	0.00e+00	0.00e+00	0.00e+00	6.15e-32	1.01e-28	1.12e-25	7.76e-23	4.62e-20	1.57e-17	3.59e-15	5.65e-13	1.47e-10	1.17e-08	5.54e-07	1.50e-05	2.36e-04	2.05e-03	1.33e-02	7.35e-02	5.00e-01	3.33e-01	7.72e-02
 6.59914e+20	0.00e+00	0.00e+00	0.00e+00	0.00e+00	0.00e+00	0.00e+00	0.00e+00	0.00e+00	9.49e-32	1.52e-28	1.62e-25	1.09e-22	6.30e-20	2.08e-17	4.60e-15	7.04e-13	1.81e-10	1.41e-08	6.56e-07	1.74e-05	2.66e-04	2.25e-03	1.42e-02	7.62e-02	5.05e-01	3.28e-01	7.39e-02
 7.13772e+20	0.00e+00	0.00e+00	0.00e+00	0.00e+00	0.00e+00	0.00e+00	0.00e+00	0.00e+00	1.66e-31	2.55e-28	2.62e-25	1.69e-22	9.38e-20	2.97e-17	6.33e-15	9.35e-13	2.37e-10	1.80e-08	8.16e-07	2.10e-05	3.11e-04	2.54e-03	1.54e-02	7.99e-02	5.12e-01	3.20e-01	6.97e-02
 7.83787e+20	0.00e+00	0.00e+00	0.00e+00	0.00e+00	0.00e+00	0.00e+00	0.00e+00	0.00e+00	3.40e-31	4.96e-28	4.85e-25	2.97e-22	1.56e-19	4.71e-17	9.53e-15	1.34e-12	3.33e-10	2.46e-08	1.08e-06	2.67e-05	3.79e-04	2.96e-03	1.72e-02	8.48e-02	5.19e-01	3.11e-01	6.47e-02
 8.56046e+20	0.00e+00	0.00e+00	0.00e+00	0.00e+00	0.00e+00	0.00e+00	0.00e+00	0.00e+00	7.07e-31	9.78e-28	9.07e-25	5.28e-22	2.63e-19	7.52e-17	1.44e-14	1.94e-12	4.71e-10	3.39e-08	1.43e-06	3.41e-05	4.64e-04	3.47e-03	1.91e-02	9.00e-02	5.26e-01	3.01e-01	5.98e-02
 9.11661e+20	0.00e+00	0.00e+00	0.00e+00	0.00e+00	0.00e+00	0.00e+00	0.00e+00	0.00e+00	1.24e-30	1.64e-27	1.46e-24	8.17e-22	3.91e-19	1.07e-16	1.98e-14	2.57e-12	6.14e-10	4.32e-08	1.78e-06	4.11e-05	5.41e-04	3.90e-03	2.08e-02	9.40e-02	5.31e-01	2.93e-01	5.62e-02
 9.56484e+20	0.00e+00	0.00e+00	0.00e+00	0.00e+00	0.00e+00	0.00e+00	0.00e+00	0.00e+00	1.92e-30	2.48e-27	2.14e-24	1.15e-21	5.35e-19	1.42e-16	2.54e-14	3.20e-12	7.56e-10	5.23e-08	2.12e-06	4.77e-05	6.10e-04	4.28e-03	2.21e-02	9.73e-02	5.35e-01	2.87e-01	5.36e-02
 1.00684e+21	0.00e+00	0.00e+00	0.00e+00	0.00e+00	0.00e+00	0.00e+00	0.00e+00	0.00e+00	3.15e-30	3.91e-27	3.26e-24	1.70e-21	7.59e-19	1.95e-16	3.36e-14	4.09e-12	9.54e-10	6.48e-08	2.56e-06	5.62e-05	6.99e-04	4.75e-03	2.38e-02	1.01e-01	5.39e-01	2.80e-01	5.07e-02
 1.07231e+21	0.00e+00	0.00e+00	0.00e+00	0.00e+00	0.00e+00	0.00e+00	0.00e+00	0.00e+00	5.95e-30	7.06e-27	5.60e-24	2.79e-21	1.19e-18	2.91e-16	4.80e-14	5.60e-12	1.29e-09	8.53e-08	3.27e-06	6.93e-05	8.31e-04	5.43e-03	2.60e-02	1.06e-01	5.43e-01	2.71e-01	4.71e-02
 1.14079e+21	0.00e+00	0.00e+00	0.00e+00	0.00e+00	0.00e+00	0.00e+00	0.00e+00	0.00e+00	1.15e-29	1.30e-26	9.83e-24	4.66e-21	1.89e-18	4.41e-16	6.94e-14	7.75e-12	1.75e-09	1.13e-07	4.22e-06	8.62e-05	9.93e-04	6.23e-03	2.86e-02	1.11e-01	5.47e-01	2.62e-01	4.37e-02
 1.19836e+21	0.00e+00	0.00e+00	0.00e+00	0.00e+00	0.00e+00	0.00e+00	0.00e+00	4.89e-33	1.98e-29	2.16e-26	1.57e-23	7.14e-21	2.78e-18	6.23e-16	9.41e-14	1.01e-11	2.26e-09	1.43e-07	5.21e-06	1.03e-04	1.15e-03	6.97e-03	3.08e-02	1.16e-01	5.50e-01	2.54e-01	4.10e-02
 1.25836e+21	0.00e+00	0.00e+00	0.00e+00	0.00e+00	0.00e+00	0.00e+00	0.00e+00	8.83e-33	3.45e-29	3.60e-26	2.51e-23	1.10e-20	4.11e-18	8.84e-16	1.28e-13	1.33e-11	2.93e-09	1.82e-07	6.44e-06	1.24e-04	1.34e-03	7.81e-03	3.33e-02	1.20e-01	5.52e-01	2.47e-01	3.83e-02
 1.32481e+21	0.00e+00	0.00e+00	0.00e+00	0.00e+00	0.00e+00	0.00e+00	0.00e+00	1.73e-32	6.46e-29	6.44e-26	4.29e-23	1.79e-20	6.38e-18	1.31e-15	1.82e-13	1.80e-11	3.92e-09	2.38e-07	8.20e-06	1.52e-04	1.58e-03	8.89e-03	3.63e-02	1.26e-01	5.54e-01	2.38e-01	3.55e-02
 1.38446e+21	0.00e+00	0.00e+00	0.00e+00	0.00e+00	0.00e+00	0.00e+00	0.00e+00	3.13e-32	1.12e-28	1.07e-25	6.85e-23	2.74e-20	9.39e-18	1.85e-15	2.46e-13	2.36e-11	5.06e-09	3.02e-07	1.01e-05	1.82e-04	1.83e-03	9.93e-03	3.91e-02	1.30e-01	5.56e-01	2.30e-01	3.32e-02
 1.43812e+21	0.00e+00	0.00e+00	0.00e+00	0.00e+00	0.00e+00	0.00e+00	0.00e+00	5.31e-32	1.83e-28	1.69e-25	1.04e-22	4.02e-20	1.33e-17	2.52e-15	3.23e-13	2.99e-11	6.36e-09	3.73e-07	1.22e-05	2.14e-04	2.09e-03	1.10e-02	4.17e-02	1.34e-01	5.56e-01	2.23e-01	3.12e-02
 1.49920e+21	0.00e+00	0.00e+00	0.00e+00	0.00e+00	0.00e+00	0.00e+00	0.00e+00	9.54e-32	3.16e-28	2.81e-25	1.66e-22	6.15e-20	1.94e-17	3.54e-15	4.37e-13	3.89e-11	8.20e-09	4.71e-07	1.51e-05	2.56e-04	2.42e-03	1.22e-02	4.48e-02	1.39e-01	5.57e-01	2.15e-01	2.91e-02
 1.57861e+21	0.00e+00	0.00e+00	0.00e+00	0.00e+00	0.00e+00	0.00e+00	0.00e+00	2.04e-31	6.42e-28	5.40e-25	3.03e-22	1.06e-19	3.19e-17	5.51e-15	6.44e-13	5.47e-11	1.14e-08	6.37e-07	1.97e-05	3.22e-04	2.91e-03	1.41e-02	4.92e-02	1.45e-01	5.56e-01	2.06e-01	2.66e-02
 1.65780e+21	0.00e+00	0.00e+00	0.00e+00	0.00e+00	0.00e+00	0.00e+00	0.00e+00	4.38e-31	1.31e-27	1.04e-24	5.55e-22	1.85e-19	5.23e-17	8.57e-15	9.49e-13	7.66e-11	1.57e-08	8.62e-07	2.59e-05	4.06e-04	3.51e-03	1.62e-02	5.39e-02	1.51e-01	5.54e-01	1.96e-01	2.42e-02
 1.71630e+21	0.00e+00	0.00e+00	0.00e+00	0.00e+00	0.00e+00	0.00e+00	0.00e+00	7.49e-31	2.16e-27	1.66e-24	8.50e-22	2.72e-19	7.43e-17	1.17e-14	1.25e-12	9.75e-11	1.98e-08	1.07e-06	3.13e-05	4.76e-04	4.00e-03	1.79e-02	5.74e-02	1.56e-01	5.53e-01	1.89e-01	2.26e-02
 1.77197e+21	0.00e+00	0.00e+00	0.00e+00	0.00e+00	0.00e+00	0.00e+00	0.00e+00	1.25e-30	3.47e-27	2.58e-24	1.27e-21	3.94e-19	1.04e-16	1.58e-14	1.62e-12	1.22e-10	2.47e-08	1.31e-06	3.74e-05	5.55e-04	4.52e-03	1.96e-02	6.09e-02	1.60e-01	5.51e-01	1.83e-01	2.12e-02
 1.84434e+21	0.00e+00	0.00e+00	0.00e+00	0.00e+00	0.00e+00	0.00e+00	0.00e+00	2.42e-30	6.43e-27	4.56e-24	2.15e-21	6.34e-19	1.59e-16	2.31e-14	2.27e-12	1.64e-10	3.27e-08	1.69e-06	4.72e-05	6.76e-04	5.30e-03	2.20e-02	6.56e-02	1.65e-01	5.47e-01	1.74e-01	1.94e-02
 1.92040e+21	0.00e+00	0.00e+00	0.00e+00	0.00e+00	0.00e+00	0.00e+00	0.00e+00	4.83e-30	1.22e-26	8.27e-24	3.71e-21	1.04e-18	2.49e-16	3.44e-14	3.22e-12	2.22e-10	4.39e-08	2.22e-06	6.01e-05	8.29e-04	6.24e-03	2.49e-02	7.09e-02	1.70e-01	5.43e-01	1.66e-01	1.77e-02
 1.98481e+21	0.00e+00	0.00e+00	0.00e+00	0.00e+00	0.00e+00	0.00e+00	0.00e+00	8.60e-30	2.09e-26	1.36e-23	5.87e-21	1.58e-18	3.62e-16	4.80e-14	4.31e-12	2.86e-10	5.61e-08	2.79e-06	7.35e-05	9.83e-04	7.15e-03	2.75e-02	7.55e-02	1.75e-01	5.39e-01	1.59e-01	1.64e-02
 2.05207e+21	0.00e+00	0.00e+00	0.00e+00	0.00e+00	0.00e+00	0.00e+00	0.00e+00	1.56e-29	3.64e-26	2.27e-23	9.39e-21	2.42e-18	5.32e-16	6.76e-14	5.82e-12	3.72e-10	7.21e-08	3.52e-06	9.04e-05	1.17e-03	8.22e-03	3.05e-02	8.05e-02	1.79e-01	5.33e-01	1.52e-01	1.51e-02
 2.12525e+21	0.00e+00	0.00e+00	0.00e+00	0.00e+00	0.00e+00	0.00e+00	7.05e-33	2.96e-29	6.62e-26	3.94e-23	1.56e-20	3.84e-18	8.05e-16	9.78e-14	8.04e-12	4.92e-10	9.46e-08	4.52e-06	1.13e-04	1.41e-03	9.55e-03	3.40e-02	8.61e-02	1.84e-01	5.27e-01	1.44e-01	1.38e-02
 2.19067e+21	0.00e+00	0.00e+00	0.00e+00	0.00e+00	0.00e+00	0.00e+00	1.29e-32	5.22e-29	1.12e-25	6.43e-23	2.44e-20	5.78e-18	1.16e-15	1.36e-13	1.07e-11	6.30e-10	1.20e-07	5.63e-06	1.37e-04	1.66e-03	1.09e-02	3.74e-02	9.12e-02	1.88e-01	5.21e-01	1.38e-01	1.28e-02
 2.25103e+21	0.00e+00	0.00e+00	0.00e+00	0.00e+00	0.00e+00	0.00e+00	2.24e-32	8.76e-29	1.82e-25	1.00e-22	3.67e-20	8.38e-18	1.62e-15	1.82e-13	1.39e-11	7.88e-10	1.49e-07	6.88e-06	1.64e-04	1.93e-03	1.22e-02	4.07e-02	9.61e-02	1.91e-01	5.14e-01	1.32e-01	1.18e-02
 2.32025e+21	0.00e+00	0.00e+00	0.00e+00	0.00e+00	0.00e+00	0.00e+00	4.19e-32	1.57e-28	3.13e-25	1.66e-22	5.83e-20	1.28e-17	2.37e-15	2.55e-13	1.86e-11	1.02e-09	1.91e-07	8.63e-06	2.00e-04	2.28e-03	1.40e-02	4.48e-02	1.02e-01	1.94e-01	5.06e-01	1.25e-01	1.09e-02
 2.39767e+21	0.00e+00	0.00e+00	0.00e+00	0.00e+00	0.00e+00	0.00e+00	8.36e-32	3.01e-28	5.72e-25	2.90e-22	9.72e-20	2.03e-17	3.59e-15	3.70e-13	2.57e-11	1.34e-09	2.50e-07	1.11e-05	2.50e-04	2.74e-03	1.61e-02	4.97e-02	1.08e-01	1.98e-01	4.97e-01	1.18e-01	9.85e-03
 2.46989e+21	0.00e+00	0.00e+00	0.00e+00	0.00e+00	0.00e+00	0.00e+00	1.58e-31	5.46e-28	9.97e-25	4.84e-22	1.56e-19	3.11e-17	5.28e-15	5.20e-13	3.46e-11	1.74e-09	3.20e-07	1.39e-05	3.05e-04	3.24e-03	1.84e-02	5.46e-02	1.14e-01	2.01e-01	4.88e-01	1.12e-01	8.99e-03
 2.53712e+21	0.00e+00	0.00e+00	0.00e+00	0.00e+00	0.00e+00	0.00e+00	2.83e-31	9.43e-28	1.66e-24	7.76e-22	2.40e-19	4.61e-17	7.51e-15	7.11e-13	4.55e-11	2.20e-09	4.02e-07	1.71e-05	3.67e-04	3.77e-03	2.08e-02	5.94e-02	1.20e-01	2.03e-01	4.78e-01	1.06e-01	8.25e-03
 2.61371e+21	0.00e+00	0.00e+00	0.00e+00	0.00e+00	0.00e+00	0.00e+00	5.45e-31	1.74e-27	2.94e-24	1.32e-21	3.89e-19	7.16e-17	1.12e-14	1.01e-12	6.18e-11	2.87e-09	5.19e-07	2.17e-05	4.51e-04	4.47e-03	2.37e-02	6.52e-02	1.26e-01	2.06e-01	4.67e-01	9.97e-02	7.47e-03
 2.69671e+21	0.00e+00	0.00e+00	0.00e+00	0.00e+00	0.00e+00	0.00e+00	1.10e-30	3.36e-27	5.41e-24	2.31e-21	6.53e-19	1.15e-16	1.70e-14	1.47e-12	8.57e-11	3.80e-09	6.80e-07	2.77e-05	5.60e-04	5.35e-03	2.72e-02	7.18e-02	1.33e-01	2.08e-01	4.54e-01	9.31e-02	6.71e-03
 2.77083e+21	0.00e+00	0.00e+00	0.00e+00	0.00e+00	0.00e+00	0.00e+00	2.03e-30	5.98e-27	9.25e-24	3.80e-21	1.03e-18	1.74e-16	2.47e-14	2.04e-12	1.14e-10	4.87e-09	8.62e-07	3.45e-05	6.77e-04	6.26e-03	3.07e-02	7.81e-02	1.39e-01	2.09e-01	4.42e-01	8.75e-02	6.08e-03
 2.83815e+21	0.00e+00	0.00e+00	0.00e+00	0.00e+00	0.00e+00	0.00e+00	3.52e-30	1.00e-26	1.49e-23	5.93e-21	1.55e-18	2.51e-16	3.44e-14	2.74e-12	1.48e-10	6.07e-09	1.06e-06	4.18e-05	8.01e-04	7.18e-03	3.41e-02	8.40e-02	1.45e-01	2.10e-01	4.31e-01	8.26e-02	5.56e-03
 2.91384e+21	0.00e+00	0.00e+00	0.00e+00	0.00e+00	0.00e+00	0.00e+00	6.47e-30	1.77e-26	2.54e-23	9.68e-21	2.43e-18	3.78e-16	4.96e-14	3.80e-12	1.96e-10	7.75e-09	1.34e-06	5.17e-05	9.64e-04	8.36e-03	3.83e-02	9.08e-02	1.51e-01	2.10e-01	4.18e-01	7.73e-02	5.03e-03
 2.99880e+21	0.00e+00	0.00e+00	0.00e+00	0.00e+00	0.00e+00	0.00e+00	1.27e-29	3.32e-26	4.57e-23	1.66e-20	3.99e-18	5.94e-16	7.45e-14	5.44e-12	2.68e-10	1.01e-08	1.74e-06	6.52e-05	1.18e-03	9.85e-03	4.34e-02	9.87e-02	1.57e-01	2.10e-01	4.03e-01	7.17e-02	4.49e-03
 3.07861e+21	0.00e+00	0.00e+00	0.00e+00	0.00e+00	0.00e+00	0.00e+00	2.35e-29	5.94e-26	7.84e-23	2.74e-20	6.31e-18	9.00e-16	1.08e-13	7.58e-12	3.58e-10	1.30e-08	2.20e-06	8.07e-05	1.42e-03	1.14e-02	4.86e-02	1.06e-01	1.63e-01	2.09e-01	3.89e-01	6.67e-02	4.02e-03
 3.15335e+21	0.00e+00	0.00e+00	0.00e+00	0.00e+00	0.00e+00	0.00e+00	4.16e-29	1.01e-25	1.29e-22	4.34e-20	9.61e-18	1.32e-15	1.53e-13	1.03e-11	4.66e-10	1.63e-08	2.72e-06	9.80e-05	1.68e-03	1.31e-02	5.38e-02	1.14e-01	1.68e-01	2.08e-01	3.75e-01	6.22e-02	3.63e-03
 3.23867e+21	0.00e+00	0.00e+00	0.00e+00	0.00e+00	0.00e+00	6.97e-33	7.87e-29	1.84e-25	2.25e-22	7.26e-20	1.54e-17	2.02e-15	2.24e-13	1.44e-11	6.27e-10	2.10e-08	3.46e-06	1.22e-04	2.02e-03	1.52e-02	6.01e-02	1.22e-01	1.74e-01	2.06e-01	3.60e-01	5.74e-02	3.23e-03
 3.33033e+21	0.00e+00	0.00e+00	0.00e+00	0.00e+00	0.00e+00	1.42e-32	1.54e-28	3.46e-25	4.04e-22	1.25e-19	2.53e-17	3.18e-15	3.35e-13	2.06e-11	8.56e-10	2.74e-08	4.44e-06	1.52e-04	2.45e-03	1.78e-02	6.74e-02	1.31e-01	1.79e-01	2.04e-01	3.43e-01	5.26e-02	2.84e-03
 3.41092e+21	0.00e+00	0.00e+00	0.00e+00	0.00e+00	0.00e+00	2.63e-32	2.75e-28	5.95e-25	6.69e-22	1.99e-19	3.88e-17	4.69e-15	4.75e-13	2.81e-11	1.12e-09	3.45e-08	5.51e-06	1.85e-04	2.89e-03	2.03e-02	7.42e-02	1.39e-01	1.83e-01	2.01e-01	3.28e-01	4.86e-02	2.54e-03
 3.49639e+21	0.00e+00	0.00e+00	0.00e+00	0.00e+00	0.00e+00	4.97e-32	5.00e-28	1.04e-24	1.13e-21	3.23e-19	6.04e-17	7.00e-15	6.81e-13	3.86e-11	1.48e-09	4.37e-08	6.87e-06	2.25e-04	3.42e-03	2.32e-02	8.17e-02	1.48e-01	1.87e-01	1.98e-01	3.12e-01	4.46e-02	2.25e-03
 3.59244e+21	0.00e+00	0.00e+00	0.00e+00	0.00e+00	0.00e+00	1.00e-31	9.67e-28	1.93e-24	2.00e-21	5.49e-19	9.83e-17	1.09e-14	1.01e-12	5.49e-11	2.00e-09	5.67e-08	8.75e-06	2.79e-04	4.11e-03	2.67e-02	9.06e-02	1.57e-01	1.91e-01	1.93e-01	2.95e-01	4.05e-02	1.96e-03
 3.68301e+21	0.00e+00	0.00e+00	0.00e+00	0.00e+00	0.00e+00	1.91e-31	1.78e-27	3.42e-24	3.41e-21	8.96e-19	1.54e-16	1.64e-14	1.46e-12	7.57e-11	2.65e-09	7.20e-08	1.09e-05	3.39e-04	4.85e-03	3.05e-02	9.93e-02	1.66e-01	1.94e-01	1.88e-01	2.78e-01	3.69e-02	1.73e-03
 3.76829e+21	0.00e+00	0.00e+00	0.00e+00	0.00e+00	0.00e+00	3.47e-31	3.11e-27	5.78e-24	5.55e-21	1.41e-18	2.33e-16	2.38e-14	2.04e-12	1.02e-10	3.42e-09	8.97e-08	1.34e-05	4.06e-04	5.64e-03	3.42e-02	1.08e-01	1.74e-01	1.96e-01	1.84e-01	2.63e-01	3.37e-02	1.53e-03
 3.86596e+21	0.00e+00	0.00e+00	0.00e+00	0.00e+00	0.00e+00	6.73e-31	5.80e-27	1.04e-23	9.55e-21	2.32e-18	3.69e-16	3.61e-14	2.96e-12	1.42e-10	4.56e-09	1.14e-07	1.67e-05	4.94e-04	6.66e-03	3.89e-02	1.18e-01	1.82e-01	1.97e-01	1.78e-01	2.47e-01	3.04e-02	1.33e-03
 3.97521e+21	0.00e+00	0.00e+00	0.00e+00	0.00e+00	0.00e+00	1.39e-30	1.15e-26	1.97e-23	1.73e-20	4.03e-18	6.09e-16	5.70e-14	4.45e-12	2.03e-10	6.23e-09	1.49e-07	2.13e-05	6.11e-04	7.95e-03	4.46e-02	1.29e-01	1.92e-01	1.98e-01	1.71e-01	2.29e-01	2.71e-02	1.13e-03
 4.07272e+21	0.00e+00	0.00e+00	0.00e+00	0.00e+00	0.00e+00	2.61e-30	2.08e-26	3.43e-23	2.90e-20	6.49e-18	9.43e-16	8.48e-14	6.35e-12	2.78e-10	8.16e-09	1.88e-07	2.62e-05	7.33e-04	9.25e-03	5.00e-02	1.39e-01	1.99e-01	1.98e-01	1.65e-01	2.13e-01	2.43e-02	9.80e-04
 4.15713e+21	0.00e+00	0.00e+00	0.00e+00	0.00e+00	0.00e+00	4.45e-30	3.43e-26	5.49e-23	4.50e-20	9.72e-18	1.36e-15	1.18e-13	8.56e-12	3.62e-10	1.03e-08	2.28e-07	3.13e-05	8.54e-04	1.05e-02	5.50e-02	1.48e-01	2.05e-01	1.98e-01	1.59e-01	2.01e-01	2.22e-02	8.66e-04
 4.25136e+21	0.00e+00	0.00e+00	0.00e+00	0.00e+00	0.00e+00	7.82e-30	5.82e-26	9.01e-23	7.13e-20	1.49e-17	2.01e-15	1.69e-13	1.17e-11	4.78e-10	1.31e-08	2.80e-07	3.76e-05	1.00e-03	1.19e-02	6.06e-02	1.58e-01	2.11e-01	1.97e-01	1.53e-01	1.87e-01	2.00e-02	7.57e-04
 4.37385e+21	0.00e+00	0.00e+00	0.00e+00	0.00e+00	0.00e+00	1.66e-29	1.18e-25	1.75e-22	1.32e-19	2.63e-17	3.39e-15	2.70e-13	1.79e-11	6.92e-10	1.79e-08	3.67e-07	4.79e-05	1.23e-03	1.42e-02	6.88e-02	1.71e-01	2.18e-01	1.94e-01	1.44e-01	1.70e-01	1.74e-02	6.29e-04
 4.49794e+21	0.00e+00	0.00e+00	0.00e+00	0.00e+00	0.00e+00	3.44e-29	2.34e-25	3.32e-22	2.39e-19	4.55e-17	5.60e-15	4.25e-13	2.68e-11	9.88e-10	2.44e-08	4.75e-07	6.04e-05	1.50e-03	1.67e-02	7.74e-02	1.84e-01	2.24e-01	1.91e-01	1.35e-01	1.54e-01	1.51e-02	5.23e-04
 4.59860e+21	0.00e+00	0.00e+00	0.00e+00	0.00e+00	0.00e+00	6.10e-29	4.02e-25	5.50e-22	3.83e-19	7.01e-17	8.31e-15	6.07e-13	3.69e-11	1.31e-09	3.11e-08	5.83e-07	7.23e-05	1.76e-03	1.89e-02	8.47e-02	1.94e-01	2.29e-01	1.88e-01	1.28e-01	1.42e-01	1.34e-02	4.50e-04
 4.70395e+21	0.00e+00	0.00e+00	0.00e+00	0.00e+00	6.01e-33	1.09e-28	6.96e-25	9.20e-22	6.17e-19	1.09e-16	1.24e-14	8.73e-13	5.09e-11	1.74e-09	3.97e-08	7.16e-07	8.68e-05	2.05e-03	2.14e-02	9.26e-02	2.05e-01	2.32e-01	1.84e-01	1.21e-01	1.30e-01	1.19e-02	3.84e-04
 4.84090e+21	0.00e+00	0.00e+00	0.00e+00	0.00e+00	1.31e-32	2.29e-28	1.39e-24	1.76e-21	1.13e-18	1.90e-16	2.06e-14	1.38e-12	7.66e-11	2.48e-09	5.39e-08	9.27e-07	1.09e-04	2.48e-03	2.49e-02	1.03e-01	2.18e-01	2.35e-01	1.78e-01	1.12e-01	1.16e-01	1.01e-02	3.13e-04
 4.98144e+21	0.00e+00	0.00e+00	0.00e+00	0.00e+00	2.86e-32	4.80e-28	2.79e-24	3.37e-21	2.06e-18	3.31e-16	3.42e-14	2.18e-12	1.15e-10	3.55e-09	7.32e-08	1.20e-06	1.36e-04	3.00e-03	2.89e-02	1.14e-01	2.30e-01	2.38e-01	1.71e-01	1.03e-01	1.03e-01	8.58e-03	2.54e-04
 5.09156e+21	0.00e+00	0.00e+00	0.00e+00	0.00e+00	5.19e-32	8.42e-28	4.74e-24	5.53e-21	3.26e-18	5.04e-16	5.03e-14	3.09e-12	1.57e-10	4.65e-09	9.23e-08	1.46e-06	1.61e-04	3.45e-03	3.22e-02	1.23e-01	2.39e-01	2.38e-01	1.66e-01	9.60e-02	9.35e-02	7.53e-03	2.15e-04
 5.19960e+21	0.00e+00	0.00e+00	0.00e+00	0.00e+00	9.17e-32	1.44e-27	7.85e-24	8.87e-21	5.05e-18	7.55e-16	7.26e-14	4.30e-12	2.10e-10	6.02e-09	1.15e-07	1.75e-06	1.89e-04	3.94e-03	3.57e-02	1.32e-01	2.48e-01	2.38e-01	1.60e-01	8.97e-02	8.50e-02	6.62e-03	1.83e-04
 5.34005e+21	0.00e+00	0.00e+00	0.00e+00	0.00e+00	1.89e-31	2.85e-27	1.49e-23	1.61e-20	8.79e-18	1.26e-15	1.16e-13	6.54e-12	3.05e-10	8.33e-09	1.52e-07	2.21e-06	2.31e-04	4.65e-03	4.06e-02	1.44e-01	2.58e-01	2.37e-01	1.53e-01	8.19e-02	7.51e-02	5.60e-03	1.48e-04
 5.48575e+21	0.00e+00	0.00e+00	0.00e+00	0.00e+00	3.92e-31	5.68e-27	2.84e-23	2.96e-20	1.54e-17	2.11e-15	1.85e-13	9.98e-12	4.44e-10	1.16e-08	2.01e-07	2.78e-06	2.82e-04	5.47e-03	4.60e-02	1.56e-01	2.67e-01	2.35e-01	1.45e-01	7.43e-02	6.58e-02	4.70e-03	1.19e-04
 5.60729e+21	0.00e+00	0.00e+00	0.00e+00	0.00e+00	7.09e-31	9.96e-27	4.81e-23	4.84e-20	2.43e-17	3.20e-15	2.71e-13	1.41e-11	6.02e-10	1.51e-08	2.51e-07	3.36e-06	3.31e-04	6.23e-03	5.07e-02	1.66e-01	2.74e-01	2.33e-01	1.38e-01	6.83e-02	5.89e-02	4.06e-03	9.95e-05
 5.73428e+21	0.00e+00	0.00e+00	0.00e+00	0.00e+00	1.28e-30	1.74e-26	8.12e-23	7.89e-20	3.82e-17	4.85e-15	3.95e-13	1.98e-11	8.14e-10	1.96e-08	3.15e-07	4.05e-06	3.88e-04	7.08e-03	5.58e-02	1.76e-01	2.80e-01	2.29e-01	1.32e-01	6.27e-02	5.26e-02	3.50e-03	8.27e-05
 5.89938e+21	0.00e+00	0.00e+00	0.00e+00	0.00e+00	2.78e-30	3.62e-26	1.62e-22	1.50e-19	6.92e-17	8.38e-15	6.49e-13	3.09e-11	1.21e-09	2.76e-08	4.21e-07	5.14e-06	4.75e-04	8.34e-03	6.31e-02	1.90e-01	2.88e-01	2.24e-01	1.23e-01	5.57e-02	4.51e-02	2.86e-03	6.46e-05
 6.06612e+21	0.00e+00	0.00e+00	0.00e+00	0.00e+00	5.92e-30	7.38e-26	3.15e-22	2.80e-19	1.23e-16	1.42e-14	1.05e-12	4.75e-11	1.77e-09	3.84e-08	5.57e-07	6.49e-06	5.77e-04	9.75e-03	7.07e-02	2.03e-01	2.93e-01	2.18e-01	1.14e-01	4.94e-02	3.86e-02	2.34e-03	5.04e-05
 6.19997e+21	0.00e+00	0.00e+00	0.00e+00	0.00e+00	1.07e-29	1.29e-25	5.31e-22	4.55e-19	1.93e-16	2.15e-14	1.53e-12	6.66e-11	2.38e-09	4.97e-08	6.92e-07	7.76e-06	6.70e-04	1.10e-02	7.71e-02	2.14e-01	2.97e-01	2.13e-01	1.07e-01	4.48e-02	3.41e-02	1.99e-03	4.14e-05
 6.31936e+21	0.00e+00	0.00e+00	0.00e+00	0.00e+00	1.79e-29	2.09e-25	8.37e-22	6.97e-19	2.87e-16	3.09e-14	2.12e-12	8.93e-11	3.08e-09	6.22e-08	8.37e-07	9.07e-06	7.63e-04	1.22e-02	8.30e-02	2.23e-01	2.99e-01	2.08e-01	1.01e-01	4.10e-02	3.05e-02	1.72e-03	3.47e-05
 6.45496e+21	0.00e+00	0.00e+00	0.00e+00	0.00e+00	3.16e-29	3.58e-25	1.39e-21	1.11e-18	4.42e-16	4.59e-14	3.04e-12	1.23e-10	4.10e-09	7.97e-08	1.03e-06	1.08e-05	8.79e-04	1.36e-02	8.99e-02	2.33e-01	3.01e-01	2.01e-01	9.47e-02	3.71e-02	2.68e-02	1.47e-03	2.85e-05
 6.63124e+21	0.00e+00	0.00e+00	0.00e+00	0.00e+00	6.52e-29	7.08e-25	2.62e-21	2.02e-18	7.67e-16	7.61e-14	4.81e-12	1.86e-10	5.88e-09	1.09e-07	1.34e-06	1.33e-05	1.05e-03	1.56e-02	9.91e-02	2.45e-01	3.03e-01	1.93e-01	8.68e-02	3.25e-02	2.28e-02	1.19e-03	2.21e-05
 6.81044e+21	0.00e+00	0.00e+00	0.00e+00	0.00e+00	1.34e-28	1.40e-24	4.96e-21	3.66e-18	1.33e-15	1.26e-13	7.57e-12	2.79e-10	8.41e-09	1.48e-07	1.74e-06	1.65e-05	1.25e-03	1.79e-02	1.09e-01	2.57e-01	3.03e-01	1.84e-01	7.92e-02	2.84e-02	1.92e-02	9.59e-04	1.70e-05
 6.95465e+21	0.00e+00	0.00e+00	0.00e+00	6.25e-33	2.36e-28	2.38e-24	8.17e-21	5.84e-18	2.04e-15	1.86e-13	1.08e-11	3.84e-10	1.11e-08	1.89e-07	2.12e-06	1.94e-05	1.43e-03	1.98e-02	1.17e-01	2.66e-01	3.02e-01	1.77e-01	7.35e-02	2.54e-02	1.68e-02	8.07e-04	1.38e-05
 7.10330e+21	0.00e+00	0.00e+00	0.00e+00	1.14e-32	4.16e-28	4.06e-24	1.35e-20	9.32e-18	3.14e-15	2.77e-13	1.55e-11	5.28e-10	1.47e-08	2.40e-07	2.60e-06	2.29e-05	1.63e-03	2.19e-02	1.25e-01	2.75e-01	3.00e-01	1.70e-01	6.80e-02	2.27e-02	1.46e-02	6.77e-04	1.12e-05
 7.29655e+21	0.00e+00	0.00e+00	0.00e+00	2.46e-32	8.56e-28	8.01e-24	2.55e-20	1.69e-17	5.43e-15	4.56e-13	2.43e-11	7.91e-10	2.10e-08	3.26e-07	3.35e-06	2.82e-05	1.93e-03	2.49e-02	1.36e-01	2.86e-01	2.97e-01	1.61e-01	6.13e-02	1.96e-02	1.22e-02	5.39e-04	8.51e-06
 7.49616e+21	0.00e+00	0.00e+00	0.00e+00	5.35e-32	1.78e-27	1.59e-23	4.85e-20	3.07e-17	9.45e-15	7.58e-13	3.84e-11	1.19e-09	3.00e-08	4.43e-07	4.33e-06	3.46e-05	2.28e-03	2.82e-02	1.48e-01	2.96e-01	2.93e-01	1.51e-01	5.50e-02	1.67e-02	1.01e-02	4.26e-04	6.42e-06
 7.65943e+21	0.00e+00	0.00e+00	0.00e+00	9.94e-32	3.19e-27	2.76e-23	8.11e-20	4.96e-17	1.47e-14	1.13e-12	5.53e-11	1.65e-09	3.99e-08	5.65e-07	5.30e-06	4.08e-05	2.60e-03	3.11e-02	1.58e-01	3.03e-01	2.88e-01	1.43e-01	5.02e-02	1.47e-02	8.66e-03	3.52e-04	5.10e-06
 7.82709e+21	0.00e+00	0.00e+00	0.00e+00	1.85e-31	5.71e-27	4.78e-23	1.36e-19	8.01e-17	2.28e-14	1.70e-12	7.97e-11	2.28e-09	5.30e-08	7.20e-07	6.49e-06	4.80e-05	2.95e-03	3.42e-02	1.67e-01	3.10e-01	2.83e-01	1.35e-01	4.57e-02	1.29e-02	7.40e-03	2.90e-04	4.04e-06
 8.00385e+21	0.00e+00	0.00e+00	0.00e+00	3.52e-31	1.05e-26	8.45e-23	2.31e-19	1.32e-16	3.61e-14	2.58e-12	1.16e-10	3.19e-09	7.11e-08	9.25e-07	7.99e-06	5.67e-05	3.37e-03	3.77e-02	1.78e-01	3.17e-01	2.77e-01	1.27e-01	4.14e-02	1.13e-02	6.28e-03	2.36e-04	3.16e-06
 8.15435e+21	0.00e+00	0.00e+00	0.00e+00	6.03e-31	1.74e-26	1.36e-22	3.61e-19	2.00e-16	5.30e-14	3.66e-12	1.59e-10	4.22e-09	9.08e-08	1.14e-06	9.49e-06	6.51e-05	3.76e-03	4.09e-02	1.87e-01	3.22e-01	2.72e-01	1.21e-01	3.79e-02	1.00e-02	5.45e-03	1.98e-04	2.57e-06
 8.31187e+21	0.00e+00	0.00e+00	0.00e+00	1.05e-30	2.91e-26	2.21e-22	5.69e-19	3.05e-16	7.83e-14	5.23e-12	2.20e-10	5.62e-09	1.16e-07	1.41e-06	1.13e-05	7.49e-05	4.20e-03	4.43e-02	1.96e-01	3.27e-01	2.66e-01	1.14e-01	3.47e-02	8.85e-03	4.71e-03	1.65e-04	2.07e-06
 8.51665e+21	0.00e+00	0.00e+00	0.00e+00	2.11e-30	5.62e-26	4.11e-22	1.02e-18	5.24e-16	1.29e-13	8.24e-12	3.31e-10	8.08e-09	1.60e-07	1.85e-06	1.41e-05	8.94e-05	4.82e-03	4.89e-02	2.09e-01	3.32e-01	2.58e-01	1.06e-01	3.08e-02	7.54e-03	3.90e-03	1.31e-04	1.57e-06
 8.72227e+21	0.00e+00	0.00e+00	0.00e+00	4.21e-30	1.08e-25	7.58e-22	1.80e-18	8.94e-16	2.11e-13	1.29e-11	4.95e-10	1.16e-08	2.18e-07	2.41e-06	1.76e-05	1.06e-04	5.52e-03	5.39e-02	2.21e-01	3.36e-01	2.49e-01	9.77e-02	2.73e-02	6.42e-03	3.22e-03	1.04e-04	1.19e-06
 8.88327e+21	0.00e+00	0.00e+00	0.00e+00	7.18e-30	1.78e-25	1.21e-21	2.80e-18	1.35e-15	3.07e-13	1.82e-11	6.75e-10	1.52e-08	2.77e-07	2.95e-06	2.08e-05	1.21e-04	6.11e-03	5.79e-02	2.30e-01	3.38e-01	2.42e-01	9.18e-02	2.48e-02	5.65e-03	2.78e-03	8.63e-05	9.58e-07
 9.01695e+21	0.00e+00	0.00e+00	0.00e+00	1.11e-29	2.67e-25	1.78e-21	4.00e-18	1.88e-15	4.17e-13	2.41e-11	8.68e-10	1.90e-08	3.36e-07	3.47e-06	2.37e-05	1.35e-04	6.64e-03	6.13e-02	2.38e-01	3.40e-01	2.37e-01	8.71e-02	2.29e-02	5.09e-03	2.46e-03	7.42e-05	8.01e-07
 9.16080e+21	0.00e+00	0.00e+00	0.00e+00	1.76e-29	4.12e-25	2.67e-21	5.87e-18	2.68e-15	5.79e-13	3.25e-11	1.14e-09	2.42e-08	4.14e-07	4.14e-06	2.74e-05	1.51e-04	7.24e-03	6.52e-02	2.46e-01	3.41e-01	2.30e-01	8.22e-02	2.10e-02	4.54e-03	2.15e-03	6.31e-05	6.61e-07
 9.34782e+21	0.00e+00	0.00e+00	0.00e+00	3.15e-29	7.14e-25	4.48e-21	9.52e-18	4.21e-15	8.76e-13	4.74e-11	1.60e-09	3.26e-08	5.37e-07	5.16e-06	3.28e-05	1.74e-04	8.07e-03	7.03e-02	2.56e-01	3.42e-01	2.22e-01	7.63e-02	1.88e-02	3.92e-03	1.82e-03	5.13e-05	5.17e-07
 9.53842e+21	0.00e+00	0.00e+00	0.00e+00	5.70e-29	1.24e-24	7.55e-21	1.55e-17	6.64e-15	1.33e-12	6.94e-11	2.25e-09	4.42e-08	6.98e-07	6.45e-06	3.93e-05	2.01e-04	9.00e-03	7.57e-02	2.67e-01	3.43e-01	2.13e-01	7.06e-02	1.68e-02	3.37e-03	1.53e-03	4.14e-05	4.02e-07
 9.69098e+21	0.00e+00	0.00e+00	0.00e+00	9.09e-29	1.93e-24	1.14e-20	2.28e-17	9.51e-15	1.85e-12	9.37e-11	2.95e-09	5.61e-08	8.59e-07	7.67e-06	4.53e-05	2.25e-04	9.79e-03	8.02e-02	2.75e-01	3.43e-01	2.06e-01	6.63e-02	1.53e-02	2.99e-03	1.33e-03	3.49e-05	3.29e-07
 9.84662e+21	0.00e+00	0.00e+00	0.00e+00	1.45e-28	2.98e-24	1.72e-20	3.35e-17	1.36e-14	2.58e-12	1.27e-10	3.86e-09	7.12e-08	1.06e-06	9.13e-06	5.22e-05	2.51e-04	1.06e-02	8.48e-02	2.83e-01	3.42e-01	1.99e-01	6.21e-02	1.39e-02	2.65e-03	1.15e-03	2.94e-05	2.69e-07
 1.00122e+22	0.00e+00	0.00e+00	0.00e+00	2.36e-28	4.72e-24	2.65e-20	5.02e-17	1.99e-14	3.65e-12	1.74e-10	5.12e-09	9.15e-08	1.31e-06	1.10e-05	6.05e-05	2.81e-04	1.16e-02	8.99e-02	2.91e-01	3.41e-01	1.92e-01	5.79e-02	1.26e-02	2.32e-03	9.92e-04	2.45e-05	2.17e-07
 1.01545e+22	0.00e+00	0.00e+00	0.00e+00	3.59e-28	6.99e-24	3.83e-20	7.10e-17	2.74e-14	4.91e-12	2.27e-10	6.53e-09	1.13e-07	1.58e-06	1.28e-05	6.86e-05	3.10e-04	1.25e-02	9.45e-02	2.99e-01	3.39e-01	1.86e-01	5.45e-02	1.16e-02	2.08e-03	8.72e-04	2.09e-05	1.80e-07
 1.02838e+22	0.00e+00	0.00e+00	0.00e+00	5.19e-28	9.87e-24	5.29e-20	9.62e-17	3.64e-14	6.36e-12	2.88e-10	8.07e-09	1.37e-07	1.85e-06	1.47e-05	7.66e-05	3.38e-04	1.33e-02	9.85e-02	3.05e-01	3.38e-01	1.80e-01	5.16e-02	1.07e-02	1.88e-03	7.77e-04	1.82e-05	1.53e-07
 1.04325e+22	0.00e+00	0.00e+00	5.28e-33	7.94e-28	1.47e-23	7.69e-20	1.37e-16	5.05e-14	8.60e-12	3.79e-10	1.03e-08	1.70e-07	2.23e-06	1.72e-05	8.70e-05	3.73e-04	1.43e-02	1.03e-01	3.12e-01	3.36e-01	1.74e-01	4.84e-02	9.75e-03	1.67e-03	6.79e-04	1.55e-05	1.26e-07
 1.05996e+22	0.00e+00	0.00e+00	8.71e-33	1.27e-27	2.28e-23	1.16e-19	2.01e-16	7.25e-14	1.20e-11	5.13e-10	1.35e-08	2.16e-07	2.75e-06	2.04e-05	1.00e-04	4.16e-04	1.55e-02	1.09e-01	3.19e-01	3.33e-01	1.67e-01	4.50e-02	8.80e-03	1.46e-03	5.84e-04	1.29e-05	0.00e+00
 1.07570e+22	0.00e+00	0.00e+00	1.39e-32	1.97e-27	3.44e-23	1.71e-19	2.89e-16	1.02e-13	1.64e-11	6.81e-10	1.74e-08	2.70e-07	3.33e-06	2.40e-05	1.14e-04	4.60e-04	1.67e-02	1.14e-01	3.26e-01	3.30e-01	1.60e-01	4.19e-02	7.98e-03	1.29e-03	5.07e-04	1.08e-05	0.00e+00
 1.09031e+22	0.00e+00	0.00e+00	2.13e-32	2.93e-27	5.00e-23	2.43e-19	4.02e-16	1.38e-13	2.17e-11	8.82e-10	2.20e-08	3.31e-07	3.97e-06	2.77e-05	1.28e-04	5.04e-04	1.79e-02	1.19e-01	3.32e-01	3.28e-01	1.54e-01	3.93e-02	7.29e-03	1.15e-03	4.45e-04	9.26e-06	0.00e+00
 1.10685e+22	0.00e+00	0.00e+00	3.42e-32	4.58e-27	7.58e-23	3.60e-19	5.81e-16	1.95e-13	2.98e-11	1.18e-09	2.84e-08	4.15e-07	4.82e-06	3.26e-05	1.46e-04	5.57e-04	1.92e-02	1.25e-01	3.39e-01	3.24e-01	1.47e-01	3.65e-02	6.59e-03	1.01e-03	3.84e-04	7.75e-06	0.00e+00
 1.12415e+22	0.00e+00	0.00e+00	5.61e-32	7.27e-27	1.17e-22	5.41e-19	8.52e-16	2.79e-13	4.14e-11	1.59e-09	3.72e-08	5.26e-07	5.90e-06	3.87e-05	1.67e-04	6.18e-04	2.07e-02	1.31e-01	3.46e-01	3.20e-01	1.41e-01	3.38e-02	5.91e-03	8.84e-04	3.29e-04	6.42e-06	0.00e+00
 1.13861e+22	0.00e+00	0.00e+00	8.44e-32	1.07e-26	1.67e-22	7.57e-19	1.17e-15	3.75e-13	5.43e-11	2.03e-09	4.64e-08	6.39e-07	6.98e-06	4.45e-05	1.87e-04	6.74e-04	2.21e-02	1.36e-01	3.51e-01	3.16e-01	1.35e-01	3.16e-02	5.40e-03	7.88e-04	2.89e-04	5.49e-06	0.00e+00
 1.15358e+22	0.00e+00	0.00e+00	1.28e-31	1.57e-26	2.41e-22	1.07e-18	1.61e-15	5.07e-13	7.16e-11	2.61e-09	5.81e-08	7.79e-07	8.27e-06	5.12e-05	2.09e-04	7.34e-04	2.35e-02	1.42e-01	3.57e-01	3.12e-01	1.30e-01	2.95e-02	4.92e-03	7.01e-04	2.53e-04	4.68e-06	0.00e+00
 1.17304e+22	0.00e+00	0.00e+00	2.17e-31	2.58e-26	3.83e-22	1.65e-18	2.43e-15	7.45e-13	1.02e-10	3.60e-09	7.76e-08	1.00e-06	1.03e-05	6.14e-05	2.42e-04	8.20e-04	2.54e-02	1.49e-01	3.63e-01	3.07e-01	1.23e-01	2.70e-02	4.36e-03	6.02e-04	2.13e-04	3.80e-06	0.00e+00
 1.19252e+22	0.00e+00	0.00e+00	3.69e-31	4.23e-26	6.09e-22	2.55e-18	3.67e-15	1.09e-12	1.45e-10	4.98e-09	1.03e-07	1.29e-06	1.28e-05	7.35e-05	2.79e-04	9.15e-04	2.75e-02	1.56e-01	3.69e-01	3.01e-01	1.16e-01	2.46e-02	3.85e-03	5.16e-04	1.79e-04	3.08e-06	0.00e+00
 1.20760e+22	0.00e+00	0.00e+00	5.53e-31	6.18e-26	8.67e-22	3.56e-18	5.01e-15	1.47e-12	1.90e-10	6.36e-09	1.29e-07	1.57e-06	1.51e-05	8.43e-05	3.11e-04	9.94e-04	2.91e-02	1.61e-01	3.74e-01	2.96e-01	1.11e-01	2.29e-02	3.50e-03	4.58e-04	1.56e-04	2.62e-06	0.00e+00
 1.22277e+22	0.00e+00	0.00e+00	8.24e-31	8.96e-26	1.23e-21	4.95e-18	6.83e-15	1.96e-12	2.49e-10	8.11e-09	1.60e-07	1.90e-06	1.77e-05	9.65e-05	3.46e-04	1.08e-03	3.09e-02	1.67e-01	3.78e-01	2.92e-01	1.06e-01	2.14e-02	3.18e-03	4.06e-04	1.37e-04	2.23e-06	0.00e+00
 1.24249e+22	0.00e+00	0.00e+00	1.37e-30	1.44e-25	1.92e-21	7.53e-18	1.02e-14	2.85e-12	3.50e-10	1.11e-08	2.12e-07	2.43e-06	2.18e-05	1.15e-04	3.97e-04	1.20e-03	3.32e-02	1.74e-01	3.83e-01	2.85e-01	9.98e-02	1.94e-02	2.81e-03	3.48e-04	1.15e-04	1.80e-06	0.00e+00
 1.26274e+22	0.00e+00	0.00e+00	2.31e-30	2.35e-25	3.03e-21	1.16e-17	1.52e-14	4.17e-12	4.97e-10	1.52e-08	2.82e-07	3.12e-06	2.71e-05	1.37e-04	4.57e-04	1.33e-03	3.58e-02	1.82e-01	3.88e-01	2.78e-01	9.37e-02	1.76e-02	2.46e-03	2.96e-04	9.58e-05	1.45e-06	0.00e+00
 1.27852e+22	0.00e+00	0.00e+00	3.46e-30	3.42e-25	4.30e-21	1.61e-17	2.08e-14	5.59e-12	6.51e-10	1.95e-08	3.51e-07	3.78e-06	3.19e-05	1.57e-04	5.08e-04	1.44e-03	3.78e-02	1.88e-01	3.91e-01	2.73e-01	8.92e-02	1.63e-02	2.23e-03	2.61e-04	8.32e-05	1.23e-06	0.00e+00
 1.29183e+22	0.00e+00	0.00e+00	4.82e-30	4.66e-25	5.74e-21	2.12e-17	2.70e-14	7.13e-12	8.15e-10	2.39e-08	4.22e-07	4.44e-06	3.66e-05	1.76e-04	5.56e-04	1.54e-03	3.96e-02	1.93e-01	3.93e-01	2.68e-01	8.55e-02	1.53e-02	2.04e-03	2.35e-04	7.39e-05	1.06e-06	0.00e+00
 1.30708e+22	0.00e+00	0.00e+00	7.02e-30	6.62e-25	7.98e-21	2.88e-17	3.61e-14	9.40e-12	1.05e-09	3.02e-08	5.19e-07	5.33e-06	4.27e-05	2.00e-04	6.14e-04	1.67e-03	4.18e-02	1.99e-01	3.96e-01	2.63e-01	8.14e-02	1.42e-02	1.85e-03	2.08e-04	6.45e-05	9.03e-07	0.00e+00
 1.32691e+22	0.00e+00	0.00e+00	1.14e-29	1.04e-24	1.21e-20	4.28e-17	5.25e-14	1.34e-11	1.45e-09	4.06e-08	6.77e-07	6.72e-06	5.20e-05	2.35e-04	6.99e-04	1.84e-03	4.46e-02	2.06e-01	3.99e-01	2.56e-01	7.63e-02	1.29e-02	1.63e-03	1.78e-04	5.41e-05	7.32e-07	0.00e+00
 1.34695e+22	0.00e+00	0.00e+00	1.84e-29	1.63e-24	1.85e-20	6.38e-17	7.67e-14	1.91e-11	2.02e-09	5.49e-08	8.86e-07	8.51e-06	6.36e-05	2.77e-04	7.95e-04	2.02e-03	4.77e-02	2.14e-01	4.02e-01	2.49e-01	7.13e-02	1.17e-02	1.43e-03	1.52e-04	4.52e-05	5.90e-07	0.00e+00
 1.36271e+22	0.00e+00	0.00e+00	2.70e-29	2.32e-24	2.58e-20	8.73e-17	1.03e-13	2.54e-11	2.63e-09	6.97e-08	1.10e-06	1.03e-05	7.46e-05	3.16e-04	8.81e-04	2.19e-03	5.02e-02	2.20e-01	4.04e-01	2.43e-01	6.76e-02	1.07e-02	1.29e-03	1.33e-04	3.91e-05	4.96e-07	0.00e+00
 1.37864e+22	0.00e+00	0.00e+00	3.89e-29	3.26e-24	3.54e-20	1.18e-16	1.37e-13	3.33e-11	3.37e-09	8.74e-08	1.34e-06	1.23e-05	8.67e-05	3.58e-04	9.70e-04	2.35e-03	5.27e-02	2.26e-01	4.05e-01	2.37e-01	6.41e-02	9.93e-03	1.16e-03	1.18e-04	3.41e-05	4.20e-07	0.00e+00
 1.39935e+22	0.00e+00	0.00e+00	6.23e-29	5.06e-24	5.34e-20	1.74e-16	1.99e-13	4.73e-11	4.66e-09	1.18e-07	1.75e-06	1.55e-05	1.06e-04	4.21e-04	1.10e-03	2.58e-03	5.62e-02	2.33e-01	4.07e-01	2.29e-01	5.97e-02	8.95e-03	1.02e-03	1.00e-04	2.84e-05	3.37e-07	0.00e+00
 1.42037e+22	0.00e+00	0.00e+00	1.01e-28	7.89e-24	8.08e-20	2.58e-16	2.90e-13	6.76e-11	6.48e-09	1.59e-07	2.29e-06	1.96e-05	1.29e-04	4.96e-04	1.25e-03	2.85e-03	5.98e-02	2.41e-01	4.08e-01	2.22e-01	5.54e-02	8.03e-03	8.83e-04	8.44e-05	2.35e-05	2.69e-07	0.00e+00
 1.43700e+22	0.00e+00	0.00e+00	1.46e-28	1.12e-23	1.12e-19	3.50e-16	3.89e-13	8.94e-11	8.38e-09	2.01e-07	2.83e-06	2.36e-05	1.51e-04	5.64e-04	1.38e-03	3.07e-03	6.29e-02	2.47e-01	4.09e-01	2.16e-01	5.22e-02	7.36e-03	7.90e-04	7.38e-05	2.02e-05	2.25e-07	0.00e+00
 1.45381e+22	0.00e+00	0.00e+00	2.10e-28	1.57e-23	1.53e-19	4.73e-16	5.19e-13	1.18e-10	1.08e-08	2.54e-07	3.49e-06	2.83e-05	1.76e-04	6.40e-04	1.53e-03	3.30e-03	6.60e-02	2.53e-01	4.09e-01	2.09e-01	4.92e-02	6.75e-03	7.07e-04	6.46e-05	1.74e-05	1.88e-07	0.00e+00
 1.47567e+22	0.00e+00	0.00e+00	3.34e-28	2.41e-23	2.30e-19	6.93e-16	7.49e-13	1.67e-10	1.50e-08	3.43e-07	4.56e-06	3.57e-05	2.14e-04	7.52e-04	1.73e-03	3.63e-03	7.01e-02	2.61e-01	4.09e-01	2.02e-01	4.55e-02	6.02e-03	6.12e-04	5.43e-05	1.43e-05	1.49e-07	0.00e+00
 1.49797e+22	0.00e+00	0.00e+00	5.35e-28	3.73e-23	3.45e-19	1.02e-15	1.09e-12	2.40e-10	2.09e-08	4.65e-07	5.99e-06	4.54e-05	2.62e-04	8.88e-04	1.97e-03	4.00e-03	7.46e-02	2.69e-01	4.08e-01	1.94e-01	4.19e-02	5.35e-03	5.27e-04	4.53e-05	1.17e-05	0.00e+00	0.00e+00
 1.51577e+22	0.00e+00	0.00e+00	7.73e-28	5.25e-23	4.75e-19	1.39e-15	1.46e-12	3.18e-10	2.71e-08	5.91e-07	7.42e-06	5.47e-05	3.08e-04	1.01e-03	2.18e-03	4.31e-03	7.83e-02	2.75e-01	4.07e-01	1.87e-01	3.92e-02	4.86e-03	4.67e-04	3.92e-05	9.99e-06	0.00e+00	0.00e+00
 1.53383e+22	0.00e+00	0.00e+00	1.11e-27	7.34e-23	6.50e-19	1.87e-15	1.95e-12	4.20e-10	3.51e-08	7.49e-07	9.17e-06	6.59e-05	3.60e-04	1.15e-03	2.40e-03	4.64e-03	8.21e-02	2.81e-01	4.06e-01	1.81e-01	3.66e-02	4.42e-03	4.14e-04	3.40e-05	8.51e-06	0.00e+00	0.00e+00
 1.55732e+22	0.00e+00	4.65e-33	1.75e-27	1.12e-22	9.66e-19	2.73e-15	2.82e-12	5.98e-10	4.87e-08	1.01e-06	1.20e-05	8.35e-05	4.39e-04	1.35e-03	2.73e-03	5.10e-03	8.72e-02	2.89e-01	4.04e-01	1.73e-01	3.35e-02	3.90e-03	3.54e-04	2.82e-05	6.92e-06	0.00e+00	0.00e+00
 1.58125e+22	0.00e+00	7.67e-33	2.78e-27	1.72e-22	1.44e-18	3.99e-15	4.08e-12	8.57e-10	6.81e-08	1.38e-06	1.58e-05	1.06e-04	5.38e-04	1.60e-03	3.10e-03	5.62e-03	9.26e-02	2.96e-01	4.01e-01	1.65e-01	3.05e-02	3.43e-03	3.01e-04	2.33e-05	5.58e-06	0.00e+00	0.00e+00
 1.60050e+22	0.00e+00	1.14e-32	3.98e-27	2.40e-22	1.97e-18	5.38e-15	5.47e-12	1.14e-09	8.86e-08	1.76e-06	1.97e-05	1.28e-04	6.31e-04	1.82e-03	3.43e-03	6.07e-03	9.71e-02	3.02e-01	3.98e-01	1.58e-01	2.83e-02	3.09e-03	2.65e-04	1.99e-05	4.70e-06	0.00e+00	0.00e+00
 1.62029e+22	0.00e+00	1.67e-32	5.68e-27	3.33e-22	2.68e-18	7.23e-15	7.30e-12	1.51e-09	1.15e-07	2.24e-06	2.44e-05	1.55e-04	7.40e-04	2.07e-03	3.79e-03	6.54e-03	1.02e-01	3.08e-01	3.95e-01	1.52e-01	2.63e-02	2.78e-03	2.32e-04	1.70e-05	3.95e-06	0.00e+00	0.00e+00
 1.64212e+22	0.00e+00	2.55e-32	8.34e-27	4.76e-22	3.74e-18	9.97e-15	1.00e-11	2.05e-09	1.53e-07	2.91e-06	3.09e-05	1.91e-04	8.81e-04	2.38e-03	4.23e-03	7.11e-03	1.07e-01	3.14e-01	3.92e-01	1.45e-01	2.41e-02	2.47e-03	2.00e-04	1.43e-05	3.26e-06	0.00e+00	0.00e+00
 1.66180e+22	0.00e+00	3.69e-32	1.17e-26	6.51e-22	5.01e-18	1.32e-14	1.32e-11	2.70e-09	1.97e-07	3.68e-06	3.82e-05	2.29e-04	1.03e-03	2.70e-03	4.66e-03	7.65e-03	1.12e-01	3.20e-01	3.88e-01	1.39e-01	2.23e-02	2.22e-03	1.76e-04	1.23e-05	2.75e-06	0.00e+00	0.00e+00
 1.67962e+22	0.00e+00	5.11e-32	1.58e-26	8.57e-22	6.49e-18	1.70e-14	1.69e-11	3.43e-09	2.47e-07	4.53e-06	4.59e-05	2.69e-04	1.18e-03	3.02e-03	5.07e-03	8.16e-03	1.17e-01	3.24e-01	3.84e-01	1.34e-01	2.08e-02	2.01e-03	1.56e-04	1.07e-05	2.35e-06	0.00e+00	0.00e+00
 1.69982e+22	0.00e+00	7.30e-32	2.18e-26	1.16e-21	8.61e-18	2.23e-14	2.22e-11	4.47e-09	3.16e-07	5.69e-06	5.64e-05	3.22e-04	1.37e-03	3.41e-03	5.57e-03	8.77e-03	1.22e-01	3.29e-01	3.80e-01	1.28e-01	1.92e-02	1.81e-03	1.37e-04	9.15e-06	1.98e-06	0.00e+00	0.00e+00
 1.72608e+22	0.00e+00	1.14e-31	3.29e-26	1.69e-21	1.23e-17	3.14e-14	3.12e-11	6.26e-09	4.33e-07	7.60e-06	7.30e-05	4.04e-04	1.65e-03	3.98e-03	6.27e-03	9.60e-03	1.28e-01	3.35e-01	3.74e-01	1.21e-01	1.73e-02	1.57e-03	1.15e-04	7.49e-06	1.58e-06	0.00e+00	0.00e+00
 1.75246e+22	0.00e+00	1.78e-31	4.92e-26	2.46e-21	1.74e-17	4.41e-14	4.37e-11	8.74e-09	5.91e-07	1.01e-05	9.45e-05	5.05e-04	1.99e-03	4.63e-03	7.05e-03	1.05e-02	1.36e-01	3.41e-01	3.67e-01	1.14e-01	1.56e-02	1.36e-03	9.69e-05	6.12e-06	1.27e-06	0.00e+00	0.00e+00
 1.77304e+22	0.00e+00	2.48e-31	6.68e-26	3.25e-21	2.27e-17	5.70e-14	5.65e-11	1.13e-08	7.48e-07	1.26e-05	1.15e-04	5.99e-04	2.30e-03	5.20e-03	7.71e-03	1.12e-02	1.41e-01	3.45e-01	3.62e-01	1.09e-01	1.44e-02	1.22e-03	8.48e-05	5.24e-06	1.06e-06	0.00e+00	0.00e+00
 1.79387e+22	0.00e+00	3.43e-31	8.96e-26	4.27e-21	2.93e-17	7.30e-14	7.25e-11	1.44e-08	9.41e-07	1.56e-05	1.39e-04	7.06e-04	2.64e-03	5.81e-03	8.40e-03	1.20e-02	1.47e-01	3.49e-01	3.56e-01	1.04e-01	1.33e-02	1.09e-03	7.43e-05	4.49e-06	8.98e-07	0.00e+00	0.00e+00
 1.82093e+22	0.00e+00	5.15e-31	1.30e-25	6.02e-21	4.05e-17	9.99e-14	9.93e-11	1.97e-08	1.26e-06	2.04e-05	1.77e-04	8.70e-04	3.14e-03	6.69e-03	9.37e-03	1.31e-02	1.54e-01	3.54e-01	3.49e-01	9.75e-02	1.19e-02	9.50e-04	6.27e-05	3.69e-06	7.22e-07	0.00e+00	0.00e+00
 1.84941e+22	0.00e+00	7.82e-31	1.90e-25	8.56e-21	5.65e-17	1.38e-13	1.38e-10	2.73e-08	1.70e-06	2.70e-05	2.27e-04	1.08e-03	3.75e-03	7.73e-03	1.05e-02	1.42e-02	1.62e-01	3.58e-01	3.40e-01	9.12e-02	1.07e-02	8.18e-04	5.24e-05	3.00e-06	5.74e-07	0.00e+00	0.00e+00
 1.87354e+22	0.00e+00	1.10e-30	2.60e-25	1.14e-20	7.42e-17	1.80e-13	1.80e-10	3.56e-08	2.18e-06	3.39e-05	2.78e-04	1.29e-03	4.35e-03	8.71e-03	1.15e-02	1.53e-02	1.68e-01	3.61e-01	3.33e-01	8.62e-02	9.70e-03	7.22e-04	4.51e-05	2.52e-06	4.74e-07	0.00e+00	0.00e+00
 1.89871e+22	0.00e+00	1.55e-30	3.55e-25	1.53e-20	9.74e-17	2.35e-13	2.35e-10	4.65e-08	2.79e-06	4.27e-05	3.41e-04	1.54e-03	5.04e-03	9.80e-03	1.26e-02	1.64e-02	1.75e-01	3.63e-01	3.25e-01	8.12e-02	8.80e-03	6.35e-04	3.87e-05	2.11e-06	3.90e-07	0.00e+00	0.00e+00
 1.93143e+22	0.00e+00	2.38e-30	5.25e-25	2.19e-20	1.37e-16	3.28e-13	3.30e-10	6.51e-08	3.82e-06	5.70e-05	4.41e-04	1.92e-03	6.05e-03	1.13e-02	1.41e-02	1.79e-02	1.84e-01	3.66e-01	3.15e-01	7.52e-02	7.77e-03	5.39e-04	3.18e-05	1.69e-06	3.04e-07	0.00e+00	0.00e+00
 1.96486e+22	0.00e+00	3.67e-30	7.76e-25	3.15e-20	1.93e-16	4.58e-13	4.64e-10	9.13e-08	5.23e-06	7.61e-05	5.71e-04	2.40e-03	7.26e-03	1.31e-02	1.57e-02	1.95e-02	1.93e-01	3.68e-01	3.04e-01	6.94e-02	6.82e-03	4.55e-04	2.60e-05	1.34e-06	2.36e-07	0.00e+00	0.00e+00
 1.99061e+22	0.00e+00	5.06e-30	1.04e-24	4.13e-20	2.50e-16	5.90e-13	6.00e-10	1.18e-07	6.64e-06	9.49e-05	6.94e-04	2.83e-03	8.34e-03	1.47e-02	1.71e-02	2.08e-02	2.00e-01	3.69e-01	2.95e-01	6.50e-02	6.16e-03	3.99e-04	2.22e-05	1.12e-06	1.94e-07	0.00e+00	0.00e+00
 2.01145e+22	0.00e+00	6.51e-30	1.31e-24	5.11e-20	3.06e-16	7.18e-13	7.33e-10	1.44e-07	7.98e-06	1.12e-04	8.06e-04	3.22e-03	9.27e-03	1.60e-02	1.82e-02	2.19e-02	2.05e-01	3.69e-01	2.88e-01	6.18e-02	5.69e-03	3.60e-04	1.97e-05	9.77e-07	1.66e-07	0.00e+00	0.00e+00
 2.03448e+22	0.00e+00	8.51e-30	1.67e-24	6.42e-20	3.79e-16	8.86e-13	9.07e-10	1.78e-07	9.69e-06	1.34e-04	9.44e-04	3.69e-03	1.03e-02	1.74e-02	1.95e-02	2.31e-02	2.11e-01	3.69e-01	2.81e-01	5.86e-02	5.23e-03	3.23e-04	1.73e-05	8.44e-07	1.41e-07	0.00e+00	0.00e+00
 2.06442e+22	0.00e+00	1.20e-29	2.28e-24	8.56e-20	4.98e-16	1.16e-12	1.19e-09	2.33e-07	1.24e-05	1.69e-04	1.16e-03	4.38e-03	1.19e-02	1.95e-02	2.12e-02	2.46e-02	2.18e-01	3.69e-01	2.71e-01	5.45e-02	4.68e-03	2.80e-04	1.46e-05	6.96e-07	0.00e+00	0.00e+00	0.00e+00
 2.09643e+22	0.00e+00	1.71e-29	3.16e-24	1.16e-19	6.63e-16	1.53e-12	1.59e-09	3.10e-07	1.62e-05	2.15e-04	1.43e-03	5.25e-03	1.38e-02	2.19e-02	2.31e-02	2.64e-02	2.25e-01	3.67e-01	2.61e-01	5.03e-02	4.14e-03	2.39e-04	1.22e-05	5.67e-07	0.00e+00	0.00e+00	0.00e+00
 2.12424e+22	0.00e+00	2.32e-29	4.17e-24	1.50e-19	8.46e-16	1.95e-12	2.02e-09	3.94e-07	2.02e-05	2.64e-04	1.71e-03	6.12e-03	1.56e-02	2.41e-02	2.49e-02	2.79e-02	2.31e-01	3.65e-01	2.52e-01	4.69e-02	3.73e-03	2.10e-04	1.04e-05	4.75e-07	0.00e+00	0.00e+00	0.00e+00
 2.15353e+22	0.00e+00	3.15e-29	5.51e-24	1.94e-19	1.08e-15	2.48e-12	2.59e-09	5.03e-07	2.52e-05	3.23e-04	2.05e-03	7.12e-03	1.77e-02	2.66e-02	2.67e-02	2.95e-02	2.38e-01	3.63e-01	2.42e-01	4.37e-02	3.35e-03	1.83e-04	8.90e-06	3.96e-07	0.00e+00	0.00e+00	0.00e+00
 2.19160e+22	0.00e+00	4.63e-29	7.84e-24	2.70e-19	1.48e-15	3.36e-12	3.53e-09	6.84e-07	3.34e-05	4.18e-04	2.56e-03	8.62e-03	2.06e-02	2.99e-02	2.92e-02	3.16e-02	2.45e-01	3.59e-01	2.30e-01	3.97e-02	2.91e-03	1.53e-04	7.26e-06	3.15e-07	0.00e+00	0.00e+00	0.00e+00
 2.23013e+22	0.00e+00	6.82e-29	1.12e-23	3.74e-19	2.02e-15	4.56e-12	4.81e-09	9.30e-07	4.43e-05	5.40e-04	3.21e-03	1.04e-02	2.40e-02	3.36e-02	3.19e-02	3.37e-02	2.52e-01	3.54e-01	2.18e-01	3.60e-02	2.52e-03	1.28e-04	5.88e-06	2.48e-07	0.00e+00	0.00e+00	0.00e+00
 2.26066e+22	0.00e+00	9.19e-29	1.46e-23	4.82e-19	2.57e-15	5.77e-12	6.12e-09	1.18e-06	5.49e-05	6.57e-04	3.81e-03	1.20e-02	2.69e-02	3.67e-02	3.40e-02	3.54e-02	2.57e-01	3.50e-01	2.08e-01	3.33e-02	2.25e-03	1.11e-04	5.00e-06	2.07e-07	0.00e+00	0.00e+00	0.00e+00
 2.28669e+22	0.00e+00	1.18e-28	1.83e-23	5.94e-19	3.13e-15	7.00e-12	7.45e-09	1.43e-06	6.55e-05	7.72e-04	4.38e-03	1.35e-02	2.95e-02	3.94e-02	3.58e-02	3.68e-02	2.61e-01	3.45e-01	2.00e-01	3.11e-02	2.04e-03	9.87e-05	4.36e-06	1.77e-07	0.00e+00	0.00e+00	0.00e+00
