#depth	Ne	Ne+	Ne+2	Ne+3	Ne+4	Ne+5	Ne+6	Ne+7	Ne+8	Ne+9	Ne+10
 6.17135e+19	0.00e+00	0.00e+00	0.00e+00	7.72e-30	4.36e-24	4.81e-19	1.84e-14	3.09e-10	7.62e-06	5.52e-03	9.94e-01
 1.87609e+20	0.00e+00	0.00e+00	0.00e+00	1.47e-29	7.52e-24	7.49e-19	2.59e-14	3.94e-10	9.07e-06	6.05e-03	9.94e-01
 3.18540e+20	0.00e+00	0.00e+00	0.00e+00	2.84e-29	1.31e-23	1.17e-18	3.66e-14	5.04e-10	1.08e-05	6.64e-03	9.93e-01
 4.54709e+20	0.00e+00	0.00e+00	0.00e+00	5.52e-29	2.29e-23	1.85e-18	5.18e-14	6.45e-10	1.29e-05	7.30e-03	9.93e-01
 5.48445e+20	0.00e+00	0.00e+00	0.00e+00	8.67e-29	3.34e-23	2.52e-18	6.57e-14	7.62e-10	1.46e-05	7.78e-03	9.92e-01
 5.86617e+20	0.00e+00	0.00e+00	0.00e+00	1.05e-28	3.92e-23	2.87e-18	7.24e-14	8.16e-10	1.54e-05	7.99e-03	9.92e-01
 6.18485e+20	0.00e+00	0.00e+00	0.00e+00	1.21e-28	4.42e-23	3.16e-18	7.81e-14	8.61e-10	1.60e-05	8.15e-03	9.92e-01
 6.59914e+20	0.00e+00	0.00e+00	0.00e+00	1.47e-28	5.20e-23	3.61e-18	8.65e-14	9.25e-10	1.68e-05	8.38e-03	9.92e-01
 7.13772e+20	0.00e+00	0.00e+00	0.00e+00	1.89e-28	6.43e-23	4.29e-18	9.86e-14	1.01e-09	1.80e-05	8.68e-03	9.91e-01
 7.83787e+20	0.00e+00	0.00e+00	0.00e+00	2.61e-28	8.44e-23	5.34e-18	1.17e-13	1.14e-09	1.96e-05	9.08e-03	9.91e-01
 8.56046e+20	0.00e+00	0.00e+00	0.00e+00	3.63e-28	1.11e-22	6.70e-18	1.39e-13	1.29e-09	2.14e-05	9.51e-03	9.90e-01
 9.11661e+20	0.00e+00	0.00e+00	0.00e+00	4.69e-28	1.38e-22	7.97e-18	1.58e-13	1.42e-09	2.29e-05	9.86e-03	9.90e-01
 9.56484e+20	0.00e+00	0.00e+00	0.00e+00	5.73e-28	1.64e-22	9.15e-18	1.76e-13	1.52e-09	2.42e-05	1.01e-02	9.90e-01
 1.00684e+21	0.00e+00	0.00e+00	0.00e+00	7.19e-28	1.98e-22	1.07e-17	1.98e-13	1.66e-09	2.57e-05	1.05e-02	9.90e-01
 1.07231e+21	0.00e+00	0.00e+00	0.00e+00	9.62e-28	2.53e-22	1.30e-17	2.30e-13	1.84e-09	2.77e-05	1.09e-02	9.89e-01
 1.14079e+21	0.00e+00	0.00e+00	0.00e+00	1.30e-27	3.26e-22	1.60e-17	2.70e-13	2.06e-09	3.01e-05	1.14e-02	9.89e-01
 1.19836e+21	0.00e+00	0.00e+00	1.07e-33	1.68e-27	4.04e-22	1.91e-17	3.08e-13	2.26e-09	3.21e-05	1.18e-02	9.88e-01
 1.25836e+21	0.00e+00	0.00e+00	1.44e-33	2.17e-27	5.01e-22	2.27e-17	3.52e-13	2.49e-09	3.44e-05	1.22e-02	9.88e-01
 1.32481e+21	0.00e+00	0.00e+00	2.03e-33	2.91e-27	6.42e-22	2.78e-17	4.11e-13	2.77e-09	3.72e-05	1.27e-02	9.87e-01
 1.38446e+21	0.00e+00	0.00e+00	2.74e-33	3.77e-27	7.97e-22	3.31e-17	4.70e-13	3.04e-09	3.98e-05	1.31e-02	9.87e-01
 1.43812e+21	0.00e+00	0.00e+00	3.59e-33	4.76e-27	9.69e-22	3.88e-17	5.31e-13	3.31e-09	4.23e-05	1.36e-02	9.86e-01
 1.49920e+21	0.00e+00	0.00e+00	4.85e-33	6.15e-27	1.20e-21	4.63e-17	6.07e-13	3.64e-09	4.53e-05	1.41e-02	9.86e-01
 1.57861e+21	0.00e+00	0.00e+00	7.15e-33	8.60e-27	1.60e-21	5.82e-17	7.24e-13	4.12e-09	4.95e-05	1.47e-02	9.85e-01
 1.65780e+21	0.00e+00	0.00e+00	1.06e-32	1.21e-26	2.13e-21	7.36e-17	8.66e-13	4.68e-09	5.41e-05	1.54e-02	9.85e-01
 1.71630e+21	0.00e+00	0.00e+00	1.40e-32	1.54e-26	2.60e-21	8.67e-17	9.82e-13	5.11e-09	5.77e-05	1.59e-02	9.84e-01
 1.77197e+21	0.00e+00	0.00e+00	1.83e-32	1.93e-26	3.15e-21	1.01e-16	1.11e-12	5.57e-09	6.12e-05	1.64e-02	9.84e-01
 1.84434e+21	0.00e+00	0.00e+00	2.58e-32	2.60e-26	4.05e-21	1.24e-16	1.29e-12	6.22e-09	6.62e-05	1.71e-02	9.83e-01
 1.92040e+21	0.00e+00	0.00e+00	3.70e-32	3.55e-26	5.27e-21	1.54e-16	1.53e-12	6.99e-09	7.18e-05	1.78e-02	9.82e-01
 1.98481e+21	0.00e+00	0.00e+00	5.02e-32	4.61e-26	6.57e-21	1.85e-16	1.75e-12	7.71e-09	7.70e-05	1.84e-02	9.82e-01
 2.05207e+21	0.00e+00	0.00e+00	6.87e-32	6.04e-26	8.26e-21	2.23e-16	2.02e-12	8.53e-09	8.26e-05	1.91e-02	9.81e-01
 2.12525e+21	0.00e+00	0.00e+00	9.65e-32	8.10e-26	1.06e-20	2.72e-16	2.36e-12	9.53e-09	8.92e-05	1.98e-02	9.80e-01
 2.19067e+21	0.00e+00	0.00e+00	1.30e-31	1.05e-25	1.32e-20	3.26e-16	2.71e-12	1.05e-08	9.55e-05	2.05e-02	9.79e-01
 2.25103e+21	0.00e+00	0.00e+00	1.72e-31	1.33e-25	1.61e-20	3.84e-16	3.08e-12	1.15e-08	1.02e-04	2.12e-02	9.79e-01
 2.32025e+21	0.00e+00	0.00e+00	2.35e-31	1.74e-25	2.02e-20	4.63e-16	3.55e-12	1.27e-08	1.09e-04	2.20e-02	9.78e-01
 2.39767e+21	0.00e+00	0.00e+00	3.32e-31	2.35e-25	2.61e-20	5.70e-16	4.17e-12	1.43e-08	1.18e-04	2.28e-02	9.77e-01
 2.46989e+21	0.00e+00	0.00e+00	4.58e-31	3.10e-25	3.29e-20	6.91e-16	4.84e-12	1.59e-08	1.27e-04	2.37e-02	9.76e-01
 2.53712e+21	0.00e+00	0.00e+00	6.15e-31	4.01e-25	4.09e-20	8.24e-16	5.54e-12	1.75e-08	1.36e-04	2.45e-02	9.75e-01
 2.61371e+21	0.00e+00	0.00e+00	8.57e-31	5.34e-25	5.21e-20	1.01e-15	6.47e-12	1.95e-08	1.46e-04	2.54e-02	9.74e-01
 2.69671e+21	0.00e+00	0.00e+00	1.22e-30	7.26e-25	6.77e-20	1.25e-15	7.63e-12	2.20e-08	1.58e-04	2.64e-02	9.73e-01
 2.77083e+21	0.00e+00	0.00e+00	1.68e-30	9.53e-25	8.52e-20	1.51e-15	8.84e-12	2.44e-08	1.70e-04	2.74e-02	9.72e-01
 2.83815e+21	0.00e+00	0.00e+00	2.22e-30	1.21e-24	1.05e-19	1.79e-15	1.01e-11	2.69e-08	1.81e-04	2.83e-02	9.72e-01
 2.91384e+21	0.00e+00	0.00e+00	3.04e-30	1.59e-24	1.32e-19	2.16e-15	1.17e-11	2.98e-08	1.94e-04	2.93e-02	9.71e-01
 2.99880e+21	0.00e+00	0.00e+00	4.29e-30	2.15e-24	1.70e-19	2.66e-15	1.37e-11	3.35e-08	2.10e-04	3.04e-02	9.69e-01
 3.07861e+21	0.00e+00	0.00e+00	5.91e-30	2.83e-24	2.15e-19	3.22e-15	1.59e-11	3.74e-08	2.26e-04	3.15e-02	9.68e-01
 3.15335e+21	0.00e+00	0.00e+00	7.94e-30	3.66e-24	2.67e-19	3.86e-15	1.83e-11	4.13e-08	2.42e-04	3.26e-02	9.67e-01
 3.23867e+21	0.00e+00	0.00e+00	1.11e-29	4.87e-24	3.40e-19	4.71e-15	2.14e-11	4.62e-08	2.60e-04	3.38e-02	9.66e-01
 3.33033e+21	0.00e+00	0.00e+00	1.57e-29	6.59e-24	4.40e-19	5.83e-15	2.52e-11	5.21e-08	2.82e-04	3.52e-02	9.65e-01
 3.41092e+21	0.00e+00	0.00e+00	2.12e-29	8.57e-24	5.50e-19	7.01e-15	2.91e-11	5.77e-08	3.02e-04	3.64e-02	9.63e-01
 3.49639e+21	0.00e+00	0.00e+00	2.91e-29	1.12e-23	6.94e-19	8.48e-15	3.38e-11	6.43e-08	3.24e-04	3.76e-02	9.62e-01
 3.59244e+21	0.00e+00	0.00e+00	4.11e-29	1.52e-23	8.96e-19	1.05e-14	3.98e-11	7.25e-08	3.51e-04	3.91e-02	9.61e-01
 3.68301e+21	0.00e+00	0.00e+00	5.67e-29	2.01e-23	1.14e-18	1.28e-14	4.64e-11	8.09e-08	3.78e-04	4.06e-02	9.59e-01
 3.76829e+21	0.00e+00	0.00e+00	7.63e-29	2.60e-23	1.41e-18	1.53e-14	5.35e-11	8.97e-08	4.04e-04	4.19e-02	9.58e-01
 3.86596e+21	0.00e+00	0.00e+00	1.06e-28	3.46e-23	1.81e-18	1.87e-14	6.26e-11	1.01e-07	4.36e-04	4.35e-02	9.56e-01
 3.97521e+21	0.00e+00	0.00e+00	1.53e-28	4.75e-23	2.37e-18	2.34e-14	7.45e-11	1.14e-07	4.74e-04	4.53e-02	9.54e-01
 4.07272e+21	0.00e+00	0.00e+00	2.11e-28	6.27e-23	3.00e-18	2.85e-14	8.68e-11	1.28e-07	5.09e-04	4.69e-02	9.53e-01
 4.15713e+21	0.00e+00	0.00e+00	2.76e-28	7.93e-23	3.66e-18	3.36e-14	9.88e-11	1.40e-07	5.42e-04	4.83e-02	9.51e-01
 4.25136e+21	0.00e+00	0.00e+00	3.68e-28	1.02e-22	4.52e-18	4.00e-14	1.13e-10	1.55e-07	5.79e-04	4.99e-02	9.50e-01
 4.37385e+21	0.00e+00	0.00e+00	5.41e-28	1.42e-22	6.02e-18	5.07e-14	1.36e-10	1.77e-07	6.32e-04	5.21e-02	9.47e-01
 4.49794e+21	0.00e+00	0.00e+00	7.87e-28	1.97e-22	7.94e-18	6.38e-14	1.63e-10	2.02e-07	6.89e-04	5.43e-02	9.45e-01
 4.59860e+21	0.00e+00	0.00e+00	1.06e-27	2.54e-22	9.89e-18	7.66e-14	1.88e-10	2.24e-07	7.37e-04	5.61e-02	9.43e-01
 4.70395e+21	0.00e+00	0.00e+00	1.43e-27	3.31e-22	1.24e-17	9.22e-14	2.18e-10	2.49e-07	7.90e-04	5.80e-02	9.41e-01
 4.84090e+21	0.00e+00	0.00e+00	2.11e-27	4.62e-22	1.65e-17	1.17e-13	2.62e-10	2.85e-07	8.63e-04	6.06e-02	9.39e-01
 4.98144e+21	0.00e+00	1.59e-33	3.11e-27	6.48e-22	2.20e-17	1.48e-13	3.16e-10	3.27e-07	9.44e-04	6.32e-02	9.36e-01
 5.09156e+21	0.00e+00	2.23e-33	4.18e-27	8.38e-22	2.74e-17	1.78e-13	3.65e-10	3.63e-07	1.01e-03	6.53e-02	9.34e-01
 5.19960e+21	0.00e+00	3.08e-33	5.56e-27	1.07e-21	3.39e-17	2.12e-13	4.19e-10	4.01e-07	1.08e-03	6.74e-02	9.32e-01
 5.34005e+21	0.00e+00	4.65e-33	8.00e-27	1.47e-21	4.43e-17	2.66e-13	4.99e-10	4.56e-07	1.17e-03	7.02e-02	9.29e-01
 5.48575e+21	0.00e+00	7.08e-33	1.16e-26	2.03e-21	5.83e-17	3.34e-13	5.97e-10	5.20e-07	1.28e-03	7.31e-02	9.26e-01
 5.60729e+21	0.00e+00	9.97e-33	1.57e-26	2.64e-21	7.30e-17	4.02e-13	6.91e-10	5.78e-07	1.37e-03	7.55e-02	9.23e-01
 5.73428e+21	0.00e+00	1.40e-32	2.12e-26	3.43e-21	9.13e-17	4.84e-13	8.00e-10	6.43e-07	1.47e-03	7.81e-02	9.20e-01
 5.89938e+21	0.00e+00	2.21e-32	3.16e-26	4.86e-21	1.23e-16	6.20e-13	9.71e-10	7.41e-07	1.61e-03	8.16e-02	9.17e-01
 6.06612e+21	0.00e+00	3.44e-32	4.66e-26	6.82e-21	1.64e-16	7.89e-13	1.17e-09	8.51e-07	1.76e-03	8.51e-02	9.13e-01
 6.19997e+21	0.00e+00	4.87e-32	6.34e-26	8.90e-21	2.06e-16	9.54e-13	1.36e-09	9.48e-07	1.89e-03	8.80e-02	9.10e-01
 6.31936e+21	0.00e+00	6.60e-32	8.29e-26	1.12e-20	2.52e-16	1.13e-12	1.55e-09	1.04e-06	2.01e-03	9.06e-02	9.07e-01
 6.45496e+21	0.00e+00	9.26e-32	1.12e-25	1.46e-20	3.15e-16	1.35e-12	1.79e-09	1.16e-06	2.15e-03	9.36e-02	9.04e-01
 6.63124e+21	0.00e+00	1.43e-31	1.64e-25	2.03e-20	4.18e-16	1.71e-12	2.16e-09	1.33e-06	2.35e-03	9.76e-02	9.00e-01
 6.81044e+21	0.00e+00	2.20e-31	2.40e-25	2.83e-20	5.55e-16	2.17e-12	2.60e-09	1.52e-06	2.56e-03	1.02e-01	8.96e-01
 6.95465e+21	0.00e+00	3.09e-31	3.24e-25	3.68e-20	6.94e-16	2.62e-12	3.00e-09	1.69e-06	2.75e-03	1.05e-01	8.92e-01
 7.10330e+21	0.00e+00	4.37e-31	4.39e-25	4.79e-20	8.71e-16	3.16e-12	3.48e-09	1.88e-06	2.95e-03	1.08e-01	8.89e-01
 7.29655e+21	0.00e+00	6.78e-31	6.47e-25	6.71e-20	1.16e-15	4.01e-12	4.20e-09	2.16e-06	3.22e-03	1.13e-01	8.84e-01
 7.49616e+21	0.00e+00	1.06e-30	9.61e-25	9.46e-20	1.56e-15	5.13e-12	5.10e-09	2.48e-06	3.52e-03	1.18e-01	8.79e-01
 7.65943e+21	0.00e+00	1.52e-30	1.32e-24	1.25e-19	1.97e-15	6.24e-12	5.95e-09	2.78e-06	3.79e-03	1.22e-01	8.74e-01
 7.82709e+21	0.00e+00	2.18e-30	1.81e-24	1.65e-19	2.50e-15	7.60e-12	6.94e-09	3.11e-06	4.08e-03	1.26e-01	8.70e-01
 8.00385e+21	0.00e+00	3.19e-30	2.53e-24	2.20e-19	3.21e-15	9.34e-12	8.16e-09	3.50e-06	4.40e-03	1.31e-01	8.65e-01
 8.15435e+21	0.00e+00	4.37e-30	3.35e-24	2.80e-19	3.95e-15	1.11e-11	9.35e-09	3.86e-06	4.68e-03	1.34e-01	8.61e-01
 8.31187e+21	0.00e+00	6.06e-30	4.46e-24	3.60e-19	4.89e-15	1.33e-11	1.08e-08	4.27e-06	5.00e-03	1.39e-01	8.56e-01
 8.51665e+21	0.00e+00	9.18e-30	6.44e-24	4.95e-19	6.43e-15	1.67e-11	1.29e-08	4.87e-06	5.43e-03	1.44e-01	8.51e-01
 8.72227e+21	0.00e+00	1.39e-29	9.28e-24	6.80e-19	8.44e-15	2.09e-11	1.54e-08	5.54e-06	5.90e-03	1.49e-01	8.45e-01
 8.88327e+21	0.00e+00	1.91e-29	1.23e-23	8.69e-19	1.04e-14	2.49e-11	1.76e-08	6.11e-06	6.29e-03	1.54e-01	8.40e-01
 9.01695e+21	0.00e+00	2.49e-29	1.55e-23	1.06e-18	1.24e-14	2.87e-11	1.97e-08	6.63e-06	6.63e-03	1.57e-01	8.36e-01
 9.16080e+21	0.00e+00	3.29e-29	1.98e-23	1.32e-18	1.49e-14	3.35e-11	2.22e-08	7.23e-06	7.00e-03	1.61e-01	8.32e-01
 9.34782e+21	0.00e+00	4.70e-29	2.72e-23	1.73e-18	1.88e-14	4.07e-11	2.59e-08	8.08e-06	7.52e-03	1.67e-01	8.26e-01
 9.53842e+21	0.00e+00	6.75e-29	3.74e-23	2.28e-18	2.38e-14	4.96e-11	3.02e-08	9.04e-06	8.08e-03	1.72e-01	8.20e-01
 9.69098e+21	0.00e+00	9.00e-29	4.82e-23	2.85e-18	2.88e-14	5.80e-11	3.42e-08	9.88e-06	8.55e-03	1.76e-01	8.15e-01
 9.84662e+21	0.00e+00	1.20e-28	6.21e-23	3.55e-18	3.48e-14	6.79e-11	3.87e-08	1.08e-05	9.04e-03	1.81e-01	8.10e-01
 1.00122e+22	0.00e+00	1.63e-28	8.12e-23	4.48e-18	4.25e-14	8.02e-11	4.41e-08	1.19e-05	9.60e-03	1.86e-01	8.05e-01
 1.01545e+22	0.00e+00	2.11e-28	1.02e-22	5.48e-18	5.05e-14	9.26e-11	4.93e-08	1.29e-05	1.01e-02	1.90e-01	8.00e-01
 1.02838e+22	0.00e+00	2.66e-28	1.25e-22	6.54e-18	5.87e-14	1.05e-10	5.44e-08	1.38e-05	1.06e-02	1.94e-01	7.96e-01
 1.04325e+22	0.00e+00	3.48e-28	1.59e-22	8.02e-18	7.00e-14	1.22e-10	6.10e-08	1.50e-05	1.11e-02	1.98e-01	7.91e-01
 1.05996e+22	0.00e+00	4.68e-28	2.06e-22	1.01e-17	8.51e-14	1.43e-10	6.93e-08	1.65e-05	1.18e-02	2.03e-01	7.85e-01
 1.07570e+22	0.00e+00	6.19e-28	2.63e-22	1.25e-17	1.02e-13	1.67e-10	7.81e-08	1.79e-05	1.25e-02	2.08e-01	7.79e-01
 1.09031e+22	0.00e+00	7.99e-28	3.30e-22	1.52e-17	1.21e-13	1.92e-10	8.72e-08	1.94e-05	1.31e-02	2.13e-01	7.74e-01
 1.10685e+22	0.00e+00	1.06e-27	4.25e-22	1.89e-17	1.46e-13	2.25e-10	9.86e-08	2.12e-05	1.38e-02	2.18e-01	7.68e-01
 1.12415e+22	0.00e+00	1.44e-27	5.53e-22	2.38e-17	1.78e-13	2.65e-10	1.12e-07	2.32e-05	1.47e-02	2.23e-01	7.62e-01
 1.13861e+22	0.00e+00	1.84e-27	6.89e-22	2.88e-17	2.10e-13	3.03e-10	1.25e-07	2.51e-05	1.54e-02	2.28e-01	7.57e-01
 1.15358e+22	0.00e+00	2.37e-27	8.62e-22	3.50e-17	2.48e-13	3.49e-10	1.39e-07	2.71e-05	1.62e-02	2.32e-01	7.51e-01
 1.17304e+22	0.00e+00	3.29e-27	1.15e-21	4.49e-17	3.07e-13	4.18e-10	1.60e-07	3.00e-05	1.72e-02	2.39e-01	7.44e-01
 1.19252e+22	0.00e+00	4.58e-27	1.54e-21	5.78e-17	3.82e-13	5.00e-10	1.85e-07	3.32e-05	1.83e-02	2.45e-01	7.37e-01
 1.20760e+22	1.14e-33	5.89e-27	1.92e-21	7.02e-17	4.51e-13	5.75e-10	2.06e-07	3.59e-05	1.92e-02	2.50e-01	7.31e-01
 1.22277e+22	1.52e-33	7.57e-27	2.40e-21	8.50e-17	5.32e-13	6.60e-10	2.29e-07	3.87e-05	2.02e-02	2.55e-01	7.25e-01
 1.24249e+22	2.18e-33	1.05e-26	3.19e-21	1.09e-16	6.58e-13	7.89e-10	2.63e-07	4.28e-05	2.15e-02	2.61e-01	7.17e-01
 1.26274e+22	3.16e-33	1.46e-26	4.27e-21	1.41e-16	8.20e-13	9.48e-10	3.04e-07	4.74e-05	2.29e-02	2.68e-01	7.09e-01
 1.27852e+22	4.22e-33	1.89e-26	5.37e-21	1.71e-16	9.73e-13	1.09e-09	3.40e-07	5.13e-05	2.40e-02	2.73e-01	7.02e-01
 1.29183e+22	5.37e-33	2.35e-26	6.49e-21	2.02e-16	1.12e-12	1.23e-09	3.73e-07	5.48e-05	2.50e-02	2.78e-01	6.97e-01
 1.30708e+22	7.06e-33	3.00e-26	8.06e-21	2.44e-16	1.32e-12	1.41e-09	4.15e-07	5.91e-05	2.62e-02	2.83e-01	6.91e-01
 1.32691e+22	1.01e-32	4.12e-26	1.07e-20	3.11e-16	1.63e-12	1.68e-09	4.76e-07	6.51e-05	2.78e-02	2.90e-01	6.82e-01
 1.34695e+22	1.44e-32	5.68e-26	1.41e-20	3.99e-16	2.01e-12	2.01e-09	5.47e-07	7.18e-05	2.95e-02	2.97e-01	6.74e-01
 1.36271e+22	1.92e-32	7.35e-26	1.78e-20	4.86e-16	2.39e-12	2.32e-09	6.12e-07	7.78e-05	3.10e-02	3.02e-01	6.67e-01
 1.37864e+22	2.52e-32	9.38e-26	2.20e-20	5.86e-16	2.81e-12	2.66e-09	6.80e-07	8.38e-05	3.25e-02	3.08e-01	6.60e-01
 1.39935e+22	3.62e-32	1.30e-25	2.93e-20	7.51e-16	3.48e-12	3.18e-09	7.83e-07	9.25e-05	3.45e-02	3.15e-01	6.51e-01
 1.42037e+22	5.23e-32	1.80e-25	3.92e-20	9.67e-16	4.33e-12	3.83e-09	9.04e-07	1.02e-04	3.67e-02	3.22e-01	6.41e-01
 1.43700e+22	6.98e-32	2.34e-25	4.92e-20	1.18e-15	5.15e-12	4.42e-09	1.01e-06	1.11e-04	3.85e-02	3.28e-01	6.33e-01
 1.45381e+22	9.31e-32	3.02e-25	6.18e-20	1.44e-15	6.11e-12	5.11e-09	1.13e-06	1.20e-04	4.04e-02	3.34e-01	6.26e-01
 1.47567e+22	1.35e-31	4.20e-25	8.27e-20	1.86e-15	7.62e-12	6.15e-09	1.31e-06	1.33e-04	4.29e-02	3.41e-01	6.16e-01
 1.49797e+22	1.97e-31	5.91e-25	1.12e-19	2.41e-15	9.57e-12	7.45e-09	1.52e-06	1.48e-04	4.57e-02	3.49e-01	6.05e-01
 1.51577e+22	2.65e-31	7.73e-25	1.42e-19	2.97e-15	1.15e-11	8.67e-09	1.72e-06	1.60e-04	4.80e-02	3.55e-01	5.97e-01
 1.53383e+22	3.57e-31	1.01e-24	1.79e-19	3.65e-15	1.37e-11	1.01e-08	1.93e-06	1.74e-04	5.04e-02	3.61e-01	5.88e-01
 1.55732e+22	5.22e-31	1.42e-24	2.43e-19	4.74e-15	1.72e-11	1.22e-08	2.25e-06	1.94e-04	5.37e-02	3.69e-01	5.77e-01
 1.58125e+22	7.69e-31	2.01e-24	3.30e-19	6.21e-15	2.18e-11	1.49e-08	2.62e-06	2.16e-04	5.73e-02	3.77e-01	5.65e-01
 1.60050e+22	1.05e-30	2.65e-24	4.22e-19	7.69e-15	2.62e-11	1.75e-08	2.97e-06	2.35e-04	6.03e-02	3.84e-01	5.56e-01
 1.62029e+22	1.42e-30	3.49e-24	5.39e-19	9.53e-15	3.16e-11	2.04e-08	3.36e-06	2.57e-04	6.34e-02	3.90e-01	5.46e-01
 1.64212e+22	1.99e-30	4.72e-24	7.04e-19	1.20e-14	3.88e-11	2.43e-08	3.85e-06	2.82e-04	6.70e-02	3.97e-01	5.36e-01
 1.66180e+22	2.68e-30	6.18e-24	8.94e-19	1.48e-14	4.65e-11	2.83e-08	4.35e-06	3.07e-04	7.04e-02	4.03e-01	5.26e-01
 1.67962e+22	3.48e-30	7.83e-24	1.10e-18	1.78e-14	5.47e-11	3.25e-08	4.84e-06	3.31e-04	7.35e-02	4.08e-01	5.18e-01
 1.69982e+22	4.66e-30	1.02e-23	1.39e-18	2.19e-14	6.54e-11	3.78e-08	5.46e-06	3.59e-04	7.71e-02	4.14e-01	5.08e-01
 1.72608e+22	6.74e-30	1.42e-23	1.87e-18	2.84e-14	8.20e-11	4.59e-08	6.35e-06	3.99e-04	8.19e-02	4.22e-01	4.96e-01
 1.75246e+22	9.72e-30	1.98e-23	2.52e-18	3.67e-14	1.03e-10	5.56e-08	7.39e-06	4.43e-04	8.70e-02	4.29e-01	4.84e-01
 1.77304e+22	1.28e-29	2.55e-23	3.15e-18	4.47e-14	1.22e-10	6.44e-08	8.30e-06	4.80e-04	9.11e-02	4.34e-01	4.74e-01
 1.79387e+22	1.68e-29	3.25e-23	3.92e-18	5.42e-14	1.45e-10	7.42e-08	9.29e-06	5.19e-04	9.52e-02	4.40e-01	4.65e-01
 1.82093e+22	2.37e-29	4.43e-23	5.17e-18	6.90e-14	1.79e-10	8.89e-08	1.07e-05	5.73e-04	1.01e-01	4.46e-01	4.53e-01
 1.84941e+22	3.37e-29	6.11e-23	6.88e-18	8.87e-14	2.23e-10	1.07e-07	1.24e-05	6.35e-04	1.07e-01	4.53e-01	4.40e-01
 1.87354e+22	4.51e-29	7.95e-23	8.71e-18	1.09e-13	2.67e-10	1.25e-07	1.40e-05	6.91e-04	1.12e-01	4.58e-01	4.30e-01
 1.89871e+22	6.03e-29	1.03e-22	1.10e-17	1.34e-13	3.21e-10	1.46e-07	1.59e-05	7.51e-04	1.17e-01	4.63e-01	4.19e-01
 1.93143e+22	8.68e-29	1.44e-22	1.48e-17	1.74e-13	4.03e-10	1.77e-07	1.85e-05	8.36e-04	1.24e-01	4.69e-01	4.06e-01
 1.96486e+22	1.25e-28	2.01e-22	2.00e-17	2.26e-13	5.07e-10	2.16e-07	2.16e-05	9.30e-04	1.32e-01	4.75e-01	3.93e-01
 1.99061e+22	1.65e-28	2.59e-22	2.51e-17	2.76e-13	6.05e-10	2.51e-07	2.43e-05	1.01e-03	1.38e-01	4.79e-01	3.82e-01
 2.01145e+22	2.04e-28	3.14e-22	2.98e-17	3.22e-13	6.91e-10	2.81e-07	2.66e-05	1.07e-03	1.43e-01	4.82e-01	3.74e-01
 2.03448e+22	2.56e-28	3.85e-22	3.58e-17	3.78e-13	7.96e-10	3.17e-07	2.93e-05	1.15e-03	1.48e-01	4.85e-01	3.66e-01
 2.06442e+22	3.41e-28	5.00e-22	4.53e-17	4.65e-13	9.55e-10	3.70e-07	3.31e-05	1.25e-03	1.55e-01	4.89e-01	3.56e-01
 2.09643e+22	4.61e-28	6.59e-22	5.81e-17	5.79e-13	1.16e-09	4.35e-07	3.77e-05	1.36e-03	1.62e-01	4.92e-01	3.44e-01
 2.12424e+22	5.95e-28	8.32e-22	7.16e-17	6.96e-13	1.36e-09	4.99e-07	4.20e-05	1.47e-03	1.69e-01	4.95e-01	3.35e-01
 2.15353e+22	7.69e-28	1.05e-21	8.84e-17	8.38e-13	1.60e-09	5.73e-07	4.69e-05	1.58e-03	1.76e-01	4.98e-01	3.25e-01
 2.19160e+22	1.06e-27	1.41e-21	1.15e-16	1.06e-12	1.97e-09	6.83e-07	5.38e-05	1.74e-03	1.84e-01	5.01e-01	3.13e-01
 2.23013e+22	1.47e-27	1.90e-21	1.51e-16	1.34e-12	2.41e-09	8.13e-07	6.18e-05	1.91e-03	1.94e-01	5.03e-01	3.01e-01
 2.26066e+22	1.88e-27	2.38e-21	1.85e-16	1.60e-12	2.83e-09	9.29e-07	6.87e-05	2.05e-03	2.01e-01	5.05e-01	2.92e-01
 2.28669e+22	2.30e-27	2.87e-21	2.18e-16	1.86e-12	3.22e-09	1.04e-06	7.49e-05	2.18e-03	2.07e-01	5.06e-01	2.85e-01
 2.31544e+22	2.86e-27	3.50e-21	2.61e-16	2.17e-12	3.69e-09	1.17e-06	8.22e-05	2.32e-03	2.14e-01	5.07e-01	2.77e-01
 2.35282e+22	3.76e-27	4.50e-21	3.28e-16	2.65e-12	4.40e-09	1.35e-06	9.24e-05	2.52e-03	2.23e-01	5.08e-01	2.67e-01
 2.39149e+22	4.98e-27	5.81e-21	4.13e-16	3.25e-12	5.26e-09	1.57e-06	1.04e-04	2.73e-03	2.32e-01	5.08e-01	2.57e-01
 2.42337e+22	6.23e-27	7.14e-21	4.97e-16	3.83e-12	6.07e-09	1.78e-06	1.15e-04	2.91e-03	2.40e-01	5.08e-01	2.49e-01
 2.45637e+22	7.78e-27	8.75e-21	5.98e-16	4.50e-12	6.99e-09	2.00e-06	1.26e-04	3.10e-03	2.47e-01	5.08e-01	2.41e-01
 2.49927e+22	1.03e-26	1.13e-20	7.54e-16	5.52e-12	8.36e-09	2.33e-06	1.42e-04	3.36e-03	2.57e-01	5.08e-01	2.31e-01
 2.54375e+22	1.37e-26	1.47e-20	9.56e-16	6.80e-12	1.00e-08	2.71e-06	1.60e-04	3.65e-03	2.68e-01	5.07e-01	2.22e-01
 2.58070e+22	1.73e-26	1.82e-20	1.16e-15	8.05e-12	1.16e-08	3.07e-06	1.76e-04	3.90e-03	2.76e-01	5.06e-01	2.14e-01
 2.61914e+22	2.18e-26	2.25e-20	1.40e-15	9.51e-12	1.34e-08	3.47e-06	1.94e-04	4.16e-03	2.85e-01	5.04e-01	2.06e-01
 2.66911e+22	2.91e-26	2.93e-20	1.78e-15	1.17e-11	1.62e-08	4.06e-06	2.19e-04	4.51e-03	2.96e-01	5.02e-01	1.97e-01
 2.72085e+22	3.91e-26	3.85e-20	2.28e-15	1.46e-11	1.95e-08	4.75e-06	2.48e-04	4.90e-03	3.08e-01	4.99e-01	1.88e-01
 2.76155e+22	4.91e-26	4.74e-20	2.75e-15	1.72e-11	2.25e-08	5.35e-06	2.72e-04	5.21e-03	3.17e-01	4.97e-01	1.81e-01
 2.80116e+22	6.06e-26	5.75e-20	3.27e-15	2.00e-11	2.57e-08	5.99e-06	2.97e-04	5.53e-03	3.25e-01	4.95e-01	1.74e-01
 2.85264e+22	7.91e-26	7.34e-20	4.08e-15	2.43e-11	3.04e-08	6.89e-06	3.31e-04	5.94e-03	3.36e-01	4.91e-01	1.66e-01
 2.90698e+22	1.05e-25	9.48e-20	5.13e-15	2.97e-11	3.62e-08	7.97e-06	3.71e-04	6.41e-03	3.48e-01	4.87e-01	1.58e-01
 2.95349e+22	1.32e-25	1.17e-19	6.21e-15	3.51e-11	4.18e-08	9.00e-06	4.07e-04	6.82e-03	3.57e-01	4.84e-01	1.52e-01
 3.00241e+22	1.66e-25	1.45e-19	7.53e-15	4.16e-11	4.84e-08	1.02e-05	4.47e-04	7.25e-03	3.67e-01	4.80e-01	1.45e-01
 3.06601e+22	2.23e-25	1.90e-19	9.60e-15	5.14e-11	5.81e-08	1.18e-05	5.03e-04	7.84e-03	3.80e-01	4.74e-01	1.38e-01
 3.13268e+22	3.03e-25	2.51e-19	1.23e-14	6.40e-11	7.03e-08	1.38e-05	5.68e-04	8.49e-03	3.93e-01	4.68e-01	1.30e-01
 3.18938e+22	3.90e-25	3.16e-19	1.52e-14	7.67e-11	8.21e-08	1.58e-05	6.27e-04	9.05e-03	4.04e-01	4.63e-01	1.24e-01
 3.23957e+22	4.84e-25	3.86e-19	1.82e-14	8.96e-11	9.39e-08	1.76e-05	6.82e-04	9.57e-03	4.13e-01	4.59e-01	1.18e-01
 3.29523e+22	6.11e-25	4.77e-19	2.20e-14	1.06e-10	1.08e-07	1.98e-05	7.48e-04	1.02e-02	4.23e-01	4.53e-01	1.13e-01
 3.36758e+22	8.17e-25	6.22e-19	2.79e-14	1.30e-10	1.29e-07	2.29e-05	8.34e-04	1.09e-02	4.35e-01	4.47e-01	1.06e-01
 3.44338e+22	1.11e-24	8.20e-19	3.58e-14	1.62e-10	1.56e-07	2.68e-05	9.40e-04	1.18e-02	4.49e-01	4.39e-01	9.98e-02
 3.50659e+22	1.41e-24	1.03e-18	4.37e-14	1.93e-10	1.81e-07	3.03e-05	1.03e-03	1.25e-02	4.59e-01	4.32e-01	9.47e-02
 3.56223e+22	1.74e-24	1.24e-18	5.19e-14	2.24e-10	2.06e-07	3.37e-05	1.12e-03	1.32e-02	4.68e-01	4.27e-01	9.05e-02
 3.62509e+22	2.19e-24	1.53e-18	6.27e-14	2.63e-10	2.37e-07	3.78e-05	1.22e-03	1.39e-02	4.78e-01	4.21e-01	8.60e-02
 3.70682e+22	2.91e-24	1.99e-18	7.92e-14	3.23e-10	2.82e-07	4.36e-05	1.36e-03	1.49e-02	4.91e-01	4.12e-01	8.07e-02
 3.79102e+22	3.91e-24	2.60e-18	1.01e-13	3.99e-10	3.38e-07	5.05e-05	1.52e-03	1.60e-02	5.03e-01	4.04e-01	7.54e-02
 3.85944e+22	4.93e-24	3.22e-18	1.22e-13	4.71e-10	3.90e-07	5.68e-05	1.66e-03	1.70e-02	5.13e-01	3.97e-01	7.14e-02
 3.92942e+22	6.18e-24	3.95e-18	1.47e-13	5.53e-10	4.47e-07	6.36e-05	1.81e-03	1.79e-02	5.23e-01	3.90e-01	6.76e-02
 4.02040e+22	8.22e-24	5.13e-18	1.85e-13	6.76e-10	5.31e-07	7.31e-05	2.01e-03	1.91e-02	5.35e-01	3.81e-01	6.32e-02
 4.11575e+22	1.10e-23	6.72e-18	2.37e-13	8.37e-10	6.38e-07	8.50e-05	2.25e-03	2.05e-02	5.47e-01	3.71e-01	5.86e-02
 4.19501e+22	1.39e-23	8.34e-18	2.88e-13	9.92e-10	7.37e-07	9.58e-05	2.46e-03	2.17e-02	5.57e-01	3.63e-01	5.51e-02
 4.27624e+22	1.76e-23	1.03e-17	3.48e-13	1.17e-09	8.51e-07	1.08e-04	2.69e-03	2.30e-02	5.67e-01	3.55e-01	5.19e-02
 4.38184e+22	2.35e-23	1.34e-17	4.42e-13	1.44e-09	1.02e-06	1.24e-04	2.99e-03	2.46e-02	5.79e-01	3.45e-01	4.80e-02
 4.49234e+22	3.17e-23	1.77e-17	5.68e-13	1.79e-09	1.22e-06	1.45e-04	3.36e-03	2.64e-02	5.91e-01	3.35e-01	4.42e-02
 4.57807e+22	3.96e-23	2.18e-17	6.84e-13	2.11e-09	1.41e-06	1.63e-04	3.66e-03	2.78e-02	6.00e-01	3.27e-01	4.14e-02
 4.64586e+22	4.71e-23	2.55e-17	7.90e-13	2.39e-09	1.57e-06	1.78e-04	3.91e-03	2.90e-02	6.07e-01	3.20e-01	3.94e-02
 4.72148e+22	5.65e-23	3.02e-17	9.22e-13	2.74e-09	1.76e-06	1.95e-04	4.20e-03	3.03e-02	6.14e-01	3.14e-01	3.73e-02
 4.81980e+22	7.09e-23	3.74e-17	1.12e-12	3.24e-09	2.04e-06	2.20e-04	4.59e-03	3.20e-02	6.23e-01	3.05e-01	3.48e-02
 4.92694e+22	9.07e-23	4.70e-17	1.38e-12	3.89e-09	2.38e-06	2.50e-04	5.05e-03	3.40e-02	6.33e-01	2.96e-01	3.22e-02
 5.02254e+22	1.12e-22	5.72e-17	1.65e-12	4.55e-09	2.73e-06	2.80e-04	5.49e-03	3.58e-02	6.41e-01	2.87e-01	3.01e-02
 5.11051e+22	1.35e-22	6.81e-17	1.93e-12	5.24e-09	3.08e-06	3.09e-04	5.92e-03	3.75e-02	6.48e-01	2.80e-01	2.83e-02
 5.21159e+22	1.66e-22	8.26e-17	2.30e-12	6.11e-09	3.52e-06	3.45e-04	6.42e-03	3.94e-02	6.55e-01	2.72e-01	2.64e-02
 5.34300e+22	2.13e-22	1.04e-16	2.86e-12	7.40e-09	4.16e-06	3.96e-04	7.12e-03	4.20e-02	6.65e-01	2.62e-01	2.41e-02
 5.47764e+22	2.74e-22	1.33e-16	3.58e-12	9.01e-09	4.94e-06	4.57e-04	7.92e-03	4.49e-02	6.74e-01	2.51e-01	2.19e-02
 5.58598e+22	3.33e-22	1.60e-16	4.25e-12	1.05e-08	5.65e-06	5.10e-04	8.60e-03	4.72e-02	6.80e-01	2.43e-01	2.04e-02
 5.69635e+22	4.00e-22	1.91e-16	5.01e-12	1.21e-08	6.42e-06	5.67e-04	9.31e-03	4.95e-02	6.86e-01	2.35e-01	1.89e-02
 5.83983e+22	5.01e-22	2.37e-16	6.13e-12	1.46e-08	7.52e-06	6.47e-04	1.03e-02	5.26e-02	6.94e-01	2.26e-01	1.72e-02
 5.99223e+22	6.33e-22	2.97e-16	7.60e-12	1.76e-08	8.91e-06	7.45e-04	1.14e-02	5.62e-02	7.01e-01	2.15e-01	1.55e-02
 6.12193e+22	7.61e-22	3.56e-16	9.05e-12	2.06e-08	1.03e-05	8.38e-04	1.25e-02	5.93e-02	7.06e-01	2.07e-01	1.42e-02
 6.25623e+22	9.11e-22	4.25e-16	1.07e-11	2.40e-08	1.17e-05	9.35e-04	1.35e-02	6.24e-02	7.11e-01	1.99e-01	1.31e-02
 6.43082e+22	1.13e-21	5.26e-16	1.31e-11	2.89e-08	1.38e-05	1.08e-03	1.50e-02	6.65e-02	7.17e-01	1.89e-01	1.17e-02
 6.61126e+22	1.40e-21	6.54e-16	1.63e-11	3.51e-08	1.65e-05	1.24e-03	1.68e-02	7.11e-02	7.22e-01	1.79e-01	1.04e-02
 6.75050e+22	1.63e-21	7.66e-16	1.90e-11	4.06e-08	1.88e-05	1.39e-03	1.82e-02	7.49e-02	7.25e-01	1.71e-01	9.49e-03
 6.86296e+22	1.84e-21	8.66e-16	2.15e-11	4.53e-08	2.07e-05	1.51e-03	1.93e-02	7.77e-02	7.27e-01	1.65e-01	8.87e-03
 6.98946e+22	2.07e-21	9.82e-16	2.43e-11	5.09e-08	2.30e-05	1.65e-03	2.07e-02	8.09e-02	7.29e-01	1.59e-01	8.21e-03
 7.15391e+22	2.39e-21	1.15e-15	2.84e-11	5.88e-08	2.63e-05	1.84e-03	2.24e-02	8.52e-02	7.31e-01	1.52e-01	7.45e-03
 7.33731e+22	2.79e-21	1.36e-15	3.38e-11	6.92e-08	3.04e-05	2.08e-03	2.46e-02	9.01e-02	7.33e-01	1.44e-01	6.67e-03
 7.50236e+22	3.17e-21	1.56e-15	3.93e-11	7.96e-08	3.46e-05	2.32e-03	2.66e-02	9.48e-02	7.34e-01	1.37e-01	6.03e-03
 7.64731e+22	3.53e-21	1.76e-15	4.45e-11	8.97e-08	3.86e-05	2.54e-03	2.85e-02	9.88e-02	7.34e-01	1.31e-01	5.53e-03
 7.80915e+22	3.95e-21	2.00e-15	5.07e-11	1.01e-07	4.32e-05	2.78e-03	3.05e-02	1.03e-01	7.34e-01	1.25e-01	5.06e-03
 8.01953e+22	4.50e-21	2.33e-15	5.96e-11	1.18e-07	4.97e-05	3.13e-03	3.32e-02	1.09e-01	7.33e-01	1.18e-01	4.51e-03
 8.24134e+22	5.15e-21	2.73e-15	7.09e-11	1.40e-07	5.78e-05	3.55e-03	3.63e-02	1.15e-01	7.31e-01	1.10e-01	3.98e-03
 8.42724e+22	5.73e-21	3.11e-15	8.16e-11	1.60e-07	6.54e-05	3.93e-03	3.91e-02	1.20e-01	7.28e-01	1.05e-01	3.59e-03
 8.61817e+22	6.30e-21	3.50e-15	9.29e-11	1.81e-07	7.33e-05	4.31e-03	4.18e-02	1.25e-01	7.26e-01	9.94e-02	3.26e-03
 8.86638e+22	7.10e-21	4.06e-15	1.09e-10	2.12e-07	8.46e-05	4.84e-03	4.54e-02	1.32e-01	7.22e-01	9.31e-02	2.88e-03
 9.12944e+22	8.05e-21	4.76e-15	1.31e-10	2.52e-07	9.87e-05	5.49e-03	4.96e-02	1.39e-01	7.16e-01	8.67e-02	2.52e-03
 9.35234e+22	8.93e-21	5.43e-15	1.51e-10	2.91e-07	1.12e-04	6.08e-03	5.34e-02	1.45e-01	7.11e-01	8.15e-02	2.25e-03
 9.58264e+22	9.81e-21	6.13e-15	1.73e-10	3.31e-07	1.26e-04	6.68e-03	5.69e-02	1.51e-01	7.06e-01	7.70e-02	2.02e-03
 9.88203e+22	1.10e-20	7.13e-15	2.06e-10	3.90e-07	1.46e-04	7.50e-03	6.17e-02	1.59e-01	6.98e-01	7.16e-02	1.77e-03
 1.02045e+23	1.26e-20	8.47e-15	2.49e-10	4.69e-07	1.72e-04	8.52e-03	6.73e-02	1.67e-01	6.89e-01	6.60e-02	1.53e-03
 1.04854e+23	1.41e-20	9.80e-15	2.94e-10	5.49e-07	1.97e-04	9.49e-03	7.24e-02	1.74e-01	6.81e-01	6.15e-02	1.35e-03
 1.07159e+23	1.54e-20	1.11e-14	3.35e-10	6.23e-07	2.20e-04	1.03e-02	7.66e-02	1.80e-01	6.73e-01	5.81e-02	1.22e-03
 1.09525e+23	1.67e-20	1.23e-14	3.78e-10	6.99e-07	2.43e-04	1.11e-02	8.06e-02	1.86e-01	6.66e-01	5.52e-02	1.11e-03
 1.12602e+23	1.86e-20	1.41e-14	4.40e-10	8.07e-07	2.76e-04	1.23e-02	8.58e-02	1.92e-01	6.57e-01	5.16e-02	9.89e-04
 1.16012e+23	2.11e-20	1.65e-14	5.23e-10	9.50e-07	3.17e-04	1.36e-02	9.20e-02	2.00e-01	6.46e-01	4.78e-02	8.67e-04
 1.19122e+23	2.37e-20	1.91e-14	6.14e-10	1.10e-06	3.60e-04	1.50e-02	9.79e-02	2.07e-01	6.35e-01	4.46e-02	7.68e-04
 1.21913e+23	2.62e-20	2.16e-14	7.02e-10	1.25e-06	4.00e-04	1.62e-02	1.03e-01	2.12e-01	6.25e-01	4.21e-02	6.95e-04
 1.25020e+23	2.89e-20	2.45e-14	8.04e-10	1.42e-06	4.45e-04	1.76e-02	1.08e-01	2.18e-01	6.15e-01	3.96e-02	6.26e-04
 1.29060e+23	3.27e-20	2.86e-14	9.50e-10	1.65e-06	5.06e-04	1.94e-02	1.15e-01	2.25e-01	6.03e-01	3.67e-02	5.51e-04
 1.33496e+23	3.81e-20	3.43e-14	1.15e-09	1.97e-06	5.86e-04	2.16e-02	1.23e-01	2.33e-01	5.88e-01	3.37e-02	4.77e-04
 1.37429e+23	4.37e-20	4.04e-14	1.37e-09	2.30e-06	6.67e-04	2.37e-02	1.31e-01	2.39e-01	5.74e-01	3.12e-02	4.20e-04
 1.40925e+23	4.90e-20	4.61e-14	1.57e-09	2.61e-06	7.39e-04	2.56e-02	1.37e-01	2.45e-01	5.62e-01	2.93e-02	3.78e-04
 1.44867e+23	5.47e-20	5.26e-14	1.81e-09	2.96e-06	8.20e-04	2.76e-02	1.43e-01	2.50e-01	5.51e-01	2.74e-02	3.40e-04
 1.49992e+23	6.30e-20	6.19e-14	2.13e-09	3.43e-06	9.26e-04	3.01e-02	1.51e-01	2.56e-01	5.36e-01	2.53e-02	2.99e-04
 1.56007e+23	7.43e-20	7.50e-14	2.60e-09	4.10e-06	1.07e-03	3.35e-02	1.61e-01	2.63e-01	5.18e-01	2.30e-02	2.56e-04
 1.61877e+23	8.87e-20	9.13e-14	3.18e-09	4.89e-06	1.24e-03	3.71e-02	1.71e-01	2.69e-01	5.00e-01	2.09e-02	2.20e-04
 1.67131e+23	1.03e-19	1.07e-13	3.73e-09	5.62e-06	1.39e-03	4.03e-02	1.80e-01	2.74e-01	4.85e-01	1.93e-02	1.94e-04
 1.72890e+23	1.17e-19	1.24e-13	4.31e-09	6.39e-06	1.54e-03	4.34e-02	1.87e-01	2.78e-01	4.71e-01	1.79e-02	1.73e-04
 1.79730e+23	1.37e-19	1.47e-13	5.10e-09	7.39e-06	1.73e-03	4.72e-02	1.97e-01	2.83e-01	4.55e-01	1.64e-02	1.51e-04
 1.87042e+23	1.60e-19	1.75e-13	6.06e-09	8.58e-06	1.96e-03	5.14e-02	2.07e-01	2.87e-01	4.38e-01	1.50e-02	1.31e-04
 1.94647e+23	1.88e-19	2.06e-13	7.11e-09	9.85e-06	2.19e-03	5.56e-02	2.16e-01	2.90e-01	4.22e-01	1.38e-02	1.15e-04
 2.02557e+23	2.18e-19	2.40e-13	8.27e-09	1.12e-05	2.43e-03	5.99e-02	2.25e-01	2.93e-01	4.06e-01	1.27e-02	1.01e-04
 2.10783e+23	2.49e-19	2.78e-13	9.54e-09	1.27e-05	2.68e-03	6.43e-02	2.34e-01	2.96e-01	3.91e-01	1.17e-02	8.94e-05
 2.19337e+23	2.84e-19	3.18e-13	1.09e-08	1.42e-05	2.94e-03	6.86e-02	2.42e-01	2.98e-01	3.77e-01	1.08e-02	7.97e-05
 2.27788e+23	3.24e-19	3.64e-13	1.24e-08	1.58e-05	3.22e-03	7.30e-02	2.51e-01	2.99e-01	3.64e-01	9.99e-03	7.12e-05
 2.35557e+23	3.61e-19	4.07e-13	1.37e-08	1.73e-05	3.46e-03	7.68e-02	2.57e-01	3.00e-01	3.53e-01	9.38e-03	6.48e-05
 2.42550e+23	3.96e-19	4.48e-13	1.51e-08	1.87e-05	3.69e-03	8.03e-02	2.63e-01	3.01e-01	3.43e-01	8.85e-03	5.96e-05
 2.48843e+23	4.28e-19	4.83e-13	1.62e-08	1.98e-05	3.87e-03	8.31e-02	2.68e-01	3.01e-01	3.35e-01	8.46e-03	5.58e-05
 2.54507e+23	4.55e-19	5.14e-13	1.72e-08	2.09e-05	4.04e-03	8.55e-02	2.72e-01	3.02e-01	3.28e-01	8.14e-03	5.27e-05
 2.59604e+23	4.79e-19	5.42e-13	1.81e-08	2.18e-05	4.18e-03	8.77e-02	2.76e-01	3.02e-01	3.23e-01	7.87e-03	5.02e-05
 2.64192e+23	5.01e-19	5.67e-13	1.89e-08	2.26e-05	4.31e-03	8.95e-02	2.79e-01	3.02e-01	3.18e-01	7.64e-03	4.82e-05
 2.68321e+23	5.18e-19	5.87e-13	1.95e-08	2.32e-05	4.41e-03	9.10e-02	2.81e-01	3.02e-01	3.14e-01	7.47e-03	4.66e-05
 2.72037e+23	5.34e-19	6.05e-13	2.01e-08	2.38e-05	4.50e-03	9.23e-02	2.83e-01	3.02e-01	3.11e-01	7.32e-03	4.53e-05
 2.75381e+23	5.47e-19	6.20e-13	2.05e-08	2.42e-05	4.58e-03	9.34e-02	2.85e-01	3.02e-01	3.08e-01	7.20e-03	4.43e-05
 2.78493e+23	5.54e-19	6.29e-13	2.08e-08	2.45e-05	4.63e-03	9.42e-02	2.86e-01	3.02e-01	3.06e-01	7.11e-03	4.35e-05
 2.81548e+23	5.62e-19	6.38e-13	2.11e-08	2.48e-05	4.68e-03	9.49e-02	2.88e-01	3.02e-01	3.04e-01	7.02e-03	4.27e-05
 2.84603e+23	5.69e-19	6.47e-13	2.14e-08	2.51e-05	4.73e-03	9.56e-02	2.89e-01	3.02e-01	3.02e-01	6.94e-03	4.20e-05
 2.87658e+23	5.77e-19	6.55e-13	2.17e-08	2.54e-05	4.78e-03	9.64e-02	2.90e-01	3.02e-01	3.00e-01	6.86e-03	4.13e-05
 2.90712e+23	5.82e-19	6.62e-13	2.19e-08	2.56e-05	4.82e-03	9.70e-02	2.91e-01	3.02e-01	2.99e-01	6.79e-03	4.08e-05
 2.93767e+23	5.85e-19	6.66e-13	2.20e-08	2.58e-05	4.85e-03	9.75e-02	2.92e-01	3.02e-01	2.97e-01	6.73e-03	4.03e-05
 2.96822e+23	5.87e-19	6.70e-13	2.22e-08	2.59e-05	4.87e-03	9.79e-02	2.93e-01	3.02e-01	2.96e-01	6.68e-03	3.99e-05
 2.99877e+23	5.89e-19	6.73e-13	2.23e-08	2.60e-05	4.90e-03	9.83e-02	2.94e-01	3.02e-01	2.95e-01	6.63e-03	3.95e-05
 3.02932e+23	5.91e-19	6.76e-13	2.24e-08	2.62e-05	4.93e-03	9.87e-02	2.94e-01	3.02e-01	2.94e-01	6.58e-03	3.91e-05
 3.04970e+23	6.07e-19	6.92e-13	2.29e-08	2.66e-05	5.00e-03	9.97e-02	2.96e-01	3.02e-01	2.92e-01	6.50e-03	3.84e-05
