#depth	S	S+	S+2	S+3	S+4	S+5	S+6	S+7	S+8	S+9	S+10	S+11	S+12	S+13	S+14	S+15	S+16
 6.17135e+19	0.00e+00	0.00e+00	0.00e+00	0.00e+00	0.00e+00	5.83e-33	4.76e-28	8.74e-24	5.76e-20	1.36e-16	1.50e-13	8.08e-11	3.09e-08	8.62e-06	4.43e-03	1.15e-01	8.80e-01
 1.87609e+20	0.00e+00	0.00e+00	0.00e+00	0.00e+00	0.00e+00	1.56e-32	1.16e-27	1.95e-23	1.18e-19	2.55e-16	2.58e-13	1.27e-10	4.42e-08	1.12e-05	5.27e-03	1.25e-01	8.70e-01
 3.18540e+20	0.00e+00	0.00e+00	0.00e+00	0.00e+00	0.00e+00	4.19e-32	2.86e-27	4.39e-23	2.42e-19	4.81e-16	4.45e-13	2.00e-10	6.33e-08	1.47e-05	6.26e-03	1.35e-01	8.58e-01
 4.54709e+20	0.00e+00	0.00e+00	0.00e+00	0.00e+00	0.00e+00	1.14e-31	7.10e-27	9.96e-23	5.02e-19	9.11e-16	7.72e-13	3.18e-10	9.12e-08	1.93e-05	7.46e-03	1.46e-01	8.46e-01
 5.48445e+20	0.00e+00	0.00e+00	0.00e+00	0.00e+00	0.00e+00	2.22e-31	1.31e-26	1.73e-22	8.21e-19	1.40e-15	1.12e-12	4.35e-10	1.17e-07	2.31e-05	8.39e-03	1.54e-01	8.37e-01
 5.86617e+20	0.00e+00	0.00e+00	0.00e+00	0.00e+00	0.00e+00	2.94e-31	1.69e-26	2.18e-22	1.01e-18	1.68e-15	1.31e-12	4.96e-10	1.29e-07	2.50e-05	8.81e-03	1.58e-01	8.33e-01
 6.18485e+20	0.00e+00	0.00e+00	0.00e+00	0.00e+00	0.00e+00	3.64e-31	2.05e-26	2.59e-22	1.18e-18	1.92e-15	1.47e-12	5.46e-10	1.40e-07	2.65e-05	9.14e-03	1.61e-01	8.30e-01
 6.59914e+20	0.00e+00	0.00e+00	0.00e+00	0.00e+00	0.00e+00	4.84e-31	2.66e-26	3.28e-22	1.45e-18	2.31e-15	1.73e-12	6.24e-10	1.55e-07	2.86e-05	9.60e-03	1.64e-01	8.26e-01
 7.13772e+20	0.00e+00	0.00e+00	0.00e+00	0.00e+00	0.00e+00	7.01e-31	3.73e-26	4.44e-22	1.90e-18	2.93e-15	2.12e-12	7.42e-10	1.78e-07	3.16e-05	1.02e-02	1.69e-01	8.21e-01
 7.83787e+20	0.00e+00	0.00e+00	0.00e+00	0.00e+00	0.00e+00	1.12e-30	5.74e-26	6.55e-22	2.69e-18	3.97e-15	2.76e-12	9.25e-10	2.11e-07	3.60e-05	1.11e-02	1.75e-01	8.14e-01
 8.56046e+20	0.00e+00	0.00e+00	0.00e+00	0.00e+00	0.00e+00	1.82e-30	8.92e-26	9.74e-22	3.82e-18	5.42e-15	3.61e-12	1.16e-09	2.53e-07	4.10e-05	1.21e-02	1.82e-01	8.06e-01
 9.11661e+20	0.00e+00	0.00e+00	0.00e+00	0.00e+00	0.00e+00	2.63e-30	1.25e-25	1.32e-21	5.01e-18	6.87e-15	4.43e-12	1.38e-09	2.89e-07	4.54e-05	1.29e-02	1.87e-01	8.00e-01
 9.56484e+20	0.00e+00	0.00e+00	0.00e+00	0.00e+00	0.00e+00	3.52e-30	1.63e-25	1.68e-21	6.20e-18	8.28e-15	5.21e-12	1.58e-09	3.22e-07	4.91e-05	1.35e-02	1.91e-01	7.95e-01
 1.00684e+21	0.00e+00	0.00e+00	0.00e+00	0.00e+00	0.00e+00	4.86e-30	2.19e-25	2.19e-21	7.86e-18	1.02e-14	6.25e-12	1.84e-09	3.63e-07	5.36e-05	1.43e-02	1.96e-01	7.90e-01
 1.07231e+21	0.00e+00	0.00e+00	0.00e+00	0.00e+00	0.00e+00	7.38e-30	3.20e-25	3.08e-21	1.07e-17	1.34e-14	7.89e-12	2.24e-09	4.23e-07	6.01e-05	1.54e-02	2.02e-01	7.83e-01
 1.14079e+21	0.00e+00	0.00e+00	0.00e+00	0.00e+00	0.00e+00	1.14e-29	4.74e-25	4.40e-21	1.47e-17	1.77e-14	1.00e-11	2.74e-09	4.96e-07	6.76e-05	1.66e-02	2.09e-01	7.75e-01
 1.19836e+21	0.00e+00	0.00e+00	0.00e+00	0.00e+00	0.00e+00	1.62e-29	6.58e-25	5.91e-21	1.91e-17	2.23e-14	1.23e-11	3.25e-09	5.67e-07	7.46e-05	1.76e-02	2.14e-01	7.68e-01
 1.25836e+21	0.00e+00	0.00e+00	0.00e+00	0.00e+00	0.00e+00	2.33e-29	9.14e-25	7.96e-21	2.49e-17	2.81e-14	1.50e-11	3.85e-09	6.48e-07	8.23e-05	1.88e-02	2.20e-01	7.61e-01
 1.32481e+21	0.00e+00	0.00e+00	0.00e+00	0.00e+00	0.00e+00	3.51e-29	1.33e-24	1.12e-20	3.37e-17	3.67e-14	1.90e-11	4.68e-09	7.55e-07	9.21e-05	2.01e-02	2.26e-01	7.53e-01
 1.38446e+21	0.00e+00	0.00e+00	0.00e+00	0.00e+00	0.00e+00	5.01e-29	1.84e-24	1.50e-20	4.38e-17	4.63e-14	2.32e-11	5.54e-09	8.62e-07	1.02e-04	2.14e-02	2.32e-01	7.46e-01
 1.43812e+21	0.00e+00	0.00e+00	0.00e+00	0.00e+00	0.00e+00	6.89e-29	2.47e-24	1.95e-20	5.55e-17	5.70e-14	2.78e-11	6.46e-09	9.71e-07	1.11e-04	2.26e-02	2.38e-01	7.40e-01
 1.49920e+21	0.00e+00	0.00e+00	0.00e+00	0.00e+00	0.00e+00	9.82e-29	3.41e-24	2.62e-20	7.21e-17	7.18e-14	3.40e-11	7.64e-09	1.11e-06	1.22e-04	2.40e-02	2.44e-01	7.32e-01
 1.57861e+21	0.00e+00	0.00e+00	0.00e+00	0.00e+00	0.00e+00	1.55e-28	5.19e-24	3.82e-20	1.01e-16	9.67e-14	4.41e-11	9.51e-09	1.31e-06	1.38e-04	2.60e-02	2.52e-01	7.22e-01
 1.65780e+21	0.00e+00	0.00e+00	0.00e+00	0.00e+00	0.00e+00	2.45e-28	7.89e-24	5.59e-20	1.42e-16	1.31e-13	5.73e-11	1.19e-08	1.56e-06	1.57e-04	2.81e-02	2.60e-01	7.12e-01
 1.71630e+21	0.00e+00	0.00e+00	0.00e+00	0.00e+00	7.69e-33	3.38e-28	1.06e-23	7.30e-20	1.80e-16	1.61e-13	6.88e-11	1.38e-08	1.76e-06	1.72e-04	2.97e-02	2.66e-01	7.05e-01
 1.77197e+21	0.00e+00	0.00e+00	0.00e+00	0.00e+00	1.08e-32	4.58e-28	1.40e-23	9.41e-20	2.26e-16	1.97e-13	8.19e-11	1.60e-08	1.98e-06	1.87e-04	3.13e-02	2.71e-01	6.97e-01
 1.84434e+21	0.00e+00	0.00e+00	0.00e+00	0.00e+00	1.68e-32	6.79e-28	2.01e-23	1.31e-19	3.03e-16	2.55e-13	1.03e-10	1.94e-08	2.29e-06	2.08e-04	3.34e-02	2.78e-01	6.88e-01
 1.92040e+21	0.00e+00	0.00e+00	0.00e+00	0.00e+00	2.67e-32	1.02e-27	2.93e-23	1.84e-19	4.12e-16	3.34e-13	1.30e-10	2.37e-08	2.68e-06	2.33e-04	3.58e-02	2.86e-01	6.78e-01
 1.98481e+21	0.00e+00	0.00e+00	0.00e+00	0.00e+00	3.92e-32	1.44e-27	4.01e-23	2.44e-19	5.31e-16	4.19e-13	1.58e-10	2.79e-08	3.05e-06	2.56e-04	3.80e-02	2.92e-01	6.69e-01
 2.05207e+21	0.00e+00	0.00e+00	0.00e+00	0.00e+00	5.81e-32	2.04e-27	5.54e-23	3.27e-19	6.91e-16	5.28e-13	1.94e-10	3.31e-08	3.48e-06	2.82e-04	4.03e-02	2.99e-01	6.60e-01
 2.12525e+21	0.00e+00	0.00e+00	0.00e+00	0.00e+00	8.89e-32	2.97e-27	7.83e-23	4.48e-19	9.17e-16	6.78e-13	2.41e-10	3.98e-08	4.01e-06	3.13e-04	4.29e-02	3.06e-01	6.51e-01
 2.19067e+21	0.00e+00	0.00e+00	0.00e+00	0.00e+00	1.29e-31	4.14e-27	1.06e-22	5.92e-19	1.18e-15	8.45e-13	2.92e-10	4.69e-08	4.56e-06	3.43e-04	4.54e-02	3.13e-01	6.42e-01
 2.25103e+21	0.00e+00	0.00e+00	0.00e+00	0.00e+00	1.82e-31	5.60e-27	1.41e-22	7.62e-19	1.48e-15	1.03e-12	3.49e-10	5.44e-08	5.11e-06	3.72e-04	4.77e-02	3.18e-01	6.33e-01
 2.32025e+21	0.00e+00	0.00e+00	0.00e+00	0.00e+00	2.67e-31	7.88e-27	1.92e-22	1.01e-18	1.91e-15	1.30e-12	4.26e-10	6.44e-08	5.82e-06	4.09e-04	5.05e-02	3.25e-01	6.24e-01
 2.39767e+21	0.00e+00	0.00e+00	0.00e+00	0.00e+00	4.08e-31	1.15e-26	2.72e-22	1.39e-18	2.54e-15	1.67e-12	5.30e-10	7.75e-08	6.72e-06	4.54e-04	5.38e-02	3.32e-01	6.13e-01
 2.46989e+21	0.00e+00	0.00e+00	0.00e+00	0.00e+00	6.03e-31	1.62e-26	3.75e-22	1.86e-18	3.30e-15	2.10e-12	6.50e-10	9.20e-08	7.68e-06	4.99e-04	5.69e-02	3.39e-01	6.03e-01
 2.53712e+21	0.00e+00	0.00e+00	0.00e+00	0.00e+00	8.62e-31	2.22e-26	5.02e-22	2.43e-18	4.19e-15	2.60e-12	7.83e-10	1.08e-07	8.67e-06	5.44e-04	6.00e-02	3.45e-01	5.94e-01
 2.61371e+21	0.00e+00	0.00e+00	0.00e+00	0.00e+00	1.29e-30	3.17e-26	6.97e-22	3.28e-18	5.48e-15	3.30e-12	9.64e-10	1.28e-07	9.93e-06	6.00e-04	6.36e-02	3.52e-01	5.83e-01
 2.69671e+21	0.00e+00	0.00e+00	0.00e+00	0.00e+00	1.97e-30	4.62e-26	9.89e-22	4.51e-18	7.30e-15	4.26e-12	1.21e-09	1.55e-07	1.15e-05	6.66e-04	6.76e-02	3.60e-01	5.72e-01
 2.77083e+21	0.00e+00	0.00e+00	0.00e+00	0.00e+00	2.87e-30	6.43e-26	1.34e-21	5.97e-18	9.40e-15	5.32e-12	1.47e-09	1.83e-07	1.30e-05	7.29e-04	7.14e-02	3.66e-01	5.62e-01
 2.83815e+21	0.00e+00	0.00e+00	0.00e+00	0.00e+00	4.02e-30	8.65e-26	1.77e-21	7.67e-18	1.18e-14	6.50e-12	1.75e-09	2.12e-07	1.46e-05	7.91e-04	7.49e-02	3.72e-01	5.53e-01
 2.91384e+21	0.00e+00	0.00e+00	0.00e+00	0.00e+00	5.82e-30	1.20e-25	2.40e-21	1.01e-17	1.51e-14	8.11e-12	2.12e-09	2.49e-07	1.66e-05	8.65e-04	7.89e-02	3.78e-01	5.42e-01
 2.99880e+21	0.00e+00	0.00e+00	0.00e+00	0.00e+00	8.76e-30	1.72e-25	3.35e-21	1.37e-17	2.00e-14	1.04e-11	2.63e-09	2.99e-07	1.91e-05	9.54e-04	8.36e-02	3.85e-01	5.31e-01
 3.07861e+21	0.00e+00	0.00e+00	0.00e+00	0.00e+00	1.28e-29	2.40e-25	4.57e-21	1.82e-17	2.58e-14	1.30e-11	3.21e-09	3.53e-07	2.17e-05	1.04e-03	8.81e-02	3.91e-01	5.20e-01
 3.15335e+21	0.00e+00	0.00e+00	0.00e+00	0.00e+00	1.81e-29	3.26e-25	6.07e-21	2.37e-17	3.26e-14	1.60e-11	3.85e-09	4.12e-07	2.44e-05	1.14e-03	9.24e-02	3.96e-01	5.10e-01
 3.23867e+21	0.00e+00	0.00e+00	0.00e+00	0.00e+00	2.67e-29	4.58e-25	8.35e-21	3.17e-17	4.24e-14	2.02e-11	4.73e-09	4.89e-07	2.78e-05	1.25e-03	9.75e-02	4.03e-01	4.99e-01
 3.33033e+21	0.00e+00	0.00e+00	0.00e+00	0.00e+00	4.02e-29	6.58e-25	1.17e-20	4.31e-17	5.60e-14	2.59e-11	5.87e-09	5.86e-07	3.19e-05	1.37e-03	1.03e-01	4.09e-01	4.87e-01
 3.41092e+21	0.00e+00	0.00e+00	0.00e+00	0.00e+00	5.72e-29	8.98e-25	1.56e-20	5.63e-17	7.12e-14	3.20e-11	7.07e-09	6.85e-07	3.60e-05	1.49e-03	1.08e-01	4.14e-01	4.76e-01
 3.49639e+21	0.00e+00	0.00e+00	0.00e+00	0.00e+00	8.26e-29	1.24e-24	2.11e-20	7.42e-17	9.14e-14	3.99e-11	8.57e-09	8.05e-07	4.07e-05	1.63e-03	1.14e-01	4.19e-01	4.65e-01
 3.59244e+21	0.00e+00	0.00e+00	0.00e+00	0.00e+00	1.24e-28	1.77e-24	2.95e-20	1.01e-16	1.20e-13	5.09e-11	1.06e-08	9.63e-07	4.67e-05	1.79e-03	1.20e-01	4.25e-01	4.53e-01
 3.68301e+21	0.00e+00	0.00e+00	0.00e+00	0.00e+00	1.80e-28	2.46e-24	4.01e-20	1.33e-16	1.55e-13	6.38e-11	1.29e-08	1.13e-06	5.29e-05	1.95e-03	1.26e-01	4.30e-01	4.42e-01
 3.76829e+21	0.00e+00	0.00e+00	0.00e+00	6.98e-33	2.54e-28	3.34e-24	5.33e-20	1.73e-16	1.97e-13	7.85e-11	1.55e-08	1.32e-06	5.94e-05	2.11e-03	1.32e-01	4.34e-01	4.32e-01
 3.86596e+21	0.00e+00	0.00e+00	0.00e+00	1.08e-32	3.74e-28	4.69e-24	7.33e-20	2.32e-16	2.56e-13	9.91e-11	1.90e-08	1.57e-06	6.76e-05	2.31e-03	1.38e-01	4.39e-01	4.20e-01
 3.97521e+21	0.00e+00	0.00e+00	0.00e+00	1.73e-32	5.72e-28	6.81e-24	1.04e-19	3.20e-16	3.42e-13	1.28e-10	2.38e-08	1.88e-06	7.79e-05	2.54e-03	1.46e-01	4.44e-01	4.07e-01
 4.07272e+21	0.00e+00	0.00e+00	0.00e+00	2.63e-32	8.29e-28	9.44e-24	1.41e-19	4.23e-16	4.41e-13	1.60e-10	2.89e-08	2.22e-06	8.81e-05	2.77e-03	1.53e-01	4.48e-01	3.96e-01
 4.15713e+21	0.00e+00	0.00e+00	0.00e+00	3.74e-32	1.14e-27	1.25e-23	1.83e-19	5.37e-16	5.46e-13	1.93e-10	3.40e-08	2.54e-06	9.77e-05	2.97e-03	1.59e-01	4.51e-01	3.87e-01
 4.25136e+21	0.00e+00	0.00e+00	0.00e+00	5.46e-32	1.59e-27	1.68e-23	2.42e-19	6.92e-16	6.86e-13	2.37e-10	4.05e-08	2.94e-06	1.09e-04	3.20e-03	1.65e-01	4.54e-01	3.77e-01
 4.37385e+21	0.00e+00	0.00e+00	0.00e+00	9.00e-32	2.48e-27	2.48e-23	3.49e-19	9.70e-16	9.31e-13	3.10e-10	5.12e-08	3.57e-06	1.26e-04	3.54e-03	1.74e-01	4.58e-01	3.64e-01
 4.49794e+21	0.00e+00	0.00e+00	0.00e+00	1.46e-31	3.83e-27	3.63e-23	4.99e-19	1.35e-15	1.25e-12	4.02e-10	6.43e-08	4.31e-06	1.46e-04	3.89e-03	1.84e-01	4.62e-01	3.51e-01
 4.59860e+21	0.00e+00	0.00e+00	0.00e+00	2.16e-31	5.41e-27	4.92e-23	6.64e-19	1.75e-15	1.59e-12	4.95e-10	7.70e-08	5.00e-06	1.63e-04	4.20e-03	1.91e-01	4.64e-01	3.40e-01
 4.70395e+21	0.00e+00	0.00e+00	0.00e+00	3.20e-31	7.70e-27	6.72e-23	8.89e-19	2.29e-15	2.02e-12	6.12e-10	9.25e-08	5.82e-06	1.83e-04	4.53e-03	1.99e-01	4.66e-01	3.30e-01
 4.84090e+21	0.00e+00	0.00e+00	0.00e+00	5.29e-31	1.20e-26	9.96e-23	1.29e-18	3.21e-15	2.74e-12	8.00e-10	1.17e-07	7.05e-06	2.11e-04	4.99e-03	2.09e-01	4.68e-01	3.17e-01
 4.98144e+21	0.00e+00	0.00e+00	0.00e+00	8.78e-31	1.89e-26	1.48e-22	1.87e-18	4.52e-15	3.73e-12	1.05e-09	1.48e-07	8.54e-06	2.44e-04	5.49e-03	2.20e-01	4.70e-01	3.04e-01
 5.09156e+21	0.00e+00	0.00e+00	0.00e+00	1.29e-30	2.67e-26	2.01e-22	2.49e-18	5.88e-15	4.73e-12	1.29e-09	1.76e-07	9.90e-06	2.72e-04	5.91e-03	2.28e-01	4.71e-01	2.94e-01
 5.19960e+21	0.00e+00	0.00e+00	0.00e+00	1.88e-30	3.72e-26	2.69e-22	3.27e-18	7.56e-15	5.93e-12	1.57e-09	2.09e-07	1.14e-05	3.03e-04	6.34e-03	2.36e-01	4.72e-01	2.85e-01
 5.34005e+21	0.00e+00	0.00e+00	0.00e+00	3.01e-30	5.68e-26	3.90e-22	4.64e-18	1.04e-14	7.92e-12	2.03e-09	2.60e-07	1.36e-05	3.46e-04	6.92e-03	2.47e-01	4.72e-01	2.74e-01
 5.48575e+21	0.00e+00	0.00e+00	0.00e+00	4.87e-30	8.73e-26	5.70e-22	6.63e-18	1.44e-14	1.06e-11	2.62e-09	3.25e-07	1.63e-05	3.96e-04	7.56e-03	2.58e-01	4.72e-01	2.62e-01
 5.60729e+21	0.00e+00	0.00e+00	0.00e+00	7.22e-30	1.24e-25	7.77e-22	8.86e-18	1.88e-14	1.35e-11	3.23e-09	3.89e-07	1.89e-05	4.42e-04	8.12e-03	2.67e-01	4.72e-01	2.52e-01
 5.73428e+21	0.00e+00	0.00e+00	0.00e+00	1.07e-29	1.77e-25	1.06e-21	1.19e-17	2.46e-14	1.72e-11	3.99e-09	4.66e-07	2.19e-05	4.93e-04	8.72e-03	2.77e-01	4.71e-01	2.43e-01
 5.89938e+21	0.00e+00	0.00e+00	0.00e+00	1.80e-29	2.80e-25	1.59e-21	1.74e-17	3.50e-14	2.35e-11	5.25e-09	5.90e-07	2.66e-05	5.69e-04	9.56e-03	2.89e-01	4.69e-01	2.31e-01
 6.06612e+21	0.00e+00	0.00e+00	0.00e+00	2.99e-29	4.40e-25	2.37e-21	2.53e-17	4.93e-14	3.20e-11	6.88e-09	7.44e-07	3.21e-05	6.54e-04	1.05e-02	3.02e-01	4.67e-01	2.20e-01
 6.19997e+21	0.00e+00	0.00e+00	0.00e+00	4.44e-29	6.27e-25	3.24e-21	3.40e-17	6.45e-14	4.08e-11	8.49e-09	8.91e-07	3.71e-05	7.29e-04	1.12e-02	3.12e-01	4.65e-01	2.11e-01
 6.31936e+21	0.00e+00	0.00e+00	0.00e+00	6.30e-29	8.56e-25	4.25e-21	4.39e-17	8.18e-14	5.05e-11	1.02e-08	1.04e-06	4.22e-05	8.01e-04	1.19e-02	3.20e-01	4.63e-01	2.04e-01
 6.45496e+21	0.00e+00	0.00e+00	0.00e+00	9.28e-29	1.21e-24	5.76e-21	5.85e-17	1.06e-13	6.39e-11	1.26e-08	1.24e-06	4.87e-05	8.90e-04	1.27e-02	3.30e-01	4.61e-01	1.95e-01
 6.63124e+21	0.00e+00	0.00e+00	6.09e-33	1.52e-28	1.88e-24	8.48e-21	8.43e-17	1.49e-13	8.63e-11	1.63e-08	1.56e-06	5.83e-05	1.02e-03	1.39e-02	3.43e-01	4.57e-01	1.85e-01
 6.81044e+21	0.00e+00	0.00e+00	1.05e-32	2.49e-28	2.91e-24	1.25e-20	1.21e-16	2.08e-13	1.17e-10	2.12e-08	1.94e-06	6.98e-05	1.16e-03	1.51e-02	3.56e-01	4.53e-01	1.75e-01
 6.95465e+21	0.00e+00	0.00e+00	1.62e-32	3.67e-28	4.12e-24	1.69e-20	1.62e-16	2.70e-13	1.48e-10	2.60e-08	2.32e-06	8.04e-05	1.29e-03	1.61e-02	3.66e-01	4.49e-01	1.68e-01
 7.10330e+21	0.00e+00	0.00e+00	2.50e-32	5.43e-28	5.85e-24	2.30e-20	2.16e-16	3.53e-13	1.88e-10	3.20e-08	2.76e-06	9.27e-05	1.43e-03	1.71e-02	3.76e-01	4.45e-01	1.60e-01
 7.29655e+21	0.00e+00	0.00e+00	4.34e-32	8.94e-28	9.11e-24	3.40e-20	3.13e-16	4.95e-13	2.54e-10	4.16e-08	3.46e-06	1.11e-04	1.63e-03	1.86e-02	3.89e-01	4.39e-01	1.51e-01
 7.49616e+21	0.00e+00	0.00e+00	7.63e-32	1.49e-27	1.43e-23	5.06e-20	4.56e-16	6.98e-13	3.46e-10	5.44e-08	4.34e-06	1.33e-04	1.86e-03	2.02e-02	4.03e-01	4.33e-01	1.42e-01
 7.65943e+21	0.00e+00	0.00e+00	1.20e-31	2.23e-27	2.06e-23	6.94e-20	6.16e-16	9.20e-13	4.44e-10	6.75e-08	5.21e-06	1.54e-04	2.07e-03	2.15e-02	4.13e-01	4.28e-01	1.35e-01
 7.82709e+21	0.00e+00	0.00e+00	1.88e-31	3.35e-27	2.96e-23	9.54e-20	8.34e-16	1.21e-12	5.69e-10	8.37e-08	6.25e-06	1.79e-04	2.30e-03	2.30e-02	4.24e-01	4.22e-01	1.28e-01
 8.00385e+21	0.00e+00	0.00e+00	3.02e-31	5.13e-27	4.32e-23	1.33e-19	1.14e-15	1.62e-12	7.37e-10	1.05e-07	7.56e-06	2.08e-04	2.57e-03	2.46e-02	4.35e-01	4.16e-01	1.21e-01
 8.15435e+21	0.00e+00	0.00e+00	4.47e-31	7.32e-27	5.92e-23	1.75e-19	1.49e-15	2.06e-12	9.16e-10	1.26e-07	8.86e-06	2.36e-04	2.82e-03	2.60e-02	4.44e-01	4.11e-01	1.16e-01
 8.31187e+21	0.00e+00	0.00e+00	6.71e-31	1.05e-26	8.18e-23	2.33e-19	1.95e-15	2.65e-12	1.14e-09	1.53e-07	1.04e-05	2.69e-04	3.09e-03	2.75e-02	4.54e-01	4.05e-01	1.10e-01
 8.51665e+21	0.00e+00	0.00e+00	1.12e-30	1.68e-26	1.24e-22	3.34e-19	2.75e-15	3.63e-12	1.52e-09	1.96e-07	1.28e-05	3.17e-04	3.48e-03	2.95e-02	4.66e-01	3.98e-01	1.04e-01
 8.72227e+21	0.00e+00	0.00e+00	1.88e-30	2.66e-26	1.86e-22	4.78e-19	3.87e-15	4.97e-12	2.02e-09	2.49e-07	1.57e-05	3.74e-04	3.92e-03	3.16e-02	4.77e-01	3.90e-01	9.71e-02
 8.88327e+21	0.00e+00	0.00e+00	2.79e-30	3.80e-26	2.55e-22	6.29e-19	5.03e-15	6.34e-12	2.51e-09	3.01e-07	1.84e-05	4.24e-04	4.29e-03	3.33e-02	4.86e-01	3.83e-01	9.24e-02
 9.01695e+21	0.00e+00	0.00e+00	3.85e-30	5.08e-26	3.30e-22	7.87e-19	6.24e-15	7.72e-12	2.99e-09	3.51e-07	2.10e-05	4.70e-04	4.61e-03	3.48e-02	4.93e-01	3.78e-01	8.86e-02
 9.16080e+21	0.00e+00	0.00e+00	5.43e-30	6.92e-26	4.35e-22	9.99e-19	7.85e-15	9.54e-12	3.62e-09	4.13e-07	2.41e-05	5.24e-04	4.99e-03	3.64e-02	5.01e-01	3.73e-01	8.47e-02
 9.34782e+21	0.00e+00	0.00e+00	8.41e-30	1.02e-25	6.15e-22	1.35e-18	1.05e-14	1.25e-11	4.60e-09	5.08e-07	2.87e-05	6.02e-04	5.51e-03	3.86e-02	5.10e-01	3.65e-01	7.99e-02
 9.53842e+21	0.00e+00	0.00e+00	1.31e-29	1.53e-25	8.76e-22	1.84e-18	1.41e-14	1.64e-11	5.88e-09	6.27e-07	3.42e-05	6.93e-04	6.09e-03	4.08e-02	5.19e-01	3.58e-01	7.53e-02
 9.69098e+21	0.00e+00	0.00e+00	1.86e-29	2.09e-25	1.16e-21	2.34e-18	1.78e-14	2.03e-11	7.13e-09	7.40e-07	3.93e-05	7.74e-04	6.58e-03	4.27e-02	5.27e-01	3.51e-01	7.17e-02
 9.84662e+21	0.00e+00	0.00e+00	2.64e-29	2.86e-25	1.53e-21	2.98e-18	2.25e-14	2.52e-11	8.65e-09	8.74e-07	4.52e-05	8.64e-04	7.12e-03	4.47e-02	5.34e-01	3.45e-01	6.83e-02
 1.00122e+22	0.00e+00	0.00e+00	3.82e-29	3.99e-25	2.05e-21	3.84e-18	2.88e-14	3.17e-11	1.06e-08	1.04e-06	5.24e-05	9.71e-04	7.73e-03	4.68e-02	5.41e-01	3.39e-01	6.48e-02
 1.01545e+22	0.00e+00	0.00e+00	5.25e-29	5.30e-25	2.63e-21	4.77e-18	3.56e-14	3.85e-11	1.26e-08	1.21e-06	5.95e-05	1.07e-03	8.30e-03	4.87e-02	5.47e-01	3.33e-01	6.20e-02
 1.02838e+22	0.00e+00	0.00e+00	6.94e-29	6.81e-25	3.28e-21	5.78e-18	4.28e-14	4.57e-11	1.47e-08	1.38e-06	6.65e-05	1.17e-03	8.83e-03	5.04e-02	5.52e-01	3.28e-01	5.95e-02
 1.04325e+22	0.00e+00	0.00e+00	9.59e-29	9.09e-25	4.23e-21	7.20e-18	5.31e-14	5.57e-11	1.76e-08	1.61e-06	7.56e-05	1.30e-03	9.48e-03	5.25e-02	5.58e-01	3.22e-01	5.68e-02
 1.05996e+22	0.00e+00	0.00e+00	1.37e-28	1.25e-24	5.61e-21	9.19e-18	6.73e-14	6.95e-11	2.15e-08	1.91e-06	8.71e-05	1.45e-03	1.03e-02	5.48e-02	5.65e-01	3.15e-01	5.38e-02
 1.07570e+22	0.00e+00	0.00e+00	1.92e-28	1.69e-24	7.30e-21	1.15e-17	8.41e-14	8.53e-11	2.59e-08	2.24e-06	9.95e-05	1.61e-03	1.10e-02	5.71e-02	5.70e-01	3.09e-01	5.12e-02
 1.09031e+22	0.00e+00	0.00e+00	2.60e-28	2.22e-24	9.29e-21	1.42e-17	1.03e-13	1.03e-10	3.06e-08	2.59e-06	1.12e-04	1.77e-03	1.18e-02	5.92e-02	5.75e-01	3.03e-01	4.88e-02
 1.10685e+22	0.00e+00	0.00e+00	3.67e-28	3.01e-24	1.21e-20	1.79e-17	1.29e-13	1.27e-10	3.70e-08	3.04e-06	1.29e-04	1.97e-03	1.27e-02	6.17e-02	5.81e-01	2.96e-01	4.63e-02
 1.12415e+22	0.00e+00	0.00e+00	5.24e-28	4.14e-24	1.61e-20	2.27e-17	1.64e-13	1.59e-10	4.52e-08	3.60e-06	1.48e-04	2.21e-03	1.38e-02	6.44e-02	5.86e-01	2.89e-01	4.38e-02
 1.13861e+22	0.00e+00	6.36e-33	7.04e-28	5.39e-24	2.03e-20	2.77e-17	2.00e-13	1.90e-10	5.32e-08	4.15e-06	1.67e-04	2.42e-03	1.47e-02	6.66e-02	5.91e-01	2.84e-01	4.18e-02
 1.15358e+22	0.00e+00	8.88e-33	9.52e-28	7.06e-24	2.56e-20	3.39e-17	2.44e-13	2.29e-10	6.29e-08	4.78e-06	1.88e-04	2.66e-03	1.57e-02	6.90e-02	5.95e-01	2.78e-01	3.98e-02
 1.17304e+22	0.00e+00	1.36e-32	1.40e-27	9.96e-24	3.47e-20	4.39e-17	3.15e-13	2.91e-10	7.80e-08	5.75e-06	2.19e-04	3.00e-03	1.70e-02	7.22e-02	6.00e-01	2.70e-01	3.74e-02
 1.19252e+22	0.00e+00	2.10e-32	2.07e-27	1.41e-23	4.68e-20	5.68e-17	4.07e-13	3.70e-10	9.68e-08	6.91e-06	2.56e-04	3.38e-03	1.85e-02	7.54e-02	6.05e-01	2.63e-01	3.50e-02
 1.20760e+22	0.00e+00	2.91e-32	2.78e-27	1.83e-23	5.90e-20	6.91e-17	4.96e-13	4.45e-10	1.14e-07	7.96e-06	2.88e-04	3.71e-03	1.97e-02	7.80e-02	6.08e-01	2.57e-01	3.33e-02
 1.22277e+22	0.00e+00	4.04e-32	3.73e-27	2.38e-23	7.41e-20	8.40e-17	6.02e-13	5.34e-10	1.35e-07	9.15e-06	3.23e-04	4.06e-03	2.10e-02	8.06e-02	6.11e-01	2.51e-01	3.17e-02
 1.24249e+22	0.00e+00	6.15e-32	5.44e-27	3.32e-23	9.92e-20	1.08e-16	7.73e-13	6.74e-10	1.66e-07	1.09e-05	3.75e-04	4.57e-03	2.28e-02	8.40e-02	6.15e-01	2.44e-01	2.97e-02
 1.26274e+22	0.00e+00	9.46e-32	8.01e-27	4.69e-23	1.34e-19	1.39e-16	9.99e-13	8.58e-10	2.06e-07	1.32e-05	4.37e-04	5.15e-03	2.48e-02	8.77e-02	6.18e-01	2.36e-01	2.77e-02
 1.27852e+22	0.00e+00	1.32e-31	1.08e-26	6.12e-23	1.69e-19	1.69e-16	1.22e-12	1.03e-09	2.44e-07	1.52e-05	4.92e-04	5.65e-03	2.64e-02	9.06e-02	6.20e-01	2.30e-01	2.63e-02
 1.29183e+22	0.00e+00	1.75e-31	1.39e-26	7.63e-23	2.04e-19	1.99e-16	1.44e-12	1.21e-09	2.80e-07	1.71e-05	5.43e-04	6.10e-03	2.78e-02	9.30e-02	6.22e-01	2.25e-01	2.51e-02
 1.30708e+22	0.00e+00	2.39e-31	1.84e-26	9.81e-23	2.54e-19	2.39e-16	1.73e-12	1.44e-09	3.29e-07	1.96e-05	6.08e-04	6.66e-03	2.95e-02	9.58e-02	6.24e-01	2.20e-01	2.38e-02
 1.32691e+22	0.00e+00	3.59e-31	2.65e-26	1.35e-22	3.36e-19	3.02e-16	2.20e-12	1.80e-09	4.03e-07	2.32e-05	7.02e-04	7.45e-03	3.19e-02	9.96e-02	6.25e-01	2.13e-01	2.23e-02
 1.34695e+22	0.00e+00	5.42e-31	3.84e-26	1.88e-22	4.46e-19	3.83e-16	2.81e-12	2.27e-09	4.95e-07	2.77e-05	8.11e-04	8.35e-03	3.45e-02	1.03e-01	6.27e-01	2.05e-01	2.08e-02
 1.36271e+22	0.00e+00	7.53e-31	5.15e-26	2.43e-22	5.57e-19	4.61e-16	3.40e-12	2.72e-09	5.84e-07	3.18e-05	9.11e-04	9.14e-03	3.66e-02	1.07e-01	6.27e-01	2.00e-01	1.96e-02
 1.37864e+22	0.00e+00	1.03e-30	6.82e-26	3.11e-22	6.90e-19	5.53e-16	4.09e-12	3.23e-09	6.82e-07	3.63e-05	1.02e-03	9.96e-03	3.88e-02	1.10e-01	6.28e-01	1.94e-01	1.86e-02
 1.39935e+22	0.00e+00	1.55e-30	9.86e-26	4.31e-22	9.13e-19	6.98e-16	5.20e-12	4.06e-09	8.38e-07	4.32e-05	1.17e-03	1.11e-02	4.19e-02	1.14e-01	6.28e-01	1.87e-01	1.73e-02
 1.42037e+22	0.00e+00	2.36e-30	1.43e-25	5.99e-22	1.21e-18	8.85e-16	6.64e-12	5.12e-09	1.03e-06	5.16e-05	1.36e-03	1.25e-02	4.52e-02	1.18e-01	6.27e-01	1.80e-01	1.60e-02
 1.43700e+22	0.00e+00	3.28e-30	1.93e-25	7.76e-22	1.52e-18	1.07e-15	8.04e-12	6.14e-09	1.22e-06	5.93e-05	1.52e-03	1.36e-02	4.81e-02	1.21e-01	6.26e-01	1.75e-01	1.50e-02
 1.45381e+22	0.00e+00	4.55e-30	2.58e-25	1.00e-21	1.89e-18	1.28e-15	9.71e-12	7.35e-09	1.43e-06	6.80e-05	1.71e-03	1.49e-02	5.10e-02	1.25e-01	6.25e-01	1.69e-01	1.42e-02
 1.47567e+22	0.00e+00	6.93e-30	3.75e-25	1.39e-21	2.51e-18	1.62e-15	1.24e-11	9.25e-09	1.76e-06	8.10e-05	1.97e-03	1.67e-02	5.50e-02	1.29e-01	6.22e-01	1.62e-01	1.31e-02
 1.49797e+22	0.00e+00	1.07e-29	5.51e-25	1.96e-21	3.35e-18	2.06e-15	1.58e-11	1.17e-08	2.18e-06	9.69e-05	2.28e-03	1.87e-02	5.93e-02	1.33e-01	6.19e-01	1.55e-01	1.20e-02
 1.51577e+22	0.00e+00	1.50e-29	7.47e-25	2.55e-21	4.21e-18	2.49e-15	1.92e-11	1.41e-08	2.58e-06	1.11e-04	2.56e-03	2.05e-02	6.30e-02	1.37e-01	6.16e-01	1.49e-01	1.12e-02
 1.53383e+22	0.00e+00	2.10e-29	1.01e-24	3.33e-21	5.28e-18	3.00e-15	2.33e-11	1.69e-08	3.04e-06	1.28e-04	2.88e-03	2.24e-02	6.68e-02	1.40e-01	6.13e-01	1.44e-01	1.05e-02
 1.55732e+22	0.00e+00	3.24e-29	1.49e-24	4.67e-21	7.05e-18	3.81e-15	2.97e-11	2.14e-08	3.75e-06	1.53e-04	3.32e-03	2.50e-02	7.20e-02	1.45e-01	6.08e-01	1.37e-01	9.60e-03
 1.58125e+22	0.00e+00	5.05e-29	2.21e-24	6.60e-21	9.48e-18	4.86e-15	3.81e-11	2.71e-08	4.65e-06	1.83e-04	3.85e-03	2.80e-02	7.76e-02	1.50e-01	6.02e-01	1.30e-01	8.74e-03
 1.60050e+22	0.00e+00	7.18e-29	3.03e-24	8.70e-21	1.20e-17	5.90e-15	4.63e-11	3.27e-08	5.51e-06	2.11e-04	4.32e-03	3.07e-02	8.23e-02	1.53e-01	5.96e-01	1.25e-01	8.11e-03
 1.62029e+22	0.00e+00	1.02e-28	4.14e-24	1.15e-20	1.52e-17	7.16e-15	5.62e-11	3.94e-08	6.52e-06	2.43e-04	4.85e-03	3.35e-02	8.72e-02	1.57e-01	5.90e-01	1.19e-01	7.51e-03
 1.64212e+22	0.00e+00	1.50e-28	5.85e-24	1.55e-20	1.97e-17	8.86e-15	6.95e-11	4.83e-08	7.83e-06	2.83e-04	5.49e-03	3.69e-02	9.28e-02	1.61e-01	5.83e-01	1.14e-01	6.89e-03
 1.66180e+22	0.00e+00	2.12e-28	7.96e-24	2.03e-20	2.47e-17	1.07e-14	8.38e-11	5.78e-08	9.20e-06	3.24e-04	6.13e-03	4.01e-02	9.80e-02	1.64e-01	5.76e-01	1.09e-01	6.38e-03
 1.67962e+22	0.00e+00	2.89e-28	1.05e-23	2.58e-20	3.04e-17	1.27e-14	9.88e-11	6.77e-08	1.06e-05	3.65e-04	6.75e-03	4.32e-02	1.03e-01	1.67e-01	5.70e-01	1.04e-01	5.94e-03
 1.69982e+22	0.00e+00	4.06e-28	1.42e-23	3.37e-20	3.81e-17	1.53e-14	1.19e-10	8.07e-08	1.24e-05	4.16e-04	7.51e-03	4.69e-02	1.08e-01	1.70e-01	5.62e-01	9.96e-02	5.49e-03
 1.72608e+22	0.00e+00	6.25e-28	2.09e-23	4.73e-20	5.10e-17	1.94e-14	1.49e-10	1.01e-07	1.52e-05	4.90e-04	8.57e-03	5.19e-02	1.15e-01	1.74e-01	5.51e-01	9.37e-02	4.96e-03
 1.75246e+22	0.00e+00	9.64e-28	3.07e-23	6.64e-20	6.82e-17	2.47e-14	1.87e-10	1.25e-07	1.85e-05	5.77e-04	9.77e-03	5.73e-02	1.23e-01	1.77e-01	5.40e-01	8.79e-02	4.46e-03
 1.77304e+22	0.00e+00	1.34e-27	4.13e-23	8.62e-20	8.52e-17	2.97e-14	2.22e-10	1.48e-07	2.14e-05	6.53e-04	1.08e-02	6.18e-02	1.29e-01	1.80e-01	5.31e-01	8.36e-02	4.11e-03
 1.79387e+22	0.00e+00	1.85e-27	5.52e-23	1.11e-19	1.06e-16	3.55e-14	2.63e-10	1.73e-07	2.47e-05	7.35e-04	1.19e-02	6.63e-02	1.34e-01	1.82e-01	5.21e-01	7.96e-02	3.79e-03
 1.82093e+22	0.00e+00	2.79e-27	7.96e-23	1.53e-19	1.40e-16	4.46e-14	3.24e-10	2.12e-07	2.96e-05	8.54e-04	1.33e-02	7.25e-02	1.42e-01	1.85e-01	5.09e-01	7.46e-02	3.41e-03
 1.84941e+22	0.00e+00	4.27e-27	1.17e-22	2.15e-19	1.86e-16	5.67e-14	4.03e-10	2.61e-07	3.57e-05	9.96e-04	1.51e-02	7.94e-02	1.50e-01	1.87e-01	4.95e-01	6.95e-02	3.05e-03
 1.87354e+22	0.00e+00	6.08e-27	1.60e-22	2.84e-19	2.37e-16	6.91e-14	4.81e-10	3.10e-07	4.16e-05	1.13e-03	1.66e-02	8.55e-02	1.57e-01	1.89e-01	4.83e-01	6.55e-02	2.78e-03
 1.89871e+22	0.00e+00	8.66e-27	2.20e-22	3.76e-19	3.01e-16	8.44e-14	5.75e-10	3.67e-07	4.85e-05	1.28e-03	1.83e-02	9.19e-02	1.63e-01	1.90e-01	4.71e-01	6.16e-02	2.52e-03
 1.93143e+22	0.00e+00	1.35e-26	3.28e-22	5.35e-19	4.09e-16	1.09e-13	7.19e-10	4.54e-07	5.86e-05	1.49e-03	2.07e-02	1.00e-01	1.72e-01	1.92e-01	4.55e-01	5.69e-02	2.23e-03
 1.96486e+22	0.00e+00	2.12e-26	4.92e-22	7.65e-19	5.56e-16	1.40e-13	8.99e-10	5.62e-07	7.08e-05	1.74e-03	2.33e-02	1.10e-01	1.81e-01	1.93e-01	4.38e-01	5.23e-02	1.96e-03
 1.99061e+22	0.00e+00	2.99e-26	6.70e-22	1.00e-18	7.02e-16	1.71e-13	1.06e-09	6.60e-07	8.17e-05	1.96e-03	2.55e-02	1.17e-01	1.87e-01	1.93e-01	4.24e-01	4.90e-02	1.77e-03
 2.01145e+22	0.00e+00	3.90e-26	8.50e-22	1.24e-18	8.43e-16	1.99e-13	1.21e-09	7.46e-07	9.11e-05	2.14e-03	2.73e-02	1.23e-01	1.92e-01	1.93e-01	4.14e-01	4.65e-02	1.64e-03
 2.03448e+22	7.59e-33	5.16e-26	1.09e-21	1.55e-18	1.02e-15	2.33e-13	1.39e-09	8.50e-07	1.02e-04	2.35e-03	2.93e-02	1.29e-01	1.97e-01	1.93e-01	4.03e-01	4.40e-02	1.50e-03
 2.06442e+22	1.13e-32	7.39e-26	1.51e-21	2.07e-18	1.31e-15	2.87e-13	1.66e-09	1.00e-06	1.18e-04	2.64e-03	3.20e-02	1.38e-01	2.04e-01	1.93e-01	3.89e-01	4.09e-02	1.35e-03
 2.09643e+22	1.71e-32	1.08e-25	2.13e-21	2.80e-18	1.70e-15	3.57e-13	2.00e-09	1.20e-06	1.38e-04	2.99e-03	3.51e-02	1.47e-01	2.11e-01	1.92e-01	3.73e-01	3.77e-02	1.20e-03
 2.12424e+22	2.42e-32	1.49e-25	2.85e-21	3.62e-18	2.13e-15	4.31e-13	2.34e-09	1.38e-06	1.57e-04	3.31e-03	3.79e-02	1.55e-01	2.16e-01	1.91e-01	3.60e-01	3.52e-02	1.08e-03
 2.15353e+22	3.45e-32	2.06e-25	3.82e-21	4.70e-18	2.66e-15	5.20e-13	2.75e-09	1.60e-06	1.79e-04	3.67e-03	4.09e-02	1.63e-01	2.21e-01	1.90e-01	3.47e-01	3.27e-02	9.71e-04
 2.19160e+22	5.40e-32	3.11e-25	5.53e-21	6.53e-18	3.54e-15	6.60e-13	3.35e-09	1.93e-06	2.10e-04	4.18e-03	4.50e-02	1.74e-01	2.28e-01	1.88e-01	3.30e-01	2.98e-02	8.48e-04
 2.23013e+22	8.44e-32	4.69e-25	8.02e-21	9.09e-18	4.71e-15	8.39e-13	4.09e-09	2.32e-06	2.47e-04	4.75e-03	4.94e-02	1.85e-01	2.34e-01	1.86e-01	3.12e-01	2.71e-02	7.37e-04
 2.26066e+22	1.19e-31	6.44e-25	1.07e-20	1.17e-17	5.88e-15	1.01e-12	4.77e-09	2.67e-06	2.79e-04	5.23e-03	5.30e-02	1.94e-01	2.39e-01	1.84e-01	2.99e-01	2.51e-02	6.61e-04
 2.28669e+22	1.57e-31	8.36e-25	1.35e-20	1.45e-17	7.05e-15	1.18e-12	5.42e-09	3.00e-06	3.09e-04	5.66e-03	5.60e-02	2.01e-01	2.42e-01	1.82e-01	2.89e-01	2.35e-02	6.03e-04
 2.31544e+22	2.13e-31	1.11e-24	1.74e-20	1.81e-17	8.57e-15	1.39e-12	6.21e-09	3.40e-06	3.43e-04	6.15e-03	5.95e-02	2.09e-01	2.45e-01	1.79e-01	2.77e-01	2.19e-02	5.46e-04
 2.35282e+22	3.11e-31	1.58e-24	2.40e-20	2.41e-17	1.10e-14	1.71e-12	7.38e-09	3.98e-06	3.93e-04	6.83e-03	6.41e-02	2.20e-01	2.49e-01	1.76e-01	2.63e-01	2.00e-02	4.80e-04
 2.39149e+22	4.59e-31	2.27e-24	3.33e-20	3.23e-17	1.42e-14	2.12e-12	8.80e-09	4.66e-06	4.50e-04	7.59e-03	6.90e-02	2.30e-01	2.53e-01	1.73e-01	2.49e-01	1.82e-02	4.20e-04
 2.42337e+22	6.25e-31	3.03e-24	4.34e-20	4.08e-17	1.74e-14	2.52e-12	1.01e-08	5.29e-06	5.02e-04	8.26e-03	7.32e-02	2.38e-01	2.55e-01	1.69e-01	2.38e-01	1.69e-02	3.77e-04
 2.45637e+22	8.51e-31	4.05e-24	5.64e-20	5.16e-17	2.13e-14	2.99e-12	1.17e-08	6.01e-06	5.59e-04	8.97e-03	7.74e-02	2.47e-01	2.58e-01	1.66e-01	2.27e-01	1.56e-02	3.38e-04
 2.49927e+22	1.25e-30	5.85e-24	7.86e-20	6.94e-17	2.76e-14	3.72e-12	1.40e-08	7.04e-06	6.39e-04	9.94e-03	8.31e-02	2.57e-01	2.60e-01	1.62e-01	2.13e-01	1.41e-02	2.93e-04
 2.54375e+22	1.86e-30	8.51e-24	1.10e-19	9.41e-17	3.59e-14	4.65e-12	1.68e-08	8.29e-06	7.33e-04	1.10e-02	8.91e-02	2.68e-01	2.62e-01	1.57e-01	1.99e-01	1.26e-02	2.53e-04
 2.58070e+22	2.55e-30	1.15e-23	1.45e-19	1.20e-16	4.45e-14	5.57e-12	1.94e-08	9.45e-06	8.18e-04	1.20e-02	9.42e-02	2.77e-01	2.63e-01	1.53e-01	1.89e-01	1.16e-02	2.24e-04
 2.61914e+22	3.50e-30	1.56e-23	1.91e-19	1.54e-16	5.51e-14	6.68e-12	2.25e-08	1.08e-05	9.12e-04	1.30e-02	9.95e-02	2.85e-01	2.63e-01	1.49e-01	1.78e-01	1.06e-02	1.98e-04
 2.66911e+22	5.21e-30	2.29e-23	2.71e-19	2.10e-16	7.22e-14	8.40e-12	2.72e-08	1.27e-05	1.04e-03	1.44e-02	1.06e-01	2.95e-01	2.63e-01	1.44e-01	1.66e-01	9.44e-03	1.70e-04
 2.72085e+22	7.78e-30	3.38e-23	3.86e-19	2.88e-16	9.54e-14	1.06e-11	3.30e-08	1.50e-05	1.20e-03	1.59e-02	1.14e-01	3.06e-01	2.63e-01	1.38e-01	1.54e-01	8.37e-03	1.44e-04
 2.76155e+22	1.05e-29	4.57e-23	5.08e-19	3.68e-16	1.18e-13	1.28e-11	3.82e-08	1.70e-05	1.33e-03	1.72e-02	1.19e-01	3.14e-01	2.62e-01	1.34e-01	1.44e-01	7.62e-03	1.27e-04
 2.80116e+22	1.40e-29	6.05e-23	6.55e-19	4.62e-16	1.44e-13	1.51e-11	4.39e-08	1.92e-05	1.47e-03	1.85e-02	1.25e-01	3.21e-01	2.61e-01	1.30e-01	1.36e-01	6.98e-03	1.13e-04
 2.85264e+22	2.00e-29	8.61e-23	9.03e-19	6.16e-16	1.85e-13	1.87e-11	5.22e-08	2.23e-05	1.66e-03	2.02e-02	1.32e-01	3.29e-01	2.59e-01	1.25e-01	1.26e-01	6.22e-03	9.68e-05
 2.90698e+22	2.90e-29	1.25e-22	1.26e-18	8.34e-16	2.41e-13	2.34e-11	6.27e-08	2.60e-05	1.88e-03	2.22e-02	1.40e-01	3.38e-01	2.57e-01	1.19e-01	1.17e-01	5.51e-03	8.23e-05
 2.95349e+22	3.92e-29	1.70e-22	1.67e-18	1.07e-15	3.00e-13	2.82e-11	7.31e-08	2.96e-05	2.09e-03	2.39e-02	1.46e-01	3.45e-01	2.54e-01	1.15e-01	1.09e-01	4.98e-03	7.18e-05
 3.00241e+22	5.33e-29	2.32e-22	2.22e-18	1.38e-15	3.74e-13	3.41e-11	8.52e-08	3.38e-05	2.32e-03	2.58e-02	1.53e-01	3.51e-01	2.51e-01	1.10e-01	1.02e-01	4.48e-03	6.25e-05
 3.06601e+22	7.82e-29	3.43e-22	3.17e-18	1.90e-15	4.95e-13	4.32e-11	1.03e-07	3.98e-05	2.64e-03	2.83e-02	1.62e-01	3.59e-01	2.47e-01	1.04e-01	9.27e-02	3.92e-03	5.23e-05
 3.13268e+22	1.15e-28	5.15e-22	4.59e-18	2.64e-15	6.62e-13	5.54e-11	1.27e-07	4.71e-05	3.03e-03	3.11e-02	1.71e-01	3.66e-01	2.43e-01	9.83e-02	8.41e-02	3.40e-03	4.34e-05
 3.18938e+22	1.58e-28	7.20e-22	6.22e-18	3.48e-15	8.41e-13	6.79e-11	1.50e-07	5.42e-05	3.38e-03	3.36e-02	1.79e-01	3.72e-01	2.38e-01	9.34e-02	7.75e-02	3.02e-03	3.71e-05
 3.23957e+22	2.08e-28	9.62e-22	8.09e-18	4.40e-15	1.03e-12	8.10e-11	1.73e-07	6.11e-05	3.71e-03	3.59e-02	1.86e-01	3.76e-01	2.34e-01	8.94e-02	7.22e-02	2.72e-03	3.24e-05
 3.29523e+22	2.79e-28	1.31e-21	1.07e-17	5.67e-15	1.29e-12	9.79e-11	2.02e-07	6.95e-05	4.10e-03	3.85e-02	1.93e-01	3.80e-01	2.30e-01	8.50e-02	6.67e-02	2.43e-03	2.79e-05
 3.36758e+22	3.98e-28	1.93e-21	1.52e-17	7.75e-15	1.70e-12	1.24e-10	2.44e-07	8.14e-05	4.64e-03	4.19e-02	2.02e-01	3.85e-01	2.24e-01	7.98e-02	6.05e-02	2.11e-03	2.33e-05
 3.44338e+22	5.77e-28	2.90e-21	2.21e-17	1.08e-14	2.27e-12	1.59e-10	2.99e-07	9.61e-05	5.28e-03	4.57e-02	2.12e-01	3.89e-01	2.17e-01	7.44e-02	5.43e-02	1.81e-03	1.91e-05
 3.50659e+22	7.74e-28	4.02e-21	2.97e-17	1.41e-14	2.87e-12	1.94e-10	3.52e-07	1.10e-04	5.85e-03	4.90e-02	2.20e-01	3.92e-01	2.12e-01	7.03e-02	4.97e-02	1.59e-03	1.62e-05
 3.56223e+22	9.94e-28	5.32e-21	3.84e-17	1.78e-14	3.51e-12	2.30e-10	4.04e-07	1.23e-04	6.39e-03	5.20e-02	2.27e-01	3.94e-01	2.07e-01	6.68e-02	4.60e-02	1.43e-03	1.41e-05
 3.62509e+22	1.31e-27	7.24e-21	5.08e-17	2.29e-14	4.37e-12	2.78e-10	4.71e-07	1.40e-04	7.03e-03	5.54e-02	2.34e-01	3.95e-01	2.01e-01	6.31e-02	4.23e-02	1.27e-03	1.21e-05
 3.70682e+22	1.84e-27	1.06e-20	7.20e-17	3.13e-14	5.75e-12	3.51e-10	5.70e-07	1.63e-04	7.91e-03	5.99e-02	2.44e-01	3.97e-01	1.94e-01	5.86e-02	3.79e-02	1.09e-03	9.92e-06
 3.79102e+22	2.59e-27	1.58e-20	1.03e-16	4.32e-14	7.64e-12	4.47e-10	6.94e-07	1.91e-04	8.92e-03	6.49e-02	2.53e-01	3.97e-01	1.87e-01	5.42e-02	3.38e-02	9.29e-04	8.09e-06
 3.85944e+22	3.38e-27	2.17e-20	1.38e-16	5.59e-14	9.57e-12	5.42e-10	8.10e-07	2.17e-04	9.81e-03	6.90e-02	2.61e-01	3.97e-01	1.81e-01	5.09e-02	3.08e-02	8.17e-04	6.86e-06
 3.92942e+22	4.39e-27	2.94e-20	1.82e-16	7.17e-14	1.19e-11	6.53e-10	9.43e-07	2.45e-04	1.08e-02	7.32e-02	2.68e-01	3.97e-01	1.75e-01	4.78e-02	2.82e-02	7.20e-04	5.85e-06
 4.02040e+22	6.08e-27	4.31e-20	2.57e-16	9.79e-14	1.56e-11	8.25e-10	1.14e-06	2.86e-04	1.20e-02	7.87e-02	2.77e-01	3.95e-01	1.67e-01	4.41e-02	2.51e-02	6.14e-04	4.78e-06
 4.11575e+22	8.52e-27	6.48e-20	3.73e-16	1.37e-13	2.10e-11	1.06e-09	1.39e-06	3.36e-04	1.36e-02	8.49e-02	2.86e-01	3.93e-01	1.59e-01	4.03e-02	2.21e-02	5.16e-04	3.82e-06
 4.19501e+22	1.11e-26	8.97e-20	5.01e-16	1.79e-13	2.65e-11	1.29e-09	1.64e-06	3.82e-04	1.49e-02	9.01e-02	2.93e-01	3.91e-01	1.53e-01	3.75e-02	2.00e-02	4.48e-04	3.20e-06
 4.27624e+22	1.45e-26	1.24e-19	6.71e-16	2.32e-13	3.33e-11	1.57e-09	1.92e-06	4.34e-04	1.64e-02	9.54e-02	3.00e-01	3.88e-01	1.47e-01	3.48e-02	1.80e-02	3.90e-04	2.68e-06
 4.38184e+22	2.01e-26	1.84e-19	9.67e-16	3.22e-13	4.44e-11	2.01e-09	2.34e-06	5.08e-04	1.84e-02	1.02e-01	3.08e-01	3.83e-01	1.39e-01	3.17e-02	1.58e-02	3.27e-04	2.14e-06
 4.49234e+22	2.80e-26	2.81e-19	1.42e-15	4.55e-13	6.01e-11	2.61e-09	2.88e-06	6.00e-04	2.07e-02	1.10e-01	3.17e-01	3.78e-01	1.31e-01	2.87e-02	1.38e-02	2.70e-04	1.69e-06
 4.57807e+22	3.59e-26	3.87e-19	1.90e-15	5.91e-13	7.55e-11	3.17e-09	3.37e-06	6.80e-04	2.26e-02	1.16e-01	3.23e-01	3.74e-01	1.25e-01	2.65e-02	1.24e-02	2.34e-04	1.40e-06
 4.64586e+22	4.35e-26	4.94e-19	2.37e-15	7.23e-13	9.00e-11	3.68e-09	3.81e-06	7.48e-04	2.43e-02	1.21e-01	3.27e-01	3.70e-01	1.21e-01	2.50e-02	1.14e-02	2.09e-04	1.22e-06
 4.72148e+22	5.34e-26	6.43e-19	3.02e-15	8.98e-13	1.09e-10	4.34e-09	4.34e-06	8.29e-04	2.61e-02	1.26e-01	3.32e-01	3.65e-01	1.16e-01	2.33e-02	1.04e-02	1.85e-04	1.04e-06
 4.81980e+22	6.93e-26	8.95e-19	4.09e-15	1.18e-12	1.38e-10	5.32e-09	5.12e-06	9.44e-04	2.86e-02	1.33e-01	3.37e-01	3.59e-01	1.10e-01	2.14e-02	9.25e-03	1.58e-04	8.58e-07
 4.92694e+22	9.12e-26	1.28e-18	5.69e-15	1.59e-12	1.80e-10	6.66e-09	6.12e-06	1.09e-03	3.16e-02	1.41e-01	3.43e-01	3.53e-01	1.03e-01	1.95e-02	8.14e-03	1.33e-04	6.92e-07
 5.02254e+22	1.15e-25	1.76e-18	7.59e-15	2.06e-12	2.26e-10	8.10e-09	7.16e-06	1.23e-03	3.44e-02	1.48e-01	3.47e-01	3.46e-01	9.80e-02	1.79e-02	7.26e-03	1.14e-04	5.71e-07
 5.11051e+22	1.42e-25	2.33e-18	9.81e-15	2.60e-12	2.77e-10	9.65e-09	8.24e-06	1.37e-03	3.71e-02	1.54e-01	3.51e-01	3.40e-01	9.33e-02	1.66e-02	6.55e-03	9.94e-05	4.81e-07
 5.21159e+22	1.79e-25	3.16e-18	1.30e-14	3.35e-12	3.46e-10	1.17e-08	9.60e-06	1.54e-03	4.03e-02	1.61e-01	3.55e-01	3.33e-01	8.82e-02	1.52e-02	5.85e-03	8.55e-05	3.98e-07
 5.34300e+22	2.40e-25	4.67e-18	1.86e-14	4.64e-12	4.61e-10	1.49e-08	1.17e-05	1.80e-03	4.47e-02	1.71e-01	3.59e-01	3.24e-01	8.20e-02	1.36e-02	5.04e-03	7.01e-05	3.11e-07
 5.47764e+22	3.23e-25	7.00e-18	2.70e-14	6.50e-12	6.21e-10	1.93e-08	1.43e-05	2.10e-03	4.97e-02	1.80e-01	3.62e-01	3.14e-01	7.58e-02	1.21e-02	4.31e-03	5.69e-05	2.40e-07
 5.58598e+22	3.99e-25	9.56e-18	3.60e-14	8.45e-12	7.82e-10	2.36e-08	1.68e-05	2.38e-03	5.39e-02	1.88e-01	3.64e-01	3.06e-01	7.12e-02	1.10e-02	3.81e-03	4.83e-05	1.96e-07
 5.69635e+22	4.97e-25	1.29e-17	4.75e-14	1.09e-11	9.78e-10	2.86e-08	1.96e-05	2.68e-03	5.84e-02	1.96e-01	3.65e-01	2.97e-01	6.69e-02	1.00e-02	3.37e-03	4.12e-05	1.60e-07
 5.83983e+22	6.50e-25	1.88e-17	6.73e-14	1.50e-11	1.30e-09	3.64e-08	2.37e-05	3.11e-03	6.43e-02	2.06e-01	3.67e-01	2.87e-01	6.16e-02	8.88e-03	2.89e-03	3.36e-05	1.25e-07
 5.99223e+22	8.53e-25	2.82e-17	9.79e-14	2.11e-11	1.75e-09	4.74e-08	2.92e-05	3.64e-03	7.14e-02	2.16e-01	3.67e-01	2.75e-01	5.63e-02	7.79e-03	2.44e-03	2.69e-05	0.00e+00
 6.12193e+22	1.06e-24	3.95e-17	1.34e-13	2.81e-11	2.27e-09	5.92e-08	3.48e-05	4.16e-03	7.78e-02	2.25e-01	3.67e-01	2.65e-01	5.21e-02	6.96e-03	2.11e-03	2.22e-05	0.00e+00
 6.25623e+22	1.31e-24	5.43e-17	1.80e-13	3.68e-11	2.88e-09	7.29e-08	4.11e-05	4.72e-03	8.43e-02	2.33e-01	3.66e-01	2.56e-01	4.83e-02	6.24e-03	1.84e-03	1.85e-05	0.00e+00
 6.43082e+22	1.71e-24	8.11e-17	2.62e-13	5.20e-11	3.92e-09	9.53e-08	5.08e-05	5.55e-03	9.33e-02	2.44e-01	3.63e-01	2.43e-01	4.36e-02	5.42e-03	1.53e-03	1.46e-05	0.00e+00
 6.61126e+22	2.24e-24	1.23e-16	3.87e-13	7.47e-11	5.41e-09	1.26e-07	6.35e-05	6.56e-03	1.03e-01	2.55e-01	3.60e-01	2.30e-01	3.91e-02	4.65e-03	1.26e-03	1.14e-05	0.00e+00
 6.75050e+22	2.68e-24	1.69e-16	5.22e-13	9.87e-11	6.95e-09	1.57e-07	7.55e-05	7.47e-03	1.12e-01	2.64e-01	3.56e-01	2.20e-01	3.59e-02	4.13e-03	1.08e-03	9.32e-06	0.00e+00
 6.86296e+22	3.07e-24	2.14e-16	6.50e-13	1.21e-10	8.33e-09	1.84e-07	8.55e-05	8.20e-03	1.19e-01	2.70e-01	3.53e-01	2.12e-01	3.36e-02	3.77e-03	9.69e-04	8.06e-06	0.00e+00
 6.98946e+22	3.60e-24	2.77e-16	8.29e-13	1.52e-10	1.02e-08	2.21e-07	9.85e-05	9.12e-03	1.26e-01	2.76e-01	3.49e-01	2.04e-01	3.12e-02	3.40e-03	8.52e-04	6.83e-06	0.00e+00
 7.15391e+22	4.35e-24	3.80e-16	1.12e-12	2.01e-10	1.31e-08	2.76e-07	1.17e-04	1.04e-02	1.36e-01	2.84e-01	3.44e-01	1.93e-01	2.83e-02	2.99e-03	7.24e-04	5.54e-06	0.00e+00
 7.33731e+22	5.31e-24	5.40e-16	1.57e-12	2.75e-10	1.74e-08	3.54e-07	1.43e-04	1.20e-02	1.49e-01	2.92e-01	3.37e-01	1.81e-01	2.53e-02	2.58e-03	6.02e-04	4.37e-06	0.00e+00
 7.50236e+22	6.30e-24	7.36e-16	2.11e-12	3.63e-10	2.25e-08	4.44e-07	1.70e-04	1.37e-02	1.60e-01	3.00e-01	3.30e-01	1.71e-01	2.29e-02	2.25e-03	5.09e-04	3.52e-06	0.00e+00
 7.64731e+22	7.25e-24	9.53e-16	2.70e-12	4.59e-10	2.77e-08	5.36e-07	1.97e-04	1.53e-02	1.70e-01	3.05e-01	3.23e-01	1.62e-01	2.09e-02	2.00e-03	4.40e-04	2.93e-06	0.00e+00
 7.80915e+22	8.37e-24	1.24e-15	3.47e-12	5.82e-10	3.44e-08	6.49e-07	2.29e-04	1.71e-02	1.81e-01	3.11e-01	3.16e-01	1.53e-01	1.91e-02	1.77e-03	3.79e-04	2.42e-06	0.00e+00
 8.01953e+22	9.98e-24	1.72e-15	4.77e-12	7.87e-10	4.52e-08	8.30e-07	2.78e-04	1.96e-02	1.95e-01	3.17e-01	3.07e-01	1.42e-01	1.69e-02	1.51e-03	3.12e-04	1.89e-06	0.00e+00
 8.24134e+22	1.19e-23	2.44e-15	6.68e-12	1.08e-09	6.06e-08	1.08e-06	3.40e-04	2.27e-02	2.12e-01	3.23e-01	2.96e-01	1.31e-01	1.47e-02	1.27e-03	2.52e-04	1.44e-06	0.00e+00
 8.42724e+22	1.37e-23	3.23e-15	8.78e-12	1.41e-09	7.69e-08	1.34e-06	4.02e-04	2.56e-02	2.25e-01	3.27e-01	2.86e-01	1.22e-01	1.31e-02	1.09e-03	2.11e-04	1.15e-06	0.00e+00
 8.61817e+22	1.56e-23	4.17e-15	1.13e-11	1.79e-09	9.56e-08	1.63e-06	4.68e-04	2.86e-02	2.38e-01	3.30e-01	2.76e-01	1.14e-01	1.18e-02	9.51e-04	1.78e-04	9.35e-07	0.00e+00
 8.86638e+22	1.83e-23	5.72e-15	1.53e-11	2.41e-09	1.25e-07	2.08e-06	5.67e-04	3.27e-02	2.55e-01	3.32e-01	2.64e-01	1.04e-01	1.02e-02	7.95e-04	1.44e-04	7.15e-07	0.00e+00
 9.12944e+22	2.16e-23	7.98e-15	2.13e-11	3.30e-09	1.68e-07	2.70e-06	6.93e-04	3.78e-02	2.74e-01	3.34e-01	2.50e-01	9.37e-02	8.74e-03	6.53e-04	1.14e-04	5.33e-07	0.00e+00
 9.35234e+22	2.46e-23	1.05e-14	2.79e-11	4.28e-09	2.13e-07	3.36e-06	8.19e-04	4.24e-02	2.89e-01	3.35e-01	2.39e-01	8.57e-02	7.64e-03	5.52e-04	9.31e-05	4.16e-07	0.00e+00
 9.58264e+22	2.78e-23	1.34e-14	3.55e-11	5.41e-09	2.64e-07	4.08e-06	9.51e-04	4.71e-02	3.04e-01	3.34e-01	2.28e-01	7.87e-02	6.74e-03	4.72e-04	7.75e-05	3.31e-07	0.00e+00
 9.88203e+22	3.22e-23	1.80e-14	4.78e-11	7.23e-09	3.45e-07	5.22e-06	1.15e-03	5.36e-02	3.22e-01	3.33e-01	2.14e-01	7.05e-02	5.73e-03	3.86e-04	6.12e-05	2.48e-07	0.00e+00
 1.02045e+23	3.77e-23	2.49e-14	6.60e-11	9.89e-09	4.60e-07	6.79e-06	1.40e-03	6.14e-02	3.41e-01	3.30e-01	1.99e-01	6.21e-02	4.78e-03	3.09e-04	4.71e-05	1.79e-07	0.00e+00
 1.04854e+23	4.30e-23	3.25e-14	8.62e-11	1.28e-08	5.85e-07	8.46e-06	1.65e-03	6.87e-02	3.57e-01	3.26e-01	1.87e-01	5.56e-02	4.08e-03	2.55e-04	3.76e-05	1.36e-07	0.00e+00
 1.07159e+23	4.77e-23	4.01e-14	1.06e-10	1.58e-08	7.06e-07	1.01e-05	1.88e-03	7.48e-02	3.70e-01	3.22e-01	1.77e-01	5.08e-02	3.59e-03	2.18e-04	3.14e-05	0.00e+00	0.00e+00
 1.09525e+23	5.23e-23	4.83e-14	1.28e-10	1.89e-08	8.38e-07	1.18e-05	2.12e-03	8.09e-02	3.81e-01	3.18e-01	1.68e-01	4.67e-02	3.18e-03	1.89e-04	2.65e-05	0.00e+00	0.00e+00
 1.12602e+23	5.88e-23	6.07e-14	1.62e-10	2.38e-08	1.03e-06	1.43e-05	2.45e-03	8.90e-02	3.94e-01	3.13e-01	1.57e-01	4.19e-02	2.74e-03	1.57e-04	2.15e-05	0.00e+00	0.00e+00
 1.16012e+23	6.68e-23	7.82e-14	2.09e-10	3.06e-08	1.30e-06	1.77e-05	2.87e-03	9.86e-02	4.08e-01	3.06e-01	1.45e-01	3.69e-02	2.30e-03	1.28e-04	1.69e-05	0.00e+00	0.00e+00
 1.19122e+23	7.49e-23	9.79e-14	2.63e-10	3.82e-08	1.60e-06	2.14e-05	3.30e-03	1.08e-01	4.21e-01	2.99e-01	1.35e-01	3.29e-02	1.96e-03	1.06e-04	1.36e-05	0.00e+00	0.00e+00
 1.21913e+23	8.23e-23	1.18e-13	3.16e-10	4.59e-08	1.90e-06	2.49e-05	3.70e-03	1.16e-01	4.30e-01	2.92e-01	1.27e-01	2.98e-02	1.72e-03	9.04e-05	1.13e-05	0.00e+00	0.00e+00
 1.25020e+23	9.04e-23	1.41e-13	3.82e-10	5.52e-08	2.25e-06	2.92e-05	4.17e-03	1.25e-01	4.39e-01	2.85e-01	1.18e-01	2.69e-02	1.49e-03	7.66e-05	9.39e-06	0.00e+00	0.00e+00
 1.29060e+23	1.01e-22	1.76e-13	4.78e-10	6.90e-08	2.77e-06	3.53e-05	4.79e-03	1.36e-01	4.49e-01	2.76e-01	1.09e-01	2.37e-02	1.26e-03	6.25e-05	7.45e-06	0.00e+00	0.00e+00
 1.33496e+23	1.15e-22	2.26e-13	6.16e-10	8.84e-08	3.47e-06	4.36e-05	5.58e-03	1.49e-01	4.59e-01	2.66e-01	9.85e-02	2.04e-02	1.03e-03	4.97e-05	5.73e-06	0.00e+00	0.00e+00
 1.37429e+23	1.29e-22	2.79e-13	7.66e-10	1.09e-07	4.23e-06	5.23e-05	6.37e-03	1.62e-01	4.67e-01	2.56e-01	9.01e-02	1.79e-02	8.66e-04	4.05e-05	4.53e-06	0.00e+00	0.00e+00
 1.40925e+23	1.41e-22	3.31e-13	9.11e-10	1.30e-07	4.95e-06	6.04e-05	7.07e-03	1.72e-01	4.73e-01	2.48e-01	8.38e-02	1.60e-02	7.50e-04	3.43e-05	3.75e-06	0.00e+00	0.00e+00
