#depth	N	N+	N+2	N+3	N+4	N+5	N+6	N+7
 6.17135e+19	0.00e+00	5.18e-33	1.65e-25	5.03e-19	3.10e-13	6.13e-08	3.47e-04	1.00e+00
 1.87609e+20	0.00e+00	8.90e-33	2.55e-25	7.00e-19	3.90e-13	7.21e-08	3.81e-04	1.00e+00
 3.18540e+20	0.00e+00	1.54e-32	3.95e-25	9.76e-19	4.91e-13	8.48e-08	4.19e-04	1.00e+00
 4.54709e+20	0.00e+00	2.67e-32	6.15e-25	1.36e-18	6.17e-13	9.97e-08	4.61e-04	1.00e+00
 5.48445e+20	0.00e+00	3.87e-32	8.27e-25	1.70e-18	7.17e-13	1.11e-07	4.92e-04	1.00e+00
 5.86617e+20	0.00e+00	4.51e-32	9.35e-25	1.86e-18	7.61e-13	1.16e-07	5.06e-04	9.99e-01
 6.18485e+20	0.00e+00	5.08e-32	1.03e-24	2.00e-18	8.00e-13	1.20e-07	5.16e-04	9.99e-01
 6.59914e+20	0.00e+00	5.95e-32	1.17e-24	2.20e-18	8.53e-13	1.26e-07	5.31e-04	9.99e-01
 7.13772e+20	0.00e+00	7.30e-32	1.37e-24	2.48e-18	9.25e-13	1.34e-07	5.50e-04	9.99e-01
 7.83787e+20	0.00e+00	9.49e-32	1.69e-24	2.90e-18	1.03e-12	1.44e-07	5.76e-04	9.99e-01
 8.56046e+20	0.00e+00	1.24e-31	2.09e-24	3.39e-18	1.14e-12	1.56e-07	6.04e-04	9.99e-01
 9.11661e+20	0.00e+00	1.52e-31	2.46e-24	3.82e-18	1.23e-12	1.65e-07	6.26e-04	9.99e-01
 9.56484e+20	0.00e+00	1.79e-31	2.79e-24	4.20e-18	1.31e-12	1.73e-07	6.44e-04	9.99e-01
 1.00684e+21	0.00e+00	2.14e-31	3.22e-24	4.66e-18	1.40e-12	1.82e-07	6.65e-04	9.99e-01
 1.07231e+21	0.00e+00	2.70e-31	3.86e-24	5.33e-18	1.53e-12	1.94e-07	6.94e-04	9.99e-01
 1.14079e+21	0.00e+00	3.43e-31	4.67e-24	6.12e-18	1.67e-12	2.07e-07	7.24e-04	9.99e-01
 1.19836e+21	0.00e+00	4.18e-31	5.46e-24	6.86e-18	1.80e-12	2.19e-07	7.51e-04	9.99e-01
 1.25836e+21	0.00e+00	5.12e-31	6.40e-24	7.71e-18	1.94e-12	2.32e-07	7.78e-04	9.99e-01
 1.32481e+21	0.00e+00	6.43e-31	7.65e-24	8.77e-18	2.11e-12	2.47e-07	8.11e-04	9.99e-01
 1.38446e+21	0.00e+00	7.85e-31	8.94e-24	9.82e-18	2.26e-12	2.61e-07	8.41e-04	9.99e-01
 1.43812e+21	0.00e+00	9.39e-31	1.03e-23	1.09e-17	2.41e-12	2.74e-07	8.69e-04	9.99e-01
 1.49920e+21	0.00e+00	1.15e-30	1.20e-23	1.22e-17	2.59e-12	2.90e-07	9.01e-04	9.99e-01
 1.57861e+21	0.00e+00	1.48e-30	1.47e-23	1.40e-17	2.83e-12	3.11e-07	9.44e-04	9.99e-01
 1.65780e+21	0.00e+00	1.92e-30	1.79e-23	1.62e-17	3.09e-12	3.33e-07	9.90e-04	9.99e-01
 1.71630e+21	0.00e+00	2.30e-30	2.06e-23	1.79e-17	3.29e-12	3.50e-07	1.02e-03	9.99e-01
 1.77197e+21	0.00e+00	2.73e-30	2.36e-23	1.97e-17	3.49e-12	3.67e-07	1.06e-03	9.99e-01
 1.84434e+21	0.00e+00	3.41e-30	2.81e-23	2.23e-17	3.76e-12	3.90e-07	1.10e-03	9.99e-01
 1.92040e+21	0.00e+00	4.30e-30	3.36e-23	2.54e-17	4.07e-12	4.16e-07	1.15e-03	9.99e-01
 1.98481e+21	0.00e+00	5.23e-30	3.91e-23	2.82e-17	4.33e-12	4.38e-07	1.19e-03	9.99e-01
 2.05207e+21	0.00e+00	6.38e-30	4.56e-23	3.15e-17	4.63e-12	4.63e-07	1.24e-03	9.99e-01
 2.12525e+21	0.00e+00	7.92e-30	5.39e-23	3.54e-17	4.96e-12	4.91e-07	1.29e-03	9.99e-01
 2.19067e+21	0.00e+00	9.59e-30	6.24e-23	3.93e-17	5.28e-12	5.17e-07	1.33e-03	9.99e-01
 2.25103e+21	0.00e+00	1.14e-29	7.14e-23	4.32e-17	5.58e-12	5.42e-07	1.38e-03	9.99e-01
 2.32025e+21	0.00e+00	1.39e-29	8.31e-23	4.80e-17	5.95e-12	5.72e-07	1.43e-03	9.99e-01
 2.39767e+21	0.00e+00	1.73e-29	9.83e-23	5.41e-17	6.37e-12	6.07e-07	1.49e-03	9.99e-01
 2.46989e+21	0.00e+00	2.11e-29	1.15e-22	6.03e-17	6.79e-12	6.41e-07	1.54e-03	9.98e-01
 2.53712e+21	0.00e+00	2.54e-29	1.32e-22	6.66e-17	7.20e-12	6.74e-07	1.60e-03	9.98e-01
 2.61371e+21	0.00e+00	3.13e-29	1.55e-22	7.45e-17	7.69e-12	7.14e-07	1.66e-03	9.98e-01
 2.69671e+21	0.00e+00	3.92e-29	1.85e-22	8.41e-17	8.26e-12	7.59e-07	1.73e-03	9.98e-01
 2.77083e+21	0.00e+00	4.77e-29	2.15e-22	9.36e-17	8.79e-12	8.02e-07	1.80e-03	9.98e-01
 2.83815e+21	0.00e+00	5.69e-29	2.46e-22	1.03e-16	9.29e-12	8.42e-07	1.86e-03	9.98e-01
 2.91384e+21	0.00e+00	6.93e-29	2.87e-22	1.15e-16	9.89e-12	8.90e-07	1.93e-03	9.98e-01
 2.99880e+21	0.00e+00	8.61e-29	3.39e-22	1.29e-16	1.06e-11	9.46e-07	2.01e-03	9.98e-01
 3.07861e+21	0.00e+00	1.05e-28	3.96e-22	1.44e-16	1.13e-11	1.00e-06	2.08e-03	9.98e-01
 3.15335e+21	0.00e+00	1.27e-28	4.58e-22	1.59e-16	1.20e-11	1.06e-06	2.15e-03	9.98e-01
 3.23867e+21	0.00e+00	1.57e-28	5.39e-22	1.79e-16	1.29e-11	1.12e-06	2.24e-03	9.98e-01
 3.33033e+21	0.00e+00	1.96e-28	6.40e-22	2.02e-16	1.39e-11	1.20e-06	2.33e-03	9.98e-01
 3.41092e+21	0.00e+00	2.38e-28	7.44e-22	2.25e-16	1.48e-11	1.26e-06	2.42e-03	9.98e-01
 3.49639e+21	0.00e+00	2.91e-28	8.71e-22	2.52e-16	1.58e-11	1.34e-06	2.51e-03	9.97e-01
 3.59244e+21	0.00e+00	3.64e-28	1.04e-21	2.85e-16	1.71e-11	1.43e-06	2.61e-03	9.97e-01
 3.68301e+21	0.00e+00	4.48e-28	1.22e-21	3.21e-16	1.83e-11	1.52e-06	2.71e-03	9.97e-01
 3.76829e+21	0.00e+00	5.44e-28	1.42e-21	3.57e-16	1.96e-11	1.61e-06	2.81e-03	9.97e-01
 3.86596e+21	0.00e+00	6.76e-28	1.68e-21	4.04e-16	2.11e-11	1.72e-06	2.92e-03	9.97e-01
 3.97521e+21	0.00e+00	8.60e-28	2.03e-21	4.64e-16	2.30e-11	1.85e-06	3.05e-03	9.97e-01
 4.07272e+21	0.00e+00	1.06e-27	2.40e-21	5.24e-16	2.48e-11	1.97e-06	3.16e-03	9.97e-01
 4.15713e+21	0.00e+00	1.27e-27	2.77e-21	5.81e-16	2.65e-11	2.08e-06	3.26e-03	9.97e-01
 4.25136e+21	0.00e+00	1.54e-27	3.23e-21	6.50e-16	2.85e-11	2.21e-06	3.38e-03	9.97e-01
 4.37385e+21	0.00e+00	2.00e-27	3.96e-21	7.55e-16	3.14e-11	2.39e-06	3.53e-03	9.96e-01
 4.49794e+21	0.00e+00	2.58e-27	4.84e-21	8.75e-16	3.45e-11	2.58e-06	3.69e-03	9.96e-01
 4.59860e+21	0.00e+00	3.16e-27	5.69e-21	9.85e-16	3.72e-11	2.74e-06	3.83e-03	9.96e-01
 4.70395e+21	0.00e+00	3.89e-27	6.71e-21	1.11e-15	4.03e-11	2.92e-06	3.97e-03	9.96e-01
 4.84090e+21	0.00e+00	5.07e-27	8.29e-21	1.30e-15	4.47e-11	3.17e-06	4.15e-03	9.96e-01
 4.98144e+21	0.00e+00	6.64e-27	1.03e-20	1.53e-15	4.97e-11	3.45e-06	4.35e-03	9.96e-01
 5.09156e+21	0.00e+00	8.18e-27	1.21e-20	1.73e-15	5.40e-11	3.68e-06	4.50e-03	9.95e-01
 5.19960e+21	0.00e+00	9.99e-27	1.43e-20	1.95e-15	5.84e-11	3.92e-06	4.66e-03	9.95e-01
 5.34005e+21	0.00e+00	1.29e-26	1.75e-20	2.28e-15	6.48e-11	4.24e-06	4.86e-03	9.95e-01
 5.48575e+21	0.00e+00	1.68e-26	2.16e-20	2.67e-15	7.21e-11	4.60e-06	5.08e-03	9.95e-01
 5.60729e+21	0.00e+00	2.08e-26	2.57e-20	3.04e-15	7.87e-11	4.92e-06	5.27e-03	9.95e-01
 5.73428e+21	0.00e+00	2.58e-26	3.06e-20	3.47e-15	8.61e-11	5.27e-06	5.47e-03	9.95e-01
 5.89938e+21	0.00e+00	3.44e-26	3.85e-20	4.14e-15	9.69e-11	5.76e-06	5.73e-03	9.94e-01
 6.06612e+21	0.00e+00	4.57e-26	4.84e-20	4.92e-15	1.09e-10	6.30e-06	6.01e-03	9.94e-01
 6.19997e+21	1.47e-33	5.71e-26	5.79e-20	5.64e-15	1.20e-10	6.75e-06	6.23e-03	9.94e-01
 6.31936e+21	1.86e-33	6.94e-26	6.79e-20	6.36e-15	1.30e-10	7.18e-06	6.44e-03	9.94e-01
 6.45496e+21	2.41e-33	8.64e-26	8.11e-20	7.28e-15	1.43e-10	7.69e-06	6.67e-03	9.93e-01
 6.63124e+21	3.37e-33	1.14e-25	1.02e-19	8.66e-15	1.61e-10	8.40e-06	6.99e-03	9.93e-01
 6.81044e+21	4.71e-33	1.52e-25	1.28e-19	1.03e-14	1.81e-10	9.18e-06	7.32e-03	9.93e-01
 6.95465e+21	6.14e-33	1.90e-25	1.53e-19	1.19e-14	2.00e-10	9.85e-06	7.59e-03	9.92e-01
 7.10330e+21	8.04e-33	2.38e-25	1.84e-19	1.37e-14	2.20e-10	1.06e-05	7.87e-03	9.92e-01
 7.29655e+21	1.13e-32	3.18e-25	2.33e-19	1.64e-14	2.50e-10	1.16e-05	8.25e-03	9.92e-01
 7.49616e+21	1.62e-32	4.28e-25	2.97e-19	1.97e-14	2.84e-10	1.27e-05	8.66e-03	9.91e-01
 7.65943e+21	2.15e-32	5.43e-25	3.61e-19	2.29e-14	3.16e-10	1.37e-05	8.99e-03	9.91e-01
 7.82709e+21	2.86e-32	6.92e-25	4.40e-19	2.66e-14	3.51e-10	1.48e-05	9.35e-03	9.91e-01
 8.00385e+21	3.86e-32	8.91e-25	5.40e-19	3.12e-14	3.93e-10	1.60e-05	9.73e-03	9.90e-01
 8.15435e+21	4.97e-32	1.10e-24	6.43e-19	3.57e-14	4.31e-10	1.71e-05	1.01e-02	9.90e-01
 8.31187e+21	6.44e-32	1.37e-24	7.69e-19	4.10e-14	4.75e-10	1.83e-05	1.04e-02	9.90e-01
 8.51665e+21	9.00e-32	1.82e-24	9.68e-19	4.90e-14	5.39e-10	2.00e-05	1.09e-02	9.89e-01
 8.72227e+21	1.26e-31	2.41e-24	1.22e-18	5.86e-14	6.11e-10	2.18e-05	1.14e-02	9.89e-01
 8.88327e+21	1.63e-31	3.00e-24	1.46e-18	6.73e-14	6.73e-10	2.34e-05	1.18e-02	9.88e-01
 9.01695e+21	2.01e-31	3.59e-24	1.69e-18	7.54e-14	7.30e-10	2.47e-05	1.21e-02	9.88e-01
 9.16080e+21	2.53e-31	4.36e-24	1.98e-18	8.52e-14	7.95e-10	2.63e-05	1.25e-02	9.87e-01
 9.34782e+21	3.38e-31	5.57e-24	2.41e-18	9.95e-14	8.88e-10	2.83e-05	1.30e-02	9.87e-01
 9.53842e+21	4.54e-31	7.15e-24	2.97e-18	1.17e-13	9.93e-10	3.06e-05	1.35e-02	9.86e-01
 9.69098e+21	5.75e-31	8.73e-24	3.49e-18	1.32e-13	1.09e-09	3.26e-05	1.39e-02	9.86e-01
 9.84662e+21	7.28e-31	1.07e-23	4.11e-18	1.50e-13	1.19e-09	3.46e-05	1.44e-02	9.86e-01
 1.00122e+22	9.37e-31	1.32e-23	4.90e-18	1.72e-13	1.31e-09	3.70e-05	1.49e-02	9.85e-01
 1.01545e+22	1.16e-30	1.59e-23	5.69e-18	1.94e-13	1.42e-09	3.92e-05	1.53e-02	9.85e-01
 1.02838e+22	1.41e-30	1.86e-23	6.50e-18	2.15e-13	1.53e-09	4.12e-05	1.57e-02	9.84e-01
 1.04325e+22	1.76e-30	2.25e-23	7.59e-18	2.42e-13	1.67e-09	4.36e-05	1.61e-02	9.84e-01
 1.05996e+22	2.26e-30	2.78e-23	9.02e-18	2.77e-13	1.83e-09	4.65e-05	1.66e-02	9.83e-01
 1.07570e+22	2.85e-30	3.39e-23	1.06e-17	3.14e-13	2.00e-09	4.94e-05	1.72e-02	9.83e-01
 1.09031e+22	3.54e-30	4.06e-23	1.23e-17	3.53e-13	2.18e-09	5.23e-05	1.76e-02	9.82e-01
 1.10685e+22	4.50e-30	4.99e-23	1.46e-17	4.02e-13	2.39e-09	5.56e-05	1.82e-02	9.82e-01
 1.12415e+22	5.80e-30	6.18e-23	1.74e-17	4.62e-13	2.63e-09	5.94e-05	1.88e-02	9.81e-01
 1.13861e+22	7.16e-30	7.39e-23	2.01e-17	5.18e-13	2.85e-09	6.28e-05	1.93e-02	9.81e-01
 1.15358e+22	8.90e-30	8.88e-23	2.34e-17	5.82e-13	3.10e-09	6.64e-05	1.99e-02	9.80e-01
 1.17304e+22	1.18e-29	1.13e-22	2.85e-17	6.78e-13	3.45e-09	7.13e-05	2.06e-02	9.79e-01
 1.19252e+22	1.56e-29	1.43e-22	3.47e-17	7.91e-13	3.85e-09	7.67e-05	2.13e-02	9.79e-01
 1.20760e+22	1.94e-29	1.72e-22	4.04e-17	8.90e-13	4.19e-09	8.11e-05	2.19e-02	9.78e-01
 1.22277e+22	2.41e-29	2.07e-22	4.69e-17	1.00e-12	4.55e-09	8.57e-05	2.25e-02	9.77e-01
 1.24249e+22	3.19e-29	2.62e-22	5.71e-17	1.17e-12	5.08e-09	9.21e-05	2.33e-02	9.77e-01
 1.26274e+22	4.27e-29	3.36e-22	7.00e-17	1.37e-12	5.68e-09	9.92e-05	2.42e-02	9.76e-01
 1.27852e+22	5.35e-29	4.07e-22	8.19e-17	1.55e-12	6.20e-09	1.05e-04	2.49e-02	9.75e-01
 1.29183e+22	6.47e-29	4.78e-22	9.36e-17	1.72e-12	6.67e-09	1.10e-04	2.55e-02	9.74e-01
 1.30708e+22	8.04e-29	5.74e-22	1.09e-16	1.93e-12	7.25e-09	1.17e-04	2.62e-02	9.74e-01
 1.32691e+22	1.06e-28	7.28e-22	1.32e-16	2.25e-12	8.08e-09	1.25e-04	2.71e-02	9.73e-01
 1.34695e+22	1.42e-28	9.29e-22	1.62e-16	2.63e-12	9.03e-09	1.35e-04	2.81e-02	9.72e-01
 1.36271e+22	1.78e-28	1.13e-21	1.90e-16	2.99e-12	9.87e-09	1.43e-04	2.89e-02	9.71e-01
 1.37864e+22	2.22e-28	1.36e-21	2.22e-16	3.36e-12	1.07e-08	1.51e-04	2.97e-02	9.70e-01
 1.39935e+22	2.97e-28	1.74e-21	2.72e-16	3.95e-12	1.20e-08	1.63e-04	3.08e-02	9.69e-01
 1.42037e+22	4.00e-28	2.24e-21	3.35e-16	4.65e-12	1.35e-08	1.75e-04	3.20e-02	9.68e-01
 1.43700e+22	5.07e-28	2.74e-21	3.96e-16	5.29e-12	1.48e-08	1.86e-04	3.29e-02	9.67e-01
 1.45381e+22	6.41e-28	3.35e-21	4.67e-16	6.02e-12	1.62e-08	1.98e-04	3.39e-02	9.66e-01
 1.47567e+22	8.69e-28	4.34e-21	5.78e-16	7.12e-12	1.83e-08	2.13e-04	3.52e-02	9.65e-01
 1.49797e+22	1.19e-27	5.67e-21	7.21e-16	8.47e-12	2.06e-08	2.31e-04	3.66e-02	9.63e-01
 1.51577e+22	1.53e-27	7.01e-21	8.60e-16	9.72e-12	2.28e-08	2.46e-04	3.77e-02	9.62e-01
 1.53383e+22	1.96e-27	8.66e-21	1.02e-15	1.12e-11	2.51e-08	2.62e-04	3.89e-02	9.61e-01
 1.55732e+22	2.70e-27	1.14e-20	1.28e-15	1.33e-11	2.84e-08	2.84e-04	4.05e-02	9.59e-01
 1.58125e+22	3.75e-27	1.50e-20	1.62e-15	1.60e-11	3.23e-08	3.09e-04	4.21e-02	9.58e-01
 1.60050e+22	4.87e-27	1.88e-20	1.95e-15	1.85e-11	3.58e-08	3.31e-04	4.35e-02	9.56e-01
 1.62029e+22	6.33e-27	2.35e-20	2.35e-15	2.14e-11	3.98e-08	3.54e-04	4.50e-02	9.55e-01
 1.64212e+22	8.45e-27	3.01e-20	2.88e-15	2.51e-11	4.46e-08	3.81e-04	4.66e-02	9.53e-01
 1.66180e+22	1.09e-26	3.75e-20	3.46e-15	2.90e-11	4.94e-08	4.07e-04	4.81e-02	9.51e-01
 1.67962e+22	1.38e-26	4.56e-20	4.07e-15	3.30e-11	5.41e-08	4.31e-04	4.95e-02	9.50e-01
 1.69982e+22	1.77e-26	5.67e-20	4.88e-15	3.81e-11	5.98e-08	4.61e-04	5.11e-02	9.48e-01
 1.72608e+22	2.45e-26	7.47e-20	6.14e-15	4.57e-11	6.81e-08	5.01e-04	5.32e-02	9.46e-01
 1.75246e+22	3.39e-26	9.85e-20	7.74e-15	5.49e-11	7.76e-08	5.45e-04	5.54e-02	9.44e-01
 1.77304e+22	4.34e-26	1.22e-19	9.24e-15	6.32e-11	8.57e-08	5.81e-04	5.71e-02	9.42e-01
 1.79387e+22	5.52e-26	1.50e-19	1.10e-14	7.24e-11	9.45e-08	6.19e-04	5.89e-02	9.41e-01
 1.82093e+22	7.49e-26	1.94e-19	1.37e-14	8.62e-11	1.07e-07	6.70e-04	6.12e-02	9.38e-01
 1.84941e+22	1.03e-25	2.55e-19	1.72e-14	1.03e-10	1.22e-07	7.29e-04	6.37e-02	9.36e-01
 1.87354e+22	1.34e-25	3.19e-19	2.07e-14	1.20e-10	1.36e-07	7.81e-04	6.58e-02	9.33e-01
 1.89871e+22	1.74e-25	4.00e-19	2.50e-14	1.40e-10	1.51e-07	8.38e-04	6.80e-02	9.31e-01
 1.93143e+22	2.43e-25	5.32e-19	3.18e-14	1.69e-10	1.73e-07	9.15e-04	7.10e-02	9.28e-01
 1.96486e+22	3.39e-25	7.09e-19	4.05e-14	2.05e-10	1.99e-07	1.00e-03	7.41e-02	9.25e-01
 1.99061e+22	4.38e-25	8.84e-19	4.87e-14	2.38e-10	2.21e-07	1.07e-03	7.65e-02	9.22e-01
 2.01145e+22	5.33e-25	1.05e-18	5.62e-14	2.67e-10	2.40e-07	1.13e-03	7.85e-02	9.20e-01
 2.03448e+22	6.55e-25	1.25e-18	6.52e-14	3.00e-10	2.62e-07	1.19e-03	8.06e-02	9.18e-01
 2.06442e+22	8.55e-25	1.57e-18	7.91e-14	3.51e-10	2.93e-07	1.28e-03	8.34e-02	9.15e-01
 2.09643e+22	1.13e-24	2.00e-18	9.70e-14	4.14e-10	3.30e-07	1.39e-03	8.64e-02	9.12e-01
 2.12424e+22	1.44e-24	2.45e-18	1.15e-13	4.75e-10	3.65e-07	1.48e-03	8.91e-02	9.09e-01
 2.15353e+22	1.83e-24	3.02e-18	1.37e-13	5.47e-10	4.04e-07	1.58e-03	9.19e-02	9.07e-01
 2.19160e+22	2.47e-24	3.92e-18	1.71e-13	6.54e-10	4.59e-07	1.72e-03	9.56e-02	9.03e-01
 2.23013e+22	3.35e-24	5.09e-18	2.14e-13	7.82e-10	5.23e-07	1.87e-03	9.94e-02	8.99e-01
 2.26066e+22	4.23e-24	6.22e-18	2.54e-13	8.98e-10	5.78e-07	1.99e-03	1.02e-01	8.96e-01
 2.28669e+22	5.13e-24	7.35e-18	2.92e-13	1.01e-09	6.28e-07	2.10e-03	1.05e-01	8.93e-01
 2.31544e+22	6.31e-24	8.78e-18	3.39e-13	1.14e-09	6.86e-07	2.22e-03	1.08e-01	8.90e-01
 2.35282e+22	8.19e-24	1.10e-17	4.11e-13	1.33e-09	7.68e-07	2.39e-03	1.12e-01	8.86e-01
 2.39149e+22	1.07e-23	1.38e-17	4.99e-13	1.56e-09	8.62e-07	2.57e-03	1.15e-01	8.82e-01
 2.42337e+22	1.32e-23	1.66e-17	5.84e-13	1.77e-09	9.46e-07	2.73e-03	1.19e-01	8.79e-01
 2.45637e+22	1.64e-23	2.00e-17	6.83e-13	2.00e-09	1.04e-06	2.90e-03	1.22e-01	8.75e-01
 2.49927e+22	2.14e-23	2.52e-17	8.31e-13	2.35e-09	1.17e-06	3.13e-03	1.26e-01	8.71e-01
 2.54375e+22	2.82e-23	3.20e-17	1.02e-12	2.77e-09	1.31e-06	3.38e-03	1.31e-01	8.66e-01
 2.58070e+22	3.52e-23	3.87e-17	1.20e-12	3.16e-09	1.45e-06	3.59e-03	1.35e-01	8.62e-01
 2.61914e+22	4.38e-23	4.69e-17	1.41e-12	3.61e-09	1.60e-06	3.82e-03	1.39e-01	8.58e-01
 2.66911e+22	5.79e-23	5.96e-17	1.73e-12	4.26e-09	1.80e-06	4.13e-03	1.44e-01	8.52e-01
 2.72085e+22	7.69e-23	7.62e-17	2.13e-12	5.05e-09	2.04e-06	4.48e-03	1.49e-01	8.47e-01
 2.76155e+22	9.57e-23	9.21e-17	2.50e-12	5.76e-09	2.25e-06	4.76e-03	1.53e-01	8.42e-01
 2.80116e+22	1.17e-22	1.10e-16	2.90e-12	6.50e-09	2.46e-06	5.04e-03	1.57e-01	8.38e-01
 2.85264e+22	1.51e-22	1.37e-16	3.50e-12	7.58e-09	2.75e-06	5.42e-03	1.62e-01	8.32e-01
 2.90698e+22	1.98e-22	1.73e-16	4.26e-12	8.90e-09	3.10e-06	5.84e-03	1.68e-01	8.26e-01
 2.95349e+22	2.47e-22	2.09e-16	5.02e-12	1.02e-08	3.41e-06	6.22e-03	1.73e-01	8.21e-01
 3.00241e+22	3.09e-22	2.54e-16	5.92e-12	1.16e-08	3.77e-06	6.63e-03	1.78e-01	8.16e-01
 3.06601e+22	4.09e-22	3.24e-16	7.28e-12	1.38e-08	4.27e-06	7.17e-03	1.84e-01	8.09e-01
 3.13268e+22	5.48e-22	4.17e-16	9.02e-12	1.64e-08	4.85e-06	7.78e-03	1.91e-01	8.02e-01
 3.18938e+22	6.98e-22	5.13e-16	1.08e-11	1.89e-08	5.39e-06	8.33e-03	1.96e-01	7.95e-01
 3.23957e+22	8.59e-22	6.14e-16	1.25e-11	2.14e-08	5.91e-06	8.83e-03	2.01e-01	7.90e-01
 3.29523e+22	1.07e-21	7.46e-16	1.48e-11	2.45e-08	6.53e-06	9.40e-03	2.07e-01	7.84e-01
 3.36758e+22	1.41e-21	9.43e-16	1.80e-11	2.88e-08	7.35e-06	1.01e-02	2.14e-01	7.76e-01
 3.44338e+22	1.89e-21	1.22e-15	2.24e-11	3.44e-08	8.37e-06	1.10e-02	2.22e-01	7.67e-01
 3.50659e+22	2.39e-21	1.49e-15	2.66e-11	3.96e-08	9.29e-06	1.18e-02	2.28e-01	7.60e-01
 3.56223e+22	2.93e-21	1.77e-15	3.08e-11	4.46e-08	1.01e-05	1.24e-02	2.33e-01	7.54e-01
 3.62509e+22	3.65e-21	2.15e-15	3.63e-11	5.09e-08	1.12e-05	1.32e-02	2.39e-01	7.47e-01
 3.70682e+22	4.80e-21	2.72e-15	4.44e-11	6.00e-08	1.26e-05	1.43e-02	2.47e-01	7.38e-01
 3.79102e+22	6.38e-21	3.48e-15	5.47e-11	7.11e-08	1.43e-05	1.54e-02	2.55e-01	7.29e-01
 3.85944e+22	8.00e-21	4.23e-15	6.46e-11	8.14e-08	1.58e-05	1.64e-02	2.62e-01	7.21e-01
 3.92942e+22	9.95e-21	5.11e-15	7.58e-11	9.28e-08	1.74e-05	1.75e-02	2.69e-01	7.14e-01
 4.02040e+22	1.31e-20	6.47e-15	9.25e-11	1.09e-07	1.96e-05	1.88e-02	2.77e-01	7.04e-01
 4.11575e+22	1.76e-20	8.35e-15	1.15e-10	1.30e-07	2.23e-05	2.04e-02	2.86e-01	6.93e-01
 4.19501e+22	2.22e-20	1.02e-14	1.37e-10	1.50e-07	2.48e-05	2.18e-02	2.94e-01	6.85e-01
 4.27624e+22	2.79e-20	1.25e-14	1.62e-10	1.72e-07	2.74e-05	2.32e-02	3.01e-01	6.76e-01
 4.38184e+22	3.72e-20	1.60e-14	2.00e-10	2.05e-07	3.11e-05	2.51e-02	3.11e-01	6.64e-01
 4.49234e+22	5.04e-20	2.08e-14	2.50e-10	2.46e-07	3.56e-05	2.73e-02	3.21e-01	6.52e-01
 4.57807e+22	6.33e-20	2.54e-14	2.96e-10	2.83e-07	3.94e-05	2.91e-02	3.28e-01	6.42e-01
 4.64586e+22	7.55e-20	2.95e-14	3.37e-10	3.14e-07	4.26e-05	3.05e-02	3.34e-01	6.35e-01
 4.72148e+22	9.12e-20	3.48e-14	3.88e-10	3.53e-07	4.64e-05	3.21e-02	3.41e-01	6.27e-01
 4.81980e+22	1.16e-19	4.28e-14	4.63e-10	4.08e-07	5.16e-05	3.43e-02	3.49e-01	6.16e-01
 4.92694e+22	1.50e-19	5.35e-14	5.60e-10	4.77e-07	5.80e-05	3.68e-02	3.59e-01	6.05e-01
 5.02254e+22	1.88e-19	6.52e-14	6.63e-10	5.48e-07	6.42e-05	3.92e-02	3.67e-01	5.94e-01
 5.11051e+22	2.30e-19	7.75e-14	7.70e-10	6.20e-07	7.03e-05	4.14e-02	3.74e-01	5.85e-01
 5.21159e+22	2.86e-19	9.37e-14	9.05e-10	7.09e-07	7.75e-05	4.39e-02	3.82e-01	5.74e-01
 5.34300e+22	3.78e-19	1.20e-13	1.12e-09	8.44e-07	8.81e-05	4.75e-02	3.92e-01	5.60e-01
 5.47764e+22	5.04e-19	1.54e-13	1.39e-09	1.01e-06	1.01e-04	5.14e-02	4.03e-01	5.46e-01
 5.58598e+22	6.30e-19	1.87e-13	1.64e-09	1.16e-06	1.11e-04	5.47e-02	4.11e-01	5.35e-01
 5.69635e+22	7.80e-19	2.25e-13	1.93e-09	1.33e-06	1.23e-04	5.80e-02	4.19e-01	5.23e-01
 5.83983e+22	1.02e-18	2.84e-13	2.36e-09	1.57e-06	1.39e-04	6.25e-02	4.29e-01	5.09e-01
 5.99223e+22	1.35e-18	3.65e-13	2.93e-09	1.89e-06	1.60e-04	6.76e-02	4.39e-01	4.93e-01
 6.12193e+22	1.72e-18	4.50e-13	3.52e-09	2.20e-06	1.79e-04	7.23e-02	4.48e-01	4.80e-01
 6.25623e+22	2.14e-18	5.47e-13	4.17e-09	2.54e-06	1.99e-04	7.69e-02	4.56e-01	4.67e-01
 6.43082e+22	2.84e-18	7.00e-13	5.18e-09	3.05e-06	2.27e-04	8.33e-02	4.66e-01	4.50e-01
 6.61126e+22	3.79e-18	9.04e-13	6.49e-09	3.70e-06	2.62e-04	9.04e-02	4.76e-01	4.33e-01
 6.75050e+22	4.73e-18	1.10e-12	7.72e-09	4.29e-06	2.93e-04	9.63e-02	4.84e-01	4.19e-01
 6.86296e+22	5.55e-18	1.27e-12	8.75e-09	4.77e-06	3.17e-04	1.01e-01	4.89e-01	4.10e-01
 6.98946e+22	6.62e-18	1.48e-12	1.01e-08	5.38e-06	3.46e-04	1.06e-01	4.95e-01	3.98e-01
 7.15391e+22	8.21e-18	1.80e-12	1.19e-08	6.24e-06	3.87e-04	1.13e-01	5.02e-01	3.84e-01
 7.33731e+22	1.04e-17	2.23e-12	1.44e-08	7.36e-06	4.37e-04	1.21e-01	5.10e-01	3.69e-01
 7.50236e+22	1.29e-17	2.68e-12	1.71e-08	8.53e-06	4.88e-04	1.29e-01	5.16e-01	3.55e-01
 7.64731e+22	1.53e-17	3.14e-12	1.97e-08	9.64e-06	5.35e-04	1.35e-01	5.21e-01	3.43e-01
 7.80915e+22	1.82e-17	3.67e-12	2.27e-08	1.09e-05	5.88e-04	1.43e-01	5.26e-01	3.31e-01
 8.01953e+22	2.27e-17	4.48e-12	2.71e-08	1.28e-05	6.62e-04	1.52e-01	5.31e-01	3.16e-01
 8.24134e+22	2.86e-17	5.51e-12	3.28e-08	1.51e-05	7.50e-04	1.63e-01	5.36e-01	3.00e-01
 8.42724e+22	3.44e-17	6.52e-12	3.82e-08	1.73e-05	8.31e-04	1.72e-01	5.40e-01	2.87e-01
 8.61817e+22	4.06e-17	7.59e-12	4.39e-08	1.96e-05	9.13e-04	1.81e-01	5.43e-01	2.75e-01
 8.86638e+22	4.98e-17	9.16e-12	5.21e-08	2.28e-05	1.03e-03	1.93e-01	5.45e-01	2.60e-01
 9.12944e+22	6.19e-17	1.12e-11	6.26e-08	2.69e-05	1.16e-03	2.06e-01	5.48e-01	2.45e-01
 9.35234e+22	7.39e-17	1.31e-11	7.27e-08	3.08e-05	1.29e-03	2.17e-01	5.49e-01	2.33e-01
 9.58264e+22	8.63e-17	1.52e-11	8.31e-08	3.47e-05	1.41e-03	2.28e-01	5.49e-01	2.21e-01
 9.88203e+22	1.04e-16	1.81e-11	9.80e-08	4.03e-05	1.58e-03	2.42e-01	5.49e-01	2.08e-01
 1.02045e+23	1.28e-16	2.19e-11	1.17e-07	4.74e-05	1.79e-03	2.57e-01	5.48e-01	1.93e-01
 1.04854e+23	1.51e-16	2.56e-11	1.36e-07	5.41e-05	1.98e-03	2.71e-01	5.46e-01	1.82e-01
 1.07159e+23	1.72e-16	2.90e-11	1.52e-07	6.01e-05	2.14e-03	2.82e-01	5.43e-01	1.73e-01
 1.09525e+23	1.93e-16	3.23e-11	1.69e-07	6.59e-05	2.30e-03	2.92e-01	5.41e-01	1.65e-01
 1.12602e+23	2.23e-16	3.69e-11	1.91e-07	7.39e-05	2.51e-03	3.05e-01	5.38e-01	1.55e-01
 1.16012e+23	2.61e-16	4.28e-11	2.20e-07	8.39e-05	2.77e-03	3.19e-01	5.33e-01	1.45e-01
 1.19122e+23	3.00e-16	4.88e-11	2.49e-07	9.39e-05	3.02e-03	3.33e-01	5.28e-01	1.36e-01
 1.21913e+23	3.36e-16	5.43e-11	2.75e-07	1.03e-04	3.24e-03	3.44e-01	5.24e-01	1.29e-01
 1.25020e+23	3.75e-16	6.03e-11	3.04e-07	1.13e-04	3.47e-03	3.56e-01	5.19e-01	1.21e-01
 1.29060e+23	4.29e-16	6.84e-11	3.43e-07	1.26e-04	3.78e-03	3.70e-01	5.13e-01	1.13e-01
 1.33496e+23	4.99e-16	7.89e-11	3.93e-07	1.42e-04	4.14e-03	3.86e-01	5.05e-01	1.04e-01
 1.37429e+23	5.68e-16	8.91e-11	4.41e-07	1.58e-04	4.49e-03	4.01e-01	4.97e-01	9.72e-02
 1.40925e+23	6.29e-16	9.81e-11	4.83e-07	1.71e-04	4.78e-03	4.12e-01	4.91e-01	9.17e-02
 1.44867e+23	6.92e-16	1.08e-10	5.28e-07	1.86e-04	5.09e-03	4.24e-01	4.84e-01	8.62e-02
 1.49992e+23	7.77e-16	1.20e-10	5.87e-07	2.04e-04	5.47e-03	4.38e-01	4.76e-01	8.01e-02
 1.56007e+23	8.85e-16	1.36e-10	6.63e-07	2.28e-04	5.96e-03	4.55e-01	4.66e-01	7.32e-02
 1.61877e+23	1.01e-15	1.54e-10	7.47e-07	2.53e-04	6.47e-03	4.71e-01	4.55e-01	6.69e-02
 1.67131e+23	1.12e-15	1.70e-10	8.20e-07	2.75e-04	6.89e-03	4.85e-01	4.46e-01	6.22e-02
 1.72890e+23	1.22e-15	1.85e-10	8.90e-07	2.96e-04	7.29e-03	4.97e-01	4.38e-01	5.81e-02
 1.79730e+23	1.35e-15	2.04e-10	9.78e-07	3.22e-04	7.77e-03	5.10e-01	4.28e-01	5.36e-02
 1.87042e+23	1.48e-15	2.24e-10	1.07e-06	3.50e-04	8.30e-03	5.25e-01	4.17e-01	4.92e-02
 1.94647e+23	1.63e-15	2.44e-10	1.17e-06	3.77e-04	8.79e-03	5.38e-01	4.08e-01	4.55e-02
 2.02557e+23	1.77e-15	2.64e-10	1.27e-06	4.04e-04	9.28e-03	5.50e-01	3.98e-01	4.21e-02
 2.10783e+23	1.89e-15	2.83e-10	1.36e-06	4.31e-04	9.76e-03	5.62e-01	3.89e-01	3.90e-02
 2.19337e+23	2.02e-15	3.02e-10	1.45e-06	4.56e-04	1.02e-02	5.73e-01	3.80e-01	3.64e-02
 2.27788e+23	2.15e-15	3.21e-10	1.54e-06	4.82e-04	1.07e-02	5.83e-01	3.72e-01	3.39e-02
 2.35557e+23	2.26e-15	3.38e-10	1.62e-06	5.03e-04	1.10e-02	5.92e-01	3.65e-01	3.20e-02
 2.42550e+23	2.34e-15	3.51e-10	1.69e-06	5.23e-04	1.14e-02	5.99e-01	3.58e-01	3.04e-02
 2.48843e+23	2.42e-15	3.63e-10	1.75e-06	5.38e-04	1.16e-02	6.05e-01	3.53e-01	2.92e-02
 2.54507e+23	2.48e-15	3.72e-10	1.80e-06	5.51e-04	1.19e-02	6.10e-01	3.49e-01	2.82e-02
 2.59604e+23	2.53e-15	3.79e-10	1.83e-06	5.62e-04	1.21e-02	6.14e-01	3.46e-01	2.73e-02
 2.64192e+23	2.57e-15	3.86e-10	1.87e-06	5.71e-04	1.22e-02	6.18e-01	3.43e-01	2.66e-02
 2.68321e+23	2.60e-15	3.91e-10	1.89e-06	5.78e-04	1.23e-02	6.21e-01	3.40e-01	2.61e-02
 2.72037e+23	2.63e-15	3.95e-10	1.92e-06	5.84e-04	1.25e-02	6.23e-01	3.38e-01	2.56e-02
 2.75381e+23	2.65e-15	3.99e-10	1.94e-06	5.88e-04	1.25e-02	6.25e-01	3.36e-01	2.52e-02
 2.78493e+23	2.66e-15	4.00e-10	1.94e-06	5.91e-04	1.26e-02	6.27e-01	3.35e-01	2.49e-02
 2.81548e+23	2.66e-15	4.01e-10	1.95e-06	5.94e-04	1.26e-02	6.28e-01	3.34e-01	2.47e-02
 2.84603e+23	2.67e-15	4.02e-10	1.96e-06	5.96e-04	1.27e-02	6.30e-01	3.33e-01	2.44e-02
 2.87658e+23	2.67e-15	4.03e-10	1.97e-06	5.98e-04	1.27e-02	6.31e-01	3.31e-01	2.41e-02
 2.90712e+23	2.67e-15	4.03e-10	1.97e-06	6.00e-04	1.28e-02	6.32e-01	3.30e-01	2.39e-02
 2.93767e+23	2.66e-15	4.02e-10	1.97e-06	6.01e-04	1.28e-02	6.33e-01	3.30e-01	2.37e-02
 2.96822e+23	2.65e-15	4.02e-10	1.97e-06	6.01e-04	1.28e-02	6.34e-01	3.29e-01	2.35e-02
 2.99877e+23	2.65e-15	4.01e-10	1.97e-06	6.01e-04	1.28e-02	6.35e-01	3.28e-01	2.34e-02
 3.02932e+23	2.64e-15	4.00e-10	1.97e-06	6.02e-04	1.29e-02	6.36e-01	3.27e-01	2.32e-02
 3.04970e+23	2.68e-15	4.05e-10	1.99e-06	6.07e-04	1.29e-02	6.38e-01	3.26e-01	2.29e-02
