#depth	C	C+	C+2	C+3	C+4	C+5	C+6	C[1]	C[2]	C[3]	C+[1]	C+[2]	CO
 6.17135e+19	0.00e+00	1.10e-28	3.68e-21	1.18e-14	7.98e-09	1.03e-04	1.00e+00	0.00e+00	0.00e+00	0.00e+00	0.00e+00	0.00e+00	2.41e-91
 1.87609e+20	0.00e+00	1.73e-28	5.21e-21	1.50e-14	9.44e-09	1.13e-04	1.00e+00	0.00e+00	0.00e+00	0.00e+00	0.00e+00	0.00e+00	2.43e-91
 3.18540e+20	0.00e+00	2.73e-28	7.38e-21	1.92e-14	1.12e-08	1.24e-04	1.00e+00	0.00e+00	0.00e+00	0.00e+00	0.00e+00	0.00e+00	2.48e-91
 4.54709e+20	0.00e+00	4.33e-28	1.05e-20	2.46e-14	1.32e-08	1.36e-04	1.00e+00	0.00e+00	0.00e+00	0.00e+00	0.00e+00	0.00e+00	2.50e-91
 5.48445e+20	0.00e+00	5.91e-28	1.33e-20	2.90e-14	1.48e-08	1.46e-04	1.00e+00	0.00e+00	0.00e+00	0.00e+00	0.00e+00	0.00e+00	2.37e-91
 5.86617e+20	0.00e+00	6.73e-28	1.46e-20	3.09e-14	1.55e-08	1.50e-04	1.00e+00	0.00e+00	0.00e+00	0.00e+00	0.00e+00	0.00e+00	2.07e-91
 6.18485e+20	0.00e+00	7.42e-28	1.58e-20	3.26e-14	1.61e-08	1.53e-04	1.00e+00	0.00e+00	0.00e+00	0.00e+00	0.00e+00	0.00e+00	1.78e-91
 6.59914e+20	0.00e+00	8.47e-28	1.74e-20	3.49e-14	1.69e-08	1.57e-04	1.00e+00	0.00e+00	0.00e+00	0.00e+00	0.00e+00	0.00e+00	1.54e-91
 7.13772e+20	0.00e+00	1.00e-27	1.98e-20	3.82e-14	1.80e-08	1.63e-04	1.00e+00	0.00e+00	0.00e+00	0.00e+00	0.00e+00	0.00e+00	1.34e-91
 7.83787e+20	0.00e+00	1.25e-27	2.34e-20	4.27e-14	1.94e-08	1.71e-04	1.00e+00	0.00e+00	0.00e+00	0.00e+00	0.00e+00	0.00e+00	1.19e-91
 8.56046e+20	0.00e+00	1.56e-27	2.77e-20	4.79e-14	2.10e-08	1.79e-04	1.00e+00	0.00e+00	0.00e+00	0.00e+00	0.00e+00	0.00e+00	1.04e-91
 9.11661e+20	0.00e+00	1.85e-27	3.14e-20	5.22e-14	2.23e-08	1.86e-04	1.00e+00	0.00e+00	0.00e+00	0.00e+00	0.00e+00	0.00e+00	8.94e-92
 9.56484e+20	0.00e+00	2.12e-27	3.47e-20	5.59e-14	2.34e-08	1.91e-04	1.00e+00	0.00e+00	0.00e+00	0.00e+00	0.00e+00	0.00e+00	7.52e-92
 1.00684e+21	0.00e+00	2.46e-27	3.89e-20	6.03e-14	2.47e-08	1.97e-04	1.00e+00	0.00e+00	0.00e+00	0.00e+00	0.00e+00	0.00e+00	6.30e-92
 1.07231e+21	0.00e+00	2.99e-27	4.49e-20	6.64e-14	2.65e-08	2.06e-04	1.00e+00	0.00e+00	0.00e+00	0.00e+00	0.00e+00	0.00e+00	5.33e-92
 1.14079e+21	0.00e+00	3.64e-27	5.20e-20	7.34e-14	2.84e-08	2.15e-04	1.00e+00	0.00e+00	0.00e+00	0.00e+00	0.00e+00	0.00e+00	4.49e-92
 1.19836e+21	0.00e+00	4.30e-27	5.88e-20	7.96e-14	3.01e-08	2.23e-04	1.00e+00	0.00e+00	0.00e+00	0.00e+00	0.00e+00	0.00e+00	3.71e-92
 1.25836e+21	0.00e+00	5.08e-27	6.66e-20	8.65e-14	3.19e-08	2.31e-04	1.00e+00	0.00e+00	0.00e+00	0.00e+00	0.00e+00	0.00e+00	3.05e-92
 1.32481e+21	0.00e+00	6.14e-27	7.65e-20	9.47e-14	3.41e-08	2.41e-04	1.00e+00	0.00e+00	0.00e+00	0.00e+00	0.00e+00	0.00e+00	2.49e-92
 1.38446e+21	0.00e+00	7.24e-27	8.64e-20	1.03e-13	3.61e-08	2.50e-04	1.00e+00	0.00e+00	0.00e+00	0.00e+00	0.00e+00	0.00e+00	2.01e-92
 1.43812e+21	0.00e+00	8.39e-27	9.63e-20	1.10e-13	3.80e-08	2.58e-04	1.00e+00	0.00e+00	0.00e+00	0.00e+00	0.00e+00	0.00e+00	1.60e-92
 1.49920e+21	0.00e+00	9.88e-27	1.09e-19	1.19e-13	4.02e-08	2.68e-04	1.00e+00	0.00e+00	0.00e+00	0.00e+00	0.00e+00	0.00e+00	1.27e-92
 1.57861e+21	0.00e+00	1.22e-26	1.27e-19	1.32e-13	4.32e-08	2.81e-04	1.00e+00	0.00e+00	0.00e+00	0.00e+00	0.00e+00	0.00e+00	3.03e-93
 1.65780e+21	0.00e+00	1.51e-26	1.48e-19	1.45e-13	4.64e-08	2.94e-04	1.00e+00	0.00e+00	0.00e+00	0.00e+00	0.00e+00	0.00e+00	2.42e-93
 1.71630e+21	0.00e+00	1.75e-26	1.65e-19	1.56e-13	4.88e-08	3.04e-04	1.00e+00	0.00e+00	0.00e+00	0.00e+00	0.00e+00	0.00e+00	1.94e-93
 1.77197e+21	0.00e+00	2.01e-26	1.82e-19	1.66e-13	5.12e-08	3.14e-04	1.00e+00	0.00e+00	0.00e+00	0.00e+00	0.00e+00	0.00e+00	1.53e-93
 1.84434e+21	0.00e+00	2.42e-26	2.08e-19	1.81e-13	5.45e-08	3.28e-04	1.00e+00	0.00e+00	0.00e+00	0.00e+00	0.00e+00	0.00e+00	4.35e-94
 1.92040e+21	0.00e+00	2.92e-26	2.38e-19	1.97e-13	5.80e-08	3.42e-04	1.00e+00	0.00e+00	0.00e+00	0.00e+00	0.00e+00	0.00e+00	3.73e-94
 1.98481e+21	0.00e+00	3.42e-26	2.67e-19	2.11e-13	6.12e-08	3.55e-04	1.00e+00	0.00e+00	0.00e+00	0.00e+00	0.00e+00	0.00e+00	7.14e-94
 2.05207e+21	0.00e+00	4.02e-26	3.00e-19	2.27e-13	6.46e-08	3.68e-04	1.00e+00	0.00e+00	0.00e+00	0.00e+00	0.00e+00	0.00e+00	1.07e-93
 2.12525e+21	0.00e+00	4.78e-26	3.39e-19	2.45e-13	6.84e-08	3.83e-04	1.00e+00	0.00e+00	0.00e+00	0.00e+00	0.00e+00	0.00e+00	1.86e-93
 2.19067e+21	0.00e+00	5.57e-26	3.78e-19	2.62e-13	7.20e-08	3.97e-04	1.00e+00	0.00e+00	0.00e+00	0.00e+00	0.00e+00	0.00e+00	2.79e-93
 2.25103e+21	0.00e+00	6.40e-26	4.18e-19	2.78e-13	7.54e-08	4.11e-04	1.00e+00	0.00e+00	0.00e+00	0.00e+00	0.00e+00	0.00e+00	5.63e-93
 2.32025e+21	0.00e+00	7.49e-26	4.67e-19	2.98e-13	7.94e-08	4.26e-04	1.00e+00	0.00e+00	0.00e+00	0.00e+00	0.00e+00	0.00e+00	8.28e-93
 2.39767e+21	0.00e+00	8.91e-26	5.28e-19	3.21e-13	8.41e-08	4.44e-04	1.00e+00	0.00e+00	0.00e+00	0.00e+00	0.00e+00	0.00e+00	1.45e-92
 2.46989e+21	0.00e+00	1.04e-25	5.91e-19	3.43e-13	8.86e-08	4.61e-04	1.00e+00	0.00e+00	0.00e+00	0.00e+00	0.00e+00	0.00e+00	2.22e-92
 2.53712e+21	4.36e-34	1.21e-25	6.55e-19	3.65e-13	9.30e-08	4.78e-04	1.00e+00	0.00e+00	0.00e+00	0.00e+00	0.00e+00	0.00e+00	2.50e-92
 2.61371e+21	5.39e-34	1.42e-25	7.34e-19	3.90e-13	9.81e-08	4.97e-04	1.00e+00	0.00e+00	0.00e+00	0.00e+00	0.00e+00	0.00e+00	5.03e-92
 2.69671e+21	6.76e-34	1.69e-25	8.30e-19	4.20e-13	1.04e-07	5.18e-04	9.99e-01	0.00e+00	0.00e+00	0.00e+00	0.00e+00	0.00e+00	9.21e-92
 2.77083e+21	8.24e-34	1.97e-25	9.24e-19	4.47e-13	1.09e-07	5.37e-04	9.99e-01	0.00e+00	0.00e+00	0.00e+00	0.00e+00	0.00e+00	1.43e-91
 2.83815e+21	9.85e-34	2.26e-25	1.02e-18	4.73e-13	1.14e-07	5.56e-04	9.99e-01	0.00e+00	0.00e+00	0.00e+00	0.00e+00	0.00e+00	2.69e-91
 2.91384e+21	1.20e-33	2.63e-25	1.13e-18	5.03e-13	1.20e-07	5.76e-04	9.99e-01	0.00e+00	0.00e+00	0.00e+00	0.00e+00	0.00e+00	4.22e-91
 2.99880e+21	1.49e-33	3.11e-25	1.27e-18	5.38e-13	1.27e-07	6.00e-04	9.99e-01	0.00e+00	0.00e+00	0.00e+00	0.00e+00	0.00e+00	7.38e-91
 3.07861e+21	1.82e-33	3.63e-25	1.41e-18	5.72e-13	1.33e-07	6.23e-04	9.99e-01	0.00e+00	0.00e+00	0.00e+00	0.00e+00	0.00e+00	1.15e-90
 3.15335e+21	2.19e-33	4.18e-25	1.56e-18	6.06e-13	1.40e-07	6.45e-04	9.99e-01	0.00e+00	0.00e+00	0.00e+00	0.00e+00	0.00e+00	1.90e-90
 3.23867e+21	2.69e-33	4.90e-25	1.74e-18	6.46e-13	1.47e-07	6.71e-04	9.99e-01	0.00e+00	0.00e+00	0.00e+00	0.00e+00	0.00e+00	3.59e-90
 3.33033e+21	3.35e-33	5.80e-25	1.96e-18	6.92e-13	1.56e-07	6.99e-04	9.99e-01	0.00e+00	0.00e+00	0.00e+00	0.00e+00	0.00e+00	6.38e-90
 3.41092e+21	4.05e-33	6.70e-25	2.17e-18	7.33e-13	1.64e-07	7.25e-04	9.99e-01	0.00e+00	0.00e+00	0.00e+00	0.00e+00	0.00e+00	8.51e-90
 3.49639e+21	4.93e-33	7.79e-25	2.41e-18	7.79e-13	1.72e-07	7.52e-04	9.99e-01	0.00e+00	0.00e+00	0.00e+00	0.00e+00	0.00e+00	1.79e-89
 3.59244e+21	6.13e-33	9.21e-25	2.71e-18	8.34e-13	1.82e-07	7.83e-04	9.99e-01	0.00e+00	0.00e+00	0.00e+00	0.00e+00	0.00e+00	3.23e-89
 3.68301e+21	7.49e-33	1.07e-24	3.02e-18	8.88e-13	1.92e-07	8.14e-04	9.99e-01	0.00e+00	0.00e+00	0.00e+00	0.00e+00	0.00e+00	5.07e-89
 3.76829e+21	9.02e-33	1.24e-24	3.33e-18	9.41e-13	2.01e-07	8.43e-04	9.99e-01	0.00e+00	0.00e+00	0.00e+00	0.00e+00	0.00e+00	8.47e-89
 3.86596e+21	1.11e-32	1.46e-24	3.73e-18	1.00e-12	2.13e-07	8.77e-04	9.99e-01	0.00e+00	0.00e+00	0.00e+00	0.00e+00	0.00e+00	1.63e-88
 3.97521e+21	1.40e-32	1.74e-24	4.23e-18	1.08e-12	2.26e-07	9.15e-04	9.99e-01	0.00e+00	0.00e+00	0.00e+00	0.00e+00	0.00e+00	1.92e-88
 4.07272e+21	1.71e-32	2.03e-24	4.71e-18	1.15e-12	2.38e-07	9.51e-04	9.99e-01	0.00e+00	0.00e+00	0.00e+00	0.00e+00	0.00e+00	4.75e-88
 4.15713e+21	2.03e-32	2.32e-24	5.17e-18	1.22e-12	2.49e-07	9.82e-04	9.99e-01	0.00e+00	0.00e+00	0.00e+00	0.00e+00	0.00e+00	9.56e-88
 4.25136e+21	2.44e-32	2.67e-24	5.73e-18	1.29e-12	2.62e-07	1.02e-03	9.99e-01	0.00e+00	0.00e+00	0.00e+00	0.00e+00	0.00e+00	8.66e-88
 4.37385e+21	3.11e-32	3.22e-24	6.53e-18	1.40e-12	2.80e-07	1.06e-03	9.99e-01	0.00e+00	0.00e+00	0.00e+00	0.00e+00	0.00e+00	2.21e-87
 4.49794e+21	3.95e-32	3.87e-24	7.45e-18	1.51e-12	2.99e-07	1.11e-03	9.99e-01	0.00e+00	0.00e+00	0.00e+00	0.00e+00	0.00e+00	3.18e-87
 4.59860e+21	4.77e-32	4.49e-24	8.27e-18	1.61e-12	3.15e-07	1.15e-03	9.99e-01	0.00e+00	0.00e+00	0.00e+00	0.00e+00	0.00e+00	9.67e-87
 4.70395e+21	5.80e-32	5.22e-24	9.21e-18	1.72e-12	3.32e-07	1.19e-03	9.99e-01	0.00e+00	0.00e+00	0.00e+00	0.00e+00	0.00e+00	1.55e-86
 4.84090e+21	7.43e-32	6.33e-24	1.06e-17	1.87e-12	3.56e-07	1.25e-03	9.99e-01	0.00e+00	0.00e+00	0.00e+00	0.00e+00	0.00e+00	1.12e-86
 4.98144e+21	9.55e-32	7.70e-24	1.22e-17	2.03e-12	3.82e-07	1.31e-03	9.99e-01	0.00e+00	0.00e+00	0.00e+00	0.00e+00	0.00e+00	4.69e-86
 5.09156e+21	1.16e-31	8.95e-24	1.36e-17	2.17e-12	4.03e-07	1.36e-03	9.99e-01	0.00e+00	0.00e+00	0.00e+00	0.00e+00	0.00e+00	1.02e-85
 5.19960e+21	1.39e-31	1.03e-23	1.50e-17	2.31e-12	4.25e-07	1.41e-03	9.99e-01	0.00e+00	0.00e+00	0.00e+00	0.00e+00	0.00e+00	1.69e-85
 5.34005e+21	1.77e-31	1.25e-23	1.72e-17	2.51e-12	4.55e-07	1.47e-03	9.99e-01	0.00e+00	0.00e+00	0.00e+00	0.00e+00	0.00e+00	1.86e-85
 5.48575e+21	2.25e-31	1.51e-23	1.97e-17	2.73e-12	4.88e-07	1.54e-03	9.98e-01	0.00e+00	0.00e+00	0.00e+00	0.00e+00	0.00e+00	3.57e-85
 5.60729e+21	2.75e-31	1.76e-23	2.21e-17	2.93e-12	5.17e-07	1.59e-03	9.98e-01	0.00e+00	0.00e+00	0.00e+00	0.00e+00	0.00e+00	1.06e-84
 5.73428e+21	3.36e-31	2.06e-23	2.48e-17	3.15e-12	5.48e-07	1.65e-03	9.98e-01	0.00e+00	0.00e+00	0.00e+00	0.00e+00	0.00e+00	1.55e-84
 5.89938e+21	4.38e-31	2.53e-23	2.87e-17	3.45e-12	5.91e-07	1.73e-03	9.98e-01	0.00e+00	0.00e+00	0.00e+00	0.00e+00	0.00e+00	2.01e-84
 6.06612e+21	5.68e-31	3.11e-23	3.34e-17	3.79e-12	6.38e-07	1.82e-03	9.98e-01	0.00e+00	0.00e+00	0.00e+00	0.00e+00	0.00e+00	4.26e-84
 6.19997e+21	6.97e-31	3.65e-23	3.75e-17	4.08e-12	6.78e-07	1.89e-03	9.98e-01	0.00e+00	0.00e+00	0.00e+00	0.00e+00	0.00e+00	1.37e-83
 6.31936e+21	8.35e-31	4.21e-23	4.16e-17	4.36e-12	7.15e-07	1.95e-03	9.98e-01	0.00e+00	0.00e+00	0.00e+00	0.00e+00	0.00e+00	2.86e-83
 6.45496e+21	1.02e-30	4.93e-23	4.67e-17	4.69e-12	7.60e-07	2.02e-03	9.98e-01	0.00e+00	0.00e+00	0.00e+00	0.00e+00	0.00e+00	4.06e-83
 6.63124e+21	1.32e-30	6.05e-23	5.42e-17	5.15e-12	8.20e-07	2.12e-03	9.98e-01	0.00e+00	0.00e+00	0.00e+00	0.00e+00	0.00e+00	4.50e-83
 6.81044e+21	1.71e-30	7.42e-23	6.30e-17	5.67e-12	8.86e-07	2.22e-03	9.98e-01	0.00e+00	0.00e+00	0.00e+00	0.00e+00	0.00e+00	8.97e-83
 6.95465e+21	2.10e-30	8.72e-23	7.10e-17	6.12e-12	9.43e-07	2.30e-03	9.98e-01	0.00e+00	0.00e+00	0.00e+00	0.00e+00	0.00e+00	2.64e-82
 7.10330e+21	2.59e-30	1.03e-22	8.01e-17	6.61e-12	1.00e-06	2.39e-03	9.98e-01	0.00e+00	0.00e+00	0.00e+00	0.00e+00	0.00e+00	4.87e-82
 7.29655e+21	3.37e-30	1.27e-22	9.35e-17	7.30e-12	1.09e-06	2.50e-03	9.97e-01	0.00e+00	0.00e+00	0.00e+00	0.00e+00	0.00e+00	5.48e-82
 7.49616e+21	4.43e-30	1.58e-22	1.10e-16	8.09e-12	1.18e-06	2.63e-03	9.97e-01	0.00e+00	0.00e+00	0.00e+00	0.00e+00	0.00e+00	1.18e-81
 7.65943e+21	5.52e-30	1.88e-22	1.25e-16	8.79e-12	1.26e-06	2.73e-03	9.97e-01	0.00e+00	0.00e+00	0.00e+00	0.00e+00	0.00e+00	2.40e-81
 7.82709e+21	6.89e-30	2.24e-22	1.42e-16	9.56e-12	1.35e-06	2.84e-03	9.97e-01	0.00e+00	0.00e+00	0.00e+00	0.00e+00	0.00e+00	4.31e-81
 8.00385e+21	8.70e-30	2.69e-22	1.63e-16	1.04e-11	1.45e-06	2.96e-03	9.97e-01	0.00e+00	0.00e+00	0.00e+00	0.00e+00	0.00e+00	2.77e-80
 8.15435e+21	1.06e-29	3.14e-22	1.83e-16	1.12e-11	1.54e-06	3.06e-03	9.97e-01	0.00e+00	0.00e+00	0.00e+00	0.00e+00	0.00e+00	4.64e-80
 8.31187e+21	1.29e-29	3.69e-22	2.06e-16	1.21e-11	1.64e-06	3.17e-03	9.97e-01	0.00e+00	0.00e+00	0.00e+00	0.00e+00	0.00e+00	7.90e-80
 8.51665e+21	1.68e-29	4.53e-22	2.40e-16	1.34e-11	1.78e-06	3.32e-03	9.97e-01	0.00e+00	0.00e+00	0.00e+00	0.00e+00	0.00e+00	1.56e-79
 8.72227e+21	2.18e-29	5.57e-22	2.80e-16	1.48e-11	1.93e-06	3.47e-03	9.97e-01	0.00e+00	0.00e+00	0.00e+00	0.00e+00	0.00e+00	3.09e-79
 8.88327e+21	2.66e-29	6.54e-22	3.15e-16	1.60e-11	2.05e-06	3.60e-03	9.96e-01	0.00e+00	0.00e+00	0.00e+00	0.00e+00	0.00e+00	5.23e-79
 9.01695e+21	3.14e-29	7.46e-22	3.47e-16	1.71e-11	2.16e-06	3.70e-03	9.96e-01	0.00e+00	0.00e+00	0.00e+00	0.00e+00	0.00e+00	8.05e-79
 9.16080e+21	3.75e-29	8.59e-22	3.86e-16	1.83e-11	2.28e-06	3.81e-03	9.96e-01	0.00e+00	0.00e+00	0.00e+00	0.00e+00	0.00e+00	1.28e-78
 9.34782e+21	4.70e-29	1.03e-21	4.42e-16	2.00e-11	2.44e-06	3.96e-03	9.96e-01	0.00e+00	0.00e+00	0.00e+00	0.00e+00	0.00e+00	2.31e-78
 9.53842e+21	5.93e-29	1.24e-21	5.07e-16	2.19e-11	2.63e-06	4.12e-03	9.96e-01	0.00e+00	0.00e+00	0.00e+00	0.00e+00	0.00e+00	4.23e-78
 9.69098e+21	7.13e-29	1.44e-21	5.66e-16	2.35e-11	2.78e-06	4.26e-03	9.96e-01	0.00e+00	0.00e+00	0.00e+00	0.00e+00	0.00e+00	6.82e-78
 9.84662e+21	8.58e-29	1.67e-21	6.32e-16	2.53e-11	2.94e-06	4.39e-03	9.96e-01	0.00e+00	0.00e+00	0.00e+00	0.00e+00	0.00e+00	1.10e-77
 1.00122e+22	1.05e-28	1.95e-21	7.12e-16	2.74e-11	3.13e-06	4.54e-03	9.95e-01	0.00e+00	0.00e+00	0.00e+00	0.00e+00	0.00e+00	1.84e-77
 1.01545e+22	1.24e-28	2.24e-21	7.88e-16	2.93e-11	3.30e-06	4.67e-03	9.95e-01	0.00e+00	0.00e+00	0.00e+00	0.00e+00	0.00e+00	2.85e-77
 1.02838e+22	1.44e-28	2.52e-21	8.63e-16	3.11e-11	3.46e-06	4.79e-03	9.95e-01	0.00e+00	0.00e+00	0.00e+00	0.00e+00	0.00e+00	4.21e-77
 1.04325e+22	1.72e-28	2.90e-21	9.59e-16	3.33e-11	3.65e-06	4.94e-03	9.95e-01	0.00e+00	0.00e+00	0.00e+00	0.00e+00	0.00e+00	6.61e-77
 1.05996e+22	2.09e-28	3.40e-21	1.08e-15	3.61e-11	3.88e-06	5.10e-03	9.95e-01	0.00e+00	0.00e+00	0.00e+00	0.00e+00	0.00e+00	1.09e-76
 1.07570e+22	2.52e-28	3.94e-21	1.21e-15	3.88e-11	4.11e-06	5.26e-03	9.95e-01	0.00e+00	0.00e+00	0.00e+00	0.00e+00	0.00e+00	1.75e-76
 1.09031e+22	2.99e-28	4.52e-21	1.34e-15	4.16e-11	4.34e-06	5.41e-03	9.95e-01	0.00e+00	0.00e+00	0.00e+00	0.00e+00	0.00e+00	2.71e-76
 1.10685e+22	3.62e-28	5.28e-21	1.50e-15	4.50e-11	4.60e-06	5.58e-03	9.94e-01	0.00e+00	0.00e+00	0.00e+00	0.00e+00	0.00e+00	4.42e-76
 1.12415e+22	4.44e-28	6.21e-21	1.70e-15	4.88e-11	4.90e-06	5.77e-03	9.94e-01	0.00e+00	0.00e+00	0.00e+00	0.00e+00	0.00e+00	7.40e-76
 1.13861e+22	5.25e-28	7.12e-21	1.88e-15	5.23e-11	5.16e-06	5.93e-03	9.94e-01	0.00e+00	0.00e+00	0.00e+00	0.00e+00	0.00e+00	1.13e-75
 1.15358e+22	6.25e-28	8.19e-21	2.09e-15	5.61e-11	5.45e-06	6.10e-03	9.94e-01	0.00e+00	0.00e+00	0.00e+00	0.00e+00	0.00e+00	1.76e-75
 1.17304e+22	7.83e-28	9.82e-21	2.40e-15	6.15e-11	5.84e-06	6.33e-03	9.94e-01	0.00e+00	0.00e+00	0.00e+00	0.00e+00	0.00e+00	3.10e-75
 1.19252e+22	9.84e-28	1.18e-20	2.76e-15	6.75e-11	6.26e-06	6.57e-03	9.93e-01	0.00e+00	0.00e+00	0.00e+00	0.00e+00	0.00e+00	5.50e-75
 1.20760e+22	1.17e-27	1.36e-20	3.08e-15	7.26e-11	6.61e-06	6.75e-03	9.93e-01	0.00e+00	0.00e+00	0.00e+00	0.00e+00	0.00e+00	8.54e-75
 1.22277e+22	1.40e-27	1.57e-20	3.43e-15	7.81e-11	6.98e-06	6.94e-03	9.93e-01	0.00e+00	0.00e+00	0.00e+00	0.00e+00	0.00e+00	1.33e-74
 1.24249e+22	1.76e-27	1.89e-20	3.95e-15	8.59e-11	7.48e-06	7.20e-03	9.93e-01	0.00e+00	0.00e+00	0.00e+00	0.00e+00	0.00e+00	2.34e-74
 1.26274e+22	2.24e-27	2.29e-20	4.57e-15	9.49e-11	8.05e-06	7.48e-03	9.93e-01	0.00e+00	0.00e+00	0.00e+00	0.00e+00	0.00e+00	4.22e-74
 1.27852e+22	2.69e-27	2.66e-20	5.12e-15	1.03e-10	8.52e-06	7.70e-03	9.92e-01	0.00e+00	0.00e+00	0.00e+00	0.00e+00	0.00e+00	6.67e-74
 1.29183e+22	3.15e-27	3.02e-20	5.65e-15	1.10e-10	8.93e-06	7.89e-03	9.92e-01	0.00e+00	0.00e+00	0.00e+00	0.00e+00	0.00e+00	9.81e-74
 1.30708e+22	3.77e-27	3.49e-20	6.31e-15	1.18e-10	9.43e-06	8.11e-03	9.92e-01	0.00e+00	0.00e+00	0.00e+00	0.00e+00	0.00e+00	1.52e-73
 1.32691e+22	4.75e-27	4.22e-20	7.29e-15	1.30e-10	1.01e-05	8.40e-03	9.92e-01	0.00e+00	0.00e+00	0.00e+00	0.00e+00	0.00e+00	2.69e-73
 1.34695e+22	6.04e-27	5.12e-20	8.46e-15	1.44e-10	1.09e-05	8.72e-03	9.91e-01	0.00e+00	0.00e+00	0.00e+00	0.00e+00	0.00e+00	4.80e-73
 1.36271e+22	7.33e-27	6.00e-20	9.54e-15	1.57e-10	1.15e-05	8.98e-03	9.91e-01	0.00e+00	0.00e+00	0.00e+00	0.00e+00	0.00e+00	7.68e-73
 1.37864e+22	8.81e-27	6.97e-20	1.07e-14	1.70e-10	1.22e-05	9.23e-03	9.91e-01	0.00e+00	0.00e+00	0.00e+00	0.00e+00	0.00e+00	1.20e-72
 1.39935e+22	1.13e-26	8.51e-20	1.25e-14	1.88e-10	1.31e-05	9.58e-03	9.90e-01	0.00e+00	0.00e+00	0.00e+00	0.00e+00	0.00e+00	2.16e-72
 1.42037e+22	1.45e-26	1.05e-19	1.46e-14	2.10e-10	1.42e-05	9.95e-03	9.90e-01	0.00e+00	0.00e+00	0.00e+00	0.00e+00	0.00e+00	3.97e-72
 1.43700e+22	1.77e-26	1.23e-19	1.66e-14	2.29e-10	1.50e-05	1.03e-02	9.90e-01	0.00e+00	0.00e+00	0.00e+00	0.00e+00	0.00e+00	6.42e-72
 1.45381e+22	2.17e-26	1.45e-19	1.89e-14	2.50e-10	1.60e-05	1.06e-02	9.89e-01	0.00e+00	0.00e+00	0.00e+00	0.00e+00	0.00e+00	1.04e-71
 1.47567e+22	2.82e-26	1.80e-19	2.22e-14	2.80e-10	1.73e-05	1.10e-02	9.89e-01	0.00e+00	0.00e+00	0.00e+00	0.00e+00	0.00e+00	1.92e-71
 1.49797e+22	3.69e-26	2.24e-19	2.64e-14	3.16e-10	1.87e-05	1.14e-02	9.89e-01	0.00e+00	0.00e+00	0.00e+00	0.00e+00	0.00e+00	3.65e-71
 1.51577e+22	4.58e-26	2.68e-19	3.03e-14	3.47e-10	1.99e-05	1.18e-02	9.88e-01	0.00e+00	0.00e+00	0.00e+00	0.00e+00	0.00e+00	6.08e-71
 1.53383e+22	5.68e-26	3.20e-19	3.47e-14	3.82e-10	2.12e-05	1.22e-02	9.88e-01	0.00e+00	0.00e+00	0.00e+00	0.00e+00	0.00e+00	1.01e-70
 1.55732e+22	7.51e-26	4.02e-19	4.14e-14	4.32e-10	2.31e-05	1.27e-02	9.87e-01	0.00e+00	0.00e+00	0.00e+00	0.00e+00	0.00e+00	1.94e-70
 1.58125e+22	1.00e-25	5.09e-19	4.98e-14	4.91e-10	2.51e-05	1.32e-02	9.87e-01	0.00e+00	0.00e+00	0.00e+00	0.00e+00	0.00e+00	3.79e-70
 1.60050e+22	1.26e-25	6.14e-19	5.77e-14	5.44e-10	2.69e-05	1.37e-02	9.86e-01	0.00e+00	0.00e+00	0.00e+00	0.00e+00	0.00e+00	6.47e-70
 1.62029e+22	1.59e-25	7.43e-19	6.69e-14	6.03e-10	2.88e-05	1.42e-02	9.86e-01	0.00e+00	0.00e+00	0.00e+00	0.00e+00	0.00e+00	1.11e-69
 1.64212e+22	2.05e-25	9.16e-19	7.88e-14	6.76e-10	3.11e-05	1.47e-02	9.85e-01	0.00e+00	0.00e+00	0.00e+00	0.00e+00	0.00e+00	2.00e-69
 1.66180e+22	2.57e-25	1.11e-18	9.12e-14	7.49e-10	3.32e-05	1.52e-02	9.85e-01	0.00e+00	0.00e+00	0.00e+00	0.00e+00	0.00e+00	3.38e-69
 1.67962e+22	3.15e-25	1.31e-18	1.04e-13	8.22e-10	3.53e-05	1.56e-02	9.84e-01	0.00e+00	0.00e+00	0.00e+00	0.00e+00	0.00e+00	5.41e-69
 1.69982e+22	3.94e-25	1.58e-18	1.20e-13	9.10e-10	3.77e-05	1.62e-02	9.84e-01	0.00e+00	0.00e+00	0.00e+00	0.00e+00	0.00e+00	9.11e-69
 1.72608e+22	5.26e-25	2.00e-18	1.45e-13	1.04e-09	4.11e-05	1.69e-02	9.83e-01	0.00e+00	0.00e+00	0.00e+00	0.00e+00	0.00e+00	1.77e-68
 1.75246e+22	7.01e-25	2.54e-18	1.75e-13	1.18e-09	4.48e-05	1.76e-02	9.82e-01	0.00e+00	0.00e+00	0.00e+00	0.00e+00	0.00e+00	3.43e-68
 1.77304e+22	8.74e-25	3.05e-18	2.02e-13	1.31e-09	4.79e-05	1.82e-02	9.82e-01	0.00e+00	0.00e+00	0.00e+00	0.00e+00	0.00e+00	5.69e-68
 1.79387e+22	1.08e-24	3.64e-18	2.32e-13	1.45e-09	5.11e-05	1.88e-02	9.81e-01	0.00e+00	0.00e+00	0.00e+00	0.00e+00	0.00e+00	9.32e-68
 1.82093e+22	1.42e-24	4.57e-18	2.78e-13	1.64e-09	5.55e-05	1.95e-02	9.80e-01	0.00e+00	0.00e+00	0.00e+00	0.00e+00	0.00e+00	1.74e-67
 1.84941e+22	1.89e-24	5.80e-18	3.35e-13	1.87e-09	6.05e-05	2.04e-02	9.80e-01	0.00e+00	0.00e+00	0.00e+00	0.00e+00	0.00e+00	3.35e-67
 1.87354e+22	2.39e-24	7.06e-18	3.91e-13	2.09e-09	6.49e-05	2.11e-02	9.79e-01	0.00e+00	0.00e+00	0.00e+00	0.00e+00	0.00e+00	5.73e-67
 1.89871e+22	3.03e-24	8.59e-18	4.57e-13	2.33e-09	6.98e-05	2.19e-02	9.78e-01	0.00e+00	0.00e+00	0.00e+00	0.00e+00	0.00e+00	9.84e-67
 1.93143e+22	4.07e-24	1.10e-17	5.56e-13	2.69e-09	7.64e-05	2.29e-02	9.77e-01	0.00e+00	0.00e+00	0.00e+00	0.00e+00	0.00e+00	1.94e-66
 1.96486e+22	5.50e-24	1.42e-17	6.78e-13	3.10e-09	8.38e-05	2.39e-02	9.76e-01	0.00e+00	0.00e+00	0.00e+00	0.00e+00	0.00e+00	3.86e-66
 1.99061e+22	6.91e-24	1.72e-17	7.91e-13	3.45e-09	9.00e-05	2.48e-02	9.75e-01	0.00e+00	0.00e+00	0.00e+00	0.00e+00	0.00e+00	6.52e-66
 2.01145e+22	8.23e-24	1.99e-17	8.89e-13	3.75e-09	9.51e-05	2.54e-02	9.74e-01	0.00e+00	0.00e+00	0.00e+00	0.00e+00	0.00e+00	9.75e-66
 2.03448e+22	9.89e-24	2.33e-17	1.01e-12	4.10e-09	1.01e-04	2.62e-02	9.74e-01	0.00e+00	0.00e+00	0.00e+00	0.00e+00	0.00e+00	1.49e-65
 2.06442e+22	1.26e-23	2.85e-17	1.18e-12	4.60e-09	1.09e-04	2.71e-02	9.73e-01	0.00e+00	0.00e+00	0.00e+00	0.00e+00	0.00e+00	2.57e-65
 2.09643e+22	1.61e-23	3.53e-17	1.40e-12	5.20e-09	1.17e-04	2.82e-02	9.72e-01	0.00e+00	0.00e+00	0.00e+00	0.00e+00	0.00e+00	4.57e-65
 2.12424e+22	1.99e-23	4.23e-17	1.62e-12	5.76e-09	1.26e-04	2.92e-02	9.71e-01	0.00e+00	0.00e+00	0.00e+00	0.00e+00	0.00e+00	7.44e-65
 2.15353e+22	2.47e-23	5.08e-17	1.87e-12	6.40e-09	1.35e-04	3.02e-02	9.70e-01	0.00e+00	0.00e+00	0.00e+00	5.07e-17	1.10e-19	1.22e-64
 2.19160e+22	3.23e-23	6.40e-17	2.25e-12	7.31e-09	1.47e-04	3.15e-02	9.68e-01	0.00e+00	0.00e+00	0.00e+00	6.39e-17	1.38e-19	2.26e-64
 2.23013e+22	4.23e-23	8.07e-17	2.71e-12	8.36e-09	1.60e-04	3.28e-02	9.67e-01	0.00e+00	0.00e+00	0.00e+00	8.06e-17	1.75e-19	4.21e-64
 2.26066e+22	5.19e-23	9.65e-17	3.12e-12	9.26e-09	1.71e-04	3.39e-02	9.66e-01	0.00e+00	0.00e+00	0.00e+00	9.63e-17	2.09e-19	6.78e-64
 2.28669e+22	6.14e-23	1.12e-16	3.51e-12	1.01e-08	1.81e-04	3.48e-02	9.65e-01	0.00e+00	0.00e+00	0.00e+00	1.12e-16	2.42e-19	1.00e-63
 2.31544e+22	7.36e-23	1.31e-16	3.99e-12	1.11e-08	1.92e-04	3.59e-02	9.64e-01	0.00e+00	0.00e+00	0.00e+00	1.31e-16	2.83e-19	1.53e-63
 2.35282e+22	9.24e-23	1.60e-16	4.68e-12	1.24e-08	2.07e-04	3.72e-02	9.63e-01	0.00e+00	0.00e+00	0.00e+00	1.60e-16	3.45e-19	2.60e-63
 2.39149e+22	1.16e-22	1.97e-16	5.52e-12	1.40e-08	2.24e-04	3.87e-02	9.61e-01	0.00e+00	0.00e+00	0.00e+00	1.96e-16	4.23e-19	4.46e-63
 2.42337e+22	1.40e-22	2.32e-16	6.30e-12	1.54e-08	2.38e-04	3.99e-02	9.60e-01	0.00e+00	0.00e+00	0.00e+00	2.31e-16	4.98e-19	6.88e-63
 2.45637e+22	1.68e-22	2.73e-16	7.18e-12	1.69e-08	2.54e-04	4.11e-02	9.59e-01	0.00e+00	0.00e+00	0.00e+00	2.72e-16	5.86e-19	1.06e-62
 2.49927e+22	2.11e-22	3.36e-16	8.48e-12	1.91e-08	2.75e-04	4.27e-02	9.57e-01	0.00e+00	0.00e+00	0.00e+00	3.35e-16	7.20e-19	1.82e-62
 2.54375e+22	2.66e-22	4.15e-16	1.01e-11	2.17e-08	2.98e-04	4.44e-02	9.55e-01	0.00e+00	0.00e+00	0.00e+00	4.14e-16	8.88e-19	3.16e-62
 2.58070e+22	3.20e-22	4.93e-16	1.15e-11	2.40e-08	3.18e-04	4.58e-02	9.54e-01	0.00e+00	0.00e+00	0.00e+00	4.92e-16	1.05e-18	4.93e-62
 2.61914e+22	3.84e-22	5.84e-16	1.32e-11	2.65e-08	3.40e-04	4.73e-02	9.52e-01	0.00e+00	0.00e+00	0.00e+00	5.83e-16	1.25e-18	7.67e-62
 2.66911e+22	4.83e-22	7.25e-16	1.57e-11	3.01e-08	3.69e-04	4.92e-02	9.50e-01	0.00e+00	0.00e+00	0.00e+00	7.23e-16	1.54e-18	1.34e-61
 2.72085e+22	6.08e-22	9.03e-16	1.88e-11	3.42e-08	4.02e-04	5.13e-02	9.48e-01	0.00e+00	0.00e+00	0.00e+00	9.01e-16	1.92e-18	2.35e-61
 2.76155e+22	7.22e-22	1.07e-15	2.15e-11	3.78e-08	4.29e-04	5.30e-02	9.47e-01	0.00e+00	0.00e+00	0.00e+00	1.07e-15	2.27e-18	3.61e-61
 2.80116e+22	8.48e-22	1.25e-15	2.45e-11	4.15e-08	4.55e-04	5.45e-02	9.45e-01	0.00e+00	0.00e+00	0.00e+00	1.25e-15	2.65e-18	5.38e-61
 2.85264e+22	1.04e-21	1.53e-15	2.87e-11	4.67e-08	4.92e-04	5.66e-02	9.43e-01	0.00e+00	0.00e+00	0.00e+00	1.52e-15	3.23e-18	8.91e-61
 2.90698e+22	1.27e-21	1.88e-15	3.39e-11	5.28e-08	5.33e-04	5.88e-02	9.41e-01	0.00e+00	0.00e+00	0.00e+00	1.87e-15	3.96e-18	1.50e-60
 2.95349e+22	1.50e-21	2.23e-15	3.90e-11	5.85e-08	5.70e-04	6.08e-02	9.39e-01	0.00e+00	0.00e+00	0.00e+00	2.23e-15	4.70e-18	2.30e-60
 3.00241e+22	1.78e-21	2.65e-15	4.49e-11	6.49e-08	6.10e-04	6.28e-02	9.37e-01	0.00e+00	0.00e+00	0.00e+00	2.65e-15	5.57e-18	3.56e-60
 3.06601e+22	2.19e-21	3.30e-15	5.35e-11	7.39e-08	6.64e-04	6.54e-02	9.34e-01	0.00e+00	0.00e+00	0.00e+00	3.30e-15	6.91e-18	6.13e-60
 3.13268e+22	2.70e-21	4.15e-15	6.43e-11	8.47e-08	7.25e-04	6.82e-02	9.31e-01	0.00e+00	0.00e+00	0.00e+00	4.14e-15	8.64e-18	1.07e-59
 3.18938e+22	3.18e-21	5.00e-15	7.48e-11	9.47e-08	7.80e-04	7.06e-02	9.29e-01	0.00e+00	0.00e+00	0.00e+00	4.99e-15	1.04e-17	1.68e-59
 3.23957e+22	3.67e-21	5.88e-15	8.53e-11	1.04e-07	8.31e-04	7.28e-02	9.26e-01	0.00e+00	0.00e+00	0.00e+00	5.86e-15	1.22e-17	2.49e-59
 3.29523e+22	4.29e-21	7.00e-15	9.82e-11	1.16e-07	8.89e-04	7.52e-02	9.24e-01	0.00e+00	0.00e+00	0.00e+00	6.98e-15	1.45e-17	3.81e-59
 3.36758e+22	5.14e-21	8.63e-15	1.16e-10	1.31e-07	9.66e-04	7.82e-02	9.21e-01	0.00e+00	0.00e+00	0.00e+00	8.61e-15	1.78e-17	6.34e-59
 3.44338e+22	6.22e-21	1.09e-14	1.40e-10	1.51e-07	1.06e-03	8.16e-02	9.17e-01	0.00e+00	0.00e+00	0.00e+00	1.08e-14	2.23e-17	1.09e-58
 3.50659e+22	7.22e-21	1.31e-14	1.63e-10	1.68e-07	1.14e-03	8.45e-02	9.14e-01	0.00e+00	0.00e+00	0.00e+00	1.30e-14	2.67e-17	1.69e-58
 3.56223e+22	8.18e-21	1.53e-14	1.85e-10	1.85e-07	1.21e-03	8.70e-02	9.12e-01	0.00e+00	0.00e+00	0.00e+00	1.52e-14	3.11e-17	2.44e-58
 3.62509e+22	9.40e-21	1.81e-14	2.12e-10	2.05e-07	1.29e-03	8.98e-02	9.09e-01	0.00e+00	0.00e+00	0.00e+00	1.81e-14	3.68e-17	3.67e-58
 3.70682e+22	1.11e-20	2.25e-14	2.53e-10	2.33e-07	1.41e-03	9.35e-02	9.05e-01	0.00e+00	0.00e+00	0.00e+00	2.24e-14	4.55e-17	6.09e-58
 3.79102e+22	1.31e-20	2.81e-14	3.03e-10	2.67e-07	1.53e-03	9.74e-02	9.01e-01	0.00e+00	0.00e+00	0.00e+00	2.80e-14	5.66e-17	1.02e-57
 3.85944e+22	1.49e-20	3.36e-14	3.50e-10	2.97e-07	1.64e-03	1.01e-01	8.98e-01	0.00e+00	0.00e+00	0.00e+00	3.35e-14	6.73e-17	1.53e-57
 3.92942e+22	1.70e-20	3.98e-14	4.02e-10	3.29e-07	1.76e-03	1.04e-01	8.94e-01	0.00e+00	0.00e+00	0.00e+00	3.98e-14	7.96e-17	2.28e-57
 4.02040e+22	1.99e-20	4.93e-14	4.78e-10	3.74e-07	1.91e-03	1.08e-01	8.90e-01	0.00e+00	0.00e+00	0.00e+00	4.92e-14	9.80e-17	3.75e-57
 4.11575e+22	2.34e-20	6.23e-14	5.78e-10	4.31e-07	2.10e-03	1.13e-01	8.85e-01	0.00e+00	0.00e+00	0.00e+00	6.22e-14	1.23e-16	6.38e-57
 4.19501e+22	2.65e-20	7.51e-14	6.72e-10	4.82e-07	2.26e-03	1.17e-01	8.81e-01	0.00e+00	0.00e+00	0.00e+00	7.49e-14	1.48e-16	9.73e-57
 4.27624e+22	3.02e-20	9.01e-14	7.80e-10	5.39e-07	2.43e-03	1.21e-01	8.77e-01	0.00e+00	0.00e+00	0.00e+00	9.00e-14	1.77e-16	1.48e-56
 4.38184e+22	3.52e-20	1.13e-13	9.38e-10	6.18e-07	2.65e-03	1.26e-01	8.72e-01	0.00e+00	0.00e+00	0.00e+00	1.13e-13	2.20e-16	2.49e-56
 4.49234e+22	4.12e-20	1.44e-13	1.14e-09	7.16e-07	2.92e-03	1.31e-01	8.66e-01	0.00e+00	0.00e+00	0.00e+00	1.44e-13	2.79e-16	4.30e-56
 4.57807e+22	4.62e-20	1.74e-13	1.33e-09	8.01e-07	3.14e-03	1.36e-01	8.61e-01	0.00e+00	0.00e+00	0.00e+00	1.73e-13	3.34e-16	6.50e-56
 4.64586e+22	5.05e-20	2.00e-13	1.49e-09	8.72e-07	3.32e-03	1.39e-01	8.57e-01	0.00e+00	0.00e+00	0.00e+00	1.99e-13	3.84e-16	8.93e-56
 4.72148e+22	5.57e-20	2.33e-13	1.69e-09	9.58e-07	3.52e-03	1.43e-01	8.53e-01	0.00e+00	0.00e+00	0.00e+00	2.33e-13	4.45e-16	1.26e-55
 4.81980e+22	6.30e-20	2.83e-13	1.98e-09	1.08e-06	3.80e-03	1.48e-01	8.48e-01	0.00e+00	0.00e+00	0.00e+00	2.82e-13	5.37e-16	1.95e-55
 4.92694e+22	7.15e-20	3.49e-13	2.35e-09	1.22e-06	4.13e-03	1.54e-01	8.42e-01	0.00e+00	0.00e+00	0.00e+00	3.48e-13	6.59e-16	3.14e-55
 5.02254e+22	7.95e-20	4.20e-13	2.74e-09	1.37e-06	4.45e-03	1.59e-01	8.37e-01	0.00e+00	0.00e+00	0.00e+00	4.19e-13	7.89e-16	4.76e-55
 5.11051e+22	8.77e-20	4.95e-13	3.13e-09	1.52e-06	4.75e-03	1.64e-01	8.32e-01	0.00e+00	0.00e+00	0.00e+00	4.94e-13	9.26e-16	6.90e-55
 5.21159e+22	9.76e-20	5.92e-13	3.62e-09	1.69e-06	5.10e-03	1.69e-01	8.26e-01	0.00e+00	0.00e+00	0.00e+00	5.91e-13	1.10e-15	1.04e-54
 5.34300e+22	1.12e-19	7.48e-13	4.40e-09	1.96e-06	5.59e-03	1.76e-01	8.18e-01	0.00e+00	0.00e+00	0.00e+00	7.47e-13	1.38e-15	1.76e-54
 5.47764e+22	1.29e-19	9.54e-13	5.37e-09	2.27e-06	6.16e-03	1.84e-01	8.10e-01	0.00e+00	0.00e+00	0.00e+00	9.52e-13	1.75e-15	3.04e-54
 5.58598e+22	1.41e-19	1.15e-12	6.26e-09	2.55e-06	6.63e-03	1.90e-01	8.04e-01	0.00e+00	0.00e+00	0.00e+00	1.15e-12	2.10e-15	4.63e-54
 5.69635e+22	1.57e-19	1.38e-12	7.28e-09	2.85e-06	7.13e-03	1.96e-01	7.97e-01	0.00e+00	0.00e+00	0.00e+00	1.38e-12	2.50e-15	7.00e-54
 5.83983e+22	1.77e-19	1.74e-12	8.80e-09	3.29e-06	7.81e-03	2.04e-01	7.88e-01	0.00e+00	0.00e+00	0.00e+00	1.73e-12	3.11e-15	1.18e-53
 5.99223e+22	2.00e-19	2.22e-12	1.08e-08	3.84e-06	8.62e-03	2.13e-01	7.79e-01	0.00e+00	0.00e+00	0.00e+00	2.22e-12	3.96e-15	2.05e-53
 6.12193e+22	2.21e-19	2.74e-12	1.29e-08	4.37e-06	9.37e-03	2.20e-01	7.70e-01	0.00e+00	0.00e+00	0.00e+00	2.73e-12	4.85e-15	3.27e-53
 6.25623e+22	2.42e-19	3.32e-12	1.51e-08	4.94e-06	1.01e-02	2.28e-01	7.62e-01	0.00e+00	0.00e+00	0.00e+00	3.32e-12	5.85e-15	5.09e-53
 6.43082e+22	2.72e-19	4.27e-12	1.86e-08	5.78e-06	1.12e-02	2.38e-01	7.51e-01	0.00e+00	0.00e+00	0.00e+00	4.26e-12	7.44e-15	8.95e-53
 6.61126e+22	3.07e-19	5.55e-12	2.32e-08	6.83e-06	1.25e-02	2.48e-01	7.39e-01	0.00e+00	0.00e+00	0.00e+00	5.54e-12	9.60e-15	1.62e-52
 6.75050e+22	3.30e-19	6.79e-12	2.75e-08	7.77e-06	1.35e-02	2.57e-01	7.30e-01	0.00e+00	0.00e+00	0.00e+00	6.78e-12	1.17e-14	2.54e-52
 6.86296e+22	3.48e-19	7.86e-12	3.11e-08	8.53e-06	1.43e-02	2.63e-01	7.23e-01	0.00e+00	0.00e+00	0.00e+00	7.85e-12	1.35e-14	3.55e-52
 6.98946e+22	3.74e-19	9.27e-12	3.58e-08	9.48e-06	1.53e-02	2.70e-01	7.14e-01	0.00e+00	0.00e+00	0.00e+00	9.25e-12	1.58e-14	5.13e-52
 7.15391e+22	4.06e-19	1.14e-11	4.25e-08	1.08e-05	1.67e-02	2.79e-01	7.04e-01	0.00e+00	0.00e+00	0.00e+00	1.13e-11	1.92e-14	8.09e-52
 7.33731e+22	4.42e-19	1.42e-11	5.16e-08	1.25e-05	1.83e-02	2.90e-01	6.92e-01	0.00e+00	0.00e+00	0.00e+00	1.42e-11	2.39e-14	1.35e-51
 7.50236e+22	4.74e-19	1.75e-11	6.14e-08	1.43e-05	1.99e-02	2.99e-01	6.81e-01	0.00e+00	0.00e+00	0.00e+00	1.74e-11	2.90e-14	2.11e-51
 7.64731e+22	5.03e-19	2.07e-11	7.10e-08	1.60e-05	2.13e-02	3.08e-01	6.71e-01	0.00e+00	0.00e+00	0.00e+00	2.06e-11	3.42e-14	3.07e-51
 7.80915e+22	5.34e-19	2.45e-11	8.23e-08	1.79e-05	2.29e-02	3.16e-01	6.61e-01	0.00e+00	0.00e+00	0.00e+00	2.45e-11	4.03e-14	4.51e-51
 8.01953e+22	5.75e-19	3.05e-11	9.93e-08	2.07e-05	2.51e-02	3.27e-01	6.48e-01	0.00e+00	0.00e+00	0.00e+00	3.05e-11	4.95e-14	7.29e-51
 8.24134e+22	6.19e-19	3.85e-11	1.21e-07	2.42e-05	2.76e-02	3.39e-01	6.33e-01	0.00e+00	0.00e+00	0.00e+00	3.84e-11	6.19e-14	1.22e-50
 8.42724e+22	6.56e-19	4.66e-11	1.43e-07	2.75e-05	2.99e-02	3.49e-01	6.21e-01	0.00e+00	0.00e+00	0.00e+00	4.65e-11	7.43e-14	1.84e-50
 8.61817e+22	6.94e-19	5.53e-11	1.67e-07	3.09e-05	3.22e-02	3.58e-01	6.09e-01	0.00e+00	0.00e+00	0.00e+00	5.52e-11	8.74e-14	2.68e-50
 8.86638e+22	7.45e-19	6.86e-11	2.01e-07	3.58e-05	3.52e-02	3.70e-01	5.95e-01	0.00e+00	0.00e+00	0.00e+00	6.85e-11	1.07e-13	4.28e-50
 9.12944e+22	7.99e-19	8.63e-11	2.46e-07	4.19e-05	3.88e-02	3.83e-01	5.78e-01	0.00e+00	0.00e+00	0.00e+00	8.62e-11	1.33e-13	7.05e-50
 9.35234e+22	8.48e-19	1.04e-10	2.91e-07	4.78e-05	4.21e-02	3.93e-01	5.65e-01	0.00e+00	0.00e+00	0.00e+00	1.04e-10	1.60e-13	1.06e-49
 9.58264e+22	8.97e-19	1.24e-10	3.38e-07	5.38e-05	4.52e-02	4.03e-01	5.52e-01	0.00e+00	0.00e+00	0.00e+00	1.23e-10	1.87e-13	1.53e-49
 9.88203e+22	9.62e-19	1.53e-10	4.08e-07	6.23e-05	4.95e-02	4.15e-01	5.36e-01	0.00e+00	0.00e+00	0.00e+00	1.52e-10	2.27e-13	2.40e-49
 1.02045e+23	1.04e-18	1.92e-10	5.01e-07	7.32e-05	5.46e-02	4.28e-01	5.18e-01	0.00e+00	0.00e+00	0.00e+00	1.92e-10	2.81e-13	3.92e-49
 1.04854e+23	1.11e-18	2.32e-10	5.94e-07	8.38e-05	5.93e-02	4.38e-01	5.02e-01	0.00e+00	0.00e+00	0.00e+00	2.32e-10	3.36e-13	5.90e-49
 1.07159e+23	1.17e-18	2.69e-10	6.79e-07	9.31e-05	6.32e-02	4.47e-01	4.90e-01	0.00e+00	0.00e+00	0.00e+00	2.69e-10	3.86e-13	8.13e-49
 1.09525e+23	1.23e-18	3.08e-10	7.66e-07	1.03e-04	6.70e-02	4.54e-01	4.79e-01	0.00e+00	0.00e+00	0.00e+00	3.08e-10	4.36e-13	1.08e-48
 1.12602e+23	1.31e-18	3.63e-10	8.90e-07	1.15e-04	7.20e-02	4.63e-01	4.64e-01	0.00e+00	0.00e+00	0.00e+00	3.63e-10	5.05e-13	1.53e-48
 1.16012e+23	1.40e-18	4.36e-10	1.05e-06	1.32e-04	7.79e-02	4.73e-01	4.49e-01	0.00e+00	0.00e+00	0.00e+00	4.36e-10	5.96e-13	2.27e-48
 1.19122e+23	1.50e-18	5.13e-10	1.22e-06	1.48e-04	8.36e-02	4.82e-01	4.34e-01	0.00e+00	0.00e+00	0.00e+00	5.13e-10	6.92e-13	3.22e-48
 1.21913e+23	1.57e-18	5.86e-10	1.37e-06	1.63e-04	8.86e-02	4.89e-01	4.22e-01	0.00e+00	0.00e+00	0.00e+00	5.86e-10	7.80e-13	4.29e-48
 1.25020e+23	1.66e-18	6.71e-10	1.55e-06	1.80e-04	9.40e-02	4.96e-01	4.10e-01	0.00e+00	0.00e+00	0.00e+00	6.70e-10	8.76e-13	5.69e-48
 1.29060e+23	1.77e-18	7.87e-10	1.80e-06	2.03e-04	1.01e-01	5.04e-01	3.95e-01	0.00e+00	0.00e+00	0.00e+00	7.86e-10	1.00e-12	8.00e-48
 1.33496e+23	1.91e-18	9.42e-10	2.12e-06	2.32e-04	1.09e-01	5.12e-01	3.79e-01	0.00e+00	0.00e+00	0.00e+00	9.41e-10	1.17e-12	1.18e-47
 1.37429e+23	2.03e-18	1.10e-09	2.44e-06	2.60e-04	1.17e-01	5.19e-01	3.64e-01	0.00e+00	0.00e+00	0.00e+00	1.10e-09	1.35e-12	1.65e-47
 1.40925e+23	2.13e-18	1.24e-09	2.73e-06	2.85e-04	1.23e-01	5.24e-01	3.53e-01	0.00e+00	0.00e+00	0.00e+00	1.24e-09	1.49e-12	2.15e-47
 1.44867e+23	2.23e-18	1.40e-09	3.06e-06	3.12e-04	1.30e-01	5.29e-01	3.41e-01	0.00e+00	0.00e+00	0.00e+00	1.40e-09	1.65e-12	2.78e-47
 1.49992e+23	2.35e-18	1.62e-09	3.49e-06	3.47e-04	1.38e-01	5.34e-01	3.27e-01	0.00e+00	0.00e+00	0.00e+00	1.62e-09	1.83e-12	3.77e-47
 1.56007e+23	2.50e-18	1.91e-09	4.08e-06	3.94e-04	1.49e-01	5.40e-01	3.11e-01	0.00e+00	0.00e+00	0.00e+00	1.91e-09	2.09e-12	5.37e-47
 1.61877e+23	2.67e-18	2.24e-09	4.74e-06	4.45e-04	1.60e-01	5.44e-01	2.95e-01	0.00e+00	0.00e+00	0.00e+00	2.24e-09	2.39e-12	7.65e-47
 1.67131e+23	2.79e-18	2.55e-09	5.33e-06	4.91e-04	1.69e-01	5.47e-01	2.83e-01	0.00e+00	0.00e+00	0.00e+00	2.55e-09	2.63e-12	1.01e-46
 1.72890e+23	2.89e-18	2.86e-09	5.94e-06	5.36e-04	1.78e-01	5.50e-01	2.72e-01	0.00e+00	0.00e+00	0.00e+00	2.85e-09	2.84e-12	1.29e-46
 1.79730e+23	3.00e-18	3.25e-09	6.70e-06	5.92e-04	1.89e-01	5.52e-01	2.59e-01	0.00e+00	0.00e+00	0.00e+00	3.25e-09	3.11e-12	1.72e-46
 1.87042e+23	3.10e-18	3.70e-09	7.59e-06	6.57e-04	2.00e-01	5.53e-01	2.46e-01	0.00e+00	0.00e+00	0.00e+00	3.70e-09	3.39e-12	2.26e-46
 1.94647e+23	3.19e-18	4.17e-09	8.49e-06	7.21e-04	2.11e-01	5.54e-01	2.34e-01	0.00e+00	0.00e+00	0.00e+00	4.17e-09	3.64e-12	2.94e-46
 2.02557e+23	3.24e-18	4.66e-09	9.43e-06	7.87e-04	2.22e-01	5.54e-01	2.23e-01	0.00e+00	0.00e+00	0.00e+00	4.65e-09	3.88e-12	3.74e-46
 2.10783e+23	3.27e-18	5.15e-09	1.04e-05	8.56e-04	2.33e-01	5.54e-01	2.13e-01	0.00e+00	0.00e+00	0.00e+00	5.15e-09	4.08e-12	4.62e-46
 2.19337e+23	3.27e-18	5.65e-09	1.14e-05	9.23e-04	2.43e-01	5.53e-01	2.03e-01	0.00e+00	0.00e+00	0.00e+00	5.65e-09	4.25e-12	5.62e-46
 2.27788e+23	3.28e-18	6.18e-09	1.24e-05	9.94e-04	2.54e-01	5.51e-01	1.94e-01	0.00e+00	0.00e+00	0.00e+00	6.18e-09	4.42e-12	6.83e-46
 2.35557e+23	3.27e-18	6.64e-09	1.33e-05	1.05e-03	2.62e-01	5.50e-01	1.87e-01	0.00e+00	0.00e+00	0.00e+00	6.64e-09	4.54e-12	8.01e-46
 2.42550e+23	3.24e-18	7.06e-09	1.42e-05	1.11e-03	2.70e-01	5.48e-01	1.81e-01	0.00e+00	0.00e+00	0.00e+00	7.05e-09	4.64e-12	9.07e-46
 2.48843e+23	3.21e-18	7.41e-09	1.48e-05	1.16e-03	2.76e-01	5.47e-01	1.76e-01	0.00e+00	0.00e+00	0.00e+00	7.41e-09	4.70e-12	1.01e-45
 2.54507e+23	3.17e-18	7.71e-09	1.54e-05	1.20e-03	2.82e-01	5.45e-01	1.72e-01	0.00e+00	0.00e+00	0.00e+00	7.70e-09	4.72e-12	1.10e-45
 2.59604e+23	3.13e-18	7.96e-09	1.60e-05	1.23e-03	2.86e-01	5.44e-01	1.68e-01	0.00e+00	0.00e+00	0.00e+00	7.96e-09	4.74e-12	1.17e-45
 2.64192e+23	3.09e-18	8.19e-09	1.64e-05	1.26e-03	2.91e-01	5.43e-01	1.65e-01	0.00e+00	0.00e+00	0.00e+00	8.18e-09	4.75e-12	1.24e-45
 2.68321e+23	3.05e-18	8.37e-09	1.68e-05	1.29e-03	2.94e-01	5.42e-01	1.63e-01	0.00e+00	0.00e+00	0.00e+00	8.36e-09	4.73e-12	1.30e-45
 2.72037e+23	3.01e-18	8.52e-09	1.71e-05	1.31e-03	2.97e-01	5.41e-01	1.61e-01	0.00e+00	0.00e+00	0.00e+00	8.52e-09	4.72e-12	1.35e-45
 2.75381e+23	2.96e-18	8.66e-09	1.73e-05	1.32e-03	2.99e-01	5.40e-01	1.59e-01	0.00e+00	0.00e+00	0.00e+00	8.65e-09	4.70e-12	1.39e-45
 2.78493e+23	2.91e-18	8.74e-09	1.75e-05	1.34e-03	3.01e-01	5.40e-01	1.58e-01	0.00e+00	0.00e+00	0.00e+00	8.73e-09	4.65e-12	1.42e-45
 2.81548e+23	2.86e-18	8.81e-09	1.77e-05	1.35e-03	3.03e-01	5.39e-01	1.57e-01	0.00e+00	0.00e+00	0.00e+00	8.81e-09	4.60e-12	1.43e-45
 2.84603e+23	2.80e-18	8.89e-09	1.79e-05	1.36e-03	3.04e-01	5.38e-01	1.56e-01	0.00e+00	0.00e+00	0.00e+00	8.89e-09	4.55e-12	1.45e-45
 2.87658e+23	2.75e-18	8.97e-09	1.80e-05	1.38e-03	3.06e-01	5.38e-01	1.55e-01	0.00e+00	0.00e+00	0.00e+00	8.96e-09	4.51e-12	1.47e-45
 2.90712e+23	2.70e-18	9.02e-09	1.82e-05	1.39e-03	3.08e-01	5.37e-01	1.54e-01	0.00e+00	0.00e+00	0.00e+00	9.02e-09	4.45e-12	1.48e-45
 2.93767e+23	2.63e-18	9.06e-09	1.83e-05	1.39e-03	3.09e-01	5.37e-01	1.53e-01	0.00e+00	0.00e+00	0.00e+00	9.06e-09	4.38e-12	1.49e-45
 2.96822e+23	2.57e-18	9.10e-09	1.84e-05	1.40e-03	3.10e-01	5.36e-01	1.52e-01	0.00e+00	0.00e+00	0.00e+00	9.09e-09	4.31e-12	1.49e-45
 2.99877e+23	2.50e-18	9.13e-09	1.85e-05	1.41e-03	3.11e-01	5.36e-01	1.51e-01	0.00e+00	0.00e+00	0.00e+00	9.12e-09	4.24e-12	1.49e-45
 3.02932e+23	2.44e-18	9.16e-09	1.85e-05	1.42e-03	3.13e-01	5.36e-01	1.50e-01	0.00e+00	0.00e+00	0.00e+00	9.15e-09	4.18e-12	1.49e-45
 3.04970e+23	2.44e-18	9.30e-09	1.88e-05	1.43e-03	3.14e-01	5.35e-01	1.49e-01	0.00e+00	0.00e+00	0.00e+00	9.29e-09	4.20e-12	1.56e-45
