#depth	Mg	Mg+	Mg+2	Mg+3	Mg+4	Mg+5	Mg+6	Mg+7	Mg+8	Mg+9	Mg+10	Mg+11	Mg+12
 6.17135e+19	0.00e+00	0.00e+00	0.00e+00	0.00e+00	1.84e-29	2.53e-24	8.43e-20	9.47e-16	5.40e-12	1.66e-08	1.06e-04	2.00e-02	9.80e-01
 1.87609e+20	0.00e+00	0.00e+00	0.00e+00	0.00e+00	3.91e-29	4.89e-24	1.48e-19	1.51e-15	7.77e-12	2.17e-08	1.27e-04	2.19e-02	9.78e-01
 3.18540e+20	0.00e+00	0.00e+00	0.00e+00	0.00e+00	8.43e-29	9.53e-24	2.61e-19	2.41e-15	1.12e-11	2.85e-08	1.52e-04	2.40e-02	9.76e-01
 4.54709e+20	0.00e+00	0.00e+00	0.00e+00	0.00e+00	1.84e-28	1.88e-23	4.65e-19	3.89e-15	1.64e-11	3.75e-08	1.83e-04	2.63e-02	9.73e-01
 5.48445e+20	0.00e+00	0.00e+00	0.00e+00	0.00e+00	3.12e-28	2.97e-23	6.88e-19	5.37e-15	2.11e-11	4.52e-08	2.08e-04	2.80e-02	9.72e-01
 5.86617e+20	0.00e+00	0.00e+00	0.00e+00	0.00e+00	3.91e-28	3.61e-23	8.12e-19	6.16e-15	2.35e-11	4.89e-08	2.19e-04	2.88e-02	9.71e-01
 6.18485e+20	0.00e+00	0.00e+00	0.00e+00	0.00e+00	4.60e-28	4.17e-23	9.17e-19	6.82e-15	2.54e-11	5.19e-08	2.28e-04	2.93e-02	9.70e-01
 6.59914e+20	0.00e+00	0.00e+00	0.00e+00	0.00e+00	5.78e-28	5.08e-23	1.09e-18	7.84e-15	2.84e-11	5.62e-08	2.40e-04	3.01e-02	9.70e-01
 7.13772e+20	0.00e+00	0.00e+00	0.00e+00	0.00e+00	7.75e-28	6.55e-23	1.35e-18	9.38e-15	3.26e-11	6.24e-08	2.58e-04	3.12e-02	9.69e-01
 7.83787e+20	0.00e+00	0.00e+00	0.00e+00	0.00e+00	1.13e-27	9.10e-23	1.79e-18	1.18e-14	3.91e-11	7.12e-08	2.82e-04	3.26e-02	9.67e-01
 8.56046e+20	0.00e+00	0.00e+00	0.00e+00	4.07e-33	1.66e-27	1.27e-22	2.38e-18	1.50e-14	4.71e-11	8.17e-08	3.08e-04	3.41e-02	9.66e-01
 9.11661e+20	0.00e+00	0.00e+00	0.00e+00	5.70e-33	2.24e-27	1.65e-22	2.96e-18	1.80e-14	5.44e-11	9.07e-08	3.31e-04	3.53e-02	9.64e-01
 9.56484e+20	0.00e+00	0.00e+00	0.00e+00	7.43e-33	2.83e-27	2.02e-22	3.53e-18	2.08e-14	6.08e-11	9.85e-08	3.50e-04	3.63e-02	9.63e-01
 1.00684e+21	0.00e+00	0.00e+00	0.00e+00	1.00e-32	3.68e-27	2.54e-22	4.28e-18	2.44e-14	6.90e-11	1.08e-07	3.72e-04	3.74e-02	9.62e-01
 1.07231e+21	0.00e+00	0.00e+00	0.00e+00	1.47e-32	5.16e-27	3.41e-22	5.51e-18	3.00e-14	8.13e-11	1.22e-07	4.03e-04	3.89e-02	9.61e-01
 1.14079e+21	0.00e+00	0.00e+00	0.00e+00	2.19e-32	7.34e-27	4.62e-22	7.15e-18	3.73e-14	9.62e-11	1.38e-07	4.37e-04	4.05e-02	9.59e-01
 1.19836e+21	0.00e+00	0.00e+00	0.00e+00	3.05e-32	9.84e-27	5.97e-22	8.89e-18	4.47e-14	1.11e-10	1.53e-07	4.69e-04	4.19e-02	9.58e-01
 1.25836e+21	0.00e+00	0.00e+00	0.00e+00	4.26e-32	1.32e-26	7.71e-22	1.11e-17	5.36e-14	1.28e-10	1.70e-07	5.02e-04	4.33e-02	9.56e-01
 1.32481e+21	0.00e+00	0.00e+00	0.00e+00	6.27e-32	1.86e-26	1.04e-21	1.42e-17	6.60e-14	1.50e-10	1.91e-07	5.44e-04	4.50e-02	9.54e-01
 1.38446e+21	0.00e+00	0.00e+00	0.00e+00	8.78e-32	2.50e-26	1.34e-21	1.77e-17	7.92e-14	1.74e-10	2.13e-07	5.83e-04	4.66e-02	9.53e-01
 1.43812e+21	0.00e+00	0.00e+00	0.00e+00	1.19e-31	3.26e-26	1.69e-21	2.16e-17	9.34e-14	1.97e-10	2.34e-07	6.21e-04	4.80e-02	9.51e-01
 1.49920e+21	0.00e+00	0.00e+00	0.00e+00	1.66e-31	4.38e-26	2.18e-21	2.69e-17	1.12e-13	2.28e-10	2.59e-07	6.65e-04	4.96e-02	9.50e-01
 1.57861e+21	0.00e+00	0.00e+00	0.00e+00	2.56e-31	6.42e-26	3.05e-21	3.58e-17	1.42e-13	2.74e-10	2.97e-07	7.27e-04	5.19e-02	9.47e-01
 1.65780e+21	0.00e+00	0.00e+00	0.00e+00	3.99e-31	9.48e-26	4.27e-21	4.78e-17	1.80e-13	3.30e-10	3.41e-07	7.96e-04	5.42e-02	9.45e-01
 1.71630e+21	0.00e+00	0.00e+00	0.00e+00	5.42e-31	1.24e-25	5.41e-21	5.85e-17	2.13e-13	3.77e-10	3.75e-07	8.48e-04	5.59e-02	9.43e-01
 1.77197e+21	0.00e+00	0.00e+00	0.00e+00	7.27e-31	1.61e-25	6.77e-21	7.09e-17	2.50e-13	4.27e-10	4.12e-07	9.01e-04	5.75e-02	9.42e-01
 1.84434e+21	0.00e+00	0.00e+00	0.00e+00	1.06e-30	2.25e-25	9.07e-21	9.11e-17	3.08e-13	5.02e-10	4.64e-07	9.75e-04	5.97e-02	9.39e-01
 1.92040e+21	0.00e+00	0.00e+00	0.00e+00	1.59e-30	3.20e-25	1.23e-20	1.18e-16	3.82e-13	5.95e-10	5.25e-07	1.06e-03	6.21e-02	9.37e-01
 1.98481e+21	0.00e+00	0.00e+00	0.00e+00	2.21e-30	4.29e-25	1.59e-20	1.47e-16	4.59e-13	6.86e-10	5.83e-07	1.13e-03	6.42e-02	9.35e-01
 2.05207e+21	0.00e+00	0.00e+00	0.00e+00	3.12e-30	5.81e-25	2.07e-20	1.85e-16	5.54e-13	7.95e-10	6.50e-07	1.22e-03	6.64e-02	9.32e-01
 2.12525e+21	0.00e+00	0.00e+00	0.00e+00	4.53e-30	8.06e-25	2.75e-20	2.36e-16	6.78e-13	9.32e-10	7.30e-07	1.31e-03	6.89e-02	9.30e-01
 2.19067e+21	0.00e+00	0.00e+00	0.00e+00	6.29e-30	1.08e-24	3.54e-20	2.93e-16	8.12e-13	1.07e-09	8.10e-07	1.40e-03	7.12e-02	9.27e-01
 2.25103e+21	0.00e+00	0.00e+00	0.00e+00	8.49e-30	1.40e-24	4.46e-20	3.56e-16	9.57e-13	1.22e-09	8.90e-07	1.49e-03	7.33e-02	9.25e-01
 2.32025e+21	0.00e+00	0.00e+00	0.00e+00	1.19e-29	1.89e-24	5.78e-20	4.46e-16	1.15e-12	1.41e-09	9.91e-07	1.60e-03	7.58e-02	9.23e-01
 2.39767e+21	0.00e+00	0.00e+00	0.00e+00	1.74e-29	2.63e-24	7.72e-20	5.71e-16	1.42e-12	1.66e-09	1.12e-06	1.73e-03	7.86e-02	9.20e-01
 2.46989e+21	0.00e+00	0.00e+00	0.00e+00	2.45e-29	3.57e-24	1.01e-19	7.17e-16	1.71e-12	1.92e-09	1.24e-06	1.86e-03	8.13e-02	9.17e-01
 2.53712e+21	0.00e+00	0.00e+00	0.00e+00	3.37e-29	4.73e-24	1.28e-19	8.84e-16	2.04e-12	2.21e-09	1.38e-06	1.98e-03	8.39e-02	9.14e-01
 2.61371e+21	0.00e+00	0.00e+00	0.00e+00	4.82e-29	6.48e-24	1.69e-19	1.12e-15	2.48e-12	2.57e-09	1.54e-06	2.13e-03	8.68e-02	9.11e-01
 2.69671e+21	0.00e+00	0.00e+00	0.00e+00	7.06e-29	9.08e-24	2.27e-19	1.44e-15	3.06e-12	3.03e-09	1.74e-06	2.31e-03	9.01e-02	9.08e-01
 2.77083e+21	0.00e+00	0.00e+00	0.00e+00	9.89e-29	1.22e-23	2.93e-19	1.80e-15	3.68e-12	3.50e-09	1.93e-06	2.47e-03	9.31e-02	9.04e-01
 2.83815e+21	0.00e+00	0.00e+00	0.00e+00	1.34e-28	1.59e-23	3.70e-19	2.19e-15	4.35e-12	3.99e-09	2.13e-06	2.63e-03	9.58e-02	9.02e-01
 2.91384e+21	0.00e+00	0.00e+00	0.00e+00	1.86e-28	2.13e-23	4.77e-19	2.73e-15	5.22e-12	4.60e-09	2.36e-06	2.81e-03	9.89e-02	8.98e-01
 2.99880e+21	0.00e+00	0.00e+00	0.00e+00	2.69e-28	2.95e-23	6.34e-19	3.49e-15	6.40e-12	5.40e-09	2.66e-06	3.03e-03	1.02e-01	8.94e-01
 3.07861e+21	0.00e+00	0.00e+00	0.00e+00	3.78e-28	3.99e-23	8.23e-19	4.37e-15	7.72e-12	6.25e-09	2.96e-06	3.25e-03	1.06e-01	8.91e-01
 3.15335e+21	0.00e+00	0.00e+00	0.00e+00	5.17e-28	5.25e-23	1.05e-18	5.37e-15	9.18e-12	7.16e-09	3.27e-06	3.47e-03	1.09e-01	8.87e-01
 3.23867e+21	0.00e+00	0.00e+00	0.00e+00	7.35e-28	7.16e-23	1.37e-18	6.78e-15	1.11e-11	8.34e-09	3.65e-06	3.73e-03	1.13e-01	8.83e-01
 3.33033e+21	0.00e+00	0.00e+00	0.00e+00	1.06e-27	9.93e-23	1.82e-18	8.66e-15	1.37e-11	9.79e-09	4.11e-06	4.02e-03	1.17e-01	8.79e-01
 3.41092e+21	0.00e+00	0.00e+00	0.00e+00	1.46e-27	1.32e-22	2.33e-18	1.07e-14	1.63e-11	1.12e-08	4.55e-06	4.29e-03	1.20e-01	8.75e-01
 3.49639e+21	0.00e+00	0.00e+00	3.84e-33	2.04e-27	1.76e-22	3.01e-18	1.33e-14	1.96e-11	1.30e-08	5.06e-06	4.60e-03	1.24e-01	8.71e-01
 3.59244e+21	0.00e+00	0.00e+00	5.78e-33	2.94e-27	2.44e-22	3.99e-18	1.70e-14	2.40e-11	1.52e-08	5.68e-06	4.96e-03	1.29e-01	8.66e-01
 3.68301e+21	0.00e+00	0.00e+00	8.44e-33	4.13e-27	3.29e-22	5.18e-18	2.13e-14	2.90e-11	1.76e-08	6.33e-06	5.31e-03	1.33e-01	8.62e-01
 3.76829e+21	0.00e+00	0.00e+00	1.20e-32	5.64e-27	4.33e-22	6.59e-18	2.62e-14	3.45e-11	2.02e-08	7.00e-06	5.66e-03	1.37e-01	8.58e-01
 3.86596e+21	0.00e+00	0.00e+00	1.77e-32	8.01e-27	5.90e-22	8.63e-18	3.31e-14	4.19e-11	2.35e-08	7.82e-06	6.08e-03	1.41e-01	8.53e-01
 3.97521e+21	0.00e+00	0.00e+00	2.72e-32	1.17e-26	8.27e-22	1.16e-17	4.27e-14	5.19e-11	2.78e-08	8.84e-06	6.58e-03	1.46e-01	8.47e-01
 4.07272e+21	0.00e+00	0.00e+00	3.95e-32	1.64e-26	1.11e-21	1.50e-17	5.33e-14	6.25e-11	3.22e-08	9.84e-06	7.04e-03	1.51e-01	8.42e-01
 4.15713e+21	0.00e+00	0.00e+00	5.43e-32	2.18e-26	1.43e-21	1.87e-17	6.44e-14	7.32e-11	3.64e-08	1.08e-05	7.46e-03	1.55e-01	8.38e-01
 4.25136e+21	0.00e+00	0.00e+00	7.60e-32	2.95e-26	1.86e-21	2.36e-17	7.87e-14	8.65e-11	4.15e-08	1.19e-05	7.94e-03	1.59e-01	8.33e-01
 4.37385e+21	0.00e+00	0.00e+00	1.20e-31	4.42e-26	2.67e-21	3.22e-17	1.03e-13	1.08e-10	4.96e-08	1.35e-05	8.62e-03	1.65e-01	8.26e-01
 4.49794e+21	0.00e+00	0.00e+00	1.85e-31	6.54e-26	3.77e-21	4.36e-17	1.34e-13	1.35e-10	5.88e-08	1.53e-05	9.33e-03	1.71e-01	8.19e-01
 4.59860e+21	0.00e+00	0.00e+00	2.62e-31	8.93e-26	4.97e-21	5.55e-17	1.65e-13	1.60e-10	6.74e-08	1.69e-05	9.94e-03	1.76e-01	8.14e-01
 4.70395e+21	0.00e+00	0.00e+00	3.74e-31	1.23e-25	6.58e-21	7.09e-17	2.04e-13	1.91e-10	7.74e-08	1.87e-05	1.06e-02	1.81e-01	8.08e-01
 4.84090e+21	0.00e+00	0.00e+00	5.87e-31	1.84e-25	9.40e-21	9.68e-17	2.66e-13	2.40e-10	9.23e-08	2.12e-05	1.15e-02	1.88e-01	8.01e-01
 4.98144e+21	0.00e+00	0.00e+00	9.25e-31	2.76e-25	1.35e-20	1.33e-16	3.49e-13	3.01e-10	1.10e-07	2.42e-05	1.25e-02	1.95e-01	7.93e-01
 5.09156e+21	0.00e+00	0.00e+00	1.31e-30	3.77e-25	1.77e-20	1.69e-16	4.30e-13	3.57e-10	1.26e-07	2.67e-05	1.33e-02	2.00e-01	7.87e-01
 5.19960e+21	0.00e+00	0.00e+00	1.83e-30	5.08e-25	2.31e-20	2.12e-16	5.24e-13	4.22e-10	1.44e-07	2.94e-05	1.41e-02	2.05e-01	7.81e-01
 5.34005e+21	0.00e+00	0.00e+00	2.79e-30	7.42e-25	3.23e-20	2.85e-16	6.75e-13	5.21e-10	1.70e-07	3.31e-05	1.52e-02	2.12e-01	7.73e-01
 5.48575e+21	0.00e+00	0.00e+00	4.30e-30	1.09e-24	4.55e-20	3.84e-16	8.74e-13	6.47e-10	2.01e-07	3.74e-05	1.65e-02	2.19e-01	7.64e-01
 5.60729e+21	0.00e+00	0.00e+00	6.12e-30	1.50e-24	6.01e-20	4.90e-16	1.08e-12	7.71e-10	2.31e-07	4.14e-05	1.75e-02	2.25e-01	7.57e-01
 5.73428e+21	0.00e+00	0.00e+00	8.71e-30	2.05e-24	7.95e-20	6.25e-16	1.33e-12	9.19e-10	2.64e-07	4.57e-05	1.87e-02	2.31e-01	7.50e-01
 5.89938e+21	0.00e+00	0.00e+00	1.39e-29	3.12e-24	1.15e-19	8.63e-16	1.76e-12	1.16e-09	3.17e-07	5.21e-05	2.03e-02	2.39e-01	7.40e-01
 6.06612e+21	0.00e+00	0.00e+00	2.18e-29	4.68e-24	1.65e-19	1.18e-15	2.31e-12	1.45e-09	3.79e-07	5.93e-05	2.20e-02	2.47e-01	7.31e-01
 6.19997e+21	0.00e+00	0.00e+00	3.12e-29	6.45e-24	2.19e-19	1.51e-15	2.86e-12	1.74e-09	4.35e-07	6.55e-05	2.34e-02	2.54e-01	7.23e-01
 6.31936e+21	0.00e+00	0.00e+00	4.27e-29	8.54e-24	2.80e-19	1.88e-15	3.44e-12	2.03e-09	4.91e-07	7.16e-05	2.47e-02	2.60e-01	7.16e-01
 6.45496e+21	0.00e+00	0.00e+00	6.04e-29	1.16e-23	3.69e-19	2.39e-15	4.23e-12	2.41e-09	5.63e-07	7.89e-05	2.62e-02	2.66e-01	7.08e-01
 6.63124e+21	0.00e+00	0.00e+00	9.40e-29	1.73e-23	5.24e-19	3.24e-15	5.52e-12	3.01e-09	6.68e-07	8.93e-05	2.83e-02	2.74e-01	6.97e-01
 6.81044e+21	0.00e+00	0.00e+00	1.46e-28	2.58e-23	7.44e-19	4.41e-15	7.19e-12	3.75e-09	7.94e-07	1.01e-04	3.06e-02	2.83e-01	6.87e-01
 6.95465e+21	0.00e+00	0.00e+00	2.08e-28	3.52e-23	9.82e-19	5.62e-15	8.85e-12	4.46e-09	9.09e-07	1.11e-04	3.25e-02	2.89e-01	6.78e-01
 7.10330e+21	0.00e+00	0.00e+00	2.95e-28	4.83e-23	1.30e-18	7.17e-15	1.09e-11	5.32e-09	1.04e-06	1.23e-04	3.45e-02	2.96e-01	6.69e-01
 7.29655e+21	0.00e+00	0.00e+00	4.62e-28	7.22e-23	1.85e-18	9.77e-15	1.43e-11	6.65e-09	1.24e-06	1.39e-04	3.72e-02	3.05e-01	6.57e-01
 7.49616e+21	0.00e+00	0.00e+00	7.30e-28	1.09e-22	2.66e-18	1.34e-14	1.88e-11	8.35e-09	1.48e-06	1.58e-04	4.02e-02	3.14e-01	6.45e-01
 7.65943e+21	0.00e+00	0.00e+00	1.05e-27	1.51e-22	3.56e-18	1.73e-14	2.34e-11	1.00e-08	1.71e-06	1.75e-04	4.28e-02	3.21e-01	6.36e-01
 7.82709e+21	0.00e+00	0.00e+00	1.52e-27	2.10e-22	4.76e-18	2.23e-14	2.91e-11	1.20e-08	1.97e-06	1.94e-04	4.55e-02	3.29e-01	6.25e-01
 8.00385e+21	0.00e+00	0.00e+00	2.23e-27	2.96e-22	6.45e-18	2.91e-14	3.66e-11	1.45e-08	2.28e-06	2.15e-04	4.85e-02	3.36e-01	6.15e-01
 8.15435e+21	0.00e+00	0.00e+00	3.07e-27	3.94e-22	8.33e-18	3.63e-14	4.43e-11	1.71e-08	2.58e-06	2.35e-04	5.12e-02	3.43e-01	6.06e-01
 8.31187e+21	0.00e+00	0.00e+00	4.27e-27	5.30e-22	1.08e-17	4.56e-14	5.39e-11	2.01e-08	2.93e-06	2.57e-04	5.40e-02	3.50e-01	5.96e-01
 8.51665e+21	0.00e+00	3.93e-33	6.50e-27	7.72e-22	1.51e-17	6.10e-14	6.93e-11	2.48e-08	3.45e-06	2.89e-04	5.79e-02	3.58e-01	5.84e-01
 8.72227e+21	0.00e+00	6.22e-33	9.88e-27	1.12e-21	2.10e-17	8.15e-14	8.90e-11	3.05e-08	4.05e-06	3.23e-04	6.20e-02	3.66e-01	5.71e-01
 8.88327e+21	0.00e+00	8.87e-33	1.36e-26	1.50e-21	2.72e-17	1.02e-13	1.08e-10	3.58e-08	4.58e-06	3.53e-04	6.53e-02	3.73e-01	5.62e-01
 9.01695e+21	0.00e+00	1.18e-32	1.77e-26	1.90e-21	3.34e-17	1.22e-13	1.26e-10	4.08e-08	5.07e-06	3.79e-04	6.81e-02	3.78e-01	5.54e-01
 9.16080e+21	0.00e+00	1.61e-32	2.35e-26	2.44e-21	4.18e-17	1.48e-13	1.49e-10	4.69e-08	5.65e-06	4.09e-04	7.12e-02	3.83e-01	5.45e-01
 9.34782e+21	0.00e+00	2.39e-32	3.35e-26	3.36e-21	5.55e-17	1.90e-13	1.85e-10	5.60e-08	6.48e-06	4.50e-04	7.53e-02	3.90e-01	5.34e-01
 9.53842e+21	0.00e+00	3.56e-32	4.82e-26	4.65e-21	7.40e-17	2.44e-13	2.30e-10	6.71e-08	7.45e-06	4.96e-04	7.98e-02	3.97e-01	5.23e-01
 9.69098e+21	0.00e+00	4.87e-32	6.41e-26	6.02e-21	9.29e-17	2.98e-13	2.73e-10	7.73e-08	8.32e-06	5.36e-04	8.34e-02	4.02e-01	5.14e-01
 9.84662e+21	0.00e+00	6.67e-32	8.54e-26	7.78e-21	1.17e-16	3.63e-13	3.23e-10	8.92e-08	9.28e-06	5.79e-04	8.72e-02	4.08e-01	5.04e-01
 1.00122e+22	0.00e+00	9.31e-32	1.16e-25	1.02e-20	1.48e-16	4.48e-13	3.88e-10	1.04e-07	1.04e-05	6.28e-04	9.14e-02	4.13e-01	4.95e-01
 1.01545e+22	0.00e+00	1.24e-31	1.50e-25	1.29e-20	1.82e-16	5.37e-13	4.53e-10	1.18e-07	1.15e-05	6.72e-04	9.51e-02	4.18e-01	4.86e-01
 1.02838e+22	0.00e+00	1.59e-31	1.88e-25	1.58e-20	2.19e-16	6.29e-13	5.20e-10	1.32e-07	1.26e-05	7.14e-04	9.85e-02	4.22e-01	4.79e-01
 1.04325e+22	0.00e+00	2.13e-31	2.45e-25	2.01e-20	2.70e-16	7.55e-13	6.09e-10	1.51e-07	1.39e-05	7.67e-04	1.03e-01	4.26e-01	4.70e-01
 1.05996e+22	0.00e+00	2.93e-31	3.29e-25	2.61e-20	3.41e-16	9.26e-13	7.26e-10	1.75e-07	1.56e-05	8.28e-04	1.07e-01	4.31e-01	4.61e-01
 1.07570e+22	0.00e+00	3.96e-31	4.32e-25	3.34e-20	4.24e-16	1.12e-12	8.56e-10	2.00e-07	1.73e-05	8.91e-04	1.12e-01	4.36e-01	4.52e-01
 1.09031e+22	0.00e+00	5.22e-31	5.56e-25	4.18e-20	5.18e-16	1.33e-12	9.96e-10	2.27e-07	1.91e-05	9.52e-04	1.16e-01	4.40e-01	4.43e-01
 1.10685e+22	0.00e+00	7.10e-31	7.36e-25	5.38e-20	6.48e-16	1.62e-12	1.18e-09	2.61e-07	2.12e-05	1.02e-03	1.21e-01	4.44e-01	4.34e-01
 1.12415e+22	0.00e+00	9.79e-31	9.86e-25	7.00e-20	8.18e-16	1.99e-12	1.41e-09	3.02e-07	2.37e-05	1.11e-03	1.26e-01	4.49e-01	4.24e-01
 1.13861e+22	0.00e+00	1.28e-30	1.26e-24	8.71e-20	9.93e-16	2.35e-12	1.63e-09	3.41e-07	2.61e-05	1.18e-03	1.31e-01	4.52e-01	4.16e-01
 1.15358e+22	0.00e+00	1.67e-30	1.61e-24	1.09e-19	1.21e-15	2.80e-12	1.89e-09	3.86e-07	2.87e-05	1.26e-03	1.35e-01	4.56e-01	4.08e-01
 1.17304e+22	0.00e+00	2.37e-30	2.21e-24	1.45e-19	1.56e-15	3.49e-12	2.29e-09	4.53e-07	3.24e-05	1.37e-03	1.42e-01	4.60e-01	3.97e-01
 1.19252e+22	0.00e+00	3.36e-30	3.04e-24	1.93e-19	2.01e-15	4.36e-12	2.78e-09	5.32e-07	3.66e-05	1.49e-03	1.48e-01	4.64e-01	3.86e-01
 1.20760e+22	0.00e+00	4.38e-30	3.88e-24	2.40e-19	2.44e-15	5.17e-12	3.22e-09	6.01e-07	4.02e-05	1.58e-03	1.54e-01	4.67e-01	3.78e-01
 1.22277e+22	0.00e+00	5.71e-30	4.94e-24	2.99e-19	2.97e-15	6.12e-12	3.73e-09	6.79e-07	4.41e-05	1.69e-03	1.59e-01	4.70e-01	3.70e-01
 1.24249e+22	0.00e+00	8.01e-30	6.74e-24	3.95e-19	3.81e-15	7.61e-12	4.50e-09	7.94e-07	4.97e-05	1.83e-03	1.66e-01	4.73e-01	3.59e-01
 1.26274e+22	0.00e+00	1.13e-29	9.27e-24	5.27e-19	4.92e-15	9.52e-12	5.47e-09	9.33e-07	5.63e-05	1.98e-03	1.73e-01	4.76e-01	3.49e-01
 1.27852e+22	0.00e+00	1.48e-29	1.19e-23	6.58e-19	5.99e-15	1.13e-11	6.35e-09	1.06e-06	6.19e-05	2.11e-03	1.79e-01	4.78e-01	3.40e-01
 1.29183e+22	0.00e+00	1.86e-29	1.46e-23	7.93e-19	7.07e-15	1.31e-11	7.20e-09	1.17e-06	6.70e-05	2.23e-03	1.84e-01	4.80e-01	3.33e-01
 1.30708e+22	0.00e+00	2.39e-29	1.84e-23	9.79e-19	8.53e-15	1.54e-11	8.30e-09	1.32e-06	7.34e-05	2.37e-03	1.90e-01	4.82e-01	3.26e-01
 1.32691e+22	0.00e+00	3.31e-29	2.48e-23	1.28e-18	1.09e-14	1.90e-11	9.98e-09	1.54e-06	8.24e-05	2.56e-03	1.98e-01	4.84e-01	3.16e-01
 1.34695e+22	0.00e+00	4.60e-29	3.36e-23	1.69e-18	1.39e-14	2.36e-11	1.20e-08	1.80e-06	9.27e-05	2.76e-03	2.06e-01	4.86e-01	3.05e-01
 1.36271e+22	0.00e+00	5.97e-29	4.27e-23	2.10e-18	1.69e-14	2.80e-11	1.40e-08	2.03e-06	1.02e-04	2.94e-03	2.13e-01	4.87e-01	2.97e-01
 1.37864e+22	0.00e+00	7.66e-29	5.37e-23	2.59e-18	2.03e-14	3.29e-11	1.61e-08	2.29e-06	1.11e-04	3.12e-03	2.19e-01	4.88e-01	2.90e-01
 1.39935e+22	0.00e+00	1.06e-28	7.26e-23	3.40e-18	2.60e-14	4.08e-11	1.94e-08	2.67e-06	1.25e-04	3.37e-03	2.28e-01	4.88e-01	2.80e-01
 1.42037e+22	0.00e+00	1.48e-28	9.87e-23	4.50e-18	3.34e-14	5.08e-11	2.34e-08	3.13e-06	1.42e-04	3.65e-03	2.37e-01	4.89e-01	2.70e-01
 1.43700e+22	0.00e+00	1.91e-28	1.25e-22	5.60e-18	4.06e-14	6.03e-11	2.72e-08	3.54e-06	1.56e-04	3.88e-03	2.45e-01	4.89e-01	2.62e-01
 1.45381e+22	0.00e+00	2.47e-28	1.59e-22	6.95e-18	4.93e-14	7.15e-11	3.16e-08	4.01e-06	1.71e-04	4.12e-03	2.52e-01	4.89e-01	2.54e-01
 1.47567e+22	0.00e+00	3.43e-28	2.16e-22	9.18e-18	6.33e-14	8.90e-11	3.82e-08	4.69e-06	1.93e-04	4.46e-03	2.62e-01	4.89e-01	2.45e-01
 1.49797e+22	0.00e+00	4.79e-28	2.95e-22	1.22e-17	8.18e-14	1.11e-10	4.65e-08	5.53e-06	2.19e-04	4.83e-03	2.72e-01	4.88e-01	2.35e-01
 1.51577e+22	0.00e+00	6.22e-28	3.77e-22	1.53e-17	1.00e-13	1.33e-10	5.43e-08	6.28e-06	2.41e-04	5.14e-03	2.80e-01	4.87e-01	2.27e-01
 1.53383e+22	0.00e+00	8.06e-28	4.80e-22	1.91e-17	1.22e-13	1.59e-10	6.33e-08	7.14e-06	2.66e-04	5.48e-03	2.89e-01	4.86e-01	2.20e-01
 1.55732e+22	3.63e-33	1.12e-27	6.54e-22	2.54e-17	1.58e-13	1.99e-10	7.70e-08	8.41e-06	3.01e-04	5.93e-03	3.00e-01	4.84e-01	2.10e-01
 1.58125e+22	5.37e-33	1.56e-27	8.96e-22	3.39e-17	2.06e-13	2.50e-10	9.42e-08	9.93e-06	3.42e-04	6.43e-03	3.11e-01	4.82e-01	2.00e-01
 1.60050e+22	7.32e-33	2.04e-27	1.15e-21	4.27e-17	2.53e-13	3.00e-10	1.10e-07	1.13e-05	3.78e-04	6.86e-03	3.20e-01	4.79e-01	1.93e-01
 1.62029e+22	9.95e-33	2.64e-27	1.47e-21	5.36e-17	3.12e-13	3.60e-10	1.29e-07	1.29e-05	4.18e-04	7.31e-03	3.30e-01	4.77e-01	1.86e-01
 1.64212e+22	1.39e-32	3.51e-27	1.93e-21	6.89e-17	3.91e-13	4.39e-10	1.54e-07	1.49e-05	4.67e-04	7.84e-03	3.40e-01	4.74e-01	1.78e-01
 1.66180e+22	1.87e-32	4.51e-27	2.44e-21	8.59e-17	4.79e-13	5.24e-10	1.80e-07	1.70e-05	5.15e-04	8.34e-03	3.49e-01	4.71e-01	1.71e-01
 1.67962e+22	2.43e-32	5.63e-27	3.02e-21	1.05e-16	5.72e-13	6.13e-10	2.06e-07	1.90e-05	5.62e-04	8.80e-03	3.58e-01	4.68e-01	1.65e-01
 1.69982e+22	3.25e-32	7.18e-27	3.81e-21	1.30e-16	6.97e-13	7.29e-10	2.39e-07	2.16e-05	6.18e-04	9.35e-03	3.67e-01	4.64e-01	1.58e-01
 1.72608e+22	4.68e-32	9.76e-27	5.11e-21	1.71e-16	8.95e-13	9.08e-10	2.90e-07	2.53e-05	6.98e-04	1.01e-02	3.79e-01	4.60e-01	1.50e-01
 1.75246e+22	6.71e-32	1.32e-26	6.85e-21	2.24e-16	1.15e-12	1.13e-09	3.50e-07	2.96e-05	7.88e-04	1.09e-02	3.91e-01	4.54e-01	1.43e-01
 1.77304e+22	8.82e-32	1.66e-26	8.54e-21	2.76e-16	1.39e-12	1.33e-09	4.05e-07	3.34e-05	8.64e-04	1.15e-02	4.01e-01	4.50e-01	1.37e-01
 1.79387e+22	1.15e-31	2.07e-26	1.06e-20	3.38e-16	1.67e-12	1.57e-09	4.66e-07	3.75e-05	9.44e-04	1.22e-02	4.10e-01	4.46e-01	1.31e-01
 1.82093e+22	1.61e-31	2.74e-26	1.39e-20	4.35e-16	2.11e-12	1.92e-09	5.56e-07	4.35e-05	1.06e-03	1.31e-02	4.21e-01	4.40e-01	1.24e-01
 1.84941e+22	2.27e-31	3.66e-26	1.84e-20	5.66e-16	2.68e-12	2.37e-09	6.69e-07	5.07e-05	1.19e-03	1.41e-02	4.34e-01	4.34e-01	1.17e-01
 1.87354e+22	3.01e-31	4.63e-26	2.31e-20	7.03e-16	3.27e-12	2.82e-09	7.78e-07	5.74e-05	1.31e-03	1.49e-02	4.44e-01	4.28e-01	1.12e-01
 1.89871e+22	3.99e-31	5.85e-26	2.90e-20	8.73e-16	3.99e-12	3.36e-09	9.04e-07	6.50e-05	1.44e-03	1.58e-02	4.54e-01	4.22e-01	1.07e-01
 1.93143e+22	5.68e-31	7.85e-26	3.87e-20	1.15e-15	5.12e-12	4.18e-09	1.09e-06	7.61e-05	1.62e-03	1.70e-02	4.66e-01	4.15e-01	1.00e-01
 1.96486e+22	8.08e-31	1.05e-25	5.16e-20	1.50e-15	6.58e-12	5.20e-09	1.32e-06	8.90e-05	1.83e-03	1.84e-02	4.79e-01	4.07e-01	9.38e-02
 1.99061e+22	1.05e-30	1.31e-25	6.41e-20	1.85e-15	7.95e-12	6.15e-09	1.53e-06	1.00e-04	2.01e-03	1.94e-02	4.89e-01	4.01e-01	8.92e-02
 2.01145e+22	1.30e-30	1.55e-25	7.59e-20	2.17e-15	9.21e-12	6.98e-09	1.71e-06	1.10e-04	2.15e-03	2.03e-02	4.96e-01	3.96e-01	8.57e-02
 2.03448e+22	1.61e-30	1.86e-25	9.06e-20	2.57e-15	1.07e-11	7.99e-09	1.92e-06	1.21e-04	2.31e-03	2.12e-02	5.04e-01	3.90e-01	8.22e-02
 2.06442e+22	2.12e-30	2.34e-25	1.14e-19	3.18e-15	1.31e-11	9.50e-09	2.22e-06	1.37e-04	2.54e-03	2.25e-02	5.14e-01	3.83e-01	7.78e-02
 2.09643e+22	2.84e-30	2.98e-25	1.44e-19	3.99e-15	1.61e-11	1.14e-08	2.60e-06	1.56e-04	2.81e-03	2.39e-02	5.24e-01	3.76e-01	7.33e-02
 2.12424e+22	3.63e-30	3.65e-25	1.76e-19	4.83e-15	1.92e-11	1.33e-08	2.97e-06	1.74e-04	3.05e-03	2.51e-02	5.33e-01	3.69e-01	6.97e-02
 2.15353e+22	4.64e-30	4.48e-25	2.16e-19	5.86e-15	2.30e-11	1.55e-08	3.40e-06	1.94e-04	3.32e-03	2.64e-02	5.41e-01	3.63e-01	6.61e-02
 2.19160e+22	6.33e-30	5.78e-25	2.79e-19	7.47e-15	2.87e-11	1.89e-08	4.02e-06	2.23e-04	3.69e-03	2.82e-02	5.52e-01	3.54e-01	6.19e-02
 2.23013e+22	8.63e-30	7.47e-25	3.59e-19	9.52e-15	3.59e-11	2.29e-08	4.76e-06	2.56e-04	4.09e-03	3.00e-02	5.63e-01	3.45e-01	5.78e-02
 2.26066e+22	1.09e-29	9.09e-25	4.37e-19	1.15e-14	4.26e-11	2.66e-08	5.41e-06	2.84e-04	4.44e-03	3.15e-02	5.71e-01	3.38e-01	5.48e-02
 2.28669e+22	1.33e-29	1.07e-24	5.13e-19	1.34e-14	4.91e-11	3.01e-08	6.01e-06	3.10e-04	4.74e-03	3.28e-02	5.77e-01	3.33e-01	5.24e-02
 2.31544e+22	1.64e-29	1.27e-24	6.10e-19	1.58e-14	5.71e-11	3.44e-08	6.73e-06	3.40e-04	5.08e-03	3.42e-02	5.84e-01	3.27e-01	4.99e-02
 2.35282e+22	2.13e-29	1.58e-24	7.58e-19	1.94e-14	6.92e-11	4.06e-08	7.77e-06	3.82e-04	5.55e-03	3.61e-02	5.92e-01	3.19e-01	4.69e-02
 2.39149e+22	2.79e-29	1.97e-24	9.47e-19	2.40e-14	8.41e-11	4.81e-08	8.99e-06	4.31e-04	6.08e-03	3.81e-02	6.01e-01	3.11e-01	4.40e-02
 2.42337e+22	3.47e-29	2.36e-24	1.13e-18	2.84e-14	9.84e-11	5.52e-08	1.01e-05	4.74e-04	6.53e-03	3.97e-02	6.07e-01	3.04e-01	4.17e-02
 2.45637e+22	4.29e-29	2.82e-24	1.35e-18	3.37e-14	1.15e-10	6.31e-08	1.13e-05	5.20e-04	7.01e-03	4.15e-02	6.13e-01	2.98e-01	3.96e-02
 2.49927e+22	5.63e-29	3.53e-24	1.69e-18	4.17e-14	1.40e-10	7.49e-08	1.31e-05	5.86e-04	7.67e-03	4.37e-02	6.21e-01	2.90e-01	3.70e-02
 2.54375e+22	7.43e-29	4.46e-24	2.13e-18	5.19e-14	1.71e-10	8.93e-08	1.52e-05	6.62e-04	8.39e-03	4.61e-02	6.29e-01	2.82e-01	3.45e-02
 2.58070e+22	9.31e-29	5.37e-24	2.57e-18	6.21e-14	2.01e-10	1.03e-07	1.72e-05	7.30e-04	9.03e-03	4.82e-02	6.35e-01	2.75e-01	3.26e-02
 2.61914e+22	1.16e-28	6.48e-24	3.10e-18	7.41e-14	2.37e-10	1.18e-07	1.94e-05	8.04e-04	9.71e-03	5.02e-02	6.40e-01	2.68e-01	3.07e-02
 2.66911e+22	1.54e-28	8.22e-24	3.92e-18	9.26e-14	2.91e-10	1.41e-07	2.25e-05	9.08e-04	1.06e-02	5.30e-02	6.47e-01	2.60e-01	2.86e-02
 2.72085e+22	2.06e-28	1.05e-23	4.99e-18	1.17e-13	3.58e-10	1.70e-07	2.63e-05	1.03e-03	1.17e-02	5.59e-02	6.54e-01	2.51e-01	2.65e-02
 2.76155e+22	2.58e-28	1.27e-23	6.01e-18	1.39e-13	4.21e-10	1.95e-07	2.96e-05	1.13e-03	1.25e-02	5.82e-02	6.58e-01	2.45e-01	2.49e-02
 2.80116e+22	3.18e-28	1.51e-23	7.15e-18	1.64e-13	4.89e-10	2.22e-07	3.30e-05	1.24e-03	1.34e-02	6.04e-02	6.63e-01	2.39e-01	2.36e-02
 2.85264e+22	4.13e-28	1.89e-23	8.91e-18	2.02e-13	5.91e-10	2.62e-07	3.79e-05	1.38e-03	1.45e-02	6.33e-02	6.67e-01	2.31e-01	2.20e-02
 2.90698e+22	5.44e-28	2.39e-23	1.12e-17	2.51e-13	7.21e-10	3.11e-07	4.39e-05	1.55e-03	1.58e-02	6.65e-02	6.72e-01	2.24e-01	2.04e-02
 2.95349e+22	6.85e-28	2.91e-23	1.36e-17	3.01e-13	8.51e-10	3.58e-07	4.94e-05	1.71e-03	1.69e-02	6.92e-02	6.76e-01	2.17e-01	1.91e-02
 3.00241e+22	8.63e-28	3.55e-23	1.65e-17	3.62e-13	1.01e-09	4.14e-07	5.58e-05	1.88e-03	1.82e-02	7.20e-02	6.79e-01	2.11e-01	1.79e-02
 3.06601e+22	1.16e-27	4.57e-23	2.12e-17	4.56e-13	1.24e-09	4.96e-07	6.50e-05	2.12e-03	1.98e-02	7.56e-02	6.83e-01	2.03e-01	1.65e-02
 3.13268e+22	1.57e-27	5.95e-23	2.74e-17	5.81e-13	1.55e-09	5.99e-07	7.61e-05	2.40e-03	2.17e-02	7.95e-02	6.86e-01	1.95e-01	1.52e-02
 3.18938e+22	2.02e-27	7.41e-23	3.39e-17	7.09e-13	1.85e-09	7.00e-07	8.67e-05	2.66e-03	2.34e-02	8.29e-02	6.89e-01	1.88e-01	1.41e-02
 3.23957e+22	2.50e-27	8.95e-23	4.08e-17	8.43e-13	2.16e-09	8.01e-07	9.70e-05	2.91e-03	2.49e-02	8.58e-02	6.91e-01	1.82e-01	1.32e-02
 3.29523e+22	3.16e-27	1.10e-22	4.96e-17	1.01e-12	2.56e-09	9.24e-07	1.09e-04	3.20e-03	2.67e-02	8.91e-02	6.92e-01	1.77e-01	1.24e-02
 3.36758e+22	4.24e-27	1.43e-22	6.39e-17	1.28e-12	3.15e-09	1.11e-06	1.27e-04	3.60e-03	2.90e-02	9.31e-02	6.93e-01	1.69e-01	1.14e-02
 3.44338e+22	5.72e-27	1.86e-22	8.26e-17	1.63e-12	3.92e-09	1.33e-06	1.48e-04	4.07e-03	3.17e-02	9.77e-02	6.94e-01	1.62e-01	1.04e-02
 3.50659e+22	7.28e-27	2.31e-22	1.02e-16	1.98e-12	4.68e-09	1.55e-06	1.68e-04	4.49e-03	3.40e-02	1.01e-01	6.94e-01	1.56e-01	9.63e-03
 3.56223e+22	8.98e-27	2.79e-22	1.22e-16	2.35e-12	5.45e-09	1.77e-06	1.87e-04	4.89e-03	3.60e-02	1.05e-01	6.94e-01	1.51e-01	9.03e-03
 3.62509e+22	1.13e-26	3.42e-22	1.49e-16	2.82e-12	6.43e-09	2.04e-06	2.11e-04	5.36e-03	3.85e-02	1.08e-01	6.94e-01	1.46e-01	8.41e-03
 3.70682e+22	1.50e-26	4.43e-22	1.90e-16	3.55e-12	7.92e-09	2.44e-06	2.44e-04	6.01e-03	4.17e-02	1.13e-01	6.92e-01	1.39e-01	7.68e-03
 3.79102e+22	1.99e-26	5.78e-22	2.46e-16	4.51e-12	9.80e-09	2.92e-06	2.84e-04	6.76e-03	4.53e-02	1.18e-01	6.90e-01	1.32e-01	6.99e-03
 3.85944e+22	2.50e-26	7.12e-22	3.01e-16	5.44e-12	1.16e-08	3.38e-06	3.20e-04	7.42e-03	4.83e-02	1.22e-01	6.88e-01	1.27e-01	6.48e-03
 3.92942e+22	3.11e-26	8.74e-22	3.66e-16	6.53e-12	1.37e-08	3.89e-06	3.60e-04	8.12e-03	5.15e-02	1.26e-01	6.86e-01	1.22e-01	6.01e-03
 4.02040e+22	4.11e-26	1.14e-21	4.70e-16	8.23e-12	1.68e-08	4.64e-06	4.16e-04	9.09e-03	5.56e-02	1.31e-01	6.82e-01	1.16e-01	5.47e-03
 4.11575e+22	5.42e-26	1.48e-21	6.06e-16	1.05e-11	2.09e-08	5.59e-06	4.85e-04	1.02e-02	6.04e-02	1.36e-01	6.78e-01	1.10e-01	4.93e-03
 4.19501e+22	6.76e-26	1.83e-21	7.44e-16	1.27e-11	2.48e-08	6.48e-06	5.48e-04	1.13e-02	6.45e-02	1.41e-01	6.73e-01	1.05e-01	4.54e-03
 4.27624e+22	8.40e-26	2.26e-21	9.10e-16	1.53e-11	2.95e-08	7.50e-06	6.18e-04	1.23e-02	6.87e-02	1.45e-01	6.69e-01	1.01e-01	4.17e-03
 4.38184e+22	1.10e-25	2.94e-21	1.17e-15	1.94e-11	3.65e-08	9.00e-06	7.18e-04	1.38e-02	7.43e-02	1.50e-01	6.62e-01	9.50e-02	3.76e-03
 4.49234e+22	1.44e-25	3.86e-21	1.52e-15	2.48e-11	4.56e-08	1.09e-05	8.40e-04	1.56e-02	8.06e-02	1.56e-01	6.54e-01	8.91e-02	3.35e-03
 4.57807e+22	1.75e-25	4.73e-21	1.85e-15	2.99e-11	5.38e-08	1.26e-05	9.44e-04	1.71e-02	8.57e-02	1.61e-01	6.48e-01	8.49e-02	3.07e-03
 4.64586e+22	2.04e-25	5.55e-21	2.16e-15	3.44e-11	6.12e-08	1.40e-05	1.03e-03	1.83e-02	8.97e-02	1.64e-01	6.42e-01	8.17e-02	2.87e-03
 4.72148e+22	2.40e-25	6.55e-21	2.54e-15	4.01e-11	7.03e-08	1.58e-05	1.14e-03	1.97e-02	9.43e-02	1.68e-01	6.36e-01	7.83e-02	2.66e-03
 4.81980e+22	2.92e-25	8.07e-21	3.10e-15	4.85e-11	8.35e-08	1.83e-05	1.28e-03	2.16e-02	1.00e-01	1.73e-01	6.28e-01	7.41e-02	2.42e-03
 4.92694e+22	3.59e-25	1.01e-20	3.85e-15	5.95e-11	1.01e-07	2.14e-05	1.46e-03	2.39e-02	1.07e-01	1.78e-01	6.18e-01	6.98e-02	2.18e-03
 5.02254e+22	4.27e-25	1.23e-20	4.65e-15	7.12e-11	1.18e-07	2.46e-05	1.64e-03	2.60e-02	1.13e-01	1.82e-01	6.09e-01	6.61e-02	1.98e-03
 5.11051e+22	4.96e-25	1.46e-20	5.48e-15	8.33e-11	1.37e-07	2.79e-05	1.81e-03	2.81e-02	1.19e-01	1.86e-01	6.00e-01	6.29e-02	1.82e-03
 5.21159e+22	5.88e-25	1.77e-20	6.60e-15	9.92e-11	1.60e-07	3.19e-05	2.02e-03	3.05e-02	1.26e-01	1.90e-01	5.91e-01	5.95e-02	1.66e-03
 5.34300e+22	7.13e-25	2.22e-20	8.22e-15	1.23e-10	1.94e-07	3.77e-05	2.32e-03	3.38e-02	1.35e-01	1.95e-01	5.77e-01	5.53e-02	1.47e-03
 5.47764e+22	8.66e-25	2.82e-20	1.03e-14	1.53e-10	2.38e-07	4.49e-05	2.67e-03	3.76e-02	1.44e-01	2.00e-01	5.63e-01	5.11e-02	1.29e-03
 5.58598e+22	9.91e-25	3.38e-20	1.23e-14	1.81e-10	2.78e-07	5.13e-05	2.97e-03	4.07e-02	1.52e-01	2.04e-01	5.51e-01	4.80e-02	1.16e-03
 5.69635e+22	1.14e-24	4.03e-20	1.46e-14	2.13e-10	3.23e-07	5.83e-05	3.30e-03	4.40e-02	1.60e-01	2.08e-01	5.39e-01	4.51e-02	1.05e-03
 5.83983e+22	1.34e-24	5.00e-20	1.79e-14	2.61e-10	3.89e-07	6.85e-05	3.75e-03	4.84e-02	1.69e-01	2.12e-01	5.24e-01	4.16e-02	9.20e-04
 5.99223e+22	1.55e-24	6.29e-20	2.23e-14	3.23e-10	4.74e-07	8.11e-05	4.30e-03	5.35e-02	1.80e-01	2.17e-01	5.06e-01	3.81e-02	7.97e-04
 6.12193e+22	1.75e-24	7.56e-20	2.66e-14	3.84e-10	5.57e-07	9.33e-05	4.80e-03	5.81e-02	1.90e-01	2.20e-01	4.91e-01	3.53e-02	7.04e-04
 6.25623e+22	1.97e-24	9.09e-20	3.16e-14	4.55e-10	6.51e-07	1.07e-04	5.34e-03	6.28e-02	1.99e-01	2.23e-01	4.77e-01	3.27e-02	6.26e-04
 6.43082e+22	2.27e-24	1.14e-19	3.91e-14	5.60e-10	7.91e-07	1.26e-04	6.10e-03	6.91e-02	2.11e-01	2.26e-01	4.57e-01	2.97e-02	5.37e-04
 6.61126e+22	2.62e-24	1.44e-19	4.87e-14	6.95e-10	9.68e-07	1.50e-04	6.99e-03	7.62e-02	2.23e-01	2.29e-01	4.37e-01	2.67e-02	4.55e-04
 6.75050e+22	2.85e-24	1.73e-19	5.73e-14	8.18e-10	1.13e-06	1.71e-04	7.75e-03	8.20e-02	2.33e-01	2.31e-01	4.21e-01	2.45e-02	3.99e-04
 6.86296e+22	3.06e-24	1.99e-19	6.52e-14	9.26e-10	1.26e-06	1.88e-04	8.36e-03	8.65e-02	2.40e-01	2.33e-01	4.09e-01	2.30e-02	3.62e-04
 6.98946e+22	3.33e-24	2.31e-19	7.45e-14	1.06e-09	1.43e-06	2.10e-04	9.08e-03	9.17e-02	2.48e-01	2.34e-01	3.95e-01	2.14e-02	3.25e-04
 7.15391e+22	3.67e-24	2.78e-19	8.82e-14	1.25e-09	1.67e-06	2.39e-04	1.01e-02	9.84e-02	2.58e-01	2.35e-01	3.79e-01	1.96e-02	2.83e-04
 7.33731e+22	4.09e-24	3.45e-19	1.07e-13	1.50e-09	1.99e-06	2.77e-04	1.13e-02	1.06e-01	2.69e-01	2.35e-01	3.60e-01	1.76e-02	2.41e-04
 7.50236e+22	4.48e-24	4.19e-19	1.26e-13	1.77e-09	2.32e-06	3.16e-04	1.24e-02	1.14e-01	2.78e-01	2.36e-01	3.43e-01	1.60e-02	2.08e-04
 7.64731e+22	4.86e-24	4.95e-19	1.46e-13	2.04e-09	2.63e-06	3.52e-04	1.35e-02	1.20e-01	2.86e-01	2.36e-01	3.29e-01	1.47e-02	1.84e-04
 7.80915e+22	5.32e-24	5.92e-19	1.70e-13	2.36e-09	3.01e-06	3.95e-04	1.47e-02	1.27e-01	2.94e-01	2.35e-01	3.15e-01	1.35e-02	1.62e-04
 8.01953e+22	5.98e-24	7.43e-19	2.06e-13	2.84e-09	3.57e-06	4.55e-04	1.64e-02	1.36e-01	3.04e-01	2.34e-01	2.97e-01	1.20e-02	1.37e-04
 8.24134e+22	6.79e-24	9.56e-19	2.55e-13	3.48e-09	4.29e-06	5.31e-04	1.83e-02	1.46e-01	3.14e-01	2.32e-01	2.78e-01	1.06e-02	1.14e-04
 8.42724e+22	7.58e-24	1.18e-18	3.04e-13	4.11e-09	4.98e-06	6.01e-04	2.01e-02	1.55e-01	3.22e-01	2.30e-01	2.63e-01	9.58e-03	9.82e-05
 8.61817e+22	8.45e-24	1.45e-18	3.60e-13	4.80e-09	5.73e-06	6.75e-04	2.18e-02	1.63e-01	3.29e-01	2.28e-01	2.49e-01	8.68e-03	8.52e-05
 8.86638e+22	9.77e-24	1.88e-18	4.46e-13	5.85e-09	6.83e-06	7.81e-04	2.42e-02	1.74e-01	3.37e-01	2.24e-01	2.32e-01	7.65e-03	7.11e-05
 9.12944e+22	1.15e-23	2.51e-18	5.65e-13	7.26e-09	8.27e-06	9.13e-04	2.71e-02	1.85e-01	3.45e-01	2.20e-01	2.15e-01	6.65e-03	5.83e-05
 9.35234e+22	1.33e-23	3.21e-18	6.93e-13	8.72e-09	9.70e-06	1.04e-03	2.97e-02	1.95e-01	3.51e-01	2.16e-01	2.00e-01	5.91e-03	4.92e-05
 9.58264e+22	1.53e-23	4.03e-18	8.35e-13	1.03e-08	1.12e-05	1.17e-03	3.23e-02	2.05e-01	3.56e-01	2.12e-01	1.88e-01	5.29e-03	4.22e-05
 9.88203e+22	1.84e-23	5.40e-18	1.06e-12	1.28e-08	1.35e-05	1.36e-03	3.58e-02	2.17e-01	3.62e-01	2.07e-01	1.73e-01	4.60e-03	3.46e-05
 1.02045e+23	2.28e-23	7.52e-18	1.39e-12	1.62e-08	1.65e-05	1.60e-03	4.00e-02	2.30e-01	3.67e-01	2.00e-01	1.57e-01	3.92e-03	2.78e-05
 1.04854e+23	2.75e-23	1.00e-17	1.76e-12	1.98e-08	1.96e-05	1.83e-03	4.39e-02	2.41e-01	3.70e-01	1.94e-01	1.45e-01	3.42e-03	2.30e-05
 1.07159e+23	3.21e-23	1.26e-17	2.12e-12	2.33e-08	2.24e-05	2.04e-03	4.72e-02	2.50e-01	3.72e-01	1.90e-01	1.35e-01	3.07e-03	1.98e-05
 1.09525e+23	3.72e-23	1.55e-17	2.52e-12	2.71e-08	2.54e-05	2.25e-03	5.05e-02	2.59e-01	3.74e-01	1.85e-01	1.27e-01	2.77e-03	1.72e-05
 1.12602e+23	4.48e-23	2.02e-17	3.12e-12	3.26e-08	2.97e-05	2.54e-03	5.48e-02	2.69e-01	3.75e-01	1.79e-01	1.17e-01	2.44e-03	1.44e-05
 1.16012e+23	5.55e-23	2.72e-17	4.00e-12	4.02e-08	3.53e-05	2.91e-03	6.00e-02	2.81e-01	3.76e-01	1.72e-01	1.07e-01	2.10e-03	1.18e-05
 1.19122e+23	6.78e-23	3.57e-17	5.00e-12	4.86e-08	4.12e-05	3.28e-03	6.50e-02	2.91e-01	3.75e-01	1.65e-01	9.80e-02	1.84e-03	9.84e-06
 1.21913e+23	7.98e-23	4.47e-17	6.01e-12	5.69e-08	4.69e-05	3.63e-03	6.94e-02	3.00e-01	3.74e-01	1.60e-01	9.11e-02	1.64e-03	8.46e-06
 1.25020e+23	9.51e-23	5.63e-17	7.28e-12	6.69e-08	5.35e-05	4.02e-03	7.42e-02	3.09e-01	3.73e-01	1.54e-01	8.43e-02	1.46e-03	7.22e-06
 1.29060e+23	1.17e-22	7.45e-17	9.17e-12	8.13e-08	6.27e-05	4.54e-03	8.03e-02	3.20e-01	3.71e-01	1.47e-01	7.66e-02	1.26e-03	5.96e-06
 1.33496e+23	1.49e-22	1.02e-16	1.19e-11	1.01e-07	7.50e-05	5.21e-03	8.77e-02	3.31e-01	3.67e-01	1.39e-01	6.87e-02	1.07e-03	4.78e-06
 1.37429e+23	1.86e-22	1.36e-16	1.50e-11	1.23e-07	8.78e-05	5.88e-03	9.46e-02	3.41e-01	3.63e-01	1.32e-01	6.22e-02	9.24e-04	3.94e-06
 1.40925e+23	2.20e-22	1.69e-16	1.81e-11	1.44e-07	9.94e-05	6.46e-03	1.00e-01	3.49e-01	3.59e-01	1.26e-01	5.74e-02	8.20e-04	3.36e-06
 1.44867e+23	2.61e-22	2.12e-16	2.18e-11	1.68e-07	1.13e-04	7.12e-03	1.07e-01	3.57e-01	3.55e-01	1.21e-01	5.27e-02	7.24e-04	2.86e-06
 1.49992e+23	3.18e-22	2.76e-16	2.71e-11	2.02e-07	1.31e-04	7.96e-03	1.14e-01	3.66e-01	3.50e-01	1.14e-01	4.76e-02	6.25e-04	2.36e-06
 1.56007e+23	4.05e-22	3.79e-16	3.52e-11	2.51e-07	1.56e-04	9.09e-03	1.24e-01	3.76e-01	3.42e-01	1.06e-01	4.20e-02	5.23e-04	1.87e-06
 1.61877e+23	5.18e-22	5.17e-16	4.56e-11	3.11e-07	1.85e-04	1.03e-02	1.34e-01	3.85e-01	3.34e-01	9.88e-02	3.72e-02	4.38e-04	1.49e-06
 1.67131e+23	6.23e-22	6.61e-16	5.59e-11	3.69e-07	2.12e-04	1.15e-02	1.43e-01	3.92e-01	3.27e-01	9.30e-02	3.36e-02	3.79e-04	1.23e-06
 1.72890e+23	7.36e-22	8.27e-16	6.73e-11	4.30e-07	2.40e-04	1.26e-02	1.51e-01	3.98e-01	3.20e-01	8.76e-02	3.04e-02	3.31e-04	1.04e-06
 1.79730e+23	8.84e-22	1.06e-15	8.30e-11	5.13e-07	2.76e-04	1.40e-02	1.61e-01	4.04e-01	3.12e-01	8.16e-02	2.72e-02	2.83e-04	8.49e-07
 1.87042e+23	1.08e-21	1.39e-15	1.03e-10	6.16e-07	3.20e-04	1.56e-02	1.71e-01	4.10e-01	3.03e-01	7.58e-02	2.41e-02	2.40e-04	6.88e-07
 1.94647e+23	1.27e-21	1.76e-15	1.26e-10	7.26e-07	3.65e-04	1.72e-02	1.82e-01	4.15e-01	2.94e-01	7.05e-02	2.16e-02	2.06e-04	5.67e-07
 2.02557e+23	1.48e-21	2.20e-15	1.52e-10	8.49e-07	4.14e-04	1.89e-02	1.92e-01	4.19e-01	2.85e-01	6.56e-02	1.94e-02	1.77e-04	4.70e-07
 2.10783e+23	1.72e-21	2.73e-15	1.81e-10	9.85e-07	4.67e-04	2.07e-02	2.02e-01	4.22e-01	2.76e-01	6.12e-02	1.74e-02	1.53e-04	3.92e-07
 2.19337e+23	1.93e-21	3.31e-15	2.13e-10	1.13e-06	5.21e-04	2.25e-02	2.11e-01	4.25e-01	2.68e-01	5.72e-02	1.58e-02	1.34e-04	3.32e-07
 2.27788e+23	2.19e-21	4.00e-15	2.50e-10	1.29e-06	5.80e-04	2.44e-02	2.20e-01	4.27e-01	2.60e-01	5.35e-02	1.43e-02	1.17e-04	2.81e-07
 2.35557e+23	2.40e-21	4.65e-15	2.83e-10	1.43e-06	6.32e-04	2.60e-02	2.28e-01	4.28e-01	2.53e-01	5.05e-02	1.32e-02	1.05e-04	2.46e-07
 2.42550e+23	2.61e-21	5.34e-15	3.17e-10	1.57e-06	6.83e-04	2.75e-02	2.35e-01	4.29e-01	2.47e-01	4.81e-02	1.22e-02	9.57e-05	2.18e-07
 2.48843e+23	2.76e-21	5.92e-15	3.46e-10	1.69e-06	7.26e-04	2.88e-02	2.41e-01	4.30e-01	2.42e-01	4.61e-02	1.15e-02	8.86e-05	1.98e-07
 2.54507e+23	2.88e-21	6.46e-15	3.72e-10	1.80e-06	7.63e-04	2.99e-02	2.46e-01	4.30e-01	2.38e-01	4.45e-02	1.10e-02	8.30e-05	1.83e-07
 2.59604e+23	2.99e-21	6.94e-15	3.95e-10	1.90e-06	7.96e-04	3.08e-02	2.50e-01	4.30e-01	2.34e-01	4.32e-02	1.05e-02	7.85e-05	1.71e-07
 2.64192e+23	3.08e-21	7.39e-15	4.17e-10	1.98e-06	8.26e-04	3.17e-02	2.54e-01	4.30e-01	2.31e-01	4.21e-02	1.01e-02	7.48e-05	1.61e-07
 2.68321e+23	3.13e-21	7.75e-15	4.34e-10	2.05e-06	8.50e-04	3.24e-02	2.57e-01	4.30e-01	2.29e-01	4.12e-02	9.85e-03	7.20e-05	1.54e-07
 2.72037e+23	3.17e-21	8.09e-15	4.49e-10	2.11e-06	8.72e-04	3.30e-02	2.59e-01	4.30e-01	2.27e-01	4.04e-02	9.59e-03	6.96e-05	1.48e-07
 2.75381e+23	3.19e-21	8.34e-15	4.61e-10	2.16e-06	8.89e-04	3.35e-02	2.61e-01	4.30e-01	2.25e-01	3.98e-02	9.39e-03	6.78e-05	1.43e-07
 2.78493e+23	3.18e-21	8.52e-15	4.70e-10	2.20e-06	9.02e-04	3.39e-02	2.63e-01	4.30e-01	2.23e-01	3.93e-02	9.24e-03	6.64e-05	1.40e-07
 2.81548e+23	3.17e-21	8.71e-15	4.78e-10	2.23e-06	9.15e-04	3.43e-02	2.64e-01	4.30e-01	2.22e-01	3.88e-02	9.09e-03	6.51e-05	1.36e-07
 2.84603e+23	3.15e-21	8.89e-15	4.87e-10	2.27e-06	9.27e-04	3.46e-02	2.66e-01	4.30e-01	2.21e-01	3.84e-02	8.95e-03	6.38e-05	1.33e-07
 2.87658e+23	3.14e-21	9.07e-15	4.95e-10	2.30e-06	9.39e-04	3.50e-02	2.67e-01	4.30e-01	2.20e-01	3.80e-02	8.82e-03	6.26e-05	1.30e-07
 2.90712e+23	3.11e-21	9.21e-15	5.02e-10	2.33e-06	9.50e-04	3.53e-02	2.69e-01	4.30e-01	2.19e-01	3.76e-02	8.70e-03	6.16e-05	1.28e-07
 2.93767e+23	3.07e-21	9.31e-15	5.06e-10	2.35e-06	9.58e-04	3.56e-02	2.70e-01	4.30e-01	2.18e-01	3.73e-02	8.60e-03	6.07e-05	1.26e-07
 2.96822e+23	3.01e-21	9.39e-15	5.10e-10	2.37e-06	9.66e-04	3.58e-02	2.71e-01	4.30e-01	2.17e-01	3.70e-02	8.51e-03	6.00e-05	0.00e+00
 2.99877e+23	2.96e-21	9.47e-15	5.14e-10	2.39e-06	9.73e-04	3.60e-02	2.72e-01	4.30e-01	2.16e-01	3.67e-02	8.43e-03	5.92e-05	0.00e+00
 3.02932e+23	2.90e-21	9.55e-15	5.18e-10	2.40e-06	9.80e-04	3.63e-02	2.73e-01	4.30e-01	2.15e-01	3.64e-02	8.34e-03	5.85e-05	0.00e+00
 3.04970e+23	2.94e-21	9.83e-15	5.30e-10	2.45e-06	9.96e-04	3.67e-02	2.74e-01	4.30e-01	2.14e-01	3.60e-02	8.21e-03	5.74e-05	0.00e+00
