#depth	Cl	Cl+	Cl+2	Cl+3	Cl+4	Cl+5	Cl+6	Cl+7	Cl+8	Cl+9	Cl+10	Cl+11	Cl+12	Cl+13	Cl+14	Cl+15	Cl+16	Cl+17
 6.17135e+19	0.00e+00	1.20e-28	2.16e-24	9.04e-21	9.43e-18	4.68e-15	1.05e-12	3.48e-09	1.16e-06	9.69e-05	2.17e-03	2.17e-02	8.72e-02	1.42e-01	1.87e-01	4.84e-01	7.31e-02	3.52e-03
 1.87609e+20	0.00e+00	5.45e-28	8.57e-24	3.10e-20	2.79e-17	1.18e-14	2.24e-12	7.26e-09	2.30e-06	1.81e-04	3.64e-03	3.23e-02	1.16e-01	1.65e-01	1.90e-01	4.33e-01	5.72e-02	2.42e-03
 2.83882e+20	0.00e+00	1.65e-27	2.35e-23	7.66e-20	6.17e-17	2.32e-14	3.93e-12	1.22e-08	3.75e-06	2.80e-04	5.25e-03	4.26e-02	1.40e-01	1.82e-01	1.89e-01	3.92e-01	4.69e-02	1.79e-03
 3.32018e+20	0.00e+00	2.82e-27	3.82e-23	1.18e-19	9.06e-17	3.22e-14	5.14e-12	1.56e-08	4.71e-06	3.44e-04	6.23e-03	4.83e-02	1.52e-01	1.89e-01	1.88e-01	3.72e-01	4.23e-02	1.54e-03
 3.58442e+20	0.00e+00	3.76e-27	4.96e-23	1.50e-19	1.11e-16	3.84e-14	5.95e-12	1.78e-08	5.32e-06	3.84e-04	6.81e-03	5.17e-02	1.59e-01	1.93e-01	1.87e-01	3.61e-01	4.00e-02	1.42e-03
 3.82313e+20	0.00e+00	4.88e-27	6.28e-23	1.85e-19	1.34e-16	4.51e-14	6.78e-12	2.00e-08	5.93e-06	4.23e-04	7.39e-03	5.49e-02	1.66e-01	1.97e-01	1.86e-01	3.50e-01	3.79e-02	1.31e-03
 4.13344e+20	0.00e+00	6.71e-27	8.40e-23	2.40e-19	1.69e-16	5.49e-14	7.99e-12	2.32e-08	6.77e-06	4.77e-04	8.15e-03	5.90e-02	1.73e-01	2.00e-01	1.84e-01	3.38e-01	3.55e-02	1.19e-03
 4.53684e+20	0.00e+00	1.02e-26	1.23e-22	3.37e-19	2.28e-16	7.09e-14	9.87e-12	2.79e-08	8.03e-06	5.56e-04	9.25e-03	6.46e-02	1.84e-01	2.05e-01	1.81e-01	3.22e-01	3.24e-02	1.05e-03
 4.96666e+20	0.00e+00	1.56e-26	1.81e-22	4.80e-19	3.11e-16	9.26e-14	1.23e-11	3.38e-08	9.57e-06	6.50e-04	1.05e-02	7.09e-02	1.95e-01	2.10e-01	1.78e-01	3.04e-01	2.95e-02	9.16e-04
 5.34110e+20	0.00e+00	2.25e-26	2.53e-22	6.48e-19	4.06e-16	1.16e-13	1.48e-11	3.97e-08	1.11e-05	7.42e-04	1.17e-02	7.65e-02	2.05e-01	2.13e-01	1.76e-01	2.90e-01	2.71e-02	8.14e-04
 5.73817e+20	0.00e+00	3.28e-26	3.57e-22	8.83e-19	5.33e-16	1.47e-13	1.80e-11	4.69e-08	1.29e-05	8.48e-04	1.31e-02	8.27e-02	2.14e-01	2.16e-01	1.72e-01	2.75e-01	2.48e-02	7.19e-04
 6.18613e+20	0.00e+00	4.97e-26	5.22e-22	1.24e-18	7.21e-16	1.90e-13	2.23e-11	5.62e-08	1.52e-05	9.81e-04	1.47e-02	8.98e-02	2.25e-01	2.19e-01	1.68e-01	2.59e-01	2.24e-02	6.25e-04
 6.61105e+20	0.00e+00	7.29e-26	7.40e-22	1.70e-18	9.53e-16	2.42e-13	2.73e-11	6.64e-08	1.77e-05	1.12e-03	1.64e-02	9.67e-02	2.35e-01	2.21e-01	1.64e-01	2.44e-01	2.04e-02	5.47e-04
 7.01153e+20	0.00e+00	1.04e-25	1.02e-21	2.27e-18	1.23e-15	3.01e-13	3.27e-11	7.74e-08	2.03e-05	1.26e-03	1.80e-02	1.03e-01	2.44e-01	2.22e-01	1.60e-01	2.31e-01	1.86e-02	4.83e-04
 7.40599e+20	0.00e+00	1.45e-25	1.39e-21	3.01e-18	1.58e-15	3.72e-13	3.90e-11	8.95e-08	2.31e-05	1.42e-03	1.98e-02	1.10e-01	2.53e-01	2.23e-01	1.56e-01	2.19e-01	1.71e-02	4.28e-04
 7.79067e+20	0.00e+00	2.00e-25	1.86e-21	3.92e-18	2.00e-15	4.56e-13	4.62e-11	1.03e-07	2.61e-05	1.58e-03	2.15e-02	1.17e-01	2.61e-01	2.24e-01	1.52e-01	2.07e-01	1.56e-02	3.80e-04
 8.22604e+20	0.00e+00	2.85e-25	2.58e-21	5.25e-18	2.59e-15	5.70e-13	5.56e-11	1.20e-07	2.99e-05	1.78e-03	2.37e-02	1.24e-01	2.69e-01	2.24e-01	1.48e-01	1.95e-01	1.42e-02	3.33e-04
 8.69950e+20	0.00e+00	4.15e-25	3.63e-21	7.16e-18	3.41e-15	7.22e-13	6.77e-11	1.41e-07	3.44e-05	2.01e-03	2.61e-02	1.32e-01	2.78e-01	2.24e-01	1.43e-01	1.82e-01	1.28e-02	2.88e-04
 9.12446e+20	0.00e+00	5.76e-25	4.91e-21	9.40e-18	4.34e-15	8.89e-13	8.05e-11	1.62e-07	3.90e-05	2.24e-03	2.84e-02	1.39e-01	2.86e-01	2.23e-01	1.38e-01	1.71e-01	1.16e-02	2.54e-04
 9.57890e+20	0.00e+00	8.11e-25	6.71e-21	1.25e-17	5.58e-15	1.10e-12	9.65e-11	1.88e-07	4.43e-05	2.50e-03	3.09e-02	1.47e-01	2.93e-01	2.22e-01	1.34e-01	1.60e-01	1.05e-02	2.21e-04
 1.00850e+21	0.00e+00	1.17e-24	9.43e-21	1.70e-17	7.34e-15	1.40e-12	1.18e-10	2.20e-07	5.09e-05	2.81e-03	3.39e-02	1.56e-01	3.01e-01	2.20e-01	1.28e-01	1.48e-01	9.36e-03	1.91e-04
 1.05563e+21	0.00e+00	1.64e-24	1.28e-20	2.25e-17	9.41e-15	1.73e-12	1.41e-10	2.55e-07	5.76e-05	3.12e-03	3.68e-02	1.64e-01	3.07e-01	2.18e-01	1.23e-01	1.38e-01	8.43e-03	1.66e-04
 1.09996e+21	0.00e+00	2.24e-24	1.70e-20	2.90e-17	1.18e-14	2.11e-12	1.66e-10	2.91e-07	6.46e-05	3.44e-03	3.96e-02	1.72e-01	3.13e-01	2.16e-01	1.19e-01	1.30e-01	7.65e-03	1.46e-04
 1.15087e+21	0.00e+00	3.16e-24	2.34e-20	3.87e-17	1.53e-14	2.63e-12	1.99e-10	3.37e-07	7.33e-05	3.83e-03	4.30e-02	1.80e-01	3.19e-01	2.13e-01	1.14e-01	1.20e-01	6.84e-03	1.26e-04
 1.20787e+21	0.00e+00	4.61e-24	3.31e-20	5.29e-17	2.02e-14	3.35e-12	2.44e-10	3.97e-07	8.41e-05	4.30e-03	4.70e-02	1.90e-01	3.25e-01	2.09e-01	1.08e-01	1.10e-01	6.04e-03	1.07e-04
 1.25786e+21	0.00e+00	6.35e-24	4.45e-20	6.92e-17	2.56e-14	4.11e-12	2.90e-10	4.56e-07	9.46e-05	4.74e-03	5.06e-02	1.98e-01	3.29e-01	2.06e-01	1.04e-01	1.02e-01	5.42e-03	9.26e-05
 1.29969e+21	0.00e+00	8.27e-24	5.66e-20	8.62e-17	3.12e-14	4.87e-12	3.34e-10	5.10e-07	1.04e-04	5.13e-03	5.36e-02	2.05e-01	3.33e-01	2.03e-01	9.97e-02	9.63e-02	4.95e-03	8.23e-05
 1.34586e+21	0.00e+00	1.10e-23	7.35e-20	1.09e-16	3.85e-14	5.85e-12	3.90e-10	5.77e-07	1.15e-04	5.59e-03	5.72e-02	2.12e-01	3.36e-01	1.99e-01	9.56e-02	8.99e-02	4.49e-03	7.24e-05
 1.40588e+21	0.00e+00	1.57e-23	1.02e-19	1.48e-16	5.03e-14	7.38e-12	4.73e-10	6.74e-07	1.31e-04	6.21e-03	6.18e-02	2.21e-01	3.39e-01	1.95e-01	9.05e-02	8.23e-02	3.95e-03	6.13e-05
 1.46804e+21	0.00e+00	2.26e-23	1.43e-19	2.00e-16	6.60e-14	9.33e-12	5.76e-10	7.89e-07	1.50e-04	6.91e-03	6.69e-02	2.31e-01	3.42e-01	1.89e-01	8.53e-02	7.50e-02	3.46e-03	5.17e-05
 1.51974e+21	0.00e+00	3.05e-23	1.88e-19	2.57e-16	8.25e-14	1.13e-11	6.78e-10	8.97e-07	1.67e-04	7.54e-03	7.12e-02	2.38e-01	3.44e-01	1.85e-01	8.12e-02	6.94e-02	3.10e-03	4.49e-05
 1.57372e+21	0.00e+00	4.10e-23	2.47e-19	3.29e-16	1.03e-13	1.37e-11	7.97e-10	1.02e-06	1.85e-04	8.21e-03	7.57e-02	2.46e-01	3.45e-01	1.80e-01	7.72e-02	6.42e-02	2.78e-03	3.90e-05
 1.64391e+21	0.00e+00	6.00e-23	3.51e-19	4.52e-16	1.37e-13	1.75e-11	9.80e-10	1.20e-06	2.12e-04	9.15e-03	8.19e-02	2.55e-01	3.46e-01	1.74e-01	7.22e-02	5.80e-02	2.41e-03	3.24e-05
 1.71611e+21	0.00e+00	8.78e-23	4.98e-19	6.21e-16	1.82e-13	2.24e-11	1.21e-09	1.42e-06	2.43e-04	1.02e-02	8.83e-02	2.65e-01	3.47e-01	1.68e-01	6.73e-02	5.22e-02	2.08e-03	2.69e-05
 1.77551e+21	0.00e+00	1.19e-22	6.60e-19	8.03e-16	2.28e-13	2.74e-11	1.43e-09	1.62e-06	2.71e-04	1.11e-02	9.38e-02	2.72e-01	3.46e-01	1.63e-01	6.36e-02	4.79e-02	1.85e-03	2.31e-05
 1.83730e+21	0.00e+00	1.62e-22	8.77e-19	1.04e-15	2.88e-13	3.35e-11	1.69e-09	1.86e-06	3.02e-04	1.21e-02	9.95e-02	2.80e-01	3.45e-01	1.58e-01	5.99e-02	4.38e-02	1.63e-03	1.97e-05
 1.90512e+21	0.00e+00	2.26e-22	1.19e-18	1.37e-15	3.69e-13	4.15e-11	2.03e-09	2.14e-06	3.40e-04	1.32e-02	1.06e-01	2.88e-01	3.44e-01	1.52e-01	5.60e-02	3.98e-02	1.43e-03	1.66e-05
 1.96706e+21	0.00e+00	3.04e-22	1.57e-18	1.76e-15	4.61e-13	5.03e-11	2.38e-09	2.44e-06	3.77e-04	1.44e-02	1.12e-01	2.94e-01	3.42e-01	1.47e-01	5.27e-02	3.65e-02	1.27e-03	1.43e-05
 2.03388e+21	0.00e+00	4.15e-22	2.09e-18	2.28e-15	5.82e-13	6.16e-11	2.83e-09	2.79e-06	4.20e-04	1.56e-02	1.18e-01	3.01e-01	3.40e-01	1.41e-01	4.94e-02	3.32e-02	1.11e-03	1.21e-05
 2.10862e+21	0.00e+00	5.83e-22	2.85e-18	3.04e-15	7.51e-13	7.69e-11	3.41e-09	3.24e-06	4.73e-04	1.71e-02	1.26e-01	3.08e-01	3.36e-01	1.35e-01	4.59e-02	2.99e-02	9.67e-04	1.01e-05
 2.17903e+21	0.00e+00	7.98e-22	3.81e-18	3.95e-15	9.50e-13	9.42e-11	4.05e-09	3.72e-06	5.27e-04	1.86e-02	1.33e-01	3.15e-01	3.33e-01	1.30e-01	4.29e-02	2.71e-02	8.47e-04	8.59e-06
 2.25595e+21	2.05e-29	1.11e-21	5.18e-18	5.22e-15	1.22e-12	1.17e-10	4.86e-09	4.29e-06	5.92e-04	2.03e-02	1.41e-01	3.21e-01	3.29e-01	1.24e-01	3.98e-02	2.44e-02	7.34e-04	7.18e-06
 2.34148e+21	2.95e-29	1.60e-21	7.23e-18	7.07e-15	1.60e-12	1.48e-10	5.92e-09	5.03e-06	6.70e-04	2.22e-02	1.49e-01	3.28e-01	3.24e-01	1.17e-01	3.66e-02	2.17e-02	6.28e-04	5.89e-06
 2.42162e+21	4.10e-29	2.23e-21	9.80e-18	9.33e-15	2.05e-12	1.83e-10	7.10e-09	5.80e-06	7.50e-04	2.42e-02	1.58e-01	3.33e-01	3.19e-01	1.12e-01	3.38e-02	1.95e-02	5.43e-04	4.91e-06
 2.50925e+21	5.84e-29	3.17e-21	1.36e-17	1.25e-14	2.66e-12	2.30e-10	8.60e-09	6.76e-06	8.45e-04	2.64e-02	1.67e-01	3.39e-01	3.13e-01	1.06e-01	3.10e-02	1.73e-02	4.64e-04	4.04e-06
 2.60767e+21	8.56e-29	4.65e-21	1.93e-17	1.73e-14	3.55e-12	2.96e-10	1.06e-08	7.98e-06	9.63e-04	2.91e-02	1.77e-01	3.45e-01	3.06e-01	9.93e-02	2.82e-02	1.52e-02	3.90e-04	3.25e-06
 2.69536e+21	1.19e-28	6.51e-21	2.63e-17	2.29e-14	4.55e-12	3.67e-10	1.28e-08	9.22e-06	1.08e-03	3.16e-02	1.86e-01	3.49e-01	2.99e-01	9.39e-02	2.59e-02	1.36e-02	3.35e-04	2.69e-06
 2.77075e+21	1.56e-28	8.62e-21	3.41e-17	2.89e-14	5.61e-12	4.40e-10	1.49e-08	1.04e-05	1.18e-03	3.38e-02	1.93e-01	3.52e-01	2.93e-01	8.94e-02	2.41e-02	1.23e-02	2.94e-04	2.29e-06
 2.85495e+21	2.11e-28	1.17e-20	4.53e-17	3.74e-14	7.07e-12	5.37e-10	1.76e-08	1.19e-05	1.31e-03	3.64e-02	2.02e-01	3.55e-01	2.87e-01	8.47e-02	2.22e-02	1.10e-02	2.54e-04	1.91e-06
 2.96441e+21	3.08e-28	1.73e-20	6.45e-17	5.16e-14	9.40e-12	6.88e-10	2.16e-08	1.40e-05	1.49e-03	3.99e-02	2.13e-01	3.59e-01	2.78e-01	7.89e-02	2.00e-02	9.60e-03	2.12e-04	1.53e-06
 3.07536e+21	4.45e-28	2.55e-20	9.24e-17	7.15e-14	1.26e-11	8.85e-10	2.68e-08	1.65e-05	1.69e-03	4.37e-02	2.24e-01	3.61e-01	2.69e-01	7.33e-02	1.80e-02	8.32e-03	1.76e-04	1.21e-06
 3.16315e+21	5.88e-28	3.43e-20	1.21e-16	9.16e-14	1.57e-11	1.07e-09	3.14e-08	1.88e-05	1.86e-03	4.68e-02	2.33e-01	3.63e-01	2.62e-01	6.91e-02	1.65e-02	7.45e-03	1.52e-04	1.01e-06
 3.25214e+21	7.80e-28	4.61e-20	1.59e-16	1.17e-13	1.95e-11	1.30e-09	3.69e-08	2.13e-05	2.05e-03	5.00e-02	2.42e-01	3.64e-01	2.55e-01	6.51e-02	1.52e-02	6.67e-03	1.32e-04	8.46e-07
 3.36783e+21	1.11e-27	6.69e-20	2.24e-16	1.60e-13	2.57e-11	1.64e-09	4.50e-08	2.49e-05	2.31e-03	5.43e-02	2.53e-01	3.65e-01	2.46e-01	6.04e-02	1.36e-02	5.79e-03	1.10e-04	6.75e-07
 3.48826e+21	1.58e-27	9.81e-20	3.19e-16	2.20e-13	3.42e-11	2.10e-09	5.54e-08	2.93e-05	2.61e-03	5.91e-02	2.65e-01	3.65e-01	2.36e-01	5.56e-02	1.21e-02	4.98e-03	9.01e-05	5.31e-07
 3.58833e+21	2.10e-27	1.34e-19	4.24e-16	2.85e-13	4.30e-11	2.57e-09	6.55e-08	3.34e-05	2.88e-03	6.33e-02	2.75e-01	3.64e-01	2.28e-01	5.19e-02	1.10e-02	4.41e-03	7.69e-05	4.37e-07
 3.69191e+21	2.81e-27	1.83e-19	5.66e-16	3.69e-13	5.43e-11	3.13e-09	7.75e-08	3.81e-05	3.18e-03	6.77e-02	2.84e-01	3.63e-01	2.19e-01	4.84e-02	1.00e-02	3.89e-03	6.54e-05	3.58e-07
 3.82656e+21	4.04e-27	2.71e-19	8.12e-16	5.12e-13	7.25e-11	4.02e-09	9.55e-08	4.48e-05	3.59e-03	7.35e-02	2.96e-01	3.61e-01	2.09e-01	4.42e-02	8.84e-03	3.32e-03	5.33e-05	2.79e-07
 3.96483e+21	5.77e-27	4.03e-19	1.17e-15	7.15e-13	9.77e-11	5.21e-09	1.19e-07	5.30e-05	4.07e-03	7.99e-02	3.08e-01	3.58e-01	1.99e-01	4.02e-02	7.76e-03	2.81e-03	4.30e-05	2.14e-07
 4.07701e+21	7.63e-27	5.52e-19	1.57e-15	9.30e-13	1.23e-10	6.37e-09	1.40e-07	6.04e-05	4.49e-03	8.52e-02	3.18e-01	3.55e-01	1.90e-01	3.72e-02	6.99e-03	2.46e-03	3.62e-05	1.74e-07
 4.19205e+21	1.01e-26	7.56e-19	2.09e-15	1.21e-12	1.56e-10	7.79e-09	1.66e-07	6.89e-05	4.94e-03	9.08e-02	3.27e-01	3.52e-01	1.82e-01	3.43e-02	6.29e-03	2.15e-03	3.05e-05	1.41e-07
 4.34162e+21	1.45e-26	1.12e-18	3.01e-15	1.68e-12	2.09e-10	1.00e-08	2.06e-07	8.12e-05	5.58e-03	9.83e-02	3.39e-01	3.47e-01	1.72e-01	3.10e-02	5.48e-03	1.81e-03	2.44e-05	0.00e+00
 4.48583e+21	2.00e-26	1.64e-18	4.26e-15	2.30e-12	2.77e-10	1.28e-08	2.52e-07	9.49e-05	6.25e-03	1.06e-01	3.50e-01	3.42e-01	1.62e-01	2.80e-02	4.80e-03	1.53e-03	1.97e-05	0.00e+00
 4.59058e+21	2.52e-26	2.13e-18	5.44e-15	2.88e-12	3.37e-10	1.52e-08	2.90e-07	1.06e-04	6.77e-03	1.11e-01	3.57e-01	3.37e-01	1.55e-01	2.61e-02	4.36e-03	1.36e-03	1.69e-05	0.00e+00
 4.69425e+21	3.17e-26	2.76e-18	6.90e-15	3.57e-12	4.09e-10	1.79e-08	3.34e-07	1.18e-04	7.31e-03	1.17e-01	3.65e-01	3.33e-01	1.49e-01	2.42e-02	3.97e-03	1.21e-03	1.46e-05	0.00e+00
 4.82902e+21	4.23e-26	3.82e-18	9.32e-15	4.68e-12	5.20e-10	2.20e-08	3.97e-07	1.35e-04	8.05e-03	1.24e-01	3.73e-01	3.27e-01	1.41e-01	2.21e-02	3.52e-03	1.04e-03	1.20e-05	0.00e+00
 4.97339e+21	5.69e-26	5.39e-18	1.28e-14	6.26e-12	6.75e-10	2.76e-08	4.79e-07	1.55e-04	8.93e-03	1.33e-01	3.82e-01	3.20e-01	1.32e-01	1.99e-02	3.08e-03	8.79e-04	9.75e-06	0.00e+00
 5.09900e+21	7.28e-26	7.20e-18	1.68e-14	8.00e-12	8.40e-10	3.33e-08	5.62e-07	1.75e-04	9.74e-03	1.40e-01	3.90e-01	3.14e-01	1.25e-01	1.82e-02	2.75e-03	7.63e-04	8.15e-06	0.00e+00
 5.23105e+21	9.46e-26	9.69e-18	2.21e-14	1.03e-11	1.05e-09	4.03e-08	6.59e-07	1.98e-04	1.06e-02	1.48e-01	3.97e-01	3.07e-01	1.18e-01	1.66e-02	2.45e-03	6.60e-04	6.79e-06	0.00e+00
 5.40271e+21	1.32e-25	1.41e-17	3.13e-14	1.41e-11	1.40e-09	5.16e-08	8.12e-07	2.32e-04	1.19e-02	1.58e-01	4.05e-01	2.98e-01	1.09e-01	1.47e-02	2.10e-03	5.45e-04	5.33e-06	0.00e+00
 5.57489e+21	1.80e-25	2.04e-17	4.42e-14	1.93e-11	1.85e-09	6.58e-08	9.94e-07	2.70e-04	1.32e-02	1.69e-01	4.13e-01	2.88e-01	1.01e-01	1.30e-02	1.80e-03	4.51e-04	4.19e-06	0.00e+00
 5.71060e+21	2.26e-25	2.71e-17	5.75e-14	2.46e-11	2.29e-09	7.92e-08	1.16e-06	3.04e-04	1.44e-02	1.77e-01	4.19e-01	2.80e-01	9.51e-02	1.18e-02	1.60e-03	3.88e-04	3.47e-06	0.00e+00
 5.84990e+21	2.89e-25	3.59e-17	7.47e-14	3.13e-11	2.84e-09	9.55e-08	1.36e-06	3.42e-04	1.56e-02	1.86e-01	4.24e-01	2.73e-01	8.92e-02	1.07e-02	1.41e-03	3.34e-04	2.87e-06	0.00e+00
 6.03099e+21	3.94e-25	5.12e-17	1.04e-13	4.24e-11	3.74e-09	1.21e-07	1.66e-06	3.98e-04	1.73e-02	1.98e-01	4.30e-01	2.62e-01	8.20e-02	9.42e-03	1.21e-03	2.74e-04	2.24e-06	0.00e+00
 6.22104e+21	5.33e-25	7.37e-17	1.46e-13	5.80e-11	4.95e-09	1.54e-07	2.04e-06	4.64e-04	1.93e-02	2.10e-01	4.35e-01	2.51e-01	7.49e-02	8.22e-03	1.02e-03	2.23e-04	1.73e-06	0.00e+00
 6.38177e+21	6.81e-25	9.93e-17	1.94e-13	7.50e-11	6.25e-09	1.89e-07	2.42e-06	5.27e-04	2.10e-02	2.21e-01	4.38e-01	2.42e-01	6.94e-02	7.32e-03	8.87e-04	1.88e-04	1.40e-06	0.00e+00
 6.54975e+21	8.81e-25	1.34e-16	2.57e-13	9.74e-11	7.92e-09	2.32e-07	2.88e-06	5.99e-04	2.30e-02	2.32e-01	4.41e-01	2.32e-01	6.40e-02	6.49e-03	7.66e-04	1.57e-04	1.12e-06	0.00e+00
 6.76812e+21	1.22e-24	1.95e-16	3.68e-13	1.35e-10	1.07e-08	3.01e-07	3.59e-06	7.06e-04	2.57e-02	2.46e-01	4.44e-01	2.20e-01	5.75e-02	5.55e-03	6.35e-04	1.25e-04	8.37e-07	0.00e+00
 6.98889e+21	1.65e-24	2.83e-16	5.22e-13	1.87e-10	1.43e-08	3.88e-07	4.46e-06	8.28e-04	2.86e-02	2.61e-01	4.45e-01	2.08e-01	5.16e-02	4.74e-03	5.25e-04	9.89e-05	6.27e-07	0.00e+00
 7.16478e+21	2.07e-24	3.75e-16	6.84e-13	2.41e-10	1.80e-08	4.74e-07	5.28e-06	9.38e-04	3.11e-02	2.72e-01	4.46e-01	1.98e-01	4.73e-02	4.17e-03	4.52e-04	8.22e-05	4.98e-07	0.00e+00
 7.31653e+21	2.51e-24	4.76e-16	8.58e-13	2.97e-10	2.18e-08	5.61e-07	6.10e-06	1.04e-03	3.33e-02	2.82e-01	4.45e-01	1.90e-01	4.38e-02	3.74e-03	3.97e-04	7.01e-05	4.09e-07	0.00e+00
 7.48486e+21	3.12e-24	6.13e-16	1.09e-12	3.73e-10	2.69e-08	6.73e-07	7.14e-06	1.17e-03	3.60e-02	2.93e-01	4.44e-01	1.82e-01	4.02e-02	3.31e-03	3.44e-04	5.89e-05	3.29e-07	0.00e+00
 7.70369e+21	4.09e-24	8.43e-16	1.49e-12	4.97e-10	3.49e-08	8.48e-07	8.70e-06	1.35e-03	3.95e-02	3.07e-01	4.42e-01	1.71e-01	3.60e-02	2.83e-03	2.86e-04	4.71e-05	2.50e-07	0.00e+00
 7.92803e+21	5.27e-24	1.15e-15	2.02e-12	6.63e-10	4.55e-08	1.07e-06	1.06e-05	1.56e-03	4.35e-02	3.22e-01	4.39e-01	1.60e-01	3.21e-02	2.41e-03	2.37e-04	3.74e-05	1.88e-07	0.00e+00
 8.11083e+21	6.43e-24	1.48e-15	2.57e-12	8.32e-10	5.61e-08	1.29e-06	1.25e-05	1.76e-03	4.69e-02	3.33e-01	4.35e-01	1.51e-01	2.92e-02	2.11e-03	2.03e-04	3.10e-05	1.49e-07	0.00e+00
 8.29980e+21	7.97e-24	1.89e-15	3.27e-12	1.04e-09	6.92e-08	1.55e-06	1.46e-05	1.97e-03	5.05e-02	3.45e-01	4.31e-01	1.43e-01	2.65e-02	1.84e-03	1.74e-04	2.57e-05	0.00e+00	0.00e+00
 8.54546e+21	1.03e-23	2.56e-15	4.41e-12	1.39e-09	9.01e-08	1.95e-06	1.80e-05	2.28e-03	5.54e-02	3.59e-01	4.25e-01	1.32e-01	2.34e-02	1.55e-03	1.42e-04	2.01e-05	0.00e+00	0.00e+00
 8.79337e+21	1.31e-23	3.44e-15	5.92e-12	1.83e-09	1.17e-07	2.46e-06	2.20e-05	2.64e-03	6.07e-02	3.74e-01	4.18e-01	1.23e-01	2.05e-02	1.30e-03	1.16e-04	1.57e-05	0.00e+00	0.00e+00
 8.98941e+21	1.57e-23	4.31e-15	7.42e-12	2.27e-09	1.43e-07	2.94e-06	2.57e-05	2.95e-03	6.51e-02	3.85e-01	4.12e-01	1.15e-01	1.86e-02	1.13e-03	9.94e-05	1.30e-05	0.00e+00	0.00e+00
 9.18947e+21	1.89e-23	5.37e-15	9.25e-12	2.80e-09	1.74e-07	3.50e-06	2.99e-05	3.29e-03	6.97e-02	3.96e-01	4.05e-01	1.08e-01	1.67e-02	9.85e-04	8.48e-05	1.07e-05	0.00e+00	0.00e+00
 9.44956e+21	2.40e-23	7.07e-15	1.22e-11	3.65e-09	2.23e-07	4.36e-06	3.63e-05	3.78e-03	7.59e-02	4.09e-01	3.96e-01	9.95e-02	1.47e-02	8.24e-04	6.92e-05	8.39e-06	0.00e+00	0.00e+00
 9.72034e+21	3.00e-23	9.31e-15	1.61e-11	4.77e-09	2.86e-07	5.45e-06	4.42e-05	4.34e-03	8.27e-02	4.22e-01	3.86e-01	9.12e-02	1.28e-02	6.85e-04	5.61e-05	6.51e-06	0.00e+00	0.00e+00
 9.94688e+21	3.59e-23	1.16e-14	2.02e-11	5.93e-09	3.51e-07	6.53e-06	5.19e-05	4.87e-03	8.85e-02	4.32e-01	3.77e-01	8.47e-02	1.14e-02	5.88e-04	4.72e-05	5.28e-06	0.00e+00	0.00e+00
 1.01832e+22	4.36e-23	1.45e-14	2.53e-11	7.36e-09	4.30e-07	7.84e-06	6.10e-05	5.45e-03	9.47e-02	4.42e-01	3.68e-01	7.85e-02	1.01e-02	5.03e-04	3.96e-05	4.27e-06	0.00e+00	0.00e+00
 1.04904e+22	5.56e-23	1.91e-14	3.37e-11	9.66e-09	5.55e-07	9.84e-06	7.48e-05	6.29e-03	1.03e-01	4.54e-01	3.56e-01	7.12e-02	8.71e-03	4.12e-04	3.16e-05	3.26e-06	0.00e+00	0.00e+00
 1.08064e+22	6.92e-23	2.51e-14	4.47e-11	1.27e-08	7.17e-07	1.24e-05	9.17e-05	7.25e-03	1.12e-01	4.66e-01	3.43e-01	6.42e-02	7.46e-03	3.36e-04	2.51e-05	2.47e-06	0.00e+00	0.00e+00
 1.10662e+22	8.25e-23	3.11e-14	5.59e-11	1.57e-08	8.79e-07	1.48e-05	1.08e-04	8.11e-03	1.20e-01	4.74e-01	3.32e-01	5.91e-02	6.57e-03	2.85e-04	2.09e-05	1.98e-06	0.00e+00	0.00e+00
 1.13365e+22	1.00e-22	3.86e-14	7.00e-11	1.95e-08	1.08e-06	1.77e-05	1.27e-04	9.08e-03	1.28e-01	4.82e-01	3.21e-01	5.42e-02	5.78e-03	2.42e-04	1.73e-05	1.58e-06	0.00e+00	0.00e+00
 1.16185e+22	1.19e-22	4.80e-14	8.81e-11	2.43e-08	1.32e-06	2.13e-05	1.49e-04	1.02e-02	1.36e-01	4.89e-01	3.10e-01	4.95e-02	5.06e-03	2.03e-04	1.43e-05	1.25e-06	0.00e+00	0.00e+00
 1.18549e+22	1.38e-22	5.74e-14	1.06e-10	2.90e-08	1.56e-06	2.48e-05	1.71e-04	1.12e-02	1.43e-01	4.95e-01	3.00e-01	4.59e-02	4.53e-03	1.76e-04	1.22e-05	1.04e-06	0.00e+00	0.00e+00
 1.21015e+22	1.62e-22	6.86e-14	1.28e-10	3.47e-08	1.85e-06	2.88e-05	1.95e-04	1.22e-02	1.51e-01	5.00e-01	2.90e-01	4.25e-02	4.05e-03	1.53e-04	1.03e-05	8.53e-07	0.00e+00	0.00e+00
 1.24220e+22	1.99e-22	8.60e-14	1.63e-10	4.36e-08	2.29e-06	3.48e-05	2.31e-04	1.37e-02	1.61e-01	5.05e-01	2.78e-01	3.85e-02	3.50e-03	1.27e-04	8.41e-06	6.66e-07	0.00e+00	0.00e+00
 1.27518e+22	2.39e-22	1.08e-13	2.07e-10	5.48e-08	2.84e-06	4.20e-05	2.74e-04	1.54e-02	1.71e-01	5.10e-01	2.66e-01	3.47e-02	3.02e-03	1.05e-04	6.81e-06	5.18e-07	0.00e+00	0.00e+00
 1.30197e+22	2.74e-22	1.29e-13	2.50e-10	6.55e-08	3.36e-06	4.89e-05	3.15e-04	1.69e-02	1.80e-01	5.13e-01	2.55e-01	3.19e-02	2.68e-03	9.02e-05	5.74e-06	4.23e-07	0.00e+00	0.00e+00
 1.32941e+22	3.24e-22	1.54e-13	3.02e-10	7.83e-08	3.97e-06	5.65e-05	3.58e-04	1.85e-02	1.88e-01	5.15e-01	2.46e-01	2.94e-02	2.39e-03	7.79e-05	4.88e-06	3.48e-07	0.00e+00	0.00e+00
 1.36508e+22	3.98e-22	1.93e-13	3.84e-10	9.81e-08	4.89e-06	6.80e-05	4.22e-04	2.07e-02	1.99e-01	5.17e-01	2.34e-01	2.64e-02	2.05e-03	6.44e-05	3.94e-06	2.70e-07	0.00e+00	0.00e+00
 1.40176e+22	4.79e-22	2.43e-13	4.88e-10	1.23e-07	6.04e-06	8.18e-05	4.98e-04	2.31e-02	2.11e-01	5.18e-01	2.21e-01	2.37e-02	1.76e-03	5.30e-05	3.17e-06	2.09e-07	0.00e+00	0.00e+00
 1.43176e+22	5.50e-22	2.89e-13	5.90e-10	1.47e-07	7.13e-06	9.48e-05	5.69e-04	2.53e-02	2.21e-01	5.18e-01	2.12e-01	2.16e-02	1.55e-03	4.52e-05	2.66e-06	1.69e-07	0.00e+00	0.00e+00
 1.46278e+22	6.54e-22	3.49e-13	7.17e-10	1.76e-07	8.42e-06	1.09e-04	6.46e-04	2.75e-02	2.30e-01	5.18e-01	2.02e-01	1.98e-02	1.37e-03	3.88e-05	2.24e-06	1.38e-07	0.00e+00	0.00e+00
 1.50310e+22	8.09e-22	4.39e-13	9.14e-10	2.21e-07	1.04e-05	1.31e-04	7.60e-04	3.06e-02	2.43e-01	5.16e-01	1.91e-01	1.76e-02	1.17e-03	3.18e-05	1.80e-06	0.00e+00	0.00e+00	0.00e+00
 1.54480e+22	9.77e-22	5.55e-13	1.17e-09	2.78e-07	1.28e-05	1.58e-04	8.96e-04	3.41e-02	2.56e-01	5.14e-01	1.79e-01	1.56e-02	9.91e-04	2.59e-05	1.43e-06	0.00e+00	0.00e+00	0.00e+00
 1.57930e+22	1.13e-21	6.67e-13	1.42e-09	3.34e-07	1.52e-05	1.83e-04	1.02e-03	3.72e-02	2.66e-01	5.11e-01	1.70e-01	1.41e-02	8.65e-04	2.19e-05	1.19e-06	0.00e+00	0.00e+00	0.00e+00
 1.61515e+22	1.36e-21	8.11e-13	1.75e-09	4.02e-07	1.79e-05	2.12e-04	1.16e-03	4.05e-02	2.77e-01	5.07e-01	1.61e-01	1.28e-02	7.57e-04	1.86e-05	9.91e-07	0.00e+00	0.00e+00	0.00e+00
 1.66176e+22	1.70e-21	1.03e-12	2.25e-09	5.07e-07	2.22e-05	2.54e-04	1.37e-03	4.50e-02	2.90e-01	5.01e-01	1.50e-01	1.12e-02	6.38e-04	1.51e-05	7.84e-07	0.00e+00	0.00e+00	0.00e+00
 1.71023e+22	2.08e-21	1.32e-12	2.92e-09	6.43e-07	2.75e-05	3.06e-04	1.61e-03	5.00e-02	3.04e-01	4.95e-01	1.39e-01	9.82e-03	5.34e-04	1.21e-05	6.15e-07	0.00e+00	0.00e+00	0.00e+00
 1.75080e+22	2.44e-21	1.62e-12	3.60e-09	7.80e-07	3.27e-05	3.55e-04	1.84e-03	5.44e-02	3.15e-01	4.88e-01	1.31e-01	8.78e-03	4.61e-04	1.01e-05	5.05e-07	0.00e+00	0.00e+00	0.00e+00
 1.79324e+22	2.96e-21	1.99e-12	4.46e-09	9.47e-07	3.89e-05	4.12e-04	2.09e-03	5.92e-02	3.26e-01	4.81e-01	1.23e-01	7.85e-03	3.98e-04	8.45e-06	4.13e-07	0.00e+00	0.00e+00	0.00e+00
 1.84840e+22	3.79e-21	2.57e-12	5.84e-09	1.21e-06	4.84e-05	4.97e-04	2.46e-03	6.56e-02	3.40e-01	4.72e-01	1.13e-01	6.79e-03	3.29e-04	6.72e-06	3.21e-07	0.00e+00	0.00e+00	0.00e+00
 1.90016e+22	4.52e-21	3.27e-12	7.50e-09	1.52e-06	5.93e-05	5.90e-04	2.87e-03	7.22e-02	3.53e-01	4.62e-01	1.04e-01	5.91e-03	2.75e-04	5.40e-06	2.52e-07	0.00e+00	0.00e+00	0.00e+00
 1.93558e+22	5.16e-21	3.86e-12	8.88e-09	1.76e-06	6.78e-05	6.60e-04	3.16e-03	7.67e-02	3.61e-01	4.55e-01	9.85e-02	5.40e-03	2.45e-04	4.69e-06	2.16e-07	0.00e+00	0.00e+00	0.00e+00
 1.96972e+22	5.94e-21	4.49e-12	1.04e-08	2.03e-06	7.67e-05	7.33e-04	3.46e-03	8.11e-02	3.68e-01	4.48e-01	9.35e-02	4.95e-03	2.19e-04	4.10e-06	1.86e-07	0.00e+00	0.00e+00	0.00e+00
 2.01410e+22	7.16e-21	5.45e-12	1.27e-08	2.42e-06	8.97e-05	8.36e-04	3.88e-03	8.71e-02	3.78e-01	4.38e-01	8.74e-02	4.42e-03	1.90e-04	3.45e-06	1.54e-07	0.00e+00	0.00e+00	0.00e+00
 2.06419e+22	8.66e-21	6.76e-12	1.58e-08	2.95e-06	1.07e-04	9.67e-04	4.40e-03	9.40e-02	3.88e-01	4.28e-01	8.09e-02	3.90e-03	1.62e-04	2.85e-06	1.24e-07	0.00e+00	0.00e+00	0.00e+00
 2.11127e+22	1.03e-20	8.26e-12	1.93e-08	3.54e-06	1.25e-04	1.10e-03	4.93e-03	1.01e-01	3.97e-01	4.18e-01	7.53e-02	3.47e-03	1.40e-04	2.38e-06	0.00e+00	0.00e+00	0.00e+00	0.00e+00
 2.15483e+22	1.21e-20	9.89e-12	2.32e-08	4.17e-06	1.44e-04	1.24e-03	5.45e-03	1.07e-01	4.04e-01	4.08e-01	7.04e-02	3.12e-03	1.22e-04	2.03e-06	0.00e+00	0.00e+00	0.00e+00	0.00e+00
 2.20424e+22	1.47e-20	1.21e-11	2.84e-08	4.98e-06	1.68e-04	1.41e-03	6.09e-03	1.14e-01	4.12e-01	3.97e-01	6.54e-02	2.77e-03	1.05e-04	1.70e-06	0.00e+00	0.00e+00	0.00e+00	0.00e+00
 2.26848e+22	1.89e-20	1.56e-11	3.66e-08	6.24e-06	2.04e-04	1.66e-03	6.98e-03	1.24e-01	4.22e-01	3.83e-01	5.94e-02	2.38e-03	8.70e-05	1.35e-06	0.00e+00	0.00e+00	0.00e+00	0.00e+00
 2.33332e+22	2.35e-20	2.01e-11	4.72e-08	7.82e-06	2.48e-04	1.95e-03	7.99e-03	1.34e-01	4.31e-01	3.69e-01	5.38e-02	2.04e-03	7.19e-05	1.08e-06	0.00e+00	0.00e+00	0.00e+00	0.00e+00
 2.38454e+22	2.78e-20	2.45e-11	5.74e-08	9.28e-06	2.87e-04	2.20e-03	8.84e-03	1.43e-01	4.37e-01	3.58e-01	4.98e-02	1.81e-03	6.20e-05	9.04e-07	0.00e+00	0.00e+00	0.00e+00	0.00e+00
 2.43672e+22	3.37e-20	2.97e-11	6.96e-08	1.10e-05	3.31e-04	2.47e-03	9.75e-03	1.51e-01	4.42e-01	3.46e-01	4.61e-02	1.61e-03	5.36e-05	7.61e-07	0.00e+00	0.00e+00	0.00e+00	0.00e+00
 2.50455e+22	4.38e-20	3.81e-11	8.87e-08	1.36e-05	3.96e-04	2.86e-03	1.10e-02	1.62e-01	4.48e-01	3.32e-01	4.17e-02	1.38e-03	4.46e-05	6.11e-07	0.00e+00	0.00e+00	0.00e+00	0.00e+00
 2.57673e+22	5.56e-20	4.96e-11	1.14e-07	1.70e-05	4.78e-04	3.33e-03	1.25e-02	1.74e-01	4.54e-01	3.17e-01	3.75e-02	1.17e-03	3.66e-05	4.84e-07	0.00e+00	0.00e+00	0.00e+00	0.00e+00
 2.63933e+22	6.79e-20	6.18e-11	1.42e-07	2.05e-05	5.60e-04	3.78e-03	1.39e-02	1.84e-01	4.58e-01	3.04e-01	3.41e-02	1.02e-03	3.09e-05	3.96e-07	0.00e+00	0.00e+00	0.00e+00	0.00e+00
 2.70549e+22	8.71e-20	7.77e-11	1.76e-07	2.48e-05	6.55e-04	4.29e-03	1.54e-02	1.95e-01	4.61e-01	2.92e-01	3.11e-02	8.88e-04	2.62e-05	3.25e-07	0.00e+00	0.00e+00	0.00e+00	0.00e+00
 2.79150e+22	1.20e-19	1.04e-10	2.32e-07	3.14e-05	7.98e-04	5.01e-03	1.75e-02	2.09e-01	4.64e-01	2.75e-01	2.75e-02	7.42e-04	2.11e-05	2.52e-07	0.00e+00	0.00e+00	0.00e+00	0.00e+00
 2.88090e+22	1.60e-19	1.40e-10	3.07e-07	4.01e-05	9.75e-04	5.88e-03	1.99e-02	2.24e-01	4.65e-01	2.59e-01	2.42e-02	6.15e-04	1.69e-05	1.94e-07	0.00e+00	0.00e+00	0.00e+00	0.00e+00
 2.95568e+22	2.01e-19	1.78e-10	3.85e-07	4.88e-05	1.15e-03	6.68e-03	2.20e-02	2.36e-01	4.66e-01	2.46e-01	2.17e-02	5.26e-04	1.40e-05	1.56e-07	0.00e+00	0.00e+00	0.00e+00	0.00e+00
 3.03389e+22	2.67e-19	2.28e-10	4.83e-07	5.93e-05	1.34e-03	7.57e-03	2.42e-02	2.49e-01	4.65e-01	2.33e-01	1.95e-02	4.52e-04	1.17e-05	1.26e-07	0.00e+00	0.00e+00	0.00e+00	0.00e+00
 3.13556e+22	3.86e-19	3.10e-10	6.42e-07	7.57e-05	1.64e-03	8.82e-03	2.73e-02	2.64e-01	4.63e-01	2.17e-01	1.70e-02	3.72e-04	9.31e-06	0.00e+00	0.00e+00	0.00e+00	0.00e+00	0.00e+00
 3.24325e+22	5.42e-19	4.28e-10	8.63e-07	9.75e-05	2.01e-03	1.03e-02	3.09e-02	2.81e-01	4.59e-01	2.01e-01	1.47e-02	3.02e-04	7.29e-06	0.00e+00	0.00e+00	0.00e+00	0.00e+00	0.00e+00
 3.32587e+22	6.83e-19	5.47e-10	1.08e-06	1.18e-04	2.34e-03	1.16e-02	3.38e-02	2.93e-01	4.56e-01	1.90e-01	1.31e-02	2.58e-04	6.06e-06	0.00e+00	0.00e+00	0.00e+00	0.00e+00	0.00e+00
 3.38792e+22	8.16e-19	6.53e-10	1.26e-06	1.35e-04	2.61e-03	1.26e-02	3.60e-02	3.02e-01	4.52e-01	1.82e-01	1.21e-02	2.30e-04	5.31e-06	0.00e+00	0.00e+00	0.00e+00	0.00e+00	0.00e+00
 3.45617e+22	1.02e-18	7.89e-10	1.50e-06	1.56e-04	2.93e-03	1.38e-02	3.85e-02	3.12e-01	4.48e-01	1.73e-01	1.10e-02	2.03e-04	4.59e-06	0.00e+00	0.00e+00	0.00e+00	0.00e+00	0.00e+00
 3.54490e+22	1.42e-18	1.00e-09	1.85e-06	1.87e-04	3.38e-03	1.54e-02	4.17e-02	3.23e-01	4.43e-01	1.63e-01	9.88e-03	1.74e-04	3.85e-06	0.00e+00	0.00e+00	0.00e+00	0.00e+00	0.00e+00
 3.66025e+22	2.12e-18	1.36e-09	2.42e-06	2.35e-04	4.04e-03	1.76e-02	4.60e-02	3.38e-01	4.35e-01	1.50e-01	8.54e-03	1.43e-04	3.06e-06	0.00e+00	0.00e+00	0.00e+00	0.00e+00	0.00e+00
 3.77785e+22	3.00e-18	1.84e-09	3.17e-06	2.95e-04	4.83e-03	2.01e-02	5.08e-02	3.53e-01	4.26e-01	1.38e-01	7.34e-03	1.16e-04	2.42e-06	0.00e+00	0.00e+00	0.00e+00	0.00e+00	0.00e+00
 3.86879e+22	3.82e-18	2.32e-09	3.87e-06	3.50e-04	5.51e-03	2.22e-02	5.45e-02	3.63e-01	4.18e-01	1.29e-01	6.54e-03	9.96e-05	2.02e-06	0.00e+00	0.00e+00	0.00e+00	0.00e+00	0.00e+00
 3.95740e+22	4.91e-18	2.86e-09	4.66e-06	4.09e-04	6.22e-03	2.42e-02	5.81e-02	3.73e-01	4.11e-01	1.21e-01	5.88e-03	8.62e-05	1.72e-06	0.00e+00	0.00e+00	0.00e+00	0.00e+00	0.00e+00
 4.07260e+22	7.44e-18	3.75e-09	5.88e-06	4.96e-04	7.23e-03	2.70e-02	6.26e-02	3.84e-01	4.01e-01	1.12e-01	5.15e-03	7.23e-05	1.40e-06	0.00e+00	0.00e+00	0.00e+00	0.00e+00	0.00e+00
 4.19740e+22	1.08e-17	5.00e-09	7.52e-06	6.11e-04	8.48e-03	3.03e-02	6.79e-02	3.96e-01	3.89e-01	1.03e-01	4.44e-03	5.94e-05	1.12e-06	0.00e+00	0.00e+00	0.00e+00	0.00e+00	0.00e+00
 4.30795e+22	1.44e-17	6.39e-09	9.30e-06	7.30e-04	9.71e-03	3.35e-02	7.27e-02	4.06e-01	3.79e-01	9.51e-02	3.88e-03	4.99e-05	9.19e-07	0.00e+00	0.00e+00	0.00e+00	0.00e+00	0.00e+00
 4.42492e+22	2.09e-17	8.17e-09	1.15e-05	8.68e-04	1.11e-02	3.68e-02	7.74e-02	4.14e-01	3.68e-01	8.80e-02	3.41e-03	4.21e-05	7.59e-07	0.00e+00	0.00e+00	0.00e+00	0.00e+00	0.00e+00
 4.57698e+22	3.31e-17	1.11e-08	1.49e-05	1.08e-03	1.31e-02	4.13e-02	8.35e-02	4.24e-01	3.54e-01	7.95e-02	2.89e-03	3.40e-05	5.95e-07	0.00e+00	0.00e+00	0.00e+00	0.00e+00	0.00e+00
 4.73415e+22	5.00e-17	1.52e-08	1.94e-05	1.35e-03	1.54e-02	4.64e-02	9.03e-02	4.34e-01	3.39e-01	7.12e-02	2.42e-03	2.70e-05	4.59e-07	0.00e+00	0.00e+00	0.00e+00	0.00e+00	0.00e+00
 4.86252e+22	6.73e-17	1.95e-08	2.39e-05	1.60e-03	1.75e-02	5.07e-02	9.56e-02	4.40e-01	3.27e-01	6.53e-02	2.10e-03	2.26e-05	3.75e-07	0.00e+00	0.00e+00	0.00e+00	0.00e+00	0.00e+00
 4.99396e+22	9.41e-17	2.47e-08	2.92e-05	1.88e-03	1.98e-02	5.51e-02	1.01e-01	4.46e-01	3.15e-01	5.99e-02	1.83e-03	1.90e-05	3.08e-07	0.00e+00	0.00e+00	0.00e+00	0.00e+00	0.00e+00
 5.16484e+22	1.56e-16	3.32e-08	3.73e-05	2.30e-03	2.30e-02	6.09e-02	1.07e-01	4.51e-01	3.00e-01	5.37e-02	1.55e-03	1.53e-05	2.41e-07	0.00e+00	0.00e+00	0.00e+00	0.00e+00	0.00e+00
 5.34824e+22	2.42e-16	4.54e-08	4.83e-05	2.85e-03	2.68e-02	6.76e-02	1.14e-01	4.56e-01	2.84e-01	4.76e-02	1.28e-03	1.21e-05	1.85e-07	0.00e+00	0.00e+00	0.00e+00	0.00e+00	0.00e+00
 5.50849e+22	3.36e-16	5.89e-08	6.00e-05	3.40e-03	3.05e-02	7.36e-02	1.20e-01	4.59e-01	2.70e-01	4.29e-02	1.09e-03	9.87e-06	1.48e-07	0.00e+00	0.00e+00	0.00e+00	0.00e+00	0.00e+00
 5.67742e+22	5.12e-16	7.60e-08	7.40e-05	4.02e-03	3.45e-02	7.97e-02	1.26e-01	4.60e-01	2.57e-01	3.87e-02	9.32e-04	8.12e-06	0.00e+00	0.00e+00	0.00e+00	0.00e+00	0.00e+00	0.00e+00
 5.89453e+22	8.31e-16	1.04e-07	9.54e-05	4.94e-03	4.00e-02	8.76e-02	1.32e-01	4.60e-01	2.40e-01	3.39e-02	7.64e-04	6.36e-06	0.00e+00	0.00e+00	0.00e+00	0.00e+00	0.00e+00	0.00e+00
 6.12280e+22	1.32e-15	1.43e-07	1.24e-04	6.11e-03	4.65e-02	9.63e-02	1.39e-01	4.58e-01	2.23e-01	2.94e-02	6.18e-04	4.90e-06	0.00e+00	0.00e+00	0.00e+00	0.00e+00	0.00e+00	0.00e+00
 6.31976e+22	1.87e-15	1.87e-07	1.54e-04	7.26e-03	5.25e-02	1.04e-01	1.45e-01	4.55e-01	2.09e-01	2.60e-02	5.15e-04	3.93e-06	0.00e+00	0.00e+00	0.00e+00	0.00e+00	0.00e+00	0.00e+00
 6.52752e+22	2.86e-15	2.41e-07	1.89e-04	8.55e-03	5.89e-02	1.11e-01	1.50e-01	4.51e-01	1.96e-01	2.31e-02	4.33e-04	3.18e-06	0.00e+00	0.00e+00	0.00e+00	0.00e+00	0.00e+00	0.00e+00
 6.78402e+22	4.55e-15	3.25e-07	2.41e-04	1.03e-02	6.72e-02	1.20e-01	1.56e-01	4.45e-01	1.81e-01	2.00e-02	3.50e-04	2.47e-06	0.00e+00	0.00e+00	0.00e+00	0.00e+00	0.00e+00	0.00e+00
 7.03258e+22	6.70e-15	4.34e-07	3.04e-04	1.24e-02	7.62e-02	1.29e-01	1.61e-01	4.37e-01	1.66e-01	1.72e-02	2.82e-04	1.91e-06	0.00e+00	0.00e+00	0.00e+00	0.00e+00	0.00e+00	0.00e+00
 7.23164e+22	9.01e-15	5.37e-07	3.60e-04	1.42e-02	8.34e-02	1.36e-01	1.64e-01	4.30e-01	1.56e-01	1.54e-02	2.40e-04	1.58e-06	0.00e+00	0.00e+00	0.00e+00	0.00e+00	0.00e+00	0.00e+00
 7.43765e+22	1.24e-14	6.61e-07	4.25e-04	1.62e-02	9.09e-02	1.43e-01	1.67e-01	4.22e-01	1.46e-01	1.37e-02	2.05e-04	1.31e-06	0.00e+00	0.00e+00	0.00e+00	0.00e+00	0.00e+00	0.00e+00
 7.70547e+22	1.93e-14	8.52e-07	5.19e-04	1.89e-02	1.01e-01	1.51e-01	1.71e-01	4.12e-01	1.34e-01	1.19e-02	1.68e-04	1.03e-06	0.00e+00	0.00e+00	0.00e+00	0.00e+00	0.00e+00	0.00e+00
 8.00554e+22	2.96e-14	1.12e-06	6.44e-04	2.23e-02	1.12e-01	1.59e-01	1.74e-01	3.99e-01	1.22e-01	1.02e-02	1.35e-04	7.99e-07	0.00e+00	0.00e+00	0.00e+00	0.00e+00	0.00e+00	0.00e+00
 8.27774e+22	4.17e-14	1.43e-06	7.79e-04	2.58e-02	1.23e-01	1.67e-01	1.76e-01	3.87e-01	1.12e-01	8.78e-03	1.09e-04	6.28e-07	0.00e+00	0.00e+00	0.00e+00	0.00e+00	0.00e+00	0.00e+00
 8.51956e+22	5.55e-14	1.74e-06	9.08e-04	2.90e-02	1.33e-01	1.73e-01	1.77e-01	3.76e-01	1.04e-01	7.77e-03	9.24e-05	5.17e-07	0.00e+00	0.00e+00	0.00e+00	0.00e+00	0.00e+00	0.00e+00
 8.79168e+22	7.89e-14	2.14e-06	1.07e-03	3.28e-02	1.43e-01	1.79e-01	1.78e-01	3.63e-01	9.51e-02	6.79e-03	7.68e-05	4.18e-07	0.00e+00	0.00e+00	0.00e+00	0.00e+00	0.00e+00	0.00e+00
 9.13057e+22	1.18e-13	2.72e-06	1.28e-03	3.76e-02	1.56e-01	1.86e-01	1.79e-01	3.49e-01	8.61e-02	5.80e-03	6.19e-05	3.27e-07	0.00e+00	0.00e+00	0.00e+00	0.00e+00	0.00e+00	0.00e+00
 9.48614e+22	1.73e-13	3.48e-06	1.55e-03	4.34e-02	1.70e-01	1.92e-01	1.79e-01	3.32e-01	7.70e-02	4.88e-03	4.91e-05	2.51e-07	0.00e+00	0.00e+00	0.00e+00	0.00e+00	0.00e+00	0.00e+00
 9.80680e+22	2.38e-13	4.30e-06	1.83e-03	4.89e-02	1.83e-01	1.97e-01	1.78e-01	3.18e-01	6.98e-02	4.19e-03	3.99e-05	1.99e-07	0.00e+00	0.00e+00	0.00e+00	0.00e+00	0.00e+00	0.00e+00
 1.01522e+23	3.26e-13	5.26e-06	2.13e-03	5.47e-02	1.95e-01	2.01e-01	1.77e-01	3.03e-01	6.32e-02	3.61e-03	3.27e-05	1.59e-07	0.00e+00	0.00e+00	0.00e+00	0.00e+00	0.00e+00	0.00e+00
 1.05605e+23	4.86e-13	6.59e-06	2.52e-03	6.19e-02	2.09e-01	2.05e-01	1.75e-01	2.87e-01	5.64e-02	3.03e-03	2.60e-05	0.00e+00	0.00e+00	0.00e+00	0.00e+00	0.00e+00	0.00e+00	0.00e+00
 1.09796e+23	7.01e-13	8.25e-06	2.99e-03	6.99e-02	2.23e-01	2.09e-01	1.73e-01	2.70e-01	4.99e-02	2.53e-03	2.05e-05	0.00e+00	0.00e+00	0.00e+00	0.00e+00	0.00e+00	0.00e+00	0.00e+00
 1.13859e+23	9.50e-13	1.01e-05	3.47e-03	7.78e-02	2.37e-01	2.11e-01	1.70e-01	2.54e-01	4.46e-02	2.14e-03	1.64e-05	0.00e+00	0.00e+00	0.00e+00	0.00e+00	0.00e+00	0.00e+00	0.00e+00
 1.18243e+23	1.36e-12	1.23e-05	4.01e-03	8.61e-02	2.49e-01	2.13e-01	1.67e-01	2.40e-01	3.98e-02	1.81e-03	1.32e-05	0.00e+00	0.00e+00	0.00e+00	0.00e+00	0.00e+00	0.00e+00	0.00e+00
 1.23096e+23	1.93e-12	1.51e-05	4.67e-03	9.57e-02	2.63e-01	2.14e-01	1.63e-01	2.24e-01	3.50e-02	1.51e-03	1.04e-05	0.00e+00	0.00e+00	0.00e+00	0.00e+00	0.00e+00	0.00e+00	0.00e+00
 1.28143e+23	2.72e-12	1.84e-05	5.40e-03	1.06e-01	2.76e-01	2.14e-01	1.59e-01	2.09e-01	3.09e-02	1.26e-03	8.25e-06	0.00e+00	0.00e+00	0.00e+00	0.00e+00	0.00e+00	0.00e+00	0.00e+00
 1.33392e+23	3.82e-12	2.22e-05	6.20e-03	1.16e-01	2.88e-01	2.13e-01	1.54e-01	1.94e-01	2.72e-02	1.05e-03	6.54e-06	0.00e+00	0.00e+00	0.00e+00	0.00e+00	0.00e+00	0.00e+00	0.00e+00
 1.38851e+23	5.32e-12	2.67e-05	7.07e-03	1.27e-01	2.99e-01	2.12e-01	1.50e-01	1.81e-01	2.40e-02	8.80e-04	5.21e-06	0.00e+00	0.00e+00	0.00e+00	0.00e+00	0.00e+00	0.00e+00	0.00e+00
 1.44529e+23	7.36e-12	3.19e-05	8.02e-03	1.38e-01	3.09e-01	2.10e-01	1.45e-01	1.68e-01	2.12e-02	7.38e-04	4.16e-06	0.00e+00	0.00e+00	0.00e+00	0.00e+00	0.00e+00	0.00e+00	0.00e+00
 1.50434e+23	1.01e-11	3.77e-05	9.05e-03	1.49e-01	3.19e-01	2.07e-01	1.40e-01	1.56e-01	1.87e-02	6.20e-04	3.34e-06	0.00e+00	0.00e+00	0.00e+00	0.00e+00	0.00e+00	0.00e+00	0.00e+00
 1.56574e+23	1.38e-11	4.43e-05	1.01e-02	1.60e-01	3.28e-01	2.04e-01	1.36e-01	1.45e-01	1.65e-02	5.23e-04	2.69e-06	0.00e+00	0.00e+00	0.00e+00	0.00e+00	0.00e+00	0.00e+00	0.00e+00
 1.62961e+23	1.88e-11	5.16e-05	1.13e-02	1.72e-01	3.35e-01	2.01e-01	1.31e-01	1.35e-01	1.47e-02	4.44e-04	2.19e-06	0.00e+00	0.00e+00	0.00e+00	0.00e+00	0.00e+00	0.00e+00	0.00e+00
 1.69603e+23	2.52e-11	5.97e-05	1.25e-02	1.83e-01	3.42e-01	1.97e-01	1.26e-01	1.25e-01	1.30e-02	3.77e-04	1.79e-06	0.00e+00	0.00e+00	0.00e+00	0.00e+00	0.00e+00	0.00e+00	0.00e+00
 1.76510e+23	3.31e-11	6.86e-05	1.38e-02	1.94e-01	3.48e-01	1.93e-01	1.22e-01	1.17e-01	1.16e-02	3.23e-04	1.47e-06	0.00e+00	0.00e+00	0.00e+00	0.00e+00	0.00e+00	0.00e+00	0.00e+00
 1.83694e+23	4.39e-11	7.81e-05	1.51e-02	2.05e-01	3.53e-01	1.89e-01	1.18e-01	1.09e-01	1.04e-02	2.78e-04	1.22e-06	0.00e+00	0.00e+00	0.00e+00	0.00e+00	0.00e+00	0.00e+00	0.00e+00
 1.91165e+23	5.79e-11	8.83e-05	1.64e-02	2.16e-01	3.57e-01	1.85e-01	1.14e-01	1.02e-01	9.37e-03	2.41e-04	1.02e-06	0.00e+00	0.00e+00	0.00e+00	0.00e+00	0.00e+00	0.00e+00	0.00e+00
 1.98935e+23	7.37e-11	9.92e-05	1.78e-02	2.26e-01	3.61e-01	1.81e-01	1.10e-01	9.53e-02	8.45e-03	2.10e-04	8.61e-07	0.00e+00	0.00e+00	0.00e+00	0.00e+00	0.00e+00	0.00e+00	0.00e+00
 2.07016e+23	9.59e-11	1.11e-04	1.92e-02	2.36e-01	3.63e-01	1.77e-01	1.07e-01	8.95e-02	7.67e-03	1.84e-04	7.32e-07	0.00e+00	0.00e+00	0.00e+00	0.00e+00	0.00e+00	0.00e+00	0.00e+00
 2.15420e+23	1.23e-10	1.23e-04	2.06e-02	2.46e-01	3.65e-01	1.73e-01	1.03e-01	8.43e-02	6.99e-03	1.63e-04	6.30e-07	0.00e+00	0.00e+00	0.00e+00	0.00e+00	0.00e+00	0.00e+00	0.00e+00
 2.23993e+23	1.66e-10	1.34e-04	2.19e-02	2.54e-01	3.67e-01	1.70e-01	1.00e-01	8.00e-02	6.46e-03	1.46e-04	5.53e-07	0.00e+00	0.00e+00	0.00e+00	0.00e+00	0.00e+00	0.00e+00	0.00e+00
 2.32142e+23	1.95e-10	1.46e-04	2.32e-02	2.63e-01	3.68e-01	1.66e-01	9.75e-02	7.59e-02	5.96e-03	1.31e-04	4.86e-07	0.00e+00	0.00e+00	0.00e+00	0.00e+00	0.00e+00	0.00e+00	0.00e+00
 2.39476e+23	2.52e-10	1.57e-04	2.45e-02	2.70e-01	3.69e-01	1.63e-01	9.52e-02	7.25e-02	5.56e-03	1.20e-04	4.33e-07	0.00e+00	0.00e+00	0.00e+00	0.00e+00	0.00e+00	0.00e+00	0.00e+00
 2.46077e+23	2.94e-10	1.66e-04	2.54e-02	2.76e-01	3.69e-01	1.61e-01	9.33e-02	7.00e-02	5.27e-03	1.12e-04	3.98e-07	0.00e+00	0.00e+00	0.00e+00	0.00e+00	0.00e+00	0.00e+00	0.00e+00
 2.52017e+23	3.39e-10	1.74e-04	2.63e-02	2.80e-01	3.69e-01	1.59e-01	9.18e-02	6.79e-02	5.04e-03	1.05e-04	3.70e-07	0.00e+00	0.00e+00	0.00e+00	0.00e+00	0.00e+00	0.00e+00	0.00e+00
 2.57364e+23	3.73e-10	1.81e-04	2.70e-02	2.85e-01	3.69e-01	1.57e-01	9.06e-02	6.62e-02	4.85e-03	1.00e-04	3.49e-07	0.00e+00	0.00e+00	0.00e+00	0.00e+00	0.00e+00	0.00e+00	0.00e+00
 2.62175e+23	4.08e-10	1.88e-04	2.77e-02	2.88e-01	3.69e-01	1.56e-01	8.95e-02	6.48e-02	4.70e-03	9.60e-05	3.31e-07	0.00e+00	0.00e+00	0.00e+00	0.00e+00	0.00e+00	0.00e+00	0.00e+00
 2.66506e+23	4.38e-10	1.93e-04	2.82e-02	2.91e-01	3.69e-01	1.55e-01	8.86e-02	6.38e-02	4.59e-03	9.30e-05	3.19e-07	0.00e+00	0.00e+00	0.00e+00	0.00e+00	0.00e+00	0.00e+00	0.00e+00
 2.70404e+23	4.65e-10	1.97e-04	2.86e-02	2.93e-01	3.69e-01	1.54e-01	8.79e-02	6.29e-02	4.49e-03	9.04e-05	3.08e-07	0.00e+00	0.00e+00	0.00e+00	0.00e+00	0.00e+00	0.00e+00	0.00e+00
 2.73911e+23	4.89e-10	2.01e-04	2.90e-02	2.95e-01	3.69e-01	1.53e-01	8.73e-02	6.21e-02	4.41e-03	8.83e-05	3.00e-07	0.00e+00	0.00e+00	0.00e+00	0.00e+00	0.00e+00	0.00e+00	0.00e+00
 2.77100e+23	5.05e-10	2.04e-04	2.93e-02	2.97e-01	3.69e-01	1.52e-01	8.68e-02	6.15e-02	4.35e-03	8.68e-05	2.94e-07	0.00e+00	0.00e+00	0.00e+00	0.00e+00	0.00e+00	0.00e+00	0.00e+00
 2.80155e+23	5.11e-10	2.05e-04	2.95e-02	2.98e-01	3.69e-01	1.52e-01	8.66e-02	6.12e-02	4.32e-03	8.60e-05	2.90e-07	0.00e+00	0.00e+00	0.00e+00	0.00e+00	0.00e+00	0.00e+00	0.00e+00
 2.83210e+23	5.26e-10	2.08e-04	2.97e-02	2.99e-01	3.69e-01	1.51e-01	8.62e-02	6.07e-02	4.27e-03	8.48e-05	2.85e-07	0.00e+00	0.00e+00	0.00e+00	0.00e+00	0.00e+00	0.00e+00	0.00e+00
 2.86265e+23	5.34e-10	2.10e-04	2.99e-02	3.00e-01	3.68e-01	1.51e-01	8.59e-02	6.04e-02	4.24e-03	8.39e-05	2.82e-07	0.00e+00	0.00e+00	0.00e+00	0.00e+00	0.00e+00	0.00e+00	0.00e+00
 2.89320e+23	5.48e-10	2.12e-04	3.02e-02	3.01e-01	3.68e-01	1.50e-01	8.56e-02	6.00e-02	4.20e-03	8.29e-05	2.78e-07	0.00e+00	0.00e+00	0.00e+00	0.00e+00	0.00e+00	0.00e+00	0.00e+00
 2.92375e+23	5.54e-10	2.13e-04	3.03e-02	3.02e-01	3.68e-01	1.50e-01	8.54e-02	5.98e-02	4.18e-03	8.24e-05	2.76e-07	0.00e+00	0.00e+00	0.00e+00	0.00e+00	0.00e+00	0.00e+00	0.00e+00
 2.95429e+23	5.58e-10	2.15e-04	3.05e-02	3.03e-01	3.68e-01	1.49e-01	8.52e-02	5.95e-02	4.15e-03	8.17e-05	2.73e-07	0.00e+00	0.00e+00	0.00e+00	0.00e+00	0.00e+00	0.00e+00	0.00e+00
 2.98484e+23	5.62e-10	2.16e-04	3.06e-02	3.04e-01	3.68e-01	1.49e-01	8.51e-02	5.93e-02	4.14e-03	8.13e-05	2.72e-07	0.00e+00	0.00e+00	0.00e+00	0.00e+00	0.00e+00	0.00e+00	0.00e+00
 3.01539e+23	5.68e-10	2.17e-04	3.07e-02	3.04e-01	3.68e-01	1.49e-01	8.49e-02	5.91e-02	4.11e-03	8.07e-05	2.69e-07	0.00e+00	0.00e+00	0.00e+00	0.00e+00	0.00e+00	0.00e+00	0.00e+00
 3.04274e+23	5.72e-10	2.19e-04	3.09e-02	3.05e-01	3.68e-01	1.48e-01	8.46e-02	5.89e-02	4.09e-03	8.01e-05	2.67e-07	0.00e+00	0.00e+00	0.00e+00	0.00e+00	0.00e+00	0.00e+00	0.00e+00
