#depth	Ne	Ne+	Ne+2	Ne+3	Ne+4	Ne+5	Ne+6	Ne+7	Ne+8	Ne+9	Ne+10
 6.17135e+19	4.81e-31	1.32e-24	2.27e-19	4.48e-15	1.64e-11	1.17e-08	2.17e-06	1.89e-04	5.30e-02	3.67e-01	5.80e-01
 1.87609e+20	1.67e-30	4.03e-24	6.12e-19	1.06e-14	3.48e-11	2.22e-08	3.58e-06	2.68e-04	6.50e-02	3.93e-01	5.42e-01
 2.83882e+20	4.11e-30	9.10e-24	1.26e-18	2.00e-14	6.05e-11	3.54e-08	5.18e-06	3.46e-04	7.54e-02	4.11e-01	5.13e-01
 3.32018e+20	6.34e-30	1.34e-23	1.78e-18	2.72e-14	7.89e-11	4.44e-08	6.19e-06	3.91e-04	8.10e-02	4.20e-01	4.99e-01
 3.58442e+20	7.99e-30	1.66e-23	2.15e-18	3.20e-14	9.10e-11	5.01e-08	6.81e-06	4.18e-04	8.41e-02	4.25e-01	4.91e-01
 3.82313e+20	9.87e-30	2.01e-23	2.55e-18	3.71e-14	1.04e-10	5.60e-08	7.43e-06	4.44e-04	8.71e-02	4.29e-01	4.84e-01
 4.13344e+20	1.28e-29	2.53e-23	3.13e-18	4.45e-14	1.22e-10	6.40e-08	8.26e-06	4.78e-04	9.08e-02	4.34e-01	4.75e-01
 4.53684e+20	1.78e-29	3.42e-23	4.09e-18	5.63e-14	1.49e-10	7.63e-08	9.48e-06	5.26e-04	9.59e-02	4.40e-01	4.63e-01
 4.96666e+20	2.51e-29	4.67e-23	5.41e-18	7.18e-14	1.85e-10	9.15e-08	1.10e-05	5.81e-04	1.01e-01	4.47e-01	4.51e-01
 5.34110e+20	3.36e-29	6.08e-23	6.85e-18	8.84e-14	2.22e-10	1.07e-07	1.24e-05	6.32e-04	1.06e-01	4.52e-01	4.41e-01
 5.73817e+20	4.54e-29	7.99e-23	8.74e-18	1.10e-13	2.68e-10	1.25e-07	1.40e-05	6.90e-04	1.12e-01	4.57e-01	4.30e-01
 6.18613e+20	6.32e-29	1.08e-22	1.14e-17	1.39e-13	3.29e-10	1.49e-07	1.61e-05	7.59e-04	1.18e-01	4.63e-01	4.19e-01
 6.61105e+20	8.56e-29	1.42e-22	1.46e-17	1.72e-13	3.98e-10	1.76e-07	1.83e-05	8.29e-04	1.24e-01	4.68e-01	4.08e-01
 7.01153e+20	1.13e-28	1.83e-22	1.84e-17	2.10e-13	4.75e-10	2.04e-07	2.06e-05	8.99e-04	1.29e-01	4.72e-01	3.97e-01
 7.40599e+20	1.48e-28	2.33e-22	2.28e-17	2.54e-13	5.61e-10	2.35e-07	2.31e-05	9.72e-04	1.35e-01	4.76e-01	3.88e-01
 7.79067e+20	1.90e-28	2.94e-22	2.81e-17	3.05e-13	6.59e-10	2.69e-07	2.57e-05	1.05e-03	1.40e-01	4.80e-01	3.78e-01
 8.22604e+20	2.51e-28	3.79e-22	3.52e-17	3.73e-13	7.85e-10	3.13e-07	2.90e-05	1.14e-03	1.47e-01	4.84e-01	3.68e-01
 8.69950e+20	3.38e-28	4.95e-22	4.49e-17	4.61e-13	9.46e-10	3.66e-07	3.28e-05	1.24e-03	1.54e-01	4.88e-01	3.57e-01
 9.12446e+20	4.37e-28	6.27e-22	5.54e-17	5.55e-13	1.11e-09	4.21e-07	3.66e-05	1.33e-03	1.60e-01	4.91e-01	3.48e-01
 9.57890e+20	5.71e-28	8.00e-22	6.90e-17	6.73e-13	1.32e-09	4.86e-07	4.11e-05	1.44e-03	1.67e-01	4.94e-01	3.38e-01
 1.00850e+21	7.63e-28	1.04e-21	8.76e-17	8.30e-13	1.59e-09	5.68e-07	4.65e-05	1.57e-03	1.74e-01	4.97e-01	3.27e-01
 1.05563e+21	9.92e-28	1.32e-21	1.09e-16	1.00e-12	1.87e-09	6.55e-07	5.20e-05	1.69e-03	1.82e-01	4.99e-01	3.17e-01
 1.09996e+21	1.26e-27	1.65e-21	1.33e-16	1.20e-12	2.18e-09	7.45e-07	5.76e-05	1.82e-03	1.88e-01	5.01e-01	3.09e-01
 1.15087e+21	1.65e-27	2.11e-21	1.65e-16	1.45e-12	2.59e-09	8.61e-07	6.46e-05	1.97e-03	1.96e-01	5.03e-01	2.99e-01
 1.20787e+21	2.21e-27	2.76e-21	2.10e-16	1.79e-12	3.12e-09	1.01e-06	7.32e-05	2.14e-03	2.05e-01	5.05e-01	2.88e-01
 1.25786e+21	2.83e-27	3.46e-21	2.58e-16	2.15e-12	3.66e-09	1.15e-06	8.13e-05	2.30e-03	2.13e-01	5.06e-01	2.79e-01
 1.29969e+21	3.47e-27	4.17e-21	3.06e-16	2.49e-12	4.16e-09	1.29e-06	8.87e-05	2.44e-03	2.19e-01	5.07e-01	2.72e-01
 1.34586e+21	4.33e-27	5.10e-21	3.66e-16	2.92e-12	4.78e-09	1.45e-06	9.74e-05	2.60e-03	2.26e-01	5.07e-01	2.64e-01
 1.40588e+21	5.71e-27	6.58e-21	4.61e-16	3.58e-12	5.71e-09	1.68e-06	1.10e-04	2.82e-03	2.35e-01	5.08e-01	2.54e-01
 1.46804e+21	7.55e-27	8.50e-21	5.81e-16	4.39e-12	6.82e-09	1.96e-06	1.23e-04	3.05e-03	2.45e-01	5.08e-01	2.44e-01
 1.51974e+21	9.49e-27	1.05e-20	7.03e-16	5.18e-12	7.90e-09	2.21e-06	1.36e-04	3.26e-03	2.53e-01	5.07e-01	2.36e-01
 1.57372e+21	1.19e-26	1.29e-20	8.48e-16	6.12e-12	9.12e-09	2.50e-06	1.50e-04	3.48e-03	2.61e-01	5.07e-01	2.29e-01
 1.64391e+21	1.60e-26	1.69e-20	1.08e-15	7.56e-12	1.10e-08	2.92e-06	1.69e-04	3.77e-03	2.71e-01	5.06e-01	2.19e-01
 1.71611e+21	2.14e-26	2.21e-20	1.37e-15	9.34e-12	1.32e-08	3.41e-06	1.91e-04	4.10e-03	2.82e-01	5.04e-01	2.09e-01
 1.77551e+21	2.70e-26	2.73e-20	1.67e-15	1.11e-11	1.53e-08	3.87e-06	2.10e-04	4.37e-03	2.91e-01	5.03e-01	2.02e-01
 1.83730e+21	3.42e-26	3.40e-20	2.03e-15	1.31e-11	1.78e-08	4.38e-06	2.32e-04	4.67e-03	3.00e-01	5.01e-01	1.94e-01
 1.90512e+21	4.41e-26	4.29e-20	2.50e-15	1.58e-11	2.09e-08	5.01e-06	2.58e-04	5.01e-03	3.10e-01	4.98e-01	1.87e-01
 1.96706e+21	5.53e-26	5.28e-20	3.02e-15	1.86e-11	2.41e-08	5.65e-06	2.83e-04	5.33e-03	3.19e-01	4.96e-01	1.80e-01
 2.03388e+21	7.02e-26	6.56e-20	3.67e-15	2.21e-11	2.80e-08	6.41e-06	3.12e-04	5.68e-03	3.28e-01	4.93e-01	1.73e-01
 2.10862e+21	9.11e-26	8.33e-20	4.55e-15	2.67e-11	3.29e-08	7.34e-06	3.47e-04	6.10e-03	3.38e-01	4.90e-01	1.65e-01
 2.17903e+21	1.16e-25	1.04e-19	5.55e-15	3.18e-11	3.82e-08	8.32e-06	3.82e-04	6.50e-03	3.48e-01	4.87e-01	1.58e-01
 2.25595e+21	1.50e-25	1.31e-19	6.85e-15	3.82e-11	4.48e-08	9.50e-06	4.23e-04	6.96e-03	3.58e-01	4.83e-01	1.51e-01
 2.34148e+21	1.97e-25	1.69e-19	8.61e-15	4.66e-11	5.33e-08	1.10e-05	4.72e-04	7.48e-03	3.70e-01	4.78e-01	1.44e-01
 2.42162e+21	2.54e-25	2.13e-19	1.06e-14	5.59e-11	6.24e-08	1.25e-05	5.22e-04	7.99e-03	3.80e-01	4.74e-01	1.38e-01
 2.50925e+21	3.33e-25	2.73e-19	1.32e-14	6.79e-11	7.37e-08	1.44e-05	5.81e-04	8.56e-03	3.91e-01	4.69e-01	1.31e-01
 2.60767e+21	4.48e-25	3.58e-19	1.69e-14	8.40e-11	8.85e-08	1.67e-05	6.52e-04	9.23e-03	4.04e-01	4.63e-01	1.24e-01
 2.69536e+21	5.80e-25	4.53e-19	2.09e-14	1.01e-10	1.04e-07	1.90e-05	7.21e-04	9.85e-03	4.15e-01	4.57e-01	1.18e-01
 2.77075e+21	7.21e-25	5.52e-19	2.50e-14	1.18e-10	1.18e-07	2.13e-05	7.84e-04	1.04e-02	4.24e-01	4.52e-01	1.13e-01
 2.85495e+21	9.14e-25	6.86e-19	3.03e-14	1.40e-10	1.37e-07	2.40e-05	8.59e-04	1.10e-02	4.34e-01	4.47e-01	1.08e-01
 2.96441e+21	1.24e-24	9.03e-19	3.87e-14	1.73e-10	1.64e-07	2.78e-05	9.61e-04	1.19e-02	4.46e-01	4.40e-01	1.01e-01
 3.07536e+21	1.66e-24	1.19e-18	4.95e-14	2.14e-10	1.98e-07	3.24e-05	1.08e-03	1.28e-02	4.58e-01	4.32e-01	9.53e-02
 3.16315e+21	2.10e-24	1.46e-18	5.98e-14	2.52e-10	2.27e-07	3.63e-05	1.18e-03	1.35e-02	4.68e-01	4.26e-01	9.08e-02
 3.25214e+21	2.63e-24	1.80e-18	7.21e-14	2.97e-10	2.61e-07	4.07e-05	1.28e-03	1.43e-02	4.77e-01	4.20e-01	8.65e-02
 3.36783e+21	3.52e-24	2.35e-18	9.13e-14	3.64e-10	3.11e-07	4.70e-05	1.43e-03	1.53e-02	4.89e-01	4.13e-01	8.14e-02
 3.48826e+21	4.72e-24	3.07e-18	1.16e-13	4.50e-10	3.73e-07	5.45e-05	1.60e-03	1.64e-02	5.02e-01	4.04e-01	7.62e-02
 3.58833e+21	6.00e-24	3.83e-18	1.42e-13	5.33e-10	4.31e-07	6.14e-05	1.75e-03	1.73e-02	5.11e-01	3.97e-01	7.22e-02
 3.69191e+21	7.64e-24	4.77e-18	1.73e-13	6.34e-10	5.00e-07	6.92e-05	1.91e-03	1.83e-02	5.21e-01	3.90e-01	6.84e-02
 3.82656e+21	1.04e-23	6.31e-18	2.22e-13	7.87e-10	6.01e-07	8.04e-05	2.14e-03	1.96e-02	5.33e-01	3.81e-01	6.38e-02
 3.96483e+21	1.41e-23	8.35e-18	2.85e-13	9.81e-10	7.26e-07	9.39e-05	2.40e-03	2.11e-02	5.46e-01	3.72e-01	5.92e-02
 4.07701e+21	1.79e-23	1.04e-17	3.48e-13	1.17e-09	8.41e-07	1.06e-04	2.62e-03	2.23e-02	5.55e-01	3.64e-01	5.58e-02
 4.19205e+21	2.28e-23	1.30e-17	4.25e-13	1.39e-09	9.75e-07	1.20e-04	2.87e-03	2.36e-02	5.65e-01	3.56e-01	5.26e-02
 4.34162e+21	3.10e-23	1.72e-17	5.46e-13	1.72e-09	1.18e-06	1.39e-04	3.22e-03	2.53e-02	5.76e-01	3.46e-01	4.87e-02
 4.48583e+21	4.13e-23	2.24e-17	6.93e-13	2.12e-09	1.40e-06	1.61e-04	3.58e-03	2.71e-02	5.87e-01	3.37e-01	4.52e-02
 4.59058e+21	5.06e-23	2.70e-17	8.20e-13	2.46e-09	1.59e-06	1.78e-04	3.86e-03	2.83e-02	5.95e-01	3.30e-01	4.29e-02
 4.69425e+21	6.15e-23	3.23e-17	9.64e-13	2.83e-09	1.80e-06	1.97e-04	4.16e-03	2.97e-02	6.02e-01	3.23e-01	4.07e-02
 4.82902e+21	7.90e-23	4.07e-17	1.19e-12	3.39e-09	2.10e-06	2.23e-04	4.56e-03	3.14e-02	6.11e-01	3.15e-01	3.80e-02
 4.97339e+21	1.02e-22	5.16e-17	1.47e-12	4.09e-09	2.47e-06	2.55e-04	5.04e-03	3.33e-02	6.21e-01	3.06e-01	3.53e-02
 5.09900e+21	1.27e-22	6.31e-17	1.77e-12	4.81e-09	2.83e-06	2.85e-04	5.48e-03	3.51e-02	6.28e-01	2.98e-01	3.31e-02
 5.23105e+21	1.59e-22	7.77e-17	2.14e-12	5.66e-09	3.26e-06	3.20e-04	5.96e-03	3.69e-02	6.36e-01	2.90e-01	3.10e-02
 5.40271e+21	2.09e-22	1.01e-16	2.71e-12	6.97e-09	3.90e-06	3.71e-04	6.65e-03	3.95e-02	6.45e-01	2.80e-01	2.84e-02
 5.57489e+21	2.74e-22	1.30e-16	3.41e-12	8.55e-09	4.65e-06	4.28e-04	7.39e-03	4.21e-02	6.54e-01	2.70e-01	2.61e-02
 5.71060e+21	3.37e-22	1.57e-16	4.07e-12	9.99e-09	5.32e-06	4.79e-04	8.02e-03	4.42e-02	6.61e-01	2.62e-01	2.44e-02
 5.84990e+21	4.13e-22	1.91e-16	4.86e-12	1.17e-08	6.09e-06	5.35e-04	8.71e-03	4.64e-02	6.67e-01	2.54e-01	2.28e-02
 6.03099e+21	5.33e-22	2.43e-16	6.07e-12	1.42e-08	7.23e-06	6.15e-04	9.65e-03	4.94e-02	6.75e-01	2.44e-01	2.08e-02
 6.22104e+21	6.90e-22	3.10e-16	7.62e-12	1.74e-08	8.61e-06	7.11e-04	1.07e-02	5.27e-02	6.82e-01	2.34e-01	1.89e-02
 6.38177e+21	8.49e-22	3.78e-16	9.18e-12	2.05e-08	9.95e-06	8.01e-04	1.17e-02	5.56e-02	6.88e-01	2.26e-01	1.75e-02
 6.54975e+21	1.04e-21	4.62e-16	1.11e-11	2.42e-08	1.15e-05	9.04e-04	1.28e-02	5.86e-02	6.94e-01	2.18e-01	1.61e-02
 6.76812e+21	1.35e-21	5.93e-16	1.40e-11	2.99e-08	1.39e-05	1.05e-03	1.43e-02	6.27e-02	7.00e-01	2.08e-01	1.45e-02
 6.98889e+21	1.73e-21	7.57e-16	1.76e-11	3.68e-08	1.66e-05	1.22e-03	1.60e-02	6.70e-02	7.05e-01	1.98e-01	1.30e-02
 7.16478e+21	2.09e-21	9.12e-16	2.11e-11	4.31e-08	1.91e-05	1.37e-03	1.74e-02	7.05e-02	7.09e-01	1.90e-01	1.20e-02
 7.31653e+21	2.44e-21	1.06e-15	2.44e-11	4.93e-08	2.15e-05	1.52e-03	1.87e-02	7.36e-02	7.12e-01	1.83e-01	1.11e-02
 7.48486e+21	2.87e-21	1.25e-15	2.86e-11	5.69e-08	2.45e-05	1.69e-03	2.02e-02	7.71e-02	7.14e-01	1.76e-01	1.03e-02
 7.70369e+21	3.51e-21	1.53e-15	3.49e-11	6.82e-08	2.88e-05	1.93e-03	2.23e-02	8.18e-02	7.17e-01	1.68e-01	9.24e-03
 7.92803e+21	4.26e-21	1.87e-15	4.25e-11	8.17e-08	3.39e-05	2.20e-03	2.46e-02	8.67e-02	7.19e-01	1.59e-01	8.30e-03
 8.11083e+21	4.95e-21	2.19e-15	4.96e-11	9.43e-08	3.85e-05	2.45e-03	2.65e-02	9.08e-02	7.20e-01	1.52e-01	7.61e-03
 8.29980e+21	5.72e-21	2.56e-15	5.79e-11	1.09e-07	4.38e-05	2.73e-03	2.86e-02	9.51e-02	7.21e-01	1.46e-01	6.97e-03
 8.54546e+21	6.85e-21	3.10e-15	7.04e-11	1.30e-07	5.15e-05	3.12e-03	3.15e-02	1.01e-01	7.21e-01	1.38e-01	6.21e-03
 8.79337e+21	8.14e-21	3.74e-15	8.53e-11	1.56e-07	6.05e-05	3.56e-03	3.46e-02	1.07e-01	7.20e-01	1.30e-01	5.54e-03
 8.98941e+21	9.26e-21	4.31e-15	9.88e-11	1.79e-07	6.85e-05	3.94e-03	3.72e-02	1.11e-01	7.18e-01	1.24e-01	5.06e-03
 9.18947e+21	1.05e-20	4.96e-15	1.14e-10	2.05e-07	7.75e-05	4.35e-03	3.99e-02	1.16e-01	7.17e-01	1.18e-01	4.62e-03
 9.44956e+21	1.23e-20	5.92e-15	1.37e-10	2.44e-07	9.05e-05	4.94e-03	4.36e-02	1.22e-01	7.14e-01	1.11e-01	4.11e-03
 9.72034e+21	1.43e-20	7.08e-15	1.66e-10	2.92e-07	1.06e-04	5.61e-03	4.76e-02	1.29e-01	7.09e-01	1.04e-01	3.64e-03
 9.94688e+21	1.63e-20	8.19e-15	1.93e-10	3.37e-07	1.21e-04	6.23e-03	5.11e-02	1.35e-01	7.06e-01	9.91e-02	3.30e-03
 1.01832e+22	1.85e-20	9.49e-15	2.26e-10	3.91e-07	1.38e-04	6.91e-03	5.49e-02	1.40e-01	7.01e-01	9.38e-02	2.98e-03
 1.04904e+22	2.16e-20	1.14e-14	2.75e-10	4.72e-07	1.63e-04	7.88e-03	6.00e-02	1.48e-01	6.94e-01	8.74e-02	2.61e-03
 1.08064e+22	2.54e-20	1.38e-14	3.37e-10	5.72e-07	1.92e-04	8.99e-03	6.55e-02	1.55e-01	6.86e-01	8.13e-02	2.29e-03
 1.10662e+22	2.88e-20	1.61e-14	3.97e-10	6.67e-07	2.20e-04	9.99e-03	7.02e-02	1.62e-01	6.79e-01	7.66e-02	2.05e-03
 1.13365e+22	3.29e-20	1.88e-14	4.69e-10	7.81e-07	2.52e-04	1.11e-02	7.51e-02	1.68e-01	6.72e-01	7.21e-02	1.84e-03
 1.16185e+22	3.76e-20	2.21e-14	5.57e-10	9.18e-07	2.90e-04	1.23e-02	8.05e-02	1.75e-01	6.63e-01	6.76e-02	1.64e-03
 1.18549e+22	4.21e-20	2.53e-14	6.43e-10	1.05e-06	3.25e-04	1.35e-02	8.51e-02	1.80e-01	6.55e-01	6.41e-02	1.49e-03
 1.21015e+22	4.73e-20	2.91e-14	7.44e-10	1.20e-06	3.65e-04	1.47e-02	8.99e-02	1.86e-01	6.47e-01	6.07e-02	1.35e-03
 1.24220e+22	5.49e-20	3.47e-14	8.98e-10	1.43e-06	4.24e-04	1.64e-02	9.64e-02	1.92e-01	6.37e-01	5.66e-02	1.20e-03
 1.27518e+22	6.41e-20	4.17e-14	1.09e-09	1.72e-06	4.92e-04	1.84e-02	1.03e-01	1.99e-01	6.25e-01	5.26e-02	1.05e-03
 1.30197e+22	7.20e-20	4.81e-14	1.27e-09	1.98e-06	5.55e-04	2.01e-02	1.09e-01	2.05e-01	6.15e-01	4.95e-02	9.49e-04
 1.32941e+22	8.26e-20	5.61e-14	1.49e-09	2.28e-06	6.24e-04	2.19e-02	1.15e-01	2.10e-01	6.05e-01	4.67e-02	8.59e-04
 1.36508e+22	9.75e-20	6.80e-14	1.82e-09	2.74e-06	7.25e-04	2.44e-02	1.22e-01	2.17e-01	5.91e-01	4.32e-02	7.53e-04
 1.40176e+22	1.16e-19	8.29e-14	2.23e-09	3.30e-06	8.44e-04	2.72e-02	1.31e-01	2.24e-01	5.77e-01	3.99e-02	6.59e-04
 1.43176e+22	1.32e-19	9.70e-14	2.63e-09	3.84e-06	9.53e-04	2.97e-02	1.37e-01	2.29e-01	5.65e-01	3.74e-02	5.90e-04
 1.46278e+22	1.54e-19	1.15e-13	3.11e-09	4.46e-06	1.07e-03	3.24e-02	1.44e-01	2.34e-01	5.53e-01	3.51e-02	5.30e-04
 1.50310e+22	1.86e-19	1.42e-13	3.85e-09	5.40e-06	1.25e-03	3.61e-02	1.53e-01	2.40e-01	5.37e-01	3.22e-02	4.61e-04
 1.54480e+22	2.27e-19	1.77e-13	4.80e-09	6.56e-06	1.46e-03	4.02e-02	1.63e-01	2.46e-01	5.20e-01	2.95e-02	3.99e-04
 1.57930e+22	2.66e-19	2.11e-13	5.74e-09	7.69e-06	1.66e-03	4.39e-02	1.70e-01	2.51e-01	5.06e-01	2.74e-02	3.54e-04
 1.61515e+22	3.17e-19	2.54e-13	6.89e-09	9.01e-06	1.87e-03	4.78e-02	1.78e-01	2.55e-01	4.92e-01	2.54e-02	3.14e-04
 1.66176e+22	3.95e-19	3.22e-13	8.68e-09	1.10e-05	2.19e-03	5.33e-02	1.89e-01	2.59e-01	4.73e-01	2.31e-02	2.70e-04
 1.71023e+22	4.98e-19	4.11e-13	1.10e-08	1.36e-05	2.57e-03	5.94e-02	2.00e-01	2.64e-01	4.54e-01	2.09e-02	2.30e-04
 1.75080e+22	6.04e-19	5.04e-13	1.34e-08	1.61e-05	2.93e-03	6.48e-02	2.08e-01	2.67e-01	4.38e-01	1.92e-02	2.01e-04
 1.79324e+22	7.38e-19	6.20e-13	1.63e-08	1.90e-05	3.33e-03	7.06e-02	2.17e-01	2.69e-01	4.21e-01	1.76e-02	1.76e-04
 1.84840e+22	9.57e-19	8.09e-13	2.10e-08	2.35e-05	3.91e-03	7.86e-02	2.29e-01	2.72e-01	4.01e-01	1.57e-02	1.48e-04
 1.90016e+22	1.22e-18	1.04e-12	2.66e-08	2.87e-05	4.55e-03	8.68e-02	2.40e-01	2.74e-01	3.81e-01	1.41e-02	1.25e-04
 1.93558e+22	1.45e-18	1.23e-12	3.11e-08	3.27e-05	5.01e-03	9.24e-02	2.47e-01	2.75e-01	3.68e-01	1.32e-02	1.13e-04
 1.96972e+22	1.70e-18	1.44e-12	3.61e-08	3.70e-05	5.49e-03	9.80e-02	2.53e-01	2.75e-01	3.56e-01	1.23e-02	1.01e-04
 2.01410e+22	2.10e-18	1.77e-12	4.35e-08	4.32e-05	6.16e-03	1.06e-01	2.61e-01	2.75e-01	3.41e-01	1.12e-02	8.87e-05
 2.06419e+22	2.65e-18	2.22e-12	5.35e-08	5.13e-05	6.98e-03	1.14e-01	2.70e-01	2.74e-01	3.24e-01	1.02e-02	7.63e-05
 2.11127e+22	3.30e-18	2.74e-12	6.48e-08	6.00e-05	7.84e-03	1.23e-01	2.78e-01	2.73e-01	3.09e-01	9.24e-03	6.63e-05
 2.15483e+22	4.04e-18	3.32e-12	7.70e-08	6.90e-05	8.68e-03	1.31e-01	2.85e-01	2.72e-01	2.95e-01	8.47e-03	5.83e-05
 2.20424e+22	5.05e-18	4.11e-12	9.31e-08	8.05e-05	9.70e-03	1.40e-01	2.92e-01	2.70e-01	2.80e-01	7.68e-03	5.05e-05
 2.26848e+22	6.74e-18	5.38e-12	1.18e-07	9.76e-05	1.11e-02	1.53e-01	3.01e-01	2.67e-01	2.62e-01	6.77e-03	4.21e-05
 2.33332e+22	9.05e-18	7.06e-12	1.50e-07	1.18e-04	1.28e-02	1.66e-01	3.09e-01	2.63e-01	2.44e-01	5.95e-03	3.49e-05
 2.38454e+22	1.14e-17	8.70e-12	1.80e-07	1.37e-04	1.42e-02	1.76e-01	3.15e-01	2.59e-01	2.30e-01	5.38e-03	3.02e-05
 2.43672e+22	1.43e-17	1.07e-11	2.15e-07	1.57e-04	1.56e-02	1.87e-01	3.20e-01	2.55e-01	2.17e-01	4.86e-03	2.61e-05
 2.50455e+22	1.91e-17	1.39e-11	2.69e-07	1.88e-04	1.77e-02	2.01e-01	3.26e-01	2.49e-01	2.02e-01	4.27e-03	2.17e-05
 2.57673e+22	2.59e-17	1.83e-11	3.41e-07	2.25e-04	2.01e-02	2.16e-01	3.32e-01	2.43e-01	1.86e-01	3.71e-03	1.78e-05
 2.63933e+22	3.38e-17	2.31e-11	4.16e-07	2.63e-04	2.24e-02	2.29e-01	3.36e-01	2.37e-01	1.73e-01	3.29e-03	1.50e-05
 2.70549e+22	4.41e-17	2.91e-11	5.05e-07	3.06e-04	2.48e-02	2.42e-01	3.39e-01	2.30e-01	1.60e-01	2.91e-03	1.27e-05
 2.79150e+22	6.18e-17	3.91e-11	6.47e-07	3.70e-04	2.82e-02	2.60e-01	3.42e-01	2.21e-01	1.46e-01	2.48e-03	1.02e-05
 2.88090e+22	8.79e-17	5.31e-11	8.33e-07	4.49e-04	3.21e-02	2.78e-01	3.44e-01	2.12e-01	1.31e-01	2.09e-03	8.05e-06
 2.95568e+22	1.17e-16	6.80e-11	1.02e-06	5.24e-04	3.56e-02	2.93e-01	3.45e-01	2.04e-01	1.20e-01	1.82e-03	6.64e-06
 3.03389e+22	1.56e-16	8.66e-11	1.25e-06	6.09e-04	3.94e-02	3.08e-01	3.45e-01	1.96e-01	1.10e-01	1.58e-03	5.49e-06
 3.13556e+22	2.23e-16	1.17e-10	1.60e-06	7.33e-04	4.44e-02	3.27e-01	3.43e-01	1.85e-01	9.80e-02	1.32e-03	4.31e-06
 3.24325e+22	3.24e-16	1.61e-10	2.07e-06	8.88e-04	5.03e-02	3.47e-01	3.40e-01	1.74e-01	8.65e-02	1.09e-03	3.32e-06
 3.32587e+22	4.30e-16	2.04e-10	2.50e-06	1.02e-03	5.51e-02	3.61e-01	3.37e-01	1.66e-01	7.86e-02	9.43e-04	2.73e-06
 3.38792e+22	5.26e-16	2.42e-10	2.86e-06	1.13e-03	5.87e-02	3.72e-01	3.35e-01	1.60e-01	7.33e-02	8.48e-04	2.37e-06
 3.45617e+22	6.55e-16	2.90e-10	3.32e-06	1.26e-03	6.29e-02	3.83e-01	3.32e-01	1.53e-01	6.78e-02	7.54e-04	2.02e-06
 3.54490e+22	8.55e-16	3.62e-10	3.96e-06	1.43e-03	6.82e-02	3.96e-01	3.27e-01	1.45e-01	6.15e-02	6.52e-04	1.67e-06
 3.66025e+22	1.20e-15	4.81e-10	4.95e-06	1.68e-03	7.54e-02	4.12e-01	3.20e-01	1.35e-01	5.42e-02	5.40e-04	1.30e-06
 3.77785e+22	1.70e-15	6.40e-10	6.21e-06	1.98e-03	8.33e-02	4.28e-01	3.13e-01	1.26e-01	4.75e-02	4.45e-04	1.00e-06
 3.86879e+22	2.20e-15	7.90e-10	7.33e-06	2.23e-03	8.96e-02	4.40e-01	3.07e-01	1.18e-01	4.30e-02	3.84e-04	8.28e-07
 3.95740e+22	2.78e-15	9.59e-10	8.55e-06	2.49e-03	9.57e-02	4.50e-01	3.00e-01	1.12e-01	3.91e-02	3.35e-04	6.91e-07
 4.07260e+22	3.71e-15	1.22e-09	1.03e-05	2.84e-03	1.03e-01	4.62e-01	2.93e-01	1.04e-01	3.48e-02	2.82e-04	5.52e-07
 4.19740e+22	5.09e-15	1.57e-09	1.26e-05	3.27e-03	1.12e-01	4.74e-01	2.83e-01	9.63e-02	3.05e-02	2.33e-04	4.31e-07
 4.30795e+22	6.70e-15	1.97e-09	1.50e-05	3.69e-03	1.21e-01	4.84e-01	2.75e-01	8.96e-02	2.71e-02	1.97e-04	3.47e-07
 4.42492e+22	8.72e-15	2.44e-09	1.77e-05	4.15e-03	1.29e-01	4.93e-01	2.66e-01	8.34e-02	2.42e-02	1.68e-04	2.80e-07
 4.57698e+22	1.21e-14	3.18e-09	2.17e-05	4.79e-03	1.40e-01	5.03e-01	2.56e-01	7.60e-02	2.09e-02	1.36e-04	2.14e-07
 4.73415e+22	1.72e-14	4.22e-09	2.70e-05	5.56e-03	1.52e-01	5.12e-01	2.44e-01	6.87e-02	1.79e-02	1.09e-04	1.61e-07
 4.86252e+22	2.24e-14	5.22e-09	3.18e-05	6.22e-03	1.62e-01	5.18e-01	2.34e-01	6.34e-02	1.58e-02	9.15e-05	1.28e-07
 4.99396e+22	2.89e-14	6.42e-09	3.72e-05	6.93e-03	1.72e-01	5.23e-01	2.26e-01	5.86e-02	1.40e-02	7.73e-05	0.00e+00
 5.16484e+22	3.95e-14	8.25e-09	4.51e-05	7.89e-03	1.84e-01	5.28e-01	2.14e-01	5.30e-02	1.20e-02	6.26e-05	0.00e+00
 5.34824e+22	5.52e-14	1.08e-08	5.53e-05	9.06e-03	1.98e-01	5.33e-01	2.02e-01	4.75e-02	1.02e-02	4.98e-05	0.00e+00
 5.50849e+22	7.30e-14	1.35e-08	6.55e-05	1.02e-02	2.10e-01	5.35e-01	1.93e-01	4.31e-02	8.87e-03	4.10e-05	0.00e+00
 5.67742e+22	9.55e-14	1.68e-08	7.71e-05	1.13e-02	2.22e-01	5.36e-01	1.83e-01	3.93e-02	7.73e-03	3.39e-05	0.00e+00
 5.89453e+22	1.33e-13	2.18e-08	9.41e-05	1.29e-02	2.37e-01	5.37e-01	1.71e-01	3.49e-02	6.51e-03	2.67e-05	0.00e+00
 6.12280e+22	1.88e-13	2.87e-08	1.16e-04	1.48e-02	2.54e-01	5.35e-01	1.60e-01	3.07e-02	5.43e-03	2.08e-05	0.00e+00
 6.31976e+22	2.50e-13	3.61e-08	1.37e-04	1.65e-02	2.68e-01	5.33e-01	1.50e-01	2.75e-02	4.64e-03	1.68e-05	0.00e+00
 6.52752e+22	3.28e-13	4.48e-08	1.61e-04	1.84e-02	2.82e-01	5.30e-01	1.41e-01	2.48e-02	4.00e-03	1.37e-05	0.00e+00
 6.78402e+22	4.53e-13	5.78e-08	1.95e-04	2.07e-02	2.98e-01	5.25e-01	1.31e-01	2.18e-02	3.35e-03	1.07e-05	0.00e+00
 7.03258e+22	6.22e-13	7.42e-08	2.35e-04	2.34e-02	3.15e-01	5.19e-01	1.21e-01	1.92e-02	2.79e-03	8.41e-06	0.00e+00
 7.23164e+22	7.85e-13	8.92e-08	2.70e-04	2.55e-02	3.27e-01	5.14e-01	1.14e-01	1.74e-02	2.44e-03	7.01e-06	0.00e+00
 7.43765e+22	9.85e-13	1.07e-07	3.08e-04	2.77e-02	3.39e-01	5.08e-01	1.07e-01	1.58e-02	2.14e-03	5.86e-06	0.00e+00
 7.70547e+22	1.30e-12	1.33e-07	3.62e-04	3.07e-02	3.54e-01	5.00e-01	9.96e-02	1.40e-02	1.82e-03	4.69e-06	0.00e+00
 8.00554e+22	1.76e-12	1.68e-07	4.31e-04	3.42e-02	3.70e-01	4.90e-01	9.16e-02	1.23e-02	1.52e-03	3.68e-06	0.00e+00
 8.27774e+22	2.31e-12	2.09e-07	5.05e-04	3.77e-02	3.85e-01	4.80e-01	8.47e-02	1.09e-02	1.28e-03	2.94e-06	0.00e+00
 8.51956e+22	2.88e-12	2.48e-07	5.73e-04	4.08e-02	3.97e-01	4.72e-01	7.93e-02	9.81e-03	1.12e-03	2.45e-06	0.00e+00
 8.79168e+22	3.66e-12	2.99e-07	6.57e-04	4.43e-02	4.09e-01	4.62e-01	7.37e-02	8.79e-03	9.67e-04	2.01e-06	0.00e+00
 9.13057e+22	4.79e-12	3.69e-07	7.67e-04	4.86e-02	4.24e-01	4.51e-01	6.77e-02	7.73e-03	8.15e-04	1.60e-06	0.00e+00
 9.48614e+22	6.38e-12	4.62e-07	9.03e-04	5.36e-02	4.39e-01	4.38e-01	6.17e-02	6.74e-03	6.78e-04	1.25e-06	0.00e+00
 9.80680e+22	8.17e-12	5.60e-07	1.04e-03	5.83e-02	4.51e-01	4.26e-01	5.68e-02	5.97e-03	5.78e-04	1.01e-06	0.00e+00
 1.01522e+23	1.04e-11	6.73e-07	1.19e-03	6.30e-02	4.63e-01	4.14e-01	5.24e-02	5.31e-03	4.95e-04	8.25e-07	0.00e+00
 1.05605e+23	1.35e-11	8.30e-07	1.38e-03	6.89e-02	4.76e-01	4.01e-01	4.77e-02	4.64e-03	4.14e-04	6.52e-07	0.00e+00
 1.09796e+23	1.78e-11	1.02e-06	1.61e-03	7.52e-02	4.89e-01	3.87e-01	4.33e-02	4.04e-03	3.45e-04	5.12e-07	0.00e+00
 1.13859e+23	2.27e-11	1.24e-06	1.85e-03	8.13e-02	5.00e-01	3.74e-01	3.95e-02	3.56e-03	2.92e-04	4.11e-07	0.00e+00
 1.18243e+23	2.89e-11	1.49e-06	2.11e-03	8.77e-02	5.10e-01	3.61e-01	3.61e-02	3.14e-03	2.48e-04	3.31e-07	0.00e+00
 1.23096e+23	3.74e-11	1.82e-06	2.43e-03	9.51e-02	5.21e-01	3.46e-01	3.26e-02	2.74e-03	2.07e-04	2.61e-07	0.00e+00
 1.28143e+23	4.80e-11	2.21e-06	2.79e-03	1.03e-01	5.30e-01	3.32e-01	2.95e-02	2.39e-03	1.74e-04	2.08e-07	0.00e+00
 1.33392e+23	6.12e-11	2.67e-06	3.19e-03	1.10e-01	5.39e-01	3.19e-01	2.67e-02	2.10e-03	1.46e-04	1.66e-07	0.00e+00
 1.38851e+23	7.74e-11	3.20e-06	3.64e-03	1.18e-01	5.46e-01	3.05e-01	2.42e-02	1.84e-03	1.24e-04	1.33e-07	0.00e+00
 1.44529e+23	9.74e-11	3.82e-06	4.12e-03	1.27e-01	5.53e-01	2.92e-01	2.19e-02	1.62e-03	1.05e-04	0.00e+00	0.00e+00
 1.50434e+23	1.22e-10	4.53e-06	4.65e-03	1.35e-01	5.59e-01	2.80e-01	1.99e-02	1.43e-03	8.91e-05	0.00e+00	0.00e+00
 1.56574e+23	1.51e-10	5.34e-06	5.23e-03	1.44e-01	5.64e-01	2.68e-01	1.81e-02	1.27e-03	7.61e-05	0.00e+00	0.00e+00
 1.62961e+23	1.84e-10	6.24e-06	5.84e-03	1.52e-01	5.68e-01	2.57e-01	1.65e-02	1.13e-03	6.55e-05	0.00e+00	0.00e+00
 1.69603e+23	2.26e-10	7.28e-06	6.51e-03	1.61e-01	5.71e-01	2.46e-01	1.50e-02	1.00e-03	5.63e-05	0.00e+00	0.00e+00
 1.76510e+23	2.72e-10	8.42e-06	7.21e-03	1.69e-01	5.74e-01	2.35e-01	1.38e-02	8.99e-04	4.89e-05	0.00e+00	0.00e+00
 1.83694e+23	3.26e-10	9.67e-06	7.95e-03	1.77e-01	5.75e-01	2.26e-01	1.26e-02	8.10e-04	4.26e-05	0.00e+00	0.00e+00
 1.91165e+23	3.87e-10	1.10e-05	8.72e-03	1.85e-01	5.77e-01	2.17e-01	1.16e-02	7.33e-04	3.75e-05	0.00e+00	0.00e+00
 1.98935e+23	4.55e-10	1.25e-05	9.53e-03	1.94e-01	5.77e-01	2.08e-01	1.07e-02	6.66e-04	3.31e-05	0.00e+00	0.00e+00
 2.07016e+23	5.31e-10	1.41e-05	1.04e-02	2.01e-01	5.77e-01	2.00e-01	9.94e-03	6.08e-04	2.94e-05	0.00e+00	0.00e+00
 2.15420e+23	6.14e-10	1.58e-05	1.12e-02	2.09e-01	5.77e-01	1.93e-01	9.24e-03	5.58e-04	2.63e-05	0.00e+00	0.00e+00
 2.23993e+23	6.95e-10	1.73e-05	1.20e-02	2.15e-01	5.77e-01	1.87e-01	8.68e-03	5.19e-04	2.39e-05	0.00e+00	0.00e+00
 2.32142e+23	7.86e-10	1.91e-05	1.28e-02	2.22e-01	5.76e-01	1.81e-01	8.15e-03	4.82e-04	2.17e-05	0.00e+00	0.00e+00
 2.39476e+23	8.75e-10	2.07e-05	1.35e-02	2.28e-01	5.75e-01	1.76e-01	7.71e-03	4.52e-04	2.00e-05	0.00e+00	0.00e+00
 2.46077e+23	9.49e-10	2.21e-05	1.42e-02	2.32e-01	5.74e-01	1.72e-01	7.39e-03	4.31e-04	1.88e-05	0.00e+00	0.00e+00
 2.52017e+23	1.02e-09	2.33e-05	1.47e-02	2.36e-01	5.73e-01	1.69e-01	7.13e-03	4.13e-04	1.78e-05	0.00e+00	0.00e+00
 2.57364e+23	1.08e-09	2.43e-05	1.52e-02	2.39e-01	5.72e-01	1.66e-01	6.92e-03	4.00e-04	1.71e-05	0.00e+00	0.00e+00
 2.62175e+23	1.13e-09	2.53e-05	1.56e-02	2.42e-01	5.71e-01	1.64e-01	6.74e-03	3.88e-04	1.64e-05	0.00e+00	0.00e+00
 2.66506e+23	1.17e-09	2.60e-05	1.59e-02	2.44e-01	5.71e-01	1.62e-01	6.61e-03	3.80e-04	1.60e-05	0.00e+00	0.00e+00
 2.70404e+23	1.21e-09	2.67e-05	1.62e-02	2.46e-01	5.70e-01	1.60e-01	6.50e-03	3.73e-04	1.56e-05	0.00e+00	0.00e+00
 2.73911e+23	1.25e-09	2.73e-05	1.64e-02	2.48e-01	5.70e-01	1.59e-01	6.41e-03	3.66e-04	1.52e-05	0.00e+00	0.00e+00
 2.77100e+23	1.27e-09	2.78e-05	1.66e-02	2.49e-01	5.69e-01	1.58e-01	6.34e-03	3.62e-04	1.50e-05	0.00e+00	0.00e+00
 2.80155e+23	1.29e-09	2.81e-05	1.68e-02	2.50e-01	5.69e-01	1.58e-01	6.30e-03	3.60e-04	1.49e-05	0.00e+00	0.00e+00
 2.83210e+23	1.31e-09	2.85e-05	1.69e-02	2.51e-01	5.69e-01	1.57e-01	6.24e-03	3.56e-04	1.47e-05	0.00e+00	0.00e+00
 2.86265e+23	1.33e-09	2.88e-05	1.71e-02	2.52e-01	5.69e-01	1.56e-01	6.20e-03	3.53e-04	1.46e-05	0.00e+00	0.00e+00
 2.89320e+23	1.35e-09	2.92e-05	1.72e-02	2.52e-01	5.68e-01	1.56e-01	6.15e-03	3.50e-04	1.44e-05	0.00e+00	0.00e+00
 2.92375e+23	1.37e-09	2.94e-05	1.73e-02	2.53e-01	5.68e-01	1.55e-01	6.12e-03	3.49e-04	1.43e-05	0.00e+00	0.00e+00
 2.95429e+23	1.38e-09	2.97e-05	1.74e-02	2.54e-01	5.68e-01	1.55e-01	6.09e-03	3.47e-04	1.42e-05	0.00e+00	0.00e+00
 2.98484e+23	1.39e-09	2.99e-05	1.75e-02	2.54e-01	5.68e-01	1.54e-01	6.06e-03	3.45e-04	1.41e-05	0.00e+00	0.00e+00
 3.01539e+23	1.41e-09	3.02e-05	1.76e-02	2.55e-01	5.67e-01	1.54e-01	6.03e-03	3.43e-04	1.40e-05	0.00e+00	0.00e+00
 3.04274e+23	1.42e-09	3.04e-05	1.77e-02	2.55e-01	5.67e-01	1.53e-01	6.00e-03	3.42e-04	1.39e-05	0.00e+00	0.00e+00
