#depth	Mg	Mg+	Mg+2	Mg+3	Mg+4	Mg+5	Mg+6	Mg+7	Mg+8	Mg+9	Mg+10	Mg+11	Mg+12
 6.17135e+19	0.00e+00	1.05e-27	6.13e-22	2.39e-17	1.50e-13	1.89e-10	7.38e-08	8.11e-06	2.93e-04	5.82e-03	2.97e-01	4.85e-01	2.13e-01
 1.87609e+20	0.00e+00	3.04e-27	1.68e-21	6.05e-17	3.48e-13	3.96e-10	1.40e-07	1.38e-05	4.40e-04	7.54e-03	3.34e-01	4.76e-01	1.83e-01
 2.83882e+20	0.00e+00	6.50e-27	3.46e-21	1.19e-16	6.41e-13	6.77e-10	2.24e-07	2.04e-05	5.92e-04	9.09e-03	3.62e-01	4.66e-01	1.62e-01
 3.32018e+20	0.00e+00	9.32e-27	4.89e-21	1.64e-16	8.60e-13	8.76e-10	2.81e-07	2.46e-05	6.83e-04	9.94e-03	3.76e-01	4.61e-01	1.52e-01
 3.58442e+20	0.00e+00	1.13e-26	5.88e-21	1.94e-16	1.01e-12	1.01e-09	3.17e-07	2.72e-05	7.37e-04	1.04e-02	3.84e-01	4.58e-01	1.47e-01
 3.82313e+20	0.00e+00	1.34e-26	6.95e-21	2.27e-16	1.16e-12	1.14e-09	3.53e-07	2.98e-05	7.91e-04	1.09e-02	3.91e-01	4.55e-01	1.43e-01
 4.13344e+20	0.00e+00	1.66e-26	8.53e-21	2.75e-16	1.38e-12	1.33e-09	4.03e-07	3.33e-05	8.60e-04	1.15e-02	3.99e-01	4.51e-01	1.37e-01
 4.53684e+20	1.22e-31	2.18e-26	1.11e-20	3.53e-16	1.74e-12	1.62e-09	4.79e-07	3.84e-05	9.60e-04	1.23e-02	4.11e-01	4.45e-01	1.31e-01
 4.96666e+20	1.71e-31	2.89e-26	1.46e-20	4.56e-16	2.20e-12	1.99e-09	5.73e-07	4.45e-05	1.08e-03	1.32e-02	4.22e-01	4.40e-01	1.24e-01
 5.34110e+20	2.28e-31	3.67e-26	1.84e-20	5.67e-16	2.68e-12	2.37e-09	6.67e-07	5.05e-05	1.18e-03	1.40e-02	4.32e-01	4.34e-01	1.18e-01
 5.73817e+20	3.05e-31	4.69e-26	2.33e-20	7.09e-16	3.29e-12	2.84e-09	7.80e-07	5.75e-05	1.31e-03	1.49e-02	4.43e-01	4.29e-01	1.12e-01
 6.18613e+20	4.21e-31	6.12e-26	3.03e-20	9.07e-16	4.13e-12	3.46e-09	9.26e-07	6.63e-05	1.46e-03	1.59e-02	4.54e-01	4.22e-01	1.06e-01
 6.61105e+20	5.65e-31	7.82e-26	3.85e-20	1.14e-15	5.08e-12	4.15e-09	1.08e-06	7.55e-05	1.61e-03	1.70e-02	4.65e-01	4.16e-01	1.01e-01
 7.01153e+20	7.40e-31	9.79e-26	4.79e-20	1.40e-15	6.15e-12	4.90e-09	1.25e-06	8.51e-05	1.77e-03	1.79e-02	4.74e-01	4.10e-01	9.62e-02
 7.40599e+20	9.58e-31	1.21e-25	5.92e-20	1.71e-15	7.38e-12	5.75e-09	1.44e-06	9.55e-05	1.93e-03	1.89e-02	4.83e-01	4.04e-01	9.17e-02
 7.79067e+20	1.22e-30	1.49e-25	7.23e-20	2.07e-15	8.79e-12	6.70e-09	1.64e-06	1.06e-04	2.09e-03	1.99e-02	4.92e-01	3.98e-01	8.76e-02
 8.22604e+20	1.60e-30	1.86e-25	9.01e-20	2.54e-15	1.06e-11	7.92e-09	1.90e-06	1.20e-04	2.30e-03	2.11e-02	5.02e-01	3.92e-01	8.31e-02
 8.69950e+20	2.13e-30	2.35e-25	1.14e-19	3.17e-15	1.30e-11	9.46e-09	2.21e-06	1.36e-04	2.53e-03	2.24e-02	5.12e-01	3.85e-01	7.86e-02
 9.12446e+20	2.73e-30	2.89e-25	1.39e-19	3.85e-15	1.56e-11	1.11e-08	2.53e-06	1.52e-04	2.75e-03	2.35e-02	5.21e-01	3.78e-01	7.48e-02
 9.57890e+20	3.54e-30	3.57e-25	1.72e-19	4.71e-15	1.87e-11	1.30e-08	2.91e-06	1.71e-04	3.00e-03	2.48e-02	5.30e-01	3.71e-01	7.09e-02
 1.00850e+21	4.68e-30	4.50e-25	2.16e-19	5.85e-15	2.29e-11	1.55e-08	3.38e-06	1.93e-04	3.30e-03	2.63e-02	5.39e-01	3.64e-01	6.69e-02
 1.05563e+21	6.03e-30	5.55e-25	2.66e-19	7.13e-15	2.75e-11	1.81e-08	3.88e-06	2.16e-04	3.60e-03	2.77e-02	5.48e-01	3.57e-01	6.34e-02
 1.09996e+21	7.60e-30	6.72e-25	3.22e-19	8.54e-15	3.25e-11	2.10e-08	4.40e-06	2.40e-04	3.89e-03	2.90e-02	5.56e-01	3.51e-01	6.03e-02
 1.15087e+21	9.84e-30	8.31e-25	3.98e-19	1.05e-14	3.91e-11	2.47e-08	5.06e-06	2.69e-04	4.24e-03	3.06e-02	5.65e-01	3.43e-01	5.70e-02
 1.20787e+21	1.30e-29	1.05e-24	5.02e-19	1.30e-14	4.79e-11	2.95e-08	5.89e-06	3.04e-04	4.66e-03	3.24e-02	5.74e-01	3.35e-01	5.35e-02
 1.25786e+21	1.66e-29	1.28e-24	6.12e-19	1.58e-14	5.70e-11	3.43e-08	6.71e-06	3.38e-04	5.05e-03	3.40e-02	5.82e-01	3.28e-01	5.06e-02
 1.29969e+21	2.02e-29	1.51e-24	7.20e-19	1.84e-14	6.57e-11	3.88e-08	7.46e-06	3.69e-04	5.40e-03	3.54e-02	5.88e-01	3.23e-01	4.84e-02
 1.34586e+21	2.50e-29	1.79e-24	8.57e-19	2.17e-14	7.66e-11	4.43e-08	8.36e-06	4.05e-04	5.79e-03	3.69e-02	5.94e-01	3.16e-01	4.60e-02
 1.40588e+21	3.27e-29	2.24e-24	1.07e-18	2.68e-14	9.30e-11	5.25e-08	9.66e-06	4.56e-04	6.33e-03	3.89e-02	6.03e-01	3.09e-01	4.32e-02
 1.46804e+21	4.29e-29	2.81e-24	1.34e-18	3.32e-14	1.13e-10	6.22e-08	1.12e-05	5.13e-04	6.92e-03	4.10e-02	6.10e-01	3.01e-01	4.05e-02
 1.51974e+21	5.35e-29	3.36e-24	1.60e-18	3.95e-14	1.33e-10	7.16e-08	1.26e-05	5.66e-04	7.45e-03	4.29e-02	6.17e-01	2.94e-01	3.83e-02
 1.57372e+21	6.71e-29	4.06e-24	1.93e-18	4.71e-14	1.56e-10	8.23e-08	1.42e-05	6.23e-04	8.00e-03	4.47e-02	6.23e-01	2.87e-01	3.63e-02
 1.64391e+21	8.92e-29	5.14e-24	2.45e-18	5.89e-14	1.91e-10	9.83e-08	1.65e-05	7.05e-04	8.77e-03	4.72e-02	6.30e-01	2.79e-01	3.38e-02
 1.71611e+21	1.19e-28	6.53e-24	3.10e-18	7.38e-14	2.35e-10	1.18e-07	1.92e-05	7.97e-04	9.62e-03	4.98e-02	6.38e-01	2.71e-01	3.15e-02
 1.77551e+21	1.50e-28	7.91e-24	3.75e-18	8.84e-14	2.77e-10	1.36e-07	2.17e-05	8.79e-04	1.03e-02	5.20e-02	6.43e-01	2.64e-01	2.97e-02
 1.83730e+21	1.89e-28	9.61e-24	4.55e-18	1.06e-13	3.28e-10	1.57e-07	2.45e-05	9.71e-04	1.11e-02	5.43e-02	6.48e-01	2.57e-01	2.80e-02
 1.90512e+21	2.43e-28	1.19e-23	5.60e-18	1.29e-13	3.93e-10	1.83e-07	2.80e-05	1.08e-03	1.20e-02	5.68e-02	6.54e-01	2.50e-01	2.62e-02
 1.96706e+21	3.05e-28	1.43e-23	6.74e-18	1.54e-13	4.61e-10	2.11e-07	3.15e-05	1.19e-03	1.29e-02	5.91e-02	6.58e-01	2.44e-01	2.47e-02
 2.03388e+21	3.87e-28	1.75e-23	8.21e-18	1.86e-13	5.46e-10	2.44e-07	3.57e-05	1.31e-03	1.39e-02	6.16e-02	6.63e-01	2.37e-01	2.32e-02
 2.10862e+21	5.03e-28	2.18e-23	1.02e-17	2.28e-13	6.58e-10	2.86e-07	4.08e-05	1.46e-03	1.50e-02	6.45e-02	6.68e-01	2.30e-01	2.17e-02
 2.17903e+21	6.41e-28	2.67e-23	1.24e-17	2.75e-13	7.81e-10	3.32e-07	4.62e-05	1.61e-03	1.62e-02	6.72e-02	6.72e-01	2.23e-01	2.03e-02
 2.25595e+21	8.30e-28	3.32e-23	1.54e-17	3.36e-13	9.36e-10	3.88e-07	5.27e-05	1.79e-03	1.74e-02	7.02e-02	6.75e-01	2.16e-01	1.90e-02
 2.34148e+21	1.10e-27	4.22e-23	1.94e-17	4.18e-13	1.14e-09	4.61e-07	6.08e-05	2.00e-03	1.89e-02	7.35e-02	6.79e-01	2.09e-01	1.76e-02
 2.42162e+21	1.42e-27	5.26e-23	2.41e-17	5.11e-13	1.37e-09	5.39e-07	6.93e-05	2.22e-03	2.04e-02	7.66e-02	6.82e-01	2.02e-01	1.64e-02
 2.50925e+21	1.88e-27	6.65e-23	3.02e-17	6.33e-13	1.66e-09	6.37e-07	7.97e-05	2.48e-03	2.21e-02	8.01e-02	6.85e-01	1.95e-01	1.52e-02
 2.60767e+21	2.55e-27	8.62e-23	3.89e-17	8.00e-13	2.06e-09	7.64e-07	9.28e-05	2.80e-03	2.41e-02	8.39e-02	6.88e-01	1.87e-01	1.40e-02
 2.69536e+21	3.33e-27	1.08e-22	4.84e-17	9.83e-13	2.47e-09	8.96e-07	1.06e-04	3.11e-03	2.60e-02	8.74e-02	6.90e-01	1.81e-01	1.30e-02
 2.77075e+21	4.17e-27	1.31e-22	5.83e-17	1.17e-12	2.89e-09	1.02e-06	1.18e-04	3.39e-03	2.76e-02	9.04e-02	6.91e-01	1.75e-01	1.23e-02
 2.85495e+21	5.32e-27	1.62e-22	7.14e-17	1.41e-12	3.43e-09	1.19e-06	1.34e-04	3.73e-03	2.96e-02	9.38e-02	6.92e-01	1.70e-01	1.14e-02
 2.96441e+21	7.31e-27	2.13e-22	9.28e-17	1.80e-12	4.25e-09	1.43e-06	1.56e-04	4.19e-03	3.21e-02	9.80e-02	6.92e-01	1.63e-01	1.05e-02
 3.07536e+21	9.93e-27	2.76e-22	1.20e-16	2.28e-12	5.28e-09	1.71e-06	1.81e-04	4.73e-03	3.50e-02	1.03e-01	6.93e-01	1.55e-01	9.60e-03
 3.16315e+21	1.26e-26	3.40e-22	1.46e-16	2.74e-12	6.23e-09	1.98e-06	2.04e-04	5.18e-03	3.73e-02	1.06e-01	6.92e-01	1.50e-01	8.96e-03
 3.25214e+21	1.60e-26	4.18e-22	1.78e-16	3.30e-12	7.34e-09	2.27e-06	2.29e-04	5.67e-03	3.97e-02	1.10e-01	6.91e-01	1.45e-01	8.36e-03
 3.36783e+21	2.18e-26	5.45e-22	2.29e-16	4.17e-12	9.05e-09	2.72e-06	2.65e-04	6.35e-03	4.30e-02	1.14e-01	6.90e-01	1.39e-01	7.66e-03
 3.48826e+21	2.96e-26	7.09e-22	2.95e-16	5.28e-12	1.12e-08	3.26e-06	3.08e-04	7.13e-03	4.66e-02	1.19e-01	6.88e-01	1.32e-01	6.98e-03
 3.58833e+21	3.80e-26	8.80e-22	3.63e-16	6.40e-12	1.33e-08	3.78e-06	3.48e-04	7.83e-03	4.98e-02	1.23e-01	6.86e-01	1.27e-01	6.47e-03
 3.69191e+21	4.89e-26	1.10e-21	4.47e-16	7.78e-12	1.59e-08	4.39e-06	3.93e-04	8.61e-03	5.31e-02	1.27e-01	6.83e-01	1.22e-01	5.98e-03
 3.82656e+21	6.78e-26	1.46e-21	5.86e-16	9.98e-12	1.98e-08	5.30e-06	4.58e-04	9.68e-03	5.76e-02	1.32e-01	6.79e-01	1.16e-01	5.43e-03
 3.96483e+21	9.31e-26	1.91e-21	7.62e-16	1.28e-11	2.47e-08	6.41e-06	5.35e-04	1.09e-02	6.25e-02	1.38e-01	6.74e-01	1.09e-01	4.89e-03
 4.07701e+21	1.20e-25	2.38e-21	9.40e-16	1.55e-11	2.95e-08	7.45e-06	6.05e-04	1.20e-02	6.67e-02	1.42e-01	6.70e-01	1.05e-01	4.50e-03
 4.19205e+21	1.54e-25	2.97e-21	1.16e-15	1.89e-11	3.52e-08	8.65e-06	6.84e-04	1.32e-02	7.10e-02	1.46e-01	6.65e-01	9.99e-02	4.14e-03
 4.34162e+21	2.13e-25	3.92e-21	1.51e-15	2.42e-11	4.39e-08	1.05e-05	7.98e-04	1.48e-02	7.69e-02	1.52e-01	6.58e-01	9.41e-02	3.72e-03
 4.48583e+21	2.87e-25	5.09e-21	1.95e-15	3.06e-11	5.42e-08	1.25e-05	9.22e-04	1.65e-02	8.28e-02	1.57e-01	6.50e-01	8.88e-02	3.35e-03
 4.59058e+21	3.55e-25	6.13e-21	2.32e-15	3.61e-11	6.29e-08	1.42e-05	1.02e-03	1.79e-02	8.73e-02	1.61e-01	6.44e-01	8.51e-02	3.10e-03
 4.69425e+21	4.35e-25	7.32e-21	2.75e-15	4.23e-11	7.26e-08	1.60e-05	1.13e-03	1.93e-02	9.18e-02	1.65e-01	6.38e-01	8.16e-02	2.88e-03
 4.82902e+21	5.66e-25	9.23e-21	3.43e-15	5.19e-11	8.72e-08	1.87e-05	1.28e-03	2.12e-02	9.77e-02	1.69e-01	6.30e-01	7.74e-02	2.62e-03
 4.97339e+21	7.38e-25	1.16e-20	4.28e-15	6.41e-11	1.06e-07	2.20e-05	1.46e-03	2.34e-02	1.04e-01	1.75e-01	6.21e-01	7.29e-02	2.36e-03
 5.09900e+21	9.26e-25	1.42e-20	5.18e-15	7.67e-11	1.24e-07	2.53e-05	1.63e-03	2.55e-02	1.10e-01	1.79e-01	6.12e-01	6.92e-02	2.16e-03
 5.23105e+21	1.17e-24	1.74e-20	6.32e-15	9.24e-11	1.47e-07	2.91e-05	1.83e-03	2.77e-02	1.17e-01	1.83e-01	6.03e-01	6.56e-02	1.97e-03
 5.40271e+21	1.57e-24	2.24e-20	8.04e-15	1.16e-10	1.81e-07	3.48e-05	2.11e-03	3.09e-02	1.25e-01	1.88e-01	5.91e-01	6.10e-02	1.74e-03
 5.57489e+21	2.08e-24	2.87e-20	1.02e-14	1.46e-10	2.22e-07	4.15e-05	2.43e-03	3.42e-02	1.34e-01	1.93e-01	5.78e-01	5.68e-02	1.54e-03
 5.71060e+21	2.57e-24	3.47e-20	1.22e-14	1.73e-10	2.60e-07	4.74e-05	2.70e-03	3.71e-02	1.41e-01	1.97e-01	5.67e-01	5.36e-02	1.40e-03
 5.84990e+21	3.19e-24	4.19e-20	1.47e-14	2.06e-10	3.04e-07	5.41e-05	3.00e-03	4.01e-02	1.48e-01	2.01e-01	5.56e-01	5.05e-02	1.27e-03
 6.03099e+21	4.19e-24	5.31e-20	1.84e-14	2.56e-10	3.70e-07	6.40e-05	3.43e-03	4.43e-02	1.58e-01	2.05e-01	5.41e-01	4.68e-02	1.12e-03
 6.22104e+21	5.50e-24	6.77e-20	2.32e-14	3.19e-10	4.53e-07	7.60e-05	3.93e-03	4.89e-02	1.68e-01	2.10e-01	5.25e-01	4.31e-02	9.78e-04
 6.38177e+21	6.87e-24	8.25e-20	2.80e-14	3.83e-10	5.35e-07	8.76e-05	4.40e-03	5.30e-02	1.76e-01	2.13e-01	5.12e-01	4.02e-02	8.73e-04
 6.54975e+21	8.37e-24	1.01e-19	3.38e-14	4.60e-10	6.33e-07	1.01e-04	4.92e-03	5.75e-02	1.86e-01	2.17e-01	4.97e-01	3.73e-02	7.75e-04
 6.76812e+21	1.11e-23	1.30e-19	4.29e-14	5.79e-10	7.82e-07	1.21e-04	5.66e-03	6.37e-02	1.97e-01	2.20e-01	4.78e-01	3.39e-02	6.65e-04
 6.98889e+21	1.48e-23	1.67e-19	5.43e-14	7.27e-10	9.63e-07	1.44e-04	6.49e-03	7.02e-02	2.09e-01	2.24e-01	4.59e-01	3.07e-02	5.70e-04
 7.16478e+21	1.83e-23	2.03e-19	6.50e-14	8.66e-10	1.13e-06	1.65e-04	7.21e-03	7.56e-02	2.18e-01	2.26e-01	4.44e-01	2.84e-02	5.03e-04
 7.31653e+21	2.19e-23	2.39e-19	7.56e-14	1.00e-09	1.29e-06	1.85e-04	7.88e-03	8.04e-02	2.26e-01	2.28e-01	4.31e-01	2.65e-02	4.52e-04
 7.48486e+21	2.67e-23	2.85e-19	8.89e-14	1.17e-09	1.50e-06	2.09e-04	8.66e-03	8.59e-02	2.35e-01	2.29e-01	4.16e-01	2.45e-02	4.01e-04
 7.70369e+21	3.44e-23	3.58e-19	1.09e-13	1.44e-09	1.80e-06	2.45e-04	9.74e-03	9.32e-02	2.46e-01	2.31e-01	3.98e-01	2.22e-02	3.45e-04
 7.92803e+21	4.41e-23	4.51e-19	1.35e-13	1.76e-09	2.17e-06	2.86e-04	1.10e-02	1.01e-01	2.57e-01	2.32e-01	3.79e-01	2.00e-02	2.94e-04
 8.11083e+21	5.38e-23	5.43e-19	1.59e-13	2.06e-09	2.51e-06	3.24e-04	1.20e-02	1.07e-01	2.65e-01	2.32e-01	3.64e-01	1.84e-02	2.59e-04
 8.29980e+21	6.64e-23	6.57e-19	1.88e-13	2.42e-09	2.91e-06	3.66e-04	1.32e-02	1.14e-01	2.74e-01	2.33e-01	3.49e-01	1.69e-02	2.27e-04
 8.54546e+21	8.66e-23	8.41e-19	2.33e-13	2.98e-09	3.52e-06	4.28e-04	1.48e-02	1.23e-01	2.85e-01	2.32e-01	3.30e-01	1.51e-02	1.91e-04
 8.79337e+21	1.12e-22	1.08e-18	2.88e-13	3.66e-09	4.24e-06	5.00e-04	1.66e-02	1.32e-01	2.95e-01	2.31e-01	3.11e-01	1.34e-02	1.61e-04
 8.98941e+21	1.38e-22	1.32e-18	3.42e-13	4.30e-09	4.90e-06	5.64e-04	1.81e-02	1.40e-01	3.02e-01	2.30e-01	2.96e-01	1.22e-02	1.41e-04
 9.18947e+21	1.71e-22	1.61e-18	4.05e-13	5.04e-09	5.65e-06	6.34e-04	1.97e-02	1.47e-01	3.10e-01	2.29e-01	2.82e-01	1.12e-02	1.23e-04
 9.44956e+21	2.26e-22	2.09e-18	5.05e-13	6.19e-09	6.79e-06	7.37e-04	2.19e-02	1.57e-01	3.18e-01	2.27e-01	2.65e-01	9.90e-03	1.03e-04
 9.72034e+21	3.00e-22	2.76e-18	6.36e-13	7.66e-09	8.19e-06	8.58e-04	2.44e-02	1.68e-01	3.27e-01	2.24e-01	2.48e-01	8.73e-03	8.58e-05
 9.94688e+21	3.79e-22	3.48e-18	7.71e-13	9.13e-09	9.56e-06	9.72e-04	2.66e-02	1.76e-01	3.33e-01	2.21e-01	2.34e-01	7.87e-03	7.38e-05
 1.01832e+22	4.87e-22	4.43e-18	9.40e-13	1.09e-08	1.12e-05	1.10e-03	2.90e-02	1.85e-01	3.39e-01	2.18e-01	2.20e-01	7.07e-03	6.32e-05
 1.04904e+22	6.72e-22	6.05e-18	1.22e-12	1.38e-08	1.36e-05	1.29e-03	3.24e-02	1.97e-01	3.46e-01	2.14e-01	2.04e-01	6.15e-03	5.18e-05
 1.08064e+22	9.26e-22	8.36e-18	1.59e-12	1.74e-08	1.67e-05	1.52e-03	3.61e-02	2.09e-01	3.52e-01	2.09e-01	1.88e-01	5.33e-03	4.22e-05
 1.10662e+22	1.20e-21	1.09e-17	1.97e-12	2.11e-08	1.96e-05	1.72e-03	3.93e-02	2.18e-01	3.56e-01	2.05e-01	1.76e-01	4.74e-03	3.58e-05
 1.13365e+22	1.59e-21	1.43e-17	2.46e-12	2.57e-08	2.31e-05	1.96e-03	4.28e-02	2.28e-01	3.59e-01	2.00e-01	1.64e-01	4.21e-03	3.03e-05
 1.16185e+22	2.10e-21	1.90e-17	3.11e-12	3.14e-08	2.74e-05	2.23e-03	4.67e-02	2.38e-01	3.62e-01	1.95e-01	1.52e-01	3.72e-03	2.54e-05
 1.18549e+22	2.64e-21	2.41e-17	3.78e-12	3.72e-08	3.15e-05	2.49e-03	5.02e-02	2.46e-01	3.64e-01	1.90e-01	1.43e-01	3.35e-03	2.20e-05
 1.21015e+22	3.38e-21	3.07e-17	4.62e-12	4.41e-08	3.62e-05	2.77e-03	5.38e-02	2.55e-01	3.66e-01	1.86e-01	1.34e-01	3.01e-03	1.90e-05
 1.24220e+22	4.63e-21	4.20e-17	5.96e-12	5.49e-08	4.33e-05	3.18e-03	5.88e-02	2.65e-01	3.67e-01	1.80e-01	1.23e-01	2.63e-03	1.57e-05
 1.27518e+22	6.29e-21	5.78e-17	7.76e-12	6.86e-08	5.19e-05	3.64e-03	6.42e-02	2.76e-01	3.67e-01	1.73e-01	1.13e-01	2.28e-03	1.29e-05
 1.30197e+22	8.06e-21	7.50e-17	9.60e-12	8.21e-08	6.00e-05	4.07e-03	6.89e-02	2.84e-01	3.67e-01	1.68e-01	1.05e-01	2.04e-03	1.10e-05
 1.32941e+22	1.04e-20	9.66e-17	1.18e-11	9.78e-08	6.90e-05	4.52e-03	7.37e-02	2.93e-01	3.66e-01	1.63e-01	9.83e-02	1.82e-03	9.45e-06
 1.36508e+22	1.44e-20	1.34e-16	1.55e-11	1.23e-07	8.26e-05	5.17e-03	8.02e-02	3.03e-01	3.64e-01	1.56e-01	8.96e-02	1.57e-03	7.73e-06
 1.40176e+22	1.97e-20	1.87e-16	2.04e-11	1.54e-07	9.90e-05	5.92e-03	8.72e-02	3.13e-01	3.62e-01	1.49e-01	8.14e-02	1.35e-03	6.30e-06
 1.43176e+22	2.54e-20	2.46e-16	2.55e-11	1.86e-07	1.15e-04	6.60e-03	9.32e-02	3.21e-01	3.59e-01	1.44e-01	7.53e-02	1.20e-03	5.33e-06
 1.46278e+22	3.30e-20	3.20e-16	3.17e-11	2.22e-07	1.32e-04	7.33e-03	9.94e-02	3.28e-01	3.56e-01	1.38e-01	6.96e-02	1.06e-03	4.53e-06
 1.50310e+22	4.63e-20	4.50e-16	4.20e-11	2.81e-07	1.58e-04	8.37e-03	1.08e-01	3.37e-01	3.52e-01	1.31e-01	6.28e-02	9.05e-04	3.66e-06
 1.54480e+22	6.39e-20	6.38e-16	5.60e-11	3.56e-07	1.90e-04	9.57e-03	1.17e-01	3.46e-01	3.46e-01	1.24e-01	5.64e-02	7.69e-04	2.94e-06
 1.57930e+22	8.32e-20	8.50e-16	7.09e-11	4.31e-07	2.21e-04	1.07e-02	1.24e-01	3.53e-01	3.41e-01	1.18e-01	5.16e-02	6.72e-04	2.45e-06
 1.61515e+22	1.09e-19	1.12e-15	8.92e-11	5.21e-07	2.56e-04	1.18e-02	1.32e-01	3.60e-01	3.36e-01	1.12e-01	4.73e-02	5.88e-04	2.05e-06
 1.66176e+22	1.56e-19	1.61e-15	1.20e-10	6.63e-07	3.08e-04	1.35e-02	1.43e-01	3.67e-01	3.28e-01	1.05e-01	4.21e-02	4.94e-04	1.63e-06
 1.71023e+22	2.18e-19	2.32e-15	1.62e-10	8.48e-07	3.71e-04	1.55e-02	1.54e-01	3.74e-01	3.20e-01	9.82e-02	3.73e-02	4.13e-04	1.28e-06
 1.75080e+22	2.85e-19	3.12e-15	2.07e-10	1.03e-06	4.32e-04	1.72e-02	1.64e-01	3.79e-01	3.13e-01	9.26e-02	3.37e-02	3.55e-04	1.05e-06
 1.79324e+22	3.82e-19	4.21e-15	2.65e-10	1.26e-06	5.03e-04	1.92e-02	1.74e-01	3.84e-01	3.05e-01	8.71e-02	3.04e-02	3.06e-04	8.63e-07
 1.84840e+22	5.54e-19	6.14e-15	3.62e-10	1.62e-06	6.07e-04	2.19e-02	1.87e-01	3.88e-01	2.95e-01	8.04e-02	2.66e-02	2.52e-04	6.69e-07
 1.90016e+22	7.49e-19	8.76e-15	4.84e-10	2.05e-06	7.24e-04	2.48e-02	2.00e-01	3.92e-01	2.85e-01	7.44e-02	2.34e-02	2.09e-04	5.25e-07
 1.93558e+22	9.15e-19	1.10e-14	5.84e-10	2.39e-06	8.11e-04	2.68e-02	2.09e-01	3.94e-01	2.78e-01	7.05e-02	2.15e-02	1.85e-04	4.48e-07
 1.96972e+22	1.13e-18	1.37e-14	6.98e-10	2.75e-06	9.02e-04	2.88e-02	2.17e-01	3.95e-01	2.71e-01	6.70e-02	1.99e-02	1.65e-04	3.85e-07
 2.01410e+22	1.48e-18	1.80e-14	8.74e-10	3.30e-06	1.03e-03	3.16e-02	2.27e-01	3.96e-01	2.63e-01	6.28e-02	1.79e-02	1.42e-04	3.18e-07
 2.06419e+22	1.96e-18	2.43e-14	1.12e-09	4.03e-06	1.20e-03	3.50e-02	2.39e-01	3.97e-01	2.53e-01	5.82e-02	1.59e-02	1.20e-04	2.56e-07
 2.11127e+22	2.52e-18	3.22e-14	1.41e-09	4.83e-06	1.37e-03	3.83e-02	2.51e-01	3.97e-01	2.44e-01	5.42e-02	1.43e-02	1.03e-04	2.09e-07
 2.15483e+22	3.18e-18	4.13e-14	1.73e-09	5.69e-06	1.54e-03	4.16e-02	2.61e-01	3.96e-01	2.36e-01	5.07e-02	1.29e-02	8.94e-05	1.74e-07
 2.20424e+22	4.16e-18	5.43e-14	2.16e-09	6.79e-06	1.76e-03	4.54e-02	2.72e-01	3.95e-01	2.27e-01	4.71e-02	1.16e-02	7.64e-05	1.42e-07
 2.26848e+22	5.88e-18	7.66e-14	2.87e-09	8.49e-06	2.07e-03	5.06e-02	2.86e-01	3.92e-01	2.16e-01	4.28e-02	1.00e-02	6.26e-05	0.00e+00
 2.33332e+22	7.96e-18	1.08e-13	3.79e-09	1.06e-05	2.43e-03	5.63e-02	3.01e-01	3.89e-01	2.05e-01	3.87e-02	8.67e-03	5.10e-05	0.00e+00
 2.38454e+22	1.01e-17	1.40e-13	4.69e-09	1.25e-05	2.74e-03	6.10e-02	3.12e-01	3.85e-01	1.96e-01	3.58e-02	7.74e-03	4.36e-05	0.00e+00
 2.43672e+22	1.29e-17	1.81e-13	5.77e-09	1.47e-05	3.09e-03	6.59e-02	3.22e-01	3.81e-01	1.87e-01	3.31e-02	6.92e-03	3.73e-05	0.00e+00
 2.50455e+22	1.80e-17	2.49e-13	7.49e-09	1.81e-05	3.57e-03	7.25e-02	3.35e-01	3.76e-01	1.77e-01	3.00e-02	5.99e-03	3.06e-05	0.00e+00
 2.57673e+22	2.45e-17	3.48e-13	9.83e-09	2.23e-05	4.16e-03	7.99e-02	3.49e-01	3.69e-01	1.66e-01	2.69e-02	5.14e-03	2.48e-05	0.00e+00
 2.63933e+22	3.18e-17	4.62e-13	1.24e-08	2.67e-05	4.73e-03	8.67e-02	3.60e-01	3.62e-01	1.57e-01	2.44e-02	4.50e-03	2.06e-05	0.00e+00
 2.70549e+22	4.27e-17	6.09e-13	1.55e-08	3.19e-05	5.35e-03	9.38e-02	3.71e-01	3.55e-01	1.48e-01	2.22e-02	3.94e-03	1.72e-05	0.00e+00
 2.79150e+22	6.23e-17	8.66e-13	2.06e-08	3.97e-05	6.25e-03	1.03e-01	3.84e-01	3.46e-01	1.37e-01	1.96e-02	3.32e-03	1.36e-05	0.00e+00
 2.88090e+22	8.77e-17	1.24e-12	2.76e-08	4.97e-05	7.32e-03	1.14e-01	3.97e-01	3.35e-01	1.26e-01	1.71e-02	2.77e-03	1.07e-05	0.00e+00
 2.95568e+22	1.16e-16	1.66e-12	3.49e-08	5.96e-05	8.30e-03	1.23e-01	4.07e-01	3.26e-01	1.18e-01	1.53e-02	2.39e-03	8.73e-06	0.00e+00
 3.03389e+22	1.58e-16	2.20e-12	4.38e-08	7.09e-05	9.37e-03	1.33e-01	4.16e-01	3.16e-01	1.10e-01	1.37e-02	2.06e-03	7.16e-06	0.00e+00
 3.13556e+22	2.37e-16	3.13e-12	5.81e-08	8.81e-05	1.09e-02	1.45e-01	4.26e-01	3.04e-01	1.00e-01	1.19e-02	1.71e-03	5.56e-06	0.00e+00
 3.24325e+22	3.45e-16	4.53e-12	7.82e-08	1.10e-04	1.27e-02	1.59e-01	4.36e-01	2.90e-01	9.07e-02	1.02e-02	1.39e-03	4.25e-06	0.00e+00
 3.32587e+22	4.45e-16	5.95e-12	9.73e-08	1.30e-04	1.42e-02	1.70e-01	4.42e-01	2.80e-01	8.40e-02	9.08e-03	1.20e-03	3.47e-06	0.00e+00
 3.38792e+22	5.38e-16	7.23e-12	1.14e-07	1.46e-04	1.54e-02	1.78e-01	4.46e-01	2.72e-01	7.94e-02	8.34e-03	1.07e-03	3.00e-06	0.00e+00
 3.45617e+22	6.85e-16	8.93e-12	1.34e-07	1.66e-04	1.68e-02	1.87e-01	4.50e-01	2.64e-01	7.45e-02	7.59e-03	9.49e-04	2.55e-06	0.00e+00
 3.54490e+22	9.55e-16	1.15e-11	1.65e-07	1.94e-04	1.86e-02	1.98e-01	4.54e-01	2.53e-01	6.89e-02	6.75e-03	8.18e-04	2.10e-06	0.00e+00
 3.66025e+22	1.44e-15	1.59e-11	2.13e-07	2.35e-04	2.11e-02	2.12e-01	4.58e-01	2.40e-01	6.21e-02	5.80e-03	6.74e-04	1.62e-06	0.00e+00
 3.77785e+22	2.06e-15	2.20e-11	2.76e-07	2.85e-04	2.40e-02	2.28e-01	4.60e-01	2.27e-01	5.58e-02	4.95e-03	5.53e-04	1.25e-06	0.00e+00
 3.86879e+22	2.63e-15	2.80e-11	3.34e-07	3.28e-04	2.64e-02	2.39e-01	4.61e-01	2.17e-01	5.13e-02	4.40e-03	4.76e-04	1.03e-06	0.00e+00
 3.95740e+22	3.39e-15	3.50e-11	3.99e-07	3.74e-04	2.87e-02	2.50e-01	4.61e-01	2.08e-01	4.75e-02	3.93e-03	4.14e-04	8.56e-07	0.00e+00
 4.07260e+22	5.07e-15	4.58e-11	4.93e-07	4.38e-04	3.18e-02	2.64e-01	4.61e-01	1.97e-01	4.30e-02	3.42e-03	3.47e-04	6.82e-07	0.00e+00
 4.19740e+22	7.34e-15	6.13e-11	6.21e-07	5.19e-04	3.55e-02	2.79e-01	4.59e-01	1.85e-01	3.86e-02	2.92e-03	2.87e-04	5.32e-07	0.00e+00
 4.30795e+22	9.74e-15	7.92e-11	7.59e-07	6.01e-04	3.90e-02	2.92e-01	4.56e-01	1.74e-01	3.50e-02	2.55e-03	2.42e-04	4.27e-07	0.00e+00
 4.42492e+22	1.39e-14	1.01e-10	9.19e-07	6.91e-04	4.26e-02	3.05e-01	4.53e-01	1.65e-01	3.18e-02	2.23e-03	2.05e-04	3.44e-07	0.00e+00
 4.57698e+22	2.17e-14	1.37e-10	1.17e-06	8.22e-04	4.76e-02	3.21e-01	4.47e-01	1.53e-01	2.80e-02	1.87e-03	1.66e-04	2.62e-07	0.00e+00
 4.73415e+22	3.23e-14	1.88e-10	1.50e-06	9.84e-04	5.32e-02	3.38e-01	4.40e-01	1.41e-01	2.45e-02	1.56e-03	1.33e-04	1.97e-07	0.00e+00
 4.86252e+22	4.28e-14	2.40e-10	1.81e-06	1.13e-03	5.79e-02	3.51e-01	4.34e-01	1.32e-01	2.21e-02	1.35e-03	1.12e-04	1.57e-07	0.00e+00
 4.99396e+22	5.89e-14	3.03e-10	2.17e-06	1.29e-03	6.27e-02	3.63e-01	4.27e-01	1.24e-01	1.99e-02	1.17e-03	9.43e-05	1.26e-07	0.00e+00
 5.16484e+22	9.47e-14	4.03e-10	2.71e-06	1.51e-03	6.91e-02	3.78e-01	4.18e-01	1.14e-01	1.74e-02	9.82e-04	7.63e-05	0.00e+00	0.00e+00
 5.34824e+22	1.43e-13	5.47e-10	3.44e-06	1.78e-03	7.64e-02	3.94e-01	4.08e-01	1.04e-01	1.51e-02	8.10e-04	6.07e-05	0.00e+00	0.00e+00
 5.50849e+22	1.95e-13	7.06e-10	4.19e-06	2.05e-03	8.30e-02	4.07e-01	3.98e-01	9.63e-02	1.34e-02	6.87e-04	4.99e-05	0.00e+00	0.00e+00
 5.67742e+22	2.89e-13	9.00e-10	5.06e-06	2.34e-03	8.98e-02	4.19e-01	3.88e-01	8.91e-02	1.18e-02	5.85e-04	4.12e-05	0.00e+00	0.00e+00
 5.89453e+22	4.54e-13	1.21e-09	6.37e-06	2.75e-03	9.86e-02	4.33e-01	3.75e-01	8.07e-02	1.02e-02	4.78e-04	3.25e-05	0.00e+00	0.00e+00
 6.12280e+22	6.99e-13	1.66e-09	8.11e-06	3.25e-03	1.09e-01	4.46e-01	3.60e-01	7.24e-02	8.62e-03	3.86e-04	2.53e-05	0.00e+00	0.00e+00
 6.31976e+22	9.66e-13	2.15e-09	9.90e-06	3.73e-03	1.17e-01	4.57e-01	3.48e-01	6.59e-02	7.50e-03	3.22e-04	2.04e-05	0.00e+00	0.00e+00
 6.52752e+22	1.43e-12	2.75e-09	1.19e-05	4.24e-03	1.26e-01	4.67e-01	3.36e-01	6.03e-02	6.55e-03	2.71e-04	1.67e-05	0.00e+00	0.00e+00
 6.78402e+22	2.20e-12	3.67e-09	1.49e-05	4.93e-03	1.37e-01	4.77e-01	3.21e-01	5.40e-02	5.57e-03	2.19e-04	1.30e-05	0.00e+00	0.00e+00
 7.03258e+22	3.16e-12	4.89e-09	1.85e-05	5.71e-03	1.49e-01	4.87e-01	3.06e-01	4.82e-02	4.73e-03	1.78e-04	1.02e-05	0.00e+00	0.00e+00
 7.23164e+22	4.16e-12	6.02e-09	2.17e-05	6.36e-03	1.57e-01	4.93e-01	2.95e-01	4.43e-02	4.18e-03	1.52e-04	8.50e-06	0.00e+00	0.00e+00
 7.43765e+22	5.60e-12	7.38e-09	2.53e-05	7.05e-03	1.66e-01	4.98e-01	2.84e-01	4.07e-02	3.70e-03	1.30e-04	7.11e-06	0.00e+00	0.00e+00
 7.70547e+22	8.41e-12	9.48e-09	3.06e-05	8.01e-03	1.78e-01	5.04e-01	2.70e-01	3.66e-02	3.18e-03	1.08e-04	5.69e-06	0.00e+00	0.00e+00
 8.00554e+22	1.25e-11	1.24e-08	3.75e-05	9.16e-03	1.90e-01	5.09e-01	2.56e-01	3.25e-02	2.69e-03	8.71e-05	4.46e-06	0.00e+00	0.00e+00
 8.27774e+22	1.72e-11	1.58e-08	4.51e-05	1.03e-02	2.02e-01	5.13e-01	2.43e-01	2.91e-02	2.30e-03	7.18e-05	3.56e-06	0.00e+00	0.00e+00
 8.51956e+22	2.25e-11	1.93e-08	5.23e-05	1.14e-02	2.12e-01	5.15e-01	2.32e-01	2.66e-02	2.03e-03	6.13e-05	2.96e-06	0.00e+00	0.00e+00
 8.79168e+22	3.11e-11	2.39e-08	6.13e-05	1.26e-02	2.23e-01	5.17e-01	2.21e-01	2.41e-02	1.77e-03	5.16e-05	2.43e-06	0.00e+00	0.00e+00
 9.13057e+22	4.50e-11	3.04e-08	7.35e-05	1.42e-02	2.36e-01	5.18e-01	2.08e-01	2.14e-02	1.50e-03	4.23e-05	1.93e-06	0.00e+00	0.00e+00
 9.48614e+22	6.46e-11	3.93e-08	8.90e-05	1.61e-02	2.51e-01	5.18e-01	1.95e-01	1.89e-02	1.26e-03	3.42e-05	1.51e-06	0.00e+00	0.00e+00
 9.80680e+22	8.69e-11	4.89e-08	1.05e-04	1.78e-02	2.63e-01	5.17e-01	1.84e-01	1.69e-02	1.09e-03	2.84e-05	1.22e-06	0.00e+00	0.00e+00
 1.01522e+23	1.17e-10	6.04e-08	1.23e-04	1.97e-02	2.75e-01	5.15e-01	1.74e-01	1.52e-02	9.39e-04	2.38e-05	9.94e-07	0.00e+00	0.00e+00
 1.05605e+23	1.69e-10	7.67e-08	1.46e-04	2.20e-02	2.89e-01	5.12e-01	1.63e-01	1.34e-02	7.93e-04	1.93e-05	7.85e-07	0.00e+00	0.00e+00
 1.09796e+23	2.37e-10	9.77e-08	1.75e-04	2.46e-02	3.03e-01	5.08e-01	1.52e-01	1.18e-02	6.67e-04	1.57e-05	6.17e-07	0.00e+00	0.00e+00
 1.13859e+23	3.17e-10	1.22e-07	2.06e-04	2.72e-02	3.16e-01	5.03e-01	1.42e-01	1.04e-02	5.69e-04	1.30e-05	4.94e-07	0.00e+00	0.00e+00
 1.18243e+23	4.38e-10	1.50e-07	2.40e-04	2.99e-02	3.29e-01	4.98e-01	1.33e-01	9.28e-03	4.87e-04	1.07e-05	3.98e-07	0.00e+00	0.00e+00
 1.23096e+23	6.08e-10	1.89e-07	2.84e-04	3.31e-02	3.43e-01	4.92e-01	1.24e-01	8.15e-03	4.10e-04	8.75e-06	3.15e-07	0.00e+00	0.00e+00
 1.28143e+23	8.34e-10	2.36e-07	3.34e-04	3.66e-02	3.56e-01	4.85e-01	1.15e-01	7.17e-03	3.47e-04	7.17e-06	2.50e-07	0.00e+00	0.00e+00
 1.33392e+23	1.14e-09	2.93e-07	3.91e-04	4.02e-02	3.69e-01	4.77e-01	1.07e-01	6.32e-03	2.95e-04	5.90e-06	2.00e-07	0.00e+00	0.00e+00
 1.38851e+23	1.54e-09	3.61e-07	4.55e-04	4.40e-02	3.81e-01	4.69e-01	9.94e-02	5.58e-03	2.51e-04	4.87e-06	1.60e-07	0.00e+00	0.00e+00
 1.44529e+23	2.06e-09	4.43e-07	5.27e-04	4.79e-02	3.93e-01	4.61e-01	9.25e-02	4.93e-03	2.14e-04	4.04e-06	1.29e-07	0.00e+00	0.00e+00
 1.50434e+23	2.73e-09	5.39e-07	6.08e-04	5.21e-02	4.04e-01	4.52e-01	8.61e-02	4.37e-03	1.84e-04	3.37e-06	0.00e+00	0.00e+00	0.00e+00
 1.56574e+23	3.60e-09	6.52e-07	6.97e-04	5.64e-02	4.15e-01	4.44e-01	8.02e-02	3.88e-03	1.58e-04	2.83e-06	0.00e+00	0.00e+00	0.00e+00
 1.62961e+23	4.68e-09	7.79e-07	7.93e-04	6.07e-02	4.25e-01	4.35e-01	7.49e-02	3.47e-03	1.37e-04	2.39e-06	0.00e+00	0.00e+00	0.00e+00
 1.69603e+23	6.01e-09	9.31e-07	9.00e-04	6.53e-02	4.35e-01	4.26e-01	6.99e-02	3.10e-03	1.19e-04	2.02e-06	0.00e+00	0.00e+00	0.00e+00
 1.76510e+23	7.58e-09	1.10e-06	1.01e-03	6.98e-02	4.43e-01	4.17e-01	6.55e-02	2.78e-03	1.04e-04	1.73e-06	0.00e+00	0.00e+00	0.00e+00
 1.83694e+23	9.55e-09	1.29e-06	1.14e-03	7.44e-02	4.51e-01	4.09e-01	6.14e-02	2.51e-03	9.13e-05	1.49e-06	0.00e+00	0.00e+00	0.00e+00
 1.91165e+23	1.19e-08	1.50e-06	1.26e-03	7.89e-02	4.59e-01	4.01e-01	5.78e-02	2.27e-03	8.08e-05	1.29e-06	0.00e+00	0.00e+00	0.00e+00
 1.98935e+23	1.45e-08	1.73e-06	1.40e-03	8.35e-02	4.66e-01	3.93e-01	5.44e-02	2.07e-03	7.18e-05	1.13e-06	0.00e+00	0.00e+00	0.00e+00
 2.07016e+23	1.76e-08	1.98e-06	1.54e-03	8.80e-02	4.72e-01	3.85e-01	5.14e-02	1.89e-03	6.43e-05	9.94e-07	0.00e+00	0.00e+00	0.00e+00
 2.15420e+23	2.12e-08	2.25e-06	1.68e-03	9.24e-02	4.77e-01	3.78e-01	4.87e-02	1.73e-03	5.79e-05	8.82e-07	0.00e+00	0.00e+00	0.00e+00
 2.23993e+23	2.54e-08	2.51e-06	1.82e-03	9.63e-02	4.82e-01	3.72e-01	4.65e-02	1.61e-03	5.30e-05	7.96e-07	0.00e+00	0.00e+00	0.00e+00
 2.32142e+23	2.90e-08	2.80e-06	1.96e-03	1.00e-01	4.86e-01	3.65e-01	4.44e-02	1.50e-03	4.85e-05	7.19e-07	0.00e+00	0.00e+00	0.00e+00
 2.39476e+23	3.37e-08	3.08e-06	2.10e-03	1.04e-01	4.90e-01	3.60e-01	4.26e-02	1.41e-03	4.49e-05	6.58e-07	0.00e+00	0.00e+00	0.00e+00
 2.46077e+23	3.72e-08	3.30e-06	2.20e-03	1.07e-01	4.93e-01	3.56e-01	4.13e-02	1.34e-03	4.23e-05	6.16e-07	0.00e+00	0.00e+00	0.00e+00
 2.52017e+23	4.06e-08	3.51e-06	2.30e-03	1.09e-01	4.95e-01	3.52e-01	4.03e-02	1.29e-03	4.03e-05	5.82e-07	0.00e+00	0.00e+00	0.00e+00
 2.57364e+23	4.32e-08	3.69e-06	2.38e-03	1.11e-01	4.97e-01	3.49e-01	3.94e-02	1.25e-03	3.87e-05	5.56e-07	0.00e+00	0.00e+00	0.00e+00
 2.62175e+23	4.57e-08	3.85e-06	2.45e-03	1.13e-01	4.98e-01	3.47e-01	3.87e-02	1.21e-03	3.73e-05	5.34e-07	0.00e+00	0.00e+00	0.00e+00
 2.66506e+23	4.78e-08	3.98e-06	2.51e-03	1.14e-01	4.99e-01	3.45e-01	3.81e-02	1.18e-03	3.64e-05	5.18e-07	0.00e+00	0.00e+00	0.00e+00
 2.70404e+23	4.96e-08	4.10e-06	2.56e-03	1.15e-01	5.00e-01	3.43e-01	3.76e-02	1.16e-03	3.55e-05	5.05e-07	0.00e+00	0.00e+00	0.00e+00
 2.73911e+23	5.13e-08	4.20e-06	2.60e-03	1.16e-01	5.01e-01	3.42e-01	3.72e-02	1.14e-03	3.48e-05	4.94e-07	0.00e+00	0.00e+00	0.00e+00
 2.77100e+23	5.25e-08	4.28e-06	2.64e-03	1.17e-01	5.02e-01	3.40e-01	3.70e-02	1.13e-03	3.44e-05	4.86e-07	0.00e+00	0.00e+00	0.00e+00
 2.80155e+23	5.31e-08	4.33e-06	2.66e-03	1.18e-01	5.02e-01	3.40e-01	3.68e-02	1.12e-03	3.41e-05	4.82e-07	0.00e+00	0.00e+00	0.00e+00
 2.83210e+23	5.41e-08	4.40e-06	2.68e-03	1.18e-01	5.02e-01	3.39e-01	3.65e-02	1.11e-03	3.37e-05	4.75e-07	0.00e+00	0.00e+00	0.00e+00
 2.86265e+23	5.48e-08	4.45e-06	2.71e-03	1.19e-01	5.03e-01	3.38e-01	3.64e-02	1.10e-03	3.34e-05	4.71e-07	0.00e+00	0.00e+00	0.00e+00
 2.89320e+23	5.57e-08	4.51e-06	2.73e-03	1.19e-01	5.03e-01	3.37e-01	3.62e-02	1.09e-03	3.31e-05	4.66e-07	0.00e+00	0.00e+00	0.00e+00
 2.92375e+23	5.63e-08	4.55e-06	2.75e-03	1.20e-01	5.03e-01	3.37e-01	3.60e-02	1.09e-03	3.29e-05	4.63e-07	0.00e+00	0.00e+00	0.00e+00
 2.95429e+23	5.68e-08	4.59e-06	2.77e-03	1.20e-01	5.04e-01	3.37e-01	3.59e-02	1.08e-03	3.27e-05	4.60e-07	0.00e+00	0.00e+00	0.00e+00
 2.98484e+23	5.72e-08	4.63e-06	2.78e-03	1.20e-01	5.04e-01	3.36e-01	3.58e-02	1.08e-03	3.26e-05	4.58e-07	0.00e+00	0.00e+00	0.00e+00
 3.01539e+23	5.77e-08	4.67e-06	2.80e-03	1.21e-01	5.04e-01	3.36e-01	3.57e-02	1.07e-03	3.24e-05	4.55e-07	0.00e+00	0.00e+00	0.00e+00
 3.04274e+23	5.83e-08	4.71e-06	2.81e-03	1.21e-01	5.04e-01	3.35e-01	3.56e-02	1.07e-03	3.22e-05	4.52e-07	0.00e+00	0.00e+00	0.00e+00
