#depth	Ar	Ar+	Ar+2	Ar+3	Ar+4	Ar+5	Ar+6	Ar+7	Ar+8	Ar+9	Ar+10	Ar+11	Ar+12	Ar+13	Ar+14	Ar+15	Ar+16	Ar+17	Ar+18
 6.17135e+19	0.00e+00	0.00e+00	1.94e-24	4.51e-21	6.17e-18	2.74e-15	5.34e-13	5.28e-11	8.42e-08	1.54e-05	7.26e-04	9.91e-03	7.78e-02	1.94e-01	2.10e-01	1.78e-01	2.98e-01	3.08e-02	1.03e-03
 1.87609e+20	0.00e+00	3.32e-30	8.21e-24	1.67e-20	2.00e-17	7.73e-15	1.29e-12	1.09e-10	1.61e-07	2.80e-05	1.21e-03	1.49e-02	1.05e-01	2.31e-01	2.20e-01	1.63e-01	2.42e-01	2.18e-02	6.43e-04
 2.83882e+20	0.00e+00	1.01e-29	2.35e-23	4.35e-20	4.73e-17	1.65e-14	2.46e-12	1.86e-10	2.56e-07	4.25e-05	1.72e-03	1.97e-02	1.28e-01	2.58e-01	2.23e-01	1.50e-01	2.03e-01	1.66e-02	4.42e-04
 3.32018e+20	0.00e+00	1.72e-29	3.88e-23	6.89e-20	7.16e-17	2.38e-14	3.36e-12	2.40e-10	3.18e-07	5.18e-05	2.03e-03	2.24e-02	1.40e-01	2.70e-01	2.23e-01	1.43e-01	1.85e-01	1.44e-02	3.66e-04
 3.58442e+20	0.00e+00	2.29e-29	5.09e-23	8.81e-20	8.95e-17	2.89e-14	3.97e-12	2.75e-10	3.57e-07	5.75e-05	2.21e-03	2.39e-02	1.46e-01	2.76e-01	2.22e-01	1.39e-01	1.76e-01	1.33e-02	3.30e-04
 3.82313e+20	0.00e+00	2.97e-29	6.50e-23	1.10e-19	1.09e-16	3.46e-14	4.62e-12	3.12e-10	3.96e-07	6.32e-05	2.39e-03	2.54e-02	1.53e-01	2.82e-01	2.22e-01	1.35e-01	1.68e-01	1.24e-02	3.00e-04
 4.13344e+20	0.00e+00	4.09e-29	8.78e-23	1.45e-19	1.40e-16	4.31e-14	5.57e-12	3.64e-10	4.51e-07	7.09e-05	2.63e-03	2.73e-02	1.60e-01	2.88e-01	2.21e-01	1.31e-01	1.58e-01	1.14e-02	2.67e-04
 4.53684e+20	0.00e+00	6.18e-29	1.29e-22	2.07e-19	1.93e-16	5.72e-14	7.10e-12	4.45e-10	5.32e-07	8.21e-05	2.97e-03	3.00e-02	1.70e-01	2.96e-01	2.19e-01	1.25e-01	1.46e-01	1.01e-02	2.28e-04
 4.96666e+20	0.00e+00	9.49e-29	1.94e-22	3.00e-19	2.70e-16	7.69e-14	9.14e-12	5.48e-10	6.32e-07	9.55e-05	3.36e-03	3.30e-02	1.81e-01	3.04e-01	2.16e-01	1.19e-01	1.34e-01	8.90e-03	1.93e-04
 5.34110e+20	0.00e+00	1.37e-28	2.73e-22	4.10e-19	3.59e-16	9.89e-14	1.13e-11	6.55e-10	7.31e-07	1.09e-04	3.73e-03	3.56e-02	1.90e-01	3.10e-01	2.13e-01	1.14e-01	1.25e-01	7.98e-03	1.67e-04
 5.73817e+20	0.00e+00	1.99e-28	3.89e-22	5.67e-19	4.81e-16	1.28e-13	1.42e-11	7.87e-10	8.49e-07	1.24e-04	4.14e-03	3.86e-02	2.00e-01	3.16e-01	2.10e-01	1.08e-01	1.15e-01	7.11e-03	1.44e-04
 6.18613e+20	0.00e+00	3.02e-28	5.74e-22	8.10e-19	6.65e-16	1.71e-13	1.81e-11	9.64e-10	1.00e-06	1.43e-04	4.64e-03	4.20e-02	2.11e-01	3.22e-01	2.06e-01	1.03e-01	1.05e-01	6.24e-03	1.21e-04
 6.61105e+20	0.00e+00	4.42e-28	8.22e-22	1.13e-18	8.96e-16	2.23e-13	2.27e-11	1.16e-09	1.17e-06	1.63e-04	5.15e-03	4.54e-02	2.21e-01	3.26e-01	2.02e-01	9.72e-02	9.67e-02	5.52e-03	1.03e-04
 7.01153e+20	0.00e+00	6.28e-28	1.14e-21	1.52e-18	1.18e-15	2.84e-13	2.80e-11	1.38e-09	1.34e-06	1.83e-04	5.67e-03	4.86e-02	2.31e-01	3.30e-01	1.98e-01	9.24e-02	8.93e-02	4.92e-03	8.91e-05
 7.40599e+20	0.00e+00	8.81e-28	1.57e-21	2.04e-18	1.53e-15	3.59e-13	3.42e-11	1.64e-09	1.53e-06	2.05e-04	6.20e-03	5.19e-02	2.40e-01	3.33e-01	1.94e-01	8.78e-02	8.25e-02	4.40e-03	7.70e-05
 7.79067e+20	0.00e+00	1.22e-27	2.12e-21	2.69e-18	1.97e-15	4.50e-13	4.15e-11	1.92e-09	1.74e-06	2.29e-04	6.75e-03	5.52e-02	2.49e-01	3.36e-01	1.89e-01	8.35e-02	7.64e-02	3.95e-03	6.69e-05
 8.22604e+20	0.00e+00	1.73e-27	2.95e-21	3.64e-18	2.60e-15	5.76e-13	5.13e-11	2.29e-09	2.01e-06	2.57e-04	7.40e-03	5.90e-02	2.58e-01	3.38e-01	1.85e-01	7.89e-02	7.00e-02	3.49e-03	5.72e-05
 8.69950e+20	0.00e+00	2.53e-27	4.19e-21	5.03e-18	3.49e-15	7.48e-13	6.42e-11	2.76e-09	2.33e-06	2.92e-04	8.15e-03	6.32e-02	2.69e-01	3.40e-01	1.79e-01	7.41e-02	6.38e-02	3.06e-03	4.83e-05
 9.12446e+20	0.00e+00	3.51e-27	5.69e-21	6.68e-18	4.52e-15	9.42e-13	7.83e-11	3.26e-09	2.66e-06	3.25e-04	8.87e-03	6.71e-02	2.77e-01	3.41e-01	1.74e-01	7.01e-02	5.86e-02	2.72e-03	4.16e-05
 9.57890e+20	0.00e+00	4.95e-27	7.84e-21	8.98e-18	5.92e-15	1.20e-12	9.63e-11	3.87e-09	3.05e-06	3.64e-04	9.67e-03	7.13e-02	2.87e-01	3.41e-01	1.69e-01	6.60e-02	5.36e-02	2.40e-03	3.55e-05
 1.00850e+21	0.00e+00	7.20e-27	1.11e-20	1.24e-17	7.93e-15	1.55e-12	1.20e-10	4.67e-09	3.54e-06	4.11e-04	1.06e-02	7.61e-02	2.97e-01	3.41e-01	1.63e-01	6.16e-02	4.85e-02	2.10e-03	2.98e-05
 1.05563e+21	0.00e+00	1.01e-26	1.52e-20	1.65e-17	1.03e-14	1.97e-12	1.48e-10	5.54e-09	4.05e-06	4.59e-04	1.15e-02	8.06e-02	3.05e-01	3.40e-01	1.58e-01	5.79e-02	4.43e-02	1.85e-03	2.54e-05
 1.09996e+21	0.00e+00	1.38e-26	2.03e-20	2.16e-17	1.32e-14	2.45e-12	1.78e-10	6.48e-09	4.58e-06	5.08e-04	1.25e-02	8.50e-02	3.13e-01	3.39e-01	1.53e-01	5.45e-02	4.07e-02	1.64e-03	2.18e-05
 1.15087e+21	0.00e+00	1.95e-26	2.80e-20	2.91e-17	1.73e-14	3.13e-12	2.20e-10	7.73e-09	5.27e-06	5.69e-04	1.36e-02	9.00e-02	3.22e-01	3.38e-01	1.47e-01	5.09e-02	3.69e-02	1.44e-03	1.84e-05
 1.20787e+21	0.00e+00	2.86e-26	3.99e-20	4.04e-17	2.33e-14	4.08e-12	2.77e-10	9.37e-09	6.14e-06	6.42e-04	1.48e-02	9.57e-02	3.32e-01	3.35e-01	1.41e-01	4.72e-02	3.31e-02	1.24e-03	1.53e-05
 1.25786e+21	0.00e+00	3.96e-26	5.39e-20	5.33e-17	3.01e-14	5.13e-12	3.37e-10	1.11e-08	6.99e-06	7.13e-04	1.60e-02	1.01e-01	3.40e-01	3.33e-01	1.35e-01	4.41e-02	3.01e-02	1.09e-03	1.30e-05
 1.29969e+21	0.00e+00	5.17e-26	6.89e-20	6.70e-17	3.71e-14	6.18e-12	3.96e-10	1.27e-08	7.78e-06	7.76e-04	1.71e-02	1.05e-01	3.46e-01	3.30e-01	1.31e-01	4.17e-02	2.78e-02	9.79e-04	1.14e-05
 1.34586e+21	0.00e+00	6.89e-26	8.99e-20	8.57e-17	4.65e-14	7.56e-12	4.72e-10	1.47e-08	8.73e-06	8.50e-04	1.83e-02	1.10e-01	3.52e-01	3.27e-01	1.26e-01	3.92e-02	2.55e-02	8.72e-04	9.83e-06
 1.40588e+21	0.00e+00	9.92e-26	1.26e-19	1.17e-16	6.18e-14	9.76e-12	5.89e-10	1.76e-08	1.01e-05	9.55e-04	1.99e-02	1.16e-01	3.60e-01	3.23e-01	1.20e-01	3.62e-02	2.29e-02	7.52e-04	8.15e-06
 1.46804e+21	0.00e+00	1.43e-25	1.77e-19	1.60e-16	8.25e-14	1.26e-11	7.36e-10	2.13e-08	1.17e-05	1.07e-03	2.16e-02	1.22e-01	3.68e-01	3.18e-01	1.14e-01	3.33e-02	2.04e-02	6.45e-04	6.73e-06
 1.51974e+21	0.00e+00	1.94e-25	2.34e-19	2.08e-16	1.05e-13	1.56e-11	8.85e-10	2.48e-08	1.32e-05	1.18e-03	2.32e-02	1.28e-01	3.74e-01	3.14e-01	1.09e-01	3.11e-02	1.86e-02	5.68e-04	5.74e-06
 1.57372e+21	0.00e+00	2.62e-25	3.09e-19	2.69e-16	1.32e-13	1.93e-11	1.06e-09	2.90e-08	1.49e-05	1.30e-03	2.48e-02	1.33e-01	3.80e-01	3.09e-01	1.04e-01	2.90e-02	1.69e-02	5.01e-04	4.90e-06
 1.64391e+21	0.00e+00	3.86e-25	4.40e-19	3.74e-16	1.79e-13	2.53e-11	1.34e-09	3.53e-08	1.74e-05	1.46e-03	2.70e-02	1.41e-01	3.87e-01	3.03e-01	9.84e-02	2.65e-02	1.49e-02	4.24e-04	3.99e-06
 1.71611e+21	0.00e+00	5.69e-25	6.29e-19	5.20e-16	2.42e-13	3.32e-11	1.70e-09	4.30e-08	2.04e-05	1.65e-03	2.94e-02	1.48e-01	3.94e-01	2.97e-01	9.26e-02	2.41e-02	1.32e-02	3.59e-04	3.24e-06
 1.77551e+21	0.00e+00	7.77e-25	8.37e-19	6.78e-16	3.09e-13	4.13e-11	2.05e-09	5.04e-08	2.31e-05	1.81e-03	3.14e-02	1.55e-01	3.99e-01	2.91e-01	8.80e-02	2.23e-02	1.19e-02	3.13e-04	2.73e-06
 1.83730e+21	0.00e+00	1.06e-24	1.12e-18	8.86e-16	3.94e-13	5.14e-11	2.48e-09	5.91e-08	2.62e-05	2.00e-03	3.37e-02	1.61e-01	4.03e-01	2.85e-01	8.35e-02	2.06e-02	1.07e-02	2.73e-04	2.30e-06
 1.90512e+21	0.00e+00	1.49e-24	1.52e-18	1.18e-15	5.14e-13	6.51e-11	3.04e-09	7.02e-08	3.00e-05	2.21e-03	3.62e-02	1.68e-01	4.08e-01	2.78e-01	7.88e-02	1.89e-02	9.54e-03	2.35e-04	1.91e-06
 1.96706e+21	0.00e+00	2.02e-24	2.01e-18	1.53e-15	6.50e-13	8.04e-11	3.65e-09	8.19e-08	3.38e-05	2.43e-03	3.86e-02	1.74e-01	4.11e-01	2.72e-01	7.48e-02	1.75e-02	8.61e-03	2.05e-04	1.61e-06
 2.03388e+21	0.00e+00	2.78e-24	2.69e-18	2.00e-15	8.32e-13	1.00e-10	4.42e-09	9.63e-08	3.84e-05	2.67e-03	4.12e-02	1.81e-01	4.15e-01	2.66e-01	7.06e-02	1.61e-02	7.71e-03	1.77e-04	1.35e-06
 2.10862e+21	0.00e+00	3.94e-24	3.70e-18	2.69e-15	1.09e-12	1.28e-10	5.45e-09	1.15e-07	4.41e-05	2.97e-03	4.43e-02	1.89e-01	4.18e-01	2.58e-01	6.62e-02	1.47e-02	6.83e-03	1.51e-04	1.11e-06
 2.17903e+21	0.00e+00	5.43e-24	4.96e-18	3.53e-15	1.40e-12	1.60e-10	6.60e-09	1.35e-07	5.01e-05	3.27e-03	4.73e-02	1.96e-01	4.20e-01	2.51e-01	6.24e-02	1.34e-02	6.10e-03	1.31e-04	9.25e-07
 2.25595e+21	0.00e+00	7.64e-24	6.78e-18	4.71e-15	1.82e-12	2.02e-10	8.10e-09	1.60e-07	5.74e-05	3.61e-03	5.06e-02	2.04e-01	4.22e-01	2.44e-01	5.84e-02	1.22e-02	5.41e-03	1.11e-04	7.61e-07
 2.34148e+21	0.00e+00	1.11e-23	9.51e-18	6.45e-15	2.43e-12	2.62e-10	1.01e-08	1.93e-07	6.64e-05	4.03e-03	5.45e-02	2.12e-01	4.24e-01	2.35e-01	5.43e-02	1.10e-02	4.73e-03	9.37e-05	6.15e-07
 2.42162e+21	0.00e+00	1.56e-23	1.30e-17	8.59e-15	3.15e-12	3.31e-10	1.24e-08	2.29e-07	7.59e-05	4.45e-03	5.82e-02	2.20e-01	4.25e-01	2.28e-01	5.07e-02	1.00e-02	4.18e-03	7.98e-05	5.05e-07
 2.50925e+21	1.30e-30	2.23e-23	1.80e-17	1.17e-14	4.16e-12	4.24e-10	1.53e-08	2.75e-07	8.74e-05	4.95e-03	6.25e-02	2.28e-01	4.26e-01	2.19e-01	4.71e-02	9.03e-03	3.66e-03	6.72e-05	4.09e-07
 2.60767e+21	2.00e-30	3.32e-23	2.59e-17	1.63e-14	5.65e-12	5.57e-10	1.94e-08	3.35e-07	1.02e-04	5.55e-03	6.74e-02	2.37e-01	4.25e-01	2.10e-01	4.33e-02	8.04e-03	3.16e-03	5.56e-05	3.24e-07
 2.69536e+21	2.91e-30	4.69e-23	3.54e-17	2.18e-14	7.36e-12	7.05e-10	2.38e-08	3.98e-07	1.17e-04	6.13e-03	7.19e-02	2.45e-01	4.25e-01	2.02e-01	4.02e-02	7.26e-03	2.78e-03	4.70e-05	2.64e-07
 2.77075e+21	3.99e-30	6.27e-23	4.61e-17	2.78e-14	9.20e-12	8.60e-10	2.82e-08	4.59e-07	1.31e-04	6.65e-03	7.58e-02	2.51e-01	4.24e-01	1.96e-01	3.78e-02	6.66e-03	2.49e-03	4.08e-05	2.22e-07
 2.85495e+21	5.64e-30	8.61e-23	6.15e-17	3.63e-14	1.17e-11	1.07e-09	3.41e-08	5.38e-07	1.48e-04	7.28e-03	8.04e-02	2.58e-01	4.22e-01	1.88e-01	3.52e-02	6.04e-03	2.20e-03	3.49e-05	1.83e-07
 2.96441e+21	8.73e-30	1.28e-22	8.84e-17	5.07e-14	1.59e-11	1.40e-09	4.30e-08	6.53e-07	1.72e-04	8.14e-03	8.63e-02	2.67e-01	4.19e-01	1.79e-01	3.22e-02	5.35e-03	1.89e-03	2.87e-05	1.44e-07
 3.07536e+21	1.35e-29	1.92e-22	1.27e-16	7.10e-14	2.16e-11	1.84e-09	5.45e-08	7.97e-07	2.01e-04	9.10e-03	9.27e-02	2.76e-01	4.16e-01	1.70e-01	2.93e-02	4.72e-03	1.62e-03	2.34e-05	0.00e+00
 3.16315e+21	1.90e-29	2.61e-22	1.68e-16	9.19e-14	2.74e-11	2.27e-09	6.52e-08	9.27e-07	2.26e-04	9.91e-03	9.78e-02	2.83e-01	4.13e-01	1.64e-01	2.72e-02	4.28e-03	1.43e-03	2.00e-05	0.00e+00
 3.25214e+21	2.65e-29	3.54e-22	2.22e-16	1.19e-13	3.45e-11	2.80e-09	7.79e-08	1.08e-06	2.53e-04	1.08e-02	1.03e-01	2.90e-01	4.09e-01	1.57e-01	2.53e-02	3.88e-03	1.27e-03	1.71e-05	0.00e+00
 3.36783e+21	4.04e-29	5.22e-22	3.15e-16	1.64e-13	4.63e-11	3.63e-09	9.74e-08	1.30e-06	2.93e-04	1.20e-02	1.10e-01	2.98e-01	4.04e-01	1.49e-01	2.30e-02	3.42e-03	1.09e-03	1.41e-05	0.00e+00
 3.48826e+21	6.23e-29	7.75e-22	4.51e-16	2.28e-13	6.27e-11	4.75e-09	1.23e-07	1.58e-06	3.41e-04	1.33e-02	1.18e-01	3.06e-01	3.98e-01	1.40e-01	2.08e-02	3.00e-03	9.21e-04	1.14e-05	0.00e+00
 3.58833e+21	8.86e-29	1.07e-21	6.02e-16	2.98e-13	8.00e-11	5.91e-09	1.48e-07	1.84e-06	3.84e-04	1.45e-02	1.24e-01	3.12e-01	3.93e-01	1.34e-01	1.91e-02	2.69e-03	8.06e-04	9.64e-06	0.00e+00
 3.69191e+21	1.26e-28	1.48e-21	8.07e-16	3.91e-13	1.02e-10	7.35e-09	1.79e-07	2.16e-06	4.34e-04	1.58e-02	1.30e-01	3.18e-01	3.87e-01	1.27e-01	1.76e-02	2.41e-03	7.04e-04	8.11e-06	0.00e+00
 3.82656e+21	1.98e-28	2.22e-21	1.17e-15	5.50e-13	1.39e-10	9.67e-09	2.26e-07	2.63e-06	5.05e-04	1.76e-02	1.39e-01	3.26e-01	3.79e-01	1.19e-01	1.58e-02	2.09e-03	5.93e-04	6.53e-06	0.00e+00
 3.96483e+21	3.11e-28	3.36e-21	1.70e-15	7.77e-13	1.91e-10	1.28e-08	2.88e-07	3.22e-06	5.90e-04	1.96e-02	1.48e-01	3.33e-01	3.71e-01	1.11e-01	1.40e-02	1.81e-03	4.95e-04	5.19e-06	0.00e+00
 4.07701e+21	4.45e-28	4.66e-21	2.27e-15	1.02e-12	2.45e-10	1.60e-08	3.47e-07	3.77e-06	6.65e-04	2.14e-02	1.56e-01	3.39e-01	3.64e-01	1.05e-01	1.28e-02	1.61e-03	4.28e-04	4.32e-06	0.00e+00
 4.19205e+21	6.37e-28	6.45e-21	3.05e-15	1.34e-12	3.14e-10	1.99e-08	4.20e-07	4.41e-06	7.51e-04	2.32e-02	1.64e-01	3.44e-01	3.56e-01	9.89e-02	1.17e-02	1.43e-03	3.71e-04	3.60e-06	0.00e+00
 4.34162e+21	1.00e-27	9.74e-21	4.42e-15	1.89e-12	4.29e-10	2.63e-08	5.33e-07	5.38e-06	8.74e-04	2.58e-02	1.74e-01	3.50e-01	3.46e-01	9.16e-02	1.03e-02	1.22e-03	3.08e-04	2.85e-06	0.00e+00
 4.48583e+21	1.54e-27	1.44e-20	6.28e-15	2.61e-12	5.77e-10	3.43e-08	6.67e-07	6.50e-06	1.01e-03	2.85e-02	1.84e-01	3.55e-01	3.36e-01	8.50e-02	9.18e-03	1.06e-03	2.57e-04	2.27e-06	0.00e+00
 4.59058e+21	2.08e-27	1.90e-20	8.05e-15	3.28e-12	7.12e-10	4.13e-08	7.83e-07	7.43e-06	1.12e-03	3.06e-02	1.91e-01	3.58e-01	3.29e-01	8.06e-02	8.44e-03	9.50e-04	2.26e-04	1.93e-06	0.00e+00
 4.69425e+21	2.80e-27	2.47e-20	1.02e-14	4.10e-12	8.72e-10	4.95e-08	9.14e-07	8.46e-06	1.23e-03	3.27e-02	1.98e-01	3.61e-01	3.22e-01	7.63e-02	7.76e-03	8.56e-04	1.99e-04	1.65e-06	0.00e+00
 4.82902e+21	4.06e-27	3.47e-20	1.39e-14	5.44e-12	1.13e-09	6.22e-08	1.11e-06	9.95e-06	1.39e-03	3.55e-02	2.07e-01	3.65e-01	3.12e-01	7.12e-02	6.97e-03	7.49e-04	1.70e-04	1.35e-06	0.00e+00
 4.97339e+21	6.02e-27	4.96e-20	1.91e-14	7.33e-12	1.48e-09	7.94e-08	1.37e-06	1.19e-05	1.59e-03	3.88e-02	2.17e-01	3.68e-01	3.02e-01	6.59e-02	6.18e-03	6.47e-04	1.42e-04	1.08e-06	0.00e+00
 5.09900e+21	8.40e-27	6.71e-20	2.50e-14	9.43e-12	1.87e-09	9.76e-08	1.63e-06	1.38e-05	1.78e-03	4.19e-02	2.26e-01	3.70e-01	2.93e-01	6.16e-02	5.58e-03	5.72e-04	1.22e-04	8.94e-07	0.00e+00
 5.23105e+21	1.18e-26	9.13e-20	3.29e-14	1.22e-11	2.36e-09	1.20e-07	1.95e-06	1.60e-05	1.99e-03	4.51e-02	2.35e-01	3.72e-01	2.84e-01	5.75e-02	5.03e-03	5.03e-04	1.05e-04	7.38e-07	0.00e+00
 5.40271e+21	1.82e-26	1.35e-19	4.67e-14	1.69e-11	3.20e-09	1.58e-07	2.46e-06	1.94e-05	2.30e-03	4.96e-02	2.46e-01	3.73e-01	2.72e-01	5.23e-02	4.37e-03	4.24e-04	8.53e-05	5.71e-07	0.00e+00
 5.57489e+21	2.78e-26	1.98e-19	6.57e-14	2.33e-11	4.29e-09	2.05e-07	3.08e-06	2.35e-05	2.65e-03	5.45e-02	2.58e-01	3.74e-01	2.60e-01	4.76e-02	3.80e-03	3.59e-04	6.96e-05	4.44e-07	0.00e+00
 5.71060e+21	3.84e-26	2.65e-19	8.53e-14	2.98e-11	5.38e-09	2.51e-07	3.67e-06	2.71e-05	2.96e-03	5.85e-02	2.67e-01	3.74e-01	2.50e-01	4.42e-02	3.40e-03	3.14e-04	5.94e-05	3.64e-07	0.00e+00
 5.84990e+21	5.31e-26	3.55e-19	1.11e-13	3.80e-11	6.75e-09	3.08e-07	4.36e-06	3.14e-05	3.29e-03	6.27e-02	2.76e-01	3.73e-01	2.41e-01	4.09e-02	3.04e-03	2.75e-04	5.06e-05	2.98e-07	0.00e+00
 6.03099e+21	8.00e-26	5.13e-19	1.53e-13	5.18e-11	8.98e-09	3.98e-07	5.43e-06	3.78e-05	3.78e-03	6.85e-02	2.87e-01	3.72e-01	2.29e-01	3.70e-02	2.63e-03	2.31e-04	4.10e-05	2.30e-07	0.00e+00
 6.22104e+21	1.22e-25	7.47e-19	2.14e-13	7.10e-11	1.21e-08	5.18e-07	6.81e-06	4.58e-05	4.35e-03	7.49e-02	2.99e-01	3.70e-01	2.16e-01	3.33e-02	2.25e-03	1.93e-04	3.30e-05	1.76e-07	0.00e+00
 6.38177e+21	1.72e-25	1.02e-18	2.82e-13	9.21e-11	1.54e-08	6.45e-07	8.21e-06	5.37e-05	4.89e-03	8.06e-02	3.08e-01	3.68e-01	2.06e-01	3.04e-02	1.98e-03	1.65e-04	2.74e-05	1.40e-07	0.00e+00
 6.54975e+21	2.43e-25	1.39e-18	3.71e-13	1.20e-10	1.96e-08	8.05e-07	9.93e-06	6.31e-05	5.50e-03	8.68e-02	3.18e-01	3.65e-01	1.96e-01	2.76e-02	1.73e-03	1.41e-04	2.27e-05	0.00e+00	0.00e+00
 6.76812e+21	3.76e-25	2.05e-18	5.23e-13	1.67e-10	2.67e-08	1.06e-06	1.26e-05	7.74e-05	6.38e-03	9.52e-02	3.30e-01	3.60e-01	1.83e-01	2.44e-02	1.45e-03	1.15e-04	1.77e-05	0.00e+00	0.00e+00
 6.98889e+21	5.77e-25	3.02e-18	7.34e-13	2.30e-10	3.62e-08	1.40e-06	1.60e-05	9.46e-05	7.39e-03	1.04e-01	3.41e-01	3.54e-01	1.70e-01	2.15e-02	1.21e-03	9.34e-05	1.38e-05	0.00e+00	0.00e+00
 7.16478e+21	8.03e-25	4.05e-18	9.50e-13	2.96e-10	4.59e-08	1.74e-06	1.92e-05	1.11e-04	8.27e-03	1.11e-01	3.50e-01	3.49e-01	1.60e-01	1.94e-02	1.05e-03	7.92e-05	1.14e-05	0.00e+00	0.00e+00
 7.31653e+21	1.06e-24	5.18e-18	1.18e-12	3.65e-10	5.59e-08	2.08e-06	2.24e-05	1.27e-04	9.11e-03	1.18e-01	3.57e-01	3.44e-01	1.52e-01	1.77e-02	9.30e-04	6.88e-05	9.61e-06	0.00e+00	0.00e+00
 7.48486e+21	1.43e-24	6.74e-18	1.48e-12	4.57e-10	6.92e-08	2.53e-06	2.65e-05	1.46e-04	1.01e-02	1.26e-01	3.65e-01	3.39e-01	1.44e-01	1.61e-02	8.12e-04	5.89e-05	7.98e-06	0.00e+00	0.00e+00
 7.70369e+21	2.07e-24	9.40e-18	1.98e-12	6.06e-10	9.06e-08	3.23e-06	3.27e-05	1.75e-04	1.15e-02	1.35e-01	3.74e-01	3.31e-01	1.33e-01	1.41e-02	6.81e-04	4.82e-05	6.28e-06	0.00e+00	0.00e+00
 7.92803e+21	3.01e-24	1.31e-17	2.64e-12	8.03e-10	1.19e-07	4.13e-06	4.04e-05	2.11e-04	1.31e-02	1.46e-01	3.82e-01	3.22e-01	1.23e-01	1.24e-02	5.68e-04	3.92e-05	4.91e-06	0.00e+00	0.00e+00
 8.11083e+21	4.03e-24	1.69e-17	3.31e-12	1.00e-09	1.47e-07	5.03e-06	4.78e-05	2.44e-04	1.46e-02	1.55e-01	3.88e-01	3.15e-01	1.15e-01	1.11e-02	4.91e-04	3.32e-05	4.03e-06	0.00e+00	0.00e+00
 8.29980e+21	5.40e-24	2.19e-17	4.13e-12	1.25e-09	1.81e-07	6.11e-06	5.65e-05	2.83e-04	1.61e-02	1.64e-01	3.94e-01	3.07e-01	1.08e-01	9.92e-03	4.22e-04	2.80e-05	3.29e-06	0.00e+00	0.00e+00
 8.54546e+21	7.79e-24	3.02e-17	5.45e-12	1.65e-09	2.37e-07	7.81e-06	6.98e-05	3.41e-04	1.84e-02	1.77e-01	4.00e-01	2.97e-01	9.82e-02	8.58e-03	3.48e-04	2.25e-05	2.53e-06	0.00e+00	0.00e+00
 8.79337e+21	1.12e-23	4.15e-17	7.15e-12	2.17e-09	3.08e-07	9.95e-06	8.59e-05	4.10e-04	2.09e-02	1.90e-01	4.06e-01	2.86e-01	8.95e-02	7.40e-03	2.86e-04	1.80e-05	1.95e-06	0.00e+00	0.00e+00
 8.98941e+21	1.47e-23	5.28e-17	8.80e-12	2.67e-09	3.77e-07	1.20e-05	1.01e-04	4.72e-04	2.30e-02	2.00e-01	4.09e-01	2.77e-01	8.30e-02	6.58e-03	2.45e-04	1.51e-05	1.59e-06	0.00e+00	0.00e+00
 9.18947e+21	1.93e-23	6.69e-17	1.08e-11	3.28e-09	4.59e-07	1.44e-05	1.18e-04	5.42e-04	2.53e-02	2.10e-01	4.12e-01	2.69e-01	7.70e-02	5.85e-03	2.10e-04	1.27e-05	1.29e-06	0.00e+00	0.00e+00
 9.44956e+21	2.71e-23	9.01e-17	1.39e-11	4.24e-09	5.89e-07	1.81e-05	1.43e-04	6.45e-04	2.86e-02	2.24e-01	4.15e-01	2.57e-01	6.97e-02	5.02e-03	1.72e-04	1.02e-05	9.92e-07	0.00e+00	0.00e+00
 9.72034e+21	3.84e-23	1.22e-16	1.79e-11	5.49e-09	7.57e-07	2.28e-05	1.74e-04	7.70e-04	3.22e-02	2.38e-01	4.16e-01	2.45e-01	6.27e-02	4.28e-03	1.40e-04	8.08e-06	7.55e-07	0.00e+00	0.00e+00
 9.94688e+21	5.08e-23	1.56e-16	2.21e-11	6.78e-09	9.28e-07	2.75e-05	2.04e-04	8.89e-04	3.55e-02	2.50e-01	4.17e-01	2.35e-01	5.75e-02	3.75e-03	1.18e-04	6.68e-06	6.03e-07	0.00e+00	0.00e+00
 1.01832e+22	6.75e-23	1.99e-16	2.72e-11	8.38e-09	1.14e-06	3.31e-05	2.39e-04	1.03e-03	3.91e-02	2.62e-01	4.17e-01	2.25e-01	5.25e-02	3.27e-03	9.90e-05	5.49e-06	4.80e-07	0.00e+00	0.00e+00
 1.04904e+22	9.64e-23	2.71e-16	3.54e-11	1.09e-08	1.47e-06	4.19e-05	2.92e-04	1.23e-03	4.40e-02	2.77e-01	4.15e-01	2.12e-01	4.66e-02	2.75e-03	7.92e-05	4.28e-06	3.58e-07	0.00e+00	0.00e+00
 1.08064e+22	1.38e-22	3.70e-16	4.60e-11	1.43e-08	1.90e-06	5.30e-05	3.56e-04	1.47e-03	4.95e-02	2.93e-01	4.12e-01	2.00e-01	4.12e-02	2.29e-03	6.30e-05	3.32e-06	2.66e-07	0.00e+00	0.00e+00
 1.10662e+22	1.84e-22	4.75e-16	5.67e-11	1.76e-08	2.32e-06	6.38e-05	4.15e-04	1.69e-03	5.43e-02	3.06e-01	4.09e-01	1.90e-01	3.73e-02	1.98e-03	5.24e-05	2.70e-06	2.09e-07	0.00e+00	0.00e+00
 1.13365e+22	2.46e-22	6.10e-16	7.01e-11	2.18e-08	2.85e-06	7.67e-05	4.84e-04	1.94e-03	5.95e-02	3.18e-01	4.05e-01	1.79e-01	3.36e-02	1.71e-03	4.35e-05	2.20e-06	1.64e-07	0.00e+00	0.00e+00
 1.16185e+22	3.31e-22	7.90e-16	8.70e-11	2.71e-08	3.50e-06	9.25e-05	5.66e-04	2.23e-03	6.51e-02	3.31e-01	4.00e-01	1.69e-01	3.01e-02	1.46e-03	3.58e-05	1.77e-06	1.28e-07	0.00e+00	0.00e+00
 1.18549e+22	4.23e-22	9.76e-16	1.04e-10	3.24e-08	4.14e-06	1.08e-04	6.42e-04	2.51e-03	7.01e-02	3.41e-01	3.96e-01	1.61e-01	2.75e-02	1.28e-03	3.05e-05	1.48e-06	0.00e+00	0.00e+00	0.00e+00
 1.21015e+22	5.43e-22	1.21e-15	1.25e-10	3.88e-08	4.90e-06	1.26e-04	7.28e-04	2.81e-03	7.54e-02	3.51e-01	3.91e-01	1.53e-01	2.51e-02	1.13e-03	2.59e-05	1.24e-06	0.00e+00	0.00e+00	0.00e+00
 1.24220e+22	7.45e-22	1.59e-15	1.57e-10	4.88e-08	6.07e-06	1.52e-04	8.51e-04	3.24e-03	8.25e-02	3.64e-01	3.83e-01	1.43e-01	2.22e-02	9.52e-04	2.11e-05	9.81e-07	0.00e+00	0.00e+00	0.00e+00
 1.27518e+22	1.03e-21	2.10e-15	1.98e-10	6.15e-08	7.52e-06	1.84e-04	9.96e-04	3.73e-03	9.01e-02	3.76e-01	3.75e-01	1.33e-01	1.97e-02	8.01e-04	1.70e-05	7.75e-07	0.00e+00	0.00e+00	0.00e+00
 1.30197e+22	1.33e-21	2.61e-15	2.38e-10	7.37e-08	8.92e-06	2.15e-04	1.13e-03	4.18e-03	9.67e-02	3.85e-01	3.68e-01	1.26e-01	1.78e-02	6.96e-04	1.43e-05	6.39e-07	0.00e+00	0.00e+00	0.00e+00
 1.32941e+22	1.72e-21	3.27e-15	2.88e-10	8.86e-08	1.05e-05	2.49e-04	1.27e-03	4.65e-03	1.03e-01	3.94e-01	3.61e-01	1.19e-01	1.61e-02	6.08e-04	1.22e-05	5.32e-07	0.00e+00	0.00e+00	0.00e+00
 1.36508e+22	2.38e-21	4.35e-15	3.66e-10	1.12e-07	1.30e-05	3.00e-04	1.47e-03	5.33e-03	1.12e-01	4.05e-01	3.51e-01	1.10e-01	1.41e-02	5.09e-04	9.81e-06	4.19e-07	0.00e+00	0.00e+00	0.00e+00
 1.40176e+22	3.32e-21	5.80e-15	4.67e-10	1.41e-07	1.61e-05	3.61e-04	1.71e-03	6.09e-03	1.21e-01	4.15e-01	3.41e-01	1.02e-01	1.24e-02	4.25e-04	7.88e-06	3.29e-07	0.00e+00	0.00e+00	0.00e+00
 1.43176e+22	4.33e-21	7.29e-15	5.67e-10	1.70e-07	1.91e-05	4.19e-04	1.92e-03	6.79e-03	1.29e-01	4.23e-01	3.32e-01	9.52e-02	1.11e-02	3.66e-04	6.58e-06	2.69e-07	0.00e+00	0.00e+00	0.00e+00
 1.46278e+22	5.69e-21	9.24e-15	6.92e-10	2.05e-07	2.25e-05	4.85e-04	2.15e-03	7.51e-03	1.37e-01	4.30e-01	3.23e-01	8.92e-02	9.97e-03	3.17e-04	5.54e-06	2.22e-07	0.00e+00	0.00e+00	0.00e+00
 1.50310e+22	8.02e-21	1.24e-14	8.91e-10	2.60e-07	2.79e-05	5.83e-04	2.49e-03	8.55e-03	1.48e-01	4.38e-01	3.12e-01	8.18e-02	8.67e-03	2.63e-04	4.42e-06	1.73e-07	0.00e+00	0.00e+00	0.00e+00
 1.54480e+22	1.14e-20	1.69e-14	1.15e-09	3.32e-07	3.45e-05	7.02e-04	2.87e-03	9.73e-03	1.59e-01	4.45e-01	3.00e-01	7.48e-02	7.50e-03	2.17e-04	3.51e-06	1.34e-07	0.00e+00	0.00e+00	0.00e+00
 1.57930e+22	1.52e-20	2.16e-14	1.42e-09	4.04e-07	4.10e-05	8.14e-04	3.22e-03	1.08e-02	1.69e-01	4.50e-01	2.90e-01	6.94e-02	6.65e-03	1.85e-04	2.90e-06	0.00e+00	0.00e+00	0.00e+00	0.00e+00
 1.61515e+22	2.03e-20	2.79e-14	1.76e-09	4.92e-07	4.87e-05	9.43e-04	3.60e-03	1.19e-02	1.79e-01	4.54e-01	2.80e-01	6.44e-02	5.91e-03	1.58e-04	2.41e-06	0.00e+00	0.00e+00	0.00e+00	0.00e+00
 1.66176e+22	2.93e-20	3.84e-14	2.31e-09	6.32e-07	6.05e-05	1.13e-03	4.15e-03	1.35e-02	1.91e-01	4.59e-01	2.67e-01	5.83e-02	5.07e-03	1.29e-04	1.90e-06	0.00e+00	0.00e+00	0.00e+00	0.00e+00
 1.71023e+22	4.29e-20	5.34e-14	3.07e-09	8.17e-07	7.55e-05	1.37e-03	4.77e-03	1.53e-02	2.05e-01	4.63e-01	2.54e-01	5.26e-02	4.32e-03	1.05e-04	1.48e-06	0.00e+00	0.00e+00	0.00e+00	0.00e+00
 1.75080e+22	5.85e-20	7.01e-14	3.86e-09	1.01e-06	9.03e-05	1.59e-03	5.34e-03	1.69e-02	2.16e-01	4.65e-01	2.43e-01	4.83e-02	3.78e-03	8.83e-05	1.21e-06	0.00e+00	0.00e+00	0.00e+00	0.00e+00
 1.79324e+22	8.02e-20	9.23e-14	4.88e-09	1.24e-06	1.08e-04	1.85e-03	5.98e-03	1.87e-02	2.27e-01	4.66e-01	2.33e-01	4.42e-02	3.31e-03	7.42e-05	9.89e-07	0.00e+00	0.00e+00	0.00e+00	0.00e+00
 1.84840e+22	1.20e-19	1.31e-13	6.57e-09	1.62e-06	1.35e-04	2.23e-03	6.87e-03	2.11e-02	2.42e-01	4.66e-01	2.19e-01	3.95e-02	2.78e-03	5.95e-05	7.63e-07	0.00e+00	0.00e+00	0.00e+00	0.00e+00
 1.90016e+22	1.75e-19	1.82e-13	8.68e-09	2.08e-06	1.67e-04	2.65e-03	7.80e-03	2.36e-02	2.56e-01	4.65e-01	2.07e-01	3.54e-02	2.36e-03	4.82e-05	5.96e-07	0.00e+00	0.00e+00	0.00e+00	0.00e+00
 1.93558e+22	2.24e-19	2.26e-13	1.05e-08	2.46e-06	1.92e-04	2.97e-03	8.47e-03	2.53e-02	2.65e-01	4.64e-01	1.99e-01	3.29e-02	2.12e-03	4.20e-05	5.08e-07	0.00e+00	0.00e+00	0.00e+00	0.00e+00
 1.96972e+22	2.84e-19	2.78e-13	1.25e-08	2.86e-06	2.18e-04	3.30e-03	9.15e-03	2.70e-02	2.74e-01	4.62e-01	1.92e-01	3.07e-02	1.91e-03	3.69e-05	4.37e-07	0.00e+00	0.00e+00	0.00e+00	0.00e+00
 2.01410e+22	3.83e-19	3.61e-13	1.56e-08	3.49e-06	2.57e-04	3.77e-03	1.01e-02	2.94e-02	2.85e-01	4.60e-01	1.82e-01	2.81e-02	1.68e-03	3.12e-05	3.59e-07	0.00e+00	0.00e+00	0.00e+00	0.00e+00
 2.06419e+22	5.35e-19	4.83e-13	2.00e-08	4.33e-06	3.08e-04	4.37e-03	1.12e-02	3.21e-02	2.97e-01	4.56e-01	1.72e-01	2.54e-02	1.45e-03	2.59e-05	2.89e-07	0.00e+00	0.00e+00	0.00e+00	0.00e+00
 2.11127e+22	7.29e-19	6.32e-13	2.52e-08	5.30e-06	3.63e-04	4.99e-03	1.23e-02	3.49e-02	3.08e-01	4.52e-01	1.63e-01	2.31e-02	1.26e-03	2.18e-05	2.37e-07	0.00e+00	0.00e+00	0.00e+00	0.00e+00
 2.15483e+22	9.64e-19	8.07e-13	3.10e-08	6.35e-06	4.21e-04	5.63e-03	1.34e-02	3.75e-02	3.18e-01	4.47e-01	1.55e-01	2.12e-02	1.11e-03	1.86e-05	1.97e-07	0.00e+00	0.00e+00	0.00e+00	0.00e+00
 2.20424e+22	1.31e-18	1.06e-12	3.90e-08	7.74e-06	4.96e-04	6.41e-03	1.47e-02	4.05e-02	3.29e-01	4.42e-01	1.47e-01	1.92e-02	9.66e-04	1.57e-05	1.61e-07	0.00e+00	0.00e+00	0.00e+00	0.00e+00
 2.26848e+22	1.94e-18	1.48e-12	5.21e-08	9.94e-06	6.08e-04	7.54e-03	1.64e-02	4.45e-02	3.42e-01	4.34e-01	1.36e-01	1.70e-02	8.08e-04	1.26e-05	1.25e-07	0.00e+00	0.00e+00	0.00e+00	0.00e+00
 2.33332e+22	2.86e-18	2.09e-12	6.98e-08	1.28e-05	7.45e-04	8.85e-03	1.83e-02	4.88e-02	3.55e-01	4.26e-01	1.26e-01	1.50e-02	6.74e-04	1.01e-05	0.00e+00	0.00e+00	0.00e+00	0.00e+00	0.00e+00
 2.38454e+22	3.87e-18	2.72e-12	8.73e-08	1.55e-05	8.69e-04	1.00e-02	1.99e-02	5.23e-02	3.65e-01	4.18e-01	1.19e-01	1.36e-02	5.86e-04	8.47e-06	0.00e+00	0.00e+00	0.00e+00	0.00e+00	0.00e+00
 2.43672e+22	5.20e-18	3.52e-12	1.09e-07	1.87e-05	1.01e-03	1.13e-02	2.16e-02	5.59e-02	3.74e-01	4.11e-01	1.12e-01	1.23e-02	5.10e-04	7.15e-06	0.00e+00	0.00e+00	0.00e+00	0.00e+00	0.00e+00
 2.50455e+22	7.55e-18	4.87e-12	1.44e-07	2.36e-05	1.22e-03	1.30e-02	2.39e-02	6.07e-02	3.86e-01	4.00e-01	1.04e-01	1.08e-02	4.28e-04	5.76e-06	0.00e+00	0.00e+00	0.00e+00	0.00e+00	0.00e+00
 2.57673e+22	1.12e-17	6.87e-12	1.93e-07	3.03e-05	1.49e-03	1.52e-02	2.64e-02	6.59e-02	3.97e-01	3.89e-01	9.54e-02	9.48e-03	3.54e-04	4.59e-06	0.00e+00	0.00e+00	0.00e+00	0.00e+00	0.00e+00
 2.63933e+22	1.56e-17	9.20e-12	2.47e-07	3.73e-05	1.76e-03	1.73e-02	2.88e-02	7.06e-02	4.06e-01	3.79e-01	8.86e-02	8.44e-03	3.01e-04	3.77e-06	0.00e+00	0.00e+00	0.00e+00	0.00e+00	0.00e+00
 2.70549e+22	2.18e-17	1.23e-11	3.17e-07	4.60e-05	2.07e-03	1.96e-02	3.13e-02	7.54e-02	4.14e-01	3.68e-01	8.22e-02	7.50e-03	2.56e-04	3.10e-06	0.00e+00	0.00e+00	0.00e+00	0.00e+00	0.00e+00
 2.79150e+22	3.33e-17	1.78e-11	4.34e-07	5.97e-05	2.55e-03	2.30e-02	3.46e-02	8.17e-02	4.23e-01	3.54e-01	7.46e-02	6.44e-03	2.08e-04	2.42e-06	0.00e+00	0.00e+00	0.00e+00	0.00e+00	0.00e+00
 2.88090e+22	5.14e-17	2.60e-11	6.00e-07	7.82e-05	3.15e-03	2.69e-02	3.83e-02	8.84e-02	4.31e-01	3.39e-01	6.72e-02	5.49e-03	1.67e-04	1.86e-06	0.00e+00	0.00e+00	0.00e+00	0.00e+00	0.00e+00
 2.95568e+22	7.31e-17	3.54e-11	7.79e-07	9.71e-05	3.73e-03	3.06e-02	4.15e-02	9.42e-02	4.37e-01	3.26e-01	6.15e-02	4.80e-03	1.39e-04	1.50e-06	0.00e+00	0.00e+00	0.00e+00	0.00e+00	0.00e+00
 3.03389e+22	1.03e-16	4.78e-11	1.01e-06	1.20e-04	4.41e-03	3.46e-02	4.49e-02	9.98e-02	4.42e-01	3.13e-01	5.64e-02	4.21e-03	1.16e-04	1.22e-06	0.00e+00	0.00e+00	0.00e+00	0.00e+00	0.00e+00
 3.13556e+22	1.60e-16	6.99e-11	1.39e-06	1.57e-04	5.41e-03	4.03e-02	4.93e-02	1.07e-01	4.47e-01	2.97e-01	5.03e-02	3.55e-03	9.27e-05	9.33e-07	0.00e+00	0.00e+00	0.00e+00	0.00e+00	0.00e+00
 3.24325e+22	2.52e-16	1.04e-10	1.95e-06	2.06e-04	6.70e-03	4.71e-02	5.42e-02	1.15e-01	4.50e-01	2.80e-01	4.44e-02	2.96e-03	7.26e-05	7.01e-07	0.00e+00	0.00e+00	0.00e+00	0.00e+00	0.00e+00
 3.32587e+22	3.54e-16	1.40e-10	2.50e-06	2.53e-04	7.84e-03	5.28e-02	5.80e-02	1.20e-01	4.51e-01	2.67e-01	4.04e-02	2.57e-03	6.04e-05	5.66e-07	0.00e+00	0.00e+00	0.00e+00	0.00e+00	0.00e+00
 3.38792e+22	4.51e-16	1.72e-10	2.99e-06	2.93e-04	8.76e-03	5.72e-02	6.07e-02	1.25e-01	4.51e-01	2.57e-01	3.77e-02	2.32e-03	5.28e-05	4.85e-07	0.00e+00	0.00e+00	0.00e+00	0.00e+00	0.00e+00
 3.45617e+22	5.86e-16	2.16e-10	3.63e-06	3.43e-04	9.88e-03	6.23e-02	6.38e-02	1.29e-01	4.50e-01	2.47e-01	3.49e-02	2.08e-03	4.56e-05	4.09e-07	0.00e+00	0.00e+00	0.00e+00	0.00e+00	0.00e+00
 3.54490e+22	8.08e-16	2.86e-10	4.59e-06	4.15e-04	1.14e-02	6.91e-02	6.77e-02	1.34e-01	4.49e-01	2.35e-01	3.17e-02	1.81e-03	3.80e-05	3.32e-07	0.00e+00	0.00e+00	0.00e+00	0.00e+00	0.00e+00
 3.66025e+22	1.21e-15	4.06e-10	6.18e-06	5.27e-04	1.37e-02	7.85e-02	7.27e-02	1.41e-01	4.45e-01	2.19e-01	2.79e-02	1.51e-03	3.01e-05	2.53e-07	0.00e+00	0.00e+00	0.00e+00	0.00e+00	0.00e+00
 3.77785e+22	1.83e-15	5.79e-10	8.33e-06	6.70e-04	1.64e-02	8.91e-02	7.78e-02	1.47e-01	4.39e-01	2.03e-01	2.44e-02	1.25e-03	2.36e-05	1.92e-07	0.00e+00	0.00e+00	0.00e+00	0.00e+00	0.00e+00
 3.86879e+22	2.48e-15	7.53e-10	1.04e-05	8.00e-04	1.87e-02	9.75e-02	8.17e-02	1.52e-01	4.34e-01	1.92e-01	2.20e-02	1.09e-03	1.96e-05	1.56e-07	0.00e+00	0.00e+00	0.00e+00	0.00e+00	0.00e+00
 3.95740e+22	3.27e-15	9.58e-10	1.27e-05	9.41e-04	2.11e-02	1.06e-01	8.52e-02	1.56e-01	4.28e-01	1.82e-01	2.00e-02	9.50e-04	1.65e-05	1.28e-07	0.00e+00	0.00e+00	0.00e+00	0.00e+00	0.00e+00
 4.07260e+22	4.62e-15	1.29e-09	1.63e-05	1.15e-03	2.44e-02	1.17e-01	8.95e-02	1.60e-01	4.20e-01	1.69e-01	1.77e-02	8.03e-04	1.33e-05	0.00e+00	0.00e+00	0.00e+00	0.00e+00	0.00e+00	0.00e+00
 4.19740e+22	6.68e-15	1.77e-09	2.13e-05	1.41e-03	2.85e-02	1.29e-01	9.41e-02	1.65e-01	4.10e-01	1.56e-01	1.55e-02	6.66e-04	1.05e-05	0.00e+00	0.00e+00	0.00e+00	0.00e+00	0.00e+00	0.00e+00
 4.30795e+22	9.20e-15	2.33e-09	2.67e-05	1.70e-03	3.26e-02	1.41e-01	9.79e-02	1.69e-01	4.00e-01	1.44e-01	1.37e-02	5.64e-04	8.53e-06	0.00e+00	0.00e+00	0.00e+00	0.00e+00	0.00e+00	0.00e+00
 4.42492e+22	1.25e-14	3.04e-09	3.33e-05	2.02e-03	3.69e-02	1.53e-01	1.01e-01	1.71e-01	3.89e-01	1.34e-01	1.21e-02	4.78e-04	6.95e-06	0.00e+00	0.00e+00	0.00e+00	0.00e+00	0.00e+00	0.00e+00
 4.57698e+22	1.84e-14	4.22e-09	4.38e-05	2.49e-03	4.30e-02	1.68e-01	1.06e-01	1.74e-01	3.74e-01	1.21e-01	1.03e-02	3.87e-04	5.34e-06	0.00e+00	0.00e+00	0.00e+00	0.00e+00	0.00e+00	0.00e+00
 4.73415e+22	2.74e-14	5.92e-09	5.80e-05	3.10e-03	5.02e-02	1.85e-01	1.09e-01	1.77e-01	3.57e-01	1.09e-01	8.72e-03	3.09e-04	4.03e-06	0.00e+00	0.00e+00	0.00e+00	0.00e+00	0.00e+00	0.00e+00
 4.86252e+22	3.71e-14	7.68e-09	7.19e-05	3.66e-03	5.64e-02	1.99e-01	1.12e-01	1.78e-01	3.44e-01	9.93e-02	7.62e-03	2.58e-04	3.23e-06	0.00e+00	0.00e+00	0.00e+00	0.00e+00	0.00e+00	0.00e+00
 4.99396e+22	4.97e-14	9.84e-09	8.81e-05	4.28e-03	6.30e-02	2.12e-01	1.15e-01	1.78e-01	3.30e-01	9.09e-02	6.66e-03	2.16e-04	2.60e-06	0.00e+00	0.00e+00	0.00e+00	0.00e+00	0.00e+00	0.00e+00
 5.16484e+22	7.09e-14	1.33e-08	1.13e-04	5.18e-03	7.17e-02	2.29e-01	1.17e-01	1.78e-01	3.12e-01	8.11e-02	5.62e-03	1.73e-04	1.98e-06	0.00e+00	0.00e+00	0.00e+00	0.00e+00	0.00e+00	0.00e+00
 5.34824e+22	1.03e-13	1.83e-08	1.46e-04	6.31e-03	8.21e-02	2.46e-01	1.19e-01	1.77e-01	2.93e-01	7.14e-02	4.66e-03	1.36e-04	1.47e-06	0.00e+00	0.00e+00	0.00e+00	0.00e+00	0.00e+00	0.00e+00
 5.50849e+22	1.42e-13	2.39e-08	1.82e-04	7.43e-03	9.15e-02	2.61e-01	1.20e-01	1.76e-01	2.76e-01	6.38e-02	3.96e-03	1.10e-04	1.14e-06	0.00e+00	0.00e+00	0.00e+00	0.00e+00	0.00e+00	0.00e+00
 5.67742e+22	1.91e-13	3.07e-08	2.23e-04	8.66e-03	1.01e-01	2.75e-01	1.21e-01	1.73e-01	2.60e-01	5.71e-02	3.37e-03	8.95e-05	8.93e-07	0.00e+00	0.00e+00	0.00e+00	0.00e+00	0.00e+00	0.00e+00
 5.89453e+22	2.75e-13	4.17e-08	2.86e-04	1.04e-02	1.14e-01	2.92e-01	1.21e-01	1.70e-01	2.40e-01	4.94e-02	2.75e-03	6.90e-05	6.54e-07	0.00e+00	0.00e+00	0.00e+00	0.00e+00	0.00e+00	0.00e+00
 6.12280e+22	4.02e-13	5.73e-08	3.68e-04	1.26e-02	1.29e-01	3.09e-01	1.20e-01	1.65e-01	2.20e-01	4.23e-02	2.20e-03	5.22e-05	4.69e-07	0.00e+00	0.00e+00	0.00e+00	0.00e+00	0.00e+00	0.00e+00
 6.31976e+22	5.49e-13	7.43e-08	4.53e-04	1.46e-02	1.42e-01	3.22e-01	1.19e-01	1.61e-01	2.03e-01	3.69e-02	1.82e-03	4.12e-05	3.53e-07	0.00e+00	0.00e+00	0.00e+00	0.00e+00	0.00e+00	0.00e+00
 6.52752e+22	7.36e-13	9.48e-08	5.50e-04	1.68e-02	1.54e-01	3.34e-01	1.18e-01	1.56e-01	1.87e-01	3.23e-02	1.52e-03	3.27e-05	2.69e-07	0.00e+00	0.00e+00	0.00e+00	0.00e+00	0.00e+00	0.00e+00
 6.78402e+22	1.04e-12	1.26e-07	6.90e-04	1.98e-02	1.70e-01	3.46e-01	1.15e-01	1.50e-01	1.70e-01	2.74e-02	1.21e-03	2.47e-05	1.94e-07	0.00e+00	0.00e+00	0.00e+00	0.00e+00	0.00e+00	0.00e+00
 7.03258e+22	1.45e-12	1.66e-07	8.59e-04	2.31e-02	1.86e-01	3.57e-01	1.12e-01	1.43e-01	1.53e-01	2.32e-02	9.67e-04	1.87e-05	1.40e-07	0.00e+00	0.00e+00	0.00e+00	0.00e+00	0.00e+00	0.00e+00
 7.23164e+22	1.86e-12	2.04e-07	1.01e-03	2.59e-02	1.99e-01	3.64e-01	1.10e-01	1.38e-01	1.41e-01	2.04e-02	8.15e-04	1.51e-05	0.00e+00	0.00e+00	0.00e+00	0.00e+00	0.00e+00	0.00e+00	0.00e+00
 7.43765e+22	2.35e-12	2.47e-07	1.17e-03	2.88e-02	2.11e-01	3.70e-01	1.07e-01	1.33e-01	1.30e-01	1.80e-02	6.88e-04	1.23e-05	0.00e+00	0.00e+00	0.00e+00	0.00e+00	0.00e+00	0.00e+00	0.00e+00
 7.70547e+22	3.14e-12	3.14e-07	1.41e-03	3.27e-02	2.26e-01	3.76e-01	1.04e-01	1.26e-01	1.18e-01	1.53e-02	5.56e-04	9.46e-06	0.00e+00	0.00e+00	0.00e+00	0.00e+00	0.00e+00	0.00e+00	0.00e+00
 8.00554e+22	4.28e-12	4.04e-07	1.72e-03	3.74e-02	2.43e-01	3.81e-01	9.96e-02	1.19e-01	1.05e-01	1.29e-02	4.40e-04	7.10e-06	0.00e+00	0.00e+00	0.00e+00	0.00e+00	0.00e+00	0.00e+00	0.00e+00
 8.27774e+22	5.66e-12	5.07e-07	2.05e-03	4.22e-02	2.59e-01	3.84e-01	9.56e-02	1.13e-01	9.39e-02	1.09e-02	3.54e-04	5.45e-06	0.00e+00	0.00e+00	0.00e+00	0.00e+00	0.00e+00	0.00e+00	0.00e+00
 8.51956e+22	7.08e-12	6.08e-07	2.35e-03	4.64e-02	2.71e-01	3.85e-01	9.22e-02	1.07e-01	8.57e-02	9.50e-03	2.95e-04	4.38e-06	0.00e+00	0.00e+00	0.00e+00	0.00e+00	0.00e+00	0.00e+00	0.00e+00
 8.79168e+22	8.99e-12	7.38e-07	2.73e-03	5.12e-02	2.85e-01	3.85e-01	8.85e-02	1.02e-01	7.75e-02	8.18e-03	2.43e-04	3.46e-06	0.00e+00	0.00e+00	0.00e+00	0.00e+00	0.00e+00	0.00e+00	0.00e+00
 9.13057e+22	1.18e-11	9.20e-07	3.23e-03	5.72e-02	3.00e-01	3.85e-01	8.42e-02	9.50e-02	6.88e-02	6.87e-03	1.94e-04	2.63e-06	0.00e+00	0.00e+00	0.00e+00	0.00e+00	0.00e+00	0.00e+00	0.00e+00
 9.48614e+22	1.57e-11	1.16e-06	3.84e-03	6.41e-02	3.16e-01	3.82e-01	7.96e-02	8.83e-02	6.05e-02	5.68e-03	1.51e-04	1.96e-06	0.00e+00	0.00e+00	0.00e+00	0.00e+00	0.00e+00	0.00e+00	0.00e+00
 9.80680e+22	2.00e-11	1.41e-06	4.45e-03	7.06e-02	3.29e-01	3.79e-01	7.55e-02	8.27e-02	5.39e-02	4.81e-03	1.22e-04	1.51e-06	0.00e+00	0.00e+00	0.00e+00	0.00e+00	0.00e+00	0.00e+00	0.00e+00
 1.01522e+23	2.52e-11	1.69e-06	5.12e-03	7.72e-02	3.41e-01	3.75e-01	7.17e-02	7.75e-02	4.82e-02	4.09e-03	9.91e-05	1.18e-06	0.00e+00	0.00e+00	0.00e+00	0.00e+00	0.00e+00	0.00e+00	0.00e+00
 1.05605e+23	3.27e-11	2.09e-06	5.99e-03	8.53e-02	3.55e-01	3.69e-01	6.74e-02	7.17e-02	4.23e-02	3.39e-03	7.79e-05	8.87e-07	0.00e+00	0.00e+00	0.00e+00	0.00e+00	0.00e+00	0.00e+00	0.00e+00
 1.09796e+23	4.25e-11	2.57e-06	7.00e-03	9.41e-02	3.68e-01	3.62e-01	6.30e-02	6.61e-02	3.69e-02	2.79e-03	6.09e-05	6.62e-07	0.00e+00	0.00e+00	0.00e+00	0.00e+00	0.00e+00	0.00e+00	0.00e+00
 1.13859e+23	5.38e-11	3.10e-06	8.05e-03	1.03e-01	3.79e-01	3.55e-01	5.92e-02	6.13e-02	3.26e-02	2.33e-03	4.86e-05	5.06e-07	0.00e+00	0.00e+00	0.00e+00	0.00e+00	0.00e+00	0.00e+00	0.00e+00
 1.18243e+23	6.75e-11	3.72e-06	9.21e-03	1.11e-01	3.90e-01	3.47e-01	5.56e-02	5.68e-02	2.87e-02	1.96e-03	3.89e-05	3.89e-07	0.00e+00	0.00e+00	0.00e+00	0.00e+00	0.00e+00	0.00e+00	0.00e+00
 1.23096e+23	8.61e-11	4.51e-06	1.06e-02	1.21e-01	4.00e-01	3.37e-01	5.18e-02	5.22e-02	2.51e-02	1.61e-03	3.05e-05	2.92e-07	0.00e+00	0.00e+00	0.00e+00	0.00e+00	0.00e+00	0.00e+00	0.00e+00
 1.28143e+23	1.09e-10	5.42e-06	1.22e-02	1.32e-01	4.09e-01	3.27e-01	4.82e-02	4.79e-02	2.19e-02	1.34e-03	2.40e-05	2.21e-07	0.00e+00	0.00e+00	0.00e+00	0.00e+00	0.00e+00	0.00e+00	0.00e+00
 1.33392e+23	1.36e-10	6.48e-06	1.39e-02	1.42e-01	4.17e-01	3.17e-01	4.49e-02	4.40e-02	1.91e-02	1.11e-03	1.90e-05	1.68e-07	0.00e+00	0.00e+00	0.00e+00	0.00e+00	0.00e+00	0.00e+00	0.00e+00
 1.38851e+23	1.69e-10	7.69e-06	1.57e-02	1.53e-01	4.24e-01	3.07e-01	4.18e-02	4.05e-02	1.67e-02	9.22e-04	1.51e-05	1.28e-07	0.00e+00	0.00e+00	0.00e+00	0.00e+00	0.00e+00	0.00e+00	0.00e+00
 1.44529e+23	2.09e-10	9.07e-06	1.77e-02	1.64e-01	4.30e-01	2.97e-01	3.89e-02	3.72e-02	1.47e-02	7.69e-04	1.21e-05	0.00e+00	0.00e+00	0.00e+00	0.00e+00	0.00e+00	0.00e+00	0.00e+00	0.00e+00
 1.50434e+23	2.56e-10	1.06e-05	1.99e-02	1.75e-01	4.35e-01	2.86e-01	3.62e-02	3.42e-02	1.29e-02	6.44e-04	9.67e-06	0.00e+00	0.00e+00	0.00e+00	0.00e+00	0.00e+00	0.00e+00	0.00e+00	0.00e+00
 1.56574e+23	3.10e-10	1.24e-05	2.22e-02	1.87e-01	4.38e-01	2.76e-01	3.37e-02	3.15e-02	1.14e-02	5.42e-04	7.81e-06	0.00e+00	0.00e+00	0.00e+00	0.00e+00	0.00e+00	0.00e+00	0.00e+00	0.00e+00
 1.62961e+23	3.72e-10	1.42e-05	2.46e-02	1.98e-01	4.41e-01	2.66e-01	3.15e-02	2.91e-02	1.01e-02	4.59e-04	6.36e-06	0.00e+00	0.00e+00	0.00e+00	0.00e+00	0.00e+00	0.00e+00	0.00e+00	0.00e+00
 1.69603e+23	4.44e-10	1.64e-05	2.72e-02	2.09e-01	4.43e-01	2.56e-01	2.94e-02	2.69e-02	8.93e-03	3.90e-04	5.20e-06	0.00e+00	0.00e+00	0.00e+00	0.00e+00	0.00e+00	0.00e+00	0.00e+00	0.00e+00
 1.76510e+23	5.24e-10	1.86e-05	2.98e-02	2.20e-01	4.44e-01	2.46e-01	2.75e-02	2.49e-02	7.96e-03	3.33e-04	4.29e-06	0.00e+00	0.00e+00	0.00e+00	0.00e+00	0.00e+00	0.00e+00	0.00e+00	0.00e+00
 1.83694e+23	6.13e-10	2.10e-05	3.25e-02	2.30e-01	4.44e-01	2.37e-01	2.58e-02	2.31e-02	7.12e-03	2.87e-04	3.57e-06	0.00e+00	0.00e+00	0.00e+00	0.00e+00	0.00e+00	0.00e+00	0.00e+00	0.00e+00
 1.91165e+23	7.11e-10	2.36e-05	3.53e-02	2.41e-01	4.43e-01	2.28e-01	2.42e-02	2.15e-02	6.40e-03	2.49e-04	3.00e-06	0.00e+00	0.00e+00	0.00e+00	0.00e+00	0.00e+00	0.00e+00	0.00e+00	0.00e+00
 1.98935e+23	8.17e-10	2.63e-05	3.82e-02	2.51e-01	4.42e-01	2.20e-01	2.28e-02	2.00e-02	5.78e-03	2.17e-04	2.54e-06	0.00e+00	0.00e+00	0.00e+00	0.00e+00	0.00e+00	0.00e+00	0.00e+00	0.00e+00
 2.07016e+23	9.32e-10	2.91e-05	4.11e-02	2.60e-01	4.40e-01	2.12e-01	2.15e-02	1.88e-02	5.24e-03	1.90e-04	2.16e-06	0.00e+00	0.00e+00	0.00e+00	0.00e+00	0.00e+00	0.00e+00	0.00e+00	0.00e+00
 2.15420e+23	1.05e-09	3.20e-05	4.40e-02	2.70e-01	4.38e-01	2.05e-01	2.03e-02	1.76e-02	4.78e-03	1.69e-04	1.87e-06	0.00e+00	0.00e+00	0.00e+00	0.00e+00	0.00e+00	0.00e+00	0.00e+00	0.00e+00
 2.23993e+23	1.17e-09	3.47e-05	4.66e-02	2.78e-01	4.36e-01	1.99e-01	1.94e-02	1.67e-02	4.42e-03	1.52e-04	1.64e-06	0.00e+00	0.00e+00	0.00e+00	0.00e+00	0.00e+00	0.00e+00	0.00e+00	0.00e+00
 2.32142e+23	1.29e-09	3.75e-05	4.93e-02	2.86e-01	4.34e-01	1.93e-01	1.85e-02	1.58e-02	4.08e-03	1.37e-04	1.45e-06	0.00e+00	0.00e+00	0.00e+00	0.00e+00	0.00e+00	0.00e+00	0.00e+00	0.00e+00
 2.39476e+23	1.41e-09	4.02e-05	5.18e-02	2.93e-01	4.31e-01	1.87e-01	1.77e-02	1.50e-02	3.81e-03	1.25e-04	1.30e-06	0.00e+00	0.00e+00	0.00e+00	0.00e+00	0.00e+00	0.00e+00	0.00e+00	0.00e+00
 2.46077e+23	1.51e-09	4.23e-05	5.37e-02	2.98e-01	4.29e-01	1.83e-01	1.72e-02	1.45e-02	3.61e-03	1.16e-04	1.19e-06	0.00e+00	0.00e+00	0.00e+00	0.00e+00	0.00e+00	0.00e+00	0.00e+00	0.00e+00
 2.52017e+23	1.59e-09	4.42e-05	5.54e-02	3.03e-01	4.28e-01	1.80e-01	1.67e-02	1.40e-02	3.46e-03	1.10e-04	1.11e-06	0.00e+00	0.00e+00	0.00e+00	0.00e+00	0.00e+00	0.00e+00	0.00e+00	0.00e+00
 2.57364e+23	1.67e-09	4.58e-05	5.69e-02	3.07e-01	4.26e-01	1.77e-01	1.63e-02	1.37e-02	3.33e-03	1.04e-04	1.05e-06	0.00e+00	0.00e+00	0.00e+00	0.00e+00	0.00e+00	0.00e+00	0.00e+00	0.00e+00
 2.62175e+23	1.73e-09	4.72e-05	5.81e-02	3.10e-01	4.24e-01	1.75e-01	1.60e-02	1.34e-02	3.23e-03	1.00e-04	9.97e-07	0.00e+00	0.00e+00	0.00e+00	0.00e+00	0.00e+00	0.00e+00	0.00e+00	0.00e+00
 2.66506e+23	1.79e-09	4.83e-05	5.91e-02	3.13e-01	4.23e-01	1.73e-01	1.57e-02	1.31e-02	3.15e-03	9.71e-05	9.60e-07	0.00e+00	0.00e+00	0.00e+00	0.00e+00	0.00e+00	0.00e+00	0.00e+00	0.00e+00
 2.70404e+23	1.83e-09	4.93e-05	6.00e-02	3.15e-01	4.22e-01	1.71e-01	1.55e-02	1.29e-02	3.08e-03	9.45e-05	9.29e-07	0.00e+00	0.00e+00	0.00e+00	0.00e+00	0.00e+00	0.00e+00	0.00e+00	0.00e+00
 2.73911e+23	1.87e-09	5.01e-05	6.08e-02	3.17e-01	4.21e-01	1.70e-01	1.54e-02	1.28e-02	3.03e-03	9.22e-05	9.03e-07	0.00e+00	0.00e+00	0.00e+00	0.00e+00	0.00e+00	0.00e+00	0.00e+00	0.00e+00
 2.77100e+23	1.90e-09	5.08e-05	6.14e-02	3.18e-01	4.21e-01	1.69e-01	1.52e-02	1.26e-02	2.99e-03	9.07e-05	8.85e-07	0.00e+00	0.00e+00	0.00e+00	0.00e+00	0.00e+00	0.00e+00	0.00e+00	0.00e+00
 2.80155e+23	1.92e-09	5.11e-05	6.17e-02	3.19e-01	4.20e-01	1.68e-01	1.52e-02	1.26e-02	2.97e-03	8.98e-05	8.75e-07	0.00e+00	0.00e+00	0.00e+00	0.00e+00	0.00e+00	0.00e+00	0.00e+00	0.00e+00
 2.83210e+23	1.95e-09	5.17e-05	6.23e-02	3.21e-01	4.19e-01	1.67e-01	1.50e-02	1.25e-02	2.93e-03	8.85e-05	8.60e-07	0.00e+00	0.00e+00	0.00e+00	0.00e+00	0.00e+00	0.00e+00	0.00e+00	0.00e+00
 2.86265e+23	1.97e-09	5.21e-05	6.26e-02	3.22e-01	4.19e-01	1.67e-01	1.50e-02	1.24e-02	2.91e-03	8.76e-05	8.50e-07	0.00e+00	0.00e+00	0.00e+00	0.00e+00	0.00e+00	0.00e+00	0.00e+00	0.00e+00
 2.89320e+23	1.99e-09	5.26e-05	6.31e-02	3.23e-01	4.18e-01	1.66e-01	1.49e-02	1.23e-02	2.88e-03	8.66e-05	8.38e-07	0.00e+00	0.00e+00	0.00e+00	0.00e+00	0.00e+00	0.00e+00	0.00e+00	0.00e+00
 2.92375e+23	2.00e-09	5.29e-05	6.34e-02	3.24e-01	4.18e-01	1.65e-01	1.48e-02	1.23e-02	2.86e-03	8.60e-05	8.31e-07	0.00e+00	0.00e+00	0.00e+00	0.00e+00	0.00e+00	0.00e+00	0.00e+00	0.00e+00
 2.95429e+23	2.02e-09	5.32e-05	6.37e-02	3.24e-01	4.17e-01	1.65e-01	1.47e-02	1.22e-02	2.85e-03	8.53e-05	8.24e-07	0.00e+00	0.00e+00	0.00e+00	0.00e+00	0.00e+00	0.00e+00	0.00e+00	0.00e+00
 2.98484e+23	2.03e-09	5.34e-05	6.40e-02	3.25e-01	4.17e-01	1.64e-01	1.47e-02	1.22e-02	2.83e-03	8.48e-05	8.19e-07	0.00e+00	0.00e+00	0.00e+00	0.00e+00	0.00e+00	0.00e+00	0.00e+00	0.00e+00
 3.01539e+23	2.04e-09	5.37e-05	6.43e-02	3.26e-01	4.16e-01	1.64e-01	1.46e-02	1.21e-02	2.82e-03	8.42e-05	8.12e-07	0.00e+00	0.00e+00	0.00e+00	0.00e+00	0.00e+00	0.00e+00	0.00e+00	0.00e+00
 3.04274e+23	2.06e-09	5.40e-05	6.46e-02	3.27e-01	4.16e-01	1.63e-01	1.46e-02	1.21e-02	2.80e-03	8.36e-05	8.05e-07	0.00e+00	0.00e+00	0.00e+00	0.00e+00	0.00e+00	0.00e+00	0.00e+00	0.00e+00
