#depth	N	N+	N+2	N+3	N+4	N+5	N+6	N+7
 6.17135e+19	2.52e-27	1.07e-20	1.23e-15	1.29e-11	2.78e-08	2.81e-04	4.02e-02	9.59e-01
 1.87609e+20	7.27e-27	2.65e-20	2.59e-15	2.32e-11	4.21e-08	3.68e-04	4.59e-02	9.54e-01
 2.83882e+20	1.59e-26	5.17e-20	4.52e-15	3.59e-11	5.75e-08	4.50e-04	5.05e-02	9.49e-01
 3.32018e+20	2.33e-26	7.15e-20	5.93e-15	4.45e-11	6.69e-08	4.96e-04	5.30e-02	9.47e-01
 3.58442e+20	2.85e-26	8.51e-20	6.86e-15	4.99e-11	7.26e-08	5.23e-04	5.43e-02	9.45e-01
 3.82313e+20	3.44e-26	1.00e-19	7.84e-15	5.55e-11	7.83e-08	5.49e-04	5.56e-02	9.44e-01
 4.13344e+20	4.32e-26	1.21e-19	9.22e-15	6.31e-11	8.58e-08	5.82e-04	5.72e-02	9.42e-01
 4.53684e+20	5.81e-26	1.56e-19	1.14e-14	7.47e-11	9.67e-08	6.29e-04	5.94e-02	9.40e-01
 4.96666e+20	7.91e-26	2.04e-19	1.42e-14	8.90e-11	1.10e-07	6.82e-04	6.18e-02	9.38e-01
 5.34110e+20	1.03e-25	2.55e-19	1.72e-14	1.03e-10	1.22e-07	7.31e-04	6.38e-02	9.35e-01
 5.73817e+20	1.35e-25	3.22e-19	2.09e-14	1.21e-10	1.36e-07	7.86e-04	6.61e-02	9.33e-01
 6.18613e+20	1.82e-25	4.16e-19	2.59e-14	1.44e-10	1.54e-07	8.51e-04	6.86e-02	9.31e-01
 6.61105e+20	2.40e-25	5.27e-19	3.16e-14	1.68e-10	1.73e-07	9.16e-04	7.11e-02	9.28e-01
 7.01153e+20	3.09e-25	6.56e-19	3.79e-14	1.95e-10	1.92e-07	9.80e-04	7.34e-02	9.26e-01
 7.40599e+20	3.95e-25	8.09e-19	4.53e-14	2.24e-10	2.13e-07	1.05e-03	7.58e-02	9.23e-01
 7.79067e+20	4.99e-25	9.88e-19	5.36e-14	2.57e-10	2.34e-07	1.11e-03	7.80e-02	9.21e-01
 8.22604e+20	6.45e-25	1.23e-18	6.46e-14	2.98e-10	2.61e-07	1.19e-03	8.07e-02	9.18e-01
 8.69950e+20	8.48e-25	1.56e-18	7.87e-14	3.50e-10	2.93e-07	1.29e-03	8.35e-02	9.15e-01
 9.12446e+20	1.08e-24	1.92e-18	9.37e-14	4.02e-10	3.24e-07	1.37e-03	8.62e-02	9.12e-01
 9.57890e+20	1.38e-24	2.37e-18	1.12e-13	4.65e-10	3.60e-07	1.47e-03	8.90e-02	9.10e-01
 1.00850e+21	1.81e-24	3.00e-18	1.37e-13	5.46e-10	4.04e-07	1.58e-03	9.21e-02	9.06e-01
 1.05563e+21	2.32e-24	3.71e-18	1.64e-13	6.31e-10	4.48e-07	1.69e-03	9.51e-02	9.03e-01
 1.09996e+21	2.91e-24	4.50e-18	1.93e-13	7.20e-10	4.94e-07	1.80e-03	9.79e-02	9.00e-01
 1.15087e+21	3.74e-24	5.60e-18	2.32e-13	8.36e-10	5.50e-07	1.93e-03	1.01e-01	8.97e-01
 1.20787e+21	4.93e-24	7.11e-18	2.84e-13	9.84e-10	6.19e-07	2.09e-03	1.05e-01	8.93e-01
 1.25786e+21	6.24e-24	8.71e-18	3.38e-13	1.13e-09	6.86e-07	2.23e-03	1.08e-01	8.90e-01
 1.29969e+21	7.58e-24	1.03e-17	3.89e-13	1.27e-09	7.45e-07	2.35e-03	1.11e-01	8.87e-01
 1.34586e+21	9.33e-24	1.23e-17	4.53e-13	1.44e-09	8.15e-07	2.49e-03	1.14e-01	8.84e-01
 1.40588e+21	1.22e-23	1.55e-17	5.50e-13	1.68e-09	9.14e-07	2.68e-03	1.18e-01	8.79e-01
 1.46804e+21	1.59e-23	1.95e-17	6.69e-13	1.97e-09	1.03e-06	2.89e-03	1.22e-01	8.75e-01
 1.51974e+21	1.98e-23	2.36e-17	7.86e-13	2.25e-09	1.13e-06	3.07e-03	1.26e-01	8.71e-01
 1.57372e+21	2.46e-23	2.84e-17	9.21e-13	2.55e-09	1.24e-06	3.26e-03	1.29e-01	8.68e-01
 1.64391e+21	3.25e-23	3.62e-17	1.13e-12	3.02e-09	1.40e-06	3.53e-03	1.34e-01	8.63e-01
 1.71611e+21	4.29e-23	4.61e-17	1.39e-12	3.56e-09	1.58e-06	3.81e-03	1.39e-01	8.58e-01
 1.77551e+21	5.37e-23	5.59e-17	1.64e-12	4.07e-09	1.75e-06	4.06e-03	1.43e-01	8.53e-01
 1.83730e+21	6.73e-23	6.80e-17	1.93e-12	4.66e-09	1.93e-06	4.33e-03	1.47e-01	8.49e-01
 1.90512e+21	8.58e-23	8.39e-17	2.31e-12	5.39e-09	2.15e-06	4.63e-03	1.52e-01	8.44e-01
 1.96706e+21	1.07e-22	1.01e-16	2.71e-12	6.14e-09	2.36e-06	4.92e-03	1.56e-01	8.39e-01
 2.03388e+21	1.34e-22	1.23e-16	3.20e-12	7.04e-09	2.61e-06	5.25e-03	1.60e-01	8.34e-01
 2.10862e+21	1.72e-22	1.53e-16	3.84e-12	8.16e-09	2.91e-06	5.63e-03	1.65e-01	8.29e-01
 2.17903e+21	2.16e-22	1.86e-16	4.55e-12	9.36e-09	3.22e-06	6.00e-03	1.70e-01	8.24e-01
 2.25595e+21	2.75e-22	2.30e-16	5.44e-12	1.08e-08	3.58e-06	6.42e-03	1.76e-01	8.18e-01
 2.34148e+21	3.58e-22	2.89e-16	6.60e-12	1.27e-08	4.02e-06	6.92e-03	1.81e-01	8.12e-01
 2.42162e+21	4.56e-22	3.56e-16	7.89e-12	1.46e-08	4.47e-06	7.40e-03	1.87e-01	8.06e-01
 2.50925e+21	5.90e-22	4.44e-16	9.52e-12	1.71e-08	5.00e-06	7.95e-03	1.93e-01	7.99e-01
 2.60767e+21	7.82e-22	5.67e-16	1.17e-11	2.02e-08	5.66e-06	8.60e-03	2.00e-01	7.92e-01
 2.69536e+21	9.98e-22	7.00e-16	1.40e-11	2.34e-08	6.30e-06	9.20e-03	2.06e-01	7.85e-01
 2.77075e+21	1.23e-21	8.36e-16	1.63e-11	2.64e-08	6.89e-06	9.74e-03	2.11e-01	7.80e-01
 2.85495e+21	1.54e-21	1.02e-15	1.92e-11	3.02e-08	7.61e-06	1.04e-02	2.17e-01	7.73e-01
 2.96441e+21	2.03e-21	1.29e-15	2.36e-11	3.56e-08	8.59e-06	1.12e-02	2.24e-01	7.65e-01
 3.07536e+21	2.71e-21	1.66e-15	2.91e-11	4.23e-08	9.75e-06	1.21e-02	2.31e-01	7.56e-01
 3.16315e+21	3.37e-21	2.00e-15	3.41e-11	4.82e-08	1.07e-05	1.29e-02	2.37e-01	7.50e-01
 3.25214e+21	4.19e-21	2.42e-15	4.00e-11	5.48e-08	1.18e-05	1.37e-02	2.43e-01	7.43e-01
 3.36783e+21	5.50e-21	3.06e-15	4.88e-11	6.44e-08	1.33e-05	1.47e-02	2.51e-01	7.34e-01
 3.48826e+21	7.31e-21	3.91e-15	6.02e-11	7.64e-08	1.50e-05	1.59e-02	2.59e-01	7.25e-01
 3.58833e+21	9.19e-21	4.77e-15	7.12e-11	8.75e-08	1.66e-05	1.69e-02	2.66e-01	7.17e-01
 3.69191e+21	1.16e-20	5.82e-15	8.44e-11	1.00e-07	1.84e-05	1.80e-02	2.73e-01	7.09e-01
 3.82656e+21	1.55e-20	7.47e-15	1.04e-10	1.19e-07	2.08e-05	1.95e-02	2.82e-01	6.99e-01
 3.96483e+21	2.09e-20	9.69e-15	1.30e-10	1.43e-07	2.38e-05	2.12e-02	2.91e-01	6.88e-01
 4.07701e+21	2.64e-20	1.19e-14	1.54e-10	1.64e-07	2.64e-05	2.26e-02	2.99e-01	6.79e-01
 4.19205e+21	3.35e-20	1.46e-14	1.84e-10	1.89e-07	2.92e-05	2.40e-02	3.06e-01	6.70e-01
 4.34162e+21	4.51e-20	1.89e-14	2.29e-10	2.26e-07	3.33e-05	2.60e-02	3.16e-01	6.58e-01
 4.48583e+21	5.99e-20	2.41e-14	2.82e-10	2.68e-07	3.77e-05	2.81e-02	3.25e-01	6.47e-01
 4.59058e+21	7.33e-20	2.87e-14	3.27e-10	3.02e-07	4.12e-05	2.97e-02	3.32e-01	6.38e-01
 4.69425e+21	8.91e-20	3.40e-14	3.77e-10	3.40e-07	4.49e-05	3.13e-02	3.39e-01	6.30e-01
 4.82902e+21	1.14e-19	4.21e-14	4.52e-10	3.94e-07	5.00e-05	3.34e-02	3.47e-01	6.20e-01
 4.97339e+21	1.49e-19	5.30e-14	5.51e-10	4.63e-07	5.62e-05	3.59e-02	3.56e-01	6.08e-01
 5.09900e+21	1.86e-19	6.44e-14	6.50e-10	5.30e-07	6.21e-05	3.81e-02	3.64e-01	5.98e-01
 5.23105e+21	2.34e-19	7.84e-14	7.69e-10	6.07e-07	6.86e-05	4.04e-02	3.72e-01	5.88e-01
 5.40271e+21	3.14e-19	1.01e-13	9.57e-10	7.27e-07	7.82e-05	4.38e-02	3.82e-01	5.74e-01
 5.57489e+21	4.19e-19	1.30e-13	1.19e-09	8.67e-07	8.90e-05	4.72e-02	3.92e-01	5.61e-01
 5.71060e+21	5.23e-19	1.58e-13	1.40e-09	9.93e-07	9.82e-05	5.01e-02	4.00e-01	5.50e-01
 5.84990e+21	6.53e-19	1.91e-13	1.65e-09	1.14e-06	1.09e-04	5.31e-02	4.08e-01	5.39e-01
 6.03099e+21	8.65e-19	2.45e-13	2.04e-09	1.35e-06	1.23e-04	5.73e-02	4.18e-01	5.25e-01
 6.22104e+21	1.16e-18	3.15e-13	2.53e-09	1.62e-06	1.40e-04	6.19e-02	4.28e-01	5.10e-01
 6.38177e+21	1.47e-18	3.88e-13	3.03e-09	1.88e-06	1.57e-04	6.59e-02	4.36e-01	4.98e-01
 6.54975e+21	1.87e-18	4.79e-13	3.64e-09	2.19e-06	1.75e-04	7.03e-02	4.44e-01	4.85e-01
 6.76812e+21	2.54e-18	6.27e-13	4.59e-09	2.66e-06	2.02e-04	7.63e-02	4.55e-01	4.69e-01
 6.98889e+21	3.43e-18	8.15e-13	5.77e-09	3.21e-06	2.32e-04	8.26e-02	4.65e-01	4.52e-01
 7.16478e+21	4.33e-18	1.00e-12	6.89e-09	3.73e-06	2.58e-04	8.79e-02	4.72e-01	4.39e-01
 7.31653e+21	5.26e-18	1.19e-12	8.01e-09	4.23e-06	2.84e-04	9.26e-02	4.79e-01	4.28e-01
 7.48486e+21	6.49e-18	1.43e-12	9.43e-09	4.85e-06	3.14e-04	9.80e-02	4.85e-01	4.16e-01
 7.70369e+21	8.46e-18	1.81e-12	1.16e-08	5.77e-06	3.56e-04	1.05e-01	4.94e-01	4.01e-01
 7.92803e+21	1.10e-17	2.28e-12	1.42e-08	6.87e-06	4.05e-04	1.13e-01	5.01e-01	3.85e-01
 8.11083e+21	1.36e-17	2.75e-12	1.67e-08	7.90e-06	4.48e-04	1.20e-01	5.07e-01	3.73e-01
 8.29980e+21	1.67e-17	3.30e-12	1.97e-08	9.08e-06	4.97e-04	1.26e-01	5.13e-01	3.61e-01
 8.54546e+21	2.16e-17	4.16e-12	2.42e-08	1.08e-05	5.66e-04	1.36e-01	5.19e-01	3.45e-01
 8.79337e+21	2.79e-17	5.21e-12	2.96e-08	1.29e-05	6.43e-04	1.45e-01	5.25e-01	3.29e-01
 8.98941e+21	3.38e-17	6.20e-12	3.46e-08	1.47e-05	7.10e-04	1.53e-01	5.29e-01	3.17e-01
 9.18947e+21	4.08e-17	7.34e-12	4.02e-08	1.68e-05	7.82e-04	1.61e-01	5.32e-01	3.06e-01
 9.44956e+21	5.17e-17	9.07e-12	4.87e-08	1.98e-05	8.84e-04	1.72e-01	5.36e-01	2.91e-01
 9.72034e+21	6.55e-17	1.12e-11	5.90e-08	2.34e-05	1.00e-03	1.83e-01	5.39e-01	2.76e-01
 9.94688e+21	7.93e-17	1.33e-11	6.89e-08	2.68e-05	1.11e-03	1.93e-01	5.41e-01	2.65e-01
 1.01832e+22	9.59e-17	1.58e-11	8.05e-08	3.06e-05	1.22e-03	2.03e-01	5.43e-01	2.53e-01
 1.04904e+22	1.21e-16	1.96e-11	9.78e-08	3.63e-05	1.39e-03	2.16e-01	5.44e-01	2.39e-01
 1.08064e+22	1.53e-16	2.43e-11	1.19e-07	4.30e-05	1.57e-03	2.30e-01	5.44e-01	2.24e-01
 1.10662e+22	1.85e-16	2.87e-11	1.38e-07	4.92e-05	1.74e-03	2.41e-01	5.43e-01	2.13e-01
 1.13365e+22	2.22e-16	3.39e-11	1.61e-07	5.61e-05	1.92e-03	2.53e-01	5.42e-01	2.03e-01
 1.16185e+22	2.67e-16	4.02e-11	1.88e-07	6.43e-05	2.12e-03	2.66e-01	5.40e-01	1.92e-01
 1.18549e+22	3.10e-16	4.61e-11	2.13e-07	7.17e-05	2.30e-03	2.76e-01	5.38e-01	1.83e-01
 1.21015e+22	3.60e-16	5.28e-11	2.41e-07	8.01e-05	2.50e-03	2.87e-01	5.36e-01	1.75e-01
 1.24220e+22	4.34e-16	6.27e-11	2.82e-07	9.19e-05	2.77e-03	3.00e-01	5.32e-01	1.65e-01
 1.27518e+22	5.24e-16	7.45e-11	3.31e-07	1.05e-04	3.07e-03	3.15e-01	5.27e-01	1.55e-01
 1.30197e+22	6.06e-16	8.52e-11	3.74e-07	1.18e-04	3.33e-03	3.26e-01	5.23e-01	1.47e-01
 1.32941e+22	7.02e-16	9.74e-11	4.23e-07	1.31e-04	3.60e-03	3.38e-01	5.19e-01	1.40e-01
 1.36508e+22	8.42e-16	1.15e-10	4.93e-07	1.49e-04	3.97e-03	3.52e-01	5.13e-01	1.31e-01
 1.40176e+22	1.01e-15	1.36e-10	5.74e-07	1.70e-04	4.38e-03	3.67e-01	5.06e-01	1.22e-01
 1.43176e+22	1.16e-15	1.55e-10	6.48e-07	1.90e-04	4.74e-03	3.80e-01	5.00e-01	1.15e-01
 1.46278e+22	1.34e-15	1.77e-10	7.31e-07	2.10e-04	5.11e-03	3.92e-01	4.94e-01	1.09e-01
 1.50310e+22	1.61e-15	2.08e-10	8.50e-07	2.39e-04	5.62e-03	4.07e-01	4.86e-01	1.02e-01
 1.54480e+22	1.92e-15	2.46e-10	9.90e-07	2.72e-04	6.19e-03	4.23e-01	4.76e-01	9.42e-02
 1.57930e+22	2.21e-15	2.80e-10	1.12e-06	3.03e-04	6.69e-03	4.36e-01	4.69e-01	8.85e-02
 1.61515e+22	2.56e-15	3.20e-10	1.26e-06	3.35e-04	7.21e-03	4.48e-01	4.61e-01	8.32e-02
 1.66176e+22	3.07e-15	3.78e-10	1.47e-06	3.82e-04	7.93e-03	4.64e-01	4.51e-01	7.68e-02
 1.71023e+22	3.68e-15	4.47e-10	1.72e-06	4.35e-04	8.72e-03	4.81e-01	4.39e-01	7.06e-02
 1.75080e+22	4.26e-15	5.12e-10	1.94e-06	4.83e-04	9.42e-03	4.94e-01	4.30e-01	6.59e-02
 1.79324e+22	4.94e-15	5.87e-10	2.20e-06	5.36e-04	1.02e-02	5.07e-01	4.21e-01	6.14e-02
 1.84840e+22	5.94e-15	6.96e-10	2.58e-06	6.11e-04	1.12e-02	5.24e-01	4.08e-01	5.60e-02
 1.90016e+22	7.02e-15	8.13e-10	2.98e-06	6.90e-04	1.22e-02	5.39e-01	3.97e-01	5.14e-02
 1.93558e+22	7.89e-15	9.05e-10	3.28e-06	7.46e-04	1.29e-02	5.49e-01	3.89e-01	4.85e-02
 1.96972e+22	8.76e-15	9.96e-10	3.59e-06	8.03e-04	1.36e-02	5.58e-01	3.82e-01	4.60e-02
 2.01410e+22	1.00e-14	1.13e-09	4.02e-06	8.81e-04	1.45e-02	5.70e-01	3.72e-01	4.28e-02
 2.06419e+22	1.16e-14	1.29e-09	4.55e-06	9.75e-04	1.56e-02	5.82e-01	3.62e-01	3.96e-02
 2.11127e+22	1.32e-14	1.46e-09	5.11e-06	1.07e-03	1.67e-02	5.93e-01	3.52e-01	3.68e-02
 2.15483e+22	1.49e-14	1.63e-09	5.66e-06	1.16e-03	1.77e-02	6.03e-01	3.43e-01	3.44e-02
 2.20424e+22	1.70e-14	1.85e-09	6.34e-06	1.27e-03	1.89e-02	6.14e-01	3.34e-01	3.20e-02
 2.26848e+22	2.01e-14	2.15e-09	7.31e-06	1.42e-03	2.05e-02	6.27e-01	3.22e-01	2.91e-02
 2.33332e+22	2.37e-14	2.51e-09	8.42e-06	1.59e-03	2.22e-02	6.40e-01	3.10e-01	2.64e-02
 2.38454e+22	2.69e-14	2.82e-09	9.38e-06	1.73e-03	2.36e-02	6.50e-01	3.01e-01	2.45e-02
 2.43672e+22	3.04e-14	3.16e-09	1.04e-05	1.88e-03	2.50e-02	6.59e-01	2.92e-01	2.28e-02
 2.50455e+22	3.56e-14	3.66e-09	1.19e-05	2.09e-03	2.69e-02	6.70e-01	2.81e-01	2.08e-02
 2.57673e+22	4.19e-14	4.26e-09	1.37e-05	2.32e-03	2.90e-02	6.81e-01	2.69e-01	1.88e-02
 2.63933e+22	4.80e-14	4.84e-09	1.55e-05	2.54e-03	3.09e-02	6.90e-01	2.60e-01	1.72e-02
 2.70549e+22	5.54e-14	5.52e-09	1.74e-05	2.78e-03	3.29e-02	6.98e-01	2.50e-01	1.58e-02
 2.79150e+22	6.62e-14	6.51e-09	2.03e-05	3.12e-03	3.55e-02	7.09e-01	2.39e-01	1.42e-02
 2.88090e+22	7.94e-14	7.70e-09	2.37e-05	3.50e-03	3.85e-02	7.19e-01	2.27e-01	1.27e-02
 2.95568e+22	9.17e-14	8.81e-09	2.68e-05	3.84e-03	4.10e-02	7.26e-01	2.17e-01	1.15e-02
 3.03389e+22	1.07e-13	1.01e-08	3.04e-05	4.20e-03	4.36e-02	7.33e-01	2.09e-01	1.05e-02
 3.13556e+22	1.29e-13	1.20e-08	3.56e-05	4.71e-03	4.71e-02	7.41e-01	1.98e-01	9.33e-03
 3.24325e+22	1.57e-13	1.44e-08	4.20e-05	5.30e-03	5.10e-02	7.49e-01	1.87e-01	8.22e-03
 3.32587e+22	1.82e-13	1.65e-08	4.75e-05	5.78e-03	5.41e-02	7.54e-01	1.79e-01	7.48e-03
 3.38792e+22	2.03e-13	1.82e-08	5.19e-05	6.16e-03	5.64e-02	7.58e-01	1.73e-01	6.99e-03
 3.45617e+22	2.27e-13	2.03e-08	5.71e-05	6.59e-03	5.90e-02	7.61e-01	1.67e-01	6.48e-03
 3.54490e+22	2.65e-13	2.33e-08	6.45e-05	7.16e-03	6.22e-02	7.65e-01	1.60e-01	5.92e-03
 3.66025e+22	3.19e-13	2.75e-08	7.50e-05	7.95e-03	6.66e-02	7.69e-01	1.51e-01	5.25e-03
 3.77785e+22	3.85e-13	3.26e-08	8.74e-05	8.84e-03	7.13e-02	7.73e-01	1.42e-01	4.65e-03
 3.86879e+22	4.44e-13	3.72e-08	9.81e-05	9.57e-03	7.50e-02	7.75e-01	1.36e-01	4.25e-03
 3.95740e+22	5.07e-13	4.19e-08	1.09e-04	1.03e-02	7.86e-02	7.76e-01	1.31e-01	3.90e-03
 4.07260e+22	6.06e-13	4.90e-08	1.25e-04	1.13e-02	8.31e-02	7.78e-01	1.24e-01	3.51e-03
 4.19740e+22	7.28e-13	5.77e-08	1.44e-04	1.24e-02	8.82e-02	7.79e-01	1.17e-01	3.13e-03
 4.30795e+22	8.50e-13	6.64e-08	1.63e-04	1.35e-02	9.30e-02	7.79e-01	1.11e-01	2.83e-03
 4.42492e+22	1.00e-12	7.67e-08	1.85e-04	1.46e-02	9.77e-02	7.79e-01	1.06e-01	2.56e-03
 4.57698e+22	1.23e-12	9.18e-08	2.16e-04	1.62e-02	1.04e-01	7.78e-01	9.95e-02	2.26e-03
 4.73415e+22	1.51e-12	1.10e-07	2.53e-04	1.80e-02	1.11e-01	7.76e-01	9.29e-02	1.97e-03
 4.86252e+22	1.79e-12	1.28e-07	2.87e-04	1.96e-02	1.16e-01	7.74e-01	8.81e-02	1.78e-03
 4.99396e+22	2.11e-12	1.47e-07	3.24e-04	2.12e-02	1.22e-01	7.72e-01	8.36e-02	1.61e-03
 5.16484e+22	2.59e-12	1.76e-07	3.76e-04	2.33e-02	1.29e-01	7.68e-01	7.83e-02	1.42e-03
 5.34824e+22	3.22e-12	2.13e-07	4.42e-04	2.59e-02	1.37e-01	7.63e-01	7.29e-02	1.24e-03
 5.50849e+22	3.88e-12	2.50e-07	5.06e-04	2.82e-02	1.44e-01	7.58e-01	6.86e-02	1.10e-03
 5.67742e+22	4.68e-12	2.94e-07	5.77e-04	3.07e-02	1.50e-01	7.53e-01	6.46e-02	9.84e-04
 5.89453e+22	5.89e-12	3.57e-07	6.78e-04	3.40e-02	1.59e-01	7.45e-01	5.99e-02	8.54e-04
 6.12280e+22	7.51e-12	4.39e-07	8.03e-04	3.79e-02	1.69e-01	7.37e-01	5.52e-02	7.35e-04
 6.31976e+22	9.15e-12	5.20e-07	9.24e-04	4.14e-02	1.77e-01	7.29e-01	5.15e-02	6.47e-04
 6.52752e+22	1.12e-11	6.14e-07	1.06e-03	4.50e-02	1.85e-01	7.20e-01	4.82e-02	5.73e-04
 6.78402e+22	1.41e-11	7.48e-07	1.24e-03	4.97e-02	1.94e-01	7.10e-01	4.45e-02	4.95e-04
 7.03258e+22	1.77e-11	9.07e-07	1.45e-03	5.48e-02	2.04e-01	6.98e-01	4.10e-02	4.27e-04
 7.23164e+22	2.11e-11	1.05e-06	1.63e-03	5.88e-02	2.12e-01	6.89e-01	3.85e-02	3.83e-04
 7.43765e+22	2.49e-11	1.21e-06	1.82e-03	6.31e-02	2.19e-01	6.79e-01	3.62e-02	3.44e-04
 7.70547e+22	3.08e-11	1.44e-06	2.09e-03	6.87e-02	2.28e-01	6.67e-01	3.35e-02	3.00e-04
 8.00554e+22	3.89e-11	1.74e-06	2.43e-03	7.53e-02	2.38e-01	6.53e-01	3.08e-02	2.59e-04
 8.27774e+22	4.77e-11	2.06e-06	2.78e-03	8.16e-02	2.47e-01	6.39e-01	2.85e-02	2.26e-04
 8.51956e+22	5.65e-11	2.37e-06	3.10e-03	8.72e-02	2.55e-01	6.28e-01	2.67e-02	2.02e-04
 8.79168e+22	6.77e-11	2.75e-06	3.48e-03	9.35e-02	2.63e-01	6.15e-01	2.48e-02	1.78e-04
 9.13057e+22	8.39e-11	3.28e-06	3.99e-03	1.01e-01	2.72e-01	6.00e-01	2.28e-02	1.55e-04
 9.48614e+22	1.05e-10	3.94e-06	4.59e-03	1.10e-01	2.82e-01	5.83e-01	2.08e-02	1.33e-04
 9.80680e+22	1.28e-10	4.61e-06	5.18e-03	1.18e-01	2.90e-01	5.67e-01	1.92e-02	1.16e-04
 1.01522e+23	1.54e-10	5.36e-06	5.81e-03	1.26e-01	2.98e-01	5.52e-01	1.78e-02	1.02e-04
 1.05605e+23	1.90e-10	6.37e-06	6.63e-03	1.36e-01	3.06e-01	5.35e-01	1.62e-02	8.75e-05
 1.09796e+23	2.36e-10	7.57e-06	7.55e-03	1.47e-01	3.14e-01	5.16e-01	1.47e-02	7.49e-05
 1.13859e+23	2.87e-10	8.86e-06	8.50e-03	1.57e-01	3.22e-01	4.99e-01	1.35e-02	6.49e-05
 1.18243e+23	3.49e-10	1.03e-05	9.53e-03	1.68e-01	3.28e-01	4.82e-01	1.23e-02	5.63e-05
 1.23096e+23	4.29e-10	1.22e-05	1.08e-02	1.79e-01	3.35e-01	4.63e-01	1.12e-02	4.82e-05
 1.28143e+23	5.25e-10	1.43e-05	1.21e-02	1.91e-01	3.41e-01	4.45e-01	1.02e-02	4.14e-05
 1.33392e+23	6.40e-10	1.67e-05	1.36e-02	2.04e-01	3.47e-01	4.27e-01	9.22e-03	3.56e-05
 1.38851e+23	7.75e-10	1.94e-05	1.52e-02	2.16e-01	3.51e-01	4.09e-01	8.37e-03	3.07e-05
 1.44529e+23	9.35e-10	2.25e-05	1.68e-02	2.28e-01	3.55e-01	3.92e-01	7.61e-03	2.65e-05
 1.50434e+23	1.12e-09	2.59e-05	1.87e-02	2.41e-01	3.59e-01	3.75e-01	6.92e-03	2.29e-05
 1.56574e+23	1.34e-09	2.96e-05	2.06e-02	2.53e-01	3.61e-01	3.59e-01	6.30e-03	1.99e-05
 1.62961e+23	1.58e-09	3.37e-05	2.25e-02	2.66e-01	3.63e-01	3.43e-01	5.76e-03	1.73e-05
 1.69603e+23	1.86e-09	3.83e-05	2.47e-02	2.78e-01	3.64e-01	3.28e-01	5.26e-03	1.51e-05
 1.76510e+23	2.18e-09	4.31e-05	2.68e-02	2.89e-01	3.65e-01	3.14e-01	4.82e-03	1.33e-05
 1.83694e+23	2.52e-09	4.83e-05	2.90e-02	3.01e-01	3.65e-01	3.01e-01	4.43e-03	1.17e-05
 1.91165e+23	2.91e-09	5.37e-05	3.13e-02	3.12e-01	3.65e-01	2.88e-01	4.08e-03	1.04e-05
 1.98935e+23	3.32e-09	5.95e-05	3.36e-02	3.22e-01	3.64e-01	2.76e-01	3.77e-03	9.26e-06
 2.07016e+23	3.77e-09	6.55e-05	3.60e-02	3.32e-01	3.63e-01	2.65e-01	3.50e-03	8.29e-06
 2.15420e+23	4.25e-09	7.17e-05	3.83e-02	3.42e-01	3.62e-01	2.55e-01	3.25e-03	7.47e-06
 2.23993e+23	4.70e-09	7.74e-05	4.04e-02	3.50e-01	3.60e-01	2.46e-01	3.06e-03	6.84e-06
 2.32142e+23	5.20e-09	8.36e-05	4.26e-02	3.58e-01	3.59e-01	2.37e-01	2.87e-03	6.25e-06
 2.39476e+23	5.68e-09	8.93e-05	4.46e-02	3.66e-01	3.57e-01	2.30e-01	2.72e-03	5.78e-06
 2.46077e+23	6.07e-09	9.39e-05	4.62e-02	3.71e-01	3.55e-01	2.25e-01	2.61e-03	5.44e-06
 2.52017e+23	6.42e-09	9.79e-05	4.76e-02	3.76e-01	3.54e-01	2.20e-01	2.52e-03	5.18e-06
 2.57364e+23	6.72e-09	1.01e-04	4.88e-02	3.80e-01	3.53e-01	2.16e-01	2.44e-03	4.96e-06
 2.62175e+23	7.00e-09	1.05e-04	4.98e-02	3.83e-01	3.52e-01	2.13e-01	2.38e-03	4.79e-06
 2.66506e+23	7.21e-09	1.07e-04	5.06e-02	3.85e-01	3.51e-01	2.11e-01	2.33e-03	4.66e-06
 2.70404e+23	7.40e-09	1.09e-04	5.13e-02	3.88e-01	3.50e-01	2.08e-01	2.29e-03	4.55e-06
 2.73911e+23	7.58e-09	1.11e-04	5.20e-02	3.90e-01	3.50e-01	2.07e-01	2.26e-03	4.46e-06
 2.77100e+23	7.70e-09	1.12e-04	5.25e-02	3.91e-01	3.49e-01	2.05e-01	2.24e-03	4.39e-06
 2.80155e+23	7.77e-09	1.13e-04	5.28e-02	3.92e-01	3.49e-01	2.04e-01	2.22e-03	4.36e-06
 2.83210e+23	7.88e-09	1.14e-04	5.32e-02	3.93e-01	3.48e-01	2.03e-01	2.20e-03	4.30e-06
 2.86265e+23	7.96e-09	1.15e-04	5.35e-02	3.94e-01	3.48e-01	2.02e-01	2.19e-03	4.27e-06
 2.89320e+23	8.05e-09	1.16e-04	5.39e-02	3.95e-01	3.47e-01	2.01e-01	2.17e-03	4.22e-06
 2.92375e+23	8.11e-09	1.17e-04	5.41e-02	3.96e-01	3.47e-01	2.01e-01	2.16e-03	4.19e-06
 2.95429e+23	8.17e-09	1.18e-04	5.44e-02	3.97e-01	3.47e-01	2.00e-01	2.15e-03	4.17e-06
 2.98484e+23	8.22e-09	1.18e-04	5.46e-02	3.97e-01	3.46e-01	1.99e-01	2.14e-03	4.15e-06
 3.01539e+23	8.28e-09	1.19e-04	5.49e-02	3.98e-01	3.46e-01	1.99e-01	2.13e-03	4.12e-06
 3.04274e+23	8.34e-09	1.20e-04	5.51e-02	3.99e-01	3.46e-01	1.98e-01	2.12e-03	4.10e-06
