#depth	Si	Si+	Si+2	Si+3	Si+4	Si+5	Si+6	Si+7	Si+8	Si+9	Si+10	Si+11	Si+12	Si+13	Si+14
 6.17135e+19	0.00e+00	1.31e-28	4.36e-24	2.42e-20	1.03e-15	3.42e-12	2.64e-09	5.09e-07	3.73e-05	8.75e-04	7.48e-03	4.41e-02	5.73e-01	3.22e-01	5.30e-02
 1.87609e+20	0.00e+00	4.33e-28	1.21e-23	5.64e-20	2.50e-15	7.97e-12	5.78e-09	1.01e-06	6.63e-05	1.38e-03	1.04e-02	5.29e-02	5.99e-01	2.94e-01	4.24e-02
 2.83882e+20	0.00e+00	1.03e-27	2.53e-23	1.03e-19	4.75e-15	1.48e-11	1.02e-08	1.66e-06	1.01e-04	1.93e-03	1.31e-02	6.03e-02	6.16e-01	2.73e-01	3.56e-02
 3.32018e+20	0.00e+00	1.55e-27	3.59e-23	1.37e-19	6.46e-15	1.99e-11	1.34e-08	2.12e-06	1.23e-04	2.26e-03	1.47e-02	6.42e-02	6.23e-01	2.63e-01	3.27e-02
 3.58442e+20	0.00e+00	1.94e-27	4.33e-23	1.60e-19	7.61e-15	2.33e-11	1.56e-08	2.41e-06	1.38e-04	2.47e-03	1.56e-02	6.63e-02	6.27e-01	2.57e-01	3.12e-02
 3.82313e+20	0.00e+00	2.36e-27	5.13e-23	1.84e-19	8.82e-15	2.69e-11	1.78e-08	2.71e-06	1.52e-04	2.67e-03	1.65e-02	6.84e-02	6.30e-01	2.52e-01	2.98e-02
 4.13344e+20	0.00e+00	3.03e-27	6.33e-23	2.18e-19	1.06e-14	3.21e-11	2.10e-08	3.13e-06	1.71e-04	2.93e-03	1.76e-02	7.09e-02	6.34e-01	2.46e-01	2.83e-02
 4.53684e+20	0.00e+00	4.17e-27	8.30e-23	2.72e-19	1.34e-14	4.03e-11	2.59e-08	3.77e-06	2.00e-04	3.31e-03	1.92e-02	7.43e-02	6.38e-01	2.39e-01	2.63e-02
 4.96666e+20	0.00e+00	5.81e-27	1.10e-22	3.42e-19	1.71e-14	5.10e-11	3.23e-08	4.57e-06	2.34e-04	3.76e-03	2.10e-02	7.79e-02	6.42e-01	2.30e-01	2.44e-02
 5.34110e+20	0.00e+00	7.71e-27	1.40e-22	4.16e-19	2.11e-14	6.24e-11	3.89e-08	5.39e-06	2.69e-04	4.18e-03	2.27e-02	8.11e-02	6.45e-01	2.24e-01	2.29e-02
 5.73817e+20	0.00e+00	1.03e-26	1.79e-22	5.10e-19	2.61e-14	7.68e-11	4.72e-08	6.39e-06	3.09e-04	4.67e-03	2.45e-02	8.46e-02	6.48e-01	2.16e-01	2.14e-02
 6.18613e+20	0.00e+00	1.43e-26	2.35e-22	6.37e-19	3.30e-14	9.65e-11	5.83e-08	7.70e-06	3.61e-04	5.27e-03	2.67e-02	8.84e-02	6.51e-01	2.09e-01	1.98e-02
 6.61105e+20	0.00e+00	1.92e-26	3.03e-22	7.84e-19	4.10e-14	1.19e-10	7.09e-08	9.14e-06	4.16e-04	5.89e-03	2.88e-02	9.21e-02	6.53e-01	2.02e-01	1.84e-02
 7.01153e+20	0.00e+00	2.54e-26	3.84e-22	9.49e-19	5.01e-14	1.44e-10	8.49e-08	1.07e-05	4.74e-04	6.52e-03	3.09e-02	9.56e-02	6.54e-01	1.95e-01	1.72e-02
 7.40599e+20	0.00e+00	3.31e-26	4.81e-22	1.14e-18	6.06e-14	1.74e-10	1.01e-07	1.25e-05	5.36e-04	7.19e-03	3.31e-02	9.91e-02	6.55e-01	1.89e-01	1.62e-02
 7.79067e+20	0.00e+00	4.27e-26	5.97e-22	1.36e-18	7.27e-14	2.07e-10	1.19e-07	1.44e-05	6.04e-04	7.89e-03	3.52e-02	1.02e-01	6.56e-01	1.83e-01	1.52e-02
 8.22604e+20	0.00e+00	5.66e-26	7.59e-22	1.66e-18	8.89e-14	2.52e-10	1.42e-07	1.69e-05	6.88e-04	8.73e-03	3.78e-02	1.06e-01	6.56e-01	1.77e-01	1.41e-02
 8.69950e+20	0.00e+00	7.65e-26	9.82e-22	2.05e-18	1.10e-13	3.09e-10	1.72e-07	2.00e-05	7.90e-04	9.72e-03	4.07e-02	1.10e-01	6.55e-01	1.70e-01	1.31e-02
 9.12446e+20	0.00e+00	9.97e-26	1.23e-21	2.47e-18	1.33e-13	3.71e-10	2.04e-07	2.32e-05	8.91e-04	1.07e-02	4.34e-02	1.14e-01	6.55e-01	1.64e-01	1.22e-02
 9.57890e+20	0.00e+00	1.32e-25	1.56e-21	3.00e-18	1.61e-13	4.47e-10	2.43e-07	2.71e-05	1.01e-03	1.18e-02	4.63e-02	1.18e-01	6.53e-01	1.58e-01	1.14e-02
 1.00850e+21	1.08e-31	1.78e-25	2.02e-21	3.72e-18	1.99e-13	5.48e-10	2.93e-07	3.20e-05	1.16e-03	1.31e-02	4.97e-02	1.22e-01	6.52e-01	1.52e-01	1.05e-02
 1.05563e+21	1.49e-31	2.35e-25	2.57e-21	4.52e-18	2.42e-13	6.60e-10	3.49e-07	3.72e-05	1.31e-03	1.44e-02	5.30e-02	1.26e-01	6.49e-01	1.46e-01	9.79e-03
 1.09996e+21	1.99e-31	3.04e-25	3.20e-21	5.43e-18	2.88e-13	7.82e-10	4.08e-07	4.28e-05	1.46e-03	1.57e-02	5.62e-02	1.29e-01	6.47e-01	1.41e-01	9.15e-03
 1.15087e+21	2.76e-31	4.06e-25	4.10e-21	6.67e-18	3.52e-13	9.46e-10	4.87e-07	5.00e-05	1.66e-03	1.72e-02	5.99e-02	1.34e-01	6.44e-01	1.35e-01	8.47e-03
 1.20787e+21	3.96e-31	5.57e-25	5.39e-21	8.37e-18	4.37e-13	1.16e-09	5.90e-07	5.92e-05	1.90e-03	1.91e-02	6.42e-02	1.38e-01	6.40e-01	1.29e-01	7.77e-03
 1.25786e+21	5.40e-31	7.33e-25	6.82e-21	1.02e-17	5.26e-13	1.39e-09	6.96e-07	6.84e-05	2.14e-03	2.09e-02	6.80e-02	1.42e-01	6.36e-01	1.24e-01	7.22e-03
 1.29969e+21	6.97e-31	9.18e-25	8.29e-21	1.20e-17	6.12e-13	1.61e-09	7.96e-07	7.70e-05	2.35e-03	2.25e-02	7.13e-02	1.45e-01	6.32e-01	1.20e-01	6.78e-03
 1.34586e+21	9.19e-31	1.17e-24	1.02e-20	1.43e-17	7.22e-13	1.88e-09	9.20e-07	8.75e-05	2.60e-03	2.43e-02	7.50e-02	1.49e-01	6.28e-01	1.16e-01	6.34e-03
 1.40588e+21	1.31e-30	1.60e-24	1.34e-20	1.79e-17	8.90e-13	2.30e-09	1.11e-06	1.03e-04	2.96e-03	2.68e-02	7.99e-02	1.53e-01	6.22e-01	1.10e-01	5.82e-03
 1.46804e+21	1.87e-30	2.20e-24	1.77e-20	2.26e-17	1.10e-12	2.81e-09	1.33e-06	1.21e-04	3.37e-03	2.95e-02	8.51e-02	1.57e-01	6.15e-01	1.05e-01	5.32e-03
 1.51974e+21	2.51e-30	2.86e-24	2.21e-20	2.72e-17	1.31e-12	3.31e-09	1.55e-06	1.38e-04	3.75e-03	3.20e-02	8.95e-02	1.61e-01	6.09e-01	1.00e-01	4.94e-03
 1.57372e+21	3.38e-30	3.72e-24	2.79e-20	3.31e-17	1.56e-12	3.91e-09	1.80e-06	1.58e-04	4.17e-03	3.45e-02	9.40e-02	1.64e-01	6.02e-01	9.62e-02	4.58e-03
 1.64391e+21	4.95e-30	5.22e-24	3.74e-20	4.24e-17	1.95e-12	4.83e-09	2.19e-06	1.87e-04	4.76e-03	3.82e-02	1.00e-01	1.68e-01	5.93e-01	9.09e-02	4.16e-03
 1.71611e+21	7.26e-30	7.35e-24	5.04e-20	5.46e-17	2.44e-12	5.97e-09	2.66e-06	2.21e-04	5.44e-03	4.21e-02	1.06e-01	1.72e-01	5.84e-01	8.58e-02	3.77e-03
 1.77551e+21	9.89e-30	9.68e-24	6.41e-20	6.69e-17	2.93e-12	7.07e-09	3.10e-06	2.54e-04	6.05e-03	4.55e-02	1.12e-01	1.76e-01	5.76e-01	8.18e-02	3.47e-03
 1.83730e+21	1.35e-29	1.28e-23	8.19e-20	8.24e-17	3.52e-12	8.40e-09	3.63e-06	2.91e-04	6.73e-03	4.92e-02	1.17e-01	1.79e-01	5.67e-01	7.79e-02	3.20e-03
 1.90512e+21	1.90e-29	1.73e-23	1.07e-19	1.03e-16	4.30e-12	1.01e-08	4.30e-06	3.36e-04	7.55e-03	5.35e-02	1.23e-01	1.82e-01	5.57e-01	7.37e-02	2.92e-03
 1.96706e+21	2.57e-29	2.28e-23	1.35e-19	1.26e-16	5.13e-12	1.19e-08	4.99e-06	3.83e-04	8.35e-03	5.76e-02	1.28e-01	1.85e-01	5.47e-01	7.02e-02	2.69e-03
 2.03388e+21	3.54e-29	3.03e-23	1.74e-19	1.57e-16	6.19e-12	1.42e-08	5.84e-06	4.39e-04	9.28e-03	6.21e-02	1.34e-01	1.88e-01	5.37e-01	6.65e-02	2.46e-03
 2.10862e+21	5.03e-29	4.16e-23	2.30e-19	1.98e-16	7.61e-12	1.72e-08	6.94e-06	5.09e-04	1.04e-02	6.74e-02	1.41e-01	1.90e-01	5.26e-01	6.26e-02	2.23e-03
 2.17903e+21	6.96e-29	5.56e-23	2.97e-19	2.46e-16	9.20e-12	2.05e-08	8.12e-06	5.82e-04	1.16e-02	7.26e-02	1.47e-01	1.93e-01	5.14e-01	5.92e-02	2.04e-03
 2.25595e+21	9.83e-29	7.59e-23	3.90e-19	3.11e-16	1.13e-11	2.47e-08	9.60e-06	6.72e-04	1.29e-02	7.85e-02	1.54e-01	1.95e-01	5.02e-01	5.57e-02	1.85e-03
 2.34148e+21	1.43e-28	1.06e-22	5.25e-19	4.02e-16	1.40e-11	3.02e-08	1.15e-05	7.85e-04	1.45e-02	8.53e-02	1.61e-01	1.97e-01	4.88e-01	5.20e-02	1.66e-03
 2.42162e+21	2.02e-28	1.45e-22	6.90e-19	5.08e-16	1.72e-11	3.63e-08	1.36e-05	9.03e-04	1.62e-02	9.19e-02	1.67e-01	1.99e-01	4.75e-01	4.87e-02	1.50e-03
 2.50925e+21	2.91e-28	2.02e-22	9.24e-19	6.52e-16	2.13e-11	4.42e-08	1.61e-05	1.05e-03	1.81e-02	9.93e-02	1.74e-01	2.00e-01	4.60e-01	4.54e-02	1.34e-03
 2.60767e+21	4.35e-28	2.91e-22	1.27e-18	8.59e-16	2.70e-11	5.47e-08	1.95e-05	1.23e-03	2.04e-02	1.08e-01	1.82e-01	2.01e-01	4.44e-01	4.19e-02	1.19e-03
 2.69536e+21	6.17e-28	3.99e-22	1.69e-18	1.09e-15	3.32e-11	6.59e-08	2.30e-05	1.41e-03	2.27e-02	1.16e-01	1.89e-01	2.02e-01	4.30e-01	3.91e-02	1.06e-03
 2.77075e+21	8.28e-28	5.21e-22	2.13e-18	1.34e-15	3.94e-11	7.71e-08	2.64e-05	1.59e-03	2.47e-02	1.23e-01	1.94e-01	2.02e-01	4.17e-01	3.67e-02	9.70e-04
 2.85495e+21	1.14e-27	6.98e-22	2.76e-18	1.67e-15	4.76e-11	9.14e-08	3.07e-05	1.80e-03	2.71e-02	1.31e-01	2.00e-01	2.02e-01	4.03e-01	3.43e-02	8.74e-04
 2.96441e+21	1.71e-27	1.01e-21	3.82e-18	2.21e-15	6.05e-11	1.13e-07	3.70e-05	2.10e-03	3.04e-02	1.41e-01	2.07e-01	2.01e-01	3.86e-01	3.14e-02	7.67e-04
 3.07536e+21	2.57e-27	1.46e-21	5.29e-18	2.92e-15	7.67e-11	1.40e-07	4.46e-05	2.46e-03	3.42e-02	1.52e-01	2.14e-01	2.00e-01	3.68e-01	2.86e-02	6.68e-04
 3.16315e+21	3.50e-27	1.94e-21	6.80e-18	3.62e-15	9.20e-11	1.65e-07	5.14e-05	2.77e-03	3.72e-02	1.61e-01	2.19e-01	1.99e-01	3.54e-01	2.66e-02	6.01e-04
 3.25214e+21	4.76e-27	2.57e-21	8.71e-18	4.48e-15	1.10e-10	1.94e-07	5.92e-05	3.11e-03	4.05e-02	1.69e-01	2.24e-01	1.97e-01	3.40e-01	2.47e-02	5.39e-04
 3.36783e+21	7.01e-27	3.66e-21	1.19e-17	5.87e-15	1.39e-10	2.37e-07	7.05e-05	3.60e-03	4.50e-02	1.81e-01	2.30e-01	1.95e-01	3.23e-01	2.25e-02	4.70e-04
 3.48826e+21	1.04e-26	5.27e-21	1.65e-17	7.74e-15	1.75e-10	2.92e-07	8.44e-05	4.18e-03	5.00e-02	1.93e-01	2.35e-01	1.92e-01	3.05e-01	2.03e-02	4.06e-04
 3.58833e+21	1.43e-26	7.08e-21	2.13e-17	9.67e-15	2.11e-10	3.44e-07	9.75e-05	4.70e-03	5.44e-02	2.03e-01	2.39e-01	1.89e-01	2.91e-01	1.87e-02	3.59e-04
 3.69191e+21	1.98e-26	9.54e-21	2.78e-17	1.21e-14	2.55e-10	4.07e-07	1.13e-04	5.29e-03	5.91e-02	2.13e-01	2.42e-01	1.86e-01	2.76e-01	1.71e-02	3.17e-04
 3.82656e+21	2.97e-26	1.39e-20	3.87e-17	1.61e-14	3.24e-10	5.02e-07	1.35e-04	6.11e-03	6.54e-02	2.26e-01	2.46e-01	1.82e-01	2.58e-01	1.53e-02	2.71e-04
 3.96483e+21	4.48e-26	2.03e-20	5.41e-17	2.14e-14	4.11e-10	6.20e-07	1.61e-04	7.09e-03	7.25e-02	2.40e-01	2.49e-01	1.77e-01	2.40e-01	1.35e-02	2.29e-04
 4.07701e+21	6.18e-26	2.74e-20	7.05e-17	2.69e-14	4.96e-10	7.31e-07	1.86e-04	7.95e-03	7.84e-02	2.50e-01	2.51e-01	1.73e-01	2.26e-01	1.23e-02	2.00e-04
 4.19205e+21	8.53e-26	3.70e-20	9.18e-17	3.37e-14	5.98e-10	8.62e-07	2.14e-04	8.91e-03	8.46e-02	2.61e-01	2.53e-01	1.68e-01	2.13e-01	1.11e-02	1.74e-04
 4.34162e+21	1.28e-25	5.42e-20	1.28e-16	4.48e-14	7.58e-10	1.06e-06	2.55e-04	1.03e-02	9.30e-02	2.74e-01	2.54e-01	1.62e-01	1.96e-01	9.76e-03	1.46e-04
 4.48583e+21	1.87e-25	7.76e-20	1.76e-16	5.87e-14	9.47e-10	1.29e-06	3.01e-04	1.17e-02	1.02e-01	2.87e-01	2.54e-01	1.56e-01	1.81e-01	8.59e-03	1.23e-04
 4.59058e+21	2.44e-25	1.00e-19	2.20e-16	7.10e-14	1.11e-09	1.48e-06	3.38e-04	1.28e-02	1.08e-01	2.95e-01	2.53e-01	1.52e-01	1.71e-01	7.83e-03	1.08e-04
 4.69425e+21	3.17e-25	1.28e-19	2.73e-16	8.54e-14	1.29e-09	1.68e-06	3.77e-04	1.40e-02	1.14e-01	3.03e-01	2.52e-01	1.47e-01	1.61e-01	7.15e-03	9.55e-05
 4.82902e+21	4.41e-25	1.75e-19	3.60e-16	1.08e-13	1.56e-09	1.99e-06	4.34e-04	1.57e-02	1.23e-01	3.13e-01	2.51e-01	1.42e-01	1.49e-01	6.35e-03	8.15e-05
 4.97339e+21	6.24e-25	2.44e-19	4.81e-16	1.38e-13	1.91e-09	2.37e-06	5.03e-04	1.76e-02	1.32e-01	3.24e-01	2.48e-01	1.35e-01	1.37e-01	5.57e-03	6.84e-05
 5.09900e+21	8.34e-25	3.24e-19	6.16e-16	1.70e-13	2.27e-09	2.75e-06	5.69e-04	1.94e-02	1.40e-01	3.32e-01	2.46e-01	1.30e-01	1.27e-01	4.98e-03	5.88e-05
 5.23105e+21	1.12e-24	4.32e-19	7.93e-16	2.11e-13	2.70e-09	3.19e-06	6.45e-04	2.14e-02	1.49e-01	3.40e-01	2.43e-01	1.24e-01	1.17e-01	4.43e-03	5.04e-05
 5.40271e+21	1.65e-24	6.25e-19	1.10e-15	2.77e-13	3.37e-09	3.86e-06	7.56e-04	2.43e-02	1.61e-01	3.50e-01	2.38e-01	1.17e-01	1.06e-01	3.79e-03	4.10e-05
 5.57489e+21	2.38e-24	8.98e-19	1.50e-15	3.63e-13	4.19e-09	4.65e-06	8.83e-04	2.74e-02	1.72e-01	3.58e-01	2.32e-01	1.10e-01	9.50e-02	3.24e-03	3.34e-05
 5.71060e+21	3.14e-24	1.19e-18	1.92e-15	4.46e-13	4.95e-09	5.36e-06	9.93e-04	3.00e-02	1.82e-01	3.64e-01	2.28e-01	1.05e-01	8.73e-02	2.87e-03	2.84e-05
 5.84990e+21	4.18e-24	1.57e-18	2.46e-15	5.48e-13	5.85e-09	6.18e-06	1.12e-03	3.29e-02	1.91e-01	3.70e-01	2.23e-01	9.97e-02	8.01e-02	2.53e-03	2.41e-05
 6.03099e+21	6.00e-24	2.25e-18	3.35e-15	7.14e-13	7.22e-09	7.39e-06	1.29e-03	3.68e-02	2.04e-01	3.75e-01	2.16e-01	9.31e-02	7.14e-02	2.15e-03	1.94e-05
 6.22104e+21	8.62e-24	3.25e-18	4.63e-15	9.37e-13	8.98e-09	8.89e-06	1.51e-03	4.13e-02	2.17e-01	3.80e-01	2.08e-01	8.64e-02	6.33e-02	1.80e-03	1.55e-05
 6.38177e+21	1.16e-23	4.41e-18	6.05e-15	1.17e-12	1.08e-08	1.03e-05	1.70e-03	4.54e-02	2.28e-01	3.84e-01	2.01e-01	8.10e-02	5.70e-02	1.56e-03	1.28e-05
 6.54975e+21	1.58e-23	6.03e-18	7.94e-15	1.48e-12	1.29e-08	1.21e-05	1.93e-03	5.00e-02	2.40e-01	3.86e-01	1.94e-01	7.56e-02	5.12e-02	1.34e-03	1.05e-05
 6.76812e+21	2.33e-23	8.96e-18	1.12e-14	1.98e-12	1.63e-08	1.47e-05	2.26e-03	5.63e-02	2.55e-01	3.88e-01	1.85e-01	6.91e-02	4.44e-02	1.09e-03	8.14e-06
 6.98889e+21	3.40e-23	1.33e-17	1.58e-14	2.65e-12	2.06e-08	1.78e-05	2.64e-03	6.32e-02	2.69e-01	3.88e-01	1.75e-01	6.29e-02	3.85e-02	8.95e-04	6.29e-06
 7.16478e+21	4.52e-23	1.81e-17	2.07e-14	3.33e-12	2.46e-08	2.06e-05	2.97e-03	6.91e-02	2.81e-01	3.87e-01	1.67e-01	5.83e-02	3.43e-02	7.62e-04	5.12e-06
 7.31653e+21	5.78e-23	2.35e-17	2.61e-14	4.04e-12	2.87e-08	2.34e-05	3.29e-03	7.44e-02	2.90e-01	3.85e-01	1.60e-01	5.46e-02	3.10e-02	6.63e-04	4.29e-06
 7.48486e+21	7.60e-23	3.12e-17	3.35e-14	5.00e-12	3.39e-08	2.69e-05	3.67e-03	8.06e-02	3.01e-01	3.83e-01	1.53e-01	5.07e-02	2.77e-02	5.68e-04	3.52e-06
 7.70369e+21	1.07e-22	4.49e-17	4.60e-14	6.54e-12	4.20e-08	3.20e-05	4.21e-03	8.91e-02	3.14e-01	3.78e-01	1.44e-01	4.60e-02	2.40e-02	4.66e-04	2.74e-06
 7.92803e+21	1.50e-22	6.48e-17	6.35e-14	8.61e-12	5.21e-08	3.82e-05	4.83e-03	9.85e-02	3.27e-01	3.73e-01	1.35e-01	4.16e-02	2.06e-02	3.80e-04	2.11e-06
 8.11083e+21	1.96e-22	8.70e-17	8.23e-14	1.07e-11	6.20e-08	4.39e-05	5.39e-03	1.07e-01	3.37e-01	3.68e-01	1.27e-01	3.82e-02	1.82e-02	3.21e-04	1.71e-06
 8.29980e+21	2.59e-22	1.17e-16	1.07e-13	1.34e-11	7.39e-08	5.06e-05	6.01e-03	1.15e-01	3.46e-01	3.61e-01	1.20e-01	3.50e-02	1.61e-02	2.71e-04	1.38e-06
 8.54546e+21	3.68e-22	1.71e-16	1.49e-13	1.78e-11	9.25e-08	6.05e-05	6.90e-03	1.27e-01	3.58e-01	3.53e-01	1.11e-01	3.13e-02	1.37e-02	2.17e-04	1.05e-06
 8.79337e+21	5.13e-22	2.48e-16	2.07e-13	2.37e-11	1.16e-07	7.23e-05	7.90e-03	1.39e-01	3.69e-01	3.43e-01	1.02e-01	2.78e-02	1.16e-02	1.74e-04	7.91e-07
 8.98941e+21	6.64e-22	3.32e-16	2.68e-13	2.95e-11	1.38e-07	8.30e-05	8.76e-03	1.50e-01	3.76e-01	3.34e-01	9.52e-02	2.54e-02	1.01e-02	1.46e-04	6.35e-07
 9.18947e+21	8.64e-22	4.42e-16	3.45e-13	3.67e-11	1.63e-07	9.50e-05	9.70e-03	1.60e-01	3.83e-01	3.26e-01	8.88e-02	2.31e-02	8.88e-03	1.22e-04	5.10e-07
 9.44956e+21	1.21e-21	6.36e-16	4.77e-13	4.85e-11	2.03e-07	1.13e-04	1.10e-02	1.74e-01	3.92e-01	3.14e-01	8.11e-02	2.04e-02	7.47e-03	9.72e-05	3.84e-07
 9.72034e+21	1.67e-21	9.23e-16	6.64e-13	6.45e-11	2.55e-07	1.34e-04	1.25e-02	1.90e-01	3.99e-01	3.01e-01	7.36e-02	1.79e-02	6.24e-03	7.67e-05	2.86e-07
 9.94688e+21	2.18e-21	1.25e-15	8.69e-13	8.14e-11	3.06e-07	1.55e-04	1.39e-02	2.03e-01	4.04e-01	2.90e-01	6.77e-02	1.61e-02	5.38e-03	6.30e-05	2.24e-07
 1.01832e+22	2.88e-21	1.69e-15	1.14e-12	1.03e-10	3.68e-07	1.79e-04	1.54e-02	2.17e-01	4.08e-01	2.79e-01	6.22e-02	1.44e-02	4.61e-03	5.15e-05	1.75e-07
 1.04904e+22	4.08e-21	2.49e-15	1.61e-12	1.39e-10	4.65e-07	2.14e-04	1.76e-02	2.35e-01	4.11e-01	2.64e-01	5.55e-02	1.24e-02	3.78e-03	3.98e-05	1.27e-07
 1.08064e+22	5.68e-21	3.66e-15	2.27e-12	1.87e-10	5.89e-07	2.56e-04	1.99e-02	2.54e-01	4.14e-01	2.49e-01	4.93e-02	1.07e-02	3.08e-03	3.05e-05	0.00e+00
 1.10662e+22	7.38e-21	4.97e-15	2.98e-12	2.38e-10	7.10e-07	2.95e-04	2.20e-02	2.70e-01	4.14e-01	2.37e-01	4.48e-02	9.46e-03	2.61e-03	2.46e-05	0.00e+00
 1.13365e+22	9.72e-21	6.75e-15	3.92e-12	3.03e-10	8.57e-07	3.40e-04	2.43e-02	2.86e-01	4.14e-01	2.25e-01	4.05e-02	8.33e-03	2.21e-03	1.98e-05	0.00e+00
 1.16185e+22	1.27e-20	9.23e-15	5.20e-12	3.87e-10	1.04e-06	3.92e-04	2.69e-02	3.02e-01	4.12e-01	2.12e-01	3.64e-02	7.29e-03	1.85e-03	1.58e-05	0.00e+00
 1.18549e+22	1.57e-20	1.19e-14	6.53e-12	4.73e-10	1.21e-06	4.41e-04	2.91e-02	3.16e-01	4.10e-01	2.02e-01	3.33e-02	6.53e-03	1.60e-03	1.31e-05	0.00e+00
 1.21015e+22	1.97e-20	1.54e-14	8.22e-12	5.78e-10	1.42e-06	4.95e-04	3.16e-02	3.30e-01	4.08e-01	1.92e-01	3.04e-02	5.82e-03	1.37e-03	1.08e-05	0.00e+00
 1.24220e+22	2.63e-20	2.12e-14	1.10e-11	7.45e-10	1.73e-06	5.73e-04	3.49e-02	3.48e-01	4.03e-01	1.80e-01	2.70e-02	5.03e-03	1.13e-03	8.44e-06	0.00e+00
 1.27518e+22	3.44e-20	2.93e-14	1.47e-11	9.62e-10	2.11e-06	6.63e-04	3.84e-02	3.66e-01	3.98e-01	1.68e-01	2.39e-02	4.32e-03	9.31e-04	6.56e-06	0.00e+00
 1.30197e+22	4.24e-20	3.79e-14	1.86e-11	1.18e-09	2.48e-06	7.46e-04	4.16e-02	3.81e-01	3.92e-01	1.58e-01	2.16e-02	3.82e-03	7.92e-04	5.34e-06	0.00e+00
 1.32941e+22	5.28e-20	4.85e-14	2.32e-11	1.44e-09	2.88e-06	8.32e-04	4.47e-02	3.95e-01	3.87e-01	1.49e-01	1.96e-02	3.39e-03	6.79e-04	4.39e-06	0.00e+00
 1.36508e+22	6.97e-20	6.65e-14	3.08e-11	1.84e-09	3.50e-06	9.58e-04	4.90e-02	4.12e-01	3.79e-01	1.38e-01	1.72e-02	2.90e-03	5.54e-04	3.40e-06	0.00e+00
 1.40176e+22	9.00e-20	9.12e-14	4.10e-11	2.37e-09	4.24e-06	1.10e-03	5.36e-02	4.30e-01	3.70e-01	1.28e-01	1.51e-02	2.46e-03	4.51e-04	2.62e-06	0.00e+00
 1.43176e+22	1.10e-19	1.17e-13	5.16e-11	2.90e-09	4.96e-06	1.23e-03	5.76e-02	4.44e-01	3.62e-01	1.19e-01	1.35e-02	2.16e-03	3.80e-04	2.11e-06	0.00e+00
 1.46278e+22	1.36e-19	1.50e-13	6.43e-11	3.52e-09	5.76e-06	1.37e-03	6.16e-02	4.56e-01	3.55e-01	1.12e-01	1.21e-02	1.90e-03	3.23e-04	1.72e-06	0.00e+00
 1.50310e+22	1.79e-19	2.05e-13	8.53e-11	4.52e-09	6.97e-06	1.57e-03	6.71e-02	4.73e-01	3.44e-01	1.02e-01	1.05e-02	1.60e-03	2.60e-04	1.31e-06	0.00e+00
 1.54480e+22	2.29e-19	2.80e-13	1.13e-10	5.81e-09	8.45e-06	1.80e-03	7.30e-02	4.89e-01	3.32e-01	9.34e-02	9.11e-03	1.35e-03	2.09e-04	9.94e-07	0.00e+00
 1.57930e+22	2.79e-19	3.61e-13	1.43e-10	7.13e-09	9.87e-06	2.01e-03	7.81e-02	5.01e-01	3.23e-01	8.65e-02	8.07e-03	1.17e-03	1.74e-04	7.91e-07	0.00e+00
 1.61515e+22	3.46e-19	4.62e-13	1.79e-10	8.68e-09	1.15e-05	2.23e-03	8.33e-02	5.13e-01	3.13e-01	8.02e-02	7.18e-03	1.01e-03	1.46e-04	6.33e-07	0.00e+00
 1.66176e+22	4.54e-19	6.31e-13	2.37e-10	1.12e-08	1.39e-05	2.55e-03	9.02e-02	5.27e-01	3.01e-01	7.26e-02	6.15e-03	8.43e-04	1.16e-04	4.75e-07	0.00e+00
 1.71023e+22	5.80e-19	8.67e-13	3.17e-10	1.44e-08	1.69e-05	2.92e-03	9.78e-02	5.40e-01	2.88e-01	6.54e-02	5.24e-03	6.98e-04	9.13e-05	3.53e-07	0.00e+00
 1.75080e+22	7.04e-19	1.12e-12	4.00e-10	1.77e-08	1.97e-05	3.25e-03	1.04e-01	5.50e-01	2.77e-01	6.00e-02	4.60e-03	5.98e-04	7.51e-05	2.77e-07	0.00e+00
 1.79324e+22	8.78e-19	1.45e-12	5.05e-10	2.18e-08	2.31e-05	3.62e-03	1.11e-01	5.60e-01	2.66e-01	5.49e-02	4.02e-03	5.11e-04	6.17e-05	2.17e-07	0.00e+00
 1.84840e+22	1.16e-18	1.99e-12	6.76e-10	2.82e-08	2.80e-05	4.14e-03	1.20e-01	5.71e-01	2.52e-01	4.90e-02	3.39e-03	4.18e-04	4.81e-05	1.59e-07	0.00e+00
 1.90016e+22	1.42e-18	2.68e-12	8.88e-10	3.60e-08	3.37e-05	4.69e-03	1.28e-01	5.80e-01	2.40e-01	4.39e-02	2.88e-03	3.45e-04	3.79e-05	0.00e+00	0.00e+00
 1.93558e+22	1.64e-18	3.25e-12	1.06e-09	4.20e-08	3.78e-05	5.07e-03	1.34e-01	5.85e-01	2.32e-01	4.09e-02	2.60e-03	3.05e-04	3.25e-05	0.00e+00	0.00e+00
 1.96972e+22	1.90e-18	3.89e-12	1.25e-09	4.86e-08	4.22e-05	5.46e-03	1.40e-01	5.90e-01	2.24e-01	3.82e-02	2.35e-03	2.71e-04	2.81e-05	0.00e+00	0.00e+00
 2.01410e+22	2.32e-18	4.89e-12	1.54e-09	5.86e-08	4.85e-05	6.00e-03	1.47e-01	5.95e-01	2.14e-01	3.50e-02	2.06e-03	2.33e-04	2.33e-05	0.00e+00	0.00e+00
 2.06419e+22	2.82e-18	6.29e-12	1.94e-09	7.20e-08	5.66e-05	6.65e-03	1.56e-01	6.00e-01	2.04e-01	3.17e-02	1.78e-03	1.97e-04	1.89e-05	0.00e+00	0.00e+00
 2.11127e+22	3.37e-18	7.91e-12	2.40e-09	8.69e-08	6.51e-05	7.30e-03	1.64e-01	6.04e-01	1.94e-01	2.89e-02	1.56e-03	1.69e-04	1.56e-05	0.00e+00	0.00e+00
 2.15483e+22	3.96e-18	9.72e-12	2.89e-09	1.03e-07	7.39e-05	7.94e-03	1.71e-01	6.07e-01	1.86e-01	2.65e-02	1.38e-03	1.47e-04	1.31e-05	0.00e+00	0.00e+00
 2.20424e+22	4.80e-18	1.22e-11	3.56e-09	1.24e-07	8.47e-05	8.70e-03	1.79e-01	6.09e-01	1.77e-01	2.42e-02	1.21e-03	1.25e-04	1.08e-05	0.00e+00	0.00e+00
 2.26848e+22	6.15e-18	1.61e-11	4.61e-09	1.56e-07	1.01e-04	9.74e-03	1.90e-01	6.11e-01	1.66e-01	2.14e-02	1.02e-03	1.03e-04	8.48e-06	0.00e+00	0.00e+00
 2.33332e+22	7.54e-18	2.13e-11	5.97e-09	1.96e-07	1.19e-04	1.09e-02	2.01e-01	6.12e-01	1.56e-01	1.90e-02	8.57e-04	8.44e-05	6.64e-06	0.00e+00	0.00e+00
 2.38454e+22	8.83e-18	2.64e-11	7.26e-09	2.34e-07	1.36e-04	1.19e-02	2.10e-01	6.12e-01	1.48e-01	1.73e-02	7.50e-04	7.25e-05	5.50e-06	0.00e+00	0.00e+00
 2.43672e+22	1.05e-17	3.25e-11	8.80e-09	2.78e-07	1.54e-04	1.29e-02	2.19e-01	6.11e-01	1.40e-01	1.58e-02	6.58e-04	6.24e-05	4.57e-06	0.00e+00	0.00e+00
 2.50455e+22	1.34e-17	4.21e-11	1.12e-08	3.45e-07	1.81e-04	1.43e-02	2.30e-01	6.10e-01	1.31e-01	1.40e-02	5.57e-04	5.16e-05	3.62e-06	0.00e+00	0.00e+00
 2.57673e+22	1.65e-17	5.52e-11	1.44e-08	4.32e-07	2.13e-04	1.59e-02	2.42e-01	6.07e-01	1.22e-01	1.23e-02	4.67e-04	4.22e-05	2.83e-06	0.00e+00	0.00e+00
 2.63933e+22	1.96e-17	6.93e-11	1.78e-08	5.24e-07	2.46e-04	1.74e-02	2.52e-01	6.04e-01	1.15e-01	1.11e-02	4.02e-04	3.55e-05	2.29e-06	0.00e+00	0.00e+00
 2.70549e+22	2.43e-17	8.70e-11	2.19e-08	6.32e-07	2.82e-04	1.90e-02	2.63e-01	6.00e-01	1.08e-01	9.92e-03	3.46e-04	2.99e-05	1.86e-06	0.00e+00	0.00e+00
 2.79150e+22	3.21e-17	1.16e-10	2.85e-08	8.01e-07	3.35e-04	2.12e-02	2.76e-01	5.94e-01	9.96e-02	8.63e-03	2.86e-04	2.41e-05	1.42e-06	0.00e+00	0.00e+00
 2.88090e+22	4.05e-17	1.55e-10	3.74e-08	1.02e-06	4.00e-04	2.37e-02	2.90e-01	5.86e-01	9.14e-02	7.47e-03	2.34e-04	1.92e-05	1.08e-06	0.00e+00	0.00e+00
 2.95568e+22	4.87e-17	1.95e-10	4.65e-08	1.25e-06	4.63e-04	2.59e-02	3.02e-01	5.80e-01	8.50e-02	6.62e-03	1.99e-04	1.60e-05	8.60e-07	0.00e+00	0.00e+00
 3.03389e+22	6.17e-17	2.46e-10	5.76e-08	1.51e-06	5.31e-04	2.83e-02	3.14e-01	5.72e-01	7.93e-02	5.89e-03	1.70e-04	1.34e-05	6.90e-07	0.00e+00	0.00e+00
 3.13556e+22	8.35e-17	3.28e-10	7.52e-08	1.92e-06	6.33e-04	3.15e-02	3.28e-01	5.62e-01	7.23e-02	5.07e-03	1.39e-04	1.06e-05	5.22e-07	0.00e+00	0.00e+00
 3.24325e+22	1.09e-16	4.42e-10	9.94e-08	2.47e-06	7.59e-04	3.52e-02	3.43e-01	5.51e-01	6.56e-02	4.32e-03	1.12e-04	8.35e-06	3.88e-07	0.00e+00	0.00e+00
 3.32587e+22	1.29e-16	5.52e-10	1.22e-07	2.98e-06	8.68e-04	3.83e-02	3.55e-01	5.41e-01	6.09e-02	3.83e-03	9.53e-05	6.97e-06	3.11e-07	0.00e+00	0.00e+00
 3.38792e+22	1.48e-16	6.47e-10	1.42e-07	3.40e-06	9.55e-04	4.06e-02	3.63e-01	5.34e-01	5.77e-02	3.51e-03	8.49e-05	6.12e-06	2.66e-07	0.00e+00	0.00e+00
 3.45617e+22	1.76e-16	7.67e-10	1.66e-07	3.93e-06	1.06e-03	4.32e-02	3.72e-01	5.26e-01	5.43e-02	3.19e-03	7.48e-05	5.31e-06	2.23e-07	0.00e+00	0.00e+00
 3.54490e+22	2.31e-16	9.49e-10	2.02e-07	4.68e-06	1.20e-03	4.66e-02	3.82e-01	5.16e-01	5.05e-02	2.85e-03	6.42e-05	4.47e-06	1.81e-07	0.00e+00	0.00e+00
 3.66025e+22	3.17e-16	1.24e-09	2.58e-07	5.85e-06	1.41e-03	5.13e-02	3.96e-01	5.03e-01	4.58e-02	2.45e-03	5.26e-05	3.58e-06	1.38e-07	0.00e+00	0.00e+00
 3.77785e+22	4.11e-16	1.61e-09	3.31e-07	7.33e-06	1.65e-03	5.64e-02	4.09e-01	4.89e-01	4.15e-02	2.10e-03	4.30e-05	2.85e-06	0.00e+00	0.00e+00	0.00e+00
 3.86879e+22	4.92e-16	1.97e-09	3.98e-07	8.66e-06	1.86e-03	6.05e-02	4.19e-01	4.78e-01	3.85e-02	1.87e-03	3.69e-05	2.41e-06	0.00e+00	0.00e+00	0.00e+00
 3.95740e+22	5.93e-16	2.36e-09	4.72e-07	1.01e-05	2.08e-03	6.46e-02	4.28e-01	4.68e-01	3.59e-02	1.68e-03	3.21e-05	2.06e-06	0.00e+00	0.00e+00	0.00e+00
 4.07260e+22	8.35e-16	2.97e-09	5.82e-07	1.22e-05	2.37e-03	6.97e-02	4.39e-01	4.55e-01	3.29e-02	1.47e-03	2.70e-05	1.70e-06	0.00e+00	0.00e+00	0.00e+00
 4.19740e+22	1.12e-15	3.79e-09	7.30e-07	1.49e-05	2.73e-03	7.58e-02	4.50e-01	4.40e-01	2.98e-02	1.27e-03	2.24e-05	1.37e-06	0.00e+00	0.00e+00	0.00e+00
 4.30795e+22	1.37e-15	4.67e-09	8.86e-07	1.78e-05	3.10e-03	8.15e-02	4.60e-01	4.27e-01	2.73e-02	1.11e-03	1.89e-05	1.14e-06	0.00e+00	0.00e+00	0.00e+00
 4.42492e+22	1.85e-15	5.75e-09	1.07e-06	2.11e-05	3.49e-03	8.72e-02	4.68e-01	4.15e-01	2.51e-02	9.83e-04	1.61e-05	9.53e-07	0.00e+00	0.00e+00	0.00e+00
 4.57698e+22	2.68e-15	7.44e-09	1.36e-06	2.60e-05	4.04e-03	9.48e-02	4.79e-01	3.99e-01	2.25e-02	8.38e-04	1.31e-05	7.59e-07	0.00e+00	0.00e+00	0.00e+00
 4.73415e+22	3.64e-15	9.68e-09	1.74e-06	3.25e-05	4.72e-03	1.03e-01	4.89e-01	3.82e-01	2.01e-02	7.07e-04	1.06e-05	5.97e-07	0.00e+00	0.00e+00	0.00e+00
 4.86252e+22	4.54e-15	1.19e-08	2.10e-06	3.86e-05	5.31e-03	1.10e-01	4.97e-01	3.68e-01	1.83e-02	6.19e-04	8.93e-06	4.95e-07	0.00e+00	0.00e+00	0.00e+00
 4.99396e+22	5.90e-15	1.45e-08	2.52e-06	4.54e-05	5.94e-03	1.18e-01	5.03e-01	3.56e-01	1.67e-02	5.45e-04	7.59e-06	4.14e-07	0.00e+00	0.00e+00	0.00e+00
 5.16484e+22	8.90e-15	1.85e-08	3.15e-06	5.54e-05	6.82e-03	1.27e-01	5.11e-01	3.40e-01	1.50e-02	4.65e-04	6.21e-06	3.31e-07	0.00e+00	0.00e+00	0.00e+00
 5.34824e+22	1.25e-14	2.40e-08	4.00e-06	6.86e-05	7.90e-03	1.37e-01	5.18e-01	3.23e-01	1.33e-02	3.91e-04	5.00e-06	2.60e-07	0.00e+00	0.00e+00	0.00e+00
 5.50849e+22	1.60e-14	2.99e-08	4.88e-06	8.19e-05	8.92e-03	1.46e-01	5.23e-01	3.09e-01	1.19e-02	3.38e-04	4.15e-06	2.12e-07	0.00e+00	0.00e+00	0.00e+00
 5.67742e+22	2.26e-14	3.70e-08	5.92e-06	9.71e-05	1.00e-02	1.56e-01	5.28e-01	2.96e-01	1.08e-02	2.93e-04	3.48e-06	1.74e-07	0.00e+00	0.00e+00	0.00e+00
 5.89453e+22	3.33e-14	4.80e-08	7.50e-06	1.20e-04	1.15e-02	1.68e-01	5.32e-01	2.79e-01	9.48e-03	2.45e-04	2.79e-06	1.36e-07	0.00e+00	0.00e+00	0.00e+00
 6.12280e+22	4.80e-14	6.29e-08	9.59e-06	1.49e-04	1.34e-02	1.81e-01	5.35e-01	2.62e-01	8.26e-03	2.03e-04	2.20e-06	0.00e+00	0.00e+00	0.00e+00	0.00e+00
 6.31976e+22	6.20e-14	7.83e-08	1.17e-05	1.78e-04	1.51e-02	1.92e-01	5.37e-01	2.48e-01	7.34e-03	1.73e-04	1.81e-06	0.00e+00	0.00e+00	0.00e+00	0.00e+00
 6.52752e+22	8.81e-14	9.72e-08	1.42e-05	2.11e-04	1.69e-02	2.03e-01	5.37e-01	2.35e-01	6.56e-03	1.49e-04	1.50e-06	0.00e+00	0.00e+00	0.00e+00	0.00e+00
 6.78402e+22	1.28e-13	1.25e-07	1.79e-05	2.59e-04	1.93e-02	2.17e-01	5.37e-01	2.20e-01	5.72e-03	1.24e-04	1.19e-06	0.00e+00	0.00e+00	0.00e+00	0.00e+00
 7.03258e+22	1.71e-13	1.60e-07	2.23e-05	3.15e-04	2.20e-02	2.31e-01	5.35e-01	2.06e-01	4.97e-03	1.03e-04	9.52e-07	0.00e+00	0.00e+00	0.00e+00	0.00e+00
 7.23164e+22	2.16e-13	1.92e-07	2.63e-05	3.64e-04	2.42e-02	2.42e-01	5.33e-01	1.96e-01	4.48e-03	9.02e-05	8.05e-07	0.00e+00	0.00e+00	0.00e+00	0.00e+00
 7.43765e+22	2.78e-13	2.29e-07	3.09e-05	4.19e-04	2.66e-02	2.52e-01	5.31e-01	1.86e-01	4.05e-03	7.89e-05	6.83e-07	0.00e+00	0.00e+00	0.00e+00	0.00e+00
 7.70547e+22	3.99e-13	2.84e-07	3.75e-05	4.98e-04	2.97e-02	2.66e-01	5.27e-01	1.74e-01	3.56e-03	6.68e-05	5.57e-07	0.00e+00	0.00e+00	0.00e+00	0.00e+00
 8.00554e+22	5.69e-13	3.61e-07	4.64e-05	5.99e-04	3.35e-02	2.80e-01	5.21e-01	1.62e-01	3.09e-03	5.58e-05	4.46e-07	0.00e+00	0.00e+00	0.00e+00	0.00e+00
 8.27774e+22	7.38e-13	4.44e-07	5.60e-05	7.08e-04	3.73e-02	2.94e-01	5.15e-01	1.51e-01	2.70e-03	4.72e-05	3.63e-07	0.00e+00	0.00e+00	0.00e+00	0.00e+00
 8.51956e+22	9.26e-13	5.27e-07	6.53e-05	8.11e-04	4.07e-02	3.05e-01	5.09e-01	1.42e-01	2.43e-03	4.11e-05	3.07e-07	0.00e+00	0.00e+00	0.00e+00	0.00e+00
 8.79168e+22	1.23e-12	6.30e-07	7.67e-05	9.36e-04	4.46e-02	3.17e-01	5.02e-01	1.33e-01	2.15e-03	3.55e-05	2.56e-07	0.00e+00	0.00e+00	0.00e+00	0.00e+00
 9.13057e+22	1.71e-12	7.78e-07	9.25e-05	1.10e-03	4.94e-02	3.30e-01	4.94e-01	1.24e-01	1.88e-03	2.99e-05	2.08e-07	0.00e+00	0.00e+00	0.00e+00	0.00e+00
 9.48614e+22	2.33e-12	9.69e-07	1.13e-04	1.31e-03	5.50e-02	3.44e-01	4.84e-01	1.14e-01	1.62e-03	2.49e-05	1.66e-07	0.00e+00	0.00e+00	0.00e+00	0.00e+00
 9.80680e+22	2.99e-12	1.17e-06	1.33e-04	1.52e-03	6.03e-02	3.57e-01	4.74e-01	1.06e-01	1.42e-03	2.12e-05	1.36e-07	0.00e+00	0.00e+00	0.00e+00	0.00e+00
 1.01522e+23	3.85e-12	1.40e-06	1.56e-04	1.75e-03	6.58e-02	3.68e-01	4.64e-01	9.85e-02	1.25e-03	1.82e-05	0.00e+00	0.00e+00	0.00e+00	0.00e+00	0.00e+00
 1.05605e+23	5.35e-12	1.71e-06	1.87e-04	2.05e-03	7.25e-02	3.81e-01	4.52e-01	9.05e-02	1.08e-03	1.52e-05	0.00e+00	0.00e+00	0.00e+00	0.00e+00	0.00e+00
 1.09796e+23	7.16e-12	2.09e-06	2.23e-04	2.40e-03	7.99e-02	3.94e-01	4.40e-01	8.29e-02	9.24e-04	1.27e-05	0.00e+00	0.00e+00	0.00e+00	0.00e+00	0.00e+00
 1.13859e+23	9.12e-12	2.51e-06	2.63e-04	2.78e-03	8.70e-02	4.05e-01	4.28e-01	7.63e-02	8.02e-04	1.08e-05	0.00e+00	0.00e+00	0.00e+00	0.00e+00	0.00e+00
 1.18243e+23	1.22e-11	3.00e-06	3.07e-04	3.19e-03	9.45e-02	4.16e-01	4.15e-01	7.03e-02	6.98e-04	9.14e-06	0.00e+00	0.00e+00	0.00e+00	0.00e+00	0.00e+00
 1.23096e+23	1.62e-11	3.63e-06	3.63e-04	3.70e-03	1.03e-01	4.26e-01	4.02e-01	6.42e-02	5.99e-04	7.66e-06	0.00e+00	0.00e+00	0.00e+00	0.00e+00	0.00e+00
 1.28143e+23	2.13e-11	4.35e-06	4.26e-04	4.26e-03	1.12e-01	4.36e-01	3.88e-01	5.87e-02	5.15e-04	6.44e-06	0.00e+00	0.00e+00	0.00e+00	0.00e+00	0.00e+00
 1.33392e+23	2.80e-11	5.19e-06	4.98e-04	4.89e-03	1.21e-01	4.45e-01	3.74e-01	5.36e-02	4.44e-04	5.43e-06	0.00e+00	0.00e+00	0.00e+00	0.00e+00	0.00e+00
 1.38851e+23	3.65e-11	6.16e-06	5.77e-04	5.59e-03	1.31e-01	4.53e-01	3.61e-01	4.90e-02	3.83e-04	4.59e-06	0.00e+00	0.00e+00	0.00e+00	0.00e+00	0.00e+00
 1.44529e+23	4.74e-11	7.26e-06	6.67e-04	6.34e-03	1.41e-01	4.60e-01	3.47e-01	4.48e-02	3.31e-04	3.90e-06	0.00e+00	0.00e+00	0.00e+00	0.00e+00	0.00e+00
 1.50434e+23	6.12e-11	8.51e-06	7.65e-04	7.17e-03	1.50e-01	4.66e-01	3.34e-01	4.10e-02	2.87e-04	3.32e-06	0.00e+00	0.00e+00	0.00e+00	0.00e+00	0.00e+00
 1.56574e+23	7.85e-11	9.91e-06	8.73e-04	8.05e-03	1.60e-01	4.72e-01	3.21e-01	3.76e-02	2.50e-04	2.84e-06	0.00e+00	0.00e+00	0.00e+00	0.00e+00	0.00e+00
 1.62961e+23	1.01e-10	1.15e-05	9.90e-04	8.98e-03	1.70e-01	4.76e-01	3.09e-01	3.46e-02	2.19e-04	2.45e-06	0.00e+00	0.00e+00	0.00e+00	0.00e+00	0.00e+00
 1.69603e+23	1.26e-10	1.32e-05	1.12e-03	1.00e-02	1.80e-01	4.80e-01	2.97e-01	3.18e-02	1.91e-04	2.12e-06	0.00e+00	0.00e+00	0.00e+00	0.00e+00	0.00e+00
 1.76510e+23	1.56e-10	1.51e-05	1.25e-03	1.10e-02	1.90e-01	4.82e-01	2.86e-01	2.93e-02	1.68e-04	1.84e-06	0.00e+00	0.00e+00	0.00e+00	0.00e+00	0.00e+00
 1.83694e+23	1.94e-10	1.71e-05	1.39e-03	1.21e-02	2.00e-01	4.84e-01	2.75e-01	2.71e-02	1.49e-04	1.61e-06	0.00e+00	0.00e+00	0.00e+00	0.00e+00	0.00e+00
 1.91165e+23	2.40e-10	1.92e-05	1.54e-03	1.33e-02	2.09e-01	4.86e-01	2.65e-01	2.51e-02	1.33e-04	1.42e-06	0.00e+00	0.00e+00	0.00e+00	0.00e+00	0.00e+00
 1.98935e+23	2.89e-10	2.15e-05	1.69e-03	1.44e-02	2.18e-01	4.87e-01	2.56e-01	2.34e-02	1.18e-04	1.26e-06	0.00e+00	0.00e+00	0.00e+00	0.00e+00	0.00e+00
 2.07016e+23	3.51e-10	2.39e-05	1.85e-03	1.56e-02	2.27e-01	4.87e-01	2.47e-01	2.18e-02	1.06e-04	1.12e-06	0.00e+00	0.00e+00	0.00e+00	0.00e+00	0.00e+00
 2.15420e+23	4.23e-10	2.64e-05	2.01e-03	1.67e-02	2.35e-01	4.87e-01	2.39e-01	2.04e-02	9.63e-05	1.01e-06	0.00e+00	0.00e+00	0.00e+00	0.00e+00	0.00e+00
 2.23993e+23	5.20e-10	2.88e-05	2.16e-03	1.78e-02	2.42e-01	4.87e-01	2.32e-01	1.93e-02	8.84e-05	9.19e-07	0.00e+00	0.00e+00	0.00e+00	0.00e+00	0.00e+00
 2.32142e+23	5.86e-10	3.13e-05	2.31e-03	1.89e-02	2.50e-01	4.86e-01	2.25e-01	1.82e-02	8.11e-05	8.38e-07	0.00e+00	0.00e+00	0.00e+00	0.00e+00	0.00e+00
 2.39476e+23	6.93e-10	3.37e-05	2.45e-03	1.99e-02	2.56e-01	4.85e-01	2.19e-01	1.73e-02	7.51e-05	7.73e-07	0.00e+00	0.00e+00	0.00e+00	0.00e+00	0.00e+00
 2.46077e+23	7.68e-10	3.56e-05	2.57e-03	2.07e-02	2.61e-01	4.85e-01	2.15e-01	1.67e-02	7.10e-05	7.28e-07	0.00e+00	0.00e+00	0.00e+00	0.00e+00	0.00e+00
 2.52017e+23	8.43e-10	3.73e-05	2.67e-03	2.14e-02	2.65e-01	4.84e-01	2.11e-01	1.62e-02	6.77e-05	6.92e-07	0.00e+00	0.00e+00	0.00e+00	0.00e+00	0.00e+00
 2.57364e+23	8.95e-10	3.87e-05	2.76e-03	2.20e-02	2.68e-01	4.83e-01	2.08e-01	1.58e-02	6.50e-05	6.63e-07	0.00e+00	0.00e+00	0.00e+00	0.00e+00	0.00e+00
 2.62175e+23	9.48e-10	4.00e-05	2.83e-03	2.25e-02	2.71e-01	4.83e-01	2.05e-01	1.54e-02	6.28e-05	6.40e-07	0.00e+00	0.00e+00	0.00e+00	0.00e+00	0.00e+00
 2.66506e+23	9.93e-10	4.11e-05	2.89e-03	2.29e-02	2.73e-01	4.82e-01	2.03e-01	1.51e-02	6.13e-05	6.23e-07	0.00e+00	0.00e+00	0.00e+00	0.00e+00	0.00e+00
 2.70404e+23	1.03e-09	4.20e-05	2.94e-03	2.32e-02	2.75e-01	4.82e-01	2.02e-01	1.49e-02	5.99e-05	6.09e-07	0.00e+00	0.00e+00	0.00e+00	0.00e+00	0.00e+00
 2.73911e+23	1.07e-09	4.28e-05	2.99e-03	2.35e-02	2.77e-01	4.81e-01	2.00e-01	1.47e-02	5.88e-05	5.96e-07	0.00e+00	0.00e+00	0.00e+00	0.00e+00	0.00e+00
 2.77100e+23	1.09e-09	4.34e-05	3.03e-03	2.37e-02	2.78e-01	4.81e-01	1.99e-01	1.46e-02	5.80e-05	5.88e-07	0.00e+00	0.00e+00	0.00e+00	0.00e+00	0.00e+00
 2.80155e+23	1.10e-09	4.37e-05	3.05e-03	2.38e-02	2.79e-01	4.81e-01	1.99e-01	1.45e-02	5.76e-05	5.84e-07	0.00e+00	0.00e+00	0.00e+00	0.00e+00	0.00e+00
 2.83210e+23	1.12e-09	4.42e-05	3.07e-03	2.40e-02	2.80e-01	4.81e-01	1.98e-01	1.44e-02	5.69e-05	5.77e-07	0.00e+00	0.00e+00	0.00e+00	0.00e+00	0.00e+00
 2.86265e+23	1.13e-09	4.45e-05	3.09e-03	2.42e-02	2.80e-01	4.81e-01	1.97e-01	1.43e-02	5.65e-05	5.72e-07	0.00e+00	0.00e+00	0.00e+00	0.00e+00	0.00e+00
 2.89320e+23	1.14e-09	4.49e-05	3.12e-03	2.43e-02	2.81e-01	4.80e-01	1.97e-01	1.42e-02	5.59e-05	5.66e-07	0.00e+00	0.00e+00	0.00e+00	0.00e+00	0.00e+00
 2.92375e+23	1.15e-09	4.52e-05	3.13e-03	2.44e-02	2.82e-01	4.80e-01	1.96e-01	1.42e-02	5.56e-05	5.64e-07	0.00e+00	0.00e+00	0.00e+00	0.00e+00	0.00e+00
 2.95429e+23	1.16e-09	4.54e-05	3.14e-03	2.45e-02	2.82e-01	4.80e-01	1.96e-01	1.41e-02	5.53e-05	5.60e-07	0.00e+00	0.00e+00	0.00e+00	0.00e+00	0.00e+00
 2.98484e+23	1.16e-09	4.56e-05	3.16e-03	2.46e-02	2.83e-01	4.80e-01	1.96e-01	1.41e-02	5.51e-05	5.58e-07	0.00e+00	0.00e+00	0.00e+00	0.00e+00	0.00e+00
 3.01539e+23	1.17e-09	4.58e-05	3.17e-03	2.47e-02	2.83e-01	4.80e-01	1.95e-01	1.40e-02	5.47e-05	5.55e-07	0.00e+00	0.00e+00	0.00e+00	0.00e+00	0.00e+00
 3.04274e+23	1.18e-09	4.62e-05	3.19e-03	2.48e-02	2.84e-01	4.80e-01	1.95e-01	1.40e-02	5.44e-05	5.52e-07	0.00e+00	0.00e+00	0.00e+00	0.00e+00	0.00e+00
