#depth	C	C+	C+2	C+3	C+4	C+5	C+6	C[1]	C[2]	C[3]	C+[1]	C+[2]	CO
 6.17135e+19	7.15e-26	3.83e-19	3.99e-14	4.22e-10	2.27e-05	1.26e-02	9.87e-01	0.00e+00	0.00e+00	0.00e+00	0.00e+00	0.00e+00	1.71e-70
 1.87609e+20	1.81e-25	8.21e-19	7.24e-14	6.38e-10	2.99e-05	1.44e-02	9.86e-01	0.00e+00	0.00e+00	0.00e+00	0.00e+00	0.00e+00	1.50e-69
 2.83882e+20	3.63e-25	1.45e-18	1.13e-13	8.73e-10	3.68e-05	1.60e-02	9.84e-01	0.00e+00	0.00e+00	0.00e+00	0.00e+00	0.00e+00	7.45e-69
 3.32018e+20	5.10e-25	1.92e-18	1.41e-13	1.02e-09	4.06e-05	1.68e-02	9.83e-01	0.00e+00	0.00e+00	0.00e+00	0.00e+00	0.00e+00	1.62e-68
 3.58442e+20	6.12e-25	2.24e-18	1.58e-13	1.11e-09	4.29e-05	1.72e-02	9.83e-01	0.00e+00	0.00e+00	0.00e+00	0.00e+00	0.00e+00	2.47e-68
 3.82313e+20	7.24e-25	2.57e-18	1.77e-13	1.19e-09	4.51e-05	1.77e-02	9.82e-01	0.00e+00	0.00e+00	0.00e+00	0.00e+00	0.00e+00	3.63e-68
 4.13344e+20	8.86e-25	3.03e-18	2.01e-13	1.31e-09	4.79e-05	1.82e-02	9.82e-01	0.00e+00	0.00e+00	0.00e+00	0.00e+00	0.00e+00	5.78e-68
 4.53684e+20	1.16e-24	3.78e-18	2.39e-13	1.48e-09	5.19e-05	1.89e-02	9.81e-01	0.00e+00	0.00e+00	0.00e+00	0.00e+00	0.00e+00	1.06e-67
 4.96666e+20	1.53e-24	4.76e-18	2.87e-13	1.68e-09	5.64e-05	1.97e-02	9.80e-01	0.00e+00	0.00e+00	0.00e+00	0.00e+00	0.00e+00	2.00e-67
 5.34110e+20	1.93e-24	5.78e-18	3.34e-13	1.87e-09	6.06e-05	2.04e-02	9.80e-01	0.00e+00	0.00e+00	0.00e+00	0.00e+00	0.00e+00	3.44e-67
 5.73817e+20	2.47e-24	7.09e-18	3.92e-13	2.10e-09	6.52e-05	2.12e-02	9.79e-01	0.00e+00	0.00e+00	0.00e+00	0.00e+00	0.00e+00	6.01e-67
 6.18613e+20	3.24e-24	8.86e-18	4.68e-13	2.38e-09	7.08e-05	2.20e-02	9.78e-01	0.00e+00	0.00e+00	0.00e+00	0.00e+00	0.00e+00	1.11e-66
 6.61105e+20	4.16e-24	1.09e-17	5.52e-13	2.67e-09	7.63e-05	2.29e-02	9.77e-01	0.00e+00	0.00e+00	0.00e+00	0.00e+00	0.00e+00	1.97e-66
 7.01153e+20	5.23e-24	1.32e-17	6.42e-13	2.98e-09	8.19e-05	2.37e-02	9.76e-01	0.00e+00	0.00e+00	0.00e+00	0.00e+00	0.00e+00	3.33e-66
 7.40599e+20	6.53e-24	1.59e-17	7.43e-13	3.31e-09	8.76e-05	2.45e-02	9.75e-01	0.00e+00	0.00e+00	0.00e+00	0.00e+00	0.00e+00	5.51e-66
 7.79067e+20	8.07e-24	1.89e-17	8.54e-13	3.65e-09	9.35e-05	2.53e-02	9.75e-01	0.00e+00	0.00e+00	0.00e+00	0.00e+00	0.00e+00	8.91e-66
 8.22604e+20	1.02e-23	2.30e-17	9.97e-13	4.08e-09	1.00e-04	2.62e-02	9.74e-01	0.00e+00	0.00e+00	0.00e+00	0.00e+00	0.00e+00	1.52e-65
 8.69950e+20	1.31e-23	2.83e-17	1.17e-12	4.59e-09	1.08e-04	2.72e-02	9.73e-01	0.00e+00	0.00e+00	0.00e+00	0.00e+00	0.00e+00	2.67e-65
 9.12446e+20	1.62e-23	3.39e-17	1.36e-12	5.09e-09	1.16e-04	2.81e-02	9.72e-01	0.00e+00	0.00e+00	0.00e+00	0.00e+00	0.00e+00	4.37e-65
 9.57890e+20	2.04e-23	4.10e-17	1.58e-12	5.67e-09	1.25e-04	2.91e-02	9.71e-01	0.00e+00	0.00e+00	0.00e+00	0.00e+00	0.00e+00	7.32e-65
 1.00850e+21	2.61e-23	5.04e-17	1.86e-12	6.38e-09	1.35e-04	3.02e-02	9.70e-01	0.00e+00	0.00e+00	0.00e+00	5.04e-17	3.96e-21	1.28e-64
 1.05563e+21	3.26e-23	6.08e-17	2.16e-12	7.11e-09	1.44e-04	3.12e-02	9.69e-01	0.00e+00	0.00e+00	0.00e+00	6.08e-17	4.78e-21	2.13e-64
 1.09996e+21	4.01e-23	7.22e-17	2.48e-12	7.85e-09	1.54e-04	3.22e-02	9.68e-01	0.00e+00	0.00e+00	0.00e+00	7.22e-17	5.68e-21	3.41e-64
 1.15087e+21	5.04e-23	8.77e-17	2.89e-12	8.78e-09	1.66e-04	3.34e-02	9.66e-01	0.00e+00	0.00e+00	0.00e+00	8.76e-17	6.90e-21	5.75e-64
 1.20787e+21	6.49e-23	1.08e-16	3.43e-12	9.92e-09	1.79e-04	3.47e-02	9.65e-01	0.00e+00	0.00e+00	0.00e+00	1.08e-16	8.53e-21	1.02e-63
 1.25786e+21	8.04e-23	1.30e-16	3.96e-12	1.10e-08	1.92e-04	3.59e-02	9.64e-01	0.00e+00	0.00e+00	0.00e+00	1.30e-16	1.02e-20	1.66e-63
 1.29969e+21	9.59e-23	1.51e-16	4.46e-12	1.20e-08	2.03e-04	3.69e-02	9.63e-01	0.00e+00	0.00e+00	0.00e+00	1.51e-16	1.19e-20	2.48e-63
 1.34586e+21	1.16e-22	1.77e-16	5.07e-12	1.32e-08	2.16e-04	3.80e-02	9.62e-01	0.00e+00	0.00e+00	0.00e+00	1.77e-16	1.40e-20	3.82e-63
 1.40588e+21	1.47e-22	2.17e-16	5.97e-12	1.48e-08	2.33e-04	3.94e-02	9.60e-01	0.00e+00	0.00e+00	0.00e+00	2.16e-16	1.71e-20	6.60e-63
 1.46804e+21	1.88e-22	2.66e-16	7.04e-12	1.67e-08	2.52e-04	4.10e-02	9.59e-01	0.00e+00	0.00e+00	0.00e+00	2.66e-16	2.11e-20	1.15e-62
 1.51974e+21	2.30e-22	3.15e-16	8.07e-12	1.85e-08	2.69e-04	4.23e-02	9.57e-01	0.00e+00	0.00e+00	0.00e+00	3.15e-16	2.50e-20	1.81e-62
 1.57372e+21	2.79e-22	3.72e-16	9.22e-12	2.04e-08	2.86e-04	4.36e-02	9.56e-01	0.00e+00	0.00e+00	0.00e+00	3.72e-16	2.95e-20	2.84e-62
 1.64391e+21	3.59e-22	4.62e-16	1.10e-11	2.31e-08	3.11e-04	4.54e-02	9.54e-01	0.00e+00	0.00e+00	0.00e+00	4.62e-16	3.66e-20	5.05e-62
 1.71611e+21	4.62e-22	5.73e-16	1.30e-11	2.62e-08	3.38e-04	4.72e-02	9.52e-01	0.00e+00	0.00e+00	0.00e+00	5.73e-16	4.55e-20	9.00e-62
 1.77551e+21	5.65e-22	6.81e-16	1.50e-11	2.90e-08	3.61e-04	4.88e-02	9.51e-01	0.00e+00	0.00e+00	0.00e+00	6.81e-16	5.41e-20	1.43e-61
 1.83730e+21	6.92e-22	8.11e-16	1.73e-11	3.22e-08	3.86e-04	5.04e-02	9.49e-01	0.00e+00	0.00e+00	0.00e+00	8.11e-16	6.45e-20	2.28e-61
 1.90512e+21	8.61e-22	9.79e-16	2.01e-11	3.59e-08	4.15e-04	5.22e-02	9.47e-01	0.00e+00	0.00e+00	0.00e+00	9.79e-16	7.79e-20	3.78e-61
 1.96706e+21	1.04e-21	1.16e-15	2.30e-11	3.97e-08	4.43e-04	5.38e-02	9.46e-01	0.00e+00	0.00e+00	0.00e+00	1.16e-15	9.22e-20	5.90e-61
 2.03388e+21	1.28e-21	1.38e-15	2.65e-11	4.41e-08	4.74e-04	5.56e-02	9.44e-01	0.00e+00	0.00e+00	0.00e+00	1.38e-15	1.10e-19	9.45e-61
 2.10862e+21	1.60e-21	1.68e-15	3.10e-11	4.94e-08	5.11e-04	5.77e-02	9.42e-01	0.00e+00	0.00e+00	0.00e+00	1.68e-15	1.34e-19	1.58e-60
 2.17903e+21	1.95e-21	2.00e-15	3.57e-11	5.49e-08	5.47e-04	5.96e-02	9.40e-01	0.00e+00	0.00e+00	0.00e+00	2.00e-15	1.60e-19	2.53e-60
 2.25595e+21	2.42e-21	2.42e-15	4.16e-11	6.14e-08	5.88e-04	6.17e-02	9.38e-01	0.00e+00	0.00e+00	0.00e+00	2.42e-15	1.93e-19	4.17e-60
 2.34148e+21	3.05e-21	2.97e-15	4.91e-11	6.93e-08	6.37e-04	6.41e-02	9.35e-01	0.00e+00	0.00e+00	0.00e+00	2.96e-15	2.37e-19	7.18e-60
 2.42162e+21	3.76e-21	3.58e-15	5.71e-11	7.75e-08	6.85e-04	6.64e-02	9.33e-01	0.00e+00	0.00e+00	0.00e+00	3.58e-15	2.85e-19	1.18e-59
 2.50925e+21	4.70e-21	4.36e-15	6.71e-11	8.72e-08	7.40e-04	6.89e-02	9.30e-01	0.00e+00	0.00e+00	0.00e+00	4.36e-15	3.48e-19	1.99e-59
 2.60767e+21	5.98e-21	5.43e-15	8.00e-11	9.93e-08	8.05e-04	7.18e-02	9.27e-01	0.00e+00	0.00e+00	0.00e+00	5.43e-15	4.33e-19	3.54e-59
 2.69536e+21	7.37e-21	6.56e-15	9.32e-11	1.11e-07	8.67e-04	7.44e-02	9.25e-01	0.00e+00	0.00e+00	0.00e+00	6.56e-15	5.24e-19	5.82e-59
 2.77075e+21	8.76e-21	7.69e-15	1.06e-10	1.22e-07	9.22e-04	7.66e-02	9.22e-01	0.00e+00	0.00e+00	0.00e+00	7.69e-15	6.15e-19	8.82e-59
 2.85495e+21	1.06e-20	9.17e-15	1.22e-10	1.36e-07	9.88e-04	7.91e-02	9.20e-01	0.00e+00	0.00e+00	0.00e+00	9.17e-15	7.33e-19	1.40e-58
 2.96441e+21	1.34e-20	1.14e-14	1.45e-10	1.54e-07	1.07e-03	8.23e-02	9.17e-01	0.00e+00	0.00e+00	0.00e+00	1.14e-14	9.09e-19	2.46e-58
 3.07536e+21	1.70e-20	1.42e-14	1.75e-10	1.77e-07	1.17e-03	8.58e-02	9.13e-01	0.00e+00	0.00e+00	0.00e+00	1.42e-14	1.14e-18	4.39e-58
 3.16315e+21	2.03e-20	1.69e-14	2.00e-10	1.96e-07	1.25e-03	8.86e-02	9.10e-01	0.00e+00	0.00e+00	0.00e+00	1.69e-14	1.35e-18	6.79e-58
 3.25214e+21	2.43e-20	2.00e-14	2.30e-10	2.16e-07	1.34e-03	9.14e-02	9.07e-01	0.00e+00	0.00e+00	0.00e+00	2.00e-14	1.60e-18	1.05e-57
 3.36783e+21	3.03e-20	2.47e-14	2.72e-10	2.46e-07	1.45e-03	9.50e-02	9.04e-01	0.00e+00	0.00e+00	0.00e+00	2.47e-14	1.97e-18	1.81e-57
 3.48826e+21	3.81e-20	3.09e-14	3.26e-10	2.81e-07	1.58e-03	9.90e-02	8.99e-01	0.00e+00	0.00e+00	0.00e+00	3.09e-14	2.47e-18	3.19e-57
 3.58833e+21	4.56e-20	3.69e-14	3.77e-10	3.12e-07	1.70e-03	1.02e-01	8.96e-01	0.00e+00	0.00e+00	0.00e+00	3.69e-14	2.95e-18	5.00e-57
 3.69191e+21	5.49e-20	4.43e-14	4.37e-10	3.48e-07	1.82e-03	1.06e-01	8.92e-01	0.00e+00	0.00e+00	0.00e+00	4.43e-14	3.54e-18	7.93e-57
 3.82656e+21	6.88e-20	5.55e-14	5.25e-10	3.99e-07	1.99e-03	1.10e-01	8.88e-01	0.00e+00	0.00e+00	0.00e+00	5.55e-14	4.44e-18	1.40e-56
 3.96483e+21	8.67e-20	7.04e-14	6.36e-10	4.60e-07	2.18e-03	1.15e-01	8.83e-01	0.00e+00	0.00e+00	0.00e+00	7.04e-14	5.63e-18	2.52e-56
 4.07701e+21	1.03e-19	8.48e-14	7.40e-10	5.14e-07	2.34e-03	1.19e-01	8.79e-01	0.00e+00	0.00e+00	0.00e+00	8.48e-14	6.78e-18	3.98e-56
 4.19205e+21	1.24e-19	1.02e-13	8.61e-10	5.75e-07	2.52e-03	1.23e-01	8.75e-01	0.00e+00	0.00e+00	0.00e+00	1.02e-13	8.17e-18	6.32e-56
 4.34162e+21	1.56e-19	1.29e-13	1.04e-09	6.63e-07	2.76e-03	1.28e-01	8.69e-01	0.00e+00	0.00e+00	0.00e+00	1.29e-13	1.04e-17	1.13e-55
 4.48583e+21	1.91e-19	1.62e-13	1.25e-09	7.59e-07	3.01e-03	1.34e-01	8.63e-01	0.00e+00	0.00e+00	0.00e+00	1.62e-13	1.30e-17	1.94e-55
 4.59058e+21	2.21e-19	1.91e-13	1.43e-09	8.36e-07	3.21e-03	1.37e-01	8.59e-01	0.00e+00	0.00e+00	0.00e+00	1.91e-13	1.52e-17	2.85e-55
 4.69425e+21	2.55e-19	2.23e-13	1.62e-09	9.19e-07	3.41e-03	1.41e-01	8.55e-01	0.00e+00	0.00e+00	0.00e+00	2.23e-13	1.78e-17	4.16e-55
 4.82902e+21	3.06e-19	2.72e-13	1.90e-09	1.03e-06	3.68e-03	1.46e-01	8.50e-01	0.00e+00	0.00e+00	0.00e+00	2.72e-13	2.17e-17	6.69e-55
 4.97339e+21	3.71e-19	3.37e-13	2.27e-09	1.18e-06	4.00e-03	1.52e-01	8.44e-01	0.00e+00	0.00e+00	0.00e+00	3.37e-13	2.69e-17	1.11e-54
 5.09900e+21	4.34e-19	4.04e-13	2.63e-09	1.32e-06	4.29e-03	1.57e-01	8.39e-01	0.00e+00	0.00e+00	0.00e+00	4.04e-13	3.23e-17	1.69e-54
 5.23105e+21	5.12e-19	4.86e-13	3.06e-09	1.47e-06	4.61e-03	1.62e-01	8.33e-01	0.00e+00	0.00e+00	0.00e+00	4.86e-13	3.88e-17	2.62e-54
 5.40271e+21	6.36e-19	6.19e-13	3.73e-09	1.70e-06	5.06e-03	1.69e-01	8.26e-01	0.00e+00	0.00e+00	0.00e+00	6.19e-13	4.95e-17	4.60e-54
 5.57489e+21	7.77e-19	7.84e-13	4.53e-09	1.97e-06	5.55e-03	1.76e-01	8.18e-01	0.00e+00	0.00e+00	0.00e+00	7.84e-13	6.27e-17	7.91e-54
 5.71060e+21	9.00e-19	9.42e-13	5.26e-09	2.20e-06	5.95e-03	1.82e-01	8.12e-01	0.00e+00	0.00e+00	0.00e+00	9.42e-13	7.54e-17	1.19e-53
 5.84990e+21	1.06e-18	1.13e-12	6.12e-09	2.46e-06	6.39e-03	1.88e-01	8.06e-01	0.00e+00	0.00e+00	0.00e+00	1.13e-12	9.07e-17	1.82e-53
 6.03099e+21	1.30e-18	1.43e-12	7.43e-09	2.84e-06	7.00e-03	1.95e-01	7.98e-01	0.00e+00	0.00e+00	0.00e+00	1.43e-12	1.15e-16	3.11e-53
 6.22104e+21	1.58e-18	1.83e-12	9.08e-09	3.29e-06	7.70e-03	2.04e-01	7.89e-01	0.00e+00	0.00e+00	0.00e+00	1.83e-12	1.47e-16	5.36e-53
 6.38177e+21	1.86e-18	2.24e-12	1.07e-08	3.73e-06	8.33e-03	2.11e-01	7.81e-01	0.00e+00	0.00e+00	0.00e+00	2.24e-12	1.80e-16	8.37e-53
 6.54975e+21	2.21e-18	2.76e-12	1.27e-08	4.24e-06	9.03e-03	2.18e-01	7.73e-01	0.00e+00	0.00e+00	0.00e+00	2.76e-12	2.21e-16	1.33e-52
 6.76812e+21	2.75e-18	3.60e-12	1.58e-08	4.99e-06	1.00e-02	2.28e-01	7.62e-01	0.00e+00	0.00e+00	0.00e+00	3.59e-12	2.88e-16	2.38e-52
 6.98889e+21	3.38e-18	4.66e-12	1.97e-08	5.85e-06	1.11e-02	2.38e-01	7.51e-01	0.00e+00	0.00e+00	0.00e+00	4.66e-12	3.75e-16	4.19e-52
 7.16478e+21	3.92e-18	5.72e-12	2.33e-08	6.64e-06	1.20e-02	2.46e-01	7.42e-01	0.00e+00	0.00e+00	0.00e+00	5.72e-12	4.60e-16	6.45e-52
 7.31653e+21	4.49e-18	6.80e-12	2.69e-08	7.40e-06	1.28e-02	2.53e-01	7.34e-01	0.00e+00	0.00e+00	0.00e+00	6.80e-12	5.49e-16	9.35e-52
 7.48486e+21	5.24e-18	8.21e-12	3.15e-08	8.32e-06	1.38e-02	2.61e-01	7.25e-01	0.00e+00	0.00e+00	0.00e+00	8.21e-12	6.63e-16	1.40e-51
 7.70369e+21	6.37e-18	1.04e-11	3.85e-08	9.66e-06	1.51e-02	2.71e-01	7.14e-01	0.00e+00	0.00e+00	0.00e+00	1.04e-11	8.43e-16	2.34e-51
 7.92803e+21	7.64e-18	1.33e-11	4.72e-08	1.13e-05	1.66e-02	2.82e-01	7.02e-01	0.00e+00	0.00e+00	0.00e+00	1.33e-11	1.08e-15	3.88e-51
 8.11083e+21	8.82e-18	1.61e-11	5.54e-08	1.27e-05	1.79e-02	2.90e-01	6.92e-01	0.00e+00	0.00e+00	0.00e+00	1.61e-11	1.31e-15	5.79e-51
 8.29980e+21	1.03e-17	1.95e-11	6.52e-08	1.44e-05	1.93e-02	2.99e-01	6.82e-01	0.00e+00	0.00e+00	0.00e+00	1.95e-11	1.59e-15	8.72e-51
 8.54546e+21	1.26e-17	2.49e-11	8.02e-08	1.68e-05	2.13e-02	3.10e-01	6.68e-01	0.00e+00	0.00e+00	0.00e+00	2.49e-11	2.03e-15	1.46e-50
 8.79337e+21	1.50e-17	3.16e-11	9.85e-08	1.96e-05	2.34e-02	3.22e-01	6.55e-01	0.00e+00	0.00e+00	0.00e+00	3.16e-11	2.59e-15	2.39e-50
 8.98941e+21	1.72e-17	3.81e-11	1.15e-07	2.20e-05	2.51e-02	3.31e-01	6.44e-01	0.00e+00	0.00e+00	0.00e+00	3.81e-11	3.12e-15	3.50e-50
 9.18947e+21	1.99e-17	4.57e-11	1.35e-07	2.48e-05	2.70e-02	3.40e-01	6.33e-01	0.00e+00	0.00e+00	0.00e+00	4.57e-11	3.75e-15	5.13e-50
 9.44956e+21	2.39e-17	5.75e-11	1.64e-07	2.88e-05	2.96e-02	3.52e-01	6.19e-01	0.00e+00	0.00e+00	0.00e+00	5.75e-11	4.74e-15	8.30e-50
 9.72034e+21	2.84e-17	7.27e-11	2.01e-07	3.35e-05	3.24e-02	3.64e-01	6.04e-01	0.00e+00	0.00e+00	0.00e+00	7.27e-11	6.00e-15	1.34e-49
 9.94688e+21	3.26e-17	8.78e-11	2.37e-07	3.80e-05	3.49e-02	3.74e-01	5.91e-01	0.00e+00	0.00e+00	0.00e+00	8.78e-11	7.27e-15	1.98e-49
 1.01832e+22	3.80e-17	1.06e-10	2.79e-07	4.30e-05	3.76e-02	3.84e-01	5.79e-01	0.00e+00	0.00e+00	0.00e+00	1.06e-10	8.81e-15	2.95e-49
 1.04904e+22	4.59e-17	1.35e-10	3.43e-07	5.03e-05	4.13e-02	3.96e-01	5.62e-01	4.54e-17	4.23e-19	1.01e-19	1.35e-10	1.12e-14	4.86e-49
 1.08064e+22	5.44e-17	1.71e-10	4.22e-07	5.89e-05	4.54e-02	4.09e-01	5.46e-01	5.38e-17	5.00e-19	1.19e-19	1.71e-10	1.43e-14	7.94e-49
 1.10662e+22	6.22e-17	2.06e-10	4.97e-07	6.68e-05	4.89e-02	4.19e-01	5.32e-01	6.15e-17	5.72e-19	1.36e-19	2.06e-10	1.73e-14	1.17e-48
 1.13365e+22	7.23e-17	2.49e-10	5.86e-07	7.57e-05	5.26e-02	4.29e-01	5.19e-01	7.15e-17	6.64e-19	1.58e-19	2.49e-10	2.09e-14	1.75e-48
 1.16185e+22	8.27e-17	3.01e-10	6.93e-07	8.61e-05	5.67e-02	4.39e-01	5.04e-01	8.18e-17	7.59e-19	1.80e-19	3.01e-10	2.54e-14	2.61e-48
 1.18549e+22	9.22e-17	3.52e-10	7.94e-07	9.55e-05	6.02e-02	4.47e-01	4.93e-01	9.11e-17	8.45e-19	2.01e-19	3.52e-10	2.97e-14	3.61e-48
 1.21015e+22	1.04e-16	4.11e-10	9.10e-07	1.06e-04	6.40e-02	4.55e-01	4.81e-01	1.03e-16	9.55e-19	2.27e-19	4.11e-10	3.48e-14	5.04e-48
 1.24220e+22	1.22e-16	5.00e-10	1.08e-06	1.21e-04	6.90e-02	4.65e-01	4.66e-01	1.20e-16	1.11e-18	2.64e-19	5.00e-10	4.24e-14	7.68e-48
 1.27518e+22	1.39e-16	6.09e-10	1.29e-06	1.38e-04	7.45e-02	4.75e-01	4.50e-01	1.37e-16	1.27e-18	3.01e-19	6.09e-10	5.17e-14	1.17e-47
 1.30197e+22	1.54e-16	7.11e-10	1.48e-06	1.54e-04	7.92e-02	4.83e-01	4.38e-01	1.52e-16	1.41e-18	3.34e-19	7.11e-10	6.06e-14	1.62e-47
 1.32941e+22	1.73e-16	8.26e-10	1.68e-06	1.70e-04	8.38e-02	4.90e-01	4.26e-01	1.71e-16	1.58e-18	3.75e-19	8.26e-10	7.05e-14	2.26e-47
 1.36508e+22	2.01e-16	9.99e-10	1.99e-06	1.93e-04	9.01e-02	4.99e-01	4.11e-01	1.99e-16	1.83e-18	4.34e-19	9.99e-10	8.55e-14	3.44e-47
 1.40176e+22	2.28e-16	1.21e-09	2.36e-06	2.20e-04	9.69e-02	5.07e-01	3.96e-01	2.25e-16	2.07e-18	4.91e-19	1.21e-09	1.04e-13	5.22e-47
 1.43176e+22	2.51e-16	1.41e-09	2.70e-06	2.44e-04	1.03e-01	5.14e-01	3.83e-01	2.48e-16	2.28e-18	5.39e-19	1.41e-09	1.21e-13	7.23e-47
 1.46278e+22	2.81e-16	1.63e-09	3.08e-06	2.70e-04	1.08e-01	5.20e-01	3.72e-01	2.78e-16	2.56e-18	6.04e-19	1.63e-09	1.41e-13	1.02e-46
 1.50310e+22	3.25e-16	1.97e-09	3.64e-06	3.06e-04	1.16e-01	5.27e-01	3.56e-01	3.21e-16	2.95e-18	6.97e-19	1.96e-09	1.70e-13	1.55e-46
 1.54480e+22	3.65e-16	2.37e-09	4.30e-06	3.48e-04	1.25e-01	5.34e-01	3.41e-01	3.61e-16	3.31e-18	7.82e-19	2.37e-09	2.06e-13	2.37e-46
 1.57930e+22	4.00e-16	2.76e-09	4.92e-06	3.86e-04	1.32e-01	5.39e-01	3.29e-01	3.96e-16	3.62e-18	8.54e-19	2.76e-09	2.40e-13	3.32e-46
 1.61515e+22	4.49e-16	3.20e-09	5.62e-06	4.27e-04	1.39e-01	5.43e-01	3.17e-01	4.44e-16	4.06e-18	9.57e-19	3.20e-09	2.79e-13	4.71e-46
 1.66176e+22	5.18e-16	3.85e-09	6.63e-06	4.85e-04	1.49e-01	5.49e-01	3.02e-01	5.12e-16	4.67e-18	1.10e-18	3.85e-09	3.37e-13	7.28e-46
 1.71023e+22	5.80e-16	4.65e-09	7.85e-06	5.52e-04	1.59e-01	5.53e-01	2.87e-01	5.73e-16	5.22e-18	1.23e-18	4.65e-09	4.08e-13	1.13e-45
 1.75080e+22	6.32e-16	5.41e-09	9.00e-06	6.12e-04	1.68e-01	5.56e-01	2.75e-01	6.25e-16	5.68e-18	1.34e-18	5.41e-09	4.76e-13	1.62e-45
 1.79324e+22	7.10e-16	6.30e-09	1.03e-05	6.79e-04	1.78e-01	5.59e-01	2.63e-01	7.02e-16	6.36e-18	1.50e-18	6.30e-09	5.54e-13	2.33e-45
 1.84840e+22	8.19e-16	7.60e-09	1.22e-05	7.73e-04	1.90e-01	5.61e-01	2.49e-01	8.10e-16	7.32e-18	1.72e-18	7.60e-09	6.71e-13	3.68e-45
 1.90016e+22	8.85e-16	9.04e-09	1.43e-05	8.72e-04	2.02e-01	5.62e-01	2.35e-01	8.75e-16	7.91e-18	1.86e-18	9.04e-09	8.01e-13	5.58e-45
 1.93558e+22	9.43e-16	1.01e-08	1.58e-05	9.41e-04	2.09e-01	5.63e-01	2.27e-01	9.32e-16	8.41e-18	1.98e-18	1.01e-08	8.99e-13	7.43e-45
 1.96972e+22	1.02e-15	1.13e-08	1.74e-05	1.01e-03	2.17e-01	5.63e-01	2.19e-01	1.00e-15	9.05e-18	2.13e-18	1.13e-08	1.00e-12	9.65e-45
 2.01410e+22	1.12e-15	1.29e-08	1.96e-05	1.11e-03	2.27e-01	5.63e-01	2.09e-01	1.11e-15	9.98e-18	2.34e-18	1.29e-08	1.15e-12	1.35e-44
 2.06419e+22	1.23e-15	1.49e-08	2.23e-05	1.23e-03	2.38e-01	5.62e-01	1.99e-01	1.22e-15	1.09e-17	2.56e-18	1.49e-08	1.33e-12	1.95e-44
 2.11127e+22	1.33e-15	1.70e-08	2.52e-05	1.34e-03	2.49e-01	5.60e-01	1.89e-01	1.32e-15	1.18e-17	2.76e-18	1.70e-08	1.52e-12	2.74e-44
 2.15483e+22	1.44e-15	1.92e-08	2.81e-05	1.46e-03	2.59e-01	5.59e-01	1.81e-01	1.42e-15	1.27e-17	2.97e-18	1.92e-08	1.72e-12	3.71e-44
 2.20424e+22	1.58e-15	2.18e-08	3.15e-05	1.59e-03	2.70e-01	5.56e-01	1.72e-01	1.56e-15	1.39e-17	3.26e-18	2.18e-08	1.95e-12	5.19e-44
 2.26848e+22	1.80e-15	2.56e-08	3.65e-05	1.78e-03	2.84e-01	5.53e-01	1.61e-01	1.78e-15	1.58e-17	3.70e-18	2.56e-08	2.30e-12	7.94e-44
 2.33332e+22	1.95e-15	3.01e-08	4.22e-05	1.99e-03	2.99e-01	5.48e-01	1.51e-01	1.93e-15	1.71e-17	4.00e-18	3.01e-08	2.71e-12	1.21e-43
 2.38454e+22	2.09e-15	3.39e-08	4.70e-05	2.16e-03	3.10e-01	5.44e-01	1.43e-01	2.06e-15	1.82e-17	4.26e-18	3.39e-08	3.06e-12	1.68e-43
 2.43672e+22	2.28e-15	3.82e-08	5.23e-05	2.34e-03	3.22e-01	5.40e-01	1.36e-01	2.25e-15	1.98e-17	4.64e-18	3.82e-08	3.44e-12	2.31e-43
 2.50455e+22	2.58e-15	4.42e-08	5.97e-05	2.59e-03	3.36e-01	5.34e-01	1.27e-01	2.55e-15	2.24e-17	5.24e-18	4.42e-08	3.99e-12	3.46e-43
 2.57673e+22	2.83e-15	5.15e-08	6.86e-05	2.87e-03	3.52e-01	5.27e-01	1.19e-01	2.80e-15	2.45e-17	5.72e-18	5.15e-08	4.66e-12	5.29e-43
 2.63933e+22	3.04e-15	5.84e-08	7.70e-05	3.14e-03	3.65e-01	5.20e-01	1.12e-01	3.01e-15	2.62e-17	6.12e-18	5.84e-08	5.30e-12	7.54e-43
 2.70549e+22	3.42e-15	6.64e-08	8.63e-05	3.42e-03	3.78e-01	5.13e-01	1.05e-01	3.38e-15	2.94e-17	6.86e-18	6.64e-08	6.03e-12	1.09e-42
 2.79150e+22	3.98e-15	7.79e-08	9.96e-05	3.81e-03	3.95e-01	5.04e-01	9.67e-02	3.94e-15	3.40e-17	7.94e-18	7.79e-08	7.08e-12	1.73e-42
 2.88090e+22	4.42e-15	9.16e-08	1.15e-04	4.25e-03	4.13e-01	4.94e-01	8.89e-02	4.37e-15	3.77e-17	8.78e-18	9.16e-08	8.34e-12	2.79e-42
 2.95568e+22	4.79e-15	1.04e-07	1.29e-04	4.64e-03	4.28e-01	4.85e-01	8.28e-02	4.74e-15	4.06e-17	9.46e-18	1.04e-07	9.49e-12	4.08e-42
 3.03389e+22	5.48e-15	1.18e-07	1.45e-04	5.06e-03	4.42e-01	4.76e-01	7.72e-02	5.42e-15	4.63e-17	1.08e-17	1.18e-07	1.08e-11	6.03e-42
 3.13556e+22	6.53e-15	1.39e-07	1.67e-04	5.62e-03	4.60e-01	4.64e-01	7.06e-02	6.46e-15	5.49e-17	1.28e-17	1.39e-07	1.27e-11	9.85e-42
 3.24325e+22	7.45e-15	1.64e-07	1.94e-04	6.27e-03	4.79e-01	4.51e-01	6.41e-02	7.37e-15	6.23e-17	1.45e-17	1.64e-07	1.49e-11	1.64e-41
 3.32587e+22	8.02e-15	1.85e-07	2.16e-04	6.80e-03	4.93e-01	4.41e-01	5.96e-02	7.94e-15	6.68e-17	1.55e-17	1.85e-07	1.69e-11	2.42e-41
 3.38792e+22	8.55e-15	2.02e-07	2.33e-04	7.20e-03	5.02e-01	4.34e-01	5.65e-02	8.46e-15	7.10e-17	1.65e-17	2.02e-07	1.85e-11	3.20e-41
 3.45617e+22	9.45e-15	2.22e-07	2.53e-04	7.66e-03	5.13e-01	4.26e-01	5.33e-02	9.35e-15	7.81e-17	1.81e-17	2.22e-07	2.03e-11	4.31e-41
 3.54490e+22	1.13e-14	2.50e-07	2.80e-04	8.24e-03	5.26e-01	4.16e-01	4.96e-02	1.12e-14	9.30e-17	2.16e-17	2.50e-07	2.28e-11	6.37e-41
 3.66025e+22	1.38e-14	2.89e-07	3.19e-04	9.06e-03	5.43e-01	4.03e-01	4.52e-02	1.37e-14	1.13e-16	2.62e-17	2.89e-07	2.63e-11	1.03e-40
 3.77785e+22	1.59e-14	3.35e-07	3.62e-04	9.95e-03	5.59e-01	3.89e-01	4.10e-02	1.58e-14	1.29e-16	3.00e-17	3.35e-07	3.05e-11	1.67e-40
 3.86879e+22	1.74e-14	3.74e-07	3.98e-04	1.07e-02	5.71e-01	3.80e-01	3.81e-02	1.73e-14	1.41e-16	3.27e-17	3.74e-07	3.40e-11	2.42e-40
 3.95740e+22	1.94e-14	4.14e-07	4.34e-04	1.14e-02	5.82e-01	3.70e-01	3.56e-02	1.93e-14	1.56e-16	3.62e-17	4.14e-07	3.75e-11	3.40e-40
 4.07260e+22	2.48e-14	4.72e-07	4.84e-04	1.23e-02	5.95e-01	3.59e-01	3.28e-02	2.46e-14	1.98e-16	4.59e-17	4.72e-07	4.26e-11	5.32e-40
 4.19740e+22	2.99e-14	5.41e-07	5.43e-04	1.33e-02	6.10e-01	3.47e-01	2.98e-02	2.96e-14	2.37e-16	5.49e-17	5.41e-07	4.88e-11	8.50e-40
 4.30795e+22	3.35e-14	6.07e-07	5.99e-04	1.43e-02	6.22e-01	3.36e-01	2.75e-02	3.32e-14	2.64e-16	6.11e-17	6.07e-07	5.46e-11	1.27e-39
 4.42492e+22	4.16e-14	6.84e-07	6.60e-04	1.53e-02	6.33e-01	3.25e-01	2.53e-02	4.12e-14	3.25e-16	7.52e-17	6.83e-07	6.13e-11	1.92e-39
 4.57698e+22	5.39e-14	7.92e-07	7.45e-04	1.67e-02	6.47e-01	3.12e-01	2.29e-02	5.34e-14	4.18e-16	9.64e-17	7.92e-07	7.06e-11	3.22e-39
 4.73415e+22	6.56e-14	9.18e-07	8.43e-04	1.83e-02	6.61e-01	2.99e-01	2.05e-02	6.49e-14	5.04e-16	1.16e-16	9.18e-07	8.16e-11	5.46e-39
 4.86252e+22	7.50e-14	1.03e-06	9.28e-04	1.95e-02	6.72e-01	2.89e-01	1.88e-02	7.43e-14	5.73e-16	1.32e-16	1.03e-06	9.16e-11	8.33e-39
 4.99396e+22	8.98e-14	1.16e-06	1.02e-03	2.08e-02	6.82e-01	2.79e-01	1.73e-02	8.90e-14	6.80e-16	1.57e-16	1.16e-06	1.02e-10	1.25e-38
 5.16484e+22	1.23e-13	1.34e-06	1.14e-03	2.25e-02	6.94e-01	2.67e-01	1.56e-02	1.22e-13	9.20e-16	2.12e-16	1.34e-06	1.17e-10	2.11e-38
 5.34824e+22	1.55e-13	1.55e-06	1.29e-03	2.45e-02	7.06e-01	2.54e-01	1.39e-02	1.54e-13	1.15e-15	2.65e-16	1.55e-06	1.35e-10	3.67e-38
 5.50849e+22	1.82e-13	1.77e-06	1.42e-03	2.63e-02	7.16e-01	2.44e-01	1.26e-02	1.81e-13	1.34e-15	3.08e-16	1.77e-06	1.53e-10	5.85e-38
 5.67742e+22	2.37e-13	2.00e-06	1.57e-03	2.81e-02	7.25e-01	2.34e-01	1.15e-02	2.35e-13	1.72e-15	3.96e-16	2.00e-06	1.72e-10	9.36e-38
 5.89453e+22	3.17e-13	2.34e-06	1.77e-03	3.04e-02	7.35e-01	2.23e-01	1.02e-02	3.14e-13	2.27e-15	5.21e-16	2.34e-06	1.99e-10	1.67e-37
 6.12280e+22	4.11e-13	2.75e-06	2.00e-03	3.31e-02	7.45e-01	2.11e-01	9.03e-03	4.07e-13	2.91e-15	6.67e-16	2.75e-06	2.33e-10	3.06e-37
 6.31976e+22	4.88e-13	3.14e-06	2.22e-03	3.55e-02	7.53e-01	2.01e-01	8.13e-03	4.84e-13	3.42e-15	7.84e-16	3.14e-06	2.64e-10	5.04e-37
 6.52752e+22	6.42e-13	3.58e-06	2.45e-03	3.79e-02	7.61e-01	1.92e-01	7.35e-03	6.37e-13	4.43e-15	1.02e-15	3.58e-06	2.98e-10	8.33e-37
 6.78402e+22	8.49e-13	4.18e-06	2.75e-03	4.10e-02	7.68e-01	1.81e-01	6.51e-03	8.42e-13	5.76e-15	1.32e-15	4.18e-06	3.44e-10	1.51e-36
 7.03258e+22	1.04e-12	4.86e-06	3.08e-03	4.42e-02	7.76e-01	1.71e-01	5.76e-03	1.03e-12	6.99e-15	1.60e-15	4.86e-06	3.96e-10	2.69e-36
 7.23164e+22	1.23e-12	5.44e-06	3.35e-03	4.67e-02	7.80e-01	1.64e-01	5.26e-03	1.22e-12	8.16e-15	1.87e-15	5.44e-06	4.40e-10	4.16e-36
 7.43765e+22	1.50e-12	6.08e-06	3.64e-03	4.93e-02	7.85e-01	1.58e-01	4.81e-03	1.49e-12	9.78e-15	2.24e-15	6.08e-06	4.86e-10	6.41e-36
 7.70547e+22	2.00e-12	6.98e-06	4.03e-03	5.27e-02	7.90e-01	1.49e-01	4.30e-03	1.99e-12	1.28e-14	2.94e-15	6.98e-06	5.51e-10	1.11e-35
 8.00554e+22	2.63e-12	8.13e-06	4.50e-03	5.65e-02	7.94e-01	1.41e-01	3.81e-03	2.61e-12	1.66e-14	3.79e-15	8.13e-06	6.32e-10	2.01e-35
 8.27774e+22	3.20e-12	9.27e-06	4.95e-03	6.03e-02	7.98e-01	1.34e-01	3.41e-03	3.17e-12	1.98e-14	4.53e-15	9.27e-06	7.14e-10	3.41e-35
 8.51956e+22	3.80e-12	1.04e-05	5.37e-03	6.35e-02	8.00e-01	1.28e-01	3.11e-03	3.77e-12	2.32e-14	5.31e-15	1.04e-05	7.88e-10	5.29e-35
 8.79168e+22	4.78e-12	1.16e-05	5.84e-03	6.71e-02	8.02e-01	1.22e-01	2.82e-03	4.75e-12	2.87e-14	6.55e-15	1.16e-05	8.74e-10	8.51e-35
 9.13057e+22	6.25e-12	1.34e-05	6.45e-03	7.15e-02	8.04e-01	1.15e-01	2.51e-03	6.20e-12	3.66e-14	8.36e-15	1.34e-05	9.85e-10	1.49e-34
 9.48614e+22	8.01e-12	1.55e-05	7.16e-03	7.64e-02	8.06e-01	1.08e-01	2.22e-03	7.96e-12	4.59e-14	1.05e-14	1.55e-05	1.12e-09	2.69e-34
 9.80680e+22	9.78e-12	1.76e-05	7.82e-03	8.09e-02	8.07e-01	1.03e-01	1.99e-03	9.71e-12	5.50e-14	1.25e-14	1.76e-05	1.25e-09	4.46e-34
 1.01522e+23	1.20e-11	1.98e-05	8.53e-03	8.55e-02	8.07e-01	9.74e-02	1.80e-03	1.19e-11	6.59e-14	1.50e-14	1.98e-05	1.38e-09	7.29e-34
 1.05605e+23	1.59e-11	2.28e-05	9.40e-03	9.09e-02	8.06e-01	9.17e-02	1.59e-03	1.58e-11	8.46e-14	1.92e-14	2.28e-05	1.55e-09	1.29e-33
 1.09796e+23	2.03e-11	2.62e-05	1.04e-02	9.67e-02	8.05e-01	8.62e-02	1.41e-03	2.02e-11	1.05e-13	2.39e-14	2.62e-05	1.74e-09	2.29e-33
 1.13859e+23	2.48e-11	2.98e-05	1.13e-02	1.02e-01	8.04e-01	8.14e-02	1.26e-03	2.46e-11	1.25e-13	2.84e-14	2.98e-05	1.93e-09	3.84e-33
 1.18243e+23	3.20e-11	3.38e-05	1.24e-02	1.08e-01	8.02e-01	7.69e-02	1.13e-03	3.18e-11	1.57e-13	3.56e-14	3.38e-05	2.13e-09	6.44e-33
 1.23096e+23	4.11e-11	3.87e-05	1.36e-02	1.15e-01	7.99e-01	7.23e-02	1.00e-03	4.09e-11	1.95e-13	4.42e-14	3.87e-05	2.38e-09	1.12e-32
 1.28143e+23	5.26e-11	4.41e-05	1.49e-02	1.21e-01	7.95e-01	6.80e-02	8.91e-04	5.23e-11	2.41e-13	5.46e-14	4.41e-05	2.63e-09	1.92e-32
 1.33392e+23	6.74e-11	5.02e-05	1.62e-02	1.28e-01	7.91e-01	6.40e-02	7.94e-04	6.70e-11	2.98e-13	6.74e-14	5.02e-05	2.91e-09	3.25e-32
 1.38851e+23	8.60e-11	5.70e-05	1.77e-02	1.35e-01	7.86e-01	6.03e-02	7.09e-04	8.55e-11	3.67e-13	8.30e-14	5.70e-05	3.20e-09	5.44e-32
 1.44529e+23	1.10e-10	6.45e-05	1.93e-02	1.42e-01	7.81e-01	5.68e-02	6.34e-04	1.09e-10	4.51e-13	1.02e-13	6.45e-05	3.50e-09	8.96e-32
 1.50434e+23	1.40e-10	7.28e-05	2.09e-02	1.49e-01	7.76e-01	5.36e-02	5.69e-04	1.39e-10	5.53e-13	1.25e-13	7.28e-05	3.81e-09	1.45e-31
 1.56574e+23	1.78e-10	8.19e-05	2.27e-02	1.56e-01	7.70e-01	5.06e-02	5.12e-04	1.77e-10	6.77e-13	1.53e-13	8.18e-05	4.14e-09	2.32e-31
 1.62961e+23	2.27e-10	9.17e-05	2.45e-02	1.63e-01	7.64e-01	4.79e-02	4.63e-04	2.26e-10	8.28e-13	1.86e-13	9.17e-05	4.46e-09	3.63e-31
 1.69603e+23	2.86e-10	1.02e-04	2.64e-02	1.71e-01	7.57e-01	4.53e-02	4.18e-04	2.85e-10	9.97e-13	2.24e-13	1.02e-04	4.78e-09	5.58e-31
 1.76510e+23	3.55e-10	1.14e-04	2.83e-02	1.78e-01	7.50e-01	4.30e-02	3.80e-04	3.53e-10	1.18e-12	2.66e-13	1.14e-04	5.09e-09	8.38e-31
 1.83694e+23	4.47e-10	1.26e-04	3.03e-02	1.85e-01	7.43e-01	4.09e-02	3.47e-04	4.45e-10	1.42e-12	3.19e-13	1.26e-04	5.39e-09	1.24e-30
 1.91165e+23	5.61e-10	1.38e-04	3.24e-02	1.92e-01	7.36e-01	3.90e-02	3.18e-04	5.59e-10	1.70e-12	3.81e-13	1.38e-04	5.67e-09	1.80e-30
 1.98935e+23	6.83e-10	1.52e-04	3.45e-02	1.99e-01	7.29e-01	3.72e-02	2.92e-04	6.81e-10	1.96e-12	4.40e-13	1.52e-04	5.93e-09	2.56e-30
 2.07016e+23	8.51e-10	1.66e-04	3.66e-02	2.05e-01	7.22e-01	3.55e-02	2.70e-04	8.48e-10	2.32e-12	5.19e-13	1.66e-04	6.17e-09	3.57e-30
 2.15420e+23	1.05e-09	1.80e-04	3.88e-02	2.12e-01	7.15e-01	3.40e-02	2.51e-04	1.05e-09	2.71e-12	6.08e-13	1.80e-04	6.37e-09	4.81e-30
 2.23993e+23	1.36e-09	1.93e-04	4.08e-02	2.18e-01	7.08e-01	3.28e-02	2.35e-04	1.35e-09	3.31e-12	7.41e-13	1.93e-04	6.48e-09	6.32e-30
 2.32142e+23	1.55e-09	2.08e-04	4.28e-02	2.23e-01	7.02e-01	3.16e-02	2.20e-04	1.55e-09	3.59e-12	8.04e-13	2.08e-04	6.64e-09	8.20e-30
 2.39476e+23	1.93e-09	2.21e-04	4.47e-02	2.28e-01	6.96e-01	3.06e-02	2.08e-04	1.93e-09	4.28e-12	9.57e-13	2.21e-04	6.77e-09	1.03e-29
 2.46077e+23	2.20e-09	2.32e-04	4.62e-02	2.32e-01	6.91e-01	2.99e-02	2.00e-04	2.19e-09	4.68e-12	1.05e-12	2.32e-04	6.83e-09	1.23e-29
 2.52017e+23	2.48e-09	2.41e-04	4.75e-02	2.35e-01	6.87e-01	2.92e-02	1.93e-04	2.47e-09	5.09e-12	1.14e-12	2.41e-04	6.87e-09	1.42e-29
 2.57364e+23	2.68e-09	2.49e-04	4.86e-02	2.38e-01	6.84e-01	2.87e-02	1.87e-04	2.67e-09	5.32e-12	1.19e-12	2.49e-04	6.88e-09	1.60e-29
 2.62175e+23	2.89e-09	2.57e-04	4.96e-02	2.41e-01	6.81e-01	2.83e-02	1.82e-04	2.88e-09	5.57e-12	1.24e-12	2.57e-04	6.88e-09	1.76e-29
 2.66506e+23	3.07e-09	2.62e-04	5.04e-02	2.43e-01	6.79e-01	2.80e-02	1.79e-04	3.06e-09	5.76e-12	1.29e-12	2.62e-04	6.86e-09	1.91e-29
 2.70404e+23	3.22e-09	2.68e-04	5.11e-02	2.44e-01	6.76e-01	2.77e-02	1.76e-04	3.21e-09	5.91e-12	1.32e-12	2.68e-04	6.83e-09	2.04e-29
 2.73911e+23	3.36e-09	2.72e-04	5.17e-02	2.46e-01	6.75e-01	2.75e-02	1.73e-04	3.36e-09	6.04e-12	1.35e-12	2.72e-04	6.80e-09	2.16e-29
 2.77100e+23	3.46e-09	2.76e-04	5.22e-02	2.47e-01	6.73e-01	2.73e-02	1.72e-04	3.45e-09	6.09e-12	1.36e-12	2.76e-04	6.76e-09	2.26e-29
 2.80155e+23	3.49e-09	2.78e-04	5.25e-02	2.48e-01	6.72e-01	2.72e-02	1.71e-04	3.48e-09	6.03e-12	1.34e-12	2.78e-04	6.67e-09	2.31e-29
 2.83210e+23	3.57e-09	2.80e-04	5.29e-02	2.49e-01	6.71e-01	2.71e-02	1.69e-04	3.56e-09	6.04e-12	1.35e-12	2.80e-04	6.61e-09	2.38e-29
 2.86265e+23	3.62e-09	2.83e-04	5.33e-02	2.49e-01	6.70e-01	2.70e-02	1.68e-04	3.61e-09	6.01e-12	1.34e-12	2.83e-04	6.54e-09	2.44e-29
 2.89320e+23	3.70e-09	2.85e-04	5.36e-02	2.50e-01	6.69e-01	2.68e-02	1.67e-04	3.69e-09	6.02e-12	1.34e-12	2.85e-04	6.47e-09	2.51e-29
 2.92375e+23	3.73e-09	2.87e-04	5.39e-02	2.51e-01	6.68e-01	2.68e-02	1.66e-04	3.72e-09	5.95e-12	1.33e-12	2.87e-04	6.38e-09	2.55e-29
 2.95429e+23	3.75e-09	2.89e-04	5.42e-02	2.52e-01	6.67e-01	2.67e-02	1.66e-04	3.74e-09	5.87e-12	1.31e-12	2.89e-04	6.30e-09	2.59e-29
 2.98484e+23	3.77e-09	2.90e-04	5.44e-02	2.52e-01	6.66e-01	2.66e-02	1.65e-04	3.77e-09	5.79e-12	1.29e-12	2.90e-04	6.20e-09	2.62e-29
 3.01539e+23	3.81e-09	2.92e-04	5.46e-02	2.53e-01	6.66e-01	2.65e-02	1.64e-04	3.80e-09	5.72e-12	1.28e-12	2.92e-04	6.12e-09	2.66e-29
 3.04274e+23	3.83e-09	2.93e-04	5.49e-02	2.53e-01	6.65e-01	2.65e-02	1.64e-04	3.82e-09	5.67e-12	1.26e-12	2.93e-04	6.06e-09	2.72e-29
