#depth	O	O+	O+2	O+3	O+4	O+5	O+6	O+7	O+8	O[1]	O[2]	O[3]
 6.17135e+19	8.19e-29	3.51e-22	5.76e-17	7.13e-13	1.47e-09	9.10e-07	2.31e-03	1.04e-01	8.93e-01	0.00e+00	0.00e+00	0.00e+00
 1.87609e+20	2.61e-28	9.60e-22	1.36e-16	1.46e-12	2.60e-09	1.36e-06	2.99e-03	1.18e-01	8.79e-01	0.00e+00	0.00e+00	0.00e+00
 2.83882e+20	6.15e-28	2.01e-21	2.56e-16	2.49e-12	3.96e-09	1.84e-06	3.63e-03	1.29e-01	8.68e-01	0.00e+00	0.00e+00	0.00e+00
 3.32018e+20	9.29e-28	2.88e-21	3.48e-16	3.23e-12	4.87e-09	2.13e-06	3.98e-03	1.34e-01	8.62e-01	0.00e+00	0.00e+00	0.00e+00
 3.58442e+20	1.16e-27	3.48e-21	4.10e-16	3.71e-12	5.43e-09	2.31e-06	4.19e-03	1.37e-01	8.58e-01	0.00e+00	0.00e+00	0.00e+00
 3.82313e+20	1.42e-27	4.16e-21	4.77e-16	4.21e-12	6.01e-09	2.48e-06	4.38e-03	1.40e-01	8.55e-01	0.00e+00	0.00e+00	0.00e+00
 4.13344e+20	1.82e-27	5.14e-21	5.72e-16	4.91e-12	6.80e-09	2.71e-06	4.64e-03	1.44e-01	8.51e-01	0.00e+00	0.00e+00	0.00e+00
 4.53684e+20	2.50e-27	6.79e-21	7.27e-16	6.01e-12	7.98e-09	3.04e-06	4.99e-03	1.49e-01	8.46e-01	0.00e+00	0.00e+00	0.00e+00
 4.96666e+20	3.50e-27	9.07e-21	9.32e-16	7.42e-12	9.44e-09	3.43e-06	5.39e-03	1.54e-01	8.41e-01	0.00e+00	0.00e+00	0.00e+00
 5.34110e+20	4.64e-27	1.16e-20	1.15e-15	8.87e-12	1.09e-08	3.80e-06	5.75e-03	1.59e-01	8.36e-01	0.00e+00	0.00e+00	0.00e+00
 5.73817e+20	6.23e-27	1.50e-20	1.43e-15	1.07e-11	1.26e-08	4.23e-06	6.15e-03	1.64e-01	8.30e-01	0.00e+00	0.00e+00	0.00e+00
 6.18613e+20	8.60e-27	1.98e-20	1.82e-15	1.31e-11	1.49e-08	4.76e-06	6.63e-03	1.69e-01	8.24e-01	0.00e+00	0.00e+00	0.00e+00
 6.61105e+20	1.16e-26	2.56e-20	2.28e-15	1.58e-11	1.73e-08	5.31e-06	7.10e-03	1.74e-01	8.19e-01	0.00e+00	0.00e+00	0.00e+00
 7.01153e+20	1.52e-26	3.25e-20	2.80e-15	1.88e-11	1.99e-08	5.87e-06	7.57e-03	1.79e-01	8.13e-01	0.00e+00	0.00e+00	0.00e+00
 7.40599e+20	1.98e-26	4.08e-20	3.41e-15	2.23e-11	2.28e-08	6.46e-06	8.04e-03	1.84e-01	8.08e-01	0.00e+00	0.00e+00	0.00e+00
 7.79067e+20	2.54e-26	5.08e-20	4.11e-15	2.61e-11	2.59e-08	7.09e-06	8.53e-03	1.89e-01	8.02e-01	0.00e+00	0.00e+00	0.00e+00
 8.22604e+20	3.35e-26	6.45e-20	5.06e-15	3.12e-11	2.99e-08	7.86e-06	9.10e-03	1.94e-01	7.96e-01	0.00e+00	0.00e+00	0.00e+00
 8.69950e+20	4.49e-26	8.32e-20	6.30e-15	3.76e-11	3.47e-08	8.76e-06	9.74e-03	2.00e-01	7.90e-01	0.00e+00	0.00e+00	0.00e+00
 9.12446e+20	5.80e-26	1.04e-19	7.64e-15	4.43e-11	3.96e-08	9.64e-06	1.03e-02	2.06e-01	7.84e-01	0.00e+00	0.00e+00	0.00e+00
 9.57890e+20	7.57e-26	1.31e-19	9.34e-15	5.26e-11	4.55e-08	1.07e-05	1.10e-02	2.11e-01	7.78e-01	0.00e+00	0.00e+00	0.00e+00
 1.00850e+21	1.01e-25	1.69e-19	1.16e-14	6.33e-11	5.29e-08	1.19e-05	1.18e-02	2.18e-01	7.71e-01	0.00e+00	0.00e+00	0.00e+00
 1.05563e+21	1.32e-25	2.12e-19	1.42e-14	7.50e-11	6.07e-08	1.31e-05	1.26e-02	2.23e-01	7.64e-01	0.00e+00	0.00e+00	0.00e+00
 1.09996e+21	1.68e-25	2.62e-19	1.70e-14	8.76e-11	6.88e-08	1.44e-05	1.33e-02	2.29e-01	7.58e-01	0.00e+00	0.00e+00	0.00e+00
 1.15087e+21	2.19e-25	3.31e-19	2.08e-14	1.04e-10	7.92e-08	1.59e-05	1.42e-02	2.35e-01	7.51e-01	0.00e+00	0.00e+00	0.00e+00
 1.20787e+21	2.95e-25	4.28e-19	2.60e-14	1.26e-10	9.23e-08	1.78e-05	1.52e-02	2.42e-01	7.43e-01	0.00e+00	0.00e+00	0.00e+00
 1.25786e+21	3.79e-25	5.33e-19	3.14e-14	1.48e-10	1.05e-07	1.96e-05	1.61e-02	2.48e-01	7.36e-01	0.00e+00	0.00e+00	0.00e+00
 1.29969e+21	4.65e-25	6.37e-19	3.67e-14	1.69e-10	1.17e-07	2.11e-05	1.69e-02	2.53e-01	7.30e-01	0.00e+00	0.00e+00	0.00e+00
 1.34586e+21	5.81e-25	7.73e-19	4.34e-14	1.95e-10	1.32e-07	2.30e-05	1.78e-02	2.59e-01	7.23e-01	0.00e+00	0.00e+00	0.00e+00
 1.40588e+21	7.69e-25	9.88e-19	5.37e-14	2.34e-10	1.53e-07	2.56e-05	1.91e-02	2.66e-01	7.15e-01	0.00e+00	0.00e+00	0.00e+00
 1.46804e+21	1.02e-24	1.26e-18	6.66e-14	2.81e-10	1.77e-07	2.85e-05	2.04e-02	2.73e-01	7.06e-01	0.00e+00	0.00e+00	0.00e+00
 1.51974e+21	1.29e-24	1.55e-18	7.95e-14	3.27e-10	2.00e-07	3.12e-05	2.15e-02	2.79e-01	6.99e-01	0.00e+00	0.00e+00	0.00e+00
 1.57372e+21	1.62e-24	1.89e-18	9.46e-14	3.79e-10	2.26e-07	3.40e-05	2.27e-02	2.85e-01	6.92e-01	0.00e+00	0.00e+00	0.00e+00
 1.64391e+21	2.18e-24	2.45e-18	1.18e-13	4.59e-10	2.64e-07	3.81e-05	2.44e-02	2.93e-01	6.82e-01	0.00e+00	0.00e+00	0.00e+00
 1.71611e+21	2.93e-24	3.18e-18	1.48e-13	5.56e-10	3.08e-07	4.27e-05	2.61e-02	3.01e-01	6.72e-01	0.00e+00	0.00e+00	0.00e+00
 1.77551e+21	3.72e-24	3.91e-18	1.77e-13	6.48e-10	3.49e-07	4.67e-05	2.76e-02	3.08e-01	6.64e-01	0.00e+00	0.00e+00	0.00e+00
 1.83730e+21	4.73e-24	4.82e-18	2.13e-13	7.57e-10	3.96e-07	5.12e-05	2.92e-02	3.15e-01	6.56e-01	0.00e+00	0.00e+00	0.00e+00
 1.90512e+21	6.12e-24	6.03e-18	2.58e-13	8.94e-10	4.53e-07	5.65e-05	3.10e-02	3.22e-01	6.47e-01	0.00e+00	0.00e+00	0.00e+00
 1.96706e+21	7.69e-24	7.37e-18	3.07e-13	1.04e-09	5.11e-07	6.16e-05	3.27e-02	3.28e-01	6.39e-01	0.00e+00	0.00e+00	0.00e+00
 2.03388e+21	9.79e-24	9.09e-18	3.69e-13	1.21e-09	5.80e-07	6.75e-05	3.46e-02	3.35e-01	6.30e-01	0.00e+00	0.00e+00	0.00e+00
 2.10862e+21	1.27e-23	1.14e-17	4.51e-13	1.44e-09	6.66e-07	7.46e-05	3.67e-02	3.43e-01	6.20e-01	0.00e+00	0.00e+00	0.00e+00
 2.17903e+21	1.62e-23	1.41e-17	5.41e-13	1.68e-09	7.56e-07	8.18e-05	3.88e-02	3.50e-01	6.11e-01	0.00e+00	0.00e+00	0.00e+00
 2.25595e+21	2.10e-23	1.77e-17	6.58e-13	1.98e-09	8.64e-07	9.01e-05	4.12e-02	3.57e-01	6.01e-01	0.00e+00	0.00e+00	0.00e+00
 2.34148e+21	2.78e-23	2.26e-17	8.13e-13	2.37e-09	9.99e-07	1.00e-04	4.39e-02	3.66e-01	5.91e-01	0.00e+00	0.00e+00	0.00e+00
 2.42162e+21	3.59e-23	2.82e-17	9.86e-13	2.79e-09	1.14e-06	1.10e-04	4.65e-02	3.73e-01	5.81e-01	0.00e+00	0.00e+00	0.00e+00
 2.50925e+21	4.70e-23	3.58e-17	1.21e-12	3.32e-09	1.31e-06	1.22e-04	4.94e-02	3.81e-01	5.70e-01	0.00e+00	0.00e+00	0.00e+00
 2.60767e+21	6.33e-23	4.64e-17	1.51e-12	4.02e-09	1.53e-06	1.36e-04	5.28e-02	3.89e-01	5.58e-01	0.00e+00	0.00e+00	0.00e+00
 2.69536e+21	8.20e-23	5.81e-17	1.84e-12	4.74e-09	1.75e-06	1.50e-04	5.59e-02	3.97e-01	5.47e-01	0.00e+00	0.00e+00	0.00e+00
 2.77075e+21	1.02e-22	7.02e-17	2.17e-12	5.44e-09	1.96e-06	1.63e-04	5.86e-02	4.03e-01	5.38e-01	0.00e+00	0.00e+00	0.00e+00
 2.85495e+21	1.29e-22	8.64e-17	2.60e-12	6.34e-09	2.21e-06	1.78e-04	6.17e-02	4.10e-01	5.28e-01	0.00e+00	0.00e+00	0.00e+00
 2.96441e+21	1.74e-22	1.12e-16	3.24e-12	7.64e-09	2.57e-06	1.98e-04	6.58e-02	4.18e-01	5.16e-01	0.00e+00	0.00e+00	0.00e+00
 3.07536e+21	2.35e-22	1.45e-16	4.07e-12	9.27e-09	3.00e-06	2.21e-04	7.02e-02	4.26e-01	5.03e-01	0.00e+00	0.00e+00	0.00e+00
 3.16315e+21	2.96e-22	1.78e-16	4.84e-12	1.07e-08	3.38e-06	2.41e-04	7.37e-02	4.33e-01	4.93e-01	0.00e+00	0.00e+00	0.00e+00
 3.25214e+21	3.72e-22	2.17e-16	5.75e-12	1.24e-08	3.80e-06	2.62e-04	7.74e-02	4.39e-01	4.84e-01	0.00e+00	0.00e+00	0.00e+00
 3.36783e+21	4.95e-22	2.79e-16	7.14e-12	1.49e-08	4.39e-06	2.90e-04	8.22e-02	4.46e-01	4.71e-01	0.00e+00	0.00e+00	0.00e+00
 3.48826e+21	6.67e-22	3.61e-16	8.93e-12	1.80e-08	5.11e-06	3.24e-04	8.75e-02	4.54e-01	4.58e-01	0.00e+00	0.00e+00	0.00e+00
 3.58833e+21	8.48e-22	4.45e-16	1.07e-11	2.09e-08	5.78e-06	3.54e-04	9.20e-02	4.60e-01	4.48e-01	0.00e+00	0.00e+00	0.00e+00
 3.69191e+21	1.08e-21	5.50e-16	1.28e-11	2.44e-08	6.54e-06	3.86e-04	9.67e-02	4.66e-01	4.37e-01	0.00e+00	0.00e+00	0.00e+00
 3.82656e+21	1.47e-21	7.16e-16	1.61e-11	2.96e-08	7.62e-06	4.30e-04	1.03e-01	4.73e-01	4.24e-01	0.00e+00	0.00e+00	0.00e+00
 3.96483e+21	2.00e-21	9.40e-16	2.04e-11	3.61e-08	8.94e-06	4.82e-04	1.10e-01	4.80e-01	4.10e-01	0.00e+00	0.00e+00	0.00e+00
 4.07701e+21	2.56e-21	1.16e-15	2.45e-11	4.21e-08	1.01e-05	5.27e-04	1.15e-01	4.85e-01	3.99e-01	0.00e+00	0.00e+00	0.00e+00
 4.19205e+21	3.27e-21	1.44e-15	2.95e-11	4.92e-08	1.15e-05	5.75e-04	1.21e-01	4.91e-01	3.88e-01	0.00e+00	0.00e+00	0.00e+00
 4.34162e+21	4.45e-21	1.89e-15	3.72e-11	5.99e-08	1.34e-05	6.43e-04	1.29e-01	4.97e-01	3.74e-01	0.00e+00	0.00e+00	0.00e+00
 4.48583e+21	5.97e-21	2.44e-15	4.65e-11	7.21e-08	1.56e-05	7.15e-04	1.36e-01	5.02e-01	3.61e-01	0.00e+00	0.00e+00	0.00e+00
 4.59058e+21	7.35e-21	2.92e-15	5.43e-11	8.23e-08	1.73e-05	7.70e-04	1.42e-01	5.06e-01	3.52e-01	0.00e+00	0.00e+00	0.00e+00
 4.69425e+21	8.99e-21	3.48e-15	6.32e-11	9.35e-08	1.92e-05	8.28e-04	1.48e-01	5.09e-01	3.43e-01	0.00e+00	0.00e+00	0.00e+00
 4.82902e+21	1.16e-20	4.34e-15	7.66e-11	1.10e-07	2.18e-05	9.07e-04	1.55e-01	5.13e-01	3.31e-01	0.00e+00	0.00e+00	0.00e+00
 4.97339e+21	1.52e-20	5.50e-15	9.40e-11	1.31e-07	2.51e-05	1.00e-03	1.63e-01	5.17e-01	3.19e-01	0.00e+00	0.00e+00	0.00e+00
 5.09900e+21	1.91e-20	6.71e-15	1.12e-10	1.51e-07	2.82e-05	1.09e-03	1.71e-01	5.19e-01	3.09e-01	0.00e+00	0.00e+00	0.00e+00
 5.23105e+21	2.41e-20	8.22e-15	1.33e-10	1.75e-07	3.18e-05	1.18e-03	1.78e-01	5.22e-01	2.99e-01	0.00e+00	0.00e+00	0.00e+00
 5.40271e+21	3.25e-20	1.07e-14	1.67e-10	2.13e-07	3.71e-05	1.32e-03	1.89e-01	5.25e-01	2.85e-01	0.00e+00	0.00e+00	0.00e+00
 5.57489e+21	4.35e-20	1.37e-14	2.08e-10	2.56e-07	4.32e-05	1.46e-03	1.99e-01	5.27e-01	2.73e-01	0.00e+00	0.00e+00	0.00e+00
 5.71060e+21	5.44e-20	1.67e-14	2.47e-10	2.96e-07	4.85e-05	1.59e-03	2.08e-01	5.28e-01	2.63e-01	0.00e+00	0.00e+00	0.00e+00
 5.84990e+21	6.79e-20	2.03e-14	2.92e-10	3.42e-07	5.45e-05	1.72e-03	2.16e-01	5.29e-01	2.53e-01	0.00e+00	0.00e+00	0.00e+00
 6.03099e+21	8.99e-20	2.59e-14	3.62e-10	4.11e-07	6.31e-05	1.91e-03	2.28e-01	5.29e-01	2.41e-01	0.00e+00	0.00e+00	0.00e+00
 6.22104e+21	1.20e-19	3.33e-14	4.51e-10	4.96e-07	7.35e-05	2.13e-03	2.40e-01	5.29e-01	2.28e-01	0.00e+00	0.00e+00	0.00e+00
 6.38177e+21	1.52e-19	4.09e-14	5.41e-10	5.79e-07	8.34e-05	2.32e-03	2.51e-01	5.29e-01	2.18e-01	0.00e+00	0.00e+00	0.00e+00
 6.54975e+21	1.93e-19	5.04e-14	6.50e-10	6.77e-07	9.48e-05	2.54e-03	2.62e-01	5.27e-01	2.08e-01	0.00e+00	0.00e+00	0.00e+00
 6.76812e+21	2.59e-19	6.55e-14	8.19e-10	8.26e-07	1.11e-04	2.84e-03	2.76e-01	5.25e-01	1.96e-01	0.00e+00	0.00e+00	0.00e+00
 6.98889e+21	3.47e-19	8.46e-14	1.03e-09	1.00e-06	1.31e-04	3.18e-03	2.91e-01	5.22e-01	1.84e-01	0.00e+00	0.00e+00	0.00e+00
 7.16478e+21	4.35e-19	1.03e-13	1.22e-09	1.17e-06	1.48e-04	3.46e-03	3.03e-01	5.19e-01	1.75e-01	0.00e+00	0.00e+00	0.00e+00
 7.31653e+21	5.24e-19	1.21e-13	1.42e-09	1.33e-06	1.64e-04	3.73e-03	3.13e-01	5.16e-01	1.67e-01	0.00e+00	0.00e+00	0.00e+00
 7.48486e+21	6.40e-19	1.45e-13	1.66e-09	1.52e-06	1.84e-04	4.04e-03	3.24e-01	5.12e-01	1.59e-01	0.00e+00	0.00e+00	0.00e+00
 7.70369e+21	8.23e-19	1.81e-13	2.02e-09	1.81e-06	2.12e-04	4.46e-03	3.39e-01	5.07e-01	1.49e-01	0.00e+00	0.00e+00	0.00e+00
 7.92803e+21	1.05e-18	2.25e-13	2.46e-09	2.15e-06	2.44e-04	4.93e-03	3.54e-01	5.01e-01	1.40e-01	0.00e+00	0.00e+00	0.00e+00
 8.11083e+21	1.28e-18	2.68e-13	2.88e-09	2.47e-06	2.73e-04	5.34e-03	3.66e-01	4.96e-01	1.32e-01	0.00e+00	0.00e+00	0.00e+00
 8.29980e+21	1.55e-18	3.17e-13	3.35e-09	2.83e-06	3.06e-04	5.78e-03	3.79e-01	4.90e-01	1.25e-01	0.00e+00	0.00e+00	0.00e+00
 8.54546e+21	1.97e-18	3.92e-13	4.07e-09	3.35e-06	3.53e-04	6.39e-03	3.95e-01	4.82e-01	1.16e-01	0.00e+00	0.00e+00	0.00e+00
 8.79337e+21	2.48e-18	4.82e-13	4.92e-09	3.97e-06	4.06e-04	7.06e-03	4.11e-01	4.74e-01	1.08e-01	0.00e+00	0.00e+00	0.00e+00
 8.98941e+21	2.95e-18	5.64e-13	5.68e-09	4.51e-06	4.51e-04	7.62e-03	4.23e-01	4.67e-01	1.02e-01	0.00e+00	0.00e+00	0.00e+00
 9.18947e+21	3.50e-18	6.57e-13	6.54e-09	5.12e-06	5.01e-04	8.20e-03	4.36e-01	4.60e-01	9.57e-02	0.00e+00	0.00e+00	0.00e+00
 9.44956e+21	4.32e-18	7.95e-13	7.80e-09	6.00e-06	5.72e-04	9.01e-03	4.51e-01	4.50e-01	8.86e-02	0.00e+00	0.00e+00	0.00e+00
 9.72034e+21	5.33e-18	9.62e-13	9.32e-09	7.05e-06	6.53e-04	9.90e-03	4.68e-01	4.40e-01	8.18e-02	0.00e+00	0.00e+00	0.00e+00
 9.94688e+21	6.31e-18	1.12e-12	1.08e-08	8.02e-06	7.27e-04	1.07e-02	4.81e-01	4.31e-01	7.65e-02	0.00e+00	0.00e+00	0.00e+00
 1.01832e+22	7.46e-18	1.31e-12	1.24e-08	9.13e-06	8.09e-04	1.15e-02	4.94e-01	4.22e-01	7.14e-02	0.00e+00	0.00e+00	0.00e+00
 1.04904e+22	9.17e-18	1.58e-12	1.48e-08	1.07e-05	9.25e-04	1.27e-02	5.10e-01	4.11e-01	6.53e-02	0.00e+00	0.00e+00	0.00e+00
 1.08064e+22	1.13e-17	1.90e-12	1.77e-08	1.26e-05	1.06e-03	1.40e-02	5.27e-01	3.99e-01	5.96e-02	0.00e+00	0.00e+00	0.00e+00
 1.10662e+22	1.32e-17	2.20e-12	2.04e-08	1.44e-05	1.17e-03	1.50e-02	5.40e-01	3.89e-01	5.54e-02	0.00e+00	0.00e+00	0.00e+00
 1.13365e+22	1.55e-17	2.55e-12	2.34e-08	1.63e-05	1.30e-03	1.62e-02	5.53e-01	3.79e-01	5.13e-02	0.00e+00	0.00e+00	0.00e+00
 1.16185e+22	1.82e-17	2.96e-12	2.70e-08	1.86e-05	1.45e-03	1.75e-02	5.66e-01	3.68e-01	4.74e-02	0.00e+00	0.00e+00	0.00e+00
 1.18549e+22	2.07e-17	3.34e-12	3.03e-08	2.07e-05	1.58e-03	1.86e-02	5.76e-01	3.59e-01	4.44e-02	0.00e+00	0.00e+00	0.00e+00
 1.21015e+22	2.36e-17	3.77e-12	3.40e-08	2.30e-05	1.72e-03	1.98e-02	5.86e-01	3.51e-01	4.15e-02	2.36e-17	7.02e-24	7.25e-24
 1.24220e+22	2.77e-17	4.39e-12	3.94e-08	2.63e-05	1.91e-03	2.13e-02	5.99e-01	3.40e-01	3.81e-02	2.77e-17	8.23e-24	8.50e-24
 1.27518e+22	3.27e-17	5.12e-12	4.56e-08	3.01e-05	2.13e-03	2.30e-02	6.12e-01	3.28e-01	3.49e-02	3.27e-17	9.65e-24	9.96e-24
 1.30197e+22	3.69e-17	5.75e-12	5.12e-08	3.35e-05	2.32e-03	2.45e-02	6.22e-01	3.19e-01	3.25e-02	3.69e-17	1.09e-23	1.12e-23
 1.32941e+22	4.21e-17	6.50e-12	5.75e-08	3.72e-05	2.52e-03	2.59e-02	6.31e-01	3.10e-01	3.03e-02	4.21e-17	1.24e-23	1.28e-23
 1.36508e+22	4.93e-17	7.55e-12	6.64e-08	4.25e-05	2.79e-03	2.79e-02	6.42e-01	2.99e-01	2.77e-02	4.93e-17	1.44e-23	1.49e-23
 1.40176e+22	5.78e-17	8.78e-12	7.69e-08	4.86e-05	3.09e-03	3.00e-02	6.53e-01	2.88e-01	2.52e-02	5.78e-17	1.68e-23	1.74e-23
 1.43176e+22	6.52e-17	9.86e-12	8.62e-08	5.41e-05	3.36e-03	3.19e-02	6.62e-01	2.79e-01	2.34e-02	6.52e-17	1.89e-23	1.95e-23
 1.46278e+22	7.44e-17	1.12e-11	9.70e-08	6.01e-05	3.64e-03	3.37e-02	6.70e-01	2.71e-01	2.17e-02	7.44e-17	2.15e-23	2.22e-23
 1.50310e+22	8.72e-17	1.30e-11	1.12e-07	6.87e-05	4.02e-03	3.62e-02	6.80e-01	2.60e-01	1.97e-02	8.72e-17	2.51e-23	2.59e-23
 1.54480e+22	1.02e-16	1.52e-11	1.30e-07	7.86e-05	4.46e-03	3.89e-02	6.90e-01	2.49e-01	1.79e-02	1.02e-16	2.93e-23	3.03e-23
 1.57930e+22	1.16e-16	1.71e-11	1.47e-07	8.76e-05	4.83e-03	4.12e-02	6.97e-01	2.40e-01	1.65e-02	1.16e-16	3.30e-23	3.41e-23
 1.61515e+22	1.33e-16	1.94e-11	1.66e-07	9.77e-05	5.24e-03	4.36e-02	7.04e-01	2.32e-01	1.52e-02	1.33e-16	3.76e-23	3.89e-23
 1.66176e+22	1.56e-16	2.28e-11	1.93e-07	1.12e-04	5.79e-03	4.68e-02	7.12e-01	2.21e-01	1.37e-02	1.56e-16	4.39e-23	4.56e-23
 1.71023e+22	1.84e-16	2.68e-11	2.26e-07	1.29e-04	6.41e-03	5.02e-02	7.20e-01	2.11e-01	1.23e-02	1.84e-16	5.15e-23	5.36e-23
 1.75080e+22	2.11e-16	3.05e-11	2.56e-07	1.45e-04	6.96e-03	5.32e-02	7.26e-01	2.03e-01	1.13e-02	2.11e-16	5.87e-23	6.12e-23
 1.79324e+22	2.42e-16	3.49e-11	2.91e-07	1.62e-04	7.56e-03	5.63e-02	7.31e-01	1.94e-01	1.03e-02	2.42e-16	6.70e-23	6.99e-23
 1.84840e+22	2.88e-16	4.13e-11	3.43e-07	1.87e-04	8.37e-03	6.04e-02	7.37e-01	1.84e-01	9.18e-03	2.88e-16	7.90e-23	8.26e-23
 1.90016e+22	3.37e-16	4.83e-11	3.99e-07	2.14e-04	9.20e-03	6.45e-02	7.43e-01	1.75e-01	8.23e-03	3.37e-16	9.19e-23	9.62e-23
 1.93558e+22	3.78e-16	5.39e-11	4.42e-07	2.34e-04	9.79e-03	6.73e-02	7.46e-01	1.69e-01	7.67e-03	3.78e-16	1.03e-22	1.08e-22
 1.96972e+22	4.18e-16	5.95e-11	4.86e-07	2.54e-04	1.04e-02	7.00e-02	7.48e-01	1.64e-01	7.17e-03	4.18e-16	1.13e-22	1.18e-22
 2.01410e+22	4.75e-16	6.75e-11	5.48e-07	2.82e-04	1.11e-02	7.36e-02	7.51e-01	1.57e-01	6.58e-03	4.75e-16	1.28e-22	1.34e-22
 2.06419e+22	5.48e-16	7.78e-11	6.27e-07	3.17e-04	1.21e-02	7.77e-02	7.54e-01	1.50e-01	5.97e-03	5.48e-16	1.46e-22	1.54e-22
 2.11127e+22	6.25e-16	8.87e-11	7.09e-07	3.52e-04	1.30e-02	8.17e-02	7.56e-01	1.44e-01	5.46e-03	6.25e-16	1.66e-22	1.75e-22
 2.15483e+22	7.04e-16	9.99e-11	7.94e-07	3.88e-04	1.39e-02	8.54e-02	7.57e-01	1.38e-01	5.03e-03	7.04e-16	1.86e-22	1.97e-22
 2.20424e+22	8.04e-16	1.14e-10	8.98e-07	4.31e-04	1.49e-02	8.96e-02	7.58e-01	1.32e-01	4.60e-03	8.04e-16	2.11e-22	2.23e-22
 2.26848e+22	9.51e-16	1.35e-10	1.05e-06	4.92e-04	1.63e-02	9.51e-02	7.59e-01	1.25e-01	4.10e-03	9.51e-16	2.48e-22	2.63e-22
 2.33332e+22	1.13e-15	1.60e-10	1.23e-06	5.62e-04	1.78e-02	1.01e-01	7.59e-01	1.18e-01	3.65e-03	1.13e-15	2.92e-22	3.10e-22
 2.38454e+22	1.28e-15	1.82e-10	1.39e-06	6.22e-04	1.90e-02	1.05e-01	7.59e-01	1.13e-01	3.34e-03	1.28e-15	3.32e-22	3.52e-22
 2.43672e+22	1.46e-15	2.07e-10	1.57e-06	6.87e-04	2.03e-02	1.10e-01	7.58e-01	1.08e-01	3.06e-03	1.46e-15	3.76e-22	3.99e-22
 2.50455e+22	1.73e-15	2.45e-10	1.83e-06	7.78e-04	2.20e-02	1.16e-01	7.57e-01	1.02e-01	2.73e-03	1.73e-15	4.40e-22	4.68e-22
 2.57673e+22	2.06e-15	2.92e-10	2.14e-06	8.88e-04	2.40e-02	1.23e-01	7.54e-01	9.57e-02	2.43e-03	2.06e-15	5.21e-22	5.55e-22
 2.63933e+22	2.38e-15	3.38e-10	2.46e-06	9.92e-04	2.57e-02	1.29e-01	7.52e-01	9.08e-02	2.19e-03	2.38e-15	6.00e-22	6.40e-22
 2.70549e+22	2.79e-15	3.96e-10	2.83e-06	1.11e-03	2.76e-02	1.35e-01	7.49e-01	8.61e-02	1.98e-03	2.79e-15	6.98e-22	7.46e-22
 2.79150e+22	3.40e-15	4.82e-10	3.37e-06	1.28e-03	3.02e-02	1.43e-01	7.44e-01	8.04e-02	1.74e-03	3.40e-15	8.43e-22	9.02e-22
 2.88090e+22	4.17e-15	5.91e-10	4.05e-06	1.47e-03	3.31e-02	1.51e-01	7.38e-01	7.48e-02	1.52e-03	4.17e-15	1.03e-21	1.10e-21
 2.95568e+22	4.92e-15	6.98e-10	4.69e-06	1.66e-03	3.56e-02	1.58e-01	7.33e-01	7.05e-02	1.35e-03	4.92e-15	1.20e-21	1.29e-21
 3.03389e+22	5.86e-15	8.29e-10	5.45e-06	1.86e-03	3.82e-02	1.65e-01	7.27e-01	6.64e-02	1.21e-03	5.86e-15	1.42e-21	1.53e-21
 3.13556e+22	7.29e-15	1.03e-09	6.57e-06	2.15e-03	4.18e-02	1.74e-01	7.19e-01	6.16e-02	1.06e-03	7.29e-15	1.75e-21	1.89e-21
 3.24325e+22	9.17e-15	1.29e-09	8.01e-06	2.50e-03	4.58e-02	1.84e-01	7.10e-01	5.68e-02	9.09e-04	9.17e-15	2.19e-21	2.36e-21
 3.32587e+22	1.10e-14	1.54e-09	9.30e-06	2.80e-03	4.91e-02	1.92e-01	7.02e-01	5.34e-02	8.12e-04	1.10e-14	2.60e-21	2.80e-21
 3.38792e+22	1.25e-14	1.75e-09	1.03e-05	3.03e-03	5.16e-02	1.97e-01	6.96e-01	5.11e-02	7.49e-04	1.25e-14	2.94e-21	3.17e-21
 3.45617e+22	1.43e-14	2.00e-09	1.16e-05	3.30e-03	5.43e-02	2.03e-01	6.90e-01	4.86e-02	6.85e-04	1.43e-14	3.35e-21	3.62e-21
 3.54490e+22	1.72e-14	2.38e-09	1.34e-05	3.68e-03	5.80e-02	2.11e-01	6.81e-01	4.57e-02	6.15e-04	1.72e-14	4.00e-21	4.32e-21
 3.66025e+22	2.15e-14	2.96e-09	1.61e-05	4.22e-03	6.29e-02	2.21e-01	6.69e-01	4.22e-02	5.34e-04	2.15e-14	4.94e-21	5.36e-21
 3.77785e+22	2.70e-14	3.71e-09	1.95e-05	4.83e-03	6.83e-02	2.31e-01	6.57e-01	3.89e-02	4.62e-04	2.70e-14	6.17e-21	6.70e-21
 3.86879e+22	3.23e-14	4.39e-09	2.24e-05	5.35e-03	7.25e-02	2.38e-01	6.47e-01	3.66e-02	4.14e-04	3.23e-14	7.32e-21	7.96e-21
 3.95740e+22	3.80e-14	5.14e-09	2.55e-05	5.88e-03	7.66e-02	2.45e-01	6.37e-01	3.45e-02	3.74e-04	3.80e-14	8.55e-21	9.30e-21
 4.07260e+22	4.72e-14	6.28e-09	3.00e-05	6.61e-03	8.21e-02	2.54e-01	6.25e-01	3.21e-02	3.30e-04	4.72e-14	1.05e-20	1.15e-20
 4.19740e+22	5.93e-14	7.78e-09	3.57e-05	7.50e-03	8.83e-02	2.63e-01	6.11e-01	2.96e-02	2.87e-04	5.93e-14	1.31e-20	1.43e-20
 4.30795e+22	7.20e-14	9.37e-09	4.16e-05	8.35e-03	9.39e-02	2.71e-01	5.99e-01	2.75e-02	2.54e-04	7.20e-14	1.58e-20	1.72e-20
 4.42492e+22	8.81e-14	1.13e-08	4.83e-05	9.28e-03	9.98e-02	2.79e-01	5.86e-01	2.56e-02	2.25e-04	8.81e-14	1.91e-20	2.09e-20
 4.57698e+22	1.14e-13	1.43e-08	5.82e-05	1.06e-02	1.08e-01	2.88e-01	5.70e-01	2.34e-02	1.93e-04	1.14e-13	2.43e-20	2.66e-20
 4.73415e+22	1.47e-13	1.82e-08	7.07e-05	1.21e-02	1.16e-01	2.98e-01	5.52e-01	2.12e-02	1.64e-04	1.47e-13	3.13e-20	3.42e-20
 4.86252e+22	1.82e-13	2.20e-08	8.22e-05	1.35e-02	1.23e-01	3.06e-01	5.38e-01	1.97e-02	1.45e-04	1.82e-13	3.82e-20	4.19e-20
 4.99396e+22	2.23e-13	2.65e-08	9.51e-05	1.49e-02	1.30e-01	3.13e-01	5.24e-01	1.82e-02	1.28e-04	2.23e-13	4.63e-20	5.08e-20
 5.16484e+22	2.87e-13	3.33e-08	1.14e-04	1.69e-02	1.39e-01	3.21e-01	5.06e-01	1.66e-02	1.09e-04	2.87e-13	5.90e-20	6.48e-20
 5.34824e+22	3.78e-13	4.25e-08	1.38e-04	1.92e-02	1.50e-01	3.29e-01	4.86e-01	1.49e-02	9.23e-05	3.78e-13	7.66e-20	8.42e-20
 5.50849e+22	4.77e-13	5.23e-08	1.62e-04	2.14e-02	1.59e-01	3.36e-01	4.70e-01	1.37e-02	7.99e-05	4.77e-13	9.56e-20	1.05e-19
 5.67742e+22	6.00e-13	6.40e-08	1.89e-04	2.38e-02	1.68e-01	3.42e-01	4.53e-01	1.25e-02	6.94e-05	6.00e-13	1.19e-19	1.31e-19
 5.89453e+22	7.97e-13	8.19e-08	2.29e-04	2.71e-02	1.80e-01	3.49e-01	4.33e-01	1.12e-02	5.81e-05	7.97e-13	1.55e-19	1.71e-19
 6.12280e+22	1.07e-12	1.06e-07	2.80e-04	3.09e-02	1.93e-01	3.55e-01	4.11e-01	9.92e-03	4.81e-05	1.07e-12	2.06e-19	2.27e-19
 6.31976e+22	1.38e-12	1.32e-07	3.30e-04	3.45e-02	2.03e-01	3.59e-01	3.93e-01	8.95e-03	4.10e-05	1.38e-12	2.60e-19	2.88e-19
 6.52752e+22	1.75e-12	1.62e-07	3.86e-04	3.82e-02	2.14e-01	3.63e-01	3.76e-01	8.10e-03	3.51e-05	1.75e-12	3.26e-19	3.61e-19
 6.78402e+22	2.33e-12	2.06e-07	4.64e-04	4.31e-02	2.27e-01	3.66e-01	3.56e-01	7.17e-03	2.91e-05	2.33e-12	4.26e-19	4.72e-19
 7.03258e+22	3.09e-12	2.62e-07	5.55e-04	4.85e-02	2.40e-01	3.69e-01	3.35e-01	6.33e-03	2.41e-05	3.09e-12	5.56e-19	6.16e-19
 7.23164e+22	3.82e-12	3.12e-07	6.34e-04	5.28e-02	2.50e-01	3.70e-01	3.21e-01	5.77e-03	2.10e-05	3.82e-12	6.78e-19	7.52e-19
 7.43765e+22	4.69e-12	3.71e-07	7.21e-04	5.73e-02	2.60e-01	3.70e-01	3.06e-01	5.26e-03	1.82e-05	4.69e-12	8.20e-19	9.10e-19
 7.70547e+22	6.06e-12	4.58e-07	8.45e-04	6.33e-02	2.72e-01	3.70e-01	2.89e-01	4.68e-03	1.53e-05	6.06e-12	1.04e-18	1.15e-18
 8.00554e+22	8.00e-12	5.75e-07	1.00e-03	7.04e-02	2.85e-01	3.69e-01	2.71e-01	4.11e-03	1.26e-05	8.00e-12	1.34e-18	1.49e-18
 8.27774e+22	1.03e-11	7.06e-07	1.17e-03	7.74e-02	2.97e-01	3.67e-01	2.54e-01	3.64e-03	1.06e-05	1.03e-11	1.69e-18	1.89e-18
 8.51956e+22	1.26e-11	8.34e-07	1.32e-03	8.35e-02	3.06e-01	3.65e-01	2.41e-01	3.30e-03	9.12e-06	1.26e-11	2.05e-18	2.28e-18
 8.79168e+22	1.57e-11	9.97e-07	1.50e-03	9.04e-02	3.16e-01	3.62e-01	2.27e-01	2.95e-03	7.77e-06	1.57e-11	2.50e-18	2.79e-18
 9.13057e+22	2.03e-11	1.22e-06	1.75e-03	9.90e-02	3.27e-01	3.57e-01	2.12e-01	2.60e-03	6.45e-06	2.03e-11	3.14e-18	3.51e-18
 9.48614e+22	2.65e-11	1.51e-06	2.04e-03	1.09e-01	3.39e-01	3.52e-01	1.96e-01	2.26e-03	5.28e-06	2.65e-11	4.02e-18	4.49e-18
 9.80680e+22	3.34e-11	1.82e-06	2.33e-03	1.18e-01	3.48e-01	3.46e-01	1.83e-01	2.00e-03	4.43e-06	3.34e-11	4.96e-18	5.55e-18
 1.01522e+23	4.18e-11	2.17e-06	2.65e-03	1.27e-01	3.57e-01	3.40e-01	1.71e-01	1.77e-03	3.73e-06	4.18e-11	6.04e-18	6.77e-18
 1.05605e+23	5.39e-11	2.65e-06	3.06e-03	1.38e-01	3.67e-01	3.33e-01	1.58e-01	1.54e-03	3.06e-06	5.39e-11	7.56e-18	8.48e-18
 1.09796e+23	6.95e-11	3.24e-06	3.53e-03	1.49e-01	3.76e-01	3.25e-01	1.45e-01	1.33e-03	2.50e-06	6.95e-11	9.49e-18	1.07e-17
 1.13859e+23	8.77e-11	3.88e-06	4.02e-03	1.61e-01	3.83e-01	3.17e-01	1.34e-01	1.17e-03	2.07e-06	8.77e-11	1.17e-17	1.31e-17
 1.18243e+23	1.10e-10	4.62e-06	4.56e-03	1.72e-01	3.90e-01	3.08e-01	1.24e-01	1.02e-03	1.72e-06	1.10e-10	1.42e-17	1.59e-17
 1.23096e+23	1.40e-10	5.57e-06	5.21e-03	1.85e-01	3.97e-01	2.99e-01	1.13e-01	8.83e-04	1.40e-06	1.40e-10	1.75e-17	1.97e-17
 1.28143e+23	1.78e-10	6.68e-06	5.92e-03	1.98e-01	4.02e-01	2.89e-01	1.04e-01	7.64e-04	1.15e-06	1.78e-10	2.14e-17	2.41e-17
 1.33392e+23	2.24e-10	7.96e-06	6.70e-03	2.12e-01	4.07e-01	2.79e-01	9.51e-02	6.62e-04	9.43e-07	2.24e-10	2.60e-17	2.93e-17
 1.38851e+23	2.80e-10	9.43e-06	7.54e-03	2.25e-01	4.10e-01	2.70e-01	8.71e-02	5.75e-04	7.77e-07	2.80e-10	3.13e-17	3.54e-17
 1.44529e+23	3.48e-10	1.11e-05	8.46e-03	2.39e-01	4.13e-01	2.60e-01	7.97e-02	5.00e-04	6.42e-07	3.48e-10	3.74e-17	4.23e-17
 1.50434e+23	4.29e-10	1.30e-05	9.45e-03	2.52e-01	4.15e-01	2.50e-01	7.30e-02	4.35e-04	5.32e-07	4.29e-10	4.43e-17	5.02e-17
 1.56574e+23	5.25e-10	1.52e-05	1.05e-02	2.65e-01	4.16e-01	2.41e-01	6.70e-02	3.80e-04	4.43e-07	5.25e-10	5.20e-17	5.90e-17
 1.62961e+23	6.36e-10	1.75e-05	1.16e-02	2.79e-01	4.17e-01	2.31e-01	6.16e-02	3.34e-04	3.72e-07	6.36e-10	6.04e-17	6.86e-17
 1.69603e+23	7.67e-10	2.02e-05	1.28e-02	2.92e-01	4.16e-01	2.22e-01	5.66e-02	2.93e-04	3.12e-07	7.67e-10	6.96e-17	7.92e-17
 1.76510e+23	9.16e-10	2.30e-05	1.40e-02	3.04e-01	4.15e-01	2.14e-01	5.22e-02	2.59e-04	2.65e-07	9.16e-10	7.93e-17	9.03e-17
 1.83694e+23	1.08e-09	2.61e-05	1.53e-02	3.16e-01	4.14e-01	2.06e-01	4.83e-02	2.30e-04	2.26e-07	1.08e-09	8.95e-17	1.02e-16
 1.91165e+23	1.27e-09	2.94e-05	1.66e-02	3.28e-01	4.12e-01	1.98e-01	4.47e-02	2.05e-04	1.94e-07	1.27e-09	9.98e-17	1.14e-16
 1.98935e+23	1.48e-09	3.30e-05	1.80e-02	3.40e-01	4.10e-01	1.91e-01	4.16e-02	1.84e-04	1.68e-07	1.48e-09	1.10e-16	1.26e-16
 2.07016e+23	1.71e-09	3.67e-05	1.94e-02	3.50e-01	4.07e-01	1.84e-01	3.87e-02	1.65e-04	1.46e-07	1.71e-09	1.21e-16	1.38e-16
 2.15420e+23	1.95e-09	4.06e-05	2.08e-02	3.61e-01	4.04e-01	1.78e-01	3.62e-02	1.50e-04	1.28e-07	1.95e-09	1.30e-16	1.49e-16
 2.23993e+23	2.19e-09	4.43e-05	2.21e-02	3.70e-01	4.02e-01	1.72e-01	3.42e-02	1.38e-04	0.00e+00	2.19e-09	1.38e-16	1.58e-16
 2.32142e+23	2.46e-09	4.83e-05	2.34e-02	3.78e-01	3.99e-01	1.67e-01	3.22e-02	1.26e-04	0.00e+00	2.46e-09	1.47e-16	1.69e-16
 2.39476e+23	2.71e-09	5.20e-05	2.47e-02	3.86e-01	3.96e-01	1.62e-01	3.06e-02	1.17e-04	0.00e+00	2.71e-09	1.55e-16	1.78e-16
 2.46077e+23	2.92e-09	5.51e-05	2.57e-02	3.92e-01	3.94e-01	1.59e-01	2.95e-02	1.11e-04	0.00e+00	2.92e-09	1.61e-16	1.84e-16
 2.52017e+23	3.12e-09	5.78e-05	2.66e-02	3.97e-01	3.92e-01	1.56e-01	2.85e-02	1.06e-04	0.00e+00	3.12e-09	1.65e-16	1.89e-16
 2.57364e+23	3.28e-09	6.02e-05	2.73e-02	4.01e-01	3.90e-01	1.54e-01	2.77e-02	1.01e-04	0.00e+00	3.28e-09	1.68e-16	1.93e-16
 2.62175e+23	3.44e-09	6.23e-05	2.80e-02	4.04e-01	3.89e-01	1.51e-01	2.71e-02	9.80e-05	0.00e+00	3.44e-09	1.71e-16	1.96e-16
 2.66506e+23	3.56e-09	6.40e-05	2.85e-02	4.07e-01	3.88e-01	1.50e-01	2.66e-02	9.55e-05	0.00e+00	3.56e-09	1.72e-16	1.98e-16
 2.70404e+23	3.67e-09	6.55e-05	2.90e-02	4.10e-01	3.87e-01	1.48e-01	2.61e-02	9.34e-05	0.00e+00	3.67e-09	1.73e-16	1.99e-16
 2.73911e+23	3.76e-09	6.68e-05	2.95e-02	4.12e-01	3.86e-01	1.47e-01	2.58e-02	9.15e-05	0.00e+00	3.76e-09	1.74e-16	2.00e-16
 2.77100e+23	3.84e-09	6.79e-05	2.98e-02	4.13e-01	3.85e-01	1.46e-01	2.55e-02	9.02e-05	0.00e+00	3.84e-09	1.74e-16	2.00e-16
 2.80155e+23	3.88e-09	6.85e-05	3.00e-02	4.14e-01	3.84e-01	1.46e-01	2.54e-02	8.95e-05	0.00e+00	3.88e-09	1.73e-16	1.98e-16
 2.83210e+23	3.94e-09	6.94e-05	3.03e-02	4.16e-01	3.84e-01	1.45e-01	2.51e-02	8.84e-05	0.00e+00	3.94e-09	1.72e-16	1.97e-16
 2.86265e+23	3.99e-09	7.01e-05	3.05e-02	4.17e-01	3.83e-01	1.44e-01	2.50e-02	8.77e-05	0.00e+00	3.99e-09	1.71e-16	1.96e-16
 2.89320e+23	4.04e-09	7.09e-05	3.08e-02	4.18e-01	3.83e-01	1.44e-01	2.48e-02	8.68e-05	0.00e+00	4.04e-09	1.70e-16	1.95e-16
 2.92375e+23	4.08e-09	7.15e-05	3.10e-02	4.19e-01	3.82e-01	1.43e-01	2.47e-02	8.62e-05	0.00e+00	4.08e-09	1.68e-16	1.92e-16
 2.95429e+23	4.12e-09	7.20e-05	3.12e-02	4.19e-01	3.82e-01	1.43e-01	2.46e-02	8.57e-05	0.00e+00	4.12e-09	1.66e-16	1.90e-16
 2.98484e+23	4.15e-09	7.25e-05	3.14e-02	4.20e-01	3.81e-01	1.43e-01	2.45e-02	8.53e-05	0.00e+00	4.15e-09	1.64e-16	1.88e-16
 3.01539e+23	4.18e-09	7.31e-05	3.16e-02	4.21e-01	3.81e-01	1.42e-01	2.43e-02	8.47e-05	0.00e+00	4.18e-09	1.62e-16	1.86e-16
 3.04274e+23	4.22e-09	7.37e-05	3.18e-02	4.22e-01	3.81e-01	1.42e-01	2.42e-02	8.42e-05	0.00e+00	4.22e-09	1.61e-16	1.85e-16
