#depth	S	S+	S+2	S+3	S+4	S+5	S+6	S+7	S+8	S+9	S+10	S+11	S+12	S+13	S+14	S+15	S+16
 6.17135e+19	0.00e+00	2.99e-29	1.39e-24	4.40e-21	6.72e-18	3.67e-15	2.86e-11	2.05e-08	3.62e-06	1.48e-04	3.24e-03	2.45e-02	7.11e-02	1.44e-01	6.08e-01	1.39e-01	9.81e-03
 1.87609e+20	0.00e+00	1.24e-28	4.95e-24	1.34e-20	1.74e-17	8.04e-15	6.30e-11	4.39e-08	7.17e-06	2.63e-04	5.18e-03	3.52e-02	9.01e-02	1.59e-01	5.86e-01	1.17e-01	7.23e-03
 2.83882e+20	0.00e+00	3.55e-28	1.26e-23	3.05e-20	3.51e-17	1.43e-14	1.11e-10	7.57e-08	1.17e-05	3.96e-04	7.22e-03	4.55e-02	1.06e-01	1.69e-01	5.65e-01	1.02e-01	5.70e-03
 3.32018e+20	0.00e+00	5.90e-28	1.99e-23	4.54e-20	4.94e-17	1.90e-14	1.46e-10	9.81e-08	1.48e-05	4.81e-04	8.44e-03	5.13e-02	1.15e-01	1.73e-01	5.52e-01	9.47e-02	5.06e-03
 3.58442e+20	0.00e+00	7.75e-28	2.54e-23	5.63e-20	5.93e-17	2.21e-14	1.68e-10	1.13e-07	1.68e-05	5.33e-04	9.17e-03	5.46e-02	1.19e-01	1.75e-01	5.45e-01	9.10e-02	4.74e-03
 3.82313e+20	0.00e+00	9.94e-28	3.17e-23	6.83e-20	7.00e-17	2.53e-14	1.91e-10	1.28e-07	1.88e-05	5.86e-04	9.88e-03	5.78e-02	1.24e-01	1.77e-01	5.39e-01	8.77e-02	4.46e-03
 4.13344e+20	0.00e+00	1.35e-27	4.16e-23	8.69e-20	8.60e-17	3.00e-14	2.25e-10	1.49e-07	2.15e-05	6.56e-04	1.08e-02	6.19e-02	1.29e-01	1.80e-01	5.30e-01	8.38e-02	4.13e-03
 4.53684e+20	0.00e+00	2.01e-27	5.94e-23	1.19e-19	1.12e-16	3.74e-14	2.76e-10	1.81e-07	2.57e-05	7.59e-04	1.22e-02	6.76e-02	1.36e-01	1.82e-01	5.18e-01	7.88e-02	3.74e-03
 4.96666e+20	0.00e+00	3.03e-27	8.61e-23	1.65e-19	1.49e-16	4.72e-14	3.41e-10	2.22e-07	3.09e-05	8.83e-04	1.37e-02	7.40e-02	1.44e-01	1.85e-01	5.06e-01	7.38e-02	3.36e-03
 5.34110e+20	0.00e+00	4.32e-27	1.18e-22	2.17e-19	1.89e-16	5.75e-14	4.08e-10	2.64e-07	3.60e-05	1.00e-03	1.51e-02	7.97e-02	1.50e-01	1.87e-01	4.94e-01	6.96e-02	3.07e-03
 5.73817e+20	0.00e+00	6.22e-27	1.64e-22	2.90e-19	2.42e-16	7.06e-14	4.91e-10	3.15e-07	4.22e-05	1.14e-03	1.68e-02	8.60e-02	1.57e-01	1.89e-01	4.82e-01	6.55e-02	2.78e-03
 6.18613e+20	0.00e+00	9.30e-27	2.35e-22	3.99e-19	3.18e-16	8.86e-14	6.01e-10	3.82e-07	5.01e-05	1.31e-03	1.87e-02	9.34e-02	1.65e-01	1.90e-01	4.68e-01	6.11e-02	2.49e-03
 6.61105e+20	0.00e+00	1.35e-26	3.28e-22	5.36e-19	4.10e-16	1.09e-13	7.24e-10	4.56e-07	5.87e-05	1.50e-03	2.07e-02	1.01e-01	1.72e-01	1.92e-01	4.54e-01	5.71e-02	2.25e-03
 7.01153e+20	0.00e+00	1.90e-26	4.47e-22	7.04e-19	5.18e-16	1.33e-13	8.59e-10	5.36e-07	6.79e-05	1.68e-03	2.27e-02	1.07e-01	1.79e-01	1.93e-01	4.41e-01	5.36e-02	2.04e-03
 7.40599e+20	0.00e+00	2.64e-26	6.01e-22	9.15e-19	6.50e-16	1.61e-13	1.01e-09	6.27e-07	7.79e-05	1.88e-03	2.47e-02	1.14e-01	1.85e-01	1.93e-01	4.29e-01	5.04e-02	1.85e-03
 7.79067e+20	0.00e+00	3.62e-26	7.97e-22	1.18e-18	8.07e-16	1.92e-13	1.18e-09	7.26e-07	8.87e-05	2.09e-03	2.68e-02	1.21e-01	1.91e-01	1.93e-01	4.17e-01	4.74e-02	1.69e-03
 8.22604e+20	0.00e+00	5.12e-26	1.09e-21	1.55e-18	1.02e-15	2.35e-13	1.40e-09	8.53e-07	1.02e-04	2.35e-03	2.93e-02	1.29e-01	1.97e-01	1.93e-01	4.03e-01	4.42e-02	1.52e-03
 8.69950e+20	0.00e+00	7.41e-26	1.52e-21	2.08e-18	1.32e-15	2.90e-13	1.68e-09	1.01e-06	1.19e-04	2.65e-03	3.21e-02	1.38e-01	2.04e-01	1.93e-01	3.88e-01	4.10e-02	1.36e-03
 9.12446e+20	0.00e+00	1.02e-25	2.03e-21	2.69e-18	1.65e-15	3.50e-13	1.97e-09	1.17e-06	1.36e-04	2.95e-03	3.47e-02	1.46e-01	2.10e-01	1.92e-01	3.75e-01	3.83e-02	1.23e-03
 9.57890e+20	0.00e+00	1.43e-25	2.76e-21	3.53e-18	2.08e-15	4.25e-13	2.32e-09	1.37e-06	1.55e-04	3.28e-03	3.77e-02	1.54e-01	2.16e-01	1.91e-01	3.61e-01	3.56e-02	1.10e-03
 1.00850e+21	0.00e+00	2.07e-25	3.84e-21	4.73e-18	2.69e-15	5.25e-13	2.78e-09	1.62e-06	1.80e-04	3.69e-03	4.11e-02	1.64e-01	2.22e-01	1.90e-01	3.46e-01	3.29e-02	9.81e-04
 1.05563e+21	0.00e+00	2.89e-25	5.19e-21	6.18e-18	3.39e-15	6.38e-13	3.27e-09	1.88e-06	2.05e-04	4.10e-03	4.43e-02	1.72e-01	2.27e-01	1.88e-01	3.32e-01	3.05e-02	8.78e-04
 1.09996e+21	0.00e+00	3.93e-25	6.84e-21	7.90e-18	4.19e-15	7.62e-13	3.79e-09	2.16e-06	2.31e-04	4.51e-03	4.75e-02	1.81e-01	2.32e-01	1.87e-01	3.20e-01	2.84e-02	7.93e-04
 1.15087e+21	0.00e+00	5.53e-25	9.32e-21	1.04e-17	5.32e-15	9.31e-13	4.48e-09	2.51e-06	2.64e-04	5.01e-03	5.13e-02	1.90e-01	2.37e-01	1.85e-01	3.05e-01	2.62e-02	7.05e-04
 1.20787e+21	0.00e+00	8.05e-25	1.31e-20	1.41e-17	6.90e-15	1.16e-12	5.37e-09	2.97e-06	3.05e-04	5.61e-03	5.57e-02	2.01e-01	2.42e-01	1.82e-01	2.90e-01	2.39e-02	6.19e-04
 1.25786e+21	2.32e-31	1.11e-24	1.75e-20	1.82e-17	8.63e-15	1.40e-12	6.27e-09	3.42e-06	3.45e-04	6.17e-03	5.96e-02	2.10e-01	2.45e-01	1.79e-01	2.77e-01	2.21e-02	5.52e-04
 1.29969e+21	3.10e-31	1.44e-24	2.22e-20	2.25e-17	1.04e-14	1.63e-12	7.13e-09	3.84e-06	3.81e-04	6.67e-03	6.30e-02	2.17e-01	2.48e-01	1.77e-01	2.67e-01	2.06e-02	5.03e-04
 1.34586e+21	4.23e-31	1.91e-24	2.86e-20	2.83e-17	1.26e-14	1.93e-12	8.18e-09	4.35e-06	4.24e-04	7.24e-03	6.68e-02	2.25e-01	2.51e-01	1.74e-01	2.55e-01	1.92e-02	4.53e-04
 1.40588e+21	6.28e-31	2.74e-24	3.97e-20	3.78e-17	1.63e-14	2.39e-12	9.74e-09	5.10e-06	4.85e-04	8.04e-03	7.18e-02	2.36e-01	2.55e-01	1.70e-01	2.41e-01	1.74e-02	3.97e-04
 1.46804e+21	9.36e-31	3.95e-24	5.52e-20	5.07e-17	2.10e-14	2.96e-12	1.16e-08	5.97e-06	5.55e-04	8.92e-03	7.71e-02	2.46e-01	2.57e-01	1.66e-01	2.27e-01	1.58e-02	3.46e-04
 1.51974e+21	1.30e-30	5.32e-24	7.23e-20	6.46e-17	2.59e-14	3.54e-12	1.34e-08	6.80e-06	6.19e-04	9.70e-03	8.17e-02	2.55e-01	2.59e-01	1.63e-01	2.16e-01	1.45e-02	3.08e-04
 1.57372e+21	1.80e-30	7.17e-24	9.47e-20	8.22e-17	3.20e-14	4.23e-12	1.55e-08	7.73e-06	6.90e-04	1.05e-02	8.64e-02	2.63e-01	2.61e-01	1.59e-01	2.05e-01	1.34e-02	2.75e-04
 1.64391e+21	2.73e-30	1.05e-23	1.34e-19	1.12e-16	4.18e-14	5.31e-12	1.87e-08	9.12e-06	7.92e-04	1.17e-02	9.27e-02	2.74e-01	2.62e-01	1.54e-01	1.92e-01	1.20e-02	2.36e-04
 1.71611e+21	4.14e-30	1.54e-23	1.89e-19	1.53e-16	5.48e-14	6.67e-12	2.26e-08	1.07e-05	9.09e-04	1.30e-02	9.93e-02	2.85e-01	2.63e-01	1.49e-01	1.79e-01	1.07e-02	2.03e-04
 1.77551e+21	5.78e-30	2.09e-23	2.50e-19	1.96e-16	6.81e-14	8.02e-12	2.62e-08	1.23e-05	1.01e-03	1.41e-02	1.05e-01	2.93e-01	2.63e-01	1.45e-01	1.69e-01	9.79e-03	1.79e-04
 1.83730e+21	8.11e-30	2.86e-23	3.32e-19	2.52e-16	8.49e-14	9.67e-12	3.06e-08	1.40e-05	1.13e-03	1.53e-02	1.10e-01	3.01e-01	2.63e-01	1.41e-01	1.59e-01	8.90e-03	1.57e-04
 1.90512e+21	1.17e-29	4.00e-23	4.50e-19	3.31e-16	1.08e-13	1.18e-11	3.60e-08	1.61e-05	1.27e-03	1.67e-02	1.17e-01	3.10e-01	2.63e-01	1.36e-01	1.49e-01	8.03e-03	1.37e-04
 1.96706e+21	1.61e-29	5.39e-23	5.91e-19	4.22e-16	1.33e-13	1.42e-11	4.17e-08	1.83e-05	1.41e-03	1.80e-02	1.23e-01	3.18e-01	2.62e-01	1.32e-01	1.40e-01	7.31e-03	1.21e-04
 2.03388e+21	2.26e-29	7.38e-23	7.86e-19	5.45e-16	1.66e-13	1.71e-11	4.87e-08	2.09e-05	1.57e-03	1.95e-02	1.29e-01	3.25e-01	2.60e-01	1.27e-01	1.31e-01	6.62e-03	1.06e-04
 2.10862e+21	3.28e-29	1.04e-22	1.07e-18	7.21e-16	2.13e-13	2.11e-11	5.77e-08	2.42e-05	1.77e-03	2.12e-02	1.36e-01	3.33e-01	2.58e-01	1.22e-01	1.22e-01	5.92e-03	9.10e-05
 2.17903e+21	4.61e-29	1.43e-22	1.43e-18	9.33e-16	2.66e-13	2.55e-11	6.75e-08	2.76e-05	1.97e-03	2.29e-02	1.43e-01	3.41e-01	2.56e-01	1.17e-01	1.13e-01	5.33e-03	7.92e-05
 2.25595e+21	6.63e-29	2.01e-22	1.95e-18	1.23e-15	3.38e-13	3.13e-11	7.97e-08	3.18e-05	2.21e-03	2.49e-02	1.50e-01	3.48e-01	2.53e-01	1.12e-01	1.05e-01	4.77e-03	6.82e-05
 2.34148e+21	9.81e-29	2.90e-22	2.72e-18	1.66e-15	4.39e-13	3.91e-11	9.55e-08	3.71e-05	2.49e-03	2.71e-02	1.58e-01	3.55e-01	2.49e-01	1.07e-01	9.68e-02	4.21e-03	5.79e-05
 2.42162e+21	1.40e-28	4.05e-22	3.69e-18	2.18e-15	5.58e-13	4.79e-11	1.13e-07	4.26e-05	2.78e-03	2.93e-02	1.65e-01	3.62e-01	2.46e-01	1.02e-01	8.95e-02	3.75e-03	4.97e-05
 2.50925e+21	2.05e-28	5.79e-22	5.11e-18	2.91e-15	7.20e-13	5.95e-11	1.35e-07	4.94e-05	3.13e-03	3.19e-02	1.73e-01	3.68e-01	2.42e-01	9.67e-02	8.22e-02	3.31e-03	4.22e-05
 2.60767e+21	3.11e-28	8.57e-22	7.29e-18	4.01e-15	9.51e-13	7.55e-11	1.63e-07	5.81e-05	3.55e-03	3.48e-02	1.82e-01	3.74e-01	2.36e-01	9.12e-02	7.47e-02	2.88e-03	3.52e-05
 2.69536e+21	4.45e-28	1.21e-21	9.94e-18	5.29e-15	1.21e-12	9.28e-11	1.93e-07	6.68e-05	3.97e-03	3.76e-02	1.90e-01	3.79e-01	2.32e-01	8.64e-02	6.87e-02	2.55e-03	3.00e-05
 2.77075e+21	6.01e-28	1.61e-21	1.29e-17	6.68e-15	1.49e-12	1.10e-10	2.23e-07	7.51e-05	4.34e-03	4.00e-02	1.97e-01	3.82e-01	2.27e-01	8.25e-02	6.39e-02	2.30e-03	2.62e-05
 2.85495e+21	8.38e-28	2.20e-21	1.72e-17	8.63e-15	1.86e-12	1.34e-10	2.60e-07	8.53e-05	4.80e-03	4.28e-02	2.05e-01	3.86e-01	2.22e-01	7.84e-02	5.89e-02	2.05e-03	2.25e-05
 2.96441e+21	1.26e-27	3.26e-21	2.45e-17	1.19e-14	2.46e-12	1.70e-10	3.16e-07	1.00e-04	5.43e-03	4.66e-02	2.14e-01	3.90e-01	2.16e-01	7.33e-02	5.32e-02	1.77e-03	1.86e-05
 3.07536e+21	1.91e-27	4.85e-21	3.53e-17	1.64e-14	3.27e-12	2.16e-10	3.84e-07	1.18e-04	6.14e-03	5.06e-02	2.23e-01	3.93e-01	2.09e-01	6.83e-02	4.78e-02	1.52e-03	1.53e-05
 3.16315e+21	2.61e-27	6.58e-21	4.65e-17	2.11e-14	4.06e-12	2.60e-10	4.46e-07	1.33e-04	6.74e-03	5.39e-02	2.31e-01	3.94e-01	2.04e-01	6.46e-02	4.40e-02	1.35e-03	1.32e-05
 3.25214e+21	3.56e-27	8.90e-21	6.12e-17	2.69e-14	5.03e-12	3.12e-10	5.18e-07	1.50e-04	7.39e-03	5.73e-02	2.38e-01	3.96e-01	1.99e-01	6.11e-02	4.05e-02	1.20e-03	1.13e-05
 3.36783e+21	5.27e-27	1.30e-20	8.65e-17	3.67e-14	6.60e-12	3.93e-10	6.25e-07	1.75e-04	8.30e-03	6.19e-02	2.47e-01	3.97e-01	1.91e-01	5.68e-02	3.64e-02	1.04e-03	9.34e-06
 3.48826e+21	7.87e-27	1.93e-20	1.24e-16	5.07e-14	8.73e-12	5.00e-10	7.58e-07	2.04e-04	9.34e-03	6.68e-02	2.56e-01	3.97e-01	1.84e-01	5.26e-02	3.25e-02	8.84e-04	7.62e-06
 3.58833e+21	1.08e-26	2.66e-20	1.65e-16	6.56e-14	1.10e-11	6.06e-10	8.85e-07	2.32e-04	1.03e-02	7.10e-02	2.64e-01	3.97e-01	1.78e-01	4.93e-02	2.96e-02	7.77e-04	6.46e-06
 3.69191e+21	1.50e-26	3.67e-20	2.22e-16	8.53e-14	1.38e-11	7.36e-10	1.04e-06	2.63e-04	1.13e-02	7.55e-02	2.71e-01	3.96e-01	1.72e-01	4.62e-02	2.69e-02	6.81e-04	5.46e-06
 3.82656e+21	2.25e-26	5.50e-20	3.20e-16	1.19e-13	1.83e-11	9.40e-10	1.26e-06	3.08e-04	1.27e-02	8.14e-02	2.80e-01	3.94e-01	1.64e-01	4.24e-02	2.39e-02	5.76e-04	4.41e-06
 3.96483e+21	3.39e-26	8.33e-20	4.67e-16	1.66e-13	2.47e-11	1.21e-09	1.55e-06	3.63e-04	1.43e-02	8.77e-02	2.90e-01	3.92e-01	1.56e-01	3.88e-02	2.10e-02	4.83e-04	3.53e-06
 4.07701e+21	4.66e-26	1.15e-19	6.28e-16	2.17e-13	3.11e-11	1.47e-09	1.81e-06	4.12e-04	1.57e-02	9.30e-02	2.97e-01	3.89e-01	1.50e-01	3.61e-02	1.90e-02	4.20e-04	2.95e-06
 4.19205e+21	6.44e-26	1.60e-19	8.46e-16	2.83e-13	3.92e-11	1.80e-09	2.13e-06	4.67e-04	1.72e-02	9.84e-02	3.03e-01	3.86e-01	1.44e-01	3.35e-02	1.71e-02	3.65e-04	2.47e-06
 4.34162e+21	9.65e-26	2.42e-19	1.23e-15	3.97e-13	5.27e-11	2.31e-09	2.60e-06	5.48e-04	1.93e-02	1.06e-01	3.12e-01	3.81e-01	1.36e-01	3.04e-02	1.50e-02	3.04e-04	1.96e-06
 4.48583e+21	1.40e-25	3.59e-19	1.76e-15	5.47e-13	6.97e-11	2.93e-09	3.15e-06	6.38e-04	2.16e-02	1.13e-01	3.19e-01	3.76e-01	1.29e-01	2.77e-02	1.32e-02	2.56e-04	1.57e-06
 4.59058e+21	1.82e-25	4.74e-19	2.27e-15	6.87e-13	8.50e-11	3.47e-09	3.61e-06	7.10e-04	2.33e-02	1.18e-01	3.24e-01	3.72e-01	1.24e-01	2.59e-02	1.20e-02	2.26e-04	1.34e-06
 4.69425e+21	2.36e-25	6.21e-19	2.91e-15	8.57e-13	1.03e-10	4.09e-09	4.11e-06	7.87e-04	2.51e-02	1.23e-01	3.29e-01	3.68e-01	1.19e-01	2.42e-02	1.10e-02	1.99e-04	1.15e-06
 4.82902e+21	3.28e-25	8.75e-19	3.97e-15	1.13e-12	1.32e-10	5.03e-09	4.86e-06	8.97e-04	2.75e-02	1.30e-01	3.35e-01	3.62e-01	1.13e-01	2.22e-02	9.78e-03	1.70e-04	9.44e-07
 4.97339e+21	4.62e-25	1.26e-18	5.55e-15	1.53e-12	1.71e-10	6.30e-09	5.81e-06	1.03e-03	3.03e-02	1.38e-01	3.40e-01	3.55e-01	1.06e-01	2.02e-02	8.61e-03	1.44e-04	7.60e-07
 5.09900e+21	6.14e-25	1.72e-18	7.36e-15	1.97e-12	2.14e-10	7.61e-09	6.75e-06	1.16e-03	3.29e-02	1.44e-01	3.45e-01	3.49e-01	1.01e-01	1.87e-02	7.72e-03	1.24e-04	6.32e-07
 5.23105e+21	8.26e-25	2.36e-18	9.81e-15	2.56e-12	2.68e-10	9.22e-09	7.87e-06	1.31e-03	3.58e-02	1.51e-01	3.49e-01	3.43e-01	9.57e-02	1.72e-02	6.91e-03	1.07e-04	5.24e-07
 5.40271e+21	1.21e-24	3.54e-18	1.42e-14	3.58e-12	3.59e-10	1.18e-08	9.61e-06	1.53e-03	3.98e-02	1.61e-01	3.54e-01	3.34e-01	8.92e-02	1.54e-02	5.96e-03	8.75e-05	4.09e-07
 5.57489e+21	1.73e-24	5.28e-18	2.05e-14	4.97e-12	4.79e-10	1.51e-08	1.17e-05	1.78e-03	4.42e-02	1.70e-01	3.58e-01	3.25e-01	8.30e-02	1.38e-02	5.14e-03	7.19e-05	3.19e-07
 5.71060e+21	2.27e-24	7.17e-18	2.72e-14	6.40e-12	5.98e-10	1.83e-08	1.36e-05	1.99e-03	4.78e-02	1.77e-01	3.60e-01	3.17e-01	7.83e-02	1.26e-02	4.58e-03	6.16e-05	2.63e-07
 5.84990e+21	3.01e-24	9.76e-18	3.60e-14	8.26e-12	7.47e-10	2.22e-08	1.58e-05	2.24e-03	5.17e-02	1.84e-01	3.63e-01	3.10e-01	7.38e-02	1.15e-02	4.08e-03	5.27e-05	2.17e-07
 6.03099e+21	4.30e-24	1.44e-17	5.16e-14	1.14e-11	9.93e-10	2.83e-08	1.91e-05	2.60e-03	5.70e-02	1.94e-01	3.65e-01	2.99e-01	6.83e-02	1.03e-02	3.51e-03	4.31e-05	1.69e-07
 6.22104e+21	6.12e-24	2.16e-17	7.47e-14	1.60e-11	1.33e-09	3.64e-08	2.34e-05	3.03e-03	6.31e-02	2.04e-01	3.66e-01	2.89e-01	6.29e-02	9.09e-03	2.99e-03	3.49e-05	1.30e-07
 6.38177e+21	8.18e-24	3.01e-17	1.01e-13	2.11e-11	1.70e-09	4.49e-08	2.76e-05	3.43e-03	6.85e-02	2.13e-01	3.67e-01	2.79e-01	5.86e-02	8.20e-03	2.61e-03	2.92e-05	0.00e+00
 6.54975e+21	1.10e-23	4.22e-17	1.39e-13	2.80e-11	2.18e-09	5.56e-08	3.26e-05	3.91e-03	7.44e-02	2.21e-01	3.66e-01	2.70e-01	5.44e-02	7.36e-03	2.28e-03	2.43e-05	0.00e+00
 6.76812e+21	1.61e-23	6.47e-17	2.06e-13	4.02e-11	3.00e-09	7.31e-08	4.05e-05	4.60e-03	8.26e-02	2.32e-01	3.65e-01	2.58e-01	4.94e-02	6.40e-03	1.90e-03	1.92e-05	0.00e+00
 6.98889e+21	2.32e-23	9.85e-17	3.04e-13	5.73e-11	4.10e-09	9.58e-08	5.00e-05	5.40e-03	9.14e-02	2.43e-01	3.63e-01	2.45e-01	4.47e-02	5.56e-03	1.59e-03	1.51e-05	0.00e+00
 7.16478e+21	3.03e-23	1.36e-16	4.12e-13	7.57e-11	5.24e-09	1.18e-07	5.91e-05	6.12e-03	9.89e-02	2.51e-01	3.61e-01	2.35e-01	4.12e-02	4.97e-03	1.37e-03	1.25e-05	0.00e+00
 7.31653e+21	3.83e-23	1.80e-16	5.32e-13	9.58e-11	6.46e-09	1.42e-07	6.81e-05	6.80e-03	1.06e-01	2.58e-01	3.58e-01	2.27e-01	3.84e-02	4.50e-03	1.21e-03	1.06e-05	0.00e+00
 7.48486e+21	4.96e-23	2.42e-16	7.03e-13	1.24e-10	8.10e-09	1.73e-07	7.94e-05	7.63e-03	1.13e-01	2.66e-01	3.55e-01	2.18e-01	3.55e-02	4.04e-03	1.06e-03	8.89e-06	0.00e+00
 7.70369e+21	6.87e-23	3.52e-16	9.98e-13	1.71e-10	1.08e-08	2.22e-07	9.65e-05	8.83e-03	1.24e-01	2.75e-01	3.50e-01	2.06e-01	3.21e-02	3.52e-03	8.88e-04	7.07e-06	0.00e+00
 7.92803e+21	9.36e-23	5.13e-16	1.42e-12	2.37e-10	1.44e-08	2.86e-07	1.18e-04	1.02e-02	1.35e-01	2.84e-01	3.44e-01	1.94e-01	2.88e-02	3.04e-03	7.40e-04	5.58e-06	0.00e+00
 8.11083e+21	1.19e-22	6.90e-16	1.88e-12	3.07e-10	1.82e-08	3.50e-07	1.38e-04	1.15e-02	1.44e-01	2.91e-01	3.39e-01	1.85e-01	2.64e-02	2.70e-03	6.38e-04	4.60e-06	0.00e+00
 8.29980e+21	1.54e-22	9.28e-16	2.49e-12	3.98e-10	2.29e-08	4.29e-07	1.61e-04	1.29e-02	1.54e-01	2.98e-01	3.33e-01	1.75e-01	2.41e-02	2.39e-03	5.48e-04	3.78e-06	0.00e+00
 8.54546e+21	2.11e-22	1.35e-15	3.54e-12	5.53e-10	3.07e-08	5.55e-07	1.97e-04	1.50e-02	1.68e-01	3.06e-01	3.24e-01	1.63e-01	2.14e-02	2.05e-03	4.51e-04	2.94e-06	0.00e+00
 8.79337e+21	2.83e-22	1.94e-15	5.01e-12	7.65e-10	4.10e-08	7.17e-07	2.40e-04	1.73e-02	1.82e-01	3.13e-01	3.15e-01	1.52e-01	1.89e-02	1.74e-03	3.70e-04	2.28e-06	0.00e+00
 8.98941e+21	3.53e-22	2.56e-15	6.53e-12	9.81e-10	5.13e-08	8.73e-07	2.79e-04	1.93e-02	1.93e-01	3.18e-01	3.07e-01	1.43e-01	1.72e-02	1.53e-03	3.17e-04	1.87e-06	0.00e+00
 9.18947e+21	4.45e-22	3.36e-15	8.47e-12	1.25e-09	6.39e-08	1.06e-06	3.25e-04	2.15e-02	2.05e-01	3.22e-01	2.99e-01	1.35e-01	1.56e-02	1.35e-03	2.71e-04	1.53e-06	0.00e+00
 9.44956e+21	5.93e-22	4.73e-15	1.18e-11	1.71e-09	8.43e-08	1.36e-06	3.92e-04	2.47e-02	2.21e-01	3.27e-01	2.88e-01	1.24e-01	1.37e-02	1.14e-03	2.21e-04	1.18e-06	0.00e+00
 9.72034e+21	7.77e-22	6.67e-15	1.64e-11	2.33e-09	1.12e-07	1.74e-06	4.75e-04	2.83e-02	2.37e-01	3.31e-01	2.76e-01	1.14e-01	1.20e-02	9.61e-04	1.79e-04	9.02e-07	0.00e+00
 9.94688e+21	9.66e-22	8.79e-15	2.14e-11	3.00e-09	1.40e-07	2.14e-06	5.55e-04	3.16e-02	2.50e-01	3.34e-01	2.66e-01	1.06e-01	1.07e-02	8.32e-04	1.50e-04	7.22e-07	0.00e+00
 1.01832e+22	1.22e-21	1.16e-14	2.79e-11	3.87e-09	1.76e-07	2.62e-06	6.48e-04	3.52e-02	2.64e-01	3.35e-01	2.56e-01	9.80e-02	9.48e-03	7.16e-04	1.26e-04	5.76e-07	0.00e+00
 1.04904e+22	1.61e-21	1.63e-14	3.89e-11	5.30e-09	2.34e-07	3.38e-06	7.87e-04	4.03e-02	2.82e-01	3.37e-01	2.43e-01	8.85e-02	8.14e-03	5.91e-04	9.96e-05	4.30e-07	0.00e+00
 1.08064e+22	2.09e-21	2.29e-14	5.42e-11	7.27e-09	3.11e-07	4.36e-06	9.54e-04	4.61e-02	3.00e-01	3.37e-01	2.29e-01	7.95e-02	6.94e-03	4.84e-04	7.86e-05	3.19e-07	0.00e+00
 1.10662e+22	2.56e-21	2.99e-14	7.04e-11	9.32e-09	3.89e-07	5.33e-06	1.11e-03	5.12e-02	3.15e-01	3.36e-01	2.18e-01	7.27e-02	6.09e-03	4.12e-04	6.48e-05	2.51e-07	0.00e+00
 1.13365e+22	3.18e-21	3.89e-14	9.11e-11	1.19e-08	4.87e-07	6.52e-06	1.29e-03	5.67e-02	3.30e-01	3.34e-01	2.07e-01	6.63e-02	5.33e-03	3.49e-04	5.32e-05	1.96e-07	0.00e+00
 1.16185e+22	3.89e-21	5.09e-14	1.19e-10	1.53e-08	6.10e-07	7.99e-06	1.50e-03	6.28e-02	3.44e-01	3.31e-01	1.95e-01	6.01e-02	4.63e-03	2.93e-04	4.34e-05	1.52e-07	0.00e+00
 1.18549e+22	4.56e-21	6.31e-14	1.47e-10	1.88e-08	7.33e-07	9.43e-06	1.70e-03	6.82e-02	3.56e-01	3.28e-01	1.86e-01	5.54e-02	4.12e-03	2.54e-04	3.66e-05	1.23e-07	0.00e+00
 1.21015e+22	5.43e-21	7.83e-14	1.81e-10	2.30e-08	8.81e-07	1.11e-05	1.92e-03	7.40e-02	3.68e-01	3.25e-01	1.77e-01	5.08e-02	3.65e-03	2.19e-04	3.08e-05	0.00e+00	0.00e+00
 1.24220e+22	6.75e-21	1.02e-13	2.36e-10	2.97e-08	1.11e-06	1.37e-05	2.24e-03	8.18e-02	3.82e-01	3.20e-01	1.65e-01	4.55e-02	3.13e-03	1.81e-04	2.47e-05	0.00e+00	0.00e+00
 1.27518e+22	8.20e-21	1.34e-13	3.08e-10	3.83e-08	1.39e-06	1.68e-05	2.61e-03	9.03e-02	3.96e-01	3.14e-01	1.54e-01	4.05e-02	2.66e-03	1.49e-04	1.96e-05	0.00e+00	0.00e+00
 1.30197e+22	9.47e-21	1.65e-13	3.80e-10	4.68e-08	1.67e-06	1.99e-05	2.94e-03	9.76e-02	4.07e-01	3.08e-01	1.45e-01	3.68e-02	2.33e-03	1.27e-04	1.63e-05	0.00e+00	0.00e+00
 1.32941e+22	1.12e-20	2.03e-13	4.65e-10	5.68e-08	1.99e-06	2.32e-05	3.29e-03	1.05e-01	4.17e-01	3.03e-01	1.37e-01	3.35e-02	2.05e-03	1.09e-04	1.36e-05	0.00e+00	0.00e+00
 1.36508e+22	1.37e-20	2.62e-13	6.01e-10	7.26e-08	2.48e-06	2.83e-05	3.81e-03	1.15e-01	4.29e-01	2.95e-01	1.26e-01	2.97e-02	1.74e-03	8.90e-05	1.08e-05	0.00e+00	0.00e+00
 1.40176e+22	1.64e-20	3.39e-13	7.76e-10	9.26e-08	3.08e-06	3.45e-05	4.39e-03	1.25e-01	4.40e-01	2.86e-01	1.16e-01	2.61e-02	1.46e-03	7.24e-05	8.51e-06	0.00e+00	0.00e+00
 1.43176e+22	1.88e-20	4.13e-13	9.48e-10	1.12e-07	3.68e-06	4.05e-05	4.93e-03	1.35e-01	4.48e-01	2.79e-01	1.08e-01	2.35e-02	1.27e-03	6.11e-05	7.00e-06	0.00e+00	0.00e+00
 1.46278e+22	2.21e-20	5.06e-13	1.16e-09	1.36e-07	4.35e-06	4.71e-05	5.49e-03	1.44e-01	4.56e-01	2.72e-01	1.01e-01	2.12e-02	1.11e-03	5.18e-05	5.78e-06	0.00e+00	0.00e+00
 1.50310e+22	2.68e-20	6.49e-13	1.48e-09	1.72e-07	5.38e-06	5.72e-05	6.29e-03	1.56e-01	4.64e-01	2.62e-01	9.25e-02	1.85e-02	9.23e-04	4.17e-05	4.52e-06	0.00e+00	0.00e+00
 1.54480e+22	3.17e-20	8.34e-13	1.91e-09	2.19e-07	6.67e-06	6.94e-05	7.21e-03	1.69e-01	4.71e-01	2.51e-01	8.41e-02	1.60e-02	7.66e-04	3.35e-05	3.50e-06	0.00e+00	0.00e+00
 1.57930e+22	3.60e-20	1.01e-12	2.33e-09	2.65e-07	7.92e-06	8.12e-05	8.06e-03	1.80e-01	4.77e-01	2.43e-01	7.77e-02	1.43e-02	6.56e-04	2.79e-05	2.84e-06	0.00e+00	0.00e+00
 1.61515e+22	4.22e-20	1.24e-12	2.84e-09	3.20e-07	9.35e-06	9.43e-05	8.94e-03	1.91e-01	4.81e-01	2.34e-01	7.17e-02	1.27e-02	5.64e-04	2.33e-05	2.31e-06	0.00e+00	0.00e+00
 1.66176e+22	5.12e-20	1.59e-12	3.64e-09	4.06e-07	1.15e-05	1.14e-04	1.02e-02	2.06e-01	4.85e-01	2.23e-01	6.46e-02	1.09e-02	4.62e-04	1.84e-05	1.77e-06	0.00e+00	0.00e+00
 1.71023e+22	6.02e-20	2.05e-12	4.68e-09	5.16e-07	1.43e-05	1.38e-04	1.17e-02	2.21e-01	4.88e-01	2.12e-01	5.79e-02	9.31e-03	3.77e-04	1.45e-05	1.35e-06	0.00e+00	0.00e+00
 1.75080e+22	6.84e-20	2.50e-12	5.73e-09	6.25e-07	1.69e-05	1.61e-04	1.30e-02	2.34e-01	4.89e-01	2.02e-01	5.28e-02	8.17e-03	3.18e-04	1.19e-05	1.08e-06	0.00e+00	0.00e+00
 1.79324e+22	7.99e-20	3.06e-12	7.02e-09	7.57e-07	2.00e-05	1.88e-04	1.44e-02	2.48e-01	4.89e-01	1.93e-01	4.81e-02	7.15e-03	2.68e-04	9.74e-06	8.57e-07	0.00e+00	0.00e+00
 1.84840e+22	9.71e-20	3.94e-12	9.04e-09	9.62e-07	2.47e-05	2.28e-04	1.64e-02	2.65e-01	4.88e-01	1.82e-01	4.26e-02	6.02e-03	2.15e-04	7.55e-06	6.42e-07	0.00e+00	0.00e+00
 1.90016e+22	1.10e-19	4.96e-12	1.14e-08	1.20e-06	3.01e-05	2.72e-04	1.85e-02	2.81e-01	4.86e-01	1.71e-01	3.79e-02	5.12e-03	1.75e-04	5.93e-06	4.87e-07	0.00e+00	0.00e+00
 1.93558e+22	1.21e-19	5.80e-12	1.33e-08	1.39e-06	3.41e-05	3.04e-04	1.99e-02	2.92e-01	4.84e-01	1.64e-01	3.51e-02	4.60e-03	1.53e-04	5.07e-06	4.08e-07	0.00e+00	0.00e+00
 1.96972e+22	1.34e-19	6.69e-12	1.53e-08	1.59e-06	3.83e-05	3.38e-04	2.14e-02	3.02e-01	4.81e-01	1.58e-01	3.27e-02	4.15e-03	1.34e-04	4.36e-06	3.44e-07	0.00e+00	0.00e+00
 2.01410e+22	1.54e-19	8.00e-12	1.84e-08	1.88e-06	4.44e-05	3.87e-04	2.33e-02	3.15e-01	4.78e-01	1.50e-01	2.97e-02	3.64e-03	1.14e-04	3.60e-06	2.76e-07	0.00e+00	0.00e+00
 2.06419e+22	1.76e-19	9.76e-12	2.24e-08	2.27e-06	5.23e-05	4.48e-04	2.57e-02	3.30e-01	4.73e-01	1.41e-01	2.67e-02	3.14e-03	9.43e-05	2.90e-06	2.17e-07	0.00e+00	0.00e+00
 2.11127e+22	1.99e-19	1.17e-11	2.69e-08	2.69e-06	6.06e-05	5.12e-04	2.81e-02	3.44e-01	4.67e-01	1.33e-01	2.41e-02	2.74e-03	7.93e-05	2.38e-06	1.73e-07	0.00e+00	0.00e+00
 2.15483e+22	2.22e-19	1.38e-11	3.16e-08	3.13e-06	6.91e-05	5.77e-04	3.03e-02	3.56e-01	4.62e-01	1.27e-01	2.20e-02	2.41e-03	6.78e-05	1.99e-06	1.41e-07	0.00e+00	0.00e+00
 2.20424e+22	2.54e-19	1.65e-11	3.78e-08	3.69e-06	7.97e-05	6.57e-04	3.30e-02	3.69e-01	4.55e-01	1.20e-01	1.99e-02	2.10e-03	5.70e-05	1.63e-06	0.00e+00	0.00e+00	0.00e+00
 2.26848e+22	3.05e-19	2.06e-11	4.73e-08	4.55e-06	9.53e-05	7.72e-04	3.66e-02	3.86e-01	4.46e-01	1.11e-01	1.75e-02	1.76e-03	4.57e-05	1.27e-06	0.00e+00	0.00e+00	0.00e+00
 2.33332e+22	3.50e-19	2.58e-11	5.90e-08	5.59e-06	1.14e-04	9.06e-04	4.05e-02	4.03e-01	4.36e-01	1.03e-01	1.53e-02	1.47e-03	3.66e-05	9.83e-07	0.00e+00	0.00e+00	0.00e+00
 2.38454e+22	3.90e-19	3.06e-11	6.99e-08	6.54e-06	1.30e-04	1.02e-03	4.37e-02	4.15e-01	4.28e-01	9.66e-02	1.38e-02	1.28e-03	3.08e-05	8.08e-07	0.00e+00	0.00e+00	0.00e+00
 2.43672e+22	4.44e-19	3.62e-11	8.25e-08	7.61e-06	1.48e-04	1.15e-03	4.70e-02	4.27e-01	4.20e-01	9.09e-02	1.24e-02	1.12e-03	2.60e-05	6.66e-07	0.00e+00	0.00e+00	0.00e+00
 2.50455e+22	5.33e-19	4.47e-11	1.02e-07	9.22e-06	1.74e-04	1.33e-03	5.15e-02	4.42e-01	4.09e-01	8.40e-02	1.09e-02	9.39e-04	2.09e-05	5.22e-07	0.00e+00	0.00e+00	0.00e+00
 2.57673e+22	6.21e-19	5.59e-11	1.26e-07	1.13e-05	2.05e-04	1.55e-03	5.65e-02	4.58e-01	3.97e-01	7.71e-02	9.50e-03	7.80e-04	1.67e-05	4.03e-07	0.00e+00	0.00e+00	0.00e+00
 2.63933e+22	7.02e-19	6.73e-11	1.52e-07	1.33e-05	2.36e-04	1.76e-03	6.11e-02	4.70e-01	3.86e-01	7.16e-02	8.41e-03	6.64e-04	1.37e-05	3.23e-07	0.00e+00	0.00e+00	0.00e+00
 2.70549e+22	8.38e-19	8.17e-11	1.83e-07	1.57e-05	2.72e-04	1.99e-03	6.59e-02	4.82e-01	3.75e-01	6.65e-02	7.46e-03	5.67e-04	1.13e-05	2.59e-07	0.00e+00	0.00e+00	0.00e+00
 2.79150e+22	1.05e-18	1.04e-10	2.31e-07	1.94e-05	3.23e-04	2.32e-03	7.24e-02	4.97e-01	3.61e-01	6.03e-02	6.39e-03	4.62e-04	8.78e-06	1.95e-07	0.00e+00	0.00e+00	0.00e+00
 2.88090e+22	1.26e-18	1.33e-10	2.93e-07	2.41e-05	3.86e-04	2.72e-03	7.95e-02	5.11e-01	3.46e-01	5.45e-02	5.43e-03	3.74e-04	6.77e-06	1.46e-07	0.00e+00	0.00e+00	0.00e+00
 2.95568e+22	1.46e-18	1.63e-10	3.55e-07	2.86e-05	4.44e-04	3.09e-03	8.58e-02	5.22e-01	3.33e-01	5.00e-02	4.74e-03	3.14e-04	5.47e-06	0.00e+00	0.00e+00	0.00e+00	0.00e+00
 3.03389e+22	1.79e-18	2.00e-10	4.31e-07	3.39e-05	5.10e-04	3.49e-03	9.21e-02	5.32e-01	3.21e-01	4.60e-02	4.16e-03	2.64e-04	4.44e-06	0.00e+00	0.00e+00	0.00e+00	0.00e+00
 3.13556e+22	2.34e-18	2.59e-10	5.48e-07	4.20e-05	6.06e-04	4.07e-03	1.01e-01	5.44e-01	3.06e-01	4.12e-02	3.51e-03	2.12e-04	3.40e-06	0.00e+00	0.00e+00	0.00e+00	0.00e+00
 3.24325e+22	2.95e-18	3.38e-10	7.05e-07	5.24e-05	7.24e-04	4.76e-03	1.10e-01	5.55e-01	2.90e-01	3.66e-02	2.93e-03	1.68e-04	2.57e-06	0.00e+00	0.00e+00	0.00e+00	0.00e+00
 3.32587e+22	3.44e-18	4.15e-10	8.52e-07	6.18e-05	8.26e-04	5.35e-03	1.18e-01	5.62e-01	2.78e-01	3.35e-02	2.56e-03	1.41e-04	2.08e-06	0.00e+00	0.00e+00	0.00e+00	0.00e+00
 3.38792e+22	3.88e-18	4.81e-10	9.75e-07	6.96e-05	9.07e-04	5.80e-03	1.23e-01	5.67e-01	2.69e-01	3.14e-02	2.32e-03	1.24e-04	1.78e-06	0.00e+00	0.00e+00	0.00e+00	0.00e+00
 3.45617e+22	4.56e-18	5.63e-10	1.13e-06	7.90e-05	1.00e-03	6.35e-03	1.29e-01	5.72e-01	2.60e-01	2.92e-02	2.08e-03	1.08e-04	1.51e-06	0.00e+00	0.00e+00	0.00e+00	0.00e+00
 3.54490e+22	5.95e-18	6.92e-10	1.36e-06	9.26e-05	1.14e-03	7.05e-03	1.37e-01	5.77e-01	2.49e-01	2.68e-02	1.82e-03	9.13e-05	1.23e-06	0.00e+00	0.00e+00	0.00e+00	0.00e+00
 3.66025e+22	8.08e-18	8.90e-10	1.71e-06	1.13e-04	1.33e-03	8.06e-03	1.48e-01	5.82e-01	2.35e-01	2.39e-02	1.53e-03	7.34e-05	9.48e-07	0.00e+00	0.00e+00	0.00e+00	0.00e+00
 3.77785e+22	1.04e-17	1.15e-09	2.16e-06	1.38e-04	1.55e-03	9.22e-03	1.59e-01	5.87e-01	2.21e-01	2.12e-02	1.29e-03	5.87e-05	7.25e-07	0.00e+00	0.00e+00	0.00e+00	0.00e+00
 3.86879e+22	1.24e-17	1.40e-09	2.57e-06	1.60e-04	1.74e-03	1.02e-02	1.67e-01	5.89e-01	2.11e-01	1.94e-02	1.13e-03	4.96e-05	5.93e-07	0.00e+00	0.00e+00	0.00e+00	0.00e+00
 3.95740e+22	1.50e-17	1.68e-09	3.02e-06	1.83e-04	1.93e-03	1.11e-02	1.75e-01	5.91e-01	2.02e-01	1.78e-02	9.95e-04	4.24e-05	4.92e-07	0.00e+00	0.00e+00	0.00e+00	0.00e+00
 4.07260e+22	2.14e-17	2.13e-09	3.71e-06	2.18e-04	2.20e-03	1.24e-02	1.85e-01	5.92e-01	1.91e-01	1.61e-02	8.54e-04	3.50e-05	3.91e-07	0.00e+00	0.00e+00	0.00e+00	0.00e+00
 4.19740e+22	2.89e-17	2.73e-09	4.61e-06	2.62e-04	2.53e-03	1.39e-02	1.97e-01	5.92e-01	1.79e-01	1.43e-02	7.22e-04	2.83e-05	3.04e-07	0.00e+00	0.00e+00	0.00e+00	0.00e+00
 4.30795e+22	3.58e-17	3.38e-09	5.56e-06	3.06e-04	2.85e-03	1.54e-02	2.07e-01	5.91e-01	1.69e-01	1.29e-02	6.21e-04	2.35e-05	2.43e-07	0.00e+00	0.00e+00	0.00e+00	0.00e+00
 4.42492e+22	4.93e-17	4.20e-09	6.71e-06	3.58e-04	3.20e-03	1.70e-02	2.18e-01	5.89e-01	1.60e-01	1.17e-02	5.38e-04	1.96e-05	1.96e-07	0.00e+00	0.00e+00	0.00e+00	0.00e+00
 4.57698e+22	7.28e-17	5.51e-09	8.48e-06	4.35e-04	3.69e-03	1.91e-02	2.31e-01	5.86e-01	1.49e-01	1.03e-02	4.47e-04	1.56e-05	1.50e-07	0.00e+00	0.00e+00	0.00e+00	0.00e+00
 4.73415e+22	1.02e-16	7.29e-09	1.08e-05	5.31e-04	4.28e-03	2.16e-02	2.45e-01	5.82e-01	1.38e-01	8.95e-03	3.67e-04	1.22e-05	0.00e+00	0.00e+00	0.00e+00	0.00e+00	0.00e+00
 4.86252e+22	1.30e-16	9.10e-09	1.30e-05	6.20e-04	4.80e-03	2.37e-02	2.56e-01	5.77e-01	1.30e-01	8.04e-03	3.15e-04	1.01e-05	0.00e+00	0.00e+00	0.00e+00	0.00e+00	0.00e+00
 4.99396e+22	1.74e-16	1.13e-08	1.57e-05	7.20e-04	5.36e-03	2.59e-02	2.67e-01	5.72e-01	1.22e-01	7.24e-03	2.72e-04	8.40e-06	0.00e+00	0.00e+00	0.00e+00	0.00e+00	0.00e+00
 5.16484e+22	2.72e-16	1.48e-08	1.96e-05	8.66e-04	6.13e-03	2.88e-02	2.80e-01	5.65e-01	1.13e-01	6.35e-03	2.26e-04	6.69e-06	0.00e+00	0.00e+00	0.00e+00	0.00e+00	0.00e+00
 5.34824e+22	3.99e-16	1.96e-08	2.50e-05	1.05e-03	7.06e-03	3.23e-02	2.95e-01	5.56e-01	1.04e-01	5.50e-03	1.85e-04	5.23e-06	0.00e+00	0.00e+00	0.00e+00	0.00e+00	0.00e+00
 5.50849e+22	5.30e-16	2.50e-08	3.06e-05	1.24e-03	7.95e-03	3.54e-02	3.07e-01	5.47e-01	9.62e-02	4.86e-03	1.56e-04	4.24e-06	0.00e+00	0.00e+00	0.00e+00	0.00e+00	0.00e+00
 5.67742e+22	7.79e-16	3.18e-08	3.73e-05	1.46e-03	8.91e-03	3.87e-02	3.19e-01	5.38e-01	8.94e-02	4.31e-03	1.32e-04	3.46e-06	0.00e+00	0.00e+00	0.00e+00	0.00e+00	0.00e+00
 5.89453e+22	1.21e-15	4.25e-08	4.76e-05	1.77e-03	1.02e-02	4.30e-02	3.33e-01	5.26e-01	8.16e-02	3.71e-03	1.07e-04	2.69e-06	0.00e+00	0.00e+00	0.00e+00	0.00e+00	0.00e+00
 6.12280e+22	1.84e-15	5.78e-08	6.13e-05	2.17e-03	1.18e-02	4.79e-02	3.49e-01	5.12e-01	7.39e-02	3.16e-03	8.61e-05	2.06e-06	0.00e+00	0.00e+00	0.00e+00	0.00e+00	0.00e+00
 6.31976e+22	2.51e-15	7.44e-08	7.55e-05	2.56e-03	1.33e-02	5.25e-02	3.61e-01	5.00e-01	6.78e-02	2.76e-03	7.14e-05	1.64e-06	0.00e+00	0.00e+00	0.00e+00	0.00e+00	0.00e+00
 6.52752e+22	3.74e-15	9.50e-08	9.23e-05	3.00e-03	1.48e-02	5.70e-02	3.73e-01	4.88e-01	6.24e-02	2.42e-03	5.98e-05	1.33e-06	0.00e+00	0.00e+00	0.00e+00	0.00e+00	0.00e+00
 6.78402e+22	5.77e-15	1.27e-07	1.17e-04	3.62e-03	1.69e-02	6.27e-02	3.86e-01	4.72e-01	5.64e-02	2.06e-03	4.82e-05	1.02e-06	0.00e+00	0.00e+00	0.00e+00	0.00e+00	0.00e+00
 7.03258e+22	8.26e-15	1.69e-07	1.47e-04	4.34e-03	1.91e-02	6.88e-02	3.99e-01	4.56e-01	5.08e-02	1.76e-03	3.89e-05	7.91e-07	0.00e+00	0.00e+00	0.00e+00	0.00e+00	0.00e+00
 7.23164e+22	1.09e-14	2.08e-07	1.75e-04	4.96e-03	2.10e-02	7.36e-02	4.08e-01	4.44e-01	4.70e-02	1.56e-03	3.31e-05	6.53e-07	0.00e+00	0.00e+00	0.00e+00	0.00e+00	0.00e+00
 7.43765e+22	1.48e-14	2.55e-07	2.07e-04	5.65e-03	2.29e-02	7.85e-02	4.16e-01	4.32e-01	4.35e-02	1.39e-03	2.83e-05	5.41e-07	0.00e+00	0.00e+00	0.00e+00	0.00e+00	0.00e+00
 7.70547e+22	2.26e-14	3.29e-07	2.53e-04	6.62e-03	2.55e-02	8.47e-02	4.26e-01	4.16e-01	3.94e-02	1.19e-03	2.33e-05	4.29e-07	0.00e+00	0.00e+00	0.00e+00	0.00e+00	0.00e+00
 8.00554e+22	3.43e-14	4.34e-07	3.16e-04	7.86e-03	2.86e-02	9.18e-02	4.36e-01	3.99e-01	3.54e-02	1.02e-03	1.88e-05	3.32e-07	0.00e+00	0.00e+00	0.00e+00	0.00e+00	0.00e+00
 8.27774e+22	4.76e-14	5.54e-07	3.85e-04	9.15e-03	3.16e-02	9.87e-02	4.44e-01	3.83e-01	3.20e-02	8.73e-04	1.54e-05	2.63e-07	0.00e+00	0.00e+00	0.00e+00	0.00e+00	0.00e+00
 8.51956e+22	6.30e-14	6.77e-07	4.52e-04	1.04e-02	3.43e-02	1.04e-01	4.50e-01	3.70e-01	2.94e-02	7.71e-04	1.31e-05	2.17e-07	0.00e+00	0.00e+00	0.00e+00	0.00e+00	0.00e+00
 8.79168e+22	8.89e-14	8.37e-07	5.36e-04	1.18e-02	3.74e-02	1.11e-01	4.56e-01	3.56e-01	2.68e-02	6.74e-04	1.10e-05	1.76e-07	0.00e+00	0.00e+00	0.00e+00	0.00e+00	0.00e+00
 9.13057e+22	1.32e-13	1.07e-06	6.52e-04	1.37e-02	4.12e-02	1.18e-01	4.62e-01	3.39e-01	2.40e-02	5.76e-04	8.95e-06	1.39e-07	0.00e+00	0.00e+00	0.00e+00	0.00e+00	0.00e+00
 9.48614e+22	1.94e-13	1.39e-06	8.00e-04	1.60e-02	4.55e-02	1.27e-01	4.67e-01	3.22e-01	2.14e-02	4.86e-04	7.19e-06	0.00e+00	0.00e+00	0.00e+00	0.00e+00	0.00e+00	0.00e+00
 9.80680e+22	2.66e-13	1.73e-06	9.53e-04	1.83e-02	4.95e-02	1.34e-01	4.71e-01	3.07e-01	1.92e-02	4.19e-04	5.94e-06	0.00e+00	0.00e+00	0.00e+00	0.00e+00	0.00e+00	0.00e+00
 1.01522e+23	3.66e-13	2.14e-06	1.13e-03	2.07e-02	5.35e-02	1.41e-01	4.73e-01	2.93e-01	1.74e-02	3.62e-04	4.93e-06	0.00e+00	0.00e+00	0.00e+00	0.00e+00	0.00e+00	0.00e+00
 1.05605e+23	5.47e-13	2.72e-06	1.36e-03	2.39e-02	5.85e-02	1.49e-01	4.75e-01	2.76e-01	1.54e-02	3.07e-04	3.99e-06	0.00e+00	0.00e+00	0.00e+00	0.00e+00	0.00e+00	0.00e+00
 1.09796e+23	7.92e-13	3.45e-06	1.64e-03	2.75e-02	6.37e-02	1.58e-01	4.75e-01	2.60e-01	1.36e-02	2.58e-04	3.21e-06	0.00e+00	0.00e+00	0.00e+00	0.00e+00	0.00e+00	0.00e+00
 1.13859e+23	1.08e-12	4.29e-06	1.94e-03	3.11e-02	6.87e-02	1.66e-01	4.75e-01	2.45e-01	1.21e-02	2.21e-04	2.62e-06	0.00e+00	0.00e+00	0.00e+00	0.00e+00	0.00e+00	0.00e+00
 1.18243e+23	1.56e-12	5.29e-06	2.28e-03	3.51e-02	7.38e-02	1.73e-01	4.73e-01	2.32e-01	1.08e-02	1.89e-04	2.16e-06	0.00e+00	0.00e+00	0.00e+00	0.00e+00	0.00e+00	0.00e+00
 1.23096e+23	2.24e-12	6.61e-06	2.71e-03	3.99e-02	7.96e-02	1.81e-01	4.70e-01	2.17e-01	9.55e-03	1.59e-04	1.74e-06	0.00e+00	0.00e+00	0.00e+00	0.00e+00	0.00e+00	0.00e+00
 1.28143e+23	3.19e-12	8.20e-06	3.20e-03	4.50e-02	8.53e-02	1.89e-01	4.66e-01	2.03e-01	8.42e-03	1.34e-04	1.41e-06	0.00e+00	0.00e+00	0.00e+00	0.00e+00	0.00e+00	0.00e+00
 1.33392e+23	4.52e-12	1.01e-05	3.75e-03	5.05e-02	9.11e-02	1.96e-01	4.61e-01	1.90e-01	7.43e-03	1.14e-04	1.14e-06	0.00e+00	0.00e+00	0.00e+00	0.00e+00	0.00e+00	0.00e+00
 1.38851e+23	6.36e-12	1.23e-05	4.37e-03	5.65e-02	9.69e-02	2.03e-01	4.55e-01	1.77e-01	6.57e-03	9.67e-05	9.34e-07	0.00e+00	0.00e+00	0.00e+00	0.00e+00	0.00e+00	0.00e+00
 1.44529e+23	8.89e-12	1.49e-05	5.06e-03	6.27e-02	1.03e-01	2.10e-01	4.49e-01	1.65e-01	5.81e-03	8.23e-05	7.65e-07	0.00e+00	0.00e+00	0.00e+00	0.00e+00	0.00e+00	0.00e+00
 1.50434e+23	1.24e-11	1.80e-05	5.82e-03	6.93e-02	1.08e-01	2.16e-01	4.41e-01	1.54e-01	5.14e-03	7.03e-05	6.29e-07	0.00e+00	0.00e+00	0.00e+00	0.00e+00	0.00e+00	0.00e+00
 1.56574e+23	1.71e-11	2.14e-05	6.65e-03	7.62e-02	1.14e-01	2.21e-01	4.33e-01	1.44e-01	4.56e-03	6.02e-05	5.20e-07	0.00e+00	0.00e+00	0.00e+00	0.00e+00	0.00e+00	0.00e+00
 1.62961e+23	2.34e-11	2.53e-05	7.54e-03	8.32e-02	1.19e-01	2.26e-01	4.25e-01	1.35e-01	4.07e-03	5.20e-05	4.33e-07	0.00e+00	0.00e+00	0.00e+00	0.00e+00	0.00e+00	0.00e+00
 1.69603e+23	3.16e-11	2.97e-05	8.51e-03	9.05e-02	1.24e-01	2.31e-01	4.16e-01	1.26e-01	3.62e-03	4.49e-05	3.61e-07	0.00e+00	0.00e+00	0.00e+00	0.00e+00	0.00e+00	0.00e+00
 1.76510e+23	4.18e-11	3.45e-05	9.52e-03	9.79e-02	1.29e-01	2.35e-01	4.08e-01	1.18e-01	3.24e-03	3.90e-05	3.05e-07	0.00e+00	0.00e+00	0.00e+00	0.00e+00	0.00e+00	0.00e+00
 1.83694e+23	5.58e-11	3.98e-05	1.06e-02	1.05e-01	1.33e-01	2.38e-01	3.99e-01	1.11e-01	2.91e-03	3.41e-05	2.58e-07	0.00e+00	0.00e+00	0.00e+00	0.00e+00	0.00e+00	0.00e+00
 1.91165e+23	7.38e-11	4.55e-05	1.17e-02	1.13e-01	1.37e-01	2.41e-01	3.90e-01	1.04e-01	2.63e-03	3.00e-05	2.21e-07	0.00e+00	0.00e+00	0.00e+00	0.00e+00	0.00e+00	0.00e+00
 1.98935e+23	9.43e-11	5.15e-05	1.28e-02	1.20e-01	1.41e-01	2.44e-01	3.82e-01	9.79e-02	2.38e-03	2.66e-05	1.90e-07	0.00e+00	0.00e+00	0.00e+00	0.00e+00	0.00e+00	0.00e+00
 2.07016e+23	1.23e-10	5.80e-05	1.40e-02	1.27e-01	1.45e-01	2.46e-01	3.73e-01	9.24e-02	2.16e-03	2.36e-05	1.65e-07	0.00e+00	0.00e+00	0.00e+00	0.00e+00	0.00e+00	0.00e+00
 2.15420e+23	1.57e-10	6.46e-05	1.52e-02	1.34e-01	1.48e-01	2.48e-01	3.65e-01	8.74e-02	1.98e-03	2.12e-05	1.44e-07	0.00e+00	0.00e+00	0.00e+00	0.00e+00	0.00e+00	0.00e+00
 2.23993e+23	2.09e-10	7.09e-05	1.62e-02	1.41e-01	1.51e-01	2.49e-01	3.58e-01	8.34e-02	1.84e-03	1.93e-05	1.29e-07	0.00e+00	0.00e+00	0.00e+00	0.00e+00	0.00e+00	0.00e+00
 2.32142e+23	2.46e-10	7.77e-05	1.74e-02	1.47e-01	1.53e-01	2.50e-01	3.51e-01	7.94e-02	1.70e-03	1.76e-05	0.00e+00	0.00e+00	0.00e+00	0.00e+00	0.00e+00	0.00e+00	0.00e+00
 2.39476e+23	3.13e-10	8.40e-05	1.84e-02	1.53e-01	1.55e-01	2.51e-01	3.45e-01	7.61e-02	1.59e-03	1.62e-05	0.00e+00	0.00e+00	0.00e+00	0.00e+00	0.00e+00	0.00e+00	0.00e+00
 2.46077e+23	3.63e-10	8.91e-05	1.92e-02	1.57e-01	1.57e-01	2.52e-01	3.40e-01	7.36e-02	1.51e-03	1.52e-05	0.00e+00	0.00e+00	0.00e+00	0.00e+00	0.00e+00	0.00e+00	0.00e+00
 2.52017e+23	4.14e-10	9.37e-05	1.99e-02	1.61e-01	1.58e-01	2.52e-01	3.36e-01	7.16e-02	1.44e-03	1.45e-05	0.00e+00	0.00e+00	0.00e+00	0.00e+00	0.00e+00	0.00e+00	0.00e+00
 2.57364e+23	4.53e-10	9.76e-05	2.05e-02	1.64e-01	1.59e-01	2.52e-01	3.32e-01	7.00e-02	1.39e-03	1.39e-05	0.00e+00	0.00e+00	0.00e+00	0.00e+00	0.00e+00	0.00e+00	0.00e+00
 2.62175e+23	4.93e-10	1.01e-04	2.10e-02	1.67e-01	1.60e-01	2.53e-01	3.30e-01	6.86e-02	1.35e-03	1.34e-05	0.00e+00	0.00e+00	0.00e+00	0.00e+00	0.00e+00	0.00e+00	0.00e+00
 2.66506e+23	5.27e-10	1.04e-04	2.15e-02	1.69e-01	1.61e-01	2.53e-01	3.27e-01	6.76e-02	1.32e-03	1.30e-05	0.00e+00	0.00e+00	0.00e+00	0.00e+00	0.00e+00	0.00e+00	0.00e+00
 2.70404e+23	5.56e-10	1.06e-04	2.18e-02	1.71e-01	1.61e-01	2.53e-01	3.25e-01	6.67e-02	1.29e-03	1.27e-05	0.00e+00	0.00e+00	0.00e+00	0.00e+00	0.00e+00	0.00e+00	0.00e+00
 2.73911e+23	5.84e-10	1.08e-04	2.22e-02	1.72e-01	1.62e-01	2.53e-01	3.24e-01	6.60e-02	1.27e-03	1.24e-05	0.00e+00	0.00e+00	0.00e+00	0.00e+00	0.00e+00	0.00e+00	0.00e+00
 2.77100e+23	6.01e-10	1.10e-04	2.24e-02	1.74e-01	1.62e-01	2.53e-01	3.22e-01	6.55e-02	1.25e-03	1.22e-05	0.00e+00	0.00e+00	0.00e+00	0.00e+00	0.00e+00	0.00e+00	0.00e+00
 2.80155e+23	6.08e-10	1.11e-04	2.26e-02	1.74e-01	1.62e-01	2.53e-01	3.22e-01	6.52e-02	1.25e-03	1.21e-05	0.00e+00	0.00e+00	0.00e+00	0.00e+00	0.00e+00	0.00e+00	0.00e+00
 2.83210e+23	6.24e-10	1.12e-04	2.28e-02	1.75e-01	1.62e-01	2.53e-01	3.21e-01	6.47e-02	1.23e-03	1.20e-05	0.00e+00	0.00e+00	0.00e+00	0.00e+00	0.00e+00	0.00e+00	0.00e+00
 2.86265e+23	6.33e-10	1.13e-04	2.29e-02	1.76e-01	1.62e-01	2.53e-01	3.20e-01	6.44e-02	1.22e-03	1.19e-05	0.00e+00	0.00e+00	0.00e+00	0.00e+00	0.00e+00	0.00e+00	0.00e+00
 2.89320e+23	6.48e-10	1.14e-04	2.31e-02	1.77e-01	1.63e-01	2.53e-01	3.19e-01	6.41e-02	1.21e-03	1.18e-05	0.00e+00	0.00e+00	0.00e+00	0.00e+00	0.00e+00	0.00e+00	0.00e+00
 2.92375e+23	6.54e-10	1.15e-04	2.32e-02	1.78e-01	1.63e-01	2.53e-01	3.19e-01	6.39e-02	1.21e-03	1.17e-05	0.00e+00	0.00e+00	0.00e+00	0.00e+00	0.00e+00	0.00e+00	0.00e+00
 2.95429e+23	6.59e-10	1.16e-04	2.33e-02	1.78e-01	1.63e-01	2.53e-01	3.18e-01	6.36e-02	1.20e-03	1.16e-05	0.00e+00	0.00e+00	0.00e+00	0.00e+00	0.00e+00	0.00e+00	0.00e+00
 2.98484e+23	6.63e-10	1.16e-04	2.34e-02	1.79e-01	1.63e-01	2.53e-01	3.18e-01	6.35e-02	1.20e-03	1.16e-05	0.00e+00	0.00e+00	0.00e+00	0.00e+00	0.00e+00	0.00e+00	0.00e+00
 3.01539e+23	6.70e-10	1.17e-04	2.35e-02	1.79e-01	1.63e-01	2.53e-01	3.17e-01	6.32e-02	1.19e-03	1.15e-05	0.00e+00	0.00e+00	0.00e+00	0.00e+00	0.00e+00	0.00e+00	0.00e+00
 3.04274e+23	6.75e-10	1.18e-04	2.36e-02	1.80e-01	1.63e-01	2.53e-01	3.17e-01	6.30e-02	1.19e-03	1.15e-05	0.00e+00	0.00e+00	0.00e+00	0.00e+00	0.00e+00	0.00e+00	0.00e+00
