#depth	Ne	Ne+	Ne+2	Ne+3	Ne+4	Ne+5	Ne+6	Ne+7	Ne+8	Ne+9	Ne+10
 6.17135e+19	0.00e+00	0.00e+00	6.61e-31	4.26e-25	4.31e-20	8.61e-16	5.74e-12	1.79e-08	1.38e-04	2.47e-02	9.75e-01
 1.87609e+20	0.00e+00	0.00e+00	1.77e-30	9.99e-25	8.87e-20	1.56e-15	9.07e-12	2.49e-08	1.72e-04	2.76e-02	9.72e-01
 2.90012e+20	0.00e+00	0.00e+00	3.82e-30	1.94e-24	1.56e-19	2.48e-15	1.30e-11	3.22e-08	2.05e-04	3.00e-02	9.70e-01
 3.58254e+20	0.00e+00	0.00e+00	6.27e-30	2.98e-24	2.24e-19	3.34e-15	1.64e-11	3.81e-08	2.29e-04	3.17e-02	9.68e-01
 4.06365e+20	0.00e+00	0.00e+00	8.93e-30	4.05e-24	2.91e-19	4.14e-15	1.93e-11	4.30e-08	2.48e-04	3.30e-02	9.67e-01
 4.40225e+20	0.00e+00	0.00e+00	1.12e-29	4.92e-24	3.44e-19	4.75e-15	2.15e-11	4.64e-08	2.61e-04	3.39e-02	9.66e-01
 4.76498e+20	0.00e+00	0.00e+00	1.44e-29	6.12e-24	4.13e-19	5.54e-15	2.42e-11	5.06e-08	2.77e-04	3.48e-02	9.65e-01
 5.23652e+20	0.00e+00	0.00e+00	1.99e-29	8.09e-24	5.24e-19	6.73e-15	2.82e-11	5.65e-08	2.97e-04	3.61e-02	9.64e-01
 5.75611e+20	0.00e+00	0.00e+00	2.81e-29	1.09e-23	6.77e-19	8.32e-15	3.33e-11	6.36e-08	3.22e-04	3.75e-02	9.62e-01
 6.23207e+20	0.00e+00	0.00e+00	3.85e-29	1.43e-23	8.53e-19	1.01e-14	3.86e-11	7.08e-08	3.46e-04	3.88e-02	9.61e-01
 6.74475e+20	0.00e+00	0.00e+00	5.35e-29	1.91e-23	1.09e-18	1.23e-14	4.52e-11	7.94e-08	3.73e-04	4.03e-02	9.59e-01
 7.31257e+20	0.00e+00	0.00e+00	7.67e-29	2.61e-23	1.42e-18	1.53e-14	5.36e-11	8.98e-08	4.04e-04	4.19e-02	9.58e-01
 7.83791e+20	0.00e+00	0.00e+00	1.06e-28	3.46e-23	1.80e-18	1.87e-14	6.26e-11	1.01e-07	4.36e-04	4.35e-02	9.56e-01
 8.40667e+20	0.00e+00	0.00e+00	1.50e-28	4.66e-23	2.33e-18	2.31e-14	7.37e-11	1.13e-07	4.71e-04	4.52e-02	9.54e-01
 9.00358e+20	0.00e+00	0.00e+00	2.13e-28	6.33e-23	3.02e-18	2.87e-14	8.74e-11	1.28e-07	5.11e-04	4.70e-02	9.52e-01
 9.51032e+20	0.00e+00	0.00e+00	2.87e-28	8.18e-23	3.76e-18	3.43e-14	1.01e-10	1.42e-07	5.47e-04	4.86e-02	9.51e-01
 1.00423e+21	0.00e+00	0.00e+00	3.88e-28	1.06e-22	4.70e-18	4.14e-14	1.16e-10	1.58e-07	5.86e-04	5.02e-02	9.49e-01
 1.07339e+21	0.00e+00	0.00e+00	5.71e-28	1.49e-22	6.26e-18	5.24e-14	1.40e-10	1.80e-07	6.40e-04	5.24e-02	9.47e-01
 1.14357e+21	0.00e+00	0.00e+00	8.37e-28	2.07e-22	8.31e-18	6.63e-14	1.68e-10	2.06e-07	6.99e-04	5.47e-02	9.45e-01
 1.20004e+21	0.00e+00	0.00e+00	1.13e-27	2.69e-22	1.04e-17	7.97e-14	1.94e-10	2.29e-07	7.49e-04	5.65e-02	9.43e-01
 1.25839e+21	0.00e+00	0.00e+00	1.53e-27	3.51e-22	1.30e-17	9.62e-14	2.25e-10	2.55e-07	8.03e-04	5.85e-02	9.41e-01
 1.33426e+21	0.00e+00	0.00e+00	2.26e-27	4.91e-22	1.74e-17	1.22e-13	2.71e-10	2.92e-07	8.78e-04	6.10e-02	9.38e-01
 1.40871e+21	0.00e+00	0.00e+00	3.28e-27	6.79e-22	2.29e-17	1.53e-13	3.25e-10	3.33e-07	9.56e-04	6.36e-02	9.35e-01
 1.46495e+21	0.00e+00	0.00e+00	4.32e-27	8.62e-22	2.81e-17	1.82e-13	3.71e-10	3.67e-07	1.02e-03	6.56e-02	9.33e-01
 1.52168e+21	0.00e+00	0.00e+00	5.69e-27	1.10e-21	3.44e-17	2.16e-13	4.24e-10	4.05e-07	1.09e-03	6.76e-02	9.31e-01
 1.59543e+21	0.00e+00	4.67e-33	8.03e-27	1.48e-21	4.45e-17	2.67e-13	5.01e-10	4.57e-07	1.18e-03	7.02e-02	9.29e-01
 1.67402e+21	0.00e+00	7.06e-33	1.15e-26	2.03e-21	5.82e-17	3.33e-13	5.97e-10	5.20e-07	1.28e-03	7.31e-02	9.26e-01
 1.74227e+21	0.00e+00	1.00e-32	1.57e-26	2.65e-21	7.33e-17	4.04e-13	6.93e-10	5.80e-07	1.37e-03	7.56e-02	9.23e-01
 1.81436e+21	0.00e+00	1.44e-32	2.17e-26	3.50e-21	9.29e-17	4.92e-13	8.09e-10	6.49e-07	1.48e-03	7.83e-02	9.20e-01
 1.89514e+21	0.00e+00	2.15e-32	3.08e-26	4.75e-21	1.21e-16	6.11e-13	9.60e-10	7.35e-07	1.60e-03	8.14e-02	9.17e-01
 1.97134e+21	0.00e+00	3.11e-32	4.27e-26	6.31e-21	1.54e-16	7.47e-13	1.12e-09	8.25e-07	1.73e-03	8.43e-02	9.14e-01
 2.05449e+21	0.00e+00	4.61e-32	6.04e-26	8.54e-21	1.99e-16	9.26e-13	1.33e-09	9.33e-07	1.87e-03	8.76e-02	9.11e-01
 2.14125e+21	0.00e+00	6.91e-32	8.63e-26	1.16e-20	2.60e-16	1.15e-12	1.58e-09	1.06e-06	2.03e-03	9.11e-02	9.07e-01
 2.21417e+21	0.00e+00	9.65e-32	1.16e-25	1.50e-20	3.23e-16	1.39e-12	1.83e-09	1.17e-06	2.17e-03	9.40e-02	9.04e-01
 2.29044e+21	0.00e+00	1.36e-31	1.57e-25	1.96e-20	4.05e-16	1.67e-12	2.11e-09	1.31e-06	2.33e-03	9.71e-02	9.01e-01
 2.38959e+21	0.00e+00	2.10e-31	2.30e-25	2.73e-20	5.39e-16	2.12e-12	2.55e-09	1.50e-06	2.54e-03	1.01e-01	8.96e-01
 2.49055e+21	0.00e+00	3.26e-31	3.39e-25	3.83e-20	7.19e-16	2.69e-12	3.07e-09	1.72e-06	2.78e-03	1.06e-01	8.92e-01
 2.57115e+21	0.00e+00	4.59e-31	4.59e-25	4.98e-20	9.00e-16	3.25e-12	3.56e-09	1.91e-06	2.98e-03	1.09e-01	8.88e-01
 2.65318e+21	0.00e+00	6.47e-31	6.21e-25	6.47e-20	1.13e-15	3.91e-12	4.12e-09	2.13e-06	3.19e-03	1.13e-01	8.84e-01
 2.75982e+21	0.00e+00	1.00e-30	9.13e-25	9.06e-20	1.50e-15	4.97e-12	4.98e-09	2.44e-06	3.49e-03	1.17e-01	8.79e-01
 2.86992e+21	0.00e+00	1.57e-30	1.35e-24	1.27e-19	2.01e-15	6.34e-12	6.02e-09	2.80e-06	3.81e-03	1.22e-01	8.74e-01
 2.96065e+21	0.00e+00	2.24e-30	1.86e-24	1.68e-19	2.55e-15	7.72e-12	7.03e-09	3.14e-06	4.10e-03	1.26e-01	8.69e-01
 3.03709e+21	0.00e+00	3.03e-30	2.42e-24	2.12e-19	3.11e-15	9.10e-12	8.00e-09	3.45e-06	4.36e-03	1.30e-01	8.66e-01
 3.11886e+21	0.00e+00	4.17e-30	3.21e-24	2.70e-19	3.83e-15	1.08e-11	9.16e-09	3.81e-06	4.64e-03	1.34e-01	8.61e-01
 3.22516e+21	0.00e+00	6.22e-30	4.57e-24	3.67e-19	4.98e-15	1.35e-11	1.09e-08	4.31e-06	5.03e-03	1.39e-01	8.56e-01
 3.33319e+21	0.00e+00	9.35e-30	6.54e-24	5.02e-19	6.51e-15	1.68e-11	1.30e-08	4.90e-06	5.46e-03	1.44e-01	8.50e-01
 3.41941e+21	0.00e+00	1.29e-29	8.67e-24	6.41e-19	8.03e-15	2.00e-11	1.49e-08	5.41e-06	5.82e-03	1.48e-01	8.46e-01
 3.50744e+21	0.00e+00	1.77e-29	1.15e-23	8.20e-19	9.91e-15	2.39e-11	1.71e-08	5.97e-06	6.20e-03	1.53e-01	8.41e-01
 3.60059e+21	0.00e+00	2.49e-29	1.55e-23	1.06e-18	1.24e-14	2.87e-11	1.97e-08	6.64e-06	6.63e-03	1.57e-01	8.36e-01
 3.68024e+21	0.00e+00	3.31e-29	2.00e-23	1.32e-18	1.49e-14	3.36e-11	2.23e-08	7.25e-06	7.02e-03	1.62e-01	8.31e-01
 3.76362e+21	0.00e+00	4.45e-29	2.59e-23	1.66e-18	1.81e-14	3.95e-11	2.53e-08	7.95e-06	7.44e-03	1.66e-01	8.27e-01
 3.85724e+21	0.00e+00	6.16e-29	3.45e-23	2.13e-18	2.25e-14	4.72e-11	2.91e-08	8.79e-06	7.94e-03	1.71e-01	8.21e-01
 3.94542e+21	0.00e+00	8.37e-29	4.52e-23	2.69e-18	2.75e-14	5.58e-11	3.32e-08	9.67e-06	8.43e-03	1.75e-01	8.16e-01
 4.02749e+21	0.00e+00	1.11e-28	5.80e-23	3.34e-18	3.31e-14	6.51e-11	3.74e-08	1.06e-05	8.91e-03	1.80e-01	8.11e-01
 4.10421e+21	0.00e+00	1.44e-28	7.31e-23	4.09e-18	3.93e-14	7.52e-11	4.19e-08	1.14e-05	9.38e-03	1.84e-01	8.07e-01
 4.17613e+21	0.00e+00	1.84e-28	9.03e-23	4.92e-18	4.60e-14	8.58e-11	4.64e-08	1.23e-05	9.84e-03	1.88e-01	8.02e-01
 4.25799e+21	0.00e+00	2.42e-28	1.15e-22	6.08e-18	5.52e-14	9.97e-11	5.23e-08	1.34e-05	1.04e-02	1.92e-01	7.97e-01
 4.34813e+21	0.00e+00	3.26e-28	1.50e-22	7.65e-18	6.72e-14	1.18e-10	5.94e-08	1.47e-05	1.10e-02	1.97e-01	7.92e-01
 4.43022e+21	0.00e+00	4.28e-28	1.91e-22	9.41e-18	8.03e-14	1.36e-10	6.68e-08	1.60e-05	1.16e-02	2.02e-01	7.87e-01
 4.50602e+21	0.00e+00	5.50e-28	2.38e-22	1.14e-17	9.47e-14	1.56e-10	7.43e-08	1.73e-05	1.22e-02	2.06e-01	7.82e-01
 4.59246e+21	0.00e+00	7.27e-28	3.04e-22	1.41e-17	1.14e-13	1.82e-10	8.38e-08	1.89e-05	1.29e-02	2.11e-01	7.76e-01
 4.68891e+21	0.00e+00	9.93e-28	4.00e-22	1.79e-17	1.40e-13	2.16e-10	9.58e-08	2.08e-05	1.37e-02	2.16e-01	7.70e-01
 4.77805e+21	0.00e+00	1.32e-27	5.14e-22	2.23e-17	1.69e-13	2.53e-10	1.08e-07	2.27e-05	1.44e-02	2.22e-01	7.64e-01
 4.85524e+21	0.00e+00	1.69e-27	6.39e-22	2.70e-17	1.98e-13	2.90e-10	1.20e-07	2.44e-05	1.51e-02	2.26e-01	7.59e-01
 4.93725e+21	0.00e+00	2.19e-27	8.03e-22	3.29e-17	2.35e-13	3.34e-10	1.35e-07	2.65e-05	1.59e-02	2.31e-01	7.53e-01
 5.02901e+21	0.00e+00	2.93e-27	1.04e-21	4.11e-17	2.84e-13	3.91e-10	1.52e-07	2.89e-05	1.68e-02	2.36e-01	7.47e-01
 5.11442e+21	0.00e+00	3.83e-27	1.31e-21	5.04e-17	3.39e-13	4.54e-10	1.71e-07	3.14e-05	1.77e-02	2.41e-01	7.41e-01
 5.19331e+21	0.00e+00	4.89e-27	1.63e-21	6.08e-17	3.99e-13	5.19e-10	1.90e-07	3.39e-05	1.86e-02	2.46e-01	7.35e-01
 5.28276e+21	0.00e+00	6.45e-27	2.08e-21	7.52e-17	4.79e-13	6.05e-10	2.14e-07	3.69e-05	1.96e-02	2.52e-01	7.29e-01
 5.38166e+21	0.00e+00	8.75e-27	2.72e-21	9.50e-17	5.85e-13	7.15e-10	2.44e-07	4.05e-05	2.08e-02	2.58e-01	7.22e-01
 5.47192e+21	0.00e+00	1.15e-26	3.47e-21	1.17e-16	7.02e-13	8.33e-10	2.75e-07	4.41e-05	2.19e-02	2.63e-01	7.15e-01
 5.55471e+21	0.00e+00	1.48e-26	4.34e-21	1.42e-16	8.29e-13	9.57e-10	3.06e-07	4.76e-05	2.29e-02	2.68e-01	7.09e-01
 5.64868e+21	4.42e-33	1.97e-26	5.57e-21	1.77e-16	1.00e-12	1.12e-09	3.46e-07	5.20e-05	2.42e-02	2.74e-01	7.01e-01
 5.74938e+21	6.21e-33	2.67e-26	7.28e-21	2.24e-16	1.22e-12	1.33e-09	3.95e-07	5.70e-05	2.56e-02	2.81e-01	6.94e-01
 5.83733e+21	8.41e-33	3.51e-26	9.25e-21	2.76e-16	1.46e-12	1.54e-09	4.44e-07	6.20e-05	2.70e-02	2.86e-01	6.87e-01
 5.91533e+21	1.08e-32	4.40e-26	1.13e-20	3.28e-16	1.70e-12	1.75e-09	4.90e-07	6.64e-05	2.82e-02	2.91e-01	6.81e-01
 6.00188e+21	1.44e-32	5.69e-26	1.42e-20	3.99e-16	2.02e-12	2.01e-09	5.48e-07	7.19e-05	2.96e-02	2.97e-01	6.74e-01
 6.11441e+21	2.09e-32	7.93e-26	1.90e-20	5.15e-16	2.51e-12	2.42e-09	6.33e-07	7.96e-05	3.15e-02	3.04e-01	6.65e-01
 6.22695e+21	3.03e-32	1.11e-25	2.55e-20	6.65e-16	3.13e-12	2.91e-09	7.31e-07	8.81e-05	3.35e-02	3.11e-01	6.55e-01
 6.31333e+21	4.03e-32	1.43e-25	3.19e-20	8.09e-16	3.71e-12	3.36e-09	8.17e-07	9.53e-05	3.51e-02	3.17e-01	6.48e-01
 6.39943e+21	5.32e-32	1.83e-25	3.97e-20	9.80e-16	4.38e-12	3.86e-09	9.11e-07	1.03e-04	3.68e-02	3.22e-01	6.41e-01
 6.51137e+21	7.64e-32	2.53e-25	5.28e-20	1.26e-15	5.43e-12	4.63e-09	1.05e-06	1.14e-04	3.90e-02	3.30e-01	6.31e-01
 6.62604e+21	1.10e-31	3.52e-25	7.08e-20	1.62e-15	6.77e-12	5.57e-09	1.21e-06	1.26e-04	4.15e-02	3.37e-01	6.21e-01
 6.71850e+21	1.49e-31	4.60e-25	8.95e-20	1.99e-15	8.09e-12	6.47e-09	1.36e-06	1.37e-04	4.36e-02	3.43e-01	6.13e-01
 6.81292e+21	2.00e-31	5.99e-25	1.13e-19	2.44e-15	9.66e-12	7.51e-09	1.53e-06	1.48e-04	4.58e-02	3.49e-01	6.05e-01
 6.93567e+21	2.93e-31	8.45e-25	1.53e-19	3.18e-15	1.22e-11	9.11e-09	1.78e-06	1.65e-04	4.88e-02	3.57e-01	5.94e-01
 7.06006e+21	4.31e-31	1.19e-24	2.08e-19	4.15e-15	1.53e-11	1.11e-08	2.08e-06	1.83e-04	5.20e-02	3.65e-01	5.83e-01
 7.15787e+21	5.81e-31	1.56e-24	2.64e-19	5.11e-15	1.84e-11	1.29e-08	2.34e-06	1.99e-04	5.46e-02	3.71e-01	5.74e-01
 7.25634e+21	7.81e-31	2.04e-24	3.34e-19	6.28e-15	2.20e-11	1.50e-08	2.64e-06	2.17e-04	5.74e-02	3.77e-01	5.65e-01
 7.38436e+21	1.14e-30	2.87e-24	4.52e-19	8.18e-15	2.77e-11	1.82e-08	3.08e-06	2.41e-04	6.11e-02	3.85e-01	5.54e-01
 7.51759e+21	1.69e-30	4.07e-24	6.18e-19	1.07e-14	3.51e-11	2.23e-08	3.60e-06	2.69e-04	6.51e-02	3.93e-01	5.41e-01
 7.62304e+21	2.28e-30	5.35e-24	7.87e-19	1.33e-14	4.22e-11	2.61e-08	4.07e-06	2.93e-04	6.85e-02	3.99e-01	5.32e-01
 7.70992e+21	2.94e-30	6.73e-24	9.65e-19	1.59e-14	4.93e-11	2.98e-08	4.52e-06	3.15e-04	7.14e-02	4.05e-01	5.24e-01
 7.80725e+21	3.82e-30	8.51e-24	1.19e-18	1.90e-14	5.78e-11	3.41e-08	5.02e-06	3.39e-04	7.45e-02	4.10e-01	5.15e-01
 7.93378e+21	5.38e-30	1.16e-23	1.56e-18	2.42e-14	7.13e-11	4.07e-08	5.78e-06	3.74e-04	7.88e-02	4.17e-01	5.04e-01
 8.06540e+21	7.63e-30	1.59e-23	2.07e-18	3.10e-14	8.85e-11	4.89e-08	6.68e-06	4.13e-04	8.35e-02	4.24e-01	4.92e-01
 8.17505e+21	1.01e-29	2.06e-23	2.60e-18	3.78e-14	1.06e-10	5.68e-08	7.51e-06	4.48e-04	8.75e-02	4.29e-01	4.83e-01
 8.28903e+21	1.35e-29	2.67e-23	3.28e-18	4.63e-14	1.26e-10	6.60e-08	8.46e-06	4.86e-04	9.17e-02	4.35e-01	4.73e-01
 8.43721e+21	1.94e-29	3.70e-23	4.40e-18	5.99e-14	1.58e-10	8.00e-08	9.85e-06	5.40e-04	9.73e-02	4.42e-01	4.60e-01
 8.58821e+21	2.79e-29	5.14e-23	5.89e-18	7.75e-14	1.98e-10	9.68e-08	1.15e-05	5.99e-04	1.03e-01	4.49e-01	4.48e-01
 8.71005e+21	3.70e-29	6.64e-23	7.41e-18	9.47e-14	2.36e-10	1.12e-07	1.29e-05	6.50e-04	1.08e-01	4.54e-01	4.38e-01
 8.83562e+21	4.91e-29	8.57e-23	9.32e-18	1.16e-13	2.81e-10	1.31e-07	1.45e-05	7.06e-04	1.13e-01	4.59e-01	4.28e-01
 8.99885e+21	7.00e-29	1.18e-22	1.24e-17	1.49e-13	3.51e-10	1.58e-07	1.69e-05	7.83e-04	1.20e-01	4.65e-01	4.15e-01
 9.16764e+21	1.00e-28	1.64e-22	1.66e-17	1.93e-13	4.40e-10	1.91e-07	1.96e-05	8.68e-04	1.27e-01	4.71e-01	4.02e-01
 9.30743e+21	1.33e-28	2.13e-22	2.10e-17	2.37e-13	5.27e-10	2.23e-07	2.21e-05	9.44e-04	1.33e-01	4.75e-01	3.91e-01
 9.43100e+21	1.71e-28	2.66e-22	2.57e-17	2.82e-13	6.15e-10	2.54e-07	2.46e-05	1.01e-03	1.38e-01	4.79e-01	3.82e-01
 9.56972e+21	2.23e-28	3.39e-22	3.20e-17	3.42e-13	7.28e-10	2.93e-07	2.75e-05	1.10e-03	1.44e-01	4.82e-01	3.72e-01
 9.72390e+21	2.98e-28	4.42e-22	4.05e-17	4.22e-13	8.75e-10	3.43e-07	3.11e-05	1.19e-03	1.51e-01	4.86e-01	3.62e-01
 9.86658e+21	3.87e-28	5.61e-22	5.02e-17	5.09e-13	1.03e-09	3.94e-07	3.48e-05	1.29e-03	1.57e-01	4.90e-01	3.52e-01
 9.99997e+21	4.91e-28	6.97e-22	6.10e-17	6.04e-13	1.20e-09	4.48e-07	3.85e-05	1.38e-03	1.63e-01	4.92e-01	3.43e-01
 1.01529e+22	6.39e-28	8.87e-22	7.58e-17	7.31e-13	1.42e-09	5.17e-07	4.31e-05	1.49e-03	1.70e-01	4.95e-01	3.33e-01
 1.03244e+22	8.53e-28	1.15e-21	9.61e-17	9.01e-13	1.70e-09	6.04e-07	4.88e-05	1.62e-03	1.78e-01	4.98e-01	3.23e-01
 1.04856e+22	1.11e-27	1.47e-21	1.19e-16	1.09e-12	2.02e-09	6.96e-07	5.46e-05	1.75e-03	1.85e-01	5.00e-01	3.13e-01
 1.06372e+22	1.41e-27	1.83e-21	1.46e-16	1.30e-12	2.35e-09	7.93e-07	6.05e-05	1.88e-03	1.92e-01	5.02e-01	3.04e-01
 1.08108e+22	1.85e-27	2.34e-21	1.82e-16	1.58e-12	2.78e-09	9.16e-07	6.78e-05	2.03e-03	2.00e-01	5.04e-01	2.94e-01
 1.09923e+22	2.43e-27	3.01e-21	2.28e-16	1.92e-12	3.32e-09	1.06e-06	7.62e-05	2.20e-03	2.08e-01	5.05e-01	2.84e-01
 1.11447e+22	3.04e-27	3.69e-21	2.74e-16	2.26e-12	3.82e-09	1.20e-06	8.39e-05	2.35e-03	2.15e-01	5.06e-01	2.76e-01
 1.13036e+22	3.81e-27	4.54e-21	3.30e-16	2.67e-12	4.41e-09	1.35e-06	9.23e-05	2.51e-03	2.22e-01	5.07e-01	2.68e-01
 1.15102e+22	5.06e-27	5.89e-21	4.18e-16	3.28e-12	5.29e-09	1.58e-06	1.04e-04	2.72e-03	2.31e-01	5.08e-01	2.58e-01
 1.17208e+22	6.73e-27	7.65e-21	5.28e-16	4.03e-12	6.34e-09	1.84e-06	1.18e-04	2.96e-03	2.41e-01	5.08e-01	2.48e-01
 1.18908e+22	8.42e-27	9.39e-21	6.36e-16	4.75e-12	7.31e-09	2.08e-06	1.29e-04	3.15e-03	2.49e-01	5.08e-01	2.40e-01
 1.20660e+22	1.05e-26	1.15e-20	7.64e-16	5.58e-12	8.42e-09	2.34e-06	1.42e-04	3.36e-03	2.56e-01	5.07e-01	2.33e-01
 1.22938e+22	1.39e-26	1.49e-20	9.65e-16	6.85e-12	1.01e-08	2.72e-06	1.60e-04	3.64e-03	2.67e-01	5.06e-01	2.23e-01
 1.25315e+22	1.86e-26	1.94e-20	1.22e-15	8.44e-12	1.21e-08	3.17e-06	1.80e-04	3.94e-03	2.77e-01	5.05e-01	2.14e-01
 1.27315e+22	2.35e-26	2.41e-20	1.49e-15	1.00e-11	1.40e-08	3.59e-06	1.99e-04	4.21e-03	2.86e-01	5.04e-01	2.06e-01
 1.29410e+22	2.98e-26	2.99e-20	1.81e-15	1.19e-11	1.63e-08	4.08e-06	2.20e-04	4.50e-03	2.95e-01	5.02e-01	1.98e-01
 1.32132e+22	4.02e-26	3.94e-20	2.32e-15	1.48e-11	1.97e-08	4.78e-06	2.49e-04	4.89e-03	3.06e-01	4.99e-01	1.89e-01
 1.34790e+22	5.37e-26	5.13e-20	2.95e-15	1.82e-11	2.36e-08	5.57e-06	2.80e-04	5.29e-03	3.18e-01	4.96e-01	1.80e-01
 1.36776e+22	6.62e-26	6.22e-20	3.50e-15	2.12e-11	2.70e-08	6.22e-06	3.05e-04	5.60e-03	3.26e-01	4.94e-01	1.74e-01
 1.38769e+22	8.12e-26	7.50e-20	4.15e-15	2.46e-11	3.07e-08	6.93e-06	3.32e-04	5.93e-03	3.34e-01	4.91e-01	1.68e-01
 1.41361e+22	1.05e-25	9.49e-20	5.12e-15	2.96e-11	3.59e-08	7.90e-06	3.67e-04	6.33e-03	3.44e-01	4.88e-01	1.61e-01
 1.44208e+22	1.39e-25	1.23e-19	6.46e-15	3.63e-11	4.29e-08	9.16e-06	4.11e-04	6.84e-03	3.56e-01	4.84e-01	1.53e-01
 1.46773e+22	1.77e-25	1.53e-19	7.90e-15	4.33e-11	5.00e-08	1.04e-05	4.54e-04	7.29e-03	3.66e-01	4.80e-01	1.46e-01
 1.49494e+22	2.28e-25	1.93e-19	9.70e-15	5.17e-11	5.83e-08	1.18e-05	5.00e-04	7.77e-03	3.76e-01	4.75e-01	1.40e-01
 1.53031e+22	3.13e-25	2.58e-19	1.26e-14	6.51e-11	7.11e-08	1.39e-05	5.68e-04	8.45e-03	3.90e-01	4.69e-01	1.32e-01
 1.56646e+22	4.31e-25	3.46e-19	1.64e-14	8.18e-11	8.65e-08	1.64e-05	6.44e-04	9.16e-03	4.03e-01	4.63e-01	1.24e-01
 1.59437e+22	5.47e-25	4.30e-19	1.99e-14	9.71e-11	1.00e-07	1.85e-05	7.07e-04	9.74e-03	4.13e-01	4.58e-01	1.18e-01
 1.62142e+22	6.86e-25	5.28e-19	2.40e-14	1.14e-10	1.15e-07	2.08e-05	7.71e-04	1.03e-02	4.22e-01	4.53e-01	1.13e-01
 1.65657e+22	9.12e-25	6.85e-19	3.03e-14	1.39e-10	1.37e-07	2.39e-05	8.58e-04	1.10e-02	4.34e-01	4.47e-01	1.07e-01
 1.69406e+22	1.23e-24	9.00e-19	3.87e-14	1.73e-10	1.65e-07	2.79e-05	9.64e-04	1.19e-02	4.47e-01	4.39e-01	1.01e-01
 1.72541e+22	1.57e-24	1.12e-18	4.72e-14	2.06e-10	1.91e-07	3.15e-05	1.06e-03	1.26e-02	4.57e-01	4.33e-01	9.59e-02
 1.75277e+22	1.93e-24	1.36e-18	5.60e-14	2.38e-10	2.17e-07	3.49e-05	1.14e-03	1.33e-02	4.66e-01	4.28e-01	9.18e-02
 1.78409e+22	2.43e-24	1.68e-18	6.76e-14	2.81e-10	2.49e-07	3.92e-05	1.25e-03	1.40e-02	4.75e-01	4.22e-01	8.74e-02
 1.82481e+22	3.25e-24	2.19e-18	8.58e-14	3.45e-10	2.97e-07	4.53e-05	1.39e-03	1.50e-02	4.87e-01	4.14e-01	8.22e-02
 1.86700e+22	4.38e-24	2.87e-18	1.10e-13	4.27e-10	3.57e-07	5.26e-05	1.56e-03	1.61e-02	5.00e-01	4.06e-01	7.68e-02
 1.90157e+22	5.56e-24	3.57e-18	1.33e-13	5.06e-10	4.13e-07	5.93e-05	1.70e-03	1.71e-02	5.10e-01	3.99e-01	7.28e-02
 1.93699e+22	7.03e-24	4.42e-18	1.61e-13	5.99e-10	4.76e-07	6.66e-05	1.86e-03	1.80e-02	5.19e-01	3.92e-01	6.90e-02
 1.98304e+22	9.48e-24	5.81e-18	2.06e-13	7.39e-10	5.70e-07	7.71e-05	2.07e-03	1.93e-02	5.31e-01	3.83e-01	6.45e-02
 2.03085e+22	1.28e-23	7.66e-18	2.64e-13	9.19e-10	6.87e-07	8.99e-05	2.32e-03	2.08e-02	5.44e-01	3.73e-01	5.99e-02
 2.07022e+22	1.63e-23	9.56e-18	3.23e-13	1.09e-09	7.96e-07	1.01e-04	2.55e-03	2.20e-02	5.53e-01	3.66e-01	5.65e-02
 2.11066e+22	2.07e-23	1.19e-17	3.93e-13	1.30e-09	9.23e-07	1.14e-04	2.78e-03	2.32e-02	5.63e-01	3.58e-01	5.32e-02
 2.16324e+22	2.80e-23	1.57e-17	5.04e-13	1.61e-09	1.11e-06	1.33e-04	3.11e-03	2.49e-02	5.75e-01	3.48e-01	4.93e-02
 2.21793e+22	3.82e-23	2.09e-17	6.51e-13	2.01e-09	1.34e-06	1.55e-04	3.50e-03	2.67e-02	5.87e-01	3.38e-01	4.55e-02
 2.26017e+22	4.80e-23	2.58e-17	7.89e-13	2.38e-09	1.55e-06	1.75e-04	3.82e-03	2.82e-02	5.95e-01	3.30e-01	4.27e-02
 2.29372e+22	5.75e-23	3.04e-17	9.15e-13	2.71e-09	1.73e-06	1.91e-04	4.08e-03	2.94e-02	6.02e-01	3.24e-01	4.07e-02
 2.33118e+22	6.97e-23	3.63e-17	1.08e-12	3.11e-09	1.95e-06	2.11e-04	4.39e-03	3.07e-02	6.09e-01	3.17e-01	3.86e-02
 2.37988e+22	8.90e-23	4.55e-17	1.32e-12	3.72e-09	2.27e-06	2.39e-04	4.81e-03	3.25e-02	6.18e-01	3.08e-01	3.61e-02
 2.43257e+22	1.15e-22	5.77e-17	1.64e-12	4.49e-09	2.68e-06	2.73e-04	5.31e-03	3.45e-02	6.27e-01	2.99e-01	3.34e-02
 2.47886e+22	1.43e-22	7.07e-17	1.97e-12	5.28e-09	3.08e-06	3.06e-04	5.78e-03	3.64e-02	6.35e-01	2.91e-01	3.13e-02
 2.52744e+22	1.78e-22	8.69e-17	2.37e-12	6.22e-09	3.54e-06	3.43e-04	6.29e-03	3.83e-02	6.43e-01	2.83e-01	2.93e-02
 2.59059e+22	2.34e-22	1.12e-16	2.99e-12	7.63e-09	4.23e-06	3.97e-04	7.01e-03	4.09e-02	6.52e-01	2.73e-01	2.68e-02
 2.65417e+22	3.06e-22	1.44e-16	3.78e-12	9.37e-09	5.05e-06	4.59e-04	7.81e-03	4.36e-02	6.61e-01	2.63e-01	2.45e-02
 2.70431e+22	3.76e-22	1.75e-16	4.51e-12	1.09e-08	5.78e-06	5.13e-04	8.47e-03	4.59e-02	6.67e-01	2.55e-01	2.28e-02
 2.75552e+22	4.58e-22	2.11e-16	5.36e-12	1.28e-08	6.60e-06	5.72e-04	9.19e-03	4.82e-02	6.74e-01	2.47e-01	2.13e-02
 2.82208e+22	5.85e-22	2.66e-16	6.66e-12	1.54e-08	7.79e-06	6.56e-04	1.02e-02	5.12e-02	6.81e-01	2.38e-01	1.95e-02
 2.89261e+22	7.52e-22	3.39e-16	8.34e-12	1.89e-08	9.28e-06	7.58e-04	1.13e-02	5.46e-02	6.88e-01	2.28e-01	1.77e-02
 2.95278e+22	9.19e-22	4.12e-16	1.00e-11	2.22e-08	1.07e-05	8.55e-04	1.24e-02	5.77e-02	6.94e-01	2.19e-01	1.63e-02
 3.01548e+22	1.13e-21	5.01e-16	1.20e-11	2.62e-08	1.24e-05	9.62e-04	1.35e-02	6.07e-02	6.99e-01	2.11e-01	1.50e-02
 3.09700e+22	1.44e-21	6.37e-16	1.51e-11	3.21e-08	1.48e-05	1.12e-03	1.50e-02	6.49e-02	7.05e-01	2.01e-01	1.35e-02
 3.18016e+22	1.83e-21	8.08e-16	1.90e-11	3.94e-08	1.78e-05	1.30e-03	1.68e-02	6.94e-02	7.10e-01	1.91e-01	1.20e-02
 3.24282e+22	2.16e-21	9.57e-16	2.24e-11	4.58e-08	2.03e-05	1.45e-03	1.83e-02	7.30e-02	7.13e-01	1.83e-01	1.10e-02
 3.29331e+22	2.48e-21	1.10e-15	2.55e-11	5.15e-08	2.25e-05	1.58e-03	1.94e-02	7.57e-02	7.15e-01	1.77e-01	1.04e-02
 3.35059e+22	2.85e-21	1.26e-15	2.93e-11	5.84e-08	2.52e-05	1.74e-03	2.08e-02	7.90e-02	7.18e-01	1.71e-01	9.63e-03
 3.42505e+22	3.39e-21	1.51e-15	3.48e-11	6.85e-08	2.91e-05	1.95e-03	2.27e-02	8.32e-02	7.20e-01	1.64e-01	8.76e-03
 3.50636e+22	4.06e-21	1.82e-15	4.19e-11	8.13e-08	3.39e-05	2.22e-03	2.49e-02	8.80e-02	7.22e-01	1.55e-01	7.89e-03
 3.57794e+22	4.72e-21	2.13e-15	4.91e-11	9.42e-08	3.87e-05	2.48e-03	2.69e-02	9.23e-02	7.23e-01	1.49e-01	7.20e-03
 3.64195e+22	5.31e-21	2.43e-15	5.62e-11	1.07e-07	4.34e-05	2.72e-03	2.88e-02	9.63e-02	7.23e-01	1.43e-01	6.63e-03
 3.71474e+22	6.12e-21	2.82e-15	6.53e-11	1.23e-07	4.92e-05	3.01e-03	3.10e-02	1.01e-01	7.23e-01	1.36e-01	6.08e-03
 3.80937e+22	7.22e-21	3.38e-15	7.85e-11	1.46e-07	5.75e-05	3.43e-03	3.40e-02	1.06e-01	7.22e-01	1.29e-01	5.42e-03
 3.90655e+22	8.51e-21	4.06e-15	9.49e-11	1.74e-07	6.74e-05	3.91e-03	3.73e-02	1.12e-01	7.20e-01	1.21e-01	4.82e-03
 3.98510e+22	9.59e-21	4.66e-15	1.10e-10	2.00e-07	7.65e-05	4.33e-03	4.01e-02	1.18e-01	7.18e-01	1.15e-01	4.37e-03
 4.06530e+22	1.09e-20	5.35e-15	1.27e-10	2.29e-07	8.63e-05	4.78e-03	4.30e-02	1.22e-01	7.16e-01	1.10e-01	3.99e-03
 4.16955e+22	1.26e-20	6.34e-15	1.52e-10	2.72e-07	1.01e-04	5.40e-03	4.68e-02	1.29e-01	7.12e-01	1.03e-01	3.55e-03
 4.27903e+22	1.46e-20	7.57e-15	1.83e-10	3.25e-07	1.18e-04	6.14e-03	5.12e-02	1.36e-01	7.07e-01	9.66e-02	3.13e-03
 4.37123e+22	1.65e-20	8.75e-15	2.14e-10	3.77e-07	1.35e-04	6.82e-03	5.50e-02	1.42e-01	7.02e-01	9.13e-02	2.82e-03
 4.46701e+22	1.86e-20	1.01e-14	2.50e-10	4.36e-07	1.53e-04	7.55e-03	5.89e-02	1.47e-01	6.97e-01	8.64e-02	2.54e-03
 4.59152e+22	2.16e-20	1.21e-14	3.03e-10	5.23e-07	1.80e-04	8.57e-03	6.41e-02	1.55e-01	6.89e-01	8.04e-02	2.23e-03
 4.72171e+22	2.53e-20	1.46e-14	3.71e-10	6.35e-07	2.13e-04	9.78e-03	7.00e-02	1.63e-01	6.81e-01	7.45e-02	1.94e-03
 4.83105e+22	2.88e-20	1.71e-14	4.39e-10	7.45e-07	2.44e-04	1.09e-02	7.50e-02	1.70e-01	6.73e-01	6.99e-02	1.73e-03
 4.92139e+22	3.17e-20	1.93e-14	5.03e-10	8.47e-07	2.73e-04	1.19e-02	7.93e-02	1.75e-01	6.66e-01	6.63e-02	1.57e-03
 5.01523e+22	3.55e-20	2.20e-14	5.77e-10	9.62e-07	3.05e-04	1.29e-02	8.37e-02	1.80e-01	6.58e-01	6.30e-02	1.44e-03
 5.13721e+22	4.05e-20	2.58e-14	6.85e-10	1.13e-06	3.50e-04	1.43e-02	8.94e-02	1.87e-01	6.49e-01	5.90e-02	1.28e-03
 5.26598e+22	4.68e-20	3.07e-14	8.25e-10	1.34e-06	4.05e-04	1.60e-02	9.58e-02	1.94e-01	6.38e-01	5.49e-02	1.13e-03
 5.37524e+22	5.28e-20	3.55e-14	9.63e-10	1.55e-06	4.57e-04	1.75e-02	1.01e-01	2.00e-01	6.28e-01	5.17e-02	1.01e-03
 5.48896e+22	5.97e-20	4.10e-14	1.12e-09	1.79e-06	5.14e-04	1.91e-02	1.07e-01	2.05e-01	6.19e-01	4.87e-02	9.15e-04
 5.63679e+22	6.97e-20	4.93e-14	1.36e-09	2.14e-06	5.96e-04	2.13e-02	1.14e-01	2.12e-01	6.06e-01	4.51e-02	8.03e-04
 5.78891e+22	8.24e-20	6.00e-14	1.67e-09	2.58e-06	6.95e-04	2.38e-02	1.22e-01	2.20e-01	5.91e-01	4.16e-02	6.99e-04
 5.91153e+22	9.37e-20	7.00e-14	1.97e-09	2.99e-06	7.85e-04	2.60e-02	1.29e-01	2.25e-01	5.80e-01	3.90e-02	6.26e-04
 6.03585e+22	1.07e-19	8.15e-14	2.29e-09	3.44e-06	8.79e-04	2.82e-02	1.35e-01	2.30e-01	5.69e-01	3.67e-02	5.66e-04
 6.19746e+22	1.27e-19	9.86e-14	2.79e-09	4.10e-06	1.01e-03	3.12e-02	1.43e-01	2.36e-01	5.54e-01	3.39e-02	4.96e-04
 6.36981e+22	1.53e-19	1.22e-13	3.45e-09	4.96e-06	1.18e-03	3.48e-02	1.52e-01	2.43e-01	5.38e-01	3.10e-02	4.30e-04
 6.51771e+22	1.78e-19	1.45e-13	4.13e-09	5.82e-06	1.34e-03	3.80e-02	1.60e-01	2.48e-01	5.24e-01	2.88e-02	3.80e-04
 6.67159e+22	2.09e-19	1.73e-13	4.92e-09	6.78e-06	1.51e-03	4.14e-02	1.68e-01	2.52e-01	5.10e-01	2.68e-02	3.38e-04
 6.87164e+22	2.56e-19	2.15e-13	6.12e-09	8.21e-06	1.76e-03	4.60e-02	1.78e-01	2.58e-01	4.92e-01	2.44e-02	2.92e-04
 7.08261e+22	3.19e-19	2.73e-13	7.75e-09	1.01e-05	2.07e-03	5.14e-02	1.89e-01	2.63e-01	4.73e-01	2.21e-02	2.48e-04
 7.25984e+22	3.83e-19	3.33e-13	9.42e-09	1.20e-05	2.36e-03	5.62e-02	1.98e-01	2.67e-01	4.57e-01	2.03e-02	2.17e-04
 7.44234e+22	4.60e-19	4.02e-13	1.13e-08	1.40e-05	2.66e-03	6.11e-02	2.06e-01	2.70e-01	4.41e-01	1.87e-02	1.91e-04
 7.67958e+22	5.78e-19	5.11e-13	1.42e-08	1.70e-05	3.09e-03	6.76e-02	2.17e-01	2.73e-01	4.22e-01	1.69e-02	1.63e-04
 7.93602e+22	7.47e-19	6.65e-13	1.83e-08	2.10e-05	3.64e-03	7.54e-02	2.29e-01	2.76e-01	4.01e-01	1.50e-02	1.36e-04
 8.13864e+22	9.21e-19	8.22e-13	2.23e-08	2.49e-05	4.14e-03	8.21e-02	2.38e-01	2.78e-01	3.84e-01	1.37e-02	1.18e-04
 8.28862e+22	1.06e-18	9.51e-13	2.56e-08	2.79e-05	4.52e-03	8.69e-02	2.45e-01	2.79e-01	3.72e-01	1.28e-02	1.07e-04
 8.44897e+22	1.24e-18	1.10e-12	2.94e-08	3.14e-05	4.93e-03	9.20e-02	2.51e-01	2.79e-01	3.60e-01	1.20e-02	9.65e-05
 8.65742e+22	1.49e-18	1.33e-12	3.49e-08	3.62e-05	5.48e-03	9.86e-02	2.59e-01	2.80e-01	3.46e-01	1.10e-02	8.51e-05
 8.92841e+22	1.89e-18	1.68e-12	4.33e-08	4.32e-05	6.26e-03	1.07e-01	2.69e-01	2.80e-01	3.28e-01	9.89e-03	7.24e-05
 9.21058e+22	2.46e-18	2.16e-12	5.46e-08	5.23e-05	7.21e-03	1.18e-01	2.79e-01	2.79e-01	3.09e-01	8.78e-03	6.07e-05
 9.44012e+22	3.04e-18	2.64e-12	6.55e-08	6.06e-05	8.04e-03	1.26e-01	2.87e-01	2.77e-01	2.94e-01	7.99e-03	5.28e-05
 9.67138e+22	3.68e-18	3.17e-12	7.72e-08	6.92e-05	8.87e-03	1.34e-01	2.94e-01	2.76e-01	2.80e-01	7.31e-03	4.64e-05
 9.97202e+22	4.68e-18	3.97e-12	9.42e-08	8.13e-05	9.99e-03	1.44e-01	3.02e-01	2.73e-01	2.64e-01	6.55e-03	3.96e-05
 1.03033e+23	6.16e-18	5.13e-12	1.18e-07	9.77e-05	1.14e-02	1.56e-01	3.11e-01	2.69e-01	2.46e-01	5.76e-03	3.29e-05
 1.05982e+23	7.85e-18	6.41e-12	1.44e-07	1.14e-04	1.28e-02	1.67e-01	3.18e-01	2.65e-01	2.31e-01	5.15e-03	2.80e-05
 1.08641e+23	9.64e-18	7.74e-12	1.70e-07	1.30e-04	1.40e-02	1.77e-01	3.23e-01	2.62e-01	2.19e-01	4.68e-03	2.44e-05
 1.11689e+23	1.20e-17	9.42e-12	2.01e-07	1.49e-04	1.55e-02	1.88e-01	3.29e-01	2.57e-01	2.06e-01	4.22e-03	2.11e-05
 1.15650e+23	1.56e-17	1.19e-11	2.47e-07	1.75e-04	1.73e-02	2.00e-01	3.35e-01	2.52e-01	1.92e-01	3.72e-03	1.77e-05
 1.20099e+23	2.13e-17	1.57e-11	3.13e-07	2.10e-04	1.98e-02	2.16e-01	3.41e-01	2.44e-01	1.75e-01	3.20e-03	1.43e-05
 1.24156e+23	2.81e-17	2.01e-11	3.86e-07	2.48e-04	2.22e-02	2.31e-01	3.45e-01	2.37e-01	1.61e-01	2.79e-03	1.18e-05
 1.27811e+23	3.53e-17	2.46e-11	4.58e-07	2.82e-04	2.44e-02	2.43e-01	3.48e-01	2.31e-01	1.50e-01	2.49e-03	1.01e-05
 1.31969e+23	4.46e-17	3.02e-11	5.44e-07	3.22e-04	2.67e-02	2.56e-01	3.51e-01	2.24e-01	1.40e-01	2.21e-03	8.58e-06
 1.37067e+23	5.85e-17	3.82e-11	6.62e-07	3.74e-04	2.97e-02	2.70e-01	3.53e-01	2.16e-01	1.28e-01	1.92e-03	7.09e-06
 1.42673e+23	7.89e-17	4.95e-11	8.22e-07	4.41e-04	3.32e-02	2.87e-01	3.54e-01	2.07e-01	1.16e-01	1.64e-03	5.73e-06
 1.48503e+23	1.05e-16	6.34e-11	1.01e-06	5.15e-04	3.70e-02	3.03e-01	3.55e-01	1.98e-01	1.05e-01	1.41e-03	4.66e-06
 1.54567e+23	1.38e-16	7.99e-11	1.22e-06	5.95e-04	4.08e-02	3.18e-01	3.54e-01	1.89e-01	9.55e-02	1.21e-03	3.82e-06
 1.60873e+23	1.81e-16	1.01e-10	1.48e-06	6.85e-04	4.49e-02	3.34e-01	3.52e-01	1.81e-01	8.66e-02	1.04e-03	3.13e-06
 1.67431e+23	2.33e-16	1.25e-10	1.76e-06	7.81e-04	4.91e-02	3.48e-01	3.50e-01	1.72e-01	7.87e-02	9.05e-04	2.58e-06
 1.74111e+23	2.97e-16	1.53e-10	2.08e-06	8.84e-04	5.34e-02	3.62e-01	3.47e-01	1.64e-01	7.17e-02	7.87e-04	2.15e-06
 1.81058e+23	3.72e-16	1.85e-10	2.43e-06	9.90e-04	5.76e-02	3.74e-01	3.44e-01	1.57e-01	6.56e-02	6.90e-04	1.81e-06
 1.88424e+23	4.63e-16	2.22e-10	2.82e-06	1.10e-03	6.20e-02	3.87e-01	3.40e-01	1.49e-01	6.00e-02	6.05e-04	1.52e-06
 1.96084e+23	5.68e-16	2.64e-10	3.24e-06	1.22e-03	6.63e-02	3.98e-01	3.36e-01	1.42e-01	5.51e-02	5.34e-04	1.29e-06
 2.04051e+23	6.90e-16	3.11e-10	3.70e-06	1.35e-03	7.07e-02	4.09e-01	3.32e-01	1.36e-01	5.07e-02	4.73e-04	1.11e-06
 2.12336e+23	8.19e-16	3.59e-10	4.15e-06	1.47e-03	7.48e-02	4.18e-01	3.28e-01	1.30e-01	4.69e-02	4.24e-04	9.59e-07
 2.20953e+23	9.62e-16	4.10e-10	4.63e-06	1.58e-03	7.88e-02	4.27e-01	3.24e-01	1.25e-01	4.36e-02	3.82e-04	8.39e-07
 2.29353e+23	1.13e-15	4.70e-10	5.16e-06	1.71e-03	8.30e-02	4.36e-01	3.19e-01	1.20e-01	4.05e-02	3.44e-04	7.33e-07
 2.36966e+23	1.29e-15	5.25e-10	5.64e-06	1.83e-03	8.66e-02	4.42e-01	3.15e-01	1.15e-01	3.81e-02	3.15e-04	6.55e-07
 2.43817e+23	1.44e-15	5.75e-10	6.07e-06	1.93e-03	8.96e-02	4.48e-01	3.12e-01	1.12e-01	3.62e-02	2.93e-04	5.97e-07
 2.49984e+23	1.57e-15	6.19e-10	6.43e-06	2.01e-03	9.21e-02	4.53e-01	3.09e-01	1.09e-01	3.47e-02	2.76e-04	5.54e-07
 2.55534e+23	1.69e-15	6.57e-10	6.75e-06	2.08e-03	9.42e-02	4.56e-01	3.07e-01	1.07e-01	3.35e-02	2.63e-04	5.20e-07
 2.60528e+23	1.78e-15	6.88e-10	7.01e-06	2.14e-03	9.60e-02	4.59e-01	3.05e-01	1.05e-01	3.26e-02	2.53e-04	4.95e-07
 2.65024e+23	1.87e-15	7.15e-10	7.22e-06	2.18e-03	9.74e-02	4.62e-01	3.03e-01	1.04e-01	3.18e-02	2.45e-04	4.75e-07
 2.69070e+23	1.93e-15	7.35e-10	7.39e-06	2.22e-03	9.85e-02	4.63e-01	3.02e-01	1.02e-01	3.12e-02	2.39e-04	4.61e-07
 2.72711e+23	1.98e-15	7.52e-10	7.52e-06	2.25e-03	9.94e-02	4.65e-01	3.01e-01	1.01e-01	3.08e-02	2.34e-04	4.50e-07
 2.75988e+23	2.04e-15	7.70e-10	7.67e-06	2.28e-03	1.00e-01	4.66e-01	3.00e-01	1.01e-01	3.03e-02	2.29e-04	4.38e-07
 2.79068e+23	2.09e-15	7.85e-10	7.79e-06	2.31e-03	1.01e-01	4.68e-01	2.99e-01	9.98e-02	2.99e-02	2.25e-04	4.28e-07
 2.82122e+23	2.14e-15	8.01e-10	7.92e-06	2.33e-03	1.02e-01	4.69e-01	2.98e-01	9.90e-02	2.96e-02	2.21e-04	4.19e-07
 2.85177e+23	2.17e-15	8.12e-10	8.01e-06	2.35e-03	1.02e-01	4.70e-01	2.98e-01	9.84e-02	2.93e-02	2.18e-04	4.12e-07
 2.88232e+23	2.20e-15	8.22e-10	8.09e-06	2.37e-03	1.03e-01	4.71e-01	2.97e-01	9.79e-02	2.90e-02	2.16e-04	4.06e-07
 2.91287e+23	2.23e-15	8.30e-10	8.16e-06	2.38e-03	1.03e-01	4.71e-01	2.96e-01	9.74e-02	2.88e-02	2.14e-04	4.01e-07
 2.94342e+23	2.25e-15	8.36e-10	8.20e-06	2.39e-03	1.04e-01	4.72e-01	2.96e-01	9.70e-02	2.86e-02	2.12e-04	3.97e-07
 2.97396e+23	2.26e-15	8.41e-10	8.25e-06	2.40e-03	1.04e-01	4.72e-01	2.96e-01	9.67e-02	2.84e-02	2.10e-04	3.94e-07
 3.00451e+23	2.28e-15	8.46e-10	8.29e-06	2.41e-03	1.05e-01	4.73e-01	2.95e-01	9.64e-02	2.83e-02	2.09e-04	3.90e-07
 3.03506e+23	2.29e-15	8.51e-10	8.33e-06	2.42e-03	1.05e-01	4.73e-01	2.95e-01	9.60e-02	2.81e-02	2.07e-04	3.87e-07
 3.05258e+23	2.36e-15	8.71e-10	8.49e-06	2.45e-03	1.06e-01	4.75e-01	2.94e-01	9.52e-02	2.77e-02	2.04e-04	3.79e-07
