#depth	Si	Si+	Si+2	Si+3	Si+4	Si+5	Si+6	Si+7	Si+8	Si+9	Si+10	Si+11	Si+12	Si+13	Si+14
 6.17135e+19	0.00e+00	0.00e+00	0.00e+00	0.00e+00	1.65e-27	6.08e-23	6.15e-19	1.82e-15	1.96e-12	8.95e-10	2.25e-07	3.91e-05	1.38e-02	1.97e-01	7.89e-01
 1.87609e+20	0.00e+00	0.00e+00	0.00e+00	1.84e-32	4.83e-27	1.60e-22	1.45e-18	3.87e-15	3.79e-12	1.56e-09	3.47e-07	5.37e-05	1.69e-02	2.14e-01	7.69e-01
 2.90012e+20	0.00e+00	0.00e+00	0.00e+00	4.57e-32	1.11e-26	3.38e-22	2.83e-18	6.96e-15	6.31e-12	2.39e-09	4.85e-07	6.86e-05	1.97e-02	2.29e-01	7.52e-01
 3.58254e+20	0.00e+00	0.00e+00	0.00e+00	8.21e-32	1.89e-26	5.47e-22	4.35e-18	1.02e-14	8.77e-12	3.15e-09	6.01e-07	8.02e-05	2.17e-02	2.38e-01	7.40e-01
 4.06365e+20	0.00e+00	0.00e+00	0.00e+00	1.24e-31	2.76e-26	7.69e-22	5.89e-18	1.33e-14	1.11e-11	3.84e-09	7.00e-07	8.97e-05	2.33e-02	2.45e-01	7.31e-01
 4.40225e+20	0.00e+00	0.00e+00	0.00e+00	1.62e-31	3.53e-26	9.60e-22	7.17e-18	1.58e-14	1.29e-11	4.35e-09	7.72e-07	9.64e-05	2.43e-02	2.50e-01	7.26e-01
 4.76498e+20	0.00e+00	0.00e+00	0.00e+00	2.18e-31	4.61e-26	1.22e-21	8.90e-18	1.91e-14	1.52e-11	5.00e-09	8.61e-07	1.04e-04	2.56e-02	2.55e-01	7.20e-01
 5.23652e+20	0.00e+00	0.00e+00	0.00e+00	3.17e-31	6.51e-26	1.67e-21	1.17e-17	2.44e-14	1.88e-11	5.98e-09	9.89e-07	1.15e-04	2.72e-02	2.61e-01	7.11e-01
 5.75611e+20	0.00e+00	0.00e+00	0.00e+00	4.76e-31	9.44e-26	2.33e-21	1.58e-17	3.18e-14	2.37e-11	7.25e-09	1.15e-06	1.29e-04	2.91e-02	2.68e-01	7.02e-01
 6.23207e+20	0.00e+00	0.00e+00	0.00e+00	6.86e-31	1.32e-25	3.15e-21	2.07e-17	4.02e-14	2.91e-11	8.63e-09	1.31e-06	1.42e-04	3.09e-02	2.75e-01	6.94e-01
 6.74475e+20	0.00e+00	0.00e+00	0.00e+00	1.01e-30	1.87e-25	4.33e-21	2.75e-17	5.17e-14	3.61e-11	1.04e-08	1.51e-06	1.57e-04	3.29e-02	2.82e-01	6.85e-01
 7.31257e+20	0.00e+00	0.00e+00	0.00e+00	1.53e-30	2.75e-25	6.12e-21	3.74e-17	6.78e-14	4.58e-11	1.26e-08	1.76e-06	1.76e-04	3.53e-02	2.89e-01	6.75e-01
 7.83791e+20	0.00e+00	0.00e+00	0.00e+00	2.23e-30	3.88e-25	8.36e-21	4.94e-17	8.67e-14	5.67e-11	1.51e-08	2.03e-06	1.94e-04	3.75e-02	2.96e-01	6.66e-01
 8.40667e+20	0.00e+00	0.00e+00	0.00e+00	3.33e-30	5.60e-25	1.16e-20	6.64e-17	1.12e-13	7.11e-11	1.83e-08	2.35e-06	2.16e-04	4.00e-02	3.04e-01	6.56e-01
 9.00358e+20	0.00e+00	0.00e+00	0.00e+00	5.02e-30	8.16e-25	1.64e-20	8.99e-17	1.47e-13	8.97e-11	2.22e-08	2.73e-06	2.41e-04	4.28e-02	3.11e-01	6.46e-01
 9.51032e+20	0.00e+00	0.00e+00	0.00e+00	7.06e-30	1.12e-24	2.17e-20	1.16e-16	1.83e-13	1.09e-10	2.61e-08	3.10e-06	2.64e-04	4.52e-02	3.18e-01	6.37e-01
 1.00423e+21	0.00e+00	0.00e+00	0.00e+00	1.00e-29	1.54e-24	2.90e-20	1.50e-16	2.31e-13	1.33e-10	3.08e-08	3.52e-06	2.89e-04	4.78e-02	3.24e-01	6.27e-01
 1.07339e+21	0.00e+00	0.00e+00	0.00e+00	1.57e-29	2.32e-24	4.20e-20	2.09e-16	3.08e-13	1.71e-10	3.81e-08	4.15e-06	3.25e-04	5.13e-02	3.33e-01	6.16e-01
 1.14357e+21	0.00e+00	0.00e+00	0.00e+00	2.44e-29	3.48e-24	6.07e-20	2.90e-16	4.12e-13	2.20e-10	4.70e-08	4.88e-06	3.65e-04	5.50e-02	3.41e-01	6.03e-01
 1.20004e+21	0.00e+00	0.00e+00	0.00e+00	3.45e-29	4.79e-24	8.10e-20	3.75e-16	5.17e-13	2.68e-10	5.54e-08	5.54e-06	4.00e-04	5.81e-02	3.48e-01	5.94e-01
 1.25839e+21	0.00e+00	0.00e+00	0.00e+00	4.91e-29	6.61e-24	1.08e-19	4.87e-16	6.50e-13	3.27e-10	6.54e-08	6.30e-06	4.38e-04	6.13e-02	3.54e-01	5.84e-01
 1.33426e+21	0.00e+00	0.00e+00	0.00e+00	7.68e-29	9.98e-24	1.57e-19	6.78e-16	8.70e-13	4.21e-10	8.09e-08	7.42e-06	4.92e-04	6.57e-02	3.63e-01	5.71e-01
 1.40871e+21	0.00e+00	0.00e+00	0.00e+00	1.18e-28	1.48e-23	2.25e-19	9.33e-16	1.15e-12	5.37e-10	9.91e-08	8.67e-06	5.50e-04	7.02e-02	3.71e-01	5.59e-01
 1.46495e+21	0.00e+00	0.00e+00	0.00e+00	1.62e-28	1.98e-23	2.93e-19	1.18e-15	1.42e-12	6.43e-10	1.15e-07	9.74e-06	5.96e-04	7.37e-02	3.76e-01	5.49e-01
 1.52168e+21	0.00e+00	0.00e+00	0.00e+00	2.23e-28	2.65e-23	3.81e-19	1.49e-15	1.74e-12	7.69e-10	1.34e-07	1.09e-05	6.47e-04	7.73e-02	3.82e-01	5.40e-01
 1.59543e+21	0.00e+00	0.00e+00	0.00e+00	3.32e-28	3.82e-23	5.30e-19	2.01e-15	2.26e-12	9.63e-10	1.61e-07	1.26e-05	7.16e-04	8.20e-02	3.89e-01	5.28e-01
 1.67402e+21	0.00e+00	0.00e+00	0.00e+00	5.04e-28	5.62e-23	7.51e-19	2.74e-15	2.97e-12	1.22e-09	1.96e-07	1.47e-05	7.96e-04	8.72e-02	3.96e-01	5.15e-01
 1.74227e+21	0.00e+00	0.00e+00	1.08e-32	7.19e-28	7.79e-23	1.01e-18	3.57e-15	3.75e-12	1.49e-09	2.32e-07	1.67e-05	8.71e-04	9.19e-02	4.03e-01	5.05e-01
 1.81436e+21	0.00e+00	0.00e+00	1.64e-32	1.04e-27	1.09e-22	1.37e-18	4.68e-15	4.76e-12	1.84e-09	2.75e-07	1.90e-05	9.55e-04	9.70e-02	4.09e-01	4.93e-01
 1.89514e+21	0.00e+00	0.00e+00	2.58e-32	1.56e-27	1.58e-22	1.92e-18	6.33e-15	6.20e-12	2.31e-09	3.33e-07	2.20e-05	1.06e-03	1.03e-01	4.15e-01	4.81e-01
 1.97134e+21	0.00e+00	0.00e+00	3.92e-32	2.26e-27	2.23e-22	2.62e-18	8.35e-15	7.91e-12	2.85e-09	3.96e-07	2.51e-05	1.16e-03	1.08e-01	4.21e-01	4.69e-01
 2.05449e+21	0.00e+00	0.00e+00	6.13e-32	3.37e-27	3.22e-22	3.65e-18	1.12e-14	1.03e-11	3.56e-09	4.77e-07	2.90e-05	1.28e-03	1.15e-01	4.27e-01	4.57e-01
 2.14125e+21	0.00e+00	0.00e+00	9.70e-32	5.06e-27	4.69e-22	5.12e-18	1.52e-14	1.34e-11	4.49e-09	5.77e-07	3.35e-05	1.42e-03	1.21e-01	4.33e-01	4.44e-01
 2.21417e+21	0.00e+00	0.00e+00	1.41e-31	7.09e-27	6.40e-22	6.78e-18	1.95e-14	1.67e-11	5.42e-09	6.75e-07	3.77e-05	1.54e-03	1.27e-01	4.38e-01	4.33e-01
 2.29044e+21	0.00e+00	0.00e+00	2.08e-31	1.00e-26	8.79e-22	9.04e-18	2.52e-14	2.09e-11	6.58e-09	7.92e-07	4.26e-05	1.67e-03	1.33e-01	4.43e-01	4.22e-01
 2.38959e+21	0.00e+00	0.00e+00	3.41e-31	1.55e-26	1.32e-21	1.30e-17	3.50e-14	2.78e-11	8.43e-09	9.72e-07	4.98e-05	1.86e-03	1.41e-01	4.48e-01	4.08e-01
 2.49055e+21	0.00e+00	0.00e+00	5.59e-31	2.41e-26	1.97e-21	1.88e-17	4.85e-14	3.70e-11	1.08e-08	1.19e-06	5.81e-05	2.07e-03	1.50e-01	4.54e-01	3.94e-01
 2.57115e+21	0.00e+00	0.00e+00	8.21e-31	3.39e-26	2.71e-21	2.50e-17	6.26e-14	4.63e-11	1.31e-08	1.40e-06	6.56e-05	2.25e-03	1.57e-01	4.57e-01	3.84e-01
 2.65318e+21	0.00e+00	0.00e+00	1.21e-30	4.77e-26	3.71e-21	3.33e-17	8.08e-14	5.79e-11	1.59e-08	1.64e-06	7.39e-05	2.44e-03	1.64e-01	4.61e-01	3.73e-01
 2.75982e+21	0.00e+00	0.00e+00	1.97e-30	7.37e-26	5.55e-21	4.79e-17	1.12e-13	7.70e-11	2.03e-08	2.00e-06	8.61e-05	2.70e-03	1.73e-01	4.65e-01	3.59e-01
 2.86992e+21	0.00e+00	0.00e+00	3.24e-30	1.15e-25	8.34e-21	6.94e-17	1.56e-13	1.03e-10	2.60e-08	2.45e-06	1.00e-04	3.00e-03	1.83e-01	4.69e-01	3.45e-01
 2.96065e+21	0.00e+00	0.00e+00	4.84e-30	1.64e-25	1.16e-20	9.35e-17	2.03e-13	1.30e-10	3.17e-08	2.89e-06	1.14e-04	3.26e-03	1.91e-01	4.71e-01	3.34e-01
 3.03709e+21	0.00e+00	0.00e+00	6.76e-30	2.20e-25	1.52e-20	1.20e-16	2.54e-13	1.58e-10	3.75e-08	3.32e-06	1.26e-04	3.50e-03	1.99e-01	4.73e-01	3.25e-01
 3.11886e+21	0.00e+00	0.00e+00	9.61e-30	3.01e-25	2.04e-20	1.56e-16	3.20e-13	1.93e-10	4.47e-08	3.83e-06	1.41e-04	3.76e-03	2.06e-01	4.75e-01	3.15e-01
 3.22516e+21	0.00e+00	0.00e+00	1.50e-29	4.46e-25	2.93e-20	2.17e-16	4.31e-13	2.50e-10	5.59e-08	4.60e-06	1.61e-04	4.12e-03	2.16e-01	4.77e-01	3.03e-01
 3.33319e+21	0.00e+00	0.00e+00	2.35e-29	6.64e-25	4.24e-20	3.03e-16	5.80e-13	3.25e-10	6.99e-08	5.52e-06	1.85e-04	4.51e-03	2.26e-01	4.78e-01	2.91e-01
 3.41941e+21	0.00e+00	0.00e+00	3.34e-29	9.06e-25	5.65e-20	3.94e-16	7.33e-13	3.99e-10	8.33e-08	6.38e-06	2.06e-04	4.84e-03	2.35e-01	4.79e-01	2.82e-01
 3.50744e+21	0.00e+00	0.00e+00	4.75e-29	1.24e-24	7.55e-20	5.12e-16	9.27e-13	4.90e-10	9.93e-08	7.36e-06	2.29e-04	5.20e-03	2.43e-01	4.79e-01	2.72e-01
 3.60059e+21	0.00e+00	0.00e+00	6.87e-29	1.71e-24	1.02e-19	6.74e-16	1.19e-12	6.07e-10	1.19e-07	8.56e-06	2.56e-04	5.60e-03	2.52e-01	4.79e-01	2.63e-01
 3.68024e+21	0.00e+00	0.00e+00	9.38e-29	2.26e-24	1.32e-19	8.51e-16	1.46e-12	7.29e-10	1.40e-07	9.73e-06	2.82e-04	5.96e-03	2.60e-01	4.79e-01	2.55e-01
 3.76362e+21	0.00e+00	0.00e+00	1.29e-28	3.00e-24	1.72e-19	1.08e-15	1.81e-12	8.79e-10	1.64e-07	1.11e-05	3.11e-04	6.35e-03	2.68e-01	4.79e-01	2.46e-01
 3.85724e+21	0.00e+00	0.00e+00	1.84e-28	4.10e-24	2.30e-19	1.41e-15	2.29e-12	1.08e-09	1.96e-07	1.28e-05	3.46e-04	6.81e-03	2.78e-01	4.78e-01	2.38e-01
 3.94542e+21	0.00e+00	0.00e+00	2.57e-28	5.48e-24	3.02e-19	1.81e-15	2.86e-12	1.31e-09	2.31e-07	1.47e-05	3.83e-04	7.27e-03	2.86e-01	4.77e-01	2.29e-01
 4.02749e+21	0.00e+00	0.00e+00	3.48e-28	7.16e-24	3.88e-19	2.27e-15	3.51e-12	1.57e-09	2.69e-07	1.66e-05	4.19e-04	7.71e-03	2.94e-01	4.75e-01	2.22e-01
 4.10421e+21	0.00e+00	0.00e+00	4.61e-28	9.18e-24	4.89e-19	2.80e-15	4.24e-12	1.85e-09	3.10e-07	1.86e-05	4.57e-04	8.15e-03	3.02e-01	4.74e-01	2.15e-01
 4.17613e+21	0.00e+00	0.00e+00	5.97e-28	1.15e-23	6.05e-19	3.40e-15	5.05e-12	2.15e-09	3.53e-07	2.07e-05	4.94e-04	8.56e-03	3.09e-01	4.73e-01	2.09e-01
 4.25799e+21	0.00e+00	0.00e+00	8.01e-28	1.49e-23	7.71e-19	4.24e-15	6.15e-12	2.56e-09	4.10e-07	2.33e-05	5.39e-04	9.06e-03	3.17e-01	4.71e-01	2.02e-01
 4.34813e+21	0.00e+00	1.03e-32	1.10e-27	1.98e-23	1.00e-18	5.39e-15	7.63e-12	3.08e-09	4.81e-07	2.66e-05	5.94e-04	9.64e-03	3.26e-01	4.69e-01	1.95e-01
 4.43022e+21	0.00e+00	1.42e-32	1.47e-27	2.54e-23	1.27e-18	6.70e-15	9.27e-12	3.65e-09	5.56e-07	2.99e-05	6.48e-04	1.02e-02	3.35e-01	4.66e-01	1.88e-01
 4.50602e+21	0.00e+00	1.92e-32	1.92e-27	3.20e-23	1.58e-18	8.17e-15	1.11e-11	4.27e-09	6.36e-07	3.33e-05	7.02e-04	1.07e-02	3.42e-01	4.64e-01	1.82e-01
 4.59246e+21	0.00e+00	2.67e-32	2.57e-27	4.15e-23	2.02e-18	1.02e-14	1.35e-11	5.08e-09	7.38e-07	3.76e-05	7.67e-04	1.13e-02	3.51e-01	4.61e-01	1.76e-01
 4.68891e+21	0.00e+00	3.86e-32	3.57e-27	5.52e-23	2.64e-18	1.31e-14	1.69e-11	6.17e-09	8.71e-07	4.30e-05	8.46e-04	1.20e-02	3.60e-01	4.58e-01	1.69e-01
 4.77805e+21	0.00e+00	5.41e-32	4.82e-27	7.17e-23	3.38e-18	1.64e-14	2.07e-11	7.37e-09	1.01e-06	4.86e-05	9.26e-04	1.27e-02	3.69e-01	4.55e-01	1.62e-01
 4.85524e+21	0.00e+00	7.23e-32	6.23e-27	8.97e-23	4.18e-18	1.99e-14	2.47e-11	8.59e-09	1.16e-06	5.40e-05	1.00e-03	1.34e-02	3.77e-01	4.52e-01	1.57e-01
 4.93725e+21	0.00e+00	9.80e-32	8.15e-27	1.13e-22	5.23e-18	2.45e-14	2.97e-11	1.01e-08	1.33e-06	6.04e-05	1.08e-03	1.41e-02	3.85e-01	4.48e-01	1.52e-01
 5.02901e+21	0.00e+00	1.37e-31	1.10e-26	1.47e-22	6.69e-18	3.07e-14	3.64e-11	1.21e-08	1.54e-06	6.83e-05	1.19e-03	1.49e-02	3.94e-01	4.44e-01	1.46e-01
 5.11442e+21	0.00e+00	1.88e-31	1.45e-26	1.87e-22	8.41e-18	3.79e-14	4.40e-11	1.42e-08	1.78e-06	7.65e-05	1.29e-03	1.56e-02	4.02e-01	4.41e-01	1.40e-01
 5.19331e+21	0.00e+00	2.50e-31	1.86e-26	2.33e-22	1.04e-17	4.59e-14	5.23e-11	1.66e-08	2.02e-06	8.49e-05	1.39e-03	1.64e-02	4.10e-01	4.37e-01	1.35e-01
 5.28276e+21	0.00e+00	3.44e-31	2.47e-26	2.97e-22	1.31e-17	5.70e-14	6.36e-11	1.96e-08	2.34e-06	9.55e-05	1.52e-03	1.73e-02	4.19e-01	4.33e-01	1.30e-01
 5.38166e+21	0.00e+00	4.90e-31	3.37e-26	3.89e-22	1.70e-17	7.24e-14	7.89e-11	2.37e-08	2.75e-06	1.09e-04	1.66e-03	1.83e-02	4.28e-01	4.28e-01	1.24e-01
 5.47192e+21	0.00e+00	6.73e-31	4.46e-26	4.95e-22	2.14e-17	8.98e-14	9.58e-11	2.81e-08	3.18e-06	1.22e-04	1.81e-03	1.92e-02	4.37e-01	4.23e-01	1.19e-01
 5.55471e+21	0.00e+00	8.99e-31	5.76e-26	6.17e-22	2.65e-17	1.09e-13	1.14e-10	3.28e-08	3.63e-06	1.36e-04	1.96e-03	2.02e-02	4.44e-01	4.19e-01	1.15e-01
 5.64868e+21	0.00e+00	1.24e-30	7.66e-26	7.89e-22	3.36e-17	1.36e-13	1.40e-10	3.90e-08	4.21e-06	1.53e-04	2.13e-03	2.12e-02	4.53e-01	4.13e-01	1.10e-01
 5.74938e+21	0.00e+00	1.76e-30	1.04e-25	1.02e-21	4.33e-17	1.72e-13	1.73e-10	4.70e-08	4.93e-06	1.74e-04	2.34e-03	2.24e-02	4.63e-01	4.08e-01	1.05e-01
 5.83733e+21	0.00e+00	2.39e-30	1.36e-25	1.29e-21	5.42e-17	2.12e-13	2.09e-10	5.55e-08	5.68e-06	1.95e-04	2.54e-03	2.36e-02	4.71e-01	4.03e-01	1.00e-01
 5.91533e+21	0.00e+00	3.09e-30	1.70e-25	1.56e-21	6.55e-17	2.53e-13	2.45e-10	6.38e-08	6.39e-06	2.14e-04	2.72e-03	2.46e-02	4.78e-01	3.98e-01	9.67e-02
 6.00188e+21	0.00e+00	4.13e-30	2.19e-25	1.94e-21	8.10e-17	3.09e-13	2.94e-10	7.46e-08	7.31e-06	2.38e-04	2.94e-03	2.57e-02	4.85e-01	3.93e-01	9.28e-02
 6.11441e+21	0.00e+00	6.00e-30	3.03e-25	2.56e-21	1.06e-16	3.99e-13	3.71e-10	9.14e-08	8.69e-06	2.74e-04	3.25e-03	2.73e-02	4.95e-01	3.86e-01	8.78e-02
 6.22695e+21	0.00e+00	8.69e-30	4.19e-25	3.37e-21	1.40e-16	5.15e-13	4.68e-10	1.12e-07	1.03e-05	3.14e-04	3.59e-03	2.89e-02	5.05e-01	3.79e-01	8.31e-02
 6.31333e+21	0.00e+00	1.15e-29	5.35e-25	4.15e-21	1.72e-16	6.26e-13	5.58e-10	1.31e-07	1.18e-05	3.49e-04	3.87e-03	3.02e-02	5.12e-01	3.74e-01	7.95e-02
 6.39943e+21	0.00e+00	1.52e-29	6.80e-25	5.09e-21	2.11e-16	7.58e-13	6.65e-10	1.52e-07	1.34e-05	3.87e-04	4.17e-03	3.15e-02	5.20e-01	3.68e-01	7.62e-02
 6.51137e+21	0.00e+00	2.17e-29	9.27e-25	6.61e-21	2.74e-16	9.70e-13	8.33e-10	1.86e-07	1.59e-05	4.43e-04	4.59e-03	3.33e-02	5.29e-01	3.61e-01	7.20e-02
 6.62604e+21	0.00e+00	3.12e-29	1.27e-24	8.61e-21	3.58e-16	1.25e-12	1.05e-09	2.27e-07	1.88e-05	5.08e-04	5.06e-03	3.53e-02	5.38e-01	3.53e-01	6.78e-02
 6.71850e+21	0.00e+00	4.18e-29	1.63e-24	1.06e-20	4.44e-16	1.53e-12	1.26e-09	2.67e-07	2.16e-05	5.67e-04	5.48e-03	3.69e-02	5.45e-01	3.47e-01	6.46e-02
 6.81292e+21	0.00e+00	5.58e-29	2.09e-24	1.31e-20	5.49e-16	1.87e-12	1.52e-09	3.14e-07	2.48e-05	6.32e-04	5.93e-03	3.86e-02	5.52e-01	3.41e-01	6.16e-02
 6.93567e+21	0.00e+00	8.09e-29	2.88e-24	1.71e-20	7.23e-16	2.43e-12	1.93e-09	3.87e-07	2.96e-05	7.28e-04	6.56e-03	4.09e-02	5.61e-01	3.33e-01	5.77e-02
 7.06006e+21	0.00e+00	1.18e-28	3.97e-24	2.24e-20	9.53e-16	3.16e-12	2.46e-09	4.79e-07	3.54e-05	8.40e-04	7.26e-03	4.33e-02	5.70e-01	3.24e-01	5.40e-02
 7.15787e+21	0.00e+00	1.57e-28	5.09e-24	2.75e-20	1.18e-15	3.88e-12	2.97e-09	5.64e-07	4.07e-05	9.38e-04	7.86e-03	4.53e-02	5.77e-01	3.18e-01	5.13e-02
 7.25634e+21	0.00e+00	2.09e-28	6.50e-24	3.37e-20	1.46e-15	4.75e-12	3.58e-09	6.64e-07	4.66e-05	1.05e-03	8.49e-03	4.73e-02	5.83e-01	3.11e-01	4.86e-02
 7.38436e+21	0.00e+00	3.01e-28	8.87e-24	4.36e-20	1.91e-15	6.15e-12	4.55e-09	8.18e-07	5.56e-05	1.20e-03	9.39e-03	5.01e-02	5.91e-01	3.02e-01	4.54e-02
 7.51759e+21	0.00e+00	4.37e-28	1.22e-23	5.67e-20	2.52e-15	8.03e-12	5.81e-09	1.01e-06	6.67e-05	1.39e-03	1.04e-02	5.30e-02	5.99e-01	2.94e-01	4.23e-02
 7.62304e+21	0.00e+00	5.84e-28	1.56e-23	6.95e-20	3.13e-15	9.87e-12	7.04e-09	1.20e-06	7.68e-05	1.55e-03	1.13e-02	5.54e-02	6.05e-01	2.87e-01	3.99e-02
 7.70992e+21	0.00e+00	7.42e-28	1.91e-23	8.20e-20	3.74e-15	1.17e-11	8.26e-09	1.38e-06	8.64e-05	1.71e-03	1.20e-02	5.75e-02	6.10e-01	2.81e-01	3.80e-02
 7.80725e+21	0.00e+00	9.55e-28	2.37e-23	9.79e-20	4.50e-15	1.40e-11	9.74e-09	1.60e-06	9.75e-05	1.88e-03	1.29e-02	5.97e-02	6.15e-01	2.75e-01	3.61e-02
 7.93378e+21	0.00e+00	1.32e-27	3.13e-23	1.23e-19	5.74e-15	1.77e-11	1.21e-08	1.93e-06	1.14e-04	2.13e-03	1.41e-02	6.27e-02	6.21e-01	2.67e-01	3.38e-02
 8.06540e+21	0.00e+00	1.85e-27	4.16e-23	1.55e-19	7.35e-15	2.25e-11	1.51e-08	2.35e-06	1.35e-04	2.42e-03	1.54e-02	6.59e-02	6.26e-01	2.58e-01	3.14e-02
 8.17505e+21	0.00e+00	2.43e-27	5.24e-23	1.87e-19	8.99e-15	2.74e-11	1.81e-08	2.75e-06	1.54e-04	2.69e-03	1.66e-02	6.86e-02	6.30e-01	2.52e-01	2.96e-02
 8.28903e+21	0.00e+00	3.20e-27	6.62e-23	2.26e-19	1.10e-14	3.33e-11	2.17e-08	3.23e-06	1.76e-04	2.99e-03	1.79e-02	7.15e-02	6.35e-01	2.45e-01	2.79e-02
 8.43721e+21	0.00e+00	4.53e-27	8.90e-23	2.88e-19	1.43e-14	4.28e-11	2.74e-08	3.96e-06	2.08e-04	3.42e-03	1.97e-02	7.52e-02	6.39e-01	2.36e-01	2.58e-02
 8.58821e+21	0.00e+00	6.43e-27	1.20e-22	3.67e-19	1.84e-14	5.48e-11	3.45e-08	4.85e-06	2.46e-04	3.90e-03	2.16e-02	7.91e-02	6.43e-01	2.28e-01	2.38e-02
 8.71005e+21	0.00e+00	8.46e-27	1.51e-22	4.43e-19	2.25e-14	6.66e-11	4.14e-08	5.69e-06	2.81e-04	4.33e-03	2.32e-02	8.22e-02	6.46e-01	2.21e-01	2.24e-02
 8.83562e+21	0.00e+00	1.11e-26	1.90e-22	5.36e-19	2.75e-14	8.09e-11	4.96e-08	6.67e-06	3.20e-04	4.80e-03	2.50e-02	8.55e-02	6.49e-01	2.15e-01	2.10e-02
 8.99885e+21	0.00e+00	1.58e-26	2.56e-22	6.81e-19	3.55e-14	1.03e-10	6.23e-08	8.15e-06	3.78e-04	5.47e-03	2.74e-02	8.97e-02	6.52e-01	2.06e-01	1.93e-02
 9.16764e+21	1.01e-32	2.24e-26	3.45e-22	8.70e-19	4.58e-14	1.32e-10	7.84e-08	9.99e-06	4.47e-04	6.23e-03	3.00e-02	9.41e-02	6.54e-01	1.98e-01	1.77e-02
 9.30743e+21	1.40e-32	2.98e-26	4.40e-22	1.06e-18	5.62e-14	1.62e-10	9.43e-08	1.18e-05	5.11e-04	6.92e-03	3.22e-02	9.77e-02	6.55e-01	1.91e-01	1.65e-02
 9.43100e+21	1.85e-32	3.81e-26	5.42e-22	1.26e-18	6.71e-14	1.92e-10	1.11e-07	1.35e-05	5.73e-04	7.57e-03	3.43e-02	1.01e-01	6.55e-01	1.86e-01	1.56e-02
 9.56972e+21	2.52e-32	5.00e-26	6.83e-22	1.52e-18	8.13e-14	2.31e-10	1.31e-07	1.58e-05	6.50e-04	8.35e-03	3.67e-02	1.05e-01	6.56e-01	1.79e-01	1.46e-02
 9.72390e+21	3.53e-32	6.71e-26	8.78e-22	1.87e-18	1.00e-13	2.83e-10	1.59e-07	1.86e-05	7.45e-04	9.28e-03	3.94e-02	1.09e-01	6.56e-01	1.73e-01	1.35e-02
 9.86658e+21	4.80e-32	8.77e-26	1.10e-21	2.25e-18	1.21e-13	3.40e-10	1.88e-07	2.16e-05	8.42e-04	1.02e-02	4.21e-02	1.12e-01	6.55e-01	1.67e-01	1.26e-02
 9.99997e+21	6.34e-32	1.12e-25	1.36e-21	2.68e-18	1.44e-13	4.01e-10	2.20e-07	2.48e-05	9.41e-04	1.11e-02	4.46e-02	1.16e-01	6.54e-01	1.62e-01	1.19e-02
 1.01529e+22	8.68e-32	1.48e-25	1.72e-21	3.25e-18	1.75e-13	4.83e-10	2.61e-07	2.88e-05	1.06e-03	1.22e-02	4.76e-02	1.19e-01	6.53e-01	1.56e-01	1.10e-02
 1.03244e+22	1.23e-31	2.00e-25	2.23e-21	4.03e-18	2.16e-13	5.92e-10	3.15e-07	3.41e-05	1.22e-03	1.36e-02	5.11e-02	1.24e-01	6.51e-01	1.49e-01	1.02e-02
 1.04856e+22	1.69e-31	2.65e-25	2.84e-21	4.91e-18	2.62e-13	7.13e-10	3.75e-07	3.97e-05	1.38e-03	1.49e-02	5.45e-02	1.28e-01	6.48e-01	1.44e-01	9.47e-03
 1.06372e+22	2.26e-31	3.43e-25	3.54e-21	5.90e-18	3.13e-13	8.46e-10	4.39e-07	4.56e-05	1.54e-03	1.63e-02	5.77e-02	1.31e-01	6.46e-01	1.39e-01	8.84e-03
 1.08108e+22	3.13e-31	4.57e-25	4.54e-21	7.25e-18	3.81e-13	1.02e-09	5.24e-07	5.33e-05	1.75e-03	1.79e-02	6.15e-02	1.35e-01	6.42e-01	1.33e-01	8.18e-03
 1.09923e+22	4.39e-31	6.17e-25	5.87e-21	8.98e-18	4.67e-13	1.24e-09	6.27e-07	6.25e-05	1.99e-03	1.98e-02	6.56e-02	1.40e-01	6.38e-01	1.27e-01	7.54e-03
 1.11447e+22	5.80e-31	7.89e-25	7.26e-21	1.07e-17	5.52e-13	1.46e-09	7.27e-07	7.12e-05	2.21e-03	2.14e-02	6.91e-02	1.43e-01	6.34e-01	1.23e-01	7.05e-03
 1.13036e+22	7.69e-31	1.01e-24	9.02e-21	1.28e-17	6.54e-13	1.71e-09	8.44e-07	8.11e-05	2.45e-03	2.32e-02	7.28e-02	1.47e-01	6.30e-01	1.18e-01	6.59e-03
 1.15102e+22	1.10e-30	1.39e-24	1.19e-20	1.62e-17	8.10e-13	2.10e-09	1.02e-06	9.58e-05	2.80e-03	2.56e-02	7.77e-02	1.51e-01	6.24e-01	1.12e-01	6.03e-03
 1.17208e+22	1.58e-30	1.92e-24	1.57e-20	2.04e-17	1.00e-12	2.58e-09	1.23e-06	1.13e-04	3.20e-03	2.83e-02	8.29e-02	1.55e-01	6.18e-01	1.07e-01	5.51e-03
 1.18908e+22	2.11e-30	2.48e-24	1.96e-20	2.46e-17	1.19e-12	3.03e-09	1.43e-06	1.29e-04	3.54e-03	3.06e-02	8.71e-02	1.59e-01	6.12e-01	1.03e-01	5.13e-03
 1.20660e+22	2.80e-30	3.21e-24	2.44e-20	2.96e-17	1.41e-12	3.56e-09	1.66e-06	1.47e-04	3.93e-03	3.31e-02	9.15e-02	1.62e-01	6.06e-01	9.84e-02	4.77e-03
 1.22938e+22	4.04e-30	4.44e-24	3.25e-20	3.76e-17	1.75e-12	4.36e-09	2.00e-06	1.73e-04	4.47e-03	3.64e-02	9.72e-02	1.66e-01	5.98e-01	9.33e-02	4.34e-03
 1.25315e+22	5.87e-30	6.21e-24	4.35e-20	4.81e-17	2.18e-12	5.37e-09	2.42e-06	2.04e-04	5.10e-03	4.01e-02	1.03e-01	1.71e-01	5.89e-01	8.82e-02	3.94e-03
 1.27315e+22	7.98e-30	8.19e-24	5.53e-20	5.90e-17	2.62e-12	6.38e-09	2.83e-06	2.34e-04	5.68e-03	4.34e-02	1.08e-01	1.74e-01	5.81e-01	8.41e-02	3.63e-03
 1.29410e+22	1.09e-29	1.08e-23	7.07e-20	7.27e-17	3.15e-12	7.58e-09	3.31e-06	2.68e-04	6.33e-03	4.70e-02	1.14e-01	1.77e-01	5.72e-01	8.01e-02	3.34e-03
 1.32132e+22	1.62e-29	1.55e-23	9.67e-20	9.48e-17	3.99e-12	9.44e-09	4.04e-06	3.19e-04	7.24e-03	5.19e-02	1.21e-01	1.81e-01	5.61e-01	7.51e-02	3.01e-03
 1.34790e+22	2.37e-29	2.19e-23	1.31e-19	1.23e-16	5.00e-12	1.16e-08	4.89e-06	3.76e-04	8.24e-03	5.70e-02	1.28e-01	1.85e-01	5.49e-01	7.05e-02	2.71e-03
 1.36776e+22	3.13e-29	2.82e-23	1.63e-19	1.48e-16	5.89e-12	1.36e-08	5.61e-06	4.24e-04	9.04e-03	6.10e-02	1.33e-01	1.87e-01	5.40e-01	6.73e-02	2.51e-03
 1.38769e+22	4.12e-29	3.61e-23	2.03e-19	1.78e-16	6.92e-12	1.58e-08	6.43e-06	4.77e-04	9.90e-03	6.51e-02	1.38e-01	1.89e-01	5.31e-01	6.42e-02	2.32e-03
 1.41361e+22	5.78e-29	4.92e-23	2.66e-19	2.25e-16	8.49e-12	1.90e-08	7.60e-06	5.50e-04	1.11e-02	7.04e-02	1.44e-01	1.92e-01	5.19e-01	6.06e-02	2.11e-03
 1.44208e+22	8.40e-29	6.92e-23	3.59e-19	2.90e-16	1.06e-11	2.33e-08	9.14e-06	6.45e-04	1.25e-02	7.68e-02	1.52e-01	1.94e-01	5.05e-01	5.66e-02	1.89e-03
 1.46773e+22	1.16e-28	9.34e-23	4.67e-19	3.63e-16	1.29e-11	2.79e-08	1.07e-05	7.40e-04	1.39e-02	8.27e-02	1.58e-01	1.96e-01	4.93e-01	5.32e-02	1.72e-03
 1.49494e+22	1.62e-28	1.27e-22	6.12e-19	4.58e-16	1.57e-11	3.35e-08	1.26e-05	8.49e-04	1.54e-02	8.90e-02	1.65e-01	1.98e-01	4.81e-01	5.00e-02	1.56e-03
 1.53031e+22	2.48e-28	1.87e-22	8.63e-19	6.15e-16	2.02e-11	4.22e-08	1.55e-05	1.01e-03	1.76e-02	9.77e-02	1.73e-01	2.00e-01	4.63e-01	4.60e-02	1.37e-03
 1.56646e+22	3.78e-28	2.77e-22	1.22e-18	8.26e-16	2.61e-11	5.31e-08	1.91e-05	1.21e-03	2.01e-02	1.07e-01	1.81e-01	2.01e-01	4.46e-01	4.23e-02	1.20e-03
 1.59437e+22	5.18e-28	3.72e-22	1.58e-18	1.03e-15	3.16e-11	6.32e-08	2.22e-05	1.37e-03	2.22e-02	1.14e-01	1.87e-01	2.02e-01	4.32e-01	3.96e-02	1.08e-03
 1.62142e+22	6.96e-28	4.90e-22	2.02e-18	1.27e-15	3.78e-11	7.43e-08	2.56e-05	1.55e-03	2.43e-02	1.21e-01	1.93e-01	2.02e-01	4.20e-01	3.71e-02	9.85e-04
 1.65657e+22	1.01e-27	6.94e-22	2.75e-18	1.66e-15	4.75e-11	9.11e-08	3.06e-05	1.80e-03	2.71e-02	1.31e-01	2.00e-01	2.02e-01	4.03e-01	3.43e-02	8.72e-04
 1.69406e+22	1.49e-27	1.01e-21	3.80e-18	2.20e-15	6.01e-11	1.13e-07	3.70e-05	2.11e-03	3.05e-02	1.41e-01	2.07e-01	2.01e-01	3.85e-01	3.13e-02	7.61e-04
 1.72541e+22	2.05e-27	1.36e-21	4.96e-18	2.76e-15	7.30e-11	1.34e-07	4.31e-05	2.40e-03	3.35e-02	1.50e-01	2.13e-01	2.01e-01	3.71e-01	2.90e-02	6.81e-04
 1.75277e+22	2.67e-27	1.75e-21	6.21e-18	3.35e-15	8.60e-11	1.55e-07	4.90e-05	2.67e-03	3.62e-02	1.58e-01	2.18e-01	2.00e-01	3.58e-01	2.72e-02	6.19e-04
 1.78409e+22	3.60e-27	2.33e-21	7.99e-18	4.16e-15	1.03e-10	1.83e-07	5.65e-05	3.00e-03	3.95e-02	1.67e-01	2.23e-01	1.98e-01	3.44e-01	2.52e-02	5.55e-04
 1.82481e+22	5.21e-27	3.33e-21	1.10e-17	5.45e-15	1.30e-10	2.25e-07	6.74e-05	3.47e-03	4.39e-02	1.78e-01	2.28e-01	1.96e-01	3.27e-01	2.30e-02	4.84e-04
 1.86700e+22	7.62e-27	4.82e-21	1.52e-17	7.21e-15	1.65e-10	2.77e-07	8.09e-05	4.04e-03	4.89e-02	1.90e-01	2.34e-01	1.93e-01	3.09e-01	2.07e-02	4.17e-04
 1.90157e+22	1.03e-26	6.47e-21	1.97e-17	9.01e-15	1.98e-10	3.27e-07	9.35e-05	4.55e-03	5.32e-02	2.00e-01	2.38e-01	1.90e-01	2.94e-01	1.90e-02	3.69e-04
 1.93699e+22	1.38e-26	8.65e-21	2.54e-17	1.12e-14	2.39e-10	3.85e-07	1.08e-04	5.11e-03	5.77e-02	2.10e-01	2.41e-01	1.87e-01	2.80e-01	1.75e-02	3.27e-04
 1.98304e+22	1.99e-26	1.25e-20	3.51e-17	1.48e-14	3.01e-10	4.73e-07	1.28e-04	5.89e-03	6.37e-02	2.23e-01	2.45e-01	1.83e-01	2.63e-01	1.57e-02	2.81e-04
 2.03085e+22	2.89e-26	1.82e-20	4.90e-17	1.97e-14	3.82e-10	5.83e-07	1.54e-04	6.83e-03	7.06e-02	2.36e-01	2.49e-01	1.78e-01	2.45e-01	1.39e-02	2.38e-04
 2.07022e+22	3.88e-26	2.46e-20	6.38e-17	2.47e-14	4.61e-10	6.88e-07	1.77e-04	7.67e-03	7.65e-02	2.47e-01	2.51e-01	1.74e-01	2.31e-01	1.26e-02	2.08e-04
 2.11066e+22	5.20e-26	3.31e-20	8.30e-17	3.09e-14	5.56e-10	8.11e-07	2.04e-04	8.59e-03	8.26e-02	2.58e-01	2.52e-01	1.70e-01	2.17e-01	1.14e-02	1.81e-04
 2.16324e+22	7.48e-26	4.83e-20	1.16e-16	4.10e-14	7.03e-10	9.96e-07	2.43e-04	9.89e-03	9.08e-02	2.71e-01	2.53e-01	1.64e-01	2.01e-01	1.01e-02	1.52e-04
 2.21793e+22	1.08e-25	7.11e-20	1.63e-16	5.48e-14	8.94e-10	1.23e-06	2.90e-04	1.14e-02	9.98e-02	2.84e-01	2.54e-01	1.58e-01	1.84e-01	8.78e-03	1.26e-04
 2.26017e+22	1.41e-25	9.52e-20	2.10e-16	6.81e-14	1.07e-09	1.44e-06	3.31e-04	1.27e-02	1.07e-01	2.94e-01	2.53e-01	1.52e-01	1.72e-01	7.89e-03	1.09e-04
 2.29372e+22	1.73e-25	1.19e-19	2.56e-16	8.07e-14	1.23e-09	1.62e-06	3.67e-04	1.38e-02	1.13e-01	3.02e-01	2.53e-01	1.48e-01	1.63e-01	7.26e-03	9.74e-05
 2.33118e+22	2.17e-25	1.52e-19	3.18e-16	9.69e-14	1.43e-09	1.85e-06	4.10e-04	1.50e-02	1.19e-01	3.10e-01	2.51e-01	1.44e-01	1.53e-01	6.62e-03	8.59e-05
 2.37988e+22	2.88e-25	2.08e-19	4.16e-16	1.22e-13	1.73e-09	2.18e-06	4.70e-04	1.68e-02	1.28e-01	3.20e-01	2.49e-01	1.38e-01	1.42e-01	5.88e-03	7.33e-05
 2.43257e+22	3.88e-25	2.90e-19	5.58e-16	1.56e-13	2.12e-09	2.60e-06	5.45e-04	1.89e-02	1.38e-01	3.30e-01	2.47e-01	1.32e-01	1.30e-01	5.14e-03	6.13e-05
 2.47886e+22	4.97e-25	3.86e-19	7.18e-16	1.93e-13	2.52e-09	3.01e-06	6.18e-04	2.08e-02	1.46e-01	3.38e-01	2.44e-01	1.26e-01	1.20e-01	4.57e-03	5.24e-05
 2.52744e+22	6.40e-25	5.14e-19	9.22e-16	2.39e-13	2.99e-09	3.50e-06	7.00e-04	2.29e-02	1.55e-01	3.45e-01	2.40e-01	1.21e-01	1.11e-01	4.06e-03	4.48e-05
 2.59059e+22	8.81e-25	7.43e-19	1.27e-15	3.14e-13	3.73e-09	4.23e-06	8.20e-04	2.60e-02	1.67e-01	3.55e-01	2.35e-01	1.14e-01	9.96e-02	3.47e-03	3.64e-05
 2.65417e+22	1.19e-24	1.07e-18	1.75e-15	4.12e-13	4.64e-09	5.10e-06	9.59e-04	2.93e-02	1.79e-01	3.63e-01	2.29e-01	1.06e-01	8.92e-02	2.95e-03	2.94e-05
 2.70431e+22	1.49e-24	1.42e-18	2.24e-15	5.08e-13	5.49e-09	5.89e-06	1.08e-03	3.22e-02	1.89e-01	3.68e-01	2.24e-01	1.01e-01	8.17e-02	2.60e-03	2.49e-05
 2.75552e+22	1.88e-24	1.88e-18	2.86e-15	6.23e-13	6.48e-09	6.78e-06	1.21e-03	3.52e-02	1.99e-01	3.73e-01	2.19e-01	9.59e-02	7.48e-02	2.29e-03	2.11e-05
 2.82208e+22	2.51e-24	2.67e-18	3.89e-15	8.08e-13	7.97e-09	8.08e-06	1.40e-03	3.93e-02	2.11e-01	3.78e-01	2.11e-01	8.94e-02	6.67e-02	1.94e-03	1.70e-05
 2.89261e+22	3.35e-24	3.86e-18	5.37e-15	1.06e-12	9.92e-09	9.73e-06	1.63e-03	4.42e-02	2.25e-01	3.83e-01	2.03e-01	8.27e-02	5.89e-02	1.62e-03	1.35e-05
 2.95278e+22	4.24e-24	5.28e-18	7.05e-15	1.34e-12	1.19e-08	1.14e-05	1.85e-03	4.87e-02	2.37e-01	3.85e-01	1.96e-01	7.73e-02	5.28e-02	1.39e-03	1.11e-05
 3.01548e+22	5.36e-24	7.17e-18	9.22e-15	1.68e-12	1.43e-08	1.32e-05	2.09e-03	5.34e-02	2.48e-01	3.87e-01	1.89e-01	7.22e-02	4.74e-02	1.20e-03	9.11e-06
 3.09700e+22	7.19e-24	1.06e-17	1.30e-14	2.24e-12	1.80e-08	1.60e-05	2.44e-03	6.01e-02	2.63e-01	3.88e-01	1.79e-01	6.58e-02	4.11e-02	9.79e-04	7.05e-06
 3.18016e+22	9.55e-24	1.58e-17	1.84e-14	3.01e-12	2.27e-08	1.95e-05	2.86e-03	6.76e-02	2.78e-01	3.87e-01	1.69e-01	5.97e-02	3.54e-02	7.94e-04	5.39e-06
 3.24282e+22	1.17e-23	2.14e-17	2.39e-14	3.76e-12	2.71e-08	2.25e-05	3.22e-03	7.37e-02	2.89e-01	3.85e-01	1.61e-01	5.53e-02	3.15e-02	6.77e-04	4.40e-06
 3.29331e+22	1.37e-23	2.67e-17	2.92e-14	4.45e-12	3.09e-08	2.51e-05	3.51e-03	7.86e-02	2.97e-01	3.83e-01	1.56e-01	5.22e-02	2.89e-02	6.00e-04	3.77e-06
 3.35059e+22	1.64e-23	3.45e-17	3.65e-14	5.38e-12	3.60e-08	2.85e-05	3.87e-03	8.44e-02	3.07e-01	3.81e-01	1.49e-01	4.88e-02	2.61e-02	5.21e-04	3.16e-06
 3.42505e+22	2.06e-23	4.76e-17	4.84e-14	6.84e-12	4.35e-08	3.32e-05	4.37e-03	9.23e-02	3.18e-01	3.77e-01	1.41e-01	4.47e-02	2.29e-02	4.36e-04	2.52e-06
 3.50636e+22	2.60e-23	6.77e-17	6.59e-14	8.90e-12	5.35e-08	3.94e-05	4.99e-03	1.02e-01	3.30e-01	3.71e-01	1.32e-01	4.04e-02	1.98e-02	3.57e-04	1.96e-06
 3.57794e+22	3.17e-23	9.18e-17	8.61e-14	1.12e-11	6.41e-08	4.56e-05	5.59e-03	1.10e-01	3.41e-01	3.65e-01	1.24e-01	3.70e-02	1.74e-02	3.00e-04	1.57e-06
 3.64195e+22	3.77e-23	1.20e-16	1.09e-13	1.37e-11	7.51e-08	5.18e-05	6.18e-03	1.18e-01	3.49e-01	3.59e-01	1.17e-01	3.42e-02	1.55e-02	2.57e-04	1.29e-06
 3.71474e+22	4.55e-23	1.60e-16	1.40e-13	1.70e-11	8.91e-08	5.94e-05	6.86e-03	1.27e-01	3.58e-01	3.52e-01	1.10e-01	3.13e-02	1.37e-02	2.17e-04	1.04e-06
 3.80937e+22	5.79e-23	2.30e-16	1.94e-13	2.24e-11	1.11e-07	7.07e-05	7.84e-03	1.40e-01	3.69e-01	3.42e-01	1.02e-01	2.79e-02	1.16e-02	1.74e-04	7.94e-07
 3.90655e+22	7.37e-23	3.35e-16	2.70e-13	2.98e-11	1.39e-07	8.46e-05	8.97e-03	1.53e-01	3.79e-01	3.31e-01	9.30e-02	2.47e-02	9.75e-03	1.38e-04	5.96e-07
 3.98510e+22	8.75e-23	4.51e-16	3.51e-13	3.74e-11	1.66e-07	9.75e-05	9.98e-03	1.65e-01	3.86e-01	3.22e-01	8.64e-02	2.24e-02	8.47e-03	1.15e-04	4.72e-07
 4.06530e+22	1.05e-22	5.97e-16	4.51e-13	4.64e-11	1.97e-07	1.11e-04	1.10e-02	1.76e-01	3.92e-01	3.13e-01	8.04e-02	2.03e-02	7.41e-03	9.61e-05	3.79e-07
 4.16955e+22	1.32e-22	8.55e-16	6.21e-13	6.12e-11	2.45e-07	1.32e-04	1.25e-02	1.91e-01	3.99e-01	3.00e-01	7.31e-02	1.79e-02	6.21e-03	7.62e-05	2.84e-07
 4.27903e+22	1.66e-22	1.24e-15	8.66e-13	8.17e-11	3.08e-07	1.58e-04	1.42e-02	2.08e-01	4.05e-01	2.86e-01	6.58e-02	1.56e-02	5.15e-03	5.96e-05	2.10e-07
 4.37123e+22	1.99e-22	1.69e-15	1.14e-12	1.04e-10	3.71e-07	1.82e-04	1.58e-02	2.22e-01	4.09e-01	2.75e-01	6.03e-02	1.39e-02	4.40e-03	4.85e-05	1.63e-07
 4.46701e+22	2.41e-22	2.27e-15	1.48e-12	1.30e-10	4.45e-07	2.10e-04	1.75e-02	2.36e-01	4.11e-01	2.63e-01	5.51e-02	1.24e-02	3.77e-03	3.96e-05	1.27e-07
 4.59152e+22	3.07e-22	3.29e-15	2.07e-12	1.75e-10	5.60e-07	2.50e-04	1.98e-02	2.55e-01	4.14e-01	2.48e-01	4.91e-02	1.07e-02	3.08e-03	3.06e-05	0.00e+00
 4.72171e+22	3.91e-22	4.84e-15	2.92e-12	2.36e-10	7.10e-07	2.99e-04	2.25e-02	2.75e-01	4.14e-01	2.33e-01	4.33e-02	9.14e-03	2.49e-03	2.32e-05	0.00e+00
 4.83105e+22	4.75e-22	6.61e-15	3.87e-12	3.02e-10	8.60e-07	3.46e-04	2.50e-02	2.92e-01	4.13e-01	2.20e-01	3.89e-02	8.01e-03	2.09e-03	1.85e-05	0.00e+00
 4.92139e+22	5.58e-22	8.51e-15	4.85e-12	3.68e-10	1.01e-06	3.89e-04	2.71e-02	3.06e-01	4.12e-01	2.10e-01	3.56e-02	7.17e-03	1.81e-03	1.53e-05	0.00e+00
 5.01523e+22	6.56e-22	1.08e-14	6.01e-12	4.44e-10	1.16e-06	4.35e-04	2.92e-02	3.19e-01	4.10e-01	2.00e-01	3.27e-02	6.45e-03	1.57e-03	1.28e-05	0.00e+00
 5.13721e+22	8.07e-22	1.46e-14	7.89e-12	5.64e-10	1.40e-06	5.00e-04	3.22e-02	3.36e-01	4.06e-01	1.88e-01	2.93e-02	5.62e-03	1.31e-03	1.02e-05	0.00e+00
 5.26598e+22	9.97e-22	2.01e-14	1.05e-11	7.26e-10	1.71e-06	5.79e-04	3.55e-02	3.55e-01	4.02e-01	1.76e-01	2.60e-02	4.84e-03	1.08e-03	7.95e-06	0.00e+00
 5.37524e+22	1.19e-21	2.60e-14	1.33e-11	8.93e-10	2.01e-06	6.52e-04	3.85e-02	3.70e-01	3.97e-01	1.66e-01	2.34e-02	4.27e-03	9.17e-04	6.47e-06	0.00e+00
 5.48896e+22	1.42e-21	3.35e-14	1.67e-11	1.09e-09	2.35e-06	7.31e-04	4.16e-02	3.84e-01	3.91e-01	1.56e-01	2.12e-02	3.78e-03	7.81e-04	5.28e-06	0.00e+00
 5.63679e+22	1.78e-21	4.57e-14	2.21e-11	1.40e-09	2.85e-06	8.43e-04	4.57e-02	4.02e-01	3.84e-01	1.45e-01	1.86e-02	3.23e-03	6.38e-04	4.09e-06	0.00e+00
 5.78891e+22	2.23e-21	6.32e-14	2.97e-11	1.81e-09	3.48e-06	9.76e-04	5.02e-02	4.21e-01	3.75e-01	1.33e-01	1.62e-02	2.73e-03	5.15e-04	3.12e-06	0.00e+00
 5.91153e+22	2.65e-21	8.13e-14	3.73e-11	2.22e-09	4.07e-06	1.09e-03	5.41e-02	4.35e-01	3.67e-01	1.25e-01	1.45e-02	2.39e-03	4.34e-04	2.52e-06	0.00e+00
 6.03585e+22	3.15e-21	1.02e-13	4.59e-11	2.67e-09	4.70e-06	1.21e-03	5.78e-02	4.48e-01	3.60e-01	1.17e-01	1.31e-02	2.11e-03	3.71e-04	2.07e-06	0.00e+00
 6.19746e+22	3.92e-21	1.37e-13	5.98e-11	3.36e-09	5.62e-06	1.38e-03	6.28e-02	4.64e-01	3.50e-01	1.08e-01	1.15e-02	1.80e-03	3.03e-04	1.60e-06	0.00e+00
 6.36981e+22	4.92e-21	1.86e-13	7.92e-11	4.32e-09	6.81e-06	1.58e-03	6.85e-02	4.81e-01	3.39e-01	9.85e-02	9.94e-03	1.51e-03	2.43e-04	1.22e-06	0.00e+00
 6.51771e+22	5.92e-21	2.41e-13	1.00e-10	5.32e-09	8.00e-06	1.78e-03	7.35e-02	4.94e-01	3.29e-01	9.10e-02	8.77e-03	1.31e-03	2.01e-04	9.62e-07	0.00e+00
 6.67159e+22	7.13e-21	3.06e-13	1.25e-10	6.45e-09	9.28e-06	1.97e-03	7.85e-02	5.06e-01	3.20e-01	8.44e-02	7.80e-03	1.14e-03	1.69e-04	7.72e-07	0.00e+00
 6.87164e+22	8.98e-21	4.13e-13	1.64e-10	8.22e-09	1.12e-05	2.25e-03	8.50e-02	5.21e-01	3.07e-01	7.66e-02	6.71e-03	9.50e-04	1.35e-04	5.84e-07	0.00e+00
 7.08261e+22	1.14e-20	5.69e-13	2.19e-10	1.06e-08	1.36e-05	2.59e-03	9.25e-02	5.35e-01	2.94e-01	6.89e-02	5.70e-03	7.82e-04	1.06e-04	4.31e-07	0.00e+00
 7.25984e+22	1.39e-20	7.37e-13	2.78e-10	1.32e-08	1.60e-05	2.90e-03	9.90e-02	5.47e-01	2.83e-01	6.29e-02	4.96e-03	6.65e-04	8.63e-05	3.35e-07	0.00e+00
 7.44234e+22	1.67e-20	9.33e-13	3.45e-10	1.59e-08	1.85e-05	3.21e-03	1.05e-01	5.56e-01	2.72e-01	5.79e-02	4.38e-03	5.73e-04	7.17e-05	2.67e-07	0.00e+00
 7.67958e+22	2.11e-20	1.25e-12	4.51e-10	2.03e-08	2.23e-05	3.65e-03	1.13e-01	5.67e-01	2.59e-01	5.20e-02	3.72e-03	4.74e-04	5.67e-05	1.99e-07	0.00e+00
 7.93602e+22	2.70e-20	1.72e-12	6.05e-10	2.63e-08	2.72e-05	4.19e-03	1.22e-01	5.78e-01	2.45e-01	4.61e-02	3.11e-03	3.85e-04	4.37e-05	1.44e-07	0.00e+00
 8.13864e+22	3.26e-20	2.21e-12	7.61e-10	3.24e-08	3.17e-05	4.66e-03	1.30e-01	5.86e-01	2.34e-01	4.19e-02	2.70e-03	3.26e-04	3.55e-05	0.00e+00	0.00e+00
 8.28862e+22	3.71e-20	2.62e-12	8.90e-10	3.72e-08	3.53e-05	5.01e-03	1.36e-01	5.91e-01	2.27e-01	3.92e-02	2.44e-03	2.90e-04	3.08e-05	0.00e+00	0.00e+00
 8.44897e+22	4.27e-20	3.11e-12	1.04e-09	4.28e-08	3.92e-05	5.39e-03	1.41e-01	5.95e-01	2.19e-01	3.66e-02	2.21e-03	2.58e-04	2.67e-05	0.00e+00	0.00e+00
 8.65742e+22	5.04e-20	3.84e-12	1.26e-09	5.09e-08	4.47e-05	5.89e-03	1.48e-01	6.00e-01	2.10e-01	3.36e-02	1.95e-03	2.24e-04	2.23e-05	0.00e+00	0.00e+00
 8.92841e+22	6.20e-20	4.97e-12	1.61e-09	6.32e-08	5.26e-05	6.58e-03	1.57e-01	6.05e-01	1.99e-01	3.01e-02	1.67e-03	1.86e-04	1.78e-05	0.00e+00	0.00e+00
 9.21058e+22	7.71e-20	6.57e-12	2.08e-09	7.97e-08	6.27e-05	7.40e-03	1.68e-01	6.10e-01	1.87e-01	2.67e-02	1.40e-03	1.53e-04	1.40e-05	0.00e+00	0.00e+00
 9.44012e+22	9.10e-20	8.15e-12	2.53e-09	9.53e-08	7.17e-05	8.11e-03	1.76e-01	6.12e-01	1.78e-01	2.43e-02	1.23e-03	1.31e-04	1.15e-05	0.00e+00	0.00e+00
 9.67138e+22	1.06e-19	9.89e-12	3.03e-09	1.12e-07	8.10e-05	8.80e-03	1.84e-01	6.14e-01	1.70e-01	2.23e-02	1.08e-03	1.14e-04	9.69e-06	0.00e+00	0.00e+00
 9.97202e+22	1.28e-19	1.25e-11	3.78e-09	1.37e-07	9.39e-05	9.72e-03	1.93e-01	6.16e-01	1.60e-01	2.01e-02	9.31e-04	9.55e-05	7.83e-06	0.00e+00	0.00e+00
 1.03033e+23	1.58e-19	1.63e-11	4.84e-09	1.71e-07	1.11e-04	1.09e-02	2.05e-01	6.16e-01	1.50e-01	1.77e-02	7.81e-04	7.82e-05	6.12e-06	0.00e+00	0.00e+00
 1.05982e+23	1.89e-19	2.05e-11	5.99e-09	2.07e-07	1.28e-04	1.20e-02	2.15e-01	6.16e-01	1.41e-01	1.59e-02	6.71e-04	6.58e-05	4.96e-06	0.00e+00	0.00e+00
 1.08641e+23	2.19e-19	2.48e-11	7.15e-09	2.44e-07	1.45e-04	1.29e-02	2.23e-01	6.15e-01	1.34e-01	1.45e-02	5.90e-04	5.69e-05	4.15e-06	0.00e+00	0.00e+00
 1.11689e+23	2.57e-19	3.02e-11	8.60e-09	2.89e-07	1.64e-04	1.41e-02	2.33e-01	6.13e-01	1.27e-01	1.32e-02	5.15e-04	4.88e-05	3.43e-06	0.00e+00	0.00e+00
 1.15650e+23	3.10e-19	3.83e-11	1.07e-08	3.52e-07	1.91e-04	1.55e-02	2.44e-01	6.10e-01	1.19e-01	1.17e-02	4.38e-04	4.06e-05	2.75e-06	0.00e+00	0.00e+00
 1.20099e+23	3.82e-19	5.03e-11	1.39e-08	4.46e-07	2.27e-04	1.74e-02	2.57e-01	6.05e-01	1.09e-01	1.02e-02	3.61e-04	3.27e-05	2.10e-06	0.00e+00	0.00e+00
 1.24156e+23	4.61e-19	6.41e-11	1.74e-08	5.49e-07	2.65e-04	1.92e-02	2.69e-01	6.00e-01	1.02e-01	8.98e-03	3.04e-04	2.69e-05	1.66e-06	0.00e+00	0.00e+00
 1.27811e+23	5.36e-19	7.79e-11	2.09e-08	6.50e-07	3.00e-04	2.08e-02	2.80e-01	5.95e-01	9.55e-02	8.09e-03	2.64e-04	2.30e-05	1.37e-06	0.00e+00	0.00e+00
 1.31969e+23	6.24e-19	9.49e-11	2.52e-08	7.72e-07	3.41e-04	2.26e-02	2.90e-01	5.90e-01	8.96e-02	7.27e-03	2.28e-04	1.96e-05	1.12e-06	0.00e+00	0.00e+00
 1.37067e+23	7.44e-19	1.19e-10	3.13e-08	9.40e-07	3.95e-04	2.48e-02	3.02e-01	5.83e-01	8.32e-02	6.43e-03	1.93e-04	1.62e-05	8.94e-07	0.00e+00	0.00e+00
 1.42673e+23	8.93e-19	1.52e-10	3.95e-08	1.17e-06	4.64e-04	2.75e-02	3.16e-01	5.74e-01	7.64e-02	5.59e-03	1.60e-04	1.32e-05	6.94e-07	0.00e+00	0.00e+00
 1.48503e+23	1.07e-18	1.93e-10	4.95e-08	1.44e-06	5.40e-04	3.03e-02	3.29e-01	5.65e-01	7.03e-02	4.89e-03	1.34e-04	1.08e-05	5.44e-07	0.00e+00	0.00e+00
 1.54567e+23	1.26e-18	2.42e-10	6.11e-08	1.75e-06	6.24e-04	3.31e-02	3.42e-01	5.55e-01	6.50e-02	4.30e-03	1.13e-04	8.94e-06	4.33e-07	0.00e+00	0.00e+00
 1.60873e+23	1.47e-18	3.00e-10	7.52e-08	2.12e-06	7.19e-04	3.62e-02	3.54e-01	5.45e-01	5.99e-02	3.78e-03	9.52e-05	7.40e-06	3.44e-07	0.00e+00	0.00e+00
 1.67431e+23	1.70e-18	3.68e-10	9.15e-08	2.54e-06	8.22e-04	3.93e-02	3.66e-01	5.35e-01	5.54e-02	3.34e-03	8.10e-05	6.19e-06	2.77e-07	0.00e+00	0.00e+00
 1.74111e+23	1.94e-18	4.47e-10	1.10e-07	3.03e-06	9.33e-04	4.26e-02	3.77e-01	5.25e-01	5.14e-02	2.97e-03	6.94e-05	5.22e-06	2.25e-07	0.00e+00	0.00e+00
 1.81058e+23	2.19e-18	5.35e-10	1.31e-07	3.55e-06	1.05e-03	4.58e-02	3.87e-01	5.15e-01	4.78e-02	2.66e-03	6.00e-05	4.46e-06	1.86e-07	0.00e+00	0.00e+00
 1.88424e+23	2.45e-18	6.38e-10	1.55e-07	4.16e-06	1.18e-03	4.91e-02	3.98e-01	5.05e-01	4.45e-02	2.38e-03	5.20e-05	3.81e-06	1.54e-07	0.00e+00	0.00e+00
 1.96084e+23	2.71e-18	7.53e-10	1.82e-07	4.83e-06	1.31e-03	5.25e-02	4.07e-01	4.95e-01	4.16e-02	2.15e-03	4.54e-05	3.29e-06	1.28e-07	0.00e+00	0.00e+00
 2.04051e+23	2.96e-18	8.79e-10	2.11e-07	5.56e-06	1.46e-03	5.59e-02	4.16e-01	4.86e-01	3.89e-02	1.94e-03	3.99e-05	2.86e-06	0.00e+00	0.00e+00	0.00e+00
 2.12336e+23	3.19e-18	1.01e-09	2.42e-07	6.31e-06	1.60e-03	5.91e-02	4.24e-01	4.77e-01	3.66e-02	1.77e-03	3.55e-05	2.51e-06	0.00e+00	0.00e+00	0.00e+00
 2.20953e+23	3.39e-18	1.15e-09	2.74e-07	7.10e-06	1.74e-03	6.23e-02	4.31e-01	4.68e-01	3.46e-02	1.63e-03	3.18e-05	2.23e-06	0.00e+00	0.00e+00	0.00e+00
 2.29353e+23	3.64e-18	1.32e-09	3.11e-07	8.00e-06	1.90e-03	6.56e-02	4.39e-01	4.60e-01	3.26e-02	1.49e-03	2.85e-05	1.98e-06	0.00e+00	0.00e+00	0.00e+00
 2.36966e+23	3.83e-18	1.46e-09	3.45e-07	8.83e-06	2.04e-03	6.84e-02	4.44e-01	4.53e-01	3.11e-02	1.39e-03	2.61e-05	1.80e-06	0.00e+00	0.00e+00	0.00e+00
 2.43817e+23	3.94e-18	1.59e-09	3.76e-07	9.58e-06	2.16e-03	7.08e-02	4.49e-01	4.47e-01	2.98e-02	1.31e-03	2.41e-05	1.65e-06	0.00e+00	0.00e+00	0.00e+00
 2.49984e+23	4.08e-18	1.72e-09	4.03e-07	1.02e-05	2.27e-03	7.29e-02	4.53e-01	4.42e-01	2.89e-02	1.25e-03	2.27e-05	1.55e-06	0.00e+00	0.00e+00	0.00e+00
 2.55534e+23	4.12e-18	1.81e-09	4.26e-07	1.08e-05	2.36e-03	7.46e-02	4.56e-01	4.37e-01	2.81e-02	1.20e-03	2.16e-05	1.47e-06	0.00e+00	0.00e+00	0.00e+00
 2.60528e+23	4.20e-18	1.91e-09	4.47e-07	1.13e-05	2.44e-03	7.60e-02	4.59e-01	4.34e-01	2.75e-02	1.16e-03	2.08e-05	1.40e-06	0.00e+00	0.00e+00	0.00e+00
 2.65024e+23	4.22e-18	1.98e-09	4.64e-07	1.17e-05	2.50e-03	7.71e-02	4.61e-01	4.31e-01	2.70e-02	1.13e-03	2.01e-05	1.36e-06	0.00e+00	0.00e+00	0.00e+00
 2.69070e+23	4.21e-18	2.05e-09	4.78e-07	1.20e-05	2.55e-03	7.81e-02	4.62e-01	4.29e-01	2.66e-02	1.11e-03	1.96e-05	1.32e-06	0.00e+00	0.00e+00	0.00e+00
 2.72711e+23	4.19e-18	2.09e-09	4.89e-07	1.23e-05	2.59e-03	7.88e-02	4.64e-01	4.28e-01	2.63e-02	1.09e-03	1.92e-05	1.29e-06	0.00e+00	0.00e+00	0.00e+00
 2.75988e+23	4.19e-18	2.15e-09	5.01e-07	1.25e-05	2.63e-03	7.96e-02	4.65e-01	4.26e-01	2.60e-02	1.07e-03	1.88e-05	1.26e-06	0.00e+00	0.00e+00	0.00e+00
 2.79068e+23	4.17e-18	2.19e-09	5.11e-07	1.28e-05	2.67e-03	8.02e-02	4.66e-01	4.24e-01	2.57e-02	1.06e-03	1.84e-05	1.24e-06	0.00e+00	0.00e+00	0.00e+00
 2.82122e+23	4.17e-18	2.23e-09	5.21e-07	1.30e-05	2.71e-03	8.09e-02	4.67e-01	4.23e-01	2.55e-02	1.04e-03	1.81e-05	1.21e-06	0.00e+00	0.00e+00	0.00e+00
 2.85177e+23	4.14e-18	2.26e-09	5.29e-07	1.32e-05	2.74e-03	8.14e-02	4.68e-01	4.22e-01	2.53e-02	1.03e-03	1.79e-05	1.20e-06	0.00e+00	0.00e+00	0.00e+00
 2.88232e+23	4.09e-18	2.29e-09	5.36e-07	1.34e-05	2.76e-03	8.19e-02	4.69e-01	4.20e-01	2.51e-02	1.02e-03	1.76e-05	1.18e-06	0.00e+00	0.00e+00	0.00e+00
 2.91287e+23	4.03e-18	2.32e-09	5.42e-07	1.35e-05	2.79e-03	8.23e-02	4.69e-01	4.20e-01	2.49e-02	1.01e-03	1.75e-05	1.17e-06	0.00e+00	0.00e+00	0.00e+00
 2.94342e+23	3.96e-18	2.34e-09	5.46e-07	1.37e-05	2.81e-03	8.26e-02	4.70e-01	4.19e-01	2.48e-02	1.01e-03	1.73e-05	1.16e-06	0.00e+00	0.00e+00	0.00e+00
 2.97396e+23	3.89e-18	2.35e-09	5.51e-07	1.38e-05	2.82e-03	8.29e-02	4.70e-01	4.18e-01	2.47e-02	1.00e-03	1.72e-05	1.15e-06	0.00e+00	0.00e+00	0.00e+00
 3.00451e+23	3.82e-18	2.37e-09	5.55e-07	1.39e-05	2.84e-03	8.32e-02	4.71e-01	4.17e-01	2.46e-02	9.94e-04	1.71e-05	1.14e-06	0.00e+00	0.00e+00	0.00e+00
 3.03506e+23	3.75e-18	2.39e-09	5.59e-07	1.40e-05	2.86e-03	8.35e-02	4.71e-01	4.17e-01	2.45e-02	9.88e-04	1.69e-05	1.13e-06	0.00e+00	0.00e+00	0.00e+00
 3.05258e+23	3.81e-18	2.45e-09	5.73e-07	1.43e-05	2.90e-03	8.42e-02	4.72e-01	4.15e-01	2.43e-02	9.74e-04	1.66e-05	1.11e-06	0.00e+00	0.00e+00	0.00e+00
