#depth	Ne	Ne+	Ne+2	Ne+3	Ne+4	Ne+5	Ne+6	Ne+7	Ne+8	Ne+9	Ne+10
 6.17135e+19	0.00e+00	0.00e+00	0.00e+00	0.00e+00	2.45e-27	1.03e-21	1.51e-16	9.40e-12	6.67e-07	1.56e-03	9.98e-01
 1.87609e+20	0.00e+00	0.00e+00	0.00e+00	0.00e+00	3.96e-27	1.53e-21	2.07e-16	1.19e-11	7.82e-07	1.69e-03	9.98e-01
 3.18540e+20	0.00e+00	0.00e+00	0.00e+00	0.00e+00	6.44e-27	2.29e-21	2.84e-16	1.50e-11	9.17e-07	1.83e-03	9.98e-01
 4.54709e+20	0.00e+00	0.00e+00	0.00e+00	0.00e+00	1.05e-26	3.42e-21	3.90e-16	1.89e-11	1.08e-06	1.99e-03	9.98e-01
 5.74411e+20	0.00e+00	0.00e+00	0.00e+00	0.00e+00	1.59e-26	4.82e-21	5.10e-16	2.31e-11	1.23e-06	2.13e-03	9.98e-01
 6.66685e+20	0.00e+00	0.00e+00	0.00e+00	0.00e+00	2.17e-26	6.23e-21	6.24e-16	2.68e-11	1.37e-06	2.25e-03	9.98e-01
 7.48882e+20	0.00e+00	0.00e+00	0.00e+00	0.00e+00	2.84e-26	7.80e-21	7.45e-16	3.04e-11	1.49e-06	2.36e-03	9.98e-01
 8.41356e+20	0.00e+00	0.00e+00	0.00e+00	0.00e+00	3.84e-26	9.98e-21	9.04e-16	3.51e-11	1.65e-06	2.48e-03	9.98e-01
 9.61573e+20	0.00e+00	0.00e+00	0.00e+00	0.00e+00	5.61e-26	1.36e-20	1.16e-15	4.20e-11	1.86e-06	2.64e-03	9.97e-01
 1.08324e+21	0.00e+00	0.00e+00	0.00e+00	0.00e+00	8.18e-26	1.86e-20	1.47e-15	5.01e-11	2.11e-06	2.82e-03	9.97e-01
 1.17841e+21	0.00e+00	0.00e+00	0.00e+00	0.00e+00	1.09e-25	2.35e-20	1.77e-15	5.73e-11	2.31e-06	2.96e-03	9.97e-01
 1.27376e+21	0.00e+00	0.00e+00	0.00e+00	0.00e+00	1.45e-25	2.97e-20	2.12e-15	6.54e-11	2.54e-06	3.10e-03	9.97e-01
 1.39771e+21	0.00e+00	0.00e+00	0.00e+00	0.00e+00	2.07e-25	3.99e-20	2.68e-15	7.73e-11	2.85e-06	3.30e-03	9.97e-01
 1.52616e+21	0.00e+00	0.00e+00	0.00e+00	3.24e-31	2.99e-25	5.39e-20	3.38e-15	9.16e-11	3.21e-06	3.51e-03	9.96e-01
 1.63080e+21	0.00e+00	0.00e+00	0.00e+00	4.56e-31	4.00e-25	6.84e-20	4.07e-15	1.05e-10	3.53e-06	3.68e-03	9.96e-01
 1.73722e+21	0.00e+00	0.00e+00	0.00e+00	6.44e-31	5.35e-25	8.68e-20	4.90e-15	1.20e-10	3.88e-06	3.87e-03	9.96e-01
 1.84877e+21	0.00e+00	0.00e+00	0.00e+00	9.20e-31	7.24e-25	1.11e-19	5.93e-15	1.37e-10	4.28e-06	4.07e-03	9.96e-01
 1.94277e+21	0.00e+00	0.00e+00	0.00e+00	1.23e-30	9.27e-25	1.36e-19	6.94e-15	1.54e-10	4.63e-06	4.25e-03	9.96e-01
 2.04073e+21	0.00e+00	0.00e+00	0.00e+00	1.67e-30	1.20e-24	1.68e-19	8.16e-15	1.73e-10	5.03e-06	4.44e-03	9.96e-01
 2.16808e+21	0.00e+00	0.00e+00	0.00e+00	2.46e-30	1.66e-24	2.19e-19	1.00e-14	2.01e-10	5.59e-06	4.69e-03	9.95e-01
 2.29610e+21	0.00e+00	0.00e+00	0.00e+00	3.61e-30	2.30e-24	2.85e-19	1.23e-14	2.32e-10	6.20e-06	4.95e-03	9.95e-01
 2.39468e+21	0.00e+00	0.00e+00	0.00e+00	4.83e-30	2.94e-24	3.48e-19	1.44e-14	2.59e-10	6.71e-06	5.16e-03	9.95e-01
 2.49251e+21	0.00e+00	0.00e+00	0.00e+00	6.42e-30	3.73e-24	4.24e-19	1.67e-14	2.89e-10	7.25e-06	5.38e-03	9.95e-01
 2.61970e+21	0.00e+00	0.00e+00	0.00e+00	9.24e-30	5.08e-24	5.44e-19	2.03e-14	3.31e-10	8.00e-06	5.66e-03	9.94e-01
 2.75084e+21	0.00e+00	0.00e+00	0.00e+00	1.34e-29	6.94e-24	7.03e-19	2.47e-14	3.81e-10	8.85e-06	5.97e-03	9.94e-01
 2.85839e+21	0.00e+00	0.00e+00	0.00e+00	1.81e-29	8.94e-24	8.63e-19	2.89e-14	4.26e-10	9.59e-06	6.23e-03	9.94e-01
 2.94817e+21	0.00e+00	0.00e+00	0.00e+00	2.33e-29	1.11e-23	1.03e-18	3.30e-14	4.68e-10	1.03e-05	6.46e-03	9.94e-01
 3.04361e+21	0.00e+00	0.00e+00	0.00e+00	3.02e-29	1.37e-23	1.22e-18	3.78e-14	5.15e-10	1.10e-05	6.70e-03	9.93e-01
 3.16767e+21	0.00e+00	0.00e+00	0.00e+00	4.22e-29	1.82e-23	1.54e-18	4.50e-14	5.84e-10	1.20e-05	7.03e-03	9.93e-01
 3.29246e+21	0.00e+00	0.00e+00	0.00e+00	5.90e-29	2.42e-23	1.94e-18	5.37e-14	6.61e-10	1.32e-05	7.37e-03	9.93e-01
 3.39030e+21	0.00e+00	0.00e+00	0.00e+00	7.64e-29	3.00e-23	2.31e-18	6.15e-14	7.27e-10	1.41e-05	7.64e-03	9.92e-01
 3.48961e+21	0.00e+00	0.00e+00	0.00e+00	9.92e-29	3.74e-23	2.76e-18	7.05e-14	8.00e-10	1.51e-05	7.93e-03	9.92e-01
 3.61870e+21	0.00e+00	0.00e+00	0.00e+00	1.39e-28	4.96e-23	3.47e-18	8.39e-14	9.06e-10	1.66e-05	8.31e-03	9.92e-01
 3.74824e+21	0.00e+00	0.00e+00	0.00e+00	1.94e-28	6.57e-23	4.36e-18	1.00e-13	1.02e-09	1.81e-05	8.71e-03	9.91e-01
 3.84935e+21	0.00e+00	0.00e+00	0.00e+00	2.51e-28	8.17e-23	5.21e-18	1.14e-13	1.13e-09	1.94e-05	9.03e-03	9.91e-01
 3.95176e+21	0.00e+00	0.00e+00	0.00e+00	3.25e-28	1.02e-22	6.21e-18	1.31e-13	1.24e-09	2.08e-05	9.37e-03	9.91e-01
 4.08491e+21	0.00e+00	0.00e+00	0.00e+00	4.54e-28	1.34e-22	7.80e-18	1.56e-13	1.40e-09	2.27e-05	9.81e-03	9.90e-01
 4.21340e+21	0.00e+00	0.00e+00	0.00e+00	6.25e-28	1.76e-22	9.70e-18	1.84e-13	1.57e-09	2.47e-05	1.03e-02	9.90e-01
 4.30648e+21	0.00e+00	0.00e+00	0.00e+00	7.87e-28	2.13e-22	1.14e-17	2.08e-13	1.71e-09	2.63e-05	1.06e-02	9.89e-01
 4.39811e+21	0.00e+00	0.00e+00	0.00e+00	9.84e-28	2.58e-22	1.32e-17	2.33e-13	1.86e-09	2.79e-05	1.09e-02	9.89e-01
 4.51723e+21	0.00e+00	0.00e+00	0.00e+00	1.32e-27	3.29e-22	1.61e-17	2.71e-13	2.07e-09	3.01e-05	1.14e-02	9.89e-01
 4.64337e+21	0.00e+00	0.00e+00	0.00e+00	1.79e-27	4.25e-22	1.99e-17	3.18e-13	2.31e-09	3.27e-05	1.19e-02	9.88e-01
 4.75157e+21	0.00e+00	0.00e+00	0.00e+00	2.31e-27	5.29e-22	2.37e-17	3.64e-13	2.54e-09	3.50e-05	1.23e-02	9.88e-01
 4.84769e+21	0.00e+00	0.00e+00	0.00e+00	2.92e-27	6.42e-22	2.78e-17	4.11e-13	2.77e-09	3.72e-05	1.27e-02	9.87e-01
 4.95517e+21	0.00e+00	0.00e+00	0.00e+00	3.75e-27	7.94e-22	3.30e-17	4.69e-13	3.04e-09	3.98e-05	1.31e-02	9.87e-01
 5.09490e+21	0.00e+00	0.00e+00	0.00e+00	5.21e-27	1.05e-21	4.13e-17	5.57e-13	3.43e-09	4.34e-05	1.37e-02	9.86e-01
 5.23411e+21	0.00e+00	0.00e+00	0.00e+00	7.21e-27	1.38e-21	5.16e-17	6.60e-13	3.87e-09	4.73e-05	1.44e-02	9.86e-01
 5.34138e+21	0.00e+00	0.00e+00	0.00e+00	9.25e-27	1.70e-21	6.12e-17	7.52e-13	4.24e-09	5.05e-05	1.49e-02	9.85e-01
 5.43466e+21	0.00e+00	0.00e+00	0.00e+00	1.15e-26	2.04e-21	7.10e-17	8.43e-13	4.59e-09	5.34e-05	1.53e-02	9.85e-01
 5.54099e+21	0.00e+00	0.00e+00	0.00e+00	1.46e-26	2.50e-21	8.38e-17	9.57e-13	5.02e-09	5.69e-05	1.58e-02	9.84e-01
 5.67922e+21	0.00e+00	0.00e+00	0.00e+00	2.00e-26	3.25e-21	1.04e-16	1.13e-12	5.64e-09	6.18e-05	1.65e-02	9.83e-01
 5.81987e+21	0.00e+00	0.00e+00	0.00e+00	2.75e-26	4.25e-21	1.29e-16	1.33e-12	6.35e-09	6.72e-05	1.72e-02	9.83e-01
 5.93243e+21	0.00e+00	0.00e+00	0.00e+00	3.54e-26	5.26e-21	1.54e-16	1.52e-12	6.98e-09	7.18e-05	1.78e-02	9.82e-01
 6.04750e+21	0.00e+00	0.00e+00	0.00e+00	4.57e-26	6.52e-21	1.83e-16	1.74e-12	7.68e-09	7.68e-05	1.84e-02	9.82e-01
 6.19708e+21	0.00e+00	0.00e+00	0.00e+00	6.34e-26	8.60e-21	2.30e-16	2.08e-12	8.69e-09	8.37e-05	1.92e-02	9.81e-01
 6.34473e+21	0.00e+00	0.00e+00	0.00e+00	8.77e-26	1.13e-20	2.88e-16	2.46e-12	9.82e-09	9.11e-05	2.01e-02	9.80e-01
 6.45650e+21	0.00e+00	0.00e+00	0.00e+00	1.12e-25	1.39e-20	3.40e-16	2.80e-12	1.08e-08	9.71e-05	2.07e-02	9.79e-01
 6.56847e+21	0.00e+00	0.00e+00	0.00e+00	1.42e-25	1.70e-20	4.02e-16	3.19e-12	1.18e-08	1.03e-04	2.14e-02	9.79e-01
 6.71403e+21	0.00e+00	0.00e+00	0.00e+00	1.93e-25	2.21e-20	4.98e-16	3.76e-12	1.33e-08	1.12e-04	2.23e-02	9.78e-01
 6.86608e+21	0.00e+00	0.00e+00	3.84e-31	2.67e-25	2.90e-20	6.22e-16	4.46e-12	1.50e-08	1.22e-04	2.32e-02	9.77e-01
 6.99349e+21	0.00e+00	0.00e+00	5.27e-31	3.50e-25	3.65e-20	7.51e-16	5.16e-12	1.66e-08	1.31e-04	2.41e-02	9.76e-01
 7.12605e+21	0.00e+00	0.00e+00	7.16e-31	4.57e-25	4.57e-20	9.03e-16	5.95e-12	1.84e-08	1.40e-04	2.49e-02	9.75e-01
 7.27464e+21	0.00e+00	0.00e+00	1.02e-30	6.18e-25	5.90e-20	1.11e-15	7.00e-12	2.07e-08	1.52e-04	2.59e-02	9.74e-01
 7.41264e+21	0.00e+00	0.00e+00	1.40e-30	8.16e-25	7.47e-20	1.35e-15	8.13e-12	2.30e-08	1.63e-04	2.69e-02	9.73e-01
 7.53653e+21	0.00e+00	0.00e+00	1.86e-30	1.04e-24	9.21e-20	1.61e-15	9.29e-12	2.53e-08	1.74e-04	2.77e-02	9.72e-01
 7.67352e+21	0.00e+00	0.00e+00	2.54e-30	1.36e-24	1.16e-19	1.94e-15	1.07e-11	2.81e-08	1.87e-04	2.87e-02	9.71e-01
 7.82755e+21	0.00e+00	0.00e+00	3.59e-30	1.84e-24	1.49e-19	2.38e-15	1.26e-11	3.16e-08	2.02e-04	2.98e-02	9.70e-01
 7.97232e+21	0.00e+00	0.00e+00	4.93e-30	2.42e-24	1.88e-19	2.89e-15	1.46e-11	3.52e-08	2.17e-04	3.09e-02	9.69e-01
 8.10738e+21	0.00e+00	0.00e+00	6.66e-30	3.14e-24	2.34e-19	3.47e-15	1.69e-11	3.89e-08	2.32e-04	3.20e-02	9.68e-01
 8.26121e+21	0.00e+00	0.00e+00	9.17e-30	4.14e-24	2.97e-19	4.21e-15	1.96e-11	4.34e-08	2.50e-04	3.31e-02	9.67e-01
 8.43222e+21	0.00e+00	0.00e+00	1.31e-29	5.65e-24	3.86e-19	5.23e-15	2.32e-11	4.90e-08	2.71e-04	3.45e-02	9.65e-01
 8.58588e+21	0.00e+00	0.00e+00	1.80e-29	7.44e-24	4.88e-19	6.34e-15	2.70e-11	5.46e-08	2.91e-04	3.57e-02	9.64e-01
 8.72229e+21	0.00e+00	0.00e+00	2.37e-29	9.44e-24	5.98e-19	7.50e-15	3.07e-11	6.00e-08	3.10e-04	3.68e-02	9.63e-01
 8.87594e+21	0.00e+00	0.00e+00	3.22e-29	1.23e-23	7.48e-19	9.03e-15	3.55e-11	6.66e-08	3.32e-04	3.81e-02	9.62e-01
 9.07568e+21	0.00e+00	0.00e+00	4.74e-29	1.72e-23	9.95e-19	1.14e-14	4.26e-11	7.61e-08	3.63e-04	3.98e-02	9.60e-01
 9.27882e+21	0.00e+00	0.00e+00	6.99e-29	2.41e-23	1.33e-18	1.45e-14	5.13e-11	8.70e-08	3.96e-04	4.15e-02	9.58e-01
 9.44229e+21	0.00e+00	0.00e+00	9.49e-29	3.14e-23	1.66e-18	1.75e-14	5.93e-11	9.67e-08	4.25e-04	4.29e-02	9.57e-01
 9.61073e+21	0.00e+00	0.00e+00	1.29e-28	4.09e-23	2.08e-18	2.10e-14	6.86e-11	1.08e-07	4.55e-04	4.44e-02	9.55e-01
 9.82970e+21	0.00e+00	0.00e+00	1.90e-28	5.72e-23	2.77e-18	2.67e-14	8.26e-11	1.23e-07	4.98e-04	4.64e-02	9.53e-01
 1.00470e+22	0.00e+00	0.00e+00	2.78e-28	7.96e-23	3.67e-18	3.37e-14	9.91e-11	1.40e-07	5.43e-04	4.84e-02	9.51e-01
 1.02138e+22	0.00e+00	0.00e+00	3.69e-28	1.02e-22	4.54e-18	4.01e-14	1.14e-10	1.55e-07	5.79e-04	4.99e-02	9.49e-01
 1.03821e+22	0.00e+00	0.00e+00	4.89e-28	1.30e-22	5.58e-18	4.76e-14	1.30e-10	1.71e-07	6.18e-04	5.15e-02	9.48e-01
 1.06008e+22	0.00e+00	0.00e+00	6.98e-28	1.77e-22	7.26e-18	5.93e-14	1.54e-10	1.94e-07	6.70e-04	5.36e-02	9.46e-01
 1.08330e+22	0.00e+00	0.00e+00	1.01e-27	2.45e-22	9.57e-18	7.45e-14	1.84e-10	2.21e-07	7.30e-04	5.58e-02	9.43e-01
 1.10338e+22	0.00e+00	0.00e+00	1.39e-27	3.21e-22	1.21e-17	9.04e-14	2.14e-10	2.46e-07	7.85e-04	5.78e-02	9.41e-01
 1.12182e+22	0.00e+00	0.00e+00	1.84e-27	4.10e-22	1.49e-17	1.07e-13	2.46e-10	2.72e-07	8.37e-04	5.97e-02	9.40e-01
 1.14300e+22	0.00e+00	0.00e+00	2.52e-27	5.40e-22	1.88e-17	1.31e-13	2.86e-10	3.04e-07	9.00e-04	6.18e-02	9.37e-01
 1.16608e+22	0.00e+00	0.00e+00	3.54e-27	7.25e-22	2.42e-17	1.61e-13	3.37e-10	3.42e-07	9.73e-04	6.41e-02	9.35e-01
 1.18685e+22	0.00e+00	0.00e+00	4.77e-27	9.41e-22	3.02e-17	1.93e-13	3.89e-10	3.81e-07	1.04e-03	6.63e-02	9.33e-01
 1.20907e+22	0.00e+00	0.00e+00	6.52e-27	1.23e-21	3.81e-17	2.34e-13	4.53e-10	4.25e-07	1.12e-03	6.86e-02	9.30e-01
 1.23395e+22	0.00e+00	0.00e+00	9.19e-27	1.66e-21	4.92e-17	2.90e-13	5.34e-10	4.79e-07	1.21e-03	7.13e-02	9.28e-01
 1.25729e+22	0.00e+00	0.00e+00	1.26e-26	2.19e-21	6.22e-17	3.52e-13	6.23e-10	5.36e-07	1.30e-03	7.38e-02	9.25e-01
 1.27928e+22	0.00e+00	0.00e+00	1.69e-26	2.82e-21	7.72e-17	4.21e-13	7.17e-10	5.94e-07	1.39e-03	7.62e-02	9.22e-01
 1.30451e+22	0.00e+00	0.00e+00	2.34e-26	3.74e-21	9.84e-17	5.15e-13	8.40e-10	6.67e-07	1.50e-03	7.90e-02	9.20e-01
 1.33256e+22	0.00e+00	0.00e+00	3.34e-26	5.10e-21	1.28e-16	6.42e-13	9.98e-10	7.57e-07	1.63e-03	8.21e-02	9.16e-01
 1.35865e+22	0.00e+00	0.00e+00	4.63e-26	6.77e-21	1.63e-16	7.86e-13	1.17e-09	8.49e-07	1.76e-03	8.51e-02	9.13e-01
 1.38697e+22	0.00e+00	0.00e+00	6.52e-26	9.13e-21	2.11e-16	9.72e-13	1.38e-09	9.59e-07	1.90e-03	8.83e-02	9.10e-01
 1.41676e+22	0.00e+00	0.00e+00	9.33e-26	1.25e-20	2.75e-16	1.21e-12	1.64e-09	1.09e-06	2.07e-03	9.18e-02	9.06e-01
 1.44204e+22	0.00e+00	0.00e+00	1.26e-25	1.61e-20	3.43e-16	1.46e-12	1.90e-09	1.21e-06	2.21e-03	9.48e-02	9.03e-01
 1.46851e+22	0.00e+00	0.00e+00	1.70e-25	2.10e-20	4.30e-16	1.76e-12	2.20e-09	1.35e-06	2.37e-03	9.80e-02	9.00e-01
 1.50292e+22	0.00e+00	0.00e+00	2.50e-25	2.94e-20	5.73e-16	2.23e-12	2.65e-09	1.54e-06	2.59e-03	1.02e-01	8.95e-01
 1.53802e+22	0.00e+00	0.00e+00	3.69e-25	4.12e-20	7.66e-16	2.84e-12	3.21e-09	1.77e-06	2.83e-03	1.07e-01	8.91e-01
 1.56602e+22	0.00e+00	5.07e-31	5.01e-25	5.37e-20	9.61e-16	3.43e-12	3.72e-09	1.97e-06	3.04e-03	1.10e-01	8.87e-01
 1.59443e+22	0.00e+00	7.13e-31	6.77e-25	6.98e-20	1.20e-15	4.13e-12	4.30e-09	2.20e-06	3.26e-03	1.14e-01	8.83e-01
 1.63135e+22	0.00e+00	1.10e-30	9.93e-25	9.74e-20	1.60e-15	5.23e-12	5.18e-09	2.51e-06	3.55e-03	1.18e-01	8.78e-01
 1.66966e+22	0.00e+00	1.72e-30	1.47e-24	1.37e-19	2.14e-15	6.68e-12	6.28e-09	2.89e-06	3.89e-03	1.23e-01	8.73e-01
 1.70139e+22	0.00e+00	2.48e-30	2.03e-24	1.81e-19	2.72e-15	8.15e-12	7.33e-09	3.24e-06	4.18e-03	1.28e-01	8.68e-01
 1.72803e+22	0.00e+00	3.35e-30	2.64e-24	2.28e-19	3.32e-15	9.60e-12	8.34e-09	3.56e-06	4.44e-03	1.31e-01	8.64e-01
 1.75643e+22	0.00e+00	4.59e-30	3.49e-24	2.91e-19	4.08e-15	1.14e-11	9.55e-09	3.92e-06	4.73e-03	1.35e-01	8.60e-01
 1.79337e+22	0.00e+00	6.82e-30	4.95e-24	3.94e-19	5.29e-15	1.42e-11	1.13e-08	4.44e-06	5.12e-03	1.40e-01	8.55e-01
 1.83122e+22	0.00e+00	1.03e-29	7.10e-24	5.39e-19	6.92e-15	1.77e-11	1.35e-08	5.04e-06	5.56e-03	1.45e-01	8.49e-01
 1.86173e+22	0.00e+00	1.42e-29	9.44e-24	6.91e-19	8.56e-15	2.11e-11	1.55e-08	5.57e-06	5.93e-03	1.50e-01	8.44e-01
 1.89283e+22	0.00e+00	1.96e-29	1.25e-23	8.84e-19	1.06e-14	2.52e-11	1.78e-08	6.16e-06	6.32e-03	1.54e-01	8.40e-01
 1.92576e+22	0.00e+00	2.75e-29	1.69e-23	1.15e-18	1.32e-14	3.03e-11	2.06e-08	6.85e-06	6.76e-03	1.59e-01	8.34e-01
 1.95388e+22	0.00e+00	3.67e-29	2.18e-23	1.43e-18	1.60e-14	3.55e-11	2.33e-08	7.49e-06	7.16e-03	1.63e-01	8.30e-01
 1.98321e+22	0.00e+00	4.92e-29	2.83e-23	1.79e-18	1.94e-14	4.17e-11	2.64e-08	8.20e-06	7.59e-03	1.67e-01	8.25e-01
 2.01633e+22	0.00e+00	6.75e-29	3.74e-23	2.29e-18	2.39e-14	4.96e-11	3.02e-08	9.05e-06	8.08e-03	1.72e-01	8.20e-01
 2.04813e+22	0.00e+00	9.30e-29	4.96e-23	2.92e-18	2.94e-14	5.91e-11	3.47e-08	9.99e-06	8.61e-03	1.77e-01	8.14e-01
 2.07753e+22	0.00e+00	1.24e-28	6.38e-23	3.64e-18	3.55e-14	6.91e-11	3.92e-08	1.09e-05	9.11e-03	1.81e-01	8.10e-01
 2.10426e+22	0.00e+00	1.60e-28	8.01e-23	4.43e-18	4.21e-14	7.96e-11	4.38e-08	1.18e-05	9.58e-03	1.85e-01	8.05e-01
 2.13323e+22	0.00e+00	2.11e-28	1.02e-22	5.46e-18	5.04e-14	9.24e-11	4.93e-08	1.29e-05	1.01e-02	1.90e-01	8.00e-01
 2.16517e+22	0.00e+00	2.82e-28	1.32e-22	6.83e-18	6.10e-14	1.08e-10	5.58e-08	1.41e-05	1.07e-02	1.95e-01	7.95e-01
 2.19461e+22	0.00e+00	3.75e-28	1.69e-22	8.50e-18	7.36e-14	1.27e-10	6.31e-08	1.54e-05	1.13e-02	1.99e-01	7.89e-01
 2.22139e+22	0.00e+00	4.81e-28	2.11e-22	1.03e-17	8.67e-14	1.45e-10	7.02e-08	1.66e-05	1.19e-02	2.04e-01	7.84e-01
 2.25109e+22	0.00e+00	6.29e-28	2.67e-22	1.26e-17	1.03e-13	1.68e-10	7.88e-08	1.80e-05	1.25e-02	2.08e-01	7.79e-01
 2.28971e+22	0.00e+00	8.89e-28	3.63e-22	1.65e-17	1.30e-13	2.04e-10	9.13e-08	2.01e-05	1.34e-02	2.14e-01	7.72e-01
 2.32843e+22	0.00e+00	1.27e-27	4.98e-22	2.17e-17	1.65e-13	2.48e-10	1.07e-07	2.24e-05	1.43e-02	2.21e-01	7.65e-01
 2.35655e+22	0.00e+00	1.63e-27	6.18e-22	2.62e-17	1.93e-13	2.84e-10	1.18e-07	2.42e-05	1.50e-02	2.25e-01	7.60e-01
 2.38237e+22	0.00e+00	2.05e-27	7.56e-22	3.12e-17	2.25e-13	3.22e-10	1.31e-07	2.59e-05	1.57e-02	2.30e-01	7.55e-01
 2.41593e+22	0.00e+00	2.73e-27	9.76e-22	3.90e-17	2.72e-13	3.77e-10	1.48e-07	2.83e-05	1.66e-02	2.35e-01	7.48e-01
 2.45145e+22	0.00e+00	3.74e-27	1.29e-21	4.95e-17	3.34e-13	4.48e-10	1.69e-07	3.12e-05	1.76e-02	2.41e-01	7.41e-01
 2.48156e+22	0.00e+00	4.86e-27	1.62e-21	6.05e-17	3.97e-13	5.17e-10	1.89e-07	3.38e-05	1.86e-02	2.46e-01	7.35e-01
 2.51277e+22	0.00e+00	6.33e-27	2.05e-21	7.41e-17	4.73e-13	5.98e-10	2.12e-07	3.67e-05	1.95e-02	2.51e-01	7.29e-01
 2.55335e+22	0.00e+00	8.90e-27	2.76e-21	9.62e-17	5.92e-13	7.22e-10	2.46e-07	4.07e-05	2.08e-02	2.58e-01	7.21e-01
 2.59387e+22	0.00e+00	1.27e-26	3.78e-21	1.27e-16	7.49e-13	8.79e-10	2.87e-07	4.54e-05	2.23e-02	2.65e-01	7.12e-01
 2.62443e+22	0.00e+00	1.63e-26	4.71e-21	1.53e-16	8.82e-13	1.01e-09	3.19e-07	4.90e-05	2.34e-02	2.70e-01	7.06e-01
 2.65426e+22	0.00e+00	2.09e-26	5.85e-21	1.85e-16	1.04e-12	1.16e-09	3.55e-07	5.29e-05	2.45e-02	2.75e-01	7.00e-01
 2.69304e+22	0.00e+00	2.86e-26	7.74e-21	2.36e-16	1.28e-12	1.38e-09	4.07e-07	5.82e-05	2.60e-02	2.82e-01	6.92e-01
 2.73192e+22	0.00e+00	3.96e-26	1.03e-20	3.02e-16	1.59e-12	1.65e-09	4.68e-07	6.43e-05	2.76e-02	2.89e-01	6.83e-01
 2.76186e+22	0.00e+00	5.07e-26	1.28e-20	3.66e-16	1.87e-12	1.89e-09	5.21e-07	6.94e-05	2.89e-02	2.94e-01	6.77e-01
 2.79173e+22	0.00e+00	6.44e-26	1.58e-20	4.39e-16	2.19e-12	2.16e-09	5.78e-07	7.47e-05	3.03e-02	2.99e-01	6.70e-01
 2.83055e+22	0.00e+00	8.77e-26	2.07e-20	5.56e-16	2.69e-12	2.56e-09	6.61e-07	8.21e-05	3.20e-02	3.06e-01	6.62e-01
 2.87095e+22	0.00e+00	1.21e-25	2.77e-20	7.15e-16	3.33e-12	3.07e-09	7.61e-07	9.07e-05	3.41e-02	3.13e-01	6.53e-01
 2.90388e+22	0.00e+00	1.60e-25	3.52e-20	8.82e-16	4.00e-12	3.58e-09	8.58e-07	9.87e-05	3.58e-02	3.19e-01	6.45e-01
 2.93239e+22	0.00e+00	1.98e-25	4.26e-20	1.04e-15	4.61e-12	4.03e-09	9.43e-07	1.05e-04	3.73e-02	3.24e-01	6.38e-01
 2.96463e+22	0.00e+00	2.54e-25	5.31e-20	1.26e-15	5.45e-12	4.64e-09	1.05e-06	1.14e-04	3.91e-02	3.30e-01	6.31e-01
 3.00654e+22	0.00e+00	3.51e-25	7.05e-20	1.62e-15	6.75e-12	5.56e-09	1.21e-06	1.26e-04	4.15e-02	3.37e-01	6.21e-01
 3.04982e+22	0.00e+00	4.91e-25	9.50e-20	2.09e-15	8.46e-12	6.71e-09	1.40e-06	1.39e-04	4.41e-02	3.45e-01	6.11e-01
 3.08495e+22	0.00e+00	6.47e-25	1.21e-19	2.59e-15	1.02e-11	7.84e-09	1.59e-06	1.52e-04	4.65e-02	3.51e-01	6.03e-01
 3.12068e+22	0.00e+00	8.39e-25	1.52e-19	3.16e-15	1.21e-11	9.08e-09	1.78e-06	1.64e-04	4.87e-02	3.57e-01	5.94e-01
 3.16713e+22	4.25e-31	1.18e-24	2.06e-19	4.11e-15	1.52e-11	1.10e-08	2.07e-06	1.83e-04	5.19e-02	3.65e-01	5.83e-01
 3.21421e+22	6.27e-31	1.67e-24	2.81e-19	5.39e-15	1.92e-11	1.34e-08	2.42e-06	2.04e-04	5.53e-02	3.73e-01	5.72e-01
 3.25147e+22	8.50e-31	2.20e-24	3.58e-19	6.66e-15	2.31e-11	1.57e-08	2.73e-06	2.22e-04	5.82e-02	3.79e-01	5.63e-01
 3.28930e+22	1.14e-30	2.86e-24	4.51e-19	8.16e-15	2.76e-11	1.82e-08	3.07e-06	2.41e-04	6.11e-02	3.85e-01	5.54e-01
 3.33848e+22	1.66e-30	4.01e-24	6.09e-19	1.06e-14	3.47e-11	2.21e-08	3.58e-06	2.68e-04	6.49e-02	3.93e-01	5.42e-01
 3.38751e+22	2.42e-30	5.64e-24	8.25e-19	1.38e-14	4.37e-11	2.69e-08	4.17e-06	2.98e-04	6.91e-02	4.01e-01	5.30e-01
 3.42451e+22	3.22e-30	7.29e-24	1.04e-18	1.69e-14	5.21e-11	3.12e-08	4.69e-06	3.23e-04	7.24e-02	4.06e-01	5.21e-01
 3.46080e+22	4.15e-30	9.17e-24	1.27e-18	2.02e-14	6.08e-11	3.56e-08	5.20e-06	3.47e-04	7.55e-02	4.11e-01	5.13e-01
 3.50797e+22	5.77e-30	1.24e-23	1.65e-18	2.54e-14	7.45e-11	4.23e-08	5.95e-06	3.81e-04	7.97e-02	4.18e-01	5.02e-01
 3.55800e+22	8.20e-30	1.70e-23	2.19e-18	3.26e-14	9.25e-11	5.08e-08	6.88e-06	4.21e-04	8.45e-02	4.25e-01	4.90e-01
 3.60061e+22	1.10e-29	2.21e-23	2.77e-18	4.00e-14	1.11e-10	5.91e-08	7.76e-06	4.58e-04	8.86e-02	4.31e-01	4.80e-01
 3.64490e+22	1.46e-29	2.85e-23	3.49e-18	4.89e-14	1.32e-10	6.87e-08	8.73e-06	4.97e-04	9.28e-02	4.36e-01	4.70e-01
 3.70247e+22	2.09e-29	3.96e-23	4.67e-18	6.31e-14	1.65e-10	8.31e-08	1.01e-05	5.51e-04	9.84e-02	4.43e-01	4.58e-01
 3.76138e+22	3.02e-29	5.52e-23	6.29e-18	8.20e-14	2.08e-10	1.01e-07	1.18e-05	6.13e-04	1.05e-01	4.50e-01	4.45e-01
 3.80872e+22	4.02e-29	7.16e-23	7.93e-18	1.00e-13	2.48e-10	1.18e-07	1.33e-05	6.66e-04	1.09e-01	4.55e-01	4.35e-01
 3.85695e+22	5.29e-29	9.18e-23	9.90e-18	1.22e-13	2.95e-10	1.36e-07	1.50e-05	7.21e-04	1.14e-01	4.60e-01	4.25e-01
 3.91965e+22	7.47e-29	1.26e-22	1.31e-17	1.56e-13	3.66e-10	1.63e-07	1.73e-05	7.97e-04	1.21e-01	4.66e-01	4.12e-01
 3.98552e+22	1.07e-28	1.74e-22	1.75e-17	2.02e-13	4.58e-10	1.98e-07	2.02e-05	8.85e-04	1.28e-01	4.72e-01	3.99e-01
 4.04104e+22	1.43e-28	2.27e-22	2.23e-17	2.49e-13	5.51e-10	2.31e-07	2.28e-05	9.63e-04	1.34e-01	4.76e-01	3.89e-01
 4.08808e+22	1.83e-28	2.84e-22	2.72e-17	2.97e-13	6.44e-10	2.64e-07	2.53e-05	1.04e-03	1.40e-01	4.80e-01	3.80e-01
 4.13859e+22	2.32e-28	3.52e-22	3.30e-17	3.52e-13	7.47e-10	3.00e-07	2.80e-05	1.11e-03	1.45e-01	4.83e-01	3.71e-01
 4.20426e+22	3.15e-28	4.65e-22	4.24e-17	4.39e-13	9.06e-10	3.53e-07	3.19e-05	1.21e-03	1.52e-01	4.87e-01	3.60e-01
 4.27242e+22	4.33e-28	6.21e-22	5.50e-17	5.51e-13	1.11e-09	4.19e-07	3.65e-05	1.33e-03	1.60e-01	4.91e-01	3.48e-01
 4.32837e+22	5.60e-28	7.87e-22	6.81e-17	6.65e-13	1.31e-09	4.82e-07	4.08e-05	1.44e-03	1.66e-01	4.94e-01	3.38e-01
 4.38564e+22	7.09e-28	9.75e-22	8.25e-17	7.88e-13	1.51e-09	5.46e-07	4.51e-05	1.54e-03	1.73e-01	4.96e-01	3.30e-01
 4.46009e+22	9.61e-28	1.29e-21	1.06e-16	9.81e-13	1.84e-09	6.44e-07	5.13e-05	1.68e-03	1.81e-01	4.99e-01	3.19e-01
 4.53790e+22	1.32e-27	1.72e-21	1.38e-16	1.24e-12	2.25e-09	7.64e-07	5.87e-05	1.84e-03	1.90e-01	5.02e-01	3.07e-01
 4.60260e+22	1.71e-27	2.18e-21	1.70e-16	1.49e-12	2.65e-09	8.80e-07	6.57e-05	1.99e-03	1.97e-01	5.03e-01	2.97e-01
 4.66922e+22	2.18e-27	2.72e-21	2.08e-16	1.77e-12	3.09e-09	1.00e-06	7.27e-05	2.13e-03	2.04e-01	5.05e-01	2.89e-01
 4.74310e+22	2.85e-27	3.48e-21	2.60e-16	2.16e-12	3.67e-09	1.16e-06	8.15e-05	2.30e-03	2.13e-01	5.06e-01	2.79e-01
 4.80986e+22	3.63e-27	4.35e-21	3.18e-16	2.58e-12	4.29e-09	1.32e-06	9.05e-05	2.47e-03	2.20e-01	5.07e-01	2.70e-01
 4.86940e+22	4.44e-27	5.23e-21	3.75e-16	2.98e-12	4.87e-09	1.47e-06	9.85e-05	2.62e-03	2.27e-01	5.07e-01	2.63e-01
 4.93611e+22	5.53e-27	6.38e-21	4.49e-16	3.49e-12	5.59e-09	1.65e-06	1.08e-04	2.79e-03	2.34e-01	5.08e-01	2.55e-01
 5.02282e+22	7.27e-27	8.21e-21	5.63e-16	4.27e-12	6.66e-09	1.92e-06	1.21e-04	3.02e-03	2.43e-01	5.08e-01	2.46e-01
 5.11351e+22	9.70e-27	1.07e-20	7.14e-16	5.26e-12	7.99e-09	2.24e-06	1.37e-04	3.28e-03	2.53e-01	5.07e-01	2.36e-01
 5.18903e+22	1.22e-26	1.32e-20	8.66e-16	6.23e-12	9.27e-09	2.53e-06	1.51e-04	3.50e-03	2.62e-01	5.07e-01	2.28e-01
 5.26690e+22	1.53e-26	1.62e-20	1.04e-15	7.33e-12	1.07e-08	2.86e-06	1.66e-04	3.73e-03	2.70e-01	5.06e-01	2.20e-01
 5.36813e+22	2.02e-26	2.10e-20	1.31e-15	8.98e-12	1.28e-08	3.32e-06	1.87e-04	4.03e-03	2.80e-01	5.05e-01	2.11e-01
 5.47501e+22	2.73e-26	2.76e-20	1.68e-15	1.12e-11	1.54e-08	3.89e-06	2.11e-04	4.38e-03	2.91e-01	5.03e-01	2.02e-01
 5.56487e+22	3.48e-26	3.45e-20	2.05e-15	1.33e-11	1.80e-08	4.42e-06	2.34e-04	4.69e-03	3.00e-01	5.01e-01	1.94e-01
 5.64199e+22	4.25e-26	4.14e-20	2.42e-15	1.54e-11	2.04e-08	4.91e-06	2.54e-04	4.95e-03	3.08e-01	4.99e-01	1.88e-01
 5.72689e+22	5.23e-26	5.01e-20	2.88e-15	1.79e-11	2.32e-08	5.48e-06	2.76e-04	5.24e-03	3.16e-01	4.97e-01	1.82e-01
 5.83726e+22	6.79e-26	6.36e-20	3.57e-15	2.16e-11	2.74e-08	6.29e-06	3.07e-04	5.63e-03	3.27e-01	4.94e-01	1.74e-01
 5.95431e+22	8.99e-26	8.23e-20	4.50e-15	2.64e-11	3.26e-08	7.29e-06	3.45e-04	6.07e-03	3.38e-01	4.90e-01	1.66e-01
 6.05449e+22	1.13e-25	1.02e-19	5.46e-15	3.13e-11	3.77e-08	8.23e-06	3.78e-04	6.46e-03	3.47e-01	4.87e-01	1.59e-01
 6.15918e+22	1.42e-25	1.25e-19	6.56e-15	3.68e-11	4.34e-08	9.24e-06	4.14e-04	6.85e-03	3.56e-01	4.84e-01	1.53e-01
 6.29528e+22	1.88e-25	1.62e-19	8.29e-15	4.51e-11	5.18e-08	1.07e-05	4.64e-04	7.39e-03	3.68e-01	4.79e-01	1.45e-01
 6.43985e+22	2.56e-25	2.14e-19	1.07e-14	5.61e-11	6.25e-08	1.25e-05	5.23e-04	8.00e-03	3.80e-01	4.74e-01	1.37e-01
 6.56414e+22	3.29e-25	2.70e-19	1.31e-14	6.73e-11	7.31e-08	1.43e-05	5.78e-04	8.53e-03	3.91e-01	4.69e-01	1.31e-01
 6.69445e+22	4.21e-25	3.38e-19	1.60e-14	8.03e-11	8.51e-08	1.62e-05	6.36e-04	9.08e-03	4.01e-01	4.64e-01	1.25e-01
 6.83967e+22	5.52e-25	4.33e-19	2.00e-14	9.74e-11	1.00e-07	1.85e-05	7.06e-04	9.72e-03	4.12e-01	4.58e-01	1.19e-01
 6.97555e+22	7.09e-25	5.44e-19	2.46e-14	1.16e-10	1.17e-07	2.10e-05	7.77e-04	1.03e-02	4.23e-01	4.53e-01	1.13e-01
 7.10360e+22	8.88e-25	6.68e-19	2.95e-14	1.37e-10	1.34e-07	2.35e-05	8.46e-04	1.09e-02	4.32e-01	4.48e-01	1.08e-01
 7.25023e+22	1.13e-24	8.35e-19	3.61e-14	1.63e-10	1.56e-07	2.67e-05	9.31e-04	1.16e-02	4.42e-01	4.42e-01	1.03e-01
 7.41396e+22	1.49e-24	1.07e-18	4.51e-14	1.97e-10	1.84e-07	3.05e-05	1.03e-03	1.24e-02	4.53e-01	4.35e-01	9.77e-02
 7.56701e+22	1.90e-24	1.34e-18	5.51e-14	2.35e-10	2.13e-07	3.44e-05	1.13e-03	1.31e-02	4.63e-01	4.29e-01	9.29e-02
 7.71107e+22	2.38e-24	1.64e-18	6.61e-14	2.75e-10	2.44e-07	3.85e-05	1.23e-03	1.39e-02	4.73e-01	4.24e-01	8.87e-02
 7.87638e+22	3.03e-24	2.04e-18	8.05e-14	3.27e-10	2.83e-07	4.34e-05	1.35e-03	1.47e-02	4.83e-01	4.17e-01	8.42e-02
 8.09128e+22	4.07e-24	2.68e-18	1.03e-13	4.03e-10	3.39e-07	5.03e-05	1.50e-03	1.57e-02	4.95e-01	4.09e-01	7.90e-02
 8.31287e+22	5.60e-24	3.57e-18	1.32e-13	5.02e-10	4.08e-07	5.84e-05	1.68e-03	1.69e-02	5.07e-01	4.01e-01	7.40e-02
 8.49252e+22	7.15e-24	4.47e-18	1.62e-13	5.99e-10	4.74e-07	6.62e-05	1.84e-03	1.79e-02	5.17e-01	3.93e-01	6.99e-02
 8.67542e+22	8.96e-24	5.49e-18	1.95e-13	7.02e-10	5.43e-07	7.39e-05	2.00e-03	1.88e-02	5.26e-01	3.87e-01	6.65e-02
 8.91319e+22	1.19e-23	7.09e-18	2.45e-13	8.56e-10	6.43e-07	8.47e-05	2.22e-03	2.01e-02	5.37e-01	3.78e-01	6.24e-02
 9.16956e+22	1.61e-23	9.38e-18	3.15e-13	1.07e-09	7.76e-07	9.88e-05	2.49e-03	2.16e-02	5.49e-01	3.69e-01	5.79e-02
 9.39041e+22	2.08e-23	1.18e-17	3.89e-13	1.28e-09	9.07e-07	1.12e-04	2.73e-03	2.29e-02	5.59e-01	3.61e-01	5.44e-02
 9.61778e+22	2.63e-23	1.47e-17	4.72e-13	1.51e-09	1.05e-06	1.26e-04	2.98e-03	2.41e-02	5.68e-01	3.53e-01	5.14e-02
 9.91336e+22	3.51e-23	1.91e-17	5.97e-13	1.86e-09	1.25e-06	1.45e-04	3.31e-03	2.57e-02	5.79e-01	3.44e-01	4.78e-02
 1.02094e+23	4.76e-23	2.54e-17	7.70e-13	2.32e-09	1.51e-06	1.70e-04	3.72e-03	2.76e-02	5.91e-01	3.34e-01	4.41e-02
 1.04271e+23	5.88e-23	3.07e-17	9.16e-13	2.70e-09	1.71e-06	1.89e-04	4.02e-03	2.90e-02	5.99e-01	3.27e-01	4.18e-02
 1.06314e+23	6.98e-23	3.61e-17	1.06e-12	3.06e-09	1.91e-06	2.06e-04	4.29e-03	3.02e-02	6.05e-01	3.20e-01	3.98e-02
 1.08970e+23	8.70e-23	4.42e-17	1.27e-12	3.60e-09	2.20e-06	2.31e-04	4.67e-03	3.18e-02	6.13e-01	3.13e-01	3.74e-02
 1.12423e+23	1.16e-22	5.74e-17	1.61e-12	4.40e-09	2.61e-06	2.65e-04	5.17e-03	3.38e-02	6.23e-01	3.03e-01	3.47e-02
 1.15953e+23	1.52e-22	7.37e-17	2.02e-12	5.37e-09	3.09e-06	3.05e-04	5.73e-03	3.60e-02	6.32e-01	2.94e-01	3.20e-02
 1.18819e+23	1.88e-22	9.01e-17	2.43e-12	6.31e-09	3.56e-06	3.42e-04	6.24e-03	3.79e-02	6.40e-01	2.86e-01	2.99e-02
 1.21782e+23	2.26e-22	1.07e-16	2.84e-12	7.24e-09	4.01e-06	3.77e-04	6.71e-03	3.96e-02	6.46e-01	2.79e-01	2.83e-02
 1.25635e+23	2.84e-22	1.33e-16	3.45e-12	8.58e-09	4.64e-06	4.25e-04	7.33e-03	4.18e-02	6.53e-01	2.71e-01	2.63e-02
 1.29978e+23	3.67e-22	1.69e-16	4.32e-12	1.05e-08	5.51e-06	4.90e-04	8.15e-03	4.45e-02	6.62e-01	2.61e-01	2.41e-02
 1.33933e+23	4.62e-22	2.10e-16	5.28e-12	1.25e-08	6.43e-06	5.57e-04	8.95e-03	4.71e-02	6.69e-01	2.52e-01	2.23e-02
 1.37430e+23	5.55e-22	2.50e-16	6.20e-12	1.44e-08	7.28e-06	6.16e-04	9.64e-03	4.93e-02	6.75e-01	2.45e-01	2.09e-02
 1.41355e+23	6.60e-22	2.95e-16	7.23e-12	1.65e-08	8.20e-06	6.80e-04	1.04e-02	5.15e-02	6.80e-01	2.38e-01	1.96e-02
 1.46457e+23	8.06e-22	3.57e-16	8.65e-12	1.94e-08	9.43e-06	7.64e-04	1.13e-02	5.43e-02	6.86e-01	2.30e-01	1.81e-02
 1.52390e+23	1.02e-21	4.48e-16	1.07e-11	2.34e-08	1.11e-05	8.76e-04	1.25e-02	5.77e-02	6.92e-01	2.20e-01	1.65e-02
 1.58156e+23	1.27e-21	5.55e-16	1.31e-11	2.80e-08	1.31e-05	1.00e-03	1.38e-02	6.12e-02	6.98e-01	2.11e-01	1.51e-02
 1.63375e+23	1.52e-21	6.61e-16	1.54e-11	3.25e-08	1.49e-05	1.11e-03	1.49e-02	6.42e-02	7.02e-01	2.04e-01	1.40e-02
 1.69127e+23	1.77e-21	7.66e-16	1.78e-11	3.69e-08	1.67e-05	1.22e-03	1.60e-02	6.69e-02	7.05e-01	1.98e-01	1.31e-02
 1.75888e+23	2.09e-21	9.09e-16	2.10e-11	4.29e-08	1.90e-05	1.37e-03	1.73e-02	7.02e-02	7.09e-01	1.90e-01	1.20e-02
 1.82886e+23	2.48e-21	1.08e-15	2.47e-11	4.97e-08	2.17e-05	1.52e-03	1.88e-02	7.37e-02	7.12e-01	1.83e-01	1.11e-02
 1.90165e+23	2.86e-21	1.24e-15	2.84e-11	5.65e-08	2.43e-05	1.67e-03	2.01e-02	7.69e-02	7.14e-01	1.77e-01	1.03e-02
 1.97895e+23	3.29e-21	1.43e-15	3.26e-11	6.41e-08	2.72e-05	1.84e-03	2.15e-02	8.01e-02	7.16e-01	1.71e-01	9.59e-03
 2.05934e+23	3.74e-21	1.63e-15	3.71e-11	7.20e-08	3.02e-05	2.00e-03	2.29e-02	8.32e-02	7.18e-01	1.65e-01	8.96e-03
 2.14295e+23	4.17e-21	1.83e-15	4.15e-11	8.00e-08	3.32e-05	2.17e-03	2.43e-02	8.61e-02	7.19e-01	1.60e-01	8.42e-03
 2.22904e+23	4.62e-21	2.04e-15	4.61e-11	8.81e-08	3.62e-05	2.33e-03	2.55e-02	8.88e-02	7.20e-01	1.56e-01	7.94e-03
 2.31162e+23	5.08e-21	2.25e-15	5.10e-11	9.66e-08	3.93e-05	2.49e-03	2.69e-02	9.15e-02	7.20e-01	1.51e-01	7.50e-03
 2.38594e+23	5.50e-21	2.44e-15	5.53e-11	1.04e-07	4.20e-05	2.63e-03	2.79e-02	9.37e-02	7.21e-01	1.48e-01	7.17e-03
 2.45282e+23	5.81e-21	2.60e-15	5.88e-11	1.10e-07	4.43e-05	2.75e-03	2.88e-02	9.55e-02	7.21e-01	1.45e-01	6.91e-03
 2.51302e+23	6.12e-21	2.74e-15	6.22e-11	1.16e-07	4.64e-05	2.86e-03	2.96e-02	9.71e-02	7.21e-01	1.43e-01	6.69e-03
 2.56720e+23	6.36e-21	2.86e-15	6.47e-11	1.21e-07	4.80e-05	2.94e-03	3.02e-02	9.83e-02	7.21e-01	1.41e-01	6.53e-03
 2.61596e+23	6.57e-21	2.96e-15	6.71e-11	1.25e-07	4.94e-05	3.01e-03	3.07e-02	9.93e-02	7.21e-01	1.40e-01	6.40e-03
 2.65985e+23	6.71e-21	3.03e-15	6.88e-11	1.28e-07	5.06e-05	3.07e-03	3.12e-02	1.00e-01	7.21e-01	1.39e-01	6.29e-03
 2.69935e+23	6.85e-21	3.10e-15	7.04e-11	1.30e-07	5.15e-05	3.12e-03	3.15e-02	1.01e-01	7.21e-01	1.38e-01	6.21e-03
 2.73489e+23	6.97e-21	3.16e-15	7.18e-11	1.33e-07	5.24e-05	3.16e-03	3.18e-02	1.01e-01	7.21e-01	1.37e-01	6.14e-03
 2.76701e+23	7.08e-21	3.21e-15	7.31e-11	1.35e-07	5.32e-05	3.20e-03	3.21e-02	1.02e-01	7.21e-01	1.36e-01	6.07e-03
 2.79755e+23	7.15e-21	3.24e-15	7.37e-11	1.36e-07	5.36e-05	3.22e-03	3.22e-02	1.02e-01	7.21e-01	1.36e-01	6.04e-03
 2.82810e+23	7.21e-21	3.27e-15	7.43e-11	1.37e-07	5.38e-05	3.23e-03	3.23e-02	1.02e-01	7.21e-01	1.36e-01	6.02e-03
 2.85865e+23	7.25e-21	3.29e-15	7.48e-11	1.38e-07	5.42e-05	3.25e-03	3.24e-02	1.03e-01	7.20e-01	1.35e-01	6.00e-03
 2.88920e+23	7.29e-21	3.31e-15	7.54e-11	1.39e-07	5.46e-05	3.27e-03	3.26e-02	1.03e-01	7.20e-01	1.35e-01	5.96e-03
 2.91975e+23	7.33e-21	3.33e-15	7.57e-11	1.40e-07	5.47e-05	3.27e-03	3.26e-02	1.03e-01	7.20e-01	1.35e-01	5.95e-03
 2.95029e+23	7.34e-21	3.34e-15	7.59e-11	1.40e-07	5.49e-05	3.28e-03	3.27e-02	1.03e-01	7.20e-01	1.35e-01	5.94e-03
 2.98084e+23	7.36e-21	3.35e-15	7.61e-11	1.40e-07	5.50e-05	3.29e-03	3.27e-02	1.03e-01	7.20e-01	1.34e-01	5.93e-03
 3.01139e+23	7.37e-21	3.35e-15	7.62e-11	1.40e-07	5.51e-05	3.29e-03	3.28e-02	1.03e-01	7.20e-01	1.34e-01	5.93e-03
 3.04074e+23	7.41e-21	3.37e-15	7.66e-11	1.41e-07	5.52e-05	3.30e-03	3.28e-02	1.03e-01	7.20e-01	1.34e-01	5.91e-03
