#depth	N	N+	N+2	N+3	N+4	N+5	N+6	N+7
 6.17135e+19	0.00e+00	0.00e+00	3.46e-28	4.11e-21	9.62e-15	5.72e-09	9.70e-05	1.00e+00
 1.87609e+20	0.00e+00	0.00e+00	5.17e-28	5.65e-21	1.22e-14	6.69e-09	1.05e-04	1.00e+00
 3.18540e+20	0.00e+00	0.00e+00	7.74e-28	7.77e-21	1.54e-14	7.84e-09	1.14e-04	1.00e+00
 4.54709e+20	0.00e+00	0.00e+00	1.16e-27	1.07e-20	1.94e-14	9.18e-09	1.24e-04	1.00e+00
 5.74411e+20	0.00e+00	0.00e+00	1.64e-27	1.40e-20	2.37e-14	1.05e-08	1.33e-04	1.00e+00
 6.66685e+20	0.00e+00	0.00e+00	2.12e-27	1.72e-20	2.75e-14	1.16e-08	1.40e-04	1.00e+00
 7.48882e+20	0.00e+00	0.00e+00	2.66e-27	2.05e-20	3.13e-14	1.27e-08	1.47e-04	1.00e+00
 8.41356e+20	0.00e+00	0.00e+00	3.41e-27	2.49e-20	3.61e-14	1.40e-08	1.55e-04	1.00e+00
 9.61573e+20	0.00e+00	0.00e+00	4.67e-27	3.19e-20	4.32e-14	1.58e-08	1.65e-04	1.00e+00
 1.08324e+21	0.00e+00	0.00e+00	6.37e-27	4.07e-20	5.16e-14	1.78e-08	1.76e-04	1.00e+00
 1.17841e+21	0.00e+00	0.00e+00	8.08e-27	4.90e-20	5.90e-14	1.95e-08	1.85e-04	1.00e+00
 1.27376e+21	0.00e+00	0.00e+00	1.02e-26	5.88e-20	6.73e-14	2.13e-08	1.94e-04	1.00e+00
 1.39771e+21	0.00e+00	0.00e+00	1.37e-26	7.41e-20	7.95e-14	2.39e-08	2.06e-04	1.00e+00
 1.52616e+21	0.00e+00	0.00e+00	1.86e-26	9.36e-20	9.41e-14	2.68e-08	2.19e-04	1.00e+00
 1.63080e+21	0.00e+00	0.00e+00	2.36e-26	1.13e-19	1.08e-13	2.94e-08	2.30e-04	1.00e+00
 1.73722e+21	0.00e+00	0.00e+00	3.00e-26	1.36e-19	1.23e-13	3.22e-08	2.42e-04	1.00e+00
 1.84877e+21	0.00e+00	0.00e+00	3.83e-26	1.64e-19	1.41e-13	3.54e-08	2.55e-04	1.00e+00
 1.94277e+21	0.00e+00	0.00e+00	4.69e-26	1.92e-19	1.57e-13	3.82e-08	2.66e-04	1.00e+00
 2.04073e+21	0.00e+00	0.00e+00	5.79e-26	2.25e-19	1.76e-13	4.14e-08	2.78e-04	1.00e+00
 2.16808e+21	0.00e+00	0.00e+00	7.55e-26	2.76e-19	2.04e-13	4.57e-08	2.94e-04	1.00e+00
 2.29610e+21	0.00e+00	0.00e+00	9.82e-26	3.38e-19	2.35e-13	5.05e-08	3.11e-04	1.00e+00
 2.39468e+21	0.00e+00	0.00e+00	1.20e-25	3.94e-19	2.61e-13	5.44e-08	3.24e-04	1.00e+00
 2.49251e+21	0.00e+00	0.00e+00	1.45e-25	4.57e-19	2.90e-13	5.85e-08	3.38e-04	1.00e+00
 2.61970e+21	0.00e+00	0.00e+00	1.86e-25	5.51e-19	3.31e-13	6.41e-08	3.56e-04	1.00e+00
 2.75084e+21	0.00e+00	0.00e+00	2.39e-25	6.67e-19	3.78e-13	7.04e-08	3.76e-04	1.00e+00
 2.85839e+21	0.00e+00	0.00e+00	2.93e-25	7.78e-19	4.20e-13	7.59e-08	3.92e-04	1.00e+00
 2.94817e+21	0.00e+00	0.00e+00	3.47e-25	8.83e-19	4.58e-13	8.07e-08	4.07e-04	1.00e+00
 3.04361e+21	0.00e+00	0.00e+00	4.12e-25	1.01e-18	5.02e-13	8.61e-08	4.23e-04	1.00e+00
 3.16767e+21	0.00e+00	0.00e+00	5.15e-25	1.19e-18	5.63e-13	9.34e-08	4.43e-04	1.00e+00
 3.29246e+21	0.00e+00	0.00e+00	6.42e-25	1.41e-18	6.31e-13	1.01e-07	4.65e-04	1.00e+00
 3.39030e+21	0.00e+00	0.00e+00	7.61e-25	1.60e-18	6.88e-13	1.08e-07	4.83e-04	1.00e+00
 3.48961e+21	0.00e+00	0.00e+00	9.03e-25	1.82e-18	7.50e-13	1.15e-07	5.01e-04	9.99e-01
 3.61870e+21	0.00e+00	0.00e+00	1.12e-24	2.14e-18	8.37e-13	1.24e-07	5.26e-04	9.99e-01
 3.74824e+21	0.00e+00	0.00e+00	1.40e-24	2.51e-18	9.33e-13	1.34e-07	5.52e-04	9.99e-01
 3.84935e+21	0.00e+00	0.00e+00	1.65e-24	2.84e-18	1.01e-12	1.43e-07	5.73e-04	9.99e-01
 3.95176e+21	0.00e+00	0.00e+00	1.95e-24	3.22e-18	1.10e-12	1.52e-07	5.95e-04	9.99e-01
 4.08491e+21	0.00e+00	0.00e+00	2.41e-24	3.76e-18	1.22e-12	1.64e-07	6.23e-04	9.99e-01
 4.21340e+21	0.00e+00	0.00e+00	2.95e-24	4.37e-18	1.34e-12	1.76e-07	6.52e-04	9.99e-01
 4.30648e+21	0.00e+00	0.00e+00	3.41e-24	4.86e-18	1.44e-12	1.85e-07	6.74e-04	9.99e-01
 4.39811e+21	0.00e+00	0.00e+00	3.92e-24	5.39e-18	1.54e-12	1.95e-07	6.96e-04	9.99e-01
 4.51723e+21	0.00e+00	0.00e+00	4.69e-24	6.15e-18	1.68e-12	2.08e-07	7.25e-04	9.99e-01
 4.64337e+21	0.00e+00	4.39e-31	5.67e-24	7.05e-18	1.83e-12	2.22e-07	7.57e-04	9.99e-01
 4.75157e+21	0.00e+00	5.38e-31	6.65e-24	7.92e-18	1.98e-12	2.35e-07	7.85e-04	9.99e-01
 4.84769e+21	0.00e+00	6.44e-31	7.65e-24	8.77e-18	2.11e-12	2.47e-07	8.11e-04	9.99e-01
 4.95517e+21	0.00e+00	7.83e-31	8.92e-24	9.81e-18	2.26e-12	2.61e-07	8.40e-04	9.99e-01
 5.09490e+21	0.00e+00	1.01e-30	1.09e-23	1.13e-17	2.47e-12	2.80e-07	8.80e-04	9.99e-01
 5.23411e+21	0.00e+00	1.29e-30	1.32e-23	1.30e-17	2.70e-12	3.00e-07	9.21e-04	9.99e-01
 5.34138e+21	0.00e+00	1.56e-30	1.53e-23	1.45e-17	2.89e-12	3.16e-07	9.53e-04	9.99e-01
 5.43466e+21	0.00e+00	1.84e-30	1.74e-23	1.59e-17	3.05e-12	3.30e-07	9.83e-04	9.99e-01
 5.54099e+21	0.00e+00	2.21e-30	2.01e-23	1.76e-17	3.25e-12	3.47e-07	1.02e-03	9.99e-01
 5.67922e+21	0.00e+00	2.80e-30	2.41e-23	2.00e-17	3.52e-12	3.70e-07	1.06e-03	9.99e-01
 5.81987e+21	0.00e+00	3.56e-30	2.90e-23	2.28e-17	3.82e-12	3.95e-07	1.11e-03	9.99e-01
 5.93243e+21	0.00e+00	4.29e-30	3.36e-23	2.53e-17	4.06e-12	4.16e-07	1.15e-03	9.99e-01
 6.04750e+21	0.00e+00	5.19e-30	3.88e-23	2.81e-17	4.33e-12	4.38e-07	1.19e-03	9.99e-01
 6.19708e+21	0.00e+00	6.62e-30	4.69e-23	3.21e-17	4.68e-12	4.67e-07	1.24e-03	9.99e-01
 6.34473e+21	0.00e+00	8.40e-30	5.64e-23	3.65e-17	5.06e-12	4.99e-07	1.30e-03	9.99e-01
 6.45650e+21	0.00e+00	1.00e-29	6.47e-23	4.03e-17	5.36e-12	5.23e-07	1.34e-03	9.99e-01
 6.56847e+21	0.00e+00	1.20e-29	7.40e-23	4.43e-17	5.67e-12	5.49e-07	1.39e-03	9.99e-01
 6.71403e+21	0.00e+00	1.50e-29	8.81e-23	5.00e-17	6.09e-12	5.84e-07	1.45e-03	9.99e-01
 6.86608e+21	0.00e+00	1.89e-29	1.05e-22	5.68e-17	6.56e-12	6.22e-07	1.51e-03	9.98e-01
 6.99349e+21	0.00e+00	2.30e-29	1.23e-22	6.31e-17	6.97e-12	6.56e-07	1.57e-03	9.98e-01
 7.12605e+21	0.00e+00	2.80e-29	1.43e-22	7.01e-17	7.43e-12	6.92e-07	1.63e-03	9.98e-01
 7.27464e+21	0.00e+00	3.49e-29	1.69e-22	7.90e-17	7.96e-12	7.35e-07	1.70e-03	9.98e-01
 7.41264e+21	0.00e+00	4.27e-29	1.97e-22	8.81e-17	8.48e-12	7.77e-07	1.76e-03	9.98e-01
 7.53653e+21	0.00e+00	5.10e-29	2.26e-22	9.70e-17	8.98e-12	8.17e-07	1.82e-03	9.98e-01
 7.67352e+21	0.00e+00	6.19e-29	2.63e-22	1.08e-16	9.55e-12	8.62e-07	1.89e-03	9.98e-01
 7.82755e+21	0.00e+00	7.69e-29	3.11e-22	1.21e-16	1.02e-11	9.16e-07	1.96e-03	9.98e-01
 7.97232e+21	0.00e+00	9.40e-29	3.63e-22	1.35e-16	1.09e-11	9.70e-07	2.04e-03	9.98e-01
 8.10738e+21	0.00e+00	1.13e-28	4.19e-22	1.50e-16	1.16e-11	1.02e-06	2.11e-03	9.98e-01
 8.26121e+21	0.00e+00	1.39e-28	4.91e-22	1.68e-16	1.24e-11	1.08e-06	2.19e-03	9.98e-01
 8.43222e+21	0.00e+00	1.75e-28	5.86e-22	1.90e-16	1.33e-11	1.16e-06	2.28e-03	9.98e-01
 8.58588e+21	0.00e+00	2.14e-28	6.86e-22	2.12e-16	1.43e-11	1.23e-06	2.37e-03	9.98e-01
 8.72229e+21	0.00e+00	2.55e-28	7.87e-22	2.34e-16	1.51e-11	1.29e-06	2.45e-03	9.98e-01
 8.87594e+21	0.00e+00	3.11e-28	9.17e-22	2.61e-16	1.62e-11	1.37e-06	2.54e-03	9.97e-01
 9.07568e+21	0.00e+00	3.99e-28	1.11e-21	3.00e-16	1.76e-11	1.47e-06	2.65e-03	9.97e-01
 9.27882e+21	0.00e+00	5.14e-28	1.36e-21	3.46e-16	1.92e-11	1.58e-06	2.78e-03	9.97e-01
 9.44229e+21	0.00e+00	6.27e-28	1.59e-21	3.88e-16	2.06e-11	1.68e-06	2.88e-03	9.97e-01
 9.61073e+21	0.00e+00	7.67e-28	1.86e-21	4.34e-16	2.21e-11	1.79e-06	2.98e-03	9.97e-01
 9.82970e+21	0.00e+00	9.91e-28	2.27e-21	5.03e-16	2.42e-11	1.93e-06	3.12e-03	9.97e-01
 1.00470e+22	0.00e+00	1.28e-27	2.78e-21	5.82e-16	2.66e-11	2.08e-06	3.27e-03	9.97e-01
 1.02138e+22	0.00e+00	1.55e-27	3.23e-21	6.50e-16	2.85e-11	2.21e-06	3.38e-03	9.97e-01
 1.03821e+22	0.00e+00	1.87e-27	3.75e-21	7.25e-16	3.06e-11	2.34e-06	3.49e-03	9.97e-01
 1.06008e+22	0.00e+00	2.38e-27	4.54e-21	8.34e-16	3.34e-11	2.51e-06	3.64e-03	9.96e-01
 1.08330e+22	0.00e+00	3.06e-27	5.55e-21	9.68e-16	3.68e-11	2.72e-06	3.81e-03	9.96e-01
 1.10338e+22	0.00e+00	3.80e-27	6.59e-21	1.10e-15	4.00e-11	2.90e-06	3.95e-03	9.96e-01
 1.12182e+22	0.00e+00	4.61e-27	7.69e-21	1.23e-15	4.31e-11	3.08e-06	4.08e-03	9.96e-01
 1.14300e+22	0.00e+00	5.74e-27	9.16e-21	1.40e-15	4.70e-11	3.30e-06	4.24e-03	9.96e-01
 1.16608e+22	0.00e+00	7.27e-27	1.11e-20	1.62e-15	5.15e-11	3.55e-06	4.42e-03	9.96e-01
 1.18685e+22	0.00e+00	8.97e-27	1.31e-20	1.83e-15	5.60e-11	3.79e-06	4.58e-03	9.95e-01
 1.20907e+22	0.00e+00	1.12e-26	1.56e-20	2.09e-15	6.11e-11	4.06e-06	4.75e-03	9.95e-01
 1.23395e+22	0.00e+00	1.42e-26	1.89e-20	2.42e-15	6.74e-11	4.38e-06	4.95e-03	9.95e-01
 1.25729e+22	0.00e+00	1.78e-26	2.27e-20	2.77e-15	7.39e-11	4.69e-06	5.14e-03	9.95e-01
 1.27928e+22	0.00e+00	2.19e-26	2.68e-20	3.14e-15	8.05e-11	5.01e-06	5.32e-03	9.95e-01
 1.30451e+22	0.00e+00	2.77e-26	3.24e-20	3.63e-15	8.86e-11	5.39e-06	5.53e-03	9.94e-01
 1.33256e+22	0.00e+00	3.59e-26	3.98e-20	4.24e-15	9.86e-11	5.84e-06	5.77e-03	9.94e-01
 1.35865e+22	0.00e+00	4.54e-26	4.82e-20	4.90e-15	1.09e-10	6.29e-06	6.00e-03	9.94e-01
 1.38697e+22	0.00e+00	5.83e-26	5.90e-20	5.72e-15	1.21e-10	6.80e-06	6.26e-03	9.94e-01
 1.41676e+22	0.00e+00	7.56e-26	7.28e-20	6.71e-15	1.35e-10	7.38e-06	6.53e-03	9.93e-01
 1.44204e+22	0.00e+00	9.41e-26	8.69e-20	7.68e-15	1.48e-10	7.91e-06	6.77e-03	9.93e-01
 1.46851e+22	0.00e+00	1.18e-25	1.04e-19	8.82e-15	1.63e-10	8.48e-06	7.02e-03	9.93e-01
 1.50292e+22	0.00e+00	1.56e-25	1.31e-19	1.05e-14	1.84e-10	9.28e-06	7.36e-03	9.93e-01
 1.53802e+22	0.00e+00	2.09e-25	1.66e-19	1.26e-14	2.09e-10	1.02e-05	7.71e-03	9.92e-01
 1.56602e+22	0.00e+00	2.62e-25	2.00e-19	1.45e-14	2.30e-10	1.09e-05	8.00e-03	9.92e-01
 1.59443e+22	0.00e+00	3.29e-25	2.40e-19	1.67e-14	2.54e-10	1.17e-05	8.30e-03	9.92e-01
 1.63135e+22	0.00e+00	4.38e-25	3.03e-19	2.00e-14	2.88e-10	1.28e-05	8.69e-03	9.91e-01
 1.66966e+22	0.00e+00	5.90e-25	3.86e-19	2.41e-14	3.28e-10	1.41e-05	9.12e-03	9.91e-01
 1.70139e+22	0.00e+00	7.53e-25	4.71e-19	2.81e-14	3.65e-10	1.52e-05	9.48e-03	9.91e-01
 1.72803e+22	0.00e+00	9.21e-25	5.55e-19	3.19e-14	3.99e-10	1.62e-05	9.79e-03	9.90e-01
 1.75643e+22	0.00e+00	1.14e-24	6.60e-19	3.65e-14	4.38e-10	1.73e-05	1.01e-02	9.90e-01
 1.79337e+22	0.00e+00	1.49e-24	8.21e-19	4.32e-14	4.93e-10	1.88e-05	1.06e-02	9.89e-01
 1.83122e+22	0.00e+00	1.96e-24	1.03e-18	5.15e-14	5.58e-10	2.05e-05	1.10e-02	9.89e-01
 1.86173e+22	0.00e+00	2.45e-24	1.23e-18	5.91e-14	6.15e-10	2.20e-05	1.14e-02	9.89e-01
 1.89283e+22	0.00e+00	3.05e-24	1.48e-18	6.80e-14	6.79e-10	2.35e-05	1.18e-02	9.88e-01
 1.92576e+22	0.00e+00	3.85e-24	1.79e-18	7.88e-14	7.53e-10	2.53e-05	1.23e-02	9.88e-01
 1.95388e+22	0.00e+00	4.69e-24	2.10e-18	8.94e-14	8.23e-10	2.69e-05	1.27e-02	9.87e-01
 1.98321e+22	0.00e+00	5.75e-24	2.48e-18	1.02e-13	9.01e-10	2.86e-05	1.31e-02	9.87e-01
 2.01633e+22	4.54e-31	7.15e-24	2.97e-18	1.17e-13	9.95e-10	3.07e-05	1.35e-02	9.86e-01
 2.04813e+22	5.91e-31	8.94e-24	3.56e-18	1.35e-13	1.10e-09	3.28e-05	1.40e-02	9.86e-01
 2.07753e+22	7.48e-31	1.09e-23	4.19e-18	1.53e-13	1.20e-09	3.49e-05	1.44e-02	9.86e-01
 2.10426e+22	9.25e-31	1.31e-23	4.86e-18	1.71e-13	1.30e-09	3.69e-05	1.48e-02	9.85e-01
 2.13323e+22	1.16e-30	1.58e-23	5.69e-18	1.94e-13	1.42e-09	3.92e-05	1.53e-02	9.85e-01
 2.16517e+22	1.48e-30	1.94e-23	6.73e-18	2.21e-13	1.56e-09	4.17e-05	1.58e-02	9.84e-01
 2.19461e+22	1.87e-30	2.38e-23	7.93e-18	2.51e-13	1.71e-09	4.44e-05	1.63e-02	9.84e-01
 2.22139e+22	2.31e-30	2.83e-23	9.17e-18	2.81e-13	1.85e-09	4.69e-05	1.67e-02	9.83e-01
 2.25109e+22	2.89e-30	3.43e-23	1.07e-17	3.17e-13	2.02e-09	4.97e-05	1.72e-02	9.83e-01
 2.28971e+22	3.87e-30	4.39e-23	1.31e-17	3.71e-13	2.26e-09	5.36e-05	1.79e-02	9.82e-01
 2.32843e+22	5.25e-30	5.68e-23	1.62e-17	4.38e-13	2.53e-09	5.80e-05	1.86e-02	9.81e-01
 2.35655e+22	6.46e-30	6.77e-23	1.88e-17	4.90e-13	2.75e-09	6.12e-05	1.91e-02	9.81e-01
 2.38237e+22	7.84e-30	7.98e-23	2.15e-17	5.44e-13	2.96e-09	6.43e-05	1.96e-02	9.80e-01
 2.41593e+22	1.00e-29	9.85e-23	2.55e-17	6.23e-13	3.26e-09	6.86e-05	2.02e-02	9.80e-01
 2.45145e+22	1.31e-29	1.24e-22	3.07e-17	7.20e-13	3.61e-09	7.35e-05	2.09e-02	9.79e-01
 2.48156e+22	1.64e-29	1.50e-22	3.60e-17	8.14e-13	3.94e-09	7.79e-05	2.15e-02	9.78e-01
 2.51277e+22	2.07e-29	1.82e-22	4.22e-17	9.22e-13	4.30e-09	8.26e-05	2.21e-02	9.78e-01
 2.55335e+22	2.78e-29	2.33e-22	5.18e-17	1.08e-12	4.82e-09	8.91e-05	2.30e-02	9.77e-01
 2.59387e+22	3.79e-29	3.04e-22	6.45e-17	1.28e-12	5.43e-09	9.65e-05	2.39e-02	9.76e-01
 2.62443e+22	4.70e-29	3.65e-22	7.50e-17	1.44e-12	5.91e-09	1.02e-04	2.45e-02	9.75e-01
 2.65426e+22	5.84e-29	4.38e-22	8.72e-17	1.62e-12	6.42e-09	1.08e-04	2.52e-02	9.75e-01
 2.69304e+22	7.72e-29	5.56e-22	1.06e-16	1.89e-12	7.16e-09	1.16e-04	2.61e-02	9.74e-01
 2.73192e+22	1.03e-28	7.09e-22	1.30e-16	2.21e-12	8.00e-09	1.24e-04	2.71e-02	9.73e-01
 2.76186e+22	1.28e-28	8.54e-22	1.51e-16	2.50e-12	8.71e-09	1.32e-04	2.78e-02	9.72e-01
 2.79173e+22	1.59e-28	1.02e-21	1.75e-16	2.80e-12	9.46e-09	1.39e-04	2.86e-02	9.71e-01
 2.83055e+22	2.09e-28	1.29e-21	2.13e-16	3.26e-12	1.05e-08	1.49e-04	2.96e-02	9.70e-01
 2.87095e+22	2.80e-28	1.66e-21	2.62e-16	3.83e-12	1.18e-08	1.61e-04	3.07e-02	9.69e-01
 2.90388e+22	3.60e-28	2.05e-21	3.11e-16	4.39e-12	1.30e-08	1.71e-04	3.16e-02	9.68e-01
 2.93239e+22	4.37e-28	2.42e-21	3.57e-16	4.89e-12	1.40e-08	1.80e-04	3.24e-02	9.67e-01
 2.96463e+22	5.49e-28	2.94e-21	4.19e-16	5.54e-12	1.53e-08	1.91e-04	3.33e-02	9.66e-01
 3.00654e+22	7.37e-28	3.77e-21	5.15e-16	6.52e-12	1.72e-08	2.05e-04	3.46e-02	9.65e-01
 3.04982e+22	1.01e-27	4.91e-21	6.41e-16	7.73e-12	1.94e-08	2.22e-04	3.59e-02	9.64e-01
 3.08495e+22	1.30e-27	6.11e-21	7.68e-16	8.90e-12	2.14e-08	2.37e-04	3.71e-02	9.63e-01
 3.12068e+22	1.65e-27	7.50e-21	9.09e-16	1.02e-11	2.35e-08	2.52e-04	3.82e-02	9.62e-01
 3.16713e+22	2.27e-27	9.83e-21	1.14e-15	1.21e-11	2.66e-08	2.73e-04	3.97e-02	9.60e-01
 3.21421e+22	3.15e-27	1.30e-20	1.44e-15	1.46e-11	3.03e-08	2.97e-04	4.14e-02	9.58e-01
 3.25147e+22	4.09e-27	1.62e-20	1.72e-15	1.68e-11	3.36e-08	3.17e-04	4.27e-02	9.57e-01
 3.28930e+22	5.24e-27	2.01e-20	2.06e-15	1.93e-11	3.70e-08	3.38e-04	4.40e-02	9.56e-01
 3.33848e+22	7.24e-27	2.64e-20	2.58e-15	2.31e-11	4.20e-08	3.67e-04	4.58e-02	9.54e-01
 3.38751e+22	1.00e-26	3.49e-20	3.26e-15	2.77e-11	4.79e-08	3.99e-04	4.77e-02	9.52e-01
 3.42451e+22	1.29e-26	4.31e-20	3.89e-15	3.19e-11	5.28e-08	4.26e-04	4.92e-02	9.50e-01
 3.46080e+22	1.60e-26	5.21e-20	4.55e-15	3.61e-11	5.77e-08	4.51e-04	5.06e-02	9.49e-01
 3.50797e+22	2.14e-26	6.66e-20	5.59e-15	4.25e-11	6.48e-08	4.85e-04	5.24e-02	9.47e-01
 3.55800e+22	2.92e-26	8.68e-20	6.97e-15	5.06e-11	7.33e-08	5.26e-04	5.45e-02	9.45e-01
 3.60061e+22	3.77e-26	1.08e-19	8.37e-15	5.85e-11	8.13e-08	5.62e-04	5.63e-02	9.43e-01
 3.64490e+22	4.86e-26	1.34e-19	1.00e-14	6.75e-11	9.00e-08	6.01e-04	5.81e-02	9.41e-01
 3.70247e+22	6.71e-26	1.77e-19	1.26e-14	8.11e-11	1.03e-07	6.54e-04	6.05e-02	9.39e-01
 3.76138e+22	9.34e-26	2.35e-19	1.60e-14	9.79e-11	1.17e-07	7.13e-04	6.31e-02	9.36e-01
 3.80872e+22	1.21e-25	2.93e-19	1.93e-14	1.14e-10	1.30e-07	7.63e-04	6.52e-02	9.34e-01
 3.85695e+22	1.55e-25	3.62e-19	2.30e-14	1.31e-10	1.44e-07	8.15e-04	6.72e-02	9.32e-01
 3.91965e+22	2.12e-25	4.74e-19	2.89e-14	1.57e-10	1.64e-07	8.86e-04	7.00e-02	9.29e-01
 3.98552e+22	2.94e-25	6.27e-19	3.66e-14	1.89e-10	1.88e-07	9.67e-04	7.29e-02	9.26e-01
 4.04104e+22	3.84e-25	7.90e-19	4.44e-14	2.21e-10	2.10e-07	1.04e-03	7.55e-02	9.23e-01
 4.08808e+22	4.83e-25	9.61e-19	5.24e-14	2.52e-10	2.31e-07	1.10e-03	7.77e-02	9.21e-01
 4.13859e+22	6.00e-25	1.16e-18	6.12e-14	2.86e-10	2.53e-07	1.17e-03	7.99e-02	9.19e-01
 4.20426e+22	7.95e-25	1.48e-18	7.52e-14	3.37e-10	2.85e-07	1.26e-03	8.29e-02	9.16e-01
 4.27242e+22	1.07e-24	1.90e-18	9.31e-14	4.00e-10	3.23e-07	1.37e-03	8.61e-02	9.13e-01
 4.32837e+22	1.36e-24	2.35e-18	1.11e-13	4.62e-10	3.58e-07	1.46e-03	8.88e-02	9.10e-01
 4.38564e+22	1.69e-24	2.83e-18	1.30e-13	5.24e-10	3.92e-07	1.55e-03	9.13e-02	9.07e-01
 4.46009e+22	2.25e-24	3.61e-18	1.60e-13	6.20e-10	4.43e-07	1.68e-03	9.47e-02	9.04e-01
 4.53790e+22	3.03e-24	4.67e-18	1.99e-13	7.39e-10	5.03e-07	1.82e-03	9.85e-02	9.00e-01
 4.60260e+22	3.89e-24	5.79e-18	2.39e-13	8.55e-10	5.59e-07	1.95e-03	1.02e-01	8.96e-01
 4.66922e+22	4.86e-24	7.02e-18	2.81e-13	9.76e-10	6.15e-07	2.08e-03	1.05e-01	8.93e-01
 4.74310e+22	6.28e-24	8.75e-18	3.39e-13	1.14e-09	6.87e-07	2.23e-03	1.08e-01	8.90e-01
 4.80986e+22	7.93e-24	1.07e-17	4.02e-13	1.30e-09	7.60e-07	2.38e-03	1.12e-01	8.86e-01
 4.86940e+22	9.57e-24	1.26e-17	4.61e-13	1.46e-09	8.24e-07	2.51e-03	1.14e-01	8.83e-01
 4.93611e+22	1.18e-23	1.51e-17	5.37e-13	1.65e-09	9.02e-07	2.66e-03	1.17e-01	8.80e-01
 5.02282e+22	1.53e-23	1.89e-17	6.51e-13	1.93e-09	1.01e-06	2.86e-03	1.21e-01	8.76e-01
 5.11351e+22	2.01e-23	2.40e-17	7.96e-13	2.27e-09	1.14e-06	3.09e-03	1.26e-01	8.71e-01
 5.18903e+22	2.52e-23	2.90e-17	9.38e-13	2.59e-09	1.25e-06	3.28e-03	1.29e-01	8.67e-01
 5.26690e+22	3.12e-23	3.49e-17	1.10e-12	2.95e-09	1.38e-06	3.49e-03	1.33e-01	8.63e-01
 5.36813e+22	4.07e-23	4.40e-17	1.33e-12	3.45e-09	1.55e-06	3.76e-03	1.38e-01	8.59e-01
 5.47501e+22	5.42e-23	5.63e-17	1.65e-12	4.10e-09	1.75e-06	4.07e-03	1.43e-01	8.53e-01
 5.56487e+22	6.83e-23	6.88e-17	1.95e-12	4.70e-09	1.94e-06	4.34e-03	1.47e-01	8.48e-01
 5.64199e+22	8.27e-23	8.12e-17	2.25e-12	5.27e-09	2.11e-06	4.58e-03	1.51e-01	8.45e-01
 5.72689e+22	1.01e-22	9.63e-17	2.60e-12	5.93e-09	2.30e-06	4.84e-03	1.55e-01	8.41e-01
 5.83726e+22	1.30e-22	1.20e-16	3.13e-12	6.90e-09	2.57e-06	5.20e-03	1.60e-01	8.35e-01
 5.95431e+22	1.69e-22	1.51e-16	3.81e-12	8.10e-09	2.89e-06	5.61e-03	1.65e-01	8.29e-01
 6.05449e+22	2.11e-22	1.83e-16	4.48e-12	9.25e-09	3.19e-06	5.97e-03	1.70e-01	8.24e-01
 6.15918e+22	2.61e-22	2.20e-16	5.24e-12	1.05e-08	3.50e-06	6.33e-03	1.74e-01	8.19e-01
 6.29528e+22	3.43e-22	2.78e-16	6.39e-12	1.23e-08	3.94e-06	6.83e-03	1.80e-01	8.13e-01
 6.43985e+22	4.58e-22	3.57e-16	7.91e-12	1.47e-08	4.48e-06	7.41e-03	1.87e-01	8.06e-01
 6.56414e+22	5.82e-22	4.39e-16	9.43e-12	1.69e-08	4.97e-06	7.92e-03	1.93e-01	8.00e-01
 6.69445e+22	7.36e-22	5.38e-16	1.12e-11	1.95e-08	5.51e-06	8.45e-03	1.98e-01	7.93e-01
 6.83967e+22	9.48e-22	6.70e-16	1.35e-11	2.26e-08	6.16e-06	9.07e-03	2.04e-01	7.87e-01
 6.97555e+22	1.20e-21	8.22e-16	1.60e-11	2.61e-08	6.83e-06	9.69e-03	2.10e-01	7.80e-01
 7.10360e+22	1.48e-21	9.86e-16	1.87e-11	2.95e-08	7.49e-06	1.03e-02	2.16e-01	7.74e-01
 7.25023e+22	1.88e-21	1.21e-15	2.22e-11	3.40e-08	8.30e-06	1.10e-02	2.22e-01	7.67e-01
 7.41396e+22	2.42e-21	1.50e-15	2.68e-11	3.95e-08	9.27e-06	1.17e-02	2.28e-01	7.60e-01
 7.56701e+22	3.04e-21	1.83e-15	3.17e-11	4.53e-08	1.02e-05	1.25e-02	2.35e-01	7.53e-01
 7.71107e+22	3.76e-21	2.20e-15	3.69e-11	5.13e-08	1.12e-05	1.33e-02	2.40e-01	7.46e-01
 7.87638e+22	4.73e-21	2.69e-15	4.37e-11	5.89e-08	1.24e-05	1.41e-02	2.47e-01	7.39e-01
 8.09128e+22	6.26e-21	3.42e-15	5.37e-11	6.95e-08	1.40e-05	1.52e-02	2.55e-01	7.30e-01
 8.31287e+22	8.34e-21	4.37e-15	6.60e-11	8.21e-08	1.59e-05	1.65e-02	2.63e-01	7.20e-01
 8.49252e+22	1.06e-20	5.38e-15	7.88e-11	9.48e-08	1.76e-05	1.76e-02	2.70e-01	7.12e-01
 8.67542e+22	1.31e-20	6.47e-15	9.20e-11	1.07e-07	1.93e-05	1.86e-02	2.77e-01	7.05e-01
 8.91319e+22	1.71e-20	8.13e-15	1.12e-10	1.26e-07	2.17e-05	2.00e-02	2.85e-01	6.95e-01
 9.16956e+22	2.31e-20	1.05e-14	1.39e-10	1.50e-07	2.47e-05	2.17e-02	2.94e-01	6.84e-01
 9.39041e+22	2.96e-20	1.31e-14	1.67e-10	1.74e-07	2.75e-05	2.32e-02	3.02e-01	6.75e-01
 9.61778e+22	3.71e-20	1.59e-14	1.97e-10	2.00e-07	3.04e-05	2.46e-02	3.09e-01	6.66e-01
 9.91336e+22	4.90e-20	2.02e-14	2.41e-10	2.35e-07	3.43e-05	2.65e-02	3.18e-01	6.55e-01
 1.02094e+23	6.65e-20	2.63e-14	3.03e-10	2.83e-07	3.92e-05	2.88e-02	3.28e-01	6.43e-01
 1.04271e+23	8.18e-20	3.15e-14	3.52e-10	3.20e-07	4.29e-05	3.04e-02	3.35e-01	6.34e-01
 1.06314e+23	9.77e-20	3.67e-14	4.02e-10	3.56e-07	4.64e-05	3.19e-02	3.41e-01	6.27e-01
 1.08970e+23	1.22e-19	4.46e-14	4.74e-10	4.08e-07	5.13e-05	3.39e-02	3.49e-01	6.17e-01
 1.12423e+23	1.61e-19	5.66e-14	5.80e-10	4.81e-07	5.78e-05	3.65e-02	3.58e-01	6.05e-01
 1.15953e+23	2.13e-19	7.20e-14	7.12e-10	5.68e-07	6.53e-05	3.93e-02	3.68e-01	5.93e-01
 1.18819e+23	2.68e-19	8.79e-14	8.45e-10	6.54e-07	7.23e-05	4.17e-02	3.76e-01	5.82e-01
 1.21782e+23	3.25e-19	1.04e-13	9.75e-10	7.35e-07	7.88e-05	4.40e-02	3.83e-01	5.73e-01
 1.25635e+23	4.13e-19	1.28e-13	1.16e-09	8.50e-07	8.76e-05	4.68e-02	3.91e-01	5.62e-01
 1.29978e+23	5.49e-19	1.64e-13	1.44e-09	1.01e-06	9.97e-05	5.06e-02	4.01e-01	5.48e-01
 1.33933e+23	7.08e-19	2.05e-13	1.74e-09	1.19e-06	1.12e-04	5.41e-02	4.10e-01	5.36e-01
 1.37430e+23	8.69e-19	2.45e-13	2.03e-09	1.35e-06	1.23e-04	5.71e-02	4.17e-01	5.26e-01
 1.41355e+23	1.06e-18	2.91e-13	2.36e-09	1.52e-06	1.34e-04	6.02e-02	4.24e-01	5.15e-01
 1.46457e+23	1.34e-18	3.57e-13	2.81e-09	1.76e-06	1.49e-04	6.41e-02	4.32e-01	5.03e-01
 1.52390e+23	1.76e-18	4.53e-13	3.46e-09	2.09e-06	1.69e-04	6.89e-02	4.42e-01	4.89e-01
 1.58156e+23	2.29e-18	5.72e-13	4.23e-09	2.48e-06	1.91e-04	7.40e-02	4.51e-01	4.75e-01
 1.63375e+23	2.85e-18	6.91e-13	4.99e-09	2.84e-06	2.12e-04	7.84e-02	4.58e-01	4.63e-01
 1.69127e+23	3.43e-18	8.15e-13	5.76e-09	3.20e-06	2.31e-04	8.25e-02	4.65e-01	4.53e-01
 1.75888e+23	4.28e-18	9.89e-13	6.82e-09	3.69e-06	2.56e-04	8.75e-02	4.72e-01	4.40e-01
 1.82886e+23	5.31e-18	1.20e-12	8.06e-09	4.25e-06	2.84e-04	9.28e-02	4.79e-01	4.28e-01
 1.90165e+23	6.41e-18	1.41e-12	9.33e-09	4.81e-06	3.11e-04	9.76e-02	4.85e-01	4.17e-01
 1.97895e+23	7.72e-18	1.67e-12	1.08e-08	5.43e-06	3.40e-04	1.03e-01	4.91e-01	4.06e-01
 2.05934e+23	9.15e-18	1.94e-12	1.23e-08	6.07e-06	3.69e-04	1.07e-01	4.96e-01	3.96e-01
 2.14295e+23	1.07e-17	2.22e-12	1.39e-08	6.72e-06	3.98e-04	1.12e-01	5.00e-01	3.87e-01
 2.22904e+23	1.23e-17	2.51e-12	1.55e-08	7.38e-06	4.27e-04	1.16e-01	5.04e-01	3.79e-01
 2.31162e+23	1.40e-17	2.83e-12	1.72e-08	8.08e-06	4.56e-04	1.21e-01	5.08e-01	3.71e-01
 2.38594e+23	1.56e-17	3.11e-12	1.87e-08	8.67e-06	4.80e-04	1.24e-01	5.11e-01	3.65e-01
 2.45282e+23	1.70e-17	3.36e-12	2.00e-08	9.19e-06	5.01e-04	1.27e-01	5.13e-01	3.59e-01
 2.51302e+23	1.83e-17	3.58e-12	2.12e-08	9.65e-06	5.20e-04	1.30e-01	5.15e-01	3.55e-01
 2.56720e+23	1.93e-17	3.76e-12	2.21e-08	1.00e-05	5.34e-04	1.31e-01	5.16e-01	3.52e-01
 2.61596e+23	2.03e-17	3.92e-12	2.30e-08	1.03e-05	5.47e-04	1.33e-01	5.17e-01	3.49e-01
 2.65985e+23	2.10e-17	4.05e-12	2.36e-08	1.06e-05	5.57e-04	1.35e-01	5.18e-01	3.47e-01
 2.69935e+23	2.16e-17	4.16e-12	2.42e-08	1.08e-05	5.66e-04	1.36e-01	5.19e-01	3.45e-01
 2.73489e+23	2.22e-17	4.26e-12	2.47e-08	1.10e-05	5.74e-04	1.37e-01	5.20e-01	3.43e-01
 2.76701e+23	2.27e-17	4.35e-12	2.52e-08	1.12e-05	5.80e-04	1.37e-01	5.20e-01	3.42e-01
 2.79755e+23	2.30e-17	4.39e-12	2.54e-08	1.13e-05	5.83e-04	1.38e-01	5.20e-01	3.41e-01
 2.82810e+23	2.32e-17	4.42e-12	2.56e-08	1.13e-05	5.85e-04	1.38e-01	5.21e-01	3.41e-01
 2.85865e+23	2.34e-17	4.46e-12	2.58e-08	1.14e-05	5.89e-04	1.39e-01	5.21e-01	3.40e-01
 2.88920e+23	2.37e-17	4.51e-12	2.60e-08	1.15e-05	5.92e-04	1.39e-01	5.21e-01	3.39e-01
 2.91975e+23	2.38e-17	4.53e-12	2.61e-08	1.15e-05	5.93e-04	1.39e-01	5.21e-01	3.39e-01
 2.95029e+23	2.39e-17	4.54e-12	2.62e-08	1.16e-05	5.95e-04	1.39e-01	5.21e-01	3.39e-01
 2.98084e+23	2.40e-17	4.55e-12	2.62e-08	1.16e-05	5.95e-04	1.39e-01	5.21e-01	3.39e-01
 3.01139e+23	2.40e-17	4.56e-12	2.63e-08	1.16e-05	5.96e-04	1.40e-01	5.21e-01	3.38e-01
 3.04074e+23	2.41e-17	4.59e-12	2.64e-08	1.17e-05	5.98e-04	1.40e-01	5.22e-01	3.38e-01
