#depth	C	C+	C+2	C+3	C+4	C+5	C+6	C[1]	C[2]	C[3]	C+[1]	C+[2]	CO
 6.17135e+19	0.00e+00	2.02e-31	2.65e-23	3.24e-16	7.09e-10	2.86e-05	1.00e+00	0.00e+00	0.00e+00	0.00e+00	0.00e+00	0.00e+00	1.95e-95
 1.87609e+20	0.00e+00	3.04e-31	3.66e-23	4.11e-16	8.31e-10	3.10e-05	1.00e+00	0.00e+00	0.00e+00	0.00e+00	0.00e+00	0.00e+00	1.54e-95
 3.18540e+20	0.00e+00	4.56e-31	5.05e-23	5.21e-16	9.75e-10	3.36e-05	1.00e+00	0.00e+00	0.00e+00	0.00e+00	0.00e+00	0.00e+00	1.71e-95
 4.54709e+20	0.00e+00	6.88e-31	6.98e-23	6.62e-16	1.14e-09	3.65e-05	1.00e+00	0.00e+00	0.00e+00	0.00e+00	0.00e+00	0.00e+00	1.89e-95
 5.74411e+20	0.00e+00	9.75e-31	9.20e-23	8.11e-16	1.31e-09	3.92e-05	1.00e+00	0.00e+00	0.00e+00	0.00e+00	0.00e+00	0.00e+00	2.04e-95
 6.66685e+20	0.00e+00	1.27e-30	1.13e-22	9.45e-16	1.45e-09	4.13e-05	1.00e+00	0.00e+00	0.00e+00	0.00e+00	0.00e+00	0.00e+00	2.13e-95
 7.48882e+20	0.00e+00	1.59e-30	1.36e-22	1.08e-15	1.59e-09	4.33e-05	1.00e+00	0.00e+00	0.00e+00	0.00e+00	0.00e+00	0.00e+00	2.18e-95
 8.41356e+20	0.00e+00	2.05e-30	1.65e-22	1.25e-15	1.75e-09	4.56e-05	1.00e+00	0.00e+00	0.00e+00	0.00e+00	0.00e+00	0.00e+00	2.25e-95
 9.61573e+20	0.00e+00	2.83e-30	2.13e-22	1.50e-15	1.98e-09	4.86e-05	1.00e+00	0.00e+00	0.00e+00	0.00e+00	0.00e+00	0.00e+00	2.37e-95
 1.08324e+21	0.00e+00	3.89e-30	2.73e-22	1.80e-15	2.24e-09	5.18e-05	1.00e+00	0.00e+00	0.00e+00	0.00e+00	0.00e+00	0.00e+00	2.47e-95
 1.17841e+21	0.00e+00	4.95e-30	3.30e-22	2.07e-15	2.46e-09	5.44e-05	1.00e+00	0.00e+00	0.00e+00	0.00e+00	0.00e+00	0.00e+00	2.51e-95
 1.27376e+21	0.00e+00	6.28e-30	3.98e-22	2.37e-15	2.70e-09	5.71e-05	1.00e+00	0.00e+00	0.00e+00	0.00e+00	0.00e+00	0.00e+00	2.54e-95
 1.39771e+21	0.00e+00	8.52e-30	5.05e-22	2.82e-15	3.03e-09	6.08e-05	1.00e+00	0.00e+00	0.00e+00	0.00e+00	0.00e+00	0.00e+00	2.60e-95
 1.52616e+21	0.00e+00	1.16e-29	6.42e-22	3.36e-15	3.41e-09	6.47e-05	1.00e+00	0.00e+00	0.00e+00	0.00e+00	0.00e+00	0.00e+00	2.66e-95
 1.63080e+21	0.00e+00	1.48e-29	7.78e-22	3.86e-15	3.75e-09	6.80e-05	1.00e+00	0.00e+00	0.00e+00	0.00e+00	0.00e+00	0.00e+00	2.66e-95
 1.73722e+21	0.00e+00	1.89e-29	9.42e-22	4.43e-15	4.11e-09	7.15e-05	1.00e+00	0.00e+00	0.00e+00	0.00e+00	0.00e+00	0.00e+00	2.64e-95
 1.84877e+21	0.00e+00	2.44e-29	1.15e-21	5.11e-15	4.53e-09	7.53e-05	1.00e+00	0.00e+00	0.00e+00	0.00e+00	0.00e+00	0.00e+00	2.62e-95
 1.94277e+21	0.00e+00	3.00e-29	1.35e-21	5.74e-15	4.90e-09	7.85e-05	1.00e+00	0.00e+00	0.00e+00	0.00e+00	0.00e+00	0.00e+00	2.54e-95
 2.04073e+21	0.00e+00	3.73e-29	1.59e-21	6.47e-15	5.32e-09	8.21e-05	1.00e+00	0.00e+00	0.00e+00	0.00e+00	0.00e+00	0.00e+00	2.46e-95
 2.16808e+21	0.00e+00	4.90e-29	1.97e-21	7.54e-15	5.90e-09	8.68e-05	1.00e+00	0.00e+00	0.00e+00	0.00e+00	0.00e+00	0.00e+00	2.41e-95
 2.29610e+21	0.00e+00	6.43e-29	2.43e-21	8.76e-15	6.53e-09	9.18e-05	1.00e+00	0.00e+00	0.00e+00	0.00e+00	0.00e+00	0.00e+00	2.35e-95
 2.39468e+21	0.00e+00	7.90e-29	2.85e-21	9.81e-15	7.05e-09	9.58e-05	1.00e+00	0.00e+00	0.00e+00	0.00e+00	0.00e+00	0.00e+00	2.22e-95
 2.49251e+21	0.00e+00	9.65e-29	3.33e-21	1.09e-14	7.60e-09	9.98e-05	1.00e+00	0.00e+00	0.00e+00	0.00e+00	0.00e+00	0.00e+00	2.09e-95
 2.61970e+21	0.00e+00	1.25e-28	4.05e-21	1.26e-14	8.36e-09	1.05e-04	1.00e+00	0.00e+00	0.00e+00	0.00e+00	0.00e+00	0.00e+00	1.99e-95
 2.75084e+21	0.00e+00	1.62e-28	4.95e-21	1.45e-14	9.21e-09	1.11e-04	1.00e+00	0.00e+00	0.00e+00	0.00e+00	0.00e+00	0.00e+00	1.88e-95
 2.85839e+21	0.00e+00	2.00e-28	5.81e-21	1.63e-14	9.96e-09	1.16e-04	1.00e+00	0.00e+00	0.00e+00	0.00e+00	0.00e+00	0.00e+00	1.74e-95
 2.94817e+21	0.00e+00	2.38e-28	6.65e-21	1.79e-14	1.06e-08	1.20e-04	1.00e+00	0.00e+00	0.00e+00	0.00e+00	0.00e+00	0.00e+00	1.57e-95
 3.04361e+21	0.00e+00	2.85e-28	7.63e-21	1.97e-14	1.14e-08	1.25e-04	1.00e+00	0.00e+00	0.00e+00	0.00e+00	0.00e+00	0.00e+00	1.42e-95
 3.16767e+21	0.00e+00	3.60e-28	9.11e-21	2.23e-14	1.24e-08	1.31e-04	1.00e+00	0.00e+00	0.00e+00	0.00e+00	0.00e+00	0.00e+00	1.30e-95
 3.29246e+21	0.00e+00	4.53e-28	1.09e-20	2.52e-14	1.35e-08	1.38e-04	1.00e+00	0.00e+00	0.00e+00	0.00e+00	0.00e+00	0.00e+00	1.18e-95
 3.39030e+21	0.00e+00	5.42e-28	1.24e-20	2.77e-14	1.44e-08	1.43e-04	1.00e+00	0.00e+00	0.00e+00	0.00e+00	0.00e+00	0.00e+00	1.05e-95
 3.48961e+21	0.00e+00	6.48e-28	1.42e-20	3.04e-14	1.53e-08	1.48e-04	1.00e+00	0.00e+00	0.00e+00	0.00e+00	0.00e+00	0.00e+00	9.30e-96
 3.61870e+21	0.00e+00	8.15e-28	1.69e-20	3.42e-14	1.66e-08	1.56e-04	1.00e+00	0.00e+00	0.00e+00	0.00e+00	0.00e+00	0.00e+00	8.26e-96
 3.74824e+21	0.00e+00	1.02e-27	2.01e-20	3.85e-14	1.81e-08	1.64e-04	1.00e+00	0.00e+00	0.00e+00	0.00e+00	0.00e+00	0.00e+00	7.30e-96
 3.84935e+21	0.00e+00	1.22e-27	2.29e-20	4.22e-14	1.92e-08	1.70e-04	1.00e+00	0.00e+00	0.00e+00	0.00e+00	0.00e+00	0.00e+00	6.31e-96
 3.95176e+21	0.00e+00	1.45e-27	2.62e-20	4.61e-14	2.05e-08	1.76e-04	1.00e+00	0.00e+00	0.00e+00	0.00e+00	0.00e+00	0.00e+00	5.41e-96
 4.08491e+21	0.00e+00	1.81e-27	3.09e-20	5.17e-14	2.22e-08	1.85e-04	1.00e+00	0.00e+00	0.00e+00	0.00e+00	0.00e+00	0.00e+00	4.64e-96
 4.21340e+21	0.00e+00	2.24e-27	3.63e-20	5.76e-14	2.39e-08	1.93e-04	1.00e+00	0.00e+00	0.00e+00	0.00e+00	0.00e+00	0.00e+00	3.96e-96
 4.30648e+21	0.00e+00	2.61e-27	4.06e-20	6.22e-14	2.53e-08	2.00e-04	1.00e+00	0.00e+00	0.00e+00	0.00e+00	0.00e+00	0.00e+00	3.30e-96
 4.39811e+21	0.00e+00	3.03e-27	4.54e-20	6.69e-14	2.66e-08	2.06e-04	1.00e+00	0.00e+00	0.00e+00	0.00e+00	0.00e+00	0.00e+00	2.72e-96
 4.51723e+21	0.00e+00	3.67e-27	5.23e-20	7.36e-14	2.85e-08	2.15e-04	1.00e+00	0.00e+00	0.00e+00	0.00e+00	0.00e+00	0.00e+00	2.24e-96
 4.64337e+21	0.00e+00	4.47e-27	6.06e-20	8.12e-14	3.05e-08	2.25e-04	1.00e+00	0.00e+00	0.00e+00	0.00e+00	0.00e+00	0.00e+00	1.81e-96
 4.75157e+21	0.00e+00	5.29e-27	6.86e-20	8.82e-14	3.24e-08	2.33e-04	1.00e+00	0.00e+00	0.00e+00	0.00e+00	0.00e+00	0.00e+00	1.48e-96
 4.84769e+21	0.00e+00	6.14e-27	7.65e-20	9.47e-14	3.41e-08	2.41e-04	1.00e+00	0.00e+00	0.00e+00	0.00e+00	0.00e+00	0.00e+00	1.20e-96
 4.95517e+21	0.00e+00	7.22e-27	8.62e-20	1.03e-13	3.60e-08	2.50e-04	1.00e+00	0.00e+00	0.00e+00	0.00e+00	0.00e+00	0.00e+00	9.66e-97
 5.09490e+21	0.00e+00	8.90e-27	1.01e-19	1.13e-13	3.87e-08	2.62e-04	1.00e+00	0.00e+00	0.00e+00	0.00e+00	0.00e+00	0.00e+00	7.84e-97
 5.23411e+21	0.00e+00	1.09e-26	1.17e-19	1.25e-13	4.16e-08	2.74e-04	1.00e+00	0.00e+00	0.00e+00	0.00e+00	0.00e+00	0.00e+00	6.31e-97
 5.34138e+21	0.00e+00	1.28e-26	1.31e-19	1.34e-13	4.39e-08	2.84e-04	1.00e+00	0.00e+00	0.00e+00	0.00e+00	0.00e+00	0.00e+00	4.94e-97
 5.43466e+21	0.00e+00	1.46e-26	1.44e-19	1.43e-13	4.59e-08	2.92e-04	1.00e+00	0.00e+00	0.00e+00	0.00e+00	0.00e+00	0.00e+00	3.81e-97
 5.54099e+21	0.00e+00	1.70e-26	1.61e-19	1.54e-13	4.83e-08	3.02e-04	1.00e+00	0.00e+00	0.00e+00	0.00e+00	0.00e+00	0.00e+00	2.93e-97
 5.67922e+21	0.00e+00	2.06e-26	1.85e-19	1.68e-13	5.16e-08	3.16e-04	1.00e+00	0.00e+00	0.00e+00	0.00e+00	0.00e+00	0.00e+00	2.26e-97
 5.81987e+21	0.00e+00	2.50e-26	2.13e-19	1.83e-13	5.51e-08	3.30e-04	1.00e+00	0.00e+00	0.00e+00	0.00e+00	0.00e+00	0.00e+00	1.73e-97
 5.93243e+21	0.00e+00	2.91e-26	2.38e-19	1.97e-13	5.80e-08	3.42e-04	1.00e+00	0.00e+00	0.00e+00	0.00e+00	0.00e+00	0.00e+00	1.30e-97
 6.04750e+21	0.00e+00	3.40e-26	2.66e-19	2.11e-13	6.11e-08	3.54e-04	1.00e+00	0.00e+00	0.00e+00	0.00e+00	0.00e+00	0.00e+00	9.63e-98
 6.19708e+21	0.00e+00	4.13e-26	3.06e-19	2.30e-13	6.52e-08	3.71e-04	1.00e+00	0.00e+00	0.00e+00	0.00e+00	0.00e+00	0.00e+00	7.18e-98
 6.34473e+21	0.00e+00	5.01e-26	3.51e-19	2.50e-13	6.95e-08	3.88e-04	1.00e+00	0.00e+00	0.00e+00	0.00e+00	0.00e+00	0.00e+00	5.28e-98
 6.45650e+21	0.00e+00	5.78e-26	3.88e-19	2.66e-13	7.29e-08	4.01e-04	1.00e+00	0.00e+00	0.00e+00	0.00e+00	0.00e+00	0.00e+00	5.36e-98
 6.56847e+21	0.00e+00	6.65e-26	4.29e-19	2.83e-13	7.64e-08	4.14e-04	1.00e+00	0.00e+00	0.00e+00	0.00e+00	0.00e+00	0.00e+00	5.43e-98
 6.71403e+21	0.00e+00	7.95e-26	4.87e-19	3.05e-13	8.10e-08	4.32e-04	1.00e+00	0.00e+00	0.00e+00	0.00e+00	0.00e+00	0.00e+00	5.57e-98
 6.86608e+21	0.00e+00	9.57e-26	5.55e-19	3.31e-13	8.61e-08	4.52e-04	1.00e+00	0.00e+00	0.00e+00	0.00e+00	0.00e+00	0.00e+00	5.71e-98
 6.99349e+21	0.00e+00	1.12e-25	6.19e-19	3.52e-13	9.06e-08	4.69e-04	1.00e+00	0.00e+00	0.00e+00	0.00e+00	0.00e+00	0.00e+00	5.80e-98
 7.12605e+21	0.00e+00	1.30e-25	6.90e-19	3.76e-13	9.53e-08	4.86e-04	1.00e+00	0.00e+00	0.00e+00	0.00e+00	0.00e+00	0.00e+00	5.87e-98
 7.27464e+21	0.00e+00	1.55e-25	7.79e-19	4.04e-13	1.01e-07	5.07e-04	9.99e-01	0.00e+00	0.00e+00	0.00e+00	0.00e+00	0.00e+00	5.96e-98
 7.41264e+21	0.00e+00	1.81e-25	8.69e-19	4.31e-13	1.06e-07	5.26e-04	9.99e-01	0.00e+00	0.00e+00	0.00e+00	0.00e+00	0.00e+00	6.03e-98
 7.53653e+21	0.00e+00	2.08e-25	9.58e-19	4.56e-13	1.11e-07	5.44e-04	9.99e-01	0.00e+00	0.00e+00	0.00e+00	0.00e+00	0.00e+00	6.03e-98
 7.67352e+21	0.00e+00	2.41e-25	1.06e-18	4.85e-13	1.17e-07	5.64e-04	9.99e-01	0.00e+00	0.00e+00	0.00e+00	0.00e+00	0.00e+00	6.05e-98
 7.82755e+21	0.00e+00	2.85e-25	1.19e-18	5.19e-13	1.23e-07	5.88e-04	9.99e-01	0.00e+00	0.00e+00	0.00e+00	0.00e+00	0.00e+00	6.09e-98
 7.97232e+21	0.00e+00	3.33e-25	1.33e-18	5.53e-13	1.30e-07	6.10e-04	9.99e-01	0.00e+00	0.00e+00	0.00e+00	0.00e+00	0.00e+00	6.11e-98
 8.10738e+21	0.00e+00	3.83e-25	1.47e-18	5.85e-13	1.36e-07	6.32e-04	9.99e-01	0.00e+00	0.00e+00	0.00e+00	0.00e+00	0.00e+00	6.07e-98
 8.26121e+21	0.00e+00	4.48e-25	1.64e-18	6.23e-13	1.43e-07	6.56e-04	9.99e-01	0.00e+00	0.00e+00	0.00e+00	0.00e+00	0.00e+00	4.07e-90
 8.43222e+21	0.00e+00	5.32e-25	1.85e-18	6.68e-13	1.51e-07	6.85e-04	9.99e-01	0.00e+00	0.00e+00	0.00e+00	0.00e+00	0.00e+00	7.29e-90
 8.58588e+21	0.00e+00	6.19e-25	2.05e-18	7.10e-13	1.59e-07	7.11e-04	9.99e-01	0.00e+00	0.00e+00	0.00e+00	0.00e+00	0.00e+00	1.12e-89
 8.72229e+21	0.00e+00	7.07e-25	2.25e-18	7.49e-13	1.67e-07	7.34e-04	9.99e-01	0.00e+00	0.00e+00	0.00e+00	0.00e+00	0.00e+00	2.32e-89
 8.87594e+21	0.00e+00	8.18e-25	2.49e-18	7.95e-13	1.75e-07	7.61e-04	9.99e-01	0.00e+00	0.00e+00	0.00e+00	0.00e+00	0.00e+00	2.51e-89
 9.07568e+21	0.00e+00	9.86e-25	2.84e-18	8.57e-13	1.86e-07	7.97e-04	9.99e-01	0.00e+00	0.00e+00	0.00e+00	0.00e+00	0.00e+00	4.65e-89
 9.27882e+21	0.00e+00	1.19e-24	3.24e-18	9.25e-13	1.98e-07	8.34e-04	9.99e-01	0.00e+00	0.00e+00	0.00e+00	0.00e+00	0.00e+00	1.21e-88
 9.44229e+21	0.00e+00	1.38e-24	3.59e-18	9.82e-13	2.09e-07	8.65e-04	9.99e-01	0.00e+00	0.00e+00	0.00e+00	0.00e+00	0.00e+00	1.75e-88
 9.61073e+21	0.00e+00	1.60e-24	3.98e-18	1.04e-12	2.19e-07	8.97e-04	9.99e-01	0.00e+00	0.00e+00	0.00e+00	0.00e+00	0.00e+00	3.55e-88
 9.82970e+21	0.00e+00	1.93e-24	4.55e-18	1.13e-12	2.34e-07	9.39e-04	9.99e-01	0.00e+00	0.00e+00	0.00e+00	0.00e+00	0.00e+00	6.27e-88
 1.00470e+22	0.00e+00	2.32e-24	5.18e-18	1.22e-12	2.50e-07	9.82e-04	9.99e-01	0.00e+00	0.00e+00	0.00e+00	0.00e+00	0.00e+00	1.13e-87
 1.02138e+22	0.00e+00	2.67e-24	5.72e-18	1.29e-12	2.62e-07	1.02e-03	9.99e-01	0.00e+00	0.00e+00	0.00e+00	0.00e+00	0.00e+00	2.48e-87
 1.03821e+22	0.00e+00	3.06e-24	6.31e-18	1.37e-12	2.75e-07	1.05e-03	9.99e-01	0.00e+00	0.00e+00	0.00e+00	0.00e+00	0.00e+00	4.04e-87
 1.06008e+22	0.00e+00	3.65e-24	7.14e-18	1.47e-12	2.92e-07	1.10e-03	9.99e-01	0.00e+00	0.00e+00	0.00e+00	0.00e+00	0.00e+00	6.01e-87
 1.08330e+22	0.00e+00	4.39e-24	8.14e-18	1.59e-12	3.12e-07	1.15e-03	9.99e-01	0.00e+00	0.00e+00	0.00e+00	0.00e+00	0.00e+00	1.21e-86
 1.10338e+22	0.00e+00	5.13e-24	9.10e-18	1.70e-12	3.30e-07	1.19e-03	9.99e-01	0.00e+00	0.00e+00	0.00e+00	0.00e+00	0.00e+00	2.29e-86
 1.12182e+22	0.00e+00	5.91e-24	1.01e-17	1.81e-12	3.47e-07	1.23e-03	9.99e-01	0.00e+00	0.00e+00	0.00e+00	0.00e+00	0.00e+00	4.33e-86
 1.14300e+22	0.00e+00	6.93e-24	1.13e-17	1.94e-12	3.68e-07	1.28e-03	9.99e-01	0.00e+00	0.00e+00	0.00e+00	0.00e+00	0.00e+00	5.77e-86
 1.16608e+22	0.00e+00	8.22e-24	1.28e-17	2.09e-12	3.91e-07	1.33e-03	9.99e-01	0.00e+00	0.00e+00	0.00e+00	0.00e+00	0.00e+00	1.04e-85
 1.18685e+22	0.00e+00	9.57e-24	1.42e-17	2.23e-12	4.13e-07	1.38e-03	9.99e-01	0.00e+00	0.00e+00	0.00e+00	0.00e+00	0.00e+00	2.16e-85
 1.20907e+22	1.55e-31	1.12e-23	1.59e-17	2.40e-12	4.38e-07	1.43e-03	9.99e-01	0.00e+00	0.00e+00	0.00e+00	0.00e+00	0.00e+00	2.22e-85
 1.23395e+22	1.94e-31	1.34e-23	1.81e-17	2.59e-12	4.67e-07	1.49e-03	9.99e-01	0.00e+00	0.00e+00	0.00e+00	0.00e+00	0.00e+00	3.81e-85
 1.25729e+22	2.38e-31	1.57e-23	2.04e-17	2.79e-12	4.96e-07	1.55e-03	9.98e-01	0.00e+00	0.00e+00	0.00e+00	0.00e+00	0.00e+00	7.99e-85
 1.27928e+22	2.89e-31	1.83e-23	2.27e-17	2.98e-12	5.24e-07	1.61e-03	9.98e-01	0.00e+00	0.00e+00	0.00e+00	0.00e+00	0.00e+00	1.36e-84
 1.30451e+22	3.58e-31	2.17e-23	2.57e-17	3.22e-12	5.58e-07	1.67e-03	9.98e-01	0.00e+00	0.00e+00	0.00e+00	0.00e+00	0.00e+00	2.03e-84
 1.33256e+22	4.54e-31	2.61e-23	2.94e-17	3.50e-12	5.98e-07	1.75e-03	9.98e-01	0.00e+00	0.00e+00	0.00e+00	0.00e+00	0.00e+00	3.79e-84
 1.35865e+22	5.65e-31	3.10e-23	3.33e-17	3.79e-12	6.38e-07	1.82e-03	9.98e-01	0.00e+00	0.00e+00	0.00e+00	0.00e+00	0.00e+00	8.16e-84
 1.38697e+22	7.10e-31	3.71e-23	3.80e-17	4.11e-12	6.82e-07	1.89e-03	9.98e-01	0.00e+00	0.00e+00	0.00e+00	0.00e+00	0.00e+00	1.27e-83
 1.41676e+22	9.03e-31	4.48e-23	4.36e-17	4.49e-12	7.33e-07	1.98e-03	9.98e-01	0.00e+00	0.00e+00	0.00e+00	0.00e+00	0.00e+00	2.69e-83
 1.44204e+22	1.10e-30	5.25e-23	4.89e-17	4.83e-12	7.78e-07	2.05e-03	9.98e-01	0.00e+00	0.00e+00	0.00e+00	0.00e+00	0.00e+00	5.00e-83
 1.46851e+22	1.35e-30	6.17e-23	5.51e-17	5.21e-12	8.27e-07	2.13e-03	9.98e-01	0.00e+00	0.00e+00	0.00e+00	0.00e+00	0.00e+00	7.73e-83
 1.50292e+22	1.76e-30	7.59e-23	6.41e-17	5.73e-12	8.94e-07	2.23e-03	9.98e-01	0.00e+00	0.00e+00	0.00e+00	0.00e+00	0.00e+00	1.43e-82
 1.53802e+22	2.30e-30	9.37e-23	7.48e-17	6.33e-12	9.69e-07	2.34e-03	9.98e-01	0.00e+00	0.00e+00	0.00e+00	0.00e+00	0.00e+00	1.20e-82
 1.56602e+22	2.83e-30	1.10e-22	8.45e-17	6.84e-12	1.03e-06	2.43e-03	9.98e-01	0.00e+00	0.00e+00	0.00e+00	0.00e+00	0.00e+00	6.18e-82
 1.59443e+22	3.48e-30	1.30e-22	9.53e-17	7.39e-12	1.10e-06	2.52e-03	9.97e-01	0.00e+00	0.00e+00	0.00e+00	0.00e+00	0.00e+00	1.08e-81
 1.63135e+22	4.53e-30	1.60e-22	1.11e-16	8.16e-12	1.19e-06	2.64e-03	9.97e-01	0.00e+00	0.00e+00	0.00e+00	0.00e+00	0.00e+00	1.78e-81
 1.66966e+22	5.96e-30	1.99e-22	1.30e-16	9.05e-12	1.29e-06	2.77e-03	9.97e-01	0.00e+00	0.00e+00	0.00e+00	0.00e+00	0.00e+00	3.64e-81
 1.70139e+22	7.45e-30	2.38e-22	1.49e-16	9.85e-12	1.39e-06	2.88e-03	9.97e-01	0.00e+00	0.00e+00	0.00e+00	0.00e+00	0.00e+00	8.01e-81
 1.72803e+22	8.96e-30	2.75e-22	1.66e-16	1.06e-11	1.47e-06	2.98e-03	9.97e-01	0.00e+00	0.00e+00	0.00e+00	0.00e+00	0.00e+00	2.44e-80
 1.75643e+22	1.09e-29	3.22e-22	1.86e-16	1.14e-11	1.56e-06	3.08e-03	9.97e-01	0.00e+00	0.00e+00	0.00e+00	0.00e+00	0.00e+00	2.36e-80
 1.79337e+22	1.39e-29	3.91e-22	2.15e-16	1.25e-11	1.68e-06	3.21e-03	9.97e-01	0.00e+00	0.00e+00	0.00e+00	0.00e+00	0.00e+00	1.39e-80
 1.83122e+22	1.80e-29	4.79e-22	2.50e-16	1.38e-11	1.82e-06	3.36e-03	9.97e-01	0.00e+00	0.00e+00	0.00e+00	0.00e+00	0.00e+00	6.79e-80
 1.86173e+22	2.20e-29	5.63e-22	2.82e-16	1.49e-11	1.93e-06	3.48e-03	9.97e-01	0.00e+00	0.00e+00	0.00e+00	0.00e+00	0.00e+00	1.41e-79
 1.89283e+22	2.69e-29	6.61e-22	3.18e-16	1.61e-11	2.06e-06	3.60e-03	9.96e-01	0.00e+00	0.00e+00	0.00e+00	0.00e+00	0.00e+00	2.41e-79
 1.92576e+22	3.34e-29	7.85e-22	3.61e-16	1.75e-11	2.20e-06	3.74e-03	9.96e-01	0.00e+00	0.00e+00	0.00e+00	0.00e+00	0.00e+00	4.19e-79
 1.95388e+22	4.01e-29	9.08e-22	4.02e-16	1.88e-11	2.33e-06	3.86e-03	9.96e-01	0.00e+00	0.00e+00	0.00e+00	0.00e+00	0.00e+00	7.29e-79
 1.98321e+22	4.83e-29	1.05e-21	4.49e-16	2.02e-11	2.47e-06	3.99e-03	9.96e-01	0.00e+00	0.00e+00	0.00e+00	0.00e+00	0.00e+00	1.90e-78
 2.01633e+22	5.93e-29	1.24e-21	5.08e-16	2.20e-11	2.63e-06	4.13e-03	9.96e-01	0.00e+00	0.00e+00	0.00e+00	0.00e+00	0.00e+00	8.17e-79
 2.04813e+22	7.28e-29	1.46e-21	5.74e-16	2.38e-11	2.80e-06	4.27e-03	9.96e-01	0.00e+00	0.00e+00	0.00e+00	0.00e+00	0.00e+00	1.90e-78
 2.07753e+22	8.75e-29	1.69e-21	6.41e-16	2.56e-11	2.97e-06	4.41e-03	9.96e-01	0.00e+00	0.00e+00	0.00e+00	0.00e+00	0.00e+00	5.55e-78
 2.10426e+22	1.03e-28	1.94e-21	7.08e-16	2.73e-11	3.12e-06	4.54e-03	9.95e-01	0.00e+00	0.00e+00	0.00e+00	0.00e+00	0.00e+00	9.72e-78
 2.13323e+22	1.24e-28	2.23e-21	7.88e-16	2.93e-11	3.30e-06	4.67e-03	9.95e-01	0.00e+00	0.00e+00	0.00e+00	0.00e+00	0.00e+00	8.93e-78
 2.16517e+22	1.50e-28	2.60e-21	8.85e-16	3.17e-11	3.50e-06	4.83e-03	9.95e-01	0.00e+00	0.00e+00	0.00e+00	0.00e+00	0.00e+00	8.99e-78
 2.19461e+22	1.80e-28	3.02e-21	9.89e-16	3.41e-11	3.71e-06	4.98e-03	9.95e-01	0.00e+00	0.00e+00	0.00e+00	0.00e+00	0.00e+00	2.20e-77
 2.22139e+22	2.13e-28	3.45e-21	1.09e-15	3.64e-11	3.91e-06	5.12e-03	9.95e-01	0.00e+00	0.00e+00	0.00e+00	0.00e+00	0.00e+00	5.86e-77
 2.25109e+22	2.55e-28	3.98e-21	1.22e-15	3.91e-11	4.13e-06	5.27e-03	9.95e-01	0.00e+00	0.00e+00	0.00e+00	0.00e+00	0.00e+00	5.42e-77
 2.28971e+22	3.21e-28	4.79e-21	1.40e-15	4.29e-11	4.44e-06	5.48e-03	9.95e-01	0.00e+00	0.00e+00	0.00e+00	0.00e+00	0.00e+00	3.08e-77
 2.32843e+22	4.09e-28	5.82e-21	1.62e-15	4.72e-11	4.78e-06	5.70e-03	9.94e-01	0.00e+00	0.00e+00	0.00e+00	0.00e+00	0.00e+00	6.04e-76
 2.35655e+22	4.82e-28	6.66e-21	1.79e-15	5.06e-11	5.04e-06	5.86e-03	9.94e-01	0.00e+00	0.00e+00	0.00e+00	0.00e+00	0.00e+00	9.21e-76
 2.38237e+22	5.64e-28	7.55e-21	1.97e-15	5.39e-11	5.28e-06	6.01e-03	9.94e-01	0.00e+00	0.00e+00	0.00e+00	0.00e+00	0.00e+00	1.36e-75
 2.41593e+22	6.88e-28	8.86e-21	2.22e-15	5.84e-11	5.62e-06	6.20e-03	9.94e-01	0.00e+00	0.00e+00	0.00e+00	0.00e+00	0.00e+00	2.25e-75
 2.45145e+22	8.53e-28	1.05e-20	2.54e-15	6.38e-11	6.00e-06	6.42e-03	9.94e-01	0.00e+00	0.00e+00	0.00e+00	0.00e+00	0.00e+00	3.87e-75
 2.48156e+22	1.02e-27	1.22e-20	2.84e-15	6.88e-11	6.35e-06	6.61e-03	9.93e-01	0.00e+00	0.00e+00	0.00e+00	0.00e+00	0.00e+00	6.11e-75
 2.51277e+22	1.23e-27	1.42e-20	3.18e-15	7.43e-11	6.72e-06	6.81e-03	9.93e-01	0.00e+00	0.00e+00	0.00e+00	0.00e+00	0.00e+00	9.71e-75
 2.55335e+22	1.57e-27	1.72e-20	3.68e-15	8.20e-11	7.24e-06	7.08e-03	9.93e-01	0.00e+00	0.00e+00	0.00e+00	0.00e+00	0.00e+00	1.76e-74
 2.59387e+22	2.02e-27	2.12e-20	4.30e-15	9.11e-11	7.82e-06	7.37e-03	9.93e-01	0.00e+00	0.00e+00	0.00e+00	0.00e+00	0.00e+00	3.32e-74
 2.62443e+22	2.41e-27	2.44e-20	4.80e-15	9.82e-11	8.26e-06	7.58e-03	9.92e-01	0.00e+00	0.00e+00	0.00e+00	0.00e+00	0.00e+00	5.14e-74
 2.65426e+22	2.88e-27	2.82e-20	5.36e-15	1.06e-10	8.72e-06	7.79e-03	9.92e-01	0.00e+00	0.00e+00	0.00e+00	0.00e+00	0.00e+00	7.98e-74
 2.69304e+22	3.63e-27	3.40e-20	6.19e-15	1.17e-10	9.35e-06	8.07e-03	9.92e-01	0.00e+00	0.00e+00	0.00e+00	0.00e+00	0.00e+00	1.40e-73
 2.73192e+22	4.61e-27	4.13e-20	7.17e-15	1.29e-10	1.01e-05	8.38e-03	9.92e-01	0.00e+00	0.00e+00	0.00e+00	0.00e+00	0.00e+00	2.51e-73
 2.76186e+22	5.53e-27	4.79e-20	8.04e-15	1.39e-10	1.06e-05	8.61e-03	9.91e-01	0.00e+00	0.00e+00	0.00e+00	0.00e+00	0.00e+00	3.93e-73
 2.79173e+22	6.62e-27	5.54e-20	8.98e-15	1.50e-10	1.12e-05	8.85e-03	9.91e-01	0.00e+00	0.00e+00	0.00e+00	0.00e+00	0.00e+00	6.06e-73
 2.83055e+22	8.34e-27	6.69e-20	1.04e-14	1.66e-10	1.20e-05	9.17e-03	9.91e-01	0.00e+00	0.00e+00	0.00e+00	0.00e+00	0.00e+00	1.06e-72
 2.87095e+22	1.07e-26	8.18e-20	1.21e-14	1.85e-10	1.30e-05	9.52e-03	9.90e-01	0.00e+00	0.00e+00	0.00e+00	0.00e+00	0.00e+00	1.93e-72
 2.90388e+22	1.32e-26	9.71e-20	1.38e-14	2.02e-10	1.38e-05	9.83e-03	9.90e-01	0.00e+00	0.00e+00	0.00e+00	0.00e+00	0.00e+00	3.19e-72
 2.93239e+22	1.55e-26	1.11e-19	1.54e-14	2.17e-10	1.45e-05	1.01e-02	9.90e-01	0.00e+00	0.00e+00	0.00e+00	0.00e+00	0.00e+00	4.75e-72
 2.96463e+22	1.89e-26	1.30e-19	1.74e-14	2.37e-10	1.54e-05	1.04e-02	9.90e-01	0.00e+00	0.00e+00	0.00e+00	0.00e+00	0.00e+00	7.55e-72
 3.00654e+22	2.43e-26	1.60e-19	2.03e-14	2.64e-10	1.66e-05	1.08e-02	9.89e-01	0.00e+00	0.00e+00	0.00e+00	0.00e+00	0.00e+00	1.37e-71
 3.04982e+22	3.17e-26	1.99e-19	2.41e-14	2.97e-10	1.79e-05	1.12e-02	9.89e-01	0.00e+00	0.00e+00	0.00e+00	0.00e+00	0.00e+00	2.59e-71
 3.08495e+22	3.95e-26	2.39e-19	2.77e-14	3.27e-10	1.92e-05	1.16e-02	9.88e-01	0.00e+00	0.00e+00	0.00e+00	0.00e+00	0.00e+00	4.36e-71
 3.12068e+22	4.86e-26	2.83e-19	3.16e-14	3.58e-10	2.04e-05	1.19e-02	9.88e-01	0.00e+00	0.00e+00	0.00e+00	0.00e+00	0.00e+00	7.11e-71
 3.16713e+22	6.41e-26	3.55e-19	3.77e-14	4.05e-10	2.21e-05	1.24e-02	9.88e-01	0.00e+00	0.00e+00	0.00e+00	0.00e+00	0.00e+00	1.36e-70
 3.21421e+22	8.53e-26	4.49e-19	4.53e-14	4.60e-10	2.41e-05	1.30e-02	9.87e-01	0.00e+00	0.00e+00	0.00e+00	0.00e+00	0.00e+00	2.66e-70
 3.25147e+22	1.07e-25	5.41e-19	5.23e-14	5.09e-10	2.57e-05	1.34e-02	9.87e-01	0.00e+00	0.00e+00	0.00e+00	0.00e+00	0.00e+00	4.52e-70
 3.28930e+22	1.33e-25	6.48e-19	6.02e-14	5.61e-10	2.75e-05	1.38e-02	9.86e-01	0.00e+00	0.00e+00	0.00e+00	0.00e+00	0.00e+00	7.52e-70
 3.33848e+22	1.77e-25	8.19e-19	7.22e-14	6.37e-10	2.99e-05	1.44e-02	9.86e-01	0.00e+00	0.00e+00	0.00e+00	0.00e+00	0.00e+00	1.45e-69
 3.38751e+22	2.35e-25	1.04e-18	8.69e-14	7.25e-10	3.26e-05	1.50e-02	9.85e-01	0.00e+00	0.00e+00	0.00e+00	0.00e+00	0.00e+00	2.83e-69
 3.42451e+22	2.93e-25	1.25e-18	1.00e-13	8.01e-10	3.47e-05	1.55e-02	9.84e-01	0.00e+00	0.00e+00	0.00e+00	0.00e+00	0.00e+00	4.70e-69
 3.46080e+22	3.56e-25	1.46e-18	1.14e-13	8.75e-10	3.68e-05	1.60e-02	9.84e-01	0.00e+00	0.00e+00	0.00e+00	0.00e+00	0.00e+00	7.38e-69
 3.50797e+22	4.60e-25	1.81e-18	1.34e-13	9.84e-10	3.98e-05	1.66e-02	9.83e-01	0.00e+00	0.00e+00	0.00e+00	0.00e+00	0.00e+00	1.33e-68
 3.55800e+22	6.05e-25	2.27e-18	1.60e-13	1.12e-09	4.32e-05	1.73e-02	9.83e-01	0.00e+00	0.00e+00	0.00e+00	0.00e+00	0.00e+00	2.51e-68
 3.60061e+22	7.59e-25	2.75e-18	1.86e-13	1.24e-09	4.62e-05	1.79e-02	9.82e-01	0.00e+00	0.00e+00	0.00e+00	0.00e+00	0.00e+00	4.24e-68
 3.64490e+22	9.51e-25	3.31e-18	2.16e-13	1.37e-09	4.95e-05	1.85e-02	9.81e-01	0.00e+00	0.00e+00	0.00e+00	0.00e+00	0.00e+00	7.13e-68
 3.70247e+22	1.27e-24	4.21e-18	2.60e-13	1.57e-09	5.40e-05	1.93e-02	9.81e-01	0.00e+00	0.00e+00	0.00e+00	0.00e+00	0.00e+00	1.38e-67
 3.76138e+22	1.70e-24	5.39e-18	3.16e-13	1.80e-09	5.90e-05	2.02e-02	9.80e-01	0.00e+00	0.00e+00	0.00e+00	0.00e+00	0.00e+00	2.71e-67
 3.80872e+22	2.14e-24	6.53e-18	3.68e-13	2.01e-09	6.33e-05	2.09e-02	9.79e-01	0.00e+00	0.00e+00	0.00e+00	0.00e+00	0.00e+00	4.60e-67
 3.85695e+22	2.66e-24	7.86e-18	4.26e-13	2.22e-09	6.77e-05	2.16e-02	9.78e-01	0.00e+00	0.00e+00	0.00e+00	0.00e+00	0.00e+00	7.63e-67
 3.91965e+22	3.52e-24	9.94e-18	5.13e-13	2.54e-09	7.38e-05	2.25e-02	9.77e-01	0.00e+00	0.00e+00	0.00e+00	0.00e+00	0.00e+00	1.45e-66
 3.98552e+22	4.71e-24	1.27e-17	6.23e-13	2.92e-09	8.08e-05	2.35e-02	9.76e-01	0.00e+00	0.00e+00	0.00e+00	0.00e+00	0.00e+00	2.84e-66
 4.04104e+22	5.98e-24	1.56e-17	7.31e-13	3.27e-09	8.70e-05	2.44e-02	9.76e-01	0.00e+00	0.00e+00	0.00e+00	0.00e+00	0.00e+00	4.90e-66
 4.08808e+22	7.32e-24	1.85e-17	8.38e-13	3.60e-09	9.27e-05	2.51e-02	9.75e-01	0.00e+00	0.00e+00	0.00e+00	0.00e+00	0.00e+00	7.81e-66
 4.13859e+22	8.87e-24	2.18e-17	9.54e-13	3.95e-09	9.85e-05	2.59e-02	9.74e-01	0.00e+00	0.00e+00	0.00e+00	0.00e+00	0.00e+00	1.22e-65
 4.20426e+22	1.14e-23	2.69e-17	1.13e-12	4.46e-09	1.07e-04	2.69e-02	9.73e-01	0.00e+00	0.00e+00	0.00e+00	0.00e+00	0.00e+00	2.17e-65
 4.27242e+22	1.48e-23	3.37e-17	1.35e-12	5.07e-09	1.16e-04	2.80e-02	9.72e-01	0.00e+00	0.00e+00	0.00e+00	0.00e+00	0.00e+00	3.97e-65
 4.32837e+22	1.84e-23	4.06e-17	1.57e-12	5.64e-09	1.24e-04	2.90e-02	9.71e-01	0.00e+00	0.00e+00	0.00e+00	0.00e+00	0.00e+00	6.52e-65
 4.38564e+22	2.22e-23	4.78e-17	1.78e-12	6.20e-09	1.32e-04	2.99e-02	9.70e-01	0.00e+00	0.00e+00	0.00e+00	4.78e-17	2.84e-22	1.02e-64
 4.46009e+22	2.86e-23	5.94e-17	2.12e-12	7.02e-09	1.43e-04	3.11e-02	9.69e-01	0.00e+00	0.00e+00	0.00e+00	5.94e-17	3.51e-22	1.82e-64
 4.53790e+22	3.72e-23	7.47e-17	2.54e-12	8.00e-09	1.56e-04	3.24e-02	9.67e-01	0.00e+00	0.00e+00	0.00e+00	7.47e-17	4.40e-22	3.35e-64
 4.60260e+22	4.62e-23	9.03e-17	2.96e-12	8.92e-09	1.67e-04	3.36e-02	9.66e-01	0.00e+00	0.00e+00	0.00e+00	9.03e-17	5.31e-22	5.54e-64
 4.66922e+22	5.62e-23	1.07e-16	3.39e-12	9.85e-09	1.79e-04	3.46e-02	9.65e-01	0.00e+00	0.00e+00	0.00e+00	1.07e-16	6.27e-22	8.75e-64
 4.74310e+22	7.03e-23	1.30e-16	3.97e-12	1.10e-08	1.92e-04	3.59e-02	9.64e-01	0.00e+00	0.00e+00	0.00e+00	1.30e-16	7.61e-22	1.47e-63
 4.80986e+22	8.61e-23	1.56e-16	4.59e-12	1.23e-08	2.06e-04	3.71e-02	9.63e-01	0.00e+00	0.00e+00	0.00e+00	1.56e-16	9.08e-22	2.37e-63
 4.86940e+22	1.01e-22	1.80e-16	5.15e-12	1.33e-08	2.17e-04	3.81e-02	9.62e-01	0.00e+00	0.00e+00	0.00e+00	1.80e-16	1.05e-21	3.46e-63
 4.93611e+22	1.21e-22	2.11e-16	5.85e-12	1.46e-08	2.31e-04	3.93e-02	9.61e-01	0.00e+00	0.00e+00	0.00e+00	2.11e-16	1.22e-21	5.29e-63
 5.02282e+22	1.52e-22	2.58e-16	6.88e-12	1.64e-08	2.49e-04	4.07e-02	9.59e-01	0.00e+00	0.00e+00	0.00e+00	2.58e-16	1.49e-21	8.99e-63
 5.11351e+22	1.92e-22	3.20e-16	8.16e-12	1.86e-08	2.70e-04	4.24e-02	9.57e-01	0.00e+00	0.00e+00	0.00e+00	3.20e-16	1.83e-21	1.57e-62
 5.18903e+22	2.32e-22	3.79e-16	9.36e-12	2.06e-08	2.89e-04	4.37e-02	9.56e-01	0.00e+00	0.00e+00	0.00e+00	3.79e-16	2.17e-21	2.46e-62
 5.26690e+22	2.79e-22	4.48e-16	1.07e-11	2.27e-08	3.07e-04	4.51e-02	9.55e-01	0.00e+00	0.00e+00	0.00e+00	4.48e-16	2.55e-21	3.79e-62
 5.36813e+22	3.50e-22	5.50e-16	1.26e-11	2.56e-08	3.33e-04	4.69e-02	9.53e-01	0.00e+00	0.00e+00	0.00e+00	5.50e-16	3.11e-21	6.50e-62
 5.47501e+22	4.44e-22	6.86e-16	1.51e-11	2.91e-08	3.62e-04	4.88e-02	9.51e-01	0.00e+00	0.00e+00	0.00e+00	6.86e-16	3.86e-21	1.15e-61
 5.56487e+22	5.38e-22	8.21e-16	1.74e-11	3.24e-08	3.88e-04	5.05e-02	9.49e-01	0.00e+00	0.00e+00	0.00e+00	8.21e-16	4.59e-21	1.83e-61
 5.64199e+22	6.30e-22	9.51e-16	1.96e-11	3.53e-08	4.11e-04	5.19e-02	9.48e-01	0.00e+00	0.00e+00	0.00e+00	9.51e-16	5.30e-21	2.69e-61
 5.72689e+22	7.42e-22	1.11e-15	2.22e-11	3.87e-08	4.35e-04	5.34e-02	9.46e-01	0.00e+00	0.00e+00	0.00e+00	1.11e-15	6.14e-21	4.00e-61
 5.83726e+22	9.15e-22	1.35e-15	2.60e-11	4.34e-08	4.69e-04	5.54e-02	9.44e-01	0.00e+00	0.00e+00	0.00e+00	1.35e-15	7.42e-21	6.63e-61
 5.95431e+22	1.14e-21	1.66e-15	3.07e-11	4.91e-08	5.09e-04	5.76e-02	9.42e-01	0.00e+00	0.00e+00	0.00e+00	1.66e-15	9.07e-21	1.13e-60
 6.05449e+22	1.36e-21	1.97e-15	3.53e-11	5.43e-08	5.44e-04	5.94e-02	9.40e-01	0.00e+00	0.00e+00	0.00e+00	1.97e-15	1.07e-20	1.76e-60
 6.15918e+22	1.62e-21	2.32e-15	4.03e-11	5.99e-08	5.79e-04	6.13e-02	9.38e-01	0.00e+00	0.00e+00	0.00e+00	2.32e-15	1.25e-20	2.69e-60
 6.29528e+22	2.01e-21	2.86e-15	4.77e-11	6.79e-08	6.28e-04	6.37e-02	9.36e-01	0.00e+00	0.00e+00	0.00e+00	2.86e-15	1.53e-20	4.61e-60
 6.43985e+22	2.53e-21	3.59e-15	5.72e-11	7.76e-08	6.86e-04	6.65e-02	9.33e-01	0.00e+00	0.00e+00	0.00e+00	3.59e-15	1.91e-20	8.18e-60
 6.56414e+22	3.05e-21	4.32e-15	6.65e-11	8.67e-08	7.37e-04	6.88e-02	9.30e-01	0.00e+00	0.00e+00	0.00e+00	4.32e-15	2.28e-20	1.31e-59
 6.69445e+22	3.68e-21	5.18e-15	7.70e-11	9.66e-08	7.91e-04	7.12e-02	9.28e-01	0.00e+00	0.00e+00	0.00e+00	5.18e-15	2.71e-20	2.09e-59
 6.83967e+22	4.47e-21	6.30e-15	9.02e-11	1.09e-07	8.53e-04	7.38e-02	9.25e-01	0.00e+00	0.00e+00	0.00e+00	6.30e-15	3.27e-20	3.44e-59
 6.97555e+22	5.38e-21	7.57e-15	1.05e-10	1.21e-07	9.17e-04	7.64e-02	9.23e-01	0.00e+00	0.00e+00	0.00e+00	7.57e-15	3.90e-20	5.49e-59
 7.10360e+22	6.31e-21	8.91e-15	1.19e-10	1.33e-07	9.77e-04	7.87e-02	9.20e-01	0.00e+00	0.00e+00	0.00e+00	8.91e-15	4.56e-20	8.29e-59
 7.25023e+22	7.60e-21	1.07e-14	1.38e-10	1.49e-07	1.05e-03	8.14e-02	9.18e-01	0.00e+00	0.00e+00	0.00e+00	1.07e-14	5.42e-20	1.32e-58
 7.41396e+22	9.20e-21	1.30e-14	1.62e-10	1.67e-07	1.13e-03	8.44e-02	9.14e-01	0.00e+00	0.00e+00	0.00e+00	1.30e-14	6.53e-20	2.16e-58
 7.56701e+22	1.09e-20	1.56e-14	1.87e-10	1.86e-07	1.21e-03	8.73e-02	9.12e-01	0.00e+00	0.00e+00	0.00e+00	1.56e-14	7.74e-20	3.39e-58
 7.71107e+22	1.28e-20	1.83e-14	2.14e-10	2.05e-07	1.29e-03	8.99e-02	9.09e-01	0.00e+00	0.00e+00	0.00e+00	1.83e-14	9.03e-20	5.12e-58
 7.87638e+22	1.53e-20	2.20e-14	2.47e-10	2.29e-07	1.39e-03	9.30e-02	9.06e-01	0.00e+00	0.00e+00	0.00e+00	2.20e-14	1.07e-19	8.06e-58
 8.09128e+22	1.90e-20	2.73e-14	2.95e-10	2.61e-07	1.51e-03	9.68e-02	9.02e-01	0.00e+00	0.00e+00	0.00e+00	2.73e-14	1.31e-19	1.39e-57
 8.31287e+22	2.33e-20	3.40e-14	3.52e-10	2.97e-07	1.64e-03	1.01e-01	8.98e-01	0.00e+00	0.00e+00	0.00e+00	3.40e-14	1.61e-19	2.43e-57
 8.49252e+22	2.78e-20	4.11e-14	4.11e-10	3.33e-07	1.77e-03	1.04e-01	8.94e-01	0.00e+00	0.00e+00	0.00e+00	4.11e-14	1.93e-19	3.87e-57
 8.67542e+22	3.26e-20	4.85e-14	4.69e-10	3.67e-07	1.89e-03	1.07e-01	8.91e-01	0.00e+00	0.00e+00	0.00e+00	4.85e-14	2.25e-19	5.86e-57
 8.91319e+22	3.98e-20	5.96e-14	5.55e-10	4.16e-07	2.04e-03	1.12e-01	8.86e-01	0.00e+00	0.00e+00	0.00e+00	5.96e-14	2.72e-19	9.84e-57
 9.16956e+22	4.97e-20	7.56e-14	6.73e-10	4.79e-07	2.24e-03	1.16e-01	8.81e-01	0.00e+00	0.00e+00	0.00e+00	7.56e-14	3.40e-19	1.76e-56
 9.39041e+22	5.96e-20	9.19e-14	7.89e-10	5.39e-07	2.42e-03	1.21e-01	8.77e-01	0.00e+00	0.00e+00	0.00e+00	9.19e-14	4.08e-19	2.84e-56
 9.61778e+22	7.06e-20	1.10e-13	9.12e-10	6.01e-07	2.59e-03	1.25e-01	8.73e-01	0.00e+00	0.00e+00	0.00e+00	1.10e-13	4.81e-19	4.43e-56
 9.91336e+22	8.66e-20	1.37e-13	1.09e-09	6.84e-07	2.82e-03	1.30e-01	8.68e-01	0.00e+00	0.00e+00	0.00e+00	1.37e-13	5.86e-19	7.59e-56
 1.02094e+23	1.08e-19	1.75e-13	1.33e-09	7.93e-07	3.10e-03	1.35e-01	8.62e-01	0.00e+00	0.00e+00	0.00e+00	1.75e-13	7.37e-19	1.37e-55
 1.04271e+23	1.25e-19	2.06e-13	1.52e-09	8.76e-07	3.30e-03	1.39e-01	8.57e-01	0.00e+00	0.00e+00	0.00e+00	2.06e-13	8.58e-19	2.04e-55
 1.06314e+23	1.43e-19	2.38e-13	1.71e-09	9.55e-07	3.49e-03	1.43e-01	8.54e-01	0.00e+00	0.00e+00	0.00e+00	2.38e-13	9.76e-19	2.88e-55
 1.08970e+23	1.70e-19	2.85e-13	1.98e-09	1.07e-06	3.75e-03	1.48e-01	8.49e-01	0.00e+00	0.00e+00	0.00e+00	2.85e-13	1.15e-18	4.46e-55
 1.12423e+23	2.09e-19	3.55e-13	2.36e-09	1.21e-06	4.08e-03	1.53e-01	8.42e-01	0.00e+00	0.00e+00	0.00e+00	3.55e-13	1.40e-18	7.64e-55
 1.15953e+23	2.54e-19	4.45e-13	2.84e-09	1.39e-06	4.45e-03	1.60e-01	8.36e-01	0.00e+00	0.00e+00	0.00e+00	4.45e-13	1.72e-18	1.30e-54
 1.18819e+23	3.01e-19	5.37e-13	3.31e-09	1.56e-06	4.79e-03	1.65e-01	8.30e-01	0.00e+00	0.00e+00	0.00e+00	5.37e-13	2.04e-18	2.03e-54
 1.21782e+23	3.48e-19	6.29e-13	3.77e-09	1.72e-06	5.09e-03	1.70e-01	8.25e-01	0.00e+00	0.00e+00	0.00e+00	6.29e-13	2.34e-18	2.96e-54
 1.25635e+23	4.15e-19	7.65e-13	4.42e-09	1.93e-06	5.49e-03	1.75e-01	8.19e-01	0.00e+00	0.00e+00	0.00e+00	7.65e-13	2.77e-18	4.72e-54
 1.29978e+23	5.13e-19	9.71e-13	5.38e-09	2.23e-06	6.02e-03	1.83e-01	8.11e-01	0.00e+00	0.00e+00	0.00e+00	9.71e-13	3.42e-18	8.21e-54
 1.33933e+23	6.18e-19	1.20e-12	6.40e-09	2.54e-06	6.53e-03	1.89e-01	8.04e-01	0.00e+00	0.00e+00	0.00e+00	1.20e-12	4.14e-18	1.34e-53
 1.37430e+23	7.18e-19	1.43e-12	7.37e-09	2.82e-06	6.98e-03	1.95e-01	7.98e-01	0.00e+00	0.00e+00	0.00e+00	1.43e-12	4.81e-18	2.00e-53
 1.41355e+23	8.34e-19	1.69e-12	8.46e-09	3.13e-06	7.45e-03	2.01e-01	7.92e-01	0.00e+00	0.00e+00	0.00e+00	1.69e-12	5.53e-18	2.94e-53
 1.46457e+23	9.91e-19	2.06e-12	9.96e-09	3.53e-06	8.04e-03	2.08e-01	7.84e-01	0.00e+00	0.00e+00	0.00e+00	2.06e-12	6.51e-18	4.62e-53
 1.52390e+23	1.21e-18	2.60e-12	1.21e-08	4.07e-06	8.81e-03	2.16e-01	7.75e-01	0.00e+00	0.00e+00	0.00e+00	2.60e-12	7.92e-18	7.86e-53
 1.58156e+23	1.47e-18	3.27e-12	1.46e-08	4.69e-06	9.63e-03	2.24e-01	7.66e-01	0.00e+00	0.00e+00	0.00e+00	3.27e-12	9.65e-18	1.32e-52
 1.63375e+23	1.72e-18	3.94e-12	1.71e-08	5.27e-06	1.04e-02	2.31e-01	7.58e-01	0.00e+00	0.00e+00	0.00e+00	3.94e-12	1.13e-17	2.01e-52
 1.69127e+23	1.98e-18	4.65e-12	1.96e-08	5.84e-06	1.10e-02	2.38e-01	7.51e-01	0.00e+00	0.00e+00	0.00e+00	4.65e-12	1.28e-17	2.90e-52
 1.75888e+23	2.32e-18	5.65e-12	2.30e-08	6.58e-06	1.19e-02	2.45e-01	7.43e-01	0.00e+00	0.00e+00	0.00e+00	5.65e-12	1.49e-17	4.45e-52
 1.82886e+23	2.71e-18	6.84e-12	2.70e-08	7.42e-06	1.28e-02	2.53e-01	7.34e-01	0.00e+00	0.00e+00	0.00e+00	6.84e-12	1.73e-17	6.79e-52
 1.90165e+23	3.10e-18	8.11e-12	3.12e-08	8.25e-06	1.37e-02	2.60e-01	7.26e-01	0.00e+00	0.00e+00	0.00e+00	8.11e-12	1.95e-17	9.82e-52
 1.97895e+23	3.53e-18	9.59e-12	3.59e-08	9.17e-06	1.46e-02	2.67e-01	7.18e-01	0.00e+00	0.00e+00	0.00e+00	9.59e-12	2.20e-17	1.41e-51
 2.05934e+23	3.97e-18	1.12e-11	4.08e-08	1.01e-05	1.55e-02	2.74e-01	7.10e-01	0.00e+00	0.00e+00	0.00e+00	1.12e-11	2.44e-17	1.97e-51
 2.14295e+23	4.39e-18	1.29e-11	4.59e-08	1.10e-05	1.64e-02	2.80e-01	7.03e-01	0.00e+00	0.00e+00	0.00e+00	1.29e-11	2.66e-17	2.65e-51
 2.22904e+23	4.81e-18	1.47e-11	5.12e-08	1.20e-05	1.73e-02	2.86e-01	6.97e-01	0.00e+00	0.00e+00	0.00e+00	1.47e-11	2.87e-17	3.49e-51
 2.31162e+23	5.26e-18	1.66e-11	5.69e-08	1.30e-05	1.81e-02	2.92e-01	6.90e-01	0.00e+00	0.00e+00	0.00e+00	1.66e-11	3.10e-17	4.54e-51
 2.38594e+23	5.61e-18	1.83e-11	6.18e-08	1.38e-05	1.88e-02	2.96e-01	6.85e-01	0.00e+00	0.00e+00	0.00e+00	1.83e-11	3.27e-17	5.60e-51
 2.45282e+23	5.91e-18	1.98e-11	6.62e-08	1.45e-05	1.94e-02	3.00e-01	6.81e-01	0.00e+00	0.00e+00	0.00e+00	1.98e-11	3.40e-17	6.61e-51
 2.51302e+23	6.18e-18	2.12e-11	7.01e-08	1.51e-05	2.00e-02	3.03e-01	6.77e-01	0.00e+00	0.00e+00	0.00e+00	2.12e-11	3.51e-17	7.62e-51
 2.56720e+23	6.36e-18	2.23e-11	7.32e-08	1.57e-05	2.04e-02	3.05e-01	6.74e-01	0.00e+00	0.00e+00	0.00e+00	2.23e-11	3.58e-17	8.47e-51
 2.61596e+23	6.53e-18	2.34e-11	7.61e-08	1.61e-05	2.07e-02	3.07e-01	6.72e-01	0.00e+00	0.00e+00	0.00e+00	2.34e-11	3.64e-17	9.28e-51
 2.65985e+23	6.65e-18	2.42e-11	7.84e-08	1.65e-05	2.10e-02	3.09e-01	6.70e-01	0.00e+00	0.00e+00	0.00e+00	2.42e-11	3.67e-17	9.94e-51
 2.69935e+23	6.73e-18	2.49e-11	8.03e-08	1.68e-05	2.13e-02	3.10e-01	6.68e-01	0.00e+00	0.00e+00	0.00e+00	2.49e-11	3.68e-17	1.05e-50
 2.73489e+23	6.81e-18	2.55e-11	8.20e-08	1.70e-05	2.15e-02	3.12e-01	6.67e-01	0.00e+00	0.00e+00	0.00e+00	2.55e-11	3.70e-17	1.11e-50
 2.76701e+23	6.88e-18	2.61e-11	8.35e-08	1.73e-05	2.17e-02	3.13e-01	6.66e-01	0.00e+00	0.00e+00	0.00e+00	2.61e-11	3.71e-17	1.16e-50
 2.79755e+23	6.87e-18	2.64e-11	8.42e-08	1.74e-05	2.17e-02	3.13e-01	6.65e-01	0.00e+00	0.00e+00	0.00e+00	2.64e-11	3.67e-17	1.18e-50
 2.82810e+23	6.83e-18	2.65e-11	8.48e-08	1.75e-05	2.18e-02	3.14e-01	6.65e-01	0.00e+00	0.00e+00	0.00e+00	2.65e-11	3.63e-17	1.19e-50
 2.85865e+23	6.82e-18	2.68e-11	8.55e-08	1.76e-05	2.19e-02	3.14e-01	6.64e-01	0.00e+00	0.00e+00	0.00e+00	2.68e-11	3.59e-17	1.21e-50
 2.88920e+23	6.83e-18	2.71e-11	8.63e-08	1.77e-05	2.20e-02	3.15e-01	6.63e-01	0.00e+00	0.00e+00	0.00e+00	2.71e-11	3.56e-17	1.24e-50
 2.91975e+23	6.77e-18	2.72e-11	8.66e-08	1.78e-05	2.20e-02	3.15e-01	6.63e-01	0.00e+00	0.00e+00	0.00e+00	2.72e-11	3.51e-17	1.24e-50
 2.95029e+23	6.72e-18	2.73e-11	8.68e-08	1.78e-05	2.20e-02	3.15e-01	6.63e-01	0.00e+00	0.00e+00	0.00e+00	2.73e-11	3.45e-17	1.25e-50
 2.98084e+23	6.66e-18	2.74e-11	8.71e-08	1.78e-05	2.21e-02	3.15e-01	6.63e-01	0.00e+00	0.00e+00	0.00e+00	2.74e-11	3.39e-17	1.25e-50
 3.01139e+23	6.60e-18	2.75e-11	8.72e-08	1.79e-05	2.21e-02	3.15e-01	6.63e-01	0.00e+00	0.00e+00	0.00e+00	2.75e-11	3.33e-17	1.25e-50
 3.04074e+23	6.56e-18	2.76e-11	8.76e-08	1.79e-05	2.21e-02	3.15e-01	6.63e-01	0.00e+00	0.00e+00	0.00e+00	2.76e-11	3.29e-17	1.26e-50
