#depth	Ar	Ar+	Ar+2	Ar+3	Ar+4	Ar+5	Ar+6	Ar+7	Ar+8	Ar+9	Ar+10	Ar+11	Ar+12	Ar+13	Ar+14	Ar+15	Ar+16	Ar+17	Ar+18
 6.17135e+19	0.00e+00	0.00e+00	0.00e+00	0.00e+00	0.00e+00	0.00e+00	0.00e+00	0.00e+00	1.20e-28	1.28e-24	6.43e-21	1.45e-17	1.83e-14	1.26e-11	6.71e-09	2.68e-06	1.78e-03	7.31e-02	9.25e-01
 1.87609e+20	0.00e+00	0.00e+00	0.00e+00	0.00e+00	0.00e+00	0.00e+00	0.00e+00	0.00e+00	2.67e-28	2.62e-24	1.22e-20	2.54e-17	2.95e-14	1.88e-11	9.22e-09	3.40e-06	2.07e-03	7.88e-02	9.19e-01
 3.18540e+20	0.00e+00	0.00e+00	0.00e+00	0.00e+00	0.00e+00	0.00e+00	0.00e+00	0.00e+00	5.94e-28	5.39e-24	2.31e-20	4.45e-17	4.77e-14	2.81e-11	1.27e-08	4.32e-06	2.43e-03	8.49e-02	9.13e-01
 4.54709e+20	0.00e+00	0.00e+00	0.00e+00	0.00e+00	0.00e+00	0.00e+00	0.00e+00	0.00e+00	1.32e-27	1.11e-23	4.39e-20	7.81e-17	7.74e-14	4.20e-11	1.75e-08	5.48e-06	2.84e-03	9.14e-02	9.06e-01
 5.74411e+20	0.00e+00	0.00e+00	0.00e+00	0.00e+00	0.00e+00	0.00e+00	0.00e+00	0.00e+00	2.62e-27	2.05e-23	7.58e-20	1.26e-16	1.17e-13	5.92e-11	2.29e-08	6.72e-06	3.24e-03	9.74e-02	8.99e-01
 6.66685e+20	0.00e+00	0.00e+00	0.00e+00	0.00e+00	0.00e+00	0.00e+00	0.00e+00	0.00e+00	4.37e-27	3.25e-23	1.14e-19	1.81e-16	1.59e-13	7.65e-11	2.81e-08	7.82e-06	3.58e-03	1.02e-01	8.94e-01
 7.48882e+20	0.00e+00	0.00e+00	0.00e+00	0.00e+00	0.00e+00	0.00e+00	0.00e+00	0.00e+00	6.83e-27	4.86e-23	1.63e-19	2.47e-16	2.08e-13	9.58e-11	3.36e-08	8.93e-06	3.90e-03	1.06e-01	8.90e-01
 8.41356e+20	0.00e+00	0.00e+00	0.00e+00	0.00e+00	0.00e+00	0.00e+00	0.00e+00	0.00e+00	1.12e-26	7.57e-23	2.42e-19	3.49e-16	2.80e-13	1.23e-10	4.09e-08	1.03e-05	4.29e-03	1.11e-01	8.85e-01
 9.61573e+20	0.00e+00	0.00e+00	0.00e+00	0.00e+00	0.00e+00	0.00e+00	0.00e+00	0.00e+00	2.08e-26	1.33e-22	3.99e-19	5.40e-16	4.07e-13	1.68e-10	5.25e-08	1.24e-05	4.84e-03	1.18e-01	8.78e-01
 1.08324e+21	0.00e+00	0.00e+00	0.00e+00	0.00e+00	0.00e+00	0.00e+00	0.00e+00	0.00e+00	3.85e-26	2.31e-22	6.53e-19	8.31e-16	5.90e-13	2.29e-10	6.71e-08	1.49e-05	5.45e-03	1.24e-01	8.70e-01
 1.17841e+21	0.00e+00	0.00e+00	0.00e+00	0.00e+00	0.00e+00	0.00e+00	0.00e+00	0.00e+00	6.15e-26	3.52e-22	9.51e-19	1.16e-15	7.84e-13	2.90e-10	8.09e-08	1.72e-05	5.96e-03	1.29e-01	8.65e-01
 1.27376e+21	0.00e+00	0.00e+00	0.00e+00	0.00e+00	0.00e+00	0.00e+00	0.00e+00	0.00e+00	9.75e-26	5.33e-22	1.38e-18	1.60e-15	1.04e-12	3.65e-10	9.73e-08	1.97e-05	6.52e-03	1.35e-01	8.59e-01
 1.39771e+21	0.00e+00	0.00e+00	0.00e+00	0.00e+00	0.00e+00	0.00e+00	0.00e+00	0.00e+00	1.75e-25	9.05e-22	2.20e-18	2.41e-15	1.48e-12	4.91e-10	1.23e-07	2.34e-05	7.29e-03	1.42e-01	8.51e-01
 1.52616e+21	0.00e+00	0.00e+00	0.00e+00	0.00e+00	0.00e+00	0.00e+00	0.00e+00	1.74e-29	3.17e-25	1.54e-21	3.54e-18	3.66e-15	2.11e-12	6.63e-10	1.56e-07	2.80e-05	8.17e-03	1.50e-01	8.42e-01
 1.63080e+21	0.00e+00	0.00e+00	0.00e+00	0.00e+00	0.00e+00	0.00e+00	0.00e+00	2.91e-29	5.08e-25	2.36e-21	5.17e-18	5.10e-15	2.81e-12	8.42e-10	1.88e-07	3.21e-05	8.94e-03	1.56e-01	8.35e-01
 1.73722e+21	0.00e+00	0.00e+00	0.00e+00	0.00e+00	0.00e+00	0.00e+00	0.00e+00	4.88e-29	8.13e-25	3.61e-21	7.55e-18	7.11e-15	3.74e-12	1.07e-09	2.27e-07	3.70e-05	9.78e-03	1.62e-01	8.28e-01
 1.84877e+21	0.00e+00	0.00e+00	0.00e+00	0.00e+00	0.00e+00	0.00e+00	0.00e+00	8.30e-29	1.32e-24	5.59e-21	1.11e-17	1.00e-14	5.03e-12	1.37e-09	2.76e-07	4.27e-05	1.07e-02	1.69e-01	8.20e-01
 1.94277e+21	0.00e+00	0.00e+00	0.00e+00	0.00e+00	0.00e+00	0.00e+00	0.00e+00	1.28e-28	1.97e-24	8.00e-21	1.53e-17	1.32e-14	6.40e-12	1.67e-09	3.24e-07	4.81e-05	1.16e-02	1.75e-01	8.14e-01
 2.04073e+21	0.00e+00	0.00e+00	0.00e+00	0.00e+00	0.00e+00	0.00e+00	0.00e+00	2.02e-28	2.97e-24	1.16e-20	2.14e-17	1.77e-14	8.22e-12	2.06e-09	3.82e-07	5.43e-05	1.25e-02	1.81e-01	8.06e-01
 2.16808e+21	0.00e+00	0.00e+00	0.00e+00	0.00e+00	0.00e+00	0.00e+00	0.00e+00	3.57e-28	4.99e-24	1.86e-20	3.25e-17	2.56e-14	1.13e-11	2.69e-09	4.71e-07	6.34e-05	1.38e-02	1.89e-01	7.97e-01
 2.29610e+21	0.00e+00	0.00e+00	0.00e+00	0.00e+00	0.00e+00	0.00e+00	0.00e+00	6.28e-28	8.36e-24	2.96e-20	4.92e-17	3.68e-14	1.55e-11	3.49e-09	5.79e-07	7.39e-05	1.52e-02	1.97e-01	7.88e-01
 2.39468e+21	0.00e+00	0.00e+00	0.00e+00	0.00e+00	0.00e+00	0.00e+00	0.00e+00	9.63e-28	1.23e-23	4.20e-20	6.73e-17	4.85e-14	1.96e-11	4.26e-09	6.78e-07	8.29e-05	1.64e-02	2.04e-01	7.80e-01
 2.49251e+21	0.00e+00	0.00e+00	0.00e+00	0.00e+00	0.00e+00	0.00e+00	0.00e+00	1.46e-27	1.80e-23	5.92e-20	9.13e-17	6.34e-14	2.47e-11	5.17e-09	7.89e-07	9.28e-05	1.76e-02	2.10e-01	7.72e-01
 2.61970e+21	0.00e+00	0.00e+00	0.00e+00	0.00e+00	0.00e+00	0.00e+00	0.00e+00	2.48e-27	2.93e-23	9.16e-20	1.35e-16	8.94e-14	3.33e-11	6.63e-09	9.59e-07	1.07e-04	1.93e-02	2.18e-01	7.62e-01
 2.75084e+21	0.00e+00	0.00e+00	0.00e+00	0.00e+00	0.00e+00	0.00e+00	0.00e+00	4.24e-27	4.79e-23	1.43e-19	2.00e-16	1.27e-13	4.49e-11	8.53e-09	1.17e-06	1.24e-04	2.11e-02	2.27e-01	7.52e-01
 2.85839e+21	0.00e+00	0.00e+00	0.00e+00	0.00e+00	0.00e+00	0.00e+00	0.00e+00	6.53e-27	7.10e-23	2.04e-19	2.75e-16	1.67e-13	5.72e-11	1.04e-08	1.37e-06	1.39e-04	2.27e-02	2.34e-01	7.43e-01
 2.94817e+21	0.00e+00	0.00e+00	0.00e+00	0.00e+00	0.00e+00	0.00e+00	0.00e+00	9.38e-27	9.88e-23	2.75e-19	3.60e-16	2.12e-13	7.02e-11	1.24e-08	1.57e-06	1.54e-04	2.42e-02	2.40e-01	7.36e-01
 3.04361e+21	0.00e+00	0.00e+00	0.00e+00	0.00e+00	0.00e+00	0.00e+00	0.00e+00	1.35e-26	1.38e-22	3.73e-19	4.72e-16	2.69e-13	8.63e-11	1.47e-08	1.79e-06	1.70e-04	2.58e-02	2.46e-01	7.28e-01
 3.16767e+21	0.00e+00	0.00e+00	0.00e+00	0.00e+00	0.00e+00	0.00e+00	0.00e+00	2.18e-26	2.14e-22	5.53e-19	6.71e-16	3.67e-13	1.13e-10	1.84e-08	2.14e-06	1.93e-04	2.79e-02	2.54e-01	7.17e-01
 3.29246e+21	0.00e+00	0.00e+00	0.00e+00	0.00e+00	0.00e+00	0.00e+00	0.00e+00	3.50e-26	3.29e-22	8.17e-19	9.51e-16	4.99e-13	1.47e-10	2.30e-08	2.55e-06	2.20e-04	3.02e-02	2.63e-01	7.07e-01
 3.39030e+21	0.00e+00	0.00e+00	0.00e+00	0.00e+00	0.00e+00	0.00e+00	0.00e+00	5.02e-26	4.59e-22	1.10e-18	1.24e-15	6.32e-13	1.81e-10	2.73e-08	2.91e-06	2.43e-04	3.21e-02	2.69e-01	6.98e-01
 3.48961e+21	0.00e+00	0.00e+00	0.00e+00	0.00e+00	0.00e+00	0.00e+00	0.00e+00	7.23e-26	6.40e-22	1.49e-18	1.63e-15	8.01e-13	2.22e-10	3.25e-08	3.33e-06	2.68e-04	3.42e-02	2.76e-01	6.90e-01
 3.61870e+21	0.00e+00	0.00e+00	0.00e+00	0.00e+00	0.00e+00	0.00e+00	0.00e+00	1.15e-25	9.80e-22	2.19e-18	2.30e-15	1.09e-12	2.89e-10	4.05e-08	3.96e-06	3.04e-04	3.69e-02	2.84e-01	6.78e-01
 3.74824e+21	0.00e+00	0.00e+00	0.00e+00	0.00e+00	0.00e+00	0.00e+00	0.00e+00	1.82e-25	1.49e-21	3.21e-18	3.24e-15	1.47e-12	3.76e-10	5.04e-08	4.70e-06	3.44e-04	3.99e-02	2.93e-01	6.67e-01
 3.84935e+21	0.00e+00	0.00e+00	0.00e+00	0.00e+00	0.00e+00	0.00e+00	1.92e-29	2.59e-25	2.06e-21	4.31e-18	4.21e-15	1.85e-12	4.60e-10	5.97e-08	5.36e-06	3.79e-04	4.23e-02	3.00e-01	6.58e-01
 3.95176e+21	0.00e+00	0.00e+00	0.00e+00	0.00e+00	0.00e+00	0.00e+00	2.84e-29	3.68e-25	2.85e-21	5.78e-18	5.47e-15	2.33e-12	5.62e-10	7.07e-08	6.11e-06	4.17e-04	4.49e-02	3.06e-01	6.49e-01
 4.08491e+21	0.00e+00	0.00e+00	0.00e+00	0.00e+00	0.00e+00	0.00e+00	4.69e-29	5.76e-25	4.30e-21	8.39e-18	7.65e-15	3.14e-12	7.27e-10	8.76e-08	7.22e-06	4.71e-04	4.83e-02	3.15e-01	6.36e-01
 4.21340e+21	0.00e+00	0.00e+00	0.00e+00	0.00e+00	0.00e+00	0.00e+00	7.57e-29	8.84e-25	6.38e-21	1.20e-17	1.05e-14	4.16e-12	9.30e-10	1.08e-07	8.48e-06	5.29e-04	5.18e-02	3.23e-01	6.25e-01
 4.30648e+21	0.00e+00	0.00e+00	0.00e+00	0.00e+00	0.00e+00	0.00e+00	1.07e-28	1.20e-24	8.44e-21	1.55e-17	1.32e-14	5.09e-12	1.11e-09	1.25e-07	9.51e-06	5.75e-04	5.45e-02	3.29e-01	6.16e-01
 4.39811e+21	0.00e+00	0.00e+00	0.00e+00	0.00e+00	0.00e+00	0.00e+00	1.48e-28	1.61e-24	1.11e-20	1.98e-17	1.65e-14	6.19e-12	1.32e-09	1.44e-07	1.06e-05	6.23e-04	5.72e-02	3.34e-01	6.08e-01
 4.51723e+21	0.00e+00	0.00e+00	0.00e+00	0.00e+00	0.00e+00	0.00e+00	2.27e-28	2.35e-24	1.57e-20	2.72e-17	2.20e-14	7.97e-12	1.64e-09	1.73e-07	1.23e-05	6.90e-04	6.09e-02	3.42e-01	5.97e-01
 4.64337e+21	0.00e+00	0.00e+00	0.00e+00	0.00e+00	0.00e+00	0.00e+00	3.54e-28	3.50e-24	2.26e-20	3.80e-17	2.96e-14	1.04e-11	2.06e-09	2.10e-07	1.42e-05	7.69e-04	6.49e-02	3.49e-01	5.85e-01
 4.75157e+21	0.00e+00	0.00e+00	0.00e+00	0.00e+00	0.00e+00	0.00e+00	5.15e-28	4.89e-24	3.08e-20	5.03e-17	3.82e-14	1.30e-11	2.51e-09	2.47e-07	1.61e-05	8.42e-04	6.85e-02	3.56e-01	5.75e-01
 4.84769e+21	0.00e+00	0.00e+00	0.00e+00	0.00e+00	0.00e+00	0.00e+00	7.17e-28	6.56e-24	4.04e-20	6.44e-17	4.77e-14	1.58e-11	2.98e-09	2.86e-07	1.81e-05	9.13e-04	7.19e-02	3.61e-01	5.66e-01
 4.95517e+21	0.00e+00	0.00e+00	0.00e+00	0.00e+00	0.00e+00	0.00e+00	1.03e-27	9.05e-24	5.44e-20	8.44e-17	6.08e-14	1.96e-11	3.60e-09	3.34e-07	2.04e-05	9.96e-04	7.57e-02	3.68e-01	5.56e-01
 5.09490e+21	0.00e+00	0.00e+00	0.00e+00	0.00e+00	0.00e+00	0.00e+00	1.64e-27	1.37e-23	7.96e-20	1.20e-16	8.31e-14	2.59e-11	4.58e-09	4.10e-07	2.38e-05	1.11e-03	8.08e-02	3.75e-01	5.43e-01
 5.23411e+21	0.00e+00	0.00e+00	0.00e+00	0.00e+00	0.00e+00	0.00e+00	2.59e-27	2.05e-23	1.16e-19	1.68e-16	1.13e-13	3.40e-11	5.82e-09	5.01e-07	2.78e-05	1.24e-03	8.62e-02	3.83e-01	5.30e-01
 5.34138e+21	0.00e+00	0.00e+00	0.00e+00	0.00e+00	0.00e+00	0.00e+00	3.66e-27	2.79e-23	1.54e-19	2.19e-16	1.43e-13	4.19e-11	6.99e-09	5.83e-07	3.13e-05	1.35e-03	9.05e-02	3.88e-01	5.20e-01
 5.43466e+21	0.00e+00	0.00e+00	0.00e+00	0.00e+00	0.00e+00	0.00e+00	4.94e-27	3.63e-23	1.97e-19	2.74e-16	1.75e-13	5.02e-11	8.18e-09	6.66e-07	3.46e-05	1.45e-03	9.44e-02	3.93e-01	5.11e-01
 5.54099e+21	0.00e+00	0.00e+00	0.00e+00	0.00e+00	0.00e+00	0.00e+00	6.88e-27	4.88e-23	2.59e-19	3.51e-16	2.20e-13	6.13e-11	9.74e-09	7.71e-07	3.87e-05	1.57e-03	9.89e-02	3.98e-01	5.01e-01
 5.67922e+21	0.00e+00	0.00e+00	0.00e+00	0.00e+00	0.00e+00	0.00e+00	1.06e-26	7.13e-23	3.68e-19	4.85e-16	2.94e-13	7.93e-11	1.22e-08	9.31e-07	4.48e-05	1.74e-03	1.05e-01	4.05e-01	4.88e-01
 5.81987e+21	0.00e+00	0.00e+00	0.00e+00	0.00e+00	0.00e+00	0.00e+00	1.62e-26	1.04e-22	5.24e-19	6.71e-16	3.94e-13	1.03e-10	1.53e-08	1.13e-06	5.18e-05	1.93e-03	1.11e-01	4.11e-01	4.75e-01
 5.93243e+21	0.00e+00	0.00e+00	0.00e+00	0.00e+00	0.00e+00	0.00e+00	2.28e-26	1.41e-22	6.92e-19	8.66e-16	4.96e-13	1.26e-10	1.84e-08	1.31e-06	5.81e-05	2.10e-03	1.16e-01	4.16e-01	4.65e-01
 6.04750e+21	0.00e+00	0.00e+00	0.00e+00	0.00e+00	0.00e+00	0.00e+00	3.21e-26	1.90e-22	9.16e-19	1.12e-15	6.26e-13	1.55e-10	2.20e-08	1.52e-06	6.52e-05	2.27e-03	1.22e-01	4.21e-01	4.55e-01
 6.19708e+21	0.00e+00	0.00e+00	0.00e+00	0.00e+00	0.00e+00	0.00e+00	4.96e-26	2.79e-22	1.31e-18	1.56e-15	8.44e-13	2.02e-10	2.78e-08	1.85e-06	7.56e-05	2.52e-03	1.29e-01	4.27e-01	4.41e-01
 6.34473e+21	0.00e+00	0.00e+00	0.00e+00	0.00e+00	0.00e+00	0.00e+00	7.59e-26	4.05e-22	1.86e-18	2.15e-15	1.13e-12	2.62e-10	3.49e-08	2.24e-06	8.74e-05	2.79e-03	1.37e-01	4.32e-01	4.28e-01
 6.45650e+21	0.00e+00	0.00e+00	0.00e+00	0.00e+00	0.00e+00	0.00e+00	1.04e-25	5.36e-22	2.41e-18	2.73e-15	1.40e-12	3.18e-10	4.13e-08	2.58e-06	9.73e-05	3.00e-03	1.42e-01	4.36e-01	4.18e-01
 6.56847e+21	0.00e+00	0.00e+00	0.00e+00	0.00e+00	0.00e+00	1.37e-29	1.42e-25	7.04e-22	3.12e-18	3.46e-15	1.74e-12	3.85e-10	4.89e-08	2.97e-06	1.08e-04	3.23e-03	1.48e-01	4.40e-01	4.09e-01
 6.71403e+21	0.00e+00	0.00e+00	0.00e+00	0.00e+00	0.00e+00	2.15e-29	2.12e-25	9.99e-22	4.32e-18	4.68e-15	2.29e-12	4.92e-10	6.05e-08	3.55e-06	1.24e-04	3.55e-03	1.56e-01	4.44e-01	3.96e-01
 6.86608e+21	0.00e+00	0.00e+00	0.00e+00	0.00e+00	0.00e+00	3.42e-29	3.19e-25	1.43e-21	6.07e-18	6.40e-15	3.04e-12	6.33e-10	7.56e-08	4.26e-06	1.42e-04	3.90e-03	1.64e-01	4.48e-01	3.83e-01
 6.99349e+21	0.00e+00	0.00e+00	0.00e+00	0.00e+00	0.00e+00	5.04e-29	4.50e-25	1.93e-21	8.05e-18	8.31e-15	3.86e-12	7.83e-10	9.11e-08	4.98e-06	1.60e-04	4.23e-03	1.72e-01	4.51e-01	3.73e-01
 7.12605e+21	0.00e+00	0.00e+00	0.00e+00	0.00e+00	0.00e+00	7.40e-29	6.33e-25	2.61e-21	1.07e-17	1.08e-14	4.88e-12	9.64e-10	1.09e-07	5.80e-06	1.79e-04	4.57e-03	1.79e-01	4.54e-01	3.62e-01
 7.27464e+21	0.00e+00	0.00e+00	0.00e+00	0.00e+00	0.00e+00	1.14e-28	9.27e-25	3.64e-21	1.46e-17	1.44e-14	6.37e-12	1.22e-09	1.34e-07	6.89e-06	2.04e-04	4.99e-03	1.88e-01	4.57e-01	3.50e-01
 7.41264e+21	0.00e+00	0.00e+00	0.00e+00	0.00e+00	0.00e+00	1.69e-28	1.31e-24	4.94e-21	1.95e-17	1.88e-14	8.12e-12	1.51e-09	1.63e-07	8.06e-06	2.30e-04	5.41e-03	1.96e-01	4.59e-01	3.39e-01
 7.53653e+21	0.00e+00	0.00e+00	0.00e+00	0.00e+00	0.00e+00	2.40e-28	1.79e-24	6.47e-21	2.51e-17	2.38e-14	1.01e-11	1.83e-09	1.92e-07	9.26e-06	2.55e-04	5.80e-03	2.03e-01	4.61e-01	3.30e-01
 7.67352e+21	0.00e+00	0.00e+00	0.00e+00	0.00e+00	0.00e+00	3.49e-28	2.49e-24	8.66e-21	3.31e-17	3.08e-14	1.27e-11	2.25e-09	2.30e-07	1.08e-05	2.85e-04	6.25e-03	2.11e-01	4.63e-01	3.20e-01
 7.82755e+21	0.00e+00	0.00e+00	0.00e+00	0.00e+00	0.00e+00	5.31e-28	3.61e-24	1.20e-20	4.49e-17	4.09e-14	1.64e-11	2.84e-09	2.81e-07	1.27e-05	3.23e-04	6.79e-03	2.20e-01	4.64e-01	3.08e-01
 7.97232e+21	0.00e+00	0.00e+00	0.00e+00	0.00e+00	0.00e+00	7.82e-28	5.09e-24	1.61e-20	5.96e-17	5.32e-14	2.09e-11	3.51e-09	3.39e-07	1.48e-05	3.62e-04	7.33e-03	2.29e-01	4.65e-01	2.98e-01
 8.10738e+21	0.00e+00	0.00e+00	0.00e+00	0.00e+00	0.00e+00	1.12e-27	6.98e-24	2.13e-20	7.75e-17	6.80e-14	2.61e-11	4.28e-09	4.03e-07	1.71e-05	4.03e-04	7.87e-03	2.37e-01	4.66e-01	2.89e-01
 8.26121e+21	0.00e+00	0.00e+00	0.00e+00	0.00e+00	0.00e+00	1.66e-27	9.86e-24	2.87e-20	1.03e-16	8.86e-14	3.32e-11	5.29e-09	4.86e-07	1.99e-05	4.51e-04	8.48e-03	2.46e-01	4.66e-01	2.78e-01
 8.43222e+21	0.00e+00	0.00e+00	0.00e+00	0.00e+00	0.00e+00	2.55e-27	1.45e-23	4.01e-20	1.42e-16	1.19e-13	4.35e-11	6.71e-09	5.98e-07	2.36e-05	5.12e-04	9.21e-03	2.57e-01	4.66e-01	2.67e-01
 8.58588e+21	0.00e+00	0.00e+00	0.00e+00	0.00e+00	0.00e+00	3.74e-27	2.03e-23	5.39e-20	1.88e-16	1.54e-13	5.51e-11	8.28e-09	7.18e-07	2.74e-05	5.73e-04	9.91e-03	2.66e-01	4.66e-01	2.58e-01
 8.72229e+21	0.00e+00	0.00e+00	0.00e+00	0.00e+00	0.00e+00	5.22e-27	2.72e-23	6.97e-20	2.39e-16	1.94e-13	6.77e-11	9.94e-09	8.41e-07	3.12e-05	6.31e-04	1.06e-02	2.74e-01	4.65e-01	2.49e-01
 8.87594e+21	0.00e+00	0.00e+00	0.00e+00	0.00e+00	0.00e+00	7.53e-27	3.76e-23	9.24e-20	3.13e-16	2.49e-13	8.50e-11	1.22e-08	1.00e-06	3.61e-05	7.01e-04	1.13e-02	2.83e-01	4.64e-01	2.40e-01
 9.07568e+21	0.00e+00	0.00e+00	0.00e+00	0.00e+00	0.00e+00	1.20e-26	5.68e-23	1.32e-19	4.41e-16	3.42e-13	1.14e-10	1.57e-08	1.25e-06	4.32e-05	8.02e-04	1.23e-02	2.95e-01	4.63e-01	2.29e-01
 9.27882e+21	0.00e+00	0.00e+00	0.00e+00	0.00e+00	0.00e+00	1.92e-26	8.58e-23	1.90e-19	6.22e-16	4.72e-13	1.52e-10	2.03e-08	1.56e-06	5.18e-05	9.16e-04	1.34e-02	3.07e-01	4.60e-01	2.18e-01
 9.44229e+21	0.00e+00	0.00e+00	0.00e+00	0.00e+00	0.00e+00	2.77e-26	1.19e-22	2.52e-19	8.16e-16	6.07e-13	1.91e-10	2.48e-08	1.86e-06	5.97e-05	1.02e-03	1.43e-02	3.17e-01	4.58e-01	2.10e-01
 9.61073e+21	0.00e+00	0.00e+00	0.00e+00	0.00e+00	0.00e+00	4.01e-26	1.65e-22	3.36e-19	1.07e-15	7.81e-13	2.40e-10	3.04e-08	2.22e-06	6.88e-05	1.13e-03	1.53e-02	3.26e-01	4.56e-01	2.01e-01
 9.82970e+21	0.00e+00	0.00e+00	0.00e+00	0.00e+00	0.00e+00	6.42e-26	2.49e-22	4.82e-19	1.51e-15	1.08e-12	3.22e-10	3.92e-08	2.76e-06	8.23e-05	1.29e-03	1.66e-02	3.39e-01	4.52e-01	1.91e-01
 1.00470e+22	0.00e+00	0.00e+00	0.00e+00	0.00e+00	0.00e+00	1.02e-25	3.75e-22	6.88e-19	2.12e-15	1.48e-12	4.28e-10	5.04e-08	3.43e-06	9.81e-05	1.46e-03	1.80e-02	3.51e-01	4.48e-01	1.81e-01
 1.02138e+22	0.00e+00	0.00e+00	0.00e+00	0.00e+00	1.94e-29	1.44e-25	5.09e-22	8.98e-19	2.74e-15	1.87e-12	5.30e-10	6.09e-08	4.04e-06	1.12e-04	1.61e-03	1.91e-02	3.60e-01	4.45e-01	1.74e-01
 1.03821e+22	0.00e+00	0.00e+00	0.00e+00	0.00e+00	2.83e-29	2.02e-25	6.87e-22	1.17e-18	3.52e-15	2.36e-12	6.55e-10	7.32e-08	4.73e-06	1.27e-04	1.76e-03	2.03e-02	3.69e-01	4.41e-01	1.67e-01
 1.06008e+22	0.00e+00	0.00e+00	0.00e+00	0.00e+00	4.58e-29	3.11e-25	1.01e-21	1.63e-18	4.84e-15	3.17e-12	8.56e-10	9.25e-08	5.78e-06	1.49e-04	1.98e-03	2.18e-02	3.81e-01	4.37e-01	1.59e-01
 1.08330e+22	0.00e+00	0.00e+00	0.00e+00	0.00e+00	7.58e-29	4.88e-25	1.50e-21	2.31e-18	6.76e-15	4.33e-12	1.13e-09	1.18e-07	7.13e-06	1.77e-04	2.24e-03	2.35e-02	3.93e-01	4.31e-01	1.50e-01
 1.10338e+22	0.00e+00	0.00e+00	0.00e+00	0.00e+00	1.16e-28	7.16e-25	2.11e-21	3.11e-18	8.97e-15	5.63e-12	1.43e-09	1.45e-07	8.51e-06	2.03e-04	2.48e-03	2.50e-02	4.03e-01	4.26e-01	1.43e-01
 1.12182e+22	0.00e+00	0.00e+00	0.00e+00	0.00e+00	1.70e-28	1.01e-24	2.86e-21	4.06e-18	1.16e-14	7.12e-12	1.77e-09	1.75e-07	9.96e-06	2.31e-04	2.72e-03	2.65e-02	4.12e-01	4.22e-01	1.37e-01
 1.14300e+22	0.00e+00	0.00e+00	0.00e+00	0.00e+00	2.61e-28	1.48e-24	4.02e-21	5.47e-18	1.54e-14	9.27e-12	2.25e-09	2.15e-07	1.19e-05	2.66e-04	3.01e-03	2.82e-02	4.22e-01	4.16e-01	1.30e-01
 1.16608e+22	0.00e+00	0.00e+00	0.00e+00	0.00e+00	4.14e-28	2.25e-24	5.80e-21	7.54e-18	2.09e-14	1.23e-11	2.91e-09	2.69e-07	1.44e-05	3.09e-04	3.36e-03	3.01e-02	4.33e-01	4.10e-01	1.24e-01
 1.18685e+22	0.00e+00	0.00e+00	0.00e+00	0.00e+00	6.22e-28	3.24e-24	8.03e-21	1.00e-17	2.74e-14	1.58e-11	3.64e-09	3.27e-07	1.70e-05	3.53e-04	3.69e-03	3.18e-02	4.42e-01	4.04e-01	1.18e-01
 1.20907e+22	0.00e+00	0.00e+00	0.00e+00	0.00e+00	9.50e-28	4.74e-24	1.12e-20	1.34e-17	3.63e-14	2.05e-11	4.61e-09	4.01e-07	2.02e-05	4.05e-04	4.07e-03	3.37e-02	4.52e-01	3.98e-01	1.12e-01
 1.23395e+22	0.00e+00	0.00e+00	0.00e+00	0.00e+00	1.52e-27	7.21e-24	1.63e-20	1.86e-17	4.95e-14	2.74e-11	5.97e-09	5.01e-07	2.44e-05	4.71e-04	4.54e-03	3.60e-02	4.62e-01	3.91e-01	1.05e-01
 1.25729e+22	0.00e+00	0.00e+00	0.00e+00	0.00e+00	2.33e-27	1.06e-23	2.30e-20	2.51e-17	6.60e-14	3.57e-11	7.57e-09	6.16e-07	2.91e-05	5.41e-04	5.00e-03	3.81e-02	4.72e-01	3.85e-01	9.99e-02
 1.27928e+22	0.00e+00	0.00e+00	0.00e+00	0.00e+00	3.46e-27	1.52e-23	3.16e-20	3.32e-17	8.59e-14	4.56e-11	9.42e-09	7.45e-07	3.41e-05	6.14e-04	5.48e-03	4.02e-02	4.80e-01	3.78e-01	9.50e-02
 1.30451e+22	0.00e+00	0.00e+00	0.00e+00	0.00e+00	5.40e-27	2.26e-23	4.50e-20	4.52e-17	1.16e-13	5.99e-11	1.20e-08	9.21e-07	4.08e-05	7.07e-04	6.05e-03	4.26e-02	4.90e-01	3.71e-01	8.96e-02
 1.33256e+22	0.00e+00	0.00e+00	0.00e+00	0.00e+00	8.79e-27	3.50e-23	6.63e-20	6.35e-17	1.60e-13	8.08e-11	1.57e-08	1.16e-06	4.96e-05	8.24e-04	6.75e-03	4.54e-02	5.00e-01	3.63e-01	8.40e-02
 1.35865e+22	0.00e+00	0.00e+00	0.00e+00	0.00e+00	1.37e-26	5.23e-23	9.45e-20	8.65e-17	2.15e-13	1.06e-10	2.01e-08	1.43e-06	5.92e-05	9.48e-04	7.45e-03	4.80e-02	5.09e-01	3.55e-01	7.92e-02
 1.38697e+22	0.00e+00	0.00e+00	0.00e+00	0.00e+00	2.19e-26	7.96e-23	1.37e-19	1.20e-16	2.94e-13	1.42e-10	2.60e-08	1.79e-06	7.14e-05	1.10e-03	8.26e-03	5.09e-02	5.18e-01	3.47e-01	7.43e-02
 1.41676e+22	0.00e+00	0.00e+00	0.00e+00	0.00e+00	3.56e-26	1.23e-22	2.02e-19	1.68e-16	4.06e-13	1.91e-10	3.40e-08	2.25e-06	8.66e-05	1.28e-03	9.18e-03	5.41e-02	5.27e-01	3.39e-01	6.94e-02
 1.44204e+22	0.00e+00	0.00e+00	0.00e+00	0.00e+00	5.33e-26	1.78e-22	2.80e-19	2.23e-16	5.32e-13	2.45e-10	4.25e-08	2.73e-06	1.02e-04	1.45e-03	1.00e-02	5.69e-02	5.35e-01	3.31e-01	6.56e-02
 1.46851e+22	0.00e+00	0.00e+00	0.00e+00	0.00e+00	8.06e-26	2.57e-22	3.89e-19	2.98e-16	7.00e-13	3.16e-10	5.32e-08	3.31e-06	1.20e-04	1.64e-03	1.10e-02	5.97e-02	5.42e-01	3.24e-01	6.18e-02
 1.50292e+22	0.00e+00	0.00e+00	0.00e+00	1.53e-29	1.36e-25	4.12e-22	5.90e-19	4.29e-16	9.93e-13	4.36e-10	7.10e-08	4.24e-06	1.47e-04	1.93e-03	1.23e-02	6.36e-02	5.51e-01	3.14e-01	5.73e-02
 1.53802e+22	0.00e+00	0.00e+00	0.00e+00	2.74e-29	2.31e-25	6.64e-22	9.01e-19	6.20e-16	1.41e-12	6.03e-10	9.49e-08	5.44e-06	1.81e-04	2.27e-03	1.37e-02	6.76e-02	5.59e-01	3.04e-01	5.30e-02
 1.56602e+22	0.00e+00	0.00e+00	0.00e+00	4.31e-29	3.50e-25	9.63e-22	1.25e-18	8.27e-16	1.86e-12	7.78e-10	1.19e-07	6.60e-06	2.13e-04	2.57e-03	1.50e-02	7.09e-02	5.65e-01	2.97e-01	4.98e-02
 1.59443e+22	0.00e+00	0.00e+00	0.00e+00	6.75e-29	5.26e-25	1.39e-21	1.73e-18	1.10e-15	2.44e-12	9.98e-10	1.49e-07	7.99e-06	2.49e-04	2.91e-03	1.63e-02	7.42e-02	5.71e-01	2.89e-01	4.68e-02
 1.63135e+22	0.00e+00	0.00e+00	0.00e+00	1.19e-28	8.83e-25	2.22e-21	2.62e-18	1.57e-15	3.45e-12	1.37e-09	1.97e-07	1.02e-05	3.05e-04	3.40e-03	1.81e-02	7.86e-02	5.77e-01	2.79e-01	4.31e-02
 1.66966e+22	0.00e+00	0.00e+00	0.00e+00	2.15e-28	1.51e-24	3.58e-21	4.00e-18	2.28e-15	4.93e-12	1.90e-09	2.64e-07	1.31e-05	3.75e-04	3.99e-03	2.02e-02	8.33e-02	5.84e-01	2.69e-01	3.96e-02
 1.70139e+22	0.00e+00	0.00e+00	0.00e+00	3.45e-28	2.32e-24	5.28e-21	5.65e-18	3.08e-15	6.57e-12	2.48e-09	3.34e-07	1.60e-05	4.43e-04	4.53e-03	2.21e-02	8.72e-02	5.88e-01	2.61e-01	3.70e-02
 1.72803e+22	0.00e+00	0.00e+00	0.00e+00	5.11e-28	3.31e-24	7.27e-21	7.49e-18	3.93e-15	8.33e-12	3.09e-09	4.06e-07	1.88e-05	5.09e-04	5.04e-03	2.37e-02	9.06e-02	5.91e-01	2.54e-01	3.49e-02
 1.75643e+22	0.00e+00	0.00e+00	0.00e+00	7.71e-28	4.82e-24	1.02e-20	1.01e-17	5.09e-15	1.07e-11	3.88e-09	4.97e-07	2.24e-05	5.87e-04	5.63e-03	2.56e-02	9.41e-02	5.95e-01	2.47e-01	3.28e-02
 1.79337e+22	0.00e+00	0.00e+00	0.00e+00	1.29e-27	7.71e-24	1.55e-20	1.46e-17	7.05e-15	1.46e-11	5.17e-09	6.41e-07	2.79e-05	7.03e-04	6.46e-03	2.81e-02	9.87e-02	5.98e-01	2.38e-01	3.03e-02
 1.83122e+22	0.00e+00	0.00e+00	0.00e+00	2.20e-27	1.25e-23	2.39e-20	2.15e-17	9.83e-15	2.01e-11	6.95e-09	8.34e-07	3.48e-05	8.45e-04	7.43e-03	3.08e-02	1.04e-01	6.01e-01	2.29e-01	2.79e-02
 1.86173e+22	0.00e+00	0.00e+00	0.00e+00	3.35e-27	1.83e-23	3.37e-20	2.91e-17	1.28e-14	2.59e-11	8.78e-09	1.03e-06	4.15e-05	9.77e-04	8.30e-03	3.32e-02	1.07e-01	6.02e-01	2.21e-01	2.61e-02
 1.89283e+22	0.00e+00	0.00e+00	0.00e+00	5.09e-27	2.67e-23	4.73e-20	3.92e-17	1.66e-14	3.33e-11	1.11e-08	1.26e-06	4.94e-05	1.13e-03	9.26e-03	3.57e-02	1.11e-01	6.04e-01	2.14e-01	2.44e-02
 1.92576e+22	0.00e+00	0.00e+00	0.00e+00	7.90e-27	3.98e-23	6.77e-20	5.38e-17	2.18e-14	4.35e-11	1.41e-08	1.56e-06	5.93e-05	1.31e-03	1.04e-02	3.86e-02	1.16e-01	6.04e-01	2.07e-01	2.27e-02
 1.95388e+22	0.00e+00	0.00e+00	0.00e+00	1.14e-26	5.58e-23	9.16e-20	7.01e-17	2.74e-14	5.43e-11	1.73e-08	1.87e-06	6.93e-05	1.49e-03	1.14e-02	4.11e-02	1.19e-01	6.05e-01	2.01e-01	2.14e-02
 1.98321e+22	0.00e+00	0.00e+00	0.00e+00	1.67e-26	7.86e-23	1.24e-19	9.19e-17	3.46e-14	6.82e-11	2.14e-08	2.26e-06	8.11e-05	1.69e-03	1.26e-02	4.39e-02	1.23e-01	6.04e-01	1.94e-01	2.01e-02
 2.01633e+22	0.00e+00	0.00e+00	0.00e+00	2.52e-26	1.14e-22	1.74e-19	1.24e-16	4.48e-14	8.74e-11	2.68e-08	2.76e-06	9.61e-05	1.95e-03	1.40e-02	4.70e-02	1.27e-01	6.04e-01	1.88e-01	1.87e-02
 2.04813e+22	0.00e+00	0.00e+00	0.00e+00	3.79e-26	1.65e-22	2.42e-19	1.65e-16	5.75e-14	1.11e-10	3.36e-08	3.37e-06	1.14e-04	2.24e-03	1.56e-02	5.04e-02	1.31e-01	6.02e-01	1.81e-01	1.74e-02
 2.07753e+22	0.00e+00	0.00e+00	0.00e+00	5.46e-26	2.30e-22	3.26e-19	2.14e-16	7.20e-14	1.39e-10	4.11e-08	4.03e-06	1.32e-04	2.53e-03	1.71e-02	5.35e-02	1.35e-01	6.01e-01	1.75e-01	1.64e-02
 2.10426e+22	0.00e+00	0.00e+00	0.00e+00	7.59e-26	3.10e-22	4.25e-19	2.71e-16	8.81e-14	1.69e-10	4.93e-08	4.73e-06	1.52e-04	2.83e-03	1.86e-02	5.65e-02	1.38e-01	5.99e-01	1.70e-01	1.54e-02
 2.13323e+22	0.00e+00	0.00e+00	1.65e-29	1.08e-25	4.25e-22	5.64e-19	3.47e-16	1.09e-13	2.08e-10	5.97e-08	5.60e-06	1.75e-04	3.18e-03	2.03e-02	5.98e-02	1.41e-01	5.97e-01	1.64e-01	1.45e-02
 2.16517e+22	0.00e+00	0.00e+00	2.48e-29	1.56e-25	5.97e-22	7.65e-19	4.53e-16	1.37e-13	2.60e-10	7.33e-08	6.71e-06	2.04e-04	3.60e-03	2.22e-02	6.34e-02	1.45e-01	5.94e-01	1.58e-01	1.35e-02
 2.19461e+22	0.00e+00	0.00e+00	3.67e-29	2.24e-25	8.25e-22	1.02e-18	5.83e-16	1.70e-13	3.21e-10	8.92e-08	7.98e-06	2.36e-04	4.06e-03	2.43e-02	6.72e-02	1.49e-01	5.90e-01	1.52e-01	1.27e-02
 2.22139e+22	0.00e+00	0.00e+00	5.17e-29	3.06e-25	1.10e-21	1.31e-18	7.28e-16	2.06e-13	3.88e-10	1.06e-07	9.30e-06	2.68e-04	4.50e-03	2.63e-02	7.06e-02	1.52e-01	5.87e-01	1.48e-01	1.19e-02
 2.25109e+22	0.00e+00	0.00e+00	7.51e-29	4.30e-25	1.49e-21	1.73e-18	9.26e-16	2.53e-13	4.74e-10	1.28e-07	1.10e-05	3.08e-04	5.04e-03	2.86e-02	7.44e-02	1.55e-01	5.83e-01	1.42e-01	1.12e-02
 2.28971e+22	0.00e+00	0.00e+00	1.21e-28	6.65e-25	2.21e-21	2.45e-18	1.26e-15	3.29e-13	6.13e-10	1.62e-07	1.35e-05	3.67e-04	5.81e-03	3.17e-02	7.96e-02	1.59e-01	5.77e-01	1.36e-01	1.03e-02
 2.32843e+22	0.00e+00	0.00e+00	1.97e-28	1.04e-24	3.31e-21	3.52e-18	1.72e-15	4.30e-13	7.98e-10	2.07e-07	1.68e-05	4.41e-04	6.74e-03	3.54e-02	8.52e-02	1.63e-01	5.71e-01	1.29e-01	9.39e-03
 2.35655e+22	0.00e+00	0.00e+00	2.76e-28	1.42e-24	4.38e-21	4.51e-18	2.14e-15	5.19e-13	9.58e-10	2.44e-07	1.94e-05	4.98e-04	7.44e-03	3.81e-02	8.91e-02	1.66e-01	5.66e-01	1.24e-01	8.82e-03
 2.38237e+22	0.00e+00	0.00e+00	3.77e-28	1.88e-24	5.66e-21	5.67e-18	2.61e-15	6.14e-13	1.13e-09	2.85e-07	2.23e-05	5.59e-04	8.16e-03	4.08e-02	9.29e-02	1.69e-01	5.60e-01	1.20e-01	8.32e-03
 2.41593e+22	0.00e+00	0.00e+00	5.61e-28	2.70e-24	7.84e-21	7.58e-18	3.36e-15	7.62e-13	1.40e-09	3.47e-07	2.64e-05	6.45e-04	9.17e-03	4.44e-02	9.79e-02	1.72e-01	5.53e-01	1.15e-01	7.71e-03
 2.45145e+22	0.00e+00	0.00e+00	8.55e-28	3.97e-24	1.11e-20	1.03e-17	4.40e-15	9.58e-13	1.75e-09	4.27e-07	3.18e-05	7.52e-04	1.04e-02	4.86e-02	1.03e-01	1.75e-01	5.45e-01	1.10e-01	7.10e-03
 2.48156e+22	0.00e+00	0.00e+00	1.22e-27	5.49e-24	1.49e-20	1.34e-17	5.51e-15	1.16e-12	2.12e-09	5.08e-07	3.70e-05	8.55e-04	1.15e-02	5.23e-02	1.08e-01	1.77e-01	5.38e-01	1.05e-01	6.61e-03
 2.51277e+22	0.00e+00	0.00e+00	1.74e-27	7.61e-24	2.00e-20	1.74e-17	6.91e-15	1.41e-12	2.56e-09	6.05e-07	4.32e-05	9.73e-04	1.28e-02	5.64e-02	1.13e-01	1.80e-01	5.30e-01	1.00e-01	6.15e-03
 2.55335e+22	0.00e+00	0.00e+00	2.76e-27	1.16e-23	2.91e-20	2.43e-17	9.23e-15	1.80e-12	3.25e-09	7.57e-07	5.26e-05	1.15e-03	1.45e-02	6.20e-02	1.20e-01	1.83e-01	5.20e-01	9.48e-02	5.59e-03
 2.59387e+22	0.00e+00	0.00e+00	4.44e-27	1.78e-23	4.29e-20	3.42e-17	1.24e-14	2.31e-12	4.17e-09	9.53e-07	6.44e-05	1.36e-03	1.67e-02	6.83e-02	1.26e-01	1.85e-01	5.08e-01	8.91e-02	5.05e-03
 2.62443e+22	0.00e+00	0.00e+00	6.20e-27	2.42e-23	5.65e-20	4.37e-17	1.54e-14	2.76e-12	4.97e-09	1.12e-06	7.41e-05	1.53e-03	1.83e-02	7.30e-02	1.31e-01	1.87e-01	4.99e-01	8.52e-02	4.70e-03
 2.65426e+22	0.00e+00	0.00e+00	8.61e-27	3.26e-23	7.40e-20	5.55e-17	1.89e-14	3.28e-12	5.89e-09	1.31e-06	8.52e-05	1.71e-03	2.00e-02	7.79e-02	1.36e-01	1.88e-01	4.90e-01	8.14e-02	4.37e-03
 2.69304e+22	0.00e+00	0.00e+00	1.31e-26	4.79e-23	1.04e-19	7.53e-17	2.46e-14	4.09e-12	7.32e-09	1.60e-06	1.02e-04	1.98e-03	2.25e-02	8.45e-02	1.43e-01	1.90e-01	4.78e-01	7.66e-02	3.97e-03
 2.73192e+22	0.00e+00	0.00e+00	2.01e-26	7.07e-23	1.48e-19	1.03e-16	3.21e-14	5.12e-12	9.12e-09	1.97e-06	1.21e-04	2.30e-03	2.53e-02	9.17e-02	1.49e-01	1.91e-01	4.65e-01	7.19e-02	3.59e-03
 2.76186e+22	0.00e+00	0.00e+00	2.79e-26	9.52e-23	1.94e-19	1.30e-16	3.93e-14	6.07e-12	1.08e-08	2.29e-06	1.39e-04	2.57e-03	2.76e-02	9.75e-02	1.54e-01	1.92e-01	4.55e-01	6.83e-02	3.33e-03
 2.79173e+22	0.00e+00	0.00e+00	3.83e-26	1.27e-22	2.51e-19	1.63e-16	4.78e-14	7.15e-12	1.26e-08	2.66e-06	1.58e-04	2.86e-03	3.00e-02	1.03e-01	1.59e-01	1.92e-01	4.44e-01	6.50e-02	3.08e-03
 2.83055e+22	0.00e+00	0.00e+00	5.74e-26	1.83e-22	3.49e-19	2.19e-16	6.14e-14	8.81e-12	1.55e-08	3.21e-06	1.86e-04	3.27e-03	3.34e-02	1.11e-01	1.65e-01	1.92e-01	4.31e-01	6.09e-02	2.79e-03
 2.87095e+22	0.00e+00	0.00e+00	8.80e-26	2.70e-22	4.95e-19	2.97e-16	8.00e-14	1.10e-11	1.92e-08	3.91e-06	2.21e-04	3.77e-03	3.73e-02	1.20e-01	1.71e-01	1.92e-01	4.16e-01	5.66e-02	2.50e-03
 2.90388e+22	0.00e+00	0.00e+00	1.25e-25	3.73e-22	6.60e-19	3.83e-16	9.94e-14	1.31e-11	2.28e-08	4.60e-06	2.55e-04	4.24e-03	4.08e-02	1.28e-01	1.77e-01	1.92e-01	4.03e-01	5.32e-02	2.28e-03
 2.93239e+22	0.00e+00	0.00e+00	1.67e-25	4.83e-22	8.33e-19	4.70e-16	1.19e-13	1.52e-11	2.62e-08	5.24e-06	2.85e-04	4.65e-03	4.38e-02	1.34e-01	1.81e-01	1.91e-01	3.93e-01	5.06e-02	2.11e-03
 2.96463e+22	0.00e+00	0.00e+00	2.31e-25	6.49e-22	1.09e-18	5.94e-16	1.45e-13	1.80e-11	3.08e-08	6.07e-06	3.24e-04	5.16e-03	4.75e-02	1.41e-01	1.85e-01	1.90e-01	3.81e-01	4.76e-02	1.93e-03
 3.00654e+22	0.00e+00	0.00e+00	3.50e-25	9.49e-22	1.53e-18	8.02e-16	1.87e-13	2.22e-11	3.76e-08	7.31e-06	3.82e-04	5.89e-03	5.25e-02	1.51e-01	1.91e-01	1.89e-01	3.65e-01	4.40e-02	1.72e-03
 3.04982e+22	0.00e+00	0.00e+00	5.42e-25	1.41e-21	2.18e-18	1.10e-15	2.44e-13	2.77e-11	4.64e-08	8.87e-06	4.51e-04	6.75e-03	5.83e-02	1.61e-01	1.96e-01	1.87e-01	3.48e-01	4.04e-02	1.52e-03
 3.08495e+22	0.00e+00	0.00e+00	7.74e-25	1.95e-21	2.91e-18	1.42e-15	3.04e-13	3.31e-11	5.48e-08	1.04e-05	5.16e-04	7.53e-03	6.33e-02	1.70e-01	2.01e-01	1.85e-01	3.34e-01	3.75e-02	1.37e-03
 3.12068e+22	0.00e+00	0.00e+00	1.08e-24	2.65e-21	3.83e-18	1.80e-15	3.73e-13	3.93e-11	6.42e-08	1.20e-05	5.85e-04	8.33e-03	6.84e-02	1.79e-01	2.04e-01	1.82e-01	3.21e-01	3.50e-02	1.24e-03
 3.16713e+22	0.00e+00	0.00e+00	1.68e-24	3.95e-21	5.49e-18	2.47e-15	4.88e-13	4.91e-11	7.88e-08	1.45e-05	6.88e-04	9.50e-03	7.54e-02	1.90e-01	2.09e-01	1.79e-01	3.04e-01	3.18e-02	1.08e-03
 3.21421e+22	0.00e+00	0.00e+00	2.64e-24	5.96e-21	7.93e-18	3.42e-15	6.44e-13	6.16e-11	9.69e-08	1.75e-05	8.11e-04	1.08e-02	8.32e-02	2.02e-01	2.13e-01	1.75e-01	2.86e-01	2.87e-02	9.38e-04
 3.25147e+22	0.00e+00	0.00e+00	3.76e-24	8.21e-21	1.06e-17	4.41e-15	7.99e-13	7.36e-11	1.14e-07	2.03e-05	9.20e-04	1.20e-02	8.96e-02	2.11e-01	2.16e-01	1.71e-01	2.72e-01	2.64e-02	8.36e-04
 3.28930e+22	0.00e+00	0.00e+00	5.28e-24	1.12e-20	1.40e-17	5.63e-15	9.83e-13	8.74e-11	1.32e-07	2.34e-05	1.04e-03	1.32e-02	9.60e-02	2.20e-01	2.18e-01	1.68e-01	2.59e-01	2.44e-02	7.47e-04
 3.33848e+22	0.00e+00	0.00e+00	8.16e-24	1.66e-20	1.99e-17	7.70e-15	1.28e-12	1.09e-10	1.61e-07	2.79e-05	1.21e-03	1.49e-02	1.05e-01	2.31e-01	2.20e-01	1.63e-01	2.42e-01	2.19e-02	6.44e-04
 3.38751e+22	0.00e+00	0.00e+00	1.27e-23	2.48e-20	2.86e-17	1.06e-14	1.68e-12	1.36e-10	1.95e-07	3.33e-05	1.40e-03	1.67e-02	1.14e-01	2.43e-01	2.22e-01	1.58e-01	2.26e-01	1.95e-02	5.52e-04
 3.42451e+22	0.00e+00	0.00e+00	1.76e-23	3.35e-20	3.74e-17	1.34e-14	2.06e-12	1.60e-10	2.26e-07	3.80e-05	1.56e-03	1.83e-02	1.21e-01	2.51e-01	2.23e-01	1.53e-01	2.13e-01	1.79e-02	4.90e-04
 3.46080e+22	0.00e+00	0.00e+00	2.37e-23	4.39e-20	4.77e-17	1.66e-14	2.47e-12	1.87e-10	2.57e-07	4.27e-05	1.73e-03	1.97e-02	1.28e-01	2.58e-01	2.23e-01	1.49e-01	2.03e-01	1.65e-02	4.40e-04
 3.50797e+22	0.00e+00	0.00e+00	3.48e-23	6.23e-20	6.55e-17	2.20e-14	3.14e-12	2.27e-10	3.03e-07	4.97e-05	1.96e-03	2.18e-02	1.37e-01	2.68e-01	2.23e-01	1.44e-01	1.89e-01	1.49e-02	3.82e-04
 3.55800e+22	0.00e+00	2.36e-29	5.24e-23	9.05e-20	9.17e-17	2.96e-14	4.04e-12	2.80e-10	3.62e-07	5.82e-05	2.23e-03	2.41e-02	1.47e-01	2.77e-01	2.22e-01	1.38e-01	1.75e-01	1.32e-02	3.26e-04
 3.60061e+22	0.00e+00	3.39e-29	7.35e-23	1.23e-19	1.21e-16	3.78e-14	4.99e-12	3.33e-10	4.18e-07	6.62e-05	2.49e-03	2.62e-02	1.56e-01	2.85e-01	2.21e-01	1.33e-01	1.64e-01	1.20e-02	2.86e-04
 3.64490e+22	0.00e+00	4.83e-29	1.03e-22	1.67e-19	1.60e-16	4.83e-14	6.14e-12	3.95e-10	4.82e-07	7.52e-05	2.76e-03	2.84e-02	1.64e-01	2.92e-01	2.20e-01	1.28e-01	1.54e-01	1.08e-02	2.50e-04
 3.70247e+22	0.00e+00	7.56e-29	1.57e-22	2.46e-19	2.26e-16	6.57e-14	7.99e-12	4.91e-10	5.77e-07	8.82e-05	3.15e-03	3.14e-02	1.75e-01	3.00e-01	2.17e-01	1.22e-01	1.41e-01	9.52e-03	2.11e-04
 3.76138e+22	0.00e+00	1.20e-28	2.41e-22	3.66e-19	3.23e-16	9.02e-14	1.05e-11	6.13e-10	6.93e-07	1.04e-04	3.59e-03	3.46e-02	1.87e-01	3.08e-01	2.14e-01	1.16e-01	1.28e-01	8.31e-03	1.76e-04
 3.80872e+22	0.00e+00	1.71e-28	3.38e-22	4.98e-19	4.28e-16	1.16e-13	1.29e-11	7.31e-10	8.00e-07	1.17e-04	3.97e-03	3.74e-02	1.96e-01	3.14e-01	2.11e-01	1.11e-01	1.19e-01	7.45e-03	1.53e-04
 3.85695e+22	0.00e+00	2.41e-28	4.66e-22	6.69e-19	5.59e-16	1.46e-13	1.59e-11	8.64e-10	9.17e-07	1.32e-04	4.37e-03	4.01e-02	2.05e-01	3.19e-01	2.08e-01	1.06e-01	1.11e-01	6.70e-03	1.33e-04
 3.91965e+22	0.00e+00	3.73e-28	7.00e-22	9.71e-19	7.84e-16	1.98e-13	2.05e-11	1.07e-09	1.09e-06	1.53e-04	4.92e-03	4.38e-02	2.17e-01	3.24e-01	2.04e-01	9.96e-02	1.01e-01	5.84e-03	1.11e-04
 3.98552e+22	0.00e+00	5.86e-28	1.07e-21	1.43e-18	1.12e-15	2.71e-13	2.68e-11	1.34e-09	1.30e-06	1.79e-04	5.56e-03	4.80e-02	2.29e-01	3.29e-01	1.99e-01	9.33e-02	9.07e-02	5.04e-03	9.18e-05
 4.04104e+22	0.00e+00	8.48e-28	1.51e-21	1.97e-18	1.49e-15	3.50e-13	3.35e-11	1.61e-09	1.51e-06	2.03e-04	6.14e-03	5.16e-02	2.39e-01	3.33e-01	1.94e-01	8.83e-02	8.32e-02	4.46e-03	7.83e-05
 4.08808e+22	0.00e+00	1.16e-27	2.02e-21	2.58e-18	1.90e-15	4.35e-13	4.03e-11	1.87e-09	1.71e-06	2.25e-04	6.66e-03	5.47e-02	2.48e-01	3.35e-01	1.90e-01	8.41e-02	7.72e-02	4.01e-03	6.83e-05
 4.13859e+22	0.00e+00	1.57e-27	2.68e-21	3.34e-18	2.41e-15	5.37e-13	4.83e-11	2.18e-09	1.93e-06	2.49e-04	7.21e-03	5.79e-02	2.56e-01	3.37e-01	1.86e-01	8.02e-02	7.18e-02	3.62e-03	5.98e-05
 4.20426e+22	0.00e+00	2.31e-27	3.86e-21	4.67e-18	3.26e-15	7.04e-13	6.09e-11	2.64e-09	2.25e-06	2.83e-04	7.97e-03	6.22e-02	2.66e-01	3.39e-01	1.80e-01	7.52e-02	6.52e-02	3.16e-03	5.03e-05
 4.27242e+22	0.00e+00	3.47e-27	5.63e-21	6.62e-18	4.48e-15	9.34e-13	7.78e-11	3.24e-09	2.64e-06	3.24e-04	8.84e-03	6.70e-02	2.77e-01	3.41e-01	1.74e-01	7.02e-02	5.88e-02	2.73e-03	4.18e-05
 4.32837e+22	0.00e+00	4.84e-27	7.67e-21	8.80e-18	5.81e-15	1.18e-12	9.49e-11	3.83e-09	3.02e-06	3.61e-04	9.61e-03	7.10e-02	2.86e-01	3.41e-01	1.69e-01	6.62e-02	5.39e-02	2.42e-03	3.58e-05
 4.38564e+22	0.00e+00	6.55e-27	1.02e-20	1.14e-17	7.37e-15	1.46e-12	1.14e-10	4.46e-09	3.41e-06	3.99e-04	1.04e-02	7.49e-02	2.94e-01	3.41e-01	1.65e-01	6.27e-02	4.98e-02	2.17e-03	3.11e-05
 4.46009e+22	0.00e+00	9.70e-27	1.46e-20	1.60e-17	1.00e-14	1.91e-12	1.44e-10	5.43e-09	3.98e-06	4.53e-04	1.14e-02	8.01e-02	3.04e-01	3.40e-01	1.58e-01	5.83e-02	4.48e-02	1.88e-03	2.59e-05
 4.53790e+22	0.00e+00	1.46e-26	2.14e-20	2.27e-17	1.38e-14	2.55e-12	1.85e-10	6.68e-09	4.69e-06	5.18e-04	1.26e-02	8.58e-02	3.15e-01	3.39e-01	1.52e-01	5.39e-02	4.00e-02	1.61e-03	2.12e-05
 4.60260e+22	0.00e+00	2.05e-26	2.93e-20	3.04e-17	1.80e-14	3.23e-12	2.27e-10	7.92e-09	5.37e-06	5.77e-04	1.37e-02	9.07e-02	3.24e-01	3.37e-01	1.46e-01	5.04e-02	3.64e-02	1.41e-03	1.80e-05
 4.66922e+22	0.00e+00	2.80e-26	3.91e-20	3.97e-17	2.30e-14	4.02e-12	2.74e-10	9.28e-09	6.09e-06	6.38e-04	1.48e-02	9.54e-02	3.31e-01	3.35e-01	1.41e-01	4.74e-02	3.33e-02	1.25e-03	1.54e-05
 4.74310e+22	0.00e+00	3.99e-26	5.43e-20	5.37e-17	3.03e-14	5.15e-12	3.39e-10	1.11e-08	7.01e-06	7.15e-04	1.61e-02	1.01e-01	3.40e-01	3.32e-01	1.35e-01	4.40e-02	3.00e-02	1.09e-03	1.30e-05
 4.80986e+22	0.00e+00	5.48e-26	7.28e-20	7.05e-17	3.89e-14	6.45e-12	4.11e-10	1.30e-08	7.97e-06	7.91e-04	1.73e-02	1.06e-01	3.47e-01	3.30e-01	1.30e-01	4.12e-02	2.73e-02	9.55e-04	1.10e-05
 4.86940e+22	0.00e+00	7.13e-26	9.28e-20	8.83e-17	4.77e-14	7.75e-12	4.82e-10	1.49e-08	8.85e-06	8.60e-04	1.84e-02	1.10e-01	3.53e-01	3.27e-01	1.25e-01	3.89e-02	2.53e-02	8.60e-04	9.65e-06
 4.93611e+22	0.00e+00	9.50e-26	1.21e-19	1.13e-16	5.98e-14	9.47e-12	5.73e-10	1.73e-08	9.94e-06	9.42e-04	1.97e-02	1.15e-01	3.60e-01	3.24e-01	1.21e-01	3.66e-02	2.32e-02	7.65e-04	8.33e-06
 5.02282e+22	0.00e+00	1.36e-25	1.69e-19	1.54e-16	7.93e-14	1.22e-11	7.14e-10	2.07e-08	1.15e-05	1.06e-03	2.14e-02	1.21e-01	3.67e-01	3.19e-01	1.15e-01	3.37e-02	2.07e-02	6.59e-04	6.91e-06
 5.11351e+22	0.00e+00	1.99e-25	2.40e-19	2.13e-16	1.07e-13	1.59e-11	8.99e-10	2.52e-08	1.34e-05	1.19e-03	2.33e-02	1.28e-01	3.75e-01	3.14e-01	1.09e-01	3.09e-02	1.84e-02	5.62e-04	5.67e-06
 5.18903e+22	0.00e+00	2.71e-25	3.18e-19	2.77e-16	1.36e-13	1.98e-11	1.08e-09	2.95e-08	1.51e-05	1.31e-03	2.50e-02	1.34e-01	3.81e-01	3.09e-01	1.04e-01	2.88e-02	1.67e-02	4.94e-04	4.81e-06
 5.26690e+22	0.00e+00	3.65e-25	4.18e-19	3.56e-16	1.71e-13	2.43e-11	1.30e-09	3.43e-08	1.71e-05	1.44e-03	2.67e-02	1.40e-01	3.86e-01	3.04e-01	9.93e-02	2.68e-02	1.52e-02	4.35e-04	4.11e-06
 5.36813e+22	0.00e+00	5.29e-25	5.88e-19	4.89e-16	2.29e-13	3.15e-11	1.62e-09	4.14e-08	1.98e-05	1.61e-03	2.89e-02	1.47e-01	3.93e-01	2.98e-01	9.37e-02	2.45e-02	1.35e-02	3.71e-04	3.37e-06
 5.47501e+22	0.00e+00	7.87e-25	8.47e-19	6.85e-16	3.12e-13	4.16e-11	2.06e-09	5.07e-08	2.32e-05	1.82e-03	3.15e-02	1.55e-01	3.99e-01	2.91e-01	8.79e-02	2.22e-02	1.18e-02	3.12e-04	2.72e-06
 5.56487e+22	0.00e+00	1.09e-24	1.14e-18	9.02e-16	4.01e-13	5.22e-11	2.51e-09	5.97e-08	2.64e-05	2.01e-03	3.38e-02	1.61e-01	4.03e-01	2.85e-01	8.33e-02	2.05e-02	1.06e-02	2.70e-04	2.28e-06
 5.64199e+22	0.00e+00	1.42e-24	1.45e-18	1.13e-15	4.93e-13	6.28e-11	2.95e-09	6.84e-08	2.94e-05	2.18e-03	3.58e-02	1.67e-01	4.07e-01	2.79e-01	7.96e-02	1.92e-02	9.71e-03	2.40e-04	1.97e-06
 5.72689e+22	0.00e+00	1.87e-24	1.87e-18	1.43e-15	6.11e-13	7.61e-11	3.48e-09	7.87e-08	3.28e-05	2.37e-03	3.79e-02	1.73e-01	4.10e-01	2.74e-01	7.58e-02	1.79e-02	8.85e-03	2.12e-04	1.69e-06
 5.83726e+22	0.00e+00	2.66e-24	2.58e-18	1.93e-15	8.03e-13	9.72e-11	4.30e-09	9.41e-08	3.77e-05	2.64e-03	4.08e-02	1.80e-01	4.14e-01	2.67e-01	7.12e-02	1.63e-02	7.84e-03	1.81e-04	1.39e-06
 5.95431e+22	0.00e+00	3.86e-24	3.64e-18	2.65e-15	1.07e-12	1.26e-10	5.38e-09	1.14e-07	4.38e-05	2.95e-03	4.41e-02	1.88e-01	4.18e-01	2.59e-01	6.65e-02	1.47e-02	6.88e-03	1.53e-04	1.12e-06
 6.05449e+22	0.00e+00	5.28e-24	4.83e-18	3.45e-15	1.37e-12	1.57e-10	6.49e-09	1.33e-07	4.96e-05	3.24e-03	4.70e-02	1.95e-01	4.20e-01	2.52e-01	6.27e-02	1.35e-02	6.17e-03	1.32e-04	9.40e-07
 6.15918e+22	0.00e+00	7.13e-24	6.36e-18	4.44e-15	1.72e-12	1.93e-10	7.76e-09	1.55e-07	5.58e-05	3.54e-03	4.99e-02	2.02e-01	4.22e-01	2.45e-01	5.92e-02	1.25e-02	5.55e-03	1.15e-04	7.93e-07
 6.29528e+22	0.00e+00	1.04e-23	8.99e-18	6.12e-15	2.31e-12	2.51e-10	9.74e-09	1.87e-07	6.48e-05	3.96e-03	5.38e-02	2.10e-01	4.24e-01	2.37e-01	5.50e-02	1.12e-02	4.84e-03	9.65e-05	6.37e-07
 6.43985e+22	0.00e+00	1.57e-23	1.30e-17	8.64e-15	3.17e-12	3.32e-10	1.24e-08	2.30e-07	7.61e-05	4.46e-03	5.83e-02	2.20e-01	4.25e-01	2.27e-01	5.07e-02	1.00e-02	4.18e-03	7.96e-05	5.03e-07
 6.56414e+22	0.00e+00	2.19e-23	1.77e-17	1.15e-14	4.11e-12	4.19e-10	1.52e-08	2.72e-07	8.68e-05	4.92e-03	6.22e-02	2.27e-01	4.26e-01	2.20e-01	4.73e-02	9.08e-03	3.69e-03	6.78e-05	4.13e-07
 6.69445e+22	0.00e+00	3.05e-23	2.39e-17	1.52e-14	5.29e-12	5.25e-10	1.85e-08	3.21e-07	9.87e-05	5.41e-03	6.63e-02	2.35e-01	4.25e-01	2.12e-01	4.41e-02	8.25e-03	3.27e-03	5.79e-05	3.40e-07
 6.83967e+22	0.00e+00	4.38e-23	3.33e-17	2.05e-14	6.98e-12	6.72e-10	2.28e-08	3.84e-07	1.14e-04	6.00e-03	7.09e-02	2.43e-01	4.25e-01	2.04e-01	4.09e-02	7.42e-03	2.86e-03	4.87e-05	2.75e-07
 6.97555e+22	0.00e+00	6.12e-23	4.51e-17	2.72e-14	9.02e-12	8.45e-10	2.78e-08	4.53e-07	1.29e-04	6.60e-03	7.55e-02	2.51e-01	4.24e-01	1.96e-01	3.80e-02	6.71e-03	2.52e-03	4.14e-05	2.26e-07
 7.10360e+22	0.00e+00	8.25e-23	5.92e-17	3.50e-14	1.13e-11	1.04e-09	3.31e-08	5.25e-07	1.45e-04	7.18e-03	7.97e-02	2.57e-01	4.22e-01	1.90e-01	3.56e-02	6.14e-03	2.25e-03	3.58e-05	1.89e-07
 7.25023e+22	0.00e+00	1.15e-22	7.98e-17	4.61e-14	1.46e-11	1.30e-09	4.02e-08	6.18e-07	1.65e-04	7.88e-03	8.46e-02	2.65e-01	4.20e-01	1.82e-01	3.30e-02	5.54e-03	1.98e-03	3.03e-05	1.54e-07
 7.41396e+22	0.00e+00	1.64e-22	1.11e-16	6.23e-14	1.92e-11	1.66e-09	4.96e-08	7.37e-07	1.89e-04	8.71e-03	9.02e-02	2.73e-01	4.17e-01	1.74e-01	3.04e-02	4.96e-03	1.72e-03	2.54e-05	0.00e+00
 7.56701e+22	0.00e+00	2.28e-22	1.49e-16	8.20e-14	2.46e-11	2.07e-09	6.00e-08	8.65e-07	2.14e-04	9.54e-03	9.55e-02	2.80e-01	4.14e-01	1.67e-01	2.81e-02	4.48e-03	1.52e-03	2.16e-05	0.00e+00
 7.71107e+22	2.26e-29	3.07e-22	1.95e-16	1.05e-13	3.09e-11	2.53e-09	7.14e-08	1.00e-06	2.39e-04	1.03e-02	1.01e-01	2.86e-01	4.11e-01	1.60e-01	2.62e-02	4.07e-03	1.35e-03	1.86e-05	0.00e+00
 7.87638e+22	3.22e-29	4.24e-22	2.61e-16	1.38e-13	3.95e-11	3.15e-09	8.62e-08	1.17e-06	2.71e-04	1.13e-02	1.06e-01	2.93e-01	4.07e-01	1.53e-01	2.42e-02	3.67e-03	1.18e-03	1.57e-05	0.00e+00
 8.09128e+22	4.96e-29	6.30e-22	3.73e-16	1.92e-13	5.33e-11	4.11e-09	1.08e-07	1.42e-06	3.14e-04	1.26e-02	1.13e-01	3.01e-01	4.01e-01	1.45e-01	2.20e-02	3.22e-03	1.01e-03	1.28e-05	0.00e+00
 8.31287e+22	7.83e-29	9.55e-22	5.44e-16	2.70e-13	7.27e-11	5.41e-09	1.37e-07	1.73e-06	3.66e-04	1.40e-02	1.21e-01	3.09e-01	3.95e-01	1.36e-01	1.98e-02	2.82e-03	8.56e-04	1.04e-05	0.00e+00
 8.49252e+22	1.13e-28	1.33e-21	7.34e-16	3.57e-13	9.37e-11	6.78e-09	1.66e-07	2.03e-06	4.15e-04	1.53e-02	1.28e-01	3.16e-01	3.89e-01	1.29e-01	1.82e-02	2.52e-03	7.43e-04	8.70e-06	0.00e+00
 8.67542e+22	1.56e-28	1.79e-21	9.62e-16	4.58e-13	1.17e-10	8.29e-09	1.98e-07	2.34e-06	4.63e-04	1.66e-02	1.34e-01	3.22e-01	3.84e-01	1.24e-01	1.68e-02	2.27e-03	6.56e-04	7.42e-06	0.00e+00
 8.91319e+22	2.35e-28	2.60e-21	1.35e-15	6.24e-13	1.56e-10	1.06e-08	2.45e-07	2.80e-06	5.32e-04	1.83e-02	1.42e-01	3.28e-01	3.77e-01	1.16e-01	1.52e-02	2.00e-03	5.60e-04	6.08e-06	0.00e+00
 9.16956e+22	3.71e-28	3.94e-21	1.96e-15	8.82e-13	2.13e-10	1.41e-08	3.11e-07	3.43e-06	6.20e-04	2.04e-02	1.52e-01	3.35e-01	3.68e-01	1.08e-01	1.35e-02	1.72e-03	4.67e-04	4.83e-06	0.00e+00
 9.39041e+22	5.40e-28	5.55e-21	2.67e-15	1.17e-12	2.77e-10	1.78e-08	3.80e-07	4.05e-06	7.05e-04	2.23e-02	1.60e-01	3.41e-01	3.60e-01	1.02e-01	1.23e-02	1.52e-03	4.02e-04	3.99e-06	0.00e+00
 9.61778e+22	7.65e-28	7.63e-21	3.55e-15	1.53e-12	3.52e-10	2.20e-08	4.56e-07	4.71e-06	7.92e-04	2.41e-02	1.67e-01	3.46e-01	3.53e-01	9.64e-02	1.12e-02	1.36e-03	3.49e-04	3.34e-06	0.00e+00
