#depth	Cl	Cl+	Cl+2	Cl+3	Cl+4	Cl+5	Cl+6	Cl+7	Cl+8	Cl+9	Cl+10	Cl+11	Cl+12	Cl+13	Cl+14	Cl+15	Cl+16	Cl+17
 6.17135e+19	0.00e+00	0.00e+00	0.00e+00	0.00e+00	0.00e+00	0.00e+00	0.00e+00	0.00e+00	2.41e-26	2.20e-22	8.37e-19	1.56e-15	1.64e-12	1.29e-09	7.85e-07	8.52e-04	5.19e-02	9.47e-01
 1.87609e+20	0.00e+00	0.00e+00	0.00e+00	0.00e+00	0.00e+00	0.00e+00	0.00e+00	0.00e+00	4.96e-26	4.18e-22	1.47e-18	2.53e-15	2.46e-12	1.78e-09	9.97e-07	9.98e-04	5.60e-02	9.43e-01
 3.18540e+20	0.00e+00	0.00e+00	0.00e+00	0.00e+00	0.00e+00	0.00e+00	0.00e+00	0.00e+00	1.02e-25	7.97e-22	2.58e-18	4.10e-15	3.68e-12	2.45e-09	1.27e-06	1.17e-03	6.05e-02	9.38e-01
 4.54709e+20	0.00e+00	0.00e+00	0.00e+00	0.00e+00	0.00e+00	0.00e+00	0.00e+00	0.00e+00	2.12e-25	1.52e-21	4.54e-18	6.67e-15	5.52e-12	3.38e-09	1.61e-06	1.37e-03	6.53e-02	9.33e-01
 5.74411e+20	0.00e+00	0.00e+00	0.00e+00	0.00e+00	0.00e+00	0.00e+00	0.00e+00	0.00e+00	3.93e-25	2.64e-21	7.36e-18	1.01e-14	7.79e-12	4.45e-09	1.98e-06	1.57e-03	6.97e-02	9.29e-01
 6.66685e+20	0.00e+00	0.00e+00	0.00e+00	0.00e+00	0.00e+00	0.00e+00	0.00e+00	0.00e+00	6.26e-25	3.99e-21	1.06e-17	1.38e-14	1.01e-11	5.47e-09	2.31e-06	1.73e-03	7.32e-02	9.25e-01
 7.48882e+20	0.00e+00	0.00e+00	0.00e+00	0.00e+00	0.00e+00	0.00e+00	0.00e+00	0.00e+00	9.39e-25	5.72e-21	1.45e-17	1.81e-14	1.27e-11	6.55e-09	2.64e-06	1.89e-03	7.63e-02	9.22e-01
 8.41356e+20	0.00e+00	0.00e+00	0.00e+00	0.00e+00	0.00e+00	0.00e+00	0.00e+00	0.00e+00	1.47e-24	8.51e-21	2.05e-17	2.43e-14	1.62e-11	7.99e-09	3.06e-06	2.09e-03	7.99e-02	9.18e-01
 9.61573e+20	0.00e+00	0.00e+00	0.00e+00	0.00e+00	0.00e+00	0.00e+00	0.00e+00	1.85e-28	2.59e-24	1.41e-20	3.19e-17	3.56e-14	2.23e-11	1.03e-08	3.70e-06	2.36e-03	8.47e-02	9.13e-01
 1.08324e+21	0.00e+00	0.00e+00	0.00e+00	0.00e+00	0.00e+00	0.00e+00	0.00e+00	3.45e-28	4.53e-24	2.32e-20	4.94e-17	5.17e-14	3.05e-11	1.32e-08	4.45e-06	2.67e-03	8.98e-02	9.08e-01
 1.17841e+21	0.00e+00	0.00e+00	0.00e+00	0.00e+00	0.00e+00	0.00e+00	0.00e+00	5.54e-28	6.94e-24	3.39e-20	6.88e-17	6.88e-14	3.87e-11	1.59e-08	5.12e-06	2.92e-03	9.38e-02	9.03e-01
 1.27376e+21	0.00e+00	0.00e+00	0.00e+00	0.00e+00	0.00e+00	0.00e+00	0.00e+00	8.84e-28	1.06e-23	4.92e-20	9.55e-17	9.12e-14	4.89e-11	1.92e-08	5.89e-06	3.20e-03	9.79e-02	8.99e-01
 1.39771e+21	0.00e+00	0.00e+00	0.00e+00	0.00e+00	0.00e+00	0.00e+00	0.00e+00	1.60e-27	1.80e-23	7.92e-20	1.45e-16	1.31e-13	6.60e-11	2.43e-08	7.03e-06	3.59e-03	1.03e-01	8.93e-01
 1.52616e+21	0.00e+00	0.00e+00	0.00e+00	0.00e+00	0.00e+00	0.00e+00	0.00e+00	2.92e-27	3.10e-23	1.28e-19	2.21e-16	1.88e-13	8.93e-11	3.09e-08	8.41e-06	4.04e-03	1.09e-01	8.87e-01
 1.63080e+21	0.00e+00	0.00e+00	0.00e+00	0.00e+00	0.00e+00	0.00e+00	0.00e+00	4.71e-27	4.77e-23	1.88e-19	3.09e-16	2.51e-13	1.14e-10	3.74e-08	9.70e-06	4.43e-03	1.14e-01	8.82e-01
 1.73722e+21	0.00e+00	0.00e+00	0.00e+00	0.00e+00	0.00e+00	0.00e+00	0.00e+00	7.60e-27	7.34e-23	2.76e-19	4.33e-16	3.34e-13	1.45e-10	4.53e-08	1.12e-05	4.86e-03	1.19e-01	8.76e-01
 1.84877e+21	0.00e+00	0.00e+00	0.00e+00	0.00e+00	0.00e+00	0.00e+00	0.00e+00	1.24e-26	1.14e-22	4.10e-19	6.12e-16	4.51e-13	1.86e-10	5.52e-08	1.30e-05	5.34e-03	1.24e-01	8.70e-01
 1.94277e+21	0.00e+00	0.00e+00	0.00e+00	0.00e+00	0.00e+00	0.00e+00	0.00e+00	1.86e-26	1.65e-22	5.67e-19	8.13e-16	5.76e-13	2.28e-10	6.49e-08	1.46e-05	5.78e-03	1.29e-01	8.65e-01
 2.04073e+21	0.00e+00	0.00e+00	0.00e+00	0.00e+00	0.00e+00	0.00e+00	0.00e+00	2.84e-26	2.40e-22	7.93e-19	1.09e-15	7.42e-13	2.82e-10	7.68e-08	1.66e-05	6.26e-03	1.34e-01	8.60e-01
 2.16808e+21	0.00e+00	0.00e+00	0.00e+00	0.00e+00	0.00e+00	0.00e+00	0.00e+00	4.82e-26	3.88e-22	1.21e-18	1.59e-15	1.02e-12	3.69e-10	9.50e-08	1.94e-05	6.94e-03	1.40e-01	8.53e-01
 2.29610e+21	0.00e+00	0.00e+00	0.00e+00	0.00e+00	0.00e+00	0.00e+00	0.00e+00	8.16e-26	6.23e-22	1.85e-18	2.30e-15	1.41e-12	4.81e-10	1.17e-07	2.27e-05	7.68e-03	1.47e-01	8.46e-01
 2.39468e+21	0.00e+00	0.00e+00	0.00e+00	0.00e+00	0.00e+00	0.00e+00	0.00e+00	1.21e-25	8.91e-22	2.55e-18	3.04e-15	1.79e-12	5.89e-10	1.38e-07	2.55e-05	8.28e-03	1.52e-01	8.40e-01
 2.49251e+21	0.00e+00	0.00e+00	0.00e+00	0.00e+00	0.00e+00	0.00e+00	0.00e+00	1.79e-25	1.26e-21	3.48e-18	3.99e-15	2.27e-12	7.17e-10	1.61e-07	2.87e-05	8.92e-03	1.57e-01	8.34e-01
 2.61970e+21	0.00e+00	0.00e+00	0.00e+00	0.00e+00	0.00e+00	0.00e+00	0.00e+00	2.94e-25	1.97e-21	5.17e-18	5.66e-15	3.07e-12	9.23e-10	1.96e-07	3.32e-05	9.81e-03	1.64e-01	8.26e-01
 2.75084e+21	0.00e+00	0.00e+00	0.00e+00	0.00e+00	0.00e+00	0.00e+00	0.00e+00	4.85e-25	3.11e-21	7.75e-18	8.08e-15	4.16e-12	1.19e-09	2.40e-07	3.86e-05	1.08e-02	1.71e-01	8.18e-01
 2.85839e+21	0.00e+00	0.00e+00	0.00e+00	0.00e+00	0.00e+00	0.00e+00	0.00e+00	7.27e-25	4.47e-21	1.07e-17	1.07e-14	5.33e-12	1.47e-09	2.82e-07	4.36e-05	1.17e-02	1.77e-01	8.11e-01
 2.94817e+21	0.00e+00	0.00e+00	0.00e+00	0.00e+00	0.00e+00	0.00e+00	0.00e+00	1.02e-24	6.08e-21	1.41e-17	1.37e-14	6.56e-12	1.74e-09	3.24e-07	4.82e-05	1.24e-02	1.82e-01	8.05e-01
 3.04361e+21	0.00e+00	0.00e+00	0.00e+00	0.00e+00	0.00e+00	0.00e+00	0.00e+00	1.44e-24	8.29e-21	1.86e-17	1.74e-14	8.08e-12	2.08e-09	3.72e-07	5.34e-05	1.33e-02	1.88e-01	7.99e-01
 3.16767e+21	0.00e+00	0.00e+00	0.00e+00	0.00e+00	0.00e+00	0.00e+00	0.00e+00	2.25e-24	1.24e-20	2.66e-17	2.39e-14	1.06e-11	2.61e-09	4.45e-07	6.10e-05	1.45e-02	1.95e-01	7.91e-01
 3.29246e+21	0.00e+00	0.00e+00	0.00e+00	0.00e+00	0.00e+00	0.00e+00	0.00e+00	3.51e-24	1.85e-20	3.81e-17	3.27e-14	1.39e-11	3.28e-09	5.33e-07	6.97e-05	1.57e-02	2.02e-01	7.82e-01
 3.39030e+21	0.00e+00	0.00e+00	0.00e+00	0.00e+00	0.00e+00	0.00e+00	2.39e-28	4.94e-24	2.52e-20	5.01e-17	4.17e-14	1.72e-11	3.91e-09	6.11e-07	7.72e-05	1.68e-02	2.07e-01	7.76e-01
 3.48961e+21	0.00e+00	0.00e+00	0.00e+00	0.00e+00	0.00e+00	0.00e+00	3.47e-28	6.96e-24	3.44e-20	6.61e-17	5.32e-14	2.12e-11	4.67e-09	7.03e-07	8.55e-05	1.79e-02	2.13e-01	7.69e-01
 3.61870e+21	0.00e+00	0.00e+00	0.00e+00	0.00e+00	0.00e+00	0.00e+00	5.61e-28	1.08e-23	5.11e-20	9.41e-17	7.26e-14	2.78e-11	5.85e-09	8.39e-07	9.75e-05	1.94e-02	2.21e-01	7.60e-01
 3.74824e+21	0.00e+00	0.00e+00	0.00e+00	0.00e+00	0.00e+00	0.00e+00	9.03e-28	1.67e-23	7.56e-20	1.34e-16	9.88e-14	3.63e-11	7.32e-09	1.00e-06	1.11e-04	2.11e-02	2.29e-01	7.50e-01
 3.84935e+21	0.00e+00	0.00e+00	0.00e+00	0.00e+00	0.00e+00	0.00e+00	1.30e-27	2.33e-23	1.02e-19	1.75e-16	1.25e-13	4.46e-11	8.70e-09	1.15e-06	1.23e-04	2.25e-02	2.35e-01	7.43e-01
 3.95176e+21	0.00e+00	0.00e+00	0.00e+00	0.00e+00	0.00e+00	0.00e+00	1.87e-27	3.25e-23	1.38e-19	2.29e-16	1.59e-13	5.48e-11	1.03e-08	1.31e-06	1.35e-04	2.39e-02	2.41e-01	7.35e-01
 4.08491e+21	0.00e+00	0.00e+00	0.00e+00	0.00e+00	0.00e+00	0.00e+00	2.98e-27	4.97e-23	2.03e-19	3.23e-16	2.15e-13	7.12e-11	1.29e-08	1.56e-06	1.54e-04	2.59e-02	2.49e-01	7.25e-01
 4.21340e+21	0.00e+00	0.00e+00	0.00e+00	0.00e+00	0.00e+00	0.00e+00	4.65e-27	7.47e-23	2.94e-19	4.49e-16	2.88e-13	9.17e-11	1.59e-08	1.84e-06	1.74e-04	2.79e-02	2.57e-01	7.15e-01
 4.30648e+21	0.00e+00	0.00e+00	0.00e+00	0.00e+00	0.00e+00	0.00e+00	6.38e-27	9.99e-23	3.82e-19	5.68e-16	3.54e-13	1.10e-10	1.85e-08	2.07e-06	1.90e-04	2.95e-02	2.62e-01	7.08e-01
 4.39811e+21	0.00e+00	0.00e+00	0.00e+00	0.00e+00	0.00e+00	0.00e+00	8.68e-27	1.32e-22	4.93e-19	7.14e-16	4.33e-13	1.31e-10	2.15e-08	2.32e-06	2.06e-04	3.10e-02	2.68e-01	7.01e-01
 4.51723e+21	0.00e+00	0.00e+00	0.00e+00	0.00e+00	0.00e+00	0.00e+00	1.29e-26	1.90e-22	6.84e-19	9.57e-16	5.61e-13	1.64e-10	2.60e-08	2.69e-06	2.30e-04	3.32e-02	2.75e-01	6.92e-01
 4.64337e+21	0.00e+00	0.00e+00	0.00e+00	0.00e+00	0.00e+00	0.00e+00	1.95e-26	2.78e-22	9.65e-19	1.30e-15	7.37e-13	2.07e-10	3.17e-08	3.14e-06	2.57e-04	3.56e-02	2.83e-01	6.82e-01
 4.75157e+21	0.00e+00	0.00e+00	0.00e+00	0.00e+00	0.00e+00	0.00e+00	2.76e-26	3.83e-22	1.29e-18	1.69e-15	9.27e-13	2.53e-10	3.75e-08	3.58e-06	2.83e-04	3.78e-02	2.89e-01	6.73e-01
 4.84769e+21	0.00e+00	0.00e+00	0.00e+00	0.00e+00	0.00e+00	0.00e+00	3.75e-26	5.08e-22	1.67e-18	2.12e-15	1.14e-12	3.02e-10	4.35e-08	4.02e-06	3.08e-04	3.98e-02	2.95e-01	6.65e-01
 4.95517e+21	0.00e+00	0.00e+00	0.00e+00	0.00e+00	0.00e+00	0.00e+00	5.24e-26	6.91e-22	2.20e-18	2.73e-15	1.42e-12	3.67e-10	5.11e-08	4.56e-06	3.38e-04	4.21e-02	3.01e-01	6.56e-01
 5.09490e+21	0.00e+00	0.00e+00	0.00e+00	0.00e+00	0.00e+00	0.00e+00	8.07e-26	1.03e-21	3.16e-18	3.77e-15	1.89e-12	4.70e-10	6.30e-08	5.37e-06	3.80e-04	4.52e-02	3.10e-01	6.45e-01
 5.23411e+21	0.00e+00	0.00e+00	0.00e+00	0.00e+00	0.00e+00	0.00e+00	1.23e-25	1.52e-21	4.51e-18	5.19e-15	2.50e-12	6.01e-10	7.75e-08	6.31e-06	4.27e-04	4.86e-02	3.18e-01	6.33e-01
 5.34138e+21	0.00e+00	0.00e+00	0.00e+00	0.00e+00	0.00e+00	0.00e+00	1.70e-25	2.04e-21	5.90e-18	6.61e-15	3.10e-12	7.25e-10	9.07e-08	7.13e-06	4.67e-04	5.12e-02	3.24e-01	6.24e-01
 5.43466e+21	0.00e+00	0.00e+00	0.00e+00	0.00e+00	0.00e+00	0.00e+00	2.25e-25	2.64e-21	7.45e-18	8.15e-15	3.73e-12	8.52e-10	1.04e-07	7.92e-06	5.04e-04	5.37e-02	3.29e-01	6.16e-01
 5.54099e+21	0.00e+00	0.00e+00	0.00e+00	0.00e+00	0.00e+00	0.00e+00	3.06e-25	3.51e-21	9.65e-18	1.03e-14	4.59e-12	1.02e-09	1.21e-07	8.91e-06	5.49e-04	5.65e-02	3.35e-01	6.08e-01
 5.67922e+21	0.00e+00	0.00e+00	0.00e+00	0.00e+00	0.00e+00	0.00e+00	4.55e-25	5.06e-21	1.35e-17	1.39e-14	5.98e-12	1.29e-09	1.47e-07	1.04e-05	6.12e-04	6.03e-02	3.43e-01	5.96e-01
 5.81987e+21	0.00e+00	0.00e+00	0.00e+00	0.00e+00	0.00e+00	0.00e+00	6.79e-25	7.32e-21	1.89e-17	1.88e-14	7.83e-12	1.63e-09	1.79e-07	1.21e-05	6.83e-04	6.44e-02	3.51e-01	5.84e-01
 5.93243e+21	0.00e+00	0.00e+00	0.00e+00	0.00e+00	0.00e+00	0.00e+00	9.29e-25	9.79e-21	2.46e-17	2.39e-14	9.68e-12	1.96e-09	2.09e-07	1.36e-05	7.45e-04	6.78e-02	3.57e-01	5.74e-01
 6.04750e+21	0.00e+00	0.00e+00	0.00e+00	0.00e+00	0.00e+00	0.00e+00	1.27e-24	1.31e-20	3.21e-17	3.03e-14	1.20e-11	2.36e-09	2.45e-07	1.54e-05	8.13e-04	7.14e-02	3.63e-01	5.65e-01
 6.19708e+21	0.00e+00	0.00e+00	0.00e+00	0.00e+00	0.00e+00	0.00e+00	1.91e-24	1.91e-20	4.51e-17	4.13e-14	1.57e-11	3.00e-09	2.99e-07	1.79e-05	9.08e-04	7.62e-02	3.71e-01	5.52e-01
 6.34473e+21	0.00e+00	0.00e+00	0.00e+00	0.00e+00	0.00e+00	2.33e-28	2.83e-24	2.75e-20	6.30e-17	5.58e-14	2.06e-11	3.79e-09	3.65e-07	2.09e-05	1.01e-03	8.12e-02	3.78e-01	5.39e-01
 6.45650e+21	0.00e+00	0.00e+00	0.00e+00	0.00e+00	0.00e+00	3.25e-28	3.79e-24	3.60e-20	8.08e-17	6.98e-14	2.51e-11	4.51e-09	4.22e-07	2.34e-05	1.10e-03	8.51e-02	3.84e-01	5.30e-01
 6.56847e+21	0.00e+00	0.00e+00	0.00e+00	0.00e+00	0.00e+00	4.50e-28	5.06e-24	4.71e-20	1.03e-16	8.71e-14	3.06e-11	5.36e-09	4.88e-07	2.61e-05	1.19e-03	8.91e-02	3.89e-01	5.21e-01
 6.71403e+21	0.00e+00	0.00e+00	0.00e+00	0.00e+00	0.00e+00	6.82e-28	7.31e-24	6.63e-20	1.41e-16	1.16e-13	3.93e-11	6.68e-09	5.87e-07	3.01e-05	1.31e-03	9.45e-02	3.96e-01	5.08e-01
 6.86608e+21	0.00e+00	0.00e+00	0.00e+00	0.00e+00	0.00e+00	1.05e-27	1.07e-23	9.45e-20	1.95e-16	1.55e-13	5.10e-11	8.40e-09	7.12e-07	3.49e-05	1.46e-03	1.00e-01	4.03e-01	4.96e-01
 6.99349e+21	0.00e+00	0.00e+00	0.00e+00	0.00e+00	0.00e+00	1.50e-27	1.47e-23	1.27e-19	2.56e-16	1.98e-13	6.36e-11	1.02e-08	8.37e-07	3.94e-05	1.59e-03	1.05e-01	4.08e-01	4.85e-01
 7.12605e+21	0.00e+00	0.00e+00	0.00e+00	0.00e+00	0.00e+00	2.14e-27	2.01e-23	1.70e-19	3.35e-16	2.53e-13	7.88e-11	1.23e-08	9.79e-07	4.45e-05	1.73e-03	1.11e-01	4.13e-01	4.74e-01
 7.27464e+21	0.00e+00	0.00e+00	0.00e+00	0.00e+00	0.00e+00	3.19e-27	2.85e-23	2.36e-19	4.53e-16	3.32e-13	1.01e-10	1.52e-08	1.17e-06	5.10e-05	1.90e-03	1.17e-01	4.19e-01	4.62e-01
 7.41264e+21	0.00e+00	0.00e+00	0.00e+00	0.00e+00	0.00e+00	4.59e-27	3.93e-23	3.19e-19	5.97e-16	4.26e-13	1.26e-10	1.85e-08	1.38e-06	5.77e-05	2.08e-03	1.23e-01	4.24e-01	4.51e-01
 7.53653e+21	0.00e+00	0.00e+00	0.00e+00	0.00e+00	0.00e+00	6.34e-27	5.22e-23	4.16e-19	7.62e-16	5.32e-13	1.53e-10	2.20e-08	1.59e-06	6.44e-05	2.24e-03	1.28e-01	4.29e-01	4.41e-01
 7.67352e+21	0.00e+00	0.00e+00	0.00e+00	0.00e+00	0.00e+00	8.98e-27	7.09e-23	5.54e-19	9.92e-16	6.75e-13	1.89e-10	2.65e-08	1.86e-06	7.25e-05	2.43e-03	1.34e-01	4.33e-01	4.30e-01
 7.82755e+21	0.00e+00	0.00e+00	0.00e+00	0.00e+00	0.00e+00	1.32e-26	9.96e-23	7.62e-19	1.33e-15	8.81e-13	2.40e-10	3.25e-08	2.21e-06	8.27e-05	2.66e-03	1.41e-01	4.38e-01	4.18e-01
 7.97232e+21	0.00e+00	0.00e+00	0.00e+00	0.00e+00	0.00e+00	1.89e-26	1.36e-22	1.02e-18	1.74e-15	1.13e-12	2.98e-10	3.94e-08	2.60e-06	9.34e-05	2.90e-03	1.48e-01	4.42e-01	4.07e-01
 8.10738e+21	0.00e+00	0.00e+00	0.00e+00	0.00e+00	0.00e+00	2.63e-26	1.82e-22	1.34e-18	2.24e-15	1.42e-12	3.66e-10	4.71e-08	3.02e-06	1.05e-04	3.13e-03	1.54e-01	4.46e-01	3.97e-01
 8.26121e+21	0.00e+00	0.00e+00	0.00e+00	0.00e+00	0.00e+00	3.76e-26	2.50e-22	1.81e-18	2.95e-15	1.82e-12	4.56e-10	5.71e-08	3.54e-06	1.18e-04	3.40e-03	1.61e-01	4.49e-01	3.86e-01
 8.43222e+21	0.00e+00	0.00e+00	0.00e+00	0.00e+00	0.00e+00	5.60e-26	3.55e-22	2.51e-18	4.00e-15	2.39e-12	5.83e-10	7.07e-08	4.23e-06	1.35e-04	3.73e-03	1.69e-01	4.53e-01	3.74e-01
 8.58588e+21	0.00e+00	0.00e+00	0.00e+00	0.00e+00	0.00e+00	7.97e-26	4.83e-22	3.36e-18	5.23e-15	3.05e-12	7.24e-10	8.55e-08	4.94e-06	1.52e-04	4.04e-03	1.77e-01	4.56e-01	3.63e-01
 8.72229e+21	0.00e+00	0.00e+00	0.00e+00	0.00e+00	0.00e+00	1.08e-25	6.32e-22	4.33e-18	6.60e-15	3.77e-12	8.73e-10	1.01e-07	5.67e-06	1.68e-04	4.33e-03	1.84e-01	4.58e-01	3.54e-01
 8.87594e+21	0.00e+00	0.00e+00	0.00e+00	0.00e+00	0.00e+00	1.51e-25	8.50e-22	5.72e-18	8.54e-15	4.77e-12	1.07e-09	1.21e-07	6.58e-06	1.88e-04	4.67e-03	1.91e-01	4.61e-01	3.43e-01
 9.07568e+21	0.00e+00	0.00e+00	0.00e+00	0.00e+00	0.00e+00	2.32e-25	1.24e-21	8.16e-18	1.18e-14	6.42e-12	1.40e-09	1.52e-07	7.96e-06	2.17e-04	5.15e-03	2.01e-01	4.63e-01	3.30e-01
 9.27882e+21	0.00e+00	0.00e+00	0.00e+00	0.00e+00	0.00e+00	3.57e-25	1.80e-21	1.16e-17	1.65e-14	8.65e-12	1.82e-09	1.91e-07	9.62e-06	2.50e-04	5.66e-03	2.11e-01	4.66e-01	3.17e-01
 9.44229e+21	0.00e+00	0.00e+00	0.00e+00	0.00e+00	0.00e+00	5.01e-25	2.43e-21	1.54e-17	2.13e-14	1.09e-11	2.24e-09	2.29e-07	1.12e-05	2.80e-04	6.10e-03	2.19e-01	4.67e-01	3.07e-01
 9.61073e+21	0.00e+00	0.00e+00	0.00e+00	0.00e+00	0.00e+00	7.02e-25	3.27e-21	2.04e-17	2.76e-14	1.38e-11	2.76e-09	2.74e-07	1.29e-05	3.13e-04	6.56e-03	2.28e-01	4.68e-01	2.97e-01
 9.82970e+21	0.00e+00	0.00e+00	0.00e+00	0.00e+00	0.00e+00	1.08e-24	4.77e-21	2.91e-17	3.84e-14	1.86e-11	3.59e-09	3.44e-07	1.56e-05	3.60e-04	7.20e-03	2.39e-01	4.69e-01	2.85e-01
 1.00470e+22	0.00e+00	0.00e+00	0.00e+00	0.00e+00	0.00e+00	1.65e-24	6.90e-21	4.13e-17	5.30e-14	2.50e-11	4.66e-09	4.31e-07	1.88e-05	4.12e-04	7.88e-03	2.50e-01	4.69e-01	2.73e-01
 1.02138e+22	0.00e+00	0.00e+00	0.00e+00	0.00e+00	2.42e-28	2.26e-24	9.11e-21	5.37e-17	6.75e-14	3.11e-11	5.65e-09	5.09e-07	2.15e-05	4.56e-04	8.43e-03	2.58e-01	4.69e-01	2.64e-01
 1.03821e+22	0.00e+00	0.00e+00	0.00e+00	0.00e+00	3.43e-28	3.08e-24	1.20e-20	6.95e-17	8.57e-14	3.86e-11	6.83e-09	6.00e-07	2.46e-05	5.04e-04	9.00e-03	2.66e-01	4.69e-01	2.55e-01
 1.06008e+22	0.00e+00	0.00e+00	0.00e+00	0.00e+00	5.36e-28	4.57e-24	1.69e-20	9.65e-17	1.16e-13	5.08e-11	8.70e-09	7.38e-07	2.92e-05	5.72e-04	9.76e-03	2.77e-01	4.68e-01	2.45e-01
 1.08330e+22	0.00e+00	0.00e+00	0.00e+00	0.00e+00	8.54e-28	6.91e-24	2.43e-20	1.36e-16	1.59e-13	6.77e-11	1.12e-08	9.17e-07	3.48e-05	6.52e-04	1.06e-02	2.89e-01	4.66e-01	2.34e-01
 1.10338e+22	0.00e+00	0.00e+00	0.00e+00	0.00e+00	1.27e-27	9.80e-24	3.31e-20	1.82e-16	2.08e-13	8.62e-11	1.39e-08	1.10e-06	4.04e-05	7.28e-04	1.14e-02	2.99e-01	4.65e-01	2.25e-01
 1.12182e+22	0.00e+00	0.00e+00	0.00e+00	0.00e+00	1.80e-27	1.34e-23	4.36e-20	2.36e-16	2.65e-13	1.07e-10	1.68e-08	1.30e-06	4.62e-05	8.03e-04	1.22e-02	3.08e-01	4.63e-01	2.16e-01
 1.14300e+22	0.00e+00	0.00e+00	0.00e+00	0.00e+00	2.68e-27	1.91e-23	5.94e-20	3.17e-16	3.47e-13	1.37e-10	2.08e-08	1.56e-06	5.36e-05	8.95e-04	1.30e-02	3.18e-01	4.61e-01	2.08e-01
 1.16608e+22	0.00e+00	0.00e+00	0.00e+00	0.00e+00	4.10e-27	2.78e-23	8.28e-20	4.34e-16	4.64e-13	1.78e-10	2.61e-08	1.90e-06	6.28e-05	1.01e-03	1.41e-02	3.29e-01	4.58e-01	1.98e-01
 1.18685e+22	0.00e+00	0.00e+00	0.00e+00	0.00e+00	5.97e-27	3.89e-23	1.11e-19	5.73e-16	5.99e-13	2.24e-10	3.20e-08	2.26e-06	7.23e-05	1.12e-03	1.50e-02	3.38e-01	4.55e-01	1.90e-01
 1.20907e+22	0.00e+00	0.00e+00	0.00e+00	0.00e+00	8.83e-27	5.50e-23	1.51e-19	7.65e-16	7.82e-13	2.85e-10	3.95e-08	2.70e-06	8.36e-05	1.24e-03	1.60e-02	3.49e-01	4.52e-01	1.82e-01
 1.23395e+22	0.00e+00	0.00e+00	0.00e+00	0.00e+00	1.36e-26	8.08e-23	2.11e-19	1.05e-15	1.05e-12	3.71e-10	4.98e-08	3.29e-06	9.80e-05	1.39e-03	1.73e-02	3.60e-01	4.48e-01	1.73e-01
 1.25729e+22	0.00e+00	0.00e+00	0.00e+00	0.00e+00	2.02e-26	1.15e-22	2.88e-19	1.41e-15	1.38e-12	4.74e-10	6.16e-08	3.94e-06	1.13e-04	1.55e-03	1.84e-02	3.70e-01	4.44e-01	1.66e-01
 1.27928e+22	0.00e+00	0.00e+00	0.00e+00	0.00e+00	2.92e-26	1.59e-22	3.83e-19	1.85e-15	1.77e-12	5.93e-10	7.49e-08	4.66e-06	1.30e-04	1.71e-03	1.96e-02	3.80e-01	4.40e-01	1.59e-01
 1.30451e+22	0.00e+00	0.00e+00	0.00e+00	0.00e+00	4.39e-26	2.29e-22	5.28e-19	2.51e-15	2.33e-12	7.63e-10	9.33e-08	5.61e-06	1.50e-04	1.90e-03	2.10e-02	3.91e-01	4.35e-01	1.51e-01
 1.33256e+22	0.00e+00	0.00e+00	0.00e+00	0.00e+00	6.88e-26	3.41e-22	7.49e-19	3.49e-15	3.17e-12	1.00e-09	1.18e-07	6.88e-06	1.77e-04	2.14e-03	2.25e-02	4.03e-01	4.30e-01	1.43e-01
 1.35865e+22	0.00e+00	0.00e+00	0.00e+00	0.00e+00	1.04e-25	4.91e-22	1.03e-18	4.73e-15	4.19e-12	1.29e-09	1.47e-07	8.27e-06	2.05e-04	2.38e-03	2.41e-02	4.13e-01	4.24e-01	1.36e-01
 1.38697e+22	0.00e+00	0.00e+00	0.00e+00	0.00e+00	1.60e-25	7.21e-22	1.44e-18	6.51e-15	5.62e-12	1.68e-09	1.85e-07	1.00e-05	2.40e-04	2.67e-03	2.58e-02	4.25e-01	4.18e-01	1.28e-01
 1.41676e+22	0.00e+00	0.00e+00	0.00e+00	0.00e+00	2.50e-25	1.07e-21	2.05e-18	9.08e-15	7.63e-12	2.21e-09	2.35e-07	1.23e-05	2.81e-04	2.99e-03	2.76e-02	4.36e-01	4.12e-01	1.21e-01
 1.44204e+22	0.00e+00	0.00e+00	0.00e+00	0.00e+00	3.63e-25	1.50e-21	2.74e-18	1.20e-14	9.85e-12	2.78e-09	2.87e-07	1.45e-05	3.22e-04	3.29e-03	2.93e-02	4.46e-01	4.06e-01	1.15e-01
 1.46851e+22	0.00e+00	0.00e+00	0.00e+00	0.00e+00	5.31e-25	2.10e-21	3.69e-18	1.59e-14	1.28e-11	3.51e-09	3.51e-07	1.72e-05	3.68e-04	3.63e-03	3.10e-02	4.55e-01	4.00e-01	1.10e-01
 1.50292e+22	0.00e+00	0.00e+00	0.00e+00	0.00e+00	8.60e-25	3.22e-21	5.37e-18	2.27e-14	1.77e-11	4.71e-09	4.53e-07	2.14e-05	4.37e-04	4.10e-03	3.34e-02	4.68e-01	3.92e-01	1.03e-01
 1.53802e+22	0.00e+00	0.00e+00	0.00e+00	1.99e-28	1.40e-24	4.97e-21	7.86e-18	3.26e-14	2.47e-11	6.35e-09	5.87e-07	2.65e-05	5.18e-04	4.63e-03	3.59e-02	4.80e-01	3.83e-01	9.59e-02
 1.56602e+22	0.00e+00	0.00e+00	0.00e+00	3.03e-28	2.05e-24	6.97e-21	1.06e-17	4.32e-14	3.21e-11	8.01e-09	7.18e-07	3.14e-05	5.92e-04	5.09e-03	3.80e-02	4.89e-01	3.77e-01	9.08e-02
 1.59443e+22	0.00e+00	0.00e+00	0.00e+00	4.60e-28	2.98e-24	9.73e-21	1.42e-17	5.71e-14	4.14e-11	1.01e-08	8.75e-07	3.71e-05	6.75e-04	5.59e-03	4.01e-02	4.98e-01	3.70e-01	8.60e-02
 1.63135e+22	0.00e+00	0.00e+00	0.00e+00	7.82e-28	4.81e-24	1.49e-20	2.05e-17	8.13e-14	5.74e-11	1.35e-08	1.13e-06	4.58e-05	7.98e-04	6.29e-03	4.29e-02	5.09e-01	3.61e-01	8.02e-02
 1.66966e+22	0.00e+00	0.00e+00	0.00e+00	1.35e-27	7.86e-24	2.30e-20	3.00e-17	1.17e-13	8.02e-11	1.82e-08	1.46e-06	5.69e-05	9.46e-04	7.09e-03	4.60e-02	5.20e-01	3.52e-01	7.45e-02
 1.70139e+22	0.00e+00	0.00e+00	0.00e+00	2.10e-27	1.17e-23	3.27e-20	4.09e-17	1.57e-13	1.05e-10	2.32e-08	1.80e-06	6.77e-05	1.08e-03	7.81e-03	4.86e-02	5.28e-01	3.44e-01	7.01e-02
 1.72803e+22	0.00e+00	0.00e+00	0.00e+00	3.02e-27	1.62e-23	4.37e-20	5.27e-17	2.00e-13	1.32e-10	2.84e-08	2.14e-06	7.82e-05	1.21e-03	8.46e-03	5.09e-02	5.35e-01	3.37e-01	6.66e-02
 1.75643e+22	0.00e+00	0.00e+00	0.00e+00	4.43e-27	2.29e-23	5.93e-20	6.88e-17	2.59e-13	1.66e-10	3.50e-08	2.56e-06	9.10e-05	1.37e-03	9.19e-03	5.33e-02	5.43e-01	3.30e-01	6.31e-02
 1.79337e+22	0.00e+00	0.00e+00	0.00e+00	7.17e-27	3.53e-23	8.70e-20	9.62e-17	3.56e-13	2.24e-10	4.56e-08	3.21e-06	1.10e-04	1.59e-03	1.02e-02	5.65e-02	5.51e-01	3.22e-01	5.89e-02
 1.83122e+22	0.00e+00	0.00e+00	0.00e+00	1.18e-26	5.50e-23	1.29e-19	1.36e-16	4.96e-13	3.03e-10	5.98e-08	4.06e-06	1.33e-04	1.84e-03	1.13e-02	5.99e-02	5.59e-01	3.13e-01	5.48e-02
 1.86173e+22	0.00e+00	0.00e+00	0.00e+00	1.74e-26	7.82e-23	1.76e-19	1.78e-16	6.43e-13	3.85e-10	7.41e-08	4.88e-06	1.55e-04	2.08e-03	1.23e-02	6.28e-02	5.66e-01	3.05e-01	5.17e-02
 1.89283e+22	0.00e+00	0.00e+00	0.00e+00	2.56e-26	1.11e-22	2.39e-19	2.32e-16	8.32e-13	4.89e-10	9.17e-08	5.86e-06	1.81e-04	2.34e-03	1.34e-02	6.57e-02	5.72e-01	2.98e-01	4.88e-02
 1.92576e+22	0.00e+00	0.00e+00	0.00e+00	3.85e-26	1.60e-22	3.31e-19	3.08e-16	1.09e-12	6.28e-10	1.15e-07	7.11e-06	2.12e-04	2.65e-03	1.46e-02	6.88e-02	5.78e-01	2.90e-01	4.58e-02
 1.95388e+22	0.00e+00	0.00e+00	0.00e+00	5.44e-26	2.18e-22	4.35e-19	3.91e-16	1.38e-12	7.77e-10	1.39e-07	8.36e-06	2.43e-04	2.94e-03	1.57e-02	7.16e-02	5.82e-01	2.84e-01	4.34e-02
 1.98321e+22	0.00e+00	0.00e+00	0.00e+00	7.73e-26	2.98e-22	5.74e-19	4.97e-16	1.74e-12	9.64e-10	1.68e-07	9.87e-06	2.79e-04	3.27e-03	1.69e-02	7.44e-02	5.87e-01	2.77e-01	4.11e-02
 2.01633e+22	0.00e+00	0.00e+00	0.00e+00	1.14e-25	4.22e-22	7.80e-19	6.49e-16	2.24e-12	1.22e-09	2.08e-07	1.18e-05	3.23e-04	3.67e-03	1.82e-02	7.76e-02	5.92e-01	2.70e-01	3.87e-02
 2.04813e+22	0.00e+00	0.00e+00	0.00e+00	1.66e-25	5.91e-22	1.05e-18	8.40e-16	2.89e-12	1.54e-09	2.56e-07	1.41e-05	3.75e-04	4.11e-03	1.97e-02	8.09e-02	5.96e-01	2.62e-01	3.64e-02
 2.07753e+22	0.00e+00	0.00e+00	0.00e+00	2.33e-25	8.02e-22	1.37e-18	1.06e-15	3.62e-12	1.90e-09	3.08e-07	1.66e-05	4.27e-04	4.55e-03	2.12e-02	8.39e-02	6.00e-01	2.56e-01	3.44e-02
 2.10426e+22	0.00e+00	0.00e+00	0.00e+00	3.16e-25	1.05e-21	1.75e-18	1.31e-15	4.44e-12	2.29e-09	3.65e-07	1.91e-05	4.81e-04	4.99e-03	2.25e-02	8.67e-02	6.02e-01	2.50e-01	3.27e-02
 2.13323e+22	0.00e+00	0.00e+00	0.00e+00	4.37e-25	1.41e-21	2.26e-18	1.63e-15	5.50e-12	2.80e-09	4.36e-07	2.23e-05	5.45e-04	5.50e-03	2.40e-02	8.97e-02	6.05e-01	2.44e-01	3.10e-02
 2.16517e+22	0.00e+00	0.00e+00	0.00e+00	6.20e-25	1.93e-21	2.97e-18	2.07e-15	6.94e-12	3.46e-09	5.28e-07	2.62e-05	6.23e-04	6.09e-03	2.58e-02	9.30e-02	6.08e-01	2.37e-01	2.92e-02
 2.19461e+22	0.00e+00	0.00e+00	0.00e+00	8.64e-25	2.59e-21	3.85e-18	2.59e-15	8.65e-12	4.25e-09	6.34e-07	3.07e-05	7.09e-04	6.73e-03	2.76e-02	9.62e-02	6.10e-01	2.31e-01	2.75e-02
 2.22139e+22	0.00e+00	0.00e+00	0.00e+00	1.16e-24	3.37e-21	4.85e-18	3.15e-15	1.05e-11	5.09e-09	7.45e-07	3.52e-05	7.94e-04	7.34e-03	2.93e-02	9.91e-02	6.12e-01	2.25e-01	2.62e-02
 2.25109e+22	0.00e+00	0.00e+00	0.00e+00	1.59e-24	4.47e-21	6.22e-18	3.90e-15	1.30e-11	6.19e-09	8.87e-07	4.08e-05	8.97e-04	8.06e-03	3.12e-02	1.02e-01	6.13e-01	2.19e-01	2.47e-02
 2.28971e+22	0.00e+00	0.00e+00	2.27e-28	2.38e-24	6.41e-21	8.53e-18	5.13e-15	1.70e-11	7.93e-09	1.11e-06	4.94e-05	1.05e-03	9.07e-03	3.38e-02	1.06e-01	6.15e-01	2.12e-01	2.30e-02
 2.32843e+22	0.00e+00	0.00e+00	3.60e-28	3.61e-24	9.29e-21	1.18e-17	6.77e-15	2.23e-11	1.03e-08	1.40e-06	6.01e-05	1.23e-03	1.03e-02	3.67e-02	1.11e-01	6.16e-01	2.04e-01	2.13e-02
 2.35655e+22	0.00e+00	0.00e+00	4.94e-28	4.82e-24	1.20e-20	1.48e-17	8.22e-15	2.70e-11	1.22e-08	1.63e-06	6.87e-05	1.37e-03	1.12e-02	3.88e-02	1.14e-01	6.16e-01	1.99e-01	2.02e-02
 2.38237e+22	0.00e+00	0.00e+00	6.63e-28	6.28e-24	1.52e-20	1.82e-17	9.81e-15	3.22e-11	1.44e-08	1.89e-06	7.78e-05	1.52e-03	1.21e-02	4.08e-02	1.17e-01	6.16e-01	1.94e-01	1.92e-02
 2.41593e+22	0.00e+00	0.00e+00	9.62e-28	8.80e-24	2.05e-20	2.36e-17	1.23e-14	4.03e-11	1.77e-08	2.28e-06	9.11e-05	1.73e-03	1.33e-02	4.36e-02	1.20e-01	6.15e-01	1.88e-01	1.80e-02
 2.45145e+22	0.00e+00	0.00e+00	1.43e-27	1.26e-23	2.83e-20	3.13e-17	1.56e-14	5.11e-11	2.21e-08	2.77e-06	1.08e-04	1.98e-03	1.48e-02	4.67e-02	1.24e-01	6.15e-01	1.81e-01	1.68e-02
 2.48156e+22	0.00e+00	0.00e+00	2.00e-27	1.71e-23	3.70e-20	3.95e-17	1.90e-14	6.23e-11	2.66e-08	3.28e-06	1.24e-04	2.22e-03	1.61e-02	4.94e-02	1.28e-01	6.13e-01	1.75e-01	1.59e-02
 2.51277e+22	0.00e+00	0.00e+00	2.81e-27	2.31e-23	4.85e-20	5.00e-17	2.33e-14	7.62e-11	3.21e-08	3.87e-06	1.43e-04	2.49e-03	1.76e-02	5.23e-02	1.31e-01	6.12e-01	1.70e-01	1.49e-02
 2.55335e+22	0.00e+00	0.00e+00	4.32e-27	3.41e-23	6.85e-20	6.75e-17	3.01e-14	9.84e-11	4.08e-08	4.80e-06	1.72e-04	2.89e-03	1.96e-02	5.63e-02	1.35e-01	6.09e-01	1.63e-01	1.38e-02
 2.59387e+22	0.00e+00	0.00e+00	6.77e-27	5.11e-23	9.80e-20	9.20e-17	3.90e-14	1.28e-10	5.23e-08	6.00e-06	2.08e-04	3.37e-03	2.20e-02	6.07e-02	1.40e-01	6.06e-01	1.56e-01	1.27e-02
 2.62443e+22	0.00e+00	0.00e+00	9.29e-27	6.80e-23	1.26e-19	1.15e-16	4.72e-14	1.55e-10	6.22e-08	7.01e-06	2.37e-04	3.74e-03	2.39e-02	6.40e-02	1.43e-01	6.03e-01	1.51e-01	1.19e-02
 2.65426e+22	0.00e+00	0.00e+00	1.27e-26	8.99e-23	1.62e-19	1.42e-16	5.65e-14	1.86e-10	7.38e-08	8.17e-06	2.70e-04	4.16e-03	2.58e-02	6.73e-02	1.46e-01	5.99e-01	1.46e-01	1.12e-02
 2.69304e+22	0.00e+00	0.00e+00	1.89e-26	1.29e-22	2.22e-19	1.87e-16	7.13e-14	2.35e-10	9.19e-08	9.94e-06	3.18e-04	4.75e-03	2.86e-02	7.18e-02	1.50e-01	5.95e-01	1.40e-01	1.04e-02
 2.73192e+22	0.00e+00	0.00e+00	2.83e-26	1.85e-22	3.07e-19	2.47e-16	9.02e-14	2.98e-10	1.15e-07	1.21e-05	3.77e-04	5.44e-03	3.16e-02	7.66e-02	1.54e-01	5.89e-01	1.33e-01	9.57e-03
 2.76186e+22	0.00e+00	0.00e+00	3.86e-26	2.45e-22	3.92e-19	3.06e-16	1.08e-13	3.57e-10	1.36e-07	1.41e-05	4.28e-04	6.03e-03	3.41e-02	8.04e-02	1.57e-01	5.84e-01	1.29e-01	8.99e-03
 2.79173e+22	0.00e+00	0.00e+00	5.19e-26	3.20e-22	4.97e-19	3.75e-16	1.28e-13	4.24e-10	1.60e-07	1.63e-05	4.85e-04	6.65e-03	3.67e-02	8.42e-02	1.60e-01	5.79e-01	1.24e-01	8.45e-03
 2.83055e+22	0.00e+00	0.00e+00	7.62e-26	4.51e-22	6.74e-19	4.88e-16	1.59e-13	5.30e-10	1.97e-07	1.97e-05	5.68e-04	7.55e-03	4.04e-02	8.94e-02	1.63e-01	5.73e-01	1.19e-01	7.79e-03
 2.87095e+22	0.00e+00	0.00e+00	1.14e-25	6.49e-22	9.28e-19	6.43e-16	2.01e-13	6.69e-10	2.45e-07	2.40e-05	6.70e-04	8.61e-03	4.45e-02	9.50e-02	1.67e-01	5.65e-01	1.13e-01	7.13e-03
 2.90388e+22	0.00e+00	0.00e+00	1.60e-25	8.76e-22	1.21e-18	8.06e-16	2.43e-13	8.11e-10	2.94e-07	2.83e-05	7.69e-04	9.61e-03	4.83e-02	9.99e-02	1.70e-01	5.57e-01	1.08e-01	6.62e-03
 2.93239e+22	0.00e+00	0.00e+00	2.09e-25	1.12e-21	1.50e-18	9.69e-16	2.83e-13	9.46e-10	3.40e-07	3.22e-05	8.58e-04	1.05e-02	5.14e-02	1.04e-01	1.72e-01	5.51e-01	1.04e-01	6.23e-03
 2.96463e+22	0.00e+00	0.00e+00	2.85e-25	1.47e-21	1.91e-18	1.19e-15	3.37e-13	1.13e-09	4.01e-07	3.73e-05	9.72e-04	1.16e-02	5.53e-02	1.09e-01	1.74e-01	5.44e-01	9.97e-02	5.81e-03
 3.00654e+22	0.00e+00	0.00e+00	4.24e-25	2.10e-21	2.61e-18	1.56e-15	4.21e-13	1.41e-09	4.95e-07	4.51e-05	1.14e-03	1.31e-02	6.07e-02	1.15e-01	1.77e-01	5.33e-01	9.42e-02	5.29e-03
 3.04982e+22	0.00e+00	0.00e+00	6.42e-25	3.05e-21	3.62e-18	2.07e-15	5.31e-13	1.78e-09	6.16e-07	5.49e-05	1.35e-03	1.49e-02	6.67e-02	1.21e-01	1.80e-01	5.22e-01	8.86e-02	4.79e-03
 3.08495e+22	0.00e+00	0.00e+00	9.00e-25	4.12e-21	4.72e-18	2.59e-15	6.41e-13	2.15e-09	7.35e-07	6.44e-05	1.54e-03	1.66e-02	7.20e-02	1.27e-01	1.82e-01	5.12e-01	8.42e-02	4.41e-03
 3.12068e+22	0.00e+00	0.00e+00	1.24e-24	5.49e-21	6.08e-18	3.22e-15	7.67e-13	2.57e-09	8.68e-07	7.49e-05	1.74e-03	1.83e-02	7.73e-02	1.32e-01	1.84e-01	5.02e-01	8.01e-02	4.07e-03
 3.16713e+22	0.00e+00	0.00e+00	1.88e-24	7.99e-21	8.46e-18	4.27e-15	9.69e-13	3.23e-09	1.08e-06	9.09e-05	2.05e-03	2.08e-02	8.47e-02	1.40e-01	1.86e-01	4.88e-01	7.48e-02	3.65e-03
 3.21421e+22	0.00e+00	0.00e+00	2.90e-24	1.18e-20	1.19e-17	5.70e-15	1.23e-12	4.08e-09	1.34e-06	1.11e-04	2.42e-03	2.36e-02	9.28e-02	1.47e-01	1.88e-01	4.74e-01	6.96e-02	3.26e-03
 3.25147e+22	0.00e+00	2.39e-28	4.06e-24	1.59e-20	1.55e-17	7.14e-15	1.48e-12	4.89e-09	1.59e-06	1.29e-04	2.76e-03	2.61e-02	9.95e-02	1.53e-01	1.89e-01	4.62e-01	6.56e-02	2.98e-03
 3.28930e+22	0.00e+00	3.42e-28	5.62e-24	2.12e-20	2.00e-17	8.88e-15	1.78e-12	5.81e-09	1.87e-06	1.50e-04	3.11e-03	2.87e-02	1.06e-01	1.58e-01	1.89e-01	4.49e-01	6.19e-02	2.72e-03
 3.33848e+22	0.00e+00	5.42e-28	8.52e-24	3.09e-20	2.77e-17	1.17e-14	2.24e-12	7.24e-09	2.30e-06	1.80e-04	3.64e-03	3.23e-02	1.15e-01	1.65e-01	1.90e-01	4.33e-01	5.73e-02	2.42e-03
 3.38751e+22	0.00e+00	8.62e-28	1.30e-23	4.50e-20	3.87e-17	1.56e-14	2.83e-12	9.02e-09	2.82e-06	2.17e-04	4.24e-03	3.63e-02	1.25e-01	1.72e-01	1.90e-01	4.17e-01	5.28e-02	2.14e-03
 3.42451e+22	0.00e+00	1.22e-27	1.78e-23	5.98e-20	4.96e-17	1.93e-14	3.37e-12	1.06e-08	3.28e-06	2.49e-04	4.76e-03	3.95e-02	1.33e-01	1.78e-01	1.90e-01	4.04e-01	4.96e-02	1.95e-03
 3.46080e+22	0.00e+00	1.67e-27	2.37e-23	7.73e-20	6.22e-17	2.34e-14	3.95e-12	1.23e-08	3.76e-06	2.81e-04	5.27e-03	4.27e-02	1.40e-01	1.82e-01	1.89e-01	3.92e-01	4.68e-02	1.79e-03
 3.50797e+22	0.00e+00	2.51e-27	3.44e-23	1.08e-19	8.34e-17	3.00e-14	4.85e-12	1.48e-08	4.48e-06	3.29e-04	6.00e-03	4.70e-02	1.49e-01	1.88e-01	1.88e-01	3.76e-01	4.33e-02	1.59e-03
 3.55800e+22	0.00e+00	3.88e-27	5.10e-23	1.54e-19	1.14e-16	3.92e-14	6.04e-12	1.81e-08	5.39e-06	3.88e-04	6.88e-03	5.21e-02	1.60e-01	1.94e-01	1.87e-01	3.60e-01	3.97e-02	1.40e-03
 3.60061e+22	0.00e+00	5.56e-27	7.08e-23	2.06e-19	1.48e-16	4.89e-14	7.26e-12	2.13e-08	6.26e-06	4.45e-04	7.70e-03	5.65e-02	1.69e-01	1.98e-01	1.85e-01	3.45e-01	3.69e-02	1.26e-03
 3.64490e+22	0.00e+00	7.93e-27	9.78e-23	2.75e-19	1.91e-16	6.09e-14	8.70e-12	2.50e-08	7.26e-06	5.07e-04	8.58e-03	6.12e-02	1.78e-01	2.02e-01	1.83e-01	3.31e-01	3.42e-02	1.13e-03
 3.70247e+22	0.00e+00	1.24e-26	1.47e-22	3.98e-19	2.64e-16	8.04e-14	1.09e-11	3.05e-08	8.73e-06	5.99e-04	9.82e-03	6.75e-02	1.89e-01	2.07e-01	1.80e-01	3.14e-01	3.10e-02	9.85e-04
 3.76138e+22	0.00e+00	1.97e-26	2.24e-22	5.81e-19	3.68e-16	1.07e-13	1.39e-11	3.74e-08	1.05e-05	7.07e-04	1.13e-02	7.44e-02	2.01e-01	2.12e-01	1.77e-01	2.95e-01	2.80e-02	8.51e-04
 3.80872e+22	0.00e+00	2.82e-26	3.11e-22	7.80e-19	4.78e-16	1.34e-13	1.67e-11	4.38e-08	1.21e-05	8.04e-04	1.25e-02	8.02e-02	2.10e-01	2.15e-01	1.74e-01	2.81e-01	2.57e-02	7.56e-04
 3.85695e+22	0.00e+00	3.98e-26	4.26e-22	1.03e-18	6.13e-16	1.66e-13	1.99e-11	5.10e-08	1.39e-05	9.08e-04	1.38e-02	8.59e-02	2.19e-01	2.17e-01	1.70e-01	2.68e-01	2.37e-02	6.74e-04
 3.91965e+22	0.00e+00	6.14e-26	6.33e-22	1.48e-18	8.41e-16	2.17e-13	2.49e-11	6.16e-08	1.65e-05	1.06e-03	1.56e-02	9.36e-02	2.31e-01	2.20e-01	1.66e-01	2.51e-01	2.13e-02	5.81e-04
 3.98552e+22	0.00e+00	9.65e-26	9.57e-22	2.15e-18	1.17e-15	2.88e-13	3.15e-11	7.50e-08	1.97e-05	1.23e-03	1.77e-02	1.02e-01	2.42e-01	2.22e-01	1.61e-01	2.34e-01	1.90e-02	4.96e-04
 4.04104e+22	0.00e+00	1.40e-25	1.34e-21	2.91e-18	1.53e-15	3.63e-13	3.83e-11	8.81e-08	2.27e-05	1.40e-03	1.96e-02	1.09e-01	2.52e-01	2.23e-01	1.57e-01	2.20e-01	1.72e-02	4.34e-04
 4.08808e+22	0.00e+00	1.91e-25	1.78e-21	3.76e-18	1.92e-15	4.42e-13	4.50e-11	1.01e-07	2.56e-05	1.55e-03	2.13e-02	1.16e-01	2.60e-01	2.24e-01	1.53e-01	2.09e-01	1.58e-02	3.87e-04
 4.13859e+22	0.00e+00	2.58e-25	2.35e-21	4.83e-18	2.40e-15	5.35e-13	5.27e-11	1.15e-07	2.88e-05	1.72e-03	2.30e-02	1.22e-01	2.67e-01	2.24e-01	1.49e-01	1.98e-01	1.46e-02	3.46e-04
 4.20426e+22	0.00e+00	3.80e-25	3.35e-21	6.66e-18	3.19e-15	6.83e-13	6.47e-11	1.36e-07	3.33e-05	1.95e-03	2.55e-02	1.30e-01	2.76e-01	2.24e-01	1.44e-01	1.85e-01	1.31e-02	2.98e-04
 4.27242e+22	0.00e+00	5.69e-25	4.86e-21	9.31e-18	4.30e-15	8.82e-13	8.00e-11	1.61e-07	3.88e-05	2.23e-03	2.83e-02	1.39e-01	2.85e-01	2.23e-01	1.39e-01	1.71e-01	1.16e-02	2.55e-04
 4.32837e+22	0.00e+00	7.92e-25	6.57e-21	1.22e-17	5.48e-15	1.09e-12	9.52e-11	1.86e-07	4.39e-05	2.48e-03	3.07e-02	1.47e-01	2.93e-01	2.22e-01	1.34e-01	1.61e-01	1.05e-02	2.23e-04
 4.38564e+22	0.00e+00	1.07e-24	8.66e-21	1.57e-17	6.85e-15	1.32e-12	1.12e-10	2.12e-07	4.91e-05	2.73e-03	3.31e-02	1.54e-01	2.99e-01	2.21e-01	1.30e-01	1.51e-01	9.63e-03	1.98e-04
 4.46009e+22	0.00e+00	1.58e-24	1.24e-20	2.17e-17	9.13e-15	1.69e-12	1.38e-10	2.50e-07	5.68e-05	3.08e-03	3.64e-02	1.63e-01	3.07e-01	2.18e-01	1.24e-01	1.40e-01	8.54e-03	1.69e-04
 4.53790e+22	0.00e+00	2.37e-24	1.80e-20	3.05e-17	1.23e-14	2.19e-12	1.71e-10	2.98e-07	6.60e-05	3.50e-03	4.02e-02	1.73e-01	3.14e-01	2.15e-01	1.18e-01	1.28e-01	7.50e-03	1.42e-04
 4.60260e+22	0.00e+00	3.31e-24	2.44e-20	4.02e-17	1.58e-14	2.71e-12	2.04e-10	3.44e-07	7.45e-05	3.89e-03	4.35e-02	1.81e-01	3.20e-01	2.13e-01	1.13e-01	1.19e-01	6.73e-03	1.23e-04
 4.66922e+22	0.00e+00	4.51e-24	3.25e-20	5.20e-17	1.99e-14	3.30e-12	2.41e-10	3.93e-07	8.35e-05	4.27e-03	4.67e-02	1.89e-01	3.24e-01	2.10e-01	1.09e-01	1.11e-01	6.08e-03	1.08e-04
 4.74310e+22	0.00e+00	6.40e-24	4.48e-20	6.96e-17	2.58e-14	4.13e-12	2.91e-10	4.57e-07	9.49e-05	4.75e-03	5.06e-02	1.98e-01	3.29e-01	2.06e-01	1.03e-01	1.02e-01	5.41e-03	9.23e-05
 4.80986e+22	0.00e+00	8.77e-24	5.98e-20	9.05e-17	3.26e-14	5.06e-12	3.45e-10	5.23e-07	1.06e-04	5.22e-03	5.44e-02	2.06e-01	3.33e-01	2.02e-01	9.89e-02	9.49e-02	4.85e-03	8.01e-05
 4.86940e+22	0.00e+00	1.14e-23	7.59e-20	1.12e-16	3.95e-14	5.98e-12	3.97e-10	5.86e-07	1.17e-04	5.64e-03	5.76e-02	2.13e-01	3.36e-01	1.99e-01	9.51e-02	8.92e-02	4.43e-03	7.12e-05
 4.93611e+22	0.00e+00	1.51e-23	9.85e-20	1.42e-16	4.88e-14	7.18e-12	4.63e-10	6.62e-07	1.29e-04	6.14e-03	6.13e-02	2.20e-01	3.39e-01	1.95e-01	9.11e-02	8.31e-02	4.01e-03	6.25e-05
 5.02282e+22	0.00e+00	2.15e-23	1.37e-19	1.92e-16	6.36e-14	9.03e-12	5.61e-10	7.72e-07	1.47e-04	6.81e-03	6.62e-02	2.29e-01	3.42e-01	1.90e-01	8.60e-02	7.60e-02	3.53e-03	5.30e-05
 5.11351e+22	0.00e+00	3.13e-23	1.93e-19	2.62e-16	8.41e-14	1.15e-11	6.88e-10	9.08e-07	1.68e-04	7.60e-03	7.16e-02	2.39e-01	3.44e-01	1.85e-01	8.09e-02	6.90e-02	3.08e-03	4.44e-05
 5.18903e+22	0.00e+00	4.24e-23	2.55e-19	3.38e-16	1.06e-13	1.40e-11	8.11e-10	1.04e-06	1.88e-04	8.29e-03	7.63e-02	2.47e-01	3.45e-01	1.80e-01	7.68e-02	6.37e-02	2.75e-03	3.84e-05
 5.26690e+22	0.00e+00	5.68e-23	3.34e-19	4.32e-16	1.31e-13	1.69e-11	9.51e-10	1.18e-06	2.08e-04	9.01e-03	8.10e-02	2.54e-01	3.46e-01	1.75e-01	7.29e-02	5.89e-02	2.46e-03	3.33e-05
 5.36813e+22	0.00e+00	8.17e-23	4.66e-19	5.85e-16	1.72e-13	2.14e-11	1.16e-09	1.38e-06	2.37e-04	9.99e-03	8.71e-02	2.63e-01	3.47e-01	1.69e-01	6.82e-02	5.33e-02	2.14e-03	2.78e-05
 5.47501e+22	0.00e+00	1.21e-22	6.68e-19	8.11e-16	2.31e-13	2.76e-11	1.44e-09	1.63e-06	2.72e-04	1.11e-02	9.40e-02	2.73e-01	3.46e-01	1.63e-01	6.34e-02	4.77e-02	1.84e-03	2.29e-05
 5.56487e+22	0.00e+00	1.66e-22	8.94e-19	1.06e-15	2.92e-13	3.39e-11	1.71e-09	1.87e-06	3.04e-04	1.22e-02	9.99e-02	2.80e-01	3.45e-01	1.57e-01	5.96e-02	4.36e-02	1.62e-03	1.95e-05
 5.64199e+22	0.00e+00	2.15e-22	1.14e-18	1.32e-15	3.55e-13	4.02e-11	1.97e-09	2.10e-06	3.34e-04	1.31e-02	1.05e-01	2.86e-01	3.44e-01	1.53e-01	5.66e-02	4.04e-02	1.46e-03	1.71e-05
 5.72689e+22	0.00e+00	2.82e-22	1.46e-18	1.65e-15	4.35e-13	4.79e-11	2.29e-09	2.36e-06	3.67e-04	1.41e-02	1.10e-01	2.93e-01	3.42e-01	1.48e-01	5.36e-02	3.73e-02	1.31e-03	1.49e-05
 5.83726e+22	0.00e+00	3.97e-22	2.00e-18	2.20e-15	5.63e-13	5.99e-11	2.76e-09	2.74e-06	4.14e-04	1.54e-02	1.17e-01	3.00e-01	3.40e-01	1.42e-01	4.99e-02	3.36e-02	1.14e-03	1.24e-05
 5.95431e+22	0.00e+00	5.73e-22	2.81e-18	2.99e-15	7.41e-13	7.59e-11	3.37e-09	3.22e-06	4.70e-04	1.70e-02	1.25e-01	3.08e-01	3.37e-01	1.35e-01	4.61e-02	3.01e-02	9.75e-04	1.02e-05
 6.05449e+22	0.00e+00	7.76e-22	3.71e-18	3.86e-15	9.30e-13	9.25e-11	3.99e-09	3.67e-06	5.22e-04	1.84e-02	1.32e-01	3.14e-01	3.33e-01	1.30e-01	4.31e-02	2.74e-02	8.57e-04	8.72e-06
 6.15918e+22	0.00e+00	1.04e-21	4.86e-18	4.93e-15	1.16e-12	1.12e-10	4.68e-09	4.17e-06	5.78e-04	1.99e-02	1.39e-01	3.20e-01	3.30e-01	1.25e-01	4.04e-02	2.50e-02	7.57e-04	7.46e-06
 6.29528e+22	0.00e+00	1.51e-21	6.84e-18	6.72e-15	1.53e-12	1.42e-10	5.73e-09	4.90e-06	6.56e-04	2.19e-02	1.48e-01	3.27e-01	3.25e-01	1.18e-01	3.71e-02	2.21e-02	6.45e-04	6.09e-06
 6.43985e+22	0.00e+00	2.24e-21	9.86e-18	9.37e-15	2.05e-12	1.84e-10	7.12e-09	5.82e-06	7.51e-04	2.42e-02	1.58e-01	3.34e-01	3.18e-01	1.12e-01	3.38e-02	1.94e-02	5.41e-04	4.90e-06
 6.56414e+22	0.00e+00	3.11e-21	1.33e-17	1.23e-14	2.63e-12	2.28e-10	8.52e-09	6.71e-06	8.40e-04	2.63e-02	1.66e-01	3.39e-01	3.13e-01	1.06e-01	3.12e-02	1.74e-02	4.68e-04	4.08e-06
 6.69445e+22	0.00e+00	4.28e-21	1.79e-17	1.61e-14	3.33e-12	2.80e-10	1.02e-08	7.70e-06	9.36e-04	2.85e-02	1.74e-01	3.43e-01	3.07e-01	1.01e-01	2.88e-02	1.56e-02	4.05e-04	3.41e-06
 6.83967e+22	0.00e+00	6.08e-21	2.47e-17	2.16e-14	4.33e-12	3.51e-10	1.23e-08	8.96e-06	1.05e-03	3.11e-02	1.84e-01	3.48e-01	3.00e-01	9.50e-02	2.64e-02	1.39e-02	3.46e-04	2.80e-06
 6.97555e+22	0.00e+00	8.42e-21	3.33e-17	2.83e-14	5.51e-12	4.33e-10	1.47e-08	1.03e-05	1.17e-03	3.36e-02	1.93e-01	3.52e-01	2.94e-01	8.98e-02	2.42e-02	1.24e-02	2.98e-04	2.32e-06
 7.10360e+22	0.00e+00	1.12e-20	4.35e-17	3.61e-14	6.83e-12	5.22e-10	1.71e-08	1.17e-05	1.29e-03	3.60e-02	2.01e-01	3.55e-01	2.88e-01	8.54e-02	2.25e-02	1.12e-02	2.60e-04	1.97e-06
 7.25023e+22	0.00e+00	1.55e-20	5.84e-17	4.71e-14	8.67e-12	6.42e-10	2.04e-08	1.34e-05	1.44e-03	3.89e-02	2.10e-01	3.58e-01	2.81e-01	8.05e-02	2.06e-02	9.99e-03	2.24e-04	1.63e-06
 7.41396e+22	0.00e+00	2.19e-20	8.04e-17	6.29e-14	1.12e-11	8.02e-10	2.46e-08	1.55e-05	1.61e-03	4.21e-02	2.20e-01	3.60e-01	2.73e-01	7.55e-02	1.87e-02	8.81e-03	1.90e-04	1.33e-06
 7.56701e+22	0.00e+00	3.01e-20	1.08e-16	8.19e-14	1.42e-11	9.82e-10	2.92e-08	1.77e-05	1.78e-03	4.53e-02	2.29e-01	3.62e-01	2.65e-01	7.10e-02	1.72e-02	7.84e-03	1.63e-04	1.10e-06
 7.71107e+22	2.87e-28	4.01e-20	1.40e-16	1.04e-13	1.75e-11	1.18e-09	3.41e-08	2.00e-05	1.96e-03	4.84e-02	2.38e-01	3.63e-01	2.58e-01	6.71e-02	1.58e-02	7.05e-03	1.42e-04	9.26e-07
 7.87638e+22	3.86e-28	5.48e-20	1.87e-16	1.35e-13	2.21e-11	1.44e-09	4.04e-08	2.29e-05	2.17e-03	5.19e-02	2.47e-01	3.64e-01	2.51e-01	6.30e-02	1.44e-02	6.26e-03	1.21e-04	7.65e-07
 8.09128e+22	5.51e-28	8.01e-20	2.65e-16	1.85e-13	2.93e-11	1.84e-09	4.96e-08	2.69e-05	2.45e-03	5.65e-02	2.59e-01	3.65e-01	2.41e-01	5.81e-02	1.29e-02	5.41e-03	1.00e-04	6.06e-07
 8.31287e+22	7.94e-28	1.19e-19	3.81e-16	2.57e-13	3.92e-11	2.37e-09	6.11e-08	3.17e-05	2.77e-03	6.15e-02	2.70e-01	3.65e-01	2.31e-01	5.35e-02	1.15e-02	4.65e-03	8.25e-05	4.76e-07
 8.49252e+22	1.06e-27	1.64e-19	5.12e-16	3.36e-13	4.98e-11	2.91e-09	7.27e-08	3.63e-05	3.07e-03	6.60e-02	2.80e-01	3.64e-01	2.23e-01	4.98e-02	1.04e-02	4.09e-03	6.98e-05	3.88e-07
 8.67542e+22	1.39e-27	2.19e-19	6.67e-16	4.27e-13	6.16e-11	3.49e-09	8.48e-08	4.09e-05	3.36e-03	7.01e-02	2.89e-01	3.63e-01	2.15e-01	4.66e-02	9.49e-03	3.64e-03	6.01e-05	3.23e-07
 8.91319e+22	1.94e-27	3.14e-19	9.27e-16	5.76e-13	8.03e-11	4.39e-09	1.03e-07	4.75e-05	3.75e-03	7.56e-02	3.00e-01	3.61e-01	2.06e-01	4.29e-02	8.47e-03	3.15e-03	4.98e-05	2.57e-07
 9.16956e+22	2.80e-27	4.68e-19	1.34e-15	8.04e-13	1.08e-10	5.68e-09	1.27e-07	5.61e-05	4.25e-03	8.21e-02	3.12e-01	3.57e-01	1.95e-01	3.89e-02	7.42e-03	2.66e-03	4.01e-05	1.97e-07
 9.39041e+22	3.79e-27	6.51e-19	1.82e-15	1.06e-12	1.38e-10	7.01e-09	1.52e-07	6.44e-05	4.70e-03	8.78e-02	3.22e-01	3.54e-01	1.86e-01	3.59e-02	6.65e-03	2.31e-03	3.35e-05	1.58e-07
 9.61778e+22	5.03e-27	8.83e-19	2.40e-15	1.37e-12	1.73e-10	8.52e-09	1.79e-07	7.31e-05	5.16e-03	9.33e-02	3.31e-01	3.51e-01	1.79e-01	3.32e-02	6.00e-03	2.03e-03	2.83e-05	1.29e-07
 9.91336e+22	7.09e-27	1.28e-18	3.38e-15	1.86e-12	2.27e-10	1.08e-08	2.18e-07	8.51e-05	5.77e-03	1.00e-01	3.42e-01	3.46e-01	1.69e-01	3.02e-02	5.28e-03	1.73e-03	2.31e-05	0.00e+00
 1.02094e+23	1.02e-26	1.91e-18	4.90e-15	2.60e-12	3.07e-10	1.40e-08	2.71e-07	1.01e-04	6.52e-03	1.09e-01	3.53e-01	3.40e-01	1.59e-01	2.70e-02	4.57e-03	1.44e-03	1.83e-05	0.00e+00
 1.04271e+23	1.30e-26	2.51e-18	6.30e-15	3.27e-12	3.76e-10	1.66e-08	3.13e-07	1.12e-04	7.07e-03	1.14e-01	3.61e-01	3.35e-01	1.52e-01	2.51e-02	4.14e-03	1.27e-03	1.56e-05	0.00e+00
 1.06314e+23	1.62e-26	3.16e-18	7.80e-15	3.97e-12	4.48e-10	1.93e-08	3.55e-07	1.24e-04	7.58e-03	1.20e-01	3.67e-01	3.31e-01	1.46e-01	2.35e-02	3.80e-03	1.14e-03	1.36e-05	0.00e+00
 1.08970e+23	2.12e-26	4.24e-18	1.02e-14	5.08e-12	5.58e-10	2.33e-08	4.16e-07	1.40e-04	8.27e-03	1.26e-01	3.75e-01	3.25e-01	1.39e-01	2.15e-02	3.40e-03	9.96e-04	1.14e-05	0.00e+00
 1.12423e+23	2.99e-26	6.10e-18	1.43e-14	6.87e-12	7.30e-10	2.94e-08	5.05e-07	1.62e-04	9.20e-03	1.35e-01	3.84e-01	3.18e-01	1.30e-01	1.94e-02	2.97e-03	8.41e-04	9.22e-06	0.00e+00
 1.15953e+23	4.10e-26	8.74e-18	1.99e-14	9.31e-12	9.56e-10	3.71e-08	6.13e-07	1.88e-04	1.02e-02	1.44e-01	3.93e-01	3.10e-01	1.21e-01	1.74e-02	2.58e-03	7.06e-04	7.39e-06	0.00e+00
 1.18819e+23	5.37e-26	1.17e-17	2.62e-14	1.19e-11	1.19e-09	4.50e-08	7.21e-07	2.13e-04	1.12e-02	1.52e-01	4.00e-01	3.03e-01	1.14e-01	1.58e-02	2.29e-03	6.09e-04	6.13e-06	0.00e+00
 1.21782e+23	6.75e-26	1.51e-17	3.30e-14	1.47e-11	1.44e-09	5.30e-08	8.27e-07	2.36e-04	1.20e-02	1.59e-01	4.06e-01	2.97e-01	1.09e-01	1.46e-02	2.07e-03	5.37e-04	5.22e-06	0.00e+00
 1.25635e+23	8.92e-26	2.05e-17	4.39e-14	1.91e-11	1.82e-09	6.47e-08	9.78e-07	2.68e-04	1.31e-02	1.68e-01	4.12e-01	2.89e-01	1.02e-01	1.32e-02	1.82e-03	4.58e-04	4.28e-06	0.00e+00
 1.29978e+23	1.24e-25	2.93e-17	6.15e-14	2.60e-11	2.40e-09	8.22e-08	1.20e-06	3.11e-04	1.46e-02	1.79e-01	4.19e-01	2.79e-01	9.41e-02	1.16e-02	1.56e-03	3.78e-04	3.36e-06	0.00e+00
