#depth	Si	Si+	Si+2	Si+3	Si+4	Si+5	Si+6	Si+7	Si+8	Si+9	Si+10	Si+11	Si+12	Si+13	Si+14
 6.17135e+19	0.00e+00	0.00e+00	0.00e+00	0.00e+00	0.00e+00	0.00e+00	1.54e-28	7.21e-24	1.18e-19	8.41e-16	3.95e-12	1.13e-08	6.69e-05	1.54e-02	9.85e-01
 1.87609e+20	0.00e+00	0.00e+00	0.00e+00	0.00e+00	0.00e+00	0.00e+00	2.95e-28	1.27e-23	1.92e-19	1.26e-15	5.46e-12	1.44e-08	7.86e-05	1.67e-02	9.83e-01
 3.18540e+20	0.00e+00	0.00e+00	0.00e+00	0.00e+00	0.00e+00	0.00e+00	5.68e-28	2.26e-23	3.13e-19	1.90e-15	7.56e-12	1.84e-08	9.24e-05	1.81e-02	9.82e-01
 4.54709e+20	0.00e+00	0.00e+00	0.00e+00	0.00e+00	0.00e+00	0.00e+00	1.10e-27	4.01e-23	5.12e-19	2.86e-15	1.05e-11	2.35e-08	1.09e-04	1.96e-02	9.80e-01
 5.74411e+20	0.00e+00	0.00e+00	0.00e+00	0.00e+00	0.00e+00	0.00e+00	1.92e-27	6.55e-23	7.79e-19	4.06e-15	1.38e-11	2.89e-08	1.25e-04	2.10e-02	9.79e-01
 6.66685e+20	0.00e+00	0.00e+00	0.00e+00	0.00e+00	0.00e+00	0.00e+00	2.93e-27	9.47e-23	1.07e-18	5.28e-15	1.71e-11	3.38e-08	1.38e-04	2.21e-02	9.78e-01
 7.48882e+20	0.00e+00	0.00e+00	0.00e+00	0.00e+00	0.00e+00	0.00e+00	4.24e-27	1.31e-22	1.41e-18	6.64e-15	2.05e-11	3.88e-08	1.52e-04	2.31e-02	9.77e-01
 8.41356e+20	0.00e+00	0.00e+00	0.00e+00	0.00e+00	0.00e+00	0.00e+00	6.36e-27	1.86e-22	1.91e-18	8.56e-15	2.50e-11	4.50e-08	1.67e-04	2.43e-02	9.76e-01
 9.61573e+20	0.00e+00	0.00e+00	0.00e+00	0.00e+00	0.00e+00	0.00e+00	1.07e-26	2.93e-22	2.81e-18	1.18e-14	3.23e-11	5.45e-08	1.90e-04	2.59e-02	9.74e-01
 1.08324e+21	0.00e+00	0.00e+00	0.00e+00	0.00e+00	0.00e+00	0.00e+00	1.78e-26	4.58e-22	4.12e-18	1.62e-14	4.16e-11	6.58e-08	2.16e-04	2.75e-02	9.72e-01
 1.17841e+21	0.00e+00	0.00e+00	0.00e+00	0.00e+00	0.00e+00	0.00e+00	2.62e-26	6.43e-22	5.52e-18	2.07e-14	5.05e-11	7.60e-08	2.37e-04	2.88e-02	9.71e-01
 1.27376e+21	0.00e+00	0.00e+00	0.00e+00	0.00e+00	0.00e+00	0.00e+00	3.86e-26	9.00e-22	7.36e-18	2.63e-14	6.11e-11	8.77e-08	2.61e-04	3.02e-02	9.70e-01
 1.39771e+21	0.00e+00	0.00e+00	0.00e+00	0.00e+00	0.00e+00	0.00e+00	6.30e-26	1.38e-21	1.06e-17	3.57e-14	7.79e-11	1.05e-07	2.94e-04	3.20e-02	9.68e-01
 1.52616e+21	0.00e+00	0.00e+00	0.00e+00	0.00e+00	0.00e+00	1.40e-30	1.04e-25	2.14e-21	1.54e-17	4.87e-14	9.96e-11	1.26e-07	3.32e-04	3.40e-02	9.66e-01
 1.63080e+21	0.00e+00	0.00e+00	0.00e+00	0.00e+00	0.00e+00	2.19e-30	1.54e-25	3.02e-21	2.08e-17	6.24e-14	1.21e-10	1.46e-07	3.66e-04	3.57e-02	9.64e-01
 1.73722e+21	0.00e+00	0.00e+00	0.00e+00	0.00e+00	0.00e+00	3.42e-30	2.29e-25	4.27e-21	2.80e-17	7.99e-14	1.47e-10	1.69e-07	4.03e-04	3.74e-02	9.62e-01
 1.84877e+21	0.00e+00	0.00e+00	0.00e+00	0.00e+00	0.00e+00	5.45e-30	3.46e-25	6.12e-21	3.80e-17	1.03e-13	1.81e-10	1.97e-07	4.45e-04	3.93e-02	9.60e-01
 1.94277e+21	0.00e+00	0.00e+00	0.00e+00	0.00e+00	0.00e+00	7.96e-30	4.84e-25	8.22e-21	4.90e-17	1.27e-13	2.13e-10	2.23e-07	4.83e-04	4.09e-02	9.59e-01
 2.04073e+21	0.00e+00	0.00e+00	0.00e+00	0.00e+00	0.00e+00	1.18e-29	6.88e-25	1.12e-20	6.37e-17	1.59e-13	2.54e-10	2.53e-07	5.26e-04	4.26e-02	9.57e-01
 2.16808e+21	0.00e+00	0.00e+00	0.00e+00	0.00e+00	0.00e+00	1.95e-29	1.07e-24	1.65e-20	8.89e-17	2.09e-13	3.16e-10	2.98e-07	5.86e-04	4.49e-02	9.54e-01
 2.29610e+21	0.00e+00	0.00e+00	0.00e+00	0.00e+00	0.00e+00	3.22e-29	1.67e-24	2.42e-20	1.24e-16	2.76e-13	3.93e-10	3.51e-07	6.53e-04	4.73e-02	9.52e-01
 2.39468e+21	0.00e+00	0.00e+00	0.00e+00	0.00e+00	0.00e+00	4.69e-29	2.33e-24	3.25e-20	1.59e-16	3.40e-13	4.64e-10	3.97e-07	7.08e-04	4.93e-02	9.50e-01
 2.49251e+21	0.00e+00	0.00e+00	0.00e+00	0.00e+00	0.00e+00	6.79e-29	3.24e-24	4.32e-20	2.03e-16	4.17e-13	5.45e-10	4.48e-07	7.66e-04	5.12e-02	9.48e-01
 2.61970e+21	0.00e+00	0.00e+00	0.00e+00	0.00e+00	0.00e+00	1.09e-28	4.92e-24	6.23e-20	2.78e-16	5.41e-13	6.70e-10	5.22e-07	8.48e-04	5.38e-02	9.45e-01
 2.75084e+21	0.00e+00	0.00e+00	0.00e+00	0.00e+00	0.00e+00	1.76e-28	7.54e-24	9.05e-20	3.83e-16	7.07e-13	8.27e-10	6.11e-07	9.40e-04	5.65e-02	9.43e-01
 2.85839e+21	0.00e+00	0.00e+00	0.00e+00	0.00e+00	0.00e+00	2.60e-28	1.06e-23	1.22e-19	4.95e-16	8.76e-13	9.80e-10	6.93e-07	1.02e-03	5.88e-02	9.40e-01
 2.94817e+21	0.00e+00	0.00e+00	0.00e+00	0.00e+00	0.00e+00	3.61e-28	1.42e-23	1.58e-19	6.16e-16	1.05e-12	1.13e-09	7.71e-07	1.10e-03	6.09e-02	9.38e-01
 3.04361e+21	0.00e+00	0.00e+00	0.00e+00	0.00e+00	0.00e+00	5.02e-28	1.91e-23	2.04e-19	7.68e-16	1.26e-12	1.31e-09	8.59e-07	1.18e-03	6.30e-02	9.36e-01
 3.16767e+21	0.00e+00	0.00e+00	0.00e+00	0.00e+00	0.00e+00	7.73e-28	2.80e-23	2.84e-19	1.02e-15	1.60e-12	1.58e-09	9.88e-07	1.29e-03	6.58e-02	9.33e-01
 3.29246e+21	0.00e+00	0.00e+00	0.00e+00	0.00e+00	0.00e+00	1.19e-27	4.10e-23	3.97e-19	1.36e-15	2.04e-12	1.91e-09	1.14e-06	1.41e-03	6.88e-02	9.30e-01
 3.39030e+21	0.00e+00	0.00e+00	0.00e+00	0.00e+00	0.00e+00	1.66e-27	5.49e-23	5.13e-19	1.70e-15	2.45e-12	2.20e-09	1.27e-06	1.52e-03	7.12e-02	9.27e-01
 3.48961e+21	0.00e+00	0.00e+00	0.00e+00	0.00e+00	0.00e+00	2.32e-27	7.39e-23	6.65e-19	2.12e-15	2.95e-12	2.55e-09	1.41e-06	1.63e-03	7.36e-02	9.25e-01
 3.61870e+21	0.00e+00	0.00e+00	0.00e+00	0.00e+00	0.00e+00	3.56e-27	1.08e-22	9.27e-19	2.82e-15	3.74e-12	3.08e-09	1.62e-06	1.78e-03	7.69e-02	9.21e-01
 3.74824e+21	0.00e+00	0.00e+00	0.00e+00	0.00e+00	0.00e+00	5.45e-27	1.58e-22	1.29e-18	3.75e-15	4.73e-12	3.71e-09	1.86e-06	1.95e-03	8.03e-02	9.18e-01
 3.84935e+21	0.00e+00	0.00e+00	0.00e+00	0.00e+00	0.00e+00	7.57e-27	2.11e-22	1.67e-18	4.67e-15	5.69e-12	4.28e-09	2.08e-06	2.09e-03	8.30e-02	9.15e-01
 3.95176e+21	0.00e+00	0.00e+00	0.00e+00	0.00e+00	0.00e+00	1.05e-26	2.82e-22	2.15e-18	5.81e-15	6.83e-12	4.94e-09	2.31e-06	2.25e-03	8.58e-02	9.12e-01
 4.08491e+21	0.00e+00	0.00e+00	0.00e+00	0.00e+00	0.00e+00	1.60e-26	4.10e-22	2.98e-18	7.69e-15	8.62e-12	5.94e-09	2.65e-06	2.46e-03	8.95e-02	9.08e-01
 4.21340e+21	0.00e+00	0.00e+00	0.00e+00	0.00e+00	0.00e+00	2.40e-26	5.86e-22	4.07e-18	1.01e-14	1.08e-11	7.09e-09	3.02e-06	2.67e-03	9.32e-02	9.04e-01
 4.30648e+21	0.00e+00	0.00e+00	0.00e+00	0.00e+00	0.00e+00	3.20e-26	7.57e-22	5.09e-18	1.22e-14	1.27e-11	8.05e-09	3.32e-06	2.84e-03	9.59e-02	9.01e-01
 4.39811e+21	0.00e+00	0.00e+00	0.00e+00	0.00e+00	0.00e+00	4.24e-26	9.71e-22	6.33e-18	1.47e-14	1.48e-11	9.10e-09	3.64e-06	3.02e-03	9.86e-02	8.98e-01
 4.51723e+21	0.00e+00	0.00e+00	0.00e+00	0.00e+00	0.00e+00	6.09e-26	1.34e-21	8.38e-18	1.88e-14	1.82e-11	1.07e-08	4.09e-06	3.26e-03	1.02e-01	8.95e-01
 4.64337e+21	0.00e+00	0.00e+00	0.00e+00	0.00e+00	1.15e-30	8.90e-26	1.87e-21	1.13e-17	2.42e-14	2.25e-11	1.26e-08	4.63e-06	3.53e-03	1.06e-01	8.90e-01
 4.75157e+21	0.00e+00	0.00e+00	0.00e+00	0.00e+00	1.65e-30	1.23e-25	2.49e-21	1.45e-17	3.00e-14	2.69e-11	1.45e-08	5.14e-06	3.78e-03	1.10e-01	8.87e-01
 4.84769e+21	0.00e+00	0.00e+00	0.00e+00	0.00e+00	2.27e-30	1.63e-25	3.21e-21	1.80e-17	3.63e-14	3.15e-11	1.65e-08	5.64e-06	4.01e-03	1.13e-01	8.83e-01
 4.95517e+21	0.00e+00	0.00e+00	0.00e+00	0.00e+00	3.20e-30	2.23e-25	4.23e-21	2.30e-17	4.47e-14	3.75e-11	1.89e-08	6.24e-06	4.28e-03	1.16e-01	8.80e-01
 5.09490e+21	0.00e+00	0.00e+00	0.00e+00	0.00e+00	5.01e-30	3.33e-25	6.04e-21	3.14e-17	5.85e-14	4.70e-11	2.25e-08	7.12e-06	4.66e-03	1.21e-01	8.75e-01
 5.23411e+21	0.00e+00	0.00e+00	0.00e+00	0.00e+00	7.80e-30	4.95e-25	8.59e-21	4.27e-17	7.64e-14	5.87e-11	2.68e-08	8.10e-06	5.07e-03	1.25e-01	8.69e-01
 5.34138e+21	0.00e+00	0.00e+00	0.00e+00	0.00e+00	1.09e-29	6.71e-25	1.12e-20	5.40e-17	9.35e-14	6.96e-11	3.06e-08	8.94e-06	5.40e-03	1.29e-01	8.65e-01
 5.43466e+21	0.00e+00	0.00e+00	0.00e+00	0.00e+00	1.46e-29	8.71e-25	1.42e-20	6.62e-17	1.12e-13	8.07e-11	3.44e-08	9.74e-06	5.70e-03	1.33e-01	8.62e-01
 5.54099e+21	0.00e+00	0.00e+00	0.00e+00	0.00e+00	2.02e-29	1.17e-24	1.83e-20	8.30e-17	1.36e-13	9.50e-11	3.91e-08	1.07e-05	6.06e-03	1.36e-01	8.58e-01
 5.67922e+21	0.00e+00	0.00e+00	0.00e+00	0.00e+00	3.07e-29	1.70e-24	2.56e-20	1.11e-16	1.75e-13	1.17e-10	4.61e-08	1.21e-05	6.56e-03	1.41e-01	8.52e-01
 5.81987e+21	0.00e+00	0.00e+00	0.00e+00	0.00e+00	4.69e-29	2.48e-24	3.59e-20	1.50e-16	2.25e-13	1.46e-10	5.46e-08	1.37e-05	7.10e-03	1.46e-01	8.46e-01
 5.93243e+21	0.00e+00	0.00e+00	0.00e+00	0.00e+00	6.56e-29	3.35e-24	4.68e-20	1.89e-16	2.76e-13	1.72e-10	6.23e-08	1.51e-05	7.56e-03	1.51e-01	8.42e-01
 6.04750e+21	0.00e+00	0.00e+00	0.00e+00	0.00e+00	9.18e-29	4.53e-24	6.12e-20	2.39e-16	3.38e-13	2.05e-10	7.12e-08	1.67e-05	8.06e-03	1.55e-01	8.37e-01
 6.19708e+21	0.00e+00	0.00e+00	0.00e+00	0.00e+00	1.41e-28	6.68e-24	8.63e-20	3.23e-16	4.39e-13	2.55e-10	8.45e-08	1.90e-05	8.73e-03	1.61e-01	8.31e-01
 6.34473e+21	0.00e+00	0.00e+00	0.00e+00	0.00e+00	2.16e-28	9.76e-24	1.21e-19	4.35e-16	5.68e-13	3.16e-10	1.00e-07	2.15e-05	9.45e-03	1.67e-01	8.24e-01
 6.45650e+21	0.00e+00	0.00e+00	0.00e+00	0.00e+00	2.95e-28	1.30e-23	1.56e-19	5.42e-16	6.88e-13	3.71e-10	1.13e-07	2.36e-05	1.00e-02	1.71e-01	8.19e-01
 6.56847e+21	0.00e+00	0.00e+00	0.00e+00	0.00e+00	4.03e-28	1.71e-23	1.99e-19	6.74e-16	8.31e-13	4.35e-10	1.28e-07	2.58e-05	1.06e-02	1.75e-01	8.14e-01
 6.71403e+21	0.00e+00	0.00e+00	0.00e+00	0.00e+00	6.00e-28	2.45e-23	2.74e-19	8.92e-16	1.06e-12	5.33e-10	1.50e-07	2.90e-05	1.14e-02	1.81e-01	8.07e-01
 6.86608e+21	0.00e+00	0.00e+00	0.00e+00	0.00e+00	9.05e-28	3.55e-23	3.81e-19	1.19e-15	1.36e-12	6.58e-10	1.77e-07	3.28e-05	1.24e-02	1.87e-01	8.00e-01
 6.99349e+21	0.00e+00	0.00e+00	0.00e+00	0.00e+00	1.28e-27	4.84e-23	5.02e-19	1.52e-15	1.68e-12	7.86e-10	2.04e-07	3.63e-05	1.32e-02	1.93e-01	7.94e-01
 7.12605e+21	0.00e+00	0.00e+00	0.00e+00	0.00e+00	1.80e-27	6.57e-23	6.59e-19	1.93e-15	2.07e-12	9.35e-10	2.33e-07	4.01e-05	1.40e-02	1.98e-01	7.88e-01
 7.27464e+21	0.00e+00	0.00e+00	0.00e+00	0.00e+00	2.64e-27	9.28e-23	8.95e-19	2.53e-15	2.62e-12	1.14e-09	2.72e-07	4.49e-05	1.51e-02	2.04e-01	7.81e-01
 7.41264e+21	0.00e+00	0.00e+00	0.00e+00	0.00e+00	3.74e-27	1.27e-22	1.19e-18	3.24e-15	3.24e-12	1.37e-09	3.13e-07	4.98e-05	1.61e-02	2.10e-01	7.74e-01
 7.53653e+21	0.00e+00	0.00e+00	0.00e+00	0.00e+00	5.10e-27	1.68e-22	1.52e-18	4.03e-15	3.92e-12	1.60e-09	3.55e-07	5.46e-05	1.71e-02	2.15e-01	7.68e-01
 7.67352e+21	0.00e+00	0.00e+00	0.00e+00	0.00e+00	7.14e-27	2.27e-22	1.99e-18	5.10e-15	4.82e-12	1.90e-09	4.06e-07	6.02e-05	1.81e-02	2.21e-01	7.61e-01
 7.82755e+21	0.00e+00	0.00e+00	0.00e+00	0.00e+00	1.04e-26	3.18e-22	2.68e-18	6.64e-15	6.06e-12	2.31e-09	4.72e-07	6.72e-05	1.94e-02	2.28e-01	7.53e-01
 7.97232e+21	0.00e+00	0.00e+00	0.00e+00	0.00e+00	1.46e-26	4.34e-22	3.53e-18	8.47e-15	7.49e-12	2.76e-09	5.42e-07	7.44e-05	2.07e-02	2.34e-01	7.46e-01
 8.10738e+21	0.00e+00	0.00e+00	0.00e+00	0.00e+00	2.01e-26	5.79e-22	4.57e-18	1.06e-14	9.13e-12	3.26e-09	6.17e-07	8.18e-05	2.20e-02	2.39e-01	7.39e-01
 8.26121e+21	0.00e+00	0.00e+00	0.00e+00	0.00e+00	2.84e-26	7.91e-22	6.03e-18	1.36e-14	1.13e-11	3.89e-09	7.08e-07	9.05e-05	2.34e-02	2.46e-01	7.31e-01
 8.43222e+21	0.00e+00	0.00e+00	0.00e+00	0.00e+00	4.18e-26	1.12e-21	8.22e-18	1.78e-14	1.43e-11	4.75e-09	8.27e-07	1.01e-04	2.51e-02	2.53e-01	7.22e-01
 8.58588e+21	0.00e+00	0.00e+00	0.00e+00	0.00e+00	5.87e-26	1.52e-21	1.08e-17	2.27e-14	1.76e-11	5.67e-09	9.48e-07	1.12e-04	2.67e-02	2.59e-01	7.14e-01
 8.72229e+21	0.00e+00	0.00e+00	0.00e+00	0.00e+00	7.88e-26	1.98e-21	1.37e-17	2.79e-14	2.12e-11	6.60e-09	1.07e-06	1.22e-04	2.82e-02	2.65e-01	7.07e-01
 8.87594e+21	0.00e+00	0.00e+00	0.00e+00	0.00e+00	1.09e-25	2.66e-21	1.78e-17	3.52e-14	2.59e-11	7.82e-09	1.22e-06	1.34e-04	2.99e-02	2.71e-01	6.99e-01
 9.07568e+21	0.00e+00	0.00e+00	0.00e+00	0.00e+00	1.65e-25	3.86e-21	2.48e-17	4.71e-14	3.34e-11	9.68e-09	1.44e-06	1.51e-04	3.22e-02	2.79e-01	6.88e-01
 9.27882e+21	0.00e+00	0.00e+00	0.00e+00	1.37e-30	2.49e-25	5.60e-21	3.46e-17	6.32e-14	4.31e-11	1.20e-08	1.70e-06	1.71e-04	3.46e-02	2.88e-01	6.78e-01
 9.44229e+21	0.00e+00	0.00e+00	0.00e+00	1.96e-30	3.45e-25	7.51e-21	4.49e-17	7.96e-14	5.27e-11	1.42e-08	1.93e-06	1.88e-04	3.67e-02	2.94e-01	6.69e-01
 9.61073e+21	0.00e+00	0.00e+00	0.00e+00	2.79e-30	4.77e-25	1.01e-20	5.84e-17	1.00e-13	6.44e-11	1.68e-08	2.20e-06	2.06e-04	3.89e-02	3.01e-01	6.60e-01
 9.82970e+21	0.00e+00	0.00e+00	0.00e+00	4.38e-30	7.20e-25	1.46e-20	8.14e-17	1.34e-13	8.31e-11	2.08e-08	2.60e-06	2.32e-04	4.18e-02	3.09e-01	6.49e-01
 1.00470e+22	0.00e+00	0.00e+00	0.00e+00	6.81e-30	1.08e-24	2.11e-20	1.13e-16	1.79e-13	1.07e-10	2.57e-08	3.06e-06	2.61e-04	4.49e-02	3.17e-01	6.38e-01
 1.02138e+22	0.00e+00	0.00e+00	0.00e+00	9.47e-30	1.46e-24	2.77e-20	1.44e-16	2.22e-13	1.29e-10	3.00e-08	3.45e-06	2.85e-04	4.73e-02	3.23e-01	6.29e-01
 1.03821e+22	0.00e+00	0.00e+00	0.00e+00	1.31e-29	1.97e-24	3.62e-20	1.83e-16	2.74e-13	1.55e-10	3.50e-08	3.89e-06	3.10e-04	4.98e-02	3.29e-01	6.20e-01
 1.06008e+22	0.00e+00	0.00e+00	0.00e+00	1.98e-29	2.87e-24	5.10e-20	2.48e-16	3.59e-13	1.95e-10	4.25e-08	4.52e-06	3.46e-04	5.32e-02	3.37e-01	6.09e-01
 1.08330e+22	0.00e+00	0.00e+00	0.00e+00	3.04e-29	4.26e-24	7.28e-20	3.41e-16	4.75e-13	2.49e-10	5.21e-08	5.29e-06	3.87e-04	5.69e-02	3.45e-01	5.97e-01
 1.10338e+22	0.00e+00	0.00e+00	0.00e+00	4.37e-29	5.94e-24	9.84e-20	4.46e-16	6.02e-13	3.06e-10	6.19e-08	6.04e-06	4.25e-04	6.02e-02	3.52e-01	5.87e-01
 1.12182e+22	0.00e+00	0.00e+00	0.00e+00	6.05e-29	8.01e-24	1.29e-19	5.68e-16	7.45e-13	3.68e-10	7.22e-08	6.80e-06	4.62e-04	6.33e-02	3.58e-01	5.78e-01
 1.14300e+22	0.00e+00	0.00e+00	0.00e+00	8.72e-29	1.12e-23	1.75e-19	7.45e-16	9.45e-13	4.52e-10	8.58e-08	7.77e-06	5.08e-04	6.70e-02	3.65e-01	5.68e-01
 1.16608e+22	0.00e+00	0.00e+00	0.00e+00	1.29e-28	1.61e-23	2.42e-19	9.96e-16	1.22e-12	5.65e-10	1.03e-07	8.96e-06	5.62e-04	7.11e-02	3.72e-01	5.56e-01
 1.18685e+22	0.00e+00	0.00e+00	0.00e+00	1.82e-28	2.20e-23	3.22e-19	1.29e-15	1.53e-12	6.86e-10	1.22e-07	1.02e-05	6.14e-04	7.50e-02	3.78e-01	5.46e-01
 1.20907e+22	0.00e+00	0.00e+00	0.00e+00	2.61e-28	3.07e-23	4.34e-19	1.68e-15	1.93e-12	8.41e-10	1.44e-07	1.16e-05	6.73e-04	7.91e-02	3.85e-01	5.35e-01
 1.23395e+22	0.00e+00	0.00e+00	0.00e+00	3.87e-28	4.41e-23	6.03e-19	2.25e-15	2.50e-12	1.05e-09	1.73e-07	1.33e-05	7.45e-04	8.39e-02	3.92e-01	5.23e-01
 1.25729e+22	0.00e+00	0.00e+00	0.00e+00	5.57e-28	6.16e-23	8.16e-19	2.95e-15	3.17e-12	1.29e-09	2.06e-07	1.52e-05	8.17e-04	8.85e-02	3.98e-01	5.12e-01
 1.27928e+22	0.00e+00	0.00e+00	0.00e+00	7.79e-28	8.39e-23	1.08e-18	3.78e-15	3.95e-12	1.56e-09	2.41e-07	1.72e-05	8.89e-04	9.30e-02	4.04e-01	5.02e-01
 1.30451e+22	0.00e+00	0.00e+00	0.00e+00	1.13e-27	1.18e-22	1.47e-18	5.00e-15	5.04e-12	1.93e-09	2.87e-07	1.96e-05	9.77e-04	9.82e-02	4.10e-01	4.91e-01
 1.33256e+22	0.00e+00	0.00e+00	0.00e+00	1.71e-27	1.73e-22	2.07e-18	6.78e-15	6.59e-12	2.43e-09	3.47e-07	2.27e-05	1.08e-03	1.04e-01	4.17e-01	4.78e-01
 1.35865e+22	0.00e+00	0.00e+00	0.00e+00	2.48e-27	2.43e-22	2.83e-18	8.95e-15	8.41e-12	3.00e-09	4.14e-07	2.60e-05	1.19e-03	1.10e-01	4.23e-01	4.66e-01
 1.38697e+22	0.00e+00	0.00e+00	0.00e+00	3.68e-27	3.50e-22	3.92e-18	1.20e-14	1.09e-11	3.75e-09	4.97e-07	2.99e-05	1.31e-03	1.16e-01	4.29e-01	4.54e-01
 1.41676e+22	0.00e+00	0.00e+00	0.00e+00	5.53e-27	5.09e-22	5.52e-18	1.62e-14	1.42e-11	4.72e-09	6.01e-07	3.46e-05	1.45e-03	1.23e-01	4.35e-01	4.41e-01
 1.44204e+22	0.00e+00	0.00e+00	0.00e+00	7.77e-27	6.96e-22	7.32e-18	2.09e-14	1.77e-11	5.71e-09	7.05e-07	3.90e-05	1.57e-03	1.29e-01	4.39e-01	4.30e-01
 1.46851e+22	0.00e+00	0.00e+00	0.00e+00	1.10e-26	9.57e-22	9.77e-18	2.70e-14	2.22e-11	6.94e-09	8.27e-07	4.41e-05	1.71e-03	1.35e-01	4.44e-01	4.19e-01
 1.50292e+22	0.00e+00	0.00e+00	0.00e+00	1.70e-26	1.43e-21	1.41e-17	3.75e-14	2.95e-11	8.88e-09	1.01e-06	5.15e-05	1.90e-03	1.43e-01	4.49e-01	4.05e-01
 1.53802e+22	0.00e+00	0.00e+00	0.00e+00	2.65e-26	2.16e-21	2.04e-17	5.22e-14	3.94e-11	1.14e-08	1.25e-06	6.01e-05	2.12e-03	1.52e-01	4.55e-01	3.91e-01
 1.56602e+22	0.00e+00	0.00e+00	0.00e+00	3.74e-26	2.97e-21	2.72e-17	6.74e-14	4.94e-11	1.38e-08	1.46e-06	6.79e-05	2.30e-03	1.59e-01	4.58e-01	3.80e-01
 1.59443e+22	0.00e+00	0.00e+00	1.35e-30	5.26e-26	4.06e-21	3.61e-17	8.69e-14	6.17e-11	1.67e-08	1.71e-06	7.65e-05	2.50e-03	1.66e-01	4.62e-01	3.70e-01
 1.63135e+22	0.00e+00	0.00e+00	2.19e-30	8.10e-26	6.05e-21	5.18e-17	1.20e-13	8.18e-11	2.14e-08	2.09e-06	8.90e-05	2.76e-03	1.75e-01	4.66e-01	3.56e-01
 1.66966e+22	0.00e+00	0.00e+00	3.61e-30	1.26e-25	9.11e-21	7.51e-17	1.67e-13	1.09e-10	2.74e-08	2.56e-06	1.04e-04	3.07e-03	1.85e-01	4.69e-01	3.42e-01
 1.70139e+22	0.00e+00	0.00e+00	5.40e-30	1.81e-25	1.27e-20	1.01e-16	2.19e-13	1.38e-10	3.35e-08	3.03e-06	1.18e-04	3.34e-03	1.94e-01	4.72e-01	3.31e-01
 1.72803e+22	0.00e+00	0.00e+00	7.54e-30	2.43e-25	1.67e-20	1.30e-16	2.73e-13	1.68e-10	3.96e-08	3.47e-06	1.30e-04	3.58e-03	2.01e-01	4.74e-01	3.22e-01
 1.75643e+22	0.00e+00	0.00e+00	1.07e-29	3.31e-25	2.22e-20	1.69e-16	3.44e-13	2.06e-10	4.72e-08	4.01e-06	1.45e-04	3.84e-03	2.09e-01	4.75e-01	3.12e-01
 1.79337e+22	0.00e+00	0.00e+00	1.66e-29	4.88e-25	3.18e-20	2.34e-16	4.60e-13	2.65e-10	5.87e-08	4.79e-06	1.66e-04	4.20e-03	2.18e-01	4.77e-01	3.00e-01
 1.83122e+22	0.00e+00	0.00e+00	2.60e-29	7.27e-25	4.61e-20	3.27e-16	6.21e-13	3.45e-10	7.36e-08	5.76e-06	1.91e-04	4.61e-03	2.29e-01	4.78e-01	2.88e-01
 1.86173e+22	0.00e+00	0.00e+00	3.71e-29	9.95e-25	6.17e-20	4.26e-16	7.87e-13	4.24e-10	8.79e-08	6.66e-06	2.13e-04	4.95e-03	2.37e-01	4.79e-01	2.79e-01
 1.89283e+22	0.00e+00	0.00e+00	5.28e-29	1.36e-24	8.24e-20	5.54e-16	9.96e-13	5.21e-10	1.05e-07	7.69e-06	2.37e-04	5.31e-03	2.46e-01	4.79e-01	2.70e-01
 1.92576e+22	0.00e+00	0.00e+00	7.66e-29	1.89e-24	1.12e-19	7.31e-16	1.28e-12	6.47e-10	1.26e-07	8.95e-06	2.65e-04	5.72e-03	2.55e-01	4.79e-01	2.60e-01
 1.95388e+22	0.00e+00	0.00e+00	1.05e-28	2.49e-24	1.45e-19	9.24e-16	1.57e-12	7.77e-10	1.48e-07	1.02e-05	2.92e-04	6.09e-03	2.63e-01	4.79e-01	2.52e-01
 1.98321e+22	0.00e+00	0.00e+00	1.44e-28	3.30e-24	1.88e-19	1.17e-15	1.95e-12	9.36e-10	1.73e-07	1.16e-05	3.21e-04	6.49e-03	2.71e-01	4.78e-01	2.44e-01
 2.01633e+22	0.00e+00	0.00e+00	2.04e-28	4.48e-24	2.50e-19	1.52e-15	2.45e-12	1.15e-09	2.06e-07	1.33e-05	3.57e-04	6.94e-03	2.80e-01	4.77e-01	2.35e-01
 2.04813e+22	0.00e+00	0.00e+00	2.88e-28	6.06e-24	3.32e-19	1.97e-15	3.09e-12	1.40e-09	2.45e-07	1.54e-05	3.96e-04	7.43e-03	2.89e-01	4.76e-01	2.27e-01
 2.07753e+22	0.00e+00	0.00e+00	3.91e-28	7.95e-24	4.27e-19	2.48e-15	3.80e-12	1.68e-09	2.86e-07	1.74e-05	4.34e-04	7.89e-03	2.98e-01	4.75e-01	2.19e-01
 2.10426e+22	0.00e+00	0.00e+00	5.16e-28	1.01e-23	5.36e-19	3.05e-15	4.57e-12	1.97e-09	3.28e-07	1.95e-05	4.72e-04	8.32e-03	3.05e-01	4.73e-01	2.13e-01
 2.13323e+22	0.00e+00	0.00e+00	6.91e-28	1.31e-23	6.82e-19	3.80e-15	5.57e-12	2.34e-09	3.80e-07	2.20e-05	5.16e-04	8.81e-03	3.13e-01	4.72e-01	2.06e-01
 2.16517e+22	0.00e+00	0.00e+00	9.47e-28	1.73e-23	8.84e-19	4.80e-15	6.88e-12	2.82e-09	4.45e-07	2.49e-05	5.67e-04	9.35e-03	3.22e-01	4.70e-01	1.98e-01
 2.19461e+22	0.00e+00	0.00e+00	1.28e-27	2.25e-23	1.13e-18	6.02e-15	8.42e-12	3.36e-09	5.18e-07	2.82e-05	6.21e-04	9.91e-03	3.31e-01	4.67e-01	1.91e-01
 2.22139e+22	0.00e+00	0.00e+00	1.66e-27	2.83e-23	1.41e-18	7.34e-15	1.01e-11	3.93e-09	5.92e-07	3.14e-05	6.72e-04	1.04e-02	3.38e-01	4.65e-01	1.85e-01
 2.25109e+22	0.00e+00	0.00e+00	2.21e-27	3.63e-23	1.78e-18	9.10e-15	1.22e-11	4.65e-09	6.83e-07	3.53e-05	7.32e-04	1.10e-02	3.46e-01	4.63e-01	1.79e-01
 2.28971e+22	0.00e+00	0.00e+00	3.18e-27	4.99e-23	2.40e-18	1.20e-14	1.56e-11	5.76e-09	8.21e-07	4.10e-05	8.17e-04	1.18e-02	3.57e-01	4.59e-01	1.71e-01
 2.32843e+22	0.00e+00	0.00e+00	4.62e-27	6.92e-23	3.27e-18	1.59e-14	2.02e-11	7.21e-09	9.94e-07	4.79e-05	9.15e-04	1.26e-02	3.68e-01	4.55e-01	1.63e-01
 2.35655e+22	0.00e+00	0.00e+00	5.99e-27	8.67e-23	4.05e-18	1.93e-14	2.40e-11	8.39e-09	1.13e-06	5.32e-05	9.88e-04	1.33e-02	3.76e-01	4.52e-01	1.58e-01
 2.38237e+22	0.00e+00	0.00e+00	7.59e-27	1.07e-22	4.92e-18	2.32e-14	2.82e-11	9.67e-09	1.28e-06	5.86e-05	1.06e-03	1.39e-02	3.83e-01	4.49e-01	1.53e-01
 2.41593e+22	0.00e+00	0.00e+00	1.03e-26	1.39e-22	6.32e-18	2.91e-14	3.47e-11	1.16e-08	1.49e-06	6.63e-05	1.16e-03	1.47e-02	3.92e-01	4.45e-01	1.47e-01
 2.45145e+22	0.00e+00	0.00e+00	1.41e-26	1.83e-22	8.25e-18	3.72e-14	4.33e-11	1.40e-08	1.76e-06	7.58e-05	1.28e-03	1.56e-02	4.01e-01	4.41e-01	1.41e-01
 2.48156e+22	0.00e+00	0.00e+00	1.85e-26	2.31e-22	1.03e-17	4.57e-14	5.21e-11	1.65e-08	2.02e-06	8.47e-05	1.39e-03	1.64e-02	4.10e-01	4.37e-01	1.35e-01
 2.51277e+22	0.00e+00	0.00e+00	2.43e-26	2.93e-22	1.29e-17	5.62e-14	6.28e-11	1.94e-08	2.32e-06	9.48e-05	1.51e-03	1.72e-02	4.18e-01	4.33e-01	1.30e-01
 2.55335e+22	0.00e+00	0.00e+00	3.43e-26	3.95e-22	1.72e-17	7.34e-14	7.99e-11	2.39e-08	2.77e-06	1.09e-04	1.67e-03	1.83e-02	4.29e-01	4.27e-01	1.24e-01
 2.59387e+22	0.00e+00	0.00e+00	4.91e-26	5.37e-22	2.32e-17	9.68e-14	1.03e-10	2.98e-08	3.35e-06	1.27e-04	1.87e-03	1.96e-02	4.40e-01	4.21e-01	1.17e-01
 2.62443e+22	0.00e+00	0.00e+00	6.33e-26	6.70e-22	2.87e-17	1.18e-13	1.22e-10	3.47e-08	3.81e-06	1.41e-04	2.01e-03	2.05e-02	4.47e-01	4.17e-01	1.13e-01
 2.65426e+22	0.00e+00	1.33e-30	8.10e-26	8.28e-22	3.52e-17	1.42e-13	1.45e-10	4.04e-08	4.33e-06	1.57e-04	2.17e-03	2.15e-02	4.55e-01	4.12e-01	1.09e-01
 2.69304e+22	0.00e+00	1.90e-30	1.11e-25	1.09e-21	4.59e-17	1.82e-13	1.82e-10	4.90e-08	5.11e-06	1.79e-04	2.39e-03	2.27e-02	4.65e-01	4.06e-01	1.04e-01
 2.73192e+22	0.00e+00	2.75e-30	1.53e-25	1.43e-21	6.00e-17	2.34e-13	2.28e-10	5.98e-08	6.05e-06	2.05e-04	2.64e-03	2.41e-02	4.74e-01	4.00e-01	9.84e-02
 2.76186e+22	0.00e+00	3.63e-30	1.96e-25	1.76e-21	7.37e-17	2.83e-13	2.71e-10	6.96e-08	6.89e-06	2.27e-04	2.84e-03	2.52e-02	4.82e-01	3.95e-01	9.46e-02
 2.79173e+22	0.00e+00	4.75e-30	2.47e-25	2.15e-21	8.98e-17	3.40e-13	3.20e-10	8.05e-08	7.80e-06	2.51e-04	3.05e-03	2.63e-02	4.89e-01	3.90e-01	9.09e-02
 2.83055e+22	0.00e+00	6.71e-30	3.34e-25	2.79e-21	1.16e-16	4.31e-13	3.98e-10	9.72e-08	9.16e-06	2.85e-04	3.35e-03	2.77e-02	4.98e-01	3.84e-01	8.64e-02
 2.87095e+22	0.00e+00	9.66e-30	4.59e-25	3.64e-21	1.51e-16	5.54e-13	5.00e-10	1.19e-07	1.08e-05	3.27e-04	3.69e-03	2.94e-02	5.08e-01	3.77e-01	8.18e-02
 2.90388e+22	0.00e+00	1.30e-29	5.95e-25	4.54e-21	1.88e-16	6.82e-13	6.04e-10	1.40e-07	1.25e-05	3.66e-04	4.00e-03	3.08e-02	5.16e-01	3.71e-01	7.80e-02
 2.93239e+22	0.00e+00	1.66e-29	7.35e-25	5.43e-21	2.25e-16	8.05e-13	7.03e-10	1.60e-07	1.40e-05	4.00e-04	4.27e-03	3.20e-02	5.22e-01	3.66e-01	7.52e-02
 2.96463e+22	0.00e+00	2.19e-29	9.33e-25	6.65e-21	2.76e-16	9.75e-13	8.37e-10	1.86e-07	1.59e-05	4.44e-04	4.60e-03	3.34e-02	5.29e-01	3.61e-01	7.19e-02
 3.00654e+22	0.00e+00	3.11e-29	1.27e-24	8.59e-21	3.57e-16	1.25e-12	1.05e-09	2.27e-07	1.88e-05	5.07e-04	5.06e-03	3.53e-02	5.38e-01	3.53e-01	6.79e-02
 3.04982e+22	0.00e+00	4.50e-29	1.74e-24	1.12e-20	4.69e-16	1.61e-12	1.33e-09	2.78e-07	2.24e-05	5.83e-04	5.59e-03	3.73e-02	5.47e-01	3.45e-01	6.39e-02
 3.08495e+22	0.00e+00	6.06e-29	2.25e-24	1.39e-20	5.84e-16	1.99e-12	1.61e-09	3.29e-07	2.58e-05	6.53e-04	6.06e-03	3.91e-02	5.54e-01	3.39e-01	6.07e-02
 3.12068e+22	0.00e+00	8.04e-29	2.87e-24	1.71e-20	7.20e-16	2.42e-12	1.93e-09	3.86e-07	2.95e-05	7.27e-04	6.55e-03	4.09e-02	5.61e-01	3.33e-01	5.78e-02
 3.16713e+22	0.00e+00	1.16e-28	3.93e-24	2.22e-20	9.45e-16	3.14e-12	2.44e-09	4.75e-07	3.52e-05	8.36e-04	7.24e-03	4.32e-02	5.70e-01	3.25e-01	5.42e-02
 3.21421e+22	0.00e+00	1.69e-28	5.43e-24	2.90e-20	1.25e-15	4.09e-12	3.12e-09	5.89e-07	4.21e-05	9.65e-04	8.02e-03	4.58e-02	5.79e-01	3.16e-01	5.06e-02
 3.25147e+22	0.00e+00	2.27e-28	6.98e-24	3.57e-20	1.55e-15	5.04e-12	3.78e-09	6.96e-07	4.85e-05	1.08e-03	8.69e-03	4.79e-02	5.85e-01	3.09e-01	4.79e-02
 3.28930e+22	0.00e+00	3.00e-28	8.87e-24	4.36e-20	1.91e-15	6.15e-12	4.54e-09	8.18e-07	5.56e-05	1.20e-03	9.38e-03	5.00e-02	5.91e-01	3.03e-01	4.55e-02
 3.33848e+22	0.00e+00	4.31e-28	1.21e-23	5.62e-20	2.49e-15	7.94e-12	5.76e-09	1.01e-06	6.62e-05	1.38e-03	1.04e-02	5.29e-02	5.99e-01	2.94e-01	4.24e-02
 3.38751e+22	0.00e+00	6.19e-28	1.64e-23	7.24e-20	3.26e-15	1.03e-11	7.31e-09	1.24e-06	7.89e-05	1.59e-03	1.14e-02	5.59e-02	6.06e-01	2.85e-01	3.95e-02
 3.42451e+22	0.00e+00	8.11e-28	2.07e-23	8.73e-20	3.99e-15	1.25e-11	8.75e-09	1.45e-06	9.01e-05	1.76e-03	1.23e-02	5.82e-02	6.12e-01	2.79e-01	3.74e-02
 3.46080e+22	0.00e+00	1.04e-27	2.54e-23	1.04e-19	4.78e-15	1.49e-11	1.03e-08	1.67e-06	1.01e-04	1.94e-03	1.32e-02	6.04e-02	6.16e-01	2.73e-01	3.56e-02
 3.50797e+22	0.00e+00	1.42e-27	3.33e-23	1.29e-19	6.04e-15	1.86e-11	1.27e-08	2.01e-06	1.18e-04	2.19e-03	1.44e-02	6.33e-02	6.22e-01	2.65e-01	3.33e-02
 3.55800e+22	0.00e+00	1.98e-27	4.42e-23	1.63e-19	7.74e-15	2.37e-11	1.58e-08	2.44e-06	1.39e-04	2.49e-03	1.57e-02	6.66e-02	6.27e-01	2.57e-01	3.10e-02
 3.60061e+22	0.00e+00	2.62e-27	5.60e-23	1.97e-19	9.51e-15	2.89e-11	1.90e-08	2.87e-06	1.59e-04	2.77e-03	1.70e-02	6.94e-02	6.32e-01	2.50e-01	2.92e-02
 3.64490e+22	0.00e+00	3.45e-27	7.06e-23	2.39e-19	1.16e-14	3.51e-11	2.28e-08	3.37e-06	1.82e-04	3.08e-03	1.83e-02	7.22e-02	6.35e-01	2.43e-01	2.75e-02
 3.70247e+22	0.00e+00	4.88e-27	9.47e-23	3.03e-19	1.50e-14	4.50e-11	2.87e-08	4.13e-06	2.15e-04	3.51e-03	2.01e-02	7.60e-02	6.40e-01	2.35e-01	2.54e-02
 3.76138e+22	0.00e+00	6.96e-27	1.28e-22	3.88e-19	1.95e-14	5.80e-11	3.64e-08	5.08e-06	2.56e-04	4.02e-03	2.21e-02	8.00e-02	6.44e-01	2.26e-01	2.34e-02
 3.80872e+22	0.00e+00	9.19e-27	1.62e-22	4.70e-19	2.39e-14	7.07e-11	4.37e-08	5.96e-06	2.92e-04	4.47e-03	2.37e-02	8.32e-02	6.47e-01	2.19e-01	2.20e-02
 3.85695e+22	0.00e+00	1.20e-26	2.03e-22	5.65e-19	2.91e-14	8.53e-11	5.21e-08	6.96e-06	3.32e-04	4.94e-03	2.55e-02	8.63e-02	6.49e-01	2.13e-01	2.06e-02
 3.91965e+22	0.00e+00	1.68e-26	2.71e-22	7.14e-19	3.72e-14	1.08e-10	6.50e-08	8.46e-06	3.90e-04	5.60e-03	2.78e-02	9.05e-02	6.52e-01	2.05e-01	1.90e-02
 3.98552e+22	0.00e+00	2.40e-26	3.66e-22	9.13e-19	4.81e-14	1.39e-10	8.19e-08	1.04e-05	4.61e-04	6.39e-03	3.05e-02	9.49e-02	6.54e-01	1.96e-01	1.75e-02
 4.04104e+22	0.00e+00	3.21e-26	4.69e-22	1.12e-18	5.93e-14	1.70e-10	9.89e-08	1.23e-05	5.29e-04	7.11e-03	3.28e-02	9.87e-02	6.55e-01	1.90e-01	1.63e-02
 4.08808e+22	0.00e+00	4.10e-26	5.76e-22	1.32e-18	7.06e-14	2.02e-10	1.16e-07	1.41e-05	5.94e-04	7.78e-03	3.49e-02	1.02e-01	6.55e-01	1.84e-01	1.53e-02
 4.13859e+22	0.00e+00	5.22e-26	7.09e-22	1.57e-18	8.40e-14	2.38e-10	1.35e-07	1.61e-05	6.63e-04	8.48e-03	3.71e-02	1.05e-01	6.56e-01	1.79e-01	1.44e-02
 4.20426e+22	0.00e+00	7.13e-26	9.24e-22	1.95e-18	1.05e-13	2.95e-10	1.65e-07	1.92e-05	7.65e-04	9.48e-03	4.00e-02	1.09e-01	6.55e-01	1.72e-01	1.33e-02
 4.27242e+22	0.00e+00	9.87e-26	1.22e-21	2.45e-18	1.32e-13	3.68e-10	2.03e-07	2.31e-05	8.88e-04	1.06e-02	4.33e-02	1.14e-01	6.55e-01	1.65e-01	1.23e-02
 4.32837e+22	0.00e+00	1.29e-25	1.53e-21	2.95e-18	1.59e-13	4.41e-10	2.40e-07	2.68e-05	1.00e-03	1.17e-02	4.61e-02	1.17e-01	6.54e-01	1.59e-01	1.14e-02
 4.38564e+22	0.00e+00	1.65e-25	1.90e-21	3.52e-18	1.89e-13	5.21e-10	2.80e-07	3.07e-05	1.12e-03	1.27e-02	4.88e-02	1.21e-01	6.52e-01	1.54e-01	1.07e-02
 4.46009e+22	0.00e+00	2.28e-25	2.49e-21	4.42e-18	2.36e-13	6.45e-10	3.41e-07	3.65e-05	1.29e-03	1.42e-02	5.26e-02	1.25e-01	6.50e-01	1.47e-01	9.88e-03
 4.53790e+22	0.00e+00	3.19e-25	3.34e-21	5.62e-18	2.98e-13	8.08e-10	4.21e-07	4.39e-05	1.50e-03	1.59e-02	5.68e-02	1.30e-01	6.46e-01	1.40e-01	9.03e-03
 4.60260e+22	0.00e+00	4.21e-25	4.23e-21	6.83e-18	3.60e-13	9.70e-10	4.99e-07	5.11e-05	1.69e-03	1.75e-02	6.04e-02	1.34e-01	6.43e-01	1.35e-01	8.37e-03
 4.66922e+22	0.00e+00	5.48e-25	5.31e-21	8.27e-18	4.32e-13	1.15e-09	5.84e-07	5.87e-05	1.89e-03	1.90e-02	6.39e-02	1.38e-01	6.40e-01	1.30e-01	7.81e-03
 4.74310e+22	0.00e+00	7.38e-25	6.86e-21	1.02e-17	5.28e-13	1.40e-09	6.98e-07	6.87e-05	2.14e-03	2.09e-02	6.81e-02	1.42e-01	6.35e-01	1.24e-01	7.20e-03
 4.80986e+22	0.00e+00	9.64e-25	8.64e-21	1.24e-17	6.32e-13	1.66e-09	8.20e-07	7.91e-05	2.40e-03	2.28e-02	7.21e-02	1.46e-01	6.31e-01	1.19e-01	6.69e-03
 4.86940e+22	0.00e+00	1.21e-24	1.05e-20	1.46e-17	7.37e-13	1.92e-09	9.36e-07	8.89e-05	2.64e-03	2.45e-02	7.55e-02	1.49e-01	6.27e-01	1.15e-01	6.29e-03
 4.93611e+22	0.00e+00	1.54e-24	1.30e-20	1.74e-17	8.68e-13	2.24e-09	1.08e-06	1.01e-04	2.92e-03	2.65e-02	7.93e-02	1.52e-01	6.22e-01	1.11e-01	5.88e-03
 5.02282e+22	1.70e-30	2.11e-24	1.70e-20	2.19e-17	1.07e-12	2.73e-09	1.30e-06	1.18e-04	3.31e-03	2.91e-02	8.43e-02	1.57e-01	6.16e-01	1.05e-01	5.39e-03
 5.11351e+22	2.46e-30	2.93e-24	2.26e-20	2.78e-17	1.33e-12	3.36e-09	1.57e-06	1.40e-04	3.79e-03	3.22e-02	8.99e-02	1.61e-01	6.08e-01	1.00e-01	4.91e-03
 5.18903e+22	3.32e-30	3.83e-24	2.86e-20	3.38e-17	1.59e-12	3.98e-09	1.83e-06	1.60e-04	4.22e-03	3.48e-02	9.45e-02	1.64e-01	6.02e-01	9.57e-02	4.55e-03
 5.26690e+22	4.43e-30	4.97e-24	3.58e-20	4.09e-17	1.89e-12	4.68e-09	2.13e-06	1.83e-04	4.67e-03	3.76e-02	9.92e-02	1.68e-01	5.95e-01	9.17e-02	4.22e-03
 5.36813e+22	6.36e-30	6.89e-24	4.76e-20	5.21e-17	2.34e-12	5.73e-09	2.56e-06	2.15e-04	5.31e-03	4.13e-02	1.05e-01	1.72e-01	5.86e-01	8.68e-02	3.84e-03
 5.47501e+22	9.39e-30	9.79e-24	6.47e-20	6.75e-17	2.95e-12	7.12e-09	3.12e-06	2.55e-04	6.08e-03	4.57e-02	1.12e-01	1.76e-01	5.75e-01	8.16e-02	3.46e-03
 5.56487e+22	1.29e-29	1.31e-23	8.33e-20	8.36e-17	3.57e-12	8.50e-09	3.67e-06	2.93e-04	6.78e-03	4.95e-02	1.17e-01	1.79e-01	5.66e-01	7.76e-02	3.18e-03
 5.64199e+22	1.68e-29	1.66e-23	1.03e-19	9.97e-17	4.17e-12	9.83e-09	4.19e-06	3.29e-04	7.42e-03	5.28e-02	1.22e-01	1.82e-01	5.58e-01	7.44e-02	2.96e-03
 5.72689e+22	2.20e-29	2.13e-23	1.28e-19	1.20e-16	4.91e-12	1.14e-08	4.80e-06	3.70e-04	8.13e-03	5.65e-02	1.27e-01	1.84e-01	5.50e-01	7.11e-02	2.75e-03
 5.83726e+22	3.12e-29	2.91e-23	1.68e-19	1.52e-16	6.03e-12	1.39e-08	5.71e-06	4.30e-04	9.14e-03	6.14e-02	1.34e-01	1.87e-01	5.39e-01	6.70e-02	2.49e-03
 5.95431e+22	4.52e-29	4.09e-23	2.26e-19	1.96e-16	7.53e-12	1.70e-08	6.87e-06	5.05e-04	1.03e-02	6.71e-02	1.41e-01	1.90e-01	5.26e-01	6.29e-02	2.25e-03
 6.05449e+22	6.15e-29	5.42e-23	2.90e-19	2.42e-16	9.05e-12	2.02e-08	8.01e-06	5.75e-04	1.14e-02	7.21e-02	1.46e-01	1.92e-01	5.15e-01	5.95e-02	2.06e-03
 6.15918e+22	8.28e-29	7.12e-23	3.69e-19	2.97e-16	1.08e-11	2.37e-08	9.28e-06	6.52e-04	1.26e-02	7.72e-02	1.52e-01	1.94e-01	5.05e-01	5.64e-02	1.89e-03
 6.29528e+22	1.21e-28	1.01e-22	5.00e-19	3.85e-16	1.35e-11	2.92e-08	1.12e-05	7.65e-04	1.42e-02	8.41e-02	1.60e-01	1.97e-01	4.90e-01	5.26e-02	1.69e-03
 6.43985e+22	1.81e-28	1.46e-22	6.94e-19	5.10e-16	1.73e-11	3.64e-08	1.36e-05	9.05e-04	1.62e-02	9.20e-02	1.68e-01	1.99e-01	4.75e-01	4.87e-02	1.49e-03
 6.56414e+22	2.53e-28	1.99e-22	9.11e-19	6.45e-16	2.11e-11	4.37e-08	1.60e-05	1.04e-03	1.80e-02	9.89e-02	1.74e-01	2.00e-01	4.61e-01	4.56e-02	1.35e-03
 6.69445e+22	3.50e-28	2.69e-22	1.19e-18	8.10e-16	2.57e-11	5.23e-08	1.88e-05	1.19e-03	1.99e-02	1.06e-01	1.80e-01	2.01e-01	4.48e-01	4.27e-02	1.22e-03
 6.83967e+22	5.01e-28	3.75e-22	1.60e-18	1.04e-15	3.19e-11	6.36e-08	2.23e-05	1.37e-03	2.22e-02	1.14e-01	1.87e-01	2.02e-01	4.33e-01	3.97e-02	1.09e-03
 6.97555e+22	6.98e-28	5.10e-22	2.09e-18	1.32e-15	3.89e-11	7.61e-08	2.61e-05	1.57e-03	2.45e-02	1.22e-01	1.94e-01	2.02e-01	4.18e-01	3.70e-02	9.79e-04
 7.10360e+22	9.36e-28	6.71e-22	2.67e-18	1.62e-15	4.66e-11	8.94e-08	3.01e-05	1.77e-03	2.68e-02	1.29e-01	1.99e-01	2.02e-01	4.05e-01	3.47e-02	8.89e-04
 7.25023e+22	1.30e-27	9.09e-22	3.48e-18	2.04e-15	5.66e-11	1.07e-07	3.51e-05	2.01e-03	2.95e-02	1.38e-01	2.05e-01	2.01e-01	3.91e-01	3.22e-02	7.96e-04
 7.41396e+22	1.85e-27	1.27e-21	4.67e-18	2.63e-15	7.01e-11	1.29e-07	4.15e-05	2.32e-03	3.27e-02	1.48e-01	2.11e-01	2.01e-01	3.75e-01	2.97e-02	7.06e-04
 7.56701e+22	2.54e-27	1.71e-21	6.10e-18	3.30e-15	8.53e-11	1.54e-07	4.83e-05	2.63e-03	3.58e-02	1.57e-01	2.17e-01	1.99e-01	3.60e-01	2.76e-02	6.32e-04
 7.71107e+22	3.40e-27	2.25e-21	7.76e-18	4.06e-15	1.02e-10	1.80e-07	5.53e-05	2.94e-03	3.89e-02	1.65e-01	2.22e-01	1.98e-01	3.47e-01	2.57e-02	5.70e-04
 7.87638e+22	4.67e-27	3.02e-21	1.01e-17	5.09e-15	1.23e-10	2.13e-07	6.42e-05	3.33e-03	4.25e-02	1.74e-01	2.27e-01	1.96e-01	3.32e-01	2.37e-02	5.08e-04
 8.09128e+22	6.87e-27	4.35e-21	1.39e-17	6.70e-15	1.55e-10	2.62e-07	7.67e-05	3.85e-03	4.72e-02	1.86e-01	2.32e-01	1.94e-01	3.15e-01	2.15e-02	4.40e-04
 8.31287e+22	1.02e-26	6.35e-21	1.95e-17	8.98e-15	1.99e-10	3.25e-07	9.23e-05	4.47e-03	5.25e-02	1.99e-01	2.37e-01	1.90e-01	2.97e-01	1.94e-02	3.80e-04
 8.49252e+22	1.41e-26	8.62e-21	2.55e-17	1.13e-14	2.41e-10	3.86e-07	1.07e-04	5.06e-03	5.73e-02	2.09e-01	2.41e-01	1.87e-01	2.82e-01	1.77e-02	3.34e-04
 8.67542e+22	1.88e-26	1.13e-20	3.25e-17	1.39e-14	2.87e-10	4.50e-07	1.22e-04	5.63e-03	6.18e-02	2.19e-01	2.44e-01	1.84e-01	2.69e-01	1.63e-02	2.98e-04
 8.91319e+22	2.70e-26	1.60e-20	4.39e-17	1.80e-14	3.57e-10	5.45e-07	1.44e-04	6.42e-03	6.77e-02	2.31e-01	2.47e-01	1.80e-01	2.53e-01	1.47e-02	2.57e-04
 9.16956e+22	4.02e-26	2.33e-20	6.13e-17	2.40e-14	4.53e-10	6.72e-07	1.72e-04	7.44e-03	7.49e-02	2.44e-01	2.50e-01	1.75e-01	2.35e-01	1.30e-02	2.17e-04
 9.39041e+22	5.57e-26	3.20e-20	8.10e-17	3.04e-14	5.51e-10	7.99e-07	2.00e-04	8.39e-03	8.13e-02	2.55e-01	2.52e-01	1.70e-01	2.20e-01	1.17e-02	1.88e-04
 9.61778e+22	7.55e-26	4.28e-20	1.05e-16	3.78e-14	6.62e-10	9.37e-07	2.29e-04	9.35e-03	8.75e-02	2.66e-01	2.53e-01	1.66e-01	2.07e-01	1.06e-02	1.64e-04
 9.91336e+22	1.09e-25	6.09e-20	1.43e-16	4.93e-14	8.25e-10	1.14e-06	2.69e-04	1.06e-02	9.54e-02	2.78e-01	2.54e-01	1.60e-01	1.92e-01	9.44e-03	1.39e-04
 1.02094e+23	1.62e-25	8.95e-20	2.00e-16	6.58e-14	1.05e-09	1.40e-06	3.21e-04	1.23e-02	1.05e-01	2.91e-01	2.54e-01	1.54e-01	1.76e-01	8.22e-03	1.15e-04
 1.04271e+23	2.11e-25	1.16e-19	2.52e-16	8.00e-14	1.23e-09	1.61e-06	3.61e-04	1.35e-02	1.11e-01	3.00e-01	2.53e-01	1.49e-01	1.65e-01	7.47e-03	1.01e-04
 1.06314e+23	2.65e-25	1.45e-19	3.06e-16	9.43e-14	1.41e-09	1.81e-06	3.99e-04	1.46e-02	1.17e-01	3.07e-01	2.52e-01	1.45e-01	1.57e-01	6.86e-03	9.05e-05
 1.08970e+23	3.55e-25	1.92e-19	3.92e-16	1.16e-13	1.67e-09	2.10e-06	4.52e-04	1.61e-02	1.25e-01	3.16e-01	2.50e-01	1.40e-01	1.46e-01	6.16e-03	7.82e-05
 1.12423e+23	5.08e-25	2.73e-19	5.32e-16	1.51e-13	2.07e-09	2.52e-06	5.27e-04	1.82e-02	1.35e-01	3.27e-01	2.48e-01	1.33e-01	1.34e-01	5.38e-03	6.53e-05
 1.15953e+23	7.19e-25	3.86e-19	7.22e-16	1.96e-13	2.56e-09	3.03e-06	6.14e-04	2.05e-02	1.45e-01	3.37e-01	2.44e-01	1.27e-01	1.22e-01	4.68e-03	5.42e-05
 1.18819e+23	9.62e-25	5.14e-19	9.27e-16	2.42e-13	3.03e-09	3.51e-06	6.95e-04	2.26e-02	1.54e-01	3.44e-01	2.41e-01	1.21e-01	1.12e-01	4.15e-03	4.62e-05
 1.21782e+23	1.23e-24	6.56e-19	1.15e-15	2.89e-13	3.51e-09	3.98e-06	7.71e-04	2.45e-02	1.62e-01	3.51e-01	2.38e-01	1.16e-01	1.05e-01	3.74e-03	4.03e-05
 1.25635e+23	1.66e-24	8.85e-19	1.49e-15	3.61e-13	4.20e-09	4.64e-06	8.76e-04	2.71e-02	1.71e-01	3.58e-01	2.33e-01	1.11e-01	9.59e-02	3.29e-03	3.40e-05
 1.29978e+23	2.38e-24	1.27e-18	2.04e-15	4.70e-13	5.19e-09	5.56e-06	1.02e-03	3.05e-02	1.84e-01	3.65e-01	2.27e-01	1.04e-01	8.59e-02	2.81e-03	2.76e-05
 1.33933e+23	3.26e-24	1.74e-18	2.70e-15	5.95e-13	6.27e-09	6.53e-06	1.16e-03	3.38e-02	1.95e-01	3.71e-01	2.21e-01	9.78e-02	7.77e-02	2.43e-03	2.28e-05
 1.37430e+23	4.21e-24	2.26e-18	3.38e-15	7.19e-13	7.30e-09	7.44e-06	1.30e-03	3.67e-02	2.04e-01	3.75e-01	2.16e-01	9.30e-02	7.15e-02	2.15e-03	1.95e-05
 1.41355e+23	5.39e-24	2.90e-18	4.20e-15	8.65e-13	8.46e-09	8.43e-06	1.44e-03	3.98e-02	2.13e-01	3.79e-01	2.11e-01	8.84e-02	6.59e-02	1.91e-03	1.67e-05
 1.46457e+23	7.21e-24	3.90e-18	5.44e-15	1.08e-12	1.01e-08	9.76e-06	1.62e-03	4.36e-02	2.24e-01	3.82e-01	2.04e-01	8.31e-02	5.96e-02	1.66e-03	1.39e-05
 1.52390e+23	1.01e-23	5.55e-18	7.39e-15	1.39e-12	1.24e-08	1.16e-05	1.87e-03	4.86e-02	2.37e-01	3.85e-01	1.96e-01	7.70e-02	5.28e-02	1.40e-03	1.11e-05
 1.58156e+23	1.41e-23	7.82e-18	9.98e-15	1.80e-12	1.51e-08	1.37e-05	2.14e-03	5.39e-02	2.49e-01	3.87e-01	1.88e-01	7.13e-02	4.67e-02	1.18e-03	8.93e-06
 1.63375e+23	1.85e-23	1.04e-17	1.28e-14	2.21e-12	1.78e-08	1.58e-05	2.39e-03	5.86e-02	2.60e-01	3.88e-01	1.81e-01	6.68e-02	4.22e-02	1.02e-03	7.43e-06
 1.69127e+23	2.33e-23	1.33e-17	1.58e-14	2.65e-12	2.06e-08	1.78e-05	2.64e-03	6.31e-02	2.69e-01	3.88e-01	1.75e-01	6.29e-02	3.85e-02	8.97e-04	6.31e-06
 1.75888e+23	3.07e-23	1.78e-17	2.04e-14	3.29e-12	2.44e-08	2.05e-05	2.95e-03	6.87e-02	2.80e-01	3.87e-01	1.68e-01	5.86e-02	3.45e-02	7.70e-04	5.19e-06
 1.82886e+23	4.02e-23	2.37e-17	2.63e-14	4.08e-12	2.89e-08	2.36e-05	3.30e-03	7.46e-02	2.91e-01	3.85e-01	1.60e-01	5.44e-02	3.09e-02	6.60e-04	4.26e-06
 1.90165e+23	5.08e-23	3.07e-17	3.30e-14	4.93e-12	3.36e-08	2.67e-05	3.64e-03	8.02e-02	3.00e-01	3.83e-01	1.54e-01	5.09e-02	2.79e-02	5.74e-04	3.57e-06
 1.97895e+23	6.40e-23	3.95e-17	4.12e-14	5.95e-12	3.90e-08	3.01e-05	4.01e-03	8.60e-02	3.09e-01	3.80e-01	1.47e-01	4.76e-02	2.52e-02	5.00e-04	3.00e-06
 2.05934e+23	7.89e-23	5.00e-17	5.06e-14	7.09e-12	4.47e-08	3.37e-05	4.38e-03	9.18e-02	3.18e-01	3.77e-01	1.41e-01	4.47e-02	2.30e-02	4.39e-04	2.54e-06
 2.14295e+23	9.51e-23	6.19e-17	6.10e-14	8.31e-12	5.07e-08	3.73e-05	4.75e-03	9.73e-02	3.25e-01	3.74e-01	1.36e-01	4.21e-02	2.10e-02	3.90e-04	2.19e-06
 2.22904e+23	1.13e-22	7.55e-17	7.26e-14	9.64e-12	5.70e-08	4.11e-05	5.11e-03	1.03e-01	3.32e-01	3.70e-01	1.31e-01	3.98e-02	1.94e-02	3.48e-04	1.90e-06
 2.31162e+23	1.33e-22	9.14e-17	8.59e-14	1.11e-11	6.39e-08	4.50e-05	5.49e-03	1.08e-01	3.38e-01	3.67e-01	1.26e-01	3.77e-02	1.79e-02	3.12e-04	1.65e-06
 2.38594e+23	1.51e-22	1.06e-16	9.80e-14	1.25e-11	6.98e-08	4.83e-05	5.80e-03	1.12e-01	3.43e-01	3.64e-01	1.22e-01	3.61e-02	1.68e-02	2.87e-04	1.48e-06
 2.45282e+23	1.67e-22	1.20e-16	1.09e-13	1.37e-11	7.51e-08	5.13e-05	6.07e-03	1.16e-01	3.47e-01	3.61e-01	1.19e-01	3.48e-02	1.59e-02	2.67e-04	1.35e-06
 2.51302e+23	1.82e-22	1.33e-16	1.20e-13	1.48e-11	7.99e-08	5.39e-05	6.31e-03	1.19e-01	3.50e-01	3.59e-01	1.17e-01	3.37e-02	1.52e-02	2.51e-04	1.25e-06
 2.56720e+23	1.94e-22	1.45e-16	1.29e-13	1.57e-11	8.38e-08	5.60e-05	6.49e-03	1.22e-01	3.53e-01	3.57e-01	1.15e-01	3.29e-02	1.47e-02	2.40e-04	1.18e-06
 2.61596e+23	2.05e-22	1.55e-16	1.37e-13	1.66e-11	8.73e-08	5.78e-05	6.66e-03	1.24e-01	3.55e-01	3.55e-01	1.13e-01	3.22e-02	1.42e-02	2.30e-04	1.12e-06
 2.65985e+23	2.13e-22	1.63e-16	1.43e-13	1.72e-11	9.01e-08	5.93e-05	6.79e-03	1.25e-01	3.57e-01	3.54e-01	1.12e-01	3.17e-02	1.39e-02	2.23e-04	1.08e-06
 2.69935e+23	2.20e-22	1.71e-16	1.49e-13	1.78e-11	9.25e-08	6.06e-05	6.90e-03	1.27e-01	3.58e-01	3.53e-01	1.11e-01	3.13e-02	1.37e-02	2.17e-04	1.05e-06
 2.73489e+23	2.26e-22	1.78e-16	1.54e-13	1.84e-11	9.47e-08	6.17e-05	7.00e-03	1.28e-01	3.59e-01	3.52e-01	1.10e-01	3.09e-02	1.34e-02	2.12e-04	1.02e-06
 2.76701e+23	2.32e-22	1.84e-16	1.59e-13	1.88e-11	9.66e-08	6.27e-05	7.09e-03	1.29e-01	3.60e-01	3.51e-01	1.09e-01	3.06e-02	1.32e-02	2.08e-04	9.91e-07
 2.79755e+23	2.33e-22	1.87e-16	1.61e-13	1.91e-11	9.75e-08	6.32e-05	7.13e-03	1.30e-01	3.60e-01	3.50e-01	1.08e-01	3.04e-02	1.31e-02	2.06e-04	9.79e-07
 2.82810e+23	2.33e-22	1.89e-16	1.63e-13	1.92e-11	9.82e-08	6.35e-05	7.16e-03	1.30e-01	3.61e-01	3.50e-01	1.08e-01	3.03e-02	1.31e-02	2.05e-04	9.71e-07
 2.85865e+23	2.34e-22	1.92e-16	1.65e-13	1.94e-11	9.91e-08	6.40e-05	7.20e-03	1.31e-01	3.61e-01	3.50e-01	1.08e-01	3.02e-02	1.30e-02	2.03e-04	9.60e-07
 2.88920e+23	2.36e-22	1.95e-16	1.67e-13	1.97e-11	1.00e-07	6.45e-05	7.24e-03	1.31e-01	3.62e-01	3.49e-01	1.07e-01	3.00e-02	1.29e-02	2.01e-04	9.47e-07
 2.91975e+23	2.35e-22	1.96e-16	1.68e-13	1.98e-11	1.01e-07	6.47e-05	7.26e-03	1.31e-01	3.62e-01	3.49e-01	1.07e-01	3.00e-02	1.28e-02	2.00e-04	9.43e-07
 2.95029e+23	2.34e-22	1.97e-16	1.69e-13	1.99e-11	1.01e-07	6.49e-05	7.27e-03	1.32e-01	3.62e-01	3.49e-01	1.07e-01	2.99e-02	1.28e-02	1.99e-04	9.39e-07
 2.98084e+23	2.33e-22	1.98e-16	1.70e-13	1.99e-11	1.01e-07	6.50e-05	7.28e-03	1.32e-01	3.62e-01	3.49e-01	1.07e-01	2.99e-02	1.28e-02	1.99e-04	9.36e-07
 3.01139e+23	2.32e-22	1.99e-16	1.70e-13	2.00e-11	1.01e-07	6.51e-05	7.29e-03	1.32e-01	3.62e-01	3.49e-01	1.07e-01	2.98e-02	1.28e-02	1.98e-04	9.34e-07
 3.04074e+23	2.31e-22	2.00e-16	1.72e-13	2.01e-11	1.02e-07	6.54e-05	7.31e-03	1.32e-01	3.63e-01	3.49e-01	1.07e-01	2.98e-02	1.27e-02	1.97e-04	9.29e-07
