#depth	Mg	Mg+	Mg+2	Mg+3	Mg+4	Mg+5	Mg+6	Mg+7	Mg+8	Mg+9	Mg+10	Mg+11	Mg+12
 6.17135e+19	0.00e+00	0.00e+00	0.00e+00	0.00e+00	0.00e+00	3.33e-28	4.10e-23	1.70e-18	3.65e-14	4.11e-10	8.70e-06	5.73e-03	9.94e-01
 1.87609e+20	0.00e+00	0.00e+00	0.00e+00	0.00e+00	0.00e+00	5.89e-28	6.68e-23	2.55e-18	5.03e-14	5.23e-10	1.02e-05	6.22e-03	9.94e-01
 3.18540e+20	0.00e+00	0.00e+00	0.00e+00	0.00e+00	0.00e+00	1.04e-27	1.09e-22	3.84e-18	6.95e-14	6.65e-10	1.20e-05	6.74e-03	9.93e-01
 4.54709e+20	0.00e+00	0.00e+00	0.00e+00	0.00e+00	0.00e+00	1.86e-27	1.78e-22	5.77e-18	9.61e-14	8.46e-10	1.41e-05	7.31e-03	9.93e-01
 5.74411e+20	0.00e+00	0.00e+00	0.00e+00	0.00e+00	0.00e+00	3.04e-27	2.71e-22	8.18e-18	1.27e-13	1.04e-09	1.62e-05	7.84e-03	9.92e-01
 6.66685e+20	0.00e+00	0.00e+00	0.00e+00	0.00e+00	0.00e+00	4.40e-27	3.72e-22	1.06e-17	1.56e-13	1.21e-09	1.80e-05	8.26e-03	9.92e-01
 7.48882e+20	0.00e+00	0.00e+00	0.00e+00	0.00e+00	0.00e+00	6.08e-27	4.90e-22	1.34e-17	1.87e-13	1.39e-09	1.97e-05	8.64e-03	9.91e-01
 8.41356e+20	0.00e+00	0.00e+00	0.00e+00	0.00e+00	0.00e+00	8.68e-27	6.65e-22	1.72e-17	2.28e-13	1.61e-09	2.18e-05	9.09e-03	9.91e-01
 9.61573e+20	0.00e+00	0.00e+00	0.00e+00	0.00e+00	0.00e+00	1.36e-26	9.78e-22	2.37e-17	2.94e-13	1.94e-09	2.48e-05	9.68e-03	9.90e-01
 1.08324e+21	0.00e+00	0.00e+00	0.00e+00	0.00e+00	0.00e+00	2.14e-26	1.43e-21	3.25e-17	3.78e-13	2.34e-09	2.81e-05	1.03e-02	9.90e-01
 1.17841e+21	0.00e+00	0.00e+00	0.00e+00	0.00e+00	0.00e+00	3.01e-26	1.92e-21	4.15e-17	4.58e-13	2.70e-09	3.09e-05	1.08e-02	9.89e-01
 1.27376e+21	0.00e+00	0.00e+00	0.00e+00	0.00e+00	0.00e+00	4.22e-26	2.56e-21	5.26e-17	5.54e-13	3.10e-09	3.39e-05	1.13e-02	9.89e-01
 1.39771e+21	0.00e+00	0.00e+00	0.00e+00	0.00e+00	0.00e+00	6.49e-26	3.71e-21	7.14e-17	7.04e-13	3.70e-09	3.83e-05	1.21e-02	9.88e-01
 1.52616e+21	0.00e+00	0.00e+00	0.00e+00	0.00e+00	0.00e+00	1.01e-25	5.38e-21	9.73e-17	8.99e-13	4.44e-09	4.33e-05	1.28e-02	9.87e-01
 1.63080e+21	0.00e+00	0.00e+00	0.00e+00	0.00e+00	0.00e+00	1.43e-25	7.25e-21	1.24e-16	1.09e-12	5.12e-09	4.77e-05	1.35e-02	9.86e-01
 1.73722e+21	0.00e+00	0.00e+00	0.00e+00	0.00e+00	1.01e-30	2.02e-25	9.77e-21	1.59e-16	1.33e-12	5.91e-09	5.25e-05	1.41e-02	9.86e-01
 1.84877e+21	0.00e+00	0.00e+00	0.00e+00	0.00e+00	1.53e-30	2.91e-25	1.33e-20	2.06e-16	1.62e-12	6.86e-09	5.81e-05	1.49e-02	9.85e-01
 1.94277e+21	0.00e+00	0.00e+00	0.00e+00	0.00e+00	2.15e-30	3.91e-25	1.71e-20	2.54e-16	1.91e-12	7.75e-09	6.31e-05	1.55e-02	9.84e-01
 2.04073e+21	0.00e+00	0.00e+00	0.00e+00	0.00e+00	3.06e-30	5.33e-25	2.23e-20	3.16e-16	2.27e-12	8.80e-09	6.87e-05	1.62e-02	9.84e-01
 2.16808e+21	0.00e+00	0.00e+00	0.00e+00	0.00e+00	4.81e-30	7.90e-25	3.12e-20	4.16e-16	2.83e-12	1.03e-08	7.66e-05	1.71e-02	9.83e-01
 2.29610e+21	0.00e+00	0.00e+00	0.00e+00	0.00e+00	7.54e-30	1.17e-24	4.35e-20	5.48e-16	3.51e-12	1.21e-08	8.54e-05	1.80e-02	9.82e-01
 2.39468e+21	0.00e+00	0.00e+00	0.00e+00	0.00e+00	1.06e-29	1.57e-24	5.60e-20	6.76e-16	4.14e-12	1.37e-08	9.27e-05	1.88e-02	9.81e-01
 2.49251e+21	0.00e+00	0.00e+00	0.00e+00	0.00e+00	1.48e-29	2.10e-24	7.17e-20	8.29e-16	4.86e-12	1.54e-08	1.00e-04	1.95e-02	9.80e-01
 2.61970e+21	0.00e+00	0.00e+00	0.00e+00	0.00e+00	2.27e-29	3.04e-24	9.85e-20	1.08e-15	5.97e-12	1.79e-08	1.11e-04	2.05e-02	9.79e-01
 2.75084e+21	0.00e+00	0.00e+00	0.00e+00	0.00e+00	3.50e-29	4.44e-24	1.36e-19	1.41e-15	7.37e-12	2.09e-08	1.23e-04	2.16e-02	9.78e-01
 2.85839e+21	0.00e+00	0.00e+00	0.00e+00	0.00e+00	4.98e-29	6.03e-24	1.76e-19	1.74e-15	8.72e-12	2.37e-08	1.34e-04	2.26e-02	9.77e-01
 2.94817e+21	0.00e+00	0.00e+00	0.00e+00	0.00e+00	6.72e-29	7.82e-24	2.20e-19	2.09e-15	1.01e-11	2.63e-08	1.44e-04	2.34e-02	9.76e-01
 3.04361e+21	0.00e+00	0.00e+00	0.00e+00	0.00e+00	9.06e-29	1.01e-23	2.75e-19	2.52e-15	1.16e-11	2.92e-08	1.55e-04	2.42e-02	9.76e-01
 3.16767e+21	0.00e+00	0.00e+00	0.00e+00	0.00e+00	1.34e-28	1.43e-23	3.68e-19	3.20e-15	1.41e-11	3.36e-08	1.70e-04	2.54e-02	9.74e-01
 3.29246e+21	0.00e+00	0.00e+00	0.00e+00	0.00e+00	1.99e-28	2.01e-23	4.92e-19	4.07e-15	1.70e-11	3.86e-08	1.87e-04	2.66e-02	9.73e-01
 3.39030e+21	0.00e+00	0.00e+00	0.00e+00	0.00e+00	2.69e-28	2.61e-23	6.16e-19	4.90e-15	1.96e-11	4.29e-08	2.00e-04	2.75e-02	9.72e-01
 3.48961e+21	0.00e+00	0.00e+00	0.00e+00	0.00e+00	3.65e-28	3.41e-23	7.73e-19	5.92e-15	2.27e-11	4.78e-08	2.16e-04	2.86e-02	9.71e-01
 3.61870e+21	0.00e+00	0.00e+00	0.00e+00	0.00e+00	5.41e-28	4.79e-23	1.03e-18	7.52e-15	2.75e-11	5.49e-08	2.37e-04	2.99e-02	9.70e-01
 3.74824e+21	0.00e+00	0.00e+00	0.00e+00	0.00e+00	7.99e-28	6.73e-23	1.38e-18	9.56e-15	3.31e-11	6.30e-08	2.59e-04	3.13e-02	9.68e-01
 3.84935e+21	0.00e+00	0.00e+00	0.00e+00	0.00e+00	1.08e-27	8.76e-23	1.73e-18	1.15e-14	3.83e-11	7.01e-08	2.79e-04	3.24e-02	9.67e-01
 3.95176e+21	0.00e+00	0.00e+00	0.00e+00	0.00e+00	1.46e-27	1.14e-22	2.16e-18	1.39e-14	4.43e-11	7.80e-08	2.99e-04	3.36e-02	9.66e-01
 4.08491e+21	0.00e+00	0.00e+00	0.00e+00	0.00e+00	2.15e-27	1.59e-22	2.88e-18	1.76e-14	5.34e-11	8.95e-08	3.28e-04	3.51e-02	9.65e-01
 4.21340e+21	0.00e+00	0.00e+00	0.00e+00	0.00e+00	3.13e-27	2.20e-22	3.80e-18	2.21e-14	6.39e-11	1.02e-07	3.58e-04	3.67e-02	9.63e-01
 4.30648e+21	0.00e+00	0.00e+00	0.00e+00	0.00e+00	4.09e-27	2.78e-22	4.63e-18	2.60e-14	7.26e-11	1.12e-07	3.81e-04	3.78e-02	9.62e-01
 4.39811e+21	0.00e+00	0.00e+00	0.00e+00	0.00e+00	5.30e-27	3.48e-22	5.62e-18	3.05e-14	8.23e-11	1.23e-07	4.05e-04	3.90e-02	9.61e-01
 4.51723e+21	0.00e+00	0.00e+00	0.00e+00	0.00e+00	7.42e-27	4.67e-22	7.21e-18	3.75e-14	9.67e-11	1.38e-07	4.39e-04	4.05e-02	9.59e-01
 4.64337e+21	0.00e+00	0.00e+00	0.00e+00	0.00e+00	1.06e-26	6.34e-22	9.36e-18	4.66e-14	1.15e-10	1.57e-07	4.76e-04	4.22e-02	9.57e-01
 4.75157e+21	0.00e+00	0.00e+00	0.00e+00	0.00e+00	1.42e-26	8.23e-22	1.17e-17	5.61e-14	1.32e-10	1.74e-07	5.11e-04	4.37e-02	9.56e-01
 4.84769e+21	0.00e+00	0.00e+00	0.00e+00	0.00e+00	1.86e-26	1.04e-21	1.43e-17	6.61e-14	1.51e-10	1.92e-07	5.44e-04	4.50e-02	9.54e-01
 4.95517e+21	0.00e+00	0.00e+00	0.00e+00	0.00e+00	2.48e-26	1.33e-21	1.77e-17	7.90e-14	1.73e-10	2.12e-07	5.82e-04	4.65e-02	9.53e-01
 5.09490e+21	0.00e+00	0.00e+00	0.00e+00	0.00e+00	3.62e-26	1.85e-21	2.34e-17	9.96e-14	2.08e-10	2.42e-07	6.36e-04	4.86e-02	9.51e-01
 5.23411e+21	0.00e+00	0.00e+00	0.00e+00	0.00e+00	5.25e-26	2.56e-21	3.08e-17	1.25e-13	2.49e-10	2.77e-07	6.94e-04	5.07e-02	9.49e-01
 5.34138e+21	0.00e+00	0.00e+00	0.00e+00	0.00e+00	6.98e-26	3.28e-21	3.81e-17	1.49e-13	2.85e-10	3.06e-07	7.42e-04	5.23e-02	9.47e-01
 5.43466e+21	0.00e+00	0.00e+00	0.00e+00	0.00e+00	8.93e-26	4.06e-21	4.58e-17	1.74e-13	3.21e-10	3.34e-07	7.86e-04	5.38e-02	9.45e-01
 5.54099e+21	0.00e+00	0.00e+00	0.00e+00	0.00e+00	1.17e-25	5.15e-21	5.61e-17	2.06e-13	3.67e-10	3.68e-07	8.37e-04	5.55e-02	9.44e-01
 5.67922e+21	0.00e+00	0.00e+00	0.00e+00	0.00e+00	1.67e-25	7.02e-21	7.31e-17	2.56e-13	4.35e-10	4.18e-07	9.10e-04	5.78e-02	9.41e-01
 5.81987e+21	0.00e+00	0.00e+00	0.00e+00	1.14e-30	2.40e-25	9.59e-21	9.55e-17	3.20e-13	5.18e-10	4.74e-07	9.89e-04	6.02e-02	9.39e-01
 5.93243e+21	0.00e+00	0.00e+00	0.00e+00	1.58e-30	3.19e-25	1.23e-20	1.18e-16	3.82e-13	5.94e-10	5.25e-07	1.06e-03	6.21e-02	9.37e-01
 6.04750e+21	0.00e+00	0.00e+00	0.00e+00	2.19e-30	4.25e-25	1.58e-20	1.46e-16	4.56e-13	6.83e-10	5.81e-07	1.13e-03	6.42e-02	9.35e-01
 6.19708e+21	0.00e+00	0.00e+00	0.00e+00	3.32e-30	6.14e-25	2.17e-20	1.92e-16	5.73e-13	8.16e-10	6.63e-07	1.23e-03	6.69e-02	9.32e-01
 6.34473e+21	0.00e+00	0.00e+00	0.00e+00	5.01e-30	8.81e-25	2.97e-20	2.52e-16	7.17e-13	9.73e-10	7.54e-07	1.34e-03	6.96e-02	9.29e-01
 6.45650e+21	0.00e+00	0.00e+00	0.00e+00	6.80e-30	1.15e-24	3.76e-20	3.08e-16	8.48e-13	1.11e-09	8.30e-07	1.43e-03	7.17e-02	9.27e-01
 6.56847e+21	0.00e+00	0.00e+00	0.00e+00	9.21e-30	1.51e-24	4.74e-20	3.76e-16	1.00e-12	1.26e-09	9.13e-07	1.52e-03	7.39e-02	9.25e-01
 6.71403e+21	0.00e+00	0.00e+00	0.00e+00	1.36e-29	2.12e-24	6.39e-20	4.85e-16	1.24e-12	1.49e-09	1.03e-06	1.64e-03	7.67e-02	9.22e-01
 6.86608e+21	0.00e+00	0.00e+00	0.00e+00	2.03e-29	3.02e-24	8.70e-20	6.33e-16	1.54e-12	1.77e-09	1.17e-06	1.79e-03	7.98e-02	9.18e-01
 6.99349e+21	0.00e+00	0.00e+00	0.00e+00	2.85e-29	4.08e-24	1.13e-19	7.92e-16	1.86e-12	2.05e-09	1.30e-06	1.91e-03	8.25e-02	9.16e-01
 7.12605e+21	0.00e+00	0.00e+00	0.00e+00	3.97e-29	5.46e-24	1.46e-19	9.85e-16	2.23e-12	2.37e-09	1.45e-06	2.05e-03	8.52e-02	9.13e-01
 7.27464e+21	0.00e+00	0.00e+00	0.00e+00	5.78e-29	7.61e-24	1.94e-19	1.26e-15	2.74e-12	2.78e-09	1.63e-06	2.21e-03	8.84e-02	9.09e-01
 7.41264e+21	0.00e+00	0.00e+00	0.00e+00	8.16e-29	1.03e-23	2.53e-19	1.58e-15	3.31e-12	3.23e-09	1.82e-06	2.38e-03	9.14e-02	9.06e-01
 7.53653e+21	0.00e+00	0.00e+00	0.00e+00	1.11e-28	1.35e-23	3.20e-19	1.94e-15	3.92e-12	3.68e-09	2.00e-06	2.53e-03	9.41e-02	9.03e-01
 7.67352e+21	0.00e+00	0.00e+00	0.00e+00	1.54e-28	1.81e-23	4.13e-19	2.41e-15	4.70e-12	4.24e-09	2.22e-06	2.71e-03	9.71e-02	9.00e-01
 7.82755e+21	0.00e+00	0.00e+00	0.00e+00	2.22e-28	2.50e-23	5.47e-19	3.07e-15	5.76e-12	4.97e-09	2.50e-06	2.92e-03	1.01e-01	8.96e-01
 7.97232e+21	0.00e+00	0.00e+00	0.00e+00	3.12e-28	3.37e-23	7.10e-19	3.85e-15	6.94e-12	5.76e-09	2.78e-06	3.13e-03	1.04e-01	8.93e-01
 8.10738e+21	0.00e+00	0.00e+00	0.00e+00	4.29e-28	4.45e-23	9.07e-19	4.75e-15	8.28e-12	6.60e-09	3.08e-06	3.34e-03	1.07e-01	8.89e-01
 8.26121e+21	0.00e+00	0.00e+00	0.00e+00	6.02e-28	6.01e-23	1.18e-18	5.94e-15	9.99e-12	7.65e-09	3.43e-06	3.58e-03	1.11e-01	8.86e-01
 8.43222e+21	0.00e+00	0.00e+00	0.00e+00	8.81e-28	8.40e-23	1.58e-18	7.64e-15	1.23e-11	9.02e-09	3.87e-06	3.87e-03	1.15e-01	8.81e-01
 8.58588e+21	0.00e+00	0.00e+00	0.00e+00	1.23e-27	1.13e-22	2.04e-18	9.54e-15	1.48e-11	1.04e-08	4.31e-06	4.14e-03	1.18e-01	8.77e-01
 8.72229e+21	0.00e+00	0.00e+00	0.00e+00	1.65e-27	1.46e-22	2.55e-18	1.16e-14	1.74e-11	1.18e-08	4.72e-06	4.40e-03	1.22e-01	8.74e-01
 8.87594e+21	0.00e+00	0.00e+00	0.00e+00	2.27e-27	1.94e-22	3.27e-18	1.43e-14	2.08e-11	1.36e-08	5.23e-06	4.70e-03	1.26e-01	8.70e-01
 9.07568e+21	0.00e+00	0.00e+00	0.00e+00	3.42e-27	2.78e-22	4.48e-18	1.88e-14	2.61e-11	1.62e-08	5.96e-06	5.11e-03	1.30e-01	8.64e-01
 9.27882e+21	0.00e+00	0.00e+00	0.00e+00	5.14e-27	3.99e-22	6.13e-18	2.46e-14	3.28e-11	1.94e-08	6.79e-06	5.55e-03	1.36e-01	8.59e-01
 9.44229e+21	0.00e+00	0.00e+00	0.00e+00	7.09e-27	5.30e-22	7.86e-18	3.05e-14	3.92e-11	2.23e-08	7.52e-06	5.93e-03	1.40e-01	8.54e-01
 9.61073e+21	0.00e+00	0.00e+00	0.00e+00	9.78e-27	7.04e-22	1.01e-17	3.78e-14	4.68e-11	2.57e-08	8.34e-06	6.34e-03	1.44e-01	8.50e-01
 9.82970e+21	0.00e+00	0.00e+00	0.00e+00	1.47e-26	1.01e-21	1.38e-17	4.95e-14	5.87e-11	3.07e-08	9.49e-06	6.89e-03	1.49e-01	8.44e-01
 1.00470e+22	0.00e+00	0.00e+00	0.00e+00	2.19e-26	1.44e-21	1.88e-17	6.47e-14	7.34e-11	3.65e-08	1.08e-05	7.47e-03	1.55e-01	8.37e-01
 1.02138e+22	0.00e+00	0.00e+00	0.00e+00	2.96e-26	1.87e-21	2.36e-17	7.89e-14	8.67e-11	4.16e-08	1.19e-05	7.94e-03	1.59e-01	8.33e-01
 1.03821e+22	0.00e+00	0.00e+00	0.00e+00	3.97e-26	2.42e-21	2.97e-17	9.59e-14	1.02e-10	4.73e-08	1.30e-05	8.43e-03	1.64e-01	8.28e-01
 1.06008e+22	0.00e+00	0.00e+00	0.00e+00	5.76e-26	3.37e-21	3.95e-17	1.23e-13	1.26e-10	5.56e-08	1.47e-05	9.09e-03	1.69e-01	8.22e-01
 1.08330e+22	0.00e+00	0.00e+00	0.00e+00	8.51e-26	4.76e-21	5.34e-17	1.59e-13	1.56e-10	6.60e-08	1.66e-05	9.84e-03	1.75e-01	8.15e-01
 1.10338e+22	0.00e+00	0.00e+00	0.00e+00	1.18e-25	6.37e-21	6.89e-17	1.99e-13	1.88e-10	7.62e-08	1.85e-05	1.05e-02	1.81e-01	8.09e-01
 1.12182e+22	0.00e+00	0.00e+00	0.00e+00	1.59e-25	8.27e-21	8.66e-17	2.42e-13	2.21e-10	8.66e-08	2.03e-05	1.12e-02	1.85e-01	8.03e-01
 1.14300e+22	0.00e+00	0.00e+00	0.00e+00	2.21e-25	1.11e-20	1.12e-16	3.02e-13	2.66e-10	1.00e-07	2.25e-05	1.19e-02	1.91e-01	7.97e-01
 1.16608e+22	0.00e+00	0.00e+00	1.08e-30	3.16e-25	1.52e-20	1.47e-16	3.82e-13	3.24e-10	1.17e-07	2.52e-05	1.28e-02	1.97e-01	7.90e-01
 1.18685e+22	0.00e+00	0.00e+00	1.53e-30	4.32e-25	2.00e-20	1.87e-16	4.71e-13	3.86e-10	1.34e-07	2.79e-05	1.37e-02	2.02e-01	7.84e-01
 1.20907e+22	0.00e+00	0.00e+00	2.20e-30	5.99e-25	2.67e-20	2.41e-16	5.85e-13	4.63e-10	1.55e-07	3.09e-05	1.46e-02	2.08e-01	7.77e-01
 1.23395e+22	0.00e+00	0.00e+00	3.28e-30	8.57e-25	3.67e-20	3.18e-16	7.44e-13	5.65e-10	1.81e-07	3.47e-05	1.57e-02	2.15e-01	7.70e-01
 1.25729e+22	0.00e+00	0.00e+00	4.75e-30	1.19e-24	4.91e-20	4.11e-16	9.27e-13	6.79e-10	2.09e-07	3.85e-05	1.67e-02	2.21e-01	7.62e-01
 1.27928e+22	0.00e+00	0.00e+00	6.67e-30	1.62e-24	6.43e-20	5.20e-16	1.14e-12	8.05e-10	2.38e-07	4.24e-05	1.78e-02	2.27e-01	7.56e-01
 1.30451e+22	0.00e+00	0.00e+00	9.76e-30	2.27e-24	8.70e-20	6.76e-16	1.43e-12	9.73e-10	2.76e-07	4.72e-05	1.90e-02	2.33e-01	7.48e-01
 1.33256e+22	0.00e+00	0.00e+00	1.48e-29	3.30e-24	1.21e-19	9.02e-16	1.83e-12	1.20e-09	3.25e-07	5.31e-05	2.05e-02	2.40e-01	7.39e-01
 1.35865e+22	0.00e+00	0.00e+00	2.16e-29	4.64e-24	1.63e-19	1.17e-15	2.29e-12	1.45e-09	3.77e-07	5.91e-05	2.19e-02	2.47e-01	7.31e-01
 1.38697e+22	0.00e+00	0.00e+00	3.23e-29	6.64e-24	2.24e-19	1.55e-15	2.91e-12	1.77e-09	4.41e-07	6.61e-05	2.35e-02	2.54e-01	7.22e-01
 1.41676e+22	0.00e+00	0.00e+00	4.89e-29	9.64e-24	3.12e-19	2.06e-15	3.73e-12	2.17e-09	5.18e-07	7.43e-05	2.53e-02	2.62e-01	7.13e-01
 1.44204e+22	0.00e+00	0.00e+00	6.91e-29	1.31e-23	4.10e-19	2.62e-15	4.59e-12	2.58e-09	5.93e-07	8.19e-05	2.68e-02	2.68e-01	7.05e-01
 1.46851e+22	0.00e+00	0.00e+00	9.82e-29	1.80e-23	5.42e-19	3.34e-15	5.66e-12	3.07e-09	6.80e-07	9.04e-05	2.85e-02	2.75e-01	6.96e-01
 1.50292e+22	0.00e+00	0.00e+00	1.54e-28	2.69e-23	7.73e-19	4.56e-15	7.40e-12	3.84e-09	8.09e-07	1.02e-04	3.08e-02	2.84e-01	6.85e-01
 1.53802e+22	0.00e+00	0.00e+00	2.41e-28	4.03e-23	1.11e-18	6.23e-15	9.69e-12	4.81e-09	9.64e-07	1.16e-04	3.33e-02	2.92e-01	6.74e-01
 1.56602e+22	0.00e+00	0.00e+00	3.44e-28	5.53e-23	1.46e-18	7.96e-15	1.20e-11	5.74e-09	1.11e-06	1.28e-04	3.54e-02	2.99e-01	6.65e-01
 1.59443e+22	0.00e+00	0.00e+00	4.86e-28	7.55e-23	1.93e-18	1.01e-14	1.47e-11	6.82e-09	1.26e-06	1.41e-04	3.76e-02	3.06e-01	6.56e-01
 1.63135e+22	0.00e+00	0.00e+00	7.57e-28	1.12e-22	2.74e-18	1.38e-14	1.92e-11	8.50e-09	1.50e-06	1.60e-04	4.05e-02	3.15e-01	6.44e-01
 1.66966e+22	0.00e+00	0.00e+00	1.19e-27	1.69e-22	3.93e-18	1.88e-14	2.52e-11	1.07e-08	1.79e-06	1.81e-04	4.37e-02	3.24e-01	6.32e-01
 1.70139e+22	0.00e+00	0.00e+00	1.73e-27	2.35e-22	5.27e-18	2.43e-14	3.14e-11	1.28e-08	2.06e-06	2.00e-04	4.65e-02	3.31e-01	6.22e-01
 1.72803e+22	0.00e+00	0.00e+00	2.34e-27	3.09e-22	6.71e-18	3.00e-14	3.76e-11	1.49e-08	2.32e-06	2.18e-04	4.89e-02	3.37e-01	6.13e-01
 1.75643e+22	0.00e+00	0.00e+00	3.22e-27	4.11e-22	8.64e-18	3.75e-14	4.55e-11	1.75e-08	2.63e-06	2.38e-04	5.15e-02	3.44e-01	6.04e-01
 1.79337e+22	0.00e+00	0.00e+00	4.81e-27	5.89e-22	1.19e-17	4.95e-14	5.79e-11	2.13e-08	3.07e-06	2.66e-04	5.51e-02	3.52e-01	5.93e-01
 1.83122e+22	0.00e+00	0.00e+00	7.26e-27	8.52e-22	1.65e-17	6.58e-14	7.40e-11	2.62e-08	3.60e-06	2.97e-04	5.89e-02	3.60e-01	5.81e-01
 1.86173e+22	0.00e+00	0.00e+00	1.01e-26	1.14e-21	2.13e-17	8.25e-14	9.00e-11	3.08e-08	4.08e-06	3.25e-04	6.21e-02	3.67e-01	5.71e-01
 1.89283e+22	0.00e+00	0.00e+00	1.39e-26	1.53e-21	2.76e-17	1.03e-13	1.09e-10	3.61e-08	4.62e-06	3.55e-04	6.54e-02	3.73e-01	5.61e-01
 1.92576e+22	0.00e+00	0.00e+00	1.96e-26	2.07e-21	3.62e-17	1.31e-13	1.34e-10	4.28e-08	5.27e-06	3.89e-04	6.91e-02	3.80e-01	5.51e-01
 1.95388e+22	0.00e+00	0.00e+00	2.61e-26	2.69e-21	4.55e-17	1.60e-13	1.59e-10	4.94e-08	5.89e-06	4.21e-04	7.24e-02	3.85e-01	5.42e-01
 1.98321e+22	0.00e+00	0.00e+00	3.50e-26	3.50e-21	5.75e-17	1.96e-13	1.90e-10	5.72e-08	6.59e-06	4.55e-04	7.58e-02	3.91e-01	5.33e-01
 2.01633e+22	0.00e+00	0.00e+00	4.82e-26	4.65e-21	7.40e-17	2.44e-13	2.29e-10	6.70e-08	7.44e-06	4.96e-04	7.97e-02	3.97e-01	5.23e-01
 2.04813e+22	0.00e+00	0.00e+00	6.63e-26	6.19e-21	9.53e-17	3.05e-13	2.78e-10	7.85e-08	8.42e-06	5.40e-04	8.38e-02	4.03e-01	5.13e-01
 2.07753e+22	0.00e+00	0.00e+00	8.80e-26	7.99e-21	1.19e-16	3.71e-13	3.29e-10	9.05e-08	9.39e-06	5.83e-04	8.75e-02	4.08e-01	5.04e-01
 2.10426e+22	0.00e+00	0.00e+00	1.14e-25	1.01e-20	1.46e-16	4.43e-13	3.84e-10	1.03e-07	1.04e-05	6.24e-04	9.11e-02	4.13e-01	4.95e-01
 2.13323e+22	0.00e+00	0.00e+00	1.49e-25	1.28e-20	1.82e-16	5.35e-13	4.52e-10	1.18e-07	1.15e-05	6.71e-04	9.49e-02	4.18e-01	4.87e-01
 2.16517e+22	0.00e+00	0.00e+00	1.99e-25	1.66e-20	2.29e-16	6.54e-13	5.37e-10	1.36e-07	1.28e-05	7.25e-04	9.92e-02	4.23e-01	4.77e-01
 2.19461e+22	0.00e+00	0.00e+00	2.64e-25	2.14e-20	2.86e-16	7.94e-13	6.36e-10	1.56e-07	1.43e-05	7.81e-04	1.04e-01	4.28e-01	4.68e-01
 2.22139e+22	0.00e+00	0.00e+00	3.37e-25	2.67e-20	3.48e-16	9.42e-13	7.37e-10	1.77e-07	1.57e-05	8.33e-04	1.07e-01	4.32e-01	4.60e-01
 2.25109e+22	0.00e+00	0.00e+00	4.39e-25	3.38e-20	4.29e-16	1.13e-12	8.64e-10	2.02e-07	1.74e-05	8.94e-04	1.12e-01	4.36e-01	4.51e-01
 2.28971e+22	0.00e+00	0.00e+00	6.17e-25	4.59e-20	5.62e-16	1.43e-12	1.06e-09	2.39e-07	1.98e-05	9.77e-04	1.18e-01	4.42e-01	4.40e-01
 2.32843e+22	0.00e+00	0.00e+00	8.76e-25	6.29e-20	7.44e-16	1.83e-12	1.31e-09	2.85e-07	2.27e-05	1.07e-03	1.24e-01	4.47e-01	4.28e-01
 2.35655e+22	0.00e+00	1.12e-30	1.11e-24	7.81e-20	9.01e-16	2.16e-12	1.51e-09	3.21e-07	2.49e-05	1.14e-03	1.28e-01	4.50e-01	4.20e-01
 2.38237e+22	0.00e+00	1.43e-30	1.39e-24	9.54e-20	1.08e-15	2.53e-12	1.73e-09	3.59e-07	2.71e-05	1.21e-03	1.32e-01	4.54e-01	4.13e-01
 2.41593e+22	0.00e+00	1.95e-30	1.85e-24	1.23e-19	1.35e-15	3.08e-12	2.05e-09	4.13e-07	3.02e-05	1.30e-03	1.38e-01	4.57e-01	4.03e-01
 2.45145e+22	0.00e+00	2.71e-30	2.50e-24	1.62e-19	1.72e-15	3.80e-12	2.46e-09	4.81e-07	3.39e-05	1.41e-03	1.44e-01	4.61e-01	3.93e-01
 2.48156e+22	0.00e+00	3.57e-30	3.22e-24	2.03e-19	2.10e-15	4.54e-12	2.87e-09	5.46e-07	3.74e-05	1.51e-03	1.49e-01	4.65e-01	3.85e-01
 2.51277e+22	0.00e+00	4.73e-30	4.15e-24	2.56e-19	2.58e-15	5.42e-12	3.35e-09	6.22e-07	4.12e-05	1.61e-03	1.55e-01	4.68e-01	3.76e-01
 2.55335e+22	0.00e+00	6.76e-30	5.76e-24	3.43e-19	3.36e-15	6.82e-12	4.09e-09	7.33e-07	4.68e-05	1.75e-03	1.62e-01	4.71e-01	3.65e-01
 2.59387e+22	0.00e+00	9.80e-30	8.10e-24	4.67e-19	4.42e-15	8.67e-12	5.04e-09	8.72e-07	5.34e-05	1.91e-03	1.70e-01	4.75e-01	3.53e-01
 2.62443e+22	0.00e+00	1.27e-29	1.03e-23	5.79e-19	5.35e-15	1.02e-11	5.82e-09	9.82e-07	5.85e-05	2.04e-03	1.76e-01	4.77e-01	3.45e-01
 2.65426e+22	0.00e+00	1.64e-29	1.30e-23	7.16e-19	6.46e-15	1.21e-11	6.72e-09	1.11e-06	6.41e-05	2.16e-03	1.81e-01	4.79e-01	3.37e-01
 2.69304e+22	0.00e+00	2.28e-29	1.76e-23	9.40e-19	8.23e-15	1.49e-11	8.08e-09	1.29e-06	7.20e-05	2.34e-03	1.89e-01	4.81e-01	3.27e-01
 2.73192e+22	0.00e+00	3.18e-29	2.39e-23	1.24e-18	1.05e-14	1.85e-11	9.75e-09	1.51e-06	8.11e-05	2.53e-03	1.97e-01	4.84e-01	3.17e-01
 2.76186e+22	0.00e+00	4.10e-29	3.02e-23	1.53e-18	1.27e-14	2.19e-11	1.13e-08	1.70e-06	8.89e-05	2.69e-03	2.03e-01	4.85e-01	3.09e-01
 2.79173e+22	0.00e+00	5.23e-29	3.78e-23	1.88e-18	1.53e-14	2.56e-11	1.29e-08	1.91e-06	9.70e-05	2.85e-03	2.09e-01	4.86e-01	3.02e-01
 2.83055e+22	0.00e+00	7.16e-29	5.05e-23	2.44e-18	1.93e-14	3.15e-11	1.54e-08	2.21e-06	1.09e-04	3.06e-03	2.17e-01	4.87e-01	2.92e-01
 2.87095e+22	0.00e+00	9.96e-29	6.85e-23	3.22e-18	2.48e-14	3.91e-11	1.87e-08	2.58e-06	1.22e-04	3.31e-03	2.26e-01	4.88e-01	2.82e-01
 2.90388e+22	0.00e+00	1.31e-28	8.82e-23	4.06e-18	3.04e-14	4.69e-11	2.18e-08	2.95e-06	1.35e-04	3.54e-03	2.33e-01	4.89e-01	2.74e-01
 2.93239e+22	0.00e+00	1.63e-28	1.08e-22	4.88e-18	3.59e-14	5.41e-11	2.47e-08	3.27e-06	1.46e-04	3.72e-03	2.39e-01	4.89e-01	2.68e-01
 2.96463e+22	0.00e+00	2.09e-28	1.36e-22	6.02e-18	4.33e-14	6.39e-11	2.86e-08	3.69e-06	1.60e-04	3.95e-03	2.47e-01	4.89e-01	2.60e-01
 3.00654e+22	0.00e+00	2.87e-28	1.83e-22	7.89e-18	5.52e-14	7.90e-11	3.44e-08	4.30e-06	1.80e-04	4.26e-03	2.56e-01	4.89e-01	2.51e-01
 3.04982e+22	0.00e+00	4.00e-28	2.49e-22	1.05e-17	7.13e-14	9.87e-11	4.18e-08	5.05e-06	2.04e-04	4.62e-03	2.66e-01	4.89e-01	2.41e-01
 3.08495e+22	0.00e+00	5.24e-28	3.21e-22	1.32e-17	8.77e-14	1.18e-10	4.90e-08	5.77e-06	2.26e-04	4.93e-03	2.74e-01	4.88e-01	2.33e-01
 3.12068e+22	0.00e+00	6.76e-28	4.07e-22	1.64e-17	1.07e-13	1.41e-10	5.69e-08	6.53e-06	2.48e-04	5.24e-03	2.82e-01	4.87e-01	2.25e-01
 3.16713e+22	0.00e+00	9.40e-28	5.54e-22	2.18e-17	1.38e-13	1.76e-10	6.92e-08	7.69e-06	2.81e-04	5.67e-03	2.93e-01	4.85e-01	2.16e-01
 3.21421e+22	0.00e+00	1.32e-27	7.61e-22	2.92e-17	1.79e-13	2.22e-10	8.47e-08	9.09e-06	3.19e-04	6.15e-03	3.04e-01	4.83e-01	2.06e-01
 3.25147e+22	0.00e+00	1.71e-27	9.73e-22	3.66e-17	2.20e-13	2.66e-10	9.91e-08	1.04e-05	3.53e-04	6.55e-03	3.13e-01	4.81e-01	1.99e-01
 3.28930e+22	0.00e+00	2.20e-27	1.23e-21	4.55e-17	2.69e-13	3.16e-10	1.15e-07	1.18e-05	3.88e-04	6.97e-03	3.22e-01	4.79e-01	1.92e-01
 3.33848e+22	0.00e+00	3.02e-27	1.67e-21	6.03e-17	3.46e-13	3.95e-10	1.40e-07	1.38e-05	4.39e-04	7.53e-03	3.34e-01	4.76e-01	1.83e-01
 3.38751e+22	0.00e+00	4.16e-27	2.26e-21	7.99e-17	4.48e-13	4.94e-10	1.70e-07	1.63e-05	4.97e-04	8.15e-03	3.45e-01	4.72e-01	1.74e-01
 3.42451e+22	0.00e+00	5.28e-27	2.84e-21	9.88e-17	5.43e-13	5.85e-10	1.98e-07	1.84e-05	5.47e-04	8.64e-03	3.54e-01	4.69e-01	1.67e-01
 3.46080e+22	0.00e+00	6.55e-27	3.49e-21	1.19e-16	6.45e-13	6.81e-10	2.25e-07	2.05e-05	5.94e-04	9.11e-03	3.63e-01	4.66e-01	1.62e-01
 3.50797e+22	0.00e+00	8.63e-27	4.54e-21	1.53e-16	8.07e-13	8.29e-10	2.67e-07	2.36e-05	6.62e-04	9.75e-03	3.73e-01	4.62e-01	1.54e-01
 3.55800e+22	0.00e+00	1.15e-26	6.00e-21	1.98e-16	1.02e-12	1.02e-09	3.21e-07	2.75e-05	7.44e-04	1.05e-02	3.85e-01	4.57e-01	1.47e-01
 3.60061e+22	0.00e+00	1.47e-26	7.56e-21	2.46e-16	1.25e-12	1.21e-09	3.73e-07	3.12e-05	8.18e-04	1.11e-02	3.94e-01	4.53e-01	1.41e-01
 3.64490e+22	0.00e+00	1.85e-26	9.48e-21	3.04e-16	1.52e-12	1.44e-09	4.32e-07	3.52e-05	8.99e-04	1.18e-02	4.04e-01	4.49e-01	1.35e-01
 3.70247e+22	0.00e+00	2.49e-26	1.26e-20	3.98e-16	1.94e-12	1.78e-09	5.21e-07	4.12e-05	1.01e-03	1.27e-02	4.16e-01	4.43e-01	1.27e-01
 3.76138e+22	0.00e+00	3.37e-26	1.69e-20	5.24e-16	2.49e-12	2.22e-09	6.31e-07	4.83e-05	1.14e-03	1.37e-02	4.29e-01	4.36e-01	1.20e-01
 3.80872e+22	0.00e+00	4.25e-26	2.12e-20	6.48e-16	3.03e-12	2.64e-09	7.33e-07	5.46e-05	1.26e-03	1.45e-02	4.38e-01	4.31e-01	1.15e-01
 3.85695e+22	0.00e+00	5.30e-26	2.63e-20	7.95e-16	3.65e-12	3.11e-09	8.45e-07	6.14e-05	1.38e-03	1.54e-02	4.48e-01	4.26e-01	1.10e-01
 3.91965e+22	0.00e+00	7.01e-26	3.46e-20	1.03e-15	4.63e-12	3.82e-09	1.01e-06	7.12e-05	1.54e-03	1.65e-02	4.60e-01	4.19e-01	1.03e-01
 3.98552e+22	0.00e+00	9.36e-26	4.59e-20	1.34e-15	5.92e-12	4.74e-09	1.22e-06	8.31e-05	1.73e-03	1.77e-02	4.72e-01	4.11e-01	9.71e-02
 4.04104e+22	0.00e+00	1.18e-25	5.78e-20	1.67e-15	7.23e-12	5.65e-09	1.42e-06	9.43e-05	1.91e-03	1.88e-02	4.82e-01	4.05e-01	9.22e-02
 4.08808e+22	0.00e+00	1.44e-25	7.00e-20	2.01e-15	8.56e-12	6.55e-09	1.61e-06	1.05e-04	2.07e-03	1.98e-02	4.91e-01	3.99e-01	8.81e-02
 4.13859e+22	1.48e-30	1.74e-25	8.46e-20	2.40e-15	1.01e-11	7.56e-09	1.82e-06	1.16e-04	2.24e-03	2.07e-02	4.99e-01	3.94e-01	8.44e-02
 4.20426e+22	1.98e-30	2.23e-25	1.08e-19	3.01e-15	1.24e-11	9.08e-09	2.14e-06	1.32e-04	2.47e-03	2.21e-02	5.09e-01	3.86e-01	7.96e-02
 4.27242e+22	2.69e-30	2.87e-25	1.38e-19	3.82e-15	1.55e-11	1.10e-08	2.52e-06	1.52e-04	2.74e-03	2.35e-02	5.20e-01	3.78e-01	7.49e-02
 4.32837e+22	3.44e-30	3.51e-25	1.69e-19	4.64e-15	1.85e-11	1.28e-08	2.88e-06	1.69e-04	2.99e-03	2.48e-02	5.29e-01	3.72e-01	7.11e-02
 4.38564e+22	4.32e-30	4.25e-25	2.04e-19	5.54e-15	2.18e-11	1.48e-08	3.26e-06	1.87e-04	3.22e-03	2.59e-02	5.37e-01	3.66e-01	6.79e-02
 4.46009e+22	5.79e-30	5.41e-25	2.60e-19	6.96e-15	2.69e-11	1.78e-08	3.82e-06	2.13e-04	3.56e-03	2.75e-02	5.47e-01	3.58e-01	6.38e-02
 4.53790e+22	7.85e-30	6.96e-25	3.34e-19	8.84e-15	3.35e-11	2.16e-08	4.50e-06	2.44e-04	3.95e-03	2.93e-02	5.57e-01	3.49e-01	5.97e-02
 4.60260e+22	1.00e-29	8.52e-25	4.09e-19	1.07e-14	4.01e-11	2.52e-08	5.16e-06	2.73e-04	4.30e-03	3.09e-02	5.66e-01	3.42e-01	5.65e-02
 4.66922e+22	1.27e-29	1.04e-24	4.96e-19	1.29e-14	4.74e-11	2.92e-08	5.84e-06	3.02e-04	4.64e-03	3.23e-02	5.73e-01	3.36e-01	5.37e-02
 4.74310e+22	1.65e-29	1.29e-24	6.15e-19	1.58e-14	5.72e-11	3.44e-08	6.73e-06	3.39e-04	5.06e-03	3.41e-02	5.82e-01	3.28e-01	5.06e-02
 4.80986e+22	2.07e-29	1.56e-24	7.44e-19	1.90e-14	6.78e-11	3.99e-08	7.64e-06	3.77e-04	5.48e-03	3.57e-02	5.89e-01	3.21e-01	4.78e-02
 4.86940e+22	2.53e-29	1.83e-24	8.76e-19	2.22e-14	7.80e-11	4.50e-08	8.47e-06	4.10e-04	5.84e-03	3.71e-02	5.95e-01	3.16e-01	4.58e-02
 4.93611e+22	3.12e-29	2.18e-24	1.04e-18	2.62e-14	9.09e-11	5.14e-08	9.50e-06	4.50e-04	6.26e-03	3.87e-02	6.02e-01	3.10e-01	4.35e-02
 5.02282e+22	4.06e-29	2.72e-24	1.30e-18	3.22e-14	1.10e-10	6.08e-08	1.10e-05	5.05e-04	6.84e-03	4.07e-02	6.09e-01	3.02e-01	4.08e-02
 5.11351e+22	5.37e-29	3.43e-24	1.64e-18	4.02e-14	1.35e-10	7.25e-08	1.27e-05	5.71e-04	7.49e-03	4.30e-02	6.17e-01	2.93e-01	3.81e-02
 5.18903e+22	6.73e-29	4.15e-24	1.97e-18	4.80e-14	1.59e-10	8.36e-08	1.44e-05	6.30e-04	8.07e-03	4.49e-02	6.24e-01	2.87e-01	3.61e-02
 5.26690e+22	8.37e-29	4.97e-24	2.36e-18	5.71e-14	1.86e-10	9.58e-08	1.62e-05	6.92e-04	8.66e-03	4.69e-02	6.29e-01	2.80e-01	3.42e-02
 5.36813e+22	1.10e-28	6.24e-24	2.96e-18	7.07e-14	2.26e-10	1.14e-07	1.87e-05	7.79e-04	9.45e-03	4.93e-02	6.36e-01	2.72e-01	3.19e-02
 5.47501e+22	1.47e-28	7.98e-24	3.78e-18	8.90e-14	2.79e-10	1.36e-07	2.18e-05	8.83e-04	1.04e-02	5.21e-02	6.43e-01	2.64e-01	2.96e-02
 5.56487e+22	1.87e-28	9.75e-24	4.61e-18	1.07e-13	3.32e-10	1.58e-07	2.47e-05	9.77e-04	1.12e-02	5.44e-02	6.49e-01	2.57e-01	2.78e-02
 5.64199e+22	2.27e-28	1.15e-23	5.43e-18	1.25e-13	3.82e-10	1.79e-07	2.75e-05	1.06e-03	1.19e-02	5.64e-02	6.53e-01	2.51e-01	2.65e-02
 5.72689e+22	2.80e-28	1.37e-23	6.45e-18	1.48e-13	4.43e-10	2.03e-07	3.06e-05	1.16e-03	1.27e-02	5.85e-02	6.57e-01	2.45e-01	2.51e-02
 5.83726e+22	3.62e-28	1.70e-23	7.99e-18	1.81e-13	5.34e-10	2.39e-07	3.50e-05	1.29e-03	1.37e-02	6.13e-02	6.62e-01	2.38e-01	2.34e-02
 5.95431e+22	4.79e-28	2.16e-23	1.01e-17	2.25e-13	6.51e-10	2.84e-07	4.05e-05	1.45e-03	1.50e-02	6.43e-02	6.67e-01	2.30e-01	2.18e-02
 6.05449e+22	6.04e-28	2.63e-23	1.22e-17	2.70e-13	7.69e-10	3.28e-07	4.57e-05	1.60e-03	1.61e-02	6.69e-02	6.71e-01	2.24e-01	2.05e-02
 6.15918e+22	7.58e-28	3.19e-23	1.48e-17	3.23e-13	9.03e-10	3.76e-07	5.13e-05	1.75e-03	1.72e-02	6.95e-02	6.75e-01	2.18e-01	1.93e-02
 6.29528e+22	1.01e-27	4.06e-23	1.87e-17	4.03e-13	1.10e-09	4.48e-07	5.94e-05	1.97e-03	1.87e-02	7.29e-02	6.79e-01	2.10e-01	1.78e-02
 6.43985e+22	1.37e-27	5.28e-23	2.42e-17	5.13e-13	1.37e-09	5.40e-07	6.95e-05	2.23e-03	2.05e-02	7.67e-02	6.82e-01	2.02e-01	1.64e-02
 6.56414e+22	1.76e-27	6.58e-23	2.99e-17	6.26e-13	1.65e-09	6.31e-07	7.91e-05	2.47e-03	2.20e-02	7.99e-02	6.85e-01	1.95e-01	1.53e-02
 6.69445e+22	2.26e-27	8.16e-23	3.69e-17	7.61e-13	1.96e-09	7.35e-07	8.98e-05	2.73e-03	2.37e-02	8.31e-02	6.87e-01	1.89e-01	1.43e-02
 6.83967e+22	2.99e-27	1.04e-22	4.66e-17	9.46e-13	2.39e-09	8.68e-07	1.03e-04	3.04e-03	2.56e-02	8.67e-02	6.89e-01	1.82e-01	1.32e-02
 6.97555e+22	3.86e-27	1.30e-22	5.76e-17	1.15e-12	2.85e-09	1.01e-06	1.17e-04	3.36e-03	2.75e-02	9.01e-02	6.91e-01	1.76e-01	1.23e-02
 7.10360e+22	4.87e-27	1.59e-22	6.99e-17	1.38e-12	3.35e-09	1.16e-06	1.31e-04	3.68e-03	2.93e-02	9.32e-02	6.92e-01	1.71e-01	1.16e-02
 7.25023e+22	6.25e-27	1.97e-22	8.62e-17	1.68e-12	4.00e-09	1.35e-06	1.49e-04	4.06e-03	3.14e-02	9.68e-02	6.92e-01	1.65e-01	1.08e-02
 7.41396e+22	8.26e-27	2.52e-22	1.09e-16	2.09e-12	4.86e-09	1.60e-06	1.71e-04	4.51e-03	3.38e-02	1.01e-01	6.93e-01	1.58e-01	9.95e-03
 7.56701e+22	1.07e-26	3.15e-22	1.35e-16	2.54e-12	5.80e-09	1.86e-06	1.94e-04	4.97e-03	3.62e-02	1.04e-01	6.92e-01	1.53e-01	9.26e-03
 7.71107e+22	1.34e-26	3.85e-22	1.63e-16	3.04e-12	6.81e-09	2.13e-06	2.17e-04	5.43e-03	3.85e-02	1.08e-01	6.92e-01	1.48e-01	8.66e-03
 7.87638e+22	1.72e-26	4.78e-22	2.01e-16	3.69e-12	8.11e-09	2.47e-06	2.45e-04	5.97e-03	4.12e-02	1.12e-01	6.91e-01	1.42e-01	8.04e-03
 8.09128e+22	2.33e-26	6.25e-22	2.60e-16	4.68e-12	1.00e-08	2.97e-06	2.84e-04	6.70e-03	4.46e-02	1.16e-01	6.89e-01	1.36e-01	7.35e-03
 8.31287e+22	3.27e-26	8.47e-22	3.45e-16	6.05e-12	1.26e-08	3.59e-06	3.33e-04	7.55e-03	4.84e-02	1.21e-01	6.87e-01	1.29e-01	6.70e-03
 8.49252e+22	4.19e-26	1.05e-21	4.26e-16	7.37e-12	1.50e-08	4.19e-06	3.77e-04	8.32e-03	5.18e-02	1.25e-01	6.84e-01	1.24e-01	6.18e-03
 8.67542e+22	5.29e-26	1.29e-21	5.19e-16	8.84e-12	1.77e-08	4.81e-06	4.22e-04	9.07e-03	5.49e-02	1.29e-01	6.81e-01	1.19e-01	5.75e-03
 8.91319e+22	7.07e-26	1.67e-21	6.62e-16	1.11e-11	2.17e-08	5.71e-06	4.85e-04	1.01e-02	5.91e-02	1.34e-01	6.78e-01	1.14e-01	5.26e-03
 9.16956e+22	9.67e-26	2.20e-21	8.63e-16	1.42e-11	2.71e-08	6.90e-06	5.67e-04	1.14e-02	6.42e-02	1.39e-01	6.72e-01	1.07e-01	4.73e-03
 9.39041e+22	1.25e-25	2.78e-21	1.08e-15	1.75e-11	3.26e-08	8.08e-06	6.45e-04	1.26e-02	6.87e-02	1.44e-01	6.67e-01	1.02e-01	4.34e-03
 9.61778e+22	1.60e-25	3.45e-21	1.32e-15	2.12e-11	3.87e-08	9.35e-06	7.26e-04	1.38e-02	7.30e-02	1.48e-01	6.62e-01	9.80e-02	4.00e-03
 9.91336e+22	2.16e-25	4.51e-21	1.71e-15	2.67e-11	4.76e-08	1.12e-05	8.38e-04	1.53e-02	7.85e-02	1.53e-01	6.56e-01	9.28e-02	3.62e-03
 1.02094e+23	2.94e-25	5.93e-21	2.22e-15	3.42e-11	5.96e-08	1.35e-05	9.80e-04	1.73e-02	8.51e-02	1.59e-01	6.47e-01	8.71e-02	3.23e-03
 1.04271e+23	3.64e-25	7.19e-21	2.67e-15	4.06e-11	6.95e-08	1.54e-05	1.09e-03	1.87e-02	8.97e-02	1.63e-01	6.41e-01	8.34e-02	2.99e-03
 1.06314e+23	4.35e-25	8.39e-21	3.10e-15	4.68e-11	7.90e-08	1.72e-05	1.19e-03	2.00e-02	9.39e-02	1.66e-01	6.36e-01	8.02e-02	2.79e-03
 1.08970e+23	5.44e-25	1.02e-20	3.75e-15	5.60e-11	9.29e-08	1.97e-05	1.33e-03	2.18e-02	9.94e-02	1.71e-01	6.28e-01	7.63e-02	2.56e-03
 1.12423e+23	7.31e-25	1.33e-20	4.82e-15	7.06e-11	1.14e-07	2.35e-05	1.53e-03	2.42e-02	1.06e-01	1.76e-01	6.18e-01	7.18e-02	2.30e-03
 1.15953e+23	9.61e-25	1.71e-20	6.10e-15	8.82e-11	1.40e-07	2.78e-05	1.76e-03	2.68e-02	1.14e-01	1.81e-01	6.08e-01	6.73e-02	2.06e-03
 1.18819e+23	1.19e-24	2.07e-20	7.35e-15	1.05e-10	1.64e-07	3.19e-05	1.96e-03	2.92e-02	1.20e-01	1.85e-01	5.98e-01	6.37e-02	1.87e-03
 1.21782e+23	1.45e-24	2.45e-20	8.65e-15	1.23e-10	1.89e-07	3.60e-05	2.16e-03	3.13e-02	1.26e-01	1.88e-01	5.90e-01	6.07e-02	1.73e-03
 1.25635e+23	1.82e-24	3.02e-20	1.06e-14	1.49e-10	2.24e-07	4.16e-05	2.43e-03	3.42e-02	1.33e-01	1.92e-01	5.79e-01	5.72e-02	1.56e-03
 1.29978e+23	2.37e-24	3.81e-20	1.32e-14	1.84e-10	2.73e-07	4.92e-05	2.78e-03	3.78e-02	1.42e-01	1.97e-01	5.65e-01	5.31e-02	1.38e-03
 1.33933e+23	3.00e-24	4.71e-20	1.62e-14	2.24e-10	3.26e-07	5.73e-05	3.14e-03	4.13e-02	1.51e-01	2.02e-01	5.52e-01	4.96e-02	1.23e-03
 1.37430e+23	3.62e-24	5.57e-20	1.91e-14	2.62e-10	3.76e-07	6.47e-05	3.45e-03	4.44e-02	1.58e-01	2.05e-01	5.42e-01	4.69e-02	1.12e-03
 1.41355e+23	4.33e-24	6.54e-20	2.23e-14	3.04e-10	4.31e-07	7.27e-05	3.79e-03	4.75e-02	1.65e-01	2.08e-01	5.31e-01	4.43e-02	1.02e-03
 1.46457e+23	5.34e-24	7.89e-20	2.67e-14	3.62e-10	5.06e-07	8.33e-05	4.22e-03	5.14e-02	1.73e-01	2.12e-01	5.17e-01	4.14e-02	9.17e-04
 1.52390e+23	6.68e-24	9.88e-20	3.30e-14	4.45e-10	6.11e-07	9.78e-05	4.79e-03	5.64e-02	1.83e-01	2.15e-01	5.01e-01	3.81e-02	8.03e-04
 1.58156e+23	8.45e-24	1.22e-19	4.04e-14	5.42e-10	7.33e-07	1.14e-04	5.41e-03	6.16e-02	1.93e-01	2.19e-01	4.85e-01	3.51e-02	7.03e-04
 1.63375e+23	1.03e-23	1.46e-19	4.77e-14	6.38e-10	8.51e-07	1.30e-04	5.97e-03	6.61e-02	2.02e-01	2.21e-01	4.72e-01	3.27e-02	6.30e-04
 1.69127e+23	1.21e-23	1.70e-19	5.50e-14	7.33e-10	9.68e-07	1.45e-04	6.50e-03	7.03e-02	2.09e-01	2.23e-01	4.59e-01	3.07e-02	5.71e-04
 1.75888e+23	1.47e-23	2.03e-19	6.49e-14	8.62e-10	1.12e-06	1.64e-04	7.18e-03	7.54e-02	2.18e-01	2.26e-01	4.45e-01	2.85e-02	5.07e-04
 1.82886e+23	1.78e-23	2.42e-19	7.66e-14	1.01e-09	1.31e-06	1.86e-04	7.91e-03	8.07e-02	2.27e-01	2.28e-01	4.30e-01	2.64e-02	4.50e-04
 1.90165e+23	2.10e-23	2.84e-19	8.85e-14	1.17e-09	1.49e-06	2.08e-04	8.61e-03	8.56e-02	2.34e-01	2.29e-01	4.17e-01	2.47e-02	4.05e-04
 1.97895e+23	2.48e-23	3.32e-19	1.02e-13	1.34e-09	1.69e-06	2.32e-04	9.36e-03	9.06e-02	2.42e-01	2.30e-01	4.04e-01	2.30e-02	3.64e-04
 2.05934e+23	2.88e-23	3.84e-19	1.17e-13	1.53e-09	1.90e-06	2.56e-04	1.01e-02	9.55e-02	2.49e-01	2.31e-01	3.92e-01	2.16e-02	3.29e-04
 2.14295e+23	3.29e-23	4.39e-19	1.31e-13	1.71e-09	2.12e-06	2.81e-04	1.08e-02	1.00e-01	2.55e-01	2.32e-01	3.81e-01	2.03e-02	3.00e-04
 2.22904e+23	3.73e-23	4.97e-19	1.47e-13	1.91e-09	2.34e-06	3.05e-04	1.15e-02	1.04e-01	2.61e-01	2.32e-01	3.71e-01	1.92e-02	2.75e-04
 2.31162e+23	4.20e-23	5.61e-19	1.63e-13	2.12e-09	2.58e-06	3.30e-04	1.22e-02	1.09e-01	2.67e-01	2.32e-01	3.61e-01	1.81e-02	2.53e-04
 2.38594e+23	4.62e-23	6.20e-19	1.78e-13	2.31e-09	2.78e-06	3.52e-04	1.28e-02	1.12e-01	2.71e-01	2.32e-01	3.54e-01	1.74e-02	2.37e-04
 2.45282e+23	4.97e-23	6.69e-19	1.91e-13	2.46e-09	2.95e-06	3.70e-04	1.33e-02	1.15e-01	2.75e-01	2.33e-01	3.47e-01	1.67e-02	2.24e-04
 2.51302e+23	5.30e-23	7.17e-19	2.03e-13	2.61e-09	3.11e-06	3.87e-04	1.37e-02	1.17e-01	2.78e-01	2.33e-01	3.42e-01	1.62e-02	2.14e-04
 2.56720e+23	5.55e-23	7.55e-19	2.12e-13	2.72e-09	3.24e-06	4.00e-04	1.41e-02	1.19e-01	2.80e-01	2.32e-01	3.38e-01	1.58e-02	2.06e-04
 2.61596e+23	5.78e-23	7.90e-19	2.20e-13	2.83e-09	3.35e-06	4.12e-04	1.44e-02	1.21e-01	2.82e-01	2.32e-01	3.34e-01	1.55e-02	2.00e-04
 2.65985e+23	5.95e-23	8.17e-19	2.27e-13	2.91e-09	3.44e-06	4.21e-04	1.46e-02	1.22e-01	2.83e-01	2.32e-01	3.32e-01	1.52e-02	1.95e-04
 2.69935e+23	6.09e-23	8.40e-19	2.33e-13	2.98e-09	3.52e-06	4.28e-04	1.48e-02	1.23e-01	2.85e-01	2.32e-01	3.29e-01	1.50e-02	1.91e-04
 2.73489e+23	6.22e-23	8.62e-19	2.38e-13	3.04e-09	3.59e-06	4.35e-04	1.50e-02	1.24e-01	2.86e-01	2.32e-01	3.27e-01	1.49e-02	1.88e-04
 2.76701e+23	6.33e-23	8.82e-19	2.42e-13	3.10e-09	3.65e-06	4.42e-04	1.51e-02	1.25e-01	2.87e-01	2.32e-01	3.26e-01	1.47e-02	1.85e-04
 2.79755e+23	6.37e-23	8.92e-19	2.45e-13	3.13e-09	3.68e-06	4.45e-04	1.52e-02	1.25e-01	2.87e-01	2.32e-01	3.25e-01	1.46e-02	1.83e-04
 2.82810e+23	6.38e-23	9.01e-19	2.47e-13	3.15e-09	3.70e-06	4.47e-04	1.53e-02	1.26e-01	2.87e-01	2.32e-01	3.24e-01	1.46e-02	1.83e-04
 2.85865e+23	6.40e-23	9.09e-19	2.49e-13	3.18e-09	3.73e-06	4.50e-04	1.53e-02	1.26e-01	2.88e-01	2.32e-01	3.24e-01	1.45e-02	1.81e-04
 2.88920e+23	6.43e-23	9.18e-19	2.51e-13	3.21e-09	3.76e-06	4.53e-04	1.54e-02	1.26e-01	2.88e-01	2.32e-01	3.23e-01	1.44e-02	1.80e-04
 2.91975e+23	6.42e-23	9.24e-19	2.52e-13	3.22e-09	3.77e-06	4.54e-04	1.55e-02	1.27e-01	2.88e-01	2.32e-01	3.22e-01	1.44e-02	1.79e-04
 2.95029e+23	6.40e-23	9.27e-19	2.53e-13	3.23e-09	3.78e-06	4.55e-04	1.55e-02	1.27e-01	2.89e-01	2.32e-01	3.22e-01	1.44e-02	1.79e-04
 2.98084e+23	6.37e-23	9.29e-19	2.54e-13	3.24e-09	3.79e-06	4.56e-04	1.55e-02	1.27e-01	2.89e-01	2.32e-01	3.22e-01	1.44e-02	1.78e-04
 3.01139e+23	6.34e-23	9.32e-19	2.54e-13	3.24e-09	3.80e-06	4.57e-04	1.55e-02	1.27e-01	2.89e-01	2.32e-01	3.22e-01	1.44e-02	1.78e-04
 3.04074e+23	6.34e-23	9.37e-19	2.55e-13	3.26e-09	3.81e-06	4.58e-04	1.56e-02	1.27e-01	2.89e-01	2.32e-01	3.21e-01	1.43e-02	1.78e-04
