#depth	S	S+	S+2	S+3	S+4	S+5	S+6	S+7	S+8	S+9	S+10	S+11	S+12	S+13	S+14	S+15	S+16
 6.17135e+19	0.00e+00	0.00e+00	0.00e+00	0.00e+00	0.00e+00	0.00e+00	0.00e+00	1.16e-28	2.68e-24	2.19e-20	8.28e-17	1.54e-13	2.13e-10	2.10e-07	3.87e-04	3.57e-02	9.64e-01
 1.87609e+20	0.00e+00	0.00e+00	0.00e+00	0.00e+00	0.00e+00	0.00e+00	0.00e+00	2.41e-28	5.11e-24	3.86e-20	1.34e-16	2.31e-13	2.94e-10	2.67e-07	4.54e-04	3.86e-02	9.61e-01
 3.18540e+20	0.00e+00	0.00e+00	0.00e+00	0.00e+00	0.00e+00	0.00e+00	0.00e+00	4.99e-28	9.76e-24	6.81e-20	2.19e-16	3.46e-13	4.06e-10	3.40e-07	5.33e-04	4.18e-02	9.58e-01
 4.54709e+20	0.00e+00	0.00e+00	0.00e+00	0.00e+00	0.00e+00	0.00e+00	0.00e+00	1.04e-27	1.87e-23	1.20e-19	3.56e-16	5.20e-13	5.62e-10	4.33e-07	6.25e-04	4.52e-02	9.54e-01
 5.74411e+20	0.00e+00	0.00e+00	0.00e+00	0.00e+00	0.00e+00	0.00e+00	0.00e+00	1.94e-27	3.26e-23	1.95e-19	5.40e-16	7.36e-13	7.41e-10	5.33e-07	7.17e-04	4.83e-02	9.51e-01
 6.66685e+20	0.00e+00	0.00e+00	0.00e+00	0.00e+00	0.00e+00	0.00e+00	0.00e+00	3.10e-27	4.94e-23	2.81e-19	7.39e-16	9.55e-13	9.12e-10	6.23e-07	7.94e-04	5.08e-02	9.48e-01
 7.48882e+20	0.00e+00	0.00e+00	0.00e+00	0.00e+00	0.00e+00	0.00e+00	0.00e+00	4.66e-27	7.11e-23	3.87e-19	9.71e-16	1.20e-12	1.09e-09	7.13e-07	8.68e-04	5.30e-02	9.46e-01
 8.41356e+20	0.00e+00	0.00e+00	0.00e+00	0.00e+00	0.00e+00	0.00e+00	0.00e+00	7.31e-27	1.06e-22	5.49e-19	1.31e-15	1.54e-12	1.33e-09	8.28e-07	9.58e-04	5.56e-02	9.43e-01
 9.61573e+20	0.00e+00	0.00e+00	0.00e+00	0.00e+00	0.00e+00	0.00e+00	0.00e+00	1.30e-26	1.76e-22	8.57e-19	1.92e-15	2.12e-12	1.72e-09	1.00e-06	1.08e-03	5.91e-02	9.40e-01
 1.08324e+21	0.00e+00	0.00e+00	0.00e+00	0.00e+00	0.00e+00	0.00e+00	0.00e+00	2.28e-26	2.92e-22	1.33e-18	2.80e-15	2.91e-12	2.21e-09	1.21e-06	1.23e-03	6.27e-02	9.36e-01
 1.17841e+21	0.00e+00	0.00e+00	0.00e+00	0.00e+00	0.00e+00	0.00e+00	0.00e+00	3.51e-26	4.28e-22	1.86e-18	3.74e-15	3.70e-12	2.67e-09	1.39e-06	1.35e-03	6.56e-02	9.33e-01
 1.27376e+21	0.00e+00	0.00e+00	0.00e+00	0.00e+00	0.00e+00	0.00e+00	0.00e+00	5.38e-26	6.25e-22	2.59e-18	4.97e-15	4.68e-12	3.23e-09	1.60e-06	1.48e-03	6.85e-02	9.30e-01
 1.39771e+21	0.00e+00	0.00e+00	0.00e+00	0.00e+00	0.00e+00	0.00e+00	3.03e-30	9.24e-26	1.01e-21	3.95e-18	7.14e-15	6.34e-12	4.10e-09	1.92e-06	1.66e-03	7.25e-02	9.26e-01
 1.52616e+21	0.00e+00	0.00e+00	0.00e+00	0.00e+00	0.00e+00	0.00e+00	5.58e-30	1.60e-25	1.65e-21	6.05e-18	1.03e-14	8.61e-12	5.24e-09	2.30e-06	1.87e-03	7.68e-02	9.21e-01
 1.63080e+21	0.00e+00	0.00e+00	0.00e+00	0.00e+00	0.00e+00	0.00e+00	9.07e-30	2.47e-25	2.43e-21	8.50e-18	1.38e-14	1.10e-11	6.35e-09	2.65e-06	2.06e-03	8.03e-02	9.18e-01
 1.73722e+21	0.00e+00	0.00e+00	0.00e+00	0.00e+00	0.00e+00	0.00e+00	1.47e-29	3.83e-25	3.58e-21	1.19e-17	1.85e-14	1.40e-11	7.71e-09	3.07e-06	2.26e-03	8.40e-02	9.14e-01
 1.84877e+21	0.00e+00	0.00e+00	0.00e+00	0.00e+00	0.00e+00	0.00e+00	2.43e-29	6.01e-25	5.34e-21	1.70e-17	2.50e-14	1.80e-11	9.42e-09	3.56e-06	2.49e-03	8.80e-02	9.10e-01
 1.94277e+21	0.00e+00	0.00e+00	0.00e+00	0.00e+00	0.00e+00	0.00e+00	3.67e-29	8.70e-25	7.42e-21	2.26e-17	3.20e-14	2.22e-11	1.11e-08	4.02e-06	2.70e-03	9.14e-02	9.06e-01
 2.04073e+21	0.00e+00	0.00e+00	0.00e+00	0.00e+00	0.00e+00	0.00e+00	5.62e-29	1.28e-24	1.04e-20	3.05e-17	4.14e-14	2.75e-11	1.32e-08	4.57e-06	2.93e-03	9.50e-02	9.02e-01
 2.16808e+21	0.00e+00	0.00e+00	0.00e+00	0.00e+00	0.00e+00	0.00e+00	9.66e-29	2.08e-24	1.61e-20	4.46e-17	5.74e-14	3.61e-11	1.63e-08	5.36e-06	3.26e-03	9.98e-02	8.97e-01
 2.29610e+21	0.00e+00	0.00e+00	0.00e+00	0.00e+00	0.00e+00	0.00e+00	1.65e-28	3.37e-24	2.47e-20	6.49e-17	7.93e-14	4.73e-11	2.02e-08	6.29e-06	3.61e-03	1.05e-01	8.92e-01
 2.39468e+21	0.00e+00	0.00e+00	0.00e+00	0.00e+00	0.00e+00	0.00e+00	2.48e-28	4.85e-24	3.42e-20	8.63e-17	1.01e-13	5.81e-11	2.38e-08	7.10e-06	3.91e-03	1.09e-01	8.87e-01
 2.49251e+21	0.00e+00	0.00e+00	0.00e+00	0.00e+00	0.00e+00	0.00e+00	3.68e-28	6.93e-24	4.69e-20	1.14e-16	1.29e-13	7.09e-11	2.79e-08	7.98e-06	4.22e-03	1.13e-01	8.83e-01
 2.61970e+21	0.00e+00	0.00e+00	0.00e+00	0.00e+00	0.00e+00	0.00e+00	6.10e-28	1.09e-23	7.03e-20	1.62e-16	1.75e-13	9.16e-11	3.41e-08	9.28e-06	4.65e-03	1.18e-01	8.77e-01
 2.75084e+21	0.00e+00	0.00e+00	0.00e+00	0.00e+00	0.00e+00	0.00e+00	1.02e-27	1.74e-23	1.06e-19	2.33e-16	2.38e-13	1.19e-10	4.19e-08	1.08e-05	5.14e-03	1.23e-01	8.71e-01
 2.85839e+21	0.00e+00	0.00e+00	0.00e+00	0.00e+00	0.00e+00	0.00e+00	1.54e-27	2.52e-23	1.48e-19	3.12e-16	3.06e-13	1.47e-10	4.95e-08	1.22e-05	5.56e-03	1.28e-01	8.66e-01
 2.94817e+21	0.00e+00	0.00e+00	0.00e+00	0.00e+00	0.00e+00	0.00e+00	2.19e-27	3.45e-23	1.96e-19	3.98e-16	3.78e-13	1.75e-10	5.69e-08	1.36e-05	5.95e-03	1.32e-01	8.62e-01
 3.04361e+21	0.00e+00	0.00e+00	0.00e+00	0.00e+00	0.00e+00	0.00e+00	3.11e-27	4.74e-23	2.59e-19	5.10e-16	4.68e-13	2.09e-10	6.55e-08	1.51e-05	6.37e-03	1.36e-01	8.57e-01
 3.16767e+21	0.00e+00	0.00e+00	0.00e+00	0.00e+00	0.00e+00	0.00e+00	4.92e-27	7.16e-23	3.74e-19	7.04e-16	6.18e-13	2.64e-10	7.87e-08	1.73e-05	6.95e-03	1.42e-01	8.51e-01
 3.29246e+21	0.00e+00	0.00e+00	0.00e+00	0.00e+00	0.00e+00	0.00e+00	7.77e-27	1.08e-22	5.40e-19	9.70e-16	8.16e-13	3.33e-10	9.46e-08	1.98e-05	7.59e-03	1.48e-01	8.45e-01
 3.39030e+21	0.00e+00	0.00e+00	0.00e+00	0.00e+00	0.00e+00	0.00e+00	1.10e-26	1.48e-22	7.15e-19	1.24e-15	1.01e-12	3.98e-10	1.09e-07	2.20e-05	8.12e-03	1.52e-01	8.40e-01
 3.48961e+21	0.00e+00	0.00e+00	0.00e+00	0.00e+00	0.00e+00	0.00e+00	1.57e-26	2.04e-22	9.49e-19	1.59e-15	1.25e-12	4.77e-10	1.25e-07	2.44e-05	8.68e-03	1.57e-01	8.34e-01
 3.61870e+21	0.00e+00	0.00e+00	0.00e+00	0.00e+00	0.00e+00	0.00e+00	2.47e-26	3.06e-22	1.36e-18	2.19e-15	1.65e-12	6.00e-10	1.50e-07	2.80e-05	9.46e-03	1.63e-01	8.27e-01
 3.74824e+21	0.00e+00	0.00e+00	0.00e+00	0.00e+00	0.00e+00	0.00e+00	3.86e-26	4.58e-22	1.95e-18	3.00e-15	2.16e-12	7.55e-10	1.80e-07	3.20e-05	1.03e-02	1.69e-01	8.20e-01
 3.84935e+21	0.00e+00	0.00e+00	0.00e+00	0.00e+00	0.00e+00	0.00e+00	5.46e-26	6.26e-22	2.58e-18	3.83e-15	2.67e-12	9.01e-10	2.07e-07	3.54e-05	1.10e-02	1.74e-01	8.15e-01
 3.95176e+21	0.00e+00	0.00e+00	0.00e+00	0.00e+00	0.00e+00	0.00e+00	7.70e-26	8.54e-22	3.40e-18	4.88e-15	3.30e-12	1.08e-09	2.38e-07	3.93e-05	1.18e-02	1.80e-01	8.09e-01
 4.08491e+21	0.00e+00	0.00e+00	0.00e+00	0.00e+00	0.00e+00	2.51e-30	1.20e-25	1.27e-21	4.84e-18	6.66e-15	4.32e-12	1.35e-09	2.84e-07	4.48e-05	1.28e-02	1.86e-01	8.01e-01
 4.21340e+21	0.00e+00	0.00e+00	0.00e+00	0.00e+00	0.00e+00	3.98e-30	1.82e-25	1.86e-21	6.79e-18	8.97e-15	5.59e-12	1.67e-09	3.37e-07	5.08e-05	1.38e-02	1.93e-01	7.93e-01
 4.30648e+21	0.00e+00	0.00e+00	0.00e+00	0.00e+00	0.00e+00	5.54e-30	2.46e-25	2.43e-21	8.65e-18	1.11e-14	6.72e-12	1.95e-09	3.81e-07	5.56e-05	1.47e-02	1.98e-01	7.88e-01
 4.39811e+21	0.00e+00	0.00e+00	0.00e+00	0.00e+00	0.00e+00	7.62e-30	3.30e-25	3.17e-21	1.09e-17	1.36e-14	8.03e-12	2.27e-09	4.28e-07	6.06e-05	1.55e-02	2.02e-01	7.82e-01
 4.51723e+21	0.00e+00	0.00e+00	0.00e+00	0.00e+00	0.00e+00	1.15e-29	4.80e-25	4.45e-21	1.48e-17	1.78e-14	1.01e-11	2.76e-09	4.99e-07	6.78e-05	1.66e-02	2.09e-01	7.75e-01
 4.64337e+21	0.00e+00	0.00e+00	0.00e+00	0.00e+00	0.00e+00	1.77e-29	7.11e-25	6.34e-21	2.03e-17	2.35e-14	1.29e-11	3.38e-09	5.85e-07	7.63e-05	1.79e-02	2.15e-01	7.67e-01
 4.75157e+21	0.00e+00	0.00e+00	0.00e+00	0.00e+00	0.00e+00	2.54e-29	9.92e-25	8.57e-21	2.66e-17	2.98e-14	1.58e-11	4.02e-09	6.70e-07	8.43e-05	1.91e-02	2.21e-01	7.60e-01
 4.84769e+21	0.00e+00	0.00e+00	0.00e+00	0.00e+00	0.00e+00	3.51e-29	1.33e-24	1.12e-20	3.37e-17	3.67e-14	1.90e-11	4.68e-09	7.55e-07	9.21e-05	2.02e-02	2.26e-01	7.53e-01
 4.95517e+21	0.00e+00	0.00e+00	0.00e+00	0.00e+00	0.00e+00	4.98e-29	1.83e-24	1.49e-20	4.36e-17	4.61e-14	2.31e-11	5.53e-09	8.60e-07	1.01e-04	2.14e-02	2.32e-01	7.46e-01
 5.09490e+21	0.00e+00	0.00e+00	0.00e+00	0.00e+00	0.00e+00	7.82e-29	2.77e-24	2.17e-20	6.09e-17	6.19e-14	2.99e-11	6.85e-09	1.02e-06	1.15e-04	2.31e-02	2.40e-01	7.37e-01
 5.23411e+21	0.00e+00	0.00e+00	0.00e+00	0.00e+00	0.00e+00	1.22e-28	4.17e-24	3.14e-20	8.47e-17	8.27e-14	3.85e-11	8.48e-09	1.20e-06	1.30e-04	2.50e-02	2.47e-01	7.27e-01
 5.34138e+21	0.00e+00	0.00e+00	0.00e+00	0.00e+00	0.00e+00	1.71e-28	5.68e-24	4.15e-20	1.09e-16	1.03e-13	4.66e-11	9.97e-09	1.36e-06	1.42e-04	2.64e-02	2.53e-01	7.20e-01
 5.43466e+21	0.00e+00	0.00e+00	0.00e+00	0.00e+00	0.00e+00	2.29e-28	7.42e-24	5.29e-20	1.35e-16	1.25e-13	5.51e-11	1.15e-08	1.52e-06	1.54e-04	2.78e-02	2.59e-01	7.14e-01
 5.54099e+21	0.00e+00	0.00e+00	0.00e+00	0.00e+00	0.00e+00	3.16e-28	9.98e-24	6.92e-20	1.72e-16	1.54e-13	6.63e-11	1.34e-08	1.72e-06	1.68e-04	2.94e-02	2.64e-01	7.06e-01
 5.67922e+21	0.00e+00	0.00e+00	0.00e+00	0.00e+00	0.00e+00	4.80e-28	1.46e-23	9.79e-20	2.34e-16	2.03e-13	8.41e-11	1.64e-08	2.01e-06	1.89e-04	3.15e-02	2.72e-01	6.96e-01
 5.81987e+21	0.00e+00	0.00e+00	0.00e+00	0.00e+00	0.00e+00	7.31e-28	2.15e-23	1.39e-19	3.21e-16	2.68e-13	1.07e-10	2.01e-08	2.36e-06	2.12e-04	3.39e-02	2.80e-01	6.86e-01
 5.93243e+21	0.00e+00	0.00e+00	0.00e+00	0.00e+00	0.00e+00	1.02e-27	2.92e-23	1.83e-19	4.11e-16	3.33e-13	1.30e-10	2.36e-08	2.67e-06	2.32e-04	3.58e-02	2.86e-01	6.78e-01
 6.04750e+21	0.00e+00	0.00e+00	0.00e+00	0.00e+00	0.00e+00	1.42e-27	3.97e-23	2.42e-19	5.27e-16	4.15e-13	1.57e-10	2.78e-08	3.03e-06	2.55e-04	3.79e-02	2.92e-01	6.70e-01
 6.19708e+21	0.00e+00	0.00e+00	0.00e+00	0.00e+00	0.00e+00	2.17e-27	5.87e-23	3.45e-19	7.24e-16	5.50e-13	2.01e-10	3.42e-08	3.56e-06	2.87e-04	4.07e-02	3.00e-01	6.59e-01
 6.34473e+21	0.00e+00	0.00e+00	0.00e+00	0.00e+00	0.00e+00	3.29e-27	8.61e-23	4.88e-19	9.90e-16	7.25e-13	2.56e-10	4.19e-08	4.17e-06	3.21e-04	4.37e-02	3.08e-01	6.48e-01
 6.45650e+21	0.00e+00	0.00e+00	0.00e+00	0.00e+00	0.00e+00	4.49e-27	1.14e-22	6.33e-19	1.25e-15	8.91e-13	3.06e-10	4.88e-08	4.70e-06	3.50e-04	4.60e-02	3.14e-01	6.39e-01
 6.56847e+21	0.00e+00	0.00e+00	0.00e+00	0.00e+00	0.00e+00	6.08e-27	1.52e-22	8.17e-19	1.57e-15	1.09e-12	3.66e-10	5.67e-08	5.27e-06	3.81e-04	4.84e-02	3.20e-01	6.31e-01
 6.71403e+21	0.00e+00	0.00e+00	0.00e+00	0.00e+00	0.00e+00	8.98e-27	2.17e-22	1.13e-18	2.11e-15	1.42e-12	4.59e-10	6.86e-08	6.12e-06	4.24e-04	5.16e-02	3.28e-01	6.20e-01
 6.86608e+21	0.00e+00	0.00e+00	0.00e+00	0.00e+00	0.00e+00	1.34e-26	3.15e-22	1.59e-18	2.86e-15	1.85e-12	5.81e-10	8.37e-08	7.14e-06	4.74e-04	5.52e-02	3.36e-01	6.09e-01
 6.99349e+21	0.00e+00	0.00e+00	0.00e+00	0.00e+00	0.00e+00	1.88e-26	4.29e-22	2.11e-18	3.69e-15	2.32e-12	7.09e-10	9.90e-08	8.13e-06	5.20e-04	5.84e-02	3.42e-01	5.99e-01
 7.12605e+21	0.00e+00	0.00e+00	0.00e+00	0.00e+00	0.00e+00	2.61e-26	5.83e-22	2.79e-18	4.74e-15	2.90e-12	8.61e-10	1.17e-07	9.22e-06	5.69e-04	6.16e-02	3.49e-01	5.89e-01
 7.27464e+21	0.00e+00	0.00e+00	0.00e+00	0.00e+00	0.00e+00	3.79e-26	8.24e-22	3.82e-18	6.29e-15	3.73e-12	1.07e-09	1.40e-07	1.06e-05	6.31e-04	6.55e-02	3.56e-01	5.78e-01
 7.41264e+21	0.00e+00	0.00e+00	0.00e+00	0.00e+00	2.32e-30	5.33e-26	1.13e-21	5.09e-18	8.15e-15	4.69e-12	1.31e-09	1.66e-07	1.21e-05	6.93e-04	6.92e-02	3.62e-01	5.68e-01
 7.53653e+21	0.00e+00	0.00e+00	0.00e+00	0.00e+00	3.26e-30	7.20e-26	1.49e-21	6.56e-18	1.02e-14	5.74e-12	1.57e-09	1.93e-07	1.36e-05	7.52e-04	7.27e-02	3.68e-01	5.58e-01
 7.67352e+21	0.00e+00	0.00e+00	0.00e+00	0.00e+00	4.71e-30	9.95e-26	2.02e-21	8.64e-18	1.31e-14	7.15e-12	1.90e-09	2.27e-07	1.54e-05	8.22e-04	7.66e-02	3.74e-01	5.48e-01
 7.82755e+21	0.00e+00	0.00e+00	0.00e+00	0.00e+00	7.09e-30	1.43e-25	2.82e-21	1.17e-17	1.73e-14	9.13e-12	2.36e-09	2.72e-07	1.77e-05	9.07e-04	8.11e-02	3.81e-01	5.37e-01
 7.97232e+21	0.00e+00	0.00e+00	0.00e+00	0.00e+00	1.03e-29	1.99e-25	3.84e-21	1.56e-17	2.23e-14	1.14e-11	2.87e-09	3.22e-07	2.02e-05	9.93e-04	8.55e-02	3.87e-01	5.26e-01
 8.10738e+21	0.00e+00	0.00e+00	0.00e+00	0.00e+00	1.47e-29	2.71e-25	5.11e-21	2.02e-17	2.83e-14	1.41e-11	3.45e-09	3.76e-07	2.27e-05	1.08e-03	8.98e-02	3.93e-01	5.16e-01
 8.26121e+21	0.00e+00	0.00e+00	0.00e+00	0.00e+00	2.14e-29	3.78e-25	6.98e-21	2.69e-17	3.66e-14	1.77e-11	4.21e-09	4.44e-07	2.58e-05	1.18e-03	9.46e-02	3.99e-01	5.05e-01
 8.43222e+21	0.00e+00	0.00e+00	0.00e+00	0.00e+00	3.26e-29	5.47e-25	9.85e-21	3.69e-17	4.86e-14	2.28e-11	5.26e-09	5.34e-07	2.98e-05	1.31e-03	1.00e-01	4.06e-01	4.93e-01
 8.58588e+21	0.00e+00	0.00e+00	0.00e+00	0.00e+00	4.73e-29	7.59e-25	1.34e-20	4.87e-17	6.26e-14	2.85e-11	6.39e-09	6.29e-07	3.37e-05	1.43e-03	1.05e-01	4.11e-01	4.82e-01
 8.72229e+21	0.00e+00	0.00e+00	0.00e+00	0.00e+00	6.52e-29	1.01e-24	1.74e-20	6.21e-17	7.79e-14	3.46e-11	7.57e-09	7.26e-07	3.76e-05	1.54e-03	1.10e-01	4.16e-01	4.72e-01
 8.87594e+21	0.00e+00	0.00e+00	0.00e+00	0.00e+00	9.30e-29	1.38e-24	2.33e-20	8.12e-17	9.91e-14	4.29e-11	9.13e-09	8.49e-07	4.24e-05	1.67e-03	1.15e-01	4.21e-01	4.62e-01
 9.07568e+21	0.00e+00	0.00e+00	0.00e+00	0.00e+00	1.46e-28	2.05e-24	3.38e-20	1.14e-16	1.35e-13	5.62e-11	1.16e-08	1.04e-06	4.93e-05	1.86e-03	1.22e-01	4.27e-01	4.48e-01
 9.27882e+21	0.00e+00	0.00e+00	0.00e+00	0.00e+00	2.30e-28	3.05e-24	4.90e-20	1.60e-16	1.83e-13	7.38e-11	1.47e-08	1.26e-06	5.74e-05	2.06e-03	1.30e-01	4.33e-01	4.35e-01
 9.44229e+21	0.00e+00	0.00e+00	0.00e+00	0.00e+00	3.27e-28	4.17e-24	6.57e-20	2.10e-16	2.34e-13	9.15e-11	1.77e-08	1.48e-06	6.47e-05	2.24e-03	1.36e-01	4.38e-01	4.24e-01
 9.61073e+21	0.00e+00	0.00e+00	0.00e+00	0.00e+00	4.67e-28	5.70e-24	8.80e-20	2.74e-16	2.98e-13	1.13e-10	2.14e-08	1.73e-06	7.28e-05	2.43e-03	1.42e-01	4.42e-01	4.13e-01
 9.82970e+21	0.00e+00	0.00e+00	0.00e+00	0.00e+00	7.34e-28	8.48e-24	1.28e-19	3.86e-16	4.05e-13	1.49e-10	2.71e-08	2.10e-06	8.46e-05	2.69e-03	1.50e-01	4.47e-01	4.00e-01
 1.00470e+22	0.00e+00	0.00e+00	0.00e+00	0.00e+00	1.14e-27	1.25e-23	1.84e-19	5.39e-16	5.48e-13	1.94e-10	3.41e-08	2.55e-06	9.79e-05	2.97e-03	1.59e-01	4.51e-01	3.87e-01
 1.02138e+22	0.00e+00	0.00e+00	0.00e+00	0.00e+00	1.59e-27	1.68e-23	2.42e-19	6.93e-16	6.88e-13	2.37e-10	4.06e-08	2.94e-06	1.09e-04	3.20e-03	1.65e-01	4.55e-01	3.77e-01
 1.03821e+22	0.00e+00	0.00e+00	0.00e+00	0.00e+00	2.20e-27	2.23e-23	3.16e-19	8.87e-16	8.59e-13	2.88e-10	4.82e-08	3.39e-06	1.22e-04	3.44e-03	1.72e-01	4.57e-01	3.67e-01
 1.06008e+22	0.00e+00	0.00e+00	0.00e+00	0.00e+00	3.33e-27	3.21e-23	4.45e-19	1.21e-15	1.14e-12	3.70e-10	5.98e-08	4.06e-06	1.39e-04	3.77e-03	1.81e-01	4.61e-01	3.55e-01
 1.08330e+22	0.00e+00	0.00e+00	0.00e+00	0.00e+00	5.13e-27	4.70e-23	6.36e-19	1.68e-15	1.53e-12	4.80e-10	7.49e-08	4.89e-06	1.60e-04	4.15e-03	1.90e-01	4.64e-01	3.42e-01
 1.10338e+22	0.00e+00	0.00e+00	0.00e+00	0.00e+00	7.40e-27	6.49e-23	8.60e-19	2.22e-15	1.97e-12	5.97e-10	9.06e-08	5.72e-06	1.80e-04	4.49e-03	1.98e-01	4.66e-01	3.31e-01
 1.12182e+22	0.00e+00	0.00e+00	0.00e+00	0.00e+00	1.03e-26	8.66e-23	1.13e-18	2.85e-15	2.46e-12	7.27e-10	1.07e-07	6.58e-06	2.00e-04	4.82e-03	2.05e-01	4.68e-01	3.22e-01
 1.14300e+22	0.00e+00	0.00e+00	0.00e+00	0.00e+00	1.48e-26	1.20e-22	1.53e-18	3.76e-15	3.16e-12	9.07e-10	1.30e-07	7.70e-06	2.26e-04	5.22e-03	2.14e-01	4.69e-01	3.11e-01
 1.16608e+22	0.00e+00	0.00e+00	0.00e+00	0.00e+00	2.20e-26	1.69e-22	2.12e-18	5.08e-15	4.14e-12	1.15e-09	1.60e-07	9.11e-06	2.56e-04	5.67e-03	2.23e-01	4.71e-01	3.00e-01
 1.18685e+22	0.00e+00	0.00e+00	0.00e+00	0.00e+00	3.12e-26	2.30e-22	2.83e-18	6.61e-15	5.26e-12	1.42e-09	1.91e-07	1.06e-05	2.86e-04	6.10e-03	2.32e-01	4.72e-01	2.90e-01
 1.20907e+22	0.00e+00	0.00e+00	0.00e+00	2.31e-30	4.48e-26	3.17e-22	3.81e-18	8.70e-15	6.73e-12	1.76e-09	2.30e-07	1.23e-05	3.21e-04	6.58e-03	2.41e-01	4.72e-01	2.80e-01
 1.23395e+22	0.00e+00	0.00e+00	0.00e+00	3.61e-30	6.68e-26	4.50e-22	5.31e-18	1.18e-14	8.84e-12	2.23e-09	2.83e-07	1.46e-05	3.64e-04	7.15e-03	2.51e-01	4.72e-01	2.69e-01
 1.25729e+22	0.00e+00	0.00e+00	0.00e+00	5.45e-30	9.64e-26	6.22e-22	7.20e-18	1.56e-14	1.14e-11	2.78e-09	3.42e-07	1.70e-05	4.08e-04	7.71e-03	2.61e-01	4.72e-01	2.59e-01
 1.27928e+22	0.00e+00	0.00e+00	0.00e+00	7.96e-30	1.35e-25	8.38e-22	9.52e-18	2.01e-14	1.43e-11	3.40e-09	4.07e-07	1.96e-05	4.54e-04	8.26e-03	2.69e-01	4.72e-01	2.50e-01
 1.30451e+22	0.00e+00	0.00e+00	0.00e+00	1.22e-29	1.98e-25	1.17e-21	1.30e-17	2.68e-14	1.86e-11	4.27e-09	4.94e-07	2.30e-05	5.11e-04	8.92e-03	2.80e-01	4.71e-01	2.40e-01
 1.33256e+22	0.00e+00	0.00e+00	0.00e+00	1.94e-29	2.99e-25	1.69e-21	1.84e-17	3.68e-14	2.46e-11	5.46e-09	6.11e-07	2.73e-05	5.80e-04	9.69e-03	2.91e-01	4.69e-01	2.30e-01
 1.35865e+22	0.00e+00	0.00e+00	0.00e+00	2.96e-29	4.36e-25	2.35e-21	2.51e-17	4.90e-14	3.19e-11	6.84e-09	7.41e-07	3.20e-05	6.52e-04	1.04e-02	3.01e-01	4.67e-01	2.20e-01
 1.38697e+22	0.00e+00	0.00e+00	0.00e+00	4.62e-29	6.49e-25	3.34e-21	3.50e-17	6.63e-14	4.18e-11	8.67e-09	9.07e-07	3.77e-05	7.37e-04	1.13e-02	3.12e-01	4.65e-01	2.10e-01
 1.41676e+22	0.00e+00	0.00e+00	0.00e+00	7.34e-29	9.82e-25	4.80e-21	4.93e-17	9.07e-14	5.55e-11	1.11e-08	1.12e-06	4.47e-05	8.35e-04	1.22e-02	3.24e-01	4.62e-01	2.00e-01
 1.44204e+22	0.00e+00	0.00e+00	0.00e+00	1.08e-28	1.39e-24	6.50e-21	6.55e-17	1.18e-13	7.02e-11	1.36e-08	1.33e-06	5.15e-05	9.27e-04	1.31e-02	3.34e-01	4.60e-01	1.92e-01
 1.46851e+22	0.00e+00	0.00e+00	0.00e+00	1.60e-28	1.97e-24	8.83e-21	8.76e-17	1.54e-13	8.91e-11	1.68e-08	1.59e-06	5.94e-05	1.03e-03	1.40e-02	3.44e-01	4.57e-01	1.84e-01
 1.50292e+22	0.00e+00	0.00e+00	0.00e+00	2.63e-28	3.06e-24	1.31e-20	1.27e-16	2.16e-13	1.21e-10	2.18e-08	1.99e-06	7.13e-05	1.18e-03	1.52e-02	3.57e-01	4.52e-01	1.74e-01
 1.53802e+22	0.00e+00	0.00e+00	0.00e+00	4.35e-28	4.80e-24	1.94e-20	1.84e-16	3.04e-13	1.64e-10	2.85e-08	2.50e-06	8.56e-05	1.35e-03	1.65e-02	3.70e-01	4.47e-01	1.64e-01
 1.56602e+22	0.00e+00	0.00e+00	0.00e+00	6.45e-28	6.81e-24	2.63e-20	2.46e-16	3.96e-13	2.08e-10	3.50e-08	2.98e-06	9.87e-05	1.49e-03	1.76e-02	3.81e-01	4.43e-01	1.57e-01
 1.59443e+22	0.00e+00	0.00e+00	0.00e+00	9.49e-28	9.61e-24	3.56e-20	3.27e-16	5.15e-13	2.64e-10	4.30e-08	3.55e-06	1.13e-04	1.65e-03	1.88e-02	3.91e-01	4.39e-01	1.50e-01
 1.63135e+22	0.00e+00	0.00e+00	0.00e+00	1.55e-27	1.49e-23	5.23e-20	4.71e-16	7.20e-13	3.56e-10	5.57e-08	4.43e-06	1.36e-04	1.88e-03	2.03e-02	4.04e-01	4.33e-01	1.41e-01
 1.66966e+22	0.00e+00	0.00e+00	0.00e+00	2.57e-27	2.34e-23	7.76e-20	6.85e-16	1.01e-12	4.84e-10	7.27e-08	5.55e-06	1.62e-04	2.15e-03	2.20e-02	4.17e-01	4.26e-01	1.33e-01
 1.70139e+22	0.00e+00	0.00e+00	0.00e+00	3.87e-27	3.36e-23	1.07e-19	9.28e-16	1.34e-12	6.21e-10	9.03e-08	6.67e-06	1.88e-04	2.39e-03	2.35e-02	4.28e-01	4.20e-01	1.26e-01
 1.72803e+22	0.00e+00	0.00e+00	0.00e+00	5.43e-27	4.54e-23	1.39e-19	1.19e-15	1.69e-12	7.64e-10	1.08e-07	7.75e-06	2.12e-04	2.61e-03	2.48e-02	4.36e-01	4.15e-01	1.21e-01
 1.75643e+22	0.00e+00	0.00e+00	0.00e+00	7.73e-27	6.21e-23	1.83e-19	1.55e-15	2.14e-12	9.48e-10	1.30e-07	9.08e-06	2.41e-04	2.86e-03	2.62e-02	4.46e-01	4.10e-01	1.15e-01
 1.79337e+22	0.00e+00	0.00e+00	0.00e+00	1.21e-26	9.23e-23	2.59e-19	2.15e-15	2.90e-12	1.24e-09	1.64e-07	1.11e-05	2.82e-04	3.20e-03	2.80e-02	4.57e-01	4.03e-01	1.08e-01
 1.83122e+22	0.00e+00	0.00e+00	0.00e+00	1.90e-26	1.38e-22	3.68e-19	3.02e-15	3.96e-12	1.64e-09	2.09e-07	1.36e-05	3.32e-04	3.60e-03	3.00e-02	4.69e-01	3.96e-01	1.02e-01
 1.86173e+22	0.00e+00	0.00e+00	0.00e+00	2.73e-26	1.91e-22	4.87e-19	3.94e-15	5.06e-12	2.05e-09	2.53e-07	1.59e-05	3.77e-04	3.94e-03	3.17e-02	4.78e-01	3.89e-01	9.69e-02
 1.89283e+22	0.00e+00	0.00e+00	2.87e-30	3.90e-26	2.62e-22	6.42e-19	5.14e-15	6.46e-12	2.55e-09	3.05e-07	1.87e-05	4.28e-04	4.32e-03	3.35e-02	4.87e-01	3.83e-01	9.21e-02
 1.92576e+22	0.00e+00	0.00e+00	4.36e-30	5.69e-26	3.65e-22	8.60e-19	6.79e-15	8.35e-12	3.21e-09	3.72e-07	2.21e-05	4.89e-04	4.75e-03	3.54e-02	4.96e-01	3.76e-01	8.73e-02
 1.95388e+22	0.00e+00	0.00e+00	6.21e-30	7.81e-26	4.84e-22	1.10e-18	8.60e-15	1.04e-11	3.90e-09	4.41e-07	2.54e-05	5.47e-04	5.15e-03	3.71e-02	5.03e-01	3.70e-01	8.33e-02
 1.98321e+22	0.00e+00	0.00e+00	8.91e-30	1.08e-25	6.45e-22	1.41e-18	1.09e-14	1.29e-11	4.75e-09	5.23e-07	2.94e-05	6.14e-04	5.58e-03	3.89e-02	5.11e-01	3.64e-01	7.94e-02
 2.01633e+22	0.00e+00	0.00e+00	1.32e-29	1.54e-25	8.83e-22	1.85e-18	1.42e-14	1.65e-11	5.90e-09	6.29e-07	3.43e-05	6.94e-04	6.09e-03	4.09e-02	5.19e-01	3.58e-01	7.53e-02
 2.04813e+22	0.00e+00	0.00e+00	1.94e-29	2.18e-25	1.20e-21	2.42e-18	1.84e-14	2.09e-11	7.31e-09	7.56e-07	4.01e-05	7.85e-04	6.65e-03	4.30e-02	5.27e-01	3.51e-01	7.14e-02
 2.07753e+22	0.00e+00	0.00e+00	2.75e-29	2.97e-25	1.58e-21	3.07e-18	2.32e-14	2.59e-11	8.86e-09	8.92e-07	4.60e-05	8.76e-04	7.19e-03	4.49e-02	5.34e-01	3.45e-01	6.80e-02
 2.10426e+22	0.00e+00	0.00e+00	3.77e-29	3.94e-25	2.02e-21	3.81e-18	2.86e-14	3.14e-11	1.05e-08	1.03e-06	5.22e-05	9.67e-04	7.71e-03	4.67e-02	5.41e-01	3.39e-01	6.51e-02
 2.13323e+22	0.00e+00	0.00e+00	5.25e-29	5.30e-25	2.63e-21	4.78e-18	3.56e-14	3.85e-11	1.26e-08	1.21e-06	5.95e-05	1.07e-03	8.30e-03	4.87e-02	5.47e-01	3.33e-01	6.21e-02
 2.16517e+22	0.00e+00	0.00e+00	7.50e-29	7.30e-25	3.50e-21	6.12e-18	4.52e-14	4.79e-11	1.54e-08	1.43e-06	6.85e-05	1.20e-03	8.98e-03	5.09e-02	5.53e-01	3.26e-01	5.90e-02
 2.19461e+22	0.00e+00	0.00e+00	1.05e-28	9.89e-25	4.56e-21	7.69e-18	5.66e-14	5.91e-11	1.86e-08	1.69e-06	7.85e-05	1.34e-03	9.69e-03	5.31e-02	5.60e-01	3.20e-01	5.61e-02
 2.22139e+22	0.00e+00	0.00e+00	1.42e-28	1.29e-24	5.78e-21	9.43e-18	6.91e-14	7.11e-11	2.19e-08	1.94e-06	8.85e-05	1.47e-03	1.03e-02	5.51e-02	5.65e-01	3.14e-01	5.36e-02
 2.25109e+22	0.00e+00	0.00e+00	1.97e-28	1.73e-24	7.46e-21	1.18e-17	8.57e-14	8.68e-11	2.63e-08	2.27e-06	1.01e-04	1.62e-03	1.11e-02	5.73e-02	5.71e-01	3.08e-01	5.11e-02
 2.28971e+22	0.00e+00	0.00e+00	2.97e-28	2.50e-24	1.03e-20	1.56e-17	1.13e-13	1.12e-10	3.30e-08	2.76e-06	1.19e-04	1.85e-03	1.22e-02	6.02e-02	5.77e-01	3.00e-01	4.79e-02
 2.32843e+22	0.00e+00	0.00e+00	4.56e-28	3.66e-24	1.44e-20	2.07e-17	1.50e-13	1.46e-10	4.19e-08	3.38e-06	1.41e-04	2.12e-03	1.34e-02	6.34e-02	5.84e-01	2.92e-01	4.49e-02
 2.35655e+22	0.00e+00	0.00e+00	6.12e-28	4.76e-24	1.82e-20	2.53e-17	1.82e-13	1.75e-10	4.93e-08	3.88e-06	1.58e-04	2.32e-03	1.42e-02	6.56e-02	5.88e-01	2.86e-01	4.28e-02
 2.38237e+22	0.00e+00	0.00e+00	8.02e-28	6.06e-24	2.25e-20	3.03e-17	2.18e-13	2.07e-10	5.73e-08	4.42e-06	1.76e-04	2.52e-03	1.51e-02	6.77e-02	5.92e-01	2.81e-01	4.10e-02
 2.41593e+22	0.00e+00	0.00e+00	1.13e-27	8.25e-24	2.94e-20	3.82e-17	2.74e-13	2.56e-10	6.94e-08	5.20e-06	2.02e-04	2.81e-03	1.63e-02	7.04e-02	5.97e-01	2.75e-01	3.88e-02
 2.45145e+22	0.00e+00	0.00e+00	1.64e-27	1.14e-23	3.92e-20	4.88e-17	3.50e-13	3.21e-10	8.51e-08	6.20e-06	2.33e-04	3.15e-03	1.76e-02	7.35e-02	6.02e-01	2.67e-01	3.65e-02
 2.48156e+22	0.00e+00	0.00e+00	2.23e-27	1.51e-23	4.98e-20	6.00e-17	4.29e-13	3.89e-10	1.01e-07	7.18e-06	2.64e-04	3.47e-03	1.88e-02	7.61e-02	6.05e-01	2.61e-01	3.47e-02
 2.51277e+22	0.00e+00	0.00e+00	3.04e-27	1.99e-23	6.34e-20	7.37e-17	5.28e-13	4.72e-10	1.20e-07	8.32e-06	2.98e-04	3.82e-03	2.01e-02	7.88e-02	6.09e-01	2.55e-01	3.29e-02
 2.55335e+22	0.00e+00	0.00e+00	4.53e-27	2.83e-23	8.64e-20	9.59e-17	6.87e-13	6.04e-10	1.50e-07	1.01e-05	3.49e-04	4.32e-03	2.19e-02	8.24e-02	6.13e-01	2.47e-01	3.07e-02
 2.59387e+22	0.00e+00	0.00e+00	6.85e-27	4.08e-23	1.19e-19	1.25e-16	9.03e-13	7.80e-10	1.89e-07	1.23e-05	4.12e-04	4.92e-03	2.40e-02	8.62e-02	6.17e-01	2.39e-01	2.86e-02
 2.62443e+22	0.00e+00	0.00e+00	9.18e-27	5.30e-23	1.49e-19	1.52e-16	1.10e-12	9.35e-10	2.23e-07	1.41e-05	4.62e-04	5.38e-03	2.55e-02	8.90e-02	6.19e-01	2.34e-01	2.72e-02
 2.65426e+22	0.00e+00	0.00e+00	1.22e-26	6.82e-23	1.86e-19	1.83e-16	1.32e-12	1.12e-09	2.61e-07	1.61e-05	5.17e-04	5.87e-03	2.71e-02	9.18e-02	6.21e-01	2.28e-01	2.58e-02
 2.69304e+22	0.00e+00	0.00e+00	1.76e-26	9.44e-23	2.46e-19	2.33e-16	1.69e-12	1.40e-09	3.21e-07	1.92e-05	5.98e-04	6.58e-03	2.93e-02	9.54e-02	6.23e-01	2.21e-01	2.41e-02
 2.73192e+22	0.00e+00	0.00e+00	2.56e-26	1.31e-22	3.28e-19	2.96e-16	2.16e-12	1.77e-09	3.95e-07	2.29e-05	6.92e-04	7.38e-03	3.17e-02	9.92e-02	6.25e-01	2.14e-01	2.25e-02
 2.76186e+22	0.00e+00	0.00e+00	3.41e-26	1.69e-22	4.08e-19	3.56e-16	2.60e-12	2.11e-09	4.63e-07	2.62e-05	7.74e-04	8.05e-03	3.36e-02	1.02e-01	6.26e-01	2.08e-01	2.13e-02
 2.79173e+22	0.00e+00	0.00e+00	4.48e-26	2.15e-22	5.03e-19	4.25e-16	3.11e-12	2.50e-09	5.40e-07	2.98e-05	8.63e-04	8.76e-03	3.56e-02	1.05e-01	6.27e-01	2.03e-01	2.02e-02
 2.83055e+22	0.00e+00	0.00e+00	6.38e-26	2.94e-22	6.58e-19	5.32e-16	3.92e-12	3.11e-09	6.58e-07	3.53e-05	9.91e-04	9.76e-03	3.83e-02	1.09e-01	6.27e-01	1.96e-01	1.89e-02
 2.87095e+22	0.00e+00	0.00e+00	9.26e-26	4.08e-22	8.73e-19	6.74e-16	5.01e-12	3.91e-09	8.10e-07	4.20e-05	1.15e-03	1.09e-02	4.14e-02	1.13e-01	6.27e-01	1.89e-01	1.76e-02
 2.90388e+22	0.00e+00	0.00e+00	1.26e-25	5.35e-22	1.10e-18	8.18e-16	6.12e-12	4.74e-09	9.63e-07	4.87e-05	1.29e-03	1.20e-02	4.41e-02	1.16e-01	6.27e-01	1.83e-01	1.65e-02
 2.93239e+22	0.00e+00	2.69e-30	1.62e-25	6.67e-22	1.33e-18	9.60e-16	7.20e-12	5.52e-09	1.10e-06	5.46e-05	1.42e-03	1.30e-02	4.64e-02	1.19e-01	6.26e-01	1.78e-01	1.57e-02
 2.96463e+22	0.00e+00	3.70e-30	2.15e-25	8.56e-22	1.65e-18	1.15e-15	8.65e-12	6.58e-09	1.29e-06	6.24e-05	1.59e-03	1.41e-02	4.92e-02	1.22e-01	6.25e-01	1.73e-01	1.48e-02
 3.00654e+22	0.00e+00	5.57e-30	3.09e-25	1.18e-21	2.17e-18	1.44e-15	1.10e-11	8.23e-09	1.58e-06	7.41e-05	1.83e-03	1.57e-02	5.29e-02	1.27e-01	6.23e-01	1.66e-01	1.37e-02
 3.04982e+22	0.00e+00	8.54e-30	4.53e-25	1.65e-21	2.90e-18	1.83e-15	1.40e-11	1.04e-08	1.96e-06	8.85e-05	2.12e-03	1.77e-02	5.71e-02	1.31e-01	6.20e-01	1.59e-01	1.26e-02
 3.08495e+22	0.00e+00	1.21e-29	6.18e-25	2.16e-21	3.66e-18	2.22e-15	1.71e-11	1.26e-08	2.32e-06	1.02e-04	2.39e-03	1.94e-02	6.08e-02	1.35e-01	6.18e-01	1.53e-01	1.18e-02
 3.12068e+22	0.00e+00	1.68e-29	8.31e-25	2.81e-21	4.57e-18	2.67e-15	2.06e-11	1.51e-08	2.73e-06	1.17e-04	2.67e-03	2.11e-02	6.44e-02	1.38e-01	6.15e-01	1.48e-01	1.10e-02
 3.16713e+22	0.00e+00	2.59e-29	1.22e-24	3.94e-21	6.11e-18	3.39e-15	2.64e-11	1.90e-08	3.38e-06	1.40e-04	3.09e-03	2.36e-02	6.94e-02	1.43e-01	6.10e-01	1.41e-01	1.01e-02
 3.21421e+22	0.00e+00	4.05e-29	1.82e-24	5.58e-21	8.23e-18	4.34e-15	3.39e-11	2.42e-08	4.19e-06	1.68e-04	3.59e-03	2.65e-02	7.48e-02	1.47e-01	6.04e-01	1.34e-01	9.21e-03
 3.25147e+22	0.00e+00	5.74e-29	2.48e-24	7.32e-21	1.04e-17	5.25e-15	4.11e-11	2.91e-08	4.96e-06	1.93e-04	4.02e-03	2.90e-02	7.93e-02	1.51e-01	5.99e-01	1.29e-01	8.56e-03
 3.28930e+22	0.00e+00	8.03e-29	3.35e-24	9.52e-21	1.30e-17	6.32e-15	4.95e-11	3.48e-08	5.82e-06	2.21e-04	4.49e-03	3.16e-02	8.39e-02	1.54e-01	5.94e-01	1.23e-01	7.96e-03
 3.33848e+22	0.00e+00	1.24e-28	4.92e-24	1.34e-20	1.73e-17	8.02e-15	6.28e-11	4.37e-08	7.15e-06	2.62e-04	5.17e-03	3.52e-02	9.00e-02	1.59e-01	5.87e-01	1.17e-01	7.24e-03
 3.38751e+22	0.00e+00	1.92e-28	7.28e-24	1.88e-20	2.32e-17	1.02e-14	7.97e-11	5.50e-08	8.79e-06	3.12e-04	5.94e-03	3.92e-02	9.65e-02	1.63e-01	5.78e-01	1.10e-01	6.57e-03
 3.42451e+22	0.00e+00	2.67e-28	9.77e-24	2.43e-20	2.90e-17	1.22e-14	9.52e-11	6.53e-08	1.03e-05	3.55e-04	6.60e-03	4.25e-02	1.02e-01	1.66e-01	5.71e-01	1.06e-01	6.09e-03
 3.46080e+22	0.00e+00	3.59e-28	1.28e-23	3.07e-20	3.54e-17	1.44e-14	1.12e-10	7.61e-08	1.18e-05	3.98e-04	7.24e-03	4.56e-02	1.06e-01	1.69e-01	5.64e-01	1.02e-01	5.69e-03
 3.50797e+22	0.00e+00	5.29e-28	1.80e-23	4.17e-20	4.58e-17	1.78e-14	1.37e-10	9.28e-08	1.41e-05	4.61e-04	8.16e-03	5.00e-02	1.13e-01	1.72e-01	5.55e-01	9.62e-02	5.19e-03
 3.55800e+22	0.00e+00	7.99e-28	2.61e-23	5.76e-20	6.05e-17	2.24e-14	1.71e-10	1.14e-07	1.70e-05	5.39e-04	9.25e-03	5.50e-02	1.20e-01	1.76e-01	5.45e-01	9.06e-02	4.70e-03
 3.60061e+22	0.00e+00	1.13e-27	3.55e-23	7.55e-20	7.62e-17	2.71e-14	2.04e-10	1.36e-07	1.99e-05	6.14e-04	1.03e-02	5.95e-02	1.26e-01	1.78e-01	5.35e-01	8.61e-02	4.32e-03
 3.64490e+22	0.00e+00	1.58e-27	4.80e-23	9.86e-20	9.58e-17	3.28e-14	2.44e-10	1.61e-07	2.31e-05	6.96e-04	1.13e-02	6.42e-02	1.32e-01	1.81e-01	5.26e-01	8.18e-02	3.97e-03
 3.70247e+22	0.00e+00	2.44e-27	7.07e-23	1.38e-19	1.28e-16	4.17e-14	3.05e-10	1.99e-07	2.80e-05	8.15e-04	1.29e-02	7.06e-02	1.40e-01	1.84e-01	5.13e-01	7.64e-02	3.56e-03
 3.76138e+22	0.00e+00	3.80e-27	1.05e-22	1.96e-19	1.73e-16	5.35e-14	3.82e-10	2.48e-07	3.40e-05	9.57e-04	1.46e-02	7.76e-02	1.48e-01	1.86e-01	4.98e-01	7.11e-02	3.17e-03
 3.80872e+22	0.00e+00	5.37e-27	1.44e-22	2.58e-19	2.19e-16	6.50e-14	4.56e-10	2.93e-07	3.96e-05	1.08e-03	1.61e-02	8.34e-02	1.54e-01	1.88e-01	4.87e-01	6.71e-02	2.89e-03
 3.85695e+22	0.00e+00	7.49e-27	1.94e-22	3.36e-19	2.75e-16	7.84e-14	5.39e-10	3.44e-07	4.57e-05	1.22e-03	1.77e-02	8.94e-02	1.61e-01	1.90e-01	4.75e-01	6.34e-02	2.64e-03
 3.91965e+22	0.00e+00	1.14e-26	2.83e-22	4.70e-19	3.66e-16	9.96e-14	6.66e-10	4.21e-07	5.47e-05	1.41e-03	1.98e-02	9.73e-02	1.69e-01	1.91e-01	4.60e-01	5.89e-02	2.35e-03
 3.98552e+22	0.00e+00	1.77e-26	4.20e-22	6.66e-19	4.95e-16	1.28e-13	8.30e-10	5.19e-07	6.59e-05	1.64e-03	2.23e-02	1.06e-01	1.77e-01	1.92e-01	4.44e-01	5.43e-02	2.08e-03
 4.04104e+22	0.00e+00	2.55e-26	5.81e-22	8.88e-19	6.34e-16	1.57e-13	9.93e-10	6.16e-07	7.67e-05	1.86e-03	2.45e-02	1.14e-01	1.84e-01	1.93e-01	4.30e-01	5.07e-02	1.87e-03
 4.08808e+22	0.00e+00	3.45e-26	7.64e-22	1.13e-18	7.80e-16	1.87e-13	1.15e-09	7.09e-07	8.70e-05	2.06e-03	2.65e-02	1.20e-01	1.90e-01	1.93e-01	4.18e-01	4.78e-02	1.71e-03
 4.13859e+22	0.00e+00	4.64e-26	9.97e-22	1.43e-18	9.57e-16	2.22e-13	1.34e-09	8.15e-07	9.83e-05	2.27e-03	2.86e-02	1.27e-01	1.95e-01	1.93e-01	4.07e-01	4.51e-02	1.57e-03
 4.20426e+22	0.00e+00	6.80e-26	1.41e-21	1.94e-18	1.24e-15	2.76e-13	1.61e-09	9.72e-07	1.15e-04	2.58e-03	3.14e-02	1.36e-01	2.02e-01	1.93e-01	3.92e-01	4.18e-02	1.40e-03
 4.27242e+22	0.00e+00	1.01e-25	2.01e-21	2.67e-18	1.64e-15	3.47e-13	1.96e-09	1.17e-06	1.35e-04	2.94e-03	3.46e-02	1.45e-01	2.10e-01	1.92e-01	3.75e-01	3.84e-02	1.23e-03
 4.32837e+22	0.00e+00	1.40e-25	2.70e-21	3.46e-18	2.05e-15	4.18e-13	2.29e-09	1.35e-06	1.54e-04	3.26e-03	3.75e-02	1.54e-01	2.15e-01	1.91e-01	3.62e-01	3.58e-02	1.11e-03
 4.38564e+22	0.00e+00	1.89e-25	3.53e-21	4.40e-18	2.52e-15	4.98e-13	2.66e-09	1.55e-06	1.73e-04	3.58e-03	4.02e-02	1.61e-01	2.20e-01	1.90e-01	3.50e-01	3.36e-02	1.01e-03
 4.46009e+22	0.00e+00	2.78e-25	5.00e-21	5.99e-18	3.29e-15	6.23e-13	3.20e-09	1.85e-06	2.02e-04	4.05e-03	4.39e-02	1.71e-01	2.26e-01	1.89e-01	3.34e-01	3.08e-02	8.90e-04
 4.53790e+22	0.00e+00	4.16e-25	7.21e-21	8.28e-18	4.36e-15	7.89e-13	3.90e-09	2.21e-06	2.36e-04	4.59e-03	4.82e-02	1.82e-01	2.32e-01	1.86e-01	3.17e-01	2.80e-02	7.77e-04
 4.60260e+22	0.00e+00	5.80e-25	9.72e-21	1.08e-17	5.49e-15	9.56e-13	4.57e-09	2.57e-06	2.69e-04	5.08e-03	5.18e-02	1.91e-01	2.37e-01	1.84e-01	3.03e-01	2.59e-02	6.93e-04
 4.66922e+22	0.00e+00	7.89e-25	1.28e-20	1.38e-17	6.81e-15	1.15e-12	5.32e-09	2.94e-06	3.03e-04	5.57e-03	5.54e-02	2.00e-01	2.41e-01	1.82e-01	2.91e-01	2.40e-02	6.23e-04
 4.74310e+22	0.00e+00	1.12e-24	1.76e-20	1.83e-17	8.68e-15	1.41e-12	6.30e-09	3.43e-06	3.46e-04	6.18e-03	5.97e-02	2.10e-01	2.46e-01	1.79e-01	2.77e-01	2.20e-02	5.51e-04
 4.80986e+22	0.00e+00	1.53e-24	2.34e-20	2.36e-17	1.08e-14	1.69e-12	7.32e-09	3.94e-06	3.89e-04	6.78e-03	6.38e-02	2.19e-01	2.49e-01	1.76e-01	2.64e-01	2.03e-02	4.91e-04
 4.86940e+22	0.00e+00	1.98e-24	2.95e-20	2.91e-17	1.30e-14	1.97e-12	8.32e-09	4.42e-06	4.29e-04	7.32e-03	6.72e-02	2.26e-01	2.52e-01	1.74e-01	2.54e-01	1.90e-02	4.48e-04
 4.93611e+22	0.00e+00	2.63e-24	3.82e-20	3.65e-17	1.58e-14	2.33e-12	9.54e-09	5.00e-06	4.77e-04	7.94e-03	7.12e-02	2.34e-01	2.54e-01	1.71e-01	2.43e-01	1.76e-02	4.03e-04
 5.02282e+22	0.00e+00	3.76e-24	5.27e-20	4.87e-17	2.03e-14	2.88e-12	1.13e-08	5.84e-06	5.45e-04	8.79e-03	7.64e-02	2.45e-01	2.57e-01	1.67e-01	2.29e-01	1.60e-02	3.52e-04
 5.11351e+22	0.00e+00	5.47e-24	7.41e-20	6.60e-17	2.64e-14	3.60e-12	1.36e-08	6.88e-06	6.25e-04	9.77e-03	8.21e-02	2.55e-01	2.60e-01	1.63e-01	2.15e-01	1.44e-02	3.05e-04
 5.18903e+22	0.00e+00	7.41e-24	9.76e-20	8.44e-17	3.27e-14	4.31e-12	1.58e-08	7.85e-06	6.99e-04	1.06e-02	8.69e-02	2.64e-01	2.61e-01	1.59e-01	2.04e-01	1.33e-02	2.71e-04
 5.26690e+22	0.00e+00	9.94e-24	1.27e-19	1.07e-16	4.03e-14	5.13e-12	1.82e-08	8.90e-06	7.77e-04	1.15e-02	9.18e-02	2.72e-01	2.62e-01	1.55e-01	1.94e-01	1.22e-02	2.42e-04
 5.36813e+22	3.12e-30	1.43e-23	1.77e-19	1.44e-16	5.21e-14	6.39e-12	2.18e-08	1.04e-05	8.86e-04	1.27e-02	9.80e-02	2.83e-01	2.63e-01	1.50e-01	1.81e-01	1.10e-02	2.09e-04
 5.47501e+22	4.70e-30	2.12e-23	2.53e-19	1.98e-16	6.88e-14	8.08e-12	2.64e-08	1.23e-05	1.02e-03	1.41e-02	1.05e-01	2.93e-01	2.63e-01	1.45e-01	1.68e-01	9.75e-03	1.78e-04
 5.56487e+22	6.55e-30	2.92e-23	3.38e-19	2.56e-16	8.62e-14	9.79e-12	3.09e-08	1.41e-05	1.14e-03	1.54e-02	1.11e-01	3.02e-01	2.63e-01	1.40e-01	1.58e-01	8.85e-03	1.56e-04
 5.64199e+22	8.60e-30	3.80e-23	4.30e-19	3.18e-16	1.04e-13	1.15e-11	3.51e-08	1.58e-05	1.25e-03	1.64e-02	1.16e-01	3.09e-01	2.63e-01	1.37e-01	1.50e-01	8.16e-03	1.40e-04
 5.72689e+22	1.14e-29	4.99e-23	5.51e-19	3.96e-16	1.26e-13	1.35e-11	4.02e-08	1.77e-05	1.37e-03	1.76e-02	1.21e-01	3.16e-01	2.62e-01	1.33e-01	1.42e-01	7.50e-03	1.25e-04
 5.83726e+22	1.64e-29	7.06e-23	7.55e-19	5.25e-16	1.61e-13	1.67e-11	4.77e-08	2.05e-05	1.55e-03	1.92e-02	1.28e-01	3.24e-01	2.60e-01	1.28e-01	1.32e-01	6.71e-03	1.08e-04
 5.95431e+22	2.40e-29	1.02e-22	1.06e-18	7.10e-16	2.10e-13	2.08e-11	5.72e-08	2.40e-05	1.76e-03	2.11e-02	1.36e-01	3.33e-01	2.58e-01	1.22e-01	1.22e-01	5.96e-03	9.17e-05
 6.05449e+22	3.29e-29	1.39e-22	1.40e-18	9.12e-16	2.61e-13	2.51e-11	6.66e-08	2.73e-05	1.95e-03	2.28e-02	1.42e-01	3.40e-01	2.56e-01	1.18e-01	1.14e-01	5.38e-03	8.02e-05
 6.15918e+22	4.46e-29	1.87e-22	1.83e-18	1.16e-15	3.22e-13	3.00e-11	7.71e-08	3.09e-05	2.16e-03	2.44e-02	1.48e-01	3.46e-01	2.54e-01	1.13e-01	1.07e-01	4.88e-03	7.04e-05
 6.29528e+22	6.55e-29	2.72e-22	2.57e-18	1.58e-15	4.21e-13	3.77e-11	9.27e-08	3.61e-05	2.44e-03	2.67e-02	1.56e-01	3.54e-01	2.50e-01	1.08e-01	9.82e-02	4.30e-03	5.95e-05
 6.43985e+22	9.85e-29	4.08e-22	3.71e-18	2.19e-15	5.60e-13	4.81e-11	1.13e-07	4.27e-05	2.79e-03	2.94e-02	1.65e-01	3.62e-01	2.46e-01	1.02e-01	8.94e-02	3.74e-03	4.96e-05
 6.56414e+22	1.38e-28	5.69e-22	5.03e-18	2.87e-15	7.11e-13	5.89e-11	1.33e-07	4.91e-05	3.11e-03	3.17e-02	1.73e-01	3.67e-01	2.42e-01	9.70e-02	8.26e-02	3.33e-03	4.26e-05
 6.69445e+22	1.92e-28	7.88e-22	6.76e-18	3.74e-15	8.96e-13	7.17e-11	1.57e-07	5.61e-05	3.46e-03	3.42e-02	1.80e-01	3.73e-01	2.38e-01	9.24e-02	7.63e-02	2.97e-03	3.66e-05
 6.83967e+22	2.74e-28	1.13e-21	9.34e-18	5.00e-15	1.15e-12	8.91e-11	1.87e-07	6.49e-05	3.88e-03	3.70e-02	1.89e-01	3.78e-01	2.33e-01	8.74e-02	6.99e-02	2.62e-03	3.10e-05
 6.97555e+22	3.82e-28	1.57e-21	1.26e-17	6.55e-15	1.46e-12	1.09e-10	2.20e-07	7.43e-05	4.31e-03	3.98e-02	1.97e-01	3.82e-01	2.28e-01	8.29e-02	6.43e-02	2.32e-03	2.65e-05
 7.10360e+22	5.12e-28	2.10e-21	1.65e-17	8.32e-15	1.80e-12	1.30e-10	2.55e-07	8.38e-05	4.73e-03	4.24e-02	2.04e-01	3.85e-01	2.23e-01	7.90e-02	5.96e-02	2.08e-03	2.30e-05
 7.25023e+22	7.11e-28	2.91e-21	2.22e-17	1.09e-14	2.27e-12	1.59e-10	2.99e-07	9.57e-05	5.24e-03	4.55e-02	2.11e-01	3.89e-01	2.18e-01	7.47e-02	5.48e-02	1.84e-03	1.97e-05
 7.41396e+22	1.01e-27	4.16e-21	3.06e-17	1.45e-14	2.93e-12	1.97e-10	3.56e-07	1.11e-04	5.85e-03	4.90e-02	2.20e-01	3.92e-01	2.12e-01	7.02e-02	4.99e-02	1.61e-03	1.66e-05
 7.56701e+22	1.39e-27	5.74e-21	4.10e-17	1.88e-14	3.68e-12	2.39e-10	4.18e-07	1.26e-04	6.47e-03	5.24e-02	2.28e-01	3.94e-01	2.06e-01	6.63e-02	4.57e-02	1.43e-03	1.41e-05
 7.71107e+22	1.85e-27	7.70e-21	5.36e-17	2.39e-14	4.53e-12	2.86e-10	4.82e-07	1.42e-04	7.08e-03	5.57e-02	2.35e-01	3.95e-01	2.01e-01	6.28e-02	4.22e-02	1.28e-03	1.22e-05
 7.87638e+22	2.55e-27	1.06e-20	7.17e-17	3.10e-14	5.69e-12	3.47e-10	5.65e-07	1.61e-04	7.80e-03	5.94e-02	2.42e-01	3.96e-01	1.95e-01	5.91e-02	3.86e-02	1.12e-03	1.04e-05
 8.09128e+22	3.74e-27	1.57e-20	1.02e-16	4.26e-14	7.51e-12	4.40e-10	6.84e-07	1.88e-04	8.77e-03	6.41e-02	2.52e-01	3.97e-01	1.88e-01	5.48e-02	3.45e-02	9.64e-04	8.52e-06
 8.31287e+22	5.55e-27	2.35e-20	1.48e-16	5.92e-14	1.00e-11	5.62e-10	8.35e-07	2.21e-04	9.90e-03	6.94e-02	2.61e-01	3.97e-01	1.80e-01	5.06e-02	3.08e-02	8.21e-04	6.94e-06
 8.49252e+22	7.64e-27	3.27e-20	2.00e-16	7.76e-14	1.27e-11	6.86e-10	9.82e-07	2.52e-04	1.09e-02	7.39e-02	2.69e-01	3.96e-01	1.74e-01	4.73e-02	2.79e-02	7.17e-04	5.83e-06
 8.67542e+22	1.02e-26	4.40e-20	2.61e-16	9.87e-14	1.56e-11	8.21e-10	1.13e-06	2.83e-04	1.19e-02	7.81e-02	2.76e-01	3.95e-01	1.68e-01	4.45e-02	2.56e-02	6.35e-04	5.00e-06
 8.91319e+22	1.46e-26	6.37e-20	3.65e-16	1.33e-13	2.03e-11	1.03e-09	1.36e-06	3.27e-04	1.32e-02	8.36e-02	2.84e-01	3.93e-01	1.61e-01	4.11e-02	2.29e-02	5.44e-04	4.11e-06
 9.16956e+22	2.18e-26	9.64e-20	5.32e-16	1.87e-13	2.73e-11	1.32e-09	1.66e-06	3.84e-04	1.49e-02	9.01e-02	2.93e-01	3.90e-01	1.53e-01	3.75e-02	2.01e-02	4.56e-04	3.28e-06
 9.39041e+22	3.03e-26	1.36e-19	7.27e-16	2.47e-13	3.48e-11	1.62e-09	1.96e-06	4.38e-04	1.64e-02	9.57e-02	3.00e-01	3.87e-01	1.47e-01	3.48e-02	1.81e-02	3.94e-04	2.72e-06
 9.61778e+22	4.11e-26	1.86e-19	9.70e-16	3.20e-13	4.36e-11	1.96e-09	2.29e-06	4.96e-04	1.80e-02	1.01e-01	3.07e-01	3.84e-01	1.41e-01	3.23e-02	1.63e-02	3.43e-04	2.29e-06
 9.91336e+22	5.96e-26	2.74e-19	1.38e-15	4.37e-13	5.72e-11	2.48e-09	2.76e-06	5.74e-04	2.00e-02	1.08e-01	3.14e-01	3.79e-01	1.34e-01	2.96e-02	1.45e-02	2.90e-04	1.85e-06
 1.02094e+23	8.89e-26	4.18e-19	2.02e-15	6.17e-13	7.74e-11	3.20e-09	3.39e-06	6.76e-04	2.25e-02	1.16e-01	3.22e-01	3.73e-01	1.26e-01	2.67e-02	1.26e-02	2.40e-04	1.46e-06
 1.04271e+23	1.16e-25	5.56e-19	2.62e-15	7.79e-13	9.48e-11	3.80e-09	3.89e-06	7.54e-04	2.43e-02	1.21e-01	3.27e-01	3.69e-01	1.21e-01	2.49e-02	1.14e-02	2.11e-04	1.24e-06
 1.06314e+23	1.47e-25	7.10e-19	3.28e-15	9.52e-13	1.13e-10	4.41e-09	4.39e-06	8.27e-04	2.60e-02	1.26e-01	3.32e-01	3.65e-01	1.16e-01	2.34e-02	1.05e-02	1.89e-04	1.07e-06
 1.08970e+23	1.97e-25	9.68e-19	4.34e-15	1.23e-12	1.41e-10	5.33e-09	5.10e-06	9.31e-04	2.82e-02	1.32e-01	3.37e-01	3.60e-01	1.11e-01	2.17e-02	9.46e-03	1.63e-04	8.95e-07
 1.12423e+23	2.85e-25	1.42e-18	6.15e-15	1.67e-12	1.85e-10	6.71e-09	6.13e-06	1.08e-03	3.13e-02	1.40e-01	3.42e-01	3.53e-01	1.04e-01	1.96e-02	8.30e-03	1.37e-04	7.17e-07
 1.15953e+23	4.05e-25	2.08e-18	8.72e-15	2.29e-12	2.43e-10	8.48e-09	7.39e-06	1.24e-03	3.46e-02	1.49e-01	3.48e-01	3.45e-01	9.78e-02	1.78e-02	7.25e-03	1.14e-04	5.71e-07
 1.18819e+23	5.45e-25	2.85e-18	1.16e-14	2.97e-12	3.05e-10	1.03e-08	8.62e-06	1.40e-03	3.76e-02	1.56e-01	3.52e-01	3.38e-01	9.26e-02	1.63e-02	6.47e-03	9.79e-05	4.71e-07
 1.21782e+23	7.02e-25	3.73e-18	1.49e-14	3.71e-12	3.70e-10	1.21e-08	9.82e-06	1.55e-03	4.03e-02	1.62e-01	3.55e-01	3.32e-01	8.83e-02	1.52e-02	5.87e-03	8.59e-05	4.00e-07
 1.25635e+23	9.55e-25	5.19e-18	2.01e-14	4.86e-12	4.69e-10	1.49e-08	1.15e-05	1.76e-03	4.39e-02	1.69e-01	3.58e-01	3.25e-01	8.32e-02	1.38e-02	5.20e-03	7.30e-05	3.26e-07
 1.29978e+23	1.38e-24	7.70e-18	2.89e-14	6.74e-12	6.25e-10	1.90e-08	1.40e-05	2.04e-03	4.86e-02	1.79e-01	3.61e-01	3.15e-01	7.73e-02	1.24e-02	4.48e-03	5.98e-05	2.54e-07
 1.33933e+23	1.90e-24	1.09e-17	3.99e-14	9.03e-12	8.06e-10	2.36e-08	1.66e-05	2.33e-03	5.31e-02	1.87e-01	3.64e-01	3.06e-01	7.22e-02	1.12e-02	3.92e-03	5.00e-05	2.03e-07
 1.37430e+23	2.46e-24	1.45e-17	5.18e-14	1.14e-11	9.91e-10	2.82e-08	1.91e-05	2.59e-03	5.70e-02	1.94e-01	3.65e-01	2.99e-01	6.82e-02	1.03e-02	3.51e-03	4.32e-05	1.69e-07
 1.41355e+23	3.17e-24	1.91e-17	6.66e-14	1.44e-11	1.21e-09	3.35e-08	2.19e-05	2.88e-03	6.11e-02	2.01e-01	3.66e-01	2.92e-01	6.45e-02	9.44e-03	3.15e-03	3.74e-05	1.41e-07
 1.46457e+23	4.25e-24	2.64e-17	8.98e-14	1.88e-11	1.54e-09	4.10e-08	2.57e-05	3.26e-03	6.62e-02	2.09e-01	3.67e-01	2.83e-01	6.03e-02	8.54e-03	2.76e-03	3.15e-05	0.00e+00
 1.52390e+23	6.00e-24	3.87e-17	1.28e-13	2.59e-11	2.03e-09	5.22e-08	3.11e-05	3.76e-03	7.27e-02	2.19e-01	3.67e-01	2.72e-01	5.55e-02	7.58e-03	2.37e-03	2.56e-05	0.00e+00
 1.58156e+23	8.36e-24	5.60e-17	1.80e-13	3.54e-11	2.68e-09	6.63e-08	3.75e-05	4.34e-03	7.97e-02	2.28e-01	3.66e-01	2.62e-01	5.10e-02	6.72e-03	2.03e-03	2.09e-05	0.00e+00
 1.63375e+23	1.09e-23	7.58e-17	2.38e-13	4.57e-11	3.36e-09	8.04e-08	4.36e-05	4.87e-03	8.57e-02	2.36e-01	3.65e-01	2.53e-01	4.76e-02	6.08e-03	1.78e-03	1.76e-05	0.00e+00
 1.69127e+23	1.38e-23	9.86e-17	3.04e-13	5.72e-11	4.09e-09	9.54e-08	4.99e-05	5.39e-03	9.14e-02	2.43e-01	3.63e-01	2.45e-01	4.47e-02	5.56e-03	1.59e-03	1.52e-05	0.00e+00
 1.75888e+23	1.80e-23	1.34e-16	4.05e-13	7.44e-11	5.16e-09	1.17e-07	5.85e-05	6.07e-03	9.84e-02	2.51e-01	3.61e-01	2.36e-01	4.14e-02	5.00e-03	1.39e-03	1.27e-05	0.00e+00
 1.82886e+23	2.35e-23	1.82e-16	5.38e-13	9.67e-11	6.50e-09	1.43e-07	6.84e-05	6.83e-03	1.06e-01	2.59e-01	3.58e-01	2.26e-01	3.83e-02	4.49e-03	1.21e-03	1.06e-05	0.00e+00
 1.90165e+23	2.95e-23	2.38e-16	6.91e-13	1.22e-10	7.97e-09	1.70e-07	7.85e-05	7.57e-03	1.13e-01	2.65e-01	3.55e-01	2.18e-01	3.57e-02	4.07e-03	1.07e-03	9.00e-06	0.00e+00
 1.97895e+23	3.67e-23	3.09e-16	8.83e-13	1.53e-10	9.75e-09	2.03e-07	9.01e-05	8.39e-03	1.20e-01	2.72e-01	3.52e-01	2.10e-01	3.32e-02	3.69e-03	9.45e-04	7.67e-06	0.00e+00
 2.05934e+23	4.48e-23	3.94e-16	1.11e-12	1.88e-10	1.17e-08	2.39e-07	1.02e-04	9.21e-03	1.27e-01	2.78e-01	3.48e-01	2.02e-01	3.11e-02	3.37e-03	8.42e-04	6.60e-06	0.00e+00
