#depth	Ar	Ar+	Ar+2	Ar+3	Ar+4	Ar+5	Ar+6	Ar+7	Ar+8	Ar+9	Ar+10	Ar+11	Ar+12	Ar+13	Ar+14	Ar+15	Ar+16	Ar+17	Ar+18
 6.17135e+19	0.00e+00	0.00e+00	0.00e+00	0.00e+00	0.00e+00	6.75e-29	5.84e-25	2.43e-21	9.97e-18	1.01e-14	4.61e-12	9.16e-10	1.04e-07	5.58e-06	1.74e-04	4.48e-03	1.77e-01	4.54e-01	3.65e-01
 1.87609e+20	0.00e+00	0.00e+00	0.00e+00	0.00e+00	0.00e+00	2.25e-28	1.69e-24	6.17e-21	2.40e-17	2.29e-14	9.68e-12	1.77e-09	1.86e-07	9.03e-06	2.50e-04	5.73e-03	2.02e-01	4.61e-01	3.32e-01
 2.90012e+20	0.00e+00	0.00e+00	0.00e+00	0.00e+00	0.00e+00	5.73e-28	3.86e-24	1.27e-20	4.75e-17	4.31e-14	1.72e-11	2.96e-09	2.92e-07	1.31e-05	3.30e-04	6.89e-03	2.22e-01	4.65e-01	3.06e-01
 3.58254e+20	0.00e+00	0.00e+00	0.00e+00	0.00e+00	0.00e+00	1.05e-27	6.57e-24	2.02e-20	7.37e-17	6.48e-14	2.50e-11	4.11e-09	3.90e-07	1.66e-05	3.94e-04	7.76e-03	2.35e-01	4.66e-01	2.90e-01
 4.06365e+20	0.00e+00	0.00e+00	0.00e+00	0.00e+00	0.00e+00	1.60e-27	9.53e-24	2.79e-20	1.00e-16	8.64e-14	3.25e-11	5.19e-09	4.78e-07	1.96e-05	4.47e-04	8.43e-03	2.45e-01	4.66e-01	2.79e-01
 4.40225e+20	0.00e+00	0.00e+00	0.00e+00	0.00e+00	1.75e-31	2.11e-27	1.22e-23	3.46e-20	1.23e-16	1.04e-13	3.86e-11	6.04e-09	5.45e-07	2.19e-05	4.84e-04	8.88e-03	2.52e-01	4.66e-01	2.72e-01
 4.76498e+20	0.00e+00	0.00e+00	0.00e+00	0.00e+00	2.45e-31	2.86e-27	1.60e-23	4.38e-20	1.54e-16	1.28e-13	4.66e-11	7.14e-09	6.31e-07	2.47e-05	5.29e-04	9.41e-03	2.59e-01	4.66e-01	2.65e-01
 5.23652e+20	0.00e+00	0.00e+00	0.00e+00	0.00e+00	3.78e-31	4.21e-27	2.25e-23	5.90e-20	2.04e-16	1.67e-13	5.92e-11	8.83e-09	7.59e-07	2.87e-05	5.93e-04	1.01e-02	2.69e-01	4.66e-01	2.55e-01
 5.75611e+20	0.00e+00	0.00e+00	0.00e+00	0.00e+00	6.04e-31	6.40e-27	3.25e-23	8.15e-20	2.78e-16	2.23e-13	7.69e-11	1.11e-08	9.28e-07	3.38e-05	6.69e-04	1.10e-02	2.79e-01	4.65e-01	2.44e-01
 6.23207e+20	0.00e+00	0.00e+00	0.00e+00	0.00e+00	9.20e-31	9.34e-27	4.54e-23	1.09e-19	3.67e-16	2.88e-13	9.72e-11	1.37e-08	1.11e-06	3.92e-05	7.46e-04	1.18e-02	2.89e-01	4.64e-01	2.35e-01
 6.74475e+20	0.00e+00	0.00e+00	0.00e+00	0.00e+00	1.44e-30	1.39e-26	6.46e-23	1.48e-19	4.91e-16	3.78e-13	1.24e-10	1.70e-08	1.34e-06	4.57e-05	8.36e-04	1.27e-02	2.99e-01	4.62e-01	2.26e-01
 7.31257e+20	0.00e+00	0.00e+00	0.00e+00	0.00e+00	2.33e-30	2.14e-26	9.47e-23	2.07e-19	6.75e-16	5.09e-13	1.63e-10	2.16e-08	1.65e-06	5.41e-05	9.45e-04	1.37e-02	3.10e-01	4.60e-01	2.16e-01
 7.83791e+20	0.00e+00	0.00e+00	0.00e+00	0.00e+00	3.61e-30	3.18e-26	1.34e-22	2.80e-19	9.02e-16	6.66e-13	2.08e-10	2.67e-08	1.99e-06	6.29e-05	1.06e-03	1.47e-02	3.20e-01	4.57e-01	2.07e-01
 8.40667e+20	0.00e+00	0.00e+00	0.00e+00	0.00e+00	5.73e-30	4.81e-26	1.93e-22	3.86e-19	1.22e-15	8.85e-13	2.69e-10	3.36e-08	2.42e-06	7.38e-05	1.19e-03	1.58e-02	3.31e-01	4.54e-01	1.97e-01
 9.00358e+20	0.00e+00	0.00e+00	0.00e+00	0.00e+00	9.25e-30	7.39e-26	2.83e-22	5.38e-19	1.68e-15	1.19e-12	3.51e-10	4.24e-08	2.96e-06	8.69e-05	1.34e-03	1.71e-02	3.42e-01	4.51e-01	1.88e-01
 9.51032e+20	0.00e+00	0.00e+00	0.00e+00	0.00e+00	1.38e-29	1.06e-25	3.87e-22	7.08e-19	2.18e-15	1.52e-12	4.38e-10	5.15e-08	3.49e-06	9.95e-05	1.48e-03	1.82e-02	3.52e-01	4.48e-01	1.81e-01
 1.00423e+21	0.00e+00	0.00e+00	0.00e+00	0.00e+00	2.07e-29	1.52e-25	5.36e-22	9.40e-19	2.86e-15	1.95e-12	5.50e-10	6.29e-08	4.15e-06	1.14e-04	1.63e-03	1.93e-02	3.62e-01	4.44e-01	1.73e-01
 1.07339e+21	0.00e+00	0.00e+00	0.00e+00	0.00e+00	3.49e-29	2.43e-25	8.11e-22	1.35e-18	4.04e-15	2.68e-12	7.35e-10	8.10e-08	5.16e-06	1.36e-04	1.86e-03	2.09e-02	3.74e-01	4.39e-01	1.64e-01
 1.14357e+21	0.00e+00	0.00e+00	0.00e+00	0.00e+00	5.85e-29	3.87e-25	1.22e-21	1.93e-18	5.70e-15	3.69e-12	9.81e-10	1.04e-07	6.40e-06	1.62e-04	2.10e-03	2.26e-02	3.86e-01	4.34e-01	1.55e-01
 1.20004e+21	0.00e+00	0.00e+00	0.00e+00	0.00e+00	8.80e-29	5.59e-25	1.69e-21	2.57e-18	7.47e-15	4.75e-12	1.23e-09	1.27e-07	7.59e-06	1.86e-04	2.32e-03	2.40e-02	3.96e-01	4.29e-01	1.48e-01
 1.25839e+21	0.00e+00	0.00e+00	0.00e+00	0.00e+00	1.33e-28	8.09e-25	2.35e-21	3.42e-18	9.82e-15	6.12e-12	1.55e-09	1.55e-07	9.00e-06	2.13e-04	2.56e-03	2.55e-02	4.06e-01	4.25e-01	1.41e-01
 1.33426e+21	0.00e+00	0.00e+00	0.00e+00	0.00e+00	2.25e-28	1.30e-24	3.57e-21	4.93e-18	1.39e-14	8.46e-12	2.07e-09	2.00e-07	1.12e-05	2.53e-04	2.91e-03	2.76e-02	4.18e-01	4.18e-01	1.33e-01
 1.40871e+21	0.00e+00	0.00e+00	0.00e+00	0.00e+00	3.73e-28	2.05e-24	5.34e-21	7.01e-18	1.95e-14	1.16e-11	2.74e-09	2.56e-07	1.38e-05	2.99e-04	3.27e-03	2.96e-02	4.30e-01	4.11e-01	1.25e-01
 1.46495e+21	0.00e+00	0.00e+00	0.00e+00	0.00e+00	5.43e-28	2.86e-24	7.20e-21	9.10e-18	2.50e-14	1.45e-11	3.38e-09	3.06e-07	1.61e-05	3.38e-04	3.58e-03	3.12e-02	4.39e-01	4.06e-01	1.20e-01
 1.52168e+21	0.00e+00	0.00e+00	0.00e+00	0.00e+00	7.88e-28	4.00e-24	9.69e-21	1.18e-17	3.20e-14	1.83e-11	4.16e-09	3.66e-07	1.87e-05	3.81e-04	3.90e-03	3.29e-02	4.47e-01	4.01e-01	1.14e-01
 1.59543e+21	0.00e+00	0.00e+00	0.00e+00	0.00e+00	1.26e-27	6.11e-24	1.41e-20	1.64e-17	4.38e-14	2.45e-11	5.39e-09	4.59e-07	2.26e-05	4.44e-04	4.35e-03	3.51e-02	4.58e-01	3.94e-01	1.08e-01
 1.67402e+21	0.00e+00	0.00e+00	0.00e+00	1.53e-31	2.07e-27	9.54e-24	2.09e-20	2.31e-17	6.09e-14	3.32e-11	7.08e-09	5.82e-07	2.77e-05	5.20e-04	4.87e-03	3.75e-02	4.69e-01	3.87e-01	1.01e-01
 1.74227e+21	0.00e+00	0.00e+00	0.00e+00	2.43e-31	3.15e-27	1.39e-23	2.93e-20	3.10e-17	8.07e-14	4.30e-11	8.94e-09	7.12e-07	3.28e-05	5.95e-04	5.36e-03	3.97e-02	4.78e-01	3.80e-01	9.61e-02
 1.81436e+21	0.00e+00	0.00e+00	0.00e+00	3.93e-31	4.87e-27	2.06e-23	4.14e-20	4.20e-17	1.08e-13	5.62e-11	1.14e-08	8.76e-07	3.91e-05	6.84e-04	5.91e-03	4.20e-02	4.88e-01	3.73e-01	9.08e-02
 1.89514e+21	0.00e+00	0.00e+00	0.00e+00	6.66e-31	7.87e-27	3.17e-23	6.07e-20	5.87e-17	1.48e-13	7.55e-11	1.48e-08	1.10e-06	4.74e-05	7.96e-04	6.58e-03	4.47e-02	4.98e-01	3.65e-01	8.53e-02
 1.97134e+21	0.00e+00	0.00e+00	0.00e+00	1.08e-30	1.23e-26	4.73e-23	8.65e-20	8.01e-17	1.99e-13	9.92e-11	1.89e-08	1.36e-06	5.67e-05	9.15e-04	7.27e-03	4.74e-02	5.07e-01	3.57e-01	8.04e-02
 2.05449e+21	0.00e+00	0.00e+00	0.00e+00	1.82e-30	1.97e-26	7.24e-23	1.26e-19	1.11e-16	2.74e-13	1.33e-10	2.45e-08	1.70e-06	6.84e-05	1.06e-03	8.07e-03	5.03e-02	5.16e-01	3.49e-01	7.54e-02
 2.14125e+21	0.00e+00	0.00e+00	0.00e+00	3.11e-30	3.20e-26	1.12e-22	1.86e-19	1.56e-16	3.78e-13	1.79e-10	3.21e-08	2.14e-06	8.30e-05	1.24e-03	8.97e-03	5.34e-02	5.25e-01	3.41e-01	7.05e-02
 2.21417e+21	0.00e+00	0.00e+00	0.00e+00	4.84e-30	4.78e-26	1.61e-22	2.56e-19	2.07e-16	4.94e-13	2.29e-10	4.00e-08	2.59e-06	9.73e-05	1.40e-03	9.79e-03	5.61e-02	5.33e-01	3.33e-01	6.66e-02
 2.29044e+21	0.00e+00	0.00e+00	0.00e+00	7.60e-30	7.21e-26	2.33e-22	3.56e-19	2.75e-16	6.50e-13	2.95e-10	5.01e-08	3.14e-06	1.15e-04	1.59e-03	1.07e-02	5.90e-02	5.40e-01	3.26e-01	6.28e-02
 2.38959e+21	0.00e+00	0.00e+00	0.00e+00	1.35e-29	1.22e-25	3.73e-22	5.40e-19	3.97e-16	9.22e-13	4.07e-10	6.68e-08	4.03e-06	1.41e-04	1.87e-03	1.20e-02	6.28e-02	5.49e-01	3.16e-01	5.82e-02
 2.49055e+21	0.00e+00	0.00e+00	0.00e+00	2.41e-29	2.06e-25	5.98e-22	8.21e-19	5.72e-16	1.31e-12	5.61e-10	8.90e-08	5.15e-06	1.73e-04	2.19e-03	1.34e-02	6.67e-02	5.57e-01	3.06e-01	5.39e-02
 2.57115e+21	0.00e+00	0.00e+00	0.00e+00	3.78e-29	3.10e-25	8.65e-22	1.14e-18	7.61e-16	1.72e-12	7.22e-10	1.11e-07	6.24e-06	2.03e-04	2.48e-03	1.46e-02	7.00e-02	5.63e-01	2.99e-01	5.07e-02
 2.65318e+21	0.00e+00	0.00e+00	0.00e+00	5.93e-29	4.68e-25	1.25e-21	1.58e-18	1.01e-15	2.26e-12	9.29e-10	1.39e-07	7.56e-06	2.38e-04	2.81e-03	1.59e-02	7.33e-02	5.69e-01	2.91e-01	4.76e-02
 2.75982e+21	0.00e+00	0.00e+00	0.00e+00	1.05e-28	7.89e-25	2.00e-21	2.39e-18	1.46e-15	3.20e-12	1.28e-09	1.85e-07	9.66e-06	2.92e-04	3.29e-03	1.77e-02	7.77e-02	5.76e-01	2.81e-01	4.39e-02
 2.86992e+21	0.00e+00	0.00e+00	0.00e+00	1.89e-28	1.34e-24	3.23e-21	3.65e-18	2.10e-15	4.56e-12	1.77e-09	2.48e-07	1.24e-05	3.59e-04	3.85e-03	1.97e-02	8.23e-02	5.82e-01	2.71e-01	4.04e-02
 2.96065e+21	0.00e+00	0.00e+00	0.00e+00	3.03e-28	2.06e-24	4.75e-21	5.14e-18	2.83e-15	6.07e-12	2.31e-09	3.13e-07	1.51e-05	4.23e-04	4.38e-03	2.15e-02	8.62e-02	5.87e-01	2.63e-01	3.77e-02
 3.03709e+21	0.00e+00	0.00e+00	0.00e+00	4.49e-28	2.95e-24	6.54e-21	6.82e-18	3.63e-15	7.70e-12	2.87e-09	3.80e-07	1.78e-05	4.86e-04	4.87e-03	2.32e-02	8.95e-02	5.90e-01	2.56e-01	3.56e-02
 3.11886e+21	0.00e+00	0.00e+00	0.00e+00	6.80e-28	4.29e-24	9.17e-21	9.20e-18	4.70e-15	9.89e-12	3.62e-09	4.67e-07	2.12e-05	5.62e-04	5.44e-03	2.50e-02	9.30e-02	5.94e-01	2.49e-01	3.34e-02
 3.22516e+21	0.00e+00	0.00e+00	0.00e+00	1.15e-27	6.92e-24	1.41e-20	1.34e-17	6.54e-15	1.36e-11	4.84e-09	6.05e-07	2.65e-05	6.74e-04	6.25e-03	2.75e-02	9.77e-02	5.97e-01	2.40e-01	3.09e-02
 3.33319e+21	0.00e+00	0.00e+00	2.07e-31	1.95e-27	1.12e-23	2.17e-20	1.97e-17	9.11e-15	1.87e-11	6.49e-09	7.85e-07	3.31e-05	8.10e-04	7.20e-03	3.02e-02	1.02e-01	6.00e-01	2.31e-01	2.84e-02
 3.41941e+21	0.00e+00	0.00e+00	3.26e-31	2.95e-27	1.63e-23	3.04e-20	2.65e-17	1.18e-14	2.40e-11	8.18e-09	9.63e-07	3.93e-05	9.35e-04	8.03e-03	3.25e-02	1.06e-01	6.02e-01	2.24e-01	2.66e-02
 3.50744e+21	0.00e+00	0.00e+00	5.14e-31	4.48e-27	2.38e-23	4.27e-20	3.58e-17	1.53e-14	3.09e-11	1.03e-08	1.18e-06	4.68e-05	1.08e-03	8.96e-03	3.49e-02	1.10e-01	6.03e-01	2.17e-01	2.49e-02
 3.60059e+21	0.00e+00	0.00e+00	8.27e-31	6.93e-27	3.54e-23	6.09e-20	4.89e-17	2.01e-14	4.02e-11	1.31e-08	1.46e-06	5.62e-05	1.25e-03	1.00e-02	3.77e-02	1.14e-01	6.04e-01	2.09e-01	2.32e-02
 3.68024e+21	0.00e+00	0.00e+00	1.24e-30	1.00e-26	4.95e-23	8.23e-20	6.38e-17	2.53e-14	5.02e-11	1.61e-08	1.76e-06	6.56e-05	1.42e-03	1.11e-02	4.02e-02	1.18e-01	6.05e-01	2.03e-01	2.18e-02
 3.76362e+21	0.00e+00	0.00e+00	1.88e-30	1.47e-26	6.99e-23	1.12e-19	8.38e-17	3.20e-14	6.31e-11	1.99e-08	2.12e-06	7.68e-05	1.62e-03	1.22e-02	4.29e-02	1.22e-01	6.05e-01	1.96e-01	2.05e-02
 3.85724e+21	0.00e+00	0.00e+00	2.96e-30	2.23e-26	1.02e-22	1.58e-19	1.13e-16	4.15e-14	8.11e-11	2.51e-08	2.60e-06	9.14e-05	1.87e-03	1.36e-02	4.61e-02	1.26e-01	6.04e-01	1.90e-01	1.91e-02
 3.94542e+21	0.00e+00	0.00e+00	4.55e-30	3.31e-26	1.46e-22	2.17e-19	1.50e-16	5.28e-14	1.03e-10	3.12e-08	3.15e-06	1.08e-04	2.14e-03	1.50e-02	4.92e-02	1.30e-01	6.03e-01	1.83e-01	1.79e-02
 4.02749e+21	0.00e+00	0.00e+00	6.75e-30	4.75e-26	2.03e-22	2.91e-19	1.94e-16	6.60e-14	1.27e-10	3.80e-08	3.76e-06	1.25e-04	2.41e-03	1.65e-02	5.23e-02	1.33e-01	6.02e-01	1.77e-01	1.68e-02
 4.10421e+21	0.00e+00	0.00e+00	9.74e-30	6.64e-26	2.75e-22	3.81e-19	2.46e-16	8.10e-14	1.56e-10	4.57e-08	4.42e-06	1.43e-04	2.70e-03	1.79e-02	5.52e-02	1.37e-01	6.00e-01	1.72e-01	1.58e-02
 4.17613e+21	0.00e+00	0.00e+00	1.36e-29	9.03e-26	3.63e-22	4.90e-19	3.06e-16	9.79e-14	1.87e-10	5.42e-08	5.14e-06	1.63e-04	3.00e-03	1.94e-02	5.81e-02	1.40e-01	5.98e-01	1.67e-01	1.50e-02
 4.25799e+21	0.00e+00	0.00e+00	2.00e-29	1.28e-25	4.98e-22	6.50e-19	3.93e-16	1.21e-13	2.31e-10	6.57e-08	6.09e-06	1.88e-04	3.37e-03	2.12e-02	6.15e-02	1.43e-01	5.95e-01	1.61e-01	1.40e-02
 4.34813e+21	0.00e+00	0.00e+00	3.03e-29	1.88e-25	7.03e-22	8.84e-19	5.14e-16	1.53e-13	2.89e-10	8.10e-08	7.33e-06	2.19e-04	3.82e-03	2.33e-02	6.53e-02	1.47e-01	5.92e-01	1.55e-01	1.31e-02
 4.43022e+21	0.00e+00	0.00e+00	4.41e-29	2.64e-25	9.60e-22	1.17e-18	6.56e-16	1.88e-13	3.55e-10	9.77e-08	8.65e-06	2.52e-04	4.29e-03	2.53e-02	6.90e-02	1.50e-01	5.89e-01	1.50e-01	1.23e-02
 4.50602e+21	0.00e+00	0.00e+00	6.22e-29	3.62e-25	1.28e-21	1.50e-18	8.19e-16	2.28e-13	4.28e-10	1.16e-07	1.01e-05	2.87e-04	4.76e-03	2.74e-02	7.25e-02	1.53e-01	5.85e-01	1.45e-01	1.15e-02
 4.59246e+21	0.00e+00	0.00e+00	9.14e-29	5.15e-25	1.75e-21	2.00e-18	1.05e-15	2.82e-13	5.27e-10	1.41e-07	1.19e-05	3.31e-04	5.35e-03	2.98e-02	7.65e-02	1.57e-01	5.81e-01	1.39e-01	1.08e-02
 4.68891e+21	0.00e+00	0.00e+00	1.40e-28	7.62e-25	2.50e-21	2.74e-18	1.38e-15	3.57e-13	6.64e-10	1.74e-07	1.44e-05	3.88e-04	6.08e-03	3.28e-02	8.12e-02	1.60e-01	5.75e-01	1.34e-01	9.99e-03
 4.77805e+21	0.00e+00	0.00e+00	2.08e-28	1.09e-24	3.46e-21	3.66e-18	1.78e-15	4.43e-13	8.21e-10	2.12e-07	1.71e-05	4.48e-04	6.83e-03	3.58e-02	8.57e-02	1.64e-01	5.70e-01	1.28e-01	9.30e-03
 4.85524e+21	0.00e+00	0.00e+00	2.91e-28	1.48e-24	4.56e-21	4.68e-18	2.21e-15	5.33e-13	9.83e-10	2.50e-07	1.99e-05	5.07e-04	7.55e-03	3.85e-02	8.97e-02	1.67e-01	5.65e-01	1.24e-01	8.73e-03
 4.93725e+21	0.00e+00	0.00e+00	4.14e-28	2.05e-24	6.11e-21	6.07e-18	2.77e-15	6.46e-13	1.19e-09	2.98e-07	2.32e-05	5.77e-04	8.38e-03	4.16e-02	9.40e-02	1.69e-01	5.59e-01	1.19e-01	8.17e-03
 5.02901e+21	0.00e+00	0.00e+00	6.13e-28	2.93e-24	8.44e-21	8.09e-18	3.56e-15	7.99e-13	1.47e-09	3.62e-07	2.75e-05	6.66e-04	9.41e-03	4.52e-02	9.90e-02	1.72e-01	5.52e-01	1.14e-01	7.57e-03
 5.11442e+21	0.00e+00	0.00e+00	8.82e-28	4.08e-24	1.14e-20	1.06e-17	4.48e-15	9.73e-13	1.78e-09	4.33e-07	3.22e-05	7.60e-04	1.05e-02	4.88e-02	1.04e-01	1.75e-01	5.45e-01	1.09e-01	7.05e-03
 5.19331e+21	0.00e+00	0.00e+00	1.23e-27	5.53e-24	1.50e-20	1.35e-17	5.53e-15	1.16e-12	2.12e-09	5.10e-07	3.71e-05	8.57e-04	1.15e-02	5.24e-02	1.08e-01	1.77e-01	5.38e-01	1.05e-01	6.60e-03
 5.28276e+21	0.00e+00	0.00e+00	1.78e-27	7.77e-24	2.03e-20	1.77e-17	7.01e-15	1.42e-12	2.58e-09	6.12e-07	4.36e-05	9.80e-04	1.28e-02	5.66e-02	1.13e-01	1.80e-01	5.30e-01	1.00e-01	6.12e-03
 5.38166e+21	0.00e+00	0.00e+00	2.69e-27	1.13e-23	2.85e-20	2.38e-17	9.08e-15	1.77e-12	3.21e-09	7.47e-07	5.19e-05	1.13e-03	1.44e-02	6.16e-02	1.19e-01	1.82e-01	5.20e-01	9.51e-02	5.62e-03
 5.47192e+21	0.00e+00	0.00e+00	3.90e-27	1.58e-23	3.86e-20	3.12e-17	1.15e-14	2.16e-12	3.90e-09	8.94e-07	6.09e-05	1.29e-03	1.60e-02	6.65e-02	1.24e-01	1.84e-01	5.11e-01	9.06e-02	5.19e-03
 5.55471e+21	0.00e+00	0.00e+00	5.46e-27	2.15e-23	5.09e-20	3.98e-17	1.42e-14	2.58e-12	4.65e-09	1.05e-06	7.02e-05	1.46e-03	1.76e-02	7.11e-02	1.29e-01	1.86e-01	5.03e-01	8.66e-02	4.83e-03
 5.64868e+21	0.00e+00	0.00e+00	7.98e-27	3.04e-23	6.94e-20	5.25e-17	1.80e-14	3.15e-12	5.66e-09	1.26e-06	8.24e-05	1.67e-03	1.96e-02	7.67e-02	1.35e-01	1.88e-01	4.92e-01	8.22e-02	4.44e-03
 5.74938e+21	0.00e+00	0.00e+00	1.20e-26	4.40e-23	9.67e-20	7.03e-17	2.32e-14	3.89e-12	6.97e-09	1.53e-06	9.76e-05	1.92e-03	2.19e-02	8.30e-02	1.41e-01	1.89e-01	4.81e-01	7.76e-02	4.05e-03
 5.83733e+21	0.00e+00	0.00e+00	1.71e-26	6.09e-23	1.30e-19	9.10e-17	2.89e-14	4.69e-12	8.37e-09	1.82e-06	1.13e-04	2.17e-03	2.42e-02	8.89e-02	1.47e-01	1.91e-01	4.70e-01	7.36e-02	3.73e-03
 5.91533e+21	0.00e+00	0.00e+00	2.31e-26	8.01e-23	1.66e-19	1.13e-16	3.49e-14	5.49e-12	9.77e-09	2.09e-06	1.28e-04	2.41e-03	2.62e-02	9.41e-02	1.51e-01	1.91e-01	4.61e-01	7.04e-02	3.48e-03
 6.00188e+21	0.00e+00	0.00e+00	3.24e-26	1.09e-22	2.19e-19	1.45e-16	4.31e-14	6.55e-12	1.16e-08	2.46e-06	1.48e-04	2.70e-03	2.87e-02	1.00e-01	1.56e-01	1.92e-01	4.50e-01	6.67e-02	3.21e-03
 6.11441e+21	0.00e+00	0.00e+00	5.02e-26	1.62e-22	3.13e-19	1.98e-16	5.65e-14	8.21e-12	1.45e-08	3.01e-06	1.76e-04	3.13e-03	3.22e-02	1.09e-01	1.63e-01	1.92e-01	4.35e-01	6.22e-02	2.88e-03
 6.22695e+21	0.00e+00	0.00e+00	7.77e-26	2.41e-22	4.46e-19	2.71e-16	7.39e-14	1.03e-11	1.80e-08	3.69e-06	2.10e-04	3.62e-03	3.61e-02	1.17e-01	1.70e-01	1.92e-01	4.20e-01	5.78e-02	2.58e-03
 6.31333e+21	0.00e+00	0.00e+00	1.08e-25	3.26e-22	5.85e-19	3.45e-16	9.07e-14	1.22e-11	2.12e-08	4.30e-06	2.40e-04	4.03e-03	3.93e-02	1.24e-01	1.74e-01	1.92e-01	4.09e-01	5.46e-02	2.37e-03
 6.39943e+21	0.00e+00	0.00e+00	1.50e-25	4.39e-22	7.64e-19	4.36e-16	1.11e-13	1.44e-11	2.49e-08	4.99e-06	2.74e-04	4.49e-03	4.26e-02	1.31e-01	1.79e-01	1.92e-01	3.97e-01	5.16e-02	2.17e-03
 6.51137e+21	0.00e+00	0.00e+00	2.28e-25	6.43e-22	1.08e-18	5.89e-16	1.44e-13	1.78e-11	3.06e-08	6.03e-06	3.23e-04	5.14e-03	4.73e-02	1.41e-01	1.85e-01	1.90e-01	3.81e-01	4.77e-02	1.94e-03
 6.62604e+21	0.00e+00	0.00e+00	3.51e-25	9.51e-22	1.53e-18	8.03e-16	1.87e-13	2.22e-11	3.76e-08	7.31e-06	3.82e-04	5.89e-03	5.25e-02	1.51e-01	1.91e-01	1.89e-01	3.65e-01	4.40e-02	1.72e-03
 6.71850e+21	0.00e+00	1.71e-31	4.96e-25	1.30e-21	2.02e-18	1.03e-15	2.31e-13	2.64e-11	4.43e-08	8.51e-06	4.35e-04	6.56e-03	5.70e-02	1.59e-01	1.95e-01	1.87e-01	3.52e-01	4.11e-02	1.56e-03
 6.81292e+21	0.00e+00	2.46e-31	6.99e-25	1.78e-21	2.68e-18	1.32e-15	2.85e-13	3.15e-11	5.22e-08	9.90e-06	4.96e-04	7.29e-03	6.18e-02	1.68e-01	1.99e-01	1.85e-01	3.38e-01	3.83e-02	1.41e-03
 6.93567e+21	0.00e+00	3.93e-31	1.09e-24	2.66e-21	3.85e-18	1.81e-15	3.74e-13	3.94e-11	6.43e-08	1.20e-05	5.86e-04	8.34e-03	6.84e-02	1.79e-01	2.04e-01	1.82e-01	3.21e-01	3.49e-02	1.24e-03
 7.06006e+21	0.00e+00	6.30e-31	1.71e-24	4.00e-21	5.54e-18	2.49e-15	4.92e-13	4.93e-11	7.91e-08	1.45e-05	6.91e-04	9.52e-03	7.56e-02	1.90e-01	2.09e-01	1.79e-01	3.03e-01	3.17e-02	1.08e-03
 7.15787e+21	0.00e+00	9.10e-31	2.41e-24	5.48e-21	7.36e-18	3.20e-15	6.08e-13	5.88e-11	9.28e-08	1.68e-05	7.84e-04	1.05e-02	8.15e-02	1.99e-01	2.12e-01	1.76e-01	2.90e-01	2.93e-02	9.65e-04
 7.25634e+21	0.00e+00	1.31e-30	3.40e-24	7.49e-21	9.74e-18	4.09e-15	7.50e-13	6.99e-11	1.08e-07	1.94e-05	8.86e-04	1.16e-02	8.76e-02	2.08e-01	2.15e-01	1.73e-01	2.76e-01	2.71e-02	8.64e-04
 7.38436e+21	0.00e+00	2.08e-30	5.28e-24	1.12e-20	1.39e-17	5.62e-15	9.82e-13	8.72e-11	1.32e-07	2.33e-05	1.04e-03	1.32e-02	9.59e-02	2.20e-01	2.18e-01	1.68e-01	2.59e-01	2.44e-02	7.47e-04
 7.51759e+21	0.00e+00	3.36e-30	8.30e-24	1.69e-20	2.02e-17	7.78e-15	1.30e-12	1.10e-10	1.62e-07	2.81e-05	1.21e-03	1.49e-02	1.05e-01	2.32e-01	2.20e-01	1.63e-01	2.42e-01	2.18e-02	6.40e-04
 7.62304e+21	0.00e+00	4.88e-30	1.18e-23	2.32e-20	2.69e-17	1.00e-14	1.61e-12	1.31e-10	1.89e-07	3.23e-05	1.37e-03	1.64e-02	1.12e-01	2.41e-01	2.22e-01	1.59e-01	2.28e-01	1.99e-02	5.66e-04
 7.70992e+21	0.00e+00	6.65e-30	1.58e-23	3.04e-20	3.43e-17	1.24e-14	1.93e-12	1.52e-10	2.15e-07	3.64e-05	1.51e-03	1.77e-02	1.19e-01	2.48e-01	2.23e-01	1.55e-01	2.17e-01	1.84e-02	5.09e-04
 7.80725e+21	0.00e+00	9.18e-30	2.15e-23	4.01e-20	4.40e-17	1.55e-14	2.32e-12	1.77e-10	2.45e-07	4.10e-05	1.67e-03	1.92e-02	1.26e-01	2.56e-01	2.23e-01	1.51e-01	2.06e-01	1.70e-02	4.56e-04
 7.93378e+21	0.00e+00	1.40e-29	3.20e-23	5.76e-20	6.10e-17	2.06e-14	2.97e-12	2.17e-10	2.92e-07	4.80e-05	1.90e-03	2.13e-02	1.35e-01	2.65e-01	2.23e-01	1.45e-01	1.92e-01	1.52e-02	3.94e-04
 8.06540e+21	0.00e+00	2.16e-29	4.81e-23	8.36e-20	8.53e-17	2.77e-14	3.83e-12	2.67e-10	3.48e-07	5.62e-05	2.17e-03	2.36e-02	1.45e-01	2.75e-01	2.23e-01	1.40e-01	1.78e-01	1.36e-02	3.37e-04
 8.17505e+21	0.00e+00	3.07e-29	6.70e-23	1.13e-19	1.12e-16	3.53e-14	4.70e-12	3.16e-10	4.01e-07	6.38e-05	2.41e-03	2.56e-02	1.53e-01	2.82e-01	2.22e-01	1.35e-01	1.67e-01	1.23e-02	2.96e-04
 8.28903e+21	0.00e+00	4.38e-29	9.37e-23	1.54e-19	1.48e-16	4.51e-14	5.79e-12	3.76e-10	4.63e-07	7.25e-05	2.68e-03	2.77e-02	1.62e-01	2.90e-01	2.20e-01	1.30e-01	1.57e-01	1.11e-02	2.60e-04
 8.43721e+21	0.00e+00	6.88e-29	1.43e-22	2.27e-19	2.10e-16	6.15e-14	7.55e-12	4.68e-10	5.55e-07	8.51e-05	3.06e-03	3.07e-02	1.73e-01	2.98e-01	2.18e-01	1.24e-01	1.43e-01	9.79e-03	2.19e-04
 8.58821e+21	0.00e+00	1.08e-28	2.19e-22	3.35e-19	2.98e-16	8.40e-14	9.85e-12	5.82e-10	6.64e-07	9.98e-05	3.48e-03	3.38e-02	1.84e-01	3.06e-01	2.15e-01	1.17e-01	1.31e-01	8.57e-03	1.83e-04
 8.71005e+21	0.00e+00	1.54e-28	3.05e-22	4.54e-19	3.93e-16	1.07e-13	1.21e-11	6.92e-10	7.65e-07	1.13e-04	3.85e-03	3.65e-02	1.93e-01	3.12e-01	2.12e-01	1.12e-01	1.22e-01	7.70e-03	1.59e-04
 8.83562e+21	0.00e+00	2.19e-28	4.25e-22	6.15e-19	5.17e-16	1.37e-13	1.49e-11	8.23e-10	8.80e-07	1.28e-04	4.24e-03	3.93e-02	2.03e-01	3.17e-01	2.09e-01	1.07e-01	1.13e-01	6.90e-03	1.38e-04
 8.99885e+21	0.00e+00	3.42e-28	6.46e-22	9.03e-19	7.33e-16	1.86e-13	1.95e-11	1.02e-09	1.05e-06	1.49e-04	4.80e-03	4.30e-02	2.14e-01	3.23e-01	2.05e-01	1.01e-01	1.03e-01	6.00e-03	1.15e-04
 9.16764e+21	0.00e+00	5.37e-28	9.86e-22	1.33e-18	1.04e-15	2.55e-13	2.55e-11	1.28e-09	1.26e-06	1.73e-04	5.42e-03	4.71e-02	2.27e-01	3.28e-01	2.00e-01	9.47e-02	9.26e-02	5.18e-03	9.52e-05
 9.30743e+21	0.00e+00	7.72e-28	1.38e-21	1.82e-18	1.38e-15	3.28e-13	3.16e-11	1.53e-09	1.45e-06	1.96e-04	5.98e-03	5.06e-02	2.36e-01	3.32e-01	1.95e-01	8.97e-02	8.52e-02	4.60e-03	8.15e-05
 9.43100e+21	0.00e+00	1.05e-27	1.85e-21	2.38e-18	1.76e-15	4.07e-13	3.81e-11	1.79e-09	1.64e-06	2.18e-04	6.49e-03	5.37e-02	2.45e-01	3.35e-01	1.91e-01	8.55e-02	7.91e-02	4.14e-03	7.12e-05
 9.56972e+21	0.00e+00	1.48e-27	2.54e-21	3.18e-18	2.30e-15	5.16e-13	4.66e-11	2.12e-09	1.88e-06	2.44e-04	7.10e-03	5.73e-02	2.54e-01	3.37e-01	1.87e-01	8.11e-02	7.29e-02	3.69e-03	6.13e-05
 9.72390e+21	0.00e+00	2.15e-27	3.60e-21	4.38e-18	3.07e-15	6.67e-13	5.82e-11	2.54e-09	2.18e-06	2.76e-04	7.81e-03	6.13e-02	2.64e-01	3.39e-01	1.82e-01	7.63e-02	6.65e-02	3.24e-03	5.20e-05
 9.86658e+21	0.00e+00	3.00e-27	4.91e-21	5.83e-18	3.99e-15	8.42e-13	7.11e-11	3.01e-09	2.49e-06	3.08e-04	8.51e-03	6.52e-02	2.73e-01	3.40e-01	1.77e-01	7.21e-02	6.11e-02	2.88e-03	4.47e-05
 9.99997e+21	0.00e+00	4.07e-27	6.52e-21	7.57e-18	5.07e-15	1.04e-12	8.54e-11	3.50e-09	2.81e-06	3.41e-04	9.19e-03	6.88e-02	2.81e-01	3.41e-01	1.72e-01	6.84e-02	5.65e-02	2.58e-03	3.88e-05
 1.01529e+22	0.00e+00	5.71e-27	8.94e-21	1.01e-17	6.61e-15	1.32e-12	1.05e-10	4.15e-09	3.22e-06	3.81e-04	1.00e-02	7.30e-02	2.90e-01	3.41e-01	1.67e-01	6.44e-02	5.17e-02	2.28e-03	3.32e-05
 1.03244e+22	0.00e+00	8.29e-27	1.26e-20	1.40e-17	8.85e-15	1.71e-12	1.31e-10	5.01e-09	3.73e-06	4.30e-04	1.10e-02	7.79e-02	3.00e-01	3.41e-01	1.61e-01	6.02e-02	4.68e-02	1.99e-03	2.78e-05
 1.04856e+22	0.00e+00	1.17e-26	1.74e-20	1.87e-17	1.16e-14	2.18e-12	1.61e-10	5.95e-09	4.28e-06	4.80e-04	1.19e-02	8.25e-02	3.09e-01	3.40e-01	1.55e-01	5.64e-02	4.26e-02	1.75e-03	2.37e-05
 1.06372e+22	0.00e+00	1.59e-26	2.32e-20	2.45e-17	1.48e-14	2.71e-12	1.94e-10	6.96e-09	4.85e-06	5.32e-04	1.29e-02	8.69e-02	3.17e-01	3.39e-01	1.50e-01	5.31e-02	3.91e-02	1.55e-03	2.03e-05
 1.08108e+22	0.00e+00	2.26e-26	3.20e-20	3.29e-17	1.94e-14	3.46e-12	2.40e-10	8.30e-09	5.57e-06	5.95e-04	1.40e-02	9.20e-02	3.26e-01	3.37e-01	1.45e-01	4.96e-02	3.54e-02	1.36e-03	1.72e-05
 1.09923e+22	0.00e+00	3.22e-26	4.46e-20	4.47e-17	2.56e-14	4.44e-12	2.98e-10	9.95e-09	6.43e-06	6.67e-04	1.53e-02	9.74e-02	3.34e-01	3.34e-01	1.39e-01	4.61e-02	3.20e-02	1.18e-03	1.44e-05
 1.11447e+22	0.00e+00	4.32e-26	5.84e-20	5.75e-17	3.22e-14	5.45e-12	3.55e-10	1.15e-08	7.23e-06	7.32e-04	1.64e-02	1.02e-01	3.41e-01	3.32e-01	1.34e-01	4.34e-02	2.94e-02	1.05e-03	1.24e-05
 1.13036e+22	0.00e+00	5.80e-26	7.67e-20	7.40e-17	4.06e-14	6.70e-12	4.25e-10	1.34e-08	8.14e-06	8.04e-04	1.75e-02	1.07e-01	3.48e-01	3.29e-01	1.29e-01	4.08e-02	2.69e-02	9.35e-04	1.07e-05
 1.15102e+22	0.00e+00	8.44e-26	1.08e-19	1.02e-16	5.45e-14	8.71e-12	5.33e-10	1.62e-08	9.46e-06	9.06e-04	1.91e-02	1.13e-01	3.57e-01	3.25e-01	1.23e-01	3.76e-02	2.41e-02	8.03e-04	8.85e-06
 1.17208e+22	0.00e+00	1.23e-25	1.53e-19	1.40e-16	7.30e-14	1.13e-11	6.69e-10	1.96e-08	1.10e-05	1.02e-03	2.08e-02	1.20e-01	3.65e-01	3.20e-01	1.17e-01	3.46e-02	2.15e-02	6.88e-04	7.29e-06
 1.18908e+22	0.00e+00	1.65e-25	2.01e-19	1.81e-16	9.20e-14	1.39e-11	8.00e-10	2.28e-08	1.24e-05	1.12e-03	2.23e-02	1.25e-01	3.71e-01	3.16e-01	1.12e-01	3.24e-02	1.96e-02	6.09e-04	6.25e-06
 1.20660e+22	0.00e+00	2.21e-25	2.64e-19	2.32e-16	1.16e-13	1.71e-11	9.57e-10	2.65e-08	1.39e-05	1.23e-03	2.38e-02	1.30e-01	3.77e-01	3.12e-01	1.07e-01	3.03e-02	1.79e-02	5.38e-04	5.36e-06
 1.22938e+22	0.00e+00	3.21e-25	3.72e-19	3.19e-16	1.55e-13	2.22e-11	1.20e-09	3.21e-08	1.62e-05	1.38e-03	2.59e-02	1.37e-01	3.84e-01	3.06e-01	1.01e-01	2.77e-02	1.59e-02	4.59e-04	4.40e-06
 1.25315e+22	0.00e+00	4.71e-25	5.28e-19	4.42e-16	2.09e-13	2.91e-11	1.51e-09	3.90e-08	1.89e-05	1.55e-03	2.82e-02	1.44e-01	3.90e-01	3.00e-01	9.56e-02	2.53e-02	1.40e-02	3.90e-04	3.58e-06
 1.27315e+22	0.00e+00	6.44e-25	7.04e-19	5.77e-16	2.66e-13	3.62e-11	1.83e-09	4.57e-08	2.14e-05	1.71e-03	3.02e-02	1.51e-01	3.96e-01	2.95e-01	9.09e-02	2.34e-02	1.27e-02	3.40e-04	3.02e-06
 1.29410e+22	0.00e+00	8.83e-25	9.41e-19	7.56e-16	3.41e-13	4.51e-11	2.21e-09	5.37e-08	2.43e-05	1.88e-03	3.23e-02	1.57e-01	4.00e-01	2.89e-01	8.63e-02	2.17e-02	1.14e-02	2.96e-04	2.54e-06
 1.32132e+22	0.00e+00	1.32e-24	1.36e-18	1.06e-15	4.66e-13	5.97e-11	2.82e-09	6.59e-08	2.85e-05	2.13e-03	3.52e-02	1.65e-01	4.06e-01	2.81e-01	8.06e-02	1.96e-02	9.96e-03	2.48e-04	2.04e-06
 1.34790e+22	0.00e+00	1.94e-24	1.93e-18	1.47e-15	6.29e-13	7.81e-11	3.56e-09	8.02e-08	3.32e-05	2.39e-03	3.82e-02	1.73e-01	4.11e-01	2.73e-01	7.54e-02	1.77e-02	8.74e-03	2.09e-04	1.65e-06
 1.36776e+22	0.00e+00	2.56e-24	2.50e-18	1.87e-15	7.82e-13	9.49e-11	4.21e-09	9.24e-08	3.72e-05	2.61e-03	4.05e-02	1.79e-01	4.14e-01	2.67e-01	7.17e-02	1.65e-02	7.94e-03	1.84e-04	1.41e-06
 1.38769e+22	1.66e-31	3.37e-24	3.21e-18	2.36e-15	9.67e-13	1.15e-10	4.96e-09	1.06e-07	4.15e-05	2.83e-03	4.28e-02	1.85e-01	4.16e-01	2.62e-01	6.82e-02	1.53e-02	7.21e-03	1.62e-04	1.21e-06
 1.41361e+22	2.40e-31	4.74e-24	4.38e-18	3.15e-15	1.26e-12	1.45e-10	6.08e-09	1.26e-07	4.74e-05	3.13e-03	4.59e-02	1.93e-01	4.19e-01	2.54e-01	6.41e-02	1.40e-02	6.41e-03	1.39e-04	9.99e-07
 1.44208e+22	3.62e-31	6.92e-24	6.19e-18	4.33e-15	1.69e-12	1.89e-10	7.63e-09	1.53e-07	5.51e-05	3.51e-03	4.96e-02	2.01e-01	4.22e-01	2.46e-01	5.96e-02	1.26e-02	5.60e-03	1.17e-04	8.03e-07
 1.46773e+22	5.17e-31	9.60e-24	8.35e-18	5.72e-15	2.17e-12	2.37e-10	9.29e-09	1.80e-07	6.28e-05	3.86e-03	5.29e-02	2.09e-01	4.23e-01	2.39e-01	5.59e-02	1.15e-02	4.98e-03	1.00e-04	6.65e-07
 1.49494e+22	7.44e-31	1.34e-23	1.13e-17	7.58e-15	2.81e-12	2.98e-10	1.13e-08	2.13e-07	7.15e-05	4.26e-03	5.65e-02	2.16e-01	4.25e-01	2.31e-01	5.24e-02	1.05e-02	4.42e-03	8.56e-05	5.50e-07
 1.53031e+22	1.19e-30	2.06e-23	1.67e-17	1.09e-14	3.91e-12	4.01e-10	1.46e-08	2.64e-07	8.47e-05	4.83e-03	6.15e-02	2.26e-01	4.25e-01	2.21e-01	4.79e-02	9.27e-03	3.77e-03	6.97e-05	4.27e-07
 1.56646e+22	1.89e-30	3.15e-23	2.47e-17	1.56e-14	5.43e-12	5.38e-10	1.88e-08	3.27e-07	1.00e-04	5.46e-03	6.67e-02	2.36e-01	4.25e-01	2.12e-01	4.38e-02	8.19e-03	3.22e-03	5.68e-05	3.32e-07
 1.59437e+22	2.68e-30	4.35e-23	3.30e-17	2.04e-14	6.96e-12	6.71e-10	2.28e-08	3.83e-07	1.13e-04	5.99e-03	7.09e-02	2.43e-01	4.25e-01	2.04e-01	4.09e-02	7.44e-03	2.86e-03	4.86e-05	2.75e-07
 1.62142e+22	3.72e-30	5.87e-23	4.34e-17	2.63e-14	8.75e-12	8.23e-10	2.72e-08	4.45e-07	1.27e-04	6.53e-03	7.49e-02	2.50e-01	4.24e-01	1.97e-01	3.83e-02	6.80e-03	2.55e-03	4.20e-05	2.30e-07
 1.65657e+22	5.62e-30	8.58e-23	6.13e-17	3.61e-14	1.17e-11	1.07e-09	3.40e-08	5.36e-07	1.47e-04	7.26e-03	8.03e-02	2.58e-01	4.22e-01	1.89e-01	3.53e-02	6.07e-03	2.21e-03	3.49e-05	1.83e-07
 1.69406e+22	8.72e-30	1.28e-22	8.83e-17	5.07e-14	1.59e-11	1.40e-09	4.31e-08	6.55e-07	1.72e-04	8.14e-03	8.64e-02	2.67e-01	4.19e-01	1.79e-01	3.21e-02	5.36e-03	1.89e-03	2.85e-05	1.43e-07
 1.72541e+22	1.25e-29	1.78e-22	1.19e-16	6.67e-14	2.04e-11	1.75e-09	5.22e-08	7.70e-07	1.95e-04	8.92e-03	9.15e-02	2.75e-01	4.16e-01	1.72e-01	2.98e-02	4.84e-03	1.66e-03	2.42e-05	0.00e+00
 1.75277e+22	1.69e-29	2.35e-22	1.53e-16	8.41e-14	2.53e-11	2.12e-09	6.14e-08	8.82e-07	2.17e-04	9.63e-03	9.61e-02	2.81e-01	4.14e-01	1.66e-01	2.79e-02	4.43e-03	1.49e-03	2.11e-05	0.00e+00
 1.78409e+22	2.37e-29	3.20e-22	2.02e-16	1.09e-13	3.20e-11	2.62e-09	7.36e-08	1.03e-06	2.44e-04	1.05e-02	1.01e-01	2.87e-01	4.10e-01	1.59e-01	2.59e-02	4.01e-03	1.32e-03	1.80e-05	0.00e+00
 1.82481e+22	3.62e-29	4.72e-22	2.88e-16	1.51e-13	4.30e-11	3.40e-09	9.21e-08	1.24e-06	2.83e-04	1.17e-02	1.08e-01	2.95e-01	4.05e-01	1.51e-01	2.36e-02	3.54e-03	1.13e-03	1.47e-05	0.00e+00
 1.86700e+22	5.62e-29	7.05e-22	4.14e-16	2.11e-13	5.85e-11	4.47e-09	1.17e-07	1.51e-06	3.29e-04	1.30e-02	1.16e-01	3.04e-01	4.00e-01	1.42e-01	2.13e-02	3.09e-03	9.54e-04	1.19e-05	0.00e+00
 1.90157e+22	7.99e-29	9.72e-22	5.53e-16	2.76e-13	7.46e-11	5.56e-09	1.41e-07	1.77e-06	3.72e-04	1.42e-02	1.22e-01	3.10e-01	3.94e-01	1.35e-01	1.96e-02	2.78e-03	8.35e-04	1.01e-05	0.00e+00
 1.93699e+22	1.13e-28	1.33e-21	7.35e-16	3.59e-13	9.48e-11	6.88e-09	1.69e-07	2.06e-06	4.18e-04	1.54e-02	1.28e-01	3.16e-01	3.89e-01	1.29e-01	1.80e-02	2.50e-03	7.32e-04	8.51e-06	0.00e+00
 1.98304e+22	1.75e-28	1.98e-21	1.05e-15	5.01e-13	1.28e-10	8.98e-09	2.12e-07	2.49e-06	4.85e-04	1.71e-02	1.37e-01	3.24e-01	3.82e-01	1.21e-01	1.62e-02	2.18e-03	6.19e-04	6.89e-06	0.00e+00
 2.03085e+22	2.74e-28	2.99e-21	1.53e-15	7.06e-13	1.75e-10	1.19e-08	2.70e-07	3.05e-06	5.66e-04	1.91e-02	1.46e-01	3.31e-01	3.73e-01	1.13e-01	1.45e-02	1.88e-03	5.17e-04	5.48e-06	0.00e+00
 2.07022e+22	3.92e-28	4.15e-21	2.05e-15	9.27e-13	2.25e-10	1.48e-08	3.26e-07	3.58e-06	6.39e-04	2.08e-02	1.53e-01	3.37e-01	3.66e-01	1.07e-01	1.32e-02	1.67e-03	4.48e-04	4.57e-06	0.00e+00
 2.11066e+22	5.60e-28	5.74e-21	2.75e-15	1.22e-12	2.88e-10	1.85e-08	3.94e-07	4.19e-06	7.22e-04	2.26e-02	1.61e-01	3.42e-01	3.59e-01	1.01e-01	1.20e-02	1.49e-03	3.88e-04	3.81e-06	0.00e+00
 2.16324e+22	8.78e-28	8.64e-21	3.97e-15	1.71e-12	3.93e-10	2.44e-08	4.99e-07	5.11e-06	8.40e-04	2.51e-02	1.71e-01	3.48e-01	3.49e-01	9.36e-02	1.07e-02	1.28e-03	3.22e-04	3.02e-06	0.00e+00
 2.21793e+22	1.39e-27	1.31e-20	5.79e-15	2.43e-12	5.41e-10	3.24e-08	6.37e-07	6.26e-06	9.81e-04	2.79e-02	1.82e-01	3.54e-01	3.38e-01	8.64e-02	9.40e-03	1.09e-03	2.66e-04	2.37e-06	0.00e+00
 2.26017e+22	1.97e-27	1.80e-20	7.69e-15	3.16e-12	6.89e-10	4.02e-08	7.66e-07	7.31e-06	1.10e-03	3.03e-02	1.90e-01	3.58e-01	3.30e-01	8.12e-02	8.53e-03	9.64e-04	2.29e-04	1.96e-06	0.00e+00
 2.29372e+22	2.58e-27	2.30e-20	9.58e-15	3.87e-12	8.30e-10	4.74e-08	8.82e-07	8.22e-06	1.21e-03	3.22e-02	1.96e-01	3.61e-01	3.23e-01	7.73e-02	7.90e-03	8.77e-04	2.04e-04	1.70e-06	0.00e+00
 2.33118e+22	3.46e-27	3.00e-20	1.21e-14	4.83e-12	1.02e-09	5.68e-08	1.03e-06	9.36e-06	1.33e-03	3.44e-02	2.03e-01	3.63e-01	3.16e-01	7.32e-02	7.25e-03	7.89e-04	1.79e-04	1.45e-06	0.00e+00
 2.37988e+22	5.00e-27	4.19e-20	1.64e-14	6.38e-12	1.31e-09	7.11e-08	1.25e-06	1.10e-05	1.50e-03	3.73e-02	2.13e-01	3.66e-01	3.07e-01	6.82e-02	6.51e-03	6.91e-04	1.53e-04	1.18e-06	0.00e+00
 2.43257e+22	7.41e-27	5.99e-20	2.26e-14	8.61e-12	1.72e-09	9.11e-08	1.54e-06	1.31e-05	1.72e-03	4.08e-02	2.23e-01	3.69e-01	2.96e-01	6.30e-02	5.76e-03	5.95e-04	1.28e-04	9.44e-07	0.00e+00
 2.47886e+22	1.04e-26	8.13e-20	2.97e-14	1.11e-11	2.18e-09	1.12e-07	1.85e-06	1.53e-05	1.92e-03	4.40e-02	2.32e-01	3.71e-01	2.87e-01	5.88e-02	5.19e-03	5.23e-04	1.09e-04	7.77e-07	0.00e+00
 2.52744e+22	1.46e-26	1.11e-19	3.91e-14	1.44e-11	2.76e-09	1.38e-07	2.20e-06	1.77e-05	2.15e-03	4.74e-02	2.41e-01	3.72e-01	2.77e-01	5.47e-02	4.66e-03	4.60e-04	9.34e-05	6.40e-07	0.00e+00
 2.59059e+22	2.24e-26	1.63e-19	5.52e-14	1.99e-11	3.72e-09	1.81e-07	2.78e-06	2.15e-05	2.49e-03	5.22e-02	2.52e-01	3.74e-01	2.65e-01	4.98e-02	4.04e-03	3.87e-04	7.59e-05	4.94e-07	0.00e+00
 2.65417e+22	3.43e-26	2.39e-19	7.78e-14	2.75e-11	5.02e-09	2.37e-07	3.49e-06	2.61e-05	2.87e-03	5.73e-02	2.64e-01	3.74e-01	2.53e-01	4.51e-02	3.50e-03	3.25e-04	6.16e-05	3.81e-07	0.00e+00
 2.70431e+22	4.76e-26	3.21e-19	1.01e-13	3.51e-11	6.30e-09	2.90e-07	4.16e-06	3.03e-05	3.20e-03	6.15e-02	2.73e-01	3.74e-01	2.43e-01	4.18e-02	3.12e-03	2.84e-04	5.23e-05	3.12e-07	0.00e+00
 2.75552e+22	6.54e-26	4.28e-19	1.30e-13	4.47e-11	7.88e-09	3.55e-07	4.94e-06	3.50e-05	3.57e-03	6.59e-02	2.82e-01	3.73e-01	2.34e-01	3.87e-02	2.79e-03	2.48e-04	4.45e-05	2.55e-07	0.00e+00
 2.82208e+22	9.76e-26	6.13e-19	1.80e-13	6.05e-11	1.04e-08	4.57e-07	6.13e-06	4.20e-05	4.08e-03	7.19e-02	2.93e-01	3.71e-01	2.22e-01	3.50e-02	2.41e-03	2.09e-04	3.61e-05	1.97e-07	0.00e+00
 2.89261e+22	1.48e-25	8.92e-19	2.51e-13	8.30e-11	1.40e-08	5.96e-07	7.71e-06	5.10e-05	4.71e-03	7.86e-02	3.05e-01	3.69e-01	2.09e-01	3.13e-02	2.06e-03	1.73e-04	2.89e-05	1.49e-07	0.00e+00
 2.95278e+22	2.09e-25	1.21e-18	3.29e-13	1.08e-10	1.79e-08	7.45e-07	9.33e-06	6.01e-05	5.31e-03	8.47e-02	3.15e-01	3.66e-01	1.99e-01	2.85e-02	1.79e-03	1.48e-04	2.38e-05	0.00e+00	0.00e+00
 3.01548e+22	2.94e-25	1.65e-18	4.31e-13	1.40e-10	2.28e-08	9.26e-07	1.12e-05	7.03e-05	5.95e-03	9.10e-02	3.24e-01	3.62e-01	1.89e-01	2.59e-02	1.57e-03	1.26e-04	1.97e-05	0.00e+00	0.00e+00
 3.09700e+22	4.51e-25	2.42e-18	6.03e-13	1.93e-10	3.09e-08	1.22e-06	1.42e-05	8.61e-05	6.90e-03	9.96e-02	3.36e-01	3.57e-01	1.76e-01	2.28e-02	1.31e-03	1.03e-04	1.54e-05	0.00e+00	0.00e+00
 3.18016e+22	6.92e-25	3.54e-18	8.44e-13	2.67e-10	4.20e-08	1.61e-06	1.81e-05	1.06e-04	8.01e-03	1.09e-01	3.47e-01	3.51e-01	1.63e-01	2.00e-02	1.09e-03	8.28e-05	1.19e-05	0.00e+00	0.00e+00
 3.24282e+22	9.46e-25	4.68e-18	1.08e-12	3.38e-10	5.26e-08	1.98e-06	2.16e-05	1.24e-04	8.95e-03	1.17e-01	3.56e-01	3.46e-01	1.54e-01	1.80e-02	9.45e-04	7.03e-05	9.80e-06	0.00e+00	0.00e+00
 3.29331e+22	1.20e-24	5.80e-18	1.30e-12	4.06e-10	6.25e-08	2.32e-06	2.47e-05	1.38e-04	9.71e-03	1.22e-01	3.62e-01	3.41e-01	1.47e-01	1.67e-02	8.49e-04	6.22e-05	8.47e-06	0.00e+00	0.00e+00
 3.35059e+22	1.57e-24	7.32e-18	1.59e-12	4.96e-10	7.56e-08	2.76e-06	2.87e-05	1.58e-04	1.07e-02	1.29e-01	3.68e-01	3.36e-01	1.40e-01	1.53e-02	7.50e-04	5.40e-05	7.15e-06	0.00e+00	0.00e+00
 3.42505e+22	2.18e-24	9.80e-18	2.05e-12	6.36e-10	9.59e-08	3.43e-06	3.46e-05	1.86e-04	1.20e-02	1.38e-01	3.76e-01	3.29e-01	1.30e-01	1.36e-02	6.40e-04	4.51e-05	5.76e-06	0.00e+00	0.00e+00
 3.50636e+22	3.10e-24	1.34e-17	2.70e-12	8.32e-10	1.24e-07	4.34e-06	4.24e-05	2.22e-04	1.36e-02	1.49e-01	3.84e-01	3.20e-01	1.21e-01	1.19e-02	5.37e-04	3.69e-05	4.54e-06	0.00e+00	0.00e+00
 3.57794e+22	4.19e-24	1.75e-17	3.40e-12	1.05e-09	1.55e-07	5.32e-06	5.05e-05	2.58e-04	1.51e-02	1.58e-01	3.90e-01	3.13e-01	1.12e-01	1.06e-02	4.60e-04	3.10e-05	3.69e-06	0.00e+00	0.00e+00
 3.64195e+22	5.42e-24	2.19e-17	4.12e-12	1.27e-09	1.87e-07	6.34e-06	5.87e-05	2.95e-04	1.66e-02	1.67e-01	3.95e-01	3.05e-01	1.05e-01	9.60e-03	4.01e-04	2.65e-05	3.06e-06	0.00e+00	0.00e+00
 3.71474e+22	7.19e-24	2.81e-17	5.11e-12	1.58e-09	2.29e-07	7.64e-06	6.89e-05	3.40e-04	1.83e-02	1.76e-01	4.00e-01	2.98e-01	9.84e-02	8.60e-03	3.45e-04	2.24e-05	2.51e-06	0.00e+00	0.00e+00
 3.80937e+22	1.02e-23	3.83e-17	6.66e-12	2.06e-09	2.96e-07	9.69e-06	8.45e-05	4.07e-04	2.08e-02	1.89e-01	4.06e-01	2.87e-01	8.98e-02	7.43e-03	2.85e-04	1.80e-05	1.94e-06	0.00e+00	0.00e+00
 3.90655e+22	1.46e-23	5.23e-17	8.71e-12	2.69e-09	3.85e-07	1.23e-05	1.04e-04	4.89e-04	2.36e-02	2.02e-01	4.10e-01	2.76e-01	8.14e-02	6.37e-03	2.32e-04	1.44e-05	1.48e-06	0.00e+00	0.00e+00
 3.98510e+22	1.92e-23	6.65e-17	1.07e-11	3.32e-09	4.72e-07	1.49e-05	1.22e-04	5.66e-04	2.61e-02	2.13e-01	4.13e-01	2.66e-01	7.51e-02	5.63e-03	1.97e-04	1.20e-05	1.19e-06	0.00e+00	0.00e+00
 4.06530e+22	2.51e-23	8.40e-17	1.31e-11	4.06e-09	5.73e-07	1.78e-05	1.42e-04	6.48e-04	2.87e-02	2.24e-01	4.15e-01	2.57e-01	6.95e-02	4.99e-03	1.69e-04	1.00e-05	9.69e-07	0.00e+00	0.00e+00
 4.16955e+22	3.51e-23	1.12e-16	1.67e-11	5.22e-09	7.31e-07	2.23e-05	1.72e-04	7.70e-04	3.22e-02	2.37e-01	4.17e-01	2.46e-01	6.27e-02	4.27e-03	1.38e-04	8.01e-06	7.43e-07	0.00e+00	0.00e+00
 4.27903e+22	4.97e-23	1.52e-16	2.16e-11	6.78e-09	9.41e-07	2.82e-05	2.10e-04	9.21e-04	3.64e-02	2.52e-01	4.17e-01	2.33e-01	5.62e-02	3.62e-03	1.11e-04	6.30e-06	5.60e-07	0.00e+00	0.00e+00
 4.37123e+22	6.59e-23	1.94e-16	2.66e-11	8.38e-09	1.16e-06	3.40e-05	2.47e-04	1.06e-03	4.01e-02	2.64e-01	4.17e-01	2.23e-01	5.12e-02	3.15e-03	9.31e-05	5.17e-06	4.43e-07	0.00e+00	0.00e+00
 4.46701e+22	8.69e-23	2.47e-16	3.26e-11	1.03e-08	1.41e-06	4.08e-05	2.88e-04	1.22e-03	4.40e-02	2.76e-01	4.15e-01	2.13e-01	4.66e-02	2.74e-03	7.81e-05	4.25e-06	3.53e-07	0.00e+00	0.00e+00
 4.59152e+22	1.23e-22	3.33e-16	4.20e-11	1.33e-08	1.81e-06	5.13e-05	3.49e-04	1.46e-03	4.94e-02	2.92e-01	4.13e-01	2.01e-01	4.13e-02	2.30e-03	6.24e-05	3.31e-06	2.63e-07	0.00e+00	0.00e+00
 4.72171e+22	1.76e-22	4.56e-16	5.47e-11	1.74e-08	2.33e-06	6.49e-05	4.25e-04	1.74e-03	5.55e-02	3.08e-01	4.09e-01	1.88e-01	3.64e-02	1.91e-03	4.93e-05	2.55e-06	1.94e-07	0.00e+00	0.00e+00
 4.83105e+22	2.37e-22	5.89e-16	6.78e-11	2.16e-08	2.87e-06	7.84e-05	4.98e-04	2.01e-03	6.09e-02	3.20e-01	4.04e-01	1.77e-01	3.26e-02	1.63e-03	4.06e-05	2.05e-06	1.51e-07	0.00e+00	0.00e+00
 4.92139e+22	2.99e-22	7.21e-16	8.03e-11	2.57e-08	3.39e-06	9.12e-05	5.65e-04	2.26e-03	6.57e-02	3.31e-01	4.00e-01	1.69e-01	2.98e-02	1.44e-03	3.46e-05	1.72e-06	1.22e-07	0.00e+00	0.00e+00
 5.01523e+22	3.79e-22	8.84e-16	9.55e-11	3.05e-08	3.98e-06	1.05e-04	6.37e-04	2.52e-03	7.04e-02	3.40e-01	3.96e-01	1.61e-01	2.74e-02	1.27e-03	2.97e-05	1.45e-06	0.00e+00	0.00e+00	0.00e+00
 5.13721e+22	5.08e-22	1.14e-15	1.18e-10	3.78e-08	4.87e-06	1.27e-04	7.41e-04	2.89e-03	7.68e-02	3.52e-01	3.90e-01	1.52e-01	2.45e-02	1.08e-03	2.44e-05	1.17e-06	0.00e+00	0.00e+00	0.00e+00
 5.26598e+22	6.95e-22	1.49e-15	1.49e-10	4.75e-08	6.02e-06	1.53e-04	8.67e-04	3.33e-03	8.40e-02	3.65e-01	3.82e-01	1.42e-01	2.17e-02	9.15e-04	1.98e-05	9.25e-07	0.00e+00	0.00e+00	0.00e+00
 5.37524e+22	9.01e-22	1.87e-15	1.80e-10	5.73e-08	7.17e-06	1.79e-04	9.85e-04	3.75e-03	9.04e-02	3.75e-01	3.76e-01	1.34e-01	1.96e-02	7.93e-04	1.66e-05	7.62e-07	0.00e+00	0.00e+00	0.00e+00
 5.48896e+22	1.16e-21	2.33e-15	2.16e-10	6.87e-08	8.48e-06	2.08e-04	1.11e-03	4.19e-03	9.68e-02	3.84e-01	3.69e-01	1.26e-01	1.77e-02	6.90e-04	1.40e-05	6.31e-07	0.00e+00	0.00e+00	0.00e+00
 5.63679e+22	1.60e-21	3.08e-15	2.73e-10	8.65e-08	1.05e-05	2.52e-04	1.30e-03	4.81e-03	1.05e-01	3.95e-01	3.59e-01	1.17e-01	1.56e-02	5.78e-04	1.13e-05	4.96e-07	0.00e+00	0.00e+00	0.00e+00
 5.78891e+22	2.24e-21	4.12e-15	3.50e-10	1.10e-07	1.30e-05	3.05e-04	1.52e-03	5.54e-03	1.15e-01	4.06e-01	3.49e-01	1.08e-01	1.36e-02	4.79e-04	8.99e-06	3.86e-07	0.00e+00	0.00e+00	0.00e+00
 5.91153e+22	2.92e-21	5.18e-15	4.24e-10	1.32e-07	1.55e-05	3.55e-04	1.71e-03	6.19e-03	1.23e-01	4.14e-01	3.40e-01	1.01e-01	1.22e-02	4.13e-04	7.50e-06	3.16e-07	0.00e+00	0.00e+00	0.00e+00
 6.03585e+22	3.76e-21	6.45e-15	5.11e-10	1.58e-07	1.81e-05	4.08e-04	1.91e-03	6.83e-03	1.30e-01	4.21e-01	3.32e-01	9.55e-02	1.10e-02	3.60e-04	6.36e-06	2.63e-07	0.00e+00	0.00e+00	0.00e+00
 6.19746e+22	5.16e-21	8.49e-15	6.45e-10	1.97e-07	2.21e-05	4.86e-04	2.19e-03	7.73e-03	1.40e-01	4.30e-01	3.22e-01	8.82e-02	9.65e-03	3.01e-04	5.14e-06	2.08e-07	0.00e+00	0.00e+00	0.00e+00
 6.36981e+22	7.28e-21	1.15e-14	8.31e-10	2.51e-07	2.74e-05	5.85e-04	2.54e-03	8.82e-03	1.51e-01	4.38e-01	3.10e-01	8.07e-02	8.36e-03	2.49e-04	4.08e-06	1.61e-07	0.00e+00	0.00e+00	0.00e+00
 6.51771e+22	9.70e-21	1.47e-14	1.03e-09	3.06e-07	3.27e-05	6.83e-04	2.86e-03	9.84e-03	1.61e-01	4.44e-01	3.00e-01	7.48e-02	7.39e-03	2.11e-04	3.36e-06	1.30e-07	0.00e+00	0.00e+00	0.00e+00
 6.67159e+22	1.28e-20	1.87e-14	1.26e-09	3.71e-07	3.87e-05	7.90e-04	3.20e-03	1.09e-02	1.70e-01	4.49e-01	2.90e-01	6.96e-02	6.58e-03	1.81e-04	2.79e-06	0.00e+00	0.00e+00	0.00e+00	0.00e+00
 6.87164e+22	1.82e-20	2.54e-14	1.64e-09	4.72e-07	4.77e-05	9.46e-04	3.68e-03	1.23e-02	1.82e-01	4.54e-01	2.78e-01	6.33e-02	5.66e-03	1.49e-04	2.21e-06	0.00e+00	0.00e+00	0.00e+00	0.00e+00
 7.08261e+22	2.66e-20	3.53e-14	2.16e-09	6.11e-07	5.98e-05	1.15e-03	4.27e-03	1.40e-02	1.96e-01	4.58e-01	2.64e-01	5.71e-02	4.81e-03	1.20e-04	1.72e-06	0.00e+00	0.00e+00	0.00e+00	0.00e+00
 7.25984e+22	3.62e-20	4.62e-14	2.72e-09	7.55e-07	7.17e-05	1.34e-03	4.80e-03	1.56e-02	2.08e-01	4.61e-01	2.53e-01	5.23e-02	4.20e-03	1.00e-04	1.39e-06	0.00e+00	0.00e+00	0.00e+00	0.00e+00
 7.44234e+22	4.85e-20	5.96e-14	3.38e-09	9.19e-07	8.49e-05	1.54e-03	5.35e-03	1.71e-02	2.18e-01	4.63e-01	2.43e-01	4.82e-02	3.70e-03	8.52e-05	1.15e-06	0.00e+00	0.00e+00	0.00e+00	0.00e+00
 7.67958e+22	6.99e-20	8.21e-14	4.44e-09	1.18e-06	1.05e-04	1.84e-03	6.11e-03	1.93e-02	2.32e-01	4.64e-01	2.30e-01	4.34e-02	3.15e-03	6.92e-05	9.02e-07	0.00e+00	0.00e+00	0.00e+00	0.00e+00
 7.93602e+22	1.04e-19	1.17e-13	5.99e-09	1.54e-06	1.32e-04	2.23e-03	7.05e-03	2.19e-02	2.47e-01	4.64e-01	2.16e-01	3.86e-02	2.63e-03	5.50e-05	6.90e-07	0.00e+00	0.00e+00	0.00e+00	0.00e+00
 8.13864e+22	1.44e-19	1.54e-13	7.62e-09	1.91e-06	1.58e-04	2.59e-03	7.89e-03	2.41e-02	2.60e-01	4.63e-01	2.05e-01	3.51e-02	2.28e-03	4.58e-05	5.57e-07	0.00e+00	0.00e+00	0.00e+00	0.00e+00
 8.28862e+22	1.79e-19	1.87e-13	8.97e-09	2.21e-06	1.79e-04	2.87e-03	8.50e-03	2.57e-02	2.68e-01	4.62e-01	1.98e-01	3.28e-02	2.06e-03	4.03e-05	4.81e-07	0.00e+00	0.00e+00	0.00e+00	0.00e+00
 8.44897e+22	2.24e-19	2.27e-13	1.06e-08	2.56e-06	2.02e-04	3.18e-03	9.17e-03	2.74e-02	2.77e-01	4.60e-01	1.91e-01	3.07e-02	1.86e-03	3.55e-05	4.14e-07	0.00e+00	0.00e+00	0.00e+00	0.00e+00
 8.65742e+22	2.95e-19	2.89e-13	1.30e-08	3.07e-06	2.35e-04	3.61e-03	1.00e-02	2.97e-02	2.88e-01	4.57e-01	1.82e-01	2.82e-02	1.64e-03	3.02e-05	3.45e-07	0.00e+00	0.00e+00	0.00e+00	0.00e+00
 8.92841e+22	4.16e-19	3.91e-13	1.69e-08	3.86e-06	2.84e-04	4.21e-03	1.13e-02	3.27e-02	3.01e-01	4.53e-01	1.71e-01	2.53e-02	1.40e-03	2.47e-05	2.73e-07	0.00e+00	0.00e+00	0.00e+00	0.00e+00
 9.21058e+22	6.05e-19	5.42e-13	2.23e-08	4.93e-06	3.48e-04	4.98e-03	1.27e-02	3.62e-02	3.15e-01	4.47e-01	1.60e-01	2.24e-02	1.17e-03	1.99e-05	2.12e-07	0.00e+00	0.00e+00	0.00e+00	0.00e+00
 9.44012e+22	8.12e-19	7.01e-13	2.78e-08	5.98e-06	4.08e-04	5.66e-03	1.39e-02	3.91e-02	3.26e-01	4.42e-01	1.51e-01	2.04e-02	1.02e-03	1.67e-05	1.74e-07	0.00e+00	0.00e+00	0.00e+00	0.00e+00
