#depth	Cl	Cl+	Cl+2	Cl+3	Cl+4	Cl+5	Cl+6	Cl+7	Cl+8	Cl+9	Cl+10	Cl+11	Cl+12	Cl+13	Cl+14	Cl+15	Cl+16	Cl+17
 6.17135e+19	0.00e+00	0.00e+00	0.00e+00	0.00e+00	0.00e+00	1.97e-27	1.86e-23	1.59e-19	3.14e-16	2.38e-13	7.47e-11	1.17e-08	9.41e-07	4.32e-05	1.69e-03	1.09e-01	4.12e-01	4.77e-01
 1.87609e+20	0.00e+00	0.00e+00	0.00e+00	0.00e+00	0.00e+00	5.98e-27	4.96e-23	3.96e-19	7.29e-16	5.11e-13	1.48e-10	2.13e-08	1.55e-06	6.32e-05	2.21e-03	1.27e-01	4.28e-01	4.43e-01
 2.90012e+20	0.00e+00	0.00e+00	0.00e+00	0.00e+00	0.00e+00	1.42e-26	1.06e-22	8.07e-19	1.40e-15	9.25e-13	2.50e-10	3.38e-08	2.28e-06	8.47e-05	2.71e-03	1.42e-01	4.39e-01	4.16e-01
 3.58254e+20	0.00e+00	0.00e+00	0.00e+00	0.00e+00	0.00e+00	2.46e-26	1.72e-22	1.27e-18	2.14e-15	1.36e-12	3.52e-10	4.55e-08	2.93e-06	1.02e-04	3.08e-03	1.53e-01	4.45e-01	3.99e-01
 4.06365e+20	0.00e+00	0.00e+00	0.00e+00	0.00e+00	2.30e-30	3.63e-26	2.42e-22	1.76e-18	2.88e-15	1.78e-12	4.47e-10	5.62e-08	3.49e-06	1.17e-04	3.38e-03	1.61e-01	4.49e-01	3.87e-01
 4.40225e+20	0.00e+00	0.00e+00	0.00e+00	0.00e+00	3.07e-30	4.70e-26	3.04e-22	2.17e-18	3.49e-15	2.12e-12	5.23e-10	6.44e-08	3.91e-06	1.27e-04	3.58e-03	1.66e-01	4.51e-01	3.79e-01
 4.76498e+20	0.00e+00	0.00e+00	0.00e+00	0.00e+00	4.21e-30	6.21e-26	3.88e-22	2.74e-18	4.32e-15	2.57e-12	6.21e-10	7.48e-08	4.43e-06	1.40e-04	3.82e-03	1.72e-01	4.54e-01	3.71e-01
 5.23652e+20	0.00e+00	0.00e+00	0.00e+00	0.00e+00	6.29e-30	8.87e-26	5.31e-22	3.67e-18	5.67e-15	3.29e-12	7.73e-10	9.05e-08	5.19e-06	1.57e-04	4.14e-03	1.79e-01	4.57e-01	3.60e-01
 5.75611e+20	0.00e+00	0.00e+00	0.00e+00	0.00e+00	9.72e-30	1.30e-25	7.45e-22	5.05e-18	7.62e-15	4.30e-12	9.80e-10	1.11e-07	6.16e-06	1.79e-04	4.52e-03	1.88e-01	4.60e-01	3.48e-01
 6.23207e+20	0.00e+00	0.00e+00	0.00e+00	0.00e+00	1.44e-29	1.84e-25	1.01e-21	6.73e-18	9.93e-15	5.47e-12	1.21e-09	1.34e-07	7.18e-06	2.01e-04	4.89e-03	1.96e-01	4.62e-01	3.37e-01
 6.74475e+20	0.00e+00	0.00e+00	0.00e+00	0.00e+00	2.17e-29	2.66e-25	1.39e-21	9.11e-18	1.31e-14	7.05e-12	1.52e-09	1.63e-07	8.44e-06	2.27e-04	5.30e-03	2.04e-01	4.64e-01	3.26e-01
 7.31257e+20	0.00e+00	0.00e+00	0.00e+00	0.00e+00	3.40e-29	3.95e-25	1.97e-21	1.27e-17	1.78e-14	9.28e-12	1.94e-09	2.02e-07	1.01e-05	2.59e-04	5.79e-03	2.14e-01	4.66e-01	3.14e-01
 7.83791e+20	0.00e+00	0.00e+00	0.00e+00	0.00e+00	5.10e-29	5.67e-25	2.71e-21	1.71e-17	2.34e-14	1.19e-11	2.42e-09	2.44e-07	1.18e-05	2.91e-04	6.27e-03	2.22e-01	4.67e-01	3.04e-01
 8.40667e+20	0.00e+00	0.00e+00	0.00e+00	0.00e+00	7.84e-29	8.30e-25	3.78e-21	2.34e-17	3.14e-14	1.55e-11	3.06e-09	2.99e-07	1.39e-05	3.30e-04	6.81e-03	2.32e-01	4.68e-01	2.93e-01
 9.00358e+20	0.00e+00	0.00e+00	0.00e+00	0.00e+00	1.22e-28	1.23e-24	5.34e-21	3.24e-17	4.24e-14	2.04e-11	3.89e-09	3.69e-07	1.65e-05	3.75e-04	7.41e-03	2.42e-01	4.69e-01	2.81e-01
 9.51032e+20	0.00e+00	0.00e+00	0.00e+00	0.00e+00	1.76e-28	1.70e-24	7.11e-21	4.25e-17	5.44e-14	2.56e-11	4.75e-09	4.39e-07	1.91e-05	4.17e-04	7.94e-03	2.51e-01	4.69e-01	2.72e-01
 1.00423e+21	0.00e+00	0.00e+00	0.00e+00	0.00e+00	2.57e-28	2.38e-24	9.55e-21	5.62e-17	7.04e-14	3.23e-11	5.84e-09	5.24e-07	2.20e-05	4.64e-04	8.53e-03	2.60e-01	4.69e-01	2.63e-01
 1.07339e+21	0.00e+00	0.00e+00	0.00e+00	0.00e+00	4.17e-28	3.65e-24	1.39e-20	8.02e-17	9.77e-14	4.35e-11	7.59e-09	6.56e-07	2.65e-05	5.33e-04	9.32e-03	2.71e-01	4.68e-01	2.51e-01
 1.14357e+21	0.00e+00	0.00e+00	0.00e+00	0.00e+00	6.73e-28	5.59e-24	2.02e-20	1.14e-16	1.35e-13	5.84e-11	9.84e-09	8.21e-07	3.18e-05	6.10e-04	1.02e-02	2.83e-01	4.67e-01	2.39e-01
 1.20004e+21	0.00e+00	0.00e+00	0.00e+00	0.00e+00	9.81e-28	7.81e-24	2.71e-20	1.51e-16	1.75e-13	7.37e-11	1.21e-08	9.79e-07	3.67e-05	6.78e-04	1.09e-02	2.92e-01	4.66e-01	2.30e-01
 1.25839e+21	0.00e+00	0.00e+00	0.00e+00	0.00e+00	1.44e-27	1.10e-23	3.65e-20	2.00e-16	2.27e-13	9.32e-11	1.48e-08	1.17e-06	4.24e-05	7.54e-04	1.17e-02	3.02e-01	4.64e-01	2.22e-01
 1.33426e+21	0.00e+00	0.00e+00	0.00e+00	0.00e+00	2.34e-27	1.69e-23	5.34e-20	2.86e-16	3.16e-13	1.26e-10	1.93e-08	1.46e-06	5.09e-05	8.62e-04	1.27e-02	3.14e-01	4.62e-01	2.11e-01
 1.40871e+21	0.00e+00	0.00e+00	0.00e+00	0.00e+00	3.73e-27	2.56e-23	7.68e-20	4.04e-16	4.35e-13	1.68e-10	2.48e-08	1.82e-06	6.06e-05	9.80e-04	1.38e-02	3.26e-01	4.59e-01	2.00e-01
 1.46495e+21	0.00e+00	0.00e+00	0.00e+00	0.00e+00	5.27e-27	3.48e-23	1.01e-19	5.22e-16	5.50e-13	2.07e-10	2.99e-08	2.13e-06	6.90e-05	1.08e-03	1.47e-02	3.35e-01	4.56e-01	1.93e-01
 1.52168e+21	0.00e+00	0.00e+00	0.00e+00	0.00e+00	7.43e-27	4.72e-23	1.32e-19	6.73e-16	6.96e-13	2.56e-10	3.60e-08	2.50e-06	7.84e-05	1.18e-03	1.56e-02	3.44e-01	4.53e-01	1.86e-01
 1.59543e+21	0.00e+00	0.00e+00	0.00e+00	0.00e+00	1.15e-26	6.95e-23	1.85e-19	9.28e-16	9.35e-13	3.34e-10	4.54e-08	3.04e-06	9.20e-05	1.33e-03	1.68e-02	3.56e-01	4.49e-01	1.77e-01
 1.67402e+21	0.00e+00	0.00e+00	0.00e+00	0.00e+00	1.81e-26	1.04e-22	2.64e-19	1.30e-15	1.28e-12	4.43e-10	5.80e-08	3.75e-06	1.09e-04	1.50e-03	1.81e-02	3.68e-01	4.45e-01	1.68e-01
 1.74227e+21	0.00e+00	0.00e+00	0.00e+00	2.45e-30	2.67e-26	1.47e-22	3.58e-19	1.73e-15	1.66e-12	5.62e-10	7.15e-08	4.48e-06	1.26e-04	1.67e-03	1.93e-02	3.78e-01	4.41e-01	1.60e-01
 1.81436e+21	0.00e+00	0.00e+00	0.00e+00	3.82e-30	3.99e-26	2.10e-22	4.90e-19	2.33e-15	2.19e-12	7.19e-10	8.86e-08	5.37e-06	1.45e-04	1.86e-03	2.06e-02	3.88e-01	4.36e-01	1.53e-01
 1.89514e+21	0.00e+00	0.00e+00	0.00e+00	6.25e-30	6.21e-26	3.12e-22	6.92e-19	3.24e-15	2.96e-12	9.43e-10	1.12e-07	6.57e-06	1.71e-04	2.08e-03	2.22e-02	4.00e-01	4.31e-01	1.45e-01
 1.97134e+21	0.00e+00	0.00e+00	0.00e+00	9.84e-30	9.35e-26	4.49e-22	9.52e-19	4.39e-15	3.91e-12	1.21e-09	1.40e-07	7.90e-06	1.98e-04	2.32e-03	2.37e-02	4.11e-01	4.26e-01	1.38e-01
 2.05449e+21	0.00e+00	0.00e+00	0.00e+00	1.60e-29	1.45e-25	6.61e-22	1.34e-18	6.06e-15	5.26e-12	1.58e-09	1.76e-07	9.62e-06	2.32e-04	2.60e-03	2.54e-02	4.22e-01	4.20e-01	1.30e-01
 2.14125e+21	0.00e+00	0.00e+00	0.00e+00	2.63e-29	2.27e-25	9.85e-22	1.90e-18	8.44e-15	7.14e-12	2.08e-09	2.24e-07	1.18e-05	2.72e-04	2.92e-03	2.72e-02	4.34e-01	4.13e-01	1.23e-01
 2.21417e+21	0.00e+00	0.00e+00	0.00e+00	3.96e-29	3.28e-25	1.37e-21	2.53e-18	1.11e-14	9.19e-12	2.61e-09	2.72e-07	1.39e-05	3.10e-04	3.21e-03	2.88e-02	4.43e-01	4.07e-01	1.17e-01
 2.29044e+21	0.00e+00	0.00e+00	0.00e+00	6.03e-29	4.79e-25	1.92e-21	3.40e-18	1.47e-14	1.19e-11	3.29e-09	3.33e-07	1.64e-05	3.55e-04	3.53e-03	3.06e-02	4.53e-01	4.01e-01	1.11e-01
 2.38959e+21	0.00e+00	0.00e+00	0.00e+00	1.03e-28	7.76e-25	2.94e-21	4.96e-18	2.10e-14	1.65e-11	4.42e-09	4.30e-07	2.04e-05	4.21e-04	3.99e-03	3.29e-02	4.65e-01	3.94e-01	1.04e-01
 2.49055e+21	0.00e+00	0.00e+00	0.00e+00	1.76e-28	1.26e-24	4.52e-21	7.23e-18	3.01e-14	2.30e-11	5.94e-09	5.55e-07	2.53e-05	4.99e-04	4.51e-03	3.53e-02	4.77e-01	3.85e-01	9.73e-02
 2.57115e+21	0.00e+00	0.00e+00	0.00e+00	2.68e-28	1.84e-24	6.32e-21	9.70e-18	3.98e-14	2.97e-11	7.49e-09	6.77e-07	2.99e-05	5.70e-04	4.96e-03	3.74e-02	4.86e-01	3.79e-01	9.22e-02
 2.65318e+21	0.00e+00	0.00e+00	0.00e+00	4.08e-28	2.68e-24	8.84e-21	1.30e-17	5.27e-14	3.85e-11	9.43e-09	8.27e-07	3.54e-05	6.50e-04	5.44e-03	3.95e-02	4.95e-01	3.72e-01	8.73e-02
 2.75982e+21	0.00e+00	0.00e+00	0.00e+00	6.97e-28	4.34e-24	1.36e-20	1.89e-17	7.53e-14	5.34e-11	1.27e-08	1.07e-06	4.37e-05	7.69e-04	6.13e-03	4.23e-02	5.06e-01	3.63e-01	8.14e-02
 2.86992e+21	0.00e+00	0.00e+00	0.00e+00	1.20e-27	7.07e-24	2.09e-20	2.77e-17	1.08e-13	7.46e-11	1.71e-08	1.38e-06	5.43e-05	9.11e-04	6.91e-03	4.53e-02	5.18e-01	3.54e-01	7.57e-02
 2.96065e+21	0.00e+00	0.00e+00	0.00e+00	1.86e-27	1.05e-23	2.97e-20	3.76e-17	1.45e-13	9.77e-11	2.17e-08	1.70e-06	6.46e-05	1.04e-03	7.61e-03	4.79e-02	5.26e-01	3.46e-01	7.12e-02
 3.03709e+21	0.00e+00	0.00e+00	0.00e+00	2.68e-27	1.46e-23	3.97e-20	4.85e-17	1.85e-13	1.22e-10	2.66e-08	2.02e-06	7.46e-05	1.17e-03	8.24e-03	5.01e-02	5.33e-01	3.39e-01	6.77e-02
 3.11886e+21	0.00e+00	0.00e+00	0.00e+00	3.94e-27	2.06e-23	5.40e-20	6.34e-17	2.39e-13	1.55e-10	3.28e-08	2.42e-06	8.69e-05	1.32e-03	8.96e-03	5.26e-02	5.40e-01	3.33e-01	6.41e-02
 3.22516e+21	0.00e+00	0.00e+00	0.00e+00	6.42e-27	3.20e-23	7.97e-20	8.90e-17	3.31e-13	2.09e-10	4.29e-08	3.05e-06	1.05e-04	1.53e-03	9.95e-03	5.58e-02	5.49e-01	3.24e-01	5.98e-02
 3.33319e+21	0.00e+00	0.00e+00	0.00e+00	1.05e-26	4.97e-23	1.18e-19	1.25e-16	4.59e-13	2.83e-10	5.62e-08	3.85e-06	1.28e-04	1.78e-03	1.11e-02	5.91e-02	5.58e-01	3.15e-01	5.57e-02
 3.41941e+21	0.00e+00	0.00e+00	0.00e+00	1.54e-26	7.03e-23	1.60e-19	1.64e-16	5.94e-13	3.58e-10	6.95e-08	4.62e-06	1.48e-04	2.00e-03	1.20e-02	6.19e-02	5.64e-01	3.07e-01	5.26e-02
 3.50744e+21	0.00e+00	0.00e+00	0.00e+00	2.27e-26	9.96e-23	2.18e-19	2.14e-16	7.69e-13	4.54e-10	8.59e-08	5.54e-06	1.73e-04	2.26e-03	1.30e-02	6.48e-02	5.70e-01	3.00e-01	4.96e-02
 3.60059e+21	0.00e+00	0.00e+00	2.10e-30	3.41e-26	1.43e-22	3.01e-19	2.83e-16	1.01e-12	5.83e-10	1.07e-07	6.71e-06	2.02e-04	2.55e-03	1.42e-02	6.79e-02	5.76e-01	2.93e-01	4.66e-02
 3.68024e+21	0.00e+00	0.00e+00	3.07e-30	4.81e-26	1.95e-22	3.95e-19	3.59e-16	1.27e-12	7.20e-10	1.30e-07	7.89e-06	2.32e-04	2.83e-03	1.53e-02	7.06e-02	5.81e-01	2.86e-01	4.42e-02
 3.76362e+21	0.00e+00	0.00e+00	4.53e-30	6.86e-26	2.68e-22	5.22e-19	4.58e-16	1.60e-12	8.95e-10	1.58e-07	9.33e-06	2.66e-04	3.15e-03	1.64e-02	7.34e-02	5.86e-01	2.79e-01	4.18e-02
 3.85724e+21	0.00e+00	0.00e+00	6.97e-30	1.01e-25	3.80e-22	7.12e-19	5.99e-16	2.08e-12	1.14e-09	1.95e-07	1.12e-05	3.09e-04	3.55e-03	1.78e-02	7.67e-02	5.90e-01	2.72e-01	3.93e-02
 3.94542e+21	0.00e+00	0.00e+00	1.04e-29	1.46e-25	5.28e-22	9.50e-19	7.70e-16	2.65e-12	1.42e-09	2.39e-07	1.33e-05	3.56e-04	3.96e-03	1.92e-02	7.98e-02	5.95e-01	2.65e-01	3.71e-02
 4.02749e+21	0.00e+00	0.00e+00	1.51e-29	2.04e-25	7.13e-22	1.24e-18	9.69e-16	3.32e-12	1.75e-09	2.87e-07	1.56e-05	4.06e-04	4.38e-03	2.06e-02	8.28e-02	5.98e-01	2.58e-01	3.51e-02
 4.10421e+21	0.00e+00	0.00e+00	2.13e-29	2.79e-25	9.43e-22	1.58e-18	1.20e-15	4.08e-12	2.12e-09	3.41e-07	1.80e-05	4.58e-04	4.81e-03	2.19e-02	8.56e-02	6.01e-01	2.52e-01	3.34e-02
 4.17613e+21	0.00e+00	0.00e+00	2.92e-29	3.72e-25	1.22e-21	1.99e-18	1.46e-15	4.94e-12	2.53e-09	3.99e-07	2.06e-05	5.12e-04	5.23e-03	2.33e-02	8.82e-02	6.04e-01	2.47e-01	3.18e-02
 4.25799e+21	0.00e+00	0.00e+00	4.18e-29	5.15e-25	1.63e-21	2.56e-18	1.82e-15	6.13e-12	3.09e-09	4.77e-07	2.41e-05	5.81e-04	5.77e-03	2.49e-02	9.13e-02	6.07e-01	2.41e-01	3.01e-02
 4.34813e+21	0.00e+00	0.00e+00	6.18e-29	7.33e-25	2.24e-21	3.39e-18	2.31e-15	7.76e-12	3.84e-09	5.80e-07	2.84e-05	6.66e-04	6.41e-03	2.67e-02	9.47e-02	6.09e-01	2.34e-01	2.83e-02
 4.43022e+21	0.00e+00	0.00e+00	8.79e-29	1.01e-24	2.98e-21	4.36e-18	2.87e-15	9.59e-12	4.68e-09	6.91e-07	3.30e-05	7.53e-04	7.04e-03	2.85e-02	9.78e-02	6.11e-01	2.28e-01	2.68e-02
 4.50602e+21	0.00e+00	0.00e+00	1.22e-28	1.35e-24	3.87e-21	5.48e-18	3.50e-15	1.17e-11	5.61e-09	8.12e-07	3.79e-05	8.43e-04	7.68e-03	3.02e-02	1.01e-01	6.13e-01	2.22e-01	2.54e-02
 4.59246e+21	0.00e+00	0.00e+00	1.75e-28	1.88e-24	5.19e-21	7.09e-18	4.37e-15	1.45e-11	6.86e-09	9.73e-07	4.42e-05	9.56e-04	8.46e-03	3.22e-02	1.04e-01	6.14e-01	2.16e-01	2.40e-02
 4.68891e+21	0.00e+00	0.00e+00	2.61e-28	2.71e-24	7.18e-21	9.43e-18	5.58e-15	1.84e-11	8.58e-09	1.19e-06	5.24e-05	1.10e-03	9.42e-03	3.46e-02	1.08e-01	6.15e-01	2.09e-01	2.25e-02
 4.77805e+21	0.00e+00	0.00e+00	3.78e-28	3.78e-24	9.67e-21	1.22e-17	6.98e-15	2.30e-11	1.05e-08	1.43e-06	6.13e-05	1.25e-03	1.04e-02	3.70e-02	1.11e-01	6.16e-01	2.03e-01	2.11e-02
 4.85524e+21	0.00e+00	0.00e+00	5.19e-28	5.03e-24	1.25e-20	1.53e-17	8.46e-15	2.78e-11	1.26e-08	1.67e-06	7.01e-05	1.39e-03	1.13e-02	3.91e-02	1.14e-01	6.16e-01	1.98e-01	2.00e-02
 4.93725e+21	0.00e+00	0.00e+00	7.24e-28	6.80e-24	1.63e-20	1.93e-17	1.03e-14	3.39e-11	1.51e-08	1.97e-06	8.07e-05	1.56e-03	1.23e-02	4.14e-02	1.18e-01	6.16e-01	1.92e-01	1.89e-02
 5.02901e+21	0.00e+00	0.00e+00	1.05e-27	9.50e-24	2.20e-20	2.51e-17	1.29e-14	4.23e-11	1.86e-08	2.37e-06	9.44e-05	1.78e-03	1.36e-02	4.42e-02	1.21e-01	6.15e-01	1.86e-01	1.78e-02
 5.11442e+21	0.00e+00	0.00e+00	1.48e-27	1.29e-23	2.89e-20	3.19e-17	1.58e-14	5.19e-11	2.25e-08	2.81e-06	1.09e-04	2.00e-03	1.49e-02	4.69e-02	1.25e-01	6.15e-01	1.80e-01	1.67e-02
 5.19331e+21	0.00e+00	0.00e+00	2.02e-27	1.72e-23	3.72e-20	3.97e-17	1.91e-14	6.26e-11	2.67e-08	3.29e-06	1.25e-04	2.23e-03	1.61e-02	4.95e-02	1.28e-01	6.13e-01	1.75e-01	1.58e-02
 5.28276e+21	0.00e+00	0.00e+00	2.87e-27	2.36e-23	4.93e-20	5.07e-17	2.35e-14	7.71e-11	3.25e-08	3.91e-06	1.44e-04	2.51e-03	1.77e-02	5.25e-02	1.31e-01	6.12e-01	1.69e-01	1.48e-02
 5.38166e+21	0.00e+00	0.00e+00	4.22e-27	3.34e-23	6.72e-20	6.64e-17	2.96e-14	9.70e-11	4.02e-08	4.74e-06	1.70e-04	2.86e-03	1.95e-02	5.61e-02	1.35e-01	6.09e-01	1.63e-01	1.38e-02
 5.47192e+21	0.00e+00	0.00e+00	5.99e-27	4.58e-23	8.90e-20	8.47e-17	3.64e-14	1.19e-10	4.88e-08	5.64e-06	1.97e-04	3.22e-03	2.13e-02	5.95e-02	1.39e-01	6.07e-01	1.58e-01	1.30e-02
 5.55471e+21	0.00e+00	0.00e+00	8.24e-27	6.10e-23	1.15e-19	1.06e-16	4.39e-14	1.44e-10	5.82e-08	6.60e-06	2.25e-04	3.59e-03	2.32e-02	6.27e-02	1.42e-01	6.04e-01	1.53e-01	1.22e-02
 5.64868e+21	0.00e+00	0.00e+00	1.18e-26	8.42e-23	1.53e-19	1.35e-16	5.41e-14	1.78e-10	7.09e-08	7.88e-06	2.61e-04	4.05e-03	2.54e-02	6.65e-02	1.45e-01	6.00e-01	1.47e-01	1.14e-02
 5.74938e+21	0.00e+00	0.00e+00	1.73e-26	1.19e-22	2.07e-19	1.76e-16	6.77e-14	2.23e-10	8.75e-08	9.51e-06	3.07e-04	4.61e-03	2.79e-02	7.07e-02	1.49e-01	5.96e-01	1.41e-01	1.06e-02
 5.83733e+21	0.00e+00	0.00e+00	2.42e-26	1.61e-22	2.71e-19	2.22e-16	8.22e-14	2.71e-10	1.05e-07	1.12e-05	3.53e-04	5.16e-03	3.04e-02	7.47e-02	1.52e-01	5.91e-01	1.36e-01	9.87e-03
 5.91533e+21	0.00e+00	0.00e+00	3.22e-26	2.08e-22	3.40e-19	2.70e-16	9.71e-14	3.21e-10	1.23e-07	1.29e-05	3.97e-04	5.68e-03	3.26e-02	7.81e-02	1.55e-01	5.87e-01	1.31e-01	9.32e-03
 6.00188e+21	0.00e+00	0.00e+00	4.44e-26	2.78e-22	4.39e-19	3.37e-16	1.17e-13	3.87e-10	1.47e-07	1.51e-05	4.54e-04	6.31e-03	3.53e-02	8.22e-02	1.58e-01	5.82e-01	1.27e-01	8.72e-03
 6.11441e+21	0.00e+00	2.61e-30	6.72e-26	4.02e-22	6.09e-19	4.47e-16	1.48e-13	4.92e-10	1.84e-07	1.85e-05	5.38e-04	7.23e-03	3.91e-02	8.76e-02	1.62e-01	5.75e-01	1.20e-01	7.99e-03
 6.22695e+21	0.00e+00	4.11e-30	1.02e-25	5.83e-22	8.44e-19	5.92e-16	1.88e-13	6.24e-10	2.30e-07	2.26e-05	6.38e-04	8.28e-03	4.32e-02	9.33e-02	1.66e-01	5.67e-01	1.14e-01	7.31e-03
 6.31333e+21	0.00e+00	5.82e-30	1.39e-25	7.73e-22	1.08e-18	7.34e-16	2.24e-13	7.48e-10	2.73e-07	2.64e-05	7.26e-04	9.18e-03	4.66e-02	9.78e-02	1.69e-01	5.61e-01	1.10e-01	6.82e-03
 6.39943e+21	0.00e+00	8.17e-30	1.89e-25	1.02e-21	1.38e-18	9.05e-16	2.67e-13	8.93e-10	3.22e-07	3.06e-05	8.23e-04	1.01e-02	5.02e-02	1.02e-01	1.71e-01	5.54e-01	1.05e-01	6.37e-03
 6.51137e+21	0.00e+00	1.27e-29	2.82e-25	1.46e-21	1.90e-18	1.19e-15	3.35e-13	1.12e-09	3.98e-07	3.71e-05	9.68e-04	1.15e-02	5.52e-02	1.08e-01	1.74e-01	5.44e-01	9.98e-02	5.81e-03
 6.62604e+21	0.00e+00	1.99e-29	4.25e-25	2.10e-21	2.62e-18	1.56e-15	4.21e-13	1.41e-09	4.95e-07	4.51e-05	1.14e-03	1.31e-02	6.07e-02	1.15e-01	1.77e-01	5.34e-01	9.41e-02	5.28e-03
 6.71850e+21	0.00e+00	2.85e-29	5.89e-25	2.82e-21	3.38e-18	1.95e-15	5.06e-13	1.70e-09	5.88e-07	5.27e-05	1.30e-03	1.45e-02	6.54e-02	1.20e-01	1.80e-01	5.25e-01	8.97e-02	4.89e-03
 6.81292e+21	0.00e+00	4.09e-29	8.17e-25	3.78e-21	4.38e-18	2.43e-15	6.07e-13	2.04e-09	6.98e-07	6.15e-05	1.48e-03	1.61e-02	7.04e-02	1.25e-01	1.82e-01	5.15e-01	8.54e-02	4.51e-03
 6.93567e+21	0.00e+00	6.52e-29	1.25e-24	5.52e-21	6.11e-18	3.23e-15	7.69e-13	2.57e-09	8.70e-07	7.50e-05	1.75e-03	1.83e-02	7.73e-02	1.32e-01	1.84e-01	5.02e-01	8.00e-02	4.06e-03
 7.06006e+21	0.00e+00	1.04e-28	1.91e-24	8.08e-21	8.54e-18	4.30e-15	9.74e-13	3.25e-09	1.08e-06	9.14e-05	2.06e-03	2.09e-02	8.48e-02	1.40e-01	1.86e-01	4.88e-01	7.47e-02	3.64e-03
 7.15787e+21	0.00e+00	1.50e-28	2.66e-24	1.09e-20	1.11e-17	5.37e-15	1.17e-12	3.89e-09	1.28e-06	1.06e-04	2.34e-03	2.30e-02	9.10e-02	1.45e-01	1.87e-01	4.77e-01	7.06e-02	3.33e-03
 7.25634e+21	0.00e+00	2.15e-28	3.69e-24	1.46e-20	1.43e-17	6.69e-15	1.40e-12	4.64e-09	1.51e-06	1.24e-04	2.65e-03	2.53e-02	9.75e-02	1.51e-01	1.88e-01	4.65e-01	6.67e-02	3.05e-03
 7.38436e+21	0.00e+00	3.42e-28	5.61e-24	2.12e-20	2.00e-17	8.87e-15	1.77e-12	5.80e-09	1.87e-06	1.49e-04	3.11e-03	2.86e-02	1.06e-01	1.58e-01	1.89e-01	4.50e-01	6.19e-02	2.72e-03
 7.51759e+21	0.00e+00	5.52e-28	8.66e-24	3.13e-20	2.81e-17	1.19e-14	2.25e-12	7.29e-09	2.31e-06	1.81e-04	3.65e-03	3.24e-02	1.16e-01	1.66e-01	1.90e-01	4.33e-01	5.71e-02	2.41e-03
 7.62304e+21	0.00e+00	8.00e-28	1.21e-23	4.24e-20	3.66e-17	1.49e-14	2.72e-12	8.69e-09	2.73e-06	2.10e-04	4.14e-03	3.56e-02	1.24e-01	1.71e-01	1.90e-01	4.20e-01	5.35e-02	2.18e-03
 7.70992e+21	0.00e+00	1.09e-27	1.61e-23	5.45e-20	4.57e-17	1.80e-14	3.17e-12	1.00e-08	3.12e-06	2.38e-04	4.58e-03	3.84e-02	1.30e-01	1.76e-01	1.90e-01	4.08e-01	5.06e-02	2.01e-03
 7.80725e+21	0.00e+00	1.51e-27	2.16e-23	7.09e-20	5.76e-17	2.19e-14	3.74e-12	1.17e-08	3.59e-06	2.70e-04	5.09e-03	4.16e-02	1.37e-01	1.81e-01	1.89e-01	3.96e-01	4.77e-02	1.84e-03
 7.93378e+21	0.00e+00	2.30e-27	3.17e-23	1.00e-19	7.80e-17	2.84e-14	4.63e-12	1.42e-08	4.31e-06	3.18e-04	5.83e-03	4.60e-02	1.47e-01	1.87e-01	1.88e-01	3.80e-01	4.40e-02	1.63e-03
 8.06540e+21	0.00e+00	3.54e-27	4.69e-23	1.42e-19	1.07e-16	3.70e-14	5.76e-12	1.73e-08	5.18e-06	3.75e-04	6.68e-03	5.09e-02	1.58e-01	1.92e-01	1.87e-01	3.63e-01	4.04e-02	1.44e-03
 8.17505e+21	0.00e+00	5.04e-27	6.47e-23	1.90e-19	1.37e-16	4.60e-14	6.89e-12	2.03e-08	6.00e-06	4.28e-04	7.46e-03	5.52e-02	1.66e-01	1.97e-01	1.85e-01	3.49e-01	3.76e-02	1.30e-03
 8.28903e+21	0.00e+00	7.20e-27	8.95e-23	2.54e-19	1.78e-16	5.73e-14	8.26e-12	2.39e-08	6.96e-06	4.89e-04	8.32e-03	5.98e-02	1.75e-01	2.01e-01	1.84e-01	3.35e-01	3.49e-02	1.17e-03
 8.43721e+21	0.00e+00	1.13e-26	1.35e-22	3.68e-19	2.46e-16	7.57e-14	1.04e-11	2.92e-08	8.39e-06	5.78e-04	9.54e-03	6.61e-02	1.87e-01	2.06e-01	1.81e-01	3.17e-01	3.17e-02	1.01e-03
 8.58821e+21	0.00e+00	1.78e-26	2.04e-22	5.33e-19	3.41e-16	1.00e-13	1.31e-11	3.57e-08	1.01e-05	6.81e-04	1.09e-02	7.28e-02	1.98e-01	2.11e-01	1.77e-01	3.00e-01	2.86e-02	8.79e-04
 8.71005e+21	0.00e+00	2.53e-26	2.82e-22	7.14e-19	4.42e-16	1.25e-13	1.57e-11	4.17e-08	1.16e-05	7.73e-04	1.21e-02	7.84e-02	2.07e-01	2.14e-01	1.75e-01	2.86e-01	2.64e-02	7.83e-04
 8.83562e+21	0.00e+00	3.61e-26	3.89e-22	9.54e-19	5.71e-16	1.56e-13	1.89e-11	4.88e-08	1.34e-05	8.76e-04	1.34e-02	8.42e-02	2.17e-01	2.17e-01	1.71e-01	2.72e-01	2.43e-02	6.96e-04
 8.99885e+21	0.00e+00	5.64e-26	5.86e-22	1.38e-18	7.90e-16	2.06e-13	2.38e-11	5.93e-08	1.60e-05	1.02e-03	1.52e-02	9.20e-02	2.28e-01	2.20e-01	1.67e-01	2.54e-01	2.18e-02	5.98e-04
 9.16764e+21	0.00e+00	8.86e-26	8.84e-22	2.00e-18	1.10e-15	2.73e-13	3.01e-11	7.21e-08	1.90e-05	1.20e-03	1.73e-02	1.00e-01	2.40e-01	2.22e-01	1.62e-01	2.37e-01	1.94e-02	5.11e-04
 9.30743e+21	0.00e+00	1.27e-25	1.23e-21	2.69e-18	1.43e-15	3.42e-13	3.64e-11	8.44e-08	2.19e-05	1.35e-03	1.91e-02	1.07e-01	2.49e-01	2.23e-01	1.58e-01	2.24e-01	1.77e-02	4.49e-04
 9.43100e+21	0.00e+00	1.74e-25	1.64e-21	3.48e-18	1.80e-15	4.16e-13	4.28e-11	9.66e-08	2.47e-05	1.50e-03	2.07e-02	1.14e-01	2.57e-01	2.24e-01	1.54e-01	2.12e-01	1.63e-02	4.00e-04
 9.56972e+21	0.00e+00	2.44e-25	2.23e-21	4.61e-18	2.30e-15	5.16e-13	5.11e-11	1.12e-07	2.81e-05	1.68e-03	2.27e-02	1.21e-01	2.65e-01	2.24e-01	1.50e-01	2.00e-01	1.48e-02	3.53e-04
 9.72390e+21	0.00e+00	3.53e-25	3.13e-21	6.26e-18	3.02e-15	6.51e-13	6.21e-11	1.31e-07	3.23e-05	1.90e-03	2.50e-02	1.28e-01	2.74e-01	2.24e-01	1.45e-01	1.87e-01	1.34e-02	3.07e-04
 9.86658e+21	0.00e+00	4.92e-25	4.25e-21	8.25e-18	3.86e-15	8.03e-13	7.40e-11	1.51e-07	3.67e-05	2.12e-03	2.72e-02	1.36e-01	2.82e-01	2.24e-01	1.41e-01	1.76e-01	1.21e-02	2.70e-04
 9.99997e+21	0.00e+00	6.66e-25	5.61e-21	1.06e-17	4.82e-15	9.74e-13	8.68e-11	1.72e-07	4.11e-05	2.34e-03	2.94e-02	1.43e-01	2.89e-01	2.23e-01	1.36e-01	1.66e-01	1.11e-02	2.39e-04
 1.01529e+22	0.00e+00	9.33e-25	7.64e-21	1.40e-17	6.19e-15	1.21e-12	1.04e-10	1.99e-07	4.66e-05	2.61e-03	3.20e-02	1.50e-01	2.96e-01	2.21e-01	1.32e-01	1.56e-01	1.00e-02	2.09e-04
 1.03244e+22	0.00e+00	1.35e-24	1.07e-20	1.91e-17	8.13e-15	1.53e-12	1.26e-10	2.34e-07	5.35e-05	2.93e-03	3.51e-02	1.59e-01	3.03e-01	2.19e-01	1.26e-01	1.44e-01	8.97e-03	1.80e-04
 1.04856e+22	0.00e+00	1.90e-24	1.46e-20	2.53e-17	1.04e-14	1.89e-12	1.51e-10	2.70e-07	6.06e-05	3.26e-03	3.81e-02	1.67e-01	3.10e-01	2.17e-01	1.21e-01	1.34e-01	8.06e-03	1.56e-04
 1.06372e+22	0.00e+00	2.58e-24	1.95e-20	3.27e-17	1.31e-14	2.31e-12	1.79e-10	3.09e-07	6.80e-05	3.59e-03	4.10e-02	1.75e-01	3.15e-01	2.15e-01	1.17e-01	1.26e-01	7.30e-03	1.37e-04
 1.08108e+22	0.00e+00	3.65e-24	2.67e-20	4.35e-17	1.70e-14	2.88e-12	2.15e-10	3.58e-07	7.71e-05	4.00e-03	4.44e-02	1.84e-01	3.21e-01	2.12e-01	1.12e-01	1.17e-01	6.53e-03	1.18e-04
 1.09923e+22	0.00e+00	5.19e-24	3.69e-20	5.84e-17	2.20e-14	3.61e-12	2.60e-10	4.17e-07	8.78e-05	4.45e-03	4.82e-02	1.93e-01	3.26e-01	2.08e-01	1.07e-01	1.08e-01	5.80e-03	1.01e-04
 1.11447e+22	0.00e+00	6.93e-24	4.81e-20	7.44e-17	2.73e-14	4.35e-12	3.03e-10	4.72e-07	9.75e-05	4.86e-03	5.15e-02	2.00e-01	3.30e-01	2.05e-01	1.02e-01	1.01e-01	5.26e-03	8.90e-05
 1.13036e+22	0.00e+00	9.28e-24	6.29e-20	9.48e-17	3.39e-14	5.24e-12	3.55e-10	5.35e-07	1.08e-04	5.31e-03	5.50e-02	2.07e-01	3.34e-01	2.01e-01	9.82e-02	9.38e-02	4.76e-03	7.81e-05
 1.15102e+22	0.00e+00	1.34e-23	8.84e-20	1.29e-16	4.47e-14	6.65e-12	4.34e-10	6.28e-07	1.24e-04	5.92e-03	5.97e-02	2.17e-01	3.38e-01	1.97e-01	9.28e-02	8.57e-02	4.18e-03	6.59e-05
 1.17208e+22	0.00e+00	1.94e-23	1.24e-19	1.76e-16	5.89e-14	8.45e-12	5.30e-10	7.37e-07	1.42e-04	6.61e-03	6.47e-02	2.27e-01	3.41e-01	1.92e-01	8.76e-02	7.81e-02	3.66e-03	5.55e-05
 1.18908e+22	0.00e+00	2.60e-23	1.62e-19	2.24e-16	7.31e-14	1.02e-11	6.21e-10	8.36e-07	1.57e-04	7.19e-03	6.88e-02	2.34e-01	3.43e-01	1.88e-01	8.35e-02	7.25e-02	3.29e-03	4.84e-05
 1.20660e+22	0.00e+00	3.47e-23	2.12e-19	2.86e-16	9.08e-14	1.23e-11	7.26e-10	9.48e-07	1.74e-04	7.82e-03	7.31e-02	2.41e-01	3.44e-01	1.83e-01	7.96e-02	6.73e-02	2.96e-03	4.22e-05
 1.22938e+22	0.00e+00	5.01e-23	2.97e-19	3.88e-16	1.19e-13	1.56e-11	8.87e-10	1.11e-06	1.99e-04	8.69e-03	7.89e-02	2.51e-01	3.46e-01	1.77e-01	7.47e-02	6.10e-02	2.58e-03	3.53e-05
 1.25315e+22	0.00e+00	7.28e-23	4.20e-19	5.32e-16	1.58e-13	1.99e-11	1.09e-09	1.31e-06	2.27e-04	9.67e-03	8.51e-02	2.60e-01	3.46e-01	1.71e-01	6.98e-02	5.51e-02	2.24e-03	2.94e-05
 1.27315e+22	0.00e+00	9.90e-23	5.57e-19	6.88e-16	1.99e-13	2.43e-11	1.29e-09	1.50e-06	2.54e-04	1.05e-02	9.04e-02	2.68e-01	3.46e-01	1.66e-01	6.59e-02	5.05e-02	1.98e-03	2.53e-05
 1.29410e+22	0.00e+00	1.35e-22	7.42e-19	8.92e-16	2.51e-13	2.97e-11	1.53e-09	1.71e-06	2.83e-04	1.15e-02	9.61e-02	2.75e-01	3.46e-01	1.61e-01	6.21e-02	4.63e-02	1.76e-03	2.16e-05
 1.32132e+22	2.58e-30	2.00e-22	1.06e-18	1.24e-15	3.37e-13	3.83e-11	1.89e-09	2.03e-06	3.25e-04	1.28e-02	1.04e-01	2.85e-01	3.44e-01	1.54e-01	5.75e-02	4.13e-02	1.50e-03	1.77e-05
 1.34790e+22	3.69e-30	2.92e-22	1.51e-18	1.70e-15	4.47e-13	4.90e-11	2.33e-09	2.39e-06	3.71e-04	1.42e-02	1.11e-01	2.93e-01	3.42e-01	1.47e-01	5.32e-02	3.70e-02	1.29e-03	1.46e-05
 1.36776e+22	4.78e-30	3.84e-22	1.94e-18	2.14e-15	5.49e-13	5.85e-11	2.71e-09	2.70e-06	4.09e-04	1.53e-02	1.17e-01	2.99e-01	3.40e-01	1.43e-01	5.03e-02	3.40e-02	1.15e-03	1.26e-05
 1.38769e+22	6.18e-30	5.02e-22	2.48e-18	2.68e-15	6.71e-13	6.97e-11	3.14e-09	3.03e-06	4.49e-04	1.64e-02	1.23e-01	3.05e-01	3.38e-01	1.38e-01	4.75e-02	3.14e-02	1.03e-03	1.10e-05
 1.41361e+22	8.46e-30	7.00e-22	3.37e-18	3.54e-15	8.60e-13	8.64e-11	3.76e-09	3.51e-06	5.04e-04	1.79e-02	1.30e-01	3.12e-01	3.34e-01	1.32e-01	4.42e-02	2.83e-02	8.97e-04	9.22e-06
 1.44208e+22	1.19e-29	1.01e-21	4.74e-18	4.82e-15	1.13e-12	1.10e-10	4.61e-09	4.12e-06	5.72e-04	1.98e-02	1.38e-01	3.19e-01	3.30e-01	1.25e-01	4.07e-02	2.52e-02	7.65e-04	7.54e-06
 1.46773e+22	1.59e-29	1.39e-21	6.36e-18	6.30e-15	1.44e-12	1.35e-10	5.49e-09	4.73e-06	6.39e-04	2.15e-02	1.46e-01	3.25e-01	3.26e-01	1.20e-01	3.78e-02	2.27e-02	6.66e-04	6.34e-06
 1.49494e+22	2.15e-29	1.93e-21	8.58e-18	8.26e-15	1.84e-12	1.67e-10	6.56e-09	5.45e-06	7.14e-04	2.33e-02	1.54e-01	3.31e-01	3.21e-01	1.14e-01	3.50e-02	2.05e-02	5.79e-04	5.32e-06
 1.53031e+22	3.15e-29	2.92e-21	1.26e-17	1.17e-14	2.51e-12	2.19e-10	8.24e-09	6.53e-06	8.23e-04	2.59e-02	1.64e-01	3.38e-01	3.14e-01	1.07e-01	3.17e-02	1.78e-02	4.80e-04	4.21e-06
 1.56646e+22	4.54e-29	4.43e-21	1.85e-17	1.66e-14	3.42e-12	2.86e-10	1.03e-08	7.81e-06	9.47e-04	2.87e-02	1.75e-01	3.44e-01	3.07e-01	1.00e-01	2.86e-02	1.55e-02	3.99e-04	3.33e-06
 1.59437e+22	5.96e-29	6.05e-21	2.46e-17	2.15e-14	4.32e-12	3.51e-10	1.23e-08	8.94e-06	1.05e-03	3.10e-02	1.84e-01	3.48e-01	3.01e-01	9.51e-02	2.64e-02	1.39e-02	3.46e-04	2.79e-06
 1.62142e+22	7.71e-29	8.09e-21	3.22e-17	2.75e-14	5.36e-12	4.23e-10	1.44e-08	1.01e-05	1.16e-03	3.33e-02	1.92e-01	3.51e-01	2.95e-01	9.05e-02	2.45e-02	1.26e-02	3.02e-04	2.36e-06
 1.65657e+22	1.07e-28	1.17e-20	4.51e-17	3.73e-14	7.04e-12	5.36e-10	1.75e-08	1.19e-05	1.31e-03	3.64e-02	2.02e-01	3.55e-01	2.87e-01	8.48e-02	2.22e-02	1.10e-02	2.55e-04	1.91e-06
 1.69406e+22	1.49e-28	1.73e-20	6.46e-17	5.17e-14	9.43e-12	6.90e-10	2.17e-08	1.40e-05	1.49e-03	3.99e-02	2.13e-01	3.59e-01	2.78e-01	7.89e-02	2.00e-02	9.59e-03	2.12e-04	1.52e-06
 1.72541e+22	1.94e-28	2.37e-20	8.64e-17	6.73e-14	1.19e-11	8.46e-10	2.58e-08	1.61e-05	1.65e-03	4.30e-02	2.23e-01	3.61e-01	2.71e-01	7.43e-02	1.83e-02	8.54e-03	1.82e-04	1.26e-06
 1.75277e+22	2.44e-28	3.10e-20	1.11e-16	8.42e-14	1.46e-11	1.01e-09	2.98e-08	1.80e-05	1.80e-03	4.57e-02	2.30e-01	3.62e-01	2.64e-01	7.05e-02	1.70e-02	7.73e-03	1.60e-04	1.07e-06
 1.78409e+22	3.15e-28	4.18e-20	1.46e-16	1.08e-13	1.82e-11	1.22e-09	3.50e-08	2.05e-05	1.99e-03	4.89e-02	2.39e-01	3.63e-01	2.57e-01	6.64e-02	1.56e-02	6.91e-03	1.38e-04	8.94e-07
 1.82481e+22	4.33e-28	6.08e-20	2.06e-16	1.48e-13	2.40e-11	1.55e-09	4.29e-08	2.40e-05	2.24e-03	5.32e-02	2.51e-01	3.64e-01	2.48e-01	6.16e-02	1.40e-02	6.00e-03	1.15e-04	7.12e-07
 1.86700e+22	5.96e-28	8.96e-20	2.94e-16	2.04e-13	3.21e-11	1.99e-09	5.29e-08	2.83e-05	2.54e-03	5.81e-02	2.63e-01	3.65e-01	2.38e-01	5.67e-02	1.25e-02	5.15e-03	9.40e-05	5.58e-07
 1.90157e+22	7.65e-28	1.22e-19	3.91e-16	2.64e-13	4.04e-11	2.43e-09	6.26e-08	3.22e-05	2.80e-03	6.21e-02	2.72e-01	3.64e-01	2.30e-01	5.30e-02	1.13e-02	4.56e-03	8.03e-05	4.60e-07
 1.93699e+22	9.86e-28	1.65e-19	5.17e-16	3.41e-13	5.06e-11	2.95e-09	7.37e-08	3.66e-05	3.09e-03	6.63e-02	2.81e-01	3.63e-01	2.22e-01	4.95e-02	1.03e-02	4.04e-03	6.86e-05	3.79e-07
 1.98304e+22	1.35e-27	2.43e-19	7.35e-16	4.68e-13	6.71e-11	3.77e-09	9.04e-08	4.30e-05	3.48e-03	7.19e-02	2.93e-01	3.62e-01	2.12e-01	4.53e-02	9.14e-03	3.46e-03	5.62e-05	2.97e-07
 2.03085e+22	1.86e-27	3.61e-19	1.06e-15	6.53e-13	9.03e-11	4.87e-09	1.12e-07	5.08e-05	3.94e-03	7.82e-02	3.05e-01	3.59e-01	2.01e-01	4.12e-02	8.03e-03	2.93e-03	4.54e-05	2.29e-07
 2.07022e+22	2.38e-27	4.94e-19	1.42e-15	8.50e-13	1.14e-10	5.96e-09	1.33e-07	5.79e-05	4.35e-03	8.35e-02	3.15e-01	3.56e-01	1.93e-01	3.82e-02	7.24e-03	2.57e-03	3.82e-05	1.86e-07
 2.11066e+22	3.07e-27	6.76e-19	1.89e-15	1.10e-12	1.44e-10	7.29e-09	1.57e-07	6.60e-05	4.79e-03	8.90e-02	3.24e-01	3.53e-01	1.85e-01	3.53e-02	6.51e-03	2.25e-03	3.22e-05	1.50e-07
 2.16324e+22	4.22e-27	1.00e-18	2.72e-15	1.53e-12	1.93e-10	9.38e-09	1.95e-07	7.78e-05	5.40e-03	9.63e-02	3.36e-01	3.48e-01	1.74e-01	3.19e-02	5.69e-03	1.89e-03	2.59e-05	0.00e+00
 2.21793e+22	5.77e-27	1.50e-18	3.94e-15	2.15e-12	2.61e-10	1.22e-08	2.42e-07	9.20e-05	6.11e-03	1.04e-01	3.48e-01	3.43e-01	1.64e-01	2.86e-02	4.93e-03	1.58e-03	2.05e-05	0.00e+00
 2.26017e+22	7.27e-27	2.03e-18	5.22e-15	2.78e-12	3.28e-10	1.48e-08	2.85e-07	1.04e-04	6.70e-03	1.11e-01	3.57e-01	3.38e-01	1.56e-01	2.63e-02	4.42e-03	1.38e-03	1.72e-05	0.00e+00
 2.29372e+22	8.71e-27	2.57e-18	6.49e-15	3.38e-12	3.91e-10	1.72e-08	3.24e-07	1.15e-04	7.19e-03	1.16e-01	3.63e-01	3.34e-01	1.50e-01	2.46e-02	4.05e-03	1.24e-03	1.50e-05	0.00e+00
 2.33118e+22	1.06e-26	3.32e-18	8.22e-15	4.19e-12	4.73e-10	2.03e-08	3.72e-07	1.28e-04	7.77e-03	1.22e-01	3.70e-01	3.29e-01	1.44e-01	2.29e-02	3.68e-03	1.10e-03	1.29e-05	0.00e+00
 2.37988e+22	1.37e-26	4.58e-18	1.10e-14	5.48e-12	6.01e-10	2.50e-08	4.42e-07	1.46e-04	8.55e-03	1.29e-01	3.79e-01	3.23e-01	1.36e-01	2.09e-02	3.27e-03	9.43e-04	1.07e-05	0.00e+00
 2.43257e+22	1.78e-26	6.47e-18	1.52e-14	7.35e-12	7.81e-10	3.13e-08	5.35e-07	1.69e-04	9.48e-03	1.38e-01	3.88e-01	3.15e-01	1.27e-01	1.88e-02	2.85e-03	7.97e-04	8.60e-06	0.00e+00
 2.47886e+22	2.21e-26	8.69e-18	2.00e-14	9.43e-12	9.76e-10	3.80e-08	6.28e-07	1.91e-04	1.04e-02	1.45e-01	3.95e-01	3.09e-01	1.20e-01	1.71e-02	2.54e-03	6.89e-04	7.15e-06	0.00e+00
 2.52744e+22	2.78e-26	1.17e-17	2.63e-14	1.21e-11	1.22e-09	4.60e-08	7.37e-07	2.16e-04	1.13e-02	1.53e-01	4.02e-01	3.02e-01	1.13e-01	1.56e-02	2.26e-03	5.95e-04	5.95e-06	0.00e+00
 2.59059e+22	3.70e-26	1.70e-17	3.73e-14	1.66e-11	1.62e-09	5.89e-08	9.09e-07	2.53e-04	1.26e-02	1.64e-01	4.10e-01	2.92e-01	1.05e-01	1.38e-02	1.93e-03	4.90e-04	4.65e-06	0.00e+00
 2.65417e+22	4.83e-26	2.46e-17	5.27e-14	2.28e-11	2.15e-09	7.53e-08	1.12e-06	2.95e-04	1.41e-02	1.75e-01	4.17e-01	2.82e-01	9.66e-02	1.21e-02	1.65e-03	4.03e-04	3.63e-06	0.00e+00
 2.70431e+22	5.89e-26	3.27e-17	6.87e-14	2.91e-11	2.68e-09	9.09e-08	1.31e-06	3.33e-04	1.53e-02	1.84e-01	4.23e-01	2.74e-01	9.06e-02	1.10e-02	1.46e-03	3.46e-04	3.00e-06	0.00e+00
 2.75552e+22	7.24e-26	4.31e-17	8.90e-14	3.69e-11	3.32e-09	1.09e-07	1.53e-06	3.74e-04	1.66e-02	1.93e-01	4.27e-01	2.66e-01	8.49e-02	9.95e-03	1.29e-03	2.97e-04	2.48e-06	0.00e+00
 2.82208e+22	9.38e-26	6.10e-17	1.23e-13	4.97e-11	4.34e-09	1.38e-07	1.86e-06	4.34e-04	1.84e-02	2.04e-01	4.33e-01	2.56e-01	7.80e-02	8.74e-03	1.10e-03	2.44e-04	1.94e-06	0.00e+00
 2.89261e+22	1.21e-25	8.77e-17	1.73e-13	6.81e-11	5.76e-09	1.77e-07	2.30e-06	5.07e-04	2.05e-02	2.17e-01	4.37e-01	2.45e-01	7.10e-02	7.60e-03	9.25e-04	1.98e-04	1.49e-06	0.00e+00
 2.95278e+22	1.48e-25	1.18e-16	2.30e-13	8.84e-11	7.31e-09	2.17e-07	2.74e-06	5.77e-04	2.24e-02	2.28e-01	4.41e-01	2.35e-01	6.55e-02	6.73e-03	7.99e-04	1.65e-04	1.19e-06	0.00e+00
 3.01548e+22	1.81e-25	1.59e-16	3.04e-13	1.14e-10	9.21e-09	2.66e-07	3.24e-06	6.55e-04	2.44e-02	2.39e-01	4.43e-01	2.26e-01	6.04e-02	5.97e-03	6.91e-04	1.38e-04	9.53e-07	0.00e+00
 3.09700e+22	2.34e-25	2.29e-16	4.30e-13	1.58e-10	1.24e-08	3.43e-07	4.03e-06	7.70e-04	2.72e-02	2.54e-01	4.45e-01	2.13e-01	5.42e-02	5.10e-03	5.72e-04	1.10e-04	7.15e-07	0.00e+00
 3.18016e+22	2.96e-25	3.31e-16	6.12e-13	2.19e-10	1.67e-08	4.46e-07	5.04e-06	9.07e-04	3.04e-02	2.69e-01	4.46e-01	2.01e-01	4.84e-02	4.32e-03	4.70e-04	8.63e-05	5.30e-07	0.00e+00
 3.24282e+22	3.48e-25	4.33e-16	7.92e-13	2.79e-10	2.08e-08	5.42e-07	5.96e-06	1.03e-03	3.30e-02	2.80e-01	4.46e-01	1.91e-01	4.43e-02	3.81e-03	4.04e-04	7.18e-05	4.22e-07	0.00e+00
 3.29331e+22	3.95e-25	5.32e-16	9.64e-13	3.35e-10	2.46e-08	6.26e-07	6.75e-06	1.12e-03	3.50e-02	2.89e-01	4.45e-01	1.85e-01	4.14e-02	3.46e-03	3.61e-04	6.25e-05	3.56e-07	0.00e+00
 3.35059e+22	4.58e-25	6.66e-16	1.20e-12	4.10e-10	2.96e-08	7.38e-07	7.77e-06	1.25e-03	3.75e-02	2.99e-01	4.44e-01	1.77e-01	3.83e-02	3.10e-03	3.17e-04	5.34e-05	2.92e-07	0.00e+00
 3.42505e+22	5.48e-25	8.81e-16	1.57e-12	5.29e-10	3.74e-08	9.06e-07	9.28e-06	1.42e-03	4.08e-02	3.12e-01	4.41e-01	1.67e-01	3.47e-02	2.69e-03	2.69e-04	4.36e-05	2.28e-07	0.00e+00
 3.50636e+22	6.53e-25	1.19e-15	2.10e-12	6.96e-10	4.82e-08	1.13e-06	1.13e-05	1.63e-03	4.47e-02	3.26e-01	4.38e-01	1.57e-01	3.10e-02	2.30e-03	2.24e-04	3.49e-05	1.73e-07	0.00e+00
 3.57794e+22	7.54e-25	1.53e-15	2.69e-12	8.81e-10	5.99e-08	1.37e-06	1.33e-05	1.84e-03	4.83e-02	3.38e-01	4.34e-01	1.48e-01	2.81e-02	2.00e-03	1.91e-04	2.87e-05	1.36e-07	0.00e+00
 3.64195e+22	8.51e-25	1.89e-15	3.33e-12	1.08e-09	7.23e-08	1.62e-06	1.54e-05	2.05e-03	5.17e-02	3.48e-01	4.30e-01	1.40e-01	2.57e-02	1.77e-03	1.65e-04	2.41e-05	0.00e+00	0.00e+00
 3.71474e+22	9.78e-25	2.40e-15	4.19e-12	1.34e-09	8.85e-08	1.94e-06	1.80e-05	2.29e-03	5.54e-02	3.59e-01	4.25e-01	1.32e-01	2.33e-02	1.55e-03	1.42e-04	2.00e-05	0.00e+00	0.00e+00
 3.80937e+22	1.15e-24	3.20e-15	5.59e-12	1.76e-09	1.14e-07	2.43e-06	2.19e-05	2.64e-03	6.07e-02	3.73e-01	4.19e-01	1.23e-01	2.06e-02	1.30e-03	1.16e-04	1.57e-05	0.00e+00	0.00e+00
 3.90655e+22	1.36e-24	4.28e-15	7.48e-12	2.33e-09	1.48e-07	3.06e-06	2.68e-05	3.05e-03	6.64e-02	3.88e-01	4.10e-01	1.13e-01	1.80e-02	1.09e-03	9.44e-05	1.22e-05	0.00e+00	0.00e+00
 3.98510e+22	1.50e-24	5.35e-15	9.38e-12	2.89e-09	1.82e-07	3.68e-06	3.15e-05	3.42e-03	7.13e-02	3.99e-01	4.03e-01	1.06e-01	1.61e-02	9.39e-04	7.99e-05	9.99e-06	0.00e+00	0.00e+00
 4.06530e+22	1.69e-24	6.64e-15	1.16e-11	3.56e-09	2.21e-07	4.37e-06	3.67e-05	3.81e-03	7.62e-02	4.09e-01	3.96e-01	9.91e-02	1.46e-02	8.17e-04	6.82e-05	8.25e-06	0.00e+00	0.00e+00
 4.16955e+22	1.96e-24	8.65e-15	1.53e-11	4.61e-09	2.82e-07	5.43e-06	4.45e-05	4.37e-03	8.29e-02	4.22e-01	3.86e-01	9.10e-02	1.27e-02	6.82e-04	5.55e-05	6.44e-06	0.00e+00	0.00e+00
 4.27903e+22	2.25e-24	1.14e-14	2.02e-11	6.03e-09	3.63e-07	6.81e-06	5.44e-05	5.04e-03	9.03e-02	4.35e-01	3.75e-01	8.30e-02	1.10e-02	5.63e-04	4.47e-05	4.95e-06	0.00e+00	0.00e+00
 4.37123e+22	2.51e-24	1.42e-14	2.53e-11	7.50e-09	4.46e-07	8.18e-06	6.41e-05	5.66e-03	9.67e-02	4.45e-01	3.66e-01	7.68e-02	9.77e-03	4.80e-04	3.73e-05	3.99e-06	0.00e+00	0.00e+00
 4.46701e+22	2.83e-24	1.75e-14	3.15e-11	9.26e-09	5.44e-07	9.78e-06	7.52e-05	6.33e-03	1.03e-01	4.54e-01	3.56e-01	7.11e-02	8.68e-03	4.11e-04	3.13e-05	3.22e-06	0.00e+00	0.00e+00
 4.59152e+22	3.28e-24	2.28e-14	4.15e-11	1.21e-08	6.98e-07	1.22e-05	9.18e-05	7.28e-03	1.12e-01	4.65e-01	3.43e-01	6.43e-02	7.45e-03	3.36e-04	2.50e-05	2.46e-06	0.00e+00	0.00e+00
 4.72171e+22	3.80e-24	2.99e-14	5.51e-11	1.58e-08	9.04e-07	1.54e-05	1.13e-04	8.40e-03	1.22e-01	4.76e-01	3.30e-01	5.78e-02	6.34e-03	2.73e-04	1.97e-05	1.85e-06	0.00e+00	0.00e+00
 4.83105e+22	4.26e-24	3.71e-14	6.92e-11	1.97e-08	1.11e-06	1.85e-05	1.33e-04	9.44e-03	1.30e-01	4.84e-01	3.18e-01	5.28e-02	5.55e-03	2.29e-04	1.62e-05	1.47e-06	0.00e+00	0.00e+00
 4.92139e+22	4.67e-24	4.40e-14	8.30e-11	2.35e-08	1.32e-06	2.16e-05	1.53e-04	1.04e-02	1.37e-01	4.89e-01	3.09e-01	4.90e-02	4.97e-03	1.99e-04	1.38e-05	1.21e-06	0.00e+00	0.00e+00
 5.01523e+22	5.21e-24	5.23e-14	9.94e-11	2.79e-08	1.54e-06	2.49e-05	1.74e-04	1.13e-02	1.44e-01	4.94e-01	3.00e-01	4.57e-02	4.47e-03	1.74e-04	1.19e-05	1.01e-06	0.00e+00	0.00e+00
 5.13721e+22	5.96e-24	6.46e-14	1.24e-10	3.46e-08	1.89e-06	2.98e-05	2.04e-04	1.27e-02	1.53e-01	5.00e-01	2.88e-01	4.16e-02	3.91e-03	1.46e-04	9.77e-06	8.00e-07	0.00e+00	0.00e+00
 5.26598e+22	6.83e-24	8.08e-14	1.57e-10	4.34e-08	2.34e-06	3.60e-05	2.42e-04	1.42e-02	1.63e-01	5.06e-01	2.75e-01	3.76e-02	3.38e-03	1.21e-04	7.93e-06	6.24e-07	0.00e+00	0.00e+00
 5.37524e+22	7.64e-24	9.69e-14	1.91e-10	5.22e-08	2.79e-06	4.20e-05	2.79e-04	1.57e-02	1.72e-01	5.09e-01	2.65e-01	3.46e-02	2.99e-03	1.04e-04	6.67e-06	5.07e-07	0.00e+00	0.00e+00
 5.48896e+22	8.64e-24	1.16e-13	2.31e-10	6.25e-08	3.30e-06	4.89e-05	3.19e-04	1.72e-02	1.81e-01	5.12e-01	2.55e-01	3.18e-02	2.65e-03	8.91e-05	5.63e-06	4.15e-07	0.00e+00	0.00e+00
 5.63679e+22	1.01e-23	1.45e-13	2.93e-10	7.82e-08	4.07e-06	5.89e-05	3.77e-04	1.93e-02	1.92e-01	5.15e-01	2.43e-01	2.86e-02	2.28e-03	7.36e-05	4.55e-06	3.22e-07	0.00e+00	0.00e+00
 5.78891e+22	1.18e-23	1.82e-13	3.75e-10	9.88e-08	5.07e-06	7.15e-05	4.49e-04	2.17e-02	2.04e-01	5.17e-01	2.30e-01	2.55e-02	1.94e-03	6.02e-05	3.64e-06	2.47e-07	0.00e+00	0.00e+00
 5.91153e+22	1.33e-23	2.17e-13	4.53e-10	1.18e-07	6.01e-06	8.31e-05	5.15e-04	2.37e-02	2.14e-01	5.17e-01	2.20e-01	2.33e-02	1.71e-03	5.13e-05	3.04e-06	2.00e-07	0.00e+00	0.00e+00
 6.03585e+22	1.52e-23	2.58e-13	5.44e-10	1.40e-07	7.04e-06	9.54e-05	5.82e-04	2.58e-02	2.23e-01	5.17e-01	2.11e-01	2.14e-02	1.52e-03	4.43e-05	2.58e-06	1.64e-07	0.00e+00	0.00e+00
 6.19746e+22	1.79e-23	3.20e-13	6.82e-10	1.74e-07	8.57e-06	1.14e-04	6.81e-04	2.86e-02	2.34e-01	5.16e-01	1.99e-01	1.92e-02	1.31e-03	3.67e-05	2.10e-06	1.28e-07	0.00e+00	0.00e+00
 6.36981e+22	2.13e-23	4.02e-13	8.70e-10	2.18e-07	1.06e-05	1.37e-04	8.04e-04	3.20e-02	2.47e-01	5.14e-01	1.87e-01	1.70e-02	1.11e-03	2.99e-05	1.67e-06	0.00e+00	0.00e+00	0.00e+00
 6.51771e+22	2.44e-23	4.84e-13	1.06e-09	2.63e-07	1.26e-05	1.60e-04	9.24e-04	3.50e-02	2.58e-01	5.12e-01	1.77e-01	1.54e-02	9.65e-04	2.51e-05	1.38e-06	0.00e+00	0.00e+00	0.00e+00
 6.67159e+22	2.85e-23	5.84e-13	1.30e-09	3.16e-07	1.49e-05	1.84e-04	1.05e-03	3.81e-02	2.68e-01	5.09e-01	1.69e-01	1.39e-02	8.46e-04	2.14e-05	1.15e-06	0.00e+00	0.00e+00	0.00e+00
 6.87164e+22	3.44e-23	7.35e-13	1.65e-09	3.96e-07	1.83e-05	2.21e-04	1.23e-03	4.24e-02	2.82e-01	5.04e-01	1.58e-01	1.23e-02	7.15e-04	1.74e-05	9.17e-07	0.00e+00	0.00e+00	0.00e+00
 7.08261e+22	4.19e-23	9.39e-13	2.14e-09	5.04e-07	2.29e-05	2.68e-04	1.46e-03	4.73e-02	2.96e-01	4.98e-01	1.46e-01	1.07e-02	5.96e-04	1.39e-05	7.15e-07	0.00e+00	0.00e+00	0.00e+00
 7.25984e+22	4.91e-23	1.14e-12	2.65e-09	6.12e-07	2.74e-05	3.13e-04	1.68e-03	5.18e-02	3.08e-01	4.91e-01	1.37e-01	9.56e-03	5.12e-04	1.15e-05	5.83e-07	0.00e+00	0.00e+00	0.00e+00
 7.44234e+22	5.79e-23	1.39e-12	3.23e-09	7.35e-07	3.23e-05	3.60e-04	1.91e-03	5.61e-02	3.18e-01	4.85e-01	1.29e-01	8.61e-03	4.45e-04	9.73e-06	4.83e-07	0.00e+00	0.00e+00	0.00e+00
 7.67958e+22	7.12e-23	1.76e-12	4.15e-09	9.24e-07	3.97e-05	4.30e-04	2.23e-03	6.20e-02	3.32e-01	4.76e-01	1.19e-01	7.52e-03	3.73e-04	7.84e-06	3.81e-07	0.00e+00	0.00e+00	0.00e+00
 7.93602e+22	8.86e-23	2.27e-12	5.44e-09	1.18e-06	4.96e-05	5.21e-04	2.64e-03	6.91e-02	3.46e-01	4.66e-01	1.09e-01	6.46e-03	3.06e-04	6.18e-06	2.93e-07	0.00e+00	0.00e+00	0.00e+00
 8.13864e+22	1.05e-22	2.80e-12	6.74e-09	1.44e-06	5.91e-05	6.06e-04	3.01e-03	7.50e-02	3.57e-01	4.57e-01	1.02e-01	5.72e-03	2.62e-04	5.11e-06	2.37e-07	0.00e+00	0.00e+00	0.00e+00
 8.28862e+22	1.18e-22	3.21e-12	7.80e-09	1.64e-06	6.66e-05	6.71e-04	3.29e-03	7.94e-02	3.65e-01	4.50e-01	9.66e-02	5.26e-03	2.35e-04	4.48e-06	2.06e-07	0.00e+00	0.00e+00	0.00e+00
 8.44897e+22	1.35e-22	3.71e-12	9.06e-09	1.88e-06	7.51e-05	7.43e-04	3.60e-03	8.39e-02	3.72e-01	4.43e-01	9.17e-02	4.82e-03	2.10e-04	3.93e-06	1.78e-07	0.00e+00	0.00e+00	0.00e+00
 8.65742e+22	1.59e-22	4.44e-12	1.09e-08	2.22e-06	8.70e-05	8.42e-04	4.02e-03	8.98e-02	3.81e-01	4.34e-01	8.60e-02	4.34e-03	1.84e-04	3.33e-06	1.49e-07	0.00e+00	0.00e+00	0.00e+00
 8.92841e+22	1.94e-22	5.53e-12	1.37e-08	2.73e-06	1.04e-04	9.83e-04	4.60e-03	9.76e-02	3.92e-01	4.22e-01	7.90e-02	3.78e-03	1.54e-04	2.71e-06	0.00e+00	0.00e+00	0.00e+00	0.00e+00
 9.21058e+22	2.40e-22	7.03e-12	1.75e-08	3.41e-06	1.27e-04	1.16e-03	5.31e-03	1.07e-01	4.03e-01	4.09e-01	7.20e-02	3.26e-03	1.28e-04	2.16e-06	0.00e+00	0.00e+00	0.00e+00	0.00e+00
 9.44012e+22	2.84e-22	8.50e-12	2.12e-08	4.06e-06	1.48e-04	1.32e-03	5.94e-03	1.14e-01	4.11e-01	3.98e-01	6.69e-02	2.89e-03	1.10e-04	1.81e-06	0.00e+00	0.00e+00	0.00e+00	0.00e+00
 9.67138e+22	3.33e-22	1.01e-11	2.53e-08	4.74e-06	1.70e-04	1.48e-03	6.56e-03	1.21e-01	4.18e-01	3.88e-01	6.24e-02	2.59e-03	9.63e-05	1.54e-06	0.00e+00	0.00e+00	0.00e+00	0.00e+00
 9.97202e+22	4.05e-22	1.25e-11	3.14e-08	5.75e-06	2.01e-04	1.70e-03	7.39e-03	1.30e-01	4.26e-01	3.75e-01	5.73e-02	2.27e-03	8.16e-05	1.27e-06	0.00e+00	0.00e+00	0.00e+00	0.00e+00
 1.03033e+23	5.04e-22	1.58e-11	3.99e-08	7.14e-06	2.43e-04	1.99e-03	8.46e-03	1.41e-01	4.35e-01	3.60e-01	5.17e-02	1.94e-03	6.73e-05	1.01e-06	0.00e+00	0.00e+00	0.00e+00	0.00e+00
 1.05982e+23	6.10e-22	1.95e-11	4.93e-08	8.61e-06	2.85e-04	2.28e-03	9.49e-03	1.50e-01	4.41e-01	3.47e-01	4.73e-02	1.69e-03	5.70e-05	8.26e-07	0.00e+00	0.00e+00	0.00e+00	0.00e+00
 1.08641e+23	7.18e-22	2.33e-11	5.87e-08	1.01e-05	3.26e-04	2.55e-03	1.04e-02	1.59e-01	4.46e-01	3.36e-01	4.38e-02	1.51e-03	4.95e-05	6.99e-07	0.00e+00	0.00e+00	0.00e+00	0.00e+00
 1.11689e+23	8.55e-22	2.80e-11	7.06e-08	1.19e-05	3.75e-04	2.86e-03	1.15e-02	1.68e-01	4.51e-01	3.25e-01	4.04e-02	1.33e-03	4.26e-05	5.86e-07	0.00e+00	0.00e+00	0.00e+00	0.00e+00
 1.15650e+23	1.06e-21	3.53e-11	8.83e-08	1.45e-05	4.44e-04	3.28e-03	1.29e-02	1.79e-01	4.56e-01	3.11e-01	3.66e-02	1.15e-03	3.56e-05	4.75e-07	0.00e+00	0.00e+00	0.00e+00	0.00e+00
 1.20099e+23	1.34e-21	4.56e-11	1.14e-07	1.81e-05	5.39e-04	3.85e-03	1.47e-02	1.93e-01	4.60e-01	2.94e-01	3.24e-02	9.61e-04	2.88e-05	3.69e-07	0.00e+00	0.00e+00	0.00e+00	0.00e+00
 1.24156e+23	1.68e-21	5.78e-11	1.43e-07	2.22e-05	6.39e-04	4.42e-03	1.65e-02	2.06e-01	4.63e-01	2.80e-01	2.91e-02	8.19e-04	2.38e-05	2.95e-07	0.00e+00	0.00e+00	0.00e+00	0.00e+00
 1.27811e+23	2.00e-21	7.01e-11	1.73e-07	2.61e-05	7.34e-04	4.95e-03	1.82e-02	2.16e-01	4.65e-01	2.68e-01	2.65e-02	7.18e-04	2.03e-05	2.45e-07	0.00e+00	0.00e+00	0.00e+00	0.00e+00
 1.31969e+23	2.41e-21	8.53e-11	2.08e-07	3.09e-05	8.43e-04	5.54e-03	1.99e-02	2.27e-01	4.66e-01	2.56e-01	2.41e-02	6.26e-04	1.73e-05	2.03e-07	0.00e+00	0.00e+00	0.00e+00	0.00e+00
