#depth	N	N+	N+2	N+3	N+4	N+5	N+6	N+7
 6.17135e+19	0.00e+00	2.67e-29	1.38e-22	6.85e-17	7.34e-12	6.84e-07	1.61e-03	9.98e-01
 1.87609e+20	0.00e+00	4.94e-29	2.21e-22	9.53e-17	8.89e-12	8.10e-07	1.81e-03	9.98e-01
 2.90012e+20	0.00e+00	8.00e-29	3.20e-22	1.24e-16	1.04e-11	9.27e-07	1.98e-03	9.98e-01
 3.58254e+20	0.00e+00	1.09e-28	4.08e-22	1.47e-16	1.15e-11	1.01e-06	2.10e-03	9.98e-01
 4.06365e+20	0.00e+00	1.37e-28	4.84e-22	1.66e-16	1.23e-11	1.08e-06	2.18e-03	9.98e-01
 4.40225e+20	0.00e+00	1.58e-28	5.42e-22	1.80e-16	1.29e-11	1.12e-06	2.24e-03	9.98e-01
 4.76498e+20	0.00e+00	1.85e-28	6.14e-22	1.96e-16	1.36e-11	1.18e-06	2.31e-03	9.98e-01
 5.23652e+20	0.00e+00	2.28e-28	7.20e-22	2.20e-16	1.46e-11	1.25e-06	2.40e-03	9.98e-01
 5.75611e+20	0.00e+00	2.85e-28	8.57e-22	2.49e-16	1.57e-11	1.33e-06	2.50e-03	9.98e-01
 6.23207e+20	0.00e+00	3.48e-28	1.00e-21	2.78e-16	1.68e-11	1.41e-06	2.59e-03	9.97e-01
 6.74475e+20	0.00e+00	4.32e-28	1.19e-21	3.14e-16	1.81e-11	1.51e-06	2.69e-03	9.97e-01
 7.31257e+20	0.00e+00	5.45e-28	1.42e-21	3.58e-16	1.96e-11	1.61e-06	2.81e-03	9.97e-01
 7.83791e+20	0.00e+00	6.75e-28	1.68e-21	4.04e-16	2.11e-11	1.72e-06	2.92e-03	9.97e-01
 8.40667e+20	0.00e+00	8.47e-28	2.01e-21	4.60e-16	2.29e-11	1.84e-06	3.04e-03	9.97e-01
 9.00358e+20	0.00e+00	1.07e-27	2.42e-21	5.26e-16	2.49e-11	1.97e-06	3.17e-03	9.97e-01
 9.51032e+20	0.00e+00	1.30e-27	2.82e-21	5.89e-16	2.68e-11	2.09e-06	3.28e-03	9.97e-01
 1.00423e+21	0.00e+00	1.60e-27	3.32e-21	6.62e-16	2.88e-11	2.23e-06	3.40e-03	9.97e-01
 1.07339e+21	0.00e+00	2.07e-27	4.07e-21	7.70e-16	3.18e-11	2.41e-06	3.56e-03	9.96e-01
 1.14357e+21	0.00e+00	2.69e-27	5.00e-21	8.97e-16	3.50e-11	2.61e-06	3.72e-03	9.96e-01
 1.20004e+21	0.00e+00	3.30e-27	5.89e-21	1.01e-15	3.79e-11	2.78e-06	3.86e-03	9.96e-01
 1.25839e+21	0.00e+00	4.07e-27	6.96e-21	1.14e-15	4.11e-11	2.97e-06	4.00e-03	9.96e-01
 1.33426e+21	0.00e+00	5.32e-27	8.62e-21	1.34e-15	4.56e-11	3.22e-06	4.19e-03	9.96e-01
 1.40871e+21	0.00e+00	6.90e-27	1.06e-20	1.57e-15	5.05e-11	3.49e-06	4.38e-03	9.96e-01
 1.46495e+21	0.00e+00	8.36e-27	1.24e-20	1.76e-15	5.45e-11	3.71e-06	4.52e-03	9.95e-01
 1.52168e+21	0.00e+00	1.01e-26	1.44e-20	1.97e-15	5.88e-11	3.94e-06	4.67e-03	9.95e-01
 1.59543e+21	0.00e+00	1.29e-26	1.75e-20	2.28e-15	6.49e-11	4.25e-06	4.87e-03	9.95e-01
 1.67402e+21	0.00e+00	1.67e-26	2.16e-20	2.67e-15	7.20e-11	4.60e-06	5.08e-03	9.95e-01
 1.74227e+21	0.00e+00	2.09e-26	2.58e-20	3.05e-15	7.88e-11	4.93e-06	5.28e-03	9.95e-01
 1.81436e+21	0.00e+00	2.62e-26	3.10e-20	3.51e-15	8.66e-11	5.30e-06	5.48e-03	9.95e-01
 1.89514e+21	0.00e+00	3.38e-26	3.80e-20	4.09e-15	9.62e-11	5.73e-06	5.72e-03	9.94e-01
 1.97134e+21	0.00e+00	4.28e-26	4.59e-20	4.73e-15	1.06e-10	6.17e-06	5.95e-03	9.94e-01
 2.05449e+21	0.00e+00	5.51e-26	5.63e-20	5.52e-15	1.18e-10	6.68e-06	6.20e-03	9.94e-01
 2.14125e+21	0.00e+00	7.15e-26	6.95e-20	6.48e-15	1.32e-10	7.25e-06	6.47e-03	9.94e-01
 2.21417e+21	0.00e+00	8.87e-26	8.28e-20	7.41e-15	1.44e-10	7.76e-06	6.71e-03	9.93e-01
 2.29044e+21	0.00e+00	1.11e-25	9.92e-20	8.50e-15	1.59e-10	8.32e-06	6.95e-03	9.93e-01
 2.38959e+21	4.55e-33	1.47e-25	1.25e-19	1.01e-14	1.79e-10	9.10e-06	7.29e-03	9.93e-01
 2.49055e+21	6.40e-33	1.96e-25	1.58e-19	1.21e-14	2.03e-10	9.96e-06	7.63e-03	9.92e-01
 2.57115e+21	8.36e-33	2.46e-25	1.89e-19	1.39e-14	2.24e-10	1.07e-05	7.92e-03	9.92e-01
 2.65318e+21	1.09e-32	3.08e-25	2.28e-19	1.61e-14	2.47e-10	1.15e-05	8.21e-03	9.92e-01
 2.75982e+21	1.54e-32	4.12e-25	2.88e-19	1.93e-14	2.80e-10	1.26e-05	8.61e-03	9.91e-01
 2.86992e+21	2.19e-32	5.54e-25	3.67e-19	2.32e-14	3.19e-10	1.38e-05	9.03e-03	9.91e-01
 2.96065e+21	2.92e-32	7.05e-25	4.46e-19	2.70e-14	3.54e-10	1.49e-05	9.38e-03	9.91e-01
 3.03709e+21	3.71e-32	8.62e-25	5.26e-19	3.06e-14	3.87e-10	1.58e-05	9.69e-03	9.90e-01
 3.11886e+21	4.78e-32	1.07e-24	6.26e-19	3.50e-14	4.25e-10	1.69e-05	1.00e-02	9.90e-01
 3.22516e+21	6.58e-32	1.40e-24	7.81e-19	4.15e-14	4.80e-10	1.84e-05	1.05e-02	9.90e-01
 3.33319e+21	9.12e-32	1.84e-24	9.78e-19	4.94e-14	5.42e-10	2.01e-05	1.09e-02	9.89e-01
 3.41941e+21	1.18e-31	2.29e-24	1.17e-18	5.67e-14	5.97e-10	2.15e-05	1.13e-02	9.89e-01
 3.50744e+21	1.53e-31	2.85e-24	1.40e-18	6.52e-14	6.59e-10	2.30e-05	1.17e-02	9.88e-01
 3.60059e+21	2.01e-31	3.59e-24	1.69e-18	7.54e-14	7.30e-10	2.47e-05	1.21e-02	9.88e-01
 3.68024e+21	2.54e-31	4.38e-24	1.98e-18	8.55e-14	7.97e-10	2.63e-05	1.25e-02	9.87e-01
 3.76362e+21	3.23e-31	5.37e-24	2.34e-18	9.73e-14	8.74e-10	2.80e-05	1.29e-02	9.87e-01
 3.85724e+21	4.22e-31	6.72e-24	2.82e-18	1.12e-13	9.67e-10	3.01e-05	1.34e-02	9.87e-01
 3.94542e+21	5.42e-31	8.31e-24	3.35e-18	1.28e-13	1.06e-09	3.21e-05	1.38e-02	9.86e-01
 4.02749e+21	6.83e-31	1.01e-23	3.94e-18	1.46e-13	1.16e-09	3.41e-05	1.43e-02	9.86e-01
 4.10421e+21	8.49e-31	1.21e-23	4.58e-18	1.64e-13	1.26e-09	3.61e-05	1.47e-02	9.85e-01
 4.17613e+21	1.04e-30	1.44e-23	5.26e-18	1.82e-13	1.36e-09	3.80e-05	1.51e-02	9.85e-01
 4.25799e+21	1.30e-30	1.74e-23	6.16e-18	2.06e-13	1.49e-09	4.04e-05	1.55e-02	9.84e-01
 4.34813e+21	1.67e-30	2.15e-23	7.32e-18	2.36e-13	1.63e-09	4.31e-05	1.60e-02	9.84e-01
 4.43022e+21	2.10e-30	2.61e-23	8.57e-18	2.66e-13	1.78e-09	4.57e-05	1.65e-02	9.83e-01
 4.50602e+21	2.59e-30	3.12e-23	9.92e-18	2.98e-13	1.93e-09	4.83e-05	1.70e-02	9.83e-01
 4.59246e+21	3.27e-30	3.80e-23	1.17e-17	3.39e-13	2.11e-09	5.13e-05	1.75e-02	9.82e-01
 4.68891e+21	4.25e-30	4.75e-23	1.40e-17	3.90e-13	2.34e-09	5.49e-05	1.81e-02	9.82e-01
 4.77805e+21	5.41e-30	5.83e-23	1.66e-17	4.45e-13	2.57e-09	5.84e-05	1.87e-02	9.81e-01
 4.85524e+21	6.67e-30	6.96e-23	1.92e-17	4.99e-13	2.78e-09	6.17e-05	1.92e-02	9.81e-01
 4.93725e+21	8.32e-30	8.39e-23	2.24e-17	5.62e-13	3.03e-09	6.53e-05	1.97e-02	9.80e-01
 5.02901e+21	1.06e-29	1.03e-22	2.66e-17	6.43e-13	3.33e-09	6.96e-05	2.03e-02	9.80e-01
 5.11442e+21	1.34e-29	1.26e-22	3.12e-17	7.28e-13	3.64e-09	7.38e-05	2.09e-02	9.79e-01
 5.19331e+21	1.65e-29	1.50e-22	3.61e-17	8.17e-13	3.94e-09	7.80e-05	2.15e-02	9.78e-01
 5.28276e+21	2.10e-29	1.84e-22	4.27e-17	9.30e-13	4.32e-09	8.29e-05	2.22e-02	9.78e-01
 5.38166e+21	2.73e-29	2.30e-22	5.13e-17	1.07e-12	4.79e-09	8.87e-05	2.29e-02	9.77e-01
 5.47192e+21	3.48e-29	2.82e-22	6.07e-17	1.22e-12	5.26e-09	9.43e-05	2.36e-02	9.76e-01
 5.55471e+21	4.33e-29	3.40e-22	7.08e-17	1.38e-12	5.72e-09	9.98e-05	2.43e-02	9.76e-01
 5.64868e+21	5.56e-29	4.20e-22	8.42e-17	1.58e-12	6.30e-09	1.06e-04	2.51e-02	9.75e-01
 5.74938e+21	7.27e-29	5.28e-22	1.02e-16	1.83e-12	6.99e-09	1.14e-04	2.59e-02	9.74e-01
 5.83733e+21	9.25e-29	6.47e-22	1.20e-16	2.09e-12	7.67e-09	1.21e-04	2.67e-02	9.73e-01
 5.91533e+21	1.13e-28	7.67e-22	1.38e-16	2.33e-12	8.29e-09	1.27e-04	2.74e-02	9.72e-01
 6.00188e+21	1.42e-28	9.32e-22	1.62e-16	2.64e-12	9.06e-09	1.35e-04	2.82e-02	9.72e-01
 6.11441e+21	1.91e-28	1.20e-21	2.00e-16	3.10e-12	1.02e-08	1.46e-04	2.92e-02	9.71e-01
 6.22695e+21	2.58e-28	1.55e-21	2.46e-16	3.66e-12	1.14e-08	1.57e-04	3.03e-02	9.70e-01
 6.31333e+21	3.24e-28	1.88e-21	2.90e-16	4.15e-12	1.25e-08	1.67e-04	3.12e-02	9.69e-01
 6.39943e+21	4.07e-28	2.28e-21	3.39e-16	4.70e-12	1.36e-08	1.76e-04	3.21e-02	9.68e-01
 6.51137e+21	5.46e-28	2.92e-21	4.17e-16	5.52e-12	1.53e-08	1.90e-04	3.33e-02	9.67e-01
 6.62604e+21	7.40e-28	3.79e-21	5.17e-16	6.53e-12	1.72e-08	2.05e-04	3.46e-02	9.65e-01
 6.71850e+21	9.45e-28	4.66e-21	6.14e-16	7.47e-12	1.89e-08	2.19e-04	3.56e-02	9.64e-01
 6.81292e+21	1.21e-27	5.74e-21	7.29e-16	8.55e-12	2.08e-08	2.33e-04	3.67e-02	9.63e-01
 6.93567e+21	1.66e-27	7.53e-21	9.13e-16	1.02e-11	2.36e-08	2.52e-04	3.82e-02	9.62e-01
 7.06006e+21	2.30e-27	9.92e-21	1.15e-15	1.22e-11	2.67e-08	2.74e-04	3.97e-02	9.60e-01
 7.15787e+21	2.96e-27	1.23e-20	1.37e-15	1.40e-11	2.95e-08	2.92e-04	4.10e-02	9.59e-01
 7.25634e+21	3.80e-27	1.52e-20	1.64e-15	1.61e-11	3.26e-08	3.11e-04	4.23e-02	9.57e-01
 7.38436e+21	5.25e-27	2.01e-20	2.06e-15	1.93e-11	3.70e-08	3.38e-04	4.40e-02	9.56e-01
 7.51759e+21	7.34e-27	2.67e-20	2.61e-15	2.33e-11	4.23e-08	3.68e-04	4.59e-02	9.54e-01
 7.62304e+21	9.54e-27	3.34e-20	3.14e-15	2.70e-11	4.69e-08	3.94e-04	4.74e-02	9.52e-01
 7.70992e+21	1.19e-26	4.04e-20	3.68e-15	3.05e-11	5.12e-08	4.17e-04	4.87e-02	9.51e-01
 7.80725e+21	1.49e-26	4.89e-20	4.32e-15	3.46e-11	5.60e-08	4.42e-04	5.01e-02	9.49e-01
 7.93378e+21	2.01e-26	6.32e-20	5.35e-15	4.10e-11	6.31e-08	4.77e-04	5.20e-02	9.48e-01
 8.06540e+21	2.74e-26	8.22e-20	6.66e-15	4.88e-11	7.14e-08	5.17e-04	5.40e-02	9.45e-01
 8.17505e+21	3.52e-26	1.02e-19	7.97e-15	5.62e-11	7.90e-08	5.52e-04	5.58e-02	9.44e-01
 8.28903e+21	4.55e-26	1.27e-19	9.56e-15	6.50e-11	8.76e-08	5.90e-04	5.76e-02	9.42e-01
 8.43721e+21	6.29e-26	1.67e-19	1.21e-14	7.81e-11	9.98e-08	6.42e-04	6.00e-02	9.39e-01
 8.58821e+21	8.69e-26	2.21e-19	1.52e-14	9.39e-11	1.14e-07	6.99e-04	6.25e-02	9.37e-01
 8.71005e+21	1.12e-25	2.75e-19	1.83e-14	1.09e-10	1.26e-07	7.48e-04	6.45e-02	9.35e-01
 8.83562e+21	1.45e-25	3.41e-19	2.19e-14	1.26e-10	1.40e-07	8.00e-04	6.66e-02	9.33e-01
 8.99885e+21	2.00e-25	4.50e-19	2.77e-14	1.51e-10	1.60e-07	8.72e-04	6.94e-02	9.30e-01
 9.16764e+21	2.77e-25	5.96e-19	3.50e-14	1.83e-10	1.83e-07	9.51e-04	7.23e-02	9.27e-01
 9.30743e+21	3.60e-25	7.46e-19	4.23e-14	2.13e-10	2.04e-07	1.02e-03	7.48e-02	9.24e-01
 9.43100e+21	4.51e-25	9.06e-19	4.98e-14	2.42e-10	2.25e-07	1.08e-03	7.70e-02	9.22e-01
 9.56972e+21	5.77e-25	1.12e-18	5.95e-14	2.80e-10	2.49e-07	1.16e-03	7.95e-02	9.19e-01
 9.72390e+21	7.55e-25	1.41e-18	7.23e-14	3.27e-10	2.79e-07	1.25e-03	8.22e-02	9.17e-01
 9.86658e+21	9.62e-25	1.74e-18	8.63e-14	3.76e-10	3.09e-07	1.33e-03	8.48e-02	9.14e-01
 9.99997e+21	1.20e-24	2.10e-18	1.01e-13	4.28e-10	3.39e-07	1.41e-03	8.73e-02	9.11e-01
 1.01529e+22	1.54e-24	2.60e-18	1.21e-13	4.95e-10	3.76e-07	1.51e-03	9.01e-02	9.08e-01
 1.03244e+22	2.01e-24	3.28e-18	1.48e-13	5.80e-10	4.22e-07	1.63e-03	9.33e-02	9.05e-01
 1.04856e+22	2.58e-24	4.06e-18	1.77e-13	6.71e-10	4.69e-07	1.74e-03	9.63e-02	9.02e-01
 1.06372e+22	3.24e-24	4.94e-18	2.09e-13	7.67e-10	5.17e-07	1.85e-03	9.92e-02	8.99e-01
 1.08108e+22	4.16e-24	6.14e-18	2.51e-13	8.90e-10	5.75e-07	1.99e-03	1.03e-01	8.96e-01
 1.09923e+22	5.39e-24	7.68e-18	3.03e-13	1.04e-09	6.43e-07	2.14e-03	1.06e-01	8.92e-01
 1.11447e+22	6.67e-24	9.22e-18	3.54e-13	1.18e-09	7.05e-07	2.27e-03	1.09e-01	8.89e-01
 1.13036e+22	8.26e-24	1.11e-17	4.14e-13	1.34e-09	7.73e-07	2.40e-03	1.12e-01	8.86e-01
 1.15102e+22	1.08e-23	1.40e-17	5.05e-13	1.57e-09	8.69e-07	2.59e-03	1.16e-01	8.81e-01
 1.17208e+22	1.42e-23	1.77e-17	6.16e-13	1.84e-09	9.78e-07	2.80e-03	1.20e-01	8.77e-01
 1.18908e+22	1.76e-23	2.13e-17	7.21e-13	2.09e-09	1.07e-06	2.97e-03	1.24e-01	8.74e-01
 1.20660e+22	2.18e-23	2.56e-17	8.42e-13	2.38e-09	1.18e-06	3.15e-03	1.27e-01	8.70e-01
 1.22938e+22	2.85e-23	3.23e-17	1.03e-12	2.79e-09	1.32e-06	3.40e-03	1.31e-01	8.65e-01
 1.25315e+22	3.75e-23	4.10e-17	1.26e-12	3.29e-09	1.49e-06	3.67e-03	1.36e-01	8.60e-01
 1.27315e+22	4.70e-23	4.98e-17	1.48e-12	3.76e-09	1.65e-06	3.91e-03	1.40e-01	8.56e-01
 1.29410e+22	5.90e-23	6.06e-17	1.75e-12	4.31e-09	1.82e-06	4.17e-03	1.44e-01	8.52e-01
 1.32132e+22	7.86e-23	7.78e-17	2.17e-12	5.12e-09	2.06e-06	4.52e-03	1.50e-01	8.46e-01
 1.34790e+22	1.04e-22	9.87e-17	2.65e-12	6.04e-09	2.33e-06	4.88e-03	1.55e-01	8.40e-01
 1.36776e+22	1.27e-22	1.17e-16	3.07e-12	6.81e-09	2.54e-06	5.16e-03	1.59e-01	8.36e-01
 1.38769e+22	1.54e-22	1.39e-16	3.55e-12	7.66e-09	2.77e-06	5.46e-03	1.63e-01	8.32e-01
 1.41361e+22	1.96e-22	1.71e-16	4.23e-12	8.82e-09	3.08e-06	5.83e-03	1.68e-01	8.26e-01
 1.44208e+22	2.57e-22	2.17e-16	5.17e-12	1.04e-08	3.47e-06	6.30e-03	1.74e-01	8.20e-01
 1.46773e+22	3.25e-22	2.65e-16	6.14e-12	1.20e-08	3.85e-06	6.72e-03	1.79e-01	8.14e-01
 1.49494e+22	4.10e-22	3.25e-16	7.29e-12	1.37e-08	4.26e-06	7.18e-03	1.84e-01	8.09e-01
 1.53031e+22	5.58e-22	4.23e-16	9.13e-12	1.65e-08	4.88e-06	7.82e-03	1.91e-01	8.01e-01
 1.56646e+22	7.55e-22	5.50e-16	1.14e-11	1.98e-08	5.57e-06	8.51e-03	1.99e-01	7.93e-01
 1.59437e+22	9.48e-22	6.70e-16	1.35e-11	2.27e-08	6.16e-06	9.06e-03	2.04e-01	7.87e-01
 1.62142e+22	1.17e-21	8.04e-16	1.57e-11	2.57e-08	6.76e-06	9.61e-03	2.09e-01	7.81e-01
 1.65657e+22	1.53e-21	1.01e-15	1.91e-11	3.01e-08	7.59e-06	1.03e-02	2.16e-01	7.74e-01
 1.69406e+22	2.04e-21	1.30e-15	2.36e-11	3.58e-08	8.62e-06	1.12e-02	2.24e-01	7.65e-01
 1.72541e+22	2.57e-21	1.59e-15	2.80e-11	4.11e-08	9.54e-06	1.19e-02	2.30e-01	7.58e-01
 1.75277e+22	3.13e-21	1.88e-15	3.23e-11	4.61e-08	1.04e-05	1.26e-02	2.35e-01	7.52e-01
 1.78409e+22	3.90e-21	2.27e-15	3.80e-11	5.26e-08	1.14e-05	1.34e-02	2.41e-01	7.45e-01
 1.82481e+22	5.13e-21	2.88e-15	4.64e-11	6.18e-08	1.29e-05	1.44e-02	2.49e-01	7.37e-01
 1.86700e+22	6.84e-21	3.69e-15	5.74e-11	7.35e-08	1.46e-05	1.56e-02	2.57e-01	7.27e-01
 1.90157e+22	8.60e-21	4.50e-15	6.78e-11	8.42e-08	1.62e-05	1.66e-02	2.64e-01	7.19e-01
 1.93699e+22	1.08e-20	5.47e-15	8.00e-11	9.63e-08	1.78e-05	1.77e-02	2.71e-01	7.12e-01
 1.98304e+22	1.43e-20	6.97e-15	9.82e-11	1.14e-07	2.01e-05	1.91e-02	2.79e-01	7.02e-01
 2.03085e+22	1.92e-20	9.02e-15	1.22e-10	1.36e-07	2.30e-05	2.07e-02	2.88e-01	6.91e-01
 2.07022e+22	2.43e-20	1.11e-14	1.45e-10	1.57e-07	2.55e-05	2.21e-02	2.96e-01	6.82e-01
 2.11066e+22	3.08e-20	1.36e-14	1.73e-10	1.80e-07	2.82e-05	2.35e-02	3.03e-01	6.73e-01
 2.16324e+22	4.14e-20	1.75e-14	2.15e-10	2.15e-07	3.21e-05	2.55e-02	3.13e-01	6.62e-01
 2.21793e+22	5.62e-20	2.28e-14	2.69e-10	2.58e-07	3.67e-05	2.77e-02	3.23e-01	6.49e-01
 2.26017e+22	7.08e-20	2.78e-14	3.19e-10	2.97e-07	4.07e-05	2.94e-02	3.31e-01	6.40e-01
 2.29372e+22	8.46e-20	3.25e-14	3.63e-10	3.30e-07	4.40e-05	3.09e-02	3.37e-01	6.32e-01
 2.33118e+22	1.03e-19	3.85e-14	4.19e-10	3.71e-07	4.79e-05	3.25e-02	3.43e-01	6.24e-01
 2.37988e+22	1.31e-19	4.75e-14	5.02e-10	4.29e-07	5.33e-05	3.47e-02	3.52e-01	6.14e-01
 2.43257e+22	1.71e-19	5.99e-14	6.12e-10	5.05e-07	6.00e-05	3.73e-02	3.61e-01	6.02e-01
 2.47886e+22	2.15e-19	7.30e-14	7.24e-10	5.80e-07	6.64e-05	3.97e-02	3.69e-01	5.92e-01
 2.52744e+22	2.70e-19	8.88e-14	8.56e-10	6.65e-07	7.34e-05	4.21e-02	3.77e-01	5.81e-01
 2.59059e+22	3.62e-19	1.15e-13	1.07e-09	7.97e-07	8.37e-05	4.56e-02	3.87e-01	5.67e-01
 2.65417e+22	4.84e-19	1.48e-13	1.32e-09	9.53e-07	9.54e-05	4.93e-02	3.97e-01	5.53e-01
 2.70431e+22	6.05e-19	1.79e-13	1.56e-09	1.09e-06	1.05e-04	5.23e-02	4.05e-01	5.43e-01
 2.75552e+22	7.54e-19	2.17e-13	1.84e-09	1.25e-06	1.16e-04	5.54e-02	4.13e-01	5.32e-01
 2.82208e+22	9.93e-19	2.76e-13	2.27e-09	1.48e-06	1.32e-04	5.97e-02	4.23e-01	5.18e-01
 2.89261e+22	1.33e-18	3.55e-13	2.82e-09	1.78e-06	1.51e-04	6.45e-02	4.33e-01	5.03e-01
 2.95278e+22	1.69e-18	4.39e-13	3.39e-09	2.07e-06	1.69e-04	6.89e-02	4.41e-01	4.90e-01
 3.01548e+22	2.14e-18	5.40e-13	4.05e-09	2.41e-06	1.88e-04	7.33e-02	4.49e-01	4.77e-01
 3.09700e+22	2.88e-18	7.01e-13	5.08e-09	2.91e-06	2.16e-04	7.94e-02	4.60e-01	4.61e-01
 3.18016e+22	3.90e-18	9.15e-13	6.41e-09	3.53e-06	2.49e-04	8.62e-02	4.70e-01	4.44e-01
 3.24282e+22	4.87e-18	1.11e-12	7.61e-09	4.09e-06	2.77e-04	9.16e-02	4.77e-01	4.31e-01
 3.29331e+22	5.76e-18	1.29e-12	8.66e-09	4.55e-06	3.00e-04	9.58e-02	4.82e-01	4.22e-01
 3.35059e+22	6.94e-18	1.52e-12	1.00e-08	5.15e-06	3.28e-04	1.01e-01	4.88e-01	4.11e-01
 3.42505e+22	8.76e-18	1.87e-12	1.20e-08	6.00e-06	3.68e-04	1.07e-01	4.95e-01	3.97e-01
 3.50636e+22	1.13e-17	2.33e-12	1.46e-08	7.09e-06	4.16e-04	1.15e-01	5.03e-01	3.82e-01
 3.57794e+22	1.39e-17	2.82e-12	1.73e-08	8.19e-06	4.62e-04	1.22e-01	5.09e-01	3.69e-01
 3.64195e+22	1.67e-17	3.32e-12	2.00e-08	9.29e-06	5.07e-04	1.28e-01	5.14e-01	3.58e-01
 3.71474e+22	2.04e-17	3.96e-12	2.33e-08	1.06e-05	5.59e-04	1.35e-01	5.19e-01	3.46e-01
 3.80937e+22	2.60e-17	4.93e-12	2.84e-08	1.26e-05	6.34e-04	1.45e-01	5.24e-01	3.30e-01
 3.90655e+22	3.34e-17	6.16e-12	3.46e-08	1.49e-05	7.20e-04	1.55e-01	5.30e-01	3.15e-01
 3.98510e+22	4.04e-17	7.32e-12	4.05e-08	1.71e-05	7.97e-04	1.63e-01	5.33e-01	3.03e-01
 4.06530e+22	4.85e-17	8.62e-12	4.69e-08	1.94e-05	8.76e-04	1.72e-01	5.36e-01	2.91e-01
 4.16955e+22	6.09e-17	1.06e-11	5.64e-08	2.28e-05	9.88e-04	1.83e-01	5.39e-01	2.77e-01
 4.27903e+22	7.69e-17	1.31e-11	6.83e-08	2.70e-05	1.12e-03	1.95e-01	5.42e-01	2.62e-01
 4.37123e+22	9.29e-17	1.55e-11	7.97e-08	3.09e-05	1.24e-03	2.05e-01	5.43e-01	2.50e-01
 4.46701e+22	1.11e-16	1.83e-11	9.26e-08	3.52e-05	1.37e-03	2.15e-01	5.44e-01	2.39e-01
 4.59152e+22	1.38e-16	2.24e-11	1.11e-07	4.15e-05	1.54e-03	2.29e-01	5.44e-01	2.25e-01
 4.72171e+22	1.74e-16	2.76e-11	1.35e-07	4.91e-05	1.75e-03	2.43e-01	5.44e-01	2.11e-01
 4.83105e+22	2.09e-16	3.26e-11	1.57e-07	5.62e-05	1.94e-03	2.56e-01	5.42e-01	2.00e-01
 4.92139e+22	2.41e-16	3.72e-11	1.78e-07	6.26e-05	2.10e-03	2.66e-01	5.41e-01	1.91e-01
 5.01523e+22	2.77e-16	4.23e-11	2.00e-07	6.94e-05	2.27e-03	2.76e-01	5.39e-01	1.83e-01
 5.13721e+22	3.30e-16	4.96e-11	2.31e-07	7.90e-05	2.50e-03	2.88e-01	5.36e-01	1.73e-01
 5.26598e+22	3.96e-16	5.87e-11	2.70e-07	9.05e-05	2.76e-03	3.02e-01	5.32e-01	1.63e-01
 5.37524e+22	4.59e-16	6.72e-11	3.06e-07	1.01e-04	3.00e-03	3.14e-01	5.29e-01	1.54e-01
 5.48896e+22	5.29e-16	7.67e-11	3.45e-07	1.12e-04	3.25e-03	3.25e-01	5.25e-01	1.47e-01
 5.63679e+22	6.31e-16	9.02e-11	4.01e-07	1.28e-04	3.59e-03	3.40e-01	5.19e-01	1.37e-01
 5.78891e+22	7.56e-16	1.07e-10	4.69e-07	1.47e-04	3.97e-03	3.55e-01	5.13e-01	1.28e-01
 5.91153e+22	8.68e-16	1.21e-10	5.28e-07	1.63e-04	4.30e-03	3.68e-01	5.07e-01	1.21e-01
 6.03585e+22	9.91e-16	1.37e-10	5.91e-07	1.80e-04	4.62e-03	3.79e-01	5.02e-01	1.15e-01
 6.19746e+22	1.16e-15	1.59e-10	6.78e-07	2.03e-04	5.05e-03	3.93e-01	4.94e-01	1.07e-01
 6.36981e+22	1.38e-15	1.87e-10	7.86e-07	2.31e-04	5.55e-03	4.09e-01	4.86e-01	9.96e-02
 6.51771e+22	1.59e-15	2.13e-10	8.88e-07	2.57e-04	6.02e-03	4.22e-01	4.78e-01	9.34e-02
 6.67159e+22	1.82e-15	2.41e-10	9.97e-07	2.84e-04	6.47e-03	4.35e-01	4.71e-01	8.79e-02
 6.87164e+22	2.15e-15	2.82e-10	1.15e-06	3.21e-04	7.09e-03	4.50e-01	4.61e-01	8.13e-02
 7.08261e+22	2.57e-15	3.32e-10	1.34e-06	3.66e-04	7.80e-03	4.67e-01	4.50e-01	7.46e-02
 7.25984e+22	2.95e-15	3.78e-10	1.51e-06	4.07e-04	8.44e-03	4.81e-01	4.41e-01	6.94e-02
 7.44234e+22	3.37e-15	4.28e-10	1.70e-06	4.48e-04	9.05e-03	4.93e-01	4.32e-01	6.50e-02
 7.67958e+22	3.97e-15	4.98e-10	1.95e-06	5.04e-04	9.88e-03	5.09e-01	4.21e-01	5.96e-02
 7.93602e+22	4.72e-15	5.85e-10	2.27e-06	5.73e-04	1.09e-02	5.26e-01	4.08e-01	5.42e-02
 8.13864e+22	5.42e-15	6.66e-10	2.56e-06	6.34e-04	1.17e-02	5.39e-01	3.98e-01	5.03e-02
 8.28862e+22	5.94e-15	7.25e-10	2.78e-06	6.78e-04	1.23e-02	5.48e-01	3.91e-01	4.77e-02
 8.44897e+22	6.53e-15	7.92e-10	3.01e-06	7.26e-04	1.29e-02	5.57e-01	3.84e-01	4.52e-02
 8.65742e+22	7.33e-15	8.82e-10	3.33e-06	7.89e-04	1.37e-02	5.68e-01	3.75e-01	4.22e-02
 8.92841e+22	8.41e-15	1.01e-09	3.77e-06	8.74e-04	1.48e-02	5.81e-01	3.64e-01	3.88e-02
 9.21058e+22	9.78e-15	1.16e-09	4.30e-06	9.75e-04	1.60e-02	5.96e-01	3.52e-01	3.53e-02
 9.44012e+22	1.10e-14	1.29e-09	4.77e-06	1.06e-03	1.70e-02	6.06e-01	3.43e-01	3.28e-02
 9.67138e+22	1.22e-14	1.43e-09	5.23e-06	1.14e-03	1.80e-02	6.16e-01	3.34e-01	3.07e-02
 9.97202e+22	1.39e-14	1.61e-09	5.86e-06	1.25e-03	1.92e-02	6.28e-01	3.24e-01	2.82e-02
 1.03033e+23	1.60e-14	1.84e-09	6.66e-06	1.39e-03	2.07e-02	6.40e-01	3.12e-01	2.56e-02
 1.05982e+23	1.81e-14	2.07e-09	7.43e-06	1.52e-03	2.20e-02	6.51e-01	3.02e-01	2.35e-02
 1.08641e+23	2.00e-14	2.28e-09	8.14e-06	1.63e-03	2.32e-02	6.60e-01	2.93e-01	2.19e-02
 1.11689e+23	2.22e-14	2.52e-09	8.96e-06	1.76e-03	2.45e-02	6.69e-01	2.85e-01	2.03e-02
 1.15650e+23	2.54e-14	2.85e-09	1.01e-05	1.92e-03	2.61e-02	6.79e-01	2.74e-01	1.86e-02
 1.20099e+23	2.92e-14	3.27e-09	1.15e-05	2.13e-03	2.81e-02	6.91e-01	2.62e-01	1.66e-02
 1.24156e+23	3.33e-14	3.70e-09	1.29e-05	2.33e-03	3.00e-02	7.01e-01	2.52e-01	1.51e-02
 1.27811e+23	3.70e-14	4.09e-09	1.42e-05	2.51e-03	3.16e-02	7.08e-01	2.44e-01	1.39e-02
 1.31969e+23	4.11e-14	4.52e-09	1.56e-05	2.70e-03	3.33e-02	7.16e-01	2.35e-01	1.28e-02
 1.37067e+23	4.68e-14	5.10e-09	1.75e-05	2.93e-03	3.53e-02	7.24e-01	2.26e-01	1.16e-02
 1.42673e+23	5.30e-14	5.76e-09	1.97e-05	3.21e-03	3.77e-02	7.33e-01	2.16e-01	1.05e-02
 1.48503e+23	6.02e-14	6.51e-09	2.21e-05	3.50e-03	4.01e-02	7.41e-01	2.06e-01	9.43e-03
 1.54567e+23	6.84e-14	7.34e-09	2.47e-05	3.79e-03	4.24e-02	7.48e-01	1.97e-01	8.55e-03
 1.60873e+23	7.64e-14	8.17e-09	2.75e-05	4.10e-03	4.48e-02	7.54e-01	1.89e-01	7.74e-03
 1.67431e+23	8.54e-14	9.09e-09	3.05e-05	4.41e-03	4.72e-02	7.60e-01	1.81e-01	7.04e-03
 1.74111e+23	9.51e-14	1.01e-08	3.36e-05	4.72e-03	4.96e-02	7.65e-01	1.74e-01	6.43e-03
 1.81058e+23	1.05e-13	1.10e-08	3.67e-05	5.03e-03	5.18e-02	7.70e-01	1.67e-01	5.91e-03
 1.88424e+23	1.15e-13	1.21e-08	4.00e-05	5.35e-03	5.41e-02	7.74e-01	1.61e-01	5.43e-03
 1.96084e+23	1.26e-13	1.32e-08	4.34e-05	5.66e-03	5.63e-02	7.78e-01	1.55e-01	5.02e-03
 2.04051e+23	1.37e-13	1.43e-08	4.69e-05	5.97e-03	5.84e-02	7.81e-01	1.50e-01	4.65e-03
 2.12336e+23	1.48e-13	1.53e-08	5.02e-05	6.26e-03	6.03e-02	7.83e-01	1.46e-01	4.34e-03
 2.20953e+23	1.58e-13	1.64e-08	5.35e-05	6.54e-03	6.22e-02	7.86e-01	1.41e-01	4.07e-03
 2.29353e+23	1.70e-13	1.75e-08	5.71e-05	6.83e-03	6.41e-02	7.88e-01	1.37e-01	3.81e-03
 2.36966e+23	1.80e-13	1.85e-08	6.02e-05	7.08e-03	6.58e-02	7.90e-01	1.34e-01	3.61e-03
 2.43817e+23	1.87e-13	1.93e-08	6.27e-05	7.28e-03	6.71e-02	7.91e-01	1.31e-01	3.45e-03
 2.49984e+23	1.96e-13	2.00e-08	6.50e-05	7.46e-03	6.82e-02	7.92e-01	1.29e-01	3.33e-03
 2.55534e+23	2.00e-13	2.05e-08	6.68e-05	7.59e-03	6.91e-02	7.93e-01	1.27e-01	3.23e-03
 2.60528e+23	2.06e-13	2.11e-08	6.83e-05	7.71e-03	6.98e-02	7.94e-01	1.25e-01	3.15e-03
 2.65024e+23	2.11e-13	2.15e-08	6.96e-05	7.80e-03	7.04e-02	7.94e-01	1.24e-01	3.09e-03
 2.69070e+23	2.14e-13	2.18e-08	7.05e-05	7.87e-03	7.08e-02	7.95e-01	1.23e-01	3.04e-03
 2.72711e+23	2.16e-13	2.20e-08	7.12e-05	7.92e-03	7.11e-02	7.95e-01	1.23e-01	3.01e-03
 2.75988e+23	2.18e-13	2.22e-08	7.20e-05	7.98e-03	7.15e-02	7.95e-01	1.22e-01	2.97e-03
 2.79068e+23	2.20e-13	2.24e-08	7.26e-05	8.02e-03	7.18e-02	7.96e-01	1.21e-01	2.94e-03
 2.82122e+23	2.22e-13	2.26e-08	7.32e-05	8.06e-03	7.21e-02	7.96e-01	1.21e-01	2.91e-03
 2.85177e+23	2.23e-13	2.27e-08	7.36e-05	8.09e-03	7.23e-02	7.96e-01	1.20e-01	2.88e-03
 2.88232e+23	2.24e-13	2.28e-08	7.39e-05	8.12e-03	7.25e-02	7.96e-01	1.20e-01	2.86e-03
 2.91287e+23	2.24e-13	2.29e-08	7.42e-05	8.13e-03	7.26e-02	7.97e-01	1.20e-01	2.84e-03
 2.94342e+23	2.24e-13	2.29e-08	7.43e-05	8.14e-03	7.27e-02	7.97e-01	1.19e-01	2.83e-03
 2.97396e+23	2.24e-13	2.29e-08	7.44e-05	8.15e-03	7.27e-02	7.97e-01	1.19e-01	2.82e-03
 3.00451e+23	2.24e-13	2.29e-08	7.45e-05	8.15e-03	7.28e-02	7.97e-01	1.19e-01	2.81e-03
 3.03506e+23	2.24e-13	2.29e-08	7.46e-05	8.16e-03	7.28e-02	7.97e-01	1.19e-01	2.79e-03
 3.05258e+23	2.29e-13	2.33e-08	7.56e-05	8.23e-03	7.32e-02	7.98e-01	1.18e-01	2.76e-03
