#depth	Mg	Mg+	Mg+2	Mg+3	Mg+4	Mg+5	Mg+6	Mg+7	Mg+8	Mg+9	Mg+10	Mg+11	Mg+12
 6.17135e+19	0.00e+00	0.00e+00	0.00e+00	3.65e-29	5.07e-24	1.36e-19	9.31e-16	2.13e-12	2.28e-09	1.41e-06	2.01e-03	8.45e-02	9.13e-01
 1.87609e+20	0.00e+00	0.00e+00	0.00e+00	1.05e-28	1.29e-23	3.07e-19	1.87e-15	3.80e-12	3.59e-09	1.97e-06	2.50e-03	9.36e-02	9.04e-01
 2.90012e+20	0.00e+00	0.00e+00	0.00e+00	2.38e-28	2.65e-23	5.76e-19	3.21e-15	5.97e-12	5.12e-09	2.55e-06	2.96e-03	1.01e-01	8.96e-01
 3.58254e+20	0.00e+00	0.00e+00	0.00e+00	4.03e-28	4.21e-23	8.63e-19	4.55e-15	7.99e-12	6.43e-09	3.02e-06	3.30e-03	1.07e-01	8.90e-01
 4.06365e+20	0.00e+00	0.00e+00	0.00e+00	5.85e-28	5.86e-23	1.15e-18	5.83e-15	9.83e-12	7.56e-09	3.40e-06	3.56e-03	1.10e-01	8.86e-01
 4.40225e+20	0.00e+00	0.00e+00	0.00e+00	7.45e-28	7.25e-23	1.39e-18	6.84e-15	1.12e-11	8.39e-09	3.67e-06	3.74e-03	1.13e-01	8.83e-01
 4.76498e+20	0.00e+00	0.00e+00	0.00e+00	9.72e-28	9.16e-23	1.70e-18	8.16e-15	1.30e-11	9.41e-09	3.99e-06	3.95e-03	1.16e-01	8.80e-01
 5.23652e+20	0.00e+00	0.00e+00	0.00e+00	1.36e-27	1.24e-22	2.21e-18	1.02e-14	1.57e-11	1.09e-08	4.45e-06	4.23e-03	1.20e-01	8.76e-01
 5.75611e+20	0.00e+00	0.00e+00	0.00e+00	1.97e-27	1.71e-22	2.93e-18	1.30e-14	1.92e-11	1.28e-08	5.00e-06	4.56e-03	1.24e-01	8.72e-01
 6.23207e+20	0.00e+00	0.00e+00	0.00e+00	2.74e-27	2.29e-22	3.78e-18	1.62e-14	2.31e-11	1.48e-08	5.56e-06	4.88e-03	1.28e-01	8.67e-01
 6.74475e+20	0.00e+00	0.00e+00	0.00e+00	3.88e-27	3.11e-22	4.94e-18	2.05e-14	2.80e-11	1.72e-08	6.21e-06	5.24e-03	1.32e-01	8.63e-01
 7.31257e+20	0.00e+00	0.00e+00	1.20e-32	5.67e-27	4.34e-22	6.61e-18	2.63e-14	3.46e-11	2.02e-08	7.00e-06	5.67e-03	1.37e-01	8.58e-01
 7.83791e+20	0.00e+00	0.00e+00	1.76e-32	7.98e-27	5.88e-22	8.61e-18	3.30e-14	4.18e-11	2.35e-08	7.81e-06	6.08e-03	1.41e-01	8.53e-01
 8.40667e+20	0.00e+00	0.00e+00	2.64e-32	1.15e-26	8.09e-22	1.14e-17	4.20e-14	5.12e-11	2.75e-08	8.77e-06	6.54e-03	1.46e-01	8.47e-01
 9.00358e+20	0.00e+00	0.00e+00	4.01e-32	1.66e-26	1.12e-21	1.52e-17	5.38e-14	6.29e-11	3.24e-08	9.88e-06	7.06e-03	1.51e-01	8.42e-01
 9.51032e+20	0.00e+00	0.00e+00	5.67e-32	2.27e-26	1.48e-21	1.92e-17	6.61e-14	7.47e-11	3.70e-08	1.09e-05	7.52e-03	1.56e-01	8.37e-01
 1.00423e+21	0.00e+00	0.00e+00	8.08e-32	3.11e-26	1.96e-21	2.46e-17	8.17e-14	8.92e-11	4.25e-08	1.21e-05	8.02e-03	1.60e-01	8.32e-01
 1.07339e+21	0.00e+00	0.00e+00	1.27e-31	4.67e-26	2.80e-21	3.36e-17	1.07e-13	1.12e-10	5.08e-08	1.37e-05	8.71e-03	1.66e-01	8.25e-01
 1.14357e+21	0.00e+00	0.00e+00	1.99e-31	6.97e-26	3.99e-21	4.58e-17	1.40e-13	1.40e-10	6.05e-08	1.56e-05	9.45e-03	1.72e-01	8.18e-01
 1.20004e+21	0.00e+00	0.00e+00	2.83e-31	9.56e-26	5.27e-21	5.85e-17	1.72e-13	1.67e-10	6.94e-08	1.73e-05	1.01e-02	1.77e-01	8.13e-01
 1.25839e+21	0.00e+00	0.00e+00	4.04e-31	1.32e-25	6.99e-21	7.48e-17	2.13e-13	1.99e-10	7.98e-08	1.91e-05	1.08e-02	1.82e-01	8.07e-01
 1.33426e+21	0.00e+00	0.00e+00	6.37e-31	1.97e-25	1.00e-20	1.02e-16	2.79e-13	2.49e-10	9.52e-08	2.17e-05	1.17e-02	1.89e-01	7.99e-01
 1.40871e+21	0.00e+00	0.00e+00	9.84e-31	2.92e-25	1.41e-20	1.38e-16	3.62e-13	3.10e-10	1.13e-07	2.46e-05	1.26e-02	1.96e-01	7.92e-01
 1.46495e+21	0.00e+00	0.00e+00	1.36e-30	3.89e-25	1.82e-20	1.73e-16	4.39e-13	3.64e-10	1.28e-07	2.70e-05	1.34e-02	2.01e-01	7.86e-01
 1.52168e+21	0.00e+00	0.00e+00	1.87e-30	5.19e-25	2.35e-20	2.16e-16	5.32e-13	4.27e-10	1.45e-07	2.96e-05	1.42e-02	2.06e-01	7.80e-01
 1.59543e+21	0.00e+00	0.00e+00	2.80e-30	7.45e-25	3.24e-20	2.85e-16	6.77e-13	5.22e-10	1.70e-07	3.31e-05	1.52e-02	2.12e-01	7.73e-01
 1.67402e+21	0.00e+00	0.00e+00	4.29e-30	1.09e-24	4.53e-20	3.83e-16	8.72e-13	6.46e-10	2.01e-07	3.74e-05	1.64e-02	2.19e-01	7.64e-01
 1.74227e+21	0.00e+00	0.00e+00	6.15e-30	1.50e-24	6.03e-20	4.91e-16	1.08e-12	7.73e-10	2.31e-07	4.14e-05	1.75e-02	2.25e-01	7.57e-01
 1.81436e+21	0.00e+00	0.00e+00	8.93e-30	2.10e-24	8.11e-20	6.36e-16	1.35e-12	9.31e-10	2.67e-07	4.60e-05	1.87e-02	2.32e-01	7.50e-01
 1.89514e+21	0.00e+00	0.00e+00	1.35e-29	3.04e-24	1.12e-19	8.45e-16	1.73e-12	1.14e-09	3.13e-07	5.17e-05	2.01e-02	2.39e-01	7.41e-01
 1.97134e+21	0.00e+00	0.00e+00	1.97e-29	4.26e-24	1.52e-19	1.10e-15	2.17e-12	1.38e-09	3.63e-07	5.75e-05	2.15e-02	2.45e-01	7.33e-01
 2.05449e+21	0.00e+00	0.00e+00	2.95e-29	6.13e-24	2.09e-19	1.45e-15	2.76e-12	1.69e-09	4.26e-07	6.45e-05	2.31e-02	2.53e-01	7.24e-01
 2.14125e+21	0.00e+00	0.00e+00	4.47e-29	8.89e-24	2.90e-19	1.94e-15	3.54e-12	2.08e-09	5.00e-07	7.25e-05	2.49e-02	2.60e-01	7.15e-01
 2.21417e+21	0.00e+00	0.00e+00	6.29e-29	1.21e-23	3.81e-19	2.46e-15	4.34e-12	2.46e-09	5.71e-07	7.98e-05	2.64e-02	2.67e-01	7.07e-01
 2.29044e+21	0.00e+00	0.00e+00	8.94e-29	1.65e-23	5.03e-19	3.13e-15	5.35e-12	2.93e-09	6.55e-07	8.81e-05	2.81e-02	2.73e-01	6.99e-01
 2.38959e+21	0.00e+00	0.00e+00	1.40e-28	2.47e-23	7.18e-19	4.27e-15	6.99e-12	3.67e-09	7.79e-07	9.98e-05	3.03e-02	2.82e-01	6.88e-01
 2.49055e+21	0.00e+00	0.00e+00	2.19e-28	3.69e-23	1.02e-18	5.82e-15	9.13e-12	4.58e-09	9.27e-07	1.13e-04	3.28e-02	2.90e-01	6.77e-01
 2.57115e+21	0.00e+00	0.00e+00	3.10e-28	5.05e-23	1.35e-18	7.42e-15	1.13e-11	5.45e-09	1.06e-06	1.25e-04	3.48e-02	2.97e-01	6.68e-01
 2.65318e+21	0.00e+00	0.00e+00	4.40e-28	6.91e-23	1.78e-18	9.45e-15	1.39e-11	6.49e-09	1.22e-06	1.37e-04	3.69e-02	3.04e-01	6.59e-01
 2.75982e+21	0.00e+00	0.00e+00	6.88e-28	1.03e-22	2.54e-18	1.29e-14	1.81e-11	8.10e-09	1.45e-06	1.56e-04	3.98e-02	3.13e-01	6.47e-01
 2.86992e+21	0.00e+00	0.00e+00	1.08e-27	1.55e-22	3.64e-18	1.76e-14	2.37e-11	1.02e-08	1.72e-06	1.76e-04	4.30e-02	3.22e-01	6.35e-01
 2.96065e+21	0.00e+00	0.00e+00	1.56e-27	2.15e-22	4.86e-18	2.27e-14	2.95e-11	1.22e-08	1.99e-06	1.95e-04	4.57e-02	3.29e-01	6.25e-01
 3.03709e+21	0.00e+00	0.00e+00	2.12e-27	2.82e-22	6.20e-18	2.80e-14	3.55e-11	1.42e-08	2.23e-06	2.12e-04	4.81e-02	3.35e-01	6.16e-01
 3.11886e+21	0.00e+00	0.00e+00	2.92e-27	3.77e-22	8.00e-18	3.50e-14	4.30e-11	1.66e-08	2.53e-06	2.32e-04	5.07e-02	3.42e-01	6.07e-01
 3.22516e+21	0.00e+00	0.00e+00	4.39e-27	5.42e-22	1.10e-17	4.64e-14	5.48e-11	2.04e-08	2.96e-06	2.59e-04	5.42e-02	3.50e-01	5.96e-01
 3.33319e+21	0.00e+00	0.00e+00	6.61e-27	7.84e-22	1.53e-17	6.17e-14	7.00e-11	2.50e-08	3.47e-06	2.90e-04	5.80e-02	3.58e-01	5.84e-01
 3.41941e+21	0.00e+00	0.00e+00	9.13e-27	1.05e-21	1.97e-17	7.71e-14	8.49e-11	2.93e-08	3.93e-06	3.16e-04	6.11e-02	3.65e-01	5.74e-01
 3.50744e+21	0.00e+00	0.00e+00	1.26e-26	1.40e-21	2.55e-17	9.65e-14	1.03e-10	3.44e-08	4.45e-06	3.45e-04	6.44e-02	3.71e-01	5.64e-01
 3.60059e+21	0.00e+00	1.18e-32	1.77e-26	1.90e-21	3.34e-17	1.22e-13	1.26e-10	4.07e-08	5.07e-06	3.79e-04	6.80e-02	3.78e-01	5.54e-01
 3.68024e+21	0.00e+00	1.62e-32	2.36e-26	2.45e-21	4.20e-17	1.49e-13	1.50e-10	4.70e-08	5.66e-06	4.09e-04	7.12e-02	3.83e-01	5.45e-01
 3.76362e+21	0.00e+00	2.25e-32	3.17e-26	3.20e-21	5.31e-17	1.83e-13	1.79e-10	5.45e-08	6.34e-06	4.43e-04	7.46e-02	3.89e-01	5.36e-01
 3.85724e+21	0.00e+00	3.21e-32	4.39e-26	4.28e-21	6.88e-17	2.29e-13	2.17e-10	6.40e-08	7.19e-06	4.84e-04	7.86e-02	3.95e-01	5.26e-01
 3.94542e+21	0.00e+00	4.50e-32	5.96e-26	5.64e-21	8.77e-17	2.83e-13	2.61e-10	7.45e-08	8.08e-06	5.25e-04	8.24e-02	4.01e-01	5.16e-01
 4.02749e+21	0.00e+00	6.12e-32	7.90e-26	7.25e-21	1.10e-16	3.44e-13	3.09e-10	8.57e-08	9.00e-06	5.66e-04	8.61e-02	4.06e-01	5.07e-01
 4.10421e+21	0.00e+00	8.16e-32	1.03e-25	9.17e-21	1.35e-16	4.12e-13	3.61e-10	9.76e-08	9.95e-06	6.07e-04	8.96e-02	4.11e-01	4.99e-01
 4.17613e+21	0.00e+00	1.06e-31	1.30e-25	1.14e-20	1.63e-16	4.87e-13	4.17e-10	1.10e-07	1.09e-05	6.47e-04	9.30e-02	4.15e-01	4.91e-01
 4.25799e+21	0.00e+00	1.43e-31	1.71e-25	1.45e-20	2.03e-16	5.88e-13	4.91e-10	1.26e-07	1.21e-05	6.96e-04	9.70e-02	4.20e-01	4.82e-01
 4.34813e+21	0.00e+00	1.98e-31	2.30e-25	1.89e-20	2.57e-16	7.23e-13	5.86e-10	1.46e-07	1.36e-05	7.53e-04	1.01e-01	4.25e-01	4.72e-01
 4.43022e+21	0.00e+00	2.66e-31	3.01e-25	2.41e-20	3.18e-16	8.70e-13	6.88e-10	1.67e-07	1.50e-05	8.09e-04	1.06e-01	4.30e-01	4.64e-01
 4.50602e+21	0.00e+00	3.49e-31	3.85e-25	3.01e-20	3.86e-16	1.03e-12	7.98e-10	1.89e-07	1.65e-05	8.63e-04	1.10e-01	4.34e-01	4.56e-01
 4.59246e+21	0.00e+00	4.71e-31	5.06e-25	3.85e-20	4.81e-16	1.25e-12	9.41e-10	2.16e-07	1.84e-05	9.28e-04	1.14e-01	4.38e-01	4.46e-01
 4.68891e+21	0.00e+00	6.59e-31	6.87e-25	5.06e-20	6.13e-16	1.55e-12	1.13e-09	2.52e-07	2.07e-05	1.01e-03	1.19e-01	4.43e-01	4.36e-01
 4.77805e+21	0.00e+00	8.96e-31	9.09e-25	6.51e-20	7.67e-16	1.88e-12	1.34e-09	2.90e-07	2.30e-05	1.08e-03	1.24e-01	4.47e-01	4.27e-01
 4.85524e+21	0.00e+00	1.17e-30	1.16e-24	8.08e-20	9.29e-16	2.22e-12	1.55e-09	3.27e-07	2.52e-05	1.15e-03	1.29e-01	4.51e-01	4.19e-01
 4.93725e+21	0.00e+00	1.54e-30	1.49e-24	1.01e-19	1.14e-15	2.65e-12	1.80e-09	3.71e-07	2.78e-05	1.23e-03	1.34e-01	4.55e-01	4.10e-01
 5.02901e+21	0.00e+00	2.09e-30	1.97e-24	1.31e-19	1.42e-15	3.22e-12	2.14e-09	4.27e-07	3.10e-05	1.33e-03	1.39e-01	4.58e-01	4.01e-01
 5.11442e+21	0.00e+00	2.78e-30	2.56e-24	1.65e-19	1.75e-15	3.86e-12	2.50e-09	4.87e-07	3.42e-05	1.42e-03	1.45e-01	4.62e-01	3.92e-01
 5.19331e+21	0.00e+00	3.60e-30	3.24e-24	2.04e-19	2.12e-15	4.56e-12	2.88e-09	5.49e-07	3.75e-05	1.51e-03	1.49e-01	4.65e-01	3.84e-01
 5.28276e+21	0.00e+00	4.82e-30	4.23e-24	2.60e-19	2.62e-15	5.49e-12	3.39e-09	6.27e-07	4.15e-05	1.62e-03	1.55e-01	4.68e-01	3.75e-01
 5.38166e+21	0.00e+00	6.64e-30	5.67e-24	3.38e-19	3.31e-15	6.74e-12	4.05e-09	7.27e-07	4.65e-05	1.74e-03	1.62e-01	4.71e-01	3.65e-01
 5.47192e+21	0.00e+00	8.87e-30	7.39e-24	4.30e-19	4.10e-15	8.12e-12	4.76e-09	8.31e-07	5.15e-05	1.87e-03	1.68e-01	4.74e-01	3.56e-01
 5.55471e+21	0.00e+00	1.15e-29	9.41e-24	5.34e-19	4.98e-15	9.62e-12	5.51e-09	9.39e-07	5.66e-05	1.99e-03	1.73e-01	4.76e-01	3.48e-01
 5.64868e+21	0.00e+00	1.55e-29	1.23e-23	6.83e-19	6.19e-15	1.16e-11	6.50e-09	1.08e-06	6.28e-05	2.13e-03	1.80e-01	4.79e-01	3.39e-01
 5.74938e+21	0.00e+00	2.12e-29	1.65e-23	8.87e-19	7.81e-15	1.43e-11	7.76e-09	1.25e-06	7.03e-05	2.30e-03	1.87e-01	4.81e-01	3.30e-01
 5.83733e+21	0.00e+00	2.81e-29	2.13e-23	1.12e-18	9.61e-15	1.71e-11	9.09e-09	1.42e-06	7.76e-05	2.46e-03	1.94e-01	4.83e-01	3.21e-01
 5.91533e+21	0.00e+00	3.55e-29	2.64e-23	1.36e-18	1.14e-14	1.99e-11	1.04e-08	1.59e-06	8.44e-05	2.60e-03	1.99e-01	4.84e-01	3.14e-01
 6.00188e+21	0.00e+00	4.61e-29	3.36e-23	1.69e-18	1.39e-14	2.36e-11	1.20e-08	1.80e-06	9.27e-05	2.76e-03	2.06e-01	4.86e-01	3.06e-01
 6.11441e+21	0.00e+00	6.47e-29	4.60e-23	2.24e-18	1.79e-14	2.95e-11	1.46e-08	2.11e-06	1.05e-04	2.99e-03	2.15e-01	4.87e-01	2.95e-01
 6.22695e+21	0.00e+00	9.06e-29	6.27e-23	2.98e-18	2.31e-14	3.68e-11	1.77e-08	2.47e-06	1.18e-04	3.24e-03	2.23e-01	4.88e-01	2.85e-01
 6.31333e+21	0.00e+00	1.17e-28	7.95e-23	3.69e-18	2.80e-14	4.35e-11	2.05e-08	2.79e-06	1.30e-04	3.44e-03	2.30e-01	4.89e-01	2.77e-01
 6.39943e+21	0.00e+00	1.50e-28	1.00e-22	4.56e-18	3.38e-14	5.14e-11	2.37e-08	3.15e-06	1.42e-04	3.66e-03	2.37e-01	4.89e-01	2.70e-01
 6.51137e+21	0.00e+00	2.08e-28	1.35e-22	5.99e-18	4.31e-14	6.36e-11	2.85e-08	3.68e-06	1.60e-04	3.95e-03	2.46e-01	4.89e-01	2.60e-01
 6.62604e+21	0.00e+00	2.88e-28	1.84e-22	7.92e-18	5.54e-14	7.92e-11	3.45e-08	4.31e-06	1.81e-04	4.27e-03	2.56e-01	4.89e-01	2.50e-01
 6.71850e+21	0.00e+00	3.75e-28	2.34e-22	9.90e-18	6.77e-14	9.44e-11	4.02e-08	4.90e-06	1.99e-04	4.55e-03	2.64e-01	4.89e-01	2.43e-01
 6.81292e+21	0.00e+00	4.86e-28	2.99e-22	1.24e-17	8.28e-14	1.13e-10	4.69e-08	5.56e-06	2.19e-04	4.84e-03	2.72e-01	4.88e-01	2.35e-01
 6.93567e+21	0.00e+00	6.80e-28	4.09e-22	1.65e-17	1.07e-13	1.41e-10	5.71e-08	6.55e-06	2.49e-04	5.24e-03	2.83e-01	4.87e-01	2.25e-01
 7.06006e+21	0.00e+00	9.51e-28	5.60e-22	2.20e-17	1.39e-13	1.77e-10	6.97e-08	7.73e-06	2.82e-04	5.69e-03	2.94e-01	4.85e-01	2.15e-01
 7.15787e+21	0.00e+00	1.23e-27	7.15e-22	2.75e-17	1.70e-13	2.12e-10	8.14e-08	8.80e-06	3.11e-04	6.06e-03	3.02e-01	4.83e-01	2.08e-01
 7.25634e+21	0.00e+00	1.59e-27	9.09e-22	3.44e-17	2.08e-13	2.53e-10	9.49e-08	9.99e-06	3.43e-04	6.44e-03	3.11e-01	4.82e-01	2.01e-01
 7.38436e+21	0.00e+00	2.20e-27	1.24e-21	4.56e-17	2.69e-13	3.16e-10	1.15e-07	1.18e-05	3.89e-04	6.97e-03	3.22e-01	4.79e-01	1.91e-01
 7.51759e+21	1.18e-32	3.07e-27	1.69e-21	6.10e-17	3.50e-13	3.99e-10	1.41e-07	1.39e-05	4.42e-04	7.56e-03	3.34e-01	4.76e-01	1.82e-01
 7.62304e+21	1.60e-32	3.96e-27	2.16e-21	7.65e-17	4.30e-13	4.77e-10	1.65e-07	1.59e-05	4.88e-04	8.05e-03	3.44e-01	4.73e-01	1.75e-01
 7.70992e+21	2.06e-32	4.90e-27	2.64e-21	9.24e-17	5.11e-13	5.55e-10	1.89e-07	1.77e-05	5.31e-04	8.49e-03	3.52e-01	4.70e-01	1.69e-01
 7.80725e+21	2.68e-32	6.10e-27	3.26e-21	1.12e-16	6.10e-13	6.48e-10	2.16e-07	1.98e-05	5.78e-04	8.96e-03	3.60e-01	4.67e-01	1.63e-01
 7.93378e+21	3.76e-32	8.13e-27	4.29e-21	1.45e-16	7.69e-13	7.94e-10	2.58e-07	2.29e-05	6.47e-04	9.62e-03	3.71e-01	4.63e-01	1.56e-01
 8.06540e+21	5.31e-32	1.09e-26	5.67e-21	1.88e-16	9.76e-13	9.79e-10	3.09e-07	2.67e-05	7.27e-04	1.03e-02	3.83e-01	4.58e-01	1.48e-01
 8.17505e+21	7.03e-32	1.38e-26	7.11e-21	2.32e-16	1.18e-12	1.16e-09	3.58e-07	3.02e-05	7.98e-04	1.10e-02	3.92e-01	4.54e-01	1.42e-01
 8.28903e+21	9.32e-32	1.74e-26	8.93e-21	2.88e-16	1.44e-12	1.38e-09	4.16e-07	3.41e-05	8.77e-04	1.16e-02	4.02e-01	4.50e-01	1.36e-01
 8.43721e+21	1.33e-31	2.35e-26	1.19e-20	3.77e-16	1.84e-12	1.71e-09	5.02e-07	3.99e-05	9.89e-04	1.25e-02	4.14e-01	4.44e-01	1.29e-01
 8.58821e+21	1.89e-31	3.15e-26	1.59e-20	4.93e-16	2.36e-12	2.12e-09	6.06e-07	4.66e-05	1.11e-03	1.35e-02	4.26e-01	4.38e-01	1.22e-01
 8.71005e+21	2.50e-31	3.97e-26	1.98e-20	6.09e-16	2.86e-12	2.51e-09	7.02e-07	5.27e-05	1.22e-03	1.43e-02	4.36e-01	4.32e-01	1.16e-01
 8.83562e+21	3.28e-31	4.99e-26	2.48e-20	7.51e-16	3.47e-12	2.97e-09	8.12e-07	5.95e-05	1.34e-03	1.51e-02	4.45e-01	4.27e-01	1.11e-01
 8.99885e+21	4.64e-31	6.65e-26	3.28e-20	9.79e-16	4.43e-12	3.68e-09	9.77e-07	6.93e-05	1.51e-03	1.63e-02	4.58e-01	4.20e-01	1.04e-01
 9.16764e+21	6.56e-31	8.86e-26	4.35e-20	1.28e-15	5.66e-12	4.56e-09	1.18e-06	8.08e-05	1.70e-03	1.75e-02	4.70e-01	4.12e-01	9.82e-02
 9.30743e+21	8.66e-31	1.12e-25	5.46e-20	1.58e-15	6.88e-12	5.41e-09	1.37e-06	9.14e-05	1.86e-03	1.86e-02	4.80e-01	4.06e-01	9.33e-02
 9.43100e+21	1.10e-30	1.36e-25	6.63e-20	1.90e-15	8.15e-12	6.27e-09	1.55e-06	1.02e-04	2.02e-03	1.95e-02	4.89e-01	4.01e-01	8.92e-02
 9.56972e+21	1.42e-30	1.68e-25	8.18e-20	2.32e-15	9.80e-12	7.37e-09	1.78e-06	1.14e-04	2.21e-03	2.06e-02	4.98e-01	3.94e-01	8.49e-02
 9.72390e+21	1.88e-30	2.12e-25	1.03e-19	2.89e-15	1.20e-11	8.77e-09	2.07e-06	1.29e-04	2.43e-03	2.18e-02	5.08e-01	3.87e-01	8.04e-02
 9.86658e+21	2.42e-30	2.62e-25	1.26e-19	3.51e-15	1.43e-11	1.03e-08	2.38e-06	1.44e-04	2.64e-03	2.30e-02	5.17e-01	3.81e-01	7.65e-02
 9.99997e+21	3.05e-30	3.16e-25	1.53e-19	4.20e-15	1.69e-11	1.19e-08	2.69e-06	1.60e-04	2.86e-03	2.41e-02	5.25e-01	3.75e-01	7.30e-02
 1.01529e+22	3.93e-30	3.90e-25	1.88e-19	5.12e-15	2.03e-11	1.39e-08	3.09e-06	1.79e-04	3.12e-03	2.54e-02	5.34e-01	3.68e-01	6.92e-02
 1.03244e+22	5.19e-30	4.91e-25	2.36e-19	6.36e-15	2.47e-11	1.65e-08	3.59e-06	2.03e-04	3.42e-03	2.69e-02	5.43e-01	3.61e-01	6.53e-02
 1.04856e+22	6.69e-30	6.06e-25	2.91e-19	7.76e-15	2.97e-11	1.94e-08	4.12e-06	2.27e-04	3.73e-03	2.83e-02	5.52e-01	3.54e-01	6.18e-02
 1.06372e+22	8.44e-30	7.34e-25	3.52e-19	9.30e-15	3.51e-11	2.25e-08	4.67e-06	2.52e-04	4.04e-03	2.97e-02	5.60e-01	3.47e-01	5.88e-02
 1.08108e+22	1.09e-29	9.08e-25	4.35e-19	1.14e-14	4.23e-11	2.64e-08	5.36e-06	2.82e-04	4.40e-03	3.13e-02	5.68e-01	3.40e-01	5.55e-02
 1.09923e+22	1.42e-29	1.13e-24	5.40e-19	1.40e-14	5.12e-11	3.12e-08	6.19e-06	3.17e-04	4.81e-03	3.30e-02	5.77e-01	3.32e-01	5.23e-02
 1.11447e+22	1.76e-29	1.35e-24	6.46e-19	1.66e-14	5.98e-11	3.57e-08	6.95e-06	3.49e-04	5.17e-03	3.45e-02	5.84e-01	3.26e-01	4.97e-02
 1.13036e+22	2.19e-29	1.62e-24	7.72e-19	1.97e-14	7.00e-11	4.10e-08	7.82e-06	3.84e-04	5.56e-03	3.60e-02	5.91e-01	3.20e-01	4.73e-02
 1.15102e+22	2.89e-29	2.03e-24	9.70e-19	2.44e-14	8.54e-11	4.87e-08	9.07e-06	4.33e-04	6.09e-03	3.81e-02	5.99e-01	3.12e-01	4.43e-02
 1.17208e+22	3.80e-29	2.55e-24	1.22e-18	3.04e-14	1.04e-10	5.80e-08	1.05e-05	4.89e-04	6.67e-03	4.02e-02	6.08e-01	3.04e-01	4.15e-02
 1.18908e+22	4.72e-29	3.05e-24	1.46e-18	3.60e-14	1.22e-10	6.64e-08	1.18e-05	5.38e-04	7.17e-03	4.19e-02	6.14e-01	2.97e-01	3.93e-02
 1.20660e+22	5.86e-29	3.65e-24	1.74e-18	4.27e-14	1.43e-10	7.61e-08	1.33e-05	5.91e-04	7.69e-03	4.37e-02	6.20e-01	2.91e-01	3.73e-02
 1.22938e+22	7.71e-29	4.59e-24	2.18e-18	5.30e-14	1.74e-10	9.04e-08	1.54e-05	6.65e-04	8.41e-03	4.61e-02	6.27e-01	2.83e-01	3.49e-02
 1.25315e+22	1.02e-28	5.80e-24	2.76e-18	6.61e-14	2.13e-10	1.08e-07	1.79e-05	7.51e-04	9.21e-03	4.86e-02	6.35e-01	2.74e-01	3.25e-02
 1.27315e+22	1.29e-28	7.03e-24	3.34e-18	7.92e-14	2.51e-10	1.24e-07	2.02e-05	8.29e-04	9.91e-03	5.07e-02	6.40e-01	2.68e-01	3.06e-02
 1.29410e+22	1.63e-28	8.55e-24	4.05e-18	9.52e-14	2.97e-10	1.44e-07	2.28e-05	9.16e-04	1.07e-02	5.30e-02	6.46e-01	2.61e-01	2.89e-02
 1.32132e+22	2.19e-28	1.10e-23	5.18e-18	1.20e-13	3.68e-10	1.73e-07	2.67e-05	1.04e-03	1.17e-02	5.59e-02	6.52e-01	2.52e-01	2.67e-02
 1.34790e+22	2.91e-28	1.39e-23	6.56e-18	1.50e-13	4.51e-10	2.07e-07	3.10e-05	1.17e-03	1.28e-02	5.89e-02	6.58e-01	2.44e-01	2.48e-02
 1.36776e+22	3.58e-28	1.66e-23	7.80e-18	1.77e-13	5.24e-10	2.35e-07	3.46e-05	1.28e-03	1.37e-02	6.11e-02	6.62e-01	2.38e-01	2.35e-02
 1.38769e+22	4.38e-28	1.97e-23	9.22e-18	2.08e-13	6.05e-10	2.67e-07	3.85e-05	1.39e-03	1.45e-02	6.33e-02	6.66e-01	2.32e-01	2.23e-02
 1.41361e+22	5.69e-28	2.46e-23	1.15e-17	2.54e-13	7.27e-10	3.12e-07	4.39e-05	1.55e-03	1.57e-02	6.61e-02	6.70e-01	2.26e-01	2.08e-02
 1.44208e+22	7.50e-28	3.11e-23	1.44e-17	3.16e-13	8.88e-10	3.71e-07	5.08e-05	1.74e-03	1.71e-02	6.94e-02	6.75e-01	2.18e-01	1.93e-02
 1.46773e+22	9.60e-28	3.84e-23	1.77e-17	3.84e-13	1.06e-09	4.32e-07	5.76e-05	1.92e-03	1.84e-02	7.23e-02	6.78e-01	2.11e-01	1.80e-02
 1.49494e+22	1.24e-27	4.78e-23	2.19e-17	4.68e-13	1.26e-09	5.03e-07	6.55e-05	2.13e-03	1.98e-02	7.53e-02	6.81e-01	2.05e-01	1.69e-02
 1.53031e+22	1.70e-27	6.27e-23	2.86e-17	6.02e-13	1.59e-09	6.13e-07	7.72e-05	2.42e-03	2.17e-02	7.94e-02	6.85e-01	1.96e-01	1.54e-02
 1.56646e+22	2.35e-27	8.29e-23	3.75e-17	7.75e-13	2.00e-09	7.46e-07	9.10e-05	2.76e-03	2.39e-02	8.35e-02	6.88e-01	1.88e-01	1.41e-02
 1.59437e+22	3.00e-27	1.02e-22	4.59e-17	9.37e-13	2.37e-09	8.64e-07	1.03e-04	3.04e-03	2.56e-02	8.68e-02	6.89e-01	1.82e-01	1.32e-02
 1.62142e+22	3.77e-27	1.25e-22	5.57e-17	1.12e-12	2.79e-09	9.93e-07	1.15e-04	3.33e-03	2.73e-02	8.99e-02	6.91e-01	1.76e-01	1.24e-02
 1.65657e+22	5.06e-27	1.61e-22	7.13e-17	1.41e-12	3.42e-09	1.18e-06	1.33e-04	3.72e-03	2.96e-02	9.38e-02	6.92e-01	1.69e-01	1.14e-02
 1.69406e+22	6.83e-27	2.10e-22	9.18e-17	1.79e-12	4.24e-09	1.42e-06	1.56e-04	4.20e-03	3.22e-02	9.82e-02	6.93e-01	1.62e-01	1.04e-02
 1.72541e+22	8.74e-27	2.60e-22	1.13e-16	2.17e-12	5.05e-09	1.65e-06	1.76e-04	4.63e-03	3.45e-02	1.02e-01	6.93e-01	1.56e-01	9.69e-03
 1.75277e+22	1.08e-26	3.14e-22	1.35e-16	2.56e-12	5.87e-09	1.88e-06	1.96e-04	5.03e-03	3.66e-02	1.05e-01	6.93e-01	1.51e-01	9.11e-03
 1.78409e+22	1.37e-26	3.87e-22	1.65e-16	3.09e-12	6.93e-09	2.17e-06	2.20e-04	5.51e-03	3.90e-02	1.09e-01	6.92e-01	1.46e-01	8.49e-03
 1.82481e+22	1.84e-26	5.05e-22	2.13e-16	3.91e-12	8.55e-09	2.59e-06	2.55e-04	6.17e-03	4.22e-02	1.13e-01	6.91e-01	1.40e-01	7.78e-03
 1.86700e+22	2.48e-26	6.58e-22	2.75e-16	4.96e-12	1.06e-08	3.12e-06	2.97e-04	6.95e-03	4.58e-02	1.18e-01	6.89e-01	1.33e-01	7.07e-03
 1.90157e+22	3.16e-26	8.17e-22	3.39e-16	6.01e-12	1.26e-08	3.61e-06	3.35e-04	7.63e-03	4.89e-02	1.22e-01	6.87e-01	1.28e-01	6.56e-03
 1.93699e+22	4.00e-26	1.01e-21	4.15e-16	7.27e-12	1.49e-08	4.18e-06	3.78e-04	8.37e-03	5.21e-02	1.26e-01	6.84e-01	1.23e-01	6.08e-03
 1.98304e+22	5.42e-26	1.33e-21	5.39e-16	9.25e-12	1.85e-08	5.02e-06	4.39e-04	9.39e-03	5.64e-02	1.31e-01	6.80e-01	1.17e-01	5.53e-03
 2.03085e+22	7.29e-26	1.74e-21	7.00e-16	1.18e-11	2.31e-08	6.06e-06	5.12e-04	1.06e-02	6.13e-02	1.37e-01	6.76e-01	1.11e-01	4.98e-03
 2.07022e+22	9.24e-26	2.17e-21	8.63e-16	1.44e-11	2.76e-08	7.04e-06	5.79e-04	1.16e-02	6.54e-02	1.41e-01	6.71e-01	1.06e-01	4.59e-03
 2.11066e+22	1.17e-25	2.70e-21	1.06e-15	1.75e-11	3.29e-08	8.17e-06	6.55e-04	1.28e-02	6.97e-02	1.45e-01	6.66e-01	1.01e-01	4.22e-03
 2.16324e+22	1.58e-25	3.56e-21	1.39e-15	2.23e-11	4.10e-08	9.86e-06	7.63e-04	1.43e-02	7.54e-02	1.51e-01	6.60e-01	9.52e-02	3.79e-03
 2.21793e+22	2.12e-25	4.72e-21	1.81e-15	2.87e-11	5.14e-08	1.20e-05	8.92e-04	1.62e-02	8.17e-02	1.57e-01	6.52e-01	8.95e-02	3.39e-03
 2.26017e+22	2.64e-25	5.81e-21	2.22e-15	3.47e-11	6.08e-08	1.38e-05	1.00e-03	1.77e-02	8.68e-02	1.61e-01	6.45e-01	8.52e-02	3.11e-03
 2.29372e+22	3.13e-25	6.85e-21	2.59e-15	4.02e-11	6.94e-08	1.55e-05	1.10e-03	1.89e-02	9.09e-02	1.64e-01	6.40e-01	8.20e-02	2.90e-03
 2.33118e+22	3.75e-25	8.16e-21	3.07e-15	4.70e-11	8.01e-08	1.74e-05	1.21e-03	2.04e-02	9.55e-02	1.68e-01	6.33e-01	7.86e-02	2.69e-03
 2.37988e+22	4.73e-25	1.02e-20	3.81e-15	5.75e-11	9.59e-08	2.03e-05	1.37e-03	2.24e-02	1.02e-01	1.73e-01	6.25e-01	7.45e-02	2.45e-03
 2.43257e+22	5.96e-25	1.29e-20	4.75e-15	7.09e-11	1.16e-07	2.39e-05	1.57e-03	2.48e-02	1.09e-01	1.78e-01	6.15e-01	7.00e-02	2.20e-03
 2.47886e+22	7.26e-25	1.57e-20	5.75e-15	8.51e-11	1.37e-07	2.75e-05	1.75e-03	2.70e-02	1.15e-01	1.82e-01	6.06e-01	6.63e-02	2.01e-03
 2.52744e+22	8.90e-25	1.93e-20	7.00e-15	1.02e-10	1.61e-07	3.17e-05	1.96e-03	2.93e-02	1.21e-01	1.86e-01	5.97e-01	6.28e-02	1.83e-03
 2.59059e+22	1.13e-24	2.47e-20	8.87e-15	1.28e-10	1.98e-07	3.78e-05	2.26e-03	3.26e-02	1.30e-01	1.91e-01	5.84e-01	5.84e-02	1.61e-03
 2.65417e+22	1.43e-24	3.17e-20	1.13e-14	1.61e-10	2.44e-07	4.51e-05	2.61e-03	3.63e-02	1.39e-01	1.96e-01	5.70e-01	5.41e-02	1.42e-03
 2.70431e+22	1.69e-24	3.82e-20	1.35e-14	1.91e-10	2.86e-07	5.15e-05	2.90e-03	3.93e-02	1.46e-01	2.00e-01	5.59e-01	5.10e-02	1.29e-03
 2.75552e+22	2.00e-24	4.60e-20	1.61e-14	2.27e-10	3.33e-07	5.87e-05	3.22e-03	4.24e-02	1.54e-01	2.04e-01	5.47e-01	4.81e-02	1.17e-03
 2.82208e+22	2.47e-24	5.79e-20	2.01e-14	2.80e-10	4.04e-07	6.92e-05	3.67e-03	4.67e-02	1.63e-01	2.08e-01	5.32e-01	4.45e-02	1.03e-03
 2.89261e+22	3.02e-24	7.36e-20	2.52e-14	3.49e-10	4.94e-07	8.22e-05	4.21e-03	5.16e-02	1.74e-01	2.13e-01	5.16e-01	4.08e-02	8.95e-04
 2.95278e+22	3.48e-24	8.91e-20	3.03e-14	4.17e-10	5.83e-07	9.47e-05	4.71e-03	5.60e-02	1.83e-01	2.16e-01	5.01e-01	3.79e-02	7.95e-04
 3.01548e+22	4.11e-24	1.09e-19	3.66e-14	5.00e-10	6.88e-07	1.09e-04	5.25e-03	6.06e-02	1.92e-01	2.19e-01	4.87e-01	3.52e-02	7.06e-04
 3.09700e+22	5.00e-24	1.39e-19	4.61e-14	6.26e-10	8.46e-07	1.30e-04	6.03e-03	6.69e-02	2.04e-01	2.23e-01	4.68e-01	3.20e-02	6.06e-04
 3.18016e+22	5.99e-24	1.79e-19	5.81e-14	7.85e-10	1.04e-06	1.55e-04	6.92e-03	7.38e-02	2.16e-01	2.26e-01	4.48e-01	2.88e-02	5.15e-04
 3.24282e+22	6.77e-24	2.14e-19	6.87e-14	9.25e-10	1.21e-06	1.77e-04	7.65e-03	7.93e-02	2.25e-01	2.28e-01	4.33e-01	2.66e-02	4.55e-04
 3.29331e+22	7.48e-24	2.48e-19	7.86e-14	1.05e-09	1.37e-06	1.95e-04	8.26e-03	8.36e-02	2.32e-01	2.29e-01	4.21e-01	2.51e-02	4.15e-04
 3.35059e+22	8.38e-24	2.90e-19	9.07e-14	1.21e-09	1.56e-06	2.18e-04	8.99e-03	8.86e-02	2.40e-01	2.30e-01	4.08e-01	2.34e-02	3.72e-04
 3.42505e+22	9.63e-24	3.55e-19	1.09e-13	1.45e-09	1.83e-06	2.50e-04	9.98e-03	9.53e-02	2.50e-01	2.32e-01	3.92e-01	2.14e-02	3.24e-04
 3.50636e+22	1.11e-23	4.43e-19	1.33e-13	1.75e-09	2.19e-06	2.90e-04	1.12e-02	1.03e-01	2.60e-01	2.33e-01	3.73e-01	1.93e-02	2.78e-04
 3.57794e+22	1.25e-23	5.38e-19	1.57e-13	2.07e-09	2.55e-06	3.30e-04	1.23e-02	1.10e-01	2.69e-01	2.33e-01	3.58e-01	1.77e-02	2.43e-04
 3.64195e+22	1.38e-23	6.35e-19	1.82e-13	2.39e-09	2.90e-06	3.68e-04	1.34e-02	1.16e-01	2.77e-01	2.33e-01	3.44e-01	1.63e-02	2.15e-04
 3.71474e+22	1.56e-23	7.70e-19	2.15e-13	2.80e-09	3.35e-06	4.15e-04	1.46e-02	1.23e-01	2.85e-01	2.33e-01	3.29e-01	1.50e-02	1.89e-04
 3.80937e+22	1.81e-23	9.83e-19	2.65e-13	3.42e-09	4.02e-06	4.83e-04	1.63e-02	1.32e-01	2.95e-01	2.32e-01	3.11e-01	1.33e-02	1.60e-04
 3.90655e+22	2.13e-23	1.27e-18	3.31e-13	4.21e-09	4.85e-06	5.64e-04	1.83e-02	1.42e-01	3.05e-01	2.31e-01	2.92e-01	1.18e-02	1.34e-04
 3.98510e+22	2.37e-23	1.57e-18	3.94e-13	4.96e-09	5.63e-06	6.37e-04	1.99e-02	1.49e-01	3.12e-01	2.29e-01	2.78e-01	1.07e-02	1.16e-04
 4.06530e+22	2.70e-23	1.93e-18	4.68e-13	5.83e-09	6.49e-06	7.17e-04	2.17e-02	1.57e-01	3.19e-01	2.27e-01	2.64e-01	9.78e-03	1.01e-04
 4.16955e+22	3.20e-23	2.52e-18	5.85e-13	7.16e-09	7.79e-06	8.31e-04	2.41e-02	1.67e-01	3.27e-01	2.25e-01	2.47e-01	8.65e-03	8.46e-05
 4.27903e+22	3.81e-23	3.36e-18	7.42e-13	8.90e-09	9.43e-06	9.70e-04	2.69e-02	1.78e-01	3.35e-01	2.21e-01	2.30e-01	7.59e-03	7.00e-05
 4.37123e+22	4.42e-23	4.28e-18	9.07e-13	1.07e-08	1.10e-05	1.10e-03	2.93e-02	1.88e-01	3.41e-01	2.18e-01	2.16e-01	6.80e-03	5.97e-05
 4.46701e+22	5.19e-23	5.45e-18	1.11e-12	1.28e-08	1.29e-05	1.25e-03	3.19e-02	1.97e-01	3.47e-01	2.14e-01	2.03e-01	6.10e-03	5.11e-05
 4.59152e+22	6.44e-23	7.45e-18	1.43e-12	1.60e-08	1.57e-05	1.46e-03	3.55e-02	2.08e-01	3.52e-01	2.09e-01	1.88e-01	5.30e-03	4.19e-05
 4.72171e+22	8.06e-23	1.04e-17	1.88e-12	2.04e-08	1.92e-05	1.71e-03	3.96e-02	2.21e-01	3.58e-01	2.04e-01	1.72e-01	4.56e-03	3.39e-05
 4.83105e+22	9.73e-23	1.38e-17	2.37e-12	2.49e-08	2.27e-05	1.95e-03	4.33e-02	2.31e-01	3.61e-01	1.99e-01	1.60e-01	4.03e-03	2.85e-05
 4.92139e+22	1.14e-22	1.73e-17	2.85e-12	2.93e-08	2.60e-05	2.17e-03	4.64e-02	2.39e-01	3.64e-01	1.95e-01	1.50e-01	3.64e-03	2.47e-05
 5.01523e+22	1.35e-22	2.16e-17	3.43e-12	3.44e-08	2.97e-05	2.40e-03	4.97e-02	2.47e-01	3.65e-01	1.90e-01	1.42e-01	3.29e-03	2.15e-05
 5.13721e+22	1.68e-22	2.89e-17	4.35e-12	4.21e-08	3.51e-05	2.74e-03	5.41e-02	2.57e-01	3.67e-01	1.85e-01	1.31e-01	2.90e-03	1.80e-05
 5.26598e+22	2.12e-22	3.93e-17	5.60e-12	5.23e-08	4.19e-05	3.13e-03	5.91e-02	2.68e-01	3.68e-01	1.78e-01	1.20e-01	2.52e-03	1.48e-05
 5.37524e+22	2.58e-22	5.10e-17	6.93e-12	6.26e-08	4.85e-05	3.51e-03	6.35e-02	2.77e-01	3.69e-01	1.73e-01	1.12e-01	2.25e-03	1.26e-05
 5.48896e+22	3.17e-22	6.57e-17	8.54e-12	7.46e-08	5.60e-05	3.91e-03	6.81e-02	2.85e-01	3.68e-01	1.68e-01	1.04e-01	2.01e-03	1.08e-05
 5.63679e+22	4.12e-22	9.05e-17	1.11e-11	9.32e-08	6.69e-05	4.47e-03	7.42e-02	2.96e-01	3.67e-01	1.61e-01	9.53e-02	1.73e-03	8.86e-06
 5.78891e+22	5.40e-22	1.27e-16	1.47e-11	1.18e-07	8.06e-05	5.14e-03	8.10e-02	3.07e-01	3.65e-01	1.54e-01	8.64e-02	1.49e-03	7.18e-06
 5.91153e+22	6.71e-22	1.66e-16	1.83e-11	1.41e-07	9.33e-05	5.74e-03	8.67e-02	3.15e-01	3.63e-01	1.48e-01	7.98e-02	1.31e-03	6.07e-06
 6.03585e+22	8.28e-22	2.13e-16	2.24e-11	1.68e-07	1.07e-04	6.34e-03	9.23e-02	3.23e-01	3.60e-01	1.43e-01	7.41e-02	1.17e-03	5.20e-06
 6.19746e+22	1.09e-21	2.92e-16	2.91e-11	2.08e-07	1.26e-04	7.20e-03	9.97e-02	3.32e-01	3.57e-01	1.36e-01	6.73e-02	1.01e-03	4.26e-06
 6.36981e+22	1.45e-21	4.10e-16	3.85e-11	2.62e-07	1.52e-04	8.23e-03	1.08e-01	3.41e-01	3.52e-01	1.29e-01	6.06e-02	8.58e-04	3.43e-06
 6.51771e+22	1.85e-21	5.47e-16	4.89e-11	3.19e-07	1.77e-04	9.21e-03	1.16e-01	3.49e-01	3.47e-01	1.23e-01	5.53e-02	7.47e-04	2.85e-06
 6.67159e+22	2.34e-21	7.16e-16	6.11e-11	3.83e-07	2.04e-04	1.02e-02	1.23e-01	3.56e-01	3.42e-01	1.17e-01	5.07e-02	6.55e-04	2.39e-06
 6.87164e+22	3.17e-21	1.01e-15	8.08e-11	4.82e-07	2.44e-04	1.16e-02	1.33e-01	3.64e-01	3.35e-01	1.10e-01	4.53e-02	5.54e-04	1.91e-06
 7.08261e+22	4.36e-21	1.45e-15	1.09e-10	6.18e-07	2.95e-04	1.34e-02	1.44e-01	3.72e-01	3.27e-01	1.02e-01	4.00e-02	4.61e-04	1.50e-06
 7.25984e+22	5.69e-21	1.96e-15	1.40e-10	7.57e-07	3.45e-04	1.49e-02	1.54e-01	3.78e-01	3.20e-01	9.66e-02	3.61e-02	3.96e-04	1.23e-06
 7.44234e+22	7.29e-21	2.58e-15	1.76e-10	9.10e-07	3.97e-04	1.65e-02	1.63e-01	3.83e-01	3.13e-01	9.12e-02	3.28e-02	3.44e-04	1.02e-06
 7.67958e+22	9.98e-21	3.65e-15	2.34e-10	1.15e-06	4.74e-04	1.87e-02	1.75e-01	3.88e-01	3.04e-01	8.46e-02	2.89e-02	2.87e-04	8.04e-07
 7.93602e+22	1.40e-20	5.32e-15	3.19e-10	1.47e-06	5.74e-04	2.15e-02	1.88e-01	3.94e-01	2.93e-01	7.77e-02	2.52e-02	2.35e-04	6.18e-07
 8.13864e+22	1.82e-20	7.16e-15	4.07e-10	1.80e-06	6.67e-04	2.39e-02	1.99e-01	3.97e-01	2.84e-01	7.25e-02	2.25e-02	2.00e-04	5.01e-07
 8.28862e+22	2.19e-20	8.78e-15	4.81e-10	2.06e-06	7.38e-04	2.56e-02	2.07e-01	3.99e-01	2.78e-01	6.91e-02	2.08e-02	1.79e-04	4.34e-07
 8.44897e+22	2.65e-20	1.08e-14	5.69e-10	2.36e-06	8.18e-04	2.75e-02	2.15e-01	4.00e-01	2.71e-01	6.56e-02	1.92e-02	1.59e-04	3.74e-07
 8.65742e+22	3.34e-20	1.38e-14	6.99e-10	2.78e-06	9.27e-04	3.00e-02	2.25e-01	4.01e-01	2.63e-01	6.16e-02	1.74e-02	1.38e-04	3.12e-07
 8.92841e+22	4.47e-20	1.89e-14	9.05e-10	3.42e-06	1.08e-03	3.35e-02	2.38e-01	4.02e-01	2.53e-01	5.67e-02	1.53e-02	1.16e-04	2.48e-07
 9.21058e+22	6.09e-20	2.65e-14	1.19e-09	4.27e-06	1.28e-03	3.75e-02	2.52e-01	4.02e-01	2.42e-01	5.17e-02	1.33e-02	9.52e-05	1.93e-07
 9.44012e+22	7.72e-20	3.44e-14	1.48e-09	5.07e-06	1.45e-03	4.10e-02	2.63e-01	4.02e-01	2.33e-01	4.81e-02	1.20e-02	8.16e-05	1.58e-07
 9.67138e+22	9.65e-20	4.36e-14	1.79e-09	5.92e-06	1.63e-03	4.43e-02	2.74e-01	4.00e-01	2.24e-01	4.49e-02	1.08e-02	7.08e-05	1.32e-07
 9.97202e+22	1.26e-19	5.80e-14	2.27e-09	7.14e-06	1.87e-03	4.87e-02	2.86e-01	3.98e-01	2.14e-01	4.12e-02	9.52e-03	5.95e-05	0.00e+00
 1.03033e+23	1.71e-19	8.06e-14	2.96e-09	8.85e-06	2.20e-03	5.42e-02	3.00e-01	3.95e-01	2.03e-01	3.72e-02	8.22e-03	4.86e-05	0.00e+00
 1.05982e+23	2.21e-19	1.06e-13	3.72e-09	1.06e-05	2.51e-03	5.92e-02	3.13e-01	3.91e-01	1.93e-01	3.41e-02	7.24e-03	4.08e-05	0.00e+00
 1.08641e+23	2.74e-19	1.34e-13	4.50e-09	1.23e-05	2.80e-03	6.38e-02	3.23e-01	3.87e-01	1.85e-01	3.15e-02	6.49e-03	3.51e-05	0.00e+00
 1.11689e+23	3.44e-19	1.71e-13	5.49e-09	1.44e-05	3.15e-03	6.89e-02	3.34e-01	3.83e-01	1.77e-01	2.91e-02	5.78e-03	3.00e-05	0.00e+00
 1.15650e+23	4.48e-19	2.28e-13	6.94e-09	1.74e-05	3.61e-03	7.53e-02	3.46e-01	3.77e-01	1.66e-01	2.62e-02	5.02e-03	2.48e-05	0.00e+00
 1.20099e+23	6.16e-19	3.21e-13	9.15e-09	2.16e-05	4.23e-03	8.35e-02	3.61e-01	3.69e-01	1.55e-01	2.33e-02	4.25e-03	1.98e-05	0.00e+00
 1.24156e+23	8.10e-19	4.31e-13	1.16e-08	2.61e-05	4.85e-03	9.13e-02	3.73e-01	3.61e-01	1.45e-01	2.08e-02	3.66e-03	1.61e-05	0.00e+00
 1.27811e+23	1.01e-18	5.48e-13	1.42e-08	3.05e-05	5.43e-03	9.81e-02	3.83e-01	3.54e-01	1.37e-01	1.90e-02	3.23e-03	1.37e-05	0.00e+00
 1.31969e+23	1.27e-18	6.99e-13	1.72e-08	3.56e-05	6.07e-03	1.05e-01	3.93e-01	3.46e-01	1.29e-01	1.72e-02	2.84e-03	1.15e-05	0.00e+00
 1.37067e+23	1.63e-18	9.23e-13	2.16e-08	4.25e-05	6.90e-03	1.14e-01	4.03e-01	3.37e-01	1.20e-01	1.54e-02	2.44e-03	9.40e-06	0.00e+00
 1.42673e+23	2.16e-18	1.26e-12	2.77e-08	5.17e-05	7.94e-03	1.25e-01	4.14e-01	3.26e-01	1.11e-01	1.35e-02	2.06e-03	7.52e-06	0.00e+00
 1.48503e+23	2.82e-18	1.68e-12	3.50e-08	6.21e-05	9.05e-03	1.35e-01	4.24e-01	3.15e-01	1.03e-01	1.19e-02	1.75e-03	6.06e-06	0.00e+00
 1.54567e+23	3.58e-18	2.20e-12	4.36e-08	7.37e-05	1.02e-02	1.46e-01	4.33e-01	3.04e-01	9.48e-02	1.06e-02	1.49e-03	4.93e-06	0.00e+00
 1.60873e+23	4.56e-18	2.88e-12	5.42e-08	8.72e-05	1.15e-02	1.57e-01	4.40e-01	2.93e-01	8.75e-02	9.35e-03	1.28e-03	4.01e-06	0.00e+00
 1.67431e+23	5.68e-18	3.70e-12	6.63e-08	1.02e-04	1.29e-02	1.67e-01	4.47e-01	2.83e-01	8.09e-02	8.30e-03	1.10e-03	3.29e-06	0.00e+00
 1.74111e+23	6.97e-18	4.68e-12	8.03e-08	1.19e-04	1.43e-02	1.78e-01	4.52e-01	2.72e-01	7.48e-02	7.40e-03	9.49e-04	2.72e-06	0.00e+00
 1.81058e+23	8.38e-18	5.82e-12	9.57e-08	1.36e-04	1.58e-02	1.88e-01	4.56e-01	2.62e-01	6.95e-02	6.63e-03	8.27e-04	2.28e-06	0.00e+00
 1.88424e+23	1.00e-17	7.21e-12	1.14e-07	1.55e-04	1.73e-02	1.99e-01	4.60e-01	2.53e-01	6.45e-02	5.94e-03	7.21e-04	1.91e-06	0.00e+00
 1.96084e+23	1.17e-17	8.79e-12	1.33e-07	1.76e-04	1.89e-02	2.09e-01	4.63e-01	2.43e-01	6.01e-02	5.35e-03	6.34e-04	1.62e-06	0.00e+00
 2.04051e+23	1.35e-17	1.06e-11	1.55e-07	1.98e-04	2.05e-02	2.19e-01	4.65e-01	2.34e-01	5.60e-02	4.84e-03	5.60e-04	1.38e-06	0.00e+00
 2.12336e+23	1.53e-17	1.25e-11	1.77e-07	2.20e-04	2.21e-02	2.28e-01	4.66e-01	2.26e-01	5.25e-02	4.41e-03	5.00e-04	1.20e-06	0.00e+00
 2.20953e+23	1.69e-17	1.46e-11	2.01e-07	2.42e-04	2.37e-02	2.37e-01	4.67e-01	2.19e-01	4.93e-02	4.03e-03	4.49e-04	1.04e-06	0.00e+00
 2.29353e+23	1.90e-17	1.71e-11	2.27e-07	2.67e-04	2.53e-02	2.46e-01	4.67e-01	2.11e-01	4.63e-02	3.69e-03	4.03e-04	9.10e-07	0.00e+00
 2.36966e+23	2.07e-17	1.94e-11	2.52e-07	2.90e-04	2.68e-02	2.53e-01	4.67e-01	2.05e-01	4.40e-02	3.43e-03	3.68e-04	8.13e-07	0.00e+00
 2.43817e+23	2.21e-17	2.16e-11	2.74e-07	3.09e-04	2.80e-02	2.60e-01	4.66e-01	2.00e-01	4.21e-02	3.22e-03	3.42e-04	7.41e-07	0.00e+00
 2.49984e+23	2.33e-17	2.35e-11	2.93e-07	3.26e-04	2.91e-02	2.65e-01	4.66e-01	1.96e-01	4.06e-02	3.06e-03	3.22e-04	6.86e-07	0.00e+00
 2.55534e+23	2.41e-17	2.51e-11	3.10e-07	3.40e-04	3.00e-02	2.69e-01	4.66e-01	1.93e-01	3.94e-02	2.94e-03	3.06e-04	6.45e-07	0.00e+00
 2.60528e+23	2.47e-17	2.65e-11	3.24e-07	3.52e-04	3.07e-02	2.72e-01	4.65e-01	1.90e-01	3.84e-02	2.84e-03	2.94e-04	6.13e-07	0.00e+00
 2.65024e+23	2.51e-17	2.77e-11	3.35e-07	3.62e-04	3.13e-02	2.75e-01	4.65e-01	1.88e-01	3.76e-02	2.76e-03	2.84e-04	5.88e-07	0.00e+00
 2.69070e+23	2.52e-17	2.86e-11	3.44e-07	3.70e-04	3.18e-02	2.77e-01	4.64e-01	1.86e-01	3.70e-02	2.70e-03	2.77e-04	5.70e-07	0.00e+00
 2.72711e+23	2.52e-17	2.94e-11	3.52e-07	3.77e-04	3.22e-02	2.79e-01	4.64e-01	1.85e-01	3.66e-02	2.65e-03	2.72e-04	5.56e-07	0.00e+00
 2.75988e+23	2.54e-17	3.02e-11	3.60e-07	3.83e-04	3.26e-02	2.81e-01	4.64e-01	1.83e-01	3.61e-02	2.60e-03	2.66e-04	5.41e-07	0.00e+00
 2.79068e+23	2.55e-17	3.09e-11	3.66e-07	3.89e-04	3.29e-02	2.83e-01	4.64e-01	1.82e-01	3.57e-02	2.57e-03	2.61e-04	5.29e-07	0.00e+00
 2.82122e+23	2.56e-17	3.16e-11	3.73e-07	3.95e-04	3.33e-02	2.84e-01	4.63e-01	1.81e-01	3.53e-02	2.53e-03	2.57e-04	5.18e-07	0.00e+00
 2.85177e+23	2.55e-17	3.21e-11	3.78e-07	3.99e-04	3.36e-02	2.85e-01	4.63e-01	1.80e-01	3.50e-02	2.50e-03	2.53e-04	5.09e-07	0.00e+00
 2.88232e+23	2.53e-17	3.26e-11	3.83e-07	4.03e-04	3.38e-02	2.86e-01	4.63e-01	1.79e-01	3.47e-02	2.47e-03	2.50e-04	5.02e-07	0.00e+00
 2.91287e+23	2.50e-17	3.30e-11	3.86e-07	4.07e-04	3.40e-02	2.87e-01	4.63e-01	1.78e-01	3.45e-02	2.45e-03	2.47e-04	4.96e-07	0.00e+00
 2.94342e+23	2.46e-17	3.32e-11	3.89e-07	4.09e-04	3.42e-02	2.88e-01	4.62e-01	1.78e-01	3.43e-02	2.43e-03	2.45e-04	4.91e-07	0.00e+00
 2.97396e+23	2.42e-17	3.35e-11	3.91e-07	4.12e-04	3.43e-02	2.89e-01	4.62e-01	1.77e-01	3.41e-02	2.41e-03	2.43e-04	4.87e-07	0.00e+00
 3.00451e+23	2.38e-17	3.37e-11	3.94e-07	4.14e-04	3.45e-02	2.90e-01	4.62e-01	1.77e-01	3.40e-02	2.40e-03	2.42e-04	4.82e-07	0.00e+00
 3.03506e+23	2.34e-17	3.40e-11	3.96e-07	4.16e-04	3.47e-02	2.90e-01	4.62e-01	1.76e-01	3.38e-02	2.38e-03	2.40e-04	4.78e-07	0.00e+00
 3.05258e+23	2.38e-17	3.49e-11	4.05e-07	4.23e-04	3.50e-02	2.92e-01	4.62e-01	1.75e-01	3.34e-02	2.34e-03	2.35e-04	4.67e-07	0.00e+00
