#depth	O	O+	O+2	O+3	O+4	O+5	O+6	O+7	O+8	O[1]	O[2]	O[3]
 6.17135e+19	0.00e+00	1.24e-32	8.59e-26	4.11e-20	3.73e-15	1.02e-10	4.47e-06	4.55e-03	9.95e-01	0.00e+00	0.00e+00	0.00e+00
 1.87609e+20	0.00e+00	2.74e-32	1.65e-25	6.88e-20	5.42e-15	1.30e-10	5.45e-06	5.10e-03	9.95e-01	0.00e+00	0.00e+00	0.00e+00
 2.90012e+20	0.00e+00	5.11e-32	2.76e-25	1.03e-19	7.31e-15	1.57e-10	6.38e-06	5.57e-03	9.94e-01	0.00e+00	0.00e+00	0.00e+00
 3.58254e+20	0.00e+00	7.68e-32	3.87e-25	1.35e-19	8.90e-15	1.79e-10	7.08e-06	5.90e-03	9.94e-01	0.00e+00	0.00e+00	0.00e+00
 4.06365e+20	0.00e+00	1.03e-31	4.92e-25	1.64e-19	1.02e-14	1.96e-10	7.62e-06	6.15e-03	9.94e-01	0.00e+00	0.00e+00	0.00e+00
 4.40225e+20	0.00e+00	1.24e-31	5.76e-25	1.85e-19	1.13e-14	2.09e-10	8.00e-06	6.31e-03	9.94e-01	0.00e+00	0.00e+00	0.00e+00
 4.76498e+20	0.00e+00	1.53e-31	6.85e-25	2.13e-19	1.25e-14	2.24e-10	8.44e-06	6.50e-03	9.93e-01	0.00e+00	0.00e+00	0.00e+00
 5.23652e+20	0.00e+00	2.00e-31	8.56e-25	2.54e-19	1.42e-14	2.44e-10	9.03e-06	6.74e-03	9.93e-01	0.00e+00	0.00e+00	0.00e+00
 5.75611e+20	0.00e+00	2.67e-31	1.09e-24	3.09e-19	1.65e-14	2.69e-10	9.74e-06	7.02e-03	9.93e-01	0.00e+00	0.00e+00	0.00e+00
 6.23207e+20	0.00e+00	3.48e-31	1.36e-24	3.68e-19	1.88e-14	2.94e-10	1.04e-05	7.28e-03	9.93e-01	0.00e+00	0.00e+00	0.00e+00
 6.74475e+20	0.00e+00	4.60e-31	1.71e-24	4.44e-19	2.16e-14	3.23e-10	1.12e-05	7.56e-03	9.92e-01	0.00e+00	0.00e+00	0.00e+00
 7.31257e+20	0.00e+00	6.24e-31	2.21e-24	5.45e-19	2.52e-14	3.59e-10	1.21e-05	7.88e-03	9.92e-01	0.00e+00	0.00e+00	0.00e+00
 7.83791e+20	0.00e+00	8.23e-31	2.79e-24	6.57e-19	2.90e-14	3.95e-10	1.30e-05	8.19e-03	9.92e-01	0.00e+00	0.00e+00	0.00e+00
 8.40667e+20	0.00e+00	1.11e-30	3.56e-24	8.01e-19	3.38e-14	4.38e-10	1.40e-05	8.52e-03	9.91e-01	0.00e+00	0.00e+00	0.00e+00
 9.00358e+20	0.00e+00	1.50e-30	4.60e-24	9.85e-19	3.95e-14	4.88e-10	1.52e-05	8.88e-03	9.91e-01	0.00e+00	0.00e+00	0.00e+00
 9.51032e+20	0.00e+00	1.93e-30	5.69e-24	1.17e-18	4.50e-14	5.34e-10	1.62e-05	9.19e-03	9.91e-01	0.00e+00	0.00e+00	0.00e+00
 1.00423e+21	0.00e+00	2.51e-30	7.09e-24	1.40e-18	5.16e-14	5.87e-10	1.74e-05	9.52e-03	9.90e-01	0.00e+00	0.00e+00	0.00e+00
 1.07339e+21	0.00e+00	3.51e-30	9.39e-24	1.76e-18	6.14e-14	6.62e-10	1.90e-05	9.96e-03	9.90e-01	0.00e+00	0.00e+00	0.00e+00
 1.14357e+21	0.00e+00	4.90e-30	1.24e-23	2.21e-18	7.31e-14	7.48e-10	2.07e-05	1.04e-02	9.90e-01	0.00e+00	0.00e+00	0.00e+00
 1.20004e+21	0.00e+00	6.38e-30	1.55e-23	2.65e-18	8.40e-14	8.24e-10	2.22e-05	1.08e-02	9.89e-01	0.00e+00	0.00e+00	0.00e+00
 1.25839e+21	0.00e+00	8.33e-30	1.94e-23	3.18e-18	9.67e-14	9.10e-10	2.38e-05	1.12e-02	9.89e-01	0.00e+00	0.00e+00	0.00e+00
 1.33426e+21	0.00e+00	1.17e-29	2.59e-23	4.02e-18	1.16e-13	1.03e-09	2.60e-05	1.17e-02	9.88e-01	0.00e+00	0.00e+00	0.00e+00
 1.40871e+21	0.00e+00	1.63e-29	3.42e-23	5.04e-18	1.38e-13	1.17e-09	2.84e-05	1.22e-02	9.88e-01	0.00e+00	0.00e+00	0.00e+00
 1.46495e+21	0.00e+00	2.08e-29	4.20e-23	5.96e-18	1.57e-13	1.28e-09	3.02e-05	1.26e-02	9.87e-01	0.00e+00	0.00e+00	0.00e+00
 1.52168e+21	0.00e+00	2.65e-29	5.16e-23	7.06e-18	1.79e-13	1.41e-09	3.22e-05	1.30e-02	9.87e-01	0.00e+00	0.00e+00	0.00e+00
 1.59543e+21	0.00e+00	3.60e-29	6.68e-23	8.72e-18	2.11e-13	1.58e-09	3.49e-05	1.36e-02	9.86e-01	0.00e+00	0.00e+00	0.00e+00
 1.67402e+21	0.00e+00	4.98e-29	8.78e-23	1.09e-17	2.51e-13	1.79e-09	3.80e-05	1.42e-02	9.86e-01	0.00e+00	0.00e+00	0.00e+00
 1.74227e+21	0.00e+00	6.56e-29	1.11e-22	1.32e-17	2.91e-13	1.99e-09	4.09e-05	1.47e-02	9.85e-01	0.00e+00	0.00e+00	0.00e+00
 1.81436e+21	0.00e+00	8.73e-29	1.41e-22	1.61e-17	3.40e-13	2.22e-09	4.41e-05	1.53e-02	9.85e-01	0.00e+00	0.00e+00	0.00e+00
 1.89514e+21	0.00e+00	1.20e-28	1.84e-22	2.01e-17	4.03e-13	2.50e-09	4.79e-05	1.59e-02	9.84e-01	0.00e+00	0.00e+00	0.00e+00
 1.97134e+21	0.00e+00	1.60e-28	2.36e-22	2.46e-17	4.72e-13	2.81e-09	5.18e-05	1.65e-02	9.83e-01	0.00e+00	0.00e+00	0.00e+00
 2.05449e+21	0.00e+00	2.19e-28	3.08e-22	3.06e-17	5.59e-13	3.17e-09	5.62e-05	1.72e-02	9.83e-01	0.00e+00	0.00e+00	0.00e+00
 2.14125e+21	0.00e+00	3.03e-28	4.04e-22	3.82e-17	6.66e-13	3.59e-09	6.12e-05	1.80e-02	9.82e-01	0.00e+00	0.00e+00	0.00e+00
 2.21417e+21	0.00e+00	3.95e-28	5.06e-22	4.60e-17	7.69e-13	3.98e-09	6.57e-05	1.86e-02	9.81e-01	0.00e+00	0.00e+00	0.00e+00
 2.29044e+21	0.00e+00	5.19e-28	6.38e-22	5.57e-17	8.93e-13	4.43e-09	7.06e-05	1.93e-02	9.81e-01	0.00e+00	0.00e+00	0.00e+00
 2.38959e+21	0.00e+00	7.35e-28	8.58e-22	7.11e-17	1.08e-12	5.08e-09	7.74e-05	2.02e-02	9.80e-01	0.00e+00	0.00e+00	0.00e+00
 2.49055e+21	0.00e+00	1.04e-27	1.16e-21	9.08e-17	1.31e-12	5.83e-09	8.49e-05	2.12e-02	9.79e-01	0.00e+00	0.00e+00	0.00e+00
 2.57115e+21	0.00e+00	1.37e-27	1.46e-21	1.10e-16	1.52e-12	6.50e-09	9.13e-05	2.19e-02	9.78e-01	0.00e+00	0.00e+00	0.00e+00
 2.65318e+21	0.00e+00	1.81e-27	1.84e-21	1.33e-16	1.77e-12	7.25e-09	9.81e-05	2.27e-02	9.77e-01	0.00e+00	0.00e+00	0.00e+00
 2.75982e+21	0.00e+00	2.57e-27	2.48e-21	1.71e-16	2.14e-12	8.33e-09	1.08e-04	2.38e-02	9.76e-01	0.00e+00	0.00e+00	0.00e+00
 2.86992e+21	0.00e+00	3.68e-27	3.37e-21	2.19e-16	2.61e-12	9.59e-09	1.18e-04	2.49e-02	9.75e-01	0.00e+00	0.00e+00	0.00e+00
 2.96065e+21	0.00e+00	4.93e-27	4.31e-21	2.69e-16	3.06e-12	1.08e-08	1.28e-04	2.59e-02	9.74e-01	0.00e+00	0.00e+00	0.00e+00
 3.03709e+21	0.00e+00	6.28e-27	5.30e-21	3.19e-16	3.49e-12	1.19e-08	1.36e-04	2.67e-02	9.73e-01	0.00e+00	0.00e+00	0.00e+00
 3.11886e+21	0.00e+00	8.12e-27	6.59e-21	3.82e-16	4.02e-12	1.31e-08	1.46e-04	2.76e-02	9.72e-01	0.00e+00	0.00e+00	0.00e+00
 3.22516e+21	0.00e+00	1.12e-26	8.68e-21	4.80e-16	4.81e-12	1.49e-08	1.59e-04	2.88e-02	9.71e-01	0.00e+00	0.00e+00	0.00e+00
 3.33319e+21	7.72e-34	1.56e-26	1.15e-20	6.05e-16	5.76e-12	1.70e-08	1.73e-04	3.01e-02	9.70e-01	0.00e+00	0.00e+00	0.00e+00
 3.41941e+21	1.04e-33	2.03e-26	1.43e-20	7.26e-16	6.65e-12	1.89e-08	1.85e-04	3.11e-02	9.69e-01	0.00e+00	0.00e+00	0.00e+00
 3.50744e+21	1.41e-33	2.63e-26	1.79e-20	8.72e-16	7.68e-12	2.09e-08	1.99e-04	3.22e-02	9.68e-01	0.00e+00	0.00e+00	0.00e+00
 3.60059e+21	1.93e-33	3.47e-26	2.26e-20	1.06e-15	8.93e-12	2.34e-08	2.13e-04	3.33e-02	9.66e-01	0.00e+00	0.00e+00	0.00e+00
 3.68024e+21	2.54e-33	4.39e-26	2.76e-20	1.25e-15	1.02e-11	2.56e-08	2.27e-04	3.43e-02	9.65e-01	0.00e+00	0.00e+00	0.00e+00
 3.76362e+21	3.35e-33	5.58e-26	3.39e-20	1.48e-15	1.16e-11	2.82e-08	2.42e-04	3.54e-02	9.64e-01	0.00e+00	0.00e+00	0.00e+00
 3.85724e+21	4.56e-33	7.29e-26	4.25e-20	1.78e-15	1.34e-11	3.14e-08	2.59e-04	3.66e-02	9.63e-01	0.00e+00	0.00e+00	0.00e+00
 3.94542e+21	6.09e-33	9.37e-26	5.26e-20	2.13e-15	1.54e-11	3.47e-08	2.77e-04	3.78e-02	9.62e-01	0.00e+00	0.00e+00	0.00e+00
 4.02749e+21	7.95e-33	1.18e-25	6.40e-20	2.50e-15	1.75e-11	3.80e-08	2.94e-04	3.90e-02	9.61e-01	0.00e+00	0.00e+00	0.00e+00
 4.10421e+21	1.02e-32	1.47e-25	7.69e-20	2.91e-15	1.98e-11	4.14e-08	3.11e-04	4.00e-02	9.60e-01	0.00e+00	0.00e+00	0.00e+00
 4.17613e+21	1.28e-32	1.79e-25	9.10e-20	3.35e-15	2.20e-11	4.48e-08	3.28e-04	4.11e-02	9.59e-01	0.00e+00	0.00e+00	0.00e+00
 4.25799e+21	1.67e-32	2.24e-25	1.10e-19	3.93e-15	2.50e-11	4.90e-08	3.48e-04	4.23e-02	9.57e-01	0.00e+00	0.00e+00	0.00e+00
 4.34813e+21	2.22e-32	2.88e-25	1.36e-19	4.68e-15	2.86e-11	5.41e-08	3.71e-04	4.36e-02	9.56e-01	0.00e+00	0.00e+00	0.00e+00
 4.43022e+21	2.88e-32	3.60e-25	1.65e-19	5.48e-15	3.24e-11	5.92e-08	3.93e-04	4.49e-02	9.55e-01	0.00e+00	0.00e+00	0.00e+00
 4.50602e+21	3.66e-32	4.43e-25	1.97e-19	6.34e-15	3.64e-11	6.43e-08	4.15e-04	4.61e-02	9.54e-01	0.00e+00	0.00e+00	0.00e+00
 4.59246e+21	4.78e-32	5.59e-25	2.40e-19	7.46e-15	4.13e-11	7.05e-08	4.41e-04	4.74e-02	9.52e-01	0.00e+00	0.00e+00	0.00e+00
 4.68891e+21	6.45e-32	7.24e-25	2.99e-19	8.96e-15	4.77e-11	7.81e-08	4.71e-04	4.90e-02	9.51e-01	0.00e+00	0.00e+00	0.00e+00
 4.77805e+21	8.49e-32	9.19e-25	3.66e-19	1.06e-14	5.44e-11	8.59e-08	5.01e-04	5.05e-02	9.49e-01	0.00e+00	0.00e+00	0.00e+00
 4.85524e+21	1.08e-31	1.13e-24	4.36e-19	1.22e-14	6.09e-11	9.32e-08	5.29e-04	5.18e-02	9.48e-01	0.00e+00	0.00e+00	0.00e+00
 4.93725e+21	1.38e-31	1.40e-24	5.24e-19	1.43e-14	6.86e-11	1.02e-07	5.59e-04	5.32e-02	9.46e-01	0.00e+00	0.00e+00	0.00e+00
 5.02901e+21	1.83e-31	1.79e-24	6.44e-19	1.69e-14	7.85e-11	1.12e-07	5.96e-04	5.49e-02	9.45e-01	0.00e+00	0.00e+00	0.00e+00
 5.11442e+21	2.37e-31	2.24e-24	7.80e-19	1.98e-14	8.89e-11	1.22e-07	6.31e-04	5.64e-02	9.43e-01	0.00e+00	0.00e+00	0.00e+00
 5.19331e+21	3.02e-31	2.76e-24	9.30e-19	2.30e-14	9.96e-11	1.33e-07	6.66e-04	5.79e-02	9.41e-01	0.00e+00	0.00e+00	0.00e+00
 5.28276e+21	3.95e-31	3.48e-24	1.13e-18	2.71e-14	1.13e-10	1.45e-07	7.07e-04	5.96e-02	9.40e-01	0.00e+00	0.00e+00	0.00e+00
 5.38166e+21	5.32e-31	4.50e-24	1.41e-18	3.24e-14	1.31e-10	1.61e-07	7.55e-04	6.15e-02	9.38e-01	0.00e+00	0.00e+00	0.00e+00
 5.47192e+21	6.98e-31	5.70e-24	1.72e-18	3.83e-14	1.49e-10	1.77e-07	8.02e-04	6.33e-02	9.36e-01	0.00e+00	0.00e+00	0.00e+00
 5.55471e+21	8.94e-31	7.06e-24	2.07e-18	4.45e-14	1.67e-10	1.93e-07	8.48e-04	6.50e-02	9.34e-01	0.00e+00	0.00e+00	0.00e+00
 5.64868e+21	1.18e-30	8.99e-24	2.54e-18	5.29e-14	1.91e-10	2.12e-07	9.02e-04	6.70e-02	9.32e-01	0.00e+00	0.00e+00	0.00e+00
 5.74938e+21	1.60e-30	1.17e-23	3.17e-18	6.35e-14	2.21e-10	2.35e-07	9.65e-04	6.91e-02	9.30e-01	0.00e+00	0.00e+00	0.00e+00
 5.83733e+21	2.09e-30	1.47e-23	3.87e-18	7.49e-14	2.51e-10	2.58e-07	1.02e-03	7.11e-02	9.28e-01	0.00e+00	0.00e+00	0.00e+00
 5.91533e+21	2.61e-30	1.79e-23	4.56e-18	8.59e-14	2.80e-10	2.78e-07	1.08e-03	7.28e-02	9.26e-01	0.00e+00	0.00e+00	0.00e+00
 6.00188e+21	3.38e-30	2.23e-23	5.50e-18	1.00e-13	3.17e-10	3.04e-07	1.14e-03	7.48e-02	9.24e-01	0.00e+00	0.00e+00	0.00e+00
 6.11441e+21	4.70e-30	2.97e-23	7.02e-18	1.23e-13	3.71e-10	3.40e-07	1.23e-03	7.75e-02	9.21e-01	0.00e+00	0.00e+00	0.00e+00
 6.22695e+21	6.56e-30	3.96e-23	8.97e-18	1.51e-13	4.35e-10	3.81e-07	1.32e-03	8.02e-02	9.18e-01	0.00e+00	0.00e+00	0.00e+00
 6.31333e+21	8.47e-30	4.94e-23	1.08e-17	1.76e-13	4.92e-10	4.16e-07	1.40e-03	8.24e-02	9.16e-01	0.00e+00	0.00e+00	0.00e+00
 6.39943e+21	1.09e-29	6.14e-23	1.30e-17	2.06e-13	5.56e-10	4.54e-07	1.48e-03	8.46e-02	9.14e-01	0.00e+00	0.00e+00	0.00e+00
 6.51137e+21	1.51e-29	8.15e-23	1.66e-17	2.52e-13	6.50e-10	5.08e-07	1.59e-03	8.75e-02	9.11e-01	0.00e+00	0.00e+00	0.00e+00
 6.62604e+21	2.11e-29	1.09e-22	2.12e-17	3.09e-13	7.65e-10	5.70e-07	1.71e-03	9.07e-02	9.08e-01	0.00e+00	0.00e+00	0.00e+00
 6.71850e+21	2.77e-29	1.38e-22	2.59e-17	3.65e-13	8.72e-10	6.25e-07	1.81e-03	9.33e-02	9.05e-01	0.00e+00	0.00e+00	0.00e+00
 6.81292e+21	3.63e-29	1.74e-22	3.16e-17	4.31e-13	9.93e-10	6.86e-07	1.93e-03	9.59e-02	9.02e-01	0.00e+00	0.00e+00	0.00e+00
 6.93567e+21	5.17e-29	2.36e-22	4.10e-17	5.36e-13	1.18e-09	7.75e-07	2.08e-03	9.95e-02	8.98e-01	0.00e+00	0.00e+00	0.00e+00
 7.06006e+21	7.38e-29	3.21e-22	5.33e-17	6.68e-13	1.40e-09	8.77e-07	2.25e-03	1.03e-01	8.95e-01	0.00e+00	0.00e+00	0.00e+00
 7.15787e+21	9.74e-29	4.09e-22	6.55e-17	7.93e-13	1.60e-09	9.66e-07	2.40e-03	1.06e-01	8.91e-01	0.00e+00	0.00e+00	0.00e+00
 7.25634e+21	1.28e-28	5.18e-22	8.03e-17	9.40e-13	1.83e-09	1.06e-06	2.55e-03	1.09e-01	8.88e-01	0.00e+00	0.00e+00	0.00e+00
 7.38436e+21	1.83e-28	7.04e-22	1.04e-16	1.17e-12	2.18e-09	1.20e-06	2.76e-03	1.13e-01	8.84e-01	0.00e+00	0.00e+00	0.00e+00
 7.51759e+21	2.64e-28	9.67e-22	1.37e-16	1.47e-12	2.61e-09	1.37e-06	2.99e-03	1.18e-01	8.79e-01	0.00e+00	0.00e+00	0.00e+00
 7.62304e+21	3.51e-28	1.24e-21	1.69e-16	1.76e-12	3.00e-09	1.51e-06	3.19e-03	1.21e-01	8.76e-01	0.00e+00	0.00e+00	0.00e+00
 7.70992e+21	4.48e-28	1.53e-21	2.02e-16	2.04e-12	3.38e-09	1.64e-06	3.37e-03	1.24e-01	8.72e-01	0.00e+00	0.00e+00	0.00e+00
 7.80725e+21	5.72e-28	1.89e-21	2.42e-16	2.38e-12	3.82e-09	1.79e-06	3.56e-03	1.28e-01	8.69e-01	0.00e+00	0.00e+00	0.00e+00
 7.93378e+21	7.93e-28	2.51e-21	3.09e-16	2.92e-12	4.49e-09	2.01e-06	3.83e-03	1.32e-01	8.64e-01	0.00e+00	0.00e+00	0.00e+00
 8.06540e+21	1.11e-27	3.35e-21	3.96e-16	3.60e-12	5.30e-09	2.27e-06	4.13e-03	1.37e-01	8.59e-01	0.00e+00	0.00e+00	0.00e+00
 8.17505e+21	1.46e-27	4.24e-21	4.85e-16	4.27e-12	6.08e-09	2.50e-06	4.40e-03	1.41e-01	8.55e-01	0.00e+00	0.00e+00	0.00e+00
 8.28903e+21	1.92e-27	5.39e-21	5.96e-16	5.08e-12	6.98e-09	2.76e-06	4.68e-03	1.45e-01	8.51e-01	0.00e+00	0.00e+00	0.00e+00
 8.43721e+21	2.72e-27	7.30e-21	7.73e-16	6.33e-12	8.32e-09	3.13e-06	5.07e-03	1.50e-01	8.45e-01	0.00e+00	0.00e+00	0.00e+00
 8.58821e+21	3.87e-27	9.89e-21	1.00e-15	7.90e-12	9.92e-09	3.55e-06	5.50e-03	1.55e-01	8.39e-01	0.00e+00	0.00e+00	0.00e+00
 8.71005e+21	5.09e-27	1.26e-20	1.23e-15	9.40e-12	1.14e-08	3.92e-06	5.86e-03	1.60e-01	8.34e-01	0.00e+00	0.00e+00	0.00e+00
 8.83562e+21	6.70e-27	1.59e-20	1.51e-15	1.12e-11	1.31e-08	4.34e-06	6.24e-03	1.65e-01	8.29e-01	0.00e+00	0.00e+00	0.00e+00
 8.99885e+21	9.49e-27	2.16e-20	1.96e-15	1.39e-11	1.56e-08	4.92e-06	6.76e-03	1.71e-01	8.23e-01	0.00e+00	0.00e+00	0.00e+00
 9.16764e+21	1.35e-26	2.92e-20	2.55e-15	1.74e-11	1.87e-08	5.60e-06	7.34e-03	1.77e-01	8.16e-01	0.00e+00	0.00e+00	0.00e+00
 9.30743e+21	1.79e-26	3.73e-20	3.15e-15	2.08e-11	2.16e-08	6.21e-06	7.84e-03	1.82e-01	8.10e-01	0.00e+00	0.00e+00	0.00e+00
 9.43100e+21	2.28e-26	4.61e-20	3.78e-15	2.43e-11	2.45e-08	6.79e-06	8.29e-03	1.87e-01	8.05e-01	0.00e+00	0.00e+00	0.00e+00
 9.56972e+21	2.97e-26	5.80e-20	4.61e-15	2.88e-11	2.80e-08	7.49e-06	8.82e-03	1.92e-01	7.99e-01	0.00e+00	0.00e+00	0.00e+00
 9.72390e+21	3.96e-26	7.45e-20	5.72e-15	3.46e-11	3.25e-08	8.34e-06	9.44e-03	1.97e-01	7.93e-01	0.00e+00	0.00e+00	0.00e+00
 9.86658e+21	5.13e-26	9.34e-20	6.96e-15	4.09e-11	3.71e-08	9.19e-06	1.00e-02	2.03e-01	7.87e-01	0.00e+00	0.00e+00	0.00e+00
 9.99997e+21	6.50e-26	1.15e-19	8.31e-15	4.76e-11	4.20e-08	1.00e-05	1.06e-02	2.08e-01	7.82e-01	0.00e+00	0.00e+00	0.00e+00
 1.01529e+22	8.46e-26	1.44e-19	1.01e-14	5.63e-11	4.81e-08	1.11e-05	1.13e-02	2.13e-01	7.75e-01	0.00e+00	0.00e+00	0.00e+00
 1.03244e+22	1.13e-25	1.86e-19	1.26e-14	6.79e-11	5.59e-08	1.23e-05	1.21e-02	2.20e-01	7.68e-01	0.00e+00	0.00e+00	0.00e+00
 1.04856e+22	1.47e-25	2.34e-19	1.54e-14	8.04e-11	6.42e-08	1.36e-05	1.29e-02	2.25e-01	7.62e-01	0.00e+00	0.00e+00	0.00e+00
 1.06372e+22	1.87e-25	2.88e-19	1.85e-14	9.40e-11	7.28e-08	1.49e-05	1.36e-02	2.31e-01	7.55e-01	0.00e+00	0.00e+00	0.00e+00
 1.08108e+22	2.45e-25	3.65e-19	2.26e-14	1.12e-10	8.38e-08	1.65e-05	1.45e-02	2.37e-01	7.48e-01	0.00e+00	0.00e+00	0.00e+00
 1.09923e+22	3.23e-25	4.64e-19	2.79e-14	1.34e-10	9.68e-08	1.84e-05	1.55e-02	2.44e-01	7.41e-01	0.00e+00	0.00e+00	0.00e+00
 1.11447e+22	4.05e-25	5.65e-19	3.31e-14	1.55e-10	1.09e-07	2.00e-05	1.63e-02	2.49e-01	7.34e-01	0.00e+00	0.00e+00	0.00e+00
 1.13036e+22	5.09e-25	6.89e-19	3.93e-14	1.79e-10	1.23e-07	2.18e-05	1.72e-02	2.55e-01	7.28e-01	0.00e+00	0.00e+00	0.00e+00
 1.15102e+22	6.79e-25	8.85e-19	4.89e-14	2.16e-10	1.43e-07	2.44e-05	1.84e-02	2.62e-01	7.19e-01	0.00e+00	0.00e+00	0.00e+00
 1.17208e+22	9.06e-25	1.14e-18	6.08e-14	2.60e-10	1.66e-07	2.72e-05	1.98e-02	2.70e-01	7.11e-01	0.00e+00	0.00e+00	0.00e+00
 1.18908e+22	1.14e-24	1.39e-18	7.21e-14	3.01e-10	1.87e-07	2.96e-05	2.08e-02	2.75e-01	7.04e-01	0.00e+00	0.00e+00	0.00e+00
 1.20660e+22	1.42e-24	1.69e-18	8.56e-14	3.48e-10	2.11e-07	3.23e-05	2.20e-02	2.81e-01	6.97e-01	0.00e+00	0.00e+00	0.00e+00
 1.22938e+22	1.89e-24	2.17e-18	1.06e-13	4.19e-10	2.45e-07	3.60e-05	2.35e-02	2.89e-01	6.87e-01	0.00e+00	0.00e+00	0.00e+00
 1.25315e+22	2.54e-24	2.80e-18	1.33e-13	5.06e-10	2.85e-07	4.03e-05	2.52e-02	2.97e-01	6.78e-01	0.00e+00	0.00e+00	0.00e+00
 1.27315e+22	3.22e-24	3.44e-18	1.59e-13	5.90e-10	3.23e-07	4.41e-05	2.66e-02	3.03e-01	6.70e-01	0.00e+00	0.00e+00	0.00e+00
 1.29410e+22	4.10e-24	4.25e-18	1.91e-13	6.90e-10	3.67e-07	4.84e-05	2.82e-02	3.10e-01	6.62e-01	0.00e+00	0.00e+00	0.00e+00
 1.32132e+22	5.56e-24	5.54e-18	2.40e-13	8.40e-10	4.31e-07	5.43e-05	3.02e-02	3.19e-01	6.51e-01	0.00e+00	0.00e+00	0.00e+00
 1.34790e+22	7.45e-24	7.16e-18	3.00e-13	1.01e-09	5.02e-07	6.07e-05	3.24e-02	3.27e-01	6.41e-01	0.00e+00	0.00e+00	0.00e+00
 1.36776e+22	9.21e-24	8.61e-18	3.52e-13	1.16e-09	5.61e-07	6.58e-05	3.40e-02	3.33e-01	6.33e-01	0.00e+00	0.00e+00	0.00e+00
 1.38769e+22	1.13e-23	1.03e-17	4.12e-13	1.33e-09	6.25e-07	7.12e-05	3.57e-02	3.39e-01	6.25e-01	0.00e+00	0.00e+00	0.00e+00
 1.41361e+22	1.46e-23	1.29e-17	4.99e-13	1.56e-09	7.13e-07	7.83e-05	3.78e-02	3.46e-01	6.16e-01	0.00e+00	0.00e+00	0.00e+00
 1.44208e+22	1.95e-23	1.66e-17	6.21e-13	1.88e-09	8.29e-07	8.74e-05	4.03e-02	3.55e-01	6.05e-01	0.00e+00	0.00e+00	0.00e+00
 1.46773e+22	2.49e-23	2.05e-17	7.48e-13	2.21e-09	9.43e-07	9.59e-05	4.27e-02	3.62e-01	5.96e-01	0.00e+00	0.00e+00	0.00e+00
 1.49494e+22	3.20e-23	2.55e-17	9.03e-13	2.59e-09	1.07e-06	1.05e-04	4.51e-02	3.69e-01	5.86e-01	0.00e+00	0.00e+00	0.00e+00
 1.53031e+22	4.42e-23	3.38e-17	1.15e-12	3.19e-09	1.27e-06	1.19e-04	4.85e-02	3.78e-01	5.73e-01	0.00e+00	0.00e+00	0.00e+00
 1.56646e+22	6.08e-23	4.47e-17	1.47e-12	3.91e-09	1.50e-06	1.34e-04	5.21e-02	3.88e-01	5.60e-01	0.00e+00	0.00e+00	0.00e+00
 1.59437e+22	7.74e-23	5.52e-17	1.76e-12	4.56e-09	1.70e-06	1.47e-04	5.50e-02	3.94e-01	5.50e-01	0.00e+00	0.00e+00	0.00e+00
 1.62142e+22	9.68e-23	6.71e-17	2.09e-12	5.26e-09	1.90e-06	1.59e-04	5.78e-02	4.01e-01	5.41e-01	0.00e+00	0.00e+00	0.00e+00
 1.65657e+22	1.28e-22	8.58e-17	2.58e-12	6.29e-09	2.20e-06	1.77e-04	6.14e-02	4.09e-01	5.30e-01	0.00e+00	0.00e+00	0.00e+00
 1.69406e+22	1.74e-22	1.12e-16	3.24e-12	7.64e-09	2.57e-06	1.98e-04	6.56e-02	4.17e-01	5.17e-01	0.00e+00	0.00e+00	0.00e+00
 1.72541e+22	2.22e-22	1.38e-16	3.90e-12	8.92e-09	2.91e-06	2.16e-04	6.92e-02	4.24e-01	5.07e-01	0.00e+00	0.00e+00	0.00e+00
 1.75277e+22	2.73e-22	1.65e-16	4.55e-12	1.02e-08	3.24e-06	2.33e-04	7.23e-02	4.30e-01	4.98e-01	0.00e+00	0.00e+00	0.00e+00
 1.78409e+22	3.44e-22	2.02e-16	5.42e-12	1.18e-08	3.64e-06	2.54e-04	7.60e-02	4.36e-01	4.88e-01	0.00e+00	0.00e+00	0.00e+00
 1.82481e+22	4.59e-22	2.60e-16	6.73e-12	1.41e-08	4.22e-06	2.82e-04	8.07e-02	4.44e-01	4.75e-01	0.00e+00	0.00e+00	0.00e+00
 1.86700e+22	6.20e-22	3.39e-16	8.45e-12	1.72e-08	4.92e-06	3.15e-04	8.60e-02	4.52e-01	4.62e-01	0.00e+00	0.00e+00	0.00e+00
 1.90157e+22	7.88e-22	4.17e-16	1.01e-11	2.00e-08	5.56e-06	3.44e-04	9.04e-02	4.58e-01	4.52e-01	0.00e+00	0.00e+00	0.00e+00
 1.93699e+22	9.98e-22	5.12e-16	1.21e-11	2.32e-08	6.27e-06	3.75e-04	9.49e-02	4.63e-01	4.41e-01	0.00e+00	0.00e+00	0.00e+00
 1.98304e+22	1.34e-21	6.63e-16	1.51e-11	2.79e-08	7.28e-06	4.16e-04	1.01e-01	4.70e-01	4.28e-01	0.00e+00	0.00e+00	0.00e+00
 2.03085e+22	1.83e-21	8.68e-16	1.91e-11	3.40e-08	8.53e-06	4.66e-04	1.07e-01	4.78e-01	4.14e-01	0.00e+00	0.00e+00	0.00e+00
 2.07022e+22	2.34e-21	1.07e-15	2.29e-11	3.98e-08	9.67e-06	5.10e-04	1.13e-01	4.83e-01	4.03e-01	0.00e+00	0.00e+00	0.00e+00
 2.11066e+22	2.98e-21	1.33e-15	2.75e-11	4.64e-08	1.09e-05	5.57e-04	1.19e-01	4.88e-01	3.92e-01	0.00e+00	0.00e+00	0.00e+00
 2.16324e+22	4.05e-21	1.74e-15	3.47e-11	5.64e-08	1.28e-05	6.22e-04	1.26e-01	4.95e-01	3.79e-01	0.00e+00	0.00e+00	0.00e+00
 2.21793e+22	5.56e-21	2.29e-15	4.40e-11	6.89e-08	1.50e-05	6.97e-04	1.34e-01	5.01e-01	3.64e-01	0.00e+00	0.00e+00	0.00e+00
 2.26017e+22	7.05e-21	2.81e-15	5.27e-11	8.02e-08	1.70e-05	7.59e-04	1.41e-01	5.05e-01	3.54e-01	0.00e+00	0.00e+00	0.00e+00
 2.29372e+22	8.48e-21	3.30e-15	6.05e-11	9.01e-08	1.86e-05	8.11e-04	1.46e-01	5.08e-01	3.45e-01	0.00e+00	0.00e+00	0.00e+00
 2.33118e+22	1.04e-20	3.93e-15	7.04e-11	1.02e-07	2.06e-05	8.72e-04	1.52e-01	5.11e-01	3.36e-01	0.00e+00	0.00e+00	0.00e+00
 2.37988e+22	1.33e-20	4.89e-15	8.50e-11	1.20e-07	2.34e-05	9.54e-04	1.59e-01	5.15e-01	3.25e-01	0.00e+00	0.00e+00	0.00e+00
 2.43257e+22	1.75e-20	6.20e-15	1.04e-10	1.43e-07	2.70e-05	1.05e-03	1.68e-01	5.18e-01	3.13e-01	0.00e+00	0.00e+00	0.00e+00
 2.47886e+22	2.20e-20	7.58e-15	1.24e-10	1.66e-07	3.04e-05	1.15e-03	1.75e-01	5.21e-01	3.02e-01	0.00e+00	0.00e+00	0.00e+00
 2.52744e+22	2.78e-20	9.28e-15	1.48e-10	1.92e-07	3.42e-05	1.24e-03	1.83e-01	5.23e-01	2.92e-01	0.00e+00	0.00e+00	0.00e+00
 2.59059e+22	3.73e-20	1.20e-14	1.86e-10	2.33e-07	4.00e-05	1.39e-03	1.94e-01	5.26e-01	2.79e-01	0.00e+00	0.00e+00	0.00e+00
 2.65417e+22	5.00e-20	1.55e-14	2.32e-10	2.81e-07	4.66e-05	1.55e-03	2.05e-01	5.28e-01	2.66e-01	0.00e+00	0.00e+00	0.00e+00
 2.70431e+22	6.25e-20	1.88e-14	2.75e-10	3.25e-07	5.24e-05	1.68e-03	2.13e-01	5.29e-01	2.56e-01	0.00e+00	0.00e+00	0.00e+00
 2.75552e+22	7.78e-20	2.28e-14	3.25e-10	3.75e-07	5.88e-05	1.82e-03	2.22e-01	5.29e-01	2.46e-01	0.00e+00	0.00e+00	0.00e+00
 2.82208e+22	1.02e-19	2.90e-14	4.01e-10	4.49e-07	6.79e-05	2.01e-03	2.34e-01	5.30e-01	2.34e-01	0.00e+00	0.00e+00	0.00e+00
 2.89261e+22	1.36e-19	3.72e-14	5.00e-10	5.42e-07	7.92e-05	2.24e-03	2.47e-01	5.29e-01	2.22e-01	0.00e+00	0.00e+00	0.00e+00
 2.95278e+22	1.72e-19	4.58e-14	6.00e-10	6.34e-07	9.01e-05	2.46e-03	2.58e-01	5.28e-01	2.12e-01	0.00e+00	0.00e+00	0.00e+00
 3.01548e+22	2.18e-19	5.61e-14	7.17e-10	7.39e-07	1.02e-04	2.68e-03	2.69e-01	5.27e-01	2.02e-01	0.00e+00	0.00e+00	0.00e+00
 3.09700e+22	2.91e-19	7.24e-14	8.98e-10	8.97e-07	1.20e-04	2.99e-03	2.83e-01	5.24e-01	1.89e-01	0.00e+00	0.00e+00	0.00e+00
 3.18016e+22	3.89e-19	9.35e-14	1.13e-09	1.09e-06	1.40e-04	3.35e-03	2.99e-01	5.20e-01	1.77e-01	0.00e+00	0.00e+00	0.00e+00
 3.24282e+22	4.80e-19	1.13e-13	1.33e-09	1.26e-06	1.58e-04	3.65e-03	3.11e-01	5.17e-01	1.68e-01	0.00e+00	0.00e+00	0.00e+00
 3.29331e+22	5.65e-19	1.30e-13	1.51e-09	1.41e-06	1.73e-04	3.89e-03	3.19e-01	5.15e-01	1.62e-01	0.00e+00	0.00e+00	0.00e+00
 3.35059e+22	6.74e-19	1.52e-13	1.74e-09	1.59e-06	1.92e-04	4.17e-03	3.30e-01	5.11e-01	1.55e-01	0.00e+00	0.00e+00	0.00e+00
 3.42505e+22	8.38e-19	1.84e-13	2.07e-09	1.86e-06	2.17e-04	4.56e-03	3.43e-01	5.06e-01	1.46e-01	0.00e+00	0.00e+00	0.00e+00
 3.50636e+22	1.06e-18	2.27e-13	2.49e-09	2.19e-06	2.49e-04	5.02e-03	3.58e-01	5.00e-01	1.37e-01	0.00e+00	0.00e+00	0.00e+00
 3.57794e+22	1.29e-18	2.70e-13	2.93e-09	2.52e-06	2.80e-04	5.45e-03	3.71e-01	4.95e-01	1.29e-01	0.00e+00	0.00e+00	0.00e+00
 3.64195e+22	1.52e-18	3.14e-13	3.35e-09	2.85e-06	3.10e-04	5.86e-03	3.82e-01	4.89e-01	1.22e-01	0.00e+00	0.00e+00	0.00e+00
 3.71474e+22	1.83e-18	3.69e-13	3.89e-09	3.24e-06	3.45e-04	6.32e-03	3.94e-01	4.83e-01	1.16e-01	0.00e+00	0.00e+00	0.00e+00
 3.80937e+22	2.29e-18	4.51e-13	4.67e-09	3.82e-06	3.95e-04	6.97e-03	4.10e-01	4.75e-01	1.07e-01	0.00e+00	0.00e+00	0.00e+00
 3.90655e+22	2.86e-18	5.51e-13	5.62e-09	4.51e-06	4.54e-04	7.69e-03	4.27e-01	4.66e-01	9.94e-02	0.00e+00	0.00e+00	0.00e+00
 3.98510e+22	3.40e-18	6.43e-13	6.49e-09	5.13e-06	5.06e-04	8.31e-03	4.40e-01	4.58e-01	9.32e-02	0.00e+00	0.00e+00	0.00e+00
 4.06530e+22	4.00e-18	7.46e-13	7.44e-09	5.80e-06	5.60e-04	8.93e-03	4.52e-01	4.51e-01	8.77e-02	0.00e+00	0.00e+00	0.00e+00
 4.16955e+22	4.89e-18	8.95e-13	8.82e-09	6.77e-06	6.37e-04	9.79e-03	4.68e-01	4.41e-01	8.10e-02	0.00e+00	0.00e+00	0.00e+00
 4.27903e+22	6.01e-18	1.08e-12	1.05e-08	7.95e-06	7.27e-04	1.08e-02	4.85e-01	4.30e-01	7.43e-02	0.00e+00	0.00e+00	0.00e+00
 4.37123e+22	7.09e-18	1.25e-12	1.21e-08	9.04e-06	8.09e-04	1.16e-02	4.98e-01	4.20e-01	6.92e-02	0.00e+00	0.00e+00	0.00e+00
 4.46701e+22	8.30e-18	1.45e-12	1.39e-08	1.02e-05	8.97e-04	1.25e-02	5.11e-01	4.11e-01	6.45e-02	0.00e+00	0.00e+00	0.00e+00
 4.59152e+22	1.01e-17	1.73e-12	1.65e-08	1.20e-05	1.02e-03	1.37e-02	5.27e-01	3.99e-01	5.89e-02	0.00e+00	0.00e+00	0.00e+00
 4.72171e+22	1.23e-17	2.08e-12	1.96e-08	1.41e-05	1.16e-03	1.51e-02	5.44e-01	3.86e-01	5.34e-02	0.00e+00	0.00e+00	0.00e+00
 4.83105e+22	1.44e-17	2.41e-12	2.26e-08	1.60e-05	1.29e-03	1.63e-02	5.57e-01	3.76e-01	4.93e-02	0.00e+00	0.00e+00	0.00e+00
 4.92139e+22	1.62e-17	2.70e-12	2.52e-08	1.78e-05	1.41e-03	1.73e-02	5.68e-01	3.67e-01	4.62e-02	0.00e+00	0.00e+00	0.00e+00
 5.01523e+22	1.84e-17	3.03e-12	2.82e-08	1.96e-05	1.52e-03	1.83e-02	5.78e-01	3.59e-01	4.33e-02	0.00e+00	0.00e+00	0.00e+00
 5.13721e+22	2.14e-17	3.48e-12	3.22e-08	2.22e-05	1.69e-03	1.97e-02	5.91e-01	3.48e-01	3.99e-02	0.00e+00	0.00e+00	0.00e+00
 5.26598e+22	2.50e-17	4.04e-12	3.72e-08	2.54e-05	1.87e-03	2.13e-02	6.04e-01	3.37e-01	3.65e-02	2.50e-17	5.69e-23	5.88e-23
 5.37524e+22	2.84e-17	4.55e-12	4.18e-08	2.83e-05	2.04e-03	2.26e-02	6.14e-01	3.27e-01	3.39e-02	2.84e-17	6.42e-23	6.63e-23
 5.48896e+22	3.21e-17	5.12e-12	4.69e-08	3.14e-05	2.22e-03	2.40e-02	6.24e-01	3.18e-01	3.15e-02	3.21e-17	7.19e-23	7.43e-23
 5.63679e+22	3.75e-17	5.92e-12	5.40e-08	3.58e-05	2.46e-03	2.59e-02	6.36e-01	3.07e-01	2.87e-02	3.75e-17	8.28e-23	8.55e-23
 5.78891e+22	4.39e-17	6.88e-12	6.25e-08	4.10e-05	2.73e-03	2.79e-02	6.48e-01	2.95e-01	2.61e-02	4.39e-17	9.60e-23	9.92e-23
 5.91153e+22	4.94e-17	7.71e-12	7.00e-08	4.55e-05	2.97e-03	2.96e-02	6.58e-01	2.86e-01	2.41e-02	4.94e-17	1.07e-22	1.11e-22
 6.03585e+22	5.56e-17	8.63e-12	7.80e-08	5.02e-05	3.20e-03	3.12e-02	6.66e-01	2.77e-01	2.24e-02	5.56e-17	1.19e-22	1.23e-22
 6.19746e+22	6.42e-17	9.90e-12	8.92e-08	5.68e-05	3.52e-03	3.34e-02	6.76e-01	2.67e-01	2.04e-02	6.42e-17	1.36e-22	1.40e-22
 6.36981e+22	7.48e-17	1.15e-11	1.03e-07	6.48e-05	3.89e-03	3.59e-02	6.86e-01	2.56e-01	1.85e-02	7.48e-17	1.56e-22	1.62e-22
 6.51771e+22	8.44e-17	1.29e-11	1.16e-07	7.22e-05	4.22e-03	3.81e-02	6.94e-01	2.46e-01	1.69e-02	8.44e-17	1.74e-22	1.81e-22
 6.67159e+22	9.58e-17	1.46e-11	1.30e-07	8.02e-05	4.56e-03	4.02e-02	7.02e-01	2.38e-01	1.56e-02	9.58e-17	1.95e-22	2.02e-22
 6.87164e+22	1.11e-16	1.69e-11	1.50e-07	9.13e-05	5.02e-03	4.31e-02	7.11e-01	2.27e-01	1.41e-02	1.11e-16	2.23e-22	2.31e-22
 7.08261e+22	1.31e-16	1.97e-11	1.75e-07	1.05e-04	5.56e-03	4.63e-02	7.19e-01	2.16e-01	1.26e-02	1.31e-16	2.57e-22	2.68e-22
 7.25984e+22	1.48e-16	2.23e-11	1.98e-07	1.17e-04	6.04e-03	4.91e-02	7.26e-01	2.07e-01	1.14e-02	1.48e-16	2.87e-22	3.00e-22
 7.44234e+22	1.68e-16	2.53e-11	2.23e-07	1.30e-04	6.51e-03	5.18e-02	7.32e-01	1.99e-01	1.05e-02	1.68e-16	3.21e-22	3.35e-22
 7.67958e+22	1.96e-16	2.94e-11	2.58e-07	1.48e-04	7.15e-03	5.53e-02	7.39e-01	1.89e-01	9.39e-03	1.96e-16	3.67e-22	3.83e-22
 7.93602e+22	2.31e-16	3.46e-11	3.03e-07	1.71e-04	7.91e-03	5.94e-02	7.45e-01	1.79e-01	8.31e-03	2.31e-16	4.24e-22	4.44e-22
 8.13864e+22	2.63e-16	3.94e-11	3.44e-07	1.91e-04	8.57e-03	6.28e-02	7.50e-01	1.71e-01	7.54e-03	2.63e-16	4.77e-22	5.01e-22
 8.28862e+22	2.87e-16	4.30e-11	3.74e-07	2.06e-04	9.04e-03	6.52e-02	7.53e-01	1.66e-01	7.04e-03	2.87e-16	5.15e-22	5.41e-22
 8.44897e+22	3.15e-16	4.71e-11	4.09e-07	2.23e-04	9.54e-03	6.77e-02	7.56e-01	1.60e-01	6.58e-03	3.15e-16	5.57e-22	5.86e-22
 8.65742e+22	3.53e-16	5.28e-11	4.56e-07	2.45e-04	1.02e-02	7.09e-02	7.59e-01	1.54e-01	6.04e-03	3.53e-16	6.14e-22	6.46e-22
 8.92841e+22	4.05e-16	6.06e-11	5.22e-07	2.75e-04	1.11e-02	7.50e-02	7.62e-01	1.46e-01	5.42e-03	4.05e-16	6.87e-22	7.24e-22
 9.21058e+22	4.71e-16	7.06e-11	6.04e-07	3.12e-04	1.21e-02	7.97e-02	7.65e-01	1.38e-01	4.83e-03	4.71e-16	7.84e-22	8.27e-22
 9.44012e+22	5.31e-16	7.96e-11	6.78e-07	3.45e-04	1.29e-02	8.35e-02	7.67e-01	1.32e-01	4.40e-03	5.31e-16	8.70e-22	9.20e-22
 9.67138e+22	5.90e-16	8.87e-11	7.52e-07	3.77e-04	1.37e-02	8.71e-02	7.68e-01	1.27e-01	4.05e-03	5.90e-16	9.49e-22	1.00e-21
 9.97202e+22	6.75e-16	1.02e-10	8.56e-07	4.20e-04	1.48e-02	9.16e-02	7.69e-01	1.20e-01	3.65e-03	6.75e-16	1.06e-21	1.12e-21
 1.03033e+23	7.81e-16	1.18e-10	9.90e-07	4.75e-04	1.60e-02	9.71e-02	7.70e-01	1.13e-01	3.23e-03	7.81e-16	1.20e-21	1.27e-21
 1.05982e+23	8.92e-16	1.35e-10	1.12e-06	5.28e-04	1.72e-02	1.02e-01	7.70e-01	1.08e-01	2.92e-03	8.92e-16	1.34e-21	1.43e-21
 1.08641e+23	9.96e-16	1.52e-10	1.25e-06	5.77e-04	1.82e-02	1.06e-01	7.69e-01	1.03e-01	2.67e-03	9.96e-16	1.47e-21	1.57e-21
 1.11689e+23	1.12e-15	1.71e-10	1.40e-06	6.33e-04	1.94e-02	1.11e-01	7.69e-01	9.83e-02	2.43e-03	1.12e-15	1.61e-21	1.72e-21
 1.15650e+23	1.30e-15	1.98e-10	1.61e-06	7.08e-04	2.09e-02	1.16e-01	7.67e-01	9.29e-02	2.18e-03	1.30e-15	1.81e-21	1.93e-21
 1.20099e+23	1.52e-15	2.34e-10	1.88e-06	8.04e-04	2.27e-02	1.23e-01	7.65e-01	8.67e-02	1.90e-03	1.52e-15	2.05e-21	2.20e-21
 1.24156e+23	1.76e-15	2.73e-10	2.17e-06	9.02e-04	2.44e-02	1.29e-01	7.62e-01	8.16e-02	1.69e-03	1.76e-15	2.33e-21	2.49e-21
 1.27811e+23	2.00e-15	3.10e-10	2.44e-06	9.90e-04	2.60e-02	1.35e-01	7.59e-01	7.76e-02	1.54e-03	2.00e-15	2.57e-21	2.75e-21
 1.31969e+23	2.26e-15	3.53e-10	2.74e-06	1.09e-03	2.76e-02	1.40e-01	7.56e-01	7.36e-02	1.39e-03	2.26e-15	2.82e-21	3.02e-21
 1.37067e+23	2.64e-15	4.13e-10	3.16e-06	1.21e-03	2.96e-02	1.47e-01	7.52e-01	6.92e-02	1.24e-03	2.64e-15	3.17e-21	3.40e-21
 1.42673e+23	3.08e-15	4.87e-10	3.67e-06	1.36e-03	3.19e-02	1.54e-01	7.47e-01	6.46e-02	1.08e-03	3.08e-15	3.55e-21	3.82e-21
 1.48503e+23	3.61e-15	5.74e-10	4.26e-06	1.53e-03	3.43e-02	1.62e-01	7.41e-01	6.04e-02	9.57e-04	3.61e-15	4.00e-21	4.31e-21
 1.54567e+23	4.23e-15	6.74e-10	4.91e-06	1.70e-03	3.67e-02	1.69e-01	7.35e-01	5.66e-02	8.50e-04	4.23e-15	4.50e-21	4.85e-21
 1.60873e+23	4.89e-15	7.85e-10	5.63e-06	1.89e-03	3.92e-02	1.76e-01	7.29e-01	5.31e-02	7.54e-04	4.89e-15	4.97e-21	5.37e-21
 1.67431e+23	5.66e-15	9.13e-10	6.43e-06	2.08e-03	4.18e-02	1.83e-01	7.22e-01	4.99e-02	6.72e-04	5.66e-15	5.50e-21	5.95e-21
 1.74111e+23	6.52e-15	1.06e-09	7.30e-06	2.29e-03	4.43e-02	1.90e-01	7.15e-01	4.70e-02	6.03e-04	6.52e-15	6.06e-21	6.56e-21
 1.81058e+23	7.43e-15	1.21e-09	8.22e-06	2.50e-03	4.68e-02	1.97e-01	7.09e-01	4.44e-02	5.44e-04	7.43e-15	6.59e-21	7.14e-21
 1.88424e+23	8.47e-15	1.38e-09	9.23e-06	2.72e-03	4.94e-02	2.04e-01	7.02e-01	4.19e-02	4.91e-04	8.47e-15	7.14e-21	7.75e-21
 1.96084e+23	9.58e-15	1.57e-09	1.03e-05	2.94e-03	5.20e-02	2.10e-01	6.95e-01	3.97e-02	4.46e-04	9.58e-15	7.67e-21	8.33e-21
 2.04051e+23	1.08e-14	1.77e-09	1.14e-05	3.17e-03	5.45e-02	2.16e-01	6.88e-01	3.77e-02	4.06e-04	1.08e-14	8.16e-21	8.87e-21
 2.12336e+23	1.20e-14	1.97e-09	1.26e-05	3.39e-03	5.68e-02	2.22e-01	6.82e-01	3.60e-02	3.74e-04	1.20e-14	8.60e-21	9.35e-21
 2.20953e+23	1.32e-14	2.18e-09	1.37e-05	3.61e-03	5.91e-02	2.27e-01	6.76e-01	3.44e-02	3.45e-04	1.32e-14	8.97e-21	9.76e-21
 2.29353e+23	1.47e-14	2.42e-09	1.50e-05	3.84e-03	6.15e-02	2.32e-01	6.69e-01	3.29e-02	3.19e-04	1.47e-14	9.43e-21	1.03e-20
 2.36966e+23	1.60e-14	2.64e-09	1.61e-05	4.04e-03	6.36e-02	2.37e-01	6.64e-01	3.17e-02	2.98e-04	1.60e-14	9.78e-21	1.07e-20
 2.43817e+23	1.70e-14	2.82e-09	1.71e-05	4.21e-03	6.52e-02	2.41e-01	6.59e-01	3.07e-02	2.83e-04	1.70e-14	9.98e-21	1.09e-20
 2.49984e+23	1.81e-14	3.00e-09	1.80e-05	4.36e-03	6.67e-02	2.44e-01	6.55e-01	2.99e-02	2.70e-04	1.81e-14	1.02e-20	1.11e-20
 2.55534e+23	1.88e-14	3.13e-09	1.87e-05	4.48e-03	6.78e-02	2.46e-01	6.52e-01	2.93e-02	2.60e-04	1.88e-14	1.03e-20	1.12e-20
 2.60528e+23	1.96e-14	3.26e-09	1.93e-05	4.58e-03	6.89e-02	2.48e-01	6.49e-01	2.88e-02	2.53e-04	1.96e-14	1.04e-20	1.13e-20
 2.65024e+23	2.02e-14	3.36e-09	1.98e-05	4.66e-03	6.97e-02	2.50e-01	6.47e-01	2.84e-02	2.47e-04	2.02e-14	1.04e-20	1.14e-20
 2.69070e+23	2.07e-14	3.44e-09	2.02e-05	4.73e-03	7.03e-02	2.51e-01	6.46e-01	2.81e-02	2.42e-04	2.07e-14	1.04e-20	1.13e-20
 2.72711e+23	2.11e-14	3.50e-09	2.05e-05	4.77e-03	7.08e-02	2.52e-01	6.44e-01	2.78e-02	2.39e-04	2.11e-14	1.03e-20	1.13e-20
 2.75988e+23	2.15e-14	3.57e-09	2.09e-05	4.83e-03	7.13e-02	2.53e-01	6.43e-01	2.76e-02	2.35e-04	2.15e-14	1.03e-20	1.13e-20
 2.79068e+23	2.17e-14	3.62e-09	2.11e-05	4.87e-03	7.17e-02	2.54e-01	6.42e-01	2.74e-02	2.32e-04	2.17e-14	1.02e-20	1.12e-20
 2.82122e+23	2.20e-14	3.67e-09	2.14e-05	4.91e-03	7.21e-02	2.55e-01	6.41e-01	2.72e-02	2.29e-04	2.20e-14	1.02e-20	1.11e-20
 2.85177e+23	2.23e-14	3.71e-09	2.16e-05	4.94e-03	7.24e-02	2.55e-01	6.40e-01	2.70e-02	2.26e-04	2.23e-14	1.01e-20	1.10e-20
 2.88232e+23	2.24e-14	3.75e-09	2.18e-05	4.97e-03	7.27e-02	2.56e-01	6.39e-01	2.69e-02	2.24e-04	2.24e-14	9.97e-21	1.09e-20
 2.91287e+23	2.26e-14	3.77e-09	2.20e-05	4.99e-03	7.29e-02	2.57e-01	6.39e-01	2.67e-02	2.23e-04	2.26e-14	9.83e-21	1.07e-20
 2.94342e+23	2.27e-14	3.79e-09	2.21e-05	5.00e-03	7.31e-02	2.57e-01	6.38e-01	2.66e-02	2.21e-04	2.27e-14	9.67e-21	1.06e-20
 2.97396e+23	2.27e-14	3.81e-09	2.21e-05	5.01e-03	7.32e-02	2.57e-01	6.38e-01	2.66e-02	2.20e-04	2.27e-14	9.51e-21	1.04e-20
 3.00451e+23	2.28e-14	3.82e-09	2.22e-05	5.03e-03	7.34e-02	2.58e-01	6.37e-01	2.65e-02	2.19e-04	2.28e-14	9.35e-21	1.02e-20
 3.03506e+23	2.29e-14	3.84e-09	2.23e-05	5.04e-03	7.35e-02	2.58e-01	6.37e-01	2.64e-02	2.18e-04	2.29e-14	9.20e-21	1.01e-20
 3.05258e+23	2.35e-14	3.93e-09	2.27e-05	5.10e-03	7.41e-02	2.59e-01	6.35e-01	2.62e-02	2.15e-04	2.35e-14	9.41e-21	1.03e-20
