#depth	C	C+	C+2	C+3	C+4	C+5	C+6	C[1]	C[2]	C[3]	C+[1]	C+[2]	CO
 6.17135e+19	0.00e+00	1.26e-25	6.73e-19	3.71e-13	9.42e-08	4.82e-04	1.00e+00	0.00e+00	0.00e+00	0.00e+00	0.00e+00	0.00e+00	5.13e-86
 1.87609e+20	0.00e+00	2.03e-25	9.41e-19	4.52e-13	1.10e-07	5.41e-04	9.99e-01	0.00e+00	0.00e+00	0.00e+00	0.00e+00	0.00e+00	3.72e-86
 2.90012e+20	0.00e+00	2.94e-25	1.22e-18	5.26e-13	1.24e-07	5.92e-04	9.99e-01	0.00e+00	0.00e+00	0.00e+00	0.00e+00	0.00e+00	2.65e-86
 3.58254e+20	1.89e-33	3.73e-25	1.44e-18	5.79e-13	1.35e-07	6.28e-04	9.99e-01	0.00e+00	0.00e+00	0.00e+00	0.00e+00	0.00e+00	1.74e-86
 4.06365e+20	2.35e-33	4.41e-25	1.62e-18	6.18e-13	1.42e-07	6.54e-04	9.99e-01	0.00e+00	0.00e+00	0.00e+00	0.00e+00	0.00e+00	1.08e-86
 4.40225e+20	2.72e-33	4.93e-25	1.75e-18	6.48e-13	1.48e-07	6.72e-04	9.99e-01	0.00e+00	0.00e+00	0.00e+00	0.00e+00	0.00e+00	6.50e-87
 4.76498e+20	3.18e-33	5.56e-25	1.90e-18	6.80e-13	1.54e-07	6.92e-04	9.99e-01	0.00e+00	0.00e+00	0.00e+00	0.00e+00	0.00e+00	3.87e-87
 5.23652e+20	3.89e-33	6.49e-25	2.12e-18	7.24e-13	1.62e-07	7.19e-04	9.99e-01	0.00e+00	0.00e+00	0.00e+00	0.00e+00	0.00e+00	2.31e-87
 5.75611e+20	4.83e-33	7.67e-25	2.38e-18	7.74e-13	1.71e-07	7.49e-04	9.99e-01	0.00e+00	0.00e+00	0.00e+00	0.00e+00	0.00e+00	1.37e-87
 6.23207e+20	5.87e-33	8.91e-25	2.65e-18	8.23e-13	1.80e-07	7.77e-04	9.99e-01	0.00e+00	0.00e+00	0.00e+00	0.00e+00	0.00e+00	8.08e-88
 6.74475e+20	7.22e-33	1.04e-24	2.96e-18	8.78e-13	1.90e-07	8.08e-04	9.99e-01	0.00e+00	0.00e+00	0.00e+00	0.00e+00	0.00e+00	4.94e-88
 7.31257e+20	9.05e-33	1.24e-24	3.34e-18	9.42e-13	2.01e-07	8.43e-04	9.99e-01	0.00e+00	0.00e+00	0.00e+00	0.00e+00	0.00e+00	3.36e-88
 7.83791e+20	1.11e-32	1.45e-24	3.73e-18	1.00e-12	2.12e-07	8.76e-04	9.99e-01	0.00e+00	0.00e+00	0.00e+00	0.00e+00	0.00e+00	1.46e-88
 8.40667e+20	1.38e-32	1.72e-24	4.19e-18	1.08e-12	2.25e-07	9.13e-04	9.99e-01	0.00e+00	0.00e+00	0.00e+00	0.00e+00	0.00e+00	2.87e-88
 9.00358e+20	1.72e-32	2.04e-24	4.73e-18	1.15e-12	2.39e-07	9.52e-04	9.99e-01	0.00e+00	0.00e+00	0.00e+00	0.00e+00	0.00e+00	5.03e-88
 9.51032e+20	2.08e-32	2.36e-24	5.24e-18	1.23e-12	2.51e-07	9.86e-04	9.99e-01	0.00e+00	0.00e+00	0.00e+00	0.00e+00	0.00e+00	9.52e-88
 1.00423e+21	2.52e-32	2.73e-24	5.82e-18	1.30e-12	2.64e-07	1.02e-03	9.99e-01	0.00e+00	0.00e+00	0.00e+00	0.00e+00	0.00e+00	1.52e-87
 1.07339e+21	3.21e-32	3.31e-24	6.66e-18	1.41e-12	2.82e-07	1.07e-03	9.99e-01	0.00e+00	0.00e+00	0.00e+00	0.00e+00	0.00e+00	2.70e-87
 1.14357e+21	4.10e-32	3.99e-24	7.61e-18	1.53e-12	3.02e-07	1.12e-03	9.99e-01	0.00e+00	0.00e+00	0.00e+00	0.00e+00	0.00e+00	5.25e-87
 1.20004e+21	4.98e-32	4.64e-24	8.47e-18	1.63e-12	3.18e-07	1.16e-03	9.99e-01	0.00e+00	0.00e+00	0.00e+00	0.00e+00	0.00e+00	1.02e-86
 1.25839e+21	6.05e-32	5.40e-24	9.44e-18	1.74e-12	3.36e-07	1.20e-03	9.99e-01	0.00e+00	0.00e+00	0.00e+00	0.00e+00	0.00e+00	1.74e-86
 1.33426e+21	7.77e-32	6.56e-24	1.08e-17	1.89e-12	3.60e-07	1.26e-03	9.99e-01	0.00e+00	0.00e+00	0.00e+00	0.00e+00	0.00e+00	2.97e-86
 1.40871e+21	9.89e-32	7.91e-24	1.24e-17	2.06e-12	3.86e-07	1.32e-03	9.99e-01	0.00e+00	0.00e+00	0.00e+00	0.00e+00	0.00e+00	5.19e-86
 1.46495e+21	1.18e-31	9.10e-24	1.37e-17	2.18e-12	4.06e-07	1.36e-03	9.99e-01	0.00e+00	0.00e+00	0.00e+00	0.00e+00	0.00e+00	1.22e-85
 1.52168e+21	1.41e-31	1.05e-23	1.51e-17	2.32e-12	4.27e-07	1.41e-03	9.99e-01	0.00e+00	0.00e+00	0.00e+00	0.00e+00	0.00e+00	3.17e-85
 1.59543e+21	1.77e-31	1.25e-23	1.72e-17	2.51e-12	4.55e-07	1.47e-03	9.99e-01	0.00e+00	0.00e+00	0.00e+00	0.00e+00	0.00e+00	1.97e-85
 1.67402e+21	2.25e-31	1.50e-23	1.97e-17	2.73e-12	4.88e-07	1.53e-03	9.98e-01	0.00e+00	0.00e+00	0.00e+00	0.00e+00	0.00e+00	5.37e-85
 1.74227e+21	2.76e-31	1.76e-23	2.21e-17	2.93e-12	5.17e-07	1.59e-03	9.98e-01	0.00e+00	0.00e+00	0.00e+00	0.00e+00	0.00e+00	1.06e-84
 1.81436e+21	3.41e-31	2.08e-23	2.49e-17	3.16e-12	5.50e-07	1.66e-03	9.98e-01	0.00e+00	0.00e+00	0.00e+00	0.00e+00	0.00e+00	1.68e-84
 1.89514e+21	4.30e-31	2.50e-23	2.85e-17	3.43e-12	5.89e-07	1.73e-03	9.98e-01	0.00e+00	0.00e+00	0.00e+00	0.00e+00	0.00e+00	3.28e-84
 1.97134e+21	5.35e-31	2.97e-23	3.22e-17	3.71e-12	6.27e-07	1.80e-03	9.98e-01	0.00e+00	0.00e+00	0.00e+00	0.00e+00	0.00e+00	6.30e-84
 2.05449e+21	6.75e-31	3.56e-23	3.68e-17	4.04e-12	6.72e-07	1.88e-03	9.98e-01	0.00e+00	0.00e+00	0.00e+00	0.00e+00	0.00e+00	9.92e-84
 2.14125e+21	8.57e-31	4.30e-23	4.23e-17	4.40e-12	7.21e-07	1.96e-03	9.98e-01	0.00e+00	0.00e+00	0.00e+00	0.00e+00	0.00e+00	2.08e-83
 2.21417e+21	1.05e-30	5.03e-23	4.74e-17	4.73e-12	7.65e-07	2.03e-03	9.98e-01	0.00e+00	0.00e+00	0.00e+00	0.00e+00	0.00e+00	3.87e-83
 2.29044e+21	1.28e-30	5.91e-23	5.33e-17	5.10e-12	8.13e-07	2.11e-03	9.98e-01	0.00e+00	0.00e+00	0.00e+00	0.00e+00	0.00e+00	5.97e-83
 2.38959e+21	1.67e-30	7.26e-23	6.21e-17	5.62e-12	8.80e-07	2.21e-03	9.98e-01	0.00e+00	0.00e+00	0.00e+00	0.00e+00	0.00e+00	7.99e-83
 2.49055e+21	2.17e-30	8.94e-23	7.23e-17	6.19e-12	9.52e-07	2.31e-03	9.98e-01	0.00e+00	0.00e+00	0.00e+00	0.00e+00	0.00e+00	1.68e-82
 2.57115e+21	2.67e-30	1.05e-22	8.16e-17	6.69e-12	1.01e-06	2.40e-03	9.98e-01	0.00e+00	0.00e+00	0.00e+00	0.00e+00	0.00e+00	4.98e-82
 2.65318e+21	3.28e-30	1.24e-22	9.20e-17	7.23e-12	1.08e-06	2.49e-03	9.98e-01	0.00e+00	0.00e+00	0.00e+00	0.00e+00	0.00e+00	9.18e-82
 2.75982e+21	4.28e-30	1.53e-22	1.08e-16	7.99e-12	1.17e-06	2.61e-03	9.97e-01	0.00e+00	0.00e+00	0.00e+00	0.00e+00	0.00e+00	1.03e-81
 2.86992e+21	5.62e-30	1.90e-22	1.26e-16	8.85e-12	1.27e-06	2.74e-03	9.97e-01	0.00e+00	0.00e+00	0.00e+00	0.00e+00	0.00e+00	2.21e-81
 2.96065e+21	7.01e-30	2.27e-22	1.44e-16	9.62e-12	1.36e-06	2.85e-03	9.97e-01	0.00e+00	0.00e+00	0.00e+00	0.00e+00	0.00e+00	4.51e-81
 3.03709e+21	8.44e-30	2.62e-22	1.60e-16	1.03e-11	1.44e-06	2.94e-03	9.97e-01	0.00e+00	0.00e+00	0.00e+00	0.00e+00	0.00e+00	1.36e-80
 3.11886e+21	1.03e-29	3.07e-22	1.79e-16	1.11e-11	1.53e-06	3.05e-03	9.97e-01	0.00e+00	0.00e+00	0.00e+00	0.00e+00	0.00e+00	2.14e-80
 3.22516e+21	1.32e-29	3.74e-22	2.08e-16	1.22e-11	1.65e-06	3.18e-03	9.97e-01	0.00e+00	0.00e+00	0.00e+00	0.00e+00	0.00e+00	2.14e-80
 3.33319e+21	1.70e-29	4.57e-22	2.41e-16	1.35e-11	1.78e-06	3.33e-03	9.97e-01	0.00e+00	0.00e+00	0.00e+00	0.00e+00	0.00e+00	1.61e-79
 3.41941e+21	2.07e-29	5.36e-22	2.72e-16	1.46e-11	1.90e-06	3.44e-03	9.97e-01	0.00e+00	0.00e+00	0.00e+00	0.00e+00	0.00e+00	2.72e-79
 3.50744e+21	2.54e-29	6.30e-22	3.06e-16	1.57e-11	2.02e-06	3.57e-03	9.96e-01	0.00e+00	0.00e+00	0.00e+00	0.00e+00	0.00e+00	4.62e-79
 3.60059e+21	3.14e-29	7.46e-22	3.47e-16	1.71e-11	2.16e-06	3.70e-03	9.96e-01	0.00e+00	0.00e+00	0.00e+00	0.00e+00	0.00e+00	8.07e-79
 3.68024e+21	3.76e-29	8.62e-22	3.87e-16	1.83e-11	2.28e-06	3.82e-03	9.96e-01	0.00e+00	0.00e+00	0.00e+00	0.00e+00	0.00e+00	1.30e-78
 3.76362e+21	4.54e-29	1.00e-21	4.33e-16	1.97e-11	2.42e-06	3.94e-03	9.96e-01	0.00e+00	0.00e+00	0.00e+00	0.00e+00	0.00e+00	2.12e-78
 3.85724e+21	5.59e-29	1.18e-21	4.90e-16	2.14e-11	2.58e-06	4.09e-03	9.96e-01	0.00e+00	0.00e+00	0.00e+00	0.00e+00	0.00e+00	3.64e-78
 3.94542e+21	6.81e-29	1.38e-21	5.51e-16	2.31e-11	2.74e-06	4.22e-03	9.96e-01	0.00e+00	0.00e+00	0.00e+00	0.00e+00	0.00e+00	6.06e-78
 4.02749e+21	8.17e-29	1.60e-21	6.14e-16	2.49e-11	2.90e-06	4.36e-03	9.96e-01	0.00e+00	0.00e+00	0.00e+00	0.00e+00	0.00e+00	9.71e-78
 4.10421e+21	9.68e-29	1.83e-21	6.80e-16	2.66e-11	3.06e-06	4.48e-03	9.96e-01	0.00e+00	0.00e+00	0.00e+00	0.00e+00	0.00e+00	1.51e-77
 4.17613e+21	1.13e-28	2.08e-21	7.47e-16	2.83e-11	3.21e-06	4.60e-03	9.95e-01	0.00e+00	0.00e+00	0.00e+00	0.00e+00	0.00e+00	2.26e-77
 4.25799e+21	1.36e-28	2.40e-21	8.32e-16	3.04e-11	3.40e-06	4.75e-03	9.95e-01	0.00e+00	0.00e+00	0.00e+00	0.00e+00	0.00e+00	3.59e-77
 4.34813e+21	1.65e-28	2.81e-21	9.36e-16	3.28e-11	3.61e-06	4.90e-03	9.95e-01	0.00e+00	0.00e+00	0.00e+00	0.00e+00	0.00e+00	5.96e-77
 4.43022e+21	1.97e-28	3.24e-21	1.04e-15	3.53e-11	3.82e-06	5.05e-03	9.95e-01	0.00e+00	0.00e+00	0.00e+00	0.00e+00	0.00e+00	9.43e-77
 4.50602e+21	2.33e-28	3.71e-21	1.15e-15	3.77e-11	4.02e-06	5.19e-03	9.95e-01	0.00e+00	0.00e+00	0.00e+00	0.00e+00	0.00e+00	1.44e-76
 4.59246e+21	2.81e-28	4.30e-21	1.29e-15	4.06e-11	4.26e-06	5.36e-03	9.95e-01	0.00e+00	0.00e+00	0.00e+00	0.00e+00	0.00e+00	2.32e-76
 4.68891e+21	3.46e-28	5.09e-21	1.46e-15	4.42e-11	4.54e-06	5.54e-03	9.94e-01	0.00e+00	0.00e+00	0.00e+00	0.00e+00	0.00e+00	3.95e-76
 4.77805e+21	4.20e-28	5.94e-21	1.64e-15	4.78e-11	4.82e-06	5.72e-03	9.94e-01	0.00e+00	0.00e+00	0.00e+00	0.00e+00	0.00e+00	6.45e-76
 4.85524e+21	4.96e-28	6.80e-21	1.82e-15	5.11e-11	5.07e-06	5.88e-03	9.94e-01	0.00e+00	0.00e+00	0.00e+00	0.00e+00	0.00e+00	9.85e-76
 4.93725e+21	5.93e-28	7.84e-21	2.03e-15	5.49e-11	5.36e-06	6.05e-03	9.94e-01	0.00e+00	0.00e+00	0.00e+00	0.00e+00	0.00e+00	1.54e-75
 5.02901e+21	7.23e-28	9.20e-21	2.29e-15	5.96e-11	5.70e-06	6.25e-03	9.94e-01	0.00e+00	0.00e+00	0.00e+00	0.00e+00	0.00e+00	2.54e-75
 5.11442e+21	8.70e-28	1.07e-20	2.56e-15	6.42e-11	6.03e-06	6.44e-03	9.94e-01	0.00e+00	0.00e+00	0.00e+00	0.00e+00	0.00e+00	4.04e-75
 5.19331e+21	1.03e-27	1.23e-20	2.84e-15	6.89e-11	6.36e-06	6.62e-03	9.93e-01	0.00e+00	0.00e+00	0.00e+00	0.00e+00	0.00e+00	6.20e-75
 5.28276e+21	1.25e-27	1.43e-20	3.20e-15	7.46e-11	6.75e-06	6.83e-03	9.93e-01	0.00e+00	0.00e+00	0.00e+00	0.00e+00	0.00e+00	1.01e-74
 5.38166e+21	1.55e-27	1.70e-20	3.65e-15	8.16e-11	7.21e-06	7.06e-03	9.93e-01	0.00e+00	0.00e+00	0.00e+00	0.00e+00	0.00e+00	1.72e-74
 5.47192e+21	1.89e-27	2.00e-20	4.12e-15	8.86e-11	7.66e-06	7.29e-03	9.93e-01	0.00e+00	0.00e+00	0.00e+00	0.00e+00	0.00e+00	2.80e-74
 5.55471e+21	2.27e-27	2.31e-20	4.61e-15	9.55e-11	8.09e-06	7.50e-03	9.92e-01	0.00e+00	0.00e+00	0.00e+00	0.00e+00	0.00e+00	4.37e-74
 5.64868e+21	2.78e-27	2.73e-20	5.23e-15	1.04e-10	8.61e-06	7.74e-03	9.92e-01	0.00e+00	0.00e+00	0.00e+00	0.00e+00	0.00e+00	7.24e-74
 5.74938e+21	3.47e-27	3.27e-20	6.00e-15	1.14e-10	9.21e-06	8.01e-03	9.92e-01	0.00e+00	0.00e+00	0.00e+00	0.00e+00	0.00e+00	1.25e-73
 5.83733e+21	4.24e-27	3.84e-20	6.78e-15	1.24e-10	9.78e-06	8.26e-03	9.92e-01	0.00e+00	0.00e+00	0.00e+00	0.00e+00	0.00e+00	2.03e-73
 5.91533e+21	5.01e-27	4.40e-20	7.53e-15	1.33e-10	1.03e-05	8.48e-03	9.92e-01	0.00e+00	0.00e+00	0.00e+00	0.00e+00	0.00e+00	3.05e-73
 6.00188e+21	6.06e-27	5.14e-20	8.48e-15	1.45e-10	1.09e-05	8.73e-03	9.91e-01	0.00e+00	0.00e+00	0.00e+00	0.00e+00	0.00e+00	4.86e-73
 6.11441e+21	7.78e-27	6.29e-20	9.90e-15	1.61e-10	1.18e-05	9.06e-03	9.91e-01	0.00e+00	0.00e+00	0.00e+00	0.00e+00	0.00e+00	8.88e-73
 6.22695e+21	1.00e-26	7.72e-20	1.16e-14	1.79e-10	1.27e-05	9.42e-03	9.91e-01	0.00e+00	0.00e+00	0.00e+00	0.00e+00	0.00e+00	1.63e-72
 6.31333e+21	1.22e-26	9.04e-20	1.31e-14	1.95e-10	1.34e-05	9.70e-03	9.90e-01	0.00e+00	0.00e+00	0.00e+00	0.00e+00	0.00e+00	2.60e-72
 6.39943e+21	1.47e-26	1.06e-19	1.48e-14	2.12e-10	1.42e-05	9.98e-03	9.90e-01	0.00e+00	0.00e+00	0.00e+00	0.00e+00	0.00e+00	4.13e-72
 6.51137e+21	1.90e-26	1.30e-19	1.73e-14	2.36e-10	1.53e-05	1.04e-02	9.90e-01	0.00e+00	0.00e+00	0.00e+00	0.00e+00	0.00e+00	7.52e-72
 6.62604e+21	2.46e-26	1.61e-19	2.04e-14	2.64e-10	1.66e-05	1.08e-02	9.89e-01	0.00e+00	0.00e+00	0.00e+00	0.00e+00	0.00e+00	1.40e-71
 6.71850e+21	3.03e-26	1.91e-19	2.33e-14	2.90e-10	1.76e-05	1.11e-02	9.89e-01	0.00e+00	0.00e+00	0.00e+00	0.00e+00	0.00e+00	2.30e-71
 6.81292e+21	3.75e-26	2.27e-19	2.66e-14	3.18e-10	1.88e-05	1.15e-02	9.89e-01	0.00e+00	0.00e+00	0.00e+00	0.00e+00	0.00e+00	3.79e-71
 6.93567e+21	4.94e-26	2.84e-19	3.17e-14	3.59e-10	2.04e-05	1.19e-02	9.88e-01	0.00e+00	0.00e+00	0.00e+00	0.00e+00	0.00e+00	7.27e-71
 7.06006e+21	6.55e-26	3.58e-19	3.79e-14	4.07e-10	2.22e-05	1.24e-02	9.88e-01	0.00e+00	0.00e+00	0.00e+00	0.00e+00	0.00e+00	1.41e-70
 7.15787e+21	8.17e-26	4.29e-19	4.37e-14	4.48e-10	2.37e-05	1.29e-02	9.87e-01	0.00e+00	0.00e+00	0.00e+00	0.00e+00	0.00e+00	2.36e-70
 7.25634e+21	1.02e-25	5.14e-19	5.02e-14	4.94e-10	2.53e-05	1.33e-02	9.87e-01	0.00e+00	0.00e+00	0.00e+00	0.00e+00	0.00e+00	3.94e-70
 7.38436e+21	1.35e-25	6.49e-19	6.02e-14	5.61e-10	2.75e-05	1.38e-02	9.86e-01	0.00e+00	0.00e+00	0.00e+00	0.00e+00	0.00e+00	7.64e-70
 7.51759e+21	1.82e-25	8.27e-19	7.28e-14	6.40e-10	3.00e-05	1.44e-02	9.86e-01	0.00e+00	0.00e+00	0.00e+00	0.00e+00	0.00e+00	1.51e-69
 7.62304e+21	2.29e-25	1.00e-18	8.45e-14	7.11e-10	3.21e-05	1.49e-02	9.85e-01	0.00e+00	0.00e+00	0.00e+00	0.00e+00	0.00e+00	2.59e-69
 7.70992e+21	2.79e-25	1.18e-18	9.59e-14	7.77e-10	3.40e-05	1.54e-02	9.85e-01	0.00e+00	0.00e+00	0.00e+00	0.00e+00	0.00e+00	4.08e-69
 7.80725e+21	3.40e-25	1.39e-18	1.09e-13	8.50e-10	3.61e-05	1.58e-02	9.84e-01	0.00e+00	0.00e+00	0.00e+00	0.00e+00	0.00e+00	6.47e-69
 7.93378e+21	4.44e-25	1.73e-18	1.29e-13	9.59e-10	3.91e-05	1.65e-02	9.83e-01	0.00e+00	0.00e+00	0.00e+00	0.00e+00	0.00e+00	1.20e-68
 8.06540e+21	5.84e-25	2.17e-18	1.55e-13	1.09e-09	4.24e-05	1.71e-02	9.83e-01	0.00e+00	0.00e+00	0.00e+00	0.00e+00	0.00e+00	2.25e-68
 8.17505e+21	7.31e-25	2.61e-18	1.79e-13	1.20e-09	4.54e-05	1.77e-02	9.82e-01	0.00e+00	0.00e+00	0.00e+00	0.00e+00	0.00e+00	3.77e-68
 8.28903e+21	9.19e-25	3.15e-18	2.07e-13	1.34e-09	4.86e-05	1.83e-02	9.82e-01	0.00e+00	0.00e+00	0.00e+00	0.00e+00	0.00e+00	6.35e-68
 8.43721e+21	1.23e-24	4.01e-18	2.51e-13	1.53e-09	5.30e-05	1.91e-02	9.81e-01	0.00e+00	0.00e+00	0.00e+00	0.00e+00	0.00e+00	1.23e-67
 8.58821e+21	1.64e-24	5.11e-18	3.03e-13	1.75e-09	5.78e-05	2.00e-02	9.80e-01	0.00e+00	0.00e+00	0.00e+00	0.00e+00	0.00e+00	2.40e-67
 8.71005e+21	2.06e-24	6.17e-18	3.52e-13	1.94e-09	6.20e-05	2.06e-02	9.79e-01	0.00e+00	0.00e+00	0.00e+00	0.00e+00	0.00e+00	4.05e-67
 8.83562e+21	2.59e-24	7.47e-18	4.09e-13	2.16e-09	6.64e-05	2.14e-02	9.79e-01	0.00e+00	0.00e+00	0.00e+00	0.00e+00	0.00e+00	6.84e-67
 8.99885e+21	3.47e-24	9.51e-18	4.95e-13	2.48e-09	7.26e-05	2.23e-02	9.78e-01	0.00e+00	0.00e+00	0.00e+00	0.00e+00	0.00e+00	1.33e-66
 9.16764e+21	4.65e-24	1.22e-17	6.01e-13	2.84e-09	7.94e-05	2.33e-02	9.77e-01	0.00e+00	0.00e+00	0.00e+00	0.00e+00	0.00e+00	2.60e-66
 9.30743e+21	5.89e-24	1.48e-17	7.03e-13	3.18e-09	8.54e-05	2.41e-02	9.76e-01	0.00e+00	0.00e+00	0.00e+00	0.00e+00	0.00e+00	4.45e-66
 9.43100e+21	7.21e-24	1.76e-17	8.04e-13	3.50e-09	9.09e-05	2.49e-02	9.75e-01	0.00e+00	0.00e+00	0.00e+00	0.00e+00	0.00e+00	7.09e-66
 9.56972e+21	9.01e-24	2.11e-17	9.32e-13	3.89e-09	9.74e-05	2.58e-02	9.74e-01	0.00e+00	0.00e+00	0.00e+00	0.00e+00	0.00e+00	1.18e-65
 9.72390e+21	1.15e-23	2.59e-17	1.10e-12	4.36e-09	1.05e-04	2.67e-02	9.73e-01	0.00e+00	0.00e+00	0.00e+00	0.00e+00	0.00e+00	2.05e-65
 9.86658e+21	1.43e-23	3.11e-17	1.27e-12	4.85e-09	1.12e-04	2.76e-02	9.72e-01	0.00e+00	0.00e+00	0.00e+00	0.00e+00	0.00e+00	3.37e-65
 9.99997e+21	1.74e-23	3.68e-17	1.45e-12	5.33e-09	1.20e-04	2.85e-02	9.71e-01	0.00e+00	0.00e+00	0.00e+00	0.00e+00	0.00e+00	5.31e-65
 1.01529e+22	2.17e-23	4.44e-17	1.68e-12	5.94e-09	1.28e-04	2.95e-02	9.70e-01	0.00e+00	0.00e+00	0.00e+00	0.00e+00	0.00e+00	8.82e-65
 1.03244e+22	2.77e-23	5.46e-17	1.98e-12	6.68e-09	1.39e-04	3.06e-02	9.69e-01	0.00e+00	0.00e+00	0.00e+00	5.46e-17	4.04e-20	1.54e-64
 1.04856e+22	3.46e-23	6.60e-17	2.30e-12	7.45e-09	1.49e-04	3.17e-02	9.68e-01	0.00e+00	0.00e+00	0.00e+00	6.59e-17	4.88e-20	2.56e-64
 1.06372e+22	4.24e-23	7.85e-17	2.65e-12	8.23e-09	1.59e-04	3.27e-02	9.67e-01	0.00e+00	0.00e+00	0.00e+00	7.84e-17	5.80e-20	4.09e-64
 1.08108e+22	5.32e-23	9.52e-17	3.09e-12	9.20e-09	1.71e-04	3.39e-02	9.66e-01	0.00e+00	0.00e+00	0.00e+00	9.51e-17	7.03e-20	6.86e-64
 1.09923e+22	6.70e-23	1.16e-16	3.62e-12	1.03e-08	1.84e-04	3.51e-02	9.65e-01	0.00e+00	0.00e+00	0.00e+00	1.16e-16	8.58e-20	1.17e-63
 1.11447e+22	8.10e-23	1.37e-16	4.12e-12	1.13e-08	1.96e-04	3.62e-02	9.64e-01	0.00e+00	0.00e+00	0.00e+00	1.36e-16	1.01e-19	1.81e-63
 1.13036e+22	9.80e-23	1.61e-16	4.70e-12	1.25e-08	2.08e-04	3.73e-02	9.62e-01	0.00e+00	0.00e+00	0.00e+00	1.61e-16	1.19e-19	2.80e-63
 1.15102e+22	1.25e-22	1.98e-16	5.56e-12	1.41e-08	2.25e-04	3.88e-02	9.61e-01	0.00e+00	0.00e+00	0.00e+00	1.98e-16	1.47e-19	4.89e-63
 1.17208e+22	1.58e-22	2.44e-16	6.57e-12	1.59e-08	2.44e-04	4.03e-02	9.59e-01	0.00e+00	0.00e+00	0.00e+00	2.44e-16	1.81e-19	8.52e-63
 1.18908e+22	1.91e-22	2.88e-16	7.50e-12	1.75e-08	2.60e-04	4.15e-02	9.58e-01	0.00e+00	0.00e+00	0.00e+00	2.88e-16	2.13e-19	1.32e-62
 1.20660e+22	2.30e-22	3.39e-16	8.56e-12	1.93e-08	2.76e-04	4.28e-02	9.57e-01	0.00e+00	0.00e+00	0.00e+00	3.39e-16	2.51e-19	2.04e-62
 1.22938e+22	2.91e-22	4.18e-16	1.01e-11	2.18e-08	2.99e-04	4.45e-02	9.55e-01	0.00e+00	0.00e+00	0.00e+00	4.17e-16	3.09e-19	3.53e-62
 1.25315e+22	3.69e-22	5.17e-16	1.20e-11	2.47e-08	3.25e-04	4.63e-02	9.53e-01	0.00e+00	0.00e+00	0.00e+00	5.16e-16	3.82e-19	6.17e-62
 1.27315e+22	4.48e-22	6.15e-16	1.38e-11	2.73e-08	3.47e-04	4.78e-02	9.52e-01	0.00e+00	0.00e+00	0.00e+00	6.15e-16	4.54e-19	9.75e-62
 1.29410e+22	5.45e-22	7.33e-16	1.59e-11	3.03e-08	3.71e-04	4.94e-02	9.50e-01	0.00e+00	0.00e+00	0.00e+00	7.33e-16	5.42e-19	1.55e-61
 1.32132e+22	6.96e-22	9.16e-16	1.90e-11	3.46e-08	4.04e-04	5.15e-02	9.48e-01	0.00e+00	0.00e+00	0.00e+00	9.16e-16	6.76e-19	2.77e-61
 1.34790e+22	8.76e-22	1.13e-15	2.26e-11	3.92e-08	4.39e-04	5.36e-02	9.46e-01	0.00e+00	0.00e+00	0.00e+00	1.13e-15	8.37e-19	4.82e-61
 1.36776e+22	1.03e-21	1.32e-15	2.56e-11	4.30e-08	4.66e-04	5.52e-02	9.44e-01	0.00e+00	0.00e+00	0.00e+00	1.32e-15	9.77e-19	7.20e-61
 1.38769e+22	1.22e-21	1.54e-15	2.90e-11	4.70e-08	4.95e-04	5.68e-02	9.43e-01	0.00e+00	0.00e+00	0.00e+00	1.54e-15	1.14e-18	1.07e-60
 1.41361e+22	1.48e-21	1.86e-15	3.36e-11	5.25e-08	5.31e-04	5.88e-02	9.41e-01	0.00e+00	0.00e+00	0.00e+00	1.85e-15	1.37e-18	1.73e-60
 1.44208e+22	1.84e-21	2.29e-15	3.99e-11	5.95e-08	5.76e-04	6.11e-02	9.38e-01	0.00e+00	0.00e+00	0.00e+00	2.29e-15	1.69e-18	2.96e-60
 1.46773e+22	2.22e-21	2.75e-15	4.62e-11	6.63e-08	6.18e-04	6.32e-02	9.36e-01	0.00e+00	0.00e+00	0.00e+00	2.75e-15	2.02e-18	4.70e-60
 1.49494e+22	2.67e-21	3.29e-15	5.34e-11	7.38e-08	6.63e-04	6.54e-02	9.34e-01	0.00e+00	0.00e+00	0.00e+00	3.29e-15	2.42e-18	7.48e-60
 1.53031e+22	3.40e-21	4.18e-15	6.48e-11	8.50e-08	7.28e-04	6.84e-02	9.31e-01	0.00e+00	0.00e+00	0.00e+00	4.18e-15	3.07e-18	1.37e-59
 1.56646e+22	4.27e-21	5.29e-15	7.83e-11	9.78e-08	7.97e-04	7.14e-02	9.28e-01	0.00e+00	0.00e+00	0.00e+00	5.29e-15	3.87e-18	2.46e-59
 1.59437e+22	5.05e-21	6.32e-15	9.04e-11	1.09e-07	8.54e-04	7.38e-02	9.25e-01	0.00e+00	0.00e+00	0.00e+00	6.31e-15	4.62e-18	3.83e-59
 1.62142e+22	5.91e-21	7.44e-15	1.03e-10	1.20e-07	9.10e-04	7.61e-02	9.23e-01	0.00e+00	0.00e+00	0.00e+00	7.44e-15	5.44e-18	5.77e-59
 1.65657e+22	7.18e-21	9.14e-15	1.22e-10	1.36e-07	9.86e-04	7.91e-02	9.20e-01	0.00e+00	0.00e+00	0.00e+00	9.13e-15	6.67e-18	9.64e-59
 1.69406e+22	8.82e-21	1.14e-14	1.46e-10	1.55e-07	1.08e-03	8.24e-02	9.17e-01	0.00e+00	0.00e+00	0.00e+00	1.14e-14	8.34e-18	1.67e-58
 1.72541e+22	1.03e-20	1.37e-14	1.69e-10	1.73e-07	1.15e-03	8.52e-02	9.14e-01	0.00e+00	0.00e+00	0.00e+00	1.37e-14	9.98e-18	2.59e-58
 1.75277e+22	1.18e-20	1.60e-14	1.91e-10	1.89e-07	1.23e-03	8.76e-02	9.11e-01	0.00e+00	0.00e+00	0.00e+00	1.60e-14	1.16e-17	3.75e-58
 1.78409e+22	1.38e-20	1.90e-14	2.20e-10	2.10e-07	1.31e-03	9.05e-02	9.08e-01	0.00e+00	0.00e+00	0.00e+00	1.89e-14	1.38e-17	5.69e-58
 1.82481e+22	1.66e-20	2.34e-14	2.61e-10	2.38e-07	1.42e-03	9.41e-02	9.05e-01	0.00e+00	0.00e+00	0.00e+00	2.34e-14	1.70e-17	9.53e-58
 1.86700e+22	2.00e-20	2.94e-14	3.14e-10	2.73e-07	1.55e-03	9.81e-02	9.00e-01	0.00e+00	0.00e+00	0.00e+00	2.94e-14	2.13e-17	1.63e-57
 1.90157e+22	2.31e-20	3.52e-14	3.62e-10	3.04e-07	1.67e-03	1.01e-01	8.97e-01	0.00e+00	0.00e+00	0.00e+00	3.51e-14	2.54e-17	2.48e-57
 1.93699e+22	2.67e-20	4.20e-14	4.18e-10	3.37e-07	1.78e-03	1.05e-01	8.94e-01	0.00e+00	0.00e+00	0.00e+00	4.19e-14	3.02e-17	3.77e-57
 1.98304e+22	3.19e-20	5.23e-14	5.00e-10	3.85e-07	1.94e-03	1.09e-01	8.89e-01	0.00e+00	0.00e+00	0.00e+00	5.22e-14	3.76e-17	6.36e-57
 2.03085e+22	3.83e-20	6.62e-14	6.05e-10	4.44e-07	2.13e-03	1.14e-01	8.84e-01	0.00e+00	0.00e+00	0.00e+00	6.61e-14	4.75e-17	1.09e-56
 2.07022e+22	4.40e-20	7.97e-14	7.04e-10	4.96e-07	2.29e-03	1.18e-01	8.80e-01	0.00e+00	0.00e+00	0.00e+00	7.97e-14	5.71e-17	1.68e-56
 2.11066e+22	5.08e-20	9.60e-14	8.18e-10	5.55e-07	2.46e-03	1.22e-01	8.76e-01	0.00e+00	0.00e+00	0.00e+00	9.59e-14	6.87e-17	2.59e-56
 2.16324e+22	6.06e-20	1.21e-13	9.90e-10	6.39e-07	2.70e-03	1.27e-01	8.70e-01	0.00e+00	0.00e+00	0.00e+00	1.21e-13	8.65e-17	4.45e-56
 2.21793e+22	7.19e-20	1.55e-13	1.21e-09	7.39e-07	2.96e-03	1.32e-01	8.65e-01	0.00e+00	0.00e+00	0.00e+00	1.55e-13	1.10e-16	7.72e-56
 2.26017e+22	8.16e-20	1.86e-13	1.40e-09	8.26e-07	3.18e-03	1.37e-01	8.60e-01	0.00e+00	0.00e+00	0.00e+00	1.86e-13	1.32e-16	1.17e-55
 2.29372e+22	9.00e-20	2.15e-13	1.57e-09	9.00e-07	3.37e-03	1.40e-01	8.56e-01	0.00e+00	0.00e+00	0.00e+00	2.15e-13	1.52e-16	1.62e-55
 2.33118e+22	1.00e-19	2.51e-13	1.79e-09	9.90e-07	3.58e-03	1.44e-01	8.52e-01	0.00e+00	0.00e+00	0.00e+00	2.51e-13	1.78e-16	2.30e-55
 2.37988e+22	1.15e-19	3.05e-13	2.10e-09	1.11e-06	3.86e-03	1.49e-01	8.47e-01	0.00e+00	0.00e+00	0.00e+00	3.05e-13	2.15e-16	3.60e-55
 2.43257e+22	1.33e-19	3.80e-13	2.50e-09	1.27e-06	4.20e-03	1.55e-01	8.41e-01	0.00e+00	0.00e+00	0.00e+00	3.79e-13	2.67e-16	5.85e-55
 2.47886e+22	1.50e-19	4.57e-13	2.91e-09	1.42e-06	4.51e-03	1.60e-01	8.35e-01	0.00e+00	0.00e+00	0.00e+00	4.57e-13	3.21e-16	8.83e-55
 2.52744e+22	1.70e-19	5.49e-13	3.38e-09	1.59e-06	4.84e-03	1.66e-01	8.30e-01	0.00e+00	0.00e+00	0.00e+00	5.49e-13	3.85e-16	1.34e-54
 2.59059e+22	2.00e-19	7.00e-13	4.13e-09	1.84e-06	5.32e-03	1.73e-01	8.22e-01	0.00e+00	0.00e+00	0.00e+00	6.99e-13	4.89e-16	2.31e-54
 2.65417e+22	2.31e-19	8.91e-13	5.03e-09	2.13e-06	5.85e-03	1.80e-01	8.14e-01	0.00e+00	0.00e+00	0.00e+00	8.90e-13	6.21e-16	3.93e-54
 2.70431e+22	2.57e-19	1.07e-12	5.85e-09	2.39e-06	6.28e-03	1.86e-01	8.08e-01	0.00e+00	0.00e+00	0.00e+00	1.07e-12	7.46e-16	5.91e-54
 2.75552e+22	2.88e-19	1.29e-12	6.81e-09	2.67e-06	6.75e-03	1.92e-01	8.01e-01	0.00e+00	0.00e+00	0.00e+00	1.29e-12	8.94e-16	8.91e-54
 2.82208e+22	3.35e-19	1.62e-12	8.24e-09	3.08e-06	7.38e-03	2.00e-01	7.93e-01	0.00e+00	0.00e+00	0.00e+00	1.62e-12	1.12e-15	1.50e-53
 2.89261e+22	3.85e-19	2.08e-12	1.01e-08	3.58e-06	8.12e-03	2.08e-01	7.84e-01	0.00e+00	0.00e+00	0.00e+00	2.08e-12	1.43e-15	2.59e-53
 2.95278e+22	4.32e-19	2.56e-12	1.20e-08	4.07e-06	8.81e-03	2.16e-01	7.76e-01	0.00e+00	0.00e+00	0.00e+00	2.56e-12	1.76e-15	4.08e-53
 3.01548e+22	4.84e-19	3.14e-12	1.42e-08	4.61e-06	9.54e-03	2.23e-01	7.68e-01	0.00e+00	0.00e+00	0.00e+00	3.13e-12	2.15e-15	6.43e-53
 3.09700e+22	5.61e-19	4.06e-12	1.76e-08	5.41e-06	1.06e-02	2.33e-01	7.57e-01	0.00e+00	0.00e+00	0.00e+00	4.06e-12	2.78e-15	1.15e-52
 3.18016e+22	6.39e-19	5.30e-12	2.19e-08	6.38e-06	1.17e-02	2.43e-01	7.45e-01	0.00e+00	0.00e+00	0.00e+00	5.30e-12	3.63e-15	2.06e-52
 3.24282e+22	7.02e-19	6.48e-12	2.59e-08	7.24e-06	1.27e-02	2.51e-01	7.36e-01	0.00e+00	0.00e+00	0.00e+00	6.47e-12	4.43e-15	3.19e-52
 3.29331e+22	7.52e-19	7.51e-12	2.93e-08	7.93e-06	1.34e-02	2.57e-01	7.29e-01	0.00e+00	0.00e+00	0.00e+00	7.50e-12	5.13e-15	4.46e-52
 3.35059e+22	8.22e-19	8.89e-12	3.38e-08	8.82e-06	1.43e-02	2.64e-01	7.21e-01	0.00e+00	0.00e+00	0.00e+00	8.88e-12	6.06e-15	6.49e-52
 3.42505e+22	9.15e-19	1.10e-11	4.04e-08	1.01e-05	1.56e-02	2.73e-01	7.11e-01	0.00e+00	0.00e+00	0.00e+00	1.10e-11	7.47e-15	1.04e-51
 3.50636e+22	1.01e-18	1.38e-11	4.90e-08	1.17e-05	1.70e-02	2.84e-01	6.99e-01	0.00e+00	0.00e+00	0.00e+00	1.38e-11	9.38e-15	1.74e-51
 3.57794e+22	1.10e-18	1.68e-11	5.79e-08	1.32e-05	1.84e-02	2.93e-01	6.89e-01	0.00e+00	0.00e+00	0.00e+00	1.68e-11	1.14e-14	2.70e-51
 3.64195e+22	1.19e-18	2.00e-11	6.72e-08	1.48e-05	1.97e-02	3.01e-01	6.80e-01	0.00e+00	0.00e+00	0.00e+00	2.00e-11	1.36e-14	3.95e-51
 3.71474e+22	1.29e-18	2.41e-11	7.85e-08	1.66e-05	2.12e-02	3.09e-01	6.69e-01	0.00e+00	0.00e+00	0.00e+00	2.41e-11	1.63e-14	5.99e-51
 3.80937e+22	1.43e-18	3.05e-11	9.58e-08	1.93e-05	2.33e-02	3.21e-01	6.56e-01	0.00e+00	0.00e+00	0.00e+00	3.04e-11	2.05e-14	1.01e-50
 3.90655e+22	1.58e-18	3.87e-11	1.18e-07	2.26e-05	2.56e-02	3.32e-01	6.42e-01	0.00e+00	0.00e+00	0.00e+00	3.87e-11	2.60e-14	1.72e-50
 3.98510e+22	1.68e-18	4.68e-11	1.38e-07	2.55e-05	2.76e-02	3.42e-01	6.31e-01	0.00e+00	0.00e+00	0.00e+00	4.67e-11	3.14e-14	2.61e-50
 4.06530e+22	1.80e-18	5.59e-11	1.61e-07	2.87e-05	2.96e-02	3.51e-01	6.20e-01	0.00e+00	0.00e+00	0.00e+00	5.58e-11	3.75e-14	3.90e-50
 4.16955e+22	1.98e-18	7.00e-11	1.96e-07	3.32e-05	3.24e-02	3.62e-01	6.05e-01	0.00e+00	0.00e+00	0.00e+00	6.99e-11	4.68e-14	6.44e-50
 4.27903e+22	2.15e-18	8.84e-11	2.40e-07	3.88e-05	3.55e-02	3.75e-01	5.90e-01	0.00e+00	0.00e+00	0.00e+00	8.83e-11	5.90e-14	1.08e-49
 4.37123e+22	2.31e-18	1.07e-10	2.83e-07	4.40e-05	3.83e-02	3.85e-01	5.77e-01	0.00e+00	0.00e+00	0.00e+00	1.07e-10	7.13e-14	1.65e-49
 4.46701e+22	2.49e-18	1.28e-10	3.32e-07	4.97e-05	4.13e-02	3.94e-01	5.64e-01	0.00e+00	0.00e+00	0.00e+00	1.28e-10	8.54e-14	2.49e-49
 4.59152e+22	2.74e-18	1.62e-10	4.05e-07	5.80e-05	4.52e-02	4.07e-01	5.48e-01	0.00e+00	0.00e+00	0.00e+00	1.62e-10	1.07e-13	4.15e-49
 4.72171e+22	3.00e-18	2.05e-10	4.99e-07	6.80e-05	4.97e-02	4.19e-01	5.31e-01	0.00e+00	0.00e+00	0.00e+00	2.05e-10	1.35e-13	7.04e-49
 4.83105e+22	3.23e-18	2.48e-10	5.90e-07	7.73e-05	5.36e-02	4.29e-01	5.17e-01	0.00e+00	0.00e+00	0.00e+00	2.48e-10	1.63e-13	1.08e-48
 4.92139e+22	3.43e-18	2.89e-10	6.76e-07	8.59e-05	5.70e-02	4.38e-01	5.05e-01	0.00e+00	0.00e+00	0.00e+00	2.89e-10	1.90e-13	1.51e-48
 5.01523e+22	3.68e-18	3.34e-10	7.68e-07	9.47e-05	6.04e-02	4.45e-01	4.94e-01	0.00e+00	0.00e+00	0.00e+00	3.34e-10	2.19e-13	2.10e-48
 5.13721e+22	4.01e-18	4.02e-10	9.03e-07	1.07e-04	6.49e-02	4.55e-01	4.80e-01	0.00e+00	0.00e+00	0.00e+00	4.02e-10	2.63e-13	3.17e-48
 5.26598e+22	4.37e-18	4.87e-10	1.07e-06	1.22e-04	7.01e-02	4.65e-01	4.65e-01	0.00e+00	0.00e+00	0.00e+00	4.87e-10	3.18e-13	4.89e-48
 5.37524e+22	4.69e-18	5.71e-10	1.23e-06	1.36e-04	7.46e-02	4.73e-01	4.52e-01	0.00e+00	0.00e+00	0.00e+00	5.70e-10	3.71e-13	6.96e-48
 5.48896e+22	5.08e-18	6.64e-10	1.41e-06	1.51e-04	7.92e-02	4.80e-01	4.40e-01	0.00e+00	0.00e+00	0.00e+00	6.64e-10	4.30e-13	9.81e-48
 5.63679e+22	5.62e-18	8.02e-10	1.67e-06	1.72e-04	8.53e-02	4.90e-01	4.25e-01	0.00e+00	0.00e+00	0.00e+00	8.02e-10	5.16e-13	1.50e-47
 5.78891e+22	6.19e-18	9.74e-10	1.98e-06	1.97e-04	9.20e-02	4.99e-01	4.09e-01	0.00e+00	0.00e+00	0.00e+00	9.74e-10	6.25e-13	2.34e-47
 5.91153e+22	6.67e-18	1.13e-09	2.27e-06	2.19e-04	9.76e-02	5.06e-01	3.97e-01	0.00e+00	0.00e+00	0.00e+00	1.13e-09	7.25e-13	3.28e-47
 6.03585e+22	7.23e-18	1.30e-09	2.57e-06	2.41e-04	1.03e-01	5.12e-01	3.85e-01	0.00e+00	0.00e+00	0.00e+00	1.30e-09	8.29e-13	4.53e-47
 6.19746e+22	8.01e-18	1.55e-09	3.00e-06	2.72e-04	1.10e-01	5.19e-01	3.71e-01	0.00e+00	0.00e+00	0.00e+00	1.55e-09	9.80e-13	6.76e-47
 6.36981e+22	8.86e-18	1.86e-09	3.54e-06	3.09e-04	1.18e-01	5.26e-01	3.55e-01	0.00e+00	0.00e+00	0.00e+00	1.86e-09	1.17e-12	1.04e-46
 6.51771e+22	9.61e-18	2.17e-09	4.07e-06	3.44e-04	1.25e-01	5.32e-01	3.43e-01	0.00e+00	0.00e+00	0.00e+00	2.17e-09	1.36e-12	1.47e-46
 6.67159e+22	1.05e-17	2.51e-09	4.62e-06	3.80e-04	1.32e-01	5.37e-01	3.31e-01	0.00e+00	0.00e+00	0.00e+00	2.51e-09	1.56e-12	2.07e-46
 6.87164e+22	1.17e-17	3.00e-09	5.43e-06	4.30e-04	1.42e-01	5.42e-01	3.16e-01	0.00e+00	0.00e+00	0.00e+00	3.00e-09	1.85e-12	3.14e-46
 7.08261e+22	1.31e-17	3.62e-09	6.43e-06	4.91e-04	1.52e-01	5.47e-01	3.00e-01	0.00e+00	0.00e+00	0.00e+00	3.62e-09	2.22e-12	4.89e-46
 7.25984e+22	1.43e-17	4.21e-09	7.39e-06	5.47e-04	1.61e-01	5.51e-01	2.87e-01	0.00e+00	0.00e+00	0.00e+00	4.21e-09	2.57e-12	6.98e-46
 7.44234e+22	1.56e-17	4.85e-09	8.38e-06	6.03e-04	1.70e-01	5.54e-01	2.76e-01	0.00e+00	0.00e+00	0.00e+00	4.85e-09	2.93e-12	9.80e-46
 7.67958e+22	1.75e-17	5.77e-09	9.80e-06	6.81e-04	1.81e-01	5.57e-01	2.62e-01	0.00e+00	0.00e+00	0.00e+00	5.76e-09	3.45e-12	1.49e-45
 7.93602e+22	1.96e-17	6.94e-09	1.16e-05	7.77e-04	1.93e-01	5.59e-01	2.47e-01	0.00e+00	0.00e+00	0.00e+00	6.94e-09	4.11e-12	2.33e-45
 8.13864e+22	2.13e-17	8.03e-09	1.32e-05	8.61e-04	2.04e-01	5.60e-01	2.35e-01	0.00e+00	0.00e+00	0.00e+00	8.03e-09	4.73e-12	3.34e-45
 8.28862e+22	2.26e-17	8.86e-09	1.45e-05	9.23e-04	2.11e-01	5.60e-01	2.28e-01	0.00e+00	0.00e+00	0.00e+00	8.85e-09	5.19e-12	4.24e-45
 8.44897e+22	2.42e-17	9.78e-09	1.58e-05	9.90e-04	2.19e-01	5.60e-01	2.20e-01	0.00e+00	0.00e+00	0.00e+00	9.77e-09	5.68e-12	5.42e-45
 8.65742e+22	2.62e-17	1.10e-08	1.77e-05	1.08e-03	2.28e-01	5.60e-01	2.11e-01	0.00e+00	0.00e+00	0.00e+00	1.10e-08	6.34e-12	7.32e-45
 8.92841e+22	2.88e-17	1.28e-08	2.02e-05	1.20e-03	2.41e-01	5.59e-01	1.99e-01	0.00e+00	0.00e+00	0.00e+00	1.28e-08	7.25e-12	1.06e-44
 9.21058e+22	3.18e-17	1.50e-08	2.34e-05	1.34e-03	2.54e-01	5.57e-01	1.87e-01	0.00e+00	0.00e+00	0.00e+00	1.50e-08	8.41e-12	1.58e-44
 9.44012e+22	3.42e-17	1.69e-08	2.61e-05	1.46e-03	2.65e-01	5.55e-01	1.78e-01	0.00e+00	0.00e+00	0.00e+00	1.69e-08	9.41e-12	2.16e-44
 9.67138e+22	3.67e-17	1.89e-08	2.89e-05	1.58e-03	2.75e-01	5.53e-01	1.70e-01	0.00e+00	0.00e+00	0.00e+00	1.89e-08	1.04e-11	2.85e-44
 9.97202e+22	4.00e-17	2.15e-08	3.26e-05	1.74e-03	2.88e-01	5.49e-01	1.61e-01	0.00e+00	0.00e+00	0.00e+00	2.15e-08	1.16e-11	4.03e-44
 1.03033e+23	4.38e-17	2.49e-08	3.74e-05	1.94e-03	3.03e-01	5.45e-01	1.51e-01	0.00e+00	0.00e+00	0.00e+00	2.49e-08	1.33e-11	5.90e-44
 1.05982e+23	4.73e-17	2.83e-08	4.20e-05	2.12e-03	3.16e-01	5.40e-01	1.42e-01	4.44e-17	2.28e-18	5.42e-19	2.83e-08	1.49e-11	8.25e-44
 1.08641e+23	5.04e-17	3.14e-08	4.62e-05	2.29e-03	3.27e-01	5.36e-01	1.35e-01	4.74e-17	2.39e-18	5.69e-19	3.14e-08	1.63e-11	1.09e-43
 1.11689e+23	5.39e-17	3.50e-08	5.11e-05	2.48e-03	3.39e-01	5.31e-01	1.28e-01	5.08e-17	2.51e-18	5.96e-19	3.49e-08	1.79e-11	1.45e-43
 1.15650e+23	5.84e-17	3.98e-08	5.75e-05	2.72e-03	3.53e-01	5.24e-01	1.20e-01	5.52e-17	2.65e-18	6.29e-19	3.98e-08	1.99e-11	2.08e-43
 1.20099e+23	6.36e-17	4.60e-08	6.59e-05	3.03e-03	3.70e-01	5.16e-01	1.11e-01	6.01e-17	2.81e-18	6.66e-19	4.60e-08	2.25e-11	3.09e-43
 1.24156e+23	6.86e-17	5.23e-08	7.43e-05	3.33e-03	3.85e-01	5.08e-01	1.03e-01	6.49e-17	2.97e-18	7.03e-19	5.23e-08	2.51e-11	4.44e-43
 1.27811e+23	7.27e-17	5.80e-08	8.18e-05	3.59e-03	3.98e-01	5.01e-01	9.74e-02	6.89e-17	3.08e-18	7.29e-19	5.80e-08	2.73e-11	5.97e-43
 1.31969e+23	7.71e-17	6.43e-08	9.01e-05	3.88e-03	4.11e-01	4.94e-01	9.17e-02	7.32e-17	3.18e-18	7.51e-19	6.43e-08	2.96e-11	8.00e-43
 1.37067e+23	8.26e-17	7.26e-08	1.01e-04	4.23e-03	4.26e-01	4.85e-01	8.53e-02	7.86e-17	3.29e-18	7.78e-19	7.26e-08	3.24e-11	1.14e-42
 1.42673e+23	8.80e-17	8.22e-08	1.13e-04	4.65e-03	4.42e-01	4.74e-01	7.87e-02	8.38e-17	3.39e-18	8.00e-19	8.22e-08	3.56e-11	1.64e-42
 1.48503e+23	9.38e-17	9.28e-08	1.27e-04	5.09e-03	4.58e-01	4.64e-01	7.27e-02	8.95e-17	3.49e-18	8.22e-19	9.27e-08	3.89e-11	2.35e-42
 1.54567e+23	9.96e-17	1.04e-07	1.41e-04	5.53e-03	4.73e-01	4.54e-01	6.74e-02	9.52e-17	3.57e-18	8.39e-19	1.04e-07	4.23e-11	3.35e-42
 1.60873e+23	1.04e-16	1.16e-07	1.56e-04	6.01e-03	4.88e-01	4.43e-01	6.24e-02	9.98e-17	3.59e-18	8.44e-19	1.16e-07	4.54e-11	4.63e-42
 1.67431e+23	1.09e-16	1.28e-07	1.72e-04	6.48e-03	5.02e-01	4.33e-01	5.80e-02	1.04e-16	3.61e-18	8.47e-19	1.28e-07	4.84e-11	6.38e-42
 1.74111e+23	1.13e-16	1.42e-07	1.89e-04	6.97e-03	5.15e-01	4.23e-01	5.40e-02	1.09e-16	3.60e-18	8.44e-19	1.41e-07	5.13e-11	8.66e-42
 1.81058e+23	1.17e-16	1.55e-07	2.05e-04	7.44e-03	5.28e-01	4.14e-01	5.05e-02	1.12e-16	3.55e-18	8.31e-19	1.54e-07	5.38e-11	1.14e-41
 1.88424e+23	1.20e-16	1.68e-07	2.22e-04	7.94e-03	5.40e-01	4.05e-01	4.72e-02	1.15e-16	3.47e-18	8.13e-19	1.68e-07	5.61e-11	1.51e-41
 1.96084e+23	1.22e-16	1.82e-07	2.39e-04	8.43e-03	5.51e-01	3.96e-01	4.43e-02	1.17e-16	3.37e-18	7.87e-19	1.82e-07	5.80e-11	1.95e-41
 2.04051e+23	1.23e-16	1.96e-07	2.57e-04	8.91e-03	5.62e-01	3.88e-01	4.16e-02	1.19e-16	3.23e-18	7.54e-19	1.96e-07	5.95e-11	2.48e-41
 2.12336e+23	1.23e-16	2.10e-07	2.73e-04	9.37e-03	5.71e-01	3.80e-01	3.94e-02	1.19e-16	3.07e-18	7.16e-19	2.10e-07	6.04e-11	3.10e-41
 2.20953e+23	1.22e-16	2.23e-07	2.90e-04	9.81e-03	5.80e-01	3.73e-01	3.73e-02	1.18e-16	2.89e-18	6.72e-19	2.23e-07	6.09e-11	3.80e-41
 2.29353e+23	1.22e-16	2.38e-07	3.07e-04	1.03e-02	5.89e-01	3.65e-01	3.54e-02	1.19e-16	2.75e-18	6.41e-19	2.38e-07	6.17e-11	4.67e-41
 2.36966e+23	1.21e-16	2.50e-07	3.22e-04	1.07e-02	5.96e-01	3.59e-01	3.38e-02	1.18e-16	2.61e-18	6.08e-19	2.50e-07	6.21e-11	5.52e-41
 2.43817e+23	1.19e-16	2.59e-07	3.34e-04	1.10e-02	6.02e-01	3.54e-01	3.26e-02	1.16e-16	2.47e-18	5.74e-19	2.59e-07	6.19e-11	6.27e-41
 2.49984e+23	1.19e-16	2.68e-07	3.45e-04	1.13e-02	6.06e-01	3.50e-01	3.16e-02	1.16e-16	2.37e-18	5.51e-19	2.68e-07	6.19e-11	7.05e-41
 2.55534e+23	1.16e-16	2.75e-07	3.53e-04	1.15e-02	6.10e-01	3.47e-01	3.09e-02	1.14e-16	2.25e-18	5.22e-19	2.75e-07	6.13e-11	7.65e-41
 2.60528e+23	1.15e-16	2.82e-07	3.60e-04	1.17e-02	6.13e-01	3.44e-01	3.03e-02	1.13e-16	2.16e-18	5.02e-19	2.81e-07	6.10e-11	8.29e-41
 2.65024e+23	1.13e-16	2.87e-07	3.66e-04	1.19e-02	6.16e-01	3.42e-01	2.98e-02	1.11e-16	2.07e-18	4.81e-19	2.87e-07	6.04e-11	8.80e-41
 2.69070e+23	1.11e-16	2.90e-07	3.71e-04	1.20e-02	6.18e-01	3.41e-01	2.94e-02	1.09e-16	1.98e-18	4.61e-19	2.90e-07	5.97e-11	9.21e-41
 2.72711e+23	1.09e-16	2.93e-07	3.75e-04	1.21e-02	6.19e-01	3.39e-01	2.91e-02	1.07e-16	1.91e-18	4.42e-19	2.93e-07	5.90e-11	9.53e-41
 2.75988e+23	1.08e-16	2.96e-07	3.78e-04	1.22e-02	6.21e-01	3.38e-01	2.88e-02	1.06e-16	1.84e-18	4.28e-19	2.96e-07	5.84e-11	9.88e-41
 2.79068e+23	1.06e-16	2.99e-07	3.81e-04	1.22e-02	6.22e-01	3.37e-01	2.85e-02	1.04e-16	1.78e-18	4.13e-19	2.99e-07	5.78e-11	1.01e-40
 2.82122e+23	1.05e-16	3.01e-07	3.84e-04	1.23e-02	6.24e-01	3.35e-01	2.83e-02	1.03e-16	1.73e-18	4.00e-19	3.01e-07	5.72e-11	1.04e-40
 2.85177e+23	1.03e-16	3.03e-07	3.87e-04	1.24e-02	6.25e-01	3.35e-01	2.81e-02	1.01e-16	1.66e-18	3.86e-19	3.03e-07	5.64e-11	1.06e-40
 2.88232e+23	1.01e-16	3.04e-07	3.89e-04	1.25e-02	6.26e-01	3.34e-01	2.79e-02	9.92e-17	1.60e-18	3.71e-19	3.04e-07	5.56e-11	1.07e-40
 2.91287e+23	9.90e-17	3.05e-07	3.90e-04	1.25e-02	6.26e-01	3.33e-01	2.78e-02	9.71e-17	1.54e-18	3.56e-19	3.05e-07	5.47e-11	1.08e-40
 2.94342e+23	9.67e-17	3.06e-07	3.91e-04	1.25e-02	6.27e-01	3.32e-01	2.76e-02	9.49e-17	1.47e-18	3.41e-19	3.06e-07	5.38e-11	1.09e-40
 2.97396e+23	9.44e-17	3.06e-07	3.92e-04	1.26e-02	6.28e-01	3.32e-01	2.75e-02	9.27e-17	1.41e-18	3.27e-19	3.06e-07	5.28e-11	1.09e-40
 3.00451e+23	9.22e-17	3.07e-07	3.93e-04	1.26e-02	6.28e-01	3.31e-01	2.74e-02	9.05e-17	1.35e-18	3.13e-19	3.07e-07	5.18e-11	1.10e-40
 3.03506e+23	9.01e-17	3.07e-07	3.94e-04	1.26e-02	6.29e-01	3.31e-01	2.73e-02	8.85e-17	1.29e-18	3.00e-19	3.07e-07	5.09e-11	1.11e-40
 3.05258e+23	9.03e-17	3.12e-07	3.99e-04	1.27e-02	6.30e-01	3.30e-01	2.71e-02	8.87e-17	1.29e-18	3.00e-19	3.12e-07	5.13e-11	1.17e-40
