#depth	C	C+	C+2	C+3	C+4	C+5	C+6	C[1]	C[2]	C[3]	C+[1]	C+[2]	CO
 6.17135e+19	0.00e+00	1.02e-25	5.83e-19	3.50e-13	9.30e-08	4.64e-04	1.00e+00	0.00e+00	0.00e+00	0.00e+00	0.00e+00	0.00e+00	4.95e-86
 1.87609e+20	0.00e+00	1.66e-25	8.22e-19	4.31e-13	1.09e-07	5.20e-04	9.99e-01	0.00e+00	0.00e+00	0.00e+00	0.00e+00	0.00e+00	4.24e-86
 2.93222e+20	0.00e+00	2.43e-25	1.08e-18	5.08e-13	1.24e-07	5.69e-04	9.99e-01	0.00e+00	0.00e+00	0.00e+00	0.00e+00	0.00e+00	3.45e-86
 3.69049e+20	0.00e+00	3.15e-25	1.30e-18	5.68e-13	1.35e-07	6.06e-04	9.99e-01	0.00e+00	0.00e+00	0.00e+00	0.00e+00	0.00e+00	3.68e-86
 4.22245e+20	0.00e+00	3.79e-25	1.48e-18	6.12e-13	1.43e-07	6.33e-04	9.99e-01	0.00e+00	0.00e+00	0.00e+00	0.00e+00	0.00e+00	3.81e-86
 4.56301e+20	0.00e+00	4.23e-25	1.60e-18	6.43e-13	1.49e-07	6.50e-04	9.99e-01	0.00e+00	0.00e+00	0.00e+00	0.00e+00	0.00e+00	2.65e-86
 4.91390e+20	0.00e+00	4.74e-25	1.73e-18	6.75e-13	1.55e-07	6.68e-04	9.99e-01	0.00e+00	0.00e+00	0.00e+00	0.00e+00	0.00e+00	1.83e-86
 5.37005e+20	0.00e+00	5.50e-25	1.92e-18	7.18e-13	1.63e-07	6.92e-04	9.99e-01	0.00e+00	0.00e+00	0.00e+00	0.00e+00	0.00e+00	1.27e-86
 5.88555e+20	0.00e+00	6.48e-25	2.16e-18	7.70e-13	1.72e-07	7.21e-04	9.99e-01	0.00e+00	0.00e+00	0.00e+00	0.00e+00	0.00e+00	8.83e-87
 6.37210e+20	0.00e+00	7.56e-25	2.41e-18	8.21e-13	1.81e-07	7.48e-04	9.99e-01	0.00e+00	0.00e+00	0.00e+00	0.00e+00	0.00e+00	6.04e-87
 6.82485e+20	0.00e+00	8.69e-25	2.66e-18	8.71e-13	1.90e-07	7.73e-04	9.99e-01	0.00e+00	0.00e+00	0.00e+00	0.00e+00	0.00e+00	4.08e-87
 7.33977e+20	0.00e+00	1.02e-24	2.97e-18	9.30e-13	2.00e-07	8.03e-04	9.99e-01	0.00e+00	0.00e+00	0.00e+00	0.00e+00	0.00e+00	2.75e-87
 7.91811e+20	0.00e+00	1.21e-24	3.35e-18	1.00e-12	2.12e-07	8.37e-04	9.99e-01	0.00e+00	0.00e+00	0.00e+00	0.00e+00	0.00e+00	1.85e-87
 8.45977e+20	0.00e+00	1.42e-24	3.75e-18	1.07e-12	2.24e-07	8.71e-04	9.99e-01	0.00e+00	0.00e+00	0.00e+00	0.00e+00	0.00e+00	1.24e-87
 8.96087e+20	0.00e+00	1.64e-24	4.16e-18	1.14e-12	2.36e-07	9.01e-04	9.99e-01	0.00e+00	0.00e+00	0.00e+00	0.00e+00	0.00e+00	8.35e-88
 9.52838e+20	0.00e+00	1.92e-24	4.65e-18	1.22e-12	2.49e-07	9.37e-04	9.99e-01	0.00e+00	0.00e+00	0.00e+00	0.00e+00	0.00e+00	5.91e-88
 1.01410e+21	0.00e+00	2.28e-24	5.26e-18	1.31e-12	2.64e-07	9.77e-04	9.99e-01	0.00e+00	0.00e+00	0.00e+00	0.00e+00	0.00e+00	2.85e-88
 1.06802e+21	0.00e+00	2.65e-24	5.84e-18	1.39e-12	2.78e-07	1.01e-03	9.99e-01	0.00e+00	0.00e+00	0.00e+00	0.00e+00	0.00e+00	4.04e-88
 1.12490e+21	0.00e+00	3.08e-24	6.51e-18	1.49e-12	2.93e-07	1.05e-03	9.99e-01	0.00e+00	0.00e+00	0.00e+00	0.00e+00	0.00e+00	6.81e-88
 1.19885e+21	0.00e+00	3.75e-24	7.48e-18	1.61e-12	3.14e-07	1.10e-03	9.99e-01	0.00e+00	0.00e+00	0.00e+00	0.00e+00	0.00e+00	1.26e-87
 1.27290e+21	0.00e+00	4.55e-24	8.59e-18	1.75e-12	3.36e-07	1.15e-03	9.99e-01	0.00e+00	0.00e+00	0.00e+00	0.00e+00	0.00e+00	1.87e-87
 1.33061e+21	0.00e+00	5.28e-24	9.55e-18	1.87e-12	3.54e-07	1.20e-03	9.99e-01	0.00e+00	0.00e+00	0.00e+00	0.00e+00	0.00e+00	4.36e-87
 1.38914e+21	0.00e+00	6.11e-24	1.06e-17	1.99e-12	3.73e-07	1.24e-03	9.99e-01	0.00e+00	0.00e+00	0.00e+00	0.00e+00	0.00e+00	7.24e-87
 1.46523e+21	0.00e+00	7.38e-24	1.21e-17	2.16e-12	3.99e-07	1.29e-03	9.99e-01	0.00e+00	0.00e+00	0.00e+00	0.00e+00	0.00e+00	1.27e-86
 1.54101e+21	0.00e+00	8.89e-24	1.39e-17	2.34e-12	4.27e-07	1.35e-03	9.99e-01	0.00e+00	0.00e+00	0.00e+00	0.00e+00	0.00e+00	2.43e-86
 1.59923e+21	0.00e+00	1.02e-23	1.53e-17	2.49e-12	4.49e-07	1.40e-03	9.99e-01	0.00e+00	0.00e+00	0.00e+00	0.00e+00	0.00e+00	4.25e-86
 1.65779e+21	0.00e+00	1.17e-23	1.69e-17	2.64e-12	4.72e-07	1.45e-03	9.99e-01	0.00e+00	0.00e+00	0.00e+00	0.00e+00	0.00e+00	7.10e-86
 1.73391e+21	0.00e+00	1.40e-23	1.92e-17	2.86e-12	5.03e-07	1.51e-03	9.98e-01	0.00e+00	0.00e+00	0.00e+00	0.00e+00	0.00e+00	1.17e-85
 1.81465e+21	0.00e+00	1.69e-23	2.20e-17	3.10e-12	5.38e-07	1.58e-03	9.98e-01	0.00e+00	0.00e+00	0.00e+00	0.00e+00	0.00e+00	2.23e-85
 1.88385e+21	0.00e+00	1.98e-23	2.46e-17	3.33e-12	5.70e-07	1.64e-03	9.98e-01	0.00e+00	0.00e+00	0.00e+00	0.00e+00	0.00e+00	4.01e-85
 1.95627e+21	0.00e+00	2.32e-23	2.76e-17	3.58e-12	6.05e-07	1.70e-03	9.98e-01	0.00e+00	0.00e+00	0.00e+00	0.00e+00	0.00e+00	6.76e-85
 2.05042e+21	0.00e+00	2.85e-23	3.21e-17	3.92e-12	6.52e-07	1.78e-03	9.98e-01	0.00e+00	0.00e+00	0.00e+00	0.00e+00	0.00e+00	1.27e-84
 2.14538e+21	0.00e+00	3.51e-23	3.73e-17	4.30e-12	7.04e-07	1.87e-03	9.98e-01	0.00e+00	0.00e+00	0.00e+00	0.00e+00	0.00e+00	2.62e-84
 2.22029e+21	0.00e+00	4.12e-23	4.18e-17	4.62e-12	7.47e-07	1.94e-03	9.98e-01	0.00e+00	0.00e+00	0.00e+00	0.00e+00	0.00e+00	4.87e-84
 2.28577e+21	0.00e+00	4.72e-23	4.62e-17	4.92e-12	7.86e-07	2.01e-03	9.98e-01	0.00e+00	0.00e+00	0.00e+00	0.00e+00	0.00e+00	7.95e-84
 2.36011e+21	0.00e+00	5.51e-23	5.17e-17	5.28e-12	8.33e-07	2.08e-03	9.98e-01	0.00e+00	0.00e+00	0.00e+00	0.00e+00	0.00e+00	1.29e-83
 2.45676e+21	0.00e+00	6.71e-23	5.97e-17	5.77e-12	8.97e-07	2.18e-03	9.98e-01	0.00e+00	0.00e+00	0.00e+00	0.00e+00	0.00e+00	2.37e-83
 2.55556e+21	0.00e+00	8.22e-23	6.91e-17	6.33e-12	9.67e-07	2.28e-03	9.98e-01	0.00e+00	0.00e+00	0.00e+00	0.00e+00	0.00e+00	4.69e-83
 2.63538e+21	0.00e+00	9.64e-23	7.76e-17	6.81e-12	1.03e-06	2.36e-03	9.98e-01	0.00e+00	0.00e+00	0.00e+00	0.00e+00	0.00e+00	8.63e-83
 2.71735e+21	0.00e+00	1.13e-22	8.73e-17	7.33e-12	1.09e-06	2.45e-03	9.98e-01	0.00e+00	0.00e+00	0.00e+00	0.00e+00	0.00e+00	1.45e-82
 2.82391e+21	0.00e+00	1.39e-22	1.02e-16	8.07e-12	1.18e-06	2.57e-03	9.97e-01	0.00e+00	0.00e+00	0.00e+00	0.00e+00	0.00e+00	2.71e-82
 2.93407e+21	0.00e+00	1.72e-22	1.19e-16	8.90e-12	1.28e-06	2.70e-03	9.97e-01	0.00e+00	0.00e+00	0.00e+00	0.00e+00	0.00e+00	5.58e-82
 3.02384e+21	0.00e+00	2.04e-22	1.35e-16	9.64e-12	1.37e-06	2.81e-03	9.97e-01	0.00e+00	0.00e+00	0.00e+00	0.00e+00	0.00e+00	1.04e-81
 3.11551e+21	1.56e-31	2.42e-22	1.53e-16	1.04e-11	1.46e-06	2.92e-03	9.97e-01	0.00e+00	0.00e+00	0.00e+00	0.00e+00	0.00e+00	1.84e-81
 3.21693e+21	1.92e-31	2.93e-22	1.75e-16	1.14e-11	1.57e-06	3.04e-03	9.97e-01	0.00e+00	0.00e+00	0.00e+00	0.00e+00	0.00e+00	3.30e-81
 3.30942e+21	2.36e-31	3.48e-22	1.99e-16	1.24e-11	1.68e-06	3.16e-03	9.97e-01	0.00e+00	0.00e+00	0.00e+00	0.00e+00	0.00e+00	6.06e-81
 3.39478e+21	2.86e-31	4.06e-22	2.23e-16	1.33e-11	1.78e-06	3.27e-03	9.97e-01	0.00e+00	0.00e+00	0.00e+00	0.00e+00	0.00e+00	1.01e-80
 3.49252e+21	3.55e-31	4.84e-22	2.54e-16	1.45e-11	1.90e-06	3.40e-03	9.97e-01	0.00e+00	0.00e+00	0.00e+00	0.00e+00	0.00e+00	1.74e-80
 3.61959e+21	4.69e-31	6.07e-22	3.00e-16	1.61e-11	2.08e-06	3.58e-03	9.96e-01	0.00e+00	0.00e+00	0.00e+00	0.00e+00	0.00e+00	3.53e-80
 3.74709e+21	6.22e-31	7.64e-22	3.55e-16	1.80e-11	2.27e-06	3.76e-03	9.96e-01	0.00e+00	0.00e+00	0.00e+00	0.00e+00	0.00e+00	7.46e-80
 3.84616e+21	7.71e-31	9.09e-22	4.04e-16	1.95e-11	2.43e-06	3.91e-03	9.96e-01	0.00e+00	0.00e+00	0.00e+00	0.00e+00	0.00e+00	1.38e-79
 3.94597e+21	9.54e-31	1.08e-21	4.59e-16	2.12e-11	2.60e-06	4.06e-03	9.96e-01	0.00e+00	0.00e+00	0.00e+00	0.00e+00	0.00e+00	2.42e-79
 4.07571e+21	1.26e-30	1.35e-21	5.43e-16	2.36e-11	2.83e-06	4.26e-03	9.96e-01	0.00e+00	0.00e+00	0.00e+00	0.00e+00	0.00e+00	4.71e-79
 4.20151e+21	1.65e-30	1.68e-21	6.39e-16	2.63e-11	3.08e-06	4.47e-03	9.96e-01	0.00e+00	0.00e+00	0.00e+00	0.00e+00	0.00e+00	9.51e-79
 4.29063e+21	1.99e-30	1.96e-21	7.16e-16	2.83e-11	3.27e-06	4.62e-03	9.95e-01	0.00e+00	0.00e+00	0.00e+00	0.00e+00	0.00e+00	1.67e-78
 4.37494e+21	2.37e-30	2.26e-21	7.96e-16	3.03e-11	3.46e-06	4.76e-03	9.95e-01	0.00e+00	0.00e+00	0.00e+00	0.00e+00	0.00e+00	2.69e-78
 4.48453e+21	2.98e-30	2.72e-21	9.14e-16	3.32e-11	3.72e-06	4.95e-03	9.95e-01	0.00e+00	0.00e+00	0.00e+00	0.00e+00	0.00e+00	4.58e-78
 4.60498e+21	3.84e-30	3.34e-21	1.07e-15	3.67e-11	4.02e-06	5.17e-03	9.95e-01	0.00e+00	0.00e+00	0.00e+00	0.00e+00	0.00e+00	8.55e-78
 4.70363e+21	4.73e-30	3.96e-21	1.21e-15	3.99e-11	4.29e-06	5.35e-03	9.95e-01	0.00e+00	0.00e+00	0.00e+00	0.00e+00	0.00e+00	1.52e-77
 4.77887e+21	5.53e-30	4.49e-21	1.33e-15	4.24e-11	4.51e-06	5.49e-03	9.95e-01	0.00e+00	0.00e+00	0.00e+00	0.00e+00	0.00e+00	2.43e-77
 4.85961e+21	6.54e-30	5.14e-21	1.47e-15	4.54e-11	4.75e-06	5.65e-03	9.94e-01	0.00e+00	0.00e+00	0.00e+00	0.00e+00	0.00e+00	3.64e-77
 4.96458e+21	8.10e-30	6.12e-21	1.68e-15	4.95e-11	5.08e-06	5.86e-03	9.94e-01	0.00e+00	0.00e+00	0.00e+00	0.00e+00	0.00e+00	7.42e-77
 5.06893e+21	1.01e-29	7.31e-21	1.92e-15	5.41e-11	5.44e-06	6.08e-03	9.94e-01	0.00e+00	0.00e+00	0.00e+00	0.00e+00	0.00e+00	1.29e-76
 5.14656e+21	1.18e-29	8.34e-21	2.12e-15	5.78e-11	5.73e-06	6.24e-03	9.94e-01	0.00e+00	0.00e+00	0.00e+00	0.00e+00	0.00e+00	1.95e-76
 5.22156e+21	1.38e-29	9.43e-21	2.32e-15	6.15e-11	6.00e-06	6.40e-03	9.94e-01	0.00e+00	0.00e+00	0.00e+00	0.00e+00	0.00e+00	2.85e-76
 5.31906e+21	1.68e-29	1.11e-20	2.63e-15	6.67e-11	6.39e-06	6.61e-03	9.93e-01	0.00e+00	0.00e+00	0.00e+00	0.00e+00	0.00e+00	4.73e-76
 5.42195e+21	2.08e-29	1.32e-20	3.00e-15	7.28e-11	6.83e-06	6.85e-03	9.93e-01	0.00e+00	0.00e+00	0.00e+00	0.00e+00	0.00e+00	8.08e-76
 5.50765e+21	2.49e-29	1.53e-20	3.34e-15	7.84e-11	7.22e-06	7.05e-03	9.93e-01	0.00e+00	0.00e+00	0.00e+00	0.00e+00	0.00e+00	1.26e-75
 5.59490e+21	2.95e-29	1.75e-20	3.71e-15	8.42e-11	7.61e-06	7.24e-03	9.93e-01	0.00e+00	0.00e+00	0.00e+00	0.00e+00	0.00e+00	1.93e-75
 5.69274e+21	3.63e-29	2.08e-20	4.23e-15	9.18e-11	8.12e-06	7.49e-03	9.92e-01	0.00e+00	0.00e+00	0.00e+00	0.00e+00	0.00e+00	3.24e-75
 5.77882e+21	4.34e-29	2.41e-20	4.72e-15	9.90e-11	8.58e-06	7.71e-03	9.92e-01	0.00e+00	0.00e+00	0.00e+00	0.00e+00	0.00e+00	5.04e-75
 5.85142e+21	5.05e-29	2.72e-20	5.19e-15	1.05e-10	8.99e-06	7.90e-03	9.92e-01	0.00e+00	0.00e+00	0.00e+00	0.00e+00	0.00e+00	7.31e-75
 5.93201e+21	5.94e-29	3.11e-20	5.74e-15	1.13e-10	9.46e-06	8.10e-03	9.92e-01	0.00e+00	0.00e+00	0.00e+00	0.00e+00	0.00e+00	1.09e-74
 6.03678e+21	7.35e-29	3.71e-20	6.56e-15	1.24e-10	1.01e-05	8.38e-03	9.92e-01	0.00e+00	0.00e+00	0.00e+00	0.00e+00	0.00e+00	1.85e-74
 6.14393e+21	9.19e-29	4.46e-20	7.55e-15	1.36e-10	1.08e-05	8.68e-03	9.91e-01	0.00e+00	0.00e+00	0.00e+00	0.00e+00	0.00e+00	3.20e-74
 6.22866e+21	1.09e-28	5.14e-20	8.43e-15	1.47e-10	1.14e-05	8.92e-03	9.91e-01	0.00e+00	0.00e+00	0.00e+00	0.00e+00	0.00e+00	4.90e-74
 6.31328e+21	1.30e-28	5.93e-20	9.39e-15	1.58e-10	1.20e-05	9.17e-03	9.91e-01	0.00e+00	0.00e+00	0.00e+00	0.00e+00	0.00e+00	7.45e-74
 6.42329e+21	1.63e-28	7.14e-20	1.08e-14	1.74e-10	1.29e-05	9.50e-03	9.90e-01	0.00e+00	0.00e+00	0.00e+00	0.00e+00	0.00e+00	1.29e-73
 6.53161e+21	2.05e-28	8.64e-20	1.25e-14	1.92e-10	1.38e-05	9.84e-03	9.90e-01	0.00e+00	0.00e+00	0.00e+00	0.00e+00	0.00e+00	2.25e-73
 6.61114e+21	2.41e-28	9.85e-20	1.39e-14	2.06e-10	1.45e-05	1.01e-02	9.90e-01	0.00e+00	0.00e+00	0.00e+00	0.00e+00	0.00e+00	3.31e-73
 6.68794e+21	2.81e-28	1.12e-19	1.53e-14	2.21e-10	1.53e-05	1.03e-02	9.90e-01	0.00e+00	0.00e+00	0.00e+00	0.00e+00	0.00e+00	4.81e-73
 6.78778e+21	3.45e-28	1.33e-19	1.75e-14	2.42e-10	1.62e-05	1.07e-02	9.89e-01	0.00e+00	0.00e+00	0.00e+00	0.00e+00	0.00e+00	7.86e-73
 6.89385e+21	4.30e-28	1.59e-19	2.01e-14	2.66e-10	1.74e-05	1.10e-02	9.89e-01	0.00e+00	0.00e+00	0.00e+00	0.00e+00	0.00e+00	1.33e-72
 6.98340e+21	5.17e-28	1.86e-19	2.26e-14	2.89e-10	1.84e-05	1.13e-02	9.89e-01	0.00e+00	0.00e+00	0.00e+00	0.00e+00	0.00e+00	2.07e-72
 7.07519e+21	6.22e-28	2.17e-19	2.55e-14	3.14e-10	1.94e-05	1.17e-02	9.88e-01	0.00e+00	0.00e+00	0.00e+00	0.00e+00	0.00e+00	3.22e-72
 7.19453e+21	7.92e-28	2.65e-19	2.98e-14	3.50e-10	2.09e-05	1.21e-02	9.88e-01	0.00e+00	0.00e+00	0.00e+00	0.00e+00	0.00e+00	5.72e-72
 7.31427e+21	1.01e-27	3.25e-19	3.49e-14	3.91e-10	2.25e-05	1.26e-02	9.87e-01	0.00e+00	0.00e+00	0.00e+00	0.00e+00	0.00e+00	1.03e-71
 7.40499e+21	1.22e-27	3.79e-19	3.93e-14	4.24e-10	2.38e-05	1.29e-02	9.87e-01	0.00e+00	0.00e+00	0.00e+00	0.00e+00	0.00e+00	1.59e-71
 7.49339e+21	1.46e-27	4.41e-19	4.42e-14	4.60e-10	2.52e-05	1.33e-02	9.87e-01	0.00e+00	0.00e+00	0.00e+00	0.00e+00	0.00e+00	2.43e-71
 7.60830e+21	1.82e-27	5.31e-19	5.11e-14	5.09e-10	2.70e-05	1.37e-02	9.86e-01	0.00e+00	0.00e+00	0.00e+00	0.00e+00	0.00e+00	4.11e-71
 7.73187e+21	2.33e-27	6.54e-19	6.01e-14	5.70e-10	2.91e-05	1.42e-02	9.86e-01	0.00e+00	0.00e+00	0.00e+00	0.00e+00	0.00e+00	7.36e-71
 7.83729e+21	2.87e-27	7.79e-19	6.88e-14	6.27e-10	3.10e-05	1.47e-02	9.85e-01	0.00e+00	0.00e+00	0.00e+00	0.00e+00	0.00e+00	1.20e-70
 7.93055e+21	3.44e-27	9.07e-19	7.75e-14	6.82e-10	3.27e-05	1.51e-02	9.85e-01	0.00e+00	0.00e+00	0.00e+00	0.00e+00	0.00e+00	1.84e-70
 8.03738e+21	4.21e-27	1.08e-18	8.86e-14	7.49e-10	3.48e-05	1.56e-02	9.84e-01	0.00e+00	0.00e+00	0.00e+00	0.00e+00	0.00e+00	2.97e-70
 8.15646e+21	5.29e-27	1.31e-18	1.03e-13	8.32e-10	3.73e-05	1.61e-02	9.84e-01	0.00e+00	0.00e+00	0.00e+00	0.00e+00	0.00e+00	5.07e-70
 8.26537e+21	6.49e-27	1.55e-18	1.18e-13	9.16e-10	3.98e-05	1.66e-02	9.83e-01	0.00e+00	0.00e+00	0.00e+00	0.00e+00	0.00e+00	8.23e-70
 8.36500e+21	7.87e-27	1.83e-18	1.34e-13	1.00e-09	4.22e-05	1.71e-02	9.83e-01	0.00e+00	0.00e+00	0.00e+00	0.00e+00	0.00e+00	1.29e-69
 8.47867e+21	9.59e-27	2.16e-18	1.53e-13	1.10e-09	4.49e-05	1.76e-02	9.82e-01	0.00e+00	0.00e+00	0.00e+00	0.00e+00	0.00e+00	2.06e-69
 8.62644e+21	1.25e-26	2.71e-18	1.83e-13	1.25e-09	4.87e-05	1.84e-02	9.82e-01	0.00e+00	0.00e+00	0.00e+00	0.00e+00	0.00e+00	3.83e-69
 8.77698e+21	1.63e-26	3.41e-18	2.19e-13	1.41e-09	5.29e-05	1.91e-02	9.81e-01	0.00e+00	0.00e+00	0.00e+00	0.00e+00	0.00e+00	7.22e-69
 8.89125e+21	1.99e-26	4.05e-18	2.50e-13	1.55e-09	5.63e-05	1.97e-02	9.80e-01	0.00e+00	0.00e+00	0.00e+00	0.00e+00	0.00e+00	1.15e-68
 8.99993e+21	2.40e-26	4.76e-18	2.84e-13	1.70e-09	5.97e-05	2.03e-02	9.80e-01	0.00e+00	0.00e+00	0.00e+00	0.00e+00	0.00e+00	1.79e-68
 9.14123e+21	3.00e-26	5.78e-18	3.31e-13	1.90e-09	6.41e-05	2.10e-02	9.79e-01	0.00e+00	0.00e+00	0.00e+00	0.00e+00	0.00e+00	3.06e-68
 9.29238e+21	3.85e-26	7.16e-18	3.92e-13	2.14e-09	6.93e-05	2.18e-02	9.78e-01	0.00e+00	0.00e+00	0.00e+00	0.00e+00	0.00e+00	5.50e-68
 9.42069e+21	4.73e-26	8.55e-18	4.51e-13	2.36e-09	7.40e-05	2.25e-02	9.77e-01	0.00e+00	0.00e+00	0.00e+00	0.00e+00	0.00e+00	8.93e-68
 9.55185e+21	5.78e-26	1.02e-17	5.17e-13	2.60e-09	7.88e-05	2.33e-02	9.77e-01	0.00e+00	0.00e+00	0.00e+00	0.00e+00	0.00e+00	1.44e-67
 9.72235e+21	7.47e-26	1.27e-17	6.16e-13	2.95e-09	8.56e-05	2.42e-02	9.76e-01	0.00e+00	0.00e+00	0.00e+00	0.00e+00	0.00e+00	2.64e-67
 9.89599e+21	9.70e-26	1.60e-17	7.38e-13	3.35e-09	9.30e-05	2.52e-02	9.75e-01	0.00e+00	0.00e+00	0.00e+00	0.00e+00	0.00e+00	4.89e-67
 1.00326e+22	1.18e-25	1.90e-17	8.45e-13	3.70e-09	9.91e-05	2.60e-02	9.74e-01	0.00e+00	0.00e+00	0.00e+00	0.00e+00	0.00e+00	7.82e-67
 1.01691e+22	1.43e-25	2.23e-17	9.63e-13	4.06e-09	1.05e-04	2.68e-02	9.73e-01	0.00e+00	0.00e+00	0.00e+00	0.00e+00	0.00e+00	1.22e-66
 1.03465e+22	1.82e-25	2.76e-17	1.14e-12	4.57e-09	1.14e-04	2.78e-02	9.72e-01	0.00e+00	0.00e+00	0.00e+00	0.00e+00	0.00e+00	2.18e-66
 1.05348e+22	2.35e-25	3.45e-17	1.36e-12	5.19e-09	1.24e-04	2.90e-02	9.71e-01	0.00e+00	0.00e+00	0.00e+00	0.00e+00	0.00e+00	3.99e-66
 1.06914e+22	2.89e-25	4.13e-17	1.57e-12	5.75e-09	1.32e-04	2.99e-02	9.70e-01	0.00e+00	0.00e+00	0.00e+00	0.00e+00	0.00e+00	6.50e-66
 1.08237e+22	3.41e-25	4.78e-17	1.76e-12	6.25e-09	1.40e-04	3.08e-02	9.69e-01	0.00e+00	0.00e+00	0.00e+00	4.78e-17	3.51e-22	9.68e-66
 1.09700e+22	4.10e-25	5.60e-17	2.00e-12	6.85e-09	1.48e-04	3.17e-02	9.68e-01	0.00e+00	0.00e+00	0.00e+00	5.60e-17	4.40e-20	1.49e-65
 1.11601e+22	5.17e-25	6.86e-17	2.35e-12	7.69e-09	1.60e-04	3.29e-02	9.67e-01	0.00e+00	0.00e+00	0.00e+00	6.85e-17	5.25e-20	2.58e-65
 1.13577e+22	6.57e-25	8.46e-17	2.77e-12	8.67e-09	1.73e-04	3.41e-02	9.66e-01	0.00e+00	0.00e+00	0.00e+00	8.45e-17	6.27e-20	4.55e-65
 1.15191e+22	7.94e-25	9.98e-17	3.16e-12	9.54e-09	1.84e-04	3.52e-02	9.65e-01	0.00e+00	0.00e+00	0.00e+00	9.98e-17	7.24e-20	7.13e-65
 1.16832e+22	9.55e-25	1.17e-16	3.60e-12	1.05e-08	1.96e-04	3.62e-02	9.64e-01	0.00e+00	0.00e+00	0.00e+00	1.17e-16	8.36e-20	1.10e-64
 1.18965e+22	1.21e-24	1.44e-16	4.24e-12	1.18e-08	2.11e-04	3.76e-02	9.62e-01	0.00e+00	0.00e+00	0.00e+00	1.44e-16	1.00e-19	1.93e-64
 1.21201e+22	1.55e-24	1.79e-16	5.04e-12	1.34e-08	2.29e-04	3.92e-02	9.61e-01	0.00e+00	0.00e+00	0.00e+00	1.79e-16	1.20e-19	3.47e-64
 1.23063e+22	1.89e-24	2.13e-16	5.79e-12	1.48e-08	2.45e-04	4.04e-02	9.59e-01	0.00e+00	0.00e+00	0.00e+00	2.13e-16	1.39e-19	5.57e-64
 1.24975e+22	2.30e-24	2.53e-16	6.64e-12	1.63e-08	2.61e-04	4.17e-02	9.58e-01	0.00e+00	0.00e+00	0.00e+00	2.53e-16	1.62e-19	8.85e-64
 1.27116e+22	2.87e-24	3.06e-16	7.74e-12	1.82e-08	2.81e-04	4.32e-02	9.56e-01	0.00e+00	0.00e+00	0.00e+00	3.06e-16	1.91e-19	1.49e-63
 1.29072e+22	3.49e-24	3.64e-16	8.88e-12	2.02e-08	3.00e-04	4.46e-02	9.55e-01	0.00e+00	0.00e+00	0.00e+00	3.64e-16	2.21e-19	2.37e-63
 1.30846e+22	4.14e-24	4.23e-16	1.00e-11	2.20e-08	3.18e-04	4.59e-02	9.54e-01	0.00e+00	0.00e+00	0.00e+00	4.23e-16	2.51e-19	3.57e-63
 1.32864e+22	5.02e-24	5.00e-16	1.15e-11	2.43e-08	3.38e-04	4.73e-02	9.52e-01	0.00e+00	0.00e+00	0.00e+00	5.00e-16	2.91e-19	5.61e-63
 1.35487e+22	6.41e-24	6.19e-16	1.36e-11	2.75e-08	3.67e-04	4.92e-02	9.50e-01	0.00e+00	0.00e+00	0.00e+00	6.19e-16	3.49e-19	9.99e-63
 1.38112e+22	8.18e-24	7.67e-16	1.61e-11	3.11e-08	3.98e-04	5.12e-02	9.48e-01	0.00e+00	0.00e+00	0.00e+00	7.67e-16	4.16e-19	1.78e-62
 1.40047e+22	9.75e-24	8.93e-16	1.82e-11	3.40e-08	4.22e-04	5.26e-02	9.47e-01	0.00e+00	0.00e+00	0.00e+00	8.93e-16	4.74e-19	2.69e-62
 1.41870e+22	1.14e-23	1.03e-15	2.04e-11	3.69e-08	4.45e-04	5.40e-02	9.46e-01	0.00e+00	0.00e+00	0.00e+00	1.02e-15	5.37e-19	3.90e-62
 1.44240e+22	1.40e-23	1.22e-15	2.35e-11	4.09e-08	4.76e-04	5.58e-02	9.44e-01	0.00e+00	0.00e+00	0.00e+00	1.22e-15	6.24e-19	6.30e-62
 1.46844e+22	1.75e-23	1.49e-15	2.75e-11	4.59e-08	5.13e-04	5.78e-02	9.42e-01	0.00e+00	0.00e+00	0.00e+00	1.49e-15	7.33e-19	1.06e-61
 1.49144e+22	2.12e-23	1.76e-15	3.14e-11	5.06e-08	5.47e-04	5.96e-02	9.40e-01	0.00e+00	0.00e+00	0.00e+00	1.76e-15	8.43e-19	1.67e-61
 1.51070e+22	2.48e-23	2.01e-15	3.50e-11	5.48e-08	5.76e-04	6.12e-02	9.38e-01	0.00e+00	0.00e+00	0.00e+00	2.01e-15	9.47e-19	2.41e-61
 1.53117e+22	2.92e-23	2.32e-15	3.93e-11	5.96e-08	6.08e-04	6.28e-02	9.37e-01	0.00e+00	0.00e+00	0.00e+00	2.32e-15	1.07e-18	3.54e-61
 1.55779e+22	3.60e-23	2.78e-15	4.54e-11	6.62e-08	6.52e-04	6.49e-02	9.34e-01	0.00e+00	0.00e+00	0.00e+00	2.78e-15	1.25e-18	5.75e-61
 1.58525e+22	4.48e-23	3.35e-15	5.27e-11	7.39e-08	7.00e-04	6.72e-02	9.32e-01	0.00e+00	0.00e+00	0.00e+00	3.35e-15	1.45e-18	9.51e-61
 1.60677e+22	5.27e-23	3.86e-15	5.91e-11	8.04e-08	7.39e-04	6.89e-02	9.30e-01	0.00e+00	0.00e+00	0.00e+00	3.85e-15	1.64e-18	1.39e-60
 1.62770e+22	6.15e-23	4.40e-15	6.57e-11	8.68e-08	7.78e-04	7.06e-02	9.29e-01	0.00e+00	0.00e+00	0.00e+00	4.40e-15	1.84e-18	1.99e-60
 1.65491e+22	7.52e-23	5.22e-15	7.54e-11	9.61e-08	8.31e-04	7.29e-02	9.26e-01	0.00e+00	0.00e+00	0.00e+00	5.22e-15	2.12e-18	3.16e-60
 1.68407e+22	9.32e-23	6.26e-15	8.73e-11	1.07e-07	8.91e-04	7.54e-02	9.24e-01	0.00e+00	0.00e+00	0.00e+00	6.26e-15	2.46e-18	5.16e-60
 1.70863e+22	1.11e-22	7.27e-15	9.84e-11	1.17e-07	9.44e-04	7.75e-02	9.22e-01	0.00e+00	0.00e+00	0.00e+00	7.27e-15	2.79e-18	7.72e-60
 1.73343e+22	1.32e-22	8.39e-15	1.11e-10	1.27e-07	9.98e-04	7.96e-02	9.19e-01	0.00e+00	0.00e+00	0.00e+00	8.39e-15	3.16e-18	1.14e-59
 1.76567e+22	1.64e-22	1.01e-14	1.28e-10	1.42e-07	1.07e-03	8.23e-02	9.17e-01	0.00e+00	0.00e+00	0.00e+00	1.01e-14	3.68e-18	1.87e-59
 1.79750e+22	2.04e-22	1.21e-14	1.49e-10	1.58e-07	1.15e-03	8.51e-02	9.14e-01	0.00e+00	0.00e+00	0.00e+00	1.21e-14	4.27e-18	3.09e-59
 1.82027e+22	2.40e-22	1.39e-14	1.66e-10	1.71e-07	1.21e-03	8.72e-02	9.12e-01	0.00e+00	0.00e+00	0.00e+00	1.39e-14	4.78e-18	4.41e-59
 1.84139e+22	2.73e-22	1.54e-14	1.81e-10	1.83e-07	1.26e-03	8.90e-02	9.10e-01	0.00e+00	0.00e+00	0.00e+00	1.54e-14	5.25e-18	5.93e-59
 1.86883e+22	3.25e-22	1.79e-14	2.03e-10	1.99e-07	1.34e-03	9.14e-02	9.07e-01	0.00e+00	0.00e+00	0.00e+00	1.79e-14	5.93e-18	8.80e-59
 1.90451e+22	4.05e-22	2.14e-14	2.35e-10	2.21e-07	1.43e-03	9.44e-02	9.04e-01	0.00e+00	0.00e+00	0.00e+00	2.14e-14	6.88e-18	1.44e-58
 1.94071e+22	5.12e-22	2.60e-14	2.75e-10	2.49e-07	1.54e-03	9.78e-02	9.01e-01	0.00e+00	0.00e+00	0.00e+00	2.59e-14	8.03e-18	2.42e-58
 1.96803e+22	6.11e-22	2.99e-14	3.08e-10	2.71e-07	1.63e-03	1.00e-01	8.98e-01	0.00e+00	0.00e+00	0.00e+00	2.99e-14	9.04e-18	3.55e-58
 1.99398e+22	7.10e-22	3.38e-14	3.39e-10	2.91e-07	1.71e-03	1.03e-01	8.96e-01	0.00e+00	0.00e+00	0.00e+00	3.38e-14	1.01e-17	4.95e-58
 2.02771e+22	8.63e-22	3.97e-14	3.87e-10	3.20e-07	1.82e-03	1.06e-01	8.93e-01	0.00e+00	0.00e+00	0.00e+00	3.97e-14	1.15e-17	7.68e-58
 2.06531e+22	1.08e-21	4.73e-14	4.45e-10	3.55e-07	1.94e-03	1.09e-01	8.89e-01	0.00e+00	0.00e+00	0.00e+00	4.73e-14	1.32e-17	1.24e-57
 2.09985e+22	1.32e-21	5.58e-14	5.09e-10	3.92e-07	2.07e-03	1.12e-01	8.86e-01	0.00e+00	0.00e+00	0.00e+00	5.58e-14	1.51e-17	1.93e-57
 2.13180e+22	1.59e-21	6.45e-14	5.72e-10	4.27e-07	2.19e-03	1.15e-01	8.83e-01	0.00e+00	0.00e+00	0.00e+00	6.45e-14	1.71e-17	2.87e-57
 2.16846e+22	1.94e-21	7.58e-14	6.51e-10	4.70e-07	2.33e-03	1.19e-01	8.79e-01	0.00e+00	0.00e+00	0.00e+00	7.58e-14	1.96e-17	4.45e-57
 2.21612e+22	2.52e-21	9.28e-14	7.67e-10	5.30e-07	2.52e-03	1.23e-01	8.74e-01	0.00e+00	0.00e+00	0.00e+00	9.28e-14	2.31e-17	7.73e-57
 2.26272e+22	3.26e-21	1.14e-13	9.09e-10	6.01e-07	2.73e-03	1.28e-01	8.70e-01	0.00e+00	0.00e+00	0.00e+00	1.14e-13	2.72e-17	1.36e-56
 2.29609e+22	3.96e-21	1.32e-13	1.02e-09	6.55e-07	2.89e-03	1.31e-01	8.66e-01	0.00e+00	0.00e+00	0.00e+00	1.32e-13	3.08e-17	2.01e-56
 2.32759e+22	4.64e-21	1.50e-13	1.13e-09	7.05e-07	3.03e-03	1.34e-01	8.63e-01	0.00e+00	0.00e+00	0.00e+00	1.50e-13	3.43e-17	2.82e-56
 2.36855e+22	5.65e-21	1.77e-13	1.29e-09	7.79e-07	3.23e-03	1.38e-01	8.59e-01	0.00e+00	0.00e+00	0.00e+00	1.77e-13	3.93e-17	4.41e-56
 2.42179e+22	7.49e-21	2.19e-13	1.53e-09	8.83e-07	3.50e-03	1.43e-01	8.53e-01	0.00e+00	0.00e+00	0.00e+00	2.18e-13	4.68e-17	7.79e-56
 2.47695e+22	1.00e-20	2.73e-13	1.83e-09	1.01e-06	3.81e-03	1.49e-01	8.47e-01	0.00e+00	0.00e+00	0.00e+00	2.73e-13	5.57e-17	1.41e-55
 2.52121e+22	1.26e-20	3.24e-13	2.11e-09	1.12e-06	4.07e-03	1.53e-01	8.43e-01	0.00e+00	0.00e+00	0.00e+00	3.24e-13	6.42e-17	2.25e-55
 2.56532e+22	1.54e-20	3.81e-13	2.40e-09	1.23e-06	4.33e-03	1.58e-01	8.38e-01	0.00e+00	0.00e+00	0.00e+00	3.81e-13	7.37e-17	3.47e-55
 2.62267e+22	2.05e-20	4.72e-13	2.86e-09	1.40e-06	4.70e-03	1.64e-01	8.32e-01	0.00e+00	0.00e+00	0.00e+00	4.72e-13	8.80e-17	6.14e-55
 2.67867e+22	2.70e-20	5.84e-13	3.40e-09	1.59e-06	5.10e-03	1.70e-01	8.25e-01	0.00e+00	0.00e+00	0.00e+00	5.84e-13	1.04e-16	1.08e-54
 2.71897e+22	3.25e-20	6.75e-13	3.82e-09	1.73e-06	5.39e-03	1.74e-01	8.21e-01	0.00e+00	0.00e+00	0.00e+00	6.75e-13	1.17e-16	1.58e-54
 2.75742e+22	3.90e-20	7.73e-13	4.26e-09	1.88e-06	5.68e-03	1.78e-01	8.16e-01	0.00e+00	0.00e+00	0.00e+00	7.73e-13	1.32e-16	2.27e-54
 2.80740e+22	4.90e-20	9.18e-13	4.90e-09	2.08e-06	6.07e-03	1.83e-01	8.11e-01	0.00e+00	0.00e+00	0.00e+00	9.18e-13	1.52e-16	3.58e-54
 2.86300e+22	6.33e-20	1.12e-12	5.77e-09	2.34e-06	6.54e-03	1.90e-01	8.04e-01	0.00e+00	0.00e+00	0.00e+00	1.12e-12	1.79e-16	6.00e-54
 2.91331e+22	7.94e-20	1.33e-12	6.65e-09	2.60e-06	6.99e-03	1.95e-01	7.98e-01	0.00e+00	0.00e+00	0.00e+00	1.33e-12	2.06e-16	9.47e-54
 2.95887e+22	9.67e-20	1.56e-12	7.53e-09	2.85e-06	7.42e-03	2.00e-01	7.92e-01	0.00e+00	0.00e+00	0.00e+00	1.56e-12	2.34e-16	1.41e-53
 3.01085e+22	1.22e-19	1.84e-12	8.64e-09	3.16e-06	7.91e-03	2.06e-01	7.86e-01	0.00e+00	0.00e+00	0.00e+00	1.84e-12	2.70e-16	2.19e-53
 3.07843e+22	1.62e-19	2.29e-12	1.03e-08	3.60e-06	8.59e-03	2.14e-01	7.78e-01	0.00e+00	0.00e+00	0.00e+00	2.29e-12	3.23e-16	3.84e-53
 3.14769e+22	2.18e-19	2.88e-12	1.25e-08	4.14e-06	9.38e-03	2.22e-01	7.69e-01	0.00e+00	0.00e+00	0.00e+00	2.88e-12	3.88e-16	6.89e-53
 3.20199e+22	2.72e-19	3.42e-12	1.44e-08	4.59e-06	1.00e-02	2.28e-01	7.62e-01	0.00e+00	0.00e+00	0.00e+00	3.42e-12	4.48e-16	1.07e-52
 3.25540e+22	3.36e-19	4.02e-12	1.64e-08	5.06e-06	1.06e-02	2.34e-01	7.55e-01	0.00e+00	0.00e+00	0.00e+00	4.02e-12	5.15e-16	1.61e-52
 3.32484e+22	4.44e-19	4.95e-12	1.94e-08	5.74e-06	1.15e-02	2.42e-01	7.46e-01	0.00e+00	0.00e+00	0.00e+00	4.95e-12	6.12e-16	2.74e-52
 3.39943e+22	6.00e-19	6.21e-12	2.35e-08	6.60e-06	1.26e-02	2.51e-01	7.36e-01	0.00e+00	0.00e+00	0.00e+00	6.21e-12	7.34e-16	4.83e-52
 3.46330e+22	7.68e-19	7.51e-12	2.74e-08	7.41e-06	1.35e-02	2.59e-01	7.28e-01	0.00e+00	0.00e+00	0.00e+00	7.51e-12	8.58e-16	7.76e-52
 3.52894e+22	9.73e-19	9.02e-12	3.19e-08	8.28e-06	1.45e-02	2.66e-01	7.19e-01	0.00e+00	0.00e+00	0.00e+00	9.01e-12	1.00e-15	1.22e-51
 3.61426e+22	1.32e-18	1.14e-11	3.88e-08	9.57e-06	1.59e-02	2.76e-01	7.08e-01	0.00e+00	0.00e+00	0.00e+00	1.14e-11	1.22e-15	2.18e-51
 3.69631e+22	1.79e-18	1.44e-11	4.72e-08	1.11e-05	1.73e-02	2.87e-01	6.96e-01	0.00e+00	0.00e+00	0.00e+00	1.44e-11	1.47e-15	3.86e-51
 3.75336e+22	2.17e-18	1.68e-11	5.37e-08	1.22e-05	1.84e-02	2.93e-01	6.88e-01	0.00e+00	0.00e+00	0.00e+00	1.68e-11	1.67e-15	5.61e-51
 3.80680e+22	2.59e-18	1.93e-11	6.01e-08	1.32e-05	1.94e-02	2.99e-01	6.81e-01	0.00e+00	0.00e+00	0.00e+00	1.93e-11	1.88e-15	7.80e-51
 3.87628e+22	3.28e-18	2.30e-11	6.97e-08	1.48e-05	2.07e-02	3.08e-01	6.72e-01	0.00e+00	0.00e+00	0.00e+00	2.30e-11	2.18e-15	1.20e-50
 3.96659e+22	4.37e-18	2.87e-11	8.40e-08	1.70e-05	2.26e-02	3.18e-01	6.60e-01	0.00e+00	0.00e+00	0.00e+00	2.87e-11	2.61e-15	2.03e-50
 4.05919e+22	5.90e-18	3.62e-11	1.02e-07	1.97e-05	2.47e-02	3.29e-01	6.46e-01	0.00e+00	0.00e+00	0.00e+00	3.62e-11	3.14e-15	3.52e-50
 4.13181e+22	7.41e-18	4.32e-11	1.19e-07	2.20e-05	2.64e-02	3.37e-01	6.36e-01	0.00e+00	0.00e+00	0.00e+00	4.32e-11	3.63e-15	5.33e-50
 4.20328e+22	9.08e-18	5.06e-11	1.36e-07	2.43e-05	2.81e-02	3.45e-01	6.27e-01	0.00e+00	0.00e+00	0.00e+00	5.06e-11	4.16e-15	7.75e-50
 4.29619e+22	1.18e-17	6.21e-11	1.61e-07	2.77e-05	3.04e-02	3.55e-01	6.14e-01	0.00e+00	0.00e+00	0.00e+00	6.21e-11	4.92e-15	1.25e-49
 4.39628e+22	1.57e-17	7.75e-11	1.95e-07	3.19e-05	3.31e-02	3.67e-01	6.00e-01	0.00e+00	0.00e+00	0.00e+00	7.74e-11	5.86e-15	2.08e-49
 4.48183e+22	2.00e-17	9.32e-11	2.29e-07	3.60e-05	3.55e-02	3.76e-01	5.88e-01	0.00e+00	0.00e+00	0.00e+00	9.32e-11	6.82e-15	3.17e-49
 4.55727e+22	2.44e-17	1.09e-10	2.60e-07	3.97e-05	3.77e-02	3.84e-01	5.78e-01	0.00e+00	0.00e+00	0.00e+00	1.09e-10	7.75e-15	4.52e-49
 4.64345e+22	3.01e-17	1.28e-10	2.99e-07	4.41e-05	4.01e-02	3.92e-01	5.68e-01	0.00e+00	0.00e+00	0.00e+00	1.28e-10	8.86e-15	6.60e-49
 4.75548e+22	3.94e-17	1.57e-10	3.58e-07	5.05e-05	4.35e-02	4.03e-01	5.53e-01	0.00e+00	0.00e+00	0.00e+00	1.57e-10	1.05e-14	1.06e-48
 4.87326e+22	5.23e-17	1.96e-10	4.34e-07	5.83e-05	4.73e-02	4.15e-01	5.38e-01	5.22e-17	3.78e-20	8.98e-21	1.96e-10	1.24e-14	1.75e-48
 4.96956e+22	6.55e-17	2.34e-10	5.05e-07	6.54e-05	5.06e-02	4.24e-01	5.26e-01	6.54e-17	1.41e-19	2.45e-20	2.34e-10	1.43e-14	2.60e-48
 5.06583e+22	8.02e-17	2.73e-10	5.78e-07	7.24e-05	5.38e-02	4.32e-01	5.14e-01	8.00e-17	1.70e-19	2.95e-20	2.73e-10	1.63e-14	3.72e-48
 5.19098e+22	1.04e-16	3.33e-10	6.88e-07	8.26e-05	5.81e-02	4.42e-01	5.00e-01	1.04e-16	2.13e-19	3.71e-20	3.33e-10	1.91e-14	5.84e-48
 5.32410e+22	1.37e-16	4.12e-10	8.28e-07	9.52e-05	6.30e-02	4.53e-01	4.84e-01	1.36e-16	2.69e-19	4.72e-20	4.12e-10	2.25e-14	9.41e-48
 5.43199e+22	1.70e-16	4.88e-10	9.60e-07	1.06e-04	6.72e-02	4.62e-01	4.71e-01	1.70e-16	3.25e-19	5.74e-20	4.87e-10	2.57e-14	1.37e-47
 5.51537e+22	1.98e-16	5.50e-10	1.07e-06	1.15e-04	7.04e-02	4.68e-01	4.62e-01	1.98e-16	3.73e-19	6.58e-20	5.50e-10	2.83e-14	1.81e-47
 5.60249e+22	2.32e-16	6.20e-10	1.19e-06	1.25e-04	7.37e-02	4.74e-01	4.52e-01	2.32e-16	4.30e-19	7.62e-20	6.20e-10	3.13e-14	2.37e-47
 5.71575e+22	2.82e-16	7.20e-10	1.35e-06	1.38e-04	7.80e-02	4.81e-01	4.41e-01	2.82e-16	5.09e-19	9.05e-20	7.20e-10	3.51e-14	3.34e-47
 5.84072e+22	3.50e-16	8.50e-10	1.56e-06	1.54e-04	8.31e-02	4.89e-01	4.28e-01	3.50e-16	6.12e-19	1.09e-19	8.50e-10	3.98e-14	4.85e-47
 5.95174e+22	4.24e-16	9.81e-10	1.78e-06	1.70e-04	8.77e-02	4.96e-01	4.17e-01	4.23e-16	7.22e-19	1.29e-19	9.81e-10	4.44e-14	6.72e-47
 6.05067e+22	4.94e-16	1.11e-09	1.97e-06	1.84e-04	9.18e-02	5.01e-01	4.07e-01	4.93e-16	8.26e-19	1.48e-19	1.11e-09	4.89e-14	8.85e-47
 6.16308e+22	5.87e-16	1.26e-09	2.21e-06	2.01e-04	9.64e-02	5.07e-01	3.97e-01	5.85e-16	9.60e-19	1.73e-19	1.26e-09	5.41e-14	1.19e-46
 6.30922e+22	7.24e-16	1.48e-09	2.55e-06	2.24e-04	1.02e-01	5.14e-01	3.84e-01	7.22e-16	1.15e-18	2.08e-19	1.48e-09	6.12e-14	1.72e-46
 6.46419e+22	9.06e-16	1.76e-09	2.98e-06	2.52e-04	1.09e-01	5.21e-01	3.70e-01	9.05e-16	1.39e-18	2.53e-19	1.76e-09	6.94e-14	2.55e-46
 6.59405e+22	1.09e-15	2.02e-09	3.38e-06	2.77e-04	1.15e-01	5.26e-01	3.59e-01	1.09e-15	1.63e-18	2.98e-19	2.02e-09	7.72e-14	3.51e-46
 6.72628e+22	1.29e-15	2.29e-09	3.77e-06	3.02e-04	1.21e-01	5.31e-01	3.48e-01	1.29e-15	1.89e-18	3.46e-19	2.29e-09	8.54e-14	4.75e-46
 6.89816e+22	1.59e-15	2.69e-09	4.35e-06	3.36e-04	1.28e-01	5.36e-01	3.36e-01	1.59e-15	2.26e-18	4.15e-19	2.69e-09	9.63e-14	6.88e-46
 7.08272e+22	1.99e-15	3.20e-09	5.08e-06	3.79e-04	1.36e-01	5.42e-01	3.22e-01	1.99e-15	2.73e-18	5.06e-19	3.20e-09	1.09e-13	1.03e-45
 7.23791e+22	2.40e-15	3.69e-09	5.78e-06	4.18e-04	1.44e-01	5.46e-01	3.10e-01	2.40e-15	3.21e-18	5.96e-19	3.69e-09	1.21e-13	1.43e-45
 7.37232e+22	2.79e-15	4.14e-09	6.38e-06	4.50e-04	1.49e-01	5.49e-01	3.01e-01	2.79e-15	3.65e-18	6.80e-19	4.14e-09	1.32e-13	1.88e-45
 7.52554e+22	3.28e-15	4.67e-09	7.10e-06	4.89e-04	1.56e-01	5.52e-01	2.92e-01	3.27e-15	4.19e-18	7.82e-19	4.67e-09	1.45e-13	2.51e-45
 7.72472e+22	3.99e-15	5.42e-09	8.12e-06	5.41e-04	1.64e-01	5.55e-01	2.80e-01	3.99e-15	4.95e-18	9.28e-19	5.42e-09	1.61e-13	3.59e-45
 7.94324e+22	4.97e-15	6.40e-09	9.43e-06	6.07e-04	1.74e-01	5.58e-01	2.67e-01	4.96e-15	5.93e-18	1.12e-18	6.40e-09	1.81e-13	5.32e-45
 8.13336e+22	5.99e-15	7.37e-09	1.07e-05	6.69e-04	1.83e-01	5.60e-01	2.56e-01	5.98e-15	6.95e-18	1.32e-18	7.37e-09	2.00e-13	7.47e-45
 8.29943e+22	6.95e-15	8.24e-09	1.18e-05	7.21e-04	1.90e-01	5.61e-01	2.48e-01	6.94e-15	7.88e-18	1.50e-18	8.24e-09	2.18e-13	9.84e-45
 8.48778e+22	8.14e-15	9.28e-09	1.32e-05	7.82e-04	1.98e-01	5.62e-01	2.38e-01	8.13e-15	9.02e-18	1.72e-18	9.28e-09	2.38e-13	1.31e-44
 8.73264e+22	9.88e-15	1.07e-08	1.50e-05	8.63e-04	2.08e-01	5.63e-01	2.28e-01	9.87e-15	1.06e-17	2.02e-18	1.07e-08	2.63e-13	1.88e-44
 9.00534e+22	1.23e-14	1.26e-08	1.74e-05	9.67e-04	2.21e-01	5.63e-01	2.15e-01	1.22e-14	1.26e-17	2.43e-18	1.26e-08	2.93e-13	2.80e-44
 9.24815e+22	1.48e-14	1.46e-08	1.98e-05	1.07e-03	2.31e-01	5.63e-01	2.05e-01	1.48e-14	1.48e-17	2.85e-18	1.46e-08	3.23e-13	4.00e-44
 9.43953e+22	1.71e-14	1.62e-08	2.18e-05	1.15e-03	2.40e-01	5.62e-01	1.97e-01	1.71e-14	1.67e-17	3.23e-18	1.62e-08	3.49e-13	5.24e-44
 9.63013e+22	1.93e-14	1.78e-08	2.37e-05	1.22e-03	2.47e-01	5.61e-01	1.91e-01	1.93e-14	1.85e-17	3.59e-18	1.78e-08	3.73e-13	6.66e-44
 9.87790e+22	2.26e-14	2.00e-08	2.63e-05	1.32e-03	2.57e-01	5.59e-01	1.83e-01	2.26e-14	2.09e-17	4.08e-18	2.00e-08	4.03e-13	8.92e-44
 1.01553e+23	2.69e-14	2.28e-08	2.96e-05	1.45e-03	2.68e-01	5.57e-01	1.74e-01	2.69e-14	2.41e-17	4.71e-18	2.28e-08	4.38e-13	1.25e-43
 1.04074e+23	3.14e-14	2.56e-08	3.30e-05	1.57e-03	2.78e-01	5.54e-01	1.66e-01	3.14e-14	2.73e-17	5.37e-18	2.56e-08	4.73e-13	1.69e-43
 1.06320e+23	3.57e-14	2.81e-08	3.59e-05	1.68e-03	2.87e-01	5.52e-01	1.60e-01	3.56e-14	3.03e-17	5.96e-18	2.81e-08	5.05e-13	2.16e-43
 1.08848e+23	4.07e-14	3.11e-08	3.93e-05	1.79e-03	2.96e-01	5.49e-01	1.53e-01	4.07e-14	3.37e-17	6.65e-18	3.11e-08	5.40e-13	2.80e-43
 1.12134e+23	4.78e-14	3.50e-08	4.37e-05	1.95e-03	3.07e-01	5.45e-01	1.46e-01	4.77e-14	3.81e-17	7.55e-18	3.50e-08	5.80e-13	3.83e-43
 1.15831e+23	5.73e-14	4.00e-08	4.95e-05	2.14e-03	3.20e-01	5.41e-01	1.37e-01	5.72e-14	4.38e-17	8.73e-18	4.00e-08	6.28e-13	5.48e-43
 1.19166e+23	6.73e-14	4.52e-08	5.53e-05	2.33e-03	3.32e-01	5.36e-01	1.30e-01	6.72e-14	4.98e-17	9.95e-18	4.52e-08	6.78e-13	7.60e-43
 1.22035e+23	7.63e-14	4.96e-08	6.03e-05	2.48e-03	3.41e-01	5.32e-01	1.24e-01	7.62e-14	5.50e-17	1.10e-17	4.96e-08	7.20e-13	9.78e-43
 1.25196e+23	8.63e-14	5.44e-08	6.55e-05	2.64e-03	3.51e-01	5.27e-01	1.19e-01	8.62e-14	6.04e-17	1.21e-17	5.44e-08	7.63e-13	1.26e-42
 1.29305e+23	1.00e-13	6.07e-08	7.23e-05	2.85e-03	3.62e-01	5.22e-01	1.13e-01	1.00e-13	6.74e-17	1.36e-17	6.07e-08	8.10e-13	1.71e-42
 1.34321e+23	1.19e-13	6.90e-08	8.13e-05	3.11e-03	3.76e-01	5.15e-01	1.06e-01	1.19e-13	7.63e-17	1.54e-17	6.90e-08	8.67e-13	2.45e-42
 1.39343e+23	1.42e-13	7.88e-08	9.19e-05	3.42e-03	3.90e-01	5.07e-01	9.92e-02	1.42e-13	8.69e-17	1.77e-17	7.88e-08	9.30e-13	3.57e-42
 1.43530e+23	1.64e-13	8.77e-08	1.01e-04	3.68e-03	4.02e-01	5.00e-01	9.38e-02	1.64e-13	9.71e-17	1.98e-17	8.77e-08	9.90e-13	4.84e-42
 1.47808e+23	1.84e-13	9.53e-08	1.09e-04	3.88e-03	4.11e-01	4.95e-01	8.99e-02	1.84e-13	1.05e-16	2.14e-17	9.53e-08	1.04e-12	6.20e-42
 1.53292e+23	2.11e-13	1.05e-07	1.19e-04	4.16e-03	4.22e-01	4.88e-01	8.52e-02	2.11e-13	1.15e-16	2.35e-17	1.05e-07	1.08e-12	8.31e-42
 1.59547e+23	2.46e-13	1.18e-07	1.33e-04	4.50e-03	4.35e-01	4.80e-01	7.99e-02	2.46e-13	1.27e-16	2.60e-17	1.18e-07	1.13e-12	1.16e-41
 1.65810e+23	2.85e-13	1.32e-07	1.46e-04	4.85e-03	4.48e-01	4.72e-01	7.51e-02	2.85e-13	1.40e-16	2.87e-17	1.32e-07	1.19e-12	1.61e-41
 1.72322e+23	3.25e-13	1.45e-07	1.59e-04	5.17e-03	4.59e-01	4.65e-01	7.12e-02	3.25e-13	1.51e-16	3.12e-17	1.45e-07	1.24e-12	2.15e-41
 1.79338e+23	3.71e-13	1.59e-07	1.74e-04	5.52e-03	4.70e-01	4.57e-01	6.72e-02	3.71e-13	1.63e-16	3.37e-17	1.59e-07	1.28e-12	2.89e-41
 1.86635e+23	4.19e-13	1.74e-07	1.89e-04	5.87e-03	4.80e-01	4.50e-01	6.37e-02	4.18e-13	1.74e-16	3.61e-17	1.74e-07	1.31e-12	3.81e-41
 1.94224e+23	4.69e-13	1.90e-07	2.03e-04	6.20e-03	4.90e-01	4.43e-01	6.06e-02	4.69e-13	1.84e-16	3.83e-17	1.90e-07	1.34e-12	4.95e-41
 2.02117e+23	5.24e-13	2.05e-07	2.18e-04	6.53e-03	4.99e-01	4.37e-01	5.78e-02	5.24e-13	1.94e-16	4.04e-17	2.05e-07	1.35e-12	6.35e-41
 2.10325e+23	5.79e-13	2.21e-07	2.33e-04	6.85e-03	5.07e-01	4.31e-01	5.53e-02	5.79e-13	2.02e-16	4.22e-17	2.21e-07	1.36e-12	8.00e-41
 2.18861e+23	6.33e-13	2.36e-07	2.47e-04	7.17e-03	5.15e-01	4.25e-01	5.30e-02	6.32e-13	2.08e-16	4.34e-17	2.36e-07	1.36e-12	9.84e-41
 2.27326e+23	6.89e-13	2.51e-07	2.61e-04	7.46e-03	5.22e-01	4.20e-01	5.10e-02	6.89e-13	2.13e-16	4.46e-17	2.51e-07	1.36e-12	1.20e-40
 2.35142e+23	7.42e-13	2.65e-07	2.74e-04	7.72e-03	5.28e-01	4.15e-01	4.93e-02	7.42e-13	2.18e-16	4.57e-17	2.65e-07	1.35e-12	1.43e-40
 2.42176e+23	7.85e-13	2.76e-07	2.84e-04	7.95e-03	5.33e-01	4.11e-01	4.79e-02	7.84e-13	2.20e-16	4.61e-17	2.76e-07	1.34e-12	1.63e-40
 2.48507e+23	8.28e-13	2.86e-07	2.94e-04	8.13e-03	5.37e-01	4.08e-01	4.69e-02	8.28e-13	2.23e-16	4.68e-17	2.86e-07	1.33e-12	1.85e-40
 2.54204e+23	8.59e-13	2.94e-07	3.01e-04	8.28e-03	5.40e-01	4.05e-01	4.60e-02	8.58e-13	2.22e-16	4.67e-17	2.94e-07	1.32e-12	2.01e-40
 2.59332e+23	8.86e-13	3.01e-07	3.07e-04	8.41e-03	5.43e-01	4.03e-01	4.53e-02	8.86e-13	2.22e-16	4.67e-17	3.01e-07	1.30e-12	2.17e-40
 2.63947e+23	9.12e-13	3.07e-07	3.12e-04	8.52e-03	5.45e-01	4.01e-01	4.47e-02	9.12e-13	2.22e-16	4.67e-17	3.07e-07	1.29e-12	2.32e-40
 2.68100e+23	9.31e-13	3.11e-07	3.17e-04	8.60e-03	5.47e-01	4.00e-01	4.43e-02	9.30e-13	2.20e-16	4.64e-17	3.11e-07	1.27e-12	2.43e-40
 2.71838e+23	2.82e-12	3.15e-07	3.20e-04	8.67e-03	5.48e-01	3.99e-01	4.39e-02	2.82e-12	6.53e-16	1.37e-16	3.15e-07	1.25e-12	4.36e-40
 2.75203e+23	2.85e-12	3.17e-07	3.22e-04	8.71e-03	5.49e-01	3.98e-01	4.37e-02	2.85e-12	6.45e-16	1.36e-16	3.17e-07	1.23e-12	4.48e-40
 2.78324e+23	2.86e-12	3.19e-07	3.23e-04	8.75e-03	5.50e-01	3.98e-01	4.35e-02	2.86e-12	6.35e-16	1.34e-16	3.19e-07	1.21e-12	4.56e-40
 2.81379e+23	2.88e-12	3.21e-07	3.25e-04	8.78e-03	5.50e-01	3.97e-01	4.34e-02	2.88e-12	6.27e-16	1.32e-16	3.21e-07	1.20e-12	4.64e-40
 2.84433e+23	2.91e-12	3.23e-07	3.27e-04	8.82e-03	5.51e-01	3.96e-01	4.31e-02	2.91e-12	6.21e-16	1.31e-16	3.23e-07	1.18e-12	4.74e-40
 2.87488e+23	2.93e-12	3.25e-07	3.28e-04	8.84e-03	5.52e-01	3.96e-01	4.30e-02	2.93e-12	6.12e-16	1.29e-16	3.25e-07	1.16e-12	4.81e-40
 2.90543e+23	2.94e-12	3.26e-07	3.29e-04	8.87e-03	5.52e-01	3.96e-01	4.29e-02	2.94e-12	6.03e-16	1.27e-16	3.26e-07	1.14e-12	4.86e-40
 2.93598e+23	2.96e-12	3.27e-07	3.30e-04	8.88e-03	5.52e-01	3.96e-01	4.29e-02	2.96e-12	5.94e-16	1.25e-16	3.27e-07	1.12e-12	4.91e-40
 2.96653e+23	2.96e-12	3.27e-07	3.30e-04	8.89e-03	5.53e-01	3.95e-01	4.28e-02	2.96e-12	5.82e-16	1.23e-16	3.27e-07	1.10e-12	4.92e-40
 2.99707e+23	2.96e-12	3.27e-07	3.31e-04	8.90e-03	5.53e-01	3.95e-01	4.28e-02	2.96e-12	5.72e-16	1.20e-16	3.27e-07	1.08e-12	4.94e-40
 3.02762e+23	2.97e-12	3.28e-07	3.31e-04	8.91e-03	5.53e-01	3.95e-01	4.27e-02	2.97e-12	5.62e-16	1.18e-16	3.28e-07	1.06e-12	4.97e-40
 3.04886e+23	3.06e-12	3.34e-07	3.37e-04	9.03e-03	5.55e-01	3.93e-01	4.22e-02	3.06e-12	5.73e-16	1.21e-16	3.34e-07	1.07e-12	5.28e-40
