#depth	Si	Si+	Si+2	Si+3	Si+4	Si+5	Si+6	Si+7	Si+8	Si+9	Si+10	Si+11	Si+12	Si+13	Si+14
 6.17135e+19	0.00e+00	0.00e+00	0.00e+00	0.00e+00	1.04e-27	3.96e-23	4.12e-19	1.25e-15	1.39e-12	6.64e-10	1.79e-07	3.41e-05	1.31e-02	1.92e-01	7.95e-01
 1.87609e+20	0.00e+00	0.00e+00	0.00e+00	0.00e+00	3.02e-27	1.03e-22	9.65e-19	2.64e-15	2.67e-12	1.15e-09	2.74e-07	4.66e-05	1.59e-02	2.09e-01	7.75e-01
 2.93222e+20	0.00e+00	0.00e+00	0.00e+00	0.00e+00	7.04e-27	2.21e-22	1.90e-18	4.79e-15	4.47e-12	1.77e-09	3.84e-07	5.97e-05	1.86e-02	2.23e-01	7.58e-01
 3.69049e+20	0.00e+00	0.00e+00	0.00e+00	0.00e+00	1.25e-26	3.71e-22	3.01e-18	7.19e-15	6.35e-12	2.37e-09	4.83e-07	7.06e-05	2.07e-02	2.34e-01	7.46e-01
 4.22245e+20	0.00e+00	0.00e+00	0.00e+00	0.00e+00	1.89e-26	5.37e-22	4.19e-18	9.61e-15	8.18e-12	2.94e-09	5.70e-07	7.97e-05	2.23e-02	2.41e-01	7.37e-01
 4.56301e+20	0.00e+00	0.00e+00	0.00e+00	0.00e+00	2.40e-26	6.65e-22	5.06e-18	1.14e-14	9.45e-12	3.31e-09	6.26e-07	8.54e-05	2.33e-02	2.45e-01	7.31e-01
 4.91390e+20	0.00e+00	0.00e+00	0.00e+00	0.00e+00	3.09e-26	8.36e-22	6.20e-18	1.36e-14	1.10e-11	3.77e-09	6.93e-07	9.19e-05	2.44e-02	2.50e-01	7.26e-01
 5.37005e+20	0.00e+00	0.00e+00	0.00e+00	0.00e+00	4.28e-26	1.12e-21	8.05e-18	1.71e-14	1.35e-11	4.46e-09	7.89e-07	1.01e-04	2.58e-02	2.56e-01	7.18e-01
 5.88555e+20	0.00e+00	0.00e+00	0.00e+00	0.00e+00	6.16e-26	1.56e-21	1.08e-17	2.21e-14	1.69e-11	5.38e-09	9.13e-07	1.12e-04	2.76e-02	2.63e-01	7.09e-01
 6.37210e+20	0.00e+00	0.00e+00	0.00e+00	0.00e+00	8.64e-26	2.11e-21	1.42e-17	2.81e-14	2.07e-11	6.40e-09	1.04e-06	1.24e-04	2.93e-02	2.69e-01	7.01e-01
 6.82485e+20	0.00e+00	0.00e+00	0.00e+00	0.00e+00	1.17e-25	2.78e-21	1.81e-17	3.49e-14	2.50e-11	7.50e-09	1.18e-06	1.36e-04	3.10e-02	2.75e-01	6.94e-01
 7.33977e+20	0.00e+00	0.00e+00	0.00e+00	0.00e+00	1.65e-25	3.79e-21	2.38e-17	4.44e-14	3.09e-11	8.94e-09	1.35e-06	1.50e-04	3.29e-02	2.82e-01	6.85e-01
 7.91811e+20	0.00e+00	0.00e+00	0.00e+00	1.36e-30	2.42e-25	5.34e-21	3.24e-17	5.81e-14	3.90e-11	1.09e-08	1.58e-06	1.67e-04	3.52e-02	2.90e-01	6.75e-01
 8.45977e+20	0.00e+00	0.00e+00	0.00e+00	2.01e-30	3.45e-25	7.35e-21	4.31e-17	7.47e-14	4.86e-11	1.31e-08	1.82e-06	1.85e-04	3.75e-02	2.97e-01	6.66e-01
 8.96087e+20	0.00e+00	0.00e+00	0.00e+00	2.82e-30	4.70e-25	9.72e-21	5.52e-17	9.30e-14	5.87e-11	1.53e-08	2.05e-06	2.02e-04	3.96e-02	3.03e-01	6.57e-01
 9.52838e+20	0.00e+00	0.00e+00	0.00e+00	4.12e-30	6.67e-25	1.33e-20	7.31e-17	1.19e-13	7.27e-11	1.83e-08	2.36e-06	2.24e-04	4.21e-02	3.10e-01	6.48e-01
 1.01410e+21	0.00e+00	0.00e+00	0.00e+00	6.21e-30	9.69e-25	1.87e-20	9.88e-17	1.55e-13	9.16e-11	2.22e-08	2.74e-06	2.49e-04	4.50e-02	3.18e-01	6.37e-01
 1.06802e+21	0.00e+00	0.00e+00	0.00e+00	8.82e-30	1.34e-24	2.50e-20	1.28e-16	1.95e-13	1.12e-10	2.62e-08	3.11e-06	2.73e-04	4.75e-02	3.24e-01	6.28e-01
 1.12490e+21	0.00e+00	0.00e+00	0.00e+00	1.26e-29	1.86e-24	3.36e-20	1.67e-16	2.46e-13	1.36e-10	3.10e-08	3.55e-06	3.00e-04	5.03e-02	3.31e-01	6.19e-01
 1.19885e+21	0.00e+00	0.00e+00	0.00e+00	2.00e-29	2.83e-24	4.91e-20	2.34e-16	3.31e-13	1.77e-10	3.85e-08	4.19e-06	3.38e-04	5.41e-02	3.39e-01	6.06e-01
 1.27290e+21	0.00e+00	0.00e+00	0.00e+00	3.16e-29	4.30e-24	7.17e-20	3.28e-16	4.46e-13	2.29e-10	4.78e-08	4.95e-06	3.81e-04	5.80e-02	3.48e-01	5.94e-01
 1.33061e+21	0.00e+00	0.00e+00	0.00e+00	4.46e-29	5.90e-24	9.53e-20	4.22e-16	5.58e-13	2.78e-10	5.61e-08	5.61e-06	4.16e-04	6.12e-02	3.54e-01	5.84e-01
 1.38914e+21	0.00e+00	0.00e+00	0.00e+00	6.26e-29	8.05e-24	1.26e-19	5.42e-16	6.95e-13	3.36e-10	6.58e-08	6.34e-06	4.54e-04	6.45e-02	3.61e-01	5.74e-01
 1.46523e+21	0.00e+00	0.00e+00	0.00e+00	9.68e-29	1.20e-23	1.81e-19	7.48e-16	9.22e-13	4.29e-10	8.07e-08	7.42e-06	5.08e-04	6.89e-02	3.69e-01	5.62e-01
 1.54101e+21	0.00e+00	0.00e+00	0.00e+00	1.01e-28	1.78e-23	2.59e-19	1.03e-15	1.22e-12	5.48e-10	9.89e-08	8.67e-06	5.67e-04	7.36e-02	3.76e-01	5.49e-01
 1.59923e+21	0.00e+00	0.00e+00	0.00e+00	1.39e-28	2.39e-23	3.37e-19	1.30e-15	1.50e-12	6.56e-10	1.15e-07	9.73e-06	6.15e-04	7.72e-02	3.82e-01	5.40e-01
 1.65779e+21	0.00e+00	0.00e+00	0.00e+00	1.90e-28	3.19e-23	4.38e-19	1.65e-15	1.84e-12	7.83e-10	1.33e-07	1.09e-05	6.66e-04	8.09e-02	3.88e-01	5.31e-01
 1.73391e+21	0.00e+00	0.00e+00	0.00e+00	2.84e-28	4.61e-23	6.10e-19	2.21e-15	2.39e-12	9.81e-10	1.61e-07	1.26e-05	7.38e-04	8.58e-02	3.95e-01	5.19e-01
 1.81465e+21	0.00e+00	0.00e+00	0.00e+00	4.35e-28	6.80e-23	8.67e-19	3.03e-15	3.15e-12	1.25e-09	1.96e-07	1.47e-05	8.21e-04	9.13e-02	4.02e-01	5.06e-01
 1.88385e+21	0.00e+00	0.00e+00	0.00e+00	6.19e-28	9.40e-23	1.16e-18	3.93e-15	3.96e-12	1.52e-09	2.31e-07	1.66e-05	8.97e-04	9.61e-02	4.08e-01	4.95e-01
 1.95627e+21	0.00e+00	0.00e+00	0.00e+00	8.84e-28	1.31e-22	1.56e-18	5.12e-15	5.00e-12	1.86e-09	2.73e-07	1.89e-05	9.81e-04	1.01e-01	4.14e-01	4.84e-01
 2.05042e+21	0.00e+00	0.00e+00	0.00e+00	1.40e-27	1.99e-22	2.29e-18	7.20e-15	6.74e-12	2.40e-09	3.38e-07	2.23e-05	1.10e-03	1.08e-01	4.21e-01	4.70e-01
 2.14538e+21	0.00e+00	0.00e+00	0.00e+00	2.22e-27	3.04e-22	3.36e-18	1.01e-14	9.10e-12	3.12e-09	4.19e-07	2.62e-05	1.23e-03	1.15e-01	4.28e-01	4.55e-01
 2.22029e+21	0.00e+00	0.00e+00	0.00e+00	3.15e-27	4.19e-22	4.49e-18	1.31e-14	1.14e-11	3.79e-09	4.93e-07	2.97e-05	1.34e-03	1.21e-01	4.33e-01	4.44e-01
 2.28577e+21	0.00e+00	0.00e+00	0.00e+00	4.25e-27	5.53e-22	5.77e-18	1.64e-14	1.39e-11	4.49e-09	5.67e-07	3.30e-05	1.45e-03	1.26e-01	4.38e-01	4.35e-01
 2.36011e+21	0.00e+00	0.00e+00	0.00e+00	5.93e-27	7.51e-22	7.61e-18	2.10e-14	1.73e-11	5.42e-09	6.62e-07	3.71e-05	1.57e-03	1.32e-01	4.42e-01	4.24e-01
 2.45676e+21	0.00e+00	0.00e+00	0.00e+00	9.09e-27	1.11e-21	1.09e-17	2.89e-14	2.28e-11	6.89e-09	8.08e-07	4.32e-05	1.74e-03	1.40e-01	4.48e-01	4.11e-01
 2.55556e+21	0.00e+00	0.00e+00	0.00e+00	1.41e-26	1.66e-21	1.56e-17	3.99e-14	3.03e-11	8.80e-09	9.88e-07	5.04e-05	1.93e-03	1.48e-01	4.53e-01	3.97e-01
 2.63538e+21	0.00e+00	0.00e+00	0.00e+00	1.97e-26	2.27e-21	2.07e-17	5.13e-14	3.78e-11	1.07e-08	1.16e-06	5.67e-05	2.10e-03	1.55e-01	4.57e-01	3.86e-01
 2.71735e+21	0.00e+00	0.00e+00	0.00e+00	2.77e-26	3.10e-21	2.75e-17	6.61e-14	4.71e-11	1.29e-08	1.35e-06	6.39e-05	2.27e-03	1.62e-01	4.60e-01	3.76e-01
 2.82391e+21	0.00e+00	0.00e+00	1.10e-30	4.27e-26	4.64e-21	3.95e-17	9.14e-14	6.26e-11	1.65e-08	1.66e-06	7.44e-05	2.52e-03	1.71e-01	4.64e-01	3.62e-01
 2.93407e+21	0.00e+00	0.00e+00	1.82e-30	6.69e-26	7.00e-21	5.74e-17	1.28e-13	8.38e-11	2.12e-08	2.04e-06	8.70e-05	2.80e-03	1.81e-01	4.68e-01	3.48e-01
 3.02384e+21	0.00e+00	0.00e+00	2.71e-30	9.53e-26	9.71e-21	7.71e-17	1.66e-13	1.06e-10	2.58e-08	2.40e-06	9.84e-05	3.05e-03	1.89e-01	4.71e-01	3.37e-01
 3.11551e+21	0.00e+00	0.00e+00	4.02e-30	1.35e-25	1.34e-20	1.03e-16	2.16e-13	1.33e-10	3.14e-08	2.82e-06	1.11e-04	3.31e-03	1.98e-01	4.73e-01	3.26e-01
 3.21693e+21	0.00e+00	0.00e+00	6.23e-30	1.99e-25	1.92e-20	1.43e-16	2.88e-13	1.71e-10	3.91e-08	3.37e-06	1.27e-04	3.62e-03	2.07e-01	4.75e-01	3.14e-01
 3.30942e+21	0.00e+00	0.00e+00	9.20e-30	2.81e-25	2.64e-20	1.91e-16	3.73e-13	2.15e-10	4.75e-08	3.95e-06	1.43e-04	3.92e-03	2.16e-01	4.77e-01	3.03e-01
 3.39478e+21	0.00e+00	0.00e+00	1.31e-29	3.84e-25	3.52e-20	2.48e-16	4.71e-13	2.63e-10	5.66e-08	4.57e-06	1.60e-04	4.21e-03	2.24e-01	4.78e-01	2.94e-01
 3.49252e+21	0.00e+00	0.00e+00	1.94e-29	5.44e-25	4.87e-20	3.33e-16	6.13e-13	3.31e-10	6.90e-08	5.36e-06	1.80e-04	4.56e-03	2.33e-01	4.79e-01	2.83e-01
 3.61959e+21	0.00e+00	0.00e+00	3.22e-29	8.51e-25	7.38e-20	4.85e-16	8.57e-13	4.44e-10	8.88e-08	6.59e-06	2.10e-04	5.05e-03	2.45e-01	4.79e-01	2.70e-01
 3.74709e+21	0.00e+00	0.00e+00	5.35e-29	1.33e-24	1.12e-19	7.07e-16	1.20e-12	5.96e-10	1.14e-07	8.11e-06	2.45e-04	5.58e-03	2.58e-01	4.79e-01	2.57e-01
 3.84616e+21	0.00e+00	0.00e+00	7.82e-29	1.87e-24	1.53e-19	9.39e-16	1.55e-12	7.44e-10	1.38e-07	9.47e-06	2.75e-04	6.02e-03	2.68e-01	4.79e-01	2.47e-01
 3.94597e+21	0.00e+00	0.00e+00	1.13e-28	2.59e-24	2.07e-19	1.24e-15	1.98e-12	9.25e-10	1.67e-07	1.10e-05	3.08e-04	6.48e-03	2.77e-01	4.78e-01	2.38e-01
 4.07571e+21	0.00e+00	0.00e+00	1.46e-28	3.95e-24	3.07e-19	1.77e-15	2.73e-12	1.22e-09	2.12e-07	1.34e-05	3.56e-04	7.12e-03	2.90e-01	4.76e-01	2.26e-01
 4.20151e+21	0.00e+00	0.00e+00	2.34e-28	5.97e-24	4.50e-19	2.51e-15	3.73e-12	1.61e-09	2.68e-07	1.62e-05	4.10e-04	7.79e-03	3.03e-01	4.74e-01	2.15e-01
 4.29063e+21	0.00e+00	0.00e+00	3.22e-28	7.91e-24	5.86e-19	3.19e-15	4.63e-12	1.94e-09	3.14e-07	1.85e-05	4.51e-04	8.29e-03	3.11e-01	4.73e-01	2.07e-01
 4.37494e+21	0.00e+00	0.00e+00	4.31e-28	1.02e-23	7.47e-19	3.98e-15	5.64e-12	2.30e-09	3.64e-07	2.08e-05	4.93e-04	8.77e-03	3.20e-01	4.71e-01	2.00e-01
 4.48453e+21	0.00e+00	0.00e+00	6.32e-28	1.43e-23	1.02e-18	5.31e-15	7.29e-12	2.88e-09	4.41e-07	2.43e-05	5.53e-04	9.44e-03	3.30e-01	4.68e-01	1.92e-01
 4.60498e+21	0.00e+00	0.00e+00	9.62e-28	2.07e-23	1.44e-18	7.26e-15	9.65e-12	3.68e-09	5.45e-07	2.89e-05	6.27e-04	1.02e-02	3.42e-01	4.64e-01	1.82e-01
 4.70363e+21	0.00e+00	0.00e+00	1.35e-27	2.78e-23	1.90e-18	9.36e-15	1.21e-11	4.49e-09	6.46e-07	3.31e-05	6.93e-04	1.09e-02	3.52e-01	4.61e-01	1.75e-01
 4.77887e+21	0.00e+00	0.00e+00	1.73e-27	3.46e-23	2.34e-18	1.13e-14	1.44e-11	5.21e-09	7.33e-07	3.67e-05	7.48e-04	1.14e-02	3.59e-01	4.59e-01	1.70e-01
 4.85961e+21	0.00e+00	0.00e+00	2.26e-27	4.37e-23	2.92e-18	1.38e-14	1.72e-11	6.10e-09	8.40e-07	4.09e-05	8.10e-04	1.20e-02	3.67e-01	4.56e-01	1.64e-01
 4.96458e+21	0.00e+00	0.00e+00	3.18e-27	5.89e-23	3.87e-18	1.79e-14	2.17e-11	7.46e-09	9.97e-07	4.70e-05	8.97e-04	1.28e-02	3.77e-01	4.52e-01	1.57e-01
 5.06893e+21	0.00e+00	0.00e+00	4.50e-27	7.95e-23	5.13e-18	2.32e-14	2.74e-11	9.15e-09	1.19e-06	5.42e-05	9.94e-04	1.36e-02	3.88e-01	4.48e-01	1.50e-01
 5.14656e+21	0.00e+00	0.00e+00	5.78e-27	9.89e-23	6.31e-18	2.81e-14	3.25e-11	1.06e-08	1.35e-06	6.00e-05	1.07e-03	1.43e-02	3.95e-01	4.44e-01	1.45e-01
 5.22156e+21	0.00e+00	0.00e+00	7.28e-27	1.21e-22	7.66e-18	3.35e-14	3.81e-11	1.22e-08	1.52e-06	6.60e-05	1.15e-03	1.49e-02	4.02e-01	4.41e-01	1.40e-01
 5.31906e+21	0.00e+00	0.00e+00	9.88e-27	1.58e-22	9.86e-18	4.22e-14	4.69e-11	1.46e-08	1.77e-06	7.48e-05	1.26e-03	1.58e-02	4.11e-01	4.37e-01	1.35e-01
 5.42195e+21	0.00e+00	0.00e+00	1.37e-26	2.09e-22	1.29e-17	5.40e-14	5.85e-11	1.77e-08	2.09e-06	8.55e-05	1.39e-03	1.67e-02	4.21e-01	4.32e-01	1.29e-01
 5.50765e+21	0.00e+00	0.00e+00	1.78e-26	2.63e-22	1.60e-17	6.60e-14	7.02e-11	2.08e-08	2.39e-06	9.53e-05	1.50e-03	1.75e-02	4.29e-01	4.28e-01	1.24e-01
 5.59490e+21	0.00e+00	0.00e+00	2.30e-26	3.28e-22	1.98e-17	8.02e-14	8.36e-11	2.42e-08	2.72e-06	1.06e-04	1.62e-03	1.84e-02	4.37e-01	4.24e-01	1.19e-01
 5.69274e+21	0.00e+00	0.00e+00	3.11e-26	4.26e-22	2.54e-17	1.01e-13	1.03e-10	2.91e-08	3.19e-06	1.20e-04	1.77e-03	1.94e-02	4.46e-01	4.18e-01	1.14e-01
 5.77882e+21	0.00e+00	0.00e+00	4.03e-26	5.33e-22	3.15e-17	1.23e-13	1.23e-10	3.40e-08	3.64e-06	1.33e-04	1.91e-03	2.03e-02	4.54e-01	4.14e-01	1.10e-01
 5.85142e+21	0.00e+00	0.00e+00	4.99e-26	6.41e-22	3.77e-17	1.45e-13	1.43e-10	3.87e-08	4.07e-06	1.46e-04	2.04e-03	2.11e-02	4.61e-01	4.10e-01	1.06e-01
 5.93201e+21	0.00e+00	1.06e-30	6.29e-26	7.82e-22	4.57e-17	1.74e-13	1.68e-10	4.45e-08	4.58e-06	1.61e-04	2.19e-03	2.20e-02	4.68e-01	4.06e-01	1.02e-01
 6.03678e+21	0.00e+00	1.49e-30	8.50e-26	1.01e-21	5.88e-17	2.19e-13	2.08e-10	5.35e-08	5.36e-06	1.82e-04	2.39e-03	2.32e-02	4.77e-01	4.00e-01	9.77e-02
 6.14393e+21	0.00e+00	2.13e-30	1.16e-25	1.33e-21	7.61e-17	2.79e-13	2.58e-10	6.47e-08	6.30e-06	2.07e-04	2.63e-03	2.46e-02	4.86e-01	3.94e-01	9.29e-02
 6.22866e+21	0.00e+00	2.80e-30	1.48e-25	1.63e-21	9.31e-17	3.36e-13	3.05e-10	7.50e-08	7.14e-06	2.29e-04	2.82e-03	2.56e-02	4.93e-01	3.89e-01	8.93e-02
 6.31328e+21	0.00e+00	3.65e-30	1.86e-25	1.99e-21	1.13e-16	4.03e-13	3.60e-10	8.66e-08	8.06e-06	2.52e-04	3.03e-03	2.67e-02	5.00e-01	3.84e-01	8.59e-02
 6.42329e+21	0.00e+00	5.16e-30	2.52e-25	2.58e-21	1.46e-16	5.11e-13	4.47e-10	1.04e-07	9.45e-06	2.87e-04	3.32e-03	2.82e-02	5.09e-01	3.77e-01	8.16e-02
 6.53161e+21	0.00e+00	7.33e-30	3.42e-25	3.34e-21	1.88e-16	6.49e-13	5.55e-10	1.26e-07	1.11e-05	3.26e-04	3.64e-03	2.97e-02	5.18e-01	3.71e-01	7.74e-02
 6.61114e+21	0.00e+00	9.34e-30	4.23e-25	4.00e-21	2.25e-16	7.66e-13	6.45e-10	1.44e-07	1.24e-05	3.56e-04	3.88e-03	3.09e-02	5.24e-01	3.66e-01	7.46e-02
 6.68794e+21	0.00e+00	1.18e-29	5.17e-25	4.75e-21	2.67e-16	8.99e-13	7.46e-10	1.63e-07	1.38e-05	3.88e-04	4.12e-03	3.20e-02	5.30e-01	3.61e-01	7.19e-02
 6.78778e+21	0.00e+00	1.59e-29	6.72e-25	5.94e-21	3.33e-16	1.11e-12	9.01e-10	1.92e-07	1.59e-05	4.34e-04	4.47e-03	3.35e-02	5.38e-01	3.55e-01	6.86e-02
 6.89385e+21	0.00e+00	2.20e-29	8.90e-25	7.54e-21	4.22e-16	1.38e-12	1.10e-09	2.29e-07	1.84e-05	4.89e-04	4.86e-03	3.51e-02	5.46e-01	3.49e-01	6.51e-02
 6.98340e+21	0.00e+00	2.87e-29	1.12e-24	9.18e-21	5.14e-16	1.66e-12	1.30e-09	2.66e-07	2.09e-05	5.40e-04	5.22e-03	3.66e-02	5.52e-01	3.43e-01	6.23e-02
 7.07519e+21	0.00e+00	3.74e-29	1.41e-24	1.11e-20	6.25e-16	2.00e-12	1.54e-09	3.08e-07	2.36e-05	5.95e-04	5.60e-03	3.81e-02	5.59e-01	3.37e-01	5.96e-02
 7.19453e+21	0.00e+00	5.28e-29	1.90e-24	1.43e-20	8.06e-16	2.54e-12	1.92e-09	3.72e-07	2.78e-05	6.76e-04	6.13e-03	4.01e-02	5.67e-01	3.30e-01	5.63e-02
 7.31427e+21	0.00e+00	7.49e-29	2.58e-24	1.85e-20	1.04e-15	3.23e-12	2.39e-09	4.51e-07	3.27e-05	7.70e-04	6.73e-03	4.23e-02	5.75e-01	3.22e-01	5.30e-02
 7.40499e+21	0.00e+00	9.68e-29	3.22e-24	2.23e-20	1.26e-15	3.86e-12	2.82e-09	5.21e-07	3.69e-05	8.47e-04	7.20e-03	4.39e-02	5.81e-01	3.17e-01	5.07e-02
 7.49339e+21	0.00e+00	1.24e-28	3.97e-24	2.66e-20	1.51e-15	4.59e-12	3.30e-09	5.98e-07	4.14e-05	9.29e-04	7.69e-03	4.56e-02	5.86e-01	3.11e-01	4.85e-02
 7.60830e+21	0.00e+00	1.68e-28	5.18e-24	3.33e-20	1.90e-15	5.70e-12	4.03e-09	7.10e-07	4.79e-05	1.04e-03	8.34e-03	4.77e-02	5.93e-01	3.04e-01	4.58e-02
 7.73187e+21	0.00e+00	2.36e-28	6.93e-24	4.24e-20	2.43e-15	7.22e-12	5.00e-09	8.57e-07	5.61e-05	1.18e-03	9.12e-03	5.01e-02	6.00e-01	2.97e-01	4.31e-02
 7.83729e+21	0.00e+00	3.13e-28	8.84e-24	5.19e-20	3.00e-15	8.80e-12	5.99e-09	1.00e-06	6.41e-05	1.31e-03	9.83e-03	5.22e-02	6.05e-01	2.90e-01	4.09e-02
 7.93055e+21	0.00e+00	3.99e-28	1.09e-23	6.18e-20	3.59e-15	1.04e-11	7.01e-09	1.15e-06	7.19e-05	1.44e-03	1.05e-02	5.41e-02	6.10e-01	2.85e-01	3.90e-02
 8.03738e+21	0.00e+00	5.23e-28	1.37e-23	7.50e-20	4.39e-15	1.26e-11	8.36e-09	1.34e-06	8.17e-05	1.59e-03	1.13e-02	5.63e-02	6.15e-01	2.78e-01	3.70e-02
 8.15646e+21	0.00e+00	7.09e-28	1.78e-23	9.31e-20	5.49e-15	1.57e-11	1.02e-08	1.59e-06	9.44e-05	1.78e-03	1.22e-02	5.88e-02	6.21e-01	2.71e-01	3.49e-02
 8.26537e+21	0.00e+00	9.31e-28	2.25e-23	1.13e-19	6.72e-15	1.90e-11	1.21e-08	1.86e-06	1.07e-04	1.97e-03	1.31e-02	6.12e-02	6.25e-01	2.65e-01	3.31e-02
 8.36500e+21	0.00e+00	1.19e-27	2.78e-23	1.34e-19	8.07e-15	2.26e-11	1.43e-08	2.14e-06	1.21e-04	2.17e-03	1.40e-02	6.34e-02	6.30e-01	2.59e-01	3.14e-02
 8.47867e+21	0.00e+00	1.55e-27	3.49e-23	1.63e-19	9.82e-15	2.73e-11	1.69e-08	2.49e-06	1.37e-04	2.39e-03	1.50e-02	6.58e-02	6.34e-01	2.53e-01	2.98e-02
 8.62644e+21	0.00e+00	2.19e-27	4.69e-23	2.08e-19	1.27e-14	3.48e-11	2.12e-08	3.03e-06	1.61e-04	2.72e-03	1.64e-02	6.91e-02	6.39e-01	2.45e-01	2.77e-02
 8.77698e+21	0.00e+00	3.12e-27	6.34e-23	2.66e-19	1.64e-14	4.46e-11	2.66e-08	3.69e-06	1.90e-04	3.09e-03	1.80e-02	7.26e-02	6.43e-01	2.37e-01	2.57e-02
 8.89125e+21	0.00e+00	4.04e-27	7.91e-23	3.19e-19	1.99e-14	5.36e-11	3.15e-08	4.28e-06	2.15e-04	3.41e-03	1.92e-02	7.53e-02	6.47e-01	2.31e-01	2.43e-02
 8.99993e+21	0.00e+00	5.12e-27	9.67e-23	3.77e-19	2.37e-14	6.35e-11	3.69e-08	4.91e-06	2.41e-04	3.72e-03	2.05e-02	7.78e-02	6.49e-01	2.25e-01	2.31e-02
 9.14123e+21	0.00e+00	6.90e-27	1.25e-22	4.67e-19	2.96e-14	7.83e-11	4.47e-08	5.81e-06	2.77e-04	4.15e-03	2.21e-02	8.10e-02	6.52e-01	2.18e-01	2.16e-02
 9.29238e+21	0.00e+00	9.54e-27	1.65e-22	5.86e-19	3.75e-14	9.83e-11	5.51e-08	6.97e-06	3.22e-04	4.67e-03	2.40e-02	8.46e-02	6.55e-01	2.11e-01	2.01e-02
 9.42069e+21	0.00e+00	1.25e-26	2.07e-22	7.07e-19	4.56e-14	1.18e-10	6.55e-08	8.10e-06	3.64e-04	5.15e-03	2.57e-02	8.77e-02	6.57e-01	2.05e-01	1.89e-02
 9.55185e+21	0.00e+00	1.61e-26	2.58e-22	8.49e-19	5.52e-14	1.42e-10	7.75e-08	9.39e-06	4.11e-04	5.66e-03	2.74e-02	9.07e-02	6.59e-01	1.99e-01	1.78e-02
 9.72235e+21	0.00e+00	2.26e-26	3.44e-22	1.08e-18	7.05e-14	1.80e-10	9.61e-08	1.13e-05	4.80e-04	6.38e-03	2.98e-02	9.47e-02	6.60e-01	1.92e-01	1.65e-02
 9.89599e+21	0.00e+00	3.17e-26	4.61e-22	1.37e-18	9.02e-14	2.28e-10	1.19e-07	1.37e-05	5.62e-04	7.21e-03	3.24e-02	9.89e-02	6.61e-01	1.84e-01	1.52e-02
 1.00326e+22	0.00e+00	4.11e-26	5.75e-22	1.64e-18	1.09e-13	2.72e-10	1.41e-07	1.58e-05	6.32e-04	7.90e-03	3.45e-02	1.02e-01	6.62e-01	1.79e-01	1.43e-02
 1.01691e+22	0.00e+00	5.25e-26	7.10e-22	1.96e-18	1.30e-13	3.23e-10	1.65e-07	1.82e-05	7.07e-04	8.62e-03	3.66e-02	1.05e-01	6.62e-01	1.73e-01	1.34e-02
 1.03465e+22	0.00e+00	7.23e-26	9.33e-22	2.46e-18	1.64e-13	4.03e-10	2.02e-07	2.17e-05	8.17e-04	9.64e-03	3.95e-02	1.09e-01	6.62e-01	1.67e-01	1.24e-02
 1.05348e+22	0.00e+00	1.01e-25	1.25e-21	3.12e-18	2.09e-13	5.07e-10	2.49e-07	2.61e-05	9.49e-04	1.08e-02	4.28e-02	1.14e-01	6.60e-01	1.60e-01	1.14e-02
 1.06914e+22	0.00e+00	1.33e-25	1.58e-21	3.79e-18	2.53e-13	6.10e-10	2.96e-07	3.02e-05	1.07e-03	1.19e-02	4.55e-02	1.17e-01	6.59e-01	1.54e-01	1.07e-02
 1.08237e+22	0.00e+00	1.66e-25	1.91e-21	4.45e-18	2.97e-13	7.10e-10	3.40e-07	3.41e-05	1.18e-03	1.28e-02	4.79e-02	1.20e-01	6.58e-01	1.50e-01	1.01e-02
 1.09700e+22	0.00e+00	2.11e-25	2.35e-21	5.29e-18	3.53e-13	8.36e-10	3.95e-07	3.89e-05	1.31e-03	1.39e-02	5.06e-02	1.24e-01	6.56e-01	1.45e-01	9.50e-03
 1.11601e+22	0.00e+00	2.88e-25	3.06e-21	6.60e-18	4.39e-13	1.03e-09	4.77e-07	4.59e-05	1.50e-03	1.54e-02	5.42e-02	1.28e-01	6.53e-01	1.39e-01	8.77e-03
 1.13577e+22	0.00e+00	3.97e-25	4.05e-21	8.32e-18	5.50e-13	1.27e-09	5.81e-07	5.45e-05	1.73e-03	1.71e-02	5.82e-02	1.32e-01	6.50e-01	1.33e-01	8.07e-03
 1.15191e+22	0.00e+00	5.12e-25	5.04e-21	1.00e-17	6.58e-13	1.51e-09	6.78e-07	6.24e-05	1.93e-03	1.86e-02	6.15e-02	1.36e-01	6.46e-01	1.28e-01	7.55e-03
 1.16832e+22	0.00e+00	6.56e-25	6.24e-21	1.20e-17	7.84e-13	1.78e-09	7.88e-07	7.11e-05	2.14e-03	2.02e-02	6.48e-02	1.39e-01	6.43e-01	1.24e-01	7.07e-03
 1.18965e+22	0.00e+00	9.03e-25	8.23e-21	1.51e-17	9.80e-13	2.20e-09	9.56e-07	8.41e-05	2.45e-03	2.23e-02	6.93e-02	1.43e-01	6.38e-01	1.18e-01	6.49e-03
 1.21201e+22	0.00e+00	1.26e-24	1.10e-20	1.93e-17	1.24e-12	2.74e-09	1.17e-06	1.00e-04	2.82e-03	2.48e-02	7.42e-02	1.48e-01	6.32e-01	1.12e-01	5.93e-03
 1.23063e+22	0.00e+00	1.66e-24	1.40e-20	2.35e-17	1.49e-12	3.27e-09	1.37e-06	1.15e-04	3.15e-03	2.70e-02	7.84e-02	1.52e-01	6.27e-01	1.08e-01	5.50e-03
 1.24975e+22	0.00e+00	2.16e-24	1.76e-20	2.85e-17	1.79e-12	3.88e-09	1.61e-06	1.32e-04	3.51e-03	2.93e-02	8.26e-02	1.55e-01	6.21e-01	1.03e-01	5.11e-03
 1.27116e+22	0.00e+00	2.93e-24	2.28e-20	3.55e-17	2.20e-12	4.71e-09	1.92e-06	1.54e-04	3.97e-03	3.21e-02	8.76e-02	1.59e-01	6.14e-01	9.85e-02	4.70e-03
 1.29072e+22	0.00e+00	3.84e-24	2.89e-20	4.33e-17	2.65e-12	5.60e-09	2.24e-06	1.77e-04	4.42e-03	3.48e-02	9.22e-02	1.62e-01	6.07e-01	9.43e-02	4.36e-03
 1.30846e+22	0.00e+00	4.87e-24	3.56e-20	5.16e-17	3.11e-12	6.52e-09	2.58e-06	1.99e-04	4.86e-03	3.74e-02	9.64e-02	1.65e-01	6.01e-01	9.06e-02	4.07e-03
 1.32864e+22	0.00e+00	6.33e-24	4.47e-20	6.26e-17	3.72e-12	7.71e-09	3.00e-06	2.27e-04	5.40e-03	4.04e-02	1.01e-01	1.69e-01	5.94e-01	8.67e-02	3.77e-03
 1.35487e+22	0.00e+00	8.88e-24	6.00e-20	8.03e-17	4.68e-12	9.55e-09	3.64e-06	2.68e-04	6.16e-03	4.45e-02	1.07e-01	1.73e-01	5.84e-01	8.18e-02	3.42e-03
 1.38112e+22	0.00e+00	1.25e-23	8.08e-20	1.03e-16	5.87e-12	1.18e-08	4.42e-06	3.17e-04	7.02e-03	4.90e-02	1.14e-01	1.76e-01	5.73e-01	7.71e-02	3.09e-03
 1.40047e+22	0.00e+00	1.59e-23	9.99e-20	1.23e-16	6.90e-12	1.37e-08	5.06e-06	3.57e-04	7.70e-03	5.24e-02	1.19e-01	1.79e-01	5.65e-01	7.38e-02	2.87e-03
 1.41870e+22	0.00e+00	1.98e-23	1.21e-19	1.45e-16	8.00e-12	1.57e-08	5.73e-06	3.97e-04	8.37e-03	5.57e-02	1.23e-01	1.81e-01	5.58e-01	7.09e-02	2.69e-03
 1.44240e+22	1.04e-30	2.63e-23	1.55e-19	1.79e-16	9.66e-12	1.88e-08	6.71e-06	4.55e-04	9.31e-03	6.02e-02	1.29e-01	1.84e-01	5.47e-01	6.72e-02	2.46e-03
 1.46844e+22	1.46e-30	3.59e-23	2.03e-19	2.25e-16	1.18e-11	2.27e-08	7.97e-06	5.28e-04	1.04e-02	6.54e-02	1.35e-01	1.87e-01	5.36e-01	6.34e-02	2.24e-03
 1.49144e+22	1.97e-30	4.69e-23	2.57e-19	2.75e-16	1.41e-11	2.67e-08	9.24e-06	5.99e-04	1.15e-02	7.02e-02	1.41e-01	1.89e-01	5.25e-01	6.02e-02	2.06e-03
 1.51070e+22	2.50e-30	5.84e-23	3.11e-19	3.23e-16	1.63e-11	3.06e-08	1.04e-05	6.64e-04	1.25e-02	7.42e-02	1.46e-01	1.91e-01	5.17e-01	5.76e-02	1.92e-03
 1.53117e+22	3.20e-30	7.31e-23	3.78e-19	3.82e-16	1.90e-11	3.51e-08	1.18e-05	7.38e-04	1.35e-02	7.87e-02	1.51e-01	1.92e-01	5.07e-01	5.50e-02	1.78e-03
 1.55779e+22	4.41e-30	9.77e-23	4.88e-19	4.74e-16	2.30e-11	4.18e-08	1.38e-05	8.45e-04	1.50e-02	8.46e-02	1.57e-01	1.94e-01	4.95e-01	5.18e-02	1.62e-03
 1.58525e+22	6.16e-30	1.32e-22	6.36e-19	5.93e-16	2.79e-11	5.01e-08	1.62e-05	9.70e-04	1.67e-02	9.11e-02	1.63e-01	1.96e-01	4.82e-01	4.86e-02	1.47e-03
 1.60677e+22	7.93e-30	1.66e-22	7.77e-19	7.03e-16	3.24e-11	5.74e-08	1.83e-05	1.08e-03	1.81e-02	9.63e-02	1.68e-01	1.97e-01	4.72e-01	4.63e-02	1.36e-03
 1.62770e+22	1.00e-29	2.05e-22	9.35e-19	8.24e-16	3.73e-11	6.53e-08	2.06e-05	1.19e-03	1.94e-02	1.01e-01	1.73e-01	1.98e-01	4.62e-01	4.42e-02	1.26e-03
 1.65491e+22	1.36e-29	2.70e-22	1.19e-18	1.01e-15	4.46e-11	7.69e-08	2.38e-05	1.34e-03	2.14e-02	1.08e-01	1.79e-01	1.98e-01	4.49e-01	4.15e-02	1.15e-03
 1.68407e+22	1.90e-29	3.64e-22	1.54e-18	1.26e-15	5.39e-11	9.15e-08	2.78e-05	1.53e-03	2.36e-02	1.16e-01	1.85e-01	1.99e-01	4.35e-01	3.88e-02	1.04e-03
 1.70863e+22	2.48e-29	4.63e-22	1.91e-18	1.51e-15	6.30e-11	1.05e-07	3.15e-05	1.70e-03	2.55e-02	1.22e-01	1.90e-01	1.99e-01	4.24e-01	3.67e-02	9.50e-04
 1.73343e+22	3.21e-29	5.84e-22	2.34e-18	1.80e-15	7.34e-11	1.21e-07	3.56e-05	1.89e-03	2.76e-02	1.28e-01	1.95e-01	1.99e-01	4.12e-01	3.47e-02	8.73e-04
 1.76567e+22	4.49e-29	7.88e-22	3.05e-18	2.26e-15	8.91e-11	1.44e-07	4.16e-05	2.15e-03	3.03e-02	1.37e-01	2.01e-01	1.99e-01	3.98e-01	3.23e-02	7.83e-04
 1.79750e+22	6.30e-29	1.07e-21	3.98e-18	2.83e-15	1.08e-10	1.72e-07	4.85e-05	2.44e-03	3.34e-02	1.46e-01	2.07e-01	1.98e-01	3.82e-01	2.99e-02	7.00e-04
 1.82027e+22	8.00e-29	1.32e-21	4.78e-18	3.30e-15	1.23e-10	1.94e-07	5.40e-05	2.67e-03	3.57e-02	1.52e-01	2.11e-01	1.98e-01	3.72e-01	2.83e-02	6.45e-04
 1.84139e+22	9.77e-29	1.57e-21	5.59e-18	3.79e-15	1.39e-10	2.15e-07	5.91e-05	2.88e-03	3.77e-02	1.58e-01	2.14e-01	1.97e-01	3.63e-01	2.70e-02	6.03e-04
 1.86883e+22	1.27e-28	1.99e-21	6.89e-18	4.53e-15	1.62e-10	2.47e-07	6.66e-05	3.18e-03	4.06e-02	1.65e-01	2.18e-01	1.96e-01	3.51e-01	2.54e-02	5.50e-04
 1.90451e+22	1.79e-28	2.69e-21	8.96e-18	5.67e-15	1.96e-10	2.93e-07	7.73e-05	3.60e-03	4.43e-02	1.75e-01	2.23e-01	1.94e-01	3.36e-01	2.35e-02	4.91e-04
 1.94071e+22	2.55e-28	3.67e-21	1.18e-17	7.15e-15	2.38e-10	3.49e-07	9.02e-05	4.09e-03	4.86e-02	1.85e-01	2.28e-01	1.92e-01	3.20e-01	2.15e-02	4.33e-04
 1.96803e+22	3.31e-28	4.60e-21	1.44e-17	8.47e-15	2.74e-10	3.97e-07	1.01e-04	4.49e-03	5.20e-02	1.93e-01	2.32e-01	1.90e-01	3.09e-01	2.01e-02	3.94e-04
 1.99398e+22	4.15e-28	5.61e-21	1.71e-17	9.85e-15	3.13e-10	4.46e-07	1.11e-04	4.86e-03	5.50e-02	2.00e-01	2.34e-01	1.88e-01	2.99e-01	1.90e-02	3.63e-04
 2.02771e+22	5.58e-28	7.30e-21	2.16e-17	1.20e-14	3.70e-10	5.17e-07	1.27e-04	5.40e-03	5.93e-02	2.09e-01	2.37e-01	1.85e-01	2.86e-01	1.76e-02	3.25e-04
 2.06531e+22	7.80e-28	9.74e-21	2.79e-17	1.49e-14	4.44e-10	6.08e-07	1.45e-04	6.04e-03	6.41e-02	2.19e-01	2.41e-01	1.82e-01	2.72e-01	1.62e-02	2.88e-04
 2.09985e+22	1.05e-27	1.27e-20	3.51e-17	1.82e-14	5.23e-10	7.03e-07	1.65e-04	6.70e-03	6.89e-02	2.28e-01	2.43e-01	1.79e-01	2.59e-01	1.49e-02	2.57e-04
 2.13180e+22	1.39e-27	1.60e-20	4.31e-17	2.16e-14	6.06e-10	8.01e-07	1.84e-04	7.33e-03	7.34e-02	2.37e-01	2.45e-01	1.76e-01	2.47e-01	1.38e-02	2.32e-04
 2.16846e+22	1.86e-27	2.07e-20	5.41e-17	2.63e-14	7.15e-10	9.26e-07	2.08e-04	8.09e-03	7.85e-02	2.46e-01	2.47e-01	1.72e-01	2.35e-01	1.27e-02	2.06e-04
 2.21612e+22	2.74e-27	2.87e-20	7.22e-17	3.36e-14	8.80e-10	1.11e-06	2.43e-04	9.16e-03	8.54e-02	2.58e-01	2.49e-01	1.67e-01	2.20e-01	1.14e-02	1.78e-04
 2.26272e+22	4.02e-27	4.00e-20	9.65e-17	4.30e-14	1.07e-09	1.33e-06	2.83e-04	1.04e-02	9.28e-02	2.69e-01	2.50e-01	1.62e-01	2.05e-01	1.02e-02	1.52e-04
 2.29609e+22	5.28e-27	5.02e-20	1.18e-16	5.08e-14	1.24e-09	1.50e-06	3.14e-04	1.13e-02	9.82e-02	2.77e-01	2.50e-01	1.58e-01	1.95e-01	9.40e-03	1.36e-04
 2.32759e+22	6.66e-27	6.11e-20	1.40e-16	5.90e-14	1.40e-09	1.67e-06	3.45e-04	1.21e-02	1.03e-01	2.84e-01	2.50e-01	1.55e-01	1.86e-01	8.76e-03	1.24e-04
 2.36855e+22	8.92e-27	7.94e-20	1.76e-16	7.17e-14	1.65e-09	1.93e-06	3.88e-04	1.33e-02	1.10e-01	2.93e-01	2.50e-01	1.50e-01	1.75e-01	7.97e-03	1.09e-04
 2.42179e+22	1.33e-26	1.10e-19	2.34e-16	9.14e-14	2.02e-09	2.29e-06	4.50e-04	1.50e-02	1.18e-01	3.04e-01	2.49e-01	1.44e-01	1.62e-01	7.05e-03	9.21e-05
 2.47695e+22	2.02e-26	1.55e-19	3.17e-16	1.18e-13	2.48e-09	2.75e-06	5.24e-04	1.69e-02	1.28e-01	3.15e-01	2.47e-01	1.38e-01	1.48e-01	6.17e-03	7.71e-05
 2.52121e+22	2.77e-26	2.03e-19	4.00e-16	1.43e-13	2.91e-09	3.16e-06	5.89e-04	1.85e-02	1.35e-01	3.23e-01	2.45e-01	1.33e-01	1.38e-01	5.56e-03	6.70e-05
 2.56532e+22	3.70e-26	2.59e-19	4.96e-16	1.72e-13	3.39e-09	3.60e-06	6.57e-04	2.01e-02	1.43e-01	3.30e-01	2.43e-01	1.28e-01	1.29e-01	5.03e-03	5.87e-05
 2.62267e+22	5.50e-26	3.58e-19	6.57e-16	2.18e-13	4.11e-09	4.26e-06	7.56e-04	2.25e-02	1.53e-01	3.39e-01	2.40e-01	1.22e-01	1.18e-01	4.39e-03	4.91e-05
 2.67867e+22	8.11e-26	4.94e-19	8.72e-16	2.76e-13	4.96e-09	5.01e-06	8.67e-04	2.50e-02	1.63e-01	3.48e-01	2.36e-01	1.16e-01	1.08e-01	3.83e-03	4.09e-05
 2.71897e+22	1.05e-25	6.15e-19	1.05e-15	3.24e-13	5.65e-09	5.60e-06	9.51e-04	2.69e-02	1.70e-01	3.53e-01	2.33e-01	1.11e-01	1.01e-01	3.48e-03	3.61e-05
 2.75742e+22	1.34e-25	7.51e-19	1.25e-15	3.75e-13	6.37e-09	6.21e-06	1.04e-03	2.87e-02	1.77e-01	3.58e-01	2.30e-01	1.07e-01	9.51e-02	3.19e-03	3.21e-05
 2.80740e+22	1.84e-25	9.70e-19	1.57e-15	4.53e-13	7.42e-09	7.08e-06	1.15e-03	3.12e-02	1.86e-01	3.63e-01	2.25e-01	1.02e-01	8.78e-02	2.84e-03	2.76e-05
 2.86300e+22	2.62e-25	1.30e-18	2.02e-15	5.59e-13	8.76e-09	8.17e-06	1.30e-03	3.43e-02	1.96e-01	3.69e-01	2.20e-01	9.69e-02	8.00e-02	2.48e-03	2.31e-05
 2.91331e+22	3.56e-25	1.68e-18	2.52e-15	6.73e-13	1.02e-08	9.27e-06	1.45e-03	3.72e-02	2.05e-01	3.73e-01	2.15e-01	9.21e-02	7.35e-02	2.20e-03	1.98e-05
 2.95887e+22	4.65e-25	2.10e-18	3.06e-15	7.90e-13	1.16e-08	1.04e-05	1.58e-03	3.99e-02	2.13e-01	3.76e-01	2.11e-01	8.80e-02	6.82e-02	1.97e-03	1.72e-05
 3.01085e+22	6.33e-25	2.68e-18	3.78e-15	9.45e-13	1.33e-08	1.17e-05	1.75e-03	4.31e-02	2.22e-01	3.80e-01	2.05e-01	8.35e-02	6.27e-02	1.75e-03	1.47e-05
 3.07843e+22	9.31e-25	3.67e-18	4.97e-15	1.19e-12	1.60e-08	1.36e-05	1.99e-03	4.74e-02	2.34e-01	3.83e-01	1.98e-01	7.79e-02	5.62e-02	1.50e-03	1.20e-05
 3.14769e+22	1.39e-24	5.12e-18	6.63e-15	1.51e-12	1.92e-08	1.60e-05	2.26e-03	5.24e-02	2.46e-01	3.85e-01	1.91e-01	7.22e-02	4.99e-02	1.27e-03	9.68e-06
 3.20199e+22	1.88e-24	6.58e-18	8.24e-15	1.80e-12	2.21e-08	1.80e-05	2.50e-03	5.64e-02	2.56e-01	3.86e-01	1.85e-01	6.81e-02	4.55e-02	1.11e-03	8.20e-06
 3.25540e+22	2.49e-24	8.26e-18	1.00e-14	2.13e-12	2.53e-08	2.01e-05	2.74e-03	6.04e-02	2.65e-01	3.86e-01	1.79e-01	6.43e-02	4.17e-02	9.85e-04	7.02e-06
 3.32484e+22	3.61e-24	1.11e-17	1.30e-14	2.64e-12	2.99e-08	2.32e-05	3.07e-03	6.59e-02	2.76e-01	3.86e-01	1.71e-01	5.97e-02	3.72e-02	8.40e-04	5.72e-06
 3.39943e+22	5.40e-24	1.55e-17	1.73e-14	3.34e-12	3.59e-08	2.70e-05	3.48e-03	7.23e-02	2.88e-01	3.85e-01	1.63e-01	5.49e-02	3.27e-02	7.03e-04	4.56e-06
 3.46330e+22	7.53e-24	2.03e-17	2.19e-14	4.07e-12	4.18e-08	3.07e-05	3.85e-03	7.81e-02	2.98e-01	3.83e-01	1.56e-01	5.11e-02	2.93e-02	6.05e-04	3.76e-06
 3.52894e+22	1.03e-23	2.64e-17	2.74e-14	4.92e-12	4.86e-08	3.48e-05	4.26e-03	8.41e-02	3.08e-01	3.80e-01	1.49e-01	4.75e-02	2.64e-02	5.22e-04	3.12e-06
 3.61426e+22	1.56e-23	3.71e-17	3.68e-14	6.29e-12	5.88e-08	4.08e-05	4.83e-03	9.22e-02	3.20e-01	3.76e-01	1.40e-01	4.33e-02	2.29e-02	4.31e-04	2.45e-06
 3.69631e+22	2.37e-23	5.23e-17	4.96e-14	8.07e-12	7.10e-08	4.77e-05	5.47e-03	1.01e-01	3.32e-01	3.71e-01	1.32e-01	3.92e-02	1.98e-02	3.53e-04	1.91e-06
 3.75336e+22	3.09e-23	6.55e-17	6.03e-14	9.50e-12	8.07e-08	5.29e-05	5.94e-03	1.07e-01	3.39e-01	3.66e-01	1.26e-01	3.67e-02	1.80e-02	3.10e-04	1.61e-06
 3.80680e+22	3.91e-23	7.96e-17	7.14e-14	1.10e-11	9.04e-08	5.80e-05	6.38e-03	1.13e-01	3.46e-01	3.62e-01	1.21e-01	3.46e-02	1.65e-02	2.76e-04	1.39e-06
 3.87628e+22	5.38e-23	1.03e-16	8.94e-14	1.32e-11	1.05e-07	6.53e-05	7.00e-03	1.21e-01	3.54e-01	3.57e-01	1.15e-01	3.20e-02	1.47e-02	2.36e-04	1.15e-06
 3.96659e+22	7.99e-23	1.43e-16	1.19e-13	1.68e-11	1.26e-07	7.60e-05	7.87e-03	1.31e-01	3.64e-01	3.49e-01	1.07e-01	2.89e-02	1.27e-02	1.94e-04	8.94e-07
 4.05919e+22	1.22e-22	2.03e-16	1.61e-13	2.18e-11	1.53e-07	8.89e-05	8.88e-03	1.43e-01	3.74e-01	3.39e-01	9.87e-02	2.58e-02	1.08e-02	1.57e-04	6.85e-07
 4.13181e+22	1.67e-22	2.64e-16	2.03e-13	2.64e-11	1.78e-07	1.00e-04	9.74e-03	1.52e-01	3.81e-01	3.31e-01	9.27e-02	2.37e-02	9.58e-03	1.33e-04	5.58e-07
 4.20328e+22	2.21e-22	3.34e-16	2.49e-13	3.15e-11	2.05e-07	1.12e-04	1.06e-02	1.61e-01	3.86e-01	3.24e-01	8.74e-02	2.19e-02	8.57e-03	1.14e-04	4.63e-07
 4.29619e+22	3.21e-22	4.55e-16	3.27e-13	3.97e-11	2.45e-07	1.29e-04	1.18e-02	1.73e-01	3.93e-01	3.14e-01	8.08e-02	1.97e-02	7.38e-03	9.39e-05	3.62e-07
 4.39628e+22	4.81e-22	6.39e-16	4.41e-13	5.11e-11	2.98e-07	1.50e-04	1.32e-02	1.87e-01	4.00e-01	3.02e-01	7.40e-02	1.75e-02	6.25e-03	7.55e-05	2.76e-07
 4.48183e+22	6.78e-22	8.52e-16	5.68e-13	6.35e-11	3.52e-07	1.71e-04	1.45e-02	1.99e-01	4.04e-01	2.92e-01	6.84e-02	1.58e-02	5.42e-03	6.25e-05	2.19e-07
 4.55727e+22	8.98e-22	1.08e-15	6.99e-13	7.59e-11	4.04e-07	1.91e-04	1.57e-02	2.10e-01	4.08e-01	2.83e-01	6.40e-02	1.45e-02	4.81e-03	5.34e-05	1.80e-07
 4.64345e+22	1.21e-21	1.39e-15	8.72e-13	9.18e-11	4.70e-07	2.14e-04	1.71e-02	2.21e-01	4.11e-01	2.73e-01	5.95e-02	1.32e-02	4.23e-03	4.51e-05	1.46e-07
 4.75548e+22	1.79e-21	1.92e-15	1.16e-12	1.18e-10	5.70e-07	2.48e-04	1.90e-02	2.37e-01	4.14e-01	2.61e-01	5.40e-02	1.16e-02	3.56e-03	3.61e-05	0.00e+00
 4.87326e+22	2.72e-21	2.73e-15	1.59e-12	1.54e-10	7.00e-07	2.90e-04	2.13e-02	2.54e-01	4.16e-01	2.47e-01	4.84e-02	1.01e-02	2.96e-03	2.83e-05	0.00e+00
 4.96956e+22	3.78e-21	3.61e-15	2.03e-12	1.90e-10	8.25e-07	3.29e-04	2.33e-02	2.68e-01	4.16e-01	2.36e-01	4.43e-02	9.04e-03	2.54e-03	2.33e-05	0.00e+00
 5.06583e+22	5.05e-21	4.62e-15	2.53e-12	2.30e-10	9.58e-07	3.69e-04	2.52e-02	2.81e-01	4.16e-01	2.26e-01	4.08e-02	8.16e-03	2.21e-03	1.95e-05	0.00e+00
 5.19098e+22	7.39e-21	6.35e-15	3.36e-12	2.95e-10	1.16e-06	4.26e-04	2.79e-02	2.98e-01	4.14e-01	2.13e-01	3.66e-02	7.13e-03	1.85e-03	1.54e-05	0.00e+00
 5.32410e+22	1.11e-20	8.98e-15	4.58e-12	3.85e-10	1.43e-06	4.96e-04	3.10e-02	3.17e-01	4.12e-01	2.00e-01	3.25e-02	6.14e-03	1.52e-03	1.20e-05	0.00e+00
 5.43199e+22	1.54e-20	1.18e-14	5.85e-12	4.77e-10	1.68e-06	5.60e-04	3.37e-02	3.32e-01	4.09e-01	1.89e-01	2.94e-02	5.44e-03	1.29e-03	9.75e-06	0.00e+00
 5.51537e+22	1.93e-20	1.43e-14	6.96e-12	5.54e-10	1.89e-06	6.11e-04	3.58e-02	3.43e-01	4.06e-01	1.82e-01	2.74e-02	4.98e-03	1.15e-03	8.40e-06	0.00e+00
 5.60249e+22	2.43e-20	1.74e-14	8.27e-12	6.45e-10	2.13e-06	6.68e-04	3.80e-02	3.54e-01	4.03e-01	1.74e-01	2.54e-02	4.55e-03	1.02e-03	7.22e-06	0.00e+00
 5.71575e+22	3.24e-20	2.22e-14	1.03e-11	7.80e-10	2.46e-06	7.44e-04	4.08e-02	3.67e-01	3.98e-01	1.65e-01	2.32e-02	4.06e-03	8.80e-04	5.97e-06	0.00e+00
 5.84072e+22	4.49e-20	2.92e-14	1.32e-11	9.68e-10	2.90e-06	8.39e-04	4.42e-02	3.83e-01	3.92e-01	1.55e-01	2.08e-02	3.56e-03	7.42e-04	4.81e-06	0.00e+00
 5.95174e+22	5.95e-20	3.70e-14	1.63e-11	1.17e-09	3.35e-06	9.30e-04	4.73e-02	3.96e-01	3.87e-01	1.46e-01	1.89e-02	3.17e-03	6.39e-04	3.98e-06	0.00e+00
 6.05067e+22	7.48e-20	4.50e-14	1.94e-11	1.36e-09	3.77e-06	1.01e-03	5.01e-02	4.07e-01	3.82e-01	1.39e-01	1.74e-02	2.88e-03	5.63e-04	3.39e-06	0.00e+00
 6.16308e+22	9.63e-20	5.55e-14	2.35e-11	1.61e-09	4.30e-06	1.11e-03	5.32e-02	4.18e-01	3.76e-01	1.32e-01	1.60e-02	2.58e-03	4.90e-04	2.85e-06	0.00e+00
 6.30922e+22	1.32e-19	7.25e-14	2.98e-11	1.98e-09	5.05e-06	1.25e-03	5.73e-02	4.33e-01	3.68e-01	1.23e-01	1.42e-02	2.25e-03	4.11e-04	2.28e-06	0.00e+00
 6.46419e+22	1.86e-19	9.69e-14	3.88e-11	2.49e-09	6.00e-06	1.42e-03	6.21e-02	4.49e-01	3.59e-01	1.14e-01	1.26e-02	1.94e-03	3.39e-04	1.79e-06	0.00e+00
 6.59405e+22	2.45e-19	1.22e-13	4.79e-11	3.01e-09	6.92e-06	1.57e-03	6.62e-02	4.61e-01	3.51e-01	1.07e-01	1.13e-02	1.71e-03	2.89e-04	1.46e-06	0.00e+00
 6.72628e+22	3.13e-19	1.50e-13	5.76e-11	3.53e-09	7.85e-06	1.71e-03	7.00e-02	4.72e-01	3.44e-01	1.01e-01	1.03e-02	1.53e-03	2.50e-04	1.22e-06	0.00e+00
 6.89816e+22	4.28e-19	1.96e-13	7.33e-11	4.37e-09	9.23e-06	1.92e-03	7.52e-02	4.85e-01	3.34e-01	9.32e-02	9.09e-03	1.32e-03	2.07e-04	9.63e-07	0.00e+00
 7.08272e+22	6.06e-19	2.63e-13	9.58e-11	5.52e-09	1.10e-05	2.17e-03	8.11e-02	4.99e-01	3.23e-01	8.53e-02	7.92e-03	1.12e-03	1.68e-04	7.42e-07	0.00e+00
 7.23791e+22	8.04e-19	3.35e-13	1.19e-10	6.70e-09	1.27e-05	2.41e-03	8.63e-02	5.11e-01	3.13e-01	7.92e-02	7.04e-03	9.74e-04	1.41e-04	5.96e-07	0.00e+00
 7.37232e+22	1.00e-18	4.03e-13	1.41e-10	7.75e-09	1.43e-05	2.60e-03	9.05e-02	5.19e-01	3.06e-01	7.47e-02	6.43e-03	8.75e-04	1.23e-04	5.03e-07	0.00e+00
 7.52554e+22	1.27e-18	4.93e-13	1.69e-10	9.11e-09	1.61e-05	2.84e-03	9.52e-02	5.28e-01	2.97e-01	6.99e-02	5.81e-03	7.76e-04	1.06e-04	4.17e-07	0.00e+00
 7.72472e+22	1.71e-18	6.33e-13	2.12e-10	1.11e-08	1.88e-05	3.15e-03	1.01e-01	5.38e-01	2.87e-01	6.43e-02	5.12e-03	6.68e-04	8.79e-05	3.30e-07	0.00e+00
 7.94324e+22	2.39e-18	8.41e-13	2.75e-10	1.40e-08	2.23e-05	3.54e-03	1.09e-01	5.49e-01	2.75e-01	5.84e-02	4.42e-03	5.63e-04	7.09e-05	2.52e-07	0.00e+00
 8.13336e+22	3.18e-18	1.07e-12	3.42e-10	1.70e-08	2.57e-05	3.91e-03	1.15e-01	5.58e-01	2.65e-01	5.37e-02	3.90e-03	4.85e-04	5.89e-05	2.00e-07	0.00e+00
 8.29943e+22	3.96e-18	1.29e-12	4.06e-10	1.97e-08	2.88e-05	4.23e-03	1.20e-01	5.65e-01	2.57e-01	5.02e-02	3.53e-03	4.31e-04	5.09e-05	1.67e-07	0.00e+00
 8.48778e+22	5.02e-18	1.58e-12	4.87e-10	2.32e-08	3.26e-05	4.60e-03	1.26e-01	5.71e-01	2.48e-01	4.67e-02	3.16e-03	3.80e-04	4.33e-05	1.37e-07	0.00e+00
 8.73264e+22	6.72e-18	2.02e-12	6.09e-10	2.83e-08	3.79e-05	5.09e-03	1.33e-01	5.78e-01	2.37e-01	4.26e-02	2.76e-03	3.24e-04	3.56e-05	0.00e+00	0.00e+00
 9.00534e+22	9.38e-18	2.68e-12	7.91e-10	3.57e-08	4.49e-05	5.71e-03	1.42e-01	5.86e-01	2.25e-01	3.83e-02	2.36e-03	2.70e-04	2.83e-05	0.00e+00	0.00e+00
 9.24815e+22	1.25e-17	3.43e-12	9.91e-10	4.36e-08	5.21e-05	6.31e-03	1.50e-01	5.91e-01	2.15e-01	3.48e-02	2.05e-03	2.29e-04	2.32e-05	0.00e+00	0.00e+00
 9.43953e+22	1.56e-17	4.14e-12	1.18e-09	5.08e-08	5.84e-05	6.81e-03	1.57e-01	5.95e-01	2.07e-01	3.23e-02	1.84e-03	2.02e-04	1.98e-05	0.00e+00	0.00e+00
 9.63013e+22	1.87e-17	4.82e-12	1.35e-09	5.74e-08	6.42e-05	7.25e-03	1.62e-01	5.98e-01	2.01e-01	3.04e-02	1.68e-03	1.82e-04	1.74e-05	0.00e+00	0.00e+00
 9.87790e+22	2.37e-17	5.89e-12	1.62e-09	6.77e-08	7.25e-05	7.86e-03	1.69e-01	6.01e-01	1.92e-01	2.80e-02	1.49e-03	1.59e-04	1.47e-05	0.00e+00	0.00e+00
 1.01553e+23	3.11e-17	7.43e-12	2.01e-09	8.18e-08	8.33e-05	8.62e-03	1.77e-01	6.04e-01	1.83e-01	2.54e-02	1.30e-03	1.36e-04	1.21e-05	0.00e+00	0.00e+00
 1.04074e+23	3.96e-17	9.13e-12	2.43e-09	9.69e-08	9.43e-05	9.35e-03	1.85e-01	6.06e-01	1.75e-01	2.33e-02	1.15e-03	1.18e-04	1.01e-05	0.00e+00	0.00e+00
 1.06320e+23	4.80e-17	1.08e-11	2.83e-09	1.11e-07	1.04e-04	9.99e-03	1.92e-01	6.07e-01	1.68e-01	2.17e-02	1.04e-03	1.05e-04	8.77e-06	0.00e+00	0.00e+00
 1.08848e+23	5.88e-17	1.28e-11	3.31e-09	1.28e-07	1.16e-04	1.07e-02	1.99e-01	6.08e-01	1.62e-01	2.01e-02	9.35e-04	9.25e-05	7.53e-06	0.00e+00	0.00e+00
 1.12134e+23	7.50e-17	1.57e-11	4.01e-09	1.52e-07	1.32e-04	1.16e-02	2.07e-01	6.08e-01	1.54e-01	1.84e-02	8.21e-04	7.97e-05	6.27e-06	0.00e+00	0.00e+00
 1.15831e+23	9.97e-17	2.00e-11	5.02e-09	1.85e-07	1.52e-04	1.28e-02	2.17e-01	6.08e-01	1.45e-01	1.65e-02	7.06e-04	6.70e-05	5.06e-06	0.00e+00	0.00e+00
 1.19166e+23	1.28e-16	2.49e-11	6.13e-09	2.22e-07	1.73e-04	1.39e-02	2.26e-01	6.07e-01	1.37e-01	1.50e-02	6.15e-04	5.72e-05	4.17e-06	0.00e+00	0.00e+00
 1.22035e+23	1.56e-16	2.94e-11	7.16e-09	2.55e-07	1.92e-04	1.49e-02	2.34e-01	6.06e-01	1.31e-01	1.38e-02	5.51e-04	5.05e-05	3.57e-06	0.00e+00	0.00e+00
 1.25196e+23	1.88e-16	3.45e-11	8.29e-09	2.91e-07	2.12e-04	1.59e-02	2.41e-01	6.04e-01	1.26e-01	1.28e-02	4.95e-04	4.47e-05	3.08e-06	0.00e+00	0.00e+00
 1.29305e+23	2.37e-16	4.18e-11	9.92e-09	3.42e-07	2.39e-04	1.71e-02	2.50e-01	6.01e-01	1.19e-01	1.17e-02	4.36e-04	3.86e-05	2.57e-06	0.00e+00	0.00e+00
 1.34321e+23	3.10e-16	5.28e-11	1.23e-08	4.15e-07	2.75e-04	1.87e-02	2.60e-01	5.98e-01	1.12e-01	1.05e-02	3.74e-04	3.25e-05	2.08e-06	0.00e+00	0.00e+00
 1.39343e+23	4.12e-16	6.74e-11	1.55e-08	5.10e-07	3.19e-04	2.05e-02	2.72e-01	5.93e-01	1.05e-01	9.30e-03	3.18e-04	2.70e-05	1.65e-06	0.00e+00	0.00e+00
 1.43530e+23	5.18e-16	8.18e-11	1.85e-08	6.00e-07	3.59e-04	2.21e-02	2.81e-01	5.89e-01	9.88e-02	8.44e-03	2.78e-04	2.32e-05	1.37e-06	0.00e+00	0.00e+00
 1.47808e+23	6.13e-16	9.43e-11	2.11e-08	6.75e-07	3.92e-04	2.34e-02	2.88e-01	5.85e-01	9.47e-02	7.85e-03	2.52e-04	2.07e-05	1.20e-06	0.00e+00	0.00e+00
 1.53292e+23	7.58e-16	1.13e-10	2.50e-08	7.86e-07	4.37e-04	2.51e-02	2.97e-01	5.80e-01	8.96e-02	7.16e-03	2.22e-04	1.80e-05	1.01e-06	0.00e+00	0.00e+00
 1.59547e+23	9.70e-16	1.39e-10	3.04e-08	9.40e-07	4.97e-04	2.72e-02	3.07e-01	5.74e-01	8.40e-02	6.42e-03	1.92e-04	1.52e-05	8.20e-07	0.00e+00	0.00e+00
 1.65810e+23	1.23e-15	1.70e-10	3.67e-08	1.11e-06	5.61e-04	2.93e-02	3.17e-01	5.68e-01	7.89e-02	5.79e-03	1.67e-04	1.30e-05	6.75e-07	0.00e+00	0.00e+00
 1.72322e+23	1.50e-15	2.02e-10	4.30e-08	1.29e-06	6.23e-04	3.12e-02	3.26e-01	5.62e-01	7.46e-02	5.28e-03	1.47e-04	1.13e-05	5.70e-07	0.00e+00	0.00e+00
 1.79338e+23	1.85e-15	2.41e-10	5.08e-08	1.49e-06	6.94e-04	3.34e-02	3.35e-01	5.55e-01	7.04e-02	4.80e-03	1.30e-04	9.79e-06	4.78e-07	0.00e+00	0.00e+00
 1.86635e+23	2.24e-15	2.84e-10	5.93e-08	1.72e-06	7.68e-04	3.55e-02	3.44e-01	5.49e-01	6.66e-02	4.39e-03	1.15e-04	8.55e-06	4.05e-07	0.00e+00	0.00e+00
 1.94224e+23	2.68e-15	3.31e-10	6.82e-08	1.95e-06	8.41e-04	3.76e-02	3.52e-01	5.43e-01	6.33e-02	4.05e-03	1.03e-04	7.56e-06	3.48e-07	0.00e+00	0.00e+00
 2.02117e+23	3.18e-15	3.82e-10	7.79e-08	2.20e-06	9.17e-04	3.96e-02	3.59e-01	5.36e-01	6.03e-02	3.75e-03	9.29e-05	6.73e-06	3.02e-07	0.00e+00	0.00e+00
 2.10325e+23	3.72e-15	4.35e-10	8.80e-08	2.46e-06	9.92e-04	4.15e-02	3.66e-01	5.31e-01	5.76e-02	3.48e-03	8.44e-05	6.04e-06	2.65e-07	0.00e+00	0.00e+00
 2.18861e+23	4.29e-15	4.92e-10	9.89e-08	2.74e-06	1.07e-03	4.35e-02	3.72e-01	5.25e-01	5.51e-02	3.24e-03	7.68e-05	5.43e-06	2.33e-07	0.00e+00	0.00e+00
 2.27326e+23	4.91e-15	5.50e-10	1.10e-07	3.00e-06	1.14e-03	4.53e-02	3.78e-01	5.20e-01	5.30e-02	3.05e-03	7.09e-05	4.96e-06	2.08e-07	0.00e+00	0.00e+00
 2.35142e+23	5.51e-15	6.07e-10	1.20e-07	3.26e-06	1.21e-03	4.69e-02	3.83e-01	5.15e-01	5.12e-02	2.89e-03	6.59e-05	4.57e-06	1.89e-07	0.00e+00	0.00e+00
 2.42176e+23	6.03e-15	6.55e-10	1.29e-07	3.49e-06	1.27e-03	4.83e-02	3.87e-01	5.11e-01	4.97e-02	2.76e-03	6.20e-05	4.27e-06	1.73e-07	0.00e+00	0.00e+00
 2.48507e+23	6.54e-15	7.00e-10	1.37e-07	3.68e-06	1.32e-03	4.94e-02	3.90e-01	5.08e-01	4.86e-02	2.66e-03	5.92e-05	4.05e-06	1.63e-07	0.00e+00	0.00e+00
 2.54204e+23	6.93e-15	7.35e-10	1.44e-07	3.84e-06	1.36e-03	5.03e-02	3.93e-01	5.05e-01	4.77e-02	2.58e-03	5.69e-05	3.88e-06	1.54e-07	0.00e+00	0.00e+00
 2.59332e+23	7.29e-15	7.66e-10	1.50e-07	3.98e-06	1.40e-03	5.11e-02	3.95e-01	5.03e-01	4.69e-02	2.52e-03	5.50e-05	3.74e-06	1.47e-07	0.00e+00	0.00e+00
 2.63947e+23	7.62e-15	7.95e-10	1.55e-07	4.10e-06	1.43e-03	5.18e-02	3.97e-01	5.01e-01	4.63e-02	2.47e-03	5.36e-05	3.63e-06	1.42e-07	0.00e+00	0.00e+00
 2.68100e+23	7.87e-15	8.16e-10	1.59e-07	4.20e-06	1.45e-03	5.23e-02	3.98e-01	5.00e-01	4.58e-02	2.43e-03	5.25e-05	3.55e-06	1.38e-07	0.00e+00	0.00e+00
 2.71838e+23	1.36e-14	8.35e-10	1.62e-07	4.28e-06	1.47e-03	5.27e-02	3.99e-01	4.99e-01	4.55e-02	2.40e-03	5.16e-05	3.48e-06	1.35e-07	0.00e+00	0.00e+00
 2.75203e+23	1.39e-14	8.48e-10	1.64e-07	4.33e-06	1.49e-03	5.30e-02	4.00e-01	4.98e-01	4.52e-02	2.38e-03	5.10e-05	3.43e-06	1.33e-07	0.00e+00	0.00e+00
 2.78324e+23	1.41e-14	8.56e-10	1.66e-07	4.37e-06	1.49e-03	5.32e-02	4.01e-01	4.97e-01	4.50e-02	2.36e-03	5.06e-05	3.40e-06	1.32e-07	0.00e+00	0.00e+00
 2.81379e+23	1.42e-14	8.65e-10	1.67e-07	4.41e-06	1.50e-03	5.34e-02	4.01e-01	4.97e-01	4.48e-02	2.35e-03	5.02e-05	3.37e-06	1.30e-07	0.00e+00	0.00e+00
 2.84433e+23	1.45e-14	8.76e-10	1.70e-07	4.46e-06	1.52e-03	5.37e-02	4.02e-01	4.96e-01	4.46e-02	2.33e-03	4.96e-05	3.33e-06	1.28e-07	0.00e+00	0.00e+00
