#depth	Cl	Cl+	Cl+2	Cl+3	Cl+4	Cl+5	Cl+6	Cl+7	Cl+8	Cl+9	Cl+10	Cl+11	Cl+12	Cl+13	Cl+14	Cl+15	Cl+16	Cl+17
 6.17135e+19	0.00e+00	0.00e+00	0.00e+00	0.00e+00	0.00e+00	5.55e-28	5.54e-24	1.09e-19	2.18e-16	1.67e-13	5.33e-11	8.51e-09	7.10e-07	3.49e-05	1.51e-03	1.05e-01	4.08e-01	4.86e-01
 1.87609e+20	0.00e+00	0.00e+00	0.00e+00	0.00e+00	0.00e+00	1.72e-27	1.51e-23	2.72e-19	5.05e-16	3.57e-13	1.05e-10	1.53e-08	1.16e-06	5.09e-05	1.96e-03	1.22e-01	4.24e-01	4.53e-01
 2.93222e+20	0.00e+00	0.00e+00	0.00e+00	0.00e+00	0.00e+00	4.20e-27	3.33e-23	5.64e-19	9.83e-16	6.52e-13	1.79e-10	2.45e-08	1.72e-06	6.85e-05	2.41e-03	1.37e-01	4.35e-01	4.26e-01
 3.69049e+20	0.00e+00	0.00e+00	0.00e+00	0.00e+00	0.00e+00	7.65e-27	5.64e-23	9.26e-19	1.55e-15	9.84e-13	2.57e-10	3.36e-08	2.24e-06	8.37e-05	2.78e-03	1.48e-01	4.42e-01	4.07e-01
 4.22245e+20	0.00e+00	0.00e+00	0.00e+00	0.00e+00	0.00e+00	1.17e-26	8.22e-23	1.32e-18	2.14e-15	1.32e-12	3.34e-10	4.22e-08	2.71e-06	9.66e-05	3.06e-03	1.56e-01	4.47e-01	3.94e-01
 4.56301e+20	0.00e+00	0.00e+00	0.00e+00	0.00e+00	0.00e+00	1.50e-26	1.02e-22	1.62e-18	2.59e-15	1.56e-12	3.88e-10	4.81e-08	3.02e-06	1.05e-04	3.24e-03	1.61e-01	4.49e-01	3.87e-01
 4.91390e+20	0.00e+00	0.00e+00	0.00e+00	0.00e+00	0.00e+00	1.95e-26	1.29e-22	2.01e-18	3.16e-15	1.87e-12	4.55e-10	5.53e-08	3.39e-06	1.14e-04	3.44e-03	1.66e-01	4.52e-01	3.79e-01
 5.37005e+20	0.00e+00	0.00e+00	0.00e+00	0.00e+00	0.00e+00	1.56e-26	1.74e-22	2.67e-18	4.09e-15	2.36e-12	5.60e-10	6.62e-08	3.93e-06	1.28e-04	3.72e-03	1.73e-01	4.55e-01	3.68e-01
 5.88555e+20	0.00e+00	0.00e+00	0.00e+00	0.00e+00	0.00e+00	4.02e-26	2.43e-22	3.65e-18	5.45e-15	3.07e-12	7.05e-10	8.10e-08	4.65e-06	1.45e-04	4.05e-03	1.81e-01	4.58e-01	3.57e-01
 6.37210e+20	0.00e+00	0.00e+00	0.00e+00	0.00e+00	0.00e+00	3.26e-26	3.32e-22	4.88e-18	7.12e-15	3.91e-12	8.73e-10	9.76e-08	5.42e-06	1.63e-04	4.38e-03	1.89e-01	4.60e-01	3.46e-01
 6.82485e+20	0.00e+00	0.00e+00	0.00e+00	0.00e+00	0.00e+00	4.48e-26	4.40e-22	6.35e-18	9.08e-15	4.87e-12	1.06e-09	1.16e-07	6.24e-06	1.81e-04	4.71e-03	1.96e-01	4.62e-01	3.37e-01
 7.33977e+20	0.00e+00	0.00e+00	0.00e+00	0.00e+00	0.00e+00	6.38e-26	6.01e-22	8.53e-18	1.19e-14	6.22e-12	1.32e-09	1.39e-07	7.28e-06	2.04e-04	5.09e-03	2.04e-01	4.64e-01	3.26e-01
 7.91811e+20	0.00e+00	0.00e+00	0.00e+00	0.00e+00	0.00e+00	9.52e-26	8.54e-22	1.18e-17	1.61e-14	8.18e-12	1.68e-09	1.72e-07	8.66e-06	2.32e-04	5.55e-03	2.14e-01	4.66e-01	3.14e-01
 8.45977e+20	0.00e+00	0.00e+00	0.00e+00	0.00e+00	0.00e+00	1.38e-25	1.18e-21	1.60e-17	2.13e-14	1.05e-11	2.10e-09	2.09e-07	1.02e-05	2.62e-04	6.02e-03	2.23e-01	4.68e-01	3.03e-01
 8.96087e+20	0.00e+00	0.00e+00	0.00e+00	0.00e+00	0.00e+00	1.91e-25	1.57e-21	2.10e-17	2.73e-14	1.32e-11	2.56e-09	2.48e-07	1.17e-05	2.90e-04	6.45e-03	2.31e-01	4.68e-01	2.94e-01
 9.52838e+20	0.00e+00	0.00e+00	0.00e+00	0.00e+00	0.00e+00	2.73e-25	2.16e-21	2.84e-17	3.60e-14	1.69e-11	3.19e-09	3.00e-07	1.37e-05	3.26e-04	6.98e-03	2.40e-01	4.69e-01	2.84e-01
 1.01410e+21	0.00e+00	0.00e+00	0.00e+00	0.00e+00	0.00e+00	4.06e-25	3.06e-21	3.92e-17	4.85e-14	2.22e-11	4.05e-09	3.69e-07	1.62e-05	3.70e-04	7.58e-03	2.50e-01	4.69e-01	2.73e-01
 1.06802e+21	0.00e+00	0.00e+00	0.00e+00	0.00e+00	0.00e+00	5.68e-25	4.11e-21	5.18e-17	6.26e-14	2.79e-11	4.96e-09	4.40e-07	1.87e-05	4.12e-04	8.14e-03	2.59e-01	4.69e-01	2.63e-01
 1.12490e+21	0.00e+00	0.00e+00	0.00e+00	0.00e+00	0.00e+00	7.98e-25	5.55e-21	6.88e-17	8.14e-14	3.54e-11	6.11e-09	5.26e-07	2.17e-05	4.59e-04	8.74e-03	2.68e-01	4.69e-01	2.54e-01
 1.19885e+21	0.00e+00	0.00e+00	0.00e+00	0.00e+00	0.00e+00	1.24e-24	8.17e-21	9.92e-17	1.14e-13	4.79e-11	7.99e-09	6.63e-07	2.62e-05	5.28e-04	9.57e-03	2.80e-01	4.68e-01	2.42e-01
 1.27290e+21	0.00e+00	0.00e+00	0.00e+00	0.00e+00	2.36e-28	1.94e-24	1.21e-20	1.43e-16	1.59e-13	6.48e-11	1.04e-08	8.33e-07	3.16e-05	6.06e-04	1.05e-02	2.92e-01	4.66e-01	2.30e-01
 1.33061e+21	0.00e+00	0.00e+00	0.00e+00	0.00e+00	3.42e-28	2.69e-24	1.61e-20	1.87e-16	2.05e-13	8.14e-11	1.27e-08	9.90e-07	3.63e-05	6.72e-04	1.12e-02	3.02e-01	4.65e-01	2.22e-01
 1.38914e+21	0.00e+00	0.00e+00	0.00e+00	0.00e+00	4.91e-28	3.70e-24	2.14e-20	2.46e-16	2.62e-13	1.02e-10	1.55e-08	1.17e-06	4.17e-05	7.44e-04	1.19e-02	3.11e-01	4.63e-01	2.13e-01
 1.46523e+21	0.00e+00	0.00e+00	0.00e+00	0.00e+00	7.86e-28	5.63e-24	3.09e-20	3.48e-16	3.61e-13	1.36e-10	2.00e-08	1.46e-06	4.97e-05	8.46e-04	1.30e-02	3.23e-01	4.60e-01	2.03e-01
 1.54101e+21	0.00e+00	0.00e+00	0.00e+00	0.00e+00	1.26e-27	8.59e-24	4.47e-20	4.90e-16	4.96e-13	1.81e-10	2.56e-08	1.81e-06	5.92e-05	9.62e-04	1.41e-02	3.35e-01	4.57e-01	1.93e-01
 1.59923e+21	0.00e+00	0.00e+00	0.00e+00	0.00e+00	1.79e-27	1.17e-23	5.85e-20	6.33e-16	6.28e-13	2.24e-10	3.09e-08	2.12e-06	6.73e-05	1.06e-03	1.49e-02	3.44e-01	4.54e-01	1.86e-01
 1.65779e+21	0.00e+00	0.00e+00	0.00e+00	0.00e+00	2.50e-27	1.57e-23	7.61e-20	8.14e-16	7.91e-13	2.76e-10	3.71e-08	2.47e-06	7.63e-05	1.16e-03	1.58e-02	3.53e-01	4.51e-01	1.79e-01
 1.73391e+21	0.00e+00	0.00e+00	0.00e+00	0.00e+00	3.86e-27	2.31e-23	1.07e-19	1.12e-15	1.06e-12	3.60e-10	4.68e-08	3.02e-06	8.96e-05	1.30e-03	1.71e-02	3.65e-01	4.47e-01	1.70e-01
 1.81465e+21	0.00e+00	0.00e+00	0.00e+00	0.00e+00	6.15e-27	3.50e-23	1.54e-19	1.58e-15	1.45e-12	4.77e-10	5.99e-08	3.72e-06	1.06e-04	1.47e-03	1.84e-02	3.77e-01	4.42e-01	1.61e-01
 1.88385e+21	0.00e+00	0.00e+00	0.00e+00	0.00e+00	9.03e-27	4.93e-23	2.07e-19	2.09e-15	1.89e-12	6.03e-10	7.35e-08	4.43e-06	1.22e-04	1.63e-03	1.96e-02	3.87e-01	4.38e-01	1.54e-01
 1.95627e+21	0.00e+00	0.00e+00	0.00e+00	0.00e+00	1.33e-26	6.93e-23	2.80e-19	2.79e-15	2.46e-12	7.65e-10	9.05e-08	5.29e-06	1.41e-04	1.81e-03	2.09e-02	3.97e-01	4.33e-01	1.47e-01
 2.05042e+21	0.00e+00	0.00e+00	0.00e+00	0.00e+00	2.19e-26	1.08e-22	4.14e-19	4.04e-15	3.45e-12	1.04e-09	1.18e-07	6.63e-06	1.69e-04	2.06e-03	2.27e-02	4.11e-01	4.26e-01	1.38e-01
 2.14538e+21	0.00e+00	0.00e+00	0.00e+00	0.00e+00	3.64e-26	1.70e-22	6.14e-19	5.85e-15	4.86e-12	1.41e-09	1.54e-07	8.33e-06	2.02e-04	2.35e-03	2.46e-02	4.24e-01	4.20e-01	1.29e-01
 2.22029e+21	0.00e+00	0.00e+00	0.00e+00	0.00e+00	5.34e-26	2.39e-22	8.27e-19	7.76e-15	6.30e-12	1.79e-09	1.89e-07	9.89e-06	2.32e-04	2.60e-03	2.61e-02	4.34e-01	4.14e-01	1.23e-01
 2.28577e+21	0.00e+00	0.00e+00	0.00e+00	0.00e+00	7.39e-26	3.19e-22	1.07e-18	9.89e-15	7.88e-12	2.18e-09	2.25e-07	1.15e-05	2.61e-04	2.83e-03	2.75e-02	4.42e-01	4.09e-01	1.18e-01
 2.36011e+21	0.00e+00	0.00e+00	0.00e+00	0.00e+00	1.06e-25	4.39e-22	1.42e-18	1.30e-14	1.01e-11	2.73e-09	2.73e-07	1.35e-05	2.97e-04	3.10e-03	2.91e-02	4.52e-01	4.03e-01	1.12e-01
 2.45676e+21	0.00e+00	0.00e+00	0.00e+00	0.00e+00	1.69e-25	6.65e-22	2.04e-18	1.83e-14	1.39e-11	3.63e-09	3.50e-07	1.67e-05	3.51e-04	3.50e-03	3.12e-02	4.64e-01	3.96e-01	1.05e-01
 2.55556e+21	0.00e+00	0.00e+00	0.00e+00	0.00e+00	2.75e-25	1.02e-21	2.96e-18	2.60e-14	1.92e-11	4.86e-09	4.51e-07	2.06e-05	4.16e-04	3.95e-03	3.35e-02	4.76e-01	3.88e-01	9.87e-02
 2.63538e+21	0.00e+00	0.00e+00	0.00e+00	0.00e+00	3.99e-25	1.42e-21	3.95e-18	3.43e-14	2.48e-11	6.10e-09	5.50e-07	2.43e-05	4.75e-04	4.33e-03	3.55e-02	4.85e-01	3.81e-01	9.36e-02
 2.71735e+21	0.00e+00	0.00e+00	0.00e+00	0.00e+00	5.76e-25	1.97e-21	5.26e-18	4.52e-14	3.19e-11	7.66e-09	6.69e-07	2.87e-05	5.41e-04	4.76e-03	3.75e-02	4.94e-01	3.75e-01	8.87e-02
 2.82391e+21	0.00e+00	0.00e+00	0.00e+00	0.00e+00	9.29e-25	3.01e-21	7.63e-18	6.45e-14	4.42e-11	1.03e-08	8.62e-07	3.55e-05	6.41e-04	5.36e-03	4.02e-02	5.05e-01	3.66e-01	8.27e-02
 2.93407e+21	0.00e+00	0.00e+00	0.00e+00	2.51e-28	1.53e-24	4.69e-21	1.12e-17	9.27e-14	6.19e-11	1.39e-08	1.12e-06	4.42e-05	7.61e-04	6.06e-03	4.31e-02	5.17e-01	3.56e-01	7.69e-02
 3.02384e+21	0.00e+00	0.00e+00	0.00e+00	3.88e-28	2.26e-24	6.62e-21	1.52e-17	1.24e-13	8.07e-11	1.76e-08	1.37e-06	5.26e-05	8.72e-04	6.66e-03	4.55e-02	5.25e-01	3.49e-01	7.25e-02
 3.11551e+21	0.00e+00	0.00e+00	0.00e+00	5.93e-28	3.31e-24	9.27e-21	2.04e-17	1.65e-13	1.05e-10	2.23e-08	1.69e-06	6.23e-05	9.97e-04	7.32e-03	4.81e-02	5.34e-01	3.41e-01	6.83e-02
 3.21693e+21	0.00e+00	0.00e+00	0.00e+00	9.59e-28	5.10e-24	1.36e-20	2.85e-17	2.26e-13	1.41e-10	2.90e-08	2.11e-06	7.53e-05	1.16e-03	8.13e-03	5.10e-02	5.43e-01	3.33e-01	6.39e-02
 3.30942e+21	0.00e+00	0.00e+00	0.00e+00	1.47e-27	7.49e-24	1.91e-20	3.83e-17	3.01e-13	1.83e-10	3.66e-08	2.59e-06	8.91e-05	1.32e-03	8.91e-03	5.37e-02	5.51e-01	3.25e-01	6.01e-02
 3.39478e+21	0.00e+00	0.00e+00	0.00e+00	2.16e-27	1.06e-23	2.59e-20	5.00e-17	3.88e-13	2.31e-10	4.52e-08	3.10e-06	1.04e-04	1.49e-03	9.69e-03	5.63e-02	5.58e-01	3.18e-01	5.68e-02
 3.49252e+21	0.00e+00	0.00e+00	0.00e+00	3.31e-27	1.55e-23	3.64e-20	6.72e-17	5.18e-13	3.02e-10	5.74e-08	3.80e-06	1.23e-04	1.70e-03	1.06e-02	5.93e-02	5.65e-01	3.10e-01	5.33e-02
 3.61959e+21	0.00e+00	0.00e+00	0.00e+00	5.77e-27	2.55e-23	5.65e-20	9.86e-17	7.49e-13	4.24e-10	7.78e-08	4.94e-06	1.53e-04	2.01e-03	1.20e-02	6.33e-02	5.74e-01	3.00e-01	4.91e-02
 3.74709e+21	0.00e+00	0.00e+00	0.00e+00	1.01e-26	4.23e-23	8.84e-20	1.45e-16	1.08e-12	5.96e-10	1.06e-07	6.43e-06	1.90e-04	2.39e-03	1.35e-02	6.74e-02	5.82e-01	2.89e-01	4.51e-02
 3.84616e+21	0.00e+00	0.00e+00	0.00e+00	1.54e-26	6.16e-23	1.23e-19	1.93e-16	1.43e-12	7.71e-10	1.33e-07	7.83e-06	2.24e-04	2.71e-03	1.47e-02	7.07e-02	5.88e-01	2.81e-01	4.23e-02
 3.94597e+21	0.00e+00	0.00e+00	0.00e+00	2.31e-26	8.84e-23	1.69e-19	2.55e-16	1.88e-12	9.91e-10	1.66e-07	9.50e-06	2.63e-04	3.07e-03	1.60e-02	7.41e-02	5.93e-01	2.74e-01	3.96e-02
 4.07571e+21	0.00e+00	0.00e+00	0.00e+00	3.91e-26	1.42e-22	2.57e-19	3.67e-16	2.67e-12	1.37e-09	2.23e-07	1.22e-05	3.23e-04	3.60e-03	1.79e-02	7.85e-02	6.00e-01	2.64e-01	3.64e-02
 4.20151e+21	0.00e+00	0.00e+00	0.00e+00	6.60e-26	2.27e-22	3.88e-19	5.24e-16	3.75e-12	1.88e-09	2.95e-07	1.55e-05	3.95e-04	4.20e-03	1.99e-02	8.30e-02	6.05e-01	2.54e-01	3.35e-02
 4.29063e+21	0.00e+00	0.00e+00	0.00e+00	9.39e-26	3.11e-22	5.13e-19	6.66e-16	4.75e-12	2.34e-09	3.59e-07	1.84e-05	4.53e-04	4.67e-03	2.14e-02	8.62e-02	6.09e-01	2.47e-01	3.16e-02
 4.37494e+21	0.00e+00	0.00e+00	0.00e+00	1.29e-25	4.14e-22	6.58e-19	8.29e-16	5.90e-12	2.86e-09	4.29e-07	2.14e-05	5.14e-04	5.15e-03	2.28e-02	8.92e-02	6.11e-01	2.41e-01	2.99e-02
 4.48453e+21	0.00e+00	0.00e+00	0.00e+00	1.97e-25	6.03e-22	9.17e-19	1.10e-15	7.81e-12	3.71e-09	5.42e-07	2.61e-05	6.05e-04	5.84e-03	2.49e-02	9.32e-02	6.15e-01	2.33e-01	2.78e-02
 4.60498e+21	0.00e+00	0.00e+00	0.00e+00	3.15e-25	9.17e-22	1.32e-18	1.51e-15	1.06e-11	4.93e-09	6.99e-07	3.25e-05	7.24e-04	6.71e-03	2.73e-02	9.77e-02	6.18e-01	2.24e-01	2.56e-02
 4.70363e+21	0.00e+00	0.00e+00	0.00e+00	4.60e-25	1.29e-21	1.78e-18	1.95e-15	1.36e-11	6.21e-09	8.59e-07	3.87e-05	8.37e-04	7.50e-03	2.94e-02	1.01e-01	6.19e-01	2.17e-01	2.40e-02
 4.77887e+21	0.00e+00	0.00e+00	0.00e+00	6.06e-25	1.64e-21	2.21e-18	2.35e-15	1.64e-11	7.37e-09	1.00e-06	4.41e-05	9.32e-04	8.14e-03	3.11e-02	1.04e-01	6.21e-01	2.12e-01	2.28e-02
 4.85961e+21	0.00e+00	0.00e+00	0.00e+00	8.14e-25	2.14e-21	2.78e-18	2.87e-15	2.00e-11	8.86e-09	1.18e-06	5.08e-05	1.04e-03	8.89e-03	3.30e-02	1.07e-01	6.21e-01	2.07e-01	2.16e-02
 4.96458e+21	0.00e+00	0.00e+00	0.00e+00	1.19e-24	3.00e-21	3.74e-18	3.70e-15	2.57e-11	1.12e-08	1.45e-06	6.06e-05	1.21e-03	9.93e-03	3.55e-02	1.11e-01	6.22e-01	2.00e-01	2.02e-02
 5.06893e+21	0.00e+00	0.00e+00	1.84e-28	1.75e-24	4.24e-21	5.07e-18	4.80e-15	3.30e-11	1.41e-08	1.80e-06	7.25e-05	1.40e-03	1.11e-02	3.83e-02	1.15e-01	6.22e-01	1.93e-01	1.88e-02
 5.14656e+21	0.00e+00	0.00e+00	2.51e-28	2.32e-24	5.44e-21	6.30e-18	5.78e-15	3.98e-11	1.68e-08	2.10e-06	8.28e-05	1.56e-03	1.21e-02	4.05e-02	1.18e-01	6.22e-01	1.87e-01	1.78e-02
 5.22156e+21	0.00e+00	0.00e+00	3.34e-28	2.99e-24	6.83e-21	7.68e-18	6.86e-15	4.73e-11	1.97e-08	2.42e-06	9.34e-05	1.72e-03	1.30e-02	4.25e-02	1.21e-01	6.22e-01	1.83e-01	1.70e-02
 5.31906e+21	0.00e+00	0.00e+00	4.87e-28	4.21e-24	9.25e-21	1.00e-17	8.60e-15	5.92e-11	2.43e-08	2.92e-06	1.10e-04	1.96e-03	1.43e-02	4.54e-02	1.25e-01	6.21e-01	1.77e-01	1.59e-02
 5.42195e+21	0.00e+00	0.00e+00	7.29e-28	6.07e-24	1.28e-20	1.33e-17	1.10e-14	7.52e-11	3.04e-08	3.56e-06	1.30e-04	2.25e-03	1.59e-02	4.86e-02	1.29e-01	6.19e-01	1.70e-01	1.48e-02
 5.50765e+21	0.00e+00	0.00e+00	1.01e-27	8.17e-24	1.67e-20	1.67e-17	1.33e-14	9.14e-11	3.64e-08	4.19e-06	1.49e-04	2.51e-03	1.73e-02	5.14e-02	1.32e-01	6.17e-01	1.65e-01	1.39e-02
 5.59490e+21	0.00e+00	0.00e+00	1.39e-27	1.08e-23	2.14e-20	2.08e-17	1.61e-14	1.10e-10	4.34e-08	4.90e-06	1.70e-04	2.80e-03	1.88e-02	5.42e-02	1.35e-01	6.15e-01	1.60e-01	1.31e-02
 5.69274e+21	0.00e+00	0.00e+00	2.03e-27	1.53e-23	2.90e-20	2.71e-17	2.01e-14	1.38e-10	5.35e-08	5.91e-06	2.00e-04	3.18e-03	2.07e-02	5.78e-02	1.39e-01	6.12e-01	1.54e-01	1.23e-02
 5.77882e+21	0.00e+00	0.00e+00	2.80e-27	2.04e-23	3.77e-20	3.40e-17	2.43e-14	1.67e-10	6.40e-08	6.93e-06	2.28e-04	3.55e-03	2.25e-02	6.09e-02	1.43e-01	6.10e-01	1.49e-01	1.15e-02
 5.85142e+21	0.00e+00	0.00e+00	3.66e-27	2.60e-23	4.66e-20	4.09e-17	2.85e-14	1.96e-10	7.42e-08	7.92e-06	2.56e-04	3.89e-03	2.41e-02	6.37e-02	1.45e-01	6.07e-01	1.45e-01	1.09e-02
 5.93201e+21	0.00e+00	0.00e+00	4.89e-27	3.37e-23	5.86e-20	4.99e-17	3.37e-14	2.33e-10	8.71e-08	9.13e-06	2.88e-04	4.28e-03	2.59e-02	6.68e-02	1.48e-01	6.04e-01	1.41e-01	1.04e-02
 6.03678e+21	0.00e+00	0.00e+00	7.13e-27	4.73e-23	7.92e-20	6.48e-17	4.21e-14	2.91e-10	1.07e-07	1.10e-05	3.38e-04	4.86e-03	2.85e-02	7.10e-02	1.52e-01	5.99e-01	1.35e-01	9.61e-03
 6.14393e+21	0.00e+00	0.00e+00	1.06e-26	6.76e-23	1.09e-19	8.52e-17	5.30e-14	3.65e-10	1.33e-07	1.33e-05	3.97e-04	5.54e-03	3.14e-02	7.55e-02	1.56e-01	5.94e-01	1.29e-01	8.88e-03
 6.22866e+21	0.00e+00	0.00e+00	1.43e-26	8.87e-23	1.38e-19	1.05e-16	6.32e-14	4.36e-10	1.57e-07	1.55e-05	4.50e-04	6.13e-03	3.39e-02	7.92e-02	1.59e-01	5.89e-01	1.25e-01	8.35e-03
 6.31328e+21	0.00e+00	0.00e+00	1.92e-26	1.15e-22	1.74e-19	1.28e-16	7.48e-14	5.18e-10	1.84e-07	1.79e-05	5.08e-04	6.75e-03	3.64e-02	8.29e-02	1.61e-01	5.84e-01	1.20e-01	7.85e-03
 6.42329e+21	0.00e+00	0.00e+00	2.81e-26	1.63e-22	2.36e-19	1.66e-16	9.33e-14	6.48e-10	2.27e-07	2.15e-05	5.95e-04	7.66e-03	4.00e-02	8.79e-02	1.65e-01	5.77e-01	1.15e-01	7.24e-03
 6.53161e+21	0.00e+00	0.00e+00	4.16e-26	2.31e-22	3.22e-19	2.18e-16	1.17e-13	8.10e-10	2.80e-07	2.60e-05	6.98e-04	8.69e-03	4.39e-02	9.32e-02	1.68e-01	5.69e-01	1.09e-01	6.66e-03
 6.61114e+21	0.00e+00	0.00e+00	5.44e-26	2.94e-22	3.99e-19	2.62e-16	1.36e-13	9.47e-10	3.24e-07	2.96e-05	7.78e-04	9.48e-03	4.68e-02	9.69e-02	1.71e-01	5.63e-01	1.06e-01	6.28e-03
 6.68794e+21	0.00e+00	0.00e+00	7.02e-26	3.70e-22	4.88e-19	3.11e-16	1.58e-13	1.10e-09	3.72e-07	3.35e-05	8.64e-04	1.03e-02	4.98e-02	1.01e-01	1.73e-01	5.58e-01	1.02e-01	5.93e-03
 6.78778e+21	0.00e+00	0.00e+00	9.83e-26	5.00e-22	6.36e-19	3.91e-16	1.91e-13	1.33e-09	4.46e-07	3.94e-05	9.90e-04	1.15e-02	5.38e-02	1.06e-01	1.76e-01	5.50e-01	9.75e-02	5.50e-03
 6.89385e+21	0.00e+00	0.00e+00	1.41e-25	6.92e-22	8.48e-19	5.01e-16	2.35e-13	1.64e-09	5.40e-07	4.68e-05	1.14e-03	1.28e-02	5.85e-02	1.11e-01	1.78e-01	5.40e-01	9.28e-02	5.06e-03
 6.98340e+21	0.00e+00	0.00e+00	1.90e-25	9.06e-22	1.07e-18	6.14e-16	2.78e-13	1.94e-09	6.33e-07	5.39e-05	1.29e-03	1.41e-02	6.27e-02	1.16e-01	1.80e-01	5.32e-01	8.89e-02	4.72e-03
 7.07519e+21	0.00e+00	0.00e+00	2.56e-25	1.18e-21	1.36e-18	7.49e-16	3.29e-13	2.30e-09	7.41e-07	6.21e-05	1.45e-03	1.55e-02	6.70e-02	1.20e-01	1.82e-01	5.24e-01	8.51e-02	4.39e-03
 7.19453e+21	0.00e+00	0.00e+00	3.76e-25	1.67e-21	1.84e-18	9.72e-16	4.09e-13	2.85e-09	9.07e-07	7.45e-05	1.69e-03	1.74e-02	7.31e-02	1.27e-01	1.85e-01	5.12e-01	8.02e-02	4.00e-03
 7.31427e+21	0.00e+00	0.00e+00	5.59e-25	2.38e-21	2.51e-18	1.27e-15	5.11e-13	3.55e-09	1.11e-06	8.94e-05	1.97e-03	1.97e-02	7.96e-02	1.33e-01	1.87e-01	5.00e-01	7.54e-02	3.62e-03
 7.40499e+21	0.00e+00	0.00e+00	7.46e-25	3.08e-21	3.16e-18	1.55e-15	6.01e-13	4.16e-09	1.29e-06	1.02e-04	2.20e-03	2.14e-02	8.47e-02	1.38e-01	1.88e-01	4.90e-01	7.20e-02	3.36e-03
 7.49339e+21	0.00e+00	0.00e+00	9.83e-25	3.94e-21	3.92e-18	1.86e-15	7.00e-13	4.86e-09	1.49e-06	1.16e-04	2.45e-03	2.33e-02	8.99e-02	1.43e-01	1.89e-01	4.81e-01	6.87e-02	3.13e-03
 7.60830e+21	0.00e+00	0.00e+00	1.39e-24	5.39e-21	5.17e-18	2.36e-15	8.53e-13	5.88e-09	1.78e-06	1.37e-04	2.80e-03	2.58e-02	9.67e-02	1.48e-01	1.90e-01	4.68e-01	6.47e-02	2.85e-03
 7.73187e+21	0.00e+00	0.00e+00	2.05e-24	7.61e-21	7.01e-18	3.06e-15	1.06e-12	7.24e-09	2.16e-06	1.62e-04	3.23e-03	2.88e-02	1.04e-01	1.55e-01	1.91e-01	4.54e-01	6.05e-02	2.57e-03
 7.83729e+21	0.00e+00	1.82e-28	2.83e-24	1.02e-20	9.03e-18	3.80e-15	1.27e-12	8.60e-09	2.54e-06	1.87e-04	3.64e-03	3.16e-02	1.11e-01	1.60e-01	1.92e-01	4.42e-01	5.71e-02	2.35e-03
 7.93055e+21	0.00e+00	2.47e-28	3.72e-24	1.30e-20	1.12e-17	4.57e-15	1.48e-12	9.97e-09	2.92e-06	2.12e-04	4.03e-03	3.41e-02	1.18e-01	1.65e-01	1.92e-01	4.31e-01	5.42e-02	2.17e-03
 8.03738e+21	0.00e+00	3.47e-28	5.07e-24	1.71e-20	1.43e-17	5.63e-15	1.76e-12	1.18e-08	3.40e-06	2.43e-04	4.52e-03	3.72e-02	1.25e-01	1.70e-01	1.92e-01	4.19e-01	5.11e-02	1.99e-03
 8.15646e+21	0.00e+00	5.09e-28	7.19e-24	2.35e-20	1.89e-17	7.14e-15	2.14e-12	1.41e-08	4.03e-06	2.83e-04	5.12e-03	4.09e-02	1.33e-01	1.75e-01	1.91e-01	4.05e-01	4.77e-02	1.79e-03
 8.26537e+21	0.00e+00	7.19e-28	9.84e-24	3.11e-20	2.42e-17	8.82e-15	2.54e-12	1.66e-08	4.68e-06	3.24e-04	5.72e-03	4.45e-02	1.41e-01	1.80e-01	1.91e-01	3.92e-01	4.47e-02	1.63e-03
 8.36500e+21	0.00e+00	9.84e-28	1.31e-23	4.01e-20	3.02e-17	1.07e-14	2.98e-12	1.92e-08	5.37e-06	3.66e-04	6.33e-03	4.80e-02	1.48e-01	1.85e-01	1.90e-01	3.80e-01	4.21e-02	1.49e-03
 8.47867e+21	0.00e+00	1.37e-27	1.77e-23	5.26e-20	3.84e-17	1.31e-14	3.53e-12	2.25e-08	6.20e-06	4.16e-04	7.03e-03	5.18e-02	1.56e-01	1.89e-01	1.88e-01	3.67e-01	3.95e-02	1.36e-03
 8.62644e+21	0.00e+00	2.12e-27	2.63e-23	7.51e-20	5.25e-17	1.71e-14	4.42e-12	2.76e-08	7.47e-06	4.91e-04	8.06e-03	5.73e-02	1.67e-01	1.94e-01	1.87e-01	3.49e-01	3.61e-02	1.20e-03
 8.77698e+21	0.00e+00	3.33e-27	3.96e-23	1.08e-19	7.27e-17	2.26e-14	5.55e-12	3.38e-08	9.00e-06	5.80e-04	9.23e-03	6.33e-02	1.78e-01	1.99e-01	1.84e-01	3.32e-01	3.29e-02	1.05e-03
 8.89125e+21	0.00e+00	4.62e-27	5.34e-23	1.42e-19	9.21e-17	2.77e-14	6.56e-12	3.92e-08	1.03e-05	6.55e-04	1.02e-02	6.80e-02	1.86e-01	2.03e-01	1.82e-01	3.19e-01	3.07e-02	9.47e-04
 8.99993e+21	0.00e+00	6.24e-27	7.02e-23	1.81e-19	1.14e-16	3.32e-14	7.64e-12	4.50e-08	1.17e-05	7.32e-04	1.12e-02	7.26e-02	1.94e-01	2.06e-01	1.80e-01	3.07e-01	2.87e-02	8.60e-04
 9.14123e+21	0.00e+00	9.09e-27	9.89e-23	2.47e-19	1.50e-16	4.20e-14	9.28e-12	5.34e-08	1.37e-05	8.39e-04	1.25e-02	7.86e-02	2.03e-01	2.09e-01	1.77e-01	2.92e-01	2.64e-02	7.63e-04
 9.29238e+21	0.00e+00	1.37e-26	1.44e-22	3.45e-19	2.02e-16	5.42e-14	1.15e-11	6.40e-08	1.61e-05	9.70e-04	1.40e-02	8.54e-02	2.14e-01	2.13e-01	1.73e-01	2.76e-01	2.40e-02	6.68e-04
 9.42069e+21	0.00e+00	1.92e-26	1.96e-22	4.55e-19	2.57e-16	6.68e-14	1.36e-11	7.43e-08	1.84e-05	1.09e-03	1.54e-02	9.13e-02	2.22e-01	2.15e-01	1.70e-01	2.63e-01	2.21e-02	5.98e-04
 9.55185e+21	0.00e+00	2.66e-26	2.63e-22	5.93e-19	3.25e-16	8.16e-14	1.61e-11	8.59e-08	2.10e-05	1.22e-03	1.69e-02	9.73e-02	2.31e-01	2.17e-01	1.66e-01	2.50e-01	2.04e-02	5.34e-04
 9.72235e+21	0.00e+00	4.04e-26	3.85e-22	8.37e-19	4.41e-16	1.06e-13	2.00e-11	1.03e-07	2.48e-05	1.41e-03	1.90e-02	1.05e-01	2.42e-01	2.18e-01	1.61e-01	2.34e-01	1.84e-02	4.62e-04
 9.89599e+21	0.00e+00	6.20e-26	5.70e-22	1.19e-18	6.03e-16	1.39e-13	2.50e-11	1.24e-07	2.92e-05	1.63e-03	2.13e-02	1.14e-01	2.52e-01	2.20e-01	1.56e-01	2.18e-01	1.64e-02	3.97e-04
 1.00326e+22	0.00e+00	8.56e-26	7.64e-22	1.55e-18	7.62e-16	1.69e-13	2.95e-11	1.43e-07	3.30e-05	1.82e-03	2.32e-02	1.21e-01	2.60e-01	2.20e-01	1.52e-01	2.07e-01	1.51e-02	3.53e-04
 1.01691e+22	0.00e+00	1.16e-25	1.01e-21	1.99e-18	9.48e-16	2.04e-13	3.45e-11	1.63e-07	3.72e-05	2.01e-03	2.51e-02	1.27e-01	2.67e-01	2.20e-01	1.48e-01	1.96e-01	1.39e-02	3.15e-04
 1.03465e+22	0.00e+00	1.71e-25	1.44e-21	2.75e-18	1.26e-15	2.61e-13	4.23e-11	1.94e-07	4.32e-05	2.29e-03	2.78e-02	1.36e-01	2.76e-01	2.20e-01	1.43e-01	1.82e-01	1.24e-02	2.72e-04
 1.05348e+22	0.00e+00	2.60e-25	2.11e-21	3.87e-18	1.71e-15	3.39e-13	5.26e-11	2.31e-07	5.04e-05	2.62e-03	3.08e-02	1.45e-01	2.85e-01	2.19e-01	1.37e-01	1.69e-01	1.10e-02	2.32e-04
 1.06914e+22	0.00e+00	3.63e-25	2.86e-21	5.09e-18	2.18e-15	4.18e-13	6.26e-11	2.66e-07	5.70e-05	2.91e-03	3.34e-02	1.53e-01	2.92e-01	2.17e-01	1.32e-01	1.58e-01	1.00e-02	2.03e-04
 1.08237e+22	0.00e+00	4.75e-25	3.66e-21	6.36e-18	2.65e-15	4.95e-13	7.20e-11	2.99e-07	6.31e-05	3.17e-03	3.57e-02	1.59e-01	2.98e-01	2.16e-01	1.29e-01	1.50e-01	9.22e-03	1.83e-04
 1.09700e+22	0.00e+00	6.34e-25	4.76e-21	8.06e-18	3.27e-15	5.92e-13	8.37e-11	3.39e-07	7.03e-05	3.47e-03	3.83e-02	1.67e-01	3.03e-01	2.14e-01	1.24e-01	1.41e-01	8.43e-03	1.62e-04
 1.11601e+22	0.00e+00	9.17e-25	6.68e-21	1.09e-17	4.29e-15	7.47e-13	1.02e-10	3.97e-07	8.05e-05	3.89e-03	4.18e-02	1.76e-01	3.10e-01	2.12e-01	1.19e-01	1.31e-01	7.51e-03	1.39e-04
 1.13577e+22	0.00e+00	1.35e-24	9.51e-21	1.51e-17	5.70e-15	9.55e-13	1.25e-10	4.66e-07	9.25e-05	4.37e-03	4.57e-02	1.85e-01	3.16e-01	2.09e-01	1.13e-01	1.20e-01	6.64e-03	1.18e-04
 1.15191e+22	0.00e+00	1.83e-24	1.25e-20	1.93e-17	7.11e-15	1.16e-12	1.46e-10	5.30e-07	1.03e-04	4.79e-03	4.89e-02	1.93e-01	3.21e-01	2.06e-01	1.09e-01	1.12e-01	6.02e-03	1.04e-04
 1.16832e+22	0.00e+00	2.44e-24	1.63e-20	2.45e-17	8.78e-15	1.38e-12	1.70e-10	6.01e-07	1.15e-04	5.23e-03	5.23e-02	2.00e-01	3.25e-01	2.03e-01	1.04e-01	1.05e-01	5.46e-03	9.17e-05
 1.18965e+22	0.00e+00	3.55e-24	2.30e-20	3.34e-17	1.16e-14	1.75e-12	2.07e-10	7.04e-07	1.31e-04	5.85e-03	5.68e-02	2.10e-01	3.29e-01	1.98e-01	9.88e-02	9.61e-02	4.81e-03	7.77e-05
 1.21201e+22	0.00e+00	5.27e-24	3.31e-20	4.64e-17	1.55e-14	2.25e-12	2.55e-10	8.30e-07	1.51e-04	6.55e-03	6.18e-02	2.20e-01	3.33e-01	1.94e-01	9.31e-02	8.74e-02	4.20e-03	6.52e-05
 1.23063e+22	0.00e+00	7.22e-24	4.41e-20	6.02e-17	1.95e-14	2.75e-12	3.01e-10	9.48e-07	1.68e-04	7.18e-03	6.60e-02	2.28e-01	3.36e-01	1.89e-01	8.86e-02	8.08e-02	3.76e-03	5.65e-05
 1.24975e+22	0.00e+00	9.79e-24	5.83e-20	7.73e-17	2.43e-14	3.33e-12	3.53e-10	1.08e-06	1.88e-04	7.84e-03	7.04e-02	2.36e-01	3.38e-01	1.85e-01	8.43e-02	7.48e-02	3.37e-03	4.90e-05
 1.27116e+22	0.00e+00	1.39e-23	8.01e-20	1.03e-16	3.14e-14	4.15e-12	4.24e-10	1.25e-06	2.12e-04	8.65e-03	7.55e-02	2.45e-01	3.40e-01	1.80e-01	7.95e-02	6.84e-02	2.97e-03	4.17e-05
 1.29072e+22	0.00e+00	1.89e-23	1.06e-19	1.33e-16	3.94e-14	5.05e-12	5.00e-10	1.42e-06	2.36e-04	9.43e-03	8.04e-02	2.53e-01	3.41e-01	1.75e-01	7.54e-02	6.30e-02	2.65e-03	3.60e-05
 1.30846e+22	0.00e+00	2.47e-23	1.36e-19	1.67e-16	4.81e-14	5.99e-12	5.76e-10	1.59e-06	2.59e-04	1.02e-02	8.48e-02	2.60e-01	3.41e-01	1.71e-01	7.18e-02	5.86e-02	2.39e-03	3.16e-05
 1.32864e+22	0.00e+00	3.32e-23	1.79e-19	2.13e-16	5.97e-14	7.21e-12	6.74e-10	1.81e-06	2.87e-04	1.10e-02	8.99e-02	2.67e-01	3.41e-01	1.66e-01	6.80e-02	5.40e-02	2.13e-03	2.73e-05
 1.35487e+22	0.00e+00	4.86e-23	2.53e-19	2.91e-16	7.89e-14	9.17e-12	8.24e-10	2.12e-06	3.27e-04	1.22e-02	9.66e-02	2.76e-01	3.41e-01	1.60e-01	6.33e-02	4.85e-02	1.84e-03	2.26e-05
 1.38112e+22	0.00e+00	7.15e-23	3.60e-19	4.02e-16	1.05e-13	1.18e-11	1.01e-09	2.48e-06	3.72e-04	1.36e-02	1.04e-01	2.85e-01	3.40e-01	1.54e-01	5.87e-02	4.35e-02	1.59e-03	1.87e-05
 1.40047e+22	0.00e+00	9.36e-23	4.62e-19	5.03e-16	1.28e-13	1.39e-11	1.17e-09	2.78e-06	4.08e-04	1.46e-02	1.09e-01	2.91e-01	3.38e-01	1.49e-01	5.56e-02	4.02e-02	1.42e-03	1.63e-05
 1.41870e+22	0.00e+00	1.19e-22	5.75e-19	6.12e-16	1.53e-13	1.62e-11	1.32e-09	3.08e-06	4.44e-04	1.55e-02	1.14e-01	2.97e-01	3.37e-01	1.45e-01	5.29e-02	3.74e-02	1.29e-03	1.44e-05
 1.44240e+22	0.00e+00	1.63e-22	7.66e-19	7.93e-16	1.92e-13	1.97e-11	1.56e-09	3.51e-06	4.93e-04	1.69e-02	1.20e-01	3.04e-01	3.35e-01	1.39e-01	4.96e-02	3.40e-02	1.13e-03	1.22e-05
 1.46844e+22	0.00e+00	2.30e-22	1.05e-18	1.06e-15	2.48e-13	2.46e-11	1.88e-09	4.05e-06	5.53e-04	1.84e-02	1.28e-01	3.11e-01	3.31e-01	1.33e-01	4.60e-02	3.06e-02	9.83e-04	1.02e-05
 1.49144e+22	0.00e+00	3.09e-22	1.38e-18	1.35e-15	3.09e-13	2.97e-11	2.20e-09	4.58e-06	6.10e-04	1.99e-02	1.34e-01	3.17e-01	3.28e-01	1.28e-01	4.31e-02	2.79e-02	8.68e-04	8.72e-06
 1.51070e+22	0.00e+00	3.92e-22	1.72e-18	1.65e-15	3.68e-13	3.46e-11	2.49e-09	5.06e-06	6.61e-04	2.11e-02	1.40e-01	3.21e-01	3.25e-01	1.24e-01	4.09e-02	2.59e-02	7.84e-04	7.67e-06
 1.53117e+22	0.00e+00	5.01e-22	2.15e-18	2.02e-15	4.40e-13	4.04e-11	2.84e-09	5.61e-06	7.18e-04	2.25e-02	1.45e-01	3.26e-01	3.22e-01	1.20e-01	3.86e-02	2.39e-02	7.04e-04	6.71e-06
 1.55779e+22	0.00e+00	6.87e-22	2.87e-18	2.62e-15	5.55e-13	4.93e-11	3.36e-09	6.40e-06	7.97e-04	2.43e-02	1.53e-01	3.31e-01	3.18e-01	1.15e-01	3.59e-02	2.16e-02	6.13e-04	5.64e-06
 1.58525e+22	0.00e+00	9.56e-22	3.89e-18	3.45e-15	7.10e-13	6.10e-11	4.01e-09	7.33e-06	8.86e-04	2.64e-02	1.61e-01	3.37e-01	3.13e-01	1.09e-01	3.32e-02	1.94e-02	5.31e-04	4.71e-06
 1.60677e+22	0.00e+00	1.23e-21	4.88e-18	4.24e-15	8.53e-13	7.14e-11	4.57e-09	8.13e-06	9.61e-04	2.80e-02	1.67e-01	3.41e-01	3.09e-01	1.05e-01	3.12e-02	1.79e-02	4.75e-04	4.10e-06
 1.62770e+22	0.00e+00	1.54e-21	6.01e-18	5.11e-15	1.01e-12	8.23e-11	5.15e-09	8.95e-06	1.04e-03	2.96e-02	1.73e-01	3.44e-01	3.04e-01	1.01e-01	2.95e-02	1.65e-02	4.29e-04	3.61e-06
 1.65491e+22	0.00e+00	2.07e-21	7.89e-18	6.55e-15	1.25e-12	9.94e-11	6.03e-09	1.01e-05	1.14e-03	3.18e-02	1.81e-01	3.48e-01	2.99e-01	9.63e-02	2.74e-02	1.49e-02	3.74e-04	3.04e-06
 1.68407e+22	0.00e+00	2.85e-21	1.06e-17	8.56e-15	1.59e-12	1.22e-10	7.16e-09	1.16e-05	1.27e-03	3.43e-02	1.90e-01	3.52e-01	2.93e-01	9.13e-02	2.52e-02	1.34e-02	3.23e-04	2.54e-06
 1.70863e+22	0.00e+00	3.71e-21	1.35e-17	1.06e-14	1.93e-12	1.44e-10	8.22e-09	1.29e-05	1.38e-03	3.65e-02	1.97e-01	3.55e-01	2.87e-01	8.73e-02	2.36e-02	1.22e-02	2.86e-04	2.18e-06
 1.73343e+22	0.00e+00	4.74e-21	1.69e-17	1.30e-14	2.31e-12	1.68e-10	9.37e-09	1.43e-05	1.49e-03	3.87e-02	2.04e-01	3.57e-01	2.82e-01	8.35e-02	2.21e-02	1.11e-02	2.55e-04	1.89e-06
 1.76567e+22	0.00e+00	6.53e-21	2.26e-17	1.70e-14	2.92e-12	2.06e-10	1.11e-08	1.63e-05	1.65e-03	4.16e-02	2.13e-01	3.60e-01	2.75e-01	7.88e-02	2.02e-02	9.94e-03	2.19e-04	1.56e-06
 1.79750e+22	0.00e+00	9.07e-21	3.06e-17	2.23e-14	3.73e-12	2.55e-10	1.32e-08	1.86e-05	1.83e-03	4.48e-02	2.22e-01	3.62e-01	2.68e-01	7.41e-02	1.85e-02	8.83e-03	1.87e-04	1.29e-06
 1.82027e+22	0.00e+00	1.14e-20	3.77e-17	2.69e-14	4.40e-12	2.94e-10	1.49e-08	2.04e-05	1.97e-03	4.71e-02	2.29e-01	3.63e-01	2.63e-01	7.10e-02	1.74e-02	8.11e-03	1.68e-04	1.13e-06
 1.84139e+22	0.00e+00	1.37e-20	4.47e-17	3.14e-14	5.04e-12	3.30e-10	1.64e-08	2.21e-05	2.09e-03	4.92e-02	2.34e-01	3.64e-01	2.58e-01	6.84e-02	1.65e-02	7.56e-03	1.53e-04	1.01e-06
 1.86883e+22	0.00e+00	1.77e-20	5.64e-17	3.87e-14	6.07e-12	3.87e-10	1.88e-08	2.46e-05	2.26e-03	5.20e-02	2.42e-01	3.65e-01	2.52e-01	6.50e-02	1.53e-02	6.87e-03	1.35e-04	8.62e-07
 1.90451e+22	0.00e+00	2.43e-20	7.54e-17	5.03e-14	7.65e-12	4.73e-10	2.22e-08	2.80e-05	2.50e-03	5.57e-02	2.51e-01	3.66e-01	2.44e-01	6.10e-02	1.40e-02	6.10e-03	1.16e-04	7.12e-07
 1.94071e+22	0.00e+00	3.40e-20	1.03e-16	6.67e-14	9.84e-12	5.87e-10	2.65e-08	3.20e-05	2.76e-03	5.99e-02	2.61e-01	3.66e-01	2.36e-01	5.69e-02	1.26e-02	5.36e-03	9.78e-05	5.79e-07
 1.96803e+22	0.00e+00	4.33e-20	1.29e-16	8.16e-14	1.18e-11	6.86e-10	3.02e-08	3.53e-05	2.98e-03	6.30e-02	2.68e-01	3.65e-01	2.30e-01	5.40e-02	1.17e-02	4.87e-03	8.64e-05	4.97e-07
 1.99398e+22	0.00e+00	5.34e-20	1.56e-16	9.68e-14	1.37e-11	7.79e-10	3.37e-08	3.86e-05	3.18e-03	6.59e-02	2.74e-01	3.65e-01	2.25e-01	5.15e-02	1.10e-02	4.48e-03	7.76e-05	4.36e-07
 2.02771e+22	0.00e+00	7.07e-20	2.01e-16	1.22e-13	1.68e-11	9.29e-10	3.90e-08	4.33e-05	3.47e-03	6.99e-02	2.83e-01	3.64e-01	2.17e-01	4.84e-02	1.01e-02	4.01e-03	6.72e-05	3.65e-07
 2.06531e+22	0.00e+00	9.64e-20	2.67e-16	1.58e-13	2.11e-11	1.13e-09	4.58e-08	4.89e-05	3.80e-03	7.44e-02	2.91e-01	3.63e-01	2.10e-01	4.52e-02	9.18e-03	3.55e-03	5.74e-05	3.01e-07
 2.09985e+22	0.00e+00	1.28e-19	3.46e-16	1.99e-13	2.59e-11	1.35e-09	5.32e-08	5.48e-05	4.14e-03	7.88e-02	3.00e-01	3.61e-01	2.02e-01	4.23e-02	8.39e-03	3.16e-03	4.95e-05	2.51e-07
 2.13180e+22	0.00e+00	1.64e-19	4.35e-16	2.45e-13	3.11e-11	1.58e-09	6.05e-08	6.06e-05	4.46e-03	8.28e-02	3.07e-01	3.59e-01	1.96e-01	3.99e-02	7.74e-03	2.86e-03	4.33e-05	2.14e-07
 2.16846e+22	0.00e+00	2.16e-19	5.59e-16	3.07e-13	3.80e-11	1.87e-09	6.98e-08	6.78e-05	4.84e-03	8.75e-02	3.15e-01	3.56e-01	1.89e-01	3.73e-02	7.07e-03	2.54e-03	3.74e-05	1.79e-07
 2.21612e+22	0.00e+00	3.06e-19	7.70e-16	4.09e-13	4.90e-11	2.33e-09	8.37e-08	7.80e-05	5.37e-03	9.36e-02	3.25e-01	3.53e-01	1.80e-01	3.43e-02	6.30e-03	2.20e-03	3.10e-05	1.42e-07
 2.26272e+22	0.00e+00	4.39e-19	1.07e-15	5.52e-13	6.40e-11	2.93e-09	1.01e-07	8.97e-05	5.95e-03	1.00e-01	3.35e-01	3.49e-01	1.71e-01	3.13e-02	5.58e-03	1.89e-03	2.55e-05	0.00e+00
 2.29609e+22	0.00e+00	5.60e-19	1.34e-15	6.76e-13	7.64e-11	3.42e-09	1.15e-07	9.89e-05	6.39e-03	1.05e-01	3.42e-01	3.45e-01	1.65e-01	2.94e-02	5.13e-03	1.70e-03	2.23e-05	0.00e+00
 2.32759e+22	0.00e+00	6.89e-19	1.62e-15	8.00e-13	8.87e-11	3.87e-09	1.28e-07	1.08e-04	6.80e-03	1.09e-01	3.48e-01	3.42e-01	1.60e-01	2.78e-02	4.77e-03	1.55e-03	1.98e-05	0.00e+00
 2.36855e+22	2.16e-28	9.12e-19	2.09e-15	1.01e-12	1.09e-10	4.62e-09	1.48e-07	1.20e-04	7.37e-03	1.15e-01	3.55e-01	3.38e-01	1.53e-01	2.58e-02	4.32e-03	1.37e-03	1.69e-05	0.00e+00
 2.42179e+22	3.28e-28	1.30e-18	2.89e-15	1.35e-12	1.41e-10	5.75e-09	1.77e-07	1.38e-04	8.16e-03	1.23e-01	3.64e-01	3.32e-01	1.44e-01	2.35e-02	3.80e-03	1.17e-03	1.38e-05	0.00e+00
 2.47695e+22	5.10e-28	1.88e-18	4.07e-15	1.84e-12	1.86e-10	7.30e-09	2.16e-07	1.60e-04	9.05e-03	1.31e-01	3.74e-01	3.25e-01	1.36e-01	2.12e-02	3.32e-03	9.86e-04	1.12e-05	0.00e+00
 2.52121e+22	7.13e-28	2.51e-18	5.30e-15	2.33e-12	2.29e-10	8.74e-09	2.50e-07	1.79e-04	9.81e-03	1.38e-01	3.81e-01	3.19e-01	1.29e-01	1.95e-02	2.99e-03	8.63e-04	9.42e-06	0.00e+00
 2.56532e+22	9.66e-28	3.26e-18	6.73e-15	2.89e-12	2.76e-10	1.03e-08	2.86e-07	1.99e-04	1.06e-02	1.44e-01	3.87e-01	3.14e-01	1.23e-01	1.80e-02	2.70e-03	7.62e-04	8.04e-06	0.00e+00
 2.62267e+22	1.46e-27	4.60e-18	9.24e-15	3.85e-12	3.56e-10	1.28e-08	3.43e-07	2.28e-04	1.17e-02	1.53e-01	3.95e-01	3.06e-01	1.15e-01	1.62e-02	2.36e-03	6.45e-04	6.52e-06	0.00e+00
 2.67867e+22	2.20e-27	6.52e-18	1.28e-14	5.17e-12	4.63e-10	1.60e-08	4.13e-07	2.60e-04	1.28e-02	1.62e-01	4.02e-01	2.98e-01	1.08e-01	1.46e-02	2.06e-03	5.45e-04	5.27e-06	0.00e+00
 2.71897e+22	2.88e-27	8.22e-18	1.58e-14	6.27e-12	5.49e-10	1.85e-08	4.66e-07	2.85e-04	1.37e-02	1.68e-01	4.06e-01	2.92e-01	1.03e-01	1.36e-02	1.88e-03	4.86e-04	4.56e-06	0.00e+00
 2.75742e+22	3.73e-27	1.01e-17	1.92e-14	7.46e-12	6.40e-10	2.11e-08	5.20e-07	3.11e-04	1.45e-02	1.75e-01	4.11e-01	2.87e-01	9.85e-02	1.26e-02	1.72e-03	4.36e-04	3.97e-06	0.00e+00
 2.80740e+22	5.17e-27	1.33e-17	2.46e-14	9.36e-12	7.84e-10	2.51e-08	6.00e-07	3.46e-04	1.56e-02	1.82e-01	4.15e-01	2.80e-01	9.30e-02	1.16e-02	1.54e-03	3.80e-04	3.34e-06	0.00e+00
 2.86300e+22	7.45e-27	1.81e-17	3.28e-14	1.22e-11	9.90e-10	3.06e-08	7.09e-07	3.90e-04	1.70e-02	1.92e-01	4.20e-01	2.71e-01	8.69e-02	1.04e-02	1.35e-03	3.23e-04	2.73e-06	0.00e+00
 2.91331e+22	1.03e-26	2.38e-17	4.22e-14	1.53e-11	1.21e-09	3.65e-08	8.20e-07	4.34e-04	1.83e-02	2.00e-01	4.25e-01	2.64e-01	8.18e-02	9.48e-03	1.20e-03	2.80e-04	2.28e-06	0.00e+00
 2.95887e+22	1.35e-26	3.00e-17	5.23e-14	1.86e-11	1.44e-09	4.24e-08	9.29e-07	4.76e-04	1.95e-02	2.08e-01	4.28e-01	2.57e-01	7.74e-02	8.72e-03	1.08e-03	2.47e-04	1.94e-06	0.00e+00
 3.01085e+22	1.85e-26	3.87e-17	6.62e-14	2.30e-11	1.75e-09	4.99e-08	1.06e-06	5.28e-04	2.10e-02	2.16e-01	4.31e-01	2.50e-01	7.28e-02	7.95e-03	9.67e-04	2.14e-04	1.63e-06	0.00e+00
 3.07843e+22	2.75e-26	5.36e-17	8.96e-14	3.03e-11	2.24e-09	6.17e-08	1.27e-06	6.01e-04	2.29e-02	2.27e-01	4.34e-01	2.40e-01	6.71e-02	7.04e-03	8.33e-04	1.79e-04	1.30e-06	0.00e+00
 3.14769e+22	4.14e-26	7.55e-17	1.24e-13	4.07e-11	2.92e-09	7.77e-08	1.54e-06	6.88e-04	2.51e-02	2.39e-01	4.37e-01	2.30e-01	6.15e-02	6.18e-03	7.11e-04	1.47e-04	1.02e-06	0.00e+00
 3.20199e+22	5.59e-26	9.74e-17	1.57e-13	5.06e-11	3.55e-09	9.19e-08	1.77e-06	7.63e-04	2.69e-02	2.48e-01	4.39e-01	2.22e-01	5.74e-02	5.58e-03	6.29e-04	1.27e-04	8.43e-07	0.00e+00
 3.25540e+22	7.40e-26	1.22e-16	1.94e-13	6.15e-11	4.22e-09	1.07e-07	2.01e-06	8.39e-04	2.87e-02	2.57e-01	4.40e-01	2.14e-01	5.38e-02	5.08e-03	5.62e-04	1.10e-04	7.08e-07	0.00e+00
 3.32484e+22	1.07e-25	1.65e-16	2.56e-13	7.95e-11	5.31e-09	1.30e-07	2.38e-06	9.48e-04	3.12e-02	2.68e-01	4.41e-01	2.05e-01	4.94e-02	4.49e-03	4.84e-04	9.17e-05	5.64e-07	0.00e+00
 3.39943e+22	1.60e-25	2.28e-16	3.48e-13	1.05e-10	6.87e-09	1.63e-07	2.86e-06	1.08e-03	3.40e-02	2.81e-01	4.41e-01	1.95e-01	4.49e-02	3.91e-03	4.10e-04	7.49e-05	4.39e-07	0.00e+00
 3.46330e+22	2.20e-25	2.97e-16	4.48e-13	1.33e-10	8.48e-09	1.95e-07	3.34e-06	1.21e-03	3.66e-02	2.91e-01	4.40e-01	1.86e-01	4.14e-02	3.47e-03	3.57e-04	6.31e-05	3.55e-07	0.00e+00
 3.52894e+22	2.98e-25	3.80e-16	5.65e-13	1.65e-10	1.03e-08	2.31e-07	3.85e-06	1.34e-03	3.92e-02	3.01e-01	4.39e-01	1.78e-01	3.81e-02	3.09e-03	3.11e-04	5.35e-05	2.89e-07	0.00e+00
 3.61426e+22	4.41e-25	5.21e-16	7.64e-13	2.18e-10	1.33e-08	2.88e-07	4.65e-06	1.54e-03	4.28e-02	3.15e-01	4.36e-01	1.67e-01	3.43e-02	2.66e-03	2.61e-04	4.31e-05	2.21e-07	0.00e+00
 3.69631e+22	6.50e-25	7.16e-16	1.04e-12	2.91e-10	1.73e-08	3.64e-07	5.65e-06	1.76e-03	4.68e-02	3.28e-01	4.33e-01	1.57e-01	3.07e-02	2.28e-03	2.17e-04	3.45e-05	1.68e-07	0.00e+00
 3.75336e+22	8.30e-25	8.77e-16	1.26e-12	3.49e-10	2.04e-08	4.20e-07	6.39e-06	1.92e-03	4.95e-02	3.37e-01	4.30e-01	1.50e-01	2.85e-02	2.05e-03	1.93e-04	2.98e-05	1.40e-07	0.00e+00
 3.80680e+22	1.03e-24	1.04e-15	1.49e-12	4.06e-10	2.34e-08	4.74e-07	7.10e-06	2.08e-03	5.20e-02	3.45e-01	4.27e-01	1.45e-01	2.67e-02	1.87e-03	1.73e-04	2.62e-05	0.00e+00	0.00e+00
 3.87628e+22	1.37e-24	1.30e-15	1.85e-12	4.99e-10	2.83e-08	5.59e-07	8.19e-06	2.30e-03	5.55e-02	3.55e-01	4.23e-01	1.37e-01	2.44e-02	1.66e-03	1.51e-04	2.21e-05	0.00e+00	0.00e+00
 3.96659e+22	1.95e-24	1.73e-15	2.43e-12	6.45e-10	3.59e-08	6.88e-07	9.79e-06	2.61e-03	6.01e-02	3.68e-01	4.18e-01	1.28e-01	2.18e-02	1.42e-03	1.26e-04	1.77e-05	0.00e+00	0.00e+00
 4.05919e+22	2.82e-24	2.31e-15	3.24e-12	8.49e-10	4.63e-08	8.64e-07	1.19e-05	2.98e-03	6.54e-02	3.81e-01	4.11e-01	1.19e-01	1.93e-02	1.20e-03	1.04e-04	1.40e-05	0.00e+00	0.00e+00
 4.13181e+22	3.71e-24	2.87e-15	4.01e-12	1.04e-09	5.59e-08	1.02e-06	1.37e-05	3.30e-03	6.96e-02	3.91e-01	4.05e-01	1.12e-01	1.75e-02	1.05e-03	8.95e-05	1.17e-05	0.00e+00	0.00e+00
 4.20328e+22	4.71e-24	3.47e-15	4.83e-12	1.24e-09	6.56e-08	1.17e-06	1.55e-05	3.61e-03	7.36e-02	4.00e-01	3.99e-01	1.06e-01	1.61e-02	9.36e-04	7.82e-05	9.96e-06	0.00e+00	0.00e+00
 4.29619e+22	6.44e-24	4.42e-15	6.15e-12	1.56e-09	8.14e-08	1.42e-06	1.84e-05	4.06e-03	7.91e-02	4.11e-01	3.91e-01	9.89e-02	1.43e-02	8.01e-04	6.56e-05	8.05e-06	0.00e+00	0.00e+00
 4.39628e+22	9.02e-24	5.75e-15	8.02e-12	2.01e-09	1.03e-07	1.76e-06	2.21e-05	4.61e-03	8.54e-02	4.23e-01	3.82e-01	9.12e-02	1.26e-02	6.75e-04	5.40e-05	6.36e-06	0.00e+00	0.00e+00
 4.48183e+22	1.19e-23	7.11e-15	9.95e-12	2.47e-09	1.26e-07	2.09e-06	2.58e-05	5.13e-03	9.11e-02	4.33e-01	3.74e-01	8.49e-02	1.13e-02	5.83e-04	4.57e-05	5.20e-06	0.00e+00	0.00e+00
 4.55727e+22	1.49e-23	8.46e-15	1.19e-11	2.93e-09	1.47e-07	2.41e-06	2.92e-05	5.60e-03	9.60e-02	4.41e-01	3.67e-01	8.00e-02	1.03e-02	5.15e-04	3.98e-05	4.39e-06	0.00e+00	0.00e+00
 4.64345e+22	1.91e-23	1.02e-14	1.44e-11	3.51e-09	1.75e-07	2.80e-06	3.33e-05	6.14e-03	1.01e-01	4.49e-01	3.59e-01	7.50e-02	9.31e-03	4.51e-04	3.43e-05	3.67e-06	0.00e+00	0.00e+00
 4.75548e+22	2.60e-23	1.29e-14	1.83e-11	4.43e-09	2.17e-07	3.40e-06	3.96e-05	6.93e-03	1.09e-01	4.59e-01	3.48e-01	6.88e-02	8.16e-03	3.79e-04	2.82e-05	2.90e-06	0.00e+00	0.00e+00
 4.87326e+22	3.62e-23	1.66e-14	2.37e-11	5.70e-09	2.76e-07	4.22e-06	4.79e-05	7.86e-03	1.17e-01	4.69e-01	3.36e-01	6.26e-02	7.07e-03	3.14e-04	2.28e-05	2.25e-06	0.00e+00	0.00e+00
 4.96956e+22	4.69e-23	2.02e-14	2.91e-11	6.94e-09	3.32e-07	4.98e-06	5.55e-05	8.70e-03	1.24e-01	4.76e-01	3.26e-01	5.79e-02	6.30e-03	2.70e-04	1.93e-05	1.84e-06	0.00e+00	0.00e+00
 5.06583e+22	5.89e-23	2.40e-14	3.47e-11	8.21e-09	3.89e-07	5.73e-06	6.30e-05	9.52e-03	1.31e-01	4.82e-01	3.17e-01	5.39e-02	5.66e-03	2.36e-04	1.65e-05	1.53e-06	0.00e+00	0.00e+00
 5.19098e+22	7.92e-23	2.99e-14	4.36e-11	1.03e-08	4.81e-07	6.91e-06	7.45e-05	1.07e-02	1.39e-01	4.90e-01	3.06e-01	4.91e-02	4.94e-03	1.97e-04	1.35e-05	1.20e-06	0.00e+00	0.00e+00
 5.32410e+22	1.09e-22	3.79e-14	5.62e-11	1.31e-08	6.07e-07	8.52e-06	8.97e-05	1.21e-02	1.49e-01	4.97e-01	2.93e-01	4.43e-02	4.24e-03	1.62e-04	1.09e-05	9.26e-07	0.00e+00	0.00e+00
 5.43199e+22	1.40e-22	4.57e-14	6.84e-11	1.58e-08	7.27e-07	1.00e-05	1.04e-04	1.33e-02	1.58e-01	5.02e-01	2.83e-01	4.08e-02	3.76e-03	1.39e-04	9.15e-06	7.52e-07	0.00e+00	0.00e+00
 5.51537e+22	1.68e-22	5.23e-14	7.88e-11	1.81e-08	8.25e-07	1.12e-05	1.15e-04	1.43e-02	1.64e-01	5.05e-01	2.75e-01	3.84e-02	3.44e-03	1.24e-04	8.07e-06	6.47e-07	0.00e+00	0.00e+00
 5.60249e+22	2.00e-22	5.93e-14	9.01e-11	2.06e-08	9.33e-07	1.25e-05	1.27e-04	1.53e-02	1.70e-01	5.08e-01	2.68e-01	3.60e-02	3.14e-03	1.11e-04	7.10e-06	5.55e-07	0.00e+00	0.00e+00
 5.71575e+22	2.52e-22	7.02e-14	1.08e-10	2.44e-08	1.09e-06	1.44e-05	1.44e-04	1.67e-02	1.78e-01	5.11e-01	2.58e-01	3.33e-02	2.81e-03	9.59e-05	6.05e-06	4.58e-07	0.00e+00	0.00e+00
 5.84072e+22	3.25e-22	8.46e-14	1.32e-10	2.97e-08	1.31e-06	1.70e-05	1.67e-04	1.83e-02	1.87e-01	5.13e-01	2.48e-01	3.04e-02	2.47e-03	8.15e-05	5.05e-06	3.69e-07	0.00e+00	0.00e+00
 5.95174e+22	4.07e-22	9.95e-14	1.56e-10	3.50e-08	1.54e-06	1.95e-05	1.89e-04	1.99e-02	1.95e-01	5.15e-01	2.39e-01	2.81e-02	2.21e-03	7.07e-05	4.31e-06	3.06e-07	0.00e+00	0.00e+00
 6.05067e+22	4.88e-22	1.14e-13	1.81e-10	4.01e-08	1.75e-06	2.19e-05	2.09e-04	2.13e-02	2.02e-01	5.16e-01	2.31e-01	2.63e-02	2.01e-03	6.27e-05	3.77e-06	2.61e-07	0.00e+00	0.00e+00
 6.16308e+22	5.97e-22	1.31e-13	2.10e-10	4.64e-08	2.00e-06	2.46e-05	2.33e-04	2.30e-02	2.10e-01	5.17e-01	2.23e-01	2.44e-02	1.81e-03	5.50e-05	3.26e-06	2.19e-07	0.00e+00	0.00e+00
 6.30922e+22	7.68e-22	1.58e-13	2.56e-10	5.59e-08	2.38e-06	2.88e-05	2.68e-04	2.52e-02	2.20e-01	5.18e-01	2.13e-01	2.22e-02	1.59e-03	4.66e-05	2.71e-06	1.76e-07	0.00e+00	0.00e+00
 6.46419e+22	1.01e-21	1.93e-13	3.18e-10	6.88e-08	2.90e-06	3.43e-05	3.13e-04	2.78e-02	2.31e-01	5.17e-01	2.02e-01	2.00e-02	1.37e-03	3.89e-05	2.22e-06	1.39e-07	0.00e+00	0.00e+00
 6.59405e+22	1.27e-21	2.26e-13	3.79e-10	8.11e-08	3.38e-06	3.93e-05	3.54e-04	3.01e-02	2.41e-01	5.16e-01	1.93e-01	1.83e-02	1.22e-03	3.35e-05	1.88e-06	0.00e+00	0.00e+00	0.00e+00
 6.72628e+22	1.56e-21	2.63e-13	4.42e-10	9.37e-08	3.86e-06	4.41e-05	3.93e-04	3.24e-02	2.49e-01	5.15e-01	1.86e-01	1.69e-02	1.09e-03	2.93e-05	1.62e-06	0.00e+00	0.00e+00	0.00e+00
 6.89816e+22	2.02e-21	3.17e-13	5.41e-10	1.13e-07	4.61e-06	5.14e-05	4.52e-04	3.54e-02	2.60e-01	5.12e-01	1.76e-01	1.52e-02	9.49e-04	2.46e-05	1.33e-06	0.00e+00	0.00e+00	0.00e+00
 7.08272e+22	2.70e-21	3.93e-13	6.80e-10	1.40e-07	5.63e-06	6.14e-05	5.28e-04	3.91e-02	2.72e-01	5.08e-01	1.65e-01	1.36e-02	8.12e-04	2.03e-05	1.08e-06	0.00e+00	0.00e+00	0.00e+00
 7.23791e+22	3.42e-21	4.65e-13	8.18e-10	1.67e-07	6.61e-06	7.08e-05	6.00e-04	4.24e-02	2.82e-01	5.05e-01	1.57e-01	1.23e-02	7.12e-04	1.73e-05	9.01e-07	0.00e+00	0.00e+00	0.00e+00
 7.37232e+22	4.16e-21	5.36e-13	9.48e-10	1.91e-07	7.48e-06	7.86e-05	6.58e-04	4.51e-02	2.90e-01	5.01e-01	1.51e-01	1.14e-02	6.43e-04	1.52e-05	7.84e-07	0.00e+00	0.00e+00	0.00e+00
 7.52554e+22	5.10e-21	6.20e-13	1.11e-09	2.21e-07	8.52e-06	8.81e-05	7.30e-04	4.82e-02	2.99e-01	4.97e-01	1.44e-01	1.05e-02	5.75e-04	1.33e-05	6.72e-07	0.00e+00	0.00e+00	0.00e+00
 7.72472e+22	6.61e-21	7.47e-13	1.35e-09	2.65e-07	1.01e-05	1.02e-04	8.31e-04	5.24e-02	3.10e-01	4.92e-01	1.35e-01	9.43e-03	4.99e-04	1.11e-05	5.54e-07	0.00e+00	0.00e+00	0.00e+00
 7.94324e+22	8.87e-21	9.25e-13	1.70e-09	3.28e-07	1.23e-05	1.21e-04	9.65e-04	5.74e-02	3.22e-01	4.84e-01	1.26e-01	8.34e-03	4.24e-04	9.15e-06	4.46e-07	0.00e+00	0.00e+00	0.00e+00
 8.13336e+22	1.14e-20	1.11e-12	2.06e-09	3.93e-07	1.44e-05	1.39e-04	1.09e-03	6.20e-02	3.32e-01	4.78e-01	1.19e-01	7.49e-03	3.69e-04	7.72e-06	3.69e-07	0.00e+00	0.00e+00	0.00e+00
 8.29943e+22	1.40e-20	1.29e-12	2.40e-09	4.51e-07	1.64e-05	1.55e-04	1.20e-03	6.59e-02	3.41e-01	4.72e-01	1.13e-01	6.88e-03	3.30e-04	6.74e-06	3.18e-07	0.00e+00	0.00e+00	0.00e+00
 8.48778e+22	1.73e-20	1.50e-12	2.82e-09	5.22e-07	1.87e-05	1.73e-04	1.33e-03	7.03e-02	3.49e-01	4.65e-01	1.07e-01	6.27e-03	2.92e-04	5.82e-06	2.70e-07	0.00e+00	0.00e+00	0.00e+00
 8.73264e+22	2.26e-20	1.82e-12	3.46e-09	6.28e-07	2.20e-05	2.00e-04	1.51e-03	7.59e-02	3.60e-01	4.57e-01	1.00e-01	5.59e-03	2.52e-04	4.86e-06	2.22e-07	0.00e+00	0.00e+00	0.00e+00
