#depth	N	N+	N+2	N+3	N+4	N+5	N+6	N+7
 6.17135e+19	0.00e+00	2.04e-29	1.12e-22	5.99e-17	6.94e-12	6.73e-07	1.56e-03	9.98e-01
 1.87609e+20	0.00e+00	3.76e-29	1.79e-22	8.36e-17	8.46e-12	7.95e-07	1.74e-03	9.98e-01
 2.93222e+20	0.00e+00	6.12e-29	2.61e-22	1.09e-16	9.93e-12	9.10e-07	1.91e-03	9.98e-01
 3.69049e+20	0.00e+00	8.55e-29	3.39e-22	1.31e-16	1.11e-11	1.00e-06	2.03e-03	9.98e-01
 4.22245e+20	0.00e+00	1.09e-28	4.08e-22	1.50e-16	1.20e-11	1.07e-06	2.12e-03	9.98e-01
 4.56301e+20	0.00e+00	1.25e-28	4.55e-22	1.62e-16	1.26e-11	1.12e-06	2.18e-03	9.98e-01
 4.91390e+20	0.00e+00	1.45e-28	5.11e-22	1.76e-16	1.32e-11	1.16e-06	2.24e-03	9.98e-01
 5.37005e+20	0.00e+00	1.76e-28	5.94e-22	1.96e-16	1.41e-11	1.23e-06	2.32e-03	9.98e-01
 5.88555e+20	0.00e+00	2.18e-28	7.03e-22	2.21e-16	1.52e-11	1.31e-06	2.41e-03	9.98e-01
 6.37210e+20	0.00e+00	2.67e-28	8.22e-22	2.47e-16	1.63e-11	1.39e-06	2.50e-03	9.97e-01
 6.82485e+20	0.00e+00	3.21e-28	9.49e-22	2.74e-16	1.73e-11	1.46e-06	2.59e-03	9.97e-01
 7.33977e+20	0.00e+00	3.94e-28	1.11e-21	3.08e-16	1.86e-11	1.56e-06	2.68e-03	9.97e-01
 7.91811e+20	0.00e+00	4.96e-28	1.33e-21	3.50e-16	2.02e-11	1.66e-06	2.80e-03	9.97e-01
 8.45977e+20	0.00e+00	6.16e-28	1.58e-21	3.95e-16	2.17e-11	1.77e-06	2.91e-03	9.97e-01
 8.96087e+20	0.00e+00	7.44e-28	1.83e-21	4.41e-16	2.33e-11	1.88e-06	3.01e-03	9.97e-01
 9.52838e+20	0.00e+00	9.22e-28	2.17e-21	4.98e-16	2.51e-11	2.00e-06	3.13e-03	9.97e-01
 1.01410e+21	0.00e+00	1.16e-27	2.60e-21	5.68e-16	2.73e-11	2.14e-06	3.26e-03	9.97e-01
 1.06802e+21	0.00e+00	1.42e-27	3.05e-21	6.38e-16	2.93e-11	2.28e-06	3.38e-03	9.97e-01
 1.12490e+21	0.00e+00	1.74e-27	3.58e-21	7.18e-16	3.16e-11	2.42e-06	3.50e-03	9.96e-01
 1.19885e+21	0.00e+00	2.27e-27	4.42e-21	8.37e-16	3.49e-11	2.63e-06	3.67e-03	9.96e-01
 1.27290e+21	0.00e+00	2.96e-27	5.45e-21	9.77e-16	3.85e-11	2.85e-06	3.84e-03	9.96e-01
 1.33061e+21	0.00e+00	3.62e-27	6.39e-21	1.10e-15	4.15e-11	3.03e-06	3.98e-03	9.96e-01
 1.38914e+21	0.00e+00	4.42e-27	7.49e-21	1.23e-15	4.48e-11	3.22e-06	4.12e-03	9.96e-01
 1.46523e+21	0.00e+00	5.72e-27	9.18e-21	1.44e-15	4.95e-11	3.48e-06	4.31e-03	9.96e-01
 1.54101e+21	0.00e+00	7.39e-27	1.13e-20	1.67e-15	5.46e-11	3.77e-06	4.50e-03	9.95e-01
 1.59923e+21	0.00e+00	8.95e-27	1.31e-20	1.87e-15	5.89e-11	4.00e-06	4.66e-03	9.95e-01
 1.65779e+21	0.00e+00	1.08e-26	1.53e-20	2.10e-15	6.34e-11	4.24e-06	4.81e-03	9.95e-01
 1.73391e+21	0.00e+00	1.38e-26	1.85e-20	2.42e-15	6.98e-11	4.57e-06	5.01e-03	9.95e-01
 1.81465e+21	0.00e+00	1.78e-26	2.28e-20	2.83e-15	7.73e-11	4.95e-06	5.24e-03	9.95e-01
 1.88385e+21	0.00e+00	2.22e-26	2.71e-20	3.22e-15	8.43e-11	5.30e-06	5.43e-03	9.95e-01
 1.95627e+21	0.00e+00	2.76e-26	3.24e-20	3.68e-15	9.22e-11	5.68e-06	5.64e-03	9.94e-01
 2.05042e+21	0.00e+00	3.67e-26	4.07e-20	4.37e-15	1.04e-10	6.21e-06	5.92e-03	9.94e-01
 2.14538e+21	0.00e+00	4.90e-26	5.13e-20	5.21e-15	1.16e-10	6.79e-06	6.21e-03	9.94e-01
 2.22029e+21	0.00e+00	6.11e-26	6.13e-20	5.96e-15	1.28e-10	7.27e-06	6.44e-03	9.94e-01
 2.28577e+21	0.00e+00	7.39e-26	7.14e-20	6.69e-15	1.38e-10	7.72e-06	6.65e-03	9.93e-01
 2.36011e+21	0.00e+00	9.14e-26	8.48e-20	7.62e-15	1.51e-10	8.25e-06	6.89e-03	9.93e-01
 2.45676e+21	0.00e+00	1.20e-25	1.06e-19	9.01e-15	1.69e-10	9.00e-06	7.21e-03	9.93e-01
 2.55556e+21	0.00e+00	1.59e-25	1.33e-19	1.07e-14	1.90e-10	9.82e-06	7.55e-03	9.92e-01
 2.63538e+21	0.00e+00	1.99e-25	1.59e-19	1.23e-14	2.09e-10	1.05e-05	7.82e-03	9.92e-01
 2.71735e+21	0.00e+00	2.48e-25	1.90e-19	1.41e-14	2.30e-10	1.13e-05	8.11e-03	9.92e-01
 2.82391e+21	0.00e+00	3.30e-25	2.40e-19	1.68e-14	2.60e-10	1.23e-05	8.50e-03	9.91e-01
 2.93407e+21	0.00e+00	4.45e-25	3.05e-19	2.02e-14	2.95e-10	1.35e-05	8.92e-03	9.91e-01
 3.02384e+21	0.00e+00	5.63e-25	3.70e-19	2.34e-14	3.27e-10	1.46e-05	9.27e-03	9.91e-01
 3.11551e+21	0.00e+00	7.13e-25	4.48e-19	2.71e-14	3.62e-10	1.57e-05	9.63e-03	9.90e-01
 3.21693e+21	0.00e+00	9.27e-25	5.54e-19	3.20e-14	4.05e-10	1.71e-05	1.00e-02	9.90e-01
 3.30942e+21	0.00e+00	1.17e-24	6.72e-19	3.71e-14	4.50e-10	1.84e-05	1.04e-02	9.90e-01
 3.39478e+21	0.00e+00	1.46e-24	8.00e-19	4.24e-14	4.94e-10	1.96e-05	1.08e-02	9.89e-01
 3.49252e+21	0.00e+00	1.85e-24	9.75e-19	4.94e-14	5.49e-10	2.12e-05	1.12e-02	9.89e-01
 3.61959e+21	0.00e+00	2.54e-24	1.26e-18	6.01e-14	6.30e-10	2.33e-05	1.18e-02	9.88e-01
 3.74709e+21	0.00e+00	3.48e-24	1.63e-18	7.33e-14	7.24e-10	2.57e-05	1.24e-02	9.88e-01
 3.84616e+21	0.00e+00	4.42e-24	1.98e-18	8.53e-14	8.05e-10	2.77e-05	1.29e-02	9.87e-01
 3.94597e+21	0.00e+00	5.59e-24	2.40e-18	9.90e-14	8.94e-10	2.98e-05	1.33e-02	9.87e-01
 4.07571e+21	4.94e-31	7.60e-24	3.08e-18	1.20e-13	1.02e-09	3.28e-05	1.40e-02	9.86e-01
 4.20151e+21	7.05e-31	1.03e-23	3.95e-18	1.45e-13	1.17e-09	3.60e-05	1.47e-02	9.85e-01
 4.29063e+21	9.01e-31	1.26e-23	4.68e-18	1.66e-13	1.29e-09	3.84e-05	1.51e-02	9.85e-01
 4.37494e+21	1.13e-30	1.53e-23	5.47e-18	1.87e-13	1.40e-09	4.07e-05	1.56e-02	9.84e-01
 4.48453e+21	1.52e-30	1.97e-23	6.73e-18	2.20e-13	1.57e-09	4.40e-05	1.62e-02	9.84e-01
 4.60498e+21	2.11e-30	2.60e-23	8.44e-18	2.62e-13	1.78e-09	4.79e-05	1.69e-02	9.83e-01
 4.70363e+21	2.76e-30	3.26e-23	1.02e-17	3.03e-13	1.97e-09	5.14e-05	1.75e-02	9.82e-01
 4.77887e+21	3.37e-30	3.86e-23	1.17e-17	3.38e-13	2.12e-09	5.41e-05	1.80e-02	9.82e-01
 4.85961e+21	4.18e-30	4.63e-23	1.36e-17	3.79e-13	2.31e-09	5.72e-05	1.85e-02	9.81e-01
 4.96458e+21	5.50e-30	5.83e-23	1.64e-17	4.40e-13	2.56e-09	6.14e-05	1.91e-02	9.81e-01
 5.06893e+21	7.26e-30	7.39e-23	1.99e-17	5.11e-13	2.85e-09	6.60e-05	1.98e-02	9.80e-01
 5.14656e+21	8.93e-30	8.80e-23	2.30e-17	5.71e-13	3.08e-09	6.96e-05	2.04e-02	9.80e-01
 5.22156e+21	1.08e-29	1.03e-22	2.62e-17	6.34e-13	3.32e-09	7.32e-05	2.09e-02	9.79e-01
 5.31906e+21	1.39e-29	1.28e-22	3.13e-17	7.27e-13	3.65e-09	7.81e-05	2.16e-02	9.78e-01
 5.42195e+21	1.82e-29	1.61e-22	3.77e-17	8.41e-13	4.05e-09	8.37e-05	2.23e-02	9.78e-01
 5.50765e+21	2.27e-29	1.94e-22	4.41e-17	9.49e-13	4.41e-09	8.86e-05	2.29e-02	9.77e-01
 5.59490e+21	2.81e-29	2.32e-22	5.11e-17	1.06e-12	4.79e-09	9.36e-05	2.36e-02	9.76e-01
 5.69274e+21	3.65e-29	2.90e-22	6.13e-17	1.23e-12	5.30e-09	1.00e-04	2.44e-02	9.76e-01
 5.77882e+21	4.55e-29	3.50e-22	7.16e-17	1.38e-12	5.77e-09	1.06e-04	2.50e-02	9.75e-01
 5.85142e+21	5.49e-29	4.10e-22	8.15e-17	1.53e-12	6.20e-09	1.11e-04	2.56e-02	9.74e-01
 5.93201e+21	6.70e-29	4.86e-22	9.37e-17	1.71e-12	6.70e-09	1.17e-04	2.63e-02	9.74e-01
 6.03678e+21	8.72e-29	6.08e-22	1.13e-16	1.97e-12	7.42e-09	1.25e-04	2.72e-02	9.73e-01
 6.14393e+21	1.15e-28	7.67e-22	1.37e-16	2.29e-12	8.25e-09	1.34e-04	2.81e-02	9.72e-01
 6.22866e+21	1.42e-28	9.20e-22	1.59e-16	2.58e-12	8.96e-09	1.42e-04	2.89e-02	9.71e-01
 6.31328e+21	1.75e-28	1.10e-21	1.84e-16	2.89e-12	9.72e-09	1.49e-04	2.97e-02	9.70e-01
 6.42329e+21	2.30e-28	1.39e-21	2.22e-16	3.35e-12	1.08e-08	1.60e-04	3.07e-02	9.69e-01
 6.53161e+21	3.04e-28	1.76e-21	2.70e-16	3.91e-12	1.20e-08	1.72e-04	3.18e-02	9.68e-01
 6.61114e+21	3.69e-28	2.07e-21	3.09e-16	4.34e-12	1.30e-08	1.81e-04	3.25e-02	9.67e-01
 6.68794e+21	4.45e-28	2.42e-21	3.53e-16	4.81e-12	1.40e-08	1.89e-04	3.33e-02	9.67e-01
 6.78778e+21	5.68e-28	2.98e-21	4.19e-16	5.50e-12	1.53e-08	2.02e-04	3.43e-02	9.65e-01
 6.89385e+21	7.38e-28	3.73e-21	5.04e-16	6.36e-12	1.70e-08	2.15e-04	3.55e-02	9.64e-01
 6.98340e+21	9.20e-28	4.50e-21	5.88e-16	7.18e-12	1.85e-08	2.28e-04	3.64e-02	9.63e-01
 7.07519e+21	1.15e-27	5.42e-21	6.86e-16	8.10e-12	2.02e-08	2.41e-04	3.74e-02	9.62e-01
 7.19453e+21	1.53e-27	6.92e-21	8.39e-16	9.48e-12	2.26e-08	2.59e-04	3.88e-02	9.61e-01
 7.31427e+21	2.04e-27	8.86e-21	1.03e-15	1.11e-11	2.53e-08	2.79e-04	4.02e-02	9.60e-01
 7.40499e+21	2.54e-27	1.07e-20	1.20e-15	1.26e-11	2.75e-08	2.95e-04	4.13e-02	9.58e-01
 7.49339e+21	3.13e-27	1.28e-20	1.39e-15	1.41e-11	2.99e-08	3.11e-04	4.24e-02	9.57e-01
 7.60830e+21	4.07e-27	1.59e-20	1.67e-15	1.63e-11	3.31e-08	3.33e-04	4.38e-02	9.56e-01
 7.73187e+21	5.43e-27	2.04e-20	2.05e-15	1.92e-11	3.71e-08	3.58e-04	4.54e-02	9.54e-01
 7.83729e+21	6.93e-27	2.51e-20	2.44e-15	2.19e-11	4.09e-08	3.81e-04	4.68e-02	9.53e-01
 7.93055e+21	8.56e-27	3.00e-20	2.83e-15	2.47e-11	4.44e-08	4.02e-04	4.80e-02	9.52e-01
 8.03738e+21	1.09e-26	3.68e-20	3.35e-15	2.81e-11	4.88e-08	4.28e-04	4.95e-02	9.50e-01
 8.15646e+21	1.42e-26	4.61e-20	4.05e-15	3.27e-11	5.42e-08	4.58e-04	5.11e-02	9.48e-01
 8.26537e+21	1.80e-26	5.66e-20	4.80e-15	3.73e-11	5.97e-08	4.87e-04	5.26e-02	9.47e-01
 8.36500e+21	2.25e-26	6.84e-20	5.62e-15	4.23e-11	6.52e-08	5.16e-04	5.41e-02	9.45e-01
 8.47867e+21	2.83e-26	8.34e-20	6.62e-15	4.82e-11	7.15e-08	5.48e-04	5.57e-02	9.44e-01
 8.62644e+21	3.85e-26	1.08e-19	8.24e-15	5.73e-11	8.09e-08	5.93e-04	5.79e-02	9.42e-01
 8.77698e+21	5.27e-26	1.42e-19	1.03e-14	6.83e-11	9.17e-08	6.43e-04	6.02e-02	9.39e-01
 8.89125e+21	6.64e-26	1.73e-19	1.22e-14	7.78e-11	1.01e-07	6.83e-04	6.19e-02	9.37e-01
 8.99993e+21	8.26e-26	2.08e-19	1.42e-14	8.80e-11	1.10e-07	7.24e-04	6.37e-02	9.36e-01
 9.14123e+21	1.08e-25	2.61e-19	1.71e-14	1.02e-10	1.22e-07	7.76e-04	6.58e-02	9.33e-01
 9.29238e+21	1.44e-25	3.34e-19	2.11e-14	1.21e-10	1.38e-07	8.37e-04	6.82e-02	9.31e-01
 9.42069e+21	1.83e-25	4.10e-19	2.50e-14	1.38e-10	1.52e-07	8.91e-04	7.03e-02	9.29e-01
 9.55185e+21	2.31e-25	5.01e-19	2.96e-14	1.58e-10	1.67e-07	9.48e-04	7.24e-02	9.27e-01
 9.72235e+21	3.11e-25	6.47e-19	3.67e-14	1.87e-10	1.89e-07	1.03e-03	7.52e-02	9.24e-01
 9.89599e+21	4.21e-25	8.39e-19	4.56e-14	2.23e-10	2.14e-07	1.11e-03	7.81e-02	9.21e-01
 1.00326e+22	5.31e-25	1.02e-18	5.39e-14	2.54e-10	2.35e-07	1.18e-03	8.05e-02	9.18e-01
 1.01691e+22	6.61e-25	1.23e-18	6.31e-14	2.88e-10	2.57e-07	1.25e-03	8.27e-02	9.16e-01
 1.03465e+22	8.77e-25	1.57e-18	7.73e-14	3.39e-10	2.89e-07	1.35e-03	8.57e-02	9.13e-01
 1.05348e+22	1.18e-24	2.03e-18	9.58e-14	4.03e-10	3.27e-07	1.46e-03	8.90e-02	9.10e-01
 1.06914e+22	1.50e-24	2.49e-18	1.14e-13	4.62e-10	3.62e-07	1.56e-03	9.18e-02	9.07e-01
 1.08237e+22	1.82e-24	2.95e-18	1.31e-13	5.17e-10	3.92e-07	1.65e-03	9.41e-02	9.04e-01
 1.09700e+22	2.25e-24	3.53e-18	1.53e-13	5.84e-10	4.28e-07	1.74e-03	9.66e-02	9.02e-01
 1.11601e+22	2.94e-24	4.44e-18	1.85e-13	6.83e-10	4.79e-07	1.87e-03	1.00e-01	8.98e-01
 1.13577e+22	3.87e-24	5.64e-18	2.26e-13	8.02e-10	5.39e-07	2.02e-03	1.04e-01	8.94e-01
 1.15191e+22	4.82e-24	6.81e-18	2.65e-13	9.11e-10	5.91e-07	2.14e-03	1.06e-01	8.91e-01
 1.16832e+22	5.97e-24	8.17e-18	3.09e-13	1.03e-09	6.46e-07	2.27e-03	1.09e-01	8.88e-01
 1.18965e+22	7.84e-24	1.03e-17	3.77e-13	1.21e-09	7.25e-07	2.45e-03	1.13e-01	8.84e-01
 1.21201e+22	1.04e-23	1.32e-17	4.64e-13	1.43e-09	8.18e-07	2.64e-03	1.17e-01	8.80e-01
 1.23063e+22	1.31e-23	1.61e-17	5.48e-13	1.63e-09	9.02e-07	2.81e-03	1.21e-01	8.76e-01
 1.24975e+22	1.64e-23	1.95e-17	6.45e-13	1.86e-09	9.93e-07	2.99e-03	1.24e-01	8.73e-01
 1.27116e+22	2.11e-23	2.43e-17	7.75e-13	2.16e-09	1.11e-06	3.21e-03	1.28e-01	8.68e-01
 1.29072e+22	2.65e-23	2.95e-17	9.14e-13	2.47e-09	1.22e-06	3.41e-03	1.32e-01	8.64e-01
 1.30846e+22	3.23e-23	3.50e-17	1.06e-12	2.77e-09	1.32e-06	3.60e-03	1.35e-01	8.61e-01
 1.32864e+22	4.02e-23	4.22e-17	1.24e-12	3.15e-09	1.45e-06	3.83e-03	1.39e-01	8.57e-01
 1.35487e+22	5.31e-23	5.37e-17	1.52e-12	3.71e-09	1.64e-06	4.13e-03	1.44e-01	8.52e-01
 1.38112e+22	7.03e-23	6.83e-17	1.86e-12	4.38e-09	1.85e-06	4.46e-03	1.49e-01	8.46e-01
 1.40047e+22	8.57e-23	8.11e-17	2.15e-12	4.92e-09	2.02e-06	4.71e-03	1.53e-01	8.42e-01
 1.41870e+22	1.03e-22	9.47e-17	2.45e-12	5.47e-09	2.18e-06	4.95e-03	1.57e-01	8.38e-01
 1.44240e+22	1.29e-22	1.16e-16	2.90e-12	6.27e-09	2.40e-06	5.28e-03	1.61e-01	8.34e-01
 1.46844e+22	1.66e-22	1.44e-16	3.49e-12	7.28e-09	2.68e-06	5.66e-03	1.66e-01	8.28e-01
 1.49144e+22	2.07e-22	1.74e-16	4.09e-12	8.28e-09	2.95e-06	6.01e-03	1.71e-01	8.23e-01
 1.51070e+22	2.47e-22	2.02e-16	4.66e-12	9.19e-09	3.18e-06	6.31e-03	1.75e-01	8.19e-01
 1.53117e+22	2.97e-22	2.37e-16	5.32e-12	1.02e-08	3.44e-06	6.63e-03	1.79e-01	8.15e-01
 1.55779e+22	3.75e-22	2.90e-16	6.32e-12	1.18e-08	3.81e-06	7.07e-03	1.84e-01	8.09e-01
 1.58525e+22	4.78e-22	3.57e-16	7.54e-12	1.36e-08	4.23e-06	7.56e-03	1.89e-01	8.03e-01
 1.60677e+22	5.74e-22	4.18e-16	8.62e-12	1.51e-08	4.58e-06	7.95e-03	1.93e-01	7.99e-01
 1.62770e+22	6.81e-22	4.85e-16	9.76e-12	1.67e-08	4.93e-06	8.33e-03	1.97e-01	7.94e-01
 1.65491e+22	8.50e-22	5.87e-16	1.15e-11	1.91e-08	5.42e-06	8.85e-03	2.03e-01	7.88e-01
 1.68407e+22	1.08e-21	7.19e-16	1.36e-11	2.19e-08	6.01e-06	9.44e-03	2.08e-01	7.82e-01
 1.70863e+22	1.30e-21	8.49e-16	1.57e-11	2.46e-08	6.53e-06	9.95e-03	2.13e-01	7.77e-01
 1.73343e+22	1.57e-21	9.97e-16	1.80e-11	2.74e-08	7.07e-06	1.05e-02	2.18e-01	7.71e-01
 1.76567e+22	1.99e-21	1.22e-15	2.14e-11	3.15e-08	7.83e-06	1.12e-02	2.24e-01	7.65e-01
 1.79750e+22	2.53e-21	1.50e-15	2.55e-11	3.64e-08	8.69e-06	1.19e-02	2.30e-01	7.58e-01
 1.82027e+22	3.00e-21	1.74e-15	2.88e-11	4.02e-08	9.36e-06	1.25e-02	2.35e-01	7.52e-01
 1.84139e+22	3.45e-21	1.97e-15	3.19e-11	4.37e-08	9.93e-06	1.30e-02	2.39e-01	7.48e-01
 1.86883e+22	4.17e-21	2.31e-15	3.66e-11	4.88e-08	1.08e-05	1.37e-02	2.44e-01	7.42e-01
 1.90451e+22	5.26e-21	2.82e-15	4.33e-11	5.59e-08	1.19e-05	1.45e-02	2.50e-01	7.35e-01
 1.94071e+22	6.74e-21	3.50e-15	5.20e-11	6.48e-08	1.33e-05	1.55e-02	2.58e-01	7.27e-01
 1.96803e+22	8.09e-21	4.10e-15	5.94e-11	7.22e-08	1.43e-05	1.63e-02	2.63e-01	7.21e-01
 1.99398e+22	9.47e-21	4.69e-15	6.66e-11	7.91e-08	1.53e-05	1.70e-02	2.67e-01	7.16e-01
 2.02771e+22	1.17e-20	5.62e-15	7.75e-11	8.94e-08	1.68e-05	1.80e-02	2.74e-01	7.08e-01
 2.06531e+22	1.46e-20	6.82e-15	9.13e-11	1.02e-07	1.85e-05	1.91e-02	2.80e-01	7.01e-01
 2.09985e+22	1.81e-20	8.18e-15	1.07e-10	1.16e-07	2.02e-05	2.02e-02	2.87e-01	6.93e-01
 2.13180e+22	2.18e-20	9.61e-15	1.22e-10	1.29e-07	2.19e-05	2.13e-02	2.93e-01	6.86e-01
 2.16846e+22	2.68e-20	1.15e-14	1.42e-10	1.46e-07	2.39e-05	2.25e-02	2.99e-01	6.79e-01
 2.21612e+22	3.47e-20	1.44e-14	1.71e-10	1.69e-07	2.67e-05	2.40e-02	3.07e-01	6.69e-01
 2.26272e+22	4.53e-20	1.81e-14	2.08e-10	1.98e-07	3.00e-05	2.58e-02	3.16e-01	6.59e-01
 2.29609e+22	5.45e-20	2.12e-14	2.38e-10	2.21e-07	3.25e-05	2.71e-02	3.22e-01	6.51e-01
 2.32759e+22	6.39e-20	2.43e-14	2.67e-10	2.43e-07	3.47e-05	2.82e-02	3.27e-01	6.45e-01
 2.36855e+22	7.91e-20	2.92e-14	3.12e-10	2.75e-07	3.80e-05	2.98e-02	3.34e-01	6.37e-01
 2.42179e+22	1.03e-19	3.68e-14	3.78e-10	3.22e-07	4.26e-05	3.20e-02	3.42e-01	6.26e-01
 2.47695e+22	1.37e-19	4.68e-14	4.64e-10	3.80e-07	4.80e-05	3.44e-02	3.52e-01	6.14e-01
 2.52121e+22	1.70e-19	5.64e-14	5.44e-10	4.32e-07	5.27e-05	3.64e-02	3.59e-01	6.05e-01
 2.56532e+22	2.08e-19	6.72e-14	6.31e-10	4.86e-07	5.75e-05	3.84e-02	3.66e-01	5.96e-01
 2.62267e+22	2.72e-19	8.47e-14	7.67e-10	5.70e-07	6.45e-05	4.11e-02	3.75e-01	5.84e-01
 2.67867e+22	3.54e-19	1.06e-13	9.32e-10	6.68e-07	7.23e-05	4.40e-02	3.84e-01	5.72e-01
 2.71897e+22	4.24e-19	1.24e-13	1.06e-09	7.43e-07	7.81e-05	4.61e-02	3.90e-01	5.64e-01
 2.75742e+22	5.02e-19	1.44e-13	1.20e-09	8.21e-07	8.40e-05	4.82e-02	3.96e-01	5.56e-01
 2.80740e+22	6.21e-19	1.73e-13	1.40e-09	9.31e-07	9.20e-05	5.09e-02	4.03e-01	5.46e-01
 2.86300e+22	7.90e-19	2.13e-13	1.68e-09	1.08e-06	1.02e-04	5.41e-02	4.11e-01	5.35e-01
 2.91331e+22	9.77e-19	2.56e-13	1.97e-09	1.23e-06	1.12e-04	5.72e-02	4.18e-01	5.24e-01
 2.95887e+22	1.18e-18	3.01e-13	2.25e-09	1.37e-06	1.22e-04	6.00e-02	4.25e-01	5.15e-01
 3.01085e+22	1.44e-18	3.59e-13	2.62e-09	1.55e-06	1.33e-04	6.32e-02	4.32e-01	5.05e-01
 3.07843e+22	1.87e-18	4.50e-13	3.18e-09	1.82e-06	1.49e-04	6.76e-02	4.40e-01	4.92e-01
 3.14769e+22	2.46e-18	5.70e-13	3.90e-09	2.15e-06	1.68e-04	7.24e-02	4.49e-01	4.78e-01
 3.20199e+22	3.01e-18	6.82e-13	4.54e-09	2.44e-06	1.85e-04	7.63e-02	4.56e-01	4.67e-01
 3.25540e+22	3.64e-18	8.03e-13	5.23e-09	2.74e-06	2.01e-04	8.01e-02	4.62e-01	4.57e-01
 3.32484e+22	4.64e-18	9.93e-13	6.28e-09	3.18e-06	2.24e-04	8.53e-02	4.70e-01	4.44e-01
 3.39943e+22	6.03e-18	1.25e-12	7.65e-09	3.75e-06	2.52e-04	9.12e-02	4.78e-01	4.30e-01
 3.46330e+22	7.50e-18	1.51e-12	9.03e-09	4.30e-06	2.79e-04	9.65e-02	4.85e-01	4.18e-01
 3.52894e+22	9.23e-18	1.81e-12	1.06e-08	4.90e-06	3.06e-04	1.02e-01	4.91e-01	4.07e-01
 3.61426e+22	1.20e-17	2.28e-12	1.29e-08	5.80e-06	3.46e-04	1.09e-01	4.99e-01	3.92e-01
 3.69631e+22	1.56e-17	2.87e-12	1.58e-08	6.88e-06	3.92e-04	1.17e-01	5.06e-01	3.77e-01
 3.75336e+22	1.85e-17	3.34e-12	1.80e-08	7.68e-06	4.24e-04	1.22e-01	5.10e-01	3.68e-01
 3.80680e+22	2.15e-17	3.81e-12	2.02e-08	8.46e-06	4.55e-04	1.27e-01	5.14e-01	3.59e-01
 3.87628e+22	2.60e-17	4.51e-12	2.35e-08	9.60e-06	4.99e-04	1.33e-01	5.19e-01	3.48e-01
 3.96659e+22	3.31e-17	5.58e-12	2.83e-08	1.12e-05	5.60e-04	1.42e-01	5.24e-01	3.34e-01
 4.05919e+22	4.23e-17	6.94e-12	3.44e-08	1.33e-05	6.32e-04	1.51e-01	5.29e-01	3.19e-01
 4.13181e+22	5.09e-17	8.19e-12	3.98e-08	1.51e-05	6.93e-04	1.58e-01	5.32e-01	3.08e-01
 4.20328e+22	6.02e-17	9.50e-12	4.54e-08	1.68e-05	7.52e-04	1.65e-01	5.35e-01	2.99e-01
 4.29619e+22	7.43e-17	1.15e-11	5.38e-08	1.95e-05	8.36e-04	1.75e-01	5.38e-01	2.86e-01
 4.39628e+22	9.31e-17	1.40e-11	6.45e-08	2.28e-05	9.39e-04	1.86e-01	5.41e-01	2.73e-01
 4.48183e+22	1.12e-16	1.66e-11	7.50e-08	2.60e-05	1.03e-03	1.95e-01	5.43e-01	2.61e-01
 4.55727e+22	1.31e-16	1.91e-11	8.49e-08	2.89e-05	1.12e-03	2.03e-01	5.44e-01	2.52e-01
 4.64345e+22	1.54e-16	2.21e-11	9.70e-08	3.24e-05	1.22e-03	2.12e-01	5.45e-01	2.42e-01
 4.75548e+22	1.90e-16	2.67e-11	1.15e-07	3.76e-05	1.36e-03	2.23e-01	5.45e-01	2.30e-01
 4.87326e+22	2.35e-16	3.24e-11	1.37e-07	4.39e-05	1.52e-03	2.36e-01	5.45e-01	2.18e-01
 4.96956e+22	2.79e-16	3.78e-11	1.58e-07	4.96e-05	1.67e-03	2.47e-01	5.44e-01	2.08e-01
 5.06583e+22	3.25e-16	4.34e-11	1.79e-07	5.53e-05	1.81e-03	2.57e-01	5.43e-01	1.99e-01
 5.19098e+22	3.94e-16	5.17e-11	2.10e-07	6.36e-05	2.00e-03	2.69e-01	5.40e-01	1.88e-01
 5.32410e+22	4.81e-16	6.21e-11	2.49e-07	7.39e-05	2.24e-03	2.84e-01	5.37e-01	1.77e-01
 5.43199e+22	5.64e-16	7.18e-11	2.84e-07	8.31e-05	2.44e-03	2.95e-01	5.34e-01	1.68e-01
 5.51537e+22	6.34e-16	7.98e-11	3.13e-07	9.04e-05	2.60e-03	3.04e-01	5.32e-01	1.62e-01
 5.60249e+22	7.09e-16	8.85e-11	3.44e-07	9.83e-05	2.76e-03	3.12e-01	5.29e-01	1.56e-01
 5.71575e+22	8.17e-16	1.01e-10	3.87e-07	1.09e-04	2.98e-03	3.23e-01	5.25e-01	1.48e-01
 5.84072e+22	9.54e-16	1.16e-10	4.42e-07	1.22e-04	3.25e-03	3.36e-01	5.21e-01	1.40e-01
 5.95174e+22	1.09e-15	1.31e-10	4.95e-07	1.35e-04	3.50e-03	3.47e-01	5.16e-01	1.34e-01
 6.05067e+22	1.22e-15	1.46e-10	5.44e-07	1.47e-04	3.72e-03	3.56e-01	5.12e-01	1.28e-01
 6.16308e+22	1.38e-15	1.63e-10	6.03e-07	1.61e-04	3.97e-03	3.66e-01	5.07e-01	1.22e-01
 6.30922e+22	1.60e-15	1.87e-10	6.85e-07	1.80e-04	4.32e-03	3.79e-01	5.01e-01	1.16e-01
 6.46419e+22	1.88e-15	2.17e-10	7.86e-07	2.03e-04	4.72e-03	3.93e-01	4.94e-01	1.08e-01
 6.59405e+22	2.14e-15	2.45e-10	8.78e-07	2.24e-04	5.07e-03	4.04e-01	4.88e-01	1.03e-01
 6.72628e+22	2.42e-15	2.74e-10	9.72e-07	2.44e-04	5.40e-03	4.15e-01	4.82e-01	9.76e-02
 6.89816e+22	2.81e-15	3.14e-10	1.10e-06	2.72e-04	5.86e-03	4.28e-01	4.74e-01	9.15e-02
 7.08272e+22	3.31e-15	3.65e-10	1.27e-06	3.07e-04	6.40e-03	4.43e-01	4.65e-01	8.52e-02
 7.23791e+22	3.77e-15	4.12e-10	1.42e-06	3.39e-04	6.89e-03	4.55e-01	4.57e-01	8.02e-02
 7.37232e+22	4.21e-15	4.56e-10	1.56e-06	3.66e-04	7.28e-03	4.65e-01	4.51e-01	7.64e-02
 7.52554e+22	4.72e-15	5.06e-10	1.72e-06	3.98e-04	7.73e-03	4.75e-01	4.44e-01	7.25e-02
 7.72472e+22	5.44e-15	5.77e-10	1.94e-06	4.41e-04	8.34e-03	4.88e-01	4.35e-01	6.78e-02
 7.94324e+22	6.35e-15	6.67e-10	2.22e-06	4.95e-04	9.07e-03	5.03e-01	4.25e-01	6.27e-02
 8.13336e+22	7.26e-15	7.55e-10	2.49e-06	5.46e-04	9.74e-03	5.15e-01	4.16e-01	5.87e-02
 8.29943e+22	8.10e-15	8.34e-10	2.72e-06	5.89e-04	1.03e-02	5.25e-01	4.09e-01	5.56e-02
 8.48778e+22	9.07e-15	9.27e-10	3.00e-06	6.40e-04	1.09e-02	5.35e-01	4.01e-01	5.25e-02
 8.73264e+22	1.04e-14	1.06e-09	3.38e-06	7.07e-04	1.17e-02	5.48e-01	3.91e-01	4.88e-02
 9.00534e+22	1.22e-14	1.22e-09	3.87e-06	7.92e-04	1.28e-02	5.62e-01	3.79e-01	4.48e-02
 9.24815e+22	1.40e-14	1.39e-09	4.36e-06	8.75e-04	1.37e-02	5.74e-01	3.69e-01	4.16e-02
 9.43953e+22	1.55e-14	1.53e-09	4.78e-06	9.43e-04	1.45e-02	5.84e-01	3.61e-01	3.92e-02
 9.63013e+22	1.70e-14	1.66e-09	5.16e-06	1.00e-03	1.51e-02	5.92e-01	3.55e-01	3.73e-02
 9.87790e+22	1.91e-14	1.85e-09	5.69e-06	1.09e-03	1.60e-02	6.01e-01	3.46e-01	3.50e-02
 1.01553e+23	2.17e-14	2.08e-09	6.37e-06	1.19e-03	1.71e-02	6.12e-01	3.37e-01	3.25e-02
 1.04074e+23	2.43e-14	2.32e-09	7.05e-06	1.29e-03	1.82e-02	6.22e-01	3.28e-01	3.03e-02
 1.06320e+23	2.67e-14	2.54e-09	7.65e-06	1.38e-03	1.91e-02	6.30e-01	3.21e-01	2.87e-02
 1.08848e+23	2.95e-14	2.78e-09	8.33e-06	1.48e-03	2.00e-02	6.38e-01	3.13e-01	2.70e-02
 1.12134e+23	3.33e-14	3.11e-09	9.24e-06	1.61e-03	2.12e-02	6.47e-01	3.05e-01	2.52e-02
 1.15831e+23	3.81e-14	3.53e-09	1.04e-05	1.77e-03	2.27e-02	6.58e-01	2.94e-01	2.31e-02
 1.19166e+23	4.32e-14	3.97e-09	1.16e-05	1.93e-03	2.42e-02	6.67e-01	2.85e-01	2.14e-02
 1.22035e+23	4.74e-14	4.34e-09	1.26e-05	2.06e-03	2.54e-02	6.75e-01	2.78e-01	2.01e-02
 1.25196e+23	5.23e-14	4.75e-09	1.37e-05	2.20e-03	2.65e-02	6.81e-01	2.71e-01	1.90e-02
 1.29305e+23	5.87e-14	5.29e-09	1.52e-05	2.38e-03	2.80e-02	6.89e-01	2.63e-01	1.76e-02
 1.34321e+23	6.73e-14	6.01e-09	1.71e-05	2.61e-03	2.99e-02	6.98e-01	2.53e-01	1.62e-02
 1.39343e+23	7.74e-14	6.87e-09	1.94e-05	2.87e-03	3.20e-02	7.07e-01	2.43e-01	1.47e-02
 1.43530e+23	8.68e-14	7.65e-09	2.14e-05	3.10e-03	3.38e-02	7.14e-01	2.35e-01	1.37e-02
 1.47808e+23	9.55e-14	8.34e-09	2.32e-05	3.28e-03	3.51e-02	7.19e-01	2.30e-01	1.29e-02
 1.53292e+23	1.07e-13	9.24e-09	2.55e-05	3.52e-03	3.69e-02	7.25e-01	2.22e-01	1.20e-02
 1.59547e+23	1.21e-13	1.04e-08	2.85e-05	3.83e-03	3.91e-02	7.32e-01	2.14e-01	1.10e-02
 1.65810e+23	1.36e-13	1.17e-08	3.17e-05	4.14e-03	4.13e-02	7.38e-01	2.06e-01	1.02e-02
 1.72322e+23	1.52e-13	1.29e-08	3.48e-05	4.44e-03	4.33e-02	7.43e-01	2.00e-01	9.46e-03
 1.79338e+23	1.70e-13	1.43e-08	3.83e-05	4.76e-03	4.54e-02	7.48e-01	1.93e-01	8.78e-03
 1.86635e+23	1.89e-13	1.58e-08	4.19e-05	5.08e-03	4.75e-02	7.52e-01	1.87e-01	8.19e-03
 1.94224e+23	2.08e-13	1.73e-08	4.56e-05	5.39e-03	4.94e-02	7.56e-01	1.81e-01	7.69e-03
 2.02117e+23	2.29e-13	1.89e-08	4.93e-05	5.71e-03	5.13e-02	7.59e-01	1.76e-01	7.24e-03
 2.10325e+23	2.50e-13	2.05e-08	5.31e-05	6.01e-03	5.31e-02	7.62e-01	1.72e-01	6.84e-03
 2.18861e+23	2.70e-13	2.20e-08	5.68e-05	6.31e-03	5.49e-02	7.65e-01	1.67e-01	6.47e-03
 2.27326e+23	2.91e-13	2.36e-08	6.05e-05	6.60e-03	5.65e-02	7.67e-01	1.64e-01	6.17e-03
 2.35142e+23	3.11e-13	2.50e-08	6.39e-05	6.85e-03	5.80e-02	7.69e-01	1.60e-01	5.91e-03
 2.42176e+23	3.26e-13	2.62e-08	6.68e-05	7.07e-03	5.92e-02	7.70e-01	1.57e-01	5.70e-03
 2.48507e+23	3.43e-13	2.74e-08	6.93e-05	7.25e-03	6.02e-02	7.72e-01	1.55e-01	5.54e-03
 2.54204e+23	3.54e-13	2.82e-08	7.13e-05	7.40e-03	6.10e-02	7.72e-01	1.54e-01	5.41e-03
 2.59332e+23	3.64e-13	2.89e-08	7.30e-05	7.52e-03	6.17e-02	7.73e-01	1.52e-01	5.31e-03
 2.63947e+23	3.73e-13	2.96e-08	7.45e-05	7.63e-03	6.23e-02	7.74e-01	1.51e-01	5.22e-03
 2.68100e+23	3.80e-13	3.01e-08	7.57e-05	7.71e-03	6.27e-02	7.74e-01	1.50e-01	5.16e-03
 2.71838e+23	3.86e-13	3.06e-08	7.67e-05	7.78e-03	6.31e-02	7.75e-01	1.49e-01	5.11e-03
 2.75203e+23	3.90e-13	3.08e-08	7.71e-05	7.83e-03	6.33e-02	7.75e-01	1.49e-01	5.07e-03
 2.78324e+23	3.93e-13	3.10e-08	7.76e-05	7.86e-03	6.35e-02	7.75e-01	1.49e-01	5.05e-03
 2.81379e+23	3.95e-13	3.12e-08	7.80e-05	7.90e-03	6.36e-02	7.75e-01	1.48e-01	5.03e-03
 2.84433e+23	3.98e-13	3.14e-08	7.86e-05	7.94e-03	6.39e-02	7.75e-01	1.48e-01	4.99e-03
 2.87488e+23	4.01e-13	3.16e-08	7.89e-05	7.96e-03	6.40e-02	7.75e-01	1.48e-01	4.98e-03
 2.90543e+23	4.02e-13	3.17e-08	7.93e-05	7.98e-03	6.41e-02	7.76e-01	1.47e-01	4.96e-03
 2.93598e+23	4.04e-13	3.18e-08	7.95e-05	7.99e-03	6.42e-02	7.76e-01	1.47e-01	4.95e-03
 2.96653e+23	4.04e-13	3.19e-08	7.96e-05	8.00e-03	6.42e-02	7.76e-01	1.47e-01	4.95e-03
 2.99707e+23	4.05e-13	3.19e-08	7.97e-05	8.01e-03	6.43e-02	7.76e-01	1.47e-01	4.94e-03
 3.02762e+23	4.06e-13	3.20e-08	7.98e-05	8.02e-03	6.43e-02	7.76e-01	1.47e-01	4.94e-03
 3.04886e+23	4.14e-13	3.26e-08	8.14e-05	8.13e-03	6.49e-02	7.76e-01	1.46e-01	4.85e-03
