#depth	O	O+	O+2	O+3	O+4	O+5	O+6	O+7	O+8	O[1]	O[2]	O[3]
 6.17135e+19	0.00e+00	0.00e+00	6.44e-26	3.25e-20	3.14e-15	9.36e-11	4.31e-06	4.41e-03	9.96e-01	0.00e+00	0.00e+00	0.00e+00
 1.87609e+20	0.00e+00	0.00e+00	1.22e-25	5.38e-20	4.52e-15	1.18e-10	5.22e-06	4.93e-03	9.95e-01	0.00e+00	0.00e+00	0.00e+00
 2.93222e+20	0.00e+00	0.00e+00	2.04e-25	8.08e-20	6.10e-15	1.43e-10	6.11e-06	5.39e-03	9.95e-01	0.00e+00	0.00e+00	0.00e+00
 3.69049e+20	0.00e+00	0.00e+00	2.90e-25	1.07e-19	7.51e-15	1.64e-10	6.82e-06	5.73e-03	9.94e-01	0.00e+00	0.00e+00	0.00e+00
 4.22245e+20	0.00e+00	7.38e-32	3.75e-25	1.31e-19	8.71e-15	1.81e-10	7.37e-06	5.98e-03	9.94e-01	0.00e+00	0.00e+00	0.00e+00
 4.56301e+20	0.00e+00	8.82e-32	4.35e-25	1.48e-19	9.52e-15	1.92e-10	7.72e-06	6.14e-03	9.94e-01	0.00e+00	0.00e+00	0.00e+00
 4.91390e+20	0.00e+00	1.07e-31	5.11e-25	1.68e-19	1.05e-14	2.04e-10	8.11e-06	6.31e-03	9.94e-01	0.00e+00	0.00e+00	0.00e+00
 5.37005e+20	0.00e+00	1.37e-31	6.27e-25	1.98e-19	1.18e-14	2.22e-10	8.65e-06	6.53e-03	9.93e-01	0.00e+00	0.00e+00	0.00e+00
 5.88555e+20	0.00e+00	1.81e-31	7.91e-25	2.38e-19	1.36e-14	2.43e-10	9.29e-06	6.79e-03	9.93e-01	0.00e+00	0.00e+00	0.00e+00
 6.37210e+20	0.00e+00	2.35e-31	9.82e-25	2.83e-19	1.54e-14	2.65e-10	9.93e-06	7.04e-03	9.93e-01	0.00e+00	0.00e+00	0.00e+00
 6.82485e+20	0.00e+00	2.98e-31	1.20e-24	3.32e-19	1.74e-14	2.87e-10	1.06e-05	7.28e-03	9.93e-01	0.00e+00	0.00e+00	0.00e+00
 7.33977e+20	0.00e+00	3.89e-31	1.49e-24	3.96e-19	1.99e-14	3.14e-10	1.13e-05	7.55e-03	9.92e-01	0.00e+00	0.00e+00	0.00e+00
 7.91811e+20	0.00e+00	5.24e-31	1.92e-24	4.84e-19	2.31e-14	3.47e-10	1.22e-05	7.87e-03	9.92e-01	0.00e+00	0.00e+00	0.00e+00
 8.45977e+20	0.00e+00	6.94e-31	2.42e-24	5.83e-19	2.66e-14	3.81e-10	1.31e-05	8.18e-03	9.92e-01	0.00e+00	0.00e+00	0.00e+00
 8.96087e+20	0.00e+00	8.85e-31	2.97e-24	6.88e-19	3.01e-14	4.15e-10	1.40e-05	8.46e-03	9.92e-01	0.00e+00	0.00e+00	0.00e+00
 9.52838e+20	0.00e+00	1.17e-30	3.74e-24	8.29e-19	3.46e-14	4.57e-10	1.50e-05	8.79e-03	9.91e-01	0.00e+00	0.00e+00	0.00e+00
 1.01410e+21	0.00e+00	1.57e-30	4.80e-24	1.01e-18	4.04e-14	5.08e-10	1.63e-05	9.15e-03	9.91e-01	0.00e+00	0.00e+00	0.00e+00
 1.06802e+21	0.00e+00	2.04e-30	5.96e-24	1.21e-18	4.61e-14	5.57e-10	1.74e-05	9.48e-03	9.91e-01	0.00e+00	0.00e+00	0.00e+00
 1.12490e+21	0.00e+00	2.65e-30	7.44e-24	1.45e-18	5.28e-14	6.12e-10	1.86e-05	9.83e-03	9.90e-01	0.00e+00	0.00e+00	0.00e+00
 1.19885e+21	0.00e+00	3.73e-30	9.90e-24	1.82e-18	6.31e-14	6.91e-10	2.04e-05	1.03e-02	9.90e-01	0.00e+00	0.00e+00	0.00e+00
 1.27290e+21	0.00e+00	5.25e-30	1.32e-23	2.30e-18	7.53e-14	7.82e-10	2.23e-05	1.08e-02	9.89e-01	0.00e+00	0.00e+00	0.00e+00
 1.33061e+21	0.00e+00	6.79e-30	1.64e-23	2.74e-18	8.62e-14	8.59e-10	2.38e-05	1.12e-02	9.89e-01	0.00e+00	0.00e+00	0.00e+00
 1.38914e+21	0.00e+00	8.76e-30	2.03e-23	3.26e-18	9.85e-14	9.43e-10	2.55e-05	1.15e-02	9.88e-01	0.00e+00	0.00e+00	0.00e+00
 1.46523e+21	0.00e+00	1.22e-29	2.67e-23	4.09e-18	1.17e-13	1.06e-09	2.77e-05	1.21e-02	9.88e-01	0.00e+00	0.00e+00	0.00e+00
 1.54101e+21	0.00e+00	1.69e-29	3.52e-23	5.12e-18	1.39e-13	1.20e-09	3.02e-05	1.26e-02	9.87e-01	0.00e+00	0.00e+00	0.00e+00
 1.59923e+21	0.00e+00	2.15e-29	4.32e-23	6.05e-18	1.58e-13	1.32e-09	3.22e-05	1.30e-02	9.87e-01	0.00e+00	0.00e+00	0.00e+00
 1.65779e+21	0.00e+00	2.74e-29	5.29e-23	7.14e-18	1.80e-13	1.44e-09	3.43e-05	1.34e-02	9.87e-01	0.00e+00	0.00e+00	0.00e+00
 1.73391e+21	0.00e+00	3.72e-29	6.86e-23	8.82e-18	2.12e-13	1.62e-09	3.72e-05	1.40e-02	9.86e-01	0.00e+00	0.00e+00	0.00e+00
 1.81465e+21	0.00e+00	5.16e-29	9.03e-23	1.11e-17	2.52e-13	1.83e-09	4.05e-05	1.46e-02	9.85e-01	0.00e+00	0.00e+00	0.00e+00
 1.88385e+21	0.00e+00	6.78e-29	1.14e-22	1.33e-17	2.92e-13	2.03e-09	4.36e-05	1.52e-02	9.85e-01	0.00e+00	0.00e+00	0.00e+00
 1.95627e+21	0.00e+00	8.94e-29	1.44e-22	1.62e-17	3.38e-13	2.25e-09	4.69e-05	1.57e-02	9.84e-01	0.00e+00	0.00e+00	0.00e+00
 2.05042e+21	0.00e+00	1.28e-28	1.94e-22	2.07e-17	4.10e-13	2.58e-09	5.15e-05	1.65e-02	9.83e-01	0.00e+00	0.00e+00	0.00e+00
 2.14538e+21	0.00e+00	1.83e-28	2.64e-22	2.66e-17	4.98e-13	2.97e-09	5.66e-05	1.73e-02	9.83e-01	0.00e+00	0.00e+00	0.00e+00
 2.22029e+21	0.00e+00	2.41e-28	3.33e-22	3.22e-17	5.78e-13	3.30e-09	6.08e-05	1.79e-02	9.82e-01	0.00e+00	0.00e+00	0.00e+00
 2.28577e+21	0.00e+00	3.06e-28	4.07e-22	3.79e-17	6.57e-13	3.61e-09	6.48e-05	1.85e-02	9.81e-01	0.00e+00	0.00e+00	0.00e+00
 2.36011e+21	0.00e+00	3.98e-28	5.08e-22	4.56e-17	7.57e-13	4.00e-09	6.94e-05	1.91e-02	9.81e-01	0.00e+00	0.00e+00	0.00e+00
 2.45676e+21	0.00e+00	5.59e-28	6.77e-22	5.77e-17	9.10e-13	4.57e-09	7.59e-05	2.00e-02	9.80e-01	0.00e+00	0.00e+00	0.00e+00
 2.55556e+21	0.00e+00	7.91e-28	9.09e-22	7.35e-17	1.10e-12	5.23e-09	8.31e-05	2.09e-02	9.79e-01	0.00e+00	0.00e+00	0.00e+00
 2.63538e+21	0.00e+00	1.04e-27	1.14e-21	8.89e-17	1.27e-12	5.81e-09	8.93e-05	2.17e-02	9.78e-01	0.00e+00	0.00e+00	0.00e+00
 2.71735e+21	0.00e+00	1.36e-27	1.44e-21	1.07e-16	1.48e-12	6.46e-09	9.60e-05	2.25e-02	9.77e-01	0.00e+00	0.00e+00	0.00e+00
 2.82391e+21	0.00e+00	1.94e-27	1.94e-21	1.37e-16	1.79e-12	7.41e-09	1.05e-04	2.35e-02	9.76e-01	0.00e+00	0.00e+00	0.00e+00
 2.93407e+21	0.00e+00	2.79e-27	2.64e-21	1.77e-16	2.18e-12	8.55e-09	1.16e-04	2.47e-02	9.75e-01	0.00e+00	0.00e+00	0.00e+00
 3.02384e+21	0.00e+00	3.72e-27	3.37e-21	2.17e-16	2.55e-12	9.58e-09	1.25e-04	2.56e-02	9.74e-01	0.00e+00	0.00e+00	0.00e+00
 3.11551e+21	0.00e+00	4.95e-27	4.30e-21	2.64e-16	2.98e-12	1.07e-08	1.35e-04	2.66e-02	9.73e-01	0.00e+00	0.00e+00	0.00e+00
 3.21693e+21	0.00e+00	6.81e-27	5.64e-21	3.31e-16	3.55e-12	1.22e-08	1.46e-04	2.77e-02	9.72e-01	0.00e+00	0.00e+00	0.00e+00
 3.30942e+21	0.00e+00	9.07e-27	7.19e-21	4.04e-16	4.16e-12	1.36e-08	1.58e-04	2.88e-02	9.71e-01	0.00e+00	0.00e+00	0.00e+00
 3.39478e+21	0.00e+00	1.18e-26	8.95e-21	4.84e-16	4.79e-12	1.51e-08	1.69e-04	2.97e-02	9.70e-01	0.00e+00	0.00e+00	0.00e+00
 3.49252e+21	0.00e+00	1.57e-26	1.15e-20	5.94e-16	5.62e-12	1.69e-08	1.82e-04	3.09e-02	9.69e-01	0.00e+00	0.00e+00	0.00e+00
 3.61959e+21	0.00e+00	2.29e-26	1.58e-20	7.73e-16	6.90e-12	1.96e-08	2.01e-04	3.24e-02	9.67e-01	0.00e+00	0.00e+00	0.00e+00
 3.74709e+21	0.00e+00	3.35e-26	2.18e-20	1.01e-15	8.50e-12	2.28e-08	2.22e-04	3.40e-02	9.66e-01	0.00e+00	0.00e+00	0.00e+00
 3.84616e+21	0.00e+00	4.45e-26	2.77e-20	1.23e-15	9.94e-12	2.55e-08	2.39e-04	3.53e-02	9.64e-01	0.00e+00	0.00e+00	0.00e+00
 3.94597e+21	0.00e+00	5.90e-26	3.52e-20	1.50e-15	1.16e-11	2.85e-08	2.58e-04	3.66e-02	9.63e-01	0.00e+00	0.00e+00	0.00e+00
 4.07571e+21	0.00e+00	8.50e-26	4.80e-20	1.94e-15	1.42e-11	3.29e-08	2.83e-04	3.83e-02	9.61e-01	0.00e+00	0.00e+00	0.00e+00
 4.20151e+21	0.00e+00	1.21e-25	6.50e-20	2.49e-15	1.72e-11	3.79e-08	3.11e-04	4.01e-02	9.60e-01	0.00e+00	0.00e+00	0.00e+00
 4.29063e+21	0.00e+00	1.55e-25	8.00e-20	2.96e-15	1.97e-11	4.18e-08	3.31e-04	4.13e-02	9.58e-01	0.00e+00	0.00e+00	0.00e+00
 4.37494e+21	0.00e+00	1.95e-25	9.71e-20	3.47e-15	2.24e-11	4.57e-08	3.52e-04	4.26e-02	9.57e-01	0.00e+00	0.00e+00	0.00e+00
 4.48453e+21	0.00e+00	2.62e-25	1.25e-19	4.27e-15	2.63e-11	5.14e-08	3.80e-04	4.42e-02	9.55e-01	0.00e+00	0.00e+00	0.00e+00
 4.60498e+21	0.00e+00	3.63e-25	1.65e-19	5.37e-15	3.15e-11	5.85e-08	4.13e-04	4.60e-02	9.54e-01	0.00e+00	0.00e+00	0.00e+00
 4.70363e+21	0.00e+00	4.73e-25	2.06e-19	6.48e-15	3.65e-11	6.50e-08	4.43e-04	4.76e-02	9.52e-01	0.00e+00	0.00e+00	0.00e+00
 4.77887e+21	0.00e+00	5.77e-25	2.44e-19	7.45e-15	4.07e-11	7.03e-08	4.66e-04	4.88e-02	9.51e-01	0.00e+00	0.00e+00	0.00e+00
 4.85961e+21	0.00e+00	7.15e-25	2.93e-19	8.65e-15	4.57e-11	7.65e-08	4.93e-04	5.01e-02	9.49e-01	0.00e+00	0.00e+00	0.00e+00
 4.96458e+21	8.77e-32	9.36e-25	3.68e-19	1.05e-14	5.30e-11	8.51e-08	5.28e-04	5.19e-02	9.48e-01	0.00e+00	0.00e+00	0.00e+00
 5.06893e+21	1.21e-31	1.23e-24	4.65e-19	1.27e-14	6.17e-11	9.49e-08	5.67e-04	5.37e-02	9.46e-01	0.00e+00	0.00e+00	0.00e+00
 5.14656e+21	1.52e-31	1.51e-24	5.53e-19	1.46e-14	6.91e-11	1.03e-07	5.98e-04	5.50e-02	9.44e-01	0.00e+00	0.00e+00	0.00e+00
 5.22156e+21	1.89e-31	1.82e-24	6.48e-19	1.67e-14	7.66e-11	1.11e-07	6.27e-04	5.63e-02	9.43e-01	0.00e+00	0.00e+00	0.00e+00
 5.31906e+21	2.52e-31	2.33e-24	8.01e-19	1.99e-14	8.78e-11	1.22e-07	6.69e-04	5.81e-02	9.41e-01	0.00e+00	0.00e+00	0.00e+00
 5.42195e+21	3.42e-31	3.04e-24	1.00e-18	2.40e-14	1.02e-10	1.36e-07	7.16e-04	6.00e-02	9.39e-01	0.00e+00	0.00e+00	0.00e+00
 5.50765e+21	4.40e-31	3.78e-24	1.21e-18	2.79e-14	1.14e-10	1.48e-07	7.57e-04	6.17e-02	9.38e-01	0.00e+00	0.00e+00	0.00e+00
 5.59490e+21	5.59e-31	4.65e-24	1.44e-18	3.23e-14	1.28e-10	1.61e-07	7.99e-04	6.33e-02	9.36e-01	0.00e+00	0.00e+00	0.00e+00
 5.69274e+21	7.50e-31	6.00e-24	1.79e-18	3.87e-14	1.48e-10	1.78e-07	8.53e-04	6.53e-02	9.34e-01	0.00e+00	0.00e+00	0.00e+00
 5.77882e+21	9.63e-31	7.45e-24	2.15e-18	4.51e-14	1.67e-10	1.94e-07	9.01e-04	6.70e-02	9.32e-01	0.00e+00	0.00e+00	0.00e+00
 5.85142e+21	1.19e-30	8.94e-24	2.51e-18	5.13e-14	1.84e-10	2.08e-07	9.44e-04	6.85e-02	9.31e-01	0.00e+00	0.00e+00	0.00e+00
 5.93201e+21	1.49e-30	1.09e-23	2.96e-18	5.88e-14	2.05e-10	2.25e-07	9.93e-04	7.02e-02	9.29e-01	0.00e+00	0.00e+00	0.00e+00
 6.03678e+21	2.00e-30	1.40e-23	3.68e-18	7.05e-14	2.36e-10	2.49e-07	1.06e-03	7.24e-02	9.26e-01	0.00e+00	0.00e+00	0.00e+00
 6.14393e+21	2.72e-30	1.83e-23	4.61e-18	8.50e-14	2.74e-10	2.76e-07	1.14e-03	7.48e-02	9.24e-01	0.00e+00	0.00e+00	0.00e+00
 6.22866e+21	3.46e-30	2.25e-23	5.50e-18	9.84e-14	3.07e-10	3.00e-07	1.20e-03	7.67e-02	9.22e-01	0.00e+00	0.00e+00	0.00e+00
 6.31328e+21	4.37e-30	2.76e-23	6.53e-18	1.14e-13	3.43e-10	3.25e-07	1.26e-03	7.87e-02	9.20e-01	0.00e+00	0.00e+00	0.00e+00
 6.42329e+21	5.93e-30	3.59e-23	8.18e-18	1.37e-13	3.97e-10	3.61e-07	1.35e-03	8.12e-02	9.17e-01	0.00e+00	0.00e+00	0.00e+00
 6.53161e+21	8.10e-30	4.71e-23	1.03e-17	1.66e-13	4.62e-10	4.01e-07	1.44e-03	8.39e-02	9.15e-01	0.00e+00	0.00e+00	0.00e+00
 6.61114e+21	1.00e-29	5.66e-23	1.20e-17	1.89e-13	5.12e-10	4.32e-07	1.52e-03	8.58e-02	9.13e-01	0.00e+00	0.00e+00	0.00e+00
 6.68794e+21	1.24e-29	6.78e-23	1.40e-17	2.14e-13	5.65e-10	4.64e-07	1.59e-03	8.77e-02	9.11e-01	0.00e+00	0.00e+00	0.00e+00
 6.78778e+21	1.62e-29	8.58e-23	1.71e-17	2.53e-13	6.44e-10	5.09e-07	1.69e-03	9.02e-02	9.08e-01	0.00e+00	0.00e+00	0.00e+00
 6.89385e+21	2.17e-29	1.10e-22	2.13e-17	3.03e-13	7.41e-10	5.63e-07	1.80e-03	9.30e-02	9.05e-01	0.00e+00	0.00e+00	0.00e+00
 6.98340e+21	2.77e-29	1.36e-22	2.54e-17	3.52e-13	8.34e-10	6.12e-07	1.90e-03	9.54e-02	9.03e-01	0.00e+00	0.00e+00	0.00e+00
 7.07519e+21	3.53e-29	1.68e-22	3.04e-17	4.09e-13	9.37e-10	6.65e-07	2.00e-03	9.78e-02	9.00e-01	0.00e+00	0.00e+00	0.00e+00
 7.19453e+21	4.85e-29	2.21e-22	3.84e-17	4.97e-13	1.09e-09	7.42e-07	2.15e-03	1.01e-01	8.97e-01	0.00e+00	0.00e+00	0.00e+00
 7.31427e+21	6.69e-29	2.92e-22	4.87e-17	6.05e-13	1.28e-09	8.29e-07	2.31e-03	1.05e-01	8.93e-01	0.00e+00	0.00e+00	0.00e+00
 7.40499e+21	8.50e-29	3.60e-22	5.81e-17	7.01e-13	1.43e-09	9.01e-07	2.43e-03	1.07e-01	8.90e-01	0.00e+00	0.00e+00	0.00e+00
 7.49339e+21	1.07e-28	4.40e-22	6.90e-17	8.10e-13	1.60e-09	9.76e-07	2.56e-03	1.10e-01	8.88e-01	0.00e+00	0.00e+00	0.00e+00
 7.60830e+21	1.43e-28	5.64e-22	8.53e-17	9.67e-13	1.84e-09	1.08e-06	2.73e-03	1.13e-01	8.84e-01	0.00e+00	0.00e+00	0.00e+00
 7.73187e+21	1.97e-28	7.43e-22	1.08e-16	1.18e-12	2.15e-09	1.20e-06	2.93e-03	1.17e-01	8.80e-01	0.00e+00	0.00e+00	0.00e+00
 7.83729e+21	2.57e-28	9.36e-22	1.32e-16	1.39e-12	2.45e-09	1.32e-06	3.11e-03	1.20e-01	8.77e-01	0.00e+00	0.00e+00	0.00e+00
 7.93055e+21	3.24e-28	1.14e-21	1.56e-16	1.60e-12	2.75e-09	1.43e-06	3.27e-03	1.23e-01	8.74e-01	0.00e+00	0.00e+00	0.00e+00
 8.03738e+21	4.20e-28	1.43e-21	1.89e-16	1.88e-12	3.12e-09	1.57e-06	3.47e-03	1.26e-01	8.70e-01	0.00e+00	0.00e+00	0.00e+00
 8.15646e+21	5.62e-28	1.84e-21	2.35e-16	2.25e-12	3.60e-09	1.74e-06	3.70e-03	1.30e-01	8.66e-01	0.00e+00	0.00e+00	0.00e+00
 8.26537e+21	7.30e-28	2.31e-21	2.85e-16	2.65e-12	4.09e-09	1.90e-06	3.93e-03	1.34e-01	8.62e-01	0.00e+00	0.00e+00	0.00e+00
 8.36500e+21	9.31e-28	2.85e-21	3.41e-16	3.09e-12	4.61e-09	2.07e-06	4.15e-03	1.37e-01	8.59e-01	0.00e+00	0.00e+00	0.00e+00
 8.47867e+21	1.20e-27	3.55e-21	4.11e-16	3.61e-12	5.22e-09	2.27e-06	4.39e-03	1.41e-01	8.55e-01	0.00e+00	0.00e+00	0.00e+00
 8.62644e+21	1.68e-27	4.75e-21	5.27e-16	4.45e-12	6.16e-09	2.55e-06	4.74e-03	1.46e-01	8.50e-01	0.00e+00	0.00e+00	0.00e+00
 8.77698e+21	2.36e-27	6.38e-21	6.79e-16	5.51e-12	7.30e-09	2.88e-06	5.11e-03	1.51e-01	8.44e-01	0.00e+00	0.00e+00	0.00e+00
 8.89125e+21	3.03e-27	7.94e-21	8.18e-16	6.45e-12	8.27e-09	3.15e-06	5.41e-03	1.55e-01	8.40e-01	0.00e+00	0.00e+00	0.00e+00
 8.99993e+21	3.84e-27	9.74e-21	9.75e-16	7.47e-12	9.30e-09	3.43e-06	5.71e-03	1.58e-01	8.36e-01	0.00e+00	0.00e+00	0.00e+00
 9.14123e+21	5.12e-27	1.25e-20	1.21e-15	8.95e-12	1.07e-08	3.80e-06	6.10e-03	1.63e-01	8.31e-01	0.00e+00	0.00e+00	0.00e+00
 9.29238e+21	7.01e-27	1.64e-20	1.53e-15	1.09e-11	1.25e-08	4.25e-06	6.55e-03	1.68e-01	8.25e-01	0.00e+00	0.00e+00	0.00e+00
 9.42069e+21	9.08e-27	2.05e-20	1.85e-15	1.28e-11	1.43e-08	4.66e-06	6.94e-03	1.73e-01	8.20e-01	0.00e+00	0.00e+00	0.00e+00
 9.55185e+21	1.17e-26	2.56e-20	2.23e-15	1.50e-11	1.62e-08	5.11e-06	7.36e-03	1.77e-01	8.15e-01	0.00e+00	0.00e+00	0.00e+00
 9.72235e+21	1.62e-26	3.39e-20	2.84e-15	1.84e-11	1.91e-08	5.74e-06	7.92e-03	1.83e-01	8.09e-01	0.00e+00	0.00e+00	0.00e+00
 9.89599e+21	2.24e-26	4.50e-20	3.63e-15	2.27e-11	2.25e-08	6.47e-06	8.54e-03	1.89e-01	8.02e-01	0.00e+00	0.00e+00	0.00e+00
 1.00326e+22	2.88e-26	5.59e-20	4.37e-15	2.65e-11	2.55e-08	7.08e-06	9.04e-03	1.94e-01	7.97e-01	0.00e+00	0.00e+00	0.00e+00
 1.01691e+22	3.65e-26	6.87e-20	5.22e-15	3.08e-11	2.88e-08	7.72e-06	9.55e-03	1.99e-01	7.92e-01	0.00e+00	0.00e+00	0.00e+00
 1.03465e+22	4.95e-26	8.94e-20	6.55e-15	3.74e-11	3.36e-08	8.62e-06	1.02e-02	2.05e-01	7.85e-01	0.00e+00	0.00e+00	0.00e+00
 1.05348e+22	6.81e-26	1.18e-19	8.32e-15	4.57e-11	3.95e-08	9.69e-06	1.10e-02	2.12e-01	7.77e-01	0.00e+00	0.00e+00	0.00e+00
 1.06914e+22	8.81e-26	1.48e-19	1.01e-14	5.39e-11	4.50e-08	1.06e-05	1.17e-02	2.17e-01	7.71e-01	0.00e+00	0.00e+00	0.00e+00
 1.08237e+22	1.09e-25	1.77e-19	1.18e-14	6.15e-11	5.01e-08	1.15e-05	1.23e-02	2.22e-01	7.66e-01	0.00e+00	0.00e+00	0.00e+00
 1.09700e+22	1.36e-25	2.16e-19	1.40e-14	7.10e-11	5.62e-08	1.25e-05	1.29e-02	2.27e-01	7.61e-01	0.00e+00	0.00e+00	0.00e+00
 1.11601e+22	1.82e-25	2.77e-19	1.74e-14	8.53e-11	6.51e-08	1.39e-05	1.38e-02	2.33e-01	7.53e-01	0.00e+00	0.00e+00	0.00e+00
 1.13577e+22	2.45e-25	3.59e-19	2.17e-14	1.03e-10	7.58e-08	1.55e-05	1.48e-02	2.40e-01	7.45e-01	0.00e+00	0.00e+00	0.00e+00
 1.15191e+22	3.10e-25	4.40e-19	2.59e-14	1.20e-10	8.54e-08	1.69e-05	1.56e-02	2.45e-01	7.39e-01	0.00e+00	0.00e+00	0.00e+00
 1.16832e+22	3.89e-25	5.37e-19	3.07e-14	1.38e-10	9.60e-08	1.84e-05	1.65e-02	2.51e-01	7.33e-01	0.00e+00	0.00e+00	0.00e+00
 1.18965e+22	5.21e-25	6.93e-19	3.82e-14	1.67e-10	1.11e-07	2.05e-05	1.76e-02	2.58e-01	7.25e-01	0.00e+00	0.00e+00	0.00e+00
 1.21201e+22	7.07e-25	9.03e-19	4.81e-14	2.02e-10	1.30e-07	2.30e-05	1.89e-02	2.65e-01	7.16e-01	0.00e+00	0.00e+00	0.00e+00
 1.23063e+22	9.04e-25	1.12e-18	5.78e-14	2.37e-10	1.48e-07	2.51e-05	2.00e-02	2.71e-01	7.09e-01	0.00e+00	0.00e+00	0.00e+00
 1.24975e+22	1.15e-24	1.38e-18	6.93e-14	2.76e-10	1.67e-07	2.75e-05	2.11e-02	2.78e-01	7.01e-01	0.00e+00	0.00e+00	0.00e+00
 1.27116e+22	1.50e-24	1.74e-18	8.48e-14	3.28e-10	1.92e-07	3.04e-05	2.25e-02	2.84e-01	6.93e-01	0.00e+00	0.00e+00	0.00e+00
 1.29072e+22	1.92e-24	2.15e-18	1.02e-13	3.82e-10	2.17e-07	3.32e-05	2.37e-02	2.91e-01	6.85e-01	0.00e+00	0.00e+00	0.00e+00
 1.30846e+22	2.37e-24	2.58e-18	1.19e-13	4.37e-10	2.42e-07	3.59e-05	2.49e-02	2.96e-01	6.79e-01	0.00e+00	0.00e+00	0.00e+00
 1.32864e+22	2.99e-24	3.17e-18	1.42e-13	5.07e-10	2.73e-07	3.92e-05	2.63e-02	3.03e-01	6.71e-01	0.00e+00	0.00e+00	0.00e+00
 1.35487e+22	4.02e-24	4.10e-18	1.78e-13	6.14e-10	3.18e-07	4.37e-05	2.81e-02	3.11e-01	6.61e-01	0.00e+00	0.00e+00	0.00e+00
 1.38112e+22	5.42e-24	5.32e-18	2.22e-13	7.42e-10	3.71e-07	4.89e-05	3.01e-02	3.19e-01	6.51e-01	0.00e+00	0.00e+00	0.00e+00
 1.40047e+22	6.70e-24	6.39e-18	2.61e-13	8.50e-10	4.14e-07	5.29e-05	3.16e-02	3.25e-01	6.44e-01	0.00e+00	0.00e+00	0.00e+00
 1.41870e+22	8.11e-24	7.55e-18	3.01e-13	9.60e-10	4.57e-07	5.67e-05	3.30e-02	3.30e-01	6.37e-01	0.00e+00	0.00e+00	0.00e+00
 1.44240e+22	1.04e-23	9.35e-18	3.62e-13	1.12e-09	5.18e-07	6.21e-05	3.49e-02	3.37e-01	6.28e-01	0.00e+00	0.00e+00	0.00e+00
 1.46844e+22	1.36e-23	1.18e-17	4.43e-13	1.33e-09	5.95e-07	6.87e-05	3.70e-02	3.44e-01	6.19e-01	0.00e+00	0.00e+00	0.00e+00
 1.49144e+22	1.71e-23	1.44e-17	5.28e-13	1.54e-09	6.70e-07	7.48e-05	3.90e-02	3.51e-01	6.10e-01	0.00e+00	0.00e+00	0.00e+00
 1.51070e+22	2.06e-23	1.70e-17	6.08e-13	1.74e-09	7.38e-07	8.02e-05	4.07e-02	3.56e-01	6.03e-01	0.00e+00	0.00e+00	0.00e+00
 1.53117e+22	2.50e-23	2.01e-17	7.03e-13	1.97e-09	8.15e-07	8.61e-05	4.25e-02	3.62e-01	5.96e-01	0.00e+00	0.00e+00	0.00e+00
 1.55779e+22	3.21e-23	2.50e-17	8.48e-13	2.31e-09	9.26e-07	9.44e-05	4.49e-02	3.69e-01	5.86e-01	0.00e+00	0.00e+00	0.00e+00
 1.58525e+22	4.14e-23	3.12e-17	1.03e-12	2.72e-09	1.06e-06	1.04e-04	4.75e-02	3.76e-01	5.76e-01	0.00e+00	0.00e+00	0.00e+00
 1.60677e+22	5.03e-23	3.70e-17	1.19e-12	3.07e-09	1.17e-06	1.11e-04	4.96e-02	3.82e-01	5.69e-01	0.00e+00	0.00e+00	0.00e+00
 1.62770e+22	6.02e-23	4.33e-17	1.36e-12	3.45e-09	1.28e-06	1.19e-04	5.16e-02	3.87e-01	5.61e-01	0.00e+00	0.00e+00	0.00e+00
 1.65491e+22	7.61e-23	5.30e-17	1.62e-12	4.00e-09	1.44e-06	1.30e-04	5.43e-02	3.93e-01	5.52e-01	0.00e+00	0.00e+00	0.00e+00
 1.68407e+22	9.76e-23	6.59e-17	1.96e-12	4.69e-09	1.64e-06	1.42e-04	5.73e-02	4.00e-01	5.42e-01	0.00e+00	0.00e+00	0.00e+00
 1.70863e+22	1.20e-22	7.86e-17	2.28e-12	5.33e-09	1.82e-06	1.53e-04	5.99e-02	4.06e-01	5.34e-01	0.00e+00	0.00e+00	0.00e+00
 1.73343e+22	1.46e-22	9.33e-17	2.64e-12	6.04e-09	2.01e-06	1.65e-04	6.25e-02	4.12e-01	5.26e-01	0.00e+00	0.00e+00	0.00e+00
 1.76567e+22	1.87e-22	1.16e-16	3.19e-12	7.07e-09	2.28e-06	1.80e-04	6.59e-02	4.19e-01	5.15e-01	0.00e+00	0.00e+00	0.00e+00
 1.79750e+22	2.41e-22	1.45e-16	3.86e-12	8.31e-09	2.59e-06	1.98e-04	6.95e-02	4.25e-01	5.05e-01	0.00e+00	0.00e+00	0.00e+00
 1.82027e+22	2.88e-22	1.69e-16	4.41e-12	9.30e-09	2.84e-06	2.11e-04	7.22e-02	4.30e-01	4.97e-01	0.00e+00	0.00e+00	0.00e+00
 1.84139e+22	3.34e-22	1.92e-16	4.93e-12	1.02e-08	3.06e-06	2.22e-04	7.45e-02	4.34e-01	4.91e-01	0.00e+00	0.00e+00	0.00e+00
 1.86883e+22	4.07e-22	2.28e-16	5.72e-12	1.16e-08	3.38e-06	2.39e-04	7.76e-02	4.39e-01	4.83e-01	0.00e+00	0.00e+00	0.00e+00
 1.90451e+22	5.21e-22	2.83e-16	6.87e-12	1.35e-08	3.82e-06	2.61e-04	8.17e-02	4.46e-01	4.72e-01	0.00e+00	0.00e+00	0.00e+00
 1.94071e+22	6.75e-22	3.54e-16	8.35e-12	1.59e-08	4.36e-06	2.86e-04	8.62e-02	4.52e-01	4.61e-01	0.00e+00	0.00e+00	0.00e+00
 1.96803e+22	8.18e-22	4.18e-16	9.64e-12	1.80e-08	4.81e-06	3.07e-04	8.97e-02	4.57e-01	4.53e-01	0.00e+00	0.00e+00	0.00e+00
 1.99398e+22	9.66e-22	4.83e-16	1.09e-11	1.99e-08	5.22e-06	3.25e-04	9.27e-02	4.61e-01	4.46e-01	0.00e+00	0.00e+00	0.00e+00
 2.02771e+22	1.20e-21	5.85e-16	1.29e-11	2.28e-08	5.82e-06	3.51e-04	9.69e-02	4.67e-01	4.36e-01	0.00e+00	0.00e+00	0.00e+00
 2.06531e+22	1.53e-21	7.20e-16	1.54e-11	2.65e-08	6.55e-06	3.82e-04	1.02e-01	4.72e-01	4.26e-01	0.00e+00	0.00e+00	0.00e+00
 2.09985e+22	1.90e-21	8.72e-16	1.81e-11	3.05e-08	7.32e-06	4.13e-04	1.06e-01	4.77e-01	4.16e-01	0.00e+00	0.00e+00	0.00e+00
 2.13180e+22	2.31e-21	1.03e-15	2.10e-11	3.44e-08	8.07e-06	4.43e-04	1.10e-01	4.81e-01	4.08e-01	0.00e+00	0.00e+00	0.00e+00
 2.16846e+22	2.88e-21	1.25e-15	2.46e-11	3.94e-08	8.98e-06	4.78e-04	1.15e-01	4.86e-01	3.98e-01	0.00e+00	0.00e+00	0.00e+00
 2.21612e+22	3.78e-21	1.58e-15	3.02e-11	4.67e-08	1.03e-05	5.25e-04	1.21e-01	4.91e-01	3.87e-01	0.00e+00	0.00e+00	0.00e+00
 2.26272e+22	4.99e-21	2.01e-15	3.72e-11	5.56e-08	1.18e-05	5.80e-04	1.28e-01	4.97e-01	3.75e-01	0.00e+00	0.00e+00	0.00e+00
 2.29609e+22	6.04e-21	2.38e-15	4.29e-11	6.28e-08	1.30e-05	6.20e-04	1.33e-01	5.00e-01	3.66e-01	0.00e+00	0.00e+00	0.00e+00
 2.32759e+22	7.14e-21	2.75e-15	4.86e-11	6.96e-08	1.41e-05	6.56e-04	1.37e-01	5.03e-01	3.59e-01	0.00e+00	0.00e+00	0.00e+00
 2.36855e+22	8.91e-21	3.33e-15	5.73e-11	7.99e-08	1.58e-05	7.09e-04	1.43e-01	5.07e-01	3.49e-01	0.00e+00	0.00e+00	0.00e+00
 2.42179e+22	1.18e-20	4.24e-15	7.05e-11	9.50e-08	1.81e-05	7.80e-04	1.51e-01	5.11e-01	3.37e-01	0.00e+00	0.00e+00	0.00e+00
 2.47695e+22	1.57e-20	5.45e-15	8.75e-11	1.14e-07	2.09e-05	8.63e-04	1.59e-01	5.15e-01	3.25e-01	0.00e+00	0.00e+00	0.00e+00
 2.52121e+22	1.97e-20	6.62e-15	1.03e-10	1.31e-07	2.34e-05	9.33e-04	1.66e-01	5.18e-01	3.15e-01	0.00e+00	0.00e+00	0.00e+00
 2.56532e+22	2.43e-20	7.95e-15	1.21e-10	1.49e-07	2.59e-05	1.00e-03	1.72e-01	5.20e-01	3.06e-01	0.00e+00	0.00e+00	0.00e+00
 2.62267e+22	3.19e-20	1.01e-14	1.49e-10	1.78e-07	2.97e-05	1.10e-03	1.81e-01	5.23e-01	2.95e-01	0.00e+00	0.00e+00	0.00e+00
 2.67867e+22	4.18e-20	1.28e-14	1.82e-10	2.11e-07	3.41e-05	1.21e-03	1.90e-01	5.25e-01	2.83e-01	0.00e+00	0.00e+00	0.00e+00
 2.71897e+22	5.03e-20	1.50e-14	2.09e-10	2.37e-07	3.74e-05	1.29e-03	1.97e-01	5.27e-01	2.75e-01	0.00e+00	0.00e+00	0.00e+00
 2.75742e+22	5.98e-20	1.74e-14	2.38e-10	2.64e-07	4.07e-05	1.37e-03	2.03e-01	5.28e-01	2.68e-01	0.00e+00	0.00e+00	0.00e+00
 2.80740e+22	7.42e-20	2.10e-14	2.80e-10	3.02e-07	4.54e-05	1.48e-03	2.11e-01	5.29e-01	2.59e-01	0.00e+00	0.00e+00	0.00e+00
 2.86300e+22	9.46e-20	2.59e-14	3.36e-10	3.53e-07	5.15e-05	1.61e-03	2.20e-01	5.29e-01	2.49e-01	0.00e+00	0.00e+00	0.00e+00
 2.91331e+22	1.17e-19	3.12e-14	3.95e-10	4.05e-07	5.74e-05	1.74e-03	2.28e-01	5.30e-01	2.40e-01	0.00e+00	0.00e+00	0.00e+00
 2.95887e+22	1.41e-19	3.67e-14	4.54e-10	4.56e-07	6.31e-05	1.86e-03	2.36e-01	5.30e-01	2.32e-01	0.00e+00	0.00e+00	0.00e+00
 3.01085e+22	1.74e-19	4.39e-14	5.30e-10	5.19e-07	7.01e-05	2.00e-03	2.45e-01	5.29e-01	2.24e-01	0.00e+00	0.00e+00	0.00e+00
 3.07843e+22	2.25e-19	5.51e-14	6.46e-10	6.14e-07	8.01e-05	2.19e-03	2.56e-01	5.28e-01	2.14e-01	0.00e+00	0.00e+00	0.00e+00
 3.14769e+22	2.94e-19	6.96e-14	7.92e-10	7.31e-07	9.23e-05	2.42e-03	2.68e-01	5.27e-01	2.03e-01	0.00e+00	0.00e+00	0.00e+00
 3.20199e+22	3.60e-19	8.30e-14	9.24e-10	8.33e-07	1.03e-04	2.60e-03	2.77e-01	5.25e-01	1.95e-01	0.00e+00	0.00e+00	0.00e+00
 3.25540e+22	4.35e-19	9.77e-14	1.07e-09	9.40e-07	1.13e-04	2.78e-03	2.86e-01	5.23e-01	1.87e-01	0.00e+00	0.00e+00	0.00e+00
 3.32484e+22	5.51e-19	1.20e-13	1.28e-09	1.10e-06	1.28e-04	3.03e-03	2.98e-01	5.21e-01	1.78e-01	0.00e+00	0.00e+00	0.00e+00
 3.39943e+22	7.10e-19	1.50e-13	1.55e-09	1.30e-06	1.47e-04	3.33e-03	3.11e-01	5.17e-01	1.68e-01	0.00e+00	0.00e+00	0.00e+00
 3.46330e+22	8.77e-19	1.81e-13	1.83e-09	1.49e-06	1.65e-04	3.61e-03	3.22e-01	5.14e-01	1.60e-01	0.00e+00	0.00e+00	0.00e+00
 3.52894e+22	1.07e-18	2.15e-13	2.13e-09	1.71e-06	1.84e-04	3.89e-03	3.33e-01	5.10e-01	1.53e-01	0.00e+00	0.00e+00	0.00e+00
 3.61426e+22	1.38e-18	2.69e-13	2.60e-09	2.02e-06	2.11e-04	4.28e-03	3.47e-01	5.04e-01	1.44e-01	0.00e+00	0.00e+00	0.00e+00
 3.69631e+22	1.76e-18	3.33e-13	3.15e-09	2.40e-06	2.42e-04	4.71e-03	3.62e-01	4.98e-01	1.35e-01	0.00e+00	0.00e+00	0.00e+00
 3.75336e+22	2.07e-18	3.84e-13	3.58e-09	2.67e-06	2.65e-04	5.02e-03	3.72e-01	4.94e-01	1.29e-01	0.00e+00	0.00e+00	0.00e+00
 3.80680e+22	2.39e-18	4.35e-13	4.00e-09	2.94e-06	2.87e-04	5.29e-03	3.80e-01	4.90e-01	1.24e-01	0.00e+00	0.00e+00	0.00e+00
 3.87628e+22	2.86e-18	5.10e-13	4.61e-09	3.33e-06	3.18e-04	5.69e-03	3.92e-01	4.84e-01	1.18e-01	0.00e+00	0.00e+00	0.00e+00
 3.96659e+22	3.57e-18	6.20e-13	5.50e-09	3.89e-06	3.62e-04	6.22e-03	4.06e-01	4.77e-01	1.10e-01	0.00e+00	0.00e+00	0.00e+00
 4.05919e+22	4.47e-18	7.57e-13	6.59e-09	4.58e-06	4.14e-04	6.83e-03	4.21e-01	4.69e-01	1.03e-01	0.00e+00	0.00e+00	0.00e+00
 4.13181e+22	5.29e-18	8.80e-13	7.56e-09	5.17e-06	4.57e-04	7.33e-03	4.33e-01	4.62e-01	9.70e-02	0.00e+00	0.00e+00	0.00e+00
 4.20328e+22	6.16e-18	1.01e-12	8.55e-09	5.76e-06	5.00e-04	7.80e-03	4.44e-01	4.56e-01	9.22e-02	0.00e+00	0.00e+00	0.00e+00
 4.29619e+22	7.46e-18	1.20e-12	1.00e-08	6.62e-06	5.62e-04	8.46e-03	4.58e-01	4.47e-01	8.61e-02	0.00e+00	0.00e+00	0.00e+00
 4.39628e+22	9.11e-18	1.43e-12	1.18e-08	7.69e-06	6.37e-04	9.24e-03	4.73e-01	4.38e-01	7.99e-02	0.00e+00	0.00e+00	0.00e+00
 4.48183e+22	1.07e-17	1.66e-12	1.35e-08	8.71e-06	7.07e-04	9.95e-03	4.85e-01	4.29e-01	7.49e-02	0.00e+00	0.00e+00	0.00e+00
 4.55727e+22	1.23e-17	1.87e-12	1.52e-08	9.66e-06	7.70e-04	1.06e-02	4.96e-01	4.22e-01	7.09e-02	0.00e+00	0.00e+00	0.00e+00
 4.64345e+22	1.43e-17	2.14e-12	1.72e-08	1.08e-05	8.43e-04	1.13e-02	5.07e-01	4.14e-01	6.69e-02	0.00e+00	0.00e+00	0.00e+00
 4.75548e+22	1.71e-17	2.52e-12	2.00e-08	1.24e-05	9.47e-04	1.22e-02	5.21e-01	4.04e-01	6.19e-02	0.00e+00	0.00e+00	0.00e+00
 4.87326e+22	2.05e-17	2.99e-12	2.35e-08	1.44e-05	1.07e-03	1.33e-02	5.36e-01	3.93e-01	5.69e-02	0.00e+00	0.00e+00	0.00e+00
 4.96956e+22	2.38e-17	3.41e-12	2.67e-08	1.61e-05	1.18e-03	1.43e-02	5.48e-01	3.84e-01	5.31e-02	2.38e-17	5.61e-25	5.80e-25
 5.06583e+22	2.72e-17	3.86e-12	2.99e-08	1.79e-05	1.28e-03	1.52e-02	5.58e-01	3.75e-01	4.99e-02	2.72e-17	5.57e-24	6.62e-24
 5.19098e+22	3.21e-17	4.49e-12	3.46e-08	2.05e-05	1.43e-03	1.64e-02	5.72e-01	3.65e-01	4.60e-02	3.21e-17	6.30e-24	7.49e-24
 5.32410e+22	3.80e-17	5.26e-12	4.03e-08	2.36e-05	1.61e-03	1.78e-02	5.86e-01	3.53e-01	4.21e-02	3.80e-17	7.10e-24	8.43e-24
 5.43199e+22	4.35e-17	5.96e-12	4.55e-08	2.64e-05	1.77e-03	1.90e-02	5.97e-01	3.43e-01	3.92e-02	4.35e-17	7.83e-24	9.29e-24
 5.51537e+22	4.81e-17	6.55e-12	4.97e-08	2.86e-05	1.88e-03	1.99e-02	6.04e-01	3.37e-01	3.72e-02	4.81e-17	8.46e-24	1.00e-23
 5.60249e+22	5.29e-17	7.15e-12	5.42e-08	3.10e-05	2.01e-03	2.09e-02	6.12e-01	3.30e-01	3.52e-02	5.29e-17	9.11e-24	1.08e-23
 5.71575e+22	5.99e-17	8.02e-12	6.05e-08	3.43e-05	2.18e-03	2.21e-02	6.21e-01	3.21e-01	3.29e-02	5.99e-17	9.97e-24	1.18e-23
 5.84072e+22	6.82e-17	9.07e-12	6.82e-08	3.83e-05	2.39e-03	2.36e-02	6.32e-01	3.12e-01	3.05e-02	6.82e-17	1.09e-23	1.29e-23
 5.95174e+22	7.65e-17	1.01e-11	7.57e-08	4.22e-05	2.58e-03	2.49e-02	6.40e-01	3.04e-01	2.85e-02	7.65e-17	1.18e-23	1.40e-23
 6.05067e+22	8.44e-17	1.11e-11	8.28e-08	4.58e-05	2.75e-03	2.61e-02	6.48e-01	2.97e-01	2.70e-02	8.44e-17	1.27e-23	1.50e-23
 6.16308e+22	9.37e-17	1.22e-11	9.11e-08	5.01e-05	2.95e-03	2.74e-02	6.55e-01	2.89e-01	2.53e-02	9.37e-17	1.37e-23	1.62e-23
 6.30922e+22	1.07e-16	1.38e-11	1.03e-07	5.59e-05	3.22e-03	2.91e-02	6.64e-01	2.80e-01	2.34e-02	1.07e-16	1.50e-23	1.78e-23
 6.46419e+22	1.22e-16	1.58e-11	1.17e-07	6.30e-05	3.54e-03	3.11e-02	6.74e-01	2.70e-01	2.15e-02	1.22e-16	1.64e-23	1.94e-23
 6.59405e+22	1.36e-16	1.75e-11	1.29e-07	6.94e-05	3.82e-03	3.29e-02	6.82e-01	2.62e-01	2.00e-02	1.36e-16	1.77e-23	2.09e-23
 6.72628e+22	1.52e-16	1.94e-11	1.43e-07	7.59e-05	4.08e-03	3.45e-02	6.88e-01	2.55e-01	1.87e-02	1.52e-16	1.92e-23	2.27e-23
 6.89816e+22	1.74e-16	2.20e-11	1.61e-07	8.49e-05	4.45e-03	3.66e-02	6.96e-01	2.45e-01	1.72e-02	1.74e-16	2.10e-23	2.48e-23
 7.08272e+22	2.00e-16	2.52e-11	1.85e-07	9.60e-05	4.89e-03	3.92e-02	7.05e-01	2.36e-01	1.57e-02	2.00e-16	2.30e-23	2.71e-23
 7.23791e+22	2.24e-16	2.81e-11	2.06e-07	1.06e-04	5.28e-03	4.14e-02	7.11e-01	2.28e-01	1.45e-02	2.24e-16	2.48e-23	2.92e-23
 7.37232e+22	2.48e-16	3.10e-11	2.26e-07	1.15e-04	5.61e-03	4.31e-02	7.16e-01	2.21e-01	1.36e-02	2.48e-16	2.67e-23	3.14e-23
 7.52554e+22	2.74e-16	3.42e-11	2.48e-07	1.26e-04	5.98e-03	4.51e-02	7.21e-01	2.15e-01	1.27e-02	2.74e-16	2.87e-23	3.37e-23
 7.72472e+22	3.11e-16	3.86e-11	2.80e-07	1.40e-04	6.49e-03	4.77e-02	7.27e-01	2.07e-01	1.17e-02	3.11e-16	3.12e-23	3.67e-23
 7.94324e+22	3.58e-16	4.43e-11	3.20e-07	1.59e-04	7.10e-03	5.09e-02	7.34e-01	1.98e-01	1.06e-02	3.58e-16	3.40e-23	3.99e-23
 8.13336e+22	4.04e-16	4.99e-11	3.59e-07	1.76e-04	7.67e-03	5.37e-02	7.39e-01	1.90e-01	9.75e-03	4.04e-16	3.67e-23	4.32e-23
 8.29943e+22	4.47e-16	5.50e-11	3.95e-07	1.91e-04	8.14e-03	5.60e-02	7.42e-01	1.84e-01	9.11e-03	4.47e-16	3.94e-23	4.64e-23
 8.48778e+22	4.96e-16	6.09e-11	4.36e-07	2.09e-04	8.69e-03	5.85e-02	7.46e-01	1.78e-01	8.47e-03	4.96e-16	4.24e-23	4.98e-23
 8.73264e+22	5.66e-16	6.93e-11	4.94e-07	2.34e-04	9.40e-03	6.18e-02	7.50e-01	1.71e-01	7.74e-03	5.66e-16	4.61e-23	5.42e-23
 9.00534e+22	6.52e-16	7.99e-11	5.68e-07	2.65e-04	1.03e-02	6.59e-02	7.54e-01	1.62e-01	6.97e-03	6.52e-16	5.02e-23	5.89e-23
 9.24815e+22	7.43e-16	9.09e-11	6.44e-07	2.97e-04	1.11e-02	6.96e-02	7.57e-01	1.55e-01	6.35e-03	7.43e-16	5.45e-23	6.39e-23
 9.43953e+22	8.19e-16	1.00e-10	7.08e-07	3.23e-04	1.18e-02	7.25e-02	7.60e-01	1.50e-01	5.91e-03	8.19e-16	5.81e-23	6.82e-23
 9.63013e+22	9.00e-16	1.10e-10	7.70e-07	3.47e-04	1.24e-02	7.50e-02	7.61e-01	1.46e-01	5.57e-03	9.00e-16	6.23e-23	7.30e-23
 9.87790e+22	1.00e-15	1.22e-10	8.55e-07	3.80e-04	1.32e-02	7.84e-02	7.63e-01	1.40e-01	5.14e-03	1.00e-15	6.65e-23	7.80e-23
 1.01553e+23	1.13e-15	1.39e-10	9.65e-07	4.23e-04	1.42e-02	8.25e-02	7.64e-01	1.34e-01	4.70e-03	1.13e-15	7.16e-23	8.38e-23
 1.04074e+23	1.27e-15	1.55e-10	1.08e-06	4.66e-04	1.52e-02	8.63e-02	7.65e-01	1.29e-01	4.33e-03	1.27e-15	7.69e-23	9.00e-23
 1.06320e+23	1.40e-15	1.71e-10	1.18e-06	5.03e-04	1.60e-02	8.95e-02	7.66e-01	1.24e-01	4.04e-03	1.40e-15	8.17e-23	9.56e-23
 1.08848e+23	1.54e-15	1.89e-10	1.30e-06	5.46e-04	1.70e-02	9.29e-02	7.66e-01	1.20e-01	3.77e-03	1.54e-15	8.73e-23	1.02e-22
 1.12134e+23	1.74e-15	2.13e-10	1.45e-06	6.02e-04	1.81e-02	9.72e-02	7.66e-01	1.15e-01	3.45e-03	1.74e-15	9.37e-23	1.10e-22
 1.15831e+23	2.00e-15	2.45e-10	1.66e-06	6.75e-04	1.96e-02	1.02e-01	7.65e-01	1.09e-01	3.12e-03	2.00e-15	1.01e-22	1.18e-22
 1.19166e+23	2.27e-15	2.79e-10	1.88e-06	7.49e-04	2.09e-02	1.07e-01	7.64e-01	1.04e-01	2.85e-03	2.27e-15	1.10e-22	1.28e-22
 1.22035e+23	2.50e-15	3.08e-10	2.06e-06	8.11e-04	2.21e-02	1.11e-01	7.63e-01	1.00e-01	2.64e-03	2.50e-15	1.16e-22	1.36e-22
 1.25196e+23	2.77e-15	3.42e-10	2.27e-06	8.78e-04	2.33e-02	1.15e-01	7.62e-01	9.67e-02	2.46e-03	2.77e-15	1.25e-22	1.45e-22
 1.29305e+23	3.14e-15	3.86e-10	2.55e-06	9.66e-04	2.48e-02	1.20e-01	7.59e-01	9.25e-02	2.26e-03	3.14e-15	1.33e-22	1.56e-22
 1.34321e+23	3.63e-15	4.48e-10	2.92e-06	1.08e-03	2.67e-02	1.26e-01	7.56e-01	8.76e-02	2.04e-03	3.63e-15	1.45e-22	1.69e-22
 1.39343e+23	4.22e-15	5.24e-10	3.37e-06	1.22e-03	2.88e-02	1.33e-01	7.53e-01	8.27e-02	1.82e-03	4.22e-15	1.57e-22	1.83e-22
 1.43530e+23	4.78e-15	5.95e-10	3.79e-06	1.34e-03	3.06e-02	1.38e-01	7.49e-01	7.89e-02	1.67e-03	4.78e-15	1.70e-22	1.98e-22
 1.47808e+23	5.32e-15	6.60e-10	4.16e-06	1.44e-03	3.21e-02	1.42e-01	7.47e-01	7.61e-02	1.56e-03	5.32e-15	1.81e-22	2.12e-22
 1.53292e+23	6.02e-15	7.48e-10	4.66e-06	1.58e-03	3.40e-02	1.48e-01	7.43e-01	7.27e-02	1.43e-03	6.02e-15	1.93e-22	2.25e-22
 1.59547e+23	6.92e-15	8.63e-10	5.31e-06	1.75e-03	3.63e-02	1.54e-01	7.37e-01	6.89e-02	1.29e-03	6.92e-15	2.07e-22	2.41e-22
 1.65810e+23	7.95e-15	9.94e-10	6.02e-06	1.94e-03	3.87e-02	1.61e-01	7.32e-01	6.54e-02	1.17e-03	7.95e-15	2.22e-22	2.59e-22
 1.72322e+23	9.01e-15	1.13e-09	6.73e-06	2.12e-03	4.08e-02	1.66e-01	7.27e-01	6.25e-02	1.08e-03	9.01e-15	2.37e-22	2.76e-22
 1.79338e+23	1.03e-14	1.28e-09	7.55e-06	2.32e-03	4.32e-02	1.72e-01	7.22e-01	5.95e-02	9.87e-04	1.03e-14	2.51e-22	2.92e-22
 1.86635e+23	1.16e-14	1.45e-09	8.42e-06	2.52e-03	4.55e-02	1.78e-01	7.16e-01	5.69e-02	9.08e-04	1.16e-14	2.65e-22	3.08e-22
 1.94224e+23	1.30e-14	1.63e-09	9.30e-06	2.72e-03	4.77e-02	1.83e-01	7.11e-01	5.47e-02	8.44e-04	1.30e-14	2.78e-22	3.23e-22
 2.02117e+23	1.45e-14	1.82e-09	1.02e-05	2.93e-03	4.99e-02	1.88e-01	7.06e-01	5.25e-02	7.84e-04	1.45e-14	2.90e-22	3.37e-22
 2.10325e+23	1.61e-14	2.02e-09	1.12e-05	3.13e-03	5.20e-02	1.93e-01	7.01e-01	5.06e-02	7.33e-04	1.61e-14	3.00e-22	3.49e-22
 2.18861e+23	1.77e-14	2.22e-09	1.21e-05	3.33e-03	5.41e-02	1.98e-01	6.96e-01	4.88e-02	6.87e-04	1.77e-14	3.06e-22	3.56e-22
 2.27326e+23	1.94e-14	2.42e-09	1.31e-05	3.53e-03	5.60e-02	2.02e-01	6.91e-01	4.73e-02	6.49e-04	1.94e-14	3.13e-22	3.64e-22
 2.35142e+23	2.09e-14	2.61e-09	1.40e-05	3.71e-03	5.77e-02	2.05e-01	6.87e-01	4.59e-02	6.16e-04	2.09e-14	3.18e-22	3.70e-22
 2.42176e+23	2.22e-14	2.78e-09	1.47e-05	3.86e-03	5.91e-02	2.08e-01	6.83e-01	4.48e-02	5.90e-04	2.22e-14	3.20e-22	3.73e-22
 2.48507e+23	2.35e-14	2.93e-09	1.54e-05	3.99e-03	6.03e-02	2.11e-01	6.80e-01	4.40e-02	5.71e-04	2.35e-14	3.24e-22	3.77e-22
 2.54204e+23	2.45e-14	3.05e-09	1.60e-05	4.10e-03	6.12e-02	2.13e-01	6.78e-01	4.33e-02	5.55e-04	2.45e-14	3.23e-22	3.76e-22
 2.59332e+23	2.53e-14	3.16e-09	1.64e-05	4.19e-03	6.20e-02	2.14e-01	6.76e-01	4.27e-02	5.43e-04	2.53e-14	3.23e-22	3.75e-22
 2.63947e+23	2.61e-14	3.26e-09	1.68e-05	4.26e-03	6.27e-02	2.16e-01	6.75e-01	4.23e-02	5.33e-04	2.61e-14	3.22e-22	3.75e-22
 2.68100e+23	2.67e-14	3.33e-09	1.72e-05	4.32e-03	6.32e-02	2.17e-01	6.73e-01	4.19e-02	5.25e-04	2.67e-14	3.20e-22	3.72e-22
 2.71838e+23	2.72e-14	3.39e-09	1.74e-05	4.37e-03	6.37e-02	2.18e-01	6.72e-01	4.17e-02	5.18e-04	2.72e-14	3.18e-22	3.70e-22
 2.75203e+23	2.76e-14	3.44e-09	1.76e-05	4.41e-03	6.40e-02	2.18e-01	6.71e-01	4.15e-02	5.14e-04	2.76e-14	3.16e-22	3.67e-22
 2.78324e+23	2.79e-14	3.47e-09	1.78e-05	4.44e-03	6.42e-02	2.19e-01	6.71e-01	4.13e-02	5.11e-04	2.79e-14	3.12e-22	3.63e-22
 2.81379e+23	2.81e-14	3.50e-09	1.79e-05	4.46e-03	6.45e-02	2.19e-01	6.70e-01	4.12e-02	5.08e-04	2.81e-14	3.08e-22	3.58e-22
 2.84433e+23	2.84e-14	3.53e-09	1.81e-05	4.49e-03	6.47e-02	2.20e-01	6.70e-01	4.10e-02	5.04e-04	2.84e-14	3.04e-22	3.54e-22
 2.87488e+23	2.86e-14	3.55e-09	1.81e-05	4.51e-03	6.49e-02	2.20e-01	6.69e-01	4.09e-02	5.03e-04	2.86e-14	3.00e-22	3.50e-22
 2.90543e+23	2.87e-14	3.57e-09	1.82e-05	4.52e-03	6.50e-02	2.20e-01	6.69e-01	4.08e-02	5.01e-04	2.87e-14	2.96e-22	3.44e-22
 2.93598e+23	2.88e-14	3.59e-09	1.83e-05	4.53e-03	6.51e-02	2.20e-01	6.69e-01	4.08e-02	5.00e-04	2.88e-14	2.91e-22	3.39e-22
 2.96653e+23	2.89e-14	3.59e-09	1.83e-05	4.54e-03	6.51e-02	2.20e-01	6.69e-01	4.07e-02	4.99e-04	2.89e-14	2.86e-22	3.32e-22
 2.99707e+23	2.89e-14	3.60e-09	1.84e-05	4.55e-03	6.52e-02	2.21e-01	6.68e-01	4.07e-02	4.98e-04	2.89e-14	2.80e-22	3.26e-22
 3.02762e+23	2.90e-14	3.61e-09	1.84e-05	4.55e-03	6.52e-02	2.21e-01	6.68e-01	4.07e-02	4.97e-04	2.90e-14	2.75e-22	3.21e-22
 3.04886e+23	2.98e-14	3.71e-09	1.88e-05	4.63e-03	6.59e-02	2.22e-01	6.67e-01	4.02e-02	4.88e-04	2.98e-14	2.79e-22	3.24e-22
