#depth	Ar	Ar+	Ar+2	Ar+3	Ar+4	Ar+5	Ar+6	Ar+7	Ar+8	Ar+9	Ar+10	Ar+11	Ar+12	Ar+13	Ar+14	Ar+15	Ar+16	Ar+17	Ar+18
 6.17135e+19	0.00e+00	0.00e+00	0.00e+00	0.00e+00	0.00e+00	0.00e+00	7.40e-26	6.62e-22	7.08e-18	7.17e-15	3.28e-12	6.58e-10	7.64e-08	4.23e-06	1.42e-04	4.02e-03	1.71e-01	4.51e-01	3.74e-01
 1.87609e+20	0.00e+00	0.00e+00	0.00e+00	0.00e+00	0.00e+00	2.80e-29	2.24e-25	1.73e-21	1.70e-17	1.61e-14	6.84e-12	1.26e-09	1.35e-07	6.81e-06	2.03e-04	5.13e-03	1.94e-01	4.59e-01	3.41e-01
 2.93222e+20	0.00e+00	0.00e+00	0.00e+00	0.00e+00	0.00e+00	7.39e-29	5.30e-25	3.66e-21	3.42e-17	3.07e-14	1.23e-11	2.12e-09	2.13e-07	9.90e-06	2.69e-04	6.19e-03	2.14e-01	4.64e-01	3.15e-01
 3.69049e+20	0.00e+00	0.00e+00	0.00e+00	0.00e+00	0.00e+00	1.40e-28	9.36e-25	6.04e-21	5.50e-17	4.77e-14	1.83e-11	3.02e-09	2.90e-07	1.28e-05	3.25e-04	7.03e-03	2.29e-01	4.66e-01	2.98e-01
 4.22245e+20	0.00e+00	0.00e+00	0.00e+00	0.00e+00	0.00e+00	2.24e-28	1.41e-24	8.65e-21	7.71e-17	6.52e-14	2.43e-11	3.89e-09	3.61e-07	1.53e-05	3.72e-04	7.69e-03	2.39e-01	4.66e-01	2.86e-01
 4.56301e+20	0.00e+00	0.00e+00	0.00e+00	0.00e+00	0.00e+00	2.92e-28	1.79e-24	1.07e-20	9.41e-17	7.83e-14	2.87e-11	4.50e-09	4.10e-07	1.70e-05	4.02e-04	8.09e-03	2.46e-01	4.67e-01	2.79e-01
 4.91390e+20	0.00e+00	0.00e+00	0.00e+00	0.00e+00	0.00e+00	3.87e-28	2.29e-24	1.33e-20	1.16e-16	9.51e-14	3.42e-11	5.26e-09	4.69e-07	1.90e-05	4.36e-04	8.55e-03	2.52e-01	4.67e-01	2.72e-01
 5.37005e+20	0.00e+00	0.00e+00	0.00e+00	0.00e+00	0.00e+00	5.59e-28	3.18e-24	1.77e-20	1.52e-16	1.22e-13	4.28e-11	6.42e-09	5.58e-07	2.19e-05	4.85e-04	9.16e-03	2.61e-01	4.67e-01	2.63e-01
 5.88555e+20	0.00e+00	0.00e+00	0.00e+00	0.00e+00	0.00e+00	8.47e-28	4.59e-24	2.44e-20	2.06e-16	1.61e-13	5.52e-11	8.03e-09	6.78e-07	2.57e-05	5.46e-04	9.90e-03	2.71e-01	4.66e-01	2.52e-01
 6.37210e+20	0.00e+00	0.00e+00	0.00e+00	0.00e+00	0.00e+00	1.24e-27	6.45e-24	3.28e-20	2.72e-16	2.09e-13	6.98e-11	9.88e-09	8.12e-07	2.97e-05	6.09e-04	1.06e-02	2.81e-01	4.65e-01	2.43e-01
 6.82485e+20	0.00e+00	0.00e+00	0.00e+00	0.00e+00	0.00e+00	1.76e-27	8.76e-24	4.29e-20	3.51e-16	2.65e-13	8.65e-11	1.19e-08	9.56e-07	3.40e-05	6.72e-04	1.13e-02	2.89e-01	4.64e-01	2.35e-01
 7.33977e+20	0.00e+00	0.00e+00	0.00e+00	0.00e+00	0.00e+00	2.58e-27	1.23e-23	5.78e-20	4.66e-16	3.45e-13	1.10e-10	1.47e-08	1.15e-06	3.94e-05	7.50e-04	1.22e-02	2.99e-01	4.62e-01	2.26e-01
 7.91811e+20	0.00e+00	0.00e+00	0.00e+00	0.00e+00	0.00e+00	3.99e-27	1.81e-23	8.09e-20	6.40e-16	4.62e-13	1.43e-10	1.86e-08	1.41e-06	4.65e-05	8.47e-04	1.32e-02	3.10e-01	4.60e-01	2.16e-01
 8.45977e+20	0.00e+00	0.00e+00	0.00e+00	0.00e+00	0.00e+00	5.97e-27	2.58e-23	1.10e-19	8.58e-16	6.07e-13	1.84e-10	2.32e-08	1.70e-06	5.43e-05	9.48e-04	1.41e-02	3.21e-01	4.58e-01	2.07e-01
 8.96087e+20	0.00e+00	0.00e+00	0.00e+00	0.00e+00	0.00e+00	8.48e-27	3.53e-23	1.45e-19	1.11e-15	7.72e-13	2.28e-10	2.80e-08	2.00e-06	6.20e-05	1.05e-03	1.50e-02	3.30e-01	4.55e-01	1.99e-01
 9.52838e+20	0.00e+00	0.00e+00	0.00e+00	0.00e+00	0.00e+00	1.26e-26	4.99e-23	1.97e-19	1.49e-15	1.01e-12	2.91e-10	3.47e-08	2.41e-06	7.20e-05	1.17e-03	1.61e-02	3.40e-01	4.52e-01	1.90e-01
 1.01410e+21	0.00e+00	0.00e+00	0.00e+00	0.00e+00	0.00e+00	1.93e-26	7.32e-23	2.74e-19	2.04e-15	1.35e-12	3.78e-10	4.37e-08	2.94e-06	8.46e-05	1.31e-03	1.74e-02	3.51e-01	4.49e-01	1.81e-01
 1.06802e+21	0.00e+00	0.00e+00	0.00e+00	0.00e+00	0.00e+00	2.79e-26	1.01e-22	3.64e-19	2.67e-15	1.73e-12	4.74e-10	5.32e-08	3.48e-06	9.71e-05	1.45e-03	1.85e-02	3.61e-01	4.45e-01	1.74e-01
 1.12490e+21	0.00e+00	0.00e+00	0.00e+00	0.00e+00	0.00e+00	4.04e-26	1.40e-22	4.86e-19	3.51e-15	2.24e-12	5.97e-10	6.52e-08	4.14e-06	1.12e-04	1.61e-03	1.97e-02	3.71e-01	4.41e-01	1.66e-01
 1.19885e+21	0.00e+00	0.00e+00	0.00e+00	0.00e+00	0.00e+00	6.53e-26	2.15e-22	7.05e-19	5.01e-15	3.11e-12	8.03e-10	8.44e-08	5.17e-06	1.34e-04	1.83e-03	2.14e-02	3.84e-01	4.36e-01	1.57e-01
 1.27290e+21	0.00e+00	0.00e+00	0.00e+00	0.00e+00	1.63e-29	1.06e-25	3.31e-22	1.03e-18	7.12e-15	4.31e-12	1.08e-09	1.09e-07	6.45e-06	1.60e-04	2.08e-03	2.31e-02	3.97e-01	4.30e-01	1.48e-01
 1.33061e+21	0.00e+00	0.00e+00	0.00e+00	0.00e+00	2.44e-29	1.52e-25	4.55e-22	1.36e-18	9.29e-15	5.51e-12	1.35e-09	1.33e-07	7.61e-06	1.82e-04	2.29e-03	2.45e-02	4.06e-01	4.25e-01	1.41e-01
 1.38914e+21	0.00e+00	0.00e+00	0.00e+00	0.00e+00	3.60e-29	2.16e-25	6.20e-22	1.78e-18	1.21e-14	7.02e-12	1.67e-09	1.60e-07	8.96e-06	2.08e-04	2.51e-03	2.60e-02	4.16e-01	4.21e-01	1.35e-01
 1.46523e+21	0.00e+00	0.00e+00	0.00e+00	0.00e+00	5.98e-29	3.41e-25	9.29e-22	2.54e-18	1.69e-14	9.59e-12	2.22e-09	2.05e-07	1.10e-05	2.45e-04	2.84e-03	2.79e-02	4.28e-01	4.14e-01	1.27e-01
 1.54101e+21	0.00e+00	0.00e+00	0.00e+00	0.00e+00	1.00e-28	5.42e-25	1.40e-21	3.62e-18	2.36e-14	1.31e-11	2.93e-09	2.62e-07	1.36e-05	2.90e-04	3.20e-03	3.00e-02	4.39e-01	4.07e-01	1.20e-01
 1.59923e+21	0.00e+00	0.00e+00	0.00e+00	0.00e+00	1.45e-28	7.58e-25	1.89e-21	4.70e-18	3.03e-14	1.65e-11	3.61e-09	3.13e-07	1.58e-05	3.27e-04	3.49e-03	3.16e-02	4.48e-01	4.02e-01	1.14e-01
 1.65779e+21	0.00e+00	0.00e+00	0.00e+00	0.00e+00	2.09e-28	1.05e-24	2.52e-21	6.05e-18	3.87e-14	2.07e-11	4.43e-09	3.74e-07	1.84e-05	3.69e-04	3.80e-03	3.33e-02	4.57e-01	3.96e-01	1.09e-01
 1.73391e+21	0.00e+00	0.00e+00	0.00e+00	0.00e+00	3.35e-28	1.60e-24	3.66e-21	8.41e-18	5.30e-14	2.76e-11	5.74e-09	4.69e-07	2.23e-05	4.29e-04	4.23e-03	3.55e-02	4.67e-01	3.89e-01	1.03e-01
 1.81465e+21	0.00e+00	0.00e+00	0.00e+00	0.00e+00	5.55e-28	2.53e-24	5.48e-21	1.19e-17	7.37e-14	3.74e-11	7.56e-09	5.95e-07	2.73e-05	5.04e-04	4.75e-03	3.80e-02	4.78e-01	3.82e-01	9.68e-02
 1.88385e+21	0.00e+00	0.00e+00	0.00e+00	0.00e+00	8.42e-28	3.67e-24	7.63e-21	1.59e-17	9.72e-14	4.83e-11	9.50e-09	7.26e-07	3.23e-05	5.76e-04	5.22e-03	4.01e-02	4.87e-01	3.75e-01	9.18e-02
 1.95627e+21	0.00e+00	0.00e+00	0.00e+00	0.00e+00	1.28e-27	5.33e-24	1.06e-20	2.13e-17	1.29e-13	6.26e-11	1.20e-08	8.87e-07	3.83e-05	6.58e-04	5.74e-03	4.24e-02	4.96e-01	3.68e-01	8.68e-02
 2.05042e+21	0.00e+00	0.00e+00	0.00e+00	0.00e+00	2.19e-27	8.68e-24	1.63e-20	3.11e-17	1.85e-13	8.74e-11	1.62e-08	1.15e-06	4.76e-05	7.82e-04	6.48e-03	4.55e-02	5.08e-01	3.59e-01	8.07e-02
 2.14538e+21	0.00e+00	0.00e+00	0.00e+00	0.00e+00	3.82e-27	1.43e-23	2.54e-20	4.56e-17	2.65e-13	1.22e-10	2.18e-08	1.49e-06	5.92e-05	9.29e-04	7.31e-03	4.88e-02	5.18e-01	3.49e-01	7.50e-02
 2.22029e+21	0.00e+00	0.00e+00	0.00e+00	0.00e+00	5.77e-27	2.07e-23	3.54e-20	6.08e-17	3.49e-13	1.57e-10	2.74e-08	1.81e-06	6.99e-05	1.06e-03	8.01e-03	5.14e-02	5.27e-01	3.42e-01	7.08e-02
 2.28577e+21	0.00e+00	0.00e+00	0.00e+00	0.00e+00	8.22e-27	2.85e-23	4.68e-20	7.77e-17	4.42e-13	1.96e-10	3.33e-08	2.14e-06	8.06e-05	1.18e-03	8.66e-03	5.37e-02	5.33e-01	3.36e-01	6.74e-02
 2.36011e+21	0.00e+00	0.00e+00	0.00e+00	0.00e+00	1.22e-26	4.05e-23	6.40e-20	1.02e-16	5.76e-13	2.50e-10	4.14e-08	2.59e-06	9.42e-05	1.34e-03	9.44e-03	5.64e-02	5.41e-01	3.29e-01	6.37e-02
 2.45676e+21	0.00e+00	0.00e+00	0.00e+00	0.00e+00	2.02e-26	6.39e-23	9.58e-20	1.45e-16	8.07e-13	3.41e-10	5.47e-08	3.29e-06	1.15e-04	1.56e-03	1.05e-02	5.99e-02	5.49e-01	3.19e-01	5.92e-02
 2.55556e+21	0.00e+00	0.00e+00	0.00e+00	0.00e+00	3.42e-26	1.03e-22	1.46e-19	2.09e-16	1.14e-12	4.69e-10	7.27e-08	4.20e-06	1.41e-04	1.84e-03	1.18e-02	6.37e-02	5.58e-01	3.10e-01	5.49e-02
 2.63538e+21	0.00e+00	0.00e+00	0.00e+00	0.00e+00	5.13e-26	1.48e-22	2.01e-19	2.77e-16	1.49e-12	6.01e-10	9.07e-08	5.08e-06	1.66e-04	2.08e-03	1.28e-02	6.68e-02	5.64e-01	3.02e-01	5.16e-02
 2.71735e+21	0.00e+00	0.00e+00	0.00e+00	0.00e+00	7.64e-26	2.11e-22	2.76e-19	3.65e-16	1.95e-12	7.70e-10	1.13e-07	6.14e-06	1.94e-04	2.35e-03	1.40e-02	7.00e-02	5.70e-01	2.95e-01	4.86e-02
 2.82391e+21	0.00e+00	0.00e+00	0.00e+00	1.67e-29	1.29e-25	3.37e-22	4.17e-19	5.24e-16	2.76e-12	1.06e-09	1.51e-07	7.84e-06	2.38e-04	2.75e-03	1.56e-02	7.42e-02	5.78e-01	2.85e-01	4.48e-02
 2.93407e+21	0.00e+00	0.00e+00	0.00e+00	3.04e-29	2.22e-25	5.49e-22	6.42e-19	7.61e-16	3.93e-12	1.47e-09	2.02e-07	1.01e-05	2.94e-04	3.24e-03	1.74e-02	7.88e-02	5.84e-01	2.75e-01	4.12e-02
 3.02384e+21	0.00e+00	0.00e+00	0.00e+00	4.84e-29	3.39e-25	8.03e-22	9.00e-19	1.02e-15	5.22e-12	1.91e-09	2.54e-07	1.23e-05	3.47e-04	3.68e-03	1.90e-02	8.25e-02	5.89e-01	2.67e-01	3.86e-02
 3.11551e+21	0.00e+00	0.00e+00	0.00e+00	7.64e-29	5.12e-25	1.16e-21	1.25e-18	1.36e-15	6.90e-12	2.47e-09	3.20e-07	1.49e-05	4.08e-04	4.17e-03	2.07e-02	8.63e-02	5.94e-01	2.59e-01	3.60e-02
 3.21693e+21	0.00e+00	0.00e+00	0.00e+00	1.28e-28	8.20e-25	1.78e-21	1.81e-18	1.88e-15	9.40e-12	3.29e-09	4.12e-07	1.86e-05	4.89e-04	4.79e-03	2.28e-02	9.06e-02	5.98e-01	2.50e-01	3.34e-02
 3.30942e+21	0.00e+00	0.00e+00	0.00e+00	2.03e-28	1.25e-24	2.59e-21	2.53e-18	2.50e-15	1.24e-11	4.24e-09	5.18e-07	2.25e-05	5.74e-04	5.42e-03	2.48e-02	9.46e-02	6.02e-01	2.42e-01	3.11e-02
 3.39478e+21	0.00e+00	0.00e+00	0.00e+00	3.07e-28	1.81e-24	3.62e-21	3.39e-18	3.24e-15	1.59e-11	5.34e-09	6.35e-07	2.68e-05	6.63e-04	6.05e-03	2.67e-02	9.83e-02	6.04e-01	2.35e-01	2.92e-02
 3.49252e+21	0.00e+00	0.00e+00	0.00e+00	4.87e-28	2.75e-24	5.26e-21	4.72e-18	4.32e-15	2.11e-11	6.91e-09	7.99e-07	3.26e-05	7.79e-04	6.85e-03	2.90e-02	1.03e-01	6.07e-01	2.27e-01	2.72e-02
 3.61959e+21	0.00e+00	0.00e+00	0.00e+00	8.85e-28	4.73e-24	8.54e-21	7.24e-18	6.26e-15	3.02e-11	9.63e-09	1.07e-06	4.19e-05	9.59e-04	8.03e-03	3.22e-02	1.08e-01	6.09e-01	2.17e-01	2.47e-02
 3.74709e+21	0.00e+00	0.00e+00	0.00e+00	1.62e-27	8.21e-24	1.40e-20	1.12e-17	9.11e-15	4.32e-11	1.34e-08	1.44e-06	5.39e-05	1.18e-03	9.40e-03	3.58e-02	1.14e-01	6.11e-01	2.07e-01	2.24e-02
 3.84616e+21	0.00e+00	0.00e+00	0.00e+00	2.55e-27	1.23e-23	2.02e-20	1.55e-17	1.20e-14	5.66e-11	1.72e-08	1.80e-06	6.50e-05	1.38e-03	1.06e-02	3.87e-02	1.18e-01	6.11e-01	1.99e-01	2.08e-02
 3.94597e+21	0.00e+00	0.00e+00	0.00e+00	3.93e-27	1.83e-23	2.87e-20	2.10e-17	1.57e-14	7.38e-11	2.20e-08	2.23e-06	7.81e-05	1.60e-03	1.19e-02	4.18e-02	1.22e-01	6.11e-01	1.92e-01	1.94e-02
 4.07571e+21	0.00e+00	0.00e+00	0.00e+00	6.95e-27	3.06e-23	4.55e-20	3.15e-17	2.23e-14	1.04e-10	3.01e-08	2.95e-06	9.90e-05	1.94e-03	1.37e-02	4.60e-02	1.28e-01	6.10e-01	1.83e-01	1.76e-02
 4.20151e+21	0.00e+00	0.00e+00	0.00e+00	1.22e-26	5.11e-23	7.20e-20	4.73e-17	3.15e-14	1.45e-10	4.09e-08	3.87e-06	1.25e-04	2.35e-03	1.58e-02	5.05e-02	1.34e-01	6.08e-01	1.74e-01	1.60e-02
 4.29063e+21	0.00e+00	0.00e+00	0.00e+00	1.78e-26	7.20e-23	9.78e-20	6.18e-17	3.98e-14	1.81e-10	5.04e-08	4.66e-06	1.46e-04	2.67e-03	1.74e-02	5.38e-02	1.38e-01	6.06e-01	1.68e-01	1.49e-02
 4.37494e+21	0.00e+00	0.00e+00	0.00e+00	2.51e-26	9.82e-23	1.29e-19	7.87e-17	4.91e-14	2.24e-10	6.11e-08	5.53e-06	1.68e-04	3.01e-03	1.90e-02	5.70e-02	1.41e-01	6.04e-01	1.62e-01	1.40e-02
 4.48453e+21	0.00e+00	0.00e+00	0.00e+00	3.96e-26	1.48e-22	1.86e-19	1.09e-16	6.47e-14	2.93e-10	7.85e-08	6.90e-06	2.03e-04	3.50e-03	2.14e-02	6.13e-02	1.46e-01	6.00e-01	1.55e-01	1.29e-02
 4.60498e+21	0.00e+00	0.00e+00	0.00e+00	6.55e-26	2.34e-22	2.79e-19	1.55e-16	8.78e-14	3.95e-10	1.03e-07	8.79e-06	2.49e-04	4.14e-03	2.42e-02	6.64e-02	1.51e-01	5.95e-01	1.47e-01	1.17e-02
 4.70363e+21	0.00e+00	0.00e+00	1.72e-29	9.83e-26	3.38e-22	3.88e-19	2.07e-16	1.12e-13	5.01e-10	1.29e-07	1.07e-05	2.94e-04	4.73e-03	2.67e-02	7.08e-02	1.55e-01	5.91e-01	1.41e-01	1.09e-02
 4.77887e+21	0.00e+00	0.00e+00	2.38e-29	1.32e-25	4.41e-22	4.93e-19	2.55e-16	1.34e-13	5.99e-10	1.52e-07	1.23e-05	3.32e-04	5.22e-03	2.88e-02	7.41e-02	1.57e-01	5.87e-01	1.37e-01	1.03e-02
 4.85961e+21	0.00e+00	0.00e+00	3.37e-29	1.82e-25	5.87e-22	6.35e-19	3.18e-16	1.62e-13	7.23e-10	1.81e-07	1.44e-05	3.78e-04	5.81e-03	3.11e-02	7.79e-02	1.61e-01	5.83e-01	1.32e-01	9.63e-03
 4.96458e+21	0.00e+00	0.00e+00	5.26e-29	2.73e-25	8.48e-22	8.81e-19	4.23e-16	2.07e-13	9.21e-10	2.26e-07	1.75e-05	4.46e-04	6.64e-03	3.43e-02	8.28e-02	1.64e-01	5.76e-01	1.26e-01	8.88e-03
 5.06893e+21	0.00e+00	0.00e+00	8.30e-29	4.14e-25	1.24e-21	1.23e-18	5.68e-16	2.66e-13	1.17e-09	2.82e-07	2.14e-05	5.26e-04	7.59e-03	3.79e-02	8.81e-02	1.68e-01	5.69e-01	1.20e-01	8.17e-03
 5.14656e+21	0.00e+00	0.00e+00	1.15e-28	5.59e-25	1.62e-21	1.57e-18	7.00e-16	3.18e-13	1.40e-09	3.32e-07	2.47e-05	5.94e-04	8.37e-03	4.07e-02	9.20e-02	1.71e-01	5.64e-01	1.16e-01	7.68e-03
 5.22156e+21	0.00e+00	0.00e+00	1.56e-28	7.35e-25	2.08e-21	1.95e-18	8.47e-16	3.75e-13	1.65e-09	3.87e-07	2.82e-05	6.63e-04	9.15e-03	4.35e-02	9.58e-02	1.73e-01	5.58e-01	1.12e-01	7.24e-03
 5.31906e+21	0.00e+00	0.00e+00	2.33e-28	1.06e-24	2.89e-21	2.62e-18	1.09e-15	4.66e-13	2.04e-09	4.71e-07	3.35e-05	7.68e-04	1.03e-02	4.74e-02	1.01e-01	1.76e-01	5.51e-01	1.07e-01	6.69e-03
 5.42195e+21	0.00e+00	0.00e+00	3.57e-28	1.57e-24	4.11e-21	3.59e-18	1.44e-15	5.87e-13	2.56e-09	5.80e-07	4.03e-05	8.95e-04	1.17e-02	5.18e-02	1.07e-01	1.79e-01	5.42e-01	1.02e-01	6.15e-03
 5.50765e+21	0.00e+00	0.00e+00	5.07e-28	2.16e-24	5.48e-21	4.63e-18	1.79e-15	7.07e-13	3.07e-09	6.88e-07	4.68e-05	1.01e-03	1.29e-02	5.57e-02	1.11e-01	1.82e-01	5.34e-01	9.74e-02	5.73e-03
 5.59490e+21	0.00e+00	0.00e+00	7.06e-28	2.92e-24	7.19e-21	5.89e-18	2.21e-15	8.47e-13	3.68e-09	8.11e-07	5.41e-05	1.14e-03	1.42e-02	5.97e-02	1.16e-01	1.84e-01	5.27e-01	9.34e-02	5.35e-03
 5.69274e+21	0.00e+00	0.00e+00	1.06e-27	4.21e-24	1.00e-20	7.90e-18	2.85e-15	1.05e-12	4.53e-09	9.85e-07	6.42e-05	1.32e-03	1.59e-02	6.48e-02	1.22e-01	1.86e-01	5.17e-01	8.87e-02	4.91e-03
 5.77882e+21	0.00e+00	0.00e+00	1.49e-27	5.76e-24	1.33e-20	1.01e-17	3.54e-15	1.26e-12	5.42e-09	1.16e-06	7.42e-05	1.49e-03	1.75e-02	6.94e-02	1.26e-01	1.88e-01	5.08e-01	8.47e-02	4.57e-03
 5.85142e+21	0.00e+00	0.00e+00	1.98e-27	7.45e-24	1.67e-20	1.24e-17	4.22e-15	1.46e-12	6.29e-09	1.33e-06	8.37e-05	1.65e-03	1.90e-02	7.35e-02	1.31e-01	1.89e-01	5.00e-01	8.15e-02	4.29e-03
 5.93201e+21	0.00e+00	0.00e+00	2.68e-27	9.82e-24	2.15e-20	1.55e-17	5.10e-15	1.72e-12	7.38e-09	1.55e-06	9.53e-05	1.83e-03	2.06e-02	7.80e-02	1.35e-01	1.90e-01	4.92e-01	7.81e-02	4.01e-03
 6.03678e+21	0.00e+00	0.00e+00	3.99e-27	1.41e-23	2.98e-20	2.07e-17	6.55e-15	2.12e-12	9.07e-09	1.87e-06	1.13e-04	2.11e-03	2.30e-02	8.43e-02	1.41e-01	1.92e-01	4.80e-01	7.37e-02	3.66e-03
 6.14393e+21	0.00e+00	0.00e+00	6.06e-27	2.07e-23	4.19e-20	2.81e-17	8.52e-15	2.63e-12	1.12e-08	2.28e-06	1.34e-04	2.43e-03	2.58e-02	9.13e-02	1.47e-01	1.93e-01	4.67e-01	6.93e-02	3.33e-03
 6.22866e+21	0.00e+00	0.00e+00	8.34e-27	2.77e-23	5.44e-20	3.54e-17	1.04e-14	3.11e-12	1.32e-08	2.65e-06	1.53e-04	2.71e-03	2.81e-02	9.69e-02	1.52e-01	1.94e-01	4.57e-01	6.60e-02	3.08e-03
 6.31328e+21	0.00e+00	0.00e+00	1.13e-26	3.66e-23	6.99e-20	4.41e-17	1.26e-14	3.65e-12	1.55e-08	3.07e-06	1.73e-04	3.01e-03	3.05e-02	1.03e-01	1.57e-01	1.94e-01	4.47e-01	6.29e-02	2.86e-03
 6.42329e+21	0.00e+00	0.00e+00	1.70e-26	5.28e-23	9.72e-20	5.90e-17	1.61e-14	4.51e-12	1.90e-08	3.70e-06	2.05e-04	3.44e-03	3.39e-02	1.10e-01	1.63e-01	1.95e-01	4.33e-01	5.89e-02	2.59e-03
 6.53161e+21	0.00e+00	0.00e+00	2.57e-26	7.69e-23	1.36e-19	7.96e-17	2.09e-14	5.57e-12	2.33e-08	4.47e-06	2.41e-04	3.95e-03	3.77e-02	1.19e-01	1.69e-01	1.94e-01	4.19e-01	5.49e-02	2.33e-03
 6.61114e+21	0.00e+00	0.00e+00	3.41e-26	9.95e-23	1.72e-19	9.76e-17	2.49e-14	6.46e-12	2.68e-08	5.10e-06	2.70e-04	4.33e-03	4.05e-02	1.25e-01	1.73e-01	1.94e-01	4.09e-01	5.23e-02	2.17e-03
 6.68794e+21	0.00e+00	0.00e+00	4.46e-26	1.27e-22	2.14e-19	1.18e-16	2.93e-14	7.41e-12	3.07e-08	5.78e-06	3.01e-04	4.73e-03	4.34e-02	1.30e-01	1.77e-01	1.94e-01	3.99e-01	4.99e-02	2.02e-03
 6.78778e+21	0.00e+00	0.00e+00	6.34e-26	1.75e-22	2.85e-19	1.52e-16	3.64e-14	8.88e-12	3.66e-08	6.78e-06	3.46e-04	5.30e-03	4.74e-02	1.38e-01	1.82e-01	1.93e-01	3.86e-01	4.67e-02	1.84e-03
 6.89385e+21	0.00e+00	0.00e+00	9.29e-26	2.47e-22	3.89e-19	2.00e-16	4.61e-14	1.08e-11	4.40e-08	8.04e-06	4.01e-04	5.98e-03	5.19e-02	1.47e-01	1.87e-01	1.91e-01	3.72e-01	4.35e-02	1.66e-03
 6.98340e+21	0.00e+00	0.00e+00	1.27e-25	3.29e-22	5.03e-19	2.51e-16	5.59e-14	1.27e-11	5.12e-08	9.25e-06	4.53e-04	6.60e-03	5.60e-02	1.54e-01	1.91e-01	1.90e-01	3.59e-01	4.10e-02	1.52e-03
 7.07519e+21	0.00e+00	0.00e+00	1.73e-25	4.36e-22	6.47e-19	3.13e-16	6.75e-14	1.48e-11	5.95e-08	1.06e-05	5.10e-04	7.27e-03	6.03e-02	1.62e-01	1.95e-01	1.88e-01	3.47e-01	3.85e-02	1.39e-03
 7.19453e+21	0.00e+00	0.00e+00	2.60e-25	6.30e-22	8.99e-19	4.19e-16	8.64e-14	1.82e-11	7.22e-08	1.27e-05	5.95e-04	8.23e-03	6.62e-02	1.72e-01	1.99e-01	1.86e-01	3.31e-01	3.54e-02	1.23e-03
 7.31427e+21	0.00e+00	0.00e+00	3.93e-25	9.19e-22	1.26e-18	5.65e-16	1.12e-13	2.25e-11	8.76e-08	1.52e-05	6.93e-04	9.31e-03	7.26e-02	1.82e-01	2.04e-01	1.83e-01	3.15e-01	3.25e-02	1.09e-03
 7.40499e+21	0.00e+00	0.00e+00	5.33e-25	1.21e-21	1.62e-18	7.03e-16	1.35e-13	2.62e-11	1.01e-07	1.73e-05	7.75e-04	1.02e-02	7.76e-02	1.90e-01	2.06e-01	1.80e-01	3.03e-01	3.04e-02	9.91e-04
 7.49339e+21	0.00e+00	0.00e+00	7.11e-25	1.57e-21	2.04e-18	8.62e-16	1.60e-13	3.03e-11	1.16e-07	1.96e-05	8.63e-04	1.11e-02	8.27e-02	1.97e-01	2.09e-01	1.78e-01	2.92e-01	2.85e-02	9.04e-04
 7.60830e+21	0.00e+00	0.00e+00	1.02e-24	2.19e-21	2.75e-18	1.12e-15	2.00e-13	3.65e-11	1.37e-07	2.29e-05	9.84e-04	1.23e-02	8.93e-02	2.07e-01	2.12e-01	1.74e-01	2.77e-01	2.62e-02	8.04e-04
 7.73187e+21	0.00e+00	0.00e+00	1.53e-24	3.16e-21	3.82e-18	1.50e-15	2.57e-13	4.47e-11	1.64e-07	2.70e-05	1.13e-03	1.38e-02	9.70e-02	2.17e-01	2.15e-01	1.70e-01	2.62e-01	2.38e-02	7.06e-04
 7.83729e+21	0.00e+00	0.00e+00	2.14e-24	4.29e-21	5.03e-18	1.91e-15	3.15e-13	5.29e-11	1.91e-07	3.10e-05	1.27e-03	1.51e-02	1.04e-01	2.26e-01	2.16e-01	1.66e-01	2.49e-01	2.20e-02	6.31e-04
 7.93055e+21	0.00e+00	0.00e+00	2.85e-24	5.56e-21	6.35e-18	2.34e-15	3.75e-13	6.12e-11	2.18e-07	3.49e-05	1.41e-03	1.64e-02	1.10e-01	2.33e-01	2.18e-01	1.63e-01	2.38e-01	2.04e-02	5.71e-04
 8.03738e+21	0.00e+00	0.00e+00	3.94e-24	7.45e-21	8.26e-18	2.95e-15	4.57e-13	7.20e-11	2.52e-07	3.98e-05	1.57e-03	1.79e-02	1.17e-01	2.41e-01	2.19e-01	1.59e-01	2.26e-01	1.88e-02	5.10e-04
 8.15646e+21	0.00e+00	0.00e+00	5.66e-24	1.04e-20	1.11e-17	3.83e-15	5.71e-13	8.65e-11	2.95e-07	4.59e-05	1.78e-03	1.97e-02	1.25e-01	2.50e-01	2.19e-01	1.54e-01	2.12e-01	1.71e-02	4.49e-04
 8.26537e+21	0.00e+00	0.00e+00	7.84e-24	1.40e-20	1.45e-17	4.85e-15	6.98e-13	1.02e-10	3.40e-07	5.22e-05	1.98e-03	2.14e-02	1.32e-01	2.58e-01	2.20e-01	1.50e-01	2.01e-01	1.57e-02	3.99e-04
 8.36500e+21	0.00e+00	0.00e+00	1.05e-23	1.83e-20	1.85e-17	6.00e-15	8.36e-13	1.18e-10	3.87e-07	5.87e-05	2.18e-03	2.31e-02	1.40e-01	2.65e-01	2.20e-01	1.45e-01	1.90e-01	1.44e-02	3.57e-04
 8.47867e+21	0.00e+00	0.00e+00	1.44e-23	2.43e-20	2.39e-17	7.51e-15	1.01e-12	1.39e-10	4.45e-07	6.64e-05	2.42e-03	2.49e-02	1.47e-01	2.72e-01	2.19e-01	1.41e-01	1.80e-01	1.32e-02	3.17e-04
 8.62644e+21	0.00e+00	0.00e+00	2.17e-23	3.53e-20	3.34e-17	1.01e-14	1.30e-12	1.71e-10	5.31e-07	7.78e-05	2.76e-03	2.76e-02	1.58e-01	2.81e-01	2.18e-01	1.35e-01	1.66e-01	1.17e-02	2.71e-04
 8.77698e+21	0.00e+00	1.67e-29	3.32e-23	5.20e-20	4.74e-17	1.38e-14	1.70e-12	2.12e-10	6.35e-07	9.12e-05	3.14e-03	3.05e-02	1.69e-01	2.90e-01	2.16e-01	1.29e-01	1.53e-01	1.04e-02	2.30e-04
 8.89125e+21	0.00e+00	2.32e-29	4.52e-23	6.89e-20	6.10e-17	1.72e-14	2.06e-12	2.48e-10	7.24e-07	1.02e-04	3.46e-03	3.28e-02	1.77e-01	2.96e-01	2.14e-01	1.24e-01	1.43e-01	9.42e-03	2.03e-04
 8.99993e+21	0.00e+00	3.13e-29	5.99e-23	8.90e-20	7.68e-17	2.11e-14	2.44e-12	2.86e-10	8.17e-07	1.14e-04	3.77e-03	3.50e-02	1.85e-01	3.01e-01	2.12e-01	1.20e-01	1.35e-01	8.62e-03	1.80e-04
 9.14123e+21	0.00e+00	4.57e-29	8.52e-23	1.23e-19	1.03e-16	2.72e-14	3.04e-12	3.44e-10	9.50e-07	1.30e-04	4.20e-03	3.80e-02	1.94e-01	3.07e-01	2.09e-01	1.14e-01	1.25e-01	7.71e-03	1.56e-04
 9.29238e+21	0.00e+00	6.89e-29	1.25e-22	1.75e-19	1.41e-16	3.61e-14	3.87e-12	4.19e-10	1.12e-06	1.50e-04	4.70e-03	4.13e-02	2.05e-01	3.13e-01	2.06e-01	1.08e-01	1.15e-01	6.81e-03	1.32e-04
 9.42069e+21	0.00e+00	9.65e-29	1.72e-22	2.33e-19	1.83e-16	4.55e-14	4.71e-12	4.93e-10	1.27e-06	1.68e-04	5.16e-03	4.42e-02	2.14e-01	3.18e-01	2.03e-01	1.04e-01	1.07e-01	6.13e-03	1.16e-04
 9.55185e+21	0.00e+00	1.33e-28	2.33e-22	3.08e-19	2.35e-16	5.67e-14	5.68e-12	5.76e-10	1.45e-06	1.88e-04	5.64e-03	4.72e-02	2.22e-01	3.22e-01	1.99e-01	9.89e-02	9.91e-02	5.53e-03	1.01e-04
 9.72235e+21	0.00e+00	2.03e-28	3.45e-22	4.41e-19	3.26e-16	7.56e-14	7.26e-12	7.06e-10	1.71e-06	2.17e-04	6.31e-03	5.13e-02	2.34e-01	3.26e-01	1.95e-01	9.31e-02	9.01e-02	4.83e-03	8.48e-05
 9.89599e+21	0.00e+00	3.13e-28	5.16e-22	6.38e-19	4.55e-16	1.02e-13	9.38e-12	8.70e-10	2.02e-06	2.50e-04	7.06e-03	5.56e-02	2.45e-01	3.29e-01	1.89e-01	8.73e-02	8.16e-02	4.20e-03	7.08e-05
 1.00326e+22	0.00e+00	4.32e-28	6.98e-22	8.41e-19	5.84e-16	1.27e-13	1.13e-11	1.02e-09	2.29e-06	2.78e-04	7.68e-03	5.91e-02	2.54e-01	3.32e-01	1.85e-01	8.30e-02	7.55e-02	3.77e-03	6.16e-05
 1.01691e+22	0.00e+00	5.85e-28	9.26e-22	1.09e-18	7.38e-16	1.56e-13	1.35e-11	1.18e-09	2.59e-06	3.08e-04	8.31e-03	6.25e-02	2.62e-01	3.33e-01	1.81e-01	7.90e-02	7.01e-02	3.39e-03	5.38e-05
 1.03465e+22	0.00e+00	8.68e-28	1.34e-21	1.53e-18	1.00e-15	2.04e-13	1.70e-11	1.43e-09	3.02e-06	3.50e-04	9.19e-03	6.71e-02	2.72e-01	3.35e-01	1.75e-01	7.40e-02	6.36e-02	2.96e-03	4.52e-05
 1.05348e+22	0.00e+00	1.32e-27	1.98e-21	2.19e-18	1.39e-15	2.73e-13	2.18e-11	1.76e-09	3.55e-06	4.00e-04	1.02e-02	7.22e-02	2.83e-01	3.36e-01	1.69e-01	6.89e-02	5.72e-02	2.56e-03	3.75e-05
 1.06914e+22	0.00e+00	1.85e-27	2.71e-21	2.91e-18	1.80e-15	3.44e-13	2.66e-11	2.07e-09	4.04e-06	4.46e-04	1.11e-02	7.65e-02	2.92e-01	3.36e-01	1.64e-01	6.49e-02	5.25e-02	2.27e-03	3.22e-05
 1.08237e+22	0.00e+00	2.42e-27	3.48e-21	3.67e-18	2.22e-15	4.14e-13	3.12e-11	2.36e-09	4.49e-06	4.87e-04	1.18e-02	8.01e-02	2.99e-01	3.36e-01	1.60e-01	6.18e-02	4.88e-02	2.05e-03	2.84e-05
 1.09700e+22	0.00e+00	3.24e-27	4.56e-21	4.70e-18	2.78e-15	5.06e-13	3.70e-11	2.72e-09	5.04e-06	5.35e-04	1.27e-02	8.41e-02	3.06e-01	3.35e-01	1.55e-01	5.85e-02	4.51e-02	1.84e-03	2.48e-05
 1.11601e+22	0.00e+00	4.72e-27	6.46e-21	6.47e-18	3.71e-15	6.54e-13	4.61e-11	3.27e-09	5.83e-06	6.03e-04	1.39e-02	8.94e-02	3.16e-01	3.34e-01	1.50e-01	5.45e-02	4.08e-02	1.61e-03	2.08e-05
 1.13577e+22	0.00e+00	6.98e-27	9.31e-21	9.05e-18	5.03e-15	8.58e-13	5.83e-11	3.97e-09	6.77e-06	6.81e-04	1.53e-02	9.51e-02	3.25e-01	3.32e-01	1.43e-01	5.06e-02	3.66e-02	1.39e-03	1.73e-05
 1.15191e+22	0.00e+00	9.49e-27	1.24e-20	1.18e-17	6.37e-15	1.06e-12	6.99e-11	4.61e-09	7.63e-06	7.50e-04	1.64e-02	9.97e-02	3.32e-01	3.30e-01	1.39e-01	4.76e-02	3.36e-02	1.23e-03	1.49e-05
 1.16832e+22	0.00e+00	1.27e-26	1.62e-20	1.51e-17	7.98e-15	1.29e-12	8.29e-11	5.33e-09	8.57e-06	8.23e-04	1.76e-02	1.04e-01	3.39e-01	3.27e-01	1.34e-01	4.48e-02	3.09e-02	1.10e-03	1.29e-05
 1.18965e+22	0.00e+00	1.86e-26	2.31e-20	2.08e-17	1.07e-14	1.68e-12	1.04e-10	6.43e-09	9.93e-06	9.27e-04	1.92e-02	1.11e-01	3.48e-01	3.24e-01	1.28e-01	4.14e-02	2.76e-02	9.47e-04	1.07e-05
 1.21201e+22	0.00e+00	2.79e-26	3.35e-20	2.94e-17	1.47e-14	2.22e-12	1.32e-10	7.84e-09	1.16e-05	1.05e-03	2.10e-02	1.17e-01	3.56e-01	3.20e-01	1.21e-01	3.80e-02	2.46e-02	8.09e-04	8.76e-06
 1.23063e+22	0.00e+00	3.84e-26	4.51e-20	3.86e-17	1.88e-14	2.77e-12	1.60e-10	9.18e-09	1.31e-05	1.16e-03	2.25e-02	1.23e-01	3.63e-01	3.16e-01	1.16e-01	3.54e-02	2.23e-02	7.11e-04	7.46e-06
 1.24975e+22	0.00e+00	5.24e-26	6.00e-20	5.02e-17	2.38e-14	3.42e-12	1.91e-10	1.07e-08	1.48e-05	1.27e-03	2.42e-02	1.28e-01	3.69e-01	3.12e-01	1.11e-01	3.30e-02	2.03e-02	6.26e-04	6.36e-06
 1.27116e+22	0.00e+00	7.47e-26	8.33e-20	6.79e-17	3.14e-14	4.37e-12	2.36e-10	1.27e-08	1.70e-05	1.42e-03	2.61e-02	1.35e-01	3.76e-01	3.07e-01	1.06e-01	3.05e-02	1.82e-02	5.41e-04	5.30e-06
 1.29072e+22	0.00e+00	1.03e-25	1.12e-19	8.89e-17	4.01e-14	5.44e-12	2.85e-10	1.49e-08	1.92e-05	1.56e-03	2.80e-02	1.41e-01	3.81e-01	3.02e-01	1.01e-01	2.84e-02	1.65e-02	4.75e-04	4.50e-06
 1.30846e+22	0.00e+00	1.35e-25	1.44e-19	1.12e-16	4.95e-14	6.56e-12	3.35e-10	1.71e-08	2.13e-05	1.69e-03	2.97e-02	1.46e-01	3.86e-01	2.98e-01	9.71e-02	2.66e-02	1.51e-02	4.23e-04	3.90e-06
 1.32864e+22	0.00e+00	1.83e-25	1.90e-19	1.45e-16	6.25e-14	8.07e-12	4.00e-10	1.98e-08	2.40e-05	1.86e-03	3.17e-02	1.52e-01	3.91e-01	2.93e-01	9.27e-02	2.47e-02	1.37e-02	3.71e-04	3.32e-06
 1.35487e+22	0.00e+00	2.70e-25	2.72e-19	2.02e-16	8.43e-14	1.05e-11	5.04e-10	2.40e-08	2.79e-05	2.09e-03	3.44e-02	1.59e-01	3.96e-01	2.86e-01	8.71e-02	2.25e-02	1.21e-02	3.14e-04	2.69e-06
 1.38112e+22	0.00e+00	4.01e-25	3.92e-19	2.83e-16	1.15e-13	1.39e-11	6.39e-10	2.92e-08	3.24e-05	2.34e-03	3.73e-02	1.67e-01	4.01e-01	2.79e-01	8.17e-02	2.04e-02	1.06e-02	2.65e-04	2.18e-06
 1.40047e+22	0.00e+00	5.30e-25	5.05e-19	3.58e-16	1.42e-13	1.68e-11	7.53e-10	3.35e-08	3.60e-05	2.54e-03	3.95e-02	1.73e-01	4.05e-01	2.73e-01	7.80e-02	1.90e-02	9.69e-03	2.35e-04	1.88e-06
 1.41870e+22	0.00e+00	6.77e-25	6.32e-19	4.39e-16	1.71e-13	1.98e-11	8.67e-10	3.77e-08	3.97e-05	2.73e-03	4.16e-02	1.78e-01	4.07e-01	2.68e-01	7.47e-02	1.78e-02	8.91e-03	2.10e-04	1.64e-06
 1.44240e+22	0.00e+00	9.34e-25	8.50e-19	5.77e-16	2.19e-13	2.47e-11	1.05e-09	4.42e-08	4.49e-05	3.00e-03	4.44e-02	1.85e-01	4.11e-01	2.62e-01	7.06e-02	1.64e-02	7.99e-03	1.82e-04	1.37e-06
 1.46844e+22	0.00e+00	1.33e-24	1.18e-18	7.80e-16	2.89e-13	3.16e-11	1.30e-09	5.27e-08	5.14e-05	3.33e-03	4.76e-02	1.93e-01	4.13e-01	2.55e-01	6.63e-02	1.49e-02	7.07e-03	1.55e-04	1.13e-06
 1.49144e+22	0.00e+00	1.81e-24	1.56e-18	1.01e-15	3.65e-13	3.90e-11	1.55e-09	6.13e-08	5.77e-05	3.63e-03	5.05e-02	1.99e-01	4.16e-01	2.48e-01	6.27e-02	1.38e-02	6.36e-03	1.35e-04	9.50e-07
 1.51070e+22	0.00e+00	2.31e-24	1.95e-18	1.24e-15	4.41e-13	4.61e-11	1.79e-09	6.91e-08	6.34e-05	3.90e-03	5.30e-02	2.04e-01	4.17e-01	2.43e-01	5.98e-02	1.29e-02	5.84e-03	1.21e-04	8.26e-07
 1.53117e+22	0.00e+00	2.97e-24	2.45e-18	1.53e-15	5.35e-13	5.47e-11	2.08e-09	7.82e-08	6.99e-05	4.20e-03	5.57e-02	2.10e-01	4.18e-01	2.37e-01	5.70e-02	1.20e-02	5.33e-03	1.07e-04	7.14e-07
 1.55779e+22	0.00e+00	4.12e-24	3.31e-18	2.02e-15	6.87e-13	6.83e-11	2.51e-09	9.18e-08	7.91e-05	4.60e-03	5.93e-02	2.17e-01	4.19e-01	2.30e-01	5.35e-02	1.10e-02	4.74e-03	9.21e-05	5.92e-07
 1.58525e+22	0.00e+00	5.80e-24	4.52e-18	2.70e-15	8.95e-13	8.65e-11	3.08e-09	1.09e-07	8.99e-05	5.06e-03	6.32e-02	2.25e-01	4.20e-01	2.23e-01	5.00e-02	9.97e-03	4.20e-03	7.86e-05	4.88e-07
 1.60677e+22	0.00e+00	7.49e-24	5.71e-18	3.35e-15	1.09e-12	1.03e-10	3.58e-09	1.23e-07	9.90e-05	5.44e-03	6.63e-02	2.30e-01	4.20e-01	2.17e-01	4.75e-02	9.27e-03	3.82e-03	6.97e-05	4.20e-07
 1.62770e+22	0.00e+00	9.46e-24	7.07e-18	4.07e-15	1.30e-12	1.21e-10	4.10e-09	1.38e-07	1.08e-04	5.82e-03	6.93e-02	2.36e-01	4.20e-01	2.12e-01	4.52e-02	8.65e-03	3.50e-03	6.22e-05	3.65e-07
 1.65491e+22	0.00e+00	1.29e-23	9.36e-18	5.27e-15	1.65e-12	1.49e-10	4.90e-09	1.60e-07	1.22e-04	6.35e-03	7.33e-02	2.43e-01	4.20e-01	2.05e-01	4.23e-02	7.90e-03	3.12e-03	5.36e-05	3.05e-07
 1.68407e+22	0.00e+00	1.80e-23	1.27e-17	6.98e-15	2.13e-12	1.87e-10	5.97e-09	1.89e-07	1.38e-04	6.95e-03	7.78e-02	2.50e-01	4.19e-01	1.97e-01	3.95e-02	7.17e-03	2.76e-03	4.57e-05	2.51e-07
 1.70863e+22	0.00e+00	2.35e-23	1.62e-17	8.77e-15	2.61e-12	2.25e-10	7.00e-09	2.15e-07	1.52e-04	7.48e-03	8.16e-02	2.56e-01	4.17e-01	1.91e-01	3.72e-02	6.61e-03	2.49e-03	4.01e-05	2.13e-07
 1.73343e+22	0.00e+00	3.04e-23	2.05e-17	1.09e-14	3.17e-12	2.67e-10	8.10e-09	2.44e-07	1.68e-04	8.04e-03	8.55e-02	2.62e-01	4.16e-01	1.85e-01	3.51e-02	6.11e-03	2.25e-03	3.53e-05	1.83e-07
 1.76567e+22	0.00e+00	4.23e-23	2.77e-17	1.43e-14	4.08e-12	3.34e-10	9.81e-09	2.86e-07	1.90e-04	8.80e-03	9.06e-02	2.69e-01	4.14e-01	1.78e-01	3.26e-02	5.52e-03	1.98e-03	2.99e-05	1.50e-07
 1.79750e+22	0.00e+00	5.95e-23	3.78e-17	1.91e-14	5.31e-12	4.22e-10	1.20e-08	3.38e-07	2.15e-04	9.63e-03	9.60e-02	2.76e-01	4.11e-01	1.71e-01	3.02e-02	4.97e-03	1.74e-03	2.53e-05	0.00e+00
 1.82027e+22	0.00e+00	7.52e-23	4.67e-17	2.32e-14	6.35e-12	4.95e-10	1.38e-08	3.79e-07	2.35e-04	1.03e-02	9.99e-02	2.81e-01	4.08e-01	1.65e-01	2.86e-02	4.62e-03	1.59e-03	2.25e-05	0.00e+00
 1.84139e+22	0.00e+00	9.14e-23	5.57e-17	2.73e-14	7.34e-12	5.62e-10	1.54e-08	4.16e-07	2.53e-04	1.08e-02	1.03e-01	2.85e-01	4.06e-01	1.61e-01	2.73e-02	4.34e-03	1.47e-03	2.03e-05	0.00e+00
 1.86883e+22	0.00e+00	1.19e-22	7.08e-17	3.40e-14	8.96e-12	6.71e-10	1.79e-08	4.72e-07	2.79e-04	1.16e-02	1.08e-01	2.91e-01	4.03e-01	1.56e-01	2.56e-02	3.99e-03	1.32e-03	1.78e-05	0.00e+00
 1.90451e+22	0.00e+00	1.66e-22	9.55e-17	4.48e-14	1.15e-11	8.36e-10	2.16e-08	5.52e-07	3.15e-04	1.27e-02	1.14e-01	2.97e-01	3.99e-01	1.49e-01	2.37e-02	3.59e-03	1.16e-03	1.51e-05	0.00e+00
 1.94071e+22	1.97e-29	2.35e-22	1.31e-16	6.01e-14	1.50e-11	1.06e-09	2.66e-08	6.54e-07	3.57e-04	1.39e-02	1.20e-01	3.04e-01	3.94e-01	1.41e-01	2.17e-02	3.20e-03	1.01e-03	1.26e-05	0.00e+00
 1.96803e+22	2.59e-29	3.02e-22	1.65e-16	7.43e-14	1.82e-11	1.26e-09	3.08e-08	7.39e-07	3.92e-04	1.48e-02	1.25e-01	3.09e-01	3.90e-01	1.36e-01	2.03e-02	2.94e-03	9.07e-04	1.10e-05	0.00e+00
 1.99398e+22	3.30e-29	3.76e-22	2.01e-16	8.89e-14	2.14e-11	1.45e-09	3.47e-08	8.18e-07	4.25e-04	1.57e-02	1.30e-01	3.13e-01	3.86e-01	1.32e-01	1.92e-02	2.73e-03	8.29e-04	9.82e-06	0.00e+00
 2.02771e+22	4.54e-29	5.04e-22	2.62e-16	1.13e-13	2.67e-11	1.77e-09	4.10e-08	9.40e-07	4.73e-04	1.69e-02	1.36e-01	3.18e-01	3.81e-01	1.26e-01	1.78e-02	2.48e-03	7.34e-04	8.42e-06	0.00e+00
 2.06531e+22	6.47e-29	6.97e-22	3.52e-16	1.49e-13	3.41e-11	2.19e-09	4.93e-08	1.09e-06	5.30e-04	1.83e-02	1.43e-01	3.24e-01	3.75e-01	1.20e-01	1.64e-02	2.22e-03	6.43e-04	7.12e-06	0.00e+00
 2.09985e+22	8.92e-29	9.35e-22	4.59e-16	1.90e-13	4.26e-11	2.68e-09	5.84e-08	1.26e-06	5.89e-04	1.98e-02	1.49e-01	3.29e-01	3.70e-01	1.14e-01	1.52e-02	2.01e-03	5.68e-04	6.08e-06	0.00e+00
 2.13180e+22	1.19e-28	1.21e-21	5.80e-16	2.35e-13	5.18e-11	3.18e-09	6.76e-08	1.42e-06	6.46e-04	2.11e-02	1.55e-01	3.33e-01	3.64e-01	1.09e-01	1.42e-02	1.83e-03	5.08e-04	5.28e-06	0.00e+00
 2.16846e+22	1.62e-28	1.62e-21	7.52e-16	2.99e-13	6.42e-11	3.84e-09	7.94e-08	1.63e-06	7.17e-04	2.27e-02	1.61e-01	3.38e-01	3.58e-01	1.04e-01	1.31e-02	1.66e-03	4.49e-04	4.52e-06	0.00e+00
 2.21612e+22	2.43e-28	2.33e-21	1.05e-15	4.04e-13	8.44e-11	4.89e-09	9.76e-08	1.93e-06	8.16e-04	2.48e-02	1.70e-01	3.43e-01	3.50e-01	9.78e-02	1.18e-02	1.45e-03	3.83e-04	3.70e-06	0.00e+00
 2.26272e+22	3.66e-28	3.39e-21	1.47e-15	5.54e-13	1.12e-10	6.31e-09	1.22e-07	2.31e-06	9.29e-04	2.71e-02	1.79e-01	3.48e-01	3.41e-01	9.15e-02	1.06e-02	1.27e-03	3.26e-04	3.01e-06	0.00e+00
 2.29609e+22	4.83e-28	4.37e-21	1.85e-15	6.84e-13	1.36e-10	7.48e-09	1.41e-07	2.61e-06	1.02e-03	2.89e-02	1.85e-01	3.51e-01	3.35e-01	8.73e-02	9.86e-03	1.16e-03	2.90e-04	2.61e-06	0.00e+00
 2.32759e+22	6.14e-28	5.43e-21	2.25e-15	8.17e-13	1.60e-10	8.60e-09	1.58e-07	2.88e-06	1.10e-03	3.05e-02	1.91e-01	3.54e-01	3.30e-01	8.38e-02	9.25e-03	1.07e-03	2.63e-04	2.30e-06	0.00e+00
 2.36855e+22	8.48e-28	7.28e-21	2.93e-15	1.04e-12	1.99e-10	1.04e-08	1.86e-07	3.30e-06	1.22e-03	3.27e-02	1.98e-01	3.57e-01	3.22e-01	7.92e-02	8.47e-03	9.55e-04	2.30e-04	1.95e-06	0.00e+00
 2.42179e+22	1.27e-27	1.05e-20	4.07e-15	1.41e-12	2.62e-10	1.33e-08	2.29e-07	3.92e-06	1.39e-03	3.57e-02	2.08e-01	3.60e-01	3.12e-01	7.37e-02	7.57e-03	8.30e-04	1.94e-04	1.58e-06	0.00e+00
 2.47695e+22	1.95e-27	1.55e-20	5.79e-15	1.96e-12	3.53e-10	1.74e-08	2.88e-07	4.71e-06	1.58e-03	3.91e-02	2.18e-01	3.63e-01	3.02e-01	6.81e-02	6.72e-03	7.15e-04	1.62e-04	1.26e-06	0.00e+00
 2.52121e+22	2.70e-27	2.09e-20	7.57e-15	2.50e-12	4.42e-10	2.12e-08	3.41e-07	5.42e-06	1.76e-03	4.19e-02	2.26e-01	3.65e-01	2.94e-01	6.40e-02	6.11e-03	6.36e-04	1.41e-04	1.05e-06	0.00e+00
 2.56532e+22	3.66e-27	2.75e-20	9.67e-15	3.14e-12	5.41e-10	2.53e-08	3.96e-07	6.15e-06	1.94e-03	4.47e-02	2.34e-01	3.67e-01	2.86e-01	6.03e-02	5.58e-03	5.69e-04	1.23e-04	8.91e-07	0.00e+00
 2.62267e+22	5.43e-27	3.94e-20	1.34e-14	4.23e-12	7.10e-10	3.22e-08	4.86e-07	7.29e-06	2.20e-03	4.86e-02	2.44e-01	3.68e-01	2.75e-01	5.56e-02	4.95e-03	4.91e-04	1.03e-04	7.13e-07	0.00e+00
 2.67867e+22	8.11e-27	5.67e-20	1.85e-14	5.73e-12	9.40e-10	4.14e-08	6.02e-07	8.68e-06	2.49e-03	5.27e-02	2.54e-01	3.69e-01	2.65e-01	5.13e-02	4.38e-03	4.23e-04	8.62e-05	5.71e-07	0.00e+00
 2.71897e+22	1.06e-26	7.22e-20	2.30e-14	7.01e-12	1.13e-09	4.86e-08	6.91e-07	9.73e-06	2.70e-03	5.57e-02	2.61e-01	3.70e-01	2.58e-01	4.84e-02	4.02e-03	3.82e-04	7.62e-05	4.90e-07	0.00e+00
 2.75742e+22	1.35e-26	8.98e-20	2.80e-14	8.39e-12	1.33e-09	5.62e-08	7.80e-07	1.08e-05	2.93e-03	5.86e-02	2.68e-01	3.70e-01	2.51e-01	4.59e-02	3.72e-03	3.46e-04	6.79e-05	4.24e-07	0.00e+00
 2.80740e+22	1.85e-26	1.19e-19	3.61e-14	1.06e-11	1.65e-09	6.80e-08	9.17e-07	1.23e-05	3.23e-03	6.24e-02	2.76e-01	3.69e-01	2.42e-01	4.28e-02	3.36e-03	3.06e-04	5.85e-05	3.53e-07	0.00e+00
 2.86300e+22	2.63e-26	1.64e-19	4.80e-14	1.39e-11	2.11e-09	8.49e-08	1.11e-06	1.44e-05	3.61e-03	6.71e-02	2.85e-01	3.68e-01	2.33e-01	3.95e-02	2.98e-03	2.65e-04	4.93e-05	2.85e-07	0.00e+00
 2.91331e+22	3.59e-26	2.18e-19	6.17e-14	1.76e-11	2.62e-09	1.03e-07	1.31e-06	1.65e-05	3.98e-03	7.14e-02	2.94e-01	3.67e-01	2.24e-01	3.67e-02	2.68e-03	2.34e-04	4.23e-05	2.36e-07	0.00e+00
 2.95887e+22	4.69e-26	2.77e-19	7.65e-14	2.15e-11	3.15e-09	1.21e-07	1.50e-06	1.86e-05	4.34e-03	7.54e-02	3.01e-01	3.66e-01	2.17e-01	3.43e-02	2.44e-03	2.09e-04	3.70e-05	2.00e-07	0.00e+00
 3.01085e+22	6.29e-26	3.61e-19	9.68e-14	2.67e-11	3.85e-09	1.45e-07	1.75e-06	2.11e-05	4.76e-03	8.00e-02	3.09e-01	3.64e-01	2.08e-01	3.19e-02	2.19e-03	1.84e-04	3.18e-05	1.66e-07	0.00e+00
 3.07843e+22	9.14e-26	5.06e-19	1.31e-13	3.54e-11	4.99e-09	1.83e-07	2.13e-06	2.49e-05	5.37e-03	8.62e-02	3.18e-01	3.61e-01	1.98e-01	2.90e-02	1.91e-03	1.56e-04	2.62e-05	1.30e-07	0.00e+00
 3.14769e+22	1.36e-25	7.22e-19	1.79e-13	4.79e-11	6.61e-09	2.36e-07	2.65e-06	2.98e-05	6.07e-03	9.30e-02	3.29e-01	3.57e-01	1.87e-01	2.61e-02	1.65e-03	1.32e-04	2.13e-05	0.00e+00	0.00e+00
 3.20199e+22	1.82e-25	9.39e-19	2.26e-13	5.97e-11	8.11e-09	2.83e-07	3.10e-06	3.40e-05	6.67e-03	9.85e-02	3.36e-01	3.54e-01	1.79e-01	2.41e-02	1.47e-03	1.15e-04	1.81e-05	0.00e+00	0.00e+00
 3.25540e+22	2.36e-25	1.19e-18	2.79e-13	7.26e-11	9.72e-09	3.33e-07	3.55e-06	3.82e-05	7.27e-03	1.04e-01	3.43e-01	3.51e-01	1.71e-01	2.23e-02	1.32e-03	1.02e-04	1.56e-05	0.00e+00	0.00e+00
 3.32484e+22	3.33e-25	1.62e-18	3.66e-13	9.40e-11	1.24e-08	4.14e-07	4.28e-06	4.47e-05	8.13e-03	1.11e-01	3.52e-01	3.46e-01	1.62e-01	2.02e-02	1.15e-03	8.63e-05	1.29e-05	0.00e+00	0.00e+00
 3.39943e+22	4.84e-25	2.26e-18	4.92e-13	1.25e-10	1.62e-08	5.28e-07	5.27e-06	5.32e-05	9.17e-03	1.19e-01	3.60e-01	3.40e-01	1.52e-01	1.80e-02	9.83e-04	7.21e-05	1.04e-05	0.00e+00	0.00e+00
 3.46330e+22	6.57e-25	2.97e-18	6.26e-13	1.57e-10	2.01e-08	6.43e-07	6.24e-06	6.14e-05	1.01e-02	1.27e-01	3.68e-01	3.35e-01	1.44e-01	1.64e-02	8.61e-04	6.19e-05	8.63e-06	0.00e+00	0.00e+00
 3.52894e+22	8.75e-25	3.83e-18	7.82e-13	1.95e-10	2.46e-08	7.70e-07	7.28e-06	7.00e-05	1.11e-02	1.34e-01	3.74e-01	3.29e-01	1.36e-01	1.49e-02	7.56e-04	5.33e-05	7.23e-06	0.00e+00	0.00e+00
 3.61426e+22	1.26e-24	5.31e-18	1.04e-12	2.57e-10	3.19e-08	9.78e-07	8.92e-06	8.34e-05	1.26e-02	1.44e-01	3.82e-01	3.21e-01	1.26e-01	1.32e-02	6.38e-04	4.39e-05	5.74e-06	0.00e+00	0.00e+00
 3.69631e+22	1.83e-24	7.38e-18	1.39e-12	3.42e-10	4.19e-08	1.26e-06	1.11e-05	1.00e-04	1.42e-02	1.54e-01	3.90e-01	3.13e-01	1.17e-01	1.16e-02	5.36e-04	3.60e-05	4.53e-06	0.00e+00	0.00e+00
 3.75336e+22	2.31e-24	9.10e-18	1.67e-12	4.08e-10	4.96e-08	1.47e-06	1.26e-05	1.12e-04	1.54e-02	1.61e-01	3.94e-01	3.07e-01	1.11e-01	1.06e-02	4.78e-04	3.16e-05	3.87e-06	0.00e+00	0.00e+00
 3.80680e+22	2.83e-24	1.09e-17	1.94e-12	4.74e-10	5.72e-08	1.67e-06	1.41e-05	1.23e-04	1.65e-02	1.68e-01	3.98e-01	3.02e-01	1.06e-01	9.86e-03	4.31e-04	2.81e-05	3.37e-06	0.00e+00	0.00e+00
 3.87628e+22	3.69e-24	1.37e-17	2.38e-12	5.80e-10	6.93e-08	1.99e-06	1.64e-05	1.41e-04	1.81e-02	1.76e-01	4.02e-01	2.95e-01	9.94e-02	8.90e-03	3.76e-04	2.41e-05	2.80e-06	0.00e+00	0.00e+00
 3.96659e+22	5.14e-24	1.84e-17	3.07e-12	7.44e-10	8.81e-08	2.48e-06	1.98e-05	1.66e-04	2.02e-02	1.87e-01	4.07e-01	2.85e-01	9.15e-02	7.81e-03	3.16e-04	1.98e-05	2.22e-06	0.00e+00	0.00e+00
 4.05919e+22	7.26e-24	2.50e-17	3.99e-12	9.71e-10	1.14e-07	3.15e-06	2.44e-05	1.98e-04	2.27e-02	2.00e-01	4.11e-01	2.75e-01	8.37e-02	6.78e-03	2.62e-04	1.60e-05	1.73e-06	0.00e+00	0.00e+00
 4.13181e+22	9.40e-24	3.13e-17	4.85e-12	1.18e-09	1.38e-07	3.75e-06	2.84e-05	2.26e-04	2.49e-02	2.09e-01	4.14e-01	2.67e-01	7.80e-02	6.07e-03	2.27e-04	1.36e-05	1.42e-06	0.00e+00	0.00e+00
 4.20328e+22	1.18e-23	3.81e-17	5.74e-12	1.40e-09	1.62e-07	4.35e-06	3.21e-05	2.53e-04	2.69e-02	2.18e-01	4.16e-01	2.60e-01	7.31e-02	5.49e-03	1.99e-04	1.17e-05	1.20e-06	0.00e+00	0.00e+00
 4.29619e+22	1.58e-23	4.93e-17	7.15e-12	1.74e-09	2.01e-07	5.31e-06	3.81e-05	2.94e-04	2.98e-02	2.30e-01	4.18e-01	2.50e-01	6.71e-02	4.81e-03	1.67e-04	9.66e-06	9.50e-07	0.00e+00	0.00e+00
 4.39628e+22	2.18e-23	6.53e-17	9.09e-12	2.23e-09	2.55e-07	6.64e-06	4.62e-05	3.48e-04	3.32e-02	2.43e-01	4.19e-01	2.39e-01	6.09e-02	4.15e-03	1.38e-04	7.80e-06	7.38e-07	0.00e+00	0.00e+00
 4.48183e+22	2.83e-23	8.19e-17	1.10e-11	2.72e-09	3.10e-07	7.96e-06	5.41e-05	4.00e-04	3.64e-02	2.54e-01	4.19e-01	2.30e-01	5.59e-02	3.65e-03	1.17e-04	6.49e-06	5.94e-07	0.00e+00	0.00e+00
 4.55727e+22	3.51e-23	9.88e-17	1.29e-11	3.19e-09	3.63e-07	9.21e-06	6.12e-05	4.47e-04	3.93e-02	2.64e-01	4.19e-01	2.22e-01	5.21e-02	3.28e-03	1.02e-04	5.56e-06	4.96e-07	0.00e+00	0.00e+00
 4.64345e+22	4.45e-23	1.21e-16	1.53e-11	3.80e-09	4.30e-07	1.08e-05	6.97e-05	5.03e-04	4.25e-02	2.74e-01	4.18e-01	2.14e-01	4.82e-02	2.92e-03	8.79e-05	4.72e-06	4.08e-07	0.00e+00	0.00e+00
 4.75548e+22	5.99e-23	1.57e-16	1.91e-11	4.76e-09	5.35e-07	1.32e-05	8.28e-05	5.87e-04	4.70e-02	2.87e-01	4.16e-01	2.03e-01	4.34e-02	2.51e-03	7.23e-05	3.80e-06	3.17e-07	0.00e+00	0.00e+00
 4.87326e+22	8.26e-23	2.07e-16	2.41e-11	6.07e-09	6.79e-07	1.64e-05	1.00e-04	6.95e-04	5.23e-02	3.02e-01	4.13e-01	1.92e-01	3.88e-02	2.12e-03	5.86e-05	3.01e-06	2.41e-07	0.00e+00	0.00e+00
 4.96956e+22	1.06e-22	2.58e-16	2.90e-11	7.32e-09	8.16e-07	1.95e-05	1.16e-04	7.91e-04	5.68e-02	3.13e-01	4.09e-01	1.83e-01	3.54e-02	1.86e-03	4.95e-05	2.49e-06	1.93e-07	0.00e+00	0.00e+00
 5.06583e+22	1.33e-22	3.12e-16	3.40e-11	8.62e-09	9.54e-07	2.25e-05	1.30e-04	8.83e-04	6.12e-02	3.23e-01	4.06e-01	1.75e-01	3.25e-02	1.64e-03	4.24e-05	2.10e-06	1.58e-07	0.00e+00	0.00e+00
 5.19098e+22	1.78e-22	4.01e-16	4.20e-11	1.07e-08	1.18e-06	2.72e-05	1.53e-04	1.02e-03	6.71e-02	3.36e-01	4.01e-01	1.64e-01	2.90e-02	1.40e-03	3.47e-05	1.68e-06	1.22e-07	0.00e+00	0.00e+00
 5.32410e+22	2.45e-22	5.29e-16	5.29e-11	1.36e-08	1.48e-06	3.37e-05	1.84e-04	1.20e-03	7.40e-02	3.50e-01	3.94e-01	1.54e-01	2.57e-02	1.17e-03	2.79e-05	1.32e-06	0.00e+00	0.00e+00	0.00e+00
 5.43199e+22	3.15e-22	6.57e-16	6.35e-11	1.64e-08	1.77e-06	3.98e-05	2.11e-04	1.36e-03	7.99e-02	3.61e-01	3.88e-01	1.45e-01	2.32e-02	1.02e-03	2.34e-05	1.09e-06	0.00e+00	0.00e+00	0.00e+00
 5.51537e+22	3.79e-22	7.69e-16	7.24e-11	1.87e-08	2.01e-06	4.45e-05	2.31e-04	1.48e-03	8.44e-02	3.68e-01	3.83e-01	1.39e-01	2.16e-02	9.20e-04	2.06e-05	9.42e-07	0.00e+00	0.00e+00	0.00e+00
 5.60249e+22	4.52e-22	8.94e-16	8.20e-11	2.12e-08	2.27e-06	4.97e-05	2.53e-04	1.61e-03	8.91e-02	3.76e-01	3.78e-01	1.34e-01	2.00e-02	8.27e-04	1.81e-05	8.16e-07	0.00e+00	0.00e+00	0.00e+00
 5.71575e+22	5.70e-22	1.09e-15	9.70e-11	2.51e-08	2.66e-06	5.74e-05	2.85e-04	1.79e-03	9.52e-02	3.85e-01	3.72e-01	1.27e-01	1.82e-02	7.26e-04	1.54e-05	6.82e-07	0.00e+00	0.00e+00	0.00e+00
 5.84072e+22	7.42e-22	1.37e-15	1.17e-10	3.04e-08	3.20e-06	6.79e-05	3.27e-04	2.03e-03	1.02e-01	3.95e-01	3.64e-01	1.19e-01	1.63e-02	6.25e-04	1.28e-05	5.57e-07	0.00e+00	0.00e+00	0.00e+00
 5.95174e+22	9.35e-22	1.67e-15	1.39e-10	3.60e-08	3.74e-06	7.82e-05	3.68e-04	2.25e-03	1.09e-01	4.03e-01	3.57e-01	1.12e-01	1.48e-02	5.48e-04	1.09e-05	4.66e-07	0.00e+00	0.00e+00	0.00e+00
 6.05067e+22	1.13e-21	1.98e-15	1.59e-10	4.12e-08	4.25e-06	8.76e-05	4.03e-04	2.45e-03	1.15e-01	4.10e-01	3.51e-01	1.07e-01	1.37e-02	4.90e-04	9.55e-06	4.01e-07	0.00e+00	0.00e+00	0.00e+00
 6.16308e+22	1.39e-21	2.36e-15	1.85e-10	4.78e-08	4.86e-06	9.89e-05	4.44e-04	2.68e-03	1.21e-01	4.17e-01	3.44e-01	1.02e-01	1.25e-02	4.34e-04	8.24e-06	3.40e-07	0.00e+00	0.00e+00	0.00e+00
 6.30922e+22	1.82e-21	2.97e-15	2.24e-10	5.77e-08	5.80e-06	1.16e-04	5.03e-04	3.00e-03	1.30e-01	4.25e-01	3.35e-01	9.49e-02	1.12e-02	3.72e-04	6.84e-06	2.77e-07	0.00e+00	0.00e+00	0.00e+00
 6.46419e+22	2.45e-21	3.85e-15	2.78e-10	7.15e-08	7.06e-06	1.38e-04	5.81e-04	3.41e-03	1.39e-01	4.34e-01	3.25e-01	8.80e-02	9.85e-03	3.14e-04	5.57e-06	2.21e-07	0.00e+00	0.00e+00	0.00e+00
 6.59405e+22	3.12e-21	4.73e-15	3.31e-10	8.47e-08	8.26e-06	1.59e-04	6.49e-04	3.77e-03	1.47e-01	4.40e-01	3.16e-01	8.25e-02	8.87e-03	2.73e-04	4.70e-06	1.83e-07	0.00e+00	0.00e+00	0.00e+00
 6.72628e+22	3.89e-21	5.71e-15	3.88e-10	9.85e-08	9.44e-06	1.78e-04	7.10e-04	4.09e-03	1.55e-01	4.46e-01	3.08e-01	7.78e-02	8.07e-03	2.40e-04	4.05e-06	1.54e-07	0.00e+00	0.00e+00	0.00e+00
