#depth	Fe	Fe+	Fe+2	Fe+3	Fe+4	Fe+5	Fe+6	Fe+7	Fe+8	Fe+9	Fe+10	Fe+11	Fe+12	Fe+13	Fe+14	Fe+15	Fe+16	Fe+17	Fe+18	Fe+19	Fe+20	Fe+21	Fe+22	Fe+23	Fe+24	Fe+25	Fe+26
 6.17135e+19	0.00e+00	0.00e+00	0.00e+00	0.00e+00	0.00e+00	0.00e+00	0.00e+00	6.34e-30	5.92e-27	2.88e-24	1.08e-21	2.79e-19	7.07e-17	1.25e-14	2.14e-12	3.84e-10	3.17e-07	1.32e-05	2.83e-04	2.97e-03	1.70e-02	5.12e-02	1.10e-01	2.02e-01	4.96e-01	1.12e-01	8.91e-03
 1.87609e+20	0.00e+00	0.00e+00	0.00e+00	0.00e+00	0.00e+00	0.00e+00	0.00e+00	1.98e-29	3.19e-26	1.52e-23	4.98e-21	1.13e-18	2.47e-16	3.78e-14	5.55e-12	8.58e-10	6.66e-07	2.62e-05	5.16e-04	4.89e-03	2.50e-02	6.73e-02	1.29e-01	2.09e-01	4.64e-01	9.41e-02	6.70e-03
 2.93222e+20	0.00e+00	0.00e+00	0.00e+00	0.00e+00	0.00e+00	0.00e+00	0.00e+00	8.60e-29	1.26e-25	5.40e-23	1.60e-20	3.25e-18	6.42e-16	8.81e-14	1.15e-11	1.60e-09	1.19e-06	4.46e-05	8.22e-04	7.17e-03	3.36e-02	8.26e-02	1.43e-01	2.13e-01	4.34e-01	8.06e-02	5.27e-03
 3.69049e+20	0.00e+00	0.00e+00	0.00e+00	0.00e+00	0.00e+00	0.00e+00	0.00e+00	2.19e-28	3.00e-25	1.20e-22	3.34e-20	6.35e-18	1.17e-15	1.50e-13	1.85e-11	2.42e-09	1.78e-06	6.39e-05	1.12e-03	9.25e-03	4.08e-02	9.41e-02	1.53e-01	2.13e-01	4.12e-01	7.20e-02	4.43e-03
 4.22245e+20	0.00e+00	0.00e+00	0.00e+00	0.00e+00	0.00e+00	0.00e+00	0.00e+00	4.30e-28	5.78e-25	2.21e-22	5.83e-20	1.05e-17	1.84e-15	2.25e-13	2.62e-11	3.25e-09	2.35e-06	8.23e-05	1.40e-03	1.11e-02	4.68e-02	1.03e-01	1.60e-01	2.13e-01	3.95e-01	6.61e-02	3.90e-03
 4.56301e+20	0.00e+00	0.00e+00	0.00e+00	0.00e+00	0.00e+00	0.00e+00	0.00e+00	6.25e-28	8.19e-25	3.05e-22	7.83e-20	1.38e-17	2.35e-15	2.79e-13	3.17e-11	3.85e-09	2.76e-06	9.51e-05	1.58e-03	1.22e-02	5.04e-02	1.08e-01	1.64e-01	2.12e-01	3.85e-01	6.29e-02	3.62e-03
 4.91390e+20	0.00e+00	0.00e+00	0.00e+00	0.00e+00	0.00e+00	0.00e+00	0.00e+00	9.42e-28	1.20e-24	4.34e-22	1.08e-19	1.84e-17	3.05e-15	3.52e-13	3.89e-11	4.60e-09	3.28e-06	1.11e-04	1.81e-03	1.36e-02	5.46e-02	1.14e-01	1.68e-01	2.11e-01	3.74e-01	5.95e-02	3.33e-03
 5.37005e+20	0.00e+00	0.00e+00	0.00e+00	0.00e+00	0.00e+00	0.00e+00	0.00e+00	1.62e-27	1.99e-24	6.92e-22	1.66e-19	2.72e-17	4.33e-15	4.80e-13	5.10e-11	5.80e-09	4.07e-06	1.35e-04	2.14e-03	1.56e-02	6.04e-02	1.22e-01	1.73e-01	2.09e-01	3.59e-01	5.53e-02	2.99e-03
 5.88555e+20	0.00e+00	0.00e+00	0.00e+00	0.00e+00	0.00e+00	0.00e+00	1.39e-30	3.01e-27	3.54e-24	1.18e-21	2.71e-19	4.25e-17	6.46e-15	6.85e-13	6.94e-11	7.54e-09	5.19e-06	1.68e-04	2.58e-03	1.81e-02	6.75e-02	1.31e-01	1.78e-01	2.07e-01	3.43e-01	5.07e-02	2.64e-03
 6.37210e+20	0.00e+00	0.00e+00	0.00e+00	0.00e+00	0.00e+00	0.00e+00	2.54e-30	5.32e-27	6.01e-24	1.93e-21	4.24e-19	6.39e-17	9.31e-15	9.47e-13	9.19e-11	9.59e-09	6.49e-06	2.05e-04	3.06e-03	2.07e-02	7.45e-02	1.39e-01	1.82e-01	2.04e-01	3.27e-01	4.67e-02	2.35e-03
 6.82485e+20	0.00e+00	0.00e+00	0.00e+00	0.00e+00	0.00e+00	0.00e+00	4.37e-30	8.84e-27	9.63e-24	2.98e-21	6.32e-19	9.19e-17	1.29e-14	1.26e-12	1.18e-10	1.19e-08	7.94e-06	2.45e-04	3.57e-03	2.34e-02	8.13e-02	1.47e-01	1.86e-01	2.01e-01	3.13e-01	4.32e-02	2.11e-03
 7.33977e+20	0.00e+00	0.00e+00	0.00e+00	0.00e+00	0.00e+00	0.00e+00	7.90e-30	1.54e-26	1.61e-23	4.80e-21	9.78e-19	1.37e-16	1.84e-14	1.73e-12	1.56e-10	1.51e-08	9.91e-06	2.99e-04	4.22e-03	2.67e-02	8.94e-02	1.55e-01	1.89e-01	1.96e-01	2.97e-01	3.96e-02	1.86e-03
 7.91811e+20	0.00e+00	0.00e+00	0.00e+00	0.00e+00	0.00e+00	0.00e+00	1.57e-29	2.93e-26	2.94e-23	8.36e-21	1.63e-18	2.17e-16	2.78e-14	2.49e-12	2.13e-10	1.97e-08	1.27e-05	3.71e-04	5.07e-03	3.09e-02	9.90e-02	1.65e-01	1.93e-01	1.91e-01	2.79e-01	3.57e-02	1.61e-03
 8.45977e+20	0.00e+00	0.00e+00	0.00e+00	0.00e+00	0.00e+00	0.00e+00	2.95e-29	5.30e-26	5.10e-23	1.39e-20	2.59e-18	3.31e-16	4.06e-14	3.48e-12	2.85e-10	2.52e-08	1.59e-05	4.53e-04	6.00e-03	3.52e-02	1.09e-01	1.73e-01	1.95e-01	1.86e-01	2.62e-01	3.23e-02	1.40e-03
 8.96087e+20	0.00e+00	0.00e+00	0.00e+00	0.00e+00	0.00e+00	0.00e+00	5.06e-29	8.78e-26	8.15e-23	2.14e-20	3.86e-18	4.74e-16	5.60e-14	4.64e-12	3.65e-10	3.11e-08	1.93e-05	5.38e-04	6.92e-03	3.93e-02	1.17e-01	1.81e-01	1.96e-01	1.81e-01	2.48e-01	2.95e-02	1.24e-03
 9.52838e+20	0.00e+00	0.00e+00	0.00e+00	0.00e+00	0.00e+00	0.00e+00	9.21e-29	1.54e-25	1.37e-22	3.46e-20	5.98e-18	7.05e-16	8.00e-14	6.35e-12	4.80e-10	3.94e-08	2.39e-05	6.50e-04	8.11e-03	4.43e-02	1.27e-01	1.89e-01	1.97e-01	1.75e-01	2.31e-01	2.66e-02	1.08e-03
 1.01410e+21	0.00e+00	0.00e+00	0.00e+00	0.00e+00	0.00e+00	0.00e+00	1.80e-28	2.89e-25	2.46e-22	5.96e-20	9.82e-18	1.11e-15	1.20e-13	9.05e-12	6.52e-10	5.09e-08	3.01e-05	7.95e-04	9.59e-03	5.04e-02	1.39e-01	1.97e-01	1.97e-01	1.67e-01	2.14e-01	2.36e-02	9.20e-04
 1.06802e+21	0.00e+00	0.00e+00	0.00e+00	0.00e+00	0.00e+00	0.00e+00	3.12e-28	4.89e-25	4.02e-22	9.36e-20	1.49e-17	1.61e-15	1.67e-13	1.22e-11	8.41e-10	6.32e-08	3.66e-05	9.41e-04	1.10e-02	5.60e-02	1.49e-01	2.04e-01	1.97e-01	1.61e-01	2.00e-01	2.13e-02	8.01e-04
 1.12490e+21	0.00e+00	0.00e+00	0.00e+00	0.00e+00	0.00e+00	0.00e+00	5.42e-28	8.18e-25	6.48e-22	1.45e-19	2.22e-17	2.32e-15	2.32e-13	1.62e-11	1.08e-09	7.83e-08	4.45e-05	1.12e-03	1.27e-02	6.21e-02	1.59e-01	2.10e-01	1.95e-01	1.54e-01	1.86e-01	1.91e-02	6.93e-04
 1.19885e+21	0.00e+00	0.00e+00	0.00e+00	0.00e+00	0.00e+00	0.00e+00	1.12e-27	1.61e-24	1.22e-21	2.60e-19	3.78e-17	3.75e-15	3.56e-13	2.37e-11	1.50e-09	1.03e-07	5.71e-05	1.38e-03	1.51e-02	7.07e-02	1.72e-01	2.17e-01	1.93e-01	1.45e-01	1.68e-01	1.65e-02	5.72e-04
 1.27290e+21	0.00e+00	0.00e+00	0.00e+00	0.00e+00	0.00e+00	0.00e+00	2.37e-27	3.26e-24	2.35e-21	4.77e-19	6.58e-17	6.19e-15	5.57e-13	3.50e-11	2.09e-09	1.36e-07	7.27e-05	1.70e-03	1.79e-02	8.00e-02	1.86e-01	2.24e-01	1.89e-01	1.35e-01	1.51e-01	1.42e-02	4.70e-04
 1.33061e+21	0.00e+00	0.00e+00	0.00e+00	0.00e+00	0.00e+00	0.00e+00	4.05e-27	5.38e-24	3.73e-21	7.31e-19	9.72e-17	8.81e-15	7.63e-13	4.62e-11	2.66e-09	1.67e-07	8.70e-05	1.98e-03	2.02e-02	8.74e-02	1.96e-01	2.28e-01	1.86e-01	1.28e-01	1.39e-01	1.26e-02	4.04e-04
 1.38914e+21	0.00e+00	0.00e+00	0.00e+00	0.00e+00	0.00e+00	0.00e+00	6.73e-27	8.65e-24	5.79e-21	1.09e-18	1.40e-16	1.23e-14	1.02e-12	6.00e-11	3.33e-09	2.02e-07	1.04e-04	2.30e-03	2.28e-02	9.51e-02	2.06e-01	2.31e-01	1.82e-01	1.21e-01	1.28e-01	1.12e-02	3.47e-04
 1.46523e+21	0.00e+00	0.00e+00	0.00e+00	0.00e+00	0.00e+00	2.26e-30	1.32e-26	1.63e-23	1.04e-20	1.88e-18	2.30e-16	1.91e-14	1.52e-12	8.48e-11	4.48e-09	2.60e-07	1.29e-04	2.77e-03	2.64e-02	1.06e-01	2.19e-01	2.34e-01	1.76e-01	1.12e-01	1.14e-01	9.58e-03	2.84e-04
 1.54101e+21	0.00e+00	0.00e+00	0.00e+00	0.00e+00	0.00e+00	4.75e-30	2.66e-26	3.13e-23	1.91e-20	3.29e-18	3.84e-16	3.04e-14	2.30e-12	1.22e-10	6.09e-09	3.34e-07	1.60e-04	3.31e-03	3.04e-02	1.17e-01	2.31e-01	2.36e-01	1.70e-01	1.03e-01	1.02e-01	8.15e-03	2.32e-04
 1.59923e+21	0.00e+00	0.00e+00	0.00e+00	0.00e+00	0.00e+00	7.99e-30	4.33e-26	4.94e-23	2.92e-20	4.86e-18	5.47e-16	4.19e-14	3.06e-12	1.56e-10	7.54e-09	3.99e-07	1.87e-04	3.78e-03	3.37e-02	1.25e-01	2.39e-01	2.36e-01	1.65e-01	9.70e-02	9.29e-02	7.21e-03	1.99e-04
 1.65779e+21	0.00e+00	0.00e+00	0.00e+00	0.00e+00	0.00e+00	1.31e-29	6.89e-26	7.62e-23	4.35e-20	7.02e-18	7.64e-16	5.66e-14	3.99e-12	1.97e-10	9.22e-09	4.73e-07	2.17e-04	4.28e-03	3.72e-02	1.33e-01	2.47e-01	2.36e-01	1.59e-01	9.09e-02	8.48e-02	6.38e-03	1.70e-04
 1.73391e+21	0.00e+00	0.00e+00	0.00e+00	0.00e+00	0.00e+00	2.52e-29	1.27e-25	1.35e-22	7.39e-20	1.14e-17	1.19e-15	8.44e-14	5.69e-12	2.69e-10	1.20e-08	5.90e-07	2.63e-04	5.01e-03	4.19e-02	1.45e-01	2.56e-01	2.35e-01	1.52e-01	8.33e-02	7.52e-02	5.43e-03	1.39e-04
 1.81465e+21	0.00e+00	0.00e+00	0.00e+00	0.00e+00	0.00e+00	5.12e-29	2.47e-25	2.52e-22	1.32e-19	1.95e-17	1.94e-15	1.31e-13	8.40e-12	3.77e-10	1.60e-08	7.46e-07	3.20e-04	5.89e-03	4.75e-02	1.57e-01	2.66e-01	2.33e-01	1.44e-01	7.55e-02	6.59e-02	4.56e-03	1.12e-04
 1.88385e+21	0.00e+00	0.00e+00	0.00e+00	0.00e+00	0.00e+00	9.07e-29	4.23e-25	4.16e-22	2.10e-19	2.99e-17	2.86e-15	1.86e-13	1.14e-11	4.94e-10	2.01e-08	9.02e-07	3.76e-04	6.72e-03	5.25e-02	1.67e-01	2.73e-01	2.31e-01	1.38e-01	6.94e-02	5.89e-02	3.93e-03	9.30e-05
 1.95627e+21	0.00e+00	0.00e+00	0.00e+00	0.00e+00	0.00e+00	1.59e-28	7.14e-25	6.77e-22	3.29e-19	4.50e-17	4.15e-15	2.59e-13	1.54e-11	6.40e-10	2.51e-08	1.09e-06	4.42e-04	7.67e-03	5.79e-02	1.78e-01	2.79e-01	2.27e-01	1.31e-01	6.35e-02	5.24e-02	3.37e-03	7.69e-05
 2.05042e+21	0.00e+00	0.00e+00	0.00e+00	0.00e+00	0.00e+00	3.29e-28	1.42e-24	1.29e-21	5.97e-19	7.78e-17	6.82e-15	4.05e-13	2.28e-11	9.01e-10	3.36e-08	1.38e-06	5.41e-04	9.03e-03	6.53e-02	1.91e-01	2.86e-01	2.22e-01	1.22e-01	5.64e-02	4.48e-02	2.75e-03	5.99e-05
 2.14538e+21	0.00e+00	0.00e+00	0.00e+00	0.00e+00	0.00e+00	7.09e-28	2.92e-24	2.53e-21	1.12e-18	1.38e-16	1.15e-14	6.50e-13	3.47e-11	1.29e-09	4.54e-08	1.76e-06	6.59e-04	1.06e-02	7.34e-02	2.05e-01	2.92e-01	2.16e-01	1.13e-01	4.97e-02	3.81e-02	2.23e-03	4.64e-05
 2.22029e+21	0.00e+00	0.00e+00	0.00e+00	0.00e+00	0.00e+00	1.23e-27	4.92e-24	4.11e-21	1.75e-18	2.09e-16	1.67e-14	9.08e-13	4.66e-11	1.67e-09	5.64e-08	2.10e-06	7.65e-04	1.19e-02	8.00e-02	2.15e-01	2.95e-01	2.10e-01	1.06e-01	4.51e-02	3.36e-02	1.90e-03	3.80e-05
 2.28577e+21	0.00e+00	0.00e+00	0.00e+00	0.00e+00	0.00e+00	1.97e-27	7.63e-24	6.19e-21	2.55e-18	2.95e-16	2.29e-14	1.20e-12	5.96e-11	2.07e-09	6.76e-08	2.44e-06	8.67e-04	1.32e-02	8.60e-02	2.24e-01	2.97e-01	2.05e-01	1.00e-01	4.13e-02	3.01e-02	1.65e-03	3.20e-05
 2.36011e+21	0.00e+00	0.00e+00	0.00e+00	0.00e+00	0.00e+00	3.31e-27	1.24e-23	9.71e-21	3.86e-18	4.32e-16	3.23e-14	1.64e-12	7.82e-11	2.62e-09	8.25e-08	2.88e-06	9.95e-04	1.47e-02	9.28e-02	2.34e-01	2.99e-01	1.99e-01	9.38e-02	3.74e-02	2.66e-02	1.40e-03	2.64e-05
 2.45676e+21	0.00e+00	0.00e+00	0.00e+00	0.00e+00	0.00e+00	6.49e-27	2.33e-23	1.75e-20	6.66e-18	7.11e-16	5.07e-14	2.45e-12	1.12e-10	3.56e-09	1.07e-07	3.56e-06	1.18e-03	1.68e-02	1.02e-01	2.46e-01	3.00e-01	1.91e-01	8.60e-02	3.28e-02	2.26e-02	1.14e-03	2.05e-05
 2.55556e+21	0.00e+00	0.00e+00	0.00e+00	0.00e+00	1.32e-30	1.32e-26	4.54e-23	3.27e-20	1.19e-17	1.21e-15	8.23e-14	3.78e-12	1.64e-10	4.95e-09	1.40e-07	4.42e-06	1.41e-03	1.92e-02	1.12e-01	2.58e-01	3.00e-01	1.82e-01	7.84e-02	2.86e-02	1.90e-02	9.18e-04	1.58e-05
 2.63538e+21	0.00e+00	0.00e+00	0.00e+00	0.00e+00	2.32e-30	2.25e-26	7.47e-23	5.20e-20	1.82e-17	1.79e-15	1.17e-13	5.19e-12	2.16e-10	6.29e-09	1.72e-07	5.21e-06	1.60e-03	2.12e-02	1.20e-01	2.67e-01	2.99e-01	1.75e-01	7.27e-02	2.56e-02	1.66e-02	7.72e-04	1.28e-05
 2.71735e+21	0.00e+00	0.00e+00	0.00e+00	0.00e+00	4.00e-30	3.75e-26	1.20e-22	8.11e-20	2.74e-17	2.60e-15	1.64e-13	7.01e-12	2.81e-10	7.89e-09	2.08e-07	6.09e-06	1.83e-03	2.35e-02	1.29e-01	2.76e-01	2.97e-01	1.68e-01	6.73e-02	2.29e-02	1.45e-02	6.49e-04	1.04e-05
 2.82391e+21	0.00e+00	0.00e+00	0.00e+00	0.00e+00	8.22e-30	7.39e-26	2.27e-22	1.47e-19	4.74e-17	4.29e-15	2.58e-13	1.05e-11	4.01e-10	1.07e-08	2.68e-07	7.48e-06	2.16e-03	2.66e-02	1.40e-01	2.86e-01	2.94e-01	1.58e-01	6.07e-02	1.97e-02	1.20e-02	5.17e-04	7.89e-06
 2.93407e+21	0.00e+00	0.00e+00	0.00e+00	0.00e+00	1.77e-29	1.52e-25	4.48e-22	2.77e-19	8.53e-17	7.35e-15	4.21e-13	1.63e-11	5.88e-10	1.49e-08	3.52e-07	9.26e-06	2.54e-03	3.01e-02	1.52e-01	2.96e-01	2.90e-01	1.49e-01	5.43e-02	1.68e-02	9.96e-03	4.07e-04	5.93e-06
 3.02384e+21	0.00e+00	0.00e+00	0.00e+00	0.00e+00	3.17e-29	2.64e-25	7.50e-22	4.47e-19	1.33e-16	1.10e-14	6.07e-13	2.25e-11	7.82e-10	1.90e-08	4.31e-07	1.09e-05	2.89e-03	3.32e-02	1.61e-01	3.03e-01	2.85e-01	1.41e-01	4.96e-02	1.48e-02	8.54e-03	3.36e-04	4.72e-06
 3.11551e+21	0.00e+00	0.00e+00	0.00e+00	0.00e+00	5.53e-29	4.45e-25	1.22e-21	7.03e-19	2.01e-16	1.61e-14	8.53e-13	3.05e-11	1.02e-09	2.38e-08	5.21e-07	1.27e-05	3.28e-03	3.64e-02	1.71e-01	3.10e-01	2.80e-01	1.33e-01	4.52e-02	1.30e-02	7.32e-03	2.77e-04	3.75e-06
 3.21693e+21	0.00e+00	0.00e+00	0.00e+00	0.00e+00	1.06e-28	8.23e-25	2.17e-21	1.21e-18	3.31e-16	2.54e-14	1.29e-12	4.40e-11	1.41e-09	3.13e-08	6.53e-07	1.52e-05	3.76e-03	4.03e-02	1.82e-01	3.16e-01	2.74e-01	1.25e-01	4.07e-02	1.13e-02	6.15e-03	2.24e-04	2.90e-06
 3.30942e+21	0.00e+00	0.00e+00	0.00e+00	0.00e+00	1.88e-28	1.41e-24	3.60e-21	1.93e-18	5.11e-16	3.78e-14	1.84e-12	6.06e-11	1.86e-09	3.98e-08	7.96e-07	1.78e-05	4.24e-03	4.39e-02	1.93e-01	3.22e-01	2.68e-01	1.18e-01	3.69e-02	9.86e-03	5.25e-03	1.84e-04	2.30e-06
 3.39478e+21	0.00e+00	0.00e+00	0.00e+00	0.00e+00	3.12e-28	2.27e-24	5.62e-21	2.92e-18	7.48e-16	5.35e-14	2.52e-12	8.01e-11	2.37e-09	4.90e-08	9.45e-07	2.04e-05	4.72e-03	4.75e-02	2.02e-01	3.26e-01	2.62e-01	1.11e-01	3.37e-02	8.73e-03	4.54e-03	1.54e-04	1.86e-06
 3.49252e+21	0.00e+00	0.00e+00	0.00e+00	0.00e+00	5.47e-28	3.85e-24	9.20e-21	4.62e-18	1.14e-15	7.86e-14	3.57e-12	1.09e-10	3.10e-09	6.15e-08	1.14e-06	2.37e-05	5.31e-03	5.17e-02	2.12e-01	3.30e-01	2.55e-01	1.04e-01	3.04e-02	7.60e-03	3.85e-03	1.26e-04	1.46e-06
 3.61959e+21	0.00e+00	0.00e+00	0.00e+00	0.00e+00	1.13e-27	7.65e-24	1.75e-20	8.42e-18	1.98e-15	1.30e-13	5.61e-12	1.63e-10	4.40e-09	8.29e-08	1.46e-06	2.88e-05	6.16e-03	5.74e-02	2.26e-01	3.34e-01	2.45e-01	9.52e-02	2.66e-02	6.33e-03	3.11e-03	9.66e-05	1.07e-06
 3.74709e+21	0.00e+00	0.00e+00	0.00e+00	0.00e+00	2.43e-27	1.57e-23	3.43e-20	1.58e-17	3.55e-15	2.22e-13	9.10e-12	2.51e-10	6.40e-09	1.14e-07	1.89e-06	3.51e-05	7.11e-03	6.36e-02	2.39e-01	3.37e-01	2.35e-01	8.69e-02	2.31e-02	5.26e-03	2.50e-03	7.39e-05	7.80e-07
 3.84616e+21	0.00e+00	0.00e+00	0.00e+00	0.00e+00	4.18e-27	2.62e-23	5.55e-20	2.47e-17	5.35e-15	3.23e-13	1.28e-11	3.38e-10	8.29e-09	1.42e-07	2.26e-06	4.04e-05	7.92e-03	6.86e-02	2.50e-01	3.39e-01	2.27e-01	8.08e-02	2.08e-02	4.56e-03	2.12e-03	6.03e-05	6.13e-07
 3.94597e+21	0.00e+00	0.00e+00	0.00e+00	0.00e+00	7.00e-27	4.24e-23	8.71e-20	3.76e-17	7.85e-15	4.57e-13	1.74e-11	4.45e-10	1.05e-08	1.74e-07	2.68e-06	4.62e-05	8.79e-03	7.37e-02	2.60e-01	3.40e-01	2.19e-01	7.52e-02	1.86e-02	3.95e-03	1.80e-03	4.93e-05	4.83e-07
 4.07571e+21	0.00e+00	0.00e+00	0.00e+00	0.00e+00	1.39e-26	8.09e-23	1.60e-19	6.61e-17	1.32e-14	7.34e-13	2.67e-11	6.50e-10	1.46e-08	2.30e-07	3.36e-06	5.51e-05	1.00e-02	8.06e-02	2.72e-01	3.40e-01	2.08e-01	6.82e-02	1.62e-02	3.28e-03	1.45e-03	3.79e-05	3.54e-07
 4.20151e+21	0.00e+00	0.00e+00	0.00e+00	1.40e-30	2.80e-26	1.57e-22	2.97e-19	1.18e-16	2.26e-14	1.20e-12	4.17e-11	9.66e-10	2.06e-08	3.07e-07	4.24e-06	6.58e-05	1.14e-02	8.77e-02	2.85e-01	3.39e-01	1.98e-01	6.19e-02	1.40e-02	2.73e-03	1.17e-03	2.92e-05	2.61e-07
 4.29063e+21	0.00e+00	0.00e+00	0.00e+00	2.26e-30	4.41e-26	2.40e-22	4.42e-19	1.72e-16	3.18e-14	1.64e-12	5.51e-11	1.24e-09	2.55e-08	3.68e-07	4.91e-06	7.38e-05	1.24e-02	9.29e-02	2.93e-01	3.38e-01	1.90e-01	5.78e-02	1.27e-02	2.40e-03	1.01e-03	2.44e-05	2.11e-07
 4.37494e+21	0.00e+00	0.00e+00	0.00e+00	3.47e-30	6.57e-26	3.48e-22	6.27e-19	2.37e-16	4.28e-14	2.15e-12	7.00e-11	1.53e-09	3.07e-08	4.30e-07	5.58e-06	8.16e-05	1.33e-02	9.78e-02	3.00e-01	3.36e-01	1.84e-01	5.42e-02	1.16e-02	2.13e-03	8.80e-04	2.07e-05	1.74e-07
 4.48453e+21	0.00e+00	0.00e+00	0.00e+00	6.18e-30	1.13e-25	5.80e-22	1.01e-18	3.71e-16	6.45e-14	3.12e-12	9.80e-11	2.06e-09	3.97e-08	5.34e-07	6.65e-06	9.34e-05	1.47e-02	1.04e-01	3.10e-01	3.34e-01	1.75e-01	4.97e-02	1.03e-02	1.82e-03	7.35e-04	1.66e-05	1.34e-07
 4.60498e+21	0.00e+00	0.00e+00	0.00e+00	1.18e-29	2.08e-25	1.03e-21	1.74e-18	6.14e-16	1.03e-13	4.78e-12	1.44e-10	2.89e-09	5.32e-08	6.83e-07	8.10e-06	1.09e-04	1.64e-02	1.12e-01	3.20e-01	3.30e-01	1.66e-01	4.52e-02	8.96e-03	1.53e-03	6.02e-04	1.30e-05	0.00e+00
 4.70363e+21	0.00e+00	0.00e+00	0.00e+00	1.99e-29	3.40e-25	1.64e-21	2.68e-18	9.22e-16	1.50e-13	6.73e-12	1.96e-10	3.80e-09	6.74e-08	8.33e-07	9.51e-06	1.23e-04	1.78e-02	1.18e-01	3.27e-01	3.27e-01	1.58e-01	4.17e-02	8.01e-03	1.33e-03	5.11e-04	1.07e-05	0.00e+00
 4.77887e+21	0.00e+00	0.00e+00	0.00e+00	2.89e-29	4.80e-25	2.26e-21	3.63e-18	1.22e-15	1.94e-13	8.53e-12	2.42e-10	4.58e-09	7.91e-08	9.54e-07	1.06e-05	1.33e-04	1.89e-02	1.23e-01	3.33e-01	3.24e-01	1.53e-01	3.92e-02	7.36e-03	1.19e-03	4.52e-04	9.22e-06	0.00e+00
 4.85961e+21	0.00e+00	0.00e+00	0.00e+00	4.28e-29	6.94e-25	3.20e-21	5.02e-18	1.66e-15	2.56e-13	1.10e-11	3.03e-10	5.58e-09	9.39e-08	1.10e-06	1.19e-05	1.46e-04	2.02e-02	1.28e-01	3.39e-01	3.21e-01	1.47e-01	3.67e-02	6.72e-03	1.06e-03	3.96e-04	7.86e-06	0.00e+00
 4.96458e+21	0.00e+00	0.00e+00	0.00e+00	7.14e-29	1.12e-24	5.02e-21	7.67e-18	2.46e-15	3.68e-13	1.53e-11	4.08e-10	7.26e-09	1.18e-07	1.33e-06	1.39e-05	1.64e-04	2.19e-02	1.35e-01	3.46e-01	3.16e-01	1.40e-01	3.37e-02	5.97e-03	9.14e-04	3.35e-04	6.41e-06	0.00e+00
 5.06893e+21	0.00e+00	0.00e+00	0.00e+00	1.22e-28	1.86e-24	8.09e-21	1.20e-17	3.75e-15	5.43e-13	2.18e-11	5.63e-10	9.65e-09	1.50e-07	1.63e-06	1.63e-05	1.85e-04	2.38e-02	1.42e-01	3.53e-01	3.11e-01	1.32e-01	3.09e-02	5.30e-03	7.85e-04	2.82e-04	5.21e-06	0.00e+00
 5.14656e+21	0.00e+00	0.00e+00	0.00e+00	1.78e-28	2.64e-24	1.13e-20	1.64e-17	5.02e-15	7.11e-13	2.79e-11	7.01e-10	1.17e-08	1.78e-07	1.88e-06	1.83e-05	2.01e-04	2.52e-02	1.47e-01	3.58e-01	3.08e-01	1.27e-01	2.89e-02	4.84e-03	7.01e-04	2.48e-04	4.47e-06	0.00e+00
 5.22156e+21	0.00e+00	0.00e+00	0.00e+00	2.48e-28	3.60e-24	1.51e-20	2.16e-17	6.48e-15	8.97e-13	3.44e-11	8.46e-10	1.38e-08	2.05e-07	2.12e-06	2.01e-05	2.17e-04	2.66e-02	1.52e-01	3.62e-01	3.04e-01	1.22e-01	2.72e-02	4.46e-03	6.32e-04	2.20e-04	3.87e-06	0.00e+00
 5.31906e+21	0.00e+00	0.00e+00	0.00e+00	3.91e-28	5.52e-24	2.25e-20	3.15e-17	9.23e-15	1.24e-12	4.64e-11	1.10e-09	1.75e-08	2.51e-07	2.51e-06	2.30e-05	2.40e-04	2.86e-02	1.58e-01	3.68e-01	2.99e-01	1.16e-01	2.51e-02	3.99e-03	5.50e-04	1.88e-04	3.20e-06	0.00e+00
 5.42195e+21	0.00e+00	0.00e+00	0.00e+00	6.43e-28	8.80e-24	3.50e-20	4.77e-17	1.36e-14	1.78e-12	6.45e-11	1.49e-09	2.27e-08	3.14e-07	3.02e-06	2.67e-05	2.68e-04	3.07e-02	1.66e-01	3.73e-01	2.93e-01	1.10e-01	2.30e-02	3.54e-03	4.74e-04	1.59e-04	2.62e-06	0.00e+00
 5.50765e+21	0.00e+00	0.00e+00	0.00e+00	9.55e-28	1.28e-23	4.97e-20	6.63e-17	1.86e-14	2.37e-12	8.36e-11	1.88e-09	2.79e-08	3.75e-07	3.50e-06	3.00e-05	2.93e-04	3.26e-02	1.71e-01	3.77e-01	2.88e-01	1.05e-01	2.13e-02	3.21e-03	4.19e-04	1.39e-04	2.22e-06	0.00e+00
 5.59490e+21	0.00e+00	0.00e+00	0.00e+00	1.38e-27	1.79e-23	6.84e-20	8.95e-17	2.46e-14	3.06e-12	1.06e-10	2.31e-09	3.35e-08	4.38e-07	3.99e-06	3.34e-05	3.17e-04	3.45e-02	1.77e-01	3.81e-01	2.83e-01	1.00e-01	1.99e-02	2.92e-03	3.72e-04	1.21e-04	1.89e-06	0.00e+00
 5.69274e+21	0.00e+00	0.00e+00	0.00e+00	2.18e-27	2.76e-23	1.03e-19	1.31e-16	3.53e-14	4.28e-12	1.43e-10	3.04e-09	4.27e-08	5.40e-07	4.75e-06	3.83e-05	3.51e-04	3.68e-02	1.84e-01	3.85e-01	2.77e-01	9.49e-02	1.82e-02	2.59e-03	3.22e-04	1.03e-04	1.55e-06	0.00e+00
 5.77882e+21	0.00e+00	0.00e+00	0.00e+00	3.21e-27	3.98e-23	1.45e-19	1.82e-16	4.80e-14	5.68e-12	1.86e-10	3.84e-09	5.24e-08	6.44e-07	5.50e-06	4.29e-05	3.82e-04	3.90e-02	1.90e-01	3.89e-01	2.72e-01	9.04e-02	1.69e-02	2.35e-03	2.84e-04	8.96e-05	1.31e-06	0.00e+00
 5.85142e+21	0.00e+00	0.00e+00	0.00e+00	4.39e-27	5.32e-23	1.91e-19	2.36e-16	6.12e-14	7.11e-12	2.28e-10	4.61e-09	6.16e-08	7.39e-07	6.17e-06	4.70e-05	4.09e-04	4.08e-02	1.95e-01	3.91e-01	2.67e-01	8.67e-02	1.58e-02	2.16e-03	2.56e-04	7.97e-05	1.14e-06	0.00e+00
 5.93201e+21	0.00e+00	0.00e+00	0.00e+00	6.13e-27	7.27e-23	2.56e-19	3.11e-16	7.94e-14	9.02e-12	2.83e-10	5.60e-09	7.30e-08	8.55e-07	6.97e-06	5.18e-05	4.40e-04	4.28e-02	2.01e-01	3.94e-01	2.62e-01	8.29e-02	1.48e-02	1.97e-03	2.29e-04	7.03e-05	9.80e-07	0.00e+00
 6.03678e+21	0.00e+00	0.00e+00	0.00e+00	9.55e-27	1.10e-22	3.78e-19	4.50e-16	1.12e-13	1.24e-11	3.79e-10	7.28e-09	9.20e-08	1.04e-06	8.21e-06	5.90e-05	4.85e-04	4.56e-02	2.08e-01	3.97e-01	2.56e-01	7.80e-02	1.35e-02	1.75e-03	1.97e-04	5.95e-05	8.02e-07	0.00e+00
 6.14393e+21	0.00e+00	0.00e+00	0.00e+00	1.53e-26	1.71e-22	5.76e-19	6.71e-16	1.64e-13	1.76e-11	5.22e-10	9.70e-09	1.19e-07	1.30e-06	9.84e-06	6.80e-05	5.38e-04	4.87e-02	2.15e-01	3.99e-01	2.49e-01	7.32e-02	1.22e-02	1.54e-03	1.69e-04	5.00e-05	6.52e-07	0.00e+00
 6.22866e+21	0.00e+00	0.00e+00	0.00e+00	2.18e-26	2.38e-22	7.85e-19	9.00e-16	2.16e-13	2.28e-11	6.60e-10	1.20e-08	1.43e-07	1.52e-06	1.12e-05	7.54e-05	5.80e-04	5.11e-02	2.21e-01	4.01e-01	2.43e-01	6.96e-02	1.13e-02	1.39e-03	1.50e-04	4.37e-05	5.55e-07	0.00e+00
 6.31328e+21	0.00e+00	0.00e+00	0.00e+00	3.02e-26	3.24e-22	1.05e-18	1.18e-15	2.79e-13	2.88e-11	8.18e-10	1.45e-08	1.69e-07	1.75e-06	1.26e-05	8.28e-05	6.23e-04	5.36e-02	2.27e-01	4.03e-01	2.38e-01	6.62e-02	1.05e-02	1.27e-03	1.33e-04	3.83e-05	4.73e-07	0.00e+00
 6.42329e+21	0.00e+00	0.00e+00	0.00e+00	4.69e-26	4.88e-22	1.55e-18	1.71e-15	3.96e-13	3.97e-11	1.10e-09	1.89e-08	2.13e-07	2.14e-06	1.49e-05	9.43e-05	6.85e-04	5.70e-02	2.34e-01	4.04e-01	2.31e-01	6.19e-02	9.55e-03	1.11e-03	1.14e-04	3.21e-05	3.84e-07	0.00e+00
 6.53161e+21	0.00e+00	0.00e+00	0.00e+00	7.43e-26	7.52e-22	2.33e-18	2.53e-15	5.75e-13	5.62e-11	1.51e-09	2.51e-08	2.74e-07	2.65e-06	1.78e-05	1.08e-04	7.58e-04	6.05e-02	2.42e-01	4.06e-01	2.24e-01	5.78e-02	8.63e-03	9.78e-04	9.71e-05	2.69e-05	3.11e-07	0.00e+00
 6.61114e+21	0.00e+00	0.00e+00	1.31e-30	1.01e-25	1.00e-21	3.05e-18	3.27e-15	7.33e-13	7.02e-11	1.85e-09	3.02e-08	3.22e-07	3.04e-06	1.99e-05	1.19e-04	8.09e-04	6.31e-02	2.47e-01	4.06e-01	2.19e-01	5.51e-02	8.04e-03	8.93e-04	8.70e-05	2.38e-05	2.68e-07	0.00e+00
 6.68794e+21	0.00e+00	0.00e+00	1.77e-30	1.33e-25	1.30e-21	3.90e-18	4.13e-15	9.13e-13	8.60e-11	2.23e-09	3.56e-08	3.72e-07	3.44e-06	2.21e-05	1.28e-04	8.60e-04	6.56e-02	2.52e-01	4.06e-01	2.14e-01	5.26e-02	7.51e-03	8.17e-04	7.81e-05	2.11e-05	2.32e-07	0.00e+00
 6.78778e+21	0.00e+00	0.00e+00	2.65e-30	1.94e-25	1.85e-21	5.45e-18	5.67e-15	1.24e-12	1.14e-10	2.88e-09	4.48e-08	4.55e-07	4.09e-06	2.55e-05	1.44e-04	9.33e-04	6.91e-02	2.58e-01	4.07e-01	2.08e-01	4.94e-02	6.86e-03	7.28e-04	6.79e-05	1.81e-05	1.93e-07	0.00e+00
 6.89385e+21	0.00e+00	0.00e+00	4.12e-30	2.94e-25	2.72e-21	7.87e-18	8.07e-15	1.73e-12	1.55e-10	3.83e-09	5.79e-08	5.72e-07	4.96e-06	2.99e-05	1.63e-04	1.02e-03	7.29e-02	2.65e-01	4.07e-01	2.01e-01	4.62e-02	6.22e-03	6.42e-04	5.83e-05	1.53e-05	1.58e-07	0.00e+00
 6.98340e+21	0.00e+00	0.00e+00	5.90e-30	4.10e-25	3.72e-21	1.06e-17	1.07e-14	2.27e-12	2.00e-10	4.82e-09	7.12e-08	6.86e-07	5.80e-06	3.40e-05	1.80e-04	1.10e-03	7.62e-02	2.71e-01	4.06e-01	1.95e-01	4.36e-02	5.72e-03	5.78e-04	5.14e-05	1.32e-05	1.33e-07	0.00e+00
 7.07519e+21	0.00e+00	0.00e+00	8.30e-30	5.63e-25	5.00e-21	1.40e-17	1.40e-14	2.92e-12	2.52e-10	5.98e-09	8.63e-08	8.11e-07	6.68e-06	3.82e-05	1.97e-04	1.18e-03	7.96e-02	2.77e-01	4.06e-01	1.90e-01	4.11e-02	5.27e-03	5.20e-04	4.52e-05	1.15e-05	0.00e+00	0.00e+00
 7.19453e+21	0.00e+00	0.00e+00	1.31e-29	8.59e-25	7.42e-21	2.04e-17	2.01e-14	4.12e-12	3.47e-10	8.00e-09	1.12e-07	1.02e-06	8.13e-06	4.49e-05	2.24e-04	1.29e-03	8.42e-02	2.84e-01	4.04e-01	1.83e-01	3.81e-02	4.72e-03	4.52e-04	3.83e-05	9.55e-06	0.00e+00	0.00e+00
 7.31427e+21	0.00e+00	0.00e+00	2.10e-29	1.34e-24	1.12e-20	3.03e-17	2.94e-14	5.95e-12	4.88e-10	1.10e-08	1.49e-07	1.31e-06	1.01e-05	5.36e-05	2.56e-04	1.42e-03	8.90e-02	2.91e-01	4.03e-01	1.75e-01	3.52e-02	4.22e-03	3.93e-04	3.23e-05	7.90e-06	0.00e+00	0.00e+00
 7.40499e+21	0.00e+00	0.00e+00	2.93e-29	1.82e-24	1.50e-20	3.99e-17	3.84e-14	7.68e-12	6.18e-10	1.36e-08	1.81e-07	1.56e-06	1.17e-05	6.05e-05	2.82e-04	1.52e-03	9.27e-02	2.97e-01	4.01e-01	1.70e-01	3.31e-02	3.88e-03	3.53e-04	2.85e-05	6.86e-06	0.00e+00	0.00e+00
 7.49339e+21	0.00e+00	0.00e+00	3.98e-29	2.42e-24	1.96e-20	5.13e-17	4.89e-14	9.70e-12	7.67e-10	1.66e-08	2.16e-07	1.82e-06	1.33e-05	6.74e-05	3.07e-04	1.62e-03	9.64e-02	3.02e-01	4.00e-01	1.65e-01	3.13e-02	3.57e-03	3.18e-04	2.51e-05	5.98e-06	0.00e+00	0.00e+00
 7.60830e+21	0.00e+00	0.00e+00	5.94e-29	3.51e-24	2.78e-20	7.15e-17	6.74e-14	1.32e-11	1.02e-09	2.16e-08	2.73e-07	2.23e-06	1.58e-05	7.78e-05	3.43e-04	1.76e-03	1.01e-01	3.08e-01	3.97e-01	1.59e-01	2.90e-02	3.22e-03	2.79e-04	2.15e-05	5.03e-06	0.00e+00	0.00e+00
 7.73187e+21	0.00e+00	0.00e+00	9.26e-29	5.31e-24	4.09e-20	1.04e-16	9.66e-14	1.87e-11	1.41e-09	2.91e-08	3.58e-07	2.83e-06	1.94e-05	9.19e-05	3.91e-04	1.94e-03	1.07e-01	3.15e-01	3.94e-01	1.52e-01	2.67e-02	2.87e-03	2.42e-04	1.81e-05	4.16e-06	0.00e+00	0.00e+00
 7.83729e+21	0.00e+00	0.00e+00	1.33e-28	7.45e-24	5.62e-20	1.40e-16	1.30e-13	2.48e-11	1.83e-09	3.71e-08	4.45e-07	3.43e-06	2.28e-05	1.05e-04	4.34e-04	2.09e-03	1.11e-01	3.21e-01	3.91e-01	1.46e-01	2.49e-02	2.60e-03	2.14e-04	1.57e-05	3.54e-06	0.00e+00	0.00e+00
 7.93055e+21	0.00e+00	0.00e+00	1.80e-28	9.87e-24	7.31e-20	1.80e-16	1.65e-13	3.14e-11	2.28e-09	4.54e-08	5.33e-07	4.02e-06	2.61e-05	1.17e-04	4.73e-04	2.23e-03	1.16e-01	3.25e-01	3.89e-01	1.41e-01	2.34e-02	2.38e-03	1.92e-04	1.38e-05	3.08e-06	0.00e+00	0.00e+00
 8.03738e+21	0.00e+00	0.00e+00	2.53e-28	1.35e-23	9.81e-20	2.39e-16	2.17e-13	4.09e-11	2.92e-09	5.69e-08	6.52e-07	4.80e-06	3.03e-05	1.33e-04	5.20e-04	2.39e-03	1.21e-01	3.31e-01	3.85e-01	1.36e-01	2.18e-02	2.16e-03	1.70e-04	1.20e-05	2.62e-06	0.00e+00	0.00e+00
 8.15646e+21	0.00e+00	0.00e+00	3.74e-28	1.94e-23	1.38e-19	3.31e-16	2.99e-13	5.58e-11	3.89e-09	7.43e-08	8.30e-07	5.94e-06	3.63e-05	1.54e-04	5.84e-04	2.60e-03	1.26e-01	3.36e-01	3.81e-01	1.30e-01	2.01e-02	1.94e-03	1.49e-04	1.02e-05	2.19e-06	0.00e+00	0.00e+00
 8.26537e+21	0.00e+00	0.00e+00	5.28e-28	2.68e-23	1.86e-19	4.42e-16	3.97e-13	7.34e-11	5.03e-09	9.41e-08	1.03e-06	7.16e-06	4.26e-05	1.76e-04	6.46e-04	2.79e-03	1.32e-01	3.42e-01	3.78e-01	1.25e-01	1.87e-02	1.75e-03	1.31e-04	8.82e-06	1.87e-06	0.00e+00	0.00e+00
 8.36500e+21	0.00e+00	0.00e+00	7.15e-28	3.54e-23	2.43e-19	5.70e-16	5.09e-13	9.36e-11	6.31e-09	1.16e-07	1.24e-06	8.44e-06	4.89e-05	1.97e-04	7.06e-04	2.98e-03	1.37e-01	3.46e-01	3.74e-01	1.20e-01	1.75e-02	1.59e-03	1.17e-04	7.70e-06	1.61e-06	0.00e+00	0.00e+00
 8.47867e+21	0.00e+00	0.00e+00	9.89e-28	4.79e-23	3.22e-19	7.46e-16	6.63e-13	1.21e-10	7.99e-09	1.44e-07	1.51e-06	1.00e-05	5.65e-05	2.22e-04	7.74e-04	3.19e-03	1.42e-01	3.51e-01	3.70e-01	1.15e-01	1.62e-02	1.44e-03	1.04e-04	6.67e-06	1.37e-06	0.00e+00	0.00e+00
 8.62644e+21	0.00e+00	0.00e+00	1.51e-27	7.11e-23	4.66e-19	1.07e-15	9.41e-13	1.70e-10	1.10e-08	1.94e-07	1.96e-06	1.26e-05	6.88e-05	2.60e-04	8.77e-04	3.50e-03	1.50e-01	3.57e-01	3.64e-01	1.09e-01	1.47e-02	1.26e-03	8.81e-05	5.51e-06	1.11e-06	0.00e+00	0.00e+00
 8.77698e+21	0.00e+00	0.00e+00	2.37e-27	1.08e-22	6.90e-19	1.56e-15	1.37e-12	2.45e-10	1.55e-08	2.66e-07	2.61e-06	1.62e-05	8.51e-05	3.10e-04	1.00e-03	3.86e-03	1.58e-01	3.62e-01	3.57e-01	1.03e-01	1.33e-02	1.10e-03	7.45e-05	4.53e-06	8.92e-07	0.00e+00	0.00e+00
 8.89125e+21	0.00e+00	0.00e+00	3.25e-27	1.45e-22	9.10e-19	2.03e-15	1.78e-12	3.18e-10	1.97e-08	3.32e-07	3.19e-06	1.93e-05	9.87e-05	3.50e-04	1.10e-03	4.13e-03	1.64e-01	3.67e-01	3.52e-01	9.85e-02	1.23e-02	9.93e-04	6.57e-05	3.92e-06	7.59e-07	0.00e+00	0.00e+00
 8.99993e+21	0.00e+00	0.00e+00	4.27e-27	1.86e-22	1.15e-18	2.55e-15	2.23e-12	3.96e-10	2.42e-08	4.01e-07	3.78e-06	2.24e-05	1.12e-04	3.88e-04	1.19e-03	4.39e-03	1.69e-01	3.70e-01	3.47e-01	9.44e-02	1.15e-02	9.00e-04	5.84e-05	3.41e-06	6.51e-07	0.00e+00	0.00e+00
 9.14123e+21	0.00e+00	0.00e+00	6.15e-27	2.61e-22	1.58e-18	3.46e-15	3.02e-12	5.32e-10	3.18e-08	5.17e-07	4.73e-06	2.73e-05	1.32e-04	4.45e-04	1.33e-03	4.75e-03	1.77e-01	3.75e-01	3.41e-01	8.95e-02	1.05e-02	7.98e-04	5.05e-05	2.88e-06	5.40e-07	0.00e+00	0.00e+00
 9.29238e+21	0.00e+00	0.00e+00	9.17e-27	3.79e-22	2.25e-18	4.87e-15	4.23e-12	7.42e-10	4.33e-08	6.89e-07	6.13e-06	3.43e-05	1.60e-04	5.20e-04	1.50e-03	5.18e-03	1.85e-01	3.79e-01	3.34e-01	8.44e-02	9.47e-03	6.99e-04	4.30e-05	2.39e-06	4.39e-07	0.00e+00	0.00e+00
 9.42069e+21	0.00e+00	0.00e+00	1.27e-26	5.12e-22	2.99e-18	6.40e-15	5.55e-12	9.69e-10	5.55e-08	8.67e-07	7.53e-06	4.10e-05	1.86e-04	5.89e-04	1.65e-03	5.56e-03	1.92e-01	3.82e-01	3.28e-01	8.02e-02	8.71e-03	6.25e-04	3.76e-05	2.05e-06	3.70e-07	0.00e+00	0.00e+00
 9.55185e+21	0.00e+00	0.00e+00	1.71e-26	6.75e-22	3.87e-18	8.22e-15	7.12e-12	1.24e-09	6.96e-08	1.07e-06	9.07e-06	4.82e-05	2.13e-04	6.58e-04	1.80e-03	5.93e-03	1.99e-01	3.85e-01	3.22e-01	7.63e-02	8.02e-03	5.60e-04	3.29e-05	1.76e-06	3.12e-07	0.00e+00	0.00e+00
 9.72235e+21	0.00e+00	0.00e+00	2.54e-26	9.77e-22	5.49e-18	1.15e-14	9.95e-12	1.72e-09	9.45e-08	1.42e-06	1.17e-05	6.01e-05	2.56e-04	7.65e-04	2.02e-03	6.47e-03	2.09e-01	3.89e-01	3.13e-01	7.15e-02	7.19e-03	4.85e-04	2.77e-05	1.44e-06	2.51e-07	0.00e+00	0.00e+00
 9.89599e+21	0.00e+00	0.00e+00	3.87e-26	1.45e-21	7.95e-18	1.65e-14	1.43e-11	2.45e-09	1.31e-07	1.92e-06	1.54e-05	7.65e-05	3.14e-04	9.02e-04	2.29e-03	7.09e-03	2.18e-01	3.92e-01	3.05e-01	6.67e-02	6.43e-03	4.19e-04	2.32e-05	1.18e-06	2.00e-07	0.00e+00	0.00e+00
 1.00326e+22	0.00e+00	0.00e+00	5.26e-26	1.92e-21	1.04e-17	2.14e-14	1.85e-11	3.16e-09	1.66e-07	2.39e-06	1.87e-05	9.06e-05	3.62e-04	1.01e-03	2.51e-03	7.57e-03	2.26e-01	3.94e-01	2.98e-01	6.33e-02	5.90e-03	3.74e-04	2.03e-05	1.01e-06	1.69e-07	0.00e+00	0.00e+00
 1.01691e+22	0.00e+00	0.00e+00	6.95e-26	2.49e-21	1.33e-17	2.70e-14	2.33e-11	3.97e-09	2.06e-07	2.90e-06	2.22e-05	1.05e-04	4.10e-04	1.12e-03	2.71e-03	8.03e-03	2.34e-01	3.96e-01	2.92e-01	6.01e-02	5.43e-03	3.36e-04	1.78e-05	8.68e-07	1.43e-07	0.00e+00	0.00e+00
 1.03465e+22	0.00e+00	0.00e+00	1.01e-25	3.52e-21	1.84e-17	3.72e-14	3.20e-11	5.42e-09	2.74e-07	3.78e-06	2.81e-05	1.29e-04	4.87e-04	1.29e-03	3.02e-03	8.70e-03	2.43e-01	3.98e-01	2.83e-01	5.61e-02	4.87e-03	2.91e-04	1.51e-05	7.15e-07	0.00e+00	0.00e+00	0.00e+00
 1.05348e+22	0.00e+00	0.00e+00	1.52e-25	5.16e-21	2.64e-17	5.28e-14	4.55e-11	7.66e-09	3.78e-07	5.09e-06	3.67e-05	1.63e-04	5.91e-04	1.51e-03	3.40e-03	9.49e-03	2.54e-01	4.00e-01	2.74e-01	5.22e-02	4.34e-03	2.51e-04	1.26e-05	5.83e-07	0.00e+00	0.00e+00	0.00e+00
 1.06914e+22	0.00e+00	1.23e-30	2.10e-25	6.96e-21	3.51e-17	6.95e-14	5.99e-11	1.00e-08	4.85e-07	6.41e-06	4.50e-05	1.94e-04	6.85e-04	1.70e-03	3.73e-03	1.02e-02	2.63e-01	4.01e-01	2.67e-01	4.91e-02	3.94e-03	2.22e-04	1.09e-05	4.93e-07	0.00e+00	0.00e+00	0.00e+00
 1.08237e+22	0.00e+00	1.63e-30	2.71e-25	8.84e-21	4.40e-17	8.64e-14	7.44e-11	1.24e-08	5.90e-07	7.67e-06	5.28e-05	2.23e-04	7.68e-04	1.86e-03	4.00e-03	1.07e-02	2.70e-01	4.02e-01	2.61e-01	4.67e-02	3.65e-03	2.00e-04	9.66e-06	4.30e-07	0.00e+00	0.00e+00	0.00e+00
 1.09700e+22	0.00e+00	2.19e-30	3.57e-25	1.14e-20	5.59e-17	1.09e-13	9.38e-11	1.56e-08	7.27e-07	9.28e-06	6.25e-05	2.58e-04	8.66e-04	2.05e-03	4.31e-03	1.13e-02	2.78e-01	4.02e-01	2.54e-01	4.42e-02	3.35e-03	1.79e-04	8.48e-06	3.71e-07	0.00e+00	0.00e+00	0.00e+00
 1.11601e+22	0.00e+00	3.24e-30	5.11e-25	1.59e-20	7.67e-17	1.48e-13	1.27e-10	2.10e-08	9.58e-07	1.20e-05	7.83e-05	3.13e-04	1.02e-03	2.34e-03	4.76e-03	1.22e-02	2.88e-01	4.02e-01	2.45e-01	4.11e-02	3.00e-03	1.56e-04	7.17e-06	3.06e-07	0.00e+00	0.00e+00	0.00e+00
 1.13577e+22	0.00e+00	4.93e-30	7.53e-25	2.29e-20	1.08e-16	2.07e-13	1.78e-10	2.92e-08	1.30e-06	1.58e-05	1.01e-04	3.88e-04	1.22e-03	2.70e-03	5.32e-03	1.32e-02	2.98e-01	4.01e-01	2.36e-01	3.81e-02	2.67e-03	1.34e-04	6.02e-06	2.51e-07	0.00e+00	0.00e+00	0.00e+00
 1.15191e+22	0.00e+00	6.81e-30	1.01e-24	3.02e-20	1.41e-16	2.67e-13	2.29e-10	3.74e-08	1.63e-06	1.95e-05	1.21e-04	4.56e-04	1.39e-03	3.01e-03	5.76e-03	1.40e-02	3.07e-01	4.01e-01	2.29e-01	3.59e-02	2.43e-03	1.19e-04	5.24e-06	2.14e-07	0.00e+00	0.00e+00	0.00e+00
 1.16832e+22	0.00e+00	9.21e-30	1.34e-24	3.91e-20	1.79e-16	3.37e-13	2.89e-10	4.68e-08	2.01e-06	2.35e-05	1.43e-04	5.25e-04	1.56e-03	3.30e-03	6.18e-03	1.47e-02	3.15e-01	4.00e-01	2.22e-01	3.37e-02	2.22e-03	1.06e-04	4.57e-06	1.83e-07	0.00e+00	0.00e+00	0.00e+00
 1.18965e+22	0.00e+00	1.38e-29	1.94e-24	5.52e-20	2.49e-16	4.63e-13	3.97e-10	6.37e-08	2.66e-06	3.05e-05	1.79e-04	6.38e-04	1.83e-03	3.75e-03	6.82e-03	1.58e-02	3.26e-01	3.98e-01	2.14e-01	3.12e-02	1.97e-03	9.12e-05	3.83e-06	1.50e-07	0.00e+00	0.00e+00	0.00e+00
 1.21201e+22	0.00e+00	2.13e-29	2.90e-24	8.07e-20	3.57e-16	6.56e-13	5.62e-10	8.95e-08	3.64e-06	4.06e-05	2.32e-04	7.95e-04	2.20e-03	4.34e-03	7.61e-03	1.71e-02	3.37e-01	3.96e-01	2.04e-01	2.87e-02	1.74e-03	7.78e-05	3.18e-06	1.21e-07	0.00e+00	0.00e+00	0.00e+00
 1.23063e+22	0.00e+00	3.01e-29	3.98e-24	1.08e-19	4.72e-16	8.61e-13	7.37e-10	1.16e-07	4.63e-06	5.06e-05	2.81e-04	9.38e-04	2.52e-03	4.83e-03	8.25e-03	1.82e-02	3.46e-01	3.94e-01	1.97e-01	2.67e-02	1.57e-03	6.84e-05	2.73e-06	0.00e+00	0.00e+00	0.00e+00	0.00e+00
 1.24975e+22	0.00e+00	4.15e-29	5.36e-24	1.43e-19	6.12e-16	1.11e-12	9.45e-10	1.48e-07	5.76e-06	6.17e-05	3.34e-04	1.09e-03	2.84e-03	5.32e-03	8.87e-03	1.92e-02	3.55e-01	3.91e-01	1.90e-01	2.50e-02	1.42e-03	6.02e-05	2.35e-06	0.00e+00	0.00e+00	0.00e+00	0.00e+00
 1.27116e+22	0.00e+00	6.11e-29	7.66e-24	2.00e-19	8.42e-16	1.51e-12	1.28e-09	2.00e-07	7.58e-06	7.93e-05	4.17e-04	1.31e-03	3.32e-03	6.01e-03	9.72e-03	2.05e-02	3.65e-01	3.88e-01	1.82e-01	2.31e-02	1.26e-03	5.20e-05	1.99e-06	0.00e+00	0.00e+00	0.00e+00	0.00e+00
 1.29072e+22	0.00e+00	8.62e-29	1.05e-23	2.69e-19	1.12e-15	1.98e-12	1.69e-09	2.60e-07	9.65e-06	9.88e-05	5.06e-04	1.55e-03	3.80e-03	6.69e-03	1.05e-02	2.17e-02	3.73e-01	3.85e-01	1.75e-01	2.14e-02	1.13e-03	4.56e-05	1.71e-06	0.00e+00	0.00e+00	0.00e+00	0.00e+00
 1.30846e+22	0.00e+00	1.16e-28	1.38e-23	3.47e-19	1.42e-15	2.50e-12	2.12e-09	3.25e-07	1.18e-05	1.19e-04	5.95e-04	1.77e-03	4.25e-03	7.30e-03	1.12e-02	2.27e-02	3.81e-01	3.81e-01	1.69e-01	2.01e-02	1.03e-03	4.06e-05	1.49e-06	0.00e+00	0.00e+00	0.00e+00	0.00e+00
 1.32864e+22	0.00e+00	1.60e-28	1.86e-23	4.58e-19	1.85e-15	3.22e-12	2.73e-09	4.14e-07	1.47e-05	1.45e-04	7.08e-04	2.05e-03	4.78e-03	8.02e-03	1.20e-02	2.39e-02	3.89e-01	3.78e-01	1.62e-01	1.87e-02	9.32e-04	3.57e-05	1.28e-06	0.00e+00	0.00e+00	0.00e+00	0.00e+00
 1.35487e+22	0.00e+00	2.44e-28	2.75e-23	6.60e-19	2.62e-15	4.50e-12	3.80e-09	5.69e-07	1.97e-05	1.89e-04	8.91e-04	2.50e-03	5.61e-03	9.08e-03	1.32e-02	2.55e-02	3.99e-01	3.72e-01	1.54e-01	1.70e-02	8.14e-04	3.02e-05	1.06e-06	0.00e+00	0.00e+00	0.00e+00	0.00e+00
 1.38112e+22	0.00e+00	3.82e-28	4.16e-23	9.74e-19	3.79e-15	6.45e-12	5.43e-09	8.04e-07	2.70e-05	2.51e-04	1.15e-03	3.10e-03	6.69e-03	1.04e-02	1.46e-02	2.74e-02	4.09e-01	3.66e-01	1.45e-01	1.55e-02	7.10e-04	2.55e-05	8.70e-07	0.00e+00	0.00e+00	0.00e+00	0.00e+00
 1.40047e+22	0.00e+00	5.18e-28	5.52e-23	1.27e-18	4.87e-15	8.21e-12	6.90e-09	1.01e-06	3.33e-05	3.03e-04	1.35e-03	3.56e-03	7.48e-03	1.14e-02	1.56e-02	2.86e-02	4.16e-01	3.62e-01	1.39e-01	1.44e-02	6.43e-04	2.26e-05	7.56e-07	0.00e+00	0.00e+00	0.00e+00	0.00e+00
 1.41870e+22	0.00e+00	6.71e-28	7.00e-23	1.58e-18	6.01e-15	1.00e-11	8.41e-09	1.22e-06	3.94e-05	3.53e-04	1.54e-03	3.97e-03	8.16e-03	1.22e-02	1.64e-02	2.97e-02	4.22e-01	3.57e-01	1.34e-01	1.35e-02	5.88e-04	2.03e-05	6.66e-07	0.00e+00	0.00e+00	0.00e+00	0.00e+00
 1.44240e+22	0.00e+00	9.58e-28	9.73e-23	2.16e-18	8.05e-15	1.33e-11	1.11e-08	1.59e-06	5.02e-05	4.39e-04	1.86e-03	4.65e-03	9.27e-03	1.34e-02	1.76e-02	3.12e-02	4.29e-01	3.52e-01	1.28e-01	1.24e-02	5.23e-04	1.76e-05	5.64e-07	0.00e+00	0.00e+00	0.00e+00	0.00e+00
 1.46844e+22	0.00e+00	1.43e-27	1.41e-22	3.06e-18	1.12e-14	1.83e-11	1.52e-08	2.16e-06	6.61e-05	5.64e-04	2.32e-03	5.59e-03	1.08e-02	1.51e-02	1.91e-02	3.30e-02	4.36e-01	3.44e-01	1.21e-01	1.13e-02	4.59e-04	1.50e-05	4.70e-07	0.00e+00	0.00e+00	0.00e+00	0.00e+00
 1.49144e+22	0.00e+00	2.01e-27	1.94e-22	4.11e-18	1.49e-14	2.41e-11	1.99e-08	2.79e-06	8.34e-05	6.95e-04	2.78e-03	6.51e-03	1.22e-02	1.66e-02	2.05e-02	3.46e-02	4.42e-01	3.38e-01	1.15e-01	1.04e-02	4.09e-04	1.30e-05	4.01e-07	0.00e+00	0.00e+00	0.00e+00	0.00e+00
 1.51070e+22	0.00e+00	2.65e-27	2.49e-22	5.21e-18	1.86e-14	2.99e-11	2.46e-08	3.42e-06	1.00e-04	8.18e-04	3.21e-03	7.33e-03	1.34e-02	1.78e-02	2.15e-02	3.59e-02	4.47e-01	3.33e-01	1.10e-01	9.75e-03	3.73e-04	1.17e-05	3.52e-07	0.00e+00	0.00e+00	0.00e+00	0.00e+00
 1.53117e+22	0.00e+00	3.49e-27	3.22e-22	6.61e-18	2.34e-14	3.71e-11	3.05e-08	4.18e-06	1.20e-04	9.61e-04	3.68e-03	8.22e-03	1.46e-02	1.91e-02	2.26e-02	3.71e-02	4.52e-01	3.27e-01	1.05e-01	9.08e-03	3.38e-04	1.04e-05	3.08e-07	0.00e+00	0.00e+00	0.00e+00	0.00e+00
 1.55779e+22	0.00e+00	5.03e-27	4.51e-22	9.08e-18	3.16e-14	4.95e-11	4.04e-08	5.47e-06	1.53e-04	1.19e-03	4.44e-03	9.60e-03	1.66e-02	2.10e-02	2.42e-02	3.88e-02	4.57e-01	3.19e-01	9.95e-02	8.28e-03	2.98e-04	8.89e-06	2.58e-07	0.00e+00	0.00e+00	0.00e+00	0.00e+00
 1.58525e+22	0.00e+00	7.45e-27	6.50e-22	1.28e-17	4.38e-14	6.79e-11	5.51e-08	7.36e-06	2.00e-04	1.52e-03	5.48e-03	1.14e-02	1.91e-02	2.33e-02	2.60e-02	4.07e-02	4.60e-01	3.11e-01	9.35e-02	7.50e-03	2.61e-04	7.57e-06	2.15e-07	0.00e+00	0.00e+00	0.00e+00	0.00e+00
 1.60677e+22	0.00e+00	9.97e-27	8.52e-22	1.65e-17	5.57e-14	8.55e-11	6.91e-08	9.11e-06	2.42e-04	1.80e-03	6.35e-03	1.29e-02	2.10e-02	2.51e-02	2.74e-02	4.21e-02	4.63e-01	3.04e-01	8.90e-02	6.95e-03	2.35e-04	6.70e-06	1.87e-07	0.00e+00	0.00e+00	0.00e+00	0.00e+00
 1.62770e+22	0.00e+00	1.29e-26	1.08e-21	2.06e-17	6.87e-14	1.04e-10	8.38e-08	1.09e-05	2.84e-04	2.08e-03	7.17e-03	1.43e-02	2.27e-02	2.66e-02	2.85e-02	4.33e-02	4.66e-01	2.98e-01	8.51e-02	6.47e-03	2.14e-04	5.98e-06	1.64e-07	0.00e+00	0.00e+00	0.00e+00	0.00e+00
 1.65491e+22	0.00e+00	1.83e-26	1.49e-21	2.79e-17	9.15e-14	1.37e-10	1.10e-07	1.41e-05	3.56e-04	2.54e-03	8.52e-03	1.65e-02	2.53e-02	2.89e-02	3.02e-02	4.49e-02	4.68e-01	2.89e-01	8.00e-02	5.88e-03	1.89e-04	5.14e-06	1.38e-07	0.00e+00	0.00e+00	0.00e+00	0.00e+00
 1.68407e+22	0.00e+00	2.69e-26	2.13e-21	3.90e-17	1.26e-13	1.87e-10	1.48e-07	1.87e-05	4.60e-04	3.19e-03	1.04e-02	1.94e-02	2.88e-02	3.17e-02	3.22e-02	4.67e-02	4.68e-01	2.79e-01	7.46e-02	5.30e-03	1.64e-04	4.36e-06	0.00e+00	0.00e+00	0.00e+00	0.00e+00	0.00e+00
 1.70863e+22	0.00e+00	3.67e-26	2.85e-21	5.12e-17	1.63e-13	2.38e-10	1.87e-07	2.33e-05	5.61e-04	3.82e-03	1.21e-02	2.19e-02	3.17e-02	3.41e-02	3.37e-02	4.80e-02	4.67e-01	2.71e-01	7.04e-02	4.85e-03	1.46e-04	3.81e-06	0.00e+00	0.00e+00	0.00e+00	0.00e+00	0.00e+00
 1.73343e+22	0.00e+00	4.88e-26	3.71e-21	6.55e-17	2.06e-13	2.97e-10	2.32e-07	2.85e-05	6.68e-04	4.45e-03	1.37e-02	2.43e-02	3.44e-02	3.61e-02	3.50e-02	4.92e-02	4.67e-01	2.64e-01	6.65e-02	4.46e-03	1.31e-04	3.34e-06	0.00e+00	0.00e+00	0.00e+00	0.00e+00	0.00e+00
 1.76567e+22	0.00e+00	7.16e-26	5.28e-21	9.12e-17	2.81e-13	4.00e-10	3.09e-07	3.72e-05	8.48e-04	5.48e-03	1.64e-02	2.81e-02	3.84e-02	3.91e-02	3.69e-02	5.06e-02	4.65e-01	2.53e-01	6.16e-02	3.99e-03	1.13e-04	2.82e-06	0.00e+00	0.00e+00	0.00e+00	0.00e+00	0.00e+00
 1.79750e+22	0.00e+00	1.06e-25	7.63e-21	1.29e-16	3.91e-13	5.49e-10	4.20e-07	4.97e-05	1.10e-03	6.91e-03	2.00e-02	3.30e-02	4.35e-02	4.28e-02	3.91e-02	5.22e-02	4.60e-01	2.41e-01	5.67e-02	3.54e-03	9.72e-05	2.36e-06	0.00e+00	0.00e+00	0.00e+00	0.00e+00	0.00e+00
 1.82027e+22	0.00e+00	1.38e-25	9.71e-21	1.62e-16	4.85e-13	6.74e-10	5.12e-07	5.98e-05	1.30e-03	7.99e-03	2.26e-02	3.65e-02	4.69e-02	4.52e-02	4.04e-02	5.31e-02	4.56e-01	2.33e-01	5.34e-02	3.25e-03	8.71e-05	2.07e-06	0.00e+00	0.00e+00	0.00e+00	0.00e+00	0.00e+00
 1.84139e+22	0.00e+00	1.72e-25	1.19e-20	1.96e-16	5.80e-13	7.96e-10	5.99e-07	6.91e-05	1.47e-03	8.90e-03	2.47e-02	3.91e-02	4.94e-02	4.68e-02	4.12e-02	5.37e-02	4.54e-01	2.27e-01	5.09e-02	3.03e-03	7.98e-05	1.87e-06	0.00e+00	0.00e+00	0.00e+00	0.00e+00	0.00e+00
 1.86883e+22	0.00e+00	2.33e-25	1.58e-20	2.54e-16	7.42e-13	1.01e-09	7.49e-07	8.49e-05	1.76e-03	1.04e-02	2.83e-02	4.35e-02	5.35e-02	4.95e-02	4.26e-02	5.45e-02	4.48e-01	2.18e-01	4.75e-02	2.75e-03	7.04e-05	1.62e-06	0.00e+00	0.00e+00	0.00e+00	0.00e+00	0.00e+00
 1.90451e+22	0.00e+00	3.42e-25	2.25e-20	3.54e-16	1.01e-12	1.35e-09	9.88e-07	1.10e-04	2.20e-03	1.27e-02	3.33e-02	4.95e-02	5.90e-02	5.28e-02	4.42e-02	5.53e-02	4.39e-01	2.06e-01	4.34e-02	2.42e-03	6.02e-05	1.35e-06	0.00e+00	0.00e+00	0.00e+00	0.00e+00	0.00e+00
 1.94071e+22	0.00e+00	5.08e-25	3.25e-20	5.00e-16	1.41e-12	1.84e-09	1.34e-06	1.45e-04	2.83e-03	1.58e-02	4.00e-02	5.74e-02	6.58e-02	5.68e-02	4.60e-02	5.59e-02	4.26e-01	1.92e-01	3.90e-02	2.10e-03	5.03e-05	1.10e-06	0.00e+00	0.00e+00	0.00e+00	0.00e+00	0.00e+00
 1.96803e+22	0.00e+00	6.74e-25	4.21e-20	6.38e-16	1.77e-12	2.29e-09	1.65e-06	1.76e-04	3.35e-03	1.83e-02	4.52e-02	6.31e-02	7.04e-02	5.94e-02	4.70e-02	5.62e-02	4.16e-01	1.82e-01	3.60e-02	1.88e-03	4.41e-05	9.46e-07	0.00e+00	0.00e+00	0.00e+00	0.00e+00	0.00e+00
 1.99398e+22	0.00e+00	8.62e-25	5.29e-20	7.87e-16	2.15e-12	2.75e-09	1.95e-06	2.06e-04	3.82e-03	2.05e-02	4.94e-02	6.76e-02	7.39e-02	6.11e-02	4.76e-02	5.62e-02	4.09e-01	1.75e-01	3.37e-02	1.72e-03	3.95e-05	8.33e-07	0.00e+00	0.00e+00	0.00e+00	0.00e+00	0.00e+00
 2.02771e+22	0.00e+00	1.20e-24	7.16e-20	1.04e-15	2.81e-12	3.52e-09	2.47e-06	2.55e-04	4.61e-03	2.40e-02	5.64e-02	7.47e-02	7.93e-02	6.39e-02	4.85e-02	5.61e-02	3.96e-01	1.64e-01	3.06e-02	1.51e-03	3.38e-05	6.97e-07	0.00e+00	0.00e+00	0.00e+00	0.00e+00	0.00e+00
 2.06531e+22	0.00e+00	1.73e-24	1.00e-19	1.43e-15	3.78e-12	4.65e-09	3.21e-06	3.24e-04	5.68e-03	2.87e-02	6.53e-02	8.36e-02	8.58e-02	6.69e-02	4.93e-02	5.57e-02	3.79e-01	1.51e-01	2.73e-02	1.31e-03	2.82e-05	5.70e-07	0.00e+00	0.00e+00	0.00e+00	0.00e+00	0.00e+00
