#depth	S	S+	S+2	S+3	S+4	S+5	S+6	S+7	S+8	S+9	S+10	S+11	S+12	S+13	S+14	S+15	S+16
 6.17135e+19	0.00e+00	0.00e+00	0.00e+00	0.00e+00	0.00e+00	8.03e-27	3.65e-22	1.78e-18	3.10e-15	1.95e-12	5.94e-10	8.37e-08	7.15e-06	4.93e-04	5.80e-02	3.42e-01	6.00e-01
 1.87609e+20	0.00e+00	0.00e+00	0.00e+00	0.00e+00	0.00e+00	2.31e-26	9.53e-22	4.26e-18	6.80e-15	3.90e-12	1.09e-09	1.40e-07	1.06e-05	6.54e-04	6.86e-02	3.62e-01	5.69e-01
 2.93222e+20	0.00e+00	0.00e+00	0.00e+00	0.00e+00	2.51e-30	5.32e-26	2.04e-21	8.53e-18	1.27e-14	6.78e-12	1.77e-09	2.10e-07	1.45e-05	8.17e-04	7.82e-02	3.77e-01	5.44e-01
 3.69049e+20	0.00e+00	0.00e+00	0.00e+00	0.00e+00	4.72e-30	9.28e-26	3.44e-21	1.37e-17	1.95e-14	9.89e-12	2.46e-09	2.77e-07	1.80e-05	9.50e-04	8.54e-02	3.87e-01	5.26e-01
 4.22245e+20	0.00e+00	0.00e+00	0.00e+00	0.00e+00	7.41e-30	1.38e-25	4.97e-21	1.92e-17	2.64e-14	1.29e-11	3.11e-09	3.37e-07	2.09e-05	1.06e-03	9.09e-02	3.95e-01	5.13e-01
 4.56301e+20	0.00e+00	0.00e+00	0.00e+00	0.00e+00	9.62e-30	1.74e-25	6.17e-21	2.34e-17	3.14e-14	1.51e-11	3.56e-09	3.77e-07	2.28e-05	1.12e-03	9.42e-02	3.99e-01	5.06e-01
 4.91390e+20	0.00e+00	0.00e+00	0.00e+00	0.00e+00	1.27e-29	2.23e-25	7.76e-21	2.88e-17	3.79e-14	1.78e-11	4.12e-09	4.26e-07	2.51e-05	1.20e-03	9.78e-02	4.03e-01	4.98e-01
 5.37005e+20	0.00e+00	0.00e+00	0.00e+00	0.00e+00	1.81e-29	3.05e-25	1.04e-20	3.76e-17	4.83e-14	2.21e-11	4.96e-09	4.98e-07	2.82e-05	1.31e-03	1.03e-01	4.09e-01	4.87e-01
 5.88555e+20	0.00e+00	0.00e+00	0.00e+00	0.00e+00	2.71e-29	4.35e-25	1.45e-20	5.08e-17	6.32e-14	2.80e-11	6.11e-09	5.93e-07	3.23e-05	1.43e-03	1.08e-01	4.14e-01	4.76e-01
 6.37210e+20	0.00e+00	0.00e+00	0.00e+00	0.00e+00	3.93e-29	6.04e-25	1.96e-20	6.71e-17	8.12e-14	3.49e-11	7.41e-09	6.97e-07	3.65e-05	1.56e-03	1.14e-01	4.20e-01	4.65e-01
 6.82485e+20	0.00e+00	0.00e+00	0.00e+00	0.00e+00	5.51e-29	8.14e-25	2.59e-20	8.64e-17	1.02e-13	4.27e-11	8.83e-09	8.07e-07	4.08e-05	1.69e-03	1.19e-01	4.24e-01	4.55e-01
 7.33977e+20	0.00e+00	0.00e+00	0.00e+00	0.00e+00	8.00e-29	1.13e-24	3.52e-20	1.14e-16	1.31e-13	5.34e-11	1.07e-08	9.49e-07	4.62e-05	1.84e-03	1.25e-01	4.29e-01	4.44e-01
 7.91811e+20	0.00e+00	0.00e+00	0.00e+00	0.00e+00	1.22e-28	1.64e-24	4.96e-20	1.57e-16	1.74e-13	6.86e-11	1.33e-08	1.14e-06	5.31e-05	2.03e-03	1.32e-01	4.35e-01	4.32e-01
 8.45977e+20	0.00e+00	0.00e+00	0.00e+00	0.00e+00	1.80e-28	2.31e-24	6.82e-20	2.10e-16	2.27e-13	8.65e-11	1.64e-08	1.35e-06	6.04e-05	2.21e-03	1.38e-01	4.39e-01	4.20e-01
 8.96087e+20	0.00e+00	0.00e+00	0.00e+00	0.00e+00	1.60e-28	3.12e-24	9.03e-20	2.71e-16	2.85e-13	1.06e-10	1.95e-08	1.56e-06	6.75e-05	2.39e-03	1.44e-01	4.43e-01	4.10e-01
 9.52838e+20	0.00e+00	0.00e+00	0.00e+00	0.00e+00	3.69e-28	4.36e-24	1.24e-19	3.61e-16	3.70e-13	1.33e-10	2.38e-08	1.84e-06	7.66e-05	2.61e-03	1.51e-01	4.48e-01	3.98e-01
 1.01410e+21	0.00e+00	0.00e+00	0.00e+00	0.00e+00	3.54e-28	6.28e-24	1.73e-19	4.92e-16	4.89e-13	1.70e-10	2.94e-08	2.20e-06	8.76e-05	2.86e-03	1.59e-01	4.52e-01	3.86e-01
 1.06802e+21	0.00e+00	0.00e+00	0.00e+00	0.00e+00	5.04e-28	8.57e-24	2.32e-19	6.41e-16	6.21e-13	2.10e-10	3.54e-08	2.56e-06	9.83e-05	3.09e-03	1.66e-01	4.55e-01	3.76e-01
 1.12490e+21	0.00e+00	0.00e+00	0.00e+00	0.00e+00	7.19e-28	1.17e-23	3.12e-19	8.42e-16	7.93e-13	2.60e-10	4.26e-08	2.99e-06	1.11e-04	3.35e-03	1.73e-01	4.58e-01	3.65e-01
 1.19885e+21	0.00e+00	0.00e+00	0.00e+00	0.00e+00	1.14e-27	1.77e-23	4.56e-19	1.19e-15	1.08e-12	3.43e-10	5.42e-08	3.64e-06	1.28e-04	3.70e-03	1.83e-01	4.62e-01	3.51e-01
 1.27290e+21	0.00e+00	0.00e+00	0.00e+00	0.00e+00	1.82e-27	2.66e-23	6.66e-19	1.69e-15	1.48e-12	4.52e-10	6.87e-08	4.44e-06	1.49e-04	4.09e-03	1.93e-01	4.65e-01	3.38e-01
 1.33061e+21	0.00e+00	0.00e+00	0.00e+00	0.00e+00	2.57e-27	3.60e-23	8.85e-19	2.19e-15	1.87e-12	5.55e-10	8.22e-08	5.14e-06	1.66e-04	4.41e-03	2.00e-01	4.67e-01	3.28e-01
 1.38914e+21	0.00e+00	0.00e+00	0.00e+00	0.00e+00	3.59e-27	4.85e-23	1.17e-18	2.83e-15	2.36e-12	6.80e-10	9.80e-08	5.94e-06	1.86e-04	4.74e-03	2.08e-01	4.69e-01	3.18e-01
 1.46523e+21	0.00e+00	0.00e+00	0.00e+00	0.00e+00	5.56e-27	7.13e-23	1.68e-18	3.94e-15	3.18e-12	8.83e-10	1.23e-07	7.16e-06	2.13e-04	5.21e-03	2.19e-01	4.70e-01	3.06e-01
 1.54101e+21	0.00e+00	0.00e+00	0.00e+00	0.00e+00	8.64e-27	1.05e-22	2.41e-18	5.46e-15	4.27e-12	1.14e-09	1.54e-07	8.61e-06	2.45e-04	5.71e-03	2.29e-01	4.72e-01	2.94e-01
 1.59923e+21	0.00e+00	0.00e+00	0.00e+00	0.00e+00	1.19e-26	1.39e-22	3.14e-18	6.97e-15	5.32e-12	1.39e-09	1.81e-07	9.87e-06	2.71e-04	6.10e-03	2.37e-01	4.72e-01	2.85e-01
 1.65779e+21	0.00e+00	0.00e+00	0.00e+00	0.00e+00	1.63e-26	1.83e-22	4.08e-18	8.86e-15	6.60e-12	1.67e-09	2.13e-07	1.13e-05	3.00e-04	6.52e-03	2.45e-01	4.73e-01	2.76e-01
 1.73391e+21	0.00e+00	0.00e+00	0.00e+00	0.00e+00	2.44e-26	2.62e-22	5.69e-18	1.20e-14	8.68e-12	2.13e-09	2.62e-07	1.34e-05	3.40e-04	7.08e-03	2.55e-01	4.73e-01	2.65e-01
 1.81465e+21	0.00e+00	0.00e+00	0.00e+00	2.10e-30	3.75e-26	3.82e-22	8.09e-18	1.66e-14	1.16e-11	2.75e-09	3.27e-07	1.60e-05	3.89e-04	7.73e-03	2.66e-01	4.72e-01	2.53e-01
 1.88385e+21	0.00e+00	0.00e+00	0.00e+00	3.13e-30	5.35e-26	5.22e-22	1.09e-17	2.17e-14	1.48e-11	3.39e-09	3.92e-07	1.86e-05	4.35e-04	8.31e-03	2.76e-01	4.71e-01	2.44e-01
 1.95627e+21	0.00e+00	0.00e+00	0.00e+00	4.67e-30	7.64e-26	7.16e-22	1.46e-17	2.85e-14	1.89e-11	4.20e-09	4.71e-07	2.16e-05	4.86e-04	8.93e-03	2.86e-01	4.70e-01	2.35e-01
 2.05042e+21	0.00e+00	0.00e+00	0.00e+00	7.85e-30	1.21e-25	1.08e-21	2.15e-17	4.05e-14	2.59e-11	5.53e-09	5.97e-07	2.61e-05	5.60e-04	9.79e-03	2.98e-01	4.68e-01	2.23e-01
 2.14538e+21	0.00e+00	0.00e+00	0.00e+00	1.33e-29	1.94e-25	1.62e-21	3.15e-17	5.76e-14	3.55e-11	7.29e-09	7.56e-07	3.17e-05	6.47e-04	1.07e-02	3.11e-01	4.66e-01	2.11e-01
 2.22029e+21	0.00e+00	0.00e+00	0.00e+00	1.97e-29	2.76e-25	2.21e-21	4.22e-17	7.52e-14	4.52e-11	9.00e-09	9.06e-07	3.67e-05	7.20e-04	1.15e-02	3.21e-01	4.64e-01	2.03e-01
 2.28577e+21	0.00e+00	0.00e+00	0.00e+00	2.77e-29	3.73e-25	2.88e-21	5.42e-17	9.47e-14	5.56e-11	1.08e-08	1.06e-06	4.16e-05	7.90e-04	1.22e-02	3.30e-01	4.61e-01	1.96e-01
 2.36011e+21	0.00e+00	0.00e+00	0.00e+00	4.03e-29	5.21e-25	3.87e-21	7.16e-17	1.22e-13	6.99e-11	1.32e-08	1.25e-06	4.78e-05	8.74e-04	1.30e-02	3.40e-01	4.59e-01	1.88e-01
 2.45676e+21	0.00e+00	0.00e+00	0.00e+00	6.54e-29	8.02e-25	5.65e-21	1.02e-16	1.70e-13	9.38e-11	1.70e-08	1.56e-06	5.70e-05	9.96e-04	1.41e-02	3.52e-01	4.54e-01	1.78e-01
 2.55556e+21	0.00e+00	0.00e+00	0.00e+00	1.08e-28	1.25e-24	8.33e-21	1.47e-16	2.37e-13	1.27e-10	2.21e-08	1.95e-06	6.83e-05	1.14e-03	1.53e-02	3.65e-01	4.50e-01	1.68e-01
 2.63538e+21	0.00e+00	0.00e+00	0.00e+00	1.58e-28	1.76e-24	1.13e-20	1.96e-16	3.07e-13	1.60e-10	2.70e-08	2.32e-06	7.86e-05	1.26e-03	1.63e-02	3.75e-01	4.46e-01	1.61e-01
 2.71735e+21	0.00e+00	0.00e+00	0.00e+00	2.31e-28	2.47e-24	1.52e-20	2.60e-16	3.99e-13	2.02e-10	3.31e-08	2.76e-06	9.03e-05	1.39e-03	1.74e-02	3.85e-01	4.42e-01	1.54e-01
 2.82391e+21	0.00e+00	0.00e+00	0.00e+00	3.79e-28	3.84e-24	2.23e-20	3.75e-16	5.58e-13	2.73e-10	4.30e-08	3.44e-06	1.08e-04	1.59e-03	1.89e-02	3.98e-01	4.36e-01	1.45e-01
 2.93407e+21	0.00e+00	0.00e+00	0.00e+00	6.34e-28	6.07e-24	3.32e-20	5.45e-16	7.87e-13	3.72e-10	5.63e-08	4.33e-06	1.30e-04	1.82e-03	2.05e-02	4.12e-01	4.29e-01	1.36e-01
 3.02384e+21	0.00e+00	0.00e+00	0.00e+00	9.48e-28	8.67e-24	4.55e-20	7.34e-16	1.03e-12	4.75e-10	6.96e-08	5.18e-06	1.50e-04	2.02e-03	2.18e-02	4.22e-01	4.24e-01	1.30e-01
 3.11551e+21	0.00e+00	0.00e+00	0.00e+00	1.41e-27	1.23e-23	6.18e-20	9.85e-16	1.35e-12	6.06e-10	8.58e-08	6.19e-06	1.73e-04	2.24e-03	2.33e-02	4.33e-01	4.18e-01	1.23e-01
 3.21693e+21	0.00e+00	0.00e+00	0.00e+00	2.19e-27	1.83e-23	8.73e-20	1.36e-15	1.83e-12	7.93e-10	1.08e-07	7.54e-06	2.03e-04	2.51e-03	2.49e-02	4.44e-01	4.12e-01	1.16e-01
 3.30942e+21	0.00e+00	0.00e+00	0.00e+00	3.26e-27	2.60e-23	1.19e-19	1.83e-15	2.39e-12	1.01e-09	1.33e-07	9.00e-06	2.34e-04	2.78e-03	2.65e-02	4.55e-01	4.06e-01	1.10e-01
 3.39478e+21	0.00e+00	0.00e+00	0.00e+00	4.64e-27	3.55e-23	1.56e-19	2.38e-15	3.04e-12	1.25e-09	1.61e-07	1.05e-05	2.65e-04	3.04e-03	2.80e-02	4.64e-01	4.00e-01	1.05e-01
 3.49252e+21	0.00e+00	0.00e+00	0.00e+00	6.90e-27	5.05e-23	2.12e-19	3.19e-15	3.99e-12	1.60e-09	1.99e-07	1.26e-05	3.06e-04	3.37e-03	2.97e-02	4.74e-01	3.93e-01	9.94e-02
 3.61959e+21	0.00e+00	0.00e+00	0.00e+00	1.15e-26	7.95e-23	3.15e-19	4.66e-15	5.65e-12	2.19e-09	2.60e-07	1.58e-05	3.67e-04	3.84e-03	3.21e-02	4.87e-01	3.84e-01	9.25e-02
 3.74709e+21	0.00e+00	0.00e+00	0.00e+00	1.93e-26	1.26e-22	4.70e-19	6.80e-15	8.01e-12	2.99e-09	3.41e-07	1.99e-05	4.40e-04	4.37e-03	3.46e-02	5.00e-01	3.75e-01	8.60e-02
 3.84616e+21	0.00e+00	0.00e+00	2.25e-30	2.84e-26	1.77e-22	6.32e-19	9.05e-15	1.04e-11	3.78e-09	4.18e-07	2.36e-05	5.04e-04	4.82e-03	3.66e-02	5.09e-01	3.68e-01	8.12e-02
 3.94597e+21	0.00e+00	0.00e+00	3.40e-30	4.12e-26	2.46e-22	8.43e-19	1.20e-14	1.35e-11	4.77e-09	5.10e-07	2.79e-05	5.76e-04	5.30e-03	3.87e-02	5.18e-01	3.61e-01	7.68e-02
 4.07571e+21	0.00e+00	0.00e+00	5.85e-30	6.70e-26	3.78e-22	1.23e-18	1.72e-14	1.88e-11	6.43e-09	6.59e-07	3.47e-05	6.84e-04	5.99e-03	4.15e-02	5.29e-01	3.51e-01	7.13e-02
 4.20151e+21	0.00e+00	0.00e+00	9.99e-30	1.08e-25	5.79e-22	1.77e-18	2.44e-14	2.60e-11	8.59e-09	8.47e-07	4.28e-05	8.09e-04	6.74e-03	4.44e-02	5.40e-01	3.42e-01	6.63e-02
 4.29063e+21	0.00e+00	0.00e+00	1.43e-29	1.50e-25	7.70e-22	2.26e-18	3.10e-14	3.24e-11	1.05e-08	1.01e-06	4.95e-05	9.06e-04	7.30e-03	4.65e-02	5.47e-01	3.35e-01	6.30e-02
 4.37494e+21	0.00e+00	0.00e+00	1.99e-29	2.01e-25	9.97e-22	2.84e-18	3.87e-14	3.98e-11	1.26e-08	1.18e-06	5.65e-05	1.01e-03	7.86e-03	4.84e-02	5.53e-01	3.29e-01	6.00e-02
 4.48453e+21	0.00e+00	0.00e+00	3.07e-29	2.96e-25	1.40e-21	3.81e-18	5.16e-14	5.20e-11	1.60e-08	1.45e-06	6.71e-05	1.15e-03	8.66e-03	5.11e-02	5.61e-01	3.21e-01	5.63e-02
 4.60498e+21	0.00e+00	0.00e+00	4.95e-29	4.54e-25	2.05e-21	5.27e-18	7.07e-14	6.96e-11	2.08e-08	1.81e-06	8.11e-05	1.34e-03	9.61e-03	5.42e-02	5.70e-01	3.13e-01	5.25e-02
 4.70363e+21	0.00e+00	0.00e+00	7.29e-29	6.42e-25	2.77e-21	6.85e-18	9.11e-14	8.81e-11	2.57e-08	2.17e-06	9.45e-05	1.51e-03	1.05e-02	5.67e-02	5.76e-01	3.05e-01	4.96e-02
 4.77887e+21	0.00e+00	0.00e+00	9.67e-29	8.26e-25	3.46e-21	8.30e-18	1.10e-13	1.05e-10	3.02e-08	2.49e-06	1.06e-04	1.65e-03	1.11e-02	5.87e-02	5.81e-01	3.00e-01	4.74e-02
 4.85961e+21	0.00e+00	0.00e+00	1.31e-28	1.08e-24	4.39e-21	1.02e-17	1.35e-13	1.27e-10	3.57e-08	2.87e-06	1.19e-04	1.82e-03	1.19e-02	6.09e-02	5.86e-01	2.94e-01	4.53e-02
 4.96458e+21	0.00e+00	0.00e+00	1.93e-28	1.53e-24	5.95e-21	1.32e-17	1.75e-13	1.61e-10	4.43e-08	3.45e-06	1.39e-04	2.05e-03	1.30e-02	6.37e-02	5.92e-01	2.87e-01	4.26e-02
 5.06893e+21	0.00e+00	0.00e+00	2.87e-28	2.18e-24	8.12e-21	1.73e-17	2.26e-13	2.05e-10	5.50e-08	4.16e-06	1.63e-04	2.32e-03	1.41e-02	6.67e-02	5.97e-01	2.79e-01	4.00e-02
 5.14656e+21	0.00e+00	0.00e+00	3.82e-28	2.81e-24	1.02e-20	2.09e-17	2.74e-13	2.45e-10	6.45e-08	4.77e-06	1.82e-04	2.53e-03	1.50e-02	6.90e-02	6.01e-01	2.74e-01	3.82e-02
 5.22156e+21	0.00e+00	0.00e+00	4.97e-28	3.55e-24	1.25e-20	2.50e-17	3.27e-13	2.88e-10	7.47e-08	5.41e-06	2.03e-04	2.75e-03	1.59e-02	7.11e-02	6.05e-01	2.69e-01	3.66e-02
 5.31906e+21	0.00e+00	0.00e+00	7.04e-28	4.85e-24	1.64e-20	3.15e-17	4.12e-13	3.58e-10	9.07e-08	6.38e-06	2.33e-04	3.07e-03	1.71e-02	7.40e-02	6.09e-01	2.62e-01	3.46e-02
 5.42195e+21	0.00e+00	0.00e+00	1.02e-27	6.77e-24	2.19e-20	4.04e-17	5.26e-13	4.50e-10	1.11e-07	7.60e-06	2.69e-04	3.44e-03	1.86e-02	7.71e-02	6.13e-01	2.55e-01	3.25e-02
 5.50765e+21	0.00e+00	0.00e+00	1.39e-27	8.86e-24	2.77e-20	4.94e-17	6.43e-13	5.42e-10	1.32e-07	8.78e-06	3.04e-04	3.78e-03	1.98e-02	7.98e-02	6.17e-01	2.49e-01	3.09e-02
 5.59490e+21	0.00e+00	0.00e+00	1.85e-27	1.15e-23	3.47e-20	6.00e-17	7.81e-13	6.50e-10	1.55e-07	1.01e-05	3.40e-04	4.13e-03	2.10e-02	8.24e-02	6.20e-01	2.43e-01	2.94e-02
 5.69274e+21	0.00e+00	0.00e+00	2.63e-27	1.56e-23	4.55e-20	7.54e-17	9.83e-13	8.06e-10	1.89e-07	1.19e-05	3.91e-04	4.61e-03	2.27e-02	8.56e-02	6.23e-01	2.36e-01	2.76e-02
 5.77882e+21	0.00e+00	0.00e+00	3.55e-27	2.04e-23	5.74e-20	9.18e-17	1.20e-12	9.69e-10	2.23e-07	1.37e-05	4.40e-04	5.05e-03	2.42e-02	8.84e-02	6.25e-01	2.31e-01	2.62e-02
 5.85142e+21	0.00e+00	0.00e+00	4.54e-27	2.54e-23	6.94e-20	1.08e-16	1.41e-12	1.13e-09	2.56e-07	1.54e-05	4.85e-04	5.45e-03	2.55e-02	9.08e-02	6.27e-01	2.26e-01	2.51e-02
 5.93201e+21	0.00e+00	0.00e+00	5.92e-27	3.22e-23	8.52e-20	1.28e-16	1.68e-12	1.33e-09	2.97e-07	1.75e-05	5.39e-04	5.92e-03	2.69e-02	9.34e-02	6.29e-01	2.21e-01	2.39e-02
 6.03678e+21	0.00e+00	0.00e+00	8.39e-27	4.38e-23	1.11e-19	1.61e-16	2.12e-12	1.66e-09	3.60e-07	2.06e-05	6.18e-04	6.58e-03	2.90e-02	9.69e-02	6.30e-01	2.14e-01	2.24e-02
 6.14393e+21	0.00e+00	0.00e+00	1.21e-26	6.05e-23	1.47e-19	2.04e-16	2.68e-12	2.07e-09	4.40e-07	2.45e-05	7.12e-04	7.35e-03	3.12e-02	1.01e-01	6.32e-01	2.07e-01	2.10e-02
 6.22866e+21	0.00e+00	0.00e+00	1.60e-26	7.74e-23	1.83e-19	2.45e-16	3.23e-12	2.46e-09	5.14e-07	2.79e-05	7.94e-04	8.01e-03	3.31e-02	1.03e-01	6.33e-01	2.02e-01	1.99e-02
 6.31328e+21	0.00e+00	0.00e+00	2.09e-26	9.81e-23	2.24e-19	2.91e-16	3.86e-12	2.91e-09	5.98e-07	3.17e-05	8.83e-04	8.70e-03	3.50e-02	1.06e-01	6.33e-01	1.97e-01	1.89e-02
 6.42329e+21	0.00e+00	0.00e+00	2.97e-26	1.34e-22	2.94e-19	3.66e-16	4.87e-12	3.62e-09	7.29e-07	3.75e-05	1.01e-03	9.68e-03	3.77e-02	1.10e-01	6.34e-01	1.90e-01	1.76e-02
 6.53161e+21	0.00e+00	0.00e+00	4.26e-26	1.84e-22	3.87e-19	4.60e-16	6.15e-12	4.51e-09	8.89e-07	4.44e-05	1.17e-03	1.08e-02	4.05e-02	1.14e-01	6.33e-01	1.84e-01	1.64e-02
 6.61114e+21	0.00e+00	0.00e+00	5.46e-26	2.30e-22	4.68e-19	5.40e-16	7.24e-12	5.26e-09	1.02e-06	4.98e-05	1.28e-03	1.16e-02	4.26e-02	1.17e-01	6.33e-01	1.79e-01	1.56e-02
 6.68794e+21	0.00e+00	0.00e+00	6.91e-26	2.82e-22	5.60e-19	6.28e-16	8.46e-12	6.09e-09	1.16e-06	5.57e-05	1.41e-03	1.25e-02	4.47e-02	1.19e-01	6.32e-01	1.75e-01	1.49e-02
 6.78778e+21	0.00e+00	0.00e+00	9.42e-26	3.71e-22	7.08e-19	7.65e-16	1.04e-11	7.38e-09	1.38e-06	6.44e-05	1.58e-03	1.37e-02	4.76e-02	1.23e-01	6.31e-01	1.69e-01	1.40e-02
 6.89385e+21	0.00e+00	2.40e-30	1.32e-25	4.98e-22	9.13e-19	9.46e-16	1.28e-11	9.04e-09	1.66e-06	7.52e-05	1.80e-03	1.51e-02	5.08e-02	1.27e-01	6.29e-01	1.63e-01	1.31e-02
 6.98340e+21	0.00e+00	3.27e-30	1.73e-25	6.35e-22	1.13e-18	1.13e-15	1.54e-11	1.07e-08	1.93e-06	8.54e-05	2.00e-03	1.64e-02	5.37e-02	1.30e-01	6.28e-01	1.58e-01	1.23e-02
 7.07519e+21	0.00e+00	4.43e-30	2.28e-25	8.07e-22	1.38e-18	1.34e-15	1.84e-11	1.27e-08	2.25e-06	9.71e-05	2.22e-03	1.78e-02	5.67e-02	1.33e-01	6.25e-01	1.53e-01	1.16e-02
 7.19453e+21	0.00e+00	6.60e-30	3.25e-25	1.10e-21	1.81e-18	1.68e-15	2.31e-11	1.58e-08	2.74e-06	1.14e-04	2.54e-03	1.98e-02	6.07e-02	1.37e-01	6.22e-01	1.47e-01	1.07e-02
 7.31427e+21	0.00e+00	9.92e-30	4.68e-25	1.52e-21	2.39e-18	2.11e-15	2.91e-11	1.96e-08	3.34e-06	1.35e-04	2.91e-03	2.20e-02	6.51e-02	1.41e-01	6.18e-01	1.41e-01	9.92e-03
 7.40499e+21	0.00e+00	1.34e-29	6.12e-25	1.93e-21	2.92e-18	2.49e-15	3.46e-11	2.31e-08	3.86e-06	1.53e-04	3.22e-03	2.37e-02	6.85e-02	1.44e-01	6.15e-01	1.36e-01	9.34e-03
 7.49339e+21	0.00e+00	1.78e-29	7.90e-25	2.41e-21	3.54e-18	2.92e-15	4.07e-11	2.70e-08	4.44e-06	1.72e-04	3.55e-03	2.56e-02	7.20e-02	1.47e-01	6.11e-01	1.32e-01	8.80e-03
 7.60830e+21	0.00e+00	2.56e-29	1.09e-24	3.20e-21	4.52e-18	3.59e-15	5.01e-11	3.28e-08	5.29e-06	1.99e-04	4.00e-03	2.80e-02	7.64e-02	1.51e-01	6.06e-01	1.26e-01	8.16e-03
 7.73187e+21	0.00e+00	3.81e-29	1.56e-24	4.39e-21	5.92e-18	4.48e-15	6.26e-11	4.06e-08	6.40e-06	2.33e-04	4.55e-03	3.09e-02	8.15e-02	1.55e-01	6.00e-01	1.20e-01	7.51e-03
 7.83729e+21	0.00e+00	5.32e-29	2.10e-24	5.70e-21	7.42e-18	5.40e-15	7.54e-11	4.85e-08	7.51e-06	2.66e-04	5.07e-03	3.36e-02	8.60e-02	1.58e-01	5.94e-01	1.16e-01	6.99e-03
 7.93055e+21	0.00e+00	7.09e-29	2.72e-24	7.14e-21	8.99e-18	6.34e-15	8.86e-11	5.65e-08	8.61e-06	2.99e-04	5.56e-03	3.61e-02	9.00e-02	1.61e-01	5.89e-01	1.12e-01	6.56e-03
 8.03738e+21	0.00e+00	9.78e-29	3.62e-24	9.19e-21	1.12e-17	7.59e-15	1.06e-10	6.70e-08	1.00e-05	3.39e-04	6.17e-03	3.91e-02	9.47e-02	1.64e-01	5.82e-01	1.07e-01	6.11e-03
 8.15646e+21	0.00e+00	1.41e-28	5.02e-24	1.22e-20	1.43e-17	9.31e-15	1.29e-10	8.10e-08	1.19e-05	3.91e-04	6.92e-03	4.26e-02	1.00e-01	1.68e-01	5.75e-01	1.02e-01	5.63e-03
 8.26537e+21	0.00e+00	1.95e-28	6.72e-24	1.58e-20	1.78e-17	1.12e-14	1.55e-10	9.60e-08	1.38e-05	4.43e-04	7.66e-03	4.61e-02	1.05e-01	1.71e-01	5.67e-01	9.76e-02	5.23e-03
 8.36500e+21	0.00e+00	2.63e-28	8.77e-24	2.00e-20	2.17e-17	1.32e-14	1.82e-10	1.12e-07	1.59e-05	4.98e-04	8.41e-03	4.94e-02	1.10e-01	1.73e-01	5.60e-01	9.37e-02	4.87e-03
 8.47867e+21	0.00e+00	3.61e-28	1.17e-23	2.57e-20	2.69e-17	1.58e-14	2.16e-10	1.32e-07	1.84e-05	5.62e-04	9.26e-03	5.32e-02	1.15e-01	1.76e-01	5.52e-01	8.96e-02	4.52e-03
 8.62644e+21	0.00e+00	5.48e-28	1.69e-23	3.57e-20	3.57e-17	1.99e-14	2.71e-10	1.64e-07	2.23e-05	6.58e-04	1.05e-02	5.85e-02	1.22e-01	1.79e-01	5.41e-01	8.43e-02	4.09e-03
 8.77698e+21	0.00e+00	8.42e-28	2.49e-23	5.01e-20	4.78e-17	2.54e-14	3.40e-10	2.03e-07	2.70e-05	7.71e-04	1.19e-02	6.44e-02	1.30e-01	1.82e-01	5.28e-01	7.91e-02	3.69e-03
 8.89125e+21	0.00e+00	1.15e-27	3.30e-23	6.42e-20	5.92e-17	3.03e-14	4.01e-10	2.37e-07	3.11e-05	8.66e-04	1.31e-02	6.90e-02	1.35e-01	1.84e-01	5.19e-01	7.53e-02	3.41e-03
 8.99993e+21	0.00e+00	1.54e-27	4.27e-23	8.05e-20	7.19e-17	3.56e-14	4.68e-10	2.75e-07	3.54e-05	9.64e-04	1.42e-02	7.35e-02	1.40e-01	1.86e-01	5.10e-01	7.19e-02	3.16e-03
 9.14123e+21	0.00e+00	2.22e-27	5.92e-23	1.07e-19	9.21e-17	4.38e-14	5.67e-10	3.29e-07	4.16e-05	1.10e-03	1.58e-02	7.93e-02	1.47e-01	1.88e-01	4.98e-01	6.78e-02	2.88e-03
 9.29238e+21	0.00e+00	3.29e-27	8.45e-23	1.47e-19	1.21e-16	5.48e-14	6.95e-10	3.99e-07	4.94e-05	1.27e-03	1.77e-02	8.61e-02	1.54e-01	1.90e-01	4.85e-01	6.35e-02	2.60e-03
 9.42069e+21	0.00e+00	4.56e-27	1.13e-22	1.90e-19	1.51e-16	6.59e-14	8.22e-10	4.68e-07	5.69e-05	1.42e-03	1.93e-02	9.20e-02	1.60e-01	1.91e-01	4.73e-01	6.01e-02	2.38e-03
 9.55185e+21	0.00e+00	6.26e-27	1.50e-22	2.44e-19	1.87e-16	7.89e-14	9.69e-10	5.47e-07	6.53e-05	1.59e-03	2.11e-02	9.80e-02	1.66e-01	1.92e-01	4.62e-01	5.68e-02	2.18e-03
 9.72235e+21	0.00e+00	9.41e-27	2.17e-22	3.38e-19	2.47e-16	9.96e-14	1.19e-09	6.66e-07	7.77e-05	1.83e-03	2.35e-02	1.06e-01	1.74e-01	1.93e-01	4.47e-01	5.28e-02	1.95e-03
 9.89599e+21	0.00e+00	1.43e-26	3.16e-22	4.71e-19	3.29e-16	1.26e-13	1.47e-09	8.11e-07	9.24e-05	2.11e-03	2.62e-02	1.15e-01	1.81e-01	1.94e-01	4.31e-01	4.89e-02	1.73e-03
 1.00326e+22	0.00e+00	1.96e-26	4.19e-22	6.05e-19	4.09e-16	1.51e-13	1.73e-09	9.41e-07	1.05e-04	2.35e-03	2.85e-02	1.22e-01	1.87e-01	1.94e-01	4.19e-01	4.60e-02	1.58e-03
 1.01691e+22	0.00e+00	2.64e-26	5.48e-22	7.66e-19	5.01e-16	1.80e-13	2.01e-09	1.09e-06	1.19e-04	2.59e-03	3.07e-02	1.28e-01	1.92e-01	1.94e-01	4.07e-01	4.34e-02	1.45e-03
 1.03465e+22	0.00e+00	3.88e-26	7.75e-22	1.04e-18	6.53e-16	2.24e-13	2.44e-09	1.30e-06	1.40e-04	2.95e-03	3.38e-02	1.38e-01	1.99e-01	1.93e-01	3.92e-01	4.01e-02	1.29e-03
 1.05348e+22	0.00e+00	5.83e-26	1.12e-21	1.44e-18	8.66e-16	2.84e-13	2.98e-09	1.57e-06	1.65e-04	3.36e-03	3.74e-02	1.47e-01	2.06e-01	1.93e-01	3.75e-01	3.69e-02	1.14e-03
 1.06914e+22	0.00e+00	8.10e-26	1.51e-21	1.88e-18	1.09e-15	3.43e-13	3.51e-09	1.82e-06	1.88e-04	3.74e-03	4.04e-02	1.56e-01	2.12e-01	1.92e-01	3.62e-01	3.44e-02	1.03e-03
 1.08237e+22	0.00e+00	1.06e-25	1.91e-21	2.32e-18	1.30e-15	4.00e-13	4.01e-09	2.06e-06	2.10e-04	4.07e-03	4.31e-02	1.62e-01	2.16e-01	1.90e-01	3.51e-01	3.25e-02	9.43e-04
 1.09700e+22	0.00e+00	1.41e-25	2.47e-21	2.91e-18	1.59e-15	4.73e-13	4.63e-09	2.35e-06	2.35e-04	4.46e-03	4.61e-02	1.70e-01	2.20e-01	1.89e-01	3.39e-01	3.05e-02	8.59e-04
 1.11601e+22	0.00e+00	2.03e-25	3.44e-21	3.90e-18	2.05e-15	5.85e-13	5.54e-09	2.78e-06	2.72e-04	5.00e-03	5.01e-02	1.80e-01	2.26e-01	1.87e-01	3.23e-01	2.80e-02	7.61e-04
 1.13577e+22	0.00e+00	2.97e-25	4.86e-21	5.31e-18	2.67e-15	7.30e-13	6.67e-09	3.30e-06	3.15e-04	5.61e-03	5.45e-02	1.90e-01	2.31e-01	1.84e-01	3.08e-01	2.56e-02	6.71e-04
 1.15191e+22	0.00e+00	4.02e-25	6.37e-21	6.75e-18	3.29e-15	8.70e-13	7.73e-09	3.77e-06	3.53e-04	6.15e-03	5.83e-02	1.98e-01	2.35e-01	1.82e-01	2.95e-01	2.39e-02	6.05e-04
 1.16832e+22	0.00e+00	5.36e-25	8.26e-21	8.49e-18	4.01e-15	1.03e-12	8.92e-09	4.30e-06	3.95e-04	6.71e-03	6.20e-02	2.07e-01	2.38e-01	1.80e-01	2.84e-01	2.22e-02	5.47e-04
 1.18965e+22	0.00e+00	7.77e-25	1.16e-20	1.15e-17	5.20e-15	1.28e-12	1.07e-08	5.07e-06	4.56e-04	7.50e-03	6.71e-02	2.17e-01	2.42e-01	1.76e-01	2.69e-01	2.02e-02	4.79e-04
 1.21201e+22	0.00e+00	1.15e-24	1.65e-20	1.57e-17	6.84e-15	1.61e-12	1.29e-08	6.02e-06	5.27e-04	8.40e-03	7.27e-02	2.28e-01	2.46e-01	1.73e-01	2.53e-01	1.83e-02	4.16e-04
 1.23063e+22	0.00e+00	1.58e-24	2.19e-20	2.02e-17	8.50e-15	1.93e-12	1.51e-08	6.90e-06	5.93e-04	9.19e-03	7.74e-02	2.37e-01	2.48e-01	1.69e-01	2.41e-01	1.69e-02	3.71e-04
 1.24975e+22	0.00e+00	2.13e-24	2.88e-20	2.57e-17	1.05e-14	2.31e-12	1.75e-08	7.90e-06	6.64e-04	1.00e-02	8.23e-02	2.46e-01	2.51e-01	1.66e-01	2.29e-01	1.55e-02	3.31e-04
 1.27116e+22	0.00e+00	3.02e-24	3.93e-20	3.40e-17	1.34e-14	2.83e-12	2.06e-08	9.16e-06	7.53e-04	1.10e-02	8.79e-02	2.56e-01	2.53e-01	1.62e-01	2.16e-01	1.41e-02	2.90e-04
 1.29072e+22	0.00e+00	4.11e-24	5.20e-20	4.36e-17	1.66e-14	3.39e-12	2.40e-08	1.05e-05	8.42e-04	1.20e-02	9.31e-02	2.64e-01	2.54e-01	1.58e-01	2.05e-01	1.30e-02	2.58e-04
 1.30846e+22	0.00e+00	5.38e-24	6.63e-20	5.41e-17	2.00e-14	3.97e-12	2.73e-08	1.17e-05	9.29e-04	1.30e-02	9.79e-02	2.72e-01	2.55e-01	1.54e-01	1.95e-01	1.20e-02	2.32e-04
 1.32864e+22	0.00e+00	7.23e-24	8.66e-20	6.86e-17	2.45e-14	4.72e-12	3.15e-08	1.33e-05	1.03e-03	1.40e-02	1.03e-01	2.80e-01	2.56e-01	1.50e-01	1.85e-01	1.10e-02	2.06e-04
 1.35487e+22	0.00e+00	1.06e-23	1.22e-19	9.30e-17	3.20e-14	5.90e-12	3.79e-08	1.57e-05	1.18e-03	1.55e-02	1.10e-01	2.90e-01	2.56e-01	1.45e-01	1.72e-01	9.82e-03	1.77e-04
 1.38112e+22	0.00e+00	1.55e-23	1.73e-19	1.27e-16	4.19e-14	7.40e-12	4.54e-08	1.84e-05	1.35e-03	1.72e-02	1.18e-01	3.00e-01	2.56e-01	1.39e-01	1.59e-01	8.74e-03	1.51e-04
 1.40047e+22	0.00e+00	2.04e-23	2.21e-19	1.58e-16	5.06e-14	8.67e-12	5.17e-08	2.06e-05	1.48e-03	1.84e-02	1.23e-01	3.07e-01	2.55e-01	1.36e-01	1.51e-01	8.04e-03	1.35e-04
 1.41870e+22	0.00e+00	2.59e-23	2.74e-19	1.91e-16	5.97e-14	9.99e-12	5.82e-08	2.28e-05	1.61e-03	1.96e-02	1.28e-01	3.13e-01	2.54e-01	1.32e-01	1.44e-01	7.45e-03	1.22e-04
 1.44240e+22	0.00e+00	3.54e-23	3.64e-19	2.46e-16	7.44e-14	1.20e-11	6.76e-08	2.60e-05	1.80e-03	2.12e-02	1.35e-01	3.21e-01	2.53e-01	1.27e-01	1.34e-01	6.73e-03	1.06e-04
 1.46844e+22	0.00e+00	5.01e-23	4.98e-19	3.25e-16	9.48e-14	1.47e-11	7.96e-08	3.00e-05	2.02e-03	2.31e-02	1.42e-01	3.29e-01	2.51e-01	1.22e-01	1.25e-01	6.02e-03	9.16e-05
 1.49144e+22	0.00e+00	6.74e-23	6.51e-19	4.13e-16	1.17e-13	1.75e-11	9.17e-08	3.39e-05	2.23e-03	2.48e-02	1.49e-01	3.35e-01	2.49e-01	1.18e-01	1.17e-01	5.46e-03	8.05e-05
 1.51070e+22	0.00e+00	8.56e-23	8.09e-19	5.01e-16	1.38e-13	2.02e-11	1.03e-07	3.74e-05	2.42e-03	2.63e-02	1.54e-01	3.40e-01	2.47e-01	1.14e-01	1.11e-01	5.04e-03	7.23e-05
 1.53117e+22	0.00e+00	1.10e-22	1.01e-18	6.11e-16	1.64e-13	2.34e-11	1.16e-07	4.15e-05	2.63e-03	2.79e-02	1.60e-01	3.46e-01	2.45e-01	1.10e-01	1.05e-01	4.63e-03	6.46e-05
 1.55779e+22	0.00e+00	1.50e-22	1.35e-18	7.89e-16	2.04e-13	2.82e-11	1.35e-07	4.72e-05	2.92e-03	3.00e-02	1.67e-01	3.52e-01	2.42e-01	1.06e-01	9.72e-02	4.15e-03	5.59e-05
 1.58525e+22	0.00e+00	2.10e-22	1.82e-18	1.03e-15	2.58e-13	3.43e-11	1.58e-07	5.39e-05	3.24e-03	3.24e-02	1.74e-01	3.58e-01	2.38e-01	1.01e-01	8.98e-02	3.70e-03	4.81e-05
 1.60677e+22	0.00e+00	2.69e-22	2.28e-18	1.26e-15	3.08e-13	3.97e-11	1.78e-07	5.96e-05	3.52e-03	3.43e-02	1.80e-01	3.62e-01	2.35e-01	9.71e-02	8.46e-02	3.39e-03	4.29e-05
 1.62770e+22	0.00e+00	3.39e-22	2.80e-18	1.52e-15	3.60e-13	4.55e-11	1.99e-07	6.55e-05	3.79e-03	3.62e-02	1.86e-01	3.65e-01	2.32e-01	9.38e-02	7.99e-02	3.12e-03	3.84e-05
 1.65491e+22	2.50e-30	4.57e-22	3.68e-18	1.93e-15	4.45e-13	5.43e-11	2.29e-07	7.40e-05	4.17e-03	3.87e-02	1.93e-01	3.70e-01	2.28e-01	8.95e-02	7.41e-02	2.80e-03	3.33e-05
 1.68407e+22	3.56e-30	6.32e-22	4.93e-18	2.51e-15	5.59e-13	6.58e-11	2.67e-07	8.41e-05	4.61e-03	4.15e-02	2.01e-01	3.74e-01	2.24e-01	8.50e-02	6.83e-02	2.49e-03	2.86e-05
 1.70863e+22	4.74e-30	8.22e-22	6.26e-18	3.11e-15	6.72e-13	7.69e-11	3.03e-07	9.33e-05	5.01e-03	4.39e-02	2.07e-01	3.77e-01	2.20e-01	8.14e-02	6.38e-02	2.26e-03	2.52e-05
 1.73343e+22	6.25e-30	1.06e-21	7.85e-18	3.80e-15	8.00e-13	8.92e-11	3.42e-07	1.03e-04	5.43e-03	4.64e-02	2.13e-01	3.79e-01	2.16e-01	7.80e-02	5.97e-02	2.05e-03	2.23e-05
 1.76567e+22	8.93e-30	1.46e-21	1.05e-17	4.93e-15	1.00e-12	1.08e-10	4.00e-07	1.18e-04	6.00e-03	4.97e-02	2.21e-01	3.82e-01	2.11e-01	7.38e-02	5.48e-02	1.82e-03	1.90e-05
 1.79750e+22	1.29e-29	2.03e-21	1.42e-17	6.45e-15	1.27e-12	1.32e-10	4.66e-07	1.34e-04	6.63e-03	5.31e-02	2.29e-01	3.85e-01	2.05e-01	6.96e-02	5.01e-02	1.60e-03	1.61e-05
 1.82027e+22	1.66e-29	2.56e-21	1.75e-17	7.76e-15	1.49e-12	1.51e-10	5.20e-07	1.46e-04	7.10e-03	5.57e-02	2.34e-01	3.86e-01	2.01e-01	6.67e-02	4.70e-02	1.46e-03	1.44e-05
 1.84139e+22	2.05e-29	3.09e-21	2.08e-17	9.04e-15	1.70e-12	1.69e-10	5.72e-07	1.58e-04	7.54e-03	5.79e-02	2.39e-01	3.87e-01	1.98e-01	6.44e-02	4.46e-02	1.36e-03	1.31e-05
 1.86883e+22	2.72e-29	4.00e-21	2.62e-17	1.11e-14	2.04e-12	1.96e-10	6.46e-07	1.75e-04	8.14e-03	6.10e-02	2.45e-01	3.88e-01	1.93e-01	6.13e-02	4.15e-02	1.23e-03	1.15e-05
 1.90451e+22	3.90e-29	5.51e-21	3.50e-17	1.44e-14	2.55e-12	2.38e-10	7.54e-07	1.98e-04	8.97e-03	6.50e-02	2.53e-01	3.88e-01	1.87e-01	5.77e-02	3.79e-02	1.08e-03	9.74e-06
 1.94071e+22	5.71e-29	7.76e-21	4.78e-17	1.90e-14	3.25e-12	2.91e-10	8.84e-07	2.26e-04	9.90e-03	6.94e-02	2.61e-01	3.89e-01	1.81e-01	5.39e-02	3.43e-02	9.42e-04	8.18e-06
 1.96803e+22	7.56e-29	9.95e-21	5.99e-17	2.32e-14	3.86e-12	3.37e-10	9.94e-07	2.48e-04	1.06e-02	7.27e-02	2.67e-01	3.89e-01	1.77e-01	5.13e-02	3.19e-02	8.51e-04	7.18e-06
 1.99398e+22	9.61e-29	1.23e-20	7.25e-17	2.75e-14	4.48e-12	3.82e-10	1.10e-06	2.70e-04	1.13e-02	7.58e-02	2.72e-01	3.88e-01	1.73e-01	4.91e-02	3.00e-02	7.79e-04	6.42e-06
 2.02771e+22	1.32e-28	1.64e-20	9.39e-17	3.47e-14	5.47e-12	4.53e-10	1.27e-06	3.02e-04	1.23e-02	7.99e-02	2.79e-01	3.87e-01	1.67e-01	4.62e-02	2.75e-02	6.93e-04	5.52e-06
 2.06531e+22	1.89e-28	2.24e-20	1.25e-16	4.47e-14	6.82e-12	5.46e-10	1.47e-06	3.40e-04	1.35e-02	8.46e-02	2.86e-01	3.85e-01	1.61e-01	4.33e-02	2.50e-02	6.09e-04	4.68e-06
 2.09985e+22	2.61e-28	2.99e-20	1.62e-16	5.64e-14	8.35e-12	6.47e-10	1.68e-06	3.79e-04	1.46e-02	8.91e-02	2.92e-01	3.84e-01	1.56e-01	4.06e-02	2.29e-02	5.39e-04	4.01e-06
 2.13180e+22	3.50e-28	3.86e-20	2.04e-16	6.92e-14	9.97e-12	7.52e-10	1.90e-06	4.18e-04	1.57e-02	9.33e-02	2.98e-01	3.82e-01	1.51e-01	3.84e-02	2.12e-02	4.83e-04	3.49e-06
 2.16846e+22	4.81e-28	5.11e-20	2.63e-16	8.68e-14	1.21e-11	8.88e-10	2.17e-06	4.66e-04	1.70e-02	9.80e-02	3.04e-01	3.79e-01	1.46e-01	3.60e-02	1.94e-02	4.28e-04	2.99e-06
 2.21612e+22	7.28e-28	7.30e-20	3.63e-16	1.16e-13	1.56e-11	1.10e-09	2.57e-06	5.33e-04	1.88e-02	1.04e-01	3.11e-01	3.75e-01	1.39e-01	3.32e-02	1.73e-02	3.66e-04	2.46e-06
 2.26272e+22	1.10e-27	1.06e-19	5.08e-16	1.56e-13	2.02e-11	1.36e-09	3.05e-06	6.10e-04	2.07e-02	1.11e-01	3.18e-01	3.71e-01	1.32e-01	3.05e-02	1.54e-02	3.12e-04	2.01e-06
 2.29609e+22	1.48e-27	1.36e-19	6.37e-16	1.91e-13	2.41e-11	1.58e-09	3.43e-06	6.70e-04	2.22e-02	1.15e-01	3.23e-01	3.68e-01	1.28e-01	2.87e-02	1.41e-02	2.79e-04	1.74e-06
 2.32759e+22	1.90e-27	1.68e-19	7.72e-16	2.27e-13	2.79e-11	1.79e-09	3.81e-06	7.28e-04	2.36e-02	1.20e-01	3.27e-01	3.64e-01	1.24e-01	2.72e-02	1.32e-02	2.53e-04	1.54e-06
 2.36855e+22	2.61e-27	2.24e-19	1.00e-15	2.86e-13	3.41e-11	2.13e-09	4.36e-06	8.10e-04	2.55e-02	1.25e-01	3.32e-01	3.60e-01	1.19e-01	2.54e-02	1.20e-02	2.22e-04	1.31e-06
 2.42179e+22	4.01e-27	3.22e-19	1.39e-15	3.83e-13	4.40e-11	2.64e-09	5.17e-06	9.27e-04	2.81e-02	1.33e-01	3.38e-01	3.54e-01	1.12e-01	2.32e-02	1.06e-02	1.88e-04	1.06e-06
 2.47695e+22	6.31e-27	4.74e-19	1.98e-15	5.24e-13	5.78e-11	3.31e-09	6.17e-06	1.07e-03	3.10e-02	1.40e-01	3.44e-01	3.47e-01	1.06e-01	2.10e-02	9.26e-03	1.58e-04	8.50e-07
 2.52121e+22	8.92e-27	6.37e-19	2.59e-15	6.66e-13	7.12e-11	3.95e-09	7.09e-06	1.19e-03	3.35e-02	1.47e-01	3.48e-01	3.42e-01	1.01e-01	1.95e-02	8.35e-03	1.37e-04	7.13e-07
 2.56532e+22	1.22e-26	8.36e-19	3.31e-15	8.29e-13	8.59e-11	4.63e-09	8.08e-06	1.31e-03	3.60e-02	1.53e-01	3.52e-01	3.36e-01	9.62e-02	1.81e-02	7.57e-03	1.20e-04	6.05e-07
 2.62267e+22	1.88e-26	1.20e-18	4.59e-15	1.11e-12	1.11e-10	5.74e-09	9.56e-06	1.50e-03	3.94e-02	1.61e-01	3.56e-01	3.28e-01	9.04e-02	1.64e-02	6.65e-03	1.01e-04	4.87e-07
 2.67867e+22	2.87e-26	1.73e-18	6.40e-15	1.50e-12	1.43e-10	7.13e-09	1.13e-05	1.71e-03	4.31e-02	1.69e-01	3.60e-01	3.20e-01	8.49e-02	1.48e-02	5.83e-03	8.47e-05	3.91e-07
 2.71897e+22	3.80e-26	2.21e-18	7.98e-15	1.82e-12	1.70e-10	8.24e-09	1.27e-05	1.86e-03	4.59e-02	1.75e-01	3.62e-01	3.15e-01	8.12e-02	1.39e-02	5.33e-03	7.51e-05	3.36e-07
 2.75742e+22	4.96e-26	2.76e-18	9.76e-15	2.18e-12	1.99e-10	9.40e-09	1.41e-05	2.03e-03	4.86e-02	1.80e-01	3.64e-01	3.09e-01	7.78e-02	1.30e-02	4.89e-03	6.70e-05	2.92e-07
 2.80740e+22	6.98e-26	3.68e-18	1.27e-14	2.75e-12	2.43e-10	1.12e-08	1.61e-05	2.25e-03	5.21e-02	1.87e-01	3.66e-01	3.02e-01	7.37e-02	1.20e-02	4.39e-03	5.80e-05	2.44e-07
 2.86300e+22	1.03e-25	5.11e-18	1.71e-14	3.61e-12	3.08e-10	1.36e-08	1.88e-05	2.53e-03	5.64e-02	1.95e-01	3.68e-01	2.94e-01	6.91e-02	1.09e-02	3.87e-03	4.91e-05	1.98e-07
 2.91331e+22	1.44e-25	6.83e-18	2.23e-14	4.57e-12	3.78e-10	1.62e-08	2.15e-05	2.80e-03	6.05e-02	2.02e-01	3.69e-01	2.87e-01	6.53e-02	9.98e-03	3.46e-03	4.23e-05	1.64e-07
 2.95887e+22	1.92e-25	8.77e-18	2.80e-14	5.60e-12	4.51e-10	1.88e-08	2.42e-05	3.07e-03	6.43e-02	2.08e-01	3.70e-01	2.80e-01	6.20e-02	9.25e-03	3.13e-03	3.71e-05	1.40e-07
 3.01085e+22	2.68e-25	1.15e-17	3.60e-14	7.01e-12	5.48e-10	2.22e-08	2.76e-05	3.39e-03	6.87e-02	2.15e-01	3.70e-01	2.73e-01	5.85e-02	8.49e-03	2.80e-03	3.20e-05	0.00e+00
 3.07843e+22	4.07e-25	1.64e-17	4.96e-14	9.37e-12	7.05e-10	2.74e-08	3.26e-05	3.85e-03	7.47e-02	2.24e-01	3.70e-01	2.63e-01	5.42e-02	7.60e-03	2.43e-03	2.65e-05	0.00e+00
 3.14769e+22	6.31e-25	2.39e-17	7.01e-14	1.28e-11	9.26e-10	3.45e-08	3.87e-05	4.39e-03	8.14e-02	2.33e-01	3.69e-01	2.53e-01	5.00e-02	6.76e-03	2.09e-03	2.17e-05	0.00e+00
 3.20199e+22	8.71e-25	3.16e-17	9.06e-14	1.61e-11	1.13e-09	4.10e-08	4.42e-05	4.85e-03	8.68e-02	2.40e-01	3.68e-01	2.45e-01	4.69e-02	6.17e-03	1.86e-03	1.86e-05	0.00e+00
 3.25540e+22	1.18e-24	4.07e-17	1.14e-13	1.98e-11	1.36e-09	4.78e-08	5.01e-05	5.33e-03	9.21e-02	2.47e-01	3.66e-01	2.38e-01	4.42e-02	5.66e-03	1.66e-03	1.61e-05	0.00e+00
 3.32484e+22	1.75e-24	5.68e-17	1.55e-13	2.61e-11	1.72e-09	5.87e-08	5.87e-05	6.01e-03	9.93e-02	2.55e-01	3.64e-01	2.29e-01	4.08e-02	5.06e-03	1.44e-03	1.33e-05	0.00e+00
 3.39943e+22	2.70e-24	8.17e-17	2.17e-13	3.55e-11	2.26e-09	7.37e-08	6.98e-05	6.84e-03	1.08e-01	2.64e-01	3.60e-01	2.18e-01	3.73e-02	4.47e-03	1.23e-03	1.08e-05	0.00e+00
 3.46330e+22	3.83e-24	1.10e-16	2.86e-13	4.56e-11	2.81e-09	8.91e-08	8.07e-05	7.62e-03	1.15e-01	2.71e-01	3.57e-01	2.10e-01	3.46e-02	4.02e-03	1.07e-03	9.07e-06	0.00e+00
 3.52894e+22	5.34e-24	1.46e-16	3.71e-13	5.78e-11	3.46e-09	1.06e-07	9.29e-05	8.46e-03	1.23e-01	2.78e-01	3.53e-01	2.01e-01	3.21e-02	3.62e-03	9.41e-04	7.64e-06	0.00e+00
 3.61426e+22	8.22e-24	2.11e-16	5.20e-13	7.87e-11	4.53e-09	1.34e-07	1.11e-04	9.67e-03	1.33e-01	2.86e-01	3.47e-01	1.91e-01	2.90e-02	3.16e-03	7.93e-04	6.11e-06	0.00e+00
 3.69631e+22	1.26e-23	3.06e-16	7.37e-13	1.08e-10	6.02e-09	1.71e-07	1.33e-04	1.11e-02	1.44e-01	2.94e-01	3.41e-01	1.80e-01	2.62e-02	2.75e-03	6.66e-04	4.86e-06	0.00e+00
 3.75336e+22	1.66e-23	3.87e-16	9.18e-13	1.33e-10	7.19e-09	2.00e-07	1.50e-04	1.21e-02	1.51e-01	2.99e-01	3.36e-01	1.73e-01	2.45e-02	2.51e-03	5.93e-04	4.18e-06	0.00e+00
 3.80680e+22	2.11e-23	4.75e-16	1.11e-12	1.58e-10	8.36e-09	2.28e-07	1.67e-04	1.30e-02	1.58e-01	3.04e-01	3.32e-01	1.67e-01	2.30e-02	2.31e-03	5.34e-04	3.66e-06	0.00e+00
 3.87628e+22	2.91e-23	6.21e-16	1.43e-12	1.99e-10	1.03e-08	2.73e-07	1.91e-04	1.44e-02	1.68e-01	3.09e-01	3.26e-01	1.59e-01	2.12e-02	2.07e-03	4.65e-04	3.06e-06	0.00e+00
 3.96659e+22	4.31e-23	8.69e-16	1.96e-12	2.66e-10	1.33e-08	3.41e-07	2.27e-04	1.63e-02	1.80e-01	3.15e-01	3.18e-01	1.49e-01	1.90e-02	1.80e-03	3.90e-04	2.44e-06	0.00e+00
 4.05919e+22	6.52e-23	1.24e-15	2.74e-12	3.64e-10	1.76e-08	4.35e-07	2.72e-04	1.86e-02	1.93e-01	3.21e-01	3.08e-01	1.39e-01	1.69e-02	1.54e-03	3.23e-04	1.92e-06	0.00e+00
 4.13181e+22	8.88e-23	1.61e-15	3.51e-12	4.59e-10	2.16e-08	5.21e-07	3.12e-04	2.06e-02	2.04e-01	3.25e-01	3.01e-01	1.32e-01	1.55e-02	1.37e-03	2.79e-04	1.59e-06	0.00e+00
 4.20328e+22	1.16e-22	2.03e-15	4.37e-12	5.61e-10	2.58e-08	6.10e-07	3.53e-04	2.25e-02	2.14e-01	3.28e-01	2.94e-01	1.25e-01	1.42e-02	1.23e-03	2.45e-04	1.34e-06	0.00e+00
 4.29619e+22	1.66e-22	2.75e-15	5.82e-12	7.33e-10	3.28e-08	7.52e-07	4.15e-04	2.52e-02	2.27e-01	3.32e-01	2.84e-01	1.17e-01	1.27e-02	1.07e-03	2.05e-04	1.07e-06	0.00e+00
 4.39628e+22	2.43e-22	3.81e-15	7.96e-12	9.85e-10	4.27e-08	9.49e-07	4.93e-04	2.86e-02	2.42e-01	3.35e-01	2.73e-01	1.08e-01	1.12e-02	9.09e-04	1.69e-04	8.36e-07	0.00e+00
 4.48183e+22	3.32e-22	4.99e-15	1.03e-11	1.26e-09	5.32e-08	1.15e-06	5.71e-04	3.17e-02	2.55e-01	3.37e-01	2.64e-01	1.01e-01	1.01e-02	7.92e-04	1.43e-04	6.76e-07	0.00e+00
 4.55727e+22	4.29e-22	6.21e-15	1.27e-11	1.53e-09	6.35e-08	1.35e-06	6.44e-04	3.45e-02	2.66e-01	3.38e-01	2.56e-01	9.47e-02	9.19e-03	7.06e-04	1.24e-04	5.65e-07	0.00e+00
 4.64345e+22	5.65e-22	7.85e-15	1.59e-11	1.89e-09	7.66e-08	1.59e-06	7.31e-04	3.77e-02	2.78e-01	3.39e-01	2.47e-01	8.87e-02	8.32e-03	6.22e-04	1.07e-04	4.67e-07	0.00e+00
 4.75548e+22	8.00e-22	1.06e-14	2.12e-11	2.48e-09	9.78e-08	1.98e-06	8.62e-04	4.23e-02	2.93e-01	3.39e-01	2.35e-01	8.11e-02	7.28e-03	5.27e-04	8.73e-05	3.63e-07	0.00e+00
 4.87326e+22	1.16e-21	1.45e-14	2.89e-11	3.33e-09	1.28e-07	2.51e-06	1.02e-03	4.77e-02	3.10e-01	3.38e-01	2.23e-01	7.36e-02	6.30e-03	4.39e-04	7.03e-05	2.76e-07	0.00e+00
 4.96956e+22	1.54e-21	1.86e-14	3.67e-11	4.18e-09	1.57e-07	3.01e-06	1.17e-03	5.24e-02	3.23e-01	3.37e-01	2.13e-01	6.78e-02	5.59e-03	3.79e-04	5.89e-05	2.21e-07	0.00e+00
 5.06583e+22	1.99e-21	2.30e-14	4.52e-11	5.09e-09	1.87e-07	3.53e-06	1.33e-03	5.69e-02	3.35e-01	3.35e-01	2.03e-01	6.29e-02	5.01e-03	3.31e-04	5.02e-05	1.81e-07	0.00e+00
 5.19098e+22	2.75e-21	3.03e-14	5.92e-11	6.59e-09	2.36e-07	4.35e-06	1.55e-03	6.32e-02	3.50e-01	3.32e-01	1.92e-01	5.69e-02	4.34e-03	2.78e-04	4.07e-05	1.39e-07	0.00e+00
 5.32410e+22	3.89e-21	4.08e-14	7.94e-11	8.73e-09	3.04e-07	5.46e-06	1.83e-03	7.05e-02	3.66e-01	3.28e-01	1.79e-01	5.09e-02	3.71e-03	2.29e-04	3.23e-05	0.00e+00	0.00e+00
 5.43199e+22	5.10e-21	5.14e-14	9.97e-11	1.09e-08	3.71e-07	6.52e-06	2.08e-03	7.69e-02	3.78e-01	3.23e-01	1.70e-01	4.65e-02	3.26e-03	1.95e-04	2.69e-05	0.00e+00	0.00e+00
 5.51537e+22	6.16e-21	6.06e-14	1.17e-10	1.27e-08	4.25e-07	7.38e-06	2.28e-03	8.16e-02	3.87e-01	3.20e-01	1.63e-01	4.34e-02	2.96e-03	1.74e-04	2.35e-05	0.00e+00	0.00e+00
 5.60249e+22	7.46e-21	7.09e-14	1.37e-10	1.47e-08	4.87e-07	8.36e-06	2.50e-03	8.68e-02	3.95e-01	3.16e-01	1.56e-01	4.05e-02	2.69e-03	1.55e-04	2.04e-05	0.00e+00	0.00e+00
 5.71575e+22	9.48e-21	8.68e-14	1.67e-10	1.78e-08	5.78e-07	9.75e-06	2.80e-03	9.33e-02	4.06e-01	3.11e-01	1.47e-01	3.71e-02	2.38e-03	1.33e-04	1.72e-05	0.00e+00	0.00e+00
 5.84072e+22	1.24e-20	1.09e-13	2.09e-10	2.21e-08	7.04e-07	1.16e-05	3.17e-03	1.01e-01	4.17e-01	3.05e-01	1.38e-01	3.35e-02	2.07e-03	1.13e-04	1.41e-05	0.00e+00	0.00e+00
 5.95174e+22	1.56e-20	1.32e-13	2.54e-10	2.66e-08	8.33e-07	1.35e-05	3.54e-03	1.08e-01	4.26e-01	2.99e-01	1.30e-01	3.06e-02	1.83e-03	9.72e-05	1.19e-05	0.00e+00	0.00e+00
 6.05067e+22	1.87e-20	1.55e-13	2.97e-10	3.10e-08	9.53e-07	1.53e-05	3.87e-03	1.15e-01	4.33e-01	2.94e-01	1.24e-01	2.83e-02	1.65e-03	8.57e-05	1.03e-05	0.00e+00	0.00e+00
 6.16308e+22	2.30e-20	1.83e-13	3.52e-10	3.64e-08	1.10e-06	1.75e-05	4.26e-03	1.22e-01	4.41e-01	2.88e-01	1.17e-01	2.60e-02	1.47e-03	7.47e-05	8.75e-06	0.00e+00	0.00e+00
 6.30922e+22	2.96e-20	2.27e-13	4.35e-10	4.46e-08	1.32e-06	2.06e-05	4.80e-03	1.31e-01	4.50e-01	2.81e-01	1.09e-01	2.33e-02	1.27e-03	6.26e-05	7.14e-06	0.00e+00	0.00e+00
 6.46419e+22	3.89e-20	2.86e-13	5.50e-10	5.60e-08	1.62e-06	2.48e-05	5.45e-03	1.42e-01	4.58e-01	2.72e-01	1.01e-01	2.07e-02	1.08e-03	5.16e-05	5.71e-06	0.00e+00	0.00e+00
 6.59405e+22	4.82e-20	3.44e-13	6.61e-10	6.70e-08	1.91e-06	2.87e-05	6.05e-03	1.51e-01	4.65e-01	2.64e-01	9.43e-02	1.87e-02	9.44e-04	4.39e-05	4.75e-06	0.00e+00	0.00e+00
 6.72628e+22	5.88e-20	4.06e-13	7.78e-10	7.81e-08	2.19e-06	3.25e-05	6.62e-03	1.59e-01	4.70e-01	2.58e-01	8.86e-02	1.70e-02	8.36e-04	3.80e-05	4.02e-06	0.00e+00	0.00e+00
 6.89816e+22	7.54e-20	5.00e-13	9.60e-10	9.55e-08	2.62e-06	3.83e-05	7.43e-03	1.70e-01	4.76e-01	2.49e-01	8.17e-02	1.51e-02	7.13e-04	3.15e-05	3.24e-06	0.00e+00	0.00e+00
 7.08272e+22	9.92e-20	6.31e-13	1.21e-09	1.20e-07	3.22e-06	4.60e-05	8.42e-03	1.83e-01	4.82e-01	2.39e-01	7.45e-02	1.32e-02	5.98e-04	2.56e-05	2.55e-06	0.00e+00	0.00e+00
 7.23791e+22	1.24e-19	7.60e-13	1.46e-09	1.44e-07	3.79e-06	5.33e-05	9.32e-03	1.94e-01	4.85e-01	2.30e-01	6.88e-02	1.18e-02	5.15e-04	2.14e-05	2.08e-06	0.00e+00	0.00e+00
 7.37232e+22	1.48e-19	8.82e-13	1.70e-09	1.65e-07	4.28e-06	5.95e-05	1.01e-02	2.03e-01	4.88e-01	2.24e-01	6.47e-02	1.08e-02	4.58e-04	1.87e-05	1.78e-06	0.00e+00	0.00e+00
 7.52554e+22	1.78e-19	1.03e-12	1.98e-09	1.91e-07	4.88e-06	6.72e-05	1.10e-02	2.12e-01	4.90e-01	2.16e-01	6.04e-02	9.74e-03	4.02e-04	1.60e-05	1.50e-06	0.00e+00	0.00e+00
 7.72472e+22	2.24e-19	1.25e-12	2.41e-09	2.31e-07	5.77e-06	7.82e-05	1.22e-02	2.25e-01	4.91e-01	2.07e-01	5.53e-02	8.58e-03	3.42e-04	1.32e-05	1.20e-06	0.00e+00	0.00e+00
 7.94324e+22	2.91e-19	1.56e-12	3.01e-09	2.87e-07	6.99e-06	9.30e-05	1.37e-02	2.39e-01	4.92e-01	1.97e-01	4.99e-02	7.43e-03	2.84e-04	1.07e-05	9.38e-07	0.00e+00	0.00e+00
 8.13336e+22	3.64e-19	1.88e-12	3.64e-09	3.43e-07	8.21e-06	1.08e-04	1.51e-02	2.52e-01	4.92e-01	1.88e-01	4.57e-02	6.55e-03	2.42e-04	8.82e-06	7.57e-07	0.00e+00	0.00e+00
 8.29943e+22	4.33e-19	2.17e-12	4.21e-09	3.94e-07	9.27e-06	1.20e-04	1.62e-02	2.62e-01	4.91e-01	1.82e-01	4.25e-02	5.92e-03	2.12e-04	7.59e-06	6.38e-07	0.00e+00	0.00e+00
 8.48778e+22	5.20e-19	2.53e-12	4.91e-09	4.56e-07	1.05e-05	1.35e-04	1.76e-02	2.73e-01	4.90e-01	1.74e-01	3.93e-02	5.30e-03	1.85e-04	6.45e-06	5.30e-07	0.00e+00	0.00e+00
 8.73264e+22	6.53e-19	3.06e-12	5.94e-09	5.47e-07	1.24e-05	1.56e-04	1.94e-02	2.87e-01	4.88e-01	1.66e-01	3.57e-02	4.63e-03	1.55e-04	5.28e-06	4.22e-07	0.00e+00	0.00e+00
 9.00534e+22	8.45e-19	3.80e-12	7.42e-09	6.77e-07	1.49e-05	1.85e-04	2.17e-02	3.03e-01	4.84e-01	1.56e-01	3.18e-02	3.95e-03	1.27e-04	4.18e-06	3.24e-07	0.00e+00	0.00e+00
 9.24815e+22	1.06e-18	4.60e-12	9.00e-09	8.14e-07	1.76e-05	2.15e-04	2.38e-02	3.17e-01	4.79e-01	1.47e-01	2.87e-02	3.43e-03	1.06e-04	3.40e-06	2.56e-07	0.00e+00	0.00e+00
 9.43953e+22	1.25e-18	5.29e-12	1.04e-08	9.33e-07	1.98e-05	2.40e-04	2.56e-02	3.28e-01	4.76e-01	1.41e-01	2.65e-02	3.07e-03	9.24e-05	2.89e-06	2.14e-07	0.00e+00	0.00e+00
 9.63013e+22	1.45e-18	5.97e-12	1.17e-08	1.04e-06	2.18e-05	2.61e-04	2.72e-02	3.37e-01	4.72e-01	1.36e-01	2.48e-02	2.80e-03	8.24e-05	2.53e-06	1.84e-07	0.00e+00	0.00e+00
 9.87790e+22	1.74e-18	6.95e-12	1.36e-08	1.20e-06	2.47e-05	2.93e-04	2.93e-02	3.49e-01	4.67e-01	1.29e-01	2.27e-02	2.48e-03	7.07e-05	2.13e-06	1.51e-07	0.00e+00	0.00e+00
 1.01553e+23	2.15e-18	8.31e-12	1.64e-08	1.43e-06	2.88e-05	3.36e-04	3.19e-02	3.63e-01	4.61e-01	1.22e-01	2.04e-02	2.16e-03	5.94e-05	1.74e-06	0.00e+00	0.00e+00	0.00e+00
 1.04074e+23	2.60e-18	9.75e-12	1.92e-08	1.67e-06	3.29e-05	3.79e-04	3.44e-02	3.75e-01	4.54e-01	1.15e-01	1.86e-02	1.90e-03	5.07e-05	1.45e-06	0.00e+00	0.00e+00	0.00e+00
 1.06320e+23	3.02e-18	1.10e-11	2.18e-08	1.88e-06	3.64e-05	4.16e-04	3.66e-02	3.85e-01	4.49e-01	1.10e-01	1.72e-02	1.71e-03	4.45e-05	1.25e-06	0.00e+00	0.00e+00	0.00e+00
 1.08848e+23	3.53e-18	1.26e-11	2.49e-08	2.12e-06	4.04e-05	4.59e-04	3.90e-02	3.95e-01	4.43e-01	1.05e-01	1.59e-02	1.53e-03	3.88e-05	1.07e-06	0.00e+00	0.00e+00	0.00e+00
 1.12134e+23	4.28e-18	1.48e-11	2.92e-08	2.47e-06	4.60e-05	5.16e-04	4.20e-02	4.08e-01	4.35e-01	9.89e-02	1.43e-02	1.34e-03	3.28e-05	8.82e-07	0.00e+00	0.00e+00	0.00e+00
 1.15831e+23	5.37e-18	1.78e-11	3.54e-08	2.95e-06	5.38e-05	5.94e-04	4.58e-02	4.22e-01	4.25e-01	9.23e-02	1.28e-02	1.14e-03	2.70e-05	7.06e-07	0.00e+00	0.00e+00	0.00e+00
 1.19166e+23	6.57e-18	2.12e-11	4.20e-08	3.47e-06	6.18e-05	6.73e-04	4.94e-02	4.34e-01	4.16e-01	8.65e-02	1.15e-02	9.91e-04	2.26e-05	5.77e-07	0.00e+00	0.00e+00	0.00e+00
 1.22035e+23	7.64e-18	2.40e-11	4.77e-08	3.91e-06	6.84e-05	7.40e-04	5.24e-02	4.44e-01	4.09e-01	8.21e-02	1.05e-02	8.84e-04	1.96e-05	4.91e-07	0.00e+00	0.00e+00	0.00e+00
