#depth	O	O+	O+2	O+3	O+4	O+5	O+6	O+7	O+8	O[1]	O[2]	O[3]
 6.17135e+19	4.00e-19	9.58e-14	1.15e-09	1.10e-06	1.41e-04	3.36e-03	2.98e-01	5.20e-01	1.78e-01	0.00e+00	0.00e+00	0.00e+00
 1.87609e+20	6.64e-19	1.50e-13	1.71e-09	1.56e-06	1.88e-04	4.10e-03	3.27e-01	5.12e-01	1.58e-01	0.00e+00	0.00e+00	0.00e+00
 2.96284e+20	9.97e-19	2.14e-13	2.36e-09	2.07e-06	2.37e-04	4.83e-03	3.51e-01	5.03e-01	1.42e-01	0.00e+00	0.00e+00	0.00e+00
 3.76500e+20	1.32e-18	2.76e-13	2.96e-09	2.53e-06	2.79e-04	5.42e-03	3.69e-01	4.95e-01	1.31e-01	0.00e+00	0.00e+00	0.00e+00
 4.36135e+20	1.62e-18	3.29e-13	3.48e-09	2.92e-06	3.14e-04	5.90e-03	3.82e-01	4.89e-01	1.23e-01	0.00e+00	0.00e+00	0.00e+00
 4.83063e+20	1.88e-18	3.77e-13	3.93e-09	3.26e-06	3.45e-04	6.30e-03	3.92e-01	4.84e-01	1.17e-01	0.00e+00	0.00e+00	0.00e+00
 5.36001e+20	2.22e-18	4.38e-13	4.50e-09	3.67e-06	3.80e-04	6.75e-03	4.03e-01	4.78e-01	1.12e-01	0.00e+00	0.00e+00	0.00e+00
 6.04821e+20	2.74e-18	5.27e-13	5.34e-09	4.28e-06	4.32e-04	7.38e-03	4.18e-01	4.70e-01	1.04e-01	0.00e+00	0.00e+00	0.00e+00
 6.78329e+20	3.38e-18	6.38e-13	6.37e-09	5.00e-06	4.92e-04	8.09e-03	4.33e-01	4.61e-01	9.67e-02	0.00e+00	0.00e+00	0.00e+00
 7.42502e+20	4.04e-18	7.48e-13	7.38e-09	5.71e-06	5.49e-04	8.75e-03	4.47e-01	4.53e-01	9.07e-02	0.00e+00	0.00e+00	0.00e+00
 8.10498e+20	4.84e-18	8.81e-13	8.59e-09	6.55e-06	6.15e-04	9.49e-03	4.60e-01	4.45e-01	8.48e-02	0.00e+00	0.00e+00	0.00e+00
 8.87165e+20	5.87e-18	1.05e-12	1.01e-08	7.60e-06	6.95e-04	1.04e-02	4.75e-01	4.35e-01	7.86e-02	0.00e+00	0.00e+00	0.00e+00
 9.59894e+20	7.01e-18	1.23e-12	1.18e-08	8.71e-06	7.78e-04	1.12e-02	4.89e-01	4.26e-01	7.32e-02	0.00e+00	0.00e+00	0.00e+00
 1.02859e+21	8.22e-18	1.43e-12	1.35e-08	9.87e-06	8.63e-04	1.21e-02	5.02e-01	4.17e-01	6.84e-02	0.00e+00	0.00e+00	0.00e+00
 1.10725e+21	9.80e-18	1.67e-12	1.57e-08	1.13e-05	9.66e-04	1.31e-02	5.16e-01	4.07e-01	6.34e-02	0.00e+00	0.00e+00	0.00e+00
 1.19528e+21	1.18e-17	1.99e-12	1.85e-08	1.32e-05	1.09e-03	1.43e-02	5.31e-01	3.95e-01	5.82e-02	0.00e+00	0.00e+00	0.00e+00
 1.27823e+21	1.40e-17	2.33e-12	2.14e-08	1.51e-05	1.22e-03	1.55e-02	5.45e-01	3.85e-01	5.37e-02	0.00e+00	0.00e+00	0.00e+00
 1.34863e+21	1.61e-17	2.65e-12	2.42e-08	1.69e-05	1.34e-03	1.65e-02	5.56e-01	3.76e-01	5.03e-02	0.00e+00	0.00e+00	0.00e+00
 1.40998e+21	1.81e-17	2.95e-12	2.69e-08	1.85e-05	1.44e-03	1.75e-02	5.65e-01	3.68e-01	4.74e-02	0.00e+00	0.00e+00	0.00e+00
 1.47971e+21	2.06e-17	3.32e-12	3.02e-08	2.06e-05	1.57e-03	1.86e-02	5.76e-01	3.60e-01	4.44e-02	0.00e+00	0.00e+00	0.00e+00
 1.57037e+21	2.42e-17	3.86e-12	3.49e-08	2.35e-05	1.75e-03	2.00e-02	5.89e-01	3.49e-01	4.09e-02	2.42e-17	7.71e-23	7.96e-23
 1.66372e+21	2.84e-17	4.49e-12	4.03e-08	2.69e-05	1.95e-03	2.16e-02	6.01e-01	3.38e-01	3.75e-02	2.84e-17	9.04e-23	9.33e-23
 1.74081e+21	3.23e-17	5.07e-12	4.53e-08	2.99e-05	2.12e-03	2.30e-02	6.11e-01	3.29e-01	3.50e-02	3.23e-17	1.03e-22	1.06e-22
 1.82126e+21	3.68e-17	5.73e-12	5.09e-08	3.33e-05	2.31e-03	2.44e-02	6.21e-01	3.20e-01	3.26e-02	3.68e-17	1.17e-22	1.20e-22
 1.92586e+21	4.33e-17	6.68e-12	5.91e-08	3.82e-05	2.57e-03	2.63e-02	6.33e-01	3.08e-01	2.97e-02	4.33e-17	1.37e-22	1.41e-22
 2.03173e+21	5.08e-17	7.78e-12	6.84e-08	4.37e-05	2.85e-03	2.84e-02	6.45e-01	2.97e-01	2.71e-02	5.08e-17	1.60e-22	1.66e-22
 2.11619e+21	5.72e-17	8.71e-12	7.66e-08	4.86e-05	3.09e-03	3.01e-02	6.54e-01	2.88e-01	2.51e-02	5.72e-17	1.80e-22	1.86e-22
 2.20292e+21	6.52e-17	9.84e-12	8.60e-08	5.39e-05	3.35e-03	3.18e-02	6.62e-01	2.80e-01	2.34e-02	6.52e-17	2.05e-22	2.11e-22
 2.31567e+21	7.62e-17	1.14e-11	9.94e-08	6.15e-05	3.70e-03	3.42e-02	6.72e-01	2.69e-01	2.13e-02	7.62e-17	2.39e-22	2.47e-22
 2.43253e+21	8.93e-17	1.33e-11	1.15e-07	7.03e-05	4.10e-03	3.67e-02	6.82e-01	2.58e-01	1.93e-02	8.93e-17	2.79e-22	2.88e-22
 2.52984e+21	1.01e-16	1.50e-11	1.30e-07	7.83e-05	4.44e-03	3.88e-02	6.90e-01	2.49e-01	1.78e-02	1.01e-16	3.16e-22	3.27e-22
 2.63147e+21	1.16e-16	1.70e-11	1.46e-07	8.74e-05	4.82e-03	4.11e-02	6.97e-01	2.40e-01	1.64e-02	1.16e-16	3.59e-22	3.71e-22
 2.76359e+21	1.36e-16	2.00e-11	1.71e-07	1.00e-04	5.34e-03	4.42e-02	7.06e-01	2.30e-01	1.48e-02	1.36e-16	4.21e-22	4.36e-22
 2.89937e+21	1.61e-16	2.34e-11	1.99e-07	1.15e-04	5.91e-03	4.75e-02	7.14e-01	2.19e-01	1.33e-02	1.61e-16	4.94e-22	5.13e-22
 3.01125e+21	1.83e-16	2.66e-11	2.25e-07	1.29e-04	6.41e-03	5.03e-02	7.20e-01	2.11e-01	1.22e-02	1.83e-16	5.62e-22	5.84e-22
 3.12800e+21	2.10e-16	3.04e-11	2.56e-07	1.44e-04	6.96e-03	5.32e-02	7.26e-01	2.02e-01	1.12e-02	2.10e-16	6.40e-22	6.67e-22
 3.27978e+21	2.49e-16	3.59e-11	3.00e-07	1.66e-04	7.71e-03	5.71e-02	7.33e-01	1.92e-01	1.00e-02	2.49e-16	7.56e-22	7.89e-22
 3.43816e+21	2.96e-16	4.25e-11	3.54e-07	1.92e-04	8.54e-03	6.14e-02	7.39e-01	1.82e-01	8.91e-03	2.96e-16	8.96e-22	9.37e-22
 3.55841e+21	3.35e-16	4.81e-11	3.99e-07	2.14e-04	9.21e-03	6.47e-02	7.43e-01	1.75e-01	8.15e-03	3.35e-16	1.01e-21	1.06e-21
 3.64998e+21	3.71e-16	5.31e-11	4.37e-07	2.32e-04	9.74e-03	6.72e-02	7.46e-01	1.70e-01	7.65e-03	3.71e-16	1.12e-21	1.17e-21
 3.75103e+21	4.12e-16	5.89e-11	4.83e-07	2.53e-04	1.03e-02	7.00e-02	7.48e-01	1.64e-01	7.13e-03	4.12e-16	1.24e-21	1.30e-21
 3.88238e+21	4.71e-16	6.73e-11	5.48e-07	2.82e-04	1.12e-02	7.38e-02	7.51e-01	1.57e-01	6.51e-03	4.71e-16	1.41e-21	1.48e-21
 4.02692e+21	5.45e-16	7.77e-11	6.28e-07	3.18e-04	1.21e-02	7.80e-02	7.54e-01	1.50e-01	5.89e-03	5.45e-16	1.62e-21	1.71e-21
 4.15796e+21	6.20e-16	8.83e-11	7.09e-07	3.53e-04	1.30e-02	8.19e-02	7.56e-01	1.43e-01	5.39e-03	6.20e-16	1.84e-21	1.94e-21
 4.27914e+21	6.97e-16	9.92e-11	7.92e-07	3.88e-04	1.39e-02	8.55e-02	7.58e-01	1.38e-01	4.97e-03	6.97e-16	2.06e-21	2.18e-21
 4.41814e+21	7.96e-16	1.13e-10	8.97e-07	4.31e-04	1.49e-02	8.98e-02	7.59e-01	1.32e-01	4.54e-03	7.96e-16	2.35e-21	2.48e-21
 4.57491e+21	9.22e-16	1.31e-10	1.03e-06	4.85e-04	1.61e-02	9.47e-02	7.59e-01	1.25e-01	4.10e-03	9.22e-16	2.71e-21	2.87e-21
 4.72363e+21	1.06e-15	1.51e-10	1.17e-06	5.40e-04	1.73e-02	9.93e-02	7.60e-01	1.19e-01	3.73e-03	1.06e-15	3.10e-21	3.29e-21
 4.86405e+21	1.20e-15	1.71e-10	1.32e-06	5.97e-04	1.85e-02	1.04e-01	7.59e-01	1.14e-01	3.41e-03	1.20e-15	3.52e-21	3.73e-21
 5.02485e+21	1.39e-15	1.98e-10	1.51e-06	6.67e-04	1.99e-02	1.09e-01	7.59e-01	1.09e-01	3.09e-03	1.39e-15	4.05e-21	4.30e-21
 5.20499e+21	1.63e-15	2.33e-10	1.75e-06	7.54e-04	2.15e-02	1.15e-01	7.57e-01	1.03e-01	2.77e-03	1.63e-15	4.74e-21	5.04e-21
 5.37469e+21	1.89e-15	2.70e-10	2.01e-06	8.43e-04	2.32e-02	1.21e-01	7.55e-01	9.75e-02	2.50e-03	1.89e-15	5.49e-21	5.84e-21
 5.55972e+21	2.22e-15	3.17e-10	2.33e-06	9.50e-04	2.50e-02	1.27e-01	7.53e-01	9.21e-02	2.24e-03	2.22e-15	6.42e-21	6.84e-21
 5.76464e+21	2.65e-15	3.78e-10	2.73e-06	1.08e-03	2.72e-02	1.34e-01	7.49e-01	8.66e-02	1.99e-03	2.65e-15	7.62e-21	8.14e-21
 5.95494e+21	3.09e-15	4.44e-10	3.16e-06	1.21e-03	2.92e-02	1.40e-01	7.46e-01	8.17e-02	1.78e-03	3.09e-15	8.87e-21	9.49e-21
 6.16188e+21	3.70e-15	5.29e-10	3.69e-06	1.37e-03	3.16e-02	1.47e-01	7.41e-01	7.70e-02	1.59e-03	3.70e-15	1.06e-20	1.13e-20
 6.39526e+21	4.49e-15	6.42e-10	4.38e-06	1.57e-03	3.44e-02	1.55e-01	7.35e-01	7.19e-02	1.40e-03	4.49e-15	1.28e-20	1.37e-20
 6.61753e+21	5.38e-15	7.70e-10	5.14e-06	1.78e-03	3.72e-02	1.63e-01	7.29e-01	6.74e-02	1.24e-03	5.38e-15	1.53e-20	1.64e-20
 6.86097e+21	6.55e-15	9.37e-10	6.11e-06	2.03e-03	4.04e-02	1.71e-01	7.22e-01	6.28e-02	1.09e-03	6.55e-15	1.85e-20	1.99e-20
 7.13017e+21	8.13e-15	1.16e-09	7.35e-06	2.34e-03	4.41e-02	1.81e-01	7.14e-01	5.82e-02	9.45e-04	8.13e-15	2.29e-20	2.47e-20
 7.35167e+21	9.65e-15	1.38e-09	8.54e-06	2.62e-03	4.72e-02	1.88e-01	7.06e-01	5.47e-02	8.42e-04	9.65e-15	2.71e-20	2.93e-20
 7.52107e+21	1.11e-14	1.58e-09	9.56e-06	2.85e-03	4.98e-02	1.94e-01	7.00e-01	5.22e-02	7.74e-04	1.11e-14	3.10e-20	3.35e-20
 7.70395e+21	1.28e-14	1.81e-09	1.08e-05	3.12e-03	5.25e-02	2.00e-01	6.94e-01	4.96e-02	7.06e-04	1.28e-14	3.57e-20	3.86e-20
 7.94170e+21	1.54e-14	2.17e-09	1.26e-05	3.49e-03	5.63e-02	2.08e-01	6.85e-01	4.65e-02	6.29e-04	1.54e-14	4.29e-20	4.64e-20
 8.20509e+21	1.89e-14	2.65e-09	1.48e-05	3.95e-03	6.06e-02	2.17e-01	6.75e-01	4.33e-02	5.54e-04	1.89e-14	5.24e-20	5.68e-20
 8.44977e+21	2.26e-14	3.16e-09	1.72e-05	4.41e-03	6.47e-02	2.25e-01	6.65e-01	4.05e-02	4.92e-04	2.26e-14	6.25e-20	6.78e-20
 8.71581e+21	2.76e-14	3.83e-09	2.02e-05	4.96e-03	6.93e-02	2.34e-01	6.54e-01	3.78e-02	4.34e-04	2.76e-14	7.60e-20	8.26e-20
 8.99925e+21	3.40e-14	4.69e-09	2.39e-05	5.59e-03	7.45e-02	2.43e-01	6.42e-01	3.50e-02	3.81e-04	3.40e-14	9.35e-20	1.02e-19
 9.24637e+21	4.07e-14	5.57e-09	2.75e-05	6.20e-03	7.91e-02	2.51e-01	6.31e-01	3.28e-02	3.40e-04	4.07e-14	1.12e-19	1.22e-19
 9.50867e+21	4.92e-14	6.67e-09	3.19e-05	6.88e-03	8.41e-02	2.59e-01	6.19e-01	3.07e-02	3.03e-04	4.92e-14	1.35e-19	1.47e-19
 9.84967e+21	6.30e-14	8.40e-09	3.84e-05	7.86e-03	9.09e-02	2.68e-01	6.04e-01	2.81e-02	2.61e-04	6.30e-14	1.71e-19	1.87e-19
 1.01986e+22	8.02e-14	1.06e-08	4.63e-05	8.97e-03	9.81e-02	2.79e-01	5.88e-01	2.57e-02	2.24e-04	8.02e-14	2.18e-19	2.38e-19
 1.04815e+22	9.75e-14	1.27e-08	5.36e-05	9.94e-03	1.04e-01	2.86e-01	5.76e-01	2.39e-02	1.98e-04	9.75e-14	2.64e-19	2.89e-19
 1.07728e+22	1.19e-13	1.52e-08	6.21e-05	1.10e-02	1.10e-01	2.94e-01	5.62e-01	2.23e-02	1.76e-04	1.19e-13	3.21e-19	3.52e-19
 1.11515e+22	1.54e-13	1.92e-08	7.48e-05	1.25e-02	1.19e-01	3.03e-01	5.45e-01	2.03e-02	1.51e-04	1.54e-13	4.13e-19	4.52e-19
 1.15478e+22	1.99e-13	2.44e-08	9.04e-05	1.43e-02	1.28e-01	3.13e-01	5.27e-01	1.84e-02	1.28e-04	1.99e-13	5.32e-19	5.84e-19
 1.18825e+22	2.47e-13	2.97e-08	1.06e-04	1.59e-02	1.35e-01	3.20e-01	5.12e-01	1.69e-02	1.12e-04	2.47e-13	6.59e-19	7.24e-19
 1.22331e+22	3.08e-13	3.63e-08	1.24e-04	1.77e-02	1.44e-01	3.27e-01	4.96e-01	1.55e-02	9.72e-05	3.08e-13	8.20e-19	9.02e-19
 1.26889e+22	4.10e-13	4.68e-08	1.51e-04	2.03e-02	1.55e-01	3.35e-01	4.75e-01	1.39e-02	8.17e-05	4.10e-13	1.08e-18	1.19e-18
 1.31601e+22	5.45e-13	6.04e-08	1.84e-04	2.32e-02	1.66e-01	3.44e-01	4.54e-01	1.24e-02	6.80e-05	5.45e-13	1.44e-18	1.58e-18
 1.35506e+22	6.88e-13	7.41e-08	2.16e-04	2.58e-02	1.76e-01	3.49e-01	4.37e-01	1.13e-02	5.86e-05	6.88e-13	1.81e-18	1.99e-18
 1.39575e+22	8.72e-13	9.13e-08	2.53e-04	2.87e-02	1.86e-01	3.55e-01	4.20e-01	1.03e-02	5.04e-05	8.72e-13	2.28e-18	2.52e-18
 1.44866e+22	1.18e-12	1.18e-07	3.10e-04	3.27e-02	1.99e-01	3.60e-01	3.98e-01	9.09e-03	4.16e-05	1.18e-12	3.07e-18	3.39e-18
 1.50412e+22	1.60e-12	1.55e-07	3.80e-04	3.74e-02	2.13e-01	3.66e-01	3.75e-01	7.97e-03	3.39e-05	1.60e-12	4.15e-18	4.60e-18
 1.55129e+22	2.07e-12	1.92e-07	4.49e-04	4.17e-02	2.25e-01	3.69e-01	3.57e-01	7.14e-03	2.87e-05	2.07e-12	5.34e-18	5.92e-18
 1.59203e+22	2.57e-12	2.31e-07	5.16e-04	4.56e-02	2.35e-01	3.71e-01	3.41e-01	6.49e-03	2.48e-05	2.57e-12	6.60e-18	7.32e-18
 1.63601e+22	3.23e-12	2.80e-07	5.98e-04	5.01e-02	2.46e-01	3.73e-01	3.25e-01	5.86e-03	2.13e-05	3.23e-12	8.26e-18	9.17e-18
 1.69319e+22	4.31e-12	3.57e-07	7.18e-04	5.63e-02	2.60e-01	3.73e-01	3.05e-01	5.15e-03	1.75e-05	4.31e-12	1.10e-17	1.22e-17
 1.75268e+22	5.78e-12	4.56e-07	8.65e-04	6.32e-02	2.74e-01	3.73e-01	2.84e-01	4.49e-03	1.43e-05	5.78e-12	1.46e-17	1.63e-17
 1.80233e+22	7.34e-12	5.57e-07	1.00e-03	6.94e-02	2.85e-01	3.72e-01	2.68e-01	4.00e-03	1.21e-05	7.34e-12	1.85e-17	2.06e-17
 1.84704e+22	9.05e-12	6.62e-07	1.14e-03	7.52e-02	2.95e-01	3.71e-01	2.54e-01	3.61e-03	1.04e-05	9.05e-12	2.28e-17	2.54e-17
 1.89816e+22	1.15e-11	8.04e-07	1.32e-03	8.21e-02	3.06e-01	3.68e-01	2.39e-01	3.22e-03	8.76e-06	1.15e-11	2.87e-17	3.21e-17
 1.96460e+22	1.54e-11	1.02e-06	1.59e-03	9.16e-02	3.20e-01	3.63e-01	2.20e-01	2.77e-03	7.07e-06	1.54e-11	3.84e-17	4.29e-17
 2.03277e+22	2.09e-11	1.31e-06	1.90e-03	1.02e-01	3.34e-01	3.58e-01	2.02e-01	2.37e-03	5.64e-06	2.09e-11	5.16e-17	5.78e-17
 2.08707e+22	2.63e-11	1.58e-06	2.19e-03	1.11e-01	3.44e-01	3.52e-01	1.89e-01	2.09e-03	4.72e-06	2.63e-11	6.49e-17	7.28e-17
 2.14156e+22	3.31e-11	1.90e-06	2.51e-03	1.20e-01	3.54e-01	3.47e-01	1.76e-01	1.85e-03	3.97e-06	3.31e-11	8.13e-17	9.12e-17
 2.21239e+22	4.43e-11	2.40e-06	2.98e-03	1.32e-01	3.65e-01	3.38e-01	1.60e-01	1.58e-03	3.17e-06	4.43e-11	1.08e-16	1.21e-16
 2.28546e+22	5.95e-11	3.03e-06	3.53e-03	1.46e-01	3.76e-01	3.28e-01	1.45e-01	1.34e-03	2.51e-06	5.95e-11	1.44e-16	1.62e-16
 2.34591e+22	7.55e-11	3.66e-06	4.06e-03	1.57e-01	3.84e-01	3.20e-01	1.34e-01	1.17e-03	2.08e-06	7.55e-11	1.82e-16	2.05e-16
 2.40895e+22	9.62e-11	4.44e-06	4.67e-03	1.70e-01	3.92e-01	3.11e-01	1.23e-01	1.01e-03	1.71e-06	9.62e-11	2.31e-16	2.60e-16
 2.49090e+22	1.31e-10	5.67e-06	5.58e-03	1.86e-01	4.00e-01	2.98e-01	1.10e-01	8.42e-04	1.33e-06	1.31e-10	3.12e-16	3.52e-16
 2.57475e+22	1.79e-10	7.23e-06	6.66e-03	2.04e-01	4.07e-01	2.84e-01	9.72e-02	6.96e-04	1.02e-06	1.79e-10	4.23e-16	4.78e-16
 2.64311e+22	2.29e-10	8.79e-06	7.67e-03	2.19e-01	4.11e-01	2.73e-01	8.81e-02	5.95e-04	8.28e-07	2.29e-10	5.39e-16	6.11e-16
 2.71400e+22	2.95e-10	1.07e-05	8.85e-03	2.35e-01	4.15e-01	2.61e-01	7.94e-02	5.08e-04	6.68e-07	2.95e-10	6.89e-16	7.82e-16
 2.79406e+22	3.91e-10	1.33e-05	1.04e-02	2.54e-01	4.17e-01	2.48e-01	7.06e-02	4.23e-04	5.24e-07	3.91e-10	9.07e-16	1.03e-15
 2.86950e+22	5.08e-10	1.63e-05	1.20e-02	2.72e-01	4.18e-01	2.35e-01	6.30e-02	3.57e-04	4.17e-07	5.08e-10	1.17e-15	1.33e-15
 2.93884e+22	6.43e-10	1.97e-05	1.37e-02	2.89e-01	4.17e-01	2.23e-01	5.67e-02	3.04e-04	3.39e-07	6.43e-10	1.48e-15	1.68e-15
 3.01680e+22	8.37e-10	2.42e-05	1.60e-02	3.08e-01	4.15e-01	2.10e-01	5.03e-02	2.55e-04	2.69e-07	8.37e-10	1.91e-15	2.17e-15
 3.10147e+22	1.11e-09	3.01e-05	1.87e-02	3.30e-01	4.11e-01	1.96e-01	4.41e-02	2.10e-04	2.09e-07	1.11e-09	2.51e-15	2.87e-15
 3.17655e+22	1.42e-09	3.66e-05	2.16e-02	3.49e-01	4.07e-01	1.84e-01	3.91e-02	1.77e-04	1.67e-07	1.42e-09	3.20e-15	3.66e-15
 3.24289e+22	1.77e-09	4.34e-05	2.44e-02	3.66e-01	4.01e-01	1.73e-01	3.51e-02	1.52e-04	1.37e-07	1.77e-09	3.96e-15	4.53e-15
 3.31620e+22	2.24e-09	5.23e-05	2.80e-02	3.85e-01	3.94e-01	1.61e-01	3.12e-02	1.29e-04	0.00e+00	2.24e-09	4.98e-15	5.71e-15
 3.39662e+22	2.91e-09	6.44e-05	3.27e-02	4.06e-01	3.85e-01	1.49e-01	2.73e-02	1.07e-04	0.00e+00	2.91e-09	6.45e-15	7.39e-15
 3.46873e+22	3.68e-09	7.76e-05	3.75e-02	4.24e-01	3.76e-01	1.38e-01	2.41e-02	9.02e-05	0.00e+00	3.68e-09	8.10e-15	9.29e-15
 3.53320e+22	4.53e-09	9.16e-05	4.24e-02	4.40e-01	3.66e-01	1.29e-01	2.16e-02	7.76e-05	0.00e+00	4.53e-09	9.92e-15	1.14e-14
 3.60530e+22	5.72e-09	1.10e-04	4.89e-02	4.58e-01	3.55e-01	1.19e-01	1.90e-02	6.55e-05	0.00e+00	5.72e-09	1.25e-14	1.43e-14
 3.68337e+22	7.33e-09	1.35e-04	5.70e-02	4.77e-01	3.41e-01	1.08e-01	1.66e-02	5.45e-05	0.00e+00	7.33e-09	1.59e-14	1.83e-14
 3.75161e+22	9.15e-09	1.62e-04	6.56e-02	4.93e-01	3.28e-01	9.90e-02	1.46e-02	4.63e-05	0.00e+00	9.15e-09	1.97e-14	2.27e-14
 3.81132e+22	1.11e-08	1.90e-04	7.43e-02	5.06e-01	3.15e-01	9.13e-02	1.30e-02	4.01e-05	0.00e+00	1.11e-08	2.39e-14	2.75e-14
 3.87753e+22	1.38e-08	2.27e-04	8.54e-02	5.19e-01	3.01e-01	8.31e-02	1.14e-02	3.41e-05	0.00e+00	1.38e-08	2.94e-14	3.39e-14
 3.94907e+22	1.74e-08	2.77e-04	9.99e-02	5.32e-01	2.83e-01	7.44e-02	9.90e-03	2.85e-05	0.00e+00	1.74e-08	3.70e-14	4.26e-14
 4.01076e+22	2.13e-08	3.29e-04	1.15e-01	5.41e-01	2.67e-01	6.72e-02	8.68e-03	2.43e-05	0.00e+00	2.13e-08	4.52e-14	5.20e-14
 4.06339e+22	2.55e-08	3.83e-04	1.30e-01	5.48e-01	2.53e-01	6.11e-02	7.70e-03	2.10e-05	0.00e+00	2.55e-08	5.39e-14	6.20e-14
 4.12098e+22	3.09e-08	4.51e-04	1.49e-01	5.53e-01	2.36e-01	5.47e-02	6.73e-03	1.80e-05	0.00e+00	3.09e-08	6.50e-14	7.47e-14
 4.18306e+22	3.81e-08	5.41e-04	1.74e-01	5.55e-01	2.17e-01	4.79e-02	5.76e-03	1.51e-05	0.00e+00	3.81e-08	7.99e-14	9.18e-14
 4.23626e+22	4.58e-08	6.36e-04	1.99e-01	5.53e-01	1.99e-01	4.23e-02	4.98e-03	1.28e-05	0.00e+00	4.58e-08	9.57e-14	1.10e-13
 4.28104e+22	5.36e-08	7.30e-04	2.24e-01	5.49e-01	1.84e-01	3.77e-02	4.36e-03	1.10e-05	0.00e+00	5.36e-08	1.12e-13	1.28e-13
 4.32963e+22	6.36e-08	8.48e-04	2.55e-01	5.42e-01	1.66e-01	3.28e-02	3.72e-03	9.25e-06	0.00e+00	6.36e-08	1.32e-13	1.52e-13
 4.38198e+22	7.62e-08	9.95e-04	2.93e-01	5.28e-01	1.47e-01	2.79e-02	3.10e-03	7.60e-06	0.00e+00	7.62e-08	1.58e-13	1.81e-13
 4.42705e+22	8.94e-08	1.15e-03	3.30e-01	5.12e-01	1.30e-01	2.38e-02	2.60e-03	6.28e-06	0.00e+00	8.94e-08	1.85e-13	2.12e-13
 4.46543e+22	1.02e-07	1.29e-03	3.66e-01	4.95e-01	1.15e-01	2.05e-02	2.20e-03	5.27e-06	0.00e+00	1.02e-07	2.11e-13	2.42e-13
 4.50087e+22	1.16e-07	1.43e-03	4.01e-01	4.76e-01	1.02e-01	1.76e-02	1.87e-03	4.42e-06	0.00e+00	1.16e-07	2.38e-13	2.73e-13
 4.53462e+22	1.30e-07	1.59e-03	4.36e-01	4.56e-01	8.97e-02	1.51e-02	1.57e-03	3.69e-06	0.00e+00	1.30e-07	2.67e-13	3.06e-13
 4.56765e+22	1.45e-07	1.74e-03	4.72e-01	4.34e-01	7.82e-02	1.29e-02	1.32e-03	3.05e-06	0.00e+00	1.45e-07	2.97e-13	3.42e-13
 4.60563e+22	1.65e-07	1.93e-03	5.14e-01	4.07e-01	6.61e-02	1.06e-02	1.06e-03	2.42e-06	0.00e+00	1.65e-07	3.35e-13	3.86e-13
 4.64587e+22	1.87e-07	2.15e-03	5.58e-01	3.76e-01	5.44e-02	8.55e-03	8.28e-04	1.86e-06	0.00e+00	1.87e-07	3.80e-13	4.37e-13
 4.68018e+22	2.08e-07	2.33e-03	5.96e-01	3.48e-01	4.56e-02	7.04e-03	6.64e-04	1.47e-06	0.00e+00	2.08e-07	4.21e-13	4.85e-13
 4.71118e+22	2.28e-07	2.51e-03	6.29e-01	3.24e-01	3.87e-02	5.89e-03	5.40e-04	1.18e-06	0.00e+00	2.28e-07	4.60e-13	5.30e-13
 4.74673e+22	2.52e-07	2.71e-03	6.64e-01	2.96e-01	3.19e-02	4.79e-03	4.24e-04	9.07e-07	0.00e+00	2.52e-07	5.08e-13	5.86e-13
 4.78682e+22	2.81e-07	2.93e-03	7.01e-01	2.66e-01	2.56e-02	3.81e-03	3.23e-04	6.74e-07	0.00e+00	2.81e-07	5.64e-13	6.51e-13
 4.82487e+22	3.11e-07	3.14e-03	7.33e-01	2.40e-01	2.08e-02	3.08e-03	2.49e-04	5.09e-07	0.00e+00	3.11e-07	6.21e-13	7.18e-13
 4.85801e+22	3.38e-07	3.32e-03	7.57e-01	2.19e-01	1.75e-02	2.58e-03	2.00e-04	4.00e-07	0.00e+00	3.38e-07	6.72e-13	7.78e-13
 4.89274e+22	3.67e-07	3.51e-03	7.80e-01	1.99e-01	1.47e-02	2.15e-03	1.60e-04	3.12e-07	0.00e+00	3.67e-07	7.28e-13	8.44e-13
 4.93155e+22	4.01e-07	3.71e-03	8.03e-01	1.79e-01	1.22e-02	1.78e-03	1.26e-04	2.39e-07	0.00e+00	4.01e-07	7.93e-13	9.20e-13
 4.96845e+22	4.35e-07	3.90e-03	8.22e-01	1.62e-01	1.03e-02	1.51e-03	1.02e-04	1.87e-07	0.00e+00	4.35e-07	8.57e-13	9.95e-13
 5.00900e+22	4.74e-07	4.10e-03	8.40e-01	1.46e-01	8.76e-03	1.27e-03	8.13e-05	1.45e-07	0.00e+00	4.74e-07	9.30e-13	1.08e-12
 5.05446e+22	5.19e-07	4.33e-03	8.57e-01	1.30e-01	7.42e-03	1.06e-03	6.45e-05	0.00e+00	0.00e+00	5.19e-07	1.01e-12	1.18e-12
 5.09905e+22	5.66e-07	4.54e-03	8.71e-01	1.17e-01	6.42e-03	8.99e-04	5.23e-05	0.00e+00	0.00e+00	5.66e-07	1.10e-12	1.28e-12
 5.14581e+22	6.16e-07	4.75e-03	8.84e-01	1.05e-01	5.61e-03	7.68e-04	4.27e-05	0.00e+00	0.00e+00	6.16e-07	1.19e-12	1.39e-12
 5.19838e+22	6.76e-07	4.99e-03	8.95e-01	9.40e-02	4.91e-03	6.51e-04	3.47e-05	0.00e+00	0.00e+00	6.76e-07	1.30e-12	1.52e-12
 5.25535e+22	7.43e-07	5.25e-03	9.06e-01	8.37e-02	4.34e-03	5.53e-04	2.83e-05	0.00e+00	0.00e+00	7.43e-07	1.42e-12	1.66e-12
 5.31509e+22	8.17e-07	5.51e-03	9.15e-01	7.47e-02	3.89e-03	4.72e-04	2.33e-05	0.00e+00	0.00e+00	8.17e-07	1.54e-12	1.80e-12
 5.37869e+22	9.00e-07	5.78e-03	9.24e-01	6.68e-02	3.52e-03	4.04e-04	1.94e-05	0.00e+00	0.00e+00	9.00e-07	1.67e-12	1.96e-12
 5.44833e+22	9.97e-07	6.07e-03	9.31e-01	5.95e-02	3.20e-03	3.45e-04	1.62e-05	0.00e+00	0.00e+00	9.97e-07	1.82e-12	2.14e-12
 5.52531e+22	1.11e-06	6.39e-03	9.38e-01	5.28e-02	2.93e-03	2.93e-04	1.36e-05	0.00e+00	0.00e+00	1.11e-06	1.99e-12	2.35e-12
 5.61044e+22	1.25e-06	6.74e-03	9.44e-01	4.67e-02	2.70e-03	2.48e-04	1.14e-05	0.00e+00	0.00e+00	1.25e-06	2.20e-12	2.60e-12
 5.70526e+22	1.41e-06	7.13e-03	9.49e-01	4.12e-02	2.49e-03	2.09e-04	9.58e-06	0.00e+00	0.00e+00	1.41e-06	2.45e-12	2.89e-12
 5.81316e+22	1.62e-06	7.57e-03	9.54e-01	3.61e-02	2.30e-03	1.74e-04	8.05e-06	0.00e+00	0.00e+00	1.62e-06	2.76e-12	3.27e-12
 5.93887e+22	1.88e-06	8.09e-03	9.58e-01	3.13e-02	2.13e-03	1.42e-04	6.73e-06	0.00e+00	0.00e+00	1.88e-06	3.16e-12	3.75e-12
 6.07214e+22	2.21e-06	8.65e-03	9.62e-01	2.73e-02	1.98e-03	1.17e-04	5.68e-06	0.00e+00	0.00e+00	2.21e-06	3.65e-12	4.33e-12
 6.20193e+22	2.57e-06	9.19e-03	9.65e-01	2.42e-02	1.86e-03	9.81e-05	4.91e-06	0.00e+00	0.00e+00	2.57e-06	4.18e-12	4.97e-12
 6.35019e+22	3.06e-06	9.83e-03	9.67e-01	2.12e-02	1.74e-03	8.09e-05	4.22e-06	0.00e+00	0.00e+00	3.06e-06	4.89e-12	5.82e-12
 6.54293e+22	3.82e-06	1.07e-02	9.70e-01	1.81e-02	1.61e-03	6.39e-05	3.52e-06	0.00e+00	0.00e+00	3.82e-06	6.00e-12	7.15e-12
 6.74237e+22	4.85e-06	1.17e-02	9.71e-01	1.55e-02	1.50e-03	5.07e-05	2.97e-06	0.00e+00	0.00e+00	4.85e-06	7.52e-12	8.95e-12
 6.91091e+22	5.96e-06	1.25e-02	9.72e-01	1.38e-02	1.42e-03	4.20e-05	2.59e-06	0.00e+00	0.00e+00	5.96e-06	9.15e-12	1.09e-11
 7.09039e+22	7.46e-06	1.35e-02	9.73e-01	1.22e-02	1.35e-03	3.46e-05	2.27e-06	0.00e+00	0.00e+00	7.46e-06	1.13e-11	1.35e-11
 7.32370e+22	1.01e-05	1.50e-02	9.73e-01	1.05e-02	1.27e-03	2.70e-05	1.92e-06	0.00e+00	0.00e+00	1.01e-05	1.51e-11	1.80e-11
 7.56418e+22	1.43e-05	1.68e-02	9.73e-01	8.94e-03	1.20e-03	2.07e-05	1.61e-06	0.00e+00	0.00e+00	1.43e-05	2.13e-11	2.54e-11
 7.75868e+22	1.97e-05	1.87e-02	9.72e-01	7.85e-03	1.15e-03	1.66e-05	1.39e-06	0.00e+00	0.00e+00	1.97e-05	2.92e-11	3.47e-11
 7.92856e+22	2.66e-05	2.07e-02	9.71e-01	6.99e-03	1.10e-03	1.35e-05	1.22e-06	0.00e+00	0.00e+00	2.66e-05	3.94e-11	4.67e-11
 8.08262e+22	3.61e-05	2.30e-02	9.70e-01	6.24e-03	1.07e-03	1.10e-05	1.07e-06	0.00e+00	0.00e+00	3.61e-05	5.34e-11	6.32e-11
 8.18563e+22	4.57e-05	2.50e-02	9.68e-01	5.74e-03	1.05e-03	9.50e-06	9.67e-07	0.00e+00	0.00e+00	4.57e-05	6.76e-11	7.99e-11
 8.23939e+22	5.17e-05	2.62e-02	9.67e-01	5.50e-03	1.04e-03	8.79e-06	9.18e-07	0.00e+00	0.00e+00	5.17e-05	7.67e-11	9.06e-11
 8.28732e+22	5.80e-05	2.73e-02	9.66e-01	5.28e-03	1.03e-03	8.17e-06	8.74e-07	0.00e+00	0.00e+00	5.80e-05	8.59e-11	1.01e-10
 8.34963e+22	6.76e-05	2.89e-02	9.65e-01	5.00e-03	1.01e-03	7.40e-06	8.18e-07	0.00e+00	0.00e+00	6.76e-05	1.00e-10	1.18e-10
 8.43063e+22	8.33e-05	3.14e-02	9.63e-01	4.63e-03	9.96e-04	6.47e-06	7.49e-07	0.00e+00	0.00e+00	8.33e-05	1.23e-10	1.45e-10
 8.50908e+22	1.04e-04	3.43e-02	9.60e-01	4.27e-03	9.79e-04	5.60e-06	6.80e-07	0.00e+00	0.00e+00	1.04e-04	1.54e-10	1.82e-10
 8.56165e+22	1.23e-04	3.66e-02	9.58e-01	4.03e-03	9.68e-04	5.04e-06	6.33e-07	0.00e+00	0.00e+00	1.23e-04	1.82e-10	2.14e-10
 8.59885e+22	1.38e-04	3.85e-02	9.57e-01	3.86e-03	9.60e-04	4.68e-06	6.02e-07	0.00e+00	0.00e+00	1.38e-04	2.05e-10	2.41e-10
 8.63863e+22	1.57e-04	4.06e-02	9.55e-01	3.69e-03	9.51e-04	4.30e-06	5.68e-07	0.00e+00	0.00e+00	1.57e-04	2.33e-10	2.74e-10
 8.69034e+22	1.88e-04	4.38e-02	9.52e-01	3.46e-03	9.39e-04	3.84e-06	5.26e-07	0.00e+00	0.00e+00	1.88e-04	2.77e-10	3.26e-10
 8.74280e+22	2.28e-04	4.76e-02	9.48e-01	3.22e-03	9.26e-04	3.39e-06	4.83e-07	0.00e+00	0.00e+00	2.28e-04	3.37e-10	3.96e-10
 8.78257e+22	2.67e-04	5.10e-02	9.45e-01	3.04e-03	9.16e-04	3.07e-06	4.50e-07	0.00e+00	0.00e+00	2.67e-04	3.94e-10	4.63e-10
 8.81394e+22	3.03e-04	5.40e-02	9.42e-01	2.89e-03	9.08e-04	2.82e-06	4.24e-07	0.00e+00	0.00e+00	3.03e-04	4.48e-10	5.26e-10
 8.84806e+22	3.49e-04	5.76e-02	9.38e-01	2.74e-03	8.99e-04	2.57e-06	3.98e-07	0.00e+00	0.00e+00	3.49e-04	5.17e-10	6.06e-10
 8.88660e+22	4.14e-04	6.22e-02	9.34e-01	2.57e-03	8.88e-04	2.30e-06	3.68e-07	0.00e+00	0.00e+00	4.14e-04	6.12e-10	7.18e-10
 8.92160e+22	4.89e-04	6.72e-02	9.29e-01	2.41e-03	8.77e-04	2.06e-06	3.40e-07	0.00e+00	0.00e+00	4.89e-04	7.23e-10	8.48e-10
 8.95065e+22	5.66e-04	7.19e-02	9.24e-01	2.28e-03	8.67e-04	1.88e-06	3.18e-07	0.00e+00	0.00e+00	5.66e-04	8.36e-10	9.79e-10
 8.97701e+22	6.48e-04	7.66e-02	9.20e-01	2.16e-03	8.58e-04	1.72e-06	2.98e-07	0.00e+00	0.00e+00	6.48e-04	9.57e-10	1.12e-09
 9.00709e+22	7.59e-04	8.26e-02	9.14e-01	2.03e-03	8.46e-04	1.55e-06	2.76e-07	0.00e+00	0.00e+00	7.59e-04	1.12e-09	1.31e-09
 9.03932e+22	9.10e-04	9.01e-02	9.06e-01	1.89e-03	8.34e-04	1.37e-06	2.53e-07	0.00e+00	0.00e+00	9.10e-04	1.34e-09	1.57e-09
 9.06622e+22	1.07e-03	9.75e-02	8.99e-01	1.76e-03	8.21e-04	1.23e-06	2.33e-07	0.00e+00	0.00e+00	1.07e-03	1.58e-09	1.85e-09
 9.08808e+22	1.23e-03	1.04e-01	8.92e-01	1.67e-03	8.10e-04	1.12e-06	2.17e-07	0.00e+00	0.00e+00	1.23e-03	1.82e-09	2.13e-09
 9.11152e+22	1.43e-03	1.12e-01	8.84e-01	1.57e-03	7.98e-04	1.01e-06	2.01e-07	0.00e+00	0.00e+00	1.43e-03	2.11e-09	2.47e-09
 9.13768e+22	1.71e-03	1.22e-01	8.74e-01	1.45e-03	7.84e-04	8.95e-07	1.83e-07	0.00e+00	0.00e+00	1.71e-03	2.52e-09	2.94e-09
 9.16107e+22	2.03e-03	1.33e-01	8.63e-01	1.35e-03	7.68e-04	7.94e-07	1.67e-07	0.00e+00	0.00e+00	2.03e-03	2.99e-09	3.49e-09
 9.18056e+22	2.36e-03	1.43e-01	8.52e-01	1.26e-03	7.54e-04	7.15e-07	1.54e-07	0.00e+00	0.00e+00	2.36e-03	3.46e-09	4.04e-09
 9.20133e+22	2.76e-03	1.55e-01	8.40e-01	1.18e-03	7.38e-04	6.39e-07	1.41e-07	0.00e+00	0.00e+00	2.76e-03	4.05e-09	4.73e-09
 9.22424e+22	3.33e-03	1.70e-01	8.25e-01	1.08e-03	7.19e-04	5.59e-07	1.26e-07	0.00e+00	0.00e+00	3.33e-03	4.88e-09	5.69e-09
 9.24438e+22	3.99e-03	1.86e-01	8.09e-01	9.97e-04	6.98e-04	4.90e-07	0.00e+00	0.00e+00	0.00e+00	3.99e-03	5.82e-09	6.80e-09
 9.26125e+22	4.67e-03	2.01e-01	7.93e-01	9.27e-04	6.80e-04	4.36e-07	0.00e+00	0.00e+00	0.00e+00	4.67e-03	6.79e-09	7.93e-09
 9.27941e+22	5.52e-03	2.18e-01	7.75e-01	8.56e-04	6.59e-04	3.85e-07	0.00e+00	0.00e+00	0.00e+00	5.52e-03	8.01e-09	9.35e-09
 9.29980e+22	6.75e-03	2.40e-01	7.52e-01	7.76e-04	6.32e-04	3.29e-07	0.00e+00	0.00e+00	0.00e+00	6.75e-03	9.76e-09	1.14e-08
 9.31835e+22	8.23e-03	2.64e-01	7.26e-01	7.02e-04	6.04e-04	2.81e-07	0.00e+00	0.00e+00	0.00e+00	8.23e-03	1.19e-08	1.39e-08
 9.33433e+22	9.83e-03	2.87e-01	7.02e-01	6.41e-04	5.77e-04	2.43e-07	0.00e+00	0.00e+00	0.00e+00	9.83e-03	1.41e-08	1.65e-08
 9.35168e+22	1.19e-02	3.15e-01	6.72e-01	5.79e-04	5.46e-04	2.06e-07	0.00e+00	0.00e+00	0.00e+00	1.19e-02	1.71e-08	1.99e-08
 9.37073e+22	1.49e-02	3.49e-01	6.35e-01	5.11e-04	5.08e-04	1.68e-07	0.00e+00	0.00e+00	0.00e+00	1.49e-02	2.13e-08	2.49e-08
 9.38723e+22	1.85e-02	3.84e-01	5.97e-01	4.52e-04	4.69e-04	1.38e-07	0.00e+00	0.00e+00	0.00e+00	1.85e-02	2.63e-08	3.07e-08
 9.40059e+22	2.21e-02	4.15e-01	5.62e-01	4.07e-04	4.35e-04	1.15e-07	0.00e+00	0.00e+00	0.00e+00	2.21e-02	3.12e-08	3.64e-08
 9.41461e+22	2.65e-02	4.48e-01	5.25e-01	3.63e-04	3.99e-04	0.00e+00	0.00e+00	0.00e+00	0.00e+00	2.65e-02	3.73e-08	4.35e-08
 9.43045e+22	3.31e-02	4.89e-01	4.77e-01	3.15e-04	3.55e-04	0.00e+00	0.00e+00	0.00e+00	0.00e+00	3.31e-02	4.62e-08	5.39e-08
 9.44480e+22	4.07e-02	5.28e-01	4.31e-01	2.74e-04	3.13e-04	0.00e+00	0.00e+00	0.00e+00	0.00e+00	4.07e-02	5.64e-08	6.58e-08
 9.45683e+22	4.87e-02	5.62e-01	3.89e-01	2.41e-04	2.75e-04	0.00e+00	0.00e+00	0.00e+00	0.00e+00	4.87e-02	6.70e-08	7.82e-08
 9.46721e+22	5.69e-02	5.91e-01	3.51e-01	2.14e-04	2.43e-04	0.00e+00	0.00e+00	0.00e+00	0.00e+00	5.69e-02	7.78e-08	9.07e-08
 9.47653e+22	6.54e-02	6.16e-01	3.18e-01	1.92e-04	2.15e-04	0.00e+00	0.00e+00	0.00e+00	0.00e+00	6.54e-02	8.89e-08	1.04e-07
 9.48699e+22	7.64e-02	6.43e-01	2.81e-01	1.69e-04	1.85e-04	0.00e+00	0.00e+00	0.00e+00	0.00e+00	7.64e-02	1.03e-07	1.20e-07
 9.49800e+22	9.11e-02	6.69e-01	2.40e-01	1.45e-04	1.52e-04	0.00e+00	0.00e+00	0.00e+00	0.00e+00	9.11e-02	1.21e-07	1.41e-07
 9.50680e+22	1.04e-01	6.86e-01	2.09e-01	1.29e-04	1.29e-04	0.00e+00	0.00e+00	0.00e+00	0.00e+00	1.04e-01	1.37e-07	1.60e-07
 9.51384e+22	1.16e-01	6.98e-01	1.86e-01	1.16e-04	1.12e-04	0.00e+00	0.00e+00	0.00e+00	0.00e+00	1.16e-01	1.51e-07	1.77e-07
 9.52153e+22	1.30e-01	7.08e-01	1.62e-01	1.04e-04	9.44e-05	0.00e+00	0.00e+00	0.00e+00	0.00e+00	1.30e-01	1.68e-07	1.95e-07
 9.53021e+22	1.49e-01	7.15e-01	1.36e-01	9.08e-05	7.61e-05	0.00e+00	0.00e+00	0.00e+00	0.00e+00	1.49e-01	1.89e-07	2.20e-07
 9.53800e+22	1.69e-01	7.18e-01	1.13e-01	7.94e-05	6.12e-05	0.00e+00	0.00e+00	0.00e+00	0.00e+00	1.69e-01	2.11e-07	2.45e-07
 9.54439e+22	1.86e-01	7.17e-01	9.74e-02	7.13e-05	5.08e-05	0.00e+00	0.00e+00	0.00e+00	0.00e+00	1.86e-01	2.28e-07	2.66e-07
 9.55106e+22	2.05e-01	7.13e-01	8.24e-02	6.37e-05	4.15e-05	0.00e+00	0.00e+00	0.00e+00	0.00e+00	2.05e-01	2.48e-07	2.89e-07
 9.55861e+22	2.30e-01	7.03e-01	6.66e-02	5.53e-05	3.20e-05	0.00e+00	0.00e+00	0.00e+00	0.00e+00	2.30e-01	2.72e-07	3.17e-07
 9.56545e+22	2.55e-01	6.91e-01	5.42e-02	4.85e-05	2.49e-05	0.00e+00	0.00e+00	0.00e+00	0.00e+00	2.55e-01	2.95e-07	3.43e-07
 9.57122e+22	2.77e-01	6.78e-01	4.51e-02	4.34e-05	2.00e-05	0.00e+00	0.00e+00	0.00e+00	0.00e+00	2.77e-01	3.13e-07	3.65e-07
 9.57746e+22	3.02e-01	6.61e-01	3.68e-02	3.85e-05	1.57e-05	0.00e+00	0.00e+00	0.00e+00	0.00e+00	3.02e-01	3.33e-07	3.88e-07
 9.58558e+22	3.38e-01	6.34e-01	2.75e-02	3.26e-05	1.10e-05	0.00e+00	0.00e+00	0.00e+00	0.00e+00	3.38e-01	3.59e-07	4.18e-07
 9.59361e+22	3.81e-01	6.00e-01	1.99e-02	2.70e-05	7.49e-06	0.00e+00	0.00e+00	0.00e+00	0.00e+00	3.81e-01	3.84e-07	4.48e-07
 9.59950e+22	4.12e-01	5.73e-01	1.55e-02	2.36e-05	5.58e-06	0.00e+00	0.00e+00	0.00e+00	0.00e+00	4.12e-01	3.99e-07	4.66e-07
 9.60456e+22	4.37e-01	5.51e-01	1.26e-02	2.13e-05	4.37e-06	0.00e+00	0.00e+00	0.00e+00	0.00e+00	4.37e-01	4.10e-07	4.77e-07
 9.61002e+22	4.66e-01	5.24e-01	9.88e-03	1.88e-05	3.29e-06	0.00e+00	0.00e+00	0.00e+00	0.00e+00	4.66e-01	4.19e-07	4.89e-07
 9.61552e+22	4.98e-01	4.94e-01	7.63e-03	1.65e-05	2.44e-06	0.00e+00	0.00e+00	0.00e+00	0.00e+00	4.98e-01	4.27e-07	4.98e-07
 9.62034e+22	5.26e-01	4.67e-01	6.03e-03	1.47e-05	1.85e-06	0.00e+00	0.00e+00	0.00e+00	0.00e+00	5.26e-01	4.31e-07	5.03e-07
 9.62447e+22	5.49e-01	4.46e-01	4.93e-03	1.34e-05	1.48e-06	0.00e+00	0.00e+00	0.00e+00	0.00e+00	5.49e-01	4.33e-07	5.05e-07
 9.62831e+22	5.70e-01	4.26e-01	4.07e-03	1.22e-05	1.19e-06	0.00e+00	0.00e+00	0.00e+00	0.00e+00	5.70e-01	4.34e-07	5.06e-07
 9.63214e+22	5.92e-01	4.05e-01	3.34e-03	1.11e-05	9.49e-07	0.00e+00	0.00e+00	0.00e+00	0.00e+00	5.92e-01	4.32e-07	5.04e-07
 9.63526e+22	6.09e-01	3.88e-01	2.85e-03	1.03e-05	7.91e-07	0.00e+00	0.00e+00	0.00e+00	0.00e+00	6.09e-01	4.31e-07	5.02e-07
 9.63728e+22	6.19e-01	3.79e-01	2.58e-03	9.89e-06	7.11e-07	0.00e+00	0.00e+00	0.00e+00	0.00e+00	6.19e-01	4.29e-07	5.01e-07
 9.63923e+22	6.28e-01	3.70e-01	2.35e-03	9.51e-06	6.39e-07	0.00e+00	0.00e+00	0.00e+00	0.00e+00	6.28e-01	4.27e-07	4.99e-07
 9.64176e+22	6.41e-01	3.57e-01	2.05e-03	8.95e-06	5.49e-07	0.00e+00	0.00e+00	0.00e+00	0.00e+00	6.41e-01	4.24e-07	4.95e-07
 9.64448e+22	6.58e-01	3.41e-01	1.76e-03	8.30e-06	4.63e-07	0.00e+00	0.00e+00	0.00e+00	0.00e+00	6.58e-01	4.20e-07	4.90e-07
 9.64669e+22	6.69e-01	3.29e-01	1.56e-03	7.86e-06	4.06e-07	0.00e+00	0.00e+00	0.00e+00	0.00e+00	6.69e-01	4.17e-07	4.86e-07
 9.64855e+22	6.78e-01	3.20e-01	1.42e-03	7.53e-06	3.64e-07	0.00e+00	0.00e+00	0.00e+00	0.00e+00	6.78e-01	4.14e-07	4.82e-07
 9.65064e+22	6.88e-01	3.10e-01	1.27e-03	7.18e-06	3.22e-07	0.00e+00	0.00e+00	0.00e+00	0.00e+00	6.88e-01	4.10e-07	4.78e-07
 9.65310e+22	7.02e-01	2.97e-01	1.10e-03	6.72e-06	2.77e-07	0.00e+00	0.00e+00	0.00e+00	0.00e+00	7.02e-01	4.05e-07	4.72e-07
 9.65548e+22	7.15e-01	2.84e-01	9.63e-04	6.28e-06	2.38e-07	0.00e+00	0.00e+00	0.00e+00	0.00e+00	7.15e-01	3.99e-07	4.65e-07
 9.65740e+22	7.24e-01	2.75e-01	8.71e-04	6.00e-06	2.13e-07	0.00e+00	0.00e+00	0.00e+00	0.00e+00	7.24e-01	3.95e-07	4.60e-07
 9.65924e+22	7.33e-01	2.67e-01	7.90e-04	5.74e-06	1.92e-07	0.00e+00	0.00e+00	0.00e+00	0.00e+00	7.33e-01	3.90e-07	4.55e-07
 9.66146e+22	7.44e-01	2.56e-01	7.00e-04	5.42e-06	1.68e-07	0.00e+00	0.00e+00	0.00e+00	0.00e+00	7.44e-01	3.84e-07	4.48e-07
 9.66381e+22	7.56e-01	2.43e-01	6.13e-04	5.06e-06	1.45e-07	0.00e+00	0.00e+00	0.00e+00	0.00e+00	7.56e-01	3.78e-07	4.40e-07
 9.66581e+22	7.65e-01	2.34e-01	5.52e-04	4.80e-06	1.30e-07	0.00e+00	0.00e+00	0.00e+00	0.00e+00	7.65e-01	3.72e-07	4.33e-07
 9.66759e+22	7.73e-01	2.27e-01	5.05e-04	4.60e-06	0.00e+00	0.00e+00	0.00e+00	0.00e+00	0.00e+00	7.73e-01	3.67e-07	4.27e-07
 9.66960e+22	7.81e-01	2.18e-01	4.56e-04	4.37e-06	0.00e+00	0.00e+00	0.00e+00	0.00e+00	0.00e+00	7.81e-01	3.61e-07	4.21e-07
 9.67188e+22	7.92e-01	2.08e-01	4.06e-04	4.09e-06	0.00e+00	0.00e+00	0.00e+00	0.00e+00	0.00e+00	7.92e-01	3.54e-07	4.12e-07
 9.67400e+22	8.01e-01	1.98e-01	3.65e-04	3.85e-06	0.00e+00	0.00e+00	0.00e+00	0.00e+00	0.00e+00	8.01e-01	3.47e-07	4.04e-07
 9.67581e+22	8.08e-01	1.92e-01	3.37e-04	3.69e-06	0.00e+00	0.00e+00	0.00e+00	0.00e+00	0.00e+00	8.08e-01	3.42e-07	3.98e-07
 9.67767e+22	8.15e-01	1.85e-01	3.11e-04	3.53e-06	0.00e+00	0.00e+00	0.00e+00	0.00e+00	0.00e+00	8.15e-01	3.37e-07	3.92e-07
 9.67989e+22	8.24e-01	1.76e-01	2.82e-04	3.32e-06	0.00e+00	0.00e+00	0.00e+00	0.00e+00	0.00e+00	8.24e-01	3.30e-07	3.83e-07
 9.68213e+22	8.33e-01	1.67e-01	2.56e-04	3.10e-06	0.00e+00	0.00e+00	0.00e+00	0.00e+00	0.00e+00	8.33e-01	3.23e-07	3.74e-07
 9.68402e+22	8.40e-01	1.60e-01	2.38e-04	2.95e-06	0.00e+00	0.00e+00	0.00e+00	0.00e+00	0.00e+00	8.40e-01	3.17e-07	3.68e-07
 9.68574e+22	8.45e-01	1.55e-01	2.25e-04	2.84e-06	0.00e+00	0.00e+00	0.00e+00	0.00e+00	0.00e+00	8.45e-01	3.12e-07	3.62e-07
 9.68774e+22	8.51e-01	1.49e-01	2.10e-04	2.70e-06	0.00e+00	0.00e+00	0.00e+00	0.00e+00	0.00e+00	8.51e-01	3.06e-07	3.54e-07
 9.69002e+22	8.59e-01	1.41e-01	1.95e-04	2.53e-06	0.00e+00	0.00e+00	0.00e+00	0.00e+00	0.00e+00	8.59e-01	2.98e-07	3.43e-07
 9.69207e+22	8.66e-01	1.34e-01	1.83e-04	2.39e-06	0.00e+00	0.00e+00	0.00e+00	0.00e+00	0.00e+00	8.66e-01	2.91e-07	3.34e-07
 9.69380e+22	8.70e-01	1.29e-01	1.76e-04	2.30e-06	0.00e+00	0.00e+00	0.00e+00	0.00e+00	0.00e+00	8.70e-01	2.86e-07	3.27e-07
 9.69562e+22	8.75e-01	1.25e-01	1.69e-04	2.21e-06	0.00e+00	0.00e+00	0.00e+00	0.00e+00	0.00e+00	8.75e-01	2.81e-07	3.19e-07
 9.69772e+22	8.81e-01	1.19e-01	1.62e-04	2.09e-06	0.00e+00	0.00e+00	0.00e+00	0.00e+00	0.00e+00	8.81e-01	2.75e-07	3.11e-07
 9.69977e+22	8.86e-01	1.14e-01	1.55e-04	1.98e-06	0.00e+00	0.00e+00	0.00e+00	0.00e+00	0.00e+00	8.86e-01	2.69e-07	3.02e-07
 9.70155e+22	8.90e-01	1.10e-01	1.51e-04	1.90e-06	0.00e+00	0.00e+00	0.00e+00	0.00e+00	0.00e+00	8.90e-01	2.64e-07	2.96e-07
 9.70331e+22	8.94e-01	1.06e-01	1.48e-04	1.84e-06	0.00e+00	0.00e+00	0.00e+00	0.00e+00	0.00e+00	8.94e-01	2.60e-07	2.89e-07
 9.70529e+22	8.98e-01	1.02e-01	1.44e-04	1.76e-06	0.00e+00	0.00e+00	0.00e+00	0.00e+00	0.00e+00	8.98e-01	2.55e-07	2.83e-07
 9.70735e+22	9.02e-01	9.74e-02	1.41e-04	1.67e-06	0.00e+00	0.00e+00	0.00e+00	0.00e+00	0.00e+00	9.02e-01	2.49e-07	2.75e-07
 9.70925e+22	9.06e-01	9.38e-02	1.39e-04	1.60e-06	0.00e+00	0.00e+00	0.00e+00	0.00e+00	0.00e+00	9.06e-01	2.45e-07	2.69e-07
 9.71103e+22	9.09e-01	9.09e-02	1.37e-04	1.55e-06	0.00e+00	0.00e+00	0.00e+00	0.00e+00	0.00e+00	9.09e-01	2.41e-07	2.64e-07
 9.71298e+22	9.12e-01	8.77e-02	1.36e-04	1.49e-06	0.00e+00	0.00e+00	0.00e+00	0.00e+00	0.00e+00	9.12e-01	2.37e-07	2.58e-07
 9.71512e+22	9.16e-01	8.41e-02	1.35e-04	1.43e-06	0.00e+00	0.00e+00	0.00e+00	0.00e+00	0.00e+00	9.16e-01	2.33e-07	2.52e-07
 9.71719e+22	9.19e-01	8.09e-02	1.34e-04	1.37e-06	0.00e+00	0.00e+00	0.00e+00	0.00e+00	0.00e+00	9.19e-01	2.29e-07	2.47e-07
 9.71915e+22	9.21e-01	7.84e-02	1.34e-04	1.32e-06	0.00e+00	0.00e+00	0.00e+00	0.00e+00	0.00e+00	9.21e-01	2.25e-07	2.42e-07
 9.72114e+22	9.24e-01	7.61e-02	1.34e-04	1.28e-06	0.00e+00	0.00e+00	0.00e+00	0.00e+00	0.00e+00	9.24e-01	2.22e-07	2.37e-07
 9.72322e+22	9.26e-01	7.36e-02	1.34e-04	1.24e-06	0.00e+00	0.00e+00	0.00e+00	0.00e+00	0.00e+00	9.26e-01	2.19e-07	2.33e-07
 9.72530e+22	9.29e-01	7.14e-02	1.35e-04	1.20e-06	0.00e+00	0.00e+00	0.00e+00	0.00e+00	0.00e+00	9.29e-01	2.15e-07	2.28e-07
 9.72732e+22	9.30e-01	6.94e-02	1.35e-04	1.17e-06	0.00e+00	0.00e+00	0.00e+00	0.00e+00	0.00e+00	9.30e-01	2.12e-07	2.24e-07
 9.72925e+22	9.32e-01	6.77e-02	1.36e-04	1.14e-06	0.00e+00	0.00e+00	0.00e+00	0.00e+00	0.00e+00	9.32e-01	2.09e-07	2.21e-07
 9.73113e+22	9.34e-01	6.62e-02	1.37e-04	1.11e-06	0.00e+00	0.00e+00	0.00e+00	0.00e+00	0.00e+00	9.34e-01	2.07e-07	2.17e-07
 9.73300e+22	9.35e-01	6.48e-02	1.38e-04	1.09e-06	0.00e+00	0.00e+00	0.00e+00	0.00e+00	0.00e+00	9.35e-01	2.05e-07	2.14e-07
 9.73492e+22	9.36e-01	6.35e-02	1.39e-04	1.07e-06	0.00e+00	0.00e+00	0.00e+00	0.00e+00	0.00e+00	9.36e-01	2.02e-07	2.11e-07
 9.73692e+22	9.38e-01	6.22e-02	1.40e-04	1.05e-06	0.00e+00	0.00e+00	0.00e+00	0.00e+00	0.00e+00	9.38e-01	2.00e-07	2.09e-07
 9.73902e+22	9.39e-01	6.08e-02	1.40e-04	1.02e-06	0.00e+00	0.00e+00	0.00e+00	0.00e+00	0.00e+00	9.39e-01	1.98e-07	2.06e-07
 9.74122e+22	9.40e-01	5.95e-02	1.41e-04	1.00e-06	0.00e+00	0.00e+00	0.00e+00	0.00e+00	0.00e+00	9.40e-01	1.96e-07	2.03e-07
 9.74351e+22	9.42e-01	5.83e-02	1.43e-04	9.83e-07	0.00e+00	0.00e+00	0.00e+00	0.00e+00	0.00e+00	9.42e-01	1.94e-07	2.01e-07
 9.74578e+22	9.43e-01	5.73e-02	1.43e-04	9.66e-07	0.00e+00	0.00e+00	0.00e+00	0.00e+00	0.00e+00	9.43e-01	1.93e-07	1.99e-07
 9.74818e+22	9.44e-01	5.64e-02	1.44e-04	9.51e-07	0.00e+00	0.00e+00	0.00e+00	0.00e+00	0.00e+00	9.44e-01	1.91e-07	1.96e-07
 9.75088e+22	9.45e-01	5.52e-02	1.46e-04	9.33e-07	0.00e+00	0.00e+00	0.00e+00	0.00e+00	0.00e+00	9.45e-01	1.89e-07	1.94e-07
 9.75375e+22	9.46e-01	5.42e-02	1.46e-04	9.17e-07	0.00e+00	0.00e+00	0.00e+00	0.00e+00	0.00e+00	9.46e-01	1.88e-07	1.92e-07
 9.75682e+22	9.46e-01	5.34e-02	1.47e-04	9.03e-07	0.00e+00	0.00e+00	0.00e+00	0.00e+00	0.00e+00	9.46e-01	1.86e-07	1.90e-07
 9.76046e+22	9.47e-01	5.24e-02	1.48e-04	8.87e-07	0.00e+00	0.00e+00	0.00e+00	0.00e+00	0.00e+00	9.47e-01	1.85e-07	1.88e-07
 9.76456e+22	9.48e-01	5.14e-02	1.49e-04	8.71e-07	0.00e+00	0.00e+00	0.00e+00	0.00e+00	0.00e+00	9.48e-01	1.83e-07	1.87e-07
 9.76916e+22	9.49e-01	5.07e-02	1.50e-04	8.59e-07	0.00e+00	0.00e+00	0.00e+00	0.00e+00	0.00e+00	9.49e-01	1.82e-07	1.85e-07
 9.77436e+22	9.50e-01	4.99e-02	1.50e-04	8.46e-07	0.00e+00	0.00e+00	0.00e+00	0.00e+00	0.00e+00	9.50e-01	1.81e-07	1.84e-07
 9.77951e+22	9.50e-01	4.94e-02	1.51e-04	8.36e-07	0.00e+00	0.00e+00	0.00e+00	0.00e+00	0.00e+00	9.50e-01	1.80e-07	1.82e-07
 9.78420e+22	9.51e-01	4.91e-02	1.51e-04	8.32e-07	0.00e+00	0.00e+00	0.00e+00	0.00e+00	0.00e+00	9.51e-01	1.79e-07	1.82e-07
 9.78913e+22	9.51e-01	4.89e-02	1.52e-04	8.29e-07	0.00e+00	0.00e+00	0.00e+00	0.00e+00	0.00e+00	9.51e-01	1.79e-07	1.81e-07
 9.79531e+22	9.51e-01	4.85e-02	1.52e-04	8.21e-07	0.00e+00	0.00e+00	0.00e+00	0.00e+00	0.00e+00	9.51e-01	1.78e-07	1.80e-07
 9.80335e+22	9.52e-01	4.79e-02	1.52e-04	8.11e-07	0.00e+00	0.00e+00	0.00e+00	0.00e+00	0.00e+00	9.52e-01	1.77e-07	1.79e-07
 9.81380e+22	9.52e-01	4.75e-02	1.52e-04	8.02e-07	0.00e+00	0.00e+00	0.00e+00	0.00e+00	0.00e+00	9.52e-01	1.76e-07	1.78e-07
 9.82739e+22	9.53e-01	4.70e-02	1.52e-04	7.92e-07	0.00e+00	0.00e+00	0.00e+00	0.00e+00	0.00e+00	9.53e-01	1.76e-07	1.77e-07
 9.84506e+22	9.53e-01	4.65e-02	1.52e-04	7.82e-07	0.00e+00	0.00e+00	0.00e+00	0.00e+00	0.00e+00	9.53e-01	1.75e-07	1.76e-07
 9.86802e+22	9.54e-01	4.59e-02	1.52e-04	7.69e-07	0.00e+00	0.00e+00	0.00e+00	0.00e+00	0.00e+00	9.54e-01	1.73e-07	1.75e-07
 9.89281e+22	9.55e-01	4.53e-02	1.52e-04	7.57e-07	0.00e+00	0.00e+00	0.00e+00	0.00e+00	0.00e+00	9.55e-01	1.72e-07	1.73e-07
 9.91537e+22	9.55e-01	4.49e-02	1.52e-04	7.46e-07	0.00e+00	0.00e+00	0.00e+00	0.00e+00	0.00e+00	9.55e-01	1.71e-07	1.72e-07
 9.94009e+22	9.56e-01	4.43e-02	1.51e-04	7.35e-07	0.00e+00	0.00e+00	0.00e+00	0.00e+00	0.00e+00	9.56e-01	1.70e-07	1.71e-07
 9.96677e+22	9.56e-01	4.37e-02	1.51e-04	7.22e-07	0.00e+00	0.00e+00	0.00e+00	0.00e+00	0.00e+00	9.56e-01	1.68e-07	1.69e-07
 9.99106e+22	9.57e-01	4.32e-02	1.51e-04	7.11e-07	0.00e+00	0.00e+00	0.00e+00	0.00e+00	0.00e+00	9.57e-01	1.66e-07	1.68e-07
 1.00177e+23	9.57e-01	4.26e-02	1.51e-04	7.00e-07	0.00e+00	0.00e+00	0.00e+00	0.00e+00	0.00e+00	9.57e-01	1.65e-07	1.67e-07
 1.00464e+23	9.58e-01	4.20e-02	1.50e-04	6.87e-07	0.00e+00	0.00e+00	0.00e+00	0.00e+00	0.00e+00	9.58e-01	1.63e-07	1.65e-07
 1.00725e+23	9.58e-01	4.15e-02	1.50e-04	6.76e-07	0.00e+00	0.00e+00	0.00e+00	0.00e+00	0.00e+00	9.58e-01	1.61e-07	1.64e-07
 1.00963e+23	9.59e-01	4.10e-02	1.50e-04	6.66e-07	0.00e+00	0.00e+00	0.00e+00	0.00e+00	0.00e+00	9.59e-01	1.60e-07	1.63e-07
 1.01224e+23	9.59e-01	4.05e-02	1.49e-04	6.55e-07	0.00e+00	0.00e+00	0.00e+00	0.00e+00	0.00e+00	9.59e-01	1.59e-07	1.61e-07
 1.01506e+23	9.60e-01	3.99e-02	1.49e-04	6.43e-07	0.00e+00	0.00e+00	0.00e+00	0.00e+00	0.00e+00	9.60e-01	1.57e-07	1.60e-07
 1.01762e+23	9.60e-01	3.94e-02	1.48e-04	6.33e-07	0.00e+00	0.00e+00	0.00e+00	0.00e+00	0.00e+00	9.60e-01	1.56e-07	1.59e-07
 1.01995e+23	9.61e-01	3.90e-02	1.48e-04	6.25e-07	0.00e+00	0.00e+00	0.00e+00	0.00e+00	0.00e+00	9.61e-01	1.55e-07	1.58e-07
 1.02250e+23	9.61e-01	3.85e-02	1.47e-04	6.16e-07	0.00e+00	0.00e+00	0.00e+00	0.00e+00	0.00e+00	9.61e-01	1.53e-07	1.56e-07
 1.02582e+23	9.62e-01	3.80e-02	1.47e-04	6.04e-07	0.00e+00	0.00e+00	0.00e+00	0.00e+00	0.00e+00	9.62e-01	1.52e-07	1.55e-07
 1.02941e+23	9.62e-01	3.74e-02	1.46e-04	5.92e-07	0.00e+00	0.00e+00	0.00e+00	0.00e+00	0.00e+00	9.62e-01	1.50e-07	1.54e-07
 1.03267e+23	9.63e-01	3.69e-02	1.45e-04	5.81e-07	0.00e+00	0.00e+00	0.00e+00	0.00e+00	0.00e+00	9.63e-01	1.49e-07	1.52e-07
 1.03564e+23	9.63e-01	3.65e-02	1.44e-04	5.72e-07	0.00e+00	0.00e+00	0.00e+00	0.00e+00	0.00e+00	9.63e-01	1.48e-07	1.51e-07
 1.03889e+23	9.64e-01	3.59e-02	1.44e-04	5.62e-07	0.00e+00	0.00e+00	0.00e+00	0.00e+00	0.00e+00	9.64e-01	1.47e-07	1.50e-07
 1.04240e+23	9.64e-01	3.54e-02	1.43e-04	5.51e-07	0.00e+00	0.00e+00	0.00e+00	0.00e+00	0.00e+00	9.64e-01	1.45e-07	1.49e-07
