#depth	He	He+	He+2
 6.17135e+19	1.70e-10	6.16e-05	1.00e+00
 1.87609e+20	1.83e-10	6.87e-05	1.00e+00
 2.96284e+20	1.94e-10	7.53e-05	1.00e+00
 3.76500e+20	2.02e-10	8.05e-05	1.00e+00
 4.36135e+20	2.09e-10	8.45e-05	1.00e+00
 4.83063e+20	2.13e-10	8.78e-05	1.00e+00
 5.36001e+20	2.19e-10	9.15e-05	1.00e+00
 6.04821e+20	2.27e-10	9.66e-05	1.00e+00
 6.78329e+20	2.35e-10	1.02e-04	1.00e+00
 7.42502e+20	2.43e-10	1.07e-04	1.00e+00
 8.10498e+20	2.52e-10	1.13e-04	1.00e+00
 8.87165e+20	2.62e-10	1.19e-04	1.00e+00
 9.59894e+20	2.74e-10	1.26e-04	1.00e+00
 1.02859e+21	2.85e-10	1.32e-04	1.00e+00
 1.10725e+21	2.99e-10	1.39e-04	1.00e+00
 1.19528e+21	3.17e-10	1.47e-04	1.00e+00
 1.27823e+21	3.35e-10	1.55e-04	1.00e+00
 1.34863e+21	3.52e-10	1.63e-04	1.00e+00
 1.40998e+21	3.69e-10	1.69e-04	1.00e+00
 1.47971e+21	3.88e-10	1.76e-04	1.00e+00
 1.57037e+21	4.16e-10	1.86e-04	1.00e+00
 1.66372e+21	4.48e-10	1.97e-04	1.00e+00
 1.74081e+21	4.77e-10	2.05e-04	1.00e+00
 1.82126e+21	5.09e-10	2.15e-04	1.00e+00
 1.92586e+21	5.54e-10	2.27e-04	1.00e+00
 2.03173e+21	6.06e-10	2.40e-04	1.00e+00
 2.11619e+21	6.50e-10	2.51e-04	1.00e+00
 2.20292e+21	6.99e-10	2.62e-04	1.00e+00
 2.31567e+21	7.68e-10	2.78e-04	1.00e+00
 2.43253e+21	8.47e-10	2.94e-04	1.00e+00
 2.52984e+21	9.18e-10	3.07e-04	1.00e+00
 2.63147e+21	9.98e-10	3.22e-04	1.00e+00
 2.76359e+21	1.11e-09	3.42e-04	1.00e+00
 2.89937e+21	1.24e-09	3.63e-04	1.00e+00
 3.01125e+21	1.35e-09	3.80e-04	1.00e+00
 3.12800e+21	1.48e-09	3.99e-04	1.00e+00
 3.27978e+21	1.67e-09	4.24e-04	1.00e+00
 3.43816e+21	1.88e-09	4.52e-04	1.00e+00
 3.55841e+21	2.06e-09	4.73e-04	1.00e+00
 3.64998e+21	2.19e-09	4.90e-04	1.00e+00
 3.75103e+21	2.36e-09	5.08e-04	9.99e-01
 3.88238e+21	2.59e-09	5.33e-04	9.99e-01
 4.02692e+21	2.86e-09	5.61e-04	9.99e-01
 4.15796e+21	3.13e-09	5.87e-04	9.99e-01
 4.27914e+21	3.39e-09	6.12e-04	9.99e-01
 4.41814e+21	3.72e-09	6.41e-04	9.99e-01
 4.57491e+21	4.11e-09	6.74e-04	9.99e-01
 4.72363e+21	4.52e-09	7.07e-04	9.99e-01
 4.86405e+21	4.92e-09	7.39e-04	9.99e-01
 5.02485e+21	5.43e-09	7.76e-04	9.99e-01
 5.20499e+21	6.04e-09	8.18e-04	9.99e-01
 5.37469e+21	6.66e-09	8.59e-04	9.99e-01
 5.55972e+21	7.39e-09	9.05e-04	9.99e-01
 5.76464e+21	8.27e-09	9.58e-04	9.99e-01
 5.95494e+21	9.18e-09	1.01e-03	9.99e-01
 6.16188e+21	1.02e-08	1.06e-03	9.99e-01
 6.39526e+21	1.15e-08	1.13e-03	9.99e-01
 6.61753e+21	1.28e-08	1.19e-03	9.99e-01
 6.86097e+21	1.44e-08	1.26e-03	9.99e-01
 7.13017e+21	1.64e-08	1.35e-03	9.99e-01
 7.35167e+21	1.81e-08	1.42e-03	9.99e-01
 7.52107e+21	1.95e-08	1.47e-03	9.99e-01
 7.70395e+21	2.12e-08	1.53e-03	9.98e-01
 7.94170e+21	2.34e-08	1.60e-03	9.98e-01
 8.20509e+21	2.61e-08	1.69e-03	9.98e-01
 8.44977e+21	2.88e-08	1.78e-03	9.98e-01
 8.71581e+21	3.20e-08	1.87e-03	9.98e-01
 8.99925e+21	3.57e-08	1.98e-03	9.98e-01
 9.24637e+21	3.92e-08	2.07e-03	9.98e-01
 9.50867e+21	4.31e-08	2.17e-03	9.98e-01
 9.84967e+21	4.85e-08	2.30e-03	9.98e-01
 1.01986e+22	5.48e-08	2.44e-03	9.98e-01
 1.04815e+22	6.02e-08	2.56e-03	9.97e-01
 1.07728e+22	6.61e-08	2.68e-03	9.97e-01
 1.11515e+22	7.45e-08	2.84e-03	9.97e-01
 1.15478e+22	8.43e-08	3.01e-03	9.97e-01
 1.18825e+22	9.31e-08	3.16e-03	9.97e-01
 1.22331e+22	1.03e-07	3.32e-03	9.97e-01
 1.26889e+22	1.17e-07	3.54e-03	9.96e-01
 1.31601e+22	1.33e-07	3.77e-03	9.96e-01
 1.35506e+22	1.48e-07	3.96e-03	9.96e-01
 1.39575e+22	1.64e-07	4.17e-03	9.96e-01
 1.44866e+22	1.87e-07	4.44e-03	9.96e-01
 1.50412e+22	2.14e-07	4.74e-03	9.95e-01
 1.55129e+22	2.39e-07	5.00e-03	9.95e-01
 1.59203e+22	2.62e-07	5.23e-03	9.95e-01
 1.63601e+22	2.89e-07	5.50e-03	9.95e-01
 1.69319e+22	3.27e-07	5.84e-03	9.94e-01
 1.75268e+22	3.71e-07	6.21e-03	9.94e-01
 1.80233e+22	4.10e-07	6.52e-03	9.93e-01
 1.84704e+22	4.49e-07	6.82e-03	9.93e-01
 1.89816e+22	4.97e-07	7.17e-03	9.93e-01
 1.96460e+22	5.64e-07	7.64e-03	9.92e-01
 2.03277e+22	6.42e-07	8.15e-03	9.92e-01
 2.08707e+22	7.10e-07	8.56e-03	9.91e-01
 2.14156e+22	7.84e-07	9.01e-03	9.91e-01
 2.21239e+22	8.91e-07	9.62e-03	9.90e-01
 2.28546e+22	1.01e-06	1.03e-02	9.90e-01
 2.34591e+22	1.12e-06	1.08e-02	9.89e-01
 2.40895e+22	1.25e-06	1.15e-02	9.89e-01
 2.49090e+22	1.44e-06	1.24e-02	9.88e-01
 2.57475e+22	1.66e-06	1.33e-02	9.87e-01
 2.64311e+22	1.86e-06	1.42e-02	9.86e-01
 2.71400e+22	2.09e-06	1.51e-02	9.85e-01
 2.79406e+22	2.39e-06	1.63e-02	9.84e-01
 2.86950e+22	2.71e-06	1.75e-02	9.82e-01
 2.93884e+22	3.05e-06	1.87e-02	9.81e-01
 3.01680e+22	3.48e-06	2.03e-02	9.80e-01
 3.10147e+22	4.01e-06	2.21e-02	9.78e-01
 3.17655e+22	4.57e-06	2.40e-02	9.76e-01
 3.24289e+22	5.13e-06	2.58e-02	9.74e-01
 3.31620e+22	5.83e-06	2.81e-02	9.72e-01
 3.39662e+22	6.76e-06	3.10e-02	9.69e-01
 3.46873e+22	7.73e-06	3.40e-02	9.66e-01
 3.53320e+22	8.73e-06	3.70e-02	9.63e-01
 3.60530e+22	1.00e-05	4.09e-02	9.59e-01
 3.68337e+22	1.17e-05	4.58e-02	9.54e-01
 3.75161e+22	1.35e-05	5.11e-02	9.49e-01
 3.81132e+22	1.54e-05	5.64e-02	9.44e-01
 3.87753e+22	1.77e-05	6.32e-02	9.37e-01
 3.94907e+22	2.09e-05	7.22e-02	9.28e-01
 4.01076e+22	2.43e-05	8.18e-02	9.18e-01
 4.06339e+22	2.78e-05	9.16e-02	9.08e-01
 4.12098e+22	3.21e-05	1.04e-01	8.96e-01
 4.18306e+22	3.80e-05	1.21e-01	8.79e-01
 4.23626e+22	4.43e-05	1.39e-01	8.61e-01
 4.28104e+22	5.08e-05	1.57e-01	8.43e-01
 4.32963e+22	5.90e-05	1.79e-01	8.21e-01
 4.38198e+22	6.96e-05	2.09e-01	7.91e-01
 4.42705e+22	8.09e-05	2.40e-01	7.60e-01
 4.46543e+22	9.20e-05	2.71e-01	7.29e-01
 4.50087e+22	1.04e-04	3.02e-01	6.98e-01
 4.53462e+22	1.16e-04	3.35e-01	6.64e-01
 4.56765e+22	1.30e-04	3.71e-01	6.29e-01
 4.60563e+22	1.47e-04	4.14e-01	5.86e-01
 4.64587e+22	1.67e-04	4.63e-01	5.37e-01
 4.68018e+22	1.85e-04	5.06e-01	4.94e-01
 4.71118e+22	2.02e-04	5.45e-01	4.55e-01
 4.74673e+22	2.22e-04	5.88e-01	4.12e-01
 4.78682e+22	2.45e-04	6.35e-01	3.65e-01
 4.82487e+22	2.67e-04	6.77e-01	3.23e-01
 4.85801e+22	2.86e-04	7.10e-01	2.90e-01
 4.89274e+22	3.06e-04	7.42e-01	2.58e-01
 4.93155e+22	3.27e-04	7.73e-01	2.27e-01
 4.96845e+22	3.47e-04	7.99e-01	2.01e-01
 5.00900e+22	3.68e-04	8.24e-01	1.76e-01
 5.05446e+22	3.91e-04	8.48e-01	1.52e-01
 5.09905e+22	4.12e-04	8.67e-01	1.32e-01
 5.14581e+22	4.34e-04	8.85e-01	1.15e-01
 5.19838e+22	4.57e-04	9.01e-01	9.90e-02
 5.25535e+22	4.82e-04	9.15e-01	8.49e-02
 5.31509e+22	5.07e-04	9.27e-01	7.30e-02
 5.37869e+22	5.32e-04	9.37e-01	6.27e-02
 5.44833e+22	5.60e-04	9.46e-01	5.36e-02
 5.52531e+22	5.89e-04	9.54e-01	4.56e-02
 5.61044e+22	6.22e-04	9.61e-01	3.86e-02
 5.70526e+22	6.57e-04	9.67e-01	3.25e-02
 5.81316e+22	6.97e-04	9.72e-01	2.71e-02
 5.93887e+22	7.43e-04	9.77e-01	2.24e-02
 6.07214e+22	7.93e-04	9.81e-01	1.86e-02
 6.20193e+22	8.41e-04	9.83e-01	1.58e-02
 6.35019e+22	8.99e-04	9.86e-01	1.33e-02
 6.54293e+22	9.78e-04	9.88e-01	1.08e-02
 6.74237e+22	1.06e-03	9.90e-01	8.89e-03
 6.91091e+22	1.14e-03	9.91e-01	7.72e-03
 7.09039e+22	1.23e-03	9.92e-01	6.70e-03
 7.32370e+22	1.36e-03	9.93e-01	5.65e-03
 7.56418e+22	1.51e-03	9.94e-01	4.83e-03
 7.75868e+22	1.66e-03	9.94e-01	4.33e-03
 7.92856e+22	1.81e-03	9.94e-01	3.97e-03
 8.08262e+22	1.98e-03	9.94e-01	3.68e-03
 8.18563e+22	2.11e-03	9.94e-01	3.52e-03
 8.23939e+22	2.18e-03	9.94e-01	3.47e-03
 8.28732e+22	2.25e-03	9.94e-01	3.42e-03
 8.34963e+22	2.35e-03	9.94e-01	3.32e-03
 8.43063e+22	2.50e-03	9.94e-01	3.19e-03
 8.50908e+22	2.66e-03	9.94e-01	3.08e-03
 8.56165e+22	2.78e-03	9.94e-01	3.02e-03
 8.59885e+22	2.88e-03	9.94e-01	2.99e-03
 8.63863e+22	2.99e-03	9.94e-01	2.95e-03
 8.69034e+22	3.14e-03	9.94e-01	2.88e-03
 8.74280e+22	3.31e-03	9.94e-01	2.81e-03
 8.78257e+22	3.46e-03	9.94e-01	2.77e-03
 8.81394e+22	3.59e-03	9.94e-01	2.74e-03
 8.84806e+22	3.74e-03	9.94e-01	2.71e-03
 8.88660e+22	3.93e-03	9.93e-01	2.66e-03
 8.92160e+22	4.12e-03	9.93e-01	2.63e-03
 8.95065e+22	4.29e-03	9.93e-01	2.60e-03
 8.97701e+22	4.46e-03	9.93e-01	2.57e-03
 9.00709e+22	4.68e-03	9.93e-01	2.54e-03
 9.03932e+22	4.93e-03	9.93e-01	2.51e-03
 9.06622e+22	5.17e-03	9.92e-01	2.48e-03
 9.08808e+22	5.38e-03	9.92e-01	2.46e-03
 9.11152e+22	5.62e-03	9.92e-01	2.43e-03
 9.13768e+22	5.92e-03	9.92e-01	2.41e-03
 9.16107e+22	6.23e-03	9.91e-01	2.38e-03
 9.18056e+22	6.51e-03	9.91e-01	2.36e-03
 9.20133e+22	6.84e-03	9.91e-01	2.34e-03
 9.22424e+22	7.24e-03	9.90e-01	2.32e-03
 9.24438e+22	7.65e-03	9.90e-01	2.30e-03
 9.26125e+22	8.03e-03	9.90e-01	2.28e-03
 9.27941e+22	8.48e-03	9.89e-01	2.26e-03
 9.29980e+22	9.04e-03	9.89e-01	2.24e-03
 9.31835e+22	9.64e-03	9.88e-01	2.22e-03
 9.33433e+22	1.02e-02	9.88e-01	2.20e-03
 9.35168e+22	1.09e-02	9.87e-01	2.18e-03
 9.37073e+22	1.18e-02	9.86e-01	2.16e-03
 9.38723e+22	1.28e-02	9.85e-01	2.14e-03
 9.40059e+22	1.36e-02	9.84e-01	2.13e-03
 9.41461e+22	1.47e-02	9.83e-01	2.11e-03
 9.43045e+22	1.60e-02	9.82e-01	2.09e-03
 9.44480e+22	1.75e-02	9.80e-01	2.08e-03
 9.45683e+22	1.90e-02	9.79e-01	2.07e-03
 9.46721e+22	2.04e-02	9.78e-01	2.06e-03
 9.47653e+22	2.19e-02	9.76e-01	2.06e-03
 9.48699e+22	2.38e-02	9.74e-01	2.05e-03
 9.49800e+22	2.62e-02	9.72e-01	2.04e-03
 9.50680e+22	2.83e-02	9.70e-01	2.05e-03
 9.51384e+22	3.03e-02	9.68e-01	2.05e-03
 9.52153e+22	3.28e-02	9.65e-01	2.05e-03
 9.53021e+22	3.60e-02	9.62e-01	2.06e-03
 9.53800e+22	3.94e-02	9.59e-01	2.07e-03
 9.54439e+22	4.24e-02	9.55e-01	2.08e-03
 9.55106e+22	4.62e-02	9.52e-01	2.10e-03
 9.55861e+22	5.10e-02	9.47e-01	2.12e-03
 9.56545e+22	5.60e-02	9.42e-01	2.14e-03
 9.57122e+22	6.08e-02	9.37e-01	2.17e-03
 9.57746e+22	6.67e-02	9.31e-01	2.20e-03
 9.58558e+22	7.55e-02	9.22e-01	2.26e-03
 9.59361e+22	8.56e-02	9.12e-01	2.34e-03
 9.59950e+22	9.48e-02	9.03e-01	2.39e-03
 9.60456e+22	1.04e-01	8.94e-01	2.45e-03
 9.61002e+22	1.14e-01	8.83e-01	2.51e-03
 9.61552e+22	1.26e-01	8.71e-01	2.59e-03
 9.62034e+22	1.38e-01	8.59e-01	2.66e-03
 9.62447e+22	1.49e-01	8.48e-01	2.73e-03
 9.62831e+22	1.61e-01	8.37e-01	2.79e-03
 9.63214e+22	1.73e-01	8.24e-01	2.86e-03
 9.63526e+22	1.83e-01	8.14e-01	2.92e-03
 9.63728e+22	1.91e-01	8.06e-01	2.95e-03
 9.63923e+22	1.99e-01	7.98e-01	2.97e-03
 9.64176e+22	2.10e-01	7.87e-01	3.01e-03
 9.64448e+22	2.21e-01	7.76e-01	3.07e-03
 9.64669e+22	2.30e-01	7.67e-01	3.12e-03
 9.64855e+22	2.40e-01	7.57e-01	3.15e-03
 9.65064e+22	2.50e-01	7.47e-01	3.19e-03
 9.65310e+22	2.62e-01	7.35e-01	3.25e-03
 9.65548e+22	2.74e-01	7.23e-01	3.31e-03
 9.65740e+22	2.84e-01	7.13e-01	3.36e-03
 9.65924e+22	2.95e-01	7.01e-01	3.38e-03
 9.66146e+22	3.09e-01	6.88e-01	3.42e-03
 9.66381e+22	3.22e-01	6.74e-01	3.49e-03
 9.66581e+22	3.34e-01	6.62e-01	3.54e-03
 9.66759e+22	3.47e-01	6.50e-01	3.56e-03
 9.66960e+22	3.61e-01	6.35e-01	3.58e-03
 9.67188e+22	3.76e-01	6.20e-01	3.64e-03
 9.67400e+22	3.91e-01	6.06e-01	3.69e-03
 9.67581e+22	4.04e-01	5.92e-01	3.72e-03
 9.67767e+22	4.19e-01	5.77e-01	3.72e-03
 9.67989e+22	4.36e-01	5.60e-01	3.76e-03
 9.68213e+22	4.53e-01	5.44e-01	3.81e-03
 9.68402e+22	4.68e-01	5.28e-01	3.82e-03
 9.68574e+22	4.83e-01	5.13e-01	3.80e-03
 9.68774e+22	5.01e-01	4.95e-01	3.78e-03
 9.69002e+22	5.19e-01	4.77e-01	3.81e-03
 9.69207e+22	5.36e-01	4.60e-01	3.82e-03
 9.69380e+22	5.51e-01	4.45e-01	3.78e-03
 9.69562e+22	5.69e-01	4.28e-01	3.73e-03
 9.69772e+22	5.87e-01	4.10e-01	3.71e-03
 9.69977e+22	6.04e-01	3.93e-01	3.68e-03
 9.70155e+22	6.19e-01	3.77e-01	3.63e-03
 9.70331e+22	6.35e-01	3.61e-01	3.56e-03
 9.70529e+22	6.53e-01	3.44e-01	3.50e-03
 9.70735e+22	6.69e-01	3.27e-01	3.44e-03
 9.70925e+22	6.85e-01	3.12e-01	3.37e-03
 9.71103e+22	7.00e-01	2.97e-01	3.27e-03
 9.71298e+22	7.16e-01	2.81e-01	3.17e-03
 9.71512e+22	7.32e-01	2.65e-01	3.08e-03
 9.71719e+22	7.47e-01	2.50e-01	2.98e-03
 9.71915e+22	7.61e-01	2.36e-01	2.87e-03
 9.72114e+22	7.75e-01	2.22e-01	2.75e-03
 9.72322e+22	7.88e-01	2.09e-01	2.64e-03
 9.72530e+22	8.01e-01	1.97e-01	2.52e-03
 9.72732e+22	8.12e-01	1.85e-01	2.41e-03
 9.72925e+22	8.23e-01	1.75e-01	2.30e-03
 9.73113e+22	8.32e-01	1.66e-01	2.20e-03
 9.73300e+22	8.41e-01	1.57e-01	2.10e-03
 9.73492e+22	8.49e-01	1.49e-01	2.01e-03
 9.73692e+22	8.57e-01	1.41e-01	1.92e-03
 9.73902e+22	8.64e-01	1.34e-01	1.83e-03
 9.74122e+22	8.71e-01	1.27e-01	1.75e-03
 9.74351e+22	8.78e-01	1.20e-01	1.67e-03
 9.74578e+22	8.84e-01	1.15e-01	1.60e-03
 9.74818e+22	8.89e-01	1.09e-01	1.53e-03
 9.75088e+22	8.95e-01	1.04e-01	1.46e-03
 9.75375e+22	8.99e-01	9.95e-02	1.41e-03
 9.75682e+22	9.04e-01	9.51e-02	1.35e-03
 9.76046e+22	9.08e-01	9.10e-02	1.29e-03
 9.76456e+22	9.11e-01	8.74e-02	1.25e-03
 9.76916e+22	9.15e-01	8.42e-02	1.20e-03
 9.77436e+22	9.17e-01	8.15e-02	1.16e-03
 9.77951e+22	9.19e-01	7.96e-02	1.14e-03
 9.78420e+22	9.21e-01	7.81e-02	1.11e-03
 9.78913e+22	9.22e-01	7.68e-02	1.09e-03
 9.79531e+22	9.23e-01	7.59e-02	1.08e-03
 9.80335e+22	9.24e-01	7.50e-02	1.06e-03
 9.81380e+22	9.25e-01	7.43e-02	1.05e-03
 9.82739e+22	9.25e-01	7.36e-02	1.03e-03
 9.84506e+22	9.26e-01	7.29e-02	1.02e-03
 9.86802e+22	9.27e-01	7.19e-02	9.91e-04
 9.89281e+22	9.28e-01	7.11e-02	9.69e-04
 9.91537e+22	9.29e-01	7.05e-02	9.51e-04
 9.94009e+22	9.29e-01	6.98e-02	9.30e-04
 9.96677e+22	9.30e-01	6.89e-02	9.08e-04
 9.99106e+22	9.31e-01	6.82e-02	8.88e-04
 1.00177e+23	9.32e-01	6.75e-02	8.67e-04
 1.00464e+23	9.33e-01	6.66e-02	8.45e-04
 1.00725e+23	9.33e-01	6.59e-02	8.26e-04
 1.00963e+23	9.34e-01	6.52e-02	8.09e-04
 1.01224e+23	9.35e-01	6.45e-02	7.90e-04
 1.01506e+23	9.36e-01	6.37e-02	7.70e-04
 1.01762e+23	9.36e-01	6.30e-02	7.53e-04
 1.01995e+23	9.37e-01	6.24e-02	7.39e-04
 1.02250e+23	9.37e-01	6.18e-02	7.24e-04
 1.02582e+23	9.38e-01	6.10e-02	7.05e-04
 1.02941e+23	9.39e-01	6.02e-02	6.85e-04
 1.03267e+23	9.40e-01	5.94e-02	6.68e-04
 1.03564e+23	9.41e-01	5.88e-02	6.54e-04
 1.03889e+23	9.41e-01	5.81e-02	6.37e-04
 1.04240e+23	9.42e-01	5.73e-02	6.19e-04
 1.04559e+23	9.43e-01	5.66e-02	6.05e-04
 1.04910e+23	9.43e-01	5.59e-02	5.89e-04
 1.05288e+23	9.44e-01	5.51e-02	5.72e-04
 1.05632e+23	9.45e-01	5.45e-02	5.58e-04
 1.05945e+23	9.46e-01	5.39e-02	5.46e-04
 1.06288e+23	9.46e-01	5.32e-02	5.32e-04
 1.06658e+23	9.47e-01	5.24e-02	5.16e-04
 1.06995e+23	9.48e-01	5.18e-02	5.04e-04
 1.07302e+23	9.48e-01	5.12e-02	4.92e-04
 1.07581e+23	9.49e-01	5.07e-02	4.82e-04
 1.07886e+23	9.49e-01	5.01e-02	4.71e-04
 1.08217e+23	9.50e-01	4.95e-02	4.59e-04
 1.08517e+23	9.51e-01	4.90e-02	4.49e-04
 1.08846e+23	9.51e-01	4.84e-02	4.39e-04
 1.09202e+23	9.52e-01	4.78e-02	4.27e-04
 1.09525e+23	9.52e-01	4.72e-02	4.17e-04
 1.09819e+23	9.53e-01	4.68e-02	4.10e-04
 1.10142e+23	9.53e-01	4.62e-02	4.00e-04
 1.10490e+23	9.54e-01	4.56e-02	3.90e-04
 1.10807e+23	9.54e-01	4.52e-02	3.81e-04
 1.11154e+23	9.55e-01	4.46e-02	3.72e-04
 1.11529e+23	9.56e-01	4.40e-02	3.62e-04
 1.11870e+23	9.56e-01	4.35e-02	3.54e-04
 1.12243e+23	9.57e-01	4.30e-02	3.45e-04
 1.12647e+23	9.57e-01	4.24e-02	3.36e-04
 1.13014e+23	9.58e-01	4.19e-02	3.28e-04
 1.13416e+23	9.58e-01	4.14e-02	3.20e-04
 1.13939e+23	9.59e-01	4.07e-02	3.10e-04
 1.14504e+23	9.60e-01	4.00e-02	2.99e-04
 1.15018e+23	9.60e-01	3.94e-02	2.90e-04
 1.15486e+23	9.61e-01	3.89e-02	2.83e-04
 1.15911e+23	9.61e-01	3.84e-02	2.75e-04
 1.16298e+23	9.62e-01	3.81e-02	2.70e-04
 1.16723e+23	9.62e-01	3.76e-02	2.63e-04
 1.17274e+23	9.63e-01	3.70e-02	2.55e-04
 1.17870e+23	9.63e-01	3.64e-02	2.47e-04
 1.18412e+23	9.64e-01	3.58e-02	2.39e-04
 1.18905e+23	9.64e-01	3.54e-02	2.33e-04
 1.19354e+23	9.65e-01	3.50e-02	2.28e-04
 1.19845e+23	9.65e-01	3.45e-02	2.22e-04
 1.20376e+23	9.66e-01	3.40e-02	2.15e-04
 1.20859e+23	9.66e-01	3.36e-02	2.11e-04
 1.21389e+23	9.67e-01	3.32e-02	2.05e-04
 1.21960e+23	9.67e-01	3.27e-02	1.99e-04
 1.22480e+23	9.68e-01	3.23e-02	1.94e-04
 1.23050e+23	9.68e-01	3.18e-02	1.88e-04
 1.23665e+23	9.69e-01	3.13e-02	1.83e-04
 1.24225e+23	9.69e-01	3.09e-02	1.78e-04
 1.24735e+23	9.69e-01	3.05e-02	1.74e-04
 1.25293e+23	9.70e-01	3.01e-02	1.69e-04
 1.25896e+23	9.70e-01	2.97e-02	1.64e-04
 1.26444e+23	9.70e-01	2.93e-02	1.60e-04
 1.27045e+23	9.71e-01	2.89e-02	1.56e-04
 1.27694e+23	9.71e-01	2.85e-02	1.51e-04
 1.28285e+23	9.72e-01	2.82e-02	1.48e-04
 1.28932e+23	9.72e-01	2.77e-02	1.43e-04
 1.29630e+23	9.72e-01	2.74e-02	1.40e-04
 1.30266e+23	9.73e-01	2.69e-02	1.35e-04
 1.30962e+23	9.73e-01	2.66e-02	1.31e-04
 1.31868e+23	9.74e-01	2.61e-02	1.27e-04
 1.32845e+23	9.74e-01	2.56e-02	1.22e-04
 1.33735e+23	9.75e-01	2.51e-02	1.18e-04
 1.34544e+23	9.75e-01	2.48e-02	1.14e-04
 1.35281e+23	9.76e-01	2.44e-02	1.11e-04
 1.35951e+23	9.76e-01	2.41e-02	1.08e-04
 1.36686e+23	9.76e-01	2.38e-02	1.05e-04
 1.37641e+23	9.77e-01	2.34e-02	1.02e-04
 1.38672e+23	9.77e-01	2.30e-02	9.82e-05
 1.39610e+23	9.77e-01	2.25e-02	9.48e-05
 1.40464e+23	9.78e-01	2.22e-02	9.22e-05
 1.41399e+23	9.78e-01	2.19e-02	8.92e-05
 1.42615e+23	9.78e-01	2.15e-02	8.58e-05
 1.43928e+23	9.79e-01	2.10e-02	8.21e-05
 1.45123e+23	9.79e-01	2.06e-02	7.91e-05
 1.46210e+23	9.80e-01	2.03e-02	7.66e-05
 1.47200e+23	9.80e-01	2.00e-02	7.43e-05
 1.48284e+23	9.80e-01	1.96e-02	7.19e-05
 1.49693e+23	9.81e-01	1.92e-02	6.91e-05
 1.51215e+23	9.81e-01	1.88e-02	6.61e-05
 1.52599e+23	9.81e-01	1.85e-02	6.35e-05
 1.53859e+23	9.82e-01	1.81e-02	6.14e-05
 1.55006e+23	9.82e-01	1.79e-02	5.96e-05
 1.56262e+23	9.82e-01	1.76e-02	5.76e-05
 1.57896e+23	9.83e-01	1.72e-02	5.53e-05
 1.59659e+23	9.83e-01	1.69e-02	5.30e-05
 1.61264e+23	9.83e-01	1.65e-02	5.08e-05
 1.62724e+23	9.84e-01	1.62e-02	4.91e-05
 1.64053e+23	9.84e-01	1.60e-02	4.75e-05
 1.65509e+23	9.84e-01	1.57e-02	4.61e-05
 1.67402e+23	9.85e-01	1.54e-02	4.43e-05
 1.69446e+23	9.85e-01	1.51e-02	4.24e-05
 1.71305e+23	9.85e-01	1.48e-02	4.07e-05
 1.72998e+23	9.85e-01	1.45e-02	3.93e-05
 1.74852e+23	9.86e-01	1.43e-02	3.80e-05
 1.77263e+23	9.86e-01	1.40e-02	3.63e-05
 1.79866e+23	9.86e-01	1.36e-02	3.46e-05
 1.82234e+23	9.87e-01	1.33e-02	3.31e-05
 1.84389e+23	9.87e-01	1.31e-02	3.19e-05
 1.86350e+23	9.87e-01	1.28e-02	3.08e-05
 1.88499e+23	9.87e-01	1.26e-02	2.99e-05
 1.91293e+23	9.88e-01	1.24e-02	2.86e-05
 1.94310e+23	9.88e-01	1.21e-02	2.73e-05
 1.97615e+23	9.88e-01	1.18e-02	2.61e-05
 2.01897e+23	9.88e-01	1.15e-02	2.46e-05
 2.06946e+23	9.89e-01	1.11e-02	2.31e-05
 2.12037e+23	9.89e-01	1.08e-02	2.17e-05
 2.16827e+23	9.90e-01	1.05e-02	2.05e-05
 2.21654e+23	9.90e-01	1.02e-02	1.94e-05
 2.27123e+23	9.90e-01	9.93e-03	1.84e-05
 2.33595e+23	9.90e-01	9.65e-03	1.74e-05
 2.40512e+23	9.91e-01	9.36e-03	1.64e-05
 2.47009e+23	9.91e-01	9.10e-03	1.55e-05
 2.52856e+23	9.91e-01	8.89e-03	1.48e-05
 2.58119e+23	9.91e-01	8.72e-03	1.42e-05
 2.62855e+23	9.91e-01	8.58e-03	1.37e-05
 2.67118e+23	9.92e-01	8.47e-03	1.34e-05
 2.70954e+23	9.92e-01	8.36e-03	1.31e-05
 2.74407e+23	9.92e-01	8.27e-03	1.28e-05
 2.77570e+23	9.92e-01	8.20e-03	1.26e-05
 2.80625e+23	9.92e-01	8.14e-03	1.24e-05
 2.83680e+23	9.92e-01	8.07e-03	1.22e-05
 2.86734e+23	9.92e-01	8.01e-03	1.20e-05
 2.89789e+23	9.92e-01	7.97e-03	1.19e-05
 2.92844e+23	9.92e-01	7.91e-03	1.17e-05
 2.95899e+23	9.92e-01	7.87e-03	1.16e-05
 2.98954e+23	9.92e-01	7.82e-03	1.14e-05
 3.02008e+23	9.92e-01	7.78e-03	1.13e-05
 3.04509e+23	9.92e-01	7.72e-03	1.11e-05
