#depth	H	H+	H2
 6.17135e+19	2.38e-07	1.00e+00	1.13e-27
 1.87609e+20	2.66e-07	1.00e+00	1.63e-27
 2.96284e+20	2.93e-07	1.00e+00	2.18e-27
 3.76500e+20	3.14e-07	1.00e+00	2.70e-27
 4.36135e+20	3.31e-07	1.00e+00	3.14e-27
 4.83063e+20	3.44e-07	1.00e+00	3.55e-27
 5.36001e+20	3.59e-07	1.00e+00	4.06e-27
 6.04821e+20	3.80e-07	1.00e+00	4.83e-27
 6.78329e+20	4.03e-07	1.00e+00	5.76e-27
 7.42502e+20	4.24e-07	1.00e+00	6.67e-27
 8.10498e+20	4.47e-07	1.00e+00	7.81e-27
 8.87165e+20	4.73e-07	1.00e+00	9.25e-27
 9.59894e+20	5.00e-07	1.00e+00	1.08e-26
 1.02859e+21	5.25e-07	1.00e+00	1.24e-26
 1.10725e+21	5.55e-07	1.00e+00	1.46e-26
 1.19528e+21	5.90e-07	1.00e+00	1.73e-26
 1.27823e+21	6.24e-07	1.00e+00	2.01e-26
 1.34863e+21	6.54e-07	1.00e+00	2.27e-26
 1.40998e+21	6.80e-07	1.00e+00	2.53e-26
 1.47971e+21	7.11e-07	1.00e+00	2.86e-26
 1.57037e+21	7.52e-07	1.00e+00	3.34e-26
 1.66372e+21	7.96e-07	1.00e+00	3.85e-26
 1.74081e+21	8.33e-07	1.00e+00	4.32e-26
 1.82126e+21	8.73e-07	1.00e+00	4.90e-26
 1.92586e+21	9.26e-07	1.00e+00	5.75e-26
 2.03173e+21	9.81e-07	1.00e+00	6.61e-26
 2.11619e+21	1.03e-06	1.00e+00	7.38e-26
 2.20292e+21	1.07e-06	1.00e+00	8.33e-26
 2.31567e+21	1.14e-06	1.00e+00	9.73e-26
 2.43253e+21	1.21e-06	1.00e+00	1.12e-25
 2.52984e+21	1.27e-06	1.00e+00	1.25e-25
 2.63147e+21	1.33e-06	1.00e+00	1.42e-25
 2.76359e+21	1.41e-06	1.00e+00	1.68e-25
 2.89937e+21	1.50e-06	1.00e+00	1.94e-25
 3.01125e+21	1.58e-06	1.00e+00	2.18e-25
 3.12800e+21	1.66e-06	1.00e+00	2.50e-25
 3.27978e+21	1.77e-06	1.00e+00	2.99e-25
 3.43816e+21	1.88e-06	1.00e+00	3.49e-25
 3.55841e+21	1.98e-06	1.00e+00	3.89e-25
 3.64998e+21	2.05e-06	1.00e+00	4.26e-25
 3.75103e+21	2.13e-06	1.00e+00	4.76e-25
 3.88238e+21	2.24e-06	1.00e+00	5.49e-25
 4.02692e+21	2.36e-06	1.00e+00	6.31e-25
 4.15796e+21	2.47e-06	1.00e+00	7.13e-25
 4.27914e+21	2.58e-06	1.00e+00	8.01e-25
 4.41814e+21	2.70e-06	1.00e+00	9.26e-25
 4.57491e+21	2.85e-06	1.00e+00	1.07e-24
 4.72363e+21	2.99e-06	1.00e+00	1.23e-24
 4.86405e+21	3.13e-06	1.00e+00	1.40e-24
 5.02485e+21	3.30e-06	1.00e+00	1.64e-24
 5.20499e+21	3.48e-06	1.00e+00	1.92e-24
 5.37469e+21	3.66e-06	1.00e+00	2.22e-24
 5.55972e+21	3.87e-06	1.00e+00	2.65e-24
 5.76464e+21	4.10e-06	1.00e+00	3.15e-24
 5.95494e+21	4.33e-06	1.00e+00	3.70e-24
 6.16188e+21	4.57e-06	1.00e+00	4.45e-24
 6.39526e+21	4.86e-06	1.00e+00	5.40e-24
 6.61753e+21	5.15e-06	1.00e+00	6.43e-24
 6.86097e+21	5.47e-06	1.00e+00	7.93e-24
 7.13017e+21	5.83e-06	1.00e+00	9.76e-24
 7.35167e+21	6.15e-06	1.00e+00	1.14e-23
 7.52107e+21	6.38e-06	1.00e+00	1.29e-23
 7.70395e+21	6.65e-06	1.00e+00	1.49e-23
 7.94170e+21	7.00e-06	1.00e+00	1.80e-23
 8.20509e+21	7.40e-06	1.00e+00	2.18e-23
 8.44977e+21	7.80e-06	1.00e+00	2.60e-23
 8.71581e+21	8.23e-06	1.00e+00	3.18e-23
 8.99925e+21	8.70e-06	1.00e+00	3.85e-23
 9.24637e+21	9.12e-06	1.00e+00	4.51e-23
 9.50867e+21	9.58e-06	1.00e+00	5.47e-23
 9.84967e+21	1.02e-05	1.00e+00	6.95e-23
 1.01986e+22	1.08e-05	1.00e+00	8.61e-23
 1.04815e+22	1.14e-05	1.00e+00	1.02e-22
 1.07728e+22	1.19e-05	1.00e+00	1.24e-22
 1.11515e+22	1.27e-05	1.00e+00	1.60e-22
 1.15478e+22	1.35e-05	1.00e+00	2.02e-22
 1.18825e+22	1.42e-05	1.00e+00	2.43e-22
 1.22331e+22	1.49e-05	1.00e+00	3.04e-22
 1.26889e+22	1.59e-05	1.00e+00	4.02e-22
 1.31601e+22	1.70e-05	1.00e+00	5.19e-22
 1.35506e+22	1.79e-05	1.00e+00	6.36e-22
 1.39575e+22	1.89e-05	1.00e+00	8.14e-22
 1.44866e+22	2.01e-05	1.00e+00	1.11e-21
 1.50412e+22	2.15e-05	1.00e+00	1.47e-21
 1.55129e+22	2.28e-05	1.00e+00	1.86e-21
 1.59203e+22	2.38e-05	1.00e+00	2.26e-21
 1.63601e+22	2.50e-05	1.00e+00	2.88e-21
 1.69319e+22	2.66e-05	1.00e+00	4.06e-21
 1.75268e+22	2.83e-05	1.00e+00	5.43e-21
 1.80233e+22	2.97e-05	1.00e+00	6.84e-21
 1.84704e+22	3.10e-05	1.00e+00	8.45e-21
 1.89816e+22	3.26e-05	1.00e+00	1.14e-20
 1.96460e+22	3.46e-05	1.00e+00	1.66e-20
 2.03277e+22	3.68e-05	1.00e+00	2.29e-20
 2.08707e+22	3.86e-05	1.00e+00	2.91e-20
 2.14156e+22	4.04e-05	1.00e+00	3.86e-20
 2.21239e+22	4.28e-05	1.00e+00	5.71e-20
 2.28546e+22	4.54e-05	1.00e+00	8.03e-20
 2.34591e+22	4.76e-05	1.00e+00	1.04e-19
 2.40895e+22	4.99e-05	1.00e+00	1.43e-19
 2.49090e+22	5.30e-05	1.00e+00	2.09e-19
 2.57475e+22	5.63e-05	1.00e+00	2.94e-19
 2.64311e+22	5.90e-05	1.00e+00	3.87e-19
 2.71400e+22	6.19e-05	1.00e+00	5.14e-19
 2.79406e+22	6.52e-05	1.00e+00	6.94e-19
 2.86950e+22	6.85e-05	1.00e+00	9.07e-19
 2.93884e+22	7.15e-05	1.00e+00	1.14e-18
 3.01680e+22	7.50e-05	1.00e+00	1.50e-18
 3.10147e+22	7.88e-05	1.00e+00	1.97e-18
 3.17655e+22	8.23e-05	1.00e+00	2.50e-18
 3.24289e+22	8.53e-05	1.00e+00	2.98e-18
 3.31620e+22	8.88e-05	1.00e+00	3.75e-18
 3.39662e+22	9.27e-05	1.00e+00	4.74e-18
 3.46873e+22	9.61e-05	1.00e+00	5.65e-18
 3.53320e+22	9.92e-05	1.00e+00	6.56e-18
 3.60530e+22	1.03e-04	1.00e+00	7.82e-18
 3.68337e+22	1.06e-04	1.00e+00	9.27e-18
 3.75161e+22	1.09e-04	1.00e+00	1.05e-17
 3.81132e+22	1.12e-04	1.00e+00	1.17e-17
 3.87753e+22	1.15e-04	1.00e+00	1.30e-17
 3.94907e+22	1.18e-04	1.00e+00	1.45e-17
 4.01076e+22	1.21e-04	1.00e+00	1.57e-17
 4.06339e+22	1.23e-04	1.00e+00	1.70e-17
 4.12098e+22	1.25e-04	1.00e+00	1.84e-17
 4.18306e+22	1.27e-04	1.00e+00	1.98e-17
 4.23626e+22	1.29e-04	1.00e+00	2.09e-17
 4.28104e+22	1.30e-04	1.00e+00	2.18e-17
 4.32963e+22	1.32e-04	1.00e+00	2.32e-17
 4.38198e+22	1.34e-04	1.00e+00	2.44e-17
 4.42705e+22	1.36e-04	1.00e+00	2.56e-17
 4.46543e+22	1.38e-04	1.00e+00	2.69e-17
 4.50087e+22	1.39e-04	1.00e+00	2.82e-17
 4.53462e+22	1.41e-04	1.00e+00	2.97e-17
 4.56765e+22	1.43e-04	1.00e+00	3.14e-17
 4.60563e+22	1.46e-04	1.00e+00	3.35e-17
 4.64587e+22	1.49e-04	1.00e+00	3.59e-17
 4.68018e+22	1.52e-04	1.00e+00	3.86e-17
 4.71118e+22	1.56e-04	1.00e+00	4.15e-17
 4.74673e+22	1.60e-04	1.00e+00	4.55e-17
 4.78682e+22	1.65e-04	1.00e+00	5.03e-17
 4.82487e+22	1.70e-04	1.00e+00	5.58e-17
 4.85801e+22	1.74e-04	1.00e+00	6.12e-17
 4.89274e+22	1.80e-04	1.00e+00	6.77e-17
 4.93155e+22	1.86e-04	1.00e+00	7.51e-17
 4.96845e+22	1.92e-04	1.00e+00	8.29e-17
 5.00900e+22	1.99e-04	1.00e+00	9.32e-17
 5.05446e+22	2.07e-04	1.00e+00	1.06e-16
 5.09905e+22	2.15e-04	1.00e+00	1.19e-16
 5.14581e+22	2.24e-04	1.00e+00	1.35e-16
 5.19838e+22	2.33e-04	1.00e+00	1.54e-16
 5.25535e+22	2.44e-04	1.00e+00	1.76e-16
 5.31509e+22	2.56e-04	1.00e+00	2.05e-16
 5.37869e+22	2.68e-04	1.00e+00	2.38e-16
 5.44833e+22	2.82e-04	1.00e+00	2.78e-16
 5.52531e+22	2.97e-04	1.00e+00	3.31e-16
 5.61044e+22	3.15e-04	1.00e+00	3.98e-16
 5.70526e+22	3.36e-04	1.00e+00	4.82e-16
 5.81316e+22	3.60e-04	1.00e+00	5.97e-16
 5.93887e+22	3.90e-04	1.00e+00	7.57e-16
 6.07214e+22	4.24e-04	1.00e+00	9.70e-16
 6.20193e+22	4.59e-04	1.00e+00	1.22e-15
 6.35019e+22	5.03e-04	9.99e-01	1.60e-15
 6.54293e+22	5.68e-04	9.99e-01	2.27e-15
 6.74237e+22	6.47e-04	9.99e-01	3.26e-15
 6.91091e+22	7.25e-04	9.99e-01	4.46e-15
 7.09039e+22	8.21e-04	9.99e-01	6.30e-15
 7.32370e+22	9.71e-04	9.99e-01	9.93e-15
 7.56418e+22	1.18e-03	9.99e-01	1.65e-14
 7.75868e+22	1.41e-03	9.99e-01	2.58e-14
 7.92856e+22	1.66e-03	9.98e-01	3.91e-14
 8.08262e+22	1.95e-03	9.98e-01	5.86e-14
 8.18563e+22	2.21e-03	9.98e-01	7.88e-14
 8.23939e+22	2.36e-03	9.98e-01	9.22e-14
 8.28732e+22	2.51e-03	9.97e-01	1.06e-13
 8.34963e+22	2.71e-03	9.97e-01	1.29e-13
 8.43063e+22	3.02e-03	9.97e-01	1.66e-13
 8.50908e+22	3.38e-03	9.97e-01	2.16e-13
 8.56165e+22	3.67e-03	9.96e-01	2.60e-13
 8.59885e+22	3.89e-03	9.96e-01	2.97e-13
 8.63863e+22	4.14e-03	9.96e-01	3.45e-13
 8.69034e+22	4.51e-03	9.95e-01	4.20e-13
 8.74280e+22	4.96e-03	9.95e-01	5.19e-13
 8.78257e+22	5.34e-03	9.95e-01	6.14e-13
 8.81394e+22	5.68e-03	9.94e-01	7.04e-13
 8.84806e+22	6.07e-03	9.94e-01	8.19e-13
 8.88660e+22	6.58e-03	9.93e-01	9.78e-13
 8.92160e+22	7.11e-03	9.93e-01	1.16e-12
 8.95065e+22	7.61e-03	9.92e-01	1.35e-12
 8.97701e+22	8.11e-03	9.92e-01	1.54e-12
 9.00709e+22	8.72e-03	9.91e-01	1.81e-12
 9.03932e+22	9.48e-03	9.91e-01	2.17e-12
 9.06622e+22	1.02e-02	9.90e-01	2.56e-12
 9.08808e+22	1.09e-02	9.89e-01	2.93e-12
 9.11152e+22	1.17e-02	9.88e-01	3.39e-12
 9.13768e+22	1.27e-02	9.87e-01	4.01e-12
 9.16107e+22	1.37e-02	9.86e-01	4.76e-12
 9.18056e+22	1.47e-02	9.85e-01	5.51e-12
 9.20133e+22	1.58e-02	9.84e-01	6.44e-12
 9.22424e+22	1.72e-02	9.83e-01	7.70e-12
 9.24438e+22	1.87e-02	9.81e-01	9.20e-12
 9.26125e+22	2.01e-02	9.80e-01	1.07e-11
 9.27941e+22	2.18e-02	9.78e-01	1.26e-11
 9.29980e+22	2.39e-02	9.76e-01	1.53e-11
 9.31835e+22	2.64e-02	9.74e-01	1.87e-11
 9.33433e+22	2.87e-02	9.71e-01	2.23e-11
 9.35168e+22	3.15e-02	9.68e-01	2.71e-11
 9.37073e+22	3.53e-02	9.65e-01	3.41e-11
 9.38723e+22	3.94e-02	9.61e-01	4.28e-11
 9.40059e+22	4.33e-02	9.57e-01	5.17e-11
 9.41461e+22	4.77e-02	9.52e-01	6.31e-11
 9.43045e+22	5.38e-02	9.46e-01	8.09e-11
 9.44480e+22	6.06e-02	9.39e-01	1.03e-10
 9.45683e+22	6.75e-02	9.33e-01	1.28e-10
 9.46721e+22	7.43e-02	9.26e-01	1.55e-10
 9.47653e+22	8.12e-02	9.19e-01	1.85e-10
 9.48699e+22	8.98e-02	9.10e-01	2.28e-10
 9.49800e+22	1.01e-01	8.99e-01	2.91e-10
 9.50680e+22	1.12e-01	8.88e-01	3.53e-10
 9.51384e+22	1.21e-01	8.79e-01	4.14e-10
 9.52153e+22	1.31e-01	8.69e-01	4.91e-10
 9.53021e+22	1.46e-01	8.54e-01	6.09e-10
 9.53800e+22	1.62e-01	8.38e-01	7.48e-10
 9.54439e+22	1.75e-01	8.25e-01	8.77e-10
 9.55106e+22	1.90e-01	8.10e-01	1.04e-09
 9.55861e+22	2.11e-01	7.89e-01	1.28e-09
 9.56545e+22	2.32e-01	7.68e-01	1.54e-09
 9.57122e+22	2.50e-01	7.50e-01	1.79e-09
 9.57746e+22	2.71e-01	7.29e-01	2.09e-09
 9.58558e+22	3.03e-01	6.97e-01	2.59e-09
 9.59361e+22	3.40e-01	6.60e-01	3.24e-09
 9.59950e+22	3.69e-01	6.31e-01	3.79e-09
 9.60456e+22	3.91e-01	6.09e-01	4.23e-09
 9.61002e+22	4.19e-01	5.81e-01	4.81e-09
 9.61552e+22	4.49e-01	5.51e-01	5.46e-09
 9.62034e+22	4.77e-01	5.23e-01	6.08e-09
 9.62447e+22	4.99e-01	5.01e-01	6.56e-09
 9.62831e+22	5.20e-01	4.80e-01	7.06e-09
 9.63214e+22	5.42e-01	4.58e-01	7.55e-09
 9.63526e+22	5.59e-01	4.41e-01	7.93e-09
 9.63728e+22	5.69e-01	4.31e-01	8.16e-09
 9.63923e+22	5.78e-01	4.22e-01	8.36e-09
 9.64176e+22	5.92e-01	4.08e-01	8.68e-09
 9.64448e+22	6.09e-01	3.91e-01	9.05e-09
 9.64669e+22	6.21e-01	3.79e-01	9.28e-09
 9.64855e+22	6.31e-01	3.69e-01	9.50e-09
 9.65064e+22	6.41e-01	3.59e-01	9.69e-09
 9.65310e+22	6.55e-01	3.45e-01	9.96e-09
 9.65548e+22	6.70e-01	3.30e-01	1.02e-08
 9.65740e+22	6.79e-01	3.21e-01	1.04e-08
 9.65924e+22	6.89e-01	3.11e-01	1.05e-08
 9.66146e+22	7.00e-01	3.00e-01	1.07e-08
 9.66381e+22	7.14e-01	2.86e-01	1.09e-08
 9.66581e+22	7.24e-01	2.76e-01	1.10e-08
 9.66759e+22	7.32e-01	2.68e-01	1.11e-08
 9.66960e+22	7.42e-01	2.58e-01	1.12e-08
 9.67188e+22	7.54e-01	2.46e-01	1.13e-08
 9.67400e+22	7.64e-01	2.36e-01	1.14e-08
 9.67581e+22	7.72e-01	2.28e-01	1.14e-08
 9.67767e+22	7.79e-01	2.21e-01	1.14e-08
 9.67989e+22	7.89e-01	2.11e-01	1.14e-08
 9.68213e+22	8.00e-01	2.00e-01	1.14e-08
 9.68402e+22	8.08e-01	1.92e-01	1.14e-08
 9.68574e+22	8.13e-01	1.87e-01	1.14e-08
 9.68774e+22	8.21e-01	1.79e-01	1.13e-08
 9.69002e+22	8.30e-01	1.70e-01	1.12e-08
 9.69207e+22	8.38e-01	1.62e-01	1.12e-08
 9.69380e+22	8.43e-01	1.57e-01	1.11e-08
 9.69562e+22	8.48e-01	1.52e-01	1.10e-08
 9.69772e+22	8.55e-01	1.45e-01	1.09e-08
 9.69977e+22	8.61e-01	1.39e-01	1.08e-08
 9.70155e+22	8.66e-01	1.34e-01	1.06e-08
 9.70331e+22	8.70e-01	1.30e-01	1.05e-08
 9.70529e+22	8.75e-01	1.25e-01	1.04e-08
 9.70735e+22	8.80e-01	1.20e-01	1.02e-08
 9.70925e+22	8.85e-01	1.15e-01	1.01e-08
 9.71103e+22	8.88e-01	1.12e-01	9.97e-09
 9.71298e+22	8.92e-01	1.08e-01	9.82e-09
 9.71512e+22	8.96e-01	1.04e-01	9.66e-09
 9.71719e+22	9.00e-01	1.00e-01	9.50e-09
 9.71915e+22	9.03e-01	9.73e-02	9.37e-09
 9.72114e+22	9.05e-01	9.46e-02	9.23e-09
 9.72322e+22	9.08e-01	9.17e-02	9.08e-09
 9.72530e+22	9.11e-01	8.91e-02	8.89e-09
 9.72732e+22	9.13e-01	8.68e-02	8.71e-09
 9.72925e+22	9.15e-01	8.48e-02	8.55e-09
 9.73113e+22	9.17e-01	8.31e-02	8.40e-09
 9.73300e+22	9.19e-01	8.15e-02	8.25e-09
 9.73492e+22	9.20e-01	7.99e-02	8.10e-09
 9.73692e+22	9.22e-01	7.84e-02	7.96e-09
 9.73902e+22	9.23e-01	7.68e-02	7.81e-09
 9.74122e+22	9.25e-01	7.53e-02	7.67e-09
 9.74351e+22	9.26e-01	7.39e-02	7.50e-09
 9.74578e+22	9.27e-01	7.27e-02	7.34e-09
 9.74818e+22	9.28e-01	7.16e-02	7.19e-09
 9.75088e+22	9.30e-01	7.04e-02	7.02e-09
 9.75375e+22	9.31e-01	6.92e-02	6.87e-09
 9.75682e+22	9.32e-01	6.82e-02	6.74e-09
 9.76046e+22	9.33e-01	6.71e-02	6.59e-09
 9.76456e+22	9.34e-01	6.60e-02	6.45e-09
 9.76916e+22	9.35e-01	6.51e-02	6.34e-09
 9.77436e+22	9.36e-01	6.42e-02	6.23e-09
 9.77951e+22	9.36e-01	6.36e-02	6.14e-09
 9.78420e+22	9.37e-01	6.33e-02	6.10e-09
 9.78913e+22	9.37e-01	6.31e-02	6.05e-09
 9.79531e+22	9.37e-01	6.26e-02	6.00e-09
 9.80335e+22	9.38e-01	6.20e-02	5.95e-09
 9.81380e+22	9.39e-01	6.14e-02	5.91e-09
 9.82739e+22	9.39e-01	6.09e-02	5.88e-09
 9.84506e+22	9.40e-01	6.03e-02	5.85e-09
 9.86802e+22	9.40e-01	5.96e-02	5.80e-09
 9.89281e+22	9.41e-01	5.89e-02	5.76e-09
 9.91537e+22	9.42e-01	5.84e-02	5.73e-09
 9.94009e+22	9.42e-01	5.78e-02	5.69e-09
 9.96677e+22	9.43e-01	5.71e-02	5.64e-09
 9.99106e+22	9.43e-01	5.66e-02	5.60e-09
 1.00177e+23	9.44e-01	5.59e-02	5.56e-09
 1.00464e+23	9.45e-01	5.52e-02	5.50e-09
 1.00725e+23	9.45e-01	5.46e-02	5.45e-09
 1.00963e+23	9.46e-01	5.41e-02	5.41e-09
 1.01224e+23	9.47e-01	5.35e-02	5.36e-09
 1.01506e+23	9.47e-01	5.28e-02	5.30e-09
 1.01762e+23	9.48e-01	5.22e-02	5.26e-09
 1.01995e+23	9.48e-01	5.18e-02	5.22e-09
 1.02250e+23	9.49e-01	5.13e-02	5.18e-09
 1.02582e+23	9.49e-01	5.06e-02	5.13e-09
 1.02941e+23	9.50e-01	5.00e-02	5.08e-09
 1.03267e+23	9.51e-01	4.94e-02	5.04e-09
 1.03564e+23	9.51e-01	4.89e-02	4.99e-09
 1.03889e+23	9.52e-01	4.83e-02	4.95e-09
 1.04240e+23	9.52e-01	4.77e-02	4.89e-09
 1.04559e+23	9.53e-01	4.72e-02	4.85e-09
 1.04910e+23	9.53e-01	4.66e-02	4.80e-09
 1.05288e+23	9.54e-01	4.59e-02	4.74e-09
 1.05632e+23	9.55e-01	4.54e-02	4.70e-09
 1.05945e+23	9.55e-01	4.50e-02	4.65e-09
 1.06288e+23	9.56e-01	4.44e-02	4.61e-09
 1.06658e+23	9.56e-01	4.38e-02	4.55e-09
 1.06995e+23	9.57e-01	4.33e-02	4.50e-09
 1.07302e+23	9.57e-01	4.28e-02	4.45e-09
 1.07581e+23	9.58e-01	4.24e-02	4.41e-09
 1.07886e+23	9.58e-01	4.19e-02	4.37e-09
 1.08217e+23	9.59e-01	4.14e-02	4.32e-09
 1.08517e+23	9.59e-01	4.10e-02	4.28e-09
 1.08846e+23	9.59e-01	4.05e-02	4.23e-09
 1.09202e+23	9.60e-01	4.00e-02	4.18e-09
 1.09525e+23	9.60e-01	3.96e-02	4.14e-09
 1.09819e+23	9.61e-01	3.92e-02	4.10e-09
 1.10142e+23	9.61e-01	3.88e-02	4.05e-09
 1.10490e+23	9.62e-01	3.83e-02	3.99e-09
 1.10807e+23	9.62e-01	3.79e-02	3.95e-09
 1.11154e+23	9.63e-01	3.75e-02	3.90e-09
 1.11529e+23	9.63e-01	3.70e-02	3.84e-09
 1.11870e+23	9.63e-01	3.66e-02	3.80e-09
 1.12243e+23	9.64e-01	3.62e-02	3.75e-09
 1.12647e+23	9.64e-01	3.57e-02	3.70e-09
 1.13014e+23	9.65e-01	3.53e-02	3.66e-09
 1.13416e+23	9.65e-01	3.50e-02	3.62e-09
 1.13939e+23	9.66e-01	3.44e-02	3.57e-09
 1.14504e+23	9.66e-01	3.39e-02	3.51e-09
 1.15018e+23	9.67e-01	3.34e-02	3.47e-09
 1.15486e+23	9.67e-01	3.30e-02	3.43e-09
 1.15911e+23	9.67e-01	3.26e-02	3.38e-09
 1.16298e+23	9.68e-01	3.23e-02	3.36e-09
 1.16723e+23	9.68e-01	3.20e-02	3.33e-09
 1.17274e+23	9.69e-01	3.15e-02	3.29e-09
 1.17870e+23	9.69e-01	3.10e-02	3.24e-09
 1.18412e+23	9.69e-01	3.06e-02	3.20e-09
 1.18905e+23	9.70e-01	3.02e-02	3.17e-09
 1.19354e+23	9.70e-01	2.99e-02	3.14e-09
 1.19845e+23	9.70e-01	2.95e-02	3.11e-09
 1.20376e+23	9.71e-01	2.92e-02	3.07e-09
 1.20859e+23	9.71e-01	2.89e-02	3.05e-09
 1.21389e+23	9.72e-01	2.85e-02	3.02e-09
 1.21960e+23	9.72e-01	2.81e-02	2.98e-09
 1.22480e+23	9.72e-01	2.78e-02	2.96e-09
 1.23050e+23	9.73e-01	2.74e-02	2.93e-09
 1.23665e+23	9.73e-01	2.70e-02	2.90e-09
 1.24225e+23	9.73e-01	2.67e-02	2.87e-09
 1.24735e+23	9.74e-01	2.64e-02	2.85e-09
 1.25293e+23	9.74e-01	2.61e-02	2.82e-09
 1.25896e+23	9.74e-01	2.58e-02	2.79e-09
 1.26444e+23	9.75e-01	2.55e-02	2.78e-09
 1.27045e+23	9.75e-01	2.51e-02	2.75e-09
 1.27694e+23	9.75e-01	2.48e-02	2.73e-09
 1.28285e+23	9.75e-01	2.45e-02	2.72e-09
 1.28932e+23	9.76e-01	2.42e-02	2.69e-09
 1.29630e+23	9.76e-01	2.40e-02	2.68e-09
 1.30266e+23	9.76e-01	2.36e-02	2.66e-09
 1.30962e+23	9.77e-01	2.33e-02	2.64e-09
 1.31868e+23	9.77e-01	2.29e-02	2.63e-09
 1.32845e+23	9.78e-01	2.25e-02	2.60e-09
 1.33735e+23	9.78e-01	2.21e-02	2.58e-09
 1.34544e+23	9.78e-01	2.18e-02	2.57e-09
 1.35281e+23	9.78e-01	2.15e-02	2.54e-09
 1.35951e+23	9.79e-01	2.13e-02	2.54e-09
 1.36686e+23	9.79e-01	2.11e-02	2.53e-09
 1.37641e+23	9.79e-01	2.07e-02	2.51e-09
 1.38672e+23	9.80e-01	2.04e-02	2.49e-09
 1.39610e+23	9.80e-01	2.01e-02	2.47e-09
 1.40464e+23	9.80e-01	1.98e-02	2.46e-09
 1.41399e+23	9.80e-01	1.95e-02	2.45e-09
 1.42615e+23	9.81e-01	1.92e-02	2.43e-09
 1.43928e+23	9.81e-01	1.88e-02	2.42e-09
 1.45123e+23	9.81e-01	1.85e-02	2.40e-09
 1.46210e+23	9.82e-01	1.82e-02	2.39e-09
 1.47200e+23	9.82e-01	1.80e-02	2.38e-09
 1.48284e+23	9.82e-01	1.77e-02	2.37e-09
 1.49693e+23	9.83e-01	1.74e-02	2.36e-09
 1.51215e+23	9.83e-01	1.71e-02	2.34e-09
 1.52599e+23	9.83e-01	1.68e-02	2.33e-09
 1.53859e+23	9.83e-01	1.65e-02	2.32e-09
 1.55006e+23	9.84e-01	1.63e-02	2.31e-09
 1.56262e+23	9.84e-01	1.60e-02	2.30e-09
 1.57896e+23	9.84e-01	1.58e-02	2.29e-09
 1.59659e+23	9.85e-01	1.55e-02	2.28e-09
 1.61264e+23	9.85e-01	1.52e-02	2.26e-09
 1.62724e+23	9.85e-01	1.49e-02	2.25e-09
 1.64053e+23	9.85e-01	1.47e-02	2.24e-09
 1.65509e+23	9.85e-01	1.45e-02	2.24e-09
 1.67402e+23	9.86e-01	1.43e-02	2.23e-09
 1.69446e+23	9.86e-01	1.40e-02	2.22e-09
 1.71305e+23	9.86e-01	1.37e-02	2.21e-09
 1.72998e+23	9.86e-01	1.35e-02	2.20e-09
 1.74852e+23	9.87e-01	1.33e-02	2.20e-09
 1.77263e+23	9.87e-01	1.31e-02	2.19e-09
 1.79866e+23	9.87e-01	1.28e-02	2.18e-09
 1.82234e+23	9.87e-01	1.25e-02	2.17e-09
 1.84389e+23	9.88e-01	1.23e-02	2.16e-09
 1.86350e+23	9.88e-01	1.21e-02	2.16e-09
 1.88499e+23	9.88e-01	1.19e-02	2.15e-09
 1.91293e+23	9.88e-01	1.17e-02	2.15e-09
 1.94310e+23	9.89e-01	1.15e-02	2.14e-09
 1.97615e+23	9.89e-01	1.12e-02	2.13e-09
 2.01897e+23	9.89e-01	1.10e-02	2.12e-09
 2.06946e+23	9.89e-01	1.07e-02	2.11e-09
 2.12037e+23	9.90e-01	1.04e-02	2.10e-09
 2.16827e+23	9.90e-01	1.01e-02	2.08e-09
 2.21654e+23	9.90e-01	9.86e-03	2.07e-09
 2.27123e+23	9.90e-01	9.63e-03	2.06e-09
 2.33595e+23	9.91e-01	9.39e-03	2.04e-09
 2.40512e+23	9.91e-01	9.13e-03	2.03e-09
 2.47009e+23	9.91e-01	8.91e-03	2.01e-09
 2.52856e+23	9.91e-01	8.72e-03	1.99e-09
 2.58119e+23	9.91e-01	8.57e-03	1.98e-09
 2.62855e+23	9.92e-01	8.44e-03	1.97e-09
 2.67118e+23	9.92e-01	8.35e-03	1.96e-09
 2.70954e+23	9.92e-01	8.25e-03	1.95e-09
 2.74407e+23	9.92e-01	8.17e-03	1.94e-09
 2.77570e+23	9.92e-01	8.10e-03	1.93e-09
 2.80625e+23	9.92e-01	8.06e-03	1.92e-09
 2.83680e+23	9.92e-01	7.99e-03	1.91e-09
 2.86734e+23	9.92e-01	7.94e-03	1.91e-09
 2.89789e+23	9.92e-01	7.90e-03	1.90e-09
 2.92844e+23	9.92e-01	7.86e-03	1.89e-09
 2.95899e+23	9.92e-01	7.82e-03	1.88e-09
 2.98954e+23	9.92e-01	7.77e-03	1.87e-09
 3.02008e+23	9.92e-01	7.74e-03	1.87e-09
 3.04509e+23	9.92e-01	7.69e-03	1.86e-09
