#depth	N	N+	N+2	N+3	N+4	N+5	N+6	N+7
 6.17135e+19	3.97e-18	9.28e-13	6.46e-09	3.54e-06	2.49e-04	8.60e-02	4.70e-01	4.44e-01
 1.87609e+20	6.75e-18	1.48e-12	9.73e-09	4.99e-06	3.20e-04	9.91e-02	4.87e-01	4.14e-01
 2.96284e+20	1.04e-17	2.17e-12	1.36e-08	6.63e-06	3.94e-04	1.11e-01	5.00e-01	3.89e-01
 3.76500e+20	1.41e-17	2.84e-12	1.73e-08	8.11e-06	4.57e-04	1.21e-01	5.08e-01	3.71e-01
 4.36135e+20	1.75e-17	3.44e-12	2.05e-08	9.39e-06	5.09e-04	1.28e-01	5.14e-01	3.58e-01
 4.83063e+20	2.07e-17	3.99e-12	2.34e-08	1.05e-05	5.54e-04	1.34e-01	5.18e-01	3.47e-01
 5.36001e+20	2.48e-17	4.69e-12	2.70e-08	1.19e-05	6.06e-04	1.41e-01	5.22e-01	3.36e-01
 6.04821e+20	3.11e-17	5.76e-12	3.24e-08	1.39e-05	6.81e-04	1.50e-01	5.27e-01	3.22e-01
 6.78329e+20	3.94e-17	7.11e-12	3.91e-08	1.64e-05	7.68e-04	1.60e-01	5.32e-01	3.08e-01
 7.42502e+20	4.80e-17	8.49e-12	4.59e-08	1.88e-05	8.51e-04	1.68e-01	5.35e-01	2.96e-01
 8.10498e+20	5.87e-17	1.02e-11	5.40e-08	2.17e-05	9.46e-04	1.78e-01	5.38e-01	2.83e-01
 8.87165e+20	7.31e-17	1.24e-11	6.46e-08	2.53e-05	1.06e-03	1.89e-01	5.41e-01	2.70e-01
 9.59894e+20	8.93e-17	1.49e-11	7.60e-08	2.92e-05	1.18e-03	1.99e-01	5.42e-01	2.57e-01
 1.02859e+21	1.07e-16	1.75e-11	8.83e-08	3.32e-05	1.30e-03	2.09e-01	5.43e-01	2.46e-01
 1.10725e+21	1.31e-16	2.10e-11	1.04e-07	3.84e-05	1.45e-03	2.21e-01	5.44e-01	2.34e-01
 1.19528e+21	1.62e-16	2.56e-11	1.24e-07	4.49e-05	1.63e-03	2.34e-01	5.44e-01	2.21e-01
 1.27823e+21	1.97e-16	3.06e-11	1.46e-07	5.17e-05	1.81e-03	2.46e-01	5.43e-01	2.09e-01
 1.34863e+21	2.32e-16	3.53e-11	1.67e-07	5.81e-05	1.97e-03	2.56e-01	5.42e-01	2.00e-01
 1.40998e+21	2.65e-16	4.00e-11	1.87e-07	6.41e-05	2.12e-03	2.65e-01	5.40e-01	1.92e-01
 1.47971e+21	3.08e-16	4.58e-11	2.12e-07	7.15e-05	2.30e-03	2.76e-01	5.38e-01	1.84e-01
 1.57037e+21	3.71e-16	5.43e-11	2.48e-07	8.20e-05	2.55e-03	2.89e-01	5.35e-01	1.73e-01
 1.66372e+21	4.46e-16	6.44e-11	2.89e-07	9.40e-05	2.82e-03	3.03e-01	5.31e-01	1.63e-01
 1.74081e+21	5.18e-16	7.38e-11	3.28e-07	1.05e-04	3.06e-03	3.14e-01	5.28e-01	1.55e-01
 1.82126e+21	6.01e-16	8.46e-11	3.72e-07	1.17e-04	3.31e-03	3.26e-01	5.24e-01	1.47e-01
 1.92586e+21	7.25e-16	1.00e-10	4.35e-07	1.34e-04	3.67e-03	3.41e-01	5.18e-01	1.38e-01
 2.03173e+21	8.71e-16	1.19e-10	5.08e-07	1.54e-04	4.06e-03	3.56e-01	5.11e-01	1.29e-01
 2.11619e+21	1.00e-15	1.35e-10	5.73e-07	1.71e-04	4.39e-03	3.68e-01	5.06e-01	1.22e-01
 2.20292e+21	1.15e-15	1.54e-10	6.45e-07	1.89e-04	4.73e-03	3.79e-01	5.00e-01	1.16e-01
 2.31567e+21	1.38e-15	1.82e-10	7.50e-07	2.15e-04	5.20e-03	3.95e-01	4.92e-01	1.08e-01
 2.43253e+21	1.65e-15	2.14e-10	8.71e-07	2.45e-04	5.72e-03	4.10e-01	4.84e-01	1.00e-01
 2.52984e+21	1.90e-15	2.44e-10	9.84e-07	2.72e-04	6.18e-03	4.23e-01	4.77e-01	9.43e-02
 2.63147e+21	2.19e-15	2.79e-10	1.11e-06	3.02e-04	6.68e-03	4.35e-01	4.69e-01	8.86e-02
 2.76359e+21	2.63e-15	3.30e-10	1.30e-06	3.44e-04	7.36e-03	4.52e-01	4.59e-01	8.18e-02
 2.89937e+21	3.15e-15	3.89e-10	1.51e-06	3.92e-04	8.09e-03	4.68e-01	4.48e-01	7.53e-02
 3.01125e+21	3.64e-15	4.45e-10	1.71e-06	4.35e-04	8.73e-03	4.81e-01	4.39e-01	7.04e-02
 3.12800e+21	4.21e-15	5.09e-10	1.94e-06	4.83e-04	9.42e-03	4.94e-01	4.30e-01	6.57e-02
 3.27978e+21	5.06e-15	6.03e-10	2.26e-06	5.50e-04	1.04e-02	5.11e-01	4.18e-01	6.01e-02
 3.43816e+21	6.09e-15	7.15e-10	2.65e-06	6.27e-04	1.14e-02	5.27e-01	4.06e-01	5.48e-02
 3.55841e+21	6.94e-15	8.09e-10	2.98e-06	6.91e-04	1.22e-02	5.40e-01	3.96e-01	5.11e-02
 3.64998e+21	7.71e-15	8.91e-10	3.24e-06	7.42e-04	1.29e-02	5.49e-01	3.89e-01	4.86e-02
 3.75103e+21	8.60e-15	9.86e-10	3.56e-06	8.01e-04	1.36e-02	5.58e-01	3.82e-01	4.59e-02
 3.88238e+21	9.87e-15	1.12e-09	4.01e-06	8.82e-04	1.46e-02	5.70e-01	3.72e-01	4.26e-02
 4.02692e+21	1.14e-14	1.29e-09	4.55e-06	9.78e-04	1.57e-02	5.83e-01	3.61e-01	3.93e-02
 4.15796e+21	1.30e-14	1.45e-09	5.09e-06	1.07e-03	1.68e-02	5.94e-01	3.52e-01	3.66e-02
 4.27914e+21	1.47e-14	1.62e-09	5.63e-06	1.16e-03	1.78e-02	6.04e-01	3.43e-01	3.42e-02
 4.41814e+21	1.67e-14	1.83e-09	6.31e-06	1.27e-03	1.90e-02	6.15e-01	3.33e-01	3.18e-02
 4.57491e+21	1.93e-14	2.09e-09	7.15e-06	1.41e-03	2.04e-02	6.26e-01	3.23e-01	2.92e-02
 4.72363e+21	2.21e-14	2.37e-09	8.02e-06	1.54e-03	2.17e-02	6.37e-01	3.13e-01	2.70e-02
 4.86405e+21	2.50e-14	2.66e-09	8.92e-06	1.67e-03	2.31e-02	6.46e-01	3.04e-01	2.51e-02
 5.02485e+21	2.87e-14	3.02e-09	1.00e-05	1.84e-03	2.46e-02	6.57e-01	2.94e-01	2.31e-02
 5.20499e+21	3.33e-14	3.48e-09	1.14e-05	2.03e-03	2.64e-02	6.68e-01	2.83e-01	2.11e-02
 5.37469e+21	3.83e-14	3.96e-09	1.29e-05	2.23e-03	2.82e-02	6.77e-01	2.73e-01	1.94e-02
 5.55972e+21	4.44e-14	4.54e-09	1.46e-05	2.45e-03	3.02e-02	6.87e-01	2.63e-01	1.77e-02
 5.76464e+21	5.21e-14	5.27e-09	1.68e-05	2.72e-03	3.25e-02	6.97e-01	2.52e-01	1.60e-02
 5.95494e+21	5.98e-14	6.01e-09	1.90e-05	2.99e-03	3.47e-02	7.06e-01	2.42e-01	1.46e-02
 6.16188e+21	7.02e-14	6.95e-09	2.17e-05	3.30e-03	3.71e-02	7.15e-01	2.32e-01	1.32e-02
 6.39526e+21	8.31e-14	8.13e-09	2.51e-05	3.67e-03	3.99e-02	7.24e-01	2.21e-01	1.19e-02
 6.61753e+21	9.72e-14	9.41e-09	2.87e-05	4.05e-03	4.27e-02	7.31e-01	2.11e-01	1.07e-02
 6.86097e+21	1.15e-13	1.10e-08	3.31e-05	4.49e-03	4.58e-02	7.39e-01	2.01e-01	9.63e-03
 7.13017e+21	1.38e-13	1.30e-08	3.86e-05	5.02e-03	4.94e-02	7.47e-01	1.90e-01	8.55e-03
 7.35167e+21	1.59e-13	1.49e-08	4.36e-05	5.48e-03	5.24e-02	7.52e-01	1.82e-01	7.76e-03
 7.52107e+21	1.79e-13	1.65e-08	4.79e-05	5.86e-03	5.47e-02	7.56e-01	1.76e-01	7.23e-03
 7.70395e+21	2.01e-13	1.84e-08	5.28e-05	6.28e-03	5.73e-02	7.60e-01	1.70e-01	6.69e-03
 7.94170e+21	2.35e-13	2.12e-08	5.99e-05	6.85e-03	6.07e-02	7.64e-01	1.62e-01	6.07e-03
 8.20509e+21	2.77e-13	2.46e-08	6.86e-05	7.53e-03	6.45e-02	7.68e-01	1.54e-01	5.46e-03
 8.44977e+21	3.20e-13	2.81e-08	7.75e-05	8.20e-03	6.83e-02	7.71e-01	1.47e-01	4.94e-03
 8.71581e+21	3.76e-13	3.25e-08	8.83e-05	8.97e-03	7.24e-02	7.74e-01	1.40e-01	4.45e-03
 8.99925e+21	4.45e-13	3.79e-08	1.01e-04	9.84e-03	7.68e-02	7.77e-01	1.33e-01	3.99e-03
 9.24637e+21	5.14e-13	4.32e-08	1.13e-04	1.06e-02	8.07e-02	7.78e-01	1.27e-01	3.63e-03
 9.50867e+21	5.98e-13	4.94e-08	1.28e-04	1.15e-02	8.49e-02	7.79e-01	1.21e-01	3.30e-03
 9.84967e+21	7.30e-13	5.89e-08	1.49e-04	1.28e-02	9.04e-02	7.80e-01	1.14e-01	2.92e-03
 1.01986e+22	8.81e-13	6.98e-08	1.73e-04	1.41e-02	9.64e-02	7.80e-01	1.07e-01	2.57e-03
 1.04815e+22	1.03e-12	8.01e-08	1.95e-04	1.53e-02	1.01e-01	7.80e-01	1.01e-01	2.32e-03
 1.07728e+22	1.21e-12	9.22e-08	2.20e-04	1.66e-02	1.06e-01	7.78e-01	9.65e-02	2.11e-03
 1.11515e+22	1.48e-12	1.10e-07	2.56e-04	1.83e-02	1.13e-01	7.76e-01	9.05e-02	1.85e-03
 1.15478e+22	1.81e-12	1.31e-07	2.99e-04	2.03e-02	1.20e-01	7.74e-01	8.45e-02	1.62e-03
 1.18825e+22	2.14e-12	1.53e-07	3.40e-04	2.20e-02	1.26e-01	7.71e-01	7.98e-02	1.45e-03
 1.22331e+22	2.56e-12	1.78e-07	3.87e-04	2.40e-02	1.32e-01	7.67e-01	7.53e-02	1.30e-03
 1.26889e+22	3.21e-12	2.16e-07	4.56e-04	2.66e-02	1.40e-01	7.62e-01	7.00e-02	1.13e-03
 1.31601e+22	4.01e-12	2.63e-07	5.37e-04	2.96e-02	1.49e-01	7.55e-01	6.48e-02	9.76e-04
 1.35506e+22	4.82e-12	3.08e-07	6.13e-04	3.22e-02	1.56e-01	7.49e-01	6.08e-02	8.67e-04
 1.39575e+22	5.83e-12	3.62e-07	7.01e-04	3.51e-02	1.64e-01	7.43e-01	5.70e-02	7.69e-04
 1.44866e+22	7.44e-12	4.44e-07	8.30e-04	3.91e-02	1.73e-01	7.34e-01	5.26e-02	6.62e-04
 1.50412e+22	9.48e-12	5.46e-07	9.86e-04	4.36e-02	1.84e-01	7.23e-01	4.82e-02	5.64e-04
 1.55129e+22	1.16e-11	6.49e-07	1.13e-03	4.76e-02	1.92e-01	7.14e-01	4.48e-02	4.94e-04
 1.59203e+22	1.38e-11	7.50e-07	1.28e-03	5.13e-02	2.00e-01	7.05e-01	4.21e-02	4.41e-04
 1.63601e+22	1.66e-11	8.76e-07	1.45e-03	5.54e-02	2.08e-01	6.95e-01	3.94e-02	3.92e-04
 1.69319e+22	2.11e-11	1.07e-06	1.70e-03	6.11e-02	2.18e-01	6.82e-01	3.62e-02	3.37e-04
 1.75268e+22	2.67e-11	1.30e-06	1.99e-03	6.74e-02	2.29e-01	6.68e-01	3.31e-02	2.88e-04
 1.80233e+22	3.24e-11	1.53e-06	2.26e-03	7.30e-02	2.38e-01	6.56e-01	3.07e-02	2.53e-04
 1.84704e+22	3.84e-11	1.76e-06	2.53e-03	7.82e-02	2.46e-01	6.44e-01	2.88e-02	2.25e-04
 1.89816e+22	4.67e-11	2.07e-06	2.88e-03	8.45e-02	2.55e-01	6.31e-01	2.67e-02	1.98e-04
 1.96460e+22	5.99e-11	2.53e-06	3.37e-03	9.30e-02	2.65e-01	6.14e-01	2.43e-02	1.68e-04
 2.03277e+22	7.66e-11	3.10e-06	3.96e-03	1.02e-01	2.77e-01	5.95e-01	2.19e-02	1.42e-04
 2.08707e+22	9.28e-11	3.63e-06	4.47e-03	1.10e-01	2.85e-01	5.80e-01	2.02e-02	1.24e-04
 2.14156e+22	1.12e-10	4.24e-06	5.05e-03	1.18e-01	2.94e-01	5.64e-01	1.87e-02	1.09e-04
 2.21239e+22	1.44e-10	5.18e-06	5.89e-03	1.29e-01	3.04e-01	5.44e-01	1.69e-02	9.18e-05
 2.28546e+22	1.84e-10	6.32e-06	6.87e-03	1.41e-01	3.14e-01	5.23e-01	1.51e-02	7.69e-05
 2.34591e+22	2.25e-10	7.43e-06	7.77e-03	1.52e-01	3.21e-01	5.05e-01	1.39e-02	6.66e-05
 2.40895e+22	2.76e-10	8.77e-06	8.83e-03	1.63e-01	3.29e-01	4.87e-01	1.26e-02	5.74e-05
 2.49090e+22	3.60e-10	1.08e-05	1.04e-02	1.78e-01	3.38e-01	4.63e-01	1.12e-02	4.75e-05
 2.57475e+22	4.70e-10	1.34e-05	1.22e-02	1.94e-01	3.46e-01	4.38e-01	9.86e-03	3.89e-05
 2.64311e+22	5.83e-10	1.59e-05	1.38e-02	2.08e-01	3.51e-01	4.18e-01	8.89e-03	3.32e-05
 2.71400e+22	7.26e-10	1.89e-05	1.58e-02	2.23e-01	3.56e-01	3.97e-01	7.98e-03	2.82e-05
 2.79406e+22	9.27e-10	2.30e-05	1.82e-02	2.41e-01	3.60e-01	3.74e-01	7.06e-03	2.34e-05
 2.86950e+22	1.16e-09	2.75e-05	2.08e-02	2.57e-01	3.63e-01	3.53e-01	6.27e-03	1.96e-05
 2.93884e+22	1.43e-09	3.24e-05	2.35e-02	2.73e-01	3.64e-01	3.33e-01	5.62e-03	1.67e-05
 3.01680e+22	1.81e-09	3.89e-05	2.69e-02	2.91e-01	3.65e-01	3.12e-01	4.97e-03	1.39e-05
 3.10147e+22	2.31e-09	4.73e-05	3.10e-02	3.12e-01	3.64e-01	2.89e-01	4.33e-03	1.14e-05
 3.17655e+22	2.88e-09	5.61e-05	3.52e-02	3.30e-01	3.62e-01	2.69e-01	3.83e-03	9.56e-06
 3.24289e+22	3.48e-09	6.51e-05	3.93e-02	3.46e-01	3.58e-01	2.53e-01	3.43e-03	8.19e-06
 3.31620e+22	4.28e-09	7.66e-05	4.43e-02	3.64e-01	3.54e-01	2.35e-01	3.04e-03	6.92e-06
 3.39662e+22	5.38e-09	9.16e-05	5.05e-02	3.84e-01	3.47e-01	2.16e-01	2.64e-03	5.70e-06
 3.46873e+22	6.58e-09	1.07e-04	5.67e-02	4.02e-01	3.40e-01	1.99e-01	2.33e-03	4.80e-06
 3.53320e+22	7.85e-09	1.23e-04	6.29e-02	4.17e-01	3.33e-01	1.85e-01	2.08e-03	4.12e-06
 3.60530e+22	9.55e-09	1.44e-04	7.06e-02	4.35e-01	3.23e-01	1.70e-01	1.82e-03	3.47e-06
 3.68337e+22	1.17e-08	1.70e-04	7.97e-02	4.53e-01	3.12e-01	1.54e-01	1.59e-03	2.88e-06
 3.75161e+22	1.40e-08	1.96e-04	8.87e-02	4.68e-01	3.01e-01	1.41e-01	1.40e-03	2.44e-06
 3.81132e+22	1.64e-08	2.22e-04	9.74e-02	4.81e-01	2.90e-01	1.30e-01	1.25e-03	2.12e-06
 3.87753e+22	1.94e-08	2.53e-04	1.08e-01	4.95e-01	2.77e-01	1.18e-01	1.10e-03	1.80e-06
 3.94907e+22	2.31e-08	2.92e-04	1.20e-01	5.09e-01	2.63e-01	1.06e-01	9.53e-04	1.51e-06
 4.01076e+22	2.68e-08	3.30e-04	1.32e-01	5.21e-01	2.49e-01	9.68e-02	8.42e-04	1.30e-06
 4.06339e+22	3.04e-08	3.66e-04	1.43e-01	5.30e-01	2.37e-01	8.87e-02	7.53e-04	1.14e-06
 4.12098e+22	3.46e-08	4.08e-04	1.55e-01	5.40e-01	2.23e-01	8.05e-02	6.68e-04	9.87e-07
 4.18306e+22	3.98e-08	4.57e-04	1.70e-01	5.49e-01	2.08e-01	7.21e-02	5.84e-04	8.43e-07
 4.23626e+22	4.47e-08	5.03e-04	1.83e-01	5.57e-01	1.94e-01	6.51e-02	5.18e-04	7.34e-07
 4.28104e+22	4.92e-08	5.45e-04	1.95e-01	5.63e-01	1.82e-01	5.95e-02	4.65e-04	6.50e-07
 4.32963e+22	5.45e-08	5.94e-04	2.08e-01	5.69e-01	1.69e-01	5.37e-02	4.12e-04	5.67e-07
 4.38198e+22	6.03e-08	6.47e-04	2.22e-01	5.74e-01	1.54e-01	4.79e-02	3.62e-04	4.91e-07
 4.42705e+22	6.59e-08	6.96e-04	2.35e-01	5.79e-01	1.42e-01	4.32e-02	3.21e-04	4.30e-07
 4.46543e+22	7.10e-08	7.40e-04	2.46e-01	5.82e-01	1.31e-01	3.93e-02	2.89e-04	3.83e-07
 4.50087e+22	7.59e-08	7.82e-04	2.57e-01	5.85e-01	1.21e-01	3.60e-02	2.61e-04	3.43e-07
 4.53462e+22	8.10e-08	8.23e-04	2.67e-01	5.87e-01	1.12e-01	3.30e-02	2.36e-04	3.07e-07
 4.56765e+22	8.62e-08	8.64e-04	2.76e-01	5.89e-01	1.03e-01	3.03e-02	2.14e-04	2.75e-07
 4.60563e+22	9.26e-08	9.13e-04	2.87e-01	5.91e-01	9.37e-02	2.74e-02	1.90e-04	2.42e-07
 4.64587e+22	9.99e-08	9.67e-04	2.99e-01	5.91e-01	8.40e-02	2.46e-02	1.68e-04	2.11e-07
 4.68018e+22	1.07e-07	1.02e-03	3.08e-01	5.92e-01	7.62e-02	2.25e-02	1.51e-04	1.87e-07
 4.71118e+22	1.14e-07	1.06e-03	3.17e-01	5.91e-01	6.96e-02	2.08e-02	1.37e-04	1.67e-07
 4.74673e+22	1.22e-07	1.11e-03	3.27e-01	5.90e-01	6.27e-02	1.90e-02	1.23e-04	1.47e-07
 4.78682e+22	1.32e-07	1.18e-03	3.38e-01	5.88e-01	5.57e-02	1.73e-02	1.09e-04	1.27e-07
 4.82487e+22	1.44e-07	1.24e-03	3.47e-01	5.85e-01	4.98e-02	1.59e-02	9.73e-05	0.00e+00
 4.85801e+22	1.54e-07	1.30e-03	3.56e-01	5.83e-01	4.53e-02	1.48e-02	8.86e-05	0.00e+00
 4.89274e+22	1.66e-07	1.36e-03	3.65e-01	5.79e-01	4.11e-02	1.38e-02	8.04e-05	0.00e+00
 4.93155e+22	1.81e-07	1.44e-03	3.74e-01	5.75e-01	3.71e-02	1.28e-02	7.26e-05	0.00e+00
 4.96845e+22	1.96e-07	1.51e-03	3.83e-01	5.70e-01	3.37e-02	1.20e-02	6.60e-05	0.00e+00
 5.00900e+22	2.14e-07	1.59e-03	3.92e-01	5.65e-01	3.06e-02	1.12e-02	5.97e-05	0.00e+00
 5.05446e+22	2.35e-07	1.68e-03	4.02e-01	5.59e-01	2.76e-02	1.04e-02	5.37e-05	0.00e+00
 5.09905e+22	2.58e-07	1.78e-03	4.11e-01	5.52e-01	2.51e-02	9.76e-03	4.85e-05	0.00e+00
 5.14581e+22	2.84e-07	1.88e-03	4.21e-01	5.46e-01	2.29e-02	9.15e-03	4.39e-05	0.00e+00
 5.19838e+22	3.15e-07	1.99e-03	4.31e-01	5.38e-01	2.08e-02	8.53e-03	3.94e-05	0.00e+00
 5.25535e+22	3.51e-07	2.12e-03	4.41e-01	5.30e-01	1.89e-02	7.95e-03	3.52e-05	0.00e+00
 5.31509e+22	3.91e-07	2.25e-03	4.52e-01	5.21e-01	1.73e-02	7.41e-03	3.15e-05	0.00e+00
 5.37869e+22	4.36e-07	2.40e-03	4.63e-01	5.12e-01	1.58e-02	6.90e-03	2.81e-05	0.00e+00
 5.44833e+22	4.90e-07	2.56e-03	4.74e-01	5.03e-01	1.45e-02	6.41e-03	2.49e-05	0.00e+00
 5.52531e+22	5.54e-07	2.75e-03	4.86e-01	4.92e-01	1.32e-02	5.92e-03	2.19e-05	0.00e+00
 5.61044e+22	6.31e-07	2.96e-03	4.99e-01	4.81e-01	1.21e-02	5.45e-03	1.92e-05	0.00e+00
 5.70526e+22	7.25e-07	3.20e-03	5.12e-01	4.69e-01	1.11e-02	4.99e-03	1.66e-05	0.00e+00
 5.81316e+22	8.44e-07	3.48e-03	5.27e-01	4.55e-01	1.01e-02	4.53e-03	1.42e-05	0.00e+00
 5.93887e+22	9.99e-07	3.82e-03	5.43e-01	4.40e-01	9.19e-03	4.07e-03	1.20e-05	0.00e+00
 6.07214e+22	1.19e-06	4.20e-03	5.59e-01	4.24e-01	8.39e-03	3.65e-03	1.00e-05	0.00e+00
 6.20193e+22	1.39e-06	4.59e-03	5.75e-01	4.10e-01	7.74e-03	3.29e-03	8.53e-06	0.00e+00
 6.35019e+22	1.67e-06	5.06e-03	5.91e-01	3.94e-01	7.11e-03	2.93e-03	7.11e-06	0.00e+00
 6.54293e+22	2.09e-06	5.73e-03	6.12e-01	3.74e-01	6.43e-03	2.53e-03	5.64e-06	0.00e+00
 6.74237e+22	2.64e-06	6.51e-03	6.32e-01	3.54e-01	5.84e-03	2.18e-03	4.46e-06	0.00e+00
 6.91091e+22	3.21e-06	7.24e-03	6.48e-01	3.37e-01	5.42e-03	1.92e-03	3.66e-06	0.00e+00
 7.09039e+22	3.96e-06	8.10e-03	6.65e-01	3.20e-01	5.02e-03	1.68e-03	2.97e-06	0.00e+00
 7.32370e+22	5.22e-06	9.40e-03	6.86e-01	2.99e-01	4.57e-03	1.40e-03	2.25e-06	0.00e+00
 7.56418e+22	7.10e-06	1.11e-02	7.07e-01	2.77e-01	4.16e-03	1.15e-03	1.65e-06	0.00e+00
 7.75868e+22	9.31e-06	1.28e-02	7.23e-01	2.59e-01	3.86e-03	9.58e-04	1.26e-06	0.00e+00
 7.92856e+22	1.21e-05	1.48e-02	7.38e-01	2.43e-01	3.61e-03	8.06e-04	9.64e-07	0.00e+00
 8.08262e+22	1.56e-05	1.71e-02	7.51e-01	2.28e-01	3.38e-03	6.76e-04	7.36e-07	0.00e+00
 8.18563e+22	1.90e-05	1.90e-02	7.61e-01	2.17e-01	3.23e-03	5.90e-04	5.96e-07	0.00e+00
 8.23939e+22	2.12e-05	2.02e-02	7.65e-01	2.11e-01	3.15e-03	5.48e-04	5.32e-07	0.00e+00
 8.28732e+22	2.34e-05	2.14e-02	7.70e-01	2.05e-01	3.08e-03	5.11e-04	4.79e-07	0.00e+00
 8.34963e+22	2.67e-05	2.30e-02	7.75e-01	1.98e-01	2.99e-03	4.66e-04	4.14e-07	0.00e+00
 8.43063e+22	3.21e-05	2.55e-02	7.83e-01	1.89e-01	2.86e-03	4.09e-04	3.39e-07	0.00e+00
 8.50908e+22	3.90e-05	2.86e-02	7.90e-01	1.79e-01	2.74e-03	3.55e-04	2.73e-07	0.00e+00
 8.56165e+22	4.51e-05	3.10e-02	7.94e-01	1.72e-01	2.65e-03	3.20e-04	2.32e-07	0.00e+00
 8.59885e+22	5.00e-05	3.29e-02	7.98e-01	1.66e-01	2.59e-03	2.96e-04	2.06e-07	0.00e+00
 8.63863e+22	5.63e-05	3.53e-02	8.01e-01	1.61e-01	2.52e-03	2.71e-04	1.80e-07	0.00e+00
 8.69034e+22	6.60e-05	3.87e-02	8.05e-01	1.53e-01	2.43e-03	2.41e-04	1.51e-07	0.00e+00
 8.74280e+22	7.87e-05	4.28e-02	8.10e-01	1.45e-01	2.33e-03	2.11e-04	0.00e+00	0.00e+00
 8.78257e+22	9.08e-05	4.65e-02	8.12e-01	1.39e-01	2.25e-03	1.89e-04	0.00e+00	0.00e+00
 8.81394e+22	1.02e-04	4.98e-02	8.14e-01	1.33e-01	2.18e-03	1.73e-04	0.00e+00	0.00e+00
 8.84806e+22	1.17e-04	5.38e-02	8.16e-01	1.27e-01	2.11e-03	1.56e-04	0.00e+00	0.00e+00
 8.88660e+22	1.36e-04	5.91e-02	8.18e-01	1.21e-01	2.02e-03	1.37e-04	0.00e+00	0.00e+00
 8.92160e+22	1.59e-04	6.46e-02	8.19e-01	1.14e-01	1.94e-03	1.21e-04	0.00e+00	0.00e+00
 8.95065e+22	1.82e-04	7.00e-02	8.19e-01	1.09e-01	1.87e-03	1.09e-04	0.00e+00	0.00e+00
 8.97701e+22	2.07e-04	7.54e-02	8.19e-01	1.03e-01	1.80e-03	9.78e-05	0.00e+00	0.00e+00
 9.00709e+22	2.40e-04	8.24e-02	8.18e-01	9.75e-02	1.72e-03	8.63e-05	0.00e+00	0.00e+00
 9.03932e+22	2.85e-04	9.11e-02	8.16e-01	9.09e-02	1.64e-03	7.45e-05	0.00e+00	0.00e+00
 9.06622e+22	3.33e-04	9.98e-02	8.13e-01	8.51e-02	1.56e-03	6.50e-05	0.00e+00	0.00e+00
 9.08808e+22	3.80e-04	1.08e-01	8.10e-01	8.03e-02	1.49e-03	5.79e-05	0.00e+00	0.00e+00
 9.11152e+22	4.38e-04	1.17e-01	8.06e-01	7.52e-02	1.42e-03	5.09e-05	0.00e+00	0.00e+00
 9.13768e+22	5.17e-04	1.29e-01	7.99e-01	6.95e-02	1.34e-03	4.36e-05	0.00e+00	0.00e+00
 9.16107e+22	6.09e-04	1.42e-01	7.92e-01	6.41e-02	1.26e-03	3.73e-05	0.00e+00	0.00e+00
 9.18056e+22	7.01e-04	1.54e-01	7.84e-01	5.96e-02	1.19e-03	3.25e-05	0.00e+00	0.00e+00
 9.20133e+22	8.17e-04	1.69e-01	7.75e-01	5.49e-02	1.11e-03	2.79e-05	0.00e+00	0.00e+00
 9.22424e+22	9.76e-04	1.87e-01	7.62e-01	4.96e-02	1.03e-03	2.32e-05	0.00e+00	0.00e+00
 9.24438e+22	1.16e-03	2.06e-01	7.47e-01	4.48e-02	9.53e-04	1.94e-05	0.00e+00	0.00e+00
 9.26125e+22	1.34e-03	2.24e-01	7.33e-01	4.09e-02	8.86e-04	1.65e-05	0.00e+00	0.00e+00
 9.27941e+22	1.57e-03	2.45e-01	7.16e-01	3.68e-02	8.17e-04	1.37e-05	0.00e+00	0.00e+00
 9.29980e+22	1.90e-03	2.72e-01	6.93e-01	3.23e-02	7.36e-04	1.10e-05	0.00e+00	0.00e+00
 9.31835e+22	2.29e-03	3.01e-01	6.68e-01	2.81e-02	6.59e-04	8.73e-06	0.00e+00	0.00e+00
 9.33433e+22	2.70e-03	3.29e-01	6.43e-01	2.47e-02	5.93e-04	7.05e-06	0.00e+00	0.00e+00
 9.35168e+22	3.23e-03	3.62e-01	6.13e-01	2.12e-02	5.24e-04	5.52e-06	0.00e+00	0.00e+00
 9.37073e+22	3.99e-03	4.04e-01	5.74e-01	1.75e-02	4.48e-04	4.08e-06	0.00e+00	0.00e+00
 9.38723e+22	4.85e-03	4.45e-01	5.35e-01	1.45e-02	3.81e-04	3.02e-06	0.00e+00	0.00e+00
 9.40059e+22	5.71e-03	4.81e-01	5.00e-01	1.22e-02	3.30e-04	2.32e-06	0.00e+00	0.00e+00
 9.41461e+22	6.76e-03	5.20e-01	4.62e-01	1.00e-02	2.80e-04	1.74e-06	0.00e+00	0.00e+00
 9.43045e+22	8.27e-03	5.68e-01	4.15e-01	7.83e-03	2.27e-04	1.20e-06	0.00e+00	0.00e+00
 9.44480e+22	9.97e-03	6.14e-01	3.70e-01	6.07e-03	1.82e-04	8.29e-07	0.00e+00	0.00e+00
 9.45683e+22	1.17e-02	6.54e-01	3.29e-01	4.78e-03	1.48e-04	5.87e-07	0.00e+00	0.00e+00
 9.46721e+22	1.36e-02	6.88e-01	2.95e-01	3.83e-03	1.21e-04	4.27e-07	0.00e+00	0.00e+00
 9.47653e+22	1.54e-02	7.18e-01	2.64e-01	3.09e-03	1.00e-04	3.16e-07	0.00e+00	0.00e+00
 9.48699e+22	1.79e-02	7.50e-01	2.30e-01	2.41e-03	7.98e-05	2.23e-07	0.00e+00	0.00e+00
 9.49800e+22	2.11e-02	7.83e-01	1.95e-01	1.78e-03	6.04e-05	1.46e-07	0.00e+00	0.00e+00
 9.50680e+22	2.40e-02	8.07e-01	1.68e-01	1.39e-03	4.77e-05	0.00e+00	0.00e+00	0.00e+00
 9.51384e+22	2.67e-02	8.24e-01	1.48e-01	1.13e-03	3.91e-05	0.00e+00	0.00e+00	0.00e+00
 9.52153e+22	2.99e-02	8.41e-01	1.28e-01	9.02e-04	3.13e-05	0.00e+00	0.00e+00	0.00e+00
 9.53021e+22	3.44e-02	8.58e-01	1.07e-01	6.86e-04	2.37e-05	0.00e+00	0.00e+00	0.00e+00
 9.53800e+22	3.92e-02	8.71e-01	8.91e-02	5.30e-04	1.80e-05	0.00e+00	0.00e+00	0.00e+00
 9.54439e+22	4.36e-02	8.80e-01	7.64e-02	4.32e-04	1.43e-05	0.00e+00	0.00e+00	0.00e+00
 9.55106e+22	4.88e-02	8.86e-01	6.45e-02	3.49e-04	1.12e-05	0.00e+00	0.00e+00	0.00e+00
 9.55861e+22	5.60e-02	8.91e-01	5.24e-02	2.73e-04	8.26e-06	0.00e+00	0.00e+00	0.00e+00
 9.56545e+22	6.36e-02	8.93e-01	4.28e-02	2.20e-04	6.18e-06	0.00e+00	0.00e+00	0.00e+00
 9.57122e+22	7.10e-02	8.93e-01	3.59e-02	1.85e-04	4.83e-06	0.00e+00	0.00e+00	0.00e+00
 9.57746e+22	8.00e-02	8.90e-01	2.95e-02	1.56e-04	3.68e-06	0.00e+00	0.00e+00	0.00e+00
 9.58558e+22	9.42e-02	8.83e-01	2.24e-02	1.25e-04	2.52e-06	0.00e+00	0.00e+00	0.00e+00
 9.59361e+22	1.12e-01	8.71e-01	1.66e-02	1.01e-04	1.68e-06	0.00e+00	0.00e+00	0.00e+00
 9.59950e+22	1.28e-01	8.59e-01	1.32e-02	8.81e-05	1.24e-06	0.00e+00	0.00e+00	0.00e+00
 9.60456e+22	1.42e-01	8.47e-01	1.09e-02	7.95e-05	9.67e-07	0.00e+00	0.00e+00	0.00e+00
 9.61002e+22	1.61e-01	8.31e-01	8.69e-03	7.11e-05	7.28e-07	0.00e+00	0.00e+00	0.00e+00
 9.61552e+22	1.82e-01	8.11e-01	6.86e-03	6.37e-05	5.41e-07	0.00e+00	0.00e+00	0.00e+00
 9.62034e+22	2.03e-01	7.91e-01	5.54e-03	5.80e-05	4.15e-07	0.00e+00	0.00e+00	0.00e+00
 9.62447e+22	2.23e-01	7.73e-01	4.61e-03	5.38e-05	3.32e-07	0.00e+00	0.00e+00	0.00e+00
 9.62831e+22	2.43e-01	7.53e-01	3.87e-03	5.03e-05	2.69e-07	0.00e+00	0.00e+00	0.00e+00
 9.63214e+22	2.64e-01	7.33e-01	3.23e-03	4.69e-05	2.17e-07	0.00e+00	0.00e+00	0.00e+00
 9.63526e+22	2.82e-01	7.15e-01	2.79e-03	4.43e-05	1.82e-07	0.00e+00	0.00e+00	0.00e+00
 9.63728e+22	2.94e-01	7.03e-01	2.54e-03	4.30e-05	1.64e-07	0.00e+00	0.00e+00	0.00e+00
 9.63923e+22	3.06e-01	6.92e-01	2.32e-03	4.18e-05	1.48e-07	0.00e+00	0.00e+00	0.00e+00
 9.64176e+22	3.23e-01	6.75e-01	2.05e-03	3.99e-05	1.28e-07	0.00e+00	0.00e+00	0.00e+00
 9.64448e+22	3.42e-01	6.56e-01	1.78e-03	3.79e-05	0.00e+00	0.00e+00	0.00e+00	0.00e+00
 9.64669e+22	3.58e-01	6.41e-01	1.60e-03	3.63e-05	0.00e+00	0.00e+00	0.00e+00	0.00e+00
 9.64855e+22	3.71e-01	6.27e-01	1.46e-03	3.52e-05	0.00e+00	0.00e+00	0.00e+00	0.00e+00
 9.65064e+22	3.86e-01	6.12e-01	1.31e-03	3.39e-05	0.00e+00	0.00e+00	0.00e+00	0.00e+00
 9.65310e+22	4.06e-01	5.93e-01	1.16e-03	3.23e-05	0.00e+00	0.00e+00	0.00e+00	0.00e+00
 9.65548e+22	4.25e-01	5.74e-01	1.02e-03	3.08e-05	0.00e+00	0.00e+00	0.00e+00	0.00e+00
 9.65740e+22	4.40e-01	5.59e-01	9.29e-04	2.97e-05	0.00e+00	0.00e+00	0.00e+00	0.00e+00
 9.65924e+22	4.55e-01	5.45e-01	8.46e-04	2.87e-05	0.00e+00	0.00e+00	0.00e+00	0.00e+00
 9.66146e+22	4.73e-01	5.26e-01	7.55e-04	2.74e-05	0.00e+00	0.00e+00	0.00e+00	0.00e+00
 9.66381e+22	4.94e-01	5.06e-01	6.69e-04	2.61e-05	0.00e+00	0.00e+00	0.00e+00	0.00e+00
 9.66581e+22	5.10e-01	4.89e-01	6.07e-04	2.50e-05	0.00e+00	0.00e+00	0.00e+00	0.00e+00
 9.66759e+22	5.24e-01	4.75e-01	5.57e-04	2.42e-05	0.00e+00	0.00e+00	0.00e+00	0.00e+00
 9.66960e+22	5.41e-01	4.58e-01	5.06e-04	2.32e-05	0.00e+00	0.00e+00	0.00e+00	0.00e+00
 9.67188e+22	5.61e-01	4.39e-01	4.54e-04	2.20e-05	0.00e+00	0.00e+00	0.00e+00	0.00e+00
 9.67400e+22	5.79e-01	4.21e-01	4.11e-04	2.10e-05	0.00e+00	0.00e+00	0.00e+00	0.00e+00
 9.67581e+22	5.93e-01	4.07e-01	3.81e-04	2.03e-05	0.00e+00	0.00e+00	0.00e+00	0.00e+00
 9.67767e+22	6.07e-01	3.92e-01	3.52e-04	1.95e-05	0.00e+00	0.00e+00	0.00e+00	0.00e+00
 9.67989e+22	6.25e-01	3.74e-01	3.21e-04	1.86e-05	0.00e+00	0.00e+00	0.00e+00	0.00e+00
 9.68213e+22	6.43e-01	3.56e-01	2.94e-04	1.76e-05	0.00e+00	0.00e+00	0.00e+00	0.00e+00
 9.68402e+22	6.58e-01	3.42e-01	2.75e-04	1.70e-05	0.00e+00	0.00e+00	0.00e+00	0.00e+00
 9.68574e+22	6.70e-01	3.30e-01	2.59e-04	1.64e-05	0.00e+00	0.00e+00	0.00e+00	0.00e+00
 9.68774e+22	6.84e-01	3.15e-01	2.43e-04	1.58e-05	0.00e+00	0.00e+00	0.00e+00	0.00e+00
 9.69002e+22	7.01e-01	2.99e-01	2.26e-04	1.50e-05	0.00e+00	0.00e+00	0.00e+00	0.00e+00
 9.69207e+22	7.15e-01	2.85e-01	2.14e-04	1.43e-05	0.00e+00	0.00e+00	0.00e+00	0.00e+00
 9.69380e+22	7.26e-01	2.74e-01	2.05e-04	1.39e-05	0.00e+00	0.00e+00	0.00e+00	0.00e+00
 9.69562e+22	7.37e-01	2.63e-01	1.96e-04	1.34e-05	0.00e+00	0.00e+00	0.00e+00	0.00e+00
 9.69772e+22	7.50e-01	2.50e-01	1.88e-04	1.29e-05	0.00e+00	0.00e+00	0.00e+00	0.00e+00
 9.69977e+22	7.62e-01	2.38e-01	1.80e-04	1.24e-05	0.00e+00	0.00e+00	0.00e+00	0.00e+00
 9.70155e+22	7.72e-01	2.28e-01	1.75e-04	1.20e-05	0.00e+00	0.00e+00	0.00e+00	0.00e+00
 9.70331e+22	7.80e-01	2.19e-01	1.70e-04	1.17e-05	0.00e+00	0.00e+00	0.00e+00	0.00e+00
 9.70529e+22	7.90e-01	2.10e-01	1.66e-04	1.13e-05	0.00e+00	0.00e+00	0.00e+00	0.00e+00
 9.70735e+22	8.00e-01	2.00e-01	1.61e-04	1.09e-05	0.00e+00	0.00e+00	0.00e+00	0.00e+00
 9.70925e+22	8.08e-01	1.91e-01	1.58e-04	1.06e-05	0.00e+00	0.00e+00	0.00e+00	0.00e+00
 9.71103e+22	8.16e-01	1.84e-01	1.55e-04	1.04e-05	0.00e+00	0.00e+00	0.00e+00	0.00e+00
 9.71298e+22	8.23e-01	1.77e-01	1.53e-04	1.01e-05	0.00e+00	0.00e+00	0.00e+00	0.00e+00
 9.71512e+22	8.31e-01	1.68e-01	1.50e-04	9.87e-06	0.00e+00	0.00e+00	0.00e+00	0.00e+00
 9.71719e+22	8.39e-01	1.61e-01	1.48e-04	9.64e-06	0.00e+00	0.00e+00	0.00e+00	0.00e+00
 9.71915e+22	8.45e-01	1.55e-01	1.47e-04	9.48e-06	0.00e+00	0.00e+00	0.00e+00	0.00e+00
 9.72114e+22	8.50e-01	1.50e-01	1.45e-04	9.33e-06	0.00e+00	0.00e+00	0.00e+00	0.00e+00
 9.72322e+22	8.56e-01	1.44e-01	1.44e-04	9.19e-06	0.00e+00	0.00e+00	0.00e+00	0.00e+00
 9.72530e+22	8.61e-01	1.39e-01	1.43e-04	9.07e-06	0.00e+00	0.00e+00	0.00e+00	0.00e+00
 9.72732e+22	8.66e-01	1.34e-01	1.42e-04	8.98e-06	0.00e+00	0.00e+00	0.00e+00	0.00e+00
 9.72925e+22	8.70e-01	1.30e-01	1.42e-04	8.93e-06	0.00e+00	0.00e+00	0.00e+00	0.00e+00
 9.73113e+22	8.73e-01	1.27e-01	1.41e-04	8.89e-06	0.00e+00	0.00e+00	0.00e+00	0.00e+00
 9.73300e+22	8.76e-01	1.24e-01	1.41e-04	8.86e-06	0.00e+00	0.00e+00	0.00e+00	0.00e+00
 9.73492e+22	8.79e-01	1.21e-01	1.40e-04	8.85e-06	0.00e+00	0.00e+00	0.00e+00	0.00e+00
 9.73692e+22	8.82e-01	1.18e-01	1.40e-04	8.84e-06	0.00e+00	0.00e+00	0.00e+00	0.00e+00
 9.73902e+22	8.85e-01	1.15e-01	1.39e-04	8.83e-06	0.00e+00	0.00e+00	0.00e+00	0.00e+00
 9.74122e+22	8.87e-01	1.13e-01	1.39e-04	8.84e-06	0.00e+00	0.00e+00	0.00e+00	0.00e+00
 9.74351e+22	8.89e-01	1.10e-01	1.39e-04	8.87e-06	0.00e+00	0.00e+00	0.00e+00	0.00e+00
 9.74578e+22	8.91e-01	1.09e-01	1.39e-04	8.89e-06	0.00e+00	0.00e+00	0.00e+00	0.00e+00
 9.74818e+22	8.93e-01	1.07e-01	1.38e-04	8.94e-06	0.00e+00	0.00e+00	0.00e+00	0.00e+00
 9.75088e+22	8.95e-01	1.05e-01	1.38e-04	8.99e-06	0.00e+00	0.00e+00	0.00e+00	0.00e+00
 9.75375e+22	8.96e-01	1.04e-01	1.38e-04	9.03e-06	0.00e+00	0.00e+00	0.00e+00	0.00e+00
 9.75682e+22	8.98e-01	1.02e-01	1.38e-04	9.09e-06	0.00e+00	0.00e+00	0.00e+00	0.00e+00
 9.76046e+22	8.99e-01	1.01e-01	1.38e-04	9.16e-06	0.00e+00	0.00e+00	0.00e+00	0.00e+00
 9.76456e+22	9.00e-01	9.96e-02	1.37e-04	9.22e-06	0.00e+00	0.00e+00	0.00e+00	0.00e+00
 9.76916e+22	9.01e-01	9.87e-02	1.37e-04	9.28e-06	0.00e+00	0.00e+00	0.00e+00	0.00e+00
 9.77436e+22	9.02e-01	9.78e-02	1.37e-04	9.34e-06	0.00e+00	0.00e+00	0.00e+00	0.00e+00
 9.77951e+22	9.03e-01	9.71e-02	1.37e-04	9.41e-06	0.00e+00	0.00e+00	0.00e+00	0.00e+00
 9.78420e+22	9.03e-01	9.68e-02	1.37e-04	9.44e-06	0.00e+00	0.00e+00	0.00e+00	0.00e+00
 9.78913e+22	9.03e-01	9.64e-02	1.37e-04	9.49e-06	0.00e+00	0.00e+00	0.00e+00	0.00e+00
 9.79531e+22	9.04e-01	9.60e-02	1.36e-04	9.52e-06	0.00e+00	0.00e+00	0.00e+00	0.00e+00
 9.80335e+22	9.04e-01	9.54e-02	1.36e-04	9.54e-06	0.00e+00	0.00e+00	0.00e+00	0.00e+00
 9.81380e+22	9.05e-01	9.49e-02	1.36e-04	9.55e-06	0.00e+00	0.00e+00	0.00e+00	0.00e+00
 9.82739e+22	9.05e-01	9.44e-02	1.35e-04	9.55e-06	0.00e+00	0.00e+00	0.00e+00	0.00e+00
 9.84506e+22	9.06e-01	9.38e-02	1.35e-04	9.57e-06	0.00e+00	0.00e+00	0.00e+00	0.00e+00
 9.86802e+22	9.07e-01	9.31e-02	1.34e-04	9.60e-06	0.00e+00	0.00e+00	0.00e+00	0.00e+00
 9.89281e+22	9.07e-01	9.24e-02	1.33e-04	9.62e-06	0.00e+00	0.00e+00	0.00e+00	0.00e+00
 9.91537e+22	9.08e-01	9.19e-02	1.32e-04	9.63e-06	0.00e+00	0.00e+00	0.00e+00	0.00e+00
 9.94009e+22	9.09e-01	9.13e-02	1.32e-04	9.66e-06	0.00e+00	0.00e+00	0.00e+00	0.00e+00
 9.96677e+22	9.09e-01	9.06e-02	1.31e-04	9.69e-06	0.00e+00	0.00e+00	0.00e+00	0.00e+00
 9.99106e+22	9.10e-01	9.01e-02	1.30e-04	9.72e-06	0.00e+00	0.00e+00	0.00e+00	0.00e+00
 1.00177e+23	9.10e-01	8.95e-02	1.29e-04	9.76e-06	0.00e+00	0.00e+00	0.00e+00	0.00e+00
 1.00464e+23	9.11e-01	8.89e-02	1.29e-04	9.80e-06	0.00e+00	0.00e+00	0.00e+00	0.00e+00
 1.00725e+23	9.11e-01	8.84e-02	1.28e-04	9.85e-06	0.00e+00	0.00e+00	0.00e+00	0.00e+00
 1.00963e+23	9.12e-01	8.80e-02	1.27e-04	9.88e-06	0.00e+00	0.00e+00	0.00e+00	0.00e+00
 1.01224e+23	9.12e-01	8.76e-02	1.26e-04	9.93e-06	0.00e+00	0.00e+00	0.00e+00	0.00e+00
 1.01506e+23	9.13e-01	8.71e-02	1.26e-04	1.00e-05	0.00e+00	0.00e+00	0.00e+00	0.00e+00
 1.01762e+23	9.13e-01	8.67e-02	1.25e-04	1.00e-05	0.00e+00	0.00e+00	0.00e+00	0.00e+00
 1.01995e+23	9.14e-01	8.63e-02	1.24e-04	1.01e-05	0.00e+00	0.00e+00	0.00e+00	0.00e+00
 1.02250e+23	9.14e-01	8.59e-02	1.23e-04	1.01e-05	0.00e+00	0.00e+00	0.00e+00	0.00e+00
 1.02582e+23	9.14e-01	8.54e-02	1.23e-04	1.01e-05	0.00e+00	0.00e+00	0.00e+00	0.00e+00
 1.02941e+23	9.15e-01	8.49e-02	1.22e-04	1.01e-05	0.00e+00	0.00e+00	0.00e+00	0.00e+00
 1.03267e+23	9.15e-01	8.44e-02	1.21e-04	1.02e-05	0.00e+00	0.00e+00	0.00e+00	0.00e+00
 1.03564e+23	9.16e-01	8.40e-02	1.20e-04	1.02e-05	0.00e+00	0.00e+00	0.00e+00	0.00e+00
 1.03889e+23	9.16e-01	8.36e-02	1.19e-04	1.02e-05	0.00e+00	0.00e+00	0.00e+00	0.00e+00
 1.04240e+23	9.17e-01	8.31e-02	1.18e-04	1.02e-05	0.00e+00	0.00e+00	0.00e+00	0.00e+00
 1.04559e+23	9.17e-01	8.27e-02	1.17e-04	1.03e-05	0.00e+00	0.00e+00	0.00e+00	0.00e+00
 1.04910e+23	9.18e-01	8.23e-02	1.16e-04	1.03e-05	0.00e+00	0.00e+00	0.00e+00	0.00e+00
 1.05288e+23	9.18e-01	8.18e-02	1.16e-04	1.03e-05	0.00e+00	0.00e+00	0.00e+00	0.00e+00
 1.05632e+23	9.18e-01	8.14e-02	1.15e-04	1.03e-05	0.00e+00	0.00e+00	0.00e+00	0.00e+00
 1.05945e+23	9.19e-01	8.11e-02	1.14e-04	1.04e-05	0.00e+00	0.00e+00	0.00e+00	0.00e+00
 1.06288e+23	9.19e-01	8.07e-02	1.13e-04	1.04e-05	0.00e+00	0.00e+00	0.00e+00	0.00e+00
 1.06658e+23	9.20e-01	8.03e-02	1.12e-04	1.05e-05	0.00e+00	0.00e+00	0.00e+00	0.00e+00
 1.06995e+23	9.20e-01	8.00e-02	1.12e-04	1.05e-05	0.00e+00	0.00e+00	0.00e+00	0.00e+00
 1.07302e+23	9.20e-01	7.97e-02	1.11e-04	1.05e-05	0.00e+00	0.00e+00	0.00e+00	0.00e+00
 1.07581e+23	9.20e-01	7.94e-02	1.11e-04	1.06e-05	0.00e+00	0.00e+00	0.00e+00	0.00e+00
 1.07886e+23	9.21e-01	7.91e-02	1.11e-04	1.06e-05	0.00e+00	0.00e+00	0.00e+00	0.00e+00
 1.08217e+23	9.21e-01	7.88e-02	1.10e-04	1.07e-05	0.00e+00	0.00e+00	0.00e+00	0.00e+00
 1.08517e+23	9.21e-01	7.85e-02	1.10e-04	1.07e-05	0.00e+00	0.00e+00	0.00e+00	0.00e+00
 1.08846e+23	9.22e-01	7.82e-02	1.09e-04	1.07e-05	0.00e+00	0.00e+00	0.00e+00	0.00e+00
 1.09202e+23	9.22e-01	7.78e-02	1.09e-04	1.08e-05	0.00e+00	0.00e+00	0.00e+00	0.00e+00
 1.09525e+23	9.22e-01	7.75e-02	1.08e-04	1.08e-05	0.00e+00	0.00e+00	0.00e+00	0.00e+00
 1.09819e+23	9.23e-01	7.73e-02	1.08e-04	1.08e-05	0.00e+00	0.00e+00	0.00e+00	0.00e+00
 1.10142e+23	9.23e-01	7.70e-02	1.07e-04	1.09e-05	0.00e+00	0.00e+00	0.00e+00	0.00e+00
 1.10490e+23	9.23e-01	7.67e-02	1.07e-04	1.09e-05	0.00e+00	0.00e+00	0.00e+00	0.00e+00
 1.10807e+23	9.24e-01	7.64e-02	1.06e-04	1.09e-05	0.00e+00	0.00e+00	0.00e+00	0.00e+00
 1.11154e+23	9.24e-01	7.61e-02	1.06e-04	1.10e-05	0.00e+00	0.00e+00	0.00e+00	0.00e+00
 1.11529e+23	9.24e-01	7.57e-02	1.05e-04	1.10e-05	0.00e+00	0.00e+00	0.00e+00	0.00e+00
 1.11870e+23	9.24e-01	7.54e-02	1.05e-04	1.10e-05	0.00e+00	0.00e+00	0.00e+00	0.00e+00
 1.12243e+23	9.25e-01	7.51e-02	1.04e-04	1.10e-05	0.00e+00	0.00e+00	0.00e+00	0.00e+00
 1.12647e+23	9.25e-01	7.47e-02	1.04e-04	1.11e-05	0.00e+00	0.00e+00	0.00e+00	0.00e+00
 1.13014e+23	9.26e-01	7.43e-02	1.03e-04	1.11e-05	0.00e+00	0.00e+00	0.00e+00	0.00e+00
 1.13416e+23	9.26e-01	7.39e-02	1.03e-04	1.11e-05	0.00e+00	0.00e+00	0.00e+00	0.00e+00
 1.13939e+23	9.26e-01	7.34e-02	1.02e-04	1.10e-05	0.00e+00	0.00e+00	0.00e+00	0.00e+00
 1.14504e+23	9.27e-01	7.29e-02	1.01e-04	1.10e-05	0.00e+00	0.00e+00	0.00e+00	0.00e+00
 1.15018e+23	9.28e-01	7.24e-02	1.01e-04	1.10e-05	0.00e+00	0.00e+00	0.00e+00	0.00e+00
 1.15486e+23	9.28e-01	7.19e-02	9.99e-05	1.10e-05	0.00e+00	0.00e+00	0.00e+00	0.00e+00
 1.15911e+23	9.28e-01	7.16e-02	9.93e-05	1.10e-05	0.00e+00	0.00e+00	0.00e+00	0.00e+00
 1.16298e+23	9.29e-01	7.11e-02	9.87e-05	1.09e-05	0.00e+00	0.00e+00	0.00e+00	0.00e+00
 1.16723e+23	9.29e-01	7.07e-02	9.81e-05	1.09e-05	0.00e+00	0.00e+00	0.00e+00	0.00e+00
 1.17274e+23	9.30e-01	7.02e-02	9.74e-05	1.09e-05	0.00e+00	0.00e+00	0.00e+00	0.00e+00
 1.17870e+23	9.30e-01	6.97e-02	9.66e-05	1.09e-05	0.00e+00	0.00e+00	0.00e+00	0.00e+00
 1.18412e+23	9.31e-01	6.91e-02	9.59e-05	1.08e-05	0.00e+00	0.00e+00	0.00e+00	0.00e+00
 1.18905e+23	9.31e-01	6.87e-02	9.52e-05	1.08e-05	0.00e+00	0.00e+00	0.00e+00	0.00e+00
 1.19354e+23	9.32e-01	6.83e-02	9.45e-05	1.07e-05	0.00e+00	0.00e+00	0.00e+00	0.00e+00
 1.19845e+23	9.32e-01	6.78e-02	9.39e-05	1.07e-05	0.00e+00	0.00e+00	0.00e+00	0.00e+00
 1.20376e+23	9.33e-01	6.73e-02	9.33e-05	1.07e-05	0.00e+00	0.00e+00	0.00e+00	0.00e+00
 1.20859e+23	9.33e-01	6.69e-02	9.26e-05	1.06e-05	0.00e+00	0.00e+00	0.00e+00	0.00e+00
 1.21389e+23	9.33e-01	6.64e-02	9.20e-05	1.06e-05	0.00e+00	0.00e+00	0.00e+00	0.00e+00
 1.21960e+23	9.34e-01	6.59e-02	9.12e-05	1.05e-05	0.00e+00	0.00e+00	0.00e+00	0.00e+00
 1.22480e+23	9.34e-01	6.55e-02	9.06e-05	1.05e-05	0.00e+00	0.00e+00	0.00e+00	0.00e+00
 1.23050e+23	9.35e-01	6.50e-02	8.99e-05	1.04e-05	0.00e+00	0.00e+00	0.00e+00	0.00e+00
 1.23665e+23	9.35e-01	6.44e-02	8.91e-05	1.04e-05	0.00e+00	0.00e+00	0.00e+00	0.00e+00
 1.24225e+23	9.36e-01	6.39e-02	8.84e-05	1.03e-05	0.00e+00	0.00e+00	0.00e+00	0.00e+00
 1.24735e+23	9.36e-01	6.35e-02	8.78e-05	1.02e-05	0.00e+00	0.00e+00	0.00e+00	0.00e+00
 1.25293e+23	9.37e-01	6.30e-02	8.72e-05	1.02e-05	0.00e+00	0.00e+00	0.00e+00	0.00e+00
 1.25896e+23	9.37e-01	6.25e-02	8.65e-05	1.01e-05	0.00e+00	0.00e+00	0.00e+00	0.00e+00
 1.26444e+23	9.38e-01	6.21e-02	8.58e-05	1.01e-05	0.00e+00	0.00e+00	0.00e+00	0.00e+00
 1.27045e+23	9.38e-01	6.16e-02	8.52e-05	1.00e-05	0.00e+00	0.00e+00	0.00e+00	0.00e+00
 1.27694e+23	9.39e-01	6.11e-02	8.44e-05	9.96e-06	0.00e+00	0.00e+00	0.00e+00	0.00e+00
 1.28285e+23	9.39e-01	6.06e-02	8.37e-05	9.86e-06	0.00e+00	0.00e+00	0.00e+00	0.00e+00
 1.28932e+23	9.40e-01	6.01e-02	8.31e-05	9.82e-06	0.00e+00	0.00e+00	0.00e+00	0.00e+00
 1.29630e+23	9.40e-01	5.95e-02	8.23e-05	9.74e-06	0.00e+00	0.00e+00	0.00e+00	0.00e+00
 1.30266e+23	9.41e-01	5.90e-02	8.15e-05	9.64e-06	0.00e+00	0.00e+00	0.00e+00	0.00e+00
 1.30962e+23	9.41e-01	5.85e-02	8.08e-05	9.55e-06	0.00e+00	0.00e+00	0.00e+00	0.00e+00
 1.31868e+23	9.42e-01	5.78e-02	7.99e-05	9.43e-06	0.00e+00	0.00e+00	0.00e+00	0.00e+00
 1.32845e+23	9.43e-01	5.70e-02	7.88e-05	9.30e-06	0.00e+00	0.00e+00	0.00e+00	0.00e+00
 1.33735e+23	9.44e-01	5.64e-02	7.79e-05	9.19e-06	0.00e+00	0.00e+00	0.00e+00	0.00e+00
 1.34544e+23	9.44e-01	5.58e-02	7.70e-05	9.08e-06	0.00e+00	0.00e+00	0.00e+00	0.00e+00
 1.35281e+23	9.45e-01	5.52e-02	7.64e-05	9.01e-06	0.00e+00	0.00e+00	0.00e+00	0.00e+00
 1.35951e+23	9.45e-01	5.47e-02	7.56e-05	8.90e-06	0.00e+00	0.00e+00	0.00e+00	0.00e+00
 1.36686e+23	9.46e-01	5.42e-02	7.49e-05	8.80e-06	0.00e+00	0.00e+00	0.00e+00	0.00e+00
 1.37641e+23	9.46e-01	5.36e-02	7.40e-05	8.68e-06	0.00e+00	0.00e+00	0.00e+00	0.00e+00
 1.38672e+23	9.47e-01	5.29e-02	7.31e-05	8.54e-06	0.00e+00	0.00e+00	0.00e+00	0.00e+00
 1.39610e+23	9.48e-01	5.22e-02	7.22e-05	8.43e-06	0.00e+00	0.00e+00	0.00e+00	0.00e+00
 1.40464e+23	9.48e-01	5.17e-02	7.14e-05	8.32e-06	0.00e+00	0.00e+00	0.00e+00	0.00e+00
 1.41399e+23	9.49e-01	5.11e-02	7.06e-05	8.20e-06	0.00e+00	0.00e+00	0.00e+00	0.00e+00
 1.42615e+23	9.50e-01	5.03e-02	6.95e-05	8.05e-06	0.00e+00	0.00e+00	0.00e+00	0.00e+00
 1.43928e+23	9.50e-01	4.95e-02	6.84e-05	7.88e-06	0.00e+00	0.00e+00	0.00e+00	0.00e+00
 1.45123e+23	9.51e-01	4.88e-02	6.74e-05	7.73e-06	0.00e+00	0.00e+00	0.00e+00	0.00e+00
 1.46210e+23	9.52e-01	4.81e-02	6.65e-05	7.60e-06	0.00e+00	0.00e+00	0.00e+00	0.00e+00
 1.47200e+23	9.52e-01	4.75e-02	6.57e-05	7.48e-06	0.00e+00	0.00e+00	0.00e+00	0.00e+00
 1.48284e+23	9.53e-01	4.69e-02	6.49e-05	7.36e-06	0.00e+00	0.00e+00	0.00e+00	0.00e+00
 1.49693e+23	9.54e-01	4.62e-02	6.38e-05	7.20e-06	0.00e+00	0.00e+00	0.00e+00	0.00e+00
 1.51215e+23	9.55e-01	4.53e-02	6.27e-05	7.01e-06	0.00e+00	0.00e+00	0.00e+00	0.00e+00
 1.52599e+23	9.55e-01	4.46e-02	6.17e-05	6.87e-06	0.00e+00	0.00e+00	0.00e+00	0.00e+00
 1.53859e+23	9.56e-01	4.39e-02	6.08e-05	6.73e-06	0.00e+00	0.00e+00	0.00e+00	0.00e+00
 1.55006e+23	9.57e-01	4.34e-02	6.00e-05	6.60e-06	0.00e+00	0.00e+00	0.00e+00	0.00e+00
 1.56262e+23	9.57e-01	4.28e-02	5.91e-05	6.48e-06	0.00e+00	0.00e+00	0.00e+00	0.00e+00
 1.57896e+23	9.58e-01	4.20e-02	5.81e-05	6.32e-06	0.00e+00	0.00e+00	0.00e+00	0.00e+00
 1.59659e+23	9.59e-01	4.12e-02	5.70e-05	6.14e-06	0.00e+00	0.00e+00	0.00e+00	0.00e+00
 1.61264e+23	9.59e-01	4.05e-02	5.60e-05	5.99e-06	0.00e+00	0.00e+00	0.00e+00	0.00e+00
 1.62724e+23	9.60e-01	3.98e-02	5.51e-05	5.85e-06	0.00e+00	0.00e+00	0.00e+00	0.00e+00
 1.64053e+23	9.61e-01	3.93e-02	5.43e-05	5.73e-06	0.00e+00	0.00e+00	0.00e+00	0.00e+00
 1.65509e+23	9.61e-01	3.87e-02	5.35e-05	5.61e-06	0.00e+00	0.00e+00	0.00e+00	0.00e+00
 1.67402e+23	9.62e-01	3.80e-02	5.25e-05	5.45e-06	0.00e+00	0.00e+00	0.00e+00	0.00e+00
 1.69446e+23	9.63e-01	3.72e-02	5.14e-05	5.28e-06	0.00e+00	0.00e+00	0.00e+00	0.00e+00
 1.71305e+23	9.63e-01	3.65e-02	5.04e-05	5.13e-06	0.00e+00	0.00e+00	0.00e+00	0.00e+00
 1.72998e+23	9.64e-01	3.59e-02	4.96e-05	5.00e-06	0.00e+00	0.00e+00	0.00e+00	0.00e+00
 1.74852e+23	9.65e-01	3.53e-02	4.87e-05	4.87e-06	0.00e+00	0.00e+00	0.00e+00	0.00e+00
 1.77263e+23	9.65e-01	3.45e-02	4.77e-05	4.70e-06	0.00e+00	0.00e+00	0.00e+00	0.00e+00
 1.79866e+23	9.66e-01	3.37e-02	4.65e-05	4.53e-06	0.00e+00	0.00e+00	0.00e+00	0.00e+00
 1.82234e+23	9.67e-01	3.29e-02	4.55e-05	4.37e-06	0.00e+00	0.00e+00	0.00e+00	0.00e+00
 1.84389e+23	9.68e-01	3.23e-02	4.46e-05	4.24e-06	0.00e+00	0.00e+00	0.00e+00	0.00e+00
 1.86350e+23	9.68e-01	3.17e-02	4.38e-05	4.13e-06	0.00e+00	0.00e+00	0.00e+00	0.00e+00
 1.88499e+23	9.69e-01	3.12e-02	4.31e-05	4.01e-06	0.00e+00	0.00e+00	0.00e+00	0.00e+00
 1.91293e+23	9.69e-01	3.05e-02	4.21e-05	3.88e-06	0.00e+00	0.00e+00	0.00e+00	0.00e+00
 1.94310e+23	9.70e-01	2.98e-02	4.11e-05	3.72e-06	0.00e+00	0.00e+00	0.00e+00	0.00e+00
 1.97615e+23	9.71e-01	2.91e-02	4.01e-05	3.58e-06	0.00e+00	0.00e+00	0.00e+00	0.00e+00
 2.01897e+23	9.72e-01	2.82e-02	3.89e-05	3.41e-06	0.00e+00	0.00e+00	0.00e+00	0.00e+00
 2.06946e+23	9.73e-01	2.72e-02	3.75e-05	3.22e-06	0.00e+00	0.00e+00	0.00e+00	0.00e+00
 2.12037e+23	9.74e-01	2.63e-02	3.62e-05	3.03e-06	0.00e+00	0.00e+00	0.00e+00	0.00e+00
 2.16827e+23	9.75e-01	2.55e-02	3.50e-05	2.88e-06	0.00e+00	0.00e+00	0.00e+00	0.00e+00
 2.21654e+23	9.75e-01	2.47e-02	3.40e-05	2.74e-06	0.00e+00	0.00e+00	0.00e+00	0.00e+00
 2.27123e+23	9.76e-01	2.40e-02	3.29e-05	2.61e-06	0.00e+00	0.00e+00	0.00e+00	0.00e+00
 2.33595e+23	9.77e-01	2.32e-02	3.19e-05	2.47e-06	0.00e+00	0.00e+00	0.00e+00	0.00e+00
 2.40512e+23	9.78e-01	2.24e-02	3.07e-05	2.33e-06	0.00e+00	0.00e+00	0.00e+00	0.00e+00
 2.47009e+23	9.78e-01	2.17e-02	2.97e-05	2.20e-06	0.00e+00	0.00e+00	0.00e+00	0.00e+00
 2.52856e+23	9.79e-01	2.11e-02	2.89e-05	2.10e-06	0.00e+00	0.00e+00	0.00e+00	0.00e+00
 2.58119e+23	9.79e-01	2.06e-02	2.82e-05	2.02e-06	0.00e+00	0.00e+00	0.00e+00	0.00e+00
 2.62855e+23	9.80e-01	2.02e-02	2.76e-05	1.95e-06	0.00e+00	0.00e+00	0.00e+00	0.00e+00
 2.67118e+23	9.80e-01	1.99e-02	2.72e-05	1.90e-06	0.00e+00	0.00e+00	0.00e+00	0.00e+00
 2.70954e+23	9.80e-01	1.96e-02	2.68e-05	1.85e-06	0.00e+00	0.00e+00	0.00e+00	0.00e+00
 2.74407e+23	9.81e-01	1.93e-02	2.64e-05	1.81e-06	0.00e+00	0.00e+00	0.00e+00	0.00e+00
 2.77570e+23	9.81e-01	1.91e-02	2.61e-05	1.78e-06	0.00e+00	0.00e+00	0.00e+00	0.00e+00
 2.80625e+23	9.81e-01	1.89e-02	2.59e-05	1.75e-06	0.00e+00	0.00e+00	0.00e+00	0.00e+00
 2.83680e+23	9.81e-01	1.88e-02	2.56e-05	1.72e-06	0.00e+00	0.00e+00	0.00e+00	0.00e+00
 2.86734e+23	9.81e-01	1.86e-02	2.54e-05	1.70e-06	0.00e+00	0.00e+00	0.00e+00	0.00e+00
 2.89789e+23	9.82e-01	1.84e-02	2.51e-05	1.67e-06	0.00e+00	0.00e+00	0.00e+00	0.00e+00
 2.92844e+23	9.82e-01	1.83e-02	2.49e-05	1.65e-06	0.00e+00	0.00e+00	0.00e+00	0.00e+00
 2.95899e+23	9.82e-01	1.81e-02	2.47e-05	1.62e-06	0.00e+00	0.00e+00	0.00e+00	0.00e+00
 2.98954e+23	9.82e-01	1.80e-02	2.46e-05	1.60e-06	0.00e+00	0.00e+00	0.00e+00	0.00e+00
 3.02008e+23	9.82e-01	1.79e-02	2.44e-05	1.58e-06	0.00e+00	0.00e+00	0.00e+00	0.00e+00
 3.04509e+23	9.82e-01	1.77e-02	2.41e-05	1.56e-06	0.00e+00	0.00e+00	0.00e+00	0.00e+00
