#depth	Mg	Mg+	Mg+2	Mg+3	Mg+4	Mg+5	Mg+6	Mg+7	Mg+8	Mg+9	Mg+10	Mg+11	Mg+12
 6.17135e+19	0.00e+00	0.00e+00	0.00e+00	0.00e+00	0.00e+00	8.64e-32	3.49e-26	4.77e-21	3.36e-16	1.24e-11	8.34e-07	1.77e-03	9.98e-01
 1.87609e+20	0.00e+00	0.00e+00	0.00e+00	0.00e+00	0.00e+00	1.50e-31	5.61e-26	7.07e-21	4.60e-16	1.57e-11	9.76e-07	1.92e-03	9.98e-01
 3.18540e+20	0.00e+00	0.00e+00	0.00e+00	0.00e+00	0.00e+00	2.60e-31	8.98e-26	1.05e-20	6.29e-16	1.98e-11	1.14e-06	2.07e-03	9.98e-01
 4.54709e+20	0.00e+00	0.00e+00	0.00e+00	0.00e+00	0.00e+00	4.51e-31	1.44e-25	1.55e-20	8.61e-16	2.51e-11	1.33e-06	2.24e-03	9.98e-01
 5.86273e+20	0.00e+00	0.00e+00	0.00e+00	0.00e+00	0.00e+00	7.50e-31	2.22e-25	2.23e-20	1.15e-15	3.12e-11	1.54e-06	2.41e-03	9.98e-01
 7.07693e+20	0.00e+00	0.00e+00	0.00e+00	0.00e+00	0.00e+00	1.19e-30	3.29e-25	3.09e-20	1.49e-15	3.79e-11	1.76e-06	2.57e-03	9.97e-01
 8.44020e+20	0.00e+00	0.00e+00	0.00e+00	0.00e+00	0.00e+00	1.95e-30	5.03e-25	4.39e-20	1.98e-15	4.67e-11	2.02e-06	2.76e-03	9.97e-01
 1.00121e+21	0.00e+00	0.00e+00	0.00e+00	0.00e+00	0.00e+00	3.39e-30	8.08e-25	6.51e-20	2.71e-15	5.91e-11	2.37e-06	2.99e-03	9.97e-01
 1.15077e+21	0.00e+00	0.00e+00	0.00e+00	0.00e+00	0.00e+00	5.62e-30	1.25e-24	9.35e-20	3.61e-15	7.33e-11	2.74e-06	3.21e-03	9.97e-01
 1.28715e+21	0.00e+00	0.00e+00	0.00e+00	0.00e+00	0.00e+00	8.79e-30	1.83e-24	1.29e-19	4.66e-15	8.87e-11	3.11e-06	3.42e-03	9.97e-01
 1.44114e+21	0.00e+00	0.00e+00	0.00e+00	0.00e+00	0.00e+00	1.44e-29	2.78e-24	1.82e-19	6.15e-15	1.09e-10	3.57e-06	3.67e-03	9.96e-01
 1.62045e+21	0.00e+00	0.00e+00	0.00e+00	0.00e+00	0.00e+00	2.49e-29	4.46e-24	2.70e-19	8.41e-15	1.38e-10	4.18e-06	3.97e-03	9.96e-01
 1.78040e+21	0.00e+00	0.00e+00	0.00e+00	0.00e+00	0.00e+00	4.00e-29	6.70e-24	3.78e-19	1.10e-14	1.68e-10	4.78e-06	4.25e-03	9.96e-01
 1.90772e+21	0.00e+00	0.00e+00	0.00e+00	0.00e+00	0.00e+00	5.78e-29	9.16e-24	4.91e-19	1.35e-14	1.97e-10	5.30e-06	4.47e-03	9.96e-01
 2.04492e+21	0.00e+00	0.00e+00	0.00e+00	0.00e+00	0.00e+00	8.51e-29	1.28e-23	6.46e-19	1.69e-14	2.32e-10	5.91e-06	4.73e-03	9.95e-01
 2.22327e+21	0.00e+00	0.00e+00	0.00e+00	0.00e+00	0.00e+00	1.39e-28	1.94e-23	9.15e-19	2.22e-14	2.85e-10	6.79e-06	5.07e-03	9.95e-01
 2.40900e+21	0.00e+00	0.00e+00	0.00e+00	0.00e+00	0.00e+00	2.27e-28	2.96e-23	1.30e-18	2.94e-14	3.50e-10	7.81e-06	5.43e-03	9.95e-01
 2.56604e+21	0.00e+00	0.00e+00	0.00e+00	0.00e+00	0.00e+00	3.40e-28	4.18e-23	1.73e-18	3.69e-14	4.15e-10	8.76e-06	5.75e-03	9.94e-01
 2.73193e+21	0.00e+00	0.00e+00	0.00e+00	0.00e+00	0.00e+00	5.17e-28	5.97e-23	2.33e-18	4.67e-14	4.95e-10	9.85e-06	6.10e-03	9.94e-01
 2.91918e+21	0.00e+00	0.00e+00	0.00e+00	0.00e+00	0.00e+00	8.18e-28	8.84e-23	3.23e-18	6.05e-14	6.00e-10	1.12e-05	6.51e-03	9.93e-01
 3.09772e+21	0.00e+00	0.00e+00	0.00e+00	0.00e+00	0.00e+00	1.25e-27	1.27e-22	4.36e-18	7.69e-14	7.17e-10	1.26e-05	6.92e-03	9.93e-01
 3.29335e+21	0.00e+00	0.00e+00	0.00e+00	0.00e+00	0.00e+00	1.97e-27	1.87e-22	6.02e-18	9.93e-14	8.67e-10	1.44e-05	7.37e-03	9.93e-01
 3.50873e+21	0.00e+00	0.00e+00	0.00e+00	0.00e+00	0.00e+00	3.21e-27	2.84e-22	8.50e-18	1.31e-13	1.06e-09	1.65e-05	7.90e-03	9.92e-01
 3.70222e+21	0.00e+00	0.00e+00	0.00e+00	0.00e+00	0.00e+00	4.90e-27	4.08e-22	1.15e-17	1.66e-13	1.27e-09	1.86e-05	8.38e-03	9.92e-01
 3.86407e+21	0.00e+00	0.00e+00	0.00e+00	0.00e+00	0.00e+00	6.93e-27	5.49e-22	1.47e-17	2.01e-13	1.47e-09	2.05e-05	8.80e-03	9.91e-01
 4.03235e+21	0.00e+00	0.00e+00	0.00e+00	0.00e+00	3.15e-32	9.89e-27	7.44e-22	1.89e-17	2.46e-13	1.70e-09	2.26e-05	9.26e-03	9.91e-01
 4.25112e+21	0.00e+00	0.00e+00	0.00e+00	0.00e+00	5.24e-32	1.54e-26	1.09e-21	2.59e-17	3.16e-13	2.05e-09	2.56e-05	9.85e-03	9.90e-01
 4.47481e+21	0.00e+00	0.00e+00	0.00e+00	0.00e+00	8.76e-32	2.42e-26	1.59e-21	3.55e-17	4.06e-13	2.46e-09	2.91e-05	1.05e-02	9.89e-01
 4.65243e+21	0.00e+00	0.00e+00	0.00e+00	0.00e+00	1.32e-31	3.46e-26	2.16e-21	4.57e-17	4.95e-13	2.85e-09	3.21e-05	1.10e-02	9.89e-01
 4.83090e+21	0.00e+00	0.00e+00	0.00e+00	0.00e+00	1.96e-31	4.87e-26	2.90e-21	5.83e-17	6.00e-13	3.29e-09	3.53e-05	1.16e-02	9.88e-01
 5.06290e+21	0.00e+00	0.00e+00	0.00e+00	0.00e+00	3.23e-31	7.53e-26	4.20e-21	7.93e-17	7.65e-13	3.94e-09	3.99e-05	1.23e-02	9.88e-01
 5.30280e+21	0.00e+00	0.00e+00	0.00e+00	0.00e+00	5.42e-31	1.18e-25	6.17e-21	1.09e-16	9.83e-13	4.74e-09	4.52e-05	1.31e-02	9.87e-01
 5.49536e+21	0.00e+00	0.00e+00	0.00e+00	0.00e+00	8.10e-31	1.68e-25	8.32e-21	1.39e-16	1.19e-12	5.47e-09	4.99e-05	1.38e-02	9.86e-01
 5.68810e+21	0.00e+00	0.00e+00	0.00e+00	0.00e+00	1.20e-30	2.36e-25	1.12e-20	1.78e-16	1.45e-12	6.30e-09	5.49e-05	1.44e-02	9.86e-01
 5.89226e+21	0.00e+00	0.00e+00	0.00e+00	0.00e+00	1.82e-30	3.39e-25	1.52e-20	2.29e-16	1.77e-12	7.31e-09	6.06e-05	1.52e-02	9.85e-01
 6.06702e+21	0.00e+00	0.00e+00	0.00e+00	0.00e+00	2.58e-30	4.58e-25	1.96e-20	2.84e-16	2.09e-12	8.27e-09	6.59e-05	1.58e-02	9.84e-01
 6.24996e+21	0.00e+00	0.00e+00	0.00e+00	0.00e+00	3.69e-30	6.27e-25	2.56e-20	3.54e-16	2.49e-12	9.40e-09	7.19e-05	1.65e-02	9.83e-01
 6.45607e+21	0.00e+00	0.00e+00	0.00e+00	0.00e+00	5.51e-30	8.89e-25	3.45e-20	4.53e-16	3.02e-12	1.08e-08	7.92e-05	1.73e-02	9.83e-01
 6.65050e+21	0.00e+00	0.00e+00	0.00e+00	0.00e+00	7.98e-30	1.23e-24	4.54e-20	5.68e-16	3.61e-12	1.24e-08	8.65e-05	1.81e-02	9.82e-01
 6.82889e+21	0.00e+00	0.00e+00	0.00e+00	0.00e+00	1.11e-29	1.64e-24	5.81e-20	6.97e-16	4.24e-12	1.39e-08	9.38e-05	1.89e-02	9.81e-01
 7.02821e+21	0.00e+00	0.00e+00	0.00e+00	0.00e+00	1.62e-29	2.27e-24	7.67e-20	8.76e-16	5.07e-12	1.59e-08	1.03e-04	1.97e-02	9.80e-01
 7.24791e+21	0.00e+00	0.00e+00	0.00e+00	0.00e+00	2.41e-29	3.21e-24	1.03e-19	1.12e-15	6.15e-12	1.83e-08	1.13e-04	2.07e-02	9.79e-01
 7.44988e+21	0.00e+00	0.00e+00	0.00e+00	0.00e+00	3.48e-29	4.42e-24	1.35e-19	1.40e-15	7.34e-12	2.08e-08	1.23e-04	2.16e-02	9.78e-01
 7.63855e+21	0.00e+00	0.00e+00	0.00e+00	0.00e+00	4.86e-29	5.90e-24	1.73e-19	1.72e-15	8.62e-12	2.35e-08	1.33e-04	2.25e-02	9.77e-01
 7.81758e+21	0.00e+00	0.00e+00	0.00e+00	0.00e+00	6.68e-29	7.78e-24	2.19e-19	2.09e-15	1.00e-11	2.62e-08	1.44e-04	2.34e-02	9.76e-01
 7.98542e+21	0.00e+00	0.00e+00	0.00e+00	0.00e+00	8.95e-29	1.00e-23	2.73e-19	2.50e-15	1.16e-11	2.91e-08	1.54e-04	2.42e-02	9.76e-01
 8.17526e+21	0.00e+00	0.00e+00	0.00e+00	0.00e+00	1.25e-28	1.34e-23	3.49e-19	3.06e-15	1.36e-11	3.27e-08	1.67e-04	2.52e-02	9.75e-01
 8.38322e+21	0.00e+00	0.00e+00	0.00e+00	0.00e+00	1.78e-28	1.83e-23	4.54e-19	3.81e-15	1.61e-11	3.71e-08	1.82e-04	2.62e-02	9.74e-01
 8.57228e+21	0.00e+00	0.00e+00	0.00e+00	0.00e+00	2.45e-28	2.40e-23	5.74e-19	4.63e-15	1.88e-11	4.15e-08	1.96e-04	2.72e-02	9.73e-01
 8.77563e+21	0.00e+00	0.00e+00	0.00e+00	0.00e+00	3.45e-28	3.24e-23	7.40e-19	5.71e-15	2.21e-11	4.68e-08	2.13e-04	2.84e-02	9.71e-01
 8.99815e+21	0.00e+00	0.00e+00	0.00e+00	0.00e+00	4.97e-28	4.45e-23	9.71e-19	7.14e-15	2.64e-11	5.33e-08	2.32e-04	2.96e-02	9.70e-01
 9.19554e+21	0.00e+00	0.00e+00	0.00e+00	0.00e+00	6.89e-28	5.91e-23	1.24e-18	8.73e-15	3.08e-11	5.98e-08	2.50e-04	3.08e-02	9.69e-01
 9.37148e+21	0.00e+00	0.00e+00	0.00e+00	0.00e+00	9.12e-28	7.55e-23	1.52e-18	1.04e-14	3.53e-11	6.61e-08	2.68e-04	3.18e-02	9.68e-01
 9.56959e+21	0.00e+00	0.00e+00	0.00e+00	0.00e+00	1.26e-27	9.97e-23	1.93e-18	1.26e-14	4.12e-11	7.39e-08	2.89e-04	3.30e-02	9.67e-01
 9.79338e+21	0.00e+00	0.00e+00	0.00e+00	0.00e+00	1.79e-27	1.36e-22	2.51e-18	1.57e-14	4.88e-11	8.38e-08	3.14e-04	3.44e-02	9.65e-01
 9.99160e+21	0.00e+00	0.00e+00	0.00e+00	0.00e+00	2.45e-27	1.78e-22	3.17e-18	1.90e-14	5.68e-11	9.36e-08	3.38e-04	3.57e-02	9.64e-01
 1.01558e+22	0.00e+00	0.00e+00	0.00e+00	0.00e+00	3.16e-27	2.23e-22	3.83e-18	2.22e-14	6.42e-11	1.02e-07	3.59e-04	3.67e-02	9.63e-01
 1.03348e+22	0.00e+00	0.00e+00	0.00e+00	0.00e+00	4.18e-27	2.84e-22	4.71e-18	2.64e-14	7.34e-11	1.13e-07	3.83e-04	3.79e-02	9.62e-01
 1.05675e+22	0.00e+00	0.00e+00	0.00e+00	0.00e+00	5.96e-27	3.86e-22	6.12e-18	3.28e-14	8.70e-11	1.28e-07	4.17e-04	3.95e-02	9.60e-01
 1.08065e+22	0.00e+00	0.00e+00	0.00e+00	0.00e+00	8.57e-27	5.29e-22	8.03e-18	4.10e-14	1.04e-10	1.46e-07	4.54e-04	4.12e-02	9.58e-01
 1.10003e+22	0.00e+00	0.00e+00	0.00e+00	3.64e-32	1.15e-26	6.82e-22	9.97e-18	4.91e-14	1.19e-10	1.62e-07	4.86e-04	4.26e-02	9.57e-01
 1.11987e+22	0.00e+00	0.00e+00	0.00e+00	5.08e-32	1.54e-26	8.81e-22	1.24e-17	5.89e-14	1.38e-10	1.79e-07	5.21e-04	4.41e-02	9.55e-01
 1.14198e+22	0.00e+00	0.00e+00	0.00e+00	7.35e-32	2.14e-26	1.17e-21	1.58e-17	7.20e-14	1.61e-10	2.01e-07	5.62e-04	4.57e-02	9.54e-01
 1.16238e+22	0.00e+00	0.00e+00	0.00e+00	1.03e-31	2.88e-26	1.52e-21	1.97e-17	8.65e-14	1.86e-10	2.24e-07	6.03e-04	4.73e-02	9.52e-01
 1.18118e+22	0.00e+00	0.00e+00	0.00e+00	1.41e-31	3.78e-26	1.92e-21	2.42e-17	1.02e-13	2.12e-10	2.46e-07	6.42e-04	4.88e-02	9.51e-01
 1.20251e+22	0.00e+00	0.00e+00	0.00e+00	1.99e-31	5.13e-26	2.50e-21	3.03e-17	1.23e-13	2.46e-10	2.74e-07	6.90e-04	5.05e-02	9.49e-01
 1.22637e+22	0.00e+00	0.00e+00	0.00e+00	2.92e-31	7.19e-26	3.36e-21	3.90e-17	1.52e-13	2.89e-10	3.09e-07	7.47e-04	5.25e-02	9.47e-01
 1.24770e+22	0.00e+00	0.00e+00	0.00e+00	4.11e-31	9.72e-26	4.37e-21	4.88e-17	1.83e-13	3.35e-10	3.44e-07	8.01e-04	5.43e-02	9.45e-01
 1.26620e+22	0.00e+00	0.00e+00	0.00e+00	5.50e-31	1.26e-25	5.47e-21	5.91e-17	2.15e-13	3.79e-10	3.77e-07	8.51e-04	5.60e-02	9.43e-01
 1.28680e+22	0.00e+00	0.00e+00	0.00e+00	7.58e-31	1.67e-25	7.00e-21	7.29e-17	2.56e-13	4.35e-10	4.17e-07	9.09e-04	5.78e-02	9.41e-01
 1.31358e+22	0.00e+00	0.00e+00	0.00e+00	1.14e-30	2.40e-25	9.59e-21	9.56e-17	3.20e-13	5.18e-10	4.74e-07	9.90e-04	6.02e-02	9.39e-01
 1.34069e+22	0.00e+00	0.00e+00	0.00e+00	1.74e-30	3.47e-25	1.32e-20	1.26e-16	4.02e-13	6.19e-10	5.41e-07	1.08e-03	6.27e-02	9.36e-01
 1.36215e+22	0.00e+00	0.00e+00	0.00e+00	2.41e-30	4.62e-25	1.70e-20	1.56e-16	4.80e-13	7.11e-10	5.99e-07	1.15e-03	6.48e-02	9.34e-01
 1.38397e+22	0.00e+00	0.00e+00	0.00e+00	3.33e-30	6.15e-25	2.18e-20	1.93e-16	5.74e-13	8.17e-10	6.63e-07	1.23e-03	6.69e-02	9.32e-01
 1.40849e+22	0.00e+00	0.00e+00	0.00e+00	4.79e-30	8.47e-25	2.87e-20	2.45e-16	6.99e-13	9.55e-10	7.43e-07	1.33e-03	6.93e-02	9.29e-01
 1.43146e+22	0.00e+00	0.00e+00	0.00e+00	6.71e-30	1.14e-24	3.72e-20	3.05e-16	8.41e-13	1.10e-09	8.27e-07	1.42e-03	7.16e-02	9.27e-01
 1.45269e+22	0.00e+00	0.00e+00	0.00e+00	9.12e-30	1.49e-24	4.71e-20	3.74e-16	9.95e-13	1.26e-09	9.10e-07	1.52e-03	7.38e-02	9.25e-01
 1.47671e+22	0.00e+00	0.00e+00	0.00e+00	1.28e-29	2.02e-24	6.12e-20	4.68e-16	1.20e-12	1.46e-09	1.01e-06	1.63e-03	7.63e-02	9.22e-01
 1.50357e+22	0.00e+00	0.00e+00	0.00e+00	1.87e-29	2.82e-24	8.18e-20	6.00e-16	1.48e-12	1.71e-09	1.14e-06	1.76e-03	7.92e-02	9.19e-01
 1.52854e+22	0.00e+00	0.00e+00	0.00e+00	2.65e-29	3.83e-24	1.07e-19	7.55e-16	1.79e-12	1.99e-09	1.27e-06	1.89e-03	8.19e-02	9.16e-01
 1.55169e+22	0.00e+00	0.00e+00	0.00e+00	3.64e-29	5.06e-24	1.36e-19	9.30e-16	2.13e-12	2.28e-09	1.41e-06	2.01e-03	8.45e-02	9.13e-01
 1.57801e+22	0.00e+00	0.00e+00	0.00e+00	5.18e-29	6.91e-24	1.79e-19	1.17e-15	2.58e-12	2.65e-09	1.58e-06	2.16e-03	8.74e-02	9.10e-01
 1.60678e+22	0.00e+00	0.00e+00	0.00e+00	7.60e-29	9.68e-24	2.40e-19	1.51e-15	3.19e-12	3.13e-09	1.78e-06	2.34e-03	9.07e-02	9.07e-01
 1.63272e+22	0.00e+00	0.00e+00	0.00e+00	1.08e-28	1.32e-23	3.13e-19	1.90e-15	3.86e-12	3.64e-09	1.99e-06	2.51e-03	9.38e-02	9.04e-01
 1.65587e+22	0.00e+00	0.00e+00	0.00e+00	1.44e-28	1.70e-23	3.91e-19	2.30e-15	4.53e-12	4.12e-09	2.18e-06	2.67e-03	9.65e-02	9.01e-01
 1.68140e+22	0.00e+00	0.00e+00	0.00e+00	1.98e-28	2.26e-23	5.01e-19	2.85e-15	5.41e-12	4.73e-09	2.41e-06	2.85e-03	9.95e-02	8.98e-01
 1.71459e+22	0.00e+00	0.00e+00	0.00e+00	2.99e-28	3.24e-23	6.86e-19	3.73e-15	6.78e-12	5.65e-09	2.74e-06	3.10e-03	1.04e-01	8.93e-01
 1.74827e+22	0.00e+00	0.00e+00	0.00e+00	4.51e-28	4.66e-23	9.43e-19	4.91e-15	8.51e-12	6.75e-09	3.13e-06	3.37e-03	1.08e-01	8.89e-01
 1.77515e+22	0.00e+00	0.00e+00	0.00e+00	6.23e-28	6.19e-23	1.21e-18	6.08e-15	1.02e-11	7.76e-09	3.47e-06	3.60e-03	1.11e-01	8.85e-01
 1.80265e+22	0.00e+00	0.00e+00	0.00e+00	8.57e-28	8.20e-23	1.54e-18	7.51e-15	1.21e-11	8.91e-09	3.84e-06	3.85e-03	1.14e-01	8.82e-01
 1.83839e+22	0.00e+00	0.00e+00	0.00e+00	1.29e-27	1.17e-22	2.11e-18	9.82e-15	1.52e-11	1.06e-08	4.37e-06	4.18e-03	1.19e-01	8.77e-01
 1.87432e+22	0.00e+00	0.00e+00	0.00e+00	1.93e-27	1.68e-22	2.88e-18	1.28e-14	1.90e-11	1.27e-08	4.97e-06	4.54e-03	1.24e-01	8.72e-01
 1.90245e+22	0.00e+00	0.00e+00	0.00e+00	2.63e-27	2.20e-22	3.66e-18	1.58e-14	2.26e-11	1.45e-08	5.48e-06	4.84e-03	1.27e-01	8.68e-01
 1.93099e+22	0.00e+00	0.00e+00	0.00e+00	3.56e-27	2.88e-22	4.62e-18	1.93e-14	2.67e-11	1.65e-08	6.04e-06	5.15e-03	1.31e-01	8.64e-01
 1.96808e+22	0.00e+00	0.00e+00	0.00e+00	5.24e-27	4.05e-22	6.22e-18	2.49e-14	3.31e-11	1.96e-08	6.83e-06	5.58e-03	1.36e-01	8.59e-01
 2.00723e+22	0.00e+00	0.00e+00	0.00e+00	7.83e-27	5.78e-22	8.49e-18	3.26e-14	4.14e-11	2.33e-08	7.77e-06	6.05e-03	1.41e-01	8.53e-01
 2.04061e+22	0.00e+00	0.00e+00	0.00e+00	1.10e-26	7.78e-22	1.10e-17	4.07e-14	4.99e-11	2.70e-08	8.64e-06	6.48e-03	1.45e-01	8.48e-01
 2.06999e+22	0.00e+00	0.00e+00	3.46e-32	1.46e-26	1.00e-21	1.37e-17	4.93e-14	5.85e-11	3.06e-08	9.47e-06	6.87e-03	1.49e-01	8.44e-01
 2.10258e+22	0.00e+00	0.00e+00	4.90e-32	1.99e-26	1.32e-21	1.74e-17	6.06e-14	6.95e-11	3.50e-08	1.05e-05	7.32e-03	1.54e-01	8.39e-01
 2.14496e+22	0.00e+00	0.00e+00	7.59e-32	2.94e-26	1.86e-21	2.36e-17	7.87e-14	8.65e-11	4.15e-08	1.19e-05	7.93e-03	1.59e-01	8.33e-01
 2.18827e+22	0.00e+00	0.00e+00	1.18e-31	4.38e-26	2.65e-21	3.20e-17	1.03e-13	1.08e-10	4.94e-08	1.35e-05	8.60e-03	1.65e-01	8.26e-01
 2.22329e+22	0.00e+00	0.00e+00	1.68e-31	5.99e-26	3.49e-21	4.08e-17	1.26e-13	1.28e-10	5.66e-08	1.49e-05	9.17e-03	1.70e-01	8.21e-01
 2.25929e+22	0.00e+00	0.00e+00	2.38e-31	8.18e-26	4.59e-21	5.18e-17	1.55e-13	1.53e-10	6.48e-08	1.64e-05	9.76e-03	1.75e-01	8.15e-01
 2.30609e+22	0.00e+00	0.00e+00	3.69e-31	1.21e-25	6.50e-21	7.02e-17	2.02e-13	1.90e-10	7.70e-08	1.86e-05	1.06e-02	1.81e-01	8.08e-01
 2.35426e+22	0.00e+00	0.00e+00	5.78e-31	1.81e-25	9.28e-21	9.57e-17	2.64e-13	2.38e-10	9.17e-08	2.11e-05	1.15e-02	1.88e-01	8.01e-01
 2.39374e+22	0.00e+00	0.00e+00	8.26e-31	2.49e-25	1.23e-20	1.23e-16	3.27e-13	2.84e-10	1.05e-07	2.34e-05	1.22e-02	1.93e-01	7.95e-01
 2.42872e+22	0.00e+00	0.00e+00	1.13e-30	3.29e-25	1.57e-20	1.52e-16	3.93e-13	3.32e-10	1.19e-07	2.56e-05	1.29e-02	1.98e-01	7.89e-01
 2.46830e+22	0.00e+00	0.00e+00	1.58e-30	4.46e-25	2.06e-20	1.92e-16	4.81e-13	3.93e-10	1.36e-07	2.82e-05	1.38e-02	2.03e-01	7.83e-01
 2.51975e+22	0.00e+00	0.00e+00	2.43e-30	6.55e-25	2.89e-20	2.58e-16	6.21e-13	4.86e-10	1.61e-07	3.18e-05	1.49e-02	2.10e-01	7.75e-01
 2.57271e+22	0.00e+00	0.00e+00	3.77e-30	9.71e-25	4.10e-20	3.50e-16	8.08e-13	6.06e-10	1.91e-07	3.61e-05	1.61e-02	2.17e-01	7.67e-01
 2.61593e+22	0.00e+00	0.00e+00	5.36e-30	1.33e-24	5.41e-20	4.47e-16	9.96e-13	7.21e-10	2.19e-07	3.98e-05	1.71e-02	2.23e-01	7.60e-01
 2.66043e+22	0.00e+00	0.00e+00	7.58e-30	1.81e-24	7.12e-20	5.68e-16	1.23e-12	8.58e-10	2.50e-07	4.39e-05	1.82e-02	2.29e-01	7.53e-01
 2.71826e+22	0.00e+00	0.00e+00	1.18e-29	2.69e-24	1.01e-19	7.69e-16	1.59e-12	1.07e-09	2.97e-07	4.97e-05	1.97e-02	2.36e-01	7.44e-01
 2.77814e+22	0.00e+00	0.00e+00	1.85e-29	4.03e-24	1.44e-19	1.05e-15	2.09e-12	1.34e-09	3.55e-07	5.65e-05	2.13e-02	2.44e-01	7.34e-01
 2.82768e+22	0.00e+00	0.00e+00	2.66e-29	5.59e-24	1.93e-19	1.35e-15	2.60e-12	1.60e-09	4.09e-07	6.27e-05	2.27e-02	2.51e-01	7.26e-01
 2.87121e+22	0.00e+00	0.00e+00	3.64e-29	7.40e-24	2.47e-19	1.68e-15	3.13e-12	1.88e-09	4.62e-07	6.84e-05	2.40e-02	2.57e-01	7.19e-01
 2.91989e+22	0.00e+00	0.00e+00	5.11e-29	1.00e-23	3.23e-19	2.13e-15	3.83e-12	2.22e-09	5.27e-07	7.53e-05	2.55e-02	2.63e-01	7.12e-01
 2.98318e+22	0.00e+00	0.00e+00	7.85e-29	1.47e-23	4.54e-19	2.86e-15	4.95e-12	2.75e-09	6.23e-07	8.49e-05	2.74e-02	2.71e-01	7.02e-01
 3.04838e+22	0.00e+00	0.00e+00	1.22e-28	2.19e-23	6.45e-19	3.89e-15	6.45e-12	3.43e-09	7.40e-07	9.61e-05	2.96e-02	2.79e-01	6.91e-01
 3.10153e+22	0.00e+00	0.00e+00	1.74e-28	3.00e-23	8.52e-19	4.96e-15	7.96e-12	4.08e-09	8.48e-07	1.06e-04	3.15e-02	2.86e-01	6.82e-01
 3.15607e+22	0.00e+00	0.00e+00	2.46e-28	4.09e-23	1.12e-18	6.31e-15	9.79e-12	4.85e-09	9.70e-07	1.17e-04	3.34e-02	2.93e-01	6.74e-01
 3.22698e+22	0.00e+00	0.00e+00	3.81e-28	6.06e-23	1.59e-18	8.54e-15	1.27e-11	6.04e-09	1.15e-06	1.32e-04	3.60e-02	3.01e-01	6.63e-01
 3.30068e+22	0.00e+00	0.00e+00	6.01e-28	9.13e-23	2.28e-18	1.17e-14	1.67e-11	7.58e-09	1.37e-06	1.50e-04	3.89e-02	3.10e-01	6.51e-01
 3.36198e+22	0.00e+00	0.00e+00	8.71e-28	1.27e-22	3.06e-18	1.52e-14	2.08e-11	9.11e-09	1.58e-06	1.66e-04	4.14e-02	3.18e-01	6.41e-01
 3.42561e+22	0.00e+00	0.00e+00	1.26e-27	1.77e-22	4.10e-18	1.96e-14	2.60e-11	1.09e-08	1.83e-06	1.84e-04	4.41e-02	3.25e-01	6.31e-01
 3.49247e+22	0.00e+00	0.00e+00	1.85e-27	2.51e-22	5.58e-18	2.56e-14	3.28e-11	1.33e-08	2.12e-06	2.05e-04	4.70e-02	3.33e-01	6.20e-01
 3.54868e+22	0.00e+00	0.00e+00	2.56e-27	3.35e-22	7.20e-18	3.20e-14	3.97e-11	1.56e-08	2.40e-06	2.23e-04	4.96e-02	3.39e-01	6.11e-01
 3.60690e+22	0.00e+00	0.00e+00	3.52e-27	4.45e-22	9.27e-18	3.99e-14	4.80e-11	1.83e-08	2.72e-06	2.44e-04	5.23e-02	3.46e-01	6.02e-01
 3.68258e+22	0.00e+00	0.00e+00	5.26e-27	6.38e-22	1.27e-17	5.26e-14	6.10e-11	2.23e-08	3.17e-06	2.72e-04	5.59e-02	3.54e-01	5.90e-01
 3.76022e+22	0.00e+00	0.00e+00	7.99e-27	9.29e-22	1.78e-17	7.04e-14	7.84e-11	2.74e-08	3.73e-06	3.05e-04	5.98e-02	3.62e-01	5.78e-01
 3.82243e+22	0.00e+00	0.00e+00	1.11e-26	1.25e-21	2.31e-17	8.83e-14	9.54e-11	3.23e-08	4.23e-06	3.34e-04	6.31e-02	3.68e-01	5.68e-01
 3.88533e+22	0.00e+00	0.00e+00	1.52e-26	1.66e-21	2.97e-17	1.10e-13	1.15e-10	3.78e-08	4.78e-06	3.64e-04	6.64e-02	3.75e-01	5.58e-01
 3.95264e+22	0.00e+00	0.00e+00	2.15e-26	2.25e-21	3.89e-17	1.39e-13	1.41e-10	4.48e-08	5.46e-06	3.99e-04	7.01e-02	3.81e-01	5.48e-01
 4.01080e+22	0.00e+00	0.00e+00	2.87e-26	2.93e-21	4.91e-17	1.71e-13	1.69e-10	5.19e-08	6.11e-06	4.32e-04	7.35e-02	3.87e-01	5.39e-01
 4.06352e+22	0.00e+00	0.00e+00	3.70e-26	3.67e-21	6.00e-17	2.03e-13	1.96e-10	5.88e-08	6.73e-06	4.62e-04	7.65e-02	3.92e-01	5.31e-01
 4.12404e+22	0.00e+00	0.00e+00	4.95e-26	4.77e-21	7.56e-17	2.49e-13	2.33e-10	6.80e-08	7.53e-06	5.00e-04	8.01e-02	3.97e-01	5.22e-01
 4.20272e+22	0.00e+00	5.46e-32	7.11e-26	6.60e-21	1.01e-16	3.20e-13	2.90e-10	8.14e-08	8.65e-06	5.51e-04	8.47e-02	4.04e-01	5.10e-01
 4.28306e+22	0.00e+00	8.30e-32	1.04e-25	9.29e-21	1.37e-16	4.17e-13	3.64e-10	9.84e-08	1.00e-05	6.10e-04	8.99e-02	4.11e-01	4.98e-01
 4.34199e+22	0.00e+00	1.12e-31	1.37e-25	1.19e-20	1.70e-16	5.05e-13	4.30e-10	1.13e-07	1.11e-05	6.56e-04	9.38e-02	4.16e-01	4.89e-01
 4.38649e+22	0.00e+00	1.41e-31	1.68e-25	1.43e-20	2.00e-16	5.82e-13	4.86e-10	1.25e-07	1.20e-05	6.93e-04	9.67e-02	4.20e-01	4.83e-01
 4.43581e+22	0.00e+00	1.78e-31	2.09e-25	1.73e-20	2.37e-16	6.75e-13	5.52e-10	1.39e-07	1.31e-05	7.34e-04	1.00e-01	4.24e-01	4.76e-01
 4.49992e+22	0.00e+00	2.40e-31	2.74e-25	2.21e-20	2.94e-16	8.15e-13	6.50e-10	1.59e-07	1.45e-05	7.88e-04	1.04e-01	4.28e-01	4.67e-01
 4.57129e+22	0.00e+00	3.40e-31	3.76e-25	2.94e-20	3.79e-16	1.02e-12	7.87e-10	1.87e-07	1.64e-05	8.58e-04	1.09e-01	4.34e-01	4.56e-01
 4.63508e+22	0.00e+00	4.61e-31	4.96e-25	3.78e-20	4.73e-16	1.23e-12	9.30e-10	2.14e-07	1.82e-05	9.23e-04	1.14e-01	4.38e-01	4.47e-01
 4.69131e+22	0.00e+00	5.99e-31	6.30e-25	4.68e-20	5.72e-16	1.45e-12	1.07e-09	2.41e-07	2.00e-05	9.83e-04	1.18e-01	4.42e-01	4.39e-01
 4.75473e+22	0.00e+00	7.92e-31	8.13e-25	5.89e-20	7.01e-16	1.74e-12	1.25e-09	2.74e-07	2.20e-05	1.05e-03	1.22e-01	4.46e-01	4.31e-01
 4.82449e+22	0.00e+00	1.09e-30	1.09e-24	7.67e-20	8.87e-16	2.13e-12	1.49e-09	3.18e-07	2.47e-05	1.14e-03	1.28e-01	4.50e-01	4.21e-01
 4.88609e+22	0.00e+00	1.45e-30	1.41e-24	9.64e-20	1.09e-15	2.55e-12	1.74e-09	3.61e-07	2.72e-05	1.21e-03	1.33e-01	4.54e-01	4.12e-01
 4.94062e+22	0.00e+00	1.84e-30	1.75e-24	1.18e-19	1.30e-15	2.97e-12	1.99e-09	4.03e-07	2.96e-05	1.29e-03	1.37e-01	4.57e-01	4.05e-01
 5.00235e+22	0.00e+00	2.39e-30	2.22e-24	1.45e-19	1.57e-15	3.50e-12	2.30e-09	4.54e-07	3.24e-05	1.37e-03	1.42e-01	4.60e-01	3.97e-01
 5.08259e+22	0.00e+00	3.35e-30	3.03e-24	1.93e-19	2.01e-15	4.35e-12	2.77e-09	5.31e-07	3.66e-05	1.48e-03	1.48e-01	4.64e-01	3.86e-01
 5.16409e+22	0.00e+00	4.78e-30	4.19e-24	2.58e-19	2.60e-15	5.46e-12	3.37e-09	6.25e-07	4.14e-05	1.61e-03	1.55e-01	4.68e-01	3.76e-01
 5.22804e+22	0.00e+00	6.27e-30	5.38e-24	3.23e-19	3.18e-15	6.50e-12	3.92e-09	7.08e-07	4.56e-05	1.72e-03	1.61e-01	4.71e-01	3.67e-01
 5.29201e+22	0.00e+00	8.12e-30	6.82e-24	4.00e-19	3.84e-15	7.68e-12	4.53e-09	7.98e-07	4.99e-05	1.83e-03	1.66e-01	4.73e-01	3.59e-01
 5.37516e+22	0.00e+00	1.13e-29	9.22e-24	5.24e-19	4.89e-15	9.48e-12	5.44e-09	9.29e-07	5.61e-05	1.98e-03	1.73e-01	4.76e-01	3.49e-01
 5.45895e+22	0.00e+00	1.59e-29	1.27e-23	6.98e-19	6.32e-15	1.19e-11	6.61e-09	1.09e-06	6.34e-05	2.15e-03	1.81e-01	4.79e-01	3.38e-01
 5.52339e+22	0.00e+00	2.07e-29	1.61e-23	8.67e-19	7.66e-15	1.40e-11	7.64e-09	1.23e-06	6.96e-05	2.28e-03	1.87e-01	4.81e-01	3.30e-01
 5.58701e+22	0.00e+00	2.64e-29	2.01e-23	1.06e-18	9.18e-15	1.64e-11	8.77e-09	1.38e-06	7.59e-05	2.42e-03	1.92e-01	4.82e-01	3.23e-01
 5.66971e+22	0.00e+00	3.59e-29	2.67e-23	1.37e-18	1.15e-14	2.01e-11	1.04e-08	1.60e-06	8.48e-05	2.60e-03	2.00e-01	4.84e-01	3.13e-01
 5.75560e+22	0.00e+00	5.01e-29	3.63e-23	1.81e-18	1.48e-14	2.49e-11	1.26e-08	1.87e-06	9.56e-05	2.82e-03	2.08e-01	4.86e-01	3.03e-01
 5.82506e+22	0.00e+00	6.58e-29	4.67e-23	2.28e-18	1.82e-14	2.98e-11	1.47e-08	2.13e-06	1.05e-04	3.01e-03	2.15e-01	4.87e-01	2.95e-01
 5.88501e+22	0.00e+00	8.16e-29	5.70e-23	2.73e-18	2.13e-14	3.43e-11	1.67e-08	2.35e-06	1.14e-04	3.16e-03	2.21e-01	4.88e-01	2.88e-01
 5.95315e+22	0.00e+00	1.04e-28	7.13e-23	3.35e-18	2.56e-14	4.03e-11	1.91e-08	2.64e-06	1.24e-04	3.35e-03	2.27e-01	4.88e-01	2.81e-01
 6.04173e+22	0.00e+00	1.42e-28	9.48e-23	4.34e-18	3.23e-14	4.93e-11	2.28e-08	3.06e-06	1.39e-04	3.60e-03	2.36e-01	4.89e-01	2.72e-01
 6.13439e+22	0.00e+00	1.98e-28	1.29e-22	5.75e-18	4.16e-14	6.16e-11	2.77e-08	3.59e-06	1.57e-04	3.90e-03	2.45e-01	4.89e-01	2.62e-01
 6.21017e+22	0.00e+00	2.61e-28	1.67e-22	7.28e-18	5.14e-14	7.41e-11	3.26e-08	4.11e-06	1.74e-04	4.17e-03	2.53e-01	4.89e-01	2.53e-01
 6.27532e+22	0.00e+00	3.23e-28	2.04e-22	8.73e-18	6.05e-14	8.55e-11	3.69e-08	4.55e-06	1.89e-04	4.39e-03	2.60e-01	4.89e-01	2.47e-01
 6.34881e+22	0.00e+00	4.12e-28	2.56e-22	1.07e-17	7.28e-14	1.01e-10	4.25e-08	5.13e-06	2.06e-04	4.65e-03	2.67e-01	4.88e-01	2.40e-01
 6.44434e+22	0.00e+00	5.58e-28	3.40e-22	1.39e-17	9.20e-14	1.23e-10	5.08e-08	5.95e-06	2.31e-04	5.00e-03	2.76e-01	4.88e-01	2.31e-01
 6.54600e+22	0.00e+00	7.78e-28	4.64e-22	1.85e-17	1.19e-13	1.55e-10	6.19e-08	7.01e-06	2.62e-04	5.42e-03	2.87e-01	4.86e-01	2.21e-01
 6.63177e+22	0.00e+00	1.03e-27	6.04e-22	2.36e-17	1.48e-13	1.87e-10	7.31e-08	8.05e-06	2.91e-04	5.80e-03	2.96e-01	4.85e-01	2.13e-01
 6.70643e+22	0.00e+00	1.30e-27	7.54e-22	2.90e-17	1.78e-13	2.21e-10	8.43e-08	9.06e-06	3.19e-04	6.14e-03	3.04e-01	4.83e-01	2.06e-01
 6.79048e+22	0.00e+00	1.66e-27	9.44e-22	3.56e-17	2.15e-13	2.60e-10	9.73e-08	1.02e-05	3.49e-04	6.51e-03	3.12e-01	4.81e-01	1.99e-01
 6.89974e+22	0.00e+00	2.26e-27	1.26e-21	4.66e-17	2.74e-13	3.22e-10	1.17e-07	1.19e-05	3.92e-04	7.02e-03	3.23e-01	4.79e-01	1.91e-01
 7.01642e+22	0.00e+00	3.16e-27	1.74e-21	6.26e-17	3.59e-13	4.07e-10	1.44e-07	1.41e-05	4.47e-04	7.62e-03	3.35e-01	4.75e-01	1.81e-01
 7.11097e+22	0.00e+00	4.16e-27	2.26e-21	7.99e-17	4.48e-13	4.94e-10	1.71e-07	1.63e-05	4.98e-04	8.15e-03	3.46e-01	4.72e-01	1.74e-01
 7.18522e+22	0.00e+00	5.10e-27	2.75e-21	9.58e-17	5.28e-13	5.71e-10	1.93e-07	1.81e-05	5.40e-04	8.58e-03	3.53e-01	4.69e-01	1.68e-01
 7.26482e+22	0.00e+00	6.22e-27	3.32e-21	1.14e-16	6.19e-13	6.57e-10	2.18e-07	2.00e-05	5.83e-04	9.00e-03	3.61e-01	4.67e-01	1.63e-01
 7.36830e+22	0.00e+00	8.02e-27	4.23e-21	1.43e-16	7.61e-13	7.87e-10	2.56e-07	2.28e-05	6.44e-04	9.59e-03	3.71e-01	4.63e-01	1.56e-01
 7.48272e+22	5.13e-32	1.06e-26	5.55e-21	1.84e-16	9.58e-13	9.63e-10	3.05e-07	2.64e-05	7.20e-04	1.03e-02	3.82e-01	4.58e-01	1.49e-01
 7.58641e+22	6.92e-32	1.37e-26	7.06e-21	2.31e-16	1.18e-12	1.15e-09	3.57e-07	3.01e-05	7.96e-04	1.09e-02	3.92e-01	4.54e-01	1.42e-01
 7.68041e+22	8.99e-32	1.70e-26	8.73e-21	2.82e-16	1.41e-12	1.35e-09	4.10e-07	3.38e-05	8.70e-04	1.16e-02	4.01e-01	4.50e-01	1.37e-01
 7.78676e+22	1.17e-31	2.13e-26	1.08e-20	3.45e-16	1.70e-12	1.59e-09	4.72e-07	3.79e-05	9.51e-04	1.22e-02	4.10e-01	4.46e-01	1.31e-01
 7.92502e+22	1.64e-31	2.82e-26	1.42e-20	4.45e-16	2.15e-12	1.95e-09	5.64e-07	4.40e-05	1.07e-03	1.31e-02	4.22e-01	4.40e-01	1.24e-01
 8.07030e+22	2.35e-31	3.81e-26	1.91e-20	5.87e-16	2.77e-12	2.44e-09	6.85e-07	5.16e-05	1.20e-03	1.42e-02	4.34e-01	4.33e-01	1.17e-01
 8.19020e+22	3.16e-31	4.87e-26	2.43e-20	7.37e-16	3.41e-12	2.93e-09	8.02e-07	5.89e-05	1.33e-03	1.51e-02	4.45e-01	4.27e-01	1.11e-01
 8.29469e+22	4.00e-31	5.93e-26	2.94e-20	8.83e-16	4.03e-12	3.39e-09	9.10e-07	6.54e-05	1.44e-03	1.58e-02	4.53e-01	4.23e-01	1.07e-01
 8.41366e+22	5.09e-31	7.27e-26	3.59e-20	1.06e-15	4.78e-12	3.93e-09	1.04e-06	7.28e-05	1.57e-03	1.67e-02	4.62e-01	4.17e-01	1.02e-01
 8.56832e+22	6.91e-31	9.38e-26	4.60e-20	1.35e-15	5.94e-12	4.76e-09	1.22e-06	8.34e-05	1.74e-03	1.78e-02	4.73e-01	4.11e-01	9.68e-02
 8.72999e+22	9.62e-31	1.24e-25	6.04e-20	1.74e-15	7.52e-12	5.85e-09	1.46e-06	9.67e-05	1.95e-03	1.91e-02	4.85e-01	4.03e-01	9.10e-02
 8.85843e+22	1.25e-30	1.54e-25	7.50e-20	2.14e-15	9.09e-12	6.90e-09	1.69e-06	1.09e-04	2.13e-03	2.02e-02	4.94e-01	3.97e-01	8.65e-02
 8.96313e+22	1.51e-30	1.80e-25	8.76e-20	2.48e-15	1.04e-11	7.76e-09	1.87e-06	1.18e-04	2.27e-03	2.09e-02	5.01e-01	3.92e-01	8.35e-02
 9.07927e+22	1.84e-30	2.13e-25	1.03e-19	2.90e-15	1.20e-11	8.80e-09	2.08e-06	1.29e-04	2.43e-03	2.18e-02	5.08e-01	3.87e-01	8.02e-02
 9.23025e+22	2.36e-30	2.61e-25	1.26e-19	3.51e-15	1.43e-11	1.03e-08	2.38e-06	1.44e-04	2.64e-03	2.30e-02	5.17e-01	3.81e-01	7.64e-02
 9.42653e+22	3.19e-30	3.37e-25	1.62e-19	4.46e-15	1.78e-11	1.24e-08	2.80e-06	1.66e-04	2.94e-03	2.45e-02	5.28e-01	3.73e-01	7.17e-02
 9.62602e+22	4.42e-30	4.43e-25	2.13e-19	5.77e-15	2.26e-11	1.53e-08	3.36e-06	1.92e-04	3.29e-03	2.62e-02	5.39e-01	3.64e-01	6.69e-02
 9.77958e+22	5.65e-30	5.43e-25	2.61e-19	7.01e-15	2.71e-11	1.79e-08	3.84e-06	2.14e-04	3.57e-03	2.76e-02	5.48e-01	3.57e-01	6.35e-02
 9.92910e+22	6.91e-30	6.44e-25	3.09e-19	8.22e-15	3.14e-11	2.04e-08	4.29e-06	2.35e-04	3.83e-03	2.88e-02	5.55e-01	3.52e-01	6.07e-02
 1.01235e+23	8.87e-30	7.94e-25	3.81e-19	1.00e-14	3.77e-11	2.39e-08	4.92e-06	2.63e-04	4.17e-03	3.03e-02	5.63e-01	3.44e-01	5.74e-02
 1.03432e+23	1.18e-29	1.01e-24	4.85e-19	1.26e-14	4.66e-11	2.87e-08	5.77e-06	2.99e-04	4.61e-03	3.22e-02	5.73e-01	3.36e-01	5.37e-02
 1.05330e+23	1.53e-29	1.25e-24	6.02e-19	1.55e-14	5.63e-11	3.39e-08	6.65e-06	3.37e-04	5.04e-03	3.40e-02	5.82e-01	3.28e-01	5.06e-02
 1.06795e+23	1.83e-29	1.46e-24	7.00e-19	1.79e-14	6.43e-11	3.80e-08	7.34e-06	3.65e-04	5.35e-03	3.52e-02	5.88e-01	3.23e-01	4.85e-02
 1.08326e+23	2.16e-29	1.69e-24	8.09e-19	2.06e-14	7.29e-11	4.25e-08	8.06e-06	3.94e-04	5.67e-03	3.65e-02	5.93e-01	3.18e-01	4.66e-02
 1.10316e+23	2.66e-29	2.02e-24	9.63e-19	2.43e-14	8.48e-11	4.84e-08	9.02e-06	4.31e-04	6.07e-03	3.80e-02	5.99e-01	3.12e-01	4.43e-02
 1.12904e+23	3.44e-29	2.51e-24	1.20e-18	2.99e-14	1.03e-10	5.73e-08	1.04e-05	4.85e-04	6.63e-03	4.00e-02	6.07e-01	3.04e-01	4.16e-02
 1.15601e+23	4.56e-29	3.20e-24	1.53e-18	3.78e-14	1.27e-10	6.90e-08	1.22e-05	5.52e-04	7.32e-03	4.25e-02	6.16e-01	2.95e-01	3.87e-02
 1.17764e+23	5.68e-29	3.88e-24	1.85e-18	4.52e-14	1.50e-10	7.97e-08	1.38e-05	6.10e-04	7.88e-03	4.44e-02	6.22e-01	2.88e-01	3.66e-02
 1.19899e+23	6.82e-29	4.55e-24	2.17e-18	5.27e-14	1.73e-10	9.00e-08	1.53e-05	6.64e-04	8.40e-03	4.61e-02	6.27e-01	2.83e-01	3.48e-02
 1.22675e+23	8.52e-29	5.55e-24	2.64e-18	6.33e-14	2.05e-10	1.04e-07	1.73e-05	7.34e-04	9.05e-03	4.81e-02	6.33e-01	2.76e-01	3.29e-02
 1.26285e+23	1.11e-28	7.03e-24	3.34e-18	7.94e-14	2.52e-10	1.25e-07	2.02e-05	8.31e-04	9.93e-03	5.08e-02	6.41e-01	2.67e-01	3.05e-02
 1.29981e+23	1.51e-28	9.26e-24	4.39e-18	1.03e-13	3.19e-10	1.53e-07	2.41e-05	9.56e-04	1.10e-02	5.40e-02	6.48e-01	2.58e-01	2.80e-02
 1.32818e+23	1.90e-28	1.14e-23	5.39e-18	1.25e-13	3.81e-10	1.79e-07	2.74e-05	1.06e-03	1.19e-02	5.65e-02	6.54e-01	2.51e-01	2.63e-02
 1.35058e+23	2.21e-28	1.31e-23	6.19e-18	1.42e-13	4.29e-10	1.98e-07	2.99e-05	1.14e-03	1.25e-02	5.82e-02	6.57e-01	2.46e-01	2.52e-02
 1.37491e+23	2.57e-28	1.51e-23	7.11e-18	1.62e-13	4.84e-10	2.20e-07	3.27e-05	1.22e-03	1.32e-02	6.00e-02	6.61e-01	2.41e-01	2.41e-02
 1.40654e+23	3.07e-28	1.78e-23	8.38e-18	1.90e-13	5.58e-10	2.49e-07	3.63e-05	1.33e-03	1.41e-02	6.21e-02	6.64e-01	2.35e-01	2.28e-02
 1.44766e+23	3.79e-28	2.19e-23	1.02e-17	2.28e-13	6.60e-10	2.87e-07	4.09e-05	1.46e-03	1.51e-02	6.47e-02	6.68e-01	2.29e-01	2.15e-02
 1.50094e+23	4.86e-28	2.79e-23	1.30e-17	2.86e-13	8.11e-10	3.43e-07	4.76e-05	1.65e-03	1.65e-02	6.80e-02	6.73e-01	2.21e-01	1.99e-02
 1.55558e+23	6.50e-28	3.72e-23	1.72e-17	3.74e-13	1.03e-09	4.23e-07	5.67e-05	1.90e-03	1.82e-02	7.20e-02	6.78e-01	2.12e-01	1.81e-02
 1.59766e+23	8.12e-28	4.64e-23	2.14e-17	4.59e-13	1.24e-09	4.97e-07	6.49e-05	2.11e-03	1.97e-02	7.52e-02	6.82e-01	2.05e-01	1.68e-02
 1.63224e+23	9.40e-28	5.39e-23	2.48e-17	5.27e-13	1.41e-09	5.54e-07	7.11e-05	2.27e-03	2.08e-02	7.75e-02	6.84e-01	2.00e-01	1.60e-02
 1.67158e+23	1.07e-27	6.21e-23	2.84e-17	5.97e-13	1.58e-09	6.10e-07	7.70e-05	2.42e-03	2.18e-02	7.94e-02	6.85e-01	1.96e-01	1.54e-02
 1.72271e+23	1.25e-27	7.36e-23	3.36e-17	7.00e-13	1.83e-09	6.91e-07	8.55e-05	2.63e-03	2.31e-02	8.21e-02	6.87e-01	1.90e-01	1.45e-02
 1.78726e+23	1.48e-27	8.95e-23	4.05e-17	8.35e-13	2.14e-09	7.92e-07	9.58e-05	2.88e-03	2.46e-02	8.50e-02	6.89e-01	1.85e-01	1.36e-02
 1.85998e+23	1.80e-27	1.12e-22	5.04e-17	1.02e-12	2.57e-09	9.26e-07	1.09e-04	3.18e-03	2.65e-02	8.84e-02	6.91e-01	1.79e-01	1.27e-02
 1.93310e+23	2.15e-27	1.39e-22	6.19e-17	1.24e-12	3.05e-09	1.07e-06	1.23e-04	3.51e-03	2.84e-02	9.19e-02	6.92e-01	1.72e-01	1.18e-02
 2.00915e+23	2.47e-27	1.67e-22	7.38e-17	1.46e-12	3.54e-09	1.22e-06	1.37e-04	3.81e-03	3.01e-02	9.48e-02	6.93e-01	1.67e-01	1.11e-02
 2.09075e+23	2.83e-27	2.01e-22	8.82e-17	1.72e-12	4.11e-09	1.39e-06	1.52e-04	4.14e-03	3.19e-02	9.78e-02	6.93e-01	1.62e-01	1.05e-02
 2.17561e+23	3.19e-27	2.39e-22	1.04e-16	2.01e-12	4.73e-09	1.56e-06	1.68e-04	4.48e-03	3.37e-02	1.01e-01	6.93e-01	1.58e-01	9.87e-03
 2.26067e+23	3.52e-27	2.78e-22	1.21e-16	2.31e-12	5.36e-09	1.74e-06	1.84e-04	4.80e-03	3.54e-02	1.03e-01	6.93e-01	1.54e-01	9.37e-03
 2.34009e+23	3.82e-27	3.18e-22	1.38e-16	2.61e-12	5.98e-09	1.91e-06	1.99e-04	5.10e-03	3.70e-02	1.06e-01	6.93e-01	1.50e-01	8.93e-03
 2.41156e+23	4.10e-27	3.58e-22	1.54e-16	2.90e-12	6.56e-09	2.07e-06	2.12e-04	5.36e-03	3.83e-02	1.08e-01	6.93e-01	1.47e-01	8.60e-03
 2.47589e+23	4.28e-27	3.91e-22	1.68e-16	3.14e-12	7.06e-09	2.20e-06	2.24e-04	5.59e-03	3.95e-02	1.09e-01	6.92e-01	1.45e-01	8.32e-03
 2.53378e+23	4.44e-27	4.23e-22	1.81e-16	3.36e-12	7.50e-09	2.32e-06	2.33e-04	5.77e-03	4.04e-02	1.11e-01	6.92e-01	1.43e-01	8.12e-03
 2.58588e+23	4.54e-27	4.47e-22	1.91e-16	3.53e-12	7.84e-09	2.41e-06	2.41e-04	5.92e-03	4.11e-02	1.12e-01	6.92e-01	1.42e-01	7.97e-03
 2.63278e+23	4.63e-27	4.70e-22	2.00e-16	3.70e-12	8.17e-09	2.50e-06	2.48e-04	6.06e-03	4.17e-02	1.13e-01	6.91e-01	1.40e-01	7.82e-03
 2.67498e+23	4.67e-27	4.89e-22	2.08e-16	3.83e-12	8.43e-09	2.56e-06	2.54e-04	6.16e-03	4.22e-02	1.13e-01	6.91e-01	1.39e-01	7.72e-03
 2.71296e+23	4.71e-27	5.05e-22	2.15e-16	3.95e-12	8.66e-09	2.62e-06	2.59e-04	6.25e-03	4.27e-02	1.14e-01	6.91e-01	1.38e-01	7.63e-03
 2.74715e+23	4.73e-27	5.20e-22	2.20e-16	4.04e-12	8.84e-09	2.67e-06	2.62e-04	6.32e-03	4.30e-02	1.14e-01	6.91e-01	1.38e-01	7.56e-03
 2.77862e+23	4.69e-27	5.29e-22	2.24e-16	4.10e-12	8.96e-09	2.70e-06	2.65e-04	6.37e-03	4.32e-02	1.15e-01	6.91e-01	1.37e-01	7.52e-03
 2.80917e+23	4.66e-27	5.36e-22	2.27e-16	4.15e-12	9.06e-09	2.73e-06	2.67e-04	6.41e-03	4.34e-02	1.15e-01	6.90e-01	1.37e-01	7.48e-03
 2.83971e+23	4.65e-27	5.45e-22	2.31e-16	4.22e-12	9.20e-09	2.76e-06	2.70e-04	6.46e-03	4.37e-02	1.15e-01	6.90e-01	1.36e-01	7.43e-03
 2.87026e+23	4.59e-27	5.51e-22	2.33e-16	4.26e-12	9.27e-09	2.78e-06	2.71e-04	6.49e-03	4.38e-02	1.16e-01	6.90e-01	1.36e-01	7.40e-03
 2.90081e+23	4.54e-27	5.57e-22	2.35e-16	4.30e-12	9.35e-09	2.80e-06	2.73e-04	6.52e-03	4.40e-02	1.16e-01	6.90e-01	1.36e-01	7.37e-03
 2.93136e+23	4.47e-27	5.60e-22	2.37e-16	4.32e-12	9.39e-09	2.81e-06	2.74e-04	6.54e-03	4.40e-02	1.16e-01	6.90e-01	1.36e-01	7.36e-03
 2.96191e+23	4.39e-27	5.61e-22	2.37e-16	4.33e-12	9.42e-09	2.82e-06	2.74e-04	6.55e-03	4.41e-02	1.16e-01	6.90e-01	1.36e-01	7.34e-03
 2.99245e+23	4.31e-27	5.64e-22	2.38e-16	4.35e-12	9.44e-09	2.82e-06	2.75e-04	6.56e-03	4.41e-02	1.16e-01	6.90e-01	1.36e-01	7.34e-03
 3.02300e+23	4.23e-27	5.63e-22	2.38e-16	4.36e-12	9.47e-09	2.83e-06	2.76e-04	6.58e-03	4.42e-02	1.16e-01	6.90e-01	1.35e-01	7.32e-03
 3.04655e+23	4.26e-27	5.78e-22	2.44e-16	4.44e-12	9.61e-09	2.87e-06	2.78e-04	6.62e-03	4.44e-02	1.16e-01	6.90e-01	1.35e-01	7.29e-03
