#depth	Ar	Ar+	Ar+2	Ar+3	Ar+4	Ar+5	Ar+6	Ar+7	Ar+8	Ar+9	Ar+10	Ar+11	Ar+12	Ar+13	Ar+14	Ar+15	Ar+16	Ar+17	Ar+18
 6.17135e+19	0.00e+00	0.00e+00	0.00e+00	0.00e+00	0.00e+00	0.00e+00	0.00e+00	0.00e+00	0.00e+00	3.52e-29	5.68e-25	4.11e-21	1.66e-17	3.67e-14	6.37e-11	8.25e-08	1.78e-04	2.38e-02	9.76e-01
 1.87609e+20	0.00e+00	0.00e+00	0.00e+00	0.00e+00	0.00e+00	0.00e+00	0.00e+00	0.00e+00	0.00e+00	7.13e-29	1.06e-24	7.13e-21	2.65e-17	5.44e-14	8.71e-11	1.04e-07	2.08e-04	2.57e-02	9.74e-01
 3.18540e+20	0.00e+00	0.00e+00	0.00e+00	0.00e+00	0.00e+00	0.00e+00	0.00e+00	0.00e+00	0.00e+00	1.44e-28	1.99e-24	1.23e-20	4.24e-17	8.04e-14	1.19e-10	1.32e-07	2.42e-04	2.77e-02	9.72e-01
 4.54709e+20	0.00e+00	0.00e+00	0.00e+00	0.00e+00	0.00e+00	0.00e+00	0.00e+00	0.00e+00	0.00e+00	2.91e-28	3.71e-24	2.13e-20	6.77e-17	1.19e-13	1.63e-10	1.66e-07	2.83e-04	2.99e-02	9.70e-01
 5.86273e+20	0.00e+00	0.00e+00	0.00e+00	0.00e+00	0.00e+00	0.00e+00	0.00e+00	0.00e+00	0.00e+00	5.57e-28	6.62e-24	3.53e-20	1.04e-16	1.70e-13	2.17e-10	2.07e-07	3.26e-04	3.21e-02	9.68e-01
 7.07693e+20	0.00e+00	0.00e+00	0.00e+00	0.00e+00	0.00e+00	0.00e+00	0.00e+00	0.00e+00	0.00e+00	1.00e-27	1.11e-23	5.56e-20	1.54e-16	2.36e-13	2.81e-10	2.51e-07	3.71e-04	3.42e-02	9.65e-01
 8.44020e+20	0.00e+00	0.00e+00	0.00e+00	0.00e+00	0.00e+00	0.00e+00	0.00e+00	0.00e+00	0.00e+00	1.88e-27	1.95e-23	9.09e-20	2.35e-16	3.35e-13	3.72e-10	3.09e-07	4.27e-04	3.66e-02	9.63e-01
 1.00121e+21	0.00e+00	0.00e+00	0.00e+00	0.00e+00	0.00e+00	0.00e+00	0.00e+00	0.00e+00	0.00e+00	3.81e-27	3.65e-23	1.57e-19	3.76e-16	4.96e-13	5.09e-10	3.91e-07	4.98e-04	3.95e-02	9.60e-01
 1.15077e+21	0.00e+00	0.00e+00	0.00e+00	0.00e+00	0.00e+00	0.00e+00	0.00e+00	0.00e+00	0.00e+00	7.26e-27	6.48e-23	2.60e-19	5.79e-16	7.10e-13	6.77e-10	4.84e-07	5.74e-04	4.23e-02	9.57e-01
 1.28715e+21	0.00e+00	0.00e+00	0.00e+00	0.00e+00	0.00e+00	0.00e+00	0.00e+00	0.00e+00	7.23e-31	1.28e-26	1.08e-22	4.05e-19	8.46e-16	9.74e-13	8.72e-10	5.85e-07	6.50e-04	4.50e-02	9.54e-01
 1.44114e+21	0.00e+00	0.00e+00	0.00e+00	0.00e+00	0.00e+00	0.00e+00	0.00e+00	0.00e+00	1.44e-30	2.39e-26	1.87e-22	6.57e-19	1.28e-15	1.38e-12	1.15e-09	7.19e-07	7.45e-04	4.81e-02	9.51e-01
 1.62045e+21	0.00e+00	0.00e+00	0.00e+00	0.00e+00	0.00e+00	0.00e+00	0.00e+00	0.00e+00	3.14e-30	4.82e-26	3.48e-22	1.13e-18	2.05e-15	2.03e-12	1.57e-09	9.06e-07	8.68e-04	5.18e-02	9.47e-01
 1.78040e+21	0.00e+00	0.00e+00	0.00e+00	0.00e+00	0.00e+00	0.00e+00	0.00e+00	0.00e+00	6.14e-30	8.80e-26	5.95e-22	1.81e-18	3.06e-15	2.84e-12	2.05e-09	1.11e-06	9.90e-04	5.52e-02	9.44e-01
 1.90772e+21	0.00e+00	0.00e+00	0.00e+00	0.00e+00	0.00e+00	0.00e+00	0.00e+00	0.00e+00	1.03e-29	1.40e-25	9.00e-22	2.60e-18	4.17e-15	3.68e-12	2.52e-09	1.29e-06	1.10e-03	5.80e-02	9.41e-01
 2.04492e+21	0.00e+00	0.00e+00	0.00e+00	0.00e+00	0.00e+00	0.00e+00	0.00e+00	0.00e+00	1.77e-29	2.29e-25	1.39e-21	3.80e-18	5.78e-15	4.83e-12	3.13e-09	1.52e-06	1.22e-03	6.11e-02	9.38e-01
 2.22327e+21	0.00e+00	0.00e+00	0.00e+00	0.00e+00	0.00e+00	0.00e+00	0.00e+00	0.00e+00	3.53e-29	4.24e-25	2.41e-21	6.16e-18	8.74e-15	6.82e-12	4.11e-09	1.86e-06	1.40e-03	6.52e-02	9.33e-01
 2.40900e+21	0.00e+00	0.00e+00	0.00e+00	0.00e+00	0.00e+00	0.00e+00	0.00e+00	0.00e+00	7.04e-29	7.91e-25	4.19e-21	9.99e-18	1.32e-14	9.64e-12	5.42e-09	2.29e-06	1.60e-03	6.96e-02	9.29e-01
 2.56604e+21	0.00e+00	0.00e+00	0.00e+00	0.00e+00	0.00e+00	0.00e+00	0.00e+00	0.00e+00	1.24e-28	1.32e-24	6.60e-21	1.49e-17	1.86e-14	1.28e-11	6.79e-09	2.71e-06	1.79e-03	7.34e-02	9.25e-01
 2.73193e+21	0.00e+00	0.00e+00	0.00e+00	0.00e+00	0.00e+00	0.00e+00	0.00e+00	0.00e+00	2.22e-28	2.23e-24	1.05e-20	2.24e-17	2.64e-14	1.72e-11	8.57e-09	3.22e-06	2.00e-03	7.75e-02	9.21e-01
 2.91918e+21	0.00e+00	0.00e+00	0.00e+00	0.00e+00	0.00e+00	0.00e+00	0.00e+00	0.00e+00	4.22e-28	3.96e-24	1.76e-20	3.50e-17	3.89e-14	2.37e-11	1.11e-08	3.90e-06	2.27e-03	8.23e-02	9.15e-01
 3.09772e+21	0.00e+00	0.00e+00	0.00e+00	0.00e+00	0.00e+00	0.00e+00	0.00e+00	0.00e+00	7.63e-28	6.76e-24	2.82e-20	5.31e-17	5.55e-14	3.18e-11	1.40e-08	4.65e-06	2.55e-03	8.69e-02	9.11e-01
 3.29335e+21	0.00e+00	0.00e+00	0.00e+00	0.00e+00	0.00e+00	0.00e+00	0.00e+00	0.00e+00	1.43e-27	1.19e-23	4.68e-20	8.26e-17	8.12e-14	4.37e-11	1.80e-08	5.62e-06	2.88e-03	9.21e-02	9.05e-01
 3.50873e+21	0.00e+00	0.00e+00	0.00e+00	0.00e+00	0.00e+00	0.00e+00	0.00e+00	0.00e+00	2.82e-27	2.19e-23	8.04e-20	1.33e-16	1.22e-13	6.14e-11	2.36e-08	6.87e-06	3.28e-03	9.80e-02	8.99e-01
 3.70222e+21	0.00e+00	0.00e+00	0.00e+00	0.00e+00	0.00e+00	0.00e+00	0.00e+00	0.00e+00	5.07e-27	3.72e-23	1.29e-19	2.00e-16	1.74e-13	8.24e-11	2.99e-08	8.18e-06	3.68e-03	1.03e-01	8.93e-01
 3.86407e+21	0.00e+00	0.00e+00	0.00e+00	0.00e+00	0.00e+00	0.00e+00	0.00e+00	0.00e+00	8.19e-27	5.73e-23	1.89e-19	2.80e-16	2.32e-13	1.05e-10	3.62e-08	9.43e-06	4.04e-03	1.08e-01	8.88e-01
 4.03235e+21	0.00e+00	0.00e+00	0.00e+00	0.00e+00	0.00e+00	0.00e+00	0.00e+00	5.37e-31	1.34e-26	8.91e-23	2.80e-19	3.96e-16	3.12e-13	1.34e-10	4.40e-08	1.09e-05	4.44e-03	1.13e-01	8.83e-01
 4.25112e+21	0.00e+00	0.00e+00	0.00e+00	0.00e+00	0.00e+00	0.00e+00	0.00e+00	1.05e-30	2.47e-26	1.55e-22	4.57e-19	6.08e-16	4.51e-13	1.83e-10	5.62e-08	1.31e-05	5.00e-03	1.19e-01	8.76e-01
 4.47481e+21	0.00e+00	0.00e+00	0.00e+00	0.00e+00	0.00e+00	0.00e+00	0.00e+00	2.07e-30	4.57e-26	2.69e-22	7.49e-19	9.37e-16	6.54e-13	2.49e-10	7.18e-08	1.57e-05	5.63e-03	1.26e-01	8.68e-01
 4.65243e+21	0.00e+00	0.00e+00	0.00e+00	0.00e+00	0.00e+00	0.00e+00	0.00e+00	3.53e-30	7.43e-26	4.18e-22	1.11e-18	1.32e-15	8.79e-13	3.19e-10	8.73e-08	1.82e-05	6.18e-03	1.32e-01	8.62e-01
 4.83090e+21	0.00e+00	0.00e+00	0.00e+00	0.00e+00	0.00e+00	0.00e+00	0.00e+00	5.90e-30	1.19e-25	6.37e-22	1.61e-18	1.83e-15	1.17e-12	4.04e-10	1.05e-07	2.09e-05	6.77e-03	1.37e-01	8.56e-01
 5.06290e+21	0.00e+00	0.00e+00	0.00e+00	0.00e+00	0.00e+00	0.00e+00	0.00e+00	1.13e-29	2.14e-25	1.09e-21	2.59e-18	2.78e-15	1.67e-12	5.44e-10	1.33e-07	2.49e-05	7.58e-03	1.45e-01	8.48e-01
 5.30280e+21	0.00e+00	0.00e+00	0.00e+00	0.00e+00	0.00e+00	0.00e+00	0.00e+00	2.20e-29	3.94e-25	1.88e-21	4.22e-18	4.27e-15	2.41e-12	7.40e-10	1.70e-07	2.98e-05	8.52e-03	1.52e-01	8.39e-01
 5.49536e+21	0.00e+00	0.00e+00	0.00e+00	0.00e+00	0.00e+00	0.00e+00	0.00e+00	3.70e-29	6.31e-25	2.87e-21	6.16e-18	5.95e-15	3.21e-12	9.40e-10	2.05e-07	3.43e-05	9.32e-03	1.59e-01	8.32e-01
 5.68810e+21	0.00e+00	0.00e+00	0.00e+00	0.00e+00	0.00e+00	0.00e+00	0.00e+00	6.14e-29	1.00e-24	4.36e-21	8.93e-18	8.24e-15	4.25e-12	1.19e-09	2.47e-07	3.93e-05	1.02e-02	1.65e-01	8.25e-01
 5.89226e+21	0.00e+00	0.00e+00	0.00e+00	0.00e+00	0.00e+00	0.00e+00	0.00e+00	1.04e-28	1.62e-24	6.73e-21	1.32e-17	1.16e-14	5.70e-12	1.52e-09	3.00e-07	4.54e-05	1.12e-02	1.72e-01	8.17e-01
 6.06702e+21	0.00e+00	0.00e+00	0.00e+00	0.00e+00	0.00e+00	0.00e+00	0.00e+00	1.62e-28	2.43e-24	9.68e-21	1.82e-17	1.54e-14	7.28e-12	1.86e-09	3.53e-07	5.12e-05	1.20e-02	1.78e-01	8.10e-01
 6.24996e+21	0.00e+00	0.00e+00	0.00e+00	0.00e+00	0.00e+00	0.00e+00	0.00e+00	2.56e-28	3.68e-24	1.41e-20	2.54e-17	2.06e-14	9.38e-12	2.30e-09	4.17e-07	5.79e-05	1.30e-02	1.84e-01	8.03e-01
 6.45607e+21	0.00e+00	0.00e+00	0.00e+00	0.00e+00	0.00e+00	0.00e+00	0.00e+00	4.24e-28	5.84e-24	2.14e-20	3.68e-17	2.86e-14	1.24e-11	2.91e-09	5.02e-07	6.64e-05	1.42e-02	1.91e-01	7.94e-01
 6.65050e+21	0.00e+00	0.00e+00	0.00e+00	0.00e+00	0.00e+00	0.00e+00	0.00e+00	6.75e-28	8.92e-24	3.13e-20	5.18e-17	3.85e-14	1.61e-11	3.61e-09	5.95e-07	7.53e-05	1.54e-02	1.98e-01	7.86e-01
 6.82889e+21	0.00e+00	0.00e+00	0.00e+00	0.00e+00	0.00e+00	0.00e+00	0.00e+00	1.03e-27	1.31e-23	4.42e-20	7.04e-17	5.05e-14	2.03e-11	4.39e-09	6.93e-07	8.44e-05	1.66e-02	2.04e-01	7.79e-01
 7.02821e+21	0.00e+00	0.00e+00	0.00e+00	0.00e+00	0.00e+00	0.00e+00	0.00e+00	1.63e-27	2.00e-23	6.48e-20	9.90e-17	6.81e-14	2.63e-11	5.45e-09	8.22e-07	9.57e-05	1.79e-02	2.12e-01	7.70e-01
 7.24791e+21	0.00e+00	0.00e+00	0.00e+00	0.00e+00	0.00e+00	0.00e+00	0.00e+00	2.68e-27	3.14e-23	9.77e-20	1.43e-16	9.40e-14	3.47e-11	6.87e-09	9.87e-07	1.09e-04	1.95e-02	2.19e-01	7.61e-01
 7.44988e+21	0.00e+00	0.00e+00	0.00e+00	0.00e+00	0.00e+00	0.00e+00	0.00e+00	4.21e-27	4.75e-23	1.42e-19	1.99e-16	1.26e-13	4.47e-11	8.49e-09	1.17e-06	1.24e-04	2.11e-02	2.27e-01	7.52e-01
 7.63855e+21	0.00e+00	0.00e+00	0.00e+00	0.00e+00	0.00e+00	0.00e+00	0.00e+00	6.35e-27	6.91e-23	1.99e-19	2.69e-16	1.64e-13	5.63e-11	1.03e-08	1.36e-06	1.38e-04	2.26e-02	2.33e-01	7.44e-01
 7.81758e+21	0.00e+00	0.00e+00	0.00e+00	0.00e+00	0.00e+00	0.00e+00	4.76e-31	9.35e-27	9.85e-23	2.74e-19	3.59e-16	2.11e-13	7.00e-11	1.24e-08	1.56e-06	1.54e-04	2.42e-02	2.40e-01	7.36e-01
 7.98542e+21	0.00e+00	0.00e+00	0.00e+00	0.00e+00	0.00e+00	0.00e+00	7.08e-31	1.34e-26	1.37e-22	3.68e-19	4.67e-16	2.66e-13	8.56e-11	1.46e-08	1.78e-06	1.69e-04	2.57e-02	2.46e-01	7.28e-01
 8.17526e+21	0.00e+00	0.00e+00	0.00e+00	0.00e+00	0.00e+00	0.00e+00	1.10e-30	1.99e-26	1.97e-22	5.13e-19	6.28e-16	3.46e-13	1.07e-10	1.77e-08	2.07e-06	1.89e-04	2.75e-02	2.53e-01	7.19e-01
 8.38322e+21	0.00e+00	0.00e+00	0.00e+00	0.00e+00	0.00e+00	0.00e+00	1.78e-30	3.06e-26	2.92e-22	7.32e-19	8.62e-16	4.57e-13	1.37e-10	2.16e-08	2.42e-06	2.12e-04	2.96e-02	2.60e-01	7.10e-01
 8.57228e+21	0.00e+00	0.00e+00	0.00e+00	0.00e+00	0.00e+00	0.00e+00	2.72e-30	4.48e-26	4.13e-22	1.00e-18	1.14e-15	5.86e-13	1.69e-10	2.59e-08	2.79e-06	2.35e-04	3.15e-02	2.67e-01	7.01e-01
 8.77563e+21	0.00e+00	0.00e+00	0.00e+00	0.00e+00	0.00e+00	0.00e+00	4.27e-30	6.73e-26	6.00e-22	1.41e-18	1.55e-15	7.65e-13	2.14e-10	3.14e-08	3.25e-06	2.63e-04	3.38e-02	2.75e-01	6.91e-01
 8.99815e+21	0.00e+00	0.00e+00	0.00e+00	0.00e+00	0.00e+00	0.00e+00	6.94e-30	1.04e-25	8.94e-22	2.02e-18	2.14e-15	1.02e-12	2.73e-10	3.86e-08	3.82e-06	2.96e-04	3.63e-02	2.83e-01	6.81e-01
 9.19554e+21	0.00e+00	0.00e+00	0.00e+00	0.00e+00	0.00e+00	0.00e+00	1.06e-29	1.53e-25	1.27e-21	2.78e-18	2.84e-15	1.31e-12	3.40e-10	4.64e-08	4.40e-06	3.28e-04	3.87e-02	2.90e-01	6.71e-01
 9.37148e+21	0.00e+00	0.00e+00	0.00e+00	0.00e+00	0.00e+00	0.00e+00	1.54e-29	2.13e-25	1.72e-21	3.66e-18	3.63e-15	1.63e-12	4.11e-10	5.43e-08	4.98e-06	3.59e-04	4.09e-02	2.96e-01	6.63e-01
 9.56959e+21	0.00e+00	0.00e+00	0.00e+00	0.00e+00	0.00e+00	0.00e+00	2.33e-29	3.08e-25	2.42e-21	4.98e-18	4.80e-15	2.08e-12	5.08e-10	6.49e-08	5.72e-06	3.97e-04	4.35e-02	3.03e-01	6.53e-01
 9.79338e+21	0.00e+00	0.00e+00	0.00e+00	0.00e+00	0.00e+00	0.00e+00	3.70e-29	4.66e-25	3.54e-21	7.03e-18	6.53e-15	2.72e-12	6.43e-10	7.91e-08	6.67e-06	4.44e-04	4.66e-02	3.11e-01	6.42e-01
 9.99160e+21	0.00e+00	0.00e+00	0.00e+00	0.00e+00	0.00e+00	0.00e+00	5.54e-29	6.68e-25	4.93e-21	9.50e-18	8.55e-15	3.46e-12	7.92e-10	9.41e-08	7.64e-06	4.90e-04	4.95e-02	3.18e-01	6.32e-01
 1.01558e+22	0.00e+00	0.00e+00	0.00e+00	0.00e+00	0.00e+00	0.00e+00	7.68e-29	8.96e-25	6.45e-21	1.21e-17	1.06e-14	4.20e-12	9.37e-10	1.08e-07	8.52e-06	5.31e-04	5.20e-02	3.23e-01	6.24e-01
 1.03348e+22	0.00e+00	0.00e+00	0.00e+00	0.00e+00	0.00e+00	0.00e+00	1.10e-28	1.23e-24	8.64e-21	1.58e-17	1.35e-14	5.18e-12	1.13e-09	1.26e-07	9.60e-06	5.79e-04	5.47e-02	3.29e-01	6.15e-01
 1.05675e+22	0.00e+00	0.00e+00	0.00e+00	0.00e+00	0.00e+00	0.00e+00	1.72e-28	1.84e-24	1.25e-20	2.21e-17	1.83e-14	6.76e-12	1.42e-09	1.54e-07	1.12e-05	6.46e-04	5.85e-02	3.37e-01	6.04e-01
 1.08065e+22	0.00e+00	0.00e+00	0.00e+00	0.00e+00	0.00e+00	0.00e+00	2.72e-28	2.77e-24	1.83e-20	3.12e-17	2.49e-14	8.89e-12	1.80e-09	1.87e-07	1.30e-05	7.22e-04	6.25e-02	3.45e-01	5.92e-01
 1.10003e+22	0.00e+00	0.00e+00	0.00e+00	0.00e+00	0.00e+00	0.00e+00	3.93e-28	3.85e-24	2.47e-20	4.11e-17	3.18e-14	1.11e-11	2.18e-09	2.20e-07	1.47e-05	7.89e-04	6.59e-02	3.51e-01	5.82e-01
 1.11987e+22	0.00e+00	0.00e+00	0.00e+00	0.00e+00	0.00e+00	0.00e+00	5.68e-28	5.33e-24	3.34e-20	5.41e-17	4.07e-14	1.38e-11	2.64e-09	2.58e-07	1.67e-05	8.62e-04	6.95e-02	3.57e-01	5.72e-01
 1.14198e+22	0.00e+00	0.00e+00	0.00e+00	0.00e+00	0.00e+00	0.00e+00	8.53e-28	7.66e-24	4.66e-20	7.33e-17	5.36e-14	1.75e-11	3.26e-09	3.08e-07	1.91e-05	9.52e-04	7.37e-02	3.64e-01	5.61e-01
 1.16238e+22	0.00e+00	0.00e+00	0.00e+00	0.00e+00	0.00e+00	0.00e+00	1.24e-27	1.06e-23	6.32e-20	9.68e-17	6.88e-14	2.19e-11	3.95e-09	3.62e-07	2.17e-05	1.04e-03	7.77e-02	3.71e-01	5.51e-01
 1.18118e+22	0.00e+00	0.00e+00	0.00e+00	0.00e+00	0.00e+00	0.00e+00	1.73e-27	1.43e-23	8.32e-20	1.24e-16	8.62e-14	2.67e-11	4.71e-09	4.20e-07	2.43e-05	1.13e-03	8.15e-02	3.76e-01	5.41e-01
 1.20251e+22	0.00e+00	0.00e+00	0.00e+00	0.00e+00	0.00e+00	0.00e+00	2.51e-27	2.00e-23	1.13e-19	1.65e-16	1.11e-13	3.34e-11	5.73e-09	4.94e-07	2.75e-05	1.23e-03	8.59e-02	3.82e-01	5.31e-01
 1.22637e+22	0.00e+00	0.00e+00	0.00e+00	0.00e+00	0.00e+00	0.00e+00	3.80e-27	2.88e-23	1.59e-19	2.25e-16	1.47e-13	4.28e-11	7.12e-09	5.93e-07	3.17e-05	1.36e-03	9.10e-02	3.89e-01	5.19e-01
 1.24770e+22	0.00e+00	0.00e+00	0.00e+00	0.00e+00	0.00e+00	0.00e+00	5.48e-27	3.99e-23	2.14e-19	2.96e-16	1.88e-13	5.34e-11	8.63e-09	6.97e-07	3.58e-05	1.49e-03	9.58e-02	3.95e-01	5.08e-01
 1.26620e+22	0.00e+00	0.00e+00	0.00e+00	0.00e+00	0.00e+00	5.00e-31	7.48e-27	5.25e-23	2.77e-19	3.74e-16	2.32e-13	6.44e-11	1.02e-08	7.99e-07	3.98e-05	1.61e-03	1.00e-01	4.00e-01	4.99e-01
 1.28680e+22	0.00e+00	0.00e+00	0.00e+00	0.00e+00	0.00e+00	7.34e-31	1.05e-26	7.10e-23	3.67e-19	4.83e-16	2.93e-13	7.91e-11	1.22e-08	9.29e-07	4.47e-05	1.74e-03	1.05e-01	4.05e-01	4.89e-01
 1.31358e+22	0.00e+00	0.00e+00	0.00e+00	0.00e+00	0.00e+00	1.20e-30	1.63e-26	1.04e-22	5.24e-19	6.71e-16	3.94e-13	1.03e-10	1.53e-08	1.13e-06	5.18e-05	1.93e-03	1.11e-01	4.11e-01	4.75e-01
 1.34069e+22	0.00e+00	0.00e+00	0.00e+00	0.00e+00	0.00e+00	1.96e-30	2.52e-26	1.54e-22	7.51e-19	9.34e-16	5.31e-13	1.34e-10	1.94e-08	1.37e-06	6.01e-05	2.15e-03	1.18e-01	4.18e-01	4.62e-01
 1.36215e+22	0.00e+00	0.00e+00	0.00e+00	0.00e+00	0.00e+00	2.87e-30	3.54e-26	2.07e-22	9.94e-19	1.21e-15	6.71e-13	1.65e-10	2.32e-08	1.59e-06	6.75e-05	2.33e-03	1.24e-01	4.22e-01	4.52e-01
 1.38397e+22	0.00e+00	0.00e+00	0.00e+00	0.00e+00	0.00e+00	4.20e-30	4.97e-26	2.79e-22	1.31e-18	1.56e-15	8.45e-13	2.03e-10	2.78e-08	1.85e-06	7.57e-05	2.52e-03	1.29e-01	4.27e-01	4.41e-01
 1.40849e+22	0.00e+00	0.00e+00	0.00e+00	0.00e+00	0.00e+00	6.42e-30	7.24e-26	3.89e-22	1.79e-18	2.07e-15	1.09e-12	2.55e-10	3.40e-08	2.19e-06	8.60e-05	2.76e-03	1.36e-01	4.32e-01	4.30e-01
 1.43146e+22	0.00e+00	0.00e+00	0.00e+00	0.00e+00	0.00e+00	9.50e-30	1.03e-25	5.29e-22	2.38e-18	2.70e-15	1.39e-12	3.15e-10	4.10e-08	2.56e-06	9.68e-05	2.99e-03	1.42e-01	4.36e-01	4.19e-01
 1.45269e+22	0.00e+00	0.00e+00	0.00e+00	0.00e+00	0.00e+00	1.36e-29	1.41e-25	6.98e-22	3.09e-18	3.43e-15	1.73e-12	3.83e-10	4.86e-08	2.95e-06	1.08e-04	3.22e-03	1.48e-01	4.40e-01	4.09e-01
 1.47671e+22	0.00e+00	0.00e+00	0.00e+00	0.00e+00	0.00e+00	2.01e-29	2.00e-25	9.49e-22	4.12e-18	4.48e-15	2.20e-12	4.74e-10	5.87e-08	3.45e-06	1.21e-04	3.50e-03	1.55e-01	4.43e-01	3.98e-01
 1.50357e+22	0.00e+00	0.00e+00	0.00e+00	0.00e+00	0.00e+00	3.12e-29	2.94e-25	1.33e-21	5.67e-18	6.01e-15	2.87e-12	6.02e-10	7.23e-08	4.11e-06	1.38e-04	3.83e-03	1.63e-01	4.47e-01	3.86e-01
 1.52854e+22	0.00e+00	0.00e+00	0.00e+00	0.00e+00	0.00e+00	4.66e-29	4.20e-25	1.82e-21	7.60e-18	7.88e-15	3.67e-12	7.49e-10	8.76e-08	4.82e-06	1.56e-04	4.16e-03	1.70e-01	4.51e-01	3.75e-01
 1.55169e+22	0.00e+00	0.00e+00	0.00e+00	0.00e+00	0.00e+00	6.70e-29	5.80e-25	2.41e-21	9.91e-18	1.01e-14	4.59e-12	9.13e-10	1.04e-07	5.57e-06	1.74e-04	4.48e-03	1.77e-01	4.54e-01	3.65e-01
 1.57801e+22	0.00e+00	0.00e+00	0.00e+00	0.00e+00	0.00e+00	1.00e-28	8.29e-25	3.30e-21	1.33e-17	1.32e-14	5.89e-12	1.14e-09	1.27e-07	6.55e-06	1.97e-04	4.87e-03	1.85e-01	4.56e-01	3.54e-01
 1.60678e+22	0.00e+00	0.00e+00	0.00e+00	0.00e+00	0.00e+00	1.56e-28	1.22e-24	4.64e-21	1.83e-17	1.78e-14	7.72e-12	1.45e-09	1.56e-07	7.80e-06	2.24e-04	5.32e-03	1.94e-01	4.59e-01	3.42e-01
 1.63272e+22	0.00e+00	0.00e+00	0.00e+00	0.00e+00	0.00e+00	2.31e-28	1.73e-24	6.29e-21	2.45e-17	2.33e-14	9.85e-12	1.80e-09	1.89e-07	9.14e-06	2.53e-04	5.76e-03	2.02e-01	4.61e-01	3.31e-01
 1.65587e+22	0.00e+00	0.00e+00	0.00e+00	0.00e+00	0.00e+00	3.23e-28	2.33e-24	8.15e-21	3.12e-17	2.92e-14	1.21e-11	2.16e-09	2.22e-07	1.04e-05	2.79e-04	6.15e-03	2.09e-01	4.63e-01	3.22e-01
 1.68140e+22	0.00e+00	0.00e+00	0.00e+00	0.00e+00	0.00e+00	4.66e-28	3.22e-24	1.08e-20	4.08e-17	3.74e-14	1.52e-11	2.64e-09	2.64e-07	1.21e-05	3.11e-04	6.62e-03	2.17e-01	4.64e-01	3.12e-01
 1.71459e+22	0.00e+00	0.00e+00	0.00e+00	0.00e+00	0.00e+00	7.44e-28	4.86e-24	1.55e-20	5.75e-17	5.14e-14	2.02e-11	3.41e-09	3.31e-07	1.45e-05	3.57e-04	7.26e-03	2.28e-01	4.65e-01	2.99e-01
 1.74827e+22	0.00e+00	0.00e+00	0.00e+00	0.00e+00	0.00e+00	1.19e-27	7.37e-24	2.23e-20	8.11e-17	7.08e-14	2.71e-11	4.42e-09	4.15e-07	1.75e-05	4.10e-04	7.96e-03	2.38e-01	4.66e-01	2.87e-01
 1.77515e+22	0.00e+00	0.00e+00	0.00e+00	0.00e+00	0.00e+00	1.72e-27	1.02e-23	2.96e-20	1.06e-16	9.09e-14	3.40e-11	5.40e-09	4.95e-07	2.02e-05	4.57e-04	8.54e-03	2.47e-01	4.66e-01	2.77e-01
 1.80265e+22	0.00e+00	0.00e+00	0.00e+00	0.00e+00	0.00e+00	2.47e-27	1.41e-23	3.92e-20	1.38e-16	1.16e-13	4.26e-11	6.60e-09	5.89e-07	2.33e-05	5.08e-04	9.16e-03	2.56e-01	4.66e-01	2.68e-01
 1.83839e+22	0.00e+00	0.00e+00	0.00e+00	0.00e+00	0.00e+00	3.93e-27	2.12e-23	5.60e-20	1.94e-16	1.60e-13	5.68e-11	8.51e-09	7.35e-07	2.80e-05	5.81e-04	1.00e-02	2.67e-01	4.66e-01	2.56e-01
 1.87432e+22	0.00e+00	0.00e+00	0.00e+00	0.00e+00	5.87e-31	6.24e-27	3.18e-23	7.99e-20	2.73e-16	2.19e-13	7.57e-11	1.10e-08	9.16e-07	3.35e-05	6.64e-04	1.09e-02	2.79e-01	4.65e-01	2.45e-01
 1.90245e+22	0.00e+00	0.00e+00	0.00e+00	0.00e+00	8.72e-31	8.89e-27	4.35e-23	1.05e-19	3.54e-16	2.79e-13	9.43e-11	1.33e-08	1.08e-06	3.85e-05	7.35e-04	1.17e-02	2.87e-01	4.64e-01	2.36e-01
 1.93099e+22	0.00e+00	0.00e+00	0.00e+00	0.00e+00	1.28e-30	1.26e-26	5.91e-23	1.37e-19	4.57e-16	3.54e-13	1.17e-10	1.61e-08	1.28e-06	4.40e-05	8.12e-04	1.24e-02	2.96e-01	4.62e-01	2.28e-01
 1.96808e+22	0.00e+00	0.00e+00	0.00e+00	0.00e+00	2.10e-30	1.96e-26	8.74e-23	1.93e-19	6.32e-16	4.78e-13	1.54e-10	2.05e-08	1.58e-06	5.22e-05	9.21e-04	1.35e-02	3.08e-01	4.60e-01	2.18e-01
 2.00723e+22	0.00e+00	0.00e+00	0.00e+00	0.00e+00	3.52e-30	3.11e-26	1.31e-22	2.76e-19	8.87e-16	6.56e-13	2.05e-10	2.64e-08	1.97e-06	6.24e-05	1.05e-03	1.46e-02	3.20e-01	4.57e-01	2.07e-01
 2.04061e+22	0.00e+00	0.00e+00	0.00e+00	0.00e+00	5.41e-30	4.57e-26	1.85e-22	3.71e-19	1.18e-15	8.54e-13	2.61e-10	3.26e-08	2.36e-06	7.23e-05	1.17e-03	1.57e-02	3.30e-01	4.55e-01	1.99e-01
 2.06999e+22	0.00e+00	0.00e+00	0.00e+00	0.00e+00	7.82e-30	6.36e-26	2.47e-22	4.79e-19	1.50e-15	1.07e-12	3.20e-10	3.90e-08	2.75e-06	8.20e-05	1.28e-03	1.66e-02	3.38e-01	4.52e-01	1.91e-01
 2.10258e+22	0.00e+00	0.00e+00	0.00e+00	0.00e+00	1.16e-29	9.08e-26	3.39e-22	6.30e-19	1.95e-15	1.37e-12	3.99e-10	4.74e-08	3.26e-06	9.39e-05	1.42e-03	1.77e-02	3.48e-01	4.49e-01	1.84e-01
 2.14496e+22	0.00e+00	0.00e+00	0.00e+00	0.00e+00	1.93e-29	1.43e-25	5.06e-22	8.94e-19	2.73e-15	1.86e-12	5.29e-10	6.07e-08	4.02e-06	1.11e-04	1.60e-03	1.91e-02	3.60e-01	4.45e-01	1.74e-01
 2.18827e+22	0.00e+00	0.00e+00	0.00e+00	0.00e+00	3.22e-29	2.26e-25	7.60e-22	1.28e-18	3.83e-15	2.55e-12	7.03e-10	7.79e-08	4.99e-06	1.32e-04	1.82e-03	2.07e-02	3.72e-01	4.40e-01	1.65e-01
 2.22329e+22	0.00e+00	0.00e+00	0.00e+00	0.00e+00	4.82e-29	3.25e-25	1.05e-21	1.69e-18	5.01e-15	3.27e-12	8.80e-10	9.48e-08	5.90e-06	1.52e-04	2.01e-03	2.20e-02	3.82e-01	4.36e-01	1.58e-01
 2.25929e+22	0.00e+00	0.00e+00	0.00e+00	0.00e+00	7.19e-29	4.66e-25	1.44e-21	2.23e-18	6.53e-15	4.19e-12	1.10e-09	1.15e-07	6.98e-06	1.74e-04	2.21e-03	2.33e-02	3.91e-01	4.32e-01	1.51e-01
 2.30609e+22	0.00e+00	0.00e+00	0.00e+00	0.00e+00	1.20e-28	7.35e-25	2.16e-21	3.18e-18	9.15e-15	5.73e-12	1.46e-09	1.47e-07	8.61e-06	2.05e-04	2.50e-03	2.51e-02	4.03e-01	4.26e-01	1.43e-01
 2.35426e+22	0.00e+00	0.00e+00	0.00e+00	0.00e+00	2.01e-28	1.17e-24	3.27e-21	4.56e-18	1.29e-14	7.89e-12	1.95e-09	1.90e-07	1.07e-05	2.44e-04	2.83e-03	2.71e-02	4.16e-01	4.20e-01	1.35e-01
 2.39374e+22	0.00e+00	0.00e+00	0.00e+00	0.00e+00	3.05e-28	1.70e-24	4.54e-21	6.09e-18	1.70e-14	1.02e-11	2.45e-09	2.32e-07	1.27e-05	2.80e-04	3.12e-03	2.88e-02	4.25e-01	4.14e-01	1.28e-01
 2.42872e+22	0.00e+00	0.00e+00	0.00e+00	0.00e+00	4.36e-28	2.35e-24	6.05e-21	7.81e-18	2.16e-14	1.27e-11	2.99e-09	2.76e-07	1.47e-05	3.15e-04	3.40e-03	3.03e-02	4.34e-01	4.09e-01	1.23e-01
 2.46830e+22	0.00e+00	0.00e+00	0.00e+00	0.00e+00	6.48e-28	3.36e-24	8.29e-21	1.03e-17	2.81e-14	1.62e-11	3.73e-09	3.33e-07	1.73e-05	3.58e-04	3.73e-03	3.20e-02	4.43e-01	4.04e-01	1.17e-01
 2.51975e+22	0.00e+00	0.00e+00	0.00e+00	0.00e+00	1.07e-27	5.26e-24	1.23e-20	1.46e-17	3.92e-14	2.21e-11	4.91e-09	4.24e-07	2.12e-05	4.20e-04	4.18e-03	3.43e-02	4.54e-01	3.97e-01	1.10e-01
 2.57271e+22	0.00e+00	0.00e+00	0.00e+00	0.00e+00	1.78e-27	8.34e-24	1.86e-20	2.08e-17	5.52e-14	3.03e-11	6.52e-09	5.42e-07	2.61e-05	4.96e-04	4.71e-03	3.68e-02	4.66e-01	3.89e-01	1.03e-01
 2.61593e+22	0.00e+00	0.00e+00	0.00e+00	0.00e+00	2.68e-27	1.20e-23	2.57e-20	2.77e-17	7.24e-14	3.89e-11	8.18e-09	6.59e-07	3.07e-05	5.65e-04	5.17e-03	3.88e-02	4.75e-01	3.82e-01	9.81e-02
 2.66043e+22	0.00e+00	0.00e+00	0.00e+00	0.00e+00	4.02e-27	1.73e-23	3.55e-20	3.68e-17	9.48e-14	4.99e-11	1.02e-08	7.99e-07	3.62e-05	6.43e-04	5.66e-03	4.10e-02	4.84e-01	3.76e-01	9.31e-02
 2.71826e+22	0.00e+00	0.00e+00	0.00e+00	5.59e-31	6.71e-27	2.75e-23	5.35e-20	5.26e-17	1.33e-13	6.84e-11	1.36e-08	1.02e-06	4.45e-05	7.57e-04	6.35e-03	4.38e-02	4.94e-01	3.68e-01	8.71e-02
 2.77814e+22	0.00e+00	0.00e+00	0.00e+00	1.00e-30	1.14e-26	4.43e-23	8.16e-20	7.61e-17	1.90e-13	9.48e-11	1.82e-08	1.31e-06	5.50e-05	8.95e-04	7.15e-03	4.69e-02	5.05e-01	3.59e-01	8.12e-02
 2.82768e+22	0.00e+00	0.00e+00	0.00e+00	1.60e-30	1.75e-26	6.50e-23	1.15e-19	1.02e-16	2.52e-13	1.23e-10	2.30e-08	1.61e-06	6.52e-05	1.02e-03	7.86e-03	4.95e-02	5.14e-01	3.51e-01	7.66e-02
 2.87121e+22	0.00e+00	0.00e+00	0.00e+00	2.39e-30	2.52e-26	9.03e-23	1.53e-19	1.32e-16	3.22e-13	1.54e-10	2.81e-08	1.91e-06	7.55e-05	1.15e-03	8.52e-03	5.18e-02	5.21e-01	3.45e-01	7.28e-02
 2.91989e+22	0.00e+00	0.00e+00	0.00e+00	3.70e-30	3.75e-26	1.29e-22	2.11e-19	1.74e-16	4.20e-13	1.97e-10	3.50e-08	2.31e-06	8.84e-05	1.30e-03	9.29e-03	5.45e-02	5.28e-01	3.38e-01	6.89e-02
 2.98318e+22	0.00e+00	0.00e+00	0.00e+00	6.42e-30	6.19e-26	2.03e-22	3.15e-19	2.48e-16	5.87e-13	2.68e-10	4.60e-08	2.93e-06	1.08e-04	1.52e-03	1.04e-02	5.79e-02	5.37e-01	3.29e-01	6.42e-02
 3.04838e+22	0.00e+00	0.00e+00	0.00e+00	1.14e-29	1.04e-25	3.24e-22	4.76e-19	3.55e-16	8.30e-13	3.69e-10	6.12e-08	3.74e-06	1.32e-04	1.78e-03	1.16e-02	6.16e-02	5.46e-01	3.19e-01	5.96e-02
 3.10153e+22	0.00e+00	0.00e+00	0.00e+00	1.79e-29	1.57e-25	4.69e-22	6.61e-19	4.73e-16	1.09e-12	4.75e-10	7.67e-08	4.53e-06	1.55e-04	2.02e-03	1.26e-02	6.47e-02	5.53e-01	3.12e-01	5.61e-02
 3.15607e+22	0.00e+00	0.00e+00	0.00e+00	2.79e-29	2.36e-25	6.75e-22	9.14e-19	6.28e-16	1.43e-12	6.10e-10	9.58e-08	5.49e-06	1.82e-04	2.28e-03	1.38e-02	6.78e-02	5.59e-01	3.04e-01	5.28e-02
 3.22698e+22	0.00e+00	0.00e+00	0.00e+00	4.91e-29	3.94e-25	1.07e-21	1.38e-18	8.98e-16	2.02e-12	8.36e-10	1.27e-07	6.98e-06	2.23e-04	2.67e-03	1.53e-02	7.19e-02	5.67e-01	2.94e-01	4.89e-02
 3.30068e+22	0.00e+00	0.00e+00	0.00e+00	8.85e-29	6.73e-25	1.73e-21	2.11e-18	1.30e-15	2.88e-12	1.16e-09	1.70e-07	8.97e-06	2.74e-04	3.13e-03	1.71e-02	7.63e-02	5.74e-01	2.84e-01	4.50e-02
 3.36198e+22	0.00e+00	0.00e+00	0.00e+00	1.43e-28	1.04e-24	2.56e-21	2.98e-18	1.76e-15	3.85e-12	1.52e-09	2.15e-07	1.10e-05	3.25e-04	3.57e-03	1.87e-02	8.01e-02	5.79e-01	2.76e-01	4.20e-02
 3.42561e+22	0.00e+00	0.00e+00	0.00e+00	2.29e-28	1.60e-24	3.78e-21	4.20e-18	2.38e-15	5.13e-12	1.97e-09	2.73e-07	1.34e-05	3.84e-04	4.06e-03	2.05e-02	8.39e-02	5.84e-01	2.68e-01	3.92e-02
 3.49247e+22	0.00e+00	0.00e+00	0.00e+00	3.78e-28	2.52e-24	5.69e-21	6.03e-18	3.25e-15	6.94e-12	2.61e-09	3.49e-07	1.66e-05	4.57e-04	4.65e-03	2.24e-02	8.80e-02	5.89e-01	2.59e-01	3.65e-02
 3.54868e+22	0.00e+00	0.00e+00	0.00e+00	5.73e-28	3.67e-24	7.97e-21	8.13e-18	4.22e-15	8.92e-12	3.29e-09	4.29e-07	1.98e-05	5.29e-04	5.19e-03	2.42e-02	9.16e-02	5.92e-01	2.52e-01	3.43e-02
 3.60690e+22	0.00e+00	0.00e+00	0.00e+00	8.64e-28	5.34e-24	1.12e-20	1.09e-17	5.46e-15	1.14e-11	4.13e-09	5.25e-07	2.35e-05	6.10e-04	5.80e-03	2.61e-02	9.51e-02	5.95e-01	2.45e-01	3.22e-02
 3.68258e+22	0.00e+00	0.00e+00	0.00e+00	1.45e-27	8.54e-24	1.70e-20	1.59e-17	7.56e-15	1.56e-11	5.51e-09	6.78e-07	2.92e-05	7.30e-04	6.65e-03	2.86e-02	9.97e-02	5.99e-01	2.36e-01	2.98e-02
 3.76022e+22	0.00e+00	0.00e+00	0.00e+00	2.49e-27	1.39e-23	2.64e-20	2.34e-17	1.06e-14	2.16e-11	7.43e-09	8.85e-07	3.66e-05	8.80e-04	7.67e-03	3.15e-02	1.05e-01	6.01e-01	2.27e-01	2.74e-02
 3.82243e+22	0.00e+00	0.00e+00	0.00e+00	3.79e-27	2.05e-23	3.73e-20	3.17e-17	1.38e-14	2.79e-11	9.39e-09	1.09e-06	4.37e-05	1.02e-03	8.57e-03	3.39e-02	1.09e-01	6.03e-01	2.19e-01	2.56e-02
 3.88533e+22	0.00e+00	0.00e+00	6.70e-31	5.71e-27	2.97e-23	5.20e-20	4.26e-17	1.78e-14	3.57e-11	1.18e-08	1.33e-06	5.18e-05	1.17e-03	9.54e-03	3.65e-02	1.12e-01	6.04e-01	2.12e-01	2.40e-02
 3.95264e+22	0.00e+00	0.00e+00	1.08e-30	8.87e-27	4.42e-23	7.44e-20	5.84e-17	2.34e-14	4.66e-11	1.50e-08	1.65e-06	6.22e-05	1.36e-03	1.07e-02	3.93e-02	1.17e-01	6.05e-01	2.05e-01	2.23e-02
 4.01080e+22	0.00e+00	0.00e+00	1.63e-30	1.29e-26	6.22e-23	1.01e-19	7.64e-17	2.95e-14	5.83e-11	1.85e-08	1.99e-06	7.28e-05	1.55e-03	1.18e-02	4.20e-02	1.20e-01	6.05e-01	1.99e-01	2.09e-02
 4.06352e+22	0.00e+00	0.00e+00	2.33e-30	1.79e-26	8.37e-23	1.32e-19	9.66e-17	3.62e-14	7.10e-11	2.22e-08	2.33e-06	8.33e-05	1.73e-03	1.28e-02	4.44e-02	1.24e-01	6.04e-01	1.93e-01	1.98e-02
 4.12404e+22	0.00e+00	0.00e+00	3.50e-30	2.60e-26	1.17e-22	1.78e-19	1.26e-16	4.55e-14	8.88e-11	2.73e-08	2.80e-06	9.73e-05	1.97e-03	1.41e-02	4.73e-02	1.27e-01	6.04e-01	1.87e-01	1.86e-02
 4.20272e+22	0.00e+00	0.00e+00	5.82e-30	4.14e-26	1.79e-22	2.60e-19	1.76e-16	6.07e-14	1.17e-10	3.53e-08	3.51e-06	1.18e-04	2.30e-03	1.59e-02	5.11e-02	1.32e-01	6.02e-01	1.79e-01	1.72e-02
 4.28306e+22	0.00e+00	0.00e+00	9.93e-30	6.76e-26	2.79e-22	3.87e-19	2.49e-16	8.19e-14	1.57e-10	4.62e-08	4.46e-06	1.44e-04	2.72e-03	1.80e-02	5.54e-02	1.37e-01	6.00e-01	1.71e-01	1.57e-02
 4.34199e+22	0.00e+00	0.00e+00	1.46e-29	9.63e-26	3.84e-22	5.15e-19	3.20e-16	1.02e-13	1.94e-10	5.61e-08	5.30e-06	1.67e-04	3.06e-03	1.97e-02	5.87e-02	1.40e-01	5.98e-01	1.66e-01	1.48e-02
 4.38649e+22	0.00e+00	0.00e+00	1.95e-29	1.25e-25	4.88e-22	6.38e-19	3.86e-16	1.20e-13	2.28e-10	6.49e-08	6.03e-06	1.86e-04	3.34e-03	2.10e-02	6.12e-02	1.43e-01	5.96e-01	1.61e-01	1.41e-02
 4.43581e+22	0.00e+00	0.00e+00	2.63e-29	1.65e-25	6.27e-22	7.97e-19	4.70e-16	1.42e-13	2.68e-10	7.55e-08	6.89e-06	2.08e-04	3.66e-03	2.25e-02	6.40e-02	1.46e-01	5.93e-01	1.57e-01	1.34e-02
 4.49992e+22	0.00e+00	0.00e+00	3.86e-29	2.34e-25	8.60e-22	1.06e-18	6.02e-16	1.75e-13	3.30e-10	9.13e-08	8.15e-06	2.40e-04	4.11e-03	2.45e-02	6.76e-02	1.49e-01	5.90e-01	1.52e-01	1.25e-02
 4.57129e+22	0.00e+00	0.00e+00	6.02e-29	3.51e-25	1.24e-21	1.47e-18	8.01e-16	2.24e-13	4.20e-10	1.14e-07	9.93e-06	2.83e-04	4.71e-03	2.72e-02	7.21e-02	1.53e-01	5.86e-01	1.45e-01	1.16e-02
 4.63508e+22	0.00e+00	0.00e+00	8.87e-29	5.01e-25	1.71e-21	1.95e-18	1.03e-15	2.77e-13	5.18e-10	1.39e-07	1.18e-05	3.27e-04	5.29e-03	2.96e-02	7.62e-02	1.57e-01	5.81e-01	1.40e-01	1.08e-02
 4.69131e+22	0.00e+00	0.00e+00	1.24e-28	6.80e-25	2.25e-21	2.50e-18	1.28e-15	3.33e-13	6.21e-10	1.64e-07	1.37e-05	3.70e-04	5.85e-03	3.19e-02	7.98e-02	1.59e-01	5.77e-01	1.35e-01	1.02e-02
 4.75473e+22	0.00e+00	0.00e+00	1.77e-28	9.44e-25	3.03e-21	3.26e-18	1.61e-15	4.07e-13	7.54e-10	1.96e-07	1.60e-05	4.23e-04	6.51e-03	3.45e-02	8.38e-02	1.62e-01	5.72e-01	1.30e-01	9.57e-03
 4.82449e+22	0.00e+00	0.00e+00	2.68e-28	1.38e-24	4.26e-21	4.40e-18	2.09e-15	5.09e-13	9.40e-10	2.40e-07	1.91e-05	4.92e-04	7.37e-03	3.78e-02	8.87e-02	1.66e-01	5.66e-01	1.25e-01	8.86e-03
 4.88609e+22	0.00e+00	0.00e+00	3.82e-28	1.90e-24	5.72e-21	5.72e-18	2.63e-15	6.18e-13	1.14e-09	2.87e-07	2.24e-05	5.61e-04	8.18e-03	4.08e-02	9.30e-02	1.69e-01	5.60e-01	1.20e-01	8.29e-03
 4.94062e+22	0.00e+00	0.00e+00	5.20e-28	2.52e-24	7.37e-21	7.17e-18	3.20e-15	7.30e-13	1.34e-09	3.34e-07	2.56e-05	6.27e-04	8.96e-03	4.36e-02	9.69e-02	1.71e-01	5.55e-01	1.16e-01	7.81e-03
 5.00235e+22	0.00e+00	0.00e+00	7.25e-28	3.42e-24	9.69e-21	9.15e-18	3.96e-15	8.76e-13	1.60e-09	3.93e-07	2.95e-05	7.07e-04	9.87e-03	4.68e-02	1.01e-01	1.74e-01	5.49e-01	1.12e-01	7.33e-03
 5.08259e+22	0.00e+00	0.00e+00	1.12e-27	5.08e-24	1.38e-20	1.26e-17	5.21e-15	1.11e-12	2.02e-09	4.87e-07	3.56e-05	8.28e-04	1.12e-02	5.14e-02	1.07e-01	1.77e-01	5.40e-01	1.06e-01	6.72e-03
 5.16409e+22	0.00e+00	0.00e+00	1.76e-27	7.67e-24	2.01e-20	1.75e-17	6.94e-15	1.41e-12	2.56e-09	6.07e-07	4.33e-05	9.75e-04	1.28e-02	5.64e-02	1.13e-01	1.80e-01	5.30e-01	1.00e-01	6.13e-03
 5.22804e+22	0.00e+00	0.00e+00	2.49e-27	1.05e-23	2.67e-20	2.25e-17	8.65e-15	1.70e-12	3.08e-09	7.19e-07	5.03e-05	1.10e-03	1.41e-02	6.06e-02	1.18e-01	1.82e-01	5.22e-01	9.60e-02	5.70e-03
 5.29201e+22	0.00e+00	0.00e+00	3.48e-27	1.43e-23	3.51e-20	2.87e-17	1.07e-14	2.03e-12	3.67e-09	8.45e-07	5.79e-05	1.24e-03	1.55e-02	6.49e-02	1.23e-01	1.84e-01	5.14e-01	9.20e-02	5.32e-03
 5.37516e+22	0.00e+00	0.00e+00	5.29e-27	2.09e-23	4.96e-20	3.89e-17	1.39e-14	2.53e-12	4.57e-09	1.04e-06	6.92e-05	1.44e-03	1.75e-02	7.06e-02	1.29e-01	1.86e-01	5.04e-01	8.70e-02	4.86e-03
 5.45895e+22	0.00e+00	0.00e+00	8.25e-27	3.13e-23	7.13e-20	5.37e-17	1.83e-14	3.20e-12	5.75e-09	1.28e-06	8.35e-05	1.68e-03	1.98e-02	7.71e-02	1.36e-01	1.88e-01	4.91e-01	8.18e-02	4.41e-03
 5.52339e+22	0.00e+00	0.00e+00	1.15e-26	4.25e-23	9.38e-20	6.84e-17	2.26e-14	3.82e-12	6.83e-09	1.50e-06	9.60e-05	1.89e-03	2.17e-02	8.23e-02	1.41e-01	1.89e-01	4.82e-01	7.80e-02	4.09e-03
 5.58701e+22	0.00e+00	0.00e+00	1.58e-26	5.65e-23	1.21e-19	8.58e-17	2.75e-14	4.49e-12	8.03e-09	1.75e-06	1.09e-04	2.11e-03	2.36e-02	8.75e-02	1.45e-01	1.90e-01	4.73e-01	7.45e-02	3.80e-03
 5.66971e+22	0.00e+00	0.00e+00	2.34e-26	8.11e-23	1.68e-19	1.14e-16	3.52e-14	5.53e-12	9.83e-09	2.11e-06	1.29e-04	2.42e-03	2.63e-02	9.43e-02	1.51e-01	1.91e-01	4.60e-01	7.02e-02	3.46e-03
 5.75560e+22	0.00e+00	0.00e+00	3.61e-26	1.20e-22	2.38e-19	1.56e-16	4.60e-14	6.91e-12	1.22e-08	2.58e-06	1.54e-04	2.80e-03	2.95e-02	1.02e-01	1.58e-01	1.92e-01	4.47e-01	6.56e-02	3.12e-03
 5.82506e+22	0.00e+00	0.00e+00	5.13e-26	1.65e-22	3.18e-19	2.01e-16	5.71e-14	8.28e-12	1.46e-08	3.04e-06	1.78e-04	3.15e-03	3.24e-02	1.09e-01	1.63e-01	1.92e-01	4.35e-01	6.20e-02	2.86e-03
 5.88501e+22	0.00e+00	0.00e+00	6.77e-26	2.13e-22	3.99e-19	2.46e-16	6.79e-14	9.57e-12	1.68e-08	3.46e-06	1.99e-04	3.45e-03	3.48e-02	1.14e-01	1.67e-01	1.93e-01	4.25e-01	5.92e-02	2.67e-03
 5.95315e+22	0.00e+00	0.00e+00	9.27e-26	2.83e-22	5.16e-19	3.08e-16	8.24e-14	1.12e-11	1.96e-08	4.00e-06	2.26e-04	3.83e-03	3.77e-02	1.21e-01	1.72e-01	1.92e-01	4.14e-01	5.61e-02	2.46e-03
 6.04173e+22	0.00e+00	0.00e+00	1.38e-25	4.08e-22	7.15e-19	4.11e-16	1.05e-13	1.38e-11	2.39e-08	4.80e-06	2.65e-04	4.37e-03	4.17e-02	1.29e-01	1.78e-01	1.92e-01	4.00e-01	5.23e-02	2.22e-03
 6.13439e+22	0.00e+00	0.00e+00	2.14e-25	6.06e-22	1.02e-18	5.62e-16	1.38e-13	1.72e-11	2.96e-08	5.85e-06	3.14e-04	5.03e-03	4.65e-02	1.39e-01	1.84e-01	1.91e-01	3.84e-01	4.83e-02	1.97e-03
 6.21017e+22	0.00e+00	0.00e+00	3.07e-25	8.42e-22	1.37e-18	7.28e-16	1.72e-13	2.07e-11	3.52e-08	6.88e-06	3.62e-04	5.64e-03	5.09e-02	1.48e-01	1.89e-01	1.89e-01	3.70e-01	4.51e-02	1.78e-03
 6.27532e+22	0.00e+00	0.00e+00	4.07e-25	1.09e-21	1.72e-18	8.92e-16	2.05e-13	2.39e-11	4.03e-08	7.80e-06	4.03e-04	6.16e-03	5.44e-02	1.54e-01	1.93e-01	1.88e-01	3.59e-01	4.27e-02	1.65e-03
 6.34881e+22	0.00e+00	0.00e+00	5.60e-25	1.45e-21	2.24e-18	1.12e-15	2.49e-13	2.81e-11	4.70e-08	8.98e-06	4.56e-04	6.80e-03	5.87e-02	1.62e-01	1.97e-01	1.87e-01	3.47e-01	4.01e-02	1.50e-03
 6.44434e+22	0.00e+00	0.00e+00	8.37e-25	2.09e-21	3.10e-18	1.50e-15	3.18e-13	3.44e-11	5.67e-08	1.07e-05	5.30e-04	7.69e-03	6.44e-02	1.72e-01	2.02e-01	1.84e-01	3.31e-01	3.69e-02	1.34e-03
 6.54600e+22	0.00e+00	0.00e+00	1.30e-24	3.13e-21	4.45e-18	2.05e-15	4.17e-13	4.30e-11	6.98e-08	1.29e-05	6.25e-04	8.79e-03	7.11e-02	1.83e-01	2.06e-01	1.81e-01	3.14e-01	3.36e-02	1.17e-03
 6.63177e+22	0.00e+00	7.04e-31	1.89e-24	4.39e-21	6.03e-18	2.69e-15	5.23e-13	5.19e-11	8.29e-08	1.52e-05	7.17e-04	9.81e-03	7.73e-02	1.93e-01	2.10e-01	1.78e-01	2.99e-01	3.09e-02	1.04e-03
 6.70643e+22	0.00e+00	9.85e-31	2.60e-24	5.87e-21	7.82e-18	3.37e-15	6.35e-13	6.09e-11	9.58e-08	1.74e-05	8.05e-04	1.08e-02	8.28e-02	2.01e-01	2.13e-01	1.75e-01	2.87e-01	2.88e-02	9.41e-04
 6.79048e+22	0.00e+00	1.38e-30	3.59e-24	7.86e-21	1.02e-17	4.25e-15	7.74e-13	7.16e-11	1.11e-07	1.99e-05	9.02e-04	1.18e-02	8.85e-02	2.10e-01	2.15e-01	1.72e-01	2.74e-01	2.67e-02	8.48e-04
 6.89974e+22	0.00e+00	2.15e-30	5.45e-24	1.15e-20	1.43e-17	5.74e-15	1.00e-12	8.85e-11	1.34e-07	2.36e-05	1.05e-03	1.33e-02	9.65e-02	2.21e-01	2.18e-01	1.68e-01	2.58e-01	2.42e-02	7.38e-04
 7.01642e+22	0.00e+00	3.50e-30	8.62e-24	1.75e-20	2.08e-17	7.99e-15	1.33e-12	1.12e-10	1.64e-07	2.85e-05	1.23e-03	1.51e-02	1.06e-01	2.32e-01	2.21e-01	1.62e-01	2.40e-01	2.16e-02	6.31e-04
 7.11097e+22	0.00e+00	5.23e-30	1.26e-23	2.47e-20	2.84e-17	1.05e-14	1.67e-12	1.35e-10	1.94e-07	3.32e-05	1.40e-03	1.67e-02	1.14e-01	2.42e-01	2.22e-01	1.58e-01	2.26e-01	1.96e-02	5.52e-04
 7.18522e+22	0.00e+00	7.05e-30	1.67e-23	3.19e-20	3.58e-17	1.29e-14	1.99e-12	1.56e-10	2.20e-07	3.71e-05	1.53e-03	1.80e-02	1.20e-01	2.49e-01	2.23e-01	1.54e-01	2.16e-01	1.82e-02	4.99e-04
 7.26482e+22	0.00e+00	9.41e-30	2.20e-23	4.09e-20	4.48e-17	1.57e-14	2.36e-12	1.79e-10	2.48e-07	4.14e-05	1.68e-03	1.93e-02	1.26e-01	2.56e-01	2.23e-01	1.51e-01	2.06e-01	1.69e-02	4.52e-04
 7.36830e+22	0.00e+00	1.37e-29	3.13e-23	5.66e-20	6.00e-17	2.03e-14	2.93e-12	2.14e-10	2.89e-07	4.75e-05	1.89e-03	2.12e-02	1.34e-01	2.65e-01	2.23e-01	1.46e-01	1.93e-01	1.53e-02	3.97e-04
 7.48272e+22	0.00e+00	2.08e-29	4.65e-23	8.11e-20	8.30e-17	2.71e-14	3.74e-12	2.62e-10	3.42e-07	5.54e-05	2.15e-03	2.34e-02	1.44e-01	2.74e-01	2.23e-01	1.40e-01	1.80e-01	1.37e-02	3.41e-04
 7.58641e+22	0.00e+00	3.03e-29	6.63e-23	1.12e-19	1.11e-16	3.50e-14	4.67e-12	3.14e-10	3.99e-07	6.35e-05	2.40e-03	2.55e-02	1.53e-01	2.82e-01	2.22e-01	1.35e-01	1.68e-01	1.24e-02	2.98e-04
 7.68041e+22	0.00e+00	4.23e-29	9.06e-23	1.49e-19	1.44e-16	4.40e-14	5.66e-12	3.69e-10	4.55e-07	7.15e-05	2.65e-03	2.75e-02	1.61e-01	2.89e-01	2.21e-01	1.31e-01	1.58e-01	1.13e-02	2.63e-04
 7.78676e+22	0.00e+00	5.92e-29	1.24e-22	1.99e-19	1.87e-16	5.55e-14	6.91e-12	4.34e-10	5.22e-07	8.06e-05	2.93e-03	2.97e-02	1.69e-01	2.95e-01	2.19e-01	1.26e-01	1.48e-01	1.02e-02	2.31e-04
 7.92502e+22	0.00e+00	9.08e-29	1.86e-22	2.88e-19	2.61e-16	7.45e-14	8.88e-12	5.35e-10	6.19e-07	9.38e-05	3.31e-03	3.26e-02	1.80e-01	3.03e-01	2.16e-01	1.20e-01	1.36e-01	9.02e-03	1.96e-04
 8.07030e+22	0.00e+00	1.45e-28	2.88e-22	4.30e-19	3.74e-16	1.03e-13	1.17e-11	6.71e-10	7.45e-07	1.10e-04	3.78e-03	3.60e-02	1.92e-01	3.11e-01	2.13e-01	1.13e-01	1.24e-01	7.85e-03	1.63e-04
 8.19020e+22	0.00e+00	2.12e-28	4.12e-22	5.97e-19	5.04e-16	1.34e-13	1.46e-11	8.08e-10	8.67e-07	1.26e-04	4.20e-03	3.90e-02	2.02e-01	3.17e-01	2.10e-01	1.08e-01	1.14e-01	6.97e-03	1.40e-04
 8.29469e+22	0.00e+00	2.87e-28	5.48e-22	7.76e-19	6.39e-16	1.65e-13	1.75e-11	9.38e-10	9.78e-07	1.40e-04	4.57e-03	4.15e-02	2.10e-01	3.21e-01	2.07e-01	1.03e-01	1.07e-01	6.34e-03	1.24e-04
 8.41366e+22	0.00e+00	3.94e-28	7.36e-22	1.02e-18	8.17e-16	2.05e-13	2.11e-11	1.10e-09	1.11e-06	1.56e-04	4.98e-03	4.42e-02	2.18e-01	3.25e-01	2.03e-01	9.91e-02	9.95e-02	5.73e-03	1.08e-04
 8.56832e+22	0.00e+00	5.87e-28	1.07e-21	1.44e-18	1.12e-15	2.71e-13	2.68e-11	1.33e-09	1.30e-06	1.78e-04	5.55e-03	4.79e-02	2.29e-01	3.29e-01	1.99e-01	9.36e-02	9.08e-02	5.04e-03	9.16e-05
 8.72999e+22	0.00e+00	9.07e-28	1.61e-21	2.09e-18	1.57e-15	3.66e-13	3.48e-11	1.66e-09	1.55e-06	2.07e-04	6.23e-03	5.21e-02	2.41e-01	3.33e-01	1.93e-01	8.77e-02	8.21e-02	4.36e-03	7.60e-05
 8.85843e+22	0.00e+00	1.29e-27	2.23e-21	2.82e-18	2.06e-15	4.67e-13	4.28e-11	1.97e-09	1.78e-06	2.32e-04	6.83e-03	5.57e-02	2.50e-01	3.36e-01	1.89e-01	8.30e-02	7.54e-02	3.87e-03	6.51e-05
 8.96313e+22	0.00e+00	1.65e-27	2.81e-21	3.49e-18	2.50e-15	5.55e-13	4.97e-11	2.23e-09	1.96e-06	2.52e-04	7.29e-03	5.84e-02	2.57e-01	3.37e-01	1.85e-01	7.98e-02	7.10e-02	3.55e-03	5.84e-05
 9.07927e+22	0.00e+00	2.16e-27	3.61e-21	4.39e-18	3.08e-15	6.69e-13	5.83e-11	2.55e-09	2.18e-06	2.76e-04	7.81e-03	6.13e-02	2.64e-01	3.39e-01	1.82e-01	7.64e-02	6.65e-02	3.24e-03	5.18e-05
 9.23025e+22	0.00e+00	2.99e-27	4.89e-21	5.81e-18	3.98e-15	8.40e-13	7.09e-11	3.00e-09	2.48e-06	3.07e-04	8.49e-03	6.51e-02	2.73e-01	3.40e-01	1.77e-01	7.23e-02	6.12e-02	2.88e-03	4.47e-05
 9.42653e+22	0.00e+00	4.50e-27	7.16e-21	8.26e-18	5.48e-15	1.12e-12	9.06e-11	3.68e-09	2.92e-06	3.52e-04	9.42e-03	7.00e-02	2.84e-01	3.41e-01	1.71e-01	6.73e-02	5.51e-02	2.49e-03	3.71e-05
 9.62602e+22	0.00e+00	7.01e-27	1.08e-20	1.21e-17	7.76e-15	1.52e-12	1.18e-10	4.60e-09	3.49e-06	4.07e-04	1.05e-02	7.56e-02	2.96e-01	3.41e-01	1.64e-01	6.22e-02	4.90e-02	2.12e-03	3.01e-05
 9.77958e+22	0.00e+00	9.78e-27	1.47e-20	1.61e-17	1.01e-14	1.92e-12	1.45e-10	5.44e-09	3.98e-06	4.53e-04	1.14e-02	8.01e-02	3.04e-01	3.40e-01	1.58e-01	5.84e-02	4.48e-02	1.87e-03	2.57e-05
 9.92910e+22	0.00e+00	1.29e-26	1.90e-20	2.04e-17	1.25e-14	2.33e-12	1.71e-10	6.25e-09	4.45e-06	4.96e-04	1.22e-02	8.39e-02	3.11e-01	3.39e-01	1.54e-01	5.54e-02	4.15e-02	1.69e-03	2.25e-05
 1.01235e+23	0.00e+00	1.81e-26	2.61e-20	2.73e-17	1.63e-14	2.96e-12	2.10e-10	7.42e-09	5.10e-06	5.53e-04	1.33e-02	8.87e-02	3.20e-01	3.38e-01	1.48e-01	5.19e-02	3.77e-02	1.48e-03	1.91e-05
 1.03432e+23	0.00e+00	2.70e-26	3.78e-20	3.85e-17	2.23e-14	3.92e-12	2.67e-10	9.09e-09	5.98e-06	6.29e-04	1.46e-02	9.47e-02	3.30e-01	3.36e-01	1.42e-01	4.79e-02	3.37e-02	1.27e-03	1.57e-05
 1.05330e+23	0.00e+00	3.86e-26	5.26e-20	5.22e-17	2.95e-14	5.03e-12	3.32e-10	1.09e-08	6.90e-06	7.05e-04	1.59e-02	1.00e-01	3.39e-01	3.33e-01	1.36e-01	4.45e-02	3.04e-02	1.10e-03	1.31e-05
 1.06795e+23	0.00e+00	4.94e-26	6.61e-20	6.45e-17	3.58e-14	5.98e-12	3.85e-10	1.23e-08	7.62e-06	7.63e-04	1.69e-02	1.04e-01	3.44e-01	3.31e-01	1.32e-01	4.23e-02	2.82e-02	9.97e-04	1.16e-05
 1.08326e+23	0.00e+00	6.26e-26	8.22e-20	7.89e-17	4.31e-14	7.06e-12	4.44e-10	1.39e-08	8.38e-06	8.23e-04	1.78e-02	1.08e-01	3.50e-01	3.28e-01	1.28e-01	4.02e-02	2.63e-02	9.07e-04	1.03e-05
 1.10316e+23	0.00e+00	8.32e-26	1.07e-19	1.01e-16	5.38e-14	8.62e-12	5.28e-10	1.61e-08	9.40e-06	9.01e-04	1.90e-02	1.13e-01	3.56e-01	3.25e-01	1.23e-01	3.78e-02	2.42e-02	8.08e-04	8.91e-06
 1.12904e+23	0.00e+00	1.19e-25	1.49e-19	1.37e-16	7.14e-14	1.11e-11	6.57e-10	1.93e-08	1.09e-05	1.01e-03	2.07e-02	1.19e-01	3.64e-01	3.21e-01	1.17e-01	3.49e-02	2.17e-02	6.97e-04	7.40e-06
 1.15601e+23	0.00e+00	1.79e-25	2.17e-19	1.94e-16	9.81e-14	1.48e-11	8.41e-10	2.38e-08	1.28e-05	1.15e-03	2.27e-02	1.26e-01	3.73e-01	3.15e-01	1.11e-01	3.18e-02	1.91e-02	5.88e-04	5.98e-06
 1.17764e+23	0.00e+00	2.44e-25	2.89e-19	2.53e-16	1.25e-13	1.84e-11	1.02e-09	2.79e-08	1.45e-05	1.26e-03	2.43e-02	1.32e-01	3.79e-01	3.11e-01	1.06e-01	2.96e-02	1.73e-02	5.16e-04	5.08e-06
 1.19899e+23	0.00e+00	3.18e-25	3.68e-19	3.17e-16	1.54e-13	2.21e-11	1.19e-09	3.19e-08	1.61e-05	1.37e-03	2.58e-02	1.37e-01	3.84e-01	3.07e-01	1.02e-01	2.78e-02	1.59e-02	4.61e-04	4.41e-06
 1.22675e+23	0.00e+00	4.37e-25	4.93e-19	4.15e-16	1.97e-13	2.75e-11	1.44e-09	3.75e-08	1.83e-05	1.51e-03	2.77e-02	1.43e-01	3.89e-01	3.01e-01	9.68e-02	2.58e-02	1.44e-02	4.03e-04	3.73e-06
 1.26285e+23	0.00e+00	6.46e-25	7.06e-19	5.80e-16	2.67e-13	3.63e-11	1.83e-09	4.58e-08	2.14e-05	1.71e-03	3.02e-02	1.51e-01	3.96e-01	2.94e-01	9.09e-02	2.35e-02	1.26e-02	3.39e-04	3.01e-06
 1.29981e+23	0.00e+00	1.01e-24	1.06e-18	8.47e-16	3.79e-13	4.96e-11	2.40e-09	5.75e-08	2.56e-05	1.96e-03	3.32e-02	1.60e-01	4.02e-01	2.86e-01	8.44e-02	2.10e-02	1.09e-02	2.79e-04	2.36e-06
 1.32818e+23	0.00e+00	1.41e-24	1.44e-18	1.13e-15	4.91e-13	6.26e-11	2.93e-09	6.82e-08	2.93e-05	2.17e-03	3.57e-02	1.67e-01	4.07e-01	2.80e-01	7.98e-02	1.93e-02	9.74e-03	2.40e-04	1.96e-06
 1.35058e+23	0.00e+00	1.76e-24	1.77e-18	1.36e-15	5.84e-13	7.30e-11	3.35e-09	7.63e-08	3.20e-05	2.32e-03	3.74e-02	1.71e-01	4.09e-01	2.75e-01	7.68e-02	1.82e-02	9.04e-03	2.18e-04	1.74e-06
 1.37491e+23	0.00e+00	2.22e-24	2.19e-18	1.65e-15	6.98e-13	8.58e-11	3.85e-09	8.58e-08	3.51e-05	2.49e-03	3.93e-02	1.76e-01	4.12e-01	2.71e-01	7.37e-02	1.71e-02	8.34e-03	1.96e-04	1.53e-06
 1.40654e+23	0.00e+00	2.90e-24	2.79e-18	2.07e-15	8.60e-13	1.03e-10	4.53e-09	9.83e-08	3.90e-05	2.70e-03	4.15e-02	1.82e-01	4.15e-01	2.65e-01	7.02e-02	1.60e-02	7.61e-03	1.74e-04	1.31e-06
 1.44766e+23	0.00e+00	3.97e-24	3.72e-18	2.71e-15	1.10e-12	1.28e-10	5.47e-09	1.15e-07	4.42e-05	2.97e-03	4.43e-02	1.89e-01	4.18e-01	2.58e-01	6.63e-02	1.47e-02	6.82e-03	1.51e-04	1.10e-06
