#depth	S	S+	S+2	S+3	S+4	S+5	S+6	S+7	S+8	S+9	S+10	S+11	S+12	S+13	S+14	S+15	S+16
 6.17135e+19	0.00e+00	0.00e+00	0.00e+00	0.00e+00	0.00e+00	0.00e+00	0.00e+00	0.00e+00	2.23e-28	5.92e-24	7.21e-20	4.34e-16	1.96e-12	6.27e-09	3.76e-05	1.13e-02	9.89e-01
 1.87609e+20	0.00e+00	0.00e+00	0.00e+00	0.00e+00	0.00e+00	0.00e+00	0.00e+00	0.00e+00	4.19e-28	1.03e-23	1.16e-19	6.43e-16	2.68e-12	7.94e-09	4.40e-05	1.22e-02	9.88e-01
 3.18540e+20	0.00e+00	0.00e+00	0.00e+00	0.00e+00	0.00e+00	0.00e+00	0.00e+00	0.00e+00	7.84e-28	1.78e-23	1.85e-19	9.51e-16	3.67e-12	1.00e-08	5.15e-05	1.32e-02	9.87e-01
 4.54709e+20	0.00e+00	0.00e+00	0.00e+00	0.00e+00	0.00e+00	0.00e+00	0.00e+00	0.00e+00	1.47e-27	3.08e-23	2.96e-19	1.41e-15	5.02e-12	1.27e-08	6.02e-05	1.43e-02	9.86e-01
 5.86273e+20	0.00e+00	0.00e+00	0.00e+00	0.00e+00	0.00e+00	0.00e+00	0.00e+00	0.00e+00	2.62e-27	5.12e-23	4.58e-19	2.02e-15	6.71e-12	1.58e-08	6.95e-05	1.53e-02	9.85e-01
 7.07693e+20	0.00e+00	0.00e+00	0.00e+00	0.00e+00	0.00e+00	0.00e+00	0.00e+00	8.61e-32	4.42e-27	8.07e-23	6.77e-19	2.80e-15	8.70e-12	1.92e-08	7.91e-05	1.63e-02	9.84e-01
 8.44020e+20	0.00e+00	0.00e+00	0.00e+00	0.00e+00	0.00e+00	0.00e+00	0.00e+00	1.63e-31	7.78e-27	1.32e-22	1.03e-18	3.99e-15	1.15e-11	2.37e-08	9.11e-05	1.75e-02	9.82e-01
 1.00121e+21	0.00e+00	0.00e+00	0.00e+00	0.00e+00	0.00e+00	0.00e+00	0.00e+00	3.30e-31	1.46e-26	2.30e-22	1.66e-18	5.92e-15	1.58e-11	3.00e-08	1.06e-04	1.89e-02	9.81e-01
 1.15077e+21	0.00e+00	0.00e+00	0.00e+00	0.00e+00	0.00e+00	0.00e+00	0.00e+00	6.32e-31	2.60e-26	3.80e-22	2.56e-18	8.48e-15	2.11e-11	3.72e-08	1.23e-04	2.03e-02	9.80e-01
 1.28715e+21	0.00e+00	0.00e+00	0.00e+00	0.00e+00	0.00e+00	0.00e+00	0.00e+00	1.12e-30	4.33e-26	5.94e-22	3.75e-18	1.17e-14	2.72e-11	4.50e-08	1.39e-04	2.16e-02	9.78e-01
 1.44114e+21	0.00e+00	0.00e+00	0.00e+00	0.00e+00	0.00e+00	0.00e+00	0.00e+00	2.10e-30	7.55e-26	9.67e-22	5.69e-18	1.65e-14	3.59e-11	5.54e-08	1.60e-04	2.31e-02	9.77e-01
 1.62045e+21	0.00e+00	0.00e+00	0.00e+00	0.00e+00	0.00e+00	0.00e+00	0.00e+00	4.24e-30	1.41e-25	1.67e-21	9.11e-18	2.45e-14	4.91e-11	7.00e-08	1.87e-04	2.50e-02	9.75e-01
 1.78040e+21	0.00e+00	0.00e+00	0.00e+00	0.00e+00	0.00e+00	0.00e+00	0.00e+00	7.79e-30	2.42e-25	2.68e-21	1.36e-17	3.43e-14	6.42e-11	8.56e-08	2.14e-04	2.67e-02	9.73e-01
 1.90772e+21	0.00e+00	0.00e+00	0.00e+00	0.00e+00	0.00e+00	0.00e+00	0.00e+00	1.24e-29	3.67e-25	3.86e-21	1.87e-17	4.44e-14	7.90e-11	1.00e-07	2.37e-04	2.81e-02	9.72e-01
 2.04492e+21	0.00e+00	0.00e+00	0.00e+00	0.00e+00	0.00e+00	0.00e+00	0.00e+00	2.04e-29	5.70e-25	5.67e-21	2.59e-17	5.85e-14	9.84e-11	1.18e-07	2.64e-04	2.96e-02	9.70e-01
 2.22327e+21	0.00e+00	0.00e+00	0.00e+00	0.00e+00	0.00e+00	0.00e+00	0.00e+00	3.81e-29	9.94e-25	9.22e-21	3.94e-17	8.28e-14	1.30e-10	1.45e-07	3.03e-04	3.17e-02	9.68e-01
 2.40900e+21	0.00e+00	0.00e+00	0.00e+00	0.00e+00	0.00e+00	0.00e+00	0.00e+00	7.15e-29	1.74e-24	1.50e-20	5.99e-17	1.17e-13	1.72e-10	1.79e-07	3.48e-04	3.39e-02	9.66e-01
 2.56604e+21	0.00e+00	0.00e+00	0.00e+00	0.00e+00	0.00e+00	0.00e+00	0.00e+00	1.20e-28	2.75e-24	2.24e-20	8.44e-17	1.56e-13	2.16e-10	2.12e-07	3.90e-04	3.59e-02	9.64e-01
 2.73193e+21	0.00e+00	0.00e+00	0.00e+00	0.00e+00	0.00e+00	0.00e+00	0.00e+00	2.04e-28	4.40e-24	3.39e-20	1.20e-16	2.10e-13	2.73e-10	2.53e-07	4.38e-04	3.80e-02	9.62e-01
 2.91918e+21	0.00e+00	0.00e+00	0.00e+00	0.00e+00	0.00e+00	0.00e+00	0.00e+00	3.65e-28	7.40e-24	5.34e-20	1.78e-16	2.91e-13	3.54e-10	3.07e-07	4.98e-04	4.04e-02	9.59e-01
 3.09772e+21	0.00e+00	0.00e+00	0.00e+00	0.00e+00	0.00e+00	0.00e+00	0.00e+00	6.27e-28	1.20e-23	8.14e-20	2.55e-16	3.93e-13	4.49e-10	3.67e-07	5.60e-04	4.28e-02	9.57e-01
 3.29335e+21	0.00e+00	0.00e+00	0.00e+00	0.00e+00	0.00e+00	0.00e+00	0.00e+00	1.12e-27	2.00e-23	1.27e-19	3.74e-16	5.42e-13	5.80e-10	4.44e-07	6.35e-04	4.55e-02	9.54e-01
 3.50873e+21	0.00e+00	0.00e+00	0.00e+00	0.00e+00	0.00e+00	0.00e+00	0.00e+00	2.07e-27	3.46e-23	2.06e-19	5.65e-16	7.64e-13	7.63e-10	5.45e-07	7.27e-04	4.86e-02	9.51e-01
 3.70222e+21	0.00e+00	0.00e+00	0.00e+00	0.00e+00	0.00e+00	0.00e+00	8.09e-32	3.55e-27	5.58e-23	3.13e-19	8.09e-16	1.03e-12	9.68e-10	6.51e-07	8.18e-04	5.15e-02	9.48e-01
 3.86407e+21	0.00e+00	0.00e+00	0.00e+00	0.00e+00	0.00e+00	0.00e+00	1.32e-31	5.50e-27	8.24e-23	4.40e-19	1.09e-15	1.32e-12	1.18e-09	7.53e-07	9.00e-04	5.40e-02	9.45e-01
 4.03235e+21	0.00e+00	0.00e+00	0.00e+00	0.00e+00	0.00e+00	0.00e+00	2.17e-31	8.63e-27	1.23e-22	6.25e-19	1.47e-15	1.69e-12	1.44e-09	8.74e-07	9.93e-04	5.66e-02	9.42e-01
 4.25112e+21	0.00e+00	0.00e+00	0.00e+00	0.00e+00	0.00e+00	0.00e+00	4.06e-31	1.52e-26	2.03e-22	9.68e-19	2.13e-15	2.31e-12	1.84e-09	1.05e-06	1.12e-03	6.00e-02	9.39e-01
 4.47481e+21	0.00e+00	0.00e+00	0.00e+00	0.00e+00	0.00e+00	0.00e+00	7.62e-31	2.67e-26	3.35e-22	1.50e-18	3.11e-15	3.17e-12	2.37e-09	1.27e-06	1.27e-03	6.37e-02	9.35e-01
 4.65243e+21	0.00e+00	0.00e+00	0.00e+00	0.00e+00	0.00e+00	0.00e+00	1.26e-30	4.19e-26	5.00e-22	2.13e-18	4.21e-15	4.07e-12	2.89e-09	1.47e-06	1.40e-03	6.68e-02	9.32e-01
 4.83090e+21	0.00e+00	0.00e+00	0.00e+00	0.00e+00	0.00e+00	0.00e+00	2.03e-30	6.44e-26	7.34e-22	2.98e-18	5.61e-15	5.18e-12	3.50e-09	1.70e-06	1.54e-03	6.99e-02	9.29e-01
 5.06290e+21	0.00e+00	0.00e+00	0.00e+00	0.00e+00	0.00e+00	0.00e+00	3.73e-30	1.11e-25	1.19e-21	4.56e-18	8.08e-15	7.03e-12	4.46e-09	2.04e-06	1.73e-03	7.39e-02	9.24e-01
 5.30280e+21	0.00e+00	0.00e+00	0.00e+00	0.00e+00	0.00e+00	0.00e+00	6.98e-30	1.96e-25	1.97e-21	7.08e-18	1.18e-14	9.63e-12	5.72e-09	2.45e-06	1.96e-03	7.84e-02	9.20e-01
 5.49536e+21	0.00e+00	0.00e+00	0.00e+00	0.00e+00	0.00e+00	0.00e+00	1.13e-29	3.03e-25	2.90e-21	9.95e-18	1.58e-14	1.23e-11	6.95e-09	2.84e-06	2.15e-03	8.20e-02	9.16e-01
 5.68810e+21	0.00e+00	0.00e+00	0.00e+00	0.00e+00	0.00e+00	0.00e+00	1.83e-29	4.65e-25	4.25e-21	1.39e-17	2.10e-14	1.56e-11	8.40e-09	3.27e-06	2.36e-03	8.57e-02	9.12e-01
 5.89226e+21	0.00e+00	0.00e+00	0.00e+00	0.00e+00	0.00e+00	0.00e+00	3.01e-29	7.29e-25	6.34e-21	1.97e-17	2.84e-14	2.01e-11	1.03e-08	3.79e-06	2.60e-03	8.97e-02	9.08e-01
 6.06702e+21	0.00e+00	0.00e+00	0.00e+00	0.00e+00	0.00e+00	0.00e+00	4.57e-29	1.06e-24	8.84e-21	2.64e-17	3.65e-14	2.48e-11	1.21e-08	4.29e-06	2.82e-03	9.32e-02	9.04e-01
 6.24996e+21	0.00e+00	0.00e+00	0.00e+00	0.00e+00	0.00e+00	0.00e+00	7.04e-29	1.56e-24	1.25e-20	3.57e-17	4.74e-14	3.08e-11	1.44e-08	4.88e-06	3.06e-03	9.70e-02	9.00e-01
 6.45607e+21	0.00e+00	0.00e+00	0.00e+00	0.00e+00	0.00e+00	0.00e+00	1.14e-28	2.41e-24	1.83e-20	5.00e-17	6.33e-14	3.92e-11	1.74e-08	5.63e-06	3.36e-03	1.01e-01	8.95e-01
 6.65050e+21	0.00e+00	0.00e+00	0.00e+00	0.00e+00	0.00e+00	0.00e+00	1.77e-28	3.58e-24	2.61e-20	6.81e-17	8.26e-14	4.90e-11	2.08e-08	6.42e-06	3.66e-03	1.05e-01	8.91e-01
 6.82889e+21	0.00e+00	0.00e+00	0.00e+00	0.00e+00	0.00e+00	0.00e+00	2.63e-28	5.12e-24	3.58e-20	8.99e-17	1.05e-13	5.98e-11	2.44e-08	7.22e-06	3.95e-03	1.09e-01	8.87e-01
 7.02821e+21	0.00e+00	0.00e+00	0.00e+00	0.00e+00	0.00e+00	0.00e+00	4.09e-28	7.62e-24	5.10e-20	1.23e-16	1.37e-13	7.48e-11	2.91e-08	8.24e-06	4.31e-03	1.14e-01	8.82e-01
 7.24791e+21	0.00e+00	0.00e+00	0.00e+00	0.00e+00	0.00e+00	0.00e+00	6.57e-28	1.17e-23	7.46e-20	1.71e-16	1.83e-13	9.51e-11	3.51e-08	9.49e-06	4.72e-03	1.19e-01	8.77e-01
 7.44988e+21	0.00e+00	0.00e+00	0.00e+00	0.00e+00	0.00e+00	0.00e+00	1.01e-27	1.72e-23	1.05e-19	2.32e-16	2.37e-13	1.18e-10	4.18e-08	1.08e-05	5.13e-03	1.23e-01	8.71e-01
 7.63855e+21	0.00e+00	0.00e+00	0.00e+00	0.00e+00	0.00e+00	0.00e+00	1.50e-27	2.46e-23	1.45e-19	3.05e-16	3.01e-13	1.44e-10	4.89e-08	1.21e-05	5.53e-03	1.28e-01	8.67e-01
 7.81758e+21	0.00e+00	0.00e+00	0.00e+00	0.00e+00	0.00e+00	0.00e+00	2.18e-27	3.44e-23	1.95e-19	3.97e-16	3.77e-13	1.75e-10	5.68e-08	1.36e-05	5.94e-03	1.32e-01	8.62e-01
 7.98542e+21	0.00e+00	0.00e+00	0.00e+00	0.00e+00	0.00e+00	0.00e+00	3.07e-27	4.68e-23	2.56e-19	5.05e-16	4.64e-13	2.08e-10	6.51e-08	1.50e-05	6.35e-03	1.36e-01	8.58e-01
 8.17526e+21	0.00e+00	0.00e+00	0.00e+00	0.00e+00	0.00e+00	6.91e-32	4.52e-27	6.63e-23	3.50e-19	6.63e-16	5.87e-13	2.53e-10	7.61e-08	1.69e-05	6.84e-03	1.41e-01	8.52e-01
 8.38322e+21	0.00e+00	0.00e+00	0.00e+00	0.00e+00	0.00e+00	1.09e-31	6.84e-27	9.63e-23	4.87e-19	8.87e-16	7.55e-13	3.12e-10	8.99e-08	1.91e-05	7.40e-03	1.46e-01	8.47e-01
 8.57228e+21	0.00e+00	0.00e+00	0.00e+00	0.00e+00	0.00e+00	1.63e-31	9.88e-27	1.34e-22	6.54e-19	1.15e-15	9.44e-13	3.76e-10	1.04e-07	2.13e-05	7.95e-03	1.51e-01	8.41e-01
 8.77563e+21	0.00e+00	0.00e+00	0.00e+00	0.00e+00	0.00e+00	2.52e-31	1.47e-26	1.92e-22	8.99e-19	1.52e-15	1.20e-12	4.61e-10	1.22e-07	2.39e-05	8.57e-03	1.56e-01	8.35e-01
 8.99815e+21	0.00e+00	0.00e+00	0.00e+00	0.00e+00	0.00e+00	4.00e-31	2.24e-26	2.80e-22	1.26e-18	2.04e-15	1.55e-12	5.71e-10	1.45e-07	2.72e-05	9.29e-03	1.62e-01	8.29e-01
 9.19554e+21	0.00e+00	0.00e+00	0.00e+00	0.00e+00	0.00e+00	6.03e-31	3.26e-26	3.93e-22	1.70e-18	2.66e-15	1.95e-12	6.92e-10	1.68e-07	3.04e-05	9.98e-03	1.67e-01	8.23e-01
 9.37148e+21	0.00e+00	0.00e+00	0.00e+00	0.00e+00	0.00e+00	8.60e-31	4.50e-26	5.26e-22	2.21e-18	3.34e-15	2.37e-12	8.16e-10	1.92e-07	3.34e-05	1.06e-02	1.72e-01	8.18e-01
 9.56959e+21	0.00e+00	0.00e+00	0.00e+00	0.00e+00	0.00e+00	1.28e-30	6.47e-26	7.30e-22	2.96e-18	4.32e-15	2.97e-12	9.83e-10	2.22e-07	3.73e-05	1.14e-02	1.77e-01	8.12e-01
 9.79338e+21	0.00e+00	0.00e+00	0.00e+00	0.00e+00	0.00e+00	2.00e-30	9.70e-26	1.05e-21	4.09e-18	5.75e-15	3.80e-12	1.21e-09	2.61e-07	4.21e-05	1.23e-02	1.83e-01	8.05e-01
 9.99160e+21	0.00e+00	0.00e+00	0.00e+00	0.00e+00	0.00e+00	2.95e-30	1.38e-25	1.45e-21	5.44e-18	7.39e-15	4.72e-12	1.45e-09	3.02e-07	4.68e-05	1.31e-02	1.89e-01	7.98e-01
 1.01558e+22	0.00e+00	0.00e+00	0.00e+00	0.00e+00	0.00e+00	4.04e-30	1.85e-25	1.88e-21	6.86e-18	9.05e-15	5.63e-12	1.68e-09	3.39e-07	5.10e-05	1.39e-02	1.93e-01	7.93e-01
 1.03348e+22	0.00e+00	0.00e+00	0.00e+00	0.00e+00	0.00e+00	5.70e-30	2.53e-25	2.49e-21	8.83e-18	1.13e-14	6.83e-12	1.98e-09	3.85e-07	5.60e-05	1.47e-02	1.98e-01	7.87e-01
 1.05675e+22	0.00e+00	0.00e+00	0.00e+00	0.00e+00	0.00e+00	8.79e-30	3.76e-25	3.56e-21	1.22e-17	1.50e-14	8.71e-12	2.43e-09	4.52e-07	6.30e-05	1.59e-02	2.05e-01	7.79e-01
 1.08065e+22	0.00e+00	0.00e+00	0.00e+00	0.00e+00	0.00e+00	1.37e-29	5.64e-25	5.15e-21	1.69e-17	2.00e-14	1.12e-11	3.00e-09	5.33e-07	7.12e-05	1.71e-02	2.11e-01	7.71e-01
 1.10003e+22	0.00e+00	0.00e+00	0.00e+00	0.00e+00	0.00e+00	1.96e-29	7.81e-25	6.90e-21	2.19e-17	2.52e-14	1.37e-11	3.55e-09	6.08e-07	7.85e-05	1.82e-02	2.17e-01	7.65e-01
 1.11987e+22	0.00e+00	0.00e+00	0.00e+00	0.00e+00	0.00e+00	2.80e-29	1.08e-24	9.27e-21	2.85e-17	3.17e-14	1.67e-11	4.20e-09	6.94e-07	8.65e-05	1.94e-02	2.23e-01	7.58e-01
 1.14198e+22	0.00e+00	0.00e+00	0.00e+00	0.00e+00	0.00e+00	4.15e-29	1.55e-24	1.28e-20	3.81e-17	4.10e-14	2.09e-11	5.07e-09	8.04e-07	9.64e-05	2.07e-02	2.29e-01	7.50e-01
 1.16238e+22	0.00e+00	0.00e+00	0.00e+00	0.00e+00	0.00e+00	5.95e-29	2.16e-24	1.73e-20	4.97e-17	5.18e-14	2.56e-11	6.01e-09	9.19e-07	1.06e-04	2.21e-02	2.35e-01	7.43e-01
 1.18118e+22	0.00e+00	0.00e+00	0.00e+00	0.00e+00	0.00e+00	8.24e-29	2.91e-24	2.26e-20	6.33e-17	6.40e-14	3.08e-11	7.03e-09	1.04e-06	1.16e-04	2.33e-02	2.41e-01	7.36e-01
 1.20251e+22	0.00e+00	0.00e+00	0.00e+00	0.00e+00	0.00e+00	1.18e-28	4.06e-24	3.06e-20	8.29e-17	8.12e-14	3.78e-11	8.36e-09	1.19e-06	1.29e-04	2.48e-02	2.47e-01	7.28e-01
 1.22637e+22	0.00e+00	0.00e+00	0.00e+00	0.00e+00	0.00e+00	1.77e-28	5.87e-24	4.28e-20	1.12e-16	1.06e-13	4.76e-11	1.01e-08	1.38e-06	1.44e-04	2.66e-02	2.54e-01	7.19e-01
 1.24770e+22	0.00e+00	0.00e+00	0.00e+00	0.00e+00	0.00e+00	2.53e-28	8.14e-24	5.75e-20	1.46e-16	1.33e-13	5.83e-11	1.20e-08	1.58e-06	1.58e-04	2.83e-02	2.60e-01	7.11e-01
 1.26620e+22	0.00e+00	0.00e+00	0.00e+00	0.00e+00	0.00e+00	3.43e-28	1.08e-23	7.40e-20	1.82e-16	1.63e-13	6.94e-11	1.39e-08	1.77e-06	1.72e-04	2.98e-02	2.66e-01	7.04e-01
 1.28680e+22	0.00e+00	0.00e+00	0.00e+00	0.00e+00	0.00e+00	4.78e-28	1.46e-23	9.75e-20	2.34e-16	2.03e-13	8.40e-11	1.64e-08	2.01e-06	1.89e-04	3.15e-02	2.72e-01	6.96e-01
 1.31358e+22	0.00e+00	0.00e+00	0.00e+00	0.00e+00	0.00e+00	7.32e-28	2.16e-23	1.39e-19	3.21e-16	2.68e-13	1.07e-10	2.01e-08	2.36e-06	2.12e-04	3.39e-02	2.80e-01	6.86e-01
 1.34069e+22	0.00e+00	0.00e+00	0.00e+00	0.00e+00	0.00e+00	1.12e-27	3.19e-23	1.98e-19	4.42e-16	3.55e-13	1.37e-10	2.48e-08	2.77e-06	2.39e-04	3.64e-02	2.88e-01	6.76e-01
 1.36215e+22	0.00e+00	0.00e+00	0.00e+00	0.00e+00	0.00e+00	1.57e-27	4.34e-23	2.62e-19	5.67e-16	4.43e-13	1.66e-10	2.91e-08	3.15e-06	2.62e-04	3.85e-02	2.94e-01	6.67e-01
 1.38397e+22	0.00e+00	0.00e+00	0.00e+00	0.00e+00	6.26e-32	2.18e-27	5.88e-23	3.45e-19	7.26e-16	5.51e-13	2.01e-10	3.42e-08	3.57e-06	2.87e-04	4.07e-02	3.00e-01	6.59e-01
 1.40849e+22	0.00e+00	0.00e+00	0.00e+00	0.00e+00	9.47e-32	3.15e-27	8.26e-23	4.70e-19	9.57e-16	7.04e-13	2.49e-10	4.10e-08	4.10e-06	3.17e-04	4.33e-02	3.07e-01	6.49e-01
 1.43146e+22	0.00e+00	0.00e+00	0.00e+00	0.00e+00	1.39e-31	4.42e-27	1.13e-22	6.25e-19	1.24e-15	8.83e-13	3.04e-10	4.84e-08	4.67e-06	3.49e-04	4.59e-02	3.14e-01	6.40e-01
 1.45269e+22	0.00e+00	0.00e+00	0.00e+00	0.00e+00	1.97e-31	6.03e-27	1.50e-22	8.10e-19	1.56e-15	1.08e-12	3.64e-10	5.64e-08	5.25e-06	3.80e-04	4.83e-02	3.20e-01	6.31e-01
 1.47671e+22	0.00e+00	0.00e+00	0.00e+00	0.00e+00	2.90e-31	8.48e-27	2.06e-22	1.08e-18	2.02e-15	1.36e-12	4.44e-10	6.67e-08	5.99e-06	4.17e-04	5.11e-02	3.27e-01	6.22e-01
 1.50357e+22	0.00e+00	0.00e+00	0.00e+00	0.00e+00	4.45e-31	1.24e-26	2.92e-22	1.48e-18	2.69e-15	1.75e-12	5.55e-10	8.05e-08	6.92e-06	4.63e-04	5.45e-02	3.34e-01	6.11e-01
 1.52854e+22	0.00e+00	0.00e+00	0.00e+00	0.00e+00	6.58e-31	1.75e-26	4.03e-22	1.99e-18	3.49e-15	2.21e-12	6.80e-10	9.56e-08	7.91e-06	5.10e-04	5.77e-02	3.41e-01	6.01e-01
 1.55169e+22	0.00e+00	0.00e+00	0.00e+00	0.00e+00	9.40e-31	2.40e-26	5.39e-22	2.59e-18	4.44e-15	2.74e-12	8.19e-10	1.12e-07	8.92e-06	5.56e-04	6.08e-02	3.47e-01	5.92e-01
 1.57801e+22	0.00e+00	0.00e+00	0.00e+00	0.00e+00	1.40e-30	3.40e-26	7.45e-22	3.48e-18	5.79e-15	3.46e-12	1.01e-09	1.33e-07	1.02e-05	6.12e-04	6.43e-02	3.54e-01	5.81e-01
 1.60678e+22	0.00e+00	0.00e+00	0.00e+00	0.00e+00	2.14e-30	4.97e-26	1.06e-21	4.79e-18	7.72e-15	4.47e-12	1.26e-09	1.61e-07	1.18e-05	6.79e-04	6.84e-02	3.61e-01	5.70e-01
 1.63272e+22	0.00e+00	0.00e+00	0.00e+00	0.00e+00	3.15e-30	6.98e-26	1.45e-21	6.40e-18	1.00e-14	5.63e-12	1.54e-09	1.91e-07	1.35e-05	7.46e-04	7.23e-02	3.68e-01	5.59e-01
 1.65587e+22	0.00e+00	0.00e+00	0.00e+00	0.00e+00	4.37e-30	9.31e-26	1.89e-21	8.16e-18	1.25e-14	6.83e-12	1.83e-09	2.20e-07	1.50e-05	8.07e-04	7.57e-02	3.73e-01	5.50e-01
 1.68140e+22	0.00e+00	0.00e+00	0.00e+00	0.00e+00	6.24e-30	1.28e-25	2.54e-21	1.07e-17	1.59e-14	8.46e-12	2.20e-09	2.57e-07	1.70e-05	8.80e-04	7.97e-02	3.79e-01	5.40e-01
 1.71459e+22	0.00e+00	0.00e+00	0.00e+00	0.00e+00	9.83e-30	1.90e-25	3.69e-21	1.50e-17	2.16e-14	1.11e-11	2.80e-09	3.15e-07	1.98e-05	9.81e-04	8.49e-02	3.87e-01	5.27e-01
 1.74827e+22	0.00e+00	0.00e+00	0.00e+00	0.00e+00	1.55e-29	2.85e-25	5.36e-21	2.11e-17	2.94e-14	1.46e-11	3.56e-09	3.85e-07	2.31e-05	1.09e-03	9.05e-02	3.94e-01	5.14e-01
 1.77515e+22	0.00e+00	0.00e+00	0.00e+00	0.00e+00	2.22e-29	3.91e-25	7.19e-21	2.76e-17	3.75e-14	1.81e-11	4.30e-09	4.51e-07	2.61e-05	1.19e-03	9.51e-02	4.00e-01	5.04e-01
 1.80265e+22	0.00e+00	0.00e+00	0.00e+00	0.00e+00	3.16e-29	5.33e-25	9.61e-21	3.60e-17	4.76e-14	2.24e-11	5.17e-09	5.27e-07	2.95e-05	1.30e-03	9.98e-02	4.05e-01	4.94e-01
 1.83839e+22	0.00e+00	0.00e+00	0.00e+00	0.00e+00	4.96e-29	7.91e-25	1.39e-20	5.05e-17	6.46e-14	2.93e-11	6.55e-09	6.43e-07	3.43e-05	1.44e-03	1.06e-01	4.12e-01	4.81e-01
 1.87432e+22	0.00e+00	0.00e+00	0.00e+00	0.00e+00	7.76e-29	1.17e-24	2.01e-20	7.08e-17	8.76e-14	3.84e-11	8.30e-09	7.83e-07	3.99e-05	1.60e-03	1.13e-01	4.18e-01	4.67e-01
 1.90245e+22	0.00e+00	0.00e+00	0.00e+00	0.00e+00	1.09e-28	1.59e-24	2.66e-20	9.16e-17	1.11e-13	4.72e-11	9.94e-09	9.11e-07	4.48e-05	1.74e-03	1.18e-01	4.23e-01	4.57e-01
 1.93099e+22	0.00e+00	0.00e+00	0.00e+00	0.00e+00	1.53e-28	2.13e-24	3.51e-20	1.18e-16	1.39e-13	5.78e-11	1.19e-08	1.06e-06	5.01e-05	1.88e-03	1.23e-01	4.28e-01	4.47e-01
 1.96808e+22	0.00e+00	0.00e+00	0.00e+00	0.00e+00	2.34e-28	3.10e-24	4.98e-20	1.63e-16	1.86e-13	7.47e-11	1.48e-08	1.27e-06	5.78e-05	2.07e-03	1.30e-01	4.33e-01	4.34e-01
 2.00723e+22	0.00e+00	0.00e+00	0.00e+00	0.00e+00	3.66e-28	4.59e-24	7.19e-20	2.28e-16	2.52e-13	9.77e-11	1.88e-08	1.55e-06	6.71e-05	2.30e-03	1.38e-01	4.39e-01	4.21e-01
 2.04061e+22	0.00e+00	0.00e+00	0.00e+00	0.00e+00	5.30e-28	6.36e-24	9.76e-20	3.02e-16	3.24e-13	1.22e-10	2.28e-08	1.82e-06	7.59e-05	2.50e-03	1.44e-01	4.43e-01	4.10e-01
 2.06999e+22	0.00e+00	0.00e+00	0.00e+00	0.00e+00	7.27e-28	8.42e-24	1.27e-19	3.83e-16	4.03e-13	1.48e-10	2.69e-08	2.09e-06	8.43e-05	2.69e-03	1.50e-01	4.47e-01	4.00e-01
 2.10258e+22	0.00e+00	0.00e+00	0.00e+00	0.00e+00	1.03e-27	1.14e-23	1.68e-19	4.97e-16	5.09e-13	1.82e-10	3.23e-08	2.43e-06	9.45e-05	2.90e-03	1.57e-01	4.50e-01	3.90e-01
 2.14496e+22	0.00e+00	0.00e+00	0.00e+00	0.00e+00	1.58e-27	1.67e-23	2.41e-19	6.90e-16	6.85e-13	2.36e-10	4.05e-08	2.94e-06	1.09e-04	3.20e-03	1.65e-01	4.54e-01	3.77e-01
 2.18827e+22	0.00e+00	0.00e+00	0.00e+00	8.91e-32	2.46e-27	2.46e-23	3.46e-19	9.64e-16	9.26e-13	3.08e-10	5.10e-08	3.56e-06	1.26e-04	3.53e-03	1.74e-01	4.58e-01	3.64e-01
 2.22329e+22	0.00e+00	0.00e+00	0.00e+00	1.31e-31	3.48e-27	3.34e-23	4.61e-19	1.25e-15	1.17e-12	3.80e-10	6.12e-08	4.13e-06	1.41e-04	3.81e-03	1.82e-01	4.61e-01	3.54e-01
 2.25929e+22	0.00e+00	0.00e+00	0.00e+00	1.93e-31	4.91e-27	4.52e-23	6.13e-19	1.63e-15	1.49e-12	4.67e-10	7.32e-08	4.79e-06	1.58e-04	4.11e-03	1.89e-01	4.63e-01	3.43e-01
 2.30609e+22	0.00e+00	0.00e+00	0.00e+00	3.16e-31	7.59e-27	6.64e-23	8.79e-19	2.26e-15	2.00e-12	6.07e-10	9.19e-08	5.78e-06	1.82e-04	4.52e-03	1.99e-01	4.66e-01	3.31e-01
 2.35426e+22	0.00e+00	0.00e+00	0.00e+00	5.20e-31	1.19e-26	9.83e-23	1.27e-18	3.18e-15	2.72e-12	7.93e-10	1.16e-07	7.00e-06	2.10e-04	4.97e-03	2.09e-01	4.68e-01	3.18e-01
 2.39374e+22	0.00e+00	0.00e+00	0.00e+00	7.75e-31	1.69e-26	1.34e-22	1.71e-18	4.16e-15	3.46e-12	9.82e-10	1.39e-07	8.15e-06	2.35e-04	5.37e-03	2.17e-01	4.70e-01	3.07e-01
 2.42872e+22	0.00e+00	0.00e+00	0.00e+00	1.09e-30	2.30e-26	1.76e-22	2.20e-18	5.25e-15	4.27e-12	1.18e-09	1.63e-07	9.29e-06	2.60e-04	5.73e-03	2.25e-01	4.71e-01	2.99e-01
 2.46830e+22	0.00e+00	0.00e+00	0.00e+00	1.60e-30	3.23e-26	2.37e-22	2.91e-18	6.79e-15	5.38e-12	1.45e-09	1.95e-07	1.07e-05	2.89e-04	6.15e-03	2.33e-01	4.72e-01	2.89e-01
 2.51975e+22	0.00e+00	0.00e+00	0.00e+00	2.58e-30	4.95e-26	3.46e-22	4.14e-18	9.38e-15	7.20e-12	1.87e-09	2.43e-07	1.28e-05	3.31e-04	6.72e-03	2.43e-01	4.72e-01	2.77e-01
 2.57271e+22	0.00e+00	0.00e+00	0.00e+00	4.21e-30	7.67e-26	5.09e-22	5.95e-18	1.31e-14	9.72e-12	2.43e-09	3.04e-07	1.55e-05	3.80e-04	7.36e-03	2.55e-01	4.72e-01	2.65e-01
 2.61593e+22	0.00e+00	0.00e+00	0.00e+00	6.23e-30	1.09e-25	6.92e-22	7.95e-18	1.70e-14	1.23e-11	2.99e-09	3.64e-07	1.79e-05	4.24e-04	7.90e-03	2.64e-01	4.72e-01	2.56e-01
 2.66043e+22	0.00e+00	0.00e+00	0.00e+00	9.17e-30	1.53e-25	9.37e-22	1.06e-17	2.22e-14	1.56e-11	3.67e-09	4.34e-07	2.07e-05	4.72e-04	8.48e-03	2.73e-01	4.71e-01	2.47e-01
 2.71826e+22	0.00e+00	0.00e+00	0.00e+00	1.50e-29	2.38e-25	1.38e-21	1.52e-17	3.09e-14	2.10e-11	4.77e-09	5.43e-07	2.48e-05	5.41e-04	9.26e-03	2.85e-01	4.70e-01	2.35e-01
 2.77814e+22	0.00e+00	0.00e+00	0.00e+00	2.48e-29	3.73e-25	2.05e-21	2.21e-17	4.35e-14	2.86e-11	6.23e-09	6.84e-07	2.99e-05	6.21e-04	1.01e-02	2.97e-01	4.68e-01	2.24e-01
 2.82768e+22	0.00e+00	0.00e+00	0.00e+00	3.73e-29	5.36e-25	2.82e-21	2.98e-17	5.73e-14	3.67e-11	7.74e-09	8.23e-07	3.48e-05	6.95e-04	1.09e-02	3.07e-01	4.66e-01	2.15e-01
 2.87121e+22	0.00e+00	0.00e+00	0.00e+00	5.28e-29	7.32e-25	3.70e-21	3.86e-17	7.26e-14	4.54e-11	9.31e-09	9.64e-07	3.96e-05	7.64e-04	1.16e-02	3.16e-01	4.64e-01	2.07e-01
 2.91989e+22	0.00e+00	0.00e+00	0.00e+00	7.72e-29	1.03e-24	4.99e-21	5.11e-17	9.39e-14	5.72e-11	1.14e-08	1.14e-06	4.55e-05	8.47e-04	1.23e-02	3.25e-01	4.62e-01	1.99e-01
 2.98318e+22	0.00e+00	0.00e+00	0.00e+00	1.24e-28	1.57e-24	7.26e-21	7.27e-17	1.30e-13	7.65e-11	1.47e-08	1.42e-06	5.42e-05	9.63e-04	1.34e-02	3.38e-01	4.59e-01	1.89e-01
 3.04838e+22	0.00e+00	0.00e+00	0.00e+00	2.04e-28	2.44e-24	1.07e-20	1.05e-16	1.81e-13	1.03e-10	1.90e-08	1.78e-06	6.49e-05	1.10e-03	1.46e-02	3.50e-01	4.55e-01	1.79e-01
 3.10153e+22	0.00e+00	0.00e+00	0.00e+00	3.01e-28	3.46e-24	1.45e-20	1.40e-16	2.36e-13	1.31e-10	2.34e-08	2.12e-06	7.49e-05	1.22e-03	1.55e-02	3.61e-01	4.51e-01	1.72e-01
 3.15607e+22	0.00e+00	0.00e+00	0.00e+00	4.43e-28	4.88e-24	1.96e-20	1.86e-16	3.07e-13	1.66e-10	2.87e-08	2.52e-06	8.62e-05	1.35e-03	1.66e-02	3.71e-01	4.47e-01	1.64e-01
 3.22698e+22	0.00e+00	0.00e+00	0.00e+00	7.22e-28	7.53e-24	2.88e-20	2.67e-16	4.28e-13	2.23e-10	3.72e-08	3.14e-06	1.03e-04	1.54e-03	1.80e-02	3.84e-01	4.42e-01	1.55e-01
 3.30068e+22	0.00e+00	0.00e+00	0.00e+00	1.20e-27	1.18e-23	4.28e-20	3.89e-16	6.04e-13	3.04e-10	4.86e-08	3.94e-06	1.24e-04	1.76e-03	1.95e-02	3.97e-01	4.36e-01	1.46e-01
 3.36198e+22	0.00e+00	0.00e+00	9.50e-32	1.81e-27	1.71e-23	5.90e-20	5.28e-16	7.99e-13	3.91e-10	6.04e-08	4.74e-06	1.43e-04	1.96e-03	2.08e-02	4.08e-01	4.31e-01	1.39e-01
 3.42561e+22	0.00e+00	0.00e+00	1.49e-31	2.73e-27	2.46e-23	8.12e-20	7.15e-16	1.05e-12	5.02e-10	7.50e-08	5.70e-06	1.66e-04	2.18e-03	2.22e-02	4.18e-01	4.25e-01	1.32e-01
 3.49247e+22	0.00e+00	0.00e+00	2.41e-31	4.19e-27	3.61e-23	1.14e-19	9.84e-16	1.41e-12	6.52e-10	9.41e-08	6.91e-06	1.94e-04	2.44e-03	2.38e-02	4.30e-01	4.19e-01	1.25e-01
 3.54868e+22	0.00e+00	0.00e+00	3.58e-31	5.99e-27	4.95e-23	1.50e-19	1.28e-15	1.80e-12	8.11e-10	1.14e-07	8.10e-06	2.20e-04	2.68e-03	2.52e-02	4.39e-01	4.14e-01	1.19e-01
 3.60690e+22	0.00e+00	0.00e+00	5.30e-31	8.52e-27	6.78e-23	1.97e-19	1.66e-15	2.29e-12	1.01e-09	1.37e-07	9.48e-06	2.50e-04	2.93e-03	2.66e-02	4.48e-01	4.08e-01	1.14e-01
 3.68258e+22	0.00e+00	0.00e+00	8.68e-31	1.33e-26	1.01e-22	2.79e-19	2.31e-15	3.10e-12	1.32e-09	1.73e-07	1.16e-05	2.92e-04	3.28e-03	2.85e-02	4.60e-01	4.01e-01	1.07e-01
 3.76022e+22	0.00e+00	0.00e+00	1.45e-30	2.11e-26	1.52e-22	3.99e-19	3.26e-15	4.25e-12	1.75e-09	2.21e-07	1.42e-05	3.44e-04	3.70e-03	3.05e-02	4.71e-01	3.94e-01	1.00e-01
 3.82243e+22	0.00e+00	0.00e+00	2.17e-30	3.04e-26	2.09e-22	5.29e-19	4.27e-15	5.44e-12	2.18e-09	2.67e-07	1.67e-05	3.92e-04	4.05e-03	3.22e-02	4.80e-01	3.87e-01	9.54e-02
 3.88533e+22	0.00e+00	0.00e+00	3.21e-30	4.31e-26	2.86e-22	6.94e-19	5.53e-15	6.91e-12	2.71e-09	3.22e-07	1.95e-05	4.43e-04	4.43e-03	3.40e-02	4.89e-01	3.81e-01	9.08e-02
 3.95264e+22	0.00e+00	0.00e+00	4.88e-30	6.29e-26	3.99e-22	9.29e-19	7.32e-15	8.94e-12	3.41e-09	3.93e-07	2.31e-05	5.07e-04	4.87e-03	3.59e-02	4.98e-01	3.74e-01	8.60e-02
 4.01080e+22	0.00e+00	0.00e+00	6.98e-30	8.67e-26	5.31e-22	1.19e-18	9.28e-15	1.11e-11	4.15e-09	4.65e-07	2.66e-05	5.68e-04	5.28e-03	3.76e-02	5.06e-01	3.68e-01	8.20e-02
 4.06352e+22	0.00e+00	0.00e+00	9.52e-30	1.15e-25	6.80e-22	1.48e-18	1.14e-14	1.35e-11	4.93e-09	5.39e-07	3.01e-05	6.26e-04	5.66e-03	3.92e-02	5.13e-01	3.63e-01	7.87e-02
 4.12404e+22	0.00e+00	0.00e+00	1.36e-29	1.58e-25	9.02e-22	1.89e-18	1.45e-14	1.68e-11	6.00e-09	6.38e-07	3.47e-05	7.01e-04	6.14e-03	4.10e-02	5.20e-01	3.57e-01	7.50e-02
 4.20272e+22	0.00e+00	0.00e+00	2.12e-29	2.35e-25	1.28e-21	2.56e-18	1.95e-14	2.20e-11	7.66e-09	7.87e-07	4.15e-05	8.06e-04	6.78e-03	4.34e-02	5.29e-01	3.49e-01	7.05e-02
 4.28306e+22	0.00e+00	0.00e+00	3.38e-29	3.57e-25	1.86e-21	3.53e-18	2.65e-14	2.93e-11	9.91e-09	9.82e-07	4.99e-05	9.34e-04	7.52e-03	4.61e-02	5.38e-01	3.41e-01	6.61e-02
 4.34199e+22	0.00e+00	0.00e+00	4.73e-29	4.83e-25	2.42e-21	4.44e-18	3.32e-14	3.61e-11	1.19e-08	1.15e-06	5.71e-05	1.04e-03	8.11e-03	4.81e-02	5.45e-01	3.35e-01	6.30e-02
 4.38649e+22	0.00e+00	0.00e+00	6.08e-29	6.05e-25	2.96e-21	5.28e-18	3.93e-14	4.21e-11	1.37e-08	1.30e-06	6.31e-05	1.12e-03	8.57e-03	4.96e-02	5.50e-01	3.30e-01	6.07e-02
 4.43581e+22	0.00e+00	0.00e+00	7.90e-29	7.65e-25	3.64e-21	6.32e-18	4.67e-14	4.95e-11	1.58e-08	1.47e-06	7.00e-05	1.22e-03	9.09e-03	5.12e-02	5.55e-01	3.25e-01	5.85e-02
 4.49992e+22	0.00e+00	0.00e+00	1.10e-28	1.03e-24	4.73e-21	7.95e-18	5.83e-14	6.07e-11	1.90e-08	1.72e-06	7.98e-05	1.35e-03	9.77e-03	5.34e-02	5.61e-01	3.19e-01	5.57e-02
 4.57129e+22	0.00e+00	0.00e+00	1.62e-28	1.46e-24	6.41e-21	1.03e-17	7.54e-14	7.71e-11	2.36e-08	2.07e-06	9.32e-05	1.53e-03	1.06e-02	5.60e-02	5.67e-01	3.12e-01	5.26e-02
 4.63508e+22	0.00e+00	0.00e+00	2.28e-28	1.97e-24	8.37e-21	1.30e-17	9.44e-14	9.50e-11	2.85e-08	2.43e-06	1.07e-04	1.70e-03	1.15e-02	5.83e-02	5.73e-01	3.05e-01	4.99e-02
 4.69131e+22	0.00e+00	0.00e+00	3.04e-28	2.55e-24	1.05e-20	1.58e-17	1.15e-13	1.14e-10	3.34e-08	2.79e-06	1.20e-04	1.86e-03	1.22e-02	6.04e-02	5.78e-01	3.00e-01	4.77e-02
 4.75473e+22	0.00e+00	0.00e+00	4.16e-28	3.38e-24	1.35e-20	1.95e-17	1.41e-13	1.38e-10	3.97e-08	3.23e-06	1.35e-04	2.05e-03	1.31e-02	6.26e-02	5.83e-01	2.94e-01	4.55e-02
 4.82449e+22	0.00e+00	0.00e+00	5.96e-28	4.65e-24	1.78e-20	2.48e-17	1.79e-13	1.72e-10	4.85e-08	3.83e-06	1.56e-04	2.30e-03	1.42e-02	6.54e-02	5.88e-01	2.87e-01	4.30e-02
 4.88609e+22	0.00e+00	0.00e+00	8.12e-28	6.13e-24	2.27e-20	3.06e-17	2.20e-13	2.08e-10	5.76e-08	4.44e-06	1.77e-04	2.53e-03	1.51e-02	6.78e-02	5.93e-01	2.81e-01	4.09e-02
 4.94062e+22	0.00e+00	0.00e+00	1.06e-27	7.78e-24	2.79e-20	3.66e-17	2.62e-13	2.46e-10	6.69e-08	5.04e-06	1.97e-04	2.75e-03	1.60e-02	6.99e-02	5.96e-01	2.76e-01	3.92e-02
 5.00235e+22	0.00e+00	0.00e+00	1.42e-27	1.01e-23	3.51e-20	4.44e-17	3.18e-13	2.94e-10	7.86e-08	5.78e-06	2.20e-04	3.01e-03	1.71e-02	7.23e-02	6.00e-01	2.70e-01	3.74e-02
 5.08259e+22	0.00e+00	0.00e+00	2.07e-27	1.41e-23	4.70e-20	5.70e-17	4.09e-13	3.71e-10	9.70e-08	6.93e-06	2.56e-04	3.39e-03	1.85e-02	7.55e-02	6.05e-01	2.63e-01	3.51e-02
 5.16409e+22	0.00e+00	0.00e+00	3.07e-27	2.00e-23	6.38e-20	7.40e-17	5.31e-13	4.74e-10	1.21e-07	8.35e-06	2.99e-04	3.83e-03	2.02e-02	7.89e-02	6.09e-01	2.55e-01	3.28e-02
 5.22804e+22	0.00e+00	0.00e+00	4.16e-27	2.62e-23	8.08e-20	9.05e-17	6.48e-13	5.72e-10	1.43e-07	9.64e-06	3.37e-04	4.20e-03	2.15e-02	8.16e-02	6.12e-01	2.49e-01	3.12e-02
 5.29201e+22	0.00e+00	0.00e+00	5.55e-27	3.39e-23	1.01e-19	1.09e-16	7.85e-13	6.84e-10	1.68e-07	1.11e-05	3.78e-04	4.60e-03	2.29e-02	8.42e-02	6.15e-01	2.43e-01	2.96e-02
 5.37516e+22	0.00e+00	9.45e-32	8.01e-27	4.69e-23	1.34e-19	1.39e-16	1.00e-12	8.58e-10	2.06e-07	1.32e-05	4.37e-04	5.15e-03	2.48e-02	8.77e-02	6.18e-01	2.36e-01	2.78e-02
 5.45895e+22	0.00e+00	1.45e-31	1.18e-26	6.60e-23	1.80e-19	1.79e-16	1.29e-12	1.09e-09	2.56e-07	1.58e-05	5.09e-04	5.80e-03	2.69e-02	9.14e-02	6.21e-01	2.29e-01	2.59e-02
 5.52339e+22	0.00e+00	2.01e-31	1.58e-26	8.54e-23	2.26e-19	2.16e-16	1.56e-12	1.31e-09	3.01e-07	1.82e-05	5.71e-04	6.35e-03	2.86e-02	9.43e-02	6.23e-01	2.23e-01	2.46e-02
 5.58701e+22	0.00e+00	2.72e-31	2.07e-26	1.09e-22	2.78e-19	2.58e-16	1.87e-12	1.55e-09	3.51e-07	2.07e-05	6.36e-04	6.91e-03	3.03e-02	9.70e-02	6.24e-01	2.18e-01	2.34e-02
 5.66971e+22	0.00e+00	4.00e-31	2.93e-26	1.48e-22	3.63e-19	3.23e-16	2.35e-12	1.92e-09	4.25e-07	2.44e-05	7.29e-04	7.68e-03	3.26e-02	1.01e-01	6.26e-01	2.11e-01	2.19e-02
 5.75560e+22	0.00e+00	6.08e-31	4.26e-26	2.06e-22	4.83e-19	4.10e-16	3.01e-12	2.42e-09	5.25e-07	2.91e-05	8.45e-04	8.62e-03	3.52e-02	1.05e-01	6.27e-01	2.04e-01	2.04e-02
 5.82506e+22	0.00e+00	8.56e-31	5.79e-26	2.69e-22	6.09e-19	4.98e-16	3.68e-12	2.92e-09	6.23e-07	3.37e-05	9.54e-04	9.48e-03	3.76e-02	1.08e-01	6.27e-01	1.98e-01	1.92e-02
 5.88501e+22	0.00e+00	1.12e-30	7.37e-26	3.34e-22	7.34e-19	5.83e-16	4.31e-12	3.40e-09	7.13e-07	3.77e-05	1.05e-03	1.02e-02	3.95e-02	1.10e-01	6.27e-01	1.93e-01	1.83e-02
 5.95315e+22	0.00e+00	1.52e-30	9.70e-26	4.25e-22	9.04e-19	6.93e-16	5.16e-12	4.02e-09	8.31e-07	4.29e-05	1.17e-03	1.11e-02	4.18e-02	1.13e-01	6.27e-01	1.88e-01	1.74e-02
 6.04173e+22	0.00e+00	2.25e-30	1.38e-25	5.78e-22	1.18e-18	8.65e-16	6.47e-12	4.99e-09	1.01e-06	5.06e-05	1.34e-03	1.23e-02	4.49e-02	1.17e-01	6.27e-01	1.81e-01	1.62e-02
 6.13439e+22	0.00e+00	3.44e-30	2.01e-25	8.08e-22	1.57e-18	1.10e-15	8.29e-12	6.31e-09	1.25e-06	6.05e-05	1.55e-03	1.38e-02	4.85e-02	1.22e-01	6.25e-01	1.74e-01	1.50e-02
 6.21017e+22	0.00e+00	4.90e-30	2.76e-25	1.06e-21	1.99e-18	1.34e-15	1.02e-11	7.67e-09	1.49e-06	7.02e-05	1.75e-03	1.52e-02	5.17e-02	1.25e-01	6.24e-01	1.68e-01	1.40e-02
 6.27532e+22	0.00e+00	6.46e-30	3.53e-25	1.32e-21	2.40e-18	1.56e-15	1.19e-11	8.92e-09	1.70e-06	7.87e-05	1.93e-03	1.64e-02	5.43e-02	1.28e-01	6.22e-01	1.63e-01	1.33e-02
 6.34881e+22	0.00e+00	8.83e-30	4.66e-25	1.69e-21	2.96e-18	1.86e-15	1.43e-11	1.06e-08	1.99e-06	8.97e-05	2.14e-03	1.78e-02	5.74e-02	1.31e-01	6.20e-01	1.58e-01	1.25e-02
 6.44434e+22	0.00e+00	1.31e-29	6.63e-25	2.30e-21	3.85e-18	2.32e-15	1.78e-11	1.31e-08	2.41e-06	1.06e-04	2.45e-03	1.98e-02	6.16e-02	1.36e-01	6.17e-01	1.52e-01	1.16e-02
 6.54600e+22	0.00e+00	2.02e-29	9.76e-25	3.23e-21	5.16e-18	2.95e-15	2.28e-11	1.66e-08	2.98e-06	1.26e-04	2.84e-03	2.21e-02	6.64e-02	1.40e-01	6.13e-01	1.45e-01	1.06e-02
 6.63177e+22	0.00e+00	2.92e-29	1.36e-24	4.31e-21	6.59e-18	3.61e-15	2.81e-11	2.02e-08	3.57e-06	1.47e-04	3.21e-03	2.44e-02	7.07e-02	1.44e-01	6.09e-01	1.39e-01	9.84e-03
 6.70643e+22	0.00e+00	3.99e-29	1.79e-24	5.50e-21	8.12e-18	4.28e-15	3.35e-11	2.39e-08	4.16e-06	1.67e-04	3.57e-03	2.64e-02	7.46e-02	1.47e-01	6.05e-01	1.34e-01	9.22e-03
 6.79048e+22	0.00e+00	5.48e-29	2.38e-24	7.05e-21	1.00e-17	5.11e-15	4.00e-11	2.84e-08	4.84e-06	1.89e-04	3.96e-03	2.87e-02	7.87e-02	1.50e-01	6.00e-01	1.29e-01	8.63e-03
 6.89974e+22	0.00e+00	8.29e-29	3.44e-24	9.75e-21	1.33e-17	6.42e-15	5.03e-11	3.54e-08	5.91e-06	2.24e-04	4.54e-03	3.18e-02	8.43e-02	1.55e-01	5.94e-01	1.23e-01	7.89e-03
 7.01642e+22	0.00e+00	1.31e-28	5.17e-24	1.39e-20	1.80e-17	8.25e-15	6.47e-11	4.50e-08	7.34e-06	2.68e-04	5.26e-03	3.56e-02	9.07e-02	1.59e-01	5.86e-01	1.16e-01	7.14e-03
 7.11097e+22	0.00e+00	1.91e-28	7.25e-24	1.87e-20	2.31e-17	1.01e-14	7.94e-11	5.48e-08	8.77e-06	3.11e-04	5.93e-03	3.91e-02	9.64e-02	1.63e-01	5.78e-01	1.10e-01	6.56e-03
 7.18522e+22	0.00e+00	2.53e-28	9.33e-24	2.34e-20	2.79e-17	1.18e-14	9.24e-11	6.34e-08	1.00e-05	3.47e-04	6.49e-03	4.19e-02	1.01e-01	1.66e-01	5.72e-01	1.06e-01	6.15e-03
 7.26482e+22	0.00e+00	3.33e-28	1.19e-23	2.90e-20	3.36e-17	1.38e-14	1.07e-10	7.31e-08	1.14e-05	3.86e-04	7.07e-03	4.48e-02	1.05e-01	1.68e-01	5.66e-01	1.03e-01	5.78e-03
 7.36830e+22	0.00e+00	4.76e-28	1.64e-23	3.83e-20	4.26e-17	1.68e-14	1.30e-10	8.77e-08	1.34e-05	4.43e-04	7.89e-03	4.87e-02	1.11e-01	1.71e-01	5.58e-01	9.76e-02	5.31e-03
 7.48272e+22	0.00e+00	7.09e-28	2.34e-23	5.24e-20	5.57e-17	2.09e-14	1.60e-10	1.07e-07	1.61e-05	5.15e-04	8.92e-03	5.35e-02	1.18e-01	1.75e-01	5.48e-01	9.22e-02	4.83e-03
 7.58641e+22	0.00e+00	1.02e-27	3.23e-23	6.94e-20	7.09e-17	2.55e-14	1.93e-10	1.29e-07	1.89e-05	5.90e-04	9.94e-03	5.80e-02	1.24e-01	1.77e-01	5.38e-01	8.74e-02	4.42e-03
 7.68041e+22	0.00e+00	1.39e-27	4.29e-23	8.91e-20	8.77e-17	3.04e-14	2.28e-10	1.51e-07	2.18e-05	6.63e-04	1.09e-02	6.24e-02	1.29e-01	1.80e-01	5.29e-01	8.33e-02	4.09e-03
 7.78676e+22	0.00e+00	1.93e-27	5.73e-23	1.15e-19	1.09e-16	3.65e-14	2.69e-10	1.77e-07	2.52e-05	7.48e-04	1.20e-02	6.70e-02	1.35e-01	1.82e-01	5.20e-01	7.93e-02	3.77e-03
 7.92502e+22	0.00e+00	2.91e-27	8.28e-23	1.59e-19	1.44e-16	4.60e-14	3.33e-10	2.17e-07	3.03e-05	8.69e-04	1.35e-02	7.33e-02	1.43e-01	1.85e-01	5.07e-01	7.42e-02	3.39e-03
 8.07030e+22	0.00e+00	4.56e-27	1.24e-22	2.27e-19	1.96e-16	5.91e-14	4.18e-10	2.70e-07	3.68e-05	1.02e-03	1.54e-02	8.06e-02	1.51e-01	1.87e-01	4.93e-01	6.89e-02	3.01e-03
 8.19020e+22	0.00e+00	6.60e-27	1.73e-22	3.04e-19	2.51e-16	7.27e-14	5.04e-10	3.23e-07	4.32e-05	1.16e-03	1.70e-02	8.70e-02	1.58e-01	1.89e-01	4.80e-01	6.47e-02	2.73e-03
 8.29469e+22	0.00e+00	8.87e-27	2.25e-22	3.84e-19	3.07e-16	8.59e-14	5.85e-10	3.73e-07	4.91e-05	1.29e-03	1.85e-02	9.24e-02	1.64e-01	1.90e-01	4.70e-01	6.15e-02	2.52e-03
 8.41366e+22	0.00e+00	1.21e-26	2.96e-22	4.90e-19	3.79e-16	1.02e-13	6.83e-10	4.31e-07	5.59e-05	1.44e-03	2.01e-02	9.82e-02	1.70e-01	1.91e-01	4.59e-01	5.82e-02	2.31e-03
 8.56832e+22	0.00e+00	1.78e-26	4.21e-22	6.67e-19	4.95e-16	1.28e-13	8.29e-10	5.19e-07	6.59e-05	1.64e-03	2.23e-02	1.06e-01	1.77e-01	1.92e-01	4.44e-01	5.42e-02	2.07e-03
 8.72999e+22	0.00e+00	2.72e-26	6.17e-22	9.35e-19	6.62e-16	1.63e-13	1.02e-09	6.34e-07	7.87e-05	1.90e-03	2.49e-02	1.15e-01	1.85e-01	1.93e-01	4.28e-01	5.00e-02	1.83e-03
 8.85843e+22	0.00e+00	3.83e-26	8.39e-22	1.23e-18	8.36e-16	1.98e-13	1.21e-09	7.43e-07	9.07e-05	2.13e-03	2.72e-02	1.22e-01	1.92e-01	1.93e-01	4.15e-01	4.68e-02	1.65e-03
 8.96313e+22	0.00e+00	4.89e-26	1.04e-21	1.49e-18	9.90e-16	2.28e-13	1.37e-09	8.33e-07	1.00e-04	2.31e-03	2.89e-02	1.28e-01	1.96e-01	1.93e-01	4.05e-01	4.46e-02	1.54e-03
 9.07927e+22	0.00e+00	6.35e-26	1.32e-21	1.84e-18	1.18e-15	2.64e-13	1.55e-09	9.40e-07	1.12e-04	2.52e-03	3.09e-02	1.34e-01	2.01e-01	1.93e-01	3.95e-01	4.23e-02	1.42e-03
 9.23025e+22	0.00e+00	8.75e-26	1.76e-21	2.37e-18	1.48e-15	3.18e-13	1.82e-09	1.09e-06	1.27e-04	2.80e-03	3.34e-02	1.42e-01	2.07e-01	1.93e-01	3.82e-01	3.96e-02	1.29e-03
 9.42653e+22	0.00e+00	1.31e-25	2.53e-21	3.27e-18	1.95e-15	4.01e-13	2.21e-09	1.31e-06	1.49e-04	3.18e-03	3.68e-02	1.52e-01	2.14e-01	1.92e-01	3.65e-01	3.63e-02	1.13e-03
 9.62602e+22	0.00e+00	2.02e-25	3.75e-21	4.63e-18	2.63e-15	5.16e-13	2.73e-09	1.59e-06	1.78e-04	3.66e-03	4.08e-02	1.63e-01	2.21e-01	1.90e-01	3.47e-01	3.30e-02	9.85e-04
 9.77958e+22	0.00e+00	2.80e-25	5.04e-21	6.02e-18	3.31e-15	6.24e-13	3.21e-09	1.85e-06	2.02e-04	4.05e-03	4.40e-02	1.71e-01	2.26e-01	1.89e-01	3.34e-01	3.07e-02	8.85e-04
 9.92910e+22	0.00e+00	3.67e-25	6.43e-21	7.48e-18	3.99e-15	7.31e-13	3.66e-09	2.09e-06	2.25e-04	4.41e-03	4.68e-02	1.79e-01	2.31e-01	1.87e-01	3.22e-01	2.88e-02	8.08e-04
 1.01235e+23	0.00e+00	5.14e-25	8.72e-21	9.80e-18	5.04e-15	8.90e-13	4.31e-09	2.43e-06	2.56e-04	4.89e-03	5.04e-02	1.88e-01	2.35e-01	1.85e-01	3.09e-01	2.66e-02	7.20e-04
 1.03432e+23	0.00e+00	7.62e-25	1.24e-20	1.34e-17	6.63e-15	1.12e-12	5.21e-09	2.89e-06	2.98e-04	5.51e-03	5.50e-02	1.99e-01	2.41e-01	1.82e-01	2.92e-01	2.42e-02	6.28e-04
 1.05330e+23	1.40e-31	1.08e-24	1.71e-20	1.78e-17	8.47e-15	1.38e-12	6.17e-09	3.38e-06	3.41e-04	6.12e-03	5.93e-02	2.09e-01	2.45e-01	1.79e-01	2.78e-01	2.21e-02	5.55e-04
 1.06795e+23	1.78e-31	1.38e-24	2.13e-20	2.17e-17	1.00e-14	1.59e-12	6.95e-09	3.76e-06	3.74e-04	6.58e-03	6.24e-02	2.16e-01	2.48e-01	1.77e-01	2.68e-01	2.08e-02	5.08e-04
 1.08326e+23	2.22e-31	1.74e-24	2.63e-20	2.62e-17	1.18e-14	1.82e-12	7.79e-09	4.17e-06	4.09e-04	7.04e-03	6.54e-02	2.22e-01	2.50e-01	1.75e-01	2.59e-01	1.96e-02	4.67e-04
 1.10316e+23	2.90e-31	2.31e-24	3.39e-20	3.28e-17	1.44e-14	2.15e-12	8.94e-09	4.72e-06	4.54e-04	7.64e-03	6.93e-02	2.30e-01	2.53e-01	1.72e-01	2.48e-01	1.82e-02	4.22e-04
 1.12904e+23	4.06e-31	3.30e-24	4.68e-20	4.38e-17	1.85e-14	2.66e-12	1.06e-08	5.51e-06	5.19e-04	8.46e-03	7.44e-02	2.41e-01	2.56e-01	1.68e-01	2.34e-01	1.66e-02	3.69e-04
 1.15601e+23	5.89e-31	4.92e-24	6.72e-20	6.05e-17	2.45e-14	3.37e-12	1.29e-08	6.55e-06	6.01e-04	9.47e-03	8.04e-02	2.52e-01	2.59e-01	1.64e-01	2.19e-01	1.48e-02	3.17e-04
 1.17764e+23	7.79e-31	6.69e-24	8.88e-20	7.76e-17	3.04e-14	4.04e-12	1.50e-08	7.49e-06	6.72e-04	1.03e-02	8.52e-02	2.61e-01	2.61e-01	1.60e-01	2.08e-01	1.36e-02	2.81e-04
 1.19899e+23	9.88e-31	8.68e-24	1.13e-19	9.58e-17	3.65e-14	4.72e-12	1.70e-08	8.38e-06	7.39e-04	1.11e-02	8.95e-02	2.69e-01	2.62e-01	1.57e-01	1.99e-01	1.26e-02	2.54e-04
 1.22675e+23	1.30e-30	1.19e-23	1.49e-19	1.23e-16	4.55e-14	5.69e-12	1.98e-08	9.59e-06	8.27e-04	1.21e-02	9.47e-02	2.77e-01	2.63e-01	1.53e-01	1.88e-01	1.16e-02	2.24e-04
 1.26285e+23	1.83e-30	1.75e-23	2.12e-19	1.69e-16	5.99e-14	7.18e-12	2.40e-08	1.13e-05	9.50e-04	1.34e-02	1.01e-01	2.88e-01	2.63e-01	1.48e-01	1.75e-01	1.03e-02	1.92e-04
 1.29981e+23	2.68e-30	2.72e-23	3.17e-19	2.42e-16	8.18e-14	9.35e-12	2.97e-08	1.37e-05	1.11e-03	1.51e-02	1.09e-01	3.00e-01	2.63e-01	1.41e-01	1.61e-01	9.02e-03	1.60e-04
 1.32818e+23	3.55e-30	3.78e-23	4.27e-19	3.16e-16	1.03e-13	1.14e-11	3.50e-08	1.57e-05	1.25e-03	1.64e-02	1.16e-01	3.09e-01	2.63e-01	1.37e-01	1.50e-01	8.15e-03	1.39e-04
 1.35058e+23	4.27e-30	4.71e-23	5.22e-19	3.78e-16	1.21e-13	1.30e-11	3.90e-08	1.73e-05	1.35e-03	1.74e-02	1.20e-01	3.14e-01	2.62e-01	1.34e-01	1.44e-01	7.61e-03	1.27e-04
 1.37491e+23	5.15e-30	5.91e-23	6.41e-19	4.54e-16	1.42e-13	1.49e-11	4.35e-08	1.90e-05	1.46e-03	1.84e-02	1.24e-01	3.20e-01	2.61e-01	1.30e-01	1.37e-01	7.08e-03	1.15e-04
 1.40654e+23	6.38e-30	7.70e-23	8.16e-19	5.63e-16	1.71e-13	1.75e-11	4.96e-08	2.13e-05	1.59e-03	1.97e-02	1.30e-01	3.26e-01	2.60e-01	1.26e-01	1.30e-01	6.51e-03	1.03e-04
 1.44766e+23	8.15e-30	1.05e-22	1.08e-18	7.25e-16	2.13e-13	2.11e-11	5.78e-08	2.42e-05	1.77e-03	2.12e-02	1.36e-01	3.34e-01	2.58e-01	1.22e-01	1.22e-01	5.89e-03	9.02e-05
 1.50094e+23	1.10e-29	1.54e-22	1.53e-18	9.91e-16	2.80e-13	2.67e-11	6.99e-08	2.85e-05	2.02e-03	2.33e-02	1.44e-01	3.42e-01	2.55e-01	1.16e-01	1.12e-01	5.19e-03	7.61e-05
 1.55558e+23	1.57e-29	2.42e-22	2.31e-18	1.43e-15	3.86e-13	3.50e-11	8.72e-08	3.44e-05	2.35e-03	2.60e-02	1.54e-01	3.52e-01	2.51e-01	1.09e-01	1.01e-01	4.46e-03	6.23e-05
 1.59766e+23	2.06e-29	3.42e-22	3.16e-18	1.89e-15	4.94e-13	4.32e-11	1.03e-07	3.97e-05	2.63e-03	2.82e-02	1.62e-01	3.58e-01	2.48e-01	1.04e-01	9.31e-02	3.96e-03	5.33e-05
 1.63224e+23	2.46e-29	4.32e-22	3.91e-18	2.29e-15	5.84e-13	4.98e-11	1.16e-07	4.37e-05	2.85e-03	2.98e-02	1.67e-01	3.63e-01	2.45e-01	1.01e-01	8.81e-02	3.65e-03	4.78e-05
 1.67158e+23	2.85e-29	5.31e-22	4.72e-18	2.71e-15	6.76e-13	5.64e-11	1.29e-07	4.77e-05	3.05e-03	3.13e-02	1.71e-01	3.66e-01	2.43e-01	9.80e-02	8.39e-02	3.40e-03	4.36e-05
 1.72271e+23	3.45e-29	6.95e-22	6.03e-18	3.38e-15	8.19e-13	6.64e-11	1.47e-07	5.33e-05	3.33e-03	3.32e-02	1.78e-01	3.71e-01	2.39e-01	9.41e-02	7.86e-02	3.09e-03	3.84e-05
 1.78726e+23	4.21e-29	9.31e-22	7.86e-18	4.29e-15	1.01e-12	7.93e-11	1.70e-07	6.01e-05	3.66e-03	3.55e-02	1.84e-01	3.75e-01	2.35e-01	9.00e-02	7.31e-02	2.78e-03	3.35e-05
 1.85998e+23	5.29e-29	1.30e-21	1.06e-17	5.62e-15	1.28e-12	9.72e-11	2.01e-07	6.90e-05	4.07e-03	3.83e-02	1.92e-01	3.80e-01	2.30e-01	8.54e-02	6.73e-02	2.47e-03	2.87e-05
 1.93310e+23	6.58e-29	1.79e-21	1.43e-17	7.31e-15	1.61e-12	1.18e-10	2.35e-07	7.87e-05	4.51e-03	4.10e-02	2.00e-01	3.84e-01	2.25e-01	8.10e-02	6.20e-02	2.19e-03	2.46e-05
 2.00915e+23	7.79e-29	2.35e-21	1.82e-17	9.12e-15	1.95e-12	1.39e-10	2.69e-07	8.79e-05	4.91e-03	4.35e-02	2.06e-01	3.87e-01	2.21e-01	7.74e-02	5.78e-02	1.98e-03	2.16e-05
 2.09075e+23	9.26e-29	3.10e-21	2.34e-17	1.14e-14	2.38e-12	1.65e-10	3.08e-07	9.83e-05	5.36e-03	4.62e-02	2.13e-01	3.89e-01	2.17e-01	7.39e-02	5.37e-02	1.79e-03	1.89e-05
 2.17561e+23	1.08e-28	4.02e-21	2.97e-17	1.41e-14	2.86e-12	1.93e-10	3.50e-07	1.09e-04	5.81e-03	4.88e-02	2.19e-01	3.91e-01	2.12e-01	7.06e-02	5.01e-02	1.62e-03	1.66e-05
 2.26067e+23	1.23e-28	5.06e-21	3.66e-17	1.70e-14	3.37e-12	2.22e-10	3.93e-07	1.20e-04	6.24e-03	5.12e-02	2.25e-01	3.93e-01	2.08e-01	6.77e-02	4.71e-02	1.48e-03	1.48e-05
 2.34009e+23	1.38e-28	6.22e-21	4.42e-17	2.01e-14	3.91e-12	2.52e-10	4.35e-07	1.30e-04	6.65e-03	5.34e-02	2.30e-01	3.94e-01	2.05e-01	6.52e-02	4.45e-02	1.37e-03	1.33e-05
 2.41156e+23	1.51e-28	7.34e-21	5.14e-17	2.31e-14	4.40e-12	2.79e-10	4.72e-07	1.39e-04	7.00e-03	5.53e-02	2.34e-01	3.95e-01	2.02e-01	6.32e-02	4.25e-02	1.28e-03	1.23e-05
 2.47589e+23	1.62e-28	8.43e-21	5.83e-17	2.58e-14	4.85e-12	3.03e-10	5.05e-07	1.47e-04	7.31e-03	5.68e-02	2.37e-01	3.96e-01	1.99e-01	6.16e-02	4.09e-02	1.22e-03	1.15e-05
 2.53378e+23	1.70e-28	9.40e-21	6.43e-17	2.82e-14	5.24e-12	3.24e-10	5.33e-07	1.54e-04	7.55e-03	5.81e-02	2.40e-01	3.96e-01	1.97e-01	6.04e-02	3.97e-02	1.17e-03	1.09e-05
 2.58588e+23	1.76e-28	1.02e-20	6.93e-17	3.01e-14	5.56e-12	3.40e-10	5.55e-07	1.59e-04	7.74e-03	5.91e-02	2.42e-01	3.96e-01	1.96e-01	5.94e-02	3.88e-02	1.13e-03	1.04e-05
 2.63278e+23	1.81e-28	1.10e-20	7.44e-17	3.21e-14	5.88e-12	3.57e-10	5.77e-07	1.64e-04	7.93e-03	6.00e-02	2.44e-01	3.97e-01	1.94e-01	5.86e-02	3.79e-02	1.09e-03	1.00e-05
 2.67498e+23	1.84e-28	1.17e-20	7.83e-17	3.37e-14	6.12e-12	3.70e-10	5.94e-07	1.68e-04	8.07e-03	6.07e-02	2.45e-01	3.97e-01	1.93e-01	5.79e-02	3.73e-02	1.07e-03	9.71e-06
 2.71296e+23	1.87e-28	1.23e-20	8.19e-17	3.50e-14	6.34e-12	3.81e-10	6.08e-07	1.71e-04	8.19e-03	6.13e-02	2.46e-01	3.97e-01	1.92e-01	5.74e-02	3.68e-02	1.05e-03	9.47e-06
 2.74715e+23	1.88e-28	1.27e-20	8.48e-17	3.61e-14	6.51e-12	3.90e-10	6.20e-07	1.74e-04	8.29e-03	6.18e-02	2.47e-01	3.97e-01	1.91e-01	5.69e-02	3.64e-02	1.03e-03	9.29e-06
 2.77862e+23	1.87e-28	1.31e-20	8.67e-17	3.68e-14	6.63e-12	3.95e-10	6.27e-07	1.76e-04	8.35e-03	6.21e-02	2.48e-01	3.97e-01	1.91e-01	5.67e-02	3.62e-02	1.02e-03	9.18e-06
 2.80917e+23	1.86e-28	1.34e-20	8.85e-17	3.75e-14	6.73e-12	4.01e-10	6.34e-07	1.77e-04	8.41e-03	6.24e-02	2.48e-01	3.97e-01	1.91e-01	5.64e-02	3.59e-02	1.01e-03	9.07e-06
