#depth	Cl	Cl+	Cl+2	Cl+3	Cl+4	Cl+5	Cl+6	Cl+7	Cl+8	Cl+9	Cl+10	Cl+11	Cl+12	Cl+13	Cl+14	Cl+15	Cl+16	Cl+17
 6.17135e+19	0.00e+00	0.00e+00	0.00e+00	0.00e+00	0.00e+00	0.00e+00	0.00e+00	0.00e+00	0.00e+00	1.89e-26	2.31e-22	1.39e-18	4.70e-15	1.20e-11	2.37e-08	8.39e-05	1.66e-02	9.83e-01
 1.87609e+20	0.00e+00	0.00e+00	0.00e+00	0.00e+00	0.00e+00	0.00e+00	0.00e+00	0.00e+00	0.00e+00	3.54e-26	4.00e-22	2.22e-18	6.97e-15	1.65e-11	3.00e-08	9.81e-05	1.79e-02	9.82e-01
 3.18540e+20	0.00e+00	0.00e+00	0.00e+00	0.00e+00	0.00e+00	0.00e+00	0.00e+00	0.00e+00	0.00e+00	6.62e-26	6.92e-22	3.55e-18	1.03e-14	2.25e-11	3.79e-08	1.15e-04	1.94e-02	9.81e-01
 4.54709e+20	0.00e+00	0.00e+00	0.00e+00	0.00e+00	0.00e+00	0.00e+00	0.00e+00	0.00e+00	5.31e-30	1.24e-25	1.20e-21	5.69e-18	1.52e-14	3.08e-11	4.79e-08	1.34e-04	2.09e-02	9.79e-01
 5.86273e+20	0.00e+00	0.00e+00	0.00e+00	0.00e+00	0.00e+00	0.00e+00	0.00e+00	0.00e+00	1.02e-29	2.21e-25	1.99e-21	8.78e-18	2.19e-14	4.11e-11	5.95e-08	1.55e-04	2.25e-02	9.77e-01
 7.07693e+20	0.00e+00	0.00e+00	0.00e+00	0.00e+00	0.00e+00	0.00e+00	0.00e+00	0.00e+00	1.83e-29	3.72e-25	3.13e-21	1.30e-17	3.03e-14	5.33e-11	7.23e-08	1.76e-04	2.39e-02	9.76e-01
 8.44020e+20	0.00e+00	0.00e+00	0.00e+00	0.00e+00	0.00e+00	0.00e+00	0.00e+00	0.00e+00	3.45e-29	6.53e-25	5.13e-21	1.98e-17	4.31e-14	7.07e-11	8.93e-08	2.02e-04	2.57e-02	9.74e-01
 1.00121e+21	0.00e+00	0.00e+00	0.00e+00	0.00e+00	0.00e+00	0.00e+00	0.00e+00	0.00e+00	6.99e-29	1.22e-24	8.89e-21	3.17e-17	6.39e-14	9.67e-11	1.13e-07	2.36e-04	2.77e-02	9.72e-01
 1.15077e+21	0.00e+00	0.00e+00	0.00e+00	0.00e+00	0.00e+00	0.00e+00	0.00e+00	0.00e+00	1.34e-28	2.18e-24	1.47e-20	4.88e-17	9.15e-14	1.29e-10	1.40e-07	2.73e-04	2.97e-02	9.70e-01
 1.28715e+21	0.00e+00	0.00e+00	0.00e+00	0.00e+00	0.00e+00	0.00e+00	0.00e+00	0.00e+00	2.36e-28	3.62e-24	2.29e-20	7.15e-17	1.26e-13	1.66e-10	1.69e-07	3.09e-04	3.16e-02	9.68e-01
 1.44114e+21	0.00e+00	0.00e+00	0.00e+00	0.00e+00	0.00e+00	0.00e+00	0.00e+00	0.00e+00	4.42e-28	6.30e-24	3.73e-20	1.08e-16	1.78e-13	2.19e-10	2.08e-07	3.55e-04	3.38e-02	9.66e-01
 1.62045e+21	0.00e+00	0.00e+00	0.00e+00	0.00e+00	0.00e+00	0.00e+00	0.00e+00	0.00e+00	8.92e-28	1.18e-23	6.44e-20	1.73e-16	2.63e-13	2.99e-10	2.63e-07	4.14e-04	3.65e-02	9.63e-01
 1.78040e+21	0.00e+00	0.00e+00	0.00e+00	0.00e+00	0.00e+00	0.00e+00	0.00e+00	0.00e+00	1.63e-27	2.01e-23	1.03e-19	2.59e-16	3.68e-13	3.91e-10	3.21e-07	4.73e-04	3.89e-02	9.61e-01
 1.90772e+21	0.00e+00	0.00e+00	0.00e+00	0.00e+00	0.00e+00	0.00e+00	0.00e+00	0.00e+00	2.60e-27	3.05e-23	1.48e-19	3.54e-16	4.77e-13	4.81e-10	3.75e-07	5.24e-04	4.09e-02	9.59e-01
 2.04492e+21	0.00e+00	0.00e+00	0.00e+00	0.00e+00	0.00e+00	0.00e+00	0.00e+00	0.00e+00	4.26e-27	4.72e-23	2.17e-19	4.92e-16	6.27e-13	5.99e-10	4.42e-07	5.83e-04	4.32e-02	9.56e-01
 2.22327e+21	0.00e+00	0.00e+00	0.00e+00	0.00e+00	0.00e+00	0.00e+00	0.00e+00	0.00e+00	7.93e-27	8.21e-23	3.53e-19	7.45e-16	8.87e-13	7.89e-10	5.43e-07	6.69e-04	4.61e-02	9.53e-01
 2.40900e+21	0.00e+00	0.00e+00	0.00e+00	0.00e+00	0.00e+00	0.00e+00	0.00e+00	0.00e+00	1.48e-26	1.43e-22	5.74e-19	1.13e-15	1.26e-12	1.04e-09	6.68e-07	7.67e-04	4.93e-02	9.50e-01
 2.56604e+21	0.00e+00	0.00e+00	0.00e+00	0.00e+00	0.00e+00	0.00e+00	0.00e+00	0.00e+00	2.48e-26	2.26e-22	8.55e-19	1.59e-15	1.67e-12	1.31e-09	7.92e-07	8.58e-04	5.21e-02	9.47e-01
 2.73193e+21	0.00e+00	0.00e+00	0.00e+00	0.00e+00	0.00e+00	0.00e+00	0.00e+00	0.00e+00	4.20e-26	3.61e-22	1.29e-18	2.27e-15	2.24e-12	1.65e-09	9.44e-07	9.63e-04	5.51e-02	9.44e-01
 2.91918e+21	0.00e+00	0.00e+00	0.00e+00	0.00e+00	0.00e+00	0.00e+00	0.00e+00	0.00e+00	7.51e-26	6.05e-22	2.03e-18	3.34e-15	3.10e-12	2.14e-09	1.14e-06	1.09e-03	5.86e-02	9.40e-01
 3.09772e+21	0.00e+00	0.00e+00	0.00e+00	0.00e+00	0.00e+00	0.00e+00	0.00e+00	6.58e-30	1.28e-25	9.76e-22	3.08e-18	4.78e-15	4.18e-12	2.71e-09	1.37e-06	1.23e-03	6.20e-02	9.37e-01
 3.29335e+21	0.00e+00	0.00e+00	0.00e+00	0.00e+00	0.00e+00	0.00e+00	0.00e+00	1.24e-29	2.28e-25	1.62e-21	4.81e-18	7.01e-15	5.75e-12	3.50e-09	1.65e-06	1.39e-03	6.58e-02	9.33e-01
 3.50873e+21	0.00e+00	0.00e+00	0.00e+00	0.00e+00	0.00e+00	0.00e+00	0.00e+00	2.46e-29	4.20e-25	2.80e-21	7.75e-18	1.06e-14	8.09e-12	4.59e-09	2.02e-06	1.59e-03	7.02e-02	9.28e-01
 3.70222e+21	0.00e+00	0.00e+00	0.00e+00	0.00e+00	0.00e+00	0.00e+00	0.00e+00	4.45e-29	7.17e-25	4.50e-21	1.17e-17	1.51e-14	1.09e-11	5.81e-09	2.42e-06	1.79e-03	7.42e-02	9.24e-01
 3.86407e+21	0.00e+00	0.00e+00	0.00e+00	0.00e+00	0.00e+00	0.00e+00	0.00e+00	7.21e-29	1.11e-24	6.63e-21	1.65e-17	2.02e-14	1.39e-11	7.05e-09	2.79e-06	1.96e-03	7.76e-02	9.20e-01
 4.03235e+21	0.00e+00	0.00e+00	0.00e+00	0.00e+00	0.00e+00	0.00e+00	0.00e+00	1.18e-28	1.73e-24	9.85e-21	2.33e-17	2.72e-14	1.78e-11	8.59e-09	3.23e-06	2.16e-03	8.13e-02	9.17e-01
 4.25112e+21	0.00e+00	0.00e+00	0.00e+00	0.00e+00	0.00e+00	0.00e+00	0.00e+00	2.20e-28	3.02e-24	1.62e-20	3.60e-17	3.94e-14	2.43e-11	1.10e-08	3.89e-06	2.44e-03	8.61e-02	9.11e-01
 4.47481e+21	0.00e+00	0.00e+00	0.00e+00	0.00e+00	0.00e+00	0.00e+00	0.00e+00	4.10e-28	5.29e-24	2.66e-20	5.57e-17	5.74e-14	3.32e-11	1.41e-08	4.68e-06	2.76e-03	9.12e-02	9.06e-01
 4.65243e+21	0.00e+00	0.00e+00	0.00e+00	0.00e+00	0.00e+00	0.00e+00	0.00e+00	6.71e-28	8.25e-24	3.95e-20	7.87e-17	7.73e-14	4.26e-11	1.72e-08	5.43e-06	3.03e-03	9.54e-02	9.02e-01
 4.83090e+21	0.00e+00	0.00e+00	0.00e+00	0.00e+00	0.00e+00	0.00e+00	0.00e+00	1.08e-27	1.26e-23	5.77e-20	1.10e-16	1.03e-13	5.41e-11	2.08e-08	6.25e-06	3.33e-03	9.97e-02	8.97e-01
 5.06290e+21	0.00e+00	0.00e+00	0.00e+00	0.00e+00	0.00e+00	0.00e+00	0.00e+00	1.96e-27	2.17e-23	9.33e-20	1.67e-16	1.48e-13	7.31e-11	2.64e-08	7.47e-06	3.74e-03	1.05e-01	8.91e-01
 5.30280e+21	0.00e+00	0.00e+00	0.00e+00	0.00e+00	0.00e+00	0.00e+00	0.00e+00	3.64e-27	3.78e-23	1.53e-19	2.58e-16	2.14e-13	9.98e-11	3.38e-08	8.98e-06	4.21e-03	1.11e-01	8.84e-01
 5.49536e+21	0.00e+00	0.00e+00	0.00e+00	0.00e+00	0.00e+00	0.00e+00	0.00e+00	5.88e-27	5.82e-23	2.25e-19	3.61e-16	2.86e-13	1.27e-10	4.09e-08	1.04e-05	4.62e-03	1.16e-01	8.79e-01
 5.68810e+21	0.00e+00	0.00e+00	0.00e+00	0.00e+00	0.00e+00	0.00e+00	0.00e+00	9.40e-27	8.88e-23	3.27e-19	5.02e-16	3.80e-13	1.61e-10	4.93e-08	1.19e-05	5.06e-03	1.21e-01	8.74e-01
 5.89226e+21	0.00e+00	0.00e+00	0.00e+00	0.00e+00	0.00e+00	0.00e+00	0.00e+00	1.54e-26	1.38e-22	4.85e-19	7.09e-16	5.12e-13	2.07e-10	6.01e-08	1.38e-05	5.57e-03	1.27e-01	8.68e-01
 6.06702e+21	0.00e+00	0.00e+00	0.00e+00	0.00e+00	0.00e+00	0.00e+00	0.00e+00	2.31e-26	2.00e-22	6.74e-19	9.46e-16	6.56e-13	2.54e-10	7.08e-08	1.56e-05	6.02e-03	1.31e-01	8.63e-01
 6.24996e+21	0.00e+00	0.00e+00	0.00e+00	0.00e+00	0.00e+00	0.00e+00	0.00e+00	3.54e-26	2.93e-22	9.46e-19	1.28e-15	8.48e-13	3.15e-10	8.39e-08	1.77e-05	6.54e-03	1.36e-01	8.57e-01
 6.45607e+21	0.00e+00	0.00e+00	0.00e+00	0.00e+00	0.00e+00	0.00e+00	0.00e+00	5.66e-26	4.48e-22	1.38e-18	1.78e-15	1.13e-12	4.00e-10	1.01e-07	2.03e-05	7.15e-03	1.42e-01	8.51e-01
 6.65050e+21	0.00e+00	0.00e+00	0.00e+00	0.00e+00	0.00e+00	0.00e+00	0.00e+00	8.72e-26	6.61e-22	1.95e-18	2.41e-15	1.47e-12	4.98e-10	1.20e-07	2.31e-05	7.77e-03	1.48e-01	8.45e-01
 6.82889e+21	0.00e+00	0.00e+00	0.00e+00	0.00e+00	0.00e+00	0.00e+00	0.00e+00	1.29e-25	9.39e-22	2.67e-18	3.17e-15	1.86e-12	6.07e-10	1.41e-07	2.60e-05	8.38e-03	1.53e-01	8.39e-01
 7.02821e+21	0.00e+00	0.00e+00	0.00e+00	0.00e+00	0.00e+00	0.00e+00	7.04e-30	1.98e-25	1.39e-21	3.78e-18	4.30e-15	2.42e-12	7.56e-10	1.68e-07	2.96e-05	9.10e-03	1.59e-01	8.32e-01
 7.24791e+21	0.00e+00	0.00e+00	0.00e+00	0.00e+00	0.00e+00	0.00e+00	1.17e-29	3.16e-25	2.11e-21	5.48e-18	5.96e-15	3.20e-12	9.58e-10	2.02e-07	3.40e-05	9.95e-03	1.65e-01	8.25e-01
 7.44988e+21	0.00e+00	0.00e+00	0.00e+00	0.00e+00	0.00e+00	0.00e+00	1.86e-29	4.82e-25	3.09e-21	7.70e-18	8.03e-15	4.14e-12	1.19e-09	2.39e-07	3.85e-05	1.08e-02	1.71e-01	8.18e-01
 7.63855e+21	0.00e+00	0.00e+00	0.00e+00	0.00e+00	0.00e+00	0.00e+00	2.84e-29	7.07e-25	4.36e-21	1.05e-17	1.05e-14	5.24e-12	1.44e-09	2.79e-07	4.32e-05	1.16e-02	1.77e-01	8.12e-01
 7.81758e+21	0.00e+00	0.00e+00	0.00e+00	0.00e+00	0.00e+00	0.00e+00	4.23e-29	1.02e-24	6.06e-21	1.40e-17	1.36e-14	6.54e-12	1.74e-09	3.23e-07	4.81e-05	1.24e-02	1.82e-01	8.05e-01
 7.98542e+21	0.00e+00	0.00e+00	0.00e+00	0.00e+00	0.00e+00	0.00e+00	6.10e-29	1.42e-24	8.19e-21	1.84e-17	1.73e-14	8.02e-12	2.06e-09	3.70e-07	5.32e-05	1.32e-02	1.87e-01	7.99e-01
 8.17526e+21	0.00e+00	0.00e+00	0.00e+00	0.00e+00	0.00e+00	0.00e+00	9.21e-29	2.07e-24	1.15e-20	2.49e-17	2.25e-14	1.01e-11	2.50e-09	4.31e-07	5.95e-05	1.42e-02	1.93e-01	7.92e-01
 8.38322e+21	0.00e+00	0.00e+00	0.00e+00	0.00e+00	0.00e+00	0.00e+00	1.43e-28	3.10e-24	1.66e-20	3.44e-17	3.00e-14	1.29e-11	3.08e-09	5.07e-07	6.72e-05	1.54e-02	2.00e-01	7.85e-01
 8.57228e+21	0.00e+00	0.00e+00	0.00e+00	0.00e+00	0.00e+00	0.00e+00	2.12e-28	4.44e-24	2.29e-20	4.59e-17	3.86e-14	1.61e-11	3.70e-09	5.86e-07	7.47e-05	1.64e-02	2.06e-01	7.78e-01
 8.77563e+21	0.00e+00	0.00e+00	0.00e+00	0.00e+00	0.00e+00	0.00e+00	3.23e-28	6.52e-24	3.24e-20	6.26e-17	5.07e-14	2.04e-11	4.51e-09	6.84e-07	8.38e-05	1.77e-02	2.12e-01	7.70e-01
 8.99815e+21	0.00e+00	0.00e+00	0.00e+00	0.00e+00	0.00e+00	0.00e+00	5.06e-28	9.82e-24	4.69e-20	8.72e-17	6.79e-14	2.62e-11	5.57e-09	8.07e-07	9.47e-05	1.91e-02	2.19e-01	7.62e-01
 9.19554e+21	0.00e+00	0.00e+00	0.00e+00	0.00e+00	0.00e+00	0.00e+00	7.52e-28	1.41e-23	6.51e-20	1.17e-16	8.78e-14	3.28e-11	6.72e-09	9.35e-07	1.06e-04	2.04e-02	2.26e-01	7.54e-01
 9.37148e+21	0.00e+00	0.00e+00	0.00e+00	0.00e+00	0.00e+00	0.00e+00	1.06e-27	1.93e-23	8.64e-20	1.50e-16	1.10e-13	3.97e-11	7.90e-09	1.06e-06	1.16e-04	2.17e-02	2.31e-01	7.47e-01
 9.56959e+21	0.00e+00	0.00e+00	0.00e+00	0.00e+00	0.00e+00	0.00e+00	1.56e-27	2.75e-23	1.19e-19	2.00e-16	1.41e-13	4.94e-11	9.48e-09	1.22e-06	1.29e-04	2.32e-02	2.38e-01	7.39e-01
 9.79338e+21	0.00e+00	0.00e+00	0.00e+00	0.00e+00	0.00e+00	0.00e+00	2.39e-27	4.06e-23	1.69e-19	2.74e-16	1.86e-13	6.29e-11	1.16e-08	1.44e-06	1.45e-04	2.49e-02	2.45e-01	7.30e-01
 9.99160e+21	0.00e+00	0.00e+00	0.00e+00	0.00e+00	0.00e+00	0.00e+00	3.48e-27	5.73e-23	2.31e-19	3.62e-16	2.38e-13	7.77e-11	1.39e-08	1.65e-06	1.60e-04	2.66e-02	2.52e-01	7.22e-01
 1.01558e+22	0.00e+00	0.00e+00	0.00e+00	0.00e+00	0.00e+00	0.00e+00	4.71e-27	7.57e-23	2.97e-19	4.54e-16	2.90e-13	9.24e-11	1.60e-08	1.85e-06	1.74e-04	2.80e-02	2.57e-01	7.15e-01
 1.03348e+22	0.00e+00	0.00e+00	0.00e+00	0.00e+00	0.00e+00	0.00e+00	6.56e-27	1.02e-22	3.91e-19	5.80e-16	3.61e-13	1.11e-10	1.88e-08	2.09e-06	1.91e-04	2.96e-02	2.63e-01	7.07e-01
 1.05675e+22	0.00e+00	0.00e+00	0.00e+00	0.00e+00	0.00e+00	0.00e+00	9.95e-27	1.50e-22	5.53e-19	7.90e-16	4.74e-13	1.41e-10	2.29e-08	2.45e-06	2.14e-04	3.18e-02	2.70e-01	6.98e-01
 1.08065e+22	0.00e+00	0.00e+00	0.00e+00	0.00e+00	0.00e+00	0.00e+00	1.53e-26	2.22e-22	7.88e-19	1.09e-15	6.28e-13	1.80e-10	2.82e-08	2.87e-06	2.41e-04	3.42e-02	2.78e-01	6.87e-01
 1.10003e+22	0.00e+00	0.00e+00	0.00e+00	0.00e+00	0.00e+00	0.00e+00	2.15e-26	3.04e-22	1.05e-18	1.40e-15	7.86e-13	2.19e-10	3.32e-08	3.26e-06	2.64e-04	3.62e-02	2.84e-01	6.79e-01
 1.11987e+22	0.00e+00	0.00e+00	0.00e+00	0.00e+00	0.00e+00	0.00e+00	3.02e-26	4.16e-22	1.39e-18	1.81e-15	9.84e-13	2.67e-10	3.91e-08	3.71e-06	2.90e-04	3.83e-02	2.91e-01	6.71e-01
 1.14198e+22	0.00e+00	0.00e+00	0.00e+00	0.00e+00	0.00e+00	0.00e+00	4.40e-26	5.89e-22	1.91e-18	2.40e-15	1.26e-12	3.31e-10	4.70e-08	4.27e-06	3.22e-04	4.09e-02	2.98e-01	6.61e-01
 1.16238e+22	0.00e+00	0.00e+00	0.00e+00	0.00e+00	0.00e+00	0.00e+00	6.21e-26	8.07e-22	2.54e-18	3.10e-15	1.59e-12	4.04e-10	5.55e-08	4.87e-06	3.54e-04	4.33e-02	3.05e-01	6.52e-01
 1.18118e+22	0.00e+00	0.00e+00	0.00e+00	0.00e+00	0.00e+00	0.00e+00	8.48e-26	1.08e-21	3.29e-18	3.91e-15	1.95e-12	4.84e-10	6.46e-08	5.47e-06	3.86e-04	4.56e-02	3.11e-01	6.43e-01
 1.20251e+22	0.00e+00	0.00e+00	0.00e+00	0.00e+00	0.00e+00	6.66e-30	1.20e-25	1.48e-21	4.40e-18	5.08e-15	2.46e-12	5.92e-10	7.64e-08	6.24e-06	4.24e-04	4.83e-02	3.17e-01	6.34e-01
 1.22637e+22	0.00e+00	0.00e+00	0.00e+00	0.00e+00	0.00e+00	1.02e-29	1.76e-25	2.11e-21	6.07e-18	6.78e-15	3.17e-12	7.40e-10	9.22e-08	7.22e-06	4.71e-04	5.15e-02	3.25e-01	6.23e-01
 1.24770e+22	0.00e+00	0.00e+00	0.00e+00	0.00e+00	0.00e+00	1.50e-29	2.47e-25	2.88e-21	8.07e-18	8.76e-15	3.98e-12	9.01e-10	1.09e-07	8.21e-06	5.18e-04	5.45e-02	3.31e-01	6.14e-01
 1.26620e+22	0.00e+00	0.00e+00	0.00e+00	0.00e+00	0.00e+00	2.08e-29	3.30e-25	3.77e-21	1.03e-17	1.09e-14	4.83e-12	1.07e-09	1.26e-07	9.17e-06	5.61e-04	5.72e-02	3.37e-01	6.05e-01
 1.28680e+22	0.00e+00	0.00e+00	0.00e+00	0.00e+00	0.00e+00	2.96e-29	4.53e-25	5.04e-21	1.34e-17	1.38e-14	5.97e-12	1.28e-09	1.47e-07	1.03e-05	6.12e-04	6.02e-02	3.43e-01	5.96e-01
 1.31358e+22	0.00e+00	0.00e+00	0.00e+00	0.00e+00	0.00e+00	4.67e-29	6.79e-25	7.32e-21	1.89e-17	1.88e-14	7.83e-12	1.63e-09	1.79e-07	1.21e-05	6.83e-04	6.44e-02	3.51e-01	5.84e-01
 1.34069e+22	0.00e+00	0.00e+00	0.00e+00	0.00e+00	0.00e+00	7.37e-29	1.02e-24	1.07e-20	2.66e-17	2.56e-14	1.03e-11	2.07e-09	2.19e-07	1.41e-05	7.64e-04	6.88e-02	3.59e-01	5.72e-01
 1.36215e+22	0.00e+00	0.00e+00	0.00e+00	0.00e+00	0.00e+00	1.05e-28	1.40e-24	1.43e-20	3.47e-17	3.25e-14	1.28e-11	2.49e-09	2.56e-07	1.59e-05	8.34e-04	7.24e-02	3.65e-01	5.62e-01
 1.38397e+22	0.00e+00	0.00e+00	0.00e+00	0.00e+00	0.00e+00	1.50e-28	1.91e-24	1.91e-20	4.52e-17	4.13e-14	1.58e-11	3.00e-09	3.00e-07	1.80e-05	9.09e-04	7.62e-02	3.71e-01	5.52e-01
 1.40849e+22	0.00e+00	0.00e+00	0.00e+00	0.00e+00	0.00e+00	2.22e-28	2.71e-24	2.64e-20	6.08e-17	5.40e-14	2.00e-11	3.69e-09	3.57e-07	2.05e-05	1.00e-03	8.06e-02	3.78e-01	5.41e-01
 1.43146e+22	0.00e+00	0.00e+00	0.00e+00	0.00e+00	0.00e+00	3.20e-28	3.74e-24	3.56e-20	7.99e-17	6.91e-14	2.49e-11	4.48e-09	4.19e-07	2.32e-05	1.09e-03	8.49e-02	3.84e-01	5.30e-01
 1.45269e+22	0.00e+00	0.00e+00	0.00e+00	0.00e+00	0.00e+00	4.45e-28	5.01e-24	4.67e-20	1.02e-16	8.65e-14	3.04e-11	5.33e-09	4.86e-07	2.60e-05	1.18e-03	8.90e-02	3.89e-01	5.21e-01
 1.47671e+22	0.00e+00	0.00e+00	0.00e+00	0.00e+00	0.00e+00	6.41e-28	6.92e-24	6.31e-20	1.35e-16	1.11e-13	3.79e-11	6.47e-09	5.72e-07	2.95e-05	1.29e-03	9.37e-02	3.95e-01	5.10e-01
 1.50357e+22	0.00e+00	0.00e+00	0.00e+00	0.00e+00	0.00e+00	9.61e-28	9.90e-24	8.80e-20	1.83e-16	1.46e-13	4.84e-11	8.02e-09	6.85e-07	3.38e-05	1.43e-03	9.91e-02	4.01e-01	4.98e-01
 1.52854e+22	0.00e+00	0.00e+00	0.00e+00	0.00e+00	0.00e+00	1.39e-27	1.37e-23	1.19e-19	2.42e-16	1.88e-13	6.07e-11	9.77e-09	8.08e-07	3.84e-05	1.56e-03	1.04e-01	4.07e-01	4.87e-01
 1.55169e+22	0.00e+00	0.00e+00	0.00e+00	0.00e+00	0.00e+00	1.95e-27	1.85e-23	1.58e-19	3.13e-16	2.37e-13	7.45e-11	1.17e-08	9.40e-07	4.31e-05	1.69e-03	1.09e-01	4.12e-01	4.77e-01
 1.57801e+22	0.00e+00	0.00e+00	0.00e+00	0.00e+00	0.00e+00	2.84e-27	2.57e-23	2.14e-19	4.15e-16	3.06e-13	9.36e-11	1.43e-08	1.11e-06	4.90e-05	1.85e-03	1.15e-01	4.18e-01	4.66e-01
 1.60678e+22	0.00e+00	0.00e+00	0.00e+00	0.00e+00	0.00e+00	4.26e-27	3.68e-23	3.00e-19	5.64e-16	4.05e-13	1.20e-10	1.77e-08	1.33e-06	5.63e-05	2.04e-03	1.21e-01	4.23e-01	4.53e-01
 1.63272e+22	0.00e+00	0.00e+00	0.00e+00	0.00e+00	0.00e+00	6.13e-27	5.07e-23	4.05e-19	7.43e-16	5.20e-13	1.50e-10	2.16e-08	1.57e-06	6.38e-05	2.22e-03	1.28e-01	4.28e-01	4.42e-01
 1.65587e+22	0.00e+00	0.00e+00	0.00e+00	0.00e+00	0.00e+00	8.35e-27	6.65e-23	5.22e-19	9.39e-16	6.43e-13	1.81e-10	2.55e-08	1.80e-06	7.08e-05	2.39e-03	1.33e-01	4.32e-01	4.33e-01
 1.68140e+22	0.00e+00	0.00e+00	0.00e+00	0.00e+00	0.00e+00	1.17e-26	8.96e-23	6.90e-19	1.21e-15	8.11e-13	2.23e-10	3.05e-08	2.10e-06	7.94e-05	2.59e-03	1.39e-01	4.36e-01	4.22e-01
 1.71459e+22	0.00e+00	0.00e+00	0.00e+00	0.00e+00	0.00e+00	1.80e-26	1.31e-22	9.84e-19	1.68e-15	1.09e-12	2.90e-10	3.84e-08	2.54e-06	9.19e-05	2.87e-03	1.47e-01	4.41e-01	4.09e-01
 1.74827e+22	0.00e+00	0.00e+00	0.00e+00	0.00e+00	0.00e+00	2.78e-26	1.91e-22	1.41e-18	2.34e-15	1.47e-12	3.78e-10	4.85e-08	3.09e-06	1.06e-04	3.17e-03	1.55e-01	4.46e-01	3.95e-01
 1.77515e+22	0.00e+00	0.00e+00	0.00e+00	0.00e+00	0.00e+00	3.90e-26	2.58e-22	1.86e-18	3.03e-15	1.86e-12	4.66e-10	5.82e-08	3.59e-06	1.19e-04	3.43e-03	1.62e-01	4.50e-01	3.85e-01
 1.80265e+22	0.00e+00	0.00e+00	0.00e+00	0.00e+00	0.00e+00	5.45e-26	3.46e-22	2.45e-18	3.91e-15	2.35e-12	5.73e-10	6.97e-08	4.17e-06	1.34e-04	3.70e-03	1.69e-01	4.53e-01	3.75e-01
 1.83839e+22	0.00e+00	0.00e+00	0.00e+00	0.00e+00	0.00e+00	8.33e-26	5.03e-22	3.49e-18	5.41e-15	3.15e-12	7.44e-10	8.75e-08	5.04e-06	1.54e-04	4.08e-03	1.78e-01	4.56e-01	3.61e-01
 1.87432e+22	0.00e+00	0.00e+00	0.00e+00	0.00e+00	9.47e-30	1.27e-25	7.30e-22	4.96e-18	7.48e-15	4.23e-12	9.66e-10	1.10e-07	6.10e-06	1.78e-04	4.50e-03	1.87e-01	4.60e-01	3.48e-01
 1.90245e+22	0.00e+00	0.00e+00	0.00e+00	0.00e+00	1.37e-29	1.76e-25	9.71e-22	6.49e-18	9.59e-15	5.30e-12	1.18e-09	1.31e-07	7.04e-06	1.98e-04	4.84e-03	1.95e-01	4.62e-01	3.39e-01
 1.93099e+22	0.00e+00	0.00e+00	0.00e+00	0.00e+00	1.96e-29	2.43e-25	1.29e-21	8.45e-18	1.22e-14	6.61e-12	1.44e-09	1.55e-07	8.11e-06	2.20e-04	5.20e-03	2.02e-01	4.64e-01	3.29e-01
 1.96808e+22	0.00e+00	0.00e+00	0.00e+00	0.00e+00	3.09e-29	3.64e-25	1.83e-21	1.18e-17	1.67e-14	8.76e-12	1.84e-09	1.93e-07	9.70e-06	2.52e-04	5.68e-03	2.12e-01	4.66e-01	3.17e-01
 2.00723e+22	0.00e+00	0.00e+00	0.00e+00	0.00e+00	4.99e-29	5.56e-25	2.66e-21	1.68e-17	2.31e-14	1.18e-11	2.39e-09	2.42e-07	1.17e-05	2.90e-04	6.24e-03	2.22e-01	4.67e-01	3.04e-01
 2.04061e+22	0.00e+00	0.00e+00	0.00e+00	0.00e+00	7.42e-29	7.91e-25	3.63e-21	2.25e-17	3.02e-14	1.50e-11	2.97e-09	2.92e-07	1.36e-05	3.25e-04	6.74e-03	2.31e-01	4.68e-01	2.94e-01
 2.06999e+22	0.00e+00	0.00e+00	0.00e+00	0.00e+00	1.04e-28	1.07e-24	4.73e-21	2.89e-17	3.81e-14	1.85e-11	3.58e-09	3.43e-07	1.56e-05	3.59e-04	7.19e-03	2.39e-01	4.69e-01	2.85e-01
 2.10258e+22	0.00e+00	0.00e+00	0.00e+00	0.00e+00	1.51e-28	1.48e-24	6.30e-21	3.79e-17	4.90e-14	2.33e-11	4.37e-09	4.08e-07	1.79e-05	3.99e-04	7.71e-03	2.47e-01	4.69e-01	2.76e-01
 2.14496e+22	0.00e+00	0.00e+00	0.00e+00	0.00e+00	2.41e-28	2.24e-24	9.07e-21	5.35e-17	6.73e-14	3.10e-11	5.63e-09	5.08e-07	2.15e-05	4.56e-04	8.42e-03	2.58e-01	4.69e-01	2.64e-01
 2.18827e+22	0.00e+00	0.00e+00	0.00e+00	0.00e+00	3.87e-28	3.42e-24	1.31e-20	7.59e-17	9.29e-14	4.15e-11	7.28e-09	6.34e-07	2.58e-05	5.21e-04	9.19e-03	2.69e-01	4.68e-01	2.53e-01
 2.22329e+22	0.00e+00	0.00e+00	0.00e+00	0.00e+00	5.62e-28	4.76e-24	1.76e-20	9.99e-17	1.20e-13	5.23e-11	8.92e-09	7.55e-07	2.97e-05	5.79e-04	9.85e-03	2.78e-01	4.68e-01	2.44e-01
 2.25929e+22	0.00e+00	0.00e+00	0.00e+00	0.00e+00	8.14e-28	6.62e-24	2.34e-20	1.31e-16	1.54e-13	6.57e-11	1.09e-08	8.97e-07	3.42e-05	6.43e-04	1.05e-02	2.88e-01	4.66e-01	2.35e-01
 2.30609e+22	0.00e+00	0.00e+00	0.00e+00	0.00e+00	1.30e-27	1.00e-23	3.38e-20	1.86e-16	2.12e-13	8.77e-11	1.41e-08	1.12e-06	4.09e-05	7.33e-04	1.15e-02	2.99e-01	4.65e-01	2.24e-01
 2.35426e+22	0.00e+00	0.00e+00	0.00e+00	0.00e+00	2.11e-27	1.54e-23	4.92e-20	2.65e-16	2.95e-13	1.18e-10	1.82e-08	1.40e-06	4.90e-05	8.38e-04	1.25e-02	3.12e-01	4.62e-01	2.13e-01
 2.39374e+22	0.00e+00	0.00e+00	0.00e+00	0.00e+00	3.09e-27	2.16e-23	6.64e-20	3.52e-16	3.82e-13	1.49e-10	2.24e-08	1.67e-06	5.65e-05	9.31e-04	1.34e-02	3.21e-01	4.60e-01	2.04e-01
 2.42872e+22	0.00e+00	0.00e+00	0.00e+00	0.00e+00	4.31e-27	2.91e-23	8.60e-20	4.49e-16	4.80e-13	1.83e-10	2.68e-08	1.94e-06	6.40e-05	1.02e-03	1.42e-02	3.30e-01	4.58e-01	1.97e-01
 2.46830e+22	0.00e+00	0.00e+00	0.00e+00	0.00e+00	6.20e-27	4.02e-23	1.14e-19	5.89e-16	6.15e-13	2.29e-10	3.26e-08	2.30e-06	7.33e-05	1.13e-03	1.51e-02	3.39e-01	4.55e-01	1.90e-01
 2.51975e+22	0.00e+00	0.00e+00	0.00e+00	0.00e+00	9.83e-27	6.05e-23	1.64e-19	8.28e-16	8.41e-13	3.04e-10	4.18e-08	2.84e-06	8.69e-05	1.28e-03	1.63e-02	3.51e-01	4.51e-01	1.80e-01
 2.57271e+22	0.00e+00	0.00e+00	0.00e+00	0.00e+00	1.58e-26	9.22e-23	2.37e-19	1.17e-15	1.16e-12	4.07e-10	5.39e-08	3.52e-06	1.03e-04	1.45e-03	1.77e-02	3.64e-01	4.46e-01	1.70e-01
 2.61593e+22	0.00e+00	0.00e+00	0.00e+00	0.00e+00	2.30e-26	1.29e-22	3.19e-19	1.55e-15	1.50e-12	5.13e-10	6.60e-08	4.18e-06	1.19e-04	1.60e-03	1.88e-02	3.74e-01	4.42e-01	1.63e-01
 2.66043e+22	0.00e+00	0.00e+00	0.00e+00	0.00e+00	3.34e-26	1.80e-22	4.26e-19	2.05e-15	1.94e-12	6.45e-10	8.06e-08	4.96e-06	1.36e-04	1.77e-03	2.00e-02	3.84e-01	4.38e-01	1.56e-01
 2.71826e+22	0.00e+00	0.00e+00	0.00e+00	0.00e+00	5.37e-26	2.74e-22	6.17e-19	2.91e-15	2.68e-12	8.62e-10	1.04e-07	6.14e-06	1.62e-04	2.01e-03	2.17e-02	3.96e-01	4.33e-01	1.47e-01
 2.77814e+22	0.00e+00	0.00e+00	0.00e+00	9.13e-30	8.75e-26	4.22e-22	9.03e-19	4.17e-15	3.73e-12	1.16e-09	1.35e-07	7.66e-06	1.93e-04	2.28e-03	2.34e-02	4.09e-01	4.26e-01	1.39e-01
 2.82768e+22	0.00e+00	0.00e+00	0.00e+00	1.41e-29	1.30e-25	5.99e-22	1.23e-18	5.58e-15	4.88e-12	1.48e-09	1.66e-07	9.15e-06	2.22e-04	2.53e-03	2.49e-02	4.19e-01	4.21e-01	1.32e-01
 2.87121e+22	0.00e+00	0.00e+00	0.00e+00	2.05e-29	1.82e-25	8.08e-22	1.60e-18	7.16e-15	6.14e-12	1.82e-09	1.99e-07	1.07e-05	2.51e-04	2.76e-03	2.63e-02	4.28e-01	4.16e-01	1.26e-01
 2.91989e+22	0.00e+00	0.00e+00	0.00e+00	3.09e-29	2.62e-25	1.12e-21	2.13e-18	9.40e-15	7.89e-12	2.28e-09	2.41e-07	1.26e-05	2.86e-04	3.03e-03	2.78e-02	4.38e-01	4.11e-01	1.20e-01
 2.98318e+22	0.00e+00	0.00e+00	0.00e+00	5.16e-29	4.16e-25	1.69e-21	3.05e-18	1.32e-14	1.08e-11	3.02e-09	3.09e-07	1.54e-05	3.38e-04	3.41e-03	2.99e-02	4.49e-01	4.04e-01	1.13e-01
 3.04838e+22	0.00e+00	0.00e+00	0.00e+00	8.77e-29	6.71e-25	2.58e-21	4.43e-18	1.89e-14	1.50e-11	4.05e-09	3.98e-07	1.91e-05	4.00e-04	3.85e-03	3.22e-02	4.61e-01	3.96e-01	1.06e-01
 3.10153e+22	0.00e+00	0.00e+00	0.00e+00	1.34e-28	9.81e-25	3.62e-21	5.95e-18	2.50e-14	1.94e-11	5.10e-09	4.86e-07	2.26e-05	4.57e-04	4.23e-03	3.40e-02	4.71e-01	3.90e-01	1.01e-01
 3.15607e+22	0.00e+00	0.00e+00	0.00e+00	2.02e-28	1.43e-24	5.05e-21	7.96e-18	3.30e-14	2.50e-11	6.41e-09	5.92e-07	2.67e-05	5.21e-04	4.65e-03	3.60e-02	4.80e-01	3.83e-01	9.56e-02
 3.22698e+22	0.00e+00	0.00e+00	0.00e+00	3.42e-28	2.29e-24	7.68e-21	1.15e-17	4.68e-14	3.45e-11	8.56e-09	7.61e-07	3.30e-05	6.15e-04	5.23e-03	3.86e-02	4.92e-01	3.75e-01	8.93e-02
 3.30068e+22	0.00e+00	0.00e+00	0.00e+00	5.92e-28	3.75e-24	1.19e-20	1.69e-17	6.75e-14	4.83e-11	1.16e-08	9.87e-07	4.10e-05	7.31e-04	5.91e-03	4.14e-02	5.03e-01	3.66e-01	8.32e-02
 3.36198e+22	0.00e+00	0.00e+00	0.00e+00	9.24e-28	5.59e-24	1.70e-20	2.30e-17	9.08e-14	6.35e-11	1.48e-08	1.22e-06	4.89e-05	8.40e-04	6.52e-03	4.38e-02	5.12e-01	3.58e-01	7.84e-02
 3.42561e+22	0.00e+00	0.00e+00	0.00e+00	1.44e-27	8.31e-24	2.41e-20	3.14e-17	1.22e-13	8.33e-11	1.88e-08	1.50e-06	5.83e-05	9.64e-04	7.19e-03	4.64e-02	5.21e-01	3.50e-01	7.38e-02
 3.49247e+22	0.00e+00	0.00e+00	0.00e+00	2.29e-27	1.26e-23	3.50e-20	4.34e-17	1.66e-13	1.11e-10	2.43e-08	1.87e-06	7.00e-05	1.11e-03	7.96e-03	4.91e-02	5.30e-01	3.42e-01	6.92e-02
 3.54868e+22	0.00e+00	0.00e+00	0.00e+00	3.36e-27	1.79e-23	4.76e-20	5.67e-17	2.15e-13	1.40e-10	3.01e-08	2.25e-06	8.16e-05	1.26e-03	8.66e-03	5.16e-02	5.38e-01	3.35e-01	6.56e-02
 3.60690e+22	0.00e+00	0.00e+00	0.00e+00	4.93e-27	2.52e-23	6.45e-20	7.40e-17	2.77e-13	1.78e-10	3.71e-08	2.69e-06	9.48e-05	1.41e-03	9.40e-03	5.40e-02	5.45e-01	3.28e-01	6.21e-02
 3.68258e+22	0.00e+00	0.00e+00	0.00e+00	7.97e-27	3.88e-23	9.46e-20	1.03e-16	3.82e-13	2.38e-10	4.83e-08	3.38e-06	1.14e-04	1.64e-03	1.04e-02	5.72e-02	5.53e-01	3.20e-01	5.80e-02
 3.76022e+22	0.00e+00	0.00e+00	0.00e+00	1.32e-26	6.09e-23	1.41e-19	1.46e-16	5.34e-13	3.25e-10	6.36e-08	4.28e-06	1.39e-04	1.91e-03	1.16e-02	6.08e-02	5.61e-01	3.10e-01	5.38e-02
 3.82243e+22	0.00e+00	0.00e+00	0.00e+00	1.95e-26	8.67e-23	1.93e-19	1.92e-16	6.94e-13	4.13e-10	7.89e-08	5.15e-06	1.63e-04	2.15e-03	1.26e-02	6.36e-02	5.68e-01	3.03e-01	5.08e-02
 3.88533e+22	0.00e+00	0.00e+00	0.00e+00	2.85e-26	1.22e-22	2.61e-19	2.50e-16	8.94e-13	5.22e-10	9.73e-08	6.16e-06	1.89e-04	2.42e-03	1.37e-02	6.65e-02	5.73e-01	2.96e-01	4.79e-02
 3.95264e+22	0.00e+00	0.00e+00	0.00e+00	4.29e-26	1.76e-22	3.61e-19	3.32e-16	1.17e-12	6.71e-10	1.22e-07	7.48e-06	2.21e-04	2.74e-03	1.49e-02	6.97e-02	5.79e-01	2.88e-01	4.50e-02
 4.01080e+22	0.00e+00	0.00e+00	0.00e+00	6.09e-26	2.41e-22	4.75e-19	4.22e-16	1.48e-12	8.32e-10	1.48e-07	8.81e-06	2.54e-04	3.04e-03	1.60e-02	7.25e-02	5.84e-01	2.81e-01	4.26e-02
 4.06352e+22	0.00e+00	0.00e+00	0.00e+00	8.25e-26	3.16e-22	6.05e-19	5.20e-16	1.81e-12	1.00e-09	1.74e-07	1.02e-05	2.85e-04	3.33e-03	1.71e-02	7.50e-02	5.88e-01	2.76e-01	4.06e-02
 4.12404e+22	0.00e+00	0.00e+00	8.15e-30	1.17e-25	4.32e-22	7.96e-19	6.60e-16	2.29e-12	1.24e-09	2.11e-07	1.20e-05	3.27e-04	3.70e-03	1.83e-02	7.79e-02	5.92e-01	2.69e-01	3.84e-02
 4.20272e+22	0.00e+00	0.00e+00	1.31e-29	1.80e-25	6.37e-22	1.12e-18	8.88e-16	3.05e-12	1.62e-09	2.68e-07	1.47e-05	3.87e-04	4.21e-03	2.01e-02	8.16e-02	5.97e-01	2.61e-01	3.58e-02
 4.28306e+22	0.00e+00	0.00e+00	2.17e-29	2.84e-25	9.57e-22	1.60e-18	1.21e-15	4.13e-12	2.14e-09	3.44e-07	1.82e-05	4.61e-04	4.83e-03	2.20e-02	8.57e-02	6.02e-01	2.52e-01	3.33e-02
 4.34199e+22	0.00e+00	0.00e+00	3.12e-29	3.94e-25	1.28e-21	2.08e-18	1.52e-15	5.13e-12	2.62e-09	4.12e-07	2.12e-05	5.24e-04	5.33e-03	2.35e-02	8.88e-02	6.05e-01	2.46e-01	3.15e-02
 4.38649e+22	0.00e+00	0.00e+00	4.09e-29	5.04e-25	1.60e-21	2.52e-18	1.79e-15	6.05e-12	3.05e-09	4.72e-07	2.38e-05	5.76e-04	5.73e-03	2.47e-02	9.11e-02	6.07e-01	2.41e-01	3.02e-02
 4.43581e+22	0.00e+00	0.00e+00	5.42e-29	6.52e-25	2.01e-21	3.09e-18	2.13e-15	7.17e-12	3.57e-09	5.43e-07	2.69e-05	6.36e-04	6.18e-03	2.61e-02	9.35e-02	6.08e-01	2.36e-01	2.89e-02
 4.49992e+22	0.00e+00	0.00e+00	7.76e-29	9.02e-25	2.69e-21	3.99e-18	2.67e-15	8.90e-12	4.36e-09	6.49e-07	3.13e-05	7.20e-04	6.80e-03	2.78e-02	9.66e-02	6.11e-01	2.30e-01	2.73e-02
 4.57129e+22	0.00e+00	0.00e+00	1.18e-28	1.32e-24	3.77e-21	5.36e-18	3.43e-15	1.14e-11	5.51e-09	7.99e-07	3.74e-05	8.33e-04	7.62e-03	3.00e-02	1.00e-01	6.13e-01	2.23e-01	2.56e-02
 4.63508e+22	0.00e+00	0.00e+00	1.70e-28	1.83e-24	5.07e-21	6.95e-18	4.29e-15	1.42e-11	6.75e-09	9.59e-07	4.36e-05	9.46e-04	8.40e-03	3.20e-02	1.04e-01	6.14e-01	2.17e-01	2.41e-02
 4.69131e+22	0.00e+00	0.00e+00	2.32e-28	2.43e-24	6.53e-21	8.67e-18	5.19e-15	1.72e-11	8.04e-09	1.12e-06	4.99e-05	1.06e-03	9.13e-03	3.39e-02	1.07e-01	6.15e-01	2.11e-01	2.29e-02
 4.75473e+22	0.00e+00	0.00e+00	3.26e-28	3.31e-24	8.59e-21	1.10e-17	6.39e-15	2.11e-11	9.70e-09	1.33e-06	5.75e-05	1.19e-03	9.98e-03	3.60e-02	1.10e-01	6.16e-01	2.06e-01	2.17e-02
 4.82449e+22	0.00e+00	0.00e+00	4.80e-28	4.69e-24	1.17e-20	1.45e-17	8.07e-15	2.65e-11	1.20e-08	1.61e-06	6.78e-05	1.36e-03	1.11e-02	3.85e-02	1.14e-01	6.16e-01	1.99e-01	2.03e-02
 4.88609e+22	0.00e+00	0.00e+00	6.71e-28	6.35e-24	1.54e-20	1.83e-17	9.88e-15	3.24e-11	1.45e-08	1.90e-06	7.82e-05	1.52e-03	1.21e-02	4.09e-02	1.17e-01	6.16e-01	1.93e-01	1.92e-02
 4.94062e+22	0.00e+00	0.00e+00	8.97e-28	8.25e-24	1.94e-20	2.25e-17	1.18e-14	3.86e-11	1.70e-08	2.20e-06	8.84e-05	1.68e-03	1.30e-02	4.30e-02	1.20e-01	6.16e-01	1.89e-01	1.82e-02
 5.00235e+22	0.00e+00	0.00e+00	1.23e-27	1.10e-23	2.50e-20	2.80e-17	1.42e-14	4.65e-11	2.03e-08	2.56e-06	1.01e-04	1.87e-03	1.41e-02	4.54e-02	1.23e-01	6.15e-01	1.83e-01	1.73e-02
 5.08259e+22	0.00e+00	0.00e+00	1.85e-27	1.59e-23	3.47e-20	3.73e-17	1.81e-14	5.93e-11	2.54e-08	3.14e-06	1.20e-04	2.16e-03	1.57e-02	4.87e-02	1.27e-01	6.14e-01	1.77e-01	1.61e-02
 5.16409e+22	0.00e+00	0.00e+00	2.83e-27	2.33e-23	4.88e-20	5.02e-17	2.34e-14	7.65e-11	3.22e-08	3.89e-06	1.44e-04	2.50e-03	1.76e-02	5.24e-02	1.31e-01	6.12e-01	1.70e-01	1.49e-02
 5.22804e+22	0.00e+00	0.00e+00	3.93e-27	3.13e-23	6.35e-20	6.32e-17	2.84e-14	9.29e-11	3.87e-08	4.57e-06	1.65e-04	2.79e-03	1.91e-02	5.54e-02	1.34e-01	6.10e-01	1.64e-01	1.40e-02
 5.29201e+22	0.00e+00	0.00e+00	5.38e-27	4.15e-23	8.16e-20	7.85e-17	3.41e-14	1.12e-10	4.60e-08	5.34e-06	1.88e-04	3.11e-03	2.08e-02	5.84e-02	1.37e-01	6.08e-01	1.59e-01	1.32e-02
 5.37516e+22	0.00e+00	0.00e+00	8.00e-27	5.94e-23	1.12e-19	1.03e-16	4.31e-14	1.42e-10	5.73e-08	6.50e-06	2.22e-04	3.55e-03	2.30e-02	6.24e-02	1.41e-01	6.04e-01	1.53e-01	1.23e-02
 5.45895e+22	0.00e+00	0.00e+00	1.22e-26	8.66e-23	1.57e-19	1.38e-16	5.51e-14	1.81e-10	7.21e-08	8.00e-06	2.65e-04	4.09e-03	2.55e-02	6.68e-02	1.46e-01	6.00e-01	1.46e-01	1.13e-02
 5.52339e+22	0.00e+00	0.00e+00	1.67e-26	1.15e-22	2.01e-19	1.72e-16	6.63e-14	2.18e-10	8.58e-08	9.34e-06	3.02e-04	4.55e-03	2.77e-02	7.03e-02	1.49e-01	5.96e-01	1.41e-01	1.06e-02
 5.58701e+22	0.00e+00	0.00e+00	2.24e-26	1.50e-22	2.55e-19	2.11e-16	7.87e-14	2.60e-10	1.01e-07	1.08e-05	3.42e-04	5.03e-03	2.98e-02	7.38e-02	1.52e-01	5.93e-01	1.37e-01	1.00e-02
 5.66971e+22	0.00e+00	0.00e+00	3.27e-26	2.11e-22	3.44e-19	2.73e-16	9.78e-14	3.23e-10	1.24e-07	1.30e-05	3.99e-04	5.70e-03	3.27e-02	7.83e-02	1.55e-01	5.87e-01	1.31e-01	9.29e-03
 5.75560e+22	0.00e+00	0.00e+00	4.91e-26	3.04e-22	4.75e-19	3.60e-16	1.24e-13	4.10e-10	1.55e-07	1.59e-05	4.73e-04	6.52e-03	3.62e-02	8.35e-02	1.59e-01	5.81e-01	1.25e-01	8.53e-03
 5.82506e+22	0.00e+00	0.00e+00	6.85e-26	4.10e-22	6.18e-19	4.52e-16	1.49e-13	4.97e-10	1.86e-07	1.87e-05	5.43e-04	7.28e-03	3.93e-02	8.79e-02	1.62e-01	5.75e-01	1.20e-01	7.95e-03
 5.88501e+22	0.00e+00	0.00e+00	8.91e-26	5.19e-22	7.62e-19	5.42e-16	1.74e-13	5.79e-10	2.14e-07	2.12e-05	6.04e-04	7.93e-03	4.19e-02	9.14e-02	1.65e-01	5.70e-01	1.16e-01	7.52e-03
 5.95315e+22	0.00e+00	0.00e+00	1.20e-25	6.78e-22	9.64e-19	6.63e-16	2.06e-13	6.87e-10	2.52e-07	2.46e-05	6.83e-04	8.75e-03	4.50e-02	9.56e-02	1.67e-01	5.64e-01	1.12e-01	7.04e-03
 6.04173e+22	0.00e+00	0.00e+00	1.76e-25	9.53e-22	1.30e-18	8.59e-16	2.56e-13	8.54e-10	3.09e-07	2.95e-05	7.98e-04	9.89e-03	4.93e-02	1.01e-01	1.70e-01	5.56e-01	1.06e-01	6.48e-03
 6.13439e+22	0.00e+00	1.19e-29	2.65e-25	1.38e-21	1.80e-18	1.14e-15	3.23e-13	1.08e-09	3.85e-07	3.60e-05	9.43e-04	1.13e-02	5.44e-02	1.07e-01	1.74e-01	5.46e-01	1.01e-01	5.89e-03
 6.21017e+22	0.00e+00	1.73e-29	3.74e-25	1.88e-21	2.36e-18	1.43e-15	3.91e-13	1.31e-09	4.62e-07	4.25e-05	1.08e-03	1.26e-02	5.89e-02	1.13e-01	1.76e-01	5.37e-01	9.58e-02	5.44e-03
 6.27532e+22	0.00e+00	2.32e-29	4.89e-25	2.39e-21	2.92e-18	1.72e-15	4.55e-13	1.53e-09	5.33e-07	4.82e-05	1.21e-03	1.37e-02	6.26e-02	1.17e-01	1.78e-01	5.30e-01	9.22e-02	5.11e-03
 6.34881e+22	0.00e+00	3.25e-29	6.62e-25	3.13e-21	3.71e-18	2.11e-15	5.39e-13	1.81e-09	6.25e-07	5.57e-05	1.36e-03	1.51e-02	6.71e-02	1.22e-01	1.80e-01	5.21e-01	8.82e-02	4.75e-03
 6.44434e+22	0.00e+00	4.94e-29	9.69e-25	4.40e-21	5.01e-18	2.72e-15	6.67e-13	2.24e-09	7.63e-07	6.66e-05	1.58e-03	1.70e-02	7.31e-02	1.28e-01	1.83e-01	5.10e-01	8.32e-02	4.32e-03
 6.54600e+22	0.00e+00	7.86e-29	1.48e-24	6.42e-21	6.97e-18	3.61e-15	8.44e-13	2.82e-09	9.48e-07	8.11e-05	1.87e-03	1.93e-02	8.02e-02	1.35e-01	1.85e-01	4.97e-01	7.78e-02	3.88e-03
 6.63177e+22	0.00e+00	1.16e-28	2.11e-24	8.83e-21	9.23e-18	4.59e-15	1.03e-12	3.42e-09	1.14e-06	9.56e-05	2.14e-03	2.15e-02	8.66e-02	1.41e-01	1.86e-01	4.85e-01	7.34e-02	3.54e-03
 6.70643e+22	0.00e+00	1.63e-28	2.85e-24	1.16e-20	1.17e-17	5.62e-15	1.21e-12	4.03e-09	1.33e-06	1.10e-04	2.41e-03	2.35e-02	9.24e-02	1.47e-01	1.88e-01	4.74e-01	6.97e-02	3.27e-03
 6.79048e+22	0.00e+00	2.28e-28	3.88e-24	1.52e-20	1.49e-17	6.91e-15	1.44e-12	4.76e-09	1.55e-06	1.26e-04	2.70e-03	2.57e-02	9.85e-02	1.52e-01	1.89e-01	4.63e-01	6.61e-02	3.01e-03
 6.89974e+22	0.00e+00	3.54e-28	5.79e-24	2.18e-20	2.04e-17	9.04e-15	1.80e-12	5.89e-09	1.89e-06	1.51e-04	3.14e-03	2.89e-02	1.07e-01	1.59e-01	1.89e-01	4.49e-01	6.15e-02	2.70e-03
 7.01642e+22	0.00e+00	5.74e-28	8.98e-24	3.23e-20	2.89e-17	1.22e-14	2.30e-12	7.42e-09	2.35e-06	1.84e-04	3.70e-03	3.27e-02	1.17e-01	1.66e-01	1.90e-01	4.32e-01	5.67e-02	2.38e-03
 7.11097e+22	0.00e+00	8.58e-28	1.29e-23	4.48e-20	3.85e-17	1.55e-14	2.81e-12	8.97e-09	2.81e-06	2.16e-04	4.23e-03	3.62e-02	1.25e-01	1.72e-01	1.90e-01	4.17e-01	5.28e-02	2.14e-03
 7.18522e+22	0.00e+00	1.16e-27	1.70e-23	5.71e-20	4.76e-17	1.86e-14	3.26e-12	1.03e-08	3.20e-06	2.43e-04	4.67e-03	3.90e-02	1.32e-01	1.77e-01	1.90e-01	4.06e-01	5.01e-02	1.97e-03
 7.26482e+22	0.00e+00	1.54e-27	2.21e-23	7.23e-20	5.86e-17	2.22e-14	3.78e-12	1.18e-08	3.63e-06	2.72e-04	5.12e-03	4.18e-02	1.38e-01	1.81e-01	1.89e-01	3.95e-01	4.75e-02	1.82e-03
 7.36830e+22	0.00e+00	2.25e-27	3.10e-23	9.83e-20	7.68e-17	2.80e-14	4.57e-12	1.40e-08	4.26e-06	3.15e-04	5.78e-03	4.57e-02	1.47e-01	1.86e-01	1.88e-01	3.81e-01	4.42e-02	1.64e-03
 7.48272e+22	0.00e+00	3.42e-27	4.54e-23	1.38e-19	1.04e-16	3.62e-14	5.65e-12	1.70e-08	5.10e-06	3.69e-04	6.60e-03	5.05e-02	1.57e-01	1.92e-01	1.87e-01	3.65e-01	4.07e-02	1.45e-03
 7.58641e+22	0.00e+00	4.98e-27	6.40e-23	1.88e-19	1.36e-16	4.56e-14	6.84e-12	2.02e-08	5.97e-06	4.26e-04	7.43e-03	5.51e-02	1.66e-01	1.97e-01	1.85e-01	3.50e-01	3.77e-02	1.30e-03
 7.68041e+22	0.00e+00	6.95e-27	8.66e-23	2.47e-19	1.73e-16	5.59e-14	8.09e-12	2.34e-08	6.85e-06	4.82e-04	8.23e-03	5.93e-02	1.74e-01	2.01e-01	1.84e-01	3.37e-01	3.52e-02	1.18e-03
 7.78676e+22	0.00e+00	9.74e-27	1.18e-22	3.26e-19	2.21e-16	6.89e-14	9.63e-12	2.73e-08	7.88e-06	5.46e-04	9.11e-03	6.39e-02	1.83e-01	2.05e-01	1.82e-01	3.24e-01	3.27e-02	1.06e-03
 7.92502e+22	0.00e+00	1.49e-26	1.74e-22	4.62e-19	3.01e-16	8.99e-14	1.20e-11	3.30e-08	9.38e-06	6.39e-04	1.04e-02	7.01e-02	1.94e-01	2.09e-01	1.79e-01	3.07e-01	2.98e-02	9.28e-04
 8.07030e+22	0.00e+00	2.38e-26	2.66e-22	6.78e-19	4.22e-16	1.20e-13	1.52e-11	4.06e-08	1.13e-05	7.55e-04	1.19e-02	7.73e-02	2.06e-01	2.13e-01	1.75e-01	2.88e-01	2.68e-02	7.98e-04
 8.19020e+22	0.00e+00	3.49e-26	3.77e-22	9.28e-19	5.57e-16	1.52e-13	1.85e-11	4.79e-08	1.32e-05	8.65e-04	1.33e-02	8.36e-02	2.16e-01	2.16e-01	1.72e-01	2.73e-01	2.45e-02	7.03e-04
 8.29469e+22	0.00e+00	4.73e-26	4.99e-22	1.19e-18	6.95e-16	1.84e-13	2.17e-11	5.48e-08	1.49e-05	9.63e-04	1.45e-02	8.88e-02	2.24e-01	2.19e-01	1.69e-01	2.61e-01	2.27e-02	6.34e-04
 8.41366e+22	0.00e+00	6.49e-26	6.65e-22	1.55e-18	8.75e-16	2.24e-13	2.56e-11	6.29e-08	1.68e-05	1.07e-03	1.58e-02	9.45e-02	2.32e-01	2.20e-01	1.66e-01	2.49e-01	2.10e-02	5.69e-04
 8.56832e+22	0.00e+00	9.67e-26	9.58e-22	2.15e-18	1.17e-15	2.88e-13	3.15e-11	7.49e-08	1.97e-05	1.23e-03	1.77e-02	1.02e-01	2.42e-01	2.22e-01	1.61e-01	2.34e-01	1.90e-02	4.94e-04
 8.72999e+22	0.00e+00	1.50e-25	1.43e-21	3.08e-18	1.61e-15	3.78e-13	3.95e-11	9.04e-08	2.33e-05	1.43e-03	1.99e-02	1.10e-01	2.53e-01	2.24e-01	1.56e-01	2.18e-01	1.69e-02	4.23e-04
 8.85843e+22	0.00e+00	2.12e-25	1.96e-21	4.11e-18	2.08e-15	4.71e-13	4.74e-11	1.05e-07	2.66e-05	1.61e-03	2.18e-02	1.18e-01	2.62e-01	2.24e-01	1.52e-01	2.05e-01	1.54e-02	3.71e-04
 8.96313e+22	0.00e+00	2.72e-25	2.46e-21	5.04e-18	2.49e-15	5.51e-13	5.40e-11	1.17e-07	2.93e-05	1.74e-03	2.33e-02	1.23e-01	2.68e-01	2.24e-01	1.49e-01	1.97e-01	1.44e-02	3.39e-04
 9.07927e+22	0.00e+00	3.54e-25	3.14e-21	6.28e-18	3.03e-15	6.52e-13	6.21e-11	1.31e-07	3.24e-05	1.90e-03	2.50e-02	1.28e-01	2.74e-01	2.24e-01	1.45e-01	1.87e-01	1.33e-02	3.06e-04
 9.23025e+22	0.00e+00	4.90e-25	4.23e-21	8.22e-18	3.85e-15	8.01e-13	7.38e-11	1.51e-07	3.66e-05	2.12e-03	2.72e-02	1.36e-01	2.82e-01	2.24e-01	1.41e-01	1.76e-01	1.22e-02	2.70e-04
 9.42653e+22	0.00e+00	7.37e-25	6.15e-21	1.15e-17	5.19e-15	1.04e-12	9.15e-11	1.80e-07	4.26e-05	2.42e-03	3.01e-02	1.45e-01	2.91e-01	2.22e-01	1.35e-01	1.63e-01	1.08e-02	2.30e-04
 9.62602e+22	0.00e+00	1.14e-24	9.20e-21	1.66e-17	7.19e-15	1.37e-12	1.16e-10	2.17e-07	5.02e-05	2.78e-03	3.36e-02	1.55e-01	3.00e-01	2.20e-01	1.29e-01	1.49e-01	9.44e-03	1.92e-04
 9.77958e+22	0.00e+00	1.59e-24	1.25e-20	2.18e-17	9.17e-15	1.69e-12	1.38e-10	2.50e-07	5.68e-05	3.09e-03	3.65e-02	1.63e-01	3.07e-01	2.18e-01	1.24e-01	1.40e-01	8.52e-03	1.68e-04
 9.92910e+22	0.00e+00	2.09e-24	1.60e-20	2.74e-17	1.12e-14	2.02e-12	1.59e-10	2.82e-07	6.28e-05	3.36e-03	3.90e-02	1.70e-01	3.12e-01	2.16e-01	1.20e-01	1.32e-01	7.81e-03	1.50e-04
 1.01235e+23	0.00e+00	2.94e-24	2.19e-20	3.63e-17	1.44e-14	2.50e-12	1.91e-10	3.26e-07	7.12e-05	3.74e-03	4.22e-02	1.78e-01	3.17e-01	2.14e-01	1.15e-01	1.22e-01	7.01e-03	1.30e-04
 1.03432e+23	0.00e+00	4.36e-24	3.14e-20	5.05e-17	1.93e-14	3.22e-12	2.36e-10	3.86e-07	8.23e-05	4.22e-03	4.63e-02	1.88e-01	3.24e-01	2.10e-01	1.09e-01	1.12e-01	6.15e-03	1.09e-04
 1.05330e+23	0.00e+00	6.20e-24	4.34e-20	6.77e-17	2.51e-14	4.04e-12	2.85e-10	4.49e-07	9.35e-05	4.70e-03	5.02e-02	1.97e-01	3.29e-01	2.06e-01	1.04e-01	1.03e-01	5.46e-03	9.34e-05
 1.06795e+23	0.00e+00	7.91e-24	5.44e-20	8.31e-17	3.01e-14	4.73e-12	3.26e-10	4.99e-07	1.02e-04	5.06e-03	5.31e-02	2.03e-01	3.32e-01	2.03e-01	1.01e-01	9.75e-02	5.03e-03	8.37e-05
 1.08326e+23	0.00e+00	9.99e-24	6.74e-20	1.01e-16	3.59e-14	5.50e-12	3.69e-10	5.52e-07	1.11e-04	5.42e-03	5.59e-02	2.09e-01	3.35e-01	2.01e-01	9.71e-02	9.22e-02	4.64e-03	7.54e-05
 1.10316e+23	0.00e+00	1.32e-23	8.72e-20	1.28e-16	4.42e-14	6.59e-12	4.30e-10	6.24e-07	1.23e-04	5.89e-03	5.95e-02	2.17e-01	3.37e-01	1.97e-01	9.31e-02	8.61e-02	4.20e-03	6.64e-05
 1.12904e+23	0.00e+00	1.89e-23	1.21e-19	1.72e-16	5.77e-14	8.29e-12	5.22e-10	7.28e-07	1.40e-04	6.55e-03	6.43e-02	2.26e-01	3.41e-01	1.92e-01	8.80e-02	7.88e-02	3.70e-03	5.62e-05
 1.15601e+23	0.00e+00	2.82e-23	1.75e-19	2.40e-16	7.77e-14	1.07e-11	6.48e-10	8.65e-07	1.62e-04	7.36e-03	7.00e-02	2.36e-01	3.43e-01	1.86e-01	8.25e-02	7.11e-02	3.20e-03	4.65e-05
 1.17764e+23	0.00e+00	3.83e-23	2.32e-19	3.10e-16	9.76e-14	1.31e-11	7.66e-10	9.88e-07	1.81e-04	8.04e-03	7.46e-02	2.44e-01	3.45e-01	1.82e-01	7.83e-02	6.56e-02	2.86e-03	4.02e-05
 1.19899e+23	0.00e+00	4.96e-23	2.95e-19	3.85e-16	1.19e-13	1.55e-11	8.82e-10	1.11e-06	1.98e-04	8.66e-03	7.87e-02	2.50e-01	3.46e-01	1.78e-01	7.48e-02	6.12e-02	2.59e-03	3.55e-05
 1.22675e+23	0.00e+00	6.77e-23	3.92e-19	4.99e-16	1.50e-13	1.89e-11	1.05e-09	1.27e-06	2.21e-04	9.46e-03	8.38e-02	2.58e-01	3.46e-01	1.73e-01	7.08e-02	5.63e-02	2.30e-03	3.05e-05
 1.26285e+23	0.00e+00	9.95e-23	5.59e-19	6.90e-16	2.00e-13	2.43e-11	1.29e-09	1.50e-06	2.54e-04	1.05e-02	9.05e-02	2.68e-01	3.46e-01	1.66e-01	6.59e-02	5.05e-02	1.98e-03	2.52e-05
 1.29981e+23	0.00e+00	1.54e-22	8.37e-19	9.96e-16	2.77e-13	3.23e-11	1.64e-09	1.81e-06	2.96e-04	1.19e-02	9.85e-02	2.78e-01	3.45e-01	1.59e-01	6.06e-02	4.46e-02	1.67e-03	2.02e-05
 1.32818e+23	0.00e+00	2.14e-22	1.13e-18	1.31e-15	3.54e-13	4.00e-11	1.96e-09	2.09e-06	3.33e-04	1.30e-02	1.05e-01	2.86e-01	3.44e-01	1.53e-01	5.68e-02	4.05e-02	1.46e-03	1.71e-05
 1.35058e+23	0.00e+00	2.66e-22	1.38e-18	1.57e-15	4.17e-13	4.61e-11	2.21e-09	2.30e-06	3.59e-04	1.38e-02	1.09e-01	2.91e-01	3.43e-01	1.49e-01	5.43e-02	3.80e-02	1.34e-03	1.53e-05
 1.37491e+23	0.00e+00	3.33e-22	1.70e-18	1.90e-15	4.93e-13	5.33e-11	2.50e-09	2.53e-06	3.88e-04	1.47e-02	1.14e-01	2.96e-01	3.41e-01	1.45e-01	5.18e-02	3.55e-02	1.22e-03	1.36e-05
 1.40654e+23	0.00e+00	4.32e-22	2.17e-18	2.36e-15	6.00e-13	6.33e-11	2.89e-09	2.84e-06	4.26e-04	1.58e-02	1.19e-01	3.02e-01	3.39e-01	1.41e-01	4.91e-02	3.28e-02	1.09e-03	1.18e-05
 1.44766e+23	0.00e+00	5.87e-22	2.87e-18	3.06e-15	7.55e-13	7.72e-11	3.42e-09	3.25e-06	4.74e-04	1.71e-02	1.26e-01	3.08e-01	3.36e-01	1.35e-01	4.59e-02	2.99e-02	9.64e-04	1.01e-05
 1.50094e+23	0.00e+00	8.59e-22	4.08e-18	4.20e-15	1.00e-12	9.89e-11	4.21e-09	3.83e-06	5.41e-04	1.89e-02	1.35e-01	3.16e-01	3.32e-01	1.28e-01	4.22e-02	2.65e-02	8.20e-04	8.22e-06
 1.55558e+23	0.00e+00	1.34e-21	6.13e-18	6.10e-15	1.40e-12	1.32e-10	5.37e-09	4.65e-06	6.30e-04	2.13e-02	1.45e-01	3.24e-01	3.26e-01	1.21e-01	3.81e-02	2.30e-02	6.77e-04	6.46e-06
 1.59766e+23	0.00e+00	1.88e-21	8.40e-18	8.11e-15	1.81e-12	1.65e-10	6.48e-09	5.39e-06	7.08e-04	2.32e-02	1.53e-01	3.31e-01	3.21e-01	1.15e-01	3.52e-02	2.06e-02	5.83e-04	5.35e-06
 1.63224e+23	0.00e+00	2.37e-21	1.04e-17	9.84e-15	2.15e-12	1.91e-10	7.36e-09	5.96e-06	7.67e-04	2.46e-02	1.59e-01	3.34e-01	3.17e-01	1.11e-01	3.33e-02	1.91e-02	5.26e-04	4.71e-06
 1.67158e+23	0.00e+00	2.91e-21	1.25e-17	1.17e-14	2.50e-12	2.18e-10	8.22e-09	6.51e-06	8.22e-04	2.59e-02	1.64e-01	3.38e-01	3.14e-01	1.07e-01	3.17e-02	1.78e-02	4.81e-04	4.21e-06
 1.72271e+23	0.00e+00	3.78e-21	1.60e-17	1.46e-14	3.05e-12	2.59e-10	9.51e-09	7.30e-06	8.99e-04	2.77e-02	1.71e-01	3.42e-01	3.09e-01	1.03e-01	2.97e-02	1.63e-02	4.26e-04	3.62e-06
 1.78726e+23	0.00e+00	5.04e-21	2.08e-17	1.85e-14	3.78e-12	3.12e-10	1.11e-08	8.27e-06	9.91e-04	2.97e-02	1.79e-01	3.46e-01	3.04e-01	9.80e-02	2.76e-02	1.48e-02	3.74e-04	3.08e-06
 1.85998e+23	0.00e+00	7.01e-21	2.82e-17	2.44e-14	4.82e-12	3.86e-10	1.33e-08	9.53e-06	1.11e-03	3.22e-02	1.88e-01	3.50e-01	2.97e-01	9.27e-02	2.54e-02	1.32e-02	3.22e-04	2.56e-06
 1.93310e+23	0.00e+00	9.60e-21	3.77e-17	3.17e-14	6.10e-12	4.74e-10	1.58e-08	1.09e-05	1.23e-03	3.48e-02	1.97e-01	3.53e-01	2.91e-01	8.77e-02	2.34e-02	1.18e-02	2.78e-04	2.13e-06
 2.00915e+23	0.00e+00	1.25e-20	4.81e-17	3.96e-14	7.44e-12	5.62e-10	1.83e-08	1.22e-05	1.34e-03	3.70e-02	2.04e-01	3.56e-01	2.85e-01	8.36e-02	2.18e-02	1.07e-02	2.45e-04	1.82e-06
 2.09075e+23	0.00e+00	1.64e-20	6.17e-17	4.96e-14	9.10e-12	6.70e-10	2.12e-08	1.38e-05	1.47e-03	3.95e-02	2.12e-01	3.58e-01	2.79e-01	7.96e-02	2.02e-02	9.75e-03	2.16e-04	1.55e-06
