#depth	N	N+	N+2	N+3	N+4	N+5	N+6	N+7
 6.17135e+19	0.00e+00	0.00e+00	9.86e-31	3.89e-23	3.00e-16	5.60e-10	2.98e-05	1.00e+00
 1.87609e+20	0.00e+00	0.00e+00	1.46e-30	5.33e-23	3.79e-16	6.55e-10	3.22e-05	1.00e+00
 3.18540e+20	0.00e+00	0.00e+00	2.16e-30	7.28e-23	4.79e-16	7.65e-10	3.49e-05	1.00e+00
 4.54709e+20	0.00e+00	0.00e+00	3.20e-30	9.95e-23	6.05e-16	8.95e-10	3.77e-05	1.00e+00
 5.86273e+20	0.00e+00	0.00e+00	4.60e-30	1.33e-22	7.51e-16	1.03e-09	4.06e-05	1.00e+00
 7.07693e+20	0.00e+00	0.00e+00	6.36e-30	1.72e-22	9.11e-16	1.18e-09	4.33e-05	1.00e+00
 8.44020e+20	0.00e+00	0.00e+00	9.06e-30	2.28e-22	1.12e-15	1.35e-09	4.65e-05	1.00e+00
 1.00121e+21	0.00e+00	0.00e+00	1.34e-29	3.12e-22	1.42e-15	1.58e-09	5.03e-05	1.00e+00
 1.15077e+21	0.00e+00	0.00e+00	1.92e-29	4.15e-22	1.76e-15	1.82e-09	5.41e-05	1.00e+00
 1.28715e+21	0.00e+00	0.00e+00	2.64e-29	5.35e-22	2.12e-15	2.07e-09	5.77e-05	1.00e+00
 1.44114e+21	0.00e+00	0.00e+00	3.74e-29	7.05e-22	2.60e-15	2.38e-09	6.19e-05	1.00e+00
 1.62045e+21	0.00e+00	0.00e+00	5.53e-29	9.61e-22	3.28e-15	2.77e-09	6.70e-05	1.00e+00
 1.78040e+21	0.00e+00	0.00e+00	7.74e-29	1.26e-21	4.00e-15	3.17e-09	7.17e-05	1.00e+00
 1.90772e+21	0.00e+00	0.00e+00	1.00e-28	1.54e-21	4.66e-15	3.51e-09	7.55e-05	1.00e+00
 2.04492e+21	0.00e+00	0.00e+00	1.32e-28	1.92e-21	5.47e-15	3.91e-09	7.98e-05	1.00e+00
 2.22327e+21	0.00e+00	0.00e+00	1.87e-28	2.52e-21	6.70e-15	4.48e-09	8.56e-05	1.00e+00
 2.40900e+21	0.00e+00	0.00e+00	2.64e-28	3.32e-21	8.21e-15	5.14e-09	9.18e-05	1.00e+00
 2.56604e+21	0.00e+00	0.00e+00	3.52e-28	4.17e-21	9.71e-15	5.75e-09	9.73e-05	1.00e+00
 2.73193e+21	0.00e+00	0.00e+00	4.72e-28	5.25e-21	1.15e-14	6.45e-09	1.03e-04	1.00e+00
 2.91918e+21	0.00e+00	0.00e+00	6.52e-28	6.78e-21	1.39e-14	7.33e-09	1.10e-04	1.00e+00
 3.09772e+21	0.00e+00	0.00e+00	8.79e-28	8.58e-21	1.65e-14	8.24e-09	1.17e-04	1.00e+00
 3.29335e+21	0.00e+00	0.00e+00	1.21e-27	1.10e-20	1.99e-14	9.33e-09	1.25e-04	1.00e+00
 3.50873e+21	0.00e+00	0.00e+00	1.70e-27	1.44e-20	2.42e-14	1.07e-08	1.34e-04	1.00e+00
 3.70222e+21	0.00e+00	0.00e+00	2.29e-27	1.82e-20	2.87e-14	1.20e-08	1.42e-04	1.00e+00
 3.86407e+21	0.00e+00	0.00e+00	2.91e-27	2.20e-20	3.30e-14	1.31e-08	1.50e-04	1.00e+00
 4.03235e+21	0.00e+00	0.00e+00	3.73e-27	2.68e-20	3.80e-14	1.45e-08	1.57e-04	1.00e+00
 4.25112e+21	0.00e+00	0.00e+00	5.09e-27	3.42e-20	4.54e-14	1.63e-08	1.68e-04	1.00e+00
 4.47481e+21	0.00e+00	0.00e+00	6.95e-27	4.36e-20	5.43e-14	1.84e-08	1.79e-04	1.00e+00
 4.65243e+21	0.00e+00	0.00e+00	8.90e-27	5.28e-20	6.23e-14	2.02e-08	1.88e-04	1.00e+00
 4.83090e+21	0.00e+00	0.00e+00	1.13e-26	6.35e-20	7.12e-14	2.22e-08	1.98e-04	1.00e+00
 5.06290e+21	0.00e+00	0.00e+00	1.52e-26	8.03e-20	8.43e-14	2.49e-08	2.10e-04	1.00e+00
 5.30280e+21	0.00e+00	0.00e+00	2.07e-26	1.02e-19	1.00e-13	2.80e-08	2.24e-04	1.00e+00
 5.49536e+21	0.00e+00	0.00e+00	2.64e-26	1.23e-19	1.14e-13	3.07e-08	2.36e-04	1.00e+00
 5.68810e+21	0.00e+00	0.00e+00	3.33e-26	1.47e-19	1.30e-13	3.36e-08	2.48e-04	1.00e+00
 5.89226e+21	0.00e+00	0.00e+00	4.26e-26	1.78e-19	1.49e-13	3.68e-08	2.61e-04	1.00e+00
 6.06702e+21	0.00e+00	0.00e+00	5.23e-26	2.08e-19	1.67e-13	3.98e-08	2.72e-04	1.00e+00
 6.24996e+21	0.00e+00	0.00e+00	6.46e-26	2.45e-19	1.87e-13	4.31e-08	2.85e-04	1.00e+00
 6.45607e+21	0.00e+00	0.00e+00	8.17e-26	2.94e-19	2.13e-13	4.71e-08	2.99e-04	1.00e+00
 6.65050e+21	0.00e+00	0.00e+00	1.01e-25	3.47e-19	2.39e-13	5.11e-08	3.13e-04	1.00e+00
 6.82889e+21	0.00e+00	0.00e+00	1.23e-25	4.03e-19	2.66e-13	5.50e-08	3.26e-04	1.00e+00
 7.02821e+21	0.00e+00	0.00e+00	1.53e-25	4.75e-19	2.98e-13	5.96e-08	3.42e-04	1.00e+00
 7.24791e+21	0.00e+00	0.00e+00	1.93e-25	5.67e-19	3.37e-13	6.50e-08	3.59e-04	1.00e+00
 7.44988e+21	0.00e+00	0.00e+00	2.38e-25	6.65e-19	3.77e-13	7.03e-08	3.76e-04	1.00e+00
 7.63855e+21	0.00e+00	0.00e+00	2.89e-25	7.70e-19	4.17e-13	7.55e-08	3.91e-04	1.00e+00
 7.81758e+21	0.00e+00	1.30e-32	3.46e-25	8.83e-19	4.58e-13	8.07e-08	4.07e-04	1.00e+00
 7.98542e+21	0.00e+00	1.60e-32	4.09e-25	1.00e-18	5.00e-13	8.59e-08	4.22e-04	1.00e+00
 8.17526e+21	0.00e+00	2.03e-32	4.93e-25	1.15e-18	5.51e-13	9.20e-08	4.39e-04	1.00e+00
 8.38322e+21	0.00e+00	2.61e-32	6.03e-25	1.34e-18	6.11e-13	9.90e-08	4.59e-04	1.00e+00
 8.57228e+21	0.00e+00	3.26e-32	7.22e-25	1.54e-18	6.69e-13	1.06e-07	4.77e-04	1.00e+00
 8.77563e+21	0.00e+00	4.14e-32	8.74e-25	1.77e-18	7.37e-13	1.13e-07	4.98e-04	1.00e+00
 8.99815e+21	0.00e+00	5.35e-32	1.07e-24	2.07e-18	8.18e-13	1.22e-07	5.21e-04	9.99e-01
 9.19554e+21	0.00e+00	6.72e-32	1.28e-24	2.36e-18	8.94e-13	1.30e-07	5.42e-04	9.99e-01
 9.37148e+21	0.00e+00	8.18e-32	1.50e-24	2.66e-18	9.68e-13	1.38e-07	5.61e-04	9.99e-01
 9.56959e+21	0.00e+00	1.02e-31	1.79e-24	3.02e-18	1.05e-12	1.47e-07	5.83e-04	9.99e-01
 9.79338e+21	0.00e+00	1.30e-31	2.18e-24	3.49e-18	1.16e-12	1.58e-07	6.09e-04	9.99e-01
 9.99160e+21	0.00e+00	1.62e-31	2.58e-24	3.96e-18	1.26e-12	1.68e-07	6.33e-04	9.99e-01
 1.01558e+22	0.00e+00	1.93e-31	2.97e-24	4.39e-18	1.35e-12	1.76e-07	6.53e-04	9.99e-01
 1.03348e+22	0.00e+00	2.34e-31	3.45e-24	4.90e-18	1.45e-12	1.86e-07	6.76e-04	9.99e-01
 1.05675e+22	0.00e+00	2.97e-31	4.17e-24	5.64e-18	1.59e-12	1.99e-07	7.06e-04	9.99e-01
 1.08065e+22	0.00e+00	3.81e-31	5.07e-24	6.51e-18	1.74e-12	2.14e-07	7.38e-04	9.99e-01
 1.10003e+22	0.00e+00	4.65e-31	5.93e-24	7.29e-18	1.87e-12	2.26e-07	7.65e-04	9.99e-01
 1.11987e+22	0.00e+00	5.67e-31	6.93e-24	8.17e-18	2.01e-12	2.39e-07	7.93e-04	9.99e-01
 1.14198e+22	0.00e+00	7.07e-31	8.24e-24	9.26e-18	2.18e-12	2.54e-07	8.25e-04	9.99e-01
 1.16238e+22	0.00e+00	8.65e-31	9.64e-24	1.04e-17	2.34e-12	2.68e-07	8.56e-04	9.99e-01
 1.18118e+22	0.00e+00	1.04e-30	1.11e-23	1.15e-17	2.50e-12	2.82e-07	8.85e-04	9.99e-01
 1.20251e+22	0.00e+00	1.27e-30	1.30e-23	1.29e-17	2.69e-12	2.98e-07	9.18e-04	9.99e-01
 1.22637e+22	0.00e+00	1.60e-30	1.56e-23	1.46e-17	2.91e-12	3.17e-07	9.57e-04	9.99e-01
 1.24770e+22	0.00e+00	1.95e-30	1.82e-23	1.64e-17	3.11e-12	3.35e-07	9.93e-04	9.99e-01
 1.26620e+22	0.00e+00	2.32e-30	2.08e-23	1.80e-17	3.30e-12	3.51e-07	1.02e-03	9.99e-01
 1.28680e+22	0.00e+00	2.80e-30	2.41e-23	2.00e-17	3.52e-12	3.70e-07	1.06e-03	9.99e-01
 1.31358e+22	0.00e+00	3.56e-30	2.90e-23	2.28e-17	3.82e-12	3.95e-07	1.11e-03	9.99e-01
 1.34069e+22	0.00e+00	4.54e-30	3.50e-23	2.61e-17	4.14e-12	4.22e-07	1.16e-03	9.99e-01
 1.36215e+22	0.00e+00	5.49e-30	4.06e-23	2.90e-17	4.40e-12	4.44e-07	1.20e-03	9.99e-01
 1.38397e+22	0.00e+00	6.63e-30	4.69e-23	3.21e-17	4.69e-12	4.68e-07	1.24e-03	9.99e-01
 1.40849e+22	0.00e+00	8.18e-30	5.52e-23	3.60e-17	5.02e-12	4.95e-07	1.29e-03	9.99e-01
 1.43146e+22	0.00e+00	9.95e-30	6.43e-23	4.01e-17	5.34e-12	5.22e-07	1.34e-03	9.99e-01
 1.45269e+22	0.00e+00	1.19e-29	7.37e-23	4.41e-17	5.66e-12	5.48e-07	1.39e-03	9.99e-01
 1.47671e+22	0.00e+00	1.45e-29	8.59e-23	4.91e-17	6.03e-12	5.78e-07	1.44e-03	9.99e-01
 1.50357e+22	0.00e+00	1.81e-29	1.02e-22	5.54e-17	6.46e-12	6.14e-07	1.50e-03	9.98e-01
 1.52854e+22	0.00e+00	2.21e-29	1.19e-22	6.18e-17	6.89e-12	6.49e-07	1.56e-03	9.98e-01
 1.55169e+22	0.00e+00	2.66e-29	1.37e-22	6.82e-17	7.31e-12	6.83e-07	1.61e-03	9.98e-01
 1.57801e+22	0.00e+00	3.27e-29	1.61e-22	7.63e-17	7.80e-12	7.22e-07	1.67e-03	9.98e-01
 1.60678e+22	0.00e+00	4.09e-29	1.91e-22	8.61e-17	8.37e-12	7.68e-07	1.75e-03	9.98e-01
 1.63272e+22	0.00e+00	5.01e-29	2.23e-22	9.59e-17	8.91e-12	8.13e-07	1.81e-03	9.98e-01
 1.65587e+22	0.00e+00	5.95e-29	2.55e-22	1.05e-16	9.43e-12	8.53e-07	1.87e-03	9.98e-01
 1.68140e+22	0.00e+00	7.19e-29	2.95e-22	1.17e-16	1.00e-11	8.99e-07	1.94e-03	9.98e-01
 1.71459e+22	0.00e+00	9.16e-29	3.56e-22	1.33e-16	1.08e-11	9.63e-07	2.03e-03	9.98e-01
 1.74827e+22	0.00e+00	1.17e-28	4.30e-22	1.52e-16	1.17e-11	1.03e-06	2.12e-03	9.98e-01
 1.77515e+22	0.00e+00	1.42e-28	4.99e-22	1.69e-16	1.25e-11	1.09e-06	2.20e-03	9.98e-01
 1.80265e+22	0.00e+00	1.72e-28	5.79e-22	1.88e-16	1.33e-11	1.15e-06	2.28e-03	9.98e-01
 1.83839e+22	0.00e+00	2.20e-28	7.00e-22	2.15e-16	1.44e-11	1.24e-06	2.38e-03	9.98e-01
 1.87432e+22	0.00e+00	2.81e-28	8.48e-22	2.47e-16	1.56e-11	1.33e-06	2.49e-03	9.98e-01
 1.90245e+22	0.00e+00	3.39e-28	9.83e-22	2.74e-16	1.67e-11	1.40e-06	2.58e-03	9.97e-01
 1.93099e+22	0.00e+00	4.09e-28	1.14e-21	3.05e-16	1.78e-11	1.48e-06	2.67e-03	9.97e-01
 1.96808e+22	0.00e+00	5.19e-28	1.37e-21	3.48e-16	1.93e-11	1.59e-06	2.78e-03	9.97e-01
 2.00723e+22	0.00e+00	6.67e-28	1.67e-21	4.01e-16	2.10e-11	1.71e-06	2.91e-03	9.97e-01
 2.04061e+22	0.00e+00	8.23e-28	1.97e-21	4.52e-16	2.27e-11	1.82e-06	3.02e-03	9.97e-01
 2.06999e+22	0.00e+00	9.86e-28	2.27e-21	5.02e-16	2.42e-11	1.93e-06	3.12e-03	9.97e-01
 2.10258e+22	0.00e+00	1.20e-27	2.65e-21	5.61e-16	2.60e-11	2.04e-06	3.23e-03	9.97e-01
 2.14496e+22	0.00e+00	1.54e-27	3.22e-21	6.49e-16	2.85e-11	2.20e-06	3.38e-03	9.97e-01
 2.18827e+22	0.00e+00	1.99e-27	3.94e-21	7.52e-16	3.13e-11	2.38e-06	3.53e-03	9.96e-01
 2.22329e+22	0.00e+00	2.44e-27	4.63e-21	8.47e-16	3.38e-11	2.53e-06	3.66e-03	9.96e-01
 2.25929e+22	0.00e+00	2.98e-27	5.44e-21	9.53e-16	3.65e-11	2.70e-06	3.79e-03	9.96e-01
 2.30609e+22	0.00e+00	3.86e-27	6.67e-21	1.11e-15	4.02e-11	2.92e-06	3.96e-03	9.96e-01
 2.35426e+22	0.00e+00	5.03e-27	8.23e-21	1.30e-15	4.46e-11	3.17e-06	4.14e-03	9.96e-01
 2.39374e+22	0.00e+00	6.21e-27	9.75e-21	1.47e-15	4.84e-11	3.38e-06	4.30e-03	9.96e-01
 2.42872e+22	0.00e+00	7.48e-27	1.13e-20	1.64e-15	5.21e-11	3.58e-06	4.44e-03	9.96e-01
 2.46830e+22	0.00e+00	9.16e-27	1.33e-20	1.86e-15	5.65e-11	3.81e-06	4.59e-03	9.95e-01
 2.51975e+22	0.00e+00	1.19e-26	1.64e-20	2.17e-15	6.26e-11	4.13e-06	4.80e-03	9.95e-01
 2.57271e+22	0.00e+00	1.55e-26	2.03e-20	2.55e-15	6.98e-11	4.49e-06	5.02e-03	9.95e-01
 2.61593e+22	0.00e+00	1.92e-26	2.41e-20	2.90e-15	7.61e-11	4.80e-06	5.20e-03	9.95e-01
 2.66043e+22	0.00e+00	2.37e-26	2.86e-20	3.30e-15	8.31e-11	5.13e-06	5.39e-03	9.95e-01
 2.71826e+22	0.00e+00	3.11e-26	3.55e-20	3.89e-15	9.29e-11	5.59e-06	5.64e-03	9.94e-01
 2.77814e+22	0.00e+00	4.12e-26	4.45e-20	4.62e-15	1.04e-10	6.10e-06	5.91e-03	9.94e-01
 2.82768e+22	0.00e+00	5.17e-26	5.35e-20	5.31e-15	1.15e-10	6.55e-06	6.13e-03	9.94e-01
 2.87121e+22	0.00e+00	6.29e-26	6.27e-20	5.99e-15	1.25e-10	6.96e-06	6.34e-03	9.94e-01
 2.91989e+22	0.00e+00	7.78e-26	7.45e-20	6.83e-15	1.37e-10	7.45e-06	6.56e-03	9.93e-01
 2.98318e+22	0.00e+00	1.02e-25	9.27e-20	8.07e-15	1.53e-10	8.11e-06	6.86e-03	9.93e-01
 3.04838e+22	0.00e+00	1.35e-25	1.17e-19	9.61e-15	1.73e-10	8.86e-06	7.18e-03	9.93e-01
 3.10153e+22	0.00e+00	1.69e-25	1.40e-19	1.10e-14	1.90e-10	9.51e-06	7.45e-03	9.93e-01
 3.15607e+22	0.00e+00	2.11e-25	1.67e-19	1.27e-14	2.09e-10	1.02e-05	7.73e-03	9.92e-01
 3.22698e+22	0.00e+00	2.80e-25	2.11e-19	1.51e-14	2.37e-10	1.11e-05	8.09e-03	9.92e-01
 3.30068e+22	0.00e+00	3.77e-25	2.68e-19	1.82e-14	2.69e-10	1.22e-05	8.48e-03	9.92e-01
 3.36198e+22	1.85e-32	4.80e-25	3.26e-19	2.12e-14	2.99e-10	1.32e-05	8.82e-03	9.91e-01
 3.42561e+22	2.47e-32	6.11e-25	3.97e-19	2.47e-14	3.33e-10	1.42e-05	9.17e-03	9.91e-01
 3.49247e+22	3.34e-32	7.89e-25	4.90e-19	2.90e-14	3.72e-10	1.54e-05	9.55e-03	9.90e-01
 3.54868e+22	4.31e-32	9.77e-25	5.83e-19	3.31e-14	4.09e-10	1.65e-05	9.88e-03	9.90e-01
 3.60690e+22	5.54e-32	1.21e-24	6.93e-19	3.79e-14	4.49e-10	1.76e-05	1.02e-02	9.90e-01
 3.68258e+22	7.60e-32	1.58e-24	8.62e-19	4.48e-14	5.06e-10	1.91e-05	1.07e-02	9.89e-01
 3.76022e+22	1.06e-31	2.09e-24	1.09e-18	5.36e-14	5.74e-10	2.09e-05	1.12e-02	9.89e-01
 3.82243e+22	1.38e-31	2.61e-24	1.30e-18	6.16e-14	6.33e-10	2.24e-05	1.15e-02	9.88e-01
 3.88533e+22	1.78e-31	3.24e-24	1.55e-18	7.07e-14	6.97e-10	2.40e-05	1.19e-02	9.88e-01
 3.95264e+22	2.35e-31	4.10e-24	1.88e-18	8.20e-14	7.74e-10	2.58e-05	1.24e-02	9.88e-01
 4.01080e+22	2.98e-31	5.01e-24	2.22e-18	9.31e-14	8.47e-10	2.74e-05	1.28e-02	9.87e-01
 4.06352e+22	3.66e-31	5.96e-24	2.56e-18	1.04e-13	9.16e-10	2.90e-05	1.31e-02	9.87e-01
 4.12404e+22	4.65e-31	7.30e-24	3.01e-18	1.18e-13	1.00e-09	3.08e-05	1.36e-02	9.86e-01
 4.20272e+22	6.27e-31	9.39e-24	3.71e-18	1.39e-13	1.12e-09	3.33e-05	1.41e-02	9.86e-01
 4.28306e+22	8.59e-31	1.23e-23	4.62e-18	1.65e-13	1.27e-09	3.62e-05	1.47e-02	9.85e-01
 4.34199e+22	1.08e-30	1.49e-23	5.41e-18	1.86e-13	1.38e-09	3.85e-05	1.51e-02	9.85e-01
 4.38649e+22	1.28e-30	1.72e-23	6.10e-18	2.04e-13	1.48e-09	4.02e-05	1.55e-02	9.84e-01
 4.43581e+22	1.54e-30	2.01e-23	6.91e-18	2.25e-13	1.58e-09	4.21e-05	1.59e-02	9.84e-01
 4.49992e+22	1.93e-30	2.43e-23	8.09e-18	2.55e-13	1.73e-09	4.47e-05	1.63e-02	9.84e-01
 4.57129e+22	2.53e-30	3.06e-23	9.78e-18	2.95e-13	1.92e-09	4.80e-05	1.69e-02	9.83e-01
 4.63508e+22	3.21e-30	3.74e-23	1.15e-17	3.35e-13	2.10e-09	5.10e-05	1.74e-02	9.83e-01
 4.69131e+22	3.94e-30	4.46e-23	1.33e-17	3.75e-13	2.27e-09	5.38e-05	1.79e-02	9.82e-01
 4.75473e+22	4.90e-30	5.36e-23	1.55e-17	4.22e-13	2.47e-09	5.70e-05	1.84e-02	9.82e-01
 4.82449e+22	6.34e-30	6.67e-23	1.85e-17	4.85e-13	2.73e-09	6.09e-05	1.90e-02	9.81e-01
 4.88609e+22	7.92e-30	8.05e-23	2.16e-17	5.47e-13	2.97e-09	6.45e-05	1.96e-02	9.80e-01
 4.94062e+22	9.61e-30	9.48e-23	2.47e-17	6.08e-13	3.20e-09	6.78e-05	2.01e-02	9.80e-01
 5.00235e+22	1.18e-29	1.13e-22	2.86e-17	6.80e-13	3.46e-09	7.15e-05	2.06e-02	9.79e-01
 5.08259e+22	1.56e-29	1.43e-22	3.47e-17	7.91e-13	3.85e-09	7.68e-05	2.13e-02	9.79e-01
 5.16409e+22	2.08e-29	1.83e-22	4.24e-17	9.26e-13	4.31e-09	8.27e-05	2.21e-02	9.78e-01
 5.22804e+22	2.61e-29	2.21e-22	4.96e-17	1.05e-12	4.70e-09	8.76e-05	2.28e-02	9.77e-01
 5.29201e+22	3.23e-29	2.65e-22	5.76e-17	1.18e-12	5.11e-09	9.26e-05	2.34e-02	9.77e-01
 5.37516e+22	4.25e-29	3.35e-22	6.98e-17	1.37e-12	5.68e-09	9.93e-05	2.42e-02	9.76e-01
 5.45895e+22	5.69e-29	4.29e-22	8.56e-17	1.60e-12	6.35e-09	1.07e-04	2.51e-02	9.75e-01
 5.52339e+22	7.10e-29	5.17e-22	9.99e-17	1.81e-12	6.92e-09	1.13e-04	2.58e-02	9.74e-01
 5.58701e+22	8.75e-29	6.18e-22	1.16e-16	2.02e-12	7.50e-09	1.19e-04	2.65e-02	9.73e-01
 5.66971e+22	1.14e-28	7.74e-22	1.39e-16	2.34e-12	8.32e-09	1.28e-04	2.74e-02	9.72e-01
 5.75560e+22	1.53e-28	9.91e-22	1.71e-16	2.75e-12	9.31e-09	1.38e-04	2.84e-02	9.71e-01
 5.82506e+22	1.95e-28	1.22e-21	2.02e-16	3.13e-12	1.02e-08	1.46e-04	2.93e-02	9.71e-01
 5.88501e+22	2.35e-28	1.43e-21	2.31e-16	3.47e-12	1.10e-08	1.53e-04	3.00e-02	9.70e-01
 5.95315e+22	2.92e-28	1.72e-21	2.69e-16	3.91e-12	1.20e-08	1.62e-04	3.08e-02	9.69e-01
 6.04173e+22	3.85e-28	2.17e-21	3.27e-16	4.56e-12	1.33e-08	1.74e-04	3.19e-02	9.68e-01
 6.13439e+22	5.22e-28	2.82e-21	4.04e-16	5.39e-12	1.50e-08	1.88e-04	3.31e-02	9.67e-01
 6.21017e+22	6.76e-28	3.50e-21	4.85e-16	6.21e-12	1.66e-08	2.01e-04	3.42e-02	9.66e-01
 6.27532e+22	8.22e-28	4.14e-21	5.56e-16	6.92e-12	1.79e-08	2.11e-04	3.50e-02	9.65e-01
 6.34881e+22	1.03e-27	5.03e-21	6.53e-16	7.84e-12	1.96e-08	2.23e-04	3.60e-02	9.64e-01
 6.44434e+22	1.37e-27	6.41e-21	7.99e-16	9.18e-12	2.19e-08	2.40e-04	3.73e-02	9.62e-01
 6.54600e+22	1.89e-27	8.41e-21	1.00e-15	1.10e-11	2.48e-08	2.60e-04	3.88e-02	9.61e-01
 6.63177e+22	2.48e-27	1.06e-20	1.21e-15	1.27e-11	2.76e-08	2.79e-04	4.01e-02	9.60e-01
 6.70643e+22	3.14e-27	1.29e-20	1.43e-15	1.45e-11	3.02e-08	2.96e-04	4.13e-02	9.58e-01
 6.79048e+22	3.96e-27	1.58e-20	1.68e-15	1.65e-11	3.31e-08	3.14e-04	4.25e-02	9.57e-01
 6.89974e+22	5.39e-27	2.05e-20	2.10e-15	1.96e-11	3.74e-08	3.40e-04	4.41e-02	9.56e-01
 7.01642e+22	7.56e-27	2.74e-20	2.66e-15	2.37e-11	4.27e-08	3.71e-04	4.60e-02	9.54e-01
 7.11097e+22	1.00e-26	3.49e-20	3.26e-15	2.77e-11	4.78e-08	3.99e-04	4.77e-02	9.52e-01
 7.18522e+22	1.24e-26	4.18e-20	3.79e-15	3.12e-11	5.20e-08	4.21e-04	4.89e-02	9.51e-01
 7.26482e+22	1.52e-26	4.97e-20	4.38e-15	3.50e-11	5.64e-08	4.44e-04	5.02e-02	9.49e-01
 7.36830e+22	1.99e-26	6.24e-20	5.29e-15	4.07e-11	6.27e-08	4.75e-04	5.19e-02	9.48e-01
 7.48272e+22	2.68e-26	8.06e-20	6.55e-15	4.81e-11	7.07e-08	5.14e-04	5.39e-02	9.46e-01
 7.58641e+22	3.50e-26	1.01e-19	7.93e-15	5.60e-11	7.88e-08	5.51e-04	5.57e-02	9.44e-01
 7.68041e+22	4.45e-26	1.24e-19	9.41e-15	6.41e-11	8.67e-08	5.86e-04	5.74e-02	9.42e-01
 7.78676e+22	5.66e-26	1.53e-19	1.12e-14	7.35e-11	9.56e-08	6.24e-04	5.91e-02	9.40e-01
 7.92502e+22	7.69e-26	1.99e-19	1.39e-14	8.76e-11	1.08e-07	6.76e-04	6.15e-02	9.38e-01
 8.07030e+22	1.07e-25	2.65e-19	1.77e-14	1.06e-10	1.24e-07	7.39e-04	6.41e-02	9.35e-01
 8.19020e+22	1.42e-25	3.35e-19	2.16e-14	1.24e-10	1.39e-07	7.95e-04	6.64e-02	9.33e-01
 8.29469e+22	1.77e-25	4.05e-19	2.53e-14	1.41e-10	1.52e-07	8.43e-04	6.83e-02	9.31e-01
 8.41366e+22	2.21e-25	4.92e-19	2.98e-14	1.61e-10	1.67e-07	8.95e-04	7.03e-02	9.29e-01
 8.56832e+22	2.96e-25	6.30e-19	3.67e-14	1.90e-10	1.88e-07	9.67e-04	7.29e-02	9.26e-01
 8.72999e+22	4.05e-25	8.26e-19	4.61e-14	2.28e-10	2.15e-07	1.05e-03	7.59e-02	9.23e-01
 8.85843e+22	5.23e-25	1.03e-18	5.55e-14	2.64e-10	2.39e-07	1.13e-03	7.84e-02	9.20e-01
 8.96313e+22	6.24e-25	1.20e-18	6.30e-14	2.93e-10	2.57e-07	1.18e-03	8.02e-02	9.19e-01
 9.07927e+22	7.58e-25	1.42e-18	7.26e-14	3.28e-10	2.79e-07	1.25e-03	8.23e-02	9.17e-01
 9.23025e+22	9.61e-25	1.74e-18	8.62e-14	3.76e-10	3.08e-07	1.33e-03	8.48e-02	9.14e-01
 9.42653e+22	1.29e-24	2.24e-18	1.07e-13	4.47e-10	3.49e-07	1.44e-03	8.81e-02	9.10e-01
 9.62602e+22	1.78e-24	2.96e-18	1.35e-13	5.40e-10	4.01e-07	1.57e-03	9.18e-02	9.07e-01
 9.77958e+22	2.27e-24	3.64e-18	1.61e-13	6.23e-10	4.44e-07	1.68e-03	9.47e-02	9.04e-01
 9.92910e+22	2.78e-24	4.33e-18	1.87e-13	7.01e-10	4.84e-07	1.78e-03	9.72e-02	9.01e-01
 1.01235e+23	3.56e-24	5.36e-18	2.24e-13	8.11e-10	5.38e-07	1.90e-03	1.00e-01	8.98e-01
 1.03432e+23	4.76e-24	6.88e-18	2.76e-13	9.63e-10	6.09e-07	2.06e-03	1.04e-01	8.94e-01
 1.05330e+23	6.17e-24	8.62e-18	3.34e-13	1.12e-09	6.81e-07	2.22e-03	1.08e-01	8.90e-01
 1.06795e+23	7.37e-24	1.01e-17	3.81e-13	1.25e-09	7.36e-07	2.33e-03	1.10e-01	8.87e-01
 1.08326e+23	8.74e-24	1.16e-17	4.31e-13	1.38e-09	7.92e-07	2.44e-03	1.13e-01	8.85e-01
 1.10316e+23	1.07e-23	1.39e-17	5.01e-13	1.56e-09	8.65e-07	2.58e-03	1.16e-01	8.82e-01
 1.12904e+23	1.39e-23	1.74e-17	6.07e-13	1.82e-09	9.69e-07	2.78e-03	1.20e-01	8.77e-01
 1.15601e+23	1.87e-23	2.25e-17	7.54e-13	2.17e-09	1.10e-06	3.02e-03	1.24e-01	8.73e-01
 1.17764e+23	2.34e-23	2.73e-17	8.88e-13	2.48e-09	1.21e-06	3.21e-03	1.28e-01	8.69e-01
 1.19899e+23	2.83e-23	3.22e-17	1.02e-12	2.78e-09	1.32e-06	3.39e-03	1.31e-01	8.65e-01
 1.22675e+23	3.55e-23	3.91e-17	1.21e-12	3.18e-09	1.46e-06	3.61e-03	1.35e-01	8.61e-01
 1.26285e+23	4.72e-23	5.00e-17	1.49e-12	3.77e-09	1.65e-06	3.91e-03	1.40e-01	8.56e-01
 1.29981e+23	6.51e-23	6.60e-17	1.88e-12	4.57e-09	1.90e-06	4.28e-03	1.46e-01	8.50e-01
 1.32818e+23	8.27e-23	8.12e-17	2.25e-12	5.27e-09	2.11e-06	4.58e-03	1.51e-01	8.45e-01
 1.35058e+23	9.68e-23	9.30e-17	2.52e-12	5.79e-09	2.26e-06	4.78e-03	1.54e-01	8.42e-01
 1.37491e+23	1.14e-22	1.07e-16	2.85e-12	6.40e-09	2.43e-06	5.01e-03	1.57e-01	8.38e-01
 1.40654e+23	1.38e-22	1.27e-16	3.28e-12	7.18e-09	2.65e-06	5.29e-03	1.61e-01	8.34e-01
 1.44766e+23	1.73e-22	1.54e-16	3.86e-12	8.19e-09	2.92e-06	5.63e-03	1.65e-01	8.29e-01
 1.50094e+23	2.28e-22	1.96e-16	4.74e-12	9.69e-09	3.30e-06	6.09e-03	1.71e-01	8.23e-01
 1.55558e+23	3.16e-22	2.59e-16	6.02e-12	1.18e-08	3.80e-06	6.67e-03	1.78e-01	8.15e-01
 1.59766e+23	4.06e-22	3.21e-16	7.23e-12	1.37e-08	4.25e-06	7.15e-03	1.84e-01	8.09e-01
 1.63224e+23	4.80e-22	3.72e-16	8.19e-12	1.51e-08	4.57e-06	7.50e-03	1.88e-01	8.05e-01
 1.67158e+23	5.56e-22	4.22e-16	9.12e-12	1.65e-08	4.88e-06	7.81e-03	1.91e-01	8.01e-01
 1.72271e+23	6.76e-22	5.00e-16	1.05e-11	1.85e-08	5.32e-06	8.25e-03	1.96e-01	7.96e-01
 1.78726e+23	8.33e-22	5.99e-16	1.23e-11	2.10e-08	5.82e-06	8.75e-03	2.01e-01	7.90e-01
 1.85998e+23	1.06e-21	7.35e-16	1.46e-11	2.42e-08	6.46e-06	9.34e-03	2.07e-01	7.84e-01
 1.93310e+23	1.33e-21	8.98e-16	1.73e-11	2.78e-08	7.15e-06	9.96e-03	2.13e-01	7.78e-01
 2.00915e+23	1.62e-21	1.06e-15	1.99e-11	3.12e-08	7.79e-06	1.05e-02	2.18e-01	7.72e-01
 2.09075e+23	1.97e-21	1.26e-15	2.30e-11	3.51e-08	8.49e-06	1.11e-02	2.23e-01	7.66e-01
 2.17561e+23	2.37e-21	1.48e-15	2.64e-11	3.92e-08	9.21e-06	1.17e-02	2.28e-01	7.61e-01
 2.26067e+23	2.80e-21	1.71e-15	2.98e-11	4.33e-08	9.91e-06	1.22e-02	2.32e-01	7.56e-01
 2.34009e+23	3.25e-21	1.94e-15	3.33e-11	4.73e-08	1.06e-05	1.28e-02	2.36e-01	7.51e-01
 2.41156e+23	3.66e-21	2.15e-15	3.63e-11	5.07e-08	1.11e-05	1.32e-02	2.39e-01	7.47e-01
 2.47589e+23	4.04e-21	2.35e-15	3.91e-11	5.39e-08	1.16e-05	1.36e-02	2.42e-01	7.44e-01
 2.53378e+23	4.37e-21	2.50e-15	4.13e-11	5.64e-08	1.20e-05	1.38e-02	2.44e-01	7.42e-01
 2.58588e+23	4.63e-21	2.64e-15	4.31e-11	5.84e-08	1.24e-05	1.41e-02	2.46e-01	7.40e-01
 2.63278e+23	4.90e-21	2.77e-15	4.49e-11	6.04e-08	1.27e-05	1.43e-02	2.48e-01	7.38e-01
 2.67498e+23	5.10e-21	2.87e-15	4.63e-11	6.19e-08	1.29e-05	1.44e-02	2.49e-01	7.37e-01
 2.71296e+23	5.29e-21	2.96e-15	4.75e-11	6.32e-08	1.31e-05	1.46e-02	2.50e-01	7.36e-01
 2.74715e+23	5.43e-21	3.02e-15	4.84e-11	6.42e-08	1.32e-05	1.47e-02	2.51e-01	7.35e-01
 2.77862e+23	5.52e-21	3.07e-15	4.91e-11	6.48e-08	1.33e-05	1.48e-02	2.51e-01	7.34e-01
 2.80917e+23	5.62e-21	3.11e-15	4.97e-11	6.55e-08	1.34e-05	1.48e-02	2.52e-01	7.34e-01
 2.83971e+23	5.73e-21	3.17e-15	5.04e-11	6.63e-08	1.36e-05	1.49e-02	2.52e-01	7.33e-01
 2.87026e+23	5.79e-21	3.20e-15	5.08e-11	6.67e-08	1.36e-05	1.50e-02	2.52e-01	7.33e-01
 2.90081e+23	5.86e-21	3.23e-15	5.12e-11	6.72e-08	1.37e-05	1.50e-02	2.53e-01	7.32e-01
 2.93136e+23	5.89e-21	3.24e-15	5.14e-11	6.74e-08	1.37e-05	1.50e-02	2.53e-01	7.32e-01
 2.96191e+23	5.92e-21	3.26e-15	5.16e-11	6.76e-08	1.38e-05	1.50e-02	2.53e-01	7.32e-01
 2.99245e+23	5.93e-21	3.26e-15	5.17e-11	6.76e-08	1.38e-05	1.51e-02	2.53e-01	7.32e-01
 3.02300e+23	5.98e-21	3.29e-15	5.20e-11	6.80e-08	1.38e-05	1.51e-02	2.53e-01	7.32e-01
 3.04655e+23	6.06e-21	3.32e-15	5.25e-11	6.85e-08	1.39e-05	1.51e-02	2.54e-01	7.31e-01
