#depth	Si	Si+	Si+2	Si+3	Si+4	Si+5	Si+6	Si+7	Si+8	Si+9	Si+10	Si+11	Si+12	Si+13	Si+14
 6.17135e+19	0.00e+00	0.00e+00	0.00e+00	0.00e+00	0.00e+00	0.00e+00	0.00e+00	1.88e-27	9.99e-23	2.33e-18	3.59e-14	3.35e-10	6.42e-06	4.80e-03	9.95e-01
 1.87609e+20	0.00e+00	0.00e+00	0.00e+00	0.00e+00	0.00e+00	0.00e+00	0.00e+00	3.26e-27	1.60e-22	3.45e-18	4.92e-14	4.25e-10	7.51e-06	5.19e-03	9.95e-01
 3.18540e+20	0.00e+00	0.00e+00	0.00e+00	0.00e+00	0.00e+00	0.00e+00	4.33e-32	5.66e-27	2.57e-22	5.11e-18	6.73e-14	5.37e-10	8.78e-06	5.61e-03	9.94e-01
 4.54709e+20	0.00e+00	0.00e+00	0.00e+00	0.00e+00	0.00e+00	0.00e+00	8.13e-32	9.81e-27	4.12e-22	7.57e-18	9.21e-14	6.79e-10	1.03e-05	6.07e-03	9.94e-01
 5.86273e+20	0.00e+00	0.00e+00	0.00e+00	0.00e+00	0.00e+00	0.00e+00	1.45e-31	1.63e-26	6.37e-22	1.09e-17	1.23e-13	8.44e-10	1.19e-05	6.53e-03	9.93e-01
 7.07693e+20	0.00e+00	0.00e+00	0.00e+00	0.00e+00	0.00e+00	0.00e+00	2.45e-31	2.58e-26	9.42e-22	1.51e-17	1.60e-13	1.03e-09	1.35e-05	6.96e-03	9.93e-01
 8.44020e+20	0.00e+00	0.00e+00	0.00e+00	0.00e+00	0.00e+00	0.00e+00	4.33e-31	4.23e-26	1.44e-21	2.15e-17	2.12e-13	1.27e-09	1.56e-05	7.47e-03	9.93e-01
 1.00121e+21	0.00e+00	0.00e+00	0.00e+00	0.00e+00	0.00e+00	0.00e+00	8.14e-31	7.36e-26	2.31e-21	3.19e-17	2.90e-13	1.61e-09	1.82e-05	8.08e-03	9.92e-01
 1.15077e+21	0.00e+00	0.00e+00	0.00e+00	0.00e+00	0.00e+00	0.00e+00	1.45e-30	1.22e-25	3.57e-21	4.58e-17	3.88e-13	1.99e-09	2.10e-05	8.68e-03	9.91e-01
 1.28715e+21	0.00e+00	0.00e+00	0.00e+00	0.00e+00	0.00e+00	0.00e+00	2.42e-30	1.91e-25	5.24e-21	6.30e-17	5.00e-13	2.41e-09	2.39e-05	9.25e-03	9.91e-01
 1.44114e+21	0.00e+00	0.00e+00	0.00e+00	0.00e+00	0.00e+00	0.00e+00	4.24e-30	3.12e-25	7.97e-21	8.94e-17	6.61e-13	2.97e-09	2.75e-05	9.91e-03	9.90e-01
 1.62045e+21	0.00e+00	0.00e+00	0.00e+00	0.00e+00	0.00e+00	0.00e+00	7.96e-30	5.41e-25	1.28e-20	1.32e-16	9.05e-13	3.76e-09	3.21e-05	1.07e-02	9.89e-01
 1.78040e+21	0.00e+00	0.00e+00	0.00e+00	0.00e+00	0.00e+00	0.00e+00	1.37e-29	8.68e-25	1.92e-20	1.86e-16	1.19e-12	4.60e-09	3.67e-05	1.15e-02	9.89e-01
 1.90772e+21	0.00e+00	0.00e+00	0.00e+00	0.00e+00	0.00e+00	0.00e+00	2.08e-29	1.25e-24	2.63e-20	2.41e-16	1.46e-12	5.38e-09	4.08e-05	1.21e-02	9.88e-01
 2.04492e+21	0.00e+00	0.00e+00	0.00e+00	0.00e+00	0.00e+00	0.00e+00	3.24e-29	1.84e-24	3.66e-20	3.18e-16	1.82e-12	6.34e-09	4.55e-05	1.27e-02	9.87e-01
 2.22327e+21	0.00e+00	0.00e+00	0.00e+00	0.00e+00	0.00e+00	0.00e+00	5.67e-29	3.01e-24	5.57e-20	4.51e-16	2.40e-12	7.81e-09	5.22e-05	1.36e-02	9.86e-01
 2.40900e+21	0.00e+00	0.00e+00	0.00e+00	0.00e+00	0.00e+00	0.00e+00	9.96e-29	4.92e-24	8.49e-20	6.41e-16	3.18e-12	9.63e-09	6.01e-05	1.46e-02	9.85e-01
 2.56604e+21	0.00e+00	0.00e+00	0.00e+00	0.00e+00	0.00e+00	0.00e+00	1.58e-28	7.37e-24	1.20e-19	8.54e-16	4.00e-12	1.14e-08	6.73e-05	1.55e-02	9.84e-01
 2.73193e+21	0.00e+00	0.00e+00	0.00e+00	0.00e+00	0.00e+00	0.00e+00	2.54e-28	1.12e-23	1.71e-19	1.15e-15	5.07e-12	1.37e-08	7.57e-05	1.64e-02	9.84e-01
 2.91918e+21	0.00e+00	0.00e+00	0.00e+00	0.00e+00	0.00e+00	0.00e+00	4.30e-28	1.77e-23	2.54e-19	1.59e-15	6.58e-12	1.66e-08	8.62e-05	1.75e-02	9.82e-01
 3.09772e+21	0.00e+00	0.00e+00	0.00e+00	0.00e+00	0.00e+00	0.00e+00	6.98e-28	2.70e-23	3.65e-19	2.16e-15	8.37e-12	1.99e-08	9.72e-05	1.86e-02	9.81e-01
 3.29335e+21	0.00e+00	0.00e+00	0.00e+00	0.00e+00	0.00e+00	0.00e+00	1.17e-27	4.25e-23	5.38e-19	2.98e-15	1.08e-11	2.41e-08	1.10e-04	1.98e-02	9.80e-01
 3.50873e+21	0.00e+00	0.00e+00	0.00e+00	0.00e+00	0.00e+00	0.00e+00	2.04e-27	6.91e-23	8.16e-19	4.22e-15	1.43e-11	2.96e-08	1.27e-04	2.12e-02	9.79e-01
 3.70222e+21	0.00e+00	0.00e+00	0.00e+00	0.00e+00	0.00e+00	0.00e+00	3.31e-27	1.05e-22	1.17e-18	5.70e-15	1.81e-11	3.54e-08	1.43e-04	2.24e-02	9.77e-01
 3.86407e+21	0.00e+00	0.00e+00	0.00e+00	0.00e+00	0.00e+00	4.51e-32	4.92e-27	1.49e-22	1.58e-18	7.29e-15	2.21e-11	4.10e-08	1.57e-04	2.35e-02	9.76e-01
 4.03235e+21	0.00e+00	0.00e+00	0.00e+00	0.00e+00	0.00e+00	7.13e-32	7.39e-27	2.12e-22	2.14e-18	9.39e-15	2.70e-11	4.76e-08	1.74e-04	2.47e-02	9.75e-01
 4.25112e+21	0.00e+00	0.00e+00	0.00e+00	0.00e+00	0.00e+00	1.26e-31	1.23e-26	3.31e-22	3.12e-18	1.29e-14	3.47e-11	5.74e-08	1.97e-04	2.63e-02	9.73e-01
 4.47481e+21	0.00e+00	0.00e+00	0.00e+00	0.00e+00	0.00e+00	2.24e-31	2.04e-26	5.17e-22	4.58e-18	1.77e-14	4.46e-11	6.94e-08	2.23e-04	2.80e-02	9.72e-01
 4.65243e+21	0.00e+00	0.00e+00	0.00e+00	0.00e+00	0.00e+00	3.56e-31	3.08e-26	7.39e-22	6.21e-18	2.28e-14	5.46e-11	8.06e-08	2.47e-04	2.94e-02	9.70e-01
 4.83090e+21	0.00e+00	0.00e+00	0.00e+00	0.00e+00	0.00e+00	5.52e-31	4.55e-26	1.04e-21	8.32e-18	2.91e-14	6.63e-11	9.31e-08	2.71e-04	3.08e-02	9.69e-01
 5.06290e+21	0.00e+00	0.00e+00	0.00e+00	0.00e+00	0.00e+00	9.65e-31	7.45e-26	1.60e-21	1.21e-17	3.97e-14	8.47e-11	1.12e-07	3.06e-04	3.27e-02	9.67e-01
 5.30280e+21	0.00e+00	0.00e+00	0.00e+00	0.00e+00	0.00e+00	1.72e-30	1.24e-25	2.51e-21	1.77e-17	5.46e-14	1.09e-10	1.35e-07	3.47e-04	3.48e-02	9.65e-01
 5.49536e+21	0.00e+00	0.00e+00	0.00e+00	0.00e+00	0.00e+00	2.69e-30	1.85e-25	3.55e-21	2.38e-17	6.99e-14	1.33e-10	1.56e-07	3.82e-04	3.65e-02	9.63e-01
 5.68810e+21	0.00e+00	0.00e+00	0.00e+00	0.00e+00	0.00e+00	4.18e-30	2.74e-25	4.99e-21	3.19e-17	8.92e-14	1.61e-10	1.80e-07	4.20e-04	3.82e-02	9.61e-01
 5.89226e+21	0.00e+00	0.00e+00	0.00e+00	0.00e+00	0.00e+00	6.64e-30	4.12e-25	7.13e-21	4.34e-17	1.15e-13	1.97e-10	2.10e-07	4.65e-04	4.01e-02	9.59e-01
 6.06702e+21	0.00e+00	0.00e+00	0.00e+00	0.00e+00	0.00e+00	9.76e-30	5.80e-25	9.62e-21	5.60e-17	1.43e-13	2.33e-10	2.38e-07	5.05e-04	4.18e-02	9.58e-01
 6.24996e+21	0.00e+00	0.00e+00	0.00e+00	0.00e+00	0.00e+00	1.46e-29	8.27e-25	1.31e-20	7.31e-17	1.78e-13	2.78e-10	2.71e-07	5.50e-04	4.36e-02	9.56e-01
 6.45607e+21	0.00e+00	0.00e+00	0.00e+00	0.00e+00	0.00e+00	2.27e-29	1.23e-24	1.85e-20	9.83e-17	2.28e-13	3.38e-10	3.14e-07	6.06e-04	4.57e-02	9.54e-01
 6.65050e+21	0.00e+00	0.00e+00	0.00e+00	0.00e+00	0.00e+00	3.43e-29	1.77e-24	2.54e-20	1.29e-16	2.85e-13	4.04e-10	3.58e-07	6.62e-04	4.77e-02	9.52e-01
 6.82889e+21	0.00e+00	0.00e+00	0.00e+00	0.00e+00	0.00e+00	4.96e-29	2.45e-24	3.39e-20	1.65e-16	3.50e-13	4.75e-10	4.04e-07	7.16e-04	4.95e-02	9.50e-01
 7.02821e+21	0.00e+00	0.00e+00	0.00e+00	0.00e+00	0.00e+00	7.50e-29	3.53e-24	4.67e-20	2.17e-16	4.40e-13	5.69e-10	4.62e-07	7.83e-04	5.17e-02	9.48e-01
 7.24791e+21	0.00e+00	0.00e+00	0.00e+00	0.00e+00	0.00e+00	1.17e-28	5.23e-24	6.58e-20	2.91e-16	5.62e-13	6.91e-10	5.34e-07	8.61e-04	5.42e-02	9.45e-01
 7.44988e+21	0.00e+00	0.00e+00	0.00e+00	0.00e+00	0.00e+00	1.75e-28	7.49e-24	9.00e-20	3.81e-16	7.04e-13	8.25e-10	6.09e-07	9.39e-04	5.65e-02	9.43e-01
 7.63855e+21	0.00e+00	0.00e+00	0.00e+00	0.00e+00	0.00e+00	2.53e-28	1.04e-23	1.20e-19	4.87e-16	8.63e-13	9.69e-10	6.87e-07	1.02e-03	5.87e-02	9.40e-01
 7.81758e+21	0.00e+00	0.00e+00	0.00e+00	0.00e+00	0.00e+00	3.59e-28	1.42e-23	1.57e-19	6.14e-16	1.05e-12	1.13e-09	7.70e-07	1.09e-03	6.08e-02	9.38e-01
 7.98542e+21	0.00e+00	0.00e+00	0.00e+00	0.00e+00	0.00e+00	4.95e-28	1.88e-23	2.01e-19	7.61e-16	1.25e-12	1.30e-09	8.55e-07	1.17e-03	6.29e-02	9.36e-01
 8.17526e+21	0.00e+00	0.00e+00	0.00e+00	0.00e+00	0.00e+00	7.14e-28	2.60e-23	2.67e-19	9.70e-16	1.53e-12	1.52e-09	9.63e-07	1.27e-03	6.53e-02	9.33e-01
 8.38322e+21	0.00e+00	0.00e+00	0.00e+00	0.00e+00	0.00e+00	1.06e-27	3.68e-23	3.62e-19	1.26e-15	1.90e-12	1.81e-09	1.09e-06	1.38e-03	6.79e-02	9.31e-01
 8.57228e+21	0.00e+00	0.00e+00	0.00e+00	0.00e+00	0.00e+00	1.49e-27	5.01e-23	4.74e-19	1.59e-15	2.31e-12	2.11e-09	1.22e-06	1.48e-03	7.04e-02	9.28e-01
 8.77563e+21	0.00e+00	0.00e+00	0.00e+00	0.00e+00	0.00e+00	2.17e-27	6.98e-23	6.33e-19	2.03e-15	2.84e-12	2.48e-09	1.38e-06	1.61e-03	7.31e-02	9.25e-01
 8.99815e+21	0.00e+00	0.00e+00	0.00e+00	0.00e+00	0.00e+00	3.24e-27	9.96e-23	8.63e-19	2.66e-15	3.55e-12	2.96e-09	1.58e-06	1.75e-03	7.62e-02	9.22e-01
 9.19554e+21	0.00e+00	0.00e+00	0.00e+00	0.00e+00	4.27e-32	4.63e-27	1.36e-22	1.14e-18	3.37e-15	4.33e-12	3.45e-09	1.77e-06	1.89e-03	7.90e-02	9.19e-01
 9.37148e+21	0.00e+00	0.00e+00	0.00e+00	0.00e+00	6.01e-32	6.29e-27	1.79e-22	1.44e-18	4.13e-15	5.13e-12	3.95e-09	1.95e-06	2.01e-03	8.15e-02	9.17e-01
 9.56959e+21	0.00e+00	0.00e+00	0.00e+00	0.00e+00	8.85e-32	8.90e-27	2.44e-22	1.89e-18	5.20e-15	6.22e-12	4.60e-09	2.19e-06	2.17e-03	8.44e-02	9.13e-01
 9.79338e+21	0.00e+00	0.00e+00	0.00e+00	0.00e+00	1.36e-31	1.31e-26	3.43e-22	2.55e-18	6.73e-15	7.72e-12	5.45e-09	2.48e-06	2.35e-03	8.77e-02	9.10e-01
 9.99160e+21	0.00e+00	0.00e+00	0.00e+00	0.00e+00	1.99e-31	1.84e-26	4.64e-22	3.32e-18	8.45e-15	9.32e-12	6.32e-09	2.77e-06	2.53e-03	9.07e-02	9.07e-01
 1.01558e+22	0.00e+00	0.00e+00	0.00e+00	0.00e+00	2.71e-31	2.43e-26	5.93e-22	4.11e-18	1.02e-14	1.09e-11	7.13e-09	3.03e-06	2.68e-03	9.33e-02	9.04e-01
 1.03348e+22	0.00e+00	0.00e+00	0.00e+00	0.00e+00	3.79e-31	3.28e-26	7.74e-22	5.19e-18	1.24e-14	1.29e-11	8.14e-09	3.34e-06	2.86e-03	9.61e-02	9.01e-01
 1.05675e+22	0.00e+00	0.00e+00	0.00e+00	0.00e+00	5.80e-31	4.81e-26	1.09e-21	6.98e-18	1.60e-14	1.59e-11	9.62e-09	3.79e-06	3.10e-03	9.98e-02	8.97e-01
 1.08065e+22	0.00e+00	0.00e+00	0.00e+00	0.00e+00	8.97e-31	7.12e-26	1.54e-21	9.46e-18	2.08e-14	1.98e-11	1.14e-08	4.30e-06	3.37e-03	1.04e-01	8.93e-01
 1.10003e+22	0.00e+00	0.00e+00	0.00e+00	0.00e+00	1.27e-30	9.74e-26	2.03e-21	1.21e-17	2.57e-14	2.36e-11	1.31e-08	4.77e-06	3.60e-03	1.07e-01	8.89e-01
 1.11987e+22	0.00e+00	0.00e+00	0.00e+00	0.00e+00	1.81e-30	1.34e-25	2.69e-21	1.54e-17	3.17e-14	2.82e-11	1.51e-08	5.28e-06	3.84e-03	1.10e-01	8.86e-01
 1.14198e+22	0.00e+00	0.00e+00	0.00e+00	0.00e+00	2.67e-30	1.89e-25	3.66e-21	2.02e-17	4.01e-14	3.43e-11	1.76e-08	5.92e-06	4.14e-03	1.14e-01	8.82e-01
 1.16238e+22	0.00e+00	0.00e+00	0.00e+00	0.00e+00	3.82e-30	2.61e-25	4.86e-21	2.59e-17	4.97e-14	4.10e-11	2.02e-08	6.57e-06	4.43e-03	1.18e-01	8.78e-01
 1.18118e+22	0.00e+00	0.00e+00	0.00e+00	0.00e+00	5.28e-30	3.49e-25	6.29e-21	3.25e-17	6.04e-14	4.82e-11	2.30e-08	7.23e-06	4.70e-03	1.21e-01	8.74e-01
 1.20251e+22	0.00e+00	0.00e+00	0.00e+00	0.00e+00	7.58e-30	4.83e-25	8.39e-21	4.18e-17	7.50e-14	5.79e-11	2.65e-08	8.03e-06	5.04e-03	1.25e-01	8.70e-01
 1.22637e+22	0.00e+00	0.00e+00	0.00e+00	0.00e+00	1.13e-29	6.93e-25	1.16e-20	5.54e-17	9.56e-14	7.09e-11	3.11e-08	9.04e-06	5.43e-03	1.30e-01	8.65e-01
 1.24770e+22	0.00e+00	0.00e+00	0.00e+00	0.00e+00	1.62e-29	9.54e-25	1.54e-20	7.10e-17	1.18e-13	8.49e-11	3.58e-08	1.00e-05	5.81e-03	1.34e-01	8.61e-01
 1.26620e+22	0.00e+00	0.00e+00	0.00e+00	0.00e+00	2.19e-29	1.25e-24	1.96e-20	8.79e-17	1.42e-13	9.90e-11	4.04e-08	1.10e-05	6.15e-03	1.37e-01	8.57e-01
 1.28680e+22	0.00e+00	0.00e+00	0.00e+00	0.00e+00	3.06e-29	1.69e-24	2.55e-20	1.11e-16	1.74e-13	1.17e-10	4.61e-08	1.21e-05	6.55e-03	1.41e-01	8.52e-01
 1.31358e+22	0.00e+00	0.00e+00	0.00e+00	0.00e+00	4.70e-29	2.48e-24	3.59e-20	1.50e-16	2.26e-13	1.46e-10	5.46e-08	1.37e-05	7.10e-03	1.46e-01	8.46e-01
 1.34069e+22	0.00e+00	0.00e+00	0.00e+00	0.00e+00	7.23e-29	3.66e-24	5.06e-20	2.02e-16	2.93e-13	1.81e-10	6.48e-08	1.56e-05	7.70e-03	1.52e-01	8.40e-01
 1.36215e+22	0.00e+00	0.00e+00	0.00e+00	0.00e+00	1.01e-28	4.95e-24	6.62e-20	2.56e-16	3.59e-13	2.15e-10	7.40e-08	1.72e-05	8.21e-03	1.56e-01	8.35e-01
 1.38397e+22	0.00e+00	0.00e+00	0.00e+00	0.00e+00	1.42e-28	6.69e-24	8.65e-20	3.24e-16	4.40e-13	2.55e-10	8.46e-08	1.90e-05	8.74e-03	1.61e-01	8.30e-01
 1.40849e+22	0.00e+00	0.00e+00	0.00e+00	0.00e+00	2.06e-28	9.36e-24	1.17e-19	4.21e-16	5.52e-13	3.09e-10	9.82e-08	2.12e-05	9.37e-03	1.66e-01	8.25e-01
 1.43146e+22	0.00e+00	0.00e+00	0.00e+00	0.00e+00	2.91e-28	1.28e-23	1.54e-19	5.37e-16	6.82e-13	3.68e-10	1.13e-07	2.35e-05	1.00e-02	1.71e-01	8.19e-01
 1.45269e+22	0.00e+00	0.00e+00	0.00e+00	0.00e+00	3.99e-28	1.70e-23	1.98e-19	6.70e-16	8.26e-13	4.33e-10	1.28e-07	2.57e-05	1.06e-02	1.75e-01	8.14e-01
 1.47671e+22	0.00e+00	0.00e+00	0.00e+00	0.00e+00	5.66e-28	2.32e-23	2.61e-19	8.56e-16	1.02e-12	5.17e-10	1.47e-07	2.85e-05	1.13e-02	1.80e-01	8.08e-01
 1.50357e+22	0.00e+00	0.00e+00	0.00e+00	0.00e+00	8.33e-28	3.29e-23	3.56e-19	1.12e-15	1.29e-12	6.31e-10	1.72e-07	3.20e-05	1.22e-02	1.86e-01	8.02e-01
 1.52854e+22	0.00e+00	0.00e+00	0.00e+00	0.00e+00	1.19e-27	4.53e-23	4.74e-19	1.44e-15	1.61e-12	7.57e-10	1.98e-07	3.55e-05	1.30e-02	1.92e-01	7.95e-01
 1.55169e+22	0.00e+00	0.00e+00	0.00e+00	0.00e+00	1.64e-27	6.07e-23	6.14e-19	1.81e-15	1.96e-12	8.94e-10	2.25e-07	3.91e-05	1.38e-02	1.97e-01	7.89e-01
 1.57801e+22	0.00e+00	0.00e+00	0.00e+00	0.00e+00	2.36e-27	8.38e-23	8.18e-19	2.33e-15	2.44e-12	1.08e-09	2.60e-07	4.34e-05	1.48e-02	2.02e-01	7.83e-01
 1.60678e+22	0.00e+00	0.00e+00	0.00e+00	0.00e+00	3.48e-27	1.19e-22	1.12e-18	3.07e-15	3.10e-12	1.31e-09	3.04e-07	4.87e-05	1.59e-02	2.09e-01	7.75e-01
 1.63272e+22	0.00e+00	0.00e+00	0.00e+00	0.00e+00	4.96e-27	1.64e-22	1.48e-18	3.95e-15	3.85e-12	1.58e-09	3.51e-07	5.41e-05	1.70e-02	2.15e-01	7.68e-01
 1.65587e+22	0.00e+00	0.00e+00	0.00e+00	0.00e+00	6.66e-27	2.14e-22	1.88e-18	4.86e-15	4.62e-12	1.84e-09	3.95e-07	5.90e-05	1.79e-02	2.20e-01	7.62e-01
 1.68140e+22	0.00e+00	0.00e+00	0.00e+00	3.74e-32	9.22e-27	2.87e-22	2.44e-18	6.12e-15	5.64e-12	2.17e-09	4.50e-07	6.50e-05	1.90e-02	2.26e-01	7.55e-01
 1.71459e+22	0.00e+00	0.00e+00	0.00e+00	5.89e-32	1.40e-26	4.17e-22	3.41e-18	8.20e-15	7.28e-12	2.69e-09	5.32e-07	7.34e-05	2.05e-02	2.33e-01	7.47e-01
 1.74827e+22	0.00e+00	0.00e+00	0.00e+00	9.31e-32	2.12e-26	6.07e-22	4.77e-18	1.10e-14	9.42e-12	3.35e-09	6.29e-07	8.30e-05	2.22e-02	2.40e-01	7.37e-01
 1.77515e+22	0.00e+00	0.00e+00	0.00e+00	1.33e-31	2.94e-26	8.16e-22	6.20e-18	1.39e-14	1.15e-11	3.96e-09	7.18e-07	9.14e-05	2.35e-02	2.46e-01	7.30e-01
 1.80265e+22	0.00e+00	0.00e+00	0.00e+00	1.90e-31	4.06e-26	1.09e-21	8.04e-18	1.75e-14	1.41e-11	4.69e-09	8.18e-07	1.00e-04	2.50e-02	2.52e-01	7.23e-01
 1.83839e+22	0.00e+00	0.00e+00	0.00e+00	2.97e-31	6.13e-26	1.58e-21	1.12e-17	2.34e-14	1.81e-11	5.80e-09	9.65e-07	1.13e-04	2.69e-02	2.60e-01	7.13e-01
 1.87432e+22	0.00e+00	0.00e+00	0.00e+00	4.65e-31	9.23e-26	2.29e-21	1.55e-17	3.13e-14	2.33e-11	7.17e-09	1.14e-06	1.28e-04	2.90e-02	2.68e-01	7.03e-01
 1.90245e+22	0.00e+00	0.00e+00	0.00e+00	6.54e-31	1.26e-25	3.03e-21	2.00e-17	3.90e-14	2.83e-11	8.43e-09	1.29e-06	1.40e-04	3.07e-02	2.74e-01	6.95e-01
 1.93099e+22	0.00e+00	0.00e+00	0.00e+00	9.15e-31	1.72e-25	4.00e-21	2.56e-17	4.85e-14	3.42e-11	9.89e-09	1.46e-06	1.53e-04	3.24e-02	2.80e-01	6.87e-01
 1.96808e+22	0.00e+00	0.00e+00	0.00e+00	1.40e-30	2.54e-25	5.69e-21	3.51e-17	6.40e-14	4.36e-11	1.21e-08	1.71e-06	1.72e-04	3.48e-02	2.88e-01	6.77e-01
 2.00723e+22	0.00e+00	0.00e+00	0.00e+00	2.19e-30	3.81e-25	8.22e-21	4.87e-17	8.55e-14	5.60e-11	1.50e-08	2.01e-06	1.93e-04	3.74e-02	2.96e-01	6.66e-01
 2.04061e+22	0.00e+00	0.00e+00	0.00e+00	3.16e-30	5.35e-25	1.12e-20	6.40e-17	1.09e-13	6.91e-11	1.78e-08	2.31e-06	2.13e-04	3.97e-02	3.03e-01	6.57e-01
 2.06999e+22	0.00e+00	0.00e+00	0.00e+00	4.34e-30	7.15e-25	1.45e-20	8.09e-17	1.34e-13	8.27e-11	2.07e-08	2.59e-06	2.32e-04	4.18e-02	3.09e-01	6.49e-01
 2.10258e+22	0.00e+00	0.00e+00	0.00e+00	6.11e-30	9.78e-25	1.93e-20	1.04e-16	1.67e-13	1.00e-10	2.44e-08	2.94e-06	2.54e-04	4.41e-02	3.15e-01	6.40e-01
 2.14496e+22	0.00e+00	0.00e+00	0.00e+00	9.42e-30	1.45e-24	2.76e-20	1.43e-16	2.21e-13	1.28e-10	2.99e-08	3.44e-06	2.84e-04	4.73e-02	3.23e-01	6.29e-01
 2.18827e+22	0.00e+00	0.00e+00	0.00e+00	1.46e-29	2.17e-24	3.97e-20	1.98e-16	2.95e-13	1.64e-10	3.69e-08	4.05e-06	3.19e-04	5.07e-02	3.32e-01	6.17e-01
 2.22329e+22	0.00e+00	0.00e+00	0.00e+00	2.06e-29	2.99e-24	5.28e-20	2.56e-16	3.69e-13	2.00e-10	4.34e-08	4.59e-06	3.49e-04	5.36e-02	3.38e-01	6.08e-01
 2.25929e+22	0.00e+00	0.00e+00	0.00e+00	2.91e-29	4.09e-24	7.02e-20	3.30e-16	4.62e-13	2.43e-10	5.11e-08	5.20e-06	3.82e-04	5.65e-02	3.44e-01	5.99e-01
 2.30609e+22	0.00e+00	0.00e+00	0.00e+00	4.48e-29	6.08e-24	1.01e-19	4.55e-16	6.13e-13	3.10e-10	6.27e-08	6.10e-06	4.28e-04	6.05e-02	3.53e-01	5.87e-01
 2.35426e+22	0.00e+00	0.00e+00	0.00e+00	6.98e-29	9.14e-24	1.45e-19	6.32e-16	8.18e-13	3.99e-10	7.73e-08	7.17e-06	4.80e-04	6.48e-02	3.61e-01	5.74e-01
 2.39374e+22	0.00e+00	0.00e+00	0.00e+00	9.94e-29	1.26e-23	1.95e-19	8.21e-16	1.03e-12	4.87e-10	9.13e-08	8.15e-06	5.26e-04	6.84e-02	3.67e-01	5.64e-01
 2.42872e+22	0.00e+00	0.00e+00	0.00e+00	1.35e-28	1.67e-23	2.51e-19	1.03e-15	1.26e-12	5.79e-10	1.06e-07	9.11e-06	5.69e-04	7.16e-02	3.73e-01	5.55e-01
 2.46830e+22	0.00e+00	0.00e+00	0.00e+00	1.89e-28	2.28e-23	3.32e-19	1.32e-15	1.56e-12	7.00e-10	1.24e-07	1.03e-05	6.20e-04	7.53e-02	3.79e-01	5.45e-01
 2.51975e+22	0.00e+00	0.00e+00	0.00e+00	2.88e-28	3.36e-23	4.71e-19	1.81e-15	2.06e-12	8.89e-10	1.51e-07	1.20e-05	6.91e-04	8.03e-02	3.87e-01	5.32e-01
 2.57271e+22	0.00e+00	0.00e+00	0.00e+00	4.44e-28	5.00e-23	6.76e-19	2.49e-15	2.74e-12	1.14e-09	1.85e-07	1.40e-05	7.71e-04	8.56e-02	3.94e-01	5.19e-01
 2.61593e+22	0.00e+00	0.00e+00	0.00e+00	6.28e-28	6.88e-23	9.01e-19	3.22e-15	3.43e-12	1.38e-09	2.17e-07	1.59e-05	8.42e-04	9.01e-02	4.00e-01	5.09e-01
 2.66043e+22	0.00e+00	0.00e+00	0.00e+00	8.83e-28	9.41e-23	1.20e-18	4.15e-15	4.28e-12	1.68e-09	2.55e-07	1.79e-05	9.17e-04	9.47e-02	4.06e-01	4.98e-01
 2.71826e+22	0.00e+00	0.00e+00	0.00e+00	1.36e-27	1.40e-22	1.72e-18	5.73e-15	5.68e-12	2.14e-09	3.12e-07	2.10e-05	1.02e-03	1.01e-01	4.13e-01	4.85e-01
 2.77814e+22	0.00e+00	0.00e+00	3.66e-32	2.13e-27	2.11e-22	2.49e-18	7.98e-15	7.60e-12	2.75e-09	3.85e-07	2.46e-05	1.14e-03	1.07e-01	4.20e-01	4.71e-01
 2.82768e+22	0.00e+00	0.00e+00	5.48e-32	3.04e-27	2.94e-22	3.35e-18	1.04e-14	9.60e-12	3.37e-09	4.55e-07	2.79e-05	1.25e-03	1.13e-01	4.26e-01	4.60e-01
 2.87121e+22	0.00e+00	0.00e+00	7.73e-32	4.14e-27	3.90e-22	4.33e-18	1.31e-14	1.17e-11	4.00e-09	5.25e-07	3.12e-05	1.35e-03	1.18e-01	4.30e-01	4.50e-01
 2.91989e+22	0.00e+00	0.00e+00	1.13e-31	5.78e-27	5.30e-22	5.72e-18	1.68e-14	1.46e-11	4.83e-09	6.14e-07	3.51e-05	1.46e-03	1.24e-01	4.35e-01	4.40e-01
 2.98318e+22	0.00e+00	0.00e+00	1.81e-31	8.80e-27	7.81e-22	8.12e-18	2.29e-14	1.92e-11	6.13e-09	7.47e-07	4.08e-05	1.62e-03	1.31e-01	4.41e-01	4.26e-01
 3.04838e+22	0.00e+00	0.00e+00	2.94e-31	1.36e-26	1.17e-21	1.17e-17	3.17e-14	2.55e-11	7.82e-09	9.14e-07	4.75e-05	1.80e-03	1.39e-01	4.47e-01	4.13e-01
 3.10153e+22	0.00e+00	0.00e+00	4.33e-31	1.92e-26	1.60e-21	1.56e-17	4.10e-14	3.19e-11	9.50e-09	1.07e-06	5.37e-05	1.96e-03	1.45e-01	4.51e-01	4.02e-01
 3.15607e+22	0.00e+00	0.00e+00	6.34e-31	2.69e-26	2.19e-21	2.07e-17	5.28e-14	3.99e-11	1.15e-08	1.26e-06	6.05e-05	2.13e-03	1.52e-01	4.55e-01	3.91e-01
 3.22698e+22	0.00e+00	0.00e+00	1.03e-30	4.14e-26	3.25e-21	2.96e-17	7.27e-14	5.27e-11	1.46e-08	1.53e-06	7.03e-05	2.36e-03	1.61e-01	4.59e-01	3.77e-01
 3.30068e+22	0.00e+00	0.00e+00	1.70e-30	6.46e-26	4.91e-21	4.29e-17	1.01e-13	7.06e-11	1.88e-08	1.88e-06	8.22e-05	2.62e-03	1.70e-01	4.64e-01	3.63e-01
 3.36198e+22	0.00e+00	0.00e+00	2.55e-30	9.27e-26	6.86e-21	5.81e-17	1.33e-13	8.94e-11	2.31e-08	2.23e-06	9.33e-05	2.86e-03	1.78e-01	4.67e-01	3.52e-01
 3.42561e+22	0.00e+00	0.00e+00	3.82e-30	1.33e-25	9.55e-21	7.84e-17	1.74e-13	1.13e-10	2.82e-08	2.63e-06	1.06e-04	3.11e-03	1.87e-01	4.70e-01	3.41e-01
 3.49247e+22	0.00e+00	0.00e+00	5.85e-30	1.94e-25	1.35e-20	1.08e-16	2.30e-13	1.45e-10	3.49e-08	3.13e-06	1.21e-04	3.39e-03	1.95e-01	4.72e-01	3.29e-01
 3.54868e+22	0.00e+00	0.00e+00	8.31e-30	2.64e-25	1.81e-20	1.40e-16	2.91e-13	1.78e-10	4.16e-08	3.61e-06	1.34e-04	3.65e-03	2.03e-01	4.74e-01	3.19e-01
 3.60690e+22	0.00e+00	0.00e+00	1.18e-29	3.60e-25	2.41e-20	1.81e-16	3.67e-13	2.18e-10	4.95e-08	4.17e-06	1.50e-04	3.92e-03	2.11e-01	4.76e-01	3.10e-01
 3.68258e+22	0.00e+00	0.00e+00	1.83e-29	5.31e-25	3.45e-20	2.51e-16	4.91e-13	2.81e-10	6.16e-08	4.98e-06	1.71e-04	4.29e-03	2.21e-01	4.77e-01	2.98e-01
 3.76022e+22	0.00e+00	0.00e+00	2.89e-29	7.97e-25	5.02e-20	3.53e-16	6.66e-13	3.66e-10	7.75e-08	6.01e-06	1.97e-04	4.71e-03	2.31e-01	4.78e-01	2.85e-01
 3.82243e+22	0.00e+00	0.00e+00	4.13e-29	1.09e-24	6.73e-20	4.61e-16	8.45e-13	4.51e-10	9.26e-08	6.95e-06	2.20e-04	5.06e-03	2.40e-01	4.79e-01	2.76e-01
 3.88533e+22	0.00e+00	0.00e+00	5.83e-29	1.48e-24	8.94e-20	5.97e-16	1.06e-12	5.52e-10	1.10e-07	8.01e-06	2.44e-04	5.42e-03	2.48e-01	4.79e-01	2.67e-01
 3.95264e+22	0.00e+00	0.00e+00	8.46e-29	2.06e-24	1.21e-19	7.88e-16	1.36e-12	6.86e-10	1.33e-07	9.32e-06	2.73e-04	5.84e-03	2.58e-01	4.79e-01	2.57e-01
 4.01080e+22	0.00e+00	0.00e+00	1.16e-28	2.73e-24	1.57e-19	9.98e-16	1.69e-12	8.25e-10	1.55e-07	1.06e-05	3.01e-04	6.22e-03	2.66e-01	4.79e-01	2.49e-01
 4.06352e+22	0.00e+00	0.00e+00	1.53e-28	3.48e-24	1.97e-19	1.23e-15	2.03e-12	9.69e-10	1.78e-07	1.19e-05	3.27e-04	6.56e-03	2.73e-01	4.78e-01	2.42e-01
 4.12404e+22	0.00e+00	0.00e+00	2.10e-28	4.59e-24	2.56e-19	1.55e-15	2.50e-12	1.16e-09	2.09e-07	1.35e-05	3.60e-04	6.98e-03	2.81e-01	4.77e-01	2.34e-01
 4.20272e+22	0.00e+00	0.00e+00	3.10e-28	6.48e-24	3.53e-19	2.08e-15	3.25e-12	1.47e-09	2.54e-07	1.58e-05	4.05e-04	7.54e-03	2.91e-01	4.76e-01	2.25e-01
 4.28306e+22	0.00e+00	0.00e+00	4.68e-28	9.31e-24	4.95e-19	2.83e-15	4.29e-12	1.86e-09	3.13e-07	1.87e-05	4.59e-04	8.17e-03	3.03e-01	4.74e-01	2.15e-01
 4.34199e+22	0.00e+00	0.00e+00	6.31e-28	1.21e-23	6.33e-19	3.54e-15	5.24e-12	2.22e-09	3.63e-07	2.12e-05	5.02e-04	8.66e-03	3.11e-01	4.72e-01	2.08e-01
 4.38649e+22	0.00e+00	0.00e+00	7.87e-28	1.47e-23	7.60e-19	4.19e-15	6.08e-12	2.53e-09	4.06e-07	2.32e-05	5.37e-04	9.03e-03	3.17e-01	4.71e-01	2.03e-01
 4.43581e+22	0.00e+00	0.00e+00	9.92e-28	1.80e-23	9.19e-19	4.98e-15	7.10e-12	2.90e-09	4.56e-07	2.54e-05	5.75e-04	9.44e-03	3.23e-01	4.69e-01	1.97e-01
 4.49992e+22	0.00e+00	0.00e+00	1.33e-27	2.33e-23	1.17e-18	6.20e-15	8.65e-12	3.44e-09	5.28e-07	2.87e-05	6.28e-04	9.98e-03	3.32e-01	4.67e-01	1.91e-01
 4.57129e+22	0.00e+00	0.00e+00	1.87e-27	3.13e-23	1.55e-18	8.02e-15	1.09e-11	4.21e-09	6.28e-07	3.30e-05	6.96e-04	1.07e-02	3.42e-01	4.64e-01	1.83e-01
 4.63508e+22	0.00e+00	0.00e+00	2.52e-27	4.07e-23	1.98e-18	1.00e-14	1.33e-11	5.02e-09	7.30e-07	3.72e-05	7.61e-04	1.13e-02	3.50e-01	4.61e-01	1.76e-01
 4.69131e+22	0.00e+00	0.00e+00	3.25e-27	5.08e-23	2.44e-18	1.22e-14	1.58e-11	5.84e-09	8.30e-07	4.14e-05	8.22e-04	1.18e-02	3.58e-01	4.59e-01	1.71e-01
 4.75473e+22	0.00e+00	4.73e-32	4.28e-27	6.47e-23	3.06e-18	1.50e-14	1.91e-11	6.86e-09	9.53e-07	4.62e-05	8.92e-04	1.25e-02	3.66e-01	4.56e-01	1.65e-01
 4.82449e+22	0.00e+00	6.74e-32	5.85e-27	8.50e-23	3.97e-18	1.90e-14	2.36e-11	8.28e-09	1.12e-06	5.27e-05	9.82e-04	1.32e-02	3.75e-01	4.52e-01	1.58e-01
 4.88609e+22	0.00e+00	9.16e-32	7.68e-27	1.08e-22	4.97e-18	2.34e-14	2.85e-11	9.73e-09	1.29e-06	5.89e-05	1.07e-03	1.39e-02	3.83e-01	4.49e-01	1.53e-01
 4.94062e+22	0.00e+00	1.19e-31	9.71e-27	1.32e-22	6.04e-18	2.79e-14	3.34e-11	1.12e-08	1.45e-06	6.49e-05	1.14e-03	1.45e-02	3.90e-01	4.46e-01	1.48e-01
 5.00235e+22	0.00e+00	1.59e-31	1.25e-26	1.65e-22	7.44e-18	3.38e-14	3.97e-11	1.30e-08	1.65e-06	7.19e-05	1.23e-03	1.52e-02	3.98e-01	4.43e-01	1.43e-01
 5.08259e+22	0.00e+00	2.31e-31	1.74e-26	2.19e-22	9.78e-18	4.35e-14	4.99e-11	1.59e-08	1.95e-06	8.25e-05	1.36e-03	1.62e-02	4.08e-01	4.38e-01	1.37e-01
 5.16409e+22	0.00e+00	3.41e-31	2.45e-26	2.95e-22	1.30e-17	5.66e-14	6.32e-11	1.95e-08	2.33e-06	9.51e-05	1.51e-03	1.72e-02	4.18e-01	4.33e-01	1.30e-01
 5.22804e+22	0.00e+00	4.59e-31	3.19e-26	3.70e-22	1.62e-17	6.93e-14	7.58e-11	2.29e-08	2.67e-06	1.06e-04	1.64e-03	1.81e-02	4.26e-01	4.29e-01	1.25e-01
 5.29201e+22	0.00e+00	6.11e-31	4.10e-26	4.60e-22	1.99e-17	8.40e-14	9.03e-11	2.67e-08	3.04e-06	1.18e-04	1.77e-03	1.89e-02	4.34e-01	4.24e-01	1.21e-01
 5.37516e+22	0.00e+00	8.76e-31	5.63e-26	6.05e-22	2.60e-17	1.07e-13	1.13e-10	3.23e-08	3.58e-06	1.34e-04	1.94e-03	2.01e-02	4.44e-01	4.19e-01	1.15e-01
 5.45895e+22	0.00e+00	1.28e-30	7.86e-26	8.06e-22	3.43e-17	1.39e-13	1.42e-10	3.96e-08	4.26e-06	1.55e-04	2.15e-03	2.13e-02	4.54e-01	4.13e-01	1.09e-01
 5.52339e+22	0.00e+00	1.71e-30	1.01e-25	1.00e-21	4.23e-17	1.69e-13	1.70e-10	4.62e-08	4.86e-06	1.72e-04	2.32e-03	2.23e-02	4.62e-01	4.08e-01	1.05e-01
 5.58701e+22	0.00e+00	2.23e-30	1.28e-25	1.22e-21	5.15e-17	2.03e-13	2.00e-10	5.34e-08	5.50e-06	1.90e-04	2.49e-03	2.33e-02	4.69e-01	4.04e-01	1.01e-01
 5.66971e+22	0.00e+00	3.13e-30	1.72e-25	1.58e-21	6.61e-17	2.56e-13	2.47e-10	6.42e-08	6.43e-06	2.15e-04	2.73e-03	2.46e-02	4.78e-01	3.98e-01	9.65e-02
 5.75560e+22	0.00e+00	4.53e-30	2.37e-25	2.08e-21	8.66e-17	3.29e-13	3.11e-10	7.84e-08	7.63e-06	2.47e-04	3.01e-03	2.61e-02	4.88e-01	3.91e-01	9.15e-02
 5.82506e+22	0.00e+00	6.11e-30	3.08e-25	2.59e-21	1.08e-16	4.04e-13	3.75e-10	9.24e-08	8.77e-06	2.76e-04	3.27e-03	2.73e-02	4.96e-01	3.86e-01	8.75e-02
 5.88501e+22	0.00e+00	7.74e-30	3.78e-25	3.09e-21	1.28e-16	4.75e-13	4.35e-10	1.05e-07	9.78e-06	3.01e-04	3.48e-03	2.84e-02	5.02e-01	3.81e-01	8.45e-02
 5.95315e+22	0.00e+00	1.01e-29	4.78e-25	3.77e-21	1.56e-16	5.72e-13	5.14e-10	1.22e-07	1.11e-05	3.33e-04	3.74e-03	2.96e-02	5.09e-01	3.76e-01	8.11e-02
 6.04173e+22	0.00e+00	1.42e-29	6.42e-25	4.84e-21	2.01e-16	7.23e-13	6.37e-10	1.47e-07	1.30e-05	3.78e-04	4.09e-03	3.12e-02	5.18e-01	3.69e-01	7.70e-02
 6.13439e+22	0.00e+00	2.06e-29	8.84e-25	6.35e-21	2.63e-16	9.34e-13	8.05e-10	1.80e-07	1.55e-05	4.34e-04	4.52e-03	3.31e-02	5.27e-01	3.62e-01	7.26e-02
 6.21017e+22	0.00e+00	2.79e-29	1.15e-24	7.92e-21	3.30e-16	1.16e-12	9.78e-10	2.13e-07	1.79e-05	4.87e-04	4.92e-03	3.47e-02	5.35e-01	3.56e-01	6.91e-02
 6.27532e+22	0.00e+00	3.54e-29	1.41e-24	9.43e-21	3.93e-16	1.36e-12	1.14e-09	2.43e-07	2.00e-05	5.32e-04	5.24e-03	3.60e-02	5.41e-01	3.51e-01	6.64e-02
 6.34881e+22	0.00e+00	4.63e-29	1.78e-24	1.15e-20	4.79e-16	1.64e-12	1.35e-09	2.83e-07	2.27e-05	5.89e-04	5.64e-03	3.75e-02	5.48e-01	3.45e-01	6.35e-02
 6.44434e+22	0.00e+00	6.49e-29	2.38e-24	1.46e-20	6.14e-16	2.08e-12	1.68e-09	3.42e-07	2.66e-05	6.70e-04	6.18e-03	3.95e-02	5.56e-01	3.37e-01	6.00e-02
 6.54600e+22	0.00e+00	9.40e-29	3.28e-24	1.91e-20	8.08e-16	2.70e-12	2.13e-09	4.21e-07	3.18e-05	7.71e-04	6.83e-03	4.19e-02	5.65e-01	3.29e-01	5.62e-02
 6.63177e+22	0.00e+00	1.28e-28	4.28e-24	2.38e-20	1.02e-15	3.37e-12	2.61e-09	5.03e-07	3.69e-05	8.69e-04	7.44e-03	4.39e-02	5.72e-01	3.22e-01	5.32e-02
 6.70643e+22	0.00e+00	1.67e-28	5.36e-24	2.87e-20	1.24e-15	4.06e-12	3.10e-09	5.85e-07	4.20e-05	9.62e-04	8.00e-03	4.58e-02	5.79e-01	3.16e-01	5.06e-02
 6.79048e+22	0.00e+00	2.18e-28	6.75e-24	3.47e-20	1.51e-15	4.90e-12	3.69e-09	6.81e-07	4.77e-05	1.06e-03	8.60e-03	4.77e-02	5.85e-01	3.10e-01	4.82e-02
 6.89974e+22	0.00e+00	3.09e-28	9.08e-24	4.44e-20	1.95e-15	6.27e-12	4.63e-09	8.31e-07	5.64e-05	1.22e-03	9.46e-03	5.03e-02	5.92e-01	3.02e-01	4.52e-02
 7.01642e+22	0.00e+00	4.51e-28	1.26e-23	5.80e-20	2.58e-15	8.21e-12	5.94e-09	1.03e-06	6.77e-05	1.41e-03	1.05e-02	5.33e-02	6.00e-01	2.93e-01	4.20e-02
 7.11097e+22	0.00e+00	6.17e-28	1.64e-23	7.21e-20	3.26e-15	1.03e-11	7.30e-09	1.24e-06	7.89e-05	1.59e-03	1.14e-02	5.59e-02	6.06e-01	2.85e-01	3.94e-02
 7.18522e+22	0.00e+00	7.78e-28	1.99e-23	8.47e-20	3.87e-15	1.21e-11	8.51e-09	1.42e-06	8.83e-05	1.74e-03	1.22e-02	5.79e-02	6.11e-01	2.80e-01	3.76e-02
 7.26482e+22	0.00e+00	9.74e-28	2.41e-23	9.92e-20	4.57e-15	1.42e-11	9.87e-09	1.61e-06	9.84e-05	1.89e-03	1.30e-02	5.99e-02	6.15e-01	2.74e-01	3.59e-02
 7.36830e+22	0.00e+00	1.30e-27	3.09e-23	1.21e-19	5.67e-15	1.75e-11	1.20e-08	1.91e-06	1.13e-04	2.12e-03	1.40e-02	6.26e-02	6.20e-01	2.67e-01	3.38e-02
 7.48272e+22	0.00e+00	1.80e-27	4.07e-23	1.52e-19	7.20e-15	2.21e-11	1.48e-08	2.31e-06	1.33e-04	2.40e-03	1.53e-02	6.57e-02	6.26e-01	2.59e-01	3.16e-02
 7.58641e+22	0.00e+00	2.41e-27	5.20e-23	1.86e-19	8.93e-15	2.72e-11	1.80e-08	2.74e-06	1.53e-04	2.68e-03	1.66e-02	6.86e-02	6.30e-01	2.52e-01	2.97e-02
 7.68041e+22	0.00e+00	3.11e-27	6.46e-23	2.21e-19	1.08e-14	3.27e-11	2.14e-08	3.18e-06	1.73e-04	2.96e-03	1.78e-02	7.12e-02	6.34e-01	2.46e-01	2.80e-02
 7.78676e+22	0.00e+00	4.04e-27	8.07e-23	2.66e-19	1.31e-14	3.94e-11	2.54e-08	3.70e-06	1.97e-04	3.27e-03	1.91e-02	7.40e-02	6.38e-01	2.39e-01	2.65e-02
 7.92502e+22	0.00e+00	5.62e-27	1.07e-22	3.34e-19	1.67e-14	4.98e-11	3.16e-08	4.49e-06	2.31e-04	3.71e-03	2.08e-02	7.76e-02	6.42e-01	2.31e-01	2.46e-02
 8.07030e+22	0.00e+00	8.06e-27	1.45e-22	4.28e-19	2.17e-14	6.44e-11	4.01e-08	5.53e-06	2.75e-04	4.25e-03	2.29e-02	8.17e-02	6.46e-01	2.22e-01	2.26e-02
 8.19020e+22	0.00e+00	1.08e-26	1.86e-22	5.24e-19	2.70e-14	7.94e-11	4.87e-08	6.57e-06	3.17e-04	4.76e-03	2.48e-02	8.52e-02	6.49e-01	2.15e-01	2.11e-02
 8.29469e+22	0.00e+00	1.37e-26	2.27e-22	6.17e-19	3.21e-14	9.39e-11	5.70e-08	7.54e-06	3.55e-04	5.20e-03	2.64e-02	8.81e-02	6.51e-01	2.09e-01	1.99e-02
 8.41366e+22	0.00e+00	1.76e-26	2.81e-22	7.34e-19	3.84e-14	1.12e-10	6.69e-08	8.68e-06	3.98e-04	5.70e-03	2.81e-02	9.11e-02	6.52e-01	2.04e-01	1.88e-02
 8.56832e+22	0.00e+00	2.40e-26	3.66e-22	9.12e-19	4.81e-14	1.39e-10	8.20e-08	1.04e-05	4.62e-04	6.40e-03	3.05e-02	9.50e-02	6.54e-01	1.96e-01	1.74e-02
 8.72999e+22	0.00e+00	3.39e-26	4.90e-22	1.16e-18	6.16e-14	1.77e-10	1.02e-07	1.26e-05	5.43e-04	7.26e-03	3.33e-02	9.94e-02	6.55e-01	1.88e-01	1.60e-02
 8.85843e+22	0.00e+00	4.46e-26	6.19e-22	1.40e-18	7.50e-14	2.14e-10	1.22e-07	1.48e-05	6.18e-04	8.03e-03	3.57e-02	1.03e-01	6.56e-01	1.82e-01	1.49e-02
 8.96313e+22	0.00e+00	5.45e-26	7.34e-22	1.61e-18	8.65e-14	2.45e-10	1.39e-07	1.65e-05	6.76e-04	8.61e-03	3.75e-02	1.06e-01	6.56e-01	1.77e-01	1.42e-02
 9.07927e+22	0.00e+00	6.73e-26	8.80e-22	1.87e-18	1.01e-13	2.84e-10	1.59e-07	1.86e-05	7.46e-04	9.30e-03	3.95e-02	1.09e-01	6.56e-01	1.73e-01	1.35e-02
 9.23025e+22	0.00e+00	8.75e-26	1.10e-21	2.25e-18	1.21e-13	3.39e-10	1.88e-07	2.16e-05	8.41e-04	1.02e-02	4.20e-02	1.12e-01	6.55e-01	1.67e-01	1.26e-02
 9.42653e+22	6.48e-32	1.22e-25	1.46e-21	2.83e-18	1.53e-13	4.24e-10	2.31e-07	2.59e-05	9.76e-04	1.14e-02	4.55e-02	1.17e-01	6.54e-01	1.60e-01	1.16e-02
 9.62602e+22	9.66e-32	1.74e-25	1.98e-21	3.65e-18	1.96e-13	5.40e-10	2.90e-07	3.16e-05	1.15e-03	1.30e-02	4.95e-02	1.22e-01	6.52e-01	1.52e-01	1.05e-02
 9.77958e+22	1.31e-31	2.29e-25	2.50e-21	4.43e-18	2.37e-13	6.48e-10	3.43e-07	3.67e-05	1.29e-03	1.42e-02	5.27e-02	1.26e-01	6.50e-01	1.47e-01	9.82e-03
 9.92910e+22	1.68e-31	2.87e-25	3.04e-21	5.20e-18	2.77e-13	7.53e-10	3.94e-07	4.15e-05	1.43e-03	1.54e-02	5.55e-02	1.29e-01	6.48e-01	1.42e-01	9.24e-03
 1.01235e+23	2.29e-31	3.81e-25	3.88e-21	6.36e-18	3.36e-13	9.07e-10	4.69e-07	4.83e-05	1.62e-03	1.69e-02	5.91e-02	1.33e-01	6.45e-01	1.36e-01	8.57e-03
 1.03432e+23	3.29e-31	5.32e-25	5.17e-21	8.06e-18	4.22e-13	1.13e-09	5.74e-07	5.78e-05	1.87e-03	1.89e-02	6.36e-02	1.38e-01	6.40e-01	1.30e-01	7.84e-03
 1.05330e+23	4.54e-31	7.16e-25	6.67e-21	9.97e-18	5.16e-13	1.37e-09	6.87e-07	6.77e-05	2.12e-03	2.08e-02	6.78e-02	1.42e-01	6.36e-01	1.24e-01	7.22e-03
 1.06795e+23	5.68e-31	8.83e-25	8.00e-21	1.16e-17	5.95e-13	1.57e-09	7.78e-07	7.56e-05	2.32e-03	2.22e-02	7.08e-02	1.45e-01	6.33e-01	1.20e-01	6.82e-03
 1.08326e+23	7.05e-31	1.08e-24	9.52e-21	1.34e-17	6.82e-13	1.78e-09	8.77e-07	8.39e-05	2.52e-03	2.37e-02	7.38e-02	1.47e-01	6.29e-01	1.17e-01	6.45e-03
 1.10316e+23	9.14e-31	1.38e-24	1.18e-20	1.60e-17	8.04e-13	2.09e-09	1.01e-06	9.51e-05	2.79e-03	2.55e-02	7.75e-02	1.51e-01	6.25e-01	1.13e-01	6.04e-03
 1.12904e+23	1.27e-30	1.88e-24	1.54e-20	2.01e-17	9.89e-13	2.54e-09	1.21e-06	1.12e-04	3.16e-03	2.81e-02	8.25e-02	1.55e-01	6.18e-01	1.07e-01	5.53e-03
 1.15601e+23	1.83e-30	2.66e-24	2.08e-20	2.58e-17	1.25e-12	3.17e-09	1.49e-06	1.34e-04	3.65e-03	3.13e-02	8.83e-02	1.60e-01	6.10e-01	1.01e-01	5.01e-03
 1.17764e+23	2.42e-30	3.49e-24	2.63e-20	3.15e-17	1.49e-12	3.75e-09	1.74e-06	1.53e-04	4.07e-03	3.39e-02	9.30e-02	1.63e-01	6.04e-01	9.70e-02	4.64e-03
 1.19899e+23	3.07e-30	4.40e-24	3.22e-20	3.73e-17	1.74e-12	4.34e-09	1.99e-06	1.72e-04	4.46e-03	3.63e-02	9.71e-02	1.66e-01	5.98e-01	9.33e-02	4.34e-03
 1.22675e+23	4.07e-30	5.81e-24	4.10e-20	4.59e-17	2.09e-12	5.16e-09	2.33e-06	1.97e-04	4.97e-03	3.94e-02	1.02e-01	1.70e-01	5.91e-01	8.91e-02	4.01e-03
 1.26285e+23	5.77e-30	8.22e-24	5.54e-20	5.91e-17	2.62e-12	6.39e-09	2.83e-06	2.34e-04	5.69e-03	4.35e-02	1.09e-01	1.74e-01	5.80e-01	8.39e-02	3.62e-03
 1.29981e+23	8.56e-30	1.22e-23	7.84e-20	7.92e-17	3.40e-12	8.15e-09	3.54e-06	2.84e-04	6.62e-03	4.86e-02	1.16e-01	1.79e-01	5.68e-01	7.82e-02	3.22e-03
 1.32818e+23	1.14e-29	1.65e-23	1.02e-19	9.89e-17	4.14e-12	9.78e-09	4.17e-06	3.28e-04	7.41e-03	5.28e-02	1.22e-01	1.82e-01	5.58e-01	7.42e-02	2.94e-03
 1.35058e+23	1.39e-29	2.01e-23	1.21e-19	1.15e-16	4.72e-12	1.11e-08	4.66e-06	3.61e-04	7.98e-03	5.57e-02	1.26e-01	1.84e-01	5.52e-01	7.16e-02	2.77e-03
 1.37491e+23	1.69e-29	2.47e-23	1.45e-19	1.34e-16	5.39e-12	1.25e-08	5.22e-06	3.99e-04	8.62e-03	5.89e-02	1.30e-01	1.86e-01	5.44e-01	6.88e-02	2.60e-03
 1.40654e+23	2.12e-29	3.14e-23	1.79e-19	1.60e-16	6.31e-12	1.45e-08	5.96e-06	4.47e-04	9.42e-03	6.28e-02	1.35e-01	1.88e-01	5.36e-01	6.58e-02	2.41e-03
 1.44766e+23	2.75e-29	4.18e-23	2.30e-19	1.98e-16	7.62e-12	1.72e-08	6.96e-06	5.10e-04	1.04e-02	6.76e-02	1.41e-01	1.91e-01	5.25e-01	6.24e-02	2.21e-03
 1.50094e+23	3.79e-29	5.94e-23	3.14e-19	2.58e-16	9.57e-12	2.13e-08	8.42e-06	6.02e-04	1.18e-02	7.40e-02	1.49e-01	1.93e-01	5.11e-01	5.82e-02	1.98e-03
 1.55558e+23	5.48e-29	8.98e-23	4.51e-19	3.52e-16	1.25e-11	2.72e-08	1.05e-05	7.28e-04	1.37e-02	8.20e-02	1.57e-01	1.96e-01	4.95e-01	5.35e-02	1.73e-03
 1.59766e+23	7.29e-29	1.24e-22	5.97e-19	4.48e-16	1.54e-11	3.29e-08	1.25e-05	8.43e-04	1.53e-02	8.87e-02	1.64e-01	1.98e-01	4.81e-01	5.01e-02	1.56e-03
 1.63224e+23	8.78e-29	1.53e-22	7.22e-19	5.27e-16	1.77e-11	3.74e-08	1.40e-05	9.30e-04	1.65e-02	9.34e-02	1.69e-01	1.99e-01	4.72e-01	4.78e-02	1.45e-03
 1.67158e+23	1.03e-28	1.86e-22	8.56e-19	6.10e-16	2.01e-11	4.19e-08	1.55e-05	1.01e-03	1.76e-02	9.76e-02	1.73e-01	2.00e-01	4.63e-01	4.60e-02	1.36e-03
 1.72271e+23	1.25e-28	2.38e-22	1.06e-18	7.35e-16	2.36e-11	4.86e-08	1.76e-05	1.13e-03	1.92e-02	1.03e-01	1.78e-01	2.01e-01	4.52e-01	4.35e-02	1.25e-03
 1.78726e+23	1.55e-28	3.13e-22	1.35e-18	9.03e-16	2.81e-11	5.70e-08	2.03e-05	1.28e-03	2.10e-02	1.10e-01	1.84e-01	2.02e-01	4.40e-01	4.10e-02	1.14e-03
 1.85998e+23	1.97e-28	4.26e-22	1.78e-18	1.14e-15	3.45e-11	6.84e-08	2.39e-05	1.46e-03	2.32e-02	1.18e-01	1.90e-01	2.02e-01	4.26e-01	3.82e-02	1.03e-03
 1.93310e+23	2.46e-28	5.75e-22	2.32e-18	1.43e-15	4.18e-11	8.15e-08	2.79e-05	1.67e-03	2.56e-02	1.26e-01	1.97e-01	2.02e-01	4.12e-01	3.56e-02	9.24e-04
 2.00915e+23	2.93e-28	7.39e-22	2.90e-18	1.74e-15	4.92e-11	9.44e-08	3.17e-05	1.86e-03	2.78e-02	1.33e-01	2.02e-01	2.02e-01	4.00e-01	3.36e-02	8.44e-04
 2.09075e+23	3.50e-28	9.55e-22	3.63e-18	2.11e-15	5.81e-11	1.09e-07	3.61e-05	2.07e-03	3.01e-02	1.40e-01	2.07e-01	2.02e-01	3.87e-01	3.15e-02	7.69e-04
 2.17561e+23	4.10e-28	1.22e-21	4.49e-18	2.53e-15	6.78e-11	1.26e-07	4.08e-05	2.30e-03	3.25e-02	1.47e-01	2.11e-01	2.01e-01	3.76e-01	2.97e-02	7.03e-04
 2.26067e+23	4.68e-28	1.50e-21	5.42e-18	2.97e-15	7.77e-11	1.42e-07	4.55e-05	2.51e-03	3.47e-02	1.54e-01	2.15e-01	2.00e-01	3.65e-01	2.81e-02	6.49e-04
 2.34009e+23	5.25e-28	1.82e-21	6.41e-18	3.43e-15	8.78e-11	1.59e-07	5.01e-05	2.73e-03	3.68e-02	1.59e-01	2.19e-01	1.99e-01	3.56e-01	2.67e-02	6.03e-04
 2.41156e+23	5.73e-28	2.13e-21	7.36e-18	3.87e-15	9.72e-11	1.74e-07	5.41e-05	2.91e-03	3.86e-02	1.64e-01	2.21e-01	1.99e-01	3.48e-01	2.57e-02	5.69e-04
 2.47589e+23	6.14e-28	2.42e-21	8.23e-18	4.25e-15	1.05e-10	1.87e-07	5.77e-05	3.07e-03	4.01e-02	1.68e-01	2.23e-01	1.98e-01	3.42e-01	2.48e-02	5.41e-04
 2.53378e+23	6.43e-28	2.67e-21	9.00e-18	4.60e-15	1.13e-10	1.98e-07	6.07e-05	3.20e-03	4.13e-02	1.72e-01	2.25e-01	1.97e-01	3.37e-01	2.42e-02	5.20e-04
 2.58588e+23	6.64e-28	2.88e-21	9.63e-18	4.87e-15	1.18e-10	2.07e-07	6.30e-05	3.30e-03	4.23e-02	1.74e-01	2.26e-01	1.97e-01	3.33e-01	2.37e-02	5.05e-04
 2.63278e+23	6.86e-28	3.10e-21	1.03e-17	5.14e-15	1.24e-10	2.16e-07	6.54e-05	3.40e-03	4.32e-02	1.76e-01	2.28e-01	1.96e-01	3.29e-01	2.32e-02	4.91e-04
 2.67498e+23	6.97e-28	3.27e-21	1.08e-17	5.35e-15	1.28e-10	2.22e-07	6.71e-05	3.47e-03	4.39e-02	1.78e-01	2.28e-01	1.96e-01	3.27e-01	2.29e-02	4.80e-04
 2.71296e+23	7.06e-28	3.42e-21	1.12e-17	5.54e-15	1.32e-10	2.28e-07	6.86e-05	3.54e-03	4.45e-02	1.80e-01	2.29e-01	1.96e-01	3.24e-01	2.26e-02	4.72e-04
 2.74715e+23	7.10e-28	3.54e-21	1.15e-17	5.69e-15	1.35e-10	2.33e-07	6.98e-05	3.59e-03	4.49e-02	1.81e-01	2.30e-01	1.95e-01	3.23e-01	2.24e-02	4.65e-04
 2.77862e+23	7.06e-28	3.62e-21	1.18e-17	5.79e-15	1.37e-10	2.36e-07	7.06e-05	3.62e-03	4.52e-02	1.82e-01	2.30e-01	1.95e-01	3.22e-01	2.22e-02	4.61e-04
 2.80917e+23	7.03e-28	3.70e-21	1.20e-17	5.88e-15	1.38e-10	2.38e-07	7.13e-05	3.66e-03	4.55e-02	1.82e-01	2.30e-01	1.95e-01	3.21e-01	2.21e-02	4.57e-04
 2.83971e+23	7.04e-28	3.80e-21	1.23e-17	5.99e-15	1.41e-10	2.42e-07	7.23e-05	3.70e-03	4.59e-02	1.83e-01	2.31e-01	1.95e-01	3.19e-01	2.19e-02	4.52e-04
 2.87026e+23	6.95e-28	3.84e-21	1.24e-17	6.05e-15	1.42e-10	2.44e-07	7.27e-05	3.71e-03	4.60e-02	1.84e-01	2.31e-01	1.95e-01	3.19e-01	2.19e-02	4.50e-04
 2.90081e+23	6.89e-28	3.90e-21	1.26e-17	6.12e-15	1.43e-10	2.46e-07	7.33e-05	3.74e-03	4.62e-02	1.84e-01	2.31e-01	1.95e-01	3.18e-01	2.18e-02	4.47e-04
 2.93136e+23	6.77e-28	3.93e-21	1.26e-17	6.16e-15	1.44e-10	2.47e-07	7.35e-05	3.75e-03	4.63e-02	1.84e-01	2.31e-01	1.95e-01	3.18e-01	2.17e-02	4.46e-04
 2.96191e+23	6.64e-28	3.95e-21	1.27e-17	6.18e-15	1.44e-10	2.48e-07	7.38e-05	3.76e-03	4.64e-02	1.85e-01	2.31e-01	1.95e-01	3.17e-01	2.17e-02	4.45e-04
 2.99245e+23	6.50e-28	3.96e-21	1.27e-17	6.20e-15	1.45e-10	2.48e-07	7.39e-05	3.76e-03	4.65e-02	1.85e-01	2.31e-01	1.95e-01	3.17e-01	2.17e-02	4.44e-04
 3.02300e+23	6.41e-28	4.00e-21	1.28e-17	6.23e-15	1.45e-10	2.49e-07	7.42e-05	3.78e-03	4.66e-02	1.85e-01	2.32e-01	1.94e-01	3.17e-01	2.16e-02	4.42e-04
 3.04655e+23	6.42e-28	4.08e-21	1.31e-17	6.34e-15	1.48e-10	2.52e-07	7.49e-05	3.81e-03	4.68e-02	1.86e-01	2.32e-01	1.94e-01	3.16e-01	2.15e-02	4.40e-04
