# ATOM = HeII, log(nuLnu) = 41.5  [erg/s] at 1 Ryd, log(N_H) = 20.5 [1/cm2], metallicity = 0.1 Z_sun, WO line transfer
 # (1) radius [kpc] (2) emissivity [erg/s/cm3/sr] (3) number_density [1/cm3]
1.029948825199024	9.339e-31	1.192384e-07
1.0555704262613712	9.4416e-31	1.263452e-07
1.0975871297490176	9.6171e-31	1.3824e-07
1.1414899667831202	9.7948e-31	1.5155359999999999e-07
1.1746982321620567	9.9305e-31	1.620372e-07
1.1932516935941258	1.0014e-30	1.6819920000000002e-07
1.211020886438149	1.008e-30	1.741165e-07
1.234124401992598	1.0153e-30	1.817046e-07
1.2641567036678791	1.0268e-30	1.9215790000000003e-07
1.2970959843657914	1.0388e-30	2.0395230000000003e-07
1.3273583813706231	1.0497e-30	2.1510000000000001e-07
1.360242568820615	1.061e-30	2.275764e-07
1.397261990643938	1.0736e-30	2.4098600000000004e-07
1.432450372168725	1.0854e-30	2.57472e-07
1.465438264555979	1.0961e-30	2.69279e-07
1.502778523528957	1.1076e-30	2.8571999999999994e-07
1.5446429103899992	1.1204e-30	3.04512e-07
1.5850878359222649	1.1323e-30	3.2327200000000006e-07
1.6240711699949912	1.1435e-30	3.42e-07
1.6684633647018001	1.1538e-30	3.63069e-07
1.7179338605551684	1.1685e-30	3.88844e-07
1.7656510948129471	1.1806e-30	4.12032e-07
1.808008080125985	1.1915e-30	4.355280000000001e-07
1.8455881567663819	1.1993e-30	4.56445e-07
1.888288664684101	1.2097e-30	4.794860000000001e-07
1.943796732353704	1.2196e-30	5.0976e-07
2.0010062091502654	1.2329e-30	5.444670000000001e-07
2.0486521462636764	1.2423e-30	5.7462e-07
2.0988258912228543	1.2514e-30	6.04464e-07
2.1640498152022114	1.261e-30	6.45975e-07
2.231318670913208	1.2718e-30	6.9207e-07
2.2870697970295195	1.2832e-30	7.313280000000001e-07
2.3453746572259133	1.2903e-30	7.701890000000001e-07
2.421166762468148	1.2993e-30	8.249610000000001e-07
2.5003098334956695	1.3094e-30	8.81874e-07
2.567390724007878	1.3197e-30	9.3433e-07
2.6381790660272117	1.3263e-30	9.889750000000001e-07
2.730200993950984	1.3343e-30	1.063476e-06
2.825816946106751	1.3435e-30	1.1427740000000002e-06
2.904496585695881	1.3524e-30	1.210222e-06
2.985179026885888	1.3584e-30	1.28205e-06
3.0726022889979387	1.3647e-30	1.36054e-06
3.150886553513757	1.371e-30	1.432466e-06
3.234754680745288	1.3756e-30	1.512742e-06
3.329058117288829	1.3822e-30	1.6035060000000001e-06
3.418147139955655	1.3866e-30	1.69002e-06
3.502374993688314	1.3911e-30	1.776999e-06
3.5989826243066507	1.3958e-30	1.878086e-06
3.72456282177262	1.3988e-30	2.008825e-06
3.8512772919898945	1.4064e-30	2.1496899999999997e-06
3.9530377616784476	1.4122e-30	2.266e-06
4.058816797685911	1.4139e-30	2.39666e-06
4.196323062937036	1.4181e-30	2.5458899999999998e-06
4.342190538754927	1.423e-30	2.71887e-06
4.461710478949635	1.4263e-30	2.8710400000000004e-06
4.563957065531604	1.4308e-30	2.9989200000000003e-06
4.6808843822947575	1.4307e-30	3.14712e-06
4.832909338762592	1.4309e-30	3.3597500000000003e-06
4.993425136968772	1.436e-30	3.57098e-06
5.131125848977263	1.4385e-30	3.7604000000000005e-06
5.276345168937265	1.4392e-30	3.969e-06
5.4651205625473995	1.44e-30	4.238280000000001e-06
5.659308057570906	1.4418e-30	4.52916e-06
5.815513619322124	1.4445e-30	4.77858e-06
5.973436794096748	1.4443e-30	5.02194e-06
6.178740162083049	1.4441e-30	5.345080000000001e-06
6.397330725156071	1.4444e-30	5.6892e-06
6.588958004540917	1.4434e-30	6.0144e-06
6.793742847840906	1.4411e-30	6.3498600000000006e-06
7.0476579051688715	1.436e-30	6.78194e-06
7.306725801567054	1.4335e-30	7.21556e-06
7.5377609571115425	1.4328e-30	7.64478e-06
7.791157489753198	1.4273e-30	8.103779999999999e-06
8.093068488357835	1.4187e-30	8.63615e-06
8.386747907567283	1.4135e-30	9.1908e-06
8.636709214162128	1.4106e-30	9.6614e-06
8.901124396387893	1.4011e-30	1.017856e-05
9.231586660532535	1.3891e-30	1.081556e-05
9.56470636369452	1.3806e-30	1.1479279999999999e-05
9.848825484000109	1.3738e-30	1.206e-05
10.110680450587212	1.3663e-30	1.2620000000000001e-05
10.40944789328109	1.3522e-30	1.322676e-05
10.731905432580803	1.3413e-30	1.39167e-05
11.017515311359537	1.3306e-30	1.45336e-05
11.321208738573366	1.3164e-30	1.519829e-05
11.664148002982369	1.3023e-30	1.598025e-05
11.990267622879157	1.2883e-30	1.6709000000000002e-05
12.299243520334782	1.2739e-30	1.742743e-05
12.653849590185782	1.2559e-30	1.8296720000000002e-05
13.050067266113253	1.2373e-30	1.92066e-05
13.42184946619831	1.2192e-30	2.0195999999999998e-05
13.826622799449911	1.1963e-30	2.13095e-05
14.274433681665332	1.1739e-30	2.24114e-05
14.68828119692738	1.1517e-30	2.3699e-05
15.13644856486464	1.1244e-30	2.4895200000000005e-05
15.637084149498005	1.0974e-30	2.64476e-05
16.105441572408505	1.0704e-30	2.7981800000000004e-05
16.61372539616496	1.0374e-30	2.9750000000000005e-05
17.181380296504035	1.004e-30	3.18504e-05
17.712965323351593	9.7094e-31	3.3937200000000004e-05
18.29063423169505	9.3094e-31	3.6187400000000005e-05
18.939762323370758	8.891e-31	3.907800000000001e-05
19.554635377957037	8.4758e-31	4.2075e-05
20.226805410380692	7.9871e-31	4.55e-05
20.982036615992808	7.4505e-31	4.9631000000000006e-05
21.70135998707788	6.9227e-31	5.400180000000001e-05
22.381696783310932	6.4211e-31	5.8425e-05
22.97543995693004	5.9896e-31	6.2451e-05
23.472964393445537	5.619e-31	6.59664e-05
24.025160776573962	5.2009e-31	6.98204e-05
24.742993389185887	4.6669e-31	7.464520000000002e-05
25.511220119748675	4.1343e-31	8.00261e-05
26.186079998982567	3.6961e-31	8.48215e-05
26.90452835965949	3.2432e-31	8.909670000000001e-05
27.838520950877353	2.7154e-31	9.409920000000001e-05
28.811402893568555	2.2577e-31	9.86974e-05
29.613884661220766	1.9352e-31	0.0001019088
30.4361027747457	1.6395e-31	0.00010412009999999999
31.505041415576027	1.3255e-31	0.00010599110000000002
32.64858279564937	1.0715e-31	0.00010744
33.62762221899051	8.9986e-32	0.000108054
34.50619748435888	7.7027e-32	0.00010797
35.51699654473657	6.442e-32	0.00010725070000000001
36.81006748122488	5.1816e-32	0.00010593260000000002
38.17022254900468	4.2147e-32	0.00010454540000000001
39.3161621057522	3.5804e-32	0.0001033938
40.314970282758956	3.1074e-32	0.00010199
41.44600225477504	2.6452e-32	0.00010008679999999999
42.91601974046701	2.1659e-32	9.73896e-05
44.456686214668856	1.7976e-32	9.50742e-05
45.69628429288132	1.5619e-32	9.336824e-05
46.71648161319841	1.3901e-32	9.184214e-05
47.84362465006716	1.2185e-32	8.971947999999999e-05
49.3091050447539	1.0336e-32	8.698830000000001e-05
50.86338279197142	8.8319e-33	8.46516e-05
52.145435078875614	7.8161e-33	8.288826e-05
53.21327185474753	7.0505e-33	8.119251000000001e-05
54.38999881474477	6.2759e-33	7.91617e-05
55.91964663936252	5.4154e-33	7.653422000000001e-05
57.48202633480364	4.7383e-33	7.442715000000001e-05
58.6551884375825	4.3119e-33	7.302891e-05
59.52080058579309	4.0153e-33	7.190255e-05
60.42011683861391	3.7097e-33	7.044605e-05
61.58939000624544	3.3532e-33	6.85402e-05
62.86787743593124	3.0277e-33	6.687179999999999e-05
63.97298317363177	2.7861e-33	6.55044e-05
64.8797532188183	2.6e-33	6.435264e-05
65.84485729121484	2.4045e-33	6.290335e-05
67.09968703208769	2.1729e-33	6.107051999999999e-05
68.37525776041299	1.982e-33	5.959448e-05
69.33161172872802	1.8569e-33	5.854732000000001e-05
70.06759270536084	1.7574e-33	5.76096e-05
70.86385217677731	1.6525e-33	5.6464519999999996e-05
71.89895708182586	1.5235e-33	5.5008e-05
72.94378432474272	1.4133e-33	5.376003e-05
73.70342299018847	1.3432e-33	5.29458e-05
74.10852040136902	1.3069e-33	5.2616519999999995e-05
74.27347606720173	1.2902e-33	5.24286e-05
74.41153326493206	1.2756e-33	5.221263999999999e-05
74.59139651549623	1.258e-33	5.194987e-05
74.82473262433622	1.2347e-33	5.16216e-05
75.10343964322844	1.2083e-33	5.12112e-05
75.38635967519693	1.183e-33	5.088441e-05
75.63946453770254	1.1602e-33	5.054178e-05
75.87733773754775	1.139e-33	5.019080000000001e-05
76.12234065182975	1.1167e-33	4.988494000000001e-05
76.38063076119846	1.0938e-33	4.950784000000001e-05
76.64734689671974	1.0713e-33	4.914120000000001e-05
76.90077583715427	1.0484e-33	4.8794240000000004e-05
77.15258438794412	1.0284e-33	4.837750000000001e-05
77.41022634145493	1.0071e-33	4.803292e-05
77.67143315218415	9.8613e-34	4.767096000000001e-05
77.94139006699487	9.6529e-34	4.725864000000001e-05
78.20227279979514	9.4421e-34	4.68663e-05
78.47158155874797	9.2373e-34	4.6457280000000005e-05
78.75936275965063	9.0232e-34	4.6040850000000005e-05
79.04617172676645	8.8136e-34	4.562616e-05
79.33136030423755	8.6075e-34	4.517216000000001e-05
79.62367859614544	8.3979e-34	4.4702440000000004e-05
79.93058039485582	8.1785e-34	4.4217240000000004e-05
80.2578991030897	7.9527e-34	4.37168e-05
80.59753277262347	7.7285e-34	4.3121520000000005e-05
80.93587013044146	7.5091e-34	4.259634000000001e-05
81.27842050133573	7.277e-34	4.200876e-05
81.65273050926656	7.0466e-34	4.139058e-05
82.06139277766549	6.8014e-34	4.066506e-05
82.47102727985126	6.5573e-34	3.997147e-05
82.8761246910318	6.3173e-34	3.922878e-05
83.30974095995946	6.0704e-34	3.8405120000000004e-05
83.79132076237089	5.8038e-34	3.751149e-05
84.28780814951376	5.5368e-34	3.6599160000000004e-05
84.66633117052086	5.3493e-34	3.591000000000001e-05
84.88767639598991	5.2319e-34	3.5423600000000004e-05
85.08892878986441	5.1214e-34	3.499776000000001e-05
85.35045967852257	4.9821e-34	3.4438880000000005e-05
85.69041742598529	4.8068e-34	3.373464e-05
86.05597732983462	4.6333e-34	3.297996e-05
86.35315679067666	4.4936e-34	3.238632000000001e-05
86.59038183466399	4.382e-34	3.1847550000000006e-05
86.85061641160637	4.2538e-34	3.127608e-05
87.18862969149542	4.0927e-34	3.05235e-05
87.5538655174158	3.9301e-34	2.9715e-05
87.8536376016894	3.8006e-34	2.9096470000000003e-05
88.09734420425562	3.694e-34	2.8496340000000003e-05
88.36859743078212	3.5716e-34	2.786059e-05
88.72087013954472	3.4193e-34	2.7101760000000003e-05
89.10036539433865	3.2693e-34	2.628846e-05
89.40791534890693	3.1481e-34	2.5581250000000002e-05
89.65389049697575	3.0493e-34	2.497362e-05
89.9270881910759	2.9363e-34	2.4334489999999998e-05
90.28195352327006	2.8001e-34	2.3539620000000002e-05
90.67117111593234	2.6632e-34	2.269172e-05
90.9968694345215	2.55e-34	2.1971640000000004e-05
91.26228925832699	2.4523e-34	2.1347860000000003e-05
91.5578483295243	2.3477e-34	2.0653130000000003e-05
91.94220475325241	2.2217e-34	1.9852350000000003e-05
92.36318198295123	2.0947e-34	1.899529e-05
92.71253799035334	1.9902e-34	1.82691e-05
92.99416171060605	1.9035e-34	1.7635670000000003e-05
93.3065728341085	1.8104e-34	1.694784e-05
93.71264247907587	1.7008e-34	1.619136e-05
94.16084225480603	1.5912e-34	1.538424e-05
94.54163382131574	1.4997e-34	1.465724e-05
94.85728572410761	1.4218e-34	1.4056099999999999e-05
95.210854744586	1.341e-34	1.3435290000000003e-05
95.67007316990026	1.2474e-34	1.2682559999999998e-05
96.1779032845562	1.1548e-34	1.1949450000000001e-05
96.61443625484435	1.0774e-34	1.1292600000000001e-05
96.99166296413568	1.0114e-34	1.0749779999999999e-05
97.427223700637	9.4276e-35	1.015576e-05
97.99306376457399	8.6589e-35	9.51218e-06
98.6269601935893	7.9037e-35	8.85312e-06
99.19830958231833	7.2703e-35	8.29426e-06
99.74114011330028	6.7139e-35	7.802e-06
100.39804607527066	6.1387e-35	7.292100000000001e-06
101.25166734011029	5.5179e-35	6.7347e-06
102.10852938423938	4.9928e-35	6.25482e-06
