#depth	Ar	Ar+	Ar+2	Ar+3	Ar+4	Ar+5	Ar+6	Ar+7	Ar+8	Ar+9	Ar+10	Ar+11	Ar+12	Ar+13	Ar+14	Ar+15	Ar+16	Ar+17	Ar+18
 6.17135e+19	0.00e+00	0.00e+00	0.00e+00	0.00e+00	0.00e+00	0.00e+00	0.00e+00	8.24e-30	1.61e-25	8.37e-22	2.06e-18	2.27e-15	1.40e-12	4.71e-10	1.19e-07	2.28e-05	7.17e-03	1.41e-01	8.52e-01
 1.87609e+20	0.00e+00	0.00e+00	0.00e+00	0.00e+00	0.00e+00	0.00e+00	0.00e+00	2.04e-29	3.67e-25	1.76e-21	3.99e-18	4.06e-15	2.31e-12	7.14e-10	1.65e-07	2.92e-05	8.40e-03	1.51e-01	8.40e-01
 3.18540e+20	0.00e+00	0.00e+00	0.00e+00	0.00e+00	0.00e+00	0.00e+00	0.00e+00	5.07e-29	8.42e-25	3.72e-21	7.76e-18	7.29e-15	3.82e-12	1.09e-09	2.31e-07	3.74e-05	9.85e-03	1.63e-01	8.27e-01
 4.54709e+20	0.00e+00	0.00e+00	0.00e+00	0.00e+00	0.00e+00	0.00e+00	0.00e+00	1.26e-28	1.94e-24	7.90e-21	1.52e-17	1.31e-14	6.35e-12	1.66e-09	3.22e-07	4.79e-05	1.15e-02	1.75e-01	8.14e-01
 5.55111e+20	0.00e+00	0.00e+00	0.00e+00	0.00e+00	0.00e+00	0.00e+00	0.00e+00	2.44e-28	3.53e-24	1.36e-20	2.46e-17	2.00e-14	9.15e-12	2.25e-09	4.10e-07	5.72e-05	1.29e-02	1.84e-01	8.03e-01
 6.06530e+20	0.00e+00	0.00e+00	0.00e+00	0.00e+00	0.00e+00	0.00e+00	0.00e+00	3.40e-28	4.77e-24	1.78e-20	3.13e-17	2.48e-14	1.10e-11	2.63e-09	4.62e-07	6.25e-05	1.37e-02	1.88e-01	7.98e-01
 6.53533e+20	0.00e+00	0.00e+00	0.00e+00	0.00e+00	0.00e+00	0.00e+00	0.00e+00	4.57e-28	6.26e-24	2.27e-20	3.89e-17	3.00e-14	1.30e-11	3.01e-09	5.16e-07	6.78e-05	1.44e-02	1.93e-01	7.93e-01
 7.14636e+20	0.00e+00	0.00e+00	0.00e+00	0.00e+00	0.00e+00	0.00e+00	0.00e+00	6.69e-28	8.85e-24	3.11e-20	5.15e-17	3.83e-14	1.60e-11	3.60e-09	5.93e-07	7.51e-05	1.54e-02	1.98e-01	7.86e-01
 7.94071e+20	0.00e+00	0.00e+00	0.00e+00	0.00e+00	0.00e+00	0.00e+00	0.00e+00	1.09e-27	1.38e-23	4.65e-20	7.37e-17	5.25e-14	2.10e-11	4.52e-09	7.09e-07	8.58e-05	1.67e-02	2.05e-01	7.78e-01
 8.79208e+20	0.00e+00	0.00e+00	0.00e+00	0.00e+00	0.00e+00	0.00e+00	7.78e-32	1.82e-27	2.21e-23	7.11e-20	1.08e-16	7.32e-14	2.80e-11	5.74e-09	8.56e-07	9.86e-05	1.83e-02	2.13e-01	7.68e-01
 9.53696e+20	0.00e+00	0.00e+00	0.00e+00	0.00e+00	0.00e+00	0.00e+00	1.27e-31	2.83e-27	3.31e-23	1.02e-19	1.49e-16	9.75e-14	3.59e-11	7.06e-09	1.01e-06	1.11e-04	1.97e-02	2.20e-01	7.60e-01
 1.03247e+21	0.00e+00	0.00e+00	0.00e+00	0.00e+00	0.00e+00	0.00e+00	2.11e-31	4.48e-27	5.03e-23	1.49e-19	2.09e-16	1.31e-13	4.63e-11	8.75e-09	1.19e-06	1.26e-04	2.13e-02	2.28e-01	7.51e-01
 1.12036e+21	0.00e+00	0.00e+00	0.00e+00	0.00e+00	0.00e+00	0.00e+00	3.68e-31	7.41e-27	7.97e-23	2.26e-19	3.02e-16	1.82e-13	6.15e-11	1.11e-08	1.44e-06	1.44e-04	2.32e-02	2.36e-01	7.41e-01
 1.19511e+21	0.00e+00	0.00e+00	0.00e+00	0.00e+00	0.00e+00	0.00e+00	5.87e-31	1.13e-26	1.17e-22	3.21e-19	4.12e-16	2.39e-13	7.78e-11	1.35e-08	1.68e-06	1.62e-04	2.50e-02	2.43e-01	7.32e-01
 1.25439e+21	0.00e+00	0.00e+00	0.00e+00	0.00e+00	0.00e+00	0.00e+00	8.52e-31	1.58e-26	1.59e-22	4.23e-19	5.28e-16	2.97e-13	9.41e-11	1.58e-08	1.90e-06	1.77e-04	2.64e-02	2.49e-01	7.25e-01
 1.31855e+21	0.00e+00	0.00e+00	0.00e+00	0.00e+00	0.00e+00	0.00e+00	1.25e-30	2.23e-26	2.18e-22	5.63e-19	6.82e-16	3.72e-13	1.14e-10	1.86e-08	2.16e-06	1.95e-04	2.80e-02	2.55e-01	7.17e-01
 1.40195e+21	0.00e+00	0.00e+00	0.00e+00	0.00e+00	0.00e+00	0.00e+00	2.06e-30	3.49e-26	3.29e-22	8.17e-19	9.51e-16	4.98e-13	1.47e-10	2.30e-08	2.55e-06	2.20e-04	3.02e-02	2.63e-01	7.07e-01
 1.48848e+21	0.00e+00	0.00e+00	0.00e+00	0.00e+00	0.00e+00	0.00e+00	3.43e-30	5.53e-26	5.01e-22	1.20e-18	1.34e-15	6.73e-13	1.91e-10	2.86e-08	3.02e-06	2.49e-04	3.27e-02	2.71e-01	6.96e-01
 1.56012e+21	0.00e+00	0.00e+00	0.00e+00	0.00e+00	0.00e+00	0.00e+00	5.21e-30	8.04e-26	7.06e-22	1.63e-18	1.76e-15	8.59e-13	2.36e-10	3.42e-08	3.47e-06	2.76e-04	3.48e-02	2.78e-01	6.87e-01
 1.62405e+21	0.00e+00	0.00e+00	0.00e+00	0.00e+00	0.00e+00	0.00e+00	7.49e-30	1.11e-25	9.53e-22	2.14e-18	2.25e-15	1.06e-12	2.84e-10	3.99e-08	3.91e-06	3.01e-04	3.67e-02	2.84e-01	6.79e-01
 1.69690e+21	0.00e+00	0.00e+00	0.00e+00	0.00e+00	0.00e+00	0.00e+00	1.14e-29	1.62e-25	1.34e-21	2.92e-18	2.97e-15	1.36e-12	3.52e-10	4.77e-08	4.50e-06	3.33e-04	3.91e-02	2.91e-01	6.70e-01
 1.77858e+21	0.00e+00	0.00e+00	0.00e+00	0.00e+00	0.00e+00	0.00e+00	1.79e-29	2.43e-25	1.95e-21	4.09e-18	4.02e-15	1.78e-12	4.44e-10	5.79e-08	5.24e-06	3.72e-04	4.19e-02	2.98e-01	6.59e-01
 1.85576e+21	0.00e+00	0.00e+00	0.00e+00	0.00e+00	0.00e+00	0.00e+00	2.74e-29	3.56e-25	2.76e-21	5.62e-18	5.34e-15	2.28e-12	5.51e-10	6.95e-08	6.03e-06	4.13e-04	4.46e-02	3.06e-01	6.49e-01
 1.92823e+21	0.00e+00	0.00e+00	0.00e+00	0.00e+00	0.00e+00	0.00e+00	4.06e-29	5.07e-25	3.82e-21	7.54e-18	6.95e-15	2.88e-12	6.76e-10	8.24e-08	6.89e-06	4.55e-04	4.73e-02	3.12e-01	6.40e-01
 1.99683e+21	0.00e+00	0.00e+00	0.00e+00	0.00e+00	0.00e+00	0.00e+00	5.86e-29	7.03e-25	5.17e-21	9.91e-18	8.88e-15	3.58e-12	8.15e-10	9.65e-08	7.78e-06	4.97e-04	4.99e-02	3.19e-01	6.31e-01
 2.07227e+21	0.00e+00	0.00e+00	0.00e+00	0.00e+00	0.00e+00	0.00e+00	8.72e-29	1.00e-24	7.17e-21	1.33e-17	1.16e-14	4.53e-12	1.00e-09	1.15e-07	8.89e-06	5.48e-04	5.29e-02	3.25e-01	6.21e-01
 2.15423e+21	0.00e+00	0.00e+00	0.00e+00	0.00e+00	0.00e+00	0.00e+00	1.34e-28	1.47e-24	1.02e-20	1.84e-17	1.54e-14	5.83e-12	1.25e-09	1.38e-07	1.03e-05	6.07e-04	5.64e-02	3.33e-01	6.10e-01
 2.22732e+21	0.00e+00	0.00e+00	0.00e+00	0.00e+00	0.00e+00	0.00e+00	1.95e-28	2.06e-24	1.39e-20	2.43e-17	1.99e-14	7.29e-12	1.52e-09	1.62e-07	1.16e-05	6.66e-04	5.95e-02	3.39e-01	6.01e-01
 2.29473e+21	0.00e+00	0.00e+00	0.00e+00	0.00e+00	0.00e+00	0.00e+00	2.75e-28	2.80e-24	1.84e-20	3.15e-17	2.50e-14	8.94e-12	1.81e-09	1.88e-07	1.31e-05	7.24e-04	6.26e-02	3.45e-01	5.92e-01
 2.37210e+21	0.00e+00	0.00e+00	0.00e+00	0.00e+00	0.00e+00	0.00e+00	4.05e-28	3.94e-24	2.53e-20	4.20e-17	3.24e-14	1.12e-11	2.21e-09	2.23e-07	1.49e-05	7.94e-04	6.62e-02	3.52e-01	5.81e-01
 2.45595e+21	0.00e+00	0.00e+00	0.00e+00	0.00e+00	0.00e+00	0.00e+00	6.13e-28	5.71e-24	3.55e-20	5.73e-17	4.29e-14	1.44e-11	2.74e-09	2.67e-07	1.71e-05	8.78e-04	7.03e-02	3.59e-01	5.70e-01
 2.53014e+21	0.00e+00	0.00e+00	0.00e+00	0.00e+00	0.00e+00	0.00e+00	8.80e-28	7.88e-24	4.78e-20	7.51e-17	5.47e-14	1.79e-11	3.31e-09	3.12e-07	1.93e-05	9.59e-04	7.40e-02	3.65e-01	5.60e-01
 2.59804e+21	0.00e+00	0.00e+00	0.00e+00	0.00e+00	0.00e+00	6.61e-32	1.22e-27	1.06e-23	6.27e-20	9.61e-17	6.83e-14	2.18e-11	3.94e-09	3.61e-07	2.16e-05	1.04e-03	7.76e-02	3.70e-01	5.51e-01
 2.67581e+21	0.00e+00	0.00e+00	0.00e+00	0.00e+00	0.00e+00	9.96e-32	1.77e-27	1.46e-23	8.48e-20	1.27e-16	8.75e-14	2.71e-11	4.77e-09	4.24e-07	2.45e-05	1.13e-03	8.17e-02	3.77e-01	5.41e-01
 2.76344e+21	0.00e+00	0.00e+00	0.00e+00	0.00e+00	0.00e+00	1.58e-31	2.67e-27	2.11e-23	1.19e-19	1.72e-16	1.16e-13	3.47e-11	5.92e-09	5.08e-07	2.81e-05	1.25e-03	8.66e-02	3.83e-01	5.29e-01
 2.84554e+21	0.00e+00	0.00e+00	0.00e+00	0.00e+00	0.00e+00	2.41e-31	3.90e-27	2.95e-23	1.62e-19	2.29e-16	1.50e-13	4.35e-11	7.22e-09	6.00e-07	3.20e-05	1.37e-03	9.14e-02	3.89e-01	5.18e-01
 2.91820e+21	0.00e+00	0.00e+00	0.00e+00	0.00e+00	0.00e+00	3.50e-31	5.44e-27	3.96e-23	2.13e-19	2.94e-16	1.87e-13	5.31e-11	8.60e-09	6.94e-07	3.57e-05	1.49e-03	9.57e-02	3.95e-01	5.08e-01
 2.99691e+21	0.00e+00	0.00e+00	0.00e+00	0.00e+00	0.00e+00	5.15e-31	7.69e-27	5.39e-23	2.83e-19	3.82e-16	2.37e-13	6.54e-11	1.03e-08	8.08e-07	4.01e-05	1.61e-03	1.00e-01	4.00e-01	4.98e-01
 3.09923e+21	0.00e+00	0.00e+00	0.00e+00	0.00e+00	0.00e+00	8.66e-31	1.22e-26	8.09e-23	4.14e-19	5.40e-16	3.24e-13	8.65e-11	1.32e-08	9.92e-07	4.70e-05	1.80e-03	1.07e-01	4.07e-01	4.84e-01
 3.19928e+21	0.00e+00	0.00e+00	0.00e+00	0.00e+00	0.00e+00	1.42e-30	1.89e-26	1.19e-22	5.93e-19	7.51e-16	4.36e-13	1.13e-10	1.66e-08	1.20e-06	5.45e-05	2.00e-03	1.14e-01	4.14e-01	4.71e-01
 3.27476e+21	0.00e+00	0.00e+00	0.00e+00	0.00e+00	0.00e+00	2.04e-30	2.61e-26	1.59e-22	7.74e-19	9.60e-16	5.45e-13	1.37e-10	1.97e-08	1.39e-06	6.09e-05	2.16e-03	1.19e-01	4.18e-01	4.61e-01
 3.35127e+21	0.00e+00	0.00e+00	0.00e+00	0.00e+00	0.00e+00	2.94e-30	3.62e-26	2.11e-22	1.01e-18	1.23e-15	6.80e-13	1.67e-10	2.35e-08	1.61e-06	6.79e-05	2.34e-03	1.24e-01	4.23e-01	4.51e-01
 3.45074e+21	0.00e+00	0.00e+00	0.00e+00	0.00e+00	0.00e+00	4.68e-30	5.48e-26	3.04e-22	1.42e-18	1.68e-15	9.03e-13	2.15e-10	2.93e-08	1.94e-06	7.82e-05	2.58e-03	1.31e-01	4.28e-01	4.38e-01
 3.55141e+21	0.00e+00	0.00e+00	0.00e+00	0.00e+00	0.00e+00	7.48e-30	8.29e-26	4.39e-22	2.00e-18	2.30e-15	1.20e-12	2.77e-10	3.66e-08	2.33e-06	9.01e-05	2.85e-03	1.38e-01	4.33e-01	4.25e-01
 3.63116e+21	0.00e+00	0.00e+00	0.00e+00	0.00e+00	0.00e+00	1.08e-29	1.15e-25	5.83e-22	2.61e-18	2.94e-15	1.50e-12	3.38e-10	4.35e-08	2.69e-06	1.01e-04	3.07e-03	1.44e-01	4.37e-01	4.15e-01
 3.71237e+21	0.00e+00	0.00e+00	0.00e+00	0.00e+00	0.00e+00	1.55e-29	1.59e-25	7.75e-22	3.41e-18	3.76e-15	1.88e-12	4.12e-10	5.18e-08	3.11e-06	1.12e-04	3.31e-03	1.50e-01	4.41e-01	4.05e-01
 3.81794e+21	0.00e+00	0.00e+00	0.00e+00	0.00e+00	0.00e+00	2.48e-29	2.40e-25	1.11e-21	4.79e-18	5.14e-15	2.50e-12	5.31e-10	6.47e-08	3.75e-06	1.29e-04	3.65e-03	1.59e-01	4.45e-01	3.92e-01
 3.92614e+21	0.00e+00	0.00e+00	0.00e+00	0.00e+00	0.00e+00	3.97e-29	3.65e-25	1.61e-21	6.77e-18	7.08e-15	3.33e-12	6.87e-10	8.12e-08	4.53e-06	1.49e-04	4.03e-03	1.67e-01	4.49e-01	3.79e-01
 4.01405e+21	0.00e+00	0.00e+00	0.00e+00	0.00e+00	0.00e+00	5.83e-29	5.12e-25	2.16e-21	8.95e-18	9.17e-15	4.22e-12	8.47e-10	9.76e-08	5.28e-06	1.67e-04	4.36e-03	1.74e-01	4.53e-01	3.69e-01
 4.10464e+21	0.00e+00	0.00e+00	0.00e+00	0.00e+00	0.00e+00	8.49e-29	7.14e-25	2.90e-21	1.18e-17	1.18e-14	5.31e-12	1.04e-09	1.17e-07	6.13e-06	1.87e-04	4.70e-03	1.82e-01	4.55e-01	3.58e-01
 4.22242e+21	0.00e+00	0.00e+00	0.00e+00	0.00e+00	0.00e+00	1.38e-28	1.10e-24	4.23e-21	1.68e-17	1.64e-14	7.17e-12	1.36e-09	1.48e-07	7.44e-06	2.16e-04	5.19e-03	1.91e-01	4.58e-01	3.45e-01
 4.33996e+21	0.00e+00	0.00e+00	0.00e+00	0.00e+00	0.00e+00	2.24e-28	1.68e-24	6.13e-21	2.39e-17	2.28e-14	9.64e-12	1.77e-09	1.86e-07	9.00e-06	2.50e-04	5.72e-03	2.01e-01	4.61e-01	3.32e-01
 4.42907e+21	0.00e+00	0.00e+00	0.00e+00	0.00e+00	0.00e+00	3.20e-28	2.31e-24	8.09e-21	3.10e-17	2.90e-14	1.20e-11	2.15e-09	2.21e-07	1.04e-05	2.78e-04	6.14e-03	2.09e-01	4.63e-01	3.22e-01
 4.51680e+21	0.00e+00	0.00e+00	0.00e+00	0.00e+00	0.00e+00	4.52e-28	3.13e-24	1.06e-20	3.99e-17	3.66e-14	1.49e-11	2.59e-09	2.60e-07	1.19e-05	3.08e-04	6.58e-03	2.17e-01	4.64e-01	3.13e-01
 4.63084e+21	0.00e+00	0.00e+00	0.00e+00	0.00e+00	0.00e+00	7.02e-28	4.62e-24	1.48e-20	5.51e-17	4.94e-14	1.95e-11	3.30e-09	3.22e-07	1.42e-05	3.51e-04	7.18e-03	2.26e-01	4.65e-01	3.01e-01
 4.74989e+21	0.00e+00	0.00e+00	0.00e+00	0.00e+00	8.49e-32	1.10e-27	6.89e-24	2.10e-20	7.67e-17	6.73e-14	2.59e-11	4.24e-09	4.00e-07	1.70e-05	4.01e-04	7.84e-03	2.37e-01	4.66e-01	2.89e-01
 4.84997e+21	0.00e+00	0.00e+00	0.00e+00	0.00e+00	1.30e-31	1.61e-27	9.63e-24	2.82e-20	1.01e-16	8.71e-14	3.27e-11	5.22e-09	4.80e-07	1.97e-05	4.49e-04	8.44e-03	2.46e-01	4.66e-01	2.79e-01
 4.94018e+21	0.00e+00	0.00e+00	0.00e+00	0.00e+00	1.87e-31	2.24e-27	1.29e-23	3.62e-20	1.29e-16	1.09e-13	4.00e-11	6.24e-09	5.61e-07	2.24e-05	4.93e-04	8.98e-03	2.53e-01	4.66e-01	2.71e-01
 5.04307e+21	0.00e+00	0.00e+00	0.00e+00	0.00e+00	2.82e-31	3.24e-27	1.78e-23	4.82e-20	1.69e-16	1.40e-13	5.03e-11	7.65e-09	6.70e-07	2.59e-05	5.49e-04	9.64e-03	2.62e-01	4.66e-01	2.61e-01
 5.15884e+21	0.00e+00	0.00e+00	0.00e+00	0.00e+00	4.46e-31	4.88e-27	2.56e-23	6.61e-20	2.28e-16	1.85e-13	6.49e-11	9.58e-09	8.15e-07	3.04e-05	6.18e-04	1.04e-02	2.72e-01	4.65e-01	2.51e-01
 5.26807e+21	0.00e+00	0.00e+00	0.00e+00	0.00e+00	6.82e-31	7.14e-27	3.58e-23	8.86e-20	3.01e-16	2.40e-13	8.22e-11	1.18e-08	9.77e-07	3.53e-05	6.90e-04	1.12e-02	2.82e-01	4.64e-01	2.42e-01
 5.37057e+21	0.00e+00	0.00e+00	0.00e+00	0.00e+00	1.01e-30	1.01e-26	4.88e-23	1.16e-19	3.89e-16	3.05e-13	1.02e-10	1.43e-08	1.15e-06	4.05e-05	7.63e-04	1.19e-02	2.91e-01	4.63e-01	2.33e-01
 5.48760e+21	0.00e+00	0.00e+00	0.00e+00	0.00e+00	1.56e-30	1.50e-26	6.89e-23	1.57e-19	5.19e-16	3.98e-13	1.30e-10	1.77e-08	1.39e-06	4.71e-05	8.54e-04	1.28e-02	3.01e-01	4.62e-01	2.24e-01
 5.61867e+21	0.00e+00	0.00e+00	0.00e+00	0.00e+00	2.52e-30	2.31e-26	1.01e-22	2.19e-19	7.12e-16	5.35e-13	1.70e-10	2.24e-08	1.71e-06	5.56e-05	9.65e-04	1.39e-02	3.12e-01	4.59e-01	2.14e-01
 5.74181e+21	0.00e+00	0.00e+00	0.00e+00	0.00e+00	3.93e-30	3.43e-26	1.43e-22	2.97e-19	9.54e-16	7.01e-13	2.18e-10	2.79e-08	2.06e-06	6.48e-05	1.08e-03	1.49e-02	3.22e-01	4.57e-01	2.05e-01
 5.85778e+21	0.00e+00	0.00e+00	0.00e+00	0.00e+00	5.91e-30	4.94e-26	1.98e-22	3.94e-19	1.25e-15	9.01e-13	2.74e-10	3.40e-08	2.45e-06	7.45e-05	1.20e-03	1.59e-02	3.32e-01	4.54e-01	1.97e-01
 5.97257e+21	0.00e+00	0.00e+00	0.00e+00	0.00e+00	8.79e-30	7.06e-26	2.71e-22	5.19e-19	1.62e-15	1.15e-12	3.41e-10	4.13e-08	2.89e-06	8.54e-05	1.32e-03	1.69e-02	3.41e-01	4.51e-01	1.89e-01
 6.10374e+21	0.00e+00	0.00e+00	0.00e+00	0.00e+00	1.37e-29	1.05e-25	3.86e-22	7.05e-19	2.18e-15	1.51e-12	4.37e-10	5.13e-08	3.49e-06	9.93e-05	1.47e-03	1.81e-02	3.52e-01	4.48e-01	1.81e-01
 6.24636e+21	0.00e+00	0.00e+00	0.00e+00	0.00e+00	2.20e-29	1.61e-25	5.62e-22	9.80e-19	2.98e-15	2.02e-12	5.69e-10	6.47e-08	4.25e-06	1.17e-04	1.66e-03	1.95e-02	3.63e-01	4.44e-01	1.72e-01
 6.37438e+21	0.00e+00	0.00e+00	0.00e+00	0.00e+00	3.34e-29	2.34e-25	7.83e-22	1.31e-18	3.92e-15	2.61e-12	7.17e-10	7.93e-08	5.06e-06	1.34e-04	1.84e-03	2.08e-02	3.73e-01	4.40e-01	1.64e-01
 6.51133e+21	0.00e+00	0.00e+00	0.00e+00	0.00e+00	5.16e-29	3.46e-25	1.11e-21	1.77e-18	5.24e-15	3.41e-12	9.14e-10	9.80e-08	6.07e-06	1.55e-04	2.04e-03	2.22e-02	3.83e-01	4.35e-01	1.57e-01
 6.66499e+21	0.00e+00	0.00e+00	0.00e+00	0.00e+00	8.34e-29	5.32e-25	1.62e-21	2.47e-18	7.20e-15	4.59e-12	1.19e-09	1.24e-07	7.42e-06	1.82e-04	2.29e-03	2.39e-02	3.95e-01	4.30e-01	1.49e-01
 6.80983e+21	0.00e+00	0.00e+00	0.00e+00	0.00e+00	1.30e-28	7.92e-25	2.30e-21	3.36e-18	9.66e-15	6.03e-12	1.53e-09	1.53e-07	8.91e-06	2.11e-04	2.55e-03	2.55e-02	4.05e-01	4.25e-01	1.41e-01
 6.94418e+21	0.00e+00	0.00e+00	0.00e+00	0.00e+00	1.94e-28	1.14e-24	3.18e-21	4.45e-18	1.26e-14	7.73e-12	1.91e-09	1.86e-07	1.05e-05	2.41e-04	2.81e-03	2.70e-02	4.15e-01	4.20e-01	1.35e-01
 7.09545e+21	0.00e+00	0.00e+00	0.00e+00	0.00e+00	3.03e-28	1.69e-24	4.52e-21	6.06e-18	1.70e-14	1.02e-11	2.44e-09	2.31e-07	1.26e-05	2.79e-04	3.12e-03	2.88e-02	4.25e-01	4.14e-01	1.28e-01
 7.25788e+21	0.00e+00	0.00e+00	0.00e+00	0.00e+00	4.83e-28	2.58e-24	6.56e-21	8.39e-18	2.31e-14	1.35e-11	3.17e-09	2.89e-07	1.53e-05	3.25e-04	3.48e-03	3.07e-02	4.36e-01	4.08e-01	1.21e-01
 7.40079e+21	0.00e+00	0.00e+00	0.00e+00	0.00e+00	7.24e-28	3.71e-24	9.06e-21	1.11e-17	3.03e-14	1.74e-11	3.96e-09	3.52e-07	1.81e-05	3.71e-04	3.82e-03	3.25e-02	4.46e-01	4.02e-01	1.15e-01
 7.55258e+21	0.00e+00	0.00e+00	0.00e+00	7.67e-32	1.10e-27	5.41e-24	1.27e-20	1.49e-17	4.00e-14	2.25e-11	5.00e-09	4.30e-07	2.14e-05	4.25e-04	4.21e-03	3.44e-02	4.55e-01	3.96e-01	1.10e-01
 7.72393e+21	0.00e+00	0.00e+00	0.00e+00	1.28e-31	1.75e-27	8.22e-24	1.83e-20	2.06e-17	5.46e-14	3.00e-11	6.46e-09	5.38e-07	2.59e-05	4.93e-04	4.69e-03	3.67e-02	4.65e-01	3.89e-01	1.04e-01
 7.88679e+21	0.00e+00	0.00e+00	0.00e+00	2.06e-31	2.71e-27	1.21e-23	2.59e-20	2.79e-17	7.29e-14	3.91e-11	8.22e-09	6.62e-07	3.09e-05	5.67e-04	5.18e-03	3.89e-02	4.75e-01	3.82e-01	9.80e-02
 8.04075e+21	0.00e+00	0.00e+00	0.00e+00	3.21e-31	4.05e-27	1.74e-23	3.57e-20	3.69e-17	9.53e-14	5.01e-11	1.03e-08	8.02e-07	3.63e-05	6.45e-04	5.67e-03	4.10e-02	4.84e-01	3.76e-01	9.30e-02
 8.21703e+21	0.00e+00	0.00e+00	0.00e+00	5.26e-31	6.35e-27	2.62e-23	5.11e-20	5.06e-17	1.29e-13	6.61e-11	1.32e-08	9.94e-07	4.35e-05	7.44e-04	6.28e-03	4.35e-02	4.93e-01	3.68e-01	8.77e-02
 8.41230e+21	0.00e+00	0.00e+00	0.00e+00	9.02e-31	1.04e-26	4.07e-23	7.57e-20	7.12e-17	1.78e-13	8.94e-11	1.72e-08	1.26e-06	5.30e-05	8.68e-04	7.00e-03	4.64e-02	5.03e-01	3.60e-01	8.22e-02
 8.59325e+21	0.00e+00	0.00e+00	0.00e+00	1.47e-30	1.62e-26	6.07e-23	1.08e-19	9.72e-17	2.40e-13	1.18e-10	2.20e-08	1.55e-06	6.33e-05	9.99e-04	7.73e-03	4.91e-02	5.12e-01	3.53e-01	7.74e-02
 8.78945e+21	0.00e+00	0.00e+00	0.00e+00	2.47e-30	2.59e-26	9.28e-23	1.57e-19	1.35e-16	3.29e-13	1.57e-10	2.86e-08	1.94e-06	7.64e-05	1.16e-03	8.57e-03	5.20e-02	5.21e-01	3.44e-01	7.25e-02
 8.99556e+21	0.00e+00	0.00e+00	0.00e+00	4.23e-30	4.23e-26	1.44e-22	2.32e-19	1.90e-16	4.55e-13	2.12e-10	3.73e-08	2.44e-06	9.27e-05	1.35e-03	9.53e-03	5.53e-02	5.31e-01	3.36e-01	6.77e-02
 9.17046e+21	0.00e+00	0.00e+00	0.00e+00	6.61e-30	6.35e-26	2.08e-22	3.21e-19	2.52e-16	5.97e-13	2.72e-10	4.67e-08	2.96e-06	1.09e-04	1.53e-03	1.04e-02	5.81e-02	5.38e-01	3.28e-01	6.39e-02
 9.35374e+21	0.00e+00	0.00e+00	0.00e+00	1.04e-29	9.61e-26	3.02e-22	4.47e-19	3.36e-16	7.87e-13	3.52e-10	5.86e-08	3.60e-06	1.28e-04	1.73e-03	1.14e-02	6.10e-02	5.45e-01	3.21e-01	6.02e-02
 9.59201e+21	0.00e+00	0.00e+00	0.00e+00	1.87e-29	1.63e-25	4.85e-22	6.82e-19	4.86e-16	1.12e-12	4.87e-10	7.83e-08	4.62e-06	1.58e-04	2.04e-03	1.27e-02	6.50e-02	5.54e-01	3.11e-01	5.57e-02
 9.83469e+21	0.00e+00	0.00e+00	0.00e+00	3.35e-29	2.78e-25	7.83e-22	1.04e-18	7.04e-16	1.60e-12	6.74e-10	1.05e-07	5.92e-06	1.94e-04	2.40e-03	1.42e-02	6.91e-02	5.62e-01	3.01e-01	5.15e-02
 1.00284e+22	0.00e+00	0.00e+00	0.00e+00	5.28e-29	4.21e-25	1.14e-21	1.45e-18	9.40e-16	2.11e-12	8.70e-10	1.31e-07	7.20e-06	2.29e-04	2.72e-03	1.55e-02	7.24e-02	5.68e-01	2.93e-01	4.83e-02
 1.02256e+22	0.00e+00	0.00e+00	0.00e+00	8.32e-29	6.36e-25	1.65e-21	2.01e-18	1.25e-15	2.77e-12	1.12e-09	1.65e-07	8.73e-06	2.68e-04	3.08e-03	1.69e-02	7.59e-02	5.73e-01	2.85e-01	4.54e-02
 1.04820e+22	0.00e+00	0.00e+00	0.00e+00	1.48e-28	1.08e-24	2.65e-21	3.06e-18	1.80e-15	3.94e-12	1.55e-09	2.19e-07	1.12e-05	3.29e-04	3.60e-03	1.89e-02	8.04e-02	5.80e-01	2.75e-01	4.18e-02
 1.07466e+22	0.00e+00	0.00e+00	0.00e+00	2.68e-28	1.84e-24	4.28e-21	4.69e-18	2.62e-15	5.62e-12	2.15e-09	2.94e-07	1.43e-05	4.05e-04	4.23e-03	2.10e-02	8.52e-02	5.86e-01	2.65e-01	3.84e-02
 1.09472e+22	0.00e+00	0.00e+00	0.00e+00	4.15e-28	2.74e-24	6.14e-21	6.44e-18	3.45e-15	7.34e-12	2.75e-09	3.65e-07	1.72e-05	4.72e-04	4.76e-03	2.28e-02	8.88e-02	5.90e-01	2.57e-01	3.59e-02
 1.11045e+22	0.00e+00	0.00e+00	0.00e+00	5.80e-28	3.72e-24	8.06e-21	8.21e-18	4.26e-15	8.98e-12	3.31e-09	4.31e-07	1.98e-05	5.31e-04	5.21e-03	2.43e-02	9.17e-02	5.93e-01	2.52e-01	3.42e-02
 1.12805e+22	0.00e+00	0.00e+00	8.35e-32	8.46e-28	5.24e-24	1.10e-20	1.08e-17	5.39e-15	1.13e-11	4.08e-09	5.20e-07	2.33e-05	6.06e-04	5.76e-03	2.60e-02	9.50e-02	5.95e-01	2.45e-01	3.23e-02
 1.15092e+22	0.00e+00	0.00e+00	1.39e-31	1.35e-27	7.99e-24	1.60e-20	1.51e-17	7.24e-15	1.49e-11	5.28e-09	6.53e-07	2.82e-05	7.11e-04	6.51e-03	2.82e-02	9.91e-02	5.98e-01	2.37e-01	3.01e-02
 1.17578e+22	0.00e+00	0.00e+00	2.45e-31	2.27e-27	1.28e-23	2.45e-20	2.19e-17	9.99e-15	2.05e-11	7.05e-09	8.45e-07	3.52e-05	8.52e-04	7.48e-03	3.10e-02	1.04e-01	6.01e-01	2.28e-01	2.77e-02
 1.19736e+22	0.00e+00	0.00e+00	3.94e-31	3.51e-27	1.91e-23	3.50e-20	3.00e-17	1.31e-14	2.66e-11	8.99e-09	1.05e-06	4.23e-05	9.91e-04	8.39e-03	3.35e-02	1.08e-01	6.03e-01	2.21e-01	2.59e-02
 1.21665e+22	0.00e+00	0.00e+00	6.00e-31	5.17e-27	2.71e-23	4.79e-20	3.96e-17	1.67e-14	3.36e-11	1.11e-08	1.27e-06	4.97e-05	1.13e-03	9.29e-03	3.58e-02	1.12e-01	6.04e-01	2.14e-01	2.43e-02
 1.23543e+22	0.00e+00	0.00e+00	8.97e-31	7.46e-27	3.78e-23	6.46e-20	5.15e-17	2.10e-14	4.19e-11	1.37e-08	1.52e-06	5.79e-05	1.28e-03	1.02e-02	3.82e-02	1.15e-01	6.04e-01	2.08e-01	2.29e-02
 1.25647e+22	0.00e+00	0.00e+00	1.39e-30	1.11e-26	5.44e-23	8.95e-20	6.87e-17	2.69e-14	5.33e-11	1.70e-08	1.84e-06	6.83e-05	1.47e-03	1.13e-02	4.09e-02	1.19e-01	6.05e-01	2.01e-01	2.15e-02
 1.27948e+22	0.00e+00	0.00e+00	2.26e-30	1.74e-26	8.15e-23	1.29e-19	9.45e-17	3.55e-14	6.97e-11	2.18e-08	2.30e-06	8.23e-05	1.71e-03	1.27e-02	4.41e-02	1.23e-01	6.05e-01	1.94e-01	1.99e-02
 1.29979e+22	0.00e+00	0.00e+00	3.44e-30	2.56e-26	1.16e-22	1.76e-19	1.24e-16	4.50e-14	8.78e-11	2.70e-08	2.77e-06	9.65e-05	1.95e-03	1.40e-02	4.71e-02	1.27e-01	6.04e-01	1.87e-01	1.86e-02
 1.31802e+22	0.00e+00	0.00e+00	4.98e-30	3.59e-26	1.57e-22	2.32e-19	1.59e-16	5.55e-14	1.08e-10	3.26e-08	3.27e-06	1.11e-04	2.19e-03	1.53e-02	4.99e-02	1.31e-01	6.03e-01	1.82e-01	1.76e-02
 1.33883e+22	0.00e+00	0.00e+00	7.50e-30	5.23e-26	2.21e-22	3.14e-19	2.07e-16	7.00e-14	1.35e-10	4.00e-08	3.93e-06	1.30e-04	2.49e-03	1.68e-02	5.30e-02	1.34e-01	6.01e-01	1.76e-01	1.65e-02
 1.36082e+22	0.00e+00	0.00e+00	1.17e-29	7.85e-26	3.19e-22	4.36e-19	2.77e-16	8.97e-14	1.72e-10	5.01e-08	4.79e-06	1.53e-04	2.85e-03	1.87e-02	5.67e-02	1.38e-01	5.99e-01	1.69e-01	1.53e-02
 1.37913e+22	0.00e+00	0.00e+00	1.68e-29	1.09e-25	4.31e-22	5.71e-19	3.50e-16	1.10e-13	2.09e-10	6.01e-08	5.63e-06	1.76e-04	3.19e-03	2.03e-02	5.99e-02	1.42e-01	5.97e-01	1.64e-01	1.44e-02
 1.39771e+22	0.00e+00	0.00e+00	2.41e-29	1.52e-25	5.81e-22	7.45e-19	4.42e-16	1.34e-13	2.55e-10	7.20e-08	6.61e-06	2.01e-04	3.56e-03	2.21e-02	6.31e-02	1.45e-01	5.94e-01	1.58e-01	1.36e-02
 1.42186e+22	0.00e+00	0.00e+00	3.81e-29	2.31e-25	8.49e-22	1.05e-18	5.95e-16	1.73e-13	3.27e-10	9.06e-08	8.10e-06	2.39e-04	4.09e-03	2.45e-02	6.75e-02	1.49e-01	5.90e-01	1.52e-01	1.26e-02
 1.44623e+22	0.00e+00	0.00e+00	6.07e-29	3.54e-25	1.25e-21	1.47e-18	8.04e-16	2.24e-13	4.21e-10	1.14e-07	9.95e-06	2.84e-04	4.72e-03	2.72e-02	7.21e-02	1.53e-01	5.86e-01	1.45e-01	1.16e-02
 1.46531e+22	0.00e+00	0.00e+00	8.69e-29	4.92e-25	1.68e-21	1.92e-18	1.01e-15	2.74e-13	5.12e-10	1.37e-07	1.17e-05	3.24e-04	5.26e-03	2.95e-02	7.59e-02	1.56e-01	5.82e-01	1.40e-01	1.09e-02
 1.48452e+22	0.00e+00	0.00e+00	1.24e-28	6.80e-25	2.25e-21	2.50e-18	1.27e-15	3.33e-13	6.20e-10	1.63e-07	1.36e-05	3.70e-04	5.85e-03	3.19e-02	7.98e-02	1.59e-01	5.77e-01	1.35e-01	1.02e-02
 1.50949e+22	0.00e+00	0.00e+00	1.95e-28	1.03e-24	3.28e-21	3.49e-18	1.71e-15	4.27e-13	7.92e-10	2.05e-07	1.66e-05	4.38e-04	6.70e-03	3.52e-02	8.49e-02	1.63e-01	5.71e-01	1.29e-01	9.39e-03
 1.53382e+22	0.00e+00	0.00e+00	3.05e-28	1.55e-24	4.74e-21	4.84e-18	2.27e-15	5.45e-13	1.01e-09	2.56e-07	2.02e-05	5.15e-04	7.65e-03	3.88e-02	9.02e-02	1.67e-01	5.64e-01	1.23e-01	8.64e-03
 1.55170e+22	0.00e+00	0.00e+00	4.22e-28	2.08e-24	6.20e-21	6.14e-18	2.79e-15	6.50e-13	1.20e-09	3.01e-07	2.33e-05	5.81e-04	8.42e-03	4.17e-02	9.42e-02	1.70e-01	5.59e-01	1.19e-01	8.12e-03
 1.56931e+22	0.00e+00	0.00e+00	5.77e-28	2.77e-24	8.01e-21	7.72e-18	3.41e-15	7.70e-13	1.41e-09	3.50e-07	2.67e-05	6.50e-04	9.23e-03	4.46e-02	9.81e-02	1.72e-01	5.53e-01	1.15e-01	7.65e-03
 1.59222e+22	0.00e+00	0.00e+00	8.61e-28	3.99e-24	1.11e-20	1.03e-17	4.40e-15	9.57e-13	1.75e-09	4.27e-07	3.18e-05	7.52e-04	1.04e-02	4.85e-02	1.03e-01	1.75e-01	5.46e-01	1.09e-01	7.07e-03
 1.61644e+22	0.00e+00	0.00e+00	1.32e-27	5.89e-24	1.58e-20	1.41e-17	5.76e-15	1.20e-12	2.20e-09	5.26e-07	3.82e-05	8.77e-04	1.17e-02	5.31e-02	1.09e-01	1.78e-01	5.37e-01	1.04e-01	6.49e-03
 1.63696e+22	0.00e+00	0.00e+00	1.88e-27	8.15e-24	2.12e-20	1.83e-17	7.23e-15	1.46e-12	2.65e-09	6.26e-07	4.45e-05	9.97e-04	1.30e-02	5.72e-02	1.14e-01	1.80e-01	5.29e-01	9.94e-02	6.04e-03
 1.65824e+22	0.00e+00	0.00e+00	2.71e-27	1.13e-23	2.86e-20	2.39e-17	9.08e-15	1.77e-12	3.21e-09	7.47e-07	5.20e-05	1.13e-03	1.44e-02	6.16e-02	1.19e-01	1.83e-01	5.21e-01	9.50e-02	5.60e-03
 1.68221e+22	0.00e+00	0.00e+00	4.07e-27	1.65e-23	3.99e-20	3.21e-17	1.17e-14	2.20e-12	3.97e-09	9.10e-07	6.18e-05	1.31e-03	1.62e-02	6.69e-02	1.25e-01	1.85e-01	5.11e-01	9.01e-02	5.13e-03
 1.70465e+22	0.00e+00	0.00e+00	5.95e-27	2.33e-23	5.45e-20	4.23e-17	1.49e-14	2.68e-12	4.84e-09	1.09e-06	7.26e-05	1.50e-03	1.80e-02	7.22e-02	1.31e-01	1.87e-01	5.01e-01	8.56e-02	4.73e-03
 1.72440e+22	0.00e+00	0.00e+00	8.28e-27	3.14e-23	7.15e-20	5.38e-17	1.83e-14	3.20e-12	5.75e-09	1.28e-06	8.35e-05	1.68e-03	1.97e-02	7.71e-02	1.35e-01	1.88e-01	4.92e-01	8.17e-02	4.40e-03
 1.74569e+22	0.00e+00	0.00e+00	1.18e-26	4.32e-23	9.52e-20	6.93e-17	2.28e-14	3.84e-12	6.89e-09	1.52e-06	9.67e-05	1.90e-03	2.18e-02	8.26e-02	1.41e-01	1.90e-01	4.82e-01	7.77e-02	4.06e-03
 1.76971e+22	0.00e+00	0.00e+00	1.74e-26	6.19e-23	1.31e-19	9.22e-17	2.92e-14	4.72e-12	8.43e-09	1.83e-06	1.14e-04	2.18e-03	2.42e-02	8.90e-02	1.47e-01	1.91e-01	4.70e-01	7.34e-02	3.71e-03
 1.79172e+22	0.00e+00	0.00e+00	2.50e-26	8.60e-23	1.77e-19	1.20e-16	3.65e-14	5.70e-12	1.01e-08	2.17e-06	1.32e-04	2.46e-03	2.67e-02	9.53e-02	1.52e-01	1.92e-01	4.59e-01	6.94e-02	3.41e-03
 1.81110e+22	0.00e+00	0.00e+00	3.42e-26	1.14e-22	2.28e-19	1.50e-16	4.44e-14	6.71e-12	1.19e-08	2.51e-06	1.50e-04	2.74e-03	2.90e-02	1.01e-01	1.57e-01	1.92e-01	4.48e-01	6.61e-02	3.16e-03
 1.83262e+22	0.00e+00	0.00e+00	4.82e-26	1.56e-22	3.02e-19	1.92e-16	5.49e-14	8.00e-12	1.41e-08	2.95e-06	1.73e-04	3.08e-03	3.18e-02	1.08e-01	1.62e-01	1.93e-01	4.37e-01	6.26e-02	2.90e-03
 1.86060e+22	0.00e+00	0.00e+00	7.49e-26	2.33e-22	4.33e-19	2.64e-16	7.20e-14	1.00e-11	1.76e-08	3.62e-06	2.07e-04	3.56e-03	3.56e-02	1.16e-01	1.69e-01	1.93e-01	4.22e-01	5.82e-02	2.60e-03
 1.88837e+22	0.00e+00	0.00e+00	1.17e-25	3.50e-22	6.23e-19	3.64e-16	9.48e-14	1.26e-11	2.19e-08	4.44e-06	2.48e-04	4.13e-03	4.00e-02	1.26e-01	1.76e-01	1.92e-01	4.06e-01	5.38e-02	2.31e-03
 1.90922e+22	0.00e+00	0.00e+00	1.63e-25	4.72e-22	8.14e-19	4.60e-16	1.16e-13	1.49e-11	2.58e-08	5.16e-06	2.82e-04	4.59e-03	4.34e-02	1.33e-01	1.80e-01	1.92e-01	3.94e-01	5.07e-02	2.12e-03
 1.92969e+22	0.00e+00	0.00e+00	2.21e-25	6.25e-22	1.05e-18	5.75e-16	1.40e-13	1.75e-11	3.00e-08	5.93e-06	3.18e-04	5.07e-03	4.68e-02	1.40e-01	1.85e-01	1.91e-01	3.83e-01	4.80e-02	1.95e-03
 1.95631e+22	0.00e+00	1.12e-31	3.32e-25	9.02e-22	1.46e-18	7.68e-16	1.80e-13	2.15e-11	3.64e-08	7.10e-06	3.72e-04	5.77e-03	5.17e-02	1.49e-01	1.90e-01	1.89e-01	3.67e-01	4.44e-02	1.74e-03
 1.98422e+22	0.00e+00	1.76e-31	5.08e-25	1.33e-21	2.06e-18	1.04e-15	2.33e-13	2.66e-11	4.47e-08	8.58e-06	4.38e-04	6.59e-03	5.72e-02	1.60e-01	1.95e-01	1.87e-01	3.51e-01	4.09e-02	1.55e-03
 2.00758e+22	0.00e+00	2.56e-31	7.27e-25	1.84e-21	2.76e-18	1.35e-15	2.91e-13	3.19e-11	5.29e-08	1.00e-05	5.02e-04	7.36e-03	6.22e-02	1.68e-01	2.00e-01	1.85e-01	3.37e-01	3.80e-02	1.39e-03
 2.02846e+22	0.00e+00	3.54e-31	9.87e-25	2.43e-21	3.54e-18	1.68e-15	3.50e-13	3.72e-11	6.11e-08	1.15e-05	5.63e-04	8.07e-03	6.67e-02	1.76e-01	2.03e-01	1.83e-01	3.25e-01	3.56e-02	1.27e-03
 2.05238e+22	0.00e+00	5.11e-31	1.40e-24	3.33e-21	4.70e-18	2.15e-15	4.33e-13	4.44e-11	7.18e-08	1.33e-05	6.40e-04	8.95e-03	7.21e-02	1.85e-01	2.07e-01	1.81e-01	3.11e-01	3.31e-02	1.14e-03
 2.08348e+22	0.00e+00	8.19e-31	2.18e-24	5.00e-21	6.76e-18	2.97e-15	5.69e-13	5.56e-11	8.82e-08	1.61e-05	7.53e-04	1.02e-02	7.95e-02	1.96e-01	2.11e-01	1.77e-01	2.94e-01	3.00e-02	9.94e-04
 2.11498e+22	0.00e+00	1.32e-30	3.44e-24	7.55e-21	9.80e-18	4.11e-15	7.52e-13	6.99e-11	1.08e-07	1.95e-05	8.87e-04	1.16e-02	8.76e-02	2.08e-01	2.15e-01	1.73e-01	2.76e-01	2.70e-02	8.59e-04
 2.14005e+22	0.00e+00	1.93e-30	4.90e-24	1.04e-20	1.31e-17	5.31e-15	9.35e-13	8.36e-11	1.27e-07	2.25e-05	1.01e-03	1.29e-02	9.43e-02	2.18e-01	2.17e-01	1.69e-01	2.62e-01	2.48e-02	7.63e-04
 2.16566e+22	0.00e+00	2.79e-30	6.96e-24	1.44e-20	1.74e-17	6.83e-15	1.16e-12	9.97e-11	1.49e-07	2.60e-05	1.14e-03	1.42e-02	1.01e-01	2.27e-01	2.19e-01	1.65e-01	2.49e-01	2.27e-02	6.78e-04
 2.19417e+22	0.00e+00	4.20e-30	1.03e-23	2.04e-20	2.40e-17	9.04e-15	1.47e-12	1.21e-10	1.77e-07	3.04e-05	1.30e-03	1.58e-02	1.09e-01	2.37e-01	2.21e-01	1.61e-01	2.34e-01	2.06e-02	5.93e-04
 2.22014e+22	0.00e+00	6.08e-30	1.45e-23	2.81e-20	3.19e-17	1.16e-14	1.82e-12	1.45e-10	2.06e-07	3.50e-05	1.46e-03	1.73e-02	1.17e-01	2.46e-01	2.22e-01	1.56e-01	2.21e-01	1.88e-02	5.24e-04
 2.24357e+22	0.00e+00	8.44e-30	1.98e-23	3.72e-20	4.11e-17	1.45e-14	2.20e-12	1.69e-10	2.36e-07	3.96e-05	1.62e-03	1.88e-02	1.24e-01	2.53e-01	2.23e-01	1.52e-01	2.10e-01	1.73e-02	4.69e-04
 2.26998e+22	0.00e+00	1.20e-29	2.77e-23	5.05e-20	5.41e-17	1.85e-14	2.71e-12	2.01e-10	2.73e-07	4.52e-05	1.81e-03	2.05e-02	1.31e-01	2.62e-01	2.23e-01	1.48e-01	1.98e-01	1.58e-02	4.14e-04
 2.30432e+22	0.00e+00	1.89e-29	4.25e-23	7.47e-20	7.69e-17	2.53e-14	3.53e-12	2.49e-10	3.28e-07	5.33e-05	2.08e-03	2.28e-02	1.41e-01	2.72e-01	2.23e-01	1.42e-01	1.83e-01	1.40e-02	3.53e-04
 2.33888e+22	0.00e+00	2.98e-29	6.51e-23	1.10e-19	1.09e-16	3.45e-14	4.60e-12	3.10e-10	3.94e-07	6.29e-05	2.38e-03	2.53e-02	1.52e-01	2.81e-01	2.22e-01	1.36e-01	1.69e-01	1.24e-02	2.99e-04
 2.36592e+22	0.00e+00	4.22e-29	9.03e-23	1.49e-19	1.43e-16	4.38e-14	5.64e-12	3.67e-10	4.53e-07	7.12e-05	2.64e-03	2.74e-02	1.60e-01	2.88e-01	2.21e-01	1.31e-01	1.58e-01	1.13e-02	2.63e-04
 2.39329e+22	0.00e+00	5.89e-29	1.24e-22	1.98e-19	1.86e-16	5.51e-14	6.86e-12	4.32e-10	5.18e-07	8.02e-05	2.91e-03	2.96e-02	1.69e-01	2.95e-01	2.19e-01	1.26e-01	1.48e-01	1.02e-02	2.31e-04
 2.42888e+22	0.00e+00	9.00e-29	1.84e-22	2.86e-19	2.58e-16	7.39e-14	8.81e-12	5.30e-10	6.14e-07	9.32e-05	3.29e-03	3.24e-02	1.79e-01	3.03e-01	2.17e-01	1.20e-01	1.36e-01	9.04e-03	1.97e-04
 2.46642e+22	0.00e+00	1.40e-28	2.80e-22	4.19e-19	3.65e-16	1.00e-13	1.14e-11	6.59e-10	7.33e-07	1.09e-04	3.74e-03	3.57e-02	1.91e-01	3.10e-01	2.13e-01	1.14e-01	1.24e-01	7.91e-03	1.65e-04
 2.49823e+22	0.00e+00	2.02e-28	3.95e-22	5.74e-19	4.86e-16	1.29e-13	1.42e-11	7.88e-10	8.48e-07	1.24e-04	4.14e-03	3.85e-02	2.00e-01	3.16e-01	2.10e-01	1.09e-01	1.15e-01	7.07e-03	1.42e-04
 2.53133e+22	0.00e+00	2.91e-28	5.54e-22	7.84e-19	6.44e-16	1.66e-13	1.76e-11	9.41e-10	9.80e-07	1.40e-04	4.57e-03	4.15e-02	2.10e-01	3.21e-01	2.07e-01	1.04e-01	1.07e-01	6.31e-03	1.23e-04
 2.57437e+22	0.00e+00	4.59e-28	8.50e-22	1.16e-18	9.20e-16	2.28e-13	2.31e-11	1.18e-09	1.17e-06	1.64e-04	5.18e-03	4.55e-02	2.22e-01	3.26e-01	2.02e-01	9.72e-02	9.63e-02	5.46e-03	1.02e-04
 2.61847e+22	0.00e+00	7.29e-28	1.31e-21	1.73e-18	1.32e-15	3.14e-13	3.04e-11	1.48e-09	1.41e-06	1.91e-04	5.87e-03	4.99e-02	2.34e-01	3.31e-01	1.96e-01	9.09e-02	8.65e-02	4.69e-03	8.33e-05
 2.65253e+22	0.00e+00	1.03e-27	1.82e-21	2.33e-18	1.73e-15	4.00e-13	3.75e-11	1.76e-09	1.62e-06	2.15e-04	6.43e-03	5.33e-02	2.44e-01	3.34e-01	1.92e-01	8.62e-02	7.97e-02	4.17e-03	7.16e-05
 2.68021e+22	0.00e+00	1.36e-27	2.35e-21	2.95e-18	2.15e-15	4.85e-13	4.41e-11	2.02e-09	1.81e-06	2.36e-04	6.92e-03	5.62e-02	2.51e-01	3.36e-01	1.88e-01	8.26e-02	7.46e-02	3.80e-03	6.35e-05
 2.71102e+22	0.00e+00	1.81e-27	3.07e-21	3.78e-18	2.69e-15	5.92e-13	5.24e-11	2.33e-09	2.03e-06	2.60e-04	7.45e-03	5.93e-02	2.59e-01	3.38e-01	1.84e-01	7.88e-02	6.95e-02	3.44e-03	5.59e-05
 2.75107e+22	0.00e+00	2.64e-27	4.35e-21	5.22e-18	3.60e-15	7.68e-13	6.56e-11	2.81e-09	2.35e-06	2.94e-04	8.21e-03	6.35e-02	2.69e-01	3.40e-01	1.79e-01	7.41e-02	6.33e-02	3.01e-03	4.72e-05
 2.79349e+22	0.00e+00	3.88e-27	6.25e-21	7.28e-18	4.88e-15	1.01e-12	8.28e-11	3.41e-09	2.75e-06	3.34e-04	9.06e-03	6.81e-02	2.80e-01	3.41e-01	1.73e-01	6.93e-02	5.73e-02	2.62e-03	3.95e-05
 2.82997e+22	0.00e+00	5.40e-27	8.48e-21	9.65e-18	6.32e-15	1.27e-12	1.01e-10	4.02e-09	3.13e-06	3.72e-04	9.84e-03	7.22e-02	2.88e-01	3.41e-01	1.68e-01	6.54e-02	5.26e-02	2.33e-03	3.39e-05
 2.86834e+22	0.00e+00	7.45e-27	1.14e-20	1.27e-17	8.13e-15	1.59e-12	1.23e-10	4.73e-09	3.56e-06	4.14e-04	1.07e-02	7.63e-02	2.97e-01	3.41e-01	1.63e-01	6.17e-02	4.83e-02	2.07e-03	2.92e-05
 2.91822e+22	0.00e+00	1.12e-26	1.68e-20	1.81e-17	1.12e-14	2.12e-12	1.57e-10	5.82e-09	4.20e-06	4.73e-04	1.18e-02	8.18e-02	3.08e-01	3.40e-01	1.56e-01	5.71e-02	4.32e-02	1.77e-03	2.40e-05
 2.96907e+22	0.00e+00	1.71e-26	2.47e-20	2.59e-17	1.56e-14	2.84e-12	2.02e-10	7.18e-09	4.96e-06	5.41e-04	1.31e-02	8.77e-02	3.18e-01	3.38e-01	1.49e-01	5.27e-02	3.84e-02	1.51e-03	1.96e-05
 3.00988e+22	0.00e+00	2.36e-26	3.34e-20	3.42e-17	2.01e-14	3.56e-12	2.46e-10	8.47e-09	5.65e-06	6.01e-04	1.41e-02	9.25e-02	3.26e-01	3.36e-01	1.44e-01	4.94e-02	3.51e-02	1.33e-03	1.67e-05
 3.04464e+22	0.00e+00	3.08e-26	4.27e-20	4.30e-17	2.47e-14	4.30e-12	2.89e-10	9.70e-09	6.29e-06	6.55e-04	1.51e-02	9.65e-02	3.33e-01	3.35e-01	1.40e-01	4.68e-02	3.25e-02	1.20e-03	1.46e-05
 3.08284e+22	0.00e+00	4.09e-26	5.55e-20	5.48e-17	3.09e-14	5.24e-12	3.43e-10	1.12e-08	7.05e-06	7.17e-04	1.61e-02	1.01e-01	3.40e-01	3.32e-01	1.35e-01	4.42e-02	2.99e-02	1.07e-03	1.27e-05
 3.13249e+22	0.00e+00	5.85e-26	7.72e-20	7.45e-17	4.08e-14	6.73e-12	4.26e-10	1.34e-08	8.13e-06	8.04e-04	1.75e-02	1.07e-01	3.48e-01	3.29e-01	1.29e-01	4.09e-02	2.69e-02	9.30e-04	1.06e-05
 3.18409e+22	0.00e+00	8.46e-26	1.09e-19	1.02e-16	5.46e-14	8.73e-12	5.33e-10	1.62e-08	9.44e-06	9.04e-04	1.91e-02	1.13e-01	3.56e-01	3.25e-01	1.23e-01	3.78e-02	2.41e-02	8.01e-04	8.79e-06
 3.22677e+22	0.00e+00	1.14e-25	1.43e-19	1.32e-16	6.91e-14	1.08e-11	6.41e-10	1.89e-08	1.07e-05	9.94e-04	2.05e-02	1.18e-01	3.63e-01	3.21e-01	1.18e-01	3.53e-02	2.19e-02	7.07e-04	7.51e-06
 3.27082e+22	0.00e+00	1.53e-25	1.87e-19	1.69e-16	8.66e-14	1.32e-11	7.63e-10	2.19e-08	1.20e-05	1.09e-03	2.19e-02	1.23e-01	3.69e-01	3.18e-01	1.13e-01	3.31e-02	2.01e-02	6.27e-04	6.47e-06
 3.32809e+22	0.00e+00	2.21e-25	2.63e-19	2.32e-16	1.16e-13	1.71e-11	9.55e-10	2.65e-08	1.39e-05	1.22e-03	2.38e-02	1.30e-01	3.76e-01	3.12e-01	1.07e-01	3.04e-02	1.79e-02	5.37e-04	5.33e-06
 3.38767e+22	0.00e+00	3.24e-25	3.74e-19	3.21e-16	1.56e-13	2.24e-11	1.20e-09	3.22e-08	1.62e-05	1.38e-03	2.59e-02	1.37e-01	3.84e-01	3.06e-01	1.01e-01	2.78e-02	1.58e-02	4.56e-04	4.35e-06
 3.43724e+22	0.00e+00	4.42e-25	4.98e-19	4.20e-16	1.99e-13	2.78e-11	1.46e-09	3.77e-08	1.84e-05	1.52e-03	2.77e-02	1.43e-01	3.89e-01	3.01e-01	9.66e-02	2.58e-02	1.43e-02	3.99e-04	3.67e-06
 3.48867e+22	0.00e+00	5.98e-25	6.57e-19	5.42e-16	2.52e-13	3.44e-11	1.75e-09	4.40e-08	2.07e-05	1.67e-03	2.96e-02	1.49e-01	3.94e-01	2.96e-01	9.21e-02	2.40e-02	1.30e-02	3.50e-04	3.12e-06
 3.55554e+22	0.00e+00	8.79e-25	9.36e-19	7.53e-16	3.40e-13	4.50e-11	2.21e-09	5.36e-08	2.42e-05	1.88e-03	3.22e-02	1.57e-01	4.00e-01	2.89e-01	8.65e-02	2.18e-02	1.14e-02	2.95e-04	2.53e-06
 3.62498e+22	0.00e+00	1.31e-24	1.35e-18	1.06e-15	4.63e-13	5.94e-11	2.80e-09	6.56e-08	2.84e-05	2.12e-03	3.51e-02	1.65e-01	4.06e-01	2.81e-01	8.09e-02	1.97e-02	9.98e-03	2.48e-04	2.03e-06
 3.67986e+22	8.27e-32	1.77e-24	1.78e-18	1.37e-15	5.88e-13	7.36e-11	3.37e-09	7.67e-08	3.21e-05	2.33e-03	3.75e-02	1.71e-01	4.10e-01	2.75e-01	7.67e-02	1.82e-02	8.99e-03	2.16e-04	1.71e-06
 3.72625e+22	1.09e-31	2.28e-24	2.24e-18	1.70e-15	7.15e-13	8.77e-11	3.93e-09	8.72e-08	3.55e-05	2.51e-03	3.95e-02	1.77e-01	4.12e-01	2.70e-01	7.33e-02	1.71e-02	8.24e-03	1.92e-04	1.49e-06
 3.77952e+22	1.47e-31	3.01e-24	2.89e-18	2.15e-15	8.88e-13	1.06e-10	4.65e-09	1.00e-07	3.96e-05	2.73e-03	4.18e-02	1.83e-01	4.15e-01	2.64e-01	6.97e-02	1.58e-02	7.48e-03	1.70e-04	1.27e-06
 3.84876e+22	2.13e-31	4.24e-24	3.95e-18	2.87e-15	1.16e-12	1.35e-10	5.70e-09	1.19e-07	4.54e-05	3.03e-03	4.49e-02	1.90e-01	4.18e-01	2.57e-01	6.55e-02	1.45e-02	6.65e-03	1.45e-04	1.05e-06
 3.92447e+22	3.23e-31	6.22e-24	5.61e-18	3.97e-15	1.56e-12	1.76e-10	7.18e-09	1.45e-07	5.29e-05	3.40e-03	4.86e-02	1.99e-01	4.21e-01	2.48e-01	6.09e-02	1.30e-02	5.79e-03	1.21e-04	8.42e-07
 3.99159e+22	4.60e-31	8.62e-24	7.56e-18	5.23e-15	2.01e-12	2.21e-10	8.74e-09	1.71e-07	6.02e-05	3.74e-03	5.19e-02	2.06e-01	4.23e-01	2.41e-01	5.71e-02	1.19e-02	5.15e-03	1.04e-04	6.98e-07
 4.06183e+22	6.54e-31	1.19e-23	1.01e-17	6.87e-15	2.57e-12	2.76e-10	1.06e-08	2.01e-07	6.84e-05	4.12e-03	5.53e-02	2.13e-01	4.24e-01	2.34e-01	5.36e-02	1.09e-02	4.59e-03	8.96e-05	5.80e-07
 4.15315e+22	1.02e-30	1.79e-23	1.48e-17	9.72e-15	3.53e-12	3.67e-10	1.35e-08	2.48e-07	8.05e-05	4.65e-03	5.99e-02	2.23e-01	4.25e-01	2.24e-01	4.93e-02	9.65e-03	3.94e-03	7.36e-05	4.55e-07
 4.24811e+22	1.62e-30	2.74e-23	2.17e-17	1.39e-14	4.90e-12	4.92e-10	1.74e-08	3.06e-07	9.51e-05	5.26e-03	6.51e-02	2.32e-01	4.25e-01	2.15e-01	4.51e-02	8.53e-03	3.36e-03	5.99e-05	3.54e-07
 4.32787e+22	2.36e-30	3.88e-23	2.97e-17	1.86e-14	6.39e-12	6.23e-10	2.14e-08	3.64e-07	1.09e-04	5.81e-03	6.95e-02	2.40e-01	4.25e-01	2.07e-01	4.19e-02	7.70e-03	2.96e-03	5.07e-05	2.88e-07
 4.39828e+22	3.25e-30	5.19e-23	3.88e-17	2.38e-14	8.00e-12	7.61e-10	2.55e-08	4.21e-07	1.22e-04	6.32e-03	7.34e-02	2.47e-01	4.24e-01	2.00e-01	3.93e-02	7.05e-03	2.65e-03	4.39e-05	2.42e-07
 4.47644e+22	4.59e-30	7.12e-23	5.17e-17	3.10e-14	1.02e-11	9.47e-10	3.07e-08	4.94e-07	1.38e-04	6.92e-03	7.78e-02	2.54e-01	4.23e-01	1.93e-01	3.66e-02	6.40e-03	2.34e-03	3.75e-05	2.00e-07
 4.57806e+22	7.01e-30	1.05e-22	7.36e-17	4.30e-14	1.37e-11	1.23e-09	3.86e-08	5.98e-07	1.60e-04	7.72e-03	8.35e-02	2.63e-01	4.20e-01	1.84e-01	3.35e-02	5.69e-03	2.02e-03	3.10e-05	1.58e-07
 4.68567e+22	1.11e-29	1.60e-22	1.08e-16	6.11e-14	1.89e-11	1.64e-09	4.94e-08	7.37e-07	1.89e-04	8.69e-03	9.01e-02	2.73e-01	4.17e-01	1.74e-01	3.04e-02	4.98e-03	1.71e-03	2.50e-05	0.00e+00
 4.77327e+22	1.59e-29	2.22e-22	1.45e-16	8.06e-14	2.44e-11	2.06e-09	6.00e-08	8.67e-07	2.14e-04	9.53e-03	9.55e-02	2.80e-01	4.14e-01	1.67e-01	2.81e-02	4.48e-03	1.50e-03	2.12e-05	0.00e+00
 4.84735e+22	2.13e-29	2.90e-22	1.85e-16	1.01e-13	2.99e-11	2.47e-09	7.03e-08	9.90e-07	2.37e-04	1.03e-02	1.00e-01	2.86e-01	4.11e-01	1.61e-01	2.63e-02	4.11e-03	1.34e-03	1.84e-05	0.00e+00
 4.93168e+22	2.94e-29	3.90e-22	2.42e-16	1.29e-13	3.75e-11	3.02e-09	8.36e-08	1.14e-06	2.66e-04	1.11e-02	1.05e-01	2.92e-01	4.08e-01	1.54e-01	2.45e-02	3.73e-03	1.19e-03	1.58e-05	0.00e+00
 5.04131e+22	4.38e-29	5.61e-22	3.36e-16	1.75e-13	4.95e-11	3.87e-09	1.03e-07	1.37e-06	3.05e-04	1.23e-02	1.12e-01	3.00e-01	4.03e-01	1.46e-01	2.23e-02	3.31e-03	1.03e-03	1.31e-05	0.00e+00
 5.15834e+22	6.75e-29	8.33e-22	4.81e-16	2.44e-13	6.71e-11	5.07e-09	1.30e-07	1.66e-06	3.55e-04	1.37e-02	1.20e-01	3.08e-01	3.96e-01	1.38e-01	2.02e-02	2.89e-03	8.69e-04	1.06e-05	0.00e+00
 5.25836e+22	9.65e-29	1.15e-21	6.46e-16	3.21e-13	8.61e-11	6.34e-09	1.58e-07	1.95e-06	4.02e-04	1.50e-02	1.26e-01	3.14e-01	3.91e-01	1.31e-01	1.85e-02	2.59e-03	7.56e-04	8.88e-06	0.00e+00
 5.36175e+22	1.37e-28	1.59e-21	8.62e-16	4.19e-13	1.10e-10	7.88e-09	1.90e-07	2.29e-06	4.54e-04	1.63e-02	1.33e-01	3.21e-01	3.85e-01	1.25e-01	1.70e-02	2.31e-03	6.59e-04	7.47e-06	0.00e+00
 5.49616e+22	2.11e-28	2.36e-21	1.23e-15	5.84e-13	1.48e-10	1.03e-08	2.40e-07	2.77e-06	5.26e-04	1.81e-02	1.42e-01	3.28e-01	3.77e-01	1.17e-01	1.52e-02	2.01e-03	5.56e-04	6.02e-06	0.00e+00
 5.63568e+22	3.34e-28	3.58e-21	1.80e-15	8.29e-13	2.04e-10	1.37e-08	3.06e-07	3.41e-06	6.17e-04	2.02e-02	1.51e-01	3.35e-01	3.68e-01	1.09e-01	1.35e-02	1.73e-03	4.61e-04	4.75e-06	0.00e+00
 5.74940e+22	4.78e-28	4.97e-21	2.41e-15	1.09e-12	2.62e-10	1.71e-08	3.71e-07	4.00e-06	6.97e-04	2.20e-02	1.59e-01	3.41e-01	3.61e-01	1.03e-01	1.23e-02	1.53e-03	3.98e-04	3.95e-06	0.00e+00
 5.86477e+22	6.74e-28	6.79e-21	3.20e-15	1.41e-12	3.33e-10	2.12e-08	4.45e-07	4.67e-06	7.84e-04	2.39e-02	1.66e-01	3.46e-01	3.54e-01	9.68e-02	1.12e-02	1.36e-03	3.45e-04	3.30e-06	0.00e+00
 6.01475e+22	1.03e-27	1.00e-20	4.54e-15	1.95e-12	4.47e-10	2.75e-08	5.57e-07	5.63e-06	9.06e-04	2.64e-02	1.76e-01	3.51e-01	3.44e-01	9.00e-02	9.98e-03	1.18e-03	2.89e-04	2.64e-06	0.00e+00
 6.16373e+22	1.60e-27	1.49e-20	6.48e-15	2.73e-12	6.08e-10	3.63e-08	7.07e-07	6.88e-06	1.05e-03	2.93e-02	1.87e-01	3.57e-01	3.33e-01	8.31e-02	8.79e-03	1.00e-03	2.38e-04	2.07e-06	0.00e+00
 6.27427e+22	2.17e-27	1.96e-20	8.31e-15	3.43e-12	7.50e-10	4.37e-08	8.29e-07	7.86e-06	1.17e-03	3.14e-02	1.94e-01	3.60e-01	3.26e-01	7.87e-02	8.06e-03	9.02e-04	2.09e-04	1.76e-06	0.00e+00
 6.38083e+22	2.88e-27	2.54e-20	1.05e-14	4.27e-12	9.17e-10	5.23e-08	9.67e-07	8.95e-06	1.29e-03	3.36e-02	2.01e-01	3.63e-01	3.19e-01	7.45e-02	7.40e-03	8.11e-04	1.84e-04	1.50e-06	0.00e+00
 6.51936e+22	4.07e-27	3.48e-20	1.39e-14	5.56e-12	1.17e-09	6.49e-08	1.16e-06	1.05e-05	1.45e-03	3.64e-02	2.10e-01	3.66e-01	3.09e-01	6.96e-02	6.66e-03	7.13e-04	1.57e-04	1.23e-06	0.00e+00
 6.67283e+22	6.00e-27	4.95e-20	1.91e-14	7.46e-12	1.53e-09	8.28e-08	1.43e-06	1.25e-05	1.65e-03	3.97e-02	2.20e-01	3.69e-01	2.99e-01	6.44e-02	5.90e-03	6.15e-04	1.31e-04	9.87e-07	0.00e+00
 6.81207e+22	8.46e-27	6.75e-20	2.52e-14	9.68e-12	1.95e-09	1.03e-07	1.72e-06	1.46e-05	1.86e-03	4.30e-02	2.29e-01	3.71e-01	2.89e-01	5.99e-02	5.29e-03	5.39e-04	1.12e-04	8.08e-07	0.00e+00
 6.93908e+22	1.14e-26	8.83e-20	3.20e-14	1.21e-11	2.40e-09	1.24e-07	2.02e-06	1.67e-05	2.06e-03	4.60e-02	2.37e-01	3.72e-01	2.81e-01	5.62e-02	4.80e-03	4.79e-04	9.71e-05	6.77e-07	0.00e+00
 7.08383e+22	1.57e-26	1.18e-19	4.15e-14	1.55e-11	3.00e-09	1.51e-07	2.40e-06	1.92e-05	2.29e-03	4.94e-02	2.46e-01	3.73e-01	2.72e-01	5.24e-02	4.32e-03	4.21e-04	8.33e-05	5.60e-07	0.00e+00
 7.27199e+22	2.34e-26	1.69e-19	5.72e-14	2.10e-11	3.98e-09	1.95e-07	2.99e-06	2.32e-05	2.63e-03	5.40e-02	2.57e-01	3.74e-01	2.60e-01	4.77e-02	3.76e-03	3.57e-04	6.81e-05	4.37e-07	0.00e+00
 7.46762e+22	3.57e-26	2.48e-19	8.05e-14	2.89e-11	5.36e-09	2.55e-07	3.77e-06	2.82e-05	3.04e-03	5.94e-02	2.69e-01	3.74e-01	2.47e-01	4.32e-02	3.24e-03	2.98e-04	5.50e-05	3.35e-07	0.00e+00
 7.62819e+22	4.98e-26	3.35e-19	1.05e-13	3.72e-11	6.78e-09	3.15e-07	4.52e-06	3.28e-05	3.41e-03	6.39e-02	2.78e-01	3.74e-01	2.37e-01	3.98e-02	2.87e-03	2.59e-04	4.63e-05	2.71e-07	0.00e+00
