#depth	N	N+	N+2	N+3	N+4	N+5	N+6	N+7
 6.17135e+19	0.00e+00	0.00e+00	1.32e-26	7.16e-20	7.76e-14	2.35e-08	2.04e-04	1.00e+00
 1.87609e+20	0.00e+00	0.00e+00	2.00e-26	9.92e-20	9.81e-14	2.76e-08	2.23e-04	1.00e+00
 3.18540e+20	0.00e+00	0.00e+00	3.05e-26	1.37e-19	1.24e-13	3.24e-08	2.43e-04	1.00e+00
 4.54709e+20	0.00e+00	0.00e+00	4.66e-26	1.91e-19	1.57e-13	3.81e-08	2.66e-04	1.00e+00
 5.55111e+20	0.00e+00	0.00e+00	6.33e-26	2.41e-19	1.85e-13	4.28e-08	2.83e-04	1.00e+00
 6.06530e+20	0.00e+00	1.92e-33	7.38e-26	2.72e-19	2.01e-13	4.53e-08	2.93e-04	1.00e+00
 6.53533e+20	0.00e+00	2.28e-33	8.47e-26	3.02e-19	2.17e-13	4.77e-08	3.01e-04	1.00e+00
 7.14636e+20	0.00e+00	2.83e-33	1.01e-25	3.46e-19	2.39e-13	5.10e-08	3.13e-04	1.00e+00
 7.94071e+20	0.00e+00	3.75e-33	1.27e-25	4.12e-19	2.70e-13	5.56e-08	3.28e-04	1.00e+00
 8.79208e+20	0.00e+00	5.04e-33	1.61e-25	4.94e-19	3.06e-13	6.08e-08	3.45e-04	1.00e+00
 9.53696e+20	0.00e+00	6.51e-33	1.98e-25	5.78e-19	3.42e-13	6.56e-08	3.61e-04	1.00e+00
 1.03247e+21	0.00e+00	8.49e-33	2.45e-25	6.80e-19	3.83e-13	7.11e-08	3.78e-04	1.00e+00
 1.12036e+21	0.00e+00	1.14e-32	3.11e-25	8.13e-19	4.33e-13	7.75e-08	3.98e-04	1.00e+00
 1.19511e+21	0.00e+00	1.45e-32	3.78e-25	9.44e-19	4.80e-13	8.34e-08	4.15e-04	1.00e+00
 1.25439e+21	0.00e+00	1.77e-32	4.42e-25	1.06e-18	5.20e-13	8.83e-08	4.29e-04	1.00e+00
 1.31855e+21	0.00e+00	2.16e-32	5.20e-25	1.20e-18	5.66e-13	9.38e-08	4.44e-04	1.00e+00
 1.40195e+21	0.00e+00	2.82e-32	6.42e-25	1.41e-18	6.31e-13	1.01e-07	4.65e-04	1.00e+00
 1.48848e+21	0.00e+00	3.69e-32	7.97e-25	1.65e-18	7.04e-13	1.10e-07	4.88e-04	1.00e+00
 1.56012e+21	0.00e+00	4.60e-32	9.50e-25	1.89e-18	7.69e-13	1.17e-07	5.07e-04	9.99e-01
 1.62405e+21	0.00e+00	5.58e-32	1.11e-24	2.12e-18	8.32e-13	1.24e-07	5.24e-04	9.99e-01
 1.69690e+21	0.00e+00	6.96e-32	1.32e-24	2.41e-18	9.07e-13	1.32e-07	5.45e-04	9.99e-01
 1.77858e+21	0.00e+00	8.86e-32	1.60e-24	2.78e-18	9.98e-13	1.41e-07	5.69e-04	9.99e-01
 1.85576e+21	0.00e+00	1.11e-31	1.92e-24	3.18e-18	1.09e-12	1.51e-07	5.92e-04	9.99e-01
 1.92823e+21	0.00e+00	1.37e-31	2.26e-24	3.60e-18	1.18e-12	1.60e-07	6.15e-04	9.99e-01
 1.99683e+21	0.00e+00	1.67e-31	2.64e-24	4.03e-18	1.28e-12	1.69e-07	6.37e-04	9.99e-01
 2.07227e+21	0.00e+00	2.07e-31	3.13e-24	4.57e-18	1.38e-12	1.80e-07	6.61e-04	9.99e-01
 2.15423e+21	0.00e+00	2.60e-31	3.75e-24	5.22e-18	1.51e-12	1.92e-07	6.89e-04	9.99e-01
 2.22732e+21	0.00e+00	3.18e-31	4.40e-24	5.87e-18	1.63e-12	2.03e-07	7.15e-04	9.99e-01
 2.29473e+21	0.00e+00	3.83e-31	5.09e-24	6.52e-18	1.74e-12	2.14e-07	7.39e-04	9.99e-01
 2.37210e+21	0.00e+00	4.72e-31	6.00e-24	7.35e-18	1.88e-12	2.27e-07	7.67e-04	9.99e-01
 2.45595e+21	0.00e+00	5.91e-31	7.16e-24	8.36e-18	2.04e-12	2.41e-07	7.99e-04	9.99e-01
 2.53014e+21	0.00e+00	7.19e-31	8.35e-24	9.35e-18	2.19e-12	2.55e-07	8.28e-04	9.99e-01
 2.59804e+21	0.00e+00	8.61e-31	9.61e-24	1.03e-17	2.34e-12	2.68e-07	8.55e-04	9.99e-01
 2.67581e+21	0.00e+00	1.05e-30	1.12e-23	1.16e-17	2.51e-12	2.83e-07	8.87e-04	9.99e-01
 2.76344e+21	0.00e+00	1.32e-30	1.34e-23	1.31e-17	2.72e-12	3.01e-07	9.24e-04	9.99e-01
 2.84554e+21	0.00e+00	1.62e-30	1.57e-23	1.48e-17	2.92e-12	3.19e-07	9.60e-04	9.99e-01
 2.91820e+21	0.00e+00	1.94e-30	1.81e-23	1.63e-17	3.11e-12	3.35e-07	9.92e-04	9.99e-01
 2.99691e+21	0.00e+00	2.35e-30	2.10e-23	1.82e-17	3.33e-12	3.53e-07	1.03e-03	9.99e-01
 3.09923e+21	0.00e+00	3.03e-30	2.56e-23	2.09e-17	3.62e-12	3.78e-07	1.08e-03	9.99e-01
 3.19928e+21	0.00e+00	3.87e-30	3.09e-23	2.39e-17	3.92e-12	4.04e-07	1.13e-03	9.99e-01
 3.27476e+21	0.00e+00	4.63e-30	3.56e-23	2.64e-17	4.17e-12	4.24e-07	1.16e-03	9.99e-01
 3.35127e+21	0.00e+00	5.55e-30	4.09e-23	2.91e-17	4.42e-12	4.46e-07	1.20e-03	9.99e-01
 3.45074e+21	0.00e+00	7.00e-30	4.89e-23	3.31e-17	4.77e-12	4.74e-07	1.26e-03	9.99e-01
 3.55141e+21	0.00e+00	8.83e-30	5.86e-23	3.76e-17	5.14e-12	5.05e-07	1.31e-03	9.99e-01
 3.63116e+21	0.00e+00	1.06e-29	6.74e-23	4.15e-17	5.45e-12	5.31e-07	1.36e-03	9.99e-01
 3.71237e+21	0.00e+00	1.27e-29	7.76e-23	4.58e-17	5.78e-12	5.58e-07	1.40e-03	9.99e-01
 3.81794e+21	0.00e+00	1.61e-29	9.30e-23	5.20e-17	6.23e-12	5.95e-07	1.47e-03	9.99e-01
 3.92614e+21	0.00e+00	2.04e-29	1.12e-22	5.91e-17	6.72e-12	6.35e-07	1.53e-03	9.98e-01
 4.01405e+21	0.00e+00	2.48e-29	1.30e-22	6.56e-17	7.13e-12	6.69e-07	1.59e-03	9.98e-01
 4.10464e+21	0.00e+00	3.00e-29	1.50e-22	7.28e-17	7.59e-12	7.06e-07	1.65e-03	9.98e-01
 4.22242e+21	0.00e+00	3.85e-29	1.82e-22	8.33e-17	8.21e-12	7.56e-07	1.73e-03	9.98e-01
 4.33996e+21	0.00e+00	4.92e-29	2.20e-22	9.52e-17	8.88e-12	8.09e-07	1.81e-03	9.98e-01
 4.42907e+21	0.00e+00	5.92e-29	2.54e-22	1.05e-16	9.41e-12	8.52e-07	1.87e-03	9.98e-01
 4.51680e+21	0.00e+00	7.07e-29	2.91e-22	1.16e-16	9.96e-12	8.95e-07	1.93e-03	9.98e-01
 4.63084e+21	0.00e+00	8.89e-29	3.47e-22	1.31e-16	1.07e-11	9.54e-07	2.02e-03	9.98e-01
 4.74989e+21	0.00e+00	1.13e-28	4.17e-22	1.49e-16	1.16e-11	1.02e-06	2.11e-03	9.98e-01
 4.84997e+21	0.00e+00	1.37e-28	4.86e-22	1.66e-16	1.23e-11	1.08e-06	2.19e-03	9.98e-01
 4.94018e+21	0.00e+00	1.63e-28	5.55e-22	1.83e-16	1.30e-11	1.13e-06	2.26e-03	9.98e-01
 5.04307e+21	0.00e+00	1.98e-28	6.46e-22	2.04e-16	1.39e-11	1.20e-06	2.34e-03	9.98e-01
 5.15884e+21	0.00e+00	2.46e-28	7.66e-22	2.30e-16	1.50e-11	1.28e-06	2.43e-03	9.98e-01
 5.26807e+21	0.00e+00	3.02e-28	8.97e-22	2.57e-16	1.60e-11	1.36e-06	2.52e-03	9.97e-01
 5.37057e+21	0.00e+00	3.64e-28	1.04e-21	2.85e-16	1.71e-11	1.43e-06	2.61e-03	9.97e-01
 5.48760e+21	0.00e+00	4.49e-28	1.22e-21	3.21e-16	1.83e-11	1.52e-06	2.71e-03	9.97e-01
 5.61867e+21	0.00e+00	5.67e-28	1.47e-21	3.66e-16	1.99e-11	1.63e-06	2.83e-03	9.97e-01
 5.74181e+21	0.00e+00	7.04e-28	1.74e-21	4.14e-16	2.14e-11	1.74e-06	2.94e-03	9.97e-01
 5.85778e+21	0.00e+00	8.60e-28	2.03e-21	4.64e-16	2.30e-11	1.85e-06	3.05e-03	9.97e-01
 5.97257e+21	0.00e+00	1.05e-27	2.37e-21	5.18e-16	2.47e-11	1.96e-06	3.15e-03	9.97e-01
 6.10374e+21	0.00e+00	1.30e-27	2.82e-21	5.88e-16	2.67e-11	2.09e-06	3.28e-03	9.97e-01
 6.24636e+21	0.00e+00	1.65e-27	3.39e-21	6.74e-16	2.92e-11	2.25e-06	3.42e-03	9.97e-01
 6.37438e+21	0.00e+00	2.03e-27	4.00e-21	7.61e-16	3.15e-11	2.40e-06	3.54e-03	9.96e-01
 6.51133e+21	0.00e+00	2.52e-27	4.76e-21	8.64e-16	3.42e-11	2.56e-06	3.68e-03	9.96e-01
 6.66499e+21	0.00e+00	3.21e-27	5.77e-21	9.96e-16	3.75e-11	2.76e-06	3.84e-03	9.96e-01
 6.80983e+21	0.00e+00	4.02e-27	6.90e-21	1.14e-15	4.09e-11	2.96e-06	3.99e-03	9.96e-01
 6.94418e+21	0.00e+00	4.94e-27	8.12e-21	1.28e-15	4.43e-11	3.15e-06	4.13e-03	9.96e-01
 7.09545e+21	0.00e+00	6.20e-27	9.73e-21	1.47e-15	4.84e-11	3.38e-06	4.30e-03	9.96e-01
 7.25788e+21	0.00e+00	7.88e-27	1.18e-20	1.70e-15	5.32e-11	3.64e-06	4.48e-03	9.96e-01
 7.40079e+21	0.00e+00	9.71e-27	1.39e-20	1.92e-15	5.78e-11	3.88e-06	4.64e-03	9.95e-01
 7.55258e+21	0.00e+00	1.21e-26	1.66e-20	2.19e-15	6.31e-11	4.15e-06	4.81e-03	9.95e-01
 7.72393e+21	0.00e+00	1.54e-26	2.01e-20	2.53e-15	6.96e-11	4.48e-06	5.01e-03	9.95e-01
 7.88679e+21	0.00e+00	1.93e-26	2.42e-20	2.91e-15	7.63e-11	4.81e-06	5.21e-03	9.95e-01
 8.04075e+21	0.00e+00	2.38e-26	2.87e-20	3.31e-15	8.32e-11	5.14e-06	5.39e-03	9.95e-01
 8.21703e+21	0.00e+00	3.02e-26	3.47e-20	3.82e-15	9.18e-11	5.53e-06	5.61e-03	9.94e-01
 8.41230e+21	0.00e+00	3.92e-26	4.28e-20	4.48e-15	1.02e-10	6.00e-06	5.86e-03	9.94e-01
 8.59325e+21	0.00e+00	4.97e-26	5.18e-20	5.18e-15	1.13e-10	6.47e-06	6.09e-03	9.94e-01
 8.78945e+21	0.00e+00	6.39e-26	6.35e-20	6.05e-15	1.26e-10	7.00e-06	6.35e-03	9.94e-01
 8.99556e+21	2.30e-33	8.31e-26	7.86e-20	7.11e-15	1.40e-10	7.60e-06	6.63e-03	9.93e-01
 9.17046e+21	2.99e-33	1.03e-25	9.38e-20	8.14e-15	1.54e-10	8.14e-06	6.88e-03	9.93e-01
 9.35374e+21	3.91e-33	1.30e-25	1.13e-19	9.36e-15	1.70e-10	8.74e-06	7.13e-03	9.93e-01
 9.59201e+21	5.51e-33	1.73e-25	1.42e-19	1.12e-14	1.92e-10	9.57e-06	7.48e-03	9.93e-01
 9.83469e+21	7.79e-33	2.31e-25	1.80e-19	1.34e-14	2.18e-10	1.05e-05	7.84e-03	9.92e-01
 1.00284e+22	1.02e-32	2.91e-25	2.17e-19	1.55e-14	2.41e-10	1.13e-05	8.14e-03	9.92e-01
 1.02256e+22	1.34e-32	3.66e-25	2.62e-19	1.79e-14	2.66e-10	1.21e-05	8.44e-03	9.92e-01
 1.04820e+22	1.90e-32	4.90e-25	3.32e-19	2.15e-14	3.02e-10	1.33e-05	8.85e-03	9.91e-01
 1.07466e+22	2.71e-32	6.62e-25	4.24e-19	2.59e-14	3.45e-10	1.46e-05	9.28e-03	9.91e-01
 1.09472e+22	3.54e-32	8.29e-25	5.09e-19	2.99e-14	3.80e-10	1.56e-05	9.62e-03	9.90e-01
 1.11045e+22	4.34e-32	9.84e-25	5.86e-19	3.33e-14	4.10e-10	1.65e-05	9.89e-03	9.90e-01
 1.12805e+22	5.47e-32	1.20e-24	6.87e-19	3.76e-14	4.47e-10	1.75e-05	1.02e-02	9.90e-01
 1.15092e+22	7.25e-32	1.52e-24	8.35e-19	4.37e-14	4.98e-10	1.89e-05	1.06e-02	9.89e-01
 1.17578e+22	1.00e-31	2.00e-24	1.04e-18	5.20e-14	5.62e-10	2.06e-05	1.11e-02	9.89e-01
 1.19736e+22	1.32e-31	2.51e-24	1.26e-18	6.01e-14	6.22e-10	2.21e-05	1.15e-02	9.89e-01
 1.21665e+22	1.68e-31	3.08e-24	1.49e-18	6.84e-14	6.81e-10	2.36e-05	1.18e-02	9.88e-01
 1.23543e+22	2.11e-31	3.74e-24	1.75e-18	7.74e-14	7.43e-10	2.50e-05	1.22e-02	9.88e-01
 1.25647e+22	2.71e-31	4.62e-24	2.07e-18	8.85e-14	8.17e-10	2.68e-05	1.26e-02	9.87e-01
 1.27948e+22	3.61e-31	5.88e-24	2.53e-18	1.03e-13	9.10e-10	2.88e-05	1.31e-02	9.87e-01
 1.29979e+22	4.61e-31	7.24e-24	2.99e-18	1.18e-13	9.99e-10	3.07e-05	1.35e-02	9.86e-01
 1.31802e+22	5.73e-31	8.71e-24	3.48e-18	1.32e-13	1.09e-09	3.25e-05	1.39e-02	9.86e-01
 1.33883e+22	7.28e-31	1.07e-23	4.11e-18	1.50e-13	1.19e-09	3.47e-05	1.44e-02	9.86e-01
 1.36082e+22	9.49e-31	1.33e-23	4.94e-18	1.74e-13	1.32e-09	3.71e-05	1.49e-02	9.85e-01
 1.37913e+22	1.18e-30	1.60e-23	5.74e-18	1.95e-13	1.43e-09	3.93e-05	1.53e-02	9.85e-01
 1.39771e+22	1.46e-30	1.92e-23	6.67e-18	2.19e-13	1.55e-09	4.16e-05	1.57e-02	9.84e-01
 1.42186e+22	1.92e-30	2.43e-23	8.07e-18	2.54e-13	1.72e-09	4.46e-05	1.63e-02	9.84e-01
 1.44623e+22	2.55e-30	3.08e-23	9.82e-18	2.96e-13	1.92e-09	4.80e-05	1.69e-02	9.83e-01
 1.46531e+22	3.18e-30	3.71e-23	1.14e-17	3.33e-13	2.09e-09	5.09e-05	1.74e-02	9.83e-01
 1.48452e+22	3.95e-30	4.46e-23	1.33e-17	3.75e-13	2.27e-09	5.38e-05	1.79e-02	9.82e-01
 1.50949e+22	5.23e-30	5.66e-23	1.62e-17	4.37e-13	2.53e-09	5.79e-05	1.86e-02	9.81e-01
 1.53382e+22	6.90e-30	7.16e-23	1.96e-17	5.07e-13	2.81e-09	6.22e-05	1.92e-02	9.81e-01
 1.55170e+22	8.46e-30	8.51e-23	2.26e-17	5.67e-13	3.04e-09	6.55e-05	1.97e-02	9.80e-01
 1.56931e+22	1.03e-29	1.00e-22	2.59e-17	6.30e-13	3.28e-09	6.89e-05	2.02e-02	9.80e-01
 1.59222e+22	1.32e-29	1.24e-22	3.09e-17	7.23e-13	3.62e-09	7.35e-05	2.09e-02	9.79e-01
 1.61644e+22	1.74e-29	1.57e-22	3.73e-17	8.38e-13	4.01e-09	7.88e-05	2.16e-02	9.78e-01
 1.63696e+22	2.18e-29	1.90e-22	4.38e-17	9.49e-13	4.38e-09	8.36e-05	2.23e-02	9.78e-01
 1.65824e+22	2.76e-29	2.32e-22	5.16e-17	1.08e-12	4.80e-09	8.88e-05	2.29e-02	9.77e-01
 1.68221e+22	3.59e-29	2.90e-22	6.20e-17	1.24e-12	5.31e-09	9.50e-05	2.37e-02	9.76e-01
 1.70465e+22	4.60e-29	3.58e-22	7.38e-17	1.42e-12	5.85e-09	1.01e-04	2.44e-02	9.75e-01
 1.72440e+22	5.72e-29	4.31e-22	8.59e-17	1.60e-12	6.36e-09	1.07e-04	2.51e-02	9.75e-01
 1.74569e+22	7.22e-29	5.25e-22	1.01e-16	1.82e-12	6.96e-09	1.14e-04	2.59e-02	9.74e-01
 1.76971e+22	9.39e-29	6.56e-22	1.21e-16	2.10e-12	7.71e-09	1.21e-04	2.67e-02	9.73e-01
 1.79172e+22	1.20e-28	8.06e-22	1.44e-16	2.40e-12	8.46e-09	1.29e-04	2.76e-02	9.72e-01
 1.81110e+22	1.48e-28	9.65e-22	1.67e-16	2.70e-12	9.19e-09	1.36e-04	2.83e-02	9.72e-01
 1.83262e+22	1.87e-28	1.18e-21	1.97e-16	3.06e-12	1.01e-08	1.45e-04	2.91e-02	9.71e-01
 1.86060e+22	2.53e-28	1.52e-21	2.43e-16	3.61e-12	1.13e-08	1.56e-04	3.02e-02	9.70e-01
 1.88837e+22	3.46e-28	1.98e-21	3.02e-16	4.29e-12	1.28e-08	1.69e-04	3.14e-02	9.68e-01
 1.90922e+22	4.34e-28	2.40e-21	3.55e-16	4.86e-12	1.39e-08	1.79e-04	3.23e-02	9.68e-01
 1.92969e+22	5.37e-28	2.88e-21	4.12e-16	5.47e-12	1.52e-08	1.89e-04	3.32e-02	9.67e-01
 1.95631e+22	7.14e-28	3.67e-21	5.04e-16	6.40e-12	1.69e-08	2.03e-04	3.44e-02	9.65e-01
 1.98422e+22	9.67e-28	4.75e-21	6.23e-16	7.56e-12	1.90e-08	2.19e-04	3.57e-02	9.64e-01
 2.00758e+22	1.25e-27	5.92e-21	7.47e-16	8.71e-12	2.11e-08	2.34e-04	3.68e-02	9.63e-01
 2.02846e+22	1.56e-27	7.12e-21	8.71e-16	9.82e-12	2.29e-08	2.47e-04	3.78e-02	9.62e-01
 2.05238e+22	2.00e-27	8.82e-21	1.04e-15	1.13e-11	2.53e-08	2.64e-04	3.90e-02	9.61e-01
 2.08348e+22	2.77e-27	1.16e-20	1.31e-15	1.35e-11	2.87e-08	2.86e-04	4.06e-02	9.59e-01
 2.11498e+22	3.86e-27	1.54e-20	1.65e-15	1.62e-11	3.27e-08	3.12e-04	4.23e-02	9.57e-01
 2.14005e+22	5.01e-27	1.93e-20	1.99e-15	1.88e-11	3.63e-08	3.33e-04	4.37e-02	9.56e-01
 2.16566e+22	6.49e-27	2.40e-20	2.39e-15	2.17e-11	4.02e-08	3.56e-04	4.51e-02	9.55e-01
 2.19417e+22	8.65e-27	3.07e-20	2.93e-15	2.55e-11	4.50e-08	3.83e-04	4.68e-02	9.53e-01
 2.22014e+22	1.12e-26	3.84e-20	3.53e-15	2.95e-11	4.99e-08	4.10e-04	4.83e-02	9.51e-01
 2.24357e+22	1.42e-26	4.67e-20	4.16e-15	3.36e-11	5.47e-08	4.35e-04	4.97e-02	9.50e-01
 2.26998e+22	1.82e-26	5.79e-20	4.97e-15	3.87e-11	6.05e-08	4.64e-04	5.13e-02	9.48e-01
 2.30432e+22	2.51e-26	7.63e-20	6.26e-15	4.64e-11	6.88e-08	5.04e-04	5.34e-02	9.46e-01
 2.33888e+22	3.48e-26	1.01e-19	7.88e-15	5.57e-11	7.84e-08	5.49e-04	5.56e-02	9.44e-01
 2.36592e+22	4.45e-26	1.24e-19	9.41e-15	6.41e-11	8.67e-08	5.85e-04	5.73e-02	9.42e-01
 2.39329e+22	5.66e-26	1.53e-19	1.12e-14	7.35e-11	9.55e-08	6.23e-04	5.91e-02	9.40e-01
 2.42888e+22	7.68e-26	1.98e-19	1.39e-14	8.74e-11	1.08e-07	6.75e-04	6.14e-02	9.38e-01
 2.46642e+22	1.06e-25	2.61e-19	1.75e-14	1.05e-10	1.23e-07	7.34e-04	6.39e-02	9.35e-01
 2.49823e+22	1.38e-25	3.27e-19	2.11e-14	1.22e-10	1.37e-07	7.87e-04	6.61e-02	9.33e-01
 2.53133e+22	1.79e-25	4.09e-19	2.55e-14	1.42e-10	1.53e-07	8.44e-04	6.83e-02	9.31e-01
 2.57437e+22	2.49e-25	5.43e-19	3.24e-14	1.71e-10	1.75e-07	9.22e-04	7.12e-02	9.28e-01
 2.61847e+22	3.48e-25	7.24e-19	4.12e-14	2.08e-10	2.01e-07	1.01e-03	7.43e-02	9.25e-01
 2.65253e+22	4.48e-25	8.99e-19	4.95e-14	2.41e-10	2.23e-07	1.08e-03	7.68e-02	9.22e-01
 2.68021e+22	5.47e-25	1.07e-18	5.72e-14	2.71e-10	2.43e-07	1.14e-03	7.88e-02	9.20e-01
 2.71102e+22	6.72e-25	1.28e-18	6.64e-14	3.05e-10	2.65e-07	1.20e-03	8.09e-02	9.18e-01
 2.75107e+22	8.82e-25	1.61e-18	8.09e-14	3.58e-10	2.97e-07	1.30e-03	8.37e-02	9.15e-01
 2.79349e+22	1.17e-24	2.05e-18	9.93e-14	4.22e-10	3.34e-07	1.40e-03	8.68e-02	9.12e-01
 2.82997e+22	1.49e-24	2.53e-18	1.18e-13	4.85e-10	3.70e-07	1.49e-03	8.96e-02	9.09e-01
 2.86834e+22	1.88e-24	3.09e-18	1.40e-13	5.56e-10	4.09e-07	1.59e-03	9.23e-02	9.06e-01
 2.91822e+22	2.53e-24	3.99e-18	1.74e-13	6.63e-10	4.64e-07	1.73e-03	9.59e-02	9.02e-01
 2.96907e+22	3.42e-24	5.18e-18	2.17e-13	7.92e-10	5.28e-07	1.88e-03	9.97e-02	8.98e-01
 3.00988e+22	4.33e-24	6.35e-18	2.58e-13	9.11e-10	5.84e-07	2.01e-03	1.03e-01	8.95e-01
 3.04464e+22	5.26e-24	7.51e-18	2.97e-13	1.02e-09	6.35e-07	2.12e-03	1.05e-01	8.92e-01
 3.08284e+22	6.46e-24	8.96e-18	3.46e-13	1.15e-09	6.94e-07	2.24e-03	1.08e-01	8.89e-01
 3.13249e+22	8.37e-24	1.12e-17	4.18e-13	1.35e-09	7.76e-07	2.41e-03	1.12e-01	8.86e-01
 3.18409e+22	1.09e-23	1.41e-17	5.08e-13	1.58e-09	8.72e-07	2.59e-03	1.16e-01	8.81e-01
 3.22677e+22	1.36e-23	1.71e-17	5.97e-13	1.80e-09	9.59e-07	2.76e-03	1.19e-01	8.78e-01
 3.27082e+22	1.68e-23	2.04e-17	6.95e-13	2.03e-09	1.05e-06	2.92e-03	1.22e-01	8.75e-01
 3.32809e+22	2.19e-23	2.57e-17	8.46e-13	2.38e-09	1.18e-06	3.15e-03	1.27e-01	8.70e-01
 3.38767e+22	2.89e-23	3.27e-17	1.04e-12	2.81e-09	1.33e-06	3.40e-03	1.31e-01	8.65e-01
 3.43724e+22	3.62e-23	3.97e-17	1.22e-12	3.22e-09	1.47e-06	3.63e-03	1.35e-01	8.61e-01
 3.48867e+22	4.49e-23	4.79e-17	1.43e-12	3.66e-09	1.61e-06	3.85e-03	1.39e-01	8.57e-01
 3.55554e+22	5.92e-23	6.08e-17	1.76e-12	4.32e-09	1.82e-06	4.16e-03	1.44e-01	8.52e-01
 3.62498e+22	7.87e-23	7.78e-17	2.17e-12	5.12e-09	2.06e-06	4.51e-03	1.49e-01	8.46e-01
 3.67986e+22	9.80e-23	9.40e-17	2.54e-12	5.84e-09	2.27e-06	4.80e-03	1.54e-01	8.42e-01
 3.72625e+22	1.17e-22	1.10e-16	2.91e-12	6.51e-09	2.46e-06	5.05e-03	1.57e-01	8.38e-01
 3.77952e+22	1.43e-22	1.31e-16	3.37e-12	7.34e-09	2.69e-06	5.34e-03	1.61e-01	8.33e-01
 3.84876e+22	1.82e-22	1.61e-16	4.01e-12	8.46e-09	2.98e-06	5.71e-03	1.66e-01	8.28e-01
 3.92447e+22	2.40e-22	2.04e-16	4.92e-12	9.99e-09	3.37e-06	6.17e-03	1.72e-01	8.22e-01
 3.99159e+22	3.03e-22	2.50e-16	5.83e-12	1.15e-08	3.73e-06	6.59e-03	1.77e-01	8.16e-01
 4.06183e+22	3.80e-22	3.04e-16	6.89e-12	1.31e-08	4.12e-06	7.02e-03	1.82e-01	8.11e-01
 4.15315e+22	5.10e-22	3.91e-16	8.55e-12	1.57e-08	4.70e-06	7.62e-03	1.89e-01	8.03e-01
 4.24811e+22	6.89e-22	5.08e-16	1.07e-11	1.88e-08	5.36e-06	8.30e-03	1.96e-01	7.96e-01
 4.32787e+22	8.80e-22	6.27e-16	1.28e-11	2.17e-08	5.97e-06	8.88e-03	2.02e-01	7.89e-01
 4.39828e+22	1.08e-21	7.50e-16	1.49e-11	2.46e-08	6.54e-06	9.41e-03	2.07e-01	7.83e-01
 4.47644e+22	1.35e-21	9.11e-16	1.75e-11	2.81e-08	7.22e-06	1.00e-02	2.13e-01	7.77e-01
 4.57806e+22	1.78e-21	1.15e-15	2.14e-11	3.30e-08	8.13e-06	1.08e-02	2.20e-01	7.69e-01
 4.68567e+22	2.40e-21	1.49e-15	2.66e-11	3.95e-08	9.28e-06	1.17e-02	2.28e-01	7.60e-01
 4.77327e+22	3.03e-21	1.83e-15	3.16e-11	4.54e-08	1.03e-05	1.25e-02	2.34e-01	7.53e-01
 4.84735e+22	3.66e-21	2.15e-15	3.63e-11	5.09e-08	1.12e-05	1.32e-02	2.39e-01	7.47e-01
 4.93168e+22	4.51e-21	2.58e-15	4.24e-11	5.77e-08	1.22e-05	1.40e-02	2.45e-01	7.41e-01
 5.04131e+22	5.84e-21	3.22e-15	5.11e-11	6.72e-08	1.37e-05	1.50e-02	2.53e-01	7.32e-01
 5.15834e+22	7.75e-21	4.11e-15	6.30e-11	7.97e-08	1.55e-05	1.63e-02	2.61e-01	7.23e-01
 5.25836e+22	9.78e-21	5.03e-15	7.48e-11	9.16e-08	1.72e-05	1.73e-02	2.68e-01	7.15e-01
 5.36175e+22	1.23e-20	6.13e-15	8.84e-11	1.05e-07	1.90e-05	1.85e-02	2.75e-01	7.07e-01
 5.49616e+22	1.63e-20	7.81e-15	1.09e-10	1.24e-07	2.15e-05	1.99e-02	2.84e-01	6.96e-01
 5.63568e+22	2.20e-20	1.02e-14	1.36e-10	1.49e-07	2.46e-05	2.17e-02	2.93e-01	6.85e-01
 5.74940e+22	2.79e-20	1.24e-14	1.61e-10	1.72e-07	2.73e-05	2.31e-02	3.01e-01	6.76e-01
 5.86477e+22	3.49e-20	1.51e-14	1.91e-10	1.97e-07	3.02e-05	2.46e-02	3.08e-01	6.67e-01
 6.01475e+22	4.61e-20	1.92e-14	2.34e-10	2.32e-07	3.41e-05	2.65e-02	3.17e-01	6.56e-01
 6.16373e+22	6.19e-20	2.48e-14	2.91e-10	2.78e-07	3.89e-05	2.87e-02	3.27e-01	6.44e-01
 6.27427e+22	7.55e-20	2.95e-14	3.36e-10	3.13e-07	4.24e-05	3.03e-02	3.34e-01	6.36e-01
 6.38083e+22	9.15e-20	3.48e-14	3.88e-10	3.51e-07	4.62e-05	3.20e-02	3.41e-01	6.27e-01
 6.51936e+22	1.15e-19	4.26e-14	4.60e-10	4.04e-07	5.12e-05	3.41e-02	3.49e-01	6.17e-01
 6.67283e+22	1.49e-19	5.33e-14	5.57e-10	4.74e-07	5.75e-05	3.66e-02	3.58e-01	6.06e-01
 6.81207e+22	1.88e-19	6.51e-14	6.62e-10	5.45e-07	6.38e-05	3.89e-02	3.66e-01	5.95e-01
 6.93908e+22	2.30e-19	7.75e-14	7.68e-10	6.17e-07	6.98e-05	4.11e-02	3.73e-01	5.86e-01
 7.08383e+22	2.85e-19	9.34e-14	9.01e-10	7.03e-07	7.69e-05	4.36e-02	3.81e-01	5.76e-01
 7.27199e+22	3.74e-19	1.18e-13	1.11e-09	8.33e-07	8.70e-05	4.70e-02	3.91e-01	5.62e-01
 7.46762e+22	4.99e-19	1.52e-13	1.37e-09	9.96e-07	9.93e-05	5.08e-02	4.01e-01	5.48e-01
 7.62819e+22	6.27e-19	1.86e-13	1.63e-09	1.15e-06	1.10e-04	5.41e-02	4.09e-01	5.37e-01
 7.79215e+22	7.76e-19	2.24e-13	1.91e-09	1.31e-06	1.22e-04	5.74e-02	4.17e-01	5.25e-01
 8.00531e+22	1.01e-18	2.82e-13	2.33e-09	1.55e-06	1.37e-04	6.17e-02	4.27e-01	5.11e-01
 8.23389e+22	1.35e-18	3.63e-13	2.91e-09	1.86e-06	1.57e-04	6.68e-02	4.37e-01	4.96e-01
 8.42999e+22	1.72e-18	4.49e-13	3.50e-09	2.18e-06	1.76e-04	7.15e-02	4.46e-01	4.82e-01
 8.60466e+22	2.09e-18	5.34e-13	4.06e-09	2.47e-06	1.94e-04	7.55e-02	4.53e-01	4.71e-01
 8.80398e+22	2.59e-18	6.43e-13	4.79e-09	2.83e-06	2.14e-04	8.01e-02	4.61e-01	4.59e-01
 9.06308e+22	3.35e-18	8.08e-13	5.84e-09	3.36e-06	2.43e-04	8.61e-02	4.70e-01	4.44e-01
 9.32912e+22	4.42e-18	1.03e-12	7.25e-09	4.03e-06	2.78e-04	9.31e-02	4.80e-01	4.27e-01
 9.53746e+22	5.44e-18	1.24e-12	8.53e-09	4.63e-06	3.08e-04	9.87e-02	4.86e-01	4.15e-01
 9.74162e+22	6.51e-18	1.45e-12	9.81e-09	5.22e-06	3.37e-04	1.04e-01	4.92e-01	4.03e-01
 1.00070e+23	8.08e-18	1.76e-12	1.16e-08	6.04e-06	3.75e-04	1.10e-01	4.99e-01	3.90e-01
 1.03041e+23	1.03e-17	2.20e-12	1.42e-08	7.17e-06	4.26e-04	1.19e-01	5.07e-01	3.74e-01
 1.05694e+23	1.28e-17	2.67e-12	1.69e-08	8.34e-06	4.77e-04	1.26e-01	5.14e-01	3.60e-01
 1.07962e+23	1.52e-17	3.10e-12	1.93e-08	9.35e-06	5.20e-04	1.32e-01	5.18e-01	3.49e-01
 1.10459e+23	1.80e-17	3.60e-12	2.20e-08	1.05e-05	5.68e-04	1.39e-01	5.23e-01	3.38e-01
 1.13706e+23	2.20e-17	4.32e-12	2.60e-08	1.22e-05	6.33e-04	1.48e-01	5.28e-01	3.24e-01
 1.17306e+23	2.75e-17	5.29e-12	3.12e-08	1.43e-05	7.14e-04	1.58e-01	5.33e-01	3.09e-01
 1.20555e+23	3.35e-17	6.33e-12	3.68e-08	1.65e-05	7.97e-04	1.67e-01	5.37e-01	2.95e-01
 1.23456e+23	3.93e-17	7.31e-12	4.19e-08	1.85e-05	8.68e-04	1.75e-01	5.40e-01	2.84e-01
 1.26715e+23	4.59e-17	8.41e-12	4.77e-08	2.08e-05	9.46e-04	1.83e-01	5.42e-01	2.73e-01
 1.30953e+23	5.51e-17	9.95e-12	5.56e-08	2.38e-05	1.05e-03	1.94e-01	5.45e-01	2.60e-01
 1.35741e+23	6.82e-17	1.21e-11	6.65e-08	2.80e-05	1.19e-03	2.06e-01	5.47e-01	2.46e-01
 1.40149e+23	8.24e-17	1.44e-11	7.80e-08	3.23e-05	1.32e-03	2.18e-01	5.48e-01	2.32e-01
 1.44087e+23	9.57e-17	1.65e-11	8.86e-08	3.62e-05	1.44e-03	2.28e-01	5.48e-01	2.22e-01
 1.48507e+23	1.10e-16	1.87e-11	9.97e-08	4.03e-05	1.56e-03	2.38e-01	5.48e-01	2.12e-01
 1.54087e+23	1.29e-16	2.17e-11	1.14e-07	4.56e-05	1.72e-03	2.50e-01	5.47e-01	2.01e-01
 1.60374e+23	1.52e-16	2.55e-11	1.33e-07	5.24e-05	1.91e-03	2.64e-01	5.46e-01	1.89e-01
 1.66063e+23	1.79e-16	2.98e-11	1.54e-07	5.95e-05	2.11e-03	2.77e-01	5.43e-01	1.78e-01
 1.70672e+23	2.02e-16	3.32e-11	1.70e-07	6.52e-05	2.26e-03	2.86e-01	5.41e-01	1.70e-01
 1.75556e+23	2.21e-16	3.63e-11	1.85e-07	7.06e-05	2.40e-03	2.95e-01	5.39e-01	1.63e-01
 1.81907e+23	2.46e-16	4.00e-11	2.03e-07	7.67e-05	2.56e-03	3.04e-01	5.37e-01	1.56e-01
 1.89267e+23	2.79e-16	4.51e-11	2.27e-07	8.51e-05	2.77e-03	3.16e-01	5.33e-01	1.48e-01
 1.96961e+23	3.14e-16	5.04e-11	2.53e-07	9.37e-05	2.98e-03	3.28e-01	5.29e-01	1.40e-01
 2.04963e+23	3.49e-16	5.56e-11	2.78e-07	1.02e-04	3.19e-03	3.39e-01	5.25e-01	1.33e-01
 2.13285e+23	3.85e-16	6.09e-11	3.03e-07	1.11e-04	3.39e-03	3.49e-01	5.21e-01	1.26e-01
 2.21926e+23	4.18e-16	6.60e-11	3.27e-07	1.19e-04	3.58e-03	3.58e-01	5.17e-01	1.21e-01
 2.30281e+23	4.55e-16	7.16e-11	3.53e-07	1.28e-04	3.79e-03	3.68e-01	5.13e-01	1.15e-01
 2.37801e+23	4.86e-16	7.60e-11	3.74e-07	1.34e-04	3.94e-03	3.75e-01	5.10e-01	1.11e-01
 2.44569e+23	5.12e-16	8.00e-11	3.93e-07	1.41e-04	4.09e-03	3.82e-01	5.07e-01	1.08e-01
 2.50661e+23	5.35e-16	8.35e-11	4.10e-07	1.46e-04	4.21e-03	3.87e-01	5.04e-01	1.05e-01
 2.56143e+23	5.53e-16	8.61e-11	4.22e-07	1.50e-04	4.30e-03	3.91e-01	5.02e-01	1.03e-01
 2.61077e+23	5.67e-16	8.82e-11	4.33e-07	1.54e-04	4.38e-03	3.95e-01	5.00e-01	1.01e-01
 2.65517e+23	5.79e-16	9.01e-11	4.42e-07	1.57e-04	4.45e-03	3.97e-01	4.99e-01	9.93e-02
 2.69514e+23	5.89e-16	9.16e-11	4.49e-07	1.59e-04	4.51e-03	4.00e-01	4.97e-01	9.81e-02
 2.73110e+23	5.98e-16	9.30e-11	4.56e-07	1.62e-04	4.55e-03	4.02e-01	4.96e-01	9.70e-02
 2.76347e+23	6.06e-16	9.42e-11	4.62e-07	1.64e-04	4.60e-03	4.04e-01	4.95e-01	9.61e-02
 2.79408e+23	6.09e-16	9.47e-11	4.65e-07	1.65e-04	4.62e-03	4.05e-01	4.95e-01	9.55e-02
 2.82463e+23	6.12e-16	9.51e-11	4.66e-07	1.65e-04	4.64e-03	4.06e-01	4.94e-01	9.50e-02
 2.85518e+23	6.14e-16	9.55e-11	4.69e-07	1.66e-04	4.66e-03	4.07e-01	4.94e-01	9.44e-02
 2.88573e+23	6.16e-16	9.59e-11	4.71e-07	1.67e-04	4.68e-03	4.08e-01	4.93e-01	9.40e-02
 2.91628e+23	6.17e-16	9.61e-11	4.72e-07	1.68e-04	4.69e-03	4.09e-01	4.93e-01	9.35e-02
 2.94682e+23	6.18e-16	9.63e-11	4.73e-07	1.68e-04	4.70e-03	4.09e-01	4.93e-01	9.31e-02
 2.97737e+23	6.18e-16	9.62e-11	4.74e-07	1.68e-04	4.71e-03	4.10e-01	4.92e-01	9.28e-02
 3.00792e+23	6.17e-16	9.62e-11	4.74e-07	1.69e-04	4.72e-03	4.11e-01	4.92e-01	9.25e-02
 3.03847e+23	6.17e-16	9.62e-11	4.74e-07	1.69e-04	4.73e-03	4.11e-01	4.92e-01	9.22e-02
 3.05428e+23	6.43e-16	1.00e-10	4.91e-07	1.74e-04	4.84e-03	4.15e-01	4.90e-01	9.05e-02
