#depth	C	C+	C+2	C+3	C+4	C+5	C+6	C[1]	C[2]	C[3]	C+[1]	C+[2]	CO
 6.17135e+19	0.00e+00	8.15e-30	4.88e-22	2.75e-15	2.98e-09	6.02e-05	1.00e+00	0.00e+00	0.00e+00	0.00e+00	0.00e+00	0.00e+00	3.59e-94
 1.87609e+20	0.00e+00	1.25e-29	6.82e-22	3.51e-15	3.51e-09	6.57e-05	1.00e+00	0.00e+00	0.00e+00	0.00e+00	0.00e+00	0.00e+00	3.81e-94
 3.18540e+20	0.00e+00	1.93e-29	9.55e-22	4.48e-15	4.14e-09	7.18e-05	1.00e+00	0.00e+00	0.00e+00	0.00e+00	0.00e+00	0.00e+00	4.01e-94
 4.54709e+20	0.00e+00	2.98e-29	1.34e-21	5.72e-15	4.89e-09	7.84e-05	1.00e+00	0.00e+00	0.00e+00	0.00e+00	0.00e+00	0.00e+00	3.33e-94
 5.55111e+20	0.00e+00	4.09e-29	1.71e-21	6.81e-15	5.51e-09	8.37e-05	1.00e+00	0.00e+00	0.00e+00	0.00e+00	0.00e+00	0.00e+00	3.35e-94
 6.06530e+20	0.00e+00	4.79e-29	1.93e-21	7.44e-15	5.84e-09	8.64e-05	1.00e+00	0.00e+00	0.00e+00	0.00e+00	0.00e+00	0.00e+00	1.94e-94
 6.53533e+20	0.00e+00	5.52e-29	2.16e-21	8.05e-15	6.17e-09	8.90e-05	1.00e+00	0.00e+00	0.00e+00	0.00e+00	0.00e+00	0.00e+00	1.82e-94
 7.14636e+20	0.00e+00	6.63e-29	2.49e-21	8.91e-15	6.61e-09	9.24e-05	1.00e+00	0.00e+00	0.00e+00	0.00e+00	0.00e+00	0.00e+00	1.73e-94
 7.94071e+20	0.00e+00	8.39e-29	2.98e-21	1.01e-14	7.21e-09	9.70e-05	1.00e+00	0.00e+00	0.00e+00	0.00e+00	0.00e+00	0.00e+00	1.66e-94
 8.79208e+20	0.00e+00	1.08e-28	3.61e-21	1.16e-14	7.91e-09	1.02e-04	1.00e+00	0.00e+00	0.00e+00	0.00e+00	0.00e+00	0.00e+00	1.59e-94
 9.53696e+20	0.00e+00	1.33e-28	4.26e-21	1.30e-14	8.57e-09	1.07e-04	1.00e+00	0.00e+00	0.00e+00	0.00e+00	0.00e+00	0.00e+00	1.51e-94
 1.03247e+21	0.00e+00	1.66e-28	5.05e-21	1.47e-14	9.31e-09	1.12e-04	1.00e+00	0.00e+00	0.00e+00	0.00e+00	0.00e+00	0.00e+00	1.42e-94
 1.12036e+21	0.00e+00	2.12e-28	6.09e-21	1.68e-14	1.02e-08	1.18e-04	1.00e+00	0.00e+00	0.00e+00	0.00e+00	0.00e+00	0.00e+00	1.34e-94
 1.19511e+21	0.00e+00	2.61e-28	7.13e-21	1.88e-14	1.10e-08	1.23e-04	1.00e+00	0.00e+00	0.00e+00	0.00e+00	0.00e+00	0.00e+00	1.24e-94
 1.25439e+21	0.00e+00	3.07e-28	8.07e-21	2.05e-14	1.17e-08	1.27e-04	1.00e+00	0.00e+00	0.00e+00	0.00e+00	0.00e+00	0.00e+00	1.12e-94
 1.31855e+21	0.00e+00	3.64e-28	9.18e-21	2.24e-14	1.24e-08	1.31e-04	1.00e+00	0.00e+00	0.00e+00	0.00e+00	0.00e+00	0.00e+00	1.01e-94
 1.40195e+21	0.00e+00	4.53e-28	1.09e-20	2.52e-14	1.35e-08	1.38e-04	1.00e+00	0.00e+00	0.00e+00	0.00e+00	0.00e+00	0.00e+00	9.22e-95
 1.48848e+21	0.00e+00	5.68e-28	1.29e-20	2.84e-14	1.46e-08	1.44e-04	1.00e+00	0.00e+00	0.00e+00	0.00e+00	0.00e+00	0.00e+00	8.39e-95
 1.56012e+21	0.00e+00	6.83e-28	1.48e-20	3.12e-14	1.56e-08	1.50e-04	1.00e+00	0.00e+00	0.00e+00	0.00e+00	0.00e+00	0.00e+00	7.48e-95
 1.62405e+21	0.00e+00	8.02e-28	1.67e-20	3.40e-14	1.66e-08	1.55e-04	1.00e+00	0.00e+00	0.00e+00	0.00e+00	0.00e+00	0.00e+00	6.58e-95
 1.69690e+21	0.00e+00	9.66e-28	1.92e-20	3.74e-14	1.77e-08	1.62e-04	1.00e+00	0.00e+00	0.00e+00	0.00e+00	0.00e+00	0.00e+00	5.78e-95
 1.77858e+21	0.00e+00	1.18e-27	2.24e-20	4.15e-14	1.90e-08	1.69e-04	1.00e+00	0.00e+00	0.00e+00	0.00e+00	0.00e+00	0.00e+00	5.09e-95
 1.85576e+21	0.00e+00	1.43e-27	2.58e-20	4.57e-14	2.04e-08	1.76e-04	1.00e+00	0.00e+00	0.00e+00	0.00e+00	0.00e+00	0.00e+00	4.43e-95
 1.92823e+21	0.00e+00	1.70e-27	2.95e-20	5.00e-14	2.17e-08	1.82e-04	1.00e+00	0.00e+00	0.00e+00	0.00e+00	0.00e+00	0.00e+00	3.81e-95
 1.99683e+21	0.00e+00	2.00e-27	3.33e-20	5.43e-14	2.30e-08	1.89e-04	1.00e+00	0.00e+00	0.00e+00	0.00e+00	0.00e+00	0.00e+00	3.24e-95
 2.07227e+21	0.00e+00	2.39e-27	3.80e-20	5.94e-14	2.45e-08	1.96e-04	1.00e+00	0.00e+00	0.00e+00	0.00e+00	0.00e+00	0.00e+00	2.75e-95
 2.15423e+21	0.00e+00	2.90e-27	4.38e-20	6.54e-14	2.62e-08	2.04e-04	1.00e+00	0.00e+00	0.00e+00	0.00e+00	0.00e+00	0.00e+00	2.33e-95
 2.22732e+21	0.00e+00	3.43e-27	4.97e-20	7.11e-14	2.78e-08	2.12e-04	1.00e+00	0.00e+00	0.00e+00	0.00e+00	0.00e+00	0.00e+00	1.95e-95
 2.29473e+21	0.00e+00	4.00e-27	5.57e-20	7.68e-14	2.93e-08	2.19e-04	1.00e+00	0.00e+00	0.00e+00	0.00e+00	0.00e+00	0.00e+00	1.60e-95
 2.37210e+21	0.00e+00	4.75e-27	6.33e-20	8.36e-14	3.12e-08	2.28e-04	1.00e+00	0.00e+00	0.00e+00	0.00e+00	0.00e+00	0.00e+00	1.32e-95
 2.45595e+21	0.00e+00	5.72e-27	7.27e-20	9.16e-14	3.32e-08	2.37e-04	1.00e+00	0.00e+00	0.00e+00	0.00e+00	0.00e+00	0.00e+00	1.09e-95
 2.53014e+21	0.00e+00	6.73e-27	8.19e-20	9.91e-14	3.52e-08	2.46e-04	1.00e+00	0.00e+00	0.00e+00	0.00e+00	0.00e+00	0.00e+00	8.79e-96
 2.59804e+21	0.00e+00	7.81e-27	9.13e-20	1.06e-13	3.70e-08	2.54e-04	1.00e+00	0.00e+00	0.00e+00	0.00e+00	0.00e+00	0.00e+00	7.02e-96
 2.67581e+21	0.00e+00	9.21e-27	1.03e-19	1.15e-13	3.92e-08	2.64e-04	1.00e+00	0.00e+00	0.00e+00	0.00e+00	0.00e+00	0.00e+00	5.60e-96
 2.76344e+21	0.00e+00	1.11e-26	1.18e-19	1.26e-13	4.18e-08	2.75e-04	1.00e+00	0.00e+00	0.00e+00	0.00e+00	0.00e+00	0.00e+00	4.46e-96
 2.84554e+21	0.00e+00	1.31e-26	1.34e-19	1.36e-13	4.43e-08	2.85e-04	1.00e+00	0.00e+00	0.00e+00	0.00e+00	0.00e+00	0.00e+00	3.50e-96
 2.91820e+21	0.00e+00	1.53e-26	1.49e-19	1.46e-13	4.66e-08	2.95e-04	1.00e+00	0.00e+00	0.00e+00	0.00e+00	0.00e+00	0.00e+00	6.52e-95
 2.99691e+21	0.00e+00	1.78e-26	1.67e-19	1.57e-13	4.92e-08	3.06e-04	1.00e+00	0.00e+00	0.00e+00	0.00e+00	0.00e+00	0.00e+00	7.15e-95
 3.09923e+21	0.00e+00	2.20e-26	1.94e-19	1.73e-13	5.27e-08	3.21e-04	1.00e+00	0.00e+00	0.00e+00	0.00e+00	0.00e+00	0.00e+00	1.46e-94
 3.19928e+21	0.00e+00	2.68e-26	2.24e-19	1.89e-13	5.64e-08	3.35e-04	1.00e+00	0.00e+00	0.00e+00	0.00e+00	0.00e+00	0.00e+00	2.50e-94
 3.27476e+21	0.00e+00	3.10e-26	2.49e-19	2.02e-13	5.92e-08	3.47e-04	1.00e+00	0.00e+00	0.00e+00	0.00e+00	0.00e+00	0.00e+00	5.59e-94
 3.35127e+21	0.00e+00	3.59e-26	2.76e-19	2.16e-13	6.22e-08	3.59e-04	1.00e+00	0.00e+00	0.00e+00	0.00e+00	0.00e+00	0.00e+00	8.44e-94
 3.45074e+21	0.00e+00	4.32e-26	3.16e-19	2.34e-13	6.62e-08	3.75e-04	1.00e+00	0.00e+00	0.00e+00	0.00e+00	0.00e+00	0.00e+00	9.22e-94
 3.55141e+21	0.00e+00	5.21e-26	3.61e-19	2.55e-13	7.04e-08	3.91e-04	1.00e+00	0.00e+00	0.00e+00	0.00e+00	0.00e+00	0.00e+00	2.40e-93
 3.63116e+21	0.00e+00	6.03e-26	4.01e-19	2.71e-13	7.39e-08	4.05e-04	1.00e+00	0.00e+00	0.00e+00	0.00e+00	0.00e+00	0.00e+00	4.61e-93
 3.71237e+21	0.00e+00	6.98e-26	4.44e-19	2.89e-13	7.76e-08	4.19e-04	1.00e+00	0.00e+00	0.00e+00	0.00e+00	0.00e+00	0.00e+00	7.46e-93
 3.81794e+21	0.00e+00	8.41e-26	5.07e-19	3.13e-13	8.25e-08	4.38e-04	1.00e+00	0.00e+00	0.00e+00	0.00e+00	0.00e+00	0.00e+00	1.19e-92
 3.92614e+21	0.00e+00	1.02e-25	5.79e-19	3.39e-13	8.78e-08	4.58e-04	1.00e+00	0.00e+00	0.00e+00	0.00e+00	0.00e+00	0.00e+00	2.22e-92
 4.01405e+21	0.00e+00	1.18e-25	6.45e-19	3.61e-13	9.23e-08	4.75e-04	1.00e+00	0.00e+00	0.00e+00	0.00e+00	0.00e+00	0.00e+00	2.88e-92
 4.10464e+21	0.00e+00	1.38e-25	7.17e-19	3.85e-13	9.70e-08	4.93e-04	1.00e+00	0.00e+00	0.00e+00	0.00e+00	0.00e+00	0.00e+00	6.38e-92
 4.22242e+21	0.00e+00	1.67e-25	8.22e-19	4.17e-13	1.03e-07	5.16e-04	9.99e-01	0.00e+00	0.00e+00	0.00e+00	0.00e+00	0.00e+00	1.17e-91
 4.33996e+21	8.51e-34	2.02e-25	9.40e-19	4.51e-13	1.10e-07	5.41e-04	9.99e-01	0.00e+00	0.00e+00	0.00e+00	0.00e+00	0.00e+00	1.57e-91
 4.42907e+21	1.02e-33	2.33e-25	1.04e-18	4.78e-13	1.15e-07	5.60e-04	9.99e-01	0.00e+00	0.00e+00	0.00e+00	0.00e+00	0.00e+00	2.42e-91
 4.51680e+21	1.22e-33	2.67e-25	1.14e-18	5.06e-13	1.21e-07	5.79e-04	9.99e-01	0.00e+00	0.00e+00	0.00e+00	0.00e+00	0.00e+00	4.08e-91
 4.63084e+21	1.54e-33	3.19e-25	1.29e-18	5.43e-13	1.28e-07	6.04e-04	9.99e-01	0.00e+00	0.00e+00	0.00e+00	0.00e+00	0.00e+00	7.97e-91
 4.74989e+21	1.94e-33	3.81e-25	1.46e-18	5.84e-13	1.36e-07	6.31e-04	9.99e-01	0.00e+00	0.00e+00	0.00e+00	0.00e+00	0.00e+00	1.48e-90
 4.84997e+21	2.37e-33	4.43e-25	1.62e-18	6.20e-13	1.42e-07	6.55e-04	9.99e-01	0.00e+00	0.00e+00	0.00e+00	0.00e+00	0.00e+00	1.60e-90
 4.94018e+21	2.80e-33	5.05e-25	1.78e-18	6.54e-13	1.49e-07	6.76e-04	9.99e-01	0.00e+00	0.00e+00	0.00e+00	0.00e+00	0.00e+00	4.59e-90
 5.04307e+21	3.39e-33	5.85e-25	1.97e-18	6.94e-13	1.56e-07	7.01e-04	9.99e-01	0.00e+00	0.00e+00	0.00e+00	0.00e+00	0.00e+00	6.37e-90
 5.15884e+21	4.20e-33	6.88e-25	2.21e-18	7.41e-13	1.65e-07	7.29e-04	9.99e-01	0.00e+00	0.00e+00	0.00e+00	0.00e+00	0.00e+00	1.17e-89
 5.26807e+21	5.11e-33	8.01e-25	2.46e-18	7.88e-13	1.74e-07	7.57e-04	9.99e-01	0.00e+00	0.00e+00	0.00e+00	0.00e+00	0.00e+00	1.79e-89
 5.37057e+21	6.13e-33	9.21e-25	2.71e-18	8.34e-13	1.82e-07	7.84e-04	9.99e-01	0.00e+00	0.00e+00	0.00e+00	0.00e+00	0.00e+00	3.50e-89
 5.48760e+21	7.51e-33	1.08e-24	3.02e-18	8.88e-13	1.92e-07	8.14e-04	9.99e-01	0.00e+00	0.00e+00	0.00e+00	0.00e+00	0.00e+00	5.10e-89
 5.61867e+21	9.40e-33	1.28e-24	3.41e-18	9.53e-13	2.03e-07	8.49e-04	9.99e-01	0.00e+00	0.00e+00	0.00e+00	0.00e+00	0.00e+00	1.02e-88
 5.74181e+21	1.16e-32	1.50e-24	3.81e-18	1.02e-12	2.15e-07	8.83e-04	9.99e-01	0.00e+00	0.00e+00	0.00e+00	0.00e+00	0.00e+00	1.63e-88
 5.85778e+21	1.40e-32	1.74e-24	4.23e-18	1.08e-12	2.26e-07	9.15e-04	9.99e-01	0.00e+00	0.00e+00	0.00e+00	0.00e+00	0.00e+00	3.07e-88
 5.97257e+21	1.68e-32	2.00e-24	4.67e-18	1.15e-12	2.37e-07	9.48e-04	9.99e-01	0.00e+00	0.00e+00	0.00e+00	0.00e+00	0.00e+00	5.10e-88
 6.10374e+21	2.07e-32	2.35e-24	5.23e-18	1.22e-12	2.51e-07	9.85e-04	9.99e-01	0.00e+00	0.00e+00	0.00e+00	0.00e+00	0.00e+00	7.97e-88
 6.24636e+21	2.59e-32	2.79e-24	5.91e-18	1.32e-12	2.66e-07	1.03e-03	9.99e-01	0.00e+00	0.00e+00	0.00e+00	0.00e+00	0.00e+00	1.60e-87
 6.37438e+21	3.15e-32	3.25e-24	6.58e-18	1.40e-12	2.81e-07	1.07e-03	9.99e-01	0.00e+00	0.00e+00	0.00e+00	0.00e+00	0.00e+00	2.78e-87
 6.51133e+21	3.87e-32	3.81e-24	7.37e-18	1.50e-12	2.97e-07	1.11e-03	9.99e-01	0.00e+00	0.00e+00	0.00e+00	0.00e+00	0.00e+00	2.57e-87
 6.66499e+21	4.85e-32	4.55e-24	8.35e-18	1.62e-12	3.16e-07	1.16e-03	9.99e-01	0.00e+00	0.00e+00	0.00e+00	0.00e+00	0.00e+00	8.84e-87
 6.80983e+21	5.99e-32	5.35e-24	9.38e-18	1.73e-12	3.35e-07	1.20e-03	9.99e-01	0.00e+00	0.00e+00	0.00e+00	0.00e+00	0.00e+00	1.35e-86
 6.94418e+21	7.25e-32	6.21e-24	1.04e-17	1.85e-12	3.53e-07	1.25e-03	9.99e-01	0.00e+00	0.00e+00	0.00e+00	0.00e+00	0.00e+00	2.85e-86
 7.09545e+21	8.95e-32	7.32e-24	1.17e-17	1.99e-12	3.75e-07	1.29e-03	9.99e-01	0.00e+00	0.00e+00	0.00e+00	0.00e+00	0.00e+00	4.25e-86
 7.25788e+21	1.12e-31	8.72e-24	1.33e-17	2.14e-12	3.99e-07	1.35e-03	9.99e-01	0.00e+00	0.00e+00	0.00e+00	0.00e+00	0.00e+00	8.16e-86
 7.40079e+21	1.36e-31	1.01e-23	1.48e-17	2.29e-12	4.22e-07	1.40e-03	9.99e-01	0.00e+00	0.00e+00	0.00e+00	0.00e+00	0.00e+00	1.57e-85
 7.55258e+21	1.66e-31	1.19e-23	1.66e-17	2.46e-12	4.47e-07	1.45e-03	9.99e-01	0.00e+00	0.00e+00	0.00e+00	0.00e+00	0.00e+00	2.42e-85
 7.72393e+21	2.08e-31	1.41e-23	1.88e-17	2.66e-12	4.77e-07	1.51e-03	9.98e-01	0.00e+00	0.00e+00	0.00e+00	0.00e+00	0.00e+00	4.15e-85
 7.88679e+21	2.56e-31	1.67e-23	2.12e-17	2.86e-12	5.06e-07	1.57e-03	9.98e-01	0.00e+00	0.00e+00	0.00e+00	0.00e+00	0.00e+00	8.68e-85
 8.04075e+21	3.12e-31	1.94e-23	2.37e-17	3.06e-12	5.36e-07	1.63e-03	9.98e-01	0.00e+00	0.00e+00	0.00e+00	0.00e+00	0.00e+00	1.49e-84
 8.21703e+21	3.88e-31	2.31e-23	2.68e-17	3.31e-12	5.71e-07	1.70e-03	9.98e-01	0.00e+00	0.00e+00	0.00e+00	0.00e+00	0.00e+00	2.25e-84
 8.41230e+21	4.93e-31	2.78e-23	3.08e-17	3.60e-12	6.13e-07	1.77e-03	9.98e-01	0.00e+00	0.00e+00	0.00e+00	0.00e+00	0.00e+00	4.24e-84
 8.59325e+21	6.14e-31	3.31e-23	3.49e-17	3.90e-12	6.53e-07	1.84e-03	9.98e-01	0.00e+00	0.00e+00	0.00e+00	0.00e+00	0.00e+00	9.10e-84
 8.78945e+21	7.74e-31	3.97e-23	3.98e-17	4.24e-12	7.00e-07	1.92e-03	9.98e-01	0.00e+00	0.00e+00	0.00e+00	0.00e+00	0.00e+00	1.43e-83
 8.99556e+21	9.85e-31	4.80e-23	4.58e-17	4.63e-12	7.52e-07	2.01e-03	9.98e-01	0.00e+00	0.00e+00	0.00e+00	0.00e+00	0.00e+00	2.27e-83
 9.17046e+21	1.20e-30	5.62e-23	5.14e-17	4.98e-12	7.98e-07	2.08e-03	9.98e-01	0.00e+00	0.00e+00	0.00e+00	0.00e+00	0.00e+00	5.97e-83
 9.35374e+21	1.48e-30	6.62e-23	5.80e-17	5.38e-12	8.49e-07	2.16e-03	9.98e-01	0.00e+00	0.00e+00	0.00e+00	0.00e+00	0.00e+00	6.92e-83
 9.59201e+21	1.93e-30	8.16e-23	6.76e-17	5.93e-12	9.19e-07	2.27e-03	9.98e-01	0.00e+00	0.00e+00	0.00e+00	0.00e+00	0.00e+00	9.12e-83
 9.83469e+21	2.52e-30	1.01e-22	7.90e-17	6.55e-12	9.97e-07	2.38e-03	9.98e-01	0.00e+00	0.00e+00	0.00e+00	0.00e+00	0.00e+00	2.52e-82
 1.00284e+22	3.11e-30	1.19e-22	8.92e-17	7.09e-12	1.06e-06	2.47e-03	9.98e-01	0.00e+00	0.00e+00	0.00e+00	0.00e+00	0.00e+00	7.51e-82
 1.02256e+22	3.84e-30	1.41e-22	1.01e-16	7.67e-12	1.13e-06	2.56e-03	9.97e-01	0.00e+00	0.00e+00	0.00e+00	0.00e+00	0.00e+00	1.39e-81
 1.04820e+22	5.02e-30	1.74e-22	1.18e-16	8.48e-12	1.23e-06	2.69e-03	9.97e-01	0.00e+00	0.00e+00	0.00e+00	0.00e+00	0.00e+00	1.20e-81
 1.07466e+22	6.62e-30	2.17e-22	1.39e-16	9.41e-12	1.34e-06	2.82e-03	9.97e-01	0.00e+00	0.00e+00	0.00e+00	0.00e+00	0.00e+00	3.40e-81
 1.09472e+22	8.14e-30	2.55e-22	1.57e-16	1.02e-11	1.42e-06	2.92e-03	9.97e-01	0.00e+00	0.00e+00	0.00e+00	0.00e+00	0.00e+00	6.74e-81
 1.11045e+22	9.53e-30	2.89e-22	1.72e-16	1.08e-11	1.49e-06	3.01e-03	9.97e-01	0.00e+00	0.00e+00	0.00e+00	0.00e+00	0.00e+00	1.92e-80
 1.12805e+22	1.14e-29	3.33e-22	1.91e-16	1.16e-11	1.58e-06	3.10e-03	9.97e-01	0.00e+00	0.00e+00	0.00e+00	0.00e+00	0.00e+00	5.65e-80
 1.15092e+22	1.42e-29	3.98e-22	2.18e-16	1.26e-11	1.69e-06	3.22e-03	9.97e-01	0.00e+00	0.00e+00	0.00e+00	0.00e+00	0.00e+00	1.01e-79
 1.17578e+22	1.83e-29	4.85e-22	2.52e-16	1.39e-11	1.82e-06	3.37e-03	9.97e-01	0.00e+00	0.00e+00	0.00e+00	0.00e+00	0.00e+00	1.95e-79
 1.19736e+22	2.26e-29	5.74e-22	2.86e-16	1.50e-11	1.95e-06	3.49e-03	9.97e-01	0.00e+00	0.00e+00	0.00e+00	0.00e+00	0.00e+00	3.40e-79
 1.21665e+22	2.72e-29	6.66e-22	3.19e-16	1.62e-11	2.06e-06	3.61e-03	9.96e-01	0.00e+00	0.00e+00	0.00e+00	0.00e+00	0.00e+00	5.57e-79
 1.23543e+22	3.26e-29	7.69e-22	3.55e-16	1.73e-11	2.18e-06	3.72e-03	9.96e-01	0.00e+00	0.00e+00	0.00e+00	0.00e+00	0.00e+00	8.90e-79
 1.25647e+22	3.96e-29	8.99e-22	3.99e-16	1.87e-11	2.32e-06	3.85e-03	9.96e-01	0.00e+00	0.00e+00	0.00e+00	0.00e+00	0.00e+00	1.48e-78
 1.27948e+22	4.95e-29	1.07e-21	4.55e-16	2.04e-11	2.48e-06	4.00e-03	9.96e-01	0.00e+00	0.00e+00	0.00e+00	0.00e+00	0.00e+00	2.64e-78
 1.29979e+22	5.99e-29	1.25e-21	5.10e-16	2.20e-11	2.63e-06	4.13e-03	9.96e-01	0.00e+00	0.00e+00	0.00e+00	0.00e+00	0.00e+00	4.35e-78
 1.31802e+22	7.11e-29	1.43e-21	5.65e-16	2.35e-11	2.78e-06	4.25e-03	9.96e-01	0.00e+00	0.00e+00	0.00e+00	0.00e+00	0.00e+00	6.77e-78
 1.33883e+22	8.58e-29	1.67e-21	6.33e-16	2.54e-11	2.95e-06	4.39e-03	9.96e-01	0.00e+00	0.00e+00	0.00e+00	0.00e+00	0.00e+00	1.10e-77
 1.36082e+22	1.06e-28	1.97e-21	7.16e-16	2.75e-11	3.14e-06	4.55e-03	9.95e-01	0.00e+00	0.00e+00	0.00e+00	0.00e+00	0.00e+00	1.89e-77
 1.37913e+22	1.25e-28	2.25e-21	7.93e-16	2.94e-11	3.31e-06	4.68e-03	9.95e-01	0.00e+00	0.00e+00	0.00e+00	0.00e+00	0.00e+00	2.93e-77
 1.39771e+22	1.48e-28	2.58e-21	8.78e-16	3.14e-11	3.49e-06	4.82e-03	9.95e-01	0.00e+00	0.00e+00	0.00e+00	0.00e+00	0.00e+00	4.53e-77
 1.42186e+22	1.84e-28	3.07e-21	1.00e-15	3.43e-11	3.73e-06	5.00e-03	9.95e-01	0.00e+00	0.00e+00	0.00e+00	0.00e+00	0.00e+00	7.91e-77
 1.44623e+22	2.31e-28	3.68e-21	1.15e-15	3.75e-11	4.00e-06	5.18e-03	9.95e-01	0.00e+00	0.00e+00	0.00e+00	0.00e+00	0.00e+00	1.40e-76
 1.46531e+22	2.74e-28	4.23e-21	1.27e-15	4.02e-11	4.22e-06	5.34e-03	9.95e-01	0.00e+00	0.00e+00	0.00e+00	0.00e+00	0.00e+00	2.19e-76
 1.48452e+22	3.26e-28	4.85e-21	1.41e-15	4.31e-11	4.46e-06	5.49e-03	9.95e-01	0.00e+00	0.00e+00	0.00e+00	0.00e+00	0.00e+00	3.39e-76
 1.50949e+22	4.08e-28	5.81e-21	1.62e-15	4.72e-11	4.78e-06	5.70e-03	9.94e-01	0.00e+00	0.00e+00	0.00e+00	0.00e+00	0.00e+00	6.00e-76
 1.53382e+22	5.09e-28	6.95e-21	1.85e-15	5.16e-11	5.11e-06	5.91e-03	9.94e-01	0.00e+00	0.00e+00	0.00e+00	0.00e+00	0.00e+00	1.05e-75
 1.55170e+22	6.00e-28	7.92e-21	2.04e-15	5.52e-11	5.38e-06	6.06e-03	9.94e-01	0.00e+00	0.00e+00	0.00e+00	0.00e+00	0.00e+00	1.59e-75
 1.56931e+22	7.02e-28	8.99e-21	2.25e-15	5.88e-11	5.64e-06	6.22e-03	9.94e-01	0.00e+00	0.00e+00	0.00e+00	0.00e+00	0.00e+00	2.36e-75
 1.59222e+22	8.61e-28	1.06e-20	2.55e-15	6.39e-11	6.01e-06	6.43e-03	9.94e-01	0.00e+00	0.00e+00	0.00e+00	0.00e+00	0.00e+00	3.93e-75
 1.61644e+22	1.07e-27	1.26e-20	2.91e-15	7.00e-11	6.43e-06	6.66e-03	9.93e-01	0.00e+00	0.00e+00	0.00e+00	0.00e+00	0.00e+00	6.81e-75
 1.63696e+22	1.29e-27	1.47e-20	3.26e-15	7.56e-11	6.81e-06	6.86e-03	9.93e-01	0.00e+00	0.00e+00	0.00e+00	0.00e+00	0.00e+00	1.08e-74
 1.65824e+22	1.56e-27	1.71e-20	3.67e-15	8.17e-11	7.22e-06	7.07e-03	9.93e-01	0.00e+00	0.00e+00	0.00e+00	0.00e+00	0.00e+00	1.74e-74
 1.68221e+22	1.94e-27	2.04e-20	4.19e-15	8.94e-11	7.71e-06	7.31e-03	9.93e-01	0.00e+00	0.00e+00	0.00e+00	0.00e+00	0.00e+00	2.97e-74
 1.70465e+22	2.38e-27	2.41e-20	4.75e-15	9.74e-11	8.21e-06	7.55e-03	9.92e-01	0.00e+00	0.00e+00	0.00e+00	0.00e+00	0.00e+00	4.92e-74
 1.72440e+22	2.84e-27	2.78e-20	5.30e-15	1.05e-10	8.67e-06	7.76e-03	9.92e-01	0.00e+00	0.00e+00	0.00e+00	0.00e+00	0.00e+00	7.65e-74
 1.74569e+22	3.44e-27	3.25e-20	5.97e-15	1.14e-10	9.19e-06	8.00e-03	9.92e-01	0.00e+00	0.00e+00	0.00e+00	0.00e+00	0.00e+00	1.22e-73
 1.76971e+22	4.28e-27	3.88e-20	6.84e-15	1.25e-10	9.81e-06	8.27e-03	9.92e-01	0.00e+00	0.00e+00	0.00e+00	0.00e+00	0.00e+00	2.09e-73
 1.79172e+22	5.24e-27	4.57e-20	7.75e-15	1.36e-10	1.04e-05	8.53e-03	9.91e-01	0.00e+00	0.00e+00	0.00e+00	0.00e+00	0.00e+00	3.42e-73
 1.81110e+22	6.26e-27	5.28e-20	8.66e-15	1.47e-10	1.10e-05	8.77e-03	9.91e-01	0.00e+00	0.00e+00	0.00e+00	0.00e+00	0.00e+00	5.26e-73
 1.83262e+22	7.61e-27	6.19e-20	9.78e-15	1.59e-10	1.17e-05	9.03e-03	9.91e-01	0.00e+00	0.00e+00	0.00e+00	0.00e+00	0.00e+00	8.44e-73
 1.86060e+22	9.81e-27	7.62e-20	1.15e-14	1.78e-10	1.26e-05	9.39e-03	9.91e-01	0.00e+00	0.00e+00	0.00e+00	0.00e+00	0.00e+00	1.56e-72
 1.88837e+22	1.28e-26	9.45e-20	1.35e-14	1.99e-10	1.36e-05	9.77e-03	9.90e-01	0.00e+00	0.00e+00	0.00e+00	0.00e+00	0.00e+00	2.94e-72
 1.90922e+22	1.55e-26	1.11e-19	1.53e-14	2.16e-10	1.45e-05	1.01e-02	9.90e-01	0.00e+00	0.00e+00	0.00e+00	0.00e+00	0.00e+00	4.67e-72
 1.92969e+22	1.86e-26	1.28e-19	1.71e-14	2.34e-10	1.53e-05	1.03e-02	9.90e-01	0.00e+00	0.00e+00	0.00e+00	0.00e+00	0.00e+00	7.22e-72
 1.95631e+22	2.37e-26	1.57e-19	2.00e-14	2.61e-10	1.64e-05	1.07e-02	9.89e-01	0.00e+00	0.00e+00	0.00e+00	0.00e+00	0.00e+00	1.29e-71
 1.98422e+22	3.08e-26	1.94e-19	2.36e-14	2.92e-10	1.77e-05	1.11e-02	9.89e-01	0.00e+00	0.00e+00	0.00e+00	0.00e+00	0.00e+00	2.39e-71
 2.00758e+22	3.85e-26	2.33e-19	2.71e-14	3.22e-10	1.89e-05	1.15e-02	9.88e-01	0.00e+00	0.00e+00	0.00e+00	0.00e+00	0.00e+00	4.04e-71
 2.02846e+22	4.64e-26	2.71e-19	3.06e-14	3.50e-10	2.00e-05	1.18e-02	9.88e-01	0.00e+00	0.00e+00	0.00e+00	0.00e+00	0.00e+00	6.30e-71
 2.05238e+22	5.77e-26	3.24e-19	3.51e-14	3.85e-10	2.14e-05	1.22e-02	9.88e-01	0.00e+00	0.00e+00	0.00e+00	0.00e+00	0.00e+00	1.05e-70
 2.08348e+22	7.65e-26	4.09e-19	4.20e-14	4.36e-10	2.32e-05	1.27e-02	9.87e-01	0.00e+00	0.00e+00	0.00e+00	0.00e+00	0.00e+00	2.04e-70
 2.11498e+22	1.02e-25	5.19e-19	5.06e-14	4.97e-10	2.53e-05	1.33e-02	9.87e-01	0.00e+00	0.00e+00	0.00e+00	0.00e+00	0.00e+00	4.01e-70
 2.14005e+22	1.29e-25	6.27e-19	5.86e-14	5.50e-10	2.71e-05	1.37e-02	9.86e-01	0.00e+00	0.00e+00	0.00e+00	0.00e+00	0.00e+00	6.84e-70
 2.16566e+22	1.61e-25	7.56e-19	6.78e-14	6.09e-10	2.90e-05	1.42e-02	9.86e-01	0.00e+00	0.00e+00	0.00e+00	0.00e+00	0.00e+00	1.16e-69
 2.19417e+22	2.08e-25	9.33e-19	7.99e-14	6.83e-10	3.13e-05	1.47e-02	9.85e-01	0.00e+00	0.00e+00	0.00e+00	0.00e+00	0.00e+00	2.09e-69
 2.22014e+22	2.62e-25	1.13e-18	9.26e-14	7.58e-10	3.35e-05	1.52e-02	9.85e-01	0.00e+00	0.00e+00	0.00e+00	0.00e+00	0.00e+00	3.57e-69
 2.24357e+22	3.21e-25	1.34e-18	1.06e-13	8.31e-10	3.56e-05	1.57e-02	9.84e-01	0.00e+00	0.00e+00	0.00e+00	0.00e+00	0.00e+00	5.72e-69
 2.26998e+22	4.01e-25	1.61e-18	1.22e-13	9.20e-10	3.80e-05	1.62e-02	9.84e-01	0.00e+00	0.00e+00	0.00e+00	0.00e+00	0.00e+00	9.57e-69
 2.30432e+22	5.34e-25	2.04e-18	1.47e-13	1.05e-09	4.14e-05	1.69e-02	9.83e-01	0.00e+00	0.00e+00	0.00e+00	0.00e+00	0.00e+00	1.85e-68
 2.33888e+22	7.12e-25	2.59e-18	1.77e-13	1.20e-09	4.51e-05	1.77e-02	9.82e-01	0.00e+00	0.00e+00	0.00e+00	0.00e+00	0.00e+00	3.59e-68
 2.36592e+22	8.88e-25	3.11e-18	2.05e-13	1.32e-09	4.82e-05	1.82e-02	9.82e-01	0.00e+00	0.00e+00	0.00e+00	0.00e+00	0.00e+00	5.97e-68
 2.39329e+22	1.10e-24	3.71e-18	2.36e-13	1.46e-09	5.14e-05	1.88e-02	9.81e-01	0.00e+00	0.00e+00	0.00e+00	0.00e+00	0.00e+00	9.76e-68
 2.42888e+22	1.44e-24	4.66e-18	2.82e-13	1.66e-09	5.58e-05	1.96e-02	9.80e-01	0.00e+00	0.00e+00	0.00e+00	0.00e+00	0.00e+00	1.82e-67
 2.46642e+22	1.92e-24	5.91e-18	3.40e-13	1.89e-09	6.09e-05	2.05e-02	9.79e-01	0.00e+00	0.00e+00	0.00e+00	0.00e+00	0.00e+00	3.51e-67
 2.49823e+22	2.43e-24	7.20e-18	3.97e-13	2.12e-09	6.54e-05	2.12e-02	9.79e-01	0.00e+00	0.00e+00	0.00e+00	0.00e+00	0.00e+00	6.02e-67
 2.53133e+22	3.06e-24	8.76e-18	4.64e-13	2.36e-09	7.03e-05	2.19e-02	9.78e-01	0.00e+00	0.00e+00	0.00e+00	0.00e+00	0.00e+00	1.03e-66
 2.57437e+22	4.11e-24	1.12e-17	5.64e-13	2.71e-09	7.70e-05	2.29e-02	9.77e-01	0.00e+00	0.00e+00	0.00e+00	0.00e+00	0.00e+00	2.02e-66
 2.61847e+22	5.54e-24	1.44e-17	6.88e-13	3.13e-09	8.45e-05	2.40e-02	9.76e-01	0.00e+00	0.00e+00	0.00e+00	0.00e+00	0.00e+00	4.02e-66
 2.65253e+22	6.94e-24	1.75e-17	8.00e-13	3.48e-09	9.06e-05	2.49e-02	9.75e-01	0.00e+00	0.00e+00	0.00e+00	0.00e+00	0.00e+00	6.73e-66
 2.68021e+22	8.29e-24	2.03e-17	9.03e-13	3.80e-09	9.58e-05	2.55e-02	9.74e-01	0.00e+00	0.00e+00	0.00e+00	0.00e+00	0.00e+00	1.01e-65
 2.71102e+22	9.95e-24	2.38e-17	1.02e-12	4.15e-09	1.01e-04	2.63e-02	9.74e-01	0.00e+00	0.00e+00	0.00e+00	0.00e+00	0.00e+00	1.55e-65
 2.75107e+22	1.27e-23	2.92e-17	1.20e-12	4.66e-09	1.10e-04	2.73e-02	9.73e-01	0.00e+00	0.00e+00	0.00e+00	0.00e+00	0.00e+00	2.70e-65
 2.79349e+22	1.63e-23	3.62e-17	1.43e-12	5.27e-09	1.19e-04	2.84e-02	9.72e-01	0.00e+00	0.00e+00	0.00e+00	0.00e+00	0.00e+00	4.80e-65
 2.82997e+22	2.01e-23	4.34e-17	1.65e-12	5.85e-09	1.27e-04	2.93e-02	9.71e-01	0.00e+00	0.00e+00	0.00e+00	0.00e+00	0.00e+00	7.83e-65
 2.86834e+22	2.47e-23	5.18e-17	1.90e-12	6.48e-09	1.36e-04	3.03e-02	9.70e-01	0.00e+00	0.00e+00	0.00e+00	5.18e-17	6.77e-20	1.26e-64
 2.91822e+22	3.21e-23	6.51e-17	2.28e-12	7.38e-09	1.48e-04	3.16e-02	9.68e-01	0.00e+00	0.00e+00	0.00e+00	6.50e-17	8.49e-20	2.32e-64
 2.96907e+22	4.18e-23	8.20e-17	2.74e-12	8.43e-09	1.61e-04	3.29e-02	9.67e-01	0.00e+00	0.00e+00	0.00e+00	8.19e-17	1.07e-19	4.28e-64
 3.00988e+22	5.12e-23	9.83e-17	3.17e-12	9.36e-09	1.72e-04	3.40e-02	9.66e-01	0.00e+00	0.00e+00	0.00e+00	9.81e-17	1.28e-19	6.91e-64
 3.04464e+22	6.06e-23	1.14e-16	3.57e-12	1.02e-08	1.82e-04	3.50e-02	9.65e-01	0.00e+00	0.00e+00	0.00e+00	1.14e-16	1.48e-19	1.02e-63
 3.08284e+22	7.23e-23	1.33e-16	4.05e-12	1.12e-08	1.94e-04	3.60e-02	9.64e-01	0.00e+00	0.00e+00	0.00e+00	1.33e-16	1.73e-19	1.55e-63
 3.13249e+22	9.03e-23	1.63e-16	4.74e-12	1.25e-08	2.09e-04	3.73e-02	9.62e-01	0.00e+00	0.00e+00	0.00e+00	1.63e-16	2.11e-19	2.62e-63
 3.18409e+22	1.13e-22	2.00e-16	5.60e-12	1.41e-08	2.26e-04	3.88e-02	9.61e-01	0.00e+00	0.00e+00	0.00e+00	2.00e-16	2.58e-19	4.49e-63
 3.22677e+22	1.36e-22	2.37e-16	6.41e-12	1.56e-08	2.41e-04	4.00e-02	9.60e-01	0.00e+00	0.00e+00	0.00e+00	2.37e-16	3.06e-19	6.99e-63
 3.27082e+22	1.62e-22	2.78e-16	7.29e-12	1.71e-08	2.56e-04	4.12e-02	9.59e-01	0.00e+00	0.00e+00	0.00e+00	2.78e-16	3.58e-19	1.06e-62
 3.32809e+22	2.03e-22	3.42e-16	8.60e-12	1.93e-08	2.77e-04	4.28e-02	9.57e-01	0.00e+00	0.00e+00	0.00e+00	3.41e-16	4.38e-19	1.81e-62
 3.38767e+22	2.54e-22	4.23e-16	1.02e-11	2.19e-08	3.00e-04	4.46e-02	9.55e-01	0.00e+00	0.00e+00	0.00e+00	4.22e-16	5.41e-19	3.13e-62
 3.43724e+22	3.05e-22	5.04e-16	1.18e-11	2.43e-08	3.21e-04	4.60e-02	9.54e-01	0.00e+00	0.00e+00	0.00e+00	5.03e-16	6.44e-19	4.90e-62
 3.48867e+22	3.63e-22	5.95e-16	1.34e-11	2.68e-08	3.42e-04	4.75e-02	9.52e-01	0.00e+00	0.00e+00	0.00e+00	5.94e-16	7.58e-19	7.50e-62
 3.55554e+22	4.52e-22	7.37e-16	1.60e-11	3.04e-08	3.71e-04	4.94e-02	9.50e-01	0.00e+00	0.00e+00	0.00e+00	7.36e-16	9.36e-19	1.30e-61
 3.62498e+22	5.64e-22	9.19e-16	1.91e-11	3.46e-08	4.04e-04	5.15e-02	9.48e-01	0.00e+00	0.00e+00	0.00e+00	9.18e-16	1.16e-18	2.26e-61
 3.67986e+22	6.65e-22	1.09e-15	2.19e-11	3.82e-08	4.32e-04	5.31e-02	9.46e-01	0.00e+00	0.00e+00	0.00e+00	1.09e-15	1.38e-18	3.45e-61
 3.72625e+22	7.64e-22	1.25e-15	2.45e-11	4.16e-08	4.56e-04	5.46e-02	9.45e-01	0.00e+00	0.00e+00	0.00e+00	1.25e-15	1.58e-18	4.91e-61
 3.77952e+22	8.89e-22	1.46e-15	2.77e-11	4.56e-08	4.84e-04	5.62e-02	9.43e-01	0.00e+00	0.00e+00	0.00e+00	1.46e-15	1.84e-18	7.22e-61
 3.84876e+22	1.06e-21	1.76e-15	3.22e-11	5.08e-08	5.20e-04	5.81e-02	9.41e-01	0.00e+00	0.00e+00	0.00e+00	1.76e-15	2.20e-18	1.15e-60
 3.92447e+22	1.29e-21	2.18e-15	3.83e-11	5.77e-08	5.65e-04	6.05e-02	9.39e-01	0.00e+00	0.00e+00	0.00e+00	2.18e-15	2.72e-18	1.94e-60
 3.99159e+22	1.52e-21	2.61e-15	4.43e-11	6.43e-08	6.06e-04	6.26e-02	9.37e-01	0.00e+00	0.00e+00	0.00e+00	2.61e-15	3.25e-18	3.02e-60
 4.06183e+22	1.78e-21	3.11e-15	5.10e-11	7.14e-08	6.49e-04	6.47e-02	9.35e-01	0.00e+00	0.00e+00	0.00e+00	3.11e-15	3.85e-18	4.64e-60
 4.15315e+22	2.19e-21	3.91e-15	6.14e-11	8.18e-08	7.09e-04	6.75e-02	9.32e-01	0.00e+00	0.00e+00	0.00e+00	3.91e-15	4.82e-18	8.09e-60
 4.24811e+22	2.67e-21	4.95e-15	7.42e-11	9.40e-08	7.77e-04	7.05e-02	9.29e-01	0.00e+00	0.00e+00	0.00e+00	4.94e-15	6.06e-18	1.42e-59
 4.32787e+22	3.11e-21	5.98e-15	8.65e-11	1.05e-07	8.36e-04	7.30e-02	9.26e-01	0.00e+00	0.00e+00	0.00e+00	5.97e-15	7.30e-18	2.22e-59
 4.39828e+22	3.55e-21	7.02e-15	9.84e-11	1.16e-07	8.90e-04	7.52e-02	9.24e-01	0.00e+00	0.00e+00	0.00e+00	7.01e-15	8.53e-18	3.26e-59
 4.47644e+22	4.11e-21	8.37e-15	1.14e-10	1.29e-07	9.54e-04	7.78e-02	9.21e-01	0.00e+00	0.00e+00	0.00e+00	8.36e-15	1.01e-17	4.95e-59
 4.57806e+22	4.86e-21	1.03e-14	1.34e-10	1.46e-07	1.04e-03	8.09e-02	9.18e-01	0.00e+00	0.00e+00	0.00e+00	1.03e-14	1.24e-17	8.16e-59
 4.68567e+22	5.81e-21	1.30e-14	1.63e-10	1.68e-07	1.13e-03	8.44e-02	9.14e-01	0.00e+00	0.00e+00	0.00e+00	1.30e-14	1.56e-17	1.41e-58
 4.77327e+22	6.64e-21	1.56e-14	1.88e-10	1.87e-07	1.22e-03	8.73e-02	9.11e-01	0.00e+00	0.00e+00	0.00e+00	1.56e-14	1.86e-17	2.15e-58
 4.84735e+22	7.42e-21	1.82e-14	2.12e-10	2.05e-07	1.29e-03	8.98e-02	9.09e-01	0.00e+00	0.00e+00	0.00e+00	1.81e-14	2.15e-17	3.03e-58
 4.93168e+22	8.38e-21	2.14e-14	2.42e-10	2.26e-07	1.38e-03	9.25e-02	9.06e-01	0.00e+00	0.00e+00	0.00e+00	2.14e-14	2.52e-17	4.43e-58
 5.04131e+22	9.70e-21	2.61e-14	2.85e-10	2.55e-07	1.49e-03	9.60e-02	9.02e-01	0.00e+00	0.00e+00	0.00e+00	2.61e-14	3.06e-17	7.08e-58
 5.15834e+22	1.13e-20	3.27e-14	3.42e-10	2.91e-07	1.62e-03	1.00e-01	8.98e-01	0.00e+00	0.00e+00	0.00e+00	3.26e-14	3.80e-17	1.18e-57
 5.25836e+22	1.29e-20	3.92e-14	3.96e-10	3.25e-07	1.75e-03	1.03e-01	8.95e-01	0.00e+00	0.00e+00	0.00e+00	3.92e-14	4.54e-17	1.79e-57
 5.36175e+22	1.46e-20	4.69e-14	4.59e-10	3.63e-07	1.87e-03	1.07e-01	8.91e-01	0.00e+00	0.00e+00	0.00e+00	4.69e-14	5.40e-17	2.71e-57
 5.49616e+22	1.69e-20	5.85e-14	5.48e-10	4.14e-07	2.04e-03	1.11e-01	8.87e-01	0.00e+00	0.00e+00	0.00e+00	5.84e-14	6.66e-17	4.51e-57
 5.63568e+22	1.98e-20	7.44e-14	6.67e-10	4.79e-07	2.24e-03	1.16e-01	8.81e-01	0.00e+00	0.00e+00	0.00e+00	7.43e-14	8.42e-17	7.79e-57
 5.74940e+22	2.23e-20	8.97e-14	7.76e-10	5.36e-07	2.41e-03	1.20e-01	8.77e-01	0.00e+00	0.00e+00	0.00e+00	8.96e-14	1.01e-16	1.19e-56
 5.86477e+22	2.51e-20	1.07e-13	8.98e-10	5.97e-07	2.59e-03	1.24e-01	8.73e-01	0.00e+00	0.00e+00	0.00e+00	1.07e-13	1.20e-16	1.80e-56
 6.01475e+22	2.88e-20	1.34e-13	1.07e-09	6.82e-07	2.82e-03	1.29e-01	8.68e-01	0.00e+00	0.00e+00	0.00e+00	1.34e-13	1.48e-16	2.98e-56
 6.16373e+22	3.34e-20	1.70e-13	1.30e-09	7.88e-07	3.10e-03	1.35e-01	8.62e-01	0.00e+00	0.00e+00	0.00e+00	1.70e-13	1.86e-16	5.10e-56
 6.27427e+22	3.64e-20	1.99e-13	1.48e-09	8.67e-07	3.30e-03	1.39e-01	8.58e-01	0.00e+00	0.00e+00	0.00e+00	1.99e-13	2.17e-16	7.33e-56
 6.38083e+22	4.03e-20	2.32e-13	1.68e-09	9.53e-07	3.51e-03	1.43e-01	8.54e-01	0.00e+00	0.00e+00	0.00e+00	2.32e-13	2.52e-16	1.05e-55
 6.51936e+22	4.52e-20	2.80e-13	1.96e-09	1.07e-06	3.78e-03	1.48e-01	8.49e-01	0.00e+00	0.00e+00	0.00e+00	2.80e-13	3.01e-16	1.61e-55
 6.67283e+22	5.11e-20	3.46e-13	2.33e-09	1.21e-06	4.10e-03	1.53e-01	8.43e-01	0.00e+00	0.00e+00	0.00e+00	3.46e-13	3.68e-16	2.61e-55
 6.81207e+22	5.67e-20	4.18e-13	2.72e-09	1.36e-06	4.42e-03	1.59e-01	8.37e-01	0.00e+00	0.00e+00	0.00e+00	4.17e-13	4.41e-16	4.02e-55
 6.93908e+22	6.25e-20	4.93e-13	3.11e-09	1.51e-06	4.71e-03	1.63e-01	8.32e-01	0.00e+00	0.00e+00	0.00e+00	4.92e-13	5.16e-16	5.88e-55
 7.08383e+22	6.89e-20	5.87e-13	3.59e-09	1.68e-06	5.05e-03	1.68e-01	8.27e-01	0.00e+00	0.00e+00	0.00e+00	5.87e-13	6.10e-16	8.84e-55
 7.27199e+22	7.84e-20	7.37e-13	4.33e-09	1.93e-06	5.53e-03	1.75e-01	8.19e-01	0.00e+00	0.00e+00	0.00e+00	7.37e-13	7.56e-16	1.49e-54
 7.46762e+22	8.91e-20	9.38e-13	5.28e-09	2.24e-06	6.08e-03	1.83e-01	8.11e-01	0.00e+00	0.00e+00	0.00e+00	9.37e-13	9.52e-16	2.60e-54
 7.62819e+22	9.79e-20	1.14e-12	6.18e-09	2.51e-06	6.55e-03	1.89e-01	8.05e-01	0.00e+00	0.00e+00	0.00e+00	1.13e-12	1.14e-15	4.04e-54
 7.79215e+22	1.08e-19	1.36e-12	7.18e-09	2.81e-06	7.04e-03	1.95e-01	7.98e-01	0.00e+00	0.00e+00	0.00e+00	1.36e-12	1.36e-15	6.15e-54
 8.00531e+22	1.21e-19	1.71e-12	8.65e-09	3.23e-06	7.70e-03	2.03e-01	7.90e-01	0.00e+00	0.00e+00	0.00e+00	1.70e-12	1.67e-15	1.04e-53
 8.23389e+22	1.36e-19	2.19e-12	1.06e-08	3.77e-06	8.50e-03	2.11e-01	7.80e-01	0.00e+00	0.00e+00	0.00e+00	2.19e-12	2.12e-15	1.84e-53
 8.42999e+22	1.50e-19	2.71e-12	1.27e-08	4.31e-06	9.25e-03	2.19e-01	7.72e-01	0.00e+00	0.00e+00	0.00e+00	2.70e-12	2.60e-15	3.00e-53
 8.60466e+22	1.61e-19	3.21e-12	1.46e-08	4.79e-06	9.89e-03	2.26e-01	7.65e-01	0.00e+00	0.00e+00	0.00e+00	3.21e-12	3.06e-15	4.46e-53
 8.80398e+22	1.76e-19	3.87e-12	1.71e-08	5.39e-06	1.07e-02	2.33e-01	7.56e-01	0.00e+00	0.00e+00	0.00e+00	3.87e-12	3.64e-15	6.88e-53
 9.06308e+22	1.94e-19	4.88e-12	2.07e-08	6.24e-06	1.17e-02	2.42e-01	7.46e-01	0.00e+00	0.00e+00	0.00e+00	4.87e-12	4.52e-15	1.17e-52
 9.32912e+22	2.14e-19	6.27e-12	2.56e-08	7.31e-06	1.29e-02	2.52e-01	7.35e-01	0.00e+00	0.00e+00	0.00e+00	6.26e-12	5.74e-15	2.09e-52
 9.53746e+22	2.30e-19	7.58e-12	3.00e-08	8.24e-06	1.40e-02	2.60e-01	7.26e-01	0.00e+00	0.00e+00	0.00e+00	7.57e-12	6.87e-15	3.23e-52
 9.74162e+22	2.44e-19	8.94e-12	3.45e-08	9.16e-06	1.49e-02	2.67e-01	7.18e-01	0.00e+00	0.00e+00	0.00e+00	8.93e-12	8.01e-15	4.71e-52
 1.00070e+23	2.62e-19	1.09e-11	4.09e-08	1.04e-05	1.62e-02	2.76e-01	7.07e-01	0.00e+00	0.00e+00	0.00e+00	1.09e-11	9.63e-15	7.47e-52
 1.03041e+23	2.83e-19	1.38e-11	4.99e-08	1.21e-05	1.78e-02	2.87e-01	6.95e-01	0.00e+00	0.00e+00	0.00e+00	1.38e-11	1.20e-14	1.27e-51
 1.05694e+23	3.03e-19	1.70e-11	5.97e-08	1.39e-05	1.94e-02	2.97e-01	6.84e-01	0.00e+00	0.00e+00	0.00e+00	1.70e-11	1.46e-14	2.03e-51
 1.07962e+23	3.17e-19	1.99e-11	6.83e-08	1.54e-05	2.07e-02	3.04e-01	6.75e-01	0.00e+00	0.00e+00	0.00e+00	1.99e-11	1.69e-14	2.93e-51
 1.10459e+23	3.34e-19	2.35e-11	7.85e-08	1.71e-05	2.21e-02	3.12e-01	6.66e-01	0.00e+00	0.00e+00	0.00e+00	2.34e-11	1.96e-14	4.21e-51
 1.13706e+23	3.53e-19	2.86e-11	9.33e-08	1.96e-05	2.40e-02	3.22e-01	6.54e-01	0.00e+00	0.00e+00	0.00e+00	2.86e-11	2.35e-14	6.57e-51
 1.17306e+23	3.75e-19	3.59e-11	1.13e-07	2.27e-05	2.63e-02	3.34e-01	6.40e-01	0.00e+00	0.00e+00	0.00e+00	3.58e-11	2.88e-14	1.09e-50
 1.20555e+23	3.96e-19	4.39e-11	1.35e-07	2.60e-05	2.86e-02	3.44e-01	6.27e-01	0.00e+00	0.00e+00	0.00e+00	4.38e-11	3.47e-14	1.69e-50
 1.23456e+23	4.13e-19	5.15e-11	1.55e-07	2.89e-05	3.06e-02	3.52e-01	6.17e-01	0.00e+00	0.00e+00	0.00e+00	5.14e-11	4.01e-14	2.43e-50
 1.26715e+23	4.28e-19	6.03e-11	1.78e-07	3.22e-05	3.27e-02	3.61e-01	6.06e-01	0.00e+00	0.00e+00	0.00e+00	6.03e-11	4.61e-14	3.44e-50
 1.30953e+23	4.47e-19	7.31e-11	2.11e-07	3.67e-05	3.54e-02	3.71e-01	5.93e-01	0.00e+00	0.00e+00	0.00e+00	7.31e-11	5.44e-14	5.24e-50
 1.35741e+23	4.71e-19	9.16e-11	2.57e-07	4.28e-05	3.89e-02	3.84e-01	5.77e-01	0.00e+00	0.00e+00	0.00e+00	9.15e-11	6.64e-14	8.55e-50
 1.40149e+23	4.95e-19	1.12e-10	3.06e-07	4.91e-05	4.24e-02	3.95e-01	5.63e-01	0.00e+00	0.00e+00	0.00e+00	1.12e-10	7.94e-14	1.33e-49
 1.44087e+23	5.14e-19	1.32e-10	3.53e-07	5.49e-05	4.53e-02	4.04e-01	5.51e-01	0.00e+00	0.00e+00	0.00e+00	1.31e-10	9.14e-14	1.88e-49
 1.48507e+23	5.28e-19	1.53e-10	4.04e-07	6.10e-05	4.84e-02	4.12e-01	5.39e-01	0.00e+00	0.00e+00	0.00e+00	1.53e-10	1.03e-13	2.60e-49
 1.54087e+23	5.44e-19	1.82e-10	4.72e-07	6.90e-05	5.21e-02	4.22e-01	5.26e-01	0.00e+00	0.00e+00	0.00e+00	1.82e-10	1.19e-13	3.79e-49
 1.60374e+23	5.66e-19	2.22e-10	5.64e-07	7.93e-05	5.68e-02	4.33e-01	5.10e-01	0.00e+00	0.00e+00	0.00e+00	2.22e-10	1.40e-13	5.81e-49
 1.66063e+23	5.92e-19	2.66e-10	6.63e-07	9.01e-05	6.13e-02	4.43e-01	4.95e-01	0.00e+00	0.00e+00	0.00e+00	2.66e-10	1.63e-13	8.66e-49
 1.70672e+23	6.08e-19	3.04e-10	7.46e-07	9.89e-05	6.48e-02	4.51e-01	4.85e-01	0.00e+00	0.00e+00	0.00e+00	3.04e-10	1.81e-13	1.15e-48
 1.75556e+23	6.17e-19	3.40e-10	8.28e-07	1.08e-04	6.82e-02	4.57e-01	4.75e-01	0.00e+00	0.00e+00	0.00e+00	3.40e-10	1.97e-13	1.45e-48
 1.81907e+23	6.19e-19	3.84e-10	9.21e-07	1.17e-04	7.18e-02	4.64e-01	4.64e-01	0.00e+00	0.00e+00	0.00e+00	3.83e-10	2.12e-13	1.88e-48
 1.89267e+23	6.29e-19	4.45e-10	1.06e-06	1.31e-04	7.67e-02	4.72e-01	4.51e-01	0.00e+00	0.00e+00	0.00e+00	4.45e-10	2.36e-13	2.58e-48
 1.96961e+23	6.36e-19	5.12e-10	1.20e-06	1.45e-04	8.16e-02	4.79e-01	4.39e-01	0.00e+00	0.00e+00	0.00e+00	5.12e-10	2.59e-13	3.46e-48
 2.04963e+23	6.36e-19	5.82e-10	1.35e-06	1.59e-04	8.63e-02	4.86e-01	4.28e-01	0.00e+00	0.00e+00	0.00e+00	5.81e-10	2.80e-13	4.53e-48
 2.13285e+23	6.31e-19	6.52e-10	1.49e-06	1.73e-04	9.07e-02	4.92e-01	4.17e-01	0.00e+00	0.00e+00	0.00e+00	6.52e-10	2.98e-13	5.79e-48
 2.21926e+23	6.21e-19	7.24e-10	1.65e-06	1.87e-04	9.52e-02	4.97e-01	4.07e-01	0.00e+00	0.00e+00	0.00e+00	7.24e-10	3.14e-13	7.18e-48
 2.30281e+23	6.17e-19	8.04e-10	1.81e-06	2.02e-04	9.97e-02	5.03e-01	3.97e-01	0.00e+00	0.00e+00	0.00e+00	8.04e-10	3.32e-13	8.95e-48
 2.37801e+23	6.06e-19	8.69e-10	1.95e-06	2.14e-04	1.03e-01	5.06e-01	3.90e-01	0.00e+00	0.00e+00	0.00e+00	8.69e-10	3.43e-13	1.06e-47
 2.44569e+23	5.98e-19	9.30e-10	2.07e-06	2.26e-04	1.07e-01	5.10e-01	3.84e-01	0.00e+00	0.00e+00	0.00e+00	9.30e-10	3.53e-13	1.22e-47
 2.50661e+23	5.90e-19	9.84e-10	2.18e-06	2.35e-04	1.09e-01	5.12e-01	3.78e-01	0.00e+00	0.00e+00	0.00e+00	9.84e-10	3.61e-13	1.37e-47
 2.56143e+23	5.78e-19	1.03e-09	2.27e-06	2.43e-04	1.11e-01	5.14e-01	3.74e-01	0.00e+00	0.00e+00	0.00e+00	1.03e-09	3.64e-13	1.49e-47
 2.61077e+23	5.66e-19	1.06e-09	2.35e-06	2.50e-04	1.13e-01	5.16e-01	3.70e-01	0.00e+00	0.00e+00	0.00e+00	1.06e-09	3.66e-13	1.60e-47
 2.65517e+23	5.56e-19	1.10e-09	2.41e-06	2.56e-04	1.15e-01	5.17e-01	3.67e-01	0.00e+00	0.00e+00	0.00e+00	1.09e-09	3.68e-13	1.70e-47
 2.69514e+23	5.45e-19	1.12e-09	2.47e-06	2.61e-04	1.16e-01	5.18e-01	3.65e-01	0.00e+00	0.00e+00	0.00e+00	1.12e-09	3.67e-13	1.78e-47
 2.73110e+23	5.36e-19	1.14e-09	2.52e-06	2.65e-04	1.17e-01	5.19e-01	3.63e-01	0.00e+00	0.00e+00	0.00e+00	1.14e-09	3.67e-13	1.86e-47
 2.76347e+23	5.28e-19	1.17e-09	2.56e-06	2.69e-04	1.18e-01	5.20e-01	3.61e-01	0.00e+00	0.00e+00	0.00e+00	1.16e-09	3.67e-13	1.93e-47
 2.79408e+23	5.16e-19	1.18e-09	2.58e-06	2.71e-04	1.19e-01	5.21e-01	3.60e-01	0.00e+00	0.00e+00	0.00e+00	1.18e-09	3.63e-13	1.96e-47
 2.82463e+23	5.03e-19	1.19e-09	2.60e-06	2.73e-04	1.20e-01	5.21e-01	3.59e-01	0.00e+00	0.00e+00	0.00e+00	1.19e-09	3.59e-13	1.99e-47
 2.85518e+23	4.92e-19	1.20e-09	2.62e-06	2.75e-04	1.20e-01	5.22e-01	3.58e-01	0.00e+00	0.00e+00	0.00e+00	1.20e-09	3.55e-13	2.01e-47
 2.88573e+23	4.80e-19	1.20e-09	2.65e-06	2.77e-04	1.21e-01	5.22e-01	3.57e-01	0.00e+00	0.00e+00	0.00e+00	1.20e-09	3.51e-13	2.04e-47
 2.91628e+23	4.68e-19	1.21e-09	2.66e-06	2.79e-04	1.21e-01	5.22e-01	3.56e-01	0.00e+00	0.00e+00	0.00e+00	1.21e-09	3.46e-13	2.05e-47
 2.94682e+23	4.56e-19	1.22e-09	2.68e-06	2.80e-04	1.22e-01	5.23e-01	3.55e-01	0.00e+00	0.00e+00	0.00e+00	1.22e-09	3.41e-13	2.07e-47
 2.97737e+23	4.44e-19	1.22e-09	2.69e-06	2.81e-04	1.22e-01	5.23e-01	3.55e-01	0.00e+00	0.00e+00	0.00e+00	1.22e-09	3.36e-13	2.07e-47
 3.00792e+23	4.32e-19	1.23e-09	2.70e-06	2.82e-04	1.22e-01	5.23e-01	3.54e-01	0.00e+00	0.00e+00	0.00e+00	1.23e-09	3.30e-13	2.07e-47
 3.03847e+23	4.20e-19	1.23e-09	2.71e-06	2.83e-04	1.23e-01	5.23e-01	3.54e-01	0.00e+00	0.00e+00	0.00e+00	1.23e-09	3.25e-13	2.08e-47
 3.05428e+23	4.37e-19	1.29e-09	2.81e-06	2.92e-04	1.25e-01	5.25e-01	3.50e-01	0.00e+00	0.00e+00	0.00e+00	1.28e-09	3.40e-13	2.30e-47
