#depth	Mg	Mg+	Mg+2	Mg+3	Mg+4	Mg+5	Mg+6	Mg+7	Mg+8	Mg+9	Mg+10	Mg+11	Mg+12
 6.17135e+19	0.00e+00	0.00e+00	0.00e+00	0.00e+00	2.54e-31	6.10e-26	3.51e-21	6.83e-17	6.80e-13	3.61e-09	3.76e-05	1.19e-02	9.88e-01
 1.87609e+20	0.00e+00	0.00e+00	0.00e+00	0.00e+00	5.11e-31	1.12e-25	5.91e-21	1.05e-16	9.55e-13	4.64e-09	4.46e-05	1.30e-02	9.87e-01
 3.18540e+20	0.00e+00	0.00e+00	0.00e+00	0.00e+00	1.04e-30	2.08e-25	9.99e-21	1.62e-16	1.35e-12	5.98e-09	5.29e-05	1.42e-02	9.86e-01
 4.54709e+20	0.00e+00	0.00e+00	0.00e+00	0.00e+00	2.12e-30	3.87e-25	1.70e-20	2.52e-16	1.90e-12	7.72e-09	6.29e-05	1.55e-02	9.84e-01
 5.55111e+20	0.00e+00	0.00e+00	0.00e+00	0.00e+00	3.56e-30	6.08e-25	2.50e-20	3.46e-16	2.45e-12	9.28e-09	7.13e-05	1.65e-02	9.83e-01
 6.06530e+20	0.00e+00	0.00e+00	0.00e+00	0.00e+00	4.62e-30	7.63e-25	3.03e-20	4.06e-16	2.77e-12	1.02e-08	7.59e-05	1.70e-02	9.83e-01
 6.53533e+20	0.00e+00	0.00e+00	0.00e+00	0.00e+00	5.85e-30	9.36e-25	3.61e-20	4.70e-16	3.11e-12	1.11e-08	8.03e-05	1.75e-02	9.82e-01
 7.14636e+20	0.00e+00	0.00e+00	0.00e+00	0.00e+00	7.92e-30	1.22e-24	4.52e-20	5.65e-16	3.60e-12	1.23e-08	8.64e-05	1.81e-02	9.82e-01
 7.94071e+20	0.00e+00	0.00e+00	0.00e+00	0.00e+00	1.17e-29	1.71e-24	6.03e-20	7.18e-16	4.34e-12	1.42e-08	9.49e-05	1.90e-02	9.81e-01
 8.79208e+20	0.00e+00	0.00e+00	0.00e+00	0.00e+00	1.77e-29	2.45e-24	8.19e-20	9.25e-16	5.30e-12	1.64e-08	1.05e-04	1.99e-02	9.80e-01
 9.53696e+20	0.00e+00	0.00e+00	0.00e+00	0.00e+00	2.53e-29	3.34e-24	1.07e-19	1.15e-15	6.29e-12	1.86e-08	1.14e-04	2.08e-02	9.79e-01
 1.03247e+21	0.00e+00	0.00e+00	0.00e+00	0.00e+00	3.66e-29	4.62e-24	1.41e-19	1.45e-15	7.52e-12	2.12e-08	1.25e-04	2.18e-02	9.78e-01
 1.12036e+21	0.00e+00	0.00e+00	0.00e+00	0.00e+00	5.52e-29	6.60e-24	1.91e-19	1.86e-15	9.17e-12	2.45e-08	1.38e-04	2.28e-02	9.77e-01
 1.19511e+21	0.00e+00	0.00e+00	0.00e+00	0.00e+00	7.80e-29	8.90e-24	2.46e-19	2.30e-15	1.08e-11	2.77e-08	1.49e-04	2.38e-02	9.76e-01
 1.25439e+21	0.00e+00	0.00e+00	0.00e+00	0.00e+00	1.03e-28	1.13e-23	3.02e-19	2.72e-15	1.24e-11	3.06e-08	1.60e-04	2.46e-02	9.75e-01
 1.31855e+21	0.00e+00	0.00e+00	0.00e+00	0.00e+00	1.37e-28	1.45e-23	3.73e-19	3.24e-15	1.42e-11	3.38e-08	1.71e-04	2.54e-02	9.74e-01
 1.40195e+21	0.00e+00	0.00e+00	0.00e+00	0.00e+00	1.99e-28	2.01e-23	4.92e-19	4.07e-15	1.70e-11	3.86e-08	1.87e-04	2.66e-02	9.73e-01
 1.48848e+21	0.00e+00	0.00e+00	0.00e+00	0.00e+00	2.92e-28	2.80e-23	6.54e-19	5.15e-15	2.04e-11	4.42e-08	2.04e-04	2.78e-02	9.72e-01
 1.56012e+21	0.00e+00	0.00e+00	0.00e+00	0.00e+00	4.00e-28	3.69e-23	8.26e-19	6.25e-15	2.37e-11	4.94e-08	2.20e-04	2.89e-02	9.71e-01
 1.62405e+21	0.00e+00	0.00e+00	0.00e+00	0.00e+00	5.26e-28	4.68e-23	1.01e-18	7.40e-15	2.71e-11	5.44e-08	2.35e-04	2.98e-02	9.70e-01
 1.69690e+21	0.00e+00	0.00e+00	0.00e+00	0.00e+00	7.24e-28	6.18e-23	1.28e-18	9.00e-15	3.16e-11	6.09e-08	2.53e-04	3.09e-02	9.69e-01
 1.77858e+21	0.00e+00	0.00e+00	0.00e+00	0.00e+00	1.02e-27	8.35e-23	1.66e-18	1.11e-14	3.73e-11	6.88e-08	2.75e-04	3.22e-02	9.68e-01
 1.85576e+21	0.00e+00	0.00e+00	0.00e+00	0.00e+00	1.42e-27	1.11e-22	2.12e-18	1.36e-14	4.37e-11	7.72e-08	2.97e-04	3.35e-02	9.66e-01
 1.92823e+21	0.00e+00	0.00e+00	0.00e+00	4.81e-33	1.93e-27	1.45e-22	2.65e-18	1.64e-14	5.06e-11	8.60e-08	3.19e-04	3.47e-02	9.65e-01
 1.99683e+21	0.00e+00	0.00e+00	0.00e+00	6.64e-33	2.56e-27	1.85e-22	3.28e-18	1.95e-14	5.80e-11	9.51e-08	3.42e-04	3.58e-02	9.64e-01
 2.07227e+21	0.00e+00	0.00e+00	0.00e+00	9.44e-33	3.50e-27	2.43e-22	4.13e-18	2.37e-14	6.74e-11	1.06e-07	3.67e-04	3.72e-02	9.62e-01
 2.15423e+21	0.00e+00	0.00e+00	0.00e+00	1.38e-32	4.89e-27	3.25e-22	5.29e-18	2.91e-14	7.92e-11	1.19e-07	3.98e-04	3.86e-02	9.61e-01
 2.22732e+21	0.00e+00	0.00e+00	0.00e+00	1.93e-32	6.58e-27	4.21e-22	6.59e-18	3.49e-14	9.13e-11	1.33e-07	4.26e-04	4.00e-02	9.60e-01
 2.29473e+21	0.00e+00	0.00e+00	0.00e+00	2.64e-32	8.65e-27	5.33e-22	8.08e-18	4.13e-14	1.04e-10	1.46e-07	4.55e-04	4.12e-02	9.58e-01
 2.37210e+21	0.00e+00	0.00e+00	0.00e+00	3.73e-32	1.17e-26	6.96e-22	1.01e-17	4.98e-14	1.21e-10	1.63e-07	4.89e-04	4.27e-02	9.57e-01
 2.45595e+21	0.00e+00	0.00e+00	0.00e+00	5.44e-32	1.64e-26	9.29e-22	1.30e-17	6.11e-14	1.42e-10	1.83e-07	5.28e-04	4.44e-02	9.55e-01
 2.53014e+21	0.00e+00	0.00e+00	0.00e+00	7.57e-32	2.19e-26	1.20e-21	1.61e-17	7.31e-14	1.63e-10	2.03e-07	5.65e-04	4.59e-02	9.54e-01
 2.59804e+21	0.00e+00	0.00e+00	0.00e+00	1.03e-31	2.86e-26	1.51e-21	1.96e-17	8.62e-14	1.85e-10	2.23e-07	6.02e-04	4.73e-02	9.52e-01
 2.67581e+21	0.00e+00	0.00e+00	0.00e+00	1.44e-31	3.85e-26	1.95e-21	2.45e-17	1.03e-13	2.14e-10	2.48e-07	6.45e-04	4.89e-02	9.50e-01
 2.76344e+21	0.00e+00	0.00e+00	0.00e+00	2.10e-31	5.39e-26	2.62e-21	3.14e-17	1.27e-13	2.52e-10	2.79e-07	6.98e-04	5.08e-02	9.48e-01
 2.84554e+21	0.00e+00	0.00e+00	0.00e+00	2.99e-31	7.35e-26	3.43e-21	3.96e-17	1.54e-13	2.92e-10	3.12e-07	7.51e-04	5.27e-02	9.47e-01
 2.91820e+21	0.00e+00	0.00e+00	0.00e+00	4.08e-31	9.66e-26	4.35e-21	4.86e-17	1.83e-13	3.34e-10	3.43e-07	8.00e-04	5.43e-02	9.45e-01
 2.99691e+21	0.00e+00	0.00e+00	0.00e+00	5.61e-31	1.28e-25	5.56e-21	5.99e-17	2.17e-13	3.82e-10	3.80e-07	8.55e-04	5.61e-02	9.43e-01
 3.09923e+21	0.00e+00	0.00e+00	0.00e+00	8.72e-31	1.89e-25	7.78e-21	7.99e-17	2.76e-13	4.61e-10	4.36e-07	9.36e-04	5.86e-02	9.40e-01
 3.19928e+21	0.00e+00	0.00e+00	0.00e+00	1.32e-30	2.72e-25	1.07e-20	1.05e-16	3.46e-13	5.51e-10	4.96e-07	1.02e-03	6.10e-02	9.38e-01
 3.27476e+21	0.00e+00	0.00e+00	0.00e+00	1.80e-30	3.58e-25	1.36e-20	1.29e-16	4.10e-13	6.28e-10	5.47e-07	1.09e-03	6.29e-02	9.36e-01
 3.35127e+21	0.00e+00	0.00e+00	0.00e+00	2.45e-30	4.70e-25	1.72e-20	1.58e-16	4.86e-13	7.17e-10	6.03e-07	1.16e-03	6.49e-02	9.34e-01
 3.45074e+21	0.00e+00	0.00e+00	0.00e+00	3.66e-30	6.68e-25	2.34e-20	2.05e-16	6.04e-13	8.51e-10	6.83e-07	1.26e-03	6.75e-02	9.31e-01
 3.55141e+21	0.00e+00	0.00e+00	0.00e+00	5.46e-30	9.51e-25	3.18e-20	2.67e-16	7.52e-13	1.01e-09	7.75e-07	1.36e-03	7.02e-02	9.28e-01
 3.63116e+21	0.00e+00	0.00e+00	0.00e+00	7.47e-30	1.25e-24	4.04e-20	3.28e-16	8.92e-13	1.16e-09	8.55e-07	1.45e-03	7.24e-02	9.26e-01
 3.71237e+21	0.00e+00	0.00e+00	0.00e+00	1.02e-29	1.65e-24	5.15e-20	4.03e-16	1.06e-12	1.32e-09	9.44e-07	1.55e-03	7.47e-02	9.24e-01
 3.81794e+21	0.00e+00	0.00e+00	0.00e+00	1.53e-29	2.36e-24	7.02e-20	5.26e-16	1.32e-12	1.57e-09	1.07e-06	1.69e-03	7.77e-02	9.21e-01
 3.92614e+21	0.00e+00	0.00e+00	0.00e+00	2.31e-29	3.39e-24	9.61e-20	6.89e-16	1.66e-12	1.87e-09	1.22e-06	1.83e-03	8.08e-02	9.17e-01
 4.01405e+21	0.00e+00	0.00e+00	0.00e+00	3.23e-29	4.56e-24	1.24e-19	8.60e-16	1.99e-12	2.17e-09	1.36e-06	1.96e-03	8.35e-02	9.15e-01
 4.10464e+21	0.00e+00	0.00e+00	0.00e+00	4.48e-29	6.07e-24	1.60e-19	1.07e-15	2.38e-12	2.49e-09	1.50e-06	2.10e-03	8.62e-02	9.12e-01
 4.22242e+21	0.00e+00	0.00e+00	0.00e+00	6.85e-29	8.84e-24	2.21e-19	1.41e-15	3.01e-12	2.99e-09	1.72e-06	2.29e-03	8.98e-02	9.08e-01
 4.33996e+21	0.00e+00	0.00e+00	0.00e+00	1.04e-28	1.28e-23	3.06e-19	1.86e-15	3.79e-12	3.59e-09	1.97e-06	2.50e-03	9.36e-02	9.04e-01
 4.42907e+21	0.00e+00	0.00e+00	0.00e+00	1.43e-28	1.69e-23	3.89e-19	2.29e-15	4.51e-12	4.10e-09	2.17e-06	2.66e-03	9.64e-02	9.01e-01
 4.51680e+21	0.00e+00	0.00e+00	0.00e+00	1.93e-28	2.20e-23	4.91e-19	2.80e-15	5.32e-12	4.68e-09	2.39e-06	2.83e-03	9.93e-02	8.98e-01
 4.63084e+21	0.00e+00	0.00e+00	0.00e+00	2.84e-28	3.10e-23	6.60e-19	3.61e-15	6.59e-12	5.53e-09	2.70e-06	3.07e-03	1.03e-01	8.94e-01
 4.74989e+21	0.00e+00	0.00e+00	0.00e+00	4.23e-28	4.40e-23	8.96e-19	4.70e-15	8.21e-12	6.56e-09	3.06e-06	3.33e-03	1.07e-01	8.90e-01
 4.84997e+21	0.00e+00	0.00e+00	0.00e+00	5.91e-28	5.91e-23	1.16e-18	5.87e-15	9.88e-12	7.59e-09	3.41e-06	3.57e-03	1.10e-01	8.86e-01
 4.94018e+21	0.00e+00	0.00e+00	0.00e+00	7.84e-28	7.59e-23	1.44e-18	7.08e-15	1.16e-11	8.58e-09	3.73e-06	3.78e-03	1.14e-01	8.83e-01
 5.04307e+21	0.00e+00	0.00e+00	0.00e+00	1.09e-27	1.01e-22	1.85e-18	8.78e-15	1.38e-11	9.87e-09	4.14e-06	4.04e-03	1.17e-01	8.79e-01
 5.15884e+21	0.00e+00	0.00e+00	0.00e+00	1.55e-27	1.39e-22	2.44e-18	1.11e-14	1.69e-11	1.15e-08	4.64e-06	4.35e-03	1.21e-01	8.75e-01
 5.26807e+21	0.00e+00	0.00e+00	0.00e+00	2.17e-27	1.86e-22	3.15e-18	1.39e-14	2.03e-11	1.33e-08	5.16e-06	4.65e-03	1.25e-01	8.70e-01
 5.37057e+21	0.00e+00	0.00e+00	5.79e-33	2.95e-27	2.44e-22	3.99e-18	1.70e-14	2.41e-11	1.52e-08	5.69e-06	4.96e-03	1.29e-01	8.66e-01
 5.48760e+21	0.00e+00	0.00e+00	8.48e-33	4.15e-27	3.30e-22	5.20e-18	2.14e-14	2.91e-11	1.77e-08	6.34e-06	5.32e-03	1.33e-01	8.62e-01
 5.61867e+21	0.00e+00	0.00e+00	1.29e-32	6.04e-27	4.60e-22	6.94e-18	2.74e-14	3.58e-11	2.08e-08	7.15e-06	5.74e-03	1.38e-01	8.57e-01
 5.74181e+21	0.00e+00	0.00e+00	1.90e-32	8.53e-27	6.24e-22	9.07e-18	3.45e-14	4.34e-11	2.42e-08	7.98e-06	6.16e-03	1.42e-01	8.52e-01
 5.85778e+21	0.00e+00	0.00e+00	2.72e-32	1.17e-26	8.26e-22	1.16e-17	4.27e-14	5.18e-11	2.78e-08	8.84e-06	6.58e-03	1.46e-01	8.47e-01
 5.97257e+21	0.00e+00	0.00e+00	3.84e-32	1.60e-26	1.09e-21	1.47e-17	5.24e-14	6.16e-11	3.18e-08	9.75e-06	7.00e-03	1.51e-01	8.42e-01
 6.10374e+21	0.00e+00	0.00e+00	5.64e-32	2.26e-26	1.47e-21	1.92e-17	6.59e-14	7.46e-11	3.70e-08	1.09e-05	7.52e-03	1.55e-01	8.37e-01
 6.24636e+21	0.00e+00	0.00e+00	8.52e-32	3.26e-26	2.04e-21	2.55e-17	8.43e-14	9.16e-11	4.34e-08	1.22e-05	8.10e-03	1.61e-01	8.31e-01
 6.37438e+21	0.00e+00	0.00e+00	1.22e-31	4.51e-26	2.72e-21	3.27e-17	1.05e-13	1.10e-10	5.00e-08	1.36e-05	8.65e-03	1.66e-01	8.26e-01
 6.51133e+21	0.00e+00	0.00e+00	1.78e-31	6.32e-26	3.66e-21	4.25e-17	1.31e-13	1.32e-10	5.79e-08	1.51e-05	9.27e-03	1.71e-01	8.20e-01
 6.66499e+21	0.00e+00	0.00e+00	2.70e-31	9.17e-26	5.08e-21	5.66e-17	1.68e-13	1.63e-10	6.82e-08	1.70e-05	9.99e-03	1.77e-01	8.13e-01
 6.80983e+21	0.00e+00	0.00e+00	3.97e-31	1.29e-25	6.88e-21	7.38e-17	2.11e-13	1.97e-10	7.92e-08	1.90e-05	1.07e-02	1.82e-01	8.07e-01
 6.94418e+21	0.00e+00	0.00e+00	5.61e-31	1.76e-25	9.07e-21	9.38e-17	2.59e-13	2.34e-10	9.07e-08	2.10e-05	1.14e-02	1.87e-01	8.01e-01
 7.09545e+21	0.00e+00	0.00e+00	8.23e-31	2.48e-25	1.23e-20	1.22e-16	3.26e-13	2.83e-10	1.05e-07	2.34e-05	1.22e-02	1.93e-01	7.95e-01
 7.25788e+21	0.00e+00	0.00e+00	1.23e-30	3.56e-25	1.69e-20	1.61e-16	4.14e-13	3.47e-10	1.23e-07	2.62e-05	1.31e-02	1.99e-01	7.88e-01
 7.40079e+21	0.00e+00	0.00e+00	1.74e-30	4.87e-25	2.22e-20	2.05e-16	5.10e-13	4.12e-10	1.41e-07	2.90e-05	1.40e-02	2.05e-01	7.81e-01
 7.55258e+21	0.00e+00	0.00e+00	2.50e-30	6.72e-25	2.96e-20	2.64e-16	6.32e-13	4.93e-10	1.62e-07	3.21e-05	1.49e-02	2.10e-01	7.75e-01
 7.72393e+21	0.00e+00	0.00e+00	3.73e-30	9.61e-25	4.06e-20	3.47e-16	8.02e-13	6.02e-10	1.90e-07	3.59e-05	1.60e-02	2.17e-01	7.67e-01
 7.88679e+21	0.00e+00	0.00e+00	5.41e-30	1.34e-24	5.45e-20	4.49e-16	1.00e-12	7.25e-10	2.20e-07	3.99e-05	1.71e-02	2.23e-01	7.60e-01
 8.04075e+21	0.00e+00	0.00e+00	7.63e-30	1.83e-24	7.16e-20	5.71e-16	1.23e-12	8.61e-10	2.51e-07	4.40e-05	1.82e-02	2.29e-01	7.53e-01
 8.21703e+21	0.00e+00	0.00e+00	1.12e-29	2.58e-24	9.72e-20	7.45e-16	1.55e-12	1.04e-09	2.92e-07	4.91e-05	1.95e-02	2.36e-01	7.45e-01
 8.41230e+21	0.00e+00	0.00e+00	1.71e-29	3.76e-24	1.36e-19	9.96e-16	1.99e-12	1.29e-09	3.44e-07	5.53e-05	2.10e-02	2.43e-01	7.36e-01
 8.59325e+21	0.00e+00	0.00e+00	2.50e-29	5.29e-24	1.83e-19	1.30e-15	2.50e-12	1.56e-09	3.99e-07	6.16e-05	2.25e-02	2.50e-01	7.28e-01
 8.78945e+21	0.00e+00	0.00e+00	3.74e-29	7.58e-24	2.52e-19	1.71e-15	3.18e-12	1.90e-09	4.67e-07	6.90e-05	2.41e-02	2.57e-01	7.19e-01
 8.99556e+21	0.00e+00	0.00e+00	5.68e-29	1.10e-23	3.51e-19	2.29e-15	4.08e-12	2.34e-09	5.49e-07	7.75e-05	2.59e-02	2.65e-01	7.09e-01
 9.17046e+21	0.00e+00	0.00e+00	8.03e-29	1.50e-23	4.63e-19	2.91e-15	5.02e-12	2.78e-09	6.29e-07	8.55e-05	2.76e-02	2.71e-01	7.01e-01
 9.35374e+21	0.00e+00	0.00e+00	1.15e-28	2.07e-23	6.13e-19	3.72e-15	6.21e-12	3.32e-09	7.21e-07	9.44e-05	2.93e-02	2.78e-01	6.93e-01
 9.59201e+21	0.00e+00	0.00e+00	1.80e-28	3.10e-23	8.76e-19	5.08e-15	8.13e-12	4.16e-09	8.60e-07	1.07e-04	3.17e-02	2.87e-01	6.81e-01
 9.83469e+21	0.00e+00	0.00e+00	2.83e-28	4.65e-23	1.26e-18	6.96e-15	1.07e-11	5.21e-09	1.03e-06	1.22e-04	3.43e-02	2.96e-01	6.70e-01
 1.00284e+22	0.00e+00	0.00e+00	4.04e-28	6.39e-23	1.66e-18	8.90e-15	1.32e-11	6.22e-09	1.18e-06	1.34e-04	3.64e-02	3.02e-01	6.61e-01
 1.02256e+22	0.00e+00	0.00e+00	5.74e-28	8.76e-23	2.20e-18	1.14e-14	1.63e-11	7.41e-09	1.35e-06	1.48e-04	3.86e-02	3.09e-01	6.52e-01
 1.04820e+22	0.00e+00	0.00e+00	8.99e-28	1.31e-22	3.14e-18	1.55e-14	2.13e-11	9.26e-09	1.60e-06	1.68e-04	4.17e-02	3.18e-01	6.40e-01
 1.07466e+22	0.00e+00	0.00e+00	1.42e-27	1.97e-22	4.51e-18	2.13e-14	2.79e-11	1.16e-08	1.92e-06	1.90e-04	4.50e-02	3.27e-01	6.27e-01
 1.09472e+22	0.00e+00	0.00e+00	2.00e-27	2.68e-22	5.92e-18	2.69e-14	3.43e-11	1.38e-08	2.19e-06	2.09e-04	4.76e-02	3.34e-01	6.18e-01
 1.11045e+22	0.00e+00	0.00e+00	2.59e-27	3.38e-22	7.27e-18	3.22e-14	4.00e-11	1.57e-08	2.42e-06	2.24e-04	4.97e-02	3.39e-01	6.11e-01
 1.12805e+22	0.00e+00	0.00e+00	3.47e-27	4.40e-22	9.17e-18	3.95e-14	4.76e-11	1.81e-08	2.71e-06	2.43e-04	5.22e-02	3.45e-01	6.02e-01
 1.15092e+22	0.00e+00	0.00e+00	4.97e-27	6.07e-22	1.22e-17	5.06e-14	5.90e-11	2.17e-08	3.11e-06	2.68e-04	5.54e-02	3.53e-01	5.92e-01
 1.17578e+22	0.00e+00	0.00e+00	7.46e-27	8.73e-22	1.68e-17	6.71e-14	7.52e-11	2.65e-08	3.63e-06	3.00e-04	5.92e-02	3.61e-01	5.80e-01
 1.19736e+22	0.00e+00	6.64e-33	1.05e-26	1.18e-21	2.20e-17	8.48e-14	9.22e-11	3.14e-08	4.14e-06	3.29e-04	6.25e-02	3.67e-01	5.70e-01
 1.21665e+22	0.00e+00	9.24e-33	1.41e-26	1.55e-21	2.80e-17	1.04e-13	1.10e-10	3.65e-08	4.65e-06	3.56e-04	6.56e-02	3.73e-01	5.61e-01
 1.23543e+22	0.00e+00	1.26e-32	1.88e-26	2.00e-21	3.51e-17	1.27e-13	1.31e-10	4.20e-08	5.19e-06	3.85e-04	6.87e-02	3.79e-01	5.52e-01
 1.25647e+22	0.00e+00	1.78e-32	2.56e-26	2.64e-21	4.48e-17	1.58e-13	1.57e-10	4.90e-08	5.84e-06	4.19e-04	7.22e-02	3.85e-01	5.42e-01
 1.27948e+22	0.00e+00	2.61e-32	3.63e-26	3.61e-21	5.91e-17	2.01e-13	1.94e-10	5.83e-08	6.68e-06	4.60e-04	7.63e-02	3.92e-01	5.32e-01
 1.29979e+22	0.00e+00	3.62e-32	4.90e-26	4.72e-21	7.50e-17	2.47e-13	2.32e-10	6.76e-08	7.50e-06	4.99e-04	8.00e-02	3.97e-01	5.22e-01
 1.31802e+22	0.00e+00	4.85e-32	6.39e-26	5.99e-21	9.26e-17	2.97e-13	2.72e-10	7.71e-08	8.30e-06	5.35e-04	8.33e-02	4.02e-01	5.14e-01
 1.33883e+22	0.00e+00	6.67e-32	8.54e-26	7.78e-21	1.17e-16	3.63e-13	3.23e-10	8.91e-08	9.28e-06	5.78e-04	8.72e-02	4.08e-01	5.05e-01
 1.36082e+22	0.00e+00	9.46e-32	1.17e-25	1.03e-20	1.50e-16	4.53e-13	3.91e-10	1.04e-07	1.05e-05	6.30e-04	9.16e-02	4.13e-01	4.94e-01
 1.37913e+22	0.00e+00	1.26e-31	1.52e-25	1.30e-20	1.84e-16	5.42e-13	4.57e-10	1.19e-07	1.16e-05	6.75e-04	9.53e-02	4.18e-01	4.86e-01
 1.39771e+22	0.00e+00	1.67e-31	1.96e-25	1.64e-20	2.26e-16	6.47e-13	5.33e-10	1.35e-07	1.28e-05	7.22e-04	9.91e-02	4.23e-01	4.78e-01
 1.42186e+22	0.00e+00	2.39e-31	2.72e-25	2.20e-20	2.93e-16	8.12e-13	6.48e-10	1.59e-07	1.45e-05	7.88e-04	1.04e-01	4.28e-01	4.67e-01
 1.44623e+22	0.00e+00	3.44e-31	3.80e-25	2.97e-20	3.82e-16	1.02e-12	7.92e-10	1.87e-07	1.65e-05	8.60e-04	1.09e-01	4.34e-01	4.56e-01
 1.46531e+22	0.00e+00	4.55e-31	4.91e-25	3.74e-20	4.69e-16	1.22e-12	9.24e-10	2.13e-07	1.82e-05	9.21e-04	1.14e-01	4.38e-01	4.47e-01
 1.48452e+22	0.00e+00	6.01e-31	6.32e-25	4.69e-20	5.74e-16	1.46e-12	1.08e-09	2.42e-07	2.00e-05	9.84e-04	1.18e-01	4.42e-01	4.39e-01
 1.50949e+22	0.00e+00	8.59e-31	8.75e-25	6.29e-20	7.43e-16	1.83e-12	1.31e-09	2.85e-07	2.27e-05	1.07e-03	1.24e-01	4.47e-01	4.28e-01
 1.53382e+22	0.00e+00	1.22e-30	1.20e-24	8.38e-20	9.59e-16	2.28e-12	1.59e-09	3.34e-07	2.56e-05	1.17e-03	1.30e-01	4.52e-01	4.17e-01
 1.55170e+22	0.00e+00	1.57e-30	1.52e-24	1.03e-19	1.15e-15	2.69e-12	1.82e-09	3.75e-07	2.80e-05	1.24e-03	1.34e-01	4.55e-01	4.10e-01
 1.56931e+22	0.00e+00	2.00e-30	1.90e-24	1.26e-19	1.38e-15	3.14e-12	2.09e-09	4.19e-07	3.05e-05	1.31e-03	1.39e-01	4.58e-01	4.02e-01
 1.59222e+22	0.00e+00	2.74e-30	2.52e-24	1.63e-19	1.73e-15	3.83e-12	2.48e-09	4.84e-07	3.41e-05	1.41e-03	1.44e-01	4.62e-01	3.92e-01
 1.61644e+22	0.00e+00	3.82e-30	3.42e-24	2.15e-19	2.21e-15	4.74e-12	2.98e-09	5.64e-07	3.83e-05	1.53e-03	1.51e-01	4.65e-01	3.82e-01
 1.63696e+22	0.00e+00	5.06e-30	4.42e-24	2.70e-19	2.71e-15	5.66e-12	3.48e-09	6.42e-07	4.23e-05	1.64e-03	1.56e-01	4.68e-01	3.74e-01
 1.65824e+22	0.00e+00	6.71e-30	5.73e-24	3.41e-19	3.34e-15	6.79e-12	4.08e-09	7.31e-07	4.67e-05	1.75e-03	1.62e-01	4.71e-01	3.65e-01
 1.68221e+22	0.00e+00	9.22e-30	7.67e-24	4.44e-19	4.22e-15	8.33e-12	4.87e-09	8.47e-07	5.23e-05	1.89e-03	1.69e-01	4.74e-01	3.55e-01
 1.70465e+22	0.00e+00	1.24e-29	1.01e-23	5.68e-19	5.25e-15	1.01e-11	5.74e-09	9.72e-07	5.81e-05	2.03e-03	1.75e-01	4.77e-01	3.46e-01
 1.72440e+22	0.00e+00	1.61e-29	1.27e-23	7.03e-19	6.35e-15	1.19e-11	6.64e-09	1.10e-06	6.36e-05	2.15e-03	1.81e-01	4.79e-01	3.38e-01
 1.74569e+22	0.00e+00	2.11e-29	1.64e-23	8.82e-19	7.77e-15	1.42e-11	7.74e-09	1.24e-06	7.01e-05	2.30e-03	1.87e-01	4.81e-01	3.30e-01
 1.76971e+22	0.00e+00	2.87e-29	2.17e-23	1.14e-18	9.76e-15	1.73e-11	9.20e-09	1.44e-06	7.83e-05	2.47e-03	1.94e-01	4.83e-01	3.20e-01
 1.79172e+22	0.00e+00	3.79e-29	2.81e-23	1.44e-18	1.20e-14	2.08e-11	1.08e-08	1.64e-06	8.65e-05	2.64e-03	2.01e-01	4.85e-01	3.11e-01
 1.81110e+22	0.00e+00	4.84e-29	3.52e-23	1.76e-18	1.44e-14	2.44e-11	1.24e-08	1.84e-06	9.44e-05	2.80e-03	2.07e-01	4.86e-01	3.04e-01
 1.83262e+22	0.00e+00	6.31e-29	4.49e-23	2.20e-18	1.76e-14	2.90e-11	1.44e-08	2.08e-06	1.04e-04	2.98e-03	2.14e-01	4.87e-01	2.96e-01
 1.86060e+22	0.00e+00	8.87e-29	6.15e-23	2.93e-18	2.27e-14	3.63e-11	1.75e-08	2.45e-06	1.18e-04	3.23e-03	2.23e-01	4.88e-01	2.86e-01
 1.88837e+22	0.00e+00	1.25e-28	8.47e-23	3.91e-18	2.95e-14	4.56e-11	2.13e-08	2.89e-06	1.33e-04	3.51e-03	2.33e-01	4.89e-01	2.75e-01
 1.90922e+22	0.00e+00	1.61e-28	1.07e-22	4.84e-18	3.56e-14	5.38e-11	2.46e-08	3.26e-06	1.46e-04	3.72e-03	2.40e-01	4.89e-01	2.67e-01
 1.92969e+22	0.00e+00	2.04e-28	1.33e-22	5.91e-18	4.26e-14	6.29e-11	2.82e-08	3.65e-06	1.59e-04	3.94e-03	2.46e-01	4.89e-01	2.60e-01
 1.95631e+22	0.00e+00	2.78e-28	1.77e-22	7.68e-18	5.39e-14	7.73e-11	3.38e-08	4.24e-06	1.78e-04	4.24e-03	2.55e-01	4.89e-01	2.51e-01
 1.98422e+22	0.00e+00	3.84e-28	2.40e-22	1.01e-17	6.91e-14	9.61e-11	4.08e-08	4.96e-06	2.01e-04	4.58e-03	2.65e-01	4.89e-01	2.41e-01
 2.00758e+22	0.00e+00	5.04e-28	3.09e-22	1.28e-17	8.52e-14	1.15e-10	4.79e-08	5.67e-06	2.23e-04	4.89e-03	2.74e-01	4.88e-01	2.33e-01
 2.02846e+22	0.00e+00	6.34e-28	3.83e-22	1.55e-17	1.02e-13	1.35e-10	5.49e-08	6.34e-06	2.43e-04	5.17e-03	2.81e-01	4.87e-01	2.27e-01
 2.05238e+22	0.00e+00	8.24e-28	4.90e-22	1.95e-17	1.25e-13	1.61e-10	6.41e-08	7.21e-06	2.68e-04	5.50e-03	2.89e-01	4.86e-01	2.19e-01
 2.08348e+22	0.00e+00	1.15e-27	6.70e-22	2.60e-17	1.62e-13	2.02e-10	7.82e-08	8.51e-06	3.04e-04	5.96e-03	3.00e-01	4.84e-01	2.09e-01
 2.11498e+22	0.00e+00	1.61e-27	9.21e-22	3.48e-17	2.11e-13	2.55e-10	9.58e-08	1.01e-05	3.45e-04	6.47e-03	3.12e-01	4.81e-01	2.00e-01
 2.14005e+22	7.56e-33	2.09e-27	1.18e-21	4.37e-17	2.59e-13	3.06e-10	1.12e-07	1.15e-05	3.82e-04	6.90e-03	3.21e-01	4.79e-01	1.92e-01
 2.16566e+22	1.02e-32	2.71e-27	1.51e-21	5.48e-17	3.18e-13	3.66e-10	1.31e-07	1.31e-05	4.22e-04	7.35e-03	3.30e-01	4.77e-01	1.85e-01
 2.19417e+22	1.43e-32	3.60e-27	1.97e-21	7.03e-17	3.99e-13	4.47e-10	1.56e-07	1.51e-05	4.71e-04	7.88e-03	3.41e-01	4.74e-01	1.77e-01
 2.22014e+22	1.93e-32	4.63e-27	2.51e-21	8.80e-17	4.89e-13	5.34e-10	1.82e-07	1.72e-05	5.20e-04	8.39e-03	3.50e-01	4.70e-01	1.70e-01
 2.24357e+22	2.51e-32	5.79e-27	3.10e-21	1.07e-16	5.85e-13	6.25e-10	2.09e-07	1.93e-05	5.68e-04	8.86e-03	3.59e-01	4.68e-01	1.64e-01
 2.26998e+22	3.35e-32	7.37e-27	3.91e-21	1.33e-16	7.11e-13	7.42e-10	2.43e-07	2.19e-05	6.24e-04	9.40e-03	3.68e-01	4.64e-01	1.58e-01
 2.30432e+22	4.81e-32	1.00e-26	5.23e-21	1.75e-16	9.13e-13	9.23e-10	2.94e-07	2.56e-05	7.04e-04	1.01e-02	3.80e-01	4.59e-01	1.50e-01
 2.33888e+22	6.90e-32	1.35e-26	7.01e-21	2.29e-16	1.17e-12	1.15e-09	3.56e-07	3.00e-05	7.95e-04	1.09e-02	3.92e-01	4.54e-01	1.42e-01
 2.36592e+22	9.08e-32	1.70e-26	8.75e-21	2.82e-16	1.42e-12	1.36e-09	4.11e-07	3.38e-05	8.72e-04	1.16e-02	4.01e-01	4.50e-01	1.36e-01
 2.39329e+22	1.18e-31	2.13e-26	1.08e-20	3.45e-16	1.70e-12	1.59e-09	4.73e-07	3.80e-05	9.53e-04	1.23e-02	4.11e-01	4.45e-01	1.31e-01
 2.42888e+22	1.65e-31	2.81e-26	1.42e-20	4.44e-16	2.15e-12	1.95e-09	5.64e-07	4.40e-05	1.07e-03	1.31e-02	4.22e-01	4.40e-01	1.24e-01
 2.46642e+22	2.33e-31	3.75e-26	1.88e-20	5.79e-16	2.74e-12	2.41e-09	6.79e-07	5.13e-05	1.20e-03	1.41e-02	4.34e-01	4.33e-01	1.17e-01
 2.49823e+22	3.10e-31	4.75e-26	2.37e-20	7.20e-16	3.34e-12	2.88e-09	7.90e-07	5.81e-05	1.32e-03	1.50e-02	4.44e-01	4.28e-01	1.12e-01
 2.53133e+22	4.10e-31	6.00e-26	2.97e-20	8.92e-16	4.07e-12	3.42e-09	9.18e-07	6.58e-05	1.45e-03	1.59e-02	4.54e-01	4.22e-01	1.06e-01
 2.57437e+22	5.82e-31	8.03e-26	3.95e-20	1.17e-15	5.21e-12	4.24e-09	1.11e-06	7.69e-05	1.64e-03	1.71e-02	4.67e-01	4.14e-01	9.98e-02
 2.61847e+22	8.30e-31	1.08e-25	5.28e-20	1.54e-15	6.70e-12	5.29e-09	1.34e-06	9.01e-05	1.85e-03	1.85e-02	4.80e-01	4.06e-01	9.35e-02
 2.65253e+22	1.08e-30	1.34e-25	6.56e-20	1.89e-15	8.09e-12	6.24e-09	1.55e-06	1.01e-04	2.02e-03	1.95e-02	4.89e-01	4.00e-01	8.89e-02
 2.68021e+22	1.33e-30	1.59e-25	7.77e-20	2.22e-15	9.39e-12	7.10e-09	1.73e-06	1.11e-04	2.17e-03	2.04e-02	4.97e-01	3.95e-01	8.54e-02
 2.71102e+22	1.66e-30	1.91e-25	9.30e-20	2.63e-15	1.10e-11	8.14e-09	1.94e-06	1.22e-04	2.33e-03	2.13e-02	5.04e-01	3.90e-01	8.19e-02
 2.75107e+22	2.20e-30	2.41e-25	1.17e-19	3.27e-15	1.34e-11	9.70e-09	2.26e-06	1.39e-04	2.57e-03	2.26e-02	5.15e-01	3.83e-01	7.74e-02
 2.79349e+22	2.94e-30	3.07e-25	1.49e-19	4.10e-15	1.65e-11	1.16e-08	2.65e-06	1.58e-04	2.84e-03	2.40e-02	5.25e-01	3.75e-01	7.30e-02
 2.82997e+22	3.75e-30	3.76e-25	1.81e-19	4.96e-15	1.97e-11	1.36e-08	3.03e-06	1.77e-04	3.09e-03	2.53e-02	5.34e-01	3.69e-01	6.93e-02
 2.86834e+22	4.77e-30	4.59e-25	2.21e-19	5.99e-15	2.35e-11	1.58e-08	3.45e-06	1.96e-04	3.35e-03	2.66e-02	5.42e-01	3.62e-01	6.59e-02
 2.91822e+22	6.48e-30	5.91e-25	2.85e-19	7.61e-15	2.92e-11	1.92e-08	4.07e-06	2.25e-04	3.71e-03	2.83e-02	5.52e-01	3.54e-01	6.17e-02
 2.96907e+22	8.81e-30	7.63e-25	3.67e-19	9.69e-15	3.65e-11	2.33e-08	4.81e-06	2.58e-04	4.12e-03	3.01e-02	5.63e-01	3.45e-01	5.76e-02
 3.00988e+22	1.12e-29	9.30e-25	4.47e-19	1.17e-14	4.34e-11	2.70e-08	5.48e-06	2.87e-04	4.47e-03	3.16e-02	5.71e-01	3.38e-01	5.46e-02
 3.04464e+22	1.36e-29	1.09e-24	5.26e-19	1.37e-14	5.01e-11	3.06e-08	6.10e-06	3.13e-04	4.78e-03	3.29e-02	5.77e-01	3.32e-01	5.22e-02
 3.08284e+22	1.68e-29	1.30e-24	6.24e-19	1.61e-14	5.82e-11	3.49e-08	6.82e-06	3.44e-04	5.12e-03	3.44e-02	5.84e-01	3.26e-01	4.97e-02
 3.13249e+22	2.18e-29	1.61e-24	7.75e-19	1.98e-14	7.04e-11	4.12e-08	7.87e-06	3.86e-04	5.59e-03	3.62e-02	5.92e-01	3.19e-01	4.68e-02
 3.18409e+22	2.86e-29	2.02e-24	9.69e-19	2.45e-14	8.57e-11	4.89e-08	9.11e-06	4.35e-04	6.12e-03	3.82e-02	6.01e-01	3.11e-01	4.38e-02
 3.22677e+22	3.55e-29	2.42e-24	1.16e-18	2.91e-14	1.01e-10	5.62e-08	1.03e-05	4.80e-04	6.59e-03	4.00e-02	6.08e-01	3.04e-01	4.15e-02
 3.27082e+22	4.39e-29	2.89e-24	1.39e-18	3.44e-14	1.17e-10	6.42e-08	1.15e-05	5.26e-04	7.06e-03	4.16e-02	6.14e-01	2.98e-01	3.95e-02
 3.32809e+22	5.75e-29	3.62e-24	1.73e-18	4.26e-14	1.43e-10	7.61e-08	1.33e-05	5.92e-04	7.72e-03	4.39e-02	6.21e-01	2.90e-01	3.69e-02
 3.38767e+22	7.60e-29	4.57e-24	2.19e-18	5.31e-14	1.75e-10	9.08e-08	1.55e-05	6.69e-04	8.46e-03	4.63e-02	6.29e-01	2.81e-01	3.44e-02
 3.43724e+22	9.51e-29	5.51e-24	2.64e-18	6.35e-14	2.06e-10	1.05e-07	1.75e-05	7.39e-04	9.11e-03	4.84e-02	6.35e-01	2.74e-01	3.24e-02
 3.48867e+22	1.19e-28	6.65e-24	3.17e-18	7.57e-14	2.42e-10	1.20e-07	1.97e-05	8.13e-04	9.78e-03	5.04e-02	6.40e-01	2.68e-01	3.07e-02
 3.55554e+22	1.57e-28	8.43e-24	4.01e-18	9.46e-14	2.96e-10	1.44e-07	2.28e-05	9.17e-04	1.07e-02	5.32e-02	6.47e-01	2.60e-01	2.85e-02
 3.62498e+22	2.10e-28	1.08e-23	5.11e-18	1.19e-13	3.65e-10	1.72e-07	2.67e-05	1.04e-03	1.17e-02	5.61e-02	6.54e-01	2.51e-01	2.64e-02
 3.67986e+22	2.63e-28	1.30e-23	6.17e-18	1.42e-13	4.30e-10	1.98e-07	3.00e-05	1.14e-03	1.26e-02	5.84e-02	6.58e-01	2.45e-01	2.49e-02
 3.72625e+22	3.15e-28	1.52e-23	7.19e-18	1.64e-13	4.91e-10	2.23e-07	3.31e-05	1.24e-03	1.34e-02	6.04e-02	6.62e-01	2.39e-01	2.37e-02
 3.77952e+22	3.86e-28	1.81e-23	8.52e-18	1.93e-13	5.69e-10	2.53e-07	3.69e-05	1.35e-03	1.42e-02	6.27e-02	6.66e-01	2.33e-01	2.24e-02
 3.84876e+22	4.99e-28	2.26e-23	1.06e-17	2.37e-13	6.83e-10	2.96e-07	4.20e-05	1.50e-03	1.54e-02	6.54e-02	6.70e-01	2.26e-01	2.10e-02
 3.92447e+22	6.57e-28	2.86e-23	1.34e-17	2.95e-13	8.36e-10	3.53e-07	4.88e-05	1.69e-03	1.68e-02	6.88e-02	6.75e-01	2.18e-01	1.94e-02
 3.99159e+22	8.35e-28	3.52e-23	1.64e-17	3.58e-13	9.94e-10	4.10e-07	5.53e-05	1.86e-03	1.80e-02	7.17e-02	6.79e-01	2.12e-01	1.81e-02
 4.06183e+22	1.06e-27	4.34e-23	2.01e-17	4.33e-13	1.18e-09	4.75e-07	6.26e-05	2.06e-03	1.94e-02	7.46e-02	6.82e-01	2.05e-01	1.70e-02
 4.15315e+22	1.43e-27	5.62e-23	2.59e-17	5.50e-13	1.47e-09	5.73e-07	7.33e-05	2.33e-03	2.12e-02	7.84e-02	6.85e-01	1.97e-01	1.56e-02
 4.24811e+22	1.95e-27	7.40e-23	3.38e-17	7.06e-13	1.84e-09	6.97e-07	8.62e-05	2.65e-03	2.33e-02	8.26e-02	6.88e-01	1.89e-01	1.42e-02
 4.32787e+22	2.51e-27	9.26e-23	4.20e-17	8.65e-13	2.21e-09	8.16e-07	9.84e-05	2.94e-03	2.51e-02	8.60e-02	6.90e-01	1.82e-01	1.32e-02
 4.39828e+22	3.11e-27	1.12e-22	5.05e-17	1.03e-12	2.59e-09	9.33e-07	1.10e-04	3.21e-03	2.67e-02	8.90e-02	6.92e-01	1.77e-01	1.24e-02
 4.47644e+22	3.91e-27	1.37e-22	6.16e-17	1.24e-12	3.06e-09	1.08e-06	1.24e-04	3.53e-03	2.86e-02	9.24e-02	6.93e-01	1.71e-01	1.16e-02
 4.57806e+22	5.23e-27	1.79e-22	7.93e-17	1.56e-12	3.77e-09	1.29e-06	1.44e-04	3.97e-03	3.10e-02	9.65e-02	6.94e-01	1.64e-01	1.07e-02
 4.68567e+22	7.04e-27	2.35e-22	1.03e-16	2.00e-12	4.71e-09	1.56e-06	1.69e-04	4.49e-03	3.39e-02	1.01e-01	6.94e-01	1.56e-01	9.70e-03
 4.77327e+22	8.91e-27	2.92e-22	1.27e-16	2.43e-12	5.62e-09	1.82e-06	1.91e-04	4.96e-03	3.64e-02	1.05e-01	6.94e-01	1.51e-01	9.00e-03
 4.84735e+22	1.08e-26	3.49e-22	1.51e-16	2.86e-12	6.49e-09	2.05e-06	2.12e-04	5.37e-03	3.85e-02	1.08e-01	6.93e-01	1.46e-01	8.46e-03
 4.93168e+22	1.33e-26	4.25e-22	1.82e-16	3.40e-12	7.60e-09	2.35e-06	2.37e-04	5.86e-03	4.09e-02	1.12e-01	6.92e-01	1.41e-01	7.91e-03
 5.04131e+22	1.74e-26	5.44e-22	2.31e-16	4.24e-12	9.25e-09	2.78e-06	2.72e-04	6.52e-03	4.41e-02	1.16e-01	6.91e-01	1.35e-01	7.26e-03
 5.15834e+22	2.28e-26	7.04e-22	2.96e-16	5.35e-12	1.14e-08	3.33e-06	3.16e-04	7.33e-03	4.78e-02	1.21e-01	6.88e-01	1.29e-01	6.61e-03
 5.25836e+22	2.85e-26	8.75e-22	3.65e-16	6.50e-12	1.36e-08	3.87e-06	3.57e-04	8.06e-03	5.11e-02	1.25e-01	6.86e-01	1.23e-01	6.10e-03
 5.36175e+22	3.55e-26	1.08e-21	4.47e-16	7.86e-12	1.61e-08	4.48e-06	4.03e-04	8.85e-03	5.45e-02	1.29e-01	6.83e-01	1.18e-01	5.64e-03
 5.49616e+22	4.68e-26	1.42e-21	5.80e-16	9.99e-12	2.00e-08	5.37e-06	4.68e-04	9.93e-03	5.90e-02	1.34e-01	6.79e-01	1.12e-01	5.12e-03
 5.63568e+22	6.14e-26	1.86e-21	7.53e-16	1.28e-11	2.50e-08	6.50e-06	5.48e-04	1.12e-02	6.42e-02	1.40e-01	6.73e-01	1.06e-01	4.60e-03
 5.74940e+22	7.58e-26	2.31e-21	9.26e-16	1.55e-11	2.97e-08	7.54e-06	6.19e-04	1.23e-02	6.84e-02	1.45e-01	6.69e-01	1.01e-01	4.22e-03
 5.86477e+22	9.27e-26	2.84e-21	1.13e-15	1.87e-11	3.51e-08	8.70e-06	6.96e-04	1.35e-02	7.28e-02	1.49e-01	6.64e-01	9.67e-02	3.89e-03
 6.01475e+22	1.19e-25	3.70e-21	1.45e-15	2.36e-11	4.33e-08	1.04e-05	8.05e-04	1.51e-02	7.84e-02	1.54e-01	6.57e-01	9.14e-02	3.51e-03
 6.16373e+22	1.50e-25	4.74e-21	1.85e-15	2.97e-11	5.34e-08	1.25e-05	9.34e-04	1.69e-02	8.48e-02	1.60e-01	6.48e-01	8.58e-02	3.14e-03
 6.27427e+22	1.78e-25	5.73e-21	2.21e-15	3.51e-11	6.20e-08	1.41e-05	1.04e-03	1.83e-02	8.94e-02	1.64e-01	6.42e-01	8.22e-02	2.91e-03
 6.38083e+22	2.07e-25	6.75e-21	2.60e-15	4.08e-11	7.12e-08	1.59e-05	1.14e-03	1.97e-02	9.40e-02	1.67e-01	6.36e-01	7.88e-02	2.70e-03
 6.51936e+22	2.49e-25	8.28e-21	3.16e-15	4.91e-11	8.42e-08	1.84e-05	1.28e-03	2.15e-02	9.97e-02	1.72e-01	6.28e-01	7.48e-02	2.46e-03
 6.67283e+22	3.03e-25	1.04e-20	3.93e-15	6.04e-11	1.02e-07	2.16e-05	1.46e-03	2.38e-02	1.07e-01	1.77e-01	6.19e-01	7.04e-02	2.21e-03
 6.81207e+22	3.58e-25	1.27e-20	4.77e-15	7.25e-11	1.20e-07	2.48e-05	1.64e-03	2.59e-02	1.13e-01	1.81e-01	6.10e-01	6.66e-02	2.01e-03
 6.93908e+22	4.13e-25	1.51e-20	5.62e-15	8.48e-11	1.38e-07	2.81e-05	1.81e-03	2.80e-02	1.19e-01	1.85e-01	6.01e-01	6.34e-02	1.85e-03
 7.08383e+22	4.82e-25	1.82e-20	6.75e-15	1.01e-10	1.62e-07	3.21e-05	2.02e-03	3.03e-02	1.25e-01	1.89e-01	5.92e-01	6.01e-02	1.69e-03
 7.27199e+22	5.75e-25	2.28e-20	8.38e-15	1.24e-10	1.96e-07	3.78e-05	2.31e-03	3.35e-02	1.34e-01	1.94e-01	5.79e-01	5.60e-02	1.50e-03
 7.46762e+22	6.88e-25	2.90e-20	1.06e-14	1.55e-10	2.40e-07	4.50e-05	2.65e-03	3.73e-02	1.43e-01	1.99e-01	5.65e-01	5.18e-02	1.32e-03
 7.62819e+22	7.86e-25	3.51e-20	1.27e-14	1.85e-10	2.81e-07	5.15e-05	2.96e-03	4.05e-02	1.51e-01	2.03e-01	5.53e-01	4.86e-02	1.19e-03
 7.79215e+22	8.93e-25	4.17e-20	1.50e-14	2.17e-10	3.26e-07	5.86e-05	3.29e-03	4.37e-02	1.58e-01	2.07e-01	5.41e-01	4.58e-02	1.07e-03
 8.00531e+22	1.04e-24	5.18e-20	1.84e-14	2.65e-10	3.92e-07	6.86e-05	3.73e-03	4.80e-02	1.68e-01	2.11e-01	5.26e-01	4.23e-02	9.45e-04
 8.23389e+22	1.19e-24	6.54e-20	2.30e-14	3.29e-10	4.79e-07	8.14e-05	4.28e-03	5.31e-02	1.79e-01	2.16e-01	5.09e-01	3.87e-02	8.19e-04
 8.42999e+22	1.33e-24	7.91e-20	2.76e-14	3.94e-10	5.66e-07	9.40e-05	4.80e-03	5.77e-02	1.88e-01	2.19e-01	4.93e-01	3.58e-02	7.23e-04
 8.60466e+22	1.46e-24	9.33e-20	3.22e-14	4.57e-10	6.50e-07	1.06e-04	5.26e-03	6.18e-02	1.96e-01	2.22e-01	4.81e-01	3.36e-02	6.53e-04
 8.80398e+22	1.62e-24	1.11e-19	3.78e-14	5.35e-10	7.52e-07	1.20e-04	5.81e-03	6.64e-02	2.05e-01	2.24e-01	4.66e-01	3.12e-02	5.82e-04
 9.06308e+22	1.81e-24	1.36e-19	4.60e-14	6.49e-10	9.00e-07	1.40e-04	6.56e-03	7.25e-02	2.16e-01	2.27e-01	4.49e-01	2.85e-02	5.04e-04
 9.32912e+22	2.03e-24	1.72e-19	5.68e-14	7.99e-10	1.09e-06	1.65e-04	7.47e-03	7.95e-02	2.28e-01	2.30e-01	4.29e-01	2.57e-02	4.30e-04
 9.53746e+22	2.21e-24	2.04e-19	6.66e-14	9.34e-10	1.26e-06	1.87e-04	8.23e-03	8.51e-02	2.37e-01	2.32e-01	4.14e-01	2.38e-02	3.80e-04
 9.74162e+22	2.37e-24	2.38e-19	7.64e-14	1.07e-09	1.43e-06	2.08e-04	8.95e-03	9.02e-02	2.45e-01	2.33e-01	4.01e-01	2.21e-02	3.41e-04
 1.00070e+23	2.58e-24	2.87e-19	9.06e-14	1.26e-09	1.67e-06	2.37e-04	9.90e-03	9.67e-02	2.55e-01	2.34e-01	3.84e-01	2.02e-02	2.98e-04
 1.03041e+23	2.84e-24	3.57e-19	1.10e-13	1.53e-09	1.99e-06	2.76e-04	1.11e-02	1.05e-01	2.66e-01	2.35e-01	3.65e-01	1.82e-02	2.53e-04
 1.05694e+23	3.09e-24	4.35e-19	1.30e-13	1.81e-09	2.33e-06	3.15e-04	1.23e-02	1.12e-01	2.75e-01	2.35e-01	3.48e-01	1.65e-02	2.19e-04
 1.07962e+23	3.31e-24	5.13e-19	1.51e-13	2.07e-09	2.64e-06	3.50e-04	1.33e-02	1.18e-01	2.83e-01	2.35e-01	3.35e-01	1.53e-02	1.95e-04
 1.10459e+23	3.56e-24	6.03e-19	1.73e-13	2.37e-09	2.99e-06	3.89e-04	1.44e-02	1.25e-01	2.90e-01	2.35e-01	3.22e-01	1.41e-02	1.73e-04
 1.13706e+23	3.89e-24	7.40e-19	2.06e-13	2.81e-09	3.49e-06	4.43e-04	1.59e-02	1.33e-01	2.99e-01	2.34e-01	3.05e-01	1.27e-02	1.49e-04
 1.17306e+23	4.33e-24	9.42e-19	2.53e-13	3.41e-09	4.16e-06	5.13e-04	1.77e-02	1.42e-01	3.09e-01	2.32e-01	2.87e-01	1.13e-02	1.25e-04
 1.20555e+23	4.79e-24	1.17e-18	3.03e-13	4.05e-09	4.87e-06	5.85e-04	1.95e-02	1.51e-01	3.17e-01	2.31e-01	2.71e-01	1.02e-02	1.07e-04
 1.23456e+23	5.23e-24	1.41e-18	3.55e-13	4.69e-09	5.55e-06	6.51e-04	2.10e-02	1.58e-01	3.24e-01	2.29e-01	2.58e-01	9.29e-03	9.40e-05
 1.26715e+23	5.69e-24	1.71e-18	4.14e-13	5.41e-09	6.31e-06	7.24e-04	2.27e-02	1.66e-01	3.30e-01	2.26e-01	2.46e-01	8.48e-03	8.24e-05
 1.30953e+23	6.36e-24	2.15e-18	5.02e-13	6.46e-09	7.38e-06	8.24e-04	2.49e-02	1.75e-01	3.37e-01	2.23e-01	2.31e-01	7.58e-03	7.01e-05
 1.35741e+23	7.33e-24	2.85e-18	6.33e-13	7.98e-09	8.89e-06	9.60e-04	2.78e-02	1.87e-01	3.45e-01	2.19e-01	2.14e-01	6.62e-03	5.77e-05
 1.40149e+23	8.43e-24	3.71e-18	7.86e-13	9.69e-09	1.05e-05	1.10e-03	3.06e-02	1.97e-01	3.51e-01	2.15e-01	1.99e-01	5.84e-03	4.83e-05
 1.44087e+23	9.48e-24	4.62e-18	9.40e-13	1.14e-08	1.21e-05	1.23e-03	3.31e-02	2.06e-01	3.56e-01	2.11e-01	1.87e-01	5.26e-03	4.17e-05
 1.48507e+23	1.05e-23	5.69e-18	1.11e-12	1.32e-08	1.38e-05	1.37e-03	3.56e-02	2.14e-01	3.60e-01	2.08e-01	1.76e-01	4.76e-03	3.63e-05
 1.54087e+23	1.20e-23	7.30e-18	1.37e-12	1.58e-08	1.61e-05	1.55e-03	3.88e-02	2.25e-01	3.64e-01	2.03e-01	1.64e-01	4.22e-03	3.07e-05
 1.60374e+23	1.41e-23	9.76e-18	1.73e-12	1.95e-08	1.92e-05	1.78e-03	4.27e-02	2.36e-01	3.68e-01	1.97e-01	1.51e-01	3.67e-03	2.53e-05
 1.66063e+23	1.66e-23	1.29e-17	2.17e-12	2.37e-08	2.26e-05	2.03e-03	4.66e-02	2.47e-01	3.70e-01	1.91e-01	1.39e-01	3.22e-03	2.11e-05
 1.70672e+23	1.87e-23	1.58e-17	2.57e-12	2.74e-08	2.55e-05	2.23e-03	4.97e-02	2.55e-01	3.72e-01	1.87e-01	1.31e-01	2.92e-03	1.85e-05
 1.75556e+23	2.07e-23	1.88e-17	2.97e-12	3.11e-08	2.83e-05	2.42e-03	5.26e-02	2.62e-01	3.73e-01	1.83e-01	1.24e-01	2.68e-03	1.63e-05
 1.81907e+23	2.26e-23	2.28e-17	3.47e-12	3.55e-08	3.16e-05	2.65e-03	5.58e-02	2.70e-01	3.74e-01	1.78e-01	1.17e-01	2.43e-03	1.44e-05
 1.89267e+23	2.59e-23	2.90e-17	4.24e-12	4.21e-08	3.64e-05	2.96e-03	6.01e-02	2.80e-01	3.74e-01	1.72e-01	1.08e-01	2.16e-03	1.22e-05
 1.96961e+23	2.93e-23	3.66e-17	5.12e-12	4.95e-08	4.16e-05	3.28e-03	6.44e-02	2.89e-01	3.74e-01	1.67e-01	1.01e-01	1.92e-03	1.04e-05
 2.04963e+23	3.26e-23	4.52e-17	6.10e-12	5.74e-08	4.70e-05	3.61e-03	6.85e-02	2.97e-01	3.74e-01	1.62e-01	9.39e-02	1.72e-03	9.01e-06
 2.13285e+23	3.56e-23	5.48e-17	7.15e-12	6.57e-08	5.25e-05	3.93e-03	7.25e-02	3.05e-01	3.73e-01	1.57e-01	8.80e-02	1.56e-03	7.88e-06
 2.21926e+23	3.86e-23	6.57e-17	8.30e-12	7.45e-08	5.82e-05	4.27e-03	7.65e-02	3.12e-01	3.71e-01	1.52e-01	8.26e-02	1.42e-03	6.93e-06
 2.30281e+23	4.22e-23	7.88e-17	9.64e-12	8.45e-08	6.45e-05	4.62e-03	8.05e-02	3.19e-01	3.70e-01	1.47e-01	7.76e-02	1.29e-03	6.11e-06
 2.37801e+23	4.44e-23	9.01e-17	1.08e-11	9.28e-08	6.97e-05	4.90e-03	8.37e-02	3.24e-01	3.68e-01	1.44e-01	7.39e-02	1.20e-03	5.56e-06
 2.44569e+23	4.68e-23	1.02e-16	1.19e-11	1.01e-07	7.46e-05	5.17e-03	8.66e-02	3.29e-01	3.67e-01	1.41e-01	7.08e-02	1.12e-03	5.09e-06
 2.50661e+23	4.87e-23	1.13e-16	1.29e-11	1.08e-07	7.90e-05	5.40e-03	8.91e-02	3.32e-01	3.66e-01	1.38e-01	6.82e-02	1.06e-03	4.74e-06
 2.56143e+23	4.97e-23	1.21e-16	1.37e-11	1.14e-07	8.24e-05	5.58e-03	9.11e-02	3.35e-01	3.65e-01	1.36e-01	6.63e-02	1.02e-03	4.48e-06
 2.61077e+23	5.05e-23	1.29e-16	1.45e-11	1.19e-07	8.54e-05	5.74e-03	9.27e-02	3.38e-01	3.64e-01	1.34e-01	6.47e-02	9.83e-04	4.27e-06
 2.65517e+23	5.10e-23	1.36e-16	1.51e-11	1.24e-07	8.80e-05	5.88e-03	9.41e-02	3.40e-01	3.63e-01	1.33e-01	6.34e-02	9.54e-04	4.11e-06
 2.69514e+23	5.11e-23	1.42e-16	1.57e-11	1.27e-07	9.02e-05	5.99e-03	9.53e-02	3.41e-01	3.62e-01	1.32e-01	6.23e-02	9.31e-04	3.98e-06
 2.73110e+23	5.13e-23	1.47e-16	1.61e-11	1.31e-07	9.21e-05	6.09e-03	9.63e-02	3.43e-01	3.62e-01	1.31e-01	6.14e-02	9.11e-04	3.87e-06
 2.76347e+23	5.14e-23	1.52e-16	1.66e-11	1.34e-07	9.39e-05	6.18e-03	9.73e-02	3.44e-01	3.61e-01	1.30e-01	6.06e-02	8.93e-04	3.77e-06
 2.79408e+23	5.07e-23	1.55e-16	1.68e-11	1.35e-07	9.48e-05	6.24e-03	9.78e-02	3.45e-01	3.61e-01	1.29e-01	6.01e-02	8.83e-04	3.71e-06
 2.82463e+23	4.98e-23	1.57e-16	1.70e-11	1.36e-07	9.55e-05	6.27e-03	9.82e-02	3.46e-01	3.60e-01	1.29e-01	5.97e-02	8.74e-04	3.67e-06
 2.85518e+23	4.90e-23	1.59e-16	1.72e-11	1.38e-07	9.64e-05	6.32e-03	9.87e-02	3.47e-01	3.60e-01	1.28e-01	5.92e-02	8.65e-04	3.62e-06
 2.88573e+23	4.82e-23	1.61e-16	1.74e-11	1.39e-07	9.71e-05	6.36e-03	9.92e-02	3.47e-01	3.60e-01	1.28e-01	5.88e-02	8.56e-04	3.57e-06
 2.91628e+23	4.73e-23	1.63e-16	1.75e-11	1.40e-07	9.78e-05	6.40e-03	9.96e-02	3.48e-01	3.60e-01	1.27e-01	5.84e-02	8.49e-04	3.53e-06
 2.94682e+23	4.63e-23	1.64e-16	1.76e-11	1.41e-07	9.83e-05	6.43e-03	9.99e-02	3.48e-01	3.59e-01	1.27e-01	5.81e-02	8.42e-04	3.50e-06
 2.97737e+23	4.51e-23	1.65e-16	1.77e-11	1.41e-07	9.86e-05	6.45e-03	1.00e-01	3.49e-01	3.59e-01	1.27e-01	5.78e-02	8.38e-04	3.48e-06
 3.00792e+23	4.40e-23	1.66e-16	1.77e-11	1.42e-07	9.89e-05	6.47e-03	1.00e-01	3.49e-01	3.59e-01	1.26e-01	5.76e-02	8.33e-04	3.45e-06
 3.03847e+23	4.30e-23	1.66e-16	1.78e-11	1.42e-07	9.93e-05	6.49e-03	1.01e-01	3.50e-01	3.59e-01	1.26e-01	5.73e-02	8.28e-04	3.42e-06
 3.05428e+23	4.68e-23	1.81e-16	1.91e-11	1.51e-07	1.04e-04	6.71e-03	1.03e-01	3.52e-01	3.57e-01	1.24e-01	5.59e-02	7.96e-04	3.25e-06
