#depth	Si	Si+	Si+2	Si+3	Si+4	Si+5	Si+6	Si+7	Si+8	Si+9	Si+10	Si+11	Si+12	Si+13	Si+14
 6.17135e+19	0.00e+00	0.00e+00	0.00e+00	0.00e+00	0.00e+00	7.36e-31	5.86e-26	1.30e-21	1.01e-17	3.42e-14	7.52e-11	1.02e-07	2.89e-04	3.18e-02	9.68e-01
 1.87609e+20	0.00e+00	0.00e+00	0.00e+00	0.00e+00	0.00e+00	1.61e-30	1.17e-25	2.38e-21	1.69e-17	5.26e-14	1.06e-10	1.32e-07	3.42e-04	3.45e-02	9.65e-01
 3.18540e+20	0.00e+00	0.00e+00	0.00e+00	0.00e+00	0.00e+00	3.54e-30	2.36e-25	4.39e-21	2.86e-17	8.14e-14	1.50e-10	1.71e-07	4.06e-04	3.75e-02	9.62e-01
 4.54709e+20	0.00e+00	0.00e+00	0.00e+00	0.00e+00	0.00e+00	7.86e-30	4.79e-25	8.14e-21	4.85e-17	1.26e-13	2.12e-10	2.22e-07	4.82e-04	4.08e-02	9.59e-01
 5.55111e+20	0.00e+00	0.00e+00	0.00e+00	0.00e+00	0.00e+00	1.40e-29	7.99e-25	1.27e-20	7.12e-17	1.74e-13	2.73e-10	2.68e-07	5.46e-04	4.34e-02	9.56e-01
 6.06530e+20	0.00e+00	0.00e+00	0.00e+00	0.00e+00	0.00e+00	1.87e-29	1.03e-24	1.59e-20	8.63e-17	2.04e-13	3.10e-10	2.94e-07	5.81e-04	4.47e-02	9.55e-01
 6.53533e+20	0.00e+00	0.00e+00	0.00e+00	0.00e+00	0.00e+00	2.43e-29	1.30e-24	1.95e-20	1.03e-16	2.36e-13	3.48e-10	3.20e-07	6.14e-04	4.60e-02	9.53e-01
 7.14636e+20	0.00e+00	0.00e+00	0.00e+00	0.00e+00	0.00e+00	3.40e-29	1.75e-24	2.53e-20	1.28e-16	2.84e-13	4.03e-10	3.57e-07	6.60e-04	4.76e-02	9.52e-01
 7.94071e+20	0.00e+00	0.00e+00	0.00e+00	0.00e+00	0.00e+00	5.24e-29	2.57e-24	3.54e-20	1.71e-16	3.61e-13	4.87e-10	4.12e-07	7.25e-04	4.98e-02	9.49e-01
 8.79208e+20	0.00e+00	0.00e+00	0.00e+00	0.00e+00	0.00e+00	8.28e-29	3.86e-24	5.04e-20	2.32e-16	4.65e-13	5.94e-10	4.78e-07	8.00e-04	5.23e-02	9.47e-01
 9.53696e+20	0.00e+00	0.00e+00	0.00e+00	0.00e+00	0.00e+00	1.23e-28	5.48e-24	6.84e-20	3.01e-16	5.78e-13	7.06e-10	5.43e-07	8.70e-04	5.44e-02	9.45e-01
 1.03247e+21	0.00e+00	0.00e+00	0.00e+00	0.00e+00	0.00e+00	1.85e-28	7.88e-24	9.40e-20	3.96e-16	7.26e-13	8.45e-10	6.21e-07	9.50e-04	5.68e-02	9.42e-01
 1.12036e+21	0.00e+00	0.00e+00	0.00e+00	0.00e+00	0.00e+00	2.91e-28	1.18e-23	1.33e-19	5.34e-16	9.33e-13	1.03e-09	7.19e-07	1.05e-03	5.95e-02	9.39e-01
 1.19511e+21	0.00e+00	0.00e+00	0.00e+00	0.00e+00	0.00e+00	4.26e-28	1.65e-23	1.79e-19	6.88e-16	1.15e-12	1.22e-09	8.14e-07	1.14e-03	6.19e-02	9.37e-01
 1.25439e+21	0.00e+00	0.00e+00	0.00e+00	0.00e+00	0.00e+00	5.78e-28	2.16e-23	2.27e-19	8.43e-16	1.36e-12	1.39e-09	8.99e-07	1.21e-03	6.39e-02	9.35e-01
 1.31855e+21	0.00e+00	0.00e+00	0.00e+00	0.00e+00	5.94e-33	7.90e-28	2.85e-23	2.89e-19	1.04e-15	1.62e-12	1.59e-09	9.95e-07	1.30e-03	6.60e-02	9.33e-01
 1.40195e+21	0.00e+00	0.00e+00	0.00e+00	0.00e+00	9.38e-33	1.19e-27	4.09e-23	3.97e-19	1.36e-15	2.03e-12	1.91e-09	1.14e-06	1.41e-03	6.88e-02	9.30e-01
 1.48848e+21	0.00e+00	0.00e+00	0.00e+00	0.00e+00	1.50e-32	1.81e-27	5.95e-23	5.50e-19	1.80e-15	2.57e-12	2.29e-09	1.30e-06	1.55e-03	7.18e-02	9.27e-01
 1.56012e+21	0.00e+00	0.00e+00	0.00e+00	0.00e+00	2.20e-32	2.56e-27	8.07e-23	7.18e-19	2.27e-15	3.11e-12	2.66e-09	1.46e-06	1.66e-03	7.44e-02	9.24e-01
 1.62405e+21	0.00e+00	0.00e+00	0.00e+00	0.00e+00	3.08e-32	3.45e-27	1.05e-22	9.07e-19	2.77e-15	3.68e-12	3.04e-09	1.61e-06	1.77e-03	7.67e-02	9.22e-01
 1.69690e+21	0.00e+00	0.00e+00	0.00e+00	0.00e+00	4.54e-32	4.89e-27	1.43e-22	1.19e-18	3.49e-15	4.46e-12	3.54e-09	1.80e-06	1.91e-03	7.94e-02	9.19e-01
 1.77858e+21	0.00e+00	0.00e+00	0.00e+00	0.00e+00	6.92e-32	7.14e-27	2.00e-22	1.59e-18	4.49e-15	5.50e-12	4.17e-09	2.04e-06	2.07e-03	8.25e-02	9.15e-01
 1.85576e+21	0.00e+00	0.00e+00	0.00e+00	0.00e+00	1.03e-31	1.02e-26	2.75e-22	2.10e-18	5.69e-15	6.71e-12	4.88e-09	2.29e-06	2.23e-03	8.55e-02	9.12e-01
 1.92823e+21	0.00e+00	0.00e+00	0.00e+00	0.00e+00	1.49e-31	1.42e-26	3.69e-22	2.71e-18	7.10e-15	8.07e-12	5.64e-09	2.55e-06	2.39e-03	8.84e-02	9.09e-01
 1.99683e+21	0.00e+00	0.00e+00	0.00e+00	0.00e+00	2.10e-31	1.93e-26	4.84e-22	3.44e-18	8.72e-15	9.58e-12	6.45e-09	2.81e-06	2.55e-03	9.12e-02	9.06e-01
 2.07227e+21	0.00e+00	0.00e+00	0.00e+00	0.00e+00	3.05e-31	2.70e-26	6.52e-22	4.47e-18	1.09e-14	1.15e-11	7.48e-09	3.14e-06	2.74e-03	9.43e-02	9.03e-01
 2.15423e+21	0.00e+00	0.00e+00	0.00e+00	0.00e+00	4.57e-31	3.88e-26	8.99e-22	5.92e-18	1.39e-14	1.41e-11	8.76e-09	3.53e-06	2.96e-03	9.78e-02	8.99e-01
 2.22732e+21	0.00e+00	0.00e+00	0.00e+00	0.00e+00	6.53e-31	5.35e-26	1.19e-21	7.58e-18	1.72e-14	1.69e-11	1.01e-08	3.92e-06	3.17e-03	1.01e-01	8.96e-01
 2.29473e+21	0.00e+00	0.00e+00	0.00e+00	0.00e+00	9.06e-31	7.18e-26	1.55e-21	9.53e-18	2.09e-14	1.99e-11	1.15e-08	4.32e-06	3.37e-03	1.04e-01	8.93e-01
 2.37210e+21	0.00e+00	0.00e+00	0.00e+00	0.00e+00	1.31e-30	9.98e-26	2.08e-21	1.23e-17	2.61e-14	2.39e-11	1.33e-08	4.80e-06	3.61e-03	1.07e-01	8.89e-01
 2.45595e+21	0.00e+00	0.00e+00	0.00e+00	0.00e+00	1.95e-30	1.43e-25	2.85e-21	1.62e-17	3.31e-14	2.92e-11	1.55e-08	5.40e-06	3.90e-03	1.11e-01	8.85e-01
 2.53014e+21	0.00e+00	0.00e+00	0.00e+00	0.00e+00	2.76e-30	1.95e-25	3.75e-21	2.07e-17	4.08e-14	3.48e-11	1.78e-08	5.97e-06	4.16e-03	1.15e-01	8.81e-01
 2.59804e+21	0.00e+00	0.00e+00	0.00e+00	0.00e+00	3.79e-30	2.59e-25	4.83e-21	2.58e-17	4.94e-14	4.08e-11	2.02e-08	6.56e-06	4.42e-03	1.18e-01	8.78e-01
 2.67581e+21	0.00e+00	0.00e+00	0.00e+00	0.00e+00	5.40e-30	3.56e-25	6.40e-21	3.30e-17	6.12e-14	4.88e-11	2.32e-08	7.27e-06	4.72e-03	1.22e-01	8.74e-01
 2.76344e+21	0.00e+00	0.00e+00	0.00e+00	0.00e+00	8.04e-30	5.09e-25	8.79e-21	4.36e-17	7.77e-14	5.96e-11	2.71e-08	8.17e-06	5.09e-03	1.26e-01	8.69e-01
 2.84554e+21	0.00e+00	0.00e+00	0.00e+00	0.00e+00	1.16e-29	7.09e-25	1.18e-20	5.64e-17	9.71e-14	7.18e-11	3.14e-08	9.11e-06	5.46e-03	1.30e-01	8.65e-01
 2.91820e+21	0.00e+00	0.00e+00	0.00e+00	0.00e+00	1.61e-29	9.48e-25	1.53e-20	7.07e-17	1.18e-13	8.46e-11	3.57e-08	1.00e-05	5.80e-03	1.34e-01	8.61e-01
 2.99691e+21	0.00e+00	0.00e+00	0.00e+00	0.00e+00	2.24e-29	1.28e-24	1.99e-20	8.93e-17	1.44e-13	1.00e-10	4.07e-08	1.10e-05	6.18e-03	1.37e-01	8.56e-01
 3.09923e+21	0.00e+00	0.00e+00	0.00e+00	0.00e+00	3.54e-29	1.93e-24	2.86e-20	1.23e-16	1.90e-13	1.26e-10	4.88e-08	1.26e-05	6.73e-03	1.43e-01	8.50e-01
 3.19928e+21	0.00e+00	0.00e+00	0.00e+00	0.00e+00	5.45e-29	2.84e-24	4.04e-20	1.66e-16	2.47e-13	1.57e-10	5.79e-08	1.43e-05	7.30e-03	1.48e-01	8.44e-01
 3.27476e+21	0.00e+00	0.00e+00	0.00e+00	0.00e+00	7.50e-29	3.78e-24	5.21e-20	2.08e-16	2.99e-13	1.85e-10	6.57e-08	1.57e-05	7.76e-03	1.52e-01	8.40e-01
 3.35127e+21	0.00e+00	0.00e+00	0.00e+00	0.00e+00	1.03e-28	5.04e-24	6.73e-20	2.60e-16	3.64e-13	2.17e-10	7.46e-08	1.73e-05	8.24e-03	1.57e-01	8.35e-01
 3.45074e+21	0.00e+00	0.00e+00	0.00e+00	0.00e+00	1.56e-28	7.30e-24	9.34e-20	3.47e-16	4.67e-13	2.68e-10	8.79e-08	1.95e-05	8.90e-03	1.62e-01	8.29e-01
 3.55141e+21	0.00e+00	0.00e+00	0.00e+00	0.00e+00	2.36e-28	1.06e-23	1.30e-19	4.63e-16	6.00e-13	3.31e-10	1.04e-07	2.20e-05	9.61e-03	1.68e-01	8.23e-01
 3.63116e+21	0.00e+00	0.00e+00	0.00e+00	0.00e+00	3.25e-28	1.41e-23	1.68e-19	5.80e-16	7.29e-13	3.90e-10	1.18e-07	2.42e-05	1.02e-02	1.72e-01	8.17e-01
 3.71237e+21	0.00e+00	0.00e+00	0.00e+00	0.00e+00	4.49e-28	1.89e-23	2.17e-19	7.28e-16	8.88e-13	4.60e-10	1.34e-07	2.67e-05	1.08e-02	1.77e-01	8.12e-01
 3.81794e+21	0.00e+00	0.00e+00	0.00e+00	0.00e+00	6.80e-28	2.74e-23	3.03e-19	9.74e-16	1.14e-12	5.68e-10	1.58e-07	3.01e-05	1.17e-02	1.83e-01	8.05e-01
 3.92614e+21	0.00e+00	0.00e+00	0.00e+00	0.00e+00	1.03e-27	4.00e-23	4.23e-19	1.31e-15	1.48e-12	7.04e-10	1.87e-07	3.41e-05	1.27e-02	1.89e-01	7.98e-01
 4.01405e+21	0.00e+00	0.00e+00	0.00e+00	4.94e-33	1.46e-27	5.44e-23	5.57e-19	1.66e-15	1.82e-12	8.40e-10	2.14e-07	3.77e-05	1.35e-02	1.95e-01	7.92e-01
 4.10464e+21	0.00e+00	0.00e+00	0.00e+00	7.12e-33	2.03e-27	7.33e-23	7.26e-19	2.10e-15	2.23e-12	9.96e-10	2.45e-07	4.16e-05	1.44e-02	2.00e-01	7.85e-01
 4.22242e+21	0.00e+00	0.00e+00	0.00e+00	1.15e-32	3.13e-27	1.08e-22	1.03e-18	2.85e-15	2.91e-12	1.25e-09	2.92e-07	4.72e-05	1.56e-02	2.07e-01	7.77e-01
 4.33996e+21	0.00e+00	0.00e+00	0.00e+00	1.83e-32	4.80e-27	1.59e-22	1.45e-18	3.86e-15	3.78e-12	1.55e-09	3.46e-07	5.36e-05	1.69e-02	2.14e-01	7.69e-01
 4.42907e+21	0.00e+00	0.00e+00	0.00e+00	2.59e-32	6.60e-27	2.12e-22	1.87e-18	4.83e-15	4.59e-12	1.83e-09	3.93e-07	5.89e-05	1.79e-02	2.20e-01	7.62e-01
 4.51680e+21	0.00e+00	0.00e+00	0.00e+00	3.63e-32	8.97e-27	2.79e-22	2.39e-18	6.00e-15	5.54e-12	2.14e-09	4.45e-07	6.44e-05	1.89e-02	2.25e-01	7.56e-01
 4.63084e+21	0.00e+00	0.00e+00	0.00e+00	5.57e-32	1.33e-26	3.98e-22	3.27e-18	7.91e-15	7.06e-12	2.62e-09	5.21e-07	7.23e-05	2.03e-02	2.32e-01	7.48e-01
 4.74989e+21	0.00e+00	0.00e+00	0.00e+00	8.66e-32	1.99e-26	5.72e-22	4.52e-18	1.05e-14	9.04e-12	3.23e-09	6.13e-07	8.14e-05	2.19e-02	2.39e-01	7.39e-01
 4.84997e+21	0.00e+00	0.00e+00	0.00e+00	1.25e-31	2.79e-26	7.77e-22	5.94e-18	1.34e-14	1.11e-11	3.86e-09	7.03e-07	9.00e-05	2.33e-02	2.45e-01	7.31e-01
 4.94018e+21	0.00e+00	0.00e+00	0.00e+00	1.72e-31	3.71e-26	1.01e-21	7.48e-18	1.64e-14	1.33e-11	4.47e-09	7.89e-07	9.79e-05	2.46e-02	2.51e-01	7.25e-01
 5.04307e+21	0.00e+00	0.00e+00	0.00e+00	2.46e-31	5.16e-26	1.35e-21	9.74e-18	2.07e-14	1.63e-11	5.30e-09	9.00e-07	1.08e-04	2.61e-02	2.57e-01	7.17e-01
 5.15884e+21	0.00e+00	0.00e+00	0.00e+00	3.66e-31	7.42e-26	1.88e-21	1.30e-17	2.68e-14	2.04e-11	6.40e-09	1.04e-06	1.20e-04	2.79e-02	2.64e-01	7.08e-01
 5.26807e+21	0.00e+00	0.00e+00	0.00e+00	5.29e-31	1.04e-25	2.55e-21	1.71e-17	3.40e-14	2.51e-11	7.63e-09	1.19e-06	1.32e-04	2.96e-02	2.70e-01	7.00e-01
 5.37057e+21	0.00e+00	0.00e+00	0.00e+00	7.42e-31	1.42e-25	3.37e-21	2.20e-17	4.24e-14	3.04e-11	8.95e-09	1.35e-06	1.45e-04	3.13e-02	2.76e-01	6.92e-01
 5.48760e+21	0.00e+00	0.00e+00	0.00e+00	1.08e-30	2.00e-25	4.60e-21	2.90e-17	5.41e-14	3.76e-11	1.07e-08	1.55e-06	1.60e-04	3.33e-02	2.83e-01	6.83e-01
 5.61867e+21	0.00e+00	0.00e+00	0.00e+00	1.64e-30	2.93e-25	6.48e-21	3.94e-17	7.09e-14	4.76e-11	1.30e-08	1.81e-06	1.79e-04	3.57e-02	2.91e-01	6.73e-01
 5.74181e+21	0.00e+00	0.00e+00	0.00e+00	2.40e-30	4.15e-25	8.89e-21	5.22e-17	9.09e-14	5.91e-11	1.56e-08	2.08e-06	1.98e-04	3.80e-02	2.98e-01	6.64e-01
 5.85778e+21	0.00e+00	0.00e+00	0.00e+00	3.41e-30	5.73e-25	1.19e-20	6.77e-17	1.14e-13	7.21e-11	1.85e-08	2.37e-06	2.17e-04	4.02e-02	3.04e-01	6.55e-01
 5.97257e+21	0.00e+00	0.00e+00	0.00e+00	4.80e-30	7.84e-25	1.58e-20	8.71e-17	1.43e-13	8.75e-11	2.17e-08	2.69e-06	2.38e-04	4.25e-02	3.11e-01	6.47e-01
 6.10374e+21	0.00e+00	0.00e+00	0.00e+00	7.03e-30	1.11e-24	2.16e-20	1.15e-16	1.83e-13	1.09e-10	2.60e-08	3.09e-06	2.63e-04	4.51e-02	3.18e-01	6.37e-01
 6.24636e+21	0.00e+00	0.00e+00	0.00e+00	1.06e-29	1.61e-24	3.03e-20	1.56e-16	2.38e-13	1.37e-10	3.16e-08	3.59e-06	2.93e-04	4.82e-02	3.25e-01	6.26e-01
 6.37438e+21	0.00e+00	0.00e+00	0.00e+00	1.51e-29	2.24e-24	4.07e-20	2.03e-16	3.01e-13	1.67e-10	3.74e-08	4.09e-06	3.22e-04	5.10e-02	3.32e-01	6.17e-01
 6.51133e+21	0.00e+00	0.00e+00	0.00e+00	2.19e-29	3.15e-24	5.55e-20	2.68e-16	3.84e-13	2.07e-10	4.46e-08	4.69e-06	3.55e-04	5.41e-02	3.39e-01	6.06e-01
 6.66499e+21	0.00e+00	0.00e+00	0.00e+00	3.30e-29	4.59e-24	7.79e-20	3.62e-16	5.01e-13	2.61e-10	5.42e-08	5.45e-06	3.95e-04	5.76e-02	3.47e-01	5.95e-01
 6.80983e+21	0.00e+00	0.00e+00	0.00e+00	4.81e-29	6.49e-24	1.07e-19	4.80e-16	6.42e-13	3.23e-10	6.48e-08	6.26e-06	4.36e-04	6.11e-02	3.54e-01	5.85e-01
 6.94418e+21	0.00e+00	0.00e+00	0.00e+00	6.78e-29	8.90e-24	1.42e-19	6.18e-16	8.02e-13	3.92e-10	7.62e-08	7.09e-06	4.76e-04	6.45e-02	3.60e-01	5.75e-01
 7.09545e+21	0.00e+00	0.00e+00	0.00e+00	9.89e-29	1.26e-23	1.94e-19	8.18e-16	1.03e-12	4.86e-10	9.11e-08	8.13e-06	5.25e-04	6.83e-02	3.67e-01	5.64e-01
 7.25788e+21	0.00e+00	0.00e+00	0.00e+00	1.47e-28	1.81e-23	2.70e-19	1.10e-15	1.33e-12	6.08e-10	1.10e-07	9.40e-06	5.82e-04	7.26e-02	3.75e-01	5.52e-01
 7.40079e+21	0.00e+00	0.00e+00	0.00e+00	2.07e-28	2.48e-23	3.59e-19	1.42e-15	1.66e-12	7.39e-10	1.29e-07	1.06e-05	6.35e-04	7.64e-02	3.81e-01	5.42e-01
 7.55258e+21	0.00e+00	0.00e+00	0.00e+00	2.96e-28	3.44e-23	4.82e-19	1.84e-15	2.10e-12	9.03e-10	1.53e-07	1.21e-05	6.95e-04	8.06e-02	3.87e-01	5.32e-01
 7.72393e+21	0.00e+00	0.00e+00	6.22e-33	4.39e-28	4.95e-23	6.69e-19	2.47e-15	2.71e-12	1.13e-09	1.84e-07	1.39e-05	7.69e-04	8.55e-02	3.94e-01	5.20e-01
 7.88679e+21	0.00e+00	0.00e+00	9.40e-33	6.33e-28	6.93e-23	9.08e-19	3.24e-15	3.45e-12	1.39e-09	2.18e-07	1.59e-05	8.44e-04	9.02e-02	4.00e-01	5.09e-01
 8.04075e+21	0.00e+00	0.00e+00	1.38e-32	8.90e-28	9.47e-23	1.20e-18	4.18e-15	4.30e-12	1.68e-09	2.56e-07	1.80e-05	9.19e-04	9.48e-02	4.06e-01	4.98e-01
 8.21703e+21	0.00e+00	0.00e+00	2.11e-32	1.30e-27	1.34e-22	1.65e-18	5.53e-15	5.51e-12	2.08e-09	3.06e-07	2.06e-05	1.01e-03	1.00e-01	4.12e-01	4.86e-01
 8.41230e+21	0.00e+00	0.00e+00	3.35e-32	1.97e-27	1.96e-22	2.33e-18	7.52e-15	7.22e-12	2.63e-09	3.71e-07	2.39e-05	1.12e-03	1.06e-01	4.19e-01	4.74e-01
 8.59325e+21	0.00e+00	0.00e+00	5.11e-32	2.86e-27	2.78e-22	3.18e-18	9.95e-15	9.22e-12	3.25e-09	4.42e-07	2.73e-05	1.23e-03	1.12e-01	4.25e-01	4.62e-01
 8.78945e+21	0.00e+00	0.00e+00	7.97e-32	4.25e-27	3.99e-22	4.43e-18	1.33e-14	1.19e-11	4.06e-09	5.32e-07	3.15e-05	1.36e-03	1.18e-01	4.31e-01	4.49e-01
 8.99556e+21	0.00e+00	0.00e+00	1.26e-31	6.40e-27	5.83e-22	6.23e-18	1.81e-14	1.56e-11	5.12e-09	6.44e-07	3.64e-05	1.50e-03	1.25e-01	4.37e-01	4.36e-01
 9.17046e+21	0.00e+00	0.00e+00	1.85e-31	9.00e-27	7.97e-22	8.28e-18	2.33e-14	1.95e-11	6.20e-09	7.54e-07	4.11e-05	1.63e-03	1.31e-01	4.41e-01	4.26e-01
 9.35374e+21	0.00e+00	0.00e+00	2.74e-31	1.27e-26	1.10e-21	1.11e-17	3.02e-14	2.45e-11	7.54e-09	8.87e-07	4.65e-05	1.78e-03	1.38e-01	4.46e-01	4.15e-01
 9.59201e+21	0.00e+00	0.00e+00	4.50e-31	1.98e-26	1.65e-21	1.60e-17	4.20e-14	3.26e-11	9.68e-09	1.09e-06	5.43e-05	1.98e-03	1.46e-01	4.51e-01	4.01e-01
 9.83469e+21	0.00e+00	0.00e+00	7.42e-31	3.09e-26	2.49e-21	2.32e-17	5.85e-14	4.36e-11	1.24e-08	1.34e-06	6.35e-05	2.20e-03	1.55e-01	4.56e-01	3.86e-01
 1.00284e+22	0.00e+00	0.00e+00	1.10e-30	4.38e-26	3.43e-21	3.10e-17	7.58e-14	5.47e-11	1.51e-08	1.57e-06	7.17e-05	2.39e-03	1.62e-01	4.60e-01	3.75e-01
 1.02256e+22	0.00e+00	0.00e+00	1.61e-30	6.17e-26	4.71e-21	4.13e-17	9.80e-14	6.85e-11	1.83e-08	1.84e-06	8.09e-05	2.59e-03	1.69e-01	4.63e-01	3.65e-01
 1.04820e+22	0.00e+00	0.00e+00	2.64e-30	9.56e-26	7.05e-21	5.96e-17	1.36e-13	9.12e-11	2.34e-08	2.26e-06	9.43e-05	2.88e-03	1.79e-01	4.67e-01	3.51e-01
 1.07466e+22	0.00e+00	0.00e+00	4.36e-30	1.49e-25	1.06e-20	8.65e-17	1.90e-13	1.22e-10	3.01e-08	2.77e-06	1.10e-04	3.19e-03	1.89e-01	4.71e-01	3.37e-01
 1.09472e+22	0.00e+00	0.00e+00	6.34e-30	2.08e-25	1.45e-20	1.14e-16	2.43e-13	1.52e-10	3.63e-08	3.23e-06	1.24e-04	3.45e-03	1.97e-01	4.73e-01	3.26e-01
 1.11045e+22	0.00e+00	0.00e+00	8.42e-30	2.68e-25	1.83e-20	1.41e-16	2.93e-13	1.79e-10	4.18e-08	3.63e-06	1.35e-04	3.66e-03	2.03e-01	4.74e-01	3.19e-01
 1.12805e+22	0.00e+00	0.00e+00	1.16e-29	3.55e-25	2.37e-20	1.79e-16	3.63e-13	2.16e-10	4.91e-08	4.14e-06	1.49e-04	3.91e-03	2.10e-01	4.76e-01	3.10e-01
 1.15092e+22	0.00e+00	0.00e+00	1.72e-29	5.04e-25	3.28e-20	2.40e-16	4.71e-13	2.71e-10	5.97e-08	4.86e-06	1.68e-04	4.23e-03	2.19e-01	4.77e-01	2.99e-01
 1.17578e+22	0.00e+00	0.00e+00	2.67e-29	7.44e-25	4.71e-20	3.34e-16	6.33e-13	3.50e-10	7.46e-08	5.82e-06	1.92e-04	4.63e-03	2.29e-01	4.78e-01	2.87e-01
 1.19736e+22	0.00e+00	0.00e+00	3.87e-29	1.03e-24	6.39e-20	4.40e-16	8.10e-13	4.35e-10	8.97e-08	6.77e-06	2.15e-04	4.99e-03	2.38e-01	4.79e-01	2.78e-01
 1.21665e+22	0.00e+00	0.00e+00	5.37e-29	1.38e-24	8.35e-20	5.61e-16	1.01e-12	5.26e-10	1.06e-07	7.74e-06	2.38e-04	5.33e-03	2.46e-01	4.79e-01	2.69e-01
 1.23543e+22	0.00e+00	0.00e+00	7.33e-29	1.81e-24	1.08e-19	7.07e-16	1.24e-12	6.30e-10	1.23e-07	8.79e-06	2.62e-04	5.67e-03	2.54e-01	4.79e-01	2.61e-01
 1.25647e+22	0.00e+00	0.00e+00	1.03e-28	2.45e-24	1.42e-19	9.10e-16	1.55e-12	7.67e-10	1.46e-07	1.01e-05	2.90e-04	6.07e-03	2.62e-01	4.79e-01	2.52e-01
 1.27948e+22	0.00e+00	0.00e+00	1.50e-28	3.41e-24	1.94e-19	1.21e-15	2.00e-12	9.56e-10	1.76e-07	1.18e-05	3.25e-04	6.54e-03	2.72e-01	4.78e-01	2.43e-01
 1.29979e+22	0.00e+00	0.00e+00	2.07e-28	4.54e-24	2.53e-19	1.54e-15	2.48e-12	1.16e-09	2.08e-07	1.34e-05	3.58e-04	6.97e-03	2.81e-01	4.77e-01	2.35e-01
 1.31802e+22	0.00e+00	0.00e+00	2.76e-28	5.84e-24	3.20e-19	1.91e-15	3.00e-12	1.37e-09	2.40e-07	1.51e-05	3.91e-04	7.37e-03	2.88e-01	4.76e-01	2.28e-01
 1.33883e+22	0.00e+00	0.00e+00	3.78e-28	7.71e-24	4.15e-19	2.41e-15	3.71e-12	1.64e-09	2.81e-07	1.72e-05	4.30e-04	7.84e-03	2.97e-01	4.75e-01	2.20e-01
 1.36082e+22	0.00e+00	0.00e+00	5.32e-28	1.04e-23	5.50e-19	3.12e-15	4.67e-12	2.01e-09	3.33e-07	1.97e-05	4.77e-04	8.38e-03	3.06e-01	4.73e-01	2.12e-01
 1.37913e+22	0.00e+00	6.22e-33	7.04e-28	1.33e-23	6.92e-19	3.85e-15	5.64e-12	2.37e-09	3.84e-07	2.21e-05	5.19e-04	8.84e-03	3.14e-01	4.72e-01	2.05e-01
 1.39771e+22	0.00e+00	8.48e-33	9.27e-28	1.70e-23	8.69e-19	4.73e-15	6.79e-12	2.79e-09	4.41e-07	2.48e-05	5.64e-04	9.32e-03	3.22e-01	4.70e-01	1.99e-01
 1.42186e+22	0.00e+00	1.26e-32	1.32e-27	2.31e-23	1.16e-18	6.17e-15	8.61e-12	3.43e-09	5.26e-07	2.86e-05	6.27e-04	9.97e-03	3.32e-01	4.67e-01	1.91e-01
 1.44623e+22	0.00e+00	1.88e-32	1.88e-27	3.16e-23	1.56e-18	8.07e-15	1.10e-11	4.23e-09	6.30e-07	3.31e-05	6.98e-04	1.07e-02	3.42e-01	4.64e-01	1.83e-01
 1.46531e+22	0.00e+00	2.56e-32	2.48e-27	4.02e-23	1.96e-18	9.93e-15	1.32e-11	4.98e-09	7.25e-07	3.70e-05	7.58e-04	1.12e-02	3.50e-01	4.62e-01	1.77e-01
 1.48452e+22	0.00e+00	3.48e-32	3.26e-27	5.09e-23	2.45e-18	1.22e-14	1.59e-11	5.84e-09	8.31e-07	4.14e-05	8.23e-04	1.18e-02	3.58e-01	4.59e-01	1.71e-01
 1.50949e+22	0.00e+00	5.15e-32	4.61e-27	6.90e-23	3.26e-18	1.59e-14	2.01e-11	7.18e-09	9.92e-07	4.77e-05	9.14e-04	1.26e-02	3.68e-01	4.55e-01	1.63e-01
 1.53382e+22	0.00e+00	7.57e-32	6.48e-27	9.29e-23	4.32e-18	2.05e-14	2.54e-11	8.80e-09	1.18e-06	5.49e-05	1.01e-03	1.35e-02	3.78e-01	4.51e-01	1.56e-01
 1.55170e+22	0.00e+00	1.00e-31	8.30e-27	1.15e-22	5.30e-18	2.48e-14	3.00e-11	1.02e-08	1.34e-06	6.08e-05	1.09e-03	1.41e-02	3.86e-01	4.48e-01	1.51e-01
 1.56931e+22	0.00e+00	1.31e-31	1.05e-26	1.42e-22	6.45e-18	2.97e-14	3.53e-11	1.18e-08	1.51e-06	6.71e-05	1.17e-03	1.48e-02	3.93e-01	4.45e-01	1.46e-01
 1.59222e+22	0.00e+00	1.85e-31	1.43e-26	1.84e-22	8.30e-18	3.74e-14	4.35e-11	1.41e-08	1.77e-06	7.60e-05	1.28e-03	1.56e-02	4.02e-01	4.41e-01	1.40e-01
 1.61644e+22	0.00e+00	2.66e-31	1.97e-26	2.44e-22	1.09e-17	4.79e-14	5.44e-11	1.71e-08	2.08e-06	8.69e-05	1.42e-03	1.66e-02	4.12e-01	4.36e-01	1.34e-01
 1.63696e+22	0.00e+00	3.62e-31	2.58e-26	3.09e-22	1.36e-17	5.90e-14	6.56e-11	2.02e-08	2.40e-06	9.73e-05	1.54e-03	1.74e-02	4.20e-01	4.32e-01	1.29e-01
 1.65824e+22	0.00e+00	4.94e-31	3.40e-26	3.91e-22	1.71e-17	7.28e-14	7.93e-11	2.38e-08	2.76e-06	1.09e-04	1.67e-03	1.83e-02	4.28e-01	4.27e-01	1.24e-01
 1.68221e+22	0.00e+00	7.01e-31	4.62e-26	5.10e-22	2.21e-17	9.22e-14	9.82e-11	2.87e-08	3.24e-06	1.24e-04	1.83e-03	1.94e-02	4.38e-01	4.22e-01	1.18e-01
 1.70465e+22	0.00e+00	9.71e-31	6.16e-26	6.53e-22	2.80e-17	1.15e-13	1.20e-10	3.42e-08	3.76e-06	1.40e-04	2.00e-03	2.04e-02	4.47e-01	4.17e-01	1.13e-01
 1.72440e+22	0.00e+00	1.29e-30	7.90e-26	8.09e-22	3.45e-17	1.40e-13	1.43e-10	3.98e-08	4.28e-06	1.55e-04	2.15e-03	2.14e-02	4.54e-01	4.13e-01	1.09e-01
 1.74569e+22	0.00e+00	1.74e-30	1.03e-25	1.01e-21	4.29e-17	1.71e-13	1.72e-10	4.67e-08	4.91e-06	1.73e-04	2.33e-03	2.24e-02	4.62e-01	4.08e-01	1.05e-01
 1.76971e+22	0.00e+00	2.44e-30	1.38e-25	1.31e-21	5.50e-17	2.15e-13	2.12e-10	5.61e-08	5.73e-06	1.96e-04	2.55e-03	2.37e-02	4.72e-01	4.02e-01	9.99e-02
 1.79172e+22	0.00e+00	3.32e-30	1.81e-25	1.65e-21	6.90e-17	2.66e-13	2.56e-10	6.63e-08	6.61e-06	2.20e-04	2.77e-03	2.48e-02	4.80e-01	3.97e-01	9.56e-02
 1.81110e+22	0.00e+00	4.34e-30	2.29e-25	2.01e-21	8.39e-17	3.20e-13	3.03e-10	7.67e-08	7.48e-06	2.43e-04	2.98e-03	2.59e-02	4.87e-01	3.92e-01	9.20e-02
 1.83262e+22	0.00e+00	5.82e-30	2.95e-25	2.50e-21	1.04e-16	3.90e-13	3.64e-10	8.99e-08	8.57e-06	2.71e-04	3.22e-03	2.71e-02	4.95e-01	3.87e-01	8.81e-02
 1.86060e+22	0.00e+00	8.47e-30	4.09e-25	3.30e-21	1.37e-16	5.05e-13	4.60e-10	1.10e-07	1.02e-05	3.11e-04	3.56e-03	2.88e-02	5.05e-01	3.79e-01	8.33e-02
 1.88837e+22	0.00e+00	1.24e-29	5.68e-25	4.36e-21	1.81e-16	6.57e-13	5.85e-10	1.36e-07	1.22e-05	3.59e-04	3.95e-03	3.06e-02	5.15e-01	3.72e-01	7.85e-02
 1.90922e+22	0.00e+00	1.64e-29	7.24e-25	5.35e-21	2.22e-16	7.97e-13	6.97e-10	1.59e-07	1.39e-05	3.98e-04	4.26e-03	3.19e-02	5.22e-01	3.66e-01	7.52e-02
 1.92969e+22	0.00e+00	2.12e-29	9.08e-25	6.49e-21	2.69e-16	9.55e-13	8.22e-10	1.83e-07	1.57e-05	4.39e-04	4.56e-03	3.32e-02	5.29e-01	3.61e-01	7.21e-02
 1.95631e+22	0.00e+00	2.99e-29	1.22e-24	8.32e-21	3.46e-16	1.21e-12	1.02e-09	2.22e-07	1.84e-05	5.00e-04	5.01e-03	3.51e-02	5.37e-01	3.54e-01	6.82e-02
 1.98422e+22	0.00e+00	4.28e-29	1.66e-24	1.08e-20	4.51e-16	1.56e-12	1.28e-09	2.71e-07	2.19e-05	5.72e-04	5.52e-03	3.71e-02	5.46e-01	3.46e-01	6.42e-02
 2.00758e+22	0.00e+00	5.78e-29	2.15e-24	1.34e-20	5.64e-16	1.92e-12	1.56e-09	3.21e-07	2.52e-05	6.42e-04	5.99e-03	3.89e-02	5.54e-01	3.40e-01	6.10e-02
 2.02846e+22	0.00e+00	7.47e-29	2.69e-24	1.61e-20	6.81e-16	2.30e-12	1.84e-09	3.70e-07	2.85e-05	7.07e-04	6.42e-03	4.04e-02	5.60e-01	3.34e-01	5.84e-02
 2.05238e+22	0.00e+00	9.99e-29	3.45e-24	1.99e-20	8.44e-16	2.82e-12	2.22e-09	4.36e-07	3.27e-05	7.90e-04	6.95e-03	4.23e-02	5.67e-01	3.28e-01	5.55e-02
 2.08348e+22	0.00e+00	1.45e-28	4.75e-24	2.59e-20	1.11e-15	3.67e-12	2.82e-09	5.39e-07	3.91e-05	9.10e-04	7.69e-03	4.48e-02	5.76e-01	3.19e-01	5.19e-02
 2.11498e+22	0.00e+00	2.11e-28	6.56e-24	3.39e-20	1.47e-15	4.79e-12	3.61e-09	6.69e-07	4.69e-05	1.05e-03	8.53e-03	4.75e-02	5.84e-01	3.10e-01	4.84e-02
 2.14005e+22	0.00e+00	2.84e-28	8.43e-24	4.17e-20	1.83e-15	5.90e-12	4.38e-09	7.92e-07	5.41e-05	1.18e-03	9.24e-03	4.97e-02	5.91e-01	3.04e-01	4.58e-02
 2.16566e+22	0.00e+00	3.79e-28	1.08e-23	5.11e-20	2.27e-15	7.25e-12	5.29e-09	9.35e-07	6.22e-05	1.32e-03	1.00e-02	5.19e-02	5.97e-01	2.97e-01	4.33e-02
 2.19417e+22	0.00e+00	5.22e-28	1.42e-23	6.40e-20	2.87e-15	9.11e-12	6.54e-09	1.12e-06	7.27e-05	1.49e-03	1.09e-02	5.45e-02	6.03e-01	2.89e-01	4.07e-02
 2.22014e+22	0.00e+00	6.95e-28	1.81e-23	7.82e-20	3.55e-15	1.12e-11	7.90e-09	1.33e-06	8.36e-05	1.66e-03	1.18e-02	5.69e-02	6.09e-01	2.82e-01	3.84e-02
 2.24357e+22	0.00e+00	8.96e-28	2.24e-23	9.33e-20	4.29e-15	1.34e-11	9.35e-09	1.54e-06	9.46e-05	1.83e-03	1.27e-02	5.92e-02	6.14e-01	2.76e-01	3.65e-02
 2.26998e+22	0.00e+00	1.18e-27	2.84e-23	1.13e-19	5.26e-15	1.63e-11	1.12e-08	1.81e-06	1.08e-04	2.04e-03	1.37e-02	6.17e-02	6.19e-01	2.69e-01	3.44e-02
 2.30432e+22	0.00e+00	1.67e-27	3.82e-23	1.44e-19	6.82e-15	2.10e-11	1.42e-08	2.22e-06	1.28e-04	2.34e-03	1.50e-02	6.50e-02	6.25e-01	2.61e-01	3.20e-02
 2.33888e+22	0.00e+00	2.38e-27	5.14e-23	1.84e-19	8.84e-15	2.70e-11	1.79e-08	2.72e-06	1.52e-04	2.67e-03	1.65e-02	6.85e-02	6.31e-01	2.52e-01	2.97e-02
 2.36592e+22	0.00e+00	3.11e-27	6.45e-23	2.21e-19	1.08e-14	3.27e-11	2.13e-08	3.18e-06	1.73e-04	2.96e-03	1.78e-02	7.13e-02	6.35e-01	2.45e-01	2.80e-02
 2.39329e+22	0.00e+00	4.02e-27	8.03e-23	2.64e-19	1.30e-14	3.93e-11	2.53e-08	3.70e-06	1.97e-04	3.27e-03	1.91e-02	7.40e-02	6.38e-01	2.39e-01	2.64e-02
 2.42888e+22	0.00e+00	5.58e-27	1.06e-22	3.31e-19	1.66e-14	4.96e-11	3.15e-08	4.47e-06	2.30e-04	3.71e-03	2.08e-02	7.76e-02	6.42e-01	2.31e-01	2.45e-02
 2.46642e+22	0.00e+00	7.88e-27	1.42e-22	4.20e-19	2.14e-14	6.34e-11	3.95e-08	5.46e-06	2.72e-04	4.22e-03	2.28e-02	8.15e-02	6.46e-01	2.23e-01	2.26e-02
 2.49823e+22	0.00e+00	1.05e-26	1.80e-22	5.11e-19	2.63e-14	7.75e-11	4.77e-08	6.44e-06	3.12e-04	4.70e-03	2.46e-02	8.49e-02	6.49e-01	2.16e-01	2.12e-02
 2.53133e+22	5.79e-33	1.39e-26	2.29e-22	6.21e-19	3.23e-14	9.45e-11	5.73e-08	7.58e-06	3.56e-04	5.22e-03	2.65e-02	8.82e-02	6.51e-01	2.09e-01	1.98e-02
 2.57437e+22	8.70e-33	1.98e-26	3.10e-22	7.95e-19	4.18e-14	1.21e-10	7.24e-08	9.31e-06	4.22e-04	5.96e-03	2.91e-02	9.27e-02	6.53e-01	2.00e-01	1.82e-02
 2.61847e+22	1.32e-32	2.85e-26	4.22e-22	1.02e-18	5.43e-14	1.57e-10	9.17e-08	1.15e-05	5.01e-04	6.82e-03	3.19e-02	9.73e-02	6.55e-01	1.92e-01	1.66e-02
 2.65253e+22	1.81e-32	3.75e-26	5.33e-22	1.24e-18	6.62e-14	1.89e-10	1.09e-07	1.34e-05	5.70e-04	7.54e-03	3.42e-02	1.01e-01	6.56e-01	1.85e-01	1.55e-02
 2.68021e+22	2.31e-32	4.66e-26	6.41e-22	1.44e-18	7.72e-14	2.20e-10	1.26e-07	1.52e-05	6.31e-04	8.16e-03	3.61e-02	1.04e-01	6.56e-01	1.80e-01	1.47e-02
 2.71102e+22	3.01e-32	5.87e-26	7.81e-22	1.69e-18	9.10e-14	2.58e-10	1.46e-07	1.73e-05	7.01e-04	8.86e-03	3.82e-02	1.07e-01	6.56e-01	1.75e-01	1.39e-02
 2.75107e+22	4.22e-32	7.90e-26	1.01e-21	2.08e-18	1.12e-13	3.16e-10	1.76e-07	2.04e-05	8.04e-04	9.85e-03	4.11e-02	1.11e-01	6.56e-01	1.69e-01	1.29e-02
 2.79349e+22	6.02e-32	1.08e-25	1.31e-21	2.59e-18	1.40e-13	3.91e-10	2.15e-07	2.43e-05	9.26e-04	1.10e-02	4.43e-02	1.15e-01	6.55e-01	1.62e-01	1.19e-02
 2.82997e+22	8.14e-32	1.41e-25	1.65e-21	3.12e-18	1.68e-13	4.68e-10	2.54e-07	2.82e-05	1.04e-03	1.21e-02	4.72e-02	1.19e-01	6.53e-01	1.56e-01	1.11e-02
 2.86834e+22	1.10e-31	1.83e-25	2.06e-21	3.76e-18	2.02e-13	5.58e-10	2.99e-07	3.25e-05	1.17e-03	1.32e-02	5.01e-02	1.23e-01	6.52e-01	1.51e-01	1.03e-02
 2.91822e+22	1.61e-31	2.57e-25	2.76e-21	4.78e-18	2.56e-13	6.98e-10	3.68e-07	3.91e-05	1.36e-03	1.48e-02	5.42e-02	1.27e-01	6.49e-01	1.44e-01	9.46e-03
 2.96907e+22	2.37e-31	3.62e-25	3.70e-21	6.10e-18	3.24e-13	8.76e-10	4.55e-07	4.71e-05	1.58e-03	1.66e-02	5.85e-02	1.32e-01	6.45e-01	1.37e-01	8.63e-03
 3.00988e+22	3.21e-31	4.74e-25	4.67e-21	7.40e-18	3.89e-13	1.05e-09	5.36e-07	5.44e-05	1.78e-03	1.82e-02	6.21e-02	1.36e-01	6.42e-01	1.32e-01	8.03e-03
 3.04464e+22	4.13e-31	5.93e-25	5.66e-21	8.68e-18	4.53e-13	1.21e-09	6.13e-07	6.13e-05	1.96e-03	1.96e-02	6.52e-02	1.39e-01	6.39e-01	1.27e-01	7.55e-03
 3.08284e+22	5.39e-31	7.52e-25	6.95e-21	1.03e-17	5.33e-13	1.41e-09	7.07e-07	6.95e-05	2.17e-03	2.11e-02	6.86e-02	1.43e-01	6.35e-01	1.23e-01	7.08e-03
 3.13249e+22	7.57e-31	1.02e-24	9.02e-21	1.28e-17	6.53e-13	1.72e-09	8.47e-07	8.15e-05	2.46e-03	2.33e-02	7.30e-02	1.47e-01	6.30e-01	1.17e-01	6.51e-03
 3.18409e+22	1.08e-30	1.39e-24	1.18e-20	1.61e-17	8.07e-13	2.10e-09	1.02e-06	9.60e-05	2.81e-03	2.57e-02	7.79e-02	1.51e-01	6.24e-01	1.12e-01	5.96e-03
 3.22677e+22	1.43e-30	1.80e-24	1.48e-20	1.94e-17	9.57e-13	2.47e-09	1.19e-06	1.10e-04	3.12e-03	2.79e-02	8.21e-02	1.55e-01	6.19e-01	1.07e-01	5.54e-03
 3.27082e+22	1.89e-30	2.32e-24	1.84e-20	2.32e-17	1.13e-12	2.90e-09	1.37e-06	1.25e-04	3.45e-03	3.01e-02	8.61e-02	1.58e-01	6.14e-01	1.03e-01	5.17e-03
 3.32809e+22	2.70e-30	3.19e-24	2.43e-20	2.94e-17	1.40e-12	3.54e-09	1.65e-06	1.47e-04	3.93e-03	3.31e-02	9.16e-02	1.62e-01	6.06e-01	9.80e-02	4.72e-03
 3.38767e+22	3.91e-30	4.46e-24	3.25e-20	3.75e-17	1.75e-12	4.36e-09	2.00e-06	1.73e-04	4.49e-03	3.66e-02	9.75e-02	1.67e-01	5.98e-01	9.27e-02	4.28e-03
 3.43724e+22	5.28e-30	5.86e-24	4.12e-20	4.58e-17	2.09e-12	5.17e-09	2.34e-06	1.99e-04	5.00e-03	3.96e-02	1.02e-01	1.70e-01	5.90e-01	8.84e-02	3.95e-03
 3.48867e+22	7.07e-30	7.65e-24	5.20e-20	5.58e-17	2.49e-12	6.10e-09	2.72e-06	2.27e-04	5.55e-03	4.27e-02	1.07e-01	1.73e-01	5.82e-01	8.45e-02	3.66e-03
 3.55554e+22	1.03e-29	1.08e-23	7.00e-20	7.18e-17	3.12e-12	7.53e-09	3.30e-06	2.68e-04	6.33e-03	4.71e-02	1.14e-01	1.77e-01	5.72e-01	7.96e-02	3.31e-03
 3.62498e+22	1.51e-29	1.53e-23	9.54e-20	9.34e-17	3.93e-12	9.35e-09	4.02e-06	3.18e-04	7.23e-03	5.19e-02	1.21e-01	1.81e-01	5.61e-01	7.47e-02	2.97e-03
 3.67986e+22	2.03e-29	2.02e-23	1.21e-19	1.15e-16	4.71e-12	1.10e-08	4.68e-06	3.63e-04	8.02e-03	5.59e-02	1.26e-01	1.84e-01	5.51e-01	7.11e-02	2.74e-03
 3.72625e+22	2.59e-29	2.53e-23	1.48e-19	1.35e-16	5.45e-12	1.27e-08	5.30e-06	4.04e-04	8.72e-03	5.95e-02	1.31e-01	1.86e-01	5.43e-01	6.81e-02	2.55e-03
 3.77952e+22	3.40e-29	3.24e-23	1.84e-19	1.63e-16	6.41e-12	1.47e-08	6.07e-06	4.55e-04	9.56e-03	6.35e-02	1.36e-01	1.89e-01	5.34e-01	6.50e-02	2.36e-03
 3.84876e+22	4.73e-29	4.42e-23	2.42e-19	2.06e-16	7.88e-12	1.78e-08	7.18e-06	5.26e-04	1.07e-02	6.88e-02	1.43e-01	1.91e-01	5.23e-01	6.13e-02	2.15e-03
 3.92447e+22	6.85e-29	6.25e-23	3.27e-19	2.67e-16	9.85e-12	2.19e-08	8.67e-06	6.19e-04	1.21e-02	7.52e-02	1.50e-01	1.94e-01	5.09e-01	5.72e-02	1.92e-03
 3.99159e+22	9.37e-29	8.42e-23	4.25e-19	3.34e-16	1.19e-11	2.61e-08	1.02e-05	7.10e-04	1.35e-02	8.10e-02	1.56e-01	1.96e-01	4.97e-01	5.39e-02	1.75e-03
 4.06183e+22	1.28e-28	1.13e-22	5.51e-19	4.17e-16	1.45e-11	3.12e-08	1.19e-05	8.11e-04	1.49e-02	8.70e-02	1.63e-01	1.98e-01	4.84e-01	5.07e-02	1.59e-03
 4.15315e+22	1.89e-28	1.64e-22	7.66e-19	5.53e-16	1.85e-11	3.89e-08	1.45e-05	9.62e-04	1.70e-02	9.52e-02	1.71e-01	2.00e-01	4.68e-01	4.68e-02	1.40e-03
 4.24811e+22	2.83e-28	2.42e-22	1.08e-18	7.41e-16	2.37e-11	4.90e-08	1.78e-05	1.14e-03	1.94e-02	1.04e-01	1.79e-01	2.01e-01	4.51e-01	4.30e-02	1.23e-03
 4.32787e+22	3.91e-28	3.32e-22	1.42e-18	9.41e-16	2.91e-11	5.90e-08	2.10e-05	1.32e-03	2.15e-02	1.12e-01	1.86e-01	2.02e-01	4.36e-01	4.01e-02	1.10e-03
 4.39828e+22	5.13e-28	4.34e-22	1.80e-18	1.15e-15	3.47e-11	6.90e-08	2.41e-05	1.48e-03	2.35e-02	1.19e-01	1.91e-01	2.02e-01	4.24e-01	3.77e-02	1.00e-03
 4.47644e+22	6.90e-28	5.80e-22	2.33e-18	1.43e-15	4.18e-11	8.17e-08	2.81e-05	1.68e-03	2.58e-02	1.27e-01	1.97e-01	2.02e-01	4.10e-01	3.52e-02	9.05e-04
 4.57806e+22	9.88e-28	8.28e-22	3.19e-18	1.88e-15	5.27e-11	1.01e-07	3.37e-05	1.96e-03	2.89e-02	1.36e-01	2.04e-01	2.02e-01	3.93e-01	3.23e-02	7.97e-04
 4.68567e+22	1.45e-27	1.21e-21	4.47e-18	2.52e-15	6.74e-11	1.26e-07	4.10e-05	2.31e-03	3.27e-02	1.48e-01	2.12e-01	2.01e-01	3.74e-01	2.94e-02	6.91e-04
 4.77327e+22	1.94e-27	1.64e-21	5.84e-18	3.16e-15	8.18e-11	1.50e-07	4.77e-05	2.63e-03	3.59e-02	1.57e-01	2.17e-01	2.00e-01	3.59e-01	2.72e-02	6.16e-04
 4.84735e+22	2.47e-27	2.10e-21	7.26e-18	3.81e-15	9.59e-11	1.72e-07	5.40e-05	2.91e-03	3.87e-02	1.65e-01	2.22e-01	1.99e-01	3.47e-01	2.55e-02	5.60e-04
 4.93168e+22	3.21e-27	2.75e-21	9.22e-18	4.68e-15	1.14e-10	2.01e-07	6.19e-05	3.26e-03	4.20e-02	1.73e-01	2.26e-01	1.97e-01	3.34e-01	2.37e-02	5.04e-04
 5.04131e+22	4.42e-27	3.85e-21	1.24e-17	6.04e-15	1.41e-10	2.44e-07	7.31e-05	3.74e-03	4.63e-02	1.84e-01	2.31e-01	1.95e-01	3.17e-01	2.16e-02	4.42e-04
 5.15834e+22	6.22e-27	5.53e-21	1.70e-17	7.93e-15	1.78e-10	2.99e-07	8.74e-05	4.34e-03	5.15e-02	1.97e-01	2.37e-01	1.92e-01	2.99e-01	1.95e-02	3.80e-04
 5.25836e+22	8.20e-27	7.46e-21	2.22e-17	9.95e-15	2.15e-10	3.54e-07	1.01e-04	4.90e-03	5.61e-02	2.07e-01	2.40e-01	1.89e-01	2.84e-01	1.78e-02	3.35e-04
 5.36175e+22	1.08e-26	9.99e-21	2.87e-17	1.24e-14	2.59e-10	4.18e-07	1.17e-04	5.51e-03	6.09e-02	2.18e-01	2.44e-01	1.86e-01	2.70e-01	1.63e-02	2.96e-04
 5.49616e+22	1.50e-26	1.43e-20	3.96e-17	1.63e-14	3.26e-10	5.12e-07	1.39e-04	6.35e-03	6.73e-02	2.30e-01	2.47e-01	1.81e-01	2.53e-01	1.46e-02	2.53e-04
 5.63568e+22	2.11e-26	2.11e-20	5.54e-17	2.18e-14	4.15e-10	6.33e-07	1.67e-04	7.39e-03	7.46e-02	2.44e-01	2.50e-01	1.76e-01	2.34e-01	1.29e-02	2.12e-04
 5.74940e+22	2.73e-26	2.84e-20	7.21e-17	2.73e-14	5.00e-10	7.47e-07	1.92e-04	8.29e-03	8.07e-02	2.55e-01	2.52e-01	1.72e-01	2.20e-01	1.16e-02	1.85e-04
 5.86477e+22	3.52e-26	3.78e-20	9.28e-17	3.38e-14	5.98e-10	8.75e-07	2.20e-04	9.26e-03	8.70e-02	2.65e-01	2.53e-01	1.67e-01	2.07e-01	1.06e-02	1.62e-04
 6.01475e+22	4.77e-26	5.39e-20	1.27e-16	4.42e-14	7.48e-10	1.06e-06	2.60e-04	1.06e-02	9.50e-02	2.78e-01	2.54e-01	1.61e-01	1.92e-01	9.33e-03	1.37e-04
 6.16373e+22	6.48e-26	7.79e-20	1.75e-16	5.81e-14	9.35e-10	1.30e-06	3.08e-04	1.22e-02	1.04e-01	2.91e-01	2.53e-01	1.55e-01	1.76e-01	8.14e-03	1.13e-04
 6.27427e+22	7.94e-26	1.00e-19	2.19e-16	7.03e-14	1.10e-09	1.49e-06	3.46e-04	1.33e-02	1.11e-01	2.99e-01	2.53e-01	1.50e-01	1.66e-01	7.42e-03	1.00e-04
 6.38083e+22	9.73e-26	1.28e-19	2.70e-16	8.41e-14	1.27e-09	1.69e-06	3.86e-04	1.46e-02	1.17e-01	3.07e-01	2.52e-01	1.46e-01	1.56e-01	6.76e-03	8.82e-05
 6.51936e+22	1.23e-25	1.71e-19	3.49e-16	1.04e-13	1.52e-09	1.97e-06	4.41e-04	1.62e-02	1.25e-01	3.17e-01	2.50e-01	1.40e-01	1.45e-01	6.03e-03	7.58e-05
 6.67283e+22	1.60e-25	2.37e-19	4.64e-16	1.33e-13	1.85e-09	2.35e-06	5.10e-04	1.82e-02	1.35e-01	3.27e-01	2.47e-01	1.34e-01	1.33e-01	5.29e-03	6.36e-05
 6.81207e+22	2.00e-25	3.16e-19	5.98e-16	1.65e-13	2.21e-09	2.74e-06	5.81e-04	2.02e-02	1.43e-01	3.36e-01	2.44e-01	1.28e-01	1.23e-01	4.70e-03	5.42e-05
 6.93908e+22	2.44e-25	4.07e-19	7.46e-16	1.99e-13	2.57e-09	3.12e-06	6.49e-04	2.20e-02	1.51e-01	3.43e-01	2.41e-01	1.23e-01	1.14e-01	4.22e-03	4.71e-05
 7.08383e+22	3.00e-25	5.34e-19	9.46e-16	2.44e-13	3.03e-09	3.60e-06	7.31e-04	2.42e-02	1.60e-01	3.50e-01	2.38e-01	1.18e-01	1.06e-01	3.76e-03	4.04e-05
 7.27199e+22	3.89e-25	7.52e-19	1.28e-15	3.14e-13	3.72e-09	4.30e-06	8.49e-04	2.72e-02	1.72e-01	3.58e-01	2.32e-01	1.11e-01	9.52e-02	3.23e-03	3.31e-05
 7.46762e+22	5.08e-25	1.08e-18	1.76e-15	4.11e-13	4.62e-09	5.19e-06	9.93e-04	3.08e-02	1.84e-01	3.66e-01	2.26e-01	1.04e-01	8.50e-02	2.74e-03	2.66e-05
 7.62819e+22	6.22e-25	1.44e-18	2.26e-15	5.09e-13	5.49e-09	6.02e-06	1.12e-03	3.39e-02	1.95e-01	3.72e-01	2.21e-01	9.84e-02	7.75e-02	2.39e-03	2.24e-05
 7.79215e+22	7.59e-25	1.90e-18	2.87e-15	6.23e-13	6.46e-09	6.91e-06	1.26e-03	3.71e-02	2.05e-01	3.76e-01	2.15e-01	9.31e-02	7.08e-02	2.10e-03	1.89e-05
 8.00531e+22	9.65e-25	2.66e-18	3.85e-15	8.00e-13	7.90e-09	8.21e-06	1.45e-03	4.14e-02	2.17e-01	3.81e-01	2.08e-01	8.68e-02	6.31e-02	1.79e-03	1.53e-05
 8.23389e+22	1.24e-24	3.86e-18	5.33e-15	1.05e-12	9.84e-09	9.91e-06	1.70e-03	4.66e-02	2.31e-01	3.84e-01	1.99e-01	8.00e-02	5.54e-02	1.48e-03	1.20e-05
 8.42999e+22	1.53e-24	5.29e-18	7.03e-15	1.33e-12	1.19e-08	1.16e-05	1.93e-03	5.15e-02	2.43e-01	3.87e-01	1.91e-01	7.45e-02	4.94e-02	1.26e-03	9.79e-06
 8.60466e+22	1.80e-24	6.84e-18	8.80e-15	1.61e-12	1.38e-08	1.32e-05	2.15e-03	5.58e-02	2.53e-01	3.88e-01	1.85e-01	7.01e-02	4.49e-02	1.11e-03	8.27e-06
 8.80398e+22	2.16e-24	9.06e-18	1.12e-14	1.98e-12	1.63e-08	1.52e-05	2.41e-03	6.09e-02	2.64e-01	3.88e-01	1.78e-01	6.54e-02	4.04e-02	9.55e-04	6.84e-06
 9.06308e+22	2.70e-24	1.28e-17	1.52e-14	2.57e-12	2.00e-08	1.81e-05	2.77e-03	6.76e-02	2.78e-01	3.87e-01	1.69e-01	6.00e-02	3.53e-02	7.93e-04	5.40e-06
 9.32912e+22	3.40e-24	1.87e-17	2.12e-14	3.40e-12	2.50e-08	2.18e-05	3.22e-03	7.57e-02	2.92e-01	3.85e-01	1.59e-01	5.43e-02	3.04e-02	6.45e-04	4.15e-06
 9.53746e+22	4.03e-24	2.48e-17	2.72e-14	4.21e-12	2.97e-08	2.51e-05	3.61e-03	8.23e-02	3.03e-01	3.82e-01	1.51e-01	5.03e-02	2.71e-02	5.50e-04	3.39e-06
 9.74162e+22	4.68e-24	3.19e-17	3.39e-14	5.07e-12	3.44e-08	2.84e-05	3.98e-03	8.86e-02	3.13e-01	3.79e-01	1.44e-01	4.69e-02	2.44e-02	4.77e-04	2.84e-06
 1.00070e+23	5.59e-24	4.32e-17	4.43e-14	6.38e-12	4.13e-08	3.30e-05	4.48e-03	9.66e-02	3.24e-01	3.74e-01	1.36e-01	4.30e-02	2.14e-02	4.00e-04	2.27e-06
 1.03041e+23	6.87e-24	6.18e-17	6.07e-14	8.35e-12	5.11e-08	3.93e-05	5.15e-03	1.07e-01	3.37e-01	3.67e-01	1.27e-01	3.86e-02	1.84e-02	3.25e-04	1.75e-06
 1.05694e+23	8.24e-24	8.50e-17	8.04e-14	1.06e-11	6.19e-08	4.60e-05	5.82e-03	1.17e-01	3.48e-01	3.60e-01	1.18e-01	3.50e-02	1.59e-02	2.68e-04	1.37e-06
 1.07962e+23	9.39e-24	1.09e-16	9.99e-14	1.28e-11	7.18e-08	5.19e-05	6.39e-03	1.25e-01	3.56e-01	3.54e-01	1.12e-01	3.24e-02	1.43e-02	2.31e-04	1.14e-06
 1.10459e+23	1.08e-23	1.40e-16	1.25e-13	1.55e-11	8.37e-08	5.87e-05	7.04e-03	1.34e-01	3.64e-01	3.47e-01	1.06e-01	2.99e-02	1.27e-02	1.98e-04	9.38e-07
 1.13706e+23	1.28e-23	1.90e-16	1.64e-13	1.97e-11	1.01e-07	6.84e-05	7.92e-03	1.45e-01	3.73e-01	3.38e-01	9.80e-02	2.69e-02	1.09e-02	1.63e-04	7.36e-07
 1.17306e+23	1.55e-23	2.71e-16	2.24e-13	2.58e-11	1.25e-07	8.13e-05	9.03e-03	1.59e-01	3.82e-01	3.27e-01	8.97e-02	2.39e-02	9.23e-03	1.30e-04	5.57e-07
 1.20555e+23	1.84e-23	3.71e-16	2.97e-13	3.29e-11	1.52e-07	9.50e-05	1.02e-02	1.72e-01	3.90e-01	3.16e-01	8.25e-02	2.13e-02	7.89e-03	1.06e-04	4.31e-07
 1.23456e+23	2.11e-23	4.78e-16	3.72e-13	4.00e-11	1.78e-07	1.08e-04	1.12e-02	1.83e-01	3.96e-01	3.07e-01	7.69e-02	1.95e-02	6.94e-03	8.93e-05	3.51e-07
 1.26715e+23	2.40e-23	6.15e-16	4.66e-13	4.87e-11	2.08e-07	1.22e-04	1.22e-02	1.95e-01	4.00e-01	2.97e-01	7.15e-02	1.77e-02	6.08e-03	7.52e-05	2.84e-07
 1.30953e+23	2.81e-23	8.34e-16	6.12e-13	6.19e-11	2.51e-07	1.42e-04	1.37e-02	2.09e-01	4.06e-01	2.85e-01	6.53e-02	1.57e-02	5.17e-03	6.08e-05	2.19e-07
 1.35741e+23	3.39e-23	1.19e-15	8.45e-13	8.21e-11	3.14e-07	1.69e-04	1.56e-02	2.27e-01	4.10e-01	2.70e-01	5.84e-02	1.36e-02	4.25e-03	4.72e-05	1.60e-07
 1.40149e+23	4.03e-23	1.65e-15	1.13e-12	1.06e-10	3.85e-07	1.98e-04	1.75e-02	2.45e-01	4.13e-01	2.57e-01	5.25e-02	1.19e-02	3.55e-03	3.74e-05	1.21e-07
 1.44087e+23	4.63e-23	2.14e-15	1.43e-12	1.30e-10	4.53e-07	2.25e-04	1.92e-02	2.59e-01	4.14e-01	2.46e-01	4.81e-02	1.06e-02	3.05e-03	3.09e-05	0.00e+00
 1.48507e+23	5.21e-23	2.73e-15	1.78e-12	1.58e-10	5.28e-07	2.53e-04	2.09e-02	2.73e-01	4.15e-01	2.35e-01	4.41e-02	9.54e-03	2.64e-03	2.57e-05	0.00e+00
 1.54087e+23	5.99e-23	3.62e-15	2.29e-12	1.98e-10	6.33e-07	2.92e-04	2.32e-02	2.90e-01	4.14e-01	2.22e-01	3.98e-02	8.38e-03	2.22e-03	2.06e-05	0.00e+00
 1.60374e+23	7.06e-23	5.00e-15	3.07e-12	2.56e-10	7.76e-07	3.42e-04	2.59e-02	3.09e-01	4.12e-01	2.08e-01	3.52e-02	7.20e-03	1.82e-03	1.60e-05	0.00e+00
 1.66063e+23	8.27e-23	6.72e-15	4.01e-12	3.25e-10	9.36e-07	3.95e-04	2.87e-02	3.27e-01	4.09e-01	1.95e-01	3.14e-02	6.24e-03	1.51e-03	1.26e-05	0.00e+00
 1.70672e+23	9.23e-23	8.32e-15	4.87e-12	3.85e-10	1.07e-06	4.38e-04	3.08e-02	3.40e-01	4.06e-01	1.86e-01	2.88e-02	5.61e-03	1.32e-03	1.06e-05	0.00e+00
 1.75556e+23	1.01e-22	1.00e-14	5.77e-12	4.49e-10	1.21e-06	4.81e-04	3.29e-02	3.53e-01	4.03e-01	1.78e-01	2.65e-02	5.09e-03	1.16e-03	9.04e-06	0.00e+00
 1.81907e+23	1.09e-22	1.22e-14	6.88e-12	5.25e-10	1.37e-06	5.29e-04	3.52e-02	3.65e-01	4.00e-01	1.69e-01	2.44e-02	4.59e-03	1.01e-03	7.66e-06	0.00e+00
 1.89267e+23	1.22e-22	1.55e-14	8.59e-12	6.41e-10	1.61e-06	5.97e-04	3.82e-02	3.82e-01	3.94e-01	1.59e-01	2.18e-02	4.02e-03	8.54e-04	6.18e-06	0.00e+00
 1.96961e+23	1.35e-22	1.95e-14	1.06e-11	7.74e-10	1.86e-06	6.70e-04	4.13e-02	3.97e-01	3.88e-01	1.49e-01	1.96e-02	3.53e-03	7.24e-04	5.03e-06	0.00e+00
 2.04963e+23	1.46e-22	2.40e-14	1.28e-11	9.17e-10	2.13e-06	7.42e-04	4.43e-02	4.11e-01	3.82e-01	1.41e-01	1.78e-02	3.13e-03	6.21e-04	4.16e-06	0.00e+00
 2.13285e+23	1.56e-22	2.90e-14	1.52e-11	1.07e-09	2.41e-06	8.15e-04	4.72e-02	4.23e-01	3.76e-01	1.33e-01	1.62e-02	2.80e-03	5.40e-04	3.50e-06	0.00e+00
 2.21926e+23	1.64e-22	3.45e-14	1.78e-11	1.24e-09	2.70e-06	8.89e-04	5.01e-02	4.36e-01	3.70e-01	1.26e-01	1.48e-02	2.52e-03	4.71e-04	2.96e-06	0.00e+00
 2.30281e+23	1.75e-22	4.09e-14	2.09e-11	1.42e-09	3.03e-06	9.69e-04	5.30e-02	4.47e-01	3.64e-01	1.19e-01	1.36e-02	2.27e-03	4.13e-04	2.51e-06	0.00e+00
 2.37801e+23	1.80e-22	4.65e-14	2.35e-11	1.58e-09	3.29e-06	1.03e-03	5.53e-02	4.55e-01	3.59e-01	1.14e-01	1.27e-02	2.09e-03	3.73e-04	2.22e-06	0.00e+00
 2.44569e+23	1.86e-22	5.21e-14	2.61e-11	1.74e-09	3.55e-06	1.09e-03	5.75e-02	4.63e-01	3.54e-01	1.10e-01	1.19e-02	1.94e-03	3.40e-04	1.98e-06	0.00e+00
 2.50661e+23	1.91e-22	5.72e-14	2.84e-11	1.88e-09	3.77e-06	1.15e-03	5.93e-02	4.69e-01	3.50e-01	1.07e-01	1.13e-02	1.83e-03	3.15e-04	1.81e-06	0.00e+00
 2.56143e+23	1.92e-22	6.13e-14	3.03e-11	1.99e-09	3.95e-06	1.19e-03	6.07e-02	4.74e-01	3.47e-01	1.04e-01	1.09e-02	1.74e-03	2.97e-04	1.68e-06	0.00e+00
 2.61077e+23	1.93e-22	6.50e-14	3.20e-11	2.10e-09	4.11e-06	1.22e-03	6.19e-02	4.78e-01	3.44e-01	1.02e-01	1.05e-02	1.68e-03	2.82e-04	1.58e-06	0.00e+00
 2.65517e+23	1.93e-22	6.83e-14	3.35e-11	2.18e-09	4.25e-06	1.26e-03	6.30e-02	4.82e-01	3.42e-01	9.98e-02	1.02e-02	1.62e-03	2.71e-04	1.50e-06	0.00e+00
 2.69514e+23	1.92e-22	7.10e-14	3.47e-11	2.26e-09	4.36e-06	1.28e-03	6.38e-02	4.84e-01	3.40e-01	9.83e-02	9.97e-03	1.58e-03	2.62e-04	1.44e-06	0.00e+00
 2.73110e+23	1.91e-22	7.34e-14	3.58e-11	2.32e-09	4.47e-06	1.30e-03	6.46e-02	4.87e-01	3.39e-01	9.70e-02	9.76e-03	1.54e-03	2.54e-04	1.39e-06	0.00e+00
 2.76347e+23	1.91e-22	7.57e-14	3.68e-11	2.39e-09	4.56e-06	1.33e-03	6.53e-02	4.89e-01	3.37e-01	9.59e-02	9.59e-03	1.50e-03	2.47e-04	1.34e-06	0.00e+00
 2.79408e+23	1.88e-22	7.69e-14	3.74e-11	2.42e-09	4.61e-06	1.34e-03	6.57e-02	4.90e-01	3.36e-01	9.52e-02	9.47e-03	1.48e-03	2.43e-04	1.32e-06	0.00e+00
 2.82463e+23	1.84e-22	7.78e-14	3.78e-11	2.44e-09	4.65e-06	1.35e-03	6.61e-02	4.91e-01	3.36e-01	9.46e-02	9.39e-03	1.47e-03	2.40e-04	1.30e-06	0.00e+00
 2.85518e+23	1.80e-22	7.88e-14	3.83e-11	2.47e-09	4.70e-06	1.36e-03	6.65e-02	4.92e-01	3.35e-01	9.40e-02	9.29e-03	1.45e-03	2.36e-04	1.27e-06	0.00e+00
 2.88573e+23	1.77e-22	7.98e-14	3.88e-11	2.50e-09	4.74e-06	1.37e-03	6.68e-02	4.94e-01	3.34e-01	9.34e-02	9.19e-03	1.43e-03	2.33e-04	1.25e-06	0.00e+00
 2.91628e+23	1.73e-22	8.06e-14	3.91e-11	2.53e-09	4.78e-06	1.38e-03	6.71e-02	4.95e-01	3.33e-01	9.28e-02	9.11e-03	1.42e-03	2.30e-04	1.23e-06	0.00e+00
 2.94682e+23	1.69e-22	8.13e-14	3.94e-11	2.54e-09	4.81e-06	1.39e-03	6.74e-02	4.95e-01	3.33e-01	9.24e-02	9.04e-03	1.41e-03	2.27e-04	1.22e-06	0.00e+00
 2.97737e+23	1.65e-22	8.16e-14	3.96e-11	2.56e-09	4.83e-06	1.39e-03	6.76e-02	4.96e-01	3.32e-01	9.20e-02	8.99e-03	1.40e-03	2.26e-04	1.21e-06	0.00e+00
