#depth	Ne	Ne+	Ne+2	Ne+3	Ne+4	Ne+5	Ne+6	Ne+7	Ne+8	Ne+9	Ne+10
 6.17135e+19	0.00e+00	0.00e+00	0.00e+00	1.97e-31	1.97e-25	3.82e-20	2.59e-15	7.55e-11	2.80e-06	3.27e-03	9.97e-01
 1.87609e+20	0.00e+00	0.00e+00	0.00e+00	3.60e-31	3.27e-25	5.80e-20	3.58e-15	9.55e-11	3.31e-06	3.56e-03	9.96e-01
 3.18540e+20	0.00e+00	0.00e+00	0.00e+00	6.61e-31	5.47e-25	8.84e-20	4.97e-15	1.21e-10	3.91e-06	3.88e-03	9.96e-01
 4.54709e+20	0.00e+00	0.00e+00	0.00e+00	1.22e-30	9.19e-25	1.35e-19	6.90e-15	1.53e-10	4.62e-06	4.24e-03	9.96e-01
 5.55111e+20	0.00e+00	0.00e+00	0.00e+00	1.90e-30	1.34e-24	1.83e-19	8.75e-15	1.82e-10	5.21e-06	4.52e-03	9.95e-01
 6.06530e+20	0.00e+00	0.00e+00	0.00e+00	2.38e-30	1.61e-24	2.14e-19	9.85e-15	1.98e-10	5.54e-06	4.66e-03	9.95e-01
 6.53533e+20	0.00e+00	0.00e+00	0.00e+00	2.91e-30	1.91e-24	2.46e-19	1.10e-14	2.14e-10	5.85e-06	4.80e-03	9.95e-01
 7.14636e+20	0.00e+00	0.00e+00	0.00e+00	3.77e-30	2.38e-24	2.94e-19	1.26e-14	2.36e-10	6.28e-06	4.98e-03	9.95e-01
 7.94071e+20	0.00e+00	0.00e+00	0.00e+00	5.26e-30	3.15e-24	3.69e-19	1.50e-14	2.68e-10	6.87e-06	5.22e-03	9.95e-01
 8.79208e+20	0.00e+00	0.00e+00	0.00e+00	7.48e-30	4.25e-24	4.71e-19	1.81e-14	3.06e-10	7.56e-06	5.49e-03	9.94e-01
 9.53696e+20	0.00e+00	0.00e+00	0.00e+00	1.01e-29	5.49e-24	5.80e-19	2.13e-14	3.43e-10	8.20e-06	5.74e-03	9.94e-01
 1.03247e+21	0.00e+00	0.00e+00	0.00e+00	1.39e-29	7.17e-24	7.21e-19	2.52e-14	3.86e-10	8.94e-06	6.00e-03	9.94e-01
 1.12036e+21	0.00e+00	0.00e+00	0.00e+00	1.98e-29	9.63e-24	9.17e-19	3.02e-14	4.40e-10	9.82e-06	6.31e-03	9.94e-01
 1.19511e+21	0.00e+00	0.00e+00	0.00e+00	2.65e-29	1.23e-23	1.12e-18	3.53e-14	4.91e-10	1.06e-05	6.58e-03	9.93e-01
 1.25439e+21	0.00e+00	0.00e+00	0.00e+00	3.36e-29	1.51e-23	1.32e-18	4.00e-14	5.36e-10	1.13e-05	6.80e-03	9.93e-01
 1.31855e+21	0.00e+00	0.00e+00	0.00e+00	4.29e-29	1.85e-23	1.56e-18	4.54e-14	5.87e-10	1.21e-05	7.04e-03	9.93e-01
 1.40195e+21	0.00e+00	0.00e+00	0.00e+00	5.90e-29	2.42e-23	1.94e-18	5.37e-14	6.61e-10	1.32e-05	7.37e-03	9.93e-01
 1.48848e+21	0.00e+00	0.00e+00	0.00e+00	8.19e-29	3.18e-23	2.42e-18	6.37e-14	7.46e-10	1.44e-05	7.72e-03	9.92e-01
 1.56012e+21	0.00e+00	0.00e+00	0.00e+00	1.07e-28	3.99e-23	2.91e-18	7.34e-14	8.23e-10	1.55e-05	8.02e-03	9.92e-01
 1.62405e+21	0.00e+00	0.00e+00	0.00e+00	1.36e-28	4.87e-23	3.42e-18	8.30e-14	8.98e-10	1.65e-05	8.29e-03	9.92e-01
 1.69690e+21	0.00e+00	0.00e+00	0.00e+00	1.78e-28	6.12e-23	4.12e-18	9.56e-14	9.92e-10	1.77e-05	8.61e-03	9.91e-01
 1.77858e+21	0.00e+00	0.00e+00	0.00e+00	2.40e-28	7.86e-23	5.04e-18	1.12e-13	1.11e-09	1.92e-05	8.98e-03	9.91e-01
 1.85576e+21	0.00e+00	0.00e+00	0.00e+00	3.17e-28	9.95e-23	6.11e-18	1.29e-13	1.23e-09	2.07e-05	9.34e-03	9.91e-01
 1.92823e+21	0.00e+00	0.00e+00	0.00e+00	4.13e-28	1.24e-22	7.31e-18	1.48e-13	1.35e-09	2.21e-05	9.68e-03	9.90e-01
 1.99683e+21	0.00e+00	0.00e+00	0.00e+00	5.27e-28	1.52e-22	8.63e-18	1.68e-13	1.48e-09	2.36e-05	1.00e-02	9.90e-01
 2.07227e+21	0.00e+00	0.00e+00	0.00e+00	6.88e-28	1.91e-22	1.04e-17	1.93e-13	1.63e-09	2.54e-05	1.04e-02	9.90e-01
 2.15423e+21	0.00e+00	0.00e+00	0.00e+00	9.18e-28	2.43e-22	1.26e-17	2.25e-13	1.81e-09	2.74e-05	1.08e-02	9.89e-01
 2.22732e+21	0.00e+00	0.00e+00	0.00e+00	1.19e-27	3.01e-22	1.50e-17	2.57e-13	1.99e-09	2.93e-05	1.12e-02	9.89e-01
 2.29473e+21	0.00e+00	0.00e+00	0.00e+00	1.50e-27	3.68e-22	1.76e-17	2.91e-13	2.17e-09	3.12e-05	1.16e-02	9.88e-01
 2.37210e+21	0.00e+00	0.00e+00	0.00e+00	1.96e-27	4.59e-22	2.12e-17	3.34e-13	2.39e-09	3.35e-05	1.20e-02	9.88e-01
 2.45595e+21	0.00e+00	0.00e+00	1.79e-33	2.61e-27	5.85e-22	2.58e-17	3.88e-13	2.66e-09	3.61e-05	1.25e-02	9.87e-01
 2.53014e+21	0.00e+00	0.00e+00	2.40e-33	3.36e-27	7.24e-22	3.06e-17	4.43e-13	2.92e-09	3.86e-05	1.29e-02	9.87e-01
 2.59804e+21	0.00e+00	0.00e+00	3.15e-33	4.24e-27	8.81e-22	3.59e-17	5.00e-13	3.18e-09	4.11e-05	1.34e-02	9.87e-01
 2.67581e+21	0.00e+00	0.00e+00	4.25e-33	5.50e-27	1.10e-21	4.29e-17	5.73e-13	3.50e-09	4.40e-05	1.38e-02	9.86e-01
 2.76344e+21	0.00e+00	0.00e+00	5.98e-33	7.37e-27	1.40e-21	5.24e-17	6.68e-13	3.90e-09	4.75e-05	1.44e-02	9.86e-01
 2.84554e+21	0.00e+00	0.00e+00	8.21e-33	9.69e-27	1.76e-21	6.32e-17	7.71e-13	4.31e-09	5.11e-05	1.49e-02	9.85e-01
 2.91820e+21	0.00e+00	0.00e+00	1.09e-32	1.23e-26	2.16e-21	7.45e-17	8.74e-13	4.71e-09	5.44e-05	1.54e-02	9.85e-01
 2.99691e+21	0.00e+00	0.00e+00	1.45e-32	1.58e-26	2.66e-21	8.84e-17	9.97e-13	5.17e-09	5.81e-05	1.60e-02	9.84e-01
 3.09923e+21	0.00e+00	0.00e+00	2.15e-32	2.22e-26	3.55e-21	1.12e-16	1.19e-12	5.87e-09	6.35e-05	1.67e-02	9.83e-01
 3.19928e+21	0.00e+00	0.00e+00	3.14e-32	3.07e-26	4.67e-21	1.40e-16	1.42e-12	6.62e-09	6.92e-05	1.75e-02	9.82e-01
 3.27476e+21	0.00e+00	0.00e+00	4.16e-32	3.92e-26	5.73e-21	1.65e-16	1.61e-12	7.25e-09	7.37e-05	1.80e-02	9.82e-01
 3.35127e+21	0.00e+00	0.00e+00	5.51e-32	5.00e-26	7.04e-21	1.95e-16	1.83e-12	7.95e-09	7.86e-05	1.86e-02	9.81e-01
 3.45074e+21	0.00e+00	0.00e+00	7.94e-32	6.84e-26	9.17e-21	2.42e-16	2.16e-12	8.94e-09	8.54e-05	1.94e-02	9.81e-01
 3.55141e+21	0.00e+00	0.00e+00	1.15e-31	9.39e-26	1.20e-20	3.02e-16	2.56e-12	1.01e-08	9.27e-05	2.02e-02	9.80e-01
 3.63116e+21	0.00e+00	0.00e+00	1.53e-31	1.20e-25	1.48e-20	3.58e-16	2.92e-12	1.11e-08	9.90e-05	2.09e-02	9.79e-01
 3.71237e+21	0.00e+00	0.00e+00	2.04e-31	1.55e-25	1.83e-20	4.26e-16	3.33e-12	1.22e-08	1.06e-04	2.16e-02	9.78e-01
 3.81794e+21	0.00e+00	0.00e+00	2.96e-31	2.13e-25	2.40e-20	5.32e-16	3.96e-12	1.38e-08	1.15e-04	2.25e-02	9.77e-01
 3.92614e+21	0.00e+00	0.00e+00	4.33e-31	2.96e-25	3.16e-20	6.68e-16	4.71e-12	1.56e-08	1.25e-04	2.35e-02	9.76e-01
 4.01405e+21	0.00e+00	0.00e+00	5.92e-31	3.87e-25	3.97e-20	8.05e-16	5.44e-12	1.73e-08	1.34e-04	2.44e-02	9.75e-01
 4.10464e+21	0.00e+00	0.00e+00	8.01e-31	5.03e-25	4.96e-20	9.66e-16	6.27e-12	1.91e-08	1.44e-04	2.52e-02	9.75e-01
 4.22242e+21	0.00e+00	0.00e+00	1.19e-30	7.09e-25	6.63e-20	1.23e-15	7.53e-12	2.18e-08	1.57e-04	2.64e-02	9.73e-01
 4.33996e+21	0.00e+00	0.00e+00	1.76e-30	9.95e-25	8.84e-20	1.55e-15	9.04e-12	2.49e-08	1.72e-04	2.76e-02	9.72e-01
 4.42907e+21	0.00e+00	0.00e+00	2.36e-30	1.28e-24	1.10e-19	1.85e-15	1.04e-11	2.74e-08	1.84e-04	2.85e-02	9.71e-01
 4.51680e+21	0.00e+00	0.00e+00	3.14e-30	1.64e-24	1.35e-19	2.20e-15	1.18e-11	3.02e-08	1.96e-04	2.94e-02	9.70e-01
 4.63084e+21	0.00e+00	0.00e+00	4.51e-30	2.24e-24	1.76e-19	2.74e-15	1.40e-11	3.41e-08	2.13e-04	3.06e-02	9.69e-01
 4.74989e+21	0.00e+00	0.00e+00	6.56e-30	3.10e-24	2.32e-19	3.44e-15	1.67e-11	3.87e-08	2.31e-04	3.19e-02	9.68e-01
 4.84997e+21	0.00e+00	0.00e+00	9.01e-30	4.08e-24	2.93e-19	4.16e-15	1.94e-11	4.31e-08	2.49e-04	3.30e-02	9.67e-01
 4.94018e+21	0.00e+00	0.00e+00	1.18e-29	5.14e-24	3.56e-19	4.89e-15	2.20e-11	4.72e-08	2.64e-04	3.40e-02	9.66e-01
 5.04307e+21	0.00e+00	0.00e+00	1.60e-29	6.70e-24	4.46e-19	5.90e-15	2.55e-11	5.24e-08	2.83e-04	3.52e-02	9.64e-01
 5.15884e+21	0.00e+00	0.00e+00	2.25e-29	9.00e-24	5.74e-19	7.25e-15	2.99e-11	5.89e-08	3.06e-04	3.66e-02	9.63e-01
 5.26807e+21	0.00e+00	0.00e+00	3.08e-29	1.18e-23	7.24e-19	8.79e-15	3.47e-11	6.56e-08	3.29e-04	3.79e-02	9.62e-01
 5.37057e+21	0.00e+00	0.00e+00	4.12e-29	1.52e-23	8.97e-19	1.05e-14	3.99e-11	7.25e-08	3.51e-04	3.91e-02	9.61e-01
 5.48760e+21	0.00e+00	0.00e+00	5.70e-29	2.01e-23	1.14e-18	1.28e-14	4.65e-11	8.10e-08	3.78e-04	4.06e-02	9.59e-01
 5.61867e+21	0.00e+00	0.00e+00	8.14e-29	2.75e-23	1.48e-18	1.59e-14	5.51e-11	9.17e-08	4.10e-04	4.22e-02	9.57e-01
 5.74181e+21	0.00e+00	0.00e+00	1.13e-28	3.65e-23	1.89e-18	1.94e-14	6.45e-11	1.03e-07	4.42e-04	4.38e-02	9.56e-01
 5.85778e+21	0.00e+00	0.00e+00	1.53e-28	4.75e-23	2.37e-18	2.34e-14	7.45e-11	1.14e-07	4.73e-04	4.53e-02	9.54e-01
 5.97257e+21	0.00e+00	0.00e+00	2.06e-28	6.13e-23	2.94e-18	2.80e-14	8.58e-11	1.26e-07	5.06e-04	4.68e-02	9.53e-01
 6.10374e+21	0.00e+00	0.00e+00	2.86e-28	8.15e-23	3.75e-18	3.43e-14	1.00e-10	1.42e-07	5.46e-04	4.85e-02	9.51e-01
 6.24636e+21	0.00e+00	0.00e+00	4.06e-28	1.11e-22	4.86e-18	4.25e-14	1.19e-10	1.60e-07	5.92e-04	5.05e-02	9.49e-01
 6.37438e+21	0.00e+00	0.00e+00	5.52e-28	1.45e-22	6.11e-18	5.13e-14	1.38e-10	1.78e-07	6.35e-04	5.22e-02	9.47e-01
 6.51133e+21	0.00e+00	0.00e+00	7.62e-28	1.91e-22	7.75e-18	6.26e-14	1.61e-10	2.00e-07	6.84e-04	5.41e-02	9.45e-01
 6.66499e+21	0.00e+00	0.00e+00	1.09e-27	2.60e-22	1.01e-17	7.78e-14	1.91e-10	2.26e-07	7.42e-04	5.63e-02	9.43e-01
 6.80983e+21	0.00e+00	0.00e+00	1.51e-27	3.45e-22	1.29e-17	9.51e-14	2.23e-10	2.54e-07	7.99e-04	5.83e-02	9.41e-01
 6.94418e+21	0.00e+00	0.00e+00	2.03e-27	4.47e-22	1.60e-17	1.14e-13	2.57e-10	2.81e-07	8.56e-04	6.03e-02	9.39e-01
 7.09545e+21	0.00e+00	0.00e+00	2.81e-27	5.94e-22	2.04e-17	1.40e-13	3.01e-10	3.16e-07	9.23e-04	6.25e-02	9.37e-01
 7.25788e+21	0.00e+00	2.10e-33	3.97e-27	8.01e-22	2.64e-17	1.73e-13	3.56e-10	3.56e-07	9.99e-04	6.49e-02	9.34e-01
 7.40079e+21	0.00e+00	2.94e-33	5.34e-27	1.04e-21	3.29e-17	2.07e-13	4.11e-10	3.96e-07	1.07e-03	6.71e-02	9.32e-01
 7.55258e+21	0.00e+00	4.18e-33	7.27e-27	1.36e-21	4.13e-17	2.51e-13	4.77e-10	4.41e-07	1.15e-03	6.94e-02	9.29e-01
 7.72393e+21	0.00e+00	6.16e-33	1.02e-26	1.82e-21	5.32e-17	3.10e-13	5.63e-10	4.98e-07	1.24e-03	7.21e-02	9.27e-01
 7.88679e+21	0.00e+00	8.84e-33	1.41e-26	2.41e-21	6.75e-17	3.77e-13	6.57e-10	5.57e-07	1.34e-03	7.47e-02	9.24e-01
 8.04075e+21	0.00e+00	1.24e-32	1.89e-26	3.11e-21	8.41e-17	4.52e-13	7.58e-10	6.18e-07	1.43e-03	7.71e-02	9.21e-01
 8.21703e+21	0.00e+00	1.80e-32	2.63e-26	4.15e-21	1.07e-16	5.55e-13	8.89e-10	6.95e-07	1.54e-03	8.00e-02	9.18e-01
 8.41230e+21	0.00e+00	2.71e-32	3.78e-26	5.67e-21	1.40e-16	6.93e-13	1.06e-09	7.90e-07	1.68e-03	8.32e-02	9.15e-01
 8.59325e+21	0.00e+00	3.92e-32	5.24e-26	7.54e-21	1.79e-16	8.48e-13	1.24e-09	8.87e-07	1.81e-03	8.62e-02	9.12e-01
 8.78945e+21	0.00e+00	5.81e-32	7.40e-26	1.02e-20	2.32e-16	1.05e-12	1.47e-09	1.00e-06	1.96e-03	8.95e-02	9.09e-01
 8.99556e+21	0.00e+00	8.72e-32	1.06e-25	1.39e-20	3.03e-16	1.31e-12	1.75e-09	1.14e-06	2.13e-03	9.31e-02	9.05e-01
 9.17046e+21	0.00e+00	1.22e-31	1.43e-25	1.80e-20	3.78e-16	1.58e-12	2.02e-09	1.26e-06	2.28e-03	9.61e-02	9.02e-01
 9.35374e+21	0.00e+00	1.73e-31	1.94e-25	2.35e-20	4.74e-16	1.90e-12	2.34e-09	1.41e-06	2.44e-03	9.94e-02	8.98e-01
 9.59201e+21	0.00e+00	2.69e-31	2.86e-25	3.30e-20	6.33e-16	2.42e-12	2.83e-09	1.62e-06	2.67e-03	1.04e-01	8.94e-01
 9.83469e+21	0.00e+00	4.19e-31	4.23e-25	4.64e-20	8.48e-16	3.09e-12	3.42e-09	1.86e-06	2.92e-03	1.08e-01	8.89e-01
 1.00284e+22	0.00e+00	5.94e-31	5.75e-25	6.06e-20	1.06e-15	3.73e-12	3.97e-09	2.07e-06	3.13e-03	1.12e-01	8.85e-01
 1.02256e+22	0.00e+00	8.39e-31	7.80e-25	7.90e-20	1.34e-15	4.51e-12	4.61e-09	2.31e-06	3.36e-03	1.15e-01	8.81e-01
 1.04820e+22	0.00e+00	1.30e-30	1.15e-24	1.11e-19	1.78e-15	5.73e-12	5.56e-09	2.65e-06	3.67e-03	1.20e-01	8.76e-01
 1.07466e+22	0.00e+00	2.04e-30	1.71e-24	1.56e-19	2.40e-15	7.33e-12	6.75e-09	3.05e-06	4.02e-03	1.25e-01	8.71e-01
 1.09472e+22	0.00e+00	2.86e-30	2.30e-24	2.02e-19	2.99e-15	8.81e-12	7.80e-09	3.38e-06	4.30e-03	1.29e-01	8.66e-01
 1.11045e+22	0.00e+00	3.69e-30	2.88e-24	2.46e-19	3.53e-15	1.01e-11	8.70e-09	3.66e-06	4.53e-03	1.32e-01	8.63e-01
 1.12805e+22	0.00e+00	4.94e-30	3.73e-24	3.07e-19	4.28e-15	1.19e-11	9.85e-09	4.01e-06	4.80e-03	1.36e-01	8.59e-01
 1.15092e+22	0.00e+00	7.02e-30	5.08e-24	4.03e-19	5.39e-15	1.44e-11	1.15e-08	4.48e-06	5.15e-03	1.40e-01	8.54e-01
 1.17578e+22	0.00e+00	1.05e-29	7.26e-24	5.49e-19	7.03e-15	1.79e-11	1.36e-08	5.08e-06	5.58e-03	1.46e-01	8.49e-01
 1.19736e+22	0.00e+00	1.47e-29	9.77e-24	7.11e-19	8.77e-15	2.16e-11	1.57e-08	5.64e-06	5.97e-03	1.50e-01	8.44e-01
 1.21665e+22	0.00e+00	1.99e-29	1.27e-23	8.95e-19	1.07e-14	2.54e-11	1.79e-08	6.19e-06	6.34e-03	1.54e-01	8.39e-01
 1.23543e+22	0.00e+00	2.64e-29	1.63e-23	1.11e-18	1.29e-14	2.97e-11	2.02e-08	6.76e-06	6.71e-03	1.58e-01	8.35e-01
 1.25647e+22	0.00e+00	3.59e-29	2.14e-23	1.41e-18	1.57e-14	3.51e-11	2.31e-08	7.43e-06	7.13e-03	1.63e-01	8.30e-01
 1.27948e+22	0.00e+00	5.09e-29	2.92e-23	1.84e-18	1.98e-14	4.25e-11	2.68e-08	8.28e-06	7.64e-03	1.68e-01	8.25e-01
 1.29979e+22	0.00e+00	6.87e-29	3.80e-23	2.31e-18	2.41e-14	5.01e-11	3.05e-08	9.09e-06	8.10e-03	1.72e-01	8.20e-01
 1.31802e+22	0.00e+00	8.96e-29	4.80e-23	2.84e-18	2.87e-14	5.79e-11	3.41e-08	9.87e-06	8.54e-03	1.76e-01	8.15e-01
 1.33883e+22	0.00e+00	1.20e-28	6.20e-23	3.55e-18	3.48e-14	6.79e-11	3.87e-08	1.08e-05	9.04e-03	1.81e-01	8.10e-01
 1.36082e+22	0.00e+00	1.65e-28	8.23e-23	4.54e-18	4.29e-14	8.09e-11	4.44e-08	1.19e-05	9.63e-03	1.86e-01	8.04e-01
 1.37913e+22	0.00e+00	2.14e-28	1.04e-22	5.54e-18	5.10e-14	9.33e-11	4.96e-08	1.29e-05	1.01e-02	1.90e-01	8.00e-01
 1.39771e+22	0.00e+00	2.78e-28	1.30e-22	6.76e-18	6.04e-14	1.08e-10	5.54e-08	1.40e-05	1.07e-02	1.94e-01	7.95e-01
 1.42186e+22	0.00e+00	3.87e-28	1.74e-22	8.70e-18	7.51e-14	1.29e-10	6.39e-08	1.55e-05	1.14e-02	2.00e-01	7.89e-01
 1.44623e+22	0.00e+00	5.42e-28	2.34e-22	1.13e-17	9.37e-14	1.55e-10	7.38e-08	1.72e-05	1.21e-02	2.06e-01	7.82e-01
 1.46531e+22	0.00e+00	7.04e-28	2.95e-22	1.38e-17	1.11e-13	1.79e-10	8.26e-08	1.87e-05	1.28e-02	2.10e-01	7.77e-01
 1.48452e+22	0.00e+00	9.11e-28	3.70e-22	1.68e-17	1.32e-13	2.06e-10	9.22e-08	2.02e-05	1.34e-02	2.15e-01	7.72e-01
 1.50949e+22	0.00e+00	1.27e-27	4.97e-22	2.16e-17	1.64e-13	2.47e-10	1.06e-07	2.24e-05	1.43e-02	2.21e-01	7.65e-01
 1.53382e+22	0.00e+00	1.76e-27	6.62e-22	2.78e-17	2.03e-13	2.96e-10	1.22e-07	2.47e-05	1.53e-02	2.27e-01	7.58e-01
 1.55170e+22	0.00e+00	2.24e-27	8.18e-22	3.34e-17	2.38e-13	3.38e-10	1.36e-07	2.66e-05	1.60e-02	2.31e-01	7.53e-01
 1.56931e+22	0.00e+00	2.81e-27	1.00e-21	3.98e-17	2.77e-13	3.83e-10	1.50e-07	2.86e-05	1.67e-02	2.36e-01	7.48e-01
 1.59222e+22	0.00e+00	3.78e-27	1.30e-21	4.99e-17	3.36e-13	4.50e-10	1.70e-07	3.13e-05	1.77e-02	2.41e-01	7.41e-01
 1.61644e+22	0.00e+00	5.18e-27	1.71e-21	6.35e-17	4.14e-13	5.35e-10	1.95e-07	3.45e-05	1.88e-02	2.47e-01	7.34e-01
 1.63696e+22	0.00e+00	6.75e-27	2.16e-21	7.78e-17	4.93e-13	6.20e-10	2.18e-07	3.74e-05	1.97e-02	2.53e-01	7.28e-01
 1.65824e+22	1.80e-33	8.84e-27	2.74e-21	9.57e-17	5.89e-13	7.19e-10	2.45e-07	4.06e-05	2.08e-02	2.58e-01	7.21e-01
 1.68221e+22	2.53e-33	1.20e-26	3.59e-21	1.21e-16	7.20e-13	8.50e-10	2.79e-07	4.46e-05	2.20e-02	2.64e-01	7.14e-01
 1.70465e+22	3.48e-33	1.59e-26	4.61e-21	1.50e-16	8.68e-13	9.95e-10	3.16e-07	4.86e-05	2.32e-02	2.70e-01	7.07e-01
 1.72440e+22	4.59e-33	2.04e-26	5.74e-21	1.82e-16	1.02e-12	1.14e-09	3.51e-07	5.25e-05	2.44e-02	2.75e-01	7.01e-01
 1.74569e+22	6.16e-33	2.66e-26	7.24e-21	2.23e-16	1.22e-12	1.32e-09	3.94e-07	5.69e-05	2.56e-02	2.81e-01	6.94e-01
 1.76971e+22	8.60e-33	3.58e-26	9.41e-21	2.80e-16	1.48e-12	1.56e-09	4.48e-07	6.24e-05	2.71e-02	2.87e-01	6.86e-01
 1.79172e+22	1.17e-32	4.70e-26	1.20e-20	3.45e-16	1.78e-12	1.81e-09	5.04e-07	6.78e-05	2.85e-02	2.93e-01	6.79e-01
 1.81110e+22	1.52e-32	5.97e-26	1.48e-20	4.14e-16	2.08e-12	2.07e-09	5.59e-07	7.29e-05	2.98e-02	2.98e-01	6.72e-01
 1.83262e+22	2.04e-32	7.75e-26	1.86e-20	5.06e-16	2.47e-12	2.39e-09	6.26e-07	7.90e-05	3.13e-02	3.03e-01	6.65e-01
 1.86060e+22	2.96e-32	1.08e-25	2.50e-20	6.55e-16	3.09e-12	2.88e-09	7.24e-07	8.76e-05	3.33e-02	3.11e-01	6.56e-01
 1.88837e+22	4.36e-32	1.53e-25	3.39e-20	8.53e-16	3.89e-12	3.49e-09	8.42e-07	9.74e-05	3.56e-02	3.18e-01	6.46e-01
 1.90922e+22	5.76e-32	1.97e-25	4.23e-20	1.03e-15	4.59e-12	4.02e-09	9.40e-07	1.05e-04	3.73e-02	3.24e-01	6.39e-01
 1.92969e+22	7.50e-32	2.49e-25	5.21e-20	1.24e-15	5.37e-12	4.58e-09	1.04e-06	1.13e-04	3.89e-02	3.29e-01	6.32e-01
 1.95631e+22	1.06e-31	3.40e-25	6.85e-20	1.58e-15	6.61e-12	5.46e-09	1.19e-06	1.24e-04	4.12e-02	3.36e-01	6.22e-01
 1.98422e+22	1.53e-31	4.72e-25	9.16e-20	2.03e-15	8.23e-12	6.56e-09	1.38e-06	1.38e-04	4.38e-02	3.44e-01	6.12e-01
 2.00758e+22	2.09e-31	6.23e-25	1.17e-19	2.51e-15	9.91e-12	7.68e-09	1.56e-06	1.50e-04	4.61e-02	3.50e-01	6.04e-01
 2.02846e+22	2.71e-31	7.88e-25	1.44e-19	3.01e-15	1.16e-11	8.76e-09	1.73e-06	1.61e-04	4.82e-02	3.56e-01	5.96e-01
 2.05238e+22	3.66e-31	1.03e-24	1.83e-19	3.71e-15	1.39e-11	1.02e-08	1.95e-06	1.75e-04	5.06e-02	3.62e-01	5.87e-01
 2.08348e+22	5.37e-31	1.46e-24	2.48e-19	4.84e-15	1.75e-11	1.24e-08	2.27e-06	1.95e-04	5.40e-02	3.70e-01	5.76e-01
 2.11498e+22	7.95e-31	2.07e-24	3.39e-19	6.36e-15	2.22e-11	1.52e-08	2.66e-06	2.18e-04	5.76e-02	3.78e-01	5.64e-01
 2.14005e+22	1.08e-30	2.73e-24	4.33e-19	7.87e-15	2.68e-11	1.78e-08	3.01e-06	2.37e-04	6.06e-02	3.84e-01	5.55e-01
 2.16566e+22	1.46e-30	3.58e-24	5.51e-19	9.72e-15	3.21e-11	2.07e-08	3.40e-06	2.58e-04	6.37e-02	3.90e-01	5.46e-01
 2.19417e+22	2.04e-30	4.84e-24	7.20e-19	1.23e-14	3.94e-11	2.46e-08	3.89e-06	2.84e-04	6.73e-02	3.97e-01	5.35e-01
 2.22014e+22	2.76e-30	6.35e-24	9.16e-19	1.51e-14	4.74e-11	2.88e-08	4.40e-06	3.09e-04	7.07e-02	4.03e-01	5.26e-01
 2.24357e+22	3.60e-30	8.07e-24	1.13e-18	1.83e-14	5.58e-11	3.31e-08	4.91e-06	3.34e-04	7.39e-02	4.09e-01	5.17e-01
 2.26998e+22	4.80e-30	1.05e-23	1.43e-18	2.23e-14	6.65e-11	3.84e-08	5.52e-06	3.62e-04	7.75e-02	4.15e-01	5.07e-01
 2.30432e+22	6.93e-30	1.46e-23	1.92e-18	2.89e-14	8.34e-11	4.65e-08	6.42e-06	4.02e-04	8.23e-02	4.22e-01	4.95e-01
 2.33888e+22	1.00e-29	2.03e-23	2.57e-18	3.75e-14	1.05e-10	5.64e-08	7.48e-06	4.47e-04	8.74e-02	4.29e-01	4.83e-01
 2.36592e+22	1.32e-29	2.61e-23	3.23e-18	4.56e-14	1.24e-10	6.53e-08	8.40e-06	4.84e-04	9.15e-02	4.35e-01	4.73e-01
 2.39329e+22	1.73e-29	3.33e-23	4.01e-18	5.52e-14	1.47e-10	7.53e-08	9.39e-06	5.23e-04	9.56e-02	4.40e-01	4.64e-01
 2.42888e+22	2.43e-29	4.54e-23	5.28e-18	7.03e-14	1.82e-10	9.01e-08	1.08e-05	5.77e-04	1.01e-01	4.46e-01	4.52e-01
 2.46642e+22	3.47e-29	6.27e-23	7.04e-18	9.05e-14	2.27e-10	1.09e-07	1.26e-05	6.40e-04	1.07e-01	4.53e-01	4.39e-01
 2.49823e+22	4.65e-29	8.16e-23	8.92e-18	1.11e-13	2.72e-10	1.27e-07	1.42e-05	6.96e-04	1.12e-01	4.58e-01	4.29e-01
 2.53133e+22	6.20e-29	1.06e-22	1.13e-17	1.37e-13	3.26e-10	1.48e-07	1.60e-05	7.57e-04	1.18e-01	4.63e-01	4.18e-01
 2.57437e+22	8.91e-29	1.47e-22	1.51e-17	1.77e-13	4.09e-10	1.80e-07	1.87e-05	8.41e-04	1.25e-01	4.69e-01	4.05e-01
 2.61847e+22	1.29e-28	2.06e-22	2.04e-17	2.31e-13	5.16e-10	2.19e-07	2.18e-05	9.36e-04	1.32e-01	4.75e-01	3.92e-01
 2.65253e+22	1.69e-28	2.64e-22	2.55e-17	2.81e-13	6.13e-10	2.53e-07	2.45e-05	1.01e-03	1.38e-01	4.79e-01	3.82e-01
 2.68021e+22	2.10e-28	3.22e-22	3.05e-17	3.28e-13	7.03e-10	2.85e-07	2.69e-05	1.08e-03	1.43e-01	4.82e-01	3.74e-01
 2.71102e+22	2.63e-28	3.95e-22	3.67e-17	3.86e-13	8.10e-10	3.21e-07	2.96e-05	1.15e-03	1.48e-01	4.85e-01	3.65e-01
 2.75107e+22	3.53e-28	5.16e-22	4.66e-17	4.77e-13	9.75e-10	3.76e-07	3.36e-05	1.26e-03	1.55e-01	4.89e-01	3.55e-01
 2.79349e+22	4.78e-28	6.80e-22	5.97e-17	5.93e-13	1.18e-09	4.43e-07	3.82e-05	1.37e-03	1.63e-01	4.92e-01	3.43e-01
 2.82997e+22	6.17e-28	8.59e-22	7.37e-17	7.14e-13	1.39e-09	5.09e-07	4.26e-05	1.48e-03	1.69e-01	4.95e-01	3.34e-01
 2.86834e+22	7.92e-28	1.08e-21	9.05e-17	8.55e-13	1.63e-09	5.82e-07	4.74e-05	1.59e-03	1.76e-01	4.98e-01	3.24e-01
 2.91822e+22	1.09e-27	1.44e-21	1.18e-16	1.08e-12	1.99e-09	6.91e-07	5.43e-05	1.75e-03	1.85e-01	5.01e-01	3.13e-01
 2.96907e+22	1.50e-27	1.94e-21	1.53e-16	1.36e-12	2.45e-09	8.22e-07	6.23e-05	1.92e-03	1.94e-01	5.03e-01	3.01e-01
 3.00988e+22	1.93e-27	2.43e-21	1.88e-16	1.63e-12	2.87e-09	9.40e-07	6.93e-05	2.07e-03	2.02e-01	5.05e-01	2.92e-01
 3.04464e+22	2.36e-27	2.94e-21	2.23e-16	1.89e-12	3.27e-09	1.05e-06	7.57e-05	2.19e-03	2.08e-01	5.06e-01	2.84e-01
 3.08284e+22	2.94e-27	3.58e-21	2.67e-16	2.21e-12	3.75e-09	1.18e-06	8.30e-05	2.34e-03	2.15e-01	5.07e-01	2.76e-01
 3.13249e+22	3.85e-27	4.59e-21	3.34e-16	2.70e-12	4.46e-09	1.37e-06	9.32e-05	2.53e-03	2.23e-01	5.07e-01	2.67e-01
 3.18409e+22	5.11e-27	5.94e-21	4.22e-16	3.31e-12	5.34e-09	1.59e-06	1.05e-04	2.74e-03	2.33e-01	5.08e-01	2.56e-01
 3.22677e+22	6.42e-27	7.33e-21	5.09e-16	3.91e-12	6.18e-09	1.80e-06	1.16e-04	2.93e-03	2.41e-01	5.08e-01	2.48e-01
 3.27082e+22	7.99e-27	8.96e-21	6.10e-16	4.58e-12	7.10e-09	2.03e-06	1.27e-04	3.12e-03	2.48e-01	5.08e-01	2.41e-01
 3.32809e+22	1.06e-26	1.16e-20	7.69e-16	5.61e-12	8.48e-09	2.35e-06	1.43e-04	3.38e-03	2.58e-01	5.07e-01	2.31e-01
 3.38767e+22	1.41e-26	1.51e-20	9.76e-16	6.92e-12	1.02e-08	2.75e-06	1.61e-04	3.67e-03	2.68e-01	5.06e-01	2.21e-01
 3.43724e+22	1.78e-26	1.87e-20	1.19e-15	8.22e-12	1.18e-08	3.12e-06	1.78e-04	3.92e-03	2.77e-01	5.05e-01	2.13e-01
 3.48867e+22	2.23e-26	2.30e-20	1.43e-15	9.68e-12	1.36e-08	3.52e-06	1.96e-04	4.18e-03	2.86e-01	5.04e-01	2.06e-01
 3.55554e+22	2.98e-26	3.00e-20	1.82e-15	1.19e-11	1.64e-08	4.10e-06	2.21e-04	4.53e-03	2.97e-01	5.02e-01	1.97e-01
 3.62498e+22	4.01e-26	3.93e-20	2.32e-15	1.48e-11	1.98e-08	4.80e-06	2.50e-04	4.92e-03	3.08e-01	4.99e-01	1.87e-01
 3.67986e+22	5.04e-26	4.85e-20	2.80e-15	1.75e-11	2.28e-08	5.42e-06	2.74e-04	5.24e-03	3.17e-01	4.97e-01	1.80e-01
 3.72625e+22	6.08e-26	5.76e-20	3.28e-15	2.00e-11	2.57e-08	5.99e-06	2.97e-04	5.52e-03	3.25e-01	4.95e-01	1.75e-01
 3.77952e+22	7.47e-26	6.96e-20	3.89e-15	2.33e-11	2.93e-08	6.68e-06	3.23e-04	5.84e-03	3.33e-01	4.92e-01	1.69e-01
 3.84876e+22	9.67e-26	8.81e-20	4.80e-15	2.80e-11	3.43e-08	7.61e-06	3.57e-04	6.24e-03	3.43e-01	4.89e-01	1.61e-01
 3.92447e+22	1.28e-25	1.14e-19	6.07e-15	3.44e-11	4.11e-08	8.85e-06	4.02e-04	6.75e-03	3.55e-01	4.84e-01	1.53e-01
 3.99159e+22	1.64e-25	1.43e-19	7.42e-15	4.10e-11	4.78e-08	1.00e-05	4.43e-04	7.20e-03	3.66e-01	4.80e-01	1.47e-01
 4.06183e+22	2.08e-25	1.78e-19	9.04e-15	4.87e-11	5.54e-08	1.14e-05	4.87e-04	7.66e-03	3.76e-01	4.76e-01	1.40e-01
 4.15315e+22	2.82e-25	2.35e-19	1.16e-14	6.06e-11	6.70e-08	1.33e-05	5.50e-04	8.30e-03	3.89e-01	4.70e-01	1.32e-01
 4.24811e+22	3.87e-25	3.13e-19	1.51e-14	7.61e-11	8.15e-08	1.56e-05	6.23e-04	9.00e-03	4.02e-01	4.64e-01	1.24e-01
 4.32787e+22	4.99e-25	3.96e-19	1.86e-14	9.14e-11	9.54e-08	1.78e-05	6.88e-04	9.61e-03	4.13e-01	4.58e-01	1.18e-01
 4.39828e+22	6.20e-25	4.83e-19	2.22e-14	1.07e-10	1.09e-07	1.99e-05	7.49e-04	1.02e-02	4.22e-01	4.54e-01	1.13e-01
 4.47644e+22	7.83e-25	5.98e-19	2.69e-14	1.26e-10	1.26e-07	2.24e-05	8.20e-04	1.08e-02	4.32e-01	4.48e-01	1.08e-01
 4.57806e+22	1.05e-24	7.80e-19	3.41e-14	1.55e-10	1.50e-07	2.59e-05	9.15e-04	1.16e-02	4.44e-01	4.41e-01	1.02e-01
 4.68567e+22	1.43e-24	1.03e-18	4.40e-14	1.93e-10	1.82e-07	3.03e-05	1.03e-03	1.25e-02	4.58e-01	4.33e-01	9.54e-02
 4.77327e+22	1.82e-24	1.29e-18	5.37e-14	2.30e-10	2.11e-07	3.43e-05	1.13e-03	1.33e-02	4.68e-01	4.27e-01	9.05e-02
 4.84735e+22	2.22e-24	1.55e-18	6.32e-14	2.65e-10	2.38e-07	3.79e-05	1.22e-03	1.39e-02	4.77e-01	4.21e-01	8.66e-02
 4.93168e+22	2.76e-24	1.89e-18	7.56e-14	3.10e-10	2.72e-07	4.23e-05	1.33e-03	1.47e-02	4.86e-01	4.15e-01	8.25e-02
 5.04131e+22	3.62e-24	2.42e-18	9.43e-14	3.76e-10	3.21e-07	4.83e-05	1.47e-03	1.56e-02	4.98e-01	4.08e-01	7.77e-02
 5.15834e+22	4.83e-24	3.15e-18	1.20e-13	4.62e-10	3.83e-07	5.60e-05	1.64e-03	1.68e-02	5.10e-01	3.99e-01	7.26e-02
 5.25836e+22	6.14e-24	3.93e-18	1.46e-13	5.49e-10	4.44e-07	6.31e-05	1.79e-03	1.78e-02	5.20e-01	3.91e-01	6.86e-02
 5.36175e+22	7.76e-24	4.86e-18	1.77e-13	6.49e-10	5.12e-07	7.10e-05	1.96e-03	1.88e-02	5.30e-01	3.84e-01	6.48e-02
 5.49616e+22	1.04e-23	6.36e-18	2.25e-13	7.99e-10	6.12e-07	8.20e-05	2.18e-03	2.01e-02	5.42e-01	3.75e-01	6.04e-02
 5.63568e+22	1.41e-23	8.40e-18	2.89e-13	9.95e-10	7.38e-07	9.57e-05	2.45e-03	2.16e-02	5.55e-01	3.65e-01	5.59e-02
 5.74940e+22	1.79e-23	1.04e-17	3.51e-13	1.18e-09	8.54e-07	1.08e-04	2.68e-03	2.29e-02	5.65e-01	3.57e-01	5.26e-02
 5.86477e+22	2.24e-23	1.29e-17	4.24e-13	1.39e-09	9.83e-07	1.21e-04	2.92e-03	2.41e-02	5.74e-01	3.49e-01	4.95e-02
 6.01475e+22	2.98e-23	1.67e-17	5.36e-13	1.70e-09	1.17e-06	1.39e-04	3.25e-03	2.58e-02	5.85e-01	3.40e-01	4.59e-02
 6.16373e+22	3.94e-23	2.16e-17	6.79e-13	2.09e-09	1.40e-06	1.61e-04	3.63e-03	2.76e-02	5.97e-01	3.29e-01	4.23e-02
 6.27427e+22	4.83e-23	2.61e-17	8.03e-13	2.42e-09	1.58e-06	1.78e-04	3.91e-03	2.89e-02	6.05e-01	3.22e-01	4.01e-02
 6.38083e+22	5.79e-23	3.09e-17	9.37e-13	2.77e-09	1.78e-06	1.97e-04	4.20e-03	3.02e-02	6.12e-01	3.15e-01	3.79e-02
 6.51936e+22	7.24e-23	3.80e-17	1.13e-12	3.27e-09	2.05e-06	2.21e-04	4.58e-03	3.19e-02	6.21e-01	3.07e-01	3.55e-02
 6.67283e+22	9.29e-23	4.79e-17	1.39e-12	3.93e-09	2.40e-06	2.51e-04	5.05e-03	3.39e-02	6.30e-01	2.98e-01	3.29e-02
 6.81207e+22	1.15e-22	5.86e-17	1.68e-12	4.62e-09	2.76e-06	2.82e-04	5.50e-03	3.57e-02	6.38e-01	2.89e-01	3.07e-02
 6.93908e+22	1.39e-22	6.98e-17	1.97e-12	5.31e-09	3.11e-06	3.11e-04	5.92e-03	3.74e-02	6.45e-01	2.82e-01	2.88e-02
 7.08383e+22	1.71e-22	8.45e-17	2.34e-12	6.19e-09	3.55e-06	3.47e-04	6.41e-03	3.92e-02	6.53e-01	2.74e-01	2.70e-02
 7.27199e+22	2.18e-22	1.06e-16	2.90e-12	7.46e-09	4.18e-06	3.97e-04	7.10e-03	4.17e-02	6.62e-01	2.64e-01	2.47e-02
 7.46762e+22	2.82e-22	1.36e-16	3.63e-12	9.11e-09	4.97e-06	4.58e-04	7.90e-03	4.46e-02	6.70e-01	2.54e-01	2.25e-02
 7.62819e+22	3.45e-22	1.64e-16	4.33e-12	1.07e-08	5.70e-06	5.12e-04	8.59e-03	4.69e-02	6.77e-01	2.46e-01	2.09e-02
 7.79215e+22	4.15e-22	1.96e-16	5.11e-12	1.23e-08	6.48e-06	5.69e-04	9.29e-03	4.92e-02	6.83e-01	2.38e-01	1.95e-02
 8.00531e+22	5.20e-22	2.43e-16	6.25e-12	1.48e-08	7.58e-06	6.49e-04	1.02e-02	5.23e-02	6.90e-01	2.29e-01	1.78e-02
 8.23389e+22	6.61e-22	3.07e-16	7.78e-12	1.79e-08	9.01e-06	7.49e-04	1.14e-02	5.58e-02	6.98e-01	2.18e-01	1.60e-02
 8.42999e+22	8.02e-22	3.71e-16	9.32e-12	2.11e-08	1.04e-05	8.44e-04	1.25e-02	5.90e-02	7.03e-01	2.10e-01	1.47e-02
 8.60466e+22	9.44e-22	4.35e-16	1.08e-11	2.41e-08	1.17e-05	9.31e-04	1.34e-02	6.16e-02	7.08e-01	2.03e-01	1.36e-02
 8.80398e+22	1.11e-21	5.12e-16	1.27e-11	2.78e-08	1.33e-05	1.03e-03	1.45e-02	6.47e-02	7.12e-01	1.95e-01	1.26e-02
 9.06308e+22	1.35e-21	6.23e-16	1.53e-11	3.31e-08	1.55e-05	1.18e-03	1.60e-02	6.86e-02	7.17e-01	1.86e-01	1.14e-02
 9.32912e+22	1.66e-21	7.68e-16	1.88e-11	3.98e-08	1.83e-05	1.35e-03	1.77e-02	7.31e-02	7.21e-01	1.76e-01	1.02e-02
 9.53746e+22	1.93e-21	8.97e-16	2.19e-11	4.58e-08	2.08e-05	1.50e-03	1.91e-02	7.67e-02	7.24e-01	1.69e-01	9.32e-03
 9.74162e+22	2.19e-21	1.02e-15	2.49e-11	5.16e-08	2.31e-05	1.64e-03	2.05e-02	8.00e-02	7.26e-01	1.63e-01	8.63e-03
 1.00070e+23	2.55e-21	1.20e-15	2.92e-11	5.97e-08	2.64e-05	1.83e-03	2.22e-02	8.41e-02	7.28e-01	1.56e-01	7.85e-03
 1.03041e+23	3.00e-21	1.43e-15	3.49e-11	7.06e-08	3.07e-05	2.08e-03	2.44e-02	8.91e-02	7.30e-01	1.47e-01	7.02e-03
 1.05694e+23	3.43e-21	1.65e-15	4.07e-11	8.17e-08	3.51e-05	2.33e-03	2.65e-02	9.38e-02	7.31e-01	1.40e-01	6.33e-03
 1.07962e+23	3.86e-21	1.88e-15	4.63e-11	9.19e-08	3.90e-05	2.54e-03	2.82e-02	9.75e-02	7.31e-01	1.34e-01	5.86e-03
 1.10459e+23	4.26e-21	2.10e-15	5.22e-11	1.03e-07	4.33e-05	2.77e-03	3.01e-02	1.01e-01	7.31e-01	1.29e-01	5.39e-03
 1.13706e+23	4.82e-21	2.42e-15	6.05e-11	1.19e-07	4.93e-05	3.09e-03	3.26e-02	1.07e-01	7.31e-01	1.22e-01	4.86e-03
 1.17306e+23	5.52e-21	2.84e-15	7.17e-11	1.39e-07	5.71e-05	3.49e-03	3.56e-02	1.12e-01	7.29e-01	1.15e-01	4.32e-03
 1.20555e+23	6.16e-21	3.24e-15	8.30e-11	1.61e-07	6.50e-05	3.88e-03	3.84e-02	1.18e-01	7.27e-01	1.09e-01	3.88e-03
 1.23456e+23	6.84e-21	3.66e-15	9.42e-11	1.81e-07	7.24e-05	4.24e-03	4.09e-02	1.23e-01	7.25e-01	1.04e-01	3.55e-03
 1.26715e+23	7.48e-21	4.08e-15	1.06e-10	2.03e-07	8.04e-05	4.62e-03	4.35e-02	1.27e-01	7.22e-01	9.92e-02	3.25e-03
 1.30953e+23	8.32e-21	4.66e-15	1.23e-10	2.34e-07	9.14e-05	5.12e-03	4.68e-02	1.33e-01	7.18e-01	9.35e-02	2.91e-03
 1.35741e+23	9.41e-21	5.45e-15	1.46e-10	2.77e-07	1.06e-04	5.78e-03	5.10e-02	1.40e-01	7.13e-01	8.72e-02	2.55e-03
 1.40149e+23	1.05e-20	6.29e-15	1.71e-10	3.22e-07	1.22e-04	6.46e-03	5.51e-02	1.47e-01	7.07e-01	8.18e-02	2.27e-03
 1.44087e+23	1.15e-20	7.07e-15	1.95e-10	3.65e-07	1.36e-04	7.05e-03	5.86e-02	1.52e-01	7.02e-01	7.75e-02	2.05e-03
 1.48507e+23	1.25e-20	7.87e-15	2.21e-10	4.11e-07	1.51e-04	7.66e-03	6.20e-02	1.58e-01	6.97e-01	7.36e-02	1.87e-03
 1.54087e+23	1.38e-20	8.95e-15	2.55e-10	4.72e-07	1.71e-04	8.45e-03	6.63e-02	1.64e-01	6.90e-01	6.92e-02	1.67e-03
 1.60374e+23	1.55e-20	1.04e-14	3.01e-10	5.55e-07	1.97e-04	9.43e-03	7.14e-02	1.72e-01	6.82e-01	6.44e-02	1.47e-03
 1.66063e+23	1.75e-20	1.21e-14	3.54e-10	6.47e-07	2.25e-04	1.05e-02	7.65e-02	1.78e-01	6.73e-01	6.02e-02	1.30e-03
 1.70672e+23	1.90e-20	1.34e-14	3.99e-10	7.23e-07	2.48e-04	1.13e-02	8.04e-02	1.84e-01	6.66e-01	5.72e-02	1.19e-03
 1.75556e+23	2.01e-20	1.46e-14	4.40e-10	7.96e-07	2.70e-04	1.20e-02	8.39e-02	1.88e-01	6.60e-01	5.47e-02	1.10e-03
 1.81907e+23	2.19e-20	1.62e-14	4.92e-10	8.83e-07	2.95e-04	1.29e-02	8.78e-02	1.93e-01	6.53e-01	5.21e-02	1.01e-03
 1.89267e+23	2.41e-20	1.83e-14	5.65e-10	1.01e-06	3.30e-04	1.40e-02	9.29e-02	1.99e-01	6.44e-01	4.89e-02	9.05e-04
 1.96961e+23	2.63e-20	2.06e-14	6.46e-10	1.14e-06	3.68e-04	1.52e-02	9.80e-02	2.05e-01	6.34e-01	4.60e-02	8.15e-04
 2.04963e+23	2.87e-20	2.30e-14	7.30e-10	1.28e-06	4.06e-04	1.64e-02	1.03e-01	2.11e-01	6.26e-01	4.35e-02	7.40e-04
 2.13285e+23	3.13e-20	2.56e-14	8.18e-10	1.42e-06	4.44e-04	1.75e-02	1.07e-01	2.15e-01	6.17e-01	4.13e-02	6.77e-04
 2.21926e+23	3.35e-20	2.81e-14	9.08e-10	1.57e-06	4.82e-04	1.86e-02	1.12e-01	2.20e-01	6.09e-01	3.93e-02	6.21e-04
 2.30281e+23	3.63e-20	3.10e-14	1.01e-09	1.73e-06	5.24e-04	1.98e-02	1.16e-01	2.25e-01	6.01e-01	3.74e-02	5.72e-04
 2.37801e+23	3.87e-20	3.35e-14	1.10e-09	1.87e-06	5.57e-04	2.07e-02	1.20e-01	2.28e-01	5.94e-01	3.60e-02	5.37e-04
 2.44569e+23	4.06e-20	3.57e-14	1.18e-09	1.99e-06	5.89e-04	2.16e-02	1.23e-01	2.31e-01	5.88e-01	3.48e-02	5.06e-04
 2.50661e+23	4.24e-20	3.77e-14	1.25e-09	2.10e-06	6.17e-04	2.24e-02	1.26e-01	2.34e-01	5.83e-01	3.38e-02	4.83e-04
 2.56143e+23	4.38e-20	3.92e-14	1.30e-09	2.19e-06	6.38e-04	2.29e-02	1.28e-01	2.36e-01	5.80e-01	3.30e-02	4.65e-04
 2.61077e+23	4.48e-20	4.05e-14	1.35e-09	2.27e-06	6.57e-04	2.34e-02	1.29e-01	2.37e-01	5.76e-01	3.24e-02	4.51e-04
 2.65517e+23	4.58e-20	4.17e-14	1.40e-09	2.33e-06	6.73e-04	2.39e-02	1.31e-01	2.39e-01	5.74e-01	3.19e-02	4.39e-04
 2.69514e+23	4.66e-20	4.26e-14	1.43e-09	2.39e-06	6.86e-04	2.42e-02	1.32e-01	2.40e-01	5.71e-01	3.15e-02	4.30e-04
 2.73110e+23	4.74e-20	4.35e-14	1.46e-09	2.43e-06	6.98e-04	2.45e-02	1.33e-01	2.41e-01	5.69e-01	3.11e-02	4.22e-04
 2.76347e+23	4.80e-20	4.42e-14	1.49e-09	2.48e-06	7.08e-04	2.48e-02	1.34e-01	2.42e-01	5.67e-01	3.08e-02	4.14e-04
 2.79408e+23	4.83e-20	4.46e-14	1.50e-09	2.50e-06	7.14e-04	2.49e-02	1.35e-01	2.42e-01	5.66e-01	3.06e-02	4.10e-04
 2.82463e+23	4.85e-20	4.48e-14	1.51e-09	2.51e-06	7.18e-04	2.50e-02	1.35e-01	2.42e-01	5.66e-01	3.05e-02	4.07e-04
 2.85518e+23	4.86e-20	4.51e-14	1.53e-09	2.53e-06	7.22e-04	2.52e-02	1.36e-01	2.43e-01	5.65e-01	3.03e-02	4.03e-04
 2.88573e+23	4.87e-20	4.53e-14	1.54e-09	2.55e-06	7.26e-04	2.53e-02	1.36e-01	2.43e-01	5.64e-01	3.01e-02	4.00e-04
 2.91628e+23	4.87e-20	4.55e-14	1.54e-09	2.56e-06	7.30e-04	2.54e-02	1.37e-01	2.44e-01	5.63e-01	3.00e-02	3.97e-04
 2.94682e+23	4.88e-20	4.56e-14	1.55e-09	2.57e-06	7.32e-04	2.54e-02	1.37e-01	2.44e-01	5.62e-01	2.99e-02	3.94e-04
 2.97737e+23	4.87e-20	4.56e-14	1.55e-09	2.57e-06	7.34e-04	2.55e-02	1.37e-01	2.44e-01	5.62e-01	2.98e-02	3.92e-04
 3.00792e+23	4.86e-20	4.56e-14	1.55e-09	2.58e-06	7.35e-04	2.55e-02	1.37e-01	2.45e-01	5.62e-01	2.97e-02	3.90e-04
 3.03847e+23	4.85e-20	4.56e-14	1.56e-09	2.58e-06	7.37e-04	2.56e-02	1.38e-01	2.45e-01	5.61e-01	2.96e-02	3.88e-04
 3.05428e+23	5.09e-20	4.81e-14	1.64e-09	2.71e-06	7.66e-04	2.63e-02	1.40e-01	2.47e-01	5.57e-01	2.90e-02	3.75e-04
