#depth	Fe	Fe+	Fe+2	Fe+3	Fe+4	Fe+5	Fe+6	Fe+7	Fe+8	Fe+9	Fe+10	Fe+11	Fe+12	Fe+13	Fe+14	Fe+15	Fe+16	Fe+17	Fe+18	Fe+19	Fe+20	Fe+21	Fe+22	Fe+23	Fe+24	Fe+25	Fe+26
 6.17135e+19	0.00e+00	0.00e+00	0.00e+00	0.00e+00	0.00e+00	0.00e+00	0.00e+00	0.00e+00	0.00e+00	0.00e+00	2.88e-31	5.46e-28	8.93e-25	8.23e-22	5.02e-19	1.98e-16	9.36e-14	1.46e-11	1.45e-09	8.87e-08	3.26e-06	6.92e-05	1.14e-03	1.62e-02	2.72e-01	4.52e-01	2.59e-01
 1.87609e+20	0.00e+00	0.00e+00	0.00e+00	0.00e+00	0.00e+00	0.00e+00	0.00e+00	0.00e+00	0.00e+00	0.00e+00	1.00e-30	1.74e-27	2.59e-24	2.18e-21	1.21e-18	4.39e-16	1.94e-13	2.82e-11	2.61e-09	1.47e-07	4.98e-06	9.72e-05	1.47e-03	1.91e-02	2.95e-01	4.49e-01	2.36e-01
 3.18540e+20	0.00e+00	0.00e+00	0.00e+00	0.00e+00	0.00e+00	0.00e+00	0.00e+00	0.00e+00	0.00e+00	0.00e+00	3.51e-30	5.53e-27	7.51e-24	5.75e-21	2.93e-18	9.71e-16	4.03e-13	5.44e-11	4.67e-09	2.44e-07	7.61e-06	1.36e-04	1.89e-03	2.24e-02	3.18e-01	4.44e-01	2.14e-01
 4.54709e+20	0.00e+00	0.00e+00	0.00e+00	0.00e+00	0.00e+00	0.00e+00	0.00e+00	0.00e+00	0.00e+00	0.00e+00	1.23e-29	1.77e-26	2.18e-23	1.52e-20	7.05e-18	2.14e-15	8.34e-13	1.05e-10	8.38e-09	4.04e-07	1.16e-05	1.91e-04	2.42e-03	2.63e-02	3.41e-01	4.37e-01	1.93e-01
 5.55111e+20	0.00e+00	0.00e+00	0.00e+00	0.00e+00	0.00e+00	0.00e+00	0.00e+00	0.00e+00	0.00e+00	1.43e-32	3.05e-29	4.07e-26	4.69e-23	3.05e-20	1.32e-17	3.77e-15	1.40e-12	1.69e-10	1.28e-08	5.80e-07	1.57e-05	2.43e-04	2.89e-03	2.94e-02	3.58e-01	4.30e-01	1.79e-01
 6.06530e+20	0.00e+00	0.00e+00	0.00e+00	0.00e+00	0.00e+00	0.00e+00	0.00e+00	0.00e+00	0.00e+00	2.33e-32	4.79e-29	6.18e-26	6.88e-23	4.33e-20	1.81e-17	5.01e-15	1.82e-12	2.13e-10	1.57e-08	6.96e-07	1.83e-05	2.74e-04	3.16e-03	3.10e-02	3.67e-01	4.27e-01	1.72e-01
 6.53533e+20	0.00e+00	0.00e+00	0.00e+00	0.00e+00	0.00e+00	0.00e+00	0.00e+00	0.00e+00	0.00e+00	3.62e-32	7.20e-29	9.01e-26	9.70e-23	5.92e-20	2.41e-17	6.46e-15	2.30e-12	2.64e-10	1.90e-08	8.19e-07	2.10e-05	3.05e-04	3.42e-03	3.26e-02	3.75e-01	4.23e-01	1.66e-01
 7.14636e+20	0.00e+00	0.00e+00	0.00e+00	0.00e+00	0.00e+00	0.00e+00	0.00e+00	0.00e+00	0.00e+00	6.35e-32	1.21e-28	1.46e-25	1.51e-22	8.84e-20	3.45e-17	8.94e-15	3.11e-12	3.46e-10	2.42e-08	1.01e-06	2.49e-05	3.51e-04	3.78e-03	3.47e-02	3.84e-01	4.19e-01	1.58e-01
 7.94071e+20	0.00e+00	0.00e+00	0.00e+00	0.00e+00	0.00e+00	0.00e+00	0.00e+00	0.00e+00	0.00e+00	1.31e-31	2.37e-28	2.70e-25	2.65e-22	1.48e-19	5.48e-17	1.35e-14	4.56e-12	4.90e-10	3.29e-08	1.32e-06	3.12e-05	4.18e-04	4.29e-03	3.76e-02	3.97e-01	4.12e-01	1.48e-01
 8.79208e+20	0.00e+00	0.00e+00	0.00e+00	0.00e+00	0.00e+00	0.00e+00	0.00e+00	0.00e+00	0.00e+00	2.80e-31	4.80e-28	5.18e-25	4.81e-22	2.53e-19	8.91e-17	2.09e-14	6.82e-12	7.07e-10	4.56e-08	1.74e-06	3.94e-05	5.04e-04	4.91e-03	4.08e-02	4.10e-01	4.05e-01	1.39e-01
 9.53696e+20	0.00e+00	0.00e+00	0.00e+00	0.00e+00	0.00e+00	0.00e+00	0.00e+00	0.00e+00	0.00e+00	5.39e-31	8.82e-28	9.06e-25	8.02e-22	4.03e-19	1.35e-16	3.03e-14	9.64e-12	9.68e-10	6.03e-08	2.22e-06	4.82e-05	5.90e-04	5.50e-03	4.37e-02	4.21e-01	3.98e-01	1.31e-01
 1.03247e+21	0.00e+00	0.00e+00	0.00e+00	0.00e+00	0.00e+00	0.00e+00	0.00e+00	0.00e+00	0.00e+00	1.06e-30	1.65e-27	1.62e-24	1.36e-21	6.50e-19	2.08e-16	4.46e-14	1.38e-11	1.34e-09	8.05e-08	2.85e-06	5.93e-05	6.95e-04	6.19e-03	4.69e-02	4.32e-01	3.91e-01	1.23e-01
 1.12036e+21	0.00e+00	0.00e+00	0.00e+00	0.00e+00	0.00e+00	0.00e+00	0.00e+00	0.00e+00	0.00e+00	2.24e-30	3.30e-27	3.06e-24	2.43e-21	1.10e-18	3.33e-16	6.80e-14	2.04e-11	1.91e-09	1.11e-07	3.75e-06	7.45e-05	8.32e-04	7.03e-03	5.07e-02	4.45e-01	3.83e-01	1.14e-01
 1.19511e+21	0.00e+00	0.00e+00	0.00e+00	0.00e+00	0.00e+00	0.00e+00	0.00e+00	0.00e+00	0.00e+00	4.19e-30	5.89e-27	5.20e-24	3.95e-21	1.71e-18	4.94e-16	9.66e-14	2.83e-11	2.58e-09	1.44e-07	4.72e-06	9.01e-05	9.66e-04	7.82e-03	5.40e-02	4.54e-01	3.75e-01	1.07e-01
 1.25439e+21	0.00e+00	0.00e+00	0.00e+00	0.00e+00	0.00e+00	0.00e+00	0.00e+00	0.00e+00	0.00e+00	6.92e-30	9.36e-27	7.95e-24	5.81e-21	2.42e-18	6.74e-16	1.27e-13	3.66e-11	3.27e-09	1.78e-07	5.67e-06	1.05e-04	1.09e-03	8.52e-03	5.68e-02	4.62e-01	3.69e-01	1.02e-01
 1.31855e+21	0.00e+00	0.00e+00	0.00e+00	0.00e+00	0.00e+00	0.00e+00	0.00e+00	0.00e+00	5.96e-33	1.16e-29	1.51e-26	1.23e-23	8.66e-21	3.47e-18	9.31e-16	1.70e-13	4.79e-11	4.18e-09	2.22e-07	6.83e-06	1.23e-04	1.23e-03	9.29e-03	5.97e-02	4.70e-01	3.63e-01	9.70e-02
 1.40195e+21	0.00e+00	0.00e+00	0.00e+00	0.00e+00	0.00e+00	0.00e+00	0.00e+00	0.00e+00	1.23e-32	2.26e-29	2.80e-26	2.18e-23	1.45e-20	5.54e-18	1.41e-15	2.47e-13	6.79e-11	5.74e-09	2.94e-07	8.72e-06	1.50e-04	1.44e-03	1.04e-02	6.38e-02	4.80e-01	3.54e-01	9.06e-02
 1.48848e+21	0.00e+00	0.00e+00	0.00e+00	0.00e+00	0.00e+00	0.00e+00	0.00e+00	0.00e+00	2.57e-32	4.49e-29	5.28e-26	3.90e-23	2.47e-20	8.94e-18	2.17e-15	3.61e-13	9.69e-11	7.94e-09	3.93e-07	1.12e-05	1.85e-04	1.69e-03	1.16e-02	6.81e-02	4.89e-01	3.45e-01	8.42e-02
 1.56012e+21	0.00e+00	0.00e+00	0.00e+00	0.00e+00	0.00e+00	0.00e+00	0.00e+00	0.00e+00	4.69e-32	7.87e-29	8.87e-26	6.27e-23	3.81e-20	1.32e-17	3.07e-15	4.92e-13	1.29e-10	1.04e-08	4.98e-07	1.37e-05	2.19e-04	1.93e-03	1.28e-02	7.18e-02	4.97e-01	3.37e-01	7.93e-02
 1.62405e+21	0.00e+00	0.00e+00	0.00e+00	0.00e+00	0.00e+00	0.00e+00	0.00e+00	0.00e+00	7.95e-32	1.29e-28	1.39e-25	9.50e-23	5.55e-20	1.85e-17	4.16e-15	6.44e-13	1.67e-10	1.30e-08	6.12e-07	1.64e-05	2.53e-04	2.17e-03	1.38e-02	7.51e-02	5.03e-01	3.30e-01	7.52e-02
 1.69690e+21	0.00e+00	0.00e+00	0.00e+00	0.00e+00	0.00e+00	0.00e+00	0.00e+00	0.00e+00	1.46e-31	2.26e-28	2.34e-25	1.53e-22	8.55e-20	2.73e-17	5.87e-15	8.75e-13	2.22e-10	1.70e-08	7.76e-07	2.01e-05	3.00e-04	2.47e-03	1.51e-02	7.90e-02	5.10e-01	3.22e-01	7.07e-02
 1.77858e+21	0.00e+00	0.00e+00	0.00e+00	0.00e+00	0.00e+00	0.00e+00	0.00e+00	0.00e+00	2.82e-31	4.17e-28	4.13e-25	2.57e-22	1.37e-19	4.18e-17	8.57e-15	1.22e-12	3.05e-10	2.27e-08	1.00e-06	2.51e-05	3.60e-04	2.85e-03	1.67e-02	8.35e-02	5.17e-01	3.13e-01	6.59e-02
 1.85576e+21	0.00e+00	0.00e+00	0.00e+00	0.00e+00	0.00e+00	0.00e+00	0.00e+00	0.00e+00	5.24e-31	7.41e-28	7.02e-25	4.17e-22	2.13e-19	6.21e-17	1.22e-14	1.67e-12	4.09e-10	2.97e-08	1.28e-06	3.09e-05	4.27e-04	3.25e-03	1.83e-02	8.78e-02	5.23e-01	3.05e-01	6.17e-02
 1.92823e+21	0.00e+00	0.00e+00	0.00e+00	0.00e+00	0.00e+00	0.00e+00	0.00e+00	0.00e+00	9.34e-31	1.27e-27	1.15e-24	6.56e-22	3.21e-19	8.97e-17	1.69e-14	2.23e-12	5.38e-10	3.82e-08	1.60e-06	3.75e-05	5.01e-04	3.68e-03	1.99e-02	9.20e-02	5.29e-01	2.97e-01	5.80e-02
 1.99683e+21	0.00e+00	0.00e+00	0.00e+00	0.00e+00	0.00e+00	0.00e+00	0.00e+00	0.00e+00	1.60e-30	2.08e-27	1.82e-24	9.98e-22	4.69e-19	1.26e-16	2.29e-14	2.92e-12	6.93e-10	4.82e-08	1.97e-06	4.48e-05	5.80e-04	4.12e-03	2.16e-02	9.59e-02	5.34e-01	2.90e-01	5.47e-02
 2.07227e+21	0.00e+00	0.00e+00	0.00e+00	0.00e+00	0.00e+00	0.00e+00	0.00e+00	0.00e+00	2.86e-30	3.58e-27	3.00e-24	1.58e-21	7.09e-19	1.83e-16	3.18e-14	3.90e-12	9.12e-10	6.22e-08	2.47e-06	5.44e-05	6.81e-04	4.66e-03	2.35e-02	1.00e-01	5.38e-01	2.81e-01	5.12e-02
 2.15423e+21	0.00e+00	0.00e+00	0.00e+00	0.00e+00	0.00e+00	0.00e+00	0.00e+00	0.00e+00	5.37e-30	6.42e-27	5.14e-24	2.58e-21	1.11e-18	2.73e-16	4.53e-14	5.33e-12	1.23e-09	8.16e-08	3.15e-06	6.70e-05	8.08e-04	5.32e-03	2.57e-02	1.05e-01	5.43e-01	2.73e-01	4.77e-02
 2.22732e+21	0.00e+00	0.00e+00	0.00e+00	0.00e+00	0.00e+00	0.00e+00	0.00e+00	0.00e+00	9.36e-30	1.08e-26	8.26e-24	3.98e-21	1.64e-18	3.88e-16	6.19e-14	7.01e-12	1.59e-09	1.04e-07	3.90e-06	8.06e-05	9.40e-04	5.97e-03	2.78e-02	1.10e-01	5.46e-01	2.65e-01	4.47e-02
 2.29473e+21	0.00e+00	0.00e+00	0.00e+00	0.00e+00	0.00e+00	0.00e+00	0.00e+00	0.00e+00	1.56e-29	1.72e-26	1.28e-23	5.91e-21	2.34e-18	5.35e-16	8.22e-14	9.00e-12	2.02e-09	1.29e-07	4.75e-06	9.54e-05	1.08e-03	6.64e-03	2.98e-02	1.14e-01	5.49e-01	2.58e-01	4.21e-02
 2.37210e+21	0.00e+00	0.00e+00	0.00e+00	0.00e+00	0.00e+00	0.00e+00	0.00e+00	6.96e-33	2.76e-29	2.93e-26	2.08e-23	9.23e-21	3.51e-18	7.67e-16	1.13e-13	1.19e-11	2.64e-09	1.65e-07	5.92e-06	1.15e-04	1.26e-03	7.46e-03	3.23e-02	1.18e-01	5.51e-01	2.50e-01	3.94e-02
 2.45595e+21	0.00e+00	0.00e+00	0.00e+00	0.00e+00	0.00e+00	0.00e+00	0.00e+00	1.35e-32	5.12e-29	5.19e-26	3.52e-23	1.49e-20	5.42e-18	1.13e-15	1.59e-13	1.61e-11	3.52e-09	2.16e-07	7.50e-06	1.41e-04	1.49e-03	8.47e-03	3.51e-02	1.24e-01	5.54e-01	2.41e-01	3.65e-02
 2.53014e+21	0.00e+00	0.00e+00	0.00e+00	0.00e+00	0.00e+00	0.00e+00	0.00e+00	2.41e-32	8.79e-29	8.57e-26	5.58e-23	2.27e-20	7.92e-18	1.59e-15	2.15e-13	2.10e-11	4.53e-09	2.72e-07	9.23e-06	1.68e-04	1.72e-03	9.46e-03	3.78e-02	1.28e-01	5.55e-01	2.33e-01	3.42e-02
 2.59804e+21	0.00e+00	0.00e+00	0.00e+00	0.00e+00	0.00e+00	0.00e+00	0.00e+00	4.10e-32	1.44e-28	1.35e-25	8.49e-23	3.34e-20	1.12e-17	2.16e-15	2.83e-13	2.66e-11	5.69e-09	3.36e-07	1.12e-05	1.98e-04	1.96e-03	1.05e-02	4.04e-02	1.32e-01	5.56e-01	2.26e-01	3.22e-02
 2.67581e+21	0.00e+00	0.00e+00	0.00e+00	0.00e+00	0.00e+00	0.00e+00	0.00e+00	7.39e-32	2.50e-28	2.25e-25	1.36e-22	5.12e-20	1.65e-17	3.06e-15	3.83e-13	3.47e-11	7.34e-09	4.26e-07	1.38e-05	2.37e-04	2.27e-03	1.17e-02	4.35e-02	1.37e-01	5.56e-01	2.19e-01	3.00e-02
 2.76344e+21	0.00e+00	0.00e+00	0.00e+00	0.00e+00	0.00e+00	0.00e+00	0.00e+00	1.44e-31	4.64e-28	4.00e-25	2.30e-22	8.27e-20	2.54e-17	4.50e-15	5.39e-13	4.68e-11	9.78e-09	5.54e-07	1.74e-05	2.90e-04	2.67e-03	1.32e-02	4.71e-02	1.42e-01	5.56e-01	2.10e-01	2.77e-02
 2.84554e+21	0.00e+00	0.00e+00	0.00e+00	0.00e+00	0.00e+00	0.00e+00	0.00e+00	2.66e-31	8.23e-28	6.80e-25	3.75e-22	1.29e-19	3.80e-17	6.44e-15	7.38e-13	6.16e-11	1.27e-08	7.08e-07	2.17e-05	3.49e-04	3.11e-03	1.48e-02	5.08e-02	1.47e-01	5.56e-01	2.02e-01	2.57e-02
 2.91820e+21	0.00e+00	0.00e+00	0.00e+00	0.00e+00	0.00e+00	0.00e+00	0.00e+00	4.57e-31	1.36e-27	1.08e-24	5.75e-22	1.91e-19	5.39e-17	8.81e-15	9.73e-13	7.84e-11	1.61e-08	8.77e-07	2.63e-05	4.11e-04	3.54e-03	1.63e-02	5.41e-02	1.52e-01	5.54e-01	1.95e-01	2.40e-02
 2.99691e+21	0.00e+00	0.00e+00	0.00e+00	0.00e+00	0.00e+00	0.00e+00	0.00e+00	8.00e-31	2.29e-27	1.76e-24	8.97e-22	2.86e-19	7.78e-17	1.22e-14	1.30e-12	1.01e-10	2.05e-08	1.10e-06	3.20e-05	4.85e-04	4.06e-03	1.81e-02	5.78e-02	1.56e-01	5.53e-01	1.88e-01	2.24e-02
 3.09923e+21	0.00e+00	0.00e+00	0.00e+00	0.00e+00	0.00e+00	0.00e+00	0.00e+00	1.71e-30	4.66e-27	3.38e-24	1.64e-21	4.94e-19	1.27e-16	1.89e-14	1.90e-12	1.41e-10	2.82e-08	1.48e-06	4.18e-05	6.10e-04	4.87e-03	2.07e-02	6.31e-02	1.62e-01	5.49e-01	1.79e-01	2.03e-02
 3.19928e+21	0.00e+00	0.00e+00	0.00e+00	0.00e+00	0.00e+00	0.00e+00	0.00e+00	3.52e-30	9.10e-27	6.29e-24	2.89e-21	8.30e-19	2.03e-16	2.87e-14	2.74e-12	1.93e-10	3.84e-08	1.96e-06	5.38e-05	7.55e-04	5.79e-03	2.35e-02	6.84e-02	1.68e-01	5.45e-01	1.70e-01	1.85e-02
 3.27476e+21	0.00e+00	0.00e+00	0.00e+00	0.00e+00	0.00e+00	0.00e+00	0.00e+00	6.01e-30	1.50e-26	9.99e-24	4.42e-21	1.22e-18	2.87e-16	3.91e-14	3.60e-12	2.45e-10	4.82e-08	2.42e-06	6.49e-05	8.84e-04	6.57e-03	2.59e-02	7.26e-02	1.72e-01	5.41e-01	1.63e-01	1.72e-02
 3.35127e+21	0.00e+00	0.00e+00	0.00e+00	0.00e+00	0.00e+00	0.00e+00	0.00e+00	1.03e-29	2.47e-26	1.59e-23	6.76e-21	1.80e-18	4.06e-16	5.32e-14	4.72e-12	3.10e-10	6.05e-08	2.99e-06	7.83e-05	1.04e-03	7.46e-03	2.84e-02	7.70e-02	1.76e-01	5.37e-01	1.57e-01	1.60e-02
 3.45074e+21	0.00e+00	0.00e+00	0.00e+00	0.00e+00	0.00e+00	0.00e+00	0.00e+00	2.05e-29	4.70e-26	2.87e-23	1.16e-20	2.95e-18	6.35e-16	7.91e-14	6.68e-12	4.19e-10	8.10e-08	3.91e-06	9.94e-05	1.27e-03	8.76e-03	3.20e-02	8.28e-02	1.81e-01	5.31e-01	1.49e-01	1.46e-02
 3.55141e+21	0.00e+00	0.00e+00	0.00e+00	0.00e+00	0.00e+00	0.00e+00	9.96e-33	4.09e-29	8.95e-26	5.21e-23	2.01e-20	4.85e-18	9.93e-16	1.18e-13	9.46e-12	5.66e-10	1.08e-07	5.13e-06	1.26e-04	1.55e-03	1.03e-02	3.59e-02	8.90e-02	1.86e-01	5.23e-01	1.41e-01	1.32e-02
 3.63116e+21	0.00e+00	0.00e+00	0.00e+00	0.00e+00	0.00e+00	0.00e+00	1.78e-32	7.03e-29	1.48e-25	8.31e-23	3.09e-20	7.16e-18	1.41e-15	1.61e-13	1.24e-11	7.17e-10	1.36e-07	6.32e-06	1.52e-04	1.81e-03	1.16e-02	3.93e-02	9.40e-02	1.89e-01	5.17e-01	1.34e-01	1.22e-02
 3.71237e+21	0.00e+00	0.00e+00	0.00e+00	0.00e+00	0.00e+00	0.00e+00	3.17e-32	1.21e-28	2.45e-25	1.33e-22	4.74e-20	1.06e-17	2.00e-15	2.19e-13	1.63e-11	9.07e-10	1.71e-07	7.80e-06	1.83e-04	2.12e-03	1.32e-02	4.30e-02	9.92e-02	1.93e-01	5.10e-01	1.28e-01	1.13e-02
 3.81794e+21	0.00e+00	0.00e+00	0.00e+00	0.00e+00	0.00e+00	0.00e+00	6.66e-32	2.43e-28	4.69e-25	2.41e-22	8.22e-20	1.74e-17	3.13e-15	3.27e-13	2.31e-11	1.23e-09	2.29e-07	1.02e-05	2.32e-04	2.58e-03	1.54e-02	4.81e-02	1.06e-01	1.97e-01	5.00e-01	1.20e-01	1.02e-02
 3.92614e+21	0.00e+00	0.00e+00	0.00e+00	0.00e+00	0.00e+00	0.00e+00	1.42e-31	4.92e-28	9.06e-25	4.43e-22	1.43e-19	2.89e-17	4.94e-15	4.90e-13	3.29e-11	1.66e-09	3.07e-07	1.34e-05	2.95e-04	3.15e-03	1.80e-02	5.37e-02	1.13e-01	2.00e-01	4.89e-01	1.13e-01	9.13e-03
 4.01405e+21	0.00e+00	0.00e+00	0.00e+00	0.00e+00	0.00e+00	0.00e+00	2.62e-31	8.76e-28	1.55e-24	7.28e-22	2.26e-19	4.37e-17	7.16e-15	6.81e-13	4.38e-11	2.13e-09	3.90e-07	1.67e-05	3.58e-04	3.70e-03	2.04e-02	5.88e-02	1.19e-01	2.03e-01	4.79e-01	1.07e-01	8.34e-03
 4.10464e+21	0.00e+00	0.00e+00	0.00e+00	0.00e+00	0.00e+00	0.00e+00	4.76e-31	1.53e-27	2.61e-24	1.18e-21	3.52e-19	6.54e-17	1.03e-14	9.40e-13	5.80e-11	2.72e-09	4.92e-07	2.06e-05	4.32e-04	4.32e-03	2.31e-02	6.40e-02	1.25e-01	2.05e-01	4.69e-01	1.01e-01	7.63e-03
 4.22242e+21	0.00e+00	0.00e+00	0.00e+00	0.00e+00	0.00e+00	0.00e+00	1.04e-30	3.19e-27	5.16e-24	2.21e-21	6.27e-19	1.11e-16	1.65e-14	1.43e-12	8.36e-11	3.72e-09	6.66e-07	2.72e-05	5.51e-04	5.28e-03	2.69e-02	7.13e-02	1.33e-01	2.08e-01	4.55e-01	9.36e-02	6.76e-03
 4.33996e+21	0.00e+00	0.00e+00	0.00e+00	0.00e+00	0.00e+00	0.00e+00	2.24e-30	6.55e-27	1.01e-23	4.11e-21	1.11e-18	1.85e-16	2.62e-14	2.15e-12	1.20e-10	5.07e-09	8.95e-07	3.57e-05	6.98e-04	6.41e-03	3.13e-02	7.91e-02	1.40e-01	2.09e-01	4.40e-01	8.66e-02	5.99e-03
 4.42907e+21	0.00e+00	0.00e+00	0.00e+00	0.00e+00	0.00e+00	0.00e+00	3.97e-30	1.12e-26	1.66e-23	6.53e-21	1.69e-18	2.72e-16	3.70e-14	2.93e-12	1.56e-10	6.37e-09	1.12e-06	4.36e-05	8.31e-04	7.40e-03	3.49e-02	8.53e-02	1.46e-01	2.10e-01	4.29e-01	8.15e-02	5.45e-03
 4.51680e+21	0.00e+00	0.00e+00	0.00e+00	0.00e+00	0.00e+00	0.00e+00	6.90e-30	1.88e-26	2.69e-23	1.02e-20	2.54e-18	3.95e-16	5.16e-14	3.93e-12	2.02e-10	7.95e-09	1.38e-06	5.28e-05	9.83e-04	8.49e-03	3.88e-02	9.15e-02	1.51e-01	2.10e-01	4.17e-01	7.68e-02	4.97e-03
 4.63084e+21	0.00e+00	0.00e+00	0.00e+00	0.00e+00	0.00e+00	0.00e+00	1.40e-29	3.64e-26	4.97e-23	1.80e-20	4.29e-18	6.34e-16	7.90e-14	5.73e-12	2.81e-10	1.05e-08	1.80e-06	6.74e-05	1.22e-03	1.01e-02	4.42e-02	9.99e-02	1.58e-01	2.10e-01	4.01e-01	7.09e-02	4.41e-03
 4.74989e+21	0.00e+00	0.00e+00	0.00e+00	0.00e+00	0.00e+00	0.00e+00	2.88e-29	7.18e-26	9.35e-23	3.23e-20	7.32e-18	1.03e-15	1.22e-13	8.44e-12	3.93e-10	1.41e-08	2.37e-06	8.64e-05	1.51e-03	1.20e-02	5.04e-02	1.09e-01	1.65e-01	2.09e-01	3.84e-01	6.51e-02	3.88e-03
 4.84997e+21	0.00e+00	0.00e+00	0.00e+00	0.00e+00	0.00e+00	0.00e+00	5.30e-29	1.27e-25	1.59e-22	5.28e-20	1.15e-17	1.55e-15	1.76e-13	1.17e-11	5.21e-10	1.79e-08	2.98e-06	1.06e-04	1.80e-03	1.39e-02	5.61e-02	1.17e-01	1.70e-01	2.08e-01	3.69e-01	6.04e-02	3.48e-03
 4.94018e+21	0.00e+00	0.00e+00	0.00e+00	0.00e+00	0.00e+00	7.91e-33	8.86e-29	2.06e-25	2.49e-22	7.99e-20	1.68e-17	2.19e-15	2.41e-13	1.54e-11	6.63e-10	2.20e-08	3.62e-06	1.27e-04	2.09e-03	1.56e-02	6.14e-02	1.24e-01	1.75e-01	2.06e-01	3.57e-01	5.65e-02	3.16e-03
 5.04307e+21	0.00e+00	0.00e+00	0.00e+00	0.00e+00	0.00e+00	1.48e-32	1.60e-28	3.58e-25	4.17e-22	1.29e-19	2.60e-17	3.26e-15	3.43e-13	2.10e-11	8.71e-10	2.78e-08	4.50e-06	1.54e-04	2.48e-03	1.79e-02	6.78e-02	1.32e-01	1.79e-01	2.04e-01	3.42e-01	5.23e-02	2.82e-03
 5.15884e+21	0.00e+00	0.00e+00	0.00e+00	0.00e+00	0.00e+00	2.95e-32	3.06e-28	6.58e-25	7.35e-22	2.17e-19	4.20e-17	5.04e-15	5.07e-13	2.98e-11	1.18e-09	3.60e-08	5.73e-06	1.91e-04	2.98e-03	2.08e-02	7.55e-02	1.41e-01	1.84e-01	2.00e-01	3.25e-01	4.79e-02	2.49e-03
 5.26807e+21	0.00e+00	0.00e+00	0.00e+00	0.00e+00	0.00e+00	5.59e-32	5.58e-28	1.16e-24	1.24e-21	3.52e-19	6.55e-17	7.54e-15	7.28e-13	4.10e-11	1.55e-09	4.57e-08	7.15e-06	2.33e-04	3.53e-03	2.37e-02	8.31e-02	1.49e-01	1.88e-01	1.97e-01	3.09e-01	4.39e-02	2.20e-03
 5.37057e+21	0.00e+00	0.00e+00	0.00e+00	0.00e+00	0.00e+00	1.00e-31	9.68e-28	1.94e-24	2.01e-21	5.50e-19	9.84e-17	1.09e-14	1.01e-12	5.49e-11	2.00e-09	5.68e-08	8.75e-06	2.79e-04	4.11e-03	2.68e-02	9.06e-02	1.57e-01	1.91e-01	1.93e-01	2.95e-01	4.05e-02	1.96e-03
 5.48760e+21	0.00e+00	0.00e+00	0.00e+00	0.00e+00	0.00e+00	1.93e-31	1.79e-27	3.44e-24	3.43e-21	9.01e-19	1.55e-16	1.65e-14	1.46e-12	7.60e-11	2.66e-09	7.23e-08	1.09e-05	3.40e-04	4.86e-03	3.05e-02	9.94e-02	1.66e-01	1.94e-01	1.88e-01	2.78e-01	3.68e-02	1.72e-03
 5.61867e+21	0.00e+00	0.00e+00	0.00e+00	0.00e+00	0.00e+00	3.94e-31	3.51e-27	6.47e-24	6.16e-21	1.55e-18	2.54e-16	2.58e-14	2.19e-12	1.09e-10	3.62e-09	9.41e-08	1.40e-05	4.21e-04	5.83e-03	3.51e-02	1.10e-01	1.76e-01	1.96e-01	1.83e-01	2.60e-01	3.31e-02	1.49e-03
 5.74181e+21	0.00e+00	0.00e+00	0.00e+00	0.00e+00	0.00e+00	7.60e-31	6.50e-27	1.15e-23	1.06e-20	2.55e-18	4.01e-16	3.90e-14	3.17e-12	1.51e-10	4.80e-09	1.20e-07	1.74e-05	5.12e-04	6.86e-03	3.98e-02	1.20e-01	1.84e-01	1.98e-01	1.77e-01	2.44e-01	2.99e-02	1.29e-03
 5.85778e+21	0.00e+00	0.00e+00	0.00e+00	0.00e+00	0.00e+00	1.39e-30	1.14e-26	1.96e-23	1.73e-20	4.02e-18	6.09e-16	5.70e-14	4.45e-12	2.03e-10	6.22e-09	1.49e-07	2.13e-05	6.11e-04	7.94e-03	4.45e-02	1.29e-01	1.91e-01	1.98e-01	1.71e-01	2.29e-01	2.71e-02	1.13e-03
 5.97257e+21	0.00e+00	0.00e+00	0.00e+00	0.00e+00	0.00e+00	2.48e-30	1.98e-26	3.28e-23	2.79e-20	6.25e-18	9.11e-16	8.21e-14	6.17e-12	2.71e-10	7.99e-09	1.85e-07	2.58e-05	7.23e-04	9.14e-03	4.95e-02	1.39e-01	1.98e-01	1.98e-01	1.65e-01	2.15e-01	2.45e-02	9.92e-04
 6.10374e+21	0.00e+00	0.00e+00	0.00e+00	0.00e+00	0.00e+00	4.75e-30	3.64e-26	5.80e-23	4.74e-20	1.02e-17	1.43e-15	1.23e-13	8.88e-12	3.73e-10	1.05e-08	2.33e-07	3.19e-05	8.69e-04	1.06e-02	5.56e-02	1.49e-01	2.06e-01	1.98e-01	1.58e-01	1.99e-01	2.19e-02	8.53e-04
 6.24636e+21	0.00e+00	0.00e+00	0.00e+00	0.00e+00	0.00e+00	9.45e-30	6.96e-26	1.07e-22	8.33e-20	1.72e-17	2.30e-15	1.90e-13	1.31e-11	5.24e-10	1.41e-08	2.99e-07	3.99e-05	1.06e-03	1.25e-02	6.26e-02	1.61e-01	2.13e-01	1.96e-01	1.50e-01	1.83e-01	1.93e-02	7.23e-04
 6.37438e+21	0.00e+00	0.00e+00	0.00e+00	0.00e+00	0.00e+00	1.73e-29	1.23e-25	1.81e-22	1.36e-19	2.71e-17	3.48e-15	2.77e-13	1.83e-11	7.05e-10	1.82e-08	3.72e-07	4.85e-05	1.25e-03	1.43e-02	6.92e-02	1.72e-01	2.19e-01	1.94e-01	1.43e-01	1.69e-01	1.73e-02	6.23e-04
 6.51133e+21	0.00e+00	0.00e+00	0.00e+00	0.00e+00	0.00e+00	3.23e-29	2.21e-25	3.14e-22	2.28e-19	4.34e-17	5.36e-15	4.09e-13	2.59e-11	9.58e-10	2.38e-08	4.65e-07	5.92e-05	1.48e-03	1.64e-02	7.66e-02	1.83e-01	2.24e-01	1.91e-01	1.36e-01	1.55e-01	1.53e-02	5.31e-04
 6.66499e+21	0.00e+00	0.00e+00	0.00e+00	0.00e+00	0.00e+00	6.41e-29	4.21e-25	5.75e-22	3.99e-19	7.28e-17	8.60e-15	6.26e-13	3.79e-11	1.34e-09	3.17e-08	5.93e-07	7.34e-05	1.78e-03	1.91e-02	8.53e-02	1.95e-01	2.29e-01	1.87e-01	1.27e-01	1.41e-01	1.33e-02	4.44e-04
 6.80983e+21	0.00e+00	0.00e+00	0.00e+00	0.00e+00	6.64e-33	1.20e-28	7.61e-25	1.00e-21	6.67e-19	1.17e-16	1.33e-14	9.27e-13	5.37e-11	1.82e-09	4.13e-08	7.40e-07	8.94e-05	2.10e-03	2.18e-02	9.39e-02	2.06e-01	2.33e-01	1.83e-01	1.20e-01	1.28e-01	1.16e-02	3.75e-04
 6.94418e+21	0.00e+00	0.00e+00	0.00e+00	0.00e+00	1.21e-32	2.13e-28	1.30e-24	1.65e-21	1.06e-18	1.79e-16	1.96e-14	1.32e-12	7.36e-11	2.40e-09	5.23e-08	9.04e-07	1.06e-04	2.44e-03	2.45e-02	1.02e-01	2.16e-01	2.35e-01	1.79e-01	1.13e-01	1.17e-01	1.03e-02	3.20e-04
 7.09545e+21	0.00e+00	0.00e+00	0.00e+00	0.00e+00	2.34e-32	3.96e-28	2.33e-24	2.85e-21	1.76e-18	2.87e-16	3.00e-14	1.94e-12	1.04e-10	3.24e-09	6.77e-08	1.12e-06	1.29e-04	2.86e-03	2.78e-02	1.11e-01	2.27e-01	2.37e-01	1.73e-01	1.05e-01	1.06e-01	8.96e-03	2.68e-04
 7.25788e+21	0.00e+00	0.00e+00	0.00e+00	0.00e+00	4.68e-32	7.63e-28	4.31e-24	5.07e-21	3.01e-18	4.68e-16	4.70e-14	2.90e-12	1.48e-10	4.44e-09	8.86e-08	1.41e-06	1.57e-04	3.37e-03	3.16e-02	1.22e-01	2.38e-01	2.38e-01	1.67e-01	9.72e-02	9.51e-02	7.71e-03	2.22e-04
 7.40079e+21	0.00e+00	0.00e+00	0.00e+00	0.00e+00	8.47e-32	1.34e-27	7.31e-24	8.30e-21	4.75e-18	7.13e-16	6.90e-14	4.10e-12	2.02e-10	5.81e-09	1.12e-07	1.71e-06	1.85e-04	3.87e-03	3.52e-02	1.31e-01	2.47e-01	2.38e-01	1.61e-01	9.06e-02	8.62e-02	6.75e-03	1.87e-04
 7.55258e+21	0.00e+00	0.00e+00	0.00e+00	0.00e+00	1.56e-31	2.39e-27	1.26e-23	1.38e-20	7.61e-18	1.10e-15	1.02e-13	5.86e-12	2.77e-10	7.65e-09	1.41e-07	2.08e-06	2.19e-04	4.45e-03	3.93e-02	1.41e-01	2.55e-01	2.38e-01	1.55e-01	8.39e-02	7.76e-02	5.86e-03	1.57e-04
 7.72393e+21	0.00e+00	0.00e+00	0.00e+00	0.00e+00	3.07e-31	4.52e-27	2.29e-23	2.42e-20	1.28e-17	1.77e-15	1.58e-13	8.67e-12	3.92e-10	1.04e-08	1.83e-07	2.58e-06	2.64e-04	5.18e-03	4.41e-02	1.52e-01	2.64e-01	2.36e-01	1.48e-01	7.68e-02	6.88e-02	4.99e-03	1.28e-04
 7.88679e+21	0.00e+00	0.00e+00	0.00e+00	0.00e+00	5.76e-31	8.18e-27	4.00e-23	4.07e-20	2.07e-17	2.76e-15	2.37e-13	1.25e-11	5.41e-10	1.37e-08	2.32e-07	3.15e-06	3.13e-04	5.96e-03	4.90e-02	1.62e-01	2.72e-01	2.34e-01	1.41e-01	7.04e-02	6.13e-02	4.28e-03	1.06e-04
 8.04075e+21	0.00e+00	0.00e+00	0.00e+00	0.00e+00	1.03e-30	1.41e-26	6.69e-23	6.58e-20	3.23e-17	4.16e-15	3.43e-13	1.74e-11	7.27e-10	1.78e-08	2.89e-07	3.77e-06	3.65e-04	6.75e-03	5.39e-02	1.72e-01	2.78e-01	2.31e-01	1.34e-01	6.48e-02	5.49e-02	3.70e-03	8.87e-05
 8.21703e+21	0.00e+00	0.00e+00	0.00e+00	0.00e+00	1.96e-30	2.60e-26	1.18e-22	1.12e-19	5.29e-17	6.54e-15	5.18e-13	2.52e-11	1.01e-09	2.36e-08	3.69e-07	4.61e-06	4.33e-04	7.75e-03	5.97e-02	1.84e-01	2.85e-01	2.27e-01	1.27e-01	5.88e-02	4.84e-02	3.14e-03	7.23e-05
 8.41230e+21	0.00e+00	0.00e+00	0.00e+00	0.00e+00	3.94e-30	5.02e-26	2.20e-22	2.00e-19	9.03e-17	1.07e-14	8.10e-13	3.77e-11	1.44e-09	3.21e-08	4.79e-07	5.72e-06	5.19e-04	8.97e-03	6.65e-02	1.96e-01	2.90e-01	2.22e-01	1.19e-01	5.28e-02	4.20e-02	2.61e-03	5.77e-05
 8.59325e+21	0.00e+00	0.00e+00	0.00e+00	0.00e+00	7.41e-30	9.12e-26	3.84e-22	3.37e-19	1.46e-16	1.67e-14	1.21e-12	5.40e-11	1.98e-09	4.24e-08	6.05e-07	6.95e-06	6.11e-04	1.02e-02	7.31e-02	2.07e-01	2.95e-01	2.16e-01	1.11e-01	4.76e-02	3.68e-02	2.20e-03	4.68e-05
 8.78945e+21	0.00e+00	0.00e+00	0.00e+00	0.00e+00	1.44e-29	1.71e-25	6.91e-22	5.83e-19	2.43e-16	2.65e-14	1.85e-12	7.89e-11	2.77e-09	5.67e-08	7.73e-07	8.50e-06	7.23e-04	1.17e-02	8.05e-02	2.19e-01	2.98e-01	2.10e-01	1.04e-01	4.26e-02	3.19e-02	1.83e-03	3.74e-05
 8.99556e+21	0.00e+00	0.00e+00	0.00e+00	0.00e+00	2.86e-29	3.26e-25	1.27e-21	1.03e-18	4.10e-16	4.28e-14	2.85e-12	1.17e-10	3.90e-09	7.63e-08	9.93e-07	1.04e-05	8.57e-04	1.33e-02	8.86e-02	2.31e-01	3.01e-01	2.03e-01	9.59e-02	3.78e-02	2.75e-02	1.51e-03	2.95e-05
 9.17046e+21	0.00e+00	0.00e+00	0.00e+00	0.00e+00	5.04e-29	5.56e-25	2.09e-21	1.64e-18	6.31e-16	6.37e-14	4.09e-12	1.61e-10	5.18e-09	9.75e-08	1.22e-06	1.24e-05	9.86e-04	1.49e-02	9.57e-02	2.41e-01	3.02e-01	1.96e-01	8.96e-02	3.41e-02	2.41e-02	1.28e-03	2.42e-05
 9.35374e+21	0.00e+00	0.00e+00	0.00e+00	0.00e+00	8.99e-29	9.59e-25	3.49e-21	2.64e-18	9.80e-16	9.53e-14	5.89e-12	2.23e-10	6.90e-09	1.25e-07	1.50e-06	1.47e-05	1.13e-03	1.66e-02	1.03e-01	2.51e-01	3.03e-01	1.89e-01	8.34e-02	3.06e-02	2.11e-02	1.08e-03	1.97e-05
 9.59201e+21	0.00e+00	0.00e+00	0.00e+00	0.00e+00	1.87e-28	1.91e-24	6.66e-21	4.82e-18	1.71e-15	1.59e-13	9.35e-12	3.37e-10	9.93e-09	1.71e-07	1.96e-06	1.82e-05	1.35e-03	1.90e-02	1.13e-01	2.63e-01	3.02e-01	1.80e-01	7.59e-02	2.66e-02	1.77e-02	8.67e-04	1.51e-05
 9.83469e+21	0.00e+00	0.00e+00	0.00e+00	1.06e-32	3.89e-28	3.81e-24	1.27e-20	8.82e-18	2.99e-15	2.64e-13	1.48e-11	5.09e-10	1.43e-08	2.33e-07	2.54e-06	2.25e-05	1.61e-03	2.17e-02	1.24e-01	2.74e-01	3.00e-01	1.71e-01	6.86e-02	2.30e-02	1.48e-02	6.92e-04	1.15e-05
 1.00284e+22	0.00e+00	0.00e+00	0.00e+00	1.95e-32	6.89e-28	6.53e-24	2.10e-20	1.41e-17	4.60e-15	3.93e-13	2.12e-11	7.01e-10	1.89e-08	2.97e-07	3.11e-06	2.65e-05	1.83e-03	2.40e-02	1.33e-01	2.83e-01	2.98e-01	1.63e-01	6.33e-02	2.05e-02	1.29e-02	5.78e-04	9.26e-06
 1.02256e+22	0.00e+00	0.00e+00	0.00e+00	3.56e-32	1.21e-27	1.11e-23	3.46e-20	2.24e-17	7.07e-15	5.81e-13	3.02e-11	9.61e-10	2.49e-08	3.77e-07	3.79e-06	3.11e-05	2.09e-03	2.64e-02	1.42e-01	2.91e-01	2.95e-01	1.56e-01	5.83e-02	1.82e-02	1.11e-02	4.83e-04	7.45e-06
 1.04820e+22	0.00e+00	0.00e+00	0.00e+00	7.61e-32	2.48e-27	2.18e-23	6.50e-20	4.04e-17	1.22e-14	9.54e-13	4.73e-11	1.43e-09	3.53e-08	5.09e-07	4.86e-06	3.80e-05	2.45e-03	2.98e-02	1.53e-01	3.00e-01	2.90e-01	1.46e-01	5.22e-02	1.56e-02	9.25e-03	3.83e-04	5.64e-06
 1.07466e+22	0.00e+00	0.00e+00	0.00e+00	1.65e-31	5.13e-27	4.32e-23	1.23e-19	7.34e-17	2.11e-14	1.58e-12	7.46e-11	2.15e-09	5.03e-08	6.89e-07	6.26e-06	4.66e-05	2.89e-03	3.36e-02	1.66e-01	3.09e-01	2.84e-01	1.37e-01	4.65e-02	1.33e-02	7.62e-03	3.00e-04	4.22e-06
 1.09472e+22	0.00e+00	0.00e+00	0.00e+00	2.93e-31	8.81e-27	7.19e-23	1.99e-19	1.14e-16	3.17e-14	2.29e-12	1.04e-10	2.90e-09	6.54e-08	8.62e-07	7.53e-06	5.41e-05	3.25e-03	3.67e-02	1.75e-01	3.15e-01	2.79e-01	1.29e-01	4.26e-02	1.17e-02	6.58e-03	2.50e-04	3.40e-06
 1.11045e+22	0.00e+00	0.00e+00	0.00e+00	4.53e-31	1.33e-26	1.06e-22	2.85e-19	1.60e-16	4.32e-14	3.04e-12	1.35e-10	3.64e-09	7.97e-08	1.02e-06	8.66e-06	6.05e-05	3.55e-03	3.92e-02	1.82e-01	3.19e-01	2.75e-01	1.24e-01	3.98e-02	1.07e-02	5.88e-03	2.18e-04	2.88e-06
 1.12805e+22	0.00e+00	0.00e+00	0.00e+00	7.40e-31	2.10e-26	1.63e-22	4.28e-19	2.34e-16	6.13e-14	4.18e-12	1.80e-10	4.70e-09	9.96e-08	1.23e-06	1.01e-05	6.86e-05	3.92e-03	4.21e-02	1.90e-01	3.24e-01	2.70e-01	1.18e-01	3.67e-02	9.57e-03	5.17e-03	1.86e-04	2.38e-06
 1.15092e+22	0.00e+00	0.00e+00	0.00e+00	1.35e-30	3.70e-26	2.77e-22	7.02e-19	3.71e-16	9.37e-14	6.16e-12	2.55e-10	6.41e-09	1.31e-07	1.55e-06	1.23e-05	7.99e-05	4.42e-03	4.59e-02	2.01e-01	3.29e-01	2.63e-01	1.11e-01	3.33e-02	8.37e-03	4.41e-03	1.52e-04	1.88e-06
 1.17578e+22	0.00e+00	0.00e+00	0.00e+00	2.65e-30	6.97e-26	5.03e-22	1.23e-18	6.24e-16	1.51e-13	9.55e-12	3.78e-10	9.10e-09	1.77e-07	2.01e-06	1.52e-05	9.46e-05	5.04e-03	5.05e-02	2.12e-01	3.33e-01	2.55e-01	1.03e-01	2.96e-02	7.16e-03	3.67e-03	1.21e-04	1.44e-06
 1.19736e+22	0.00e+00	0.00e+00	0.00e+00	4.65e-30	1.18e-25	8.27e-22	1.96e-18	9.63e-16	2.26e-13	1.37e-11	5.24e-10	1.22e-08	2.28e-07	2.50e-06	1.81e-05	1.09e-04	5.62e-03	5.46e-02	2.22e-01	3.36e-01	2.48e-01	9.66e-02	2.68e-02	6.27e-03	3.14e-03	1.00e-04	1.14e-06
 1.21665e+22	0.00e+00	0.00e+00	0.00e+00	7.63e-30	1.88e-25	1.28e-21	2.95e-18	1.41e-15	3.21e-13	1.90e-11	7.00e-10	1.57e-08	2.85e-07	3.02e-06	2.12e-05	1.23e-04	6.19e-03	5.84e-02	2.31e-01	3.39e-01	2.42e-01	9.11e-02	2.46e-02	5.57e-03	2.73e-03	8.45e-05	9.34e-07
 1.23543e+22	0.00e+00	0.00e+00	0.00e+00	1.22e-29	2.93e-25	1.94e-21	4.35e-18	2.03e-15	4.48e-13	2.57e-11	9.20e-10	2.00e-08	3.52e-07	3.61e-06	2.45e-05	1.38e-04	6.76e-03	6.21e-02	2.39e-01	3.40e-01	2.35e-01	8.61e-02	2.25e-02	4.97e-03	2.39e-03	7.18e-05	7.70e-07
 1.25647e+22	0.00e+00	0.00e+00	0.00e+00	2.03e-29	4.73e-25	3.04e-21	6.62e-18	3.00e-15	6.42e-13	3.57e-11	1.24e-09	2.60e-08	4.41e-07	4.37e-06	2.87e-05	1.57e-04	7.44e-03	6.64e-02	2.48e-01	3.42e-01	2.28e-01	8.08e-02	2.05e-02	4.38e-03	2.07e-03	6.00e-05	6.23e-07
 1.27948e+22	0.00e+00	0.00e+00	0.00e+00	3.60e-29	8.08e-25	5.03e-21	1.06e-17	4.66e-15	9.62e-13	5.16e-11	1.72e-09	3.49e-08	5.69e-07	5.42e-06	3.42e-05	1.80e-04	8.27e-03	7.14e-02	2.59e-01	3.43e-01	2.20e-01	7.51e-02	1.84e-02	3.80e-03	1.75e-03	4.90e-05	4.90e-07
 1.29979e+22	0.00e+00	0.00e+00	0.00e+00	5.87e-29	1.28e-24	7.74e-21	1.59e-17	6.79e-15	1.36e-12	7.07e-11	2.29e-09	4.48e-08	7.07e-07	6.51e-06	3.97e-05	2.02e-04	9.04e-03	7.60e-02	2.67e-01	3.43e-01	2.13e-01	7.04e-02	1.67e-02	3.35e-03	1.51e-03	4.10e-05	3.98e-07
 1.31802e+22	0.00e+00	0.00e+00	0.00e+00	9.03e-29	1.92e-24	1.13e-20	2.27e-17	9.46e-15	1.85e-12	9.34e-11	2.94e-09	5.59e-08	8.56e-07	7.65e-06	4.52e-05	2.24e-04	9.78e-03	8.01e-02	2.75e-01	3.43e-01	2.06e-01	6.64e-02	1.53e-02	3.00e-03	1.33e-03	3.51e-05	3.30e-07
 1.33883e+22	0.00e+00	0.00e+00	0.00e+00	1.45e-28	2.98e-24	1.72e-20	3.35e-17	1.36e-14	2.58e-12	1.27e-10	3.86e-09	7.12e-08	1.06e-06	9.13e-06	5.22e-05	2.51e-04	1.06e-02	8.48e-02	2.83e-01	3.42e-01	1.99e-01	6.22e-02	1.40e-02	2.65e-03	1.15e-03	2.95e-05	2.69e-07
 1.36082e+22	0.00e+00	0.00e+00	0.00e+00	2.42e-28	4.83e-24	2.70e-20	5.13e-17	2.02e-14	3.71e-12	1.76e-10	5.20e-09	9.27e-08	1.32e-06	1.11e-05	6.10e-05	2.83e-04	1.17e-02	9.02e-02	2.92e-01	3.41e-01	1.92e-01	5.77e-02	1.26e-02	2.31e-03	9.86e-04	2.43e-05	2.15e-07
 1.37913e+22	0.00e+00	0.00e+00	0.00e+00	3.68e-28	7.15e-24	3.91e-20	7.24e-17	2.79e-14	4.99e-12	2.31e-10	6.62e-09	1.15e-07	1.59e-06	1.29e-05	6.91e-05	3.12e-04	1.25e-02	9.47e-02	2.99e-01	3.39e-01	1.85e-01	5.43e-02	1.15e-02	2.07e-03	8.66e-04	2.08e-05	1.78e-07
 1.39771e+22	0.00e+00	0.00e+00	0.00e+00	5.56e-28	1.05e-23	5.62e-20	1.02e-16	3.84e-14	6.68e-12	3.01e-10	8.40e-09	1.42e-07	1.91e-06	1.50e-05	7.82e-05	3.44e-04	1.35e-02	9.93e-02	3.06e-01	3.38e-01	1.79e-01	5.11e-02	1.05e-02	1.84e-03	7.61e-04	1.77e-05	1.48e-07
 1.42186e+22	0.00e+00	0.00e+00	6.32e-33	9.39e-28	1.72e-23	8.92e-20	1.57e-16	5.75e-14	9.69e-12	4.23e-10	1.14e-08	1.85e-07	2.41e-06	1.83e-05	9.14e-05	3.88e-04	1.47e-02	1.05e-01	3.14e-01	3.35e-01	1.71e-01	4.71e-02	9.41e-03	1.60e-03	6.45e-04	1.45e-05	0.00e+00
 1.44623e+22	0.00e+00	0.00e+00	1.11e-32	1.60e-27	2.83e-23	1.43e-19	2.44e-16	8.66e-14	1.41e-11	5.96e-10	1.55e-08	2.43e-07	3.04e-06	2.22e-05	1.07e-04	4.38e-04	1.61e-02	1.12e-01	3.23e-01	3.32e-01	1.63e-01	4.34e-02	8.37e-03	1.37e-03	5.43e-04	1.18e-05	0.00e+00
 1.46531e+22	0.00e+00	0.00e+00	1.72e-32	2.41e-27	4.15e-23	2.04e-19	3.41e-16	1.19e-13	1.89e-11	7.76e-10	1.96e-08	2.99e-07	3.64e-06	2.58e-05	1.21e-04	4.81e-04	1.73e-02	1.17e-01	3.29e-01	3.29e-01	1.57e-01	4.06e-02	7.64e-03	1.22e-03	4.76e-04	1.00e-05	0.00e+00
 1.48452e+22	0.00e+00	0.00e+00	2.65e-32	3.60e-27	6.05e-23	2.91e-19	4.76e-16	1.62e-13	2.51e-11	1.01e-09	2.47e-08	3.67e-07	4.34e-06	2.99e-05	1.36e-04	5.27e-04	1.85e-02	1.22e-01	3.35e-01	3.26e-01	1.51e-01	3.80e-02	6.97e-03	1.09e-03	4.17e-04	8.55e-06	0.00e+00
 1.50949e+22	0.00e+00	0.00e+00	4.59e-32	6.02e-27	9.81e-23	4.58e-19	7.29e-16	2.41e-13	3.62e-11	1.40e-09	3.34e-08	4.78e-07	5.43e-06	3.61e-05	1.58e-04	5.92e-04	2.01e-02	1.29e-01	3.43e-01	3.22e-01	1.44e-01	3.49e-02	6.19e-03	9.36e-04	3.51e-04	6.94e-06	0.00e+00
 1.53382e+22	0.00e+00	0.00e+00	7.85e-32	9.95e-27	1.57e-22	7.14e-19	1.10e-15	3.56e-13	5.18e-11	1.94e-09	4.46e-08	6.17e-07	6.77e-06	4.34e-05	1.83e-04	6.63e-04	2.18e-02	1.35e-01	3.50e-01	3.17e-01	1.36e-01	3.20e-02	5.49e-03	8.06e-04	2.96e-04	5.66e-06	0.00e+00
 1.55170e+22	0.00e+00	0.00e+00	1.16e-31	1.43e-26	2.21e-22	9.84e-19	1.49e-15	4.72e-13	6.71e-11	2.46e-09	5.52e-08	7.44e-07	7.94e-06	4.95e-05	2.04e-04	7.19e-04	2.31e-02	1.40e-01	3.55e-01	3.13e-01	1.31e-01	3.00e-02	5.03e-03	7.22e-04	2.61e-04	4.86e-06	0.00e+00
 1.56931e+22	0.00e+00	0.00e+00	1.68e-31	2.03e-26	3.06e-22	1.34e-18	1.99e-15	6.19e-13	8.60e-11	3.09e-09	6.75e-08	8.88e-07	9.25e-06	5.62e-05	2.25e-04	7.77e-04	2.45e-02	1.45e-01	3.60e-01	3.10e-01	1.26e-01	2.82e-02	4.63e-03	6.49e-04	2.32e-04	4.21e-06	0.00e+00
 1.59222e+22	0.00e+00	0.00e+00	2.71e-31	3.17e-26	4.65e-22	1.98e-18	2.89e-15	8.75e-13	1.18e-10	4.13e-09	8.75e-08	1.12e-06	1.12e-05	6.62e-05	2.56e-04	8.58e-04	2.63e-02	1.52e-01	3.66e-01	3.05e-01	1.20e-01	2.60e-02	4.14e-03	5.65e-04	1.98e-04	3.49e-06	0.00e+00
 1.61644e+22	0.00e+00	0.00e+00	4.50e-31	5.09e-26	7.24e-22	3.01e-18	4.27e-15	1.26e-12	1.66e-10	5.61e-09	1.15e-07	1.42e-06	1.38e-05	7.86e-05	2.94e-04	9.53e-04	2.83e-02	1.59e-01	3.71e-01	2.99e-01	1.14e-01	2.38e-02	3.68e-03	4.87e-04	1.68e-04	2.85e-06	0.00e+00
 1.63696e+22	0.00e+00	0.00e+00	6.87e-31	7.56e-26	1.05e-21	4.26e-18	5.93e-15	1.72e-12	2.20e-10	7.26e-09	1.45e-07	1.74e-06	1.64e-05	9.07e-05	3.29e-04	1.04e-03	3.01e-02	1.64e-01	3.76e-01	2.94e-01	1.08e-01	2.21e-02	3.33e-03	4.30e-04	1.46e-04	2.40e-06	0.00e+00
 1.65824e+22	0.00e+00	0.00e+00	1.05e-30	1.13e-25	1.52e-21	6.05e-18	8.26e-15	2.34e-12	2.93e-10	9.42e-09	1.83e-07	2.14e-06	1.96e-05	1.05e-04	3.70e-04	1.13e-03	3.20e-02	1.71e-01	3.80e-01	2.89e-01	1.03e-01	2.05e-02	3.00e-03	3.78e-04	1.26e-04	2.02e-06	0.00e+00
 1.68221e+22	0.00e+00	0.00e+00	1.70e-30	1.76e-25	2.31e-21	8.97e-18	1.20e-14	3.32e-12	4.04e-10	1.26e-08	2.38e-07	2.69e-06	2.38e-05	1.23e-04	4.20e-04	1.25e-03	3.42e-02	1.78e-01	3.85e-01	2.83e-01	9.74e-02	1.87e-02	2.67e-03	3.27e-04	1.07e-04	1.66e-06	0.00e+00
 1.70465e+22	0.00e+00	0.00e+00	2.65e-30	2.67e-25	3.41e-21	1.29e-17	1.69e-14	4.60e-12	5.44e-10	1.66e-08	3.03e-07	3.33e-06	2.86e-05	1.43e-04	4.73e-04	1.37e-03	3.64e-02	1.84e-01	3.89e-01	2.77e-01	9.22e-02	1.72e-02	2.39e-03	2.85e-04	9.15e-05	1.37e-06	0.00e+00
 1.72440e+22	0.00e+00	0.00e+00	3.89e-30	3.82e-25	4.77e-21	1.77e-17	2.28e-14	6.09e-12	7.05e-10	2.10e-08	3.75e-07	4.00e-06	3.35e-05	1.63e-04	5.25e-04	1.48e-03	3.85e-02	1.90e-01	3.92e-01	2.71e-01	8.79e-02	1.60e-02	2.16e-03	2.52e-04	7.99e-05	1.17e-06	0.00e+00
 1.74569e+22	0.00e+00	0.00e+00	5.84e-30	5.58e-25	6.79e-21	2.48e-17	3.13e-14	8.21e-12	9.27e-10	2.69e-08	4.69e-07	4.87e-06	3.96e-05	1.87e-04	5.85e-04	1.60e-03	4.07e-02	1.96e-01	3.95e-01	2.66e-01	8.34e-02	1.48e-02	1.95e-03	2.22e-04	6.91e-05	9.81e-07	0.00e+00
 1.76971e+22	0.00e+00	0.00e+00	9.20e-30	8.52e-25	1.01e-20	3.60e-17	4.46e-14	1.15e-11	1.26e-09	3.57e-08	6.02e-07	6.07e-06	4.77e-05	2.19e-04	6.60e-04	1.76e-03	4.33e-02	2.03e-01	3.98e-01	2.59e-01	7.86e-02	1.35e-02	1.73e-03	1.91e-04	5.86e-05	8.05e-07	0.00e+00
 1.79172e+22	0.00e+00	0.00e+00	1.39e-29	1.25e-24	1.45e-20	5.06e-17	6.15e-14	1.55e-11	1.67e-09	4.61e-08	7.57e-07	7.42e-06	5.66e-05	2.52e-04	7.37e-04	1.91e-03	4.58e-02	2.09e-01	4.00e-01	2.53e-01	7.43e-02	1.24e-02	1.55e-03	1.67e-04	5.04e-05	6.71e-07	0.00e+00
 1.81110e+22	0.00e+00	0.00e+00	1.99e-29	1.75e-24	1.98e-20	6.79e-17	8.14e-14	2.02e-11	2.13e-09	5.75e-08	9.24e-07	8.83e-06	6.56e-05	2.84e-04	8.11e-04	2.05e-03	4.81e-02	2.15e-01	4.02e-01	2.48e-01	7.07e-02	1.15e-02	1.40e-03	1.48e-04	4.41e-05	5.72e-07	0.00e+00
 1.83262e+22	0.00e+00	0.00e+00	2.93e-29	2.51e-24	2.77e-20	9.34e-17	1.10e-13	2.70e-11	2.77e-09	7.33e-08	1.15e-06	1.07e-05	7.70e-05	3.25e-04	8.99e-04	2.22e-03	5.07e-02	2.21e-01	4.04e-01	2.42e-01	6.69e-02	1.06e-02	1.26e-03	1.30e-04	3.81e-05	4.80e-07	0.00e+00
 1.86060e+22	0.00e+00	0.00e+00	4.81e-29	3.98e-24	4.26e-20	1.40e-16	1.63e-13	3.90e-11	3.90e-09	9.99e-08	1.51e-06	1.36e-05	9.47e-05	3.85e-04	1.03e-03	2.45e-03	5.42e-02	2.29e-01	4.06e-01	2.34e-01	6.22e-02	9.50e-03	1.10e-03	1.10e-04	3.15e-05	3.82e-07	0.00e+00
 1.88837e+22	0.00e+00	0.00e+00	7.92e-29	6.32e-24	6.57e-20	2.12e-16	2.41e-13	5.66e-11	5.50e-09	1.37e-07	2.01e-06	1.74e-05	1.17e-04	4.57e-04	1.17e-03	2.71e-03	5.79e-02	2.37e-01	4.07e-01	2.26e-01	5.76e-02	8.49e-03	9.49e-04	9.20e-05	2.59e-05	3.02e-07	0.00e+00
 1.90922e+22	0.00e+00	0.00e+00	1.14e-28	8.86e-24	9.01e-20	2.85e-16	3.20e-13	7.43e-11	7.07e-09	1.72e-07	2.46e-06	2.08e-05	1.36e-04	5.18e-04	1.29e-03	2.92e-03	6.08e-02	2.43e-01	4.08e-01	2.20e-01	5.44e-02	7.81e-03	8.53e-04	8.09e-05	2.24e-05	2.54e-07	0.00e+00
 1.92969e+22	0.00e+00	0.00e+00	1.60e-28	1.22e-23	1.21e-19	3.78e-16	4.18e-13	9.58e-11	8.94e-09	2.14e-07	2.98e-06	2.47e-05	1.57e-04	5.82e-04	1.42e-03	3.12e-03	6.36e-02	2.49e-01	4.09e-01	2.14e-01	5.15e-02	7.22e-03	7.71e-04	7.16e-05	1.95e-05	2.16e-07	0.00e+00
 1.95631e+22	0.00e+00	0.00e+00	2.48e-28	1.83e-23	1.77e-19	5.43e-16	5.92e-13	1.34e-10	1.21e-08	2.83e-07	3.84e-06	3.07e-05	1.89e-04	6.78e-04	1.60e-03	3.41e-03	6.74e-02	2.56e-01	4.09e-01	2.07e-01	4.79e-02	6.49e-03	6.74e-04	6.08e-05	1.63e-05	1.74e-07	0.00e+00
 1.98422e+22	0.00e+00	0.00e+00	3.93e-28	2.80e-23	2.64e-19	7.93e-16	8.52e-13	1.89e-10	1.68e-08	3.80e-07	5.00e-06	3.87e-05	2.30e-04	7.96e-04	1.81e-03	3.75e-03	7.16e-02	2.64e-01	4.08e-01	1.99e-01	4.43e-02	5.80e-03	5.83e-04	5.12e-05	1.34e-05	1.38e-07	0.00e+00
 2.00758e+22	0.00e+00	0.00e+00	5.75e-28	3.99e-23	3.68e-19	1.09e-15	1.15e-12	2.53e-10	2.20e-08	4.88e-07	6.25e-06	4.71e-05	2.71e-04	9.10e-04	2.01e-03	4.05e-03	7.53e-02	2.70e-01	4.08e-01	1.92e-01	4.14e-02	5.26e-03	5.16e-04	4.41e-05	1.14e-05	0.00e+00	0.00e+00
 2.02846e+22	0.00e+00	0.00e+00	7.96e-28	5.39e-23	4.87e-19	1.42e-15	1.49e-12	3.25e-10	2.76e-08	6.02e-07	7.54e-06	5.55e-05	3.11e-04	1.02e-03	2.19e-03	4.33e-03	7.86e-02	2.75e-01	4.07e-01	1.87e-01	3.90e-02	4.84e-03	4.64e-04	3.89e-05	9.90e-06	0.00e+00	0.00e+00
 2.05238e+22	0.00e+00	0.00e+00	1.15e-27	7.56e-23	6.68e-19	1.92e-15	2.00e-12	4.30e-10	3.59e-08	7.64e-07	9.34e-06	6.69e-05	3.64e-04	1.16e-03	2.42e-03	4.67e-03	8.24e-02	2.81e-01	4.06e-01	1.81e-01	3.64e-02	4.40e-03	4.11e-04	3.37e-05	8.42e-06	0.00e+00	0.00e+00
 2.08348e+22	0.00e+00	0.00e+00	1.82e-27	1.16e-22	9.98e-19	2.81e-15	2.90e-12	6.15e-10	5.00e-08	1.04e-06	1.23e-05	8.50e-05	4.46e-04	1.37e-03	2.75e-03	5.14e-03	8.76e-02	2.89e-01	4.03e-01	1.72e-01	3.33e-02	3.87e-03	3.51e-04	2.79e-05	6.83e-06	0.00e+00	0.00e+00
 2.11498e+22	0.00e+00	8.02e-33	2.89e-27	1.78e-22	1.49e-18	4.13e-15	4.22e-12	8.85e-10	7.01e-08	1.42e-06	1.62e-05	1.08e-04	5.47e-04	1.62e-03	3.13e-03	5.66e-03	9.31e-02	2.97e-01	4.01e-01	1.64e-01	3.04e-02	3.40e-03	2.98e-04	2.29e-05	5.50e-06	0.00e+00	0.00e+00
 2.14005e+22	0.00e+00	1.19e-32	4.14e-27	2.49e-22	2.04e-18	5.57e-15	5.65e-12	1.17e-09	9.12e-08	1.80e-06	2.01e-05	1.31e-04	6.42e-04	1.84e-03	3.46e-03	6.11e-03	9.76e-02	3.03e-01	3.98e-01	1.58e-01	2.82e-02	3.06e-03	2.62e-04	1.97e-05	4.63e-06	0.00e+00	0.00e+00
 2.16566e+22	0.00e+00	1.74e-32	5.88e-27	3.44e-22	2.76e-18	7.45e-15	7.51e-12	1.55e-09	1.18e-07	2.29e-06	2.49e-05	1.58e-04	7.51e-04	2.09e-03	3.82e-03	6.58e-03	1.02e-01	3.09e-01	3.95e-01	1.52e-01	2.61e-02	2.76e-03	2.30e-04	1.69e-05	3.90e-06	0.00e+00	0.00e+00
 2.19417e+22	0.00e+00	2.64e-32	8.63e-27	4.91e-22	3.85e-18	1.03e-14	1.03e-11	2.11e-09	1.57e-07	2.98e-06	3.16e-05	1.94e-04	8.93e-04	2.41e-03	4.26e-03	7.15e-03	1.07e-01	3.15e-01	3.91e-01	1.45e-01	2.40e-02	2.45e-03	1.99e-04	1.42e-05	3.22e-06	0.00e+00	0.00e+00
 2.22014e+22	0.00e+00	3.84e-32	1.22e-26	6.73e-22	5.18e-18	1.36e-14	1.36e-11	2.78e-09	2.03e-07	3.77e-06	3.90e-05	2.33e-04	1.04e-03	2.74e-03	4.70e-03	7.70e-03	1.12e-01	3.20e-01	3.88e-01	1.39e-01	2.22e-02	2.20e-03	1.74e-04	1.21e-05	2.71e-06	0.00e+00	0.00e+00
 2.24357e+22	0.00e+00	5.33e-32	1.64e-26	8.88e-22	6.71e-18	1.75e-14	1.75e-11	3.54e-09	2.54e-07	4.65e-06	4.70e-05	2.75e-04	1.20e-03	3.06e-03	5.12e-03	8.22e-03	1.17e-01	3.25e-01	3.84e-01	1.34e-01	2.07e-02	1.99e-03	1.54e-04	1.05e-05	2.32e-06	0.00e+00	0.00e+00
 2.26998e+22	0.00e+00	7.59e-32	2.26e-26	1.20e-21	8.88e-18	2.29e-14	2.28e-11	4.60e-09	3.25e-07	5.83e-06	5.76e-05	3.28e-04	1.39e-03	3.45e-03	5.62e-03	8.82e-03	1.22e-01	3.30e-01	3.80e-01	1.28e-01	1.91e-02	1.79e-03	1.35e-04	9.04e-06	1.95e-06	0.00e+00	0.00e+00
 2.30432e+22	0.00e+00	1.18e-31	3.40e-26	1.74e-21	1.26e-17	3.23e-14	3.20e-11	6.43e-09	4.43e-07	7.78e-06	7.45e-05	4.11e-04	1.67e-03	4.02e-03	6.32e-03	9.66e-03	1.29e-01	3.36e-01	3.74e-01	1.21e-01	1.72e-02	1.56e-03	1.14e-04	7.41e-06	1.56e-06	0.00e+00	0.00e+00
 2.33888e+22	0.00e+00	1.84e-31	5.09e-26	2.53e-21	1.80e-17	4.53e-14	4.49e-11	8.98e-09	6.05e-07	1.04e-05	9.64e-05	5.14e-04	2.02e-03	4.68e-03	7.11e-03	1.06e-02	1.36e-01	3.42e-01	3.67e-01	1.14e-01	1.55e-02	1.35e-03	9.60e-05	6.05e-06	1.25e-06	0.00e+00	0.00e+00
 2.36592e+22	0.00e+00	2.58e-31	6.91e-26	3.36e-21	2.34e-17	5.86e-14	5.81e-11	1.16e-08	7.67e-07	1.29e-05	1.17e-04	6.09e-04	2.33e-03	5.26e-03	7.78e-03	1.13e-02	1.42e-01	3.46e-01	3.61e-01	1.08e-01	1.43e-02	1.21e-03	8.39e-05	5.17e-06	1.05e-06	0.00e+00	0.00e+00
 2.39329e+22	0.00e+00	3.55e-31	9.26e-26	4.41e-21	3.02e-17	7.51e-14	7.45e-11	1.48e-08	9.65e-07	1.60e-05	1.42e-04	7.18e-04	2.67e-03	5.87e-03	8.47e-03	1.21e-02	1.47e-01	3.49e-01	3.56e-01	1.03e-01	1.32e-02	1.08e-03	7.35e-05	4.44e-06	8.87e-07	0.00e+00	0.00e+00
 2.42888e+22	0.00e+00	5.33e-31	1.34e-25	6.20e-21	4.17e-17	1.03e-13	1.02e-10	2.02e-08	1.29e-06	2.09e-05	1.80e-04	8.84e-04	3.18e-03	6.76e-03	9.43e-03	1.31e-02	1.54e-01	3.54e-01	3.48e-01	9.72e-02	1.19e-02	9.43e-04	6.21e-05	3.65e-06	7.13e-07	0.00e+00	0.00e+00
 2.46642e+22	0.00e+00	8.11e-31	1.97e-25	8.84e-21	5.82e-17	1.42e-13	1.42e-10	2.80e-08	1.74e-06	2.76e-05	2.31e-04	1.10e-03	3.81e-03	7.82e-03	1.06e-02	1.43e-02	1.62e-01	3.58e-01	3.40e-01	9.09e-02	1.06e-02	8.11e-04	5.18e-05	2.96e-06	5.66e-07	0.00e+00	0.00e+00
 2.49823e+22	0.00e+00	1.15e-30	2.69e-25	1.18e-20	7.65e-17	1.85e-13	1.85e-10	3.66e-08	2.24e-06	3.48e-05	2.84e-04	1.31e-03	4.41e-03	8.80e-03	1.16e-02	1.54e-02	1.69e-01	3.61e-01	3.32e-01	8.58e-02	9.63e-03	7.15e-04	4.46e-05	2.49e-06	4.67e-07	0.00e+00	0.00e+00
 2.53133e+22	0.00e+00	1.61e-30	3.67e-25	1.57e-20	1.00e-16	2.41e-13	2.42e-10	4.77e-08	2.86e-06	4.37e-05	3.48e-04	1.56e-03	5.10e-03	9.90e-03	1.26e-02	1.65e-02	1.76e-01	3.63e-01	3.25e-01	8.09e-02	8.75e-03	6.30e-04	3.83e-05	2.09e-06	3.85e-07	0.00e+00	0.00e+00
