#depth	S	S+	S+2	S+3	S+4	S+5	S+6	S+7	S+8	S+9	S+10	S+11	S+12	S+13	S+14	S+15	S+16
 6.17135e+19	0.00e+00	0.00e+00	0.00e+00	0.00e+00	0.00e+00	0.00e+00	2.78e-30	8.53e-26	9.42e-22	3.71e-18	6.77e-15	6.06e-12	3.96e-09	1.87e-06	1.63e-03	7.19e-02	9.26e-01
 1.87609e+20	0.00e+00	0.00e+00	0.00e+00	0.00e+00	0.00e+00	0.00e+00	6.49e-30	1.83e-25	1.86e-21	6.73e-18	1.13e-14	9.29e-12	5.56e-09	2.40e-06	1.93e-03	7.79e-02	9.20e-01
 3.18540e+20	0.00e+00	0.00e+00	0.00e+00	0.00e+00	0.00e+00	0.00e+00	1.53e-29	3.96e-25	3.68e-21	1.22e-17	1.89e-14	1.43e-11	7.82e-09	3.10e-06	2.28e-03	8.43e-02	9.13e-01
 4.54709e+20	0.00e+00	0.00e+00	0.00e+00	0.00e+00	0.00e+00	0.00e+00	3.62e-29	8.59e-25	7.33e-21	2.24e-17	3.17e-14	2.20e-11	1.10e-08	4.00e-06	2.69e-03	9.13e-02	9.06e-01
 5.55111e+20	0.00e+00	0.00e+00	0.00e+00	0.00e+00	0.00e+00	0.00e+00	6.74e-29	1.50e-24	1.21e-20	3.47e-17	4.62e-14	3.01e-11	1.41e-08	4.82e-06	3.04e-03	9.66e-02	9.00e-01
 6.06530e+20	0.00e+00	0.00e+00	0.00e+00	0.00e+00	0.00e+00	0.00e+00	9.21e-29	1.99e-24	1.55e-20	4.31e-17	5.57e-14	3.53e-11	1.60e-08	5.29e-06	3.23e-03	9.94e-02	8.97e-01
 6.53533e+20	0.00e+00	0.00e+00	0.00e+00	0.00e+00	0.00e+00	0.00e+00	1.22e-28	2.57e-24	1.94e-20	5.25e-17	6.61e-14	4.06e-11	1.79e-08	5.75e-06	3.41e-03	1.02e-01	8.95e-01
 7.14636e+20	0.00e+00	0.00e+00	0.00e+00	0.00e+00	0.00e+00	0.00e+00	1.75e-28	3.55e-24	2.59e-20	6.77e-17	8.21e-14	4.88e-11	2.07e-08	6.40e-06	3.66e-03	1.05e-01	8.91e-01
 7.94071e+20	0.00e+00	0.00e+00	0.00e+00	0.00e+00	0.00e+00	0.00e+00	2.79e-28	5.40e-24	3.76e-20	9.37e-17	1.09e-13	6.17e-11	2.49e-08	7.35e-06	4.00e-03	1.10e-01	8.86e-01
 8.79208e+20	0.00e+00	0.00e+00	0.00e+00	0.00e+00	0.00e+00	0.00e+00	4.55e-28	8.39e-24	5.56e-20	1.32e-16	1.46e-13	7.90e-11	3.03e-08	8.51e-06	4.40e-03	1.15e-01	8.81e-01
 9.53696e+20	0.00e+00	0.00e+00	0.00e+00	0.00e+00	0.00e+00	8.83e-33	6.94e-28	1.23e-23	7.79e-20	1.78e-16	1.89e-13	9.78e-11	3.59e-08	9.64e-06	4.77e-03	1.19e-01	8.76e-01
 1.03247e+21	0.00e+00	0.00e+00	0.00e+00	0.00e+00	0.00e+00	1.43e-32	1.08e-27	1.82e-23	1.11e-19	2.42e-16	2.46e-13	1.22e-10	4.28e-08	1.10e-05	5.19e-03	1.24e-01	8.71e-01
 1.12036e+21	0.00e+00	0.00e+00	0.00e+00	0.00e+00	0.00e+00	2.43e-32	1.74e-27	2.81e-23	1.63e-19	3.39e-16	3.29e-13	1.56e-10	5.19e-08	1.27e-05	5.70e-03	1.29e-01	8.65e-01
 1.19511e+21	0.00e+00	0.00e+00	0.00e+00	0.00e+00	0.00e+00	3.78e-32	2.61e-27	4.04e-23	2.25e-19	4.51e-16	4.21e-13	1.91e-10	6.11e-08	1.43e-05	6.16e-03	1.34e-01	8.60e-01
 1.25439e+21	0.00e+00	0.00e+00	0.00e+00	0.00e+00	0.00e+00	5.40e-32	3.61e-27	5.42e-23	2.92e-19	5.66e-16	5.13e-13	2.26e-10	6.96e-08	1.58e-05	6.55e-03	1.38e-01	8.55e-01
 1.31855e+21	0.00e+00	0.00e+00	0.00e+00	0.00e+00	0.00e+00	7.78e-32	5.03e-27	7.30e-23	3.81e-19	7.15e-16	6.27e-13	2.67e-10	7.94e-08	1.74e-05	6.98e-03	1.42e-01	8.51e-01
 1.40195e+21	0.00e+00	0.00e+00	0.00e+00	0.00e+00	0.00e+00	1.25e-31	7.77e-27	1.08e-22	5.40e-19	9.70e-16	8.15e-13	3.33e-10	9.46e-08	1.98e-05	7.59e-03	1.48e-01	8.45e-01
 1.48848e+21	0.00e+00	0.00e+00	0.00e+00	0.00e+00	0.00e+00	2.04e-31	1.21e-26	1.61e-22	7.71e-19	1.33e-15	1.07e-12	4.18e-10	1.13e-07	2.26e-05	8.26e-03	1.53e-01	8.38e-01
 1.56012e+21	0.00e+00	0.00e+00	0.00e+00	0.00e+00	0.00e+00	3.04e-31	1.74e-26	2.24e-22	1.03e-18	1.71e-15	1.33e-12	5.03e-10	1.31e-07	2.52e-05	8.86e-03	1.58e-01	8.33e-01
 1.62405e+21	0.00e+00	0.00e+00	0.00e+00	0.00e+00	0.00e+00	4.31e-31	2.40e-26	2.98e-22	1.33e-18	2.14e-15	1.62e-12	5.91e-10	1.49e-07	2.77e-05	9.41e-03	1.63e-01	8.28e-01
 1.69690e+21	0.00e+00	0.00e+00	0.00e+00	0.00e+00	0.00e+00	6.43e-31	3.45e-26	4.14e-22	1.78e-18	2.77e-15	2.02e-12	7.13e-10	1.72e-07	3.09e-05	1.01e-02	1.68e-01	8.22e-01
 1.77858e+21	0.00e+00	0.00e+00	0.00e+00	0.00e+00	0.00e+00	9.94e-31	5.13e-26	5.92e-22	2.45e-18	3.67e-15	2.57e-12	8.73e-10	2.02e-07	3.48e-05	1.09e-02	1.74e-01	8.16e-01
 1.85576e+21	0.00e+00	0.00e+00	0.00e+00	0.00e+00	0.00e+00	1.50e-30	7.45e-26	8.28e-22	3.31e-18	4.77e-15	3.23e-12	1.06e-09	2.35e-07	3.89e-05	1.17e-02	1.79e-01	8.09e-01
 1.92823e+21	0.00e+00	0.00e+00	0.00e+00	0.00e+00	0.00e+00	2.19e-30	1.05e-25	1.13e-21	4.38e-18	6.10e-15	4.00e-12	1.26e-09	2.70e-07	4.31e-05	1.25e-02	1.84e-01	8.03e-01
 1.99683e+21	0.00e+00	0.00e+00	0.00e+00	0.00e+00	0.00e+00	3.11e-30	1.45e-25	1.51e-21	5.67e-18	7.65e-15	4.87e-12	1.49e-09	3.08e-07	4.75e-05	1.33e-02	1.89e-01	7.97e-01
 2.07227e+21	0.00e+00	0.00e+00	0.00e+00	0.00e+00	0.00e+00	4.57e-30	2.06e-25	2.08e-21	7.51e-18	9.80e-15	6.03e-12	1.78e-09	3.55e-07	5.27e-05	1.42e-02	1.95e-01	7.91e-01
 2.15423e+21	0.00e+00	0.00e+00	0.00e+00	0.00e+00	0.00e+00	6.90e-30	3.01e-25	2.92e-21	1.02e-17	1.28e-14	7.60e-12	2.17e-09	4.13e-07	5.90e-05	1.52e-02	2.01e-01	7.84e-01
 2.22732e+21	0.00e+00	0.00e+00	0.00e+00	0.00e+00	0.00e+00	9.93e-30	4.20e-25	3.94e-21	1.33e-17	1.62e-14	9.32e-12	2.57e-09	4.72e-07	6.52e-05	1.62e-02	2.07e-01	7.77e-01
 2.29473e+21	0.00e+00	0.00e+00	0.00e+00	0.00e+00	0.00e+00	1.39e-29	5.69e-25	5.19e-21	1.70e-17	2.01e-14	1.12e-11	3.01e-09	5.35e-07	7.14e-05	1.72e-02	2.12e-01	7.71e-01
 2.37210e+21	0.00e+00	0.00e+00	0.00e+00	0.00e+00	0.00e+00	2.01e-29	8.01e-25	7.06e-21	2.24e-17	2.56e-14	1.39e-11	3.59e-09	6.14e-07	7.91e-05	1.83e-02	2.18e-01	7.64e-01
 2.45595e+21	0.00e+00	0.00e+00	0.00e+00	0.00e+00	0.00e+00	3.01e-29	1.16e-24	9.85e-21	3.01e-17	3.33e-14	1.74e-11	4.35e-09	7.13e-07	8.83e-05	1.96e-02	2.24e-01	7.56e-01
 2.53014e+21	0.00e+00	0.00e+00	0.00e+00	0.00e+00	0.00e+00	4.28e-29	1.60e-24	1.32e-20	3.90e-17	4.18e-14	2.12e-11	5.14e-09	8.13e-07	9.72e-05	2.09e-02	2.30e-01	7.49e-01
 2.59804e+21	0.00e+00	0.00e+00	0.00e+00	0.00e+00	0.00e+00	5.90e-29	2.14e-24	1.72e-20	4.94e-17	5.15e-14	2.55e-11	5.99e-09	9.16e-07	1.06e-04	2.20e-02	2.35e-01	7.43e-01
 2.67581e+21	0.00e+00	0.00e+00	0.00e+00	0.00e+00	0.00e+00	8.42e-29	2.97e-24	2.31e-20	6.44e-17	6.50e-14	3.12e-11	7.10e-09	1.05e-06	1.17e-04	2.34e-02	2.41e-01	7.35e-01
 2.76344e+21	0.00e+00	0.00e+00	0.00e+00	0.00e+00	0.00e+00	1.26e-28	4.28e-24	3.21e-20	8.66e-17	8.44e-14	3.91e-11	8.60e-09	1.22e-06	1.31e-04	2.51e-02	2.48e-01	7.27e-01
 2.84554e+21	0.00e+00	0.00e+00	0.00e+00	0.00e+00	0.00e+00	1.82e-28	6.01e-24	4.37e-20	1.14e-16	1.07e-13	4.83e-11	1.03e-08	1.40e-06	1.45e-04	2.67e-02	2.54e-01	7.19e-01
 2.91820e+21	0.00e+00	0.00e+00	0.00e+00	0.00e+00	0.00e+00	2.51e-28	8.08e-24	5.71e-20	1.45e-16	1.33e-13	5.81e-11	1.20e-08	1.58e-06	1.58e-04	2.82e-02	2.60e-01	7.11e-01
 2.99691e+21	0.00e+00	0.00e+00	0.00e+00	0.00e+00	0.00e+00	3.52e-28	1.10e-23	7.55e-20	1.86e-16	1.65e-13	7.03e-11	1.41e-08	1.79e-06	1.73e-04	2.99e-02	2.66e-01	7.04e-01
 3.09923e+21	0.00e+00	0.00e+00	0.00e+00	0.00e+00	1.34e-32	5.52e-28	1.67e-23	1.10e-19	2.60e-16	2.23e-13	9.12e-11	1.76e-08	2.12e-06	1.96e-04	3.23e-02	2.74e-01	6.93e-01
 3.19928e+21	0.00e+00	0.00e+00	0.00e+00	0.00e+00	2.16e-32	8.47e-28	2.47e-23	1.57e-19	3.58e-16	2.95e-13	1.17e-10	2.16e-08	2.49e-06	2.21e-04	3.47e-02	2.82e-01	6.83e-01
 3.27476e+21	0.00e+00	0.00e+00	0.00e+00	0.00e+00	3.09e-32	1.16e-27	3.30e-23	2.05e-19	4.54e-16	3.64e-13	1.40e-10	2.52e-08	2.81e-06	2.41e-04	3.66e-02	2.88e-01	6.75e-01
 3.35127e+21	0.00e+00	0.00e+00	0.00e+00	0.00e+00	4.41e-32	1.60e-27	4.42e-23	2.66e-19	5.75e-16	4.49e-13	1.68e-10	2.94e-08	3.17e-06	2.63e-04	3.87e-02	2.94e-01	6.67e-01
 3.45074e+21	0.00e+00	0.00e+00	0.00e+00	0.00e+00	6.96e-32	2.40e-27	6.42e-23	3.74e-19	7.79e-16	5.87e-13	2.13e-10	3.58e-08	3.70e-06	2.94e-04	4.14e-02	3.02e-01	6.56e-01
 3.55141e+21	0.00e+00	0.00e+00	0.00e+00	0.00e+00	1.10e-31	3.59e-27	9.33e-23	5.25e-19	1.06e-15	7.69e-13	2.69e-10	4.37e-08	4.31e-06	3.29e-04	4.43e-02	3.10e-01	6.45e-01
 3.63116e+21	0.00e+00	0.00e+00	0.00e+00	0.00e+00	1.57e-31	4.93e-27	1.25e-22	6.85e-19	1.34e-15	9.49e-13	3.24e-10	5.11e-08	4.87e-06	3.59e-04	4.67e-02	3.16e-01	6.37e-01
 3.71237e+21	0.00e+00	0.00e+00	0.00e+00	0.00e+00	2.25e-31	6.77e-27	1.67e-22	8.93e-19	1.70e-15	1.17e-12	3.89e-10	5.97e-08	5.49e-06	3.92e-04	4.93e-02	3.22e-01	6.28e-01
 3.81794e+21	0.00e+00	0.00e+00	0.00e+00	0.00e+00	3.55e-31	1.01e-26	2.43e-22	1.25e-18	2.31e-15	1.54e-12	4.93e-10	7.29e-08	6.41e-06	4.39e-04	5.27e-02	3.30e-01	6.17e-01
 3.92614e+21	0.00e+00	0.00e+00	0.00e+00	0.00e+00	5.64e-31	1.53e-26	3.55e-22	1.77e-18	3.15e-15	2.02e-12	6.27e-10	8.93e-08	7.50e-06	4.91e-04	5.64e-02	3.38e-01	6.05e-01
 4.01405e+21	0.00e+00	0.00e+00	0.00e+00	0.00e+00	8.21e-31	2.13e-26	4.82e-22	2.34e-18	4.05e-15	2.53e-12	7.63e-10	1.05e-07	8.53e-06	5.38e-04	5.96e-02	3.45e-01	5.95e-01
 4.10464e+21	0.00e+00	0.00e+00	0.00e+00	0.00e+00	1.18e-30	2.94e-26	6.51e-22	3.08e-18	5.18e-15	3.14e-12	9.24e-10	1.24e-07	9.65e-06	5.88e-04	6.28e-02	3.51e-01	5.86e-01
 4.22242e+21	0.00e+00	0.00e+00	0.00e+00	0.00e+00	1.91e-30	4.49e-26	9.62e-22	4.40e-18	7.14e-15	4.17e-12	1.18e-09	1.53e-07	1.14e-05	6.60e-04	6.73e-02	3.59e-01	5.73e-01
 4.33996e+21	0.00e+00	0.00e+00	0.00e+00	0.00e+00	3.05e-30	6.78e-26	1.41e-21	6.24e-18	9.79e-15	5.52e-12	1.51e-09	1.88e-07	1.33e-05	7.40e-04	7.20e-02	3.67e-01	5.60e-01
 4.42907e+21	0.00e+00	0.00e+00	0.00e+00	0.00e+00	4.32e-30	9.23e-26	1.88e-21	8.10e-18	1.24e-14	6.80e-12	1.82e-09	2.19e-07	1.50e-05	8.05e-04	7.56e-02	3.73e-01	5.51e-01
 4.51680e+21	0.00e+00	0.00e+00	0.00e+00	0.00e+00	6.05e-30	1.24e-25	2.48e-21	1.04e-17	1.55e-14	8.31e-12	2.17e-09	2.54e-07	1.68e-05	8.73e-04	7.93e-02	3.79e-01	5.41e-01
 4.63084e+21	0.00e+00	0.00e+00	0.00e+00	0.00e+00	9.30e-30	1.81e-25	3.52e-21	1.44e-17	2.08e-14	1.07e-11	2.72e-09	3.07e-07	1.94e-05	9.68e-04	8.43e-02	3.86e-01	5.29e-01
 4.74989e+21	0.00e+00	0.00e+00	0.00e+00	0.00e+00	1.45e-29	2.67e-25	5.05e-21	2.00e-17	2.80e-14	1.40e-11	3.42e-09	3.73e-07	2.26e-05	1.08e-03	8.96e-02	3.93e-01	5.16e-01
 4.84997e+21	0.00e+00	0.00e+00	0.00e+00	0.00e+00	2.09e-29	3.70e-25	6.84e-21	2.64e-17	3.60e-14	1.75e-11	4.16e-09	4.40e-07	2.56e-05	1.18e-03	9.43e-02	3.99e-01	5.06e-01
 4.94018e+21	0.00e+00	0.00e+00	0.00e+00	0.00e+00	2.87e-29	4.89e-25	8.86e-21	3.35e-17	4.45e-14	2.11e-11	4.91e-09	5.05e-07	2.85e-05	1.27e-03	9.85e-02	4.04e-01	4.97e-01
 5.04307e+21	0.00e+00	0.00e+00	0.00e+00	0.00e+00	4.11e-29	6.71e-25	1.19e-20	4.39e-17	5.69e-14	2.62e-11	5.94e-09	5.92e-07	3.22e-05	1.38e-03	1.03e-01	4.09e-01	4.86e-01
 5.15884e+21	0.00e+00	0.00e+00	0.00e+00	0.00e+00	6.11e-29	9.52e-25	1.65e-20	5.91e-17	7.45e-14	3.33e-11	7.32e-09	7.05e-07	3.68e-05	1.52e-03	1.09e-01	4.15e-01	4.74e-01
 5.26807e+21	0.00e+00	0.00e+00	0.00e+00	0.00e+00	8.83e-29	1.32e-24	2.23e-20	7.80e-17	9.57e-14	4.15e-11	8.88e-09	8.29e-07	4.17e-05	1.65e-03	1.15e-01	4.20e-01	4.63e-01
 5.37057e+21	0.00e+00	0.00e+00	0.00e+00	0.00e+00	1.24e-28	1.77e-24	2.95e-20	1.01e-16	1.21e-13	5.09e-11	1.06e-08	9.63e-07	4.67e-05	1.79e-03	1.20e-01	4.25e-01	4.53e-01
 5.48760e+21	0.00e+00	0.00e+00	0.00e+00	0.00e+00	1.81e-28	2.47e-24	4.03e-20	1.34e-16	1.56e-13	6.39e-11	1.30e-08	1.14e-06	5.30e-05	1.95e-03	1.26e-01	4.30e-01	4.42e-01
 5.61867e+21	0.00e+00	0.00e+00	0.00e+00	0.00e+00	2.74e-28	3.56e-24	5.67e-20	1.83e-16	2.07e-13	8.21e-11	1.61e-08	1.37e-06	6.09e-05	2.15e-03	1.33e-01	4.35e-01	4.30e-01
 5.74181e+21	0.00e+00	0.00e+00	0.00e+00	1.17e-32	4.02e-28	4.99e-24	7.77e-20	2.45e-16	2.69e-13	1.03e-10	1.97e-08	1.61e-06	6.92e-05	2.35e-03	1.39e-01	4.40e-01	4.18e-01
 5.85778e+21	0.00e+00	0.00e+00	0.00e+00	1.73e-32	5.71e-28	6.81e-24	1.04e-19	3.19e-16	3.42e-13	1.28e-10	2.37e-08	1.88e-06	7.78e-05	2.54e-03	1.46e-01	4.44e-01	4.07e-01
 5.97257e+21	0.00e+00	0.00e+00	0.00e+00	2.54e-32	8.05e-28	9.20e-24	1.38e-19	4.14e-16	4.32e-13	1.57e-10	2.84e-08	2.19e-06	8.72e-05	2.75e-03	1.52e-01	4.48e-01	3.97e-01
 6.10374e+21	0.00e+00	0.00e+00	0.00e+00	3.90e-32	1.18e-27	1.29e-23	1.89e-19	5.52e-16	5.60e-13	1.98e-10	3.47e-08	2.58e-06	9.89e-05	3.00e-03	1.59e-01	4.52e-01	3.86e-01
 6.24636e+21	0.00e+00	0.00e+00	0.00e+00	6.17e-32	1.77e-27	1.84e-23	2.64e-19	7.52e-16	7.41e-13	2.53e-10	4.30e-08	3.09e-06	1.13e-04	3.28e-03	1.68e-01	4.56e-01	3.74e-01
 6.37438e+21	0.00e+00	0.00e+00	0.00e+00	9.23e-32	2.54e-27	2.53e-23	3.55e-19	9.87e-16	9.46e-13	3.14e-10	5.19e-08	3.61e-06	1.27e-04	3.55e-03	1.75e-01	4.59e-01	3.63e-01
 6.51133e+21	0.00e+00	0.00e+00	0.00e+00	1.40e-31	3.69e-27	3.52e-23	4.84e-19	1.31e-15	1.22e-12	3.93e-10	6.31e-08	4.24e-06	1.44e-04	3.86e-03	1.83e-01	4.61e-01	3.52e-01
 6.66499e+21	0.00e+00	0.00e+00	0.00e+00	2.23e-31	5.57e-27	5.05e-23	6.81e-19	1.79e-15	1.62e-12	5.04e-10	7.82e-08	5.06e-06	1.65e-04	4.22e-03	1.92e-01	4.64e-01	3.40e-01
 6.80983e+21	0.00e+00	0.00e+00	0.00e+00	3.42e-31	8.15e-27	7.07e-23	9.32e-19	2.39e-15	2.10e-12	6.33e-10	9.53e-08	5.96e-06	1.86e-04	4.59e-03	2.00e-01	4.67e-01	3.28e-01
 6.94418e+21	0.00e+00	0.00e+00	0.00e+00	5.03e-31	1.15e-26	9.58e-23	1.24e-18	3.10e-15	2.66e-12	7.79e-10	1.14e-07	6.91e-06	2.08e-04	4.94e-03	2.08e-01	4.68e-01	3.18e-01
 7.09545e+21	0.00e+00	0.00e+00	0.00e+00	7.71e-31	1.68e-26	1.34e-22	1.70e-18	4.14e-15	3.45e-12	9.79e-10	1.39e-07	8.13e-06	2.35e-04	5.36e-03	2.17e-01	4.70e-01	3.08e-01
 7.25788e+21	0.00e+00	0.00e+00	0.00e+00	1.21e-30	2.51e-26	1.91e-22	2.37e-18	5.61e-15	4.54e-12	1.24e-09	1.71e-07	9.64e-06	2.67e-04	5.84e-03	2.27e-01	4.71e-01	2.96e-01
 7.40079e+21	0.00e+00	0.00e+00	0.00e+00	1.78e-30	3.55e-26	2.58e-22	3.15e-18	7.30e-15	5.75e-12	1.53e-09	2.04e-07	1.12e-05	2.98e-04	6.27e-03	2.35e-01	4.72e-01	2.86e-01
 7.55258e+21	0.00e+00	0.00e+00	0.00e+00	2.66e-30	5.09e-26	3.54e-22	4.24e-18	9.58e-15	7.34e-12	1.90e-09	2.46e-07	1.30e-05	3.34e-04	6.76e-03	2.44e-01	4.72e-01	2.77e-01
 7.72393e+21	0.00e+00	0.00e+00	0.00e+00	4.15e-30	7.57e-26	5.03e-22	5.89e-18	1.30e-14	9.63e-12	2.41e-09	3.02e-07	1.54e-05	3.78e-04	7.34e-03	2.54e-01	4.72e-01	2.66e-01
 7.88679e+21	0.00e+00	0.00e+00	0.00e+00	6.29e-30	1.10e-25	6.97e-22	8.00e-18	1.72e-14	1.24e-11	3.00e-09	3.65e-07	1.80e-05	4.25e-04	7.92e-03	2.64e-01	4.72e-01	2.56e-01
 8.04075e+21	0.00e+00	0.00e+00	0.00e+00	9.24e-30	1.55e-25	9.43e-22	1.06e-17	2.23e-14	1.57e-11	3.69e-09	4.36e-07	2.07e-05	4.73e-04	8.49e-03	2.73e-01	4.71e-01	2.47e-01
 8.21703e+21	0.00e+00	0.00e+00	0.00e+00	1.42e-29	2.27e-25	1.32e-21	1.46e-17	2.98e-14	2.04e-11	4.63e-09	5.30e-07	2.43e-05	5.33e-04	9.17e-03	2.83e-01	4.70e-01	2.37e-01
 8.41230e+21	0.00e+00	0.00e+00	0.00e+00	2.27e-29	3.44e-25	1.91e-21	2.07e-17	4.09e-14	2.71e-11	5.94e-09	6.56e-07	2.90e-05	6.06e-04	9.97e-03	2.95e-01	4.69e-01	2.26e-01
 8.59325e+21	0.00e+00	0.00e+00	0.00e+00	3.47e-29	5.03e-25	2.67e-21	2.83e-17	5.46e-14	3.51e-11	7.45e-09	7.97e-07	3.39e-05	6.81e-04	1.07e-02	3.05e-01	4.67e-01	2.16e-01
 8.78945e+21	0.00e+00	0.00e+00	0.00e+00	5.44e-29	7.51e-25	3.79e-21	3.94e-17	7.40e-14	4.62e-11	9.46e-09	9.77e-07	4.00e-05	7.70e-04	1.16e-02	3.17e-01	4.64e-01	2.07e-01
 8.99556e+21	0.00e+00	0.00e+00	0.00e+00	8.66e-29	1.14e-24	5.46e-21	5.56e-17	1.01e-13	6.13e-11	1.21e-08	1.21e-06	4.75e-05	8.74e-04	1.26e-02	3.28e-01	4.61e-01	1.97e-01
 9.17046e+21	0.00e+00	0.00e+00	0.00e+00	1.28e-28	1.61e-24	7.40e-21	7.41e-17	1.32e-13	7.76e-11	1.49e-08	1.44e-06	5.47e-05	9.70e-04	1.34e-02	3.38e-01	4.58e-01	1.89e-01
 9.35374e+21	0.00e+00	0.00e+00	0.00e+00	1.89e-28	2.28e-24	1.01e-20	9.92e-17	1.72e-13	9.87e-11	1.83e-08	1.72e-06	6.32e-05	1.08e-03	1.44e-02	3.49e-01	4.55e-01	1.81e-01
 9.59201e+21	0.00e+00	0.00e+00	1.36e-32	3.13e-28	3.58e-24	1.50e-20	1.44e-16	2.43e-13	1.34e-10	2.39e-08	2.16e-06	7.59e-05	1.23e-03	1.56e-02	3.62e-01	4.51e-01	1.71e-01
 9.83469e+21	0.00e+00	0.00e+00	2.37e-32	5.19e-28	5.61e-24	2.22e-20	2.09e-16	3.42e-13	1.82e-10	3.12e-08	2.71e-06	9.12e-05	1.41e-03	1.70e-02	3.75e-01	4.46e-01	1.61e-01
 1.00284e+22	0.00e+00	0.00e+00	3.68e-32	7.69e-28	7.97e-24	3.02e-20	2.80e-16	4.47e-13	2.32e-10	3.85e-08	3.23e-06	1.05e-04	1.57e-03	1.81e-02	3.85e-01	4.41e-01	1.54e-01
 1.02256e+22	0.00e+00	0.00e+00	5.68e-32	1.14e-27	1.13e-23	4.11e-20	3.75e-16	5.83e-13	2.95e-10	4.73e-08	3.85e-06	1.21e-04	1.74e-03	1.93e-02	3.96e-01	4.37e-01	1.47e-01
 1.04820e+22	0.00e+00	0.00e+00	9.86e-32	1.87e-27	1.76e-23	6.06e-20	5.42e-16	8.18e-13	3.99e-10	6.15e-08	4.82e-06	1.45e-04	1.98e-03	2.09e-02	4.09e-01	4.30e-01	1.38e-01
 1.07466e+22	0.00e+00	0.00e+00	1.73e-31	3.11e-27	2.77e-23	9.01e-20	7.89e-16	1.15e-12	5.44e-10	8.05e-08	6.05e-06	1.74e-04	2.26e-03	2.27e-02	4.22e-01	4.23e-01	1.29e-01
 1.09472e+22	0.00e+00	0.00e+00	2.64e-31	4.55e-27	3.88e-23	1.21e-19	1.04e-15	1.49e-12	6.85e-10	9.82e-08	7.16e-06	1.99e-04	2.49e-03	2.41e-02	4.32e-01	4.18e-01	1.23e-01
 1.11045e+22	0.00e+00	0.00e+00	3.63e-31	6.06e-27	5.01e-23	1.51e-19	1.29e-15	1.82e-12	8.16e-10	1.14e-07	8.14e-06	2.21e-04	2.68e-03	2.52e-02	4.39e-01	4.14e-01	1.19e-01
 1.12805e+22	0.00e+00	0.00e+00	5.20e-31	8.38e-27	6.68e-23	1.95e-19	1.64e-15	2.26e-12	9.95e-10	1.36e-07	9.41e-06	2.48e-04	2.92e-03	2.65e-02	4.48e-01	4.09e-01	1.14e-01
 1.15092e+22	0.00e+00	0.00e+00	8.10e-31	1.25e-26	9.54e-23	2.66e-19	2.21e-15	2.97e-12	1.27e-09	1.67e-07	1.12e-05	2.85e-04	3.23e-03	2.82e-02	4.58e-01	4.02e-01	1.08e-01
 1.17578e+22	0.00e+00	0.00e+00	1.33e-30	1.95e-26	1.42e-22	3.76e-19	3.08e-15	4.03e-12	1.67e-09	2.12e-07	1.37e-05	3.35e-04	3.62e-03	3.02e-02	4.69e-01	3.95e-01	1.01e-01
 1.19736e+22	0.00e+00	0.00e+00	2.02e-30	2.84e-26	1.98e-22	5.03e-19	4.06e-15	5.20e-12	2.10e-09	2.58e-07	1.62e-05	3.83e-04	3.98e-03	3.19e-02	4.79e-01	3.89e-01	9.63e-02
 1.21665e+22	0.00e+00	0.00e+00	2.92e-30	3.96e-26	2.65e-22	6.49e-19	5.19e-15	6.52e-12	2.57e-09	3.08e-07	1.88e-05	4.30e-04	4.33e-03	3.35e-02	4.87e-01	3.83e-01	9.19e-02
 1.23543e+22	0.00e+00	0.00e+00	4.14e-30	5.43e-26	3.50e-22	8.28e-19	6.56e-15	8.09e-12	3.12e-09	3.63e-07	2.16e-05	4.81e-04	4.69e-03	3.51e-02	4.95e-01	3.77e-01	8.78e-02
 1.25647e+22	0.00e+00	0.00e+00	6.07e-30	7.65e-26	4.75e-22	1.08e-18	8.46e-15	1.02e-11	3.84e-09	4.35e-07	2.51e-05	5.42e-04	5.11e-03	3.69e-02	5.03e-01	3.71e-01	8.35e-02
 1.27948e+22	0.00e+00	0.00e+00	9.28e-30	1.12e-25	6.66e-22	1.45e-18	1.12e-14	1.33e-11	4.86e-09	5.32e-07	2.98e-05	6.21e-04	5.63e-03	3.91e-02	5.12e-01	3.64e-01	7.89e-02
 1.29979e+22	0.00e+00	0.00e+00	1.34e-29	1.56e-25	8.91e-22	1.87e-18	1.43e-14	1.66e-11	5.95e-09	6.33e-07	3.45e-05	6.98e-04	6.12e-03	4.10e-02	5.20e-01	3.57e-01	7.51e-02
 1.31802e+22	0.00e+00	0.00e+00	1.85e-29	2.08e-25	1.15e-21	2.33e-18	1.78e-14	2.03e-11	7.11e-09	7.39e-07	3.93e-05	7.73e-04	6.58e-03	4.27e-02	5.27e-01	3.52e-01	7.18e-02
 1.33883e+22	0.00e+00	0.00e+00	2.65e-29	2.87e-25	1.53e-21	2.99e-18	2.26e-14	2.52e-11	8.65e-09	8.74e-07	4.52e-05	8.64e-04	7.12e-03	4.47e-02	5.34e-01	3.45e-01	6.83e-02
 1.36082e+22	0.00e+00	0.00e+00	3.90e-29	4.06e-25	2.08e-21	3.89e-18	2.92e-14	3.20e-11	1.07e-08	1.05e-06	5.28e-05	9.77e-04	7.77e-03	4.69e-02	5.41e-01	3.38e-01	6.47e-02
 1.37913e+22	0.00e+00	0.00e+00	5.35e-29	5.39e-25	2.67e-21	4.83e-18	3.60e-14	3.89e-11	1.28e-08	1.22e-06	5.99e-05	1.08e-03	8.33e-03	4.88e-02	5.47e-01	3.32e-01	6.18e-02
 1.39771e+22	0.00e+00	0.00e+00	7.31e-29	7.13e-25	3.42e-21	5.98e-18	4.43e-14	4.72e-11	1.52e-08	1.42e-06	6.79e-05	1.19e-03	8.93e-03	5.08e-02	5.53e-01	3.27e-01	5.91e-02
 1.42186e+22	0.00e+00	0.00e+00	1.09e-28	1.02e-24	4.69e-21	7.86e-18	5.79e-14	6.03e-11	1.89e-08	1.71e-06	7.96e-05	1.35e-03	9.75e-03	5.33e-02	5.61e-01	3.19e-01	5.57e-02
 1.44623e+22	0.00e+00	0.00e+00	1.64e-28	1.47e-24	6.45e-21	1.04e-17	7.58e-14	7.75e-11	2.37e-08	2.08e-06	9.35e-05	1.53e-03	1.07e-02	5.60e-02	5.68e-01	3.12e-01	5.24e-02
 1.46531e+22	0.00e+00	0.00e+00	2.24e-28	1.94e-24	8.25e-21	1.28e-17	9.33e-14	9.39e-11	2.82e-08	2.41e-06	1.06e-04	1.69e-03	1.14e-02	5.82e-02	5.73e-01	3.06e-01	5.00e-02
 1.48452e+22	0.00e+00	0.00e+00	3.05e-28	2.56e-24	1.05e-20	1.58e-17	1.15e-13	1.14e-10	3.34e-08	2.79e-06	1.20e-04	1.86e-03	1.22e-02	6.04e-02	5.78e-01	3.00e-01	4.77e-02
 1.50949e+22	0.00e+00	0.00e+00	4.53e-28	3.64e-24	1.44e-20	2.06e-17	1.49e-13	1.45e-10	4.17e-08	3.37e-06	1.40e-04	2.11e-03	1.33e-02	6.33e-02	5.84e-01	2.92e-01	4.48e-02
 1.53382e+22	0.00e+00	0.00e+00	6.69e-28	5.15e-24	1.95e-20	2.68e-17	1.93e-13	1.85e-10	5.17e-08	4.05e-06	1.63e-04	2.38e-03	1.45e-02	6.62e-02	5.90e-01	2.85e-01	4.22e-02
 1.55170e+22	0.00e+00	0.00e+00	8.87e-28	6.63e-24	2.43e-20	3.23e-17	2.33e-13	2.20e-10	6.05e-08	4.63e-06	1.83e-04	2.60e-03	1.54e-02	6.85e-02	5.94e-01	2.79e-01	4.03e-02
 1.56931e+22	0.00e+00	1.11e-32	1.16e-27	8.44e-24	3.00e-20	3.88e-17	2.79e-13	2.60e-10	7.04e-08	5.27e-06	2.04e-04	2.83e-03	1.64e-02	7.06e-02	5.98e-01	2.74e-01	3.86e-02
 1.59222e+22	0.00e+00	1.63e-32	1.65e-27	1.15e-23	3.94e-20	4.90e-17	3.51e-13	3.22e-10	8.54e-08	6.21e-06	2.34e-04	3.15e-03	1.76e-02	7.35e-02	6.02e-01	2.67e-01	3.64e-02
 1.61644e+22	0.00e+00	2.46e-32	2.39e-27	1.60e-23	5.25e-20	6.26e-17	4.49e-13	4.05e-10	1.05e-07	7.41e-06	2.71e-04	3.54e-03	1.91e-02	7.67e-02	6.06e-01	2.60e-01	3.42e-02
 1.63696e+22	0.00e+00	3.48e-32	3.26e-27	2.11e-23	6.68e-20	7.69e-17	5.52e-13	4.92e-10	1.25e-07	8.59e-06	3.06e-04	3.90e-03	2.04e-02	7.94e-02	6.10e-01	2.54e-01	3.25e-02
 1.65824e+22	0.00e+00	4.94e-32	4.47e-27	2.79e-23	8.53e-20	9.47e-17	6.80e-13	5.98e-10	1.49e-07	9.98e-06	3.47e-04	4.30e-03	2.19e-02	8.22e-02	6.13e-01	2.48e-01	3.07e-02
 1.68221e+22	0.00e+00	7.33e-32	6.37e-27	3.83e-23	1.12e-19	1.20e-16	8.59e-13	7.45e-10	1.81e-07	1.18e-05	3.99e-04	4.80e-03	2.36e-02	8.55e-02	6.16e-01	2.41e-01	2.89e-02
 1.70465e+22	0.00e+00	1.06e-31	8.87e-27	5.13e-23	1.45e-19	1.48e-16	1.07e-12	9.14e-10	2.18e-07	1.38e-05	4.55e-04	5.32e-03	2.53e-02	8.86e-02	6.19e-01	2.34e-01	2.73e-02
 1.72440e+22	0.00e+00	1.46e-31	1.18e-26	6.62e-23	1.81e-19	1.79e-16	1.29e-12	1.09e-09	2.56e-07	1.58e-05	5.10e-04	5.81e-03	2.69e-02	9.14e-02	6.21e-01	2.28e-01	2.59e-02
 1.74569e+22	0.00e+00	2.05e-31	1.61e-26	8.68e-23	2.29e-19	2.18e-16	1.58e-12	1.32e-09	3.04e-07	1.83e-05	5.75e-04	6.38e-03	2.87e-02	9.44e-02	6.23e-01	2.22e-01	2.45e-02
 1.76971e+22	0.00e+00	3.01e-31	2.26e-26	1.18e-22	2.98e-19	2.73e-16	1.98e-12	1.63e-09	3.68e-07	2.16e-05	6.59e-04	7.10e-03	3.08e-02	9.79e-02	6.25e-01	2.16e-01	2.30e-02
 1.79172e+22	0.00e+00	4.27e-31	3.10e-26	1.55e-22	3.78e-19	3.34e-16	2.44e-12	1.98e-09	4.39e-07	2.50e-05	7.46e-04	7.82e-03	3.29e-02	1.01e-01	6.26e-01	2.10e-01	2.17e-02
 1.81110e+22	0.00e+00	5.79e-31	4.08e-26	1.98e-22	4.66e-19	3.98e-16	2.92e-12	2.35e-09	5.12e-07	2.85e-05	8.31e-04	8.50e-03	3.49e-02	1.04e-01	6.27e-01	2.04e-01	2.05e-02
 1.83262e+22	0.00e+00	8.08e-31	5.49e-26	2.57e-22	5.85e-19	4.82e-16	3.55e-12	2.83e-09	6.05e-07	3.28e-05	9.34e-04	9.32e-03	3.71e-02	1.07e-01	6.27e-01	1.99e-01	1.94e-02
 1.86060e+22	0.00e+00	1.24e-30	8.06e-26	3.61e-22	7.84e-19	6.15e-16	4.56e-12	3.59e-09	7.49e-07	3.93e-05	1.09e-03	1.05e-02	4.02e-02	1.11e-01	6.28e-01	1.91e-01	1.80e-02
 1.88837e+22	0.00e+00	1.92e-30	1.19e-25	5.08e-22	1.05e-18	7.86e-16	5.88e-12	4.57e-09	9.32e-07	4.73e-05	1.26e-03	1.18e-02	4.36e-02	1.16e-01	6.27e-01	1.84e-01	1.66e-02
 1.90922e+22	0.00e+00	2.64e-30	1.59e-25	6.54e-22	1.31e-18	9.42e-16	7.09e-12	5.45e-09	1.09e-06	5.41e-05	1.41e-03	1.29e-02	4.62e-02	1.19e-01	6.27e-01	1.78e-01	1.57e-02
 1.92969e+22	0.00e+00	3.57e-30	2.08e-25	8.29e-22	1.60e-18	1.12e-15	8.44e-12	6.43e-09	1.27e-06	6.14e-05	1.57e-03	1.40e-02	4.88e-02	1.22e-01	6.26e-01	1.73e-01	1.48e-02
 1.95631e+22	0.00e+00	5.30e-30	2.95e-25	1.13e-21	2.09e-18	1.40e-15	1.06e-11	7.99e-09	1.54e-06	7.24e-05	1.80e-03	1.55e-02	5.24e-02	1.26e-01	6.24e-01	1.67e-01	1.38e-02
 1.98422e+22	0.00e+00	8.03e-30	4.28e-25	1.57e-21	2.77e-18	1.76e-15	1.35e-11	1.00e-08	1.90e-06	8.62e-05	2.07e-03	1.74e-02	5.65e-02	1.30e-01	6.21e-01	1.60e-01	1.27e-02
 2.00758e+22	0.00e+00	1.14e-29	5.86e-25	2.06e-21	3.50e-18	2.14e-15	1.65e-11	1.22e-08	2.26e-06	9.97e-05	2.34e-03	1.91e-02	6.01e-02	1.34e-01	6.19e-01	1.54e-01	1.19e-02
 2.02846e+22	0.00e+00	1.54e-29	7.66e-25	2.61e-21	4.29e-18	2.53e-15	1.95e-11	1.43e-08	2.61e-06	1.13e-04	2.59e-03	2.06e-02	6.33e-02	1.37e-01	6.16e-01	1.49e-01	1.12e-02
 2.05238e+22	0.00e+00	2.17e-29	1.04e-24	3.41e-21	5.39e-18	3.05e-15	2.37e-11	1.72e-08	3.09e-06	1.30e-04	2.91e-03	2.25e-02	6.72e-02	1.41e-01	6.12e-01	1.44e-01	1.04e-02
 2.08348e+22	0.00e+00	3.36e-29	1.54e-24	4.81e-21	7.23e-18	3.89e-15	3.04e-11	2.18e-08	3.82e-06	1.55e-04	3.37e-03	2.53e-02	7.24e-02	1.45e-01	6.07e-01	1.37e-01	9.54e-03
 2.11498e+22	0.00e+00	5.26e-29	2.29e-24	6.82e-21	9.76e-18	4.98e-15	3.90e-11	2.77e-08	4.74e-06	1.86e-04	3.91e-03	2.83e-02	7.81e-02	1.50e-01	6.01e-01	1.30e-01	8.68e-03
 2.14005e+22	0.00e+00	7.48e-29	3.14e-24	8.98e-21	1.23e-17	6.04e-15	4.74e-11	3.34e-08	5.62e-06	2.14e-04	4.38e-03	3.10e-02	8.28e-02	1.54e-01	5.96e-01	1.24e-01	8.05e-03
 2.16566e+22	0.00e+00	1.06e-28	4.28e-24	1.18e-20	1.56e-17	7.31e-15	5.74e-11	4.02e-08	6.63e-06	2.46e-04	4.91e-03	3.38e-02	8.77e-02	1.57e-01	5.90e-01	1.19e-01	7.46e-03
 2.19417e+22	0.00e+00	1.56e-28	6.04e-24	1.59e-20	2.01e-17	9.04e-15	7.09e-11	4.92e-08	7.96e-06	2.87e-04	5.56e-03	3.72e-02	9.33e-02	1.61e-01	5.83e-01	1.13e-01	6.85e-03
 2.22014e+22	0.00e+00	2.21e-28	8.24e-24	2.09e-20	2.54e-17	1.10e-14	8.56e-11	5.90e-08	9.37e-06	3.29e-04	6.21e-03	4.05e-02	9.86e-02	1.64e-01	5.76e-01	1.08e-01	6.33e-03
 2.24357e+22	0.00e+00	3.01e-28	1.09e-23	2.67e-20	3.13e-17	1.30e-14	1.01e-10	6.92e-08	1.08e-05	3.71e-04	6.84e-03	4.37e-02	1.03e-01	1.67e-01	5.69e-01	1.04e-01	5.90e-03
 2.26998e+22	0.00e+00	4.21e-28	1.47e-23	3.47e-20	3.92e-17	1.56e-14	1.21e-10	8.23e-08	1.27e-05	4.22e-04	7.60e-03	4.73e-02	1.09e-01	1.70e-01	5.61e-01	9.91e-02	5.45e-03
 2.30432e+22	0.00e+00	6.48e-28	2.16e-23	4.87e-20	5.23e-17	1.98e-14	1.52e-10	1.02e-07	1.54e-05	4.97e-04	8.67e-03	5.23e-02	1.16e-01	1.74e-01	5.50e-01	9.32e-02	4.92e-03
 2.33888e+22	0.00e+00	9.99e-28	3.18e-23	6.84e-20	6.99e-17	2.52e-14	1.91e-10	1.27e-07	1.88e-05	5.85e-04	9.88e-03	5.78e-02	1.23e-01	1.77e-01	5.39e-01	8.75e-02	4.43e-03
 2.36592e+22	0.00e+00	1.39e-27	4.28e-23	8.88e-20	8.75e-17	3.03e-14	2.27e-10	1.51e-07	2.18e-05	6.62e-04	1.09e-02	6.23e-02	1.29e-01	1.80e-01	5.30e-01	8.32e-02	4.08e-03
 2.39329e+22	0.00e+00	1.92e-27	5.70e-23	1.14e-19	1.09e-16	3.63e-14	2.68e-10	1.77e-07	2.51e-05	7.45e-04	1.20e-02	6.69e-02	1.35e-01	1.82e-01	5.20e-01	7.92e-02	3.76e-03
 2.42888e+22	0.00e+00	2.89e-27	8.22e-23	1.58e-19	1.43e-16	4.56e-14	3.30e-10	2.16e-07	3.01e-05	8.65e-04	1.35e-02	7.31e-02	1.43e-01	1.85e-01	5.08e-01	7.42e-02	3.39e-03
 2.46642e+22	0.00e+00	4.44e-27	1.21e-22	2.21e-19	1.91e-16	5.80e-14	4.11e-10	2.66e-07	3.63e-05	1.01e-03	1.52e-02	8.01e-02	1.51e-01	1.87e-01	4.94e-01	6.91e-02	3.03e-03
 2.49823e+22	0.00e+00	6.32e-27	1.66e-22	2.93e-19	2.44e-16	7.08e-14	4.92e-10	3.16e-07	4.24e-05	1.14e-03	1.68e-02	8.62e-02	1.57e-01	1.89e-01	4.82e-01	6.51e-02	2.75e-03
 2.53133e+22	0.00e+00	8.99e-27	2.27e-22	3.87e-19	3.09e-16	8.63e-14	5.87e-10	3.74e-07	4.93e-05	1.30e-03	1.85e-02	9.26e-02	1.64e-01	1.90e-01	4.69e-01	6.13e-02	2.50e-03
 2.57437e+22	0.00e+00	1.40e-26	3.39e-22	5.50e-19	4.19e-16	1.11e-13	7.33e-10	4.62e-07	5.95e-05	1.51e-03	2.09e-02	1.01e-01	1.73e-01	1.92e-01	4.53e-01	5.66e-02	2.21e-03
 2.61847e+22	0.00e+00	2.20e-26	5.09e-22	7.88e-19	5.71e-16	1.44e-13	9.17e-10	5.72e-07	7.19e-05	1.76e-03	2.35e-02	1.10e-01	1.81e-01	1.93e-01	4.36e-01	5.20e-02	1.94e-03
 2.65253e+22	0.00e+00	3.09e-26	6.91e-22	1.03e-18	7.20e-16	1.74e-13	1.09e-09	6.71e-07	8.29e-05	1.98e-03	2.57e-02	1.18e-01	1.88e-01	1.93e-01	4.23e-01	4.87e-02	1.76e-03
 2.68021e+22	0.00e+00	4.05e-26	8.80e-22	1.28e-18	8.66e-16	2.03e-13	1.24e-09	7.61e-07	9.26e-05	2.17e-03	2.75e-02	1.24e-01	1.93e-01	1.93e-01	4.13e-01	4.62e-02	1.62e-03
 2.71102e+22	0.00e+00	5.36e-26	1.13e-21	1.60e-18	1.05e-15	2.39e-13	1.42e-09	8.67e-07	1.04e-04	2.38e-03	2.96e-02	1.30e-01	1.98e-01	1.93e-01	4.02e-01	4.37e-02	1.49e-03
 2.75107e+22	1.16e-32	7.74e-26	1.58e-21	2.15e-18	1.35e-15	2.95e-13	1.70e-09	1.03e-06	1.21e-04	2.68e-03	3.24e-02	1.39e-01	2.05e-01	1.93e-01	3.87e-01	4.05e-02	1.33e-03
 2.79349e+22	1.76e-32	1.13e-25	2.22e-21	2.91e-18	1.76e-15	3.68e-13	2.05e-09	1.22e-06	1.41e-04	3.04e-03	3.55e-02	1.48e-01	2.11e-01	1.92e-01	3.71e-01	3.74e-02	1.18e-03
 2.82997e+22	2.50e-32	1.56e-25	2.97e-21	3.76e-18	2.20e-15	4.43e-13	2.40e-09	1.42e-06	1.60e-04	3.37e-03	3.84e-02	1.56e-01	2.17e-01	1.91e-01	3.58e-01	3.48e-02	1.06e-03
 2.86834e+22	3.53e-32	2.15e-25	3.96e-21	4.85e-18	2.74e-15	5.33e-13	2.80e-09	1.63e-06	1.82e-04	3.72e-03	4.13e-02	1.64e-01	2.22e-01	1.90e-01	3.45e-01	3.25e-02	9.61e-04
 2.91822e+22	5.47e-32	3.22e-25	5.70e-21	6.72e-18	3.63e-15	6.74e-13	3.41e-09	1.96e-06	2.13e-04	4.23e-03	4.54e-02	1.75e-01	2.29e-01	1.88e-01	3.28e-01	2.96e-02	8.40e-04
 2.96907e+22	8.50e-32	4.85e-25	8.26e-21	9.33e-18	4.82e-15	8.56e-13	4.16e-09	2.36e-06	2.50e-04	4.80e-03	4.97e-02	1.86e-01	2.35e-01	1.86e-01	3.11e-01	2.69e-02	7.31e-04
 3.00988e+22	1.20e-31	6.67e-25	1.10e-20	1.21e-17	6.03e-15	1.03e-12	4.86e-09	2.72e-06	2.83e-04	5.29e-03	5.34e-02	1.95e-01	2.39e-01	1.83e-01	2.98e-01	2.49e-02	6.55e-04
 3.04464e+22	1.59e-31	8.68e-25	1.40e-20	1.49e-17	7.24e-15	1.20e-12	5.53e-09	3.06e-06	3.13e-04	5.72e-03	5.65e-02	2.03e-01	2.42e-01	1.81e-01	2.87e-01	2.33e-02	5.97e-04
 3.08284e+22	2.14e-31	1.15e-24	1.80e-20	1.87e-17	8.80e-15	1.42e-12	6.33e-09	3.46e-06	3.48e-04	6.22e-03	6.00e-02	2.10e-01	2.46e-01	1.79e-01	2.76e-01	2.18e-02	5.40e-04
 3.13249e+22	3.11e-31	1.63e-24	2.47e-20	2.48e-17	1.13e-14	1.75e-12	7.51e-09	4.04e-06	3.98e-04	6.90e-03	6.45e-02	2.20e-01	2.50e-01	1.76e-01	2.62e-01	1.99e-02	4.76e-04
 3.18409e+22	4.57e-31	2.35e-24	3.44e-20	3.32e-17	1.45e-14	2.17e-12	8.96e-09	4.74e-06	4.56e-04	7.67e-03	6.95e-02	2.31e-01	2.53e-01	1.72e-01	2.47e-01	1.81e-02	4.16e-04
 3.22677e+22	6.25e-31	3.16e-24	4.50e-20	4.23e-17	1.79e-14	2.58e-12	1.03e-08	5.39e-06	5.10e-04	8.36e-03	7.38e-02	2.40e-01	2.56e-01	1.69e-01	2.36e-01	1.67e-02	3.72e-04
 3.27082e+22	8.42e-31	4.20e-24	5.83e-20	5.32e-17	2.19e-14	3.06e-12	1.19e-08	6.11e-06	5.66e-04	9.06e-03	7.80e-02	2.48e-01	2.58e-01	1.66e-01	2.25e-01	1.55e-02	3.34e-04
 3.32809e+22	1.23e-30	6.05e-24	8.11e-20	7.14e-17	2.83e-14	3.80e-12	1.42e-08	7.16e-06	6.48e-04	1.00e-02	8.36e-02	2.58e-01	2.60e-01	1.61e-01	2.12e-01	1.40e-02	2.90e-04
 3.38767e+22	1.82e-30	8.83e-24	1.14e-19	9.70e-17	3.69e-14	4.76e-12	1.71e-08	8.43e-06	7.43e-04	1.11e-02	8.97e-02	2.69e-01	2.62e-01	1.57e-01	1.98e-01	1.25e-02	2.50e-04
 3.43724e+22	2.50e-30	1.20e-23	1.51e-19	1.24e-16	4.58e-14	5.71e-12	1.98e-08	9.62e-06	8.30e-04	1.21e-02	9.49e-02	2.78e-01	2.63e-01	1.53e-01	1.87e-01	1.15e-02	2.21e-04
 3.48867e+22	3.39e-30	1.62e-23	1.98e-19	1.58e-16	5.66e-14	6.84e-12	2.30e-08	1.09e-05	9.24e-04	1.31e-02	1.00e-01	2.86e-01	2.63e-01	1.49e-01	1.77e-01	1.05e-02	1.96e-04
 3.55554e+22	5.00e-30	2.37e-23	2.79e-19	2.16e-16	7.41e-14	8.59e-12	2.77e-08	1.29e-05	1.06e-03	1.45e-02	1.07e-01	2.96e-01	2.63e-01	1.43e-01	1.65e-01	9.36e-03	1.68e-04
 3.62498e+22	7.41e-30	3.50e-23	3.99e-19	2.97e-16	9.78e-14	1.09e-11	3.36e-08	1.52e-05	1.21e-03	1.61e-02	1.14e-01	3.07e-01	2.63e-01	1.38e-01	1.53e-01	8.30e-03	1.43e-04
 3.67986e+22	9.99e-30	4.74e-23	5.25e-19	3.79e-16	1.21e-13	1.30e-11	3.90e-08	1.73e-05	1.35e-03	1.74e-02	1.20e-01	3.15e-01	2.62e-01	1.34e-01	1.43e-01	7.55e-03	1.26e-04
 3.72625e+22	1.28e-29	6.08e-23	6.58e-19	4.64e-16	1.45e-13	1.52e-11	4.40e-08	1.92e-05	1.47e-03	1.85e-02	1.25e-01	3.21e-01	2.61e-01	1.30e-01	1.36e-01	6.98e-03	1.13e-04
 3.77952e+22	1.68e-29	8.00e-23	8.45e-19	5.81e-16	1.76e-13	1.79e-11	5.04e-08	2.16e-05	1.62e-03	1.99e-02	1.31e-01	3.27e-01	2.60e-01	1.26e-01	1.29e-01	6.39e-03	1.00e-04
 3.84876e+22	2.33e-29	1.12e-22	1.15e-18	7.64e-16	2.23e-13	2.20e-11	5.96e-08	2.49e-05	1.81e-03	2.16e-02	1.38e-01	3.35e-01	2.57e-01	1.21e-01	1.20e-01	5.73e-03	8.69e-05
 3.92447e+22	3.37e-29	1.64e-22	1.62e-18	1.04e-15	2.93e-13	2.76e-11	7.18e-08	2.92e-05	2.06e-03	2.37e-02	1.46e-01	3.44e-01	2.55e-01	1.15e-01	1.10e-01	5.05e-03	7.33e-05
 3.99159e+22	4.57e-29	2.26e-22	2.17e-18	1.35e-15	3.68e-13	3.36e-11	8.43e-08	3.34e-05	2.30e-03	2.56e-02	1.53e-01	3.51e-01	2.52e-01	1.10e-01	1.02e-01	4.53e-03	6.35e-05
 4.06183e+22	6.19e-29	3.11e-22	2.90e-18	1.75e-15	4.62e-13	4.08e-11	9.87e-08	3.82e-05	2.56e-03	2.76e-02	1.60e-01	3.57e-01	2.49e-01	1.06e-01	9.50e-02	4.07e-03	5.51e-05
 4.15315e+22	9.09e-29	4.67e-22	4.19e-18	2.44e-15	6.17e-13	5.22e-11	1.21e-07	4.52e-05	2.93e-03	3.04e-02	1.69e-01	3.64e-01	2.44e-01	9.97e-02	8.63e-02	3.53e-03	4.57e-05
 4.24811e+22	1.34e-28	7.10e-22	6.14e-18	3.44e-15	8.32e-13	6.73e-11	1.49e-07	5.38e-05	3.36e-03	3.35e-02	1.78e-01	3.71e-01	2.39e-01	9.37e-02	7.79e-02	3.04e-03	3.76e-05
 4.32787e+22	1.82e-28	9.98e-22	8.37e-18	4.54e-15	1.06e-12	8.28e-11	1.76e-07	6.20e-05	3.75e-03	3.61e-02	1.86e-01	3.76e-01	2.34e-01	8.89e-02	7.16e-02	2.69e-03	3.20e-05
 4.39828e+22	2.36e-28	1.33e-21	1.09e-17	5.74e-15	1.30e-12	9.87e-11	2.03e-07	6.98e-05	4.11e-03	3.85e-02	1.93e-01	3.80e-01	2.30e-01	8.49e-02	6.66e-02	2.42e-03	2.79e-05
 4.47644e+22	3.14e-28	1.82e-21	1.45e-17	7.41e-15	1.63e-12	1.19e-10	2.37e-07	7.94e-05	4.55e-03	4.13e-02	2.01e-01	3.84e-01	2.25e-01	8.07e-02	6.15e-02	2.16e-03	2.40e-05
 4.57806e+22	4.41e-28	2.67e-21	2.05e-17	1.01e-14	2.14e-12	1.51e-10	2.87e-07	9.29e-05	5.14e-03	4.49e-02	2.10e-01	3.88e-01	2.19e-01	7.56e-02	5.56e-02	1.87e-03	2.00e-05
 4.68567e+22	6.33e-28	4.04e-21	2.99e-17	1.42e-14	2.88e-12	1.94e-10	3.52e-07	1.10e-04	5.85e-03	4.90e-02	2.20e-01	3.92e-01	2.12e-01	7.03e-02	4.98e-02	1.60e-03	1.63e-05
 4.77327e+22	8.37e-28	5.60e-21	4.02e-17	1.85e-14	3.63e-12	2.37e-10	4.14e-07	1.25e-04	6.47e-03	5.24e-02	2.28e-01	3.94e-01	2.06e-01	6.63e-02	4.56e-02	1.41e-03	1.39e-05
 4.84735e+22	1.05e-27	7.31e-21	5.11e-17	2.30e-14	4.39e-12	2.79e-10	4.72e-07	1.40e-04	7.03e-03	5.54e-02	2.34e-01	3.95e-01	2.01e-01	6.31e-02	4.23e-02	1.27e-03	1.21e-05
 4.93168e+22	1.35e-27	9.78e-21	6.67e-17	2.92e-14	5.41e-12	3.33e-10	5.46e-07	1.57e-04	7.68e-03	5.88e-02	2.41e-01	3.96e-01	1.96e-01	5.97e-02	3.90e-02	1.13e-03	1.05e-05
 5.04131e+22	1.84e-27	1.40e-20	9.26e-17	3.92e-14	7.00e-12	4.15e-10	6.52e-07	1.82e-04	8.58e-03	6.32e-02	2.50e-01	3.97e-01	1.89e-01	5.57e-02	3.52e-02	9.82e-04	8.70e-06
 5.15834e+22	2.55e-27	2.08e-20	1.32e-16	5.40e-14	9.27e-12	5.27e-10	7.92e-07	2.13e-04	9.66e-03	6.83e-02	2.59e-01	3.97e-01	1.82e-01	5.15e-02	3.14e-02	8.37e-04	7.09e-06
 5.25836e+22	3.33e-27	2.88e-20	1.78e-16	7.04e-14	1.17e-11	6.43e-10	9.30e-07	2.42e-04	1.06e-02	7.27e-02	2.67e-01	3.97e-01	1.76e-01	4.81e-02	2.85e-02	7.32e-04	5.97e-06
 5.36175e+22	4.33e-27	3.95e-20	2.38e-16	9.12e-14	1.47e-11	7.80e-10	1.09e-06	2.75e-04	1.17e-02	7.72e-02	2.74e-01	3.96e-01	1.69e-01	4.50e-02	2.59e-02	6.42e-04	5.05e-06
 5.49616e+22	5.98e-27	5.86e-20	3.40e-16	1.26e-13	1.94e-11	9.91e-10	1.32e-06	3.21e-04	1.31e-02	8.31e-02	2.83e-01	3.94e-01	1.62e-01	4.14e-02	2.30e-02	5.44e-04	4.09e-06
 5.63568e+22	8.36e-27	8.92e-20	4.98e-16	1.77e-13	2.62e-11	1.28e-09	1.63e-06	3.79e-04	1.48e-02	8.97e-02	2.92e-01	3.91e-01	1.54e-01	3.77e-02	2.02e-02	4.54e-04	3.25e-06
 5.74940e+22	1.08e-26	1.24e-19	6.71e-16	2.32e-13	3.32e-11	1.56e-09	1.91e-06	4.32e-04	1.63e-02	9.51e-02	3.00e-01	3.88e-01	1.47e-01	3.50e-02	1.82e-02	3.94e-04	2.72e-06
 5.86477e+22	1.39e-26	1.69e-19	8.93e-16	3.00e-13	4.15e-11	1.90e-09	2.23e-06	4.88e-04	1.78e-02	1.01e-01	3.06e-01	3.85e-01	1.41e-01	3.26e-02	1.64e-02	3.43e-04	2.28e-06
 6.01475e+22	1.89e-26	2.50e-19	1.27e-15	4.11e-13	5.48e-11	2.40e-09	2.70e-06	5.69e-04	1.99e-02	1.07e-01	3.14e-01	3.80e-01	1.34e-01	2.97e-02	1.45e-02	2.89e-04	1.84e-06
 6.16373e+22	2.58e-26	3.75e-19	1.84e-15	5.75e-13	7.35e-11	3.09e-09	3.30e-06	6.66e-04	2.23e-02	1.15e-01	3.22e-01	3.74e-01	1.26e-01	2.69e-02	1.26e-02	2.40e-04	1.45e-06
 6.27427e+22	3.17e-26	4.95e-19	2.37e-15	7.21e-13	8.96e-11	3.66e-09	3.78e-06	7.42e-04	2.41e-02	1.20e-01	3.27e-01	3.70e-01	1.21e-01	2.51e-02	1.15e-02	2.12e-04	1.24e-06
 6.38083e+22	3.91e-26	6.46e-19	3.03e-15	8.98e-13	1.09e-10	4.31e-09	4.32e-06	8.24e-04	2.60e-02	1.26e-01	3.31e-01	3.66e-01	1.16e-01	2.35e-02	1.05e-02	1.87e-04	1.06e-06
 6.51936e+22	5.00e-26	8.90e-19	4.06e-15	1.17e-12	1.37e-10	5.26e-09	5.06e-06	9.33e-04	2.84e-02	1.32e-01	3.37e-01	3.60e-01	1.10e-01	2.16e-02	9.38e-03	1.61e-04	8.77e-07
 6.67283e+22	6.56e-26	1.28e-18	5.65e-15	1.57e-12	1.78e-10	6.58e-09	6.05e-06	1.07e-03	3.13e-02	1.40e-01	3.42e-01	3.53e-01	1.04e-01	1.97e-02	8.25e-03	1.35e-04	7.07e-07
 6.81207e+22	8.29e-26	1.76e-18	7.58e-15	2.05e-12	2.24e-10	8.02e-09	7.09e-06	1.22e-03	3.41e-02	1.47e-01	3.47e-01	3.47e-01	9.85e-02	1.80e-02	7.36e-03	1.16e-04	5.82e-07
 6.93908e+22	1.02e-25	2.33e-18	9.78e-15	2.59e-12	2.75e-10	9.54e-09	8.15e-06	1.36e-03	3.68e-02	1.53e-01	3.50e-01	3.41e-01	9.39e-02	1.67e-02	6.64e-03	1.01e-04	4.91e-07
 7.08383e+22	1.27e-25	3.14e-18	1.29e-14	3.31e-12	3.42e-10	1.15e-08	9.46e-06	1.52e-03	3.98e-02	1.60e-01	3.54e-01	3.34e-01	8.89e-02	1.54e-02	5.95e-03	8.72e-05	4.08e-07
 7.27199e+22	1.68e-25	4.60e-18	1.83e-14	4.55e-12	4.51e-10	1.46e-08	1.14e-05	1.76e-03	4.41e-02	1.69e-01	3.58e-01	3.25e-01	8.29e-02	1.38e-02	5.15e-03	7.20e-05	3.21e-07
 7.46762e+22	2.24e-25	6.88e-18	2.65e-14	6.36e-12	6.06e-10	1.88e-08	1.40e-05	2.06e-03	4.90e-02	1.79e-01	3.61e-01	3.15e-01	7.67e-02	1.23e-02	4.41e-03	5.86e-05	2.48e-07
 7.62819e+22	2.78e-25	9.46e-18	3.55e-14	8.30e-12	7.66e-10	2.30e-08	1.64e-05	2.33e-03	5.32e-02	1.87e-01	3.64e-01	3.07e-01	7.20e-02	1.12e-02	3.90e-03	4.97e-05	2.02e-07
 7.79215e+22	3.45e-25	1.28e-17	4.68e-14	1.07e-11	9.57e-10	2.79e-08	1.91e-05	2.62e-03	5.75e-02	1.94e-01	3.65e-01	2.99e-01	6.77e-02	1.02e-02	3.46e-03	4.24e-05	1.66e-07
 8.00531e+22	4.46e-25	1.85e-17	6.59e-14	1.46e-11	1.26e-09	3.54e-08	2.31e-05	3.03e-03	6.33e-02	2.04e-01	3.66e-01	2.89e-01	6.26e-02	9.06e-03	2.97e-03	3.47e-05	1.30e-07
 8.23389e+22	5.84e-25	2.78e-17	9.61e-14	2.06e-11	1.71e-09	4.60e-08	2.85e-05	3.56e-03	7.02e-02	2.15e-01	3.67e-01	2.77e-01	5.72e-02	7.96e-03	2.51e-03	2.78e-05	0.00e+00
 8.42999e+22	7.30e-25	3.92e-17	1.32e-13	2.76e-11	2.21e-09	5.76e-08	3.40e-05	4.07e-03	7.66e-02	2.24e-01	3.67e-01	2.67e-01	5.29e-02	7.10e-03	2.17e-03	2.29e-05	0.00e+00
 8.60466e+22	8.68e-25	5.18e-17	1.71e-13	3.49e-11	2.73e-09	6.91e-08	3.93e-05	4.54e-03	8.22e-02	2.31e-01	3.66e-01	2.59e-01	4.95e-02	6.47e-03	1.92e-03	1.96e-05	0.00e+00
 8.80398e+22	1.06e-24	7.01e-17	2.27e-13	4.53e-11	3.44e-09	8.44e-08	4.60e-05	5.13e-03	8.87e-02	2.39e-01	3.64e-01	2.49e-01	4.60e-02	5.82e-03	1.68e-03	1.64e-05	0.00e+00
 9.06308e+22	1.33e-24	1.02e-16	3.21e-13	6.23e-11	4.57e-09	1.08e-07	5.59e-05	5.94e-03	9.73e-02	2.49e-01	3.62e-01	2.38e-01	4.18e-02	5.10e-03	1.42e-03	1.32e-05	0.00e+00
 9.32912e+22	1.69e-24	1.51e-16	4.66e-13	8.80e-11	6.21e-09	1.42e-07	6.91e-05	6.97e-03	1.07e-01	2.59e-01	3.58e-01	2.25e-01	3.77e-02	4.41e-03	1.18e-03	1.04e-05	0.00e+00
 9.53746e+22	2.01e-24	2.04e-16	6.18e-13	1.14e-10	7.84e-09	1.74e-07	8.11e-05	7.86e-03	1.15e-01	2.67e-01	3.55e-01	2.16e-01	3.47e-02	3.94e-03	1.02e-03	8.61e-06	0.00e+00
 9.74162e+22	2.34e-24	2.65e-16	7.89e-13	1.43e-10	9.61e-09	2.08e-07	9.34e-05	8.73e-03	1.23e-01	2.73e-01	3.51e-01	2.07e-01	3.22e-02	3.56e-03	9.01e-04	7.30e-06	0.00e+00
 1.00070e+23	2.80e-24	3.63e-16	1.06e-12	1.89e-10	1.23e-08	2.58e-07	1.11e-04	9.93e-03	1.33e-01	2.81e-01	3.46e-01	1.97e-01	2.94e-02	3.14e-03	7.69e-04	5.96e-06	0.00e+00
 1.03041e+23	3.41e-24	5.21e-16	1.50e-12	2.61e-10	1.65e-08	3.34e-07	1.36e-04	1.15e-02	1.45e-01	2.90e-01	3.39e-01	1.85e-01	2.63e-02	2.70e-03	6.38e-04	4.68e-06	0.00e+00
 1.05694e+23	4.04e-24	7.17e-16	2.03e-12	3.47e-10	2.13e-08	4.20e-07	1.62e-04	1.32e-02	1.56e-01	2.97e-01	3.32e-01	1.74e-01	2.37e-02	2.35e-03	5.38e-04	3.76e-06	0.00e+00
 1.07962e+23	4.58e-24	9.18e-16	2.57e-12	4.32e-10	2.59e-08	4.99e-07	1.86e-04	1.45e-02	1.66e-01	3.03e-01	3.26e-01	1.66e-01	2.18e-02	2.11e-03	4.71e-04	3.17e-06	0.00e+00
 1.10459e+23	5.21e-24	1.17e-15	3.26e-12	5.41e-10	3.18e-08	5.98e-07	2.14e-04	1.61e-02	1.75e-01	3.08e-01	3.20e-01	1.58e-01	2.00e-02	1.89e-03	4.09e-04	2.65e-06	0.00e+00
 1.13706e+23	6.04e-24	1.59e-15	4.35e-12	7.12e-10	4.08e-08	7.48e-07	2.55e-04	1.83e-02	1.88e-01	3.14e-01	3.11e-01	1.48e-01	1.80e-02	1.64e-03	3.44e-04	2.12e-06	0.00e+00
 1.17306e+23	7.13e-24	2.23e-15	6.03e-12	9.70e-10	5.40e-08	9.61e-07	3.09e-04	2.11e-02	2.03e-01	3.20e-01	3.01e-01	1.37e-01	1.58e-02	1.39e-03	2.81e-04	1.64e-06	0.00e+00
 1.20555e+23	8.21e-24	3.00e-15	8.05e-12	1.28e-09	6.94e-08	1.20e-06	3.69e-04	2.40e-02	2.17e-01	3.24e-01	2.91e-01	1.27e-01	1.41e-02	1.19e-03	2.33e-04	1.30e-06	0.00e+00
 1.23456e+23	9.20e-24	3.81e-15	1.01e-11	1.59e-09	8.47e-08	1.44e-06	4.23e-04	2.65e-02	2.29e-01	3.28e-01	2.83e-01	1.19e-01	1.27e-02	1.05e-03	2.01e-04	1.08e-06	0.00e+00
 1.26715e+23	1.02e-23	4.82e-15	1.28e-11	1.98e-09	1.03e-07	1.72e-06	4.87e-04	2.93e-02	2.41e-01	3.30e-01	2.74e-01	1.12e-01	1.15e-02	9.25e-04	1.72e-04	8.87e-07	0.00e+00
 1.30953e+23	1.15e-23	6.38e-15	1.68e-11	2.58e-09	1.32e-07	2.15e-06	5.76e-04	3.30e-02	2.56e-01	3.33e-01	2.63e-01	1.03e-01	1.02e-02	7.89e-04	1.42e-04	6.98e-07	0.00e+00
 1.35741e+23	1.33e-23	8.83e-15	2.31e-11	3.51e-09	1.75e-07	2.77e-06	7.01e-04	3.79e-02	2.74e-01	3.34e-01	2.50e-01	9.35e-02	8.73e-03	6.51e-04	1.13e-04	5.25e-07	0.00e+00
 1.40149e+23	1.51e-23	1.18e-14	3.07e-11	4.62e-09	2.25e-07	3.48e-06	8.35e-04	4.28e-02	2.90e-01	3.35e-01	2.38e-01	8.51e-02	7.58e-03	5.46e-04	9.17e-05	4.04e-07	0.00e+00
 1.44087e+23	1.66e-23	1.48e-14	3.86e-11	5.77e-09	2.75e-07	4.18e-06	9.61e-04	4.72e-02	3.04e-01	3.35e-01	2.28e-01	7.86e-02	6.74e-03	4.72e-04	7.71e-05	3.26e-07	0.00e+00
