   0.0000000E+00   5.2332326E+07   3.2267459E+07   8.4599785E+07   9.6377283E-04   5.3809185E-04   7.5558082E-04
   1.4492754E-02   5.3221151E+07   3.3484384E+07   8.6704778E+07   1.6182997E-04   2.9164843E-04   1.3199100E-04
   2.8985507E-02   5.2754386E+07   3.3116882E+07   8.5871267E+07   2.3415175E-04   7.4643315E-05   1.2353776E-04
   4.3478261E-02   5.2347481E+07   3.2761503E+07   8.5108732E+07   5.4959124E-04   2.0658069E-04   4.1067123E-04
   5.7971014E-02   5.1409403E+07   3.2045821E+07   8.3455035E+07   3.7191073E-04   1.2298779E-04   2.5759199E-04
   7.2463768E-02   5.0288256E+07   3.1193443E+07   8.1481093E+07   7.4917588E-05   1.3542106E-04   9.5771737E-05
   8.6956522E-02   4.8958504E+07   2.9783472E+07   7.8741723E+07   6.9417685E-05   1.1545119E-04   8.2377612E-05
   1.0144928E-01   4.7306800E+07   2.8216923E+07   7.5523182E+07   2.5296600E-04   1.3559912E-04   2.0294256E-04
   1.1594203E-01   4.4920620E+07   2.6276982E+07   7.1197223E+07   1.3463782E-04   1.4602541E-04   5.1250734E-05
   1.3043478E-01   4.2505408E+07   2.3955593E+07   6.6460495E+07   1.7826039E-04   1.2984326E-04   1.5264881E-04
   1.4492754E-01   3.9300392E+07   2.1293386E+07   6.0593172E+07   3.0928238E-04   1.5383954E-04   1.5361913E-04
   1.5942029E-01   3.5061923E+07   1.8001482E+07   5.3062853E+07   3.2942076E-04   1.7723022E-04   2.7712762E-04
   1.7391304E-01   2.9606161E+07   1.3418885E+07   4.3024857E+07   4.8012303E-04   9.3030141E-05   3.2582613E-04
   1.8840580E-01   2.4204208E+07   9.8373456E+06   3.4041262E+07   4.1148929E-04   4.1524874E-04   3.6799450E-04
   2.0289855E-01   1.9656501E+07   7.5903025E+06   2.7246642E+07   2.8411586E-04   3.6408507E-04   2.9385219E-04
   2.1739130E-01   1.6004662E+07   5.9746527E+06   2.1979264E+07   2.3445741E-04   5.2340552E-04   3.1009211E-04
   2.3188406E-01   1.3115948E+07   4.8279193E+06   1.7943820E+07   6.4860221E-04   6.2887402E-04   6.3557449E-04
   2.4637681E-01   1.0713728E+07   3.9253435E+06   1.4639072E+07   6.3580936E-04   7.3990474E-04   6.4893955E-04
   2.6086957E-01   8.6776426E+06   3.2213070E+06   1.1898950E+07   7.5199938E-04   3.8074444E-04   6.4413051E-04
   2.7536232E-01   6.9224431E+06   2.5820077E+06   9.5044508E+06   2.4613980E-04   9.0709334E-04   3.6163719E-04
   2.8985507E-01   5.3976615E+06   1.9824286E+06   7.3800901E+06   9.0953118E-04   4.0258074E-04   7.2576613E-04
   3.0434783E-01   3.8801531E+06   1.4305708E+06   5.3107238E+06   1.6922408E-03   1.6882076E-03   1.6455897E-03
   3.1884058E-01   2.2090091E+06   8.2500304E+05   3.0339777E+06   4.6189284E-03   1.9576037E-03   3.8753144E-03
   3.3333333E-01   6.0394908E+05   2.2567375E+05   8.2962283E+05   1.1866864E-02   4.9291526E-03   9.9779684E-03
   3.4782609E-01   2.8194119E+04   9.4085638E+03   3.7602683E+04   6.1264979E-02   3.4197433E-02   5.4462055E-02
   3.6231884E-01   2.2398696E+04   6.9711775E+03   2.9369874E+04   8.7002598E-02   4.6145299E-02   7.7154467E-02
   3.7681159E-01   1.6903357E+04   5.7413126E+03   2.2644669E+04   9.4248925E-02   3.0624393E-02   7.7567017E-02
   3.9130435E-01   1.3414746E+04   4.0412623E+03   1.7456008E+04   1.0588425E-01   5.3181434E-02   9.3599336E-02
   4.0579710E-01   1.2259097E+04   3.4368771E+03   1.5695974E+04   1.0302078E-01   5.2839618E-02   9.2024326E-02
   4.2028986E-01   8.9883248E+03   3.1877198E+03   1.2176045E+04   1.1198866E-01   5.6705321E-02   9.7421012E-02
   4.3478261E-01   7.7794300E+03   2.4500153E+03   1.0229445E+04   1.1027150E-01   7.4116692E-02   1.0068624E-01
   4.4927536E-01   7.3818219E+03   2.4687550E+03   9.8505769E+03   1.2947019E-01   5.8818778E-02   1.1152023E-01
   4.6376812E-01   6.0382142E+03   2.1311344E+03   8.1693486E+03   1.2347632E-01   4.2939629E-02   1.0246462E-01
   4.7826087E-01   5.1893482E+03   1.4465882E+03   6.6359364E+03   1.1888983E-01   6.6236808E-02   1.0715938E-01
   4.9275362E-01   5.3487295E+03   1.5823325E+03   6.9310620E+03   1.5089873E-01   7.8536030E-02   1.3434133E-01
   5.0724638E-01   3.8969315E+03   1.2340283E+03   5.1309598E+03   1.2773673E-01   9.9161233E-02   1.2049383E-01
   5.2173913E-01   3.9991658E+03   1.0524121E+03   5.0515779E+03   1.2860249E-01   6.3151552E-02   1.1490744E-01
   5.3623188E-01   3.6453278E+03   1.0649272E+03   4.7102551E+03   1.3937347E-01   8.2486008E-02   1.2644436E-01
   5.5072464E-01   3.3898746E+03   1.1166646E+03   4.5065392E+03   1.6284434E-01   7.9892120E-02   1.4158405E-01
   5.6521739E-01   2.5646472E+03   6.4116181E+02   3.2058090E+03   1.5091973E-01   5.0442844E-02   1.2959232E-01
   5.7971014E-01   2.5194745E+03   5.3041568E+02   3.0498902E+03   1.3983128E-01   9.9015010E-02   1.3221975E-01
   5.9420290E-01   2.6798005E+03   3.8810903E+02   3.0679095E+03   1.6121178E-01   1.1305905E-01   1.5511647E-01
   6.0869565E-01   2.2732101E+03   7.2165398E+02   2.9948640E+03   1.7343626E-01   1.2417592E-01   1.5932337E-01
   6.2318841E-01   2.2379665E+03   5.1103172E+02   2.7489982E+03   1.6948607E-01   1.4738121E-01   1.6513383E-01
   6.3768116E-01   1.8943417E+03   6.5440895E+02   2.5487507E+03   1.4317999E-01   6.7903150E-02   1.2385155E-01
   6.5217391E-01   1.8690838E+03   6.0618935E+02   2.4752732E+03   1.4752786E-01   8.1373406E-02   1.3004260E-01
   6.6666667E-01   1.9767044E+03   4.9417610E+02   2.4708805E+03   1.6215533E-01   9.2709413E-02   1.4776487E-01
   6.8115942E-01   1.4187410E+03   3.5468526E+02   1.7734263E+03   1.4526309E-01   9.9522169E-02   1.3609309E-01
   6.9565217E-01   1.4207563E+03   3.9465452E+02   1.8154108E+03   1.4486676E-01   1.5284811E-01   1.4651888E-01
   7.1014493E-01   1.2835132E+03   3.2474429E+02   1.6082575E+03   1.5619154E-01   9.8430655E-02   1.4379478E-01
   7.2463768E-01   1.2578429E+03   2.5763047E+02   1.5154734E+03   1.6123148E-01   5.1835453E-02   1.4140392E-01
   7.3913043E-01   9.5088525E+02   3.4172439E+02   1.2926096E+03   1.5885270E-01   4.9853212E-02   1.2856970E-01
   7.5362319E-01   1.1366050E+03   2.7686533E+02   1.4134704E+03   1.7758584E-01   1.8286473E-01   1.7853144E-01
   7.6811594E-01   1.0579720E+03   2.7164145E+02   1.3296134E+03   1.7256624E-01   1.1830443E-01   1.6147676E-01
   7.8260870E-01   9.8225126E+02   3.3677186E+02   1.3190231E+03   1.7351563E-01   1.5026138E-01   1.6757403E-01
   7.9710145E-01   9.6439214E+02   2.4798655E+02   1.2123787E+03   1.8663038E-01   1.2581734E-01   1.7409500E-01
   8.1159420E-01   8.2539175E+02   1.6237215E+02   9.8776389E+02   1.6277394E-01   1.6239581E-01   1.6169298E-01
   8.2608696E-01   6.1150680E+02   1.9940439E+02   8.1091119E+02   1.4959293E-01   1.7199555E-01   1.5462241E-01
   8.4057971E-01   8.0999439E+02   1.4370868E+02   9.5370307E+02   1.9690955E-01   2.9902453E-02   1.7169133E-01
   8.5507246E-01   5.5224877E+02   1.9264492E+02   7.4489369E+02   2.1286294E-01   9.8445979E-02   1.8069228E-01
   8.6956522E-01   5.0515779E+02   1.1366050E+02   6.1881829E+02   2.2584880E-01   1.2783986E-01   2.0778713E-01
   8.8405797E-01   4.2234504E+02   2.1117252E+02   6.3351756E+02   1.5544192E-01   1.0045557E-01   1.3666779E-01
   8.9855072E-01   4.6441926E+02   2.3220963E+02   6.9662889E+02   2.2819571E-01   1.1863317E-01   1.9167325E-01
   9.1304348E-01   3.6082699E+02   7.2165398E+01   4.3299239E+02   2.2129626E-01   1.4082350E-01   2.0784705E-01
   9.2753623E-01   4.1438725E+02   3.5518907E+01   4.4990616E+02   2.6912986E-01   8.0476781E-02   2.5371704E-01
   9.4202899E-01   3.1475216E+02   3.4972462E+01   3.4972462E+02   1.9189327E-01   1.4236854E-01   1.8670355E-01
   9.5652174E-01   2.2961718E+02   5.7404294E+01   2.8702147E+02   1.6847307E-01   9.8391802E-02   1.5398756E-01
   9.7101449E-01   2.3749956E+02   2.2619005E+01   2.6011856E+02   2.0730684E-01   3.6492915E-01   2.2097903E-01
   9.8550725E-01   1.1143187E+02   4.4572746E+01   1.5600461E+02   3.3309045E-01   9.2484780E-02   2.6126171E-01
   1.0000000E+00   6.5652276E+01   0.0000000E+00   6.5652276E+01   4.1154485E-01   0.0000000E+00   4.1154485E-01
