   0.0000000E+00   6.3959038E+07   3.3049443E+07   9.7008481E+07   2.7829771E-04   1.6523152E-03   7.2902254E-04
   1.4492754E-02   6.4356092E+07   3.3354811E+07   9.7707114E+07   4.0755853E-04   6.0904165E-04   6.7031902E-05
   2.8985507E-02   6.6998699E+07   3.4503919E+07   1.0149352E+08   6.9479268E-04   1.0132404E-04   4.3412733E-04
   4.3478261E-02   7.0441475E+07   3.6440315E+07   1.0687270E+08   2.1460399E-04   3.2973253E-04   2.5496403E-04
   5.7971014E-02   7.2875894E+07   3.7498684E+07   1.1035469E+08   2.0951100E-04   3.5676894E-04   1.4711148E-04
   7.2463768E-02   7.2885176E+07   3.7361874E+07   1.1021795E+08   3.0929045E-04   1.8150747E-04   1.6832953E-04
   8.6956522E-02   7.0913672E+07   3.6294577E+07   1.0718387E+08   1.4402415E-04   5.1283909E-05   9.2762489E-05
   1.0144928E-01   6.7686345E+07   3.4761170E+07   1.0242067E+08   9.1354965E-05   1.7652652E-04   3.1163887E-05
   1.1594203E-01   6.3771877E+07   3.2640360E+07   9.6381928E+07   1.1223611E-04   2.7451526E-04   2.2063594E-05
   1.3043478E-01   6.0715672E+07   3.0944535E+07   9.1630319E+07   4.5262662E-05   6.0312680E-05   4.9668926E-05
   1.4492754E-01   5.8402100E+07   2.9760184E+07   8.8127883E+07   4.3226494E-04   4.5071793E-04   3.9573359E-04
   1.5942029E-01   4.9641259E+07   2.5244893E+07   7.4861629E+07   4.2379902E-04   2.4354907E-04   3.6343314E-04
   1.7391304E-01   1.9565898E+07   9.5702143E+06   2.9132197E+07   2.4803487E-03   1.9067872E-03   2.2863181E-03
   1.8840580E-01   7.9088475E+06   3.5119347E+06   1.1419908E+07   6.7291322E-03   4.7261751E-03   6.1122432E-03
   2.0289855E-01   5.5216813E+06   2.3648962E+06   7.8859280E+06   3.8771489E-03   4.9528708E-03   4.1834038E-03
   2.1739130E-01   4.5994112E+06   1.9574864E+06   6.5566450E+06   3.8397815E-03   2.8111930E-03   3.4975586E-03
   2.3188406E-01   4.0999711E+06   1.7518399E+06   5.8517163E+06   3.1768679E-03   2.4906852E-03   2.9584812E-03
   2.4637681E-01   3.7092994E+06   1.5948574E+06   5.3038894E+06   3.0347721E-03   1.9566654E-03   2.6843424E-03
   2.6086957E-01   3.4128460E+06   1.4858374E+06   4.8984309E+06   1.6572386E-03   1.1117844E-03   1.4906875E-03
   2.7536232E-01   3.1680971E+06   1.4148539E+06   4.5827915E+06   1.9378145E-03   1.1930918E-03   1.6585992E-03
   2.8985507E-01   2.8817484E+06   1.3096721E+06   4.1912689E+06   1.2799792E-03   1.8819092E-04   8.2377111E-04
   3.0434783E-01   2.3274423E+06   1.0746510E+06   3.4019130E+06   2.2642708E-03   1.5041054E-03   2.0116486E-03
   3.1884058E-01   1.2789218E+06   6.0622379E+05   1.8851111E+06   5.4504175E-03   2.5902728E-03   4.4747504E-03
   3.3333333E-01   1.7780456E+05   7.7091471E+04   2.5489603E+05   2.7960631E-02   1.2975401E-02   2.3428429E-02
   3.4782609E-01   2.6994369E+04   8.7455442E+03   3.5739914E+04   9.2020929E-02   5.7774405E-02   8.3633571E-02
   3.6231884E-01   2.8460590E+04   7.8501520E+03   3.6310742E+04   1.0091127E-01   5.7491992E-02   9.1495814E-02
   3.7681159E-01   2.8269407E+04   9.4717086E+03   3.7741116E+04   1.1585496E-01   7.7569489E-02   1.0616143E-01
   3.9130435E-01   2.8850123E+04   8.3912322E+03   3.7241355E+04   1.2572356E-01   8.5570856E-02   1.1667583E-01
   4.0579710E-01   2.5871295E+04   8.9304681E+03   3.4801763E+04   1.4637226E-01   8.2820512E-02   1.3005656E-01
   4.2028986E-01   2.6390140E+04   8.6486497E+03   3.5038789E+04   1.5136589E-01   1.0749800E-01   1.4052903E-01
   4.3478261E-01   2.5005311E+04   8.9918087E+03   3.3997119E+04   1.5924528E-01   1.1219330E-01   1.4667023E-01
   4.4927536E-01   2.4394233E+04   7.1862769E+03   3.1580510E+04   1.6887365E-01   1.0035314E-01   1.5318157E-01
   4.6376812E-01   2.2732101E+04   7.2458570E+03   2.9977958E+04   1.7251463E-01   1.2121769E-01   1.6010980E-01
   4.7826087E-01   2.1446244E+04   6.0618935E+03   2.7508138E+04   1.7865838E-01   1.2437796E-01   1.6665842E-01
   4.9275362E-01   1.8921131E+04   5.1704386E+03   2.4091569E+04   1.7309038E-01   1.3783602E-01   1.6547907E-01
   5.0724638E-01   1.6886703E+04   4.6330186E+03   2.1519722E+04   1.9336091E-01   1.1855939E-01   1.7720606E-01
   5.2173913E-01   1.4881107E+04   3.9360211E+03   1.8817128E+04   1.8142094E-01   1.0545763E-01   1.6550383E-01
   5.3623188E-01   1.3229673E+04   4.1982708E+03   1.7427944E+04   1.7117844E-01   1.1537499E-01   1.5773421E-01
   5.5072464E-01   1.1585395E+04   3.3499938E+03   1.4935389E+04   1.8454425E-01   9.7563569E-02   1.6503043E-01
   5.6521739E-01   1.0161443E+04   2.4286432E+03   1.2590086E+04   1.7011315E-01   1.0031786E-01   1.5651523E-01
   5.7971014E-01   9.1496705E+03   2.5952481E+03   1.1744919E+04   1.7820292E-01   1.0085647E-01   1.6110870E-01
   5.9420290E-01   7.9469945E+03   2.0514335E+03   9.9984280E+03   1.6709259E-01   1.2223125E-01   1.5777178E-01
   6.0869565E-01   7.3789120E+03   1.9845485E+03   9.3634605E+03   1.6447022E-01   7.7484057E-02   1.4603374E-01
   6.2318841E-01   7.1368223E+03   1.7974219E+03   8.9342442E+03   1.5584751E-01   9.3015021E-02   1.4316960E-01
   6.3768116E-01   5.7002464E+03   1.7049075E+03   7.4051540E+03   1.5679147E-01   6.7735942E-02   1.3620771E-01
   6.5217391E-01   5.3209954E+03   1.6165049E+03   6.9375003E+03   1.4649846E-01   9.7915700E-02   1.3512756E-01
   6.6666667E-01   4.9747061E+03   1.1695501E+03   6.1442562E+03   1.5225541E-01   9.8146926E-02   1.4190633E-01
   6.8115942E-01   4.2239790E+03   1.1930322E+03   5.4170112E+03   1.5463123E-01   6.9206864E-02   1.3575650E-01
   6.9565217E-01   4.3411998E+03   1.0261018E+03   5.3673015E+03   1.2869217E-01   6.6984113E-02   1.1688426E-01
   7.1014493E-01   3.7113634E+03   8.9691281E+02   4.6082762E+03   1.4290323E-01   1.0490444E-01   1.3550706E-01
   7.2463768E-01   3.3491961E+03   1.0911408E+03   4.4403370E+03   1.3054039E-01   9.3577711E-02   1.2140970E-01
   7.3913043E-01   3.3280984E+03   5.7944570E+02   3.9075441E+03   1.2399514E-01   4.8189803E-02   1.1249335E-01
   7.5362319E-01   2.9872312E+03   8.1602412E+02   3.8032553E+03   1.2731708E-01   7.2433404E-02   1.1549699E-01
   7.6811594E-01   2.8307899E+03   5.0039215E+02   3.3311820E+03   1.3440654E-01   1.2284552E-02   1.1597619E-01
   7.8260870E-01   2.4696603E+03   5.6128643E+02   3.0309467E+03   1.3545016E-01   8.5193612E-02   1.2598229E-01
   7.9710145E-01   1.9701154E+03   5.7863529E+02   2.5487507E+03   1.2535519E-01   8.2206983E-02   1.1553548E-01
   8.1159420E-01   2.2326170E+03   5.1417846E+02   2.7467955E+03   1.1300654E-01   1.0583558E-01   1.1154797E-01
   8.2608696E-01   1.5686479E+03   3.4563428E+02   1.9142821E+03   1.2948892E-01   1.1186269E-01   1.2630561E-01
   8.4057971E-01   1.4501512E+03   3.1354621E+02   1.7636975E+03   1.3098991E-01   5.7069102E-02   1.1776202E-01
   8.5507246E-01   1.4897874E+03   3.0823187E+02   1.7980193E+03   1.1036079E-01   5.8204534E-02   1.0136112E-01
   8.6956522E-01   1.2502655E+03   1.8943417E+02   1.4396997E+03   1.3320689E-01   2.7704947E-02   1.1918895E-01
   8.8405797E-01   1.0558626E+03   1.9875061E+02   1.2546132E+03   1.2705578E-01   1.5327851E-05   1.0693054E-01
   8.9855072E-01   9.5328163E+02   2.0776651E+02   1.1610481E+03   1.5123482E-01   1.3992276E-01   1.4893709E-01
   9.1304348E-01   9.1409505E+02   1.0824810E+02   1.0223431E+03   1.6372263E-01   9.3617508E-02   1.5627974E-01
   9.2753623E-01   4.9726470E+02   1.1839636E+02   6.1566106E+02   1.5641029E-01   4.5664222E-06   1.2633056E-01
   9.4202899E-01   4.3132704E+02   9.3259900E+01   5.2458694E+02   1.6017415E-01   2.7278239E-05   1.3170346E-01
   9.5652174E-01   3.4442577E+02   5.7404294E+01   4.0183006E+02   1.6253620E-01   7.8720161E-02   1.5038032E-01
   9.7101449E-01   3.0535657E+02   1.0178552E+02   4.0714210E+02   1.1677686E-01   9.3841560E-02   1.1096712E-01
   9.8550725E-01   1.7829098E+02   1.1143187E+01   1.8943417E+02   2.0720418E-01   2.8712000E-05   1.9501739E-01
   1.0000000E+00   1.3130455E+02   0.0000000E+00   1.3130455E+02   2.6365014E-01   0.0000000E+00   2.6365014E-01
