   0.0000000E+00   6.1206938E+07   3.1703703E+07   9.2904579E+07   1.5779065E-03   1.3247148E-03   7.4059072E-04
   1.4492754E-02   6.3389220E+07   3.2210629E+07   9.5595302E+07   8.7920190E-04   1.2093634E-04   5.4245929E-04
   2.8985507E-02   6.6247403E+07   3.3980323E+07   1.0022015E+08   2.7188168E-04   1.5879937E-04   2.1714411E-04
   4.3478261E-02   7.0000725E+07   3.5995523E+07   1.0598362E+08   1.8368732E-04   2.7474435E-04   1.9578220E-04
   5.7971014E-02   7.2589659E+07   3.7311144E+07   1.0988319E+08   1.4893085E-04   1.1277352E-04   1.3358714E-04
   7.2463768E-02   7.2663462E+07   3.7375362E+07   1.1001064E+08   1.8409410E-04   1.0418615E-04   8.9538688E-05
   8.6956522E-02   7.0660840E+07   3.6252017E+07   1.0689063E+08   1.0136161E-04   1.6878144E-04   1.2135371E-04
   1.0144928E-01   6.7132872E+07   3.4339652E+07   1.0144557E+08   5.8603524E-05   1.9907742E-04   4.0483576E-05
   1.1594203E-01   6.3358058E+07   3.2344559E+07   9.5673254E+07   1.2197782E-04   2.0182205E-04   1.3288913E-04
   1.3043478E-01   6.0154274E+07   3.0623507E+07   9.0746629E+07   9.7951841E-05   1.1757916E-04   2.6562824E-05
   1.4492754E-01   5.8563119E+07   2.9717751E+07   8.8246242E+07   1.5324551E-04   8.1510128E-05   1.2701889E-04
   1.5942029E-01   5.0488202E+07   2.5746239E+07   7.6209987E+07   1.3416948E-04   1.1657538E-04   9.8777440E-05
   1.7391304E-01   1.8506645E+07   9.1241600E+06   2.7627837E+07   1.4268978E-03   7.1235759E-04   1.1883976E-03
   1.8840580E-01   7.2461776E+06   3.2875863E+06   1.0532948E+07   3.0147728E-03   2.9931289E-03   3.0052949E-03
   2.0289855E-01   5.4368690E+06   2.3954222E+06   7.8319122E+06   3.6532376E-03   3.3777588E-03   3.5721319E-03
   2.1739130E-01   4.6435114E+06   2.0356849E+06   6.6787922E+06   3.0434084E-03   3.1981362E-03   3.0813640E-03
   2.3188406E-01   4.1554753E+06   1.8386954E+06   5.9939813E+06   2.9769183E-03   2.5838662E-03   2.8027444E-03
   2.4637681E-01   3.7849839E+06   1.6810165E+06   5.4659559E+06   3.9189559E-03   2.4455293E-03   3.4643561E-03
   2.6086957E-01   3.5806847E+06   1.5878372E+06   5.1683114E+06   2.6367067E-03   2.1255040E-03   2.4664538E-03
   2.7536232E-01   3.3391860E+06   1.5224525E+06   4.8615189E+06   2.7046334E-03   2.1593783E-03   2.5126152E-03
   2.8985507E-01   3.1053565E+06   1.4280306E+06   4.5331976E+06   2.8450091E-03   1.4218476E-03   2.3843508E-03
   3.0434783E-01   2.6071554E+06   1.2206777E+06   3.8276167E+06   3.1600318E-03   2.0692766E-03   2.8041045E-03
   3.1884058E-01   1.4489648E+06   6.9005702E+05   2.1389873E+06   5.6490568E-03   1.9127990E-03   4.4436957E-03
   3.3333333E-01   2.1091436E+05   8.6480817E+04   2.9739518E+05   3.8574931E-02   1.8762898E-02   3.2796675E-02
   3.4782609E-01   6.8070012E+04   2.0806186E+04   8.8876199E+04   1.2877454E-01   7.8992295E-02   1.1707201E-01
   3.6231884E-01   7.4591599E+04   2.3550456E+04   9.8142055E+04   1.4769633E-01   1.0301134E-01   1.3692841E-01
   3.7681159E-01   7.2218135E+04   2.4509867E+04   9.6728002E+04   1.6493807E-01   1.0701408E-01   1.5026013E-01
   3.9130435E-01   6.8673395E+04   2.1441142E+04   9.0114537E+04   1.8117053E-01   1.2376904E-01   1.6741211E-01
   4.0579710E-01   5.6397259E+04   1.7915060E+04   7.4312319E+04   1.8427187E-01   1.3075811E-01   1.7133872E-01
   4.2028986E-01   4.7136448E+04   1.4527641E+04   6.1664089E+04   1.8743910E-01   1.1732557E-01   1.7091617E-01
   4.3478261E-01   3.9680144E+04   1.2654203E+04   5.2334347E+04   1.8973954E-01   1.1604317E-01   1.7187352E-01
   4.4927536E-01   3.2264917E+04   9.6794751E+03   4.1944392E+04   1.8745764E-01   1.3386783E-01   1.7506514E-01
   4.6376812E-01   2.6781256E+04   7.6010461E+03   3.4382302E+04   1.9595809E-01   1.2317760E-01   1.7986250E-01
   4.7826087E-01   2.3443914E+04   6.5900130E+03   3.0033927E+04   1.8612816E-01   1.2644516E-01   1.7302861E-01
   4.9275362E-01   2.0570322E+04   4.9921476E+03   2.5562470E+04   1.8677860E-01   1.2790598E-01   1.7525674E-01
   5.0724638E-01   1.6843404E+04   4.8928140E+03   2.1736218E+04   1.7354403E-01   1.0943697E-01   1.5894869E-01
   5.2173913E-01   1.4839010E+04   3.4519116E+03   1.8290922E+04   1.9242539E-01   1.2353413E-01   1.7942388E-01
   5.3623188E-01   1.2287622E+04   3.5224516E+03   1.5810074E+04   1.9470910E-01   1.3814089E-01   1.8210540E-01
   5.5072464E-01   1.0468731E+04   2.8315423E+03   1.3300273E+04   2.0701311E-01   1.0152075E-01   1.8455099E-01
   5.6521739E-01   8.8596905E+03   2.3703558E+03   1.1230046E+04   1.9302176E-01   1.1441457E-01   1.7631039E-01
   5.7971014E-01   8.7329153E+03   2.2542666E+03   1.0987182E+04   2.0602250E-01   1.1811120E-01   1.8784405E-01
   5.9420290E-01   6.7272232E+03   1.8851010E+03   8.6123243E+03   1.7817896E-01   1.3342242E-01   1.6837531E-01
   6.0869565E-01   6.4588032E+03   1.5695974E+03   8.0284006E+03   1.7915696E-01   1.2311114E-01   1.6819938E-01
   6.2318841E-01   6.3790856E+03   1.5507169E+03   7.9298025E+03   1.8526769E-01   1.1216161E-01   1.7090472E-01
   6.3768116E-01   5.3041568E+03   1.5154734E+03   6.8196302E+03   1.8552863E-01   9.9764643E-02   1.6646549E-01
   6.5217391E-01   4.7484832E+03   1.1281857E+03   5.8766689E+03   1.7712828E-01   8.6499372E-02   1.5947768E-01
   6.6666667E-01   4.0192989E+03   9.5540712E+02   4.9747061E+03   1.7998952E-01   9.8932884E-02   1.6440131E-01
   6.8115942E-01   3.8692937E+03   9.5120137E+02   4.8204951E+03   1.6469384E-01   6.6935118E-02   1.4540109E-01
   6.9565217E-01   3.5045322E+03   7.8930905E+02   4.2938412E+03   1.6011505E-01   1.2092929E-01   1.5289061E-01
   7.1014493E-01   2.6752744E+03   6.6495260E+02   3.3402270E+03   1.5373984E-01   6.2652271E-02   1.3547709E-01
   7.2463768E-01   3.0612562E+03   6.2134408E+02   3.6826003E+03   1.4760550E-01   1.0265400E-01   1.3997369E-01
   7.3913043E-01   2.4960738E+03   5.4973054E+02   3.0458043E+03   1.5792491E-01   1.0329969E-01   1.4804639E-01
   7.5362319E-01   2.2877819E+03   6.1201809E+02   2.8998000E+03   1.5909890E-01   5.8401184E-02   1.3776842E-01
   7.6811594E-01   2.3303977E+03   4.2890756E+02   2.7593053E+03   1.5265500E-01   5.6633794E-02   1.3765538E-01
   7.8260870E-01   2.1328884E+03   4.0693266E+02   2.5398211E+03   1.4885675E-01   8.2593594E-02   1.3822345E-01
   7.9710145E-01   1.8736762E+03   4.8219607E+02   2.3558722E+03   1.2330431E-01   6.8996355E-02   1.1199043E-01
   8.1159420E-01   1.7319696E+03   4.3299239E+02   2.1649620E+03   1.4646124E-01   5.3029022E-02   1.2776522E-01
   8.2608696E-01   1.7015841E+03   4.1210241E+02   2.1136865E+03   1.4894384E-01   9.1659067E-02   1.3774913E-01
   8.4057971E-01   1.4240224E+03   2.4822409E+02   1.6722465E+03   1.6821786E-01   4.2141752E-02   1.4948528E-01
   8.5507246E-01   1.1044975E+03   3.0823187E+02   1.4127294E+03   1.4829422E-01   4.9128631E-02   1.2630477E-01
   8.6956522E-01   1.1239761E+03   2.0206312E+02   1.3260392E+03   1.3523716E-01   8.2381827E-02   1.2718293E-01
   8.8405797E-01   1.1179722E+03   1.9875061E+02   1.3167228E+03   1.6505057E-01   1.4580418E-01   1.6195199E-01
   8.9855072E-01   8.0662292E+02   1.8332339E+02   9.8994631E+02   1.6074174E-01   7.6137111E-02   1.4506858E-01
   9.1304348E-01   8.2990208E+02   1.9244106E+02   1.0223431E+03   1.5630977E-01   9.8364521E-02   1.4539156E-01
   9.2753623E-01   5.0910433E+02   1.1839636E+02   6.2750069E+02   1.9233792E-01   3.9296951E-02   1.6346225E-01
   9.4202899E-01   6.9944925E+02   1.6320482E+02   8.6265407E+02   1.6551924E-01   8.9496702E-02   1.5113604E-01
   9.5652174E-01   3.7886834E+02   6.8885153E+01   4.4775350E+02   1.9326585E-01   7.0119472E-02   1.7432015E-01
   9.7101449E-01   2.9404707E+02   9.0476022E+01   3.8452309E+02   1.3803231E-01   1.5034257E-01   1.4088153E-01
   9.8550725E-01   1.5600461E+02   5.5715933E+01   2.1172054E+02   1.7750123E-01   8.5048309E-02   1.5290027E-01
   1.0000000E+00   1.0942046E+02   4.3768184E+01   1.5318864E+02   1.7006055E-01   1.8937900E-05   1.2146652E-01
