   0.0000000E+00   7.1257558E+07   3.6031895E+07   1.0728945E+08   3.7282537E-04   2.5724176E-04   3.0611997E-04
   1.4492754E-02   7.0989319E+07   3.5358267E+07   1.0634531E+08   6.7641349E-04   9.3904335E-06   4.5194551E-04
   2.8985507E-02   7.1778123E+07   3.6001964E+07   1.0777554E+08   1.5267008E-04   3.7630246E-05   1.1293755E-04
   4.3478261E-02   7.3199132E+07   3.6425160E+07   1.0961975E+08   4.2189417E-04   2.7275812E-05   2.8844515E-04
   5.7971014E-02   7.3103404E+07   3.6592620E+07   1.0969072E+08   4.9526370E-04   2.1003691E-05   3.3286504E-04
   7.2463768E-02   7.1782215E+07   3.6012951E+07   1.0778774E+08   3.5419291E-04   5.8575452E-05   2.2076701E-04
   8.6956522E-02   6.9306386E+07   3.4792111E+07   1.0409130E+08   2.7627722E-04   4.9214551E-05   1.8033504E-04
   1.0144928E-01   6.5341258E+07   3.2668626E+07   9.8001874E+07   4.6399354E-04   8.1131807E-05   3.2938892E-04
   1.1594203E-01   6.0712610E+07   3.0340913E+07   9.1045851E+07   2.2698563E-04   1.2276110E-04   1.8188837E-04
   1.3043478E-01   5.5822714E+07   2.7872249E+07   8.3687386E+07   1.3027229E-03   1.7407707E-04   9.2158183E-04
   1.4492754E-01   5.0576423E+07   2.5467985E+07   7.6036982E+07   3.2406266E-03   2.5294500E-04   2.2399330E-03
   1.5942029E-01   4.2681379E+07   2.1542110E+07   6.4218666E+07   7.3475363E-03   4.3732722E-04   5.0292351E-03
   1.7391304E-01   2.4298532E+07   1.2078702E+07   3.6375150E+07   1.9542716E-02   9.5740718E-04   1.3372396E-02
   1.8840580E-01   1.4965999E+07   7.4259361E+06   2.2390653E+07   3.5968461E-02   1.5361071E-03   2.4549883E-02
   2.0289855E-01   1.0413900E+07   5.2424554E+06   1.5656085E+07   5.1330918E-02   2.2491340E-03   3.4891257E-02
   2.1739130E-01   7.3594418E+06   3.7395316E+06   1.1098822E+07   6.2181475E-02   2.9314069E-03   4.2218194E-02
   2.3188406E-01   5.3617448E+06   2.7431015E+06   8.1047989E+06   6.7445228E-02   3.6392014E-03   4.5846353E-02
   2.4637681E-01   4.0459127E+06   2.0681754E+06   6.1140436E+06   6.6815400E-02   3.8708174E-03   4.5520826E-02
   2.6086957E-01   3.2142348E+06   1.6363745E+06   4.8505672E+06   5.9318659E-02   3.9588579E-03   4.0641616E-02
   2.7536232E-01   2.6296653E+06   1.3367273E+06   3.9663129E+06   4.7352863E-02   3.9667152E-03   3.2731976E-02
   2.8985507E-01   2.1711808E+06   1.1147443E+06   3.2858494E+06   3.8893296E-02   3.4420095E-03   2.6863988E-02
   3.0434783E-01   1.7346036E+06   8.9665508E+05   2.6312226E+06   3.1317011E-02   2.5921811E-03   2.1521589E-02
   3.1884058E-01   1.0488453E+06   5.3644313E+05   1.5852885E+06   3.0500314E-02   1.3801353E-03   2.0644494E-02
   3.3333333E-01   1.9961420E+05   1.0222856E+05   3.0184276E+05   4.2060806E-02   8.4690588E-04   2.8079549E-02
   3.4782609E-01   9.2822744E+03   3.5045322E+03   1.2786807E+04   1.1054158E-01   2.7621589E-05   8.0243041E-02
   3.6231884E-01   7.4864384E+03   2.4247574E+03   9.9111958E+03   1.1123080E-01   5.5653863E-06   8.4019543E-02
   3.7681159E-01   5.7704563E+03   2.1857789E+03   7.9562352E+03   1.3715385E-01   4.4937622E-06   9.9475454E-02
   3.9130435E-01   5.1638352E+03   1.9083739E+03   7.0722091E+03   1.2941522E-01   2.0272648E-03   9.4976452E-02
   4.0579710E-01   3.3827531E+03   1.7049075E+03   5.0876606E+03   1.5429213E-01   6.2627070E-06   1.0258738E-01
   4.2028986E-01   3.5796526E+03   1.0190252E+03   4.5986778E+03   1.4424740E-01   3.2150236E-04   1.1221254E-01
   4.3478261E-01   2.6520784E+03   9.5979980E+02   3.6118782E+03   1.6397719E-01   5.0533049E-06   1.2040161E-01
   4.4927536E-01   2.7376293E+03   7.5773668E+02   3.4953660E+03   1.9736320E-01   2.9456316E-05   1.5458437E-01
   4.6376812E-01   2.3205686E+03   8.0509523E+02   3.1256638E+03   1.8701543E-01   7.7389419E-06   1.3884547E-01
   4.7826087E-01   1.8828609E+03   8.4958355E+02   2.7324444E+03   2.0266272E-01   4.7040977E-05   1.3963947E-01
   4.9275362E-01   1.7606235E+03   7.5773668E+02   2.5183602E+03   2.1371508E-01   7.2390106E-06   1.4941328E-01
   5.0724638E-01   1.7536192E+03   7.3608706E+02   2.4897062E+03   2.0486788E-01   8.5050187E-06   1.4429585E-01
   5.2173913E-01   1.7259558E+03   4.6306131E+02   2.1890171E+03   2.2274970E-01   2.3082180E-05   1.7563284E-01
   5.3623188E-01   1.8431433E+03   6.1438110E+02   2.4575244E+03   2.2198124E-01   5.9190159E-03   1.6504025E-01
   5.5072464E-01   1.7148778E+03   4.3868966E+02   2.1535674E+03   2.1953946E-01   1.1706499E-05   1.7481630E-01
   5.6521739E-01   1.3017528E+03   4.6629950E+02   1.7680523E+03   2.2904187E-01   9.3742689E-03   1.7107788E-01
   5.7971014E-01   1.1744919E+03   6.0618935E+02   1.7806812E+03   2.2261625E-01   1.3478352E-06   1.4683199E-01
   5.9420290E-01   1.0164760E+03   4.8051595E+02   1.4969920E+03   2.2054185E-01   1.3300031E-05   1.4974638E-01
   6.0869565E-01   1.0103156E+03   3.6082699E+02   1.3711426E+03   2.2965017E-01   6.2269561E-06   1.6921661E-01
   6.2318841E-01   1.3392555E+03   3.5243567E+02   1.6916912E+03   2.5168142E-01   4.5011648E-06   1.9924705E-01
   6.3768116E-01   9.9883472E+02   5.3385994E+02   1.5326947E+03   2.3569772E-01   1.1650160E-05   1.5360465E-01
   6.5217391E-01   1.1281857E+03   3.3677186E+02   1.4649576E+03   2.8811306E-01   1.2165251E-05   2.2188280E-01
   6.6666667E-01   1.0542423E+03   3.6239581E+02   1.4166381E+03   2.7624494E-01   3.0348418E-06   2.0557826E-01
   6.8115942E-01   7.5773668E+02   2.5795291E+02   1.0156896E+03   3.0195478E-01   7.5236064E-06   2.2526975E-01
   6.9565217E-01   9.7874322E+02   2.6836508E+02   1.2471083E+03   2.5915175E-01   3.3478111E-06   2.0338511E-01
   7.1014493E-01   7.5773668E+02   3.8660035E+02   1.1443370E+03   2.8647092E-01   2.9263030E-05   1.8969993E-01
   7.2463768E-01   6.9711775E+02   2.7278521E+02   9.6990296E+02   2.6614998E-01   2.6374166E-06   1.9129533E-01
   7.3913043E-01   8.4688218E+02   2.9715164E+02   1.1440338E+03   2.9290597E-01   2.7671750E-05   2.1683350E-01
   7.5362319E-01   4.6629950E+02   2.6229347E+02   7.2859297E+02   3.1316901E-01   5.2402700E-04   2.0024205E-01
   7.6811594E-01   6.0047058E+02   2.1445378E+02   8.1492436E+02   3.1327514E-01   3.0938014E-06   2.3083353E-01
   7.8260870E-01   4.6306131E+02   1.9645025E+02   6.5951156E+02   3.1584729E-01   1.4548840E-05   2.2176927E-01
   7.9710145E-01   4.5464201E+02   1.9287843E+02   6.4752044E+02   3.0414203E-01   1.6228513E-05   2.1355132E-01
   8.1159420E-01   5.4124049E+02   2.4355822E+02   7.8479871E+02   3.3011141E-01   5.4773041E-06   2.2766473E-01
   8.2608696E-01   5.8491955E+02   7.9761756E+01   6.6468130E+02   3.2715597E-01   1.3738648E-06   2.8789709E-01
   8.4057971E-01   3.9193277E+02   1.9596638E+02   5.8789915E+02   3.3005664E-01   4.0390891E-05   2.2005121E-01
   8.5507246E-01   4.6234781E+02   8.9900963E+01   5.5224877E+02   3.4139060E-01   4.0287070E-06   2.8581593E-01
   8.6956522E-01   5.3041568E+02   1.7680523E+02   7.0722091E+02   3.6048901E-01   9.4881697E-06   2.7036879E-01
   8.8405797E-01   4.2234504E+02   1.1179722E+02   5.3414225E+02   3.6362319E-01   9.2792838E-06   2.8751793E-01
   8.9855072E-01   4.0331146E+02   1.5888027E+02   5.6219173E+02   3.6620449E-01   4.7471479E-03   2.6137482E-01
   9.1304348E-01   3.9690969E+02   1.8041350E+02   5.7732319E+02   3.7026862E-01   6.6077564E-06   2.5456173E-01
   9.2753623E-01   2.9599089E+02   5.9198178E+01   3.5518907E+02   3.7481837E-01   1.7710523E-05   3.1234577E-01
   9.4202899E-01   2.6812221E+02   1.0491739E+02   3.7303960E+02   3.9280226E-01   4.5934068E-06   2.8232548E-01
   9.5652174E-01   2.4109804E+02   8.0366012E+01   3.2146405E+02   3.9002395E-01   1.4898312E-06   2.9251767E-01
   9.7101449E-01   1.2440453E+02   6.7857016E+01   1.9226155E+02   4.0604022E-01   6.9988433E-07   2.6273172E-01
   9.8550725E-01   1.4486142E+02   5.5715933E+01   2.0057736E+02   4.0569139E-01   1.8558647E-06   2.9299964E-01
   1.0000000E+00   1.0942046E+02   0.0000000E+00   1.0942046E+02   4.0326810E-01   0.0000000E+00   4.0326810E-01
