   0.0000000E+00   4.3342538E+07   3.5031682E+07   7.8374221E+07   2.7126228E-03   7.8110350E-05   1.4663095E-03
   1.4492754E-02   4.4368514E+07   3.5725769E+07   8.0092010E+07   1.3281371E-03   9.4908295E-05   7.6771458E-04
   2.8985507E-02   4.4482174E+07   3.6926782E+07   8.1404410E+07   7.1108432E-04   5.3942692E-05   4.1575258E-04
   4.3478261E-02   4.4600634E+07   3.8503127E+07   8.3096183E+07   2.7020691E-04   1.0424037E-05   1.4183097E-04
   5.7971014E-02   4.5059759E+07   3.9499108E+07   8.4552048E+07   3.0900572E-04   3.2063873E-05   1.5342110E-04
   7.2463768E-02   4.5321747E+07   3.9488386E+07   8.4797706E+07   3.0460481E-04   9.8064104E-06   1.5926085E-04
   8.6956522E-02   4.5323515E+07   3.8337056E+07   8.3646047E+07   1.6191265E-04   1.5227881E-05   8.2184299E-05
   1.0144928E-01   4.5164246E+07   3.6518795E+07   8.1668643E+07   3.6871480E-04   5.9614663E-05   1.9438306E-04
   1.1594203E-01   4.4044487E+07   3.4144183E+07   7.8173042E+07   2.6199798E-04   3.9501162E-05   1.2952780E-04
   1.3043478E-01   4.2247525E+07   3.2213744E+07   7.4447461E+07   1.3302761E-04   5.1644737E-05   7.2937554E-05
   1.4492754E-01   3.9026622E+07   3.0529135E+07   6.9538481E+07   4.6718776E-04   7.8729020E-05   2.3127675E-04
   1.5942029E-01   3.2344404E+07   2.5131302E+07   5.7464752E+07   1.0122532E-04   1.2593338E-04   9.3186844E-05
   1.7391304E-01   2.4559509E+07   9.6895578E+06   3.4245467E+07   1.0856035E-03   6.3730888E-04   9.5978431E-04
   1.8840580E-01   2.0666860E+07   3.0022110E+06   2.3667789E+07   4.8639958E-04   1.9957129E-03   6.5938073E-04
   2.0289855E-01   1.8464257E+07   1.6848816E+06   2.0148489E+07   8.3211224E-05   3.5170929E-03   3.6981085E-04
   2.1739130E-01   1.6526540E+07   1.2012147E+06   1.7726745E+07   4.9595023E-05   4.0215687E-03   2.3773249E-04
   2.3188406E-01   1.4797413E+07   1.0177824E+06   1.5814249E+07   1.5005870E-04   3.8793117E-03   3.8064768E-04
   2.4637681E-01   1.3144949E+07   9.3633968E+05   1.4080620E+07   1.0802674E-04   3.2212315E-03   1.9223686E-04
   2.6086957E-01   1.1424143E+07   9.4030913E+05   1.2363569E+07   2.2888004E-04   2.2287843E-03   3.5354528E-04
   2.7536232E-01   9.8423216E+06   9.5658274E+05   1.0798585E+07   7.3711306E-05   1.9029357E-03   1.3928933E-04
   2.8985507E-01   8.1283551E+06   9.7471458E+05   9.1028802E+06   2.3631869E-04   9.2506497E-04   1.8948288E-04
   3.0434783E-01   6.1142495E+06   8.4700528E+05   6.9611465E+06   6.9618888E-04   6.8086989E-04   5.3091959E-04
   3.1884058E-01   3.0165497E+06   4.6463036E+05   3.4811457E+06   7.1701222E-04   3.9167823E-04   5.7078965E-04
   3.3333333E-01   5.1888490E+05   5.6797306E+04   5.7568221E+05   3.6349987E-03   8.6949274E-04   3.3331167E-03
   3.4782609E-01   9.0107521E+04   1.3891839E+03   9.1496705E+04   6.3946660E-03   8.6795668E-06   6.2976980E-03
   3.6231884E-01   8.8018693E+04   6.9711775E+02   8.8715811E+04   5.6670311E-03   1.1633312E-05   5.6224118E-03
   3.7681159E-01   7.1023242E+04   6.1201809E+02   7.1635260E+04   5.6113679E-03   5.7649363E-06   5.5634264E-03
   3.9130435E-01   5.1526095E+04   3.6483618E+02   5.1890931E+04   3.4200896E-03   1.2427261E-05   3.3961306E-03
   4.0579710E-01   3.4206399E+04   8.1186073E+01   3.4287585E+04   2.8137601E-03   3.5346136E-05   2.8071134E-03
   4.2028986E-01   2.1112112E+04   5.2257702E+01   2.1164369E+04   2.2876951E-03   4.5022895E-06   2.2820531E-03
   4.3478261E-01   1.1896466E+04   0.0000000E+00   1.1896466E+04   8.9988188E-04   0.0000000E+00   8.9988188E-04
   4.4927536E-01   6.2085522E+03   0.0000000E+00   6.2085522E+03   2.8800087E-03   0.0000000E+00   2.8800087E-03
   4.6376812E-01   3.0072675E+03   2.3679271E+01   3.0309467E+03   3.9159467E-03   8.4003767E-06   3.8854180E-03
   4.7826087E-01   1.9517460E+03   2.2961718E+01   1.9747077E+03   5.1545655E-05   1.0005734E-05   5.0831397E-05
   4.9275362E-01   1.2034641E+03   0.0000000E+00   1.2034641E+03   2.6445561E-05   0.0000000E+00   2.6445561E-05
   5.0724638E-01   1.0391817E+03   0.0000000E+00   1.0391817E+03   2.9656096E-06   0.0000000E+00   2.9656096E-06
   5.2173913E-01   4.8410955E+02   0.0000000E+00   4.8410955E+02   1.0687981E-05   0.0000000E+00   1.0687981E-05
   5.3623188E-01   4.7102551E+02   0.0000000E+00   4.7102551E+02   6.3175465E-06   0.0000000E+00   6.3175465E-06
   5.5072464E-01   2.5922571E+02   0.0000000E+00   2.5922571E+02   7.1570179E-06   0.0000000E+00   7.1570179E-06
   5.6521739E-01   1.9429146E+02   0.0000000E+00   1.9429146E+02   5.7284749E-06   0.0000000E+00   5.7284749E-06
   5.7971014E-01   2.2732101E+02   0.0000000E+00   2.2732101E+02   4.9433784E-06   0.0000000E+00   4.9433784E-06
   5.9420290E-01   9.2406913E+01   0.0000000E+00   9.2406913E+01   5.8018933E-05   0.0000000E+00   5.8018933E-05
   6.0869565E-01   7.2165398E+01   0.0000000E+00   7.2165398E+01   9.5413159E-07   0.0000000E+00   9.5413159E-07
   6.2318841E-01   7.0487133E+01   0.0000000E+00   7.0487133E+01   6.0513995E-05   0.0000000E+00   6.0513995E-05
   6.3768116E-01   5.1663865E+01   0.0000000E+00   5.1663865E+01   5.0917451E-06   0.0000000E+00   5.0917451E-06
   6.5217391E-01   1.6838593E+01   0.0000000E+00   1.6838593E+01   1.2545924E-05   0.0000000E+00   1.2545924E-05
   6.6666667E-01   1.6472537E+01   0.0000000E+00   1.6472537E+01   2.7649602E-06   0.0000000E+00   2.7649602E-06
   6.8115942E-01   1.6122057E+01   0.0000000E+00   1.6122057E+01   1.5632327E-06   0.0000000E+00   1.5632327E-06
   6.9565217E-01   0.0000000E+00   0.0000000E+00   0.0000000E+00   0.0000000E+00   0.0000000E+00   0.0000000E+00
   7.1014493E-01   0.0000000E+00   0.0000000E+00   0.0000000E+00   0.0000000E+00   0.0000000E+00   0.0000000E+00
   7.2463768E-01   0.0000000E+00   0.0000000E+00   0.0000000E+00   0.0000000E+00   0.0000000E+00   0.0000000E+00
   7.3913043E-01   0.0000000E+00   0.0000000E+00   0.0000000E+00   0.0000000E+00   0.0000000E+00   0.0000000E+00
   7.5362319E-01   0.0000000E+00   0.0000000E+00   0.0000000E+00   0.0000000E+00   0.0000000E+00   0.0000000E+00
   7.6811594E-01   0.0000000E+00   0.0000000E+00   0.0000000E+00   0.0000000E+00   0.0000000E+00   0.0000000E+00
   7.8260870E-01   0.0000000E+00   0.0000000E+00   0.0000000E+00   0.0000000E+00   0.0000000E+00   0.0000000E+00
   7.9710145E-01   0.0000000E+00   0.0000000E+00   0.0000000E+00   0.0000000E+00   0.0000000E+00   0.0000000E+00
   8.1159420E-01   0.0000000E+00   0.0000000E+00   0.0000000E+00   0.0000000E+00   0.0000000E+00   0.0000000E+00
   8.2608696E-01   0.0000000E+00   0.0000000E+00   0.0000000E+00   0.0000000E+00   0.0000000E+00   0.0000000E+00
   8.4057971E-01   0.0000000E+00   0.0000000E+00   0.0000000E+00   0.0000000E+00   0.0000000E+00   0.0000000E+00
   8.5507246E-01   0.0000000E+00   0.0000000E+00   0.0000000E+00   0.0000000E+00   0.0000000E+00   0.0000000E+00
   8.6956522E-01   0.0000000E+00   0.0000000E+00   0.0000000E+00   0.0000000E+00   0.0000000E+00   0.0000000E+00
   8.8405797E-01   0.0000000E+00   0.0000000E+00   0.0000000E+00   0.0000000E+00   0.0000000E+00   0.0000000E+00
   8.9855072E-01   0.0000000E+00   0.0000000E+00   0.0000000E+00   0.0000000E+00   0.0000000E+00   0.0000000E+00
   9.1304348E-01   0.0000000E+00   0.0000000E+00   0.0000000E+00   0.0000000E+00   0.0000000E+00   0.0000000E+00
   9.2753623E-01   0.0000000E+00   0.0000000E+00   0.0000000E+00   0.0000000E+00   0.0000000E+00   0.0000000E+00
   9.4202899E-01   0.0000000E+00   0.0000000E+00   0.0000000E+00   0.0000000E+00   0.0000000E+00   0.0000000E+00
   9.5652174E-01   0.0000000E+00   0.0000000E+00   0.0000000E+00   0.0000000E+00   0.0000000E+00   0.0000000E+00
   9.7101449E-01   0.0000000E+00   0.0000000E+00   0.0000000E+00   0.0000000E+00   0.0000000E+00   0.0000000E+00
   9.8550725E-01   0.0000000E+00   0.0000000E+00   0.0000000E+00   0.0000000E+00   0.0000000E+00   0.0000000E+00
   1.0000000E+00   0.0000000E+00   0.0000000E+00   0.0000000E+00   0.0000000E+00   0.0000000E+00   0.0000000E+00
