   0.0000000E+00   6.3219487E+07   3.1012647E+07   9.4232134E+07   2.7509104E-04   1.0924129E-03   5.1982150E-04
   1.4492754E-02   6.5153989E+07   3.2575858E+07   9.7726058E+07   1.5463467E-04   2.2430341E-04   1.5448742E-04
   2.8985507E-02   6.7861003E+07   3.4418295E+07   1.0226831E+08   1.3966313E-04   2.9195928E-04   1.4004226E-04
   4.3478261E-02   7.2434828E+07   3.6479717E+07   1.0890015E+08   8.8107397E-05   2.1580858E-04   9.1512984E-05
   5.7971014E-02   7.5504672E+07   3.7869596E+07   1.1335229E+08   1.3454683E-04   6.2587183E-05   9.9422877E-05
   7.2463768E-02   7.5620303E+07   3.7998221E+07   1.1358367E+08   1.0716721E-04   5.0189834E-05   6.5304080E-05
   8.6956522E-02   7.3453352E+07   3.6875635E+07   1.1029527E+08   7.1116648E-05   2.4586118E-04   1.2892634E-04
   1.0144928E-01   6.9780188E+07   3.5166776E+07   1.0491406E+08   3.4234088E-05   1.7445613E-05   2.1386720E-05
   1.1594203E-01   6.5463619E+07   3.3024911E+07   9.8452538E+07   1.0735258E-04   1.6368362E-04   6.7342807E-05
   1.3043478E-01   6.2287303E+07   3.1217909E+07   9.3469935E+07   1.2358707E-04   1.3456793E-04   6.5356012E-05
   1.4492754E-01   6.0726003E+07   3.0451467E+07   9.1131172E+07   1.1717363E-04   1.0553185E-04   5.1260826E-05
   1.5942029E-01   5.2602907E+07   2.6352498E+07   7.8925646E+07   8.1042592E-05   1.6010822E-04   8.0258649E-05
   1.7391304E-01   1.7227901E+07   8.5672867E+06   2.5791715E+07   3.9389851E-04   2.0618916E-04   3.1245216E-04
   1.8840580E-01   5.3328925E+06   2.6779580E+06   8.0100928E+06   1.1242276E-03   3.2714455E-04   8.5429726E-04
   2.0289855E-01   3.8628334E+06   1.8984010E+06   5.7610179E+06   1.9046712E-03   1.5887844E-03   1.7978895E-03
   2.1739130E-01   3.4030460E+06   1.6625248E+06   5.0654697E+06   1.5124582E-03   1.1804252E-03   1.2984829E-03
   2.3188406E-01   3.1201702E+06   1.5579066E+06   4.6778401E+06   1.7538434E-03   1.6352167E-03   1.6000216E-03
   2.4637681E-01   3.0115130E+06   1.4924293E+06   4.5036748E+06   1.8482224E-03   2.2223880E-03   1.9177374E-03
   2.6086957E-01   2.9510055E+06   1.4439093E+06   4.3945781E+06   1.1822474E-03   9.8497786E-04   1.0437709E-03
   2.7536232E-01   2.8613732E+06   1.4348342E+06   4.2961277E+06   1.2310905E-03   1.7019481E-03   1.3368679E-03
   2.8985507E-01   2.7971092E+06   1.3867339E+06   4.1836158E+06   1.2439939E-03   1.8225419E-03   1.3010473E-03
   3.0434783E-01   2.4583865E+06   1.2107189E+06   3.6688528E+06   1.3081079E-03   1.9065300E-03   1.3637906E-03
   3.1884058E-01   1.4234428E+06   6.9963206E+05   2.1230404E+06   2.5687387E-03   2.3531223E-03   2.4906081E-03
   3.3333333E-01   1.7816696E+05   8.9775325E+04   2.6794228E+05   2.1735190E-02   1.9883184E-02   2.1111807E-02
   3.4782609E-01   4.0475768E+04   2.0111594E+04   6.0587362E+04   1.3308049E-01   1.3077384E-01   1.3231374E-01
   3.6231884E-01   3.7068479E+04   1.6912683E+04   5.3981161E+04   1.4042428E-01   1.4426207E-01   1.4161587E-01
   3.7681159E-01   3.0542617E+04   1.4805009E+04   4.5347626E+04   1.4831689E-01   1.4269480E-01   1.4648137E-01
   3.9130435E-01   2.5285954E+04   1.1758951E+04   3.7044905E+04   1.5770208E-01   1.3400709E-01   1.5016015E-01
   4.0579710E-01   1.9511720E+04   1.0391817E+04   2.9903537E+04   1.4771685E-01   1.4932644E-01   1.4827277E-01
   4.2028986E-01   1.7036011E+04   7.7080111E+03   2.4744022E+04   1.6061339E-01   1.5830441E-01   1.5987614E-01
   4.3478261E-01   1.3512971E+04   6.0871514E+03   1.9600122E+04   1.6819005E-01   1.4112665E-01   1.5972597E-01
   4.4927536E-01   1.0608314E+04   5.1574981E+03   1.5765812E+04   1.6480618E-01   1.7341149E-01   1.6762120E-01
   4.6376812E-01   8.7139719E+03   4.2859481E+03   1.2999920E+04   1.7493284E-01   1.5891357E-01   1.6956987E-01
   4.7826087E-01   7.2559028E+03   3.9723772E+03   1.1228280E+04   1.7497864E-01   1.6827560E-01   1.7257187E-01
   4.9275362E-01   6.2178981E+03   3.1869513E+03   9.4048494E+03   1.8758290E-01   1.6832758E-01   1.8103074E-01
   5.0724638E-01   5.2392079E+03   2.2082612E+03   7.4474691E+03   1.4971115E-01   2.0072014E-01   1.6483241E-01
   5.2173913E-01   4.9673849E+03   1.9574864E+03   6.9248714E+03   1.9346967E-01   1.9198705E-01   1.9292308E-01
   5.3623188E-01   3.5224516E+03   1.8021845E+03   5.3246362E+03   1.9895652E-01   1.8334423E-01   1.9350549E-01
   5.5072464E-01   2.9711254E+03   1.3958307E+03   4.3669562E+03   1.9045661E-01   1.9633713E-01   1.9196205E-01
   5.6521739E-01   2.2537809E+03   1.1851779E+03   3.4389588E+03   2.0064180E-01   1.8366187E-01   1.9466654E-01
   5.7971014E-01   2.3300403E+03   8.3351035E+02   3.1635507E+03   1.9120424E-01   1.7474821E-01   1.8684873E-01
   5.9420290E-01   1.8296569E+03   8.6862498E+02   2.6982819E+03   2.5266833E-01   2.4260153E-01   2.4936142E-01
   6.0869565E-01   1.3711426E+03   7.5773668E+02   2.1288793E+03   2.5068701E-01   2.1473706E-01   2.3783436E-01
   6.2318841E-01   1.2687684E+03   5.4627528E+02   1.8150437E+03   2.3837541E-01   1.6088401E-01   2.1473630E-01
   6.3768116E-01   1.2571540E+03   5.3385994E+02   1.7910140E+03   2.1053443E-01   2.5229929E-01   2.2296988E-01
   6.5217391E-01   1.0608314E+03   3.7044905E+02   1.4312804E+03   2.6487941E-01   2.5778645E-01   2.6304202E-01
   6.6666667E-01   6.9184654E+02   4.4475849E+02   1.1366050E+03   2.6790915E-01   2.9430850E-01   2.7790348E-01
   6.8115942E-01   9.0283520E+02   3.5468526E+02   1.2575205E+03   2.7609912E-01   2.4369923E-01   2.6694242E-01
   6.9565217E-01   5.9987487E+02   3.3150980E+02   9.3138467E+02   2.8072672E-01   3.0291283E-01   2.8861250E-01
   7.1014493E-01   7.2680866E+02   3.4020831E+02   1.0670170E+03   2.2023027E-01   3.2022825E-01   2.5161185E-01
   7.2463768E-01   5.1526095E+02   2.2732101E+02   7.4258195E+02   2.4957045E-01   3.4059328E-01   2.7734875E-01
   7.3913043E-01   5.6458812E+02   1.9314857E+02   7.5773668E+02   3.0337015E-01   3.3720254E-01   3.1061405E-01
   7.5362319E-01   2.7686533E+02   1.6029045E+02   4.3715578E+02   3.0442766E-01   2.5294332E-01   2.8554947E-01
   7.6811594E-01   4.7179831E+02   1.2867227E+02   6.0047058E+02   3.0338245E-01   2.2983152E-01   2.8760002E-01
   7.8260870E-01   3.5080402E+02   8.4192965E+01   4.3499699E+02   3.0531900E-01   3.5281956E-01   3.1412915E-01
   7.9710145E-01   2.6176358E+02   1.1021624E+02   3.7197983E+02   2.9057562E-01   2.5760966E-01   2.8040901E-01
   8.1159420E-01   3.7886834E+02   9.4717086E+01   4.7358543E+02   2.4474463E-01   2.8381912E-01   2.5228938E-01
   8.2608696E-01   3.1904702E+02   1.5952351E+02   4.7857054E+02   2.6963851E-01   2.0925609E-01   2.4949837E-01
   8.4057971E-01   3.0048179E+02   7.8386554E+01   3.7886834E+02   1.9472083E-01   3.0056285E-01   2.1591482E-01
   8.5507246E-01   2.5685989E+02   1.5411594E+02   4.1097583E+02   2.3588481E-01   2.8489642E-01   2.5415006E-01
   8.6956522E-01   2.6520784E+02   6.3144724E+01   3.2835256E+02   2.3762282E-01   3.1751708E-01   2.5242130E-01
   8.8405797E-01   1.3664104E+02   1.6148487E+02   2.9812591E+02   2.4811612E-01   1.5142069E-01   1.9489560E-01
   8.9855072E-01   1.2221559E+02   3.6664678E+01   1.5888027E+02   2.9349042E-01   4.1262516E-01   3.2084039E-01
   9.1304348E-01   1.4433080E+02   2.4055133E+01   1.6838593E+02   1.9378395E-01   2.1209158E-01   1.9596684E-01
   9.2753623E-01   1.0655672E+02   4.7358543E+01   1.5391526E+02   2.5290877E-01   1.9256509E-01   2.3416131E-01
   9.4202899E-01   1.1657487E+02   3.4972462E+01   1.5154734E+02   3.6531583E-01   4.0461988E-01   3.7434235E-01
   9.5652174E-01   4.5923435E+01   4.5923435E+01   9.1846871E+01   3.1202714E-01   3.0149981E-01   3.0499847E-01
   9.7101449E-01   5.6547514E+01   5.6547514E+01   1.1309503E+02   3.2917690E-01   3.1513049E-01   3.2087354E-01
   9.8550725E-01   3.3429560E+01   3.3429560E+01   6.6859119E+01   1.4165785E-01   1.4267330E-01   1.4026383E-01
   1.0000000E+00   0.0000000E+00   2.1884092E+01   2.1884092E+01   0.0000000E+00   1.6574041E-06   1.6574041E-06
