   0.0000000E+00   6.0624997E+07   3.1576403E+07   9.2201400E+07   1.4630496E-04   1.6059651E-03   5.2575913E-04
   1.4492754E-02   6.1818432E+07   3.1905261E+07   9.3715358E+07   2.9717414E-04   2.8846389E-04   1.0465779E-04
   2.8985507E-02   6.3951082E+07   3.2830836E+07   9.6773204E+07   4.7433530E-05   3.7829597E-04   1.4354758E-04
   4.3478261E-02   6.6903350E+07   3.4562391E+07   1.0145235E+08   5.7185841E-05   2.4581830E-04   4.8789601E-05
   5.7971014E-02   6.8888873E+07   3.5717055E+07   1.0458964E+08   8.3107304E-05   9.2712568E-05   2.6874735E-05
   7.2463768E-02   6.8424986E+07   3.5506783E+07   1.0390085E+08   1.3831140E-04   4.0233552E-05   9.0124838E-05
   8.6956522E-02   6.6521451E+07   3.4573757E+07   1.0107020E+08   7.1750586E-05   6.1392812E-05   6.3589131E-05
   1.0144928E-01   6.3492272E+07   3.2702508E+07   9.6165553E+07   7.2005549E-05   8.1054838E-05   4.5413148E-05
   1.1594203E-01   5.9523342E+07   3.0757479E+07   9.0250607E+07   7.8082627E-05   1.1251943E-04   5.3361528E-05
   1.3043478E-01   5.6176830E+07   2.8899572E+07   8.5047860E+07   1.1442052E-04   3.5920299E-05   8.6422087E-05
   1.4492754E-01   5.3903418E+07   2.7750136E+07   8.1616121E+07   1.5373729E-04   5.3599681E-05   1.2052689E-04
   1.5942029E-01   4.6341316E+07   2.3827581E+07   7.0144511E+07   1.0057487E-04   1.0172718E-04   1.0054376E-04
   1.7391304E-01   2.0109511E+07   9.8222249E+06   2.9926558E+07   3.5872941E-04   1.7924749E-04   2.9865715E-04
   1.8840580E-01   1.0251245E+07   4.6007440E+06   1.4850298E+07   7.5565607E-04   8.7154403E-04   7.7667862E-04
   2.0289855E-01   8.1977908E+06   3.5790610E+06   1.1776256E+07   7.2304823E-04   8.6142478E-04   7.2515325E-04
   2.1739130E-01   7.1591972E+06   3.0721676E+06   1.0230506E+07   7.6898233E-04   1.0678320E-03   8.5117226E-04
   2.3188406E-01   6.3074475E+06   2.6918596E+06   8.9986441E+06   1.1733781E-03   1.7534963E-03   1.3363126E-03
   2.4637681E-01   5.6216930E+06   2.4006435E+06   8.0215788E+06   1.0008520E-03   1.4594192E-03   1.1365480E-03
   2.6086957E-01   5.0251413E+06   2.1828289E+06   7.2072546E+06   1.2523728E-03   1.2325150E-03   1.2424522E-03
   2.7536232E-01   4.4782637E+06   1.9540035E+06   6.4317089E+06   9.5106871E-04   1.2747716E-03   1.0383986E-03
   2.8985507E-01   3.9208327E+06   1.7376039E+06   5.6579819E+06   1.2222941E-03   1.3334567E-03   1.2518138E-03
   3.0434783E-01   3.0639624E+06   1.3763385E+06   4.4401566E+06   5.6588420E-04   5.1981473E-04   5.3735595E-04
   3.1884058E-01   1.6010976E+06   7.3145700E+05   2.3324857E+06   3.4558513E-03   2.1592669E-03   3.0373003E-03
   3.3333333E-01   2.3526077E+05   9.6825570E+04   3.3208634E+05   1.9568591E-02   1.8119212E-02   1.9137219E-02
   3.4782609E-01   3.3561421E+04   1.0987182E+04   4.4548603E+04   1.1447611E-01   1.0634122E-01   1.1243855E-01
   3.6231884E-01   3.0370086E+04   1.0183981E+04   4.0554067E+04   1.3081975E-01   1.0742233E-01   1.2491629E-01
   3.7681159E-01   2.8910569E+04   1.0579170E+04   3.9489739E+04   1.5144457E-01   1.4563873E-01   1.4984012E-01
   3.9130435E-01   2.6464655E+04   1.0047027E+04   3.6511682E+04   1.7539582E-01   1.5268200E-01   1.6914440E-01
   4.0579710E-01   2.3462775E+04   8.7680959E+03   3.2230871E+04   2.0228571E-01   1.9053981E-01   1.9901929E-01
   4.2028986E-01   1.9910185E+04   6.4276974E+03   2.6337882E+04   2.1012614E-01   2.1327374E-01   2.1089308E-01
   4.3478261E-01   1.5003186E+04   5.2031252E+03   2.0206312E+04   2.1868527E-01   2.0442015E-01   2.1499266E-01
   4.4927536E-01   1.1732697E+04   3.8375697E+03   1.5570267E+04   2.2131881E-01   2.2691534E-01   2.2269814E-01
   4.6376812E-01   1.0418879E+04   2.9835882E+03   1.3402468E+04   2.4430830E-01   2.4051085E-01   2.4345696E-01
   4.7826087E-01   7.5773668E+03   2.3880186E+03   9.9653855E+03   2.4619948E-01   2.5712214E-01   2.4869021E-01
   4.9275362E-01   6.3961891E+03   2.3623555E+03   8.7585446E+03   2.5402060E-01   2.3192408E-01   2.4800911E-01
   5.0724638E-01   5.1526095E+03   1.4072253E+03   6.5598347E+03   2.7134719E-01   2.4617306E-01   2.6574836E-01
   5.2173913E-01   4.4832754E+03   1.1155568E+03   5.5988322E+03   2.7099434E-01   2.8362563E-01   2.7350672E-01
   5.3623188E-01   3.2562198E+03   9.0109227E+02   4.1573121E+03   2.7617999E-01   2.6191313E-01   2.7307847E-01
   5.5072464E-01   3.2104107E+03   8.5743888E+02   4.0678496E+03   2.7618664E-01   2.8706512E-01   2.7838696E-01
   5.6521739E-01   2.9338010E+03   7.9659498E+02   3.7303960E+03   2.8851901E-01   3.1634454E-01   2.9414392E-01
   5.7971014E-01   1.8753983E+03   6.6301960E+02   2.5384179E+03   2.6934268E-01   2.5850870E-01   2.6625380E-01
   5.9420290E-01   2.0883962E+03   4.6203456E+02   2.5504308E+03   2.8325373E-01   2.8242403E-01   2.8305426E-01
   6.0869565E-01   1.8582590E+03   4.5103374E+02   2.3092928E+03   2.7723338E-01   2.6230728E-01   2.7427701E-01
   6.2318841E-01   1.3744991E+03   5.1103172E+02   1.8855308E+03   2.6801877E-01   2.4114626E-01   2.6068703E-01
   6.3768116E-01   1.2399328E+03   3.2720448E+02   1.5671372E+03   2.5491511E-01   2.0947836E-01   2.4537964E-01
   6.5217391E-01   1.3470874E+03   3.5361045E+02   1.7006979E+03   2.6035931E-01   2.2282174E-01   2.5246785E-01
   6.6666667E-01   1.3672205E+03   3.2945073E+02   1.6966713E+03   2.4906252E-01   2.2520427E-01   2.4440794E-01
   6.8115942E-01   1.0640558E+03   2.4183086E+02   1.3058866E+03   2.8155852E-01   1.4869802E-01   2.5693175E-01
   6.9565217E-01   1.0734603E+03   4.1044070E+02   1.4839010E+03   1.8189988E-01   1.9455117E-01   1.8469471E-01
   7.1014493E-01   8.1959274E+02   2.1649620E+02   1.0360889E+03   2.0556434E-01   1.9252311E-01   2.0268365E-01
   7.2463768E-01   1.0759861E+03   1.8185680E+02   1.2578429E+03   1.7544512E-01   2.1180474E-01   1.8064550E-01
   7.3913043E-01   6.5373361E+02   8.9145492E+01   7.4287910E+02   1.7178842E-01   1.1469527E-01   1.6490657E-01
   7.5362319E-01   6.9944925E+02   1.4571859E+02   8.4516784E+02   2.0412243E-01   1.1522156E-01   1.8862826E-01
   7.6811594E-01   3.8601680E+02   2.1445378E+02   6.0047058E+02   2.5099612E-01   2.2144913E-01   2.4002787E-01
   7.8260870E-01   6.5951156E+02   2.3854673E+02   8.9805829E+02   1.8344845E-01   1.1573869E-01   1.6546005E-01
   7.9710145E-01   4.9597310E+02   1.6532437E+02   6.6129747E+02   1.9576374E-01   2.6552833E-01   2.1312823E-01
   8.1159420E-01   4.0593037E+02   9.4717086E+01   5.0064745E+02   1.2996761E-01   2.5830329E-01   1.5388856E-01
   8.2608696E-01   3.7222153E+02   7.9761756E+01   4.5198329E+02   1.6912987E-01   4.8841552E-02   1.4756358E-01
   8.4057971E-01   4.0499719E+02   1.4370868E+02   5.4870587E+02   2.2275802E-01   1.3394428E-01   1.9931742E-01
   8.5507246E-01   4.7519080E+02   1.2842995E+02   6.0362075E+02   1.3488040E-01   9.6183631E-02   1.2522572E-01
   8.6956522E-01   2.5257889E+02   7.5773668E+01   3.2835256E+02   1.6775156E-01   6.4618624E-02   1.4390757E-01
   8.8405797E-01   1.6148487E+02   6.2109564E+01   2.2359443E+02   2.6727383E-01   8.3292878E-02   2.1590190E-01
   8.9855072E-01   1.7110183E+02   4.8886238E+01   2.1998807E+02   1.2585459E-01   2.8421414E-01   1.6104443E-01
   9.1304348E-01   1.6838593E+02   1.2027566E+01   1.8041350E+02   2.7666062E-01   7.8800648E-05   2.5822180E-01
   9.2753623E-01   1.3023599E+02   4.7358543E+01   1.7759454E+02   1.4068214E-01   3.0684083E-01   1.8369238E-01
   9.4202899E-01   1.1657487E+02   2.3314975E+01   1.3988985E+02   2.4456883E-01   3.9976120E-01   2.6843982E-01
   9.5652174E-01   1.0332773E+02   1.1480859E+01   1.1480859E+02   1.7993786E-01   1.4880543E-04   1.6195816E-01
   9.7101449E-01   7.9166519E+01   2.2619005E+01   1.0178552E+02   2.3776717E-01   7.2243693E-06   1.8493157E-01
   9.8550725E-01   5.5715933E+01   1.1143187E+01   6.6859119E+01   1.6694553E-01   5.3377987E-06   1.3912044E-01
   1.0000000E+00   2.1884092E+01   0.0000000E+00   2.1884092E+01   3.8316455E-05   0.0000000E+00   3.8316455E-05
