   0.0000000E+00   6.8475149E+07   3.3558642E+07   1.0203379E+08   9.0738459E-04   1.2028123E-03   2.3596114E-04
   1.4492754E-02   6.8708532E+07   3.4274703E+07   1.0297338E+08   1.8375712E-04   2.7512555E-04   2.0287924E-04
   2.8985507E-02   7.1151475E+07   3.5938314E+07   1.0707767E+08   4.0463266E-04   5.4054470E-04   4.1081110E-04
   4.3478261E-02   7.5061649E+07   3.7753220E+07   1.1279719E+08   1.6257544E-04   3.0583895E-04   1.6148431E-04
   5.7971014E-02   7.7109748E+07   3.8967367E+07   1.1605192E+08   1.4382477E-04   7.6219069E-05   1.1578954E-04
   7.2463768E-02   7.7137746E+07   3.8697461E+07   1.1580566E+08   2.1009146E-04   1.2938056E-04   1.2450412E-04
   8.6956522E-02   7.4844304E+07   3.7516932E+07   1.1233194E+08   8.1555412E-05   1.1793824E-04   2.5197484E-05
   1.0144928E-01   7.1033159E+07   3.5634733E+07   1.0663618E+08   3.0454530E-04   1.1974176E-04   2.3969348E-04
   1.1594203E-01   6.6761906E+07   3.3533732E+07   1.0026448E+08   3.9424537E-04   3.5765231E-04   3.6751490E-04
   1.3043478E-01   6.2811320E+07   3.1510648E+07   9.4290985E+07   5.3431305E-04   2.5246369E-04   4.3487740E-04
   1.4492754E-01   5.9901358E+07   3.0028044E+07   8.9894546E+07   3.2634524E-04   2.5518130E-04   3.0268983E-04
   1.5942029E-01   5.0765740E+07   2.5522431E+07   7.6261857E+07   2.8176331E-04   2.1163907E-04   2.5642243E-04
   1.7391304E-01   1.8620621E+07   9.3512284E+06   2.7968061E+07   3.3513569E-03   2.8727021E-03   3.1885716E-03
   1.8840580E-01   6.8892836E+06   3.3728608E+06   1.0261503E+07   1.1440234E-02   1.1949225E-02   1.1605449E-02
   2.0289855E-01   4.3648339E+06   2.1280494E+06   6.4927209E+06   1.6999674E-02   1.3906602E-02   1.5986217E-02
   2.1739130E-01   3.2452347E+06   1.5855388E+06   4.8306724E+06   1.5345452E-02   1.3561064E-02   1.4747470E-02
   2.3188406E-01   2.7233530E+06   1.3204035E+06   4.0435197E+06   1.2576791E-02   1.0870595E-02   1.2015277E-02
   2.4637681E-01   2.4186064E+06   1.1853676E+06   3.6040185E+06   8.4873525E-03   7.1788397E-03   8.0562579E-03
   2.6086957E-01   2.2859653E+06   1.1171565E+06   3.4030375E+06   5.5071916E-03   5.3899794E-03   5.4594844E-03
   2.7536232E-01   2.2385137E+06   1.1164253E+06   3.3547795E+06   4.1269912E-03   3.5773803E-03   3.9436176E-03
   2.8985507E-01   2.1741360E+06   1.0847758E+06   3.2587603E+06   3.6049064E-03   3.2497587E-03   3.4766751E-03
   3.0434783E-01   1.9041923E+06   9.4096463E+05   2.8450487E+06   3.8997101E-03   3.6798048E-03   3.8225340E-03
   3.1884058E-01   1.1155951E+06   5.6031184E+05   1.6758380E+06   4.9154204E-03   4.2773221E-03   4.7022721E-03
   3.3333333E-01   1.3253803E+05   6.4835904E+04   1.9737393E+05   1.7066498E-02   1.2527647E-02   1.5093602E-02
   3.4782609E-01   3.9781176E+03   2.0522035E+03   6.0303211E+03   8.4180143E-02   4.5724090E-02   7.0517190E-02
   3.6231884E-01   3.4249698E+03   1.5457828E+03   4.9707526E+03   8.2686506E-02   3.4738899E-02   6.6281599E-02
   3.7681159E-01   3.0018030E+03   1.1074613E+03   4.1092643E+03   7.4233294E-02   8.6127456E-02   7.6832081E-02
   3.9130435E-01   3.1432040E+03   1.1225729E+03   4.2657769E+03   8.6923100E-02   4.2015923E-02   7.4854496E-02
   4.0579710E-01   2.5167683E+03   1.1366050E+03   3.6533733E+03   9.8066411E-02   8.7322223E-02   9.4714637E-02
   4.2028986E-01   2.6651428E+03   1.3848291E+03   4.0499719E+03   9.3561871E-02   7.6658889E-02   8.7737349E-02
   4.3478261E-01   2.2479522E+03   1.0355735E+03   3.2835256E+03   1.0385800E-01   1.0772325E-01   1.0501494E-01
   4.4927536E-01   2.4931981E+03   1.1732697E+03   3.6664678E+03   1.2021836E-01   9.8920704E-02   1.1316597E-01
   4.6376812E-01   2.1311344E+03   1.1366050E+03   3.2677395E+03   1.0533528E-01   9.0869198E-02   1.0028072E-01
   4.7826087E-01   2.1813632E+03   9.8735386E+02   3.1687170E+03   1.4368996E-01   1.2701821E-01   1.3849430E-01
   4.9275362E-01   2.1394918E+03   8.4688218E+02   2.9863740E+03   1.4445212E-01   1.5202751E-01   1.4596020E-01
   5.0724638E-01   2.1433123E+03   1.0824810E+03   3.2257933E+03   1.4029825E-01   1.1031224E-01   1.3019118E-01
   5.2173913E-01   1.9364382E+03   9.2612261E+02   2.8625608E+03   1.3993120E-01   1.2189892E-01   1.3395794E-01
   5.3623188E-01   1.8431433E+03   8.1917479E+02   2.6623181E+03   1.4713102E-01   1.2476606E-01   1.3899258E-01
   5.5072464E-01   2.0738057E+03   8.7737932E+02   2.9511850E+03   1.2491059E-01   8.5091590E-02   1.1263734E-01
   5.6521739E-01   1.7486231E+03   7.3830754E+02   2.4869307E+03   1.6935637E-01   1.2635804E-01   1.5657662E-01
   5.7971014E-01   1.5344168E+03   6.4407618E+02   2.1784930E+03   1.6623593E-01   1.3508110E-01   1.5692445E-01
   5.9420290E-01   1.9220638E+03   9.6103189E+02   2.8830957E+03   1.5723518E-01   1.7975588E-01   1.6474191E-01
   6.0869565E-01   1.5876388E+03   6.1340589E+02   2.2010447E+03   1.7157271E-01   1.7266541E-01   1.7178611E-01
   6.2318841E-01   1.5859605E+03   8.6346738E+02   2.4494279E+03   2.0817870E-01   1.8635299E-01   2.0042923E-01
   6.3768116E-01   1.4293669E+03   7.7495797E+02   2.2043249E+03   1.5710993E-01   1.2076680E-01   1.4383279E-01
   6.5217391E-01   1.8354066E+03   6.0618935E+02   2.4415960E+03   2.0037913E-01   1.0092732E-01   1.7561565E-01
   6.6666667E-01   1.4166381E+03   7.9068176E+02   2.2073199E+03   1.8469661E-01   1.6603656E-01   1.7799443E-01
   6.8115942E-01   1.0640558E+03   5.3202788E+02   1.5960837E+03   2.3090699E-01   1.4244776E-01   2.0081766E-01
   6.9565217E-01   1.2628945E+03   7.2616432E+02   1.9890588E+03   1.9103180E-01   1.8937827E-01   1.9026142E-01
   7.1014493E-01   1.1752651E+03   4.9484845E+02   1.6701135E+03   1.8851986E-01   1.6120761E-01   1.8024528E-01
   7.2463768E-01   9.6990296E+02   4.0917781E+02   1.3790808E+03   1.6748101E-01   1.9535350E-01   1.7571796E-01
   7.3913043E-01   1.0251732E+03   3.2686680E+02   1.3520400E+03   2.1232926E-01   1.7404850E-01   2.0288397E-01
   7.5362319E-01   8.7431156E+02   5.5373065E+02   1.4280422E+03   1.9801361E-01   1.8992903E-01   1.9487812E-01
   7.6811594E-01   1.0579720E+03   3.7171988E+02   1.4296919E+03   2.1147242E-01   1.7991237E-01   2.0323167E-01
   7.8260870E-01   8.5596181E+02   3.3677186E+02   1.1927337E+03   2.0710064E-01   2.2971483E-01   2.1343200E-01
   7.9710145E-01   9.3683808E+02   2.4798655E+02   1.1848246E+03   2.0441394E-01   1.8658587E-01   2.0061205E-01
   8.1159420E-01   6.3595757E+02   4.3299239E+02   1.0689500E+03   2.0299995E-01   1.6601913E-01   1.8801935E-01
   8.2608696E-01   6.7797493E+02   3.5892790E+02   1.0369028E+03   2.2867265E-01   2.0755256E-01   2.2134202E-01
   8.4057971E-01   6.4015685E+02   2.4822409E+02   8.8838094E+02   2.1322045E-01   1.5509698E-01   1.9696409E-01
   8.5507246E-01   5.5224877E+02   1.9264492E+02   7.4489369E+02   1.5134580E-01   1.9188041E-01   1.6173424E-01
   8.6956522E-01   5.1778673E+02   2.5257889E+02   7.7036563E+02   2.3874370E-01   1.4553883E-01   2.0808935E-01
   8.8405797E-01   4.5961078E+02   1.2421913E+02   5.8382990E+02   9.8111195E-02   1.9922204E-01   1.1950935E-01
   8.9855072E-01   3.7886834E+02   2.1998807E+02   5.9885641E+02   2.9160669E-01   9.0474095E-02   2.1762213E-01
   9.1304348E-01   4.6907509E+02   1.8041350E+02   6.4948859E+02   1.8363433E-01   1.5370683E-01   1.7468733E-01
   9.2753623E-01   3.6702871E+02   1.1839636E+02   4.8542506E+02   1.9722471E-01   3.0659805E-01   2.2378089E-01
   9.4202899E-01   3.1475216E+02   1.1657487E+02   4.3132704E+02   2.6231912E-01   2.0833168E-01   2.4745387E-01
   9.5652174E-01   2.6405975E+02   1.0332773E+02   3.6738748E+02   2.1968965E-01   2.7320697E-01   2.3472534E-01
   9.7101449E-01   2.6011856E+02   6.7857016E+01   3.2797558E+02   2.0486093E-01   2.8128196E-01   2.2063065E-01
   9.8550725E-01   7.8002306E+01   3.3429560E+01   1.1143187E+02   1.1488519E-01   1.4008435E-01   1.2244217E-01
   1.0000000E+00   8.7536368E+01   0.0000000E+00   8.7536368E+01   2.1223819E-01   0.0000000E+00   2.1223819E-01
