#depth	O	O+	O+2	O+3	O+4	O+5	O+6	O+7	O+8	O[1]	O[2]	O[3]
 6.17135e+19	0.00e+00	1.24e-32	8.59e-26	4.11e-20	3.73e-15	1.02e-10	4.47e-06	4.55e-03	9.95e-01	0.00e+00	0.00e+00	0.00e+00
 1.87609e+20	0.00e+00	2.74e-32	1.65e-25	6.88e-20	5.42e-15	1.30e-10	5.45e-06	5.10e-03	9.95e-01	0.00e+00	0.00e+00	0.00e+00
 2.90012e+20	0.00e+00	5.11e-32	2.76e-25	1.03e-19	7.31e-15	1.57e-10	6.38e-06	5.57e-03	9.94e-01	0.00e+00	0.00e+00	0.00e+00
 3.58256e+20	0.00e+00	7.68e-32	3.87e-25	1.35e-19	8.90e-15	1.79e-10	7.08e-06	5.90e-03	9.94e-01	0.00e+00	0.00e+00	0.00e+00
 4.06367e+20	0.00e+00	1.03e-31	4.93e-25	1.64e-19	1.02e-14	1.96e-10	7.62e-06	6.15e-03	9.94e-01	0.00e+00	0.00e+00	0.00e+00
 4.40227e+20	0.00e+00	1.24e-31	5.76e-25	1.85e-19	1.13e-14	2.09e-10	8.00e-06	6.31e-03	9.94e-01	0.00e+00	0.00e+00	0.00e+00
 4.76499e+20	0.00e+00	1.53e-31	6.85e-25	2.13e-19	1.25e-14	2.24e-10	8.44e-06	6.50e-03	9.93e-01	0.00e+00	0.00e+00	0.00e+00
 5.23653e+20	0.00e+00	2.00e-31	8.56e-25	2.54e-19	1.42e-14	2.44e-10	9.03e-06	6.74e-03	9.93e-01	0.00e+00	0.00e+00	0.00e+00
 5.75611e+20	0.00e+00	2.67e-31	1.09e-24	3.09e-19	1.65e-14	2.69e-10	9.74e-06	7.02e-03	9.93e-01	0.00e+00	0.00e+00	0.00e+00
 6.23207e+20	0.00e+00	3.48e-31	1.36e-24	3.68e-19	1.88e-14	2.94e-10	1.04e-05	7.28e-03	9.93e-01	0.00e+00	0.00e+00	0.00e+00
 6.74475e+20	0.00e+00	4.60e-31	1.71e-24	4.44e-19	2.16e-14	3.23e-10	1.12e-05	7.56e-03	9.92e-01	0.00e+00	0.00e+00	0.00e+00
 7.31257e+20	0.00e+00	6.24e-31	2.21e-24	5.45e-19	2.52e-14	3.59e-10	1.21e-05	7.88e-03	9.92e-01	0.00e+00	0.00e+00	0.00e+00
 7.83791e+20	0.00e+00	8.23e-31	2.79e-24	6.57e-19	2.90e-14	3.95e-10	1.30e-05	8.19e-03	9.92e-01	0.00e+00	0.00e+00	0.00e+00
 8.40667e+20	0.00e+00	1.11e-30	3.56e-24	8.01e-19	3.38e-14	4.38e-10	1.40e-05	8.52e-03	9.91e-01	0.00e+00	0.00e+00	0.00e+00
 9.00357e+20	0.00e+00	1.50e-30	4.60e-24	9.85e-19	3.95e-14	4.88e-10	1.52e-05	8.88e-03	9.91e-01	0.00e+00	0.00e+00	0.00e+00
 9.51029e+20	0.00e+00	1.93e-30	5.69e-24	1.17e-18	4.50e-14	5.34e-10	1.62e-05	9.19e-03	9.91e-01	0.00e+00	0.00e+00	0.00e+00
 1.00423e+21	0.00e+00	2.51e-30	7.09e-24	1.40e-18	5.16e-14	5.87e-10	1.74e-05	9.52e-03	9.90e-01	0.00e+00	0.00e+00	0.00e+00
 1.07338e+21	0.00e+00	3.51e-30	9.39e-24	1.76e-18	6.14e-14	6.62e-10	1.90e-05	9.96e-03	9.90e-01	0.00e+00	0.00e+00	0.00e+00
 1.14356e+21	0.00e+00	4.90e-30	1.24e-23	2.21e-18	7.31e-14	7.48e-10	2.07e-05	1.04e-02	9.90e-01	0.00e+00	0.00e+00	0.00e+00
 1.20003e+21	0.00e+00	6.38e-30	1.55e-23	2.65e-18	8.40e-14	8.25e-10	2.22e-05	1.08e-02	9.89e-01	0.00e+00	0.00e+00	0.00e+00
 1.25838e+21	0.00e+00	8.33e-30	1.94e-23	3.18e-18	9.67e-14	9.10e-10	2.38e-05	1.12e-02	9.89e-01	0.00e+00	0.00e+00	0.00e+00
 1.33424e+21	0.00e+00	1.17e-29	2.59e-23	4.02e-18	1.16e-13	1.03e-09	2.60e-05	1.17e-02	9.88e-01	0.00e+00	0.00e+00	0.00e+00
 1.40870e+21	0.00e+00	1.63e-29	3.42e-23	5.04e-18	1.38e-13	1.17e-09	2.84e-05	1.22e-02	9.88e-01	0.00e+00	0.00e+00	0.00e+00
 1.46493e+21	0.00e+00	2.08e-29	4.20e-23	5.96e-18	1.57e-13	1.28e-09	3.02e-05	1.26e-02	9.87e-01	0.00e+00	0.00e+00	0.00e+00
 1.52166e+21	0.00e+00	2.65e-29	5.16e-23	7.06e-18	1.79e-13	1.41e-09	3.22e-05	1.30e-02	9.87e-01	0.00e+00	0.00e+00	0.00e+00
 1.59540e+21	0.00e+00	3.60e-29	6.68e-23	8.72e-18	2.11e-13	1.58e-09	3.49e-05	1.36e-02	9.86e-01	0.00e+00	0.00e+00	0.00e+00
 1.67399e+21	0.00e+00	4.98e-29	8.78e-23	1.09e-17	2.51e-13	1.79e-09	3.81e-05	1.42e-02	9.86e-01	0.00e+00	0.00e+00	0.00e+00
 1.74223e+21	0.00e+00	6.56e-29	1.11e-22	1.32e-17	2.91e-13	1.99e-09	4.09e-05	1.47e-02	9.85e-01	0.00e+00	0.00e+00	0.00e+00
 1.81432e+21	0.00e+00	8.73e-29	1.41e-22	1.61e-17	3.40e-13	2.22e-09	4.41e-05	1.53e-02	9.85e-01	0.00e+00	0.00e+00	0.00e+00
 1.89509e+21	0.00e+00	1.20e-28	1.84e-22	2.01e-17	4.03e-13	2.51e-09	4.80e-05	1.59e-02	9.84e-01	0.00e+00	0.00e+00	0.00e+00
 1.97128e+21	0.00e+00	1.60e-28	2.36e-22	2.46e-17	4.72e-13	2.81e-09	5.18e-05	1.65e-02	9.83e-01	0.00e+00	0.00e+00	0.00e+00
 2.05444e+21	0.00e+00	2.19e-28	3.08e-22	3.06e-17	5.59e-13	3.17e-09	5.63e-05	1.72e-02	9.83e-01	0.00e+00	0.00e+00	0.00e+00
 2.14119e+21	0.00e+00	3.03e-28	4.04e-22	3.83e-17	6.66e-13	3.59e-09	6.12e-05	1.80e-02	9.82e-01	0.00e+00	0.00e+00	0.00e+00
 2.21410e+21	0.00e+00	3.95e-28	5.06e-22	4.60e-17	7.69e-13	3.98e-09	6.57e-05	1.86e-02	9.81e-01	0.00e+00	0.00e+00	0.00e+00
 2.29036e+21	0.00e+00	5.19e-28	6.38e-22	5.57e-17	8.93e-13	4.43e-09	7.06e-05	1.93e-02	9.81e-01	0.00e+00	0.00e+00	0.00e+00
 2.38949e+21	0.00e+00	7.35e-28	8.58e-22	7.11e-17	1.08e-12	5.08e-09	7.74e-05	2.02e-02	9.80e-01	0.00e+00	0.00e+00	0.00e+00
 2.49045e+21	0.00e+00	1.04e-27	1.16e-21	9.08e-17	1.31e-12	5.84e-09	8.49e-05	2.12e-02	9.79e-01	0.00e+00	0.00e+00	0.00e+00
 2.57104e+21	0.00e+00	1.37e-27	1.46e-21	1.10e-16	1.52e-12	6.50e-09	9.13e-05	2.19e-02	9.78e-01	0.00e+00	0.00e+00	0.00e+00
 2.65306e+21	0.00e+00	1.81e-27	1.84e-21	1.33e-16	1.77e-12	7.25e-09	9.82e-05	2.27e-02	9.77e-01	0.00e+00	0.00e+00	0.00e+00
 2.75969e+21	0.00e+00	2.57e-27	2.48e-21	1.71e-16	2.14e-12	8.33e-09	1.08e-04	2.38e-02	9.76e-01	0.00e+00	0.00e+00	0.00e+00
 2.86977e+21	0.00e+00	3.68e-27	3.37e-21	2.19e-16	2.61e-12	9.60e-09	1.18e-04	2.49e-02	9.75e-01	0.00e+00	0.00e+00	0.00e+00
 2.96048e+21	0.00e+00	4.92e-27	4.31e-21	2.69e-16	3.06e-12	1.08e-08	1.28e-04	2.59e-02	9.74e-01	0.00e+00	0.00e+00	0.00e+00
 3.03692e+21	0.00e+00	6.28e-27	5.30e-21	3.19e-16	3.49e-12	1.19e-08	1.36e-04	2.67e-02	9.73e-01	0.00e+00	0.00e+00	0.00e+00
 3.11868e+21	0.00e+00	8.12e-27	6.59e-21	3.82e-16	4.02e-12	1.31e-08	1.46e-04	2.76e-02	9.72e-01	0.00e+00	0.00e+00	0.00e+00
 3.22498e+21	0.00e+00	1.12e-26	8.68e-21	4.80e-16	4.81e-12	1.49e-08	1.59e-04	2.88e-02	9.71e-01	0.00e+00	0.00e+00	0.00e+00
 3.33300e+21	0.00e+00	1.56e-26	1.15e-20	6.05e-16	5.77e-12	1.70e-08	1.73e-04	3.01e-02	9.70e-01	0.00e+00	0.00e+00	0.00e+00
 3.41922e+21	0.00e+00	2.03e-26	1.43e-20	7.26e-16	6.65e-12	1.89e-08	1.85e-04	3.11e-02	9.69e-01	0.00e+00	0.00e+00	0.00e+00
 3.50725e+21	0.00e+00	2.63e-26	1.79e-20	8.72e-16	7.68e-12	2.09e-08	1.99e-04	3.22e-02	9.68e-01	0.00e+00	0.00e+00	0.00e+00
 3.60040e+21	0.00e+00	3.47e-26	2.26e-20	1.06e-15	8.94e-12	2.34e-08	2.14e-04	3.33e-02	9.66e-01	0.00e+00	0.00e+00	0.00e+00
 3.68004e+21	0.00e+00	4.39e-26	2.76e-20	1.25e-15	1.02e-11	2.56e-08	2.27e-04	3.43e-02	9.65e-01	0.00e+00	0.00e+00	0.00e+00
 3.76342e+21	0.00e+00	5.58e-26	3.39e-20	1.48e-15	1.16e-11	2.82e-08	2.42e-04	3.54e-02	9.64e-01	0.00e+00	0.00e+00	0.00e+00
 3.85704e+21	0.00e+00	7.29e-26	4.25e-20	1.78e-15	1.34e-11	3.14e-08	2.59e-04	3.67e-02	9.63e-01	0.00e+00	0.00e+00	0.00e+00
 3.94521e+21	0.00e+00	9.37e-26	5.26e-20	2.13e-15	1.54e-11	3.47e-08	2.77e-04	3.78e-02	9.62e-01	0.00e+00	0.00e+00	0.00e+00
 4.02729e+21	7.95e-33	1.18e-25	6.40e-20	2.50e-15	1.75e-11	3.80e-08	2.94e-04	3.90e-02	9.61e-01	0.00e+00	0.00e+00	0.00e+00
 4.10400e+21	1.02e-32	1.47e-25	7.69e-20	2.91e-15	1.98e-11	4.14e-08	3.11e-04	4.01e-02	9.60e-01	0.00e+00	0.00e+00	0.00e+00
 4.17592e+21	1.28e-32	1.79e-25	9.10e-20	3.35e-15	2.21e-11	4.48e-08	3.28e-04	4.11e-02	9.59e-01	0.00e+00	0.00e+00	0.00e+00
 4.25779e+21	1.67e-32	2.24e-25	1.10e-19	3.93e-15	2.50e-11	4.91e-08	3.48e-04	4.23e-02	9.57e-01	0.00e+00	0.00e+00	0.00e+00
 4.34793e+21	2.22e-32	2.88e-25	1.36e-19	4.68e-15	2.87e-11	5.42e-08	3.71e-04	4.36e-02	9.56e-01	0.00e+00	0.00e+00	0.00e+00
 4.43002e+21	2.88e-32	3.60e-25	1.65e-19	5.48e-15	3.24e-11	5.92e-08	3.93e-04	4.49e-02	9.55e-01	0.00e+00	0.00e+00	0.00e+00
 4.50582e+21	3.66e-32	4.43e-25	1.97e-19	6.34e-15	3.64e-11	6.43e-08	4.15e-04	4.61e-02	9.53e-01	0.00e+00	0.00e+00	0.00e+00
 4.59226e+21	4.78e-32	5.59e-25	2.40e-19	7.46e-15	4.13e-11	7.05e-08	4.41e-04	4.75e-02	9.52e-01	0.00e+00	0.00e+00	0.00e+00
 4.68871e+21	6.45e-32	7.24e-25	2.99e-19	8.96e-15	4.77e-11	7.81e-08	4.72e-04	4.90e-02	9.51e-01	0.00e+00	0.00e+00	0.00e+00
 4.77784e+21	8.49e-32	9.20e-25	3.66e-19	1.06e-14	5.44e-11	8.59e-08	5.02e-04	5.05e-02	9.49e-01	0.00e+00	0.00e+00	0.00e+00
 4.85504e+21	1.08e-31	1.13e-24	4.36e-19	1.23e-14	6.09e-11	9.32e-08	5.29e-04	5.18e-02	9.48e-01	0.00e+00	0.00e+00	0.00e+00
 4.93705e+21	1.38e-31	1.40e-24	5.24e-19	1.43e-14	6.87e-11	1.02e-07	5.60e-04	5.33e-02	9.46e-01	0.00e+00	0.00e+00	0.00e+00
 5.02880e+21	1.83e-31	1.79e-24	6.44e-19	1.69e-14	7.85e-11	1.12e-07	5.96e-04	5.49e-02	9.45e-01	0.00e+00	0.00e+00	0.00e+00
 5.11421e+21	2.37e-31	2.24e-24	7.80e-19	1.98e-14	8.89e-11	1.22e-07	6.32e-04	5.65e-02	9.43e-01	0.00e+00	0.00e+00	0.00e+00
 5.19311e+21	3.02e-31	2.76e-24	9.30e-19	2.30e-14	9.97e-11	1.33e-07	6.66e-04	5.79e-02	9.41e-01	0.00e+00	0.00e+00	0.00e+00
 5.28257e+21	3.95e-31	3.48e-24	1.13e-18	2.71e-14	1.13e-10	1.46e-07	7.08e-04	5.96e-02	9.40e-01	0.00e+00	0.00e+00	0.00e+00
 5.38147e+21	5.31e-31	4.50e-24	1.41e-18	3.24e-14	1.31e-10	1.61e-07	7.56e-04	6.15e-02	9.38e-01	0.00e+00	0.00e+00	0.00e+00
 5.47190e+21	7.03e-31	5.73e-24	1.73e-18	3.85e-14	1.49e-10	1.77e-07	8.05e-04	6.34e-02	9.36e-01	0.00e+00	0.00e+00	0.00e+00
 5.55383e+21	8.92e-31	7.05e-24	2.07e-18	4.45e-14	1.67e-10	1.93e-07	8.48e-04	6.50e-02	9.34e-01	0.00e+00	0.00e+00	0.00e+00
 5.64549e+21	1.17e-30	8.92e-24	2.53e-18	5.26e-14	1.91e-10	2.11e-07	9.02e-04	6.70e-02	9.32e-01	0.00e+00	0.00e+00	0.00e+00
 5.74497e+21	1.58e-30	1.15e-23	3.14e-18	6.31e-14	2.20e-10	2.34e-07	9.63e-04	6.91e-02	9.30e-01	0.00e+00	0.00e+00	0.00e+00
 5.83361e+21	2.07e-30	1.46e-23	3.84e-18	7.45e-14	2.50e-10	2.57e-07	1.02e-03	7.11e-02	9.28e-01	0.00e+00	0.00e+00	0.00e+00
 5.91241e+21	2.59e-30	1.78e-23	4.53e-18	8.55e-14	2.79e-10	2.78e-07	1.08e-03	7.28e-02	9.26e-01	0.00e+00	0.00e+00	0.00e+00
 5.99943e+21	3.35e-30	2.22e-23	5.48e-18	1.00e-13	3.16e-10	3.03e-07	1.14e-03	7.48e-02	9.24e-01	0.00e+00	0.00e+00	0.00e+00
 6.11256e+21	4.68e-30	2.96e-23	7.00e-18	1.23e-13	3.71e-10	3.40e-07	1.23e-03	7.75e-02	9.21e-01	0.00e+00	0.00e+00	0.00e+00
 6.22539e+21	6.54e-30	3.95e-23	8.95e-18	1.51e-13	4.35e-10	3.81e-07	1.32e-03	8.03e-02	9.18e-01	0.00e+00	0.00e+00	0.00e+00
 6.31157e+21	8.44e-30	4.93e-23	1.08e-17	1.76e-13	4.92e-10	4.16e-07	1.40e-03	8.25e-02	9.16e-01	0.00e+00	0.00e+00	0.00e+00
 6.39733e+21	1.08e-29	6.12e-23	1.30e-17	2.05e-13	5.55e-10	4.53e-07	1.48e-03	8.46e-02	9.14e-01	0.00e+00	0.00e+00	0.00e+00
 6.50883e+21	1.50e-29	8.10e-23	1.65e-17	2.51e-13	6.49e-10	5.07e-07	1.59e-03	8.76e-02	9.11e-01	0.00e+00	0.00e+00	0.00e+00
 6.62325e+21	2.10e-29	1.08e-22	2.11e-17	3.08e-13	7.63e-10	5.69e-07	1.71e-03	9.07e-02	9.08e-01	0.00e+00	0.00e+00	0.00e+00
 6.71581e+21	2.77e-29	1.37e-22	2.59e-17	3.65e-13	8.71e-10	6.25e-07	1.82e-03	9.33e-02	9.05e-01	0.00e+00	0.00e+00	0.00e+00
 6.81047e+21	3.61e-29	1.73e-22	3.15e-17	4.30e-13	9.91e-10	6.86e-07	1.93e-03	9.59e-02	9.02e-01	0.00e+00	0.00e+00	0.00e+00
 6.93351e+21	5.14e-29	2.35e-22	4.09e-17	5.34e-13	1.18e-09	7.75e-07	2.08e-03	9.95e-02	8.98e-01	0.00e+00	0.00e+00	0.00e+00
 7.05803e+21	7.34e-29	3.20e-22	5.32e-17	6.66e-13	1.40e-09	8.76e-07	2.25e-03	1.03e-01	8.94e-01	0.00e+00	0.00e+00	0.00e+00
 7.15570e+21	9.76e-29	4.09e-22	6.56e-17	7.94e-13	1.61e-09	9.67e-07	2.40e-03	1.06e-01	8.91e-01	0.00e+00	0.00e+00	0.00e+00
 7.25393e+21	1.28e-28	5.16e-22	7.99e-17	9.37e-13	1.83e-09	1.06e-06	2.55e-03	1.09e-01	8.88e-01	0.00e+00	0.00e+00	0.00e+00
 7.38163e+21	1.82e-28	7.00e-22	1.04e-16	1.17e-12	2.18e-09	1.20e-06	2.76e-03	1.13e-01	8.84e-01	0.00e+00	0.00e+00	0.00e+00
 7.51467e+21	2.62e-28	9.61e-22	1.36e-16	1.46e-12	2.60e-09	1.36e-06	2.99e-03	1.18e-01	8.79e-01	0.00e+00	0.00e+00	0.00e+00
 7.62013e+21	3.49e-28	1.23e-21	1.68e-16	1.75e-12	3.00e-09	1.51e-06	3.19e-03	1.21e-01	8.75e-01	0.00e+00	0.00e+00	0.00e+00
 7.70704e+21	4.40e-28	1.51e-21	2.00e-16	2.02e-12	3.36e-09	1.64e-06	3.36e-03	1.24e-01	8.72e-01	0.00e+00	0.00e+00	0.00e+00
 7.80437e+21	5.68e-28	1.88e-21	2.41e-16	2.37e-12	3.81e-09	1.79e-06	3.56e-03	1.28e-01	8.69e-01	0.00e+00	0.00e+00	0.00e+00
 7.93090e+21	7.87e-28	2.49e-21	3.08e-16	2.91e-12	4.48e-09	2.01e-06	3.83e-03	1.32e-01	8.64e-01	0.00e+00	0.00e+00	0.00e+00
 8.06247e+21	1.10e-27	3.33e-21	3.94e-16	3.59e-12	5.29e-09	2.27e-06	4.14e-03	1.37e-01	8.59e-01	0.00e+00	0.00e+00	0.00e+00
 8.17204e+21	1.45e-27	4.22e-21	4.83e-16	4.25e-12	6.06e-09	2.50e-06	4.40e-03	1.41e-01	8.55e-01	0.00e+00	0.00e+00	0.00e+00
 8.28593e+21	1.91e-27	5.36e-21	5.93e-16	5.06e-12	6.96e-09	2.76e-06	4.69e-03	1.45e-01	8.51e-01	0.00e+00	0.00e+00	0.00e+00
 8.43398e+21	2.71e-27	7.26e-21	7.70e-16	6.31e-12	8.30e-09	3.13e-06	5.08e-03	1.50e-01	8.45e-01	0.00e+00	0.00e+00	0.00e+00
 8.58487e+21	3.84e-27	9.84e-21	1.00e-15	7.87e-12	9.90e-09	3.55e-06	5.50e-03	1.56e-01	8.39e-01	0.00e+00	0.00e+00	0.00e+00
 8.70665e+21	5.06e-27	1.25e-20	1.23e-15	9.37e-12	1.14e-08	3.92e-06	5.86e-03	1.60e-01	8.34e-01	0.00e+00	0.00e+00	0.00e+00
 8.83216e+21	6.66e-27	1.59e-20	1.51e-15	1.11e-11	1.31e-08	4.33e-06	6.24e-03	1.65e-01	8.29e-01	0.00e+00	0.00e+00	0.00e+00
 8.99532e+21	9.43e-27	2.14e-20	1.95e-15	1.39e-11	1.56e-08	4.92e-06	6.77e-03	1.71e-01	8.23e-01	0.00e+00	0.00e+00	0.00e+00
 9.16405e+21	1.34e-26	2.91e-20	2.54e-15	1.74e-11	1.87e-08	5.60e-06	7.34e-03	1.77e-01	8.16e-01	0.00e+00	0.00e+00	0.00e+00
 9.30376e+21	1.78e-26	3.72e-20	3.14e-15	2.08e-11	2.16e-08	6.21e-06	7.84e-03	1.82e-01	8.10e-01	0.00e+00	0.00e+00	0.00e+00
 9.42721e+21	2.27e-26	4.61e-20	3.78e-15	2.43e-11	2.45e-08	6.80e-06	8.31e-03	1.87e-01	8.05e-01	0.00e+00	0.00e+00	0.00e+00
 9.56575e+21	2.95e-26	5.77e-20	4.59e-15	2.87e-11	2.80e-08	7.49e-06	8.83e-03	1.92e-01	7.99e-01	0.00e+00	0.00e+00	0.00e+00
 9.72096e+21	3.94e-26	7.43e-20	5.71e-15	3.46e-11	3.25e-08	8.34e-06	9.45e-03	1.98e-01	7.93e-01	0.00e+00	0.00e+00	0.00e+00
 9.86524e+21	5.12e-26	9.33e-20	6.96e-15	4.09e-11	3.72e-08	9.20e-06	1.00e-02	2.03e-01	7.87e-01	0.00e+00	0.00e+00	0.00e+00
 9.99873e+21	6.49e-26	1.15e-19	8.31e-15	4.76e-11	4.20e-08	1.01e-05	1.06e-02	2.08e-01	7.81e-01	0.00e+00	0.00e+00	0.00e+00
 1.01508e+22	8.44e-26	1.44e-19	1.01e-14	5.63e-11	4.81e-08	1.11e-05	1.13e-02	2.14e-01	7.75e-01	0.00e+00	0.00e+00	0.00e+00
 1.03219e+22	1.13e-25	1.85e-19	1.26e-14	6.78e-11	5.59e-08	1.24e-05	1.21e-02	2.20e-01	7.68e-01	0.00e+00	0.00e+00	0.00e+00
 1.04834e+22	1.47e-25	2.33e-19	1.54e-14	8.04e-11	6.42e-08	1.37e-05	1.29e-02	2.26e-01	7.61e-01	0.00e+00	0.00e+00	0.00e+00
 1.06354e+22	1.87e-25	2.88e-19	1.85e-14	9.40e-11	7.29e-08	1.50e-05	1.36e-02	2.31e-01	7.55e-01	0.00e+00	0.00e+00	0.00e+00
 1.08091e+22	2.45e-25	3.65e-19	2.26e-14	1.12e-10	8.39e-08	1.66e-05	1.45e-02	2.38e-01	7.48e-01	0.00e+00	0.00e+00	0.00e+00
 1.09906e+22	3.23e-25	4.64e-19	2.79e-14	1.34e-10	9.69e-08	1.84e-05	1.55e-02	2.44e-01	7.40e-01	0.00e+00	0.00e+00	0.00e+00
 1.11430e+22	4.05e-25	5.65e-19	3.31e-14	1.55e-10	1.09e-07	2.01e-05	1.64e-02	2.50e-01	7.34e-01	0.00e+00	0.00e+00	0.00e+00
 1.13018e+22	5.09e-25	6.89e-19	3.93e-14	1.79e-10	1.23e-07	2.19e-05	1.73e-02	2.55e-01	7.27e-01	0.00e+00	0.00e+00	0.00e+00
 1.15082e+22	6.79e-25	8.85e-19	4.89e-14	2.16e-10	1.43e-07	2.44e-05	1.85e-02	2.63e-01	7.19e-01	0.00e+00	0.00e+00	0.00e+00
 1.17187e+22	9.06e-25	1.14e-18	6.08e-14	2.60e-10	1.66e-07	2.72e-05	1.98e-02	2.70e-01	7.10e-01	0.00e+00	0.00e+00	0.00e+00
 1.18888e+22	1.14e-24	1.39e-18	7.24e-14	3.02e-10	1.88e-07	2.98e-05	2.09e-02	2.76e-01	7.03e-01	0.00e+00	0.00e+00	0.00e+00
 1.20641e+22	1.42e-24	1.69e-18	8.56e-14	3.48e-10	2.11e-07	3.24e-05	2.20e-02	2.82e-01	6.96e-01	0.00e+00	0.00e+00	0.00e+00
 1.22919e+22	1.90e-24	2.17e-18	1.06e-13	4.19e-10	2.45e-07	3.61e-05	2.36e-02	2.89e-01	6.87e-01	0.00e+00	0.00e+00	0.00e+00
 1.25297e+22	2.54e-24	2.80e-18	1.33e-13	5.06e-10	2.86e-07	4.04e-05	2.52e-02	2.97e-01	6.77e-01	0.00e+00	0.00e+00	0.00e+00
 1.27297e+22	3.23e-24	3.46e-18	1.59e-13	5.93e-10	3.25e-07	4.43e-05	2.67e-02	3.04e-01	6.69e-01	0.00e+00	0.00e+00	0.00e+00
 1.29391e+22	4.10e-24	4.26e-18	1.91e-13	6.91e-10	3.68e-07	4.85e-05	2.82e-02	3.11e-01	6.61e-01	0.00e+00	0.00e+00	0.00e+00
 1.32114e+22	5.56e-24	5.55e-18	2.41e-13	8.41e-10	4.31e-07	5.44e-05	3.03e-02	3.19e-01	6.50e-01	0.00e+00	0.00e+00	0.00e+00
 1.34772e+22	7.46e-24	7.17e-18	3.00e-13	1.02e-09	5.03e-07	6.09e-05	3.25e-02	3.28e-01	6.40e-01	0.00e+00	0.00e+00	0.00e+00
 1.36757e+22	9.22e-24	8.62e-18	3.53e-13	1.16e-09	5.62e-07	6.60e-05	3.41e-02	3.34e-01	6.32e-01	0.00e+00	0.00e+00	0.00e+00
 1.38750e+22	1.13e-23	1.03e-17	4.13e-13	1.33e-09	6.27e-07	7.14e-05	3.58e-02	3.40e-01	6.25e-01	0.00e+00	0.00e+00	0.00e+00
 1.41340e+22	1.46e-23	1.29e-17	5.00e-13	1.57e-09	7.15e-07	7.85e-05	3.79e-02	3.47e-01	6.15e-01	0.00e+00	0.00e+00	0.00e+00
 1.44187e+22	1.95e-23	1.66e-17	6.22e-13	1.89e-09	8.31e-07	8.76e-05	4.05e-02	3.55e-01	6.04e-01	0.00e+00	0.00e+00	0.00e+00
 1.46752e+22	2.50e-23	2.06e-17	7.50e-13	2.21e-09	9.45e-07	9.62e-05	4.28e-02	3.62e-01	5.95e-01	0.00e+00	0.00e+00	0.00e+00
 1.49473e+22	3.20e-23	2.56e-17	9.05e-13	2.59e-09	1.07e-06	1.06e-04	4.53e-02	3.70e-01	5.85e-01	0.00e+00	0.00e+00	0.00e+00
 1.53010e+22	4.42e-23	3.39e-17	1.16e-12	3.19e-09	1.27e-06	1.19e-04	4.87e-02	3.79e-01	5.72e-01	0.00e+00	0.00e+00	0.00e+00
 1.56626e+22	6.10e-23	4.48e-17	1.47e-12	3.92e-09	1.50e-06	1.34e-04	5.23e-02	3.88e-01	5.59e-01	0.00e+00	0.00e+00	0.00e+00
 1.59420e+22	7.76e-23	5.53e-17	1.77e-12	4.57e-09	1.70e-06	1.47e-04	5.52e-02	3.95e-01	5.50e-01	0.00e+00	0.00e+00	0.00e+00
 1.62124e+22	9.71e-23	6.73e-17	2.09e-12	5.28e-09	1.91e-06	1.60e-04	5.79e-02	4.01e-01	5.40e-01	0.00e+00	0.00e+00	0.00e+00
 1.65640e+22	1.29e-22	8.60e-17	2.58e-12	6.31e-09	2.20e-06	1.77e-04	6.16e-02	4.09e-01	5.29e-01	0.00e+00	0.00e+00	0.00e+00
 1.69390e+22	1.74e-22	1.12e-16	3.25e-12	7.66e-09	2.58e-06	1.98e-04	6.58e-02	4.18e-01	5.16e-01	0.00e+00	0.00e+00	0.00e+00
 1.72529e+22	2.22e-22	1.39e-16	3.91e-12	8.95e-09	2.92e-06	2.17e-04	6.94e-02	4.25e-01	5.06e-01	0.00e+00	0.00e+00	0.00e+00
 1.75270e+22	2.74e-22	1.66e-16	4.57e-12	1.02e-08	3.25e-06	2.34e-04	7.25e-02	4.30e-01	4.97e-01	0.00e+00	0.00e+00	0.00e+00
 1.78407e+22	3.45e-22	2.03e-16	5.44e-12	1.18e-08	3.65e-06	2.55e-04	7.62e-02	4.37e-01	4.87e-01	0.00e+00	0.00e+00	0.00e+00
 1.82484e+22	4.61e-22	2.61e-16	6.76e-12	1.42e-08	4.23e-06	2.83e-04	8.09e-02	4.44e-01	4.75e-01	0.00e+00	0.00e+00	0.00e+00
 1.86711e+22	6.24e-22	3.40e-16	8.49e-12	1.72e-08	4.94e-06	3.16e-04	8.63e-02	4.52e-01	4.61e-01	0.00e+00	0.00e+00	0.00e+00
 1.90176e+22	7.92e-22	4.19e-16	1.02e-11	2.00e-08	5.58e-06	3.45e-04	9.07e-02	4.58e-01	4.51e-01	0.00e+00	0.00e+00	0.00e+00
 1.93727e+22	1.00e-21	5.15e-16	1.21e-11	2.33e-08	6.29e-06	3.76e-04	9.52e-02	4.64e-01	4.40e-01	0.00e+00	0.00e+00	0.00e+00
 1.98342e+22	1.35e-21	6.67e-16	1.52e-11	2.81e-08	7.31e-06	4.18e-04	1.01e-01	4.71e-01	4.27e-01	0.00e+00	0.00e+00	0.00e+00
 2.03135e+22	1.84e-21	8.74e-16	1.92e-11	3.42e-08	8.57e-06	4.68e-04	1.08e-01	4.78e-01	4.14e-01	0.00e+00	0.00e+00	0.00e+00
 2.07081e+22	2.36e-21	1.08e-15	2.31e-11	4.00e-08	9.71e-06	5.11e-04	1.13e-01	4.84e-01	4.03e-01	0.00e+00	0.00e+00	0.00e+00
 2.11135e+22	3.01e-21	1.34e-15	2.77e-11	4.67e-08	1.10e-05	5.59e-04	1.19e-01	4.89e-01	3.92e-01	0.00e+00	0.00e+00	0.00e+00
 2.16406e+22	4.09e-21	1.75e-15	3.49e-11	5.67e-08	1.28e-05	6.24e-04	1.26e-01	4.95e-01	3.78e-01	0.00e+00	0.00e+00	0.00e+00
 2.21892e+22	5.62e-21	2.31e-15	4.44e-11	6.94e-08	1.51e-05	6.99e-04	1.35e-01	5.01e-01	3.64e-01	0.00e+00	0.00e+00	0.00e+00
 2.26130e+22	7.13e-21	2.84e-15	5.31e-11	8.08e-08	1.71e-05	7.62e-04	1.41e-01	5.05e-01	3.53e-01	0.00e+00	0.00e+00	0.00e+00
 2.29492e+22	8.59e-21	3.34e-15	6.11e-11	9.08e-08	1.87e-05	8.14e-04	1.46e-01	5.08e-01	3.45e-01	0.00e+00	0.00e+00	0.00e+00
 2.33240e+22	1.05e-20	3.97e-15	7.10e-11	1.03e-07	2.07e-05	8.75e-04	1.52e-01	5.11e-01	3.36e-01	0.00e+00	0.00e+00	0.00e+00
 2.38114e+22	1.35e-20	4.94e-15	8.57e-11	1.21e-07	2.36e-05	9.56e-04	1.59e-01	5.15e-01	3.25e-01	0.00e+00	0.00e+00	0.00e+00
 2.43395e+22	1.77e-20	6.27e-15	1.05e-10	1.44e-07	2.71e-05	1.06e-03	1.68e-01	5.18e-01	3.12e-01	0.00e+00	0.00e+00	0.00e+00
 2.48044e+22	2.23e-20	7.68e-15	1.26e-10	1.67e-07	3.06e-05	1.15e-03	1.76e-01	5.21e-01	3.02e-01	0.00e+00	0.00e+00	0.00e+00
 2.52926e+22	2.82e-20	9.41e-15	1.50e-10	1.94e-07	3.44e-05	1.25e-03	1.83e-01	5.23e-01	2.92e-01	0.00e+00	0.00e+00	0.00e+00
 2.59273e+22	3.79e-20	1.22e-14	1.88e-10	2.35e-07	4.02e-05	1.39e-03	1.94e-01	5.26e-01	2.79e-01	0.00e+00	0.00e+00	0.00e+00
 2.65662e+22	5.09e-20	1.58e-14	2.35e-10	2.84e-07	4.69e-05	1.55e-03	2.05e-01	5.28e-01	2.66e-01	0.00e+00	0.00e+00	0.00e+00
 2.70698e+22	6.37e-20	1.92e-14	2.79e-10	3.28e-07	5.27e-05	1.68e-03	2.14e-01	5.29e-01	2.56e-01	0.00e+00	0.00e+00	0.00e+00
 2.75837e+22	7.94e-20	2.32e-14	3.29e-10	3.79e-07	5.91e-05	1.83e-03	2.23e-01	5.29e-01	2.46e-01	0.00e+00	0.00e+00	0.00e+00
 2.82518e+22	1.04e-19	2.95e-14	4.06e-10	4.53e-07	6.83e-05	2.02e-03	2.34e-01	5.29e-01	2.34e-01	0.00e+00	0.00e+00	0.00e+00
 2.89603e+22	1.39e-19	3.80e-14	5.06e-10	5.47e-07	7.96e-05	2.25e-03	2.47e-01	5.29e-01	2.22e-01	0.00e+00	0.00e+00	0.00e+00
 2.95670e+22	1.77e-19	4.68e-14	6.09e-10	6.40e-07	9.05e-05	2.46e-03	2.58e-01	5.28e-01	2.12e-01	0.00e+00	0.00e+00	0.00e+00
 3.02011e+22	2.24e-19	5.75e-14	7.29e-10	7.47e-07	1.03e-04	2.68e-03	2.69e-01	5.26e-01	2.02e-01	0.00e+00	0.00e+00	0.00e+00
 3.10255e+22	3.00e-19	7.43e-14	9.15e-10	9.09e-07	1.20e-04	3.00e-03	2.83e-01	5.24e-01	1.90e-01	0.00e+00	0.00e+00	0.00e+00
 3.18642e+22	4.03e-19	9.63e-14	1.15e-09	1.11e-06	1.42e-04	3.36e-03	2.98e-01	5.20e-01	1.78e-01	0.00e+00	0.00e+00	0.00e+00
 3.24934e+22	4.98e-19	1.16e-13	1.36e-09	1.28e-06	1.60e-04	3.66e-03	3.10e-01	5.17e-01	1.69e-01	0.00e+00	0.00e+00	0.00e+00
 3.29990e+22	5.86e-19	1.34e-13	1.54e-09	1.43e-06	1.74e-04	3.89e-03	3.19e-01	5.14e-01	1.63e-01	0.00e+00	0.00e+00	0.00e+00
 3.35724e+22	6.99e-19	1.57e-13	1.78e-09	1.62e-06	1.93e-04	4.18e-03	3.29e-01	5.11e-01	1.56e-01	0.00e+00	0.00e+00	0.00e+00
 3.43178e+22	8.71e-19	1.90e-13	2.11e-09	1.88e-06	2.19e-04	4.56e-03	3.42e-01	5.06e-01	1.47e-01	0.00e+00	0.00e+00	0.00e+00
 3.51340e+22	1.10e-18	2.34e-13	2.55e-09	2.22e-06	2.51e-04	5.03e-03	3.57e-01	5.00e-01	1.38e-01	0.00e+00	0.00e+00	0.00e+00
 3.58559e+22	1.35e-18	2.80e-13	3.00e-09	2.56e-06	2.82e-04	5.46e-03	3.70e-01	4.95e-01	1.30e-01	0.00e+00	0.00e+00	0.00e+00
 3.65017e+22	1.59e-18	3.26e-13	3.44e-09	2.89e-06	3.12e-04	5.87e-03	3.81e-01	4.89e-01	1.24e-01	0.00e+00	0.00e+00	0.00e+00
 3.72351e+22	1.92e-18	3.84e-13	3.99e-09	3.30e-06	3.48e-04	6.33e-03	3.93e-01	4.83e-01	1.17e-01	0.00e+00	0.00e+00	0.00e+00
 3.81885e+22	2.40e-18	4.69e-13	4.80e-09	3.88e-06	3.98e-04	6.97e-03	4.09e-01	4.75e-01	1.09e-01	0.00e+00	0.00e+00	0.00e+00
 3.91703e+22	3.02e-18	5.76e-13	5.79e-09	4.60e-06	4.58e-04	7.70e-03	4.25e-01	4.66e-01	1.01e-01	0.00e+00	0.00e+00	0.00e+00
 3.99643e+22	3.60e-18	6.74e-13	6.70e-09	5.24e-06	5.11e-04	8.32e-03	4.38e-01	4.59e-01	9.46e-02	0.00e+00	0.00e+00	0.00e+00
 4.07715e+22	4.24e-18	7.82e-13	7.69e-09	5.93e-06	5.66e-04	8.95e-03	4.50e-01	4.51e-01	8.90e-02	0.00e+00	0.00e+00	0.00e+00
 4.18208e+22	5.20e-18	9.40e-13	9.13e-09	6.92e-06	6.44e-04	9.80e-03	4.66e-01	4.41e-01	8.24e-02	0.00e+00	0.00e+00	0.00e+00
 4.29272e+22	6.41e-18	1.14e-12	1.09e-08	8.14e-06	7.36e-04	1.08e-02	4.82e-01	4.30e-01	7.58e-02	0.00e+00	0.00e+00	0.00e+00
 4.38620e+22	7.58e-18	1.33e-12	1.26e-08	9.28e-06	8.20e-04	1.17e-02	4.96e-01	4.21e-01	7.06e-02	0.00e+00	0.00e+00	0.00e+00
 4.48316e+22	8.91e-18	1.54e-12	1.45e-08	1.05e-05	9.10e-04	1.25e-02	5.08e-01	4.12e-01	6.59e-02	0.00e+00	0.00e+00	0.00e+00
 4.60922e+22	1.09e-17	1.84e-12	1.72e-08	1.23e-05	1.03e-03	1.38e-02	5.24e-01	4.00e-01	6.04e-02	0.00e+00	0.00e+00	0.00e+00
 4.74140e+22	1.33e-17	2.22e-12	2.05e-08	1.45e-05	1.18e-03	1.51e-02	5.41e-01	3.88e-01	5.49e-02	0.00e+00	0.00e+00	0.00e+00
 4.84902e+22	1.56e-17	2.57e-12	2.36e-08	1.65e-05	1.31e-03	1.63e-02	5.54e-01	3.78e-01	5.09e-02	0.00e+00	0.00e+00	0.00e+00
 4.93498e+22	1.76e-17	2.87e-12	2.63e-08	1.82e-05	1.42e-03	1.73e-02	5.64e-01	3.70e-01	4.79e-02	0.00e+00	0.00e+00	0.00e+00
 5.02532e+22	1.98e-17	3.21e-12	2.92e-08	2.00e-05	1.54e-03	1.83e-02	5.73e-01	3.62e-01	4.52e-02	0.00e+00	0.00e+00	0.00e+00
 5.14277e+22	2.30e-17	3.68e-12	3.33e-08	2.26e-05	1.69e-03	1.96e-02	5.85e-01	3.52e-01	4.19e-02	2.30e-17	5.28e-24	5.46e-24
 5.26993e+22	2.69e-17	4.27e-12	3.84e-08	2.57e-05	1.88e-03	2.11e-02	5.97e-01	3.41e-01	3.85e-02	2.69e-17	6.13e-24	6.33e-24
 5.38198e+22	3.06e-17	4.82e-12	4.33e-08	2.88e-05	2.06e-03	2.25e-02	6.08e-01	3.32e-01	3.58e-02	3.06e-17	6.91e-24	7.14e-24
 5.48361e+22	3.46e-17	5.40e-12	4.82e-08	3.17e-05	2.22e-03	2.37e-02	6.17e-01	3.24e-01	3.36e-02	3.46e-17	7.75e-24	8.00e-24
 5.59947e+22	3.91e-17	6.07e-12	5.39e-08	3.52e-05	2.41e-03	2.51e-02	6.26e-01	3.15e-01	3.14e-02	3.91e-17	8.69e-24	8.97e-24
 5.75009e+22	4.57e-17	7.03e-12	6.21e-08	4.00e-05	2.66e-03	2.70e-02	6.37e-01	3.04e-01	2.87e-02	4.57e-17	1.00e-23	1.03e-23
 5.90678e+22	5.37e-17	8.19e-12	7.20e-08	4.58e-05	2.96e-03	2.91e-02	6.49e-01	2.93e-01	2.62e-02	5.37e-17	1.16e-23	1.20e-23
 6.03549e+22	6.07e-17	9.22e-12	8.09e-08	5.11e-05	3.22e-03	3.09e-02	6.58e-01	2.84e-01	2.42e-02	6.07e-17	1.31e-23	1.35e-23
 6.16696e+22	6.88e-17	1.04e-11	9.05e-08	5.65e-05	3.47e-03	3.26e-02	6.66e-01	2.75e-01	2.26e-02	6.88e-17	1.46e-23	1.51e-23
 6.33785e+22	7.99e-17	1.20e-11	1.04e-07	6.41e-05	3.82e-03	3.49e-02	6.75e-01	2.65e-01	2.06e-02	7.99e-17	1.68e-23	1.73e-23
 6.51935e+22	9.38e-17	1.39e-11	1.21e-07	7.34e-05	4.23e-03	3.75e-02	6.85e-01	2.54e-01	1.87e-02	9.38e-17	1.94e-23	2.00e-23
 6.67395e+22	1.06e-16	1.58e-11	1.36e-07	8.21e-05	4.60e-03	3.99e-02	6.93e-01	2.45e-01	1.72e-02	1.06e-16	2.18e-23	2.25e-23
 6.83428e+22	1.21e-16	1.79e-11	1.53e-07	9.11e-05	4.97e-03	4.21e-02	7.00e-01	2.37e-01	1.59e-02	1.21e-16	2.44e-23	2.53e-23
 7.04270e+22	1.42e-16	2.08e-11	1.77e-07	1.04e-04	5.48e-03	4.50e-02	7.08e-01	2.27e-01	1.44e-02	1.42e-16	2.80e-23	2.91e-23
 7.26389e+22	1.67e-16	2.44e-11	2.07e-07	1.20e-04	6.07e-03	4.84e-02	7.16e-01	2.16e-01	1.29e-02	1.67e-16	3.25e-23	3.38e-23
 7.45185e+22	1.91e-16	2.78e-11	2.35e-07	1.34e-04	6.61e-03	5.14e-02	7.23e-01	2.07e-01	1.18e-02	1.91e-16	3.66e-23	3.81e-23
 7.64639e+22	2.18e-16	3.16e-11	2.66e-07	1.50e-04	7.14e-03	5.42e-02	7.28e-01	2.00e-01	1.09e-02	2.18e-16	4.11e-23	4.29e-23
 7.89930e+22	2.57e-16	3.70e-11	3.09e-07	1.71e-04	7.85e-03	5.79e-02	7.34e-01	1.90e-01	9.77e-03	2.57e-16	4.73e-23	4.94e-23
 8.17426e+22	3.06e-16	4.39e-11	3.65e-07	1.98e-04	8.71e-03	6.22e-02	7.40e-01	1.80e-01	8.69e-03	3.06e-16	5.52e-23	5.77e-23
 8.39183e+22	3.52e-16	5.05e-11	4.16e-07	2.22e-04	9.45e-03	6.58e-02	7.44e-01	1.72e-01	7.91e-03	3.52e-16	6.27e-23	6.57e-23
 8.55138e+22	3.87e-16	5.54e-11	4.55e-07	2.40e-04	9.98e-03	6.83e-02	7.47e-01	1.67e-01	7.41e-03	3.87e-16	6.80e-23	7.14e-23
 8.72162e+22	4.23e-16	6.06e-11	4.97e-07	2.60e-04	1.05e-02	7.10e-02	7.49e-01	1.62e-01	6.95e-03	4.23e-16	7.34e-23	7.71e-23
 8.94292e+22	4.82e-16	6.86e-11	5.57e-07	2.86e-04	1.13e-02	7.42e-02	7.52e-01	1.56e-01	6.43e-03	4.82e-16	8.22e-23	8.64e-23
 9.23062e+22	5.53e-16	7.89e-11	6.38e-07	3.22e-04	1.22e-02	7.85e-02	7.55e-01	1.49e-01	5.81e-03	5.53e-16	9.21e-23	9.69e-23
 9.53235e+22	6.49e-16	9.24e-11	7.41e-07	3.66e-04	1.33e-02	8.33e-02	7.57e-01	1.41e-01	5.20e-03	6.49e-16	1.06e-22	1.11e-22
 9.78116e+22	7.38e-16	1.05e-10	8.36e-07	4.06e-04	1.43e-02	8.74e-02	7.58e-01	1.35e-01	4.77e-03	7.38e-16	1.18e-22	1.25e-22
 1.00335e+23	8.26e-16	1.18e-10	9.30e-07	4.45e-04	1.52e-02	9.11e-02	7.59e-01	1.30e-01	4.41e-03	8.26e-16	1.30e-22	1.37e-22
 1.03615e+23	9.52e-16	1.35e-10	1.06e-06	4.97e-04	1.64e-02	9.58e-02	7.60e-01	1.24e-01	4.00e-03	9.52e-16	1.46e-22	1.54e-22
 1.07234e+23	1.12e-15	1.59e-10	1.24e-06	5.64e-04	1.78e-02	1.01e-01	7.60e-01	1.17e-01	3.57e-03	1.12e-15	1.67e-22	1.77e-22
 1.10476e+23	1.29e-15	1.84e-10	1.41e-06	6.30e-04	1.92e-02	1.06e-01	7.59e-01	1.11e-01	3.24e-03	1.29e-15	1.88e-22	2.00e-22
 1.13422e+23	1.45e-15	2.07e-10	1.58e-06	6.90e-04	2.03e-02	1.11e-01	7.58e-01	1.07e-01	2.99e-03	1.45e-15	2.08e-22	2.21e-22
 1.16799e+23	1.65e-15	2.35e-10	1.77e-06	7.59e-04	2.16e-02	1.15e-01	7.57e-01	1.02e-01	2.75e-03	1.65e-15	2.31e-22	2.45e-22
 1.21144e+23	1.91e-15	2.72e-10	2.03e-06	8.49e-04	2.33e-02	1.21e-01	7.55e-01	9.70e-02	2.47e-03	1.91e-15	2.57e-22	2.74e-22
 1.25986e+23	2.28e-15	3.25e-10	2.38e-06	9.65e-04	2.53e-02	1.27e-01	7.53e-01	9.14e-02	2.20e-03	2.28e-15	2.97e-22	3.17e-22
 1.30544e+23	2.66e-15	3.80e-10	2.74e-06	1.08e-03	2.72e-02	1.34e-01	7.49e-01	8.63e-02	1.97e-03	2.66e-15	3.36e-22	3.59e-22
 1.34833e+23	3.05e-15	4.36e-10	3.11e-06	1.20e-03	2.90e-02	1.39e-01	7.46e-01	8.22e-02	1.80e-03	3.05e-15	3.74e-22	4.01e-22
 1.39748e+23	3.52e-15	5.02e-10	3.51e-06	1.32e-03	3.09e-02	1.45e-01	7.43e-01	7.84e-02	1.64e-03	3.52e-15	4.16e-22	4.45e-22
 1.45438e+23	4.13e-15	5.89e-10	4.05e-06	1.48e-03	3.31e-02	1.51e-01	7.38e-01	7.41e-02	1.48e-03	4.13e-15	4.69e-22	5.03e-22
 1.51379e+23	4.79e-15	6.87e-10	4.66e-06	1.65e-03	3.54e-02	1.58e-01	7.33e-01	7.00e-02	1.33e-03	4.79e-15	5.23e-22	5.61e-22
 1.57558e+23	5.58e-15	8.00e-10	5.33e-06	1.83e-03	3.78e-02	1.65e-01	7.28e-01	6.63e-02	1.20e-03	5.58e-15	5.84e-22	6.27e-22
 1.63984e+23	6.47e-15	9.27e-10	6.06e-06	2.02e-03	4.02e-02	1.71e-01	7.23e-01	6.29e-02	1.09e-03	6.47e-15	6.48e-22	6.97e-22
 1.70666e+23	7.46e-15	1.07e-09	6.86e-06	2.22e-03	4.26e-02	1.77e-01	7.17e-01	5.98e-02	9.89e-04	7.46e-15	7.13e-22	7.68e-22
 1.77616e+23	8.55e-15	1.22e-09	7.70e-06	2.42e-03	4.50e-02	1.83e-01	7.11e-01	5.69e-02	9.05e-04	8.55e-15	7.79e-22	8.40e-22
 1.84845e+23	9.71e-15	1.39e-09	8.60e-06	2.63e-03	4.74e-02	1.89e-01	7.06e-01	5.44e-02	8.32e-04	9.71e-15	8.43e-22	9.10e-22
 1.92362e+23	1.10e-14	1.57e-09	9.54e-06	2.85e-03	4.97e-02	1.94e-01	7.00e-01	5.21e-02	7.69e-04	1.10e-14	9.07e-22	9.79e-22
 2.00180e+23	1.23e-14	1.76e-09	1.05e-05	3.06e-03	5.20e-02	1.99e-01	6.95e-01	4.99e-02	7.12e-04	1.23e-14	9.66e-22	1.04e-21
 2.08310e+23	1.38e-14	1.96e-09	1.15e-05	3.28e-03	5.42e-02	2.04e-01	6.90e-01	4.80e-02	6.63e-04	1.38e-14	1.02e-21	1.10e-21
 2.16766e+23	1.52e-14	2.17e-09	1.26e-05	3.50e-03	5.63e-02	2.09e-01	6.85e-01	4.63e-02	6.21e-04	1.52e-14	1.07e-21	1.16e-21
 2.25297e+23	1.67e-14	2.37e-09	1.35e-05	3.70e-03	5.82e-02	2.13e-01	6.80e-01	4.48e-02	5.85e-04	1.67e-14	1.10e-21	1.20e-21
 2.33316e+23	1.81e-14	2.57e-09	1.45e-05	3.89e-03	6.00e-02	2.17e-01	6.75e-01	4.34e-02	5.54e-04	1.81e-14	1.14e-21	1.23e-21
 2.40532e+23	1.95e-14	2.75e-09	1.54e-05	4.06e-03	6.16e-02	2.20e-01	6.72e-01	4.23e-02	5.30e-04	1.95e-14	1.17e-21	1.27e-21
 2.47027e+23	2.05e-14	2.90e-09	1.61e-05	4.20e-03	6.28e-02	2.22e-01	6.69e-01	4.15e-02	5.11e-04	2.05e-14	1.19e-21	1.29e-21
 2.52873e+23	2.14e-14	3.04e-09	1.67e-05	4.31e-03	6.39e-02	2.24e-01	6.66e-01	4.08e-02	4.95e-04	2.14e-14	1.20e-21	1.30e-21
 2.58134e+23	2.24e-14	3.15e-09	1.72e-05	4.41e-03	6.48e-02	2.26e-01	6.64e-01	4.02e-02	4.85e-04	2.24e-14	1.21e-21	1.31e-21
 2.62868e+23	2.31e-14	3.25e-09	1.77e-05	4.49e-03	6.54e-02	2.27e-01	6.63e-01	3.98e-02	4.75e-04	2.31e-14	1.21e-21	1.31e-21
 2.67130e+23	2.36e-14	3.32e-09	1.80e-05	4.55e-03	6.60e-02	2.28e-01	6.61e-01	3.95e-02	4.69e-04	2.36e-14	1.21e-21	1.31e-21
 2.70965e+23	2.40e-14	3.37e-09	1.82e-05	4.59e-03	6.63e-02	2.29e-01	6.61e-01	3.93e-02	4.64e-04	2.40e-14	1.20e-21	1.30e-21
 2.74417e+23	2.44e-14	3.43e-09	1.85e-05	4.64e-03	6.67e-02	2.30e-01	6.60e-01	3.90e-02	4.59e-04	2.44e-14	1.19e-21	1.29e-21
 2.77579e+23	2.48e-14	3.48e-09	1.87e-05	4.68e-03	6.71e-02	2.30e-01	6.59e-01	3.88e-02	4.55e-04	2.48e-14	1.18e-21	1.29e-21
 2.80634e+23	2.50e-14	3.51e-09	1.89e-05	4.71e-03	6.74e-02	2.31e-01	6.58e-01	3.86e-02	4.51e-04	2.50e-14	1.17e-21	1.27e-21
 2.83689e+23	2.53e-14	3.55e-09	1.91e-05	4.75e-03	6.76e-02	2.31e-01	6.57e-01	3.85e-02	4.47e-04	2.53e-14	1.16e-21	1.26e-21
 2.86743e+23	2.55e-14	3.58e-09	1.92e-05	4.76e-03	6.78e-02	2.32e-01	6.57e-01	3.84e-02	4.45e-04	2.55e-14	1.15e-21	1.25e-21
 2.89798e+23	2.56e-14	3.60e-09	1.93e-05	4.78e-03	6.80e-02	2.32e-01	6.57e-01	3.83e-02	4.43e-04	2.56e-14	1.13e-21	1.23e-21
 2.92853e+23	2.57e-14	3.61e-09	1.93e-05	4.79e-03	6.80e-02	2.32e-01	6.56e-01	3.82e-02	4.42e-04	2.57e-14	1.11e-21	1.21e-21
 2.95908e+23	2.57e-14	3.62e-09	1.94e-05	4.80e-03	6.81e-02	2.32e-01	6.56e-01	3.82e-02	4.41e-04	2.57e-14	1.09e-21	1.19e-21
 2.98963e+23	2.58e-14	3.63e-09	1.94e-05	4.80e-03	6.81e-02	2.32e-01	6.56e-01	3.81e-02	4.41e-04	2.58e-14	1.07e-21	1.17e-21
 3.02018e+23	2.58e-14	3.63e-09	1.94e-05	4.81e-03	6.82e-02	2.33e-01	6.56e-01	3.81e-02	4.40e-04	2.58e-14	1.05e-21	1.15e-21
 3.04513e+23	2.63e-14	3.70e-09	1.97e-05	4.87e-03	6.87e-02	2.33e-01	6.55e-01	3.78e-02	4.34e-04	2.63e-14	1.06e-21	1.15e-21
