#depth	Ne	Ne+	Ne+2	Ne+3	Ne+4	Ne+5	Ne+6	Ne+7	Ne+8	Ne+9	Ne+10
 6.17135e+19	0.00e+00	0.00e+00	6.61e-31	4.26e-25	4.31e-20	8.61e-16	5.74e-12	1.79e-08	1.38e-04	2.47e-02	9.75e-01
 1.87609e+20	0.00e+00	0.00e+00	1.77e-30	9.99e-25	8.87e-20	1.56e-15	9.07e-12	2.49e-08	1.72e-04	2.76e-02	9.72e-01
 2.90012e+20	0.00e+00	0.00e+00	3.82e-30	1.94e-24	1.56e-19	2.48e-15	1.30e-11	3.22e-08	2.05e-04	3.00e-02	9.70e-01
 3.58256e+20	0.00e+00	0.00e+00	6.27e-30	2.98e-24	2.24e-19	3.34e-15	1.64e-11	3.81e-08	2.29e-04	3.17e-02	9.68e-01
 4.06367e+20	0.00e+00	0.00e+00	8.93e-30	4.05e-24	2.91e-19	4.14e-15	1.93e-11	4.30e-08	2.48e-04	3.30e-02	9.67e-01
 4.40227e+20	0.00e+00	0.00e+00	1.12e-29	4.92e-24	3.44e-19	4.75e-15	2.15e-11	4.64e-08	2.61e-04	3.39e-02	9.66e-01
 4.76499e+20	0.00e+00	0.00e+00	1.44e-29	6.12e-24	4.13e-19	5.54e-15	2.42e-11	5.06e-08	2.77e-04	3.48e-02	9.65e-01
 5.23653e+20	0.00e+00	0.00e+00	1.99e-29	8.09e-24	5.24e-19	6.73e-15	2.82e-11	5.65e-08	2.98e-04	3.61e-02	9.64e-01
 5.75611e+20	0.00e+00	0.00e+00	2.81e-29	1.09e-23	6.77e-19	8.32e-15	3.33e-11	6.36e-08	3.22e-04	3.75e-02	9.62e-01
 6.23207e+20	0.00e+00	0.00e+00	3.85e-29	1.43e-23	8.53e-19	1.01e-14	3.86e-11	7.08e-08	3.46e-04	3.88e-02	9.61e-01
 6.74475e+20	0.00e+00	0.00e+00	5.35e-29	1.91e-23	1.09e-18	1.23e-14	4.52e-11	7.94e-08	3.73e-04	4.03e-02	9.59e-01
 7.31257e+20	0.00e+00	0.00e+00	7.67e-29	2.61e-23	1.42e-18	1.53e-14	5.36e-11	8.98e-08	4.05e-04	4.19e-02	9.58e-01
 7.83791e+20	0.00e+00	0.00e+00	1.06e-28	3.46e-23	1.80e-18	1.87e-14	6.26e-11	1.01e-07	4.36e-04	4.35e-02	9.56e-01
 8.40667e+20	0.00e+00	0.00e+00	1.50e-28	4.66e-23	2.33e-18	2.31e-14	7.37e-11	1.13e-07	4.71e-04	4.52e-02	9.54e-01
 9.00357e+20	0.00e+00	0.00e+00	2.13e-28	6.34e-23	3.02e-18	2.87e-14	8.74e-11	1.28e-07	5.11e-04	4.70e-02	9.52e-01
 9.51029e+20	0.00e+00	0.00e+00	2.87e-28	8.18e-23	3.76e-18	3.43e-14	1.01e-10	1.42e-07	5.47e-04	4.86e-02	9.51e-01
 1.00423e+21	0.00e+00	0.00e+00	3.88e-28	1.06e-22	4.71e-18	4.14e-14	1.16e-10	1.58e-07	5.86e-04	5.02e-02	9.49e-01
 1.07338e+21	0.00e+00	0.00e+00	5.71e-28	1.49e-22	6.26e-18	5.24e-14	1.40e-10	1.80e-07	6.40e-04	5.24e-02	9.47e-01
 1.14356e+21	0.00e+00	0.00e+00	8.37e-28	2.07e-22	8.31e-18	6.63e-14	1.68e-10	2.06e-07	6.99e-04	5.47e-02	9.45e-01
 1.20003e+21	0.00e+00	0.00e+00	1.13e-27	2.69e-22	1.04e-17	7.97e-14	1.94e-10	2.29e-07	7.49e-04	5.65e-02	9.43e-01
 1.25838e+21	0.00e+00	0.00e+00	1.53e-27	3.51e-22	1.30e-17	9.62e-14	2.25e-10	2.55e-07	8.03e-04	5.85e-02	9.41e-01
 1.33424e+21	0.00e+00	0.00e+00	2.26e-27	4.91e-22	1.74e-17	1.22e-13	2.71e-10	2.92e-07	8.78e-04	6.10e-02	9.38e-01
 1.40870e+21	0.00e+00	0.00e+00	3.28e-27	6.79e-22	2.29e-17	1.54e-13	3.25e-10	3.33e-07	9.56e-04	6.36e-02	9.35e-01
 1.46493e+21	0.00e+00	0.00e+00	4.32e-27	8.62e-22	2.81e-17	1.82e-13	3.71e-10	3.67e-07	1.02e-03	6.56e-02	9.33e-01
 1.52166e+21	0.00e+00	0.00e+00	5.69e-27	1.10e-21	3.44e-17	2.16e-13	4.24e-10	4.05e-07	1.09e-03	6.76e-02	9.31e-01
 1.59540e+21	0.00e+00	0.00e+00	8.03e-27	1.48e-21	4.45e-17	2.67e-13	5.01e-10	4.57e-07	1.18e-03	7.02e-02	9.29e-01
 1.67399e+21	0.00e+00	0.00e+00	1.15e-26	2.03e-21	5.82e-17	3.33e-13	5.97e-10	5.20e-07	1.28e-03	7.31e-02	9.26e-01
 1.74223e+21	0.00e+00	0.00e+00	1.57e-26	2.65e-21	7.33e-17	4.04e-13	6.93e-10	5.80e-07	1.37e-03	7.56e-02	9.23e-01
 1.81432e+21	0.00e+00	0.00e+00	2.17e-26	3.50e-21	9.29e-17	4.92e-13	8.09e-10	6.49e-07	1.48e-03	7.83e-02	9.20e-01
 1.89509e+21	0.00e+00	0.00e+00	3.08e-26	4.75e-21	1.21e-16	6.11e-13	9.60e-10	7.35e-07	1.60e-03	8.14e-02	9.17e-01
 1.97128e+21	0.00e+00	0.00e+00	4.27e-26	6.31e-21	1.54e-16	7.47e-13	1.12e-09	8.25e-07	1.73e-03	8.43e-02	9.14e-01
 2.05444e+21	0.00e+00	4.61e-32	6.04e-26	8.54e-21	1.99e-16	9.26e-13	1.33e-09	9.33e-07	1.87e-03	8.76e-02	9.11e-01
 2.14119e+21	0.00e+00	6.91e-32	8.63e-26	1.16e-20	2.60e-16	1.15e-12	1.58e-09	1.06e-06	2.03e-03	9.11e-02	9.07e-01
 2.21410e+21	0.00e+00	9.65e-32	1.16e-25	1.50e-20	3.23e-16	1.39e-12	1.83e-09	1.18e-06	2.17e-03	9.40e-02	9.04e-01
 2.29036e+21	0.00e+00	1.36e-31	1.57e-25	1.96e-20	4.05e-16	1.67e-12	2.11e-09	1.31e-06	2.33e-03	9.71e-02	9.01e-01
 2.38949e+21	0.00e+00	2.10e-31	2.30e-25	2.73e-20	5.39e-16	2.12e-12	2.55e-09	1.50e-06	2.54e-03	1.01e-01	8.96e-01
 2.49045e+21	0.00e+00	3.26e-31	3.39e-25	3.83e-20	7.19e-16	2.69e-12	3.07e-09	1.72e-06	2.78e-03	1.06e-01	8.92e-01
 2.57104e+21	0.00e+00	4.59e-31	4.59e-25	4.98e-20	9.00e-16	3.25e-12	3.56e-09	1.91e-06	2.98e-03	1.09e-01	8.88e-01
 2.65306e+21	0.00e+00	6.47e-31	6.21e-25	6.47e-20	1.13e-15	3.91e-12	4.12e-09	2.13e-06	3.19e-03	1.13e-01	8.84e-01
 2.75969e+21	0.00e+00	1.00e-30	9.13e-25	9.06e-20	1.50e-15	4.97e-12	4.98e-09	2.44e-06	3.49e-03	1.17e-01	8.79e-01
 2.86977e+21	0.00e+00	1.56e-30	1.35e-24	1.27e-19	2.01e-15	6.34e-12	6.02e-09	2.80e-06	3.81e-03	1.22e-01	8.74e-01
 2.96048e+21	0.00e+00	2.24e-30	1.86e-24	1.68e-19	2.55e-15	7.72e-12	7.03e-09	3.14e-06	4.10e-03	1.26e-01	8.69e-01
 3.03692e+21	0.00e+00	3.03e-30	2.42e-24	2.12e-19	3.11e-15	9.10e-12	8.00e-09	3.45e-06	4.36e-03	1.30e-01	8.66e-01
 3.11868e+21	0.00e+00	4.17e-30	3.21e-24	2.70e-19	3.83e-15	1.08e-11	9.16e-09	3.81e-06	4.64e-03	1.34e-01	8.61e-01
 3.22498e+21	0.00e+00	6.22e-30	4.57e-24	3.67e-19	4.98e-15	1.35e-11	1.09e-08	4.31e-06	5.03e-03	1.39e-01	8.56e-01
 3.33300e+21	0.00e+00	9.34e-30	6.54e-24	5.02e-19	6.51e-15	1.68e-11	1.30e-08	4.90e-06	5.46e-03	1.44e-01	8.50e-01
 3.41922e+21	0.00e+00	1.29e-29	8.67e-24	6.41e-19	8.03e-15	2.00e-11	1.49e-08	5.41e-06	5.82e-03	1.48e-01	8.46e-01
 3.50725e+21	0.00e+00	1.77e-29	1.15e-23	8.20e-19	9.91e-15	2.39e-11	1.71e-08	5.97e-06	6.20e-03	1.53e-01	8.41e-01
 3.60040e+21	0.00e+00	2.48e-29	1.55e-23	1.06e-18	1.24e-14	2.87e-11	1.97e-08	6.64e-06	6.63e-03	1.57e-01	8.36e-01
 3.68004e+21	0.00e+00	3.31e-29	2.00e-23	1.32e-18	1.49e-14	3.36e-11	2.23e-08	7.25e-06	7.02e-03	1.62e-01	8.31e-01
 3.76342e+21	0.00e+00	4.45e-29	2.59e-23	1.66e-18	1.81e-14	3.95e-11	2.53e-08	7.95e-06	7.44e-03	1.66e-01	8.27e-01
 3.85704e+21	0.00e+00	6.16e-29	3.45e-23	2.13e-18	2.25e-14	4.72e-11	2.91e-08	8.79e-06	7.94e-03	1.71e-01	8.21e-01
 3.94521e+21	0.00e+00	8.37e-29	4.52e-23	2.69e-18	2.75e-14	5.58e-11	3.32e-08	9.67e-06	8.43e-03	1.75e-01	8.16e-01
 4.02729e+21	0.00e+00	1.11e-28	5.79e-23	3.34e-18	3.31e-14	6.51e-11	3.74e-08	1.06e-05	8.91e-03	1.80e-01	8.11e-01
 4.10400e+21	0.00e+00	1.44e-28	7.30e-23	4.09e-18	3.93e-14	7.52e-11	4.19e-08	1.14e-05	9.38e-03	1.84e-01	8.07e-01
 4.17592e+21	0.00e+00	1.84e-28	9.03e-23	4.92e-18	4.60e-14	8.58e-11	4.64e-08	1.23e-05	9.84e-03	1.88e-01	8.02e-01
 4.25779e+21	0.00e+00	2.42e-28	1.15e-22	6.07e-18	5.51e-14	9.97e-11	5.23e-08	1.34e-05	1.04e-02	1.92e-01	7.97e-01
 4.34793e+21	0.00e+00	3.26e-28	1.50e-22	7.64e-18	6.72e-14	1.18e-10	5.94e-08	1.47e-05	1.10e-02	1.97e-01	7.92e-01
 4.43002e+21	0.00e+00	4.28e-28	1.90e-22	9.41e-18	8.03e-14	1.36e-10	6.68e-08	1.60e-05	1.16e-02	2.02e-01	7.87e-01
 4.50582e+21	0.00e+00	5.50e-28	2.37e-22	1.14e-17	9.46e-14	1.56e-10	7.43e-08	1.73e-05	1.22e-02	2.06e-01	7.82e-01
 4.59226e+21	0.00e+00	7.26e-28	3.04e-22	1.41e-17	1.14e-13	1.82e-10	8.38e-08	1.89e-05	1.29e-02	2.11e-01	7.76e-01
 4.68871e+21	0.00e+00	9.92e-28	4.00e-22	1.79e-17	1.40e-13	2.16e-10	9.57e-08	2.08e-05	1.37e-02	2.16e-01	7.70e-01
 4.77784e+21	0.00e+00	1.32e-27	5.14e-22	2.23e-17	1.68e-13	2.53e-10	1.08e-07	2.27e-05	1.44e-02	2.22e-01	7.64e-01
 4.85504e+21	0.00e+00	1.69e-27	6.39e-22	2.70e-17	1.98e-13	2.90e-10	1.20e-07	2.44e-05	1.51e-02	2.26e-01	7.59e-01
 4.93705e+21	0.00e+00	2.19e-27	8.03e-22	3.29e-17	2.35e-13	3.34e-10	1.35e-07	2.65e-05	1.59e-02	2.31e-01	7.53e-01
 5.02880e+21	0.00e+00	2.92e-27	1.04e-21	4.10e-17	2.84e-13	3.91e-10	1.52e-07	2.89e-05	1.68e-02	2.36e-01	7.47e-01
 5.11421e+21	0.00e+00	3.82e-27	1.31e-21	5.04e-17	3.39e-13	4.53e-10	1.71e-07	3.14e-05	1.77e-02	2.41e-01	7.41e-01
 5.19311e+21	0.00e+00	4.89e-27	1.63e-21	6.08e-17	3.99e-13	5.19e-10	1.90e-07	3.39e-05	1.86e-02	2.46e-01	7.35e-01
 5.28257e+21	0.00e+00	6.44e-27	2.08e-21	7.52e-17	4.78e-13	6.04e-10	2.14e-07	3.69e-05	1.96e-02	2.52e-01	7.29e-01
 5.38147e+21	0.00e+00	8.73e-27	2.72e-21	9.48e-17	5.84e-13	7.14e-10	2.44e-07	4.05e-05	2.07e-02	2.58e-01	7.22e-01
 5.47190e+21	0.00e+00	1.16e-26	3.49e-21	1.18e-16	7.05e-13	8.36e-10	2.76e-07	4.42e-05	2.19e-02	2.63e-01	7.15e-01
 5.55383e+21	0.00e+00	1.48e-26	4.32e-21	1.42e-16	8.28e-13	9.56e-10	3.06e-07	4.76e-05	2.29e-02	2.68e-01	7.09e-01
 5.64549e+21	0.00e+00	1.95e-26	5.52e-21	1.76e-16	9.94e-13	1.11e-09	3.45e-07	5.18e-05	2.42e-02	2.74e-01	7.02e-01
 5.74497e+21	0.00e+00	2.64e-26	7.20e-21	2.21e-16	1.21e-12	1.32e-09	3.93e-07	5.68e-05	2.56e-02	2.80e-01	6.94e-01
 5.83361e+21	0.00e+00	3.47e-26	9.16e-21	2.73e-16	1.45e-12	1.53e-09	4.42e-07	6.18e-05	2.69e-02	2.86e-01	6.87e-01
 5.91241e+21	0.00e+00	4.36e-26	1.12e-20	3.26e-16	1.69e-12	1.74e-09	4.88e-07	6.63e-05	2.81e-02	2.91e-01	6.81e-01
 5.99943e+21	0.00e+00	5.65e-26	1.41e-20	3.97e-16	2.01e-12	2.01e-09	5.46e-07	7.17e-05	2.95e-02	2.97e-01	6.74e-01
 6.11256e+21	0.00e+00	7.88e-26	1.89e-20	5.13e-16	2.50e-12	2.41e-09	6.31e-07	7.94e-05	3.14e-02	3.04e-01	6.65e-01
 6.22539e+21	0.00e+00	1.10e-25	2.54e-20	6.63e-16	3.12e-12	2.91e-09	7.30e-07	8.80e-05	3.34e-02	3.11e-01	6.55e-01
 6.31157e+21	4.01e-32	1.42e-25	3.17e-20	8.06e-16	3.70e-12	3.35e-09	8.15e-07	9.52e-05	3.51e-02	3.17e-01	6.48e-01
 6.39733e+21	5.28e-32	1.82e-25	3.95e-20	9.75e-16	4.36e-12	3.85e-09	9.08e-07	1.03e-04	3.67e-02	3.22e-01	6.41e-01
 6.50883e+21	7.57e-32	2.51e-25	5.25e-20	1.25e-15	5.40e-12	4.61e-09	1.05e-06	1.13e-04	3.90e-02	3.29e-01	6.32e-01
 6.62325e+21	1.09e-31	3.49e-25	7.03e-20	1.61e-15	6.73e-12	5.54e-09	1.21e-06	1.26e-04	4.14e-02	3.37e-01	6.22e-01
 6.71581e+21	1.48e-31	4.58e-25	8.92e-20	1.98e-15	8.07e-12	6.45e-09	1.36e-06	1.36e-04	4.36e-02	3.43e-01	6.13e-01
 6.81047e+21	1.98e-31	5.95e-25	1.12e-19	2.43e-15	9.61e-12	7.48e-09	1.53e-06	1.48e-04	4.57e-02	3.49e-01	6.05e-01
 6.93351e+21	2.91e-31	8.39e-25	1.52e-19	3.16e-15	1.21e-11	9.08e-09	1.78e-06	1.64e-04	4.87e-02	3.57e-01	5.94e-01
 7.05803e+21	4.27e-31	1.19e-24	2.07e-19	4.13e-15	1.53e-11	1.10e-08	2.07e-06	1.83e-04	5.19e-02	3.65e-01	5.83e-01
 7.15570e+21	5.80e-31	1.56e-24	2.64e-19	5.11e-15	1.84e-11	1.29e-08	2.34e-06	1.99e-04	5.46e-02	3.71e-01	5.74e-01
 7.25393e+21	7.75e-31	2.02e-24	3.32e-19	6.24e-15	2.19e-11	1.50e-08	2.63e-06	2.16e-04	5.73e-02	3.77e-01	5.65e-01
 7.38163e+21	1.13e-30	2.84e-24	4.49e-19	8.13e-15	2.75e-11	1.82e-08	3.06e-06	2.40e-04	6.10e-02	3.85e-01	5.54e-01
 7.51467e+21	1.67e-30	4.04e-24	6.13e-19	1.07e-14	3.49e-11	2.22e-08	3.59e-06	2.68e-04	6.50e-02	3.93e-01	5.42e-01
 7.62013e+21	2.26e-30	5.31e-24	7.81e-19	1.32e-14	4.20e-11	2.60e-08	4.06e-06	2.92e-04	6.84e-02	3.99e-01	5.32e-01
 7.70704e+21	2.89e-30	6.62e-24	9.51e-19	1.57e-14	4.87e-11	2.95e-08	4.48e-06	3.13e-04	7.12e-02	4.04e-01	5.24e-01
 7.80437e+21	3.78e-30	8.44e-24	1.18e-18	1.89e-14	5.75e-11	3.39e-08	5.00e-06	3.38e-04	7.44e-02	4.10e-01	5.16e-01
 7.93090e+21	5.33e-30	1.15e-23	1.55e-18	2.40e-14	7.09e-11	4.05e-08	5.76e-06	3.73e-04	7.87e-02	4.17e-01	5.04e-01
 8.06247e+21	7.57e-30	1.58e-23	2.06e-18	3.08e-14	8.80e-11	4.87e-08	6.65e-06	4.12e-04	8.34e-02	4.24e-01	4.93e-01
 8.17204e+21	1.01e-29	2.04e-23	2.59e-18	3.76e-14	1.05e-10	5.65e-08	7.49e-06	4.47e-04	8.73e-02	4.29e-01	4.83e-01
 8.28593e+21	1.34e-29	2.64e-23	3.26e-18	4.61e-14	1.25e-10	6.57e-08	8.43e-06	4.85e-04	9.15e-02	4.35e-01	4.73e-01
 8.43398e+21	1.93e-29	3.67e-23	4.37e-18	5.96e-14	1.57e-10	7.96e-08	9.81e-06	5.38e-04	9.71e-02	4.42e-01	4.61e-01
 8.58487e+21	2.77e-29	5.10e-23	5.85e-18	7.70e-14	1.97e-10	9.63e-08	1.14e-05	5.98e-04	1.03e-01	4.48e-01	4.48e-01
 8.70665e+21	3.67e-29	6.59e-23	7.36e-18	9.41e-14	2.35e-10	1.12e-07	1.28e-05	6.49e-04	1.08e-01	4.53e-01	4.38e-01
 8.83216e+21	4.86e-29	8.51e-23	9.25e-18	1.15e-13	2.80e-10	1.30e-07	1.45e-05	7.04e-04	1.13e-01	4.58e-01	4.28e-01
 8.99532e+21	6.94e-29	1.17e-22	1.23e-17	1.48e-13	3.49e-10	1.57e-07	1.68e-05	7.80e-04	1.20e-01	4.65e-01	4.15e-01
 9.16405e+21	9.93e-29	1.63e-22	1.65e-17	1.91e-13	4.37e-10	1.90e-07	1.95e-05	8.66e-04	1.27e-01	4.70e-01	4.02e-01
 9.30376e+21	1.32e-28	2.11e-22	2.09e-17	2.35e-13	5.24e-10	2.22e-07	2.21e-05	9.41e-04	1.33e-01	4.75e-01	3.92e-01
 9.42721e+21	1.70e-28	2.65e-22	2.56e-17	2.81e-13	6.13e-10	2.53e-07	2.45e-05	1.01e-03	1.38e-01	4.79e-01	3.82e-01
 9.56575e+21	2.21e-28	3.37e-22	3.17e-17	3.40e-13	7.24e-10	2.92e-07	2.74e-05	1.09e-03	1.44e-01	4.82e-01	3.73e-01
 9.72096e+21	2.96e-28	4.40e-22	4.03e-17	4.19e-13	8.71e-10	3.41e-07	3.10e-05	1.19e-03	1.51e-01	4.86e-01	3.62e-01
 9.86524e+21	3.86e-28	5.59e-22	5.01e-17	5.07e-13	1.03e-09	3.94e-07	3.47e-05	1.29e-03	1.57e-01	4.89e-01	3.52e-01
 9.99873e+21	4.89e-28	6.95e-22	6.08e-17	6.03e-13	1.20e-09	4.47e-07	3.85e-05	1.38e-03	1.63e-01	4.92e-01	3.43e-01
 1.01508e+22	6.36e-28	8.83e-22	7.55e-17	7.28e-13	1.41e-09	5.15e-07	4.30e-05	1.49e-03	1.70e-01	4.95e-01	3.34e-01
 1.03219e+22	8.49e-28	1.15e-21	9.57e-17	8.97e-13	1.70e-09	6.02e-07	4.86e-05	1.62e-03	1.77e-01	4.98e-01	3.23e-01
 1.04834e+22	1.11e-27	1.46e-21	1.19e-16	1.09e-12	2.01e-09	6.94e-07	5.45e-05	1.75e-03	1.85e-01	5.00e-01	3.13e-01
 1.06354e+22	1.41e-27	1.83e-21	1.45e-16	1.30e-12	2.34e-09	7.91e-07	6.04e-05	1.88e-03	1.92e-01	5.02e-01	3.04e-01
 1.08091e+22	1.84e-27	2.33e-21	1.81e-16	1.57e-12	2.78e-09	9.14e-07	6.77e-05	2.03e-03	1.99e-01	5.04e-01	2.95e-01
 1.09906e+22	2.42e-27	3.00e-21	2.27e-16	1.92e-12	3.31e-09	1.06e-06	7.61e-05	2.20e-03	2.08e-01	5.05e-01	2.85e-01
 1.11430e+22	3.03e-27	3.68e-21	2.73e-16	2.26e-12	3.81e-09	1.20e-06	8.37e-05	2.35e-03	2.15e-01	5.06e-01	2.77e-01
 1.13018e+22	3.80e-27	4.52e-21	3.29e-16	2.66e-12	4.40e-09	1.35e-06	9.21e-05	2.50e-03	2.22e-01	5.07e-01	2.69e-01
 1.15082e+22	5.05e-27	5.88e-21	4.16e-16	3.27e-12	5.28e-09	1.57e-06	1.04e-04	2.72e-03	2.31e-01	5.08e-01	2.58e-01
 1.17187e+22	6.71e-27	7.63e-21	5.27e-16	4.02e-12	6.33e-09	1.84e-06	1.17e-04	2.95e-03	2.41e-01	5.08e-01	2.49e-01
 1.18888e+22	8.41e-27	9.38e-21	6.35e-16	4.75e-12	7.31e-09	2.07e-06	1.29e-04	3.15e-03	2.48e-01	5.08e-01	2.41e-01
 1.20641e+22	1.05e-26	1.15e-20	7.62e-16	5.57e-12	8.40e-09	2.33e-06	1.42e-04	3.35e-03	2.56e-01	5.07e-01	2.33e-01
 1.22919e+22	1.39e-26	1.49e-20	9.63e-16	6.83e-12	1.01e-08	2.71e-06	1.59e-04	3.63e-03	2.66e-01	5.06e-01	2.24e-01
 1.25297e+22	1.85e-26	1.94e-20	1.22e-15	8.42e-12	1.21e-08	3.16e-06	1.80e-04	3.94e-03	2.77e-01	5.05e-01	2.14e-01
 1.27297e+22	2.35e-26	2.41e-20	1.49e-15	1.00e-11	1.40e-08	3.59e-06	1.99e-04	4.21e-03	2.86e-01	5.04e-01	2.06e-01
 1.29391e+22	2.98e-26	2.99e-20	1.81e-15	1.19e-11	1.63e-08	4.07e-06	2.19e-04	4.49e-03	2.94e-01	5.02e-01	1.99e-01
 1.32114e+22	4.02e-26	3.94e-20	2.32e-15	1.48e-11	1.97e-08	4.77e-06	2.48e-04	4.88e-03	3.06e-01	4.99e-01	1.89e-01
 1.34772e+22	5.37e-26	5.13e-20	2.94e-15	1.82e-11	2.36e-08	5.56e-06	2.79e-04	5.28e-03	3.17e-01	4.96e-01	1.81e-01
 1.36757e+22	6.62e-26	6.22e-20	3.50e-15	2.12e-11	2.69e-08	6.21e-06	3.04e-04	5.59e-03	3.26e-01	4.94e-01	1.74e-01
 1.38750e+22	8.12e-26	7.50e-20	4.14e-15	2.46e-11	3.06e-08	6.92e-06	3.31e-04	5.91e-03	3.34e-01	4.91e-01	1.68e-01
 1.41340e+22	1.05e-25	9.48e-20	5.11e-15	2.95e-11	3.59e-08	7.89e-06	3.66e-04	6.32e-03	3.44e-01	4.88e-01	1.61e-01
 1.44187e+22	1.39e-25	1.23e-19	6.45e-15	3.62e-11	4.28e-08	9.15e-06	4.11e-04	6.82e-03	3.55e-01	4.84e-01	1.53e-01
 1.46752e+22	1.78e-25	1.53e-19	7.89e-15	4.32e-11	4.99e-08	1.04e-05	4.53e-04	7.28e-03	3.66e-01	4.80e-01	1.47e-01
 1.49473e+22	2.28e-25	1.93e-19	9.69e-15	5.17e-11	5.82e-08	1.18e-05	5.00e-04	7.76e-03	3.76e-01	4.76e-01	1.40e-01
 1.53010e+22	3.14e-25	2.58e-19	1.26e-14	6.50e-11	7.10e-08	1.39e-05	5.67e-04	8.43e-03	3.89e-01	4.70e-01	1.32e-01
 1.56626e+22	4.32e-25	3.46e-19	1.64e-14	8.18e-11	8.65e-08	1.64e-05	6.43e-04	9.15e-03	4.02e-01	4.63e-01	1.25e-01
 1.59420e+22	5.49e-25	4.31e-19	2.00e-14	9.71e-11	1.00e-07	1.85e-05	7.06e-04	9.72e-03	4.12e-01	4.58e-01	1.19e-01
 1.62124e+22	6.87e-25	5.29e-19	2.40e-14	1.14e-10	1.15e-07	2.07e-05	7.69e-04	1.03e-02	4.22e-01	4.53e-01	1.14e-01
 1.65640e+22	9.15e-25	6.86e-19	3.03e-14	1.40e-10	1.37e-07	2.39e-05	8.57e-04	1.10e-02	4.33e-01	4.47e-01	1.08e-01
 1.69390e+22	1.23e-24	9.02e-19	3.87e-14	1.73e-10	1.65e-07	2.79e-05	9.63e-04	1.19e-02	4.46e-01	4.40e-01	1.01e-01
 1.72529e+22	1.57e-24	1.13e-18	4.73e-14	2.06e-10	1.91e-07	3.15e-05	1.06e-03	1.26e-02	4.56e-01	4.34e-01	9.63e-02
 1.75270e+22	1.94e-24	1.36e-18	5.61e-14	2.39e-10	2.17e-07	3.49e-05	1.14e-03	1.32e-02	4.65e-01	4.28e-01	9.23e-02
 1.78407e+22	2.44e-24	1.68e-18	6.78e-14	2.82e-10	2.50e-07	3.92e-05	1.25e-03	1.40e-02	4.74e-01	4.22e-01	8.79e-02
 1.82484e+22	3.28e-24	2.20e-18	8.61e-14	3.46e-10	2.98e-07	4.53e-05	1.39e-03	1.50e-02	4.86e-01	4.15e-01	8.26e-02
 1.86711e+22	4.41e-24	2.89e-18	1.10e-13	4.29e-10	3.58e-07	5.27e-05	1.56e-03	1.61e-02	4.99e-01	4.06e-01	7.73e-02
 1.90176e+22	5.60e-24	3.59e-18	1.34e-13	5.08e-10	4.14e-07	5.93e-05	1.70e-03	1.70e-02	5.09e-01	3.99e-01	7.33e-02
 1.93727e+22	7.10e-24	4.46e-18	1.62e-13	6.01e-10	4.78e-07	6.67e-05	1.86e-03	1.80e-02	5.18e-01	3.92e-01	6.95e-02
 1.98342e+22	9.58e-24	5.86e-18	2.07e-13	7.43e-10	5.72e-07	7.73e-05	2.07e-03	1.93e-02	5.30e-01	3.84e-01	6.50e-02
 2.03135e+22	1.30e-23	7.74e-18	2.67e-13	9.25e-10	6.90e-07	9.01e-05	2.33e-03	2.07e-02	5.42e-01	3.74e-01	6.04e-02
 2.07081e+22	1.65e-23	9.68e-18	3.26e-13	1.10e-09	8.01e-07	1.02e-04	2.55e-03	2.19e-02	5.52e-01	3.66e-01	5.69e-02
 2.11135e+22	2.11e-23	1.21e-17	3.97e-13	1.31e-09	9.28e-07	1.15e-04	2.79e-03	2.32e-02	5.62e-01	3.59e-01	5.36e-02
 2.16406e+22	2.85e-23	1.59e-17	5.10e-13	1.63e-09	1.12e-06	1.34e-04	3.12e-03	2.49e-02	5.73e-01	3.49e-01	4.97e-02
 2.21892e+22	3.89e-23	2.12e-17	6.59e-13	2.03e-09	1.35e-06	1.56e-04	3.50e-03	2.67e-02	5.85e-01	3.39e-01	4.59e-02
 2.26130e+22	4.90e-23	2.62e-17	8.00e-13	2.40e-09	1.56e-06	1.76e-04	3.82e-03	2.82e-02	5.94e-01	3.31e-01	4.31e-02
 2.29492e+22	5.88e-23	3.10e-17	9.29e-13	2.74e-09	1.75e-06	1.92e-04	4.09e-03	2.94e-02	6.01e-01	3.25e-01	4.11e-02
 2.33240e+22	7.13e-23	3.70e-17	1.09e-12	3.15e-09	1.97e-06	2.12e-04	4.40e-03	3.07e-02	6.08e-01	3.18e-01	3.90e-02
 2.38114e+22	9.11e-23	4.64e-17	1.34e-12	3.76e-09	2.29e-06	2.40e-04	4.82e-03	3.24e-02	6.16e-01	3.10e-01	3.65e-02
 2.43395e+22	1.18e-22	5.89e-17	1.66e-12	4.55e-09	2.70e-06	2.75e-04	5.32e-03	3.45e-02	6.26e-01	3.00e-01	3.38e-02
 2.48044e+22	1.47e-22	7.23e-17	2.00e-12	5.36e-09	3.11e-06	3.08e-04	5.80e-03	3.63e-02	6.34e-01	2.92e-01	3.17e-02
 2.52926e+22	1.84e-22	8.90e-17	2.42e-12	6.31e-09	3.58e-06	3.45e-04	6.30e-03	3.82e-02	6.41e-01	2.85e-01	2.96e-02
 2.59273e+22	2.41e-22	1.15e-16	3.06e-12	7.76e-09	4.28e-06	4.00e-04	7.03e-03	4.08e-02	6.50e-01	2.74e-01	2.71e-02
 2.65662e+22	3.17e-22	1.49e-16	3.87e-12	9.54e-09	5.12e-06	4.63e-04	7.83e-03	4.36e-02	6.59e-01	2.64e-01	2.48e-02
 2.70698e+22	3.90e-22	1.80e-16	4.62e-12	1.12e-08	5.86e-06	5.18e-04	8.51e-03	4.58e-02	6.66e-01	2.56e-01	2.32e-02
 2.75837e+22	4.76e-22	2.18e-16	5.50e-12	1.30e-08	6.70e-06	5.78e-04	9.22e-03	4.81e-02	6.72e-01	2.49e-01	2.16e-02
 2.82518e+22	6.09e-22	2.76e-16	6.84e-12	1.58e-08	7.92e-06	6.63e-04	1.02e-02	5.11e-02	6.79e-01	2.39e-01	1.98e-02
 2.89603e+22	7.89e-22	3.52e-16	8.59e-12	1.93e-08	9.44e-06	7.67e-04	1.14e-02	5.45e-02	6.86e-01	2.29e-01	1.80e-02
 2.95670e+22	9.69e-22	4.30e-16	1.03e-11	2.28e-08	1.09e-05	8.65e-04	1.24e-02	5.75e-02	6.92e-01	2.21e-01	1.66e-02
 3.02011e+22	1.19e-21	5.25e-16	1.25e-11	2.69e-08	1.26e-05	9.75e-04	1.35e-02	6.06e-02	6.97e-01	2.13e-01	1.53e-02
 3.10255e+22	1.53e-21	6.70e-16	1.57e-11	3.31e-08	1.52e-05	1.13e-03	1.51e-02	6.48e-02	7.03e-01	2.02e-01	1.37e-02
 3.18642e+22	1.96e-21	8.55e-16	1.98e-11	4.08e-08	1.82e-05	1.32e-03	1.69e-02	6.93e-02	7.08e-01	1.92e-01	1.23e-02
 3.24934e+22	2.32e-21	1.01e-15	2.34e-11	4.74e-08	2.09e-05	1.48e-03	1.84e-02	7.29e-02	7.11e-01	1.85e-01	1.13e-02
 3.29990e+22	2.67e-21	1.16e-15	2.67e-11	5.34e-08	2.31e-05	1.61e-03	1.95e-02	7.56e-02	7.13e-01	1.79e-01	1.06e-02
 3.35724e+22	3.08e-21	1.34e-15	3.06e-11	6.06e-08	2.59e-05	1.77e-03	2.09e-02	7.88e-02	7.16e-01	1.73e-01	9.87e-03
 3.43178e+22	3.66e-21	1.60e-15	3.65e-11	7.10e-08	2.99e-05	1.99e-03	2.28e-02	8.29e-02	7.18e-01	1.65e-01	9.00e-03
 3.51340e+22	4.40e-21	1.94e-15	4.40e-11	8.44e-08	3.49e-05	2.26e-03	2.50e-02	8.77e-02	7.20e-01	1.57e-01	8.11e-03
 3.58559e+22	5.13e-21	2.28e-15	5.17e-11	9.80e-08	3.98e-05	2.52e-03	2.71e-02	9.20e-02	7.21e-01	1.50e-01	7.41e-03
 3.65017e+22	5.80e-21	2.60e-15	5.92e-11	1.11e-07	4.47e-05	2.77e-03	2.90e-02	9.60e-02	7.21e-01	1.44e-01	6.83e-03
 3.72351e+22	6.70e-21	3.03e-15	6.89e-11	1.28e-07	5.07e-05	3.07e-03	3.12e-02	1.00e-01	7.21e-01	1.38e-01	6.27e-03
 3.81885e+22	7.95e-21	3.65e-15	8.31e-11	1.52e-07	5.93e-05	3.50e-03	3.42e-02	1.06e-01	7.20e-01	1.31e-01	5.60e-03
 3.91703e+22	9.39e-21	4.39e-15	1.01e-10	1.82e-07	6.97e-05	3.99e-03	3.76e-02	1.12e-01	7.18e-01	1.23e-01	4.98e-03
 3.99643e+22	1.07e-20	5.07e-15	1.17e-10	2.10e-07	7.91e-05	4.43e-03	4.04e-02	1.17e-01	7.16e-01	1.17e-01	4.53e-03
 4.07715e+22	1.21e-20	5.82e-15	1.35e-10	2.41e-07	8.94e-05	4.89e-03	4.33e-02	1.22e-01	7.14e-01	1.12e-01	4.13e-03
 4.18208e+22	1.40e-20	6.91e-15	1.62e-10	2.85e-07	1.04e-04	5.53e-03	4.72e-02	1.28e-01	7.10e-01	1.05e-01	3.68e-03
 4.29272e+22	1.64e-20	8.29e-15	1.96e-10	3.42e-07	1.22e-04	6.30e-03	5.16e-02	1.35e-01	7.05e-01	9.83e-02	3.25e-03
 4.38620e+22	1.86e-20	9.61e-15	2.29e-10	3.98e-07	1.40e-04	7.00e-03	5.54e-02	1.41e-01	7.00e-01	9.30e-02	2.93e-03
 4.48316e+22	2.10e-20	1.11e-14	2.68e-10	4.60e-07	1.59e-04	7.75e-03	5.94e-02	1.47e-01	6.95e-01	8.80e-02	2.64e-03
 4.60922e+22	2.46e-20	1.33e-14	3.26e-10	5.54e-07	1.87e-04	8.81e-03	6.46e-02	1.54e-01	6.88e-01	8.21e-02	2.32e-03
 4.74140e+22	2.89e-20	1.62e-14	4.01e-10	6.74e-07	2.22e-04	1.01e-02	7.06e-02	1.62e-01	6.79e-01	7.61e-02	2.02e-03
 4.84902e+22	3.29e-20	1.90e-14	4.74e-10	7.89e-07	2.55e-04	1.12e-02	7.56e-02	1.69e-01	6.71e-01	7.15e-02	1.81e-03
 4.93498e+22	3.63e-20	2.13e-14	5.39e-10	8.92e-07	2.83e-04	1.21e-02	7.96e-02	1.74e-01	6.64e-01	6.81e-02	1.66e-03
 5.02532e+22	4.04e-20	2.42e-14	6.14e-10	1.01e-06	3.14e-04	1.31e-02	8.37e-02	1.79e-01	6.58e-01	6.50e-02	1.52e-03
 5.14277e+22	4.60e-20	2.82e-14	7.24e-10	1.18e-06	3.58e-04	1.45e-02	8.92e-02	1.85e-01	6.49e-01	6.11e-02	1.37e-03
 5.26993e+22	5.31e-20	3.35e-14	8.69e-10	1.39e-06	4.13e-04	1.61e-02	9.54e-02	1.92e-01	6.38e-01	5.70e-02	1.21e-03
 5.38198e+22	5.97e-20	3.88e-14	1.02e-09	1.61e-06	4.68e-04	1.77e-02	1.01e-01	1.98e-01	6.29e-01	5.36e-02	1.09e-03
 5.48361e+22	6.75e-20	4.45e-14	1.17e-09	1.84e-06	5.21e-04	1.92e-02	1.06e-01	2.02e-01	6.20e-01	5.09e-02	9.96e-04
 5.59947e+22	7.64e-20	5.14e-14	1.36e-09	2.11e-06	5.85e-04	2.09e-02	1.12e-01	2.08e-01	6.10e-01	4.81e-02	9.01e-04
 5.75009e+22	8.96e-20	6.19e-14	1.65e-09	2.52e-06	6.77e-04	2.32e-02	1.19e-01	2.14e-01	5.97e-01	4.46e-02	7.94e-04
 5.90678e+22	1.06e-19	7.56e-14	2.03e-09	3.04e-06	7.90e-04	2.60e-02	1.27e-01	2.21e-01	5.83e-01	4.12e-02	6.93e-04
 6.03549e+22	1.22e-19	8.87e-14	2.40e-09	3.54e-06	8.94e-04	2.84e-02	1.34e-01	2.27e-01	5.71e-01	3.85e-02	6.20e-04
 6.16696e+22	1.41e-19	1.04e-13	2.82e-09	4.09e-06	1.00e-03	3.08e-02	1.40e-01	2.31e-01	5.60e-01	3.62e-02	5.60e-04
 6.33785e+22	1.68e-19	1.27e-13	3.45e-09	4.89e-06	1.16e-03	3.42e-02	1.49e-01	2.37e-01	5.45e-01	3.35e-02	4.91e-04
 6.51935e+22	2.04e-19	1.57e-13	4.29e-09	5.94e-06	1.35e-03	3.81e-02	1.58e-01	2.43e-01	5.28e-01	3.07e-02	4.25e-04
 6.67395e+22	2.39e-19	1.88e-13	5.15e-09	7.00e-06	1.54e-03	4.17e-02	1.66e-01	2.48e-01	5.14e-01	2.84e-02	3.76e-04
 6.83428e+22	2.82e-19	2.25e-13	6.13e-09	8.14e-06	1.73e-03	4.53e-02	1.74e-01	2.52e-01	5.00e-01	2.65e-02	3.36e-04
 7.04270e+22	3.47e-19	2.81e-13	7.63e-09	9.87e-06	2.01e-03	5.02e-02	1.83e-01	2.57e-01	4.83e-01	2.42e-02	2.90e-04
 7.26389e+22	4.36e-19	3.59e-13	9.70e-09	1.22e-05	2.37e-03	5.61e-02	1.94e-01	2.62e-01	4.63e-01	2.19e-02	2.47e-04
 7.45185e+22	5.27e-19	4.40e-13	1.18e-08	1.44e-05	2.70e-03	6.14e-02	2.03e-01	2.65e-01	4.47e-01	2.01e-02	2.16e-04
 7.64639e+22	6.37e-19	5.35e-13	1.43e-08	1.69e-05	3.05e-03	6.66e-02	2.12e-01	2.68e-01	4.32e-01	1.86e-02	1.91e-04
 7.89930e+22	8.07e-19	6.82e-13	1.80e-08	2.06e-05	3.54e-03	7.36e-02	2.22e-01	2.71e-01	4.13e-01	1.68e-02	1.63e-04
 8.17426e+22	1.05e-18	8.96e-13	2.32e-08	2.56e-05	4.18e-03	8.21e-02	2.34e-01	2.73e-01	3.91e-01	1.49e-02	1.36e-04
 8.39183e+22	1.31e-18	1.12e-12	2.85e-08	3.04e-05	4.75e-03	8.93e-02	2.43e-01	2.74e-01	3.75e-01	1.36e-02	1.18e-04
 8.55138e+22	1.53e-18	1.30e-12	3.28e-08	3.42e-05	5.19e-03	9.45e-02	2.49e-01	2.75e-01	3.63e-01	1.27e-02	1.07e-04
 8.72162e+22	1.77e-18	1.51e-12	3.77e-08	3.84e-05	5.65e-03	9.99e-02	2.55e-01	2.75e-01	3.52e-01	1.19e-02	9.68e-05
 8.94292e+22	2.16e-18	1.82e-12	4.47e-08	4.42e-05	6.27e-03	1.07e-01	2.63e-01	2.75e-01	3.38e-01	1.10e-02	8.58e-05
 9.23062e+22	2.73e-18	2.29e-12	5.54e-08	5.27e-05	7.14e-03	1.16e-01	2.72e-01	2.75e-01	3.20e-01	9.90e-03	7.33e-05
 9.53235e+22	3.57e-18	2.97e-12	6.99e-08	6.38e-05	8.20e-03	1.27e-01	2.82e-01	2.73e-01	3.02e-01	8.81e-03	6.17e-05
 9.78116e+22	4.44e-18	3.64e-12	8.40e-08	7.41e-05	9.15e-03	1.35e-01	2.89e-01	2.71e-01	2.87e-01	8.02e-03	5.38e-05
 1.00335e+23	5.39e-18	4.38e-12	9.90e-08	8.46e-05	1.01e-02	1.44e-01	2.95e-01	2.69e-01	2.74e-01	7.36e-03	4.74e-05
 1.03615e+23	6.89e-18	5.50e-12	1.21e-07	9.95e-05	1.13e-02	1.54e-01	3.02e-01	2.67e-01	2.59e-01	6.61e-03	4.06e-05
 1.07234e+23	9.13e-18	7.14e-12	1.52e-07	1.19e-04	1.29e-02	1.67e-01	3.10e-01	2.63e-01	2.41e-01	5.84e-03	3.39e-05
 1.10476e+23	1.17e-17	8.95e-12	1.85e-07	1.40e-04	1.44e-02	1.78e-01	3.17e-01	2.58e-01	2.27e-01	5.23e-03	2.89e-05
 1.13422e+23	1.44e-17	1.08e-11	2.19e-07	1.59e-04	1.58e-02	1.88e-01	3.21e-01	2.55e-01	2.15e-01	4.76e-03	2.53e-05
 1.16799e+23	1.79e-17	1.32e-11	2.58e-07	1.82e-04	1.73e-02	1.98e-01	3.26e-01	2.50e-01	2.03e-01	4.32e-03	2.20e-05
 1.21144e+23	2.34e-17	1.67e-11	3.17e-07	2.13e-04	1.94e-02	2.11e-01	3.31e-01	2.45e-01	1.89e-01	3.82e-03	1.85e-05
 1.25986e+23	3.16e-17	2.18e-11	3.98e-07	2.54e-04	2.19e-02	2.26e-01	3.36e-01	2.38e-01	1.74e-01	3.33e-03	1.53e-05
 1.30544e+23	4.18e-17	2.79e-11	4.90e-07	2.99e-04	2.45e-02	2.41e-01	3.39e-01	2.31e-01	1.61e-01	2.92e-03	1.27e-05
 1.34833e+23	5.31e-17	3.44e-11	5.84e-07	3.42e-04	2.68e-02	2.53e-01	3.42e-01	2.25e-01	1.51e-01	2.61e-03	1.09e-05
 1.39748e+23	6.71e-17	4.21e-11	6.91e-07	3.89e-04	2.93e-02	2.65e-01	3.44e-01	2.19e-01	1.41e-01	2.33e-03	9.34e-06
 1.45438e+23	8.84e-17	5.34e-11	8.42e-07	4.52e-04	3.24e-02	2.80e-01	3.45e-01	2.11e-01	1.29e-01	2.04e-03	7.77e-06
 1.51379e+23	1.16e-16	6.75e-11	1.02e-06	5.24e-04	3.57e-02	2.94e-01	3.45e-01	2.03e-01	1.19e-01	1.79e-03	6.47e-06
 1.57558e+23	1.50e-16	8.42e-11	1.23e-06	6.00e-04	3.91e-02	3.08e-01	3.45e-01	1.96e-01	1.10e-01	1.57e-03	5.43e-06
 1.63984e+23	1.92e-16	1.04e-10	1.46e-06	6.83e-04	4.26e-02	3.21e-01	3.45e-01	1.89e-01	1.01e-01	1.39e-03	4.58e-06
 1.70666e+23	2.43e-16	1.27e-10	1.71e-06	7.71e-04	4.61e-02	3.33e-01	3.43e-01	1.82e-01	9.37e-02	1.23e-03	3.90e-06
 1.77616e+23	3.04e-16	1.53e-10	2.00e-06	8.64e-04	4.97e-02	3.45e-01	3.41e-01	1.75e-01	8.70e-02	1.10e-03	3.34e-06
 1.84845e+23	3.75e-16	1.82e-10	2.30e-06	9.60e-04	5.32e-02	3.56e-01	3.39e-01	1.69e-01	8.09e-02	9.82e-04	2.88e-06
 1.92362e+23	4.55e-16	2.15e-10	2.63e-06	1.06e-03	5.66e-02	3.66e-01	3.37e-01	1.63e-01	7.56e-02	8.86e-04	2.51e-06
 2.00180e+23	5.48e-16	2.51e-10	2.97e-06	1.16e-03	6.00e-02	3.75e-01	3.34e-01	1.57e-01	7.08e-02	8.02e-04	2.19e-06
 2.08310e+23	6.52e-16	2.90e-10	3.34e-06	1.26e-03	6.33e-02	3.84e-01	3.32e-01	1.52e-01	6.65e-02	7.30e-04	1.94e-06
 2.16766e+23	7.64e-16	3.31e-10	3.71e-06	1.36e-03	6.65e-02	3.92e-01	3.29e-01	1.47e-01	6.27e-02	6.69e-04	1.72e-06
 2.25297e+23	8.80e-16	3.72e-10	4.08e-06	1.46e-03	6.94e-02	3.99e-01	3.26e-01	1.43e-01	5.95e-02	6.18e-04	1.55e-06
 2.33316e+23	1.00e-15	4.15e-10	4.45e-06	1.55e-03	7.22e-02	4.06e-01	3.24e-01	1.39e-01	5.67e-02	5.75e-04	1.41e-06
 2.40532e+23	1.11e-15	4.52e-10	4.77e-06	1.63e-03	7.45e-02	4.11e-01	3.22e-01	1.36e-01	5.45e-02	5.42e-04	1.30e-06
 2.47027e+23	1.22e-15	4.87e-10	5.05e-06	1.70e-03	7.65e-02	4.15e-01	3.20e-01	1.34e-01	5.27e-02	5.16e-04	1.22e-06
 2.52873e+23	1.31e-15	5.16e-10	5.30e-06	1.76e-03	7.81e-02	4.18e-01	3.18e-01	1.32e-01	5.12e-02	4.95e-04	1.16e-06
 2.58134e+23	1.38e-15	5.39e-10	5.48e-06	1.81e-03	7.93e-02	4.21e-01	3.17e-01	1.30e-01	5.02e-02	4.80e-04	1.11e-06
 2.62868e+23	1.44e-15	5.59e-10	5.65e-06	1.85e-03	8.04e-02	4.23e-01	3.16e-01	1.29e-01	4.93e-02	4.68e-04	1.08e-06
 2.67130e+23	1.48e-15	5.74e-10	5.76e-06	1.87e-03	8.11e-02	4.25e-01	3.15e-01	1.28e-01	4.87e-02	4.60e-04	1.05e-06
 2.70965e+23	1.52e-15	5.85e-10	5.85e-06	1.89e-03	8.17e-02	4.26e-01	3.15e-01	1.27e-01	4.83e-02	4.54e-04	1.03e-06
 2.74417e+23	1.56e-15	5.97e-10	5.95e-06	1.92e-03	8.23e-02	4.27e-01	3.14e-01	1.26e-01	4.78e-02	4.47e-04	1.01e-06
 2.77579e+23	1.60e-15	6.09e-10	6.04e-06	1.94e-03	8.29e-02	4.28e-01	3.14e-01	1.26e-01	4.73e-02	4.41e-04	9.95e-07
 2.80634e+23	1.62e-15	6.18e-10	6.11e-06	1.95e-03	8.33e-02	4.29e-01	3.13e-01	1.25e-01	4.70e-02	4.36e-04	9.81e-07
 2.83689e+23	1.65e-15	6.28e-10	6.19e-06	1.97e-03	8.37e-02	4.30e-01	3.13e-01	1.25e-01	4.66e-02	4.31e-04	9.66e-07
 2.86743e+23	1.67e-15	6.33e-10	6.23e-06	1.98e-03	8.40e-02	4.30e-01	3.13e-01	1.24e-01	4.64e-02	4.29e-04	9.58e-07
 2.89798e+23	1.69e-15	6.38e-10	6.27e-06	1.99e-03	8.42e-02	4.31e-01	3.12e-01	1.24e-01	4.63e-02	4.26e-04	9.51e-07
 2.92853e+23	1.70e-15	6.41e-10	6.29e-06	2.00e-03	8.44e-02	4.31e-01	3.12e-01	1.24e-01	4.61e-02	4.25e-04	9.47e-07
 2.95908e+23	1.70e-15	6.42e-10	6.31e-06	2.00e-03	8.45e-02	4.31e-01	3.12e-01	1.24e-01	4.61e-02	4.24e-04	9.44e-07
 2.98963e+23	1.71e-15	6.44e-10	6.32e-06	2.00e-03	8.46e-02	4.31e-01	3.12e-01	1.24e-01	4.60e-02	4.23e-04	9.42e-07
 3.02018e+23	1.71e-15	6.46e-10	6.34e-06	2.00e-03	8.47e-02	4.31e-01	3.12e-01	1.24e-01	4.59e-02	4.22e-04	9.39e-07
 3.04513e+23	1.77e-15	6.63e-10	6.47e-06	2.03e-03	8.54e-02	4.33e-01	3.11e-01	1.23e-01	4.54e-02	4.14e-04	9.17e-07
