#depth	Cl	Cl+	Cl+2	Cl+3	Cl+4	Cl+5	Cl+6	Cl+7	Cl+8	Cl+9	Cl+10	Cl+11	Cl+12	Cl+13	Cl+14	Cl+15	Cl+16	Cl+17
 6.17135e+19	0.00e+00	0.00e+00	0.00e+00	0.00e+00	0.00e+00	1.97e-27	1.86e-23	1.59e-19	3.14e-16	2.38e-13	7.47e-11	1.17e-08	9.41e-07	4.32e-05	1.69e-03	1.09e-01	4.12e-01	4.77e-01
 1.87609e+20	0.00e+00	0.00e+00	0.00e+00	0.00e+00	0.00e+00	5.98e-27	4.96e-23	3.96e-19	7.29e-16	5.11e-13	1.48e-10	2.13e-08	1.55e-06	6.32e-05	2.21e-03	1.27e-01	4.28e-01	4.43e-01
 2.90012e+20	0.00e+00	0.00e+00	0.00e+00	0.00e+00	0.00e+00	1.42e-26	1.06e-22	8.07e-19	1.40e-15	9.25e-13	2.50e-10	3.38e-08	2.28e-06	8.47e-05	2.71e-03	1.42e-01	4.39e-01	4.16e-01
 3.58256e+20	0.00e+00	0.00e+00	0.00e+00	0.00e+00	0.00e+00	2.46e-26	1.72e-22	1.27e-18	2.14e-15	1.36e-12	3.52e-10	4.55e-08	2.93e-06	1.02e-04	3.08e-03	1.53e-01	4.45e-01	3.99e-01
 4.06367e+20	0.00e+00	0.00e+00	0.00e+00	0.00e+00	0.00e+00	3.63e-26	2.42e-22	1.76e-18	2.88e-15	1.78e-12	4.47e-10	5.62e-08	3.49e-06	1.17e-04	3.38e-03	1.61e-01	4.49e-01	3.87e-01
 4.40227e+20	0.00e+00	0.00e+00	0.00e+00	0.00e+00	0.00e+00	4.70e-26	3.04e-22	2.17e-18	3.49e-15	2.12e-12	5.23e-10	6.44e-08	3.91e-06	1.27e-04	3.58e-03	1.66e-01	4.51e-01	3.79e-01
 4.76499e+20	0.00e+00	0.00e+00	0.00e+00	0.00e+00	0.00e+00	6.21e-26	3.89e-22	2.74e-18	4.32e-15	2.57e-12	6.21e-10	7.48e-08	4.43e-06	1.40e-04	3.82e-03	1.72e-01	4.54e-01	3.71e-01
 5.23653e+20	0.00e+00	0.00e+00	0.00e+00	0.00e+00	0.00e+00	8.87e-26	5.31e-22	3.67e-18	5.67e-15	3.29e-12	7.73e-10	9.05e-08	5.19e-06	1.57e-04	4.14e-03	1.79e-01	4.57e-01	3.60e-01
 5.75611e+20	0.00e+00	0.00e+00	0.00e+00	0.00e+00	0.00e+00	1.30e-25	7.45e-22	5.05e-18	7.62e-15	4.30e-12	9.80e-10	1.11e-07	6.16e-06	1.79e-04	4.52e-03	1.88e-01	4.60e-01	3.48e-01
 6.23207e+20	0.00e+00	0.00e+00	0.00e+00	0.00e+00	0.00e+00	1.84e-25	1.01e-21	6.73e-18	9.93e-15	5.47e-12	1.21e-09	1.34e-07	7.18e-06	2.01e-04	4.89e-03	1.96e-01	4.62e-01	3.37e-01
 6.74475e+20	0.00e+00	0.00e+00	0.00e+00	0.00e+00	2.17e-29	2.66e-25	1.39e-21	9.11e-18	1.31e-14	7.05e-12	1.52e-09	1.63e-07	8.44e-06	2.27e-04	5.30e-03	2.04e-01	4.64e-01	3.26e-01
 7.31257e+20	0.00e+00	0.00e+00	0.00e+00	0.00e+00	3.40e-29	3.95e-25	1.97e-21	1.27e-17	1.78e-14	9.28e-12	1.94e-09	2.02e-07	1.01e-05	2.59e-04	5.79e-03	2.14e-01	4.66e-01	3.14e-01
 7.83791e+20	0.00e+00	0.00e+00	0.00e+00	0.00e+00	5.10e-29	5.67e-25	2.71e-21	1.71e-17	2.34e-14	1.19e-11	2.42e-09	2.44e-07	1.18e-05	2.91e-04	6.27e-03	2.22e-01	4.67e-01	3.04e-01
 8.40667e+20	0.00e+00	0.00e+00	0.00e+00	0.00e+00	7.84e-29	8.30e-25	3.78e-21	2.34e-17	3.14e-14	1.55e-11	3.06e-09	2.99e-07	1.39e-05	3.30e-04	6.81e-03	2.32e-01	4.68e-01	2.93e-01
 9.00357e+20	0.00e+00	0.00e+00	0.00e+00	0.00e+00	1.22e-28	1.23e-24	5.34e-21	3.24e-17	4.24e-14	2.04e-11	3.89e-09	3.69e-07	1.65e-05	3.75e-04	7.41e-03	2.42e-01	4.69e-01	2.81e-01
 9.51029e+20	0.00e+00	0.00e+00	0.00e+00	0.00e+00	1.76e-28	1.70e-24	7.11e-21	4.25e-17	5.44e-14	2.56e-11	4.75e-09	4.39e-07	1.91e-05	4.17e-04	7.94e-03	2.51e-01	4.69e-01	2.72e-01
 1.00423e+21	0.00e+00	0.00e+00	0.00e+00	0.00e+00	2.57e-28	2.38e-24	9.56e-21	5.62e-17	7.04e-14	3.23e-11	5.84e-09	5.24e-07	2.20e-05	4.65e-04	8.53e-03	2.60e-01	4.69e-01	2.63e-01
 1.07338e+21	0.00e+00	0.00e+00	0.00e+00	0.00e+00	4.17e-28	3.65e-24	1.39e-20	8.02e-17	9.77e-14	4.35e-11	7.59e-09	6.56e-07	2.65e-05	5.33e-04	9.32e-03	2.71e-01	4.68e-01	2.51e-01
 1.14356e+21	0.00e+00	0.00e+00	0.00e+00	0.00e+00	6.73e-28	5.59e-24	2.02e-20	1.14e-16	1.35e-13	5.84e-11	9.84e-09	8.21e-07	3.18e-05	6.10e-04	1.02e-02	2.83e-01	4.67e-01	2.39e-01
 1.20003e+21	0.00e+00	0.00e+00	0.00e+00	0.00e+00	9.81e-28	7.81e-24	2.71e-20	1.51e-16	1.75e-13	7.37e-11	1.21e-08	9.79e-07	3.67e-05	6.78e-04	1.09e-02	2.92e-01	4.66e-01	2.30e-01
 1.25838e+21	0.00e+00	0.00e+00	0.00e+00	0.00e+00	1.44e-27	1.10e-23	3.65e-20	2.00e-16	2.27e-13	9.32e-11	1.48e-08	1.17e-06	4.24e-05	7.54e-04	1.17e-02	3.02e-01	4.64e-01	2.22e-01
 1.33424e+21	0.00e+00	0.00e+00	0.00e+00	0.00e+00	2.34e-27	1.69e-23	5.34e-20	2.86e-16	3.16e-13	1.26e-10	1.93e-08	1.46e-06	5.09e-05	8.62e-04	1.27e-02	3.14e-01	4.62e-01	2.11e-01
 1.40870e+21	0.00e+00	0.00e+00	0.00e+00	0.00e+00	3.73e-27	2.56e-23	7.69e-20	4.04e-16	4.35e-13	1.68e-10	2.48e-08	1.82e-06	6.06e-05	9.80e-04	1.38e-02	3.26e-01	4.59e-01	2.00e-01
 1.46493e+21	0.00e+00	0.00e+00	0.00e+00	0.00e+00	5.27e-27	3.48e-23	1.01e-19	5.22e-16	5.50e-13	2.07e-10	2.99e-08	2.13e-06	6.90e-05	1.08e-03	1.47e-02	3.35e-01	4.56e-01	1.93e-01
 1.52166e+21	0.00e+00	0.00e+00	0.00e+00	0.00e+00	7.43e-27	4.72e-23	1.32e-19	6.73e-16	6.96e-13	2.56e-10	3.60e-08	2.50e-06	7.84e-05	1.18e-03	1.56e-02	3.44e-01	4.53e-01	1.86e-01
 1.59540e+21	0.00e+00	0.00e+00	0.00e+00	0.00e+00	1.15e-26	6.95e-23	1.85e-19	9.28e-16	9.35e-13	3.35e-10	4.54e-08	3.04e-06	9.20e-05	1.33e-03	1.68e-02	3.55e-01	4.49e-01	1.77e-01
 1.67399e+21	0.00e+00	0.00e+00	0.00e+00	0.00e+00	1.81e-26	1.04e-22	2.64e-19	1.30e-15	1.28e-12	4.43e-10	5.80e-08	3.75e-06	1.09e-04	1.50e-03	1.81e-02	3.67e-01	4.45e-01	1.68e-01
 1.74223e+21	0.00e+00	0.00e+00	0.00e+00	0.00e+00	2.67e-26	1.47e-22	3.58e-19	1.73e-15	1.66e-12	5.62e-10	7.15e-08	4.48e-06	1.26e-04	1.67e-03	1.93e-02	3.78e-01	4.41e-01	1.60e-01
 1.81432e+21	0.00e+00	0.00e+00	0.00e+00	0.00e+00	3.99e-26	2.10e-22	4.90e-19	2.33e-15	2.19e-12	7.19e-10	8.86e-08	5.37e-06	1.45e-04	1.86e-03	2.06e-02	3.88e-01	4.36e-01	1.53e-01
 1.89509e+21	0.00e+00	0.00e+00	0.00e+00	0.00e+00	6.21e-26	3.12e-22	6.92e-19	3.24e-15	2.96e-12	9.43e-10	1.12e-07	6.57e-06	1.71e-04	2.08e-03	2.22e-02	4.00e-01	4.31e-01	1.45e-01
 1.97128e+21	0.00e+00	0.00e+00	0.00e+00	0.00e+00	9.36e-26	4.49e-22	9.52e-19	4.39e-15	3.91e-12	1.21e-09	1.40e-07	7.90e-06	1.98e-04	2.32e-03	2.37e-02	4.11e-01	4.26e-01	1.38e-01
 2.05444e+21	0.00e+00	0.00e+00	0.00e+00	0.00e+00	1.45e-25	6.61e-22	1.34e-18	6.06e-15	5.26e-12	1.58e-09	1.76e-07	9.62e-06	2.32e-04	2.60e-03	2.54e-02	4.22e-01	4.20e-01	1.30e-01
 2.14119e+21	0.00e+00	0.00e+00	0.00e+00	2.63e-29	2.27e-25	9.85e-22	1.90e-18	8.45e-15	7.14e-12	2.08e-09	2.24e-07	1.18e-05	2.72e-04	2.92e-03	2.72e-02	4.34e-01	4.13e-01	1.23e-01
 2.21410e+21	0.00e+00	0.00e+00	0.00e+00	3.96e-29	3.28e-25	1.37e-21	2.53e-18	1.11e-14	9.19e-12	2.61e-09	2.72e-07	1.39e-05	3.10e-04	3.21e-03	2.88e-02	4.43e-01	4.07e-01	1.17e-01
 2.29036e+21	0.00e+00	0.00e+00	0.00e+00	6.03e-29	4.79e-25	1.92e-21	3.41e-18	1.47e-14	1.19e-11	3.29e-09	3.33e-07	1.64e-05	3.55e-04	3.53e-03	3.06e-02	4.53e-01	4.01e-01	1.11e-01
 2.38949e+21	0.00e+00	0.00e+00	0.00e+00	1.03e-28	7.76e-25	2.94e-21	4.96e-18	2.10e-14	1.65e-11	4.42e-09	4.30e-07	2.04e-05	4.21e-04	3.99e-03	3.29e-02	4.65e-01	3.94e-01	1.04e-01
 2.49045e+21	0.00e+00	0.00e+00	0.00e+00	1.76e-28	1.26e-24	4.52e-21	7.23e-18	3.01e-14	2.30e-11	5.95e-09	5.55e-07	2.53e-05	4.99e-04	4.51e-03	3.53e-02	4.77e-01	3.85e-01	9.73e-02
 2.57104e+21	0.00e+00	0.00e+00	0.00e+00	2.68e-28	1.84e-24	6.32e-21	9.71e-18	3.98e-14	2.97e-11	7.49e-09	6.78e-07	2.99e-05	5.70e-04	4.96e-03	3.74e-02	4.86e-01	3.79e-01	9.22e-02
 2.65306e+21	0.00e+00	0.00e+00	0.00e+00	4.08e-28	2.68e-24	8.84e-21	1.30e-17	5.27e-14	3.85e-11	9.43e-09	8.27e-07	3.54e-05	6.51e-04	5.44e-03	3.95e-02	4.95e-01	3.72e-01	8.74e-02
 2.75969e+21	0.00e+00	0.00e+00	0.00e+00	6.97e-28	4.34e-24	1.36e-20	1.89e-17	7.53e-14	5.34e-11	1.27e-08	1.07e-06	4.37e-05	7.69e-04	6.13e-03	4.23e-02	5.06e-01	3.63e-01	8.14e-02
 2.86977e+21	0.00e+00	0.00e+00	0.00e+00	1.20e-27	7.07e-24	2.09e-20	2.77e-17	1.08e-13	7.46e-11	1.71e-08	1.38e-06	5.43e-05	9.12e-04	6.91e-03	4.53e-02	5.17e-01	3.54e-01	7.57e-02
 2.96048e+21	0.00e+00	0.00e+00	0.00e+00	1.86e-27	1.05e-23	2.97e-20	3.76e-17	1.45e-13	9.77e-11	2.17e-08	1.70e-06	6.46e-05	1.04e-03	7.61e-03	4.79e-02	5.26e-01	3.46e-01	7.13e-02
 3.03692e+21	0.00e+00	0.00e+00	0.00e+00	2.68e-27	1.46e-23	3.97e-20	4.85e-17	1.85e-13	1.22e-10	2.66e-08	2.02e-06	7.46e-05	1.17e-03	8.24e-03	5.01e-02	5.33e-01	3.39e-01	6.77e-02
 3.11868e+21	0.00e+00	0.00e+00	0.00e+00	3.94e-27	2.06e-23	5.40e-20	6.34e-17	2.39e-13	1.55e-10	3.28e-08	2.42e-06	8.69e-05	1.32e-03	8.96e-03	5.26e-02	5.40e-01	3.33e-01	6.41e-02
 3.22498e+21	0.00e+00	0.00e+00	0.00e+00	6.42e-27	3.20e-23	7.97e-20	8.90e-17	3.31e-13	2.09e-10	4.29e-08	3.05e-06	1.05e-04	1.53e-03	9.95e-03	5.58e-02	5.49e-01	3.24e-01	5.98e-02
 3.33300e+21	0.00e+00	0.00e+00	0.00e+00	1.05e-26	4.97e-23	1.18e-19	1.25e-16	4.60e-13	2.83e-10	5.62e-08	3.85e-06	1.28e-04	1.78e-03	1.11e-02	5.92e-02	5.58e-01	3.15e-01	5.57e-02
 3.41922e+21	0.00e+00	0.00e+00	0.00e+00	1.54e-26	7.03e-23	1.60e-19	1.64e-16	5.94e-13	3.58e-10	6.95e-08	4.62e-06	1.48e-04	2.00e-03	1.20e-02	6.19e-02	5.64e-01	3.07e-01	5.26e-02
 3.50725e+21	0.00e+00	0.00e+00	0.00e+00	2.27e-26	9.96e-23	2.18e-19	2.14e-16	7.69e-13	4.55e-10	8.60e-08	5.54e-06	1.73e-04	2.26e-03	1.30e-02	6.48e-02	5.70e-01	3.00e-01	4.96e-02
 3.60040e+21	0.00e+00	0.00e+00	0.00e+00	3.41e-26	1.43e-22	3.01e-19	2.83e-16	1.01e-12	5.83e-10	1.07e-07	6.71e-06	2.02e-04	2.55e-03	1.42e-02	6.79e-02	5.76e-01	2.93e-01	4.67e-02
 3.68004e+21	0.00e+00	0.00e+00	0.00e+00	4.82e-26	1.95e-22	3.95e-19	3.59e-16	1.27e-12	7.21e-10	1.30e-07	7.90e-06	2.32e-04	2.83e-03	1.53e-02	7.06e-02	5.81e-01	2.86e-01	4.42e-02
 3.76342e+21	0.00e+00	0.00e+00	0.00e+00	6.86e-26	2.68e-22	5.23e-19	4.58e-16	1.60e-12	8.96e-10	1.58e-07	9.33e-06	2.66e-04	3.15e-03	1.64e-02	7.35e-02	5.86e-01	2.79e-01	4.19e-02
 3.85704e+21	0.00e+00	0.00e+00	0.00e+00	1.01e-25	3.81e-22	7.12e-19	5.99e-16	2.08e-12	1.14e-09	1.95e-07	1.12e-05	3.09e-04	3.55e-03	1.78e-02	7.67e-02	5.90e-01	2.72e-01	3.94e-02
 3.94521e+21	0.00e+00	0.00e+00	0.00e+00	1.46e-25	5.28e-22	9.50e-19	7.70e-16	2.65e-12	1.43e-09	2.39e-07	1.33e-05	3.57e-04	3.96e-03	1.92e-02	7.98e-02	5.95e-01	2.65e-01	3.71e-02
 4.02729e+21	0.00e+00	0.00e+00	0.00e+00	2.04e-25	7.13e-22	1.24e-18	9.69e-16	3.32e-12	1.75e-09	2.87e-07	1.56e-05	4.06e-04	4.38e-03	2.06e-02	8.28e-02	5.98e-01	2.58e-01	3.51e-02
 4.10400e+21	0.00e+00	0.00e+00	2.13e-29	2.79e-25	9.43e-22	1.58e-18	1.20e-15	4.08e-12	2.12e-09	3.41e-07	1.81e-05	4.58e-04	4.81e-03	2.20e-02	8.56e-02	6.01e-01	2.53e-01	3.34e-02
 4.17592e+21	0.00e+00	0.00e+00	2.92e-29	3.72e-25	1.22e-21	1.99e-18	1.46e-15	4.94e-12	2.53e-09	3.99e-07	2.06e-05	5.12e-04	5.24e-03	2.33e-02	8.82e-02	6.04e-01	2.47e-01	3.18e-02
 4.25779e+21	0.00e+00	0.00e+00	4.18e-29	5.15e-25	1.63e-21	2.57e-18	1.82e-15	6.13e-12	3.09e-09	4.77e-07	2.41e-05	5.81e-04	5.77e-03	2.49e-02	9.13e-02	6.07e-01	2.41e-01	3.01e-02
 4.34793e+21	0.00e+00	0.00e+00	6.18e-29	7.34e-25	2.24e-21	3.39e-18	2.31e-15	7.76e-12	3.85e-09	5.80e-07	2.84e-05	6.66e-04	6.41e-03	2.67e-02	9.47e-02	6.09e-01	2.34e-01	2.83e-02
 4.43002e+21	0.00e+00	0.00e+00	8.79e-29	1.01e-24	2.98e-21	4.36e-18	2.87e-15	9.60e-12	4.68e-09	6.91e-07	3.30e-05	7.53e-04	7.05e-03	2.85e-02	9.78e-02	6.11e-01	2.28e-01	2.68e-02
 4.50582e+21	0.00e+00	0.00e+00	1.22e-28	1.35e-24	3.87e-21	5.49e-18	3.50e-15	1.17e-11	5.61e-09	8.13e-07	3.79e-05	8.44e-04	7.69e-03	3.02e-02	1.01e-01	6.13e-01	2.22e-01	2.55e-02
 4.59226e+21	0.00e+00	0.00e+00	1.75e-28	1.88e-24	5.19e-21	7.09e-18	4.37e-15	1.45e-11	6.86e-09	9.73e-07	4.42e-05	9.57e-04	8.47e-03	3.22e-02	1.04e-01	6.14e-01	2.16e-01	2.40e-02
 4.68871e+21	0.00e+00	0.00e+00	2.61e-28	2.71e-24	7.19e-21	9.43e-18	5.59e-15	1.85e-11	8.59e-09	1.19e-06	5.24e-05	1.10e-03	9.42e-03	3.46e-02	1.08e-01	6.15e-01	2.09e-01	2.25e-02
 4.77784e+21	0.00e+00	0.00e+00	3.78e-28	3.78e-24	9.68e-21	1.22e-17	6.99e-15	2.30e-11	1.05e-08	1.43e-06	6.13e-05	1.25e-03	1.04e-02	3.70e-02	1.11e-01	6.16e-01	2.03e-01	2.11e-02
 4.85504e+21	0.00e+00	0.00e+00	5.19e-28	5.03e-24	1.25e-20	1.53e-17	8.47e-15	2.78e-11	1.26e-08	1.67e-06	7.01e-05	1.40e-03	1.13e-02	3.91e-02	1.14e-01	6.16e-01	1.98e-01	2.00e-02
 4.93705e+21	0.00e+00	0.00e+00	7.24e-28	6.80e-24	1.63e-20	1.94e-17	1.03e-14	3.40e-11	1.51e-08	1.98e-06	8.08e-05	1.57e-03	1.23e-02	4.14e-02	1.18e-01	6.16e-01	1.92e-01	1.89e-02
 5.02880e+21	0.00e+00	0.00e+00	1.05e-27	9.51e-24	2.20e-20	2.51e-17	1.29e-14	4.24e-11	1.86e-08	2.37e-06	9.45e-05	1.78e-03	1.36e-02	4.42e-02	1.21e-01	6.15e-01	1.86e-01	1.78e-02
 5.11421e+21	0.00e+00	0.00e+00	1.48e-27	1.29e-23	2.90e-20	3.19e-17	1.59e-14	5.20e-11	2.25e-08	2.81e-06	1.09e-04	2.00e-03	1.49e-02	4.69e-02	1.25e-01	6.14e-01	1.80e-01	1.67e-02
 5.19311e+21	0.00e+00	0.00e+00	2.02e-27	1.72e-23	3.72e-20	3.97e-17	1.91e-14	6.26e-11	2.68e-08	3.29e-06	1.25e-04	2.23e-03	1.61e-02	4.95e-02	1.28e-01	6.13e-01	1.75e-01	1.58e-02
 5.28257e+21	0.00e+00	0.00e+00	2.87e-27	2.36e-23	4.94e-20	5.08e-17	2.36e-14	7.72e-11	3.25e-08	3.92e-06	1.44e-04	2.51e-03	1.77e-02	5.25e-02	1.31e-01	6.12e-01	1.70e-01	1.49e-02
 5.38147e+21	0.00e+00	0.00e+00	4.22e-27	3.34e-23	6.73e-20	6.64e-17	2.96e-14	9.70e-11	4.02e-08	4.74e-06	1.70e-04	2.86e-03	1.95e-02	5.61e-02	1.35e-01	6.09e-01	1.63e-01	1.38e-02
 5.47190e+21	0.00e+00	0.00e+00	6.04e-27	4.61e-23	8.95e-20	8.51e-17	3.65e-14	1.20e-10	4.91e-08	5.66e-06	1.98e-04	3.24e-03	2.14e-02	5.96e-02	1.39e-01	6.06e-01	1.58e-01	1.29e-02
 5.55383e+21	0.00e+00	0.00e+00	8.23e-27	6.09e-23	1.15e-19	1.06e-16	4.39e-14	1.44e-10	5.82e-08	6.60e-06	2.25e-04	3.59e-03	2.31e-02	6.27e-02	1.42e-01	6.04e-01	1.53e-01	1.22e-02
 5.64549e+21	0.00e+00	0.00e+00	1.17e-26	8.35e-23	1.51e-19	1.34e-16	5.39e-14	1.77e-10	7.05e-08	7.84e-06	2.60e-04	4.04e-03	2.53e-02	6.64e-02	1.45e-01	6.00e-01	1.47e-01	1.14e-02
 5.74497e+21	0.00e+00	0.00e+00	1.70e-26	1.17e-22	2.05e-19	1.74e-16	6.72e-14	2.21e-10	8.68e-08	9.45e-06	3.05e-04	4.59e-03	2.78e-02	7.06e-02	1.49e-01	5.96e-01	1.41e-01	1.06e-02
 5.83361e+21	0.00e+00	0.00e+00	2.39e-26	1.59e-22	2.68e-19	2.20e-16	8.17e-14	2.70e-10	1.05e-07	1.12e-05	3.52e-04	5.15e-03	3.03e-02	7.46e-02	1.52e-01	5.91e-01	1.36e-01	9.90e-03
 5.91241e+21	0.00e+00	0.00e+00	3.19e-26	2.06e-22	3.38e-19	2.69e-16	9.67e-14	3.19e-10	1.23e-07	1.29e-05	3.96e-04	5.66e-03	3.26e-02	7.81e-02	1.55e-01	5.87e-01	1.32e-01	9.34e-03
 5.99943e+21	0.00e+00	0.00e+00	4.41e-26	2.76e-22	4.36e-19	3.35e-16	1.16e-13	3.85e-10	1.46e-07	1.51e-05	4.53e-04	6.30e-03	3.53e-02	8.21e-02	1.58e-01	5.82e-01	1.27e-01	8.74e-03
 6.11256e+21	0.00e+00	0.00e+00	6.68e-26	4.01e-22	6.07e-19	4.46e-16	1.48e-13	4.91e-10	1.83e-07	1.85e-05	5.37e-04	7.23e-03	3.91e-02	8.76e-02	1.62e-01	5.75e-01	1.20e-01	8.01e-03
 6.22539e+21	0.00e+00	0.00e+00	1.01e-25	5.81e-22	8.42e-19	5.91e-16	1.87e-13	6.23e-10	2.30e-07	2.26e-05	6.37e-04	8.28e-03	4.32e-02	9.33e-02	1.66e-01	5.67e-01	1.14e-01	7.32e-03
 6.31157e+21	0.00e+00	0.00e+00	1.39e-25	7.71e-22	1.08e-18	7.32e-16	2.24e-13	7.47e-10	2.72e-07	2.63e-05	7.25e-04	9.17e-03	4.66e-02	9.78e-02	1.68e-01	5.61e-01	1.10e-01	6.83e-03
 6.39733e+21	0.00e+00	0.00e+00	1.88e-25	1.02e-21	1.38e-18	9.02e-16	2.67e-13	8.91e-10	3.21e-07	3.06e-05	8.22e-04	1.01e-02	5.02e-02	1.02e-01	1.71e-01	5.54e-01	1.05e-01	6.38e-03
 6.50883e+21	0.00e+00	0.00e+00	2.80e-25	1.45e-21	1.89e-18	1.18e-15	3.34e-13	1.12e-09	3.97e-07	3.70e-05	9.65e-04	1.15e-02	5.51e-02	1.08e-01	1.74e-01	5.44e-01	9.99e-02	5.83e-03
 6.62325e+21	0.00e+00	1.97e-29	4.21e-25	2.09e-21	2.60e-18	1.56e-15	4.20e-13	1.41e-09	4.93e-07	4.50e-05	1.14e-03	1.31e-02	6.06e-02	1.15e-01	1.77e-01	5.34e-01	9.43e-02	5.30e-03
 6.71581e+21	0.00e+00	2.84e-29	5.87e-25	2.81e-21	3.37e-18	1.94e-15	5.05e-13	1.69e-09	5.87e-07	5.27e-05	1.30e-03	1.45e-02	6.54e-02	1.20e-01	1.80e-01	5.24e-01	8.98e-02	4.89e-03
 6.81047e+21	0.00e+00	4.06e-29	8.11e-25	3.76e-21	4.36e-18	2.42e-15	6.06e-13	2.03e-09	6.96e-07	6.14e-05	1.48e-03	1.61e-02	7.03e-02	1.25e-01	1.82e-01	5.15e-01	8.55e-02	4.52e-03
 6.93351e+21	0.00e+00	6.47e-29	1.24e-24	5.49e-21	6.08e-18	3.22e-15	7.67e-13	2.57e-09	8.68e-07	7.48e-05	1.74e-03	1.83e-02	7.73e-02	1.32e-01	1.84e-01	5.02e-01	8.01e-02	4.07e-03
 7.05803e+21	0.00e+00	1.04e-28	1.90e-24	8.04e-21	8.51e-18	4.29e-15	9.73e-13	3.24e-09	1.08e-06	9.12e-05	2.06e-03	2.08e-02	8.48e-02	1.40e-01	1.86e-01	4.88e-01	7.47e-02	3.65e-03
 7.15570e+21	0.00e+00	1.50e-28	2.66e-24	1.09e-20	1.11e-17	5.37e-15	1.17e-12	3.89e-09	1.28e-06	1.07e-04	2.35e-03	2.30e-02	9.11e-02	1.45e-01	1.87e-01	4.77e-01	7.06e-02	3.34e-03
 7.25393e+21	0.00e+00	2.14e-28	3.66e-24	1.45e-20	1.43e-17	6.67e-15	1.40e-12	4.63e-09	1.51e-06	1.23e-04	2.65e-03	2.53e-02	9.74e-02	1.51e-01	1.88e-01	4.65e-01	6.68e-02	3.06e-03
 7.38163e+21	0.00e+00	3.39e-28	5.57e-24	2.11e-20	1.99e-17	8.83e-15	1.77e-12	5.79e-09	1.86e-06	1.49e-04	3.10e-03	2.86e-02	1.06e-01	1.58e-01	1.89e-01	4.50e-01	6.20e-02	2.73e-03
 7.51467e+21	0.00e+00	5.47e-28	8.59e-24	3.11e-20	2.79e-17	1.18e-14	2.25e-12	7.27e-09	2.31e-06	1.81e-04	3.65e-03	3.23e-02	1.16e-01	1.66e-01	1.90e-01	4.33e-01	5.72e-02	2.41e-03
 7.62013e+21	0.00e+00	7.93e-28	1.20e-23	4.21e-20	3.64e-17	1.48e-14	2.71e-12	8.67e-09	2.72e-06	2.10e-04	4.13e-03	3.55e-02	1.23e-01	1.71e-01	1.90e-01	4.20e-01	5.36e-02	2.19e-03
 7.70704e+21	0.00e+00	1.07e-27	1.58e-23	5.38e-20	4.52e-17	1.78e-14	3.15e-12	9.99e-09	3.10e-06	2.36e-04	4.56e-03	3.83e-02	1.30e-01	1.76e-01	1.90e-01	4.09e-01	5.08e-02	2.02e-03
 7.80437e+21	0.00e+00	1.49e-27	2.14e-23	7.04e-20	5.73e-17	2.18e-14	3.73e-12	1.17e-08	3.58e-06	2.69e-04	5.08e-03	4.15e-02	1.37e-01	1.81e-01	1.89e-01	3.96e-01	4.78e-02	1.84e-03
 7.93090e+21	0.00e+00	2.28e-27	3.14e-23	9.94e-20	7.76e-17	2.83e-14	4.61e-12	1.42e-08	4.30e-06	3.17e-04	5.82e-03	4.60e-02	1.47e-01	1.87e-01	1.88e-01	3.80e-01	4.41e-02	1.64e-03
 8.06247e+21	0.00e+00	3.51e-27	4.66e-23	1.42e-19	1.06e-16	3.69e-14	5.75e-12	1.73e-08	5.17e-06	3.74e-04	6.67e-03	5.09e-02	1.57e-01	1.92e-01	1.87e-01	3.63e-01	4.05e-02	1.45e-03
 8.17204e+21	0.00e+00	5.00e-27	6.42e-23	1.89e-19	1.37e-16	4.58e-14	6.87e-12	2.03e-08	5.99e-06	4.27e-04	7.44e-03	5.52e-02	1.66e-01	1.97e-01	1.85e-01	3.50e-01	3.77e-02	1.30e-03
 8.28593e+21	0.00e+00	7.14e-27	8.89e-23	2.53e-19	1.77e-16	5.70e-14	8.24e-12	2.38e-08	6.95e-06	4.88e-04	8.31e-03	5.98e-02	1.75e-01	2.01e-01	1.84e-01	3.36e-01	3.50e-02	1.17e-03
 8.43398e+21	0.00e+00	1.12e-26	1.34e-22	3.66e-19	2.45e-16	7.54e-14	1.04e-11	2.92e-08	8.37e-06	5.77e-04	9.53e-03	6.60e-02	1.86e-01	2.06e-01	1.81e-01	3.18e-01	3.17e-02	1.02e-03
 8.58487e+21	0.00e+00	1.76e-26	2.03e-22	5.30e-19	3.40e-16	9.98e-14	1.31e-11	3.56e-08	1.01e-05	6.79e-04	1.09e-02	7.27e-02	1.98e-01	2.11e-01	1.77e-01	3.00e-01	2.87e-02	8.82e-04
 8.70665e+21	0.00e+00	2.51e-26	2.80e-22	7.09e-19	4.39e-16	1.24e-13	1.57e-11	4.17e-08	1.16e-05	7.71e-04	1.21e-02	7.83e-02	2.07e-01	2.14e-01	1.75e-01	2.86e-01	2.64e-02	7.86e-04
 8.83216e+21	0.00e+00	3.58e-26	3.86e-22	9.48e-19	5.68e-16	1.55e-13	1.88e-11	4.87e-08	1.33e-05	8.75e-04	1.34e-02	8.41e-02	2.17e-01	2.17e-01	1.71e-01	2.72e-01	2.43e-02	6.99e-04
 8.99532e+21	0.00e+00	5.60e-26	5.81e-22	1.37e-18	7.86e-16	2.05e-13	2.38e-11	5.92e-08	1.59e-05	1.02e-03	1.52e-02	9.19e-02	2.28e-01	2.20e-01	1.67e-01	2.55e-01	2.18e-02	6.00e-04
 9.16405e+21	0.00e+00	8.79e-26	8.78e-22	1.99e-18	1.09e-15	2.72e-13	3.00e-11	7.20e-08	1.90e-05	1.20e-03	1.72e-02	1.00e-01	2.40e-01	2.22e-01	1.62e-01	2.37e-01	1.95e-02	5.12e-04
 9.30376e+21	0.00e+00	1.26e-25	1.22e-21	2.68e-18	1.42e-15	3.41e-13	3.63e-11	8.43e-08	2.19e-05	1.35e-03	1.90e-02	1.07e-01	2.49e-01	2.23e-01	1.58e-01	2.24e-01	1.77e-02	4.50e-04
 9.42721e+21	0.00e+00	1.73e-25	1.63e-21	3.48e-18	1.79e-15	4.16e-13	4.28e-11	9.65e-08	2.47e-05	1.50e-03	2.07e-02	1.14e-01	2.57e-01	2.24e-01	1.54e-01	2.12e-01	1.63e-02	4.01e-04
 9.56575e+21	0.00e+00	2.42e-25	2.22e-21	4.59e-18	2.29e-15	5.14e-13	5.10e-11	1.12e-07	2.81e-05	1.68e-03	2.27e-02	1.20e-01	2.65e-01	2.24e-01	1.50e-01	2.00e-01	1.48e-02	3.54e-04
 9.72096e+21	0.00e+00	3.51e-25	3.12e-21	6.24e-18	3.01e-15	6.50e-13	6.20e-11	1.31e-07	3.23e-05	1.90e-03	2.50e-02	1.28e-01	2.74e-01	2.24e-01	1.45e-01	1.87e-01	1.34e-02	3.08e-04
 9.86524e+21	0.00e+00	4.91e-25	4.24e-21	8.24e-18	3.86e-15	8.04e-13	7.40e-11	1.51e-07	3.67e-05	2.12e-03	2.72e-02	1.36e-01	2.82e-01	2.24e-01	1.41e-01	1.76e-01	1.21e-02	2.70e-04
 9.99873e+21	0.00e+00	6.66e-25	5.60e-21	1.06e-17	4.82e-15	9.74e-13	8.69e-11	1.73e-07	4.11e-05	2.34e-03	2.94e-02	1.43e-01	2.89e-01	2.23e-01	1.36e-01	1.66e-01	1.11e-02	2.40e-04
 1.01508e+22	0.00e+00	9.31e-25	7.62e-21	1.40e-17	6.18e-15	1.21e-12	1.04e-10	1.99e-07	4.66e-05	2.61e-03	3.20e-02	1.51e-01	2.96e-01	2.21e-01	1.32e-01	1.56e-01	1.01e-02	2.09e-04
 1.03219e+22	0.00e+00	1.35e-24	1.07e-20	1.90e-17	8.12e-15	1.52e-12	1.26e-10	2.34e-07	5.35e-05	2.93e-03	3.51e-02	1.59e-01	3.04e-01	2.19e-01	1.26e-01	1.44e-01	8.97e-03	1.80e-04
 1.04834e+22	0.00e+00	1.89e-24	1.46e-20	2.52e-17	1.04e-14	1.89e-12	1.51e-10	2.70e-07	6.07e-05	3.26e-03	3.81e-02	1.68e-01	3.10e-01	2.17e-01	1.21e-01	1.34e-01	8.07e-03	1.56e-04
 1.06354e+22	0.00e+00	2.58e-24	1.94e-20	3.27e-17	1.31e-14	2.31e-12	1.79e-10	3.09e-07	6.80e-05	3.60e-03	4.10e-02	1.75e-01	3.15e-01	2.15e-01	1.17e-01	1.26e-01	7.31e-03	1.37e-04
 1.08091e+22	0.00e+00	3.64e-24	2.67e-20	4.35e-17	1.69e-14	2.88e-12	2.15e-10	3.58e-07	7.72e-05	4.00e-03	4.45e-02	1.84e-01	3.21e-01	2.12e-01	1.12e-01	1.16e-01	6.53e-03	1.18e-04
 1.09906e+22	0.00e+00	5.19e-24	3.69e-20	5.84e-17	2.20e-14	3.61e-12	2.60e-10	4.17e-07	8.78e-05	4.46e-03	4.83e-02	1.93e-01	3.26e-01	2.08e-01	1.07e-01	1.07e-01	5.81e-03	1.01e-04
 1.11430e+22	0.00e+00	6.92e-24	4.81e-20	7.43e-17	2.73e-14	4.35e-12	3.04e-10	4.73e-07	9.76e-05	4.86e-03	5.15e-02	2.00e-01	3.30e-01	2.05e-01	1.02e-01	1.00e-01	5.26e-03	8.91e-05
 1.13018e+22	0.00e+00	9.27e-24	6.29e-20	9.48e-17	3.39e-14	5.24e-12	3.55e-10	5.36e-07	1.09e-04	5.31e-03	5.50e-02	2.08e-01	3.34e-01	2.01e-01	9.81e-02	9.37e-02	4.76e-03	7.82e-05
 1.15082e+22	0.00e+00	1.34e-23	8.83e-20	1.29e-16	4.47e-14	6.65e-12	4.34e-10	6.29e-07	1.24e-04	5.93e-03	5.97e-02	2.17e-01	3.38e-01	1.97e-01	9.28e-02	8.56e-02	4.18e-03	6.60e-05
 1.17187e+22	0.00e+00	1.94e-23	1.24e-19	1.76e-16	5.88e-14	8.45e-12	5.30e-10	7.38e-07	1.42e-04	6.61e-03	6.47e-02	2.27e-01	3.41e-01	1.92e-01	8.75e-02	7.81e-02	3.66e-03	5.56e-05
 1.18888e+22	0.00e+00	2.60e-23	1.63e-19	2.25e-16	7.33e-14	1.02e-11	6.22e-10	8.38e-07	1.57e-04	7.20e-03	6.89e-02	2.34e-01	3.43e-01	1.87e-01	8.34e-02	7.24e-02	3.29e-03	4.84e-05
 1.20641e+22	0.00e+00	3.47e-23	2.12e-19	2.86e-16	9.08e-14	1.23e-11	7.27e-10	9.49e-07	1.75e-04	7.82e-03	7.31e-02	2.42e-01	3.45e-01	1.83e-01	7.95e-02	6.72e-02	2.96e-03	4.23e-05
 1.22919e+22	0.00e+00	5.00e-23	2.97e-19	3.88e-16	1.19e-13	1.56e-11	8.88e-10	1.11e-06	1.99e-04	8.69e-03	7.89e-02	2.51e-01	3.46e-01	1.77e-01	7.46e-02	6.09e-02	2.58e-03	3.54e-05
 1.25297e+22	0.00e+00	7.28e-23	4.20e-19	5.32e-16	1.58e-13	1.99e-11	1.09e-09	1.31e-06	2.28e-04	9.67e-03	8.51e-02	2.60e-01	3.46e-01	1.71e-01	6.97e-02	5.50e-02	2.24e-03	2.95e-05
 1.27297e+22	0.00e+00	9.93e-23	5.58e-19	6.90e-16	2.00e-13	2.43e-11	1.29e-09	1.50e-06	2.54e-04	1.06e-02	9.05e-02	2.68e-01	3.46e-01	1.66e-01	6.58e-02	5.04e-02	1.98e-03	2.52e-05
 1.29391e+22	0.00e+00	1.35e-22	7.42e-19	8.92e-16	2.51e-13	2.97e-11	1.53e-09	1.71e-06	2.83e-04	1.15e-02	9.61e-02	2.75e-01	3.46e-01	1.61e-01	6.20e-02	4.62e-02	1.76e-03	2.16e-05
 1.32114e+22	0.00e+00	2.00e-22	1.07e-18	1.24e-15	3.37e-13	3.83e-11	1.90e-09	2.03e-06	3.25e-04	1.28e-02	1.04e-01	2.85e-01	3.44e-01	1.54e-01	5.74e-02	4.13e-02	1.50e-03	1.77e-05
 1.34772e+22	0.00e+00	2.92e-22	1.51e-18	1.70e-15	4.47e-13	4.90e-11	2.33e-09	2.40e-06	3.71e-04	1.42e-02	1.11e-01	2.93e-01	3.42e-01	1.47e-01	5.32e-02	3.69e-02	1.29e-03	1.46e-05
 1.36757e+22	0.00e+00	3.84e-22	1.94e-18	2.14e-15	5.49e-13	5.86e-11	2.71e-09	2.70e-06	4.09e-04	1.53e-02	1.17e-01	2.99e-01	3.40e-01	1.43e-01	5.02e-02	3.40e-02	1.15e-03	1.27e-05
 1.38750e+22	0.00e+00	5.02e-22	2.48e-18	2.68e-15	6.71e-13	6.97e-11	3.14e-09	3.04e-06	4.49e-04	1.64e-02	1.23e-01	3.05e-01	3.38e-01	1.38e-01	4.74e-02	3.13e-02	1.03e-03	1.10e-05
 1.41340e+22	0.00e+00	7.00e-22	3.37e-18	3.54e-15	8.60e-13	8.64e-11	3.76e-09	3.51e-06	5.04e-04	1.79e-02	1.30e-01	3.12e-01	3.34e-01	1.32e-01	4.41e-02	2.83e-02	8.97e-04	9.23e-06
 1.44187e+22	0.00e+00	1.01e-21	4.74e-18	4.82e-15	1.13e-12	1.10e-10	4.61e-09	4.12e-06	5.72e-04	1.98e-02	1.38e-01	3.19e-01	3.30e-01	1.25e-01	4.06e-02	2.52e-02	7.65e-04	7.56e-06
 1.46752e+22	0.00e+00	1.39e-21	6.37e-18	6.30e-15	1.44e-12	1.35e-10	5.49e-09	4.73e-06	6.39e-04	2.15e-02	1.46e-01	3.25e-01	3.26e-01	1.20e-01	3.78e-02	2.27e-02	6.67e-04	6.35e-06
 1.49473e+22	2.14e-29	1.93e-21	8.58e-18	8.26e-15	1.84e-12	1.67e-10	6.56e-09	5.45e-06	7.14e-04	2.33e-02	1.54e-01	3.31e-01	3.21e-01	1.14e-01	3.50e-02	2.04e-02	5.79e-04	5.33e-06
 1.53010e+22	3.15e-29	2.92e-21	1.26e-17	1.17e-14	2.51e-12	2.19e-10	8.24e-09	6.53e-06	8.23e-04	2.59e-02	1.64e-01	3.38e-01	3.14e-01	1.07e-01	3.16e-02	1.78e-02	4.81e-04	4.22e-06
 1.56626e+22	4.57e-29	4.43e-21	1.85e-17	1.66e-14	3.42e-12	2.86e-10	1.03e-08	7.81e-06	9.47e-04	2.87e-02	1.75e-01	3.44e-01	3.07e-01	1.00e-01	2.86e-02	1.55e-02	3.99e-04	3.34e-06
 1.59420e+22	6.02e-29	6.05e-21	2.46e-17	2.15e-14	4.32e-12	3.51e-10	1.23e-08	8.94e-06	1.05e-03	3.10e-02	1.84e-01	3.48e-01	3.01e-01	9.50e-02	2.64e-02	1.39e-02	3.46e-04	2.80e-06
 1.62124e+22	7.83e-29	8.10e-21	3.22e-17	2.75e-14	5.36e-12	4.23e-10	1.44e-08	1.01e-05	1.16e-03	3.33e-02	1.92e-01	3.51e-01	2.95e-01	9.04e-02	2.45e-02	1.26e-02	3.03e-04	2.37e-06
 1.65640e+22	1.09e-28	1.17e-20	4.51e-17	3.73e-14	7.04e-12	5.35e-10	1.75e-08	1.19e-05	1.31e-03	3.64e-02	2.02e-01	3.55e-01	2.87e-01	8.48e-02	2.22e-02	1.10e-02	2.55e-04	1.92e-06
 1.69390e+22	1.54e-28	1.73e-20	6.46e-17	5.17e-14	9.42e-12	6.90e-10	2.17e-08	1.40e-05	1.49e-03	3.99e-02	2.13e-01	3.59e-01	2.78e-01	7.89e-02	2.00e-02	9.59e-03	2.12e-04	1.52e-06
 1.72529e+22	2.02e-28	2.37e-20	8.65e-17	6.73e-14	1.19e-11	8.46e-10	2.57e-08	1.61e-05	1.65e-03	4.29e-02	2.22e-01	3.61e-01	2.71e-01	7.43e-02	1.83e-02	8.54e-03	1.82e-04	1.26e-06
 1.75270e+22	2.55e-28	3.10e-20	1.11e-16	8.42e-14	1.46e-11	1.00e-09	2.98e-08	1.80e-05	1.80e-03	4.57e-02	2.30e-01	3.62e-01	2.64e-01	7.05e-02	1.70e-02	7.73e-03	1.60e-04	1.08e-06
 1.78407e+22	3.33e-28	4.19e-20	1.46e-16	1.08e-13	1.82e-11	1.22e-09	3.50e-08	2.04e-05	1.99e-03	4.89e-02	2.39e-01	3.64e-01	2.57e-01	6.64e-02	1.56e-02	6.91e-03	1.38e-04	8.97e-07
 1.82484e+22	4.63e-28	6.09e-20	2.06e-16	1.48e-13	2.40e-11	1.55e-09	4.28e-08	2.40e-05	2.24e-03	5.32e-02	2.50e-01	3.65e-01	2.48e-01	6.15e-02	1.40e-02	6.00e-03	1.15e-04	7.15e-07
 1.86711e+22	6.44e-28	8.99e-20	2.95e-16	2.05e-13	3.21e-11	1.99e-09	5.29e-08	2.82e-05	2.54e-03	5.80e-02	2.62e-01	3.65e-01	2.38e-01	5.66e-02	1.25e-02	5.16e-03	9.42e-05	5.60e-07
 1.90176e+22	8.35e-28	1.22e-19	3.91e-16	2.64e-13	4.03e-11	2.42e-09	6.24e-08	3.22e-05	2.80e-03	6.21e-02	2.72e-01	3.64e-01	2.30e-01	5.30e-02	1.13e-02	4.57e-03	8.05e-05	4.62e-07
 1.93727e+22	1.09e-27	1.66e-19	5.18e-16	3.41e-13	5.06e-11	2.95e-09	7.36e-08	3.66e-05	3.09e-03	6.63e-02	2.81e-01	3.63e-01	2.22e-01	4.95e-02	1.03e-02	4.04e-03	6.87e-05	3.81e-07
 1.98342e+22	1.52e-27	2.44e-19	7.37e-16	4.69e-13	6.71e-11	3.77e-09	9.03e-08	4.29e-05	3.48e-03	7.19e-02	2.93e-01	3.62e-01	2.12e-01	4.53e-02	9.14e-03	3.47e-03	5.63e-05	2.98e-07
 2.03135e+22	2.12e-27	3.63e-19	1.06e-15	6.54e-13	9.03e-11	4.86e-09	1.12e-07	5.07e-05	3.94e-03	7.82e-02	3.05e-01	3.59e-01	2.01e-01	4.12e-02	8.04e-03	2.94e-03	4.55e-05	2.30e-07
 2.07081e+22	2.76e-27	4.97e-19	1.42e-15	8.52e-13	1.14e-10	5.96e-09	1.33e-07	5.79e-05	4.34e-03	8.34e-02	3.15e-01	3.56e-01	1.93e-01	3.82e-02	7.24e-03	2.57e-03	3.84e-05	1.86e-07
 2.11135e+22	3.61e-27	6.80e-19	1.90e-15	1.11e-12	1.44e-10	7.28e-09	1.57e-07	6.59e-05	4.78e-03	8.89e-02	3.24e-01	3.53e-01	1.85e-01	3.53e-02	6.52e-03	2.25e-03	3.23e-05	1.51e-07
 2.16406e+22	5.06e-27	1.01e-18	2.73e-15	1.54e-12	1.93e-10	9.38e-09	1.94e-07	7.77e-05	5.40e-03	9.62e-02	3.36e-01	3.48e-01	1.74e-01	3.19e-02	5.69e-03	1.90e-03	2.59e-05	0.00e+00
 2.21892e+22	7.08e-27	1.51e-18	3.97e-15	2.16e-12	2.61e-10	1.22e-08	2.42e-07	9.19e-05	6.10e-03	1.04e-01	3.48e-01	3.43e-01	1.64e-01	2.86e-02	4.94e-03	1.58e-03	2.06e-05	0.00e+00
 2.26130e+22	9.07e-27	2.05e-18	5.26e-15	2.79e-12	3.28e-10	1.48e-08	2.85e-07	1.04e-04	6.69e-03	1.11e-01	3.56e-01	3.38e-01	1.56e-01	2.63e-02	4.42e-03	1.38e-03	1.73e-05	0.00e+00
 2.29492e+22	1.10e-26	2.60e-18	6.54e-15	3.40e-12	3.91e-10	1.72e-08	3.23e-07	1.15e-04	7.19e-03	1.16e-01	3.63e-01	3.34e-01	1.50e-01	2.46e-02	4.06e-03	1.24e-03	1.51e-05	0.00e+00
 2.33240e+22	1.37e-26	3.35e-18	8.27e-15	4.21e-12	4.73e-10	2.03e-08	3.71e-07	1.28e-04	7.76e-03	1.21e-01	3.70e-01	3.29e-01	1.44e-01	2.29e-02	3.69e-03	1.10e-03	1.30e-05	0.00e+00
 2.38114e+22	1.80e-26	4.62e-18	1.11e-14	5.50e-12	6.01e-10	2.49e-08	4.40e-07	1.46e-04	8.53e-03	1.29e-01	3.78e-01	3.23e-01	1.36e-01	2.09e-02	3.28e-03	9.47e-04	1.07e-05	0.00e+00
 2.43395e+22	2.39e-26	6.53e-18	1.53e-14	7.37e-12	7.80e-10	3.12e-08	5.32e-07	1.68e-04	9.46e-03	1.38e-01	3.87e-01	3.16e-01	1.27e-01	1.88e-02	2.86e-03	8.00e-04	8.66e-06	0.00e+00
 2.48044e+22	3.03e-26	8.78e-18	2.02e-14	9.46e-12	9.75e-10	3.79e-08	6.26e-07	1.90e-04	1.03e-02	1.45e-01	3.94e-01	3.09e-01	1.20e-01	1.72e-02	2.55e-03	6.92e-04	7.20e-06	0.00e+00
 2.52926e+22	3.90e-26	1.18e-17	2.65e-14	1.21e-11	1.22e-09	4.58e-08	7.34e-07	2.15e-04	1.13e-02	1.53e-01	4.01e-01	3.02e-01	1.14e-01	1.56e-02	2.26e-03	5.98e-04	5.99e-06	0.00e+00
 2.59273e+22	5.35e-26	1.72e-17	3.76e-14	1.67e-11	1.62e-09	5.87e-08	9.04e-07	2.52e-04	1.26e-02	1.64e-01	4.10e-01	2.93e-01	1.05e-01	1.38e-02	1.94e-03	4.93e-04	4.69e-06	0.00e+00
 2.65662e+22	7.26e-26	2.50e-17	5.32e-14	2.29e-11	2.15e-09	7.51e-08	1.11e-06	2.94e-04	1.40e-02	1.75e-01	4.17e-01	2.83e-01	9.69e-02	1.22e-02	1.65e-03	4.05e-04	3.66e-06	0.00e+00
 2.70698e+22	9.05e-26	3.32e-17	6.94e-14	2.92e-11	2.68e-09	9.06e-08	1.30e-06	3.31e-04	1.53e-02	1.84e-01	4.22e-01	2.75e-01	9.09e-02	1.10e-02	1.46e-03	3.48e-04	3.03e-06	0.00e+00
 2.75837e+22	1.14e-25	4.38e-17	8.99e-14	3.71e-11	3.31e-09	1.09e-07	1.52e-06	3.72e-04	1.66e-02	1.92e-01	4.27e-01	2.67e-01	8.51e-02	9.98e-03	1.29e-03	2.99e-04	2.50e-06	0.00e+00
 2.82518e+22	1.53e-25	6.20e-17	1.25e-13	5.00e-11	4.33e-09	1.38e-07	1.85e-06	4.31e-04	1.83e-02	2.04e-01	4.32e-01	2.56e-01	7.82e-02	8.78e-03	1.11e-03	2.46e-04	1.96e-06	0.00e+00
 2.89603e+22	2.04e-25	8.92e-17	1.75e-13	6.83e-11	5.75e-09	1.76e-07	2.27e-06	5.03e-04	2.04e-02	2.17e-01	4.37e-01	2.45e-01	7.14e-02	7.64e-03	9.33e-04	2.00e-04	1.51e-06	0.00e+00
 2.95670e+22	2.59e-25	1.20e-16	2.33e-13	8.88e-11	7.28e-09	2.16e-07	2.71e-06	5.73e-04	2.23e-02	2.28e-01	4.40e-01	2.36e-01	6.58e-02	6.77e-03	8.07e-04	1.67e-04	1.21e-06	0.00e+00
 3.02011e+22	3.31e-25	1.62e-16	3.08e-13	1.15e-10	9.19e-09	2.64e-07	3.21e-06	6.50e-04	2.43e-02	2.39e-01	4.43e-01	2.26e-01	6.07e-02	6.01e-03	6.98e-04	1.40e-04	9.67e-07	0.00e+00
 3.10255e+22	4.49e-25	2.35e-16	4.38e-13	1.59e-10	1.24e-08	3.42e-07	4.00e-06	7.64e-04	2.71e-02	2.53e-01	4.45e-01	2.14e-01	5.45e-02	5.13e-03	5.78e-04	1.11e-04	7.25e-07	0.00e+00
 3.18642e+22	5.97e-25	3.41e-16	6.24e-13	2.21e-10	1.67e-08	4.43e-07	4.99e-06	9.00e-04	3.02e-02	2.68e-01	4.46e-01	2.02e-01	4.87e-02	4.36e-03	4.75e-04	8.75e-05	5.38e-07	0.00e+00
 3.24934e+22	7.30e-25	4.46e-16	8.08e-13	2.82e-10	2.08e-08	5.38e-07	5.90e-06	1.02e-03	3.28e-02	2.80e-01	4.45e-01	1.92e-01	4.46e-02	3.84e-03	4.10e-04	7.29e-05	4.29e-07	0.00e+00
 3.29990e+22	8.58e-25	5.49e-16	9.84e-13	3.38e-10	2.45e-08	6.22e-07	6.67e-06	1.11e-03	3.48e-02	2.88e-01	4.45e-01	1.85e-01	4.17e-02	3.49e-03	3.66e-04	6.36e-05	3.62e-07	0.00e+00
 3.35724e+22	1.03e-24	6.86e-16	1.22e-12	4.14e-10	2.95e-08	7.31e-07	7.66e-06	1.23e-03	3.72e-02	2.98e-01	4.44e-01	1.78e-01	3.87e-02	3.13e-03	3.22e-04	5.44e-05	2.99e-07	0.00e+00
 3.43178e+22	1.28e-24	9.07e-16	1.60e-12	5.32e-10	3.72e-08	8.97e-07	9.13e-06	1.40e-03	4.05e-02	3.11e-01	4.41e-01	1.68e-01	3.50e-02	2.72e-03	2.74e-04	4.46e-05	2.33e-07	0.00e+00
 3.51340e+22	1.61e-24	1.22e-15	2.14e-12	7.00e-10	4.79e-08	1.12e-06	1.11e-05	1.61e-03	4.43e-02	3.25e-01	4.38e-01	1.58e-01	3.13e-02	2.33e-03	2.28e-04	3.57e-05	1.77e-07	0.00e+00
 3.58559e+22	1.94e-24	1.58e-15	2.75e-12	8.86e-10	5.96e-08	1.36e-06	1.31e-05	1.82e-03	4.79e-02	3.37e-01	4.34e-01	1.49e-01	2.84e-02	2.03e-03	1.95e-04	2.94e-05	1.39e-07	0.00e+00
 3.65017e+22	2.28e-24	1.96e-15	3.40e-12	1.09e-09	7.20e-08	1.60e-06	1.51e-05	2.02e-03	5.12e-02	3.47e-01	4.31e-01	1.41e-01	2.60e-02	1.80e-03	1.69e-04	2.47e-05	0.00e+00	0.00e+00
 3.72351e+22	2.74e-24	2.48e-15	4.28e-12	1.35e-09	8.80e-08	1.91e-06	1.76e-05	2.25e-03	5.50e-02	3.58e-01	4.26e-01	1.33e-01	2.36e-02	1.57e-03	1.45e-04	2.06e-05	0.00e+00	0.00e+00
 3.81885e+22	3.43e-24	3.32e-15	5.71e-12	1.77e-09	1.13e-07	2.40e-06	2.14e-05	2.59e-03	6.01e-02	3.72e-01	4.19e-01	1.24e-01	2.09e-02	1.33e-03	1.19e-04	1.62e-05	0.00e+00	0.00e+00
 3.91703e+22	4.20e-24	4.45e-15	7.66e-12	2.35e-09	1.47e-07	3.02e-06	2.63e-05	3.00e-03	6.58e-02	3.87e-01	4.11e-01	1.14e-01	1.83e-02	1.11e-03	9.68e-05	1.26e-05	0.00e+00	0.00e+00
 3.99643e+22	4.87e-24	5.59e-15	9.63e-12	2.92e-09	1.81e-07	3.62e-06	3.09e-05	3.36e-03	7.07e-02	3.98e-01	4.04e-01	1.07e-01	1.64e-02	9.58e-04	8.21e-05	1.03e-05	0.00e+00	0.00e+00
 4.07715e+22	5.71e-24	6.92e-15	1.20e-11	3.59e-09	2.19e-07	4.30e-06	3.59e-05	3.75e-03	7.55e-02	4.08e-01	3.97e-01	1.00e-01	1.48e-02	8.34e-04	7.01e-05	8.51e-06	0.00e+00	0.00e+00
 4.18208e+22	6.93e-24	9.03e-15	1.56e-11	4.64e-09	2.79e-07	5.34e-06	4.34e-05	4.29e-03	8.20e-02	4.21e-01	3.87e-01	9.20e-02	1.30e-02	6.98e-04	5.73e-05	6.67e-06	0.00e+00	0.00e+00
 4.29272e+22	8.23e-24	1.19e-14	2.07e-11	6.08e-09	3.60e-07	6.69e-06	5.31e-05	4.94e-03	8.93e-02	4.34e-01	3.76e-01	8.39e-02	1.12e-02	5.77e-04	4.61e-05	5.14e-06	0.00e+00	0.00e+00
 4.38620e+22	9.39e-24	1.49e-14	2.61e-11	7.58e-09	4.42e-07	8.04e-06	6.25e-05	5.55e-03	9.57e-02	4.44e-01	3.67e-01	7.77e-02	9.96e-03	4.92e-04	3.85e-05	4.14e-06	0.00e+00	0.00e+00
 4.48316e+22	1.09e-23	1.84e-14	3.25e-11	9.36e-09	5.40e-07	9.60e-06	7.32e-05	6.19e-03	1.02e-01	4.53e-01	3.57e-01	7.19e-02	8.85e-03	4.21e-04	3.24e-05	3.35e-06	0.00e+00	0.00e+00
 4.60922e+22	1.29e-23	2.40e-14	4.28e-11	1.22e-08	6.91e-07	1.20e-05	8.91e-05	7.11e-03	1.11e-01	4.64e-01	3.45e-01	6.52e-02	7.62e-03	3.46e-04	2.59e-05	2.57e-06	0.00e+00	0.00e+00
 4.74140e+22	1.49e-23	3.16e-14	5.69e-11	1.60e-08	8.95e-07	1.51e-05	1.10e-04	8.21e-03	1.20e-01	4.75e-01	3.31e-01	5.86e-02	6.49e-03	2.81e-04	2.05e-05	1.94e-06	0.00e+00	0.00e+00
 4.84902e+22	1.64e-23	3.92e-14	7.13e-11	1.99e-08	1.10e-06	1.81e-05	1.29e-04	9.19e-03	1.28e-01	4.83e-01	3.20e-01	5.37e-02	5.71e-03	2.37e-04	1.70e-05	1.54e-06	0.00e+00	0.00e+00
 4.93498e+22	1.77e-23	4.61e-14	8.47e-11	2.34e-08	1.28e-06	2.08e-05	1.46e-04	1.00e-02	1.35e-01	4.88e-01	3.11e-01	5.01e-02	5.15e-03	2.08e-04	1.46e-05	1.29e-06	0.00e+00	0.00e+00
 5.02532e+22	1.95e-23	5.43e-14	1.00e-10	2.76e-08	1.49e-06	2.38e-05	1.65e-04	1.09e-02	1.41e-01	4.93e-01	3.03e-01	4.69e-02	4.67e-03	1.83e-04	1.27e-05	1.09e-06	0.00e+00	0.00e+00
 5.14277e+22	2.16e-23	6.65e-14	1.24e-10	3.38e-08	1.81e-06	2.82e-05	1.92e-04	1.21e-02	1.50e-01	4.99e-01	2.92e-01	4.30e-02	4.11e-03	1.56e-04	1.06e-05	8.75e-07	0.00e+00	0.00e+00
 5.26993e+22	2.39e-23	8.29e-14	1.57e-10	4.22e-08	2.23e-06	3.39e-05	2.26e-04	1.35e-02	1.59e-01	5.04e-01	2.80e-01	3.90e-02	3.57e-03	1.30e-04	8.64e-06	6.88e-07	0.00e+00	0.00e+00
 5.38198e+22	2.51e-23	9.93e-14	1.91e-10	5.08e-08	2.66e-06	3.97e-05	2.61e-04	1.49e-02	1.68e-01	5.08e-01	2.69e-01	3.58e-02	3.16e-03	1.11e-04	7.24e-06	5.58e-07	0.00e+00	0.00e+00
 5.48361e+22	2.75e-23	1.18e-13	2.27e-10	5.99e-08	3.09e-06	4.54e-05	2.94e-04	1.62e-02	1.75e-01	5.11e-01	2.61e-01	3.33e-02	2.85e-03	9.73e-05	6.25e-06	4.68e-07	0.00e+00	0.00e+00
 5.59947e+22	2.91e-23	1.40e-13	2.73e-10	7.14e-08	3.64e-06	5.25e-05	3.35e-04	1.77e-02	1.84e-01	5.14e-01	2.51e-01	3.07e-02	2.53e-03	8.40e-05	5.30e-06	3.84e-07	0.00e+00	0.00e+00
 5.75009e+22	3.23e-23	1.75e-13	3.45e-10	8.89e-08	4.47e-06	6.29e-05	3.94e-04	1.97e-02	1.95e-01	5.16e-01	2.39e-01	2.77e-02	2.19e-03	6.98e-05	4.31e-06	3.01e-07	0.00e+00	0.00e+00
 5.90678e+22	3.55e-23	2.20e-13	4.40e-10	1.12e-07	5.54e-06	7.60e-05	4.67e-04	2.21e-02	2.06e-01	5.18e-01	2.26e-01	2.47e-02	1.87e-03	5.73e-05	3.46e-06	2.31e-07	0.00e+00	0.00e+00
 6.03549e+22	3.72e-23	2.63e-13	5.34e-10	1.34e-07	6.58e-06	8.84e-05	5.35e-04	2.42e-02	2.16e-01	5.18e-01	2.16e-01	2.26e-02	1.65e-03	4.88e-05	2.89e-06	1.87e-07	0.00e+00	0.00e+00
 6.16696e+22	4.09e-23	3.14e-13	6.43e-10	1.60e-07	7.70e-06	1.01e-04	6.04e-04	2.63e-02	2.25e-01	5.18e-01	2.07e-01	2.07e-02	1.46e-03	4.22e-05	2.46e-06	1.54e-07	0.00e+00	0.00e+00
 6.33785e+22	4.57e-23	3.90e-13	8.09e-10	1.98e-07	9.38e-06	1.21e-04	7.05e-04	2.91e-02	2.37e-01	5.17e-01	1.96e-01	1.86e-02	1.26e-03	3.50e-05	1.99e-06	0.00e+00	0.00e+00	0.00e+00
 6.51935e+22	5.12e-23	4.93e-13	1.03e-09	2.49e-07	1.16e-05	1.45e-04	8.31e-04	3.25e-02	2.50e-01	5.15e-01	1.84e-01	1.65e-02	1.07e-03	2.85e-05	1.59e-06	0.00e+00	0.00e+00	0.00e+00
 6.67395e+22	5.54e-23	5.95e-13	1.27e-09	3.00e-07	1.38e-05	1.69e-04	9.54e-04	3.56e-02	2.61e-01	5.12e-01	1.75e-01	1.49e-02	9.31e-04	2.40e-05	1.31e-06	0.00e+00	0.00e+00	0.00e+00
 6.83428e+22	6.21e-23	7.18e-13	1.54e-09	3.59e-07	1.62e-05	1.94e-04	1.08e-03	3.86e-02	2.71e-01	5.09e-01	1.66e-01	1.35e-02	8.19e-04	2.05e-05	1.10e-06	0.00e+00	0.00e+00	0.00e+00
 7.04270e+22	7.20e-23	9.04e-13	1.96e-09	4.49e-07	1.99e-05	2.32e-04	1.26e-03	4.27e-02	2.83e-01	5.04e-01	1.55e-01	1.20e-02	6.96e-04	1.68e-05	8.82e-07	0.00e+00	0.00e+00	0.00e+00
 7.26389e+22	8.36e-23	1.16e-12	2.55e-09	5.70e-07	2.47e-05	2.80e-04	1.49e-03	4.76e-02	2.97e-01	4.98e-01	1.44e-01	1.05e-02	5.82e-04	1.35e-05	6.91e-07	0.00e+00	0.00e+00	0.00e+00
 7.45185e+22	9.37e-23	1.41e-12	3.15e-09	6.94e-07	2.96e-05	3.26e-04	1.71e-03	5.20e-02	3.09e-01	4.92e-01	1.35e-01	9.35e-03	5.00e-04	1.12e-05	5.64e-07	0.00e+00	0.00e+00	0.00e+00
 7.64639e+22	1.08e-22	1.72e-12	3.86e-09	8.33e-07	3.48e-05	3.75e-04	1.93e-03	5.62e-02	3.19e-01	4.86e-01	1.28e-01	8.43e-03	4.36e-04	9.47e-06	4.68e-07	0.00e+00	0.00e+00	0.00e+00
 7.89930e+22	1.29e-22	2.19e-12	4.95e-09	1.05e-06	4.27e-05	4.46e-04	2.25e-03	6.19e-02	3.32e-01	4.77e-01	1.18e-01	7.38e-03	3.67e-04	7.67e-06	3.71e-07	0.00e+00	0.00e+00	0.00e+00
 8.17426e+22	1.55e-22	2.85e-12	6.52e-09	1.34e-06	5.33e-05	5.39e-04	2.65e-03	6.88e-02	3.46e-01	4.67e-01	1.08e-01	6.36e-03	3.02e-04	6.06e-06	2.86e-07	0.00e+00	0.00e+00	0.00e+00
 8.39183e+22	1.79e-22	3.52e-12	8.11e-09	1.63e-06	6.35e-05	6.26e-04	3.02e-03	7.46e-02	3.57e-01	4.58e-01	1.01e-01	5.64e-03	2.59e-04	5.02e-06	2.32e-07	0.00e+00	0.00e+00	0.00e+00
 8.55138e+22	1.98e-22	4.06e-12	9.41e-09	1.87e-06	7.15e-05	6.92e-04	3.30e-03	7.88e-02	3.64e-01	4.51e-01	9.61e-02	5.18e-03	2.32e-04	4.41e-06	2.01e-07	0.00e+00	0.00e+00	0.00e+00
 8.72162e+22	2.22e-22	4.67e-12	1.09e-08	2.13e-06	8.03e-05	7.64e-04	3.60e-03	8.31e-02	3.72e-01	4.44e-01	9.14e-02	4.77e-03	2.09e-04	3.88e-06	1.75e-07	0.00e+00	0.00e+00	0.00e+00
 8.94292e+22	2.58e-22	5.64e-12	1.31e-08	2.51e-06	9.28e-05	8.62e-04	3.98e-03	8.85e-02	3.80e-01	4.36e-01	8.61e-02	4.32e-03	1.84e-04	3.32e-06	1.47e-07	0.00e+00	0.00e+00	0.00e+00
 9.23062e+22	3.07e-22	6.99e-12	1.64e-08	3.07e-06	1.11e-04	1.00e-03	4.54e-03	9.59e-02	3.90e-01	4.25e-01	7.94e-02	3.78e-03	1.56e-04	2.72e-06	0.00e+00	0.00e+00	0.00e+00	0.00e+00
 9.53235e+22	3.71e-22	8.90e-12	2.10e-08	3.82e-06	1.34e-04	1.17e-03	5.21e-03	1.04e-01	4.01e-01	4.12e-01	7.27e-02	3.28e-03	1.30e-04	2.19e-06	0.00e+00	0.00e+00	0.00e+00	0.00e+00
 9.78116e+22	4.32e-22	1.08e-11	2.55e-08	4.55e-06	1.56e-04	1.33e-03	5.80e-03	1.11e-01	4.09e-01	4.02e-01	6.76e-02	2.92e-03	1.12e-04	1.84e-06	0.00e+00	0.00e+00	0.00e+00	0.00e+00
 1.00335e+23	5.00e-22	1.28e-11	3.04e-08	5.31e-06	1.79e-04	1.49e-03	6.39e-03	1.18e-01	4.16e-01	3.92e-01	6.33e-02	2.63e-03	9.87e-05	1.58e-06	0.00e+00	0.00e+00	0.00e+00	0.00e+00
 1.03615e+23	5.99e-22	1.59e-11	3.76e-08	6.43e-06	2.10e-04	1.71e-03	7.17e-03	1.26e-01	4.24e-01	3.80e-01	5.83e-02	2.31e-03	8.41e-05	1.30e-06	0.00e+00	0.00e+00	0.00e+00	0.00e+00
 1.07234e+23	7.33e-22	2.03e-11	4.80e-08	7.97e-06	2.53e-04	1.99e-03	8.15e-03	1.36e-01	4.32e-01	3.66e-01	5.30e-02	1.99e-03	7.00e-05	1.04e-06	0.00e+00	0.00e+00	0.00e+00	0.00e+00
 1.10476e+23	8.74e-22	2.52e-11	5.93e-08	9.61e-06	2.97e-04	2.26e-03	9.10e-03	1.45e-01	4.38e-01	3.54e-01	4.87e-02	1.75e-03	5.96e-05	8.63e-07	0.00e+00	0.00e+00	0.00e+00	0.00e+00
 1.13422e+23	1.02e-21	3.01e-11	7.09e-08	1.12e-05	3.39e-04	2.52e-03	9.97e-03	1.53e-01	4.43e-01	3.44e-01	4.53e-02	1.57e-03	5.20e-05	7.35e-07	0.00e+00	0.00e+00	0.00e+00	0.00e+00
 1.16799e+23	1.20e-21	3.64e-11	8.52e-08	1.32e-05	3.88e-04	2.82e-03	1.09e-02	1.61e-01	4.48e-01	3.33e-01	4.21e-02	1.40e-03	4.54e-05	6.24e-07	0.00e+00	0.00e+00	0.00e+00	0.00e+00
 1.21144e+23	1.45e-21	4.54e-11	1.06e-07	1.60e-05	4.57e-04	3.22e-03	1.22e-02	1.72e-01	4.53e-01	3.20e-01	3.83e-02	1.21e-03	3.82e-05	5.09e-07	0.00e+00	0.00e+00	0.00e+00	0.00e+00
 1.25986e+23	1.81e-21	5.90e-11	1.36e-07	1.99e-05	5.48e-04	3.72e-03	1.37e-02	1.84e-01	4.58e-01	3.05e-01	3.45e-02	1.04e-03	3.15e-05	4.06e-07	0.00e+00	0.00e+00	0.00e+00	0.00e+00
 1.30544e+23	2.20e-21	7.44e-11	1.70e-07	2.42e-05	6.47e-04	4.26e-03	1.54e-02	1.95e-01	4.61e-01	2.92e-01	3.12e-02	8.93e-04	2.63e-05	3.28e-07	0.00e+00	0.00e+00	0.00e+00	0.00e+00
 1.34833e+23	2.61e-21	9.11e-11	2.06e-07	2.86e-05	7.44e-04	4.76e-03	1.68e-02	2.05e-01	4.63e-01	2.80e-01	2.86e-02	7.86e-04	2.26e-05	2.74e-07	0.00e+00	0.00e+00	0.00e+00	0.00e+00
