#depth	C	C+	C+2	C+3	C+4	C+5	C+6	C[1]	C[2]	C[3]	C+[1]	C+[2]	CO
 6.17135e+19	0.00e+00	1.26e-25	6.73e-19	3.71e-13	9.42e-08	4.82e-04	1.00e+00	0.00e+00	0.00e+00	0.00e+00	0.00e+00	0.00e+00	5.86e-85
 1.87609e+20	0.00e+00	2.03e-25	9.41e-19	4.52e-13	1.10e-07	5.41e-04	9.99e-01	0.00e+00	0.00e+00	0.00e+00	0.00e+00	0.00e+00	4.21e-85
 2.90012e+20	0.00e+00	2.94e-25	1.22e-18	5.26e-13	1.24e-07	5.92e-04	9.99e-01	0.00e+00	0.00e+00	0.00e+00	0.00e+00	0.00e+00	3.01e-85
 3.58256e+20	0.00e+00	3.73e-25	1.44e-18	5.79e-13	1.35e-07	6.28e-04	9.99e-01	0.00e+00	0.00e+00	0.00e+00	0.00e+00	0.00e+00	1.97e-85
 4.06367e+20	0.00e+00	4.41e-25	1.62e-18	6.18e-13	1.42e-07	6.54e-04	9.99e-01	0.00e+00	0.00e+00	0.00e+00	0.00e+00	0.00e+00	1.23e-85
 4.40227e+20	0.00e+00	4.93e-25	1.75e-18	6.48e-13	1.48e-07	6.72e-04	9.99e-01	0.00e+00	0.00e+00	0.00e+00	0.00e+00	0.00e+00	7.39e-86
 4.76499e+20	0.00e+00	5.56e-25	1.90e-18	6.80e-13	1.54e-07	6.92e-04	9.99e-01	0.00e+00	0.00e+00	0.00e+00	0.00e+00	0.00e+00	4.39e-86
 5.23653e+20	0.00e+00	6.49e-25	2.12e-18	7.24e-13	1.62e-07	7.19e-04	9.99e-01	0.00e+00	0.00e+00	0.00e+00	0.00e+00	0.00e+00	2.62e-86
 5.75611e+20	0.00e+00	7.67e-25	2.38e-18	7.74e-13	1.71e-07	7.49e-04	9.99e-01	0.00e+00	0.00e+00	0.00e+00	0.00e+00	0.00e+00	1.55e-86
 6.23207e+20	0.00e+00	8.91e-25	2.65e-18	8.23e-13	1.80e-07	7.77e-04	9.99e-01	0.00e+00	0.00e+00	0.00e+00	0.00e+00	0.00e+00	8.96e-87
 6.74475e+20	0.00e+00	1.04e-24	2.96e-18	8.78e-13	1.90e-07	8.08e-04	9.99e-01	0.00e+00	0.00e+00	0.00e+00	0.00e+00	0.00e+00	5.17e-87
 7.31257e+20	0.00e+00	1.24e-24	3.34e-18	9.42e-13	2.01e-07	8.43e-04	9.99e-01	0.00e+00	0.00e+00	0.00e+00	0.00e+00	0.00e+00	3.01e-87
 7.83791e+20	0.00e+00	1.45e-24	3.73e-18	1.00e-12	2.12e-07	8.76e-04	9.99e-01	0.00e+00	0.00e+00	0.00e+00	0.00e+00	0.00e+00	1.80e-87
 8.40667e+20	1.38e-32	1.72e-24	4.19e-18	1.08e-12	2.25e-07	9.13e-04	9.99e-01	0.00e+00	0.00e+00	0.00e+00	0.00e+00	0.00e+00	1.15e-87
 9.00357e+20	1.72e-32	2.04e-24	4.73e-18	1.15e-12	2.39e-07	9.52e-04	9.99e-01	0.00e+00	0.00e+00	0.00e+00	0.00e+00	0.00e+00	5.59e-88
 9.51029e+20	2.08e-32	2.36e-24	5.24e-18	1.23e-12	2.51e-07	9.86e-04	9.99e-01	0.00e+00	0.00e+00	0.00e+00	0.00e+00	0.00e+00	1.01e-87
 1.00423e+21	2.52e-32	2.73e-24	5.82e-18	1.30e-12	2.64e-07	1.02e-03	9.99e-01	0.00e+00	0.00e+00	0.00e+00	0.00e+00	0.00e+00	1.69e-87
 1.07338e+21	3.21e-32	3.31e-24	6.66e-18	1.41e-12	2.82e-07	1.07e-03	9.99e-01	0.00e+00	0.00e+00	0.00e+00	0.00e+00	0.00e+00	3.01e-87
 1.14356e+21	4.10e-32	3.99e-24	7.61e-18	1.53e-12	3.02e-07	1.12e-03	9.99e-01	0.00e+00	0.00e+00	0.00e+00	0.00e+00	0.00e+00	5.85e-87
 1.20003e+21	4.98e-32	4.64e-24	8.47e-18	1.63e-12	3.18e-07	1.16e-03	9.99e-01	0.00e+00	0.00e+00	0.00e+00	0.00e+00	0.00e+00	1.15e-86
 1.25838e+21	6.05e-32	5.40e-24	9.44e-18	1.74e-12	3.36e-07	1.20e-03	9.99e-01	0.00e+00	0.00e+00	0.00e+00	0.00e+00	0.00e+00	1.95e-86
 1.33424e+21	7.77e-32	6.56e-24	1.08e-17	1.89e-12	3.60e-07	1.26e-03	9.99e-01	0.00e+00	0.00e+00	0.00e+00	0.00e+00	0.00e+00	3.31e-86
 1.40870e+21	9.89e-32	7.91e-24	1.24e-17	2.06e-12	3.86e-07	1.32e-03	9.99e-01	0.00e+00	0.00e+00	0.00e+00	0.00e+00	0.00e+00	3.84e-86
 1.46493e+21	1.18e-31	9.10e-24	1.37e-17	2.18e-12	4.06e-07	1.36e-03	9.99e-01	0.00e+00	0.00e+00	0.00e+00	0.00e+00	0.00e+00	1.83e-85
 1.52166e+21	1.41e-31	1.05e-23	1.51e-17	2.32e-12	4.27e-07	1.41e-03	9.99e-01	0.00e+00	0.00e+00	0.00e+00	0.00e+00	0.00e+00	2.09e-85
 1.59540e+21	1.77e-31	1.25e-23	1.72e-17	2.51e-12	4.55e-07	1.47e-03	9.99e-01	0.00e+00	0.00e+00	0.00e+00	0.00e+00	0.00e+00	3.00e-85
 1.67399e+21	2.25e-31	1.50e-23	1.97e-17	2.73e-12	4.88e-07	1.53e-03	9.98e-01	0.00e+00	0.00e+00	0.00e+00	0.00e+00	0.00e+00	5.99e-85
 1.74223e+21	2.76e-31	1.76e-23	2.21e-17	2.93e-12	5.17e-07	1.59e-03	9.98e-01	0.00e+00	0.00e+00	0.00e+00	0.00e+00	0.00e+00	1.19e-84
 1.81432e+21	3.41e-31	2.08e-23	2.49e-17	3.16e-12	5.50e-07	1.66e-03	9.98e-01	0.00e+00	0.00e+00	0.00e+00	0.00e+00	0.00e+00	1.87e-84
 1.89509e+21	4.30e-31	2.50e-23	2.85e-17	3.43e-12	5.89e-07	1.73e-03	9.98e-01	0.00e+00	0.00e+00	0.00e+00	0.00e+00	0.00e+00	3.67e-84
 1.97128e+21	5.35e-31	2.97e-23	3.22e-17	3.71e-12	6.27e-07	1.80e-03	9.98e-01	0.00e+00	0.00e+00	0.00e+00	0.00e+00	0.00e+00	7.06e-84
 2.05444e+21	6.75e-31	3.56e-23	3.68e-17	4.04e-12	6.72e-07	1.88e-03	9.98e-01	0.00e+00	0.00e+00	0.00e+00	0.00e+00	0.00e+00	1.10e-83
 2.14119e+21	8.57e-31	4.30e-23	4.23e-17	4.40e-12	7.21e-07	1.96e-03	9.98e-01	0.00e+00	0.00e+00	0.00e+00	0.00e+00	0.00e+00	2.34e-83
 2.21410e+21	1.05e-30	5.03e-23	4.74e-17	4.73e-12	7.65e-07	2.03e-03	9.98e-01	0.00e+00	0.00e+00	0.00e+00	0.00e+00	0.00e+00	4.33e-83
 2.29036e+21	1.28e-30	5.91e-23	5.33e-17	5.10e-12	8.13e-07	2.11e-03	9.98e-01	0.00e+00	0.00e+00	0.00e+00	0.00e+00	0.00e+00	6.66e-83
 2.38949e+21	1.67e-30	7.26e-23	6.21e-17	5.62e-12	8.80e-07	2.21e-03	9.98e-01	0.00e+00	0.00e+00	0.00e+00	0.00e+00	0.00e+00	1.10e-82
 2.49045e+21	2.17e-30	8.94e-23	7.23e-17	6.19e-12	9.52e-07	2.31e-03	9.98e-01	0.00e+00	0.00e+00	0.00e+00	0.00e+00	0.00e+00	2.35e-82
 2.57104e+21	2.67e-30	1.05e-22	8.15e-17	6.69e-12	1.01e-06	2.40e-03	9.98e-01	0.00e+00	0.00e+00	0.00e+00	0.00e+00	0.00e+00	5.28e-82
 2.65306e+21	3.28e-30	1.24e-22	9.20e-17	7.23e-12	1.08e-06	2.49e-03	9.98e-01	0.00e+00	0.00e+00	0.00e+00	0.00e+00	0.00e+00	9.18e-82
 2.75969e+21	4.28e-30	1.53e-22	1.08e-16	7.99e-12	1.17e-06	2.61e-03	9.97e-01	0.00e+00	0.00e+00	0.00e+00	0.00e+00	0.00e+00	9.85e-82
 2.86977e+21	5.62e-30	1.90e-22	1.26e-16	8.85e-12	1.27e-06	2.74e-03	9.97e-01	0.00e+00	0.00e+00	0.00e+00	0.00e+00	0.00e+00	2.95e-81
 2.96048e+21	7.01e-30	2.27e-22	1.43e-16	9.62e-12	1.36e-06	2.85e-03	9.97e-01	0.00e+00	0.00e+00	0.00e+00	0.00e+00	0.00e+00	6.84e-81
 3.03692e+21	8.43e-30	2.62e-22	1.60e-16	1.03e-11	1.44e-06	2.94e-03	9.97e-01	0.00e+00	0.00e+00	0.00e+00	0.00e+00	0.00e+00	2.08e-80
 3.11868e+21	1.03e-29	3.07e-22	1.79e-16	1.11e-11	1.53e-06	3.05e-03	9.97e-01	0.00e+00	0.00e+00	0.00e+00	0.00e+00	0.00e+00	1.39e-80
 3.22498e+21	1.32e-29	3.74e-22	2.08e-16	1.22e-11	1.65e-06	3.18e-03	9.97e-01	0.00e+00	0.00e+00	0.00e+00	0.00e+00	0.00e+00	2.14e-80
 3.33300e+21	1.70e-29	4.57e-22	2.41e-16	1.35e-11	1.78e-06	3.33e-03	9.97e-01	0.00e+00	0.00e+00	0.00e+00	0.00e+00	0.00e+00	4.13e-80
 3.41922e+21	2.07e-29	5.36e-22	2.72e-16	1.46e-11	1.90e-06	3.44e-03	9.97e-01	0.00e+00	0.00e+00	0.00e+00	0.00e+00	0.00e+00	1.28e-79
 3.50725e+21	2.54e-29	6.30e-22	3.06e-16	1.57e-11	2.02e-06	3.57e-03	9.96e-01	0.00e+00	0.00e+00	0.00e+00	0.00e+00	0.00e+00	1.42e-79
 3.60040e+21	3.14e-29	7.46e-22	3.47e-16	1.71e-11	2.16e-06	3.70e-03	9.96e-01	0.00e+00	0.00e+00	0.00e+00	0.00e+00	0.00e+00	3.55e-79
 3.68004e+21	3.76e-29	8.62e-22	3.87e-16	1.83e-11	2.28e-06	3.82e-03	9.96e-01	0.00e+00	0.00e+00	0.00e+00	0.00e+00	0.00e+00	6.94e-79
 3.76342e+21	4.54e-29	1.00e-21	4.33e-16	1.97e-11	2.42e-06	3.94e-03	9.96e-01	0.00e+00	0.00e+00	0.00e+00	0.00e+00	0.00e+00	1.01e-78
 3.85704e+21	5.59e-29	1.18e-21	4.90e-16	2.14e-11	2.58e-06	4.09e-03	9.96e-01	0.00e+00	0.00e+00	0.00e+00	0.00e+00	0.00e+00	1.01e-78
 3.94521e+21	6.81e-29	1.38e-21	5.51e-16	2.31e-11	2.74e-06	4.22e-03	9.96e-01	0.00e+00	0.00e+00	0.00e+00	0.00e+00	0.00e+00	2.70e-78
 4.02729e+21	8.16e-29	1.60e-21	6.14e-16	2.49e-11	2.90e-06	4.36e-03	9.96e-01	0.00e+00	0.00e+00	0.00e+00	0.00e+00	0.00e+00	9.70e-78
 4.10400e+21	9.68e-29	1.83e-21	6.80e-16	2.66e-11	3.06e-06	4.48e-03	9.96e-01	0.00e+00	0.00e+00	0.00e+00	0.00e+00	0.00e+00	1.51e-77
 4.17592e+21	1.13e-28	2.08e-21	7.47e-16	2.83e-11	3.21e-06	4.60e-03	9.95e-01	0.00e+00	0.00e+00	0.00e+00	0.00e+00	0.00e+00	2.26e-77
 4.25779e+21	1.36e-28	2.40e-21	8.32e-16	3.04e-11	3.40e-06	4.75e-03	9.95e-01	0.00e+00	0.00e+00	0.00e+00	0.00e+00	0.00e+00	3.59e-77
 4.34793e+21	1.65e-28	2.81e-21	9.36e-16	3.28e-11	3.61e-06	4.90e-03	9.95e-01	0.00e+00	0.00e+00	0.00e+00	0.00e+00	0.00e+00	5.95e-77
 4.43002e+21	1.97e-28	3.24e-21	1.04e-15	3.53e-11	3.82e-06	5.05e-03	9.95e-01	0.00e+00	0.00e+00	0.00e+00	0.00e+00	0.00e+00	9.43e-77
 4.50582e+21	2.33e-28	3.71e-21	1.15e-15	3.77e-11	4.02e-06	5.19e-03	9.95e-01	0.00e+00	0.00e+00	0.00e+00	0.00e+00	0.00e+00	1.44e-76
 4.59226e+21	2.81e-28	4.30e-21	1.29e-15	4.06e-11	4.26e-06	5.36e-03	9.95e-01	0.00e+00	0.00e+00	0.00e+00	0.00e+00	0.00e+00	2.32e-76
 4.68871e+21	3.46e-28	5.09e-21	1.46e-15	4.42e-11	4.54e-06	5.54e-03	9.94e-01	0.00e+00	0.00e+00	0.00e+00	0.00e+00	0.00e+00	3.94e-76
 4.77784e+21	4.20e-28	5.94e-21	1.64e-15	4.78e-11	4.82e-06	5.72e-03	9.94e-01	0.00e+00	0.00e+00	0.00e+00	0.00e+00	0.00e+00	6.44e-76
 4.85504e+21	4.96e-28	6.80e-21	1.82e-15	5.11e-11	5.08e-06	5.88e-03	9.94e-01	0.00e+00	0.00e+00	0.00e+00	0.00e+00	0.00e+00	9.84e-76
 4.93705e+21	5.92e-28	7.84e-21	2.03e-15	5.49e-11	5.36e-06	6.05e-03	9.94e-01	0.00e+00	0.00e+00	0.00e+00	0.00e+00	0.00e+00	1.54e-75
 5.02880e+21	7.23e-28	9.20e-21	2.29e-15	5.96e-11	5.70e-06	6.25e-03	9.94e-01	0.00e+00	0.00e+00	0.00e+00	0.00e+00	0.00e+00	2.54e-75
 5.11421e+21	8.70e-28	1.07e-20	2.56e-15	6.42e-11	6.03e-06	6.44e-03	9.94e-01	0.00e+00	0.00e+00	0.00e+00	0.00e+00	0.00e+00	4.04e-75
 5.19311e+21	1.03e-27	1.23e-20	2.84e-15	6.89e-11	6.36e-06	6.62e-03	9.93e-01	0.00e+00	0.00e+00	0.00e+00	0.00e+00	0.00e+00	6.20e-75
 5.28257e+21	1.25e-27	1.43e-20	3.20e-15	7.47e-11	6.75e-06	6.83e-03	9.93e-01	0.00e+00	0.00e+00	0.00e+00	0.00e+00	0.00e+00	1.00e-74
 5.38147e+21	1.55e-27	1.70e-20	3.65e-15	8.16e-11	7.21e-06	7.06e-03	9.93e-01	0.00e+00	0.00e+00	0.00e+00	0.00e+00	0.00e+00	1.71e-74
 5.47190e+21	1.90e-27	2.01e-20	4.13e-15	8.87e-11	7.67e-06	7.29e-03	9.93e-01	0.00e+00	0.00e+00	0.00e+00	0.00e+00	0.00e+00	2.83e-74
 5.55383e+21	2.26e-27	2.31e-20	4.60e-15	9.54e-11	8.09e-06	7.49e-03	9.92e-01	0.00e+00	0.00e+00	0.00e+00	0.00e+00	0.00e+00	4.35e-74
 5.64549e+21	2.76e-27	2.71e-20	5.21e-15	1.04e-10	8.59e-06	7.73e-03	9.92e-01	0.00e+00	0.00e+00	0.00e+00	0.00e+00	0.00e+00	7.12e-74
 5.74497e+21	3.44e-27	3.24e-20	5.96e-15	1.14e-10	9.18e-06	8.00e-03	9.92e-01	0.00e+00	0.00e+00	0.00e+00	0.00e+00	0.00e+00	1.22e-73
 5.83361e+21	4.20e-27	3.81e-20	6.75e-15	1.24e-10	9.76e-06	8.25e-03	9.92e-01	0.00e+00	0.00e+00	0.00e+00	0.00e+00	0.00e+00	1.99e-73
 5.91241e+21	4.97e-27	4.37e-20	7.50e-15	1.33e-10	1.03e-05	8.47e-03	9.92e-01	0.00e+00	0.00e+00	0.00e+00	0.00e+00	0.00e+00	3.00e-73
 5.99943e+21	6.03e-27	5.11e-20	8.45e-15	1.44e-10	1.09e-05	8.72e-03	9.91e-01	0.00e+00	0.00e+00	0.00e+00	0.00e+00	0.00e+00	4.79e-73
 6.11256e+21	7.74e-27	6.27e-20	9.88e-15	1.61e-10	1.17e-05	9.06e-03	9.91e-01	0.00e+00	0.00e+00	0.00e+00	0.00e+00	0.00e+00	8.80e-73
 6.22539e+21	9.97e-27	7.70e-20	1.16e-14	1.79e-10	1.27e-05	9.41e-03	9.91e-01	0.00e+00	0.00e+00	0.00e+00	0.00e+00	0.00e+00	1.62e-72
 6.31157e+21	1.21e-26	9.02e-20	1.31e-14	1.95e-10	1.34e-05	9.69e-03	9.90e-01	0.00e+00	0.00e+00	0.00e+00	0.00e+00	0.00e+00	2.58e-72
 6.39733e+21	1.47e-26	1.05e-19	1.47e-14	2.11e-10	1.42e-05	9.98e-03	9.90e-01	0.00e+00	0.00e+00	0.00e+00	0.00e+00	0.00e+00	4.08e-72
 6.50883e+21	1.88e-26	1.29e-19	1.72e-14	2.35e-10	1.53e-05	1.04e-02	9.90e-01	0.00e+00	0.00e+00	0.00e+00	0.00e+00	0.00e+00	7.41e-72
 6.62325e+21	2.44e-26	1.60e-19	2.03e-14	2.64e-10	1.66e-05	1.08e-02	9.89e-01	0.00e+00	0.00e+00	0.00e+00	0.00e+00	0.00e+00	1.37e-71
 6.71581e+21	3.02e-26	1.90e-19	2.32e-14	2.89e-10	1.76e-05	1.11e-02	9.89e-01	0.00e+00	0.00e+00	0.00e+00	0.00e+00	0.00e+00	2.28e-71
 6.81047e+21	3.72e-26	2.26e-19	2.65e-14	3.17e-10	1.88e-05	1.15e-02	9.89e-01	0.00e+00	0.00e+00	0.00e+00	0.00e+00	0.00e+00	3.74e-71
 6.93351e+21	4.91e-26	2.83e-19	3.16e-14	3.58e-10	2.04e-05	1.19e-02	9.88e-01	0.00e+00	0.00e+00	0.00e+00	0.00e+00	0.00e+00	7.18e-71
 7.05803e+21	6.51e-26	3.56e-19	3.78e-14	4.06e-10	2.21e-05	1.24e-02	9.88e-01	0.00e+00	0.00e+00	0.00e+00	0.00e+00	0.00e+00	1.39e-70
 7.15570e+21	8.17e-26	4.29e-19	4.37e-14	4.48e-10	2.37e-05	1.29e-02	9.87e-01	0.00e+00	0.00e+00	0.00e+00	0.00e+00	0.00e+00	2.36e-70
 7.25393e+21	1.01e-25	5.11e-19	5.00e-14	4.93e-10	2.52e-05	1.33e-02	9.87e-01	0.00e+00	0.00e+00	0.00e+00	0.00e+00	0.00e+00	3.89e-70
 7.38163e+21	1.34e-25	6.45e-19	6.00e-14	5.60e-10	2.74e-05	1.38e-02	9.86e-01	0.00e+00	0.00e+00	0.00e+00	0.00e+00	0.00e+00	7.52e-70
 7.51467e+21	1.80e-25	8.22e-19	7.25e-14	6.39e-10	2.99e-05	1.44e-02	9.86e-01	0.00e+00	0.00e+00	0.00e+00	0.00e+00	0.00e+00	1.49e-69
 7.62013e+21	2.27e-25	9.95e-19	8.41e-14	7.09e-10	3.21e-05	1.49e-02	9.85e-01	0.00e+00	0.00e+00	0.00e+00	0.00e+00	0.00e+00	2.55e-69
 7.70704e+21	2.74e-25	1.16e-18	9.49e-14	7.72e-10	3.39e-05	1.53e-02	9.85e-01	0.00e+00	0.00e+00	0.00e+00	0.00e+00	0.00e+00	3.94e-69
 7.80437e+21	3.37e-25	1.38e-18	1.09e-13	8.48e-10	3.61e-05	1.58e-02	9.84e-01	0.00e+00	0.00e+00	0.00e+00	0.00e+00	0.00e+00	6.37e-69
 7.93090e+21	4.41e-25	1.72e-18	1.29e-13	9.57e-10	3.90e-05	1.65e-02	9.84e-01	0.00e+00	0.00e+00	0.00e+00	0.00e+00	0.00e+00	1.18e-68
 8.06247e+21	5.80e-25	2.16e-18	1.54e-13	1.08e-09	4.24e-05	1.71e-02	9.83e-01	0.00e+00	0.00e+00	0.00e+00	0.00e+00	0.00e+00	2.21e-68
 8.17204e+21	7.25e-25	2.60e-18	1.78e-13	1.20e-09	4.53e-05	1.77e-02	9.82e-01	0.00e+00	0.00e+00	0.00e+00	0.00e+00	0.00e+00	3.71e-68
 8.28593e+21	9.11e-25	3.14e-18	2.07e-13	1.33e-09	4.85e-05	1.83e-02	9.82e-01	0.00e+00	0.00e+00	0.00e+00	0.00e+00	0.00e+00	6.25e-68
 8.43398e+21	1.22e-24	3.99e-18	2.49e-13	1.52e-09	5.29e-05	1.91e-02	9.81e-01	0.00e+00	0.00e+00	0.00e+00	0.00e+00	0.00e+00	1.22e-67
 8.58487e+21	1.63e-24	5.07e-18	3.02e-13	1.74e-09	5.77e-05	1.99e-02	9.80e-01	0.00e+00	0.00e+00	0.00e+00	0.00e+00	0.00e+00	2.36e-67
 8.70665e+21	2.04e-24	6.14e-18	3.50e-13	1.94e-09	6.19e-05	2.06e-02	9.79e-01	0.00e+00	0.00e+00	0.00e+00	0.00e+00	0.00e+00	3.99e-67
 8.83216e+21	2.57e-24	7.42e-18	4.07e-13	2.15e-09	6.63e-05	2.13e-02	9.79e-01	0.00e+00	0.00e+00	0.00e+00	0.00e+00	0.00e+00	6.73e-67
 8.99532e+21	3.43e-24	9.46e-18	4.93e-13	2.47e-09	7.24e-05	2.23e-02	9.78e-01	0.00e+00	0.00e+00	0.00e+00	0.00e+00	0.00e+00	1.31e-66
 9.16405e+21	4.60e-24	1.21e-17	5.98e-13	2.83e-09	7.93e-05	2.33e-02	9.77e-01	0.00e+00	0.00e+00	0.00e+00	0.00e+00	0.00e+00	2.55e-66
 9.30376e+21	5.83e-24	1.47e-17	6.99e-13	3.17e-09	8.52e-05	2.41e-02	9.76e-01	0.00e+00	0.00e+00	0.00e+00	0.00e+00	0.00e+00	4.38e-66
 9.42721e+21	7.17e-24	1.75e-17	8.03e-13	3.49e-09	9.09e-05	2.49e-02	9.75e-01	0.00e+00	0.00e+00	0.00e+00	0.00e+00	0.00e+00	7.04e-66
 9.56575e+21	8.91e-24	2.10e-17	9.28e-13	3.88e-09	9.72e-05	2.57e-02	9.74e-01	0.00e+00	0.00e+00	0.00e+00	0.00e+00	0.00e+00	1.16e-65
 9.72096e+21	1.14e-23	2.58e-17	1.09e-12	4.35e-09	1.05e-04	2.67e-02	9.73e-01	0.00e+00	0.00e+00	0.00e+00	0.00e+00	0.00e+00	2.02e-65
 9.86524e+21	1.42e-23	3.11e-17	1.27e-12	4.84e-09	1.12e-04	2.76e-02	9.72e-01	0.00e+00	0.00e+00	0.00e+00	0.00e+00	0.00e+00	3.34e-65
 9.99873e+21	1.73e-23	3.68e-17	1.45e-12	5.33e-09	1.20e-04	2.85e-02	9.71e-01	0.00e+00	0.00e+00	0.00e+00	0.00e+00	0.00e+00	5.27e-65
 1.01508e+22	2.16e-23	4.43e-17	1.68e-12	5.93e-09	1.28e-04	2.95e-02	9.70e-01	0.00e+00	0.00e+00	0.00e+00	0.00e+00	0.00e+00	8.73e-65
 1.03219e+22	2.75e-23	5.44e-17	1.98e-12	6.67e-09	1.38e-04	3.06e-02	9.69e-01	0.00e+00	0.00e+00	0.00e+00	5.44e-17	4.02e-21	1.52e-64
 1.04834e+22	3.43e-23	6.58e-17	2.30e-12	7.44e-09	1.49e-04	3.17e-02	9.68e-01	0.00e+00	0.00e+00	0.00e+00	6.57e-17	4.86e-21	2.53e-64
 1.06354e+22	4.21e-23	7.82e-17	2.64e-12	8.22e-09	1.59e-04	3.27e-02	9.67e-01	0.00e+00	0.00e+00	0.00e+00	7.82e-17	5.79e-21	4.05e-64
 1.08091e+22	5.27e-23	9.49e-17	3.08e-12	9.19e-09	1.71e-04	3.39e-02	9.66e-01	0.00e+00	0.00e+00	0.00e+00	9.49e-17	7.02e-21	6.80e-64
 1.09906e+22	6.64e-23	1.16e-16	3.61e-12	1.03e-08	1.84e-04	3.51e-02	9.65e-01	0.00e+00	0.00e+00	0.00e+00	1.16e-16	8.56e-21	1.16e-63
 1.11430e+22	8.02e-23	1.36e-16	4.12e-12	1.13e-08	1.95e-04	3.62e-02	9.64e-01	0.00e+00	0.00e+00	0.00e+00	1.36e-16	1.01e-20	1.79e-63
 1.13018e+22	9.70e-23	1.61e-16	4.70e-12	1.25e-08	2.08e-04	3.73e-02	9.62e-01	0.00e+00	0.00e+00	0.00e+00	1.61e-16	1.19e-20	2.78e-63
 1.15082e+22	1.23e-22	1.98e-16	5.55e-12	1.41e-08	2.25e-04	3.88e-02	9.61e-01	0.00e+00	0.00e+00	0.00e+00	1.98e-16	1.46e-20	4.84e-63
 1.17187e+22	1.57e-22	2.44e-16	6.56e-12	1.59e-08	2.44e-04	4.03e-02	9.59e-01	0.00e+00	0.00e+00	0.00e+00	2.44e-16	1.80e-20	8.43e-63
 1.18888e+22	1.90e-22	2.88e-16	7.51e-12	1.75e-08	2.60e-04	4.16e-02	9.58e-01	0.00e+00	0.00e+00	0.00e+00	2.88e-16	2.14e-20	1.31e-62
 1.20641e+22	2.28e-22	3.39e-16	8.54e-12	1.92e-08	2.76e-04	4.28e-02	9.57e-01	0.00e+00	0.00e+00	0.00e+00	3.39e-16	2.51e-20	2.01e-62
 1.22919e+22	2.88e-22	4.17e-16	1.01e-11	2.17e-08	2.99e-04	4.45e-02	9.55e-01	0.00e+00	0.00e+00	0.00e+00	4.17e-16	3.08e-20	3.49e-62
 1.25297e+22	3.65e-22	5.16e-16	1.20e-11	2.46e-08	3.24e-04	4.63e-02	9.53e-01	0.00e+00	0.00e+00	0.00e+00	5.16e-16	3.81e-20	6.11e-62
 1.27297e+22	4.45e-22	6.16e-16	1.38e-11	2.73e-08	3.47e-04	4.79e-02	9.52e-01	0.00e+00	0.00e+00	0.00e+00	6.16e-16	4.55e-20	9.71e-62
 1.29391e+22	5.39e-22	7.32e-16	1.59e-11	3.03e-08	3.71e-04	4.94e-02	9.50e-01	0.00e+00	0.00e+00	0.00e+00	7.32e-16	5.41e-20	1.53e-61
 1.32114e+22	6.88e-22	9.14e-16	1.90e-11	3.45e-08	4.04e-04	5.15e-02	9.48e-01	0.00e+00	0.00e+00	0.00e+00	9.14e-16	6.75e-20	2.74e-61
 1.34772e+22	8.66e-22	1.13e-15	2.26e-11	3.92e-08	4.39e-04	5.36e-02	9.46e-01	0.00e+00	0.00e+00	0.00e+00	1.13e-15	8.36e-20	4.77e-61
 1.36757e+22	1.02e-21	1.32e-15	2.56e-11	4.29e-08	4.66e-04	5.52e-02	9.44e-01	0.00e+00	0.00e+00	0.00e+00	1.32e-15	9.76e-20	7.13e-61
 1.38750e+22	1.21e-21	1.54e-15	2.89e-11	4.70e-08	4.94e-04	5.68e-02	9.43e-01	0.00e+00	0.00e+00	0.00e+00	1.54e-15	1.14e-19	1.06e-60
 1.41340e+22	1.46e-21	1.85e-15	3.36e-11	5.24e-08	5.31e-04	5.88e-02	9.41e-01	0.00e+00	0.00e+00	0.00e+00	1.85e-15	1.36e-19	1.71e-60
 1.44187e+22	1.83e-21	2.29e-15	3.98e-11	5.94e-08	5.76e-04	6.11e-02	9.38e-01	0.00e+00	0.00e+00	0.00e+00	2.29e-15	1.69e-19	2.94e-60
 1.46752e+22	2.20e-21	2.74e-15	4.61e-11	6.62e-08	6.18e-04	6.32e-02	9.36e-01	0.00e+00	0.00e+00	0.00e+00	2.74e-15	2.02e-19	4.67e-60
 1.49473e+22	2.65e-21	3.29e-15	5.33e-11	7.37e-08	6.63e-04	6.54e-02	9.34e-01	0.00e+00	0.00e+00	0.00e+00	3.29e-15	2.42e-19	7.44e-60
 1.53010e+22	3.39e-21	4.17e-15	6.47e-11	8.49e-08	7.27e-04	6.84e-02	9.31e-01	0.00e+00	0.00e+00	0.00e+00	4.17e-15	3.06e-19	1.36e-59
 1.56626e+22	4.27e-21	5.28e-15	7.82e-11	9.77e-08	7.97e-04	7.14e-02	9.28e-01	0.00e+00	0.00e+00	0.00e+00	5.28e-15	3.87e-19	2.47e-59
 1.59420e+22	5.07e-21	6.30e-15	9.03e-11	1.09e-07	8.54e-04	7.38e-02	9.25e-01	0.00e+00	0.00e+00	0.00e+00	6.30e-15	4.62e-19	3.85e-59
 1.62124e+22	5.95e-21	7.43e-15	1.03e-10	1.20e-07	9.10e-04	7.61e-02	9.23e-01	0.00e+00	0.00e+00	0.00e+00	7.43e-15	5.43e-19	5.81e-59
 1.65640e+22	7.26e-21	9.12e-15	1.22e-10	1.35e-07	9.85e-04	7.90e-02	9.20e-01	0.00e+00	0.00e+00	0.00e+00	9.12e-15	6.66e-19	9.76e-59
 1.69390e+22	8.97e-21	1.14e-14	1.46e-10	1.55e-07	1.08e-03	8.24e-02	9.17e-01	0.00e+00	0.00e+00	0.00e+00	1.14e-14	8.33e-19	1.70e-58
 1.72529e+22	1.06e-20	1.37e-14	1.69e-10	1.73e-07	1.15e-03	8.52e-02	9.14e-01	0.00e+00	0.00e+00	0.00e+00	1.37e-14	9.97e-19	2.65e-58
 1.75270e+22	1.22e-20	1.59e-14	1.91e-10	1.89e-07	1.22e-03	8.76e-02	9.11e-01	0.00e+00	0.00e+00	0.00e+00	1.59e-14	1.16e-18	3.86e-58
 1.78407e+22	1.43e-20	1.89e-14	2.20e-10	2.09e-07	1.31e-03	9.05e-02	9.08e-01	0.00e+00	0.00e+00	0.00e+00	1.89e-14	1.38e-18	5.89e-58
 1.82484e+22	1.73e-20	2.34e-14	2.61e-10	2.38e-07	1.42e-03	9.41e-02	9.05e-01	0.00e+00	0.00e+00	0.00e+00	2.34e-14	1.70e-18	9.95e-58
 1.86711e+22	2.11e-20	2.94e-14	3.13e-10	2.72e-07	1.55e-03	9.81e-02	9.00e-01	0.00e+00	0.00e+00	0.00e+00	2.94e-14	2.13e-18	1.72e-57
 1.90176e+22	2.46e-20	3.51e-14	3.62e-10	3.03e-07	1.66e-03	1.01e-01	8.97e-01	0.00e+00	0.00e+00	0.00e+00	3.51e-14	2.54e-18	2.63e-57
 1.93727e+22	2.88e-20	4.19e-14	4.18e-10	3.37e-07	1.78e-03	1.05e-01	8.94e-01	0.00e+00	0.00e+00	0.00e+00	4.19e-14	3.03e-18	4.05e-57
 1.98342e+22	3.49e-20	5.23e-14	4.99e-10	3.85e-07	1.94e-03	1.09e-01	8.89e-01	0.00e+00	0.00e+00	0.00e+00	5.23e-14	3.76e-18	6.91e-57
 2.03135e+22	4.24e-20	6.62e-14	6.05e-10	4.43e-07	2.13e-03	1.14e-01	8.84e-01	0.00e+00	0.00e+00	0.00e+00	6.62e-14	4.75e-18	1.21e-56
 2.07081e+22	4.94e-20	7.98e-14	7.04e-10	4.96e-07	2.29e-03	1.18e-01	8.80e-01	0.00e+00	0.00e+00	0.00e+00	7.98e-14	5.72e-18	1.87e-56
 2.11135e+22	5.79e-20	9.61e-14	8.18e-10	5.54e-07	2.46e-03	1.22e-01	8.76e-01	0.00e+00	0.00e+00	0.00e+00	9.61e-14	6.87e-18	2.92e-56
 2.16406e+22	7.04e-20	1.21e-13	9.90e-10	6.38e-07	2.69e-03	1.27e-01	8.70e-01	0.00e+00	0.00e+00	0.00e+00	1.21e-13	8.66e-18	5.09e-56
 2.21892e+22	8.54e-20	1.55e-13	1.21e-09	7.39e-07	2.96e-03	1.32e-01	8.65e-01	0.00e+00	0.00e+00	0.00e+00	1.55e-13	1.10e-17	8.98e-56
 2.26130e+22	9.85e-20	1.87e-13	1.40e-09	8.26e-07	3.18e-03	1.37e-01	8.60e-01	0.00e+00	0.00e+00	0.00e+00	1.86e-13	1.33e-17	1.38e-55
 2.29492e+22	1.10e-19	2.15e-13	1.58e-09	9.00e-07	3.36e-03	1.40e-01	8.56e-01	0.00e+00	0.00e+00	0.00e+00	2.15e-13	1.53e-17	1.92e-55
 2.33240e+22	1.25e-19	2.52e-13	1.79e-09	9.88e-07	3.57e-03	1.44e-01	8.52e-01	0.00e+00	0.00e+00	0.00e+00	2.51e-13	1.78e-17	2.76e-55
 2.38114e+22	1.46e-19	3.06e-13	2.10e-09	1.11e-06	3.85e-03	1.49e-01	8.47e-01	0.00e+00	0.00e+00	0.00e+00	3.06e-13	2.16e-17	4.37e-55
 2.43395e+22	1.73e-19	3.80e-13	2.50e-09	1.27e-06	4.19e-03	1.55e-01	8.41e-01	0.00e+00	0.00e+00	0.00e+00	3.80e-13	2.68e-17	7.19e-55
 2.48044e+22	1.99e-19	4.58e-13	2.91e-09	1.42e-06	4.50e-03	1.60e-01	8.35e-01	0.00e+00	0.00e+00	0.00e+00	4.58e-13	3.22e-17	1.10e-54
 2.52926e+22	2.31e-19	5.50e-13	3.39e-09	1.59e-06	4.83e-03	1.66e-01	8.30e-01	0.00e+00	0.00e+00	0.00e+00	5.50e-13	3.86e-17	1.69e-54
 2.59273e+22	2.80e-19	7.02e-13	4.13e-09	1.84e-06	5.31e-03	1.73e-01	8.22e-01	0.00e+00	0.00e+00	0.00e+00	7.02e-13	4.91e-17	2.95e-54
 2.65662e+22	3.35e-19	8.94e-13	5.03e-09	2.13e-06	5.83e-03	1.80e-01	8.14e-01	0.00e+00	0.00e+00	0.00e+00	8.93e-13	6.23e-17	5.10e-54
 2.70698e+22	3.82e-19	1.08e-12	5.86e-09	2.38e-06	6.27e-03	1.86e-01	8.08e-01	0.00e+00	0.00e+00	0.00e+00	1.08e-12	7.49e-17	7.72e-54
 2.75837e+22	4.40e-19	1.29e-12	6.82e-09	2.66e-06	6.73e-03	1.92e-01	8.01e-01	0.00e+00	0.00e+00	0.00e+00	1.29e-12	8.97e-17	1.17e-53
 2.82518e+22	5.28e-19	1.63e-12	8.25e-09	3.07e-06	7.36e-03	2.00e-01	7.93e-01	0.00e+00	0.00e+00	0.00e+00	1.63e-12	1.13e-16	1.99e-53
 2.89603e+22	6.30e-19	2.08e-12	1.01e-08	3.56e-06	8.09e-03	2.08e-01	7.84e-01	0.00e+00	0.00e+00	0.00e+00	2.08e-12	1.44e-16	3.46e-53
 2.95670e+22	7.30e-19	2.57e-12	1.20e-08	4.05e-06	8.77e-03	2.15e-01	7.76e-01	0.00e+00	0.00e+00	0.00e+00	2.56e-12	1.77e-16	5.48e-53
 3.02011e+22	8.52e-19	3.15e-12	1.42e-08	4.59e-06	9.50e-03	2.23e-01	7.68e-01	0.00e+00	0.00e+00	0.00e+00	3.15e-12	2.16e-16	8.72e-53
 3.10255e+22	1.04e-18	4.09e-12	1.76e-08	5.40e-06	1.05e-02	2.33e-01	7.57e-01	0.00e+00	0.00e+00	0.00e+00	4.09e-12	2.80e-16	1.57e-52
 3.18642e+22	1.24e-18	5.34e-12	2.20e-08	6.36e-06	1.17e-02	2.43e-01	7.45e-01	0.00e+00	0.00e+00	0.00e+00	5.34e-12	3.65e-16	2.82e-52
 3.24934e+22	1.42e-18	6.52e-12	2.60e-08	7.21e-06	1.26e-02	2.51e-01	7.36e-01	0.00e+00	0.00e+00	0.00e+00	6.52e-12	4.46e-16	4.36e-52
 3.29990e+22	1.57e-18	7.56e-12	2.94e-08	7.90e-06	1.33e-02	2.57e-01	7.29e-01	0.00e+00	0.00e+00	0.00e+00	7.55e-12	5.16e-16	6.07e-52
 3.35724e+22	1.78e-18	8.93e-12	3.38e-08	8.78e-06	1.42e-02	2.64e-01	7.21e-01	0.00e+00	0.00e+00	0.00e+00	8.93e-12	6.09e-16	8.79e-52
 3.43178e+22	2.07e-18	1.10e-11	4.04e-08	1.00e-05	1.55e-02	2.73e-01	7.11e-01	0.00e+00	0.00e+00	0.00e+00	1.10e-11	7.50e-16	1.40e-51
 3.51340e+22	2.42e-18	1.39e-11	4.90e-08	1.16e-05	1.69e-02	2.84e-01	6.99e-01	0.00e+00	0.00e+00	0.00e+00	1.39e-11	9.43e-16	2.32e-51
 3.58559e+22	2.74e-18	1.70e-11	5.80e-08	1.31e-05	1.83e-02	2.93e-01	6.89e-01	0.00e+00	0.00e+00	0.00e+00	1.70e-11	1.15e-15	3.58e-51
 3.65017e+22	3.08e-18	2.02e-11	6.73e-08	1.47e-05	1.96e-02	3.01e-01	6.80e-01	0.00e+00	0.00e+00	0.00e+00	2.02e-11	1.37e-15	5.22e-51
 3.72351e+22	3.49e-18	2.43e-11	7.86e-08	1.65e-05	2.11e-02	3.09e-01	6.70e-01	0.00e+00	0.00e+00	0.00e+00	2.43e-11	1.64e-15	7.86e-51
 3.81885e+22	4.10e-18	3.07e-11	9.59e-08	1.92e-05	2.31e-02	3.20e-01	6.56e-01	0.00e+00	0.00e+00	0.00e+00	3.07e-11	2.07e-15	1.31e-50
 3.91703e+22	4.73e-18	3.91e-11	1.18e-07	2.25e-05	2.54e-02	3.32e-01	6.42e-01	0.00e+00	0.00e+00	0.00e+00	3.91e-11	2.63e-15	2.22e-50
 3.99643e+22	5.24e-18	4.73e-11	1.39e-07	2.54e-05	2.74e-02	3.42e-01	6.31e-01	0.00e+00	0.00e+00	0.00e+00	4.73e-11	3.18e-15	3.33e-50
 4.07715e+22	5.89e-18	5.66e-11	1.62e-07	2.85e-05	2.94e-02	3.51e-01	6.20e-01	0.00e+00	0.00e+00	0.00e+00	5.66e-11	3.79e-15	4.93e-50
 4.18208e+22	6.77e-18	7.09e-11	1.97e-07	3.30e-05	3.21e-02	3.62e-01	6.05e-01	0.00e+00	0.00e+00	0.00e+00	7.09e-11	4.73e-15	8.06e-50
 4.29272e+22	7.63e-18	8.98e-11	2.41e-07	3.86e-05	3.52e-02	3.75e-01	5.90e-01	0.00e+00	0.00e+00	0.00e+00	8.98e-11	5.99e-15	1.34e-49
 4.38620e+22	8.35e-18	1.09e-10	2.85e-07	4.38e-05	3.80e-02	3.85e-01	5.77e-01	0.00e+00	0.00e+00	0.00e+00	1.09e-10	7.25e-15	2.04e-49
 4.48316e+22	9.27e-18	1.31e-10	3.34e-07	4.94e-05	4.09e-02	3.95e-01	5.64e-01	0.00e+00	0.00e+00	0.00e+00	1.31e-10	8.69e-15	3.05e-49
 4.60922e+22	1.05e-17	1.65e-10	4.09e-07	5.76e-05	4.48e-02	4.07e-01	5.48e-01	0.00e+00	0.00e+00	0.00e+00	1.65e-10	1.09e-14	5.05e-49
 4.74140e+22	1.15e-17	2.09e-10	5.04e-07	6.76e-05	4.92e-02	4.20e-01	5.31e-01	0.00e+00	0.00e+00	0.00e+00	2.09e-10	1.38e-14	8.52e-49
 4.84902e+22	1.21e-17	2.53e-10	5.94e-07	7.66e-05	5.30e-02	4.30e-01	5.17e-01	0.00e+00	0.00e+00	0.00e+00	2.53e-10	1.66e-14	1.29e-48
 4.93498e+22	1.26e-17	2.92e-10	6.75e-07	8.45e-05	5.61e-02	4.37e-01	5.07e-01	0.00e+00	0.00e+00	0.00e+00	2.92e-10	1.92e-14	1.76e-48
 5.02532e+22	1.34e-17	3.36e-10	7.63e-07	9.28e-05	5.92e-02	4.45e-01	4.96e-01	0.00e+00	0.00e+00	0.00e+00	3.36e-10	2.20e-14	2.41e-48
 5.14277e+22	1.42e-17	4.01e-10	8.91e-07	1.04e-04	6.34e-02	4.54e-01	4.83e-01	0.00e+00	0.00e+00	0.00e+00	4.01e-10	2.62e-14	3.57e-48
 5.26993e+22	1.50e-17	4.85e-10	1.05e-06	1.19e-04	6.83e-02	4.64e-01	4.68e-01	0.00e+00	0.00e+00	0.00e+00	4.85e-10	3.16e-14	5.45e-48
 5.38198e+22	1.52e-17	5.71e-10	1.22e-06	1.33e-04	7.28e-02	4.72e-01	4.55e-01	0.00e+00	0.00e+00	0.00e+00	5.71e-10	3.71e-14	7.78e-48
 5.48361e+22	1.59e-17	6.56e-10	1.37e-06	1.46e-04	7.68e-02	4.79e-01	4.45e-01	0.00e+00	0.00e+00	0.00e+00	6.56e-10	4.24e-14	1.07e-47
 5.59947e+22	1.61e-17	7.62e-10	1.57e-06	1.61e-04	8.13e-02	4.86e-01	4.33e-01	0.00e+00	0.00e+00	0.00e+00	7.62e-10	4.91e-14	1.50e-47
 5.75009e+22	1.70e-17	9.17e-10	1.85e-06	1.83e-04	8.73e-02	4.95e-01	4.18e-01	0.00e+00	0.00e+00	0.00e+00	9.17e-10	5.87e-14	2.29e-47
 5.90678e+22	1.75e-17	1.11e-09	2.20e-06	2.09e-04	9.41e-02	5.04e-01	4.02e-01	0.00e+00	0.00e+00	0.00e+00	1.11e-09	7.10e-14	3.55e-47
 6.03549e+22	1.75e-17	1.30e-09	2.52e-06	2.32e-04	9.98e-02	5.10e-01	3.90e-01	0.00e+00	0.00e+00	0.00e+00	1.30e-09	8.26e-14	5.04e-47
 6.16696e+22	1.83e-17	1.50e-09	2.86e-06	2.55e-04	1.05e-01	5.16e-01	3.78e-01	0.00e+00	0.00e+00	0.00e+00	1.50e-09	9.46e-14	7.02e-47
 6.33785e+22	1.92e-17	1.79e-09	3.35e-06	2.88e-04	1.12e-01	5.23e-01	3.64e-01	0.00e+00	0.00e+00	0.00e+00	1.79e-09	1.12e-13	1.06e-46
 6.51935e+22	2.01e-17	2.16e-09	3.96e-06	3.27e-04	1.21e-01	5.30e-01	3.49e-01	0.00e+00	0.00e+00	0.00e+00	2.16e-09	1.35e-13	1.64e-46
 6.67395e+22	2.05e-17	2.52e-09	4.55e-06	3.65e-04	1.28e-01	5.36e-01	3.36e-01	0.00e+00	0.00e+00	0.00e+00	2.52e-09	1.57e-13	2.35e-46
 6.83428e+22	2.15e-17	2.91e-09	5.17e-06	4.02e-04	1.35e-01	5.40e-01	3.24e-01	0.00e+00	0.00e+00	0.00e+00	2.91e-09	1.79e-13	3.31e-46
 7.04270e+22	2.31e-17	3.48e-09	6.06e-06	4.54e-04	1.44e-01	5.46e-01	3.10e-01	0.00e+00	0.00e+00	0.00e+00	3.48e-09	2.12e-13	5.07e-46
 7.26389e+22	2.46e-17	4.21e-09	7.19e-06	5.17e-04	1.54e-01	5.51e-01	2.95e-01	0.00e+00	0.00e+00	0.00e+00	4.21e-09	2.55e-13	7.99e-46
 7.45185e+22	2.56e-17	4.91e-09	8.27e-06	5.77e-04	1.63e-01	5.54e-01	2.82e-01	0.00e+00	0.00e+00	0.00e+00	4.91e-09	2.96e-13	1.16e-45
 7.64639e+22	2.74e-17	5.67e-09	9.39e-06	6.35e-04	1.72e-01	5.57e-01	2.71e-01	0.00e+00	0.00e+00	0.00e+00	5.67e-09	3.38e-13	1.64e-45
 7.89930e+22	2.97e-17	6.76e-09	1.10e-05	7.16e-04	1.82e-01	5.59e-01	2.57e-01	0.00e+00	0.00e+00	0.00e+00	6.75e-09	3.98e-13	2.53e-45
 8.17426e+22	3.21e-17	8.18e-09	1.31e-05	8.17e-04	1.95e-01	5.61e-01	2.43e-01	0.00e+00	0.00e+00	0.00e+00	8.18e-09	4.77e-13	4.04e-45
 8.39183e+22	3.40e-17	9.50e-09	1.49e-05	9.05e-04	2.05e-01	5.62e-01	2.31e-01	0.00e+00	0.00e+00	0.00e+00	9.50e-09	5.50e-13	5.88e-45
 8.55138e+22	3.53e-17	1.05e-08	1.64e-05	9.71e-04	2.13e-01	5.63e-01	2.24e-01	0.00e+00	0.00e+00	0.00e+00	1.05e-08	6.05e-13	7.57e-45
 8.72162e+22	3.73e-17	1.16e-08	1.79e-05	1.04e-03	2.20e-01	5.63e-01	2.16e-01	0.00e+00	0.00e+00	0.00e+00	1.16e-08	6.62e-13	9.65e-45
 8.94292e+22	3.99e-17	1.31e-08	1.99e-05	1.13e-03	2.29e-01	5.62e-01	2.07e-01	0.00e+00	0.00e+00	0.00e+00	1.31e-08	7.40e-13	1.33e-44
 9.23062e+22	4.30e-17	1.52e-08	2.28e-05	1.25e-03	2.41e-01	5.61e-01	1.97e-01	0.00e+00	0.00e+00	0.00e+00	1.52e-08	8.45e-13	1.93e-44
 9.53235e+22	4.63e-17	1.78e-08	2.64e-05	1.40e-03	2.54e-01	5.59e-01	1.85e-01	4.60e-17	2.53e-19	5.92e-20	1.78e-08	9.81e-13	2.92e-44
 9.78116e+22	4.90e-17	2.03e-08	2.96e-05	1.53e-03	2.65e-01	5.57e-01	1.76e-01	4.87e-17	2.64e-19	6.18e-20	2.03e-08	1.10e-12	4.07e-44
 1.00335e+23	5.21e-17	2.26e-08	3.27e-05	1.65e-03	2.75e-01	5.55e-01	1.69e-01	5.17e-17	2.75e-19	6.45e-20	2.26e-08	1.21e-12	5.43e-44
 1.03615e+23	5.60e-17	2.59e-08	3.70e-05	1.81e-03	2.87e-01	5.52e-01	1.60e-01	5.56e-17	2.89e-19	6.77e-20	2.59e-08	1.36e-12	7.77e-44
 1.07234e+23	6.03e-17	3.02e-08	4.24e-05	2.01e-03	3.01e-01	5.47e-01	1.50e-01	5.99e-17	3.05e-19	7.13e-20	3.02e-08	1.56e-12	1.17e-43
 1.10476e+23	6.42e-17	3.43e-08	4.77e-05	2.20e-03	3.13e-01	5.43e-01	1.42e-01	6.38e-17	3.19e-19	7.45e-20	3.43e-08	1.75e-12	1.66e-43
 1.13422e+23	6.77e-17	3.83e-08	5.27e-05	2.37e-03	3.24e-01	5.39e-01	1.35e-01	6.73e-17	3.30e-19	7.71e-20	3.83e-08	1.93e-12	2.24e-43
 1.16799e+23	7.21e-17	4.28e-08	5.81e-05	2.55e-03	3.35e-01	5.34e-01	1.29e-01	7.17e-17	3.44e-19	8.02e-20	4.28e-08	2.11e-12	3.05e-43
 1.21144e+23	7.66e-17	4.87e-08	6.55e-05	2.80e-03	3.48e-01	5.28e-01	1.21e-01	7.62e-17	3.54e-19	8.26e-20	4.87e-08	2.34e-12	4.35e-43
 1.25986e+23	8.26e-17	5.65e-08	7.48e-05	3.09e-03	3.63e-01	5.21e-01	1.13e-01	8.22e-17	3.71e-19	8.64e-20	5.65e-08	2.65e-12	6.65e-43
 1.30544e+23	8.74e-17	6.44e-08	8.43e-05	3.39e-03	3.78e-01	5.14e-01	1.05e-01	8.70e-17	3.82e-19	8.90e-20	6.44e-08	2.95e-12	9.63e-43
 1.34833e+23	9.22e-17	7.20e-08	9.33e-05	3.66e-03	3.90e-01	5.07e-01	9.96e-02	9.17e-17	3.92e-19	9.13e-20	7.20e-08	3.23e-12	1.33e-42
 1.39748e+23	9.71e-17	8.04e-08	1.03e-04	3.94e-03	4.01e-01	5.00e-01	9.42e-02	9.66e-17	3.99e-19	9.28e-20	8.04e-08	3.50e-12	1.84e-42
 1.45438e+23	1.02e-16	9.12e-08	1.15e-04	4.29e-03	4.15e-01	4.92e-01	8.81e-02	1.02e-16	4.05e-19	9.42e-20	9.12e-08	3.84e-12	2.67e-42
 1.51379e+23	1.07e-16	1.03e-07	1.29e-04	4.67e-03	4.29e-01	4.84e-01	8.23e-02	1.06e-16	4.07e-19	9.46e-20	1.03e-07	4.18e-12	3.79e-42
 1.57558e+23	1.11e-16	1.15e-07	1.42e-04	5.05e-03	4.42e-01	4.75e-01	7.72e-02	1.11e-16	4.08e-19	9.48e-20	1.15e-07	4.52e-12	5.36e-42
 1.63984e+23	1.15e-16	1.28e-07	1.57e-04	5.44e-03	4.55e-01	4.67e-01	7.25e-02	1.15e-16	4.06e-19	9.42e-20	1.28e-07	4.86e-12	7.48e-42
 1.70666e+23	1.19e-16	1.42e-07	1.72e-04	5.83e-03	4.67e-01	4.59e-01	6.83e-02	1.18e-16	4.00e-19	9.29e-20	1.42e-07	5.17e-12	1.03e-41
 1.77616e+23	1.21e-16	1.56e-07	1.88e-04	6.22e-03	4.78e-01	4.51e-01	6.45e-02	1.21e-16	3.91e-19	9.06e-20	1.56e-07	5.46e-12	1.39e-41
 1.84845e+23	1.23e-16	1.71e-07	2.03e-04	6.61e-03	4.88e-01	4.44e-01	6.10e-02	1.22e-16	3.77e-19	8.75e-20	1.71e-07	5.72e-12	1.84e-41
 1.92362e+23	1.24e-16	1.86e-07	2.19e-04	6.99e-03	4.98e-01	4.37e-01	5.80e-02	1.23e-16	3.62e-19	8.39e-20	1.86e-07	5.94e-12	2.40e-41
 2.00180e+23	1.24e-16	2.01e-07	2.35e-04	7.37e-03	5.07e-01	4.30e-01	5.52e-02	1.23e-16	3.44e-19	7.97e-20	2.01e-07	6.13e-12	3.08e-41
 2.08310e+23	1.23e-16	2.17e-07	2.51e-04	7.73e-03	5.16e-01	4.24e-01	5.27e-02	1.23e-16	3.25e-19	7.53e-20	2.17e-07	6.27e-12	3.90e-41
 2.16766e+23	1.22e-16	2.32e-07	2.66e-04	8.09e-03	5.24e-01	4.18e-01	5.04e-02	1.21e-16	3.04e-19	7.03e-20	2.32e-07	6.37e-12	4.84e-41
 2.25297e+23	1.18e-16	2.45e-07	2.80e-04	8.42e-03	5.31e-01	4.12e-01	4.85e-02	1.18e-16	2.79e-19	6.47e-20	2.45e-07	6.40e-12	5.86e-41
 2.33316e+23	1.15e-16	2.59e-07	2.94e-04	8.73e-03	5.37e-01	4.07e-01	4.67e-02	1.15e-16	2.59e-19	5.99e-20	2.59e-07	6.44e-12	6.98e-41
 2.40532e+23	1.13e-16	2.71e-07	3.06e-04	8.98e-03	5.42e-01	4.03e-01	4.54e-02	1.13e-16	2.44e-19	5.64e-20	2.71e-07	6.47e-12	8.15e-41
 2.47027e+23	1.10e-16	2.80e-07	3.15e-04	9.21e-03	5.46e-01	4.00e-01	4.43e-02	1.10e-16	2.28e-19	5.27e-20	2.80e-07	6.44e-12	9.11e-41
 2.52873e+23	1.07e-16	2.89e-07	3.24e-04	9.39e-03	5.50e-01	3.97e-01	4.34e-02	1.07e-16	2.15e-19	4.96e-20	2.89e-07	6.40e-12	1.00e-40
 2.58134e+23	1.06e-16	2.96e-07	3.30e-04	9.53e-03	5.52e-01	3.95e-01	4.28e-02	1.05e-16	2.05e-19	4.73e-20	2.96e-07	6.36e-12	1.09e-40
 2.62868e+23	1.03e-16	3.02e-07	3.36e-04	9.65e-03	5.54e-01	3.93e-01	4.22e-02	1.02e-16	1.93e-19	4.46e-20	3.02e-07	6.30e-12	1.16e-40
 2.67130e+23	9.99e-17	3.06e-07	3.40e-04	9.73e-03	5.56e-01	3.92e-01	4.19e-02	9.97e-17	1.83e-19	4.23e-20	3.06e-07	6.22e-12	1.22e-40
 2.70965e+23	9.72e-17	3.09e-07	3.43e-04	9.79e-03	5.57e-01	3.91e-01	4.16e-02	9.70e-17	1.74e-19	4.02e-20	3.09e-07	6.13e-12	1.26e-40
 2.74417e+23	9.51e-17	3.12e-07	3.46e-04	9.86e-03	5.58e-01	3.90e-01	4.13e-02	9.49e-17	1.67e-19	3.85e-20	3.12e-07	6.07e-12	1.31e-40
 2.77579e+23	9.34e-17	3.15e-07	3.49e-04	9.92e-03	5.59e-01	3.89e-01	4.10e-02	9.32e-17	1.61e-19	3.71e-20	3.15e-07	6.01e-12	1.35e-40
 2.80634e+23	9.15e-17	3.17e-07	3.51e-04	9.97e-03	5.60e-01	3.89e-01	4.08e-02	9.13e-17	1.54e-19	3.56e-20	3.17e-07	5.94e-12	1.37e-40
 2.83689e+23	8.99e-17	3.20e-07	3.53e-04	1.00e-02	5.61e-01	3.88e-01	4.06e-02	8.97e-17	1.49e-19	3.43e-20	3.20e-07	5.87e-12	1.41e-40
 2.86743e+23	8.78e-17	3.21e-07	3.54e-04	1.01e-02	5.62e-01	3.87e-01	4.04e-02	8.76e-17	1.42e-19	3.29e-20	3.21e-07	5.78e-12	1.43e-40
 2.89798e+23	8.55e-17	3.22e-07	3.56e-04	1.01e-02	5.62e-01	3.87e-01	4.03e-02	8.53e-17	1.36e-19	3.14e-20	3.22e-07	5.69e-12	1.44e-40
 2.92853e+23	8.30e-17	3.23e-07	3.56e-04	1.01e-02	5.63e-01	3.87e-01	4.03e-02	8.29e-17	1.29e-19	2.99e-20	3.23e-07	5.59e-12	1.45e-40
 2.95908e+23	8.06e-17	3.23e-07	3.57e-04	1.01e-02	5.63e-01	3.87e-01	4.02e-02	8.04e-17	1.23e-19	2.84e-20	3.23e-07	5.49e-12	1.46e-40
 2.98963e+23	7.82e-17	3.23e-07	3.57e-04	1.01e-02	5.63e-01	3.86e-01	4.02e-02	7.80e-17	1.17e-19	2.70e-20	3.23e-07	5.38e-12	1.46e-40
 3.02018e+23	7.59e-17	3.24e-07	3.57e-04	1.01e-02	5.63e-01	3.86e-01	4.01e-02	7.58e-17	1.12e-19	2.58e-20	3.24e-07	5.29e-12	1.47e-40
 3.04513e+23	7.56e-17	3.27e-07	3.61e-04	1.02e-02	5.65e-01	3.85e-01	3.98e-02	7.54e-17	1.10e-19	2.53e-20	3.27e-07	5.29e-12	1.53e-40
