#depth	N	N+	N+2	N+3	N+4	N+5	N+6	N+7
 6.17135e+19	0.00e+00	2.67e-29	1.38e-22	6.85e-17	7.34e-12	6.84e-07	1.61e-03	9.98e-01
 1.87609e+20	0.00e+00	4.94e-29	2.21e-22	9.53e-17	8.89e-12	8.10e-07	1.81e-03	9.98e-01
 2.90012e+20	0.00e+00	8.00e-29	3.20e-22	1.24e-16	1.04e-11	9.27e-07	1.98e-03	9.98e-01
 3.58256e+20	0.00e+00	1.09e-28	4.08e-22	1.47e-16	1.15e-11	1.01e-06	2.10e-03	9.98e-01
 4.06367e+20	0.00e+00	1.37e-28	4.84e-22	1.66e-16	1.23e-11	1.08e-06	2.18e-03	9.98e-01
 4.40227e+20	0.00e+00	1.58e-28	5.42e-22	1.80e-16	1.29e-11	1.12e-06	2.24e-03	9.98e-01
 4.76499e+20	0.00e+00	1.85e-28	6.14e-22	1.96e-16	1.36e-11	1.18e-06	2.31e-03	9.98e-01
 5.23653e+20	0.00e+00	2.28e-28	7.20e-22	2.20e-16	1.46e-11	1.25e-06	2.40e-03	9.98e-01
 5.75611e+20	0.00e+00	2.85e-28	8.57e-22	2.49e-16	1.57e-11	1.33e-06	2.50e-03	9.98e-01
 6.23207e+20	0.00e+00	3.48e-28	1.00e-21	2.78e-16	1.68e-11	1.41e-06	2.59e-03	9.97e-01
 6.74475e+20	0.00e+00	4.32e-28	1.19e-21	3.14e-16	1.81e-11	1.51e-06	2.69e-03	9.97e-01
 7.31257e+20	0.00e+00	5.45e-28	1.42e-21	3.58e-16	1.96e-11	1.61e-06	2.81e-03	9.97e-01
 7.83791e+20	0.00e+00	6.75e-28	1.68e-21	4.04e-16	2.11e-11	1.72e-06	2.92e-03	9.97e-01
 8.40667e+20	0.00e+00	8.47e-28	2.01e-21	4.60e-16	2.29e-11	1.84e-06	3.04e-03	9.97e-01
 9.00357e+20	0.00e+00	1.07e-27	2.42e-21	5.26e-16	2.49e-11	1.97e-06	3.17e-03	9.97e-01
 9.51029e+20	0.00e+00	1.30e-27	2.82e-21	5.89e-16	2.68e-11	2.10e-06	3.28e-03	9.97e-01
 1.00423e+21	0.00e+00	1.60e-27	3.32e-21	6.62e-16	2.88e-11	2.23e-06	3.40e-03	9.97e-01
 1.07338e+21	0.00e+00	2.07e-27	4.07e-21	7.70e-16	3.18e-11	2.41e-06	3.56e-03	9.96e-01
 1.14356e+21	0.00e+00	2.69e-27	5.01e-21	8.97e-16	3.50e-11	2.61e-06	3.72e-03	9.96e-01
 1.20003e+21	0.00e+00	3.30e-27	5.89e-21	1.01e-15	3.79e-11	2.78e-06	3.86e-03	9.96e-01
 1.25838e+21	0.00e+00	4.07e-27	6.96e-21	1.14e-15	4.11e-11	2.97e-06	4.00e-03	9.96e-01
 1.33424e+21	0.00e+00	5.32e-27	8.62e-21	1.34e-15	4.56e-11	3.22e-06	4.19e-03	9.96e-01
 1.40870e+21	0.00e+00	6.90e-27	1.06e-20	1.57e-15	5.05e-11	3.49e-06	4.38e-03	9.96e-01
 1.46493e+21	0.00e+00	8.36e-27	1.24e-20	1.76e-15	5.45e-11	3.71e-06	4.52e-03	9.95e-01
 1.52166e+21	0.00e+00	1.01e-26	1.44e-20	1.97e-15	5.88e-11	3.94e-06	4.67e-03	9.95e-01
 1.59540e+21	0.00e+00	1.29e-26	1.75e-20	2.28e-15	6.49e-11	4.25e-06	4.87e-03	9.95e-01
 1.67399e+21	0.00e+00	1.67e-26	2.16e-20	2.67e-15	7.20e-11	4.60e-06	5.08e-03	9.95e-01
 1.74223e+21	0.00e+00	2.09e-26	2.58e-20	3.05e-15	7.88e-11	4.93e-06	5.28e-03	9.95e-01
 1.81432e+21	0.00e+00	2.62e-26	3.10e-20	3.51e-15	8.66e-11	5.30e-06	5.48e-03	9.95e-01
 1.89509e+21	0.00e+00	3.38e-26	3.80e-20	4.09e-15	9.62e-11	5.73e-06	5.72e-03	9.94e-01
 1.97128e+21	0.00e+00	4.28e-26	4.59e-20	4.73e-15	1.06e-10	6.17e-06	5.95e-03	9.94e-01
 2.05444e+21	0.00e+00	5.51e-26	5.63e-20	5.52e-15	1.18e-10	6.68e-06	6.20e-03	9.94e-01
 2.14119e+21	0.00e+00	7.15e-26	6.95e-20	6.48e-15	1.32e-10	7.25e-06	6.47e-03	9.94e-01
 2.21410e+21	0.00e+00	8.87e-26	8.28e-20	7.41e-15	1.44e-10	7.76e-06	6.71e-03	9.93e-01
 2.29036e+21	0.00e+00	1.11e-25	9.92e-20	8.50e-15	1.59e-10	8.32e-06	6.95e-03	9.93e-01
 2.38949e+21	0.00e+00	1.47e-25	1.25e-19	1.01e-14	1.79e-10	9.10e-06	7.29e-03	9.93e-01
 2.49045e+21	0.00e+00	1.96e-25	1.58e-19	1.21e-14	2.03e-10	9.96e-06	7.63e-03	9.92e-01
 2.57104e+21	0.00e+00	2.46e-25	1.89e-19	1.39e-14	2.24e-10	1.07e-05	7.92e-03	9.92e-01
 2.65306e+21	0.00e+00	3.08e-25	2.28e-19	1.61e-14	2.47e-10	1.15e-05	8.21e-03	9.92e-01
 2.75969e+21	0.00e+00	4.12e-25	2.88e-19	1.93e-14	2.80e-10	1.26e-05	8.61e-03	9.91e-01
 2.86977e+21	0.00e+00	5.54e-25	3.67e-19	2.32e-14	3.19e-10	1.38e-05	9.03e-03	9.91e-01
 2.96048e+21	0.00e+00	7.04e-25	4.46e-19	2.70e-14	3.54e-10	1.49e-05	9.38e-03	9.91e-01
 3.03692e+21	0.00e+00	8.62e-25	5.26e-19	3.06e-14	3.87e-10	1.58e-05	9.69e-03	9.90e-01
 3.11868e+21	4.78e-32	1.07e-24	6.26e-19	3.50e-14	4.25e-10	1.69e-05	1.00e-02	9.90e-01
 3.22498e+21	6.58e-32	1.40e-24	7.81e-19	4.15e-14	4.80e-10	1.84e-05	1.05e-02	9.90e-01
 3.33300e+21	9.12e-32	1.84e-24	9.78e-19	4.94e-14	5.42e-10	2.01e-05	1.09e-02	9.89e-01
 3.41922e+21	1.18e-31	2.29e-24	1.17e-18	5.67e-14	5.97e-10	2.15e-05	1.13e-02	9.89e-01
 3.50725e+21	1.53e-31	2.85e-24	1.40e-18	6.51e-14	6.59e-10	2.30e-05	1.17e-02	9.88e-01
 3.60040e+21	2.01e-31	3.59e-24	1.69e-18	7.54e-14	7.30e-10	2.47e-05	1.21e-02	9.88e-01
 3.68004e+21	2.54e-31	4.38e-24	1.98e-18	8.55e-14	7.98e-10	2.63e-05	1.25e-02	9.87e-01
 3.76342e+21	3.23e-31	5.36e-24	2.34e-18	9.73e-14	8.74e-10	2.80e-05	1.29e-02	9.87e-01
 3.85704e+21	4.21e-31	6.72e-24	2.82e-18	1.12e-13	9.67e-10	3.01e-05	1.34e-02	9.87e-01
 3.94521e+21	5.42e-31	8.31e-24	3.35e-18	1.28e-13	1.06e-09	3.21e-05	1.38e-02	9.86e-01
 4.02729e+21	6.83e-31	1.01e-23	3.94e-18	1.45e-13	1.16e-09	3.41e-05	1.43e-02	9.86e-01
 4.10400e+21	8.49e-31	1.21e-23	4.58e-18	1.64e-13	1.26e-09	3.61e-05	1.47e-02	9.85e-01
 4.17592e+21	1.04e-30	1.44e-23	5.25e-18	1.82e-13	1.36e-09	3.80e-05	1.51e-02	9.85e-01
 4.25779e+21	1.30e-30	1.74e-23	6.16e-18	2.06e-13	1.49e-09	4.04e-05	1.55e-02	9.84e-01
 4.34793e+21	1.67e-30	2.15e-23	7.32e-18	2.36e-13	1.63e-09	4.31e-05	1.60e-02	9.84e-01
 4.43002e+21	2.09e-30	2.61e-23	8.57e-18	2.66e-13	1.78e-09	4.57e-05	1.65e-02	9.83e-01
 4.50582e+21	2.58e-30	3.12e-23	9.92e-18	2.98e-13	1.93e-09	4.83e-05	1.70e-02	9.83e-01
 4.59226e+21	3.26e-30	3.80e-23	1.17e-17	3.39e-13	2.11e-09	5.13e-05	1.75e-02	9.82e-01
 4.68871e+21	4.24e-30	4.75e-23	1.40e-17	3.90e-13	2.34e-09	5.49e-05	1.81e-02	9.82e-01
 4.77784e+21	5.41e-30	5.83e-23	1.66e-17	4.45e-13	2.57e-09	5.85e-05	1.87e-02	9.81e-01
 4.85504e+21	6.66e-30	6.96e-23	1.92e-17	4.99e-13	2.78e-09	6.17e-05	1.92e-02	9.81e-01
 4.93705e+21	8.31e-30	8.39e-23	2.24e-17	5.62e-13	3.03e-09	6.53e-05	1.97e-02	9.80e-01
 5.02880e+21	1.06e-29	1.03e-22	2.66e-17	6.43e-13	3.33e-09	6.96e-05	2.03e-02	9.80e-01
 5.11421e+21	1.34e-29	1.26e-22	3.12e-17	7.28e-13	3.64e-09	7.39e-05	2.09e-02	9.79e-01
 5.19311e+21	1.65e-29	1.50e-22	3.61e-17	8.17e-13	3.94e-09	7.80e-05	2.15e-02	9.78e-01
 5.28257e+21	2.10e-29	1.84e-22	4.27e-17	9.30e-13	4.33e-09	8.29e-05	2.22e-02	9.78e-01
 5.38147e+21	2.73e-29	2.30e-22	5.12e-17	1.07e-12	4.79e-09	8.87e-05	2.29e-02	9.77e-01
 5.47190e+21	3.50e-29	2.84e-22	6.10e-17	1.23e-12	5.27e-09	9.45e-05	2.36e-02	9.76e-01
 5.55383e+21	4.32e-29	3.40e-22	7.07e-17	1.38e-12	5.72e-09	9.98e-05	2.43e-02	9.76e-01
 5.64549e+21	5.51e-29	4.17e-22	8.37e-17	1.57e-12	6.28e-09	1.06e-04	2.50e-02	9.75e-01
 5.74497e+21	7.18e-29	5.22e-22	1.01e-16	1.82e-12	6.96e-09	1.14e-04	2.59e-02	9.74e-01
 5.83361e+21	9.16e-29	6.42e-22	1.19e-16	2.08e-12	7.64e-09	1.21e-04	2.67e-02	9.73e-01
 5.91241e+21	1.12e-28	7.62e-22	1.38e-16	2.32e-12	8.27e-09	1.27e-04	2.74e-02	9.73e-01
 5.99943e+21	1.41e-28	9.26e-22	1.62e-16	2.63e-12	9.04e-09	1.35e-04	2.82e-02	9.72e-01
 6.11256e+21	1.90e-28	1.19e-21	1.99e-16	3.10e-12	1.01e-08	1.46e-04	2.92e-02	9.71e-01
 6.22539e+21	2.57e-28	1.54e-21	2.46e-16	3.65e-12	1.14e-08	1.57e-04	3.03e-02	9.70e-01
 6.31157e+21	3.23e-28	1.87e-21	2.89e-16	4.14e-12	1.25e-08	1.67e-04	3.12e-02	9.69e-01
 6.39733e+21	4.04e-28	2.27e-21	3.38e-16	4.68e-12	1.36e-08	1.76e-04	3.21e-02	9.68e-01
 6.50883e+21	5.42e-28	2.91e-21	4.15e-16	5.50e-12	1.52e-08	1.90e-04	3.33e-02	9.67e-01
 6.62325e+21	7.34e-28	3.76e-21	5.14e-16	6.50e-12	1.71e-08	2.05e-04	3.45e-02	9.65e-01
 6.71581e+21	9.42e-28	4.65e-21	6.13e-16	7.46e-12	1.89e-08	2.18e-04	3.56e-02	9.64e-01
 6.81047e+21	1.20e-27	5.71e-21	7.26e-16	8.52e-12	2.08e-08	2.32e-04	3.67e-02	9.63e-01
 6.93351e+21	1.65e-27	7.49e-21	9.09e-16	1.02e-11	2.35e-08	2.52e-04	3.82e-02	9.62e-01
 7.05803e+21	2.28e-27	9.87e-21	1.14e-15	1.22e-11	2.67e-08	2.74e-04	3.97e-02	9.60e-01
 7.15570e+21	2.96e-27	1.23e-20	1.37e-15	1.40e-11	2.96e-08	2.92e-04	4.10e-02	9.59e-01
 7.25393e+21	3.77e-27	1.52e-20	1.63e-15	1.61e-11	3.25e-08	3.11e-04	4.23e-02	9.57e-01
 7.38163e+21	5.21e-27	2.00e-20	2.05e-15	1.92e-11	3.69e-08	3.38e-04	4.40e-02	9.56e-01
 7.51467e+21	7.28e-27	2.65e-20	2.60e-15	2.32e-11	4.22e-08	3.68e-04	4.59e-02	9.54e-01
 7.62013e+21	9.47e-27	3.32e-20	3.13e-15	2.69e-11	4.68e-08	3.93e-04	4.74e-02	9.52e-01
 7.70704e+21	1.17e-26	3.98e-20	3.64e-15	3.03e-11	5.09e-08	4.15e-04	4.86e-02	9.51e-01
 7.80437e+21	1.48e-26	4.86e-20	4.30e-15	3.45e-11	5.59e-08	4.41e-04	5.01e-02	9.49e-01
 7.93090e+21	2.00e-26	6.28e-20	5.32e-15	4.08e-11	6.30e-08	4.77e-04	5.20e-02	9.48e-01
 8.06247e+21	2.72e-26	8.17e-20	6.63e-15	4.86e-11	7.12e-08	5.16e-04	5.40e-02	9.45e-01
 8.17204e+21	3.50e-26	1.01e-19	7.93e-15	5.60e-11	7.88e-08	5.51e-04	5.57e-02	9.44e-01
 8.28593e+21	4.51e-26	1.26e-19	9.51e-15	6.47e-11	8.73e-08	5.89e-04	5.75e-02	9.42e-01
 8.43398e+21	6.24e-26	1.66e-19	1.20e-14	7.78e-11	9.96e-08	6.41e-04	5.99e-02	9.39e-01
 8.58487e+21	8.63e-26	2.19e-19	1.51e-14	9.36e-11	1.14e-07	6.98e-04	6.24e-02	9.37e-01
 8.70665e+21	1.11e-25	2.73e-19	1.82e-14	1.08e-10	1.26e-07	7.47e-04	6.45e-02	9.35e-01
 8.83216e+21	1.44e-25	3.39e-19	2.18e-14	1.25e-10	1.40e-07	7.99e-04	6.66e-02	9.33e-01
 8.99532e+21	1.98e-25	4.48e-19	2.75e-14	1.51e-10	1.60e-07	8.70e-04	6.94e-02	9.30e-01
 9.16405e+21	2.75e-25	5.92e-19	3.48e-14	1.82e-10	1.83e-07	9.50e-04	7.23e-02	9.27e-01
 9.30376e+21	3.57e-25	7.42e-19	4.21e-14	2.12e-10	2.04e-07	1.02e-03	7.48e-02	9.24e-01
 9.42721e+21	4.50e-25	9.04e-19	4.97e-14	2.42e-10	2.24e-07	1.08e-03	7.70e-02	9.22e-01
 9.56575e+21	5.73e-25	1.11e-18	5.92e-14	2.78e-10	2.48e-07	1.16e-03	7.94e-02	9.19e-01
 9.72096e+21	7.51e-25	1.40e-18	7.21e-14	3.26e-10	2.78e-07	1.24e-03	8.22e-02	9.17e-01
 9.86524e+21	9.59e-25	1.73e-18	8.61e-14	3.76e-10	3.08e-07	1.33e-03	8.49e-02	9.14e-01
 9.99873e+21	1.20e-24	2.10e-18	1.01e-13	4.28e-10	3.39e-07	1.41e-03	8.73e-02	9.11e-01
 1.01508e+22	1.53e-24	2.59e-18	1.21e-13	4.94e-10	3.76e-07	1.51e-03	9.01e-02	9.08e-01
 1.03219e+22	2.00e-24	3.27e-18	1.47e-13	5.79e-10	4.21e-07	1.63e-03	9.33e-02	9.05e-01
 1.04834e+22	2.57e-24	4.05e-18	1.76e-13	6.70e-10	4.68e-07	1.74e-03	9.64e-02	9.02e-01
 1.06354e+22	3.23e-24	4.93e-18	2.08e-13	7.66e-10	5.16e-07	1.85e-03	9.92e-02	8.99e-01
 1.08091e+22	4.15e-24	6.13e-18	2.50e-13	8.89e-10	5.75e-07	1.99e-03	1.03e-01	8.95e-01
 1.09906e+22	5.38e-24	7.66e-18	3.03e-13	1.04e-09	6.43e-07	2.14e-03	1.06e-01	8.92e-01
 1.11430e+22	6.65e-24	9.20e-18	3.53e-13	1.17e-09	7.05e-07	2.27e-03	1.09e-01	8.89e-01
 1.13018e+22	8.24e-24	1.11e-17	4.13e-13	1.33e-09	7.73e-07	2.40e-03	1.12e-01	8.86e-01
 1.15082e+22	1.08e-23	1.40e-17	5.04e-13	1.57e-09	8.69e-07	2.59e-03	1.16e-01	8.81e-01
 1.17187e+22	1.42e-23	1.77e-17	6.15e-13	1.84e-09	9.77e-07	2.80e-03	1.20e-01	8.77e-01
 1.18888e+22	1.76e-23	2.13e-17	7.22e-13	2.10e-09	1.07e-06	2.97e-03	1.24e-01	8.73e-01
 1.20641e+22	2.17e-23	2.56e-17	8.41e-13	2.37e-09	1.18e-06	3.15e-03	1.27e-01	8.70e-01
 1.22919e+22	2.84e-23	3.23e-17	1.03e-12	2.79e-09	1.32e-06	3.40e-03	1.31e-01	8.65e-01
 1.25297e+22	3.74e-23	4.09e-17	1.26e-12	3.28e-09	1.49e-06	3.67e-03	1.36e-01	8.60e-01
 1.27297e+22	4.71e-23	4.99e-17	1.49e-12	3.77e-09	1.65e-06	3.91e-03	1.40e-01	8.56e-01
 1.29391e+22	5.89e-23	6.06e-17	1.75e-12	4.31e-09	1.82e-06	4.17e-03	1.44e-01	8.51e-01
 1.32114e+22	7.85e-23	7.77e-17	2.16e-12	5.11e-09	2.06e-06	4.52e-03	1.50e-01	8.46e-01
 1.34772e+22	1.03e-22	9.86e-17	2.65e-12	6.03e-09	2.33e-06	4.88e-03	1.55e-01	8.40e-01
 1.36757e+22	1.26e-22	1.17e-16	3.07e-12	6.80e-09	2.54e-06	5.16e-03	1.59e-01	8.36e-01
 1.38750e+22	1.54e-22	1.39e-16	3.55e-12	7.65e-09	2.77e-06	5.46e-03	1.63e-01	8.31e-01
 1.41340e+22	1.95e-22	1.71e-16	4.23e-12	8.82e-09	3.08e-06	5.83e-03	1.68e-01	8.26e-01
 1.44187e+22	2.57e-22	2.16e-16	5.17e-12	1.04e-08	3.47e-06	6.30e-03	1.74e-01	8.20e-01
 1.46752e+22	3.24e-22	2.65e-16	6.13e-12	1.19e-08	3.85e-06	6.72e-03	1.79e-01	8.14e-01
 1.49473e+22	4.10e-22	3.24e-16	7.28e-12	1.37e-08	4.26e-06	7.18e-03	1.84e-01	8.08e-01
 1.53010e+22	5.57e-22	4.23e-16	9.13e-12	1.65e-08	4.88e-06	7.82e-03	1.91e-01	8.01e-01
 1.56626e+22	7.54e-22	5.49e-16	1.14e-11	1.98e-08	5.57e-06	8.51e-03	1.99e-01	7.93e-01
 1.59420e+22	9.48e-22	6.69e-16	1.35e-11	2.26e-08	6.16e-06	9.07e-03	2.04e-01	7.87e-01
 1.62124e+22	1.17e-21	8.04e-16	1.57e-11	2.57e-08	6.76e-06	9.62e-03	2.10e-01	7.81e-01
 1.65640e+22	1.53e-21	1.01e-15	1.91e-11	3.01e-08	7.59e-06	1.03e-02	2.16e-01	7.73e-01
 1.69390e+22	2.04e-21	1.30e-15	2.36e-11	3.57e-08	8.61e-06	1.12e-02	2.24e-01	7.65e-01
 1.72529e+22	2.57e-21	1.59e-15	2.80e-11	4.10e-08	9.53e-06	1.20e-02	2.30e-01	7.58e-01
 1.75270e+22	3.13e-21	1.88e-15	3.24e-11	4.61e-08	1.04e-05	1.26e-02	2.35e-01	7.52e-01
 1.78407e+22	3.90e-21	2.27e-15	3.80e-11	5.26e-08	1.14e-05	1.34e-02	2.41e-01	7.45e-01
 1.82484e+22	5.13e-21	2.88e-15	4.64e-11	6.18e-08	1.29e-05	1.44e-02	2.49e-01	7.36e-01
 1.86711e+22	6.85e-21	3.70e-15	5.74e-11	7.35e-08	1.46e-05	1.56e-02	2.58e-01	7.27e-01
 1.90176e+22	8.60e-21	4.50e-15	6.78e-11	8.41e-08	1.62e-05	1.66e-02	2.64e-01	7.19e-01
 1.93727e+22	1.08e-20	5.48e-15	8.01e-11	9.63e-08	1.78e-05	1.77e-02	2.71e-01	7.11e-01
 1.98342e+22	1.43e-20	6.99e-15	9.84e-11	1.14e-07	2.02e-05	1.91e-02	2.79e-01	7.01e-01
 2.03135e+22	1.93e-20	9.05e-15	1.23e-10	1.36e-07	2.30e-05	2.07e-02	2.89e-01	6.91e-01
 2.07081e+22	2.44e-20	1.11e-14	1.46e-10	1.57e-07	2.55e-05	2.21e-02	2.96e-01	6.82e-01
 2.11135e+22	3.09e-20	1.36e-14	1.73e-10	1.80e-07	2.82e-05	2.35e-02	3.04e-01	6.73e-01
 2.16406e+22	4.16e-20	1.76e-14	2.15e-10	2.15e-07	3.21e-05	2.55e-02	3.13e-01	6.61e-01
 2.21892e+22	5.65e-20	2.29e-14	2.70e-10	2.58e-07	3.67e-05	2.77e-02	3.23e-01	6.49e-01
 2.26130e+22	7.12e-20	2.80e-14	3.20e-10	2.97e-07	4.07e-05	2.94e-02	3.31e-01	6.40e-01
 2.29492e+22	8.52e-20	3.27e-14	3.65e-10	3.31e-07	4.40e-05	3.09e-02	3.37e-01	6.32e-01
 2.33240e+22	1.04e-19	3.87e-14	4.21e-10	3.72e-07	4.79e-05	3.25e-02	3.44e-01	6.24e-01
 2.38114e+22	1.32e-19	4.78e-14	5.04e-10	4.30e-07	5.33e-05	3.47e-02	3.52e-01	6.13e-01
 2.43395e+22	1.73e-19	6.03e-14	6.14e-10	5.06e-07	6.00e-05	3.73e-02	3.61e-01	6.02e-01
 2.48044e+22	2.17e-19	7.35e-14	7.28e-10	5.81e-07	6.64e-05	3.96e-02	3.69e-01	5.91e-01
 2.52926e+22	2.72e-19	8.95e-14	8.61e-10	6.66e-07	7.34e-05	4.21e-02	3.77e-01	5.81e-01
 2.59273e+22	3.66e-19	1.16e-13	1.07e-09	7.98e-07	8.37e-05	4.56e-02	3.87e-01	5.67e-01
 2.65662e+22	4.90e-19	1.49e-13	1.33e-09	9.54e-07	9.54e-05	4.92e-02	3.98e-01	5.53e-01
 2.70698e+22	6.13e-19	1.81e-13	1.57e-09	1.09e-06	1.05e-04	5.23e-02	4.05e-01	5.42e-01
 2.75837e+22	7.64e-19	2.19e-13	1.86e-09	1.25e-06	1.16e-04	5.54e-02	4.13e-01	5.31e-01
 2.82518e+22	1.01e-18	2.79e-13	2.28e-09	1.49e-06	1.32e-04	5.96e-02	4.23e-01	5.17e-01
 2.89603e+22	1.35e-18	3.59e-13	2.84e-09	1.78e-06	1.50e-04	6.44e-02	4.33e-01	5.03e-01
 2.95670e+22	1.72e-18	4.45e-13	3.41e-09	2.08e-06	1.68e-04	6.87e-02	4.41e-01	4.90e-01
 3.02011e+22	2.18e-18	5.48e-13	4.09e-09	2.41e-06	1.88e-04	7.32e-02	4.50e-01	4.77e-01
 3.10255e+22	2.95e-18	7.14e-13	5.14e-09	2.92e-06	2.16e-04	7.93e-02	4.60e-01	4.61e-01
 3.18642e+22	3.99e-18	9.32e-13	6.49e-09	3.55e-06	2.49e-04	8.61e-02	4.70e-01	4.44e-01
 3.24934e+22	5.00e-18	1.14e-12	7.71e-09	4.10e-06	2.77e-04	9.14e-02	4.77e-01	4.31e-01
 3.29990e+22	5.91e-18	1.32e-12	8.77e-09	4.57e-06	3.00e-04	9.56e-02	4.82e-01	4.22e-01
 3.35724e+22	7.12e-18	1.55e-12	1.01e-08	5.16e-06	3.28e-04	1.00e-01	4.88e-01	4.11e-01
 3.43178e+22	8.99e-18	1.91e-12	1.21e-08	6.01e-06	3.67e-04	1.07e-01	4.95e-01	3.97e-01
 3.51340e+22	1.16e-17	2.38e-12	1.48e-08	7.11e-06	4.15e-04	1.15e-01	5.03e-01	3.82e-01
 3.58559e+22	1.44e-17	2.89e-12	1.75e-08	8.21e-06	4.61e-04	1.21e-01	5.09e-01	3.70e-01
 3.65017e+22	1.73e-17	3.40e-12	2.03e-08	9.32e-06	5.07e-04	1.28e-01	5.14e-01	3.58e-01
 3.72351e+22	2.11e-17	4.06e-12	2.37e-08	1.06e-05	5.59e-04	1.35e-01	5.18e-01	3.46e-01
 3.81885e+22	2.70e-17	5.06e-12	2.89e-08	1.26e-05	6.33e-04	1.44e-01	5.24e-01	3.31e-01
 3.91703e+22	3.47e-17	6.35e-12	3.53e-08	1.50e-05	7.20e-04	1.54e-01	5.29e-01	3.16e-01
 3.99643e+22	4.22e-17	7.56e-12	4.13e-08	1.72e-05	7.97e-04	1.63e-01	5.33e-01	3.04e-01
 4.07715e+22	5.07e-17	8.92e-12	4.80e-08	1.96e-05	8.77e-04	1.71e-01	5.36e-01	2.92e-01
 4.18208e+22	6.37e-17	1.10e-11	5.77e-08	2.30e-05	9.88e-04	1.82e-01	5.39e-01	2.78e-01
 4.29272e+22	8.09e-17	1.36e-11	7.01e-08	2.72e-05	1.12e-03	1.94e-01	5.42e-01	2.63e-01
 4.38620e+22	9.79e-17	1.62e-11	8.20e-08	3.12e-05	1.24e-03	2.04e-01	5.43e-01	2.51e-01
 4.48316e+22	1.18e-16	1.91e-11	9.54e-08	3.56e-05	1.37e-03	2.15e-01	5.44e-01	2.40e-01
 4.60922e+22	1.48e-16	2.34e-11	1.15e-07	4.19e-05	1.54e-03	2.28e-01	5.44e-01	2.27e-01
 4.74140e+22	1.87e-16	2.90e-11	1.40e-07	4.97e-05	1.75e-03	2.42e-01	5.43e-01	2.12e-01
 4.84902e+22	2.24e-16	3.43e-11	1.63e-07	5.68e-05	1.94e-03	2.54e-01	5.42e-01	2.02e-01
 4.93498e+22	2.57e-16	3.89e-11	1.83e-07	6.30e-05	2.09e-03	2.64e-01	5.41e-01	1.93e-01
 5.02532e+22	2.95e-16	4.41e-11	2.05e-07	6.95e-05	2.25e-03	2.73e-01	5.39e-01	1.86e-01
 5.14277e+22	3.50e-16	5.15e-11	2.36e-07	7.87e-05	2.47e-03	2.85e-01	5.36e-01	1.76e-01
 5.26993e+22	4.20e-16	6.09e-11	2.75e-07	9.00e-05	2.73e-03	2.98e-01	5.33e-01	1.66e-01
 5.38198e+22	4.89e-16	7.01e-11	3.13e-07	1.01e-04	2.97e-03	3.10e-01	5.29e-01	1.58e-01
 5.48361e+22	5.60e-16	7.93e-11	3.50e-07	1.11e-04	3.19e-03	3.20e-01	5.26e-01	1.51e-01
 5.59947e+22	6.46e-16	9.04e-11	3.95e-07	1.23e-04	3.45e-03	3.32e-01	5.21e-01	1.43e-01
 5.75009e+22	7.72e-16	1.06e-10	4.59e-07	1.41e-04	3.80e-03	3.46e-01	5.16e-01	1.35e-01
 5.90678e+22	9.28e-16	1.26e-10	5.36e-07	1.61e-04	4.20e-03	3.61e-01	5.09e-01	1.26e-01
 6.03549e+22	1.07e-15	1.44e-10	6.07e-07	1.79e-04	4.56e-03	3.74e-01	5.03e-01	1.19e-01
 6.16696e+22	1.23e-15	1.63e-10	6.81e-07	1.98e-04	4.90e-03	3.85e-01	4.97e-01	1.13e-01
 6.33785e+22	1.46e-15	1.91e-10	7.86e-07	2.24e-04	5.36e-03	3.99e-01	4.90e-01	1.05e-01
 6.51935e+22	1.74e-15	2.25e-10	9.15e-07	2.55e-04	5.91e-03	4.15e-01	4.81e-01	9.77e-02
 6.67395e+22	2.01e-15	2.58e-10	1.04e-06	2.85e-04	6.40e-03	4.28e-01	4.73e-01	9.16e-02
 6.83428e+22	2.32e-15	2.93e-10	1.17e-06	3.14e-04	6.88e-03	4.41e-01	4.66e-01	8.64e-02
 7.04270e+22	2.75e-15	3.43e-10	1.35e-06	3.56e-04	7.53e-03	4.56e-01	4.56e-01	8.01e-02
 7.26389e+22	3.30e-15	4.07e-10	1.58e-06	4.06e-04	8.30e-03	4.73e-01	4.45e-01	7.36e-02
 7.45185e+22	3.83e-15	4.66e-10	1.79e-06	4.52e-04	8.99e-03	4.86e-01	4.36e-01	6.85e-02
 7.64639e+22	4.41e-15	5.31e-10	2.01e-06	4.99e-04	9.65e-03	4.99e-01	4.27e-01	6.42e-02
 7.89930e+22	5.23e-15	6.22e-10	2.33e-06	5.64e-04	1.05e-02	5.14e-01	4.16e-01	5.91e-02
 8.17426e+22	6.30e-15	7.38e-10	2.73e-06	6.43e-04	1.16e-02	5.31e-01	4.03e-01	5.38e-02
 8.39183e+22	7.30e-15	8.47e-10	3.10e-06	7.14e-04	1.25e-02	5.44e-01	3.93e-01	4.99e-02
 8.55138e+22	8.06e-15	9.28e-10	3.37e-06	7.66e-04	1.32e-02	5.53e-01	3.86e-01	4.74e-02
 8.72162e+22	8.86e-15	1.01e-09	3.66e-06	8.20e-04	1.38e-02	5.61e-01	3.79e-01	4.50e-02
 8.94292e+22	1.01e-14	1.14e-09	4.07e-06	8.92e-04	1.47e-02	5.72e-01	3.71e-01	4.22e-02
 9.23062e+22	1.16e-14	1.30e-09	4.62e-06	9.90e-04	1.58e-02	5.85e-01	3.60e-01	3.89e-02
 9.53235e+22	1.37e-14	1.51e-09	5.30e-06	1.11e-03	1.72e-02	5.98e-01	3.48e-01	3.56e-02
 9.78116e+22	1.55e-14	1.71e-09	5.92e-06	1.21e-03	1.83e-02	6.09e-01	3.39e-01	3.31e-02
 1.00335e+23	1.74e-14	1.89e-09	6.52e-06	1.31e-03	1.93e-02	6.18e-01	3.30e-01	3.10e-02
 1.03615e+23	1.99e-14	2.15e-09	7.34e-06	1.44e-03	2.07e-02	6.29e-01	3.20e-01	2.86e-02
 1.07234e+23	2.33e-14	2.49e-09	8.40e-06	1.60e-03	2.23e-02	6.41e-01	3.09e-01	2.61e-02
 1.10476e+23	2.67e-14	2.83e-09	9.44e-06	1.75e-03	2.38e-02	6.52e-01	2.99e-01	2.41e-02
 1.13422e+23	2.99e-14	3.14e-09	1.04e-05	1.89e-03	2.51e-02	6.60e-01	2.90e-01	2.25e-02
 1.16799e+23	3.38e-14	3.51e-09	1.15e-05	2.04e-03	2.65e-02	6.68e-01	2.82e-01	2.10e-02
 1.21144e+23	3.85e-14	3.98e-09	1.30e-05	2.24e-03	2.83e-02	6.78e-01	2.72e-01	1.92e-02
 1.25986e+23	4.54e-14	4.63e-09	1.49e-05	2.49e-03	3.04e-02	6.88e-01	2.61e-01	1.74e-02
 1.30544e+23	5.22e-14	5.28e-09	1.68e-05	2.73e-03	3.25e-02	6.98e-01	2.51e-01	1.59e-02
 1.34833e+23	5.90e-14	5.92e-09	1.87e-05	2.96e-03	3.44e-02	7.05e-01	2.43e-01	1.47e-02
 1.39748e+23	6.70e-14	6.65e-09	2.08e-05	3.19e-03	3.62e-02	7.12e-01	2.35e-01	1.36e-02
 1.45438e+23	7.71e-14	7.58e-09	2.34e-05	3.49e-03	3.85e-02	7.20e-01	2.26e-01	1.25e-02
 1.51379e+23	8.77e-14	8.57e-09	2.63e-05	3.81e-03	4.09e-02	7.27e-01	2.17e-01	1.14e-02
 1.57558e+23	1.00e-13	9.68e-09	2.94e-05	4.13e-03	4.33e-02	7.33e-01	2.09e-01	1.05e-02
 1.63984e+23	1.13e-13	1.09e-08	3.28e-05	4.47e-03	4.57e-02	7.39e-01	2.01e-01	9.63e-03
 1.70666e+23	1.28e-13	1.22e-08	3.63e-05	4.81e-03	4.80e-02	7.44e-01	1.94e-01	8.90e-03
 1.77616e+23	1.43e-13	1.35e-08	4.00e-05	5.16e-03	5.03e-02	7.49e-01	1.87e-01	8.26e-03
 1.84845e+23	1.59e-13	1.49e-08	4.37e-05	5.50e-03	5.26e-02	7.53e-01	1.81e-01	7.69e-03
 1.92362e+23	1.77e-13	1.64e-08	4.76e-05	5.84e-03	5.47e-02	7.56e-01	1.76e-01	7.20e-03
 2.00180e+23	1.94e-13	1.79e-08	5.16e-05	6.18e-03	5.68e-02	7.59e-01	1.71e-01	6.75e-03
 2.08310e+23	2.12e-13	1.94e-08	5.56e-05	6.52e-03	5.89e-02	7.62e-01	1.66e-01	6.36e-03
 2.16766e+23	2.31e-13	2.09e-08	5.96e-05	6.85e-03	6.08e-02	7.65e-01	1.62e-01	6.02e-03
 2.25297e+23	2.48e-13	2.24e-08	6.33e-05	7.14e-03	6.25e-02	7.67e-01	1.58e-01	5.73e-03
 2.33316e+23	2.64e-13	2.38e-08	6.70e-05	7.43e-03	6.42e-02	7.68e-01	1.55e-01	5.47e-03
 2.40532e+23	2.81e-13	2.51e-08	7.02e-05	7.68e-03	6.55e-02	7.70e-01	1.52e-01	5.27e-03
 2.47027e+23	2.92e-13	2.61e-08	7.28e-05	7.88e-03	6.67e-02	7.71e-01	1.50e-01	5.11e-03
 2.52873e+23	3.02e-13	2.69e-08	7.50e-05	8.04e-03	6.77e-02	7.71e-01	1.48e-01	4.98e-03
 2.58134e+23	3.14e-13	2.77e-08	7.69e-05	8.18e-03	6.83e-02	7.72e-01	1.47e-01	4.89e-03
 2.62868e+23	3.21e-13	2.83e-08	7.84e-05	8.29e-03	6.90e-02	7.72e-01	1.45e-01	4.81e-03
 2.67130e+23	3.27e-13	2.88e-08	7.96e-05	8.38e-03	6.94e-02	7.73e-01	1.45e-01	4.76e-03
 2.70965e+23	3.31e-13	2.91e-08	8.04e-05	8.43e-03	6.97e-02	7.73e-01	1.44e-01	4.72e-03
 2.74417e+23	3.35e-13	2.95e-08	8.13e-05	8.50e-03	7.00e-02	7.73e-01	1.43e-01	4.67e-03
 2.77579e+23	3.39e-13	2.98e-08	8.21e-05	8.56e-03	7.04e-02	7.74e-01	1.43e-01	4.63e-03
 2.80634e+23	3.42e-13	3.00e-08	8.26e-05	8.60e-03	7.06e-02	7.74e-01	1.42e-01	4.60e-03
 2.83689e+23	3.45e-13	3.03e-08	8.33e-05	8.65e-03	7.09e-02	7.74e-01	1.42e-01	4.57e-03
 2.86743e+23	3.46e-13	3.04e-08	8.36e-05	8.67e-03	7.10e-02	7.74e-01	1.42e-01	4.56e-03
 2.89798e+23	3.48e-13	3.05e-08	8.40e-05	8.70e-03	7.11e-02	7.74e-01	1.41e-01	4.54e-03
 2.92853e+23	3.48e-13	3.06e-08	8.41e-05	8.71e-03	7.12e-02	7.74e-01	1.41e-01	4.53e-03
 2.95908e+23	3.49e-13	3.06e-08	8.42e-05	8.72e-03	7.13e-02	7.74e-01	1.41e-01	4.52e-03
 2.98963e+23	3.49e-13	3.07e-08	8.43e-05	8.72e-03	7.13e-02	7.74e-01	1.41e-01	4.52e-03
 3.02018e+23	3.49e-13	3.07e-08	8.44e-05	8.73e-03	7.13e-02	7.74e-01	1.41e-01	4.51e-03
 3.04513e+23	3.54e-13	3.11e-08	8.55e-05	8.81e-03	7.18e-02	7.75e-01	1.40e-01	4.46e-03
