#depth	O	O+	O+2	O+3	O+4	O+5	O+6	O+7	O+8	O[1]	O[2]	O[3]
 6.17135e+19	8.24e-15	1.16e-09	7.23e-06	2.31e-03	4.37e-02	1.79e-01	7.15e-01	5.94e-02	9.93e-04	8.24e-15	2.43e-20	2.62e-20
 1.87609e+20	1.15e-14	1.60e-09	9.56e-06	2.86e-03	4.98e-02	1.93e-01	7.01e-01	5.30e-02	8.05e-04	1.15e-14	3.37e-20	3.63e-20
 3.18540e+20	1.60e-14	2.22e-09	1.26e-05	3.52e-03	5.65e-02	2.07e-01	6.85e-01	4.71e-02	6.51e-04	1.60e-14	4.70e-20	5.08e-20
 4.54709e+20	2.26e-14	3.10e-09	1.67e-05	4.33e-03	6.39e-02	2.22e-01	6.67e-01	4.17e-02	5.25e-04	2.26e-14	6.61e-20	7.16e-20
 5.58443e+20	2.93e-14	3.98e-09	2.06e-05	5.04e-03	7.00e-02	2.33e-01	6.53e-01	3.81e-02	4.47e-04	2.93e-14	8.53e-20	9.26e-20
 6.15399e+20	3.37e-14	4.55e-09	2.30e-05	5.46e-03	7.34e-02	2.39e-01	6.45e-01	3.63e-02	4.11e-04	3.37e-14	9.81e-20	1.07e-19
 6.67476e+20	3.83e-14	5.14e-09	2.54e-05	5.87e-03	7.66e-02	2.45e-01	6.38e-01	3.47e-02	3.79e-04	3.83e-14	1.11e-19	1.21e-19
 7.35175e+20	4.51e-14	6.01e-09	2.89e-05	6.44e-03	8.08e-02	2.52e-01	6.28e-01	3.27e-02	3.43e-04	4.51e-14	1.31e-19	1.42e-19
 8.23185e+20	5.60e-14	7.34e-09	3.40e-05	7.24e-03	8.65e-02	2.60e-01	6.16e-01	3.04e-02	3.02e-04	5.60e-14	1.62e-19	1.77e-19
 9.19412e+20	6.99e-14	9.08e-09	4.04e-05	8.19e-03	9.29e-02	2.69e-01	6.01e-01	2.80e-02	2.63e-04	6.99e-14	2.02e-19	2.20e-19
 1.00597e+21	8.56e-14	1.10e-08	4.70e-05	9.12e-03	9.88e-02	2.77e-01	5.88e-01	2.61e-02	2.32e-04	8.56e-14	2.47e-19	2.70e-19
 1.09813e+21	1.06e-13	1.33e-08	5.51e-05	1.02e-02	1.05e-01	2.85e-01	5.75e-01	2.42e-02	2.05e-04	1.06e-13	3.06e-19	3.34e-19
 1.21795e+21	1.39e-13	1.71e-08	6.72e-05	1.17e-02	1.14e-01	2.96e-01	5.57e-01	2.19e-02	1.73e-04	1.39e-13	3.99e-19	4.36e-19
 1.33816e+21	1.82e-13	2.19e-08	8.16e-05	1.34e-02	1.23e-01	3.05e-01	5.39e-01	1.99e-02	1.47e-04	1.82e-13	5.21e-19	5.71e-19
 1.43343e+21	2.23e-13	2.64e-08	9.47e-05	1.49e-02	1.30e-01	3.12e-01	5.24e-01	1.84e-02	1.30e-04	2.23e-13	6.38e-19	7.00e-19
 1.53183e+21	2.76e-13	3.20e-08	1.10e-04	1.65e-02	1.38e-01	3.19e-01	5.09e-01	1.70e-02	1.14e-04	2.76e-13	7.87e-19	8.64e-19
 1.65975e+21	3.61e-13	4.07e-08	1.33e-04	1.88e-02	1.48e-01	3.27e-01	4.90e-01	1.53e-02	9.67e-05	3.61e-13	1.03e-18	1.13e-18
 1.79432e+21	4.76e-13	5.20e-08	1.61e-04	2.14e-02	1.59e-01	3.36e-01	4.70e-01	1.38e-02	8.13e-05	4.76e-13	1.35e-18	1.49e-18
 1.90944e+21	6.01e-13	6.39e-08	1.89e-04	2.38e-02	1.68e-01	3.42e-01	4.54e-01	1.26e-02	7.03e-05	6.01e-13	1.71e-18	1.88e-18
 2.03096e+21	7.65e-13	7.88e-08	2.22e-04	2.66e-02	1.78e-01	3.47e-01	4.36e-01	1.15e-02	6.06e-05	7.65e-13	2.17e-18	2.39e-18
 2.18894e+21	1.04e-12	1.03e-07	2.73e-04	3.04e-02	1.91e-01	3.54e-01	4.14e-01	1.01e-02	4.99e-05	1.04e-12	2.93e-18	3.24e-18
 2.35137e+21	1.41e-12	1.34e-07	3.33e-04	3.48e-02	2.04e-01	3.59e-01	3.92e-01	8.93e-03	4.10e-05	1.41e-12	3.97e-18	4.39e-18
 2.48624e+21	1.80e-12	1.65e-07	3.92e-04	3.87e-02	2.15e-01	3.63e-01	3.74e-01	8.05e-03	3.49e-05	1.80e-12	5.08e-18	5.61e-18
 2.62825e+21	2.33e-12	2.05e-07	4.61e-04	4.30e-02	2.27e-01	3.66e-01	3.56e-01	7.23e-03	2.96e-05	2.33e-12	6.54e-18	7.24e-18
 2.78134e+21	3.04e-12	2.57e-07	5.48e-04	4.81e-02	2.39e-01	3.68e-01	3.37e-01	6.43e-03	2.48e-05	3.04e-12	8.52e-18	9.45e-18
 2.91699e+21	3.83e-12	3.12e-07	6.34e-04	5.28e-02	2.50e-01	3.70e-01	3.21e-01	5.80e-03	2.12e-05	3.83e-12	1.07e-17	1.19e-17
 3.06147e+21	4.88e-12	3.82e-07	7.37e-04	5.81e-02	2.62e-01	3.70e-01	3.04e-01	5.21e-03	1.80e-05	4.88e-12	1.36e-17	1.51e-17
 3.24929e+21	6.62e-12	4.91e-07	8.89e-04	6.54e-02	2.76e-01	3.69e-01	2.84e-01	4.53e-03	1.46e-05	6.62e-12	1.84e-17	2.05e-17
 3.44259e+21	8.98e-12	6.31e-07	1.07e-03	7.35e-02	2.90e-01	3.68e-01	2.63e-01	3.92e-03	1.18e-05	8.98e-12	2.50e-17	2.78e-17
 3.59556e+21	1.14e-11	7.65e-07	1.23e-03	8.03e-02	3.01e-01	3.66e-01	2.48e-01	3.50e-03	9.98e-06	1.14e-11	3.15e-17	3.51e-17
 3.74694e+21	1.43e-11	9.20e-07	1.41e-03	8.72e-02	3.12e-01	3.63e-01	2.34e-01	3.13e-03	8.48e-06	1.43e-11	3.95e-17	4.41e-17
 3.94375e+21	1.90e-11	1.16e-06	1.68e-03	9.67e-02	3.24e-01	3.58e-01	2.16e-01	2.71e-03	6.88e-06	1.90e-11	5.26e-17	5.86e-17
 4.15025e+21	2.55e-11	1.46e-06	1.99e-03	1.07e-01	3.37e-01	3.52e-01	1.99e-01	2.33e-03	5.54e-06	2.55e-11	7.03e-17	7.85e-17
 4.32145e+21	3.23e-11	1.77e-06	2.28e-03	1.16e-01	3.47e-01	3.47e-01	1.85e-01	2.05e-03	4.61e-06	3.23e-11	8.90e-17	9.95e-17
 4.49610e+21	4.10e-11	2.13e-06	2.61e-03	1.26e-01	3.56e-01	3.41e-01	1.73e-01	1.81e-03	3.85e-06	4.10e-11	1.12e-16	1.26e-16
 4.72314e+21	5.52e-11	2.69e-06	3.09e-03	1.39e-01	3.68e-01	3.32e-01	1.57e-01	1.54e-03	3.06e-06	5.52e-11	1.51e-16	1.69e-16
 4.95491e+21	7.44e-11	3.40e-06	3.65e-03	1.52e-01	3.78e-01	3.23e-01	1.42e-01	1.30e-03	2.40e-06	7.44e-11	2.03e-16	2.28e-16
 5.14358e+21	9.41e-11	4.08e-06	4.16e-03	1.64e-01	3.85e-01	3.14e-01	1.31e-01	1.13e-03	1.99e-06	9.41e-11	2.56e-16	2.88e-16
 5.33962e+21	1.20e-10	4.91e-06	4.74e-03	1.76e-01	3.92e-01	3.05e-01	1.21e-01	9.83e-04	1.63e-06	1.20e-10	3.24e-16	3.65e-16
 5.59448e+21	1.62e-10	6.19e-06	5.59e-03	1.93e-01	4.00e-01	2.93e-01	1.08e-01	8.20e-04	1.27e-06	1.62e-10	4.38e-16	4.94e-16
 5.85924e+21	2.19e-10	7.81e-06	6.58e-03	2.10e-01	4.06e-01	2.80e-01	9.62e-02	6.78e-04	9.78e-07	2.19e-10	5.92e-16	6.68e-16
 6.08233e+21	2.82e-10	9.45e-06	7.52e-03	2.25e-01	4.10e-01	2.69e-01	8.71e-02	5.78e-04	7.85e-07	2.82e-10	7.59e-16	8.59e-16
 6.31784e+21	3.65e-10	1.15e-05	8.60e-03	2.41e-01	4.13e-01	2.58e-01	7.85e-02	4.90e-04	6.27e-07	3.65e-10	9.78e-16	1.11e-15
 6.62399e+21	5.05e-10	1.46e-05	1.02e-02	2.62e-01	4.16e-01	2.43e-01	6.85e-02	3.95e-04	4.68e-07	5.05e-10	1.35e-15	1.53e-15
 6.93647e+21	6.97e-10	1.86e-05	1.20e-02	2.84e-01	4.17e-01	2.28e-01	5.95e-02	3.17e-04	3.48e-07	6.97e-10	1.86e-15	2.11e-15
 7.19003e+21	9.02e-10	2.25e-05	1.37e-02	3.02e-01	4.16e-01	2.15e-01	5.30e-02	2.65e-04	2.73e-07	9.02e-10	2.40e-15	2.73e-15
 7.45251e+21	1.16e-09	2.72e-05	1.56e-02	3.20e-01	4.14e-01	2.03e-01	4.71e-02	2.22e-04	2.15e-07	1.16e-09	3.08e-15	3.50e-15
 7.73421e+21	1.53e-09	3.32e-05	1.79e-02	3.40e-01	4.10e-01	1.90e-01	4.13e-02	1.82e-04	1.65e-07	1.53e-09	4.03e-15	4.59e-15
 7.99894e+21	1.96e-09	3.99e-05	2.02e-02	3.59e-01	4.06e-01	1.79e-01	3.66e-02	1.52e-04	1.30e-07	1.96e-09	5.15e-15	5.88e-15
 8.25023e+21	2.46e-09	4.73e-05	2.27e-02	3.76e-01	4.01e-01	1.68e-01	3.26e-02	1.28e-04	0.00e+00	2.46e-09	6.46e-15	7.39e-15
 8.48745e+21	3.05e-09	5.53e-05	2.52e-02	3.92e-01	3.95e-01	1.58e-01	2.92e-02	1.08e-04	0.00e+00	3.05e-09	7.98e-15	9.14e-15
 8.75725e+21	3.87e-09	6.59e-05	2.84e-02	4.10e-01	3.88e-01	1.48e-01	2.57e-02	9.02e-05	0.00e+00	3.87e-09	1.01e-14	1.16e-14
 9.04954e+21	4.99e-09	7.93e-05	3.21e-02	4.29e-01	3.79e-01	1.37e-01	2.24e-02	7.40e-05	0.00e+00	4.99e-09	1.30e-14	1.49e-14
 9.32548e+21	6.30e-09	9.42e-05	3.60e-02	4.47e-01	3.70e-01	1.27e-01	1.97e-02	6.14e-05	0.00e+00	6.30e-09	1.64e-14	1.88e-14
 9.58686e+21	7.84e-09	1.10e-04	4.00e-02	4.63e-01	3.61e-01	1.18e-01	1.74e-02	5.14e-05	0.00e+00	7.84e-09	2.03e-14	2.33e-14
 9.83572e+21	9.62e-09	1.28e-04	4.43e-02	4.78e-01	3.52e-01	1.10e-01	1.55e-02	4.35e-05	0.00e+00	9.62e-09	2.48e-14	2.86e-14
 1.01200e+22	1.21e-08	1.52e-04	4.96e-02	4.94e-01	3.41e-01	1.01e-01	1.36e-02	3.60e-05	0.00e+00	1.21e-08	3.12e-14	3.59e-14
 1.04277e+22	1.55e-08	1.82e-04	5.59e-02	5.11e-01	3.28e-01	9.25e-02	1.17e-02	2.94e-05	0.00e+00	1.55e-08	3.97e-14	4.58e-14
 1.07006e+22	1.91e-08	2.13e-04	6.21e-02	5.25e-01	3.17e-01	8.51e-02	1.03e-02	2.45e-05	0.00e+00	1.91e-08	4.90e-14	5.65e-14
 1.09514e+22	2.32e-08	2.46e-04	6.84e-02	5.37e-01	3.06e-01	7.88e-02	9.13e-03	2.08e-05	0.00e+00	2.32e-08	5.93e-14	6.85e-14
 1.12386e+22	2.89e-08	2.89e-04	7.63e-02	5.50e-01	2.93e-01	7.19e-02	7.96e-03	1.72e-05	0.00e+00	2.89e-08	7.36e-14	8.51e-14
 1.15578e+22	3.67e-08	3.45e-04	8.60e-02	5.63e-01	2.79e-01	6.48e-02	6.83e-03	1.40e-05	0.00e+00	3.67e-08	9.31e-14	1.08e-13
 1.18688e+22	4.61e-08	4.11e-04	9.68e-02	5.74e-01	2.65e-01	5.84e-02	5.88e-03	1.15e-05	0.00e+00	4.61e-08	1.17e-13	1.35e-13
 1.21684e+22	5.72e-08	4.84e-04	1.08e-01	5.83e-01	2.51e-01	5.27e-02	5.09e-03	9.48e-06	0.00e+00	5.72e-08	1.45e-13	1.68e-13
 1.24577e+22	7.04e-08	5.66e-04	1.21e-01	5.89e-01	2.37e-01	4.76e-02	4.42e-03	7.89e-06	0.00e+00	7.04e-08	1.77e-13	2.06e-13
 1.27889e+22	8.90e-08	6.78e-04	1.37e-01	5.95e-01	2.21e-01	4.21e-02	3.75e-03	6.39e-06	0.00e+00	8.90e-08	2.24e-13	2.60e-13
 1.31416e+22	1.14e-07	8.19e-04	1.57e-01	5.98e-01	2.04e-01	3.68e-02	3.15e-03	5.12e-06	0.00e+00	1.14e-07	2.85e-13	3.30e-13
 1.34456e+22	1.40e-07	9.64e-04	1.77e-01	5.97e-01	1.90e-01	3.26e-02	2.70e-03	4.23e-06	0.00e+00	1.40e-07	3.49e-13	4.05e-13
 1.37032e+22	1.67e-07	1.11e-03	1.96e-01	5.95e-01	1.77e-01	2.92e-02	2.35e-03	3.57e-06	0.00e+00	1.67e-07	4.17e-13	4.83e-13
 1.39770e+22	2.01e-07	1.29e-03	2.18e-01	5.89e-01	1.63e-01	2.58e-02	2.03e-03	2.99e-06	0.00e+00	2.01e-07	5.00e-13	5.80e-13
 1.42782e+22	2.45e-07	1.51e-03	2.46e-01	5.80e-01	1.48e-01	2.24e-02	1.71e-03	2.45e-06	0.00e+00	2.45e-07	6.11e-13	7.08e-13
 1.45326e+22	2.90e-07	1.73e-03	2.73e-01	5.68e-01	1.36e-01	1.97e-02	1.48e-03	2.06e-06	0.00e+00	2.90e-07	7.21e-13	8.35e-13
 1.47306e+22	3.31e-07	1.93e-03	2.96e-01	5.57e-01	1.26e-01	1.77e-02	1.30e-03	1.78e-06	0.00e+00	3.31e-07	8.23e-13	9.53e-13
 1.49381e+22	3.80e-07	2.16e-03	3.23e-01	5.43e-01	1.15e-01	1.57e-02	1.14e-03	1.52e-06	0.00e+00	3.80e-07	9.44e-13	1.09e-12
 1.51721e+22	4.41e-07	2.44e-03	3.55e-01	5.25e-01	1.03e-01	1.36e-02	9.72e-04	1.28e-06	0.00e+00	4.41e-07	1.09e-12	1.27e-12
 1.53924e+22	5.10e-07	2.75e-03	3.88e-01	5.04e-01	9.23e-02	1.18e-02	8.25e-04	1.06e-06	0.00e+00	5.10e-07	1.26e-12	1.46e-12
 1.55910e+22	5.79e-07	3.05e-03	4.21e-01	4.83e-01	8.26e-02	1.02e-02	7.06e-04	8.96e-07	0.00e+00	5.79e-07	1.43e-12	1.66e-12
 1.58099e+22	6.65e-07	3.41e-03	4.58e-01	4.57e-01	7.21e-02	8.67e-03	5.88e-04	7.33e-07	0.00e+00	6.65e-07	1.64e-12	1.90e-12
 1.60468e+22	7.70e-07	3.83e-03	5.00e-01	4.27e-01	6.15e-02	7.16e-03	4.75e-04	5.81e-07	0.00e+00	7.70e-07	1.90e-12	2.20e-12
 1.62559e+22	8.75e-07	4.24e-03	5.39e-01	3.98e-01	5.26e-02	5.97e-03	3.88e-04	4.66e-07	0.00e+00	8.75e-07	2.15e-12	2.49e-12
 1.64447e+22	9.80e-07	4.62e-03	5.74e-01	3.71e-01	4.51e-02	5.01e-03	3.19e-04	3.76e-07	0.00e+00	9.80e-07	2.41e-12	2.79e-12
 1.66583e+22	1.11e-06	5.09e-03	6.14e-01	3.39e-01	3.75e-02	4.06e-03	2.51e-04	2.91e-07	0.00e+00	1.11e-06	2.73e-12	3.16e-12
 1.68953e+22	1.28e-06	5.62e-03	6.56e-01	3.05e-01	3.02e-02	3.20e-03	1.91e-04	2.16e-07	0.00e+00	1.28e-06	3.12e-12	3.61e-12
 1.71121e+22	1.44e-06	6.12e-03	6.92e-01	2.75e-01	2.45e-02	2.55e-03	1.47e-04	1.62e-07	0.00e+00	1.44e-06	3.51e-12	4.07e-12
 1.73060e+22	1.60e-06	6.58e-03	7.22e-01	2.49e-01	2.02e-02	2.08e-03	1.16e-04	1.24e-07	0.00e+00	1.60e-06	3.90e-12	4.52e-12
 1.75210e+22	1.80e-06	7.09e-03	7.53e-01	2.22e-01	1.63e-02	1.65e-03	8.84e-05	0.00e+00	0.00e+00	1.80e-06	4.37e-12	5.07e-12
 1.77534e+22	2.03e-06	7.65e-03	7.81e-01	1.97e-01	1.30e-02	1.30e-03	6.63e-05	0.00e+00	0.00e+00	2.03e-06	4.91e-12	5.70e-12
 1.79610e+22	2.25e-06	8.15e-03	8.04e-01	1.76e-01	1.06e-02	1.06e-03	5.14e-05	0.00e+00	0.00e+00	2.25e-06	5.43e-12	6.32e-12
 1.81837e+22	2.51e-06	8.69e-03	8.26e-01	1.56e-01	8.59e-03	8.52e-04	3.93e-05	0.00e+00	0.00e+00	2.51e-06	6.05e-12	7.04e-12
 1.84309e+22	2.82e-06	9.29e-03	8.46e-01	1.37e-01	6.91e-03	6.80e-04	2.96e-05	0.00e+00	0.00e+00	2.82e-06	6.77e-12	7.90e-12
 1.86656e+22	3.14e-06	9.85e-03	8.62e-01	1.22e-01	5.70e-03	5.55e-04	2.29e-05	0.00e+00	0.00e+00	3.14e-06	7.52e-12	8.77e-12
 1.89098e+22	3.50e-06	1.04e-02	8.77e-01	1.08e-01	4.72e-03	4.55e-04	1.78e-05	0.00e+00	0.00e+00	3.50e-06	8.36e-12	9.76e-12
 1.91869e+22	3.94e-06	1.11e-02	8.90e-01	9.44e-02	3.90e-03	3.68e-04	1.36e-05	0.00e+00	0.00e+00	3.94e-06	9.30e-12	1.09e-11
 1.94842e+22	4.46e-06	1.18e-02	9.02e-01	8.25e-02	3.25e-03	2.98e-04	1.05e-05	0.00e+00	0.00e+00	4.46e-06	1.04e-11	1.22e-11
 1.97895e+22	5.03e-06	1.26e-02	9.12e-01	7.22e-02	2.76e-03	2.44e-04	8.17e-06	0.00e+00	0.00e+00	5.03e-06	1.16e-11	1.36e-11
 2.01083e+22	5.70e-06	1.33e-02	9.21e-01	6.33e-02	2.38e-03	2.01e-04	6.45e-06	0.00e+00	0.00e+00	5.70e-06	1.29e-11	1.52e-11
 2.04541e+22	6.49e-06	1.42e-02	9.28e-01	5.53e-02	2.07e-03	1.65e-04	5.10e-06	0.00e+00	0.00e+00	6.49e-06	1.45e-11	1.71e-11
 2.08368e+22	7.47e-06	1.52e-02	9.35e-01	4.80e-02	1.81e-03	1.34e-04	4.04e-06	0.00e+00	0.00e+00	7.47e-06	1.65e-11	1.95e-11
 2.12640e+22	8.69e-06	1.62e-02	9.41e-01	4.14e-02	1.60e-03	1.08e-04	3.20e-06	0.00e+00	0.00e+00	8.69e-06	1.90e-11	2.24e-11
 2.17505e+22	1.03e-05	1.75e-02	9.46e-01	3.53e-02	1.42e-03	8.58e-05	2.52e-06	0.00e+00	0.00e+00	1.03e-05	2.22e-11	2.63e-11
 2.23194e+22	1.25e-05	1.91e-02	9.50e-01	2.96e-02	1.26e-03	6.65e-05	1.97e-06	0.00e+00	0.00e+00	1.25e-05	2.66e-11	3.16e-11
 2.29101e+22	1.53e-05	2.08e-02	9.53e-01	2.50e-02	1.14e-03	5.20e-05	1.58e-06	0.00e+00	0.00e+00	1.53e-05	3.22e-11	3.82e-11
 2.34660e+22	1.85e-05	2.24e-02	9.55e-01	2.15e-02	1.05e-03	4.16e-05	1.30e-06	0.00e+00	0.00e+00	1.85e-05	3.85e-11	4.58e-11
 2.40952e+22	2.30e-05	2.45e-02	9.56e-01	1.82e-02	9.71e-04	3.26e-05	1.07e-06	0.00e+00	0.00e+00	2.30e-05	4.75e-11	5.65e-11
 2.49131e+22	3.06e-05	2.74e-02	9.57e-01	1.49e-02	8.86e-04	2.39e-05	8.46e-07	0.00e+00	0.00e+00	3.06e-05	6.27e-11	7.46e-11
 2.56769e+22	4.04e-05	3.06e-02	9.56e-01	1.24e-02	8.24e-04	1.81e-05	6.93e-07	0.00e+00	0.00e+00	4.04e-05	8.26e-11	9.83e-11
 2.61368e+22	4.84e-05	3.27e-02	9.55e-01	1.12e-02	7.91e-04	1.53e-05	6.15e-07	0.00e+00	0.00e+00	4.84e-05	9.90e-11	1.18e-10
 2.64310e+22	5.46e-05	3.43e-02	9.54e-01	1.04e-02	7.71e-04	1.37e-05	5.70e-07	0.00e+00	0.00e+00	5.46e-05	1.11e-10	1.33e-10
 2.67435e+22	6.21e-05	3.60e-02	9.54e-01	9.68e-03	7.52e-04	1.21e-05	5.27e-07	0.00e+00	0.00e+00	6.21e-05	1.27e-10	1.51e-10
 2.71498e+22	7.39e-05	3.85e-02	9.52e-01	8.77e-03	7.28e-04	1.04e-05	4.74e-07	0.00e+00	0.00e+00	7.39e-05	1.51e-10	1.79e-10
 2.75808e+22	8.98e-05	4.15e-02	9.50e-01	7.89e-03	7.04e-04	8.73e-06	4.23e-07	0.00e+00	0.00e+00	8.98e-05	1.83e-10	2.18e-10
 2.79319e+22	1.06e-04	4.43e-02	9.48e-01	7.23e-03	6.87e-04	7.56e-06	3.85e-07	0.00e+00	0.00e+00	1.06e-04	2.17e-10	2.58e-10
 2.82109e+22	1.22e-04	4.68e-02	9.46e-01	6.73e-03	6.73e-04	6.72e-06	3.57e-07	0.00e+00	0.00e+00	1.22e-04	2.50e-10	2.97e-10
 2.85083e+22	1.43e-04	4.98e-02	9.43e-01	6.22e-03	6.58e-04	5.90e-06	3.28e-07	0.00e+00	0.00e+00	1.43e-04	2.93e-10	3.47e-10
 2.88328e+22	1.71e-04	5.35e-02	9.40e-01	5.69e-03	6.43e-04	5.09e-06	2.98e-07	0.00e+00	0.00e+00	1.71e-04	3.51e-10	4.16e-10
 2.91130e+22	2.02e-04	5.73e-02	9.37e-01	5.25e-03	6.31e-04	4.45e-06	2.73e-07	0.00e+00	0.00e+00	2.02e-04	4.15e-10	4.91e-10
 2.93435e+22	2.33e-04	6.08e-02	9.33e-01	4.90e-03	6.20e-04	3.97e-06	2.53e-07	0.00e+00	0.00e+00	2.33e-04	4.79e-10	5.68e-10
 2.95892e+22	2.72e-04	6.49e-02	9.30e-01	4.54e-03	6.09e-04	3.50e-06	2.33e-07	0.00e+00	0.00e+00	2.72e-04	5.61e-10	6.64e-10
 2.98531e+22	3.26e-04	7.01e-02	9.25e-01	4.17e-03	5.97e-04	3.03e-06	2.12e-07	0.00e+00	0.00e+00	3.26e-04	6.74e-10	7.96e-10
 3.00754e+22	3.83e-04	7.51e-02	9.20e-01	3.86e-03	5.86e-04	2.67e-06	1.95e-07	0.00e+00	0.00e+00	3.83e-04	7.94e-10	9.38e-10
 3.02580e+22	4.40e-04	7.98e-02	9.16e-01	3.62e-03	5.78e-04	2.40e-06	1.81e-07	0.00e+00	0.00e+00	4.40e-04	9.13e-10	1.08e-09
 3.04541e+22	5.14e-04	8.55e-02	9.10e-01	3.36e-03	5.68e-04	2.12e-06	1.67e-07	0.00e+00	0.00e+00	5.14e-04	1.07e-09	1.26e-09
 3.06672e+22	6.13e-04	9.25e-02	9.03e-01	3.09e-03	5.57e-04	1.85e-06	1.52e-07	0.00e+00	0.00e+00	6.13e-04	1.28e-09	1.51e-09
 3.08503e+22	7.21e-04	9.95e-02	8.96e-01	2.86e-03	5.47e-04	1.63e-06	1.39e-07	0.00e+00	0.00e+00	7.21e-04	1.50e-09	1.77e-09
 3.10022e+22	8.30e-04	1.06e-01	8.90e-01	2.67e-03	5.38e-04	1.46e-06	1.29e-07	0.00e+00	0.00e+00	8.30e-04	1.73e-09	2.04e-09
 3.11657e+22	9.70e-04	1.14e-01	8.82e-01	2.48e-03	5.28e-04	1.29e-06	0.00e+00	0.00e+00	0.00e+00	9.70e-04	2.03e-09	2.39e-09
 3.13435e+22	1.16e-03	1.24e-01	8.72e-01	2.27e-03	5.17e-04	1.12e-06	0.00e+00	0.00e+00	0.00e+00	1.16e-03	2.43e-09	2.86e-09
 3.14968e+22	1.37e-03	1.33e-01	8.63e-01	2.10e-03	5.07e-04	9.88e-07	0.00e+00	0.00e+00	0.00e+00	1.37e-03	2.86e-09	3.37e-09
 3.16245e+22	1.58e-03	1.43e-01	8.53e-01	1.95e-03	4.97e-04	8.82e-07	0.00e+00	0.00e+00	0.00e+00	1.58e-03	3.31e-09	3.89e-09
 3.17624e+22	1.85e-03	1.54e-01	8.42e-01	1.80e-03	4.86e-04	7.79e-07	0.00e+00	0.00e+00	0.00e+00	1.85e-03	3.88e-09	4.56e-09
 3.19132e+22	2.22e-03	1.67e-01	8.28e-01	1.64e-03	4.73e-04	6.72e-07	0.00e+00	0.00e+00	0.00e+00	2.22e-03	4.66e-09	5.47e-09
 3.20449e+22	2.63e-03	1.81e-01	8.14e-01	1.50e-03	4.61e-04	5.86e-07	0.00e+00	0.00e+00	0.00e+00	2.63e-03	5.53e-09	6.49e-09
 3.21557e+22	3.05e-03	1.95e-01	8.01e-01	1.39e-03	4.49e-04	5.19e-07	0.00e+00	0.00e+00	0.00e+00	3.05e-03	6.42e-09	7.54e-09
 3.22755e+22	3.59e-03	2.10e-01	7.84e-01	1.27e-03	4.36e-04	4.53e-07	0.00e+00	0.00e+00	0.00e+00	3.59e-03	7.57e-09	8.88e-09
 3.24073e+22	4.36e-03	2.30e-01	7.64e-01	1.14e-03	4.20e-04	3.85e-07	0.00e+00	0.00e+00	0.00e+00	4.36e-03	9.17e-09	1.08e-08
 3.25236e+22	5.22e-03	2.50e-01	7.43e-01	1.03e-03	4.05e-04	3.30e-07	0.00e+00	0.00e+00	0.00e+00	5.22e-03	1.10e-08	1.29e-08
 3.26227e+22	6.13e-03	2.69e-01	7.23e-01	9.42e-04	3.90e-04	2.87e-07	0.00e+00	0.00e+00	0.00e+00	6.13e-03	1.29e-08	1.51e-08
 3.27304e+22	7.32e-03	2.92e-01	6.99e-01	8.48e-04	3.73e-04	2.45e-07	0.00e+00	0.00e+00	0.00e+00	7.32e-03	1.54e-08	1.80e-08
 3.28504e+22	9.02e-03	3.21e-01	6.69e-01	7.46e-04	3.52e-04	2.02e-07	0.00e+00	0.00e+00	0.00e+00	9.02e-03	1.90e-08	2.22e-08
 3.29591e+22	1.11e-02	3.52e-01	6.36e-01	6.54e-04	3.30e-04	1.66e-07	0.00e+00	0.00e+00	0.00e+00	1.11e-02	2.33e-08	2.73e-08
 3.30473e+22	1.32e-02	3.79e-01	6.07e-01	5.82e-04	3.11e-04	1.39e-07	0.00e+00	0.00e+00	0.00e+00	1.32e-02	2.77e-08	3.25e-08
 3.31236e+22	1.54e-02	4.05e-01	5.79e-01	5.24e-04	2.93e-04	1.19e-07	0.00e+00	0.00e+00	0.00e+00	1.54e-02	3.23e-08	3.78e-08
 3.32103e+22	1.84e-02	4.36e-01	5.45e-01	4.62e-04	2.72e-04	0.00e+00	0.00e+00	0.00e+00	0.00e+00	1.84e-02	3.85e-08	4.51e-08
 3.33229e+22	2.34e-02	4.79e-01	4.97e-01	3.87e-04	2.43e-04	0.00e+00	0.00e+00	0.00e+00	0.00e+00	2.34e-02	4.87e-08	5.70e-08
 3.34340e+22	3.05e-02	5.28e-01	4.41e-01	3.14e-04	2.10e-04	0.00e+00	0.00e+00	0.00e+00	0.00e+00	3.05e-02	6.33e-08	7.40e-08
 3.35126e+22	3.73e-02	5.65e-01	3.98e-01	2.65e-04	1.85e-04	0.00e+00	0.00e+00	0.00e+00	0.00e+00	3.73e-02	7.71e-08	9.01e-08
 3.35715e+22	4.33e-02	5.92e-01	3.65e-01	2.33e-04	1.67e-04	0.00e+00	0.00e+00	0.00e+00	0.00e+00	4.33e-02	8.90e-08	1.04e-07
 3.36355e+22	5.07e-02	6.20e-01	3.29e-01	2.02e-04	1.47e-04	0.00e+00	0.00e+00	0.00e+00	0.00e+00	5.07e-02	1.04e-07	1.21e-07
 3.37076e+22	6.15e-02	6.52e-01	2.86e-01	1.68e-04	1.24e-04	0.00e+00	0.00e+00	0.00e+00	0.00e+00	6.15e-02	1.25e-07	1.46e-07
 3.37715e+22	7.33e-02	6.79e-01	2.48e-01	1.41e-04	1.04e-04	0.00e+00	0.00e+00	0.00e+00	0.00e+00	7.33e-02	1.47e-07	1.72e-07
 3.38223e+22	8.45e-02	6.97e-01	2.18e-01	1.22e-04	8.92e-05	0.00e+00	0.00e+00	0.00e+00	0.00e+00	8.45e-02	1.69e-07	1.97e-07
 3.38677e+22	9.60e-02	7.11e-01	1.92e-01	1.07e-04	7.66e-05	0.00e+00	0.00e+00	0.00e+00	0.00e+00	9.60e-02	1.90e-07	2.21e-07
 3.39194e+22	1.10e-01	7.24e-01	1.65e-01	9.13e-05	6.36e-05	0.00e+00	0.00e+00	0.00e+00	0.00e+00	1.10e-01	2.16e-07	2.52e-07
 3.39743e+22	1.30e-01	7.33e-01	1.37e-01	7.60e-05	5.04e-05	0.00e+00	0.00e+00	0.00e+00	0.00e+00	1.30e-01	2.49e-07	2.91e-07
 3.40188e+22	1.48e-01	7.37e-01	1.15e-01	6.50e-05	4.09e-05	0.00e+00	0.00e+00	0.00e+00	0.00e+00	1.48e-01	2.80e-07	3.27e-07
 3.40541e+22	1.63e-01	7.36e-01	1.00e-01	5.75e-05	3.45e-05	0.00e+00	0.00e+00	0.00e+00	0.00e+00	1.63e-01	3.06e-07	3.57e-07
 3.40918e+22	1.81e-01	7.33e-01	8.56e-02	5.05e-05	2.84e-05	0.00e+00	0.00e+00	0.00e+00	0.00e+00	1.81e-01	3.34e-07	3.89e-07
 3.41343e+22	2.04e-01	7.25e-01	7.05e-02	4.33e-05	2.24e-05	0.00e+00	0.00e+00	0.00e+00	0.00e+00	2.04e-01	3.68e-07	4.30e-07
 3.41732e+22	2.28e-01	7.14e-01	5.81e-02	3.73e-05	1.76e-05	0.00e+00	0.00e+00	0.00e+00	0.00e+00	2.28e-01	4.03e-07	4.70e-07
 3.42062e+22	2.49e-01	7.02e-01	4.89e-02	3.30e-05	1.43e-05	0.00e+00	0.00e+00	0.00e+00	0.00e+00	2.49e-01	4.32e-07	5.04e-07
 3.42414e+22	2.72e-01	6.87e-01	4.06e-02	2.91e-05	1.14e-05	0.00e+00	0.00e+00	0.00e+00	0.00e+00	2.72e-01	4.61e-07	5.38e-07
 3.42811e+22	3.02e-01	6.66e-01	3.23e-02	2.49e-05	8.62e-06	0.00e+00	0.00e+00	0.00e+00	0.00e+00	3.02e-01	4.95e-07	5.78e-07
 3.43116e+22	3.27e-01	6.46e-01	2.67e-02	2.20e-05	6.83e-06	0.00e+00	0.00e+00	0.00e+00	0.00e+00	3.27e-01	5.23e-07	6.10e-07
 3.43291e+22	3.40e-01	6.35e-01	2.41e-02	2.06e-05	6.02e-06	0.00e+00	0.00e+00	0.00e+00	0.00e+00	3.40e-01	5.35e-07	6.24e-07
 3.43449e+22	3.52e-01	6.26e-01	2.19e-02	1.95e-05	5.38e-06	0.00e+00	0.00e+00	0.00e+00	0.00e+00	3.52e-01	5.46e-07	6.37e-07
 3.43653e+22	3.68e-01	6.12e-01	1.93e-02	1.81e-05	4.62e-06	0.00e+00	0.00e+00	0.00e+00	0.00e+00	3.68e-01	5.60e-07	6.53e-07
 3.43894e+22	3.89e-01	5.94e-01	1.64e-02	1.65e-05	3.81e-06	0.00e+00	0.00e+00	0.00e+00	0.00e+00	3.89e-01	5.77e-07	6.73e-07
 3.44130e+22	4.10e-01	5.76e-01	1.40e-02	1.50e-05	3.14e-06	0.00e+00	0.00e+00	0.00e+00	0.00e+00	4.10e-01	5.92e-07	6.90e-07
 3.44350e+22	4.30e-01	5.58e-01	1.20e-02	1.37e-05	2.61e-06	0.00e+00	0.00e+00	0.00e+00	0.00e+00	4.30e-01	6.04e-07	7.05e-07
 3.44567e+22	4.49e-01	5.40e-01	1.02e-02	1.26e-05	2.18e-06	0.00e+00	0.00e+00	0.00e+00	0.00e+00	4.49e-01	6.15e-07	7.17e-07
 3.44798e+22	4.70e-01	5.21e-01	8.65e-03	1.15e-05	1.79e-06	0.00e+00	0.00e+00	0.00e+00	0.00e+00	4.70e-01	6.25e-07	7.29e-07
 3.45048e+22	4.95e-01	4.98e-01	7.13e-03	1.04e-05	1.42e-06	0.00e+00	0.00e+00	0.00e+00	0.00e+00	4.95e-01	6.34e-07	7.39e-07
 3.45298e+22	5.20e-01	4.75e-01	5.84e-03	9.36e-06	1.13e-06	0.00e+00	0.00e+00	0.00e+00	0.00e+00	5.20e-01	6.40e-07	7.47e-07
 3.45540e+22	5.43e-01	4.52e-01	4.82e-03	8.48e-06	9.03e-07	0.00e+00	0.00e+00	0.00e+00	0.00e+00	5.43e-01	6.44e-07	7.52e-07
 3.45777e+22	5.65e-01	4.31e-01	3.97e-03	7.70e-06	7.22e-07	0.00e+00	0.00e+00	0.00e+00	0.00e+00	5.65e-01	6.46e-07	7.53e-07
 3.46009e+22	5.87e-01	4.10e-01	3.27e-03	7.00e-06	5.80e-07	0.00e+00	0.00e+00	0.00e+00	0.00e+00	5.87e-01	6.45e-07	7.52e-07
 3.46192e+22	6.04e-01	3.93e-01	2.81e-03	6.50e-06	4.88e-07	0.00e+00	0.00e+00	0.00e+00	0.00e+00	6.04e-01	6.43e-07	7.50e-07
 3.46311e+22	6.13e-01	3.85e-01	2.57e-03	6.25e-06	4.41e-07	0.00e+00	0.00e+00	0.00e+00	0.00e+00	6.13e-01	6.41e-07	7.48e-07
 3.46430e+22	6.22e-01	3.76e-01	2.34e-03	6.01e-06	3.97e-07	0.00e+00	0.00e+00	0.00e+00	0.00e+00	6.22e-01	6.39e-07	7.45e-07
 3.46583e+22	6.35e-01	3.63e-01	2.05e-03	5.66e-06	3.43e-07	0.00e+00	0.00e+00	0.00e+00	0.00e+00	6.35e-01	6.35e-07	7.41e-07
 3.46751e+22	6.51e-01	3.47e-01	1.77e-03	5.26e-06	2.90e-07	0.00e+00	0.00e+00	0.00e+00	0.00e+00	6.51e-01	6.29e-07	7.34e-07
 3.46892e+22	6.63e-01	3.36e-01	1.56e-03	4.97e-06	2.53e-07	0.00e+00	0.00e+00	0.00e+00	0.00e+00	6.63e-01	6.25e-07	7.29e-07
 3.47011e+22	6.72e-01	3.27e-01	1.42e-03	4.76e-06	2.27e-07	0.00e+00	0.00e+00	0.00e+00	0.00e+00	6.72e-01	6.20e-07	7.24e-07
 3.47145e+22	6.83e-01	3.16e-01	1.26e-03	4.52e-06	2.00e-07	0.00e+00	0.00e+00	0.00e+00	0.00e+00	6.83e-01	6.15e-07	7.17e-07
 3.47298e+22	6.96e-01	3.03e-01	1.10e-03	4.23e-06	1.72e-07	0.00e+00	0.00e+00	0.00e+00	0.00e+00	6.96e-01	6.08e-07	7.08e-07
 3.47443e+22	7.09e-01	2.90e-01	9.64e-04	3.97e-06	1.48e-07	0.00e+00	0.00e+00	0.00e+00	0.00e+00	7.09e-01	6.00e-07	6.99e-07
 3.47566e+22	7.18e-01	2.81e-01	8.67e-04	3.79e-06	1.32e-07	0.00e+00	0.00e+00	0.00e+00	0.00e+00	7.18e-01	5.94e-07	6.92e-07
 3.47688e+22	7.27e-01	2.72e-01	7.80e-04	3.62e-06	0.00e+00	0.00e+00	0.00e+00	0.00e+00	0.00e+00	7.27e-01	5.87e-07	6.84e-07
 3.47830e+22	7.38e-01	2.61e-01	6.87e-04	3.41e-06	0.00e+00	0.00e+00	0.00e+00	0.00e+00	0.00e+00	7.38e-01	5.79e-07	6.74e-07
 3.47975e+22	7.50e-01	2.50e-01	6.02e-04	3.19e-06	0.00e+00	0.00e+00	0.00e+00	0.00e+00	0.00e+00	7.50e-01	5.69e-07	6.63e-07
 3.48102e+22	7.59e-01	2.41e-01	5.40e-04	3.03e-06	0.00e+00	0.00e+00	0.00e+00	0.00e+00	0.00e+00	7.59e-01	5.61e-07	6.54e-07
 3.48222e+22	7.67e-01	2.33e-01	4.88e-04	2.90e-06	0.00e+00	0.00e+00	0.00e+00	0.00e+00	0.00e+00	7.67e-01	5.54e-07	6.45e-07
 3.48356e+22	7.76e-01	2.23e-01	4.35e-04	2.74e-06	0.00e+00	0.00e+00	0.00e+00	0.00e+00	0.00e+00	7.76e-01	5.45e-07	6.34e-07
 3.48499e+22	7.87e-01	2.13e-01	3.84e-04	2.57e-06	0.00e+00	0.00e+00	0.00e+00	0.00e+00	0.00e+00	7.87e-01	5.35e-07	6.22e-07
 3.48630e+22	7.95e-01	2.05e-01	3.44e-04	2.44e-06	0.00e+00	0.00e+00	0.00e+00	0.00e+00	0.00e+00	7.95e-01	5.26e-07	6.12e-07
 3.48751e+22	8.02e-01	1.97e-01	3.13e-04	2.33e-06	0.00e+00	0.00e+00	0.00e+00	0.00e+00	0.00e+00	8.02e-01	5.18e-07	6.02e-07
 3.48880e+22	8.10e-01	1.90e-01	2.83e-04	2.21e-06	0.00e+00	0.00e+00	0.00e+00	0.00e+00	0.00e+00	8.10e-01	5.09e-07	5.92e-07
 3.49021e+22	8.19e-01	1.81e-01	2.53e-04	2.08e-06	0.00e+00	0.00e+00	0.00e+00	0.00e+00	0.00e+00	8.19e-01	4.99e-07	5.80e-07
 3.49158e+22	8.27e-01	1.72e-01	2.28e-04	1.96e-06	0.00e+00	0.00e+00	0.00e+00	0.00e+00	0.00e+00	8.27e-01	4.89e-07	5.68e-07
 3.49280e+22	8.34e-01	1.66e-01	2.10e-04	1.87e-06	0.00e+00	0.00e+00	0.00e+00	0.00e+00	0.00e+00	8.34e-01	4.81e-07	5.58e-07
 3.49404e+22	8.40e-01	1.60e-01	1.93e-04	1.79e-06	0.00e+00	0.00e+00	0.00e+00	0.00e+00	0.00e+00	8.40e-01	4.73e-07	5.49e-07
 3.49542e+22	8.47e-01	1.53e-01	1.76e-04	1.70e-06	0.00e+00	0.00e+00	0.00e+00	0.00e+00	0.00e+00	8.47e-01	4.64e-07	5.38e-07
 3.49683e+22	8.54e-01	1.45e-01	1.61e-04	1.60e-06	0.00e+00	0.00e+00	0.00e+00	0.00e+00	0.00e+00	8.54e-01	4.53e-07	5.24e-07
 3.49812e+22	8.60e-01	1.39e-01	1.50e-04	1.52e-06	0.00e+00	0.00e+00	0.00e+00	0.00e+00	0.00e+00	8.60e-01	4.44e-07	5.11e-07
 3.49934e+22	8.65e-01	1.34e-01	1.41e-04	1.45e-06	0.00e+00	0.00e+00	0.00e+00	0.00e+00	0.00e+00	8.65e-01	4.36e-07	5.00e-07
 3.50066e+22	8.71e-01	1.29e-01	1.32e-04	1.39e-06	0.00e+00	0.00e+00	0.00e+00	0.00e+00	0.00e+00	8.71e-01	4.27e-07	4.87e-07
 3.50205e+22	8.77e-01	1.23e-01	1.24e-04	1.31e-06	0.00e+00	0.00e+00	0.00e+00	0.00e+00	0.00e+00	8.77e-01	4.17e-07	4.74e-07
 3.50337e+22	8.82e-01	1.18e-01	1.17e-04	1.25e-06	0.00e+00	0.00e+00	0.00e+00	0.00e+00	0.00e+00	8.82e-01	4.09e-07	4.62e-07
 3.50459e+22	8.86e-01	1.14e-01	1.12e-04	1.20e-06	0.00e+00	0.00e+00	0.00e+00	0.00e+00	0.00e+00	8.86e-01	4.02e-07	4.52e-07
 3.50586e+22	8.90e-01	1.10e-01	1.08e-04	1.15e-06	0.00e+00	0.00e+00	0.00e+00	0.00e+00	0.00e+00	8.90e-01	3.95e-07	4.42e-07
 3.50724e+22	8.95e-01	1.05e-01	1.03e-04	1.10e-06	0.00e+00	0.00e+00	0.00e+00	0.00e+00	0.00e+00	8.95e-01	3.87e-07	4.31e-07
 3.50861e+22	8.99e-01	1.01e-01	9.97e-05	1.05e-06	0.00e+00	0.00e+00	0.00e+00	0.00e+00	0.00e+00	8.99e-01	3.79e-07	4.21e-07
 3.50989e+22	9.02e-01	9.75e-02	9.70e-05	1.01e-06	0.00e+00	0.00e+00	0.00e+00	0.00e+00	0.00e+00	9.02e-01	3.73e-07	4.12e-07
 3.51119e+22	9.06e-01	9.42e-02	9.48e-05	9.73e-07	0.00e+00	0.00e+00	0.00e+00	0.00e+00	0.00e+00	9.06e-01	3.67e-07	4.03e-07
 3.51261e+22	9.09e-01	9.07e-02	9.26e-05	9.33e-07	0.00e+00	0.00e+00	0.00e+00	0.00e+00	0.00e+00	9.09e-01	3.60e-07	3.94e-07
 3.51407e+22	9.13e-01	8.71e-02	9.08e-05	8.94e-07	0.00e+00	0.00e+00	0.00e+00	0.00e+00	0.00e+00	9.13e-01	3.53e-07	3.85e-07
 3.51547e+22	9.16e-01	8.42e-02	8.95e-05	8.61e-07	0.00e+00	0.00e+00	0.00e+00	0.00e+00	0.00e+00	9.16e-01	3.48e-07	3.77e-07
 3.51689e+22	9.18e-01	8.15e-02	8.86e-05	8.32e-07	0.00e+00	0.00e+00	0.00e+00	0.00e+00	0.00e+00	9.18e-01	3.42e-07	3.69e-07
 3.51837e+22	9.21e-01	7.88e-02	8.78e-05	8.03e-07	0.00e+00	0.00e+00	0.00e+00	0.00e+00	0.00e+00	9.21e-01	3.37e-07	3.62e-07
 3.51990e+22	9.24e-01	7.63e-02	8.72e-05	7.76e-07	0.00e+00	0.00e+00	0.00e+00	0.00e+00	0.00e+00	9.24e-01	3.32e-07	3.55e-07
 3.52145e+22	9.26e-01	7.39e-02	8.69e-05	7.51e-07	0.00e+00	0.00e+00	0.00e+00	0.00e+00	0.00e+00	9.26e-01	3.27e-07	3.48e-07
 3.52298e+22	9.28e-01	7.18e-02	8.68e-05	7.29e-07	0.00e+00	0.00e+00	0.00e+00	0.00e+00	0.00e+00	9.28e-01	3.22e-07	3.41e-07
 3.52446e+22	9.30e-01	7.00e-02	8.69e-05	7.10e-07	0.00e+00	0.00e+00	0.00e+00	0.00e+00	0.00e+00	9.30e-01	3.18e-07	3.36e-07
 3.52590e+22	9.31e-01	6.85e-02	8.71e-05	6.95e-07	0.00e+00	0.00e+00	0.00e+00	0.00e+00	0.00e+00	9.31e-01	3.14e-07	3.31e-07
 3.52734e+22	9.33e-01	6.72e-02	8.73e-05	6.80e-07	0.00e+00	0.00e+00	0.00e+00	0.00e+00	0.00e+00	9.33e-01	3.10e-07	3.26e-07
 3.52884e+22	9.34e-01	6.57e-02	8.76e-05	6.66e-07	0.00e+00	0.00e+00	0.00e+00	0.00e+00	0.00e+00	9.34e-01	3.07e-07	3.21e-07
 3.53043e+22	9.36e-01	6.44e-02	8.79e-05	6.52e-07	0.00e+00	0.00e+00	0.00e+00	0.00e+00	0.00e+00	9.36e-01	3.04e-07	3.17e-07
 3.53213e+22	9.37e-01	6.30e-02	8.82e-05	6.37e-07	0.00e+00	0.00e+00	0.00e+00	0.00e+00	0.00e+00	9.37e-01	3.01e-07	3.13e-07
 3.53396e+22	9.38e-01	6.16e-02	8.85e-05	6.24e-07	0.00e+00	0.00e+00	0.00e+00	0.00e+00	0.00e+00	9.38e-01	2.97e-07	3.09e-07
 3.53590e+22	9.40e-01	6.04e-02	8.89e-05	6.10e-07	0.00e+00	0.00e+00	0.00e+00	0.00e+00	0.00e+00	9.40e-01	2.94e-07	3.05e-07
 3.53788e+22	9.41e-01	5.93e-02	8.93e-05	5.99e-07	0.00e+00	0.00e+00	0.00e+00	0.00e+00	0.00e+00	9.41e-01	2.92e-07	3.01e-07
 3.54005e+22	9.42e-01	5.83e-02	8.97e-05	5.89e-07	0.00e+00	0.00e+00	0.00e+00	0.00e+00	0.00e+00	9.42e-01	2.89e-07	2.98e-07
 3.54257e+22	9.43e-01	5.72e-02	9.00e-05	5.78e-07	0.00e+00	0.00e+00	0.00e+00	0.00e+00	0.00e+00	9.43e-01	2.87e-07	2.95e-07
 3.54548e+22	9.44e-01	5.60e-02	9.04e-05	5.65e-07	0.00e+00	0.00e+00	0.00e+00	0.00e+00	0.00e+00	9.44e-01	2.84e-07	2.92e-07
 3.54880e+22	9.45e-01	5.49e-02	9.07e-05	5.54e-07	0.00e+00	0.00e+00	0.00e+00	0.00e+00	0.00e+00	9.45e-01	2.82e-07	2.89e-07
 3.55240e+22	9.46e-01	5.41e-02	9.10e-05	5.45e-07	0.00e+00	0.00e+00	0.00e+00	0.00e+00	0.00e+00	9.46e-01	2.80e-07	2.86e-07
 3.55606e+22	9.47e-01	5.34e-02	9.13e-05	5.37e-07	0.00e+00	0.00e+00	0.00e+00	0.00e+00	0.00e+00	9.47e-01	2.78e-07	2.84e-07
 3.55972e+22	9.47e-01	5.29e-02	9.14e-05	5.32e-07	0.00e+00	0.00e+00	0.00e+00	0.00e+00	0.00e+00	9.47e-01	2.77e-07	2.82e-07
 3.56392e+22	9.47e-01	5.24e-02	9.15e-05	5.26e-07	0.00e+00	0.00e+00	0.00e+00	0.00e+00	0.00e+00	9.47e-01	2.75e-07	2.81e-07
 3.56938e+22	9.48e-01	5.16e-02	9.16e-05	5.17e-07	0.00e+00	0.00e+00	0.00e+00	0.00e+00	0.00e+00	9.48e-01	2.73e-07	2.78e-07
 3.57647e+22	9.49e-01	5.08e-02	9.15e-05	5.08e-07	0.00e+00	0.00e+00	0.00e+00	0.00e+00	0.00e+00	9.49e-01	2.72e-07	2.77e-07
 3.58570e+22	9.50e-01	5.00e-02	9.16e-05	4.97e-07	0.00e+00	0.00e+00	0.00e+00	0.00e+00	0.00e+00	9.50e-01	2.70e-07	2.74e-07
 3.59566e+22	9.51e-01	4.92e-02	9.15e-05	4.87e-07	0.00e+00	0.00e+00	0.00e+00	0.00e+00	0.00e+00	9.51e-01	2.68e-07	2.71e-07
 3.60472e+22	9.51e-01	4.86e-02	9.15e-05	4.79e-07	0.00e+00	0.00e+00	0.00e+00	0.00e+00	0.00e+00	9.51e-01	2.66e-07	2.69e-07
 3.61297e+22	9.52e-01	4.80e-02	9.14e-05	4.72e-07	0.00e+00	0.00e+00	0.00e+00	0.00e+00	0.00e+00	9.52e-01	2.65e-07	2.68e-07
 3.62200e+22	9.53e-01	4.73e-02	9.14e-05	4.64e-07	0.00e+00	0.00e+00	0.00e+00	0.00e+00	0.00e+00	9.53e-01	2.63e-07	2.66e-07
 3.63176e+22	9.53e-01	4.66e-02	9.13e-05	4.55e-07	0.00e+00	0.00e+00	0.00e+00	0.00e+00	0.00e+00	9.53e-01	2.61e-07	2.63e-07
 3.64064e+22	9.54e-01	4.60e-02	9.12e-05	4.48e-07	0.00e+00	0.00e+00	0.00e+00	0.00e+00	0.00e+00	9.54e-01	2.59e-07	2.61e-07
 3.64872e+22	9.54e-01	4.55e-02	9.11e-05	4.41e-07	0.00e+00	0.00e+00	0.00e+00	0.00e+00	0.00e+00	9.54e-01	2.58e-07	2.60e-07
 3.65757e+22	9.55e-01	4.49e-02	9.10e-05	4.34e-07	0.00e+00	0.00e+00	0.00e+00	0.00e+00	0.00e+00	9.55e-01	2.56e-07	2.58e-07
 3.66713e+22	9.56e-01	4.42e-02	9.09e-05	4.26e-07	0.00e+00	0.00e+00	0.00e+00	0.00e+00	0.00e+00	9.56e-01	2.53e-07	2.55e-07
 3.67582e+22	9.56e-01	4.36e-02	9.08e-05	4.19e-07	0.00e+00	0.00e+00	0.00e+00	0.00e+00	0.00e+00	9.56e-01	2.51e-07	2.54e-07
 3.68374e+22	9.57e-01	4.31e-02	9.06e-05	4.13e-07	0.00e+00	0.00e+00	0.00e+00	0.00e+00	0.00e+00	9.57e-01	2.49e-07	2.52e-07
 3.69241e+22	9.57e-01	4.26e-02	9.05e-05	4.07e-07	0.00e+00	0.00e+00	0.00e+00	0.00e+00	0.00e+00	9.57e-01	2.47e-07	2.50e-07
 3.70177e+22	9.58e-01	4.19e-02	9.03e-05	3.99e-07	0.00e+00	0.00e+00	0.00e+00	0.00e+00	0.00e+00	9.58e-01	2.45e-07	2.48e-07
 3.71029e+22	9.59e-01	4.14e-02	9.01e-05	3.93e-07	0.00e+00	0.00e+00	0.00e+00	0.00e+00	0.00e+00	9.59e-01	2.43e-07	2.46e-07
 3.71805e+22	9.59e-01	4.09e-02	8.99e-05	3.88e-07	0.00e+00	0.00e+00	0.00e+00	0.00e+00	0.00e+00	9.59e-01	2.41e-07	2.45e-07
 3.72654e+22	9.60e-01	4.04e-02	8.97e-05	3.82e-07	0.00e+00	0.00e+00	0.00e+00	0.00e+00	0.00e+00	9.60e-01	2.39e-07	2.43e-07
 3.73572e+22	9.60e-01	3.97e-02	8.95e-05	3.74e-07	0.00e+00	0.00e+00	0.00e+00	0.00e+00	0.00e+00	9.60e-01	2.37e-07	2.41e-07
 3.74406e+22	9.61e-01	3.93e-02	8.92e-05	3.69e-07	0.00e+00	0.00e+00	0.00e+00	0.00e+00	0.00e+00	9.61e-01	2.35e-07	2.40e-07
 3.75321e+22	9.61e-01	3.88e-02	8.88e-05	3.64e-07	0.00e+00	0.00e+00	0.00e+00	0.00e+00	0.00e+00	9.61e-01	2.34e-07	2.38e-07
 3.76510e+22	9.62e-01	3.81e-02	8.84e-05	3.56e-07	0.00e+00	0.00e+00	0.00e+00	0.00e+00	0.00e+00	9.62e-01	2.31e-07	2.36e-07
 3.77794e+22	9.62e-01	3.75e-02	8.79e-05	3.48e-07	0.00e+00	0.00e+00	0.00e+00	0.00e+00	0.00e+00	9.62e-01	2.29e-07	2.34e-07
 3.78962e+22	9.63e-01	3.69e-02	8.74e-05	3.42e-07	0.00e+00	0.00e+00	0.00e+00	0.00e+00	0.00e+00	9.63e-01	2.27e-07	2.32e-07
 3.80025e+22	9.63e-01	3.65e-02	8.69e-05	3.36e-07	0.00e+00	0.00e+00	0.00e+00	0.00e+00	0.00e+00	9.63e-01	2.26e-07	2.31e-07
 3.80992e+22	9.64e-01	3.60e-02	8.65e-05	3.31e-07	0.00e+00	0.00e+00	0.00e+00	0.00e+00	0.00e+00	9.64e-01	2.24e-07	2.29e-07
 3.82052e+22	9.64e-01	3.55e-02	8.61e-05	3.25e-07	0.00e+00	0.00e+00	0.00e+00	0.00e+00	0.00e+00	9.64e-01	2.23e-07	2.28e-07
 3.83196e+22	9.65e-01	3.49e-02	8.55e-05	3.19e-07	0.00e+00	0.00e+00	0.00e+00	0.00e+00	0.00e+00	9.65e-01	2.21e-07	2.26e-07
 3.84238e+22	9.65e-01	3.44e-02	8.50e-05	3.14e-07	0.00e+00	0.00e+00	0.00e+00	0.00e+00	0.00e+00	9.65e-01	2.19e-07	2.24e-07
 3.85379e+22	9.66e-01	3.39e-02	8.45e-05	3.08e-07	0.00e+00	0.00e+00	0.00e+00	0.00e+00	0.00e+00	9.66e-01	2.18e-07	2.23e-07
 3.86611e+22	9.67e-01	3.34e-02	8.38e-05	3.01e-07	0.00e+00	0.00e+00	0.00e+00	0.00e+00	0.00e+00	9.67e-01	2.16e-07	2.21e-07
 3.87732e+22	9.67e-01	3.29e-02	8.33e-05	2.96e-07	0.00e+00	0.00e+00	0.00e+00	0.00e+00	0.00e+00	9.67e-01	2.14e-07	2.19e-07
 3.88752e+22	9.67e-01	3.25e-02	8.27e-05	2.92e-07	0.00e+00	0.00e+00	0.00e+00	0.00e+00	0.00e+00	9.67e-01	2.13e-07	2.18e-07
 3.89680e+22	9.68e-01	3.20e-02	8.21e-05	2.87e-07	0.00e+00	0.00e+00	0.00e+00	0.00e+00	0.00e+00	9.68e-01	2.11e-07	2.17e-07
 3.90525e+22	9.68e-01	3.17e-02	8.16e-05	2.83e-07	0.00e+00	0.00e+00	0.00e+00	0.00e+00	0.00e+00	9.68e-01	2.10e-07	2.15e-07
 3.91451e+22	9.69e-01	3.13e-02	8.10e-05	2.79e-07	0.00e+00	0.00e+00	0.00e+00	0.00e+00	0.00e+00	9.69e-01	2.09e-07	2.14e-07
 3.92450e+22	9.69e-01	3.08e-02	8.03e-05	2.74e-07	0.00e+00	0.00e+00	0.00e+00	0.00e+00	0.00e+00	9.69e-01	2.07e-07	2.12e-07
 3.93360e+22	9.69e-01	3.04e-02	7.98e-05	2.70e-07	0.00e+00	0.00e+00	0.00e+00	0.00e+00	0.00e+00	9.69e-01	2.06e-07	2.11e-07
 3.94356e+22	9.70e-01	3.00e-02	7.91e-05	2.66e-07	0.00e+00	0.00e+00	0.00e+00	0.00e+00	0.00e+00	9.70e-01	2.05e-07	2.09e-07
 3.95432e+22	9.70e-01	2.96e-02	7.85e-05	2.61e-07	0.00e+00	0.00e+00	0.00e+00	0.00e+00	0.00e+00	9.70e-01	2.03e-07	2.08e-07
 3.96411e+22	9.71e-01	2.92e-02	7.79e-05	2.57e-07	0.00e+00	0.00e+00	0.00e+00	0.00e+00	0.00e+00	9.71e-01	2.02e-07	2.06e-07
 3.97484e+22	9.71e-01	2.88e-02	7.73e-05	2.53e-07	0.00e+00	0.00e+00	0.00e+00	0.00e+00	0.00e+00	9.71e-01	2.00e-07	2.05e-07
 3.98642e+22	9.72e-01	2.83e-02	7.66e-05	2.48e-07	0.00e+00	0.00e+00	0.00e+00	0.00e+00	0.00e+00	9.72e-01	1.99e-07	2.03e-07
 3.99696e+22	9.72e-01	2.79e-02	7.60e-05	2.44e-07	0.00e+00	0.00e+00	0.00e+00	0.00e+00	0.00e+00	9.72e-01	1.97e-07	2.02e-07
 4.00655e+22	9.72e-01	2.76e-02	7.55e-05	2.40e-07	0.00e+00	0.00e+00	0.00e+00	0.00e+00	0.00e+00	9.72e-01	1.96e-07	2.00e-07
 4.01706e+22	9.73e-01	2.72e-02	7.49e-05	2.37e-07	0.00e+00	0.00e+00	0.00e+00	0.00e+00	0.00e+00	9.73e-01	1.95e-07	1.99e-07
 4.02841e+22	9.73e-01	2.67e-02	7.42e-05	2.32e-07	0.00e+00	0.00e+00	0.00e+00	0.00e+00	0.00e+00	9.73e-01	1.93e-07	1.97e-07
 4.03873e+22	9.74e-01	2.64e-02	7.37e-05	2.29e-07	0.00e+00	0.00e+00	0.00e+00	0.00e+00	0.00e+00	9.74e-01	1.92e-07	1.96e-07
 4.05005e+22	9.74e-01	2.60e-02	7.31e-05	2.25e-07	0.00e+00	0.00e+00	0.00e+00	0.00e+00	0.00e+00	9.74e-01	1.91e-07	1.94e-07
 4.06226e+22	9.74e-01	2.56e-02	7.24e-05	2.20e-07	0.00e+00	0.00e+00	0.00e+00	0.00e+00	0.00e+00	9.74e-01	1.89e-07	1.92e-07
 4.07338e+22	9.75e-01	2.52e-02	7.18e-05	2.17e-07	0.00e+00	0.00e+00	0.00e+00	0.00e+00	0.00e+00	9.75e-01	1.88e-07	1.91e-07
 4.08349e+22	9.75e-01	2.49e-02	7.13e-05	2.14e-07	0.00e+00	0.00e+00	0.00e+00	0.00e+00	0.00e+00	9.75e-01	1.87e-07	1.89e-07
 4.09458e+22	9.75e-01	2.45e-02	7.08e-05	2.10e-07	0.00e+00	0.00e+00	0.00e+00	0.00e+00	0.00e+00	9.75e-01	1.85e-07	1.87e-07
 4.10898e+22	9.76e-01	2.41e-02	7.01e-05	2.04e-07	0.00e+00	0.00e+00	0.00e+00	0.00e+00	0.00e+00	9.76e-01	1.81e-07	1.84e-07
 4.12454e+22	9.76e-01	2.37e-02	6.93e-05	1.99e-07	0.00e+00	0.00e+00	0.00e+00	0.00e+00	0.00e+00	9.76e-01	1.78e-07	1.82e-07
 4.13870e+22	9.77e-01	2.33e-02	6.87e-05	1.94e-07	0.00e+00	0.00e+00	0.00e+00	0.00e+00	0.00e+00	9.77e-01	1.76e-07	1.79e-07
 4.15158e+22	9.77e-01	2.30e-02	6.81e-05	1.90e-07	0.00e+00	0.00e+00	0.00e+00	0.00e+00	0.00e+00	9.77e-01	1.73e-07	1.77e-07
 4.16569e+22	9.77e-01	2.26e-02	6.74e-05	1.86e-07	0.00e+00	0.00e+00	0.00e+00	0.00e+00	0.00e+00	9.77e-01	1.71e-07	1.74e-07
 4.18093e+22	9.78e-01	2.22e-02	6.67e-05	1.81e-07	0.00e+00	0.00e+00	0.00e+00	0.00e+00	0.00e+00	9.78e-01	1.68e-07	1.71e-07
 4.19480e+22	9.78e-01	2.19e-02	6.61e-05	1.77e-07	0.00e+00	0.00e+00	0.00e+00	0.00e+00	0.00e+00	9.78e-01	1.66e-07	1.68e-07
 4.21000e+22	9.78e-01	2.15e-02	6.55e-05	1.73e-07	0.00e+00	0.00e+00	0.00e+00	0.00e+00	0.00e+00	9.78e-01	1.63e-07	1.65e-07
 4.22640e+22	9.79e-01	2.11e-02	6.48e-05	1.68e-07	0.00e+00	0.00e+00	0.00e+00	0.00e+00	0.00e+00	9.79e-01	1.60e-07	1.62e-07
 4.24133e+22	9.79e-01	2.07e-02	6.42e-05	1.64e-07	0.00e+00	0.00e+00	0.00e+00	0.00e+00	0.00e+00	9.79e-01	1.58e-07	1.59e-07
 4.25492e+22	9.79e-01	2.05e-02	6.36e-05	1.61e-07	0.00e+00	0.00e+00	0.00e+00	0.00e+00	0.00e+00	9.79e-01	1.56e-07	1.57e-07
 4.26980e+22	9.80e-01	2.01e-02	6.30e-05	1.57e-07	0.00e+00	0.00e+00	0.00e+00	0.00e+00	0.00e+00	9.80e-01	1.53e-07	1.54e-07
 4.28587e+22	9.80e-01	1.97e-02	6.23e-05	1.53e-07	0.00e+00	0.00e+00	0.00e+00	0.00e+00	0.00e+00	9.80e-01	1.51e-07	1.51e-07
 4.30050e+22	9.81e-01	1.94e-02	6.18e-05	1.49e-07	0.00e+00	0.00e+00	0.00e+00	0.00e+00	0.00e+00	9.81e-01	1.49e-07	1.49e-07
 4.31652e+22	9.81e-01	1.91e-02	6.11e-05	1.45e-07	0.00e+00	0.00e+00	0.00e+00	0.00e+00	0.00e+00	9.81e-01	1.47e-07	1.47e-07
 4.33383e+22	9.81e-01	1.87e-02	6.05e-05	1.42e-07	0.00e+00	0.00e+00	0.00e+00	0.00e+00	0.00e+00	9.81e-01	1.44e-07	1.44e-07
 4.34957e+22	9.82e-01	1.84e-02	5.99e-05	1.38e-07	0.00e+00	0.00e+00	0.00e+00	0.00e+00	0.00e+00	9.82e-01	1.42e-07	1.41e-07
 4.36390e+22	9.82e-01	1.82e-02	5.94e-05	1.35e-07	0.00e+00	0.00e+00	0.00e+00	0.00e+00	0.00e+00	9.82e-01	1.40e-07	1.39e-07
 4.37960e+22	9.82e-01	1.79e-02	5.88e-05	1.32e-07	0.00e+00	0.00e+00	0.00e+00	0.00e+00	0.00e+00	9.82e-01	1.37e-07	1.36e-07
 4.40001e+22	9.82e-01	1.75e-02	5.81e-05	1.28e-07	0.00e+00	0.00e+00	0.00e+00	0.00e+00	0.00e+00	9.82e-01	1.34e-07	1.33e-07
 4.42204e+22	9.83e-01	1.71e-02	5.73e-05	1.23e-07	0.00e+00	0.00e+00	0.00e+00	0.00e+00	0.00e+00	9.83e-01	1.31e-07	1.29e-07
 4.44209e+22	9.83e-01	1.67e-02	5.66e-05	1.20e-07	0.00e+00	0.00e+00	0.00e+00	0.00e+00	0.00e+00	9.83e-01	1.28e-07	1.26e-07
 4.46034e+22	9.84e-01	1.64e-02	5.60e-05	0.00e+00	0.00e+00	0.00e+00	0.00e+00	0.00e+00	0.00e+00	9.84e-01	1.26e-07	1.24e-07
 4.47694e+22	9.84e-01	1.62e-02	5.55e-05	0.00e+00	0.00e+00	0.00e+00	0.00e+00	0.00e+00	0.00e+00	9.84e-01	1.24e-07	1.21e-07
 4.49514e+22	9.84e-01	1.59e-02	5.49e-05	0.00e+00	0.00e+00	0.00e+00	0.00e+00	0.00e+00	0.00e+00	9.84e-01	1.21e-07	1.19e-07
 4.51478e+22	9.84e-01	1.56e-02	5.42e-05	0.00e+00	0.00e+00	0.00e+00	0.00e+00	0.00e+00	0.00e+00	9.84e-01	1.19e-07	1.16e-07
 4.53265e+22	9.85e-01	1.53e-02	5.37e-05	0.00e+00	0.00e+00	0.00e+00	0.00e+00	0.00e+00	0.00e+00	9.85e-01	1.17e-07	1.13e-07
 4.55224e+22	9.85e-01	1.50e-02	5.31e-05	0.00e+00	0.00e+00	0.00e+00	0.00e+00	0.00e+00	0.00e+00	9.85e-01	1.14e-07	1.11e-07
 4.57339e+22	9.85e-01	1.47e-02	5.24e-05	0.00e+00	0.00e+00	0.00e+00	0.00e+00	0.00e+00	0.00e+00	9.85e-01	1.12e-07	1.08e-07
 4.59263e+22	9.86e-01	1.44e-02	5.19e-05	0.00e+00	0.00e+00	0.00e+00	0.00e+00	0.00e+00	0.00e+00	9.86e-01	1.10e-07	1.06e-07
 4.61014e+22	9.86e-01	1.42e-02	5.14e-05	0.00e+00	0.00e+00	0.00e+00	0.00e+00	0.00e+00	0.00e+00	9.86e-01	1.08e-07	1.03e-07
 4.62933e+22	9.86e-01	1.39e-02	5.08e-05	0.00e+00	0.00e+00	0.00e+00	0.00e+00	0.00e+00	0.00e+00	9.86e-01	1.05e-07	1.01e-07
 4.65004e+22	9.86e-01	1.37e-02	5.02e-05	0.00e+00	0.00e+00	0.00e+00	0.00e+00	0.00e+00	0.00e+00	9.86e-01	1.03e-07	9.89e-08
 4.66889e+22	9.86e-01	1.35e-02	4.97e-05	0.00e+00	0.00e+00	0.00e+00	0.00e+00	0.00e+00	0.00e+00	9.86e-01	1.02e-07	9.70e-08
 4.68955e+22	9.87e-01	1.32e-02	4.92e-05	0.00e+00	0.00e+00	0.00e+00	0.00e+00	0.00e+00	0.00e+00	9.87e-01	9.95e-08	9.49e-08
 4.71185e+22	9.87e-01	1.29e-02	4.86e-05	0.00e+00	0.00e+00	0.00e+00	0.00e+00	0.00e+00	0.00e+00	9.87e-01	9.74e-08	9.27e-08
 4.73214e+22	9.87e-01	1.27e-02	4.80e-05	0.00e+00	0.00e+00	0.00e+00	0.00e+00	0.00e+00	0.00e+00	9.87e-01	9.56e-08	9.08e-08
