#depth	H	H+	H2
 6.17135e+19	5.83e-06	1.00e+00	7.66e-23
 1.87609e+20	6.43e-06	1.00e+00	9.69e-23
 3.18540e+20	7.08e-06	1.00e+00	1.25e-22
 4.54709e+20	7.79e-06	1.00e+00	1.65e-22
 5.58443e+20	8.36e-06	1.00e+00	1.93e-22
 6.15399e+20	8.68e-06	1.00e+00	2.14e-22
 6.67476e+20	8.98e-06	1.00e+00	2.39e-22
 7.35175e+20	9.38e-06	1.00e+00	2.76e-22
 8.23185e+20	9.89e-06	1.00e+00	3.32e-22
 9.19412e+20	1.05e-05	1.00e+00	4.01e-22
 1.00597e+21	1.10e-05	1.00e+00	4.72e-22
 1.09813e+21	1.16e-05	1.00e+00	5.71e-22
 1.21795e+21	1.25e-05	1.00e+00	7.35e-22
 1.33816e+21	1.33e-05	1.00e+00	9.07e-22
 1.43343e+21	1.40e-05	1.00e+00	1.08e-21
 1.53183e+21	1.47e-05	1.00e+00	1.32e-21
 1.65975e+21	1.56e-05	1.00e+00	1.69e-21
 1.79432e+21	1.67e-05	1.00e+00	2.16e-21
 1.90944e+21	1.76e-05	1.00e+00	2.63e-21
 2.03096e+21	1.86e-05	1.00e+00	3.31e-21
 2.18894e+21	2.00e-05	1.00e+00	4.45e-21
 2.35137e+21	2.14e-05	1.00e+00	5.82e-21
 2.48624e+21	2.26e-05	1.00e+00	7.24e-21
 2.62825e+21	2.39e-05	1.00e+00	9.29e-21
 2.78134e+21	2.54e-05	1.00e+00	1.19e-20
 2.91699e+21	2.68e-05	1.00e+00	1.46e-20
 3.06147e+21	2.82e-05	1.00e+00	1.85e-20
 3.24929e+21	3.02e-05	1.00e+00	2.52e-20
 3.44259e+21	3.23e-05	1.00e+00	3.34e-20
 3.59556e+21	3.40e-05	1.00e+00	4.13e-20
 3.74694e+21	3.58e-05	1.00e+00	5.16e-20
 3.94375e+21	3.81e-05	1.00e+00	6.91e-20
 4.15025e+21	4.06e-05	1.00e+00	9.09e-20
 4.32145e+21	4.28e-05	1.00e+00	1.14e-19
 4.49610e+21	4.51e-05	1.00e+00	1.44e-19
 4.72314e+21	4.81e-05	1.00e+00	1.94e-19
 4.95491e+21	5.14e-05	1.00e+00	2.58e-19
 5.14358e+21	5.41e-05	1.00e+00	3.22e-19
 5.33962e+21	5.70e-05	1.00e+00	4.10e-19
 5.59448e+21	6.09e-05	1.00e+00	5.54e-19
 5.85924e+21	6.51e-05	1.00e+00	7.42e-19
 6.08233e+21	6.88e-05	1.00e+00	9.46e-19
 6.31784e+21	7.27e-05	1.00e+00	1.22e-18
 6.62399e+21	7.81e-05	1.00e+00	1.69e-18
 6.93647e+21	8.38e-05	1.00e+00	2.30e-18
 7.19003e+21	8.87e-05	1.00e+00	2.92e-18
 7.45251e+21	9.36e-05	1.00e+00	3.73e-18
 7.73421e+21	9.94e-05	1.00e+00	4.85e-18
 7.99894e+21	1.05e-04	1.00e+00	6.14e-18
 8.25023e+21	1.10e-04	1.00e+00	7.54e-18
 8.48745e+21	1.15e-04	1.00e+00	9.20e-18
 8.75725e+21	1.22e-04	1.00e+00	1.15e-17
 9.04954e+21	1.28e-04	1.00e+00	1.44e-17
 9.32548e+21	1.35e-04	1.00e+00	1.76e-17
 9.58686e+21	1.41e-04	1.00e+00	2.12e-17
 9.83572e+21	1.47e-04	1.00e+00	2.52e-17
 1.01200e+22	1.55e-04	1.00e+00	3.07e-17
 1.04277e+22	1.62e-04	1.00e+00	3.75e-17
 1.07006e+22	1.69e-04	1.00e+00	4.44e-17
 1.09514e+22	1.76e-04	1.00e+00	5.14e-17
 1.12386e+22	1.84e-04	1.00e+00	6.12e-17
 1.15578e+22	1.92e-04	1.00e+00	7.35e-17
 1.18688e+22	2.01e-04	1.00e+00	8.69e-17
 1.21684e+22	2.08e-04	1.00e+00	1.01e-16
 1.24577e+22	2.16e-04	1.00e+00	1.16e-16
 1.27889e+22	2.24e-04	1.00e+00	1.36e-16
 1.31416e+22	2.33e-04	1.00e+00	1.57e-16
 1.34456e+22	2.39e-04	1.00e+00	1.76e-16
 1.37032e+22	2.45e-04	1.00e+00	1.95e-16
 1.39770e+22	2.52e-04	1.00e+00	2.14e-16
 1.42782e+22	2.58e-04	1.00e+00	2.37e-16
 1.45326e+22	2.63e-04	1.00e+00	2.55e-16
 1.47306e+22	2.67e-04	1.00e+00	2.71e-16
 1.49381e+22	2.71e-04	1.00e+00	2.91e-16
 1.51721e+22	2.76e-04	1.00e+00	3.07e-16
 1.53924e+22	2.81e-04	1.00e+00	3.29e-16
 1.55910e+22	2.85e-04	1.00e+00	3.48e-16
 1.58099e+22	2.90e-04	1.00e+00	3.75e-16
 1.60468e+22	2.96e-04	1.00e+00	4.02e-16
 1.62559e+22	3.02e-04	1.00e+00	4.33e-16
 1.64447e+22	3.08e-04	1.00e+00	4.66e-16
 1.66583e+22	3.17e-04	1.00e+00	5.13e-16
 1.68953e+22	3.27e-04	1.00e+00	5.72e-16
 1.71121e+22	3.37e-04	1.00e+00	6.38e-16
 1.73060e+22	3.48e-04	1.00e+00	7.10e-16
 1.75210e+22	3.61e-04	1.00e+00	8.07e-16
 1.77534e+22	3.76e-04	1.00e+00	9.25e-16
 1.79610e+22	3.90e-04	1.00e+00	1.05e-15
 1.81837e+22	4.07e-04	1.00e+00	1.21e-15
 1.84309e+22	4.27e-04	1.00e+00	1.42e-15
 1.86656e+22	4.46e-04	1.00e+00	1.64e-15
 1.89098e+22	4.68e-04	1.00e+00	1.92e-15
 1.91869e+22	4.94e-04	1.00e+00	2.28e-15
 1.94842e+22	5.22e-04	9.99e-01	2.75e-15
 1.97895e+22	5.52e-04	9.99e-01	3.31e-15
 2.01083e+22	5.85e-04	9.99e-01	3.99e-15
 2.04541e+22	6.22e-04	9.99e-01	4.88e-15
 2.08368e+22	6.66e-04	9.99e-01	6.04e-15
 2.12640e+22	7.17e-04	9.99e-01	7.59e-15
 2.17505e+22	7.79e-04	9.99e-01	9.81e-15
 2.23194e+22	8.59e-04	9.99e-01	1.31e-14
 2.29101e+22	9.49e-04	9.99e-01	1.76e-14
 2.34660e+22	1.04e-03	9.99e-01	2.32e-14
 2.40952e+22	1.17e-03	9.99e-01	3.21e-14
 2.49131e+22	1.35e-03	9.99e-01	4.87e-14
 2.56769e+22	1.57e-03	9.98e-01	7.20e-14
 2.61368e+22	1.73e-03	9.98e-01	9.25e-14
 2.64310e+22	1.84e-03	9.98e-01	1.09e-13
 2.67435e+22	1.97e-03	9.98e-01	1.31e-13
 2.71498e+22	2.16e-03	9.98e-01	1.66e-13
 2.75808e+22	2.39e-03	9.98e-01	2.16e-13
 2.79319e+22	2.62e-03	9.97e-01	2.70e-13
 2.82109e+22	2.82e-03	9.97e-01	3.24e-13
 2.85083e+22	3.05e-03	9.97e-01	3.97e-13
 2.88328e+22	3.35e-03	9.97e-01	4.98e-13
 2.91130e+22	3.65e-03	9.96e-01	6.10e-13
 2.93435e+22	3.93e-03	9.96e-01	7.29e-13
 2.95892e+22	4.25e-03	9.96e-01	8.80e-13
 2.98531e+22	4.65e-03	9.95e-01	1.09e-12
 3.00754e+22	5.05e-03	9.95e-01	1.32e-12
 3.02580e+22	5.41e-03	9.95e-01	1.55e-12
 3.04541e+22	5.84e-03	9.94e-01	1.85e-12
 3.06672e+22	6.37e-03	9.94e-01	2.25e-12
 3.08503e+22	6.89e-03	9.93e-01	2.69e-12
 3.10022e+22	7.38e-03	9.93e-01	3.15e-12
 3.11657e+22	7.96e-03	9.92e-01	3.74e-12
 3.13435e+22	8.68e-03	9.91e-01	4.53e-12
 3.14968e+22	9.40e-03	9.91e-01	5.40e-12
 3.16245e+22	1.01e-02	9.90e-01	6.31e-12
 3.17624e+22	1.09e-02	9.89e-01	7.44e-12
 3.19132e+22	1.19e-02	9.88e-01	9.03e-12
 3.20449e+22	1.29e-02	9.87e-01	1.08e-11
 3.21557e+22	1.38e-02	9.86e-01	1.26e-11
 3.22755e+22	1.50e-02	9.85e-01	1.50e-11
 3.24073e+22	1.65e-02	9.84e-01	1.84e-11
 3.25236e+22	1.80e-02	9.82e-01	2.23e-11
 3.26227e+22	1.95e-02	9.81e-01	2.64e-11
 3.27304e+22	2.13e-02	9.79e-01	3.19e-11
 3.28504e+22	2.37e-02	9.76e-01	3.98e-11
 3.29591e+22	2.64e-02	9.74e-01	4.99e-11
 3.30473e+22	2.89e-02	9.71e-01	6.06e-11
 3.31236e+22	3.14e-02	9.69e-01	7.21e-11
 3.32103e+22	3.46e-02	9.65e-01	8.83e-11
 3.33229e+22	3.96e-02	9.60e-01	1.16e-10
 3.34340e+22	4.63e-02	9.54e-01	1.60e-10
 3.35126e+22	5.24e-02	9.48e-01	2.07e-10
 3.35715e+22	5.75e-02	9.43e-01	2.49e-10
 3.36355e+22	6.37e-02	9.36e-01	3.08e-10
 3.37076e+22	7.25e-02	9.27e-01	4.02e-10
 3.37715e+22	8.21e-02	9.18e-01	5.16e-10
 3.38223e+22	9.10e-02	9.09e-01	6.38e-10
 3.38677e+22	1.00e-01	9.00e-01	7.75e-10
 3.39194e+22	1.12e-01	8.88e-01	9.68e-10
 3.39743e+22	1.27e-01	8.73e-01	1.26e-09
 3.40188e+22	1.41e-01	8.59e-01	1.57e-09
 3.40541e+22	1.54e-01	8.46e-01	1.87e-09
 3.40918e+22	1.68e-01	8.32e-01	2.25e-09
 3.41343e+22	1.87e-01	8.13e-01	2.79e-09
 3.41732e+22	2.07e-01	7.93e-01	3.44e-09
 3.42062e+22	2.25e-01	7.75e-01	4.08e-09
 3.42414e+22	2.44e-01	7.56e-01	4.84e-09
 3.42811e+22	2.69e-01	7.31e-01	5.94e-09
 3.43116e+22	2.92e-01	7.08e-01	7.03e-09
 3.43291e+22	3.03e-01	6.97e-01	7.62e-09
 3.43449e+22	3.14e-01	6.86e-01	8.20e-09
 3.43653e+22	3.28e-01	6.72e-01	9.03e-09
 3.43894e+22	3.47e-01	6.53e-01	1.02e-08
 3.44130e+22	3.66e-01	6.34e-01	1.13e-08
 3.44350e+22	3.85e-01	6.15e-01	1.26e-08
 3.44567e+22	4.02e-01	5.98e-01	1.38e-08
 3.44798e+22	4.22e-01	5.78e-01	1.53e-08
 3.45048e+22	4.46e-01	5.54e-01	1.71e-08
 3.45298e+22	4.70e-01	5.30e-01	1.90e-08
 3.45540e+22	4.92e-01	5.08e-01	2.09e-08
 3.45777e+22	5.15e-01	4.85e-01	2.29e-08
 3.46009e+22	5.36e-01	4.64e-01	2.48e-08
 3.46192e+22	5.53e-01	4.47e-01	2.63e-08
 3.46311e+22	5.62e-01	4.38e-01	2.72e-08
 3.46430e+22	5.71e-01	4.29e-01	2.81e-08
 3.46583e+22	5.85e-01	4.15e-01	2.94e-08
 3.46751e+22	6.02e-01	3.98e-01	3.10e-08
 3.46892e+22	6.14e-01	3.86e-01	3.21e-08
 3.47011e+22	6.24e-01	3.76e-01	3.30e-08
 3.47145e+22	6.35e-01	3.65e-01	3.42e-08
 3.47298e+22	6.49e-01	3.51e-01	3.54e-08
 3.47443e+22	6.63e-01	3.37e-01	3.67e-08
 3.47566e+22	6.72e-01	3.28e-01	3.75e-08
 3.47688e+22	6.82e-01	3.18e-01	3.84e-08
 3.47830e+22	6.94e-01	3.06e-01	3.95e-08
 3.47975e+22	7.07e-01	2.93e-01	4.06e-08
 3.48102e+22	7.17e-01	2.83e-01	4.13e-08
 3.48222e+22	7.26e-01	2.74e-01	4.20e-08
 3.48356e+22	7.36e-01	2.64e-01	4.28e-08
 3.48499e+22	7.48e-01	2.52e-01	4.36e-08
 3.48630e+22	7.57e-01	2.43e-01	4.41e-08
 3.48751e+22	7.65e-01	2.35e-01	4.46e-08
 3.48880e+22	7.74e-01	2.26e-01	4.51e-08
 3.49021e+22	7.84e-01	2.16e-01	4.55e-08
 3.49158e+22	7.93e-01	2.07e-01	4.59e-08
 3.49280e+22	8.01e-01	1.99e-01	4.61e-08
 3.49404e+22	8.07e-01	1.93e-01	4.63e-08
 3.49542e+22	8.16e-01	1.84e-01	4.64e-08
 3.49683e+22	8.24e-01	1.76e-01	4.65e-08
 3.49812e+22	8.31e-01	1.69e-01	4.65e-08
 3.49934e+22	8.37e-01	1.63e-01	4.64e-08
 3.50066e+22	8.43e-01	1.57e-01	4.63e-08
 3.50205e+22	8.50e-01	1.50e-01	4.61e-08
 3.50337e+22	8.56e-01	1.44e-01	4.58e-08
 3.50459e+22	8.61e-01	1.39e-01	4.56e-08
 3.50586e+22	8.66e-01	1.34e-01	4.52e-08
 3.50724e+22	8.71e-01	1.29e-01	4.48e-08
 3.50861e+22	8.76e-01	1.24e-01	4.43e-08
 3.50989e+22	8.80e-01	1.20e-01	4.39e-08
 3.51119e+22	8.84e-01	1.16e-01	4.34e-08
 3.51261e+22	8.88e-01	1.12e-01	4.29e-08
 3.51407e+22	8.92e-01	1.08e-01	4.23e-08
 3.51547e+22	8.96e-01	1.04e-01	4.17e-08
 3.51689e+22	8.99e-01	1.01e-01	4.12e-08
 3.51837e+22	9.02e-01	9.79e-02	4.06e-08
 3.51990e+22	9.05e-01	9.49e-02	4.00e-08
 3.52145e+22	9.08e-01	9.21e-02	3.94e-08
 3.52298e+22	9.10e-01	8.97e-02	3.86e-08
 3.52446e+22	9.12e-01	8.76e-02	3.79e-08
 3.52590e+22	9.14e-01	8.58e-02	3.72e-08
 3.52734e+22	9.16e-01	8.42e-02	3.66e-08
 3.52884e+22	9.17e-01	8.26e-02	3.60e-08
 3.53043e+22	9.19e-01	8.11e-02	3.54e-08
 3.53213e+22	9.21e-01	7.94e-02	3.47e-08
 3.53396e+22	9.22e-01	7.78e-02	3.41e-08
 3.53590e+22	9.24e-01	7.63e-02	3.35e-08
 3.53788e+22	9.25e-01	7.51e-02	3.29e-08
 3.54005e+22	9.26e-01	7.40e-02	3.23e-08
 3.54257e+22	9.27e-01	7.27e-02	3.16e-08
 3.54548e+22	9.29e-01	7.13e-02	3.10e-08
 3.54880e+22	9.30e-01	7.01e-02	3.04e-08
 3.55240e+22	9.31e-01	6.91e-02	2.99e-08
 3.55606e+22	9.32e-01	6.83e-02	2.95e-08
 3.55972e+22	9.32e-01	6.78e-02	2.92e-08
 3.56392e+22	9.33e-01	6.72e-02	2.89e-08
 3.56938e+22	9.34e-01	6.62e-02	2.86e-08
 3.57647e+22	9.35e-01	6.53e-02	2.84e-08
 3.58570e+22	9.36e-01	6.43e-02	2.81e-08
 3.59566e+22	9.37e-01	6.34e-02	2.79e-08
 3.60472e+22	9.37e-01	6.27e-02	2.77e-08
 3.61297e+22	9.38e-01	6.21e-02	2.75e-08
 3.62200e+22	9.39e-01	6.13e-02	2.73e-08
 3.63176e+22	9.40e-01	6.05e-02	2.70e-08
 3.64064e+22	9.40e-01	5.98e-02	2.68e-08
 3.64872e+22	9.41e-01	5.92e-02	2.66e-08
 3.65757e+22	9.41e-01	5.85e-02	2.64e-08
 3.66713e+22	9.42e-01	5.77e-02	2.61e-08
 3.67582e+22	9.43e-01	5.71e-02	2.59e-08
 3.68374e+22	9.43e-01	5.65e-02	2.56e-08
 3.69241e+22	9.44e-01	5.59e-02	2.54e-08
 3.70177e+22	9.45e-01	5.51e-02	2.51e-08
 3.71029e+22	9.45e-01	5.46e-02	2.49e-08
 3.71805e+22	9.46e-01	5.40e-02	2.47e-08
 3.72654e+22	9.47e-01	5.34e-02	2.44e-08
 3.73572e+22	9.47e-01	5.27e-02	2.41e-08
 3.74406e+22	9.48e-01	5.22e-02	2.39e-08
 3.75321e+22	9.48e-01	5.17e-02	2.38e-08
 3.76510e+22	9.49e-01	5.09e-02	2.35e-08
 3.77794e+22	9.50e-01	5.02e-02	2.32e-08
 3.78962e+22	9.50e-01	4.95e-02	2.30e-08
 3.80025e+22	9.51e-01	4.90e-02	2.28e-08
 3.80992e+22	9.52e-01	4.84e-02	2.26e-08
 3.82052e+22	9.52e-01	4.79e-02	2.24e-08
 3.83196e+22	9.53e-01	4.72e-02	2.21e-08
 3.84238e+22	9.53e-01	4.67e-02	2.19e-08
 3.85379e+22	9.54e-01	4.61e-02	2.17e-08
 3.86611e+22	9.55e-01	4.55e-02	2.14e-08
 3.87732e+22	9.55e-01	4.49e-02	2.12e-08
 3.88752e+22	9.56e-01	4.45e-02	2.10e-08
 3.89680e+22	9.56e-01	4.40e-02	2.08e-08
 3.90525e+22	9.56e-01	4.36e-02	2.06e-08
 3.91451e+22	9.57e-01	4.31e-02	2.04e-08
 3.92450e+22	9.57e-01	4.26e-02	2.02e-08
 3.93360e+22	9.58e-01	4.22e-02	2.00e-08
 3.94356e+22	9.58e-01	4.17e-02	1.98e-08
 3.95432e+22	9.59e-01	4.12e-02	1.96e-08
 3.96411e+22	9.59e-01	4.08e-02	1.94e-08
 3.97484e+22	9.60e-01	4.03e-02	1.92e-08
 3.98642e+22	9.60e-01	3.98e-02	1.90e-08
 3.99696e+22	9.61e-01	3.93e-02	1.88e-08
 4.00655e+22	9.61e-01	3.89e-02	1.86e-08
 4.01706e+22	9.61e-01	3.85e-02	1.83e-08
 4.02841e+22	9.62e-01	3.80e-02	1.81e-08
 4.03873e+22	9.62e-01	3.76e-02	1.79e-08
 4.05005e+22	9.63e-01	3.72e-02	1.76e-08
 4.06226e+22	9.63e-01	3.67e-02	1.74e-08
 4.07338e+22	9.64e-01	3.63e-02	1.72e-08
 4.08349e+22	9.64e-01	3.60e-02	1.70e-08
 4.09458e+22	9.64e-01	3.56e-02	1.68e-08
 4.10898e+22	9.65e-01	3.51e-02	1.66e-08
 4.12454e+22	9.65e-01	3.46e-02	1.64e-08
 4.13870e+22	9.66e-01	3.42e-02	1.62e-08
 4.15158e+22	9.66e-01	3.38e-02	1.60e-08
 4.16569e+22	9.67e-01	3.33e-02	1.58e-08
 4.18093e+22	9.67e-01	3.29e-02	1.56e-08
 4.19480e+22	9.67e-01	3.25e-02	1.55e-08
 4.21000e+22	9.68e-01	3.21e-02	1.53e-08
 4.22640e+22	9.68e-01	3.16e-02	1.51e-08
 4.24133e+22	9.69e-01	3.12e-02	1.49e-08
 4.25492e+22	9.69e-01	3.09e-02	1.48e-08
 4.26980e+22	9.69e-01	3.05e-02	1.46e-08
 4.28587e+22	9.70e-01	3.01e-02	1.45e-08
 4.30050e+22	9.70e-01	2.98e-02	1.43e-08
 4.31652e+22	9.71e-01	2.94e-02	1.42e-08
 4.33383e+22	9.71e-01	2.90e-02	1.40e-08
 4.34957e+22	9.71e-01	2.86e-02	1.39e-08
 4.36390e+22	9.72e-01	2.83e-02	1.38e-08
 4.37960e+22	9.72e-01	2.80e-02	1.36e-08
 4.40001e+22	9.73e-01	2.75e-02	1.35e-08
 4.42204e+22	9.73e-01	2.70e-02	1.33e-08
 4.44209e+22	9.73e-01	2.66e-02	1.31e-08
 4.46034e+22	9.74e-01	2.63e-02	1.30e-08
 4.47694e+22	9.74e-01	2.60e-02	1.29e-08
 4.49514e+22	9.74e-01	2.56e-02	1.28e-08
 4.51478e+22	9.75e-01	2.53e-02	1.27e-08
 4.53265e+22	9.75e-01	2.50e-02	1.26e-08
 4.55224e+22	9.75e-01	2.46e-02	1.25e-08
 4.57339e+22	9.76e-01	2.43e-02	1.24e-08
 4.59263e+22	9.76e-01	2.39e-02	1.23e-08
 4.61014e+22	9.76e-01	2.37e-02	1.22e-08
 4.62933e+22	9.77e-01	2.34e-02	1.21e-08
 4.65004e+22	9.77e-01	2.30e-02	1.21e-08
 4.66889e+22	9.77e-01	2.28e-02	1.20e-08
 4.68955e+22	9.78e-01	2.25e-02	1.19e-08
 4.71185e+22	9.78e-01	2.21e-02	1.18e-08
 4.73214e+22	9.78e-01	2.19e-02	1.18e-08
 4.75438e+22	9.78e-01	2.16e-02	1.17e-08
 4.77839e+22	9.79e-01	2.12e-02	1.16e-08
 4.80024e+22	9.79e-01	2.10e-02	1.15e-08
 4.82418e+22	9.79e-01	2.07e-02	1.15e-08
 4.85002e+22	9.80e-01	2.03e-02	1.14e-08
 4.87354e+22	9.80e-01	2.01e-02	1.13e-08
 4.89931e+22	9.80e-01	1.98e-02	1.13e-08
 4.92713e+22	9.81e-01	1.95e-02	1.12e-08
 4.95245e+22	9.81e-01	1.92e-02	1.11e-08
 4.98019e+22	9.81e-01	1.89e-02	1.11e-08
 5.01015e+22	9.81e-01	1.86e-02	1.10e-08
 5.03740e+22	9.82e-01	1.83e-02	1.09e-08
 5.06220e+22	9.82e-01	1.81e-02	1.09e-08
 5.08938e+22	9.82e-01	1.78e-02	1.09e-08
 5.12472e+22	9.83e-01	1.75e-02	1.08e-08
 5.16286e+22	9.83e-01	1.72e-02	1.07e-08
 5.19757e+22	9.83e-01	1.68e-02	1.06e-08
 5.22916e+22	9.83e-01	1.67e-02	1.06e-08
 5.26377e+22	9.84e-01	1.63e-02	1.06e-08
 5.30877e+22	9.84e-01	1.60e-02	1.05e-08
 5.35735e+22	9.84e-01	1.56e-02	1.05e-08
 5.40156e+22	9.85e-01	1.53e-02	1.04e-08
 5.44178e+22	9.85e-01	1.50e-02	1.04e-08
 5.47839e+22	9.85e-01	1.48e-02	1.03e-08
 5.51170e+22	9.85e-01	1.45e-02	1.03e-08
 5.54821e+22	9.86e-01	1.43e-02	1.03e-08
 5.58762e+22	9.86e-01	1.41e-02	1.02e-08
 5.63080e+22	9.86e-01	1.38e-02	1.02e-08
 5.67742e+22	9.86e-01	1.36e-02	1.02e-08
 5.71985e+22	9.87e-01	1.33e-02	1.02e-08
 5.75845e+22	9.87e-01	1.31e-02	1.01e-08
 5.80076e+22	9.87e-01	1.29e-02	1.01e-08
 5.85575e+22	9.87e-01	1.26e-02	1.01e-08
 5.91513e+22	9.88e-01	1.23e-02	1.01e-08
 5.96916e+22	9.88e-01	1.21e-02	1.01e-08
 6.01832e+22	9.88e-01	1.19e-02	1.00e-08
 6.06307e+22	9.88e-01	1.17e-02	1.00e-08
 6.11209e+22	9.89e-01	1.14e-02	1.00e-08
 6.17583e+22	9.89e-01	1.12e-02	1.00e-08
 6.25799e+22	9.89e-01	1.09e-02	1.00e-08
 6.34708e+22	9.89e-01	1.06e-02	9.99e-09
 6.42818e+22	9.90e-01	1.03e-02	9.96e-09
 6.50427e+22	9.90e-01	1.00e-02	9.95e-09
 6.58309e+22	9.90e-01	9.76e-03	9.94e-09
 6.66862e+22	9.90e-01	9.50e-03	9.94e-09
 6.75951e+22	9.91e-01	9.24e-03	9.94e-09
 6.85158e+22	9.91e-01	8.98e-03	9.93e-09
 6.94346e+22	9.91e-01	8.74e-03	9.92e-09
 7.03696e+22	9.92e-01	8.50e-03	9.92e-09
 7.13369e+22	9.92e-01	8.27e-03	9.92e-09
 7.23390e+22	9.92e-01	8.04e-03	9.92e-09
 7.33697e+22	9.92e-01	7.81e-03	9.92e-09
 7.44221e+22	9.92e-01	7.59e-03	9.92e-09
 7.54913e+22	9.93e-01	7.38e-03	9.93e-09
 7.65862e+22	9.93e-01	7.17e-03	9.93e-09
 7.77172e+22	9.93e-01	6.97e-03	9.94e-09
 7.88821e+22	9.93e-01	6.77e-03	9.94e-09
 8.00797e+22	9.93e-01	6.58e-03	9.95e-09
 8.13093e+22	9.94e-01	6.39e-03	9.96e-09
 8.25680e+22	9.94e-01	6.20e-03	9.97e-09
 8.38608e+22	9.94e-01	6.02e-03	9.98e-09
 8.51936e+22	9.94e-01	5.85e-03	9.99e-09
 8.65686e+22	9.94e-01	5.68e-03	1.00e-08
 8.80097e+22	9.94e-01	5.51e-03	1.00e-08
 8.95260e+22	9.95e-01	5.34e-03	1.01e-08
 9.10896e+22	9.95e-01	5.18e-03	1.01e-08
 9.26900e+22	9.95e-01	5.02e-03	1.01e-08
 9.43386e+22	9.95e-01	4.87e-03	1.02e-08
 9.60479e+22	9.95e-01	4.72e-03	1.02e-08
 9.78276e+22	9.95e-01	4.57e-03	1.02e-08
 9.96794e+22	9.96e-01	4.42e-03	1.03e-08
 1.01611e+23	9.96e-01	4.28e-03	1.03e-08
 1.03632e+23	9.96e-01	4.15e-03	1.04e-08
 1.05768e+23	9.96e-01	4.01e-03	1.04e-08
 1.08033e+23	9.96e-01	3.87e-03	1.05e-08
 1.10404e+23	9.96e-01	3.74e-03	1.06e-08
 1.12871e+23	9.96e-01	3.61e-03	1.06e-08
 1.15452e+23	9.97e-01	3.49e-03	1.07e-08
 1.18168e+23	9.97e-01	3.37e-03	1.08e-08
 1.21041e+23	9.97e-01	3.25e-03	1.08e-08
 1.24095e+23	9.97e-01	3.13e-03	1.09e-08
 1.27351e+23	9.97e-01	3.02e-03	1.10e-08
 1.30827e+23	9.97e-01	2.91e-03	1.11e-08
 1.34532e+23	9.97e-01	2.80e-03	1.12e-08
 1.38480e+23	9.97e-01	2.69e-03	1.13e-08
 1.42708e+23	9.97e-01	2.58e-03	1.14e-08
 1.47255e+23	9.98e-01	2.48e-03	1.15e-08
 1.52186e+23	9.98e-01	2.38e-03	1.16e-08
 1.57423e+23	9.98e-01	2.29e-03	1.17e-08
 1.62782e+23	9.98e-01	2.20e-03	1.18e-08
 1.68247e+23	9.98e-01	2.12e-03	1.19e-08
 1.73886e+23	9.98e-01	2.04e-03	1.20e-08
 1.79729e+23	9.98e-01	1.97e-03	1.21e-08
 1.85770e+23	9.98e-01	1.90e-03	1.22e-08
 1.91985e+23	9.98e-01	1.84e-03	1.23e-08
 1.98377e+23	9.98e-01	1.79e-03	1.23e-08
 2.04973e+23	9.98e-01	1.73e-03	1.24e-08
 2.11771e+23	9.98e-01	1.69e-03	1.25e-08
 2.18756e+23	9.98e-01	1.64e-03	1.26e-08
 2.25946e+23	9.98e-01	1.60e-03	1.26e-08
 2.33336e+23	9.98e-01	1.56e-03	1.27e-08
 2.40497e+23	9.98e-01	1.53e-03	1.27e-08
 2.46995e+23	9.99e-01	1.50e-03	1.27e-08
 2.52844e+23	9.99e-01	1.47e-03	1.27e-08
 2.58108e+23	9.99e-01	1.45e-03	1.27e-08
 2.62845e+23	9.99e-01	1.44e-03	1.27e-08
 2.67109e+23	9.99e-01	1.42e-03	1.27e-08
 2.70946e+23	9.99e-01	1.41e-03	1.27e-08
 2.74400e+23	9.99e-01	1.40e-03	1.27e-08
 2.77563e+23	9.99e-01	1.40e-03	1.27e-08
 2.80618e+23	9.99e-01	1.39e-03	1.27e-08
 2.83673e+23	9.99e-01	1.38e-03	1.27e-08
 2.86727e+23	9.99e-01	1.37e-03	1.27e-08
 2.89782e+23	9.99e-01	1.37e-03	1.27e-08
 2.92837e+23	9.99e-01	1.36e-03	1.27e-08
 2.95892e+23	9.99e-01	1.36e-03	1.26e-08
 2.98947e+23	9.99e-01	1.35e-03	1.26e-08
 3.02001e+23	9.99e-01	1.35e-03	1.26e-08
 3.04505e+23	9.99e-01	1.34e-03	1.26e-08
