#depth	He	He+	He+2
 6.17135e+19	1.66e-08	1.37e-03	9.99e-01
 1.87609e+20	2.00e-08	1.51e-03	9.98e-01
 3.18540e+20	2.42e-08	1.65e-03	9.98e-01
 4.54709e+20	2.91e-08	1.82e-03	9.98e-01
 5.58443e+20	3.34e-08	1.94e-03	9.98e-01
 6.15399e+20	3.59e-08	2.01e-03	9.98e-01
 6.67476e+20	3.84e-08	2.08e-03	9.98e-01
 7.35175e+20	4.18e-08	2.17e-03	9.98e-01
 8.23185e+20	4.64e-08	2.29e-03	9.98e-01
 9.19412e+20	5.20e-08	2.42e-03	9.98e-01
 1.00597e+21	5.75e-08	2.54e-03	9.97e-01
 1.09813e+21	6.36e-08	2.67e-03	9.97e-01
 1.21795e+21	7.27e-08	2.85e-03	9.97e-01
 1.33816e+21	8.23e-08	3.03e-03	9.97e-01
 1.43343e+21	9.09e-08	3.19e-03	9.97e-01
 1.53183e+21	1.00e-07	3.35e-03	9.97e-01
 1.65975e+21	1.14e-07	3.56e-03	9.96e-01
 1.79432e+21	1.29e-07	3.79e-03	9.96e-01
 1.90944e+21	1.43e-07	3.99e-03	9.96e-01
 2.03096e+21	1.60e-07	4.20e-03	9.96e-01
 2.18894e+21	1.83e-07	4.50e-03	9.95e-01
 2.35137e+21	2.10e-07	4.81e-03	9.95e-01
 2.48624e+21	2.34e-07	5.07e-03	9.95e-01
 2.62825e+21	2.62e-07	5.35e-03	9.95e-01
 2.78134e+21	2.95e-07	5.67e-03	9.94e-01
 2.91699e+21	3.26e-07	5.96e-03	9.94e-01
 3.06147e+21	3.62e-07	6.28e-03	9.94e-01
 3.24929e+21	4.13e-07	6.70e-03	9.93e-01
 3.44259e+21	4.73e-07	7.14e-03	9.93e-01
 3.59556e+21	5.23e-07	7.50e-03	9.92e-01
 3.74694e+21	5.78e-07	7.88e-03	9.92e-01
 3.94375e+21	6.55e-07	8.37e-03	9.92e-01
 4.15025e+21	7.43e-07	8.90e-03	9.91e-01
 4.32145e+21	8.25e-07	9.36e-03	9.91e-01
 4.49610e+21	9.16e-07	9.85e-03	9.90e-01
 4.72314e+21	1.04e-06	1.05e-02	9.90e-01
 4.95491e+21	1.19e-06	1.12e-02	9.89e-01
 5.14358e+21	1.32e-06	1.18e-02	9.88e-01
 5.33962e+21	1.47e-06	1.24e-02	9.88e-01
 5.59448e+21	1.68e-06	1.32e-02	9.87e-01
 5.85924e+21	1.93e-06	1.41e-02	9.86e-01
 6.08233e+21	2.16e-06	1.50e-02	9.85e-01
 6.31784e+21	2.42e-06	1.58e-02	9.84e-01
 6.62399e+21	2.82e-06	1.71e-02	9.83e-01
 6.93647e+21	3.26e-06	1.84e-02	9.82e-01
 7.19003e+21	3.68e-06	1.95e-02	9.80e-01
 7.45251e+21	4.15e-06	2.07e-02	9.79e-01
 7.73421e+21	4.72e-06	2.22e-02	9.78e-01
 7.99894e+21	5.33e-06	2.36e-02	9.76e-01
 8.25023e+21	5.96e-06	2.50e-02	9.75e-01
 8.48745e+21	6.63e-06	2.64e-02	9.74e-01
 8.75725e+21	7.48e-06	2.82e-02	9.72e-01
 9.04954e+21	8.50e-06	3.02e-02	9.70e-01
 9.32548e+21	9.60e-06	3.23e-02	9.68e-01
 9.58686e+21	1.08e-05	3.45e-02	9.66e-01
 9.83572e+21	1.20e-05	3.67e-02	9.63e-01
 1.01200e+22	1.36e-05	3.94e-02	9.61e-01
 1.04277e+22	1.56e-05	4.27e-02	9.57e-01
 1.07006e+22	1.76e-05	4.59e-02	9.54e-01
 1.09514e+22	1.96e-05	4.91e-02	9.51e-01
 1.12386e+22	2.23e-05	5.32e-02	9.47e-01
 1.15578e+22	2.57e-05	5.83e-02	9.42e-01
 1.18688e+22	2.96e-05	6.39e-02	9.36e-01
 1.21684e+22	3.39e-05	7.00e-02	9.30e-01
 1.24577e+22	3.87e-05	7.68e-02	9.23e-01
 1.27889e+22	4.51e-05	8.57e-02	9.14e-01
 1.31416e+22	5.32e-05	9.68e-02	9.03e-01
 1.34456e+22	6.15e-05	1.08e-01	8.92e-01
 1.37032e+22	7.02e-05	1.20e-01	8.80e-01
 1.39770e+22	8.04e-05	1.33e-01	8.67e-01
 1.42782e+22	9.39e-05	1.51e-01	8.49e-01
 1.45326e+22	1.08e-04	1.70e-01	8.30e-01
 1.47306e+22	1.20e-04	1.86e-01	8.14e-01
 1.49381e+22	1.35e-04	2.05e-01	7.94e-01
 1.51721e+22	1.54e-04	2.30e-01	7.70e-01
 1.53924e+22	1.75e-04	2.57e-01	7.43e-01
 1.55910e+22	1.97e-04	2.85e-01	7.15e-01
 1.58099e+22	2.24e-04	3.19e-01	6.81e-01
 1.60468e+22	2.58e-04	3.60e-01	6.40e-01
 1.62559e+22	2.92e-04	4.01e-01	5.99e-01
 1.64447e+22	3.25e-04	4.40e-01	5.60e-01
 1.66583e+22	3.67e-04	4.85e-01	5.14e-01
 1.68953e+22	4.16e-04	5.37e-01	4.62e-01
 1.71121e+22	4.64e-04	5.85e-01	4.15e-01
 1.73060e+22	5.08e-04	6.26e-01	3.74e-01
 1.75210e+22	5.59e-04	6.69e-01	3.31e-01
 1.77534e+22	6.14e-04	7.11e-01	2.88e-01
 1.79610e+22	6.63e-04	7.45e-01	2.54e-01
 1.81837e+22	7.17e-04	7.78e-01	2.22e-01
 1.84309e+22	7.74e-04	8.09e-01	1.91e-01
 1.86656e+22	8.28e-04	8.34e-01	1.65e-01
 1.89098e+22	8.84e-04	8.56e-01	1.43e-01
 1.91869e+22	9.46e-04	8.77e-01	1.22e-01
 1.94842e+22	1.01e-03	8.96e-01	1.03e-01
 1.97895e+22	1.08e-03	9.11e-01	8.78e-02
 2.01083e+22	1.14e-03	9.24e-01	7.47e-02
 2.04541e+22	1.22e-03	9.36e-01	6.32e-02
 2.08368e+22	1.30e-03	9.46e-01	5.32e-02
 2.12640e+22	1.39e-03	9.54e-01	4.44e-02
 2.17505e+22	1.49e-03	9.62e-01	3.66e-02
 2.23194e+22	1.62e-03	9.69e-01	2.97e-02
 2.29101e+22	1.75e-03	9.74e-01	2.45e-02
 2.34660e+22	1.88e-03	9.77e-01	2.06e-02
 2.40952e+22	2.04e-03	9.81e-01	1.72e-02
 2.49131e+22	2.25e-03	9.84e-01	1.39e-02
 2.56769e+22	2.47e-03	9.86e-01	1.17e-02
 2.61368e+22	2.61e-03	9.87e-01	1.06e-02
 2.64310e+22	2.71e-03	9.87e-01	1.00e-02
 2.67435e+22	2.82e-03	9.88e-01	9.44e-03
 2.71498e+22	2.98e-03	9.88e-01	8.71e-03
 2.75808e+22	3.16e-03	9.89e-01	8.05e-03
 2.79319e+22	3.32e-03	9.89e-01	7.59e-03
 2.82109e+22	3.46e-03	9.89e-01	7.25e-03
 2.85083e+22	3.62e-03	9.89e-01	6.90e-03
 2.88328e+22	3.81e-03	9.90e-01	6.55e-03
 2.91130e+22	3.99e-03	9.90e-01	6.28e-03
 2.93435e+22	4.15e-03	9.90e-01	6.07e-03
 2.95892e+22	4.34e-03	9.90e-01	5.86e-03
 2.98531e+22	4.56e-03	9.90e-01	5.64e-03
 3.00754e+22	4.77e-03	9.90e-01	5.47e-03
 3.02580e+22	4.96e-03	9.90e-01	5.34e-03
 3.04541e+22	5.18e-03	9.90e-01	5.20e-03
 3.06672e+22	5.44e-03	9.90e-01	5.05e-03
 3.08503e+22	5.68e-03	9.89e-01	4.93e-03
 3.10022e+22	5.92e-03	9.89e-01	4.84e-03
 3.11657e+22	6.19e-03	9.89e-01	4.73e-03
 3.13435e+22	6.51e-03	9.89e-01	4.63e-03
 3.14968e+22	6.82e-03	9.89e-01	4.54e-03
 3.16245e+22	7.11e-03	9.88e-01	4.46e-03
 3.17624e+22	7.44e-03	9.88e-01	4.39e-03
 3.19132e+22	7.84e-03	9.88e-01	4.31e-03
 3.20449e+22	8.24e-03	9.88e-01	4.24e-03
 3.21557e+22	8.62e-03	9.87e-01	4.18e-03
 3.22755e+22	9.06e-03	9.87e-01	4.11e-03
 3.24073e+22	9.61e-03	9.86e-01	4.05e-03
 3.25236e+22	1.02e-02	9.86e-01	3.99e-03
 3.26227e+22	1.07e-02	9.85e-01	3.94e-03
 3.27304e+22	1.13e-02	9.85e-01	3.89e-03
 3.28504e+22	1.21e-02	9.84e-01	3.84e-03
 3.29591e+22	1.30e-02	9.83e-01	3.78e-03
 3.30473e+22	1.38e-02	9.82e-01	3.74e-03
 3.31236e+22	1.45e-02	9.82e-01	3.71e-03
 3.32103e+22	1.55e-02	9.81e-01	3.67e-03
 3.33229e+22	1.70e-02	9.79e-01	3.62e-03
 3.34340e+22	1.87e-02	9.78e-01	3.58e-03
 3.35126e+22	2.03e-02	9.76e-01	3.55e-03
 3.35715e+22	2.16e-02	9.75e-01	3.54e-03
 3.36355e+22	2.32e-02	9.73e-01	3.52e-03
 3.37076e+22	2.53e-02	9.71e-01	3.49e-03
 3.37715e+22	2.74e-02	9.69e-01	3.49e-03
 3.38223e+22	2.94e-02	9.67e-01	3.49e-03
 3.38677e+22	3.15e-02	9.65e-01	3.48e-03
 3.39194e+22	3.41e-02	9.62e-01	3.48e-03
 3.39743e+22	3.74e-02	9.59e-01	3.49e-03
 3.40188e+22	4.04e-02	9.56e-01	3.50e-03
 3.40541e+22	4.32e-02	9.53e-01	3.52e-03
 3.40918e+22	4.66e-02	9.50e-01	3.53e-03
 3.41343e+22	5.08e-02	9.46e-01	3.56e-03
 3.41732e+22	5.52e-02	9.41e-01	3.59e-03
 3.42062e+22	5.95e-02	9.37e-01	3.62e-03
 3.42414e+22	6.46e-02	9.32e-01	3.66e-03
 3.42811e+22	7.10e-02	9.25e-01	3.71e-03
 3.43116e+22	7.65e-02	9.20e-01	3.77e-03
 3.43291e+22	8.01e-02	9.16e-01	3.80e-03
 3.43449e+22	8.37e-02	9.12e-01	3.82e-03
 3.43653e+22	8.85e-02	9.08e-01	3.84e-03
 3.43894e+22	9.47e-02	9.01e-01	3.88e-03
 3.44130e+22	1.01e-01	8.95e-01	3.95e-03
 3.44350e+22	1.07e-01	8.89e-01	3.99e-03
 3.44567e+22	1.14e-01	8.82e-01	4.06e-03
 3.44798e+22	1.22e-01	8.74e-01	4.12e-03
 3.45048e+22	1.31e-01	8.65e-01	4.20e-03
 3.45298e+22	1.41e-01	8.55e-01	4.28e-03
 3.45540e+22	1.51e-01	8.44e-01	4.37e-03
 3.45777e+22	1.63e-01	8.33e-01	4.47e-03
 3.46009e+22	1.74e-01	8.21e-01	4.56e-03
 3.46192e+22	1.84e-01	8.12e-01	4.65e-03
 3.46311e+22	1.91e-01	8.05e-01	4.67e-03
 3.46430e+22	1.99e-01	7.97e-01	4.70e-03
 3.46583e+22	2.08e-01	7.87e-01	4.75e-03
 3.46751e+22	2.19e-01	7.76e-01	4.82e-03
 3.46892e+22	2.28e-01	7.67e-01	4.89e-03
 3.47011e+22	2.37e-01	7.58e-01	4.93e-03
 3.47145e+22	2.48e-01	7.47e-01	4.97e-03
 3.47298e+22	2.59e-01	7.36e-01	5.05e-03
 3.47443e+22	2.71e-01	7.24e-01	5.12e-03
 3.47566e+22	2.80e-01	7.14e-01	5.18e-03
 3.47688e+22	2.92e-01	7.03e-01	5.21e-03
 3.47830e+22	3.05e-01	6.90e-01	5.26e-03
 3.47975e+22	3.18e-01	6.77e-01	5.34e-03
 3.48102e+22	3.29e-01	6.65e-01	5.40e-03
 3.48222e+22	3.42e-01	6.53e-01	5.42e-03
 3.48356e+22	3.56e-01	6.39e-01	5.46e-03
 3.48499e+22	3.70e-01	6.24e-01	5.51e-03
 3.48630e+22	3.84e-01	6.11e-01	5.57e-03
 3.48751e+22	3.97e-01	5.97e-01	5.59e-03
 3.48880e+22	4.13e-01	5.82e-01	5.60e-03
 3.49021e+22	4.29e-01	5.66e-01	5.63e-03
 3.49158e+22	4.44e-01	5.50e-01	5.66e-03
 3.49280e+22	4.59e-01	5.35e-01	5.67e-03
 3.49404e+22	4.75e-01	5.20e-01	5.66e-03
 3.49542e+22	4.92e-01	5.03e-01	5.65e-03
 3.49683e+22	5.09e-01	4.85e-01	5.64e-03
 3.49812e+22	5.25e-01	4.69e-01	5.62e-03
 3.49934e+22	5.42e-01	4.53e-01	5.56e-03
 3.50066e+22	5.59e-01	4.35e-01	5.50e-03
 3.50205e+22	5.77e-01	4.18e-01	5.46e-03
 3.50337e+22	5.93e-01	4.02e-01	5.40e-03
 3.50459e+22	6.09e-01	3.86e-01	5.31e-03
 3.50586e+22	6.26e-01	3.69e-01	5.21e-03
 3.50724e+22	6.43e-01	3.52e-01	5.12e-03
 3.50861e+22	6.59e-01	3.36e-01	5.02e-03
 3.50989e+22	6.75e-01	3.20e-01	4.90e-03
 3.51119e+22	6.90e-01	3.05e-01	4.75e-03
 3.51261e+22	7.07e-01	2.89e-01	4.61e-03
 3.51407e+22	7.22e-01	2.73e-01	4.47e-03
 3.51547e+22	7.37e-01	2.59e-01	4.32e-03
 3.51689e+22	7.52e-01	2.44e-01	4.14e-03
 3.51837e+22	7.66e-01	2.30e-01	3.98e-03
 3.51990e+22	7.79e-01	2.17e-01	3.81e-03
 3.52145e+22	7.92e-01	2.04e-01	3.64e-03
 3.52298e+22	8.04e-01	1.93e-01	3.48e-03
 3.52446e+22	8.14e-01	1.82e-01	3.32e-03
 3.52590e+22	8.24e-01	1.73e-01	3.17e-03
 3.52734e+22	8.33e-01	1.64e-01	3.03e-03
 3.52884e+22	8.41e-01	1.56e-01	2.90e-03
 3.53043e+22	8.48e-01	1.49e-01	2.78e-03
 3.53213e+22	8.56e-01	1.42e-01	2.66e-03
 3.53396e+22	8.63e-01	1.35e-01	2.54e-03
 3.53590e+22	8.69e-01	1.29e-01	2.44e-03
 3.53788e+22	8.74e-01	1.23e-01	2.34e-03
 3.54005e+22	8.79e-01	1.18e-01	2.25e-03
 3.54257e+22	8.84e-01	1.14e-01	2.17e-03
 3.54548e+22	8.88e-01	1.09e-01	2.09e-03
 3.54880e+22	8.92e-01	1.06e-01	2.01e-03
 3.55240e+22	8.95e-01	1.03e-01	1.95e-03
 3.55606e+22	8.98e-01	1.00e-01	1.90e-03
 3.55972e+22	9.00e-01	9.83e-02	1.85e-03
 3.56392e+22	9.02e-01	9.65e-02	1.81e-03
 3.56938e+22	9.03e-01	9.50e-02	1.77e-03
 3.57647e+22	9.05e-01	9.37e-02	1.73e-03
 3.58570e+22	9.06e-01	9.22e-02	1.68e-03
 3.59566e+22	9.08e-01	9.08e-02	1.64e-03
 3.60472e+22	9.09e-01	8.97e-02	1.60e-03
 3.61297e+22	9.10e-01	8.87e-02	1.56e-03
 3.62200e+22	9.11e-01	8.76e-02	1.52e-03
 3.63176e+22	9.12e-01	8.64e-02	1.48e-03
 3.64064e+22	9.13e-01	8.55e-02	1.44e-03
 3.64872e+22	9.14e-01	8.45e-02	1.41e-03
 3.65757e+22	9.15e-01	8.35e-02	1.37e-03
 3.66713e+22	9.16e-01	8.25e-02	1.34e-03
 3.67582e+22	9.17e-01	8.15e-02	1.31e-03
 3.68374e+22	9.18e-01	8.07e-02	1.28e-03
 3.69241e+22	9.19e-01	7.97e-02	1.25e-03
 3.70177e+22	9.20e-01	7.87e-02	1.21e-03
 3.71029e+22	9.21e-01	7.79e-02	1.19e-03
 3.71805e+22	9.22e-01	7.71e-02	1.16e-03
 3.72654e+22	9.23e-01	7.62e-02	1.13e-03
 3.73572e+22	9.24e-01	7.52e-02	1.10e-03
 3.74406e+22	9.24e-01	7.45e-02	1.08e-03
 3.75321e+22	9.25e-01	7.36e-02	1.05e-03
 3.76510e+22	9.26e-01	7.26e-02	1.02e-03
 3.77794e+22	9.28e-01	7.15e-02	9.92e-04
 3.78962e+22	9.29e-01	7.05e-02	9.65e-04
 3.80025e+22	9.29e-01	6.97e-02	9.42e-04
 3.80992e+22	9.30e-01	6.88e-02	9.18e-04
 3.82052e+22	9.31e-01	6.80e-02	8.94e-04
 3.83196e+22	9.32e-01	6.70e-02	8.70e-04
 3.84238e+22	9.33e-01	6.63e-02	8.49e-04
 3.85379e+22	9.34e-01	6.54e-02	8.25e-04
 3.86611e+22	9.35e-01	6.44e-02	8.01e-04
 3.87732e+22	9.36e-01	6.36e-02	7.80e-04
 3.88752e+22	9.36e-01	6.29e-02	7.63e-04
 3.89680e+22	9.37e-01	6.22e-02	7.44e-04
 3.90525e+22	9.38e-01	6.16e-02	7.29e-04
 3.91451e+22	9.38e-01	6.09e-02	7.12e-04
 3.92450e+22	9.39e-01	6.01e-02	6.95e-04
 3.93360e+22	9.40e-01	5.95e-02	6.81e-04
 3.94356e+22	9.41e-01	5.88e-02	6.64e-04
 3.95432e+22	9.41e-01	5.81e-02	6.47e-04
 3.96411e+22	9.42e-01	5.74e-02	6.33e-04
 3.97484e+22	9.43e-01	5.67e-02	6.16e-04
 3.98642e+22	9.43e-01	5.60e-02	6.00e-04
 3.99696e+22	9.44e-01	5.53e-02	5.86e-04
 4.00655e+22	9.45e-01	5.47e-02	5.73e-04
 4.01706e+22	9.45e-01	5.40e-02	5.59e-04
 4.02841e+22	9.46e-01	5.34e-02	5.45e-04
 4.03873e+22	9.47e-01	5.28e-02	5.32e-04
 4.05005e+22	9.47e-01	5.21e-02	5.19e-04
 4.06226e+22	9.48e-01	5.14e-02	5.05e-04
 4.07338e+22	9.49e-01	5.08e-02	4.93e-04
 4.08349e+22	9.49e-01	5.03e-02	4.83e-04
 4.09458e+22	9.50e-01	4.96e-02	4.70e-04
 4.10898e+22	9.51e-01	4.89e-02	4.57e-04
 4.12454e+22	9.51e-01	4.81e-02	4.42e-04
 4.13870e+22	9.52e-01	4.75e-02	4.30e-04
 4.15158e+22	9.53e-01	4.69e-02	4.20e-04
 4.16569e+22	9.53e-01	4.63e-02	4.08e-04
 4.18093e+22	9.54e-01	4.56e-02	3.96e-04
 4.19480e+22	9.55e-01	4.50e-02	3.86e-04
 4.21000e+22	9.55e-01	4.43e-02	3.75e-04
 4.22640e+22	9.56e-01	4.36e-02	3.63e-04
 4.24133e+22	9.57e-01	4.31e-02	3.53e-04
 4.25492e+22	9.57e-01	4.26e-02	3.45e-04
 4.26980e+22	9.58e-01	4.19e-02	3.35e-04
 4.28587e+22	9.58e-01	4.13e-02	3.25e-04
 4.30050e+22	9.59e-01	4.08e-02	3.17e-04
 4.31652e+22	9.59e-01	4.02e-02	3.07e-04
 4.33383e+22	9.60e-01	3.96e-02	2.98e-04
 4.34957e+22	9.61e-01	3.90e-02	2.90e-04
 4.36390e+22	9.61e-01	3.86e-02	2.83e-04
 4.37960e+22	9.62e-01	3.81e-02	2.75e-04
 4.40001e+22	9.62e-01	3.74e-02	2.65e-04
 4.42204e+22	9.63e-01	3.67e-02	2.56e-04
 4.44209e+22	9.64e-01	3.61e-02	2.47e-04
 4.46034e+22	9.64e-01	3.55e-02	2.40e-04
 4.47694e+22	9.65e-01	3.51e-02	2.34e-04
 4.49514e+22	9.65e-01	3.46e-02	2.27e-04
 4.51478e+22	9.66e-01	3.40e-02	2.20e-04
 4.53265e+22	9.66e-01	3.35e-02	2.14e-04
 4.55224e+22	9.67e-01	3.30e-02	2.07e-04
 4.57339e+22	9.67e-01	3.25e-02	2.00e-04
 4.59263e+22	9.68e-01	3.20e-02	1.94e-04
 4.61014e+22	9.68e-01	3.16e-02	1.90e-04
 4.62933e+22	9.69e-01	3.11e-02	1.84e-04
 4.65004e+22	9.69e-01	3.06e-02	1.78e-04
 4.66889e+22	9.70e-01	3.03e-02	1.74e-04
 4.68955e+22	9.70e-01	2.98e-02	1.68e-04
 4.71185e+22	9.71e-01	2.93e-02	1.63e-04
 4.73214e+22	9.71e-01	2.89e-02	1.59e-04
 4.75438e+22	9.71e-01	2.84e-02	1.53e-04
 4.77839e+22	9.72e-01	2.80e-02	1.48e-04
 4.80024e+22	9.72e-01	2.76e-02	1.44e-04
 4.82418e+22	9.73e-01	2.71e-02	1.39e-04
 4.85002e+22	9.73e-01	2.66e-02	1.35e-04
 4.87354e+22	9.74e-01	2.62e-02	1.31e-04
 4.89931e+22	9.74e-01	2.58e-02	1.26e-04
 4.92713e+22	9.75e-01	2.53e-02	1.22e-04
 4.95245e+22	9.75e-01	2.49e-02	1.18e-04
 4.98019e+22	9.75e-01	2.45e-02	1.14e-04
 5.01015e+22	9.76e-01	2.40e-02	1.10e-04
 5.03740e+22	9.76e-01	2.36e-02	1.06e-04
 5.06220e+22	9.77e-01	2.33e-02	1.03e-04
 5.08938e+22	9.77e-01	2.29e-02	9.96e-05
 5.12472e+22	9.77e-01	2.24e-02	9.54e-05
 5.16286e+22	9.78e-01	2.19e-02	9.12e-05
 5.19757e+22	9.78e-01	2.15e-02	8.75e-05
 5.22916e+22	9.79e-01	2.12e-02	8.53e-05
 5.26377e+22	9.79e-01	2.07e-02	8.14e-05
 5.30877e+22	9.80e-01	2.02e-02	7.74e-05
 5.35735e+22	9.80e-01	1.97e-02	7.35e-05
 5.40156e+22	9.81e-01	1.92e-02	7.02e-05
 5.44178e+22	9.81e-01	1.88e-02	6.73e-05
 5.47839e+22	9.81e-01	1.85e-02	6.49e-05
 5.51170e+22	9.82e-01	1.82e-02	6.27e-05
 5.54821e+22	9.82e-01	1.78e-02	6.04e-05
 5.58762e+22	9.82e-01	1.75e-02	5.82e-05
 5.63080e+22	9.83e-01	1.71e-02	5.58e-05
 5.67742e+22	9.83e-01	1.68e-02	5.34e-05
 5.71985e+22	9.84e-01	1.64e-02	5.13e-05
 5.75845e+22	9.84e-01	1.61e-02	4.94e-05
 5.80076e+22	9.84e-01	1.58e-02	4.76e-05
 5.85575e+22	9.85e-01	1.54e-02	4.53e-05
 5.91513e+22	9.85e-01	1.50e-02	4.30e-05
 5.96916e+22	9.85e-01	1.47e-02	4.10e-05
 6.01832e+22	9.86e-01	1.44e-02	3.93e-05
 6.06307e+22	9.86e-01	1.41e-02	3.79e-05
 6.11209e+22	9.86e-01	1.38e-02	3.63e-05
 6.17583e+22	9.86e-01	1.35e-02	3.46e-05
 6.25799e+22	9.87e-01	1.30e-02	3.23e-05
 6.34708e+22	9.87e-01	1.26e-02	3.02e-05
 6.42818e+22	9.88e-01	1.22e-02	2.84e-05
 6.50427e+22	9.88e-01	1.19e-02	2.68e-05
 6.58309e+22	9.88e-01	1.15e-02	2.53e-05
 6.66862e+22	9.89e-01	1.12e-02	2.38e-05
 6.75951e+22	9.89e-01	1.08e-02	2.23e-05
 6.85158e+22	9.89e-01	1.05e-02	2.09e-05
 6.94346e+22	9.90e-01	1.02e-02	1.97e-05
 7.03696e+22	9.90e-01	9.86e-03	1.85e-05
 7.13369e+22	9.90e-01	9.55e-03	1.74e-05
 7.23390e+22	9.91e-01	9.25e-03	1.63e-05
 7.33697e+22	9.91e-01	8.96e-03	1.53e-05
 7.44221e+22	9.91e-01	8.68e-03	1.43e-05
 7.54913e+22	9.92e-01	8.41e-03	1.35e-05
 7.65862e+22	9.92e-01	8.14e-03	1.26e-05
 7.77172e+22	9.92e-01	7.89e-03	1.18e-05
 7.88821e+22	9.92e-01	7.63e-03	1.11e-05
 8.00797e+22	9.93e-01	7.39e-03	1.04e-05
 8.13093e+22	9.93e-01	7.15e-03	9.74e-06
 8.25680e+22	9.93e-01	6.92e-03	9.12e-06
 8.38608e+22	9.93e-01	6.70e-03	8.55e-06
 8.51936e+22	9.94e-01	6.48e-03	8.00e-06
 8.65686e+22	9.94e-01	6.27e-03	7.49e-06
 8.80097e+22	9.94e-01	6.06e-03	7.01e-06
 8.95260e+22	9.94e-01	5.86e-03	6.54e-06
 9.10896e+22	9.94e-01	5.66e-03	6.10e-06
 9.26900e+22	9.95e-01	5.47e-03	5.70e-06
 9.43386e+22	9.95e-01	5.28e-03	5.32e-06
 9.60479e+22	9.95e-01	5.10e-03	4.96e-06
 9.78276e+22	9.95e-01	4.92e-03	4.62e-06
 9.96794e+22	9.95e-01	4.75e-03	4.31e-06
 1.01611e+23	9.95e-01	4.58e-03	4.01e-06
 1.03632e+23	9.96e-01	4.42e-03	3.73e-06
 1.05768e+23	9.96e-01	4.26e-03	3.46e-06
 1.08033e+23	9.96e-01	4.10e-03	3.21e-06
 1.10404e+23	9.96e-01	3.95e-03	2.97e-06
 1.12871e+23	9.96e-01	3.80e-03	2.75e-06
 1.15452e+23	9.96e-01	3.65e-03	2.55e-06
 1.18168e+23	9.96e-01	3.51e-03	2.36e-06
 1.21041e+23	9.97e-01	3.38e-03	2.18e-06
 1.24095e+23	9.97e-01	3.24e-03	2.01e-06
 1.27351e+23	9.97e-01	3.11e-03	1.85e-06
 1.30827e+23	9.97e-01	2.98e-03	1.70e-06
 1.34532e+23	9.97e-01	2.86e-03	1.56e-06
 1.38480e+23	9.97e-01	2.74e-03	1.43e-06
 1.42708e+23	9.97e-01	2.62e-03	1.31e-06
 1.47255e+23	9.97e-01	2.51e-03	1.20e-06
 1.52186e+23	9.98e-01	2.40e-03	1.10e-06
 1.57423e+23	9.98e-01	2.29e-03	1.00e-06
 1.62782e+23	9.98e-01	2.19e-03	9.18e-07
 1.68247e+23	9.98e-01	2.10e-03	8.45e-07
 1.73886e+23	9.98e-01	2.02e-03	7.80e-07
 1.79729e+23	9.98e-01	1.94e-03	7.21e-07
 1.85770e+23	9.98e-01	1.87e-03	6.69e-07
 1.91985e+23	9.98e-01	1.80e-03	6.23e-07
 1.98377e+23	9.98e-01	1.74e-03	5.81e-07
 2.04973e+23	9.98e-01	1.69e-03	5.44e-07
 2.11771e+23	9.98e-01	1.63e-03	5.11e-07
 2.18756e+23	9.98e-01	1.59e-03	4.82e-07
 2.25946e+23	9.98e-01	1.54e-03	4.55e-07
 2.33336e+23	9.98e-01	1.50e-03	4.32e-07
 2.40497e+23	9.99e-01	1.46e-03	4.11e-07
 2.46995e+23	9.99e-01	1.43e-03	3.94e-07
 2.52844e+23	9.99e-01	1.41e-03	3.80e-07
 2.58108e+23	9.99e-01	1.39e-03	3.69e-07
 2.62845e+23	9.99e-01	1.37e-03	3.60e-07
 2.67109e+23	9.99e-01	1.36e-03	3.53e-07
 2.70946e+23	9.99e-01	1.34e-03	3.46e-07
 2.74400e+23	9.99e-01	1.33e-03	3.41e-07
 2.77563e+23	9.99e-01	1.33e-03	3.37e-07
 2.80618e+23	9.99e-01	1.32e-03	3.33e-07
 2.83673e+23	9.99e-01	1.31e-03	3.29e-07
 2.86727e+23	9.99e-01	1.30e-03	3.25e-07
 2.89782e+23	9.99e-01	1.30e-03	3.22e-07
 2.92837e+23	9.99e-01	1.29e-03	3.19e-07
 2.95892e+23	9.99e-01	1.28e-03	3.16e-07
 2.98947e+23	9.99e-01	1.28e-03	3.13e-07
 3.02001e+23	9.99e-01	1.27e-03	3.11e-07
 3.04505e+23	9.99e-01	1.27e-03	3.07e-07
