#depth	O	O+	O+2	O+3	O+4	O+5	O+6	O+7	O+8	O[1]	O[2]	O[3]
 1.54284e+19	9.39e-15	1.08e-09	6.22e-06	1.95e-03	3.87e-02	1.55e-01	7.36e-01	6.67e-02	1.21e-03	9.39e-15	7.93e-20	9.22e-20
 9.25702e+19	1.12e-14	1.30e-09	7.38e-06	2.24e-03	4.23e-02	1.65e-01	7.27e-01	6.19e-02	1.06e-03	1.12e-14	9.24e-20	1.07e-19
 2.19083e+20	1.49e-14	1.75e-09	9.68e-06	2.77e-03	4.85e-02	1.81e-01	7.12e-01	5.49e-02	8.49e-04	1.49e-14	1.14e-19	1.33e-19
 3.43658e+20	1.98e-14	2.34e-09	1.26e-05	3.40e-03	5.51e-02	1.96e-01	6.96e-01	4.89e-02	6.89e-04	1.98e-14	1.44e-19	1.67e-19
 4.35866e+20	2.44e-14	2.90e-09	1.52e-05	3.93e-03	6.01e-02	2.07e-01	6.83e-01	4.49e-02	5.93e-04	2.44e-14	1.70e-19	1.98e-19
 4.93725e+20	2.78e-14	3.31e-09	1.70e-05	4.28e-03	6.34e-02	2.14e-01	6.75e-01	4.27e-02	5.41e-04	2.78e-14	1.92e-19	2.23e-19
 5.52210e+20	3.18e-14	3.78e-09	1.91e-05	4.67e-03	6.68e-02	2.20e-01	6.67e-01	4.05e-02	4.94e-04	3.18e-14	2.16e-19	2.51e-19
 6.28240e+20	3.78e-14	4.49e-09	2.22e-05	5.22e-03	7.14e-02	2.29e-01	6.56e-01	3.79e-02	4.39e-04	3.78e-14	2.50e-19	2.91e-19
 7.27079e+20	4.73e-14	5.59e-09	2.67e-05	5.99e-03	7.75e-02	2.40e-01	6.42e-01	3.47e-02	3.78e-04	4.73e-14	3.02e-19	3.52e-19
 8.31335e+20	5.96e-14	7.01e-09	3.23e-05	6.89e-03	8.41e-02	2.50e-01	6.26e-01	3.18e-02	3.23e-04	5.96e-14	3.66e-19	4.27e-19
 9.19493e+20	7.23e-14	8.44e-09	3.78e-05	7.72e-03	8.99e-02	2.59e-01	6.13e-01	2.95e-02	2.85e-04	7.23e-14	4.33e-19	5.04e-19
 1.01096e+21	8.83e-14	1.02e-08	4.44e-05	8.66e-03	9.61e-02	2.68e-01	6.00e-01	2.73e-02	2.50e-04	8.83e-14	5.17e-19	6.03e-19
 1.12986e+21	1.14e-13	1.31e-08	5.44e-05	1.00e-02	1.04e-01	2.79e-01	5.82e-01	2.47e-02	2.11e-04	1.14e-13	6.47e-19	7.54e-19
 1.24909e+21	1.46e-13	1.65e-08	6.61e-05	1.15e-02	1.13e-01	2.89e-01	5.64e-01	2.24e-02	1.79e-04	1.46e-13	8.00e-19	9.32e-19
 1.33507e+21	1.75e-13	1.95e-08	7.57e-05	1.26e-02	1.19e-01	2.96e-01	5.51e-01	2.09e-02	1.59e-04	1.75e-13	9.34e-19	1.09e-18
 1.41315e+21	2.05e-13	2.26e-08	8.56e-05	1.38e-02	1.25e-01	3.03e-01	5.39e-01	1.96e-02	1.43e-04	2.05e-13	1.08e-18	1.26e-18
 1.51465e+21	2.52e-13	2.74e-08	1.00e-04	1.53e-02	1.33e-01	3.10e-01	5.24e-01	1.81e-02	1.25e-04	2.52e-13	1.30e-18	1.52e-18
 1.62458e+21	3.13e-13	3.35e-08	1.18e-04	1.72e-02	1.41e-01	3.18e-01	5.07e-01	1.65e-02	1.08e-04	3.13e-13	1.57e-18	1.83e-18
 1.72242e+21	3.79e-13	3.98e-08	1.36e-04	1.89e-02	1.49e-01	3.24e-01	4.92e-01	1.53e-02	9.56e-05	3.79e-13	1.87e-18	2.17e-18
 1.82656e+21	4.63e-13	4.77e-08	1.57e-04	2.09e-02	1.57e-01	3.31e-01	4.77e-01	1.41e-02	8.37e-05	4.63e-13	2.24e-18	2.61e-18
 1.96194e+21	5.97e-13	6.01e-08	1.90e-04	2.38e-02	1.68e-01	3.38e-01	4.57e-01	1.27e-02	7.05e-05	5.97e-13	2.83e-18	3.29e-18
 2.09926e+21	7.66e-13	7.51e-08	2.27e-04	2.68e-02	1.79e-01	3.45e-01	4.37e-01	1.14e-02	5.95e-05	7.66e-13	3.52e-18	4.09e-18
 2.20718e+21	9.25e-13	8.88e-08	2.61e-04	2.94e-02	1.88e-01	3.50e-01	4.22e-01	1.05e-02	5.21e-05	9.25e-13	4.19e-18	4.86e-18
 2.31552e+21	1.12e-12	1.05e-07	2.99e-04	3.22e-02	1.96e-01	3.54e-01	4.07e-01	9.61e-03	4.57e-05	1.12e-12	5.01e-18	5.82e-18
 2.45637e+21	1.44e-12	1.31e-07	3.55e-04	3.61e-02	2.08e-01	3.59e-01	3.88e-01	8.61e-03	3.85e-05	1.44e-12	6.32e-18	7.33e-18
 2.60632e+21	1.87e-12	1.64e-07	4.24e-04	4.06e-02	2.21e-01	3.63e-01	3.68e-01	7.67e-03	3.22e-05	1.87e-12	7.98e-18	9.25e-18
 2.73485e+21	2.31e-12	1.98e-07	4.91e-04	4.46e-02	2.31e-01	3.65e-01	3.52e-01	6.95e-03	2.77e-05	2.31e-12	9.73e-18	1.13e-17
 2.86870e+21	2.89e-12	2.39e-07	5.70e-04	4.91e-02	2.42e-01	3.67e-01	3.35e-01	6.27e-03	2.37e-05	2.89e-12	1.20e-17	1.39e-17
 3.04271e+21	3.84e-12	3.05e-07	6.87e-04	5.54e-02	2.56e-01	3.68e-01	3.14e-01	5.49e-03	1.94e-05	3.84e-12	1.56e-17	1.81e-17
 3.22250e+21	5.09e-12	3.86e-07	8.26e-04	6.22e-02	2.70e-01	3.69e-01	2.94e-01	4.79e-03	1.58e-05	5.09e-12	2.02e-17	2.34e-17
 3.36950e+21	6.36e-12	4.65e-07	9.54e-04	6.82e-02	2.81e-01	3.68e-01	2.78e-01	4.29e-03	1.34e-05	6.36e-12	2.49e-17	2.88e-17
 3.52030e+21	7.99e-12	5.61e-07	1.10e-03	7.46e-02	2.92e-01	3.67e-01	2.62e-01	3.83e-03	1.13e-05	7.99e-12	3.09e-17	3.57e-17
 3.71633e+21	1.07e-11	7.12e-07	1.32e-03	8.35e-02	3.06e-01	3.64e-01	2.42e-01	3.31e-03	9.14e-06	1.07e-11	4.06e-17	4.68e-17
 3.92475e+21	1.43e-11	9.05e-07	1.59e-03	9.34e-02	3.20e-01	3.60e-01	2.23e-01	2.83e-03	7.28e-06	1.43e-11	5.33e-17	6.15e-17
 4.10475e+21	1.83e-11	1.10e-06	1.85e-03	1.02e-01	3.31e-01	3.55e-01	2.07e-01	2.48e-03	6.00e-06	1.83e-11	6.72e-17	7.75e-17
 4.29422e+21	2.37e-11	1.35e-06	2.17e-03	1.12e-01	3.42e-01	3.49e-01	1.92e-01	2.16e-03	4.91e-06	2.37e-11	8.58e-17	9.90e-17
 4.49168e+21	3.06e-11	1.66e-06	2.53e-03	1.23e-01	3.53e-01	3.43e-01	1.77e-01	1.86e-03	3.99e-06	3.06e-11	1.09e-16	1.26e-16
 4.65526e+21	3.75e-11	1.95e-06	2.86e-03	1.32e-01	3.61e-01	3.37e-01	1.65e-01	1.65e-03	3.36e-06	3.75e-11	1.32e-16	1.53e-16
 4.82362e+21	4.64e-11	2.30e-06	3.25e-03	1.42e-01	3.69e-01	3.30e-01	1.54e-01	1.46e-03	2.83e-06	4.64e-11	1.62e-16	1.87e-16
 5.04250e+21	6.06e-11	2.84e-06	3.80e-03	1.55e-01	3.79e-01	3.21e-01	1.40e-01	1.25e-03	2.26e-06	6.06e-11	2.09e-16	2.41e-16
 5.26509e+21	7.85e-11	3.46e-06	4.43e-03	1.69e-01	3.87e-01	3.11e-01	1.27e-01	1.06e-03	1.80e-06	7.84e-11	2.66e-16	3.07e-16
 5.44673e+21	9.62e-11	4.05e-06	4.99e-03	1.80e-01	3.93e-01	3.03e-01	1.18e-01	9.30e-04	1.50e-06	9.62e-11	3.23e-16	3.73e-16
 5.63709e+21	1.19e-10	4.77e-06	5.64e-03	1.93e-01	3.99e-01	2.94e-01	1.08e-01	8.11e-04	1.24e-06	1.19e-10	3.97e-16	4.58e-16
 5.88456e+21	1.57e-10	5.87e-06	6.59e-03	2.09e-01	4.05e-01	2.82e-01	9.70e-02	6.79e-04	9.71e-07	1.57e-10	5.14e-16	5.94e-16
 6.13626e+21	2.03e-10	7.15e-06	7.66e-03	2.26e-01	4.09e-01	2.69e-01	8.67e-02	5.66e-04	0.00e+00	2.03e-10	6.59e-16	7.61e-16
 6.34432e+21	2.50e-10	8.33e-06	8.62e-03	2.40e-01	4.12e-01	2.59e-01	7.91e-02	4.90e-04	0.00e+00	2.50e-10	8.02e-16	9.26e-16
 6.56568e+21	3.12e-10	9.83e-06	9.77e-03	2.56e-01	4.14e-01	2.48e-01	7.16e-02	4.19e-04	0.00e+00	3.12e-10	9.93e-16	1.15e-15
 6.85344e+21	4.13e-10	1.21e-05	1.14e-02	2.76e-01	4.16e-01	2.34e-01	6.29e-02	3.42e-04	0.00e+00	4.13e-10	1.30e-15	1.50e-15
 7.14503e+21	5.38e-10	1.47e-05	1.33e-02	2.96e-01	4.15e-01	2.20e-01	5.51e-02	2.79e-04	0.00e+00	5.38e-10	1.67e-15	1.93e-15
 7.38897e+21	6.66e-10	1.72e-05	1.50e-02	3.14e-01	4.14e-01	2.08e-01	4.94e-02	2.36e-04	0.00e+00	6.66e-10	2.05e-15	2.37e-15
 7.65347e+21	8.45e-10	2.05e-05	1.71e-02	3.32e-01	4.11e-01	1.96e-01	4.37e-02	1.96e-04	0.00e+00	8.45e-10	2.58e-15	2.99e-15
 7.94187e+21	1.07e-09	2.44e-05	1.95e-02	3.52e-01	4.07e-01	1.83e-01	3.83e-02	1.61e-04	0.00e+00	1.07e-09	3.24e-15	3.75e-15
 8.20864e+21	1.33e-09	2.85e-05	2.20e-02	3.71e-01	4.02e-01	1.72e-01	3.39e-02	1.34e-04	0.00e+00	1.33e-09	3.98e-15	4.61e-15
 8.46268e+21	1.62e-09	3.29e-05	2.47e-02	3.88e-01	3.96e-01	1.61e-01	3.02e-02	1.13e-04	0.00e+00	1.62e-09	4.83e-15	5.60e-15
 8.75283e+21	2.05e-09	3.90e-05	2.80e-02	4.07e-01	3.88e-01	1.50e-01	2.64e-02	9.29e-05	0.00e+00	2.05e-09	6.05e-15	7.02e-15
 9.07396e+21	2.59e-09	4.62e-05	3.20e-02	4.28e-01	3.79e-01	1.38e-01	2.28e-02	7.51e-05	0.00e+00	2.59e-09	7.58e-15	8.80e-15
 9.37028e+21	3.20e-09	5.38e-05	3.61e-02	4.47e-01	3.70e-01	1.27e-01	1.99e-02	6.18e-05	0.00e+00	3.20e-09	9.29e-15	1.08e-14
 9.64737e+21	3.89e-09	6.20e-05	4.03e-02	4.63e-01	3.61e-01	1.18e-01	1.76e-02	5.16e-05	0.00e+00	3.89e-09	1.12e-14	1.30e-14
 9.96455e+21	4.87e-09	7.30e-05	4.57e-02	4.82e-01	3.49e-01	1.08e-01	1.52e-02	4.20e-05	0.00e+00	4.87e-09	1.40e-14	1.62e-14
 1.03148e+22	6.15e-09	8.65e-05	5.22e-02	5.01e-01	3.36e-01	9.76e-02	1.29e-02	3.36e-05	0.00e+00	6.15e-09	1.75e-14	2.03e-14
 1.06356e+22	7.55e-09	1.01e-04	5.89e-02	5.18e-01	3.23e-01	8.89e-02	1.12e-02	2.75e-05	0.00e+00	7.55e-09	2.13e-14	2.48e-14
 1.09322e+22	9.09e-09	1.15e-04	6.57e-02	5.32e-01	3.11e-01	8.14e-02	9.78e-03	2.28e-05	0.00e+00	9.09e-09	2.55e-14	2.97e-14
 1.12697e+22	1.14e-08	1.36e-04	7.45e-02	5.47e-01	2.97e-01	7.33e-02	8.36e-03	1.85e-05	0.00e+00	1.14e-08	3.19e-14	3.71e-14
 1.16378e+22	1.43e-08	1.61e-04	8.52e-02	5.61e-01	2.81e-01	6.53e-02	7.07e-03	1.47e-05	0.00e+00	1.43e-08	3.97e-14	4.62e-14
 1.19679e+22	1.74e-08	1.88e-04	9.61e-02	5.73e-01	2.66e-01	5.87e-02	6.08e-03	1.21e-05	0.00e+00	1.74e-08	4.81e-14	5.60e-14
 1.22690e+22	2.10e-08	2.16e-04	1.07e-01	5.81e-01	2.53e-01	5.31e-02	5.29e-03	1.00e-05	0.00e+00	2.10e-08	5.77e-14	6.72e-14
 1.26105e+22	2.62e-08	2.55e-04	1.22e-01	5.89e-01	2.37e-01	4.71e-02	4.50e-03	8.14e-06	0.00e+00	2.62e-08	7.15e-14	8.33e-14
 1.29810e+22	3.28e-08	3.04e-04	1.40e-01	5.95e-01	2.20e-01	4.13e-02	3.77e-03	6.50e-06	0.00e+00	3.28e-08	8.93e-14	1.04e-13
 1.33079e+22	4.01e-08	3.56e-04	1.58e-01	5.97e-01	2.05e-01	3.65e-02	3.22e-03	5.33e-06	0.00e+00	4.01e-08	1.09e-13	1.26e-13
 1.35998e+22	4.82e-08	4.11e-04	1.77e-01	5.97e-01	1.91e-01	3.25e-02	2.79e-03	4.45e-06	0.00e+00	4.82e-08	1.30e-13	1.52e-13
 1.39275e+22	6.00e-08	4.89e-04	2.01e-01	5.94e-01	1.75e-01	2.83e-02	2.35e-03	3.61e-06	0.00e+00	6.00e-08	1.62e-13	1.88e-13
 1.42811e+22	7.56e-08	5.89e-04	2.31e-01	5.85e-01	1.57e-01	2.42e-02	1.94e-03	2.87e-06	0.00e+00	7.56e-08	2.03e-13	2.36e-13
 1.45886e+22	9.28e-08	6.95e-04	2.61e-01	5.74e-01	1.42e-01	2.09e-02	1.63e-03	2.34e-06	0.00e+00	9.28e-08	2.48e-13	2.89e-13
 1.48435e+22	1.06e-07	7.78e-04	2.89e-01	5.61e-01	1.29e-01	1.83e-02	1.40e-03	1.95e-06	0.00e+00	1.06e-07	2.84e-13	3.30e-13
 1.51099e+22	1.30e-07	9.14e-04	3.23e-01	5.44e-01	1.16e-01	1.57e-02	1.17e-03	1.60e-06	0.00e+00	1.30e-07	3.46e-13	4.02e-13
 1.53933e+22	1.58e-07	1.08e-03	3.62e-01	5.21e-01	1.01e-01	1.32e-02	9.64e-04	1.28e-06	0.00e+00	1.58e-07	4.21e-13	4.89e-13
 1.56200e+22	1.92e-07	1.26e-03	3.97e-01	4.99e-01	9.03e-02	1.14e-02	8.18e-04	1.07e-06	0.00e+00	1.92e-07	5.08e-13	5.90e-13
 1.57874e+22	2.16e-07	1.39e-03	4.24e-01	4.81e-01	8.21e-02	1.01e-02	7.16e-04	9.21e-07	0.00e+00	2.16e-07	5.72e-13	6.65e-13
 1.59565e+22	2.47e-07	1.54e-03	4.54e-01	4.62e-01	7.38e-02	8.89e-03	6.20e-04	0.00e+00	0.00e+00	2.47e-07	6.52e-13	7.57e-13
 1.61762e+22	2.92e-07	1.76e-03	4.93e-01	4.34e-01	6.37e-02	7.44e-03	5.08e-04	0.00e+00	0.00e+00	2.92e-07	7.70e-13	8.94e-13
 1.64041e+22	3.42e-07	2.00e-03	5.34e-01	4.03e-01	5.40e-02	6.14e-03	4.09e-04	0.00e+00	0.00e+00	3.42e-07	9.00e-13	1.05e-12
 1.65954e+22	3.92e-07	2.22e-03	5.70e-01	3.76e-01	4.65e-02	5.16e-03	3.37e-04	0.00e+00	0.00e+00	3.92e-07	1.03e-12	1.19e-12
 1.67971e+22	4.56e-07	2.49e-03	6.08e-01	3.46e-01	3.91e-02	4.24e-03	2.70e-04	0.00e+00	0.00e+00	4.56e-07	1.19e-12	1.39e-12
 1.70166e+22	5.30e-07	2.79e-03	6.47e-01	3.15e-01	3.21e-02	3.41e-03	2.10e-04	0.00e+00	0.00e+00	5.30e-07	1.38e-12	1.61e-12
 1.72166e+22	6.06e-07	3.07e-03	6.81e-01	2.87e-01	2.66e-02	2.78e-03	1.66e-04	0.00e+00	0.00e+00	6.06e-07	1.58e-12	1.84e-12
 1.74340e+22	7.02e-07	3.41e-03	7.16e-01	2.57e-01	2.15e-02	2.21e-03	1.27e-04	0.00e+00	0.00e+00	7.02e-07	1.82e-12	2.12e-12
 1.76662e+22	8.12e-07	3.77e-03	7.49e-01	2.29e-01	1.71e-02	1.74e-03	9.56e-05	0.00e+00	0.00e+00	8.12e-07	2.10e-12	2.45e-12
 1.78692e+22	9.16e-07	4.08e-03	7.75e-01	2.06e-01	1.41e-02	1.41e-03	7.46e-05	0.00e+00	0.00e+00	9.16e-07	2.37e-12	2.76e-12
 1.80846e+22	1.04e-06	4.44e-03	8.00e-01	1.83e-01	1.14e-02	1.14e-03	5.72e-05	0.00e+00	0.00e+00	1.04e-06	2.69e-12	3.13e-12
 1.83224e+22	1.19e-06	4.82e-03	8.23e-01	1.62e-01	9.16e-03	9.05e-04	4.32e-05	0.00e+00	0.00e+00	1.19e-06	3.06e-12	3.56e-12
 1.85280e+22	1.33e-06	5.15e-03	8.40e-01	1.46e-01	7.66e-03	7.52e-04	3.43e-05	0.00e+00	0.00e+00	1.33e-06	3.40e-12	3.96e-12
 1.87337e+22	1.48e-06	5.49e-03	8.56e-01	1.31e-01	6.43e-03	6.27e-04	2.72e-05	0.00e+00	0.00e+00	1.48e-06	3.78e-12	4.41e-12
 1.90011e+22	1.69e-06	5.93e-03	8.73e-01	1.15e-01	5.21e-03	5.01e-04	2.06e-05	0.00e+00	0.00e+00	1.69e-06	4.31e-12	5.03e-12
 1.92975e+22	1.95e-06	6.42e-03	8.89e-01	1.00e-01	4.24e-03	4.00e-04	1.55e-05	0.00e+00	0.00e+00	1.95e-06	4.94e-12	5.77e-12
 1.95827e+22	2.22e-06	6.88e-03	9.01e-01	8.80e-02	3.55e-03	3.27e-04	1.20e-05	0.00e+00	0.00e+00	2.22e-06	5.57e-12	6.52e-12
 1.98704e+22	2.51e-06	7.35e-03	9.12e-01	7.78e-02	3.03e-03	2.71e-04	9.45e-06	0.00e+00	0.00e+00	2.51e-06	6.23e-12	7.30e-12
 2.01839e+22	2.86e-06	7.87e-03	9.21e-01	6.84e-02	2.59e-03	2.23e-04	7.45e-06	0.00e+00	0.00e+00	2.86e-06	7.00e-12	8.22e-12
 2.05317e+22	3.29e-06	8.44e-03	9.29e-01	5.97e-02	2.24e-03	1.83e-04	5.86e-06	0.00e+00	0.00e+00	3.29e-06	7.94e-12	9.32e-12
 2.09104e+22	3.80e-06	9.06e-03	9.37e-01	5.20e-02	1.95e-03	1.49e-04	4.62e-06	0.00e+00	0.00e+00	3.80e-06	9.05e-12	1.06e-11
 2.13228e+22	4.43e-06	9.76e-03	9.43e-01	4.51e-02	1.72e-03	1.21e-04	3.67e-06	0.00e+00	0.00e+00	4.43e-06	1.04e-11	1.23e-11
 2.17819e+22	5.22e-06	1.05e-02	9.49e-01	3.89e-02	1.52e-03	9.78e-05	2.91e-06	0.00e+00	0.00e+00	5.22e-06	1.21e-11	1.43e-11
 2.23090e+22	6.26e-06	1.15e-02	9.54e-01	3.31e-02	1.36e-03	7.75e-05	2.30e-06	0.00e+00	0.00e+00	6.26e-06	1.43e-11	1.69e-11
 2.28600e+22	7.55e-06	1.25e-02	9.58e-01	2.84e-02	1.22e-03	6.19e-05	1.85e-06	0.00e+00	0.00e+00	7.55e-06	1.71e-11	2.02e-11
 2.33893e+22	9.02e-06	1.35e-02	9.61e-01	2.47e-02	1.12e-03	5.04e-05	1.53e-06	0.00e+00	0.00e+00	9.02e-06	2.02e-11	2.39e-11
 2.39918e+22	1.10e-05	1.46e-02	9.63e-01	2.12e-02	1.03e-03	4.00e-05	1.26e-06	0.00e+00	0.00e+00	1.10e-05	2.43e-11	2.88e-11
 2.47749e+22	1.42e-05	1.62e-02	9.65e-01	1.75e-02	9.39e-04	3.01e-05	9.97e-07	0.00e+00	0.00e+00	1.42e-05	3.11e-11	3.68e-11
 2.55877e+22	1.88e-05	1.82e-02	9.66e-01	1.46e-02	8.62e-04	2.27e-05	0.00e+00	0.00e+00	0.00e+00	1.88e-05	4.09e-11	4.83e-11
 2.62767e+22	2.40e-05	2.00e-02	9.67e-01	1.26e-02	8.10e-04	1.80e-05	0.00e+00	0.00e+00	0.00e+00	2.40e-05	5.20e-11	6.14e-11
 2.69096e+22	3.04e-05	2.19e-02	9.66e-01	1.10e-02	7.67e-04	1.45e-05	0.00e+00	0.00e+00	0.00e+00	3.04e-05	6.56e-11	7.74e-11
 2.74242e+22	3.73e-05	2.37e-02	9.66e-01	9.97e-03	7.37e-04	1.22e-05	0.00e+00	0.00e+00	0.00e+00	3.73e-05	8.06e-11	9.47e-11
 2.77720e+22	4.31e-05	2.51e-02	9.65e-01	9.30e-03	7.18e-04	1.09e-05	0.00e+00	0.00e+00	0.00e+00	4.31e-05	9.33e-11	1.10e-10
 2.81110e+22	4.95e-05	2.64e-02	9.64e-01	8.60e-03	7.00e-04	9.58e-06	0.00e+00	0.00e+00	0.00e+00	4.95e-05	1.07e-10	1.26e-10
 2.85517e+22	5.99e-05	2.84e-02	9.63e-01	7.75e-03	6.79e-04	8.11e-06	0.00e+00	0.00e+00	0.00e+00	5.99e-05	1.30e-10	1.52e-10
 2.89971e+22	7.38e-05	3.09e-02	9.61e-01	7.02e-03	6.59e-04	6.85e-06	0.00e+00	0.00e+00	0.00e+00	7.38e-05	1.61e-10	1.87e-10
 2.93313e+22	8.74e-05	3.30e-02	9.60e-01	6.52e-03	6.44e-04	6.02e-06	0.00e+00	0.00e+00	0.00e+00	8.74e-05	1.92e-10	2.21e-10
 2.95879e+22	1.00e-04	3.49e-02	9.58e-01	6.14e-03	6.34e-04	5.42e-06	0.00e+00	0.00e+00	0.00e+00	1.00e-04	2.20e-10	2.53e-10
 2.98608e+22	1.16e-04	3.70e-02	9.57e-01	5.70e-03	6.22e-04	4.81e-06	0.00e+00	0.00e+00	0.00e+00	1.16e-04	2.56e-10	2.93e-10
 3.02155e+22	1.40e-04	4.00e-02	9.54e-01	5.17e-03	6.09e-04	4.10e-06	0.00e+00	0.00e+00	0.00e+00	1.40e-04	3.13e-10	3.56e-10
 3.05582e+22	1.74e-04	4.38e-02	9.51e-01	4.72e-03	5.95e-04	3.49e-06	0.00e+00	0.00e+00	0.00e+00	1.74e-04	3.92e-10	4.41e-10
 3.07927e+22	2.03e-04	4.69e-02	9.48e-01	4.43e-03	5.86e-04	3.12e-06	0.00e+00	0.00e+00	0.00e+00	2.03e-04	4.63e-10	5.16e-10
 3.09696e+22	2.29e-04	4.94e-02	9.46e-01	4.20e-03	5.79e-04	2.85e-06	0.00e+00	0.00e+00	0.00e+00	2.29e-04	5.26e-10	5.82e-10
 3.11643e+22	2.62e-04	5.23e-02	9.43e-01	3.94e-03	5.71e-04	2.57e-06	0.00e+00	0.00e+00	0.00e+00	2.62e-04	6.06e-10	6.65e-10
 3.14174e+22	3.13e-04	5.66e-02	9.39e-01	3.61e-03	5.61e-04	2.23e-06	0.00e+00	0.00e+00	0.00e+00	3.13e-04	7.36e-10	7.96e-10
 3.16711e+22	3.83e-04	6.19e-02	9.34e-01	3.31e-03	5.50e-04	1.92e-06	0.00e+00	0.00e+00	0.00e+00	3.83e-04	9.14e-10	9.73e-10
 3.18586e+22	4.48e-04	6.65e-02	9.29e-01	3.09e-03	5.42e-04	1.71e-06	0.00e+00	0.00e+00	0.00e+00	4.48e-04	1.09e-09	1.14e-09
 3.20048e+22	5.07e-04	7.05e-02	9.26e-01	2.93e-03	5.36e-04	1.56e-06	0.00e+00	0.00e+00	0.00e+00	5.07e-04	1.25e-09	1.29e-09
 3.21645e+22	5.83e-04	7.51e-02	9.21e-01	2.74e-03	5.29e-04	1.40e-06	0.00e+00	0.00e+00	0.00e+00	5.83e-04	1.46e-09	1.48e-09
 3.23722e+22	7.03e-04	8.19e-02	9.14e-01	2.50e-03	5.19e-04	1.22e-06	0.00e+00	0.00e+00	0.00e+00	7.03e-04	1.79e-09	1.79e-09
 3.25777e+22	8.63e-04	9.03e-02	9.06e-01	2.28e-03	5.08e-04	1.04e-06	0.00e+00	0.00e+00	0.00e+00	8.63e-04	2.26e-09	2.20e-09
 3.27260e+22	1.01e-03	9.74e-02	8.99e-01	2.12e-03	4.99e-04	9.31e-07	0.00e+00	0.00e+00	0.00e+00	1.01e-03	2.71e-09	2.57e-09
 3.28418e+22	1.14e-03	1.03e-01	8.93e-01	2.00e-03	4.93e-04	0.00e+00	0.00e+00	0.00e+00	0.00e+00	1.14e-03	3.13e-09	2.92e-09
 3.29697e+22	1.31e-03	1.11e-01	8.86e-01	1.87e-03	4.85e-04	0.00e+00	0.00e+00	0.00e+00	0.00e+00	1.31e-03	3.67e-09	3.35e-09
 3.31360e+22	1.58e-03	1.21e-01	8.75e-01	1.70e-03	4.75e-04	0.00e+00	0.00e+00	0.00e+00	0.00e+00	1.58e-03	4.54e-09	4.03e-09
 3.33033e+22	1.95e-03	1.34e-01	8.62e-01	1.54e-03	4.62e-04	0.00e+00	0.00e+00	0.00e+00	0.00e+00	1.95e-03	5.77e-09	4.96e-09
 3.34284e+22	2.30e-03	1.45e-01	8.51e-01	1.42e-03	4.52e-04	0.00e+00	0.00e+00	0.00e+00	0.00e+00	2.30e-03	7.00e-09	5.85e-09
 3.35277e+22	2.63e-03	1.55e-01	8.41e-01	1.33e-03	4.43e-04	0.00e+00	0.00e+00	0.00e+00	0.00e+00	2.63e-03	8.19e-09	6.68e-09
 3.36371e+22	3.05e-03	1.66e-01	8.29e-01	1.23e-03	4.33e-04	0.00e+00	0.00e+00	0.00e+00	0.00e+00	3.05e-03	9.68e-09	7.72e-09
 3.37793e+22	3.71e-03	1.83e-01	8.12e-01	1.11e-03	4.20e-04	0.00e+00	0.00e+00	0.00e+00	0.00e+00	3.71e-03	1.22e-08	9.38e-09
 3.39234e+22	4.63e-03	2.04e-01	7.90e-01	9.85e-04	4.03e-04	0.00e+00	0.00e+00	0.00e+00	0.00e+00	4.63e-03	1.57e-08	1.17e-08
 3.40330e+22	5.55e-03	2.23e-01	7.70e-01	8.94e-04	3.89e-04	0.00e+00	0.00e+00	0.00e+00	0.00e+00	5.55e-03	1.92e-08	1.40e-08
 3.41220e+22	6.44e-03	2.39e-01	7.53e-01	8.22e-04	3.77e-04	0.00e+00	0.00e+00	0.00e+00	0.00e+00	6.44e-03	2.26e-08	1.61e-08
 3.42211e+22	7.59e-03	2.59e-01	7.32e-01	7.47e-04	3.62e-04	0.00e+00	0.00e+00	0.00e+00	0.00e+00	7.59e-03	2.71e-08	1.90e-08
 3.43500e+22	9.45e-03	2.87e-01	7.02e-01	6.54e-04	3.42e-04	0.00e+00	0.00e+00	0.00e+00	0.00e+00	9.45e-03	3.44e-08	2.35e-08
 3.44823e+22	1.22e-02	3.23e-01	6.64e-01	5.58e-04	3.17e-04	0.00e+00	0.00e+00	0.00e+00	0.00e+00	1.22e-02	4.53e-08	3.02e-08
 3.45815e+22	1.50e-02	3.55e-01	6.29e-01	4.89e-04	2.96e-04	0.00e+00	0.00e+00	0.00e+00	0.00e+00	1.50e-02	5.63e-08	3.69e-08
 3.46563e+22	1.75e-02	3.80e-01	6.02e-01	4.41e-04	2.80e-04	0.00e+00	0.00e+00	0.00e+00	0.00e+00	1.75e-02	6.61e-08	4.28e-08
 3.47368e+22	2.06e-02	4.08e-01	5.71e-01	3.93e-04	2.61e-04	0.00e+00	0.00e+00	0.00e+00	0.00e+00	2.06e-02	7.82e-08	5.02e-08
 3.48415e+22	2.55e-02	4.46e-01	5.28e-01	3.36e-04	2.36e-04	0.00e+00	0.00e+00	0.00e+00	0.00e+00	2.55e-02	9.76e-08	6.18e-08
 3.49499e+22	3.28e-02	4.92e-01	4.75e-01	2.76e-04	2.06e-04	0.00e+00	0.00e+00	0.00e+00	0.00e+00	3.28e-02	1.26e-07	7.89e-08
 3.50336e+22	4.03e-02	5.31e-01	4.28e-01	2.33e-04	1.81e-04	0.00e+00	0.00e+00	0.00e+00	0.00e+00	4.03e-02	1.55e-07	9.62e-08
 3.50982e+22	4.70e-02	5.60e-01	3.92e-01	2.04e-04	1.63e-04	0.00e+00	0.00e+00	0.00e+00	0.00e+00	4.70e-02	1.80e-07	1.12e-07
 3.51676e+22	5.50e-02	5.89e-01	3.55e-01	1.77e-04	1.44e-04	0.00e+00	0.00e+00	0.00e+00	0.00e+00	5.50e-02	2.10e-07	1.30e-07
 3.52445e+22	6.64e-02	6.22e-01	3.11e-01	1.48e-04	1.22e-04	0.00e+00	0.00e+00	0.00e+00	0.00e+00	6.64e-02	2.53e-07	1.55e-07
 3.53111e+22	7.87e-02	6.50e-01	2.71e-01	1.25e-04	1.03e-04	0.00e+00	0.00e+00	0.00e+00	0.00e+00	7.87e-02	2.98e-07	1.82e-07
 3.53635e+22	8.97e-02	6.69e-01	2.41e-01	1.09e-04	8.88e-05	0.00e+00	0.00e+00	0.00e+00	0.00e+00	8.97e-02	3.37e-07	2.05e-07
 3.54178e+22	1.02e-01	6.86e-01	2.12e-01	9.50e-05	7.61e-05	0.00e+00	0.00e+00	0.00e+00	0.00e+00	1.02e-01	3.79e-07	2.31e-07
 3.54786e+22	1.18e-01	7.01e-01	1.81e-01	8.04e-05	6.24e-05	0.00e+00	0.00e+00	0.00e+00	0.00e+00	1.18e-01	4.35e-07	2.64e-07
 3.55332e+22	1.35e-01	7.12e-01	1.53e-01	6.85e-05	5.08e-05	0.00e+00	0.00e+00	0.00e+00	0.00e+00	1.35e-01	4.93e-07	2.99e-07
 3.55783e+22	1.52e-01	7.17e-01	1.31e-01	5.97e-05	4.22e-05	0.00e+00	0.00e+00	0.00e+00	0.00e+00	1.52e-01	5.45e-07	3.30e-07
 3.56191e+22	1.67e-01	7.19e-01	1.14e-01	5.29e-05	3.55e-05	0.00e+00	0.00e+00	0.00e+00	0.00e+00	1.67e-01	5.93e-07	3.59e-07
 3.56656e+22	1.85e-01	7.18e-01	9.69e-02	4.63e-05	2.91e-05	0.00e+00	0.00e+00	0.00e+00	0.00e+00	1.85e-01	6.48e-07	3.92e-07
 3.57177e+22	2.10e-01	7.12e-01	7.83e-02	3.92e-05	2.24e-05	0.00e+00	0.00e+00	0.00e+00	0.00e+00	2.10e-01	7.20e-07	4.34e-07
 3.57637e+22	2.35e-01	7.02e-01	6.34e-02	3.35e-05	1.73e-05	0.00e+00	0.00e+00	0.00e+00	0.00e+00	2.35e-01	7.88e-07	4.75e-07
 3.58010e+22	2.56e-01	6.91e-01	5.31e-02	2.97e-05	1.40e-05	0.00e+00	0.00e+00	0.00e+00	0.00e+00	2.56e-01	8.43e-07	5.08e-07
 3.58405e+22	2.78e-01	6.78e-01	4.41e-02	2.62e-05	1.12e-05	0.00e+00	0.00e+00	0.00e+00	0.00e+00	2.78e-01	8.97e-07	5.40e-07
 3.58774e+22	3.04e-01	6.60e-01	3.57e-02	2.29e-05	8.68e-06	0.00e+00	0.00e+00	0.00e+00	0.00e+00	3.04e-01	9.55e-07	5.75e-07
 3.59007e+22	3.20e-01	6.49e-01	3.13e-02	2.11e-05	7.41e-06	0.00e+00	0.00e+00	0.00e+00	0.00e+00	3.20e-01	9.87e-07	5.94e-07
 3.59182e+22	3.31e-01	6.40e-01	2.85e-02	2.00e-05	6.62e-06	0.00e+00	0.00e+00	0.00e+00	0.00e+00	3.31e-01	1.01e-06	6.06e-07
 3.59385e+22	3.45e-01	6.29e-01	2.54e-02	1.87e-05	5.78e-06	0.00e+00	0.00e+00	0.00e+00	0.00e+00	3.45e-01	1.03e-06	6.21e-07
 3.59631e+22	3.63e-01	6.15e-01	2.20e-02	1.72e-05	4.87e-06	0.00e+00	0.00e+00	0.00e+00	0.00e+00	3.63e-01	1.06e-06	6.39e-07
 3.59890e+22	3.83e-01	5.98e-01	1.87e-02	1.57e-05	4.01e-06	0.00e+00	0.00e+00	0.00e+00	0.00e+00	3.83e-01	1.10e-06	6.58e-07
 3.60135e+22	4.03e-01	5.81e-01	1.59e-02	1.43e-05	3.31e-06	0.00e+00	0.00e+00	0.00e+00	0.00e+00	4.03e-01	1.12e-06	6.75e-07
 3.60359e+22	4.22e-01	5.64e-01	1.37e-02	1.32e-05	2.77e-06	0.00e+00	0.00e+00	0.00e+00	0.00e+00	4.22e-01	1.15e-06	6.89e-07
 3.60584e+22	4.41e-01	5.48e-01	1.17e-02	1.21e-05	2.31e-06	0.00e+00	0.00e+00	0.00e+00	0.00e+00	4.41e-01	1.17e-06	7.02e-07
 3.60824e+22	4.62e-01	5.29e-01	9.87e-03	1.11e-05	1.90e-06	0.00e+00	0.00e+00	0.00e+00	0.00e+00	4.62e-01	1.19e-06	7.13e-07
 3.61074e+22	4.85e-01	5.07e-01	8.18e-03	1.00e-05	1.52e-06	0.00e+00	0.00e+00	0.00e+00	0.00e+00	4.85e-01	1.21e-06	7.24e-07
 3.61321e+22	5.08e-01	4.86e-01	6.76e-03	9.10e-06	1.22e-06	0.00e+00	0.00e+00	0.00e+00	0.00e+00	5.07e-01	1.22e-06	7.32e-07
 3.61567e+22	5.30e-01	4.64e-01	5.56e-03	8.25e-06	9.74e-07	0.00e+00	0.00e+00	0.00e+00	0.00e+00	5.30e-01	1.23e-06	7.37e-07
 3.61822e+22	5.55e-01	4.41e-01	4.51e-03	7.44e-06	0.00e+00	0.00e+00	0.00e+00	0.00e+00	0.00e+00	5.54e-01	1.23e-06	7.40e-07
 3.62074e+22	5.79e-01	4.18e-01	3.65e-03	6.70e-06	0.00e+00	0.00e+00	0.00e+00	0.00e+00	0.00e+00	5.79e-01	1.23e-06	7.40e-07
 3.62264e+22	5.98e-01	3.99e-01	3.07e-03	6.17e-06	0.00e+00	0.00e+00	0.00e+00	0.00e+00	0.00e+00	5.98e-01	1.23e-06	7.38e-07
 3.62377e+22	6.07e-01	3.90e-01	2.79e-03	5.92e-06	0.00e+00	0.00e+00	0.00e+00	0.00e+00	0.00e+00	6.07e-01	1.23e-06	7.35e-07
 3.62481e+22	6.15e-01	3.83e-01	2.58e-03	5.72e-06	0.00e+00	0.00e+00	0.00e+00	0.00e+00	0.00e+00	6.15e-01	1.22e-06	7.33e-07
 3.62617e+22	6.26e-01	3.71e-01	2.30e-03	5.43e-06	0.00e+00	0.00e+00	0.00e+00	0.00e+00	0.00e+00	6.26e-01	1.22e-06	7.29e-07
 3.62775e+22	6.41e-01	3.57e-01	1.99e-03	5.07e-06	0.00e+00	0.00e+00	0.00e+00	0.00e+00	0.00e+00	6.41e-01	1.21e-06	7.24e-07
 3.62923e+22	6.55e-01	3.44e-01	1.74e-03	4.76e-06	0.00e+00	0.00e+00	0.00e+00	0.00e+00	0.00e+00	6.55e-01	1.20e-06	7.18e-07
 3.63048e+22	6.66e-01	3.32e-01	1.55e-03	4.52e-06	0.00e+00	0.00e+00	0.00e+00	0.00e+00	0.00e+00	6.66e-01	1.19e-06	7.12e-07
 3.63165e+22	6.76e-01	3.23e-01	1.40e-03	4.32e-06	0.00e+00	0.00e+00	0.00e+00	0.00e+00	0.00e+00	6.76e-01	1.18e-06	7.07e-07
 3.63296e+22	6.87e-01	3.12e-01	1.24e-03	4.09e-06	0.00e+00	0.00e+00	0.00e+00	0.00e+00	0.00e+00	6.87e-01	1.17e-06	7.00e-07
 3.63440e+22	7.00e-01	2.99e-01	1.09e-03	3.83e-06	0.00e+00	0.00e+00	0.00e+00	0.00e+00	0.00e+00	7.00e-01	1.16e-06	6.91e-07
 3.63574e+22	7.12e-01	2.87e-01	9.55e-04	3.60e-06	0.00e+00	0.00e+00	0.00e+00	0.00e+00	0.00e+00	7.12e-01	1.14e-06	6.82e-07
 3.63688e+22	7.21e-01	2.78e-01	8.60e-04	3.44e-06	0.00e+00	0.00e+00	0.00e+00	0.00e+00	0.00e+00	7.21e-01	1.13e-06	6.74e-07
 3.63804e+22	7.31e-01	2.68e-01	7.74e-04	3.27e-06	0.00e+00	0.00e+00	0.00e+00	0.00e+00	0.00e+00	7.31e-01	1.11e-06	6.66e-07
 3.63934e+22	7.41e-01	2.58e-01	6.86e-04	3.09e-06	0.00e+00	0.00e+00	0.00e+00	0.00e+00	0.00e+00	7.41e-01	1.10e-06	6.56e-07
 3.64067e+22	7.52e-01	2.47e-01	6.04e-04	2.91e-06	0.00e+00	0.00e+00	0.00e+00	0.00e+00	0.00e+00	7.52e-01	1.08e-06	6.45e-07
 3.64189e+22	7.62e-01	2.37e-01	5.39e-04	2.75e-06	0.00e+00	0.00e+00	0.00e+00	0.00e+00	0.00e+00	7.62e-01	1.06e-06	6.35e-07
 3.64302e+22	7.71e-01	2.29e-01	4.87e-04	2.62e-06	0.00e+00	0.00e+00	0.00e+00	0.00e+00	0.00e+00	7.71e-01	1.05e-06	6.26e-07
 3.64421e+22	7.79e-01	2.20e-01	4.38e-04	2.49e-06	0.00e+00	0.00e+00	0.00e+00	0.00e+00	0.00e+00	7.79e-01	1.03e-06	6.16e-07
 3.64549e+22	7.89e-01	2.11e-01	3.91e-04	2.36e-06	0.00e+00	0.00e+00	0.00e+00	0.00e+00	0.00e+00	7.89e-01	1.02e-06	6.05e-07
 3.64675e+22	7.98e-01	2.02e-01	3.49e-04	2.22e-06	0.00e+00	0.00e+00	0.00e+00	0.00e+00	0.00e+00	7.98e-01	9.97e-07	5.93e-07
 3.64793e+22	8.06e-01	1.94e-01	3.15e-04	2.11e-06	0.00e+00	0.00e+00	0.00e+00	0.00e+00	0.00e+00	8.06e-01	9.80e-07	5.82e-07
 3.64906e+22	8.13e-01	1.86e-01	2.87e-04	2.01e-06	0.00e+00	0.00e+00	0.00e+00	0.00e+00	0.00e+00	8.13e-01	9.61e-07	5.68e-07
 3.65025e+22	8.21e-01	1.79e-01	2.60e-04	1.90e-06	0.00e+00	0.00e+00	0.00e+00	0.00e+00	0.00e+00	8.21e-01	9.42e-07	5.54e-07
 3.65149e+22	8.29e-01	1.71e-01	2.36e-04	1.80e-06	0.00e+00	0.00e+00	0.00e+00	0.00e+00	0.00e+00	8.29e-01	9.21e-07	5.40e-07
 3.65270e+22	8.37e-01	1.63e-01	2.15e-04	1.70e-06	0.00e+00	0.00e+00	0.00e+00	0.00e+00	0.00e+00	8.37e-01	9.02e-07	5.26e-07
 3.65385e+22	8.43e-01	1.57e-01	1.98e-04	1.62e-06	0.00e+00	0.00e+00	0.00e+00	0.00e+00	0.00e+00	8.43e-01	8.83e-07	5.12e-07
 3.65500e+22	8.50e-01	1.50e-01	1.82e-04	1.54e-06	0.00e+00	0.00e+00	0.00e+00	0.00e+00	0.00e+00	8.50e-01	8.65e-07	4.99e-07
 3.65621e+22	8.56e-01	1.44e-01	1.68e-04	1.46e-06	0.00e+00	0.00e+00	0.00e+00	0.00e+00	0.00e+00	8.56e-01	8.46e-07	4.85e-07
 3.65744e+22	8.63e-01	1.37e-01	1.56e-04	1.38e-06	0.00e+00	0.00e+00	0.00e+00	0.00e+00	0.00e+00	8.63e-01	8.27e-07	4.72e-07
 3.65860e+22	8.69e-01	1.31e-01	1.46e-04	1.32e-06	0.00e+00	0.00e+00	0.00e+00	0.00e+00	0.00e+00	8.69e-01	8.10e-07	4.60e-07
 3.65971e+22	8.74e-01	1.26e-01	1.38e-04	1.26e-06	0.00e+00	0.00e+00	0.00e+00	0.00e+00	0.00e+00	8.74e-01	7.94e-07	4.49e-07
 3.66084e+22	8.79e-01	1.21e-01	1.30e-04	1.20e-06	0.00e+00	0.00e+00	0.00e+00	0.00e+00	0.00e+00	8.79e-01	7.79e-07	4.38e-07
 3.66203e+22	8.84e-01	1.16e-01	1.23e-04	1.14e-06	0.00e+00	0.00e+00	0.00e+00	0.00e+00	0.00e+00	8.84e-01	7.63e-07	4.27e-07
 3.66321e+22	8.89e-01	1.11e-01	1.17e-04	1.09e-06	0.00e+00	0.00e+00	0.00e+00	0.00e+00	0.00e+00	8.89e-01	7.48e-07	4.16e-07
 3.66432e+22	8.93e-01	1.07e-01	1.12e-04	1.04e-06	0.00e+00	0.00e+00	0.00e+00	0.00e+00	0.00e+00	8.93e-01	7.34e-07	4.06e-07
 3.66542e+22	8.97e-01	1.03e-01	1.08e-04	9.99e-07	0.00e+00	0.00e+00	0.00e+00	0.00e+00	0.00e+00	8.97e-01	7.21e-07	3.97e-07
 3.66659e+22	9.01e-01	9.87e-02	1.05e-04	0.00e+00	0.00e+00	0.00e+00	0.00e+00	0.00e+00	0.00e+00	9.01e-01	7.07e-07	3.87e-07
 3.66779e+22	9.05e-01	9.46e-02	1.01e-04	0.00e+00	0.00e+00	0.00e+00	0.00e+00	0.00e+00	0.00e+00	9.05e-01	6.94e-07	3.78e-07
 3.66897e+22	9.09e-01	9.08e-02	9.86e-05	0.00e+00	0.00e+00	0.00e+00	0.00e+00	0.00e+00	0.00e+00	9.09e-01	6.82e-07	3.70e-07
 3.67011e+22	9.12e-01	8.76e-02	9.65e-05	0.00e+00	0.00e+00	0.00e+00	0.00e+00	0.00e+00	0.00e+00	9.12e-01	6.71e-07	3.62e-07
 3.67128e+22	9.15e-01	8.45e-02	9.47e-05	0.00e+00	0.00e+00	0.00e+00	0.00e+00	0.00e+00	0.00e+00	9.15e-01	6.60e-07	3.54e-07
 3.67250e+22	9.19e-01	8.13e-02	9.31e-05	0.00e+00	0.00e+00	0.00e+00	0.00e+00	0.00e+00	0.00e+00	9.19e-01	6.48e-07	3.47e-07
 3.67375e+22	9.22e-01	7.83e-02	9.17e-05	0.00e+00	0.00e+00	0.00e+00	0.00e+00	0.00e+00	0.00e+00	9.22e-01	6.37e-07	3.40e-07
 3.67499e+22	9.24e-01	7.55e-02	9.07e-05	0.00e+00	0.00e+00	0.00e+00	0.00e+00	0.00e+00	0.00e+00	9.24e-01	6.27e-07	3.33e-07
 3.67620e+22	9.27e-01	7.31e-02	9.00e-05	0.00e+00	0.00e+00	0.00e+00	0.00e+00	0.00e+00	0.00e+00	9.27e-01	6.18e-07	3.27e-07
 3.67739e+22	9.29e-01	7.09e-02	8.94e-05	0.00e+00	0.00e+00	0.00e+00	0.00e+00	0.00e+00	0.00e+00	9.29e-01	6.09e-07	3.22e-07
 3.67857e+22	9.31e-01	6.89e-02	8.91e-05	0.00e+00	0.00e+00	0.00e+00	0.00e+00	0.00e+00	0.00e+00	9.31e-01	6.02e-07	3.16e-07
 3.67976e+22	9.33e-01	6.70e-02	8.88e-05	0.00e+00	0.00e+00	0.00e+00	0.00e+00	0.00e+00	0.00e+00	9.33e-01	5.94e-07	3.12e-07
 3.68096e+22	9.35e-01	6.52e-02	8.87e-05	0.00e+00	0.00e+00	0.00e+00	0.00e+00	0.00e+00	0.00e+00	9.35e-01	5.87e-07	3.07e-07
 3.68218e+22	9.36e-01	6.36e-02	8.86e-05	0.00e+00	0.00e+00	0.00e+00	0.00e+00	0.00e+00	0.00e+00	9.36e-01	5.81e-07	3.03e-07
 3.68342e+22	9.38e-01	6.20e-02	8.86e-05	0.00e+00	0.00e+00	0.00e+00	0.00e+00	0.00e+00	0.00e+00	9.38e-01	5.75e-07	2.99e-07
 3.68468e+22	9.39e-01	6.05e-02	8.87e-05	0.00e+00	0.00e+00	0.00e+00	0.00e+00	0.00e+00	0.00e+00	9.39e-01	5.69e-07	2.95e-07
 3.68598e+22	9.41e-01	5.91e-02	8.88e-05	0.00e+00	0.00e+00	0.00e+00	0.00e+00	0.00e+00	0.00e+00	9.41e-01	5.63e-07	2.91e-07
 3.68731e+22	9.42e-01	5.78e-02	8.89e-05	0.00e+00	0.00e+00	0.00e+00	0.00e+00	0.00e+00	0.00e+00	9.42e-01	5.58e-07	2.88e-07
 3.68868e+22	9.43e-01	5.65e-02	8.92e-05	0.00e+00	0.00e+00	0.00e+00	0.00e+00	0.00e+00	0.00e+00	9.43e-01	5.53e-07	2.84e-07
 3.69005e+22	9.45e-01	5.54e-02	8.94e-05	0.00e+00	0.00e+00	0.00e+00	0.00e+00	0.00e+00	0.00e+00	9.45e-01	5.48e-07	2.82e-07
 3.69149e+22	9.46e-01	5.43e-02	8.96e-05	0.00e+00	0.00e+00	0.00e+00	0.00e+00	0.00e+00	0.00e+00	9.46e-01	5.44e-07	2.79e-07
 3.69305e+22	9.47e-01	5.32e-02	8.98e-05	0.00e+00	0.00e+00	0.00e+00	0.00e+00	0.00e+00	0.00e+00	9.47e-01	5.40e-07	2.76e-07
 3.69456e+22	9.48e-01	5.22e-02	9.01e-05	0.00e+00	0.00e+00	0.00e+00	0.00e+00	0.00e+00	0.00e+00	9.48e-01	5.36e-07	2.73e-07
 3.69594e+22	9.48e-01	5.15e-02	9.04e-05	0.00e+00	0.00e+00	0.00e+00	0.00e+00	0.00e+00	0.00e+00	9.48e-01	5.32e-07	2.71e-07
 3.69720e+22	9.49e-01	5.10e-02	9.05e-05	0.00e+00	0.00e+00	0.00e+00	0.00e+00	0.00e+00	0.00e+00	9.49e-01	5.30e-07	2.69e-07
 3.69858e+22	9.49e-01	5.04e-02	9.08e-05	0.00e+00	0.00e+00	0.00e+00	0.00e+00	0.00e+00	0.00e+00	9.49e-01	5.27e-07	2.67e-07
 3.70006e+22	9.50e-01	4.97e-02	9.10e-05	0.00e+00	0.00e+00	0.00e+00	0.00e+00	0.00e+00	0.00e+00	9.50e-01	5.24e-07	2.65e-07
 3.70141e+22	9.51e-01	4.93e-02	9.10e-05	0.00e+00	0.00e+00	0.00e+00	0.00e+00	0.00e+00	0.00e+00	9.51e-01	5.23e-07	2.64e-07
 3.70289e+22	9.51e-01	4.87e-02	9.12e-05	0.00e+00	0.00e+00	0.00e+00	0.00e+00	0.00e+00	0.00e+00	9.51e-01	5.20e-07	2.62e-07
 3.70449e+22	9.52e-01	4.81e-02	9.13e-05	0.00e+00	0.00e+00	0.00e+00	0.00e+00	0.00e+00	0.00e+00	9.52e-01	5.18e-07	2.61e-07
 3.70624e+22	9.52e-01	4.76e-02	9.14e-05	0.00e+00	0.00e+00	0.00e+00	0.00e+00	0.00e+00	0.00e+00	9.52e-01	5.16e-07	2.59e-07
 3.70852e+22	9.53e-01	4.69e-02	9.15e-05	0.00e+00	0.00e+00	0.00e+00	0.00e+00	0.00e+00	0.00e+00	9.53e-01	5.12e-07	2.58e-07
 3.71148e+22	9.54e-01	4.60e-02	9.16e-05	0.00e+00	0.00e+00	0.00e+00	0.00e+00	0.00e+00	0.00e+00	9.54e-01	5.07e-07	2.55e-07
 3.71468e+22	9.55e-01	4.52e-02	9.16e-05	0.00e+00	0.00e+00	0.00e+00	0.00e+00	0.00e+00	0.00e+00	9.55e-01	5.03e-07	2.53e-07
 3.71759e+22	9.55e-01	4.49e-02	9.15e-05	0.00e+00	0.00e+00	0.00e+00	0.00e+00	0.00e+00	0.00e+00	9.55e-01	5.02e-07	2.53e-07
 3.72077e+22	9.55e-01	4.45e-02	9.16e-05	0.00e+00	0.00e+00	0.00e+00	0.00e+00	0.00e+00	0.00e+00	9.55e-01	4.98e-07	2.51e-07
 3.72421e+22	9.56e-01	4.41e-02	9.16e-05	0.00e+00	0.00e+00	0.00e+00	0.00e+00	0.00e+00	0.00e+00	9.56e-01	4.97e-07	2.50e-07
 3.72798e+22	9.56e-01	4.36e-02	9.16e-05	0.00e+00	0.00e+00	0.00e+00	0.00e+00	0.00e+00	0.00e+00	9.56e-01	4.94e-07	2.48e-07
 3.73289e+22	9.57e-01	4.29e-02	9.15e-05	0.00e+00	0.00e+00	0.00e+00	0.00e+00	0.00e+00	0.00e+00	9.57e-01	4.90e-07	2.47e-07
 3.73818e+22	9.57e-01	4.26e-02	9.13e-05	0.00e+00	0.00e+00	0.00e+00	0.00e+00	0.00e+00	0.00e+00	9.57e-01	4.89e-07	2.46e-07
 3.74398e+22	9.58e-01	4.20e-02	9.12e-05	0.00e+00	0.00e+00	0.00e+00	0.00e+00	0.00e+00	0.00e+00	9.58e-01	4.86e-07	2.44e-07
 3.75024e+22	9.58e-01	4.16e-02	9.10e-05	0.00e+00	0.00e+00	0.00e+00	0.00e+00	0.00e+00	0.00e+00	9.58e-01	4.85e-07	2.43e-07
 3.75710e+22	9.59e-01	4.11e-02	9.08e-05	0.00e+00	0.00e+00	0.00e+00	0.00e+00	0.00e+00	0.00e+00	9.59e-01	4.82e-07	2.41e-07
 3.76450e+22	9.59e-01	4.06e-02	9.05e-05	0.00e+00	0.00e+00	0.00e+00	0.00e+00	0.00e+00	0.00e+00	9.59e-01	4.81e-07	2.40e-07
 3.77262e+22	9.60e-01	4.01e-02	9.02e-05	0.00e+00	0.00e+00	0.00e+00	0.00e+00	0.00e+00	0.00e+00	9.60e-01	4.79e-07	2.38e-07
 3.78138e+22	9.60e-01	3.96e-02	8.98e-05	0.00e+00	0.00e+00	0.00e+00	0.00e+00	0.00e+00	0.00e+00	9.60e-01	4.78e-07	2.37e-07
 3.79098e+22	9.61e-01	3.90e-02	8.95e-05	0.00e+00	0.00e+00	0.00e+00	0.00e+00	0.00e+00	0.00e+00	9.61e-01	4.75e-07	2.35e-07
 3.80134e+22	9.61e-01	3.85e-02	8.90e-05	0.00e+00	0.00e+00	0.00e+00	0.00e+00	0.00e+00	0.00e+00	9.61e-01	4.74e-07	2.33e-07
 3.81270e+22	9.62e-01	3.78e-02	8.85e-05	0.00e+00	0.00e+00	0.00e+00	0.00e+00	0.00e+00	0.00e+00	9.62e-01	4.71e-07	2.31e-07
 3.82496e+22	9.63e-01	3.72e-02	8.79e-05	0.00e+00	0.00e+00	0.00e+00	0.00e+00	0.00e+00	0.00e+00	9.63e-01	4.70e-07	2.29e-07
 3.83612e+22	9.63e-01	3.67e-02	8.74e-05	0.00e+00	0.00e+00	0.00e+00	0.00e+00	0.00e+00	0.00e+00	9.63e-01	4.69e-07	2.28e-07
 3.84835e+22	9.64e-01	3.60e-02	8.68e-05	0.00e+00	0.00e+00	0.00e+00	0.00e+00	0.00e+00	0.00e+00	9.64e-01	4.66e-07	2.25e-07
 3.86155e+22	9.65e-01	3.54e-02	8.61e-05	0.00e+00	0.00e+00	0.00e+00	0.00e+00	0.00e+00	0.00e+00	9.65e-01	4.65e-07	2.24e-07
 3.87356e+22	9.65e-01	3.48e-02	8.55e-05	0.00e+00	0.00e+00	0.00e+00	0.00e+00	0.00e+00	0.00e+00	9.65e-01	4.64e-07	2.22e-07
 3.88449e+22	9.65e-01	3.44e-02	8.49e-05	0.00e+00	0.00e+00	0.00e+00	0.00e+00	0.00e+00	0.00e+00	9.65e-01	4.64e-07	2.21e-07
 3.89646e+22	9.66e-01	3.37e-02	8.42e-05	0.00e+00	0.00e+00	0.00e+00	0.00e+00	0.00e+00	0.00e+00	9.66e-01	4.61e-07	2.18e-07
 3.90940e+22	9.67e-01	3.31e-02	8.33e-05	0.00e+00	0.00e+00	0.00e+00	0.00e+00	0.00e+00	0.00e+00	9.67e-01	4.60e-07	2.16e-07
 3.92116e+22	9.67e-01	3.26e-02	8.26e-05	0.00e+00	0.00e+00	0.00e+00	0.00e+00	0.00e+00	0.00e+00	9.67e-01	4.59e-07	2.15e-07
 3.93187e+22	9.68e-01	3.22e-02	8.19e-05	0.00e+00	0.00e+00	0.00e+00	0.00e+00	0.00e+00	0.00e+00	9.68e-01	4.58e-07	2.13e-07
 3.94360e+22	9.68e-01	3.15e-02	8.10e-05	0.00e+00	0.00e+00	0.00e+00	0.00e+00	0.00e+00	0.00e+00	9.68e-01	4.55e-07	2.11e-07
 3.95627e+22	9.69e-01	3.10e-02	8.02e-05	0.00e+00	0.00e+00	0.00e+00	0.00e+00	0.00e+00	0.00e+00	9.69e-01	4.54e-07	2.09e-07
 3.96780e+22	9.69e-01	3.06e-02	7.95e-05	0.00e+00	0.00e+00	0.00e+00	0.00e+00	0.00e+00	0.00e+00	9.69e-01	4.54e-07	2.08e-07
 3.98043e+22	9.70e-01	2.99e-02	7.87e-05	0.00e+00	0.00e+00	0.00e+00	0.00e+00	0.00e+00	0.00e+00	9.70e-01	4.51e-07	2.05e-07
 3.99407e+22	9.71e-01	2.94e-02	7.79e-05	0.00e+00	0.00e+00	0.00e+00	0.00e+00	0.00e+00	0.00e+00	9.71e-01	4.51e-07	2.03e-07
 4.00648e+22	9.71e-01	2.89e-02	7.72e-05	0.00e+00	0.00e+00	0.00e+00	0.00e+00	0.00e+00	0.00e+00	9.71e-01	4.50e-07	2.02e-07
 4.01777e+22	9.71e-01	2.86e-02	7.65e-05	0.00e+00	0.00e+00	0.00e+00	0.00e+00	0.00e+00	0.00e+00	9.71e-01	4.50e-07	2.00e-07
 4.03014e+22	9.72e-01	2.79e-02	7.57e-05	0.00e+00	0.00e+00	0.00e+00	0.00e+00	0.00e+00	0.00e+00	9.72e-01	4.47e-07	1.98e-07
 4.04350e+22	9.72e-01	2.75e-02	7.50e-05	0.00e+00	0.00e+00	0.00e+00	0.00e+00	0.00e+00	0.00e+00	9.72e-01	4.47e-07	1.96e-07
 4.05566e+22	9.73e-01	2.71e-02	7.43e-05	0.00e+00	0.00e+00	0.00e+00	0.00e+00	0.00e+00	0.00e+00	9.73e-01	4.47e-07	1.95e-07
 4.06898e+22	9.73e-01	2.65e-02	7.35e-05	0.00e+00	0.00e+00	0.00e+00	0.00e+00	0.00e+00	0.00e+00	9.73e-01	4.44e-07	1.92e-07
 4.08336e+22	9.74e-01	2.60e-02	7.28e-05	0.00e+00	0.00e+00	0.00e+00	0.00e+00	0.00e+00	0.00e+00	9.74e-01	4.44e-07	1.90e-07
 4.09645e+22	9.74e-01	2.56e-02	7.21e-05	0.00e+00	0.00e+00	0.00e+00	0.00e+00	0.00e+00	0.00e+00	9.74e-01	4.44e-07	1.89e-07
 4.10836e+22	9.75e-01	2.53e-02	7.15e-05	0.00e+00	0.00e+00	0.00e+00	0.00e+00	0.00e+00	0.00e+00	9.75e-01	4.42e-07	1.87e-07
 4.12141e+22	9.75e-01	2.48e-02	7.08e-05	0.00e+00	0.00e+00	0.00e+00	0.00e+00	0.00e+00	0.00e+00	9.75e-01	4.36e-07	1.84e-07
 4.13550e+22	9.75e-01	2.45e-02	7.01e-05	0.00e+00	0.00e+00	0.00e+00	0.00e+00	0.00e+00	0.00e+00	9.75e-01	4.33e-07	1.81e-07
 4.15094e+22	9.76e-01	2.40e-02	6.94e-05	0.00e+00	0.00e+00	0.00e+00	0.00e+00	0.00e+00	0.00e+00	9.76e-01	4.27e-07	1.78e-07
 4.16760e+22	9.76e-01	2.35e-02	6.86e-05	0.00e+00	0.00e+00	0.00e+00	0.00e+00	0.00e+00	0.00e+00	9.76e-01	4.24e-07	1.75e-07
 4.18277e+22	9.77e-01	2.32e-02	6.79e-05	0.00e+00	0.00e+00	0.00e+00	0.00e+00	0.00e+00	0.00e+00	9.77e-01	4.22e-07	1.73e-07
 4.19939e+22	9.77e-01	2.27e-02	6.71e-05	0.00e+00	0.00e+00	0.00e+00	0.00e+00	0.00e+00	0.00e+00	9.77e-01	4.16e-07	1.68e-07
 4.21733e+22	9.78e-01	2.22e-02	6.63e-05	0.00e+00	0.00e+00	0.00e+00	0.00e+00	0.00e+00	0.00e+00	9.78e-01	4.13e-07	1.65e-07
 4.23366e+22	9.78e-01	2.19e-02	6.56e-05	0.00e+00	0.00e+00	0.00e+00	0.00e+00	0.00e+00	0.00e+00	9.78e-01	4.11e-07	1.63e-07
 4.25155e+22	9.79e-01	2.14e-02	6.48e-05	0.00e+00	0.00e+00	0.00e+00	0.00e+00	0.00e+00	0.00e+00	9.79e-01	4.05e-07	1.59e-07
 4.27087e+22	9.79e-01	2.10e-02	6.40e-05	0.00e+00	0.00e+00	0.00e+00	0.00e+00	0.00e+00	0.00e+00	9.79e-01	4.02e-07	1.56e-07
 4.28844e+22	9.79e-01	2.06e-02	6.33e-05	0.00e+00	0.00e+00	0.00e+00	0.00e+00	0.00e+00	0.00e+00	9.79e-01	4.01e-07	1.53e-07
 4.30771e+22	9.80e-01	2.01e-02	6.25e-05	0.00e+00	0.00e+00	0.00e+00	0.00e+00	0.00e+00	0.00e+00	9.80e-01	3.95e-07	1.49e-07
 4.32850e+22	9.80e-01	1.97e-02	6.17e-05	0.00e+00	0.00e+00	0.00e+00	0.00e+00	0.00e+00	0.00e+00	9.80e-01	3.92e-07	1.46e-07
 4.34742e+22	9.81e-01	1.94e-02	6.10e-05	0.00e+00	0.00e+00	0.00e+00	0.00e+00	0.00e+00	0.00e+00	9.81e-01	3.90e-07	1.44e-07
 4.36816e+22	9.81e-01	1.89e-02	6.02e-05	0.00e+00	0.00e+00	0.00e+00	0.00e+00	0.00e+00	0.00e+00	9.81e-01	3.83e-07	1.40e-07
 4.39054e+22	9.81e-01	1.85e-02	5.94e-05	0.00e+00	0.00e+00	0.00e+00	0.00e+00	0.00e+00	0.00e+00	9.81e-01	3.80e-07	1.36e-07
 4.41091e+22	9.82e-01	1.81e-02	5.86e-05	0.00e+00	0.00e+00	0.00e+00	0.00e+00	0.00e+00	0.00e+00	9.82e-01	3.77e-07	1.34e-07
 4.42945e+22	9.82e-01	1.78e-02	5.80e-05	0.00e+00	0.00e+00	0.00e+00	0.00e+00	0.00e+00	0.00e+00	9.82e-01	3.76e-07	1.32e-07
 4.44976e+22	9.83e-01	1.74e-02	5.73e-05	0.00e+00	0.00e+00	0.00e+00	0.00e+00	0.00e+00	0.00e+00	9.83e-01	3.69e-07	1.28e-07
 4.47169e+22	9.83e-01	1.70e-02	5.65e-05	0.00e+00	0.00e+00	0.00e+00	0.00e+00	0.00e+00	0.00e+00	9.83e-01	3.66e-07	1.25e-07
 4.49165e+22	9.83e-01	1.68e-02	5.59e-05	0.00e+00	0.00e+00	0.00e+00	0.00e+00	0.00e+00	0.00e+00	9.83e-01	3.65e-07	1.23e-07
 4.51352e+22	9.84e-01	1.63e-02	5.51e-05	0.00e+00	0.00e+00	0.00e+00	0.00e+00	0.00e+00	0.00e+00	9.84e-01	3.58e-07	1.19e-07
 4.53712e+22	9.84e-01	1.60e-02	5.44e-05	0.00e+00	0.00e+00	0.00e+00	0.00e+00	0.00e+00	0.00e+00	9.84e-01	3.54e-07	1.16e-07
 4.55861e+22	9.84e-01	1.57e-02	5.37e-05	0.00e+00	0.00e+00	0.00e+00	0.00e+00	0.00e+00	0.00e+00	9.84e-01	3.52e-07	1.13e-07
 4.58215e+22	9.85e-01	1.53e-02	5.30e-05	0.00e+00	0.00e+00	0.00e+00	0.00e+00	0.00e+00	0.00e+00	9.85e-01	3.45e-07	1.10e-07
 4.60756e+22	9.85e-01	1.49e-02	5.22e-05	0.00e+00	0.00e+00	0.00e+00	0.00e+00	0.00e+00	0.00e+00	9.85e-01	3.42e-07	1.07e-07
 4.63069e+22	9.85e-01	1.47e-02	5.16e-05	0.00e+00	0.00e+00	0.00e+00	0.00e+00	0.00e+00	0.00e+00	9.85e-01	3.39e-07	1.04e-07
 4.65174e+22	9.86e-01	1.44e-02	5.10e-05	0.00e+00	0.00e+00	0.00e+00	0.00e+00	0.00e+00	0.00e+00	9.86e-01	3.38e-07	1.02e-07
 4.67480e+22	9.86e-01	1.41e-02	5.03e-05	0.00e+00	0.00e+00	0.00e+00	0.00e+00	0.00e+00	0.00e+00	9.86e-01	3.32e-07	9.94e-08
 4.69970e+22	9.86e-01	1.38e-02	4.96e-05	0.00e+00	0.00e+00	0.00e+00	0.00e+00	0.00e+00	0.00e+00	9.86e-01	3.29e-07	9.71e-08
 4.72235e+22	9.86e-01	1.35e-02	4.90e-05	0.00e+00	0.00e+00	0.00e+00	0.00e+00	0.00e+00	0.00e+00	9.86e-01	3.28e-07	9.53e-08
 4.74718e+22	9.87e-01	1.32e-02	4.84e-05	0.00e+00	0.00e+00	0.00e+00	0.00e+00	0.00e+00	0.00e+00	9.87e-01	3.22e-07	9.25e-08
 4.77398e+22	9.87e-01	1.29e-02	4.77e-05	0.00e+00	0.00e+00	0.00e+00	0.00e+00	0.00e+00	0.00e+00	9.87e-01	3.20e-07	9.03e-08
 4.79837e+22	9.87e-01	1.27e-02	4.71e-05	0.00e+00	0.00e+00	0.00e+00	0.00e+00	0.00e+00	0.00e+00	9.87e-01	3.18e-07	8.83e-08
 4.82510e+22	9.88e-01	1.23e-02	4.64e-05	0.00e+00	0.00e+00	0.00e+00	0.00e+00	0.00e+00	0.00e+00	9.88e-01	3.12e-07	8.51e-08
 4.85395e+22	9.88e-01	1.21e-02	4.57e-05	0.00e+00	0.00e+00	0.00e+00	0.00e+00	0.00e+00	0.00e+00	9.88e-01	3.10e-07	8.28e-08
 4.88021e+22	9.88e-01	1.18e-02	4.51e-05	0.00e+00	0.00e+00	0.00e+00	0.00e+00	0.00e+00	0.00e+00	9.88e-01	3.08e-07	8.08e-08
 4.90898e+22	9.88e-01	1.15e-02	4.44e-05	0.00e+00	0.00e+00	0.00e+00	0.00e+00	0.00e+00	0.00e+00	9.88e-01	3.02e-07	7.79e-08
 4.94004e+22	9.89e-01	1.12e-02	4.37e-05	0.00e+00	0.00e+00	0.00e+00	0.00e+00	0.00e+00	0.00e+00	9.89e-01	3.00e-07	7.57e-08
 4.96831e+22	9.89e-01	1.10e-02	4.31e-05	0.00e+00	0.00e+00	0.00e+00	0.00e+00	0.00e+00	0.00e+00	9.89e-01	2.97e-07	7.37e-08
 4.99928e+22	9.89e-01	1.07e-02	4.24e-05	0.00e+00	0.00e+00	0.00e+00	0.00e+00	0.00e+00	0.00e+00	9.89e-01	2.91e-07	7.10e-08
