#depth	He	He+	He+2
 1.54284e+19	1.08e-08	1.25e-03	9.99e-01
 9.25702e+19	1.21e-08	1.33e-03	9.99e-01
 2.19083e+20	1.47e-08	1.47e-03	9.99e-01
 3.43658e+20	1.81e-08	1.61e-03	9.98e-01
 4.35866e+20	2.09e-08	1.72e-03	9.98e-01
 4.93725e+20	2.28e-08	1.79e-03	9.98e-01
 5.52210e+20	2.49e-08	1.86e-03	9.98e-01
 6.28240e+20	2.79e-08	1.95e-03	9.98e-01
 7.27079e+20	3.21e-08	2.08e-03	9.98e-01
 8.31335e+20	3.70e-08	2.22e-03	9.98e-01
 9.19493e+20	4.14e-08	2.34e-03	9.98e-01
 1.01096e+21	4.64e-08	2.46e-03	9.98e-01
 1.12986e+21	5.37e-08	2.64e-03	9.97e-01
 1.24909e+21	6.16e-08	2.81e-03	9.97e-01
 1.33507e+21	6.77e-08	2.94e-03	9.97e-01
 1.41315e+21	7.38e-08	3.06e-03	9.97e-01
 1.51465e+21	8.23e-08	3.22e-03	9.97e-01
 1.62458e+21	9.21e-08	3.40e-03	9.97e-01
 1.72242e+21	1.02e-07	3.56e-03	9.96e-01
 1.82656e+21	1.12e-07	3.74e-03	9.96e-01
 1.96194e+21	1.28e-07	3.98e-03	9.96e-01
 2.09926e+21	1.45e-07	4.23e-03	9.96e-01
 2.20718e+21	1.59e-07	4.42e-03	9.96e-01
 2.31552e+21	1.75e-07	4.63e-03	9.95e-01
 2.45637e+21	1.97e-07	4.91e-03	9.95e-01
 2.60632e+21	2.23e-07	5.21e-03	9.95e-01
 2.73485e+21	2.47e-07	5.47e-03	9.95e-01
 2.86870e+21	2.75e-07	5.76e-03	9.94e-01
 3.04271e+21	3.14e-07	6.14e-03	9.94e-01
 3.22250e+21	3.58e-07	6.54e-03	9.93e-01
 3.36950e+21	3.96e-07	6.88e-03	9.93e-01
 3.52030e+21	4.40e-07	7.24e-03	9.93e-01
 3.71633e+21	5.03e-07	7.73e-03	9.92e-01
 3.92475e+21	5.76e-07	8.25e-03	9.92e-01
 4.10475e+21	6.44e-07	8.72e-03	9.91e-01
 4.29422e+21	7.24e-07	9.24e-03	9.91e-01
 4.49168e+21	8.14e-07	9.78e-03	9.90e-01
 4.65526e+21	8.93e-07	1.02e-02	9.90e-01
 4.82362e+21	9.84e-07	1.07e-02	9.89e-01
 5.04250e+21	1.11e-06	1.14e-02	9.89e-01
 5.26509e+21	1.25e-06	1.21e-02	9.88e-01
 5.44673e+21	1.38e-06	1.27e-02	9.87e-01
 5.63709e+21	1.52e-06	1.34e-02	9.87e-01
 5.88456e+21	1.73e-06	1.43e-02	9.86e-01
 6.13626e+21	1.95e-06	1.52e-02	9.85e-01
 6.34432e+21	2.15e-06	1.59e-02	9.84e-01
 6.56568e+21	2.39e-06	1.68e-02	9.83e-01
 6.85344e+21	2.73e-06	1.81e-02	9.82e-01
 7.14503e+21	3.10e-06	1.93e-02	9.81e-01
 7.38897e+21	3.45e-06	2.05e-02	9.80e-01
 7.65347e+21	3.88e-06	2.18e-02	9.78e-01
 7.94187e+21	4.37e-06	2.33e-02	9.77e-01
 8.20864e+21	4.87e-06	2.48e-02	9.75e-01
 8.46268e+21	5.40e-06	2.63e-02	9.74e-01
 8.75283e+21	6.10e-06	2.82e-02	9.72e-01
 9.07396e+21	6.91e-06	3.03e-02	9.70e-01
 9.37028e+21	7.75e-06	3.25e-02	9.68e-01
 9.64737e+21	8.63e-06	3.47e-02	9.65e-01
 9.96455e+21	9.79e-06	3.75e-02	9.63e-01
 1.03148e+22	1.12e-05	4.08e-02	9.59e-01
 1.06356e+22	1.26e-05	4.41e-02	9.56e-01
 1.09322e+22	1.41e-05	4.76e-02	9.52e-01
 1.12697e+22	1.62e-05	5.21e-02	9.48e-01
 1.16378e+22	1.87e-05	5.75e-02	9.42e-01
 1.19679e+22	2.12e-05	6.32e-02	9.37e-01
 1.22690e+22	2.40e-05	6.90e-02	9.31e-01
 1.26105e+22	2.77e-05	7.67e-02	9.23e-01
 1.29810e+22	3.25e-05	8.64e-02	9.14e-01
 1.33079e+22	3.75e-05	9.67e-02	9.03e-01
 1.35998e+22	4.30e-05	1.07e-01	8.93e-01
 1.39275e+22	5.05e-05	1.22e-01	8.78e-01
 1.42811e+22	6.04e-05	1.40e-01	8.60e-01
 1.45886e+22	7.11e-05	1.60e-01	8.40e-01
 1.48435e+22	8.11e-05	1.80e-01	8.20e-01
 1.51099e+22	9.51e-05	2.04e-01	7.96e-01
 1.53933e+22	1.13e-04	2.35e-01	7.65e-01
 1.56200e+22	1.31e-04	2.64e-01	7.36e-01
 1.57874e+22	1.45e-04	2.88e-01	7.12e-01
 1.59565e+22	1.62e-04	3.14e-01	6.85e-01
 1.61762e+22	1.87e-04	3.52e-01	6.48e-01
 1.64041e+22	2.16e-04	3.95e-01	6.05e-01
 1.65954e+22	2.43e-04	4.34e-01	5.66e-01
 1.67971e+22	2.76e-04	4.78e-01	5.22e-01
 1.70166e+22	3.13e-04	5.26e-01	4.74e-01
 1.72166e+22	3.49e-04	5.69e-01	4.30e-01
 1.74340e+22	3.92e-04	6.16e-01	3.84e-01
 1.76662e+22	4.37e-04	6.62e-01	3.37e-01
 1.78692e+22	4.77e-04	7.00e-01	3.00e-01
 1.80846e+22	5.21e-04	7.36e-01	2.63e-01
 1.83224e+22	5.69e-04	7.72e-01	2.28e-01
 1.85280e+22	6.09e-04	7.98e-01	2.01e-01
 1.87337e+22	6.50e-04	8.22e-01	1.78e-01
 1.90011e+22	7.02e-04	8.48e-01	1.51e-01
 1.92975e+22	7.58e-04	8.72e-01	1.28e-01
 1.95827e+22	8.11e-04	8.90e-01	1.09e-01
 1.98704e+22	8.63e-04	9.06e-01	9.33e-02
 2.01839e+22	9.20e-04	9.20e-01	7.95e-02
 2.05317e+22	9.81e-04	9.32e-01	6.71e-02
 2.09104e+22	1.05e-03	9.43e-01	5.64e-02
 2.13228e+22	1.12e-03	9.52e-01	4.73e-02
 2.17819e+22	1.20e-03	9.59e-01	3.93e-02
 2.23090e+22	1.29e-03	9.66e-01	3.23e-02
 2.28600e+22	1.39e-03	9.72e-01	2.68e-02
 2.33893e+22	1.48e-03	9.76e-01	2.26e-02
 2.39918e+22	1.60e-03	9.79e-01	1.89e-02
 2.47749e+22	1.75e-03	9.83e-01	1.53e-02
 2.55877e+22	1.92e-03	9.86e-01	1.25e-02
 2.62767e+22	2.08e-03	9.87e-01	1.08e-02
 2.69096e+22	2.23e-03	9.88e-01	9.47e-03
 2.74242e+22	2.37e-03	9.89e-01	8.61e-03
 2.77720e+22	2.47e-03	9.89e-01	8.10e-03
 2.81110e+22	2.57e-03	9.90e-01	7.63e-03
 2.85517e+22	2.71e-03	9.90e-01	7.06e-03
 2.89971e+22	2.87e-03	9.91e-01	6.58e-03
 2.93313e+22	3.00e-03	9.91e-01	6.26e-03
 2.95879e+22	3.11e-03	9.91e-01	6.03e-03
 2.98608e+22	3.23e-03	9.91e-01	5.79e-03
 3.02155e+22	3.40e-03	9.91e-01	5.50e-03
 3.05582e+22	3.59e-03	9.91e-01	5.24e-03
 3.07927e+22	3.73e-03	9.91e-01	5.09e-03
 3.09696e+22	3.86e-03	9.91e-01	4.98e-03
 3.11643e+22	4.00e-03	9.91e-01	4.85e-03
 3.14174e+22	4.18e-03	9.91e-01	4.69e-03
 3.16711e+22	4.40e-03	9.91e-01	4.55e-03
 3.18586e+22	4.57e-03	9.91e-01	4.45e-03
 3.20048e+22	4.73e-03	9.91e-01	4.38e-03
 3.21645e+22	4.91e-03	9.91e-01	4.29e-03
 3.23722e+22	5.14e-03	9.91e-01	4.18e-03
 3.25777e+22	5.42e-03	9.90e-01	4.08e-03
 3.27260e+22	5.64e-03	9.90e-01	4.02e-03
 3.28418e+22	5.84e-03	9.90e-01	3.97e-03
 3.29697e+22	6.06e-03	9.90e-01	3.91e-03
 3.31360e+22	6.36e-03	9.90e-01	3.84e-03
 3.33033e+22	6.72e-03	9.90e-01	3.76e-03
 3.34284e+22	7.03e-03	9.89e-01	3.71e-03
 3.35277e+22	7.30e-03	9.89e-01	3.67e-03
 3.36371e+22	7.60e-03	9.89e-01	3.62e-03
 3.37793e+22	8.04e-03	9.88e-01	3.57e-03
 3.39234e+22	8.57e-03	9.88e-01	3.51e-03
 3.40330e+22	9.04e-03	9.87e-01	3.47e-03
 3.41220e+22	9.45e-03	9.87e-01	3.44e-03
 3.42211e+22	9.94e-03	9.87e-01	3.40e-03
 3.43500e+22	1.06e-02	9.86e-01	3.35e-03
 3.44823e+22	1.15e-02	9.85e-01	3.29e-03
 3.45815e+22	1.23e-02	9.84e-01	3.27e-03
 3.46563e+22	1.30e-02	9.84e-01	3.24e-03
 3.47368e+22	1.38e-02	9.83e-01	3.21e-03
 3.48415e+22	1.49e-02	9.82e-01	3.17e-03
 3.49499e+22	1.64e-02	9.80e-01	3.13e-03
 3.50336e+22	1.78e-02	9.79e-01	3.10e-03
 3.50982e+22	1.91e-02	9.78e-01	3.09e-03
 3.51676e+22	2.05e-02	9.76e-01	3.07e-03
 3.52445e+22	2.25e-02	9.75e-01	3.04e-03
 3.53111e+22	2.45e-02	9.73e-01	3.03e-03
 3.53635e+22	2.63e-02	9.71e-01	3.02e-03
 3.54178e+22	2.83e-02	9.69e-01	3.01e-03
 3.54786e+22	3.10e-02	9.66e-01	3.00e-03
 3.55332e+22	3.39e-02	9.63e-01	3.00e-03
 3.55783e+22	3.67e-02	9.60e-01	3.00e-03
 3.56191e+22	3.95e-02	9.58e-01	3.00e-03
 3.56656e+22	4.28e-02	9.54e-01	3.01e-03
 3.57177e+22	4.75e-02	9.50e-01	3.01e-03
 3.57637e+22	5.23e-02	9.45e-01	3.04e-03
 3.58010e+22	5.68e-02	9.40e-01	3.06e-03
 3.58405e+22	6.19e-02	9.35e-01	3.08e-03
 3.58774e+22	6.78e-02	9.29e-01	3.11e-03
 3.59007e+22	7.19e-02	9.25e-01	3.13e-03
 3.59182e+22	7.53e-02	9.22e-01	3.14e-03
 3.59385e+22	7.94e-02	9.17e-01	3.15e-03
 3.59631e+22	8.45e-02	9.12e-01	3.18e-03
 3.59890e+22	9.05e-02	9.06e-01	3.21e-03
 3.60135e+22	9.67e-02	9.00e-01	3.25e-03
 3.60359e+22	1.03e-01	8.94e-01	3.29e-03
 3.60584e+22	1.10e-01	8.87e-01	3.32e-03
 3.60824e+22	1.17e-01	8.79e-01	3.37e-03
 3.61074e+22	1.26e-01	8.71e-01	3.42e-03
 3.61321e+22	1.36e-01	8.61e-01	3.48e-03
 3.61567e+22	1.46e-01	8.51e-01	3.55e-03
 3.61822e+22	1.58e-01	8.39e-01	3.62e-03
 3.62074e+22	1.70e-01	8.26e-01	3.70e-03
 3.62264e+22	1.81e-01	8.15e-01	3.78e-03
 3.62377e+22	1.88e-01	8.08e-01	3.80e-03
 3.62481e+22	1.95e-01	8.01e-01	3.81e-03
 3.62617e+22	2.04e-01	7.92e-01	3.83e-03
 3.62775e+22	2.14e-01	7.82e-01	3.88e-03
 3.62923e+22	2.24e-01	7.72e-01	3.95e-03
 3.63048e+22	2.34e-01	7.62e-01	3.98e-03
 3.63165e+22	2.43e-01	7.53e-01	4.02e-03
 3.63296e+22	2.53e-01	7.43e-01	4.05e-03
 3.63440e+22	2.65e-01	7.31e-01	4.11e-03
 3.63574e+22	2.77e-01	7.19e-01	4.16e-03
 3.63688e+22	2.87e-01	7.09e-01	4.20e-03
 3.63804e+22	2.98e-01	6.97e-01	4.22e-03
 3.63934e+22	3.11e-01	6.85e-01	4.26e-03
 3.64067e+22	3.24e-01	6.72e-01	4.31e-03
 3.64189e+22	3.36e-01	6.59e-01	4.35e-03
 3.64302e+22	3.49e-01	6.47e-01	4.37e-03
 3.64421e+22	3.62e-01	6.34e-01	4.39e-03
 3.64549e+22	3.76e-01	6.20e-01	4.43e-03
 3.64675e+22	3.90e-01	6.05e-01	4.46e-03
 3.64793e+22	4.04e-01	5.91e-01	4.49e-03
 3.64906e+22	4.19e-01	5.77e-01	4.49e-03
 3.65025e+22	4.34e-01	5.62e-01	4.50e-03
 3.65149e+22	4.49e-01	5.46e-01	4.50e-03
 3.65270e+22	4.65e-01	5.31e-01	4.51e-03
 3.65385e+22	4.80e-01	5.15e-01	4.50e-03
 3.65500e+22	4.96e-01	5.00e-01	4.48e-03
 3.65621e+22	5.12e-01	4.83e-01	4.46e-03
 3.65744e+22	5.29e-01	4.67e-01	4.44e-03
 3.65860e+22	5.44e-01	4.51e-01	4.42e-03
 3.65971e+22	5.60e-01	4.36e-01	4.37e-03
 3.66084e+22	5.76e-01	4.20e-01	4.32e-03
 3.66203e+22	5.92e-01	4.04e-01	4.27e-03
 3.66321e+22	6.08e-01	3.88e-01	4.22e-03
 3.66432e+22	6.23e-01	3.72e-01	4.15e-03
 3.66542e+22	6.39e-01	3.57e-01	4.07e-03
 3.66659e+22	6.55e-01	3.42e-01	3.98e-03
 3.66779e+22	6.70e-01	3.26e-01	3.89e-03
 3.66897e+22	6.85e-01	3.11e-01	3.80e-03
 3.67011e+22	6.99e-01	2.97e-01	3.70e-03
 3.67128e+22	7.14e-01	2.83e-01	3.60e-03
 3.67250e+22	7.28e-01	2.68e-01	3.49e-03
 3.67375e+22	7.42e-01	2.55e-01	3.38e-03
 3.67499e+22	7.55e-01	2.41e-01	3.26e-03
 3.67620e+22	7.68e-01	2.29e-01	3.15e-03
 3.67739e+22	7.80e-01	2.17e-01	3.03e-03
 3.67857e+22	7.91e-01	2.06e-01	2.92e-03
 3.67976e+22	8.01e-01	1.96e-01	2.80e-03
 3.68096e+22	8.11e-01	1.86e-01	2.69e-03
 3.68218e+22	8.20e-01	1.77e-01	2.59e-03
 3.68342e+22	8.29e-01	1.68e-01	2.48e-03
 3.68468e+22	8.38e-01	1.60e-01	2.38e-03
 3.68598e+22	8.46e-01	1.52e-01	2.28e-03
 3.68731e+22	8.53e-01	1.45e-01	2.19e-03
 3.68868e+22	8.60e-01	1.38e-01	2.10e-03
 3.69005e+22	8.66e-01	1.32e-01	2.01e-03
 3.69149e+22	8.72e-01	1.26e-01	1.93e-03
 3.69305e+22	8.78e-01	1.20e-01	1.85e-03
 3.69456e+22	8.83e-01	1.15e-01	1.78e-03
 3.69594e+22	8.87e-01	1.11e-01	1.72e-03
 3.69720e+22	8.90e-01	1.08e-01	1.67e-03
 3.69858e+22	8.94e-01	1.04e-01	1.61e-03
 3.70006e+22	8.97e-01	1.01e-01	1.57e-03
 3.70141e+22	8.99e-01	9.90e-02	1.53e-03
 3.70289e+22	9.02e-01	9.62e-02	1.48e-03
 3.70449e+22	9.04e-01	9.43e-02	1.46e-03
 3.70624e+22	9.07e-01	9.19e-02	1.42e-03
 3.70852e+22	9.09e-01	8.98e-02	1.39e-03
 3.71148e+22	9.11e-01	8.74e-02	1.35e-03
 3.71468e+22	9.13e-01	8.56e-02	1.32e-03
 3.71759e+22	9.15e-01	8.40e-02	1.29e-03
 3.72077e+22	9.16e-01	8.25e-02	1.26e-03
 3.72421e+22	9.17e-01	8.16e-02	1.25e-03
 3.72798e+22	9.18e-01	8.04e-02	1.22e-03
 3.73289e+22	9.20e-01	7.93e-02	1.19e-03
 3.73818e+22	9.20e-01	7.87e-02	1.18e-03
 3.74398e+22	9.21e-01	7.76e-02	1.15e-03
 3.75024e+22	9.22e-01	7.69e-02	1.13e-03
 3.75710e+22	9.23e-01	7.60e-02	1.11e-03
 3.76450e+22	9.24e-01	7.53e-02	1.09e-03
 3.77262e+22	9.25e-01	7.44e-02	1.06e-03
 3.78138e+22	9.25e-01	7.36e-02	1.04e-03
 3.79098e+22	9.26e-01	7.27e-02	1.01e-03
 3.80134e+22	9.27e-01	7.18e-02	9.85e-04
 3.81270e+22	9.28e-01	7.07e-02	9.54e-04
 3.82496e+22	9.29e-01	6.96e-02	9.26e-04
 3.83612e+22	9.30e-01	6.88e-02	9.02e-04
 3.84835e+22	9.32e-01	6.76e-02	8.72e-04
 3.86155e+22	9.33e-01	6.66e-02	8.45e-04
 3.87356e+22	9.33e-01	6.57e-02	8.22e-04
 3.88449e+22	9.34e-01	6.50e-02	8.03e-04
 3.89646e+22	9.35e-01	6.38e-02	7.74e-04
 3.90940e+22	9.36e-01	6.29e-02	7.51e-04
 3.92116e+22	9.37e-01	6.20e-02	7.31e-04
 3.93187e+22	9.38e-01	6.13e-02	7.14e-04
 3.94360e+22	9.39e-01	6.02e-02	6.89e-04
 3.95627e+22	9.40e-01	5.94e-02	6.69e-04
 3.96780e+22	9.41e-01	5.86e-02	6.52e-04
 3.98043e+22	9.42e-01	5.76e-02	6.29e-04
 3.99407e+22	9.43e-01	5.67e-02	6.10e-04
 4.00648e+22	9.43e-01	5.60e-02	5.94e-04
 4.01777e+22	9.44e-01	5.54e-02	5.80e-04
 4.03014e+22	9.45e-01	5.44e-02	5.60e-04
 4.04350e+22	9.46e-01	5.36e-02	5.44e-04
 4.05566e+22	9.47e-01	5.29e-02	5.30e-04
 4.06898e+22	9.47e-01	5.20e-02	5.12e-04
 4.08336e+22	9.48e-01	5.12e-02	4.96e-04
 4.09645e+22	9.49e-01	5.06e-02	4.83e-04
 4.10836e+22	9.49e-01	5.00e-02	4.73e-04
 4.12141e+22	9.50e-01	4.93e-02	4.58e-04
 4.13550e+22	9.51e-01	4.86e-02	4.46e-04
 4.15094e+22	9.52e-01	4.78e-02	4.31e-04
 4.16760e+22	9.53e-01	4.70e-02	4.17e-04
 4.18277e+22	9.53e-01	4.64e-02	4.07e-04
 4.19939e+22	9.54e-01	4.55e-02	3.91e-04
 4.21733e+22	9.55e-01	4.48e-02	3.79e-04
 4.23366e+22	9.55e-01	4.41e-02	3.68e-04
 4.25155e+22	9.56e-01	4.33e-02	3.54e-04
 4.27087e+22	9.57e-01	4.26e-02	3.42e-04
 4.28844e+22	9.58e-01	4.20e-02	3.33e-04
 4.30771e+22	9.59e-01	4.11e-02	3.19e-04
 4.32850e+22	9.59e-01	4.04e-02	3.08e-04
 4.34742e+22	9.60e-01	3.98e-02	2.99e-04
 4.36816e+22	9.61e-01	3.90e-02	2.87e-04
 4.39054e+22	9.61e-01	3.83e-02	2.76e-04
 4.41091e+22	9.62e-01	3.76e-02	2.67e-04
 4.42945e+22	9.63e-01	3.71e-02	2.60e-04
 4.44976e+22	9.63e-01	3.64e-02	2.50e-04
 4.47169e+22	9.64e-01	3.58e-02	2.42e-04
 4.49165e+22	9.64e-01	3.53e-02	2.35e-04
 4.51352e+22	9.65e-01	3.46e-02	2.26e-04
 4.53712e+22	9.66e-01	3.40e-02	2.17e-04
 4.55861e+22	9.66e-01	3.35e-02	2.11e-04
 4.58215e+22	9.67e-01	3.28e-02	2.03e-04
 4.60756e+22	9.68e-01	3.21e-02	1.95e-04
 4.63069e+22	9.68e-01	3.18e-02	1.90e-04
 4.65174e+22	9.69e-01	3.12e-02	1.83e-04
 4.67480e+22	9.69e-01	3.06e-02	1.77e-04
 4.69970e+22	9.70e-01	3.01e-02	1.71e-04
 4.72235e+22	9.70e-01	2.96e-02	1.66e-04
 4.74718e+22	9.71e-01	2.91e-02	1.60e-04
 4.77398e+22	9.71e-01	2.85e-02	1.54e-04
 4.79837e+22	9.72e-01	2.81e-02	1.49e-04
 4.82510e+22	9.72e-01	2.75e-02	1.43e-04
 4.85395e+22	9.73e-01	2.70e-02	1.38e-04
 4.88021e+22	9.73e-01	2.66e-02	1.33e-04
 4.90898e+22	9.74e-01	2.60e-02	1.28e-04
 4.94004e+22	9.74e-01	2.56e-02	1.23e-04
 4.96831e+22	9.75e-01	2.51e-02	1.19e-04
 4.99928e+22	9.75e-01	2.46e-02	1.14e-04
 5.03272e+22	9.76e-01	2.41e-02	1.10e-04
 5.06315e+22	9.76e-01	2.37e-02	1.06e-04
 5.09650e+22	9.77e-01	2.32e-02	1.01e-04
 5.13250e+22	9.77e-01	2.27e-02	9.75e-05
 5.16525e+22	9.78e-01	2.23e-02	9.40e-05
 5.20115e+22	9.78e-01	2.18e-02	8.99e-05
 5.23990e+22	9.79e-01	2.14e-02	8.62e-05
 5.27517e+22	9.79e-01	2.10e-02	8.30e-05
 5.30726e+22	9.79e-01	2.06e-02	8.01e-05
 5.34243e+22	9.80e-01	2.02e-02	7.70e-05
 5.38039e+22	9.80e-01	1.98e-02	7.41e-05
 5.41494e+22	9.80e-01	1.94e-02	7.14e-05
 5.45280e+22	9.81e-01	1.90e-02	6.85e-05
 5.49366e+22	9.81e-01	1.87e-02	6.58e-05
 5.53086e+22	9.82e-01	1.83e-02	6.35e-05
 5.57161e+22	9.82e-01	1.79e-02	6.07e-05
 5.61561e+22	9.82e-01	1.76e-02	5.83e-05
 5.65565e+22	9.83e-01	1.72e-02	5.61e-05
 5.69952e+22	9.83e-01	1.69e-02	5.38e-05
 5.74688e+22	9.83e-01	1.65e-02	5.14e-05
 5.78998e+22	9.84e-01	1.62e-02	4.94e-05
 5.83722e+22	9.84e-01	1.58e-02	4.74e-05
 5.88820e+22	9.84e-01	1.55e-02	4.53e-05
 5.93460e+22	9.85e-01	1.52e-02	4.34e-05
 5.98545e+22	9.85e-01	1.48e-02	4.16e-05
 6.04034e+22	9.85e-01	1.45e-02	3.97e-05
 6.09029e+22	9.86e-01	1.42e-02	3.81e-05
 6.14503e+22	9.86e-01	1.39e-02	3.64e-05
 6.20412e+22	9.86e-01	1.35e-02	3.47e-05
 6.25790e+22	9.87e-01	1.32e-02	3.32e-05
 6.31682e+22	9.87e-01	1.29e-02	3.17e-05
 6.39074e+22	9.87e-01	1.26e-02	2.99e-05
 6.47042e+22	9.88e-01	1.22e-02	2.81e-05
 6.55159e+22	9.88e-01	1.18e-02	2.65e-05
 6.63694e+22	9.89e-01	1.15e-02	2.49e-05
 6.72449e+22	9.89e-01	1.11e-02	2.34e-05
 6.81420e+22	9.89e-01	1.08e-02	2.19e-05
 6.90638e+22	9.90e-01	1.04e-02	2.06e-05
 7.00103e+22	9.90e-01	1.01e-02	1.93e-05
 7.09796e+22	9.90e-01	9.79e-03	1.81e-05
 7.19736e+22	9.91e-01	9.48e-03	1.70e-05
 7.29927e+22	9.91e-01	9.18e-03	1.60e-05
 7.40370e+22	9.91e-01	8.89e-03	1.50e-05
 7.51086e+22	9.91e-01	8.61e-03	1.41e-05
 7.62094e+22	9.92e-01	8.33e-03	1.32e-05
 7.73382e+22	9.92e-01	8.07e-03	1.23e-05
 7.84921e+22	9.92e-01	7.81e-03	1.16e-05
 7.96761e+22	9.92e-01	7.56e-03	1.08e-05
 8.08864e+22	9.93e-01	7.32e-03	1.02e-05
 8.21274e+22	9.93e-01	7.08e-03	9.53e-06
 8.34052e+22	9.93e-01	6.86e-03	8.93e-06
 8.47185e+22	9.93e-01	6.63e-03	8.36e-06
 8.60681e+22	9.94e-01	6.42e-03	7.82e-06
 8.74457e+22	9.94e-01	6.21e-03	7.33e-06
 8.88703e+22	9.94e-01	6.01e-03	6.86e-06
 9.03671e+22	9.94e-01	5.81e-03	6.41e-06
 9.19249e+22	9.94e-01	5.61e-03	5.99e-06
 9.35339e+22	9.95e-01	5.42e-03	5.59e-06
 9.51944e+22	9.95e-01	5.24e-03	5.22e-06
 9.69132e+22	9.95e-01	5.06e-03	4.87e-06
 9.86944e+22	9.95e-01	4.88e-03	4.54e-06
 1.00537e+23	9.95e-01	4.72e-03	4.23e-06
 1.02454e+23	9.95e-01	4.55e-03	3.94e-06
 1.04454e+23	9.96e-01	4.39e-03	3.67e-06
 1.06543e+23	9.96e-01	4.24e-03	3.42e-06
 1.08750e+23	9.96e-01	4.08e-03	3.17e-06
 1.11078e+23	9.96e-01	3.93e-03	2.95e-06
 1.13515e+23	9.96e-01	3.78e-03	2.73e-06
 1.16067e+23	9.96e-01	3.64e-03	2.53e-06
 1.18752e+23	9.96e-01	3.50e-03	2.34e-06
 1.21579e+23	9.97e-01	3.37e-03	2.17e-06
 1.24562e+23	9.97e-01	3.24e-03	2.00e-06
 1.27721e+23	9.97e-01	3.11e-03	1.85e-06
 1.31088e+23	9.97e-01	2.99e-03	1.70e-06
 1.34686e+23	9.97e-01	2.86e-03	1.57e-06
 1.38518e+23	9.97e-01	2.75e-03	1.44e-06
 1.42619e+23	9.97e-01	2.63e-03	1.32e-06
 1.47014e+23	9.97e-01	2.52e-03	1.21e-06
 1.51751e+23	9.98e-01	2.41e-03	1.11e-06
 1.56743e+23	9.98e-01	2.31e-03	1.02e-06
 1.61969e+23	9.98e-01	2.21e-03	9.37e-07
 1.67466e+23	9.98e-01	2.12e-03	8.61e-07
 1.73132e+23	9.98e-01	2.04e-03	7.93e-07
 1.78962e+23	9.98e-01	1.96e-03	7.33e-07
 1.84981e+23	9.98e-01	1.89e-03	6.80e-07
 1.91163e+23	9.98e-01	1.82e-03	6.32e-07
 1.97532e+23	9.98e-01	1.76e-03	5.90e-07
 2.04135e+23	9.98e-01	1.70e-03	5.52e-07
 2.10930e+23	9.98e-01	1.65e-03	5.18e-07
 2.17911e+23	9.98e-01	1.60e-03	4.87e-07
 2.25110e+23	9.98e-01	1.55e-03	4.61e-07
 2.32516e+23	9.98e-01	1.51e-03	4.37e-07
 2.39726e+23	9.99e-01	1.47e-03	4.15e-07
 2.46302e+23	9.99e-01	1.44e-03	3.98e-07
 2.52220e+23	9.99e-01	1.42e-03	3.84e-07
 2.57546e+23	9.99e-01	1.40e-03	3.73e-07
 2.62340e+23	9.99e-01	1.38e-03	3.64e-07
 2.66654e+23	9.99e-01	1.36e-03	3.56e-07
 2.70537e+23	9.99e-01	1.35e-03	3.50e-07
 2.74031e+23	9.99e-01	1.34e-03	3.45e-07
 2.77214e+23	9.99e-01	1.33e-03	3.40e-07
 2.80269e+23	9.99e-01	1.33e-03	3.36e-07
 2.83323e+23	9.99e-01	1.32e-03	3.33e-07
 2.86378e+23	9.99e-01	1.31e-03	3.29e-07
 2.89433e+23	9.99e-01	1.30e-03	3.26e-07
 2.92488e+23	9.99e-01	1.30e-03	3.23e-07
 2.95543e+23	9.99e-01	1.29e-03	3.20e-07
 2.98598e+23	9.99e-01	1.29e-03	3.17e-07
 3.01652e+23	9.99e-01	1.28e-03	3.14e-07
 3.04331e+23	9.99e-01	1.28e-03	3.12e-07
