#depth	H	H+	H2
 1.54284e+19	5.30e-06	1.00e+00	2.48e-26
 9.25702e+19	5.65e-06	1.00e+00	2.97e-26
 2.19083e+20	6.25e-06	1.00e+00	4.11e-26
 3.43658e+20	6.87e-06	1.00e+00	6.35e-26
 4.35866e+20	7.35e-06	1.00e+00	8.85e-26
 4.93725e+20	7.65e-06	1.00e+00	1.08e-25
 5.52210e+20	7.96e-06	1.00e+00	1.32e-25
 6.28240e+20	8.39e-06	1.00e+00	1.72e-25
 7.27079e+20	8.95e-06	1.00e+00	2.35e-25
 8.31335e+20	9.57e-06	1.00e+00	3.20e-25
 9.19493e+20	1.01e-05	1.00e+00	4.09e-25
 1.01096e+21	1.07e-05	1.00e+00	5.26e-25
 1.12986e+21	1.14e-05	1.00e+00	7.23e-25
 1.24909e+21	1.22e-05	1.00e+00	9.69e-25
 1.33507e+21	1.28e-05	1.00e+00	1.18e-24
 1.41315e+21	1.33e-05	1.00e+00	1.41e-24
 1.51465e+21	1.41e-05	1.00e+00	1.80e-24
 1.62458e+21	1.49e-05	1.00e+00	2.28e-24
 1.72242e+21	1.56e-05	1.00e+00	2.80e-24
 1.82656e+21	1.64e-05	1.00e+00	3.50e-24
 1.96194e+21	1.75e-05	1.00e+00	4.63e-24
 2.09926e+21	1.86e-05	1.00e+00	6.01e-24
 2.20718e+21	1.95e-05	1.00e+00	7.29e-24
 2.31552e+21	2.05e-05	1.00e+00	8.94e-24
 2.45637e+21	2.17e-05	1.00e+00	1.16e-23
 2.60632e+21	2.31e-05	1.00e+00	1.51e-23
 2.73485e+21	2.43e-05	1.00e+00	1.86e-23
 2.86870e+21	2.56e-05	1.00e+00	2.33e-23
 3.04271e+21	2.74e-05	1.00e+00	3.11e-23
 3.22250e+21	2.93e-05	1.00e+00	4.08e-23
 3.36950e+21	3.08e-05	1.00e+00	5.06e-23
 3.52030e+21	3.25e-05	1.00e+00	6.34e-23
 3.71633e+21	3.47e-05	1.00e+00	8.46e-23
 3.92475e+21	3.72e-05	1.00e+00	1.12e-22
 4.10475e+21	3.93e-05	1.00e+00	1.42e-22
 4.29422e+21	4.17e-05	1.00e+00	1.83e-22
 4.49168e+21	4.43e-05	1.00e+00	2.34e-22
 4.65526e+21	4.64e-05	1.00e+00	2.85e-22
 4.82362e+21	4.87e-05	1.00e+00	3.52e-22
 5.04250e+21	5.18e-05	1.00e+00	4.60e-22
 5.26509e+21	5.50e-05	1.00e+00	5.91e-22
 5.44673e+21	5.76e-05	1.00e+00	7.22e-22
 5.63709e+21	6.05e-05	1.00e+00	8.97e-22
 5.88456e+21	6.45e-05	1.00e+00	1.18e-21
 6.13626e+21	6.86e-05	1.00e+00	1.54e-21
 6.34432e+21	7.19e-05	1.00e+00	1.89e-21
 6.56568e+21	7.57e-05	1.00e+00	2.38e-21
 6.85344e+21	8.08e-05	1.00e+00	3.19e-21
 7.14503e+21	8.59e-05	1.00e+00	4.18e-21
 7.38897e+21	9.03e-05	1.00e+00	5.24e-21
 7.65347e+21	9.55e-05	1.00e+00	6.76e-21
 7.94187e+21	1.01e-04	1.00e+00	8.72e-21
 8.20864e+21	1.06e-04	1.00e+00	1.10e-20
 8.46268e+21	1.11e-04	1.00e+00	1.37e-20
 8.75283e+21	1.17e-04	1.00e+00	1.77e-20
 9.07396e+21	1.24e-04	1.00e+00	2.29e-20
 9.37028e+21	1.30e-04	1.00e+00	2.90e-20
 9.64737e+21	1.36e-04	1.00e+00	3.60e-20
 9.96455e+21	1.43e-04	1.00e+00	4.62e-20
 1.03148e+22	1.50e-04	1.00e+00	5.98e-20
 1.06356e+22	1.57e-04	1.00e+00	7.52e-20
 1.09322e+22	1.63e-04	1.00e+00	9.27e-20
 1.12697e+22	1.71e-04	1.00e+00	1.20e-19
 1.16378e+22	1.78e-04	1.00e+00	1.54e-19
 1.19679e+22	1.85e-04	1.00e+00	1.93e-19
 1.22690e+22	1.91e-04	1.00e+00	2.38e-19
 1.26105e+22	1.98e-04	1.00e+00	3.04e-19
 1.29810e+22	2.06e-04	1.00e+00	3.94e-19
 1.33079e+22	2.12e-04	1.00e+00	4.95e-19
 1.35998e+22	2.17e-04	1.00e+00	6.11e-19
 1.39275e+22	2.24e-04	1.00e+00	7.88e-19
 1.42811e+22	2.30e-04	1.00e+00	1.04e-18
 1.45886e+22	2.35e-04	1.00e+00	1.32e-18
 1.48435e+22	2.39e-04	1.00e+00	1.59e-18
 1.51099e+22	2.45e-04	1.00e+00	2.03e-18
 1.53933e+22	2.50e-04	1.00e+00	2.66e-18
 1.56200e+22	2.55e-04	1.00e+00	3.60e-18
 1.57874e+22	2.58e-04	1.00e+00	4.29e-18
 1.59565e+22	2.63e-04	1.00e+00	5.35e-18
 1.61762e+22	2.69e-04	1.00e+00	7.16e-18
 1.64041e+22	2.75e-04	1.00e+00	1.00e-17
 1.65954e+22	2.81e-04	1.00e+00	1.34e-17
 1.67971e+22	2.89e-04	1.00e+00	1.92e-17
 1.70166e+22	2.98e-04	1.00e+00	2.92e-17
 1.72166e+22	3.06e-04	1.00e+00	4.47e-17
 1.74340e+22	3.18e-04	1.00e+00	7.37e-17
 1.76662e+22	3.30e-04	1.00e+00	1.28e-16
 1.78692e+22	3.42e-04	1.00e+00	2.12e-16
 1.80846e+22	3.56e-04	1.00e+00	3.57e-16
 1.83224e+22	3.73e-04	1.00e+00	5.85e-16
 1.85280e+22	3.87e-04	1.00e+00	7.87e-16
 1.87337e+22	4.03e-04	1.00e+00	1.02e-15
 1.90011e+22	4.25e-04	1.00e+00	1.33e-15
 1.92975e+22	4.49e-04	1.00e+00	1.65e-15
 1.95827e+22	4.73e-04	1.00e+00	2.00e-15
 1.98704e+22	4.99e-04	1.00e+00	2.41e-15
 2.01839e+22	5.28e-04	9.99e-01	2.92e-15
 2.05317e+22	5.61e-04	9.99e-01	3.59e-15
 2.09104e+22	5.98e-04	9.99e-01	4.43e-15
 2.13228e+22	6.41e-04	9.99e-01	5.53e-15
 2.17819e+22	6.92e-04	9.99e-01	7.01e-15
 2.23090e+22	7.54e-04	9.99e-01	9.14e-15
 2.28600e+22	8.24e-04	9.99e-01	1.19e-14
 2.33893e+22	8.98e-04	9.99e-01	1.53e-14
 2.39918e+22	9.91e-04	9.99e-01	2.04e-14
 2.47749e+22	1.13e-03	9.99e-01	2.97e-14
 2.55877e+22	1.30e-03	9.99e-01	4.37e-14
 2.62767e+22	1.47e-03	9.99e-01	6.12e-14
 2.69096e+22	1.66e-03	9.98e-01	8.48e-14
 2.74242e+22	1.85e-03	9.98e-01	1.11e-13
 2.77720e+22	2.00e-03	9.98e-01	1.35e-13
 2.81110e+22	2.15e-03	9.98e-01	1.63e-13
 2.85517e+22	2.37e-03	9.98e-01	2.10e-13
 2.89971e+22	2.64e-03	9.97e-01	2.75e-13
 2.93313e+22	2.88e-03	9.97e-01	3.40e-13
 2.95879e+22	3.09e-03	9.97e-01	4.03e-13
 2.98608e+22	3.33e-03	9.97e-01	4.84e-13
 3.02155e+22	3.68e-03	9.96e-01	6.16e-13
 3.05582e+22	4.10e-03	9.96e-01	7.93e-13
 3.07927e+22	4.42e-03	9.96e-01	9.49e-13
 3.09696e+22	4.70e-03	9.95e-01	1.09e-12
 3.11643e+22	5.02e-03	9.95e-01	1.27e-12
 3.14174e+22	5.48e-03	9.95e-01	1.56e-12
 3.16711e+22	6.04e-03	9.94e-01	1.95e-12
 3.18586e+22	6.52e-03	9.93e-01	2.31e-12
 3.20048e+22	6.91e-03	9.93e-01	2.63e-12
 3.21645e+22	7.39e-03	9.93e-01	3.06e-12
 3.23722e+22	8.08e-03	9.92e-01	3.74e-12
 3.25777e+22	8.90e-03	9.91e-01	4.62e-12
 3.27260e+22	9.59e-03	9.90e-01	5.44e-12
 3.28418e+22	1.02e-02	9.90e-01	6.15e-12
 3.29697e+22	1.08e-02	9.89e-01	7.09e-12
 3.31360e+22	1.18e-02	9.88e-01	8.56e-12
 3.33033e+22	1.30e-02	9.87e-01	1.06e-11
 3.34284e+22	1.41e-02	9.86e-01	1.25e-11
 3.35277e+22	1.50e-02	9.85e-01	1.42e-11
 3.36371e+22	1.61e-02	9.84e-01	1.65e-11
 3.37793e+22	1.76e-02	9.82e-01	2.00e-11
 3.39234e+22	1.96e-02	9.80e-01	2.49e-11
 3.40330e+22	2.13e-02	9.79e-01	2.98e-11
 3.41220e+22	2.29e-02	9.77e-01	3.46e-11
 3.42211e+22	2.48e-02	9.75e-01	4.09e-11
 3.43500e+22	2.76e-02	9.72e-01	5.12e-11
 3.44823e+22	3.14e-02	9.69e-01	6.73e-11
 3.45815e+22	3.48e-02	9.65e-01	8.27e-11
 3.46563e+22	3.76e-02	9.62e-01	9.71e-11
 3.47368e+22	4.10e-02	9.59e-01	1.16e-10
 3.48415e+22	4.61e-02	9.54e-01	1.48e-10
 3.49499e+22	5.30e-02	9.47e-01	1.98e-10
 3.50336e+22	5.97e-02	9.40e-01	2.54e-10
 3.50982e+22	6.55e-02	9.35e-01	3.07e-10
 3.51676e+22	7.21e-02	9.28e-01	3.76e-10
 3.52445e+22	8.14e-02	9.19e-01	4.85e-10
 3.53111e+22	9.12e-02	9.09e-01	6.14e-10
 3.53635e+22	9.98e-02	9.00e-01	7.41e-10
 3.54178e+22	1.09e-01	8.91e-01	8.96e-10
 3.54786e+22	1.22e-01	8.78e-01	1.13e-09
 3.55332e+22	1.35e-01	8.65e-01	1.41e-09
 3.55783e+22	1.48e-01	8.52e-01	1.70e-09
 3.56191e+22	1.60e-01	8.40e-01	2.01e-09
 3.56656e+22	1.74e-01	8.26e-01	2.42e-09
 3.57177e+22	1.94e-01	8.06e-01	3.04e-09
 3.57637e+22	2.15e-01	7.85e-01	3.76e-09
 3.58010e+22	2.32e-01	7.68e-01	4.43e-09
 3.58405e+22	2.51e-01	7.49e-01	5.24e-09
 3.58774e+22	2.73e-01	7.27e-01	6.29e-09
 3.59007e+22	2.86e-01	7.14e-01	6.98e-09
 3.59182e+22	2.96e-01	7.04e-01	7.52e-09
 3.59385e+22	3.08e-01	6.92e-01	8.25e-09
 3.59631e+22	3.24e-01	6.76e-01	9.17e-09
 3.59890e+22	3.42e-01	6.58e-01	1.03e-08
 3.60135e+22	3.60e-01	6.40e-01	1.16e-08
 3.60359e+22	3.77e-01	6.23e-01	1.28e-08
 3.60584e+22	3.95e-01	6.05e-01	1.41e-08
 3.60824e+22	4.14e-01	5.86e-01	1.56e-08
 3.61074e+22	4.36e-01	5.64e-01	1.74e-08
 3.61321e+22	4.58e-01	5.42e-01	1.93e-08
 3.61567e+22	4.80e-01	5.20e-01	2.13e-08
 3.61822e+22	5.04e-01	4.96e-01	2.35e-08
 3.62074e+22	5.28e-01	4.72e-01	2.59e-08
 3.62264e+22	5.47e-01	4.53e-01	2.77e-08
 3.62377e+22	5.56e-01	4.44e-01	2.88e-08
 3.62481e+22	5.64e-01	4.36e-01	2.97e-08
 3.62617e+22	5.76e-01	4.24e-01	3.10e-08
 3.62775e+22	5.91e-01	4.09e-01	3.26e-08
 3.62923e+22	6.05e-01	3.95e-01	3.40e-08
 3.63048e+22	6.17e-01	3.83e-01	3.53e-08
 3.63165e+22	6.27e-01	3.73e-01	3.63e-08
 3.63296e+22	6.39e-01	3.61e-01	3.76e-08
 3.63440e+22	6.53e-01	3.47e-01	3.91e-08
 3.63574e+22	6.66e-01	3.34e-01	4.04e-08
 3.63688e+22	6.76e-01	3.24e-01	4.13e-08
 3.63804e+22	6.86e-01	3.14e-01	4.24e-08
 3.63934e+22	6.98e-01	3.02e-01	4.35e-08
 3.64067e+22	7.10e-01	2.90e-01	4.46e-08
 3.64189e+22	7.20e-01	2.80e-01	4.55e-08
 3.64302e+22	7.30e-01	2.70e-01	4.63e-08
 3.64421e+22	7.39e-01	2.61e-01	4.71e-08
 3.64549e+22	7.49e-01	2.51e-01	4.78e-08
 3.64675e+22	7.60e-01	2.40e-01	4.85e-08
 3.64793e+22	7.69e-01	2.31e-01	4.90e-08
 3.64906e+22	7.77e-01	2.23e-01	4.95e-08
 3.65025e+22	7.86e-01	2.14e-01	4.99e-08
 3.65149e+22	7.95e-01	2.05e-01	5.03e-08
 3.65270e+22	8.04e-01	1.96e-01	5.05e-08
 3.65385e+22	8.11e-01	1.89e-01	5.07e-08
 3.65500e+22	8.19e-01	1.81e-01	5.08e-08
 3.65621e+22	8.26e-01	1.74e-01	5.08e-08
 3.65744e+22	8.34e-01	1.66e-01	5.07e-08
 3.65860e+22	8.40e-01	1.60e-01	5.05e-08
 3.65971e+22	8.46e-01	1.54e-01	5.03e-08
 3.66084e+22	8.52e-01	1.48e-01	5.00e-08
 3.66203e+22	8.58e-01	1.42e-01	4.96e-08
 3.66321e+22	8.64e-01	1.36e-01	4.92e-08
 3.66432e+22	8.69e-01	1.31e-01	4.87e-08
 3.66542e+22	8.73e-01	1.27e-01	4.82e-08
 3.66659e+22	8.78e-01	1.22e-01	4.77e-08
 3.66779e+22	8.83e-01	1.17e-01	4.71e-08
 3.66897e+22	8.88e-01	1.12e-01	4.64e-08
 3.67011e+22	8.91e-01	1.09e-01	4.58e-08
 3.67128e+22	8.95e-01	1.05e-01	4.50e-08
 3.67250e+22	8.99e-01	1.01e-01	4.41e-08
 3.67375e+22	9.02e-01	9.77e-02	4.31e-08
 3.67499e+22	9.06e-01	9.45e-02	4.22e-08
 3.67620e+22	9.08e-01	9.16e-02	4.13e-08
 3.67739e+22	9.11e-01	8.90e-02	4.04e-08
 3.67857e+22	9.13e-01	8.67e-02	3.96e-08
 3.67976e+22	9.16e-01	8.45e-02	3.87e-08
 3.68096e+22	9.18e-01	8.24e-02	3.79e-08
 3.68218e+22	9.20e-01	8.04e-02	3.70e-08
 3.68342e+22	9.21e-01	7.86e-02	3.60e-08
 3.68468e+22	9.23e-01	7.68e-02	3.51e-08
 3.68598e+22	9.25e-01	7.52e-02	3.41e-08
 3.68731e+22	9.26e-01	7.36e-02	3.32e-08
 3.68868e+22	9.28e-01	7.21e-02	3.23e-08
 3.69005e+22	9.29e-01	7.08e-02	3.15e-08
 3.69149e+22	9.30e-01	6.96e-02	3.07e-08
 3.69305e+22	9.32e-01	6.84e-02	2.99e-08
 3.69456e+22	9.33e-01	6.72e-02	2.92e-08
 3.69594e+22	9.34e-01	6.64e-02	2.86e-08
 3.69720e+22	9.34e-01	6.59e-02	2.81e-08
 3.69858e+22	9.35e-01	6.52e-02	2.76e-08
 3.70006e+22	9.36e-01	6.43e-02	2.71e-08
 3.70141e+22	9.36e-01	6.39e-02	2.67e-08
 3.70289e+22	9.37e-01	6.33e-02	2.63e-08
 3.70449e+22	9.37e-01	6.26e-02	2.59e-08
 3.70624e+22	9.38e-01	6.20e-02	2.55e-08
 3.70852e+22	9.39e-01	6.12e-02	2.51e-08
 3.71148e+22	9.40e-01	6.01e-02	2.46e-08
 3.71468e+22	9.41e-01	5.92e-02	2.41e-08
 3.71759e+22	9.41e-01	5.88e-02	2.39e-08
 3.72077e+22	9.42e-01	5.84e-02	2.36e-08
 3.72421e+22	9.42e-01	5.79e-02	2.34e-08
 3.72798e+22	9.43e-01	5.74e-02	2.31e-08
 3.73289e+22	9.43e-01	5.66e-02	2.28e-08
 3.73818e+22	9.44e-01	5.62e-02	2.26e-08
 3.74398e+22	9.44e-01	5.56e-02	2.24e-08
 3.75024e+22	9.45e-01	5.51e-02	2.22e-08
 3.75710e+22	9.46e-01	5.45e-02	2.19e-08
 3.76450e+22	9.46e-01	5.39e-02	2.18e-08
 3.77262e+22	9.47e-01	5.34e-02	2.15e-08
 3.78138e+22	9.47e-01	5.28e-02	2.14e-08
 3.79098e+22	9.48e-01	5.21e-02	2.11e-08
 3.80134e+22	9.48e-01	5.15e-02	2.09e-08
 3.81270e+22	9.49e-01	5.08e-02	2.06e-08
 3.82496e+22	9.50e-01	5.01e-02	2.04e-08
 3.83612e+22	9.50e-01	4.95e-02	2.02e-08
 3.84835e+22	9.51e-01	4.87e-02	1.99e-08
 3.86155e+22	9.52e-01	4.80e-02	1.97e-08
 3.87356e+22	9.53e-01	4.74e-02	1.95e-08
 3.88449e+22	9.53e-01	4.69e-02	1.93e-08
 3.89646e+22	9.54e-01	4.61e-02	1.90e-08
 3.90940e+22	9.55e-01	4.55e-02	1.87e-08
 3.92116e+22	9.55e-01	4.49e-02	1.85e-08
 3.93187e+22	9.56e-01	4.45e-02	1.84e-08
 3.94360e+22	9.56e-01	4.37e-02	1.80e-08
 3.95627e+22	9.57e-01	4.31e-02	1.78e-08
 3.96780e+22	9.57e-01	4.26e-02	1.76e-08
 3.98043e+22	9.58e-01	4.18e-02	1.73e-08
 3.99407e+22	9.59e-01	4.13e-02	1.71e-08
 4.00648e+22	9.59e-01	4.08e-02	1.69e-08
 4.01777e+22	9.60e-01	4.04e-02	1.67e-08
 4.03014e+22	9.60e-01	3.96e-02	1.63e-08
 4.04350e+22	9.61e-01	3.91e-02	1.61e-08
 4.05566e+22	9.61e-01	3.87e-02	1.59e-08
 4.06898e+22	9.62e-01	3.80e-02	1.56e-08
 4.08336e+22	9.62e-01	3.75e-02	1.53e-08
 4.09645e+22	9.63e-01	3.71e-02	1.51e-08
 4.10836e+22	9.63e-01	3.67e-02	1.50e-08
 4.12141e+22	9.64e-01	3.62e-02	1.48e-08
 4.13550e+22	9.64e-01	3.57e-02	1.46e-08
 4.15094e+22	9.65e-01	3.52e-02	1.43e-08
 4.16760e+22	9.65e-01	3.47e-02	1.42e-08
 4.18277e+22	9.66e-01	3.43e-02	1.40e-08
 4.19939e+22	9.66e-01	3.37e-02	1.38e-08
 4.21733e+22	9.67e-01	3.32e-02	1.36e-08
 4.23366e+22	9.67e-01	3.28e-02	1.35e-08
 4.25155e+22	9.68e-01	3.22e-02	1.32e-08
 4.27087e+22	9.68e-01	3.17e-02	1.31e-08
 4.28844e+22	9.69e-01	3.13e-02	1.30e-08
 4.30771e+22	9.69e-01	3.07e-02	1.27e-08
 4.32850e+22	9.70e-01	3.03e-02	1.26e-08
 4.34742e+22	9.70e-01	2.99e-02	1.24e-08
 4.36816e+22	9.71e-01	2.93e-02	1.22e-08
 4.39054e+22	9.71e-01	2.88e-02	1.21e-08
 4.41091e+22	9.72e-01	2.84e-02	1.20e-08
 4.42945e+22	9.72e-01	2.81e-02	1.19e-08
 4.44976e+22	9.72e-01	2.76e-02	1.17e-08
 4.47169e+22	9.73e-01	2.72e-02	1.16e-08
 4.49165e+22	9.73e-01	2.68e-02	1.15e-08
 4.51352e+22	9.74e-01	2.63e-02	1.13e-08
 4.53712e+22	9.74e-01	2.59e-02	1.12e-08
 4.55861e+22	9.74e-01	2.56e-02	1.11e-08
 4.58215e+22	9.75e-01	2.51e-02	1.10e-08
 4.60756e+22	9.75e-01	2.47e-02	1.09e-08
 4.63069e+22	9.76e-01	2.45e-02	1.08e-08
 4.65174e+22	9.76e-01	2.41e-02	1.08e-08
 4.67480e+22	9.76e-01	2.36e-02	1.07e-08
 4.69970e+22	9.77e-01	2.33e-02	1.06e-08
 4.72235e+22	9.77e-01	2.30e-02	1.05e-08
 4.74718e+22	9.77e-01	2.26e-02	1.04e-08
 4.77398e+22	9.78e-01	2.22e-02	1.04e-08
 4.79837e+22	9.78e-01	2.19e-02	1.03e-08
 4.82510e+22	9.78e-01	2.15e-02	1.02e-08
 4.85395e+22	9.79e-01	2.12e-02	1.01e-08
 4.88021e+22	9.79e-01	2.09e-02	1.01e-08
 4.90898e+22	9.80e-01	2.05e-02	9.99e-09
 4.94004e+22	9.80e-01	2.02e-02	9.94e-09
 4.96831e+22	9.80e-01	1.99e-02	9.89e-09
 4.99928e+22	9.81e-01	1.95e-02	9.81e-09
 5.03272e+22	9.81e-01	1.92e-02	9.76e-09
 5.06315e+22	9.81e-01	1.89e-02	9.71e-09
 5.09650e+22	9.81e-01	1.85e-02	9.64e-09
 5.13250e+22	9.82e-01	1.82e-02	9.59e-09
 5.16525e+22	9.82e-01	1.79e-02	9.55e-09
 5.20115e+22	9.82e-01	1.75e-02	9.48e-09
 5.23990e+22	9.83e-01	1.72e-02	9.44e-09
 5.27517e+22	9.83e-01	1.70e-02	9.40e-09
 5.30726e+22	9.83e-01	1.67e-02	9.37e-09
 5.34243e+22	9.84e-01	1.64e-02	9.31e-09
 5.38039e+22	9.84e-01	1.61e-02	9.28e-09
 5.41494e+22	9.84e-01	1.59e-02	9.25e-09
 5.45280e+22	9.84e-01	1.56e-02	9.20e-09
 5.49366e+22	9.85e-01	1.53e-02	9.17e-09
 5.53086e+22	9.85e-01	1.51e-02	9.15e-09
 5.57161e+22	9.85e-01	1.48e-02	9.10e-09
 5.61561e+22	9.85e-01	1.45e-02	9.07e-09
 5.65565e+22	9.86e-01	1.43e-02	9.05e-09
 5.69952e+22	9.86e-01	1.40e-02	9.02e-09
 5.74688e+22	9.86e-01	1.37e-02	8.99e-09
 5.78998e+22	9.86e-01	1.35e-02	8.97e-09
 5.83722e+22	9.87e-01	1.33e-02	8.95e-09
 5.88820e+22	9.87e-01	1.30e-02	8.93e-09
 5.93460e+22	9.87e-01	1.28e-02	8.91e-09
 5.98545e+22	9.87e-01	1.25e-02	8.90e-09
 6.04034e+22	9.88e-01	1.23e-02	8.88e-09
 6.09029e+22	9.88e-01	1.21e-02	8.88e-09
 6.14503e+22	9.88e-01	1.18e-02	8.85e-09
 6.20412e+22	9.88e-01	1.16e-02	8.84e-09
 6.25790e+22	9.89e-01	1.13e-02	8.82e-09
 6.31682e+22	9.89e-01	1.11e-02	8.81e-09
 6.39074e+22	9.89e-01	1.08e-02	8.79e-09
 6.47042e+22	9.89e-01	1.05e-02	8.78e-09
 6.55159e+22	9.90e-01	1.03e-02	8.77e-09
 6.63694e+22	9.90e-01	9.98e-03	8.76e-09
 6.72449e+22	9.90e-01	9.71e-03	8.76e-09
 6.81420e+22	9.91e-01	9.44e-03	8.75e-09
 6.90638e+22	9.91e-01	9.18e-03	8.75e-09
 7.00103e+22	9.91e-01	8.93e-03	8.74e-09
 7.09796e+22	9.91e-01	8.68e-03	8.74e-09
 7.19736e+22	9.92e-01	8.43e-03	8.74e-09
 7.29927e+22	9.92e-01	8.20e-03	8.75e-09
 7.40370e+22	9.92e-01	7.97e-03	8.75e-09
 7.51086e+22	9.92e-01	7.74e-03	8.75e-09
 7.62094e+22	9.92e-01	7.52e-03	8.76e-09
 7.73382e+22	9.93e-01	7.31e-03	8.76e-09
 7.84921e+22	9.93e-01	7.10e-03	8.77e-09
 7.96761e+22	9.93e-01	6.89e-03	8.77e-09
 8.08864e+22	9.93e-01	6.69e-03	8.78e-09
 8.21274e+22	9.94e-01	6.50e-03	8.79e-09
 8.34052e+22	9.94e-01	6.31e-03	8.80e-09
 8.47185e+22	9.94e-01	6.13e-03	8.81e-09
 8.60681e+22	9.94e-01	5.94e-03	8.83e-09
 8.74457e+22	9.94e-01	5.77e-03	8.84e-09
 8.88703e+22	9.94e-01	5.60e-03	8.86e-09
 9.03671e+22	9.95e-01	5.43e-03	8.87e-09
 9.19249e+22	9.95e-01	5.27e-03	8.89e-09
 9.35339e+22	9.95e-01	5.11e-03	8.92e-09
 9.51944e+22	9.95e-01	4.95e-03	8.96e-09
 9.69132e+22	9.95e-01	4.80e-03	8.99e-09
 9.86944e+22	9.95e-01	4.65e-03	9.03e-09
 1.00537e+23	9.95e-01	4.50e-03	9.07e-09
 1.02454e+23	9.96e-01	4.36e-03	9.12e-09
 1.04454e+23	9.96e-01	4.22e-03	9.16e-09
 1.06543e+23	9.96e-01	4.09e-03	9.21e-09
 1.08750e+23	9.96e-01	3.95e-03	9.26e-09
 1.11078e+23	9.96e-01	3.82e-03	9.31e-09
 1.13515e+23	9.96e-01	3.69e-03	9.37e-09
 1.16067e+23	9.96e-01	3.57e-03	9.43e-09
 1.18752e+23	9.97e-01	3.44e-03	9.49e-09
 1.21579e+23	9.97e-01	3.32e-03	9.55e-09
 1.24562e+23	9.97e-01	3.21e-03	9.62e-09
 1.27721e+23	9.97e-01	3.09e-03	9.69e-09
 1.31088e+23	9.97e-01	2.98e-03	9.77e-09
 1.34686e+23	9.97e-01	2.87e-03	9.85e-09
 1.38518e+23	9.97e-01	2.76e-03	9.93e-09
 1.42619e+23	9.97e-01	2.66e-03	1.00e-08
 1.47014e+23	9.97e-01	2.55e-03	1.01e-08
 1.51751e+23	9.98e-01	2.44e-03	1.02e-08
 1.56743e+23	9.98e-01	2.35e-03	1.03e-08
 1.61969e+23	9.98e-01	2.26e-03	1.04e-08
 1.67466e+23	9.98e-01	2.18e-03	1.05e-08
 1.73132e+23	9.98e-01	2.10e-03	1.06e-08
 1.78962e+23	9.98e-01	2.02e-03	1.07e-08
 1.84981e+23	9.98e-01	1.95e-03	1.08e-08
 1.91163e+23	9.98e-01	1.89e-03	1.08e-08
 1.97532e+23	9.98e-01	1.83e-03	1.09e-08
 2.04135e+23	9.98e-01	1.78e-03	1.10e-08
 2.10930e+23	9.98e-01	1.73e-03	1.10e-08
 2.17911e+23	9.98e-01	1.68e-03	1.11e-08
 2.25110e+23	9.98e-01	1.64e-03	1.11e-08
 2.32516e+23	9.98e-01	1.60e-03	1.12e-08
 2.39726e+23	9.98e-01	1.56e-03	1.12e-08
 2.46302e+23	9.98e-01	1.53e-03	1.12e-08
 2.52220e+23	9.98e-01	1.51e-03	1.12e-08
 2.57546e+23	9.99e-01	1.49e-03	1.12e-08
 2.62340e+23	9.99e-01	1.47e-03	1.12e-08
 2.66654e+23	9.99e-01	1.46e-03	1.12e-08
 2.70537e+23	9.99e-01	1.45e-03	1.12e-08
 2.74031e+23	9.99e-01	1.44e-03	1.12e-08
 2.77214e+23	9.99e-01	1.43e-03	1.12e-08
 2.80269e+23	9.99e-01	1.42e-03	1.12e-08
 2.83323e+23	9.99e-01	1.42e-03	1.12e-08
 2.86378e+23	9.99e-01	1.41e-03	1.12e-08
 2.89433e+23	9.99e-01	1.40e-03	1.12e-08
 2.92488e+23	9.99e-01	1.40e-03	1.12e-08
 2.95543e+23	9.99e-01	1.39e-03	1.12e-08
 2.98598e+23	9.99e-01	1.39e-03	1.12e-08
 3.01652e+23	9.99e-01	1.38e-03	1.11e-08
 3.04331e+23	9.99e-01	1.38e-03	1.11e-08
