   0.0000000E+00   4.2008922E+06   2.1216627E+06   6.3225549E+06   1.9182411E-03   3.5533569E-03   2.7932529E-04
   1.4492754E-02   4.2243820E+06   2.1080235E+06   6.3324055E+06   1.2476488E-03   3.3640613E-04   8.6094419E-04
   2.8985507E-02   4.2088484E+06   2.1159797E+06   6.3248281E+06   5.4706702E-04   7.7094662E-04   6.2186031E-04
   4.3478261E-02   4.2577224E+06   2.0729150E+06   6.3306374E+06   5.6560740E-04   1.9682488E-03   8.6483510E-04
   5.7971014E-02   4.2393473E+06   2.1127593E+06   6.3521066E+06   4.8591789E-05   4.4482274E-05   2.0907497E-05
   7.2463768E-02   4.2793937E+06   2.0927172E+06   6.3721109E+06   9.5420251E-04   5.3383259E-04   6.3896028E-04
   8.6956522E-02   4.2596168E+06   2.1529825E+06   6.4123467E+06   6.1846636E-04   3.7176723E-04   4.8092616E-04
   1.0144928E-01   4.3292744E+06   2.1417969E+06   6.4709630E+06   2.0369954E-04   8.5890740E-05   1.4079602E-04
   1.1594203E-01   4.3657946E+06   2.1478993E+06   6.5136940E+06   2.4194003E-04   5.6655710E-04   2.1316803E-04
   1.3043478E-01   4.3478931E+06   2.1748727E+06   6.5225974E+06   5.4909845E-04   4.5979501E-04   4.8493853E-04
   1.4492754E-01   4.4226059E+06   2.2103937E+06   6.6329238E+06   8.9311315E-04   3.2784183E-04   5.5617187E-04
   1.5942029E-01   4.4341373E+06   2.2617062E+06   6.6957747E+06   4.8448387E-04   2.5764336E-04   3.6067539E-04
   1.7391304E-01   4.4932522E+06   2.2712526E+06   6.7645048E+06   3.0636157E-04   3.8041769E-04   8.0326098E-05
   1.8840580E-01   4.5335386E+06   2.3069002E+06   6.8402056E+06   5.8338351E-04   3.1040749E-04   4.6862697E-04
   2.0289855E-01   4.5176802E+06   2.3140196E+06   6.8315916E+06   3.4246455E-04   5.9940825E-04   4.1337827E-04
   2.1739130E-01   4.5316695E+06   2.3240794E+06   6.8555469E+06   2.5877238E-04   2.3530669E-04   2.2099261E-04
   2.3188406E-01   4.5322599E+06   2.3325977E+06   6.8646208E+06   2.0221604E-04   2.8004491E-04   9.6620937E-05
   2.4637681E-01   4.5513677E+06   2.3454625E+06   6.8965181E+06   1.2642233E-04   4.0172414E-04   2.1827948E-04
   2.6086957E-01   4.5447783E+06   2.3346288E+06   6.8791546E+06   2.9215070E-04   3.6443060E-04   2.5514366E-04
   2.7536232E-01   4.4651030E+06   2.3249754E+06   6.7897993E+06   1.3281943E-04   2.1198091E-04   1.5779778E-04
   2.8985507E-01   4.4652286E+06   2.3134080E+06   6.7783714E+06   6.8534456E-05   1.6700674E-04   6.4125139E-05
   3.0434783E-01   4.4272029E+06   2.2884730E+06   6.7156037E+06   1.4910523E-04   2.2679369E-04   9.8061257E-05
   3.1884058E-01   4.3676287E+06   2.2799264E+06   6.6473828E+06   1.9731480E-04   1.0362511E-04   1.6313824E-04
   3.3333333E-01   4.2968941E+06   2.2530147E+06   6.5497441E+06   4.9930240E-05   4.2918022E-05   4.1513461E-05
   3.4782609E-01   4.2456302E+06   2.1941844E+06   6.4396884E+06   2.3834373E-04   1.7656119E-04   1.2975658E-04
   3.6231884E-01   4.1572162E+06   2.1535180E+06   6.3105827E+06   1.0133518E-04   2.3032052E-04   1.3940693E-04
   3.7681159E-01   4.0813738E+06   2.1124533E+06   6.1937979E+06   3.9121190E-05   1.5133783E-04   6.9972165E-05
   3.9130435E-01   4.0028703E+06   2.0640186E+06   6.0668328E+06   3.1731129E-05   3.8167921E-05   1.7426660E-05
   4.0579710E-01   3.9208543E+06   2.0029957E+06   5.9236607E+06   7.1866901E-05   1.6560422E-04   1.0292957E-04
   4.2028986E-01   3.8123562E+06   1.9545165E+06   5.7667420E+06   1.7466627E-04   5.1832151E-05   1.0790293E-04
   4.3478261E-01   3.7255640E+06   1.9050005E+06   5.6304382E+06   5.2784664E-05   1.4908210E-04   7.0504690E-05
   4.4927536E-01   3.6076332E+06   1.8496841E+06   5.4570729E+06   2.8086865E-04   2.3157061E-04   2.5065285E-04
   4.6376812E-01   3.5060476E+06   1.8015663E+06   5.3074719E+06   3.7209001E-05   1.0611961E-04   2.6907313E-05
   4.7826087E-01   3.4099069E+06   1.7364110E+06   5.1460424E+06   1.6068020E-04   1.1578069E-04   1.4541779E-04
   4.9275362E-01   3.3019713E+06   1.6795902E+06   4.9815393E+06   1.0765458E-04   7.6777156E-05   9.6757021E-05
   5.0724638E-01   3.2042736E+06   1.6165338E+06   4.8207424E+06   4.1420687E-05   1.4988585E-04   7.7666593E-05
   5.2173913E-01   3.0921550E+06   1.5577382E+06   4.6497459E+06   1.2718647E-04   7.0257479E-05   1.0788599E-04
   5.3623188E-01   2.9841104E+06   1.5067287E+06   4.4905729E+06   1.0495915E-04   1.1935296E-04   9.5010693E-05
   5.5072464E-01   2.8851422E+06   1.4457217E+06   4.3307443E+06   5.9915148E-05   7.5912728E-05   1.7426426E-05
   5.6521739E-01   2.7652726E+06   1.3921954E+06   4.1573320E+06   1.0259238E-04   1.0924564E-04   4.8412217E-05
   5.7971014E-01   2.6677446E+06   1.3342606E+06   4.0019105E+06   1.4617100E-04   9.5106947E-05   7.7905686E-05
   5.9420290E-01   2.5772842E+06   1.2818132E+06   3.8589681E+06   1.3907149E-04   1.4019853E-04   1.1433103E-04
   6.0869565E-01   2.4724948E+06   1.2259097E+06   3.6982241E+06   2.2994366E-05   1.7607492E-04   6.3943317E-05
   6.2318841E-01   2.3657597E+06   1.1728530E+06   3.5385598E+06   2.2036220E-04   1.0228154E-04   1.1816624E-04
   6.3768116E-01   2.2714879E+06   1.1213125E+06   3.3927316E+06   1.6582554E-04   1.3527574E-04   7.8870364E-05
   6.5217391E-01   2.1874848E+06   1.0809535E+06   3.2683204E+06   1.4782430E-04   1.3926787E-04   5.2292241E-05
   6.6666667E-01   2.0860985E+06   1.0231587E+06   3.1091748E+06   1.0127752E-04   2.3556136E-04   1.4513467E-04
   6.8115942E-01   1.9963782E+06   9.7796398E+05   2.9742616E+06   2.0773341E-04   7.5965933E-05   1.2321440E-04
   6.9565217E-01   1.8980988E+06   9.3571009E+05   2.8337142E+06   2.0316119E-04   1.0537526E-04   1.6769338E-04
   7.1014493E-01   1.8082690E+06   8.8021167E+05   2.6884034E+06   2.4950163E-04   2.1529749E-04   2.3126544E-04
   7.2463768E-01   1.7220779E+06   8.4416413E+05   2.5662420E+06   1.1344479E-04   2.3960201E-04   8.7135997E-05
   7.3913043E-01   1.6414657E+06   7.9063137E+05   2.4320970E+06   2.4433717E-04   1.8191517E-04   1.8128942E-04
   7.5362319E-01   1.5609959E+06   7.4959101E+05   2.3105577E+06   3.4164670E-04   2.3394722E-04   3.0356050E-04
   7.6811594E-01   1.4733832E+06   7.1420257E+05   2.1875715E+06   3.7850871E-04   4.9210766E-05   2.4338754E-04
   7.8260870E-01   1.3851286E+06   6.7427339E+05   2.0593319E+06   6.4673536E-05   2.4091792E-04   1.2259513E-04
   7.9710145E-01   1.3092037E+06   6.3174574E+05   1.9409219E+06   4.1928520E-04   1.7439083E-04   3.3567359E-04
   8.1159420E-01   1.2260450E+06   5.9498567E+05   1.8209766E+06   4.1084858E-04   4.6278893E-04   4.1819246E-04
   8.2608696E-01   1.1425074E+06   5.5165889E+05   1.6941530E+06   2.7919030E-04   7.8463733E-04   4.4309901E-04
   8.4057971E-01   1.0680168E+06   5.0798406E+05   1.5760009E+06   5.8384776E-04   6.5918981E-04   5.3639230E-04
   8.5507246E-01   9.9900518E+05   4.7709157E+05   1.4760839E+06   4.5199673E-04   3.6099439E-04   4.1894929E-04
   8.6956522E-01   9.2283488E+05   4.3581225E+05   1.3586345E+06   3.4886031E-05   4.9959936E-04   1.7909096E-04
   8.8405797E-01   8.4967126E+05   4.0121536E+05   1.2508245E+06   2.9575231E-04   3.2807090E-04   3.0207390E-04
   8.9855072E-01   7.7518907E+05   3.6845557E+05   1.1436446E+06   3.7172964E-04   8.2026348E-04   4.8997275E-04
   9.1304348E-01   7.0088238E+05   3.3098660E+05   1.0318690E+06   1.8408532E-04   2.3521021E-04   5.5712639E-05
   9.2753623E-01   6.2599706E+05   2.9531603E+05   9.2130125E+05   8.6481663E-04   7.4321543E-04   7.5193428E-04
   9.4202899E-01   5.5475651E+05   2.5894777E+05   8.1369262E+05   9.1243806E-04   5.4989284E-04   7.8523973E-04
   9.5652174E-01   4.7165664E+05   2.1652900E+05   6.8818564E+05   4.5352931E-04   5.5203425E-04   4.7430258E-04
   9.7101449E-01   3.8020286E+05   1.7434729E+05   5.5453885E+05   5.0505525E-04   1.3904182E-03   5.6816399E-04
   9.8550725E-01   2.6667874E+05   1.2167245E+05   3.8835119E+05   1.4897186E-03   1.1527186E-03   8.1210540E-04
   1.0000000E+00   1.3749775E+05   6.0290673E+04   1.9778842E+05   3.8592129E-03   2.8207942E-03   2.5976821E-03
