   0.0000000E+00   3.7257046E+10   1.8699693E+10   5.5874260E+10   2.5166690E-07   3.6112653E-07   1.9087767E-07
   1.4492754E-02   8.3578356E+05   4.4024501E+05   1.2760286E+06   5.2570337E-03   1.0036393E-02   3.2360051E-03
   2.8985507E-02   8.2706959E+05   4.1675518E+05   1.2438248E+06   1.0187164E-03   3.2625738E-03   1.3851442E-03
   4.3478261E-02   8.9968602E+05   4.2988928E+05   1.3295753E+06   9.0809120E-03   5.7471334E-03   7.9219008E-03
   5.7971014E-02   8.6230435E+05   4.3456199E+05   1.2968663E+06   1.4814064E-02   1.5961909E-02   1.4412763E-02
   7.2463768E-02   8.9215917E+05   4.3963882E+05   1.3317980E+06   2.0002230E-02   2.3168292E-02   2.0953761E-02
   8.6956522E-02   9.4641312E+05   4.6676580E+05   1.4131789E+06   3.1775783E-02   3.2915022E-02   3.2147537E-02
   1.0144928E-01   1.0002124E+06   4.9880723E+05   1.4990197E+06   4.1033008E-02   4.5504000E-02   4.2519990E-02
   1.1594203E-01   1.0243653E+06   5.1734472E+05   1.5417100E+06   5.0923321E-02   4.9229338E-02   5.0338960E-02
   1.3043478E-01   1.0461818E+06   5.2098607E+05   1.5671678E+06   4.7777106E-02   4.8795648E-02   4.8107715E-02
   1.4492754E-01   1.0100630E+06   5.0434954E+05   1.5144125E+06   4.1072421E-02   4.0361863E-02   4.0835261E-02
   1.5942029E-01   9.4007568E+05   4.8274715E+05   1.4228228E+06   3.3734812E-02   3.0819877E-02   3.2743900E-02
   1.7391304E-01   8.5371666E+05   4.2944727E+05   1.2831639E+06   2.3683952E-02   1.9199690E-02   2.2135498E-02
   1.8840580E-01   7.6018476E+05   3.8248216E+05   1.1426669E+06   1.6820832E-02   1.9455861E-02   1.7698157E-02
   2.0289855E-01   6.9078524E+05   3.4087326E+05   1.0316585E+06   1.2777390E-02   1.1741254E-02   1.2390759E-02
   2.1739130E-01   6.1225124E+05   3.1259164E+05   9.2484288E+05   1.0051751E-02   1.1001927E-02   1.0372849E-02
   2.3188406E-01   5.5693646E+05   2.8050465E+05   8.3744111E+05   6.5225465E-03   1.0356120E-02   7.7611272E-03
   2.4637681E-01   5.0282515E+05   2.4773532E+05   7.5056047E+05   6.5691529E-03   6.2219578E-03   6.2620064E-03
   2.6086957E-01   4.5262138E+05   2.2382700E+05   6.7644838E+05   3.0257361E-03   4.1511982E-03   3.3905780E-03
   2.7536232E-01   4.1041412E+05   2.0773949E+05   6.1815361E+05   4.8530166E-03   4.6839759E-03   4.7947546E-03
   2.8985507E-01   3.9186353E+05   1.9572339E+05   5.8758691E+05   4.5957158E-03   1.0679028E-03   3.0047772E-03
   3.0434783E-01   3.6223422E+05   1.8207330E+05   5.4430752E+05   4.5096528E-03   2.9839865E-03   2.2591129E-03
   3.1884058E-01   3.3719282E+05   1.7021521E+05   5.0740804E+05   3.0880473E-03   1.5958650E-03   2.5410105E-03
   3.3333333E-01   3.2151097E+05   1.5935532E+05   4.8086629E+05   3.0706487E-03   1.0809499E-03   1.7010081E-03
   3.4782609E-01   2.9804310E+05   1.4914784E+05   4.4719093E+05   4.6455482E-03   3.7317244E-03   4.3133473E-03
   3.6231884E-01   2.8545456E+05   1.3796870E+05   4.2342326E+05   2.8800835E-03   3.9151778E-03   2.9065353E-03
   3.7681159E-01   2.6430438E+05   1.3406111E+05   3.9836549E+05   2.4539459E-03   4.4406940E-03   2.2896316E-03
   3.9130435E-01   2.5580629E+05   1.2915201E+05   3.8495830E+05   2.8973289E-03   2.5311303E-03   1.7150759E-03
   4.0579710E-01   2.3811875E+05   1.1961415E+05   3.5773290E+05   4.2028472E-03   6.8780948E-03   4.6585957E-03
   4.2028986E-01   2.3429741E+05   1.1629952E+05   3.5059693E+05   4.2487066E-03   1.9803477E-03   3.4332597E-03
   4.3478261E-01   2.2151169E+05   1.0936666E+05   3.3087835E+05   3.9123213E-03   7.7484834E-04   2.3669226E-03
   4.4927536E-01   2.0397783E+05   1.0495875E+05   3.0893658E+05   4.5942575E-03   2.9356621E-03   4.0190067E-03
   4.6376812E-01   1.9855069E+05   9.6587748E+04   2.9513844E+05   4.2750482E-03   1.7354417E-03   3.2993365E-03
   4.7826087E-01   1.8794166E+05   9.3775655E+04   2.8171731E+05   3.5273596E-03   3.0482248E-03   3.3669929E-03
   4.9275362E-01   1.8359514E+05   9.0683252E+04   2.7427839E+05   3.4144382E-03   4.0594582E-03   1.8683505E-03
   5.0724638E-01   1.7443098E+05   8.6944872E+04   2.6137586E+05   2.0029342E-03   4.1520909E-03   2.6157502E-03
   5.2173913E-01   1.6914367E+05   8.2046044E+04   2.5118971E+05   1.4837701E-03   1.7875672E-03   4.7256992E-04
   5.3623188E-01   1.5789594E+05   7.8907012E+04   2.3680295E+05   2.0463764E-03   1.7798051E-03   1.6909306E-03
   5.5072464E-01   1.5382055E+05   7.5993013E+04   2.2981356E+05   2.1768884E-03   4.4983170E-03   1.1613503E-03
   5.6521739E-01   1.4667062E+05   7.3481029E+04   2.2015165E+05   2.4426995E-03   5.4254328E-03   1.2085516E-03
   5.7971014E-01   1.4370476E+05   7.0677889E+04   2.1438265E+05   2.9855662E-03   5.1883130E-03   3.2724737E-03
   5.9420290E-01   1.3691008E+05   6.5017504E+04   2.0192759E+05   4.7595729E-03   2.3127682E-03   3.8640782E-03
   6.0869565E-01   1.3045700E+05   6.4786486E+04   1.9524349E+05   6.5159121E-03   3.4602709E-03   5.4680294E-03
   6.2318841E-01   1.2618959E+05   6.2275382E+04   1.8846497E+05   4.7015922E-03   3.0010434E-03   3.3477439E-03
   6.3768116E-01   1.1982572E+05   6.0825590E+04   1.8065131E+05   5.9659592E-03   5.8578555E-03   5.3856384E-03
   6.5217391E-01   1.1702822E+05   5.7032314E+04   1.7406054E+05   4.9389293E-03   6.1272994E-03   5.2873626E-03
   6.6666667E-01   1.1278746E+05   5.4589986E+04   1.6737744E+05   5.7255219E-04   4.4776096E-03   1.2713642E-03
   6.8115942E-01   1.0746963E+05   5.1397118E+04   1.5886675E+05   4.1910923E-03   5.8174440E-03   4.4496617E-03
   6.9565217E-01   9.9610802E+04   5.0168483E+04   1.4977928E+05   9.6335252E-03   1.3935135E-03   6.5459672E-03
   7.1014493E-01   9.6139775E+04   4.8634324E+04   1.4477410E+05   4.3662260E-03   4.2615618E-03   3.3781227E-03
   7.2463768E-01   9.2125626E+04   4.5388427E+04   1.3751405E+05   3.3095458E-03   4.0694447E-03   2.8929015E-03
   7.3913043E-01   8.8833483E+04   4.2507542E+04   1.3134103E+05   5.0821810E-03   1.9642774E-03   3.8649818E-03
   7.5362319E-01   8.4065056E+04   4.1471512E+04   1.2553657E+05   2.8910181E-03   4.0298254E-03   3.0761300E-03
   7.6811594E-01   8.1063528E+04   3.8444414E+04   1.1950794E+05   6.0493858E-03   8.5019939E-04   4.1972143E-03
   7.8260870E-01   7.7064627E+04   3.7872802E+04   1.1493743E+05   3.8712020E-03   5.7402820E-03   4.3549000E-03
   7.9710145E-01   7.1943654E+04   3.4470131E+04   1.0641378E+05   4.0145928E-04   7.1014421E-03   2.0309282E-03
   8.1159420E-01   6.8033929E+04   3.4111682E+04   1.0214561E+05   4.9476202E-03   3.6888377E-03   4.0445037E-03
   8.2608696E-01   6.5431227E+04   3.0522165E+04   9.5953393E+04   5.8898628E-03   3.3082866E-03   5.0381710E-03
   8.4057971E-01   5.9704425E+04   2.8911574E+04   8.8615999E+04   4.0201550E-03   3.4161243E-03   2.9768190E-03
   8.5507246E-01   5.6329375E+04   2.8074786E+04   8.4404161E+04   2.3742681E-03   3.4756064E-03   2.5982152E-03
   8.6956522E-01   5.2309089E+04   2.6495526E+04   7.8804615E+04   4.7517178E-03   8.0398418E-03   5.8569239E-03
   8.8405797E-01   4.8147334E+04   2.2210380E+04   7.0357714E+04   4.7518486E-03   6.2617794E-03   5.1596265E-03
   8.9855072E-01   4.4938674E+04   2.1827705E+04   6.6766379E+04   4.7563498E-03   5.6290192E-03   4.0604966E-03
   9.1304348E-01   4.1687545E+04   1.8931390E+04   6.0618935E+04   4.3507756E-03   6.8484106E-04   2.7969007E-03
   9.2753623E-01   3.5968813E+04   1.7830491E+04   5.3799305E+04   7.6092048E-03   3.4212558E-03   5.8755019E-03
   9.4202899E-01   3.1300354E+04   1.5621033E+04   4.6921387E+04   5.8795640E-03   2.3967286E-03   3.4372691E-03
   9.5652174E-01   2.5407141E+04   1.2514136E+04   3.7921277E+04   9.7432243E-03   4.3198490E-03   6.3594915E-03
   9.7101449E-01   1.8864251E+04   9.2737923E+03   2.8138043E+04   5.4779877E-03   5.9944527E-03   2.4049814E-03
   9.8550725E-01   1.0664030E+04   5.4713046E+03   1.6135334E+04   1.1924101E-02   5.9563810E-03   8.8811856E-03
   1.0000000E+00   4.2455138E+03   1.7944955E+03   6.0400094E+03   2.6971021E-02   2.2805719E-02   2.1934663E-02
