   0.0000000E+00   2.3163228E+10   1.3118471E+10   3.6256482E+10   4.8876248E-07   4.9431842E-07   4.1883762E-07
   1.4492754E-02   2.8301465E+06   1.2434459E+06   4.0735924E+06   2.7384493E-03   2.9197982E-03   1.2532997E-03
   2.8985507E-02   2.8854613E+06   1.2741342E+06   4.1595955E+06   8.7047377E-04   1.5874553E-03   1.0089942E-03
   4.3478261E-02   2.9157708E+06   1.3214928E+06   4.2372635E+06   1.8440494E-03   4.5459815E-04   1.3612232E-03
   5.7971014E-02   2.9023209E+06   1.3334271E+06   4.2355586E+06   4.4461985E-05   7.1829120E-04   2.3917141E-04
   7.2463768E-02   2.9769959E+06   1.3730189E+06   4.3500148E+06   5.4975557E-04   1.7861878E-03   1.9418338E-04
   8.6956522E-02   3.0266529E+06   1.4009288E+06   4.4274554E+06   6.0980218E-04   3.4247202E-04   4.3611197E-04
   1.0144928E-01   3.1198184E+06   1.4662205E+06   4.5860389E+06   2.6797107E-04   2.6061025E-04   2.0797552E-04
   1.1594203E-01   3.2131824E+06   1.4813752E+06   4.6945576E+06   3.0646916E-04   1.0923183E-04   2.1801457E-04
   1.3043478E-01   3.2945549E+06   1.5526025E+06   4.8471574E+06   3.5898968E-04   3.7810935E-04   1.7949377E-04
   1.4492754E-01   3.3286615E+06   1.5876099E+06   4.9162714E+06   2.5864586E-04   3.4617165E-04   1.9689213E-04
   1.5942029E-01   3.3585645E+06   1.5994444E+06   4.9578711E+06   4.1752755E-04   7.7554931E-04   2.5334215E-04
   1.7391304E-01   3.3492593E+06   1.5948463E+06   4.9440424E+06   3.4154687E-04   9.1078285E-05   2.5534664E-04
   1.8840580E-01   3.2951637E+06   1.5334259E+06   4.8285313E+06   5.0904772E-04   5.3188244E-04   4.5424263E-04
   2.0289855E-01   3.1332412E+06   1.4595091E+06   4.5926420E+06   1.0653840E-04   6.5071330E-04   1.3567174E-04
   2.1739130E-01   3.0022538E+06   1.3745343E+06   4.3767376E+06   2.4403624E-04   2.3160974E-04   1.5064091E-04
   2.3188406E-01   2.8405654E+06   1.2939775E+06   4.1345429E+06   2.7049049E-04   3.5912660E-04   2.9014631E-04
   2.4637681E-01   2.6796244E+06   1.1917415E+06   3.8711876E+06   4.2530024E-04   4.3958719E-04   2.4275036E-04
   2.6086957E-01   2.5210741E+06   1.1380363E+06   3.6589000E+06   1.7895895E-04   3.5101473E-04   2.1715843E-04
   2.7536232E-01   2.3927729E+06   1.0550885E+06   3.4477418E+06   1.1109493E-04   4.2037745E-04   1.4915919E-04
   2.8985507E-01   2.2639657E+06   9.8926313E+05   3.2531909E+06   5.1868623E-04   3.8686121E-04   3.9528147E-04
   3.0434783E-01   2.1751373E+06   9.3988215E+05   3.1149833E+06   2.9002615E-04   3.1332975E-04   2.4547548E-04
   3.1884058E-01   2.0771973E+06   9.0335990E+05   2.9805917E+06   7.4834389E-04   5.6559019E-04   6.1628970E-04
   3.3333333E-01   1.9992059E+06   8.4879687E+05   2.8479039E+06   9.6401917E-04   4.1603127E-04   7.9320361E-04
   3.4782609E-01   1.9123064E+06   8.0790517E+05   2.7201168E+06   3.6043886E-04   2.1463384E-04   1.9546158E-04
   3.6231884E-01   1.8395119E+06   7.7831681E+05   2.6177984E+06   6.0224838E-04   2.7545397E-04   3.4273305E-04
   3.7681159E-01   1.7699563E+06   7.4642892E+05   2.5163270E+06   7.5941521E-04   8.7465704E-04   7.9257120E-04
   3.9130435E-01   1.7207358E+06   7.1810986E+05   2.4388176E+06   9.7152317E-04   4.4256845E-04   7.2427117E-04
   4.0579710E-01   1.6650722E+06   6.8607644E+05   2.3511216E+06   3.5236516E-04   1.3153647E-03   6.1802706E-04
   4.2028986E-01   1.6173498E+06   6.6819311E+05   2.2854906E+06   8.5105294E-04   1.0183607E-03   8.9910176E-04
   4.3478261E-01   1.5533855E+06   6.4306587E+05   2.1964261E+06   7.2025721E-04   1.2171436E-03   8.4181370E-04
   4.4927536E-01   1.4996587E+06   6.2080633E+05   2.1204650E+06   6.3568776E-04   5.5580994E-04   2.8685736E-04
   4.6376812E-01   1.4467561E+06   5.9757009E+05   2.0442552E+06   6.5373131E-04   1.2314188E-03   8.2204683E-04
   4.7826087E-01   1.4014684E+06   5.6958837E+05   1.9710568E+06   6.7604750E-04   1.9586437E-04   5.2483622E-04
   4.9275362E-01   1.3580201E+06   5.5158773E+05   1.9095633E+06   6.8556037E-04   1.7502838E-03   9.4054894E-04
   5.0724638E-01   1.2906854E+06   5.2667029E+05   1.8173340E+06   9.2681146E-04   6.8630001E-04   7.2937357E-04
   5.2173913E-01   1.2551277E+06   5.1014622E+05   1.7652318E+06   1.0737219E-03   4.2655011E-04   8.3642457E-04
   5.3623188E-01   1.1977155E+06   4.7860287E+05   1.6763183E+06   9.2031105E-04   6.5203050E-04   6.2262371E-04
   5.5072464E-01   1.1502044E+06   4.5689528E+05   1.6070598E+06   1.3953921E-03   1.4160304E-03   1.2363850E-03
   5.6521739E-01   1.0974553E+06   4.3843810E+05   1.5358934E+06   5.9663512E-04   1.3652634E-03   7.7833809E-04
   5.7971014E-01   1.0456198E+06   4.2115005E+05   1.4667509E+06   9.2501694E-04   1.0187502E-03   9.4859557E-04
   5.9420290E-01   1.0041120E+06   3.9662895E+05   1.4007225E+06   9.9086501E-04   1.0919989E-03   9.2560979E-04
   6.0869565E-01   9.6129723E+05   3.7336573E+05   1.3346449E+06   1.0748940E-03   3.5464638E-04   8.7333299E-04
   6.2318841E-01   9.0264061E+05   3.5479699E+05   1.2574376E+06   1.5478771E-03   5.0080391E-04   1.2449419E-03
   6.3768116E-01   8.5908397E+05   3.3653842E+05   1.1955879E+06   1.7862188E-03   3.5914454E-04   1.2031950E-03
   6.5217391E-01   8.1087928E+05   3.1801367E+05   1.1288761E+06   1.2948127E-03   2.1344040E-03   1.5299369E-03
   6.6666667E-01   7.6389741E+05   2.9606090E+05   1.0599583E+06   2.1637186E-03   1.6351852E-03   1.9455915E-03
   6.8115942E-01   7.3195751E+05   2.7697694E+05   1.0089183E+06   1.4444663E-03   1.7100695E-03   1.4841697E-03
   6.9565217E-01   6.7598005E+05   2.5546777E+05   9.3143203E+05   1.9821360E-03   1.7446548E-03   1.9159637E-03
   7.1014493E-01   6.3622046E+05   2.4236749E+05   8.7858795E+05   1.2615315E-03   2.3351337E-03   1.5382832E-03
   7.2463768E-01   5.8403313E+05   2.2168344E+05   8.0571657E+05   1.9446723E-03   1.3871824E-03   1.5554271E-03
   7.3913043E-01   5.4237603E+05   2.0542093E+05   7.4779696E+05   2.7585525E-03   2.3764171E-03   2.6529174E-03
   7.5362319E-01   4.9602609E+05   1.8060362E+05   6.7662972E+05   3.2555327E-03   2.7217381E-03   3.0887646E-03
   7.6811594E-01   4.4584941E+05   1.6468620E+05   6.1053561E+05   3.0590220E-03   3.9279442E-03   3.2916026E-03
   7.8260870E-01   4.0801314E+05   1.4370336E+05   5.5170247E+05   4.4853754E-03   3.5994161E-03   4.2439013E-03
   7.9710145E-01   3.6383760E+05   1.3121244E+05   4.9505004E+05   2.5808802E-03   2.4930273E-03   2.0205282E-03
   8.1159420E-01   3.3048144E+05   1.1669145E+05   4.4715936E+05   3.7848149E-03   3.3919670E-03   3.6404623E-03
   8.2608696E-01   2.9751135E+05   1.0358393E+05   4.0109528E+05   4.1774236E-03   2.1304695E-03   3.6258999E-03
   8.4057971E-01   2.7109990E+05   9.5801433E+04   3.6690133E+05   3.9633423E-03   4.0653007E-03   3.9003900E-03
   8.5507246E-01   2.5231347E+05   8.6497569E+04   3.3881104E+05   4.4468245E-03   2.8530327E-03   4.0329714E-03
   8.6956522E-01   2.3124861E+05   7.8690955E+04   3.0993956E+05   5.8300127E-03   6.6567745E-03   5.9751376E-03
   8.8405797E-01   2.1374385E+05   7.3214754E+04   2.8695861E+05   5.7066552E-03   6.3808854E-03   5.5820228E-03
   8.9855072E-01   1.9594826E+05   6.6790822E+04   2.6273908E+05   5.8418893E-03   4.3151624E-03   5.3889821E-03
   9.1304348E-01   1.7942724E+05   5.9307930E+04   2.3873517E+05   6.5957097E-03   4.2951887E-03   5.9170349E-03
   9.2753623E-01   1.6072305E+05   5.3384917E+04   2.1410797E+05   5.7030234E-03   9.2421689E-03   6.5125615E-03
   9.4202899E-01   1.4310732E+05   4.8227026E+04   1.9133434E+05   1.0583211E-02   3.0910825E-03   8.6536177E-03
   9.5652174E-01   1.2112306E+05   3.9367865E+04   1.6049093E+05   8.6285486E-03   6.5140188E-03   8.0223168E-03
   9.7101449E-01   8.7987931E+04   2.8386852E+04   1.1637478E+05   8.5624827E-03   2.1893405E-03   6.1881506E-03
   9.8550725E-01   4.9698612E+04   1.6179907E+04   6.5878519E+04   1.1649429E-02   2.8059143E-03   9.4620604E-03
   1.0000000E+00   2.0417858E+04   6.2369662E+03   2.6654824E+04   1.9749795E-02   9.2083921E-03   1.5697575E-02
