   0.0000000E+00   3.9826640E+06   1.9216202E+06   5.9042842E+06   2.3595127E-03   3.4370732E-03   8.4067843E-04
   1.4492754E-02   3.9182564E+06   1.9769350E+06   5.8951914E+06   4.5525318E-04   1.0428718E-03   1.0342068E-04
   2.8985507E-02   3.9500813E+06   1.9288187E+06   5.8789001E+06   1.8970629E-04   6.7142124E-04   9.2828252E-05
   4.3478261E-02   3.9185090E+06   1.9443523E+06   5.8628613E+06   3.6496609E-04   1.7818314E-04   1.9625348E-04
   5.7971014E-02   3.9694036E+06   1.9799660E+06   5.9493696E+06   4.0788151E-04   3.5943576E-04   1.5905501E-04
   7.2463768E-02   3.9881197E+06   1.9934537E+06   5.9815734E+06   2.4976025E-04   9.0051078E-05   1.9111123E-04
   8.6956522E-02   4.0095637E+06   2.0115383E+06   6.0211020E+06   1.2400251E-04   4.4304075E-04   1.5158678E-04
   1.0144928E-01   4.1017369E+06   2.0824769E+06   6.1842138E+06   3.6683055E-04   2.5232274E-04   2.1537819E-04
   1.1594203E-01   4.1582695E+06   2.0860491E+06   6.2443186E+06   1.8640379E-04   2.2740537E-04   1.9599931E-04
   1.3043478E-01   4.2233717E+06   2.0969942E+06   6.3203659E+06   1.0952629E-04   2.5333713E-04   1.4763055E-04
   1.4492754E-01   4.3497117E+06   2.1731130E+06   6.5228247E+06   6.9793058E-05   1.9566034E-04   3.9060343E-05
   1.5942029E-01   4.4269044E+06   2.2293302E+06   6.6561657E+06   2.1370745E-04   3.6401536E-04   2.2302055E-05
   1.7391304E-01   4.5207833E+06   2.2614020E+06   6.7821222E+06   1.8536385E-04   8.5597299E-05   9.5062114E-05
   1.8840580E-01   4.6267985E+06   2.3060842E+06   6.9327661E+06   2.3483187E-04   1.1710436E-04   1.4827353E-04
   2.0289855E-01   4.6414078E+06   2.3425430E+06   6.9837884E+06   1.2961860E-04   1.1198491E-04   5.2558015E-05
   2.1739130E-01   4.7484832E+06   2.3751004E+06   7.1233310E+06   1.8529725E-05   1.5882890E-04   5.9575778E-05
   2.3188406E-01   4.7967100E+06   2.4136281E+06   7.2102434E+06   1.0680045E-04   1.4276472E-04   1.1695293E-04
   2.4637681E-01   4.7967406E+06   2.4185172E+06   7.2150796E+06   7.2290636E-05   1.2843414E-04   8.5513239E-05
   2.6086957E-01   4.8196684E+06   2.4161276E+06   7.2354171E+06   6.8096629E-05   1.7962971E-04   1.0504397E-04
   2.7536232E-01   4.8246690E+06   2.4069306E+06   7.2313205E+06   1.3911329E-04   8.8582901E-05   1.1155872E-04
   2.8985507E-01   4.7960186E+06   2.4247953E+06   7.2206623E+06   9.7353810E-05   1.3020272E-04   1.0581012E-04
   3.0434783E-01   4.7611122E+06   2.3932211E+06   7.1541168E+06   1.7002837E-04   1.7514269E-04   1.4703508E-04
   3.1884058E-01   4.7202173E+06   2.3736790E+06   7.0937586E+06   1.0986955E-04   6.4147180E-05   6.6133564E-05
   3.3333333E-01   4.6546776E+06   2.3305345E+06   6.9849485E+06   7.8921918E-05   1.7813800E-04   6.4298571E-05
   3.4782609E-01   4.5473357E+06   2.2865652E+06   6.8338061E+06   6.9686595E-05   1.5592262E-04   6.4092065E-05
   3.6231884E-01   4.4614627E+06   2.2326560E+06   6.6939065E+06   1.7745306E-04   6.4342860E-05   1.3713220E-04
   3.7681159E-01   4.3861297E+06   2.1918116E+06   6.5777081E+06   1.2387673E-04   9.8814988E-05   9.1811355E-05
   3.9130435E-01   4.2674327E+06   2.1372103E+06   6.4043905E+06   1.4249166E-04   2.4193155E-04   1.7198006E-04
   4.0579710E-01   4.1468493E+06   2.0865633E+06   6.2330608E+06   9.5458722E-05   2.4928853E-04   1.4494367E-04
   4.2028986E-01   4.0107003E+06   2.0291666E+06   6.0395272E+06   2.5720718E-04   1.5210214E-04   1.8778025E-04
   4.3478261E-01   3.8862041E+06   1.9581937E+06   5.8442715E+06   5.9007158E-06   3.4287661E-05   1.1045398E-05
   4.4927536E-01   3.7681512E+06   1.8812646E+06   5.6493425E+06   1.9061447E-04   1.1899825E-04   1.4129135E-04
   4.6376812E-01   3.6468209E+06   1.8318758E+06   5.4784599E+06   1.0736101E-04   6.3977193E-05   9.2610446E-05
   4.7826087E-01   3.5038663E+06   1.7708077E+06   5.2745591E+06   1.3275216E-04   1.0459976E-04   5.4452447E-05
   4.9275362E-01   3.3917408E+06   1.6996257E+06   5.0912105E+06   4.5904615E-05   1.4179946E-04   4.9390475E-05
   5.0724638E-01   3.2564275E+06   1.6408247E+06   4.8971223E+06   9.5579814E-05   1.2174746E-04   2.7176379E-05
   5.2173913E-01   3.1392399E+06   1.5690411E+06   4.7081337E+06   7.2071800E-05   1.8768141E-04   1.5419819E-05
   5.3623188E-01   3.0134983E+06   1.5174189E+06   4.5307124E+06   6.3892429E-05   1.4532551E-05   4.6122919E-05
   5.5072464E-01   2.8791801E+06   1.4419131E+06   4.3210134E+06   1.0132615E-05   9.7266404E-05   3.4274189E-05
   5.6521739E-01   2.7505842E+06   1.3745732E+06   4.1250019E+06   6.1940577E-05   1.2759832E-04   8.3405853E-05
   5.7971014E-01   2.6552609E+06   1.3216443E+06   3.9768105E+06   7.7084714E-05   2.9770115E-04   1.2989215E-04
   5.9420290E-01   2.5333540E+06   1.2704287E+06   3.8037457E+06   1.0070769E-04   1.5687098E-04   1.1315696E-04
   6.0869565E-01   2.4199764E+06   1.2143452E+06   3.6342134E+06   9.3038081E-05   5.3209394E-05   6.8415368E-05
   6.2318841E-01   2.2957836E+06   1.1558833E+06   3.4515611E+06   1.1706130E-04   7.3518979E-05   8.9442597E-05
   6.3768116E-01   2.2000712E+06   1.1021969E+06   3.3021648E+06   4.5281461E-05   3.4902285E-05   4.1807545E-05
   6.5217391E-01   2.0910670E+06   1.0476804E+06   3.1386127E+06   8.8233939E-05   1.1476413E-04   8.0326434E-05
   6.6666667E-01   1.9895365E+06   1.0012667E+06   2.9907208E+06   8.0126880E-05   1.4276708E-04   1.0043893E-04
   6.8115942E-01   1.8974533E+06   9.4992773E+05   2.8473004E+06   8.1389897E-05   6.8140401E-05   3.5542414E-05
   6.9565217E-01   1.8118116E+06   9.0342735E+05   2.7152389E+06   5.2999446E-05   8.8684499E-05   6.2279415E-05
   7.1014493E-01   1.7119591E+06   8.5998474E+05   2.5718975E+06   2.8632753E-06   1.3639752E-04   4.5646958E-05
   7.2463768E-01   1.6272395E+06   8.0779277E+05   2.4349717E+06   2.2057989E-04   1.3620505E-04   1.3720676E-04
   7.3913043E-01   1.5379232E+06   7.7483776E+05   2.3127164E+06   8.6354048E-05   1.5324111E-04   8.9361165E-05
   7.5362319E-01   1.4525958E+06   7.2860754E+05   2.1811742E+06   2.7834952E-04   1.5279160E-04   2.0078434E-04
   7.6811594E-01   1.3693017E+06   6.8628069E+05   2.0555252E+06   1.1834561E-04   2.4223359E-04   1.3261545E-04
   7.8260870E-01   1.2982275E+06   6.4554956E+05   1.9437209E+06   1.5420284E-05   7.5867997E-06   1.2066279E-05
   7.9710145E-01   1.2164154E+06   6.1037756E+05   1.8267654E+06   9.0741473E-05   1.4685417E-04   1.0677541E-04
   8.1159420E-01   1.1404749E+06   5.7705708E+05   1.7174778E+06   2.5490210E-04   3.4145621E-04   1.8428059E-04
   8.2608696E-01   1.0682093E+06   5.3322063E+05   1.6014300E+06   1.2557077E-04   3.1748137E-04   1.5059498E-04
   8.4057971E-01   9.9844873E+05   5.0392102E+05   1.5023567E+06   5.4218781E-05   1.5680915E-04   4.8945086E-05
   8.5507246E-01   9.2505522E+05   4.6509621E+05   1.3901386E+06   7.3239727E-05   1.9241791E-04   1.1310659E-04
   8.6956522E-01   8.5840200E+05   4.2988928E+05   1.2882660E+06   2.3489482E-04   9.6625834E-05   1.2810243E-04
   8.8405797E-01   7.8502763E+05   3.9752606E+05   1.1825537E+06   1.4041431E-04   2.7728512E-04   1.8420950E-04
   8.9855072E-01   7.1928766E+05   3.5737062E+05   1.0766338E+06   1.2296317E-04   3.2165528E-04   1.5000958E-04
   9.1304348E-01   6.4625317E+05   3.2366181E+05   9.6990296E+05   2.1063700E-04   3.8351097E-04   1.1556062E-04
   9.2753623E-01   5.7255294E+05   2.8520498E+05   8.5775793E+05   2.0972887E-04   1.7374832E-04   1.6592554E-04
   9.4202899E-01   5.0297395E+05   2.4692890E+05   7.4990285E+05   1.3340301E-04   4.5555916E-04   7.8060563E-05
   9.5652174E-01   4.1720293E+05   2.0868757E+05   6.2589050E+05   2.1725691E-04   3.4500008E-04   1.9376105E-04
   9.7101449E-01   3.2918570E+05   1.6444017E+05   4.9361456E+05   2.6530533E-04   2.8287997E-04   2.3672076E-04
   9.8550725E-01   2.2332060E+05   1.1107528E+05   3.3439588E+05   1.9374241E-04   2.3296418E-04   7.4872307E-05
   1.0000000E+00   1.0401509E+05   5.2018487E+04   1.5603358E+05   4.4218108E-04   5.7150430E-04   3.7300277E-04
