   0.0000000E+00   3.8493024E+06   2.0610438E+06   5.9103461E+06   1.9262367E-03   5.8005558E-03   2.6815649E-03
   1.4492754E-02   3.8720345E+06   1.9701154E+06   5.8421498E+06   1.2195107E-03   2.0940801E-03   8.9419711E-04
   2.8985507E-02   3.9084058E+06   1.9792082E+06   5.8876140E+06   3.6533305E-04   3.2880494E-04   2.6336052E-04
   4.3478261E-02   3.9167409E+06   2.0330075E+06   5.9497484E+06   4.2083451E-04   6.0512635E-04   4.7658778E-04
   5.7971014E-02   3.9675093E+06   1.9915214E+06   5.9590307E+06   4.3925803E-04   3.5376421E-04   3.1910878E-04
   7.2463768E-02   4.0273705E+06   2.0157311E+06   6.0426470E+06   3.7204104E-04   1.6443436E-03   3.9240056E-04
   8.6956522E-02   4.0085533E+06   2.0263142E+06   6.0348675E+06   5.0327632E-05   1.0064361E-03   3.2685508E-04
   1.0144928E-01   4.1003297E+06   2.0583376E+06   6.1586673E+06   6.5624244E-04   3.7035519E-04   5.4074911E-04
   1.1594203E-01   4.0938619E+06   2.0542242E+06   6.1480860E+06   6.0926755E-04   5.7742283E-04   5.8830331E-04
   1.3043478E-01   4.1715088E+06   2.1028035E+06   6.2743123E+06   2.7706438E-04   2.3525977E-04   1.8157002E-04
   1.4492754E-01   4.2531760E+06   2.1323468E+06   6.3855228E+06   2.8384837E-04   3.7904366E-04   1.9834415E-04
   1.5942029E-01   4.3055976E+06   2.1917878E+06   6.4973854E+06   4.6089933E-05   8.5432656E-05   5.7775412E-05
   1.7391304E-01   4.3595117E+06   2.2168218E+06   6.5761441E+06   5.0090567E-05   9.9164538E-06   3.1702910E-05
   1.8840580E-01   4.4014592E+06   2.2421428E+06   6.6436021E+06   6.7572731E-05   1.0315449E-04   6.8095818E-05
   2.0289855E-01   4.4956517E+06   2.2714240E+06   6.7669675E+06   7.2134582E-05   1.7217634E-04   6.4791808E-05
   2.1739130E-01   4.5240921E+06   2.2863442E+06   6.8103353E+06   2.4280022E-04   1.6647511E-04   1.4385145E-04
   2.3188406E-01   4.5570284E+06   2.2880333E+06   6.8449670E+06   3.2966071E-05   2.6728919E-04   6.9424338E-05
   2.4637681E-01   4.5824795E+06   2.2822583E+06   6.8645149E+06   2.1148055E-04   2.4409615E-04   1.6597359E-04
   2.6086957E-01   4.5608171E+06   2.3164010E+06   6.8769656E+06   1.6083070E-04   6.4541394E-05   1.0205736E-04
   2.7536232E-01   4.5512856E+06   2.3034796E+06   6.8545658E+06   4.1559653E-05   9.4074035E-05   2.5417191E-05
   2.8985507E-01   4.5673336E+06   2.2898424E+06   6.8570245E+06   8.7566212E-05   1.0556845E-04   7.9209059E-05
   3.0434783E-01   4.5026157E+06   2.2622770E+06   6.7647484E+06   1.0027588E-04   2.2765287E-04   1.4161922E-04
   3.1884058E-01   4.4747107E+06   2.2457938E+06   6.7203322E+06   1.2414533E-04   1.9208020E-04   4.3991128E-05
   3.3333333E-01   4.3998804E+06   2.2137442E+06   6.6133611E+06   1.4655799E-04   6.9515600E-05   7.9125509E-05
   3.4782609E-01   4.3116164E+06   2.1653273E+06   6.4768490E+06   1.0610179E-04   1.6697070E-04   1.1551414E-04
   3.6231884E-01   4.2464776E+06   2.1302100E+06   6.3765967E+06   1.0571723E-04   2.0502583E-04   3.8757404E-06
   3.7681159E-01   4.1415556E+06   2.0953459E+06   6.2368724E+06   4.4670395E-05   2.2169361E-04   5.8826244E-05
   3.9130435E-01   4.0663518E+06   2.0520913E+06   6.1183308E+06   4.4568754E-05   3.3979156E-04   1.4341791E-04
   4.0579710E-01   3.9653984E+06   1.9925769E+06   5.9578129E+06   1.1910340E-04   2.2494878E-04   4.3102751E-06
   4.2028986E-01   3.8371786E+06   1.9472788E+06   5.7842483E+06   1.2544783E-04   3.0665022E-04   8.5870159E-05
   4.3478261E-01   3.7710029E+06   1.8932556E+06   5.6641827E+06   8.5154967E-05   3.8379680E-04   1.6950018E-04
   4.4927536E-01   3.6537574E+06   1.8259010E+06   5.4795606E+06   1.0588527E-04   1.3163014E-04   1.0665936E-04
   4.6376812E-01   3.5355994E+06   1.7815810E+06   5.3170620E+06   1.8090912E-04   1.4372501E-04   1.5329021E-04
   4.7826087E-01   3.4220766E+06   1.7225192E+06   5.1444580E+06   1.1634705E-04   1.7885896E-04   1.3374976E-04
   4.9275362E-01   3.3158112E+06   1.6697396E+06   4.9854839E+06   1.3418217E-04   4.8283117E-05   1.0509173E-04
   5.0724638E-01   3.1981251E+06   1.6027646E+06   4.8007598E+06   1.1769467E-04   1.8003871E-04   2.1895926E-05
   5.2173913E-01   3.1024897E+06   1.5570647E+06   4.6594702E+06   9.7162222E-05   4.7183579E-05   4.9480226E-05
   5.3623188E-01   2.9827588E+06   1.4951578E+06   4.4778142E+06   8.9312179E-05   1.6831355E-04   6.0440309E-05
   5.5072464E-01   2.8711441E+06   1.4287723E+06   4.2997569E+06   1.2228978E-04   5.3211956E-05   9.8621434E-05
   5.6521739E-01   2.7580061E+06   1.3913211E+06   4.1492106E+06   2.7805136E-04   2.3004949E-04   1.0813839E-04
   5.7971014E-01   2.6563028E+06   1.3328588E+06   3.9890290E+06   4.4268601E-05   1.1761764E-04   3.8022505E-05
   5.9420290E-01   2.5650126E+06   1.2776549E+06   3.8425751E+06   1.2414138E-04   3.8929372E-04   2.0973287E-04
   6.0869565E-01   2.4324250E+06   1.2269922E+06   3.6592548E+06   1.0103098E-04   9.4232366E-05   9.8404834E-05
   6.2318841E-01   2.3465695E+06   1.1758664E+06   3.5223830E+06   2.7445172E-04   2.2727848E-04   2.5442118E-04
   6.3768116E-01   2.2504435E+06   1.1190221E+06   3.3693967E+06   1.3014931E-04   3.6825758E-04   1.2099347E-04
   6.5217391E-01   2.1561482E+06   1.0760871E+06   3.2321342E+06   3.0246899E-04   1.4052475E-04   1.6932130E-04
   6.6666667E-01   2.0565797E+06   1.0216761E+06   3.0781735E+06   2.3035245E-04   1.8286313E-04   1.3500399E-04
   6.8115942E-01   1.9518975E+06   9.8149471E+05   2.9333277E+06   4.0433555E-04   1.5264871E-04   3.2001188E-04
   6.9565217E-01   1.8683892E+06   9.3275807E+05   2.8010999E+06   2.8448567E-04   1.7916035E-04   1.3118527E-04
   7.1014493E-01   1.7833101E+06   8.8418593E+05   2.6674496E+06   9.7825889E-05   1.8042262E-04   1.1155046E-04
   7.2463768E-01   1.6978757E+06   8.4213340E+05   2.5399334E+06   3.9899638E-04   1.1759977E-04   3.0570040E-04
   7.3913043E-01   1.6232651E+06   8.0854961E+05   2.4317107E+06   2.7752559E-04   3.5491806E-04   1.5254424E-04
   7.5362319E-01   1.5427519E+06   7.6200624E+05   2.3047144E+06   3.4108698E-04   1.2237821E-04   1.9641062E-04
   7.6811594E-01   1.4557837E+06   7.2142251E+05   2.1771634E+06   3.9222255E-04   1.1229058E-04   2.6017200E-04
   7.8260870E-01   1.3757832E+06   6.8561138E+05   2.0613385E+06   1.5794756E-04   2.5496323E-04   1.5720786E-04
   7.9710145E-01   1.3036515E+06   6.4889814E+05   1.9524808E+06   2.2359845E-04   9.5025405E-05   1.6141462E-04
   8.1159420E-01   1.2314980E+06   6.1043809E+05   1.8418820E+06   2.8682404E-04   1.5305525E-04   1.4672141E-04
   8.2608696E-01   1.1571038E+06   5.7428464E+05   1.7313619E+06   7.8182651E-04   5.6709013E-04   6.8272329E-04
   8.4057971E-01   1.0811073E+06   5.3315921E+05   1.6142666E+06   3.2711634E-04   1.5159349E-04   2.6566613E-04
   8.5507246E-01   1.0084319E+06   4.9615057E+05   1.5045697E+06   5.5330776E-04   8.0278402E-04   5.2358349E-04
   8.6956522E-01   9.3867158E+05   4.6389903E+05   1.4025453E+06   4.4259478E-04   2.8883460E-04   3.5122740E-04
   8.8405797E-01   8.6425459E+05   4.3065530E+05   1.2948726E+06   4.1768030E-04   4.6332773E-04   4.2803397E-04
   8.9855072E-01   7.9958330E+05   3.9721290E+05   1.1967840E+06   4.2484838E-04   1.0401924E-03   6.2752115E-04
   9.1304348E-01   7.2093233E+05   3.5676167E+05   1.0776579E+06   4.1907659E-04   5.7033941E-04   4.6959416E-04
   9.2753623E-01   6.5116812E+05   3.2197889E+05   9.7312334E+05   6.1657156E-04   1.0409649E-03   7.1501937E-04
   9.4202899E-01   5.7005114E+05   2.7939500E+05   8.4944614E+05   1.1028533E-03   7.8844395E-04   7.8153702E-04
   9.5652174E-01   4.8274715E+05   2.3734379E+05   7.2009095E+05   9.0597806E-04   4.3242003E-04   7.4937211E-04
   9.7101449E-01   3.8900166E+05   1.8970560E+05   5.7870726E+05   1.2073731E-03   9.1362112E-04   1.0362447E-03
   9.8550725E-01   2.6461725E+05   1.2849208E+05   3.9310933E+05   1.9099513E-03   2.0042660E-03   1.9380528E-03
   1.0000000E+00   1.2583353E+05   5.9437194E+04   1.8527072E+05   9.7130405E-04   2.0993578E-03   1.1979568E-03
