   0.0000000E+00   3.4734650E+06   2.1944054E+06   5.6678704E+06   6.2043430E-03   4.6213095E-04   3.9480477E-03
   1.4492754E-02   3.4219389E+06   2.0602860E+06   5.4822249E+06   3.5134134E-03   3.8407147E-05   2.1831078E-03
   2.8985507E-02   3.4173924E+06   2.0580128E+06   5.4754053E+06   2.8269498E-04   8.3485551E-05   2.0503265E-04
   4.3478261E-02   3.4782640E+06   2.0557396E+06   5.5340036E+06   2.1025865E-03   2.9549710E-05   1.3205830E-03
   5.7971014E-02   3.4134143E+06   2.0718415E+06   5.4850664E+06   1.5139572E-03   8.7658662E-06   9.4449083E-04
   7.2463768E-02   3.5071085E+06   2.0931718E+06   5.6002803E+06   1.4324717E-03   1.9750595E-05   8.9738102E-04
   8.6956522E-02   3.5306741E+06   2.1109281E+06   5.6414759E+06   1.1825215E-03   3.4756852E-05   7.4660817E-04
   1.0144928E-01   3.4948981E+06   2.1568433E+06   5.6516332E+06   9.9364890E-04   2.3046308E-05   6.1236969E-04
   1.1594203E-01   3.5297269E+06   2.1605914E+06   5.6902236E+06   1.2170892E-03   4.0626787E-05   7.5122826E-04
   1.3043478E-01   3.4945974E+06   2.1958367E+06   5.6904341E+06   8.3144095E-04   3.4279449E-05   5.1649330E-04
   1.4492754E-01   3.5594681E+06   2.2158494E+06   5.7752417E+06   7.6511246E-04   3.3953126E-05   4.6907745E-04
   1.5942029E-01   3.5716952E+06   2.2616373E+06   5.8333325E+06   4.1653416E-04   9.4476858E-06   2.5395479E-04
   1.7391304E-01   3.5731073E+06   2.3042773E+06   5.8773846E+06   8.4153054E-04   3.6746139E-05   4.9962527E-04
   1.8840580E-01   3.5846774E+06   2.3236870E+06   5.9083061E+06   3.7289049E-04   2.5013961E-05   2.2481896E-04
   2.0289855E-01   3.5949193E+06   2.3559116E+06   5.9507768E+06   6.3194997E-04   2.8871026E-05   3.7034303E-04
   2.1739130E-01   3.5832357E+06   2.3783839E+06   5.9615186E+06   1.4535097E-03   5.7163866E-06   8.7316470E-04
   2.3188406E-01   3.6090998E+06   2.3515884E+06   5.9605462E+06   3.3040095E-04   7.4181332E-06   1.9877941E-04
   2.4637681E-01   3.5928308E+06   2.3923530E+06   5.9850055E+06   2.6817314E-04   2.7488498E-05   1.6472971E-04
   2.6086957E-01   3.6040482E+06   2.3845132E+06   5.9885614E+06   1.5000698E-04   3.0317650E-05   7.8251519E-05
   2.7536232E-01   3.5935064E+06   2.4027830E+06   5.9962894E+06   1.3753843E-04   4.6217341E-05   6.9198402E-05
   2.8985507E-01   3.5564750E+06   2.3603498E+06   5.9168248E+06   4.3615077E-04   1.5318267E-05   2.5692822E-04
   3.0434783E-01   3.5483005E+06   2.3761901E+06   5.9242741E+06   3.4074046E-04   1.5726063E-05   2.0228847E-04
   3.1884058E-01   3.5229934E+06   2.3303158E+06   5.8531715E+06   6.5134607E-04   2.8207926E-05   3.8504770E-04
   3.3333333E-01   3.5062783E+06   2.2914287E+06   5.7975422E+06   6.8696401E-04   1.1371023E-05   4.2034141E-04
   3.4782609E-01   3.5083524E+06   2.2481732E+06   5.7564940E+06   4.9866565E-04   1.8332037E-05   3.0906041E-04
   3.6231884E-01   3.4452772E+06   2.2163192E+06   5.6615660E+06   6.9747258E-05   1.6537916E-05   4.8462024E-05
   3.7681159E-01   3.4007222E+06   2.1544203E+06   5.5550259E+06   2.5640440E-04   1.0864476E-05   1.5466517E-04
   3.9130435E-01   3.3673257E+06   2.1094547E+06   5.4766682E+06   4.6415971E-04   2.2774769E-05   2.7950829E-04
   4.0579710E-01   3.3226212E+06   2.0567950E+06   5.3793351E+06   5.5659668E-04   7.4439396E-06   3.4624414E-04
   4.2028986E-01   3.2700257E+06   2.0082635E+06   5.2781325E+06   3.9672666E-04   7.9131899E-06   2.4631065E-04
   4.3478261E-01   3.2231340E+06   1.9397807E+06   5.1628894E+06   5.5834638E-04   1.5144939E-05   3.5207357E-04
   4.4927536E-01   3.1586131E+06   1.8788937E+06   5.0375068E+06   6.3946786E-04   3.5787056E-05   4.0936470E-04
   4.6376812E-01   3.1211174E+06   1.8211964E+06   4.9422428E+06   3.2147125E-04   1.6093753E-05   1.9630617E-04
   4.7826087E-01   3.0718875E+06   1.7677538E+06   4.8395035E+06   7.6791301E-04   4.7659579E-06   4.8857267E-04
   4.9275362E-01   3.0351366E+06   1.7019880E+06   4.7370355E+06   3.3390542E-04   1.9611616E-05   2.2141726E-04
   5.0724638E-01   2.9616247E+06   1.6295236E+06   4.5911049E+06   2.6353998E-05   2.1354829E-05   1.1998258E-05
   5.2173913E-01   2.8944278E+06   1.5724720E+06   4.4668998E+06   2.6610619E-04   5.6588134E-06   1.7232159E-04
   5.3623188E-01   2.8366180E+06   1.5134459E+06   4.3500434E+06   1.4600654E-04   5.6488365E-06   9.6179584E-05
   5.5072464E-01   2.7881918E+06   1.4580050E+06   4.2461370E+06   1.8553075E-04   1.2291389E-05   1.2152556E-04
   5.6521739E-01   2.7128139E+06   1.3921760E+06   4.1049511E+06   6.0658724E-04   2.2134473E-05   4.0305835E-04
   5.7971014E-01   2.6641075E+06   1.3294111E+06   3.9934807E+06   8.0882319E-04   2.6759793E-05   5.2884042E-04
   5.9420290E-01   2.5952851E+06   1.2758068E+06   3.8710365E+06   9.3049950E-04   3.8301287E-05   6.3134207E-04
   6.0869565E-01   2.5389050E+06   1.2192885E+06   3.7581575E+06   4.3301585E-04   7.0442894E-06   2.9293600E-04
   6.2318841E-01   2.4647941E+06   1.1673550E+06   3.6320963E+06   5.5680134E-04   2.9212244E-05   3.8434620E-04
   6.3768116E-01   2.3924158E+06   1.1133218E+06   3.5057377E+06   5.6401979E-04   1.9111405E-05   3.8869039E-04
   6.5217391E-01   2.3433260E+06   1.0625489E+06   3.4058580E+06   2.8351834E-04   3.2908514E-05   1.8561554E-04
   6.6666667E-01   2.2711345E+06   1.0072297E+06   3.2783478E+06   8.5404062E-04   3.5618666E-05   6.0121854E-04
   6.8115942E-01   2.2167506E+06   9.5582840E+05   3.1725145E+06   4.0232495E-04   3.9970040E-05   2.9152005E-04
   6.9565217E-01   2.1395485E+06   9.0967868E+05   3.0491956E+06   1.8348228E-04   3.6213247E-05   1.3873845E-04
   7.1014493E-01   2.0804975E+06   8.6700541E+05   2.9474565E+06   7.9934057E-04   5.6870520E-05   5.5360245E-04
   7.2463768E-01   2.0074870E+06   8.2162904E+05   2.8291008E+06   4.9378829E-04   3.7704668E-05   3.4138960E-04
   7.3913043E-01   1.9577984E+06   7.7754184E+05   2.7353254E+06   6.8290193E-04   6.8605276E-05   4.9894009E-04
   7.5362319E-01   1.8877261E+06   7.3890984E+05   2.6266214E+06   3.9918743E-04   1.7638078E-05   2.8166781E-04
   7.6811594E-01   1.8202837E+06   6.9647439E+05   2.5166866E+06   4.7155074E-04   4.0885914E-05   3.4910959E-04
   7.8260870E-01   1.7524345E+06   6.4591439E+05   2.3983348E+06   5.1015830E-04   2.3281273E-05   3.6798613E-04
   7.9710145E-01   1.6932659E+06   6.1142462E+05   2.3046492E+06   4.8863271E-04   8.0196766E-05   3.7830374E-04
   8.1159420E-01   1.6064153E+06   5.7804484E+05   2.1844601E+06   5.6588503E-04   4.7253152E-05   4.2777393E-04
   8.2608696E-01   1.5600070E+06   5.3546726E+05   2.0954477E+06   5.1385636E-04   2.1513330E-05   3.8512656E-04
   8.4057971E-01   1.4832957E+06   5.0926437E+05   1.9925470E+06   7.4659237E-04   4.0590888E-05   5.4932898E-04
   8.5507246E-01   1.4160686E+06   4.6537875E+05   1.8814473E+06   5.6048521E-04   6.8726201E-05   4.3847479E-04
   8.6956522E-01   1.3403983E+06   4.2578487E+05   1.7661706E+06   1.7604203E-04   3.6111799E-05   1.2966147E-04
   8.8405797E-01   1.2587621E+06   3.9516589E+05   1.6539280E+06   2.8484574E-04   1.5110005E-05   2.2033607E-04
   8.9855072E-01   1.1684055E+06   3.5367971E+05   1.5220608E+06   5.9598752E-04   4.2761982E-05   4.4834330E-04
   9.1304348E-01   1.0685891E+06   3.1685421E+05   1.3854193E+06   3.5843952E-04   9.4336674E-05   2.5469602E-04
   9.2753623E-01   9.5561252E+05   2.7943908E+05   1.2350634E+06   1.9376309E-04   5.3036939E-05   1.5201469E-04
   9.4202899E-01   8.3297411E+05   2.4530851E+05   1.0782943E+06   3.8455679E-04   1.2128404E-04   2.7014752E-04
   9.5652174E-01   6.9547599E+05   2.0447410E+05   8.9995008E+05   4.5344349E-04   6.9992884E-05   3.5441130E-04
   9.7101449E-01   5.4385137E+05   1.5953185E+05   7.0339452E+05   8.9903146E-04   1.0313882E-04   7.1655616E-04
   9.8550725E-01   3.4358901E+05   1.0409965E+05   4.4768866E+05   1.0946453E-03   6.4826797E-05   8.2531183E-04
   1.0000000E+00   1.4419428E+05   5.0552252E+04   1.9474653E+05   4.6271803E-04   1.8597404E-05   3.4414762E-04
