   0.0000000E+00   3.8493024E+06   2.0731676E+06   5.9224699E+06   7.6047045E-04   1.5143748E-03   1.7749770E-04
   1.4492754E-02   3.9114368E+06   1.9739041E+06   5.8853408E+06   3.8940879E-03   1.2255034E-03   2.3312514E-03
   2.8985507E-02   3.8898413E+06   1.9098753E+06   5.7997166E+06   1.4033363E-03   7.2375456E-04   1.0737478E-03
   4.3478261E-02   3.8904727E+06   2.0001723E+06   5.8906450E+06   1.0885780E-03   5.1786446E-04   6.1772550E-04
   5.7971014E-02   3.9534911E+06   1.9924686E+06   5.9459598E+06   1.1285375E-03   3.4642879E-04   7.3297988E-04
   7.2463768E-02   3.9368967E+06   2.0028496E+06   5.9397463E+06   1.6114585E-03   2.8546026E-04   1.0519949E-03
   8.6956522E-02   3.9705402E+06   1.9853964E+06   5.9559366E+06   7.9792870E-04   7.5344814E-04   7.8256316E-04
   1.0144928E-01   4.0226076E+06   2.0285694E+06   6.0511769E+06   7.8945977E-04   8.9826195E-04   8.0129884E-04
   1.1594203E-01   4.0596690E+06   2.0786612E+06   6.1383302E+06   8.4002109E-04   1.8572250E-04   5.0700109E-04
   1.3043478E-01   4.1448197E+06   2.0980045E+06   6.2427400E+06   2.3164895E-04   2.5762091E-04   1.5410590E-04
   1.4492754E-01   4.1921024E+06   2.1278762E+06   6.3197513E+06   1.8519906E-04   4.1462936E-04   2.6201997E-04
   1.5942029E-01   4.2985713E+06   2.1746354E+06   6.4732067E+06   3.4299848E-04   7.9098731E-05   2.0692213E-04
   1.7391304E-01   4.3567334E+06   2.2017934E+06   6.5584636E+06   7.0977575E-04   9.4282788E-05   4.8043133E-04
   1.8840580E-01   4.4321767E+06   2.2399862E+06   6.6720464E+06   5.1480677E-04   4.4942213E-04   3.5265338E-04
   2.0289855E-01   4.4793604E+06   2.2883648E+06   6.7676711E+06   4.9218809E-04   1.7241010E-04   3.5186800E-04
   2.1739130E-01   4.5502593E+06   2.3092278E+06   6.8592850E+06   8.4516630E-05   3.4689075E-04   1.2732933E-04
   2.3188406E-01   4.5758771E+06   2.3256833E+06   6.9015131E+06   2.5868044E-04   2.7011034E-04   2.6200222E-04
   2.4637681E-01   4.6047658E+06   2.3462648E+06   6.9510752E+06   2.7246508E-04   3.2709683E-04   2.0159870E-04
   2.6086957E-01   4.6383167E+06   2.3447320E+06   6.9830066E+06   9.3551617E-06   1.0596651E-04   3.5866189E-05
   2.7536232E-01   4.6160122E+06   2.3392528E+06   6.9552251E+06   2.8162031E-04   2.4968606E-04   2.6266834E-04
   2.8985507E-01   4.6191628E+06   2.3308359E+06   6.9499609E+06   1.8910552E-04   1.8556550E-04   1.3735897E-04
   3.0434783E-01   4.5551521E+06   2.3173753E+06   6.8723831E+06   1.3105846E-04   1.8751096E-04   9.2347672E-05
   3.1884058E-01   4.5262023E+06   2.2826129E+06   6.8086774E+06   5.9421291E-04   1.2307798E-04   4.3617541E-04
   3.3333333E-01   4.4440598E+06   2.2615804E+06   6.7055743E+06   2.5776595E-04   1.1993485E-04   1.4460707E-04
   3.4782609E-01   4.3769712E+06   2.2195686E+06   6.5964451E+06   2.5530140E-04   1.2414242E-04   2.0673187E-04
   3.6231884E-01   4.2995495E+06   2.1689758E+06   6.4684950E+06   4.8355199E-04   1.4309371E-04   2.7884681E-04
   3.7681159E-01   4.2115296E+06   2.1318630E+06   6.3432761E+06   3.8761912E-04   1.2361240E-04   2.1972317E-04
   3.9130435E-01   4.1295527E+06   2.0773772E+06   6.2068457E+06   2.9066286E-04   2.0894721E-04   1.4257131E-04
   4.0579710E-01   4.0152467E+06   2.0239147E+06   6.0390261E+06   3.1781288E-04   3.3107184E-04   2.3559896E-04
   4.2028986E-01   3.9097123E+06   1.9595855E+06   5.8691409E+06   2.9040176E-04   1.8648319E-05   1.9425890E-04
   4.3478261E-01   3.7895169E+06   1.9245249E+06   5.7139408E+06   1.6063847E-04   3.5050772E-04   5.3396542E-05
   4.4927536E-01   3.6873422E+06   1.8598525E+06   5.5471458E+06   6.8036322E-04   1.5274405E-04   4.8496682E-04
   4.6376812E-01   3.5757357E+06   1.8030581E+06   5.3786044E+06   2.5830147E-04   4.0055336E-04   3.0559760E-04
   4.7826087E-01   3.4587695E+06   1.7352629E+06   5.1939865E+06   1.9175165E-04   1.7925231E-04   1.1450548E-04
   4.9275362E-01   3.3471235E+06   1.6873904E+06   5.0343580E+06   3.0267270E-04   1.3008224E-04   2.0980686E-04
   5.0724638E-01   3.2232603E+06   1.6220111E+06   4.8452065E+06   2.9782030E-04   1.6830512E-04   2.2007717E-04
   5.2173913E-01   3.1060258E+06   1.5608744E+06   4.6668581E+06   1.9819997E-04   2.9252812E-05   1.3964212E-04
   5.3623188E-01   2.9958451E+06   1.5054999E+06   4.5012221E+06   6.2692678E-04   7.9448554E-05   3.9719024E-04
   5.5072464E-01   2.8806955E+06   1.4420726E+06   4.3227083E+06   2.5169728E-04   2.5263865E-04   1.3594330E-04
   5.6521739E-01   2.7546643E+06   1.3889313E+06   4.1435373E+06   3.5023773E-04   4.4428464E-05   2.4773218E-04
   5.7971014E-01   2.6410723E+06   1.3301878E+06   3.9711654E+06   2.5102529E-04   2.5589668E-04   1.8994861E-04
   5.9420290E-01   2.5534063E+06   1.2739587E+06   3.8273095E+06   3.7256914E-04   2.3523330E-04   3.0153675E-04
   6.0869565E-01   2.4452163E+06   1.2147962E+06   3.6599223E+06   1.8275616E-04   1.5719465E-04   8.8169041E-05
   6.2318841E-01   2.3416531E+06   1.1692934E+06   3.5108584E+06   6.4577631E-04   1.6402227E-04   3.8803999E-04
   6.3768116E-01   2.2484458E+06   1.1179371E+06   3.3662452E+06   1.8925128E-04   2.0851257E-04   1.6176446E-04
   6.5217391E-01   2.1410608E+06   1.0677689E+06   3.2087454E+06   4.7384518E-04   2.7238640E-04   3.9598146E-04
   6.6666667E-01   2.0460702E+06   1.0188429E+06   3.0648637E+06   4.9258368E-04   1.7318418E-04   3.0288119E-04
   6.8115942E-01   1.9542352E+06   9.7353042E+05   2.9277333E+06   2.7342063E-04   3.9046464E-04   1.3757412E-04
   6.9565217E-01   1.8708045E+06   9.3362631E+05   2.8044150E+06   2.0957807E-04   3.5089538E-04   1.8727025E-04
   7.1014493E-01   1.7764750E+06   8.8420139E+05   2.6606455E+06   2.1108714E-04   1.6850904E-04   1.9115525E-04
   7.2463768E-01   1.6864642E+06   8.4105741E+05   2.5274762E+06   6.3616161E-04   2.4355185E-04   3.4408561E-04
   7.3913043E-01   1.6096407E+06   8.0334946E+05   2.4129753E+06   3.5444000E-04   3.2383122E-04   3.0166511E-04
   7.5362319E-01   1.5260088E+06   7.5530318E+05   2.2813120E+06   3.9065299E-04   1.8451768E-04   3.2184095E-04
   7.6811594E-01   1.4454471E+06   7.1140037E+05   2.1567902E+06   1.8475449E-04   3.1890818E-04   2.7797500E-05
   7.8260870E-01   1.3743800E+06   6.7357178E+05   2.0479377E+06   6.1835497E-04   2.2107737E-04   4.3900455E-04
   7.9710145E-01   1.2913762E+06   6.3932311E+05   1.9306717E+06   2.2591957E-04   2.5549397E-04   2.2408884E-04
   8.1159420E-01   1.2201861E+06   5.9739419E+05   1.8175667E+06   3.6907585E-04   3.0823284E-04   1.7604109E-04
   8.2608696E-01   1.1427467E+06   5.6254637E+05   1.7052798E+06   1.1294799E-04   9.1171862E-05   4.5831595E-05
   8.4057971E-01   1.0694931E+06   5.2614361E+05   1.5956236E+06   1.5133966E-04   1.6153969E-04   1.3590377E-04
   8.5507246E-01   9.9485689E+05   4.8608166E+05   1.4809257E+06   3.6141502E-04   1.7426089E-04   1.9995133E-04
   8.6956522E-01   9.2575216E+05   4.5584176E+05   1.3815939E+06   9.5662711E-04   3.6277448E-04   6.9334832E-04
   8.8405797E-01   8.5372080E+05   4.1690424E+05   1.2706250E+06   3.3327886E-04   3.4120558E-04   1.2392285E-04
   8.9855072E-01   7.7834223E+05   3.8106822E+05   1.1594105E+06   2.4503099E-04   2.0385504E-04   9.8111266E-05
   9.1304348E-01   7.0499581E+05   3.3767393E+05   1.0426577E+06   8.2283646E-04   1.2654935E-04   5.9668157E-04
   9.2753623E-01   6.2676663E+05   3.0476406E+05   9.3153070E+05   7.5784951E-04   2.9894459E-04   4.2366743E-04
   9.4202899E-01   5.3759669E+05   2.6227015E+05   7.9986684E+05   5.6004790E-04   2.1736585E-04   3.1996027E-04
   9.5652174E-01   4.4654800E+05   2.1809039E+05   6.6462692E+05   7.3327834E-04   5.7979672E-04   4.0939002E-04
   9.7101449E-01   3.5138625E+05   1.7387230E+05   5.2525855E+05   1.4247449E-03   9.4132208E-05   9.6510038E-04
   9.8550725E-01   2.3877620E+05   1.1664688E+05   3.5542308E+05   5.4958650E-04   3.1673058E-04   3.3080131E-04
   1.0000000E+00   1.0769162E+05   5.4250664E+04   1.6194228E+05   1.0624757E-03   8.7897851E-04   9.9957573E-04
