   0.0000000E+00   3.6735074E+06   2.0367962E+06   5.7103037E+06   7.8821838E-04   7.3351361E-03   2.8413374E-03
   1.4492754E-02   3.8636994E+06   1.9026768E+06   5.7663762E+06   8.1485912E-04   1.0830103E-03   7.7936341E-04
   2.8985507E-02   3.8644571E+06   1.9432157E+06   5.8076728E+06   2.9072295E-04   2.5675832E-04   2.4490083E-04
   4.3478261E-02   3.8942614E+06   1.9564761E+06   5.8507375E+06   5.8445546E-04   5.9375057E-04   2.0874443E-04
   5.7971014E-02   3.9023439E+06   1.9163161E+06   5.8186600E+06   4.8925694E-04   6.9502197E-04   3.0471138E-04
   7.2463768E-02   3.9509906E+06   1.9714793E+06   5.9224699E+06   4.8249436E-04   4.5702051E-04   4.7384942E-04
   8.6956522E-02   3.9038594E+06   1.9750407E+06   5.8787738E+06   4.5875034E-04   3.5138333E-04   4.2172704E-04
   1.0144928E-01   3.9867774E+06   2.0313838E+06   6.0181612E+06   4.2904780E-04   5.1571437E-04   1.8592564E-04
   1.1594203E-01   4.1134683E+06   2.0629381E+06   6.1762170E+06   1.9511608E-04   1.3033176E-04   1.0849457E-04
   1.3043478E-01   4.1901997E+06   2.0745988E+06   6.2647985E+06   7.7207096E-05   2.3390744E-04   1.1996476E-04
   1.4492754E-01   4.2665122E+06   2.1342411E+06   6.4007533E+06   1.3078668E-04   3.1230899E-04   1.0827480E-04
   1.5942029E-01   4.3228189E+06   2.1642337E+06   6.4869838E+06   2.3276358E-04   1.0028598E-04   1.8807393E-04
   1.7391304E-01   4.4042182E+06   2.2288193E+06   6.6328481E+06   1.0140519E-04   4.0083898E-04   1.7728440E-04
   1.8840580E-01   4.5094659E+06   2.2663904E+06   6.7756814E+06   2.6938525E-04   3.2579225E-04   2.4007637E-04
   2.0289855E-01   4.5657965E+06   2.2741843E+06   6.8398184E+06   7.7837912E-05   1.5287981E-04   6.8055998E-05
   2.1739130E-01   4.6015328E+06   2.3119051E+06   6.9132864E+06   2.0242297E-04   3.1218901E-04   4.5488104E-05
   2.3188406E-01   4.6518402E+06   2.3419273E+06   6.9935781E+06   1.5694470E-04   8.3970443E-05   1.0192418E-04
   2.4637681E-01   4.6655185E+06   2.3489391E+06   7.0141902E+06   9.2511627E-05   2.4446234E-04   1.4199072E-04
   2.6086957E-01   4.6737620E+06   2.3529408E+06   7.0266607E+06   7.8755813E-05   1.1201705E-04   1.5628934E-05
   2.7536232E-01   4.6971698E+06   2.3461522E+06   7.0432024E+06   2.7890261E-04   2.5489391E-04   2.1952555E-04
   2.8985507E-01   4.6830779E+06   2.3259864E+06   7.0088749E+06   1.4405448E-04   2.9602294E-04   6.9440927E-05
   3.0434783E-01   4.6317557E+06   2.3067670E+06   6.9382701E+06   5.8414912E-05   5.2101512E-05   3.5842491E-05
   3.1884058E-01   4.5780039E+06   2.3042084E+06   6.8819712E+06   1.9038255E-05   2.5905213E-04   8.6034329E-05
   3.3333333E-01   4.5092910E+06   2.2709039E+06   6.7799643E+06   5.0608649E-05   6.3045281E-05   2.2727690E-05
   3.4782609E-01   4.4141951E+06   2.2194107E+06   6.6334164E+06   1.5453835E-04   9.1843604E-05   8.1352507E-05
   3.6231884E-01   4.3397702E+06   2.1742496E+06   6.5136258E+06   1.6519188E-04   3.8542123E-04   2.2474360E-04
   3.7681159E-01   4.2465312E+06   2.1374003E+06   6.3837858E+06   1.4588979E-04   1.6044095E-04   1.5029715E-04
   3.9130435E-01   4.1554280E+06   2.0904271E+06   6.2454622E+06   1.2756646E-04   2.8200005E-04   1.7926445E-04
   4.0579710E-01   4.0587354E+06   2.0390694E+06   6.0977236E+06   1.1408657E-04   2.3235384E-04   1.3951023E-04
   4.2028986E-01   3.9269050E+06   1.9767782E+06   5.9036049E+06   2.3718637E-04   1.1681670E-04   1.9352878E-04
   4.3478261E-01   3.8288435E+06   1.9089913E+06   5.7375822E+06   1.1856784E-04   2.8011921E-04   1.4669310E-05
   4.4927536E-01   3.7062368E+06   1.8585570E+06   5.5645738E+06   1.6614997E-04   4.0290720E-04   4.2273492E-05
   4.6376812E-01   3.5830526E+06   1.7937048E+06   5.3765680E+06   1.4917911E-04   2.7819063E-04   1.8783903E-04
   4.7826087E-01   3.4643951E+06   1.7340460E+06   5.1983262E+06   9.9451968E-05   1.8755875E-04   1.2883160E-04
   4.9275362E-01   3.3482378E+06   1.6762695E+06   5.0242845E+06   7.2723760E-05   4.7432504E-05   5.3190761E-05
   5.0724638E-01   3.2277201E+06   1.6121822E+06   4.8396426E+06   6.6396017E-05   1.3726250E-04   3.7240438E-06
   5.2173913E-01   3.1047629E+06   1.5597589E+06   4.6644165E+06   1.6277860E-04   1.5072646E-04   8.8110748E-05
   5.3623188E-01   2.9958861E+06   1.5009125E+06   4.4966757E+06   1.7255927E-04   4.0338243E-05   1.2070456E-04
   5.5072464E-01   2.8691500E+06   1.4403378E+06   4.3093682E+06   1.6778350E-04   3.9158006E-04   9.3396551E-05
   5.6521739E-01   2.7480778E+06   1.3805962E+06   4.1284992E+06   8.8095996E-05   4.9643049E-05   5.4959209E-05
   5.7971014E-01   2.6425877E+06   1.3286534E+06   3.9711085E+06   1.2022598E-04   2.7829536E-04   1.6389413E-04
   5.9420290E-01   2.5215998E+06   1.2590257E+06   3.7805146E+06   1.3630684E-04   1.6504520E-04   1.4335702E-04
   6.0869565E-01   2.4254069E+06   1.2059740E+06   3.6313268E+06   2.2595833E-04   1.8212714E-04   1.4254781E-04
   6.2318841E-01   2.3197492E+06   1.1598482E+06   3.4795269E+06   2.3219797E-04   1.8969238E-04   1.1240162E-04
   6.3768116E-01   2.2244738E+06   1.1067950E+06   3.3311827E+06   2.2648063E-04   3.7821241E-04   7.2338322E-05
   6.5217391E-01   2.1215448E+06   1.0593664E+06   3.1807934E+06   1.2724157E-04   2.6716746E-04   1.2448129E-05
   6.6666667E-01   2.0352807E+06   1.0249212E+06   3.0601031E+06   3.4474874E-04   3.4403848E-04   3.0859796E-04
   6.8115942E-01   1.9252316E+06   9.6571122E+05   2.8908622E+06   1.7091746E-04   1.7363707E-04   1.6993930E-04
   6.9565217E-01   1.8359486E+06   9.2069743E+05   2.7565829E+06   2.9230506E-04   4.1146567E-04   6.6436838E-05
   7.1014493E-01   1.7510212E+06   8.7894363E+05   2.6298875E+06   1.8698789E-04   2.6126073E-04   2.0666670E-04
   7.2463768E-01   1.6652476E+06   8.3720811E+05   2.5023951E+06   1.4439619E-04   1.8384402E-04   1.1925860E-04
   7.3913043E-01   1.5858983E+06   7.8620381E+05   2.3720575E+06   1.0466672E-04   1.1589816E-04   4.8826099E-05
   7.5362319E-01   1.5033642E+06   7.4916843E+05   2.2525180E+06   3.4212762E-04   4.0203506E-04   3.6099488E-04
   7.6811594E-01   1.4228436E+06   7.1435983E+05   2.1371606E+06   1.0889268E-04   3.4409149E-04   1.8340421E-04
   7.8260870E-01   1.3486310E+06   6.7759901E+05   2.0261037E+06   2.5749147E-04   1.5081554E-04   2.1535404E-04
   7.9710145E-01   1.2854383E+06   6.3096045E+05   1.9163574E+06   2.1109452E-04   4.9650318E-04   2.0338752E-04
   8.1159420E-01   1.1981711E+06   5.9808427E+05   1.7962283E+06   1.6556534E-04   1.2229119E-04   8.5215190E-05
   8.2608696E-01   1.1245610E+06   5.6830251E+05   1.6928502E+06   4.9168473E-04   5.9014436E-04   4.8961398E-04
   8.4057971E-01   1.0547956E+06   5.3099051E+05   1.5857469E+06   1.9070427E-04   1.4056419E-04   1.7195212E-04
   8.5507246E-01   9.8081950E+05   4.9074367E+05   1.4715375E+06   3.5199057E-04   2.6274435E-04   3.2219525E-04
   8.6956522E-01   9.1086264E+05   4.6050184E+05   1.3713392E+06   5.8775110E-04   3.1299661E-04   4.9390206E-04
   8.8405797E-01   8.3967162E+05   4.2291645E+05   1.2625756E+06   1.7041643E-04   2.7913422E-04   1.8376484E-04
   8.9855072E-01   7.7602014E+05   3.8642127E+05   1.1624414E+06   3.4612476E-04   7.9140051E-04   4.9414269E-04
   9.1304348E-01   7.0050952E+05   3.5284069E+05   1.0533502E+06   2.8602802E-04   3.7903702E-04   3.1685665E-04
   9.2753623E-01   6.2287139E+05   3.1018662E+05   9.3303433E+05   5.5144143E-04   5.9647176E-04   4.2535047E-04
   9.4202899E-01   5.4090742E+05   2.7055863E+05   8.1146604E+05   5.4527256E-04   5.2474412E-04   3.2087383E-04
   9.5652174E-01   4.5539975E+05   2.2530037E+05   6.8070012E+05   4.0621029E-04   3.4335389E-04   3.4333201E-04
   9.7101449E-01   3.5663386E+05   1.7640562E+05   5.3302817E+05   2.0786782E-04   4.2862632E-04   2.7366585E-04
   9.8550725E-01   2.4072626E+05   1.1964439E+05   3.6037065E+05   2.3657625E-04   5.7714750E-04   2.5542503E-04
   1.0000000E+00   1.1219974E+05   5.6592262E+04   1.6879200E+05   7.6575705E-04   1.7004188E-03   1.0276081E-03
