   0.0000000E+00   4.0069116E+06   2.0186105E+06   6.0255221E+06   6.3816996E-03   3.0824835E-03   3.9925017E-03
   1.4492754E-02   4.2751504E+06   1.9883011E+06   6.2634514E+06   1.5354919E-03   8.3508961E-05   1.0742688E-03
   2.8985507E-02   4.2717406E+06   1.9894377E+06   6.2611782E+06   2.5177795E-04   2.6647260E-04   9.4624035E-05
   4.3478261E-02   4.2733823E+06   1.9804711E+06   6.2538534E+06   4.7797763E-04   1.0521627E-04   2.9440847E-04
   5.7971014E-02   4.2690885E+06   1.9907637E+06   6.2598522E+06   6.6007386E-04   5.7464491E-04   4.1421644E-04
   7.2463768E-02   4.3107640E+06   2.0508901E+06   6.3616541E+06   3.3763007E-04   7.3100107E-05   2.1920624E-04
   8.6956522E-02   4.3629215E+06   2.0597809E+06   6.4227024E+06   4.1504243E-04   2.5865613E-04   3.4742037E-04
   1.0144928E-01   4.4011512E+06   2.0580128E+06   6.4590557E+06   3.6402688E-04   1.6109453E-04   2.5648395E-04
   1.1594203E-01   4.4199728E+06   2.1209997E+06   6.5409725E+06   8.9440254E-04   3.3037126E-05   6.1307281E-04
   1.3043478E-01   4.4764558E+06   2.1321026E+06   6.6084742E+06   3.5963560E-04   1.4837985E-04   2.4844389E-04
   1.4492754E-01   4.5495268E+06   2.2140308E+06   6.7635576E+06   1.6198991E-04   1.4805732E-04   6.2146672E-05
   1.5942029E-01   4.5760407E+06   2.2207196E+06   6.7967603E+06   1.6911076E-04   1.4198098E-04   1.0346263E-04
   1.7391304E-01   4.6398743E+06   2.2922798E+06   6.9320909E+06   6.0137974E-04   3.1680916E-04   5.0582896E-04
   1.8840580E-01   4.6829293E+06   2.3452533E+06   7.0280660E+06   5.7231146E-04   1.4463115E-04   4.0106243E-04
   2.0289855E-01   4.6974803E+06   2.3644091E+06   7.0618353E+06   9.5831477E-05   2.5035911E-05   6.9532018E-05
   2.1739130E-01   4.7327223E+06   2.4102594E+06   7.1427796E+06   5.7348469E-04   1.7278518E-04   4.3748904E-04
   2.3188406E-01   4.7313079E+06   2.4038723E+06   7.1351801E+06   3.5541021E-04   1.5960925E-04   1.9952180E-04
   2.4637681E-01   4.7442785E+06   2.4238214E+06   7.1680999E+06   3.3126928E-04   1.4229808E-04   1.9787874E-04
   2.6086957E-01   4.7571972E+06   2.4376810E+06   7.1947940E+06   2.1062944E-04   8.3938489E-05   1.6709742E-04
   2.7536232E-01   4.7104103E+06   2.4350068E+06   7.1453772E+06   2.5211181E-04   3.4364643E-05   1.6694140E-04
   2.8985507E-01   4.6701964E+06   2.4022526E+06   7.0723732E+06   2.3242947E-04   1.4996344E-04   1.5926645E-04
   3.0434783E-01   4.6292299E+06   2.3976954E+06   7.0267449E+06   2.6848458E-04   1.4940719E-05   1.7962561E-04
   3.1884058E-01   4.5844792E+06   2.3641729E+06   6.9485832E+06   6.0579204E-05   1.7011743E-05   4.0586878E-05
   3.3333333E-01   4.5272461E+06   2.3298097E+06   6.8568910E+06   2.4194864E-04   4.0492794E-05   1.7350017E-04
   3.4782609E-01   4.4651528E+06   2.2735573E+06   6.7385208E+06   6.0829868E-05   3.0626381E-05   4.9545823E-05
   3.6231884E-01   4.3813547E+06   2.2543273E+06   6.6356214E+06   1.0572510E-04   1.1632390E-05   6.6116052E-05
   3.7681159E-01   4.2850592E+06   2.1936768E+06   6.4787361E+06   1.3682436E-04   5.1837460E-05   7.8249596E-05
   3.9130435E-01   4.1932867E+06   2.1597741E+06   6.3529766E+06   5.8738985E-05   8.7872443E-05   9.8424377E-06
   4.0579710E-01   4.0949985E+06   2.0868610E+06   6.1818053E+06   1.8175417E-04   4.6221071E-05   1.1000192E-04
   4.2028986E-01   3.9974007E+06   2.0254563E+06   6.0226741E+06   5.6444232E-05   1.0340238E-04   1.3474106E-05
   4.3478261E-01   3.8973429E+06   1.9529148E+06   5.8500808E+06   1.1931246E-05   5.6480419E-05   1.8512610E-05
   4.4927536E-01   3.7596450E+06   1.8985459E+06   5.6580931E+06   8.0608664E-05   7.1839210E-05   5.7057737E-05
   4.6376812E-01   3.6588973E+06   1.8335570E+06   5.4924070E+06   5.6503085E-05   5.9996675E-05   4.5905234E-05
   4.7826087E-01   3.5253355E+06   1.7585920E+06   5.2837438E+06   4.6132101E-05   2.5395624E-05   3.8417594E-05
   4.9275362E-01   3.4127792E+06   1.7074705E+06   5.1201382E+06   7.9225828E-05   6.5607850E-05   5.0268091E-05
   5.0724638E-01   3.2799390E+06   1.6454360E+06   4.9252235E+06   2.0251018E-04   4.4366364E-05   1.4742087E-04
   5.2173913E-01   3.1605408E+06   1.5765133E+06   4.7370119E+06   1.8259868E-04   1.7618712E-05   1.1766784E-04
   5.3623188E-01   3.0555834E+06   1.5127906E+06   4.5681897E+06   5.4606802E-05   4.6590350E-05   2.1527378E-05
   5.5072464E-01   2.9241059E+06   1.4465193E+06   4.3705654E+06   2.1382356E-04   9.7551756E-05   1.5135965E-04
   5.6521739E-01   2.8114362E+06   1.3914377E+06   4.2027768E+06   4.3969301E-05   4.1406187E-05   2.7811232E-05
   5.7971014E-01   2.6799442E+06   1.3359655E+06   4.0157771E+06   8.4908020E-05   3.7880685E-05   6.2958362E-05
   5.9420290E-01   2.5773212E+06   1.2761764E+06   3.8534422E+06   1.7352910E-04   4.3408556E-05   1.2662291E-04
   6.0869565E-01   2.4694097E+06   1.2161674E+06   3.6854869E+06   1.0991061E-04   1.7387432E-05   7.7829809E-05
   6.2318841E-01   2.3509221E+06   1.1616280E+06   3.5124443E+06   1.1965078E-04   7.6782026E-05   8.9122262E-05
   6.3768116E-01   2.2472403E+06   1.1067261E+06   3.3538976E+06   1.4235980E-04   7.2274278E-05   1.0721904E-04
   6.5217391E-01   2.1425931E+06   1.0523952E+06   3.1949378E+06   4.3060333E-05   3.6934996E-05   1.8161859E-05
   6.6666667E-01   2.0272586E+06   1.0028151E+06   3.0299913E+06   1.0795539E-05   1.0189142E-04   4.0905917E-05
   6.8115942E-01   1.9473349E+06   9.4799308E+05   2.8953280E+06   3.5650725E-05   1.1940792E-04   3.9733583E-05
   6.9565217E-01   1.8415527E+06   8.9894407E+05   2.7404810E+06   9.7234377E-05   1.1369507E-04   4.4527744E-05
   7.1014493E-01   1.7486088E+06   8.6283012E+05   2.6114080E+06   9.1853515E-05   9.9625109E-05   9.4367250E-05
   7.2463768E-01   1.6575793E+06   8.1594602E+05   2.4734799E+06   1.7515512E-04   4.0578157E-05   1.1541508E-04
   7.3913043E-01   1.5753791E+06   7.5660751E+05   2.3319421E+06   2.4435264E-04   7.2422424E-05   1.6932040E-04
   7.5362319E-01   1.4936156E+06   7.2206477E+05   2.2156366E+06   8.7086073E-05   6.4345409E-05   5.5847501E-05
   7.6811594E-01   1.4052584E+06   6.8775327E+05   2.0929116E+06   1.5937716E-04   3.0411763E-05   1.1437181E-04
   7.8260870E-01   1.3164272E+06   6.4886115E+05   1.9652883E+06   1.6785573E-04   5.5592204E-05   9.4925547E-05
   7.9710145E-01   1.2316114E+06   6.0594136E+05   1.8375252E+06   6.1647387E-05   1.6079999E-04   5.1813278E-05
   8.1159420E-01   1.1513674E+06   5.6953384E+05   1.7209012E+06   2.4892953E-04   5.9286823E-05   1.7847237E-04
   8.2608696E-01   1.0632641E+06   5.3010993E+05   1.5933341E+06   3.2589731E-04   2.1618781E-04   2.0519542E-04
   8.4057971E-01   9.9077991E+05   4.9895654E+05   1.4897234E+06   3.9283559E-04   2.0601462E-04   2.7271404E-04
   8.5507246E-01   9.0549534E+05   4.6031861E+05   1.3658011E+06   5.9747200E-04   1.9692020E-04   4.2886313E-04
   8.6956522E-01   8.2416493E+05   4.1679306E+05   1.2409580E+06   2.6970897E-04   7.0530851E-05   2.0093695E-04
   8.8405797E-01   7.4403531E+05   3.8429672E+05   1.1282948E+06   3.8757667E-04   1.8276397E-04   3.0863055E-04
   8.9855072E-01   6.6876373E+05   3.5089319E+05   1.0196569E+06   4.1036239E-04   2.6581300E-04   3.1673451E-04
   9.1304348E-01   5.8978375E+05   3.1389543E+05   9.0366715E+05   3.1939312E-04   2.8158926E-04   1.1271415E-04
   9.2753623E-01   5.1696585E+05   2.7443092E+05   7.9137309E+05   8.4316791E-04   1.1198259E-04   5.3869254E-04
   9.4202899E-01   4.3775031E+05   2.3726484E+05   6.7499184E+05   5.3677555E-04   1.7300464E-04   3.3139927E-04
   9.5652174E-01   3.6612459E+05   1.9365913E+05   5.5978372E+05   7.7178933E-05   2.5742387E-04   1.3494237E-04
   9.7101449E-01   2.8359709E+05   1.4962472E+05   4.3322181E+05   2.0010688E-04   4.9799283E-04   2.9452564E-04
   9.8550725E-01   1.9204168E+05   9.7937466E+04   2.8997914E+05   7.5918567E-04   9.3527126E-04   5.1470640E-04
   1.0000000E+00   1.0285523E+05   4.6416159E+04   1.4927139E+05   2.2461835E-03   5.2805343E-04   1.4172916E-03
