   0.0000000E+00   2.6402644E+10   1.4140821E+10   4.0508585E+10   2.4591091E-07   1.2958014E-06   2.9630672E-07
   1.4492754E-02   2.3588343E+06   1.0903831E+06   3.4492174E+06   1.2686043E-03   4.1841076E-03   7.6554995E-04
   2.8985507E-02   2.3482260E+06   1.1441824E+06   3.4924084E+06   3.6935109E-03   1.0593763E-03   2.5963377E-03
   4.3478261E-02   2.3823241E+06   1.1686825E+06   3.5510067E+06   7.3756148E-04   5.7524761E-03   2.3633400E-03
   5.7971014E-02   2.4967424E+06   1.1805538E+06   3.6772961E+06   7.1262887E-03   1.0048406E-02   8.0045130E-03
   7.2463768E-02   2.5475107E+06   1.1946477E+06   3.7421584E+06   1.2630310E-02   1.1991970E-02   1.2398749E-02
   8.6956522E-02   2.5831244E+06   1.2342268E+06   3.8173511E+06   1.7230225E-02   1.5423010E-02   1.6645915E-02
   1.0144928E-01   2.7049035E+06   1.3049308E+06   4.0098343E+06   2.1540345E-02   1.9321872E-02   2.0813459E-02
   1.1594203E-01   2.8087405E+06   1.3398679E+06   4.1485136E+06   2.4414551E-02   2.1250942E-02   2.3401600E-02
   1.3043478E-01   2.8812516E+06   1.3518022E+06   4.2329697E+06   2.4229797E-02   2.1947530E-02   2.3498419E-02
   1.4492754E-01   2.8944026E+06   1.3922654E+06   4.2865922E+06   2.1863149E-02   1.8865772E-02   2.0883558E-02
   1.5942029E-01   2.8232580E+06   1.3614462E+06   4.1846353E+06   1.7436082E-02   1.5033849E-02   1.6645361E-02
   1.7391304E-01   2.7150968E+06   1.3070958E+06   4.0222558E+06   1.4447742E-02   1.1876165E-02   1.3611034E-02
   1.8840580E-01   2.5507165E+06   1.2127867E+06   3.7634450E+06   1.0200835E-02   9.1552569E-03   9.8520549E-03
   2.0289855E-01   2.3674400E+06   1.1313009E+06   3.4986326E+06   8.0041959E-03   6.1480257E-03   7.4006118E-03
   2.1739130E-01   2.1777352E+06   1.0376446E+06   3.2153293E+06   6.5108348E-03   4.6935423E-03   5.9240454E-03
   2.3188406E-01   2.0533243E+06   9.5318539E+05   3.0065097E+06   6.6902900E-03   5.4169938E-03   6.2405200E-03
   2.4637681E-01   1.8973727E+06   8.8285238E+05   2.7801359E+06   3.8198715E-03   2.3264014E-03   3.3427473E-03
   2.6086957E-01   1.7883849E+06   8.2685911E+05   2.6152440E+06   4.5251666E-03   3.2848164E-03   4.1318344E-03
   2.7536232E-01   1.6763129E+06   7.7943188E+05   2.4557448E+06   3.2795822E-03   4.1336535E-03   3.5506512E-03
   2.8985507E-01   1.5837833E+06   7.3477726E+05   2.3184848E+06   3.6950458E-03   2.9040418E-03   3.4208785E-03
   3.0434783E-01   1.5063805E+06   6.8178260E+05   2.1881631E+06   3.3494382E-03   1.4338577E-03   2.7381851E-03
   3.1884058E-01   1.4336034E+06   6.4876037E+05   2.0823637E+06   3.0235273E-03   3.1864441E-03   3.0254066E-03
   3.3333333E-01   1.3672864E+06   6.0819900E+05   1.9754525E+06   2.5310500E-03   2.1253091E-03   2.3828143E-03
   3.4782609E-01   1.2965190E+06   5.8418341E+05   1.8806709E+06   3.1756676E-03   1.1335143E-03   2.4757654E-03
   3.6231884E-01   1.2600555E+06   5.5557254E+05   1.8156280E+06   2.5037749E-03   1.7426967E-03   2.2651206E-03
   3.7681159E-01   1.2063751E+06   5.3449580E+05   1.7408709E+06   3.2702221E-03   2.0933556E-03   2.8793354E-03
   3.9130435E-01   1.1419934E+06   5.0821680E+05   1.6502102E+06   2.5684465E-03   1.2933221E-03   2.1238287E-03
   4.0579710E-01   1.1059167E+06   4.8303007E+05   1.5889468E+06   2.2748250E-03   4.8387203E-04   1.5603418E-03
   4.2028986E-01   1.0660571E+06   4.6969223E+05   1.5357232E+06   2.5527755E-03   2.2000086E-03   2.4474650E-03
   4.3478261E-01   1.0349925E+06   4.5075230E+05   1.4857448E+06   2.3106765E-03   2.8017920E-03   2.4213357E-03
   4.4927536E-01   9.8772199E+05   4.2775458E+05   1.4154766E+06   1.1847560E-03   3.1051210E-03   1.5676451E-03
   4.6376812E-01   9.6244399E+05   4.1763131E+05   1.3800753E+06   2.1156026E-03   2.2249958E-03   2.0907964E-03
   4.7826087E-01   9.2409433E+05   3.9673256E+05   1.3208269E+06   1.3900964E-03   2.4567038E-03   1.7044034E-03
   4.9275362E-01   8.8684164E+05   3.8299132E+05   1.2698330E+06   1.5024747E-03   1.4768002E-03   1.4935003E-03
   5.0724638E-01   8.6163321E+05   3.7702812E+05   1.2386613E+06   1.6751906E-03   1.7045828E-03   1.5654214E-03
   5.2173913E-01   8.3765686E+05   3.6028275E+05   1.1979396E+06   1.5921345E-03   2.4965469E-03   1.7203866E-03
   5.3623188E-01   8.1335865E+05   3.5220420E+05   1.1655424E+06   1.7490981E-03   2.2896111E-03   1.8930125E-03
   5.5072464E-01   7.8493544E+05   3.3719282E+05   1.1221283E+06   1.6244905E-03   1.7024218E-03   1.4389815E-03
   5.6521739E-01   7.6704324E+05   3.2495246E+05   1.0919957E+06   2.0379140E-03   1.1725228E-03   1.7670374E-03
   5.7971014E-01   7.4123697E+05   3.1398714E+05   1.0552241E+06   2.0097686E-03   3.1785719E-03   2.3259848E-03
   5.9420290E-01   7.2208610E+05   3.0741932E+05   1.0294869E+06   2.0546514E-03   1.8131127E-03   1.9487528E-03
   6.0869565E-01   6.9875951E+05   2.9228791E+05   9.9104742E+05   2.9029107E-03   3.8113472E-03   3.0925427E-03
   6.2318841E-01   6.7812147E+05   2.8566673E+05   9.6378820E+05   1.5290802E-03   2.8064365E-03   1.8336789E-03
   6.3768116E-01   6.6386344E+05   2.7758995E+05   9.4143617E+05   2.5420183E-03   2.1232405E-03   2.4140946E-03
   6.5217391E-01   6.4567585E+05   2.7037729E+05   9.1605314E+05   2.2052953E-03   1.6932447E-03   2.0536502E-03
   6.6666667E-01   6.2430914E+05   2.5965659E+05   8.8394926E+05   1.0677618E-03   2.1347734E-03   1.3699373E-03
   6.8115942E-01   6.0905907E+05   2.5329364E+05   8.6235271E+05   2.9113304E-03   2.9460490E-03   2.6854045E-03
   6.9565217E-01   5.8988222E+05   2.4501731E+05   8.3489954E+05   1.9817199E-03   7.9218408E-04   1.6276143E-03
   7.1014493E-01   5.7090047E+05   2.3819221E+05   8.0907721E+05   1.1235475E-03   3.7619904E-03   1.8946100E-03
   7.2463768E-01   5.5436016E+05   2.2845761E+05   7.8281777E+05   1.7147392E-03   2.4198900E-03   1.8899095E-03
   7.3913043E-01   5.3833477E+05   2.1880761E+05   7.5714238E+05   3.1772224E-03   2.4384892E-03   2.8920734E-03
   7.5362319E-01   5.2009880E+05   2.1573638E+05   7.3583518E+05   2.6504906E-03   2.0380475E-03   2.4390296E-03
   7.6811594E-01   5.0553904E+05   2.0826321E+05   7.1380225E+05   2.1483928E-03   3.1708955E-03   2.2700523E-03
   7.8260870E-01   4.8561099E+05   1.9907427E+05   6.8468525E+05   2.4103258E-03   1.6306377E-03   2.1790164E-03
   7.9710145E-01   4.7084380E+05   1.9023324E+05   6.6107704E+05   2.5990051E-03   2.2965414E-03   2.4699662E-03
   8.1159420E-01   4.5401958E+05   1.8311519E+05   6.3713477E+05   1.6667131E-03   1.1182875E-03   1.4736807E-03
   8.2608696E-01   4.3184344E+05   1.7434591E+05   6.0617605E+05   2.6254391E-03   8.0242558E-04   1.6454936E-03
   8.4057971E-01   4.0972652E+05   1.6454644E+05   5.7427296E+05   1.7530580E-03   9.5107283E-04   1.4217963E-03
   8.5507246E-01   3.9033714E+05   1.5421868E+05   5.4455582E+05   1.7316145E-03   2.4406414E-03   1.9220989E-03
   8.6956522E-01   3.6813374E+05   1.4594009E+05   5.1407382E+05   1.3773383E-03   1.7246924E-03   1.4187914E-03
   8.8405797E-01   3.4401245E+05   1.3554791E+05   4.7956037E+05   3.6094133E-03   3.5975001E-03   3.5953528E-03
   8.9855072E-01   3.1408186E+05   1.2678646E+05   4.4085609E+05   3.1350285E-03   3.3255965E-03   3.1115442E-03
   9.1304348E-01   2.8585917E+05   1.1234950E+05   3.9820867E+05   2.2392206E-03   1.9710809E-03   2.0904045E-03
   9.2753623E-01   2.5004127E+05   1.0243653E+05   3.5247779E+05   3.1976868E-03   2.3911587E-03   2.9460730E-03
   9.4202899E-01   2.2207514E+05   8.6137175E+04   3.0821231E+05   3.7794425E-03   1.7633621E-03   3.2141483E-03
   9.5652174E-01   1.8338376E+05   7.3661190E+04   2.5704495E+05   3.4252620E-03   2.3435669E-03   2.8544610E-03
   9.7101449E-01   1.4062236E+05   5.5473111E+04   1.9609547E+05   4.7856848E-03   5.4059547E-03   4.9573346E-03
   9.8550725E-01   8.1623841E+04   3.2794398E+04   1.1441824E+05   2.1139629E-03   5.9874478E-03   3.1189181E-03
   1.0000000E+00   3.0112511E+04   1.2452048E+04   4.2564559E+04   4.0813501E-03   1.2426573E-02   6.1857998E-03
