   0.0000000E+00   3.9644783E+06   2.0064867E+06   5.9709651E+06   2.7691097E-03   3.1663817E-04   1.9449437E-03
   1.4492754E-02   3.9371998E+06   1.9951207E+06   5.9323205E+06   8.2396257E-04   9.4976253E-04   7.6851320E-04
   2.8985507E-02   3.9504602E+06   1.9329863E+06   5.8834465E+06   4.5621515E-04   1.3623187E-03   5.3053368E-04
   4.3478261E-02   3.8664777E+06   1.9693576E+06   5.8358354E+06   1.2770686E-04   1.9150839E-04   3.8537674E-05
   5.7971014E-02   3.9407991E+06   1.9560972E+06   5.8968963E+06   2.7261337E-04   1.1007586E-03   3.5646283E-04
   7.2463768E-02   3.9337142E+06   1.9870887E+06   5.9208029E+06   4.8931464E-04   3.8885591E-04   4.1721553E-04
   8.6956522E-02   3.9805171E+06   2.0035821E+06   5.9840992E+06   5.2453847E-04   1.7670719E-04   4.0196839E-04
   1.0144928E-01   4.0508603E+06   2.0160126E+06   6.0668729E+06   1.3698334E-04   4.9017603E-04   7.3311062E-05
   1.1594203E-01   4.1029547E+06   2.0577287E+06   6.1605887E+06   2.1393063E-04   1.2244159E-04   1.4409228E-04
   1.3043478E-01   4.2149524E+06   2.1038980E+06   6.3188504E+06   2.0566936E-04   1.8582884E-04   1.3059095E-04
   1.4492754E-01   4.2667395E+06   2.1538665E+06   6.4205302E+06   2.1818994E-04   5.1254398E-04   1.7355688E-04
   1.5942029E-01   4.3740006E+06   2.1712600E+06   6.5451228E+06   3.6497574E-04   4.2545500E-04   3.7157822E-04
   1.7391304E-01   4.4064283E+06   2.2190950E+06   6.6253338E+06   8.2579267E-05   2.7336318E-04   1.0453187E-04
   1.8840580E-01   4.4785152E+06   2.2200519E+06   6.6985089E+06   7.3156951E-05   1.5083591E-04   5.4852361E-05
   2.0289855E-01   4.5414407E+06   2.2527512E+06   6.7941377E+06   3.5213905E-05   3.1657536E-04   8.4709693E-05
   2.1739130E-01   4.5858224E+06   2.2934164E+06   6.8791883E+06   6.5823212E-05   6.8137716E-05   2.1999831E-05
   2.3188406E-01   4.6192575E+06   2.3246414E+06   6.9438043E+06   1.3537829E-04   1.7505004E-04   5.9405714E-05
   2.4637681E-01   4.6529935E+06   2.3330267E+06   6.9858865E+06   9.8095015E-05   2.2211168E-04   1.3984265E-05
   2.6086957E-01   4.6325495E+06   2.3305455E+06   6.9629266E+06   1.0995145E-04   2.1443244E-04   6.2139374E-05
   2.7536232E-01   4.6381461E+06   2.3436397E+06   6.9816662E+06   2.4814073E-04   7.5147409E-05   1.7407644E-04
   2.8985507E-01   4.6270433E+06   2.3161737E+06   6.9432170E+06   1.3273306E-04   1.4151712E-04   1.3279951E-04
   3.0434783E-01   4.5983431E+06   2.3055402E+06   6.9037389E+06   1.4987099E-04   1.1001975E-04   8.2049794E-05
   3.1884058E-01   4.5295088E+06   2.2786864E+06   6.8080919E+06   8.2387080E-05   1.7909011E-04   7.1197624E-06
   3.3333333E-01   4.4318701E+06   2.2390790E+06   6.6707514E+06   2.9220626E-04   1.2506971E-04   2.1417450E-04
   3.4782609E-01   4.4049128E+06   2.2010672E+06   6.6058537E+06   5.5460732E-05   6.6771980E-05   1.5803754E-05
   3.6231884E-01   4.3002163E+06   2.1772200E+06   6.4774060E+06   8.3713951E-05   2.2103855E-04   3.3212292E-05
   3.7681159E-01   4.2191070E+06   2.1227993E+06   6.3417606E+06   6.2859241E-05   1.7597809E-04   8.9244377E-05
   3.9130435E-01   4.1286546E+06   2.0821201E+06   6.2106344E+06   8.8030446E-05   5.5850251E-05   7.5813460E-05
   4.0579710E-01   4.0099967E+06   2.0183670E+06   6.0282283E+06   2.7326621E-05   1.1896684E-04   4.4258097E-05
   4.2028986E-01   3.9052181E+06   1.9644454E+06   5.8694022E+06   1.1116956E-04   3.8553165E-05   8.5673352E-05
   4.3478261E-01   3.7963618E+06   1.9061624E+06   5.7023222E+06   5.8546932E-05   1.8405776E-04   5.2182443E-05
   4.4927536E-01   3.6859001E+06   1.8567726E+06   5.5425261E+06   6.9892787E-05   8.5577437E-05   4.1703797E-05
   4.6376812E-01   3.5553716E+06   1.7859854E+06   5.3412385E+06   1.5850349E-04   1.7995506E-04   9.1449481E-05
   4.7826087E-01   3.4499981E+06   1.7219681E+06   5.1718973E+06   1.0197371E-04   1.6862070E-04   7.7207536E-05
   4.9275362E-01   3.3300299E+06   1.6774284E+06   5.0073692E+06   8.2059798E-05   9.7102015E-05   8.2252572E-05
   5.0724638E-01   3.2092530E+06   1.6121822E+06   4.8212404E+06   8.0141988E-05   1.2734103E-04   5.6094881E-05
   5.2173913E-01   3.1116246E+06   1.5646421E+06   4.6761404E+06   1.4906172E-04   1.0367940E-04   1.2951001E-04
   5.3623188E-01   2.9781919E+06   1.4994790E+06   4.4775070E+06   1.6572379E-04   2.1756720E-04   1.0541897E-04
   5.5072464E-01   2.8654012E+06   1.4388622E+06   4.3041039E+06   8.2548502E-05   1.9034323E-04   6.7979378E-05
   5.6521739E-01   2.7633103E+06   1.3760110E+06   4.1391658E+06   1.1684877E-04   2.2320050E-04   8.8548928E-05
   5.7971014E-01   2.6434023E+06   1.3320632E+06   3.9754087E+06   1.9692610E-04   1.2714116E-04   1.7197068E-04
   5.9420290E-01   2.5328180E+06   1.2778398E+06   3.8104545E+06   1.0344702E-04   4.6841188E-05   5.5212531E-05
   6.0869565E-01   2.4403271E+06   1.2275876E+06   3.6678605E+06   1.4401529E-04   1.2094930E-04   1.3542600E-04
   6.2318841E-01   2.3288773E+06   1.1642184E+06   3.4929899E+06   1.1673813E-04   4.2123452E-05   6.7942833E-05
   6.3768116E-01   2.2243533E+06   1.1143551E+06   3.3386395E+06   1.9869035E-04   3.7904969E-04   1.8860011E-04
   6.5217391E-01   2.1266301E+06   1.0640307E+06   3.1906103E+06   7.1095820E-05   2.5392286E-04   1.3084196E-04
   6.6666667E-01   2.0319203E+06   1.0134069E+06   3.0452614E+06   7.6328606E-05   1.3520072E-04   5.8286773E-05
   6.8115942E-01   1.9272307E+06   9.6964500E+05   2.8968435E+06   1.3070514E-04   3.1284249E-04   1.5285449E-04
   6.9565217E-01   1.8529188E+06   9.2413882E+05   2.7769471E+06   8.4376340E-05   1.1420185E-04   9.0822567E-05
   7.1014493E-01   1.7589233E+06   8.7943847E+05   2.6383154E+06   1.8454669E-04   2.4042662E-04   1.8359146E-04
   7.2463768E-01   1.6738555E+06   8.3890544E+05   2.5127306E+06   2.2669015E-04   2.0770541E-04   2.0519519E-04
   7.3913043E-01   1.6004142E+06   7.9428634E+05   2.3946708E+06   2.0687959E-04   1.3591792E-04   1.0298058E-04
   7.5362319E-01   1.5085517E+06   7.6006818E+05   2.2685616E+06   2.1671823E-04   1.6178802E-04   9.0390610E-05
   7.6811594E-01   1.4362541E+06   7.0958466E+05   2.1457816E+06   2.2147369E-04   6.6269144E-04   3.4681237E-04
   7.8260870E-01   1.3586780E+06   6.7904433E+05   2.0376943E+06   1.3280893E-04   4.7747067E-04   1.4603110E-04
   7.9710145E-01   1.2643319E+06   6.3866181E+05   1.9029799E+06   1.0553145E-04   4.2426030E-04   1.1043443E-04
   8.1159420E-01   1.1992266E+06   6.0490390E+05   1.8041169E+06   3.8667819E-04   5.3597037E-04   4.2507817E-04
   8.2608696E-01   1.1375888E+06   5.6263943E+05   1.7002016E+06   2.2719196E-04   2.5966951E-04   1.9710230E-04
   8.4057971E-01   1.0556448E+06   5.2818166E+05   1.5838134E+06   4.5086745E-04   3.0233231E-04   3.9249877E-04
   8.5507246E-01   9.8998940E+05   4.9417275E+05   1.4841621E+06   2.6382529E-04   7.9050619E-04   4.1460162E-04
   8.6956522E-01   9.2354210E+05   4.5625852E+05   1.3797880E+06   4.5680812E-04   2.1313482E-04   2.5412216E-04
   8.8405797E-01   8.4482672E+05   4.2347543E+05   1.2682773E+06   2.4129709E-04   5.6248988E-04   2.3895141E-04
   8.9855072E-01   7.8172761E+05   3.8987997E+05   1.1715954E+06   6.5691653E-04   1.3685231E-04   4.2668941E-04
   9.1304348E-01   7.0672777E+05   3.5196268E+05   1.0586905E+06   8.0362132E-04   1.2012904E-03   7.2598730E-04
   9.2753623E-01   6.3115914E+05   3.1695889E+05   9.4810619E+05   5.1747657E-04   1.6856602E-04   3.8710411E-04
   9.4202899E-01   5.5771751E+05   2.7866058E+05   8.3637809E+05   5.3813224E-04   4.3558151E-04   5.0396467E-04
   9.5652174E-01   4.7993434E+05   2.3629904E+05   7.1623338E+05   9.3051233E-04   1.3275212E-03   1.0525615E-03
   9.7101449E-01   3.8132250E+05   1.8890262E+05   5.7022513E+05   5.4276744E-04   1.1487188E-03   6.2945304E-04
   9.8550725E-01   2.5902337E+05   1.2914953E+05   3.8817290E+05   1.0419672E-03   1.0145254E-03   1.0128733E-03
   1.0000000E+00   1.1563554E+05   5.7774003E+04   1.7340954E+05   6.9779401E-04   9.2804434E-04   7.4715841E-04
