   0.0000000E+00   1.9608498E+10   1.3416231E+10   3.3000972E+10   6.8527738E-07   6.2550308E-07   4.2377923E-07
   1.4492754E-02   6.4930456E+06   2.4277883E+06   8.9208340E+06   1.1588392E-03   2.6200120E-03   1.4108422E-03
   2.8985507E-02   6.3892357E+06   2.3338290E+06   8.7230647E+06   1.7096919E-03   2.4937963E-03   1.8997526E-03
   4.3478261E-02   6.4677878E+06   2.4401647E+06   8.9079525E+06   3.1415769E-03   3.5655539E-03   3.0706292E-03
   5.7971014E-02   6.5288487E+06   2.4654857E+06   8.9941450E+06   5.7740710E-03   6.6203884E-03   5.9941102E-03
   7.2463768E-02   6.5376006E+06   2.4577947E+06   8.9953953E+06   7.9995605E-03   7.8888691E-03   7.9692743E-03
   8.6956522E-02   6.7095058E+06   2.4892913E+06   9.1987971E+06   1.2379879E-02   1.1516725E-02   1.2146000E-02
   1.0144928E-01   6.7915939E+06   2.5564953E+06   9.3475480E+06   1.5031320E-02   1.5974962E-02   1.5293107E-02
   1.1594203E-01   6.9219246E+06   2.6012153E+06   9.5230452E+06   1.7238196E-02   1.6614131E-02   1.7065650E-02
   1.3043478E-01   6.9613269E+06   2.6581403E+06   9.6192988E+06   1.9132546E-02   1.7640142E-02   1.8720063E-02
   1.4492754E-01   7.0058061E+06   2.6116910E+06   9.6174971E+06   1.8232491E-02   1.7443720E-02   1.8013791E-02
   1.5942029E-01   6.9735885E+06   2.6542827E+06   9.6276645E+06   1.6163711E-02   1.5699138E-02   1.6035790E-02
   1.7391304E-01   6.8902260E+06   2.5930381E+06   9.4832009E+06   1.3370892E-02   1.2578556E-02   1.3144431E-02
   1.8840580E-01   6.7392518E+06   2.5411574E+06   9.2799429E+06   1.0507842E-02   9.6904411E-03   1.0284114E-02
   2.0289855E-01   6.5202159E+06   2.4537679E+06   8.9738214E+06   8.4084927E-03   7.4169602E-03   8.1374309E-03
   2.1739130E-01   6.2590566E+06   2.3416084E+06   8.6006145E+06   5.7945892E-03   5.7056100E-03   5.7692539E-03
   2.3188406E-01   5.9806262E+06   2.2340919E+06   8.2145287E+06   3.7324339E-03   3.2924059E-03   3.6120661E-03
   2.4637681E-01   5.6790136E+06   2.0778477E+06   7.7568167E+06   2.6281561E-03   2.3098570E-03   2.5380628E-03
   2.6086957E-01   5.3065984E+06   1.9390482E+06   7.2454782E+06   1.7492914E-03   1.7097273E-03   1.7374708E-03
   2.7536232E-01   5.0103942E+06   1.8041312E+06   6.8143260E+06   1.2368136E-03   1.1005568E-03   1.2007491E-03
   2.8985507E-01   4.6507604E+06   1.6331499E+06   6.2837588E+06   7.3501818E-04   7.0840134E-04   7.2727531E-04
   3.0434783E-01   4.2656245E+06   1.5004630E+06   5.7659793E+06   4.1896982E-04   4.3259662E-04   4.2014100E-04
   3.1884058E-01   3.9395419E+06   1.3604129E+06   5.2998859E+06   4.2975978E-04   1.6919396E-04   3.3025887E-04
   3.3333333E-01   3.5951641E+06   1.2215374E+06   4.8165697E+06   3.3758765E-04   2.2859167E-04   2.9546588E-04
   3.4782609E-01   3.2526794E+06   1.0819848E+06   4.3346327E+06   2.1514604E-04   1.8247633E-04   2.0546685E-04
   3.6231884E-01   2.9305315E+06   9.5447544E+05   3.8849463E+06   1.9136368E-04   1.5623485E-04   1.8165576E-04
   3.7681159E-01   2.5843192E+06   8.2135742E+05   3.4056767E+06   2.9593868E-04   1.0509233E-04   2.2454472E-04
   3.9130435E-01   2.2677656E+06   7.0708058E+05   2.9747900E+06   2.6914107E-04   3.4795691E-04   2.7121441E-04
   4.0579710E-01   1.9730922E+06   6.0586460E+05   2.5789027E+06   3.4693630E-05   2.9183965E-04   7.0605551E-05
   4.2028986E-01   1.7318464E+06   5.1541772E+05   2.2472118E+06   3.9808895E-04   7.8681424E-05   3.2247824E-04
   4.3478261E-01   1.5319415E+06   4.3999243E+05   1.9719087E+06   1.6089188E-04   8.5762632E-05   1.0586210E-04
   4.4927536E-01   1.3562998E+06   3.8084823E+05   1.7371480E+06   2.0244235E-04   1.7861596E-04   1.7914197E-04
   4.6376812E-01   1.2113842E+06   3.3155716E+05   1.5429413E+06   1.4473403E-04   1.7063236E-04   1.4739016E-04
   4.7826087E-01   1.0994530E+06   2.9505807E+05   1.3944881E+06   3.2337383E-04   6.7568368E-05   2.4481364E-04
   4.9275362E-01   9.9466312E+05   2.6538613E+05   1.2600492E+06   3.2137095E-04   3.3007178E-04   3.2267208E-04
   5.0724638E-01   9.0750875E+05   2.3896850E+05   1.1464773E+06   2.6230718E-04   1.8260857E-04   2.4084508E-04
   5.2173913E-01   8.4441334E+05   2.1595495E+05   1.0603683E+06   2.8345773E-04   6.3739906E-04   3.4396627E-04
   5.3623188E-01   7.7794982E+05   1.9353004E+05   9.7143891E+05   6.7193947E-04   4.8028522E-04   6.1399415E-04
   5.5072464E-01   7.0966029E+05   1.7408003E+05   8.8374032E+05   8.9481790E-04   7.9512677E-04   7.8579798E-04
   5.6521739E-01   6.5596682E+05   1.5990187E+05   8.1586869E+05   4.3623338E-04   4.7046035E-04   4.4282044E-04
   5.7971014E-01   6.1170188E+05   1.4412152E+05   7.5582340E+05   9.2616414E-04   1.1887647E-03   9.6676730E-04
   5.9420290E-01   5.6083603E+05   1.3236366E+05   6.9319970E+05   6.0276301E-04   6.4297049E-04   5.7627957E-04
   6.0869565E-01   5.1695683E+05   1.2204973E+05   6.3900656E+05   4.9881811E-04   4.6167519E-04   4.4068854E-04
   6.2318841E-01   4.8588543E+05   1.1152827E+05   5.9739608E+05   3.8959262E-04   7.7852204E-04   4.6115435E-04
   6.3768116E-01   4.4746073E+05   1.0014179E+05   5.4758530E+05   7.1468124E-04   1.5314153E-03   6.3404674E-04
   6.5217391E-01   4.0934620E+05   9.4245605E+04   5.0359180E+05   1.2214024E-03   3.6906695E-04   9.8529107E-04
   6.6666667E-01   3.7995553E+05   8.5113597E+04   4.6506913E+05   9.2743722E-04   1.4058461E-04   7.3222232E-04
   6.8115942E-01   3.4741421E+05   7.4951443E+04   4.2236565E+05   8.0753409E-04   6.8815896E-04   7.4628953E-04
   6.9565217E-01   3.2364828E+05   7.1511400E+04   3.9515968E+05   1.4175246E-03   1.7080647E-03   1.4573373E-03
   7.1014493E-01   2.9791423E+05   6.4206586E+04   3.6212081E+05   1.2886475E-03   4.5085878E-04   1.0015759E-03
   7.2463768E-01   2.7113334E+05   5.9512639E+04   3.3064598E+05   1.3470746E-03   1.7107299E-03   1.3414953E-03
   7.3913043E-01   2.5015711E+05   5.2343262E+04   3.0248551E+05   7.2767217E-04   1.8134409E-03   9.0427189E-04
   7.5362319E-01   2.3163428E+05   4.7416830E+04   2.7905111E+05   2.2663165E-03   2.8918586E-03   2.3524344E-03
   7.6811594E-01   2.1346729E+05   4.3448336E+04   2.5691563E+05   2.4677916E-03   2.4853188E-03   2.4541033E-03
   7.8260870E-01   1.9560832E+05   3.8953278E+04   2.3456160E+05   2.5580309E-03   1.0039738E-03   2.2996410E-03
   7.9710145E-01   1.7616689E+05   3.6261145E+04   2.1242804E+05   2.7260509E-03   2.9347058E-03   2.7553461E-03
   8.1159420E-01   1.6024778E+05   3.2799174E+04   1.9304695E+05   2.6732787E-03   4.9187601E-03   3.0259954E-03
   8.2608696E-01   1.4318565E+05   2.8395185E+04   1.7158083E+05   3.6198711E-03   6.6354880E-03   4.1099538E-03
   8.4057971E-01   1.3141506E+05   2.5083697E+04   1.5649875E+05   3.8692869E-03   1.4666158E-03   3.4801002E-03
   8.5507246E-01   1.1872064E+05   2.3310035E+04   1.4203068E+05   3.4060114E-03   6.9125294E-03   3.9486008E-03
   8.6956522E-01   1.0600736E+05   2.0105280E+04   1.2611264E+05   2.7994388E-03   7.9834823E-03   3.3631708E-03
   8.8405797E-01   9.2766845E+04   1.7924820E+04   1.1069167E+05   5.2708247E-03   1.2111356E-03   4.2517336E-03
   8.9855072E-01   8.2361089E+04   1.5386943E+04   9.7748032E+04   6.1651282E-03   6.5299800E-03   6.1833637E-03
   9.1304348E-01   7.1407662E+04   1.3579122E+04   8.4986784E+04   6.3734581E-03   9.7844631E-03   6.8779194E-03
   9.2753623E-01   6.4857524E+04   1.1330531E+04   7.6188056E+04   7.4840785E-03   5.3652663E-03   7.0768845E-03
   9.4202899E-01   5.6643732E+04   9.5591397E+03   6.6202871E+04   1.3325209E-02   8.4881977E-03   1.2358644E-02
   9.5652174E-01   4.6038244E+04   7.8758692E+03   5.3914113E+04   1.2409705E-02   9.3331793E-03   1.1949397E-02
   9.7101449E-01   3.5364815E+04   6.4237976E+03   4.1788613E+04   1.4525960E-02   1.0820376E-02   1.3623256E-02
   9.8550725E-01   2.5852193E+04   4.4349882E+03   3.0287181E+04   1.9611398E-02   3.5513484E-02   2.1886904E-02
   1.0000000E+00   1.0876394E+04   1.7288433E+03   1.2605237E+04   4.5811376E-02   5.8136805E-02   4.7327670E-02
