   0.0000000E+00   4.2190779E+06   2.1216627E+06   6.3407406E+06   7.4636578E-03   3.3125690E-03   4.1956021E-03
   1.4492754E-02   4.4297287E+06   2.1163586E+06   6.5460872E+06   1.7057663E-03   7.5407984E-04   1.3788343E-03
   2.8985507E-02   4.3702463E+06   2.0856702E+06   6.4559165E+06   5.5862214E-04   1.3651807E-03   8.1131423E-04
   4.3478261E-02   4.4668578E+06   2.0842810E+06   6.5508862E+06   3.9305211E-04   6.5896291E-04   4.5271119E-04
   5.7971014E-02   4.4848540E+06   2.0915427E+06   6.5763967E+06   1.0004699E-03   5.1565717E-04   8.4510047E-04
   7.2463768E-02   4.4676155E+06   2.1249968E+06   6.5926122E+06   3.7880103E-04   1.2332170E-04   2.8427787E-04
   8.6956522E-02   4.4398318E+06   2.0931213E+06   6.5328268E+06   1.4338239E-04   2.6570629E-04   1.8066171E-04
   1.0144928E-01   4.4861259E+06   2.1205802E+06   6.6067061E+06   8.4449695E-04   1.8468188E-04   5.5913089E-04
   1.1594203E-01   4.4955570E+06   2.1737571E+06   6.6692194E+06   1.5066380E-04   2.8229704E-04   6.5020349E-05
   1.3043478E-01   4.5581229E+06   2.2088866E+06   6.7669254E+06   4.4547173E-04   5.8760612E-04   3.1695225E-04
   1.4492754E-01   4.5870348E+06   2.2296402E+06   6.8165234E+06   2.7099395E-04   2.1326440E-04   2.5177936E-04
   1.5942029E-01   4.5723898E+06   2.2808563E+06   6.8532461E+06   7.3677099E-04   3.9679525E-04   5.3564085E-04
   1.7391304E-01   4.6155636E+06   2.3030144E+06   6.9185148E+06   1.8145475E-04   6.8904377E-05   1.3782470E-04
   1.8840580E-01   4.6281974E+06   2.3267762E+06   6.9548570E+06   2.6892096E-05   4.9645681E-04   1.5907060E-04
   2.0289855E-01   4.6447635E+06   2.3412981E+06   6.9858992E+06   3.2657875E-04   2.1039482E-04   1.8526195E-04
   2.1739130E-01   4.6218907E+06   2.3706550E+06   6.9923941E+06   2.0737101E-04   1.4348719E-04   1.2060163E-04
   2.3188406E-01   4.6229989E+06   2.3720473E+06   6.9948094E+06   2.1223550E-04   1.8184186E-04   8.3300609E-05
   2.4637681E-01   4.5764621E+06   2.4023819E+06   6.9787103E+06   9.1934336E-05   2.6006445E-04   1.4532862E-04
   2.6086957E-01   4.5635113E+06   2.3852709E+06   6.9485717E+06   8.4253874E-05   1.3431050E-04   9.9730524E-05
   2.7536232E-01   4.5470183E+06   2.3875485E+06   6.9342478E+06   1.0662998E-04   6.8832801E-05   6.2594377E-05
   2.8985507E-01   4.5077376E+06   2.3698594E+06   6.8774076E+06   1.5780503E-04   1.7379888E-04   6.6163791E-05
   3.0434783E-01   4.4407339E+06   2.3499219E+06   6.7902588E+06   8.3350710E-05   6.9264422E-05   6.9498866E-05
   3.1884058E-01   4.3791325E+06   2.3200520E+06   6.6991845E+06   1.2916527E-04   2.0793957E-04   1.5643257E-04
   3.3333333E-01   4.3563600E+06   2.2966340E+06   6.6529281E+06   8.3804298E-05   4.3812519E-05   4.9971875E-05
   3.4782609E-01   4.2947252E+06   2.2275564E+06   6.5221869E+06   3.3003314E-05   7.9090604E-05   7.2677557E-06
   3.6231884E-01   4.2086817E+06   2.2070445E+06   6.4156050E+06   1.4121848E-04   7.4733765E-05   1.1825649E-04
   3.7681159E-01   4.1232242E+06   2.1641834E+06   6.2872618E+06   1.2414878E-04   3.9235743E-05   8.1823143E-05
   3.9130435E-01   4.0476890E+06   2.1083883E+06   6.1558248E+06   2.4515400E-05   7.4689802E-05   2.6736216E-05
   4.0579710E-01   3.9556290E+06   2.0534394E+06   6.0087166E+06   9.2495835E-05   9.4771407E-05   8.9014228E-05
   4.2028986E-01   3.8575852E+06   1.9935007E+06   5.8507462E+06   3.3987911E-05   5.3052564E-05   2.1051612E-05
   4.3478261E-01   3.7478414E+06   1.9456152E+06   5.6933051E+06   1.9514979E-04   1.7163184E-04   1.0078419E-04
   4.4927536E-01   3.6515331E+06   1.8877665E+06   5.5391529E+06   8.7477324E-05   1.7243151E-04   1.0762150E-04
   4.6376812E-01   3.5563661E+06   1.8226882E+06   5.3789122E+06   1.2999848E-04   1.3629502E-04   1.2732178E-04
   4.7826087E-01   3.4467146E+06   1.7579261E+06   5.2045029E+06   5.1387868E-05   9.7940033E-05   6.7113138E-05
   4.9275362E-01   3.3376518E+06   1.6980656E+06   5.0356951E+06   1.0150318E-04   1.5192974E-04   8.7915986E-05
   5.0724638E-01   3.2377439E+06   1.6345463E+06   4.8721603E+06   8.3498383E-05   5.4716971E-05   3.7721928E-05
   5.2173913E-01   3.1289894E+06   1.5869321E+06   4.7158795E+06   7.5432042E-05   5.6169372E-05   6.3445211E-05
   5.3623188E-01   3.0068016E+06   1.5238494E+06   4.5303848E+06   5.6281327E-05   2.1206371E-05   4.2087547E-05
   5.5072464E-01   2.9181836E+06   1.4590020E+06   4.3770460E+06   1.1774239E-04   7.7142795E-05   6.3366469E-05
   5.6521739E-01   2.7958541E+06   1.3909714E+06   4.1866312E+06   1.9358181E-04   1.6881891E-04   1.8046116E-04
   5.7971014E-01   2.6815544E+06   1.3331809E+06   4.0146216E+06   1.0956784E-04   1.8151624E-05   7.0578884E-05
   5.9420290E-01   2.5840669E+06   1.2829961E+06   3.8670075E+06   1.2721261E-04   9.4555444E-05   8.2826502E-05
   6.0869565E-01   2.4748763E+06   1.2157705E+06   3.6905204E+06   1.8044994E-04   1.0256168E-04   1.1255338E-04
   6.2318841E-01   2.3721035E+06   1.1746857E+06   3.5467540E+06   1.5876678E-04   6.2338527E-05   1.2261439E-04
   6.3768116E-01   2.2726934E+06   1.1111520E+06   3.3837593E+06   1.6702207E-04   2.0204684E-04   1.7347877E-04
   6.5217391E-01   2.1840497E+06   1.0636097E+06   3.2474742E+06   1.3386472E-04   2.2461076E-04   8.7292169E-05
   6.6666667E-01   2.0703672E+06   1.0049400E+06   3.0752743E+06   3.1889412E-05   3.4120874E-05   3.2557757E-05
   6.8115942E-01   1.9730657E+06   9.6340577E+05   2.9364231E+06   3.3518207E-04   1.6522006E-04   2.1883729E-04
   6.9565217E-01   1.8818706E+06   9.1294641E+05   2.7947855E+06   1.1660284E-04   7.7004597E-05   7.5849186E-05
   7.1014493E-01   1.8001813E+06   8.6467034E+05   2.6648207E+06   1.0977152E-04   3.0776008E-05   7.1886453E-05
   7.2463768E-01   1.6943598E+06   8.2050759E+05   2.5148371E+06   3.6112579E-04   1.2122316E-04   2.4088263E-04
   7.3913043E-01   1.6090910E+06   7.8052821E+05   2.3895746E+06   2.4410483E-04   2.9578655E-04   2.6065095E-04
   7.5362319E-01   1.5258777E+06   7.3606833E+05   2.2618877E+06   1.9208803E-04   4.4638615E-05   1.2434054E-04
   7.6811594E-01   1.4339952E+06   6.9648868E+05   2.1303695E+06   2.6759697E-04   1.6196860E-04   1.2742794E-04
   7.8260870E-01   1.3535563E+06   6.5691561E+05   2.0104719E+06   3.1054100E-04   1.4260480E-04   1.7568647E-04
   7.9710145E-01   1.2714822E+06   6.1577816E+05   1.8872603E+06   9.2743907E-05   2.3243092E-04   1.3826795E-04
   8.1159420E-01   1.1874952E+06   5.7661055E+05   1.7641192E+06   3.3421767E-04   3.1188112E-04   1.3531811E-04
   8.2608696E-01   1.0986783E+06   5.3988074E+05   1.6385059E+06   1.2472454E-04   4.5797759E-04   6.9714667E-05
   8.4057971E-01   1.0196784E+06   4.9434480E+05   1.5139710E+06   2.3302930E-04   3.4307168E-04   2.5702788E-04
   8.5507246E-01   9.3991456E+05   4.6048557E+05   1.4003873E+06   6.6326738E-04   2.5804072E-04   3.8552232E-04
   8.6956522E-01   8.6907346E+05   4.2630266E+05   1.2953761E+06   7.5432207E-04   1.1502207E-04   4.7127295E-04
   8.8405797E-01   7.9776009E+05   3.9162565E+05   1.1893485E+06   6.1519963E-04   1.1611800E-04   3.8462649E-04
   8.9855072E-01   7.2829495E+05   3.5017212E+05   1.0784426E+06   5.2360111E-04   5.3475092E-04   2.7576964E-04
   9.1304348E-01   6.5628416E+05   3.1720301E+05   9.7347514E+05   5.0305272E-04   5.3289375E-04   1.6857124E-04
   9.2753623E-01   5.8487800E+05   2.7971139E+05   8.6458940E+05   7.9488680E-04   2.6958841E-04   4.6147205E-04
   9.4202899E-01   5.1160049E+05   2.4140325E+05   7.5299209E+05   3.6061001E-04   4.6934034E-04   3.7136940E-04
   9.5652174E-01   4.4056648E+05   2.0384265E+05   6.4440913E+05   1.3949093E-04   6.6434102E-04   2.5630777E-04
   9.7101449E-01   3.5827374E+05   1.6252886E+05   5.2080260E+05   1.6909246E-04   1.2118326E-03   4.7071324E-04
   9.8550725E-01   2.5555784E+05   1.0970467E+05   3.6526251E+05   1.0526937E-03   6.3292942E-04   8.7049127E-04
   1.0000000E+00   1.3248629E+05   5.2434284E+04   1.8492058E+05   1.6146775E-03   2.8364184E-03   1.2706509E-03
