   0.0000000E+00   3.6431980E+06   1.9943630E+06   5.6375609E+06   3.0860860E-03   2.5975845E-03   1.5357107E-03
   1.4492754E-02   3.9773599E+06   2.0299766E+06   6.0073364E+06   7.2133867E-04   2.3955071E-03   1.2407851E-03
   2.8985507E-02   3.9576587E+06   1.9973939E+06   5.9550526E+06   3.9046876E-04   3.8466814E-04   1.9048245E-04
   4.3478261E-02   4.0213086E+06   1.9332389E+06   5.9545474E+06   4.7658970E-04   7.4472548E-04   5.4462860E-04
   5.7971014E-02   3.9784965E+06   2.0076233E+06   5.9861198E+06   4.8405149E-04   2.3642758E-04   3.3024328E-04
   7.2463768E-02   4.0088817E+06   2.0193683E+06   6.0282500E+06   3.5641990E-04   2.5054100E-04   1.7243921E-04
   8.6956522E-02   4.0499763E+06   2.0467731E+06   6.0967494E+06   1.8152084E-04   2.7661056E-04   1.6740261E-04
   1.0144928E-01   4.1294484E+06   2.0870233E+06   6.2164718E+06   2.9256160E-04   1.4267640E-04   1.5216069E-04
   1.1594203E-01   4.1994714E+06   2.1120963E+06   6.3114730E+06   1.4470274E-04   1.8399324E-04   1.0281578E-04
   1.3043478E-01   4.2572173E+06   2.1366491E+06   6.3938663E+06   1.9796669E-04   2.1829000E-04   2.0450369E-04
   1.4492754E-01   4.3528942E+06   2.1938750E+06   6.5466176E+06   9.5418813E-05   2.6734120E-04   1.5186038E-04
   1.5942029E-01   4.4437812E+06   2.2380097E+06   6.6817910E+06   1.7450223E-04   2.4619064E-04   1.7193881E-04
   1.7391304E-01   4.5284239E+06   2.2646855E+06   6.7929831E+06   1.2452943E-04   2.5608452E-04   4.8470527E-06
   1.8840580E-01   4.6125763E+06   2.3136032E+06   6.9261213E+06   3.5442961E-04   1.7497625E-04   2.8944326E-04
   2.0289855E-01   4.6512584E+06   2.3656539E+06   7.0168582E+06   3.4005996E-04   4.8163575E-05   2.4145316E-04
   2.1739130E-01   4.7493420E+06   2.3729282E+06   7.1220681E+06   1.4115311E-04   2.0925936E-04   1.6239881E-04
   2.3188406E-01   4.7886117E+06   2.4141017E+06   7.2027134E+06   4.7872071E-05   1.9842702E-04   3.6164424E-05
   2.4637681E-01   4.7909016E+06   2.4265403E+06   7.2173082E+06   1.7801257E-04   4.5754558E-05   1.2258540E-04
   2.6086957E-01   4.8137749E+06   2.4180220E+06   7.2317547E+06   1.2826132E-04   5.2069006E-05   6.8501938E-05
   2.7536232E-01   4.8003018E+06   2.4121949E+06   7.2124568E+06   6.2282433E-05   7.5908932E-05   4.4382181E-05
   2.8985507E-01   4.7741200E+06   2.3997521E+06   7.1737584E+06   9.1865759E-05   1.6403793E-04   9.8995249E-05
   3.0434783E-01   4.7389213E+06   2.3767674E+06   7.1154722E+06   1.5268503E-04   1.8284399E-04   1.6188673E-04
   3.1884058E-01   4.6758897E+06   2.3547701E+06   7.0305909E+06   1.1675864E-04   2.7468831E-04   1.2821291E-04
   3.3333333E-01   4.6112231E+06   2.3136995E+06   6.9247579E+06   6.8120269E-05   2.0863344E-04   1.1209696E-04
   3.4782609E-01   4.5462307E+06   2.2762094E+06   6.8222822E+06   1.1723254E-04   1.7097716E-04   6.9605538E-05
   3.6231884E-01   4.4661909E+06   2.2298978E+06   6.6958160E+06   3.0605042E-04   1.2233651E-04   2.4349214E-04
   3.7681159E-01   4.3371973E+06   2.1717316E+06   6.5088998E+06   1.0182228E-04   1.5272752E-05   6.2753852E-05
   3.9130435E-01   4.2301352E+06   2.1297172E+06   6.3597121E+06   8.2100976E-05   1.9970389E-04   1.1283313E-04
   4.0579710E-01   4.1374317E+06   2.0721392E+06   6.2094898E+06   1.3106283E-04   1.4142366E-04   7.0520214E-05
   4.2028986E-01   3.9980800E+06   2.0069048E+06   6.0048019E+06   1.5167782E-04   6.0175898E-05   9.4303594E-05
   4.3478261E-01   3.9003485E+06   1.9446302E+06   5.8448019E+06   8.2596348E-05   1.5980233E-04   1.9409446E-05
   4.4927536E-01   3.7688356E+06   1.8883043E+06   5.6570421E+06   2.8016900E-04   1.2298053E-04   2.1172973E-04
   4.6376812E-01   3.6471051E+06   1.8260744E+06   5.4730137E+06   1.0284473E-04   1.5023840E-04   1.1088631E-04
   4.7826087E-01   3.4821445E+06   1.7479378E+06   5.2300134E+06   1.5730858E-04   1.6706225E-04   1.5842813E-04
   4.9275362E-01   3.3793273E+06   1.6972856E+06   5.0765461E+06   1.0150327E-04   2.6793968E-04   2.9581436E-05
   5.0724638E-01   3.2514481E+06   1.6229854E+06   4.8743469E+06   2.3103765E-04   2.1982147E-04   9.8420952E-05
   5.2173913E-01   3.1301681E+06   1.5737770E+06   4.7039030E+06   1.5273275E-04   9.1798014E-05   7.2086609E-05
   5.3623188E-01   3.0104469E+06   1.5042097E+06   4.5145747E+06   1.0919303E-04   1.6439217E-04   1.8129866E-05
   5.5072464E-01   2.8902669E+06   1.4363098E+06   4.3264970E+06   1.2990605E-04   7.0364198E-05   6.3575276E-05
   5.6521739E-01   2.7561409E+06   1.3853758E+06   4.1414778E+06   1.1486986E-04   4.1165407E-04   2.1207014E-04
   5.7971014E-01   2.6417921E+06   1.3286723E+06   3.9704266E+06   5.9825879E-05   3.4631674E-04   1.4993303E-04
   5.9420290E-01   2.5350543E+06   1.2624263E+06   3.7974990E+06   2.8709795E-04   3.9543436E-04   1.9812636E-04
   6.0869565E-01   2.4098192E+06   1.2153916E+06   3.6251747E+06   4.4970880E-05   1.8346515E-04   3.4217197E-05
   6.2318841E-01   2.3152909E+06   1.1575926E+06   3.4728482E+06   7.8857243E-05   1.7687665E-04   1.0997453E-04
   6.3768116E-01   2.2001229E+06   1.0988732E+06   3.2989789E+06   1.0192567E-04   1.9159075E-04   1.3017164E-04
   6.5217391E-01   2.1064070E+06   1.0571269E+06   3.1633486E+06   2.3845645E-04   3.3528966E-04   2.5872944E-04
   6.6666667E-01   1.9990412E+06   9.9701675E+05   2.9960085E+06   1.1509337E-04   1.7800442E-04   8.6372951E-05
   6.8115942E-01   1.9037570E+06   9.5874649E+05   2.8624874E+06   2.0942930E-04   3.9442881E-04   1.4225829E-04
   6.9565217E-01   1.8013769E+06   9.0858943E+05   2.7098874E+06   1.6597173E-04   3.6276052E-04   1.5382133E-04
   7.1014493E-01   1.7199231E+06   8.6431467E+05   2.5841604E+06   3.8338071E-05   1.7735904E-04   3.9208669E-05
   7.2463768E-01   1.6272850E+06   8.1679468E+05   2.4440797E+06   2.0032169E-04   2.6776880E-04   5.3475257E-05
   7.3913043E-01   1.5293355E+06   7.6853815E+05   2.2978588E+06   1.3000255E-04   1.1578617E-04   1.0197638E-04
   7.5362319E-01   1.4577251E+06   7.3246908E+05   2.1901650E+06   2.6388063E-04   3.2137806E-04   2.5643204E-04
   7.6811594E-01   1.3831840E+06   6.8939741E+05   2.0725242E+06   1.6209798E-04   1.3423451E-04   8.3611100E-05
   7.8260870E-01   1.3054400E+06   6.4992759E+05   1.9553535E+06   1.3931080E-04   2.7366955E-04   1.0037176E-04
   7.9710145E-01   1.2211409E+06   6.1511686E+05   1.8362440E+06   1.3566026E-04   1.4501071E-04   1.0678389E-04
   8.1159420E-01   1.1466044E+06   5.7624522E+05   1.7228226E+06   1.4666301E-04   2.7767904E-04   1.9032515E-04
   8.2608696E-01   1.0730349E+06   5.3465635E+05   1.6076913E+06   3.6115620E-04   5.0734260E-04   7.8008453E-05
   8.4057971E-01   1.0058693E+06   5.0146491E+05   1.5073212E+06   2.9454356E-04   3.9417077E-04   7.5012734E-05
   8.5507246E-01   9.3452051E+05   4.6745932E+05   1.4019798E+06   2.6565718E-04   3.1303137E-04   9.9083026E-05
   8.6956522E-01   8.6365564E+05   4.2921994E+05   1.2928503E+06   7.7884186E-05   9.0907401E-05   8.1262184E-05
   8.8405797E-01   7.9000881E+05   3.9598574E+05   1.1859946E+06   3.9732585E-04   3.1986066E-04   2.8708272E-04
   8.9855072E-01   7.2308856E+05   3.6032824E+05   1.0833924E+06   1.9856398E-04   3.3066532E-04   7.4479524E-05
   9.1304348E-01   6.4560368E+05   3.2119616E+05   9.6678782E+05   1.9461539E-04   4.3521597E-04   2.0272809E-04
   9.2753623E-01   5.7323964E+05   2.8657838E+05   8.5980618E+05   4.0654865E-04   3.9796278E-05   2.7496444E-04
   9.4202899E-01   4.9342647E+05   2.5161521E+05   7.4504168E+05   3.9002756E-04   5.8055295E-04   1.6713912E-04
   9.5652174E-01   4.2246116E+05   2.0864165E+05   6.3110281E+05   4.1993139E-04   9.0499364E-04   4.3990736E-04
   9.7101449E-01   3.3707973E+05   1.6500565E+05   5.0208537E+05   3.8043192E-04   4.4970653E-04   1.4381054E-04
   9.8550725E-01   2.2834618E+05   1.1686974E+05   3.4520478E+05   3.0339135E-04   3.4710380E-04   3.1819534E-04
   1.0000000E+00   1.1195901E+05   5.5454289E+04   1.6741330E+05   3.1620235E-04   2.2679096E-03   9.2351519E-04
