   0.0000000E+00   4.5524820E+06   1.9943630E+06   6.5468450E+06   2.2110042E-03   5.7117923E-07   1.5374891E-03
   1.4492754E-02   4.5653635E+06   2.0080022E+06   6.5741235E+06   1.6671290E-03   1.5067057E-04   1.1457773E-03
   2.8985507E-02   4.4706464E+06   1.9553395E+06   6.4259859E+06   2.0312361E-03   1.0945640E-05   1.4111412E-03
   4.3478261E-02   4.4999456E+06   2.0014352E+06   6.5013807E+06   3.1159392E-04   1.1641478E-04   1.8657468E-04
   5.7971014E-02   4.6053341E+06   1.9801554E+06   6.5853001E+06   4.7619766E-04   1.7316499E-05   3.4897087E-04
   7.2463768E-02   4.5747595E+06   2.0554365E+06   6.6301960E+06   4.6149124E-04   1.3183304E-05   3.1988277E-04
   8.6956522E-02   4.5838018E+06   2.0504355E+06   6.6341110E+06   4.0980961E-04   3.3327008E-05   2.7292997E-04
   1.0144928E-01   4.6043328E+06   2.0649407E+06   6.6690571E+06   4.2759580E-04   3.4385274E-05   3.1347895E-04
   1.1594203E-01   4.6312866E+06   2.1028140E+06   6.7341006E+06   4.7034078E-04   4.1230815E-06   3.2237738E-04
   1.3043478E-01   4.6621012E+06   2.1374910E+06   6.7993397E+06   2.6037423E-04   3.3938127E-05   1.8964220E-04
   1.4492754E-01   4.7191083E+06   2.1921322E+06   6.9110132E+06   8.3534669E-04   1.6469148E-05   5.7465682E-04
   1.5942029E-01   4.7027894E+06   2.2378031E+06   6.9405925E+06   6.5927561E-04   5.2021381E-06   4.4623595E-04
   1.7391304E-01   4.7234148E+06   2.2964473E+06   7.0196726E+06   2.0258836E-04   1.0607373E-05   1.3398930E-04
   1.8840580E-01   4.7206995E+06   2.3214721E+06   7.0419384E+06   5.3460823E-04   8.5796261E-06   3.5976415E-04
   2.0289855E-01   4.6766967E+06   2.3812958E+06   7.0578301E+06   7.1931262E-04   7.2935204E-06   4.7750751E-04
   2.1739130E-01   4.6446733E+06   2.4021768E+06   7.0467491E+06   6.2678802E-05   1.2874100E-05   4.3761577E-05
   2.3188406E-01   4.6427474E+06   2.4083713E+06   7.0507872E+06   2.9887192E-04   1.5858236E-05   1.9338365E-04
   2.4637681E-01   4.6352090E+06   2.4361234E+06   7.0712879E+06   8.1965058E-05   1.5616945E-05   5.3383497E-05
   2.6086957E-01   4.5700362E+06   2.4462687E+06   7.0160523E+06   1.8580364E-04   3.1752029E-05   1.2849568E-04
   2.7536232E-01   4.5291517E+06   2.4329728E+06   6.9620847E+06   3.2359659E-04   8.9354467E-06   2.0862444E-04
   2.8985507E-01   4.4753065E+06   2.4168390E+06   6.8920319E+06   6.5639721E-05   6.9897183E-06   4.0181145E-05
   3.0434783E-01   4.4545896E+06   2.4070769E+06   6.8613057E+06   1.2697845E-04   9.4796891E-06   8.2266529E-05
   3.1884058E-01   4.4101308E+06   2.3760211E+06   6.7862209E+06   1.4890470E-04   2.0413642E-05   9.6670070E-05
   3.3333333E-01   4.3527360E+06   2.3438443E+06   6.6963826E+06   4.1736297E-05   1.8036629E-05   3.3375461E-05
   3.4782609E-01   4.2855693E+06   2.3016568E+06   6.5870366E+06   2.3100780E-04   4.9747676E-06   1.4862575E-04
   3.6231884E-01   4.2239577E+06   2.2466893E+06   6.4704954E+06   1.6501970E-04   2.4755883E-05   1.1105599E-04
   3.7681159E-01   4.1460728E+06   2.2025948E+06   6.3483762E+06   8.5142492E-05   1.1182920E-05   5.2802305E-05
   3.9130435E-01   4.0868668E+06   2.1341513E+06   6.2207656E+06   7.5281344E-05   1.2202485E-05   5.0806738E-05
   4.0579710E-01   3.9933535E+06   2.0947089E+06   6.0877648E+06   7.5792912E-06   1.0741624E-05   6.1748833E-06
   4.2028986E-01   3.9133442E+06   2.0246724E+06   5.9377292E+06   1.4808460E-04   1.4457044E-05   9.6633365E-05
   4.3478261E-01   3.8061114E+06   1.9708984E+06   5.7768077E+06   1.0036732E-05   5.2471976E-06   8.3995675E-06
   4.4927536E-01   3.7088766E+06   1.8967616E+06   5.6054427E+06   5.3980673E-05   5.8906766E-06   3.7573039E-05
   4.6376812E-01   3.6240414E+06   1.8321599E+06   5.4561067E+06   1.8405251E-04   2.3916872E-05   1.2492935E-04
   4.7826087E-01   3.5081372E+06   1.7669501E+06   5.2750184E+06   2.1147005E-04   3.1195325E-05   1.4795193E-04
   4.9275362E-01   3.3989393E+06   1.7019435E+06   5.1007045E+06   1.8272606E-04   1.5578269E-05   1.2091762E-04
   5.0724638E-01   3.2746782E+06   1.6318834E+06   4.9064316E+06   1.2777029E-04   4.9173853E-06   8.4364769E-05
   5.2173913E-01   3.1678445E+06   1.5774394E+06   4.7450945E+06   2.0657878E-04   1.3468849E-05   1.3489219E-04
   5.3623188E-01   3.0651678E+06   1.5073021E+06   4.5723060E+06   3.6451413E-04   1.7278225E-06   2.4488415E-04
   5.5072464E-01   2.9489317E+06   1.4538375E+06   4.4026296E+06   1.3608967E-04   2.2449539E-05   9.2486144E-05
   5.6521739E-01   2.8360335E+06   1.3901554E+06   4.2260918E+06   1.5900158E-04   1.5054247E-05   1.0263362E-04
   5.7971014E-01   2.7238739E+06   1.3296006E+06   4.0533419E+06   3.4858304E-04   2.0774615E-05   2.3103566E-04
   5.9420290E-01   2.6110128E+06   1.2676011E+06   3.8784475E+06   1.3788417E-04   1.0164662E-05   9.4236332E-05
   6.0869565E-01   2.4986367E+06   1.2115308E+06   3.7101133E+06   2.5538597E-04   2.3740360E-05   1.7710411E-04
   6.2318841E-01   2.3837867E+06   1.1592666E+06   3.5429124E+06   2.1805305E-04   1.8373629E-05   1.4255092E-04
   6.3768116E-01   2.2840595E+06   1.1086893E+06   3.3926627E+06   3.3980115E-04   2.9959817E-05   2.1913991E-04
   6.5217391E-01   2.1956852E+06   1.0444811E+06   3.2400484E+06   1.2466540E-04   6.0335019E-06   8.3240472E-05
   6.6666667E-01   2.0843359E+06   9.9772507E+05   3.0819951E+06   1.1289656E-04   2.6402406E-05   7.1486432E-05
   6.8115942E-01   1.9850605E+06   9.4926672E+05   2.9342628E+06   2.4304934E-05   1.3459065E-05   2.0704370E-05
   6.9565217E-01   1.8862434E+06   9.0282747E+05   2.7890551E+06   1.8968716E-04   1.2685368E-05   1.3231478E-04
   7.1014493E-01   1.7954648E+06   8.5984557E+05   2.6552640E+06   3.2280262E-04   1.8144247E-05   2.1790648E-04
   7.2463768E-01   1.6935263E+06   8.0206428E+05   2.4955300E+06   2.7865995E-04   3.0473116E-05   1.9319255E-04
   7.3913043E-01   1.6077092E+06   7.6287741E+05   2.3705569E+06   1.6916703E-04   5.7183681E-06   1.1656905E-04
   7.5362319E-01   1.5121364E+06   7.2478971E+05   2.2368970E+06   8.0236456E-05   1.1846870E-05   5.6096319E-05
   7.6811594E-01   1.4283336E+06   6.8566592E+05   2.1138709E+06   2.0595550E-04   3.1281127E-05   1.4732816E-04
   7.8260870E-01   1.3401836E+06   6.4348683E+05   1.9836003E+06   3.7821162E-04   1.3263943E-05   2.5244685E-04
   7.9710145E-01   1.2476479E+06   6.0397125E+05   1.8515640E+06   4.0097946E-04   1.4955968E-05   2.7433252E-04
   8.1159420E-01   1.1535864E+06   5.7294365E+05   1.7265030E+06   3.4913247E-04   2.9236558E-05   2.2375593E-04
   8.2608696E-01   1.0690335E+06   5.2945854E+05   1.5984522E+06   4.1655703E-04   2.0082448E-05   2.7307675E-04
   8.4057971E-01   9.8458737E+05   4.9847316E+05   1.4830213E+06   2.7244805E-04   9.0674576E-06   1.7931380E-04
   8.5507246E-01   9.0686954E+05   4.5844354E+05   1.3653002E+06   3.7753701E-04   3.1019467E-05   2.6247223E-04
   8.6956522E-01   8.1796412E+05   4.2472404E+05   1.2426629E+06   3.8610426E-04   2.8826193E-06   2.5341935E-04
   8.8405797E-01   7.5004752E+05   3.8919095E+05   1.1392012E+06   6.6039374E-04   2.7303260E-05   4.2572276E-04
   8.9855072E-01   6.7703773E+05   3.4684786E+05   1.0238856E+06   6.6973715E-04   7.0978769E-05   4.4712410E-04
   9.1304348E-01   6.1033886E+05   3.1607242E+05   9.2638722E+05   6.0548887E-04   2.6898204E-05   4.0287682E-04
   9.2753623E-01   5.3247578E+05   2.7741450E+05   8.0987844E+05   2.9543478E-04   5.9825666E-05   2.0655533E-04
   9.4202899E-01   4.5937495E+05   2.4014424E+05   6.9951919E+05   8.3430498E-04   6.2860962E-05   5.4316916E-04
   9.5652174E-01   3.8998181E+05   1.9411836E+05   5.8410017E+05   9.9215948E-04   1.1560159E-04   6.9987272E-04
   9.7101449E-01   3.0898692E+05   1.4798484E+05   4.5696046E+05   6.1088190E-04   5.0327760E-05   4.0376667E-04
   9.8550725E-01   2.1803873E+05   9.2488448E+04   3.1052718E+05   1.5281228E-03   2.0589526E-04   1.1304961E-03
   1.0000000E+00   1.1714554E+05   4.1732963E+04   1.5887851E+05   1.8515197E-03   3.6597389E-04   1.3135360E-03
