   0.0000000E+00   3.2880268E+10   1.6619402E+10   4.9426624E+10   4.2672014E-07   1.4698232E-07   2.4059921E-07
   1.4492754E-02   1.4836484E+06   7.6834500E+05   2.2519934E+06   3.2822431E-03   2.0663969E-03   1.9077389E-03
   2.8985507E-02   1.4942567E+06   7.0772606E+05   2.2019828E+06   3.5749555E-04   1.9583844E-03   7.4703160E-04
   4.3478261E-02   1.5483086E+06   7.4056132E+05   2.2888699E+06   1.2773406E-03   1.6358211E-03   8.0732612E-04
   5.7971014E-02   1.5514659E+06   7.6493518E+05   2.3164010E+06   1.7081482E-04   1.5988246E-03   4.9475978E-04
   7.2463768E-02   1.5606345E+06   7.7258832E+05   2.3332228E+06   2.6095529E-04   2.1910314E-03   8.9037636E-04
   8.6956522E-02   1.5627056E+06   7.7844815E+05   2.3411538E+06   4.7864555E-04   6.0805161E-04   2.7773278E-04
   1.0144928E-01   1.6381185E+06   8.0471636E+05   2.4428348E+06   1.3492551E-04   7.1988743E-04   1.5711647E-04
   1.1594203E-01   1.6456146E+06   8.1920807E+05   2.4648227E+06   4.2204901E-04   1.3456655E-03   3.7165465E-04
   1.3043478E-01   1.7033921E+06   8.2803781E+05   2.5313457E+06   8.7399641E-05   9.8288394E-04   3.3600169E-04
   1.4492754E-01   1.7389299E+06   8.5351460E+05   2.5923687E+06   1.0137022E-04   7.3411997E-04   2.7136291E-04
   1.5942029E-01   1.7492007E+06   8.4763181E+05   2.5968325E+06   5.3401712E-04   9.5901879E-04   5.9714821E-04
   1.7391304E-01   1.7477828E+06   8.5567415E+05   2.6034570E+06   4.4165615E-04   3.1436712E-04   2.1435446E-04
   1.8840580E-01   1.7195960E+06   8.4761591E+05   2.5672119E+06   4.9099283E-04   2.5767213E-04   2.5274772E-04
   2.0289855E-01   1.7078844E+06   8.3112889E+05   2.5390133E+06   4.6754440E-04   4.3148133E-04   4.0638607E-04
   2.1739130E-01   1.6275174E+06   8.1118238E+05   2.4386997E+06   2.7625255E-04   4.9802537E-04   1.1928029E-04
   2.3188406E-01   1.5770395E+06   7.6441424E+05   2.3414064E+06   2.0053146E-04   5.5838776E-04   1.8202254E-04
   2.4637681E-01   1.4914932E+06   7.2898726E+05   2.2204805E+06   2.9324604E-04   3.4090461E-04   2.0563371E-04
   2.6086957E-01   1.4119581E+06   6.9530760E+05   2.1072657E+06   2.0304340E-04   9.4093675E-05   1.0644114E-04
   2.7536232E-01   1.3405558E+06   6.5145414E+05   1.9919701E+06   2.8168187E-04   6.6159321E-04   3.4994431E-04
   2.8985507E-01   1.2579187E+06   6.1353939E+05   1.8714581E+06   2.7619563E-04   7.4633434E-05   2.1011470E-04
   3.0434783E-01   1.1948786E+06   5.8212219E+05   1.7770008E+06   2.4069538E-04   3.0189752E-04   1.6034469E-04
   3.1884058E-01   1.1294065E+06   5.5290668E+05   1.6823132E+06   3.0524335E-04   3.5961220E-04   1.3753686E-04
   3.3333333E-01   1.0706819E+06   5.1578807E+05   1.5864700E+06   3.7501133E-04   2.3604143E-04   1.7742041E-04
   3.4782609E-01   1.0041274E+06   4.8356229E+05   1.4876897E+06   5.7488769E-04   1.5249923E-04   4.0332188E-04
   3.6231884E-01   9.5238408E+05   4.6373485E+05   1.4160886E+06   5.1960248E-04   5.9427334E-04   5.1537463E-04
   3.7681159E-01   8.9325498E+05   4.2986985E+05   1.3231540E+06   1.7025946E-04   5.2315717E-04   5.7038278E-05
   3.9130435E-01   8.5029282E+05   4.1128263E+05   1.2615755E+06   5.2070227E-04   3.1660531E-04   3.4884056E-04
   4.0579710E-01   7.9635419E+05   3.8084387E+05   1.1771710E+06   2.8673896E-04   1.5765475E-04   1.6278312E-04
   4.2028986E-01   7.5204059E+05   3.6219813E+05   1.1142126E+06   4.6857689E-04   4.0145068E-04   4.4880839E-04
   4.3478261E-01   7.0830699E+05   3.4446710E+05   1.0527741E+06   6.4593252E-04   1.0357233E-04   4.6106994E-04
   4.4927536E-01   6.7089028E+05   3.2695116E+05   9.9784144E+05   7.0621398E-04   4.2901424E-04   5.9443713E-04
   4.6376812E-01   6.1760276E+05   3.0586515E+05   9.2344423E+05   2.0698532E-04   1.1343288E-03   5.1283995E-04
   4.7826087E-01   5.9344559E+05   2.8353129E+05   8.7697688E+05   2.8306228E-04   9.7954464E-04   4.4907994E-04
   4.9275362E-01   5.5203346E+05   2.6721361E+05   8.1922479E+05   4.8085474E-04   7.8291023E-04   4.0674876E-04
   5.0724638E-01   5.1158051E+05   2.4723866E+05   7.5881917E+05   9.8923692E-04   1.7885672E-03   1.2216136E-03
   5.2173913E-01   4.6975465E+05   2.2822608E+05   6.9798073E+05   7.8156394E-04   1.3888823E-03   9.3136938E-04
   5.3623188E-01   4.3625154E+05   2.0643205E+05   6.4268358E+05   5.6400076E-04   1.5763432E-03   5.6403697E-04
   5.5072464E-01   4.0002515E+05   1.8969340E+05   5.8971854E+05   1.3009921E-03   9.4477306E-04   1.1105394E-03
   5.6521739E-01   3.6610339E+05   1.7455145E+05   5.4063541E+05   1.9186762E-03   2.1118029E-03   1.6861884E-03
   5.7971014E-01   3.3346097E+05   1.5971195E+05   4.9317292E+05   5.3412834E-04   1.3061880E-03   6.9439232E-04
   5.9420290E-01   3.0716058E+05   1.4816524E+05   4.5532582E+05   5.9466828E-04   1.4773834E-03   8.6244279E-04
   6.0869565E-01   2.8103010E+05   1.3119669E+05   4.1222680E+05   1.4618970E-03   2.6203760E-03   1.7548936E-03
   6.2318841E-01   2.6027374E+05   1.2541423E+05   3.8567035E+05   2.2167313E-03   1.5078872E-03   1.9815473E-03
   6.3768116E-01   2.4006476E+05   1.1312664E+05   3.5319140E+05   1.4367258E-03   3.5120242E-04   8.9535122E-04
   6.5217391E-01   2.3003202E+05   1.0812061E+05   3.3815262E+05   3.6506815E-03   4.1547746E-04   2.5565284E-03
   6.6666667E-01   2.1107908E+05   1.0064720E+05   3.1172628E+05   1.7822926E-03   2.3249917E-03   1.9518125E-03
   6.8115942E-01   1.9667297E+05   9.3507931E+04   2.9018091E+05   3.1095686E-03   1.8679630E-03   2.5651939E-03
   6.9565217E-01   1.8493511E+05   8.9349784E+04   2.7428489E+05   2.3800956E-03   2.5232421E-03   2.4240331E-03
   7.1014493E-01   1.7598048E+05   8.1479890E+04   2.5746037E+05   5.0578355E-03   2.9777206E-03   4.3793889E-03
   7.2463768E-01   1.6401968E+05   7.9138019E+04   2.4315770E+05   2.9030012E-03   5.6337134E-03   3.6076894E-03
   7.3913043E-01   1.5502401E+05   7.1821552E+04   2.2684556E+05   2.3712739E-03   3.3051969E-03   2.6339454E-03
   7.5362319E-01   1.4446541E+05   6.8881179E+04   2.1334659E+05   4.6107716E-03   4.4266843E-03   4.2522676E-03
   7.6811594E-01   1.3932347E+05   6.5294027E+04   2.0461750E+05   4.5554192E-03   3.4764478E-03   3.5903799E-03
   7.8260870E-01   1.2985362E+05   6.0829417E+04   1.9068303E+05   4.7141665E-03   1.7459314E-03   3.2804773E-03
   7.9710145E-01   1.2472346E+05   5.6747589E+04   1.8147105E+05   3.8916642E-03   4.4042243E-03   4.0055318E-03
   8.1159420E-01   1.1732741E+05   5.4773537E+04   1.7210094E+05   5.5996802E-03   5.8651682E-03   5.6354642E-03
   8.2608696E-01   1.0787778E+05   4.9797923E+04   1.5767570E+05   6.2053930E-03   6.2756696E-03   6.1877167E-03
   8.4057971E-01   1.0040011E+05   4.8207730E+04   1.4860784E+05   1.5346630E-03   4.8950359E-03   2.6058674E-03
   8.5507246E-01   9.5179433E+04   4.4590877E+04   1.3977031E+05   7.0101985E-03   5.5646179E-03   5.8726924E-03
   8.6956522E-01   8.9589734E+04   4.2748978E+04   1.3233871E+05   4.5955453E-03   8.0162760E-03   5.5899753E-03
   8.8405797E-01   8.2270329E+04   3.8681837E+04   1.2095217E+05   7.8279998E-03   5.6996725E-03   7.1193880E-03
   8.9855072E-01   7.5150369E+04   3.3878163E+04   1.0902853E+05   7.1611818E-03   9.2900063E-03   7.8020276E-03
   9.1304348E-01   6.9964354E+04   3.2269961E+04   1.0223431E+05   8.7571075E-03   1.2180306E-02   9.6790052E-03
   9.2753623E-01   6.1897615E+04   2.9255740E+04   9.1153355E+04   9.7154150E-03   8.0124193E-03   9.1243400E-03
   9.4202899E-01   5.4288919E+04   2.5086913E+04   7.9375832E+04   1.1028220E-02   7.4857236E-03   9.9039254E-03
   9.5652174E-01   4.6945232E+04   2.3053565E+04   6.9998796E+04   1.1845896E-02   1.3927560E-02   1.2466993E-02
   9.7101449E-01   3.8633261E+04   1.7563658E+04   5.6196919E+04   1.3732135E-02   1.8618323E-02   1.5259232E-02
   9.8550725E-01   2.4147285E+04   1.2424653E+04   3.6571938E+04   1.8146217E-02   1.7868365E-02   1.8002696E-02
   1.0000000E+00   1.0460596E+04   5.3834866E+03   1.5844083E+04   3.7384423E-02   2.8615141E-02   3.3931880E-02
