   0.0000000E+00   2.2342497E+10   1.2954527E+10   3.5272612E+10   9.4470032E-07   3.6650889E-07   7.8144476E-07
   1.4492754E-02   3.1362721E+06   1.3912046E+06   4.5274767E+06   2.5930473E-03   1.3559055E-03   1.4049284E-03
   2.8985507E-02   3.1449861E+06   1.4351533E+06   4.5801394E+06   7.2822715E-04   1.5089993E-03   2.4578149E-04
   4.3478261E-02   3.1648136E+06   1.4068644E+06   4.5714254E+06   1.1350025E-03   1.1270980E-03   1.0581200E-03
   5.7971014E-02   3.2006798E+06   1.4650839E+06   4.6655742E+06   8.3407309E-04   8.1180465E-04   8.2702523E-04
   7.2463768E-02   3.2549337E+06   1.4707669E+06   4.7257006E+06   7.9741619E-04   2.0168241E-04   6.1140775E-04
   8.6956522E-02   3.3238120E+06   1.5221667E+06   4.8459787E+06   5.8156921E-04   4.0990291E-04   4.0520627E-04
   1.0144928E-01   3.4131708E+06   1.5351745E+06   4.9484535E+06   4.1754760E-04   5.0824235E-04   2.5427279E-04
   1.1594203E-01   3.5539745E+06   1.6036550E+06   5.1576295E+06   1.3702863E-04   2.6521930E-04   1.7688674E-04
   1.3043478E-01   3.6070792E+06   1.6643265E+06   5.2713215E+06   5.4230139E-04   1.4428103E-04   3.7383698E-04
   1.4492754E-01   3.7119247E+06   1.6958905E+06   5.4078152E+06   4.2973315E-04   1.9956497E-04   3.5397400E-04
   1.5942029E-01   3.7536898E+06   1.7091095E+06   5.4627993E+06   4.0951089E-04   8.4818476E-04   5.2278607E-04
   1.7391304E-01   3.7237075E+06   1.7022555E+06   5.4258367E+06   2.0170563E-04   2.8199706E-04   5.4317759E-05
   1.8840580E-01   3.6655221E+06   1.6576364E+06   5.3230419E+06   2.6526083E-04   8.9099750E-05   1.8819803E-04
   2.0289855E-01   3.5194704E+06   1.6132755E+06   5.1326377E+06   3.9908792E-04   3.0256153E-05   2.6453083E-04
   2.1739130E-01   3.3506611E+06   1.5129476E+06   4.8635582E+06   5.0358925E-04   1.3593318E-04   3.3986274E-04
   2.3188406E-01   3.2008218E+06   1.4424465E+06   4.6432210E+06   1.5231185E-04   4.3427239E-04   2.1997631E-04
   2.4637681E-01   3.0505142E+06   1.3550115E+06   4.4053028E+06   3.5075251E-04   3.9196315E-04   3.1498488E-04
   2.6086957E-01   2.8846194E+06   1.2507286E+06   4.1352217E+06   1.2393276E-04   2.5287547E-04   1.4377749E-04
   2.7536232E-01   2.7451205E+06   1.1769645E+06   3.9219653E+06   3.1016058E-04   1.1763067E-04   2.4612545E-04
   2.8985507E-01   2.6195715E+06   1.1213745E+06   3.7409460E+06   4.2129803E-04   6.0866889E-04   4.0194422E-04
   3.0434783E-01   2.4973919E+06   1.0698159E+06   3.5671356E+06   3.7508890E-04   9.2829749E-04   5.3484801E-04
   3.1884058E-01   2.3798443E+06   1.0017623E+06   3.3815722E+06   1.8468667E-04   3.6485712E-04   2.3005877E-04
   3.3333333E-01   2.2795026E+06   9.5343042E+05   3.2329330E+06   6.4373786E-04   4.5578710E-04   5.5569335E-04
   3.4782609E-01   2.2088656E+06   9.1089421E+05   3.1197282E+06   5.2898694E-04   4.5274274E-04   5.0670067E-04
   3.6231884E-01   2.1219355E+06   8.7336730E+05   2.9953028E+06   2.5039114E-04   5.2017750E-04   3.1113548E-04
   3.7681159E-01   2.0383408E+06   8.3179087E+05   2.8700734E+06   4.4030450E-04   2.8064440E-04   3.8963343E-04
   3.9130435E-01   1.9496284E+06   8.0168541E+05   2.7512577E+06   3.7882027E-04   6.8700393E-04   4.6748856E-04
   4.0579710E-01   1.8829486E+06   7.6093000E+05   2.6438515E+06   6.9244293E-04   7.0491158E-04   6.8846775E-04
   4.2028986E-01   1.8011140E+06   7.2319434E+05   2.5242299E+06   8.6165774E-05   6.3444776E-04   2.3009772E-04
   4.3478261E-01   1.7350907E+06   6.9108111E+05   2.4260961E+06   6.8511975E-04   2.1609347E-04   4.3838249E-04
   4.4927536E-01   1.6596878E+06   6.6260407E+05   2.3222918E+06   7.3758558E-04   7.3985484E-04   7.3469479E-04
   4.6376812E-01   1.5758555E+06   6.2887409E+05   2.2047059E+06   4.5511212E-04   1.9533710E-04   3.6830790E-04
   4.7826087E-01   1.5051865E+06   5.9982895E+05   2.1049925E+06   4.3354083E-04   4.4403586E-04   3.0370196E-04
   4.9275362E-01   1.4379391E+06   5.7532272E+05   2.0132618E+06   5.0609975E-04   8.4147362E-04   5.4402000E-04
   5.0724638E-01   1.3769591E+06   5.4091574E+05   1.9178748E+06   7.1361411E-04   7.5797091E-04   7.1479633E-04
   5.2173913E-01   1.3127367E+06   5.1869181E+05   1.8314075E+06   7.4640010E-04   5.7604153E-04   6.7874727E-04
   5.3623188E-01   1.2368720E+06   4.8497196E+05   1.7218235E+06   7.4587811E-04   3.2047237E-04   5.2636779E-04
   5.5072464E-01   1.1793972E+06   4.5962712E+05   1.6390044E+06   6.7694384E-04   1.3668650E-03   8.4907801E-04
   5.6521739E-01   1.1178948E+06   4.3449399E+05   1.5523305E+06   1.0227100E-03   8.2190561E-04   9.6653740E-04
   5.7971014E-01   1.0547505E+06   4.0879894E+05   1.4635305E+06   9.7307305E-04   9.0453756E-04   9.4044563E-04
   5.9420290E-01   9.9891873E+05   3.8274943E+05   1.3816682E+06   7.7322661E-04   1.2692375E-03   8.8494828E-04
   6.0869565E-01   9.3515532E+05   3.5831924E+05   1.2934746E+06   9.0500714E-04   1.2068064E-03   9.8804337E-04
   6.2318841E-01   8.7663086E+05   3.3063752E+05   1.2072508E+06   9.2894104E-04   1.0824220E-03   9.4567198E-04
   6.3768116E-01   8.2114547E+05   3.0779609E+05   1.1289416E+06   1.2525022E-03   1.2000176E-03   1.0394920E-03
   6.5217391E-01   7.6487625E+05   2.8420177E+05   1.0490443E+06   1.4166750E-03   1.6512323E-03   1.4791120E-03
   6.6666667E-01   7.0461275E+05   2.5855293E+05   9.6316569E+05   9.5722527E-04   1.0029201E-04   6.9987599E-04
   6.8115942E-01   6.4110972E+05   2.3510796E+05   8.7618544E+05   1.8163274E-03   2.0224857E-03   1.8032876E-03
   6.9565217E-01   5.8124718E+05   2.0738306E+05   7.8863024E+05   2.3525954E-03   1.8745044E-03   2.2185551E-03
   7.1014493E-01   5.1779704E+05   1.8541353E+05   7.0322603E+05   1.7122458E-03   1.9529412E-03   1.7470241E-03
   7.2463768E-01   4.7599503E+05   1.6809631E+05   6.4406103E+05   2.8463013E-03   1.5669677E-03   2.5122103E-03
   7.3913043E-01   4.2887896E+05   1.4692663E+05   5.7579073E+05   1.2382295E-03   2.4710243E-03   1.5327228E-03
   7.5362319E-01   3.9081727E+05   1.3715034E+05   5.2796761E+05   2.1669762E-03   4.5387289E-03   2.5490833E-03
   7.6811594E-01   3.6082563E+05   1.1987966E+05   4.8070529E+05   3.3773065E-03   4.2522245E-03   3.5866756E-03
   7.8260870E-01   3.3538268E+05   1.1352018E+05   4.4890286E+05   3.8117512E-03   2.4632417E-03   3.4670174E-03
   7.9710145E-01   3.1067204E+05   1.0543562E+05   4.1610766E+05   4.7812070E-03   4.2457994E-03   4.6402782E-03
   8.1159420E-01   2.8960425E+05   9.7044420E+04   3.8663514E+05   2.4670505E-03   5.6690865E-03   3.2370526E-03
   8.2608696E-01   2.7051200E+05   9.1380385E+04   3.6189238E+05   4.6473192E-03   5.0355164E-03   4.7040914E-03
   8.4057971E-01   2.5364582E+05   8.3037489E+04   3.3668331E+05   5.7158762E-03   3.9899586E-03   5.2896301E-03
   8.5507246E-01   2.3442318E+05   7.7790019E+04   3.1221320E+05   5.5457059E-03   4.1645096E-03   5.1807435E-03
   8.6956522E-01   2.1875858E+05   7.0671575E+04   2.8943016E+05   5.7650182E-03   5.8003163E-03   5.6974491E-03
   8.8405797E-01   2.0360757E+05   6.4966604E+04   2.6857418E+05   5.4037003E-03   6.3051004E-03   5.5269392E-03
   8.9855072E-01   1.9039967E+05   6.2061079E+04   2.5246075E+05   6.5761015E-03   8.2687815E-03   6.9853847E-03
   9.1304348E-01   1.7169351E+05   5.5459109E+04   2.2715262E+05   6.9594744E-03   6.6109000E-03   6.8209433E-03
   9.2753623E-01   1.5737244E+05   5.0590763E+04   2.0796320E+05   8.5210925E-03   5.5890876E-03   7.7757485E-03
   9.4202899E-01   1.4054267E+05   4.3424141E+04   1.8396681E+05   4.6862937E-03   5.1536964E-03   4.7927065E-03
   9.5652174E-01   1.2169710E+05   3.7863872E+04   1.5956098E+05   7.6137198E-03   7.1229547E-03   7.4755611E-03
   9.7101449E-01   9.1855781E+04   2.8296376E+04   1.2015216E+05   1.0488816E-02   6.2571629E-03   9.4645815E-03
   9.8550725E-01   5.2796418E+04   1.6480773E+04   6.9277191E+04   1.5030183E-02   1.1732716E-02   1.4240562E-02
   1.0000000E+00   2.1512062E+04   6.7403003E+03   2.8252363E+04   1.6881223E-02   2.7922186E-02   1.8955068E-02
