   0.0000000E+00   2.5844495E+10   1.3911476E+10   3.9719696E+10   2.4473643E-07   5.6135606E-07   3.3970853E-07
   1.4492754E-02   3.5560583E+06   1.6685362E+06   5.2245944E+06   2.1089425E-03   2.1305207E-03   9.8552428E-04
   2.8985507E-02   3.6204659E+06   1.6666418E+06   5.2871077E+06   1.5645132E-03   5.4539878E-04   1.2032656E-03
   4.3478261E-02   3.5853574E+06   1.6667681E+06   5.2521255E+06   2.7371583E-03   2.5532381E-03   2.6785495E-03
   5.7971014E-02   3.6485021E+06   1.6888056E+06   5.3369289E+06   5.1823405E-03   4.3212945E-03   4.8735343E-03
   7.2463768E-02   3.7280645E+06   1.6812662E+06   5.4091791E+06   8.9739746E-03   8.8082358E-03   8.8756416E-03
   8.6956522E-02   3.7520595E+06   1.7136215E+06   5.4656810E+06   1.1302690E-02   1.1540625E-02   1.1372061E-02
   1.0144928E-01   3.8140135E+06   1.7451758E+06   5.5589728E+06   1.4708477E-02   1.4576962E-02   1.4667628E-02
   1.1594203E-01   3.8580163E+06   1.7580438E+06   5.6160602E+06   1.6207122E-02   1.6018950E-02   1.6146622E-02
   1.3043478E-01   3.9134574E+06   1.7993720E+06   5.7128294E+06   1.8196257E-02   1.7676210E-02   1.8031332E-02
   1.4492754E-01   3.8924933E+06   1.7997004E+06   5.6921937E+06   1.6963264E-02   1.6984063E-02   1.6967618E-02
   1.5942029E-01   3.8808518E+06   1.7866742E+06   5.6674571E+06   1.5077405E-02   1.5283234E-02   1.5142445E-02
   1.7391304E-01   3.8119838E+06   1.7599697E+06   5.5718904E+06   1.2907258E-02   1.2671737E-02   1.2807511E-02
   1.8840580E-01   3.7341847E+06   1.7409875E+06   5.4749973E+06   1.0234344E-02   1.0979561E-02   1.0471641E-02
   2.0289855E-01   3.6653888E+06   1.6741651E+06   5.3393374E+06   8.2123783E-03   8.6081085E-03   8.3357200E-03
   2.1739130E-01   3.5124631E+06   1.5981172E+06   5.1105803E+06   5.7672636E-03   5.6342938E-03   5.7196899E-03
   2.3188406E-01   3.3586679E+06   1.5243768E+06   4.8827605E+06   4.1893051E-03   4.6946311E-03   4.3469144E-03
   2.4637681E-01   3.1844553E+06   1.4594009E+06   4.6436778E+06   3.2526240E-03   2.9763941E-03   3.1642701E-03
   2.6086957E-01   3.0449228E+06   1.3937724E+06   4.4386531E+06   2.3608234E-03   1.9712592E-03   2.2353491E-03
   2.7536232E-01   2.8662786E+06   1.2926988E+06   4.1589375E+06   1.7022010E-03   1.4149994E-03   1.6123200E-03
   2.8985507E-01   2.6961787E+06   1.2213200E+06   3.9173092E+06   1.3134757E-03   1.2227655E-03   1.2611901E-03
   3.0434783E-01   2.5361808E+06   1.1483319E+06   3.6844766E+06   9.0082454E-04   9.8244074E-04   9.2594692E-04
   3.1884058E-01   2.3662395E+06   1.0701653E+06   3.4363014E+06   5.5592396E-04   6.7795933E-04   5.8701520E-04
   3.3333333E-01   2.2075835E+06   9.8390461E+05   3.1914551E+06   4.2190951E-04   5.8921996E-04   4.3404253E-04
   3.4782609E-01   2.0386590E+06   9.0337999E+05   2.9420074E+06   3.1865433E-04   1.6903176E-04   2.3138890E-04
   3.6231884E-01   1.8651840E+06   8.2369009E+05   2.6888438E+06   2.9443303E-04   8.4520810E-05   2.2716135E-04
   3.7681159E-01   1.6952901E+06   7.4779868E+05   2.4430596E+06   1.6791607E-04   4.2770609E-04   2.4712467E-04
   3.9130435E-01   1.5356516E+06   6.7407694E+05   2.2097005E+06   3.9835557E-04   4.3528454E-04   3.2346943E-04
   4.0579710E-01   1.3799197E+06   6.0177824E+05   1.9816709E+06   8.9902279E-05   1.4036965E-04   1.0173086E-04
   4.2028986E-01   1.2509710E+06   5.4395042E+05   1.7949214E+06   6.8228427E-05   5.3446216E-04   1.3546905E-04
   4.3478261E-01   1.1322102E+06   4.8778036E+05   1.6199400E+06   1.3068920E-04   3.7522022E-04   1.9295458E-04
   4.4927536E-01   1.0353127E+06   4.4486476E+05   1.4801775E+06   2.4888403E-04   5.0299387E-04   3.2357099E-04
   4.6376812E-01   9.4719453E+05   4.0718875E+05   1.3543833E+06   5.9576652E-04   6.8960718E-04   6.2222528E-04
   4.7826087E-01   8.9217754E+05   3.7668698E+05   1.2688645E+06   7.1092092E-04   5.2609371E-04   5.9497726E-04
   4.9275362E-01   8.2312490E+05   3.4109294E+05   1.1642178E+06   4.7595670E-04   8.6935197E-04   5.0357847E-04
   5.0724638E-01   7.6756561E+05   3.2177830E+05   1.0893439E+06   4.6142614E-04   1.2715434E-03   3.0333590E-04
   5.2173913E-01   7.3647796E+05   3.0671497E+05   1.0432140E+06   5.8956992E-04   6.3384081E-04   5.8563464E-04
   5.3623188E-01   6.8722621E+05   2.8738700E+05   9.7461321E+05   8.4032119E-04   5.2945370E-04   7.2714067E-04
   5.5072464E-01   6.4918093E+05   2.7057182E+05   9.1975275E+05   7.9470734E-04   7.4386818E-04   7.7974917E-04
   5.6521739E-01   6.1429130E+05   2.5382236E+05   8.6811366E+05   1.0230001E-03   4.9518071E-04   8.4496353E-04
   5.7971014E-01   5.8101355E+05   2.4412382E+05   8.2513736E+05   9.7853030E-04   4.6904459E-04   7.8313558E-04
   5.9420290E-01   5.5590151E+05   2.2329206E+05   7.7917509E+05   9.2819997E-04   3.4482499E-04   7.4299208E-04
   6.0869565E-01   5.2171975E+05   2.1359154E+05   7.3531129E+05   1.0283898E-03   1.1272775E-03   1.0552630E-03
   6.2318841E-01   5.0028243E+05   2.0353160E+05   7.0379641E+05   1.4160871E-03   4.9618838E-04   1.1296815E-03
   6.3768116E-01   4.6445814E+05   1.9401503E+05   6.5847318E+05   1.9498405E-03   1.6954891E-03   1.8736625E-03
   6.5217391E-01   4.4272029E+05   1.8229461E+05   6.2501489E+05   1.2380473E-03   1.2770172E-03   1.0719309E-03
   6.6666667E-01   4.2733054E+05   1.6881056E+05   5.9612463E+05   1.6759928E-03   2.1275464E-03   1.7511660E-03
   6.8115942E-01   3.9905316E+05   1.6030161E+05   5.5935477E+05   1.8563264E-03   1.7188322E-03   1.7532982E-03
   6.9565217E-01   3.7632677E+05   1.5232086E+05   5.2864763E+05   1.9980373E-03   2.7348420E-03   2.2039174E-03
   7.1014493E-01   3.5475994E+05   1.3840292E+05   4.9316287E+05   2.6052285E-03   2.6258857E-03   2.6039895E-03
   7.2463768E-01   3.3584405E+05   1.3158855E+05   4.6743261E+05   2.9844898E-03   1.4047984E-03   2.5383972E-03
   7.3913043E-01   3.1616935E+05   1.2452140E+05   4.4069074E+05   2.3647714E-03   1.4914293E-03   2.0834244E-03
   7.5362319E-01   2.9133518E+05   1.1679345E+05   4.0811406E+05   2.4667637E-03   2.8149931E-03   2.5661604E-03
   7.6811594E-01   2.7417201E+05   1.0784166E+05   3.8201366E+05   2.6210517E-03   3.7514945E-04   1.9661314E-03
   7.8260870E-01   2.5483807E+05   1.0177526E+05   3.5661333E+05   2.3267824E-03   1.9843120E-03   2.2282380E-03
   7.9710145E-01   2.3427841E+05   9.2953626E+04   3.2723203E+05   3.8866804E-03   3.6938419E-03   3.8273909E-03
   8.1159420E-01   2.1741630E+05   8.5840741E+04   3.0325705E+05   3.7297036E-03   4.3755464E-03   3.8745652E-03
   8.2608696E-01   2.0118574E+05   7.9575645E+04   2.8076138E+05   4.8458179E-03   6.2218786E-03   5.1365179E-03
   8.4057971E-01   1.8674290E+05   7.3304492E+04   2.6004739E+05   4.2490499E-03   3.6880564E-03   4.0113522E-03
   8.5507246E-01   1.7294377E+05   6.6603770E+04   2.3954754E+05   3.8108349E-03   7.2358770E-03   4.7629077E-03
   8.6956522E-01   1.5793758E+05   6.1490332E+04   2.1942791E+05   6.0942557E-03   6.5880645E-03   6.2064725E-03
   8.8405797E-01   1.4568419E+05   5.6991736E+04   2.0267593E+05   6.9536124E-03   5.9368488E-03   6.6410738E-03
   8.9855072E-01   1.2915744E+05   5.0939460E+04   1.8009690E+05   6.2656210E-03   8.7057439E-03   6.8687700E-03
   9.1304348E-01   1.1768974E+05   4.4766602E+04   1.6245634E+05   9.2947852E-03   7.7755479E-03   8.8687269E-03
   9.2753623E-01   1.0449662E+05   4.1213772E+04   1.4571040E+05   1.0380417E-02   8.7959636E-03   9.9121872E-03
   9.4202899E-01   9.2105808E+04   3.6219813E+04   1.2832562E+05   1.3387142E-02   1.4391210E-02   1.3665620E-02
   9.5652174E-01   7.9034232E+04   3.0860549E+04   1.0989478E+05   1.3500979E-02   1.8328108E-02   1.4737354E-02
   9.7101449E-01   6.8015350E+04   2.5661262E+04   9.3676611E+04   1.9663409E-02   1.4078455E-02   1.8060621E-02
   9.8550725E-01   4.9453462E+04   1.9723440E+04   6.9176902E+04   1.9775466E-02   2.5562951E-02   2.0865633E-02
   1.0000000E+00   2.1599599E+04   7.8563890E+03   2.9455988E+04   2.3593574E-02   3.3624622E-02   2.6245356E-02
