   0.0000000E+00   2.3614336E+10   1.3257567E+10   3.6844292E+10   6.8695522E-07   5.6930270E-07   4.5101672E-07
   1.4492754E-02   2.5626655E+06   1.1782805E+06   3.7409460E+06   2.8689487E-03   2.8629449E-03   2.2339752E-03
   2.8985507E-02   2.5736526E+06   1.1638835E+06   3.7375362E+06   2.8063106E-03   3.1714672E-03   2.4977559E-03
   4.3478261E-02   2.6263153E+06   1.2282912E+06   3.8546065E+06   5.5093714E-04   1.0344695E-03   6.1361027E-04
   5.7971014E-02   2.6695063E+06   1.2065062E+06   3.8760126E+06   6.7419270E-04   1.4180626E-03   9.0507512E-04
   7.2463768E-02   2.6884498E+06   1.2610254E+06   3.9494751E+06   5.7072609E-04   4.3893031E-04   3.4507036E-04
   8.6956522E-02   2.7661178E+06   1.2607476E+06   4.0268653E+06   2.1804787E-04   2.6188111E-04   1.7203198E-04
   1.0144928E-01   2.8305795E+06   1.3264722E+06   4.1570517E+06   5.2678142E-04   6.2950399E-04   5.5544696E-04
   1.1594203E-01   2.9303572E+06   1.3781336E+06   4.3083961E+06   9.6677587E-04   4.7717364E-04   7.3562615E-04
   1.3043478E-01   3.0046785E+06   1.3947407E+06   4.3994192E+06   2.1498885E-04   7.3917249E-04   1.3373670E-04
   1.4492754E-01   3.0230663E+06   1.4174980E+06   4.4405643E+06   2.9088679E-04   3.9234200E-04   2.9264646E-04
   1.5942029E-01   3.0816462E+06   1.4340511E+06   4.5156284E+06   1.8799211E-04   5.1353525E-04   2.7580632E-04
   1.7391304E-01   3.0019633E+06   1.4062330E+06   4.4080700E+06   2.0326439E-04   1.2926129E-04   1.0112527E-04
   1.8840580E-01   2.9123901E+06   1.3760498E+06   4.2883233E+06   3.7675745E-04   6.6118549E-04   9.3453540E-05
   2.0289855E-01   2.8158578E+06   1.2925364E+06   4.1084483E+06   3.8782445E-04   7.8778722E-04   4.9752920E-04
   2.1739130E-01   2.6828930E+06   1.2299077E+06   3.9127502E+06   3.0246618E-04   3.6107281E-04   2.1072324E-04
   2.3188406E-01   2.5230737E+06   1.1541277E+06   3.6772014E+06   4.4125724E-04   2.6041477E-04   3.7654811E-04
   2.4637681E-01   2.4014013E+06   1.0849898E+06   3.4864356E+06   4.4877294E-04   1.1117119E-03   6.4470021E-04
   2.6086957E-01   2.2784721E+06   1.0212186E+06   3.2996907E+06   3.4239246E-04   7.3944400E-04   4.2414446E-04
   2.7536232E-01   2.1835180E+06   9.7078033E+05   3.1542584E+06   3.4846544E-04   6.9553561E-04   4.3631568E-04
   2.8985507E-01   2.0928308E+06   9.2303694E+05   3.0159057E+06   1.0863184E-03   5.5593787E-04   9.0112310E-04
   3.0434783E-01   1.9925588E+06   8.6656210E+05   2.8590848E+06   2.3971164E-04   6.8376066E-04   3.6846129E-04
   3.1884058E-01   1.9104608E+06   8.2927392E+05   2.7397003E+06   6.3281493E-04   7.8503751E-04   6.7690551E-04
   3.3333333E-01   1.8445946E+06   7.9081354E+05   2.6353752E+06   5.0238038E-04   7.8867452E-04   5.7588630E-04
   3.4782609E-01   1.7715884E+06   7.6480889E+05   2.5363973E+06   1.2394705E-04   1.7136220E-04   1.2857552E-04
   3.6231884E-01   1.7104239E+06   7.2860929E+05   2.4390028E+06   7.6836371E-04   1.2017702E-03   8.9588872E-04
   3.7681159E-01   1.6443760E+06   6.9866237E+05   2.3430093E+06   2.1619758E-04   1.1758039E-03   2.9111926E-04
   3.9130435E-01   1.5953725E+06   6.8120528E+05   2.2765497E+06   7.8224387E-04   1.6662712E-04   5.9781156E-04
   4.0579710E-01   1.5448357E+06   6.4908266E+05   2.1939183E+06   5.9732143E-04   1.0022254E-03   7.1460715E-04
   4.2028986E-01   1.4949883E+06   6.2419213E+05   2.1191543E+06   6.2640292E-04   8.7007726E-04   6.4698329E-04
   4.3478261E-01   1.4615478E+06   6.0457284E+05   2.0660701E+06   1.1146340E-03   6.0255660E-04   6.8631096E-04
   4.4927536E-01   1.4049660E+06   5.7854418E+05   1.9835102E+06   1.0166846E-03   1.0243789E-03   1.0123247E-03
   4.6376812E-01   1.3573195E+06   5.6475062E+05   1.9220701E+06   1.5193141E-03   1.0406717E-03   1.1622132E-03
   4.7826087E-01   1.3143058E+06   5.4201135E+05   1.8562482E+06   8.1604503E-04   5.1709339E-04   7.2540193E-04
   4.9275362E-01   1.2789258E+06   5.1697700E+05   1.7958582E+06   9.3453134E-04   1.0178083E-03   9.0111529E-04
   5.0724638E-01   1.2422552E+06   5.0357015E+05   1.7458037E+06   7.8654843E-04   6.6398335E-04   7.2324506E-04
   5.2173913E-01   1.2014968E+06   4.8145747E+05   1.6829332E+06   1.3371270E-03   1.3604617E-03   1.3337624E-03
   5.3623188E-01   1.1603201E+06   4.7147605E+05   1.6317962E+06   1.0837262E-03   3.1629007E-04   8.6063445E-04
   5.5072464E-01   1.1201741E+06   4.5218934E+05   1.5723634E+06   9.4736313E-04   1.3125835E-03   1.0410667E-03
   5.6521739E-01   1.0683310E+06   4.3113274E+05   1.4994249E+06   9.9225940E-04   5.6679675E-04   8.3517988E-04
   5.7971014E-01   1.0303514E+06   4.1391366E+05   1.4442461E+06   7.5343441E-04   1.3179311E-03   8.9256757E-04
   5.9420290E-01   9.8962259E+05   4.0102752E+05   1.3906686E+06   1.3557145E-03   1.1543818E-03   1.2896438E-03
   6.0869565E-01   9.5301625E+05   3.8027557E+05   1.3332918E+06   1.2867005E-03   1.3325657E-03   1.2987668E-03
   6.2318841E-01   9.1273789E+05   3.6084126E+05   1.2735791E+06   1.4519592E-03   2.1411051E-03   1.6354908E-03
   6.3768116E-01   8.6750518E+05   3.4384024E+05   1.2113282E+06   1.6384709E-03   2.0744253E-03   1.7620673E-03
   6.5217391E-01   8.3361138E+05   3.2688761E+05   1.1604822E+06   1.8562729E-03   9.2207519E-04   1.5813219E-03
   6.6666667E-01   7.9456928E+05   3.1538319E+05   1.1099195E+06   1.8303499E-03   1.2964700E-03   1.6742016E-03
   6.8115942E-01   7.5581816E+05   2.9218004E+05   1.0479660E+06   1.7340442E-03   1.0902624E-03   1.5517382E-03
   6.9565217E-01   7.2231249E+05   2.7969955E+05   1.0020120E+06   1.0258982E-03   1.9490192E-03   1.2830866E-03
   7.1014493E-01   6.8797852E+05   2.6465113E+05   9.5259872E+05   2.0301404E-03   7.5226802E-04   1.6629620E-03
   7.2463768E-01   6.4357608E+05   2.4964393E+05   8.9322000E+05   2.1488258E-03   1.5412869E-03   1.9740484E-03
   7.3913043E-01   6.1381129E+05   2.3269945E+05   8.4649588E+05   1.7261905E-03   1.6471269E-03   1.6428160E-03
   7.5362319E-01   5.7114403E+05   2.1729557E+05   7.8843959E+05   3.0570897E-03   3.5386865E-04   2.3120719E-03
   7.6811594E-01   5.3401850E+05   2.0029983E+05   7.3430403E+05   1.2253895E-03   2.7117192E-03   1.5860510E-03
   7.8260870E-01   4.8979257E+05   1.8619274E+05   6.7598532E+05   4.0226405E-03   3.4398672E-03   3.8262634E-03
   7.9710145E-01   4.4714731E+05   1.6471818E+05   6.1186548E+05   2.3663391E-03   2.1607889E-03   2.2990265E-03
   8.1159420E-01   4.0380600E+05   1.4658146E+05   5.5038745E+05   3.6934093E-03   2.2029992E-03   3.0342693E-03
   8.2608696E-01   3.5999139E+05   1.3071622E+05   4.9070762E+05   3.7123629E-03   2.8731978E-03   3.4548102E-03
   8.4057971E-01   3.2305712E+05   1.1488856E+05   4.3794567E+05   3.8868219E-03   2.6544051E-03   3.3563581E-03
   8.5507246E-01   2.8878758E+05   1.0436217E+05   3.9314975E+05   5.0630924E-03   3.6331265E-03   4.6834793E-03
   8.6956522E-01   2.6447536E+05   9.2355473E+04   3.5683083E+05   4.6815605E-03   3.6449065E-03   4.3261626E-03
   8.8405797E-01   2.3737033E+05   8.2990800E+04   3.2036113E+05   7.0741753E-03   1.4837114E-03   5.6211300E-03
   8.9855072E-01   2.1964587E+05   7.6091429E+04   2.9573729E+05   6.1186083E-03   6.7937628E-03   6.2310122E-03
   9.1304348E-01   2.0834151E+05   6.9170534E+04   2.7751204E+05   3.6320453E-03   3.0725693E-03   3.3388497E-03
   9.2753623E-01   1.8460360E+05   6.3768278E+04   2.4837188E+05   8.3006580E-03   5.6777478E-03   7.6176948E-03
   9.4202899E-01   1.6613085E+05   5.5641188E+04   2.2176038E+05   5.2460792E-03   6.9862922E-03   5.6823229E-03
   9.5652174E-01   1.3865433E+05   4.5693818E+04   1.8434815E+05   6.0760468E-03   7.7402706E-03   6.4874815E-03
   9.7101449E-01   1.0615099E+05   3.5421363E+04   1.4157236E+05   6.3312714E-03   4.7496874E-03   5.8810684E-03
   9.8550725E-01   6.2390701E+04   2.0570322E+04   8.2961024E+04   7.9377940E-03   5.9638888E-03   7.2478071E-03
   1.0000000E+00   2.3065833E+04   7.1560981E+03   3.0221931E+04   1.6504906E-02   6.0274356E-03   1.2212359E-02
