   0.0000000E+00   3.1885560E+06   2.2610863E+06   5.4496422E+06   1.7712465E-02   5.9179193E-05   1.0371732E-02
   1.4492754E-02   3.2847885E+06   2.1550031E+06   5.4397917E+06   3.9777579E-04   6.4977819E-05   2.1502395E-04
   2.8985507E-02   3.2101515E+06   2.1443948E+06   5.3545463E+06   2.1729968E-03   2.1477913E-05   1.2949759E-03
   4.3478261E-02   3.2388192E+06   2.1446474E+06   5.3834666E+06   1.4539002E-03   3.8691566E-05   8.5941028E-04
   5.7971014E-02   3.2239802E+06   2.1957315E+06   5.4197116E+06   2.0970920E-03   2.6982610E-05   1.2382052E-03
   7.2463768E-02   3.2659967E+06   2.1740981E+06   5.4400947E+06   1.1833776E-03   2.0952449E-05   7.1881097E-04
   8.6956522E-02   3.2807473E+06   2.2000885E+06   5.4808357E+06   2.0889838E-03   9.0516383E-06   1.2513185E-03
   1.0144928E-01   3.3512529E+06   2.1885600E+06   5.5398129E+06   1.0022665E-03   5.7197637E-05   6.2774360E-04
   1.1594203E-01   3.3686131E+06   2.2320081E+06   5.6006213E+06   2.2790287E-03   2.1985178E-05   1.3677912E-03
   1.3043478E-01   3.4359149E+06   2.2667272E+06   5.7026421E+06   1.7443320E-03   5.9237853E-06   1.0529420E-03
   1.4492754E-01   3.4732376E+06   2.2549486E+06   5.7281862E+06   6.3534820E-04   4.5024702E-05   3.8443889E-04
   1.5942029E-01   3.4815934E+06   2.2860227E+06   5.7675472E+06   5.6717252E-04   1.5823651E-05   3.4181939E-04
   1.7391304E-01   3.5325053E+06   2.2829975E+06   5.8154396E+06   1.0841887E-03   2.2209364E-05   6.5224790E-04
   1.8840580E-01   3.6396424E+06   2.2994394E+06   5.9390236E+06   1.9759234E-03   7.5236746E-06   1.2144655E-03
   2.0289855E-01   3.7201624E+06   2.3103391E+06   6.0304474E+06   3.4417013E-04   4.4271474E-05   2.0021991E-04
   2.1739130E-01   3.7621626E+06   2.3692911E+06   6.1314537E+06   9.5889390E-04   2.2687791E-05   5.9392855E-04
   2.3188406E-01   3.8201769E+06   2.3704845E+06   6.1907087E+06   1.8641527E-03   1.3533253E-05   1.1476933E-03
   2.4637681E-01   3.8353065E+06   2.3492066E+06   6.1844240E+06   4.7046218E-04   1.5394597E-05   2.9118381E-04
   2.6086957E-01   3.8803275E+06   2.3558454E+06   6.2361308E+06   8.0476825E-04   1.3568505E-05   5.0158828E-04
   2.7536232E-01   3.9076481E+06   2.3534504E+06   6.2609389E+06   1.1692032E-04   2.6023653E-05   7.5444270E-05
   2.8985507E-01   3.8893487E+06   2.3386785E+06   6.2279894E+06   1.4392862E-03   1.1752470E-06   8.9866543E-04
   3.0434783E-01   3.9000707E+06   2.3237258E+06   6.2237605E+06   1.1064210E-03   1.2575979E-05   6.9192321E-04
   3.1884058E-01   3.9043416E+06   2.2934623E+06   6.1977350E+06   4.1731907E-04   9.1848949E-06   2.6579447E-04
   3.3333333E-01   3.8718697E+06   2.2680377E+06   6.1398745E+06   1.6335381E-04   2.4865565E-05   1.0419718E-04
   3.4782609E-01   3.8511967E+06   2.2274617E+06   6.0785953E+06   4.5523843E-04   1.0089464E-05   2.8410663E-04
   3.6231884E-01   3.8253579E+06   2.1907077E+06   6.0159443E+06   5.8769598E-04   6.9710581E-06   3.7433282E-04
   3.7681159E-01   3.7557219E+06   2.1317173E+06   5.8873809E+06   5.6332832E-04   2.2425688E-05   3.6345970E-04
   3.9130435E-01   3.7168388E+06   2.0998287E+06   5.8165832E+06   4.9511085E-04   3.0148561E-05   3.2783346E-04
   4.0579710E-01   3.6518849E+06   2.0381764E+06   5.6899530E+06   2.3691688E-04   1.5792106E-05   1.5197887E-04
   4.2028986E-01   3.6063563E+06   1.9972371E+06   5.6034366E+06   9.9879841E-04   2.2250812E-05   6.4593375E-04
   4.3478261E-01   3.5169590E+06   1.9386693E+06   5.4556284E+06   5.3246364E-04   1.2736790E-05   3.4315066E-04
   4.4927536E-01   3.4524683E+06   1.8648878E+06   5.3172339E+06   5.0923786E-04   1.1038410E-05   3.2494709E-04
   4.6376812E-01   3.3843125E+06   1.8100672E+06   5.1942376E+06   6.8748151E-04   1.0495794E-05   4.4843501E-04
   4.7826087E-01   3.3038697E+06   1.7569847E+06   5.0607167E+06   1.8283720E-04   2.1139983E-05   1.2028926E-04
   4.9275362E-01   3.2085468E+06   1.6909117E+06   4.8994585E+06   7.3206774E-05   9.5772044E-07   4.7513804E-05
   5.0724638E-01   3.1318556E+06   1.6424484E+06   4.7743040E+06   7.5903245E-04   2.8132413E-05   4.8764989E-04
   5.2173913E-01   3.0762005E+06   1.5763659E+06   4.6525032E+06   7.7719827E-04   1.5364485E-05   5.2097920E-04
   5.3623188E-01   2.9859740E+06   1.5165178E+06   4.5023485E+06   8.1044934E-04   6.1341303E-06   5.3930670E-04
   5.5072464E-01   2.8823306E+06   1.4464994E+06   4.3287104E+06   4.7824840E-04   3.0316678E-05   3.1473712E-04
   5.6521739E-01   2.8079779E+06   1.3988596E+06   4.2067986E+06   2.3694649E-04   1.1876204E-05   1.6195259E-04
   5.7971014E-01   2.7391992E+06   1.3406256E+06   4.0798248E+06   6.0534797E-04   2.8497617E-05   3.9597961E-04
   5.9420290E-01   2.6492507E+06   1.2802608E+06   3.9294746E+06   3.0406729E-04   1.4182627E-05   2.0179975E-04
   6.0869565E-01   2.5724800E+06   1.2286520E+06   3.8010237E+06   7.8295363E-04   5.3726880E-05   5.2071457E-04
   6.2318841E-01   2.4953503E+06   1.1624562E+06   3.6577183E+06   7.7621639E-04   5.0187543E-05   5.1627965E-04
   6.3768116E-01   2.4177311E+06   1.1171622E+06   3.5348589E+06   2.5778884E-04   1.3623285E-05   1.7214247E-04
   6.5217391E-01   2.3477040E+06   1.0660345E+06   3.4136206E+06   5.5908727E-04   4.2283679E-05   3.7171157E-04
   6.6666667E-01   2.2795849E+06   1.0160755E+06   3.2956110E+06   5.2017339E-04   1.0579787E-05   3.6112215E-04
   6.8115942E-01   2.1913906E+06   9.7049947E+05   3.1618095E+06   8.4443001E-04   2.2004882E-05   5.8000403E-04
   6.9565217E-01   2.1273142E+06   9.2758020E+05   3.0547523E+06   8.3026357E-04   6.1392942E-05   5.7552358E-04
   7.1014493E-01   2.0457963E+06   8.7425803E+05   2.9200079E+06   8.4016288E-04   1.2617277E-05   5.8788281E-04
   7.2463768E-01   1.9790112E+06   8.3163117E+05   2.8105666E+06   4.7910095E-04   5.0448820E-05   3.5204230E-04
   7.3913043E-01   1.8927371E+06   7.9333545E+05   2.6860577E+06   5.8526215E-04   1.0674968E-05   4.0772772E-04
   7.5362319E-01   1.8163677E+06   7.3931785E+05   2.5556710E+06   1.2989935E-03   3.0306717E-05   9.3251640E-04
   7.6811594E-01   1.7303704E+06   7.0442347E+05   2.4347509E+06   6.4436633E-04   4.3086848E-05   4.4513125E-04
   7.8260870E-01   1.6470670E+06   6.6421233E+05   2.3112512E+06   4.1835560E-04   4.9489074E-05   3.0683932E-04
   7.9710145E-01   1.5719041E+06   6.2200538E+05   2.1939095E+06   8.0719362E-04   1.3069470E-05   5.7754344E-04
   8.1159420E-01   1.4858675E+06   5.8083223E+05   2.0666862E+06   7.0951718E-04   4.8157581E-06   5.1109387E-04
   8.2608696E-01   1.3988484E+06   5.4421446E+05   1.9430496E+06   8.2870191E-04   6.1680568E-05   6.0226711E-04
   8.4057971E-01   1.3086113E+06   5.0446973E+05   1.8130679E+06   8.4126414E-05   1.0706434E-05   5.6955753E-05
   8.5507246E-01   1.2348154E+06   4.6313123E+05   1.6979338E+06   6.6171628E-04   3.0651414E-05   4.8359299E-04
   8.6956522E-01   1.1386888E+06   4.2924520E+05   1.5679340E+06   6.5719936E-04   6.4337368E-05   4.7256913E-04
   8.8405797E-01   1.0438630E+06   3.9148901E+05   1.4353520E+06   4.8766896E-04   5.0257198E-05   3.5509027E-04
   8.9855072E-01   9.4879632E+05   3.5072209E+05   1.2995062E+06   3.3357350E-04   1.7007191E-05   2.4286727E-04
   9.1304348E-01   8.5025272E+05   3.1229576E+05   1.1625485E+06   9.1008166E-04   7.2911944E-05   6.6930904E-04
   9.2753623E-01   7.5586602E+05   2.7414676E+05   1.0300009E+06   8.7252947E-04   2.2907479E-05   6.3996250E-04
   9.4202899E-01   6.3406240E+05   2.3459528E+05   8.6864602E+05   1.3596211E-03   6.4644461E-05   9.8519299E-04
   9.5652174E-01   5.1828041E+05   1.9380838E+05   7.1208879E+05   8.8815747E-04   9.8316544E-05   6.7086897E-04
   9.7101449E-01   3.9505224E+05   1.4746461E+05   5.4251685E+05   6.4747311E-04   2.6824809E-04   4.7391158E-04
   9.8550725E-01   2.5278319E+05   9.9296935E+04   3.5208012E+05   5.7517212E-04   7.5050384E-05   3.9216486E-04
   1.0000000E+00   1.2224454E+05   4.8560800E+04   1.7080534E+05   2.4948843E-03   5.0972579E-05   1.7888556E-03
