   0.0000000E+00   3.6128885E+06   1.9398059E+06   5.5526944E+06   1.0012410E-03   9.3945848E-04   9.6330586E-04
   1.4492754E-02   3.9031017E+06   1.9678422E+06   5.8709438E+06   1.5521139E-03   4.2925671E-04   1.1637907E-03
   2.8985507E-02   3.8655937E+06   1.9769350E+06   5.8425287E+06   1.2454746E-03   7.1841069E-04   8.7174570E-04
   4.3478261E-02   3.9025965E+06   1.9784505E+06   5.8810470E+06   7.9543571E-04   8.3979767E-05   5.5023047E-04
   5.7971014E-02   3.8864315E+06   1.9839441E+06   5.8703755E+06   1.2268710E-03   1.8202011E-04   8.7375457E-04
   7.2463768E-02   3.9791784E+06   1.9646597E+06   5.9438381E+06   6.3418107E-04   7.5726715E-05   4.4680235E-04
   8.6956522E-02   3.9888522E+06   2.0192420E+06   6.0080942E+06   8.6780143E-04   1.0091743E-04   6.0061792E-04
   1.0144928E-01   4.0255303E+06   2.0195848E+06   6.0451150E+06   1.2093891E-03   1.6371226E-04   7.9356517E-04
   1.1594203E-01   4.0825905E+06   2.0602860E+06   6.1427819E+06   3.6972887E-04   8.8909361E-05   2.2274584E-04
   1.3043478E-01   4.1423781E+06   2.0889117E+06   6.2312055E+06   4.1804006E-04   8.6235260E-05   2.8123769E-04
   1.4492754E-01   4.1630053E+06   2.1309071E+06   6.2939124E+06   7.7334940E-04   1.5083897E-04   4.7733856E-04
   1.5942029E-01   4.2839677E+06   2.1536943E+06   6.4374553E+06   9.5339619E-04   8.1565087E-05   6.5263648E-04
   1.7391304E-01   4.3442938E+06   2.2086130E+06   6.5528437E+06   5.7540796E-04   2.1327144E-04   4.0070532E-04
   1.8840580E-01   4.4253571E+06   2.2272796E+06   6.6526366E+06   4.2442201E-04   1.1562857E-04   3.2103868E-04
   2.0289855E-01   4.5000358E+06   2.2638466E+06   6.7636659E+06   6.9495671E-04   8.3041718E-05   4.7771236E-04
   2.1739130E-01   4.5159591E+06   2.2793730E+06   6.7950795E+06   7.7531749E-04   1.8892524E-04   5.7860517E-04
   2.3188406E-01   4.5740301E+06   2.3061716E+06   6.8801544E+06   6.2773720E-04   1.8051416E-04   3.6395461E-04
   2.4637681E-01   4.6308855E+06   2.3083334E+06   6.9390405E+06   4.1612846E-04   8.6789379E-05   2.7470794E-04
   2.6086957E-01   4.5880535E+06   2.3315137E+06   6.9195251E+06   5.7774245E-04   1.4487537E-04   3.3440248E-04
   2.7536232E-01   4.5754534E+06   2.3373784E+06   6.9127520E+06   3.7024128E-04   5.0975422E-05   2.5821105E-04
   2.8985507E-01   4.5804804E+06   2.3054896E+06   6.8857806E+06   7.9522274E-05   6.0197447E-05   6.3580570E-05
   3.0434783E-01   4.5171931E+06   2.2970968E+06   6.8141456E+06   4.2009681E-04   2.8639873E-05   2.7911747E-04
   3.1884058E-01   4.4677533E+06   2.2750700E+06   6.7427543E+06   4.3886474E-04   1.1489277E-04   3.0275918E-04
   3.3333333E-01   4.4192521E+06   2.2419122E+06   6.6609996E+06   6.2430974E-04   4.6102287E-05   4.2146599E-04
   3.4782609E-01   4.3792129E+06   2.2099706E+06   6.5891203E+06   2.3676421E-04   3.4807474E-05   1.5915352E-04
   3.6231884E-01   4.2676033E+06   2.1674906E+06   6.4349727E+06   1.8802402E-04   1.4272341E-04   1.1365565E-04
   3.7681159E-01   4.1910999E+06   2.1129779E+06   6.3038446E+06   5.0081688E-05   8.4083618E-05   1.5847394E-05
   3.9130435E-01   4.1392349E+06   2.0848143E+06   6.2239930E+06   3.0915410E-04   1.6805563E-04   2.6222805E-04
   4.0579710E-01   4.0266398E+06   2.0180963E+06   6.0446550E+06   2.1883073E-04   1.7525744E-04   9.0557473E-05
   4.2028986E-01   3.8725832E+06   1.9670844E+06   5.8394063E+06   1.3170250E-04   1.3653668E-04   1.3189448E-04
   4.3478261E-01   3.7895422E+06   1.9093702E+06   5.6988618E+06   3.7116268E-04   1.0938990E-04   2.3755410E-04
   4.4927536E-01   3.6827714E+06   1.8355316E+06   5.5181807E+06   4.0978402E-04   1.0332604E-04   2.7514548E-04
   4.6376812E-01   3.5656010E+06   1.7901292E+06   5.3556355E+06   3.1129071E-04   5.8550920E-05   1.9502664E-04
   4.7826087E-01   3.4438673E+06   1.7366177E+06   5.1803013E+06   2.0887683E-04   7.9835803E-05   1.6391851E-04
   4.9275362E-01   3.3253943E+06   1.6779633E+06   5.0031570E+06   6.2209700E-04   1.5055463E-04   4.3618672E-04
   5.0724638E-01   3.2291923E+06   1.6217946E+06   4.8509220E+06   3.5645542E-04   6.3520334E-05   2.5634524E-04
   5.2173913E-01   3.1038999E+06   1.5579698E+06   4.6617855E+06   6.0047315E-04   1.3090317E-04   4.3786002E-04
   5.3623188E-01   2.9870390E+06   1.4871504E+06   4.4739846E+06   9.5754953E-05   7.3168328E-05   8.1151465E-05
   5.5072464E-01   2.8791402E+06   1.4446250E+06   4.3237053E+06   1.7440846E-04   1.1866100E-04   8.4501610E-05
   5.6521739E-01   2.7599879E+06   1.3884456E+06   4.1482780E+06   3.0074822E-04   2.0299546E-04   1.5071554E-04
   5.7971014E-01   2.6537265E+06   1.3298847E+06   3.9835165E+06   3.1593270E-04   6.6433878E-05   1.8840845E-04
   5.9420290E-01   2.5454593E+06   1.2866184E+06   3.8319668E+06   4.0567357E-04   1.6042659E-04   3.1036707E-04
   6.0869565E-01   2.4523246E+06   1.2360850E+06   3.6883374E+06   3.0989051E-04   4.9753262E-05   2.2105394E-04
   6.2318841E-01   2.3461995E+06   1.1771175E+06   3.5232641E+06   2.4525177E-04   1.6284519E-04   2.1596511E-04
   6.3768116E-01   2.2482220E+06   1.1245329E+06   3.3726688E+06   2.5146909E-04   5.6771803E-05   1.5451540E-04
   6.5217391E-01   2.1456409E+06   1.0766091E+06   3.2221490E+06   7.2906297E-04   6.7816488E-05   4.7507329E-04
   6.6666667E-01   2.0526922E+06   1.0245588E+06   3.0771522E+06   3.5628144E-04   9.5359363E-05   2.0769148E-04
   6.8115942E-01   1.9590879E+06   9.7723849E+05   2.9362780E+06   4.4424729E-04   1.7102411E-04   2.6647766E-04
   6.9565217E-01   1.8695732E+06   9.2306536E+05   2.7925912E+06   4.8456260E-04   1.4166898E-04   3.3527916E-04
   7.1014493E-01   1.7787791E+06   8.8775811E+05   2.6664445E+06   5.8738847E-04   9.4411323E-05   3.9423803E-04
   7.2463768E-01   1.6926625E+06   8.4505826E+05   2.5376753E+06   3.4217019E-04   1.1840620E-04   2.0248557E-04
   7.3913043E-01   1.6176935E+06   8.0406262E+05   2.4216967E+06   2.3733689E-04   1.1129078E-04   1.9315235E-04
   7.5362319E-01   1.5291563E+06   7.6212281E+05   2.2912500E+06   5.6477272E-04   4.0518944E-05   3.8959851E-04
   7.6811594E-01   1.4588290E+06   7.2349556E+05   2.1822531E+06   3.9924609E-04   2.0809484E-04   3.2370446E-04
   7.8260870E-01   1.3716578E+06   6.8086851E+05   2.0525263E+06   6.2291741E-04   1.2558643E-04   4.2938278E-04
   7.9710145E-01   1.3087628E+06   6.4119678E+05   1.9499183E+06   8.4266660E-04   3.7464722E-05   5.7686565E-04
   8.1159420E-01   1.2247596E+06   6.0869258E+05   1.8334386E+06   1.0488493E-03   1.4354473E-04   7.2006207E-04
   8.2608696E-01   1.1482104E+06   5.6493923E+05   1.7131230E+06   9.6299200E-04   1.8704891E-05   6.4151902E-04
   8.4057971E-01   1.0789125E+06   5.3656902E+05   1.6154162E+06   1.5514736E-04   1.5557295E-04   7.1160337E-05
   8.5507246E-01   1.0053368E+06   4.9567538E+05   1.5009865E+06   5.0341015E-04   1.1556188E-04   3.6735243E-04
   8.6956522E-01   9.2803800E+05   4.6384851E+05   1.3918865E+06   3.0532511E-04   1.3101136E-04   2.1273043E-04
   8.8405797E-01   8.6092551E+05   4.2713990E+05   1.2880406E+06   2.0625762E-04   1.3374717E-04   9.9093437E-05
   8.9855072E-01   7.8342640E+05   3.8532133E+05   1.1687355E+06   3.9373023E-04   2.0402330E-04   2.6180065E-04
   9.1304348E-01   7.0094252E+05   3.4437328E+05   1.0453038E+06   4.0457950E-04   1.1341852E-04   2.4487361E-04
   9.2753623E-01   6.2903984E+05   3.1021029E+05   9.3925014E+05   3.9827955E-04   6.2614523E-05   2.7839112E-04
   9.4202899E-01   5.4464947E+05   2.6840199E+05   8.1303980E+05   3.5749461E-04   2.1486612E-04   1.7332212E-04
   9.5652174E-01   4.5180624E+05   2.2057026E+05   6.7237650E+05   1.1028174E-03   1.1630727E-04   7.7898257E-04
   9.7101449E-01   3.5342196E+05   1.7556872E+05   5.2899068E+05   2.7550033E-04   4.0349757E-04   3.1142617E-04
   9.8550725E-01   2.3694872E+05   1.1494197E+05   3.5189069E+05   1.1639308E-03   1.4613069E-04   8.1533449E-04
   1.0000000E+00   1.0629103E+05   5.5979507E+04   1.6227054E+05   7.1530802E-04   8.9644618E-04   6.3051724E-04
