   0.0000000E+00   4.2736349E+06   1.9094964E+06   6.1831313E+06   2.4144441E-03   2.2789086E-03   1.4988933E-03
   1.4492754E-02   4.2940938E+06   2.1171163E+06   6.4112101E+06   3.1029172E-04   9.6036638E-04   5.1664784E-04
   2.8985507E-02   4.2050597E+06   2.0936265E+06   6.2986862E+06   1.4737962E-03   1.1619872E-03   1.3207912E-03
   4.3478261E-02   4.2915680E+06   2.0809975E+06   6.3723129E+06   1.1483692E-03   1.0910903E-03   9.6099801E-04
   5.7971014E-02   4.3047021E+06   2.0758196E+06   6.3805217E+06   6.0034967E-04   9.3896909E-04   5.9425365E-04
   7.2463768E-02   4.2839401E+06   2.1002945E+06   6.3842347E+06   1.5273985E-04   2.5905071E-04   1.8004250E-04
   8.6956522E-02   4.3507978E+06   2.1374489E+06   6.4882466E+06   7.4427299E-04   5.2813430E-04   6.7302185E-04
   1.0144928E-01   4.3174754E+06   2.1413639E+06   6.4587310E+06   2.2207316E-04   5.5093093E-04   3.1319101E-04
   1.1594203E-01   4.3731826E+06   2.1631488E+06   6.5363314E+06   8.6739475E-04   3.9713555E-04   7.1137295E-04
   1.3043478E-01   4.4356222E+06   2.1771459E+06   6.6125997E+06   3.3767604E-04   1.0754932E-04   2.5789899E-04
   1.4492754E-01   4.4774661E+06   2.2122880E+06   6.6896025E+06   5.3494945E-04   1.4234655E-04   3.8908993E-04
   1.5942029E-01   4.5056401E+06   2.2787209E+06   6.7843610E+06   1.1683841E-04   3.5695545E-04   1.4094172E-04
   1.7391304E-01   4.5610697E+06   2.3117283E+06   6.8726086E+06   3.3968039E-04   4.7926912E-04   9.5147662E-05
   1.8840580E-01   4.5882705E+06   2.3117380E+06   6.8998920E+06   4.2032433E-04   5.7998768E-04   2.8192456E-04
   2.0289855E-01   4.5954565E+06   2.3421641E+06   6.9376206E+06   3.7437104E-04   5.9757798E-04   4.3929576E-04
   2.1739130E-01   4.6330547E+06   2.3694931E+06   7.0022952E+06   4.7400863E-04   1.6205432E-04   3.2635198E-04
   2.3188406E-01   4.6697891E+06   2.3756939E+06   7.0453410E+06   3.6585452E-04   2.4741207E-04   3.1003494E-04
   2.4637681E-01   4.6278991E+06   2.3679717E+06   6.9956925E+06   1.9460336E-04   3.6121933E-04   2.2083361E-04
   2.6086957E-01   4.6224884E+06   2.3816506E+06   7.0040548E+06   5.4483147E-04   2.4617582E-04   4.4328138E-04
   2.7536232E-01   4.5993021E+06   2.3673289E+06   6.9663918E+06   8.7645879E-05   8.5305494E-05   7.9520555E-05
   2.8985507E-01   4.5693795E+06   2.3494384E+06   6.9187042E+06   7.0878861E-05   2.1725775E-04   1.1111941E-04
   3.0434783E-01   4.5290282E+06   2.3401795E+06   6.8689913E+06   1.5842340E-04   1.1917817E-04   7.2769519E-05
   3.1884058E-01   4.4632413E+06   2.2909824E+06   6.7542926E+06   2.7025906E-04   1.3687803E-04   2.2007413E-04
   3.3333333E-01   4.4032408E+06   2.2680047E+06   6.6710149E+06   9.3844420E-05   2.0966944E-04   2.9658486E-05
   3.4782609E-01   4.3135739E+06   2.2453317E+06   6.5587477E+06   9.4364574E-05   1.1333179E-04   3.2215899E-05
   3.6231884E-01   4.2572072E+06   2.1971030E+06   6.4540071E+06   6.4795548E-05   1.4108518E-04   9.9811179E-06
   3.7681159E-01   4.2012710E+06   2.1331745E+06   6.3343581E+06   7.7121987E-05   6.4552897E-05   5.4084971E-05
   3.9130435E-01   4.0873159E+06   2.1022141E+06   6.1893055E+06   7.7085546E-05   9.2402034E-05   5.9137150E-05
   4.0579710E-01   3.9750866E+06   2.0367150E+06   6.0116934E+06   1.3125795E-04   1.5048145E-04   9.4197770E-05
   4.2028986E-01   3.8999401E+06   1.9814553E+06   5.8810034E+06   6.7368548E-05   1.2208558E-04   1.8845124E-05
   4.3478261E-01   3.7857535E+06   1.9439735E+06   5.7295249E+06   1.8816934E-05   1.6090591E-04   4.2206689E-05
   4.4927536E-01   3.6847268E+06   1.8795292E+06   5.5640605E+06   1.1658578E-04   1.1065780E-04   5.9289629E-05
   4.6376812E-01   3.5554426E+06   1.8094752E+06   5.3647520E+06   8.6961744E-05   9.1510922E-05   8.2912764E-05
   4.7826087E-01   3.4558992E+06   1.7536553E+06   5.2094167E+06   3.1104844E-05   1.6378985E-04   5.0173971E-05
   4.9275362E-01   3.3268206E+06   1.6887053E+06   5.0153923E+06   2.8930439E-05   1.2474830E-04   6.1131121E-05
   5.0724638E-01   3.2282830E+06   1.6352391E+06   4.8634138E+06   1.1918222E-04   3.8264940E-05   9.0745468E-05
   5.2173913E-01   3.1141925E+06   1.5800494E+06   4.6940946E+06   7.3720884E-05   6.1516493E-05   5.7561723E-05
   5.3623188E-01   3.0207071E+06   1.5143880E+06   4.5348697E+06   8.9835187E-05   9.8408637E-05   7.9864501E-05
   5.5072464E-01   2.8921015E+06   1.4533190E+06   4.3453208E+06   1.0184656E-04   9.8932579E-05   4.4584731E-05
   5.6521739E-01   2.7854401E+06   1.3976550E+06   4.1829396E+06   4.5686326E-05   3.3182719E-05   2.8625777E-05
   5.7971014E-01   2.6628572E+06   1.3302067E+06   3.9930071E+06   1.5979775E-04   2.2032714E-04   1.6503353E-04
   5.9420290E-01   2.5658443E+06   1.2774701E+06   3.8432589E+06   2.3241417E-04   1.3423180E-04   1.9763547E-04
   6.0869565E-01   2.4668659E+06   1.2176287E+06   3.6843864E+06   5.5328291E-05   3.3520019E-05   3.4271494E-05
   6.2318841E-01   2.3495829E+06   1.1698750E+06   3.5193873E+06   5.3761677E-05   1.9791457E-04   9.6740911E-05
   6.3768116E-01   2.2522345E+06   1.1076905E+06   3.3598217E+06   2.1085962E-04   3.6927118E-05   1.4843195E-04
   6.5217391E-01   2.1564176E+06   1.0737466E+06   3.2300463E+06   2.2642268E-05   8.7867745E-05   1.8660814E-05
   6.6666667E-01   2.0595613E+06   1.0168167E+06   3.0762627E+06   2.0508310E-04   2.0400763E-04   7.3970622E-05
   6.8115942E-01   1.9628766E+06   9.7382062E+05   2.9365843E+06   2.7033132E-04   7.7479959E-05   1.5610840E-04
   6.9565217E-01   1.8700626E+06   9.2177089E+05   2.7917703E+06   8.0779370E-05   1.7002564E-04   3.1136335E-06
   7.1014493E-01   1.7742482E+06   8.7912919E+05   2.6532382E+06   4.3332500E-05   3.0555051E-04   1.2098562E-04
   7.2463768E-01   1.6978454E+06   8.2691804E+05   2.5247180E+06   1.9047963E-05   1.7741277E-04   7.0904568E-05
   7.3913043E-01   1.6058223E+06   7.8176139E+05   2.3875540E+06   2.0540239E-04   2.0245638E-04   2.0025906E-04
   7.5362319E-01   1.5198595E+06   7.4736152E+05   2.2671773E+06   1.9099029E-04   2.4147990E-04   1.4124888E-04
   7.6811594E-01   1.4257602E+06   7.0050612E+05   2.1261948E+06   2.9098835E-04   1.4884012E-04   2.4348042E-04
   7.8260870E-01   1.3601373E+06   6.5934317E+05   2.0194384E+06   1.3076180E-04   2.1378834E-04   1.5152911E-04
   7.9710145E-01   1.2743340E+06   6.2048991E+05   1.8948239E+06   4.0449740E-04   3.1397946E-04   3.4986087E-04
   8.1159420E-01   1.1867780E+06   5.8123816E+05   1.7679891E+06   1.1221626E-04   2.8500841E-04   5.9081208E-05
   8.2608696E-01   1.1104963E+06   5.4218054E+05   1.6526237E+06   1.8137956E-04   2.1608694E-04   1.7471059E-04
   8.4057971E-01   1.0274909E+06   5.0441747E+05   1.5318954E+06   1.4352983E-04   1.6664132E-04   1.2951826E-04
   8.5507246E-01   9.5997532E+05   4.6793451E+05   1.4278841E+06   3.0263754E-04   3.4901135E-04   2.2643770E-04
   8.6956522E-01   8.9010065E+05   4.3451147E+05   1.3245995E+06   1.9388400E-04   4.9641101E-04   7.8100749E-05
   8.8405797E-01   8.0193385E+05   3.9465659E+05   1.1965532E+06   2.5413537E-04   1.6213536E-04   1.6425857E-04
   8.9855072E-01   7.2934600E+05   3.5332528E+05   1.0826713E+06   5.3005084E-04   6.0059937E-04   4.0729121E-04
   9.1304348E-01   6.5526182E+05   3.2106386E+05   9.7631365E+05   4.6884774E-04   5.1608363E-04   4.7586185E-04
   9.2753623E-01   5.8362300E+05   2.8133342E+05   8.6494459E+05   5.4420229E-04   2.1194110E-04   4.2424571E-04
   9.4202899E-01   5.0939723E+05   2.4488884E+05   7.5428607E+05   9.4757797E-04   4.8792706E-04   6.4868144E-04
   9.5652174E-01   4.2761607E+05   2.0433633E+05   6.3195239E+05   4.6498127E-04   1.0910986E-03   2.3424161E-04
   9.7101449E-01   3.4922614E+05   1.6277767E+05   5.1200381E+05   3.2402856E-04   6.5663321E-04   4.1786096E-04
   9.8550725E-01   2.4448151E+05   1.1284705E+05   3.5732856E+05   8.4003846E-04   4.7055224E-04   6.1262651E-04
   1.0000000E+00   1.2646817E+05   5.8430526E+04   1.8489869E+05   1.1734719E-03   2.8729670E-03   1.6318849E-03
