   0.0000000E+00   3.8553642E+06   1.8852489E+06   5.7406131E+06   4.4158620E-03   1.8386542E-03   2.9928819E-03
   1.4492754E-02   3.9046171E+06   1.9367750E+06   5.8413921E+06   1.3274294E-03   8.9110857E-04   6.5207712E-04
   2.8985507E-02   3.9345477E+06   1.9807237E+06   5.9152714E+06   5.1714801E-04   1.1778054E-03   4.5136613E-04
   4.3478261E-02   3.8818850E+06   1.9529400E+06   5.8348250E+06   1.4721356E-04   4.1059793E-04   5.2817837E-05
   5.7971014E-02   3.8909779E+06   1.9831863E+06   5.8741642E+06   4.1225904E-04   1.0610488E-03   2.0485622E-04
   7.2463768E-02   3.9490205E+06   1.9834515E+06   5.9324720E+06   2.1009753E-04   1.0592903E-04   1.6844838E-04
   8.6956522E-02   3.9720557E+06   2.0162110E+06   5.9882667E+06   2.9259931E-04   9.0336862E-04   1.3424864E-04
   1.0144928E-01   4.0244478E+06   2.0481623E+06   6.0726100E+06   2.1244316E-04   3.1977661E-04   1.7545234E-04
   1.1594203E-01   4.1031441E+06   2.0670110E+06   6.1700604E+06   2.9683788E-04   2.8002591E-04   2.2003300E-04
   1.3043478E-01   4.1264656E+06   2.0875646E+06   6.2140302E+06   1.3908311E-04   1.9944158E-04   4.7764799E-05
   1.4492754E-01   4.2184717E+06   2.1032497E+06   6.3216456E+06   2.2263461E-04   2.4244518E-04   7.2079246E-05
   1.5942029E-01   4.2807990E+06   2.1441882E+06   6.4247805E+06   1.3791311E-04   4.4858547E-04   1.8590475E-04
   1.7391304E-01   4.3572385E+06   2.2073501E+06   6.5644623E+06   1.1937728E-04   2.3489491E-04   1.5412789E-04
   1.8840580E-01   4.4586975E+06   2.2454652E+06   6.7039296E+06   1.1118137E-04   1.9784447E-04   4.5578410E-05
   2.0289855E-01   4.4837445E+06   2.2626559E+06   6.7462921E+06   4.0558690E-05   3.2080666E-04   1.3428296E-04
   2.1739130E-01   4.5279313E+06   2.2715935E+06   6.7993228E+06   4.3945734E-04   9.3462644E-05   2.9436246E-04
   2.3188406E-01   4.5741722E+06   2.3007254E+06   6.8748029E+06   1.7894024E-04   4.0630355E-04   2.0083099E-04
   2.4637681E-01   4.5894328E+06   2.3127907E+06   6.9021343E+06   1.1371632E-04   2.3811988E-04   1.5291436E-04
   2.6086957E-01   4.5874642E+06   2.3255781E+06   6.9130002E+06   1.5653333E-04   2.3762306E-04   2.9392709E-05
   2.7536232E-01   4.5695510E+06   2.3059921E+06   6.8753039E+06   2.0763635E-04   1.3681804E-04   9.3887952E-05
   2.8985507E-01   4.5734713E+06   2.3112484E+06   6.8845682E+06   1.5162632E-04   1.1808181E-04   1.2828531E-04
   3.0434783E-01   4.5140178E+06   2.2812926E+06   6.7952383E+06   1.3056712E-04   1.5591456E-04   9.0557977E-05
   3.1884058E-01   4.4476732E+06   2.2519245E+06   6.6994600E+06   1.6732069E-04   1.4389661E-04   7.7762679E-05
   3.3333333E-01   4.3976402E+06   2.2121958E+06   6.6096712E+06   9.6981209E-05   1.3230336E-04   7.8746901E-05
   3.4782609E-01   4.3387687E+06   2.1803873E+06   6.5190928E+06   2.0175059E-04   2.7918958E-04   2.0196446E-04
   3.6231884E-01   4.2572072E+06   2.1344533E+06   6.3915999E+06   1.8437390E-04   2.2281723E-04   1.5158928E-04
   3.7681159E-01   4.1718359E+06   2.0968031E+06   6.2685516E+06   1.1525304E-04   1.0982098E-04   4.0562165E-05
   3.9130435E-01   4.0702247E+06   2.0462539E+06   6.1163383E+06   1.0062919E-04   3.0710285E-05   6.8335130E-05
   4.0579710E-01   3.9817168E+06   1.9903578E+06   5.9719122E+06   1.5301174E-04   1.1921445E-04   1.4187724E-04
   4.2028986E-01   3.8555733E+06   1.9599513E+06   5.8152632E+06   1.8726919E-04   1.8789489E-04   1.1004960E-04
   4.3478261E-01   3.7532719E+06   1.8793133E+06   5.6325094E+06   2.0277137E-04   2.2861869E-04   2.0199073E-04
   4.4927536E-01   3.6563239E+06   1.8312785E+06   5.4874802E+06   2.1481131E-04   9.1799167E-05   1.4758317E-04
   4.6376812E-01   3.5320475E+06   1.7777687E+06   5.3098161E+06   1.8029769E-04   1.8746227E-04   1.0576935E-04
   4.7826087E-01   3.4130297E+06   1.7160210E+06   5.1289589E+06   9.3504355E-05   4.1175551E-04   1.6643332E-04
   4.9275362E-01   3.3134265E+06   1.6608920E+06   4.9742070E+06   1.0875171E-04   1.6761159E-04   1.2784204E-04
   5.0724638E-01   3.1897683E+06   1.6035440E+06   4.7932258E+06   3.3445190E-05   8.6622587E-05   4.3216527E-05
   5.2173913E-01   3.0743272E+06   1.5386475E+06   4.6128905E+06   2.0684730E-04   2.7470104E-04   1.9629748E-04
   5.3623188E-01   2.9593509E+06   1.4818053E+06   4.4409923E+06   2.1376430E-04   8.9336250E-05   1.1266865E-04
   5.5072464E-01   2.8395385E+06   1.4269777E+06   4.2664364E+06   1.8057232E-04   8.7495567E-05   1.4892910E-04
   5.6521739E-01   2.7359152E+06   1.3767104E+06   4.1125090E+06   3.5867358E-05   4.8770501E-04   1.3974003E-04
   5.7971014E-01   2.6311080E+06   1.3145974E+06   3.9455728E+06   2.0660530E-04   1.0716975E-04   1.2348237E-04
   5.9420290E-01   2.5256657E+06   1.2607260E+06   3.7863363E+06   1.9882142E-04   2.0798446E-04   1.7333657E-04
   6.0869565E-01   2.4191104E+06   1.2232215E+06   3.6422779E+06   8.9387597E-05   3.6532471E-04   1.5730223E-04
   6.2318841E-01   2.3279609E+06   1.1594076E+06   3.4872981E+06   9.0896926E-05   8.3423101E-05   8.3389187E-05
   6.3768116E-01   2.2211501E+06   1.1090682E+06   3.3301666E+06   1.7302341E-04   5.0608978E-04   2.6223684E-04
   6.5217391E-01   2.1396968E+06   1.0687455E+06   3.2082908E+06   4.0831171E-04   2.6168510E-04   1.8971331E-04
   6.6666667E-01   2.0403872E+06   1.0232410E+06   3.0636282E+06   1.5727928E-04   3.2790056E-04   1.6157199E-04
   6.8115942E-01   1.9479637E+06   9.6883890E+05   2.9167703E+06   2.9463635E-04   1.9941021E-04   2.6283065E-04
   6.9565217E-01   1.8646479E+06   9.3061115E+05   2.7952117E+06   4.4668038E-04   1.9646728E-04   3.4260576E-04
   7.1014493E-01   1.7773719E+06   8.8528387E+05   2.6625939E+06   2.9131829E-04   2.5050949E-04   1.8906187E-04
   7.2463768E-01   1.6963451E+06   8.4633126E+05   2.5426309E+06   4.1831202E-04   3.6995328E-04   2.8617004E-04
   7.3913043E-01   1.6124637E+06   8.0880219E+05   2.4212361E+06   2.2864977E-04   4.0194271E-04   1.5837654E-04
   7.5362319E-01   1.5385843E+06   7.6156908E+05   2.3001388E+06   3.6535673E-04   4.0458389E-04   1.9090119E-04
   7.6811594E-01   1.4573278E+06   7.3081559E+05   2.1881291E+06   2.2741343E-04   3.6330150E-04   1.2815412E-04
   7.8260870E-01   1.3821117E+06   6.9551808E+05   2.0776017E+06   4.8003435E-04   5.4822034E-04   4.9714745E-04
   7.9710145E-01   1.3164228E+06   6.5524935E+05   1.9716722E+06   1.8731414E-04   6.1588704E-04   1.3257500E-04
   8.1159420E-01   1.2376140E+06   6.1310369E+05   1.8506501E+06   5.2011903E-04   6.1118182E-04   5.3711091E-04
   8.2608696E-01   1.1723383E+06   5.7530825E+05   1.7476598E+06   1.5260760E-04   8.1127788E-04   3.5641880E-04
   8.4057971E-01   1.0975163E+06   5.4521767E+05   1.6427078E+06   1.0533734E-04   5.8196241E-04   2.4443804E-04
   8.5507246E-01   1.0239976E+06   5.0745240E+05   1.5314372E+06   3.8764180E-04   5.0957247E-04   3.3138845E-04
   8.6956522E-01   9.5244975E+05   4.7349702E+05   1.4259341E+06   6.0143266E-04   2.5529006E-04   4.7418548E-04
   8.8405797E-01   8.9127225E+05   4.3681657E+05   1.3280764E+06   3.5326416E-04   9.0712175E-04   4.6414560E-04
   8.9855072E-01   8.0907946E+05   4.0186932E+05   1.2108999E+06   8.6829102E-04   8.0059203E-04   4.6818605E-04
   9.1304348E-01   7.3412657E+05   3.6904182E+05   1.1031564E+06   1.4690166E-04   2.4199255E-04   3.7759752E-05
   9.2753623E-01   6.7007602E+05   3.2676211E+05   9.9684997E+05   3.2654485E-04   5.7932817E-04   3.7676578E-04
   9.4202899E-01   5.8835339E+05   2.9249802E+05   8.8085141E+05   6.4149893E-04   6.7780630E-04   6.2326833E-04
   9.5652174E-01   4.9151853E+05   2.4348605E+05   7.3499310E+05   1.2736861E-03   6.6963535E-04   1.0632940E-03
   9.7101449E-01   3.8857190E+05   1.9230678E+05   5.8087868E+05   1.3646928E-03   1.1330375E-03   1.2831667E-03
   9.8550725E-01   2.5802048E+05   1.2864809E+05   3.8666857E+05   1.7036959E-03   1.9430812E-04   1.0842115E-03
   1.0000000E+00   1.1548235E+05   6.0246905E+04   1.7572926E+05   8.6412657E-04   1.2834727E-03   9.8253263E-04
