   0.0000000E+00   4.0372211E+06   1.9943630E+06   6.0315840E+06   1.7284918E-03   3.2799523E-03   1.2370982E-03
   1.4492754E-02   3.8439982E+06   2.0299766E+06   5.8739748E+06   6.9779873E-04   6.4797662E-04   2.4308255E-04
   2.8985507E-02   3.8887047E+06   2.0034558E+06   5.8921605E+06   3.7468094E-04   3.9865194E-04   3.6897384E-04
   4.3478261E-02   3.9038594E+06   1.9741566E+06   5.8780160E+06   1.3835367E-04   2.5157899E-04   1.7589278E-04
   5.7971014E-02   3.9707297E+06   1.9816709E+06   5.9524005E+06   5.1244358E-04   3.1950370E-04   4.4327287E-04
   7.2463768E-02   3.9496267E+06   1.9901196E+06   5.9397463E+06   1.9397101E-04   2.0828307E-04   1.9815989E-04
   8.6956522E-02   4.0009760E+06   2.0015615E+06   6.0025374E+06   4.0340089E-04   2.5154538E-04   1.8684048E-04
   1.0144928E-01   4.0494531E+06   2.0308426E+06   6.0802956E+06   2.5357133E-04   2.7444792E-04   2.4178317E-04
   1.1594203E-01   4.1462404E+06   2.0627487E+06   6.2089891E+06   8.9862546E-05   5.3139830E-04   2.3206117E-04
   1.3043478E-01   4.1844745E+06   2.1241885E+06   6.3086631E+06   2.2235005E-04   4.2744434E-04   4.6249080E-05
   1.4492754E-01   4.2941696E+06   2.1406819E+06   6.4347757E+06   1.0319605E-04   3.7668327E-04   6.0050458E-05
   1.5942029E-01   4.3414868E+06   2.1867592E+06   6.5281771E+06   3.3046768E-04   1.0349406E-04   1.8870666E-04
   1.7391304E-01   4.4107852E+06   2.2153695E+06   6.6261547E+06   2.2290267E-04   1.3037818E-04   1.0509086E-04
   1.8840580E-01   4.5033457E+06   2.2683722E+06   6.7716013E+06   9.2269244E-05   3.0843720E-04   1.2702370E-04
   2.0289855E-01   4.5308865E+06   2.2826818E+06   6.8135141E+06   9.8823257E-05   1.5958221E-04   1.0004059E-04
   2.1739130E-01   4.6163845E+06   2.3261506E+06   6.9423835E+06   2.4564897E-05   1.3706236E-04   5.0011655E-05
   2.3188406E-01   4.6605068E+06   2.3404118E+06   7.0007292E+06   2.0926186E-04   1.1460977E-04   1.0120140E-04
   2.4637681E-01   4.6860219E+06   2.3502763E+06   7.0362983E+06   1.1174124E-04   1.8668097E-04   4.2541309E-05
   2.6086957E-01   4.6714467E+06   2.3487732E+06   7.0201357E+06   9.8767180E-05   1.0191408E-04   8.8210449E-05
   2.7536232E-01   4.6578872E+06   2.3546468E+06   7.0123744E+06   1.6478345E-04   1.1021392E-04   9.3478904E-05
   2.8985507E-01   4.6498133E+06   2.3265547E+06   6.9762922E+06   4.2222179E-05   1.3902562E-04   7.4126366E-05
   3.0434783E-01   4.6179721E+06   2.3200815E+06   6.9378371E+06   1.1246544E-04   1.7446287E-04   5.5895311E-05
   3.1884058E-01   4.5357773E+06   2.2935312E+06   6.8291019E+06   1.5694766E-04   1.4474009E-04   1.1749347E-04
   3.3333333E-01   4.4941692E+06   2.2583848E+06   6.7524881E+06   7.4137318E-05   5.3962796E-05   3.2163320E-05
   3.4782609E-01   4.4182995E+06   2.2329553E+06   6.6510969E+06   8.9084130E-05   1.8138981E-04   6.7536352E-05
   3.6231884E-01   4.3199478E+06   2.1815845E+06   6.5012595E+06   1.3278561E-04   1.4540474E-04   5.9611079E-05
   3.7681159E-01   4.2425968E+06   2.1244314E+06   6.3668242E+06   8.0242934E-05   6.6714056E-05   7.3061193E-05
   3.9130435E-01   4.1372423E+06   2.0865542E+06   6.2235720E+06   3.0120545E-05   7.3282386E-05   2.1114239E-05
   4.0579710E-01   4.0558938E+06   2.0209108E+06   6.0767505E+06   1.5126759E-05   1.9503226E-04   6.4935533E-05
   4.2028986E-01   3.9466846E+06   1.9784766E+06   5.9249260E+06   1.3621232E-04   1.2531392E-04   5.3489908E-05
   4.3478261E-01   3.8128552E+06   1.9208878E+06   5.7336167E+06   1.2132931E-04   1.4767699E-04   9.3559961E-05
   4.4927536E-01   3.7016659E+06   1.8548416E+06   5.5564831E+06   3.1863279E-05   1.9230679E-04   7.9367141E-05
   4.6376812E-01   3.5744571E+06   1.8081728E+06   5.3823457E+06   2.7682004E-05   1.7196327E-04   5.6573790E-05
   4.7826087E-01   3.4637751E+06   1.7353318E+06   5.1990380E+06   1.2532356E-04   1.4929247E-04   1.1195110E-04
   4.9275362E-01   3.3280909E+06   1.6844709E+06   5.0123613E+06   1.6357699E-04   1.4917447E-04   1.2766795E-04
   5.0724638E-01   3.2134963E+06   1.6175297E+06   4.8309394E+06   1.6556099E-04   1.7683457E-04   6.0574742E-05
   5.2173913E-01   3.0972697E+06   1.5466669E+06   4.6438103E+06   9.0463129E-05   1.0123255E-04   7.3072438E-05
   5.3623188E-01   2.9909710E+06   1.4969600E+06   4.4878286E+06   2.4786545E-05   1.4010419E-04   6.3224621E-05
   5.5072464E-01   2.8607750E+06   1.4429699E+06   4.3035655E+06   1.4011322E-04   9.5006704E-05   9.1129019E-05
   5.6521739E-01   2.7508756E+06   1.3699879E+06   4.1206887E+06   1.4675459E-04   2.5607407E-04   1.8278872E-04
   5.7971014E-01   2.6409018E+06   1.3249973E+06   3.9658423E+06   7.2575138E-05   9.8255800E-05   5.3615167E-05
   5.9420290E-01   2.5235034E+06   1.2671205E+06   3.7905316E+06   5.4285164E-05   2.0833228E-04   3.4084187E-05
   6.0869565E-01   2.4293399E+06   1.2165823E+06   3.6459403E+06   9.5387636E-05   1.3928062E-04   7.9147699E-05
   6.2318841E-01   2.3242427E+06   1.1629496E+06   3.4871042E+06   1.9863314E-04   2.7528841E-04   2.2152193E-04
   6.3768116E-01   2.2235094E+06   1.1125641E+06   3.3360563E+06   1.5191218E-04   3.6928885E-04   4.7628150E-05
   6.5217391E-01   2.1262260E+06   1.0595685E+06   3.1856597E+06   1.5801471E-04   7.7002043E-05   8.2274871E-05
   6.6666667E-01   2.0158926E+06   1.0153342E+06   3.0311938E+06   3.3979638E-04   1.8878072E-04   2.8875599E-04
   6.8115942E-01   1.9307776E+06   9.7143455E+05   2.9021960E+06   2.2328249E-04   2.3753236E-04   2.1995216E-04
   6.9565217E-01   1.8305024E+06   9.3067430E+05   2.7611609E+06   4.9343577E-05   2.1963387E-04   7.8882511E-05
   7.1014493E-01   1.7551347E+06   8.7626835E+05   2.6313566E+06   1.3767188E-04   1.3343214E-04   1.0440397E-04
   7.2463768E-01   1.6562305E+06   8.3220705E+05   2.4884073E+06   2.0127420E-04   3.5590110E-04   3.9446497E-05
   7.3913043E-01   1.5793164E+06   7.9630697E+05   2.3755342E+06   1.5880024E-04   3.1347447E-04   1.0276058E-04
   7.5362319E-01   1.5067594E+06   7.5231595E+05   2.2590608E+06   1.8985492E-04   1.4299715E-04   8.8723625E-05
   7.6811594E-01   1.4212138E+06   7.1390233E+05   2.1350875E+06   2.3699084E-04   3.8875932E-04   2.5999965E-04
   7.8260870E-01   1.3534440E+06   6.7430146E+05   2.0277034E+06   1.1597358E-04   1.2752535E-04   1.1980002E-04
   7.9710145E-01   1.2733145E+06   6.4552277E+05   1.9188235E+06   1.8282587E-04   2.3203128E-04   1.9661581E-04
   8.1159420E-01   1.1997543E+06   5.9941031E+05   1.7991375E+06   2.9179542E-04   4.8781511E-04   3.3739283E-04
   8.2608696E-01   1.1277648E+06   5.5769420E+05   1.6854457E+06   3.0933180E-04   2.6890451E-04   2.6242385E-04
   8.4057971E-01   1.0498703E+06   5.2490249E+05   1.5747728E+06   2.4271338E-04   5.5419924E-04   3.3826636E-04
   8.5507246E-01   9.8256615E+05   4.8676234E+05   1.4693156E+06   1.9151210E-04   4.6242802E-04   1.2866159E-04
   8.6956522E-01   9.1029434E+05   4.5571547E+05   1.3659845E+06   5.3010925E-04   1.8140615E-04   3.7932503E-04
   8.8405797E-01   8.4477703E+05   4.2628278E+05   1.2710225E+06   5.7622070E-04   5.0245990E-04   4.1454406E-04
   8.9855072E-01   7.6335860E+05   3.8669014E+05   1.1500365E+06   5.8083126E-04   3.3856844E-04   4.9585254E-04
   9.1304348E-01   6.9882566E+05   3.4403651E+05   1.0428622E+06   3.8609901E-04   7.3120882E-04   4.9661900E-04
   9.2753623E-01   6.2484861E+05   3.1017478E+05   9.3498787E+05   4.9355444E-04   2.3197273E-04   3.8053569E-04
   9.4202899E-01   5.4354201E+05   2.7480195E+05   8.1833230E+05   4.8905698E-04   4.0778636E-04   2.3565818E-04
   9.5652174E-01   4.6212753E+05   2.3000753E+05   6.9213506E+05   7.4397630E-04   9.0271654E-04   7.9299555E-04
   9.7101449E-01   3.6904038E+05   1.8220740E+05   5.5124778E+05   1.3383362E-04   2.7817913E-04   1.4892860E-04
   9.8550725E-01   2.5023140E+05   1.2378966E+05   3.7402106E+05   2.7007476E-04   1.4740208E-03   6.6247354E-04
   1.0000000E+00   1.1681728E+05   5.8780671E+04   1.7559795E+05   1.4168690E-03   4.4259360E-04   7.9525272E-04
