   0.0000000E+00   4.6070390E+06   1.8185680E+06   6.4256071E+06   3.5283850E-03   5.7158645E-04   2.3809563E-03
   1.4492754E-02   4.4418524E+06   2.0580128E+06   6.4998653E+06   9.2942734E-04   5.3275637E-04   5.1950441E-04
   2.8985507E-02   4.5157318E+06   2.0421004E+06   6.5578321E+06   7.6557923E-04   1.7710920E-04   5.0223861E-04
   4.3478261E-02   4.4852960E+06   2.0223992E+06   6.5076952E+06   2.5829338E-04   3.3590605E-04   2.6533090E-04
   5.7971014E-02   4.4928102E+06   2.0110332E+06   6.5038434E+06   1.0792052E-04   2.3365010E-04   1.1796002E-04
   7.2463768E-02   4.5148983E+06   2.0510417E+06   6.5659399E+06   3.8320373E-04   2.2819208E-04   3.0955943E-04
   8.6956522E-02   4.5411159E+06   2.0851651E+06   6.6262810E+06   7.2688359E-04   6.8669299E-05   5.1233111E-04
   1.0144928E-01   4.5217395E+06   2.1473175E+06   6.6689488E+06   5.2246627E-04   1.4029044E-04   3.5367301E-04
   1.1594203E-01   4.5541869E+06   2.1292401E+06   6.6833323E+06   6.4220280E-04   2.0058771E-04   4.9222111E-04
   1.3043478E-01   4.6466939E+06   2.1824500E+06   6.8291440E+06   5.8921562E-04   2.1858981E-04   4.5599321E-04
   1.4492754E-01   4.6537156E+06   2.2036498E+06   6.8573654E+06   7.2931659E-04   6.6981020E-05   4.9103074E-04
   1.5942029E-01   4.6338354E+06   2.2439339E+06   6.8776315E+06   4.4927117E-04   1.4190282E-04   2.5754849E-04
   1.7391304E-01   4.6701206E+06   2.2687268E+06   6.9387211E+06   3.4442208E-04   3.4516923E-04   3.3901710E-04
   1.8840580E-01   4.6846779E+06   2.3416395E+06   7.0261425E+06   7.4704403E-04   6.4908932E-05   5.1953881E-04
   2.0289855E-01   4.6618667E+06   2.3663034E+06   7.0281160E+06   1.9881127E-04   1.9500472E-04   9.6731020E-05
   2.1739130E-01   4.6724065E+06   2.3825767E+06   7.0548316E+06   4.7858892E-04   3.3841792E-05   3.0582271E-04
   2.3188406E-01   4.6478621E+06   2.4049615E+06   7.0526342E+06   2.1555630E-04   2.0066164E-05   1.4823423E-04
   2.4637681E-01   4.6078413E+06   2.4018024E+06   7.0094655E+06   2.4421648E-04   7.9821151E-05   1.5561950E-04
   2.6086957E-01   4.5860329E+06   2.4229472E+06   7.0088117E+06   1.3759034E-04   1.1486072E-04   7.7444053E-05
   2.7536232E-01   4.5683546E+06   2.4133913E+06   6.9815465E+06   5.5132909E-05   1.0081035E-04   6.8772387E-05
   2.8985507E-01   4.4984175E+06   2.3853172E+06   6.8835074E+06   1.4107521E-04   1.1345969E-04   1.3059307E-04
   3.0434783E-01   4.4764558E+06   2.3624787E+06   6.8386457E+06   1.4924092E-04   1.2135046E-04   8.7057153E-05
   3.1884058E-01   4.4067210E+06   2.3379621E+06   6.7443731E+06   8.1392837E-05   1.8934996E-05   5.9081407E-05
   3.3333333E-01   4.3622242E+06   2.2981824E+06   6.6600772E+06   6.6700340E-05   1.7265223E-05   3.8353196E-05
   3.4782609E-01   4.2908418E+06   2.2711578E+06   6.5618418E+06   2.7857168E-04   1.1615654E-04   1.9654661E-04
   3.6231884E-01   4.2148952E+06   2.2174709E+06   6.4322145E+06   2.2306364E-04   7.0993542E-05   1.4421191E-04
   3.7681159E-01   4.1447905E+06   2.1775604E+06   6.3221177E+06   1.5360801E-04   2.4612424E-05   1.0915270E-04
   3.9130435E-01   4.0661834E+06   2.1225608E+06   6.1887161E+06   1.0968069E-04   6.9863229E-05   5.7257311E-05
   4.0579710E-01   3.9775764E+06   2.0749537E+06   6.0522594E+06   1.1918448E-04   3.5192599E-05   7.5332350E-05
   4.2028986E-01   3.8706496E+06   2.0125225E+06   5.8829631E+06   1.8578574E-04   6.0670367E-05   1.3204444E-04
   4.3478261E-01   3.7629961E+06   1.9514245E+06   5.7142944E+06   7.0105432E-05   1.0473287E-04   2.4703987E-05
   4.4927536E-01   3.6902265E+06   1.8945617E+06   5.5846171E+06   1.7297475E-04   6.4848409E-05   1.3426641E-04
   4.6376812E-01   3.5698870E+06   1.8311417E+06   5.4010050E+06   8.0596629E-05   1.0845698E-04   7.0521528E-05
   4.7826087E-01   3.4884130E+06   1.7735860E+06   5.2618613E+06   7.5850554E-05   1.9676980E-05   5.6241961E-05
   4.9275362E-01   3.3842749E+06   1.7097437E+06   5.0937957E+06   1.1278637E-04   8.8155956E-05   5.4443687E-05
   5.0724638E-01   3.2558863E+06   1.6464536E+06   4.9023182E+06   1.9522293E-04   2.2926250E-05   1.3104690E-04
   5.2173913E-01   3.1526477E+06   1.5800704E+06   4.7324866E+06   1.2823424E-04   2.6056323E-05   9.2818929E-05
   5.3623188E-01   3.0340391E+06   1.5175623E+06   4.5514171E+06   1.6711846E-05   2.9226462E-05   1.4972526E-05
   5.5072464E-01   2.9353722E+06   1.4555523E+06   4.3908049E+06   9.3742766E-05   6.8296508E-05   8.1427027E-05
   5.6521739E-01   2.8107562E+06   1.3930503E+06   4.2036123E+06   1.4874342E-04   1.0545604E-04   1.3344268E-04
   5.7971014E-01   2.6994369E+06   1.3372158E+06   4.0364633E+06   1.7878815E-04   8.7767291E-05   1.0136255E-04
   5.9420290E-01   2.5959320E+06   1.2760655E+06   3.8718496E+06   1.4612259E-04   5.1465922E-05   9.5390006E-05
   6.0869565E-01   2.5028223E+06   1.2197937E+06   3.7225438E+06   3.8225657E-05   5.5265710E-05   4.3773062E-05
   6.2318841E-01   2.3816545E+06   1.1680247E+06   3.5495734E+06   1.5859644E-04   4.1828984E-05   9.2752604E-05
   6.3768116E-01   2.2812007E+06   1.1072255E+06   3.3883229E+06   1.4249665E-04   5.7145544E-05   1.0308534E-04
   6.5217391E-01   2.1759167E+06   1.0594506E+06   3.2353167E+06   1.4209651E-04   8.8640042E-05   9.4593532E-05
   6.6666667E-01   2.0616203E+06   1.0066202E+06   3.0681582E+06   1.2206698E-04   1.0344293E-04   1.1068364E-04
   6.8115942E-01   1.9724853E+06   9.5840793E+05   2.9308126E+06   1.4663405E-04   1.1059087E-04   1.3079446E-04
   6.9565217E-01   1.8837965E+06   9.0846314E+05   2.7921965E+06   1.2370955E-04   1.0002707E-04   9.7352107E-05
   7.1014493E-01   1.7872070E+06   8.6739201E+05   2.6545217E+06   1.5063285E-04   9.1480552E-05   1.3020880E-04
   7.2463768E-01   1.6863733E+06   8.2041666E+05   2.5066839E+06   2.1529842E-04   7.3421966E-05   1.5765317E-04
   7.3913043E-01   1.6073972E+06   7.7150966E+05   2.3788920E+06   1.9739866E-04   1.9592285E-04   1.8919629E-04
   7.5362319E-01   1.5178923E+06   7.2850553E+05   2.2463687E+06   5.2765554E-04   1.1401803E-04   3.2040492E-04
   7.6811594E-01   1.4248595E+06   6.9142758E+05   2.1162728E+06   5.2984684E-05   1.9231872E-05   3.9045757E-05
   7.8260870E-01   1.3408993E+06   6.5448804E+05   1.9953873E+06   3.5295225E-04   4.4620281E-05   2.2309832E-04
   7.9710145E-01   1.2488189E+06   6.1300898E+05   1.8618141E+06   7.1800647E-05   1.5179049E-04   5.2819084E-05
   8.1159420E-01   1.1671716E+06   5.7207767E+05   1.7392357E+06   1.0574816E-04   1.3318135E-04   8.0772488E-05
   8.2608696E-01   1.0840686E+06   5.3783352E+05   1.6218490E+06   2.6184850E-04   1.1065057E-04   1.5066184E-04
   8.4057971E-01   9.9689406E+05   4.9349561E+05   1.4903505E+06   3.5141860E-04   2.5965394E-05   2.2835518E-04
   8.5507246E-01   9.2210133E+05   4.5699228E+05   1.3790679E+06   2.9392378E-04   1.9602540E-04   1.7705769E-04
   8.6956522E-01   8.4233798E+05   4.2064489E+05   1.2629829E+06   3.4114689E-04   2.5042102E-04   2.2333232E-04
   8.8405797E-01   7.6909031E+05   3.8584946E+05   1.1549273E+06   3.2994842E-04   1.9543349E-04   1.6709158E-04
   8.9855072E-01   6.9956206E+05   3.5041655E+05   1.0499786E+06   4.7290555E-04   1.1510379E-04   3.0051976E-04
   9.1304348E-01   6.3192834E+05   3.0945726E+05   9.4138560E+05   6.4665259E-04   2.8181831E-04   3.7252843E-04
   9.2753623E-01   5.6340090E+05   2.7643181E+05   8.3983272E+05   1.6617866E-04   3.1731377E-04   5.9135800E-05
   9.4202899E-01   4.8679336E+05   2.4083203E+05   7.2762539E+05   4.7399803E-04   3.5792240E-04   4.2305845E-04
   9.5652174E-01   4.1410310E+05   1.9830887E+05   6.1240049E+05   6.9979044E-04   1.4977950E-04   5.1302034E-04
   9.7101449E-01   3.3269164E+05   1.5746221E+05   4.9014254E+05   6.9588406E-04   4.2771581E-04   3.6098986E-04
   9.8550725E-01   2.3823018E+05   1.0243931E+05   3.4066950E+05   2.2907318E-04   7.9977449E-04   1.9342349E-04
   1.0000000E+00   1.2609614E+05   4.8385727E+04   1.7448187E+05   1.4908158E-03   2.2373319E-04   1.1067328E-03
