   0.0000000E+00   4.4736774E+06   2.2247149E+06   6.6983923E+06   1.5452965E-02   3.9683422E-06   1.0321915E-02
   1.4492754E-02   4.7404007E+06   2.2785142E+06   7.0189149E+06   4.2205347E-03   9.9102524E-05   2.8239158E-03
   2.8985507E-02   4.6456836E+06   2.2913957E+06   6.9370793E+06   1.0121437E-03   2.7931197E-05   6.7003228E-04
   4.3478261E-02   4.6843282E+06   2.2888699E+06   6.9731981E+06   1.0318281E-03   1.6281422E-06   6.9272409E-04
   5.7971014E-02   4.6331810E+06   2.3029512E+06   6.9361322E+06   1.5991410E-03   2.1950478E-05   1.0630018E-03
   7.2463768E-02   4.6441681E+06   2.2995793E+06   6.9437474E+06   3.2445471E-03   1.5078452E-05   2.1709350E-03
   8.6956522E-02   4.6921581E+06   2.2960684E+06   6.9882266E+06   4.5169818E-04   3.1521548E-05   3.0594536E-04
   1.0144928E-01   4.6656013E+06   2.2986484E+06   6.9642496E+06   8.2494071E-04   1.8114441E-05   5.4986624E-04
   1.1594203E-01   4.6743829E+06   2.2949950E+06   6.9693779E+06   1.3735601E-03   1.6700148E-05   9.2073337E-04
   1.3043478E-01   4.6573022E+06   2.3043614E+06   6.9616637E+06   1.6802970E-03   2.4682954E-05   1.1219163E-03
   1.4492754E-01   4.6201479E+06   2.3031407E+06   6.9232885E+06   7.8024597E-05   2.0029594E-06   5.2458639E-05
   1.5942029E-01   4.6626982E+06   2.3137145E+06   6.9763439E+06   1.3948042E-03   1.9558353E-05   9.2602332E-04
   1.7391304E-01   4.6456205E+06   2.3128649E+06   6.9584854E+06   3.2874533E-04   2.0136458E-06   2.1888626E-04
   1.8840580E-01   4.6301792E+06   2.3490420E+06   6.9792212E+06   8.5275262E-04   6.1813771E-06   5.6717778E-04
   2.0289855E-01   4.6460084E+06   2.3151562E+06   6.9610563E+06   2.3106728E-04   2.3560492E-05   1.6205056E-04
   2.1739130E-01   4.6373485E+06   2.2975081E+06   6.9349072E+06   1.4688547E-03   2.0044986E-05   9.7731294E-04
   2.3188406E-01   4.5951520E+06   2.2823029E+06   6.8774076E+06   3.8271228E-04   1.0733899E-05   2.5913382E-04
   2.4637681E-01   4.5867584E+06   2.2885876E+06   6.8753015E+06   7.2168178E-04   3.8449330E-05   4.8695436E-04
   2.6086957E-01   4.5309286E+06   2.2505200E+06   6.7814486E+06   6.6008416E-04   8.3205879E-06   4.4254893E-04
   2.7536232E-01   4.4861601E+06   2.2517541E+06   6.7378744E+06   3.3936969E-04   3.6159632E-06   2.2639115E-04
   2.8985507E-01   4.4560221E+06   2.2275185E+06   6.6835406E+06   5.0408003E-04   1.9809169E-05   3.3946128E-04
   3.0434783E-01   4.3986254E+06   2.1865755E+06   6.5851648E+06   5.4406241E-04   1.8526780E-05   3.5675554E-04
   3.1884058E-01   4.3553671E+06   2.1618572E+06   6.5172243E+06   5.5544863E-04   2.4583052E-05   3.7662533E-04
   3.3333333E-01   4.2778848E+06   2.1350714E+06   6.4128573E+06   2.1326573E-04   5.8467451E-06   1.3948753E-04
   3.4782609E-01   4.2127318E+06   2.0919216E+06   6.3045902E+06   4.5061546E-04   2.0569733E-05   2.9429162E-04
   3.6231884E-01   4.1215723E+06   2.0570732E+06   6.1784637E+06   6.4524389E-04   1.5842774E-05   4.2454463E-04
   3.7681159E-01   4.0468968E+06   2.0262170E+06   6.0729389E+06   4.7689713E-04   3.7081258E-05   3.2293435E-04
   3.9130435E-01   3.9640574E+06   1.9672248E+06   5.9312541E+06   4.0422619E-04   5.8104725E-06   2.7129279E-04
   4.0579710E-01   3.8957679E+06   1.9419167E+06   5.8376846E+06   1.4511351E-03   5.5102810E-05   9.5762306E-04
   4.2028986E-01   3.7845289E+06   1.8886456E+06   5.6731484E+06   6.1067845E-04   1.3859685E-05   4.0276908E-04
   4.3478261E-01   3.6945473E+06   1.8430935E+06   5.5375902E+06   9.5891518E-04   3.3982278E-05   6.3773208E-04
   4.4927536E-01   3.5815280E+06   1.7974003E+06   5.3788794E+06   3.1632739E-04   3.2345452E-05   2.1254774E-04
   4.6376812E-01   3.4856361E+06   1.7462279E+06   5.2318403E+06   1.9349845E-04   1.1416551E-05   1.2862306E-04
   4.7826087E-01   3.3983113E+06   1.6919112E+06   5.0901995E+06   1.3830160E-03   2.4598887E-05   9.1515147E-04
   4.9275362E-01   3.2849222E+06   1.6414582E+06   4.9262690E+06   6.4031553E-04   2.2500161E-05   4.2258535E-04
   5.0724638E-01   3.1945313E+06   1.6010327E+06   4.7955423E+06   9.2626476E-04   1.7668862E-05   6.2027177E-04
   5.2173913E-01   3.0828307E+06   1.5258712E+06   4.6086598E+06   5.5960865E-04   5.4001399E-05   3.7317773E-04
   5.3623188E-01   2.9816119E+06   1.4874166E+06   4.4690081E+06   4.7361332E-04   4.0281211E-05   3.2223624E-04
   5.5072464E-01   2.8936768E+06   1.4366688E+06   4.3303256E+06   9.0913843E-04   1.1533630E-05   6.0360687E-04
   5.6521739E-01   2.7745014E+06   1.3930503E+06   4.1675323E+06   5.6098954E-04   2.2730679E-05   3.7896806E-04
   5.7971014E-01   2.6744506E+06   1.3373674E+06   4.0117990E+06   1.2703006E-03   1.4390044E-05   8.4513695E-04
   5.9420290E-01   2.5781529E+06   1.2916453E+06   3.8697797E+06   6.2320632E-04   2.7606220E-05   4.1260730E-04
   6.0869565E-01   2.4774562E+06   1.2434820E+06   3.7209201E+06   8.0158707E-04   2.0298622E-05   5.2827693E-04
   6.2318841E-01   2.3790817E+06   1.1934000E+06   3.5725170E+06   3.5844088E-04   5.8160052E-05   2.3675895E-04
   6.3768116E-01   2.2808046E+06   1.1317314E+06   3.4125188E+06   5.1816218E-04   5.0605886E-05   3.4879286E-04
   6.5217391E-01   2.1850095E+06   1.0937676E+06   3.2787603E+06   1.4097375E-03   2.8505846E-05   9.4314873E-04
   6.6666667E-01   2.0836276E+06   1.0460061E+06   3.1295843E+06   4.2021073E-04   4.1254030E-05   2.8574401E-04
   6.8115942E-01   1.9918318E+06   1.0096599E+06   3.0014917E+06   3.5664501E-04   6.0782717E-06   2.3750386E-04
   6.9565217E-01   1.9093070E+06   9.4800752E+05   2.8573145E+06   2.7708701E-04   5.5292959E-05   2.0314533E-04
   7.1014493E-01   1.8013257E+06   9.1491292E+05   2.7162077E+06   3.1621291E-04   6.6624519E-05   2.0647863E-04
   7.2463768E-01   1.7293067E+06   8.6353188E+05   2.5928234E+06   8.0461932E-04   7.0845547E-06   5.3321544E-04
   7.3913043E-01   1.6375878E+06   8.2435808E+05   2.4619311E+06   9.4737056E-04   1.6288772E-05   6.3485931E-04
   7.5362319E-01   1.5506353E+06   7.8055622E+05   2.3311623E+06   4.4997894E-04   2.6076702E-05   2.9774015E-04
   7.6811594E-01   1.4650767E+06   7.3554787E+05   2.2006389E+06   6.8852018E-04   4.7909373E-05   4.6097197E-04
   7.8260870E-01   1.3758253E+06   6.9170134E+05   2.0675126E+06   1.2068021E-03   2.5013377E-05   8.0607381E-04
   7.9710145E-01   1.3004139E+06   6.5265927E+05   1.9530594E+06   1.1738074E-03   8.1798068E-05   8.0810414E-04
   8.1159420E-01   1.2064656E+06   6.1342844E+05   1.8198805E+06   1.0325129E-03   3.4103726E-05   6.9216847E-04
   8.2608696E-01   1.1401012E+06   5.8013384E+05   1.7202218E+06   1.0400828E-03   3.1127228E-05   6.9965617E-04
   8.4057971E-01   1.0585973E+06   5.3957384E+05   1.5981581E+06   2.2396116E-04   6.7611050E-05   1.6764864E-04
   8.5507246E-01   9.7841786E+05   4.9850084E+05   1.4769187E+06   3.7632994E-04   8.7680829E-05   2.7889360E-04
   8.6956522E-01   9.0555848E+05   4.6209309E+05   1.3676389E+06   1.0742802E-03   4.8612126E-05   7.2619219E-04
   8.8405797E-01   8.2206977E+05   4.2424559E+05   1.2463029E+06   1.8733831E-03   6.9051881E-05   1.2417309E-03
   8.9855072E-01   7.4695727E+05   3.8067713E+05   1.1276344E+06   1.1556192E-03   3.9993698E-05   7.7858609E-04
   9.1304348E-01   6.6755399E+05   3.4924445E+05   1.0167864E+06   1.4492162E-03   1.1549121E-04   9.6855850E-04
   9.2753623E-01   5.9278688E+05   3.0352090E+05   8.9629594E+05   2.6015272E-03   7.2438463E-05   1.7363249E-03
   9.4202899E-01   5.1463144E+05   2.6566248E+05   7.8028226E+05   1.1937269E-03   1.0998963E-05   7.8692616E-04
   9.5652174E-01   4.2595134E+05   2.2271718E+05   6.4866852E+05   2.0430591E-03   5.8581560E-05   1.3551136E-03
   9.7101449E-01   3.4218032E+05   1.8418656E+05   5.2635557E+05   4.0946641E-03   1.0721499E-04   2.7060595E-03
   9.8550725E-01   2.4561812E+05   1.3561258E+05   3.8123070E+05   3.8544086E-03   3.3732609E-05   2.4952806E-03
   1.0000000E+00   1.4351588E+05   8.2481143E+04   2.2599702E+05   8.9159452E-03   8.7563973E-05   5.6935366E-03
