   0.0000000E+00   4.1220876E+06   2.1398484E+06   6.2619360E+06   1.2413080E-02   3.0272697E-03   8.7529396E-03
   1.4492754E-02   4.2668153E+06   2.1118121E+06   6.3786274E+06   6.3878311E-03   1.0335684E-03   4.6123448E-03
   2.8985507E-02   4.2300650E+06   2.1561397E+06   6.3862048E+06   1.7988721E-03   9.5914690E-04   1.0247979E-03
   4.3478261E-02   4.1847271E+06   2.1613176E+06   6.3460447E+06   2.2518656E-03   7.3632386E-04   1.7050518E-03
   5.7971014E-02   4.2641632E+06   2.0830181E+06   6.3471813E+06   1.6376479E-03   4.8181975E-04   1.2069091E-03
   7.2463768E-02   4.2648452E+06   2.1554578E+06   6.4203029E+06   1.1913158E-03   3.9264488E-04   6.6796919E-04
   8.6956522E-02   4.2783076E+06   2.1493201E+06   6.4276277E+06   1.3024330E-03   3.3020620E-04   7.9608296E-04
   1.0144928E-01   4.2714699E+06   2.1651785E+06   6.4366484E+06   4.6323513E-04   2.1300423E-04   2.3637906E-04
   1.1594203E-01   4.3493138E+06   2.1642854E+06   6.5135993E+06   7.1632948E-04   1.5235475E-04   4.3637296E-04
   1.3043478E-01   4.3441044E+06   2.1987835E+06   6.5428879E+06   1.4230008E-03   1.3132398E-04   9.8062861E-04
   1.4492754E-01   4.4086636E+06   2.2008462E+06   6.6095098E+06   1.1806650E-03   1.7042189E-04   7.7138448E-04
   1.5942029E-01   4.4424035E+06   2.2310523E+06   6.6734559E+06   3.8114693E-04   7.5382351E-05   2.7892242E-04
   1.7391304E-01   4.4387584E+06   2.2628543E+06   6.7016127E+06   1.2790906E-03   3.5137714E-04   9.1030817E-04
   1.8840580E-01   4.4551420E+06   2.2810206E+06   6.7361043E+06   4.2745763E-04   2.9774510E-04   2.3877879E-04
   2.0289855E-01   4.4627984E+06   2.2853880E+06   6.7481323E+06   1.5266107E-03   2.1332520E-04   9.3766341E-04
   2.1739130E-01   4.5274767E+06   2.3018525E+06   6.8292787E+06   2.1045610E-04   3.8767920E-04   2.2104230E-04
   2.3188406E-01   4.5083438E+06   2.2811663E+06   6.7894628E+06   8.0263176E-04   1.4819827E-04   5.1022552E-04
   2.4637681E-01   4.5133917E+06   2.3111415E+06   6.8244440E+06   4.0571819E-04   2.4563247E-04   1.8998767E-04
   2.6086957E-01   4.4738879E+06   2.2837342E+06   6.7575799E+06   1.4308149E-03   1.5737144E-04   9.9901238E-04
   2.7536232E-01   4.4375852E+06   2.2696208E+06   6.7071262E+06   3.0937081E-04   1.8623099E-04   2.0103787E-04
   2.8985507E-01   4.4395035E+06   2.2665041E+06   6.7058939E+06   8.2278469E-04   1.2764481E-04   5.8131923E-04
   3.0434783E-01   4.4037491E+06   2.2342768E+06   6.6380259E+06   5.5283112E-04   2.4026021E-04   3.8349852E-04
   3.1884058E-01   4.3365270E+06   2.1934755E+06   6.5299681E+06   6.6328275E-04   3.6368664E-05   4.5156367E-04
   3.3333333E-01   4.2623018E+06   2.1608344E+06   6.4230703E+06   5.8379097E-04   7.7450691E-05   3.6661101E-04
   3.4782609E-01   4.2103955E+06   2.1372595E+06   6.3476233E+06   8.5981027E-04   7.3960593E-05   5.7377139E-04
   3.6231884E-01   4.1379091E+06   2.0924747E+06   6.2303838E+06   3.2601386E-04   2.5623884E-04   2.0940431E-04
   3.7681159E-01   4.0700952E+06   2.0619472E+06   6.1319841E+06   4.0505367E-04   2.4145506E-04   3.1441061E-04
   3.9130435E-01   3.9921217E+06   2.0058132E+06   5.9978507E+06   1.6519504E-04   9.4703858E-05   8.3661995E-05
   4.0579710E-01   3.8839147E+06   1.9776657E+06   5.8615262E+06   2.4912165E-04   2.2836920E-04   2.3984783E-04
   4.2028986E-01   3.7911918E+06   1.9198173E+06   5.7109046E+06   8.2494109E-04   7.3117217E-05   5.3705478E-04
   4.3478261E-01   3.6997251E+06   1.8662802E+06   5.5659801E+06   5.4430469E-04   2.1980368E-04   4.3439592E-04
   4.4927536E-01   3.6012291E+06   1.8222101E+06   5.4233903E+06   1.8703297E-04   6.9457383E-05   1.0012793E-04
   4.6376812E-01   3.5038218E+06   1.7598434E+06   5.2636179E+06   1.1114886E-03   5.3311988E-05   7.5640877E-04
   4.7826087E-01   3.3883459E+06   1.7130130E+06   5.1012900E+06   9.2052433E-04   1.7421493E-04   6.4458434E-04
   4.9275362E-01   3.2962883E+06   1.6510637E+06   4.9473297E+06   8.9350258E-04   2.2561231E-04   6.2719394E-04
   5.0724638E-01   3.1633125E+06   1.6127451E+06   4.7760143E+06   2.4238551E-04   9.3375283E-05   1.5828977E-04
   5.2173913E-01   3.0868088E+06   1.5388580E+06   4.6256667E+06   3.1166476E-04   1.3095967E-04   2.4412724E-04
   5.3623188E-01   2.9965209E+06   1.4896079E+06   4.4860674E+06   5.9244038E-04   1.1802901E-04   4.1804848E-04
   5.5072464E-01   2.8661191E+06   1.4433687E+06   4.3094679E+06   4.1299523E-04   1.0029447E-04   2.4880240E-04
   5.6521739E-01   2.7709070E+06   1.3891062E+06   4.1599938E+06   6.3382627E-04   2.9978347E-04   4.4454006E-04
   5.7971014E-01   2.6721584E+06   1.3311350E+06   4.0032744E+06   1.4984355E-04   1.1928639E-04   1.3679977E-04
   5.9420290E-01   2.5794650E+06   1.2811294E+06   3.8605760E+06   1.3295206E-04   8.2379020E-05   7.9643434E-05
   6.0869565E-01   2.4786830E+06   1.2386469E+06   3.7173118E+06   6.5177923E-04   7.8366329E-05   4.6121804E-04
   6.2318841E-01   2.3790289E+06   1.1860341E+06   3.5650454E+06   2.8181254E-04   2.7079364E-04   2.5354791E-04
   6.3768116E-01   2.2808219E+06   1.1324891E+06   3.4132766E+06   4.8854947E-04   6.2370510E-05   3.1982736E-04
   6.5217391E-01   2.1862724E+06   1.0831088E+06   3.2693307E+06   1.8840848E-04   9.0783355E-05   1.5353789E-04
   6.6666667E-01   2.0874657E+06   1.0408831E+06   3.1283324E+06   3.6623252E-04   9.3974805E-05   2.4518078E-04
   6.8115942E-01   2.0012632E+06   9.9515010E+05   2.9963810E+06   2.1821431E-04   3.1292905E-05   1.4816579E-04
   6.9565217E-01   1.9081230E+06   9.5646892E+05   2.8645920E+06   4.9129533E-04   2.1740908E-04   3.8887255E-04
   7.1014493E-01   1.8208876E+06   8.9770147E+05   2.7185737E+06   2.5483101E-04   1.4703159E-04   2.1702634E-04
   7.2463768E-01   1.7401878E+06   8.5433296E+05   2.5945207E+06   7.2462437E-04   2.3870483E-04   5.5269268E-04
   7.3913043E-01   1.6514945E+06   8.1792475E+05   2.4694044E+06   4.9011114E-04   2.7064064E-04   2.4975988E-04
   7.5362319E-01   1.5668975E+06   7.7608265E+05   2.3429801E+06   1.1136246E-03   1.0806678E-04   7.4447593E-04
   7.6811594E-01   1.4896388E+06   7.2998637E+05   2.2196252E+06   6.9594369E-04   2.4776563E-04   4.7715672E-04
   7.8260870E-01   1.3996379E+06   6.9215036E+05   2.0917882E+06   7.5780658E-04   3.8611686E-04   4.6791604E-04
   7.9710145E-01   1.3274031E+06   6.5162599E+05   1.9790291E+06   3.5997709E-04   3.1719224E-04   1.4004575E-04
   8.1159420E-01   1.2465986E+06   6.1126348E+05   1.8578621E+06   8.6774206E-04   4.2831915E-04   6.0052266E-04
   8.2608696E-01   1.1668347E+06   5.7251659E+05   1.7393513E+06   9.1764834E-04   2.1877143E-04   6.7192679E-04
   8.4057971E-01   1.0930613E+06   5.3565451E+05   1.6286897E+06   1.2486490E-03   2.3807743E-04   7.9942418E-04
   8.5507246E-01   1.0222638E+06   5.0198129E+05   1.5242194E+06   3.5005990E-04   2.8651190E-04   3.2808410E-04
   8.6956522E-01   9.3756023E+05   4.5922632E+05   1.3967865E+06   1.3108371E-03   3.9112768E-04   7.8568669E-04
   8.8405797E-01   8.6733522E+05   4.2070534E+05   1.2880281E+06   3.0452358E-05   3.0201760E-04   9.6712900E-05
   8.9855072E-01   7.8375638E+05   3.8319477E+05   1.1669512E+06   4.4553623E-04   3.5576491E-04   3.6093390E-04
   9.1304348E-01   7.0256624E+05   3.4877537E+05   1.0513416E+06   1.0482018E-03   7.8922366E-05   6.7714253E-04
   9.2753623E-01   6.2944239E+05   3.1247167E+05   9.4190222E+05   5.9301169E-04   8.2820698E-05   3.9787737E-04
   9.4202899E-01   5.4800683E+05   2.6825044E+05   8.1625727E+05   9.4016697E-04   2.7141639E-04   7.2000627E-04
   9.5652174E-01   4.5930324E+05   2.3347475E+05   6.9276650E+05   1.3562194E-03   6.2210803E-05   9.0738336E-04
   9.7101449E-01   3.6697075E+05   1.8509132E+05   5.5206207E+05   2.3768008E-03   4.4160064E-04   1.5301436E-03
   9.8550725E-01   2.6383723E+05   1.3473227E+05   3.9856950E+05   3.6032941E-03   6.4896752E-04   2.3568075E-03
   1.0000000E+00   1.4351588E+05   7.6769395E+04   2.2028527E+05   8.9250774E-03   9.3378542E-04   5.6083744E-03
