   0.0000000E+00   2.9426092E+10   1.5129977E+10   4.4526129E+10   3.5442046E-07   6.6938307E-07   6.6802431E-08
   1.4492754E-02   2.3050350E+06   1.0835635E+06   3.3885985E+06   1.1589487E-03   1.0609222E-03   1.0596767E-03
   2.8985507E-02   2.2451738E+06   1.1025069E+06   3.3476807E+06   1.1830716E-03   1.5143026E-03   3.2045756E-04
   4.3478261E-02   2.2507305E+06   1.0810377E+06   3.3317682E+06   1.1364154E-03   1.5895171E-03   4.6796502E-04
   5.7971014E-02   2.2588131E+06   1.0843212E+06   3.3431343E+06   8.3115844E-04   2.5344022E-03   2.7466496E-04
   7.2463768E-02   2.3348898E+06   1.1216018E+06   3.4564917E+06   1.3484126E-03   1.1197616E-03   6.3472542E-04
   8.6956522E-02   2.3396383E+06   1.1198085E+06   3.4594468E+06   8.1890256E-04   9.9264794E-04   6.8479967E-04
   1.0144928E-01   2.3893603E+06   1.1550072E+06   3.5443675E+06   3.2472930E-04   9.7246910E-04   4.1857512E-04
   1.1594203E-01   2.4601816E+06   1.1682405E+06   3.6283274E+06   4.1425801E-04   6.1878121E-04   8.3241459E-05
   1.3043478E-01   2.5110552E+06   1.2001707E+06   3.7111417E+06   8.0639818E-05   3.6379341E-04   1.6152811E-04
   1.4492754E-01   2.5609984E+06   1.2232143E+06   3.7842128E+06   2.8581882E-04   1.3503216E-04   1.5540824E-04
   1.5942029E-01   2.5783024E+06   1.2380729E+06   3.8163753E+06   3.2303483E-04   2.5549707E-04   1.5164969E-04
   1.7391304E-01   2.5781991E+06   1.2415516E+06   3.8196875E+06   2.5160183E-04   2.8435826E-04   9.3369928E-05
   1.8840580E-01   2.5550298E+06   1.2440288E+06   3.7990586E+06   3.7151554E-04   2.6787677E-04   2.0112953E-04
   2.0289855E-01   2.5122219E+06   1.2027987E+06   3.7150206E+06   3.7694521E-04   1.9902746E-04   3.0981128E-04
   2.1739130E-01   2.4017727E+06   1.1603474E+06   3.5621202E+06   1.8895792E-04   3.5159552E-04   1.9384494E-04
   2.3188406E-01   2.3361969E+06   1.1127363E+06   3.4488859E+06   1.2760290E-04   2.2350322E-04   1.1447420E-04
   2.4637681E-01   2.2406719E+06   1.0561958E+06   3.2968677E+06   9.5832310E-05   2.3328158E-04   6.3603474E-05
   2.6086957E-01   2.0967416E+06   9.9284554E+05   3.0895871E+06   3.0827540E-04   3.8042141E-04   2.1867432E-04
   2.7536232E-01   1.9896171E+06   9.4709109E+05   2.9366285E+06   2.5088899E-04   8.7644201E-05   1.4207530E-04
   2.8985507E-01   1.8857035E+06   8.9772854E+05   2.7833942E+06   1.2864564E-04   3.5282911E-04   1.4544841E-04
   3.0434783E-01   1.7720574E+06   8.4458774E+05   2.6166091E+06   4.8288573E-05   2.7652690E-04   1.1838348E-04
   3.1884058E-01   1.6680884E+06   7.8415414E+05   2.4522081E+06   8.3310430E-05   4.1543216E-04   7.8954449E-05
   3.3333333E-01   1.5630131E+06   7.4478927E+05   2.3077365E+06   1.2259404E-04   4.0795190E-04   2.0507803E-04
   3.4782609E-01   1.4832380E+06   6.9951725E+05   2.1827552E+06   2.2127365E-04   4.9738104E-04   2.0288341E-04
   3.6231884E-01   1.3960541E+06   6.5653337E+05   2.0525268E+06   4.2376843E-04   3.4956601E-04   3.8110310E-04
   3.7681159E-01   1.3246403E+06   6.2417102E+05   1.9487530E+06   7.2250980E-05   4.3332048E-04   1.1153294E-04
   3.9130435E-01   1.2531842E+06   5.8065081E+05   1.8338350E+06   1.9090522E-04   3.1925132E-04   1.8578123E-04
   4.0579710E-01   1.1804184E+06   5.4990034E+05   1.7303188E+06   6.1298005E-04   3.4454181E-04   4.8615571E-04
   4.2028986E-01   1.1212413E+06   5.1706384E+05   1.6382528E+06   2.0553677E-04   2.2568427E-04   1.5115528E-04
   4.3478261E-01   1.0562849E+06   4.8245095E+05   1.5387106E+06   3.7657880E-04   7.4145062E-04   3.6694393E-04
   4.4927536E-01   9.8491103E+05   4.6094834E+05   1.4458594E+06   3.5625571E-04   9.3828441E-04   3.2244386E-04
   4.6376812E-01   9.2588319E+05   4.3174416E+05   1.3576273E+06   6.4508183E-05   7.6665682E-04   2.8065584E-04
   4.7826087E-01   8.7256823E+05   4.0242706E+05   1.2749723E+06   1.0692081E-04   5.2644871E-04   2.3872749E-04
   4.9275362E-01   8.0349061E+05   3.7519109E+05   1.1786817E+06   9.3555173E-04   6.5768670E-04   7.3600076E-04
   5.0724638E-01   7.5132840E+05   3.4171759E+05   1.0930460E+06   5.0673391E-04   1.0741041E-03   6.4789096E-04
   5.2173913E-01   7.0061176E+05   3.1584991E+05   1.0164406E+06   9.7930212E-04   8.7350709E-04   9.3155484E-04
   5.3623188E-01   6.3971408E+05   2.9494388E+05   9.3465796E+05   9.4602699E-04   1.1137764E-03   9.6127009E-04
   5.5072464E-01   5.8008731E+05   2.6594564E+05   8.4601301E+05   4.3196598E-04   1.2886140E-03   6.5755658E-04
   5.6521739E-01   5.3962509E+05   2.4338891E+05   7.8301400E+05   8.6419180E-04   1.1554752E-03   9.0817804E-04
   5.7971014E-01   4.8777405E+05   2.2353232E+05   7.1130637E+05   1.1441157E-03   4.8302097E-04   6.3427579E-04
   5.9420290E-01   4.4889430E+05   2.0545753E+05   6.5435183E+05   1.2582614E-03   1.7645511E-03   1.3557032E-03
   6.0869565E-01   4.0394582E+05   1.8265062E+05   5.8659644E+05   1.2557393E-03   8.5645235E-04   1.0340397E-03
   6.2318841E-01   3.7493868E+05   1.6816468E+05   5.4310336E+05   1.5325610E-03   1.6654666E-03   1.4831215E-03
   6.3768116E-01   3.5315696E+05   1.5648985E+05   5.0964681E+05   1.9405721E-03   7.7790522E-04   1.2379801E-03
   6.5217391E-01   3.2181919E+05   1.4476138E+05   4.6658057E+05   2.0549179E-03   4.9279883E-03   2.9450939E-03
   6.6666667E-01   3.0187571E+05   1.3593137E+05   4.3780708E+05   2.5422742E-03   3.7213794E-03   2.9065230E-03
   6.8115942E-01   2.8537653E+05   1.2580041E+05   4.1117694E+05   1.9506962E-03   1.2829725E-03   1.7325556E-03
   6.9565217E-01   2.6320299E+05   1.1847529E+05   3.8167828E+05   7.4347336E-04   3.0748589E-04   5.4044627E-04
   7.1014493E-01   2.4901702E+05   1.1189761E+05   3.6091462E+05   2.4093976E-03   2.3841676E-03   2.3874975E-03
   7.2463768E-01   2.3688364E+05   1.0579520E+05   3.4267884E+05   2.2102132E-03   3.9728350E-03   2.7542394E-03
   7.3913043E-01   2.2596897E+05   9.8446339E+04   3.2441530E+05   2.5479700E-03   2.8030276E-03   2.6015850E-03
   7.5362319E-01   2.1041765E+05   9.3551337E+04   3.0396899E+05   3.4288409E-03   5.0604845E-03   3.9260023E-03
   7.6811594E-01   2.0107186E+05   8.7139719E+04   2.8821158E+05   4.2174416E-03   5.8907710E-03   4.6863800E-03
   7.8260870E-01   1.8857821E+05   8.2845877E+04   2.7142409E+05   3.7071365E-03   5.8297622E-03   4.1536279E-03
   7.9710145E-01   1.7502340E+05   7.5718560E+04   2.5074196E+05   4.3973627E-03   2.6668689E-03   3.8256849E-03
   8.1159420E-01   1.6469948E+05   7.3486927E+04   2.3818641E+05   3.6081057E-03   5.4732390E-03   4.1738159E-03
   8.2608696E-01   1.5304952E+05   6.8741340E+04   2.2179086E+05   3.5329072E-03   6.2154327E-03   3.9175393E-03
   8.4057971E-01   1.4504125E+05   6.3558430E+04   2.0859968E+05   6.2630211E-03   5.9121139E-03   6.1487935E-03
   8.5507246E-01   1.3395243E+05   5.9874041E+04   1.9382648E+05   6.3748879E-03   7.6045236E-03   6.6104508E-03
   8.6956522E-01   1.2661780E+05   5.4519154E+04   1.8113695E+05   7.8311744E-03   4.0374277E-03   6.5962004E-03
   8.8405797E-01   1.1631879E+05   5.1203125E+04   1.6752192E+05   5.4053193E-03   1.0419758E-02   6.7875494E-03
   8.9855072E-01   1.0816080E+05   4.6197495E+04   1.5435830E+05   7.8998539E-03   8.5635407E-03   8.0941664E-03
   9.1304348E-01   9.7351123E+04   4.1410911E+04   1.3876203E+05   7.3150637E-03   7.0782668E-03   7.2443751E-03
   9.2753623E-01   8.8406560E+04   3.8573533E+04   1.2698009E+05   9.4252281E-03   7.4969087E-03   8.8392048E-03
   9.4202899E-01   7.9212627E+04   3.4133123E+04   1.1334575E+05   1.1038669E-02   9.6944782E-03   1.0221509E-02
   9.5652174E-01   6.6451211E+04   2.9597654E+04   9.6048865E+04   1.5015539E-02   1.1389474E-02   1.3782485E-02
   9.7101449E-01   5.3731448E+04   2.3071386E+04   7.6802833E+04   1.1479809E-02   1.7396343E-02   1.3257089E-02
   9.8550725E-01   3.3853001E+04   1.5087875E+04   4.8940875E+04   2.1465069E-02   1.9993556E-02   2.1011405E-02
   1.0000000E+00   1.5034371E+04   6.1931980E+03   2.1227569E+04   3.4802313E-02   3.6055629E-02   3.5104134E-02
