   0.0000000E+00   4.5161106E+06   1.9761773E+06   6.4922879E+06   7.0487830E-03   3.6619269E-06   4.9041071E-03
   1.4492754E-02   4.6714467E+06   2.0655902E+06   6.7370369E+06   1.0038465E-03   4.7960724E-05   7.0924696E-04
   2.8985507E-02   4.7851072E+06   1.9788294E+06   6.7639365E+06   1.9646532E-03   9.4579694E-05   1.4149246E-03
   4.3478261E-02   4.6613435E+06   2.0544767E+06   6.7158202E+06   4.9219718E-04   3.6238667E-06   3.4064245E-04
   5.7971014E-02   4.7246777E+06   2.0494883E+06   6.7741660E+06   7.4642367E-04   4.4124887E-05   5.2665648E-04
   7.2463768E-02   4.6843282E+06   2.0334622E+06   6.7176388E+06   8.5816657E-04   1.3193418E-05   6.0182597E-04
   8.6956522E-02   4.7105964E+06   2.0712732E+06   6.7818696E+06   5.7957863E-04   4.7150853E-05   4.0588920E-04
   1.0144928E-01   4.6825962E+06   2.1074822E+06   6.7899702E+06   4.7151288E-04   2.6683730E-05   3.3342560E-04
   1.1594203E-01   4.6593229E+06   2.1146537E+06   6.7738818E+06   1.6578067E-04   1.0943703E-05   1.1142627E-04
   1.3043478E-01   4.6345701E+06   2.1470890E+06   6.7816591E+06   2.7770863E-05   1.4460275E-05   2.3191943E-05
   1.4492754E-01   4.5871106E+06   2.2113787E+06   6.7984893E+06   6.2382237E-05   5.3698162E-05   5.9233498E-05
   1.5942029E-01   4.5671545E+06   2.2659082E+06   6.8329939E+06   4.5619146E-04   2.3695656E-05   3.0775900E-04
   1.7391304E-01   4.5348646E+06   2.2883648E+06   6.8231663E+06   3.4921497E-04   2.2240368E-05   2.2529271E-04
   1.8840580E-01   4.4656920E+06   2.3298072E+06   6.7952660E+06   7.4264135E-04   1.1137852E-06   4.8767449E-04
   2.0289855E-01   4.4039115E+06   2.3573188E+06   6.7612303E+06   3.2301940E-04   3.0299058E-05   2.1664872E-04
   2.1739130E-01   4.3443065E+06   2.3806571E+06   6.7248626E+06   2.0351225E-04   1.3916655E-05   1.2488032E-04
   2.3188406E-01   4.3243559E+06   2.4031619E+06   6.7273757E+06   8.1919559E-05   2.2309709E-05   6.0562067E-05
   2.4637681E-01   4.2855358E+06   2.4208350E+06   6.7062371E+06   1.2546205E-04   1.4477300E-05   8.4127797E-05
   2.6086957E-01   4.2017762E+06   2.4171379E+06   6.6188720E+06   1.8338323E-04   1.9423890E-05   1.1273954E-04
   2.7536232E-01   4.1528357E+06   2.4235211E+06   6.5761973E+06   4.0983388E-04   1.1738964E-05   2.5632841E-04
   2.8985507E-01   4.0810561E+06   2.4048289E+06   6.4858093E+06   4.0737298E-04   1.7354379E-05   2.6049450E-04
   3.0434783E-01   4.0226436E+06   2.3852108E+06   6.4078183E+06   5.8105797E-04   1.8409013E-05   3.6935096E-04
   3.1884058E-01   3.9623429E+06   2.3650684E+06   6.3273769E+06   4.9920356E-04   5.2956099E-06   3.1311190E-04
   3.3333333E-01   3.9072527E+06   2.3205851E+06   6.2277719E+06   2.1100529E-04   1.1532297E-05   1.2892824E-04
   3.4782609E-01   3.8315271E+06   2.2833132E+06   6.1147456E+06   3.5807680E-04   1.1239331E-05   2.2441886E-04
   3.6231884E-01   3.7706796E+06   2.2362022E+06   6.0067606E+06   2.6936913E-04   2.6007081E-05   1.7331565E-04
   3.7681159E-01   3.7153578E+06   2.1990393E+06   5.9143388E+06   3.0041636E-04   9.4129115E-06   1.9138888E-04
   3.9130435E-01   3.6421315E+06   2.1389503E+06   5.7808854E+06   2.6696544E-04   3.5325489E-05   1.7211507E-04
   4.0579710E-01   3.5728638E+06   2.0951419E+06   5.6678163E+06   2.5280219E-04   2.2948259E-05   1.6767806E-04
   4.2028986E-01   3.4866078E+06   2.0266843E+06   5.5131615E+06   3.4945522E-04   1.7319324E-05   2.1621308E-04
   4.3478261E-01   3.4247677E+06   1.9517276E+06   5.3763438E+06   4.3221590E-04   2.0895267E-05   2.7341954E-04
   4.4927536E-01   3.3735170E+06   1.9037768E+06   5.2771960E+06   3.5737805E-04   3.4442937E-05   2.1603714E-04
   4.6376812E-01   3.2871565E+06   1.8422000E+06   5.1292143E+06   1.3926892E-04   1.5371142E-05   8.5950383E-05
   4.7826087E-01   3.2108748E+06   1.7849291E+06   4.9956661E+06   9.0959410E-05   2.9856154E-05   4.8415047E-05
   4.9275362E-01   3.1503794E+06   1.7102117E+06   4.8605020E+06   4.8810165E-04   1.5326102E-05   3.2028802E-04
   5.0724638E-01   3.0785759E+06   1.6287875E+06   4.7071902E+06   2.6654848E-04   1.5020150E-05   1.6884872E-04
   5.2173913E-01   2.9747058E+06   1.5785760E+06   4.5531345E+06   1.9988675E-04   2.4823678E-06   1.3126886E-04
   5.3623188E-01   2.9066370E+06   1.5039640E+06   4.4105190E+06   6.6202231E-05   1.6107526E-05   3.7946220E-05
   5.5072464E-01   2.8251813E+06   1.4473369E+06   4.2724185E+06   2.4529472E-04   2.2280180E-05   1.6529259E-04
   5.6521739E-01   2.7458240E+06   1.3822089E+06   4.1279746E+06   2.0219087E-04   1.7737458E-05   1.2864301E-04
   5.7971014E-01   2.6713628E+06   1.3321200E+06   4.0034071E+06   4.2296028E-04   6.0897122E-06   2.8301054E-04
   5.9420290E-01   2.5887981E+06   1.2643853E+06   3.8530541E+06   1.8513704E-04   1.0378760E-05   1.2331341E-04
   6.0869565E-01   2.4993403E+06   1.2182782E+06   3.7175644E+06   1.1832445E-04   3.4406955E-05   6.8364919E-05
   6.2318841E-01   2.4277355E+06   1.1569229E+06   3.5846584E+06   5.8278510E-05   8.0025231E-06   4.2016047E-05
   6.3768116E-01   2.3327096E+06   1.0998031E+06   3.4324611E+06   9.3841023E-05   2.2507283E-05   6.8788554E-05
   6.5217391E-01   2.2424291E+06   1.0599726E+06   3.3022165E+06   2.7440890E-04   7.2364635E-06   1.8422696E-04
   6.6666667E-01   2.1643925E+06   9.9606134E+05   3.1603879E+06   2.5515644E-04   3.8045465E-05   1.6566827E-04
   6.8115942E-01   2.0750861E+06   9.5524801E+05   3.0302374E+06   3.8134843E-04   2.4706516E-05   2.6227288E-04
   6.9565217E-01   1.9990514E+06   9.0808427E+05   2.9070410E+06   1.5715989E-04   2.1996774E-05   1.1234012E-04
   7.1014493E-01   1.9150326E+06   8.5983010E+05   2.7748472E+06   3.6820129E-04   1.1584585E-05   2.5507355E-04
   7.2463768E-01   1.8221900E+06   8.1323332E+05   2.6353930E+06   2.7283729E-04   3.5203487E-05   1.8523383E-04
   7.3913043E-01   1.7267185E+06   7.6885016E+05   2.4955092E+06   6.9087499E-04   4.5880130E-06   4.7843986E-04
   7.5362319E-01   1.6628969E+06   7.2378425E+05   2.3866665E+06   4.6534430E-04   3.6422892E-05   3.2998059E-04
   7.6811594E-01   1.5764640E+06   6.8598045E+05   2.2624159E+06   2.0431020E-04   3.8935162E-05   1.3223819E-04
   7.8260870E-01   1.4951267E+06   6.4745793E+05   2.1425426E+06   1.2235556E-04   8.2651624E-06   8.3013765E-05
   7.9710145E-01   1.4183040E+06   6.0292419E+05   2.0212006E+06   6.1875451E-04   1.8334338E-05   4.2887231E-04
   8.1159420E-01   1.3461463E+06   5.7240241E+05   1.9185352E+06   1.3899812E-04   2.3654153E-05   1.0260914E-04
   8.2608696E-01   1.2600762E+06   5.3407143E+05   1.7941344E+06   2.2983254E-04   3.7633122E-05   1.5059147E-04
   8.4057971E-01   1.1931087E+06   4.9008580E+05   1.6831683E+06   4.9160348E-04   4.1544377E-05   3.4865820E-04
   8.5507246E-01   1.1133849E+06   4.5994617E+05   1.5733054E+06   2.5272258E-04   3.9149297E-05   1.8489439E-04
   8.6956522E-01   1.0370132E+06   4.2510291E+05   1.4620908E+06   5.3711961E-04   1.7175873E-05   3.8290404E-04
   8.8405797E-01   9.6798998E+05   3.8309179E+05   1.3510445E+06   7.8294701E-04   3.8409717E-05   5.6070804E-04
   8.9855072E-01   8.9269936E+05   3.5083208E+05   1.2435192E+06   7.8571898E-04   7.6773445E-06   5.6198806E-04
   9.1304348E-01   8.2089344E+05   3.1649338E+05   1.1373748E+06   4.2931540E-04   6.3841569E-05   3.2761153E-04
   9.2753623E-01   7.4876224E+05   2.7348374E+05   1.0222223E+06   5.3700611E-04   3.2657472E-05   4.0142705E-04
   9.4202899E-01   6.7124978E+05   2.3787103E+05   9.0910916E+05   5.7089784E-04   1.5624633E-05   4.2111961E-04
   9.5652174E-01   5.7645392E+05   1.9577161E+05   7.7222553E+05   7.9897527E-04   1.2507967E-04   5.9811826E-04
   9.7101449E-01   4.7125567E+05   1.4704615E+05   6.1830182E+05   3.4223401E-04   2.7582798E-05   2.5442615E-04
   9.8550725E-01   3.0164606E+05   9.3313044E+04   3.9495910E+05   1.6302791E-03   4.0184698E-05   1.2501968E-03
   1.0000000E+00   1.2990397E+05   4.1623543E+04   1.7152751E+05   1.1173493E-03   4.3164556E-04   7.7544539E-04
