   0.0000000E+00   3.9038594E+06   2.4065717E+06   6.3104311E+06   6.1484658E-03   1.4282811E-03   4.3481088E-03
   1.4492754E-02   4.0152467E+06   2.1671269E+06   6.1823736E+06   1.4757384E-03   2.7532159E-04   9.6625298E-04
   2.8985507E-02   4.0194142E+06   2.1318922E+06   6.1513064E+06   5.6893939E-04   3.4987410E-04   2.9995825E-04
   4.3478261E-02   4.0170147E+06   2.1496990E+06   6.1667137E+06   1.7946507E-03   1.5278338E-04   1.1313571E-03
   5.7971014E-02   4.0167622E+06   2.1561397E+06   6.1727125E+06   3.4356792E-04   8.6374652E-05   2.5301194E-04
   7.2463768E-02   4.0334324E+06   2.1968302E+06   6.2302626E+06   2.8952480E-04   1.7699956E-04   1.3919414E-04
   8.6956522E-02   4.0321695E+06   2.1873332E+06   6.2195027E+06   7.3081062E-04   4.4053984E-04   5.2345235E-04
   1.0144928E-01   4.0256385E+06   2.1921322E+06   6.2176625E+06   1.3003855E-03   9.3091727E-05   8.2341491E-04
   1.1594203E-01   4.0063433E+06   2.1978153E+06   6.2041585E+06   9.4469241E-04   6.6373770E-05   6.3102639E-04
   1.3043478E-01   3.9828324E+06   2.2082973E+06   6.1911297E+06   6.6874347E-04   5.1841954E-05   4.4546676E-04
   1.4492754E-01   3.9987280E+06   2.2331258E+06   6.2318538E+06   1.1131884E-03   5.0131120E-05   7.1882762E-04
   1.5942029E-01   4.0041562E+06   2.2623951E+06   6.2664824E+06   9.1057588E-04   9.1411214E-05   5.8152994E-04
   1.7391304E-01   3.9927672E+06   2.2796508E+06   6.2723548E+06   4.9914774E-04   1.6204971E-04   3.4892974E-04
   1.8840580E-01   4.0162959E+06   2.3105140E+06   6.3267516E+06   7.3254080E-04   9.8288402E-05   5.0089256E-04
   2.0289855E-01   3.9863986E+06   2.3266846E+06   6.3129749E+06   4.9103218E-04   2.0491261E-05   3.0973599E-04
   2.1739130E-01   3.9588206E+06   2.3291815E+06   6.2879011E+06   3.4023207E-04   2.6807434E-05   2.2049124E-04
   2.3188406E-01   3.9439247E+06   2.3362916E+06   6.2801690E+06   6.2424299E-04   3.1837870E-05   4.0015776E-04
   2.4637681E-01   3.9000707E+06   2.3538421E+06   6.2537791E+06   1.1280488E-04   9.3543121E-05   9.2728257E-05
   2.6086957E-01   3.8624786E+06   2.3531934E+06   6.2155035E+06   4.1347508E-04   4.8014529E-05   2.5781807E-04
   2.7536232E-01   3.8427220E+06   2.3485450E+06   6.1912670E+06   5.7061721E-04   6.0121249E-05   3.7252593E-04
   2.8985507E-01   3.8070585E+06   2.3285248E+06   6.1353939E+06   6.6428923E-04   1.0887063E-04   3.8367750E-04
   3.0434783E-01   3.7808896E+06   2.2989009E+06   6.0795379E+06   4.9854582E-04   1.4960170E-04   3.6661389E-04
   3.1884058E-01   3.7249991E+06   2.2822340E+06   6.0071642E+06   2.1814387E-04   2.9794731E-05   1.4613651E-04
   3.3333333E-01   3.6725850E+06   2.2435595E+06   5.9160127E+06   1.1170982E-04   4.5617302E-05   8.6641821E-05
   3.4782609E-01   3.6343577E+06   2.1928268E+06   5.8271530E+06   2.7588329E-04   1.8170534E-04   2.3315886E-04
   3.6231884E-01   3.5817001E+06   2.1613984E+06   5.7430985E+06   8.1396441E-05   1.2369702E-04   9.6773737E-05
   3.7681159E-01   3.5230093E+06   2.1181072E+06   5.6410290E+06   4.6617186E-04   5.4633813E-05   3.0657573E-04
   3.9130435E-01   3.4720898E+06   2.0833549E+06   5.5553325E+06   1.4160957E-04   6.1906615E-05   8.4464228E-05
   4.0579710E-01   3.4220742E+06   2.0356596E+06   5.4577338E+06   7.3952115E-04   9.7806178E-05   4.7985460E-04
   4.2028986E-01   3.3584458E+06   1.9661177E+06   5.3245112E+06   5.7537707E-04   4.3063935E-05   3.5803008E-04
   4.3478261E-01   3.3019386E+06   1.9270507E+06   5.2289135E+06   3.1874077E-04   1.0465793E-04   1.9274577E-04
   4.4927536E-01   3.2277383E+06   1.8674298E+06   5.0950459E+06   3.5298606E-04   1.5832419E-04   2.2017693E-04
   4.6376812E-01   3.1616563E+06   1.8015900E+06   4.9631516E+06   6.5167161E-04   5.3482974E-05   4.2044463E-04
   4.7826087E-01   3.1078455E+06   1.7453202E+06   4.8530509E+06   2.4913038E-04   7.3605965E-05   1.4985002E-04
   4.9275362E-01   3.0201824E+06   1.6854070E+06   4.7055448E+06   2.2002101E-04   1.2744010E-04   1.8606042E-04
   5.0724638E-01   2.9688340E+06   1.6251287E+06   4.5937895E+06   9.2934862E-05   1.2982820E-04   7.7346727E-05
   5.2173913E-01   2.9164654E+06   1.5614006E+06   4.4778449E+06   3.3160060E-04   1.9965911E-05   2.2239298E-04
   5.3623188E-01   2.8301056E+06   1.5136712E+06   4.3436948E+06   1.3452007E-04   9.2769304E-05   6.2621086E-05
   5.5072464E-01   2.7657588E+06   1.4549541E+06   4.2206731E+06   4.6672248E-04   8.7909865E-05   2.9481096E-04
   5.6521739E-01   2.6964351E+06   1.3997145E+06   4.0961497E+06   3.8631301E-04   8.3798121E-05   2.2734098E-04
   5.7971014E-01   2.6307481E+06   1.3434482E+06   3.9741963E+06   3.4449714E-04   6.5016483E-05   2.1037675E-04
   5.9420290E-01   2.5664357E+06   1.2806120E+06   3.8469737E+06   3.4820557E-04   6.4722023E-05   2.5485241E-04
   6.0869565E-01   2.5103095E+06   1.2292293E+06   3.7394486E+06   5.3954642E-04   4.6651557E-05   3.7508966E-04
   6.2318841E-01   2.4290923E+06   1.1655929E+06   3.5946323E+06   2.1226958E-04   1.1272828E-04   1.2620649E-04
   6.3768116E-01   2.3610558E+06   1.1118236E+06   3.4728794E+06   4.4995072E-04   6.3053466E-05   2.9478614E-04
   6.5217391E-01   2.2923555E+06   1.0715239E+06   3.3638120E+06   4.5115605E-04   1.1925741E-04   3.4458769E-04
   6.6666667E-01   2.2210086E+06   1.0279357E+06   3.2489443E+06   1.4455605E-04   1.5293568E-04   9.9098755E-05
   6.8115942E-01   2.1531975E+06   9.7736747E+05   3.1305649E+06   5.4105593E-04   6.7801719E-05   3.8485731E-04
   6.9565217E-01   2.0851809E+06   9.3073744E+05   3.0158867E+06   3.2216045E-04   1.9582220E-04   2.0519365E-04
   7.1014493E-01   2.0038115E+06   8.8124776E+05   2.8850128E+06   3.3019227E-04   6.5180172E-05   2.4715452E-04
   7.2463768E-01   1.9438522E+06   8.3572294E+05   2.7795297E+06   3.0406755E-04   2.8144090E-04   1.3179101E-04
   7.3913043E-01   1.8750120E+06   7.9345431E+05   2.6684366E+06   5.7825646E-04   7.2007648E-05   4.1534712E-04
   7.5362319E-01   1.8119524E+06   7.4860013E+05   2.5605380E+06   7.6939165E-04   4.8138366E-05   5.5659734E-04
   7.6811594E-01   1.7404211E+06   7.1007076E+05   2.4504061E+06   1.6289367E-04   1.8825053E-04   6.7301414E-05
   7.8260870E-01   1.6590224E+06   6.6849214E+05   2.3275005E+06   8.7769301E-04   1.1786257E-04   5.9277144E-04
   7.9710145E-01   1.6053134E+06   6.3389496E+05   2.2391946E+06   1.2544713E-04   2.0697066E-04   1.3332837E-04
   8.1159420E-01   1.5175571E+06   5.8876140E+05   2.1063185E+06   1.1726663E-04   9.7009450E-05   1.1105547E-04
   8.2608696E-01   1.4495636E+06   5.5390552E+05   2.0034292E+06   2.0005058E-04   2.4735907E-04   1.7788093E-04
   8.4057971E-01   1.3788064E+06   5.1597949E+05   1.8947206E+06   3.4142524E-04   8.8021798E-05   2.5124518E-04
   8.5507246E-01   1.3074682E+06   4.7246809E+05   1.7799106E+06   6.2656634E-04   2.3779183E-04   4.0509658E-04
   8.6956522E-01   1.2195898E+06   4.3787077E+05   1.6574480E+06   1.6560996E-04   2.0344098E-04   9.2133547E-05
   8.8405797E-01   1.1553745E+06   4.0179919E+05   1.5571489E+06   1.5022681E-04   1.1653554E-04   1.3585989E-04
   8.9855072E-01   1.0646934E+06   3.6250367E+05   1.4271848E+06   7.8514421E-04   1.4655957E-04   5.5973306E-04
   9.1304348E-01   9.7455762E+05   3.2165321E+05   1.2962108E+06   8.2596824E-04   7.1023171E-05   6.1718003E-04
   9.2753623E-01   8.7258115E+05   2.8185437E+05   1.1544355E+06   4.1569604E-04   2.2648399E-04   3.1976555E-04
   9.4202899E-01   7.5278225E+05   2.4649757E+05   9.9927982E+05   1.3979058E-04   1.0809864E-04   1.1765214E-04
   9.5652174E-01   6.2823260E+05   2.0363599E+05   8.3186859E+05   6.2956803E-04   4.0630781E-04   5.6943927E-04
   9.7101449E-01   4.7686518E+05   1.5595804E+05   6.3281192E+05   1.1912715E-03   5.1538557E-04   8.9726352E-04
   9.8550725E-01   3.1434929E+05   1.0553712E+05   4.1988641E+05   1.3108349E-03   2.3997980E-04   9.2426708E-04
   1.0000000E+00   1.5997271E+05   5.2696893E+04   2.1266961E+05   2.2543087E-03   1.0081649E-03   1.8326074E-03
