   0.0000000E+00   3.9584164E+06   1.9701154E+06   5.9285318E+06   4.8280449E-03   4.6540587E-03   4.1772725E-03
   1.4492754E-02   3.8697612E+06   1.9814814E+06   5.8512427E+06   2.3676335E-03   1.1996927E-03   1.3460031E-03
   2.8985507E-02   3.8383152E+06   1.9530663E+06   5.7913815E+06   1.0336282E-03   1.3718019E-04   6.7618369E-04
   4.3478261E-02   3.9632154E+06   1.9658215E+06   5.9290370E+06   9.5197752E-04   2.4424080E-04   5.6333123E-04
   5.7971014E-02   3.8843477E+06   1.9748512E+06   5.8591989E+06   5.6183298E-04   3.4723018E-04   4.6832452E-04
   7.2463768E-02   3.9128007E+06   2.0302797E+06   5.9430804E+06   6.4312412E-04   1.1091570E-03   3.8443423E-04
   8.6956522E-02   3.9460401E+06   1.9922160E+06   5.9382561E+06   2.9067401E-04   6.5390061E-04   4.0859709E-04
   1.0144928E-01   4.0287777E+06   2.0110332E+06   6.0398109E+06   1.0019127E-03   3.3274998E-04   7.4800916E-04
   1.1594203E-01   4.0923464E+06   2.0517615E+06   6.1441079E+06   8.5006659E-04   3.9990762E-04   6.9367173E-04
   1.3043478E-01   4.1759711E+06   2.0907639E+06   6.2666508E+06   2.7463549E-04   6.1733142E-04   9.2943403E-05
   1.4492754E-01   4.2321867E+06   2.1203746E+06   6.3526370E+06   5.3885912E-04   5.8085653E-04   5.4878410E-04
   1.5942029E-01   4.3106262E+06   2.1924767E+06   6.5031029E+06   1.8124115E-04   3.7956430E-04   8.6136961E-06
   1.7391304E-01   4.4446940E+06   2.2279353E+06   6.6725030E+06   4.9283382E-05   3.1140387E-04   9.2583177E-05
   1.8840580E-01   4.4772912E+06   2.2386456E+06   6.7158785E+06   4.5384543E-04   2.1590616E-04   3.4662100E-04
   2.0289855E-01   4.5413324E+06   2.2916122E+06   6.8327823E+06   3.7137674E-04   2.2476816E-04   3.1943450E-04
   2.1739130E-01   4.6037050E+06   2.3258980E+06   6.9295020E+06   2.1918107E-04   2.0811653E-04   1.7677166E-04
   2.3188406E-01   4.6599385E+06   2.3285248E+06   6.9883686E+06   1.8310248E-04   3.0988331E-04   1.6643476E-04
   2.4637681E-01   4.6694855E+06   2.3550010E+06   7.0244419E+06   2.9854768E-04   2.4669384E-04   2.4901455E-04
   2.6086957E-01   4.6931684E+06   2.3487311E+06   7.0416470E+06   2.5478704E-04   1.1462573E-04   1.6741855E-04
   2.7536232E-01   4.7181870E+06   2.3518950E+06   7.0699225E+06   7.7224952E-05   2.1161296E-04   1.1362862E-04
   2.8985507E-01   4.6709162E+06   2.3310632E+06   7.0019416E+06   2.0498947E-04   2.8234604E-04   2.2780780E-04
   3.0434783E-01   4.6318639E+06   2.3350558E+06   6.9667032E+06   2.2453356E-04   3.9161982E-04   5.5552979E-05
   3.1884058E-01   4.5533086E+06   2.2971132E+06   6.8503874E+06   4.1116569E-04   2.6657354E-04   3.6185813E-04
   3.3333333E-01   4.4911053E+06   2.2744290E+06   6.7653696E+06   1.5812934E-04   3.5866561E-04   4.1212512E-05
   3.4782609E-01   4.4231616E+06   2.2462473E+06   6.6693457E+06   3.1711491E-04   3.3007835E-04   3.1709071E-04
   3.6231884E-01   4.3604412E+06   2.1877374E+06   6.5481483E+06   1.7790884E-04   3.2291114E-04   2.2099545E-04
   3.7681159E-01   4.2683599E+06   2.1577718E+06   6.4260151E+06   4.8554167E-05   3.2998580E-04   1.3343291E-04
   3.9130435E-01   4.1578696E+06   2.1029719E+06   6.2607292E+06   2.7955637E-04   2.3220945E-04   1.4003751E-04
   4.0579710E-01   4.0634442E+06   2.0494612E+06   6.1127160E+06   2.0005998E-04   5.6046207E-04   7.6457154E-05
   4.2028986E-01   3.9344563E+06   1.9922204E+06   5.9265199E+06   1.5653287E-04   1.4756446E-04   7.5190771E-05
   4.3478261E-01   3.8185382E+06   1.9220244E+06   5.7403858E+06   3.7466402E-04   2.6073957E-04   2.1844348E-04
   4.4927536E-01   3.7159651E+06   1.8700208E+06   5.5859126E+06   1.0519769E-04   1.5096489E-04   1.0182828E-04
   4.6376812E-01   3.5957210E+06   1.7933733E+06   5.3890233E+06   4.9939065E-05   1.6192038E-04   8.2074664E-05
   4.7826087E-01   3.4681838E+06   1.7486266E+06   5.2166497E+06   1.7584987E-04   3.7609256E-04   4.2149829E-05
   4.9275362E-01   3.3635709E+06   1.6846047E+06   5.0481086E+06   3.7872692E-04   2.9668905E-04   3.1635252E-04
   5.0724638E-01   3.2298418E+06   1.6114894E+06   4.8412663E+06   6.4910005E-04   1.1154272E-04   4.1689616E-04
   5.2173913E-01   3.1172235E+06   1.5705987E+06   4.6877590E+06   2.2016671E-04   3.6698570E-04   2.6804448E-04
   5.3623188E-01   2.9874486E+06   1.5072611E+06   4.4946278E+06   2.0981436E-04   1.0570031E-04   1.1129927E-04
   5.5072464E-01   2.8691301E+06   1.4407964E+06   4.3098268E+06   1.3640693E-04   5.6324513E-04   1.7132734E-04
   5.6521739E-01   2.7506425E+06   1.3824420E+06   4.1329873E+06   1.5520057E-04   2.5841422E-04   8.2760575E-05
   5.7971014E-01   2.6579887E+06   1.3315707E+06   3.9894458E+06   1.6716527E-04   1.9511257E-04   1.7260551E-04
   5.9420290E-01   2.5320049E+06   1.2750860E+06   3.8070724E+06   2.3504472E-04   3.5734154E-04   2.6817353E-04
   6.0869565E-01   2.4354920E+06   1.2259097E+06   3.6613656E+06   1.7312278E-04   1.7882231E-04   1.2748184E-04
   6.2318841E-01   2.3311681E+06   1.1647823E+06   3.4958799E+06   2.0049138E-04   3.7752441E-04   2.4934800E-04
   6.3768116E-01   2.2302085E+06   1.1101015E+06   3.3402583E+06   1.2129128E-04   4.9737018E-04   1.7491894E-04
   6.5217391E-01   2.1235992E+06   1.0696716E+06   3.1932034E+06   4.5902617E-04   4.4921018E-04   3.9714331E-04
   6.6666667E-01   2.0326122E+06   1.0189252E+06   3.0515045E+06   2.1939481E-04   1.2418786E-04   1.7697916E-04
   6.8115942E-01   1.9455131E+06   9.6872605E+05   2.9142392E+06   3.4302114E-04   2.7164181E-04   2.9478739E-04
   6.9565217E-01   1.8528872E+06   9.1777699E+05   2.7705695E+06   3.3562310E-04   2.8959991E-04   2.8082870E-04
   7.1014493E-01   1.7700420E+06   8.8149519E+05   2.6515062E+06   6.0504320E-05   2.7565518E-04   9.6686391E-05
   7.2463768E-01   1.6734312E+06   8.3022178E+05   2.5036378E+06   2.8358926E-04   2.8486461E-04   2.4936487E-04
   7.3913043E-01   1.5901921E+06   7.9372175E+05   2.3838990E+06   1.9066427E-04   2.2850264E-04   5.3987972E-05
   7.5362319E-01   1.5077649E+06   7.4813383E+05   2.2558841E+06   5.5401006E-04   3.1088478E-04   4.6084863E-04
   7.6811594E-01   1.4231010E+06   7.0825505E+05   2.1312988E+06   2.4367711E-04   6.8559211E-04   3.9031014E-04
   7.8260870E-01   1.3470874E+06   6.7129857E+05   2.0183439E+06   8.5681423E-05   6.2825022E-04   1.6915136E-04
   7.9710145E-01   1.2754224E+06   6.3359186E+05   1.9089729E+06   5.3319036E-04   3.4806442E-04   4.6989905E-04
   8.1159420E-01   1.1988477E+06   5.9196825E+05   1.7908024E+06   6.8739263E-04   2.8180964E-04   4.4679419E-04
   8.2608696E-01   1.1262493E+06   5.5680353E+05   1.6830262E+06   5.5014250E-04   5.4881086E-04   5.3788643E-04
   8.4057971E-01   1.0484332E+06   5.2005559E+05   1.5684757E+06   1.5342227E-04   3.0971458E-04   2.4144773E-05
   8.5507246E-01   9.7568230E+05   4.8820076E+05   1.4638702E+06   5.2116028E-04   2.2943254E-04   2.7164690E-04
   8.6956522E-01   9.0625307E+05   4.4817599E+05   1.3543912E+06   2.6712638E-04   3.6993705E-04   3.0083192E-04
   8.8405797E-01   8.3006948E+05   4.1018398E+05   1.2402535E+06   4.4113136E-04   3.8175332E-04   4.1501966E-04
   8.9855072E-01   7.5387467E+05   3.7554408E+05   1.1294187E+06   3.3820051E-04   1.2054889E-04   1.8631410E-04
   9.1304348E-01   6.8616064E+05   3.3508800E+05   1.0212486E+06   1.2850600E-04   1.9101588E-04   7.1616712E-05
   9.2753623E-01   6.0611831E+05   2.9769580E+05   9.0380227E+05   4.1766565E-04   1.5604318E-04   3.1404090E-04
   9.4202899E-01   5.2703501E+05   2.5860970E+05   7.8564471E+05   4.0775425E-04   6.6176847E-04   2.4224725E-04
   9.5652174E-01   4.4351706E+05   2.2175279E+05   6.6526985E+05   6.0978433E-04   4.9265091E-04   5.3206270E-04
   9.7101449E-01   3.4785769E+05   1.7066040E+05   5.1851808E+05   3.5121567E-04   6.5990597E-04   3.8959352E-04
   9.8550725E-01   2.3314889E+05   1.1568856E+05   3.4883745E+05   3.0303085E-04   8.0763043E-04   2.5732915E-04
   1.0000000E+00   1.0690379E+05   5.3419068E+04   1.6032286E+05   1.2661167E-03   6.1238169E-04   1.0354172E-03
