   0.0000000E+00   4.1827065E+06   2.0489200E+06   6.2316265E+06   3.7600268E-03   1.1198885E-04   2.4944393E-03
   1.4492754E-02   4.2698462E+06   1.9723886E+06   6.2422348E+06   1.0727000E-03   4.7816949E-04   7.2029763E-04
   2.8985507E-02   4.2724983E+06   2.0114120E+06   6.2839103E+06   1.6636836E-03   1.1948500E-04   1.0974710E-03
   4.3478261E-02   4.2319594E+06   2.0138115E+06   6.2457709E+06   4.2209383E-04   7.4141549E-05   2.9203664E-04
   5.7971014E-02   4.2531760E+06   1.9858384E+06   6.2390144E+06   4.2325838E-04   9.3521737E-05   2.6446191E-04
   7.2463768E-02   4.2105912E+06   2.0131548E+06   6.2237460E+06   4.0345961E-04   4.6541703E-05   2.6487532E-04
   8.6956522E-02   4.3204883E+06   2.0239147E+06   6.3441504E+06   5.1947418E-04   4.5866132E-05   3.3942146E-04
   1.0144928E-01   4.3516818E+06   2.0648325E+06   6.4166225E+06   2.0274188E-04   3.2803006E-05   1.3377457E-04
   1.1594203E-01   4.3948728E+06   2.1102019E+06   6.5050747E+06   1.8661125E-04   7.4953245E-05   1.2445046E-04
   1.3043478E-01   4.4485879E+06   2.1744517E+06   6.6230396E+06   3.9942653E-04   1.1404611E-04   2.5010958E-04
   1.4492754E-01   4.5282344E+06   2.2013766E+06   6.7296110E+06   2.6929420E-04   4.2116811E-05   1.8030677E-04
   1.5942029E-01   4.5630214E+06   2.2453116E+06   6.8082641E+06   1.6242579E-04   5.1226817E-05   1.0233646E-04
   1.7391304E-01   4.6410740E+06   2.2894382E+06   6.9304491E+06   1.0217803E-04   2.1922000E-05   6.5107056E-05
   1.8840580E-01   4.6819384E+06   2.3189657E+06   7.0006709E+06   4.5108585E-04   1.7382028E-05   2.9616274E-04
   2.0289855E-01   4.7045706E+06   2.3562905E+06   7.0608069E+06   3.1961174E-04   3.0564985E-05   2.2271272E-04
   2.1739130E-01   4.7280243E+06   2.3981356E+06   7.1260589E+06   1.4173718E-04   6.7290591E-05   8.1702342E-05
   2.3188406E-01   4.7167688E+06   2.4227210E+06   7.1393950E+06   6.6267473E-05   3.3075215E-05   5.4178070E-05
   2.4637681E-01   4.7365229E+06   2.4404916E+06   7.1768361E+06   6.7983942E-05   5.2491652E-05   2.7591668E-05
   2.6086957E-01   4.7127854E+06   2.4244206E+06   7.1370376E+06   1.8100491E-04   3.2109082E-05   1.2425027E-04
   2.7536232E-01   4.6945377E+06   2.4196526E+06   7.1140308E+06   1.2021685E-04   3.6128027E-05   6.9328205E-05
   2.8985507E-01   4.6593608E+06   2.4208172E+06   7.0799885E+06   1.1369580E-04   2.0334495E-05   7.8742776E-05
   3.0434783E-01   4.6121628E+06   2.3911283E+06   7.0028581E+06   1.5368181E-04   1.3574788E-05   9.7355802E-05
   3.1884058E-01   4.5511043E+06   2.3656539E+06   6.9165860E+06   8.3567224E-05   4.9743724E-05   6.2752614E-05
   3.3333333E-01   4.5198334E+06   2.3287554E+06   6.8483912E+06   2.9264857E-04   3.1746634E-05   1.8245597E-04
   3.4782609E-01   4.4459253E+06   2.2979944E+06   6.7436986E+06   1.7129106E-04   1.6876606E-05   1.1159117E-04
   3.6231884E-01   4.3604412E+06   2.2438099E+06   6.6041905E+06   1.0660869E-04   1.9153014E-05   7.5919550E-05
   3.7681159E-01   4.2847387E+06   2.2042269E+06   6.4888781E+06   6.6855846E-05   3.6055635E-05   4.1868891E-05
   3.9130435E-01   4.1799843E+06   2.1355265E+06   6.3153704E+06   2.2981963E-04   2.9979714E-05   1.5670299E-04
   4.0579710E-01   4.0770564E+06   2.0773081E+06   6.1541479E+06   1.0621030E-04   2.4858677E-05   6.3351198E-05
   4.2028986E-01   3.9770202E+06   2.0193421E+06   5.9960226E+06   1.3251750E-04   2.6813853E-05   8.1653423E-05
   4.3478261E-01   3.8693571E+06   1.9726159E+06   5.8417204E+06   1.2148255E-04   1.4911731E-05   8.4466915E-05
   4.4927536E-01   3.7508944E+06   1.9145562E+06   5.6651817E+06   5.4630814E-05   3.3000258E-05   2.7256553E-05
   4.6376812E-01   3.6315241E+06   1.8441890E+06   5.4755947E+06   1.6077037E-04   2.6760789E-05   1.1559896E-04
   4.7826087E-01   3.5087571E+06   1.7615771E+06   5.2701734E+06   1.3482174E-04   2.6401966E-05   9.8477365E-05
   4.9275362E-01   3.3988056E+06   1.7031469E+06   5.1017965E+06   1.1738556E-04   1.1322974E-05   8.1855887E-05
   5.0724638E-01   3.2834895E+06   1.6409979E+06   4.9243575E+06   1.2305552E-04   2.2939145E-05   7.7877461E-05
   5.2173913E-01   3.1647294E+06   1.5749978E+06   4.7396430E+06   7.3735299E-05   1.5566242E-05   4.7094363E-05
   5.3623188E-01   3.0425790E+06   1.5206956E+06   4.5630494E+06   6.2232723E-05   4.2948654E-05   4.5467853E-05
   5.5072464E-01   2.9255416E+06   1.4529402E+06   4.3783421E+06   3.9262247E-05   3.2060762E-05   2.8745152E-05
   5.6521739E-01   2.8262801E+06   1.3779733E+06   4.2042340E+06   2.3619767E-04   1.8141021E-05   1.6014584E-04
   5.7971014E-01   2.6899084E+06   1.3259824E+06   4.0157960E+06   1.0338865E-04   2.5685698E-05   6.8837126E-05
   5.9420290E-01   2.5681544E+06   1.2625187E+06   3.8305622E+06   5.0277408E-05   2.6725542E-05   4.1448217E-05
   6.0869565E-01   2.4702035E+06   1.2112240E+06   3.6812833E+06   1.1270498E-04   3.4579041E-06   7.6174083E-05
   6.2318841E-01   2.3665350E+06   1.1580155E+06   3.5244624E+06   2.1386785E-04   1.4046976E-05   1.4206095E-04
   6.3768116E-01   2.2456043E+06   1.1034885E+06   3.3490067E+06   1.9716336E-04   1.3536487E-05   1.3295175E-04
   6.5217391E-01   2.1369185E+06   1.0483034E+06   3.1851377E+06   1.0438164E-04   3.9959468E-05   7.3037459E-05
   6.6666667E-01   2.0421333E+06   1.0001630E+06   3.0422140E+06   8.4810775E-05   8.0874486E-05   6.3826248E-05
   6.8115942E-01   1.9442395E+06   9.5392600E+05   2.8981494E+06   2.2242824E-04   3.1550282E-05   1.5221768E-04
   6.9565217E-01   1.8561076E+06   9.0319056E+05   2.7592666E+06   1.7804543E-04   1.5063774E-05   1.2016817E-04
   7.1014493E-01   1.7565264E+06   8.5146407E+05   2.6079286E+06   1.5702038E-04   4.1587554E-05   1.1214438E-04
   7.2463768E-01   1.6621863E+06   8.1174815E+05   2.4738436E+06   1.6700499E-04   2.1369074E-05   1.1193501E-04
   7.3913043E-01   1.5741905E+06   7.7063307E+05   2.3447196E+06   5.2536460E-05   5.4231158E-05   5.2412477E-05
   7.5362319E-01   1.4857322E+06   7.2865125E+05   2.2143397E+06   2.0015203E-04   3.8491222E-05   1.2398150E-04
   7.6811594E-01   1.4070455E+06   6.8630928E+05   2.0932690E+06   2.0686171E-04   1.8807966E-05   1.4139799E-04
   7.8260870E-01   1.3196686E+06   6.4354296E+05   1.9631835E+06   1.4918278E-04   3.6839432E-05   1.0375094E-04
   7.9710145E-01   1.2383622E+06   6.0959227E+05   1.8479407E+06   3.3729568E-04   3.1809958E-05   2.1832772E-04
   8.1159420E-01   1.1505014E+06   5.6376962E+05   1.7142710E+06   2.8829667E-04   3.3332407E-05   2.0017546E-04
   8.2608696E-01   1.0725962E+06   5.3266230E+05   1.6051921E+06   2.7911478E-04   7.6498227E-05   2.0767042E-04
   8.4057971E-01   9.8859815E+05   4.9194095E+05   1.4805260E+06   5.0717399E-05   3.6208588E-05   4.3370493E-05
   8.5507246E-01   9.1431847E+05   4.6221938E+05   1.3764993E+06   5.9778965E-05   4.1022687E-05   5.1759895E-05
   8.6956522E-01   8.2848403E+05   4.2468615E+05   1.2531449E+06   7.0524695E-04   5.5275395E-05   4.6090382E-04
   8.8405797E-01   7.4926494E+05   3.8700469E+05   1.1362572E+06   3.7666947E-04   2.4443829E-05   2.5273861E-04
   8.9855072E-01   6.7554670E+05   3.5482853E+05   1.0303752E+06   2.2673896E-04   7.8391233E-05   1.7535745E-04
   9.1304348E-01   5.9653121E+05   3.1442464E+05   9.1094383E+05   6.2994132E-04   9.3398282E-05   4.1430231E-04
   9.2753623E-01   5.1657514E+05   2.7663309E+05   7.9319639E+05   5.9199680E-04   3.0506145E-05   3.8597811E-04
   9.4202899E-01   4.4763586E+05   2.4036573E+05   6.8798994E+05   8.2350081E-04   1.3562763E-04   5.7877759E-04
   9.5652174E-01   3.7631959E+05   1.9789556E+05   5.7421516E+05   4.3562620E-04   8.0193959E-05   2.6612389E-04
   9.7101449E-01   2.9896671E+05   1.5557352E+05   4.5454022E+05   1.4342642E-04   1.2086261E-04   7.3614366E-05
   9.8550725E-01   2.1651211E+05   1.0193787E+05   3.1844998E+05   5.6193301E-04   7.5804692E-05   3.7546816E-04
   1.0000000E+00   1.1397235E+05   4.5540795E+04   1.5949126E+05   2.5923439E-03   9.1326020E-04   1.6925644E-03
