   0.0000000E+00   4.3160682E+06   2.3156433E+06   6.6317115E+06   5.6125956E-03   2.1903026E-03   4.3718084E-03
   1.4492754E-02   4.2660575E+06   2.0671057E+06   6.3331632E+06   6.3047539E-04   2.4642235E-03   4.9224166E-04
   2.8985507E-02   4.2687096E+06   2.0989306E+06   6.3676402E+06   7.0596566E-04   1.8313413E-03   1.0231825E-03
   4.3478261E-02   4.2652998E+06   2.0820078E+06   6.3473076E+06   1.5905352E-04   1.0019352E-03   2.2674316E-04
   5.7971014E-02   4.2186990E+06   2.0805555E+06   6.2988756E+06   3.8502629E-04   1.1510559E-03   1.8308357E-04
   7.2463768E-02   4.2610565E+06   2.0989306E+06   6.3599871E+06   6.3430538E-04   1.0156916E-03   7.6011152E-04
   8.6956522E-02   4.3362745E+06   2.1281035E+06   6.4643779E+06   5.1445086E-04   1.3618642E-03   6.7238534E-04
   1.0144928E-01   4.3758211E+06   2.1428793E+06   6.5185922E+06   1.0748104E-03   4.1977323E-04   8.2303247E-04
   1.1594203E-01   4.4258453E+06   2.1384276E+06   6.5642729E+06   2.3426573E-04   4.9041984E-04   3.8086020E-06
   1.3043478E-01   4.4095223E+06   2.1980257E+06   6.6075481E+06   4.3606822E-04   1.2736735E-04   2.6404127E-04
   1.4492754E-01   4.4679186E+06   2.2349443E+06   6.7027872E+06   7.3986163E-04   3.2017752E-04   3.9133561E-04
   1.5942029E-01   4.5112887E+06   2.2837495E+06   6.7949004E+06   2.4415641E-04   7.3888142E-04   2.0790727E-04
   1.7391304E-01   4.5328440E+06   2.2906380E+06   6.8234820E+06   1.1208669E-03   2.4123192E-04   7.6219202E-04
   1.8840580E-01   4.5681030E+06   2.3274757E+06   6.8955204E+06   4.8901019E-04   4.6269853E-04   4.6704964E-04
   2.0289855E-01   4.6075262E+06   2.3506616E+06   6.9581877E+06   1.9562797E-04   1.2431067E-04   1.7003573E-04
   2.1739130E-01   4.6338124E+06   2.3579250E+06   6.9915859E+06   6.2658355E-05   4.1445684E-04   1.7964704E-04
   2.3188406E-01   4.6319023E+06   2.3764517E+06   7.0083066E+06   6.5769138E-04   3.7097733E-04   5.5737007E-04
   2.4637681E-01   4.6094460E+06   2.3794269E+06   6.9887837E+06   3.3081161E-04   1.3866904E-04   1.8229365E-04
   2.6086957E-01   4.6282136E+06   2.3595499E+06   6.9874267E+06   3.0861057E-04   2.1320657E-04   2.1441074E-04
   2.7536232E-01   4.6006182E+06   2.3591533E+06   6.9595323E+06   2.3768007E-04   6.5160842E-05   1.3729229E-04
   2.8985507E-01   4.5322504E+06   2.3508023E+06   6.8829769E+06   2.4247205E-04   5.0197235E-05   1.6235111E-04
   3.0434783E-01   4.5321314E+06   2.3485868E+06   6.8805017E+06   3.1874724E-04   3.3478650E-05   2.1663240E-04
   3.1884058E-01   4.4700609E+06   2.2907413E+06   6.7604923E+06   1.2413721E-04   4.8963004E-05   6.6665346E-05
   3.3333333E-01   4.4046575E+06   2.2640843E+06   6.6686758E+06   4.0993938E-05   6.9580108E-05   4.8069661E-05
   3.4782609E-01   4.3292970E+06   2.2459631E+06   6.5750706E+06   1.9994970E-04   7.7677149E-05   1.4527814E-04
   3.6231884E-01   4.2439316E+06   2.1969817E+06   6.4406103E+06   5.5367929E-05   6.3207471E-05   4.3714822E-05
   3.7681159E-01   4.1699124E+06   2.1209924E+06   6.2907008E+06   1.5140133E-04   1.1544746E-04   1.3928392E-04
   3.9130435E-01   4.0680637E+06   2.0860210E+06   6.1538322E+06   1.8297981E-04   3.4846975E-05   1.3274885E-04
   4.0579710E-01   3.9816627E+06   2.0372292E+06   6.0188378E+06   9.9441579E-05   8.6882017E-05   9.4344203E-05
   4.2028986E-01   3.8995743E+06   1.9866549E+06   5.8859157E+06   9.0163339E-05   7.6106264E-05   7.9964325E-05
   4.3478261E-01   3.7705483E+06   1.9336430E+06   5.7041155E+06   1.4364240E-04   1.0389726E-04   8.5710979E-05
   4.4927536E-01   3.6647079E+06   1.8716585E+06   5.5361709E+06   1.7299302E-04   2.0735104E-05   1.1355082E-04
   4.6376812E-01   3.5677321E+06   1.8109196E+06   5.3785571E+06   6.9162024E-05   9.0796995E-05   6.3508309E-05
   4.7826087E-01   3.4433162E+06   1.7553544E+06   5.1983722E+06   8.7728632E-05   1.5179779E-04   1.0927213E-04
   4.9275362E-01   3.3383873E+06   1.6911791E+06   5.0293881E+06   2.3359168E-05   1.8222873E-04   7.5892398E-05
   5.0724638E-01   3.2214850E+06   1.6282462E+06   4.8494931E+06   1.3175819E-04   2.2048229E-04   7.1491177E-05
   5.2173913E-01   3.1078991E+06   1.5700515E+06   4.6777401E+06   1.7748067E-04   7.5749531E-05   1.3719264E-04
   5.3623188E-01   2.9991628E+06   1.5188525E+06   4.5178719E+06   1.1968872E-04   1.3519460E-04   1.1567058E-04
   5.5072464E-01   2.8755708E+06   1.4509062E+06   4.3263774E+06   1.7163938E-04   1.1636369E-04   1.2688007E-04
   5.6521739E-01   2.8034897E+06   1.3967807E+06   4.2001150E+06   2.7956761E-05   2.0996771E-04   6.2635314E-05
   5.7971014E-01   2.6719311E+06   1.3314949E+06   4.0034071E+06   4.6944976E-05   1.2530861E-04   4.5162076E-05
   5.9420290E-01   2.5721095E+06   1.2786714E+06   3.8506330E+06   8.3327797E-05   1.2198433E-04   8.9366997E-05
   6.0869565E-01   2.4592164E+06   1.2350386E+06   3.6940565E+06   7.6091680E-05   1.8006718E-04   1.0604450E-04
   6.2318841E-01   2.3533715E+06   1.1662449E+06   3.5195459E+06   2.5489358E-04   4.7909608E-05   1.6553512E-04
   6.3768116E-01   2.2586064E+06   1.1185227E+06   3.3770430E+06   2.5855005E-04   9.3416264E-05   1.5717921E-04
   6.5217391E-01   2.1471900E+06   1.0672132E+06   3.2142685E+06   8.5814851E-05   1.3809195E-04   5.2379756E-05
   6.6666667E-01   2.0655408E+06   1.0099806E+06   3.0755049E+06   5.8188702E-05   2.0645783E-04   8.7955840E-05
   6.8115942E-01   1.9589589E+06   9.6969337E+05   2.9285878E+06   4.8030848E-05   1.4918284E-04   4.7203595E-05
   6.9565217E-01   1.8691943E+06   9.2439140E+05   2.7935541E+06   5.5318038E-05   1.6203958E-04   2.4800197E-05
   7.1014493E-01   1.7783925E+06   8.6233527E+05   2.6406814E+06   1.5741629E-04   1.7228367E-04   1.5861572E-04
   7.2463768E-01   1.6991184E+06   8.3003992E+05   2.5290977E+06   2.2220314E-04   4.5573184E-05   1.6419947E-04
   7.3913043E-01   1.6048863E+06   7.8376717E+05   2.3885940E+06   2.3031681E-04   4.9193701E-04   3.1459989E-04
   7.5362319E-01   1.5212875E+06   7.3978415E+05   2.2610134E+06   1.4782962E-04   9.1620296E-05   1.2921277E-04
   7.6811594E-01   1.4302065E+06   7.0170706E+05   2.1318707E+06   1.7009679E-04   2.0265833E-04   1.8081787E-04
   7.8260870E-01   1.3584956E+06   6.6084461E+05   2.0193121E+06   2.6939806E-04   7.0894344E-05   1.8328941E-04
   7.9710145E-01   1.2762903E+06   6.2586295E+05   1.9021395E+06   2.5133648E-04   1.8370785E-04   1.9399990E-04
   8.1159420E-01   1.1944636E+06   5.8950561E+05   1.7839422E+06   8.1489894E-05   3.6187869E-04   1.7414493E-04
   8.2608696E-01   1.1214503E+06   5.4135633E+05   1.6627933E+06   2.6908368E-04   2.9456874E-04   2.1131020E-04
   8.4057971E-01   1.0378902E+06   5.0680826E+05   1.5446724E+06   2.8424281E-04   1.9088064E-04   2.5260385E-04
   8.5507246E-01   9.6083580E+05   4.6607228E+05   1.4268952E+06   4.3116098E-04   4.5768563E-04   4.1708715E-04
   8.6956522E-01   8.7883564E+05   4.2968722E+05   1.3084976E+06   1.4796349E-04   3.5908775E-04   3.7223850E-05
   8.8405797E-01   8.0942426E+05   3.8988658E+05   1.1992860E+06   2.5927838E-04   8.4036077E-05   2.0156947E-04
   8.9855072E-01   7.3346467E+05   3.5854389E+05   1.0920086E+06   6.4970472E-04   5.2051414E-04   6.0649558E-04
   9.1304348E-01   6.5843710E+05   3.2289205E+05   9.8134117E+05   2.1748427E-04   4.8830538E-04   1.0531679E-04
   9.2753623E-01   5.8588437E+05   2.8307385E+05   8.6894638E+05   5.6931734E-04   6.1161120E-04   5.5454650E-04
   9.4202899E-01   5.1540084E+05   2.4593801E+05   7.6133885E+05   5.6291054E-04   9.7839795E-04   6.9641304E-04
   9.5652174E-01   4.4060092E+05   2.0850388E+05   6.4910480E+05   5.3682545E-04   5.0467870E-04   5.0826783E-04
   9.7101449E-01   3.5332018E+05   1.6529969E+05   5.1861987E+05   1.1907643E-03   4.1532061E-04   7.0268827E-04
   9.8550725E-01   2.5195859E+05   1.1871951E+05   3.7067810E+05   1.3874623E-03   3.3120809E-04   1.0485479E-03
   1.0000000E+00   1.2867846E+05   5.6986175E+04   1.8566464E+05   7.2725540E-04   1.3539467E-03   9.1955214E-04
