   0.0000000E+00   3.1445090E+10   1.6133681E+10   4.7516746E+10   9.6348260E-07   6.3083269E-07   8.2573556E-07
   1.4492754E-02   2.4520359E+06   1.1472133E+06   3.5992492E+06   1.4485247E-03   5.8648562E-03   1.8836534E-03
   2.8985507E-02   2.4565823E+06   1.1657779E+06   3.6223602E+06   5.4670674E-03   2.6796356E-03   4.1308373E-03
   4.3478261E-02   2.4664329E+06   1.1643887E+06   3.6308216E+06   1.0870526E-02   7.9793558E-03   9.9282312E-03
   5.7971014E-02   2.5393651E+06   1.2174934E+06   3.7568585E+06   1.3921983E-02   1.2280293E-02   1.3377748E-02
   7.2463768E-02   2.6176771E+06   1.2307159E+06   3.8483931E+06   2.6035704E-02   2.2330315E-02   2.4841789E-02
   8.6956522E-02   2.7087824E+06   1.3014128E+06   4.0100688E+06   3.6537781E-02   3.3792163E-02   3.5641050E-02
   1.0144928E-01   2.8380486E+06   1.3566734E+06   4.1948303E+06   4.7890565E-02   4.0007741E-02   4.5289072E-02
   1.1594203E-01   2.9533734E+06   1.3927200E+06   4.3461882E+06   5.2338956E-02   4.8316402E-02   5.1040520E-02
   1.3043478E-01   3.0297680E+06   1.4312804E+06   4.4610484E+06   5.1151942E-02   4.4871090E-02   4.9136762E-02
   1.4492754E-01   2.9345626E+06   1.3963572E+06   4.3309198E+06   4.3536578E-02   3.7777314E-02   4.1677718E-02
   1.5942029E-01   2.7494820E+06   1.3173597E+06   4.0668417E+06   3.3331936E-02   2.9474523E-02   3.2081262E-02
   1.7391304E-01   2.4976895E+06   1.1833953E+06   3.6810217E+06   2.4389067E-02   2.2405743E-02   2.3751871E-02
   1.8840580E-01   2.2170793E+06   1.0598988E+06   3.2769780E+06   1.7346613E-02   1.5667005E-02   1.6803226E-02
   2.0289855E-01   2.0001001E+06   9.5463997E+05   2.9546860E+06   1.2567289E-02   1.0546035E-02   1.1890282E-02
   2.1739130E-01   1.7961390E+06   8.4341145E+05   2.6395000E+06   1.0470123E-02   8.9875498E-03   9.9022480E-03
   2.3188406E-01   1.5941359E+06   7.6872387E+05   2.3628598E+06   7.6832312E-03   7.4509892E-03   7.6037943E-03
   2.4637681E-01   1.4382734E+06   6.9034269E+05   2.1286161E+06   6.0325016E-03   3.8014799E-03   5.3076998E-03
   2.6086957E-01   1.3363949E+06   6.2412245E+05   1.9605174E+06   5.9086388E-03   5.0228899E-03   5.6251865E-03
   2.7536232E-01   1.2305644E+06   5.7576024E+05   1.8063246E+06   5.5968037E-03   5.4332302E-03   5.4838038E-03
   2.8985507E-01   1.1467966E+06   5.2602081E+05   1.6727416E+06   2.9887653E-03   3.7098995E-03   3.2111802E-03
   3.0434783E-01   1.0652695E+06   4.9231235E+05   1.5575819E+06   5.5197457E-03   2.2646031E-03   4.4626652E-03
   3.1884058E-01   9.8195786E+05   4.6246048E+05   1.4444183E+06   4.8781971E-03   5.5366972E-03   4.6788009E-03
   3.3333333E-01   9.2793093E+05   4.3431490E+05   1.3622129E+06   4.7761239E-03   2.9062130E-03   4.1716743E-03
   3.4782609E-01   8.6584045E+05   4.0551542E+05   1.2713559E+06   4.1277608E-03   3.3912136E-03   3.5536247E-03
   3.6231884E-01   8.2750908E+05   3.8429374E+05   1.2117725E+06   3.3977945E-03   2.1197909E-03   2.9664045E-03
   3.7681159E-01   7.8227570E+05   3.6106153E+05   1.1433372E+06   2.6561343E-03   4.1933312E-03   3.1375804E-03
   3.9130435E-01   7.4359227E+05   3.4558406E+05   1.0891763E+06   2.9892693E-03   2.1052468E-03   2.5959161E-03
   4.0579710E-01   7.0469512E+05   3.2125329E+05   1.0259484E+06   2.3364865E-03   1.7174908E-03   2.1415925E-03
   4.2028986E-01   6.6652086E+05   3.1174332E+05   9.7823806E+05   2.6170236E-03   5.8714944E-04   1.6918813E-03
   4.3478261E-01   6.3493283E+05   2.9359771E+05   9.2850527E+05   3.0081893E-03   9.8099082E-04   2.3384972E-03
   4.4927536E-01   6.1574661E+05   2.7972705E+05   8.9547366E+05   1.4905695E-03   2.0676558E-03   1.6636818E-03
   4.6376812E-01   5.7917130E+05   2.6809671E+05   8.4724433E+05   4.6454505E-03   4.2259380E-03   3.7820211E-03
   4.7826087E-01   5.5321666E+05   2.5912298E+05   8.1233965E+05   2.2373216E-03   3.1554638E-03   2.5223972E-03
   4.9275362E-01   5.3037111E+05   2.3670357E+05   7.6705239E+05   2.4807745E-03   2.3578709E-03   2.4371899E-03
   5.0724638E-01   5.0787842E+05   2.2991896E+05   7.3779738E+05   2.4090111E-03   2.8587740E-03   2.4718500E-03
   5.2173913E-01   4.8619332E+05   2.1723890E+05   7.0343222E+05   7.7188343E-04   3.6397486E-03   1.5684963E-03
   5.3623188E-01   4.6858846E+05   2.1075320E+05   6.7934166E+05   2.9471268E-03   2.3045333E-03   2.7454719E-03
   5.5072464E-01   4.4513042E+05   2.0089992E+05   6.4603034E+05   3.3105260E-03   2.5406078E-03   3.0285046E-03
   5.6521739E-01   4.2736349E+05   1.9747784E+05   6.2484133E+05   1.9657645E-03   3.5265832E-03   2.3442014E-03
   5.7971014E-01   4.1073117E+05   1.8611907E+05   5.9685024E+05   2.5764609E-03   1.7935833E-03   2.0704312E-03
   5.9420290E-01   3.9365345E+05   1.7712557E+05   5.7077902E+05   2.1266458E-03   1.6335087E-03   1.5626161E-03
   6.0869565E-01   3.8126784E+05   1.6996755E+05   5.5123540E+05   4.3932440E-03   3.2571479E-03   3.7934892E-03
   6.2318841E-01   3.6374885E+05   1.6395307E+05   5.2770192E+05   3.1531771E-03   1.7056354E-03   2.6750851E-03
   6.3768116E-01   3.5098708E+05   1.5695482E+05   5.0794190E+05   2.8506441E-03   2.0395946E-03   2.4903866E-03
   6.5217391E-01   3.4209285E+05   1.4748924E+05   4.8958209E+05   3.7083584E-03   1.5247086E-03   2.9324598E-03
   6.6666667E-01   3.1966605E+05   1.4533719E+05   4.6500324E+05   5.7971701E-03   2.6996042E-03   4.8223767E-03
   6.8115942E-01   3.0801190E+05   1.3471591E+05   4.4272781E+05   3.5199940E-03   1.8730209E-03   2.9243223E-03
   6.9565217E-01   2.9685913E+05   1.3077272E+05   4.2763185E+05   3.9732267E-03   1.8597033E-03   2.9663826E-03
   7.1014493E-01   2.8439868E+05   1.2296984E+05   4.0736852E+05   9.1633603E-04   3.0334237E-03   8.1867339E-04
   7.2463768E-01   2.6936024E+05   1.2013157E+05   3.8949181E+05   2.3676059E-03   1.2583346E-03   2.0023111E-03
   7.3913043E-01   2.5809106E+05   1.1394280E+05   3.7203385E+05   3.3523373E-03   2.1609039E-03   2.9727455E-03
   7.5362319E-01   2.4316062E+05   1.0775890E+05   3.5091952E+05   2.6510804E-03   2.0634730E-03   2.4047046E-03
   7.6811594E-01   2.3232493E+05   1.0352399E+05   3.3584891E+05   2.6883952E-03   4.1265733E-03   2.9208815E-03
   7.8260870E-01   2.2370071E+05   9.8674155E+04   3.2237486E+05   3.0277487E-03   2.9444529E-03   2.5854597E-03
   7.9710145E-01   2.0821226E+05   9.2140781E+04   3.0035304E+05   5.0829180E-03   2.9230249E-03   4.1589377E-03
   8.1159420E-01   1.9849995E+05   8.8168076E+04   2.8666802E+05   5.0752732E-03   3.3638338E-03   3.4976610E-03
   8.2608696E-01   1.8827763E+05   8.2207783E+04   2.7048541E+05   2.7402420E-03   2.5570301E-03   2.6831141E-03
   8.4057971E-01   1.7626523E+05   7.8282038E+04   2.5453420E+05   3.3464915E-03   5.5284728E-03   3.9609629E-03
   8.5507246E-01   1.6555904E+05   7.2537234E+04   2.3809628E+05   4.2881492E-03   4.7283334E-03   4.1329121E-03
   8.6956522E-01   1.5071383E+05   6.7880578E+04   2.1859440E+05   5.3737765E-03   2.3027095E-03   4.0597451E-03
   8.8405797E-01   1.4188309E+05   6.2805191E+04   2.0467586E+05   2.3271787E-03   4.7260075E-03   3.0408310E-03
   8.9855072E-01   1.3117400E+05   5.5999185E+04   1.8717318E+05   5.3303518E-03   4.8122308E-03   5.1664699E-03
   9.1304348E-01   1.1876019E+05   5.0551862E+04   1.6931205E+05   4.0203021E-03   1.2695840E-03   3.1982515E-03
   9.2753623E-01   1.0568059E+05   4.6364013E+04   1.5204460E+05   4.4473587E-03   3.4787668E-03   4.0251081E-03
   9.4202899E-01   9.0683595E+04   3.9856950E+04   1.3054054E+05   4.5155018E-03   4.4386588E-03   4.4582863E-03
   9.5652174E-01   7.4395965E+04   3.1721613E+04   1.0611758E+05   2.9923312E-03   6.5408420E-03   3.1909405E-03
   9.7101449E-01   5.5371325E+04   2.3150552E+04   7.8521878E+04   7.5193430E-03   4.1427602E-03   6.4961798E-03
   9.8550725E-01   3.1579791E+04   1.2825808E+04   4.4405598E+04   5.9412354E-03   3.9199951E-03   5.3571761E-03
   1.0000000E+00   1.2276976E+04   4.5956593E+03   1.6872635E+04   8.7040821E-03   1.8379538E-02   4.1807229E-03
