   0.0000000E+00   3.7826215E+06   1.9761773E+06   5.7587988E+06   3.9246463E-03   5.5159165E-03   2.5241135E-03
   1.4492754E-02   3.9947878E+06   2.0451313E+06   6.0399191E+06   2.2273453E-03   1.5166478E-03   9.7832606E-04
   2.8985507E-02   3.9652361E+06   2.0739253E+06   6.0391614E+06   5.5641776E-04   1.7907781E-03   2.6949002E-04
   4.3478261E-02   3.9925146E+06   1.9746618E+06   5.9671764E+06   6.7925334E-04   5.3397052E-04   6.2849485E-04
   5.7971014E-02   3.9794436E+06   2.0072445E+06   5.9866881E+06   5.7203537E-04   1.1150789E-03   2.8179205E-04
   7.2463768E-02   4.0467685E+06   2.0217930E+06   6.0685616E+06   2.4025900E-04   6.8987611E-04   3.5303445E-04
   8.6956522E-02   4.0864739E+06   2.0375539E+06   6.1240279E+06   1.7567828E-04   7.8822149E-04   3.5119955E-04
   1.0144928E-01   4.1521805E+06   2.0618015E+06   6.2139820E+06   4.5247059E-04   2.2425045E-04   2.3008106E-04
   1.1594203E-01   4.1876318E+06   2.0793242E+06   6.2669560E+06   3.9234065E-04   2.7391059E-04   2.4165193E-04
   1.3043478E-01   4.2557018E+06   2.1427951E+06   6.3984128E+06   3.9071912E-04   4.9486673E-04   4.2293608E-04
   1.4492754E-01   4.3162197E+06   2.1691728E+06   6.4853925E+06   2.9711446E-04   3.6197915E-05   1.8982769E-04
   1.5942029E-01   4.4238045E+06   2.2274014E+06   6.6511371E+06   2.5493270E-04   2.6990331E-04   9.7830331E-05
   1.7391304E-01   4.4774661E+06   2.2294508E+06   6.7067905E+06   1.0862164E-04   2.9156198E-04   1.1022312E-04
   1.8840580E-01   4.5574364E+06   2.2909877E+06   6.8483659E+06   2.5964133E-04   1.3968559E-04   2.1855759E-04
   2.0289855E-01   4.6259283E+06   2.3210557E+06   6.9469840E+06   1.3261032E-04   3.2009343E-04   1.9009169E-04
   2.1739130E-01   4.6905416E+06   2.3529745E+06   7.0434656E+06   2.5559081E-04   5.6113159E-04   2.2462793E-04
   2.3188406E-01   4.7435264E+06   2.3603024E+06   7.1037814E+06   2.0538245E-04   1.8941657E-04   1.0670350E-04
   2.4637681E-01   4.7159303E+06   2.3701112E+06   7.0859523E+06   2.4391214E-04   2.4731090E-04   2.2375556E-04
   2.6086957E-01   4.7372856E+06   2.3788301E+06   7.1159894E+06   1.1919273E-04   8.1292010E-05   8.2502226E-05
   2.7536232E-01   4.7658447E+06   2.3786950E+06   7.1444200E+06   3.5127048E-04   4.4358196E-04   1.8130553E-04
   2.8985507E-01   4.7332780E+06   2.3627366E+06   7.0958631E+06   3.4612791E-04   1.8146767E-04   2.5588917E-04
   3.0434783E-01   4.6728178E+06   2.3479012E+06   7.0206108E+06   8.5495741E-05   1.7807404E-04   1.1643755E-04
   3.1884058E-01   4.6059369E+06   2.3192598E+06   6.9249556E+06   3.4183528E-04   3.6678475E-04   2.7994655E-04
   3.3333333E-01   4.5695805E+06   2.2825994E+06   6.8520481E+06   1.4824453E-04   1.9746709E-04   1.4561028E-04
   3.4782609E-01   4.4978934E+06   2.2610863E+06   6.7588218E+06   1.8993531E-04   3.8473098E-04   2.5458889E-04
   3.6231884E-01   4.3937816E+06   2.2117425E+06   6.6053422E+06   1.3802517E-04   3.5573587E-04   1.3994482E-04
   3.7681159E-01   4.3173505E+06   2.1564020E+06   6.4735776E+06   2.9559819E-04   2.7807719E-04   1.7482719E-04
   3.9130435E-01   4.1976367E+06   2.1120086E+06   6.3094208E+06   1.4690353E-04   5.3559316E-05   7.9899136E-05
   4.0579710E-01   4.0783283E+06   2.0526546E+06   6.1307122E+06   2.1793198E-04   3.0844919E-04   1.1865398E-04
   4.2028986E-01   3.9674048E+06   2.0001113E+06   5.9673070E+06   2.7853789E-04   2.1416095E-04   2.5456831E-04
   4.3478261E-01   3.8561220E+06   1.9377348E+06   5.7937052E+06   3.9280413E-04   7.1615797E-05   2.7776297E-04
   4.4927536E-01   3.7136675E+06   1.8753983E+06   5.5888702E+06   1.3404978E-04   2.6757432E-04   6.4707908E-05
   4.6376812E-01   3.6236389E+06   1.8251509E+06   5.4486477E+06   8.3190143E-05   3.4854273E-04   1.2194302E-04
   4.7826087E-01   3.4757152E+06   1.7478919E+06   5.2234464E+06   1.1953711E-04   2.7811029E-04   1.2477162E-04
   4.9275362E-01   3.3631920E+06   1.6848721E+06   5.0479972E+06   4.3131369E-04   1.1393834E-04   2.6918510E-04
   5.0724638E-01   3.2313789E+06   1.6208637E+06   4.8521560E+06   2.2884493E-04   2.5232959E-04   2.2281921E-04
   5.2173913E-01   3.1158974E+06   1.5638212E+06   4.6796765E+06   1.1607963E-04   2.4931377E-04   4.7797227E-05
   5.3623188E-01   3.0176351E+06   1.5075274E+06   4.5250396E+06   2.4709419E-04   3.9863655E-04   1.9159223E-04
   5.5072464E-01   2.8808949E+06   1.4473169E+06   4.3280524E+06   2.6581409E-04   1.8509971E-04   1.1787330E-04
   5.6521739E-01   2.7710819E+06   1.3895919E+06   4.1606156E+06   2.1346554E-04   1.8465179E-04   1.5650818E-04
   5.7971014E-01   2.6575341E+06   1.3431451E+06   4.0006603E+06   2.7118611E-04   3.2315693E-04   1.5251421E-04
   5.9420290E-01   2.5442395E+06   1.2759177E+06   3.8201572E+06   2.9959914E-04   7.6895016E-04   5.8013896E-05
   6.0869565E-01   2.4173965E+06   1.2149586E+06   3.6323371E+06   2.3649279E-04   2.9131698E-04   8.4576269E-05
   6.2318841E-01   2.3315734E+06   1.1585441E+06   3.4900647E+06   2.3244515E-04   3.1388059E-04   2.5360420E-04
   6.3768116E-01   2.2238538E+06   1.1182988E+06   3.3421010E+06   2.2913572E-04   2.9087759E-04   1.8988999E-04
   6.5217391E-01   2.1242053E+06   1.0546348E+06   3.1787559E+06   1.6629078E-04   1.5721291E-04   1.4156860E-04
   6.6666667E-01   2.0154972E+06   1.0146424E+06   3.0301396E+06   2.1258431E-04   2.3719595E-04   1.8986024E-04
   6.8115942E-01   1.9218298E+06   9.6147112E+05   2.8832687E+06   3.9699741E-04   4.5144362E-04   2.9566763E-04
   6.9565217E-01   1.8326967E+06   9.1499862E+05   2.7476953E+06   1.7472770E-04   4.1981249E-04   1.4474033E-04
   7.1014493E-01   1.7449284E+06   8.7230956E+05   2.6171761E+06   4.2920107E-04   3.8545043E-04   2.9669419E-04
   7.2463768E-01   1.6550182E+06   8.3038848E+05   2.4854066E+06   3.6748219E-04   6.2284953E-04   3.7417916E-04
   7.3913043E-01   1.5587684E+06   7.8859588E+05   2.3473197E+06   1.2050049E-05   2.2739743E-04   6.7528212E-05
   7.5362319E-01   1.4913569E+06   7.3805010E+05   2.2294070E+06   1.7455288E-04   1.6214360E-04   1.0272602E-04
   7.6811594E-01   1.4008407E+06   7.0132104E+05   2.1020902E+06   1.9970957E-04   2.3207849E-04   2.0528722E-04
   7.8260870E-01   1.3205947E+06   6.6185493E+05   1.9824216E+06   4.1275472E-04   3.5158434E-04   3.0054515E-04
   7.9710145E-01   1.2382382E+06   6.2608338E+05   1.8642940E+06   3.8582638E-04   7.4496967E-05   2.4929622E-04
   8.1159420E-01   1.1671445E+06   5.8317310E+05   1.7502906E+06   8.6813114E-05   6.4041132E-04   2.2510907E-04
   8.2608696E-01   1.0900640E+06   5.4917299E+05   1.6392370E+06   3.7578825E-04   3.1456762E-04   2.0019890E-04
   8.4057971E-01   1.0169610E+06   5.1229532E+05   1.5292563E+06   1.4696085E-04   1.6318640E-04   9.1627936E-05
   8.5507246E-01   9.4911015E+05   4.7346984E+05   1.4225543E+06   7.1336812E-05   4.9941537E-04   2.1539296E-04
   8.6956522E-01   8.7439025E+05   4.3519344E+05   1.3095711E+06   5.0274667E-04   6.4992625E-04   5.4848793E-04
   8.8405797E-01   8.0300213E+05   3.9972473E+05   1.2026896E+06   3.2316694E-04   2.7255201E-04   2.9784863E-04
   8.9855072E-01   7.3141145E+05   3.6894444E+05   1.1003559E+06   2.3170680E-04   8.7447617E-04   3.3598578E-04
   9.1304348E-01   6.5836493E+05   3.2901408E+05   9.8735495E+05   2.9301475E-04   9.6486745E-05   2.2746563E-04
   9.2753623E-01   5.8305470E+05   2.9202461E+05   8.7507931E+05   2.9809809E-04   2.1705759E-04   1.2991471E-04
   9.4202899E-01   5.0797502E+05   2.5201156E+05   7.5998658E+05   4.0875302E-04   3.7055539E-04   1.6321477E-04
   9.5652174E-01   4.2289744E+05   2.0931902E+05   6.3221645E+05   3.4163439E-04   9.2264210E-05   2.5608848E-04
   9.7101449E-01   3.3721544E+05   1.6653243E+05   5.0374787E+05   6.1136763E-04   1.2098144E-04   3.6926270E-04
   9.8550725E-01   2.2771102E+05   1.1423995E+05   3.4195097E+05   4.7419194E-04   1.6594922E-04   2.7988006E-04
   1.0000000E+00   1.1025206E+05   5.3791098E+04   1.6404315E+05   1.5508821E-03   1.6632557E-03   1.3841787E-03
