   0.0000000E+00   3.5886409E+06   2.1277246E+06   5.7163655E+06   7.9149728E-03   5.9132260E-05   4.9532525E-03
   1.4492754E-02   3.7174562E+06   2.1148431E+06   5.8322993E+06   8.3662535E-04   1.6151855E-05   5.3719674E-04
   2.8985507E-02   3.6920720E+06   2.0682423E+06   5.7603143E+06   1.3355556E-03   1.4383178E-04   9.0444107E-04
   4.3478261E-02   3.6568372E+06   2.0350282E+06   5.6918654E+06   2.5988899E-03   5.4046384E-05   1.6773737E-03
   5.7971014E-02   3.6928297E+06   2.0678634E+06   5.7603143E+06   1.1764896E-03   1.3432086E-05   7.5704973E-04
   7.2463768E-02   3.6859343E+06   2.0930203E+06   5.7789546E+06   4.4920437E-04   6.9453383E-06   2.8641659E-04
   8.6956522E-02   3.7005334E+06   2.1190106E+06   5.8194177E+06   3.9948354E-04   1.7359851E-05   2.6946529E-04
   1.0144928E-01   3.7264408E+06   2.1363845E+06   5.8625005E+06   3.1076055E-04   2.7831245E-05   1.8990449E-04
   1.1594203E-01   3.7071320E+06   2.1705367E+06   5.8771004E+06   1.3505122E-03   2.4295570E-05   8.6749389E-04
   1.3043478E-01   3.7714239E+06   2.1817765E+06   5.9529478E+06   4.7304326E-04   3.4748243E-05   2.8979066E-04
   1.4492754E-01   3.7497358E+06   2.2153947E+06   5.9646001E+06   5.2472644E-04   4.0595567E-05   3.3572964E-04
   1.5942029E-01   3.7465257E+06   2.2649438E+06   6.0111940E+06   7.2375682E-04   1.9345727E-05   4.4575945E-04
   1.7391304E-01   3.7857156E+06   2.2822397E+06   6.0676396E+06   4.7388225E-04   1.0141858E-05   2.9895144E-04
   1.8840580E-01   3.7545270E+06   2.3323135E+06   6.0863159E+06   8.5719033E-04   3.2671645E-05   5.3534098E-04
   2.0289855E-01   3.7571832E+06   2.3494167E+06   6.1062211E+06   5.9595329E-04   3.5029295E-05   3.6485030E-04
   2.1739130E-01   3.7580203E+06   2.3681797E+06   6.1257959E+06   3.3940560E-04   2.0225674E-05   2.1727608E-04
   2.3188406E-01   3.7331318E+06   2.3693953E+06   6.1018641E+06   1.0139358E-03   1.0579175E-05   6.2175515E-04
   2.4637681E-01   3.7273513E+06   2.3917290E+06   6.1185009E+06   1.6689223E-04   1.4837000E-05   9.8829344E-05
   2.6086957E-01   3.6974182E+06   2.3957950E+06   6.0927081E+06   2.1161525E-04   5.8203298E-06   1.2251682E-04
   2.7536232E-01   3.6772562E+06   2.4203306E+06   6.0968291E+06   5.2391546E-04   1.9918954E-05   3.0888585E-04
   2.8985507E-01   3.6619520E+06   2.3553866E+06   6.0165429E+06   5.8418961E-04   2.1497261E-05   3.6248851E-04
   3.0434783E-01   3.6095328E+06   2.3716797E+06   5.9804187E+06   3.9029899E-04   2.2407937E-05   2.4550494E-04
   3.1884058E-01   3.5914308E+06   2.3382721E+06   5.9286351E+06   4.2660915E-04   2.8611701E-05   2.4614111E-04
   3.3333333E-01   3.5548393E+06   2.3026629E+06   5.8567445E+06   3.5006800E-04   1.3803098E-05   2.0541151E-04
   3.4782609E-01   3.5050057E+06   2.2666746E+06   5.7706700E+06   2.7441295E-04   1.2809736E-05   1.6278979E-04
   3.6231884E-01   3.4669484E+06   2.2371721E+06   5.7037568E+06   3.4541811E-04   3.8878660E-06   2.1254493E-04
   3.7681159E-01   3.4225800E+06   2.1753454E+06   5.5972260E+06   6.1731305E-04   1.2593108E-05   3.8693064E-04
   3.9130435E-01   3.4045390E+06   2.1293804E+06   5.5331617E+06   1.4947152E-04   4.5095955E-06   9.5333056E-05
   4.0579710E-01   3.3347450E+06   2.0775516E+06   5.4115660E+06   5.8298408E-04   4.1639895E-06   3.6057494E-04
   4.2028986E-01   3.2880808E+06   2.0012348E+06   5.2887146E+06   5.1521086E-04   1.1726819E-05   3.2117478E-04
   4.3478261E-01   3.2104546E+06   1.9680695E+06   5.1775390E+06   3.0956465E-04   2.1016540E-05   1.9344066E-04
   4.4927536E-01   3.1882871E+06   1.8896975E+06   5.0771535E+06   4.5505890E-04   2.5351662E-05   2.9620241E-04
   4.6376812E-01   3.1417657E+06   1.8392874E+06   4.9804611E+06   3.1191405E-04   1.2439817E-05   1.9242449E-04
   4.7826087E-01   3.0685810E+06   1.7661694E+06   4.8342682E+06   2.8874880E-04   1.1689417E-05   1.7990793E-04
   4.9275362E-01   3.0192241E+06   1.7102340E+06   4.7287226E+06   3.3377151E-04   2.8277233E-05   2.1423407E-04
   5.0724638E-01   2.9528349E+06   1.6486402E+06   4.6009988E+06   9.8187636E-05   5.9203406E-06   6.7822443E-05
   5.2173913E-01   2.8800308E+06   1.5819016E+06   4.4613431E+06   2.0557839E-04   3.0381830E-05   1.2643643E-04
   5.3623188E-01   2.8186781E+06   1.5133230E+06   4.3312843E+06   2.2879968E-04   1.5664184E-05   1.4902710E-04
   5.5072464E-01   2.7661776E+06   1.4563699E+06   4.2219094E+06   1.6889298E-04   5.4565759E-05   9.0062918E-05
   5.6521739E-01   2.6928213E+06   1.3947795E+06   4.0870374E+06   1.5144345E-04   1.5238650E-05   9.8390398E-05
   5.7971014E-01   2.6406934E+06   1.3387692E+06   3.9788374E+06   8.8323810E-04   3.4513873E-05   5.9718945E-04
   5.9420290E-01   2.5757318E+06   1.2781539E+06   3.8533313E+06   7.3116968E-04   1.6401787E-05   4.8481725E-04
   6.0869565E-01   2.5091548E+06   1.2230772E+06   3.7314202E+06   7.5815260E-04   3.7800344E-05   5.1968933E-04
   6.2318841E-01   2.4518773E+06   1.1641303E+06   3.6153203E+06   3.5233571E-04   4.5646933E-05   2.4899838E-04
   6.3768116E-01   2.3797409E+06   1.1126330E+06   3.4920640E+06   4.1423807E-04   1.9688071E-05   2.8316925E-04
   6.5217391E-01   2.3247361E+06   1.0671458E+06   3.3912926E+06   3.7808535E-04   4.2821485E-05   2.6732809E-04
   6.6666667E-01   2.2555680E+06   1.0099312E+06   3.2651038E+06   4.7591956E-04   5.1177742E-05   3.1716914E-04
   6.8115942E-01   2.1824267E+06   9.6251905E+05   3.1445428E+06   3.2845757E-04   8.6982558E-05   2.5512734E-04
   6.9565217E-01   2.1162638E+06   9.1446189E+05   3.0305205E+06   5.4502895E-04   4.1643088E-05   3.7846317E-04
   7.1014493E-01   2.0596056E+06   8.6632499E+05   2.9256059E+06   3.3150835E-04   5.5284570E-06   2.3868325E-04
   7.2463768E-01   1.9952268E+06   8.1487003E+05   2.8097028E+06   5.2067652E-04   3.9179419E-05   3.6053624E-04
   7.3913043E-01   1.9234180E+06   7.7589265E+05   2.6991324E+06   4.9036141E-04   1.8946953E-05   3.4004501E-04
   7.5362319E-01   1.8572126E+06   7.3229422E+05   2.5892154E+06   2.6695502E-04   7.1365423E-05   1.8139534E-04
   7.6811594E-01   1.7993816E+06   6.8873976E+05   2.4877782E+06   7.8708172E-04   2.0822992E-05   5.6759758E-04
   7.8260870E-01   1.7356941E+06   6.4531101E+05   2.3807385E+06   2.4865285E-04   2.9337347E-05   1.7169935E-04
   7.9710145E-01   1.6637004E+06   6.1209969E+05   2.2755521E+06   4.2347291E-04   2.9899017E-05   3.0765814E-04
   8.1159420E-01   1.6007593E+06   5.7487858E+05   2.1755432E+06   2.2105467E-04   2.1666928E-05   1.6865304E-04
   8.2608696E-01   1.5350815E+06   5.3199762E+05   2.0669594E+06   6.0058758E-04   4.5227485E-05   4.3845687E-04
   8.4057971E-01   1.4619354E+06   4.9569044E+05   1.9574429E+06   8.5768762E-04   1.7290290E-05   6.4115378E-04
   8.5507246E-01   1.3953657E+06   4.6239918E+05   1.8576236E+06   8.5766266E-04   3.3319954E-05   6.4029953E-04
   8.6956522E-01   1.3129051E+06   4.2026602E+05   1.7331332E+06   4.6541276E-04   7.0654777E-05   3.3781207E-04
   8.8405797E-01   1.2465514E+06   3.8345203E+05   1.6297425E+06   8.7893625E-04   2.1748431E-05   6.6549448E-04
   8.9855072E-01   1.1574794E+06   3.5096652E+05   1.5083482E+06   1.0558748E-03   9.4885090E-05   7.9035443E-04
   9.1304348E-01   1.0668692E+06   3.1786453E+05   1.3846856E+06   7.8692907E-04   3.2242890E-05   6.0013537E-04
   9.2753623E-01   9.4174830E+05   2.7602927E+05   1.2176947E+06   1.8738960E-04   8.5486336E-05   1.5592214E-04
   9.4202899E-01   8.0583548E+05   2.3087654E+05   1.0366887E+06   1.6108799E-03   6.7325538E-05   1.2401682E-03
   9.5652174E-01   6.5354789E+05   1.9228142E+05   8.4579487E+05   2.1772681E-03   6.1737411E-05   1.6630330E-03
   9.7101449E-01   4.7609614E+05   1.4577949E+05   6.2185301E+05   1.1486685E-03   5.0972004E-05   8.7796795E-04
   9.8550725E-01   2.9026887E+05   9.2287871E+04   3.8255674E+05   1.3989660E-03   9.5226608E-05   1.0815397E-03
   1.0000000E+00   1.3548441E+05   4.5256302E+04   1.8074072E+05   2.7219721E-03   7.5844767E-05   2.0593958E-03
