   0.0000000E+00   4.4130584E+06   1.9579916E+06   6.3710500E+06   6.0299004E-03   2.6786766E-06   4.1775090E-03
   1.4492754E-02   4.4069966E+06   1.9398059E+06   6.3468025E+06   3.1844720E-03   2.8507922E-05   2.2193434E-03
   2.8985507E-02   4.4858012E+06   2.0015615E+06   6.4877415E+06   5.5017962E-04   8.9698378E-05   4.0396332E-04
   4.3478261E-02   4.3771922E+06   2.0398272E+06   6.4165142E+06   1.2500634E-03   2.9121453E-05   8.5657766E-04
   5.7971014E-02   4.4443151E+06   2.0553608E+06   6.4996758E+06   1.6855391E-03   2.4436812E-05   1.1597581E-03
   7.2463768E-02   4.3627447E+06   2.0522540E+06   6.4148472E+06   5.4341272E-04   4.0307559E-05   3.6279781E-04
   8.6956522E-02   4.3699937E+06   2.0817553E+06   6.4517490E+06   5.2511701E-04   2.6309729E-05   3.6102361E-04
   1.0144928E-01   4.3582849E+06   2.1136524E+06   6.4716125E+06   1.5395190E-04   5.9898477E-05   1.2018834E-04
   1.1594203E-01   4.2965564E+06   2.1487518E+06   6.4449294E+06   7.9221725E-04   3.3390325E-05   5.1848711E-04
   1.3043478E-01   4.3070595E+06   2.1748727E+06   6.4811744E+06   6.7986622E-04   9.9807811E-06   4.5510531E-04
   1.4492754E-01   4.2901536E+06   2.2191834E+06   6.5092612E+06   4.6310892E-04   1.9940158E-05   3.1039481E-04
   1.5942029E-01   4.2608223E+06   2.2566087E+06   6.5172243E+06   9.6199730E-05   8.9610217E-06   6.0544382E-05
   1.7391304E-01   4.2297493E+06   2.2677796E+06   6.4968343E+06   3.9742733E-04   9.7194585E-06   2.6092078E-04
   1.8840580E-01   4.2255478E+06   2.3295740E+06   6.5541892E+06   3.8579024E-04   2.0146679E-05   2.4196590E-04
   2.0289855E-01   4.1587837E+06   2.3636513E+06   6.5218938E+06   7.2604013E-05   3.6823666E-05   3.3614835E-05
   2.1739130E-01   4.0977390E+06   2.3700488E+06   6.4674341E+06   2.5782304E-04   2.7113007E-05   1.7215257E-04
   2.3188406E-01   4.0716507E+06   2.3918906E+06   6.4629730E+06   3.8296604E-04   1.0691815E-05   2.4301042E-04
   2.4637681E-01   4.0482305E+06   2.4203447E+06   6.4675055E+06   1.0423404E-04   3.2819460E-05   6.6226520E-05
   2.6086957E-01   3.9764758E+06   2.4109076E+06   6.3870046E+06   6.1540073E-04   2.5680475E-05   3.9074149E-04
   2.7536232E-01   3.9458540E+06   2.4050164E+06   6.3494346E+06   1.0765770E-04   1.2888675E-05   6.8547693E-05
   2.8985507E-01   3.8858632E+06   2.3900909E+06   6.2751585E+06   2.6075497E-04   1.2856518E-05   1.6595821E-04
   3.0434783E-01   3.8379724E+06   2.3861850E+06   6.2226780E+06   9.0637301E-05   2.8618225E-05   5.9258412E-05
   3.1884058E-01   3.7720132E+06   2.3501203E+06   6.1212380E+06   5.7558619E-05   3.8417094E-05   3.2343757E-05
   3.3333333E-01   3.6976232E+06   2.3046397E+06   6.0011428E+06   4.5284212E-04   1.3853856E-06   2.7745920E-04
   3.4782609E-01   3.6560164E+06   2.2730522E+06   5.9281845E+06   5.6334144E-04   7.0529929E-06   3.4979182E-04
   3.6231884E-01   3.6169197E+06   2.2341411E+06   5.8500606E+06   2.3415806E-04   1.5337824E-05   1.4382352E-04
   3.7681159E-01   3.5438470E+06   2.1886641E+06   5.7316077E+06   3.0086697E-04   1.9948113E-05   1.7917992E-04
   3.9130435E-01   3.4616499E+06   2.1358633E+06   5.5965028E+06   2.3123765E-04   3.0415525E-05   1.4467591E-04
   4.0579710E-01   3.3788291E+06   2.0666456E+06   5.4443922E+06   5.5059743E-04   7.4628810E-06   3.4386471E-04
   4.2028986E-01   3.3390059E+06   2.0103799E+06   5.3481578E+06   2.7643110E-04   8.6523234E-06   1.7442824E-04
   4.3478261E-01   3.2392738E+06   1.9580674E+06   5.1964824E+06   2.9626974E-04   3.2143340E-05   1.9789691E-04
   4.4927536E-01   3.1991643E+06   1.8924596E+06   5.0905239E+06   1.1437855E-04   5.4980213E-05   5.3524438E-05
   4.6376812E-01   3.1210937E+06   1.8368721E+06   4.9571607E+06   4.2789671E-04   1.2971013E-05   2.6526637E-04
   4.7826087E-01   3.0461015E+06   1.7631614E+06   4.8083215E+06   5.7710688E-04   1.4646580E-05   3.6584854E-04
   4.9275362E-01   3.0092175E+06   1.7163182E+06   4.7246442E+06   2.3902372E-04   1.0439802E-05   1.4993522E-04
   5.0724638E-01   2.9112676E+06   1.6349143E+06   4.5451861E+06   6.8668741E-04   3.7555716E-05   4.4119005E-04
   5.2173913E-01   2.8538889E+06   1.5796074E+06   4.4325070E+06   2.9501213E-04   2.5058904E-05   1.7875735E-04
   5.3623188E-01   2.7681759E+06   1.5043735E+06   4.2709521E+06   1.2990853E-04   1.0048086E-05   8.5710708E-05
   5.5072464E-01   2.7083104E+06   1.4615943E+06   4.1693065E+06   2.6126379E-04   3.6940682E-05   1.7011493E-04
   5.6521739E-01   2.6401489E+06   1.3946824E+06   4.0342095E+06   2.4188286E-04   2.0212916E-05   1.5788976E-04
   5.7971014E-01   2.5666057E+06   1.3280093E+06   3.8937436E+06   7.8968095E-05   1.8754865E-05   4.6358344E-05
   5.9420290E-01   2.5089031E+06   1.2663998E+06   3.7746006E+06   2.9101252E-04   9.9703598E-06   1.9460458E-04
   6.0869565E-01   2.4378193E+06   1.2207499E+06   3.6579197E+06   1.5102209E-04   3.7534367E-05   9.3890081E-05
   6.2318841E-01   2.3772138E+06   1.1575926E+06   3.5343130E+06   4.2332316E-04   2.4868922E-05   2.9063989E-04
   6.3768116E-01   2.3099775E+06   1.0984254E+06   3.4077313E+06   3.5735517E-04   3.9501004E-05   2.5385131E-04
   6.5217391E-01   2.2300696E+06   1.0558135E+06   3.2850916E+06   4.2461545E-04   7.8394913E-06   2.9155494E-04
   6.6666667E-01   2.1751985E+06   1.0045776E+06   3.1793149E+06   1.6559980E-04   3.4838009E-05   1.1006374E-04
   6.8115942E-01   2.1010910E+06   9.6130990E+05   3.0619817E+06   4.4151966E-04   2.0931873E-05   2.9765461E-04
   6.9565217E-01   2.0389273E+06   9.0146986E+05   2.9400183E+06   3.8576414E-04   3.2351553E-05   2.7201634E-04
   7.1014493E-01   1.9638988E+06   8.6109815E+05   2.8248114E+06   2.0636065E-04   3.0929094E-05   1.3380534E-04
   7.2463768E-01   1.9060715E+06   8.1161176E+05   2.7173801E+06   7.7248252E-06   1.9423071E-05   9.1184482E-06
   7.3913043E-01   1.8406018E+06   7.7268341E+05   2.6128841E+06   1.5241733E-04   7.6278784E-06   1.1167981E-04
   7.5362319E-01   1.7612423E+06   7.2838896E+05   2.4892670E+06   2.3193235E-04   8.6372956E-06   1.5774379E-04
   7.6811594E-01   1.7044643E+06   6.8895421E+05   2.3928753E+06   7.1955631E-04   8.1026316E-06   5.0734722E-04
   7.8260870E-01   1.6281516E+06   6.4988550E+05   2.2777565E+06   1.1561052E-04   3.0907270E-05   9.0063234E-05
   7.9710145E-01   1.5613509E+06   6.0500452E+05   2.1662865E+06   5.8231612E-04   2.9085011E-05   4.1771575E-04
   8.1159420E-01   1.4924030E+06   5.7579869E+05   2.0680123E+06   3.9612711E-04   4.7735795E-05   2.8819488E-04
   8.2608696E-01   1.4188420E+06   5.3546726E+05   1.9541099E+06   8.3128107E-04   3.6276789E-05   6.1476492E-04
   8.4057971E-01   1.3536705E+06   4.9488044E+05   1.8483419E+06   4.2185994E-04   8.5788414E-06   3.0505247E-04
   8.5507246E-01   1.2796246E+06   4.6203958E+05   1.7414715E+06   1.8892440E-04   4.3233239E-05   1.3465170E-04
   8.6956522E-01   1.1993456E+06   4.2204670E+05   1.6212913E+06   4.6258425E-04   4.2591562E-05   3.5111921E-04
   8.8405797E-01   1.1319717E+06   3.8869408E+05   1.5204918E+06   4.5985665E-04   4.5461002E-05   3.2972796E-04
   8.9855072E-01   1.0622857E+06   3.5289753E+05   1.4149999E+06   4.8378072E-04   6.0685297E-05   3.4753886E-04
   9.1304348E-01   9.7133424E+05   3.1418409E+05   1.2854462E+06   7.5216106E-04   3.6089384E-05   5.7314116E-04
   9.2753623E-01   8.9694712E+05   2.7510577E+05   1.1720292E+06   5.1228577E-04   2.7246765E-05   4.0264945E-04
   9.4202899E-01   8.1724816E+05   2.3998104E+05   1.0571592E+06   6.5899370E-04   1.0987979E-04   4.9155336E-04
   9.5652174E-01   7.0807049E+05   1.9798741E+05   9.0601198E+05   4.1323282E-04   1.2259168E-04   3.3427169E-04
   9.7101449E-01   5.6610847E+05   1.5264436E+05   7.1870759E+05   7.7270707E-04   6.9918389E-05   6.2505666E-04
   9.8550725E-01   3.6134011E+05   1.0125814E+05   4.6256482E+05   1.0268486E-03   7.1463708E-05   7.7892421E-04
   1.0000000E+00   1.4649211E+05   4.6810073E+04   1.9330218E+05   7.1871377E-04   3.7311053E-04   5.7370395E-04
