   0.0000000E+00   3.8008072E+06   2.0913532E+06   5.8921605E+06   3.4906675E-03   2.5419265E-03   3.1117603E-03
   1.4492754E-02   3.7697400E+06   1.9829969E+06   5.7527369E+06   7.5809659E-04   3.0200638E-03   1.0799848E-03
   2.8985507E-02   3.9353055E+06   1.9511720E+06   5.8860986E+06   5.4849972E-04   9.2063894E-04   6.4401867E-05
   4.3478261E-02   3.9126997E+06   1.9524349E+06   5.8651345E+06   6.3411213E-04   7.4559213E-04   6.7121465E-04
   5.7971014E-02   3.8904096E+06   1.9562867E+06   5.8465068E+06   2.0060128E-04   9.9897008E-05   1.5932164E-04
   7.2463768E-02   3.9764506E+06   2.0026981E+06   5.9791486E+06   6.3536557E-04   1.9178575E-04   4.4935331E-04
   8.6956522E-02   3.9725609E+06   1.9929738E+06   5.9655346E+06   2.2013352E-04   8.8500252E-04   3.1326423E-04
   1.0144928E-01   4.0365716E+06   2.0205590E+06   6.0569141E+06   2.7225811E-04   4.4418636E-04   2.7407706E-04
   1.1594203E-01   4.0557856E+06   2.0514774E+06   6.1072630E+06   4.4728843E-04   1.9777778E-04   3.4740867E-04
   1.3043478E-01   4.1316014E+06   2.0823446E+06   6.2135250E+06   1.5363847E-04   6.8741833E-05   7.9269072E-05
   1.4492754E-01   4.2229423E+06   2.1214354E+06   6.3443019E+06   1.3133425E-04   4.5085095E-04   8.8098606E-05
   1.5942029E-01   4.2849321E+06   2.1550720E+06   6.4396597E+06   1.6998676E-04   2.7896096E-04   2.0326147E-04
   1.7391304E-01   4.3453042E+06   2.1968681E+06   6.5418565E+06   4.9350821E-05   3.5005195E-04   1.5031939E-04
   1.8840580E-01   4.4535099E+06   2.2331666E+06   6.6865599E+06   2.5951949E-04   3.1443435E-04   2.5777942E-04
   2.0289855E-01   4.4548422E+06   2.2669317E+06   6.7215033E+06   2.0947050E-04   2.5197555E-05   1.4355986E-04
   2.1739130E-01   4.5258097E+06   2.3099350E+06   6.8349364E+06   9.5301686E-05   2.6511885E-04   1.4368590E-04
   2.3188406E-01   4.5704309E+06   2.2988310E+06   6.8685515E+06   1.2143325E-04   1.3426741E-04   5.4117808E-05
   2.4637681E-01   4.5878282E+06   2.2960313E+06   6.8829680E+06   1.7390192E-04   1.0926573E-04   1.5219472E-04
   2.6086957E-01   4.5804341E+06   2.3114337E+06   6.8911942E+06   2.5464384E-04   2.6824906E-04   8.7082073E-05
   2.7536232E-01   4.5650445E+06   2.3074278E+06   6.8720336E+06   1.4606082E-04   5.9181615E-05   1.1066938E-04
   2.8985507E-01   4.5631661E+06   2.2885921E+06   6.8514930E+06   5.9530760E-05   2.5971733E-04   1.2293403E-04
   3.0434783E-01   4.5319509E+06   2.2715142E+06   6.8024909E+06   1.7290643E-04   2.9601221E-04   8.8959129E-05
   3.1884058E-01   4.4767083E+06   2.2503402E+06   6.7260497E+06   1.5722872E-04   1.4108470E-04   1.2282620E-04
   3.3333333E-01   4.3999463E+06   2.2153585E+06   6.6148765E+06   1.9783686E-04   1.3715872E-04   1.6141584E-04
   3.4782609E-01   4.3330541E+06   2.2055505E+06   6.5377205E+06   4.7182340E-05   2.1803680E-04   6.0694727E-05
   3.6231884E-01   4.2631175E+06   2.1258454E+06   6.3881749E+06   4.2841114E-05   2.6641893E-04   6.4359829E-05
   3.7681159E-01   4.1895553E+06   2.0882349E+06   6.2768867E+06   1.5741347E-04   7.1541348E-05   1.2882089E-04
   3.9130435E-01   4.0787843E+06   2.0457207E+06   6.1238034E+06   1.6210903E-04   1.6817309E-04   5.8134391E-05
   4.0579710E-01   3.9695660E+06   1.9973939E+06   5.9664457E+06   1.8444348E-04   3.2980182E-04   1.2909861E-04
   4.2028986E-01   3.8554688E+06   1.9613883E+06   5.8164390E+06   1.6362848E-04   3.5193354E-04   2.0354591E-04
   4.3478261E-01   3.7534234E+06   1.8949226E+06   5.6477146E+06   2.1088746E-04   1.6244276E-04   1.3247119E-04
   4.4927536E-01   3.6326141E+06   1.8358249E+06   5.4679012E+06   7.9160698E-05   1.5679312E-04   1.0159393E-04
   4.6376812E-01   3.5325921E+06   1.7734354E+06   5.3054355E+06   1.0347040E-04   7.5433623E-05   4.4822190E-05
   4.7826087E-01   3.4213189E+06   1.7127145E+06   5.1335053E+06   4.9146429E-05   2.7755477E-05   3.9057840E-05
   4.9275362E-01   3.2950403E+06   1.6510414E+06   4.9449005E+06   1.4577668E-04   3.9650347E-04   1.3906165E-04
   5.0724638E-01   3.1864993E+06   1.6055141E+06   4.7912773E+06   1.3755935E-04   2.4133878E-04   1.6965307E-04
   5.2173913E-01   3.0588146E+06   1.5371741E+06   4.5954836E+06   1.9790446E-04   3.0912450E-04   1.6669910E-04
   5.3623188E-01   2.9634672E+06   1.4857988E+06   4.4486721E+06   4.5586590E-05   3.0045001E-04   8.0551561E-05
   5.5072464E-01   2.8399572E+06   1.4219328E+06   4.2613915E+06   2.3456112E-04   1.9115155E-04   2.1294097E-04
   5.6521739E-01   2.7453772E+06   1.3660827E+06   4.1107215E+06   2.0171104E-04   1.5472053E-04   1.7093831E-04
   5.7971014E-01   2.6395568E+06   1.3220421E+06   3.9612769E+06   4.5542019E-04   1.3621972E-04   2.8712200E-04
   5.9420290E-01   2.5280314E+06   1.2670466E+06   3.7945235E+06   2.0366200E-04   3.0976611E-04   2.3701154E-04
   6.0869565E-01   2.4273193E+06   1.2149947E+06   3.6418268E+06   1.8400412E-04   2.0562532E-04   1.8448782E-04
   6.2318841E-01   2.3285425E+06   1.1653990E+06   3.4937300E+06   1.8038592E-04   2.5698686E-04   1.4653249E-04
   6.3768116E-01   2.2201513E+06   1.1168178E+06   3.3366246E+06   1.3924154E-04   2.9117528E-04   6.3994833E-05
   6.5217391E-01   2.1467522E+06   1.0683414E+06   3.2147737E+06   2.4343979E-04   2.4275798E-04   2.3105375E-04
   6.6666667E-01   2.0490353E+06   1.0233893E+06   3.0721281E+06   1.1989216E-04   3.0155265E-04   1.2665824E-04
   6.8115942E-01   1.9638439E+06   9.8268775E+05   2.9463543E+06   3.8253425E-04   2.6852084E-04   3.0501081E-04
   6.9565217E-01   1.8581756E+06   9.3073744E+05   2.7885815E+06   4.0741196E-04   8.7502279E-05   2.9590512E-04
   7.1014493E-01   1.7766142E+06   8.9734580E+05   2.6736352E+06   1.7857854E-04   2.7309263E-04   1.4989899E-04
   7.2463768E-01   1.6921776E+06   8.4122411E+05   2.5329773E+06   3.1185691E-04   3.2069766E-04   3.0821381E-04
   7.3913043E-01   1.6145437E+06   8.0254715E+05   2.4168680E+06   2.7854069E-04   2.4415082E-04   2.6147563E-04
   7.5362319E-01   1.5380306E+06   7.6706267E+05   2.3049330E+06   5.3689784E-04   4.1194218E-04   4.9369919E-04
   7.6811594E-01   1.4603873E+06   7.2569729E+05   2.1859274E+06   1.8059644E-04   4.3749865E-04   1.7901545E-04
   7.8260870E-01   1.3906713E+06   6.8645331E+05   2.0768019E+06   3.4761669E-04   3.6141534E-04   1.3524016E-04
   7.9710145E-01   1.3140670E+06   6.5639285E+05   1.9702807E+06   3.7521992E-04   3.5836993E-04   2.5022112E-04
   8.1159420E-01   1.2395896E+06   6.1321194E+05   1.8526662E+06   2.3473436E-04   1.8882626E-04   1.7872677E-04
   8.2608696E-01   1.1685629E+06   5.8179554E+05   1.7501192E+06   2.4882659E-04   2.2608359E-04   1.3775025E-04
   8.4057971E-01   1.0898605E+06   5.4423784E+05   1.6339285E+06   6.2480508E-04   2.5939808E-04   4.1290728E-04
   8.5507246E-01   1.0143397E+06   5.0565439E+05   1.5198400E+06   1.4475538E-04   5.1612049E-04   1.6674008E-04
   8.6956522E-01   9.5684463E+05   4.7747514E+05   1.4342566E+06   4.1171236E-04   1.6587816E-04   2.4480617E-04
   8.8405797E-01   8.8319800E+05   4.4121392E+05   1.3242380E+06   4.4701586E-04   4.7603908E-04   4.4881006E-04
   8.9855072E-01   8.1121823E+05   4.0282260E+05   1.2139553E+06   4.0491387E-04   3.5692153E-04   2.8859779E-04
   9.1304348E-01   7.3926234E+05   3.6401430E+05   1.1032766E+06   5.5761689E-04   2.3997915E-04   2.9446158E-04
   9.2753623E-01   6.6558880E+05   3.2487960E+05   9.9044472E+05   4.1644149E-05   4.4013485E-04   1.1615127E-04
   9.4202899E-01   5.8595195E+05   2.8624960E+05   8.7214327E+05   4.6760642E-04   1.4600283E-04   3.5299388E-04
   9.5652174E-01   4.9706378E+05   2.4223464E+05   7.3925250E+05   2.7109503E-04   3.7207631E-04   2.2170721E-04
   9.7101449E-01   3.8020286E+05   1.9237464E+05   5.7257751E+05   2.8641116E-04   5.7901721E-04   2.8768210E-04
   9.8550725E-01   2.5603700E+05   1.2489283E+05   3.8091869E+05   7.4498106E-04   2.5835809E-04   5.7800189E-04
   1.0000000E+00   1.1460699E+05   5.9699803E+04   1.7430679E+05   1.7759341E-03   1.2714031E-03   1.4316498E-03
