   0.0000000E+00   3.9038594E+06   2.0974151E+06   6.0012745E+06   9.0442012E-03   4.1322575E-03   6.7506393E-03
   1.4492754E-02   3.7962608E+06   1.9602648E+06   5.7557679E+06   9.2656388E-04   1.8962452E-03   4.9685033E-04
   2.8985507E-02   3.8671092E+06   2.0280822E+06   5.8951914E+06   5.2593771E-04   1.2887365E-03   1.0429604E-04
   4.3478261E-02   3.8834005E+06   1.9789556E+06   5.8623561E+06   6.0252010E-04   8.7280468E-04   1.2065233E-04
   5.7971014E-02   3.8866209E+06   2.0036452E+06   5.8902661E+06   1.1762991E-04   8.2435408E-04   2.0858059E-04
   7.2463768E-02   3.9396246E+06   1.9693576E+06   5.9085276E+06   1.3885399E-04   4.2702033E-04   2.3232725E-04
   8.6956522E-02   3.9560169E+06   1.9978991E+06   5.9541686E+06   3.9563268E-04   6.0810356E-04   4.5637454E-04
   1.0144928E-01   3.9730299E+06   2.0227240E+06   5.9956456E+06   4.0867144E-04   4.4049644E-04   4.0965832E-04
   1.1594203E-01   4.0447984E+06   2.0468362E+06   6.0911611E+06   9.7656164E-05   6.5848740E-04   2.7862737E-04
   1.3043478E-01   4.0659309E+06   2.0575919E+06   6.1228492E+06   2.2681882E-04   7.1090154E-04   1.2456114E-04
   1.4492754E-01   4.0955668E+06   2.1072657E+06   6.2021505E+06   4.0136931E-04   1.9412507E-04   2.8257174E-04
   1.5942029E-01   4.1915927E+06   2.1425349E+06   6.3336454E+06   6.6027068E-05   3.3010949E-04   1.4181228E-04
   1.7391304E-01   4.2284864E+06   2.1699684E+06   6.3982023E+06   3.3700551E-04   6.6471945E-04   4.2565841E-04
   1.8840580E-01   4.3147858E+06   2.1815239E+06   6.4956686E+06   3.2071285E-04   5.9733227E-04   4.1219251E-04
   2.0289855E-01   4.3329007E+06   2.2139442E+06   6.5464661E+06   2.0888949E-04   2.4356939E-04   1.7946877E-04
   2.1739130E-01   4.3884573E+06   2.2488109E+06   6.6364599E+06   4.6179910E-04   2.3597777E-04   2.7784278E-04
   2.3188406E-01   4.4019765E+06   2.2556400E+06   6.6572377E+06   2.3413736E-04   4.0491708E-04   2.3411285E-04
   2.4637681E-01   4.4032524E+06   2.2615320E+06   6.6637147E+06   3.0999835E-04   1.0391180E-04   1.7143797E-04
   2.6086957E-01   4.4083015E+06   2.2489625E+06   6.6562958E+06   1.7683001E-04   1.0092770E-04   1.2874507E-04
   2.7536232E-01   4.3983823E+06   2.2518339E+06   6.6491793E+06   2.3918469E-04   4.2757614E-04   1.8742152E-04
   2.8985507E-01   4.3645254E+06   2.2125153E+06   6.5761315E+06   4.6594636E-04   7.3595275E-04   1.1238422E-04
   3.0434783E-01   4.3306816E+06   2.2304160E+06   6.5593296E+06   2.2739467E-04   1.1780291E-04   1.1142640E-04
   3.1884058E-01   4.2752881E+06   2.2073214E+06   6.4815418E+06   2.7672316E-04   1.6755887E-04   1.2727743E-04
   3.3333333E-01   4.2224712E+06   2.1730900E+06   6.3944740E+06   1.1503474E-04   2.8711380E-04   4.0972852E-05
   3.4782609E-01   4.1441251E+06   2.1271879E+06   6.2705552E+06   2.1484278E-04   3.0054733E-04   3.8726795E-05
   3.6231884E-01   4.0837461E+06   2.0934143E+06   6.1759783E+06   2.9090031E-04   1.5868758E-04   1.4708338E-04
   3.7681159E-01   3.9998005E+06   2.0535247E+06   6.0518389E+06   2.1423777E-04   4.2082964E-04   5.2141355E-05
   3.9130435E-01   3.9222135E+06   2.0122680E+06   5.9331063E+06   1.9293660E-04   4.6274160E-04   1.1618771E-04
   4.0579710E-01   3.8428887E+06   1.9596694E+06   5.8013944E+06   1.0794490E-04   3.3661836E-04   1.8585885E-04
   4.2028986E-01   3.7443428E+06   1.9152187E+06   5.6583595E+06   1.2152291E-04   3.9836588E-04   6.4685923E-05
   4.3478261E-01   3.6396619E+06   1.8590564E+06   5.4976070E+06   2.3634634E-04   6.7903593E-05   1.7962669E-04
   4.4927536E-01   3.5590892E+06   1.7865964E+06   5.3447079E+06   3.5222109E-04   2.2115244E-04   3.0900915E-04
   4.6376812E-01   3.4592811E+06   1.7531896E+06   5.2110973E+06   2.6019468E-04   3.8303104E-04   2.1353799E-04
   4.7826087E-01   3.3311712E+06   1.7106020E+06   5.0407629E+06   3.0904509E-04   4.2577591E-04   1.4845209E-04
   4.9275362E-01   3.2364048E+06   1.6481441E+06   4.8837021E+06   1.8037278E-04   2.4145220E-04   4.0239390E-05
   5.0724638E-01   3.1433299E+06   1.5916367E+06   4.7343605E+06   1.7277459E-04   1.8618506E-04   1.7763952E-04
   5.2173913E-01   3.0427548E+06   1.5463301E+06   4.5882219E+06   5.6662514E-04   3.2954440E-04   4.7518241E-04
   5.3623188E-01   2.9322362E+06   1.4826654E+06   4.4138162E+06   1.4609731E-04   2.2577442E-04   7.6394638E-05
   5.5072464E-01   2.8255802E+06   1.4385830E+06   4.2635052E+06   3.9408599E-04   1.8985021E-04   2.1624771E-04
   5.6521739E-01   2.7380329E+06   1.3700462E+06   4.1075157E+06   1.3243000E-04   2.2263426E-04   2.1529898E-05
   5.7971014E-01   2.6349535E+06   1.3210002E+06   3.9551771E+06   1.0448362E-04   9.1579215E-05   8.8204089E-05
   5.9420290E-01   2.5498394E+06   1.2754741E+06   3.8245558E+06   5.6358641E-04   2.4148517E-04   4.4384358E-04
   6.0869565E-01   2.4444044E+06   1.2257293E+06   3.6695744E+06   3.5088810E-04   4.7320168E-04   2.5347408E-04
   6.2318841E-01   2.3657949E+06   1.1744038E+06   3.5395466E+06   1.7286264E-04   3.8228274E-04   2.3305723E-04
   6.3768116E-01   2.2593986E+06   1.1335052E+06   3.3922149E+06   1.9228277E-04   3.3711915E-05   1.3966792E-04
   6.5217391E-01   2.1859861E+06   1.0875205E+06   3.2727489E+06   3.0444094E-04   5.6240874E-04   3.8613443E-04
   6.6666667E-01   2.0927534E+06   1.0336517E+06   3.1259109E+06   2.0392812E-04   6.9414293E-04   3.3272797E-04
   6.8115942E-01   2.0096305E+06   9.9255445E+05   3.0016530E+06   4.2299861E-04   1.3097500E-04   2.4941406E-04
   6.9565217E-01   1.9199627E+06   9.4513444E+05   2.8646393E+06   1.9530238E-04   4.0036517E-04   1.4725309E-04
   7.1014493E-01   1.8375424E+06   9.1265518E+05   2.7498264E+06   1.6780996E-04   3.7013278E-04   2.1619566E-04
   7.2463768E-01   1.7634048E+06   8.6174362E+05   2.6246483E+06   1.5032066E-04   3.4807154E-04   1.4305246E-04
   7.3913043E-01   1.6800954E+06   8.2634900E+05   2.5061027E+06   4.8033485E-04   5.4402650E-04   4.4861982E-04
   7.5362319E-01   1.6141103E+06   7.8457805E+05   2.3984260E+06   3.6401003E-04   4.3847462E-04   2.6743807E-04
   7.6811594E-01   1.5334446E+06   7.5004494E+05   2.2830606E+06   5.6916602E-04   4.0105435E-04   3.1021107E-04
   7.8260870E-01   1.4576328E+06   7.1799760E+05   2.1751533E+06   4.5415013E-04   4.1330715E-04   4.3956644E-04
   7.9710145E-01   1.3797972E+06   6.7675530E+05   2.0563045E+06   5.5173259E-04   5.9723984E-04   1.7231374E-04
   8.1159420E-01   1.3213439E+06   6.3666119E+05   1.9576398E+06   3.1973846E-04   3.2134937E-04   2.8400857E-04
   8.2608696E-01   1.2369985E+06   6.0577724E+05   1.8425099E+06   2.9316302E-04   2.9455738E-04   2.0821743E-04
   8.4057971E-01   1.1696711E+06   5.6503641E+05   1.7345246E+06   7.5108138E-04   1.1761216E-04   5.3220184E-04
   8.5507246E-01   1.0915261E+06   5.2949098E+05   1.6208245E+06   5.7065503E-04   5.7933916E-04   5.4260185E-04
   8.6956522E-01   1.0246242E+06   4.9350127E+05   1.5178602E+06   5.0647772E-04   2.3025713E-04   4.1321885E-04
   8.8405797E-01   9.5476064E+05   4.5471654E+05   1.4092909E+06   2.8471127E-04   2.7200161E-04   2.8203910E-04
   8.9855072E-01   8.7818015E+05   4.1835620E+05   1.2964630E+06   7.4887653E-04   4.7132732E-04   5.6087742E-04
   9.1304348E-01   7.9716305E+05   3.8100925E+05   1.1781603E+06   5.2781946E-04   6.0342614E-04   4.6362277E-04
   9.2753623E-01   7.0465960E+05   3.3785584E+05   1.0424089E+06   3.1324786E-04   4.6919730E-04   1.9815412E-04
   9.4202899E-01   6.1904756E+05   2.9346559E+05   9.1243154E+05   2.3519917E-04   8.7961017E-04   4.0018215E-04
   9.5652174E-01   5.0533000E+05   2.3953664E+05   7.4482072E+05   1.0276831E-03   1.8157062E-03   8.4339719E-04
   9.7101449E-01   3.9083380E+05   1.8934369E+05   5.8016618E+05   1.3325524E-03   1.0045299E-03   1.1765042E-03
   9.8550725E-01   2.6286777E+05   1.2555028E+05   3.8840691E+05   2.6041593E-03   1.8688329E-03   2.3665066E-03
   1.0000000E+00   1.3178600E+05   6.2063285E+04   1.9384929E+05   5.7876488E-03   6.3159689E-03   5.9423631E-03
