   0.0000000E+00   4.0796543E+06   1.9701154E+06   6.0497697E+06   4.2389618E-03   5.5231651E-03   2.5949319E-03
   1.4492754E-02   4.2402945E+06   2.1345442E+06   6.3748387E+06   1.8572155E-03   1.2301610E-04   1.1941718E-03
   2.8985507E-02   4.2986402E+06   2.1902379E+06   6.4888781E+06   8.3507248E-04   9.4872003E-04   2.6242023E-04
   4.3478261E-02   4.3097537E+06   2.0587706E+06   6.3680191E+06   1.0880825E-03   7.7844573E-04   4.9979234E-04
   5.7971014E-02   4.2563964E+06   2.0636959E+06   6.3195239E+06   6.2626645E-04   5.9292817E-04   6.1480013E-04
   7.2463768E-02   4.2616627E+06   2.0902924E+06   6.3515004E+06   7.8501599E-04   5.7423288E-04   5.7212963E-04
   8.6956522E-02   4.2754030E+06   2.1239359E+06   6.3987074E+06   6.6273093E-04   3.8684834E-04   3.5895996E-04
   1.0144928E-01   4.2924701E+06   2.1493742E+06   6.4418443E+06   1.4035247E-04   8.5680438E-04   2.6080610E-04
   1.1594203E-01   4.2992085E+06   2.1557609E+06   6.4544011E+06   7.5632730E-04   5.1220816E-04   4.3378689E-04
   1.3043478E-01   4.3321490E+06   2.2092234E+06   6.5412882E+06   7.6592315E-04   3.7668705E-04   4.2156694E-04
   1.4492754E-01   4.3140223E+06   2.2194107E+06   6.5329026E+06   4.5244328E-04   3.9450159E-04   3.0501523E-04
   1.5942029E-01   4.3339094E+06   2.2198241E+06   6.5535957E+06   5.7185379E-04   4.1497368E-04   2.4856295E-04
   1.7391304E-01   4.3509240E+06   2.2433426E+06   6.5942035E+06   4.5786039E-04   5.9646412E-04   2.4933971E-04
   1.8840580E-01   4.3382174E+06   2.2909877E+06   6.6282725E+06   4.5421900E-04   3.2559989E-04   4.0597356E-04
   2.0289855E-01   4.3327384E+06   2.2933983E+06   6.6255954E+06   4.5178552E-04   1.0985678E-04   2.8371900E-04
   2.1739130E-01   4.2970742E+06   2.2961947E+06   6.5928648E+06   1.2466795E-04   3.2998366E-04   1.3302057E-04
   2.3188406E-01   4.2991612E+06   2.3168273E+06   6.6154675E+06   2.0022794E-04   1.4516179E-04   7.9394855E-05
   2.4637681E-01   4.2653444E+06   2.3135930E+06   6.5785807E+06   3.0504247E-04   1.6169183E-04   1.5326113E-04
   2.6086957E-01   4.2580171E+06   2.3001518E+06   6.5576216E+06   2.2513323E-04   1.7662433E-04   1.1781276E-04
   2.7536232E-01   4.1980606E+06   2.2905582E+06   6.4879010E+06   8.2171248E-05   1.4703809E-04   2.8852197E-05
   2.8985507E-01   4.1614520E+06   2.2822650E+06   6.4431108E+06   6.2938571E-05   9.8810681E-05   1.0296584E-05
   3.0434783E-01   4.0953864E+06   2.2539780E+06   6.3478128E+06   2.9152511E-04   8.2686110E-05   2.1331485E-04
   3.1884058E-01   4.0710092E+06   2.2506502E+06   6.3205228E+06   2.1051778E-04   1.5478096E-04   8.7153002E-05
   3.3333333E-01   4.0244713E+06   2.1795472E+06   6.2032278E+06   3.1290266E-04   2.3480675E-04   1.8294017E-04
   3.4782609E-01   3.9282017E+06   2.1694948E+06   6.0965915E+06   7.6396464E-05   1.2022346E-04   9.2281327E-05
   3.6231884E-01   3.8823397E+06   2.1191470E+06   6.0008805E+06   1.4304096E-05   2.8640804E-04   1.0714262E-04
   3.7681159E-01   3.7933173E+06   2.0671640E+06   5.8593446E+06   2.4486237E-04   1.8008186E-04   1.1219438E-04
   3.9130435E-01   3.7334248E+06   2.0390133E+06   5.7713436E+06   1.5892294E-04   3.0525379E-04   1.9669069E-04
   4.0579710E-01   3.6388681E+06   1.9739852E+06   5.6119332E+06   1.7292007E-04   3.9791013E-05   1.2228941E-04
   4.2028986E-01   3.5855316E+06   1.9391004E+06   5.5235869E+06   3.0572175E-04   2.9024069E-04   1.3857531E-04
   4.3478261E-01   3.5161761E+06   1.8755246E+06   5.3907913E+06   1.9706169E-04   2.9713419E-04   2.3046192E-04
   4.4927536E-01   3.4134815E+06   1.8195213E+06   5.2321474E+06   3.9248830E-04   1.6336310E-04   3.0772341E-04
   4.6376812E-01   3.3302054E+06   1.7780528E+06   5.1075952E+06   1.9579452E-04   2.1212636E-04   1.8696275E-04
   4.7826087E-01   3.2657303E+06   1.7118879E+06   4.9764931E+06   1.4140951E-04   1.5695239E-04   1.3350568E-04
   4.9275362E-01   3.1605866E+06   1.6584627E+06   4.8177790E+06   1.3221924E-04   2.1993715E-04   1.2080522E-04
   5.0724638E-01   3.0759130E+06   1.6133729E+06   4.6885499E+06   2.7968210E-04   2.8095501E-04   2.0012398E-04
   5.2173913E-01   2.9764739E+06   1.5461828E+06   4.5217516E+06   2.5298091E-04   1.1012319E-04   1.3935483E-04
   5.3623188E-01   2.8854408E+06   1.4994995E+06   4.3841006E+06   3.0781812E-04   2.8881917E-05   1.9411396E-04
   5.5072464E-01   2.8102260E+06   1.4365292E+06   4.2461370E+06   1.3976547E-04   1.5817528E-04   1.3650897E-04
   5.6521739E-01   2.7206633E+06   1.3803825E+06   4.1004241E+06   2.7932876E-04   1.0571681E-04   2.1290158E-04
   5.7971014E-01   2.6258796E+06   1.3336923E+06   3.9590037E+06   3.2218335E-05   1.4107942E-04   4.2114057E-05
   5.9420290E-01   2.5457180E+06   1.2746610E+06   3.8198430E+06   1.9723214E-04   8.9697356E-05   1.4012334E-04
   6.0869565E-01   2.4539663E+06   1.2180617E+06   3.6713425E+06   1.5028692E-04   1.8768219E-04   4.3049007E-05
   6.2318841E-01   2.3769671E+06   1.1651347E+06   3.5415732E+06   1.9618243E-04   2.5687764E-05   1.3460127E-04
   6.3768116E-01   2.2916196E+06   1.1236546E+06   3.4147576E+06   5.1396489E-04   1.4235917E-04   3.0269807E-04
   6.5217391E-01   2.2163293E+06   1.0753631E+06   3.2910525E+06   2.9745113E-04   1.7759104E-04   2.5992978E-04
   6.6666667E-01   2.1162433E+06   1.0300442E+06   3.1459415E+06   1.7694200E-04   3.8020722E-04   1.1570760E-04
   6.8115942E-01   2.0431644E+06   9.8093044E+05   3.0238208E+06   1.5353944E-04   3.0739315E-04   9.2929614E-05
   6.9565217E-01   1.9571076E+06   9.3132153E+05   2.8880187E+06   3.4478204E-04   1.5491590E-04   2.1326558E-04
   7.1014493E-01   1.8731560E+06   8.8420139E+05   2.7569399E+06   2.1677951E-04   1.5315481E-04   1.6963576E-04
   7.2463768E-01   1.7961693E+06   8.4669497E+05   2.6426370E+06   2.7156786E-04   2.7955237E-04   1.7406983E-04
   7.3913043E-01   1.7237767E+06   8.0939650E+05   2.5328314E+06   5.9757884E-04   6.0884414E-05   4.2754442E-04
   7.5362319E-01   1.6394362E+06   7.5925216E+05   2.3983823E+06   2.3154859E-04   1.0368168E-04   1.6713540E-04
   7.6811594E-01   1.5635396E+06   7.1729070E+05   2.2804443E+06   8.1253696E-04   2.8830966E-04   4.8395150E-04
   7.8260870E-01   1.4855708E+06   6.8186479E+05   2.1670708E+06   1.6879651E-04   8.6266500E-05   1.2335309E-04
   7.9710145E-01   1.4192959E+06   6.4223006E+05   2.0614295E+06   1.7276226E-04   3.0089916E-04   1.2168514E-04
   8.1159420E-01   1.3455103E+06   6.0494449E+05   1.9503736E+06   3.7410832E-04   2.3858980E-04   2.7213649E-04
   8.2608696E-01   1.2787006E+06   5.7153286E+05   1.8501404E+06   1.6103087E-04   1.8434517E-04   1.3829875E-04
   8.4057971E-01   1.2017051E+06   5.3496210E+05   1.7363275E+06   2.9394215E-04   5.9893473E-04   3.0420767E-04
   8.5507246E-01   1.1343190E+06   4.9644596E+05   1.6305723E+06   3.5727755E-04   6.8281835E-04   4.9226702E-05
   8.6956522E-01   1.0625110E+06   4.6333072E+05   1.5257028E+06   6.5301958E-04   4.6390581E-04   5.9759288E-04
   8.8405797E-01   9.9708210E+05   4.2665544E+05   1.4234270E+06   6.6477239E-04   5.4089586E-04   5.0226044E-04
   8.9855072E-01   9.2330215E+05   3.8576130E+05   1.3089779E+06   6.2571997E-04   2.8851502E-04   5.2719537E-04
   9.1304348E-01   8.4662040E+05   3.5255203E+05   1.1990762E+06   6.9089830E-04   2.6266891E-04   4.1529284E-04
   9.2753623E-01   7.7287958E+05   3.1613011E+05   1.0889150E+06   7.2912499E-04   1.2107966E-04   5.5221092E-04
   9.4202899E-01   6.9237315E+05   2.7629411E+05   9.6853903E+05   5.6153383E-04   3.1007673E-04   4.7711204E-04
   9.5652174E-01   6.1044875E+05   2.3973181E+05   8.5008871E+05   5.4810151E-04   3.3485750E-04   3.3848145E-04
   9.7101449E-01   5.1046572E+05   1.9601630E+05   7.0645940E+05   5.8163824E-04   2.4180333E-04   3.5447829E-04
   9.8550725E-01   3.4029063E+05   1.3155646E+05   4.7181366E+05   5.8911132E-04   8.6290073E-04   5.5756745E-04
   1.0000000E+00   1.4968719E+05   5.9656035E+04   2.0932134E+05   9.0331928E-04   1.8930039E-03   1.1823979E-03
