   0.0000000E+00   3.8129310E+06   1.8852489E+06   5.6981799E+06   3.0654936E-03   3.1006809E-03   2.1481443E-03
   1.4492754E-02   3.8144465E+06   1.8784292E+06   5.6928757E+06   4.4099268E-04   6.3881606E-04   5.0040303E-04
   2.8985507E-02   3.8167197E+06   1.9659478E+06   5.7826675E+06   5.1015034E-04   1.2754458E-03   1.2856512E-04
   4.3478261E-02   3.8705190E+06   1.9264192E+06   5.7969382E+06   7.5098648E-04   1.3967762E-04   5.4533577E-04
   5.7971014E-02   3.8182352E+06   1.9043817E+06   5.7226169E+06   4.1782266E-04   2.9259972E-04   3.7463791E-04
   7.2463768E-02   3.9290163E+06   1.9667813E+06   5.8957976E+06   1.7878493E-04   5.5181682E-04   3.0252462E-04
   8.6956522E-02   3.9161095E+06   1.9588756E+06   5.8741011E+06   1.4252093E-04   4.7307058E-04   9.9310198E-05
   1.0144928E-01   3.9987930E+06   1.9831052E+06   5.9820064E+06   2.2344427E-04   3.1562659E-04   1.5970699E-04
   1.1594203E-01   4.0447984E+06   2.0206943E+06   6.0646403E+06   1.7685596E-04   1.7591311E-04   1.0640268E-04
   1.3043478E-01   4.0874843E+06   2.0719889E+06   6.1593889E+06   3.7828404E-04   5.7230857E-04   6.9804900E-05
   1.4492754E-01   4.1849039E+06   2.1028708E+06   6.2870928E+06   1.0047380E-04   3.8361356E-04   1.3240424E-04
   1.5942029E-01   4.2397434E+06   2.1369552E+06   6.3765609E+06   3.7018534E-04   3.2432577E-04   3.3211817E-04
   1.7391304E-01   4.3645002E+06   2.1891644E+06   6.5530331E+06   1.6889823E-04   3.6460534E-04   2.1050220E-04
   1.8840580E-01   4.4443588E+06   2.2226748E+06   6.6662176E+06   2.1501430E-04   5.3398050E-04   1.8006482E-04
   2.0289855E-01   4.5126467E+06   2.2506944E+06   6.7623669E+06   2.2605270E-04   3.4029491E-04   2.6442349E-04
   2.1739130E-01   4.5643027E+06   2.2719977E+06   6.8350880E+06   1.4123660E-04   3.1592559E-04   7.8337876E-05
   2.3188406E-01   4.6283030E+06   2.3165905E+06   6.9445620E+06   2.7548229E-04   1.4473413E-04   1.3844475E-04
   2.4637681E-01   4.6380171E+06   2.3416292E+06   6.9785320E+06   1.8431868E-04   3.5379021E-04   5.0495393E-05
   2.6086957E-01   4.6426527E+06   2.3345446E+06   6.9763554E+06   2.3619048E-04   2.2785417E-04   8.3237234E-05
   2.7536232E-01   4.6626330E+06   2.3392528E+06   7.0012078E+06   2.8157643E-04   4.2387022E-04   1.1864672E-04
   2.8985507E-01   4.6288240E+06   2.3366705E+06   6.9642442E+06   2.8622509E-04   4.2280976E-04   8.6219047E-05
   3.0434783E-01   4.5620800E+06   2.3109526E+06   6.8720944E+06   2.5538432E-05   1.8019584E-04   4.5087720E-05
   3.1884058E-01   4.5330219E+06   2.2862293E+06   6.8182180E+06   1.7461644E-04   2.1859733E-04   5.6140647E-05
   3.3333333E-01   4.4827702E+06   2.2711016E+06   6.7530811E+06   2.0752536E-04   2.6015724E-04   1.9363868E-04
   3.4782609E-01   4.4104379E+06   2.2108862E+06   6.6200297E+06   9.7543450E-05   1.1042943E-04   1.0118909E-04
   3.6231884E-01   4.3337689E+06   2.1732494E+06   6.5060787E+06   4.3992228E-05   8.6937356E-05   1.8540641E-05
   3.7681159E-01   4.2235368E+06   2.1376335E+06   6.3603834E+06   1.2309099E-04   1.2415247E-04   1.0637131E-04
   3.9130435E-01   4.1456335E+06   2.0781350E+06   6.2229266E+06   1.7279533E-04   1.1171707E-04   1.2275320E-04
   4.0579710E-01   4.0368963E+06   2.0176363E+06   6.0539102E+06   1.3750038E-04   2.0979668E-04   1.0546746E-04
   4.2028986E-01   3.9321047E+06   1.9629299E+06   5.8938066E+06   1.1994020E-04   3.3530093E-04   1.8308607E-04
   4.3478261E-01   3.8126532E+06   1.9200037E+06   5.7317223E+06   2.7413578E-04   2.4661984E-04   2.0291364E-04
   4.4927536E-01   3.7088278E+06   1.8621012E+06   5.5699268E+06   1.7854492E-04   9.9331899E-05   1.3663831E-04
   4.6376812E-01   3.5814898E+06   1.8043605E+06   5.3847847E+06   3.8466150E-05   1.7222823E-04   6.7249152E-05
   4.7826087E-01   3.4548430E+06   1.7416463E+06   5.1953642E+06   7.9631372E-05   1.6837098E-04   7.9939386E-05
   4.9275362E-01   3.3508453E+06   1.6813508E+06   5.0316836E+06   6.2729931E-05   2.3241223E-04   9.8238472E-05
   5.0724638E-01   3.2276985E+06   1.6214483E+06   4.8483457E+06   7.5167087E-05   3.2771698E-04   1.3579808E-04
   5.2173913E-01   3.1044472E+06   1.5588538E+06   4.6624170E+06   1.3496240E-04   3.1630725E-04   1.7403873E-04
   5.3623188E-01   3.0123515E+06   1.5029400E+06   4.5141651E+06   9.8465690E-05   1.7810599E-04   1.2686299E-04
   5.5072464E-01   2.8751720E+06   1.4402979E+06   4.3145527E+06   1.4447462E-04   1.0480213E-04   1.0994293E-04
   5.6521739E-01   2.7638154E+06   1.3834329E+06   4.1465100E+06   3.5729199E-04   2.0554605E-04   2.7987990E-04
   5.7971014E-01   2.6545789E+06   1.3284829E+06   3.9824556E+06   2.4798976E-04   5.6006609E-04   3.2820877E-04
   5.9420290E-01   2.5396931E+06   1.2700591E+06   3.8093086E+06   1.0407455E-04   6.5992772E-05   9.3167481E-05
   6.0869565E-01   2.4326775E+06   1.2164380E+06   3.6487006E+06   1.3810481E-04   3.7769711E-04   1.6045726E-04
   6.2318841E-01   2.3266745E+06   1.1765360E+06   3.5027700E+06   3.9124251E-04   4.6464758E-04   3.7330173E-04
   6.3768116E-01   2.2447088E+06   1.1312664E+06   3.3755103E+06   3.6020324E-04   9.5402297E-05   2.1247249E-04
   6.5217391E-01   2.1406735E+06   1.0709345E+06   3.2110523E+06   3.1868617E-04   3.1217057E-05   2.0368908E-04
   6.6666667E-01   2.0504849E+06   1.0132422E+06   3.0634471E+06   1.1065284E-04   1.4503885E-04   3.3599277E-05
   6.8115942E-01   1.9465127E+06   9.6704935E+05   2.9130300E+06   2.6787720E-04   1.2393176E-04   1.4181388E-04
   6.9565217E-01   1.8559971E+06   9.3357895E+05   2.7892129E+06   2.6676132E-04   4.3440024E-04   2.8888141E-04
   7.1014493E-01   1.7720368E+06   8.8744883E+05   2.6590681E+06   2.4715618E-04   3.3636491E-04   5.2163861E-05
   7.2463768E-01   1.6791445E+06   8.4392165E+05   2.5226570E+06   2.8901817E-04   2.1359557E-04   1.2443140E-04
   7.3913043E-01   1.6040246E+06   8.0141798E+05   2.4051454E+06   4.2077556E-04   3.4553939E-04   1.6650784E-04
   7.5362319E-01   1.5227010E+06   7.6314284E+05   2.2856690E+06   2.5796953E-04   2.8893012E-04   2.2633002E-04
   7.6811594E-01   1.4503795E+06   7.1930657E+05   2.1694573E+06   1.9748158E-04   9.0834910E-04   2.3538783E-04
   7.8260870E-01   1.3693705E+06   6.8293123E+05   2.0519930E+06   3.1949446E-04   1.7211438E-04   1.6550273E-04
   7.9710145E-01   1.2853143E+06   6.4473748E+05   1.9298864E+06   5.7846034E-05   3.2368687E-04   1.2046633E-04
   8.1159420E-01   1.2085494E+06   6.0367258E+05   1.8118837E+06   1.7286794E-04   6.9215678E-04   3.3664301E-04
   8.2608696E-01   1.1438102E+06   5.6632176E+05   1.7098262E+06   2.7586140E-04   3.5986251E-04   1.2402988E-04
   8.4057971E-01   1.0711784E+06   5.3378630E+05   1.6048079E+06   6.2673676E-05   1.5575901E-04   6.0013667E-05
   8.5507246E-01   9.8936009E+05   4.9530293E+05   1.4845474E+06   3.9469106E-04   3.5190516E-04   1.5634774E-04
   8.6956522E-01   9.2259493E+05   4.5889796E+05   1.3812908E+06   5.5666987E-04   2.2517122E-04   4.3959598E-04
   8.8405797E-01   8.4373359E+05   4.1904081E+05   1.2626750E+06   3.6147413E-04   1.9876842E-04   2.2212540E-04
   8.9855072E-01   7.6979936E+05   3.8120266E+05   1.1509776E+06   1.9591119E-04   3.1517719E-04   2.9322434E-05
   9.1304348E-01   6.8613658E+05   3.4266537E+05   1.0287178E+06   4.3382106E-04   1.0401406E-03   5.8343791E-04
   9.2753623E-01   6.0931501E+05   3.0489430E+05   9.1418563E+05   4.2363568E-04   3.7256538E-04   3.6174419E-04
   9.4202899E-01   5.2620733E+05   2.6027672E+05   7.8639079E+05   4.6562161E-04   2.3575448E-04   2.9533196E-04
   9.5652174E-01   4.4266747E+05   2.1937625E+05   6.6196336E+05   7.3511721E-04   1.3751127E-03   8.6956479E-04
   9.7101449E-01   3.4638745E+05   1.7484491E+05   5.2120974E+05   9.8497252E-04   1.6918259E-03   1.2221349E-03
   9.8550725E-01   2.4036968E+05   1.1897580E+05   3.5932319E+05   3.0539015E-03   2.1554451E-03   2.7544240E-03
   1.0000000E+00   1.1690482E+05   5.7664582E+04   1.7456940E+05   4.4846246E-03   3.7648148E-03   4.0991263E-03
