   0.0000000E+00   3.4734650E+06   1.8852489E+06   5.3587138E+06   3.1816283E-03   3.0484673E-03   2.7773376E-03
   1.4492754E-02   3.8076268E+06   1.9087387E+06   5.7163655E+06   6.6206867E-04   1.6715726E-03   3.9729108E-04
   2.8985507E-02   3.7678457E+06   1.9545818E+06   5.7224274E+06   5.8983702E-04   2.4831353E-04   3.4659323E-04
   4.3478261E-02   3.8912305E+06   1.9400585E+06   5.8310364E+06   6.2514723E-04   6.9695139E-04   3.6933718E-04
   5.7971014E-02   3.8343371E+06   1.9261667E+06   5.7603143E+06   3.3905686E-04   4.9942118E-04   1.9013767E-04
   7.2463768E-02   3.8818850E+06   1.9442008E+06   5.8256312E+06   6.9428183E-04   2.2820526E-04   3.8895796E-04
   8.6956522E-02   3.9222977E+06   1.9329863E+06   5.8549051E+06   2.6784776E-04   7.4470142E-04   1.7298285E-04
   1.0144928E-01   3.9629629E+06   1.9940382E+06   5.9565681E+06   3.2116467E-04   7.5524278E-04   2.6765751E-04
   1.1594203E-01   4.0476399E+06   2.0569709E+06   6.1045162E+06   5.3721457E-04   2.0312494E-04   3.0814642E-04
   1.3043478E-01   4.1148470E+06   2.0740095E+06   6.1885197E+06   3.9276548E-04   1.0239006E-04   2.4443429E-04
   1.4492754E-01   4.2214268E+06   2.1204503E+06   6.3410437E+06   1.6327278E-04   3.3874949E-04   8.5257216E-05
   1.5942029E-01   4.2668842E+06   2.1647159E+06   6.4307046E+06   3.4483990E-04   7.5999931E-04   3.0916355E-04
   1.7391304E-01   4.3501663E+06   2.2033088E+06   6.5527806E+06   7.2353182E-05   2.9841002E-04   7.3919367E-05
   1.8840580E-01   4.4794478E+06   2.2543249E+06   6.7325487E+06   9.8956082E-05   2.0644588E-04   1.2027446E-04
   2.0289855E-01   4.5302911E+06   2.2621687E+06   6.7916480E+06   2.1315531E-04   4.9850527E-04   2.0280598E-04
   2.1739130E-01   4.5843575E+06   2.3047319E+06   6.8876749E+06   1.5487262E-04   1.8392297E-04   4.4017268E-05
   2.3188406E-01   4.6297711E+06   2.3152644E+06   6.9437569E+06   2.0830608E-04   2.7798972E-04   1.1897851E-04
   2.4637681E-01   4.6785783E+06   2.3481814E+06   7.0258237E+06   2.7407006E-05   2.0454325E-04   5.0877565E-05
   2.6086957E-01   4.6937999E+06   2.3414485E+06   7.0338171E+06   3.8425055E-04   3.9572787E-04   3.7630776E-04
   2.7536232E-01   4.6500705E+06   2.3321939E+06   6.9810680E+06   1.9650174E-04   2.6104396E-04   6.2417169E-05
   2.8985507E-01   4.6669002E+06   2.3383754E+06   7.0042906E+06   2.2924215E-04   1.1992617E-04   1.5942989E-04
   3.0434783E-01   4.6062091E+06   2.3159681E+06   6.9207339E+06   1.6836141E-05   1.0975492E-04   4.7527642E-05
   3.1884058E-01   4.5606104E+06   2.2879859E+06   6.8467020E+06   7.3478151E-05   3.1157750E-04   9.3331946E-05
   3.3333333E-01   4.4972002E+06   2.2644467E+06   6.7601314E+06   2.6523647E-04   3.3415535E-04   2.4544523E-04
   3.4782609E-01   4.4040603E+06   2.2176427E+06   6.6199350E+06   1.5012615E-04   1.1826197E-04   8.3046380E-05
   3.6231884E-01   4.3410735E+06   2.1770684E+06   6.5167780E+06   8.1094394E-05   1.5819911E-04   9.3353758E-05
   3.7681159E-01   4.2407316E+06   2.1382746E+06   6.3773159E+06   2.0899895E-04   1.3650277E-04   1.6047992E-04
   3.9130435E-01   4.1506851E+06   2.0657867E+06   6.2150405E+06   3.4510964E-04   2.5635155E-04   2.5655203E-04
   4.0579710E-01   4.0430123E+06   2.0187458E+06   6.0603239E+06   1.3501934E-04   7.6946941E-05   9.9500554E-05
   4.2028986E-01   3.9352140E+06   1.9721273E+06   5.9055907E+06   1.7344266E-04   1.0342852E-04   1.2730572E-04
   4.3478261E-01   3.8151789E+06   1.9158614E+06   5.7292976E+06   6.5865359E-05   1.0404349E-04   7.8127943E-05
   4.4927536E-01   3.6891022E+06   1.8649122E+06   5.5529389E+06   2.9118038E-04   2.7350349E-04   2.4863276E-04
   4.6376812E-01   3.5945608E+06   1.8036264E+06   5.3967901E+06   4.4225971E-05   3.5531652E-04   1.0324169E-04
   4.7826087E-01   3.4534423E+06   1.7379954E+06   5.1899911E+06   6.6529660E-05   2.6728381E-04   5.9462039E-05
   4.9275362E-01   3.3459646E+06   1.6765816E+06   5.0210530E+06   9.5444189E-05   4.0795360E-04   1.3259316E-04
   5.0724638E-01   3.2373975E+06   1.6233101E+06   4.8594736E+06   1.8263475E-04   1.4178056E-04   1.6785997E-04
   5.2173913E-01   3.1054996E+06   1.5592327E+06   4.6638272E+06   7.2506713E-05   5.2353205E-04   2.2405267E-04
   5.3623188E-01   2.9975858E+06   1.5161492E+06   4.5122400E+06   1.1182493E-04   2.7692540E-04   1.1934535E-04
   5.5072464E-01   2.8719816E+06   1.4464595E+06   4.3172048E+06   1.6413782E-04   1.8429880E-04   5.4355749E-05
   5.6521739E-01   2.7592690E+06   1.3691330E+06   4.1272946E+06   8.9707492E-05   2.6380766E-04   3.7091753E-05
   5.7971014E-01   2.6363175E+06   1.3295437E+06   3.9645920E+06   1.3904237E-04   2.2904409E-04   2.5915718E-05
   5.9420290E-01   2.5585811E+06   1.2683218E+06   3.8258310E+06   8.3150566E-05   1.5221709E-04   7.2574032E-05
   6.0869565E-01   2.4474354E+06   1.2207318E+06   3.6671749E+06   2.2592619E-04   5.2713282E-04   3.1077741E-04
   6.2318841E-01   2.3484374E+06   1.1733641E+06   3.5212024E+06   1.8673182E-04   3.3473514E-04   1.3093480E-04
   6.3768116E-01   2.2342038E+06   1.1128224E+06   3.3461652E+06   2.4024672E-04   1.6963997E-04   1.0936752E-04
   6.5217391E-01   2.1497158E+06   1.0682572E+06   3.2172994E+06   6.4973955E-05   1.2159473E-04   7.8709245E-05
   6.6666667E-01   2.0418368E+06   1.0268485E+06   3.0679935E+06   4.4821028E-04   3.9917077E-05   2.8905602E-04
   6.8115942E-01   1.9498500E+06   9.7651300E+05   2.9259438E+06   2.9716717E-04   1.7830644E-04   1.5599810E-04
   6.9565217E-01   1.8567864E+06   9.3073744E+05   2.7870660E+06   1.4928677E-04   2.3715769E-04   4.9606570E-05
   7.1014493E-01   1.7709234E+06   8.8376840E+05   2.6541351E+06   2.3732169E-04   5.9601045E-04   1.8930153E-04
   7.2463768E-01   1.6746738E+06   8.3519253E+05   2.5093360E+06   6.0321916E-04   1.8659589E-04   3.6133934E-04
   7.3913043E-01   1.6023011E+06   8.0242829E+05   2.4043134E+06   2.7748131E-04   5.2035517E-04   2.8445510E-04
   7.5362319E-01   1.5101109E+06   7.6283683E+05   2.2725106E+06   1.9926360E-04   4.6401484E-04   2.7222341E-04
   7.6811594E-01   1.4301065E+06   7.1182928E+05   2.1416498E+06   2.0614673E-04   1.7395820E-04   1.2145146E-04
   7.8260870E-01   1.3495852E+06   6.7820240E+05   2.0274929E+06   3.5210729E-05   1.8344540E-04   6.9991628E-05
   7.9710145E-01   1.2782605E+06   6.4329089E+05   1.9212758E+06   1.9804059E-04   2.2139346E-04   1.4890340E-04
   8.1159420E-01   1.2095237E+06   6.0332077E+05   1.8124791E+06   2.2375527E-04   3.8442547E-04   2.7398470E-04
   8.2608696E-01   1.1300247E+06   5.6605589E+05   1.6959343E+06   8.6560628E-05   5.1869475E-04   1.3604851E-04
   8.4057971E-01   1.0577090E+06   5.2552958E+05   1.5829119E+06   4.0614929E-04   7.2016706E-05   2.8553145E-04
   8.5507246E-01   9.8471093E+05   4.9245179E+05   1.4770214E+06   2.8205126E-04   2.7510868E-04   2.1824186E-04
   8.6956522E-01   9.0661931E+05   4.5539975E+05   1.3618423E+06   3.7504733E-04   2.6531663E-04   2.7840357E-04
   8.8405797E-01   8.3964678E+05   4.1958737E+05   1.2591099E+06   2.6069888E-04   4.8889211E-04   2.0776031E-04
   8.9855072E-01   7.6458076E+05   3.8384252E+05   1.1483255E+06   4.0417873E-04   6.4145276E-04   4.0876780E-04
   9.1304348E-01   6.8371904E+05   3.4034405E+05   1.0240029E+06   2.3478151E-04   3.4408469E-04   2.3396265E-04
   9.2753623E-01   6.0988331E+05   3.0856459E+05   9.1836502E+05   5.7699247E-04   2.4784477E-04   3.6916890E-04
   9.4202899E-01   5.3149983E+05   2.6685155E+05   7.9828143E+05   8.4297370E-04   2.2864206E-04   6.2619545E-04
   9.5652174E-01   4.4192122E+05   2.2237276E+05   6.6424805E+05   3.2630560E-04   1.1430284E-03   5.8497557E-04
   9.7101449E-01   3.4783507E+05   1.7430206E+05   5.2211450E+05   1.2596756E-04   6.8982125E-04   1.7688578E-04
   9.8550725E-01   2.3251373E+05   1.1668031E+05   3.4919404E+05   9.4184933E-04   1.5726657E-03   1.1296998E-03
   1.0000000E+00   1.1338148E+05   5.3419068E+04   1.6680055E+05   2.7433235E-03   1.4150886E-03   2.2636182E-03
