   0.0000000E+00   4.3281919E+06   2.0792295E+06   6.4074214E+06   2.7024045E-03   4.9163264E-03   2.9401673E-03
   1.4492754E-02   4.4335173E+06   2.0898378E+06   6.5233551E+06   1.7279521E-03   1.0834318E-03   1.5074930E-03
   2.8985507E-02   4.3289497E+06   2.0492989E+06   6.3782485E+06   8.4355737E-04   1.1733264E-03   9.0365102E-04
   4.3478261E-02   4.3893160E+06   2.0347756E+06   6.4240916E+06   4.2732582E-04   1.0138613E-03   5.9464247E-05
   5.7971014E-02   4.4102169E+06   2.0360385E+06   6.4460660E+06   6.2944762E-04   8.5573568E-04   1.7122832E-04
   7.2463768E-02   4.4132100E+06   2.0722583E+06   6.4854683E+06   1.9647764E-04   6.4309476E-04   1.1119122E-04
   8.6956522E-02   4.4402107E+06   2.1244411E+06   6.5643992E+06   1.0194586E-03   8.2774296E-04   4.2983942E-04
   1.0144928E-01   4.4527855E+06   2.1115956E+06   6.5638399E+06   4.7223842E-04   4.5478883E-04   2.5654763E-04
   1.1594203E-01   4.5152582E+06   2.1317974E+06   6.6465820E+06   7.3782590E-04   5.4095610E-04   6.6946371E-04
   1.3043478E-01   4.5633429E+06   2.1832078E+06   6.7458771E+06   2.9871861E-05   2.8916504E-04   1.0988098E-04
   1.4492754E-01   4.5292195E+06   2.2222901E+06   6.7507519E+06   5.0905707E-04   4.3905637E-04   3.1128719E-04
   1.5942029E-01   4.5688078E+06   2.2616373E+06   6.8296185E+06   6.0404355E-04   3.4532446E-04   4.6121879E-04
   1.7391304E-01   4.5937155E+06   2.2929112E+06   6.8859953E+06   3.8710190E-04   5.1263509E-04   3.6234287E-04
   1.8840580E-01   4.6076219E+06   2.3390166E+06   6.9457059E+06   1.6237718E-04   3.4735521E-04   2.0847128E-04
   2.0289855E-01   4.6174309E+06   2.3483884E+06   6.9654945E+06   2.5458720E-04   3.3665093E-04   1.4435419E-04
   2.1739130E-01   4.6104741E+06   2.3665127E+06   6.9760270E+06   1.5938856E-04   6.6635192E-05   1.1924350E-04
   2.3188406E-01   4.6211992E+06   2.3953004E+06   7.0156945E+06   9.2398987E-05   3.0508460E-04   1.5956378E-04
   2.4637681E-01   4.5906363E+06   2.3892329E+06   6.9791114E+06   2.4829721E-04   5.9664360E-05   1.6603160E-04
   2.6086957E-01   4.5651951E+06   2.4051404E+06   6.9694515E+06   3.8937061E-04   1.6928476E-04   2.6597173E-04
   2.7536232E-01   4.5382046E+06   2.3956842E+06   6.9331311E+06   1.4008203E-04   1.5035576E-04   1.0711461E-04
   2.8985507E-01   4.4977355E+06   2.3645552E+06   6.8619119E+06   2.1002694E-04   1.5132438E-04   1.3341512E-04
   3.0434783E-01   4.4485999E+06   2.3372929E+06   6.7845578E+06   9.5515465E-05   1.9435797E-04   1.6537344E-05
   3.1884058E-01   4.4116463E+06   2.3034162E+06   6.7142359E+06   2.0112324E-04   7.7824609E-05   1.5996847E-04
   3.3333333E-01   4.3192309E+06   2.2764716E+06   6.5947471E+06   5.4364644E-05   5.6933515E-05   2.9051549E-05
   3.4782609E-01   4.2556702E+06   2.2535089E+06   6.5078847E+06   2.3648542E-04   1.3002087E-04   1.6226364E-04
   3.6231884E-01   4.1904051E+06   2.2104088E+06   6.3998440E+06   1.9154432E-04   6.5181990E-05   1.1735619E-04
   3.7681159E-01   4.0922444E+06   2.1396152E+06   6.2307230E+06   8.6560145E-05   7.8504057E-05   5.0682134E-05
   3.9130435E-01   4.0186705E+06   2.1021299E+06   6.1192569E+06   6.1898103E-05   8.7872159E-05   6.1631836E-05
   4.0579710E-01   3.9282152E+06   2.0442653E+06   5.9713439E+06   9.1472979E-05   9.6925153E-05   6.8630578E-05
   4.2028986E-01   3.8395824E+06   1.9986481E+06   5.8370547E+06   1.9590678E-04   5.4639679E-05   1.3017710E-04
   4.3478261E-01   3.7333181E+06   1.9244996E+06   5.6568327E+06   5.5146500E-05   9.0176380E-05   6.4103981E-05
   4.4927536E-01   3.6254523E+06   1.8796514E+06   5.5039548E+06   1.9233737E-04   5.5181577E-05   1.1082862E-04
   4.6376812E-01   3.5469654E+06   1.8156792E+06   5.3617921E+06   1.8951288E-04   5.6484720E-05   1.3621048E-04
   4.7826087E-01   3.4386550E+06   1.7491088E+06   5.1867994E+06   2.2298841E-04   1.6017168E-04   1.3085330E-04
   4.9275362E-01   3.3263972E+06   1.6900425E+06   5.0153923E+06   9.6552853E-05   8.7422858E-05   8.3159089E-05
   5.0724638E-01   3.2158561E+06   1.6300865E+06   4.8452931E+06   1.2036851E-04   1.4461682E-04   4.2295022E-05
   5.2173913E-01   3.1184022E+06   1.5615901E+06   4.6790030E+06   2.6380330E-04   1.2837805E-04   1.8392722E-04
   5.3623188E-01   3.0110817E+06   1.5111317E+06   4.5212305E+06   4.8784424E-05   1.6298098E-04   7.2032285E-05
   5.5072464E-01   2.8902071E+06   1.4517238E+06   4.3411532E+06   2.1805006E-04   1.7013687E-04   1.4686478E-04
   5.6521739E-01   2.7926677E+06   1.3959258E+06   4.1878552E+06   7.3017586E-05   1.3365606E-04   4.5447775E-05
   5.7971014E-01   2.6817438E+06   1.3289754E+06   4.0099615E+06   5.2772486E-05   1.3560672E-04   2.0847446E-05
   5.9420290E-01   2.5829950E+06   1.2755850E+06   3.8577668E+06   2.4288716E-05   4.2576906E-05   2.7058126E-05
   6.0869565E-01   2.4818222E+06   1.2257473E+06   3.7068839E+06   8.3076254E-05   1.4468097E-04   7.7800776E-05
   6.2318841E-01   2.3689492E+06   1.1716724E+06   3.5401282E+06   2.3402766E-04   4.8558524E-05   1.4687898E-04
   6.3768116E-01   2.2801330E+06   1.1113242E+06   3.3907683E+06   3.1652805E-04   1.1164859E-04   2.4796304E-04
   6.5217391E-01   2.1763713E+06   1.0686276E+06   3.2443422E+06   2.2897604E-04   1.3036562E-04   1.6697417E-04
   6.6666667E-01   2.0797895E+06   1.0118750E+06   3.0912033E+06   1.3589951E-04   1.5389775E-04   1.3723712E-04
   6.8115942E-01   1.9911224E+06   9.6119704E+05   2.9518197E+06   1.1131136E-04   2.7847848E-04   1.4987958E-04
   6.9565217E-01   1.8858803E+06   9.1845579E+05   2.8039415E+06   1.2566404E-04   1.7334894E-04   4.0478214E-05
   7.1014493E-01   1.7896503E+06   8.6932501E+05   2.6585269E+06   1.8142703E-04   1.2883895E-04   1.6090474E-04
   7.2463768E-01   1.7044681E+06   8.2268987E+05   2.5267791E+06   3.1242762E-04   2.3486336E-04   2.5892677E-04
   7.3913043E-01   1.6188821E+06   7.8271228E+05   2.4012230E+06   3.4297303E-04   9.8614485E-05   2.4144113E-04
   7.5362319E-01   1.5331490E+06   7.3241079E+05   2.2652101E+06   5.2570570E-05   1.4694085E-04   3.8345425E-05
   7.6811594E-01   1.4437886E+06   6.9408680E+05   2.1375037E+06   3.5693638E-04   1.3753713E-04   2.1551763E-04
   7.8260870E-01   1.3524477E+06   6.5469853E+05   2.0069358E+06   1.5266606E-04   6.4029056E-05   1.1792215E-04
   7.9710145E-01   1.2667980E+06   6.1788605E+05   1.8844774E+06   2.8658878E-04   9.8243478E-06   1.9576260E-04
   8.1159420E-01   1.1874952E+06   5.7234829E+05   1.7596270E+06   2.4609896E-04   2.4998493E-04   2.1879606E-04
   8.2608696E-01   1.1109616E+06   5.3825892E+05   1.6489813E+06   1.4098914E-04   2.2819376E-04   1.4970298E-04
   8.4057971E-01   1.0344412E+06   4.9993637E+05   1.5341947E+06   2.5572415E-04   3.3846865E-04   2.6589581E-04
   8.5507246E-01   9.5863965E+05   4.6297711E+05   1.4214755E+06   2.9261082E-04   3.1682669E-04   2.8997678E-04
   8.6956522E-01   8.8706971E+05   4.2407996E+05   1.3111118E+06   1.9114285E-04   1.5206492E-04   1.7490815E-04
   8.8405797E-01   8.1347381E+05   3.8640844E+05   1.1997332E+06   1.1480269E-04   2.8877104E-04   1.0377079E-04
   8.9855072E-01   7.4071205E+05   3.5146761E+05   1.0921552E+06   6.0390049E-04   2.7211621E-04   4.7745152E-04
   9.1304348E-01   6.6857633E+05   3.1891092E+05   9.8737901E+05   1.8131225E-04   1.2048501E-04   1.6277254E-04
   9.2753623E-01   5.9346174E+05   2.8005474E+05   8.7348096E+05   5.0677573E-05   2.7742892E-05   2.7423299E-05
   9.4202899E-01   5.2149770E+05   2.4546006E+05   7.6691113E+05   5.3817514E-04   1.9711567E-04   4.2501144E-04
   9.5652174E-01   4.5851106E+05   2.0696544E+05   6.6547650E+05   6.0126729E-04   4.1310333E-04   4.5445573E-04
   9.7101449E-01   3.7479692E+05   1.6623838E+05   5.4101268E+05   5.5865774E-04   1.0012725E-03   4.7931368E-04
   9.8550725E-01   2.7675218E+05   1.1579999E+05   3.9252989E+05   9.2284652E-04   8.7049151E-04   5.3381465E-04
   1.0000000E+00   1.3944543E+05   5.5826319E+04   1.9527175E+05   8.2033274E-04   1.3073096E-03   2.5562675E-04
