   0.0000000E+00   4.4433679E+06   2.5338715E+06   6.9772394E+06   3.8031190E-03   6.6416071E-06   2.4226042E-03
   1.4492754E-02   4.3471354E+06   2.4868918E+06   6.8340272E+06   1.9545306E-03   1.1537018E-05   1.2465847E-03
   2.8985507E-02   4.3691097E+06   2.4713582E+06   6.8404679E+06   2.1142804E-03   8.3868119E-05   1.3473272E-03
   4.3478261E-02   4.2933361E+06   2.4603710E+06   6.7537071E+06   1.3189422E-03   2.9423972E-05   8.3475997E-04
   5.7971014E-02   4.2857587E+06   2.4243785E+06   6.7097583E+06   1.1811572E-03   4.3600613E-05   7.6264979E-04
   7.2463768E-02   4.2822731E+06   2.4330925E+06   6.7153656E+06   5.4976859E-04   6.8801941E-06   3.4895693E-04
   8.6956522E-02   4.3074805E+06   2.4630231E+06   6.7702510E+06   9.2861046E-04   2.2546924E-05   5.9155496E-04
   1.0144928E-01   4.2940938E+06   2.4241079E+06   6.7180934E+06   9.6763264E-04   6.6804798E-05   6.2715514E-04
   1.1594203E-01   4.2514711E+06   2.4357446E+06   6.6872157E+06   2.8249886E-04   5.3399689E-05   1.9398081E-04
   1.3043478E-01   4.2623530E+06   2.4486682E+06   6.7111054E+06   3.7616269E-04   3.2973267E-05   2.4867548E-04
   1.4492754E-01   4.2139252E+06   2.3952814E+06   6.6091309E+06   3.8994022E-04   6.6382567E-05   2.7102005E-04
   1.5942029E-01   4.2283085E+06   2.3990632E+06   6.6273028E+06   1.7678015E-04   9.7158462E-06   1.1080165E-04
   1.7391304E-01   4.2140263E+06   2.4161697E+06   6.6300066E+06   5.7240569E-04   1.4647787E-05   3.5914782E-04
   1.8840580E-01   4.1916828E+06   2.3915335E+06   6.5828083E+06   2.9096848E-04   2.7410513E-05   1.8109612E-04
   2.0289855E-01   4.1814616E+06   2.3769117E+06   6.5582110E+06   6.8226014E-05   4.9373548E-05   3.1621179E-05
   2.1739130E-01   4.1548723E+06   2.3808087E+06   6.5355294E+06   9.8832793E-04   8.7259949E-06   6.3024529E-04
   2.3188406E-01   4.1135157E+06   2.3713843E+06   6.4846632E+06   5.0418978E-04   3.7642574E-05   3.0633153E-04
   2.4637681E-01   4.0900398E+06   2.3458636E+06   6.4358142E+06   3.0611481E-04   7.0356881E-06   1.9597891E-04
   2.6086957E-01   4.0675305E+06   2.3199371E+06   6.3872993E+06   2.1689540E-04   1.0976880E-05   1.3554411E-04
   2.7536232E-01   4.0250973E+06   2.3183951E+06   6.3432929E+06   7.3289219E-04   1.1750528E-05   4.6771325E-04
   2.8985507E-01   3.9787238E+06   2.2774534E+06   6.2561014E+06   2.2484083E-04   3.5429047E-05   1.3647742E-04
   3.0434783E-01   3.9157667E+06   2.2792359E+06   6.1946778E+06   3.7607893E-04   2.2751552E-05   2.3941835E-04
   3.1884058E-01   3.9076825E+06   2.2360121E+06   6.1435224E+06   1.7723780E-04   2.5217328E-05   1.1265324E-04
   3.3333333E-01   3.8559243E+06   2.1964480E+06   6.0521747E+06   6.0386460E-04   3.8288517E-06   3.8791031E-04
   3.4782609E-01   3.7761808E+06   2.1466680E+06   5.9226594E+06   3.0116151E-04   2.1501820E-05   1.8597101E-04
   3.6231884E-01   3.7430071E+06   2.1219658E+06   5.8647910E+06   2.7314584E-04   3.0321451E-05   1.7959827E-04
   3.7681159E-01   3.6849609E+06   2.0946173E+06   5.7792868E+06   1.7067077E-04   1.9380651E-05   1.0803919E-04
   3.9130435E-01   3.6055076E+06   2.0468994E+06   5.6522666E+06   5.5839967E-04   4.1252835E-05   3.5425063E-04
   4.0579710E-01   3.5609565E+06   2.0073527E+06   5.5680115E+06   3.6959671E-04   3.6704265E-05   2.3038198E-04
   4.2028986E-01   3.4822181E+06   1.9566851E+06   5.4385375E+06   1.7396805E-04   2.7206508E-05   1.0761267E-04
   4.3478261E-01   3.4095372E+06   1.8952005E+06   5.3044851E+06   1.0289777E-04   2.6276103E-05   5.8496911E-05
   4.4927536E-01   3.3679440E+06   1.8511752E+06   5.2189481E+06   4.1302517E-04   3.1099708E-05   2.5948233E-04
   4.6376812E-01   3.2868013E+06   1.7964516E+06   5.0829924E+06   7.4291767E-04   2.9473515E-05   4.7551866E-04
   4.7826087E-01   3.2192558E+06   1.7396257E+06   4.9586977E+06   1.1485764E-04   2.3218806E-05   8.0532328E-05
   4.9275362E-01   3.1208500E+06   1.6844264E+06   4.8051426E+06   7.4151255E-04   5.0230413E-05   4.7601082E-04
   5.0724638E-01   3.0720377E+06   1.6131348E+06   4.6849777E+06   3.2508417E-04   1.8472153E-05   2.1851356E-04
   5.2173913E-01   2.9884503E+06   1.5723247E+06   4.5605856E+06   2.6106367E-04   3.0610635E-05   1.5918195E-04
   5.3623188E-01   2.9164875E+06   1.5130158E+06   4.4292167E+06   2.3843386E-04   6.4341684E-05   1.5661300E-04
   5.5072464E-01   2.8264376E+06   1.4464794E+06   4.2727575E+06   2.7981529E-04   6.6660814E-05   1.6486867E-04
   5.6521739E-01   2.7473201E+06   1.4005111E+06   4.1477340E+06   2.1299477E-04   4.6266369E-05   1.5259799E-04
   5.7971014E-01   2.6763449E+06   1.3481083E+06   4.0243395E+06   2.4729024E-04   4.7228374E-05   1.7386378E-04
   5.9420290E-01   2.6080003E+06   1.2893721E+06   3.8972061E+06   3.4738105E-04   2.7158546E-05   2.2363181E-04
   6.0869565E-01   2.5154693E+06   1.2402887E+06   3.7556317E+06   3.0012138E-04   4.5548034E-05   2.1757207E-04
   6.2318841E-01   2.4359120E+06   1.1912149E+06   3.6270388E+06   4.3417841E-04   4.4799840E-05   2.7787530E-04
   6.3768116E-01   2.3487598E+06   1.1271505E+06   3.4757726E+06   5.4345470E-04   4.7399870E-05   3.7931651E-04
   6.5217391E-01   2.2783963E+06   1.0762892E+06   3.3545677E+06   5.7375432E-04   2.3813316E-05   3.9747681E-04
   6.6666667E-01   2.1912262E+06   1.0283640E+06   3.2195408E+06   3.8487752E-04   2.3876668E-05   2.6738919E-04
   6.8115942E-01   2.1181320E+06   9.8876576E+05   3.1067849E+06   6.2218781E-04   3.4711485E-05   4.2963569E-04
   6.9565217E-01   2.0393536E+06   9.3725713E+05   2.9765318E+06   4.8745733E-04   4.9762612E-05   3.4599942E-04
   7.1014493E-01   1.9662648E+06   8.9222721E+05   2.8583065E+06   3.1017856E-04   5.7064277E-05   1.9489251E-04
   7.2463768E-01   1.8877494E+06   8.4081493E+05   2.7284583E+06   3.5699797E-04   5.1052565E-05   2.3129438E-04
   7.3913043E-01   1.7999069E+06   7.9684184E+05   2.5967190E+06   3.7123553E-04   2.2046238E-05   2.5162848E-04
   7.5362319E-01   1.7253519E+06   7.4985331E+05   2.4751177E+06   4.9426768E-05   8.5292529E-05   1.9000534E-05
   7.6811594E-01   1.6366683E+06   7.1019943E+05   2.3467248E+06   7.0701720E-04   1.0150307E-05   4.9540095E-04
   7.8260870E-01   1.5629442E+06   6.6113929E+05   2.2240414E+06   3.2063680E-04   1.3881913E-05   2.2561619E-04
   7.9710145E-01   1.4805348E+06   6.2026947E+05   2.1007630E+06   3.9509964E-04   5.7529498E-05   2.7335332E-04
   8.1159420E-01   1.4029630E+06   5.8337606E+05   1.9863120E+06   4.0256423E-04   7.9066979E-05   2.7065266E-04
   8.2608696E-01   1.3286846E+06   5.4151586E+05   1.8701606E+06   6.1916405E-04   3.1359635E-05   4.3274281E-04
   8.4057971E-01   1.2454186E+06   4.9711446E+05   1.7425200E+06   5.2973709E-04   3.5393176E-05   3.8696671E-04
   8.5507246E-01   1.1669659E+06   4.5805825E+05   1.6250241E+06   6.9873289E-04   3.6040595E-05   4.9627004E-04
   8.6956522E-01   1.0787266E+06   4.1941988E+05   1.4981338E+06   9.8202734E-04   8.6921512E-05   7.2210671E-04
   8.8405797E-01   1.0092680E+06   3.8011053E+05   1.3893288E+06   9.8788738E-04   7.0708941E-05   7.0219564E-04
   8.9855072E-01   9.2583201E+05   3.4215478E+05   1.2679868E+06   4.9238940E-04   1.1671486E-04   3.2555490E-04
   9.1304348E-01   8.4178532E+05   3.0326306E+05   1.1450243E+06   6.3063471E-04   8.7205446E-05   4.7915299E-04
   9.2753623E-01   7.5783140E+05   2.6216505E+05   1.0199728E+06   6.0499915E-04   1.1302786E-04   4.6777195E-04
   9.4202899E-01   6.7093503E+05   2.2734432E+05   8.9827935E+05   3.7220986E-04   2.4273962E-04   2.6557604E-04
   9.5652174E-01   5.7396258E+05   1.8649507E+05   7.6044617E+05   9.2492981E-04   1.8405121E-04   6.8822249E-04
   9.7101449E-01   4.5835153E+05   1.4658247E+05   6.0492268E+05   1.4343644E-03   1.3588024E-04   1.1002137E-03
   9.8550725E-01   3.2966003E+05   1.0608314E+05   4.3574317E+05   2.8262497E-03   1.4351718E-04   2.1684457E-03
   1.0000000E+00   2.0343452E+05   6.8344019E+04   2.7177854E+05   8.8056973E-03   1.3002620E-04   6.6221264E-03
