   0.0000000E+00   4.3766871E+06   2.1156008E+06   6.4922879E+06   1.0792909E-03   2.5024186E-03   1.1880332E-03
   1.4492754E-02   4.4486721E+06   2.1292401E+06   6.5771544E+06   3.6026777E-04   1.2432006E-03   6.2280221E-04
   2.8985507E-02   4.4687521E+06   2.1398484E+06   6.6086005E+06   1.8673915E-03   3.3916662E-04   1.3681959E-03
   4.3478261E-02   4.3918418E+06   2.1234308E+06   6.5152726E+06   1.1576253E-04   4.8872691E-04   2.2861598E-04
   5.7971014E-02   4.4200675E+06   2.1108650E+06   6.5307430E+06   1.2979390E-03   1.4475404E-04   8.5064183E-04
   7.2463768E-02   4.5200509E+06   2.1219658E+06   6.6415620E+06   8.2767309E-04   3.7853125E-04   6.4953307E-04
   8.6956522E-02   4.4902213E+06   2.1106755E+06   6.6002654E+06   1.1419102E-03   3.9776480E-04   8.7314059E-04
   1.0144928E-01   4.5173014E+06   2.1437453E+06   6.6608302E+06   2.7395446E-04   7.2294885E-04   4.1795136E-04
   1.1594203E-01   4.5378008E+06   2.1926058E+06   6.7297436E+06   2.3236892E-04   1.4435773E-04   1.8020871E-04
   1.3043478E-01   4.5779083E+06   2.2279142E+06   6.8049806E+06   3.1256459E-05   5.6910496E-04   1.7026473E-04
   1.4492754E-01   4.5496026E+06   2.2466135E+06   6.7957615E+06   9.3844562E-04   1.2767850E-04   6.6159143E-04
   1.5942029E-01   4.5818271E+06   2.2641172E+06   6.8451865E+06   1.6764947E-04   2.3922842E-04   6.0590816E-05
   1.7391304E-01   4.5876536E+06   2.3120441E+06   6.8990031E+06   2.2909319E-04   9.9052243E-05   1.7447830E-04
   1.8840580E-01   4.5943907E+06   2.3066670E+06   6.9004165E+06   3.1818407E-04   2.4326908E-04   2.7942006E-04
   2.0289855E-01   4.5659589E+06   2.3494167E+06   6.9146179E+06   1.3182941E-04   2.0830408E-04   1.1537096E-04
   2.1739130E-01   4.5488449E+06   2.3672199E+06   6.9154081E+06   1.9036501E-04   2.1381219E-04   1.8983419E-04
   2.3188406E-01   4.5550394E+06   2.3798141E+06   6.9335748E+06   4.6328497E-04   1.2098076E-04   2.7342442E-04
   2.4637681E-01   4.5467321E+06   2.3792486E+06   6.9250001E+06   1.5332690E-04   1.6725274E-04   1.5576752E-04
   2.6086957E-01   4.5117326E+06   2.3807245E+06   6.8912363E+06   1.7812250E-04   2.6252236E-04   2.0446416E-04
   2.7536232E-01   4.4647839E+06   2.3694426E+06   6.8328307E+06   1.4942796E-04   2.0637081E-04   1.6809325E-04
   2.8985507E-01   4.4269629E+06   2.3425430E+06   6.7689755E+06   9.4666486E-06   1.1356359E-04   4.1711606E-05
   3.0434783E-01   4.3913727E+06   2.3134062E+06   6.7038408E+06   1.1193746E-04   1.2163951E-04   7.2062381E-05
   3.1884058E-01   4.3260221E+06   2.2916368E+06   6.6166945E+06   6.3717460E-05   1.8798497E-04   1.0444718E-04
   3.3333333E-01   4.2674742E+06   2.2695531E+06   6.5359731E+06   6.2065524E-05   2.8288663E-04   9.3684473E-05
   3.4782609E-01   4.1916415E+06   2.2267987E+06   6.4177140E+06   1.3436322E-04   2.7702041E-04   1.8304411E-04
   3.6231884E-01   4.1254822E+06   2.1694911E+06   6.2939731E+06   3.3801998E-04   5.3665058E-05   2.2781708E-04
   3.7681159E-01   4.0387365E+06   2.1402856E+06   6.1776232E+06   1.0307359E-04   1.3449437E-04   5.1459631E-05
   3.9130435E-01   3.9680425E+06   2.0825130E+06   6.0493768E+06   8.9102387E-05   5.0978298E-05   4.6628063E-05
   4.0579710E-01   3.8698966E+06   2.0462409E+06   5.9151632E+06   1.6056236E-04   7.9523696E-05   1.1831665E-04
   4.2028986E-01   3.7967834E+06   1.9853224E+06   5.7805380E+06   5.8256864E-05   1.2961767E-04   6.7356554E-05
   4.3478261E-01   3.7149051E+06   1.9395533E+06   5.6531956E+06   1.9501336E-04   1.2011130E-04   1.4622335E-04
   4.4927536E-01   3.6035512E+06   1.8636656E+06   5.4661902E+06   2.7259021E-05   3.1007866E-05   2.1725313E-05
   4.6376812E-01   3.5159929E+06   1.8108249E+06   5.3257523E+06   2.6114192E-05   8.8775390E-05   4.5593928E-05
   4.7826087E-01   3.4040746E+06   1.7508999E+06   5.1539412E+06   1.0364088E-04   1.1044617E-04   5.1250288E-05
   4.9275362E-01   3.3115767E+06   1.6999823E+06   5.0103778E+06   1.2668152E-04   9.5858943E-05   5.7969859E-05
   5.0724638E-01   3.2085819E+06   1.6346545E+06   4.8424787E+06   1.1204824E-04   1.0346475E-04   7.2421633E-05
   5.2173913E-01   3.1370509E+06   1.5685781E+06   4.7046187E+06   8.6326568E-05   1.0348269E-04   8.8089776E-05
   5.3623188E-01   3.0087676E+06   1.5078550E+06   4.5153734E+06   3.3200298E-04   9.9080537E-05   1.9942602E-04
   5.5072464E-01   2.8998184E+06   1.4484536E+06   4.3475740E+06   1.6925196E-04   1.1226749E-04   1.2865751E-04
   5.6521739E-01   2.8080556E+06   1.3931475E+06   4.2006590E+06   1.8285567E-04   1.0622935E-04   1.3515668E-04
   5.7971014E-01   2.6839981E+06   1.3290891E+06   4.0122157E+06   1.8639003E-04   2.1525614E-04   1.6666703E-04
   5.9420290E-01   2.6056347E+06   1.2822568E+06   3.8873925E+06   1.7505280E-04   9.0747364E-05   1.3916454E-04
   6.0869565E-01   2.4784845E+06   1.2254948E+06   3.7030411E+06   2.3593165E-04   3.2688438E-05   1.6519861E-04
   6.2318841E-01   2.3815312E+06   1.1695578E+06   3.5506660E+06   9.6768635E-05   9.1528818E-05   4.1057391E-05
   6.3768116E-01   2.2905863E+06   1.1235341E+06   3.4135865E+06   1.6743665E-04   2.3476109E-04   3.7807180E-05
   6.5217391E-01   2.1972343E+06   1.0695537E+06   3.2662324E+06   3.3939071E-04   1.9598909E-04   1.7318745E-04
   6.6666667E-01   2.0942524E+06   1.0081192E+06   3.1017457E+06   1.0465679E-04   1.0868477E-04   1.0711152E-04
   6.8115942E-01   1.9990383E+06   9.6725894E+05   2.9660071E+06   9.5899126E-05   9.8011514E-05   8.3069728E-05
   6.9565217E-01   1.9055657E+06   9.2450190E+05   2.8297203E+06   1.3618187E-04   1.1651753E-04   8.2527546E-05
   7.1014493E-01   1.8158309E+06   8.6852088E+05   2.6840270E+06   4.6830945E-04   6.5336019E-05   3.3003876E-04
   7.2463768E-01   1.7191985E+06   8.3046425E+05   2.5491020E+06   1.7079093E-04   2.4045122E-05   1.2754806E-04
   7.3913043E-01   1.6235623E+06   7.8449519E+05   2.4077752E+06   2.9764278E-04   1.4925506E-04   2.4858169E-04
   7.5362319E-01   1.5461617E+06   7.4328140E+05   2.2890642E+06   3.6002464E-04   1.2517566E-04   2.7294423E-04
   7.6811594E-01   1.4536678E+06   6.9463009E+05   2.1480548E+06   2.6374189E-04   1.8268553E-04   1.6113838E-04
   7.8260870E-01   1.3713771E+06   6.6158832E+05   2.0326287E+06   2.1429800E-04   2.8060319E-04   8.5909154E-05
   7.9710145E-01   1.2895301E+06   6.1710076E+05   1.9063966E+06   3.9109610E-04   1.9423812E-04   2.0790318E-04
   8.1159420E-01   1.2069392E+06   5.7900554E+05   1.7856742E+06   2.3685555E-04   2.5584719E-04   2.3019945E-04
   8.2608696E-01   1.1279775E+06   5.4014661E+05   1.6679247E+06   2.4527454E-04   3.7874656E-04   4.6967081E-05
   8.4057971E-01   1.0529927E+06   5.0312409E+05   1.5559731E+06   3.7356179E-04   6.0402396E-04   3.5619001E-04
   8.5507246E-01   9.8505769E+05   4.6295143E+05   1.4478036E+06   3.3421978E-04   2.0385082E-04   2.3134040E-04
   8.6956522E-01   9.0629096E+05   4.3025552E+05   1.3364202E+06   2.8672290E-04   5.5336157E-05   2.0611725E-04
   8.8405797E-01   8.2963472E+05   3.9387401E+05   1.2233472E+06   1.9283069E-04   4.7016460E-04   5.3710322E-05
   8.9855072E-01   7.5980213E+05   3.5457188E+05   1.1142885E+06   6.4568797E-04   3.7916530E-04   5.4922955E-04
   9.1304348E-01   6.8737542E+05   3.2076317E+05   1.0080183E+06   2.5706571E-04   2.6321067E-04   1.7424720E-04
   9.2753623E-01   6.1414558E+05   2.8209116E+05   8.9618938E+05   3.5353059E-04   6.1923268E-04   3.8357784E-04
   9.4202899E-01   5.4265604E+05   2.4828117E+05   7.9089058E+05   3.7563333E-04   4.3554959E-04   3.1874778E-04
   9.5652174E-01   4.5941805E+05   2.0402634E+05   6.6338699E+05   6.1834639E-04   1.7856031E-03   9.6906407E-04
   9.7101449E-01   3.6873503E+05   1.6204256E+05   5.3077758E+05   5.5154990E-04   6.9224880E-04   4.7596564E-04
   9.8550725E-01   2.5203659E+05   1.0821148E+05   3.6022579E+05   1.7378577E-03   1.2340256E-03   9.2259544E-04
   1.0000000E+00   1.2581164E+05   5.2959503E+04   1.7877115E+05   4.8906870E-03   1.6830810E-03   3.9178122E-03
