   0.0000000E+00   4.3221300E+06   1.9155583E+06   6.2376884E+06   2.6975114E-03   4.2950175E-03   2.8443580E-03
   1.4492754E-02   3.9970610E+06   1.9996671E+06   5.9967281E+06   2.9870831E-03   1.4387353E-03   2.0187503E-03
   2.8985507E-02   4.0387365E+06   2.0693789E+06   6.1081154E+06   2.8101135E-04   8.9690702E-04   4.3306288E-04
   4.3478261E-02   4.0513655E+06   2.0683686E+06   6.1197340E+06   1.9661876E-03   1.1197471E-03   1.6258176E-03
   5.7971014E-02   4.0438512E+06   2.0439947E+06   6.0878460E+06   1.3833351E-03   7.2251081E-04   9.8152377E-04
   7.2463768E-02   4.1414856E+06   2.0739253E+06   6.2154109E+06   6.9511921E-04   1.1772945E-03   8.4828629E-04
   8.6956522E-02   4.1412836E+06   2.0923636E+06   6.2336471E+06   7.9628855E-04   4.7433351E-04   6.2040922E-04
   1.0144928E-01   4.1720982E+06   2.0786882E+06   6.2507864E+06   5.2465065E-04   1.1366131E-03   6.9069988E-04
   1.1594203E-01   4.1977665E+06   2.1433529E+06   6.3410247E+06   5.2158309E-04   7.5791931E-04   2.8724312E-04
   1.3043478E-01   4.2590695E+06   2.1425426E+06   6.4016121E+06   4.5821187E-04   8.2828232E-04   3.9190014E-04
   1.4492754E-01   4.3297832E+06   2.1920565E+06   6.5218396E+06   9.0763868E-05   4.9920144E-04   1.3165674E-04
   1.5942029E-01   4.3913596E+06   2.2179642E+06   6.6093238E+06   3.8367464E-04   5.9396722E-04   4.5416534E-04
   1.7391304E-01   4.4258768E+06   2.2141066E+06   6.6399203E+06   1.4454140E-04   8.9473707E-04   2.6516248E-04
   1.8840580E-01   4.4494298E+06   2.2727438E+06   6.7221736E+06   4.7749023E-04   1.5775889E-03   8.2727972E-04
   2.0289855E-01   4.5216313E+06   2.2867952E+06   6.8083724E+06   3.4455467E-04   2.6881705E-04   2.2637651E-04
   2.1739130E-01   4.5852162E+06   2.2980638E+06   6.8832800E+06   7.9056785E-04   7.4261341E-04   2.8684490E-04
   2.3188406E-01   4.5969043E+06   2.3214210E+06   6.9181833E+06   3.6140893E-04   3.4854212E-04   3.0867327E-04
   2.4637681E-01   4.6305734E+06   2.3297729E+06   6.9602126E+06   7.8668324E-04   1.7682014E-04   5.3988733E-04
   2.6086957E-01   4.5737407E+06   2.3245257E+06   6.8982243E+06   6.3644422E-04   5.2736137E-04   5.0003306E-04
   2.7536232E-01   4.6190831E+06   2.3131308E+06   6.9321341E+06   6.2408374E-04   3.5269440E-04   4.4781582E-04
   2.8985507E-01   4.5587333E+06   2.3023450E+06   6.8610784E+06   1.9697626E-04   3.7107407E-04   4.4618569E-05
   3.0434783E-01   4.5339716E+06   2.2929834E+06   6.8269549E+06   5.1638362E-04   9.2533847E-04   4.8270849E-04
   3.1884058E-01   4.4665133E+06   2.2476881E+06   6.7141670E+06   2.8006610E-04   3.8277045E-04   6.8638547E-05
   3.3333333E-01   4.4340774E+06   2.2225735E+06   6.6566179E+06   2.9962340E-04   4.0740369E-04   1.3666509E-04
   3.4782609E-01   4.3526289E+06   2.1840497E+06   6.5366155E+06   2.9245669E-04   4.3592355E-04   3.3786098E-04
   3.6231884E-01   4.2509331E+06   2.1584584E+06   6.4093612E+06   1.4368102E-04   4.0748742E-04   2.1575007E-04
   3.7681159E-01   4.1745463E+06   2.1055754E+06   6.2800925E+06   6.4024995E-04   3.8580238E-04   4.9042222E-04
   3.9130435E-01   4.1108618E+06   2.0682844E+06   6.1790901E+06   8.9372065E-04   6.1927136E-04   4.3742553E-04
   4.0579710E-01   3.9865339E+06   2.0196118E+06   6.0061457E+06   2.4826362E-04   5.2048519E-04   3.2651250E-04
   4.2028986E-01   3.8919185E+06   1.9475662E+06   5.8394847E+06   3.8017854E-04   2.0999457E-04   3.1852144E-04
   4.3478261E-01   3.7812576E+06   1.9061371E+06   5.6873947E+06   5.2966163E-04   3.6750714E-04   4.5551081E-04
   4.4927536E-01   3.6877822E+06   1.8575304E+06   5.5452882E+06   4.0792531E-04   5.6557786E-04   3.2697094E-04
   4.6376812E-01   3.5755937E+06   1.8021346E+06   5.3777046E+06   3.8744528E-04   2.4413132E-04   2.4882913E-04
   4.7826087E-01   3.4586547E+06   1.7454579E+06   5.2040896E+06   4.5919542E-04   6.2300018E-04   5.1460311E-04
   4.9275362E-01   3.3585787E+06   1.6795679E+06   5.0381021E+06   5.8828446E-04   1.6864151E-04   4.4786593E-04
   5.0724638E-01   3.2319851E+06   1.6209936E+06   4.8529571E+06   5.1292573E-04   1.6540469E-04   3.0044663E-04
   5.2173913E-01   3.1267583E+06   1.5716511E+06   4.6984095E+06   3.1174653E-04   3.7496749E-04   3.3276355E-04
   5.3623188E-01   3.0104059E+06   1.4986188E+06   4.5089633E+06   8.9999302E-05   6.5711615E-04   2.1450429E-04
   5.5072464E-01   2.8850027E+06   1.4419530E+06   4.3269556E+06   5.0459124E-04   1.1045776E-04   3.3512606E-04
   5.6521739E-01   2.7799027E+06   1.3930115E+06   4.1728559E+06   6.7907672E-04   5.8705696E-04   5.9824956E-04
   5.7971014E-01   2.6785234E+06   1.3436945E+06   4.0221421E+06   4.1518685E-04   6.6199920E-04   4.6586687E-04
   5.9420290E-01   2.5709636E+06   1.2801869E+06   3.8511320E+06   8.7058578E-04   4.2745115E-04   7.2255300E-04
   6.0869565E-01   2.4687061E+06   1.2316108E+06   3.7002808E+06   3.8243632E-04   2.9223409E-04   3.4787202E-04
   6.2318841E-01   2.3572836E+06   1.1854350E+06   3.5427362E+06   6.9813532E-04   3.2796541E-04   5.6201077E-04
   6.3768116E-01   2.2562815E+06   1.1288727E+06   3.3851370E+06   1.4049357E-03   3.1458603E-04   1.0106315E-03
   6.5217391E-01   2.1599705E+06   1.0710692E+06   3.2310229E+06   8.6734867E-04   7.1989324E-04   8.1785246E-04
   6.6666667E-01   2.0550148E+06   1.0214455E+06   3.0764439E+06   4.0330541E-04   3.3999112E-04   3.7091546E-04
   6.8115942E-01   1.9677132E+06   9.7219229E+05   2.9398732E+06   1.3744241E-03   8.9457127E-04   1.1863463E-03
   6.9565217E-01   1.8741038E+06   9.3803066E+05   2.8121187E+06   1.1174840E-03   2.6426875E-04   8.3163148E-04
   7.1014493E-01   1.7796915E+06   8.8412407E+05   2.6637847E+06   1.4357478E-03   1.1004709E-03   1.3117660E-03
   7.2463768E-01   1.6887071E+06   8.4205762E+05   2.5307648E+06   8.6513349E-04   5.8873282E-04   6.7784049E-04
   7.3913043E-01   1.6129985E+06   7.9915962E+05   2.4121433E+06   1.6941226E-03   1.0254624E-03   1.4554376E-03
   7.5362319E-01   1.5268977E+06   7.5815927E+05   2.2850570E+06   1.7830594E-03   6.3266745E-04   1.3797835E-03
   7.6811594E-01   1.4352677E+06   7.1786258E+05   2.1531302E+06   1.4957769E-03   1.0959358E-03   1.3536722E-03
   7.8260870E-01   1.3647118E+06   6.7110212E+05   2.0358140E+06   1.7468784E-03   1.1394978E-03   1.5376478E-03
   7.9710145E-01   1.2818700E+06   6.3367452E+05   1.9155308E+06   2.0116586E-03   1.0438677E-03   1.6757674E-03
   8.1159420E-01   1.1978870E+06   5.9223887E+05   1.7901123E+06   1.8184711E-03   1.6719501E-03   1.7712863E-03
   8.2608696E-01   1.1238830E+06   5.5837217E+05   1.6822552E+06   1.6151617E-03   4.6542053E-04   1.2120358E-03
   8.4057971E-01   1.0507456E+06   5.2065655E+05   1.5713891E+06   2.2408785E-03   3.3711575E-04   1.5488506E-03
   8.5507246E-01   9.7615749E+05   4.8153524E+05   1.4576927E+06   2.3936586E-03   7.3433406E-04   1.8431731E-03
   8.6956522E-01   9.0327264E+05   4.4695098E+05   1.3502110E+06   2.3001254E-03   1.6782251E-03   2.0770721E-03
   8.8405797E-01   8.2197040E+05   4.0642014E+05   1.2283905E+06   3.3937592E-03   1.6953911E-03   2.8295701E-03
   8.9855072E-01   7.5184589E+05   3.7188983E+05   1.1237357E+06   3.6469228E-03   1.1772954E-03   2.8096107E-03
   9.1304348E-01   6.7824650E+05   3.3181650E+05   1.0100630E+06   3.9388252E-03   1.9117706E-03   3.2347449E-03
   9.2753623E-01   6.0023401E+05   2.9734061E+05   8.9757462E+05   3.8742486E-03   2.0166441E-03   3.2469818E-03
   9.4202899E-01   5.2436544E+05   2.6134921E+05   7.8571465E+05   5.3208769E-03   2.7457656E-03   4.4625363E-03
   9.5652174E-01   4.5252953E+05   2.2107542E+05   6.7360495E+05   5.9193465E-03   3.8407928E-03   5.2366363E-03
   9.7101449E-01   3.5948385E+05   1.7634908E+05   5.3583293E+05   9.1647294E-03   4.2494503E-03   7.5013311E-03
   9.8550725E-01   2.6178688E+05   1.2656431E+05   3.8835119E+05   1.1050461E-02   5.6264547E-03   9.2724820E-03
   1.0000000E+00   1.4222471E+05   6.9328803E+04   2.1155352E+05   1.2193041E-02   4.9835026E-03   9.8222560E-03
