   0.0000000E+00   3.0673181E+06   2.0610438E+06   5.1283619E+06   1.5547453E-02   5.1872397E-05   9.3064728E-03
   1.4492754E-02   3.1332412E+06   2.1012038E+06   5.2344450E+06   1.3539123E-03   4.5213125E-05   7.9702622E-04
   2.8985507E-02   3.0855038E+06   2.1284823E+06   5.2136073E+06   1.2510360E-03   1.4616539E-05   7.4623618E-04
   4.3478261E-02   3.1731487E+06   2.1365649E+06   5.3097135E+06   4.1666476E-04   7.7720790E-06   2.4633199E-04
   5.7971014E-02   3.1680971E+06   2.1604967E+06   5.3285938E+06   9.4317591E-04   5.6799910E-06   5.6295468E-04
   7.2463768E-02   3.1985581E+06   2.1386360E+06   5.3368910E+06   5.6666637E-04   3.9667031E-05   3.3685230E-04
   8.6956522E-02   3.1871668E+06   2.1768512E+06   5.3637654E+06   2.9763665E-03   2.1824486E-05   1.7625074E-03
   1.0144928E-01   3.1941849E+06   2.1824981E+06   5.3765748E+06   1.5410171E-03   2.2368987E-05   9.0650838E-04
   1.1594203E-01   3.2197179E+06   2.2099390E+06   5.4294675E+06   8.0633212E-04   1.7262992E-05   4.7646039E-04
   1.3043478E-01   3.2658451E+06   2.2305242E+06   5.4962851E+06   8.9204552E-04   3.3505650E-05   5.2014754E-04
   1.4492754E-01   3.2913808E+06   2.2618440E+06   5.5529217E+06   1.3864085E-03   2.9339455E-05   8.1019523E-04
   1.5942029E-01   3.3436853E+06   2.2936689E+06   5.6371476E+06   1.2450065E-03   3.3821167E-05   7.2480884E-04
   1.7391304E-01   3.3728754E+06   2.2991625E+06   5.6719117E+06   9.0459425E-04   1.8647920E-05   5.3197600E-04
   1.8840580E-01   3.4116803E+06   2.3150021E+06   5.7261578E+06   8.0070853E-04   2.3629045E-06   4.7977064E-04
   2.0289855E-01   3.4603128E+06   2.3404321E+06   5.8002037E+06   1.0045535E-03   2.0387185E-05   5.9673869E-04
   2.1739130E-01   3.4799815E+06   2.3826272E+06   5.8619520E+06   5.3863937E-04   1.5068133E-05   3.1173612E-04
   2.3188406E-01   3.5372096E+06   2.3720000E+06   5.9084518E+06   1.7773718E-03   3.0992699E-05   1.0703641E-03
   2.4637681E-01   3.5315878E+06   2.3977463E+06   5.9284872E+06   1.5911601E-03   1.7160653E-05   9.5256480E-04
   2.6086957E-01   3.5628358E+06   2.3923431E+06   5.9545895E+06   1.1840477E-03   1.6086541E-05   7.1266134E-04
   2.7536232E-01   3.5830576E+06   2.3662123E+06   5.9482729E+06   1.0010375E-03   5.5444782E-06   6.0358652E-04
   2.8985507E-01   3.5756458E+06   2.3505750E+06   5.9257282E+06   1.0123008E-03   1.6914263E-05   6.1474122E-04
   3.0434783E-01   3.5977338E+06   2.3413703E+06   5.9379855E+06   9.9958980E-04   2.8449611E-05   6.2012306E-04
   3.1884058E-01   3.5510641E+06   2.3021418E+06   5.8523448E+06   5.5617707E-04   1.4080857E-05   3.3674557E-04
   3.3333333E-01   3.5454829E+06   2.2805568E+06   5.8252490E+06   7.8966011E-04   1.8917452E-05   4.7860320E-04
   3.4782609E-01   3.5356309E+06   2.2528143E+06   5.7878138E+06   1.5834828E-04   1.0376294E-05   1.0016395E-04
   3.6231884E-01   3.5243546E+06   2.2037408E+06   5.7270951E+06   3.3184281E-04   6.1696809E-06   2.0479130E-04
   3.7681159E-01   3.4727655E+06   2.1562855E+06   5.6280892E+06   3.9601766E-04   6.3229737E-06   2.4884189E-04
   3.9130435E-01   3.4355220E+06   2.1027193E+06   5.5373994E+06   2.1339388E-04   8.2122904E-07   1.3487358E-04
   4.0579710E-01   3.3924142E+06   2.0627758E+06   5.4543510E+06   1.4214707E-04   1.6801056E-05   8.9585971E-05
   4.2028986E-01   3.3593864E+06   1.9964010E+06   5.3544026E+06   5.1492802E-04   6.7272898E-06   3.2196303E-04
   4.3478261E-01   3.3170429E+06   1.9440745E+06   5.2603596E+06   2.9551944E-04   4.8604457E-06   1.7975310E-04
   4.4927536E-01   3.2658696E+06   1.8801647E+06   5.1454232E+06   2.9173166E-04   8.7227872E-06   1.8130009E-04
   4.6376812E-01   3.2024794E+06   1.8239432E+06   5.0257359E+06   1.1623174E-04   3.4070318E-05   7.8514207E-05
   4.7826087E-01   3.1542741E+06   1.7683967E+06   4.9218212E+06   5.7643525E-04   3.1719170E-05   3.7190773E-04
   4.9275362E-01   3.1025974E+06   1.7130644E+06   4.8147703E+06   2.2016527E-04   1.9536654E-05   1.3788517E-04
   5.0724638E-01   3.0314230E+06   1.6339834E+06   4.6648435E+06   4.2851322E-04   1.9554516E-05   2.8108565E-04
   5.2173913E-01   2.9614244E+06   1.5728298E+06   4.5334965E+06   1.3387365E-04   4.0983135E-05   1.0343128E-04
   5.3623188E-01   2.9091559E+06   1.5195078E+06   4.4274350E+06   3.1693148E-04   4.7952224E-06   2.0826878E-04
   5.5072464E-01   2.8511837E+06   1.4479750E+06   4.2984807E+06   2.2414009E-04   6.4290501E-07   1.5145204E-04
   5.6521739E-01   2.7757643E+06   1.3966836E+06   4.1719233E+06   4.8706501E-04   2.6704070E-05   3.2773899E-04
   5.7971014E-01   2.7121101E+06   1.3319117E+06   4.0434345E+06   3.4506697E-04   1.8139986E-05   2.3105694E-04
   5.9420290E-01   2.6547767E+06   1.2772668E+06   3.9313227E+06   2.3125383E-04   1.7226856E-05   1.6245929E-04
   6.0869565E-01   2.5831244E+06   1.2279845E+06   3.8105676E+06   6.1776234E-04   1.6940154E-05   4.1240117E-04
   6.2318841E-01   2.5096944E+06   1.1627558E+06   3.6719039E+06   4.4954904E-04   2.6867210E-05   3.0009570E-04
   6.3768116E-01   2.4383450E+06   1.1185571E+06   3.5563338E+06   2.6964665E-04   2.5256777E-05   1.8253220E-04
   6.5217391E-01   2.3803877E+06   1.0657651E+06   3.4454119E+06   7.7290162E-04   2.3901369E-05   5.4026540E-04
   6.6666667E-01   2.3070611E+06   1.0259096E+06   3.3324436E+06   1.6626680E-04   3.2075007E-06   1.2061433E-04
   6.8115942E-01   2.2509777E+06   9.6134214E+05   3.2119168E+06   4.3156668E-04   2.3461087E-05   3.0379589E-04
   6.9565217E-01   2.1859756E+06   9.1826636E+05   3.1038789E+06   4.4753435E-04   1.5894930E-05   3.1629580E-04
   7.1014493E-01   2.1163740E+06   8.6128372E+05   2.9771474E+06   4.1564594E-04   2.1547444E-05   2.8507102E-04
   7.2463768E-01   2.0476925E+06   8.1999233E+05   2.8673969E+06   1.0021146E-03   3.1240800E-05   7.2488683E-04
   7.3913043E-01   1.9790448E+06   7.7855216E+05   2.7571215E+06   5.6851284E-04   2.2541954E-05   4.1667655E-04
   7.5362319E-01   1.9072378E+06   7.3842897E+05   2.6453899E+06   4.8393636E-04   3.0663263E-05   3.3518002E-04
   7.6811594E-01   1.8410857E+06   6.9405821E+05   2.5347722E+06   3.1671198E-04   1.3569179E-05   2.3484999E-04
   7.8260870E-01   1.7845821E+06   6.5635432E+05   2.4407400E+06   6.0060698E-04   1.0813210E-05   4.3807036E-04
   7.9710145E-01   1.7031992E+06   6.1634302E+05   2.3192116E+06   7.7434415E-04   2.7003406E-05   5.7765792E-04
   8.1159420E-01   1.6326790E+06   5.7276775E+05   2.2052032E+06   3.5828464E-04   2.1803932E-05   2.6550604E-04
   8.2608696E-01   1.5626790E+06   5.3742142E+05   2.0998346E+06   6.0478999E-04   3.3998049E-05   4.4880911E-04
   8.4057971E-01   1.4923493E+06   5.0001476E+05   1.9921943E+06   1.5355491E-04   1.1400032E-05   1.0888610E-04
   8.5507246E-01   1.4013634E+06   4.5837932E+05   1.8596271E+06   7.5159554E-04   1.4032065E-05   5.6803607E-04
   8.6956522E-01   1.3244732E+06   4.2394105E+05   1.7483006E+06   6.5592415E-04   7.6681806E-05   4.9891169E-04
   8.8405797E-01   1.2176704E+06   3.8899220E+05   1.6064763E+06   3.2053088E-04   5.3493668E-05   2.5498974E-04
   8.9855072E-01   1.1137018E+06   3.4835111E+05   1.4619552E+06   1.2249539E-03   3.3662608E-05   9.3772914E-04
   9.1304348E-01   1.0018121E+06   3.1407584E+05   1.3157917E+06   5.6272893E-04   6.2913304E-05   4.2174475E-04
   9.2753623E-01   8.8107017E+05   2.7475059E+05   1.1557616E+06   5.8638374E-04   2.3335208E-05   4.4156346E-04
   9.4202899E-01   7.4793274E+05   2.3466522E+05   9.8252801E+05   5.5064786E-04   3.4073650E-05   4.1071334E-04
   9.5652174E-01   6.1088502E+05   1.8849274E+05   7.9934332E+05   1.6153339E-04   1.3651193E-04   1.3341534E-04
   9.7101449E-01   4.5422356E+05   1.4584735E+05   6.0002567E+05   7.4150713E-04   8.6685034E-05   5.5000006E-04
   9.8550725E-01   2.8393954E+05   9.5196243E+04   3.7912464E+05   1.2448289E-03   1.0251052E-04   9.4451934E-04
   1.0000000E+00   1.3384311E+05   4.6503695E+04   1.8034680E+05   1.3901996E-03   3.6053067E-05   1.0407170E-03
