   0.0000000E+00   4.4979250E+06   2.3035195E+06   6.8014445E+06   5.0232808E-03   3.4432477E-05   3.3334109E-03
   1.4492754E-02   4.5153529E+06   2.3974789E+06   6.9128318E+06   1.6473068E-03   1.4692764E-04   1.0286192E-03
   2.8985507E-02   4.5812760E+06   2.4160434E+06   6.9973194E+06   1.6224791E-03   6.4469457E-05   1.0582091E-03
   4.3478261E-02   4.4648371E+06   2.3979840E+06   6.8628211E+06   1.1105462E-03   4.0950897E-05   7.0909516E-04
   5.7971014E-02   4.5204676E+06   2.3755045E+06   6.8959721E+06   4.0736156E-04   4.5913779E-05   2.6390975E-04
   7.2463768E-02   4.4691310E+06   2.3877798E+06   6.8569108E+06   3.7100141E-04   2.6540500E-05   2.3627523E-04
   8.6956522E-02   4.4594067E+06   2.4338502E+06   6.8931306E+06   2.6622148E-04   6.7984560E-05   1.9184544E-04
   1.0144928E-01   4.4823372E+06   2.4004016E+06   6.8825223E+06   3.7323125E-04   6.6700026E-06   2.4435531E-04
   1.1594203E-01   4.4398634E+06   2.4013623E+06   6.8411309E+06   6.9066659E-04   3.0325719E-05   4.5887041E-04
   1.3043478E-01   4.4684574E+06   2.4088449E+06   6.8772181E+06   3.6118881E-04   1.5517149E-05   2.3044674E-04
   1.4492754E-01   4.4139677E+06   2.4371085E+06   6.8508489E+06   4.3885636E-04   7.8232556E-05   3.0554150E-04
   1.5942029E-01   4.4262844E+06   2.4106359E+06   6.8367826E+06   1.1777386E-04   9.2737170E-06   7.5132508E-05
   1.7391304E-01   4.4126164E+06   2.3872494E+06   6.7996133E+06   3.7275277E-04   3.3491963E-05   2.4383116E-04
   1.8840580E-01   4.3666616E+06   2.3875117E+06   6.7539402E+06   2.2218725E-04   6.4630086E-05   1.3260175E-04
   2.0289855E-01   4.3706252E+06   2.3767494E+06   6.7471581E+06   4.9430567E-04   3.3725450E-05   3.2208820E-04
   2.1739130E-01   4.2958618E+06   2.3734839E+06   6.6688406E+06   3.7649358E-04   3.2568688E-05   2.4258723E-04
   2.3188406E-01   4.3090117E+06   2.3720000E+06   6.6809643E+06   3.8596426E-04   1.4531873E-05   2.5386291E-04
   2.4637681E-01   4.2491199E+06   2.3720724E+06   6.6210140E+06   5.8338560E-04   3.9691060E-05   3.6780753E-04
   2.6086957E-01   4.2181517E+06   2.3518042E+06   6.5697454E+06   3.5071801E-04   8.7914326E-06   2.2804382E-04
   2.7536232E-01   4.1890476E+06   2.3185945E+06   6.5075224E+06   3.6103097E-04   1.4385593E-05   2.2938290E-04
   2.8985507E-01   4.1193976E+06   2.3107938E+06   6.4301156E+06   5.4532927E-04   1.8728981E-05   3.4269078E-04
   3.0434783E-01   4.0747831E+06   2.2800297E+06   6.3544159E+06   3.8932383E-05   2.0591604E-05   2.0419114E-05
   3.1884058E-01   3.9931001E+06   2.2739333E+06   6.2668612E+06   4.1611883E-04   2.3362515E-05   2.7118304E-04
   3.3333333E-01   3.9718251E+06   2.2164786E+06   6.1881060E+06   3.4107420E-04   1.8260402E-05   2.1775414E-04
   3.4782609E-01   3.9186353E+06   2.1892907E+06   6.1076103E+06   2.2303828E-04   1.6637820E-05   1.4058331E-04
   3.6231884E-01   3.8308742E+06   2.1456072E+06   5.9763298E+06   4.2001478E-04   1.6550709E-05   2.6309978E-04
   3.7681159E-01   3.7897035E+06   2.1120453E+06   5.9015447E+06   2.8669591E-04   1.5496097E-05   1.8220490E-04
   3.9130435E-01   3.6946118E+06   2.0629522E+06   5.7574517E+06   3.6749218E-04   1.6483391E-05   2.3089315E-04
   4.0579710E-01   3.6315613E+06   2.0160126E+06   5.6473303E+06   4.2665067E-04   2.8206845E-05   2.8078155E-04
   4.2028986E-01   3.5581486E+06   1.9645238E+06   5.5223850E+06   2.9869327E-04   8.6402064E-06   1.9452780E-04
   4.3478261E-01   3.4961718E+06   1.9210140E+06   5.4169333E+06   3.7262202E-04   1.6945082E-05   2.3747893E-04
   4.4927536E-01   3.4286607E+06   1.8540106E+06   5.2824757E+06   1.6301796E-04   6.2308410E-06   1.0688244E-04
   4.6376812E-01   3.3471834E+06   1.8130508E+06   5.1599263E+06   3.7643157E-04   1.9012770E-06   2.4359358E-04
   4.7826087E-01   3.2692664E+06   1.7491088E+06   5.0181686E+06   1.4184434E-04   3.4043076E-05   8.4017710E-05
   4.9275362E-01   3.1747830E+06   1.6947004E+06   4.8692828E+06   3.7059398E-04   2.9316595E-05   2.3282577E-04
   5.0724638E-01   3.1077379E+06   1.6313638E+06   4.7389502E+06   3.0647768E-04   3.6048610E-05   2.1037422E-04
   5.2173913E-01   3.0267160E+06   1.5754819E+06   4.6020085E+06   2.3409069E-04   3.5362967E-06   1.5284622E-04
   5.3623188E-01   2.9295943E+06   1.5149409E+06   4.4441052E+06   9.6454395E-05   3.2090649E-05   5.6370891E-05
   5.5072464E-01   2.8585218E+06   1.4561904E+06   4.3144929E+06   8.2687620E-05   1.8224072E-05   5.5223110E-05
   5.6521739E-01   2.7677401E+06   1.4008997E+06   4.1684261E+06   4.4644120E-04   2.6732965E-05   3.0164174E-04
   5.7971014E-01   2.6982814E+06   1.3443196E+06   4.0424684E+06   3.4349744E-04   1.7396413E-05   2.2930994E-04
   5.9420290E-01   2.6128424E+06   1.2895385E+06   3.9023070E+06   3.1653651E-05   3.5759959E-05   9.4002659E-06
   6.0869565E-01   2.5233714E+06   1.2341185E+06   3.7574358E+06   1.9598806E-04   2.3526814E-05   1.3825710E-04
   6.2318841E-01   2.4278941E+06   1.1808181E+06   3.6086240E+06   4.9799082E-05   1.5371753E-05   3.4616699E-05
   6.3768116E-01   2.3475199E+06   1.1291654E+06   3.4765648E+06   2.2212184E-04   2.9451350E-05   1.4152640E-04
   6.5217391E-01   2.2496360E+06   1.0814923E+06   3.3309263E+06   3.0431532E-04   2.2821600E-05   1.9986461E-04
   6.6666667E-01   2.1817051E+06   1.0231751E+06   3.2047979E+06   6.0650831E-04   6.9915972E-05   4.2139077E-04
   6.8115942E-01   2.0883384E+06   9.7686768E+05   3.0651739E+06   1.6027133E-04   8.4313861E-05   1.2423572E-04
   6.9565217E-01   2.0057606E+06   9.2993235E+05   2.9356298E+06   2.7480128E-04   4.3860754E-05   2.0153605E-04
   7.1014493E-01   1.9143676E+06   8.8650553E+05   2.8007804E+06   2.6063083E-04   5.5127824E-05   1.7591337E-04
   7.2463768E-01   1.8306464E+06   8.3551078E+05   2.6660814E+06   5.1007467E-04   2.3899396E-05   3.5015764E-04
   7.3913043E-01   1.7514861E+06   7.8574323E+05   2.5371401E+06   6.5878758E-04   5.0513725E-05   4.6751243E-04
   7.5362319E-01   1.6687402E+06   7.4667664E+05   2.4153440E+06   7.6772347E-05   4.8769927E-05   4.0037321E-05
   7.6811594E-01   1.5882590E+06   7.0013440E+05   2.2882647E+06   4.0142113E-04   5.2677735E-05   2.6585658E-04
   7.8260870E-01   1.5043318E+06   6.5778560E+05   2.1621034E+06   3.4263744E-04   5.7224905E-05   2.2373194E-04
   7.9710145E-01   1.4200537E+06   6.1605370E+05   2.0360247E+06   7.3846575E-04   2.0253828E-05   5.1591233E-04
   8.1159420E-01   1.3352538E+06   5.7562279E+05   1.9108631E+06   3.7968203E-04   2.1848453E-05   2.5901880E-04
   8.2608696E-01   1.2523925E+06   5.3092084E+05   1.7832469E+06   9.3525696E-04   4.8230695E-05   6.4541517E-04
   8.4057971E-01   1.1796392E+06   4.9346948E+05   1.6730957E+06   3.7005246E-04   6.9831999E-05   2.5042047E-04
   8.5507246E-01   1.0957258E+06   4.5595200E+05   1.5516392E+06   3.1033889E-04   1.8204215E-05   2.2216627E-04
   8.6956522E-01   1.0206587E+06   4.1643945E+05   1.4370350E+06   5.3828242E-04   9.5164493E-05   3.9622283E-04
   8.8405797E-01   9.3541973E+05   3.7889319E+05   1.3142756E+06   2.5363164E-04   6.7104871E-05   1.6117629E-04
   8.9855072E-01   8.5263709E+05   3.3902606E+05   1.1916387E+06   8.3162205E-04   1.0225179E-04   5.7523226E-04
   9.1304348E-01   7.7517666E+05   2.9822351E+05   1.0733761E+06   1.0385907E-03   1.4348856E-04   7.8014395E-04
   9.2753623E-01   6.9637185E+05   2.5809222E+05   9.5446407E+05   2.5286952E-04   5.5063864E-05   1.9651853E-04
   9.4202899E-01   6.1103886E+05   2.2040812E+05   8.3142366E+05   8.7471794E-04   1.5710890E-04   6.5000265E-04
   9.5652174E-01   5.2077176E+05   1.7806812E+05   6.9882840E+05   7.5887268E-04   1.4371358E-04   5.3542137E-04
   9.7101449E-01   4.2233076E+05   1.3963843E+05   5.6196919E+05   1.4448804E-03   1.0882886E-04   1.0775047E-03
   9.8550725E-01   2.9911656E+05   9.8115757E+04   3.9722117E+05   2.4516633E-03   2.6260226E-04   1.8602633E-03
   1.0000000E+00   1.8636493E+05   5.8386757E+04   2.4475168E+05   7.3729198E-03   3.8041429E-04   5.5321573E-03
