   0.0000000E+00   4.4009347E+06   2.6005523E+06   7.0014870E+06   3.8655927E-03   5.5369183E-03   4.7985763E-04
   1.4492754E-02   4.3797180E+06   2.0587706E+06   6.4384886E+06   9.1727661E-04   7.7045550E-04   8.6764546E-04
   2.8985507E-02   4.3641844E+06   2.1068869E+06   6.4710713E+06   1.2544586E-03   2.8092489E-03   1.5461446E-04
   4.3478261E-02   4.3567334E+06   2.0880697E+06   6.4448031E+06   1.3748003E-03   3.5178955E-04   9.0521710E-04
   5.7971014E-02   4.4715936E+06   2.1589812E+06   6.6300066E+06   1.8707592E-04   4.4601387E-04   1.1951994E-04
   7.2463768E-02   4.3838098E+06   2.1169647E+06   6.5001684E+06   1.0546445E-03   7.9041643E-04   6.1534053E-04
   8.6956522E-02   4.3883057E+06   2.1699053E+06   6.5578321E+06   8.7322380E-04   2.0377076E-04   6.5204553E-04
   1.0144928E-01   4.4024501E+06   2.1587918E+06   6.5608090E+06   1.0381595E-04   4.0383729E-04   1.9528727E-04
   1.1594203E-01   4.4509453E+06   2.1826605E+06   6.6333216E+06   3.7862090E-04   3.3995618E-04   2.3910468E-04
   1.3043478E-01   4.4229090E+06   2.2066976E+06   6.6290173E+06   3.1783344E-04   5.5778433E-04   2.1797374E-04
   1.4492754E-01   4.4458684E+06   2.2601770E+06   6.7058181E+06   4.0123882E-04   1.9624876E-04   2.0075890E-04
   1.5942029E-01   4.4082365E+06   2.2572287E+06   6.6651208E+06   4.6555360E-04   1.8395568E-04   3.4687375E-04
   1.7391304E-01   4.4744983E+06   2.2816714E+06   6.7556646E+06   3.5038857E-04   4.4161503E-04   1.6868997E-04
   1.8840580E-01   4.4477978E+06   2.3055013E+06   6.7525996E+06   2.4787895E-04   1.9065821E-04   1.8493803E-04
   2.0289855E-01   4.4225843E+06   2.3118546E+06   6.7340059E+06   1.1424574E-04   1.8972394E-04   9.7919302E-05
   2.1739130E-01   4.4170997E+06   2.3327682E+06   6.7494637E+06   1.2440913E-04   1.6401235E-04   1.3468559E-04
   2.3188406E-01   4.3884320E+06   2.3243099E+06   6.7121736E+06   1.1556302E-04   2.3133784E-04   1.1812021E-04
   2.4637681E-01   4.3810106E+06   2.3400692E+06   6.7205004E+06   2.3900243E-04   2.9442376E-04   1.2925727E-04
   2.6086957E-01   4.3390107E+06   2.3307138E+06   6.6687985E+06   1.3193479E-04   1.1151306E-04   5.7068128E-05
   2.7536232E-01   4.3163473E+06   2.3200302E+06   6.6354603E+06   2.6556289E-04   3.5599748E-05   1.6032040E-04
   2.8985507E-01   4.2876909E+06   2.3117788E+06   6.5991288E+06   2.7754264E-04   1.4952651E-04   1.2637375E-04
   3.0434783E-01   4.2200521E+06   2.2918287E+06   6.5109066E+06   1.1197218E-04   9.8099805E-05   1.0694545E-04
   3.1884058E-01   4.1728215E+06   2.2673893E+06   6.4386953E+06   7.8614737E-05   2.2510539E-04   1.2375710E-04
   3.3333333E-01   4.1051538E+06   2.2166104E+06   6.3208088E+06   8.3105721E-05   4.2084388E-05   4.3379848E-05
   3.4782609E-01   4.0410413E+06   2.1852495E+06   6.2254067E+06   3.0367602E-04   1.9858087E-04   2.5721708E-04
   3.6231884E-01   3.9831793E+06   2.1466983E+06   6.1288168E+06   2.8542225E-04   2.4424123E-04   1.7759638E-04
   3.7681159E-01   3.8964860E+06   2.1069160E+06   6.0019448E+06   1.0781812E-04   1.8116585E-04   8.6164694E-05
   3.9130435E-01   3.8478149E+06   2.0619699E+06   5.9090271E+06   1.7018146E-04   1.3474938E-04   1.1874289E-04
   4.0579710E-01   3.7512296E+06   1.9968527E+06   5.7472704E+06   1.6941735E-04   6.3299124E-05   9.3389333E-05
   4.2028986E-01   3.6692223E+06   1.9499962E+06   5.6181733E+06   1.1637181E-04   2.2530055E-04   1.4607638E-04
   4.3478261E-01   3.5941219E+06   1.8943670E+06   5.4874786E+06   9.8408572E-05   1.3587827E-04   8.6381362E-05
   4.4927536E-01   3.4788424E+06   1.8511018E+06   5.3292599E+06   2.8563622E-04   9.7428698E-05   2.2002731E-04
   4.6376812E-01   3.4154744E+06   1.7937522E+06   5.2085162E+06   2.0830130E-04   9.3517388E-05   1.6553251E-04
   4.7826087E-01   3.3392308E+06   1.7294536E+06   5.0675133E+06   1.1865147E-04   2.4577653E-04   1.6159176E-04
   4.9275362E-01   3.2330396E+06   1.6856521E+06   4.9175774E+06   1.5368396E-04   3.0359290E-04   1.6756108E-04
   5.0724638E-01   3.1508207E+06   1.6124637E+06   4.7627431E+06   1.1149043E-04   3.3401437E-04   1.4750433E-04
   5.2173913E-01   3.0586252E+06   1.5672941E+06   4.6248879E+06   1.7087802E-04   8.8918808E-05   1.2822619E-04
   5.3623188E-01   2.9544972E+06   1.5011992E+06   4.4548568E+06   3.4414788E-04   3.6488846E-04   3.4923848E-04
   5.5072464E-01   2.8527789E+06   1.4407765E+06   4.2926980E+06   2.1377952E-04   2.2004028E-04   9.0773771E-05
   5.6521739E-01   2.7562380E+06   1.3841712E+06   4.1395349E+06   2.0724571E-04   1.2252776E-04   1.2758536E-04
   5.7971014E-01   2.6656040E+06   1.3415539E+06   4.0065517E+06   2.2889821E-04   1.6428726E-04   1.0775986E-04
   5.9420290E-01   2.5804261E+06   1.2796509E+06   3.8594117E+06   2.4587860E-04   3.2457183E-04   9.2898964E-05
   6.0869565E-01   2.4886779E+06   1.2348582E+06   3.7226882E+06   2.7242721E-04   9.4331734E-05   1.9502827E-04
   6.2318841E-01   2.3881746E+06   1.1683947E+06   3.5560935E+06   1.8234738E-04   2.3186264E-04   1.8437433E-04
   6.3768116E-01   2.3069638E+06   1.1263239E+06   3.4328055E+06   3.2080473E-04   2.7518567E-04   1.2628379E-04
   6.5217391E-01   2.2005684E+06   1.0806335E+06   3.2806126E+06   9.5114381E-05   3.2467946E-04   1.6529053E-04
   6.6666667E-01   2.1140524E+06   1.0230763E+06   3.1364039E+06   5.1639628E-05   2.7485903E-04   5.5582827E-05
   6.8115942E-01   2.0274454E+06   9.7443325E+05   3.0014917E+06   1.4533363E-04   4.0424912E-04   1.8181074E-04
   6.9565217E-01   1.9366960E+06   9.3165304E+05   2.8680965E+06   2.2655367E-04   3.5907757E-04   1.5081697E-04
   7.1014493E-01   1.8462950E+06   8.8559315E+05   2.7315016E+06   1.3389017E-04   3.7824859E-04   2.1169516E-04
   7.2463768E-01   1.7717551E+06   8.3964802E+05   2.6110545E+06   2.8514563E-04   3.6687003E-04   2.3306059E-04
   7.3913043E-01   1.6885642E+06   7.9598010E+05   2.4842620E+06   2.2952540E-04   2.2648308E-04   1.8944183E-04
   7.5362319E-01   1.5977024E+06   7.5524490E+05   2.3528453E+06   1.2670265E-04   2.5220512E-04   1.4800882E-04
   7.6811594E-01   1.5225217E+06   7.0528129E+05   2.2275457E+06   1.4005308E-04   6.4675530E-05   1.1601049E-04
   7.8260870E-01   1.4401908E+06   6.6703280E+05   2.1069851E+06   3.2541104E-04   4.8801925E-04   1.9660232E-04
   7.9710145E-01   1.3659650E+06   6.3439093E+05   2.0001080E+06   2.1808330E-04   1.5481399E-04   1.9745000E-04
   8.1159420E-01   1.2869752E+06   5.9221181E+05   1.8789840E+06   3.4373996E-04   3.7171085E-04   3.4668792E-04
   8.2608696E-01   1.2166858E+06   5.5538111E+05   1.7720271E+06   3.0091315E-04   2.9004979E-04   1.2151369E-04
   8.4057971E-01   1.1336786E+06   5.1899737E+05   1.6524931E+06   7.0475486E-05   3.3019853E-04   1.3612680E-04
   8.5507246E-01   1.0682418E+06   4.8240856E+05   1.5505347E+06   3.4987662E-04   1.3395504E-04   2.0692210E-04
   8.6956522E-01   1.0009449E+06   4.4744351E+05   1.4483379E+06   5.4509320E-04   4.6034953E-04   3.2546595E-04
   8.8405797E-01   9.1935819E+05   4.0911570E+05   1.3283373E+06   3.2857120E-04   6.0308210E-04   1.3332078E-04
   8.9855072E-01   8.4806623E+05   3.6965329E+05   1.2176829E+06   2.6897219E-04   4.9082909E-04   1.7304896E-04
   9.1304348E-01   7.7640347E+05   3.3511206E+05   1.1114073E+06   2.2090397E-04   1.5473590E-04   2.0455053E-04
   9.2753623E-01   6.9770973E+05   2.9921127E+05   9.9686181E+05   2.1886267E-04   4.6078492E-04   2.8378058E-04
   9.4202899E-01   6.1638965E+05   2.5968219E+05   8.7600189E+05   3.3995523E-04   3.4498604E-04   1.5036403E-04
   9.5652174E-01   5.2154097E+05   2.1899738E+05   7.4052688E+05   5.2215636E-04   2.4167905E-04   4.2144600E-04
   9.7101449E-01   4.1617839E+05   1.7207408E+05   5.8824117E+05   1.3309807E-03   2.3592256E-04   1.0077047E-03
   9.8550725E-01   2.7925940E+05   1.1548799E+05   3.9473624E+05   9.2072623E-04   9.1090169E-04   4.5238531E-04
   1.0000000E+00   1.3594398E+05   5.3791098E+04   1.8973508E+05   4.8245366E-03   2.0567258E-03   4.0006138E-03
