   0.0000000E+00   3.6977550E+06   2.0125486E+06   5.7103037E+06   2.3818078E-03   3.0256164E-03   2.2621017E-03
   1.4492754E-02   3.9129522E+06   1.9398059E+06   5.8527581E+06   1.0657530E-03   2.6843103E-03   2.7908483E-04
   2.8985507E-02   3.8932511E+06   1.9632957E+06   5.8565468E+06   4.7241321E-04   3.2488275E-04   2.3064241E-04
   4.3478261E-02   3.9134574E+06   1.9590019E+06   5.8717016E+06   7.0538547E-04   1.8272372E-04   5.1476739E-04
   5.7971014E-02   3.9099213E+06   1.9587493E+06   5.8686706E+06   4.2065996E-04   7.1124404E-04   2.2016819E-04
   7.2463768E-02   3.9543247E+06   1.9972424E+06   5.9517186E+06   5.4287259E-04   2.3562295E-04   4.0433690E-04
   8.6956522E-02   3.9467978E+06   2.0251776E+06   5.9715965E+06   5.3204967E-04   3.7361108E-04   4.2838018E-04
   1.0144928E-01   4.0057209E+06   2.0603943E+06   6.0657904E+06   5.8598067E-04   7.4608573E-04   2.0471788E-04
   1.1594203E-01   4.1102479E+06   2.0418162E+06   6.1518747E+06   2.6772063E-04   5.5555596E-04   1.5705443E-04
   1.3043478E-01   4.1239398E+06   2.0731676E+06   6.1970232E+06   3.5949386E-05   5.5652268E-04   2.0539214E-04
   1.4492754E-01   4.2181686E+06   2.1371205E+06   6.3546072E+06   3.9150759E-04   5.1949213E-04   1.6754854E-04
   1.5942029E-01   4.2777680E+06   2.1778730E+06   6.4552966E+06   1.7261846E-04   1.0681689E-04   1.0165589E-04
   1.7391304E-01   4.3834436E+06   2.2069712E+06   6.5898465E+06   2.4084810E-04   3.4641886E-04   6.9390426E-05
   1.8840580E-01   4.4560163E+06   2.2434252E+06   6.6989752E+06   2.0657955E-04   2.0591717E-04   7.5054975E-05
   2.0289855E-01   4.4885615E+06   2.2655786E+06   6.7534906E+06   2.8527599E-04   1.5491375E-04   1.3765485E-04
   2.1739130E-01   4.5881967E+06   2.3034185E+06   6.8910090E+06   1.7155292E-04   3.5134094E-04   5.0630882E-05
   2.3188406E-01   4.6085072E+06   2.3100076E+06   6.9179938E+06   2.2580415E-04   3.1580352E-04   1.5659107E-04
   2.4637681E-01   4.6110506E+06   2.2947833E+06   6.9049424E+06   3.7378001E-04   1.3960179E-04   2.4415576E-04
   2.6086957E-01   4.6087229E+06   2.3361022E+06   6.9438990E+06   1.3798272E-04   2.4265360E-04   9.2049716E-05
   2.7536232E-01   4.6390235E+06   2.3359028E+06   6.9738894E+06   5.7408949E-05   1.4977665E-04   4.1789825E-05
   2.8985507E-01   4.6151847E+06   2.2937826E+06   6.9084748E+06   1.5969465E-04   3.4998367E-04   1.6778001E-04
   3.0434783E-01   4.5344406E+06   2.2966277E+06   6.8304189E+06   1.3432396E-04   2.6730308E-04   1.6610423E-04
   3.1884058E-01   4.4944118E+06   2.2628773E+06   6.7566002E+06   1.4395071E-04   9.6059919E-05   1.0674092E-04
   3.3333333E-01   4.4369107E+06   2.2226723E+06   6.6590559E+06   5.6923316E-05   1.0272226E-04   7.1835806E-05
   3.4782609E-01   4.3713198E+06   2.1813976E+06   6.5518334E+06   1.0906033E-04   1.9234117E-04   9.6608027E-06
   3.6231884E-01   4.2860315E+06   2.1580341E+06   6.4437928E+06   1.0033436E-04   8.0403982E-05   4.9809097E-05
   3.7681159E-01   4.1776063E+06   2.1116664E+06   6.2882819E+06   1.2534261E-04   9.4904126E-05   1.0685280E-04
   3.9130435E-01   4.0926200E+06   2.0664041E+06   6.1583786E+06   1.1373964E-04   2.7272721E-04   6.5968688E-05
   4.0579710E-01   3.9972234E+06   2.0054584E+06   6.0020052E+06   9.1556801E-05   2.7859470E-04   3.9990794E-05
   4.2028986E-01   3.8904030E+06   1.9548300E+06   5.8444230E+06   1.4160597E-04   5.0750506E-05   1.0110228E-04
   4.3478261E-01   3.7819396E+06   1.8949732E+06   5.6761802E+06   1.0215080E-04   1.0635723E-04   1.0167966E-04
   4.4927536E-01   3.6677144E+06   1.8280520E+06   5.4951309E+06   2.7785457E-04   2.3932620E-04   1.9518829E-04
   4.6376812E-01   3.5610309E+06   1.7885427E+06   5.3490527E+06   7.4238373E-05   1.2778525E-04   8.5225419E-05
   4.7826087E-01   3.4364277E+06   1.7307165E+06   5.1663176E+06   1.4505551E-04   3.3731004E-05   1.0530939E-04
   4.9275362E-01   3.3083006E+06   1.6660401E+06   4.9736053E+06   1.3526485E-04   8.8677460E-05   6.0714408E-05
   5.0724638E-01   3.1926910E+06   1.5990625E+06   4.7913423E+06   1.3727145E-04   1.0223480E-04   1.0281845E-04
   5.2173913E-01   3.0766425E+06   1.5440569E+06   4.6197943E+06   1.1492409E-05   2.5121354E-04   9.2786771E-05
   5.3623188E-01   2.9622385E+06   1.4899356E+06   4.4512730E+06   1.4276666E-04   1.0982765E-04   1.2545985E-04
   5.5072464E-01   2.8669566E+06   1.4302878E+06   4.2965066E+06   1.0495983E-04   3.5764192E-04   1.9231278E-04
   5.6521739E-01   2.7369643E+06   1.3730772E+06   4.1093615E+06   2.2937611E-04   1.4090399E-04   1.9448465E-04
   5.7971014E-01   2.6462249E+06   1.3304341E+06   3.9763559E+06   1.0175192E-04   1.7289996E-04   8.9911125E-05
   5.9420290E-01   2.5337421E+06   1.2681370E+06   3.8009735E+06   1.2933030E-04   2.2082849E-04   1.5884571E-04
   6.0869565E-01   2.4272471E+06   1.2162395E+06   3.6428191E+06   1.6167940E-04   2.9676243E-04   1.0381388E-04
   6.2318841E-01   2.3352035E+06   1.1605002E+06   3.4952279E+06   7.6957089E-05   4.4220288E-05   6.4155604E-05
   6.3768116E-01   2.2285897E+06   1.1099637E+06   3.3380540E+06   5.9556905E-04   3.3101870E-04   4.9930687E-04
   6.5217391E-01   2.1337360E+06   1.0682403E+06   3.2014880E+06   5.5406837E-04   1.9168916E-04   4.3705116E-04
   6.6666667E-01   2.0352807E+06   1.0156307E+06   3.0507797E+06   2.6532750E-04   2.5338267E-04   2.4366945E-04
   6.8115942E-01   1.9614417E+06   9.7461060E+05   2.9356654E+06   2.2596677E-04   8.7372203E-05   1.2872368E-04
   6.9565217E-01   1.8668580E+06   9.3154254E+05   2.7978796E+06   1.8893166E-04   4.7146228E-04   1.7924303E-04
   7.1014493E-01   1.7723925E+06   8.8047456E+05   2.6527279E+06   3.3163709E-04   3.4883272E-04   2.0887026E-04
   7.2463768E-01   1.7003157E+06   8.3916307E+05   2.5391908E+06   1.3854295E-04   2.2085593E-04   1.6035753E-04
   7.3913043E-01   1.6033857E+06   8.0791074E+05   2.4110438E+06   4.4424630E-04   4.2021282E-04   2.1320916E-04
   7.5362319E-01   1.5329305E+06   7.6774755E+05   2.3003720E+06   3.2219587E-04   1.4917905E-04   1.7248662E-04
   7.6811594E-01   1.4566415E+06   7.2485377E+05   2.1811522E+06   1.8688056E-05   4.9144517E-04   1.7311276E-04
   7.8260870E-01   1.3749132E+06   6.8660766E+05   2.0614507E+06   4.2395929E-04   4.4692755E-04   4.2260065E-04
   7.9710145E-01   1.3022738E+06   6.4707957E+05   1.9491054E+06   3.4366757E-04   3.9132207E-04   3.2661303E-04
   8.1159420E-01   1.2335547E+06   6.1253539E+05   1.8459819E+06   3.2934301E-04   6.1096731E-04   6.0412290E-05
   8.2608696E-01   1.1541792E+06   5.7484298E+05   1.7289291E+06   2.0445475E-04   6.8530952E-04   3.6400940E-04
   8.4057971E-01   1.0854317E+06   5.4273543E+05   1.6281279E+06   3.1579593E-04   5.3037509E-04   3.4205015E-05
   8.5507246E-01   1.0059404E+06   5.0297020E+05   1.5086794E+06   1.1016158E-04   6.5827899E-04   1.8185387E-04
   8.6956522E-01   9.4417780E+05   4.6830653E+05   1.4124591E+06   2.3202790E-04   1.4391620E-04   1.6782174E-04
   8.8405797E-01   8.7287539E+05   4.3463031E+05   1.3073442E+06   2.7131832E-04   4.6437110E-04   2.2460020E-04
   8.9855072E-01   7.9335031E+05   3.9540411E+05   1.1885344E+06   3.2864229E-04   5.0448675E-04   3.5810411E-04
   9.1304348E-01   7.2404747E+05   3.5947990E+05   1.0834432E+06   5.1762541E-04   5.3101240E-04   4.0042956E-04
   9.2753623E-01   6.4090316E+05   3.1983592E+05   9.6075092E+05   3.7503107E-04   7.1351547E-04   2.2257077E-05
   9.4202899E-01   5.5570077E+05   2.7447554E+05   8.3015300E+05   7.5630424E-04   6.5676955E-04   7.0852385E-04
   9.5652174E-01   4.5905066E+05   2.3034047E+05   6.8937965E+05   6.0646823E-04   1.3240459E-03   6.1357775E-04
   9.7101449E-01   3.6351004E+05   1.7996812E+05   5.4345554E+05   1.3187767E-03   1.3923596E-03   1.3226216E-03
   9.8550725E-01   2.4536182E+05   1.2234104E+05   3.6770287E+05   1.3012886E-03   1.7886945E-03   1.4608999E-03
   1.0000000E+00   1.2101903E+05   5.9196469E+04   1.8021550E+05   4.5906986E-03   3.8774381E-03   4.3516877E-03
