   0.0000000E+00   3.9462927E+06   1.9822392E+06   5.9285318E+06   1.8195388E-03   3.3765948E-03   2.2990235E-03
   1.4492754E-02   3.8636994E+06   1.8981304E+06   5.7618297E+06   1.0658195E-03   1.3301665E-04   6.7135868E-04
   2.8985507E-02   3.9640995E+06   2.0261879E+06   5.9902874E+06   4.4259479E-04   9.2354502E-04   6.0129249E-04
   4.3478261E-02   3.9983239E+06   2.0438684E+06   6.0421923E+06   9.0259772E-04   4.8242377E-04   7.0762954E-04
   5.7971014E-02   3.9557644E+06   2.0343336E+06   5.9902874E+06   3.3685281E-04   6.5611803E-04   1.6048811E-04
   7.2463768E-02   4.0022136E+06   2.0195198E+06   6.0215819E+06   2.8908421E-04   1.5428535E-03   5.8276039E-04
   8.6956522E-02   4.0314117E+06   2.0307343E+06   6.0617672E+06   4.4753797E-04   5.2435855E-04   1.6154804E-04
   1.0144928E-01   4.0923193E+06   2.0652655E+06   6.1571518E+06   5.9832902E-04   7.1292542E-04   4.0787424E-04
   1.1594203E-01   4.1156468E+06   2.1035718E+06   6.2190291E+06   2.3753376E-04   3.6265314E-04   2.3279602E-04
   1.3043478E-01   4.1454090E+06   2.0859649E+06   6.2311213E+06   1.2727512E-04   2.4429445E-04   1.2611690E-04
   1.4492754E-01   4.1992252E+06   2.1078719E+06   6.3064909E+06   1.4255902E-04   8.0419151E-05   8.9026801E-05
   1.5942029E-01   4.2236932E+06   2.1703645E+06   6.3933688E+06   2.9449855E-04   1.4438216E-04   1.6452200E-04
   1.7391304E-01   4.2744558E+06   2.2008462E+06   6.4749231E+06   3.0161434E-04   2.8532238E-04   2.4944266E-04
   1.8840580E-01   4.3232958E+06   2.2251812E+06   6.5475444E+06   4.7817571E-04   2.8004801E-04   2.2244170E-04
   2.0289855E-01   4.3615324E+06   2.2333206E+06   6.5940952E+06   7.7496311E-05   2.3138340E-04   7.0869546E-05
   2.1739130E-01   4.4109873E+06   2.2645213E+06   6.6750035E+06   5.8035186E-04   1.0109998E-04   4.0882098E-04
   2.3188406E-01   4.4003190E+06   2.2769040E+06   6.6761811E+06   3.4041636E-04   4.2017244E-04   8.4807506E-05
   2.4637681E-01   4.4037873E+06   2.2644738E+06   6.6676371E+06   1.2963692E-04   8.0229310E-05   5.7680148E-05
   2.6086957E-01   4.4287183E+06   2.2640751E+06   6.6915727E+06   2.6635143E-04   4.3847065E-04   2.2805664E-04
   2.7536232E-01   4.3924002E+06   2.2677065E+06   6.6588703E+06   1.3989867E-04   1.7118228E-04   1.4765790E-04
   2.8985507E-01   4.3633130E+06   2.2348307E+06   6.5971208E+06   2.9526385E-04   1.6794164E-04   1.4307317E-04
   3.0434783E-01   4.3382951E+06   2.2294778E+06   6.5668348E+06   2.8538642E-04   8.0456362E-05   2.0566139E-04
   3.1884058E-01   4.2675730E+06   2.1958176E+06   6.4622540E+06   1.9171981E-04   1.3756727E-04   1.6246098E-04
   3.3333333E-01   4.2275777E+06   2.1776364E+06   6.4041598E+06   1.9263508E-04   2.8306126E-04   1.6130163E-04
   3.4782609E-01   4.1494608E+06   2.1332813E+06   6.2815424E+06   1.5237006E-04   3.8720800E-05   1.0582445E-04
   3.6231884E-01   4.0670759E+06   2.0905955E+06   6.1570046E+06   3.0150341E-04   2.1461005E-04   1.6409097E-04
   3.7681159E-01   4.0059790E+06   2.0574008E+06   6.0624763E+06   1.4570268E-04   1.3790364E-04   7.1388575E-05
   3.9130435E-01   3.9256373E+06   2.0293311E+06   5.9541545E+06   1.3922390E-04   1.7226797E-04   1.4088576E-04
   4.0579710E-01   3.8137158E+06   1.9450830E+06   5.7580952E+06   7.5122091E-05   1.1034718E-04   7.0778995E-05
   4.2028986E-01   3.7505353E+06   1.9160548E+06   5.6656233E+06   1.0949372E-04   2.3369327E-04   4.8955943E-05
   4.3478261E-01   3.6360500E+06   1.8609508E+06   5.4960410E+06   9.9359064E-05   3.3543584E-04   9.6380086E-05
   4.4927536E-01   3.5403902E+06   1.8028756E+06   5.3423614E+06   1.0642768E-04   2.3197438E-04   4.9379906E-05
   4.6376812E-01   3.4338969E+06   1.7493772E+06   5.1823506E+06   1.9651570E-04   2.4754220E-04   2.0369826E-04
   4.7826087E-01   3.3567965E+06   1.7067445E+06   5.0626454E+06   2.9935291E-04   3.5925232E-05   1.9224610E-04
   4.9275362E-01   3.2437593E+06   1.6341483E+06   4.8769047E+06   3.0635254E-04   1.3792321E-04   2.1566207E-04
   5.0724638E-01   3.1498464E+06   1.5978935E+06   4.7467873E+06   7.2258305E-06   3.4590943E-04   1.1652326E-04
   5.2173913E-01   3.0396607E+06   1.5273235E+06   4.5661002E+06   7.5908959E-05   1.9583855E-04   1.1718337E-04
   5.3623188E-01   2.9333421E+06   1.4827473E+06   4.4150654E+06   1.7423912E-04   2.8562582E-04   1.9386980E-04
   5.5072464E-01   2.8368266E+06   1.4328801E+06   4.2683307E+06   1.7476931E-04   2.6099132E-04   1.9222667E-04
   5.6521739E-01   2.7386935E+06   1.3697159E+06   4.1075740E+06   3.4327494E-04   2.9450671E-04   3.2588704E-04
   5.7971014E-01   2.6352756E+06   1.3273273E+06   3.9618831E+06   1.2109898E-04   9.0519854E-05   9.6035643E-05
   5.9420290E-01   2.5421511E+06   1.2707244E+06   3.8123766E+06   2.5096424E-04   1.1631690E-04   1.7393227E-04
   6.0869565E-01   2.4548504E+06   1.2237628E+06   3.6778915E+06   1.2798334E-04   2.4230685E-04   1.2065935E-04
   6.2318841E-01   2.3470806E+06   1.1777519E+06   3.5245153E+06   1.3275324E-04   9.6496228E-05   8.8476451E-05
   6.3768116E-01   2.2611207E+06   1.1319208E+06   3.3926282E+06   2.3597317E-04   3.7710327E-04   2.7117345E-04
   6.5217391E-01   2.1617722E+06   1.0791517E+06   3.2402673E+06   3.0945182E-04   2.3795669E-04   2.6339917E-04
   6.6666667E-01   2.0857855E+06   1.0285781E+06   3.1140507E+06   2.2794182E-04   1.2741289E-04   1.9208777E-04
   6.8115942E-01   2.0085504E+06   9.8402588E+05   2.9922377E+06   4.2790062E-04   2.8863090E-04   2.5027130E-04
   6.9565217E-01   1.9205941E+06   9.4368211E+05   2.8639447E+06   2.6617874E-04   6.1290961E-04   3.3958449E-04
   7.1014493E-01   1.8360269E+06   9.0671699E+05   2.7421717E+06   4.4213124E-04   2.9574814E-04   3.9026417E-04
   7.2463768E-01   1.7523570E+06   8.6084949E+05   2.6128428E+06   3.6530407E-04   1.5850725E-04   2.2413785E-04
   7.3913043E-01   1.6736918E+06   8.2120827E+05   2.4945286E+06   3.0920662E-04   6.9024333E-04   3.5777207E-04
   7.5362319E-01   1.5946423E+06   7.8628296E+05   2.3806921E+06   3.3558726E-04   4.9018466E-04   3.5879394E-04
   7.6811594E-01   1.5248093E+06   7.3653435E+05   2.2610434E+06   4.7296609E-04   5.0876362E-04   3.7359706E-04
   7.8260870E-01   1.4477261E+06   7.1030798E+05   2.1578096E+06   2.7947334E-04   2.3695044E-04   2.2202637E-04
   7.9710145E-01   1.3820704E+06   6.6905394E+05   2.0510141E+06   5.0203623E-05   1.4623486E-04   4.3094087E-05
   8.1159420E-01   1.2985983E+06   6.2917854E+05   1.9275874E+06   5.3513355E-05   2.5445247E-04   6.2201750E-05
   8.2608696E-01   1.2269352E+06   5.9684393E+05   1.8236595E+06   3.5063827E-04   8.9145013E-04   4.9092723E-04
   8.4057971E-01   1.1656995E+06   5.5606115E+05   1.7215516E+06   7.5580669E-04   5.5998194E-04   5.2968753E-04
   8.5507246E-01   1.0940562E+06   5.2116872E+05   1.6150323E+06   4.7128542E-04   4.0276409E-04   3.2972622E-04
   8.6956522E-01   1.0125509E+06   4.8318343E+05   1.4955575E+06   5.6145135E-04   3.5311688E-04   3.9000234E-04
   8.8405797E-01   9.4717086E+05   4.4648081E+05   1.3934405E+06   1.7700423E-04   7.1969615E-04   3.3373238E-04
   8.9855072E-01   8.6889177E+05   4.1357757E+05   1.2822860E+06   7.8070531E-04   2.7784786E-04   5.5925788E-04
   9.1304348E-01   7.9775240E+05   3.7473086E+05   1.1724111E+06   5.0119876E-04   4.5246052E-04   4.7292244E-04
   9.2753623E-01   7.1616772E+05   3.3353438E+05   1.0496429E+06   4.8136318E-04   2.6477129E-04   3.9380192E-04
   9.4202899E-01   6.2747592E+05   2.9436322E+05   9.2174587E+05   3.0398358E-04   8.3347742E-04   1.1841233E-04
   9.5652174E-01   5.1974996E+05   2.4899687E+05   7.6871239E+05   2.0016010E-04   7.3059395E-04   2.9160258E-04
   9.7101449E-01   4.1047840E+05   1.9159429E+05   6.0206138E+05   5.2304574E-04   1.5832609E-03   8.5452247E-04
   9.8550725E-01   2.6791563E+05   1.2870380E+05   3.9660829E+05   1.5528298E-03   1.8923434E-03   1.4377226E-03
   1.0000000E+00   1.3474035E+05   6.2588503E+04   1.9732886E+05   7.1850387E-03   3.8710479E-03   6.0653692E-03
