   0.0000000E+00   4.0614686E+06   1.9519297E+06   6.0133983E+06   2.2821361E-03   4.6001051E-03   2.6372420E-03
   1.4492754E-02   3.9584164E+06   2.0193683E+06   5.9770270E+06   7.4305005E-04   4.0678642E-04   6.0600462E-04
   2.8985507E-02   3.9724346E+06   2.0140641E+06   5.9864987E+06   1.0075162E-03   9.3304665E-04   6.1473655E-04
   4.3478261E-02   3.9723083E+06   1.9865330E+06   5.9588413E+06   4.4647071E-04   8.6015511E-04   1.2861410E-04
   5.7971014E-02   3.9894836E+06   1.9951207E+06   5.9847938E+06   4.1484220E-04   4.5321802E-04   4.2447070E-04
   7.2463768E-02   3.9881197E+06   2.0316436E+06   6.0196118E+06   4.2530566E-04   9.5810886E-04   4.6511354E-04
   8.6956522E-02   3.9922620E+06   2.0585180E+06   6.0502748E+06   1.3600304E-04   6.8424177E-04   3.1093705E-04
   1.0144928E-01   4.0588707E+06   2.0435076E+06   6.1018370E+06   5.2757276E-04   9.4662692E-04   1.1962413E-04
   1.1594203E-01   4.1095849E+06   2.0793242E+06   6.1886249E+06   1.3261407E-04   5.0451072E-04   1.9813452E-04
   1.3043478E-01   4.1962616E+06   2.1160218E+06   6.3116940E+06   3.9772270E-04   2.6380860E-04   3.4620018E-04
   1.4492754E-01   4.2605261E+06   2.1385602E+06   6.3984801E+06   4.4749435E-04   7.1313370E-04   4.9478347E-04
   1.5942029E-01   4.2660575E+06   2.1838660E+06   6.4495102E+06   1.4773387E-04   8.7597565E-04   3.7013530E-04
   1.7391304E-01   4.3474511E+06   2.2077921E+06   6.5546749E+06   9.1547146E-05   2.0706528E-04   1.1121193E-05
   1.8840580E-01   4.3986615E+06   2.2331666E+06   6.6310120E+06   1.6081038E-04   7.0600709E-05   8.8740813E-05
   2.0289855E-01   4.4507288E+06   2.2458233E+06   6.6957943E+06   1.6450984E-04   1.4651726E-04   1.2198002E-04
   2.1739130E-01   4.5028250E+06   2.2724018E+06   6.7740144E+06   1.5851227E-04   1.8648075E-04   7.5503197E-05
   2.3188406E-01   4.5282344E+06   2.2783248E+06   6.8056120E+06   7.2616753E-05   3.1531291E-04   1.0040199E-04
   2.4637681E-01   4.5316220E+06   2.3027172E+06   6.8332694E+06   1.2070671E-04   1.3199044E-04   1.1617324E-04
   2.6086957E-01   4.5449888E+06   2.2824713E+06   6.8260709E+06   1.0495004E-04   1.0112205E-04   7.7132707E-05
   2.7536232E-01   4.5179452E+06   2.2826618E+06   6.7996498E+06   2.3880770E-05   1.2519275E-05   1.1693480E-05
   2.8985507E-01   4.4866726E+06   2.2747634E+06   6.7607540E+06   1.5512135E-04   2.0592467E-04   1.6372042E-04
   3.0434783E-01   4.4596773E+06   2.2491790E+06   6.7069800E+06   1.5318310E-04   1.0124466E-04   1.3557269E-04
   3.1884058E-01   4.4013824E+06   2.2243705E+06   6.6244785E+06   1.3526735E-04   2.9352758E-05   8.2649581E-05
   3.3333333E-01   4.3432478E+06   2.2074187E+06   6.5490852E+06   5.8822941E-05   1.9897262E-05   4.5012964E-05
   3.4782609E-01   4.2687096E+06   2.1641591E+06   6.4313533E+06   4.4958762E-05   1.9838306E-04   9.5112302E-05
   3.6231884E-01   4.2018015E+06   2.1172982E+06   6.3177357E+06   8.9481289E-05   1.4829928E-04   1.0874523E-04
   3.7681159E-01   4.1157051E+06   2.0789963E+06   6.1932151E+06   7.3440889E-05   1.4415380E-04   9.4068776E-05
   3.9130435E-01   4.0416833E+06   2.0398833E+06   6.0799388E+06   7.2405034E-05   2.7464233E-05   3.7975041E-05
   4.0579710E-01   3.9300013E+06   1.9887882E+06   5.9173823E+06   1.2052660E-04   2.8259587E-04   1.7337482E-04
   4.2028986E-01   3.8271712E+06   1.9281263E+06   5.7534424E+06   7.7962836E-05   4.1576871E-05   3.7670612E-05
   4.3478261E-01   3.7279382E+06   1.8831019E+06   5.6099035E+06   1.7077363E-05   2.7431792E-04   1.0389745E-04
   4.4927536E-01   3.6195615E+06   1.8323051E+06   5.4505711E+06   1.0621053E-04   2.1633222E-04   1.2817381E-04
   4.6376812E-01   3.5169401E+06   1.7897267E+06   5.3051987E+06   6.2322824E-05   4.8688975E-05   5.6978814E-05
   4.7826087E-01   3.4113076E+06   1.7330356E+06   5.1429196E+06   1.4362784E-04   8.4246088E-05   1.0680733E-04
   4.9275362E-01   3.3085235E+06   1.6644355E+06   4.9715995E+06   8.9697149E-05   1.6704532E-04   7.7159123E-05
   5.0724638E-01   3.1929725E+06   1.6027213E+06   4.7945464E+06   9.0056940E-06   2.7438036E-04   8.5586178E-05
   5.2173913E-01   3.0940704E+06   1.5572962E+06   4.6503353E+06   4.7190905E-05   1.9749158E-04   9.8920112E-05
   5.3623188E-01   2.9759801E+06   1.4970419E+06   4.4718547E+06   1.2943412E-04   6.7327682E-05   8.5930584E-05
   5.5072464E-01   2.8832280E+06   1.4508265E+06   4.3329776E+06   8.7367856E-05   3.3717033E-05   4.6437714E-05
   5.6521739E-01   2.7696830E+06   1.3894559E+06   4.1583423E+06   1.3069756E-04   1.7960613E-04   1.4891826E-04
   5.7971014E-01   2.6653577E+06   1.3395837E+06   4.0039185E+06   4.0846352E-05   2.4762853E-04   6.4388861E-05
   5.9420290E-01   2.5624807E+06   1.2839386E+06   3.8454582E+06   1.2163744E-04   1.1013819E-04   4.6670561E-05
   6.0869565E-01   2.4558607E+06   1.2317551E+06   3.6866957E+06   4.2747053E-05   1.7505004E-04   7.4392710E-05
   6.2318841E-01   2.3624291E+06   1.1701569E+06   3.5318107E+06   4.3662504E-05   2.3447432E-04   1.0803423E-04
   6.3768116E-01   2.2603974E+06   1.1250668E+06   3.3846031E+06   1.2143354E-04   1.5675197E-04   1.2685860E-04
   6.5217391E-01   2.1639276E+06   1.0779394E+06   3.2410082E+06   2.0526591E-04   2.7185233E-04   2.2421214E-04
   6.6666667E-01   2.0733488E+06   1.0272768E+06   3.1000490E+06   2.4157294E-04   1.4844811E-04   1.1810553E-04
   6.8115942E-01   1.9869791E+06   9.9331218E+05   2.9797270E+06   4.2246066E-04   1.1782766E-04   3.0016979E-04
   6.9565217E-01   1.8897795E+06   9.3949877E+05   2.8288205E+06   1.7575653E-04   9.7042106E-05   8.5654828E-05
   7.1014493E-01   1.8043411E+06   8.9153133E+05   2.6953158E+06   2.6944698E-04   2.4176785E-04   1.0509094E-04
   7.2463768E-01   1.7195925E+06   8.5193851E+05   2.5710612E+06   5.0108661E-05   5.4789943E-05   4.5344927E-05
   7.3913043E-01   1.6409011E+06   8.1153599E+05   2.4520359E+06   3.7199538E-04   1.6751970E-04   2.7285002E-04
   7.5362319E-01   1.5549340E+06   7.6916102E+05   2.3237744E+06   2.3689699E-04   1.3821213E-04   1.8336595E-04
   7.6811594E-01   1.4743983E+06   7.2551143E+05   2.1994380E+06   1.0241211E-04   2.6027684E-04   4.5799190E-05
   7.8260870E-01   1.3906292E+06   6.8603234E+05   2.0762827E+06   9.1112173E-05   2.0002276E-04   1.2460555E-04
   7.9710145E-01   1.3137225E+06   6.4198207E+05   1.9554291E+06   3.7189054E-04   4.9095271E-04   2.9395555E-04
   8.1159420E-01   1.2348808E+06   6.1963917E+05   1.8543305E+06   9.9014535E-05   1.5226494E-04   3.6518447E-05
   8.2608696E-01   1.1655984E+06   5.7404536E+05   1.7394311E+06   1.4644711E-04   7.9847372E-05   1.0627990E-04
   8.4057971E-01   1.0910232E+06   5.3338130E+05   1.6242086E+06   2.8609566E-04   4.5361583E-04   3.1866685E-04
   8.5507246E-01   1.0115399E+06   5.0078689E+05   1.5121599E+06   3.4423834E-04   2.6654733E-04   2.3232087E-04
   8.6956522E-01   9.4609739E+05   4.6214360E+05   1.4080516E+06   3.6124294E-04   1.2755749E-04   2.7952530E-04
   8.8405797E-01   8.7739697E+05   4.2685419E+05   1.3040524E+06   5.5304442E-04   4.2924396E-04   5.1261490E-04
   8.9855072E-01   7.9581906E+05   3.9363199E+05   1.1893899E+06   2.7332406E-04   4.7686627E-04   3.0732492E-04
   9.1304348E-01   7.2751141E+05   3.5690601E+05   1.0843693E+06   3.0091094E-04   1.4414608E-04   1.8606646E-04
   9.2753623E-01   6.5403332E+05   3.1804813E+05   9.7199857E+05   5.9743390E-04   1.0160008E-03   6.1829811E-04
   9.4202899E-01   5.7153164E+05   2.8103871E+05   8.5250040E+05   3.6335037E-04   1.4072192E-03   2.2214994E-04
   9.5652174E-01   4.8787910E+05   2.3541501E+05   7.2324818E+05   3.5679825E-04   9.5096912E-04   4.3806096E-04
   9.7101449E-01   3.8944273E+05   1.8947941E+05   5.7887690E+05   5.3554889E-04   8.2210597E-04   6.2256888E-04
   9.8550725E-01   2.6450582E+05   1.2971783E+05   3.9416794E+05   6.8934671E-04   2.1775294E-04   5.2525963E-04
   1.0000000E+00   1.2710281E+05   6.1406762E+04   1.8848768E+05   3.0652718E-03   2.2730364E-03   2.8073275E-03
