   0.0000000E+00   4.1099638E+06   2.0731676E+06   6.1831313E+06   6.2665378E-03   4.4475905E-05   4.1654713E-03
   1.4492754E-02   3.9720557E+06   2.0966574E+06   6.0687131E+06   4.0207520E-03   1.6841418E-05   2.6258713E-03
   2.8985507E-02   3.9819063E+06   2.0849125E+06   6.0668188E+06   6.9314461E-04   6.0754691E-05   4.4429519E-04
   4.3478261E-02   3.9576587E+06   2.1110544E+06   6.0687131E+06   7.3326847E-04   2.4578761E-05   4.8363643E-04
   5.7971014E-02   3.9267809E+06   2.1443948E+06   6.0711757E+06   3.8341072E-04   3.2965299E-05   2.5498093E-04
   7.2463768E-02   3.9852403E+06   2.1589434E+06   6.1440321E+06   3.8779081E-04   2.4408699E-05   2.4299217E-04
   8.6956522E-02   3.9345477E+06   2.1171163E+06   6.0515377E+06   9.4680960E-04   4.3114066E-05   6.1622699E-04
   1.0144928E-01   3.9798496E+06   2.1344360E+06   6.1141773E+06   9.7834890E-05   3.3461023E-05   8.5881169E-05
   1.1594203E-01   3.9556696E+06   2.1830394E+06   6.1385196E+06   4.2081432E-04   4.1779793E-06   2.7245247E-04
   1.3043478E-01   3.9685196E+06   2.2376806E+06   6.2060318E+06   5.0124770E-04   2.1543886E-05   3.3678027E-04
   1.4492754E-01   3.9765263E+06   2.2382784E+06   6.2142743E+06   1.3536058E-03   1.8622460E-05   8.6105879E-04
   1.5942029E-01   3.9772910E+06   2.2715568E+06   6.2486411E+06   3.0761893E-04   4.8600774E-05   1.7431475E-04
   1.7391304E-01   3.9724346E+06   2.3001097E+06   6.2726706E+06   8.2617825E-04   1.4371897E-05   5.2139031E-04
   1.8840580E-01   3.9685585E+06   2.3133118E+06   6.2811708E+06   3.3664319E-04   4.7274433E-06   2.0546065E-04
   2.0289855E-01   3.9287565E+06   2.3512028E+06   6.2795804E+06   9.9424036E-04   5.1081987E-05   6.0501502E-04
   2.1739130E-01   3.9152760E+06   2.3769695E+06   6.2918413E+06   5.6972688E-04   5.5664088E-06   3.5354003E-04
   2.3188406E-01   3.8845371E+06   2.3827030E+06   6.2668139E+06   9.3119132E-05   2.6090828E-06   5.6494136E-05
   2.4637681E-01   3.8675326E+06   2.4027385E+06   6.2696025E+06   7.1715998E-04   1.7378593E-05   4.4197262E-04
   2.6086957E-01   3.8382731E+06   2.3962160E+06   6.2341102E+06   5.2018726E-04   1.0223561E-05   3.2556508E-04
   2.7536232E-01   3.8197506E+06   2.3941688E+06   6.2133610E+06   3.7877625E-04   1.9571554E-05   2.4364297E-04
   2.8985507E-01   3.7787192E+06   2.3822105E+06   6.1601719E+06   3.0012404E-04   1.2755912E-05   1.8802541E-04
   3.0434783E-01   3.7122603E+06   2.3482981E+06   6.0598007E+06   1.0040586E-03   6.8728228E-06   6.1463496E-04
   3.1884058E-01   3.6982372E+06   2.3376521E+06   6.0350971E+06   9.2614315E-05   3.2386160E-05   6.7850698E-05
   3.3333333E-01   3.6326885E+06   2.2996649E+06   5.9316616E+06   4.6136142E-04   2.1964436E-05   2.8659543E-04
   3.4782609E-01   3.5959973E+06   2.2775986E+06   5.8729329E+06   8.9750676E-05   1.4815836E-05   5.8847857E-05
   3.6231884E-01   3.5546337E+06   2.2293826E+06   5.7833495E+06   4.2353686E-04   3.5985857E-05   2.4119593E-04
   3.7681159E-01   3.4989949E+06   2.1709739E+06   5.6690944E+06   9.5975021E-04   5.7521809E-06   5.9202135E-04
   3.9130435E-01   3.4297407E+06   2.1246937E+06   5.5535925E+06   5.3085145E-04   3.0057672E-05   3.2222406E-04
   4.0579710E-01   3.3984761E+06   2.0632899E+06   5.4609812E+06   4.1081699E-04   2.0961879E-05   2.4900347E-04
   4.2028986E-01   3.3077297E+06   2.0295846E+06   5.3362691E+06   5.7982460E-04   3.6752858E-05   3.6773627E-04
   4.3478261E-01   3.2566260E+06   1.9628664E+06   5.2187093E+06   4.0594800E-04   2.2164806E-05   2.4405145E-04
   4.4927536E-01   3.2083060E+06   1.8939995E+06   5.1014989E+06   1.0238722E-03   4.6434684E-05   6.2929886E-04
   4.6376812E-01   3.1452229E+06   1.8366827E+06   4.9811952E+06   7.9745207E-04   7.6980887E-06   4.9835325E-04
   4.7826087E-01   3.0759976E+06   1.7667434E+06   4.8421211E+06   7.1405774E-04   1.0393663E-05   4.5739627E-04
   4.9275362E-01   3.0228345E+06   1.7122175E+06   4.7341828E+06   5.4401980E-04   3.7816450E-05   3.5214341E-04
   5.0724638E-01   2.9476174E+06   1.6497660E+06   4.5968854E+06   6.1498058E-04   1.8620126E-05   3.9748816E-04
   5.2173913E-01   2.8912706E+06   1.5787865E+06   4.4692573E+06   3.5708871E-04   9.2679027E-06   2.2897737E-04
   5.3623188E-01   2.8054074E+06   1.5193849E+06   4.3239937E+06   3.2673671E-04   4.6830111E-05   2.1094690E-04
   5.5072464E-01   2.7449610E+06   1.4574268E+06   4.2015303E+06   5.8015982E-04   2.3073067E-05   3.7000316E-04
   5.6521739E-01   2.6855937E+06   1.4017157E+06   4.0867654E+06   2.5291118E-04   1.4150875E-05   1.7223342E-04
   5.7971014E-01   2.6231518E+06   1.3479378E+06   3.9704266E+06   8.0783215E-04   1.6151189E-05   5.3891038E-04
   5.9420290E-01   2.5540716E+06   1.2855280E+06   3.8392485E+06   4.9742902E-04   8.8772612E-06   3.3481989E-04
   6.0869565E-01   2.4972836E+06   1.2146339E+06   3.7112860E+06   6.3444670E-04   3.0867851E-05   4.3541685E-04
   6.2318841E-01   2.4291805E+06   1.1643593E+06   3.5930640E+06   5.6047969E-04   4.0509239E-05   3.6730837E-04
   6.3768116E-01   2.3536851E+06   1.1117719E+06   3.4651126E+06   5.9661491E-04   1.6821328E-05   4.0106160E-04
   6.5217391E-01   2.2818483E+06   1.0643843E+06   3.3459463E+06   6.9160071E-04   5.5714704E-05   4.9102642E-04
   6.6666667E-01   2.2207944E+06   1.0100795E+06   3.2304786E+06   7.7417586E-04   1.6209836E-05   5.2700110E-04
   6.8115942E-01   2.1550193E+06   9.6213212E+05   3.1169257E+06   5.0843083E-04   1.1818944E-05   3.5690352E-04
   6.9565217E-01   2.0866805E+06   9.1308849E+05   2.9993902E+06   5.3633332E-04   5.5440007E-05   3.6400068E-04
   7.1014493E-01   2.0294508E+06   8.6784046E+05   2.8969820E+06   5.6863358E-04   2.7158480E-05   4.0709116E-04
   7.2463768E-01   1.9546879E+06   8.2702413E+05   2.7814544E+06   7.6197395E-05   6.7095828E-05   3.6248627E-05
   7.3913043E-01   1.8883987E+06   7.7523892E+05   2.6632662E+06   3.8685046E-04   4.1107895E-05   2.8983128E-04
   7.5362319E-01   1.8406881E+06   7.3324139E+05   2.5737109E+06   1.5657876E-04   4.1453349E-05   1.1671199E-04
   7.6811594E-01   1.7616949E+06   6.9691759E+05   2.4582694E+06   9.2240415E-04   3.2628736E-05   6.5189337E-04
   7.8260870E-01   1.6886723E+06   6.5451611E+05   2.3430621E+06   3.0080435E-04   4.4703962E-05   2.1975897E-04
   7.9710145E-01   1.6357606E+06   6.0760838E+05   2.2432312E+06   3.2946664E-04   5.4911580E-05   2.4783759E-04
   8.1159420E-01   1.5650916E+06   5.7405319E+05   2.1389012E+06   5.6552890E-04   2.7923650E-05   4.1735820E-04
   8.2608696E-01   1.4912125E+06   5.3170516E+05   2.0227581E+06   7.1725126E-04   4.1487602E-05   5.2971820E-04
   8.4057971E-01   1.4160139E+06   4.9783300E+05   1.9137163E+06   4.3870102E-04   1.2312294E-05   3.1411182E-04
   8.5507246E-01   1.3441992E+06   4.5766011E+05   1.8017694E+06   1.0889904E-03   2.4936065E-05   8.1404031E-04
   8.6956522E-01   1.2625914E+06   4.2334749E+05   1.6859262E+06   5.0252957E-04   1.1342922E-05   3.7111461E-04
   8.8405797E-01   1.1894851E+06   3.8506688E+05   1.5743284E+06   7.7043946E-04   6.5540924E-05   5.7744040E-04
   8.9855072E-01   1.1018347E+06   3.4640788E+05   1.4481570E+06   7.0552444E-04   7.1555289E-05   5.2155445E-04
   9.1304348E-01   1.0088362E+06   3.0874763E+05   1.3175357E+06   2.1176651E-03   7.7066057E-05   1.6046769E-03
   9.2753623E-01   8.9845075E+05   2.6787176E+05   1.1662633E+06   1.8122323E-03   7.3638179E-05   1.3790067E-03
   9.4202899E-01   7.6855483E+05   2.2566564E+05   9.9422047E+05   2.3186275E-03   2.0772941E-04   1.7460641E-03
   9.5652174E-01   6.1545440E+05   1.7829774E+05   7.9374066E+05   2.8507370E-03   9.1292543E-05   2.1928745E-03
   9.7101449E-01   4.4924738E+05   1.3479796E+05   5.8400010E+05   1.5347905E-03   1.6071272E-04   1.1575181E-03
   9.8550725E-01   2.8797337E+05   8.8198321E+04   3.7618283E+05   2.2082531E-03   1.2340472E-04   1.7168715E-03
   1.0000000E+00   1.4889936E+05   4.5693984E+04   1.9461523E+05   7.8786723E-03   7.5197862E-05   6.0325371E-03
