   0.0000000E+00   4.2130160E+06   1.9822392E+06   6.1952551E+06   4.3342097E-03   4.1112879E-05   2.9398811E-03
   1.4492754E-02   4.3531972E+06   2.0223992E+06   6.3755965E+06   1.0032177E-03   1.9028200E-04   6.4339881E-04
   2.8985507E-02   4.3649422E+06   1.9170738E+06   6.2820160E+06   2.0589785E-04   1.1644327E-06   1.4341938E-04
   4.3478261E-02   4.3413260E+06   1.9595071E+06   6.3008331E+06   1.5004862E-03   1.8070146E-05   1.0327149E-03
   5.7971014E-02   4.3310335E+06   1.9875433E+06   6.3185768E+06   1.3028918E-03   1.5455188E-05   8.9406769E-04
   7.2463768E-02   4.3757778E+06   2.0157311E+06   6.3912058E+06   2.8344134E-04   3.9667233E-05   2.0565403E-04
   8.6956522E-02   4.4155842E+06   2.0544767E+06   6.4698084E+06   1.9171285E-04   1.8733520E-05   1.3603334E-04
   1.0144928E-01   4.4679402E+06   2.0690541E+06   6.5366696E+06   3.0462477E-04   1.0651776E-04   2.3995736E-04
   1.1594203E-01   4.5148793E+06   2.0825446E+06   6.5967609E+06   1.8351365E-04   2.4752682E-05   1.1967175E-04
   1.3043478E-01   4.5459991E+06   2.1646011E+06   6.7100109E+06   4.5520382E-04   4.2236374E-05   3.1691045E-04
   1.4492754E-01   4.5893838E+06   2.1755378E+06   6.7640881E+06   3.9492815E-04   1.4616380E-05   2.6979562E-04
   1.5942029E-01   4.6410683E+06   2.2366320E+06   6.8771493E+06   8.1865366E-04   1.3768600E-05   5.5284441E-04
   1.7391304E-01   4.6725201E+06   2.2677165E+06   6.9396051E+06   5.1145510E-04   3.0016378E-05   3.3680756E-04
   1.8840580E-01   4.7104992E+06   2.3182080E+06   7.0276580E+06   6.6334760E-04   1.0533441E-05   4.4754522E-04
   2.0289855E-01   4.7348800E+06   2.3615405E+06   7.0958793E+06   3.6616523E-04   3.1018899E-05   2.5462876E-04
   2.1739130E-01   4.7091314E+06   2.3808592E+06   7.0889298E+06   2.7575337E-04   1.1495572E-05   1.8312548E-04
   2.3188406E-01   4.7153480E+06   2.4197374E+06   7.1342330E+06   1.6676064E-04   1.0960005E-05   1.0757487E-04
   2.4637681E-01   4.6619081E+06   2.4354994E+06   7.0964269E+06   2.0935451E-04   8.4181636E-06   1.4076921E-04
   2.6086957E-01   4.6450943E+06   2.4522043E+06   7.0961199E+06   4.6887245E-05   2.8380169E-05   2.9993807E-05
   2.7536232E-01   4.5882551E+06   2.4170205E+06   7.0042786E+06   9.8028885E-05   7.1036000E-06   6.4344506E-05
   2.8985507E-01   4.5743427E+06   2.4419201E+06   7.0152020E+06   1.7890907E-04   1.1013977E-05   1.1474069E-04
   3.0434783E-01   4.5460954E+06   2.4171800E+06   6.9608939E+06   1.4988325E-04   4.1268382E-07   9.9235417E-05
   3.1884058E-01   4.4678910E+06   2.3661017E+06   6.8324084E+06   1.9393210E-04   1.4516674E-05   1.2420846E-04
   3.3333333E-01   4.4408311E+06   2.3362669E+06   6.7755826E+06   9.9007631E-05   5.8390292E-06   6.8342819E-05
   3.4782609E-01   4.3572069E+06   2.3046877E+06   6.6608212E+06   3.9587363E-05   1.2572398E-05   2.1695952E-05
   3.6231884E-01   4.2802727E+06   2.2637232E+06   6.5422682E+06   7.3226980E-05   8.4209686E-06   4.8633066E-05
   3.7681159E-01   4.2053512E+06   2.2125620E+06   6.4164560E+06   2.5116352E-04   1.0576721E-05   1.6654200E-04
   3.9130435E-01   4.1235188E+06   2.1311485E+06   6.2531518E+06   1.1091423E-04   1.1288788E-05   7.4113116E-05
   4.0579710E-01   4.0308074E+06   2.0911097E+06   6.1203745E+06   1.0387133E-04   1.2578038E-05   6.5671280E-05
   4.2028986E-01   3.9596968E+06   2.0301595E+06   5.9875046E+06   1.2969338E-04   7.7039580E-06   8.7186412E-05
   4.3478261E-01   3.8301569E+06   1.9719087E+06   5.8006764E+06   5.6460453E-05   1.6007601E-05   3.3083635E-05
   4.4927536E-01   3.7286022E+06   1.8940239E+06   5.6213307E+06   1.6424946E-04   6.8779446E-06   1.0845097E-04
   4.6376812E-01   3.6288957E+06   1.8377246E+06   5.4651995E+06   1.2726823E-04   4.1572662E-07   8.4779510E-05
   4.7826087E-01   3.4990443E+06   1.7668583E+06   5.2647774E+06   1.7948838E-04   1.2463979E-05   1.1823005E-04
   4.9275362E-01   3.3917408E+06   1.7022332E+06   5.0927705E+06   1.5406344E-04   1.4516556E-05   1.0014338E-04
   5.0724638E-01   3.2983412E+06   1.6404350E+06   4.9378019E+06   1.8315463E-04   1.4015953E-05   1.2344229E-04
   5.2173913E-01   3.1768531E+06   1.5762186E+06   4.7522298E+06   1.6485966E-04   1.4946145E-05   1.1481690E-04
   5.3623188E-01   3.0419237E+06   1.5071383E+06   4.5475465E+06   1.7471787E-04   1.7671059E-05   1.1523742E-04
   5.5072464E-01   2.9214538E+06   1.4526610E+06   4.3731576E+06   8.6947699E-05   1.8060961E-05   5.3441902E-05
   5.6521739E-01   2.8259887E+06   1.3872021E+06   4.2126080E+06   1.2567022E-04   1.7741979E-05   9.0044702E-05
   5.7971014E-01   2.7055935E+06   1.3337113E+06   4.0385660E+06   2.7115507E-04   1.9818543E-05   1.7648167E-04
   5.9420290E-01   2.5939360E+06   1.2572330E+06   3.8502634E+06   1.0169034E-04   9.8694145E-06   6.9781245E-05
   6.0869565E-01   2.4827603E+06   1.2075797E+06   3.6897086E+06   1.2885347E-04   2.2082368E-05   7.9525043E-05
   6.2318841E-01   2.3826061E+06   1.1550903E+06   3.5370267E+06   9.6135289E-05   1.3308686E-05   6.4495009E-05
   6.3768116E-01   2.2786003E+06   1.1020419E+06   3.3801428E+06   2.4522857E-04   1.6809764E-05   1.6703115E-04
   6.5217391E-01   2.1643822E+06   1.0566554E+06   3.2198084E+06   1.8651018E-04   1.9869400E-05   1.2150145E-04
   6.6666667E-01   2.0543724E+06   1.0024197E+06   3.0564298E+06   1.9637737E-04   2.9108670E-06   1.3294854E-04
   6.8115942E-01   1.9610870E+06   9.4829940E+05   2.9089673E+06   1.0164978E-04   1.8172155E-05   7.3076116E-05
   6.9565217E-01   1.8707729E+06   8.9594470E+05   2.7662441E+06   1.4315450E-04   2.0265927E-05   9.0247922E-05
   7.1014493E-01   1.7712327E+06   8.5127850E+05   2.6220627E+06   2.4696041E-04   3.5063892E-05   1.7818337E-04
   7.2463768E-01   1.6828119E+06   8.0712596E+05   2.4894833E+06   1.6031461E-04   1.7066257E-05   1.0608960E-04
   7.3913043E-01   1.5932528E+06   7.6812213E+05   2.3611372E+06   3.4208679E-04   2.4161930E-05   2.3607239E-04
   7.5362319E-01   1.4998523E+06   7.2095731E+05   2.2205182E+06   3.2716193E-04   2.9630326E-05   2.1896187E-04
   7.6811594E-01   1.4138938E+06   6.8307818E+05   2.0965144E+06   1.4064476E-04   3.4736897E-06   9.4941234E-05
   7.8260870E-01   1.3298840E+06   6.4651778E+05   1.9760790E+06   1.3771447E-04   1.4770412E-05   9.6864042E-05
   7.9710145E-01   1.2472208E+06   6.0658888E+05   1.8536030E+06   5.5844834E-05   4.2403974E-05   3.0634029E-05
   8.1159420E-01   1.1559273E+06   5.7027804E+05   1.7260294E+06   3.7072405E-04   3.2599892E-05   2.5086250E-04
   8.2608696E-01   1.0725430E+06   5.3173175E+05   1.6041286E+06   2.0991925E-04   1.1637489E-05   1.4307221E-04
   8.4057971E-01   9.9428117E+05   4.9503721E+05   1.4891747E+06   3.8129569E-04   4.5592511E-05   2.5709530E-04
   8.5507246E-01   9.0484034E+05   4.6102498E+05   1.3657112E+06   5.8488386E-04   3.9470905E-05   4.0045110E-04
   8.6956522E-01   8.2658969E+05   4.2510291E+05   1.2515916E+06   1.2081354E-04   4.2815909E-05   8.9992330E-05
   8.8405797E-01   7.4932705E+05   3.8788665E+05   1.1370771E+06   4.4454208E-04   3.0681630E-05   2.9888607E-04
   8.9855072E-01   6.6625831E+05   3.5123540E+05   1.0174082E+06   2.1218277E-04   5.3553617E-05   1.4204012E-04
   9.1304348E-01   5.9635080E+05   3.1626486E+05   9.1256755E+05   2.3259584E-04   4.2017715E-05   1.5629023E-04
   9.2753623E-01   5.2346581E+05   2.8136894E+05   8.0477556E+05   2.9565798E-04   1.1086412E-04   2.2838613E-04
   9.4202899E-01   4.5166935E+05   2.3846556E+05   6.9009994E+05   6.8746314E-04   8.3662119E-05   4.5419106E-04
   9.5652174E-01   3.8242741E+05   2.0241902E+05   5.8480051E+05   5.7816566E-05   2.4413801E-05   4.6168610E-05
   9.7101449E-01   3.1223275E+05   1.5411459E+05   4.6633604E+05   5.1891663E-04   6.9573721E-05   3.7040905E-04
   9.8550725E-01   2.1564295E+05   9.7714603E+04   3.1333526E+05   1.7949791E-03   7.0591206E-05   1.2139995E-03
   1.0000000E+00   1.1734250E+05   4.1273397E+04   1.5861590E+05   1.4284078E-03   1.0515328E-04   1.0598393E-03
