#depth	N	N+	N+2	N+3	N+4	N+5	N+6	N+7
 6.17135e+19	0.00e+00	0.00e+00	1.65e-25	5.03e-19	3.10e-13	6.13e-08	3.47e-04	1.00e+00
 1.87609e+20	0.00e+00	0.00e+00	2.55e-25	7.00e-19	3.90e-13	7.21e-08	3.81e-04	1.00e+00
 3.18540e+20	0.00e+00	1.54e-32	3.95e-25	9.76e-19	4.91e-13	8.48e-08	4.19e-04	1.00e+00
 4.54709e+20	0.00e+00	2.67e-32	6.15e-25	1.36e-18	6.17e-13	9.97e-08	4.61e-04	1.00e+00
 5.48444e+20	0.00e+00	3.87e-32	8.27e-25	1.70e-18	7.17e-13	1.11e-07	4.92e-04	1.00e+00
 5.86615e+20	0.00e+00	4.51e-32	9.35e-25	1.86e-18	7.61e-13	1.16e-07	5.06e-04	9.99e-01
 6.18482e+20	0.00e+00	5.08e-32	1.03e-24	2.00e-18	8.00e-13	1.20e-07	5.16e-04	9.99e-01
 6.59909e+20	0.00e+00	5.95e-32	1.17e-24	2.20e-18	8.53e-13	1.26e-07	5.31e-04	9.99e-01
 7.13764e+20	0.00e+00	7.30e-32	1.37e-24	2.48e-18	9.25e-13	1.34e-07	5.50e-04	9.99e-01
 7.83775e+20	0.00e+00	9.49e-32	1.69e-24	2.90e-18	1.03e-12	1.44e-07	5.76e-04	9.99e-01
 8.56032e+20	0.00e+00	1.24e-31	2.09e-24	3.39e-18	1.14e-12	1.56e-07	6.04e-04	9.99e-01
 9.11646e+20	0.00e+00	1.52e-31	2.46e-24	3.82e-18	1.23e-12	1.65e-07	6.26e-04	9.99e-01
 9.56469e+20	0.00e+00	1.79e-31	2.79e-24	4.20e-18	1.31e-12	1.73e-07	6.44e-04	9.99e-01
 1.00683e+21	0.00e+00	2.14e-31	3.22e-24	4.66e-18	1.40e-12	1.82e-07	6.65e-04	9.99e-01
 1.07229e+21	0.00e+00	2.70e-31	3.86e-24	5.33e-18	1.53e-12	1.94e-07	6.94e-04	9.99e-01
 1.14077e+21	0.00e+00	3.43e-31	4.67e-24	6.12e-18	1.67e-12	2.07e-07	7.24e-04	9.99e-01
 1.19834e+21	0.00e+00	4.18e-31	5.46e-24	6.86e-18	1.80e-12	2.19e-07	7.51e-04	9.99e-01
 1.25834e+21	0.00e+00	5.12e-31	6.40e-24	7.71e-18	1.94e-12	2.32e-07	7.78e-04	9.99e-01
 1.32479e+21	0.00e+00	6.43e-31	7.65e-24	8.77e-18	2.11e-12	2.47e-07	8.11e-04	9.99e-01
 1.38443e+21	0.00e+00	7.85e-31	8.94e-24	9.82e-18	2.26e-12	2.61e-07	8.41e-04	9.99e-01
 1.43810e+21	0.00e+00	9.39e-31	1.03e-23	1.09e-17	2.41e-12	2.74e-07	8.69e-04	9.99e-01
 1.49918e+21	0.00e+00	1.15e-30	1.20e-23	1.22e-17	2.59e-12	2.90e-07	9.01e-04	9.99e-01
 1.57859e+21	0.00e+00	1.48e-30	1.47e-23	1.40e-17	2.83e-12	3.11e-07	9.44e-04	9.99e-01
 1.65777e+21	0.00e+00	1.91e-30	1.79e-23	1.62e-17	3.09e-12	3.33e-07	9.89e-04	9.99e-01
 1.71686e+21	0.00e+00	2.30e-30	2.07e-23	1.79e-17	3.29e-12	3.51e-07	1.02e-03	9.99e-01
 1.77389e+21	0.00e+00	2.74e-30	2.37e-23	1.98e-17	3.50e-12	3.68e-07	1.06e-03	9.99e-01
 1.84803e+21	0.00e+00	3.45e-30	2.83e-23	2.25e-17	3.78e-12	3.92e-07	1.10e-03	9.99e-01
 1.92504e+21	0.00e+00	4.36e-30	3.40e-23	2.55e-17	4.08e-12	4.17e-07	1.15e-03	9.99e-01
 1.98899e+21	0.00e+00	5.29e-30	3.94e-23	2.84e-17	4.35e-12	4.40e-07	1.19e-03	9.99e-01
 2.05532e+21	0.00e+00	6.45e-30	4.59e-23	3.16e-17	4.64e-12	4.64e-07	1.24e-03	9.99e-01
 2.12807e+21	0.00e+00	7.99e-30	5.42e-23	3.56e-17	4.98e-12	4.92e-07	1.29e-03	9.99e-01
 2.19391e+21	0.00e+00	9.68e-30	6.29e-23	3.95e-17	5.30e-12	5.18e-07	1.33e-03	9.99e-01
 2.25472e+21	0.00e+00	1.15e-29	7.20e-23	4.34e-17	5.60e-12	5.43e-07	1.38e-03	9.99e-01
 2.32425e+21	0.00e+00	1.41e-29	8.38e-23	4.83e-17	5.97e-12	5.73e-07	1.43e-03	9.99e-01
 2.40189e+21	0.00e+00	1.75e-29	9.92e-23	5.44e-17	6.40e-12	6.09e-07	1.49e-03	9.99e-01
 2.47412e+21	0.00e+00	2.14e-29	1.16e-22	6.07e-17	6.82e-12	6.43e-07	1.55e-03	9.98e-01
 2.54135e+21	0.00e+00	2.57e-29	1.34e-22	6.70e-17	7.23e-12	6.77e-07	1.60e-03	9.98e-01
 2.61800e+21	0.00e+00	3.17e-29	1.57e-22	7.50e-17	7.72e-12	7.16e-07	1.67e-03	9.98e-01
 2.70110e+21	0.00e+00	3.96e-29	1.86e-22	8.46e-17	8.29e-12	7.62e-07	1.74e-03	9.98e-01
 2.77537e+21	0.00e+00	4.83e-29	2.17e-22	9.42e-17	8.82e-12	8.05e-07	1.80e-03	9.98e-01
 2.84283e+21	0.00e+00	5.76e-29	2.49e-22	1.04e-16	9.33e-12	8.45e-07	1.86e-03	9.98e-01
 2.91866e+21	0.00e+00	7.01e-29	2.89e-22	1.15e-16	9.93e-12	8.93e-07	1.93e-03	9.98e-01
 3.00376e+21	0.00e+00	8.72e-29	3.42e-22	1.30e-16	1.06e-11	9.49e-07	2.01e-03	9.98e-01
 3.08370e+21	0.00e+00	1.07e-28	4.00e-22	1.45e-16	1.14e-11	1.01e-06	2.09e-03	9.98e-01
 3.15857e+21	0.00e+00	1.29e-28	4.63e-22	1.61e-16	1.21e-11	1.06e-06	2.16e-03	9.98e-01
 3.24405e+21	0.00e+00	1.59e-28	5.44e-22	1.80e-16	1.29e-11	1.13e-06	2.24e-03	9.98e-01
 3.33588e+21	0.00e+00	1.99e-28	6.47e-22	2.04e-16	1.39e-11	1.20e-06	2.34e-03	9.98e-01
 3.41660e+21	0.00e+00	2.41e-28	7.52e-22	2.27e-16	1.48e-11	1.27e-06	2.42e-03	9.98e-01
 3.50222e+21	0.00e+00	2.95e-28	8.80e-22	2.54e-16	1.59e-11	1.35e-06	2.51e-03	9.97e-01
 3.59845e+21	0.00e+00	3.69e-28	1.05e-21	2.88e-16	1.71e-11	1.44e-06	2.62e-03	9.97e-01
 3.68922e+21	0.00e+00	4.55e-28	1.23e-21	3.23e-16	1.84e-11	1.53e-06	2.72e-03	9.97e-01
 3.77469e+21	0.00e+00	5.52e-28	1.44e-21	3.60e-16	1.97e-11	1.62e-06	2.81e-03	9.97e-01
 3.87258e+21	0.00e+00	6.86e-28	1.70e-21	4.08e-16	2.13e-11	1.73e-06	2.93e-03	9.97e-01
 3.98205e+21	0.00e+00	8.73e-28	2.06e-21	4.68e-16	2.32e-11	1.86e-06	3.05e-03	9.97e-01
 4.07972e+21	0.00e+00	1.08e-27	2.43e-21	5.28e-16	2.50e-11	1.98e-06	3.17e-03	9.97e-01
 4.16431e+21	0.00e+00	1.29e-27	2.80e-21	5.86e-16	2.67e-11	2.09e-06	3.27e-03	9.97e-01
 4.25874e+21	0.00e+00	1.57e-27	3.27e-21	6.56e-16	2.87e-11	2.22e-06	3.39e-03	9.97e-01
 4.38151e+21	0.00e+00	2.03e-27	4.01e-21	7.62e-16	3.15e-11	2.40e-06	3.54e-03	9.96e-01
 4.50589e+21	0.00e+00	2.62e-27	4.91e-21	8.84e-16	3.47e-11	2.59e-06	3.70e-03	9.96e-01
 4.60680e+21	0.00e+00	3.21e-27	5.76e-21	9.95e-16	3.75e-11	2.76e-06	3.84e-03	9.96e-01
 4.71243e+21	0.00e+00	3.96e-27	6.80e-21	1.13e-15	4.06e-11	2.94e-06	3.98e-03	9.96e-01
 4.84974e+21	0.00e+00	5.16e-27	8.41e-21	1.32e-15	4.50e-11	3.19e-06	4.16e-03	9.96e-01
 4.99074e+21	0.00e+00	6.76e-27	1.04e-20	1.55e-15	5.01e-11	3.47e-06	4.36e-03	9.96e-01
 5.10119e+21	0.00e+00	8.33e-27	1.23e-20	1.75e-15	5.44e-11	3.70e-06	4.52e-03	9.95e-01
 5.20941e+21	0.00e+00	1.02e-26	1.45e-20	1.98e-15	5.89e-11	3.94e-06	4.67e-03	9.95e-01
 5.35010e+21	0.00e+00	1.31e-26	1.78e-20	2.31e-15	6.53e-11	4.27e-06	4.88e-03	9.95e-01
 5.49610e+21	0.00e+00	1.71e-26	2.19e-20	2.70e-15	7.26e-11	4.63e-06	5.10e-03	9.95e-01
 5.61797e+21	0.00e+00	2.12e-26	2.61e-20	3.08e-15	7.93e-11	4.96e-06	5.29e-03	9.95e-01
 5.74535e+21	0.00e+00	2.63e-26	3.11e-20	3.52e-15	8.69e-11	5.30e-06	5.49e-03	9.95e-01
 5.91095e+21	0.00e+00	3.51e-26	3.92e-20	4.19e-15	9.77e-11	5.80e-06	5.75e-03	9.94e-01
 6.07820e+21	0.00e+00	4.66e-26	4.92e-20	4.98e-15	1.10e-10	6.34e-06	6.03e-03	9.94e-01
 6.21238e+21	0.00e+00	5.83e-26	5.89e-20	5.71e-15	1.21e-10	6.80e-06	6.26e-03	9.94e-01
 6.33197e+21	0.00e+00	7.09e-26	6.91e-20	6.45e-15	1.31e-10	7.23e-06	6.46e-03	9.94e-01
 6.46778e+21	0.00e+00	8.82e-26	8.25e-20	7.38e-15	1.44e-10	7.75e-06	6.70e-03	9.93e-01
 6.64434e+21	0.00e+00	1.17e-25	1.03e-19	8.78e-15	1.62e-10	8.46e-06	7.01e-03	9.93e-01
 6.82393e+21	0.00e+00	1.55e-25	1.30e-19	1.05e-14	1.83e-10	9.25e-06	7.35e-03	9.93e-01
 6.96856e+21	0.00e+00	1.94e-25	1.56e-19	1.20e-14	2.02e-10	9.92e-06	7.62e-03	9.92e-01
 7.11770e+21	0.00e+00	2.43e-25	1.88e-19	1.39e-14	2.23e-10	1.07e-05	7.90e-03	9.92e-01
 7.31157e+21	0.00e+00	3.25e-25	2.38e-19	1.66e-14	2.53e-10	1.17e-05	8.28e-03	9.92e-01
 7.51183e+21	1.66e-32	4.38e-25	3.03e-19	2.00e-14	2.88e-10	1.28e-05	8.69e-03	9.91e-01
 7.67549e+21	2.21e-32	5.56e-25	3.68e-19	2.33e-14	3.19e-10	1.38e-05	9.03e-03	9.91e-01
 7.84337e+21	2.94e-32	7.08e-25	4.48e-19	2.71e-14	3.55e-10	1.49e-05	9.39e-03	9.91e-01
 8.02051e+21	3.97e-32	9.13e-25	5.51e-19	3.17e-14	3.97e-10	1.61e-05	9.78e-03	9.90e-01
 8.17151e+21	5.11e-32	1.13e-24	6.56e-19	3.63e-14	4.37e-10	1.73e-05	1.01e-02	9.90e-01
 8.32961e+21	6.64e-32	1.41e-24	7.85e-19	4.17e-14	4.81e-10	1.85e-05	1.05e-02	9.90e-01
 8.53513e+21	9.28e-32	1.87e-24	9.89e-19	4.99e-14	5.46e-10	2.02e-05	1.10e-02	9.89e-01
 8.74141e+21	1.30e-31	2.48e-24	1.25e-18	5.96e-14	6.19e-10	2.20e-05	1.15e-02	9.89e-01
 8.90282e+21	1.68e-31	3.09e-24	1.49e-18	6.85e-14	6.82e-10	2.36e-05	1.19e-02	9.88e-01
 9.03680e+21	2.08e-31	3.69e-24	1.73e-18	7.67e-14	7.39e-10	2.50e-05	1.22e-02	9.88e-01
 9.18097e+21	2.61e-31	4.48e-24	2.02e-18	8.67e-14	8.06e-10	2.65e-05	1.26e-02	9.87e-01
 9.36839e+21	3.49e-31	5.72e-24	2.47e-18	1.01e-13	9.00e-10	2.86e-05	1.31e-02	9.87e-01
 9.55953e+21	4.70e-31	7.36e-24	3.04e-18	1.19e-13	1.01e-09	3.09e-05	1.36e-02	9.86e-01
 9.71261e+21	5.94e-31	8.99e-24	3.58e-18	1.35e-13	1.10e-09	3.29e-05	1.40e-02	9.86e-01
 9.86870e+21	7.54e-31	1.10e-23	4.21e-18	1.53e-13	1.21e-09	3.50e-05	1.44e-02	9.86e-01
 1.00347e+22	9.70e-31	1.36e-23	5.02e-18	1.76e-13	1.33e-09	3.74e-05	1.49e-02	9.85e-01
 1.01775e+22	1.21e-30	1.63e-23	5.84e-18	1.98e-13	1.44e-09	3.96e-05	1.54e-02	9.85e-01
 1.03072e+22	1.46e-30	1.92e-23	6.67e-18	2.19e-13	1.55e-09	4.16e-05	1.57e-02	9.84e-01
 1.04561e+22	1.82e-30	2.32e-23	7.79e-18	2.47e-13	1.69e-09	4.41e-05	1.62e-02	9.84e-01
 1.06238e+22	2.34e-30	2.87e-23	9.26e-18	2.83e-13	1.86e-09	4.70e-05	1.67e-02	9.83e-01
 1.07818e+22	2.96e-30	3.49e-23	1.09e-17	3.21e-13	2.03e-09	5.00e-05	1.73e-02	9.83e-01
 1.09284e+22	3.67e-30	4.20e-23	1.27e-17	3.61e-13	2.21e-09	5.29e-05	1.77e-02	9.82e-01
 1.10943e+22	4.63e-30	5.11e-23	1.49e-17	4.09e-13	2.42e-09	5.62e-05	1.83e-02	9.82e-01
 1.12706e+22	6.05e-30	6.41e-23	1.79e-17	4.73e-13	2.68e-09	6.02e-05	1.89e-02	9.81e-01
 1.14174e+22	7.50e-30	7.69e-23	2.08e-17	5.31e-13	2.91e-09	6.36e-05	1.94e-02	9.80e-01
 1.15656e+22	9.29e-30	9.22e-23	2.42e-17	5.97e-13	3.16e-09	6.72e-05	2.00e-02	9.80e-01
 1.17582e+22	1.22e-29	1.17e-22	2.93e-17	6.94e-13	3.51e-09	7.22e-05	2.07e-02	9.79e-01
 1.19524e+22	1.62e-29	1.48e-22	3.56e-17	8.08e-13	3.92e-09	7.76e-05	2.15e-02	9.78e-01
 1.21045e+22	2.02e-29	1.78e-22	4.15e-17	9.11e-13	4.26e-09	8.21e-05	2.21e-02	9.78e-01
 1.22582e+22	2.52e-29	2.15e-22	4.84e-17	1.03e-12	4.64e-09	8.69e-05	2.27e-02	9.77e-01
 1.24580e+22	3.34e-29	2.73e-22	5.90e-17	1.20e-12	5.18e-09	9.34e-05	2.35e-02	9.76e-01
 1.26623e+22	4.48e-29	3.50e-22	7.25e-17	1.41e-12	5.80e-09	1.01e-04	2.44e-02	9.76e-01
 1.28203e+22	5.62e-29	4.24e-22	8.49e-17	1.59e-12	6.33e-09	1.07e-04	2.51e-02	9.75e-01
 1.29534e+22	6.80e-29	4.98e-22	9.69e-17	1.76e-12	6.81e-09	1.12e-04	2.57e-02	9.74e-01
 1.31063e+22	8.44e-29	5.99e-22	1.13e-16	1.99e-12	7.41e-09	1.18e-04	2.64e-02	9.73e-01
 1.33050e+22	1.12e-28	7.60e-22	1.37e-16	2.31e-12	8.25e-09	1.27e-04	2.73e-02	9.73e-01
 1.35060e+22	1.49e-28	9.70e-22	1.68e-16	2.71e-12	9.22e-09	1.37e-04	2.83e-02	9.72e-01
 1.36644e+22	1.88e-28	1.18e-21	1.97e-16	3.08e-12	1.01e-08	1.45e-04	2.92e-02	9.71e-01
 1.38246e+22	2.34e-28	1.42e-21	2.30e-16	3.47e-12	1.10e-08	1.53e-04	3.00e-02	9.70e-01
 1.40329e+22	3.13e-28	1.82e-21	2.82e-16	4.07e-12	1.23e-08	1.65e-04	3.11e-02	9.69e-01
 1.42441e+22	4.22e-28	2.35e-21	3.49e-16	4.80e-12	1.38e-08	1.78e-04	3.23e-02	9.68e-01
 1.44110e+22	5.40e-28	2.90e-21	4.14e-16	5.49e-12	1.52e-08	1.90e-04	3.33e-02	9.67e-01
 1.45796e+22	6.78e-28	3.52e-21	4.86e-16	6.22e-12	1.66e-08	2.01e-04	3.42e-02	9.66e-01
 1.47988e+22	9.19e-28	4.55e-21	6.02e-16	7.36e-12	1.87e-08	2.17e-04	3.55e-02	9.64e-01
 1.50226e+22	1.26e-27	5.95e-21	7.51e-16	8.75e-12	2.12e-08	2.35e-04	3.69e-02	9.63e-01
 1.52016e+22	1.62e-27	7.36e-21	8.96e-16	1.00e-11	2.33e-08	2.50e-04	3.81e-02	9.62e-01
 1.53837e+22	2.08e-27	9.11e-21	1.07e-15	1.15e-11	2.57e-08	2.67e-04	3.93e-02	9.60e-01
 1.56204e+22	2.85e-27	1.19e-20	1.34e-15	1.38e-11	2.91e-08	2.89e-04	4.08e-02	9.59e-01
 1.58623e+22	3.99e-27	1.59e-20	1.69e-15	1.66e-11	3.32e-08	3.15e-04	4.26e-02	9.57e-01
 1.60566e+22	5.23e-27	2.00e-20	2.05e-15	1.93e-11	3.70e-08	3.38e-04	4.40e-02	9.56e-01
 1.62550e+22	6.75e-27	2.49e-20	2.46e-15	2.22e-11	4.09e-08	3.60e-04	4.54e-02	9.54e-01
 1.64767e+22	9.03e-27	3.19e-20	3.02e-15	2.61e-11	4.59e-08	3.88e-04	4.71e-02	9.53e-01
 1.66786e+22	1.18e-26	3.99e-20	3.65e-15	3.03e-11	5.09e-08	4.16e-04	4.86e-02	9.51e-01
 1.68587e+22	1.49e-26	4.88e-20	4.31e-15	3.46e-11	5.60e-08	4.42e-04	5.01e-02	9.49e-01
 1.70608e+22	1.91e-26	6.03e-20	5.14e-15	3.98e-11	6.18e-08	4.71e-04	5.17e-02	9.48e-01
 1.73236e+22	2.63e-26	7.94e-20	6.47e-15	4.77e-11	7.03e-08	5.12e-04	5.38e-02	9.46e-01
 1.75885e+22	3.64e-26	1.05e-19	8.15e-15	5.72e-11	8.00e-08	5.57e-04	5.60e-02	9.43e-01
 1.77968e+22	4.69e-26	1.30e-19	9.78e-15	6.61e-11	8.87e-08	5.95e-04	5.78e-02	9.42e-01
 1.80080e+22	5.94e-26	1.59e-19	1.16e-14	7.57e-11	9.76e-08	6.33e-04	5.96e-02	9.40e-01
 1.82827e+22	8.08e-26	2.07e-19	1.44e-14	9.01e-11	1.11e-07	6.86e-04	6.19e-02	9.37e-01
 1.85712e+22	1.11e-25	2.73e-19	1.82e-14	1.08e-10	1.26e-07	7.47e-04	6.45e-02	9.35e-01
 1.88147e+22	1.45e-25	3.42e-19	2.19e-14	1.26e-10	1.40e-07	8.00e-04	6.66e-02	9.33e-01
 1.90683e+22	1.88e-25	4.28e-19	2.65e-14	1.46e-10	1.56e-07	8.58e-04	6.89e-02	9.30e-01
 1.93980e+22	2.62e-25	5.69e-19	3.37e-14	1.77e-10	1.79e-07	9.38e-04	7.19e-02	9.27e-01
 1.97356e+22	3.67e-25	7.59e-19	4.29e-14	2.15e-10	2.06e-07	1.03e-03	7.50e-02	9.24e-01
 1.99965e+22	4.72e-25	9.42e-19	5.15e-14	2.49e-10	2.29e-07	1.10e-03	7.75e-02	9.21e-01
 2.02094e+22	5.80e-25	1.12e-18	5.98e-14	2.80e-10	2.50e-07	1.16e-03	7.95e-02	9.19e-01
 2.04463e+22	7.14e-25	1.34e-18	6.95e-14	3.16e-10	2.72e-07	1.23e-03	8.17e-02	9.17e-01
 2.07544e+22	9.36e-25	1.70e-18	8.46e-14	3.71e-10	3.05e-07	1.32e-03	8.46e-02	9.14e-01
 2.10812e+22	1.24e-24	2.17e-18	1.04e-13	4.38e-10	3.44e-07	1.43e-03	8.77e-02	9.11e-01
 2.13615e+22	1.58e-24	2.66e-18	1.24e-13	5.03e-10	3.81e-07	1.52e-03	9.05e-02	9.08e-01
 2.16552e+22	2.00e-24	3.27e-18	1.47e-13	5.78e-10	4.21e-07	1.63e-03	9.33e-02	9.05e-01
 2.20369e+22	2.71e-24	4.24e-18	1.83e-13	6.91e-10	4.79e-07	1.77e-03	9.70e-02	9.01e-01
 2.24254e+22	3.66e-24	5.50e-18	2.29e-13	8.26e-10	5.45e-07	1.92e-03	1.01e-01	8.97e-01
 2.27365e+22	4.64e-24	6.74e-18	2.71e-13	9.49e-10	6.03e-07	2.05e-03	1.04e-01	8.94e-01
 2.30022e+22	5.63e-24	7.97e-18	3.13e-13	1.06e-09	6.56e-07	2.16e-03	1.07e-01	8.91e-01
 2.32951e+22	6.93e-24	9.54e-18	3.64e-13	1.20e-09	7.17e-07	2.29e-03	1.10e-01	8.88e-01
 2.36758e+22	9.02e-24	1.20e-17	4.42e-13	1.41e-09	8.03e-07	2.46e-03	1.13e-01	8.84e-01
 2.40693e+22	1.18e-23	1.51e-17	5.38e-13	1.65e-09	9.02e-07	2.66e-03	1.17e-01	8.80e-01
 2.43933e+22	1.47e-23	1.82e-17	6.32e-13	1.88e-09	9.92e-07	2.82e-03	1.21e-01	8.76e-01
 2.47282e+22	1.81e-23	2.18e-17	7.36e-13	2.13e-09	1.09e-06	2.99e-03	1.24e-01	8.73e-01
 2.51636e+22	2.37e-23	2.75e-17	8.96e-13	2.50e-09	1.22e-06	3.23e-03	1.28e-01	8.68e-01
 2.56164e+22	3.12e-23	3.50e-17	1.10e-12	2.95e-09	1.38e-06	3.49e-03	1.33e-01	8.63e-01
 2.59939e+22	3.92e-23	4.26e-17	1.30e-12	3.38e-09	1.52e-06	3.72e-03	1.37e-01	8.59e-01
 2.63868e+22	4.88e-23	5.14e-17	1.52e-12	3.85e-09	1.67e-06	3.95e-03	1.41e-01	8.55e-01
 2.68976e+22	6.45e-23	6.56e-17	1.87e-12	4.55e-09	1.89e-06	4.27e-03	1.46e-01	8.50e-01
 2.74263e+22	8.61e-23	8.41e-17	2.31e-12	5.40e-09	2.15e-06	4.63e-03	1.51e-01	8.44e-01
 2.78415e+22	1.07e-22	1.02e-16	2.72e-12	6.16e-09	2.37e-06	4.93e-03	1.56e-01	8.39e-01
 2.82443e+22	1.31e-22	1.21e-16	3.16e-12	6.96e-09	2.59e-06	5.22e-03	1.60e-01	8.35e-01
 2.87680e+22	1.70e-22	1.51e-16	3.81e-12	8.11e-09	2.89e-06	5.61e-03	1.65e-01	8.29e-01
 2.93224e+22	2.22e-22	1.91e-16	4.65e-12	9.53e-09	3.26e-06	6.05e-03	1.71e-01	8.23e-01
 2.97999e+22	2.78e-22	2.32e-16	5.48e-12	1.09e-08	3.60e-06	6.44e-03	1.76e-01	8.18e-01
 3.03036e+22	3.48e-22	2.81e-16	6.46e-12	1.24e-08	3.97e-06	6.85e-03	1.81e-01	8.13e-01
 3.09586e+22	4.64e-22	3.61e-16	7.98e-12	1.48e-08	4.50e-06	7.43e-03	1.87e-01	8.05e-01
 3.16425e+22	6.24e-22	4.66e-16	9.92e-12	1.77e-08	5.13e-06	8.07e-03	1.94e-01	7.98e-01
 3.22221e+22	7.95e-22	5.75e-16	1.19e-11	2.04e-08	5.70e-06	8.63e-03	2.00e-01	7.91e-01
 3.27369e+22	9.79e-22	6.88e-16	1.38e-11	2.31e-08	6.25e-06	9.15e-03	2.05e-01	7.86e-01
 3.33097e+22	1.23e-21	8.38e-16	1.63e-11	2.65e-08	6.90e-06	9.74e-03	2.11e-01	7.80e-01
 3.40544e+22	1.62e-21	1.06e-15	1.99e-11	3.11e-08	7.78e-06	1.05e-02	2.18e-01	7.72e-01
 3.48357e+22	2.18e-21	1.38e-15	2.48e-11	3.72e-08	8.87e-06	1.14e-02	2.26e-01	7.63e-01
 3.54665e+22	2.75e-21	1.68e-15	2.94e-11	4.27e-08	9.81e-06	1.22e-02	2.32e-01	7.56e-01
 3.60059e+22	3.33e-21	1.98e-15	3.38e-11	4.79e-08	1.07e-05	1.28e-02	2.37e-01	7.50e-01
 3.66245e+22	4.12e-21	2.38e-15	3.96e-11	5.43e-08	1.17e-05	1.36e-02	2.43e-01	7.44e-01
 3.74288e+22	5.36e-21	2.99e-15	4.79e-11	6.35e-08	1.31e-05	1.46e-02	2.50e-01	7.35e-01
 3.82799e+22	7.13e-21	3.83e-15	5.91e-11	7.53e-08	1.49e-05	1.58e-02	2.59e-01	7.26e-01
 3.89988e+22	9.02e-21	4.69e-15	7.02e-11	8.66e-08	1.65e-05	1.69e-02	2.65e-01	7.18e-01
 3.97402e+22	1.13e-20	5.70e-15	8.29e-11	9.91e-08	1.82e-05	1.79e-02	2.72e-01	7.10e-01
 4.07041e+22	1.50e-20	7.28e-15	1.02e-10	1.17e-07	2.06e-05	1.93e-02	2.81e-01	7.00e-01
 4.17037e+22	2.03e-20	9.47e-15	1.27e-10	1.41e-07	2.35e-05	2.10e-02	2.90e-01	6.89e-01
 4.25196e+22	2.58e-20	1.16e-14	1.52e-10	1.62e-07	2.61e-05	2.24e-02	2.98e-01	6.80e-01
 4.33500e+22	3.24e-20	1.42e-14	1.80e-10	1.86e-07	2.89e-05	2.38e-02	3.05e-01	6.71e-01
 4.44295e+22	4.31e-20	1.81e-14	2.21e-10	2.20e-07	3.26e-05	2.57e-02	3.14e-01	6.60e-01
 4.54938e+22	5.78e-20	2.34e-14	2.74e-10	2.62e-07	3.71e-05	2.79e-02	3.24e-01	6.48e-01
 4.62781e+22	7.08e-20	2.78e-14	3.18e-10	2.96e-07	4.06e-05	2.94e-02	3.31e-01	6.40e-01
 4.70374e+22	8.56e-20	3.28e-14	3.66e-10	3.32e-07	4.41e-05	3.09e-02	3.37e-01	6.32e-01
 4.80246e+22	1.09e-19	4.03e-14	4.36e-10	3.83e-07	4.90e-05	3.30e-02	3.45e-01	6.22e-01
 4.91010e+22	1.41e-19	5.07e-14	5.30e-10	4.49e-07	5.50e-05	3.54e-02	3.54e-01	6.10e-01
 5.00599e+22	1.77e-19	6.17e-14	6.27e-10	5.15e-07	6.09e-05	3.76e-02	3.62e-01	6.00e-01
 5.10728e+22	2.22e-19	7.49e-14	7.40e-10	5.89e-07	6.71e-05	3.99e-02	3.70e-01	5.90e-01
 5.23896e+22	2.95e-19	9.60e-14	9.15e-10	7.02e-07	7.63e-05	4.31e-02	3.80e-01	5.77e-01
 5.37272e+22	3.96e-19	1.24e-13	1.14e-09	8.40e-07	8.69e-05	4.66e-02	3.90e-01	5.63e-01
 5.47863e+22	4.96e-19	1.51e-13	1.34e-09	9.63e-07	9.61e-05	4.95e-02	3.98e-01	5.53e-01
 5.58575e+22	6.13e-19	1.81e-13	1.58e-09	1.10e-06	1.06e-04	5.23e-02	4.05e-01	5.42e-01
 5.72501e+22	7.99e-19	2.28e-13	1.92e-09	1.29e-06	1.19e-04	5.62e-02	4.15e-01	5.29e-01
 5.87550e+22	1.07e-18	2.94e-13	2.39e-09	1.55e-06	1.36e-04	6.07e-02	4.25e-01	5.14e-01
 6.00704e+22	1.37e-18	3.65e-13	2.88e-09	1.81e-06	1.52e-04	6.49e-02	4.34e-01	5.01e-01
 6.12574e+22	1.68e-18	4.38e-13	3.37e-09	2.06e-06	1.67e-04	6.85e-02	4.41e-01	4.90e-01
 6.26129e+22	2.11e-18	5.34e-13	4.00e-09	2.38e-06	1.86e-04	7.28e-02	4.49e-01	4.78e-01
 6.43751e+22	2.80e-18	6.82e-13	4.95e-09	2.84e-06	2.12e-04	7.85e-02	4.58e-01	4.63e-01
 6.62338e+22	3.78e-18	8.90e-13	6.25e-09	3.45e-06	2.44e-04	8.52e-02	4.68e-01	4.46e-01
 6.76931e+22	4.77e-18	1.09e-12	7.47e-09	4.01e-06	2.73e-04	9.07e-02	4.76e-01	4.33e-01
 6.88442e+22	5.65e-18	1.27e-12	8.50e-09	4.47e-06	2.95e-04	9.48e-02	4.81e-01	4.24e-01
 7.01195e+22	6.76e-18	1.48e-12	9.76e-09	5.02e-06	3.22e-04	9.96e-02	4.87e-01	4.13e-01
 7.17774e+22	8.40e-18	1.80e-12	1.16e-08	5.79e-06	3.58e-04	1.06e-01	4.94e-01	4.00e-01
 7.39327e+22	1.10e-17	2.29e-12	1.43e-08	6.93e-06	4.08e-04	1.14e-01	5.02e-01	3.84e-01
 7.61130e+22	1.46e-17	2.93e-12	1.78e-08	8.38e-06	4.69e-04	1.23e-01	5.09e-01	3.67e-01
 7.77702e+22	1.79e-17	3.52e-12	2.10e-08	9.63e-06	5.20e-04	1.30e-01	5.15e-01	3.55e-01
 7.93689e+22	2.13e-17	4.12e-12	2.41e-08	1.09e-05	5.69e-04	1.36e-01	5.19e-01	3.44e-01
 8.14473e+22	2.64e-17	4.98e-12	2.86e-08	1.26e-05	6.33e-04	1.44e-01	5.24e-01	3.31e-01
 8.37501e+22	3.36e-17	6.17e-12	3.46e-08	1.48e-05	7.15e-04	1.54e-01	5.29e-01	3.16e-01
 8.58242e+22	4.13e-17	7.44e-12	4.09e-08	1.71e-05	7.97e-04	1.63e-01	5.33e-01	3.03e-01
 8.76843e+22	4.91e-17	8.70e-12	4.71e-08	1.94e-05	8.74e-04	1.71e-01	5.36e-01	2.92e-01
 8.97869e+22	5.86e-17	1.02e-11	5.43e-08	2.19e-05	9.56e-04	1.79e-01	5.38e-01	2.81e-01
 9.25204e+22	7.27e-17	1.24e-11	6.47e-08	2.55e-05	1.07e-03	1.90e-01	5.41e-01	2.68e-01
 9.54742e+22	9.20e-17	1.53e-11	7.85e-08	3.03e-05	1.22e-03	2.03e-01	5.43e-01	2.53e-01
 9.80322e+22	1.12e-16	1.83e-11	9.24e-08	3.50e-05	1.35e-03	2.14e-01	5.44e-01	2.41e-01
 1.00308e+23	1.31e-16	2.11e-11	1.05e-07	3.91e-05	1.47e-03	2.23e-01	5.44e-01	2.31e-01
 1.02900e+23	1.53e-16	2.45e-11	1.20e-07	4.40e-05	1.61e-03	2.33e-01	5.44e-01	2.22e-01
 1.06270e+23	1.86e-16	2.92e-11	1.41e-07	5.07e-05	1.79e-03	2.45e-01	5.43e-01	2.10e-01
 1.09662e+23	2.29e-16	3.53e-11	1.68e-07	5.91e-05	2.00e-03	2.59e-01	5.42e-01	1.97e-01
 1.12216e+23	2.66e-16	4.05e-11	1.90e-07	6.59e-05	2.17e-03	2.69e-01	5.40e-01	1.89e-01
 1.14666e+23	3.00e-16	4.52e-11	2.11e-07	7.21e-05	2.32e-03	2.78e-01	5.38e-01	1.82e-01
 1.17852e+23	3.47e-16	5.16e-11	2.38e-07	8.03e-05	2.52e-03	2.88e-01	5.36e-01	1.73e-01
 1.21993e+23	4.13e-16	6.06e-11	2.76e-07	9.13e-05	2.77e-03	3.02e-01	5.32e-01	1.64e-01
 1.26387e+23	5.01e-16	7.25e-11	3.25e-07	1.06e-04	3.09e-03	3.17e-01	5.27e-01	1.53e-01
 1.29986e+23	5.85e-16	8.35e-11	3.71e-07	1.18e-04	3.36e-03	3.29e-01	5.23e-01	1.45e-01
 1.33049e+23	6.56e-16	9.28e-11	4.08e-07	1.29e-04	3.58e-03	3.38e-01	5.19e-01	1.39e-01
 1.36535e+23	7.36e-16	1.03e-10	4.51e-07	1.41e-04	3.82e-03	3.48e-01	5.15e-01	1.33e-01
 1.41068e+23	8.42e-16	1.17e-10	5.05e-07	1.55e-04	4.11e-03	3.59e-01	5.10e-01	1.26e-01
 1.46564e+23	9.86e-16	1.35e-10	5.78e-07	1.75e-04	4.49e-03	3.73e-01	5.04e-01	1.19e-01
 1.52194e+23	1.16e-15	1.57e-10	6.65e-07	1.97e-04	4.92e-03	3.87e-01	4.97e-01	1.11e-01
 1.57275e+23	1.33e-15	1.79e-10	7.48e-07	2.18e-04	5.30e-03	3.99e-01	4.90e-01	1.05e-01
 1.62760e+23	1.50e-15	1.99e-10	8.26e-07	2.38e-04	5.65e-03	4.10e-01	4.85e-01	9.97e-02
 1.69240e+23	1.71e-15	2.25e-10	9.26e-07	2.63e-04	6.08e-03	4.22e-01	4.78e-01	9.40e-02
 1.76133e+23	1.95e-15	2.54e-10	1.04e-06	2.90e-04	6.53e-03	4.34e-01	4.70e-01	8.86e-02
 1.83302e+23	2.21e-15	2.85e-10	1.15e-06	3.18e-04	6.99e-03	4.46e-01	4.63e-01	8.36e-02
 1.90757e+23	2.47e-15	3.17e-10	1.27e-06	3.46e-04	7.44e-03	4.57e-01	4.56e-01	7.92e-02
 1.98511e+23	2.75e-15	3.50e-10	1.39e-06	3.74e-04	7.89e-03	4.67e-01	4.50e-01	7.53e-02
 2.06575e+23	3.03e-15	3.84e-10	1.52e-06	4.02e-04	8.32e-03	4.76e-01	4.44e-01	7.17e-02
 2.14961e+23	3.32e-15	4.17e-10	1.64e-06	4.30e-04	8.75e-03	4.85e-01	4.38e-01	6.85e-02
 2.23549e+23	3.60e-15	4.49e-10	1.76e-06	4.55e-04	9.11e-03	4.92e-01	4.33e-01	6.59e-02
 2.31742e+23	3.88e-15	4.82e-10	1.88e-06	4.82e-04	9.50e-03	4.99e-01	4.27e-01	6.33e-02
 2.39116e+23	4.12e-15	5.11e-10	1.98e-06	5.04e-04	9.82e-03	5.05e-01	4.23e-01	6.13e-02
 2.45753e+23	4.32e-15	5.33e-10	2.06e-06	5.22e-04	1.01e-02	5.10e-01	4.20e-01	5.97e-02
 2.51725e+23	4.51e-15	5.55e-10	2.14e-06	5.38e-04	1.03e-02	5.14e-01	4.17e-01	5.84e-02
 2.57101e+23	4.63e-15	5.70e-10	2.19e-06	5.51e-04	1.05e-02	5.17e-01	4.14e-01	5.75e-02
 2.61939e+23	4.76e-15	5.84e-10	2.25e-06	5.62e-04	1.06e-02	5.20e-01	4.12e-01	5.66e-02
 2.66293e+23	4.86e-15	5.96e-10	2.29e-06	5.71e-04	1.08e-02	5.22e-01	4.11e-01	5.59e-02
 2.70212e+23	4.94e-15	6.06e-10	2.32e-06	5.78e-04	1.09e-02	5.24e-01	4.10e-01	5.54e-02
 2.73739e+23	5.02e-15	6.14e-10	2.35e-06	5.84e-04	1.09e-02	5.25e-01	4.08e-01	5.49e-02
 2.76937e+23	5.09e-15	6.22e-10	2.38e-06	5.89e-04	1.10e-02	5.26e-01	4.08e-01	5.46e-02
 2.79992e+23	5.11e-15	6.24e-10	2.39e-06	5.92e-04	1.10e-02	5.27e-01	4.07e-01	5.44e-02
 2.83047e+23	5.14e-15	6.28e-10	2.40e-06	5.94e-04	1.11e-02	5.27e-01	4.07e-01	5.42e-02
 2.86102e+23	5.17e-15	6.31e-10	2.41e-06	5.97e-04	1.11e-02	5.28e-01	4.06e-01	5.40e-02
 2.89156e+23	5.19e-15	6.34e-10	2.42e-06	6.00e-04	1.12e-02	5.29e-01	4.06e-01	5.38e-02
 2.92211e+23	5.21e-15	6.36e-10	2.43e-06	6.01e-04	1.12e-02	5.29e-01	4.06e-01	5.37e-02
 2.95266e+23	5.22e-15	6.37e-10	2.43e-06	6.02e-04	1.12e-02	5.29e-01	4.05e-01	5.36e-02
 2.98321e+23	5.22e-15	6.38e-10	2.44e-06	6.03e-04	1.12e-02	5.29e-01	4.05e-01	5.35e-02
 3.01376e+23	5.22e-15	6.38e-10	2.44e-06	6.03e-04	1.12e-02	5.30e-01	4.05e-01	5.35e-02
 3.04192e+23	5.25e-15	6.41e-10	2.45e-06	6.05e-04	1.12e-02	5.30e-01	4.05e-01	5.33e-02
