#depth	Si	Si+	Si+2	Si+3	Si+4	Si+5	Si+6	Si+7	Si+8	Si+9	Si+10	Si+11	Si+12	Si+13	Si+14
 6.17135e+19	0.00e+00	0.00e+00	0.00e+00	0.00e+00	0.00e+00	8.63e-29	4.01e-24	5.20e-20	2.38e-16	4.76e-13	6.05e-10	4.84e-07	8.07e-04	5.25e-02	9.47e-01
 1.87609e+20	0.00e+00	0.00e+00	0.00e+00	0.00e+00	0.00e+00	1.99e-28	8.40e-24	9.94e-20	4.15e-16	7.56e-13	8.73e-10	6.36e-07	9.65e-04	5.72e-02	9.42e-01
 3.18540e+20	0.00e+00	0.00e+00	0.00e+00	0.00e+00	0.00e+00	4.64e-28	1.78e-23	1.91e-19	7.29e-16	1.21e-12	1.26e-09	8.37e-07	1.16e-03	6.25e-02	9.36e-01
 4.54709e+20	0.00e+00	0.00e+00	0.00e+00	0.00e+00	0.00e+00	1.09e-27	3.80e-23	3.72e-19	1.29e-15	1.94e-12	1.84e-09	1.11e-06	1.39e-03	6.82e-02	9.30e-01
 5.48444e+20	0.00e+00	0.00e+00	0.00e+00	0.00e+00	0.00e+00	1.95e-27	6.35e-23	5.82e-19	1.89e-15	2.68e-12	2.37e-09	1.34e-06	1.57e-03	7.23e-02	9.26e-01
 5.86615e+20	0.00e+00	0.00e+00	0.00e+00	0.00e+00	0.00e+00	2.49e-27	7.88e-23	7.04e-19	2.23e-15	3.07e-12	2.63e-09	1.45e-06	1.65e-03	7.42e-02	9.24e-01
 6.18482e+20	0.00e+00	0.00e+00	0.00e+00	0.00e+00	0.00e+00	2.98e-27	9.25e-23	8.10e-19	2.51e-15	3.39e-12	2.85e-09	1.53e-06	1.72e-03	7.55e-02	9.23e-01
 6.59909e+20	0.00e+00	0.00e+00	0.00e+00	0.00e+00	3.45e-32	3.83e-27	1.15e-22	9.81e-19	2.96e-15	3.89e-12	3.18e-09	1.66e-06	1.81e-03	7.75e-02	9.21e-01
 7.13764e+20	0.00e+00	0.00e+00	0.00e+00	0.00e+00	4.93e-32	5.27e-27	1.53e-22	1.26e-18	3.67e-15	4.65e-12	3.65e-09	1.84e-06	1.94e-03	8.00e-02	9.18e-01
 7.83775e+20	0.00e+00	0.00e+00	0.00e+00	0.00e+00	7.79e-32	7.95e-27	2.20e-22	1.73e-18	4.82e-15	5.84e-12	4.37e-09	2.11e-06	2.12e-03	8.34e-02	9.14e-01
 8.56032e+20	0.00e+00	0.00e+00	0.00e+00	0.00e+00	1.25e-31	1.21e-26	3.20e-22	2.39e-18	6.38e-15	7.38e-12	5.26e-09	2.42e-06	2.31e-03	8.70e-02	9.11e-01
 9.11646e+20	0.00e+00	0.00e+00	0.00e+00	0.00e+00	1.78e-31	1.67e-26	4.25e-22	3.07e-18	7.91e-15	8.83e-12	6.05e-09	2.68e-06	2.48e-03	8.99e-02	9.08e-01
 9.56469e+20	0.00e+00	0.00e+00	0.00e+00	0.00e+00	2.36e-31	2.15e-26	5.32e-22	3.74e-18	9.37e-15	1.02e-11	6.76e-09	2.91e-06	2.61e-03	9.22e-02	9.05e-01
 1.00683e+21	0.00e+00	0.00e+00	0.00e+00	0.00e+00	3.24e-31	2.86e-26	6.85e-22	4.66e-18	1.13e-14	1.19e-11	7.66e-09	3.20e-06	2.78e-03	9.48e-02	9.02e-01
 1.07229e+21	0.00e+00	0.00e+00	0.00e+00	0.00e+00	4.88e-31	4.12e-26	9.47e-22	6.19e-18	1.45e-14	1.46e-11	8.99e-09	3.60e-06	3.00e-03	9.83e-02	8.99e-01
 1.14077e+21	0.00e+00	0.00e+00	0.00e+00	0.00e+00	7.45e-31	6.02e-26	1.33e-21	8.31e-18	1.86e-14	1.80e-11	1.06e-08	4.08e-06	3.25e-03	1.02e-01	8.95e-01
 1.19834e+21	0.00e+00	0.00e+00	0.00e+00	0.00e+00	1.06e-30	8.25e-26	1.75e-21	1.06e-17	2.30e-14	2.15e-11	1.22e-08	4.52e-06	3.47e-03	1.05e-01	8.91e-01
 1.25834e+21	0.00e+00	0.00e+00	0.00e+00	0.00e+00	1.51e-30	1.13e-25	2.32e-21	1.36e-17	2.84e-14	2.57e-11	1.40e-08	5.01e-06	3.71e-03	1.09e-01	8.88e-01
 1.32479e+21	0.00e+00	0.00e+00	0.00e+00	0.00e+00	2.26e-30	1.63e-25	3.21e-21	1.80e-17	3.63e-14	3.15e-11	1.64e-08	5.64e-06	4.01e-03	1.13e-01	8.83e-01
 1.38443e+21	0.00e+00	0.00e+00	0.00e+00	0.00e+00	3.22e-30	2.24e-25	4.25e-21	2.30e-17	4.48e-14	3.76e-11	1.89e-08	6.25e-06	4.29e-03	1.16e-01	8.80e-01
 1.43810e+21	0.00e+00	0.00e+00	0.00e+00	0.00e+00	4.43e-30	2.98e-25	5.47e-21	2.88e-17	5.43e-14	4.42e-11	2.14e-08	6.86e-06	4.55e-03	1.19e-01	8.76e-01
 1.49918e+21	0.00e+00	0.00e+00	0.00e+00	0.00e+00	6.28e-30	4.08e-25	7.23e-21	3.67e-17	6.70e-14	5.27e-11	2.46e-08	7.61e-06	4.86e-03	1.23e-01	8.72e-01
 1.57859e+21	0.00e+00	0.00e+00	0.00e+00	0.00e+00	9.90e-30	6.14e-25	1.04e-20	5.04e-17	8.81e-14	6.63e-11	2.95e-08	8.69e-06	5.30e-03	1.28e-01	8.67e-01
 1.65777e+21	0.00e+00	0.00e+00	0.00e+00	0.00e+00	1.55e-29	9.19e-25	1.49e-20	6.90e-17	1.16e-13	8.31e-11	3.52e-08	9.91e-06	5.77e-03	1.33e-01	8.61e-01
 1.71686e+21	0.00e+00	0.00e+00	0.00e+00	0.00e+00	2.16e-29	1.24e-24	1.93e-20	8.70e-17	1.41e-13	9.83e-11	4.01e-08	1.09e-05	6.14e-03	1.37e-01	8.57e-01
 1.77389e+21	0.00e+00	0.00e+00	0.00e+00	0.00e+00	2.96e-29	1.64e-24	2.49e-20	1.08e-16	1.71e-13	1.15e-10	4.55e-08	1.20e-05	6.51e-03	1.41e-01	8.53e-01
 1.84803e+21	0.00e+00	0.00e+00	0.00e+00	0.00e+00	4.45e-29	2.36e-24	3.43e-20	1.44e-16	2.18e-13	1.42e-10	5.34e-08	1.35e-05	7.03e-03	1.46e-01	8.47e-01
 1.92504e+21	0.00e+00	0.00e+00	0.00e+00	0.00e+00	6.75e-29	3.44e-24	4.79e-20	1.93e-16	2.81e-13	1.75e-10	6.30e-08	1.53e-05	7.60e-03	1.51e-01	8.41e-01
 1.98899e+21	0.00e+00	0.00e+00	0.00e+00	0.00e+00	9.50e-29	4.68e-24	6.29e-20	2.45e-16	3.46e-13	2.08e-10	7.22e-08	1.69e-05	8.11e-03	1.55e-01	8.36e-01
 2.05532e+21	0.00e+00	0.00e+00	0.00e+00	0.00e+00	1.35e-28	6.40e-24	8.32e-20	3.13e-16	4.27e-13	2.49e-10	8.30e-08	1.87e-05	8.66e-03	1.60e-01	8.31e-01
 2.12807e+21	0.00e+00	0.00e+00	0.00e+00	0.00e+00	1.97e-28	9.01e-24	1.13e-19	4.09e-16	5.38e-13	3.02e-10	9.65e-08	2.09e-05	9.30e-03	1.65e-01	8.25e-01
 2.19391e+21	0.00e+00	0.00e+00	0.00e+00	0.00e+00	2.77e-28	1.22e-23	1.48e-19	5.18e-16	6.62e-13	3.59e-10	1.11e-07	2.31e-05	9.91e-03	1.70e-01	8.20e-01
 2.25472e+21	0.00e+00	0.00e+00	0.00e+00	0.00e+00	3.78e-28	1.62e-23	1.89e-19	6.44e-16	7.99e-13	4.21e-10	1.25e-07	2.53e-05	1.05e-02	1.74e-01	8.15e-01
 2.32425e+21	0.00e+00	0.00e+00	0.00e+00	0.00e+00	5.36e-28	2.21e-23	2.50e-19	8.24e-16	9.88e-13	5.03e-10	1.44e-07	2.81e-05	1.12e-02	1.80e-01	8.09e-01
 2.40189e+21	0.00e+00	0.00e+00	0.00e+00	0.00e+00	7.88e-28	3.13e-23	3.41e-19	1.08e-15	1.25e-12	6.13e-10	1.68e-07	3.14e-05	1.20e-02	1.85e-01	8.03e-01
 2.47412e+21	0.00e+00	0.00e+00	0.00e+00	0.00e+00	1.12e-27	4.30e-23	4.52e-19	1.39e-15	1.55e-12	7.35e-10	1.93e-07	3.49e-05	1.29e-02	1.91e-01	7.96e-01
 2.54135e+21	0.00e+00	0.00e+00	0.00e+00	0.00e+00	1.55e-27	5.76e-23	5.86e-19	1.74e-15	1.89e-12	8.68e-10	2.20e-07	3.84e-05	1.37e-02	1.96e-01	7.90e-01
 2.61800e+21	0.00e+00	0.00e+00	0.00e+00	0.00e+00	2.23e-27	7.99e-23	7.84e-19	2.25e-15	2.36e-12	1.05e-09	2.55e-07	4.28e-05	1.46e-02	2.02e-01	7.84e-01
 2.70110e+21	0.00e+00	0.00e+00	0.00e+00	0.00e+00	3.30e-27	1.13e-22	1.07e-18	2.96e-15	3.00e-12	1.28e-09	2.98e-07	4.80e-05	1.57e-02	2.08e-01	7.76e-01
 2.77537e+21	0.00e+00	0.00e+00	0.00e+00	0.00e+00	4.64e-27	1.54e-22	1.41e-18	3.77e-15	3.70e-12	1.53e-09	3.42e-07	5.31e-05	1.68e-02	2.14e-01	7.69e-01
 2.84283e+21	0.00e+00	0.00e+00	0.00e+00	0.00e+00	6.30e-27	2.03e-22	1.80e-18	4.68e-15	4.47e-12	1.79e-09	3.86e-07	5.81e-05	1.77e-02	2.19e-01	7.63e-01
 2.91866e+21	0.00e+00	0.00e+00	0.00e+00	3.57e-32	8.84e-27	2.76e-22	2.36e-18	5.94e-15	5.50e-12	2.13e-09	4.42e-07	6.42e-05	1.89e-02	2.25e-01	7.56e-01
 3.00376e+21	0.00e+00	0.00e+00	0.00e+00	5.38e-32	1.28e-26	3.86e-22	3.19e-18	7.73e-15	6.92e-12	2.58e-09	5.14e-07	7.16e-05	2.02e-02	2.31e-01	7.48e-01
 3.08370e+21	0.00e+00	0.00e+00	0.00e+00	7.85e-32	1.81e-26	5.27e-22	4.20e-18	9.87e-15	8.55e-12	3.09e-09	5.91e-07	7.93e-05	2.15e-02	2.38e-01	7.41e-01
 3.15857e+21	0.00e+00	0.00e+00	0.00e+00	1.11e-31	2.49e-26	7.02e-22	5.43e-18	1.24e-14	1.04e-11	3.64e-09	6.71e-07	8.70e-05	2.28e-02	2.43e-01	7.34e-01
 3.24405e+21	0.00e+00	0.00e+00	0.00e+00	1.64e-31	3.56e-26	9.67e-22	7.22e-18	1.59e-14	1.29e-11	4.37e-09	7.75e-07	9.66e-05	2.44e-02	2.50e-01	7.26e-01
 3.33588e+21	0.00e+00	0.00e+00	0.00e+00	2.47e-31	5.17e-26	1.36e-21	9.76e-18	2.07e-14	1.63e-11	5.31e-09	9.01e-07	1.08e-04	2.61e-02	2.57e-01	7.17e-01
 3.41660e+21	0.00e+00	0.00e+00	0.00e+00	3.52e-31	7.15e-26	1.82e-21	1.27e-17	2.61e-14	1.99e-11	6.28e-09	1.03e-06	1.19e-04	2.77e-02	2.63e-01	7.09e-01
 3.50222e+21	0.00e+00	0.00e+00	0.00e+00	5.07e-31	1.00e-25	2.46e-21	1.66e-17	3.31e-14	2.45e-11	7.47e-09	1.18e-06	1.31e-04	2.94e-02	2.70e-01	7.01e-01
 3.59845e+21	0.00e+00	0.00e+00	0.00e+00	7.61e-31	1.45e-25	3.44e-21	2.24e-17	4.30e-14	3.08e-11	9.06e-09	1.36e-06	1.46e-04	3.14e-02	2.77e-01	6.92e-01
 3.68922e+21	0.00e+00	0.00e+00	0.00e+00	1.11e-30	2.04e-25	4.68e-21	2.95e-17	5.49e-14	3.81e-11	1.08e-08	1.57e-06	1.61e-04	3.34e-02	2.84e-01	6.83e-01
 3.77469e+21	0.00e+00	0.00e+00	0.00e+00	1.56e-30	2.80e-25	6.23e-21	3.80e-17	6.87e-14	4.63e-11	1.28e-08	1.78e-06	1.77e-04	3.54e-02	2.90e-01	6.75e-01
 3.87258e+21	0.00e+00	0.00e+00	0.00e+00	2.30e-30	3.99e-25	8.57e-21	5.05e-17	8.83e-14	5.76e-11	1.53e-08	2.05e-06	1.96e-04	3.77e-02	2.97e-01	6.65e-01
 3.98205e+21	0.00e+00	0.00e+00	0.00e+00	3.51e-30	5.88e-25	1.22e-20	6.91e-17	1.16e-13	7.33e-11	1.87e-08	2.40e-06	2.19e-04	4.04e-02	3.05e-01	6.55e-01
 4.07972e+21	0.00e+00	0.00e+00	0.00e+00	5.08e-30	8.25e-25	1.65e-20	9.08e-17	1.48e-13	9.04e-11	2.23e-08	2.75e-06	2.42e-04	4.28e-02	3.12e-01	6.45e-01
 4.16431e+21	0.00e+00	0.00e+00	0.00e+00	6.95e-30	1.10e-24	2.14e-20	1.15e-16	1.82e-13	1.08e-10	2.59e-08	3.08e-06	2.63e-04	4.51e-02	3.18e-01	6.37e-01
 4.25874e+21	0.00e+00	0.00e+00	0.00e+00	9.71e-30	1.49e-24	2.83e-20	1.47e-16	2.26e-13	1.30e-10	3.03e-08	3.48e-06	2.87e-04	4.75e-02	3.24e-01	6.28e-01
 4.38151e+21	0.00e+00	0.00e+00	0.00e+00	1.51e-29	2.25e-24	4.09e-20	2.04e-16	3.02e-13	1.68e-10	3.75e-08	4.10e-06	3.22e-04	5.10e-02	3.32e-01	6.16e-01
 4.50589e+21	0.00e+00	0.00e+00	0.00e+00	2.34e-29	3.34e-24	5.85e-20	2.81e-16	4.00e-13	2.15e-10	4.60e-08	4.80e-06	3.61e-04	5.46e-02	3.40e-01	6.05e-01
 4.60680e+21	0.00e+00	0.00e+00	0.00e+00	3.29e-29	4.58e-24	7.78e-20	3.62e-16	5.01e-13	2.61e-10	5.42e-08	5.45e-06	3.95e-04	5.76e-02	3.47e-01	5.95e-01
 4.71243e+21	0.00e+00	0.00e+00	0.00e+00	4.68e-29	6.32e-24	1.04e-19	4.69e-16	6.30e-13	3.18e-10	6.40e-08	6.19e-06	4.33e-04	6.09e-02	3.53e-01	5.85e-01
 4.84974e+21	0.00e+00	0.00e+00	0.00e+00	7.30e-29	9.52e-24	1.51e-19	6.53e-16	8.42e-13	4.09e-10	7.89e-08	7.28e-06	4.85e-04	6.52e-02	3.62e-01	5.73e-01
 4.99074e+21	0.00e+00	0.00e+00	0.00e+00	1.14e-28	1.44e-23	2.19e-19	9.11e-16	1.13e-12	5.27e-10	9.76e-08	8.57e-06	5.45e-04	6.98e-02	3.70e-01	5.60e-01
 5.10119e+21	0.00e+00	0.00e+00	0.00e+00	1.61e-28	1.97e-23	2.91e-19	1.18e-15	1.41e-12	6.41e-10	1.15e-07	9.71e-06	5.95e-04	7.36e-02	3.76e-01	5.50e-01
 5.20941e+21	0.00e+00	0.00e+00	0.00e+00	2.24e-28	2.67e-23	3.82e-19	1.50e-15	1.75e-12	7.71e-10	1.34e-07	1.09e-05	6.48e-04	7.73e-02	3.82e-01	5.40e-01
 5.35010e+21	0.00e+00	0.00e+00	0.00e+00	3.40e-28	3.92e-23	5.42e-19	2.05e-15	2.30e-12	9.77e-10	1.63e-07	1.27e-05	7.21e-04	8.23e-02	3.90e-01	5.27e-01
 5.49610e+21	0.00e+00	0.00e+00	0.00e+00	5.21e-28	5.79e-23	7.72e-19	2.81e-15	3.04e-12	1.24e-09	1.99e-07	1.48e-05	8.03e-04	8.77e-02	3.97e-01	5.14e-01
 5.61797e+21	0.00e+00	0.00e+00	0.00e+00	7.38e-28	7.98e-23	1.03e-18	3.63e-15	3.81e-12	1.51e-09	2.35e-07	1.68e-05	8.77e-04	9.23e-02	4.03e-01	5.04e-01
 5.74535e+21	0.00e+00	0.00e+00	0.00e+00	1.05e-27	1.10e-22	1.38e-18	4.71e-15	4.78e-12	1.84e-09	2.76e-07	1.91e-05	9.57e-04	9.70e-02	4.09e-01	4.93e-01
 5.91095e+21	0.00e+00	0.00e+00	0.00e+00	1.65e-27	1.68e-22	2.02e-18	6.62e-15	6.45e-12	2.39e-09	3.42e-07	2.25e-05	1.07e-03	1.04e-01	4.16e-01	4.79e-01
 6.07820e+21	0.00e+00	0.00e+00	4.56e-32	2.59e-27	2.53e-22	2.93e-18	9.23e-15	8.64e-12	3.07e-09	4.22e-07	2.64e-05	1.20e-03	1.10e-01	4.23e-01	4.65e-01
 6.21238e+21	0.00e+00	0.00e+00	6.77e-32	3.68e-27	3.49e-22	3.92e-18	1.20e-14	1.09e-11	3.74e-09	4.97e-07	2.99e-05	1.31e-03	1.16e-01	4.29e-01	4.54e-01
 6.33197e+21	0.00e+00	0.00e+00	9.56e-32	5.00e-27	4.64e-22	5.07e-18	1.51e-14	1.33e-11	4.45e-09	5.74e-07	3.33e-05	1.41e-03	1.21e-01	4.33e-01	4.44e-01
 6.46778e+21	0.00e+00	0.00e+00	1.40e-31	7.03e-27	6.35e-22	6.74e-18	1.94e-14	1.66e-11	5.40e-09	6.72e-07	3.76e-05	1.54e-03	1.27e-01	4.38e-01	4.33e-01
 6.64434e+21	0.00e+00	0.00e+00	2.28e-31	1.09e-26	9.47e-22	9.67e-18	2.68e-14	2.20e-11	6.89e-09	8.23e-07	4.39e-05	1.71e-03	1.35e-01	4.44e-01	4.20e-01
 6.82393e+21	0.00e+00	0.00e+00	3.72e-31	1.68e-26	1.41e-21	1.39e-17	3.71e-14	2.92e-11	8.80e-09	1.01e-06	5.12e-05	1.90e-03	1.43e-01	4.49e-01	4.06e-01
 6.96856e+21	0.00e+00	0.00e+00	5.47e-31	2.36e-26	1.94e-21	1.85e-17	4.78e-14	3.66e-11	1.07e-08	1.18e-06	5.77e-05	2.06e-03	1.49e-01	4.53e-01	3.95e-01
 7.11770e+21	0.00e+00	0.00e+00	8.07e-31	3.33e-26	2.67e-21	2.47e-17	6.19e-14	4.58e-11	1.30e-08	1.39e-06	6.52e-05	2.24e-03	1.56e-01	4.57e-01	3.84e-01
 7.31157e+21	0.00e+00	0.00e+00	1.32e-30	5.17e-26	4.00e-21	3.56e-17	8.58e-14	6.10e-11	1.66e-08	1.70e-06	7.60e-05	2.49e-03	1.66e-01	4.62e-01	3.70e-01
 7.51183e+21	0.00e+00	0.00e+00	2.19e-30	8.08e-26	6.04e-21	5.18e-17	1.20e-13	8.17e-11	2.13e-08	2.09e-06	8.89e-05	2.76e-03	1.75e-01	4.66e-01	3.56e-01
 7.67549e+21	0.00e+00	0.00e+00	3.27e-30	1.15e-25	8.40e-21	6.98e-17	1.56e-13	1.03e-10	2.61e-08	2.46e-06	1.01e-04	3.01e-03	1.83e-01	4.69e-01	3.45e-01
 7.84337e+21	0.00e+00	0.00e+00	4.89e-30	1.65e-25	1.17e-20	9.41e-17	2.04e-13	1.30e-10	3.19e-08	2.91e-06	1.14e-04	3.27e-03	1.92e-01	4.71e-01	3.34e-01
 8.02051e+21	0.00e+00	0.00e+00	7.44e-30	2.40e-25	1.65e-20	1.29e-16	2.70e-13	1.67e-10	3.93e-08	3.45e-06	1.30e-04	3.57e-03	2.01e-01	4.74e-01	3.22e-01
 8.17151e+21	0.00e+00	0.00e+00	1.06e-29	3.27e-25	2.20e-20	1.67e-16	3.41e-13	2.04e-10	4.69e-08	3.98e-06	1.45e-04	3.83e-03	2.08e-01	4.75e-01	3.13e-01
 8.32961e+21	0.00e+00	0.00e+00	1.52e-29	4.50e-25	2.96e-20	2.19e-16	4.34e-13	2.52e-10	5.62e-08	4.62e-06	1.62e-04	4.13e-03	2.16e-01	4.77e-01	3.03e-01
 8.53513e+21	0.00e+00	0.00e+00	2.40e-29	6.77e-25	4.32e-20	3.08e-16	5.89e-13	3.29e-10	7.07e-08	5.57e-06	1.86e-04	4.53e-03	2.27e-01	4.78e-01	2.90e-01
 8.74141e+21	0.00e+00	0.00e+00	3.79e-29	1.01e-24	6.28e-20	4.33e-16	7.98e-13	4.30e-10	8.88e-08	6.72e-06	2.14e-04	4.97e-03	2.38e-01	4.79e-01	2.78e-01
 8.90282e+21	0.00e+00	0.00e+00	5.39e-29	1.38e-24	8.37e-20	5.62e-16	1.01e-12	5.27e-10	1.06e-07	7.75e-06	2.38e-04	5.33e-03	2.46e-01	4.79e-01	2.69e-01
 9.03680e+21	0.00e+00	0.00e+00	7.17e-29	1.78e-24	1.06e-19	6.96e-16	1.22e-12	6.22e-10	1.22e-07	8.71e-06	2.60e-04	5.65e-03	2.53e-01	4.79e-01	2.62e-01
 9.18097e+21	0.00e+00	0.00e+00	9.73e-29	2.33e-24	1.36e-19	8.74e-16	1.50e-12	7.44e-10	1.42e-07	9.87e-06	2.85e-04	6.00e-03	2.61e-01	4.79e-01	2.54e-01
 9.36839e+21	0.00e+00	0.00e+00	1.43e-28	3.28e-24	1.87e-19	1.17e-15	1.94e-12	9.33e-10	1.73e-07	1.16e-05	3.21e-04	6.48e-03	2.71e-01	4.78e-01	2.44e-01
 9.55953e+21	0.00e+00	0.00e+00	2.12e-28	4.64e-24	2.59e-19	1.57e-15	2.52e-12	1.17e-09	2.10e-07	1.36e-05	3.61e-04	7.00e-03	2.81e-01	4.77e-01	2.34e-01
 9.71261e+21	0.00e+00	0.00e+00	2.90e-28	6.10e-24	3.34e-19	1.98e-15	3.11e-12	1.41e-09	2.46e-07	1.54e-05	3.97e-04	7.44e-03	2.90e-01	4.76e-01	2.26e-01
 9.86870e+21	0.00e+00	0.00e+00	3.95e-28	8.02e-24	4.31e-19	2.49e-15	3.82e-12	1.69e-09	2.87e-07	1.75e-05	4.36e-04	7.90e-03	2.98e-01	4.75e-01	2.19e-01
 1.00347e+22	0.00e+00	0.00e+00	5.48e-28	1.07e-23	5.64e-19	3.19e-15	4.77e-12	2.05e-09	3.38e-07	2.00e-05	4.81e-04	8.42e-03	3.07e-01	4.73e-01	2.11e-01
 1.01775e+22	0.00e+00	0.00e+00	7.25e-28	1.37e-23	7.10e-19	3.93e-15	5.75e-12	2.41e-09	3.90e-07	2.24e-05	5.24e-04	8.89e-03	3.15e-01	4.71e-01	2.04e-01
 1.03072e+22	0.00e+00	0.00e+00	9.29e-28	1.70e-23	8.70e-19	4.74e-15	6.79e-12	2.79e-09	4.41e-07	2.48e-05	5.64e-04	9.32e-03	3.22e-01	4.70e-01	1.99e-01
 1.04561e+22	0.00e+00	0.00e+00	1.23e-27	2.18e-23	1.10e-18	5.87e-15	8.23e-12	3.30e-09	5.09e-07	2.78e-05	6.14e-04	9.84e-03	3.30e-01	4.68e-01	1.92e-01
 1.06238e+22	0.00e+00	0.00e+00	1.69e-27	2.87e-23	1.43e-18	7.44e-15	1.02e-11	3.97e-09	5.97e-07	3.17e-05	6.76e-04	1.05e-02	3.39e-01	4.65e-01	1.85e-01
 1.07818e+22	0.00e+00	0.00e+00	2.27e-27	3.72e-23	1.82e-18	9.29e-15	1.24e-11	4.72e-09	6.93e-07	3.57e-05	7.38e-04	1.11e-02	3.47e-01	4.62e-01	1.79e-01
 1.09284e+22	0.00e+00	3.14e-32	2.98e-27	4.71e-23	2.27e-18	1.14e-14	1.49e-11	5.54e-09	7.94e-07	3.99e-05	8.01e-04	1.16e-02	3.55e-01	4.60e-01	1.73e-01
 1.10943e+22	0.00e+00	4.37e-32	3.99e-27	6.09e-23	2.90e-18	1.42e-14	1.82e-11	6.59e-09	9.20e-07	4.49e-05	8.74e-04	1.23e-02	3.64e-01	4.57e-01	1.66e-01
 1.12706e+22	0.00e+00	6.32e-32	5.53e-27	8.09e-23	3.79e-18	1.82e-14	2.27e-11	8.00e-09	1.09e-06	5.14e-05	9.65e-04	1.31e-02	3.73e-01	4.53e-01	1.60e-01
 1.14174e+22	0.00e+00	8.50e-32	7.19e-27	1.02e-22	4.71e-18	2.22e-14	2.72e-11	9.36e-09	1.24e-06	5.73e-05	1.04e-03	1.37e-02	3.81e-01	4.50e-01	1.54e-01
 1.15656e+22	0.00e+00	1.14e-31	9.33e-27	1.28e-22	5.84e-18	2.71e-14	3.25e-11	1.09e-08	1.42e-06	6.38e-05	1.13e-03	1.44e-02	3.89e-01	4.47e-01	1.49e-01
 1.17582e+22	0.00e+00	1.66e-31	1.30e-26	1.70e-22	7.70e-18	3.49e-14	4.09e-11	1.33e-08	1.68e-06	7.32e-05	1.25e-03	1.53e-02	3.99e-01	4.42e-01	1.42e-01
 1.19524e+22	0.00e+00	2.44e-31	1.82e-26	2.28e-22	1.02e-17	4.52e-14	5.15e-11	1.63e-08	2.00e-06	8.41e-05	1.38e-03	1.63e-02	4.09e-01	4.37e-01	1.36e-01
 1.21045e+22	0.00e+00	3.27e-31	2.37e-26	2.86e-22	1.26e-17	5.51e-14	6.17e-11	1.91e-08	2.29e-06	9.37e-05	1.49e-03	1.71e-02	4.17e-01	4.33e-01	1.31e-01
 1.22582e+22	0.00e+00	4.39e-31	3.06e-26	3.58e-22	1.57e-17	6.72e-14	7.38e-11	2.23e-08	2.61e-06	1.04e-04	1.62e-03	1.80e-02	4.25e-01	4.29e-01	1.26e-01
 1.24580e+22	0.00e+00	6.39e-31	4.27e-26	4.76e-22	2.06e-17	8.67e-14	9.29e-11	2.73e-08	3.10e-06	1.20e-04	1.79e-03	1.91e-02	4.35e-01	4.24e-01	1.20e-01
 1.26623e+22	0.00e+00	9.40e-31	5.99e-26	6.38e-22	2.74e-17	1.13e-13	1.18e-10	3.36e-08	3.70e-06	1.38e-04	1.98e-03	2.03e-02	4.46e-01	4.18e-01	1.14e-01
 1.28203e+22	0.00e+00	1.26e-30	7.76e-26	7.97e-22	3.40e-17	1.38e-13	1.41e-10	3.93e-08	4.24e-06	1.54e-04	2.14e-03	2.13e-02	4.54e-01	4.13e-01	1.10e-01
 1.29534e+22	0.00e+00	1.61e-30	9.62e-26	9.60e-22	4.07e-17	1.63e-13	1.64e-10	4.49e-08	4.74e-06	1.68e-04	2.29e-03	2.21e-02	4.60e-01	4.09e-01	1.06e-01
 1.31063e+22	0.00e+00	2.13e-30	1.23e-25	1.18e-21	4.99e-17	1.97e-13	1.95e-10	5.22e-08	5.39e-06	1.87e-04	2.46e-03	2.31e-02	4.68e-01	4.05e-01	1.02e-01
 1.33050e+22	0.00e+00	3.05e-30	1.68e-25	1.55e-21	6.48e-17	2.51e-13	2.43e-10	6.33e-08	6.35e-06	2.13e-04	2.71e-03	2.45e-02	4.77e-01	3.98e-01	9.69e-02
 1.35060e+22	0.00e+00	4.38e-30	2.31e-25	2.03e-21	8.46e-17	3.22e-13	3.05e-10	7.71e-08	7.51e-06	2.44e-04	2.99e-03	2.59e-02	4.87e-01	3.92e-01	9.20e-02
 1.36644e+22	0.00e+00	5.85e-30	2.96e-25	2.51e-21	1.05e-16	3.92e-13	3.65e-10	9.03e-08	8.60e-06	2.71e-04	3.23e-03	2.72e-02	4.95e-01	3.87e-01	8.81e-02
 1.38246e+22	0.00e+00	7.70e-30	3.77e-25	3.08e-21	1.28e-16	4.74e-13	4.33e-10	1.05e-07	9.76e-06	3.00e-04	3.47e-03	2.84e-02	5.02e-01	3.81e-01	8.46e-02
 1.40329e+22	0.00e+00	1.10e-29	5.16e-25	4.02e-21	1.67e-16	6.08e-13	5.44e-10	1.28e-07	1.15e-05	3.44e-04	3.83e-03	3.00e-02	5.11e-01	3.74e-01	8.01e-02
 1.42441e+22	0.00e+00	1.59e-29	7.09e-25	5.27e-21	2.18e-16	7.83e-13	6.85e-10	1.56e-07	1.37e-05	3.94e-04	4.22e-03	3.18e-02	5.21e-01	3.67e-01	7.56e-02
 1.44110e+22	0.00e+00	2.14e-29	9.13e-25	6.52e-21	2.71e-16	9.60e-13	8.26e-10	1.84e-07	1.58e-05	4.41e-04	4.57e-03	3.33e-02	5.28e-01	3.61e-01	7.22e-02
 1.45796e+22	0.00e+00	2.82e-29	1.16e-24	7.99e-21	3.32e-16	1.16e-12	9.83e-10	2.14e-07	1.79e-05	4.88e-04	4.92e-03	3.47e-02	5.35e-01	3.55e-01	6.90e-02
 1.47988e+22	0.00e+00	4.05e-29	1.59e-24	1.04e-20	4.34e-16	1.50e-12	1.24e-09	2.62e-07	2.13e-05	5.60e-04	5.43e-03	3.67e-02	5.44e-01	3.48e-01	6.50e-02
 1.50226e+22	0.00e+00	5.86e-29	2.18e-24	1.36e-20	5.70e-16	1.94e-12	1.57e-09	3.23e-07	2.54e-05	6.44e-04	6.01e-03	3.89e-02	5.54e-01	3.40e-01	6.11e-02
 1.52016e+22	0.00e+00	7.85e-29	2.81e-24	1.68e-20	7.07e-16	2.38e-12	1.90e-09	3.81e-07	2.92e-05	7.20e-04	6.50e-03	4.07e-02	5.61e-01	3.33e-01	5.81e-02
 1.53837e+22	0.00e+00	1.05e-28	3.60e-24	2.06e-20	8.75e-16	2.92e-12	2.29e-09	4.48e-07	3.35e-05	8.03e-04	7.03e-03	4.26e-02	5.68e-01	3.27e-01	5.52e-02
 1.56204e+22	0.00e+00	1.51e-28	4.93e-24	2.68e-20	1.15e-15	3.78e-12	2.90e-09	5.52e-07	3.99e-05	9.24e-04	7.77e-03	4.50e-02	5.76e-01	3.18e-01	5.17e-02
 1.58623e+22	0.00e+00	2.21e-28	6.81e-24	3.50e-20	1.52e-15	4.94e-12	3.71e-09	6.85e-07	4.79e-05	1.07e-03	8.62e-03	4.77e-02	5.85e-01	3.10e-01	4.82e-02
 1.60566e+22	0.00e+00	2.98e-28	8.80e-24	4.33e-20	1.90e-15	6.12e-12	4.53e-09	8.15e-07	5.55e-05	1.20e-03	9.37e-03	5.00e-02	5.91e-01	3.03e-01	4.55e-02
 1.62550e+22	0.00e+00	3.98e-28	1.13e-23	5.31e-20	2.35e-15	7.51e-12	5.47e-09	9.61e-07	6.37e-05	1.34e-03	1.01e-02	5.23e-02	5.97e-01	2.96e-01	4.30e-02
 1.64767e+22	0.00e+00	5.50e-28	1.49e-23	6.66e-20	2.99e-15	9.46e-12	6.77e-09	1.16e-06	7.45e-05	1.52e-03	1.11e-02	5.49e-02	6.04e-01	2.88e-01	4.04e-02
 1.66786e+22	0.00e+00	7.35e-28	1.90e-23	8.16e-20	3.71e-15	1.16e-11	8.20e-09	1.37e-06	8.58e-05	1.70e-03	1.20e-02	5.74e-02	6.10e-01	2.81e-01	3.81e-02
 1.68587e+22	0.00e+00	9.50e-28	2.36e-23	9.75e-20	4.49e-15	1.40e-11	9.72e-09	1.59e-06	9.74e-05	1.88e-03	1.29e-02	5.97e-02	6.15e-01	2.75e-01	3.62e-02
 1.70608e+22	0.00e+00	1.25e-27	2.98e-23	1.18e-19	5.49e-15	1.70e-11	1.16e-08	1.86e-06	1.11e-04	2.08e-03	1.39e-02	6.21e-02	6.19e-01	2.68e-01	3.42e-02
 1.73236e+22	0.00e+00	1.77e-27	4.01e-23	1.50e-19	7.12e-15	2.18e-11	1.47e-08	2.29e-06	1.32e-04	2.38e-03	1.53e-02	6.55e-02	6.25e-01	2.60e-01	3.17e-02
 1.75885e+22	0.00e+00	2.51e-27	5.40e-23	1.92e-19	9.22e-15	2.81e-11	1.85e-08	2.80e-06	1.56e-04	2.73e-03	1.68e-02	6.90e-02	6.31e-01	2.51e-01	2.94e-02
 1.77968e+22	0.00e+00	3.30e-27	6.79e-23	2.31e-19	1.13e-14	3.41e-11	2.22e-08	3.29e-06	1.78e-04	3.03e-03	1.81e-02	7.18e-02	6.35e-01	2.44e-01	2.77e-02
 1.80080e+22	0.00e+00	4.27e-27	8.46e-23	2.77e-19	1.36e-14	4.10e-11	2.63e-08	3.82e-06	2.02e-04	3.34e-03	1.94e-02	7.45e-02	6.38e-01	2.38e-01	2.62e-02
 1.82827e+22	0.00e+00	5.95e-27	1.12e-22	3.48e-19	1.74e-14	5.19e-11	3.28e-08	4.63e-06	2.37e-04	3.79e-03	2.12e-02	7.82e-02	6.42e-01	2.30e-01	2.43e-02
 1.85712e+22	0.00e+00	8.39e-27	1.50e-22	4.41e-19	2.24e-14	6.63e-11	4.12e-08	5.66e-06	2.80e-04	4.32e-03	2.32e-02	8.21e-02	6.46e-01	2.21e-01	2.24e-02
 1.88147e+22	0.00e+00	1.11e-26	1.91e-22	5.37e-19	2.76e-14	8.10e-11	4.96e-08	6.67e-06	3.21e-04	4.80e-03	2.50e-02	8.55e-02	6.49e-01	2.15e-01	2.10e-02
 1.90683e+22	0.00e+00	1.48e-26	2.43e-22	6.53e-19	3.39e-14	9.90e-11	5.98e-08	7.86e-06	3.67e-04	5.34e-03	2.69e-02	8.89e-02	6.51e-01	2.08e-01	1.96e-02
 1.93980e+22	0.00e+00	2.12e-26	3.29e-22	8.37e-19	4.40e-14	1.27e-10	7.55e-08	9.66e-06	4.35e-04	6.10e-03	2.95e-02	9.34e-02	6.53e-01	1.99e-01	1.80e-02
 1.97356e+22	0.00e+00	3.05e-26	4.48e-22	1.08e-18	5.71e-14	1.64e-10	9.56e-08	1.19e-05	5.16e-04	6.98e-03	3.24e-02	9.80e-02	6.55e-01	1.91e-01	1.65e-02
 1.99965e+22	0.00e+00	4.01e-26	5.67e-22	1.31e-18	6.96e-14	1.99e-10	1.14e-07	1.39e-05	5.87e-04	7.71e-03	3.47e-02	1.02e-01	6.55e-01	1.84e-01	1.54e-02
 2.02094e+22	0.00e+00	5.00e-26	6.83e-22	1.52e-18	8.14e-14	2.31e-10	1.32e-07	1.58e-05	6.51e-04	8.36e-03	3.67e-02	1.05e-01	6.56e-01	1.79e-01	1.46e-02
 2.04463e+22	0.00e+00	6.32e-26	8.34e-22	1.79e-18	9.61e-14	2.71e-10	1.53e-07	1.80e-05	7.24e-04	9.08e-03	3.88e-02	1.08e-01	6.56e-01	1.74e-01	1.37e-02
 2.07544e+22	4.60e-32	8.52e-26	1.08e-21	2.21e-18	1.19e-13	3.33e-10	1.85e-07	2.13e-05	8.30e-04	1.01e-02	4.18e-02	1.12e-01	6.55e-01	1.68e-01	1.27e-02
 2.10812e+22	6.59e-32	1.17e-25	1.41e-21	2.76e-18	1.48e-13	4.13e-10	2.25e-07	2.53e-05	9.58e-04	1.13e-02	4.50e-02	1.16e-01	6.54e-01	1.61e-01	1.17e-02
 2.13615e+22	8.91e-32	1.52e-25	1.77e-21	3.33e-18	1.79e-13	4.94e-10	2.66e-07	2.94e-05	1.08e-03	1.24e-02	4.80e-02	1.20e-01	6.53e-01	1.55e-01	1.10e-02
 2.16552e+22	1.21e-31	1.99e-25	2.23e-21	4.02e-18	2.15e-13	5.90e-10	3.14e-07	3.40e-05	1.22e-03	1.36e-02	5.10e-02	1.24e-01	6.51e-01	1.50e-01	1.02e-02
 2.20369e+22	1.78e-31	2.80e-25	2.98e-21	5.12e-18	2.72e-13	7.41e-10	3.88e-07	4.09e-05	1.41e-03	1.52e-02	5.51e-02	1.28e-01	6.48e-01	1.43e-01	9.34e-03
 2.24254e+22	2.62e-31	3.96e-25	4.01e-21	6.54e-18	3.45e-13	9.30e-10	4.79e-07	4.93e-05	1.64e-03	1.71e-02	5.96e-02	1.33e-01	6.44e-01	1.36e-01	8.51e-03
 2.27365e+22	3.56e-31	5.18e-25	5.06e-21	7.94e-18	4.15e-13	1.11e-09	5.65e-07	5.70e-05	1.85e-03	1.87e-02	6.32e-02	1.37e-01	6.41e-01	1.31e-01	7.92e-03
 2.30022e+22	4.58e-31	6.49e-25	6.14e-21	9.33e-18	4.84e-13	1.29e-09	6.47e-07	6.42e-05	2.03e-03	2.01e-02	6.63e-02	1.40e-01	6.37e-01	1.26e-01	7.45e-03
 2.32951e+22	6.01e-31	8.27e-25	7.57e-21	1.11e-17	5.70e-13	1.50e-09	7.48e-07	7.29e-05	2.25e-03	2.17e-02	6.98e-02	1.44e-01	6.34e-01	1.22e-01	6.97e-03
 2.36758e+22	8.49e-31	1.12e-24	9.87e-21	1.38e-17	7.01e-13	1.83e-09	8.98e-07	8.56e-05	2.56e-03	2.40e-02	7.44e-02	1.48e-01	6.28e-01	1.16e-01	6.41e-03
 2.40693e+22	1.21e-30	1.54e-24	1.30e-20	1.74e-17	8.67e-13	2.24e-09	1.08e-06	1.01e-04	2.92e-03	2.65e-02	7.93e-02	1.52e-01	6.22e-01	1.11e-01	5.87e-03
 2.43933e+22	1.61e-30	2.00e-24	1.62e-20	2.10e-17	1.03e-12	2.64e-09	1.26e-06	1.15e-04	3.25e-03	2.87e-02	8.35e-02	1.56e-01	6.17e-01	1.06e-01	5.45e-03
 2.47282e+22	2.14e-30	2.57e-24	2.02e-20	2.52e-17	1.22e-12	3.10e-09	1.46e-06	1.31e-04	3.59e-03	3.09e-02	8.77e-02	1.59e-01	6.11e-01	1.02e-01	5.08e-03
 2.51636e+22	3.06e-30	3.55e-24	2.67e-20	3.20e-17	1.51e-12	3.80e-09	1.76e-06	1.54e-04	4.09e-03	3.41e-02	9.32e-02	1.63e-01	6.03e-01	9.69e-02	4.64e-03
 2.56164e+22	4.43e-30	4.97e-24	3.58e-20	4.09e-17	1.89e-12	4.68e-09	2.13e-06	1.82e-04	4.67e-03	3.76e-02	9.92e-02	1.68e-01	5.95e-01	9.16e-02	4.21e-03
 2.59939e+22	6.01e-30	6.54e-24	4.55e-20	5.00e-17	2.26e-12	5.55e-09	2.49e-06	2.09e-04	5.21e-03	4.08e-02	1.04e-01	1.71e-01	5.87e-01	8.74e-02	3.88e-03
 2.63868e+22	8.11e-30	8.59e-24	5.77e-20	6.12e-17	2.71e-12	6.57e-09	2.90e-06	2.39e-04	5.78e-03	4.40e-02	1.09e-01	1.74e-01	5.79e-01	8.35e-02	3.59e-03
 2.68976e+22	1.19e-29	1.21e-23	7.81e-20	7.91e-17	3.40e-12	8.13e-09	3.52e-06	2.83e-04	6.60e-03	4.85e-02	1.16e-01	1.78e-01	5.68e-01	7.85e-02	3.24e-03
 2.74263e+22	1.75e-29	1.74e-23	1.07e-19	1.03e-16	4.30e-12	1.01e-08	4.30e-06	3.37e-04	7.56e-03	5.35e-02	1.23e-01	1.82e-01	5.57e-01	7.36e-02	2.91e-03
 2.78415e+22	2.36e-29	2.29e-23	1.36e-19	1.27e-16	5.15e-12	1.20e-08	5.01e-06	3.84e-04	8.37e-03	5.77e-02	1.29e-01	1.85e-01	5.47e-01	7.00e-02	2.68e-03
 2.82443e+22	3.12e-29	2.96e-23	1.70e-19	1.53e-16	6.09e-12	1.40e-08	5.76e-06	4.34e-04	9.20e-03	6.17e-02	1.34e-01	1.87e-01	5.38e-01	6.68e-02	2.48e-03
 2.87680e+22	4.44e-29	4.09e-23	2.26e-19	1.96e-16	7.52e-12	1.70e-08	6.88e-06	5.05e-04	1.04e-02	6.72e-02	1.41e-01	1.90e-01	5.26e-01	6.28e-02	2.24e-03
 2.93224e+22	6.41e-29	5.76e-23	3.06e-19	2.53e-16	9.40e-12	2.09e-08	8.28e-06	5.92e-04	1.17e-02	7.33e-02	1.48e-01	1.93e-01	5.13e-01	5.87e-02	2.01e-03
 2.97999e+22	8.71e-29	7.68e-23	3.94e-19	3.14e-16	1.13e-11	2.48e-08	9.66e-06	6.76e-04	1.30e-02	7.88e-02	1.54e-01	1.95e-01	5.01e-01	5.55e-02	1.84e-03
 3.03036e+22	1.19e-28	1.03e-22	5.08e-19	3.91e-16	1.37e-11	2.95e-08	1.13e-05	7.71e-04	1.43e-02	8.45e-02	1.60e-01	1.97e-01	4.90e-01	5.23e-02	1.67e-03
 3.09586e+22	1.75e-28	1.48e-22	7.02e-19	5.15e-16	1.74e-11	3.67e-08	1.37e-05	9.12e-04	1.63e-02	9.24e-02	1.68e-01	1.99e-01	4.74e-01	4.84e-02	1.48e-03
 3.16425e+22	2.62e-28	2.17e-22	9.83e-19	6.88e-16	2.23e-11	4.60e-08	1.68e-05	1.08e-03	1.85e-02	1.01e-01	1.76e-01	2.00e-01	4.57e-01	4.46e-02	1.31e-03
 3.22221e+22	3.63e-28	2.97e-22	1.30e-18	8.72e-16	2.73e-11	5.54e-08	1.98e-05	1.24e-03	2.06e-02	1.08e-01	1.83e-01	2.01e-01	4.43e-01	4.17e-02	1.17e-03
 3.27369e+22	4.80e-28	3.89e-22	1.64e-18	1.07e-15	3.26e-11	6.49e-08	2.27e-05	1.40e-03	2.25e-02	1.15e-01	1.88e-01	2.02e-01	4.31e-01	3.92e-02	1.07e-03
 3.33097e+22	6.51e-28	5.21e-22	2.13e-18	1.33e-15	3.93e-11	7.70e-08	2.64e-05	1.59e-03	2.47e-02	1.23e-01	1.94e-01	2.02e-01	4.17e-01	3.67e-02	9.66e-04
 3.40544e+22	9.44e-28	7.49e-22	2.93e-18	1.76e-15	4.99e-11	9.52e-08	3.18e-05	1.86e-03	2.77e-02	1.33e-01	2.01e-01	2.02e-01	4.00e-01	3.37e-02	8.51e-04
 3.48357e+22	1.39e-27	1.10e-21	4.12e-18	2.35e-15	6.38e-11	1.19e-07	3.87e-05	2.19e-03	3.13e-02	1.44e-01	2.09e-01	2.01e-01	3.81e-01	3.07e-02	7.39e-04
 3.54665e+22	1.88e-27	1.48e-21	5.37e-18	2.95e-15	7.74e-11	1.41e-07	4.50e-05	2.48e-03	3.44e-02	1.53e-01	2.15e-01	2.00e-01	3.67e-01	2.84e-02	6.61e-04
 3.60059e+22	2.42e-27	1.90e-21	6.68e-18	3.57e-15	9.08e-11	1.63e-07	5.10e-05	2.76e-03	3.71e-02	1.60e-01	2.19e-01	1.99e-01	3.55e-01	2.67e-02	6.02e-04
 3.66245e+22	3.18e-27	2.51e-21	8.53e-18	4.40e-15	1.08e-10	1.91e-07	5.86e-05	3.09e-03	4.03e-02	1.69e-01	2.24e-01	1.98e-01	3.41e-01	2.48e-02	5.42e-04
 3.74288e+22	4.47e-27	3.53e-21	1.16e-17	5.71e-15	1.35e-10	2.32e-07	6.94e-05	3.55e-03	4.46e-02	1.80e-01	2.29e-01	1.95e-01	3.24e-01	2.26e-02	4.74e-04
 3.82799e+22	6.39e-27	5.10e-21	1.60e-17	7.53e-15	1.71e-10	2.86e-07	8.31e-05	4.13e-03	4.96e-02	1.92e-01	2.35e-01	1.92e-01	3.06e-01	2.04e-02	4.09e-04
 3.89988e+22	8.53e-27	6.89e-21	2.08e-17	9.46e-15	2.07e-10	3.39e-07	9.63e-05	4.66e-03	5.41e-02	2.02e-01	2.39e-01	1.90e-01	2.91e-01	1.87e-02	3.61e-04
 3.97402e+22	1.13e-26	9.24e-21	2.70e-17	1.18e-14	2.49e-10	4.00e-07	1.11e-04	5.23e-03	5.87e-02	2.12e-01	2.42e-01	1.87e-01	2.77e-01	1.72e-02	3.20e-04
 4.07041e+22	1.60e-26	1.33e-20	3.73e-17	1.56e-14	3.15e-10	4.91e-07	1.32e-04	6.03e-03	6.48e-02	2.25e-01	2.46e-01	1.82e-01	2.60e-01	1.54e-02	2.74e-04
 4.17037e+22	2.30e-26	1.96e-20	5.23e-17	2.08e-14	4.01e-10	6.08e-07	1.59e-04	7.01e-03	7.19e-02	2.39e-01	2.49e-01	1.77e-01	2.42e-01	1.36e-02	2.31e-04
 4.25196e+22	3.03e-26	2.65e-20	6.82e-17	2.61e-14	4.84e-10	7.17e-07	1.83e-04	7.87e-03	7.78e-02	2.50e-01	2.51e-01	1.73e-01	2.28e-01	1.24e-02	2.02e-04
 4.33500e+22	3.97e-26	3.55e-20	8.83e-17	3.26e-14	5.82e-10	8.43e-07	2.10e-04	8.80e-03	8.39e-02	2.60e-01	2.52e-01	1.69e-01	2.14e-01	1.12e-02	1.76e-04
 4.44295e+22	5.53e-26	5.11e-20	1.22e-16	4.29e-14	7.31e-10	1.03e-06	2.49e-04	1.01e-02	9.18e-02	2.73e-01	2.53e-01	1.63e-01	1.99e-01	9.92e-03	1.49e-04
 4.54938e+22	7.66e-26	7.39e-20	1.68e-16	5.65e-14	9.17e-10	1.25e-06	2.95e-04	1.15e-02	1.01e-01	2.85e-01	2.54e-01	1.57e-01	1.83e-01	8.70e-03	1.24e-04
 4.62781e+22	9.55e-26	9.56e-20	2.11e-16	6.85e-14	1.08e-09	1.44e-06	3.31e-04	1.27e-02	1.07e-01	2.94e-01	2.53e-01	1.52e-01	1.72e-01	7.92e-03	1.10e-04
 4.70374e+22	1.18e-25	1.21e-19	2.60e-16	8.19e-14	1.25e-09	1.64e-06	3.69e-04	1.38e-02	1.13e-01	3.02e-01	2.53e-01	1.48e-01	1.63e-01	7.25e-03	9.73e-05
 4.80246e+22	1.54e-25	1.64e-19	3.39e-16	1.03e-13	1.50e-09	1.92e-06	4.23e-04	1.54e-02	1.21e-01	3.12e-01	2.51e-01	1.43e-01	1.51e-01	6.47e-03	8.35e-05
 4.91010e+22	2.04e-25	2.28e-19	4.53e-16	1.31e-13	1.83e-09	2.29e-06	4.89e-04	1.73e-02	1.30e-01	3.22e-01	2.49e-01	1.37e-01	1.39e-01	5.69e-03	7.02e-05
 5.00599e+22	2.59e-25	3.04e-19	5.82e-16	1.62e-13	2.18e-09	2.66e-06	5.55e-04	1.91e-02	1.39e-01	3.31e-01	2.46e-01	1.31e-01	1.29e-01	5.07e-03	6.03e-05
 5.10728e+22	3.28e-25	4.03e-19	7.45e-16	2.00e-13	2.59e-09	3.08e-06	6.28e-04	2.10e-02	1.47e-01	3.39e-01	2.43e-01	1.26e-01	1.19e-01	4.53e-03	5.18e-05
 5.23896e+22	4.44e-25	5.77e-19	1.02e-15	2.61e-13	3.21e-09	3.71e-06	7.33e-04	2.38e-02	1.58e-01	3.48e-01	2.39e-01	1.19e-01	1.08e-01	3.89e-03	4.24e-05
 5.37272e+22	5.96e-25	8.35e-19	1.41e-15	3.43e-13	4.00e-09	4.48e-06	8.59e-04	2.69e-02	1.70e-01	3.57e-01	2.33e-01	1.12e-01	9.67e-02	3.32e-03	3.44e-05
 5.47863e+22	7.43e-25	1.11e-18	1.81e-15	4.23e-13	4.74e-09	5.18e-06	9.68e-04	2.95e-02	1.80e-01	3.63e-01	2.29e-01	1.06e-01	8.88e-02	2.93e-03	2.92e-05
 5.58575e+22	9.22e-25	1.45e-18	2.28e-15	5.15e-13	5.56e-09	5.94e-06	1.08e-03	3.22e-02	1.89e-01	3.68e-01	2.24e-01	1.01e-01	8.17e-02	2.60e-03	2.49e-05
 5.72501e+22	1.21e-24	2.03e-18	3.06e-15	6.61e-13	6.79e-09	7.04e-06	1.25e-03	3.59e-02	2.01e-01	3.74e-01	2.17e-01	9.47e-02	7.34e-02	2.23e-03	2.04e-05
 5.87550e+22	1.60e-24	2.93e-18	4.22e-15	8.67e-13	8.43e-09	8.46e-06	1.45e-03	4.03e-02	2.14e-01	3.79e-01	2.10e-01	8.80e-02	6.51e-02	1.87e-03	1.63e-05
 6.00704e+22	2.03e-24	4.02e-18	5.57e-15	1.09e-12	1.02e-08	9.90e-06	1.65e-03	4.45e-02	2.26e-01	3.83e-01	2.03e-01	8.23e-02	5.84e-02	1.61e-03	1.33e-05
 6.12574e+22	2.46e-24	5.26e-18	7.04e-15	1.34e-12	1.19e-08	1.13e-05	1.84e-03	4.83e-02	2.36e-01	3.85e-01	1.97e-01	7.77e-02	5.33e-02	1.41e-03	1.13e-05
 6.26129e+22	3.07e-24	7.06e-18	9.10e-15	1.66e-12	1.42e-08	1.31e-05	2.07e-03	5.28e-02	2.47e-01	3.87e-01	1.90e-01	7.27e-02	4.80e-02	1.22e-03	9.34e-06
 6.43751e+22	4.00e-24	1.02e-17	1.25e-14	2.17e-12	1.76e-08	1.57e-05	2.39e-03	5.89e-02	2.60e-01	3.88e-01	1.81e-01	6.68e-02	4.21e-02	1.01e-03	7.36e-06
 6.62338e+22	5.27e-24	1.52e-17	1.78e-14	2.92e-12	2.22e-08	1.90e-05	2.80e-03	6.63e-02	2.75e-01	3.87e-01	1.71e-01	6.06e-02	3.62e-02	8.22e-04	5.64e-06
 6.76931e+22	6.47e-24	2.07e-17	2.33e-14	3.68e-12	2.66e-08	2.21e-05	3.16e-03	7.25e-02	2.87e-01	3.86e-01	1.63e-01	5.61e-02	3.22e-02	6.97e-04	4.57e-06
 6.88442e+22	7.51e-24	2.60e-17	2.85e-14	4.35e-12	3.04e-08	2.47e-05	3.45e-03	7.73e-02	2.95e-01	3.84e-01	1.57e-01	5.29e-02	2.95e-02	6.18e-04	3.91e-06
 7.01195e+22	8.87e-24	3.32e-17	3.53e-14	5.22e-12	3.51e-08	2.78e-05	3.79e-03	8.28e-02	3.04e-01	3.82e-01	1.51e-01	4.96e-02	2.68e-02	5.41e-04	3.31e-06
 7.17774e+22	1.08e-23	4.47e-17	4.58e-14	6.52e-12	4.19e-08	3.21e-05	4.24e-03	9.00e-02	3.15e-01	3.78e-01	1.43e-01	4.57e-02	2.37e-02	4.59e-04	2.68e-06
 7.39327e+22	1.38e-23	6.53e-17	6.39e-14	8.66e-12	5.24e-08	3.85e-05	4.89e-03	9.97e-02	3.28e-01	3.72e-01	1.33e-01	4.12e-02	2.03e-02	3.71e-04	2.05e-06
 7.61130e+22	1.75e-23	9.75e-17	9.08e-14	1.17e-11	6.64e-08	4.67e-05	5.67e-03	1.11e-01	3.41e-01	3.64e-01	1.23e-01	3.67e-02	1.72e-02	2.95e-04	1.54e-06
 7.77702e+22	2.09e-23	1.31e-16	1.18e-13	1.46e-11	7.92e-08	5.38e-05	6.33e-03	1.20e-01	3.51e-01	3.58e-01	1.16e-01	3.36e-02	1.51e-02	2.48e-04	1.24e-06
 7.93689e+22	2.44e-23	1.70e-16	1.48e-13	1.78e-11	9.24e-08	6.09e-05	6.96e-03	1.28e-01	3.59e-01	3.51e-01	1.10e-01	3.10e-02	1.35e-02	2.13e-04	1.02e-06
 8.14473e+22	2.94e-23	2.33e-16	1.96e-13	2.25e-11	1.11e-07	7.07e-05	7.80e-03	1.39e-01	3.68e-01	3.43e-01	1.02e-01	2.81e-02	1.17e-02	1.76e-04	8.07e-07
 8.37501e+22	3.59e-23	3.34e-16	2.69e-13	2.97e-11	1.38e-07	8.39e-05	8.88e-03	1.52e-01	3.78e-01	3.33e-01	9.40e-02	2.50e-02	9.93e-03	1.42e-04	6.13e-07
 8.58242e+22	4.27e-23	4.59e-16	3.57e-13	3.78e-11	1.68e-07	9.76e-05	9.95e-03	1.64e-01	3.85e-01	3.23e-01	8.69e-02	2.25e-02	8.55e-03	1.16e-04	4.79e-07
 8.76843e+22	4.97e-23	6.02e-16	4.55e-13	4.66e-11	1.98e-07	1.11e-04	1.10e-02	1.75e-01	3.91e-01	3.14e-01	8.11e-02	2.05e-02	7.51e-03	9.78e-05	3.87e-07
 8.97869e+22	5.79e-23	7.90e-16	5.78e-13	5.74e-11	2.33e-07	1.26e-04	1.20e-02	1.86e-01	3.97e-01	3.04e-01	7.56e-02	1.87e-02	6.59e-03	8.23e-05	3.12e-07
 9.25204e+22	7.02e-23	1.11e-15	7.84e-13	7.47e-11	2.87e-07	1.48e-04	1.36e-02	2.01e-01	4.03e-01	2.92e-01	6.89e-02	1.65e-02	5.56e-03	6.59e-05	2.37e-07
 9.54742e+22	8.60e-23	1.63e-15	1.10e-12	1.00e-10	3.62e-07	1.78e-04	1.55e-02	2.18e-01	4.08e-01	2.78e-01	6.18e-02	1.43e-02	4.58e-03	5.11e-05	1.73e-07
 9.80322e+22	1.03e-22	2.26e-15	1.47e-12	1.29e-10	4.42e-07	2.07e-04	1.73e-02	2.34e-01	4.11e-01	2.65e-01	5.61e-02	1.27e-02	3.87e-03	4.10e-05	1.32e-07
 1.00308e+23	1.18e-22	2.91e-15	1.85e-12	1.58e-10	5.16e-07	2.33e-04	1.88e-02	2.46e-01	4.13e-01	2.55e-01	5.19e-02	1.15e-02	3.38e-03	3.44e-05	0.00e+00
 1.02900e+23	1.38e-22	3.81e-15	2.35e-12	1.95e-10	6.08e-07	2.64e-04	2.05e-02	2.60e-01	4.14e-01	2.45e-01	4.77e-02	1.03e-02	2.92e-03	2.85e-05	0.00e+00
 1.06270e+23	1.65e-22	5.28e-15	3.16e-12	2.51e-10	7.44e-07	3.08e-04	2.29e-02	2.77e-01	4.14e-01	2.32e-01	4.29e-02	9.00e-03	2.44e-03	2.26e-05	0.00e+00
 1.09662e+23	2.02e-22	7.53e-15	4.34e-12	3.32e-10	9.25e-07	3.63e-04	2.57e-02	2.96e-01	4.13e-01	2.17e-01	3.80e-02	7.74e-03	2.00e-03	1.75e-05	0.00e+00
 1.12216e+23	2.32e-22	9.66e-15	5.43e-12	4.04e-10	1.08e-06	4.07e-04	2.78e-02	3.09e-01	4.11e-01	2.07e-01	3.49e-02	6.95e-03	1.73e-03	1.45e-05	0.00e+00
 1.14666e+23	2.63e-22	1.19e-14	6.57e-12	4.78e-10	1.23e-06	4.49e-04	2.97e-02	3.21e-01	4.10e-01	1.99e-01	3.23e-02	6.32e-03	1.53e-03	1.24e-05	0.00e+00
 1.17852e+23	3.04e-22	1.53e-14	8.22e-12	5.81e-10	1.43e-06	5.04e-04	3.22e-02	3.35e-01	4.07e-01	1.89e-01	2.95e-02	5.65e-03	1.32e-03	1.03e-05	0.00e+00
 1.21993e+23	3.62e-22	2.07e-14	1.08e-11	7.39e-10	1.73e-06	5.79e-04	3.53e-02	3.52e-01	4.02e-01	1.77e-01	2.63e-02	4.91e-03	1.10e-03	8.11e-06	0.00e+00
 1.26387e+23	4.44e-22	2.91e-14	1.47e-11	9.68e-10	2.13e-06	6.76e-04	3.92e-02	3.72e-01	3.96e-01	1.64e-01	2.31e-02	4.17e-03	8.89e-04	6.20e-06	0.00e+00
 1.29986e+23	5.21e-22	3.80e-14	1.87e-11	1.20e-09	2.51e-06	7.63e-04	4.25e-02	3.87e-01	3.90e-01	1.54e-01	2.07e-02	3.66e-03	7.51e-04	5.01e-06	0.00e+00
 1.33049e+23	5.88e-22	4.65e-14	2.24e-11	1.40e-09	2.85e-06	8.35e-04	4.51e-02	3.98e-01	3.85e-01	1.47e-01	1.91e-02	3.32e-03	6.60e-04	4.25e-06	0.00e+00
 1.36535e+23	6.66e-22	5.72e-14	2.70e-11	1.66e-09	3.24e-06	9.17e-04	4.80e-02	4.10e-01	3.80e-01	1.40e-01	1.75e-02	2.98e-03	5.76e-04	3.58e-06	0.00e+00
 1.41068e+23	7.63e-22	7.24e-14	3.34e-11	2.00e-09	3.74e-06	1.02e-03	5.14e-02	4.24e-01	3.73e-01	1.31e-01	1.58e-02	2.64e-03	4.93e-04	2.94e-06	0.00e+00
 1.46564e+23	9.00e-22	9.60e-14	4.32e-11	2.51e-09	4.46e-06	1.16e-03	5.58e-02	4.40e-01	3.65e-01	1.22e-01	1.40e-02	2.28e-03	4.08e-04	2.32e-06	0.00e+00
 1.52194e+23	1.07e-21	1.28e-13	5.62e-11	3.16e-09	5.34e-06	1.32e-03	6.06e-02	4.56e-01	3.55e-01	1.13e-01	1.23e-02	1.95e-03	3.34e-04	1.80e-06	0.00e+00
 1.57275e+23	1.24e-21	1.64e-13	7.00e-11	3.84e-09	6.20e-06	1.47e-03	6.48e-02	4.69e-01	3.47e-01	1.05e-01	1.10e-02	1.71e-03	2.82e-04	1.46e-06	0.00e+00
 1.62760e+23	1.39e-21	2.01e-13	8.46e-11	4.54e-09	7.05e-06	1.61e-03	6.87e-02	4.80e-01	3.39e-01	9.88e-02	9.99e-03	1.52e-03	2.43e-04	1.21e-06	0.00e+00
 1.69240e+23	1.59e-21	2.56e-13	1.05e-10	5.50e-09	8.17e-06	1.79e-03	7.33e-02	4.92e-01	3.30e-01	9.20e-02	8.91e-03	1.32e-03	2.05e-04	9.77e-07	0.00e+00
 1.76133e+23	1.80e-21	3.24e-13	1.30e-10	6.66e-09	9.46e-06	1.98e-03	7.82e-02	5.04e-01	3.21e-01	8.55e-02	7.94e-03	1.15e-03	1.72e-04	7.87e-07	0.00e+00
 1.83302e+23	2.02e-21	4.04e-13	1.60e-10	7.97e-09	1.09e-05	2.18e-03	8.30e-02	5.15e-01	3.12e-01	7.96e-02	7.12e-03	1.01e-03	1.46e-04	6.41e-07	0.00e+00
 1.90757e+23	2.24e-21	4.97e-13	1.93e-10	9.41e-09	1.23e-05	2.39e-03	8.76e-02	5.24e-01	3.04e-01	7.45e-02	6.42e-03	8.96e-04	1.25e-04	5.28e-07	0.00e+00
 1.98511e+23	2.45e-21	6.02e-13	2.29e-10	1.10e-08	1.39e-05	2.60e-03	9.22e-02	5.33e-01	2.96e-01	6.98e-02	5.81e-03	7.97e-04	1.08e-04	4.40e-07	0.00e+00
 2.06575e+23	2.64e-21	7.19e-13	2.70e-10	1.27e-08	1.55e-05	2.81e-03	9.65e-02	5.41e-01	2.88e-01	6.57e-02	5.30e-03	7.15e-04	9.43e-05	3.72e-07	0.00e+00
 2.14961e+23	2.82e-21	8.49e-13	3.14e-10	1.46e-08	1.72e-05	3.02e-03	1.01e-01	5.48e-01	2.81e-01	6.20e-02	4.85e-03	6.44e-04	8.27e-05	3.16e-07	0.00e+00
 2.23549e+23	2.92e-21	9.74e-13	3.56e-10	1.63e-08	1.87e-05	3.20e-03	1.04e-01	5.53e-01	2.75e-01	5.91e-02	4.51e-03	5.91e-04	7.43e-05	2.77e-07	0.00e+00
 2.31742e+23	3.07e-21	1.12e-12	4.05e-10	1.82e-08	2.04e-05	3.40e-03	1.08e-01	5.59e-01	2.69e-01	5.62e-02	4.18e-03	5.40e-04	6.65e-05	2.41e-07	0.00e+00
 2.39116e+23	3.17e-21	1.25e-12	4.49e-10	2.00e-08	2.19e-05	3.57e-03	1.11e-01	5.63e-01	2.64e-01	5.39e-02	3.93e-03	5.02e-04	6.07e-05	2.15e-07	0.00e+00
 2.45753e+23	3.22e-21	1.37e-12	4.86e-10	2.15e-08	2.31e-05	3.71e-03	1.14e-01	5.66e-01	2.60e-01	5.22e-02	3.74e-03	4.75e-04	5.66e-05	1.97e-07	0.00e+00
 2.51725e+23	3.27e-21	1.47e-12	5.21e-10	2.28e-08	2.42e-05	3.83e-03	1.16e-01	5.69e-01	2.56e-01	5.08e-02	3.59e-03	4.52e-04	5.33e-05	1.83e-07	0.00e+00
 2.57101e+23	3.27e-21	1.56e-12	5.48e-10	2.39e-08	2.51e-05	3.93e-03	1.17e-01	5.71e-01	2.54e-01	4.97e-02	3.48e-03	4.36e-04	5.09e-05	1.73e-07	0.00e+00
 2.61939e+23	3.28e-21	1.64e-12	5.74e-10	2.49e-08	2.59e-05	4.01e-03	1.19e-01	5.73e-01	2.52e-01	4.88e-02	3.38e-03	4.21e-04	4.88e-05	1.64e-07	0.00e+00
 2.66293e+23	3.27e-21	1.70e-12	5.95e-10	2.57e-08	2.65e-05	4.08e-03	1.20e-01	5.74e-01	2.50e-01	4.80e-02	3.30e-03	4.11e-04	4.73e-05	1.58e-07	0.00e+00
 2.70212e+23	3.25e-21	1.76e-12	6.13e-10	2.64e-08	2.71e-05	4.14e-03	1.21e-01	5.75e-01	2.48e-01	4.74e-02	3.24e-03	4.02e-04	4.60e-05	1.53e-07	0.00e+00
 2.73739e+23	3.23e-21	1.81e-12	6.29e-10	2.70e-08	2.76e-05	4.19e-03	1.22e-01	5.76e-01	2.47e-01	4.69e-02	3.19e-03	3.94e-04	4.50e-05	1.49e-07	0.00e+00
 2.76937e+23	3.20e-21	1.85e-12	6.40e-10	2.75e-08	2.79e-05	4.22e-03	1.22e-01	5.77e-01	2.46e-01	4.66e-02	3.16e-03	3.89e-04	4.43e-05	1.46e-07	0.00e+00
 2.79992e+23	3.14e-21	1.87e-12	6.46e-10	2.77e-08	2.81e-05	4.25e-03	1.23e-01	5.77e-01	2.46e-01	4.64e-02	3.14e-03	3.86e-04	4.38e-05	1.44e-07	0.00e+00
 2.83047e+23	3.08e-21	1.89e-12	6.54e-10	2.80e-08	2.83e-05	4.27e-03	1.23e-01	5.78e-01	2.45e-01	4.61e-02	3.11e-03	3.83e-04	4.34e-05	1.42e-07	0.00e+00
 2.86102e+23	3.03e-21	1.91e-12	6.61e-10	2.83e-08	2.85e-05	4.29e-03	1.24e-01	5.78e-01	2.45e-01	4.59e-02	3.09e-03	3.80e-04	4.29e-05	1.40e-07	0.00e+00
 2.89156e+23	2.98e-21	1.93e-12	6.68e-10	2.86e-08	2.87e-05	4.32e-03	1.24e-01	5.79e-01	2.44e-01	4.57e-02	3.07e-03	3.77e-04	4.25e-05	1.38e-07	0.00e+00
 2.92211e+23	2.91e-21	1.95e-12	6.72e-10	2.87e-08	2.89e-05	4.33e-03	1.24e-01	5.79e-01	2.44e-01	4.56e-02	3.05e-03	3.75e-04	4.22e-05	1.37e-07	0.00e+00
 2.95266e+23	2.84e-21	1.95e-12	6.74e-10	2.88e-08	2.89e-05	4.34e-03	1.24e-01	5.79e-01	2.43e-01	4.55e-02	3.05e-03	3.74e-04	4.20e-05	1.37e-07	0.00e+00
 2.98321e+23	2.76e-21	1.96e-12	6.76e-10	2.89e-08	2.90e-05	4.34e-03	1.24e-01	5.79e-01	2.43e-01	4.54e-02	3.04e-03	3.73e-04	4.19e-05	1.36e-07	0.00e+00
 3.01376e+23	2.69e-21	1.96e-12	6.78e-10	2.90e-08	2.91e-05	4.35e-03	1.25e-01	5.79e-01	2.43e-01	4.53e-02	3.03e-03	3.72e-04	4.18e-05	1.36e-07	0.00e+00
 3.04192e+23	2.64e-21	1.98e-12	6.83e-10	2.91e-08	2.92e-05	4.37e-03	1.25e-01	5.79e-01	2.43e-01	4.52e-02	3.02e-03	3.70e-04	4.15e-05	1.35e-07	0.00e+00
