#depth	S	S+	S+2	S+3	S+4	S+5	S+6	S+7	S+8	S+9	S+10	S+11	S+12	S+13	S+14	S+15	S+16
 6.17135e+19	0.00e+00	0.00e+00	0.00e+00	0.00e+00	0.00e+00	0.00e+00	4.76e-28	8.74e-24	5.76e-20	1.36e-16	1.50e-13	8.08e-11	3.09e-08	8.62e-06	4.43e-03	1.15e-01	8.80e-01
 1.87609e+20	0.00e+00	0.00e+00	0.00e+00	0.00e+00	0.00e+00	0.00e+00	1.16e-27	1.95e-23	1.18e-19	2.55e-16	2.58e-13	1.27e-10	4.42e-08	1.12e-05	5.27e-03	1.25e-01	8.70e-01
 3.18540e+20	0.00e+00	0.00e+00	0.00e+00	0.00e+00	0.00e+00	0.00e+00	2.86e-27	4.39e-23	2.42e-19	4.81e-16	4.45e-13	2.00e-10	6.33e-08	1.47e-05	6.26e-03	1.35e-01	8.58e-01
 4.54709e+20	0.00e+00	0.00e+00	0.00e+00	0.00e+00	0.00e+00	1.14e-31	7.10e-27	9.96e-23	5.02e-19	9.11e-16	7.72e-13	3.18e-10	9.12e-08	1.93e-05	7.46e-03	1.46e-01	8.46e-01
 5.48444e+20	0.00e+00	0.00e+00	0.00e+00	0.00e+00	0.00e+00	2.22e-31	1.31e-26	1.73e-22	8.21e-19	1.40e-15	1.12e-12	4.35e-10	1.17e-07	2.31e-05	8.39e-03	1.54e-01	8.37e-01
 5.86615e+20	0.00e+00	0.00e+00	0.00e+00	0.00e+00	0.00e+00	2.94e-31	1.69e-26	2.18e-22	1.01e-18	1.68e-15	1.31e-12	4.96e-10	1.29e-07	2.50e-05	8.81e-03	1.58e-01	8.33e-01
 6.18482e+20	0.00e+00	0.00e+00	0.00e+00	0.00e+00	0.00e+00	3.64e-31	2.05e-26	2.59e-22	1.18e-18	1.92e-15	1.47e-12	5.46e-10	1.40e-07	2.65e-05	9.14e-03	1.61e-01	8.30e-01
 6.59909e+20	0.00e+00	0.00e+00	0.00e+00	0.00e+00	0.00e+00	4.84e-31	2.66e-26	3.28e-22	1.45e-18	2.31e-15	1.73e-12	6.24e-10	1.55e-07	2.86e-05	9.60e-03	1.64e-01	8.26e-01
 7.13764e+20	0.00e+00	0.00e+00	0.00e+00	0.00e+00	0.00e+00	7.01e-31	3.73e-26	4.44e-22	1.90e-18	2.93e-15	2.12e-12	7.42e-10	1.78e-07	3.16e-05	1.02e-02	1.69e-01	8.21e-01
 7.83775e+20	0.00e+00	0.00e+00	0.00e+00	0.00e+00	0.00e+00	1.12e-30	5.74e-26	6.55e-22	2.69e-18	3.97e-15	2.76e-12	9.25e-10	2.11e-07	3.60e-05	1.11e-02	1.75e-01	8.14e-01
 8.56032e+20	0.00e+00	0.00e+00	0.00e+00	0.00e+00	0.00e+00	1.82e-30	8.92e-26	9.74e-22	3.82e-18	5.42e-15	3.61e-12	1.16e-09	2.53e-07	4.10e-05	1.21e-02	1.82e-01	8.06e-01
 9.11646e+20	0.00e+00	0.00e+00	0.00e+00	0.00e+00	0.00e+00	2.63e-30	1.25e-25	1.32e-21	5.01e-18	6.87e-15	4.43e-12	1.38e-09	2.89e-07	4.54e-05	1.29e-02	1.87e-01	8.00e-01
 9.56469e+20	0.00e+00	0.00e+00	0.00e+00	0.00e+00	0.00e+00	3.52e-30	1.63e-25	1.68e-21	6.20e-18	8.28e-15	5.21e-12	1.58e-09	3.22e-07	4.91e-05	1.35e-02	1.91e-01	7.95e-01
 1.00683e+21	0.00e+00	0.00e+00	0.00e+00	0.00e+00	0.00e+00	4.86e-30	2.19e-25	2.19e-21	7.86e-18	1.02e-14	6.25e-12	1.84e-09	3.63e-07	5.36e-05	1.43e-02	1.96e-01	7.90e-01
 1.07229e+21	0.00e+00	0.00e+00	0.00e+00	0.00e+00	0.00e+00	7.38e-30	3.20e-25	3.08e-21	1.07e-17	1.34e-14	7.89e-12	2.24e-09	4.23e-07	6.01e-05	1.54e-02	2.02e-01	7.83e-01
 1.14077e+21	0.00e+00	0.00e+00	0.00e+00	0.00e+00	0.00e+00	1.14e-29	4.74e-25	4.40e-21	1.47e-17	1.77e-14	1.00e-11	2.74e-09	4.96e-07	6.76e-05	1.66e-02	2.09e-01	7.75e-01
 1.19834e+21	0.00e+00	0.00e+00	0.00e+00	0.00e+00	0.00e+00	1.62e-29	6.58e-25	5.91e-21	1.91e-17	2.23e-14	1.23e-11	3.25e-09	5.67e-07	7.46e-05	1.76e-02	2.14e-01	7.68e-01
 1.25834e+21	0.00e+00	0.00e+00	0.00e+00	0.00e+00	0.00e+00	2.33e-29	9.14e-25	7.96e-21	2.49e-17	2.81e-14	1.50e-11	3.85e-09	6.48e-07	8.23e-05	1.88e-02	2.20e-01	7.61e-01
 1.32479e+21	0.00e+00	0.00e+00	0.00e+00	0.00e+00	0.00e+00	3.51e-29	1.33e-24	1.12e-20	3.37e-17	3.67e-14	1.90e-11	4.68e-09	7.55e-07	9.21e-05	2.01e-02	2.26e-01	7.53e-01
 1.38443e+21	0.00e+00	0.00e+00	0.00e+00	0.00e+00	0.00e+00	5.01e-29	1.84e-24	1.50e-20	4.38e-17	4.63e-14	2.32e-11	5.54e-09	8.62e-07	1.02e-04	2.14e-02	2.32e-01	7.46e-01
 1.43810e+21	0.00e+00	0.00e+00	0.00e+00	0.00e+00	0.00e+00	6.89e-29	2.47e-24	1.95e-20	5.55e-17	5.70e-14	2.78e-11	6.46e-09	9.71e-07	1.11e-04	2.26e-02	2.38e-01	7.40e-01
 1.49918e+21	0.00e+00	0.00e+00	0.00e+00	0.00e+00	0.00e+00	9.82e-29	3.41e-24	2.62e-20	7.21e-17	7.18e-14	3.40e-11	7.64e-09	1.11e-06	1.22e-04	2.40e-02	2.44e-01	7.32e-01
 1.57859e+21	0.00e+00	0.00e+00	0.00e+00	0.00e+00	0.00e+00	1.55e-28	5.19e-24	3.82e-20	1.01e-16	9.67e-14	4.41e-11	9.51e-09	1.31e-06	1.38e-04	2.60e-02	2.52e-01	7.22e-01
 1.65777e+21	0.00e+00	0.00e+00	0.00e+00	0.00e+00	0.00e+00	2.43e-28	7.83e-24	5.55e-20	1.41e-16	1.30e-13	5.70e-11	1.18e-08	1.56e-06	1.57e-04	2.81e-02	2.60e-01	7.12e-01
 1.71686e+21	0.00e+00	0.00e+00	0.00e+00	0.00e+00	0.00e+00	3.38e-28	1.06e-23	7.31e-20	1.80e-16	1.61e-13	6.88e-11	1.38e-08	1.76e-06	1.72e-04	2.97e-02	2.66e-01	7.05e-01
 1.77389e+21	0.00e+00	0.00e+00	0.00e+00	0.00e+00	0.00e+00	4.63e-28	1.42e-23	9.49e-20	2.28e-16	1.98e-13	8.24e-11	1.61e-08	1.98e-06	1.87e-04	3.13e-02	2.71e-01	6.97e-01
 1.84803e+21	0.00e+00	0.00e+00	0.00e+00	0.00e+00	0.00e+00	6.93e-28	2.05e-23	1.33e-19	3.08e-16	2.59e-13	1.04e-10	1.96e-08	2.31e-06	2.09e-04	3.36e-02	2.79e-01	6.88e-01
 1.92504e+21	0.00e+00	0.00e+00	0.00e+00	0.00e+00	0.00e+00	1.05e-27	3.00e-23	1.87e-19	4.19e-16	3.40e-13	1.32e-10	2.39e-08	2.70e-06	2.34e-04	3.60e-02	2.86e-01	6.77e-01
 1.98899e+21	0.00e+00	0.00e+00	0.00e+00	0.00e+00	0.00e+00	1.47e-27	4.09e-23	2.49e-19	5.40e-16	4.25e-13	1.60e-10	2.82e-08	3.07e-06	2.57e-04	3.81e-02	2.93e-01	6.69e-01
 2.05532e+21	0.00e+00	0.00e+00	0.00e+00	0.00e+00	5.93e-32	2.08e-27	5.63e-23	3.32e-19	7.00e-16	5.34e-13	1.96e-10	3.34e-08	3.50e-06	2.83e-04	4.04e-02	2.99e-01	6.60e-01
 2.12807e+21	0.00e+00	0.00e+00	0.00e+00	0.00e+00	9.03e-32	3.02e-27	7.94e-23	4.54e-19	9.27e-16	6.84e-13	2.43e-10	4.01e-08	4.04e-06	3.14e-04	4.30e-02	3.07e-01	6.50e-01
 2.19391e+21	0.00e+00	0.00e+00	0.00e+00	0.00e+00	1.32e-31	4.21e-27	1.08e-22	6.00e-19	1.19e-15	8.55e-13	2.95e-10	4.73e-08	4.58e-06	3.44e-04	4.55e-02	3.13e-01	6.41e-01
 2.25472e+21	0.00e+00	0.00e+00	0.00e+00	0.00e+00	1.86e-31	5.71e-27	1.43e-22	7.74e-19	1.50e-15	1.05e-12	3.53e-10	5.49e-08	5.15e-06	3.74e-04	4.79e-02	3.19e-01	6.33e-01
 2.32425e+21	0.00e+00	0.00e+00	0.00e+00	0.00e+00	2.73e-31	8.04e-27	1.96e-22	1.03e-18	1.94e-15	1.31e-12	4.31e-10	6.50e-08	5.87e-06	4.11e-04	5.07e-02	3.26e-01	6.23e-01
 2.40189e+21	0.00e+00	0.00e+00	0.00e+00	0.00e+00	4.18e-31	1.17e-26	2.78e-22	1.42e-18	2.58e-15	1.69e-12	5.37e-10	7.83e-08	6.78e-06	4.56e-04	5.40e-02	3.33e-01	6.13e-01
 2.47412e+21	0.00e+00	0.00e+00	0.00e+00	0.00e+00	6.17e-31	1.65e-26	3.82e-22	1.89e-18	3.35e-15	2.13e-12	6.58e-10	9.29e-08	7.74e-06	5.02e-04	5.71e-02	3.40e-01	6.03e-01
 2.54135e+21	0.00e+00	0.00e+00	0.00e+00	0.00e+00	8.82e-31	2.27e-26	5.12e-22	2.47e-18	4.25e-15	2.64e-12	7.92e-10	1.09e-07	8.73e-06	5.47e-04	6.02e-02	3.46e-01	5.93e-01
 2.61800e+21	0.00e+00	0.00e+00	0.00e+00	0.00e+00	1.32e-30	3.23e-26	7.10e-22	3.33e-18	5.56e-15	3.34e-12	9.76e-10	1.30e-07	1.00e-05	6.03e-04	6.38e-02	3.53e-01	5.83e-01
 2.70110e+21	0.00e+00	0.00e+00	0.00e+00	0.00e+00	2.02e-30	4.71e-26	1.01e-21	4.58e-18	7.42e-15	4.31e-12	1.22e-09	1.56e-07	1.16e-05	6.70e-04	6.78e-02	3.60e-01	5.71e-01
 2.77537e+21	0.00e+00	0.00e+00	0.00e+00	0.00e+00	2.94e-30	6.57e-26	1.37e-21	6.07e-18	9.55e-15	5.40e-12	1.49e-09	1.85e-07	1.31e-05	7.33e-04	7.16e-02	3.66e-01	5.61e-01
 2.84283e+21	0.00e+00	0.00e+00	0.00e+00	0.00e+00	4.11e-30	8.83e-26	1.80e-21	7.80e-18	1.20e-14	6.60e-12	1.77e-09	2.14e-07	1.47e-05	7.95e-04	7.51e-02	3.72e-01	5.52e-01
 2.91866e+21	0.00e+00	0.00e+00	0.00e+00	0.00e+00	5.96e-30	1.22e-25	2.44e-21	1.03e-17	1.54e-14	8.23e-12	2.15e-09	2.52e-07	1.67e-05	8.70e-04	7.92e-02	3.78e-01	5.42e-01
 3.00376e+21	0.00e+00	0.00e+00	0.00e+00	0.00e+00	8.97e-30	1.76e-25	3.42e-21	1.40e-17	2.03e-14	1.05e-11	2.67e-09	3.02e-07	1.92e-05	9.60e-04	8.39e-02	3.85e-01	5.30e-01
 3.08370e+21	0.00e+00	0.00e+00	0.00e+00	0.00e+00	1.31e-29	2.45e-25	4.66e-21	1.86e-17	2.62e-14	1.32e-11	3.25e-09	3.57e-07	2.18e-05	1.05e-03	8.84e-02	3.91e-01	5.19e-01
 3.15857e+21	0.00e+00	0.00e+00	0.00e+00	0.00e+00	1.85e-29	3.33e-25	6.20e-21	2.41e-17	3.31e-14	1.62e-11	3.90e-09	4.16e-07	2.46e-05	1.14e-03	9.27e-02	3.97e-01	5.09e-01
 3.24405e+21	0.00e+00	0.00e+00	0.00e+00	0.00e+00	2.73e-29	4.68e-25	8.52e-21	3.23e-17	4.31e-14	2.05e-11	4.79e-09	4.94e-07	2.80e-05	1.25e-03	9.78e-02	4.03e-01	4.98e-01
 3.33588e+21	0.00e+00	0.00e+00	0.00e+00	0.00e+00	4.12e-29	6.72e-25	1.19e-20	4.40e-17	5.70e-14	2.63e-11	5.95e-09	5.92e-07	3.22e-05	1.38e-03	1.03e-01	4.09e-01	4.86e-01
 3.41660e+21	0.00e+00	0.00e+00	0.00e+00	0.00e+00	5.87e-29	9.18e-25	1.60e-20	5.74e-17	7.25e-14	3.25e-11	7.16e-09	6.93e-07	3.63e-05	1.50e-03	1.09e-01	4.14e-01	4.76e-01
 3.50222e+21	0.00e+00	0.00e+00	0.00e+00	0.00e+00	8.47e-29	1.27e-24	2.16e-20	7.56e-17	9.30e-14	4.05e-11	8.69e-09	8.14e-07	4.11e-05	1.64e-03	1.14e-01	4.20e-01	4.65e-01
 3.59845e+21	0.00e+00	0.00e+00	0.00e+00	0.00e+00	1.27e-28	1.81e-24	3.01e-20	1.03e-16	1.23e-13	5.17e-11	1.08e-08	9.74e-07	4.71e-05	1.80e-03	1.20e-01	4.25e-01	4.53e-01
 3.68922e+21	0.00e+00	0.00e+00	0.00e+00	0.00e+00	1.85e-28	2.52e-24	4.10e-20	1.36e-16	1.58e-13	6.48e-11	1.31e-08	1.15e-06	5.34e-05	1.96e-03	1.26e-01	4.30e-01	4.41e-01
 3.77469e+21	0.00e+00	0.00e+00	0.00e+00	0.00e+00	2.61e-28	3.41e-24	5.45e-20	1.77e-16	2.00e-13	7.98e-11	1.57e-08	1.34e-06	5.99e-05	2.13e-03	1.32e-01	4.35e-01	4.31e-01
 3.87258e+21	0.00e+00	0.00e+00	0.00e+00	0.00e+00	3.84e-28	4.80e-24	7.49e-20	2.37e-16	2.61e-13	1.01e-10	1.93e-08	1.58e-06	6.82e-05	2.32e-03	1.39e-01	4.40e-01	4.19e-01
 3.98205e+21	0.00e+00	0.00e+00	0.00e+00	0.00e+00	5.87e-28	6.97e-24	1.06e-19	3.26e-16	3.48e-13	1.30e-10	2.41e-08	1.91e-06	7.86e-05	2.56e-03	1.46e-01	4.44e-01	4.07e-01
 4.07972e+21	0.00e+00	0.00e+00	0.00e+00	0.00e+00	8.52e-28	9.67e-24	1.44e-19	4.32e-16	4.49e-13	1.63e-10	2.93e-08	2.24e-06	8.89e-05	2.78e-03	1.53e-01	4.48e-01	3.95e-01
 4.16431e+21	0.00e+00	0.00e+00	0.00e+00	0.00e+00	1.17e-27	1.28e-23	1.87e-19	5.48e-16	5.56e-13	1.97e-10	3.45e-08	2.57e-06	9.86e-05	2.99e-03	1.59e-01	4.52e-01	3.86e-01
 4.25874e+21	0.00e+00	0.00e+00	0.00e+00	5.63e-32	1.63e-27	1.72e-23	2.47e-19	7.07e-16	7.00e-13	2.41e-10	4.11e-08	2.97e-06	1.10e-04	3.22e-03	1.66e-01	4.55e-01	3.76e-01
 4.38151e+21	0.00e+00	0.00e+00	0.00e+00	9.28e-32	2.55e-27	2.54e-23	3.57e-19	9.91e-16	9.49e-13	3.15e-10	5.20e-08	3.61e-06	1.28e-04	3.56e-03	1.75e-01	4.59e-01	3.63e-01
 4.50589e+21	0.00e+00	0.00e+00	0.00e+00	1.51e-31	3.94e-27	3.73e-23	5.11e-19	1.38e-15	1.28e-12	4.09e-10	6.53e-08	4.36e-06	1.47e-04	3.92e-03	1.84e-01	4.62e-01	3.50e-01
 4.60680e+21	0.00e+00	0.00e+00	0.00e+00	2.23e-31	5.57e-27	5.05e-23	6.80e-19	1.79e-15	1.62e-12	5.04e-10	7.82e-08	5.06e-06	1.64e-04	4.22e-03	1.92e-01	4.64e-01	3.40e-01
 4.71243e+21	0.00e+00	0.00e+00	0.00e+00	3.31e-31	7.92e-27	6.89e-23	9.10e-19	2.34e-15	2.06e-12	6.23e-10	9.39e-08	5.89e-06	1.84e-04	4.56e-03	2.00e-01	4.66e-01	3.29e-01
 4.84974e+21	0.00e+00	0.00e+00	0.00e+00	5.47e-31	1.24e-26	1.02e-22	1.32e-18	3.28e-15	2.80e-12	8.15e-10	1.19e-07	7.14e-06	2.13e-04	5.02e-03	2.10e-01	4.69e-01	3.16e-01
 4.99074e+21	0.00e+00	0.00e+00	0.00e+00	9.08e-31	1.95e-26	1.52e-22	1.92e-18	4.63e-15	3.81e-12	1.07e-09	1.50e-07	8.66e-06	2.46e-04	5.53e-03	2.20e-01	4.70e-01	3.03e-01
 5.10119e+21	0.00e+00	0.00e+00	0.00e+00	1.34e-30	2.76e-26	2.07e-22	2.55e-18	6.02e-15	4.83e-12	1.32e-09	1.79e-07	1.00e-05	2.75e-04	5.95e-03	2.29e-01	4.71e-01	2.94e-01
 5.20941e+21	0.00e+00	0.00e+00	0.00e+00	1.94e-30	3.84e-26	2.77e-22	3.36e-18	7.74e-15	6.06e-12	1.60e-09	2.13e-07	1.15e-05	3.06e-04	6.38e-03	2.37e-01	4.72e-01	2.84e-01
 5.35010e+21	0.00e+00	0.00e+00	0.00e+00	3.12e-30	5.86e-26	4.01e-22	4.76e-18	1.07e-14	8.09e-12	2.06e-09	2.65e-07	1.38e-05	3.49e-04	6.96e-03	2.48e-01	4.72e-01	2.73e-01
 5.49610e+21	0.00e+00	0.00e+00	0.00e+00	5.05e-30	9.01e-26	5.86e-22	6.80e-18	1.48e-14	1.08e-11	2.67e-09	3.30e-07	1.65e-05	4.00e-04	7.61e-03	2.59e-01	4.72e-01	2.61e-01
 5.61797e+21	0.00e+00	0.00e+00	0.00e+00	7.48e-30	1.28e-25	7.99e-22	9.10e-18	1.93e-14	1.38e-11	3.29e-09	3.96e-07	1.92e-05	4.46e-04	8.17e-03	2.68e-01	4.72e-01	2.52e-01
 5.74535e+21	0.00e+00	0.00e+00	0.00e+00	1.11e-29	1.82e-25	1.09e-21	1.22e-17	2.52e-14	1.75e-11	4.06e-09	4.74e-07	2.22e-05	4.98e-04	8.77e-03	2.77e-01	4.71e-01	2.42e-01
 5.91095e+21	0.00e+00	0.00e+00	0.00e+00	1.87e-29	2.89e-25	1.64e-21	1.79e-17	3.58e-14	2.41e-11	5.36e-09	6.00e-07	2.69e-05	5.75e-04	9.63e-03	2.90e-01	4.69e-01	2.30e-01
 6.07820e+21	0.00e+00	0.00e+00	0.00e+00	3.10e-29	4.55e-25	2.44e-21	2.60e-17	5.06e-14	3.28e-11	7.02e-09	7.57e-07	3.25e-05	6.61e-04	1.05e-02	3.03e-01	4.67e-01	2.19e-01
 6.21238e+21	0.00e+00	0.00e+00	0.00e+00	4.62e-29	6.49e-25	3.33e-21	3.49e-17	6.62e-14	4.18e-11	8.67e-09	9.07e-07	3.77e-05	7.36e-04	1.13e-02	3.12e-01	4.65e-01	2.10e-01
 6.33197e+21	0.00e+00	0.00e+00	0.00e+00	6.54e-29	8.86e-25	4.38e-21	4.52e-17	8.39e-14	5.17e-11	1.04e-08	1.06e-06	4.28e-05	8.10e-04	1.20e-02	3.21e-01	4.63e-01	2.03e-01
 6.46778e+21	0.00e+00	0.00e+00	0.00e+00	9.64e-29	1.25e-24	5.94e-21	6.02e-17	1.09e-13	6.55e-11	1.28e-08	1.27e-06	4.94e-05	8.99e-04	1.28e-02	3.31e-01	4.61e-01	1.95e-01
 6.64434e+21	0.00e+00	0.00e+00	0.00e+00	1.58e-28	1.94e-24	8.75e-21	8.67e-17	1.52e-13	8.84e-11	1.66e-08	1.58e-06	5.91e-05	1.03e-03	1.39e-02	3.44e-01	4.57e-01	1.84e-01
 6.82393e+21	0.00e+00	0.00e+00	0.00e+00	2.59e-28	3.02e-24	1.29e-20	1.25e-16	2.13e-13	1.19e-10	2.16e-08	1.98e-06	7.08e-05	1.17e-03	1.51e-02	3.57e-01	4.52e-01	1.75e-01
 6.96856e+21	0.00e+00	0.00e+00	0.00e+00	3.82e-28	4.27e-24	1.75e-20	1.67e-16	2.78e-13	1.51e-10	2.66e-08	2.36e-06	8.16e-05	1.30e-03	1.62e-02	3.67e-01	4.49e-01	1.67e-01
 7.11770e+21	0.00e+00	0.00e+00	0.00e+00	5.65e-28	6.06e-24	2.38e-20	2.23e-16	3.62e-13	1.92e-10	3.27e-08	2.81e-06	9.41e-05	1.44e-03	1.72e-02	3.77e-01	4.45e-01	1.60e-01
 7.31157e+21	0.00e+00	0.00e+00	0.00e+00	9.31e-28	9.45e-24	3.51e-20	3.23e-16	5.09e-13	2.61e-10	4.25e-08	3.52e-06	1.13e-04	1.65e-03	1.87e-02	3.90e-01	4.39e-01	1.50e-01
 7.51183e+21	0.00e+00	0.00e+00	7.98e-32	1.55e-27	1.49e-23	5.23e-20	4.71e-16	7.19e-13	3.55e-10	5.57e-08	4.42e-06	1.35e-04	1.88e-03	2.03e-02	4.04e-01	4.33e-01	1.41e-01
 7.67549e+21	0.00e+00	0.00e+00	1.25e-31	2.33e-27	2.14e-23	7.18e-20	6.36e-16	9.47e-13	4.55e-10	6.90e-08	5.31e-06	1.57e-04	2.09e-03	2.17e-02	4.14e-01	4.27e-01	1.34e-01
 7.84337e+21	0.00e+00	0.00e+00	1.97e-31	3.50e-27	3.07e-23	9.87e-20	8.60e-16	1.25e-12	5.84e-10	8.56e-08	6.37e-06	1.81e-04	2.33e-03	2.31e-02	4.25e-01	4.22e-01	1.28e-01
 8.02051e+21	0.00e+00	0.00e+00	3.16e-31	5.35e-27	4.48e-23	1.37e-19	1.18e-15	1.67e-12	7.57e-10	1.07e-07	7.70e-06	2.11e-04	2.60e-03	2.47e-02	4.36e-01	4.16e-01	1.21e-01
 8.17151e+21	0.00e+00	0.00e+00	4.69e-31	7.64e-27	6.15e-23	1.81e-19	1.53e-15	2.13e-12	9.41e-10	1.29e-07	9.03e-06	2.40e-04	2.85e-03	2.61e-02	4.45e-01	4.10e-01	1.15e-01
 8.32961e+21	0.00e+00	0.00e+00	7.03e-31	1.10e-26	8.51e-23	2.41e-19	2.01e-15	2.73e-12	1.18e-09	1.57e-07	1.06e-05	2.73e-04	3.13e-03	2.76e-02	4.55e-01	4.04e-01	1.10e-01
 8.53513e+21	0.00e+00	0.00e+00	1.18e-30	1.75e-26	1.29e-22	3.46e-19	2.84e-15	3.75e-12	1.56e-09	2.00e-07	1.31e-05	3.22e-04	3.52e-03	2.97e-02	4.67e-01	3.97e-01	1.03e-01
 8.74141e+21	0.00e+00	0.00e+00	1.97e-30	2.79e-26	1.94e-22	4.95e-19	4.00e-15	5.13e-12	2.07e-09	2.56e-07	1.61e-05	3.80e-04	3.97e-03	3.18e-02	4.78e-01	3.89e-01	9.66e-02
 8.90282e+21	0.00e+00	0.00e+00	2.93e-30	3.98e-26	2.66e-22	6.52e-19	5.21e-15	6.54e-12	2.58e-09	3.08e-07	1.88e-05	4.31e-04	4.34e-03	3.36e-02	4.87e-01	3.83e-01	9.19e-02
 9.03680e+21	0.00e+00	0.00e+00	4.05e-30	5.32e-26	3.44e-22	8.16e-19	6.46e-15	7.97e-12	3.08e-09	3.59e-07	2.14e-05	4.78e-04	4.67e-03	3.50e-02	4.94e-01	3.78e-01	8.81e-02
 9.18097e+21	0.00e+00	0.00e+00	5.71e-30	7.25e-26	4.53e-22	1.04e-18	8.13e-15	9.85e-12	3.72e-09	4.23e-07	2.46e-05	5.33e-04	5.05e-03	3.67e-02	5.02e-01	3.72e-01	8.42e-02
 9.36839e+21	0.00e+00	0.00e+00	8.85e-30	1.07e-25	6.42e-22	1.40e-18	1.09e-14	1.29e-11	4.74e-09	5.21e-07	2.93e-05	6.12e-04	5.57e-03	3.88e-02	5.11e-01	3.64e-01	7.95e-02
 9.55953e+21	0.00e+00	0.00e+00	1.38e-29	1.60e-25	9.14e-22	1.91e-18	1.46e-14	1.69e-11	6.05e-09	6.43e-07	3.50e-05	7.05e-04	6.16e-03	4.11e-02	5.20e-01	3.57e-01	7.48e-02
 9.71261e+21	0.00e+00	0.00e+00	1.96e-29	2.19e-25	1.21e-21	2.43e-18	1.85e-14	2.10e-11	7.34e-09	7.59e-07	4.02e-05	7.87e-04	6.66e-03	4.30e-02	5.28e-01	3.51e-01	7.13e-02
 9.86870e+21	0.00e+00	0.00e+00	2.78e-29	3.00e-25	1.59e-21	3.09e-18	2.34e-14	2.61e-11	8.91e-09	8.97e-07	4.62e-05	8.79e-04	7.21e-03	4.50e-02	5.35e-01	3.44e-01	6.79e-02
 1.00347e+22	0.00e+00	0.00e+00	4.04e-29	4.19e-25	2.14e-21	3.99e-18	2.99e-14	3.28e-11	1.09e-08	1.07e-06	5.36e-05	9.88e-04	7.83e-03	4.71e-02	5.42e-01	3.38e-01	6.44e-02
 1.01775e+22	0.00e+00	0.00e+00	5.54e-29	5.56e-25	2.75e-21	4.96e-18	3.69e-14	3.98e-11	1.30e-08	1.24e-06	6.08e-05	1.09e-03	8.40e-03	4.90e-02	5.48e-01	3.32e-01	6.16e-02
 1.03072e+22	0.00e+00	0.00e+00	7.34e-29	7.15e-25	3.43e-21	6.01e-18	4.45e-14	4.73e-11	1.52e-08	1.42e-06	6.80e-05	1.19e-03	8.94e-03	5.08e-02	5.53e-01	3.27e-01	5.91e-02
 1.04561e+22	0.00e+00	0.00e+00	1.01e-28	9.55e-25	4.42e-21	7.49e-18	5.51e-14	5.77e-11	1.82e-08	1.65e-06	7.73e-05	1.32e-03	9.60e-03	5.28e-02	5.59e-01	3.21e-01	5.64e-02
 1.06238e+22	0.00e+00	0.00e+00	1.45e-28	1.32e-24	5.87e-21	9.56e-18	7.00e-14	7.20e-11	2.22e-08	1.96e-06	8.91e-05	1.48e-03	1.04e-02	5.52e-02	5.65e-01	3.14e-01	5.35e-02
 1.07818e+22	0.00e+00	0.00e+00	2.03e-28	1.78e-24	7.64e-21	1.20e-17	8.74e-14	8.85e-11	2.67e-08	2.30e-06	1.02e-04	1.64e-03	1.12e-02	5.75e-02	5.71e-01	3.08e-01	5.08e-02
 1.09284e+22	0.00e+00	0.00e+00	2.76e-28	2.34e-24	9.73e-21	1.48e-17	1.07e-13	1.07e-10	3.17e-08	2.66e-06	1.15e-04	1.81e-03	1.20e-02	5.97e-02	5.76e-01	3.02e-01	4.85e-02
 1.10943e+22	0.00e+00	0.00e+00	3.85e-28	3.15e-24	1.27e-20	1.86e-17	1.34e-13	1.31e-10	3.81e-08	3.11e-06	1.31e-04	2.00e-03	1.29e-02	6.21e-02	5.81e-01	2.95e-01	4.61e-02
 1.12706e+22	0.00e+00	0.00e+00	5.58e-28	4.39e-24	1.69e-20	2.38e-17	1.71e-13	1.65e-10	4.68e-08	3.72e-06	1.52e-04	2.25e-03	1.40e-02	6.49e-02	5.87e-01	2.88e-01	4.35e-02
 1.14174e+22	0.00e+00	0.00e+00	7.54e-28	5.74e-24	2.14e-20	2.91e-17	2.09e-13	1.99e-10	5.53e-08	4.29e-06	1.72e-04	2.47e-03	1.49e-02	6.72e-02	5.91e-01	2.82e-01	4.14e-02
 1.15656e+22	0.00e+00	0.00e+00	1.02e-27	7.48e-24	2.70e-20	3.55e-17	2.55e-13	2.39e-10	6.53e-08	4.94e-06	1.93e-04	2.71e-03	1.59e-02	6.95e-02	5.96e-01	2.77e-01	3.95e-02
 1.17582e+22	0.00e+00	0.00e+00	1.49e-27	1.05e-23	3.64e-20	4.58e-17	3.28e-13	3.03e-10	8.07e-08	5.92e-06	2.25e-04	3.06e-03	1.73e-02	7.27e-02	6.00e-01	2.69e-01	3.71e-02
 1.19524e+22	0.00e+00	0.00e+00	2.19e-27	1.48e-23	4.91e-20	5.92e-17	4.24e-13	3.84e-10	1.00e-07	7.11e-06	2.62e-04	3.45e-03	1.88e-02	7.59e-02	6.05e-01	2.62e-01	3.48e-02
 1.21045e+22	0.00e+00	0.00e+00	2.95e-27	1.93e-23	6.19e-20	7.22e-17	5.17e-13	4.63e-10	1.18e-07	8.20e-06	2.95e-04	3.78e-03	2.00e-02	7.85e-02	6.08e-01	2.56e-01	3.31e-02
 1.22582e+22	0.00e+00	0.00e+00	3.97e-27	2.52e-23	7.80e-20	8.78e-17	6.29e-13	5.56e-10	1.40e-07	9.44e-06	3.31e-04	4.15e-03	2.13e-02	8.12e-02	6.12e-01	2.50e-01	3.14e-02
 1.24580e+22	0.00e+00	6.62e-32	5.82e-27	3.53e-23	1.05e-19	1.13e-16	8.10e-13	7.05e-10	1.73e-07	1.13e-05	3.86e-04	4.67e-03	2.31e-02	8.47e-02	6.15e-01	2.43e-01	2.94e-02
 1.26623e+22	0.00e+00	1.02e-31	8.60e-27	5.00e-23	1.42e-19	1.46e-16	1.05e-12	8.98e-10	2.15e-07	1.36e-05	4.50e-04	5.27e-03	2.51e-02	8.84e-02	6.18e-01	2.35e-01	2.75e-02
 1.28203e+22	0.00e+00	1.43e-31	1.16e-26	6.52e-23	1.79e-19	1.77e-16	1.28e-12	1.08e-09	2.54e-07	1.57e-05	5.07e-04	5.78e-03	2.68e-02	9.13e-02	6.21e-01	2.29e-01	2.60e-02
 1.29534e+22	0.00e+00	1.89e-31	1.49e-26	8.13e-23	2.16e-19	2.09e-16	1.51e-12	1.26e-09	2.92e-07	1.77e-05	5.59e-04	6.24e-03	2.83e-02	9.37e-02	6.22e-01	2.24e-01	2.49e-02
 1.31063e+22	0.00e+00	2.59e-31	1.98e-26	1.05e-22	2.69e-19	2.51e-16	1.82e-12	1.50e-09	3.42e-07	2.02e-05	6.25e-04	6.81e-03	3.00e-02	9.66e-02	6.24e-01	2.19e-01	2.36e-02
 1.33050e+22	0.00e+00	3.88e-31	2.85e-26	1.44e-22	3.56e-19	3.17e-16	2.31e-12	1.89e-09	4.19e-07	2.41e-05	7.22e-04	7.62e-03	3.24e-02	1.00e-01	6.25e-01	2.11e-01	2.21e-02
 1.35060e+22	0.00e+00	5.86e-31	4.13e-26	2.00e-22	4.72e-19	4.02e-16	2.95e-12	2.37e-09	5.16e-07	2.87e-05	8.35e-04	8.54e-03	3.50e-02	1.04e-01	6.27e-01	2.04e-01	2.06e-02
 1.36644e+22	0.00e+00	8.15e-31	5.54e-26	2.59e-22	5.90e-19	4.85e-16	3.57e-12	2.85e-09	6.08e-07	3.30e-05	9.38e-04	9.35e-03	3.72e-02	1.07e-01	6.27e-01	1.99e-01	1.94e-02
 1.38246e+22	0.00e+00	1.12e-30	7.34e-26	3.33e-22	7.32e-19	5.82e-16	4.30e-12	3.39e-09	7.12e-07	3.77e-05	1.05e-03	1.02e-02	3.94e-02	1.10e-01	6.27e-01	1.93e-01	1.84e-02
 1.40329e+22	0.00e+00	1.69e-30	1.06e-25	4.61e-22	9.69e-19	7.36e-16	5.47e-12	4.26e-09	8.74e-07	4.48e-05	1.21e-03	1.14e-02	4.26e-02	1.14e-01	6.27e-01	1.86e-01	1.71e-02
 1.42441e+22	0.00e+00	2.57e-30	1.55e-25	6.42e-22	1.29e-18	9.33e-16	7.00e-12	5.37e-09	1.08e-06	5.35e-05	1.40e-03	1.28e-02	4.60e-02	1.19e-01	6.26e-01	1.79e-01	1.58e-02
 1.44110e+22	0.00e+00	3.60e-30	2.09e-25	8.36e-22	1.62e-18	1.13e-15	8.51e-12	6.48e-09	1.28e-06	6.18e-05	1.58e-03	1.40e-02	4.89e-02	1.22e-01	6.25e-01	1.73e-01	1.48e-02
 1.45796e+22	0.00e+00	4.96e-30	2.79e-25	1.08e-21	2.01e-18	1.35e-15	1.02e-11	7.72e-09	1.50e-06	7.05e-05	1.76e-03	1.53e-02	5.18e-02	1.25e-01	6.24e-01	1.68e-01	1.40e-02
 1.47988e+22	0.00e+00	7.54e-30	4.06e-25	1.50e-21	2.67e-18	1.71e-15	1.30e-11	9.72e-09	1.84e-06	8.40e-05	2.03e-03	1.71e-02	5.59e-02	1.30e-01	6.21e-01	1.61e-01	1.29e-02
 1.50226e+22	0.00e+00	1.16e-29	5.96e-25	2.10e-21	3.56e-18	2.17e-15	1.67e-11	1.23e-08	2.28e-06	1.01e-04	2.35e-03	1.92e-02	6.03e-02	1.34e-01	6.18e-01	1.54e-01	1.19e-02
 1.52016e+22	0.00e+00	1.63e-29	8.09e-25	2.74e-21	4.48e-18	2.62e-15	2.03e-11	1.48e-08	2.69e-06	1.16e-04	2.64e-03	2.10e-02	6.40e-02	1.38e-01	6.15e-01	1.48e-01	1.11e-02
 1.53837e+22	0.00e+00	2.30e-29	1.10e-24	3.58e-21	5.62e-18	3.17e-15	2.46e-11	1.78e-08	3.18e-06	1.33e-04	2.97e-03	2.29e-02	6.79e-02	1.41e-01	6.11e-01	1.43e-01	1.03e-02
 1.56204e+22	0.00e+00	3.54e-29	1.61e-24	5.02e-21	7.52e-18	4.03e-15	3.14e-11	2.25e-08	3.92e-06	1.59e-04	3.43e-03	2.56e-02	7.31e-02	1.46e-01	6.06e-01	1.36e-01	9.47e-03
 1.58623e+22	0.00e+00	5.55e-29	2.41e-24	7.13e-21	1.01e-17	5.15e-15	4.03e-11	2.86e-08	4.88e-06	1.90e-04	3.98e-03	2.88e-02	7.89e-02	1.51e-01	6.00e-01	1.29e-01	8.61e-03
 1.60566e+22	0.00e+00	7.96e-29	3.32e-24	9.44e-21	1.29e-17	6.27e-15	4.92e-11	3.46e-08	5.80e-06	2.20e-04	4.48e-03	3.15e-02	8.38e-02	1.54e-01	5.94e-01	1.23e-01	7.97e-03
 1.62550e+22	0.00e+00	1.12e-28	4.52e-24	1.24e-20	1.63e-17	7.60e-15	5.96e-11	4.16e-08	6.83e-06	2.53e-04	5.01e-03	3.44e-02	8.86e-02	1.58e-01	5.88e-01	1.18e-01	7.39e-03
 1.64767e+22	0.00e+00	1.66e-28	6.41e-24	1.68e-20	2.11e-17	9.42e-15	7.38e-11	5.10e-08	8.22e-06	2.95e-04	5.68e-03	3.78e-02	9.43e-02	1.62e-01	5.81e-01	1.13e-01	6.78e-03
 1.66786e+22	0.00e+00	2.36e-28	8.78e-24	2.22e-20	2.67e-17	1.14e-14	8.93e-11	6.13e-08	9.70e-06	3.38e-04	6.35e-03	4.12e-02	9.97e-02	1.65e-01	5.74e-01	1.07e-01	6.26e-03
 1.68587e+22	0.00e+00	3.24e-28	1.16e-23	2.83e-20	3.29e-17	1.36e-14	1.06e-10	7.21e-08	1.12e-05	3.82e-04	7.01e-03	4.45e-02	1.05e-01	1.68e-01	5.67e-01	1.03e-01	5.82e-03
 1.70608e+22	0.00e+00	4.52e-28	1.56e-23	3.68e-20	4.12e-17	1.63e-14	1.26e-10	8.55e-08	1.31e-05	4.34e-04	7.77e-03	4.81e-02	1.10e-01	1.71e-01	5.59e-01	9.83e-02	5.39e-03
 1.73236e+22	0.00e+00	6.95e-28	2.30e-23	5.16e-20	5.50e-17	2.07e-14	1.59e-10	1.06e-07	1.60e-05	5.12e-04	8.87e-03	5.32e-02	1.17e-01	1.74e-01	5.48e-01	9.25e-02	4.86e-03
 1.75885e+22	0.00e+00	1.07e-27	3.38e-23	7.24e-20	7.36e-17	2.64e-14	1.99e-10	1.32e-07	1.94e-05	6.02e-04	1.01e-02	5.88e-02	1.25e-01	1.78e-01	5.37e-01	8.68e-02	4.37e-03
 1.77968e+22	0.00e+00	1.50e-27	4.58e-23	9.44e-20	9.23e-17	3.18e-14	2.37e-10	1.57e-07	2.26e-05	6.82e-04	1.12e-02	6.34e-02	1.31e-01	1.80e-01	5.27e-01	8.24e-02	4.02e-03
 1.80080e+22	0.00e+00	2.07e-27	6.10e-23	1.22e-19	1.15e-16	3.80e-14	2.80e-10	1.84e-07	2.60e-05	7.67e-04	1.23e-02	6.80e-02	1.37e-01	1.83e-01	5.18e-01	7.84e-02	3.71e-03
 1.82827e+22	0.00e+00	3.12e-27	8.83e-23	1.68e-19	1.52e-16	4.79e-14	3.46e-10	2.25e-07	3.12e-05	8.92e-04	1.38e-02	7.44e-02	1.44e-01	1.85e-01	5.05e-01	7.34e-02	3.34e-03
 1.85712e+22	0.00e+00	4.80e-27	1.30e-22	2.36e-19	2.03e-16	6.10e-14	4.30e-10	2.78e-07	3.77e-05	1.04e-03	1.56e-02	8.15e-02	1.52e-01	1.88e-01	4.91e-01	6.84e-02	2.98e-03
 1.88147e+22	0.00e+00	6.83e-27	1.78e-22	3.13e-19	2.58e-16	7.44e-14	5.14e-10	3.29e-07	4.39e-05	1.18e-03	1.72e-02	8.77e-02	1.59e-01	1.89e-01	4.79e-01	6.44e-02	2.71e-03
 1.90683e+22	0.00e+00	9.73e-27	2.45e-22	4.14e-19	3.28e-16	9.09e-14	6.14e-10	3.90e-07	5.11e-05	1.34e-03	1.90e-02	9.42e-02	1.66e-01	1.91e-01	4.66e-01	6.05e-02	2.46e-03
 1.93980e+22	0.00e+00	1.52e-26	3.65e-22	5.89e-19	4.45e-16	1.17e-13	7.68e-10	4.82e-07	6.17e-05	1.56e-03	2.14e-02	1.03e-01	1.74e-01	1.92e-01	4.50e-01	5.59e-02	2.17e-03
 1.97356e+22	0.00e+00	2.39e-26	5.48e-22	8.43e-19	6.06e-16	1.51e-13	9.61e-10	5.97e-07	7.46e-05	1.82e-03	2.41e-02	1.12e-01	1.83e-01	1.93e-01	4.33e-01	5.13e-02	1.91e-03
 1.99965e+22	0.00e+00	3.36e-26	7.45e-22	1.11e-18	7.65e-16	1.84e-13	1.14e-09	7.00e-07	8.60e-05	2.04e-03	2.63e-02	1.20e-01	1.89e-01	1.93e-01	4.20e-01	4.81e-02	1.73e-03
 2.02094e+22	0.00e+00	4.42e-26	9.53e-22	1.38e-18	9.23e-16	2.15e-13	1.30e-09	7.95e-07	9.62e-05	2.23e-03	2.82e-02	1.26e-01	1.94e-01	1.93e-01	4.09e-01	4.55e-02	1.59e-03
 2.04463e+22	0.00e+00	5.86e-26	1.23e-21	1.73e-18	1.12e-15	2.53e-13	1.50e-09	9.07e-07	1.08e-04	2.45e-03	3.03e-02	1.32e-01	2.00e-01	1.93e-01	3.98e-01	4.30e-02	1.46e-03
 2.07544e+22	0.00e+00	8.46e-26	1.71e-21	2.31e-18	1.45e-15	3.13e-13	1.79e-09	1.07e-06	1.26e-04	2.77e-03	3.31e-02	1.41e-01	2.06e-01	1.93e-01	3.83e-01	3.99e-02	1.30e-03
 2.10812e+22	0.00e+00	1.24e-25	2.42e-21	3.14e-18	1.89e-15	3.91e-13	2.16e-09	1.28e-06	1.47e-04	3.14e-03	3.64e-02	1.50e-01	2.13e-01	1.92e-01	3.67e-01	3.68e-02	1.15e-03
 2.13615e+22	0.00e+00	1.72e-25	3.24e-21	4.07e-18	2.36e-15	4.71e-13	2.53e-09	1.48e-06	1.67e-04	3.47e-03	3.93e-02	1.59e-01	2.19e-01	1.91e-01	3.54e-01	3.43e-02	1.04e-03
 2.16552e+22	0.00e+00	2.37e-25	4.33e-21	5.27e-18	2.95e-15	5.67e-13	2.96e-09	1.72e-06	1.89e-04	3.85e-03	4.23e-02	1.67e-01	2.24e-01	1.89e-01	3.41e-01	3.19e-02	9.37e-04
 2.20369e+22	0.00e+00	3.56e-25	6.26e-21	7.31e-18	3.91e-15	7.20e-13	3.61e-09	2.06e-06	2.22e-04	4.37e-03	4.65e-02	1.78e-01	2.30e-01	1.87e-01	3.24e-01	2.90e-02	8.18e-04
 2.24254e+22	9.62e-32	5.37e-25	9.07e-21	1.02e-17	5.20e-15	9.15e-13	4.41e-09	2.48e-06	2.61e-04	4.96e-03	5.10e-02	1.89e-01	2.36e-01	1.85e-01	3.07e-01	2.64e-02	7.11e-04
 2.27365e+22	1.36e-31	7.39e-25	1.21e-20	1.31e-17	6.50e-15	1.10e-12	5.15e-09	2.86e-06	2.95e-04	5.46e-03	5.46e-02	1.98e-01	2.40e-01	1.82e-01	2.94e-01	2.44e-02	6.37e-04
 2.30022e+22	1.80e-31	9.63e-25	1.54e-20	1.62e-17	7.82e-15	1.29e-12	5.85e-09	3.21e-06	3.27e-04	5.91e-03	5.78e-02	2.06e-01	2.44e-01	1.80e-01	2.83e-01	2.28e-02	5.80e-04
 2.32951e+22	2.44e-31	1.28e-24	1.98e-20	2.04e-17	9.52e-15	1.52e-12	6.71e-09	3.64e-06	3.64e-04	6.43e-03	6.14e-02	2.14e-01	2.47e-01	1.78e-01	2.71e-01	2.13e-02	5.25e-04
 2.36758e+22	3.57e-31	1.82e-24	2.74e-20	2.72e-17	1.22e-14	1.88e-12	7.98e-09	4.26e-06	4.16e-04	7.14e-03	6.61e-02	2.24e-01	2.51e-01	1.75e-01	2.57e-01	1.94e-02	4.61e-04
 2.40693e+22	5.26e-31	2.63e-24	3.82e-20	3.65e-17	1.58e-14	2.33e-12	9.53e-09	5.00e-06	4.77e-04	7.94e-03	7.12e-02	2.34e-01	2.54e-01	1.71e-01	2.43e-01	1.76e-02	4.02e-04
 2.43933e+22	7.20e-31	3.54e-24	4.99e-20	4.64e-17	1.94e-14	2.77e-12	1.10e-08	5.69e-06	5.32e-04	8.64e-03	7.55e-02	2.43e-01	2.57e-01	1.68e-01	2.32e-01	1.63e-02	3.60e-04
 2.47282e+22	9.74e-31	4.71e-24	6.48e-20	5.85e-17	2.38e-14	3.29e-12	1.27e-08	6.45e-06	5.92e-04	9.37e-03	7.98e-02	2.51e-01	2.59e-01	1.64e-01	2.21e-01	1.50e-02	3.23e-04
 2.51636e+22	1.43e-30	6.81e-24	9.03e-20	7.87e-17	3.08e-14	4.09e-12	1.51e-08	7.56e-06	6.77e-04	1.04e-02	8.55e-02	2.62e-01	2.61e-01	1.60e-01	2.07e-01	1.36e-02	2.80e-04
 2.56164e+22	2.12e-30	9.93e-24	1.27e-19	1.07e-16	4.02e-14	5.13e-12	1.82e-08	8.90e-06	7.76e-04	1.15e-02	9.17e-02	2.72e-01	2.62e-01	1.55e-01	1.94e-01	1.22e-02	2.41e-04
 2.59939e+22	2.93e-30	1.36e-23	1.69e-19	1.38e-16	5.01e-14	6.17e-12	2.12e-08	1.02e-05	8.68e-04	1.25e-02	9.70e-02	2.81e-01	2.63e-01	1.51e-01	1.83e-01	1.11e-02	2.13e-04
 2.63868e+22	4.00e-30	1.83e-23	2.22e-19	1.76e-16	6.20e-14	7.40e-12	2.46e-08	1.16e-05	9.67e-04	1.36e-02	1.02e-01	2.89e-01	2.63e-01	1.47e-01	1.73e-01	1.02e-02	1.89e-04
 2.68976e+22	5.94e-30	2.70e-23	3.15e-19	2.40e-16	8.14e-14	9.32e-12	2.97e-08	1.36e-05	1.11e-03	1.50e-02	1.09e-01	3.00e-01	2.63e-01	1.42e-01	1.61e-01	9.06e-03	1.61e-04
 2.74263e+22	8.88e-30	4.01e-23	4.51e-19	3.32e-16	1.08e-13	1.18e-11	3.61e-08	1.61e-05	1.27e-03	1.67e-02	1.17e-01	3.10e-01	2.63e-01	1.36e-01	1.49e-01	8.02e-03	1.37e-04
 2.78415e+22	1.20e-29	5.43e-23	5.94e-19	4.24e-16	1.34e-13	1.42e-11	4.18e-08	1.84e-05	1.41e-03	1.80e-02	1.23e-01	3.18e-01	2.62e-01	1.31e-01	1.40e-01	7.29e-03	1.20e-04
 2.82443e+22	1.59e-29	7.19e-23	7.67e-19	5.33e-16	1.63e-13	1.68e-11	4.80e-08	2.07e-05	1.56e-03	1.93e-02	1.28e-01	3.25e-01	2.60e-01	1.27e-01	1.32e-01	6.67e-03	1.07e-04
 2.87680e+22	2.27e-29	1.03e-22	1.06e-18	7.11e-16	2.10e-13	2.08e-11	5.72e-08	2.40e-05	1.76e-03	2.11e-02	1.36e-01	3.33e-01	2.58e-01	1.22e-01	1.22e-01	5.95e-03	9.15e-05
 2.93224e+22	3.27e-29	1.49e-22	1.49e-18	9.63e-16	2.74e-13	2.61e-11	6.87e-08	2.81e-05	2.00e-03	2.31e-02	1.43e-01	3.41e-01	2.56e-01	1.17e-01	1.13e-01	5.26e-03	7.77e-05
 2.97999e+22	4.43e-29	2.03e-22	1.97e-18	1.24e-15	3.42e-13	3.15e-11	8.02e-08	3.20e-05	2.22e-03	2.49e-02	1.50e-01	3.48e-01	2.53e-01	1.12e-01	1.05e-01	4.74e-03	6.77e-05
 3.03036e+22	6.01e-29	2.78e-22	2.62e-18	1.60e-15	4.27e-13	3.81e-11	9.36e-08	3.64e-05	2.46e-03	2.69e-02	1.57e-01	3.54e-01	2.50e-01	1.07e-01	9.78e-02	4.27e-03	5.89e-05
 3.09586e+22	8.84e-29	4.14e-22	3.77e-18	2.22e-15	5.67e-13	4.86e-11	1.14e-07	4.30e-05	2.81e-03	2.95e-02	1.66e-01	3.62e-01	2.46e-01	1.02e-01	8.91e-02	3.72e-03	4.91e-05
 3.16425e+22	1.30e-28	6.26e-22	5.48e-18	3.10e-15	7.60e-13	6.24e-11	1.40e-07	5.10e-05	3.21e-03	3.24e-02	1.75e-01	3.69e-01	2.41e-01	9.56e-02	8.07e-02	3.22e-03	4.06e-05
 3.22221e+22	1.78e-28	8.77e-22	7.45e-18	4.08e-15	9.67e-13	7.65e-11	1.65e-07	5.86e-05	3.58e-03	3.50e-02	1.83e-01	3.74e-01	2.36e-01	9.09e-02	7.43e-02	2.86e-03	3.47e-05
 3.27369e+22	2.33e-28	1.17e-21	9.69e-18	5.17e-15	1.19e-12	9.13e-11	1.91e-07	6.60e-05	3.93e-03	3.73e-02	1.90e-01	3.78e-01	2.32e-01	8.69e-02	6.92e-02	2.57e-03	3.03e-05
 3.33097e+22	3.14e-28	1.61e-21	1.29e-17	6.69e-15	1.49e-12	1.11e-10	2.23e-07	7.51e-05	4.35e-03	4.00e-02	1.97e-01	3.82e-01	2.27e-01	8.25e-02	6.38e-02	2.29e-03	2.61e-05
 3.40544e+22	4.48e-28	2.37e-21	1.84e-17	9.17e-15	1.96e-12	1.40e-10	2.70e-07	8.80e-05	4.91e-03	4.35e-02	2.06e-01	3.87e-01	2.21e-01	7.74e-02	5.78e-02	1.99e-03	2.17e-05
 3.48357e+22	6.50e-28	3.58e-21	2.68e-17	1.28e-14	2.63e-12	1.80e-10	3.31e-07	1.04e-04	5.59e-03	4.75e-02	2.16e-01	3.90e-01	2.14e-01	7.21e-02	5.18e-02	1.70e-03	1.77e-05
 3.54665e+22	8.64e-28	4.95e-21	3.59e-17	1.67e-14	3.31e-12	2.19e-10	3.88e-07	1.19e-04	6.18e-03	5.09e-02	2.24e-01	3.93e-01	2.09e-01	6.81e-02	4.75e-02	1.51e-03	1.51e-05
 3.60059e+22	1.10e-27	6.47e-21	4.58e-17	2.08e-14	4.01e-12	2.57e-10	4.42e-07	1.32e-04	6.71e-03	5.37e-02	2.30e-01	3.94e-01	2.04e-01	6.49e-02	4.42e-02	1.36e-03	1.32e-05
 3.66245e+22	1.43e-27	8.70e-21	5.99e-17	2.64e-14	4.95e-12	3.08e-10	5.12e-07	1.49e-04	7.35e-03	5.71e-02	2.38e-01	3.96e-01	1.99e-01	6.14e-02	4.07e-02	1.21e-03	1.14e-05
 3.74288e+22	1.98e-27	1.26e-20	8.38e-17	3.57e-14	6.43e-12	3.85e-10	6.14e-07	1.72e-04	8.22e-03	6.14e-02	2.46e-01	3.97e-01	1.92e-01	5.72e-02	3.67e-02	1.05e-03	9.48e-06
 3.82799e+22	2.78e-27	1.87e-20	1.20e-16	4.93e-14	8.53e-12	4.90e-10	7.46e-07	2.02e-04	9.25e-03	6.64e-02	2.56e-01	3.97e-01	1.85e-01	5.30e-02	3.28e-02	8.94e-04	7.73e-06
 3.89988e+22	3.66e-27	2.59e-20	1.61e-16	6.43e-14	1.08e-11	5.97e-10	8.75e-07	2.30e-04	1.02e-02	7.07e-02	2.63e-01	3.97e-01	1.79e-01	4.96e-02	2.98e-02	7.84e-04	6.53e-06
 3.97402e+22	4.82e-27	3.55e-20	2.15e-16	8.31e-14	1.35e-11	7.23e-10	1.02e-06	2.60e-04	1.12e-02	7.51e-02	2.71e-01	3.96e-01	1.72e-01	4.65e-02	2.72e-02	6.89e-04	5.53e-06
 4.07041e+22	6.76e-27	5.28e-20	3.08e-16	1.15e-13	1.78e-11	9.18e-10	1.24e-06	3.04e-04	1.26e-02	8.08e-02	2.80e-01	3.94e-01	1.65e-01	4.28e-02	2.41e-02	5.85e-04	4.49e-06
 4.17037e+22	9.58e-27	8.03e-20	4.52e-16	1.62e-13	2.41e-11	1.18e-09	1.52e-06	3.58e-04	1.42e-02	8.72e-02	2.89e-01	3.92e-01	1.57e-01	3.91e-02	2.12e-02	4.90e-04	3.58e-06
 4.25196e+22	1.25e-26	1.11e-19	6.09e-16	2.11e-13	3.04e-11	1.44e-09	1.79e-06	4.07e-04	1.56e-02	9.25e-02	2.96e-01	3.89e-01	1.51e-01	3.63e-02	1.92e-02	4.26e-04	3.00e-06
 4.33500e+22	1.64e-26	1.53e-19	8.14e-16	2.74e-13	3.81e-11	1.75e-09	2.09e-06	4.61e-04	1.70e-02	9.78e-02	3.03e-01	3.86e-01	1.44e-01	3.38e-02	1.73e-02	3.71e-04	2.52e-06
 4.44295e+22	2.28e-26	2.28e-19	1.17e-15	3.78e-13	5.05e-11	2.23e-09	2.53e-06	5.37e-04	1.90e-02	1.05e-01	3.11e-01	3.82e-01	1.37e-01	3.08e-02	1.53e-02	3.12e-04	2.03e-06
 4.54938e+22	3.15e-26	3.41e-19	1.69e-15	5.26e-13	6.74e-11	2.85e-09	3.08e-06	6.28e-04	2.13e-02	1.12e-01	3.18e-01	3.76e-01	1.29e-01	2.80e-02	1.34e-02	2.60e-04	1.61e-06
 4.62781e+22	3.93e-26	4.52e-19	2.18e-15	6.62e-13	8.24e-11	3.38e-09	3.53e-06	6.99e-04	2.30e-02	1.17e-01	3.24e-01	3.72e-01	1.24e-01	2.62e-02	1.22e-02	2.30e-04	1.37e-06
 4.70374e+22	4.87e-26	5.88e-19	2.77e-15	8.20e-13	9.94e-11	3.97e-09	4.02e-06	7.73e-04	2.47e-02	1.22e-01	3.28e-01	3.68e-01	1.20e-01	2.45e-02	1.12e-02	2.04e-04	1.18e-06
 4.80246e+22	6.38e-26	8.18e-19	3.74e-15	1.07e-12	1.26e-10	4.85e-09	4.72e-06	8.77e-04	2.71e-02	1.29e-01	3.34e-01	3.63e-01	1.14e-01	2.26e-02	9.98e-03	1.75e-04	9.76e-07
 4.91010e+22	8.50e-26	1.18e-18	5.21e-15	1.45e-12	1.63e-10	6.05e-09	5.63e-06	1.01e-03	2.98e-02	1.36e-01	3.39e-01	3.56e-01	1.07e-01	2.06e-02	8.80e-03	1.48e-04	7.88e-07
 5.00599e+22	1.09e-25	1.61e-18	6.94e-15	1.88e-12	2.05e-10	7.34e-09	6.57e-06	1.14e-03	3.25e-02	1.43e-01	3.44e-01	3.50e-01	1.02e-01	1.90e-02	7.88e-03	1.27e-04	6.53e-07
 5.10728e+22	1.39e-25	2.20e-18	9.21e-15	2.42e-12	2.55e-10	8.87e-09	7.64e-06	1.28e-03	3.52e-02	1.50e-01	3.48e-01	3.44e-01	9.67e-02	1.75e-02	7.06e-03	1.10e-04	5.43e-07
 5.23896e+22	1.90e-25	3.26e-18	1.32e-14	3.35e-12	3.40e-10	1.13e-08	9.27e-06	1.49e-03	3.91e-02	1.59e-01	3.53e-01	3.35e-01	9.03e-02	1.57e-02	6.12e-03	9.06e-05	4.27e-07
 5.37272e+22	2.59e-25	4.90e-18	1.92e-14	4.68e-12	4.56e-10	1.45e-08	1.13e-05	1.73e-03	4.35e-02	1.68e-01	3.57e-01	3.26e-01	8.39e-02	1.40e-02	5.27e-03	7.42e-05	3.32e-07
 5.47863e+22	3.26e-25	6.68e-18	2.55e-14	6.06e-12	5.71e-10	1.76e-08	1.32e-05	1.95e-03	4.71e-02	1.76e-01	3.60e-01	3.19e-01	7.92e-02	1.28e-02	4.69e-03	6.35e-05	2.73e-07
 5.58575e+22	4.08e-25	8.98e-18	3.34e-14	7.73e-12	7.07e-10	2.12e-08	1.52e-05	2.18e-03	5.08e-02	1.83e-01	3.62e-01	3.11e-01	7.49e-02	1.18e-02	4.19e-03	5.47e-05	2.27e-07
 5.72501e+22	5.42e-25	1.30e-17	4.69e-14	1.05e-11	9.25e-10	2.66e-08	1.83e-05	2.51e-03	5.57e-02	1.92e-01	3.64e-01	3.02e-01	6.96e-02	1.06e-02	3.64e-03	4.52e-05	1.79e-07
 5.87550e+22	7.29e-25	1.94e-17	6.78e-14	1.47e-11	1.24e-09	3.43e-08	2.23e-05	2.92e-03	6.17e-02	2.02e-01	3.66e-01	2.91e-01	6.41e-02	9.36e-03	3.10e-03	3.66e-05	1.38e-07
 6.00704e+22	9.34e-25	2.74e-17	9.33e-14	1.96e-11	1.60e-09	4.27e-08	2.65e-05	3.34e-03	6.72e-02	2.10e-01	3.67e-01	2.82e-01	5.96e-02	8.41e-03	2.70e-03	3.04e-05	0.00e+00
 6.12574e+22	1.15e-24	3.67e-17	1.22e-13	2.50e-11	1.98e-09	5.13e-08	3.07e-05	3.73e-03	7.22e-02	2.18e-01	3.67e-01	2.73e-01	5.59e-02	7.67e-03	2.40e-03	2.60e-05	0.00e+00
 6.26129e+22	1.44e-24	5.04e-17	1.64e-13	3.27e-11	2.51e-09	6.29e-08	3.60e-05	4.21e-03	7.81e-02	2.26e-01	3.66e-01	2.64e-01	5.21e-02	6.92e-03	2.10e-03	2.18e-05	0.00e+00
 6.43751e+22	1.90e-24	7.46e-17	2.36e-13	4.56e-11	3.36e-09	8.09e-08	4.39e-05	4.89e-03	8.59e-02	2.36e-01	3.65e-01	2.53e-01	4.75e-02	6.08e-03	1.78e-03	1.75e-05	0.00e+00
 6.62338e+22	2.52e-24	1.14e-16	3.50e-13	6.55e-11	4.63e-09	1.07e-07	5.46e-05	5.77e-03	9.53e-02	2.47e-01	3.62e-01	2.40e-01	4.28e-02	5.25e-03	1.47e-03	1.37e-05	0.00e+00
 6.76931e+22	3.11e-24	1.59e-16	4.75e-13	8.67e-11	5.94e-09	1.32e-07	6.46e-05	6.55e-03	1.03e-01	2.56e-01	3.59e-01	2.30e-01	3.94e-02	4.68e-03	1.27e-03	1.13e-05	0.00e+00
 6.88442e+22	3.62e-24	2.01e-16	5.93e-13	1.06e-10	7.11e-09	1.55e-07	7.30e-05	7.18e-03	1.09e-01	2.62e-01	3.57e-01	2.23e-01	3.71e-02	4.30e-03	1.14e-03	9.82e-06	0.00e+00
 7.01195e+22	4.27e-24	2.59e-16	7.52e-13	1.32e-10	8.64e-09	1.83e-07	8.34e-05	7.93e-03	1.16e-01	2.68e-01	3.54e-01	2.15e-01	3.46e-02	3.91e-03	1.01e-03	8.42e-06	0.00e+00
 7.17774e+22	5.21e-24	3.53e-16	1.00e-12	1.73e-10	1.09e-08	2.26e-07	9.80e-05	8.94e-03	1.25e-01	2.76e-01	3.50e-01	2.05e-01	3.18e-02	3.48e-03	8.77e-04	6.95e-06	0.00e+00
 7.39327e+22	6.61e-24	5.20e-16	1.45e-12	2.42e-10	1.48e-08	2.93e-07	1.20e-04	1.04e-02	1.36e-01	2.85e-01	3.43e-01	1.93e-01	2.85e-02	3.00e-03	7.26e-04	5.44e-06	0.00e+00
 7.61130e+22	8.28e-24	7.78e-16	2.11e-12	3.44e-10	2.02e-08	3.86e-07	1.49e-04	1.22e-02	1.49e-01	2.94e-01	3.36e-01	1.80e-01	2.52e-02	2.55e-03	5.93e-04	4.18e-06	0.00e+00
 7.77702e+22	9.75e-24	1.05e-15	2.80e-12	4.47e-10	2.55e-08	4.74e-07	1.75e-04	1.37e-02	1.60e-01	3.01e-01	3.29e-01	1.71e-01	2.30e-02	2.25e-03	5.08e-04	3.43e-06	0.00e+00
 7.93689e+22	1.12e-23	1.34e-15	3.56e-12	5.60e-10	3.13e-08	5.67e-07	2.01e-04	1.52e-02	1.69e-01	3.06e-01	3.23e-01	1.62e-01	2.12e-02	2.02e-03	4.44e-04	2.88e-06	0.00e+00
 8.14473e+22	1.33e-23	1.83e-15	4.77e-12	7.35e-10	3.99e-08	7.02e-07	2.37e-04	1.71e-02	1.81e-01	3.12e-01	3.15e-01	1.53e-01	1.91e-02	1.76e-03	3.76e-04	2.33e-06	0.00e+00
 8.37501e+22	1.58e-23	2.59e-15	6.63e-12	1.00e-09	5.27e-08	8.99e-07	2.87e-04	1.97e-02	1.95e-01	3.18e-01	3.06e-01	1.42e-01	1.69e-02	1.51e-03	3.09e-04	1.81e-06	0.00e+00
 8.58242e+22	1.83e-23	3.50e-15	8.86e-12	1.32e-09	6.74e-08	1.12e-06	3.39e-04	2.22e-02	2.09e-01	3.23e-01	2.97e-01	1.32e-01	1.51e-02	1.30e-03	2.59e-04	1.45e-06	0.00e+00
 8.76843e+22	2.06e-23	4.50e-15	1.13e-11	1.66e-09	8.30e-08	1.35e-06	3.91e-04	2.46e-02	2.20e-01	3.27e-01	2.88e-01	1.25e-01	1.37e-02	1.15e-03	2.23e-04	1.19e-06	0.00e+00
 8.97869e+22	2.34e-23	5.81e-15	1.44e-11	2.09e-09	1.02e-07	1.62e-06	4.50e-04	2.72e-02	2.32e-01	3.30e-01	2.80e-01	1.17e-01	1.24e-02	1.01e-03	1.91e-04	9.79e-07	0.00e+00
 9.25204e+22	2.73e-23	7.96e-15	1.95e-11	2.78e-09	1.32e-07	2.04e-06	5.37e-04	3.09e-02	2.47e-01	3.33e-01	2.69e-01	1.08e-01	1.09e-02	8.60e-04	1.56e-04	7.62e-07	0.00e+00
 9.54742e+22	3.17e-23	1.12e-14	2.73e-11	3.82e-09	1.76e-07	2.63e-06	6.53e-04	3.55e-02	2.65e-01	3.35e-01	2.56e-01	9.77e-02	9.43e-03	7.13e-04	1.25e-04	5.72e-07	0.00e+00
 9.80322e+22	3.61e-23	1.49e-14	3.61e-11	5.00e-09	2.24e-07	3.28e-06	7.72e-04	3.99e-02	2.80e-01	3.36e-01	2.44e-01	8.96e-02	8.28e-03	6.05e-04	1.02e-04	4.46e-07	0.00e+00
 1.00308e+23	4.01e-23	1.88e-14	4.52e-11	6.17e-09	2.71e-07	3.88e-06	8.77e-04	4.36e-02	2.92e-01	3.36e-01	2.35e-01	8.35e-02	7.45e-03	5.30e-04	8.75e-05	3.66e-07	0.00e+00
 1.02900e+23	4.47e-23	2.38e-14	5.68e-11	7.68e-09	3.31e-07	4.64e-06	1.00e-03	4.78e-02	3.05e-01	3.36e-01	2.25e-01	7.73e-02	6.65e-03	4.60e-04	7.40e-05	2.97e-07	0.00e+00
 1.06270e+23	5.09e-23	3.16e-14	7.50e-11	1.00e-08	4.21e-07	5.76e-06	1.18e-03	5.35e-02	3.21e-01	3.35e-01	2.13e-01	7.01e-02	5.77e-03	3.86e-04	6.00e-05	2.28e-07	0.00e+00
 1.09662e+23	5.82e-23	4.28e-14	1.01e-10	1.33e-08	5.45e-07	7.28e-06	1.41e-03	6.02e-02	3.38e-01	3.32e-01	2.00e-01	6.28e-02	4.93e-03	3.17e-04	4.76e-05	1.71e-07	0.00e+00
 1.12216e+23	6.42e-23	5.31e-14	1.25e-10	1.63e-08	6.54e-07	8.57e-06	1.59e-03	6.54e-02	3.50e-01	3.29e-01	1.91e-01	5.80e-02	4.39e-03	2.75e-04	4.03e-05	1.39e-07	0.00e+00
 1.14666e+23	6.96e-23	6.33e-14	1.49e-10	1.93e-08	7.62e-07	9.86e-06	1.76e-03	7.00e-02	3.60e-01	3.27e-01	1.83e-01	5.41e-02	3.98e-03	2.44e-04	3.49e-05	0.00e+00	0.00e+00
 1.17852e+23	7.68e-23	7.82e-14	1.83e-10	2.36e-08	9.12e-07	1.16e-05	1.99e-03	7.59e-02	3.71e-01	3.23e-01	1.74e-01	4.97e-02	3.53e-03	2.11e-04	2.94e-05	0.00e+00	0.00e+00
 1.21993e+23	8.60e-23	1.01e-13	2.35e-10	3.00e-08	1.13e-06	1.41e-05	2.30e-03	8.34e-02	3.85e-01	3.18e-01	1.63e-01	4.47e-02	3.04e-03	1.76e-04	2.38e-05	0.00e+00	0.00e+00
 1.26387e+23	9.81e-23	1.33e-13	3.11e-10	3.93e-08	1.45e-06	1.76e-05	2.71e-03	9.27e-02	4.00e-01	3.12e-01	1.51e-01	3.94e-02	2.56e-03	1.43e-04	1.87e-05	0.00e+00	0.00e+00
 1.29986e+23	1.09e-22	1.67e-13	3.88e-10	4.85e-08	1.75e-06	2.09e-05	3.07e-03	1.00e-01	4.11e-01	3.06e-01	1.42e-01	3.57e-02	2.23e-03	1.21e-04	1.54e-05	0.00e+00	0.00e+00
 1.33049e+23	1.18e-22	1.97e-13	4.57e-10	5.68e-08	2.02e-06	2.38e-05	3.37e-03	1.07e-01	4.19e-01	3.01e-01	1.35e-01	3.30e-02	2.01e-03	1.06e-04	1.32e-05	0.00e+00	0.00e+00
 1.36535e+23	1.27e-22	2.32e-13	5.41e-10	6.67e-08	2.34e-06	2.72e-05	3.71e-03	1.13e-01	4.27e-01	2.96e-01	1.28e-01	3.04e-02	1.79e-03	9.27e-05	1.13e-05	0.00e+00	0.00e+00
 1.41068e+23	1.38e-22	2.82e-13	6.55e-10	8.03e-08	2.76e-06	3.16e-05	4.14e-03	1.21e-01	4.35e-01	2.89e-01	1.21e-01	2.76e-02	1.57e-03	7.93e-05	9.47e-06	0.00e+00	0.00e+00
 1.46564e+23	1.53e-22	3.53e-13	8.23e-10	9.99e-08	3.36e-06	3.78e-05	4.72e-03	1.31e-01	4.45e-01	2.81e-01	1.12e-01	2.45e-02	1.34e-03	6.56e-05	7.61e-06	0.00e+00	0.00e+00
 1.52194e+23	1.70e-22	4.47e-13	1.04e-09	1.25e-07	4.12e-06	4.55e-05	5.38e-03	1.42e-01	4.54e-01	2.73e-01	1.03e-01	2.17e-02	1.14e-03	5.37e-05	6.04e-06	0.00e+00	0.00e+00
