#depth	Mg	Mg+	Mg+2	Mg+3	Mg+4	Mg+5	Mg+6	Mg+7	Mg+8	Mg+9	Mg+10	Mg+11	Mg+12
 6.17135e+19	0.00e+00	0.00e+00	0.00e+00	0.00e+00	1.84e-29	2.53e-24	8.43e-20	9.47e-16	5.40e-12	1.66e-08	1.06e-04	2.00e-02	9.80e-01
 1.87609e+20	0.00e+00	0.00e+00	0.00e+00	0.00e+00	3.91e-29	4.89e-24	1.48e-19	1.51e-15	7.77e-12	2.17e-08	1.27e-04	2.19e-02	9.78e-01
 3.18540e+20	0.00e+00	0.00e+00	0.00e+00	0.00e+00	8.43e-29	9.53e-24	2.61e-19	2.41e-15	1.12e-11	2.85e-08	1.52e-04	2.40e-02	9.76e-01
 4.54709e+20	0.00e+00	0.00e+00	0.00e+00	0.00e+00	1.84e-28	1.88e-23	4.65e-19	3.89e-15	1.64e-11	3.75e-08	1.83e-04	2.63e-02	9.73e-01
 5.48444e+20	0.00e+00	0.00e+00	0.00e+00	0.00e+00	3.12e-28	2.97e-23	6.88e-19	5.37e-15	2.11e-11	4.52e-08	2.08e-04	2.80e-02	9.72e-01
 5.86615e+20	0.00e+00	0.00e+00	0.00e+00	0.00e+00	3.91e-28	3.61e-23	8.12e-19	6.16e-15	2.35e-11	4.89e-08	2.19e-04	2.88e-02	9.71e-01
 6.18482e+20	0.00e+00	0.00e+00	0.00e+00	0.00e+00	4.60e-28	4.17e-23	9.17e-19	6.82e-15	2.54e-11	5.19e-08	2.28e-04	2.93e-02	9.70e-01
 6.59909e+20	0.00e+00	0.00e+00	0.00e+00	0.00e+00	5.78e-28	5.08e-23	1.09e-18	7.84e-15	2.84e-11	5.62e-08	2.40e-04	3.01e-02	9.70e-01
 7.13764e+20	0.00e+00	0.00e+00	0.00e+00	0.00e+00	7.75e-28	6.55e-23	1.35e-18	9.38e-15	3.26e-11	6.24e-08	2.58e-04	3.12e-02	9.69e-01
 7.83775e+20	0.00e+00	0.00e+00	0.00e+00	0.00e+00	1.13e-27	9.10e-23	1.79e-18	1.18e-14	3.91e-11	7.12e-08	2.82e-04	3.26e-02	9.67e-01
 8.56032e+20	0.00e+00	0.00e+00	0.00e+00	0.00e+00	1.66e-27	1.27e-22	2.38e-18	1.50e-14	4.71e-11	8.17e-08	3.08e-04	3.41e-02	9.66e-01
 9.11646e+20	0.00e+00	0.00e+00	0.00e+00	0.00e+00	2.24e-27	1.65e-22	2.96e-18	1.80e-14	5.44e-11	9.07e-08	3.31e-04	3.53e-02	9.64e-01
 9.56469e+20	0.00e+00	0.00e+00	0.00e+00	0.00e+00	2.83e-27	2.02e-22	3.53e-18	2.08e-14	6.08e-11	9.85e-08	3.50e-04	3.63e-02	9.63e-01
 1.00683e+21	0.00e+00	0.00e+00	0.00e+00	0.00e+00	3.68e-27	2.54e-22	4.28e-18	2.44e-14	6.90e-11	1.08e-07	3.72e-04	3.74e-02	9.62e-01
 1.07229e+21	0.00e+00	0.00e+00	0.00e+00	0.00e+00	5.16e-27	3.41e-22	5.51e-18	3.00e-14	8.13e-11	1.22e-07	4.03e-04	3.89e-02	9.61e-01
 1.14077e+21	0.00e+00	0.00e+00	0.00e+00	0.00e+00	7.34e-27	4.62e-22	7.15e-18	3.73e-14	9.62e-11	1.38e-07	4.37e-04	4.05e-02	9.59e-01
 1.19834e+21	0.00e+00	0.00e+00	0.00e+00	3.05e-32	9.84e-27	5.97e-22	8.89e-18	4.47e-14	1.11e-10	1.53e-07	4.69e-04	4.19e-02	9.58e-01
 1.25834e+21	0.00e+00	0.00e+00	0.00e+00	4.26e-32	1.32e-26	7.71e-22	1.11e-17	5.36e-14	1.28e-10	1.70e-07	5.02e-04	4.33e-02	9.56e-01
 1.32479e+21	0.00e+00	0.00e+00	0.00e+00	6.27e-32	1.86e-26	1.04e-21	1.42e-17	6.60e-14	1.50e-10	1.91e-07	5.44e-04	4.50e-02	9.54e-01
 1.38443e+21	0.00e+00	0.00e+00	0.00e+00	8.78e-32	2.50e-26	1.34e-21	1.77e-17	7.92e-14	1.74e-10	2.13e-07	5.83e-04	4.66e-02	9.53e-01
 1.43810e+21	0.00e+00	0.00e+00	0.00e+00	1.19e-31	3.26e-26	1.69e-21	2.16e-17	9.34e-14	1.97e-10	2.34e-07	6.21e-04	4.80e-02	9.51e-01
 1.49918e+21	0.00e+00	0.00e+00	0.00e+00	1.66e-31	4.38e-26	2.18e-21	2.69e-17	1.12e-13	2.28e-10	2.59e-07	6.65e-04	4.96e-02	9.50e-01
 1.57859e+21	0.00e+00	0.00e+00	0.00e+00	2.56e-31	6.42e-26	3.05e-21	3.58e-17	1.42e-13	2.74e-10	2.97e-07	7.27e-04	5.19e-02	9.47e-01
 1.65777e+21	0.00e+00	0.00e+00	0.00e+00	3.94e-31	9.38e-26	4.24e-21	4.75e-17	1.79e-13	3.29e-10	3.40e-07	7.95e-04	5.41e-02	9.45e-01
 1.71686e+21	0.00e+00	0.00e+00	0.00e+00	5.42e-31	1.24e-25	5.41e-21	5.85e-17	2.13e-13	3.77e-10	3.75e-07	8.49e-04	5.59e-02	9.43e-01
 1.77389e+21	0.00e+00	0.00e+00	0.00e+00	7.35e-31	1.62e-25	6.83e-21	7.14e-17	2.51e-13	4.29e-10	4.13e-07	9.03e-04	5.76e-02	9.42e-01
 1.84803e+21	0.00e+00	0.00e+00	0.00e+00	1.09e-30	2.29e-25	9.21e-21	9.23e-17	3.11e-13	5.06e-10	4.67e-07	9.79e-04	5.99e-02	9.39e-01
 1.92504e+21	0.00e+00	0.00e+00	0.00e+00	1.62e-30	3.27e-25	1.25e-20	1.20e-16	3.88e-13	6.01e-10	5.29e-07	1.06e-03	6.23e-02	9.37e-01
 1.98899e+21	0.00e+00	0.00e+00	0.00e+00	2.26e-30	4.37e-25	1.62e-20	1.49e-16	4.64e-13	6.93e-10	5.87e-07	1.14e-03	6.44e-02	9.34e-01
 2.05532e+21	0.00e+00	0.00e+00	0.00e+00	3.18e-30	5.90e-25	2.10e-20	1.87e-16	5.59e-13	8.01e-10	6.53e-07	1.22e-03	6.66e-02	9.32e-01
 2.12807e+21	0.00e+00	0.00e+00	0.00e+00	4.59e-30	8.16e-25	2.78e-20	2.38e-16	6.84e-13	9.38e-10	7.34e-07	1.32e-03	6.90e-02	9.30e-01
 2.19391e+21	0.00e+00	0.00e+00	0.00e+00	6.39e-30	1.09e-24	3.59e-20	2.96e-16	8.19e-13	1.08e-09	8.14e-07	1.41e-03	7.13e-02	9.27e-01
 2.25472e+21	0.00e+00	0.00e+00	0.00e+00	8.64e-30	1.43e-24	4.52e-20	3.61e-16	9.66e-13	1.23e-09	8.95e-07	1.50e-03	7.34e-02	9.25e-01
 2.32425e+21	0.00e+00	0.00e+00	0.00e+00	1.22e-29	1.92e-24	5.87e-20	4.51e-16	1.16e-12	1.42e-09	9.97e-07	1.61e-03	7.59e-02	9.22e-01
 2.40189e+21	0.00e+00	0.00e+00	0.00e+00	1.77e-29	2.68e-24	7.84e-20	5.78e-16	1.43e-12	1.67e-09	1.12e-06	1.74e-03	7.88e-02	9.19e-01
 2.47412e+21	0.00e+00	0.00e+00	0.00e+00	2.50e-29	3.64e-24	1.02e-19	7.27e-16	1.73e-12	1.94e-09	1.25e-06	1.86e-03	8.15e-02	9.17e-01
 2.54135e+21	0.00e+00	0.00e+00	0.00e+00	3.44e-29	4.82e-24	1.30e-19	8.96e-16	2.06e-12	2.22e-09	1.38e-06	1.99e-03	8.40e-02	9.14e-01
 2.61800e+21	0.00e+00	0.00e+00	0.00e+00	4.92e-29	6.60e-24	1.72e-19	1.13e-15	2.51e-12	2.59e-09	1.55e-06	2.14e-03	8.70e-02	9.11e-01
 2.70110e+21	0.00e+00	0.00e+00	0.00e+00	7.21e-29	9.24e-24	2.30e-19	1.46e-15	3.09e-12	3.06e-09	1.75e-06	2.32e-03	9.03e-02	9.07e-01
 2.77537e+21	0.00e+00	0.00e+00	0.00e+00	1.01e-28	1.24e-23	2.98e-19	1.82e-15	3.72e-12	3.53e-09	1.95e-06	2.48e-03	9.33e-02	9.04e-01
 2.84283e+21	0.00e+00	0.00e+00	0.00e+00	1.36e-28	1.62e-23	3.76e-19	2.22e-15	4.40e-12	4.03e-09	2.14e-06	2.64e-03	9.60e-02	9.01e-01
 2.91866e+21	0.00e+00	0.00e+00	0.00e+00	1.90e-28	2.17e-23	4.85e-19	2.77e-15	5.28e-12	4.65e-09	2.38e-06	2.83e-03	9.91e-02	8.98e-01
 3.00376e+21	0.00e+00	0.00e+00	0.00e+00	2.75e-28	3.01e-23	6.44e-19	3.54e-15	6.47e-12	5.45e-09	2.67e-06	3.05e-03	1.03e-01	8.94e-01
 3.08370e+21	0.00e+00	0.00e+00	0.00e+00	3.87e-28	4.06e-23	8.37e-19	4.43e-15	7.81e-12	6.31e-09	2.98e-06	3.27e-03	1.06e-01	8.91e-01
 3.15857e+21	0.00e+00	0.00e+00	0.00e+00	5.29e-28	5.36e-23	1.06e-18	5.45e-15	9.29e-12	7.23e-09	3.29e-06	3.49e-03	1.09e-01	8.87e-01
 3.24405e+21	0.00e+00	0.00e+00	0.00e+00	7.51e-28	7.30e-23	1.39e-18	6.88e-15	1.13e-11	8.42e-09	3.68e-06	3.75e-03	1.13e-01	8.83e-01
 3.33588e+21	0.00e+00	0.00e+00	0.00e+00	1.09e-27	1.01e-22	1.86e-18	8.79e-15	1.38e-11	9.88e-09	4.14e-06	4.04e-03	1.17e-01	8.79e-01
 3.41660e+21	0.00e+00	0.00e+00	0.00e+00	1.50e-27	1.34e-22	2.37e-18	1.09e-14	1.65e-11	1.14e-08	4.58e-06	4.31e-03	1.21e-01	8.75e-01
 3.50222e+21	0.00e+00	0.00e+00	0.00e+00	2.09e-27	1.80e-22	3.06e-18	1.35e-14	1.99e-11	1.31e-08	5.09e-06	4.62e-03	1.25e-01	8.71e-01
 3.59845e+21	0.00e+00	0.00e+00	0.00e+00	3.01e-27	2.49e-22	4.06e-18	1.73e-14	2.44e-11	1.54e-08	5.73e-06	4.98e-03	1.29e-01	8.66e-01
 3.68922e+21	0.00e+00	0.00e+00	0.00e+00	4.23e-27	3.35e-22	5.27e-18	2.16e-14	2.94e-11	1.78e-08	6.38e-06	5.34e-03	1.33e-01	8.62e-01
 3.77469e+21	0.00e+00	0.00e+00	0.00e+00	5.78e-27	4.42e-22	6.71e-18	2.66e-14	3.50e-11	2.04e-08	7.05e-06	5.69e-03	1.37e-01	8.57e-01
 3.87258e+21	0.00e+00	0.00e+00	0.00e+00	8.20e-27	6.02e-22	8.79e-18	3.36e-14	4.25e-11	2.38e-08	7.88e-06	6.11e-03	1.42e-01	8.52e-01
 3.98205e+21	0.00e+00	0.00e+00	0.00e+00	1.20e-26	8.45e-22	1.18e-17	4.34e-14	5.26e-11	2.81e-08	8.91e-06	6.61e-03	1.47e-01	8.47e-01
 4.07972e+21	0.00e+00	0.00e+00	4.06e-32	1.68e-26	1.14e-21	1.53e-17	5.42e-14	6.33e-11	3.25e-08	9.91e-06	7.08e-03	1.51e-01	8.42e-01
 4.16431e+21	0.00e+00	0.00e+00	5.58e-32	2.24e-26	1.46e-21	1.90e-17	6.55e-14	7.42e-11	3.68e-08	1.09e-05	7.50e-03	1.55e-01	8.37e-01
 4.25874e+21	0.00e+00	0.00e+00	7.81e-32	3.02e-26	1.90e-21	2.40e-17	8.00e-14	8.77e-11	4.20e-08	1.19e-05	7.97e-03	1.60e-01	8.32e-01
 4.38151e+21	0.00e+00	0.00e+00	1.23e-31	4.53e-26	2.72e-21	3.28e-17	1.05e-13	1.10e-10	5.01e-08	1.36e-05	8.66e-03	1.66e-01	8.26e-01
 4.50589e+21	0.00e+00	0.00e+00	1.90e-31	6.70e-26	3.85e-21	4.45e-17	1.36e-13	1.37e-10	5.94e-08	1.54e-05	9.38e-03	1.72e-01	8.19e-01
 4.60680e+21	0.00e+00	0.00e+00	2.70e-31	9.15e-26	5.08e-21	5.65e-17	1.67e-13	1.63e-10	6.81e-08	1.70e-05	9.99e-03	1.77e-01	8.13e-01
 4.71243e+21	0.00e+00	0.00e+00	3.85e-31	1.26e-25	6.73e-21	7.23e-17	2.07e-13	1.94e-10	7.82e-08	1.88e-05	1.07e-02	1.82e-01	8.08e-01
 4.84974e+21	0.00e+00	0.00e+00	6.04e-31	1.88e-25	9.61e-21	9.87e-17	2.71e-13	2.43e-10	9.33e-08	2.14e-05	1.16e-02	1.88e-01	8.00e-01
 4.99074e+21	0.00e+00	0.00e+00	9.53e-31	2.83e-25	1.38e-20	1.35e-16	3.55e-13	3.05e-10	1.11e-07	2.44e-05	1.26e-02	1.95e-01	7.92e-01
 5.10119e+21	0.00e+00	0.00e+00	1.35e-30	3.87e-25	1.82e-20	1.72e-16	4.37e-13	3.63e-10	1.28e-07	2.69e-05	1.34e-02	2.01e-01	7.86e-01
 5.20941e+21	0.00e+00	0.00e+00	1.88e-30	5.21e-25	2.36e-20	2.17e-16	5.34e-13	4.28e-10	1.45e-07	2.96e-05	1.42e-02	2.06e-01	7.80e-01
 5.35010e+21	0.00e+00	0.00e+00	2.88e-30	7.62e-25	3.31e-20	2.91e-16	6.88e-13	5.29e-10	1.72e-07	3.34e-05	1.53e-02	2.13e-01	7.72e-01
 5.49610e+21	0.00e+00	0.00e+00	4.43e-30	1.12e-24	4.66e-20	3.92e-16	8.90e-13	6.57e-10	2.03e-07	3.77e-05	1.65e-02	2.20e-01	7.64e-01
 5.61797e+21	0.00e+00	0.00e+00	6.31e-30	1.54e-24	6.16e-20	5.00e-16	1.10e-12	7.83e-10	2.33e-07	4.17e-05	1.76e-02	2.26e-01	7.57e-01
 5.74535e+21	0.00e+00	0.00e+00	8.98e-30	2.11e-24	8.15e-20	6.39e-16	1.36e-12	9.33e-10	2.68e-07	4.61e-05	1.88e-02	2.32e-01	7.49e-01
 5.91095e+21	0.00e+00	0.00e+00	1.43e-29	3.21e-24	1.18e-19	8.82e-16	1.79e-12	1.18e-09	3.21e-07	5.26e-05	2.04e-02	2.40e-01	7.40e-01
 6.07820e+21	0.00e+00	0.00e+00	2.26e-29	4.82e-24	1.69e-19	1.21e-15	2.35e-12	1.48e-09	3.83e-07	5.98e-05	2.21e-02	2.48e-01	7.30e-01
 6.21238e+21	0.00e+00	0.00e+00	3.22e-29	6.64e-24	2.24e-19	1.55e-15	2.91e-12	1.77e-09	4.41e-07	6.61e-05	2.35e-02	2.54e-01	7.22e-01
 6.33197e+21	0.00e+00	0.00e+00	4.41e-29	8.79e-24	2.87e-19	1.92e-15	3.51e-12	2.06e-09	4.98e-07	7.22e-05	2.48e-02	2.60e-01	7.15e-01
 6.46778e+21	0.00e+00	0.00e+00	6.24e-29	1.20e-23	3.79e-19	2.44e-15	4.32e-12	2.45e-09	5.70e-07	7.96e-05	2.64e-02	2.67e-01	7.07e-01
 6.64434e+21	0.00e+00	0.00e+00	9.71e-29	1.78e-23	5.38e-19	3.32e-15	5.62e-12	3.06e-09	6.77e-07	9.01e-05	2.85e-02	2.75e-01	6.97e-01
 6.82393e+21	0.00e+00	0.00e+00	1.51e-28	2.65e-23	7.64e-19	4.51e-15	7.33e-12	3.81e-09	8.04e-07	1.02e-04	3.07e-02	2.83e-01	6.86e-01
 6.96856e+21	0.00e+00	0.00e+00	2.15e-28	3.63e-23	1.01e-18	5.74e-15	9.03e-12	4.54e-09	9.21e-07	1.12e-04	3.27e-02	2.90e-01	6.77e-01
 7.11770e+21	0.00e+00	0.00e+00	3.05e-28	4.98e-23	1.33e-18	7.33e-15	1.11e-11	5.41e-09	1.06e-06	1.24e-04	3.47e-02	2.97e-01	6.68e-01
 7.31157e+21	0.00e+00	0.00e+00	4.78e-28	7.44e-23	1.90e-18	1.00e-14	1.46e-11	6.76e-09	1.26e-06	1.41e-04	3.74e-02	3.06e-01	6.57e-01
 7.51183e+21	0.00e+00	0.00e+00	7.56e-28	1.12e-22	2.74e-18	1.37e-14	1.92e-11	8.49e-09	1.50e-06	1.60e-04	4.05e-02	3.15e-01	6.45e-01
 7.67549e+21	0.00e+00	0.00e+00	1.09e-27	1.56e-22	3.66e-18	1.77e-14	2.38e-11	1.02e-08	1.73e-06	1.77e-04	4.30e-02	3.22e-01	6.35e-01
 7.84337e+21	0.00e+00	0.00e+00	1.57e-27	2.16e-22	4.90e-18	2.28e-14	2.97e-11	1.22e-08	1.99e-06	1.95e-04	4.58e-02	3.29e-01	6.25e-01
 8.02051e+21	0.00e+00	0.00e+00	2.31e-27	3.05e-22	6.64e-18	2.98e-14	3.73e-11	1.48e-08	2.31e-06	2.17e-04	4.88e-02	3.37e-01	6.14e-01
 8.17151e+21	0.00e+00	0.00e+00	3.19e-27	4.07e-22	8.57e-18	3.72e-14	4.52e-11	1.74e-08	2.62e-06	2.37e-04	5.15e-02	3.44e-01	6.05e-01
 8.32961e+21	0.00e+00	0.00e+00	4.43e-27	5.47e-22	1.11e-17	4.67e-14	5.51e-11	2.05e-08	2.97e-06	2.60e-04	5.43e-02	3.50e-01	5.95e-01
 8.53513e+21	0.00e+00	0.00e+00	6.75e-27	7.98e-22	1.55e-17	6.26e-14	7.09e-11	2.52e-08	3.50e-06	2.91e-04	5.82e-02	3.59e-01	5.83e-01
 8.74141e+21	0.00e+00	0.00e+00	1.03e-26	1.16e-21	2.17e-17	8.36e-14	9.10e-11	3.11e-08	4.11e-06	3.27e-04	6.23e-02	3.67e-01	5.70e-01
 8.90282e+21	0.00e+00	0.00e+00	1.42e-26	1.55e-21	2.80e-17	1.05e-13	1.10e-10	3.65e-08	4.65e-06	3.56e-04	6.56e-02	3.73e-01	5.61e-01
 9.03680e+21	0.00e+00	0.00e+00	1.84e-26	1.96e-21	3.45e-17	1.25e-13	1.29e-10	4.15e-08	5.14e-06	3.83e-04	6.84e-02	3.78e-01	5.53e-01
 9.18097e+21	0.00e+00	0.00e+00	2.44e-26	2.53e-21	4.31e-17	1.52e-13	1.53e-10	4.78e-08	5.73e-06	4.13e-04	7.16e-02	3.84e-01	5.44e-01
 9.36839e+21	0.00e+00	0.00e+00	3.49e-26	3.48e-21	5.72e-17	1.95e-13	1.89e-10	5.71e-08	6.58e-06	4.55e-04	7.57e-02	3.91e-01	5.33e-01
 9.55953e+21	0.00e+00	3.71e-32	5.01e-26	4.82e-21	7.63e-17	2.51e-13	2.35e-10	6.83e-08	7.56e-06	5.01e-04	8.02e-02	3.98e-01	5.22e-01
 9.71261e+21	0.00e+00	5.09e-32	6.67e-26	6.23e-21	9.59e-17	3.06e-13	2.79e-10	7.88e-08	8.44e-06	5.41e-04	8.39e-02	4.03e-01	5.13e-01
 9.86870e+21	0.00e+00	6.97e-32	8.89e-26	8.06e-21	1.20e-16	3.73e-13	3.31e-10	9.09e-08	9.42e-06	5.84e-04	8.77e-02	4.08e-01	5.03e-01
 1.00347e+22	0.00e+00	9.73e-32	1.20e-25	1.06e-20	1.53e-16	4.61e-13	3.97e-10	1.06e-07	1.06e-05	6.34e-04	9.19e-02	4.14e-01	4.94e-01
 1.01775e+22	0.00e+00	1.29e-31	1.56e-25	1.34e-20	1.88e-16	5.52e-13	4.64e-10	1.20e-07	1.17e-05	6.79e-04	9.56e-02	4.19e-01	4.85e-01
 1.03072e+22	0.00e+00	1.66e-31	1.96e-25	1.64e-20	2.26e-16	6.47e-13	5.32e-10	1.35e-07	1.28e-05	7.22e-04	9.90e-02	4.23e-01	4.78e-01
 1.04561e+22	0.00e+00	2.22e-31	2.55e-25	2.08e-20	2.79e-16	7.77e-13	6.24e-10	1.54e-07	1.41e-05	7.74e-04	1.03e-01	4.27e-01	4.69e-01
 1.06238e+22	0.00e+00	3.07e-31	3.43e-25	2.71e-20	3.52e-16	9.53e-13	7.44e-10	1.78e-07	1.58e-05	8.37e-04	1.08e-01	4.32e-01	4.59e-01
 1.07818e+22	0.00e+00	4.15e-31	4.51e-25	3.46e-20	4.38e-16	1.15e-12	8.77e-10	2.04e-07	1.76e-05	9.00e-04	1.12e-01	4.37e-01	4.50e-01
 1.09284e+22	0.00e+00	5.47e-31	5.80e-25	4.34e-20	5.36e-16	1.37e-12	1.02e-09	2.32e-07	1.94e-05	9.61e-04	1.16e-01	4.41e-01	4.42e-01
 1.10943e+22	0.00e+00	7.38e-31	7.61e-25	5.55e-20	6.65e-16	1.66e-12	1.20e-09	2.65e-07	2.15e-05	1.03e-03	1.21e-01	4.45e-01	4.33e-01
 1.12706e+22	0.00e+00	1.03e-30	1.03e-24	7.31e-20	8.49e-16	2.05e-12	1.45e-09	3.09e-07	2.42e-05	1.12e-03	1.27e-01	4.49e-01	4.23e-01
 1.14174e+22	0.00e+00	1.35e-30	1.32e-24	9.12e-20	1.03e-15	2.44e-12	1.68e-09	3.50e-07	2.66e-05	1.19e-03	1.31e-01	4.53e-01	4.14e-01
 1.15656e+22	0.00e+00	1.76e-30	1.69e-24	1.14e-19	1.26e-15	2.89e-12	1.94e-09	3.95e-07	2.92e-05	1.27e-03	1.36e-01	4.56e-01	4.06e-01
 1.17582e+22	0.00e+00	2.49e-30	2.31e-24	1.51e-19	1.61e-15	3.60e-12	2.35e-09	4.63e-07	3.29e-05	1.38e-03	1.42e-01	4.60e-01	3.96e-01
 1.19524e+22	0.00e+00	3.52e-30	3.17e-24	2.00e-19	2.08e-15	4.49e-12	2.85e-09	5.43e-07	3.72e-05	1.50e-03	1.49e-01	4.64e-01	3.85e-01
 1.21045e+22	0.00e+00	4.60e-30	4.05e-24	2.50e-19	2.53e-15	5.33e-12	3.30e-09	6.14e-07	4.09e-05	1.60e-03	1.54e-01	4.67e-01	3.77e-01
 1.22582e+22	0.00e+00	6.01e-30	5.17e-24	3.12e-19	3.08e-15	6.32e-12	3.83e-09	6.94e-07	4.49e-05	1.70e-03	1.60e-01	4.70e-01	3.69e-01
 1.24580e+22	0.00e+00	8.46e-30	7.08e-24	4.13e-19	3.96e-15	7.88e-12	4.64e-09	8.13e-07	5.07e-05	1.85e-03	1.67e-01	4.73e-01	3.58e-01
 1.26623e+22	0.00e+00	1.20e-29	9.76e-24	5.52e-19	5.13e-15	9.87e-12	5.64e-09	9.57e-07	5.74e-05	2.01e-03	1.74e-01	4.77e-01	3.47e-01
 1.28203e+22	0.00e+00	1.57e-29	1.25e-23	6.90e-19	6.25e-15	1.17e-11	6.55e-09	1.08e-06	6.31e-05	2.14e-03	1.80e-01	4.79e-01	3.39e-01
 1.29534e+22	0.00e+00	1.96e-29	1.53e-23	8.30e-19	7.37e-15	1.36e-11	7.43e-09	1.20e-06	6.83e-05	2.26e-03	1.85e-01	4.80e-01	3.32e-01
 1.31063e+22	0.00e+00	2.53e-29	1.93e-23	1.03e-18	8.89e-15	1.60e-11	8.56e-09	1.35e-06	7.48e-05	2.40e-03	1.91e-01	4.82e-01	3.24e-01
 1.33050e+22	0.00e+00	3.50e-29	2.61e-23	1.34e-18	1.13e-14	1.97e-11	1.03e-08	1.58e-06	8.40e-05	2.59e-03	1.99e-01	4.84e-01	3.14e-01
 1.35060e+22	0.00e+00	4.87e-29	3.53e-23	1.77e-18	1.45e-14	2.45e-11	1.24e-08	1.84e-06	9.45e-05	2.80e-03	2.07e-01	4.86e-01	3.04e-01
 1.36644e+22	0.00e+00	6.32e-29	4.50e-23	2.20e-18	1.76e-14	2.91e-11	1.44e-08	2.09e-06	1.04e-04	2.98e-03	2.14e-01	4.87e-01	2.96e-01
 1.38246e+22	0.00e+00	8.12e-29	5.67e-23	2.72e-18	2.12e-14	3.42e-11	1.66e-08	2.35e-06	1.14e-04	3.16e-03	2.20e-01	4.88e-01	2.89e-01
 1.40329e+22	0.00e+00	1.13e-28	7.67e-23	3.57e-18	2.71e-14	4.24e-11	2.00e-08	2.74e-06	1.28e-04	3.41e-03	2.29e-01	4.89e-01	2.79e-01
 1.42441e+22	0.00e+00	1.57e-28	1.04e-22	4.73e-18	3.49e-14	5.28e-11	2.42e-08	3.21e-06	1.44e-04	3.69e-03	2.38e-01	4.89e-01	2.69e-01
 1.44110e+22	0.00e+00	2.04e-28	1.33e-22	5.92e-18	4.27e-14	6.30e-11	2.83e-08	3.65e-06	1.59e-04	3.94e-03	2.46e-01	4.89e-01	2.61e-01
 1.45796e+22	0.00e+00	2.62e-28	1.68e-22	7.31e-18	5.16e-14	7.44e-11	3.27e-08	4.12e-06	1.75e-04	4.17e-03	2.53e-01	4.89e-01	2.53e-01
 1.47988e+22	0.00e+00	3.64e-28	2.28e-22	9.66e-18	6.62e-14	9.26e-11	3.95e-08	4.83e-06	1.97e-04	4.51e-03	2.63e-01	4.89e-01	2.43e-01
 1.50226e+22	0.00e+00	5.08e-28	3.11e-22	1.28e-17	8.56e-14	1.16e-10	4.81e-08	5.68e-06	2.23e-04	4.89e-03	2.73e-01	4.88e-01	2.34e-01
 1.52016e+22	0.00e+00	6.61e-28	3.98e-22	1.61e-17	1.05e-13	1.38e-10	5.62e-08	6.46e-06	2.46e-04	5.21e-03	2.82e-01	4.87e-01	2.26e-01
 1.53837e+22	0.00e+00	8.57e-28	5.08e-22	2.01e-17	1.28e-13	1.65e-10	6.55e-08	7.34e-06	2.71e-04	5.54e-03	2.90e-01	4.86e-01	2.18e-01
 1.56204e+22	0.00e+00	1.19e-27	6.92e-22	2.67e-17	1.66e-13	2.07e-10	7.97e-08	8.64e-06	3.07e-04	6.00e-03	3.01e-01	4.84e-01	2.09e-01
 1.58623e+22	0.00e+00	1.67e-27	9.51e-22	3.58e-17	2.16e-13	2.61e-10	9.77e-08	1.02e-05	3.49e-04	6.52e-03	3.13e-01	4.81e-01	1.99e-01
 1.60566e+22	0.00e+00	2.18e-27	1.23e-21	4.53e-17	2.68e-13	3.15e-10	1.15e-07	1.17e-05	3.88e-04	6.96e-03	3.22e-01	4.79e-01	1.92e-01
 1.62550e+22	0.00e+00	2.82e-27	1.56e-21	5.67e-17	3.28e-13	3.76e-10	1.34e-07	1.33e-05	4.28e-04	7.41e-03	3.31e-01	4.76e-01	1.85e-01
 1.64767e+22	0.00e+00	3.76e-27	2.05e-21	7.30e-17	4.12e-13	4.60e-10	1.60e-07	1.54e-05	4.78e-04	7.95e-03	3.42e-01	4.73e-01	1.77e-01
 1.66786e+22	0.00e+00	4.85e-27	2.62e-21	9.15e-17	5.06e-13	5.51e-10	1.87e-07	1.76e-05	5.28e-04	8.46e-03	3.51e-01	4.70e-01	1.70e-01
 1.68587e+22	0.00e+00	6.08e-27	3.25e-21	1.12e-16	6.08e-13	6.47e-10	2.15e-07	1.98e-05	5.78e-04	8.95e-03	3.60e-01	4.67e-01	1.63e-01
 1.70608e+22	3.53e-32	7.72e-27	4.08e-21	1.38e-16	7.38e-13	7.66e-10	2.50e-07	2.23e-05	6.34e-04	9.49e-03	3.69e-01	4.64e-01	1.57e-01
 1.73236e+22	5.07e-32	1.05e-26	5.46e-21	1.82e-16	9.46e-13	9.52e-10	3.02e-07	2.61e-05	7.15e-04	1.02e-02	3.81e-01	4.59e-01	1.49e-01
 1.75885e+22	7.27e-32	1.42e-26	7.31e-21	2.38e-16	1.21e-12	1.18e-09	3.65e-07	3.06e-05	8.07e-04	1.10e-02	3.93e-01	4.54e-01	1.41e-01
 1.77968e+22	9.61e-32	1.79e-26	9.16e-21	2.95e-16	1.47e-12	1.40e-09	4.23e-07	3.46e-05	8.87e-04	1.17e-02	4.03e-01	4.49e-01	1.36e-01
 1.80080e+22	1.25e-31	2.23e-26	1.13e-20	3.60e-16	1.77e-12	1.65e-09	4.86e-07	3.88e-05	9.68e-04	1.24e-02	4.12e-01	4.45e-01	1.30e-01
 1.82827e+22	1.75e-31	2.95e-26	1.49e-20	4.64e-16	2.23e-12	2.02e-09	5.81e-07	4.50e-05	1.08e-03	1.33e-02	4.23e-01	4.39e-01	1.23e-01
 1.85712e+22	2.47e-31	3.94e-26	1.97e-20	6.05e-16	2.85e-12	2.50e-09	6.99e-07	5.25e-05	1.22e-03	1.43e-02	4.35e-01	4.33e-01	1.16e-01
 1.88147e+22	3.28e-31	4.99e-26	2.48e-20	7.52e-16	3.47e-12	2.97e-09	8.13e-07	5.95e-05	1.34e-03	1.51e-02	4.45e-01	4.27e-01	1.11e-01
 1.90683e+22	4.35e-31	6.31e-26	3.12e-20	9.33e-16	4.24e-12	3.54e-09	9.45e-07	6.74e-05	1.48e-03	1.61e-02	4.55e-01	4.21e-01	1.06e-01
 1.93980e+22	6.19e-31	8.46e-26	4.16e-20	1.22e-15	5.43e-12	4.40e-09	1.14e-06	7.88e-05	1.66e-03	1.73e-02	4.68e-01	4.14e-01	9.92e-02
 1.97356e+22	8.82e-31	1.14e-25	5.55e-20	1.61e-15	6.98e-12	5.48e-09	1.38e-06	9.22e-05	1.88e-03	1.86e-02	4.81e-01	4.06e-01	9.30e-02
 1.99965e+22	1.15e-30	1.42e-25	6.89e-20	1.97e-15	8.43e-12	6.46e-09	1.59e-06	1.04e-04	2.05e-03	1.97e-02	4.90e-01	4.00e-01	8.85e-02
 2.02094e+22	1.42e-30	1.68e-25	8.19e-20	2.33e-15	9.81e-12	7.38e-09	1.79e-06	1.14e-04	2.21e-03	2.06e-02	4.98e-01	3.94e-01	8.49e-02
 2.04463e+22	1.77e-30	2.02e-25	9.81e-20	2.76e-15	1.15e-11	8.46e-09	2.01e-06	1.26e-04	2.38e-03	2.15e-02	5.06e-01	3.89e-01	8.14e-02
 2.07544e+22	2.35e-30	2.56e-25	1.24e-19	3.44e-15	1.40e-11	1.01e-08	2.34e-06	1.43e-04	2.62e-03	2.28e-02	5.16e-01	3.82e-01	7.69e-02
 2.10812e+22	3.15e-30	3.26e-25	1.57e-19	4.32e-15	1.73e-11	1.21e-08	2.74e-06	1.63e-04	2.89e-03	2.43e-02	5.26e-01	3.74e-01	7.25e-02
 2.13615e+22	4.03e-30	4.00e-25	1.92e-19	5.23e-15	2.07e-11	1.42e-08	3.13e-06	1.81e-04	3.15e-03	2.55e-02	5.35e-01	3.68e-01	6.89e-02
 2.16552e+22	5.14e-30	4.90e-25	2.35e-19	6.34e-15	2.47e-11	1.65e-08	3.58e-06	2.02e-04	3.42e-03	2.69e-02	5.43e-01	3.61e-01	6.54e-02
 2.20369e+22	7.00e-30	6.32e-25	3.03e-19	8.07e-15	3.08e-11	2.00e-08	4.23e-06	2.32e-04	3.79e-03	2.86e-02	5.54e-01	3.53e-01	6.12e-02
 2.24254e+22	9.54e-30	8.16e-25	3.91e-19	1.03e-14	3.85e-11	2.43e-08	5.00e-06	2.66e-04	4.21e-03	3.05e-02	5.64e-01	3.44e-01	5.72e-02
 2.27365e+22	1.21e-29	9.95e-25	4.76e-19	1.24e-14	4.58e-11	2.83e-08	5.69e-06	2.96e-04	4.57e-03	3.20e-02	5.72e-01	3.37e-01	5.42e-02
 2.30022e+22	1.48e-29	1.17e-24	5.61e-19	1.45e-14	5.28e-11	3.21e-08	6.34e-06	3.23e-04	4.88e-03	3.33e-02	5.78e-01	3.31e-01	5.18e-02
 2.32951e+22	1.82e-29	1.40e-24	6.68e-19	1.71e-14	6.16e-11	3.66e-08	7.10e-06	3.55e-04	5.24e-03	3.48e-02	5.85e-01	3.25e-01	4.93e-02
 2.36758e+22	2.38e-29	1.74e-24	8.32e-19	2.11e-14	7.47e-11	4.33e-08	8.20e-06	3.99e-04	5.73e-03	3.67e-02	5.93e-01	3.17e-01	4.64e-02
 2.40693e+22	3.12e-29	2.18e-24	1.04e-18	2.62e-14	9.09e-11	5.15e-08	9.50e-06	4.50e-04	6.27e-03	3.87e-02	6.02e-01	3.09e-01	4.35e-02
 2.43933e+22	3.88e-29	2.61e-24	1.25e-18	3.11e-14	1.07e-10	5.91e-08	1.07e-05	4.96e-04	6.75e-03	4.04e-02	6.08e-01	3.03e-01	4.12e-02
 2.47282e+22	4.82e-29	3.13e-24	1.49e-18	3.68e-14	1.25e-10	6.76e-08	1.20e-05	5.44e-04	7.23e-03	4.21e-02	6.14e-01	2.97e-01	3.91e-02
 2.51636e+22	6.33e-29	3.93e-24	1.87e-18	4.57e-14	1.52e-10	8.03e-08	1.39e-05	6.13e-04	7.91e-03	4.44e-02	6.22e-01	2.88e-01	3.66e-02
 2.56164e+22	8.37e-29	4.97e-24	2.36e-18	5.70e-14	1.86e-10	9.58e-08	1.62e-05	6.93e-04	8.66e-03	4.69e-02	6.30e-01	2.80e-01	3.41e-02
 2.59939e+22	1.05e-28	6.00e-24	2.85e-18	6.83e-14	2.20e-10	1.11e-07	1.83e-05	7.66e-04	9.34e-03	4.90e-02	6.35e-01	2.73e-01	3.22e-02
 2.63868e+22	1.32e-28	7.27e-24	3.45e-18	8.17e-14	2.58e-10	1.28e-07	2.06e-05	8.43e-04	1.00e-02	5.11e-02	6.41e-01	2.67e-01	3.04e-02
 2.68976e+22	1.76e-28	9.26e-24	4.38e-18	1.02e-13	3.18e-10	1.53e-07	2.40e-05	9.53e-04	1.10e-02	5.39e-02	6.48e-01	2.58e-01	2.82e-02
 2.74263e+22	2.36e-28	1.19e-23	5.60e-18	1.29e-13	3.93e-10	1.84e-07	2.81e-05	1.08e-03	1.21e-02	5.68e-02	6.54e-01	2.50e-01	2.61e-02
 2.78415e+22	2.95e-28	1.44e-23	6.77e-18	1.55e-13	4.63e-10	2.11e-07	3.16e-05	1.19e-03	1.29e-02	5.92e-02	6.59e-01	2.43e-01	2.46e-02
 2.82443e+22	3.64e-28	1.72e-23	8.06e-18	1.83e-13	5.38e-10	2.41e-07	3.53e-05	1.30e-03	1.38e-02	6.15e-02	6.63e-01	2.37e-01	2.33e-02
 2.87680e+22	4.75e-28	2.15e-23	1.01e-17	2.25e-13	6.52e-10	2.84e-07	4.06e-05	1.45e-03	1.50e-02	6.44e-02	6.68e-01	2.30e-01	2.17e-02
 2.93224e+22	6.27e-28	2.74e-23	1.27e-17	2.81e-13	7.97e-10	3.38e-07	4.69e-05	1.63e-03	1.63e-02	6.76e-02	6.72e-01	2.22e-01	2.01e-02
 2.97999e+22	7.92e-28	3.35e-23	1.55e-17	3.38e-13	9.43e-10	3.91e-07	5.30e-05	1.80e-03	1.75e-02	7.03e-02	6.76e-01	2.16e-01	1.89e-02
 3.03036e+22	1.01e-27	4.12e-23	1.90e-17	4.08e-13	1.12e-09	4.52e-07	5.99e-05	1.98e-03	1.88e-02	7.31e-02	6.79e-01	2.09e-01	1.77e-02
 3.09586e+22	1.35e-27	5.32e-23	2.44e-17	5.17e-13	1.39e-09	5.44e-07	7.00e-05	2.24e-03	2.05e-02	7.69e-02	6.83e-01	2.01e-01	1.63e-02
 3.16425e+22	1.84e-27	6.98e-23	3.17e-17	6.62e-13	1.73e-09	6.60e-07	8.21e-05	2.54e-03	2.25e-02	8.09e-02	6.86e-01	1.93e-01	1.50e-02
 3.22221e+22	2.38e-27	8.73e-23	3.94e-17	8.11e-13	2.08e-09	7.72e-07	9.36e-05	2.82e-03	2.42e-02	8.42e-02	6.88e-01	1.87e-01	1.39e-02
 3.27369e+22	2.96e-27	1.06e-22	4.75e-17	9.65e-13	2.43e-09	8.84e-07	1.05e-04	3.08e-03	2.58e-02	8.72e-02	6.90e-01	1.81e-01	1.31e-02
 3.33097e+22	3.74e-27	1.30e-22	5.81e-17	1.17e-12	2.89e-09	1.02e-06	1.18e-04	3.39e-03	2.77e-02	9.05e-02	6.91e-01	1.75e-01	1.22e-02
 3.40544e+22	5.05e-27	1.71e-22	7.52e-17	1.48e-12	3.57e-09	1.23e-06	1.38e-04	3.81e-03	3.00e-02	9.46e-02	6.92e-01	1.68e-01	1.12e-02
 3.48357e+22	6.85e-27	2.24e-22	9.79e-17	1.89e-12	4.47e-09	1.49e-06	1.61e-04	4.32e-03	3.28e-02	9.92e-02	6.93e-01	1.61e-01	1.02e-02
 3.54665e+22	8.71e-27	2.79e-22	1.21e-16	2.30e-12	5.32e-09	1.73e-06	1.83e-04	4.76e-03	3.52e-02	1.03e-01	6.93e-01	1.55e-01	9.52e-03
 3.60059e+22	1.06e-26	3.35e-22	1.44e-16	2.71e-12	6.16e-09	1.96e-06	2.02e-04	5.16e-03	3.72e-02	1.06e-01	6.92e-01	1.50e-01	8.96e-03
 3.66245e+22	1.33e-26	4.09e-22	1.74e-16	3.24e-12	7.24e-09	2.25e-06	2.27e-04	5.63e-03	3.96e-02	1.09e-01	6.92e-01	1.45e-01	8.37e-03
 3.74288e+22	1.75e-26	5.29e-22	2.23e-16	4.07e-12	8.86e-09	2.67e-06	2.61e-04	6.29e-03	4.27e-02	1.14e-01	6.90e-01	1.39e-01	7.69e-03
 3.82799e+22	2.33e-26	6.88e-22	2.87e-16	5.16e-12	1.10e-08	3.21e-06	3.04e-04	7.07e-03	4.64e-02	1.19e-01	6.88e-01	1.32e-01	7.00e-03
 3.89988e+22	2.95e-26	8.58e-22	3.55e-16	6.27e-12	1.31e-08	3.73e-06	3.44e-04	7.78e-03	4.95e-02	1.23e-01	6.86e-01	1.27e-01	6.48e-03
 3.97402e+22	3.71e-26	1.07e-21	4.36e-16	7.60e-12	1.56e-08	4.32e-06	3.88e-04	8.53e-03	5.28e-02	1.27e-01	6.83e-01	1.22e-01	6.00e-03
 4.07041e+22	4.97e-26	1.41e-21	5.67e-16	9.69e-12	1.93e-08	5.19e-06	4.51e-04	9.58e-03	5.72e-02	1.32e-01	6.80e-01	1.16e-01	5.45e-03
 4.17037e+22	6.62e-26	1.85e-21	7.40e-16	1.24e-11	2.42e-08	6.29e-06	5.28e-04	1.08e-02	6.22e-02	1.37e-01	6.75e-01	1.10e-01	4.91e-03
 4.25196e+22	8.30e-26	2.31e-21	9.14e-16	1.51e-11	2.89e-08	7.31e-06	5.97e-04	1.19e-02	6.63e-02	1.42e-01	6.70e-01	1.05e-01	4.52e-03
 4.33500e+22	1.03e-25	2.86e-21	1.12e-15	1.83e-11	3.43e-08	8.47e-06	6.73e-04	1.30e-02	7.06e-02	1.46e-01	6.65e-01	1.00e-01	4.16e-03
 4.44295e+22	1.37e-25	3.77e-21	1.46e-15	2.33e-11	4.25e-08	1.02e-05	7.80e-04	1.46e-02	7.61e-02	1.51e-01	6.59e-01	9.47e-02	3.76e-03
 4.54938e+22	1.77e-25	4.88e-21	1.87e-15	2.95e-11	5.26e-08	1.22e-05	9.06e-04	1.63e-02	8.22e-02	1.57e-01	6.51e-01	8.92e-02	3.37e-03
 4.62781e+22	2.12e-25	5.89e-21	2.24e-15	3.49e-11	6.12e-08	1.39e-05	1.00e-03	1.77e-02	8.67e-02	1.61e-01	6.45e-01	8.55e-02	3.12e-03
 4.70374e+22	2.50e-25	6.99e-21	2.64e-15	4.08e-11	7.03e-08	1.56e-05	1.11e-03	1.90e-02	9.10e-02	1.64e-01	6.40e-01	8.21e-02	2.91e-03
 4.80246e+22	3.10e-25	8.72e-21	3.26e-15	4.96e-11	8.38e-08	1.81e-05	1.25e-03	2.08e-02	9.67e-02	1.69e-01	6.32e-01	7.79e-02	2.65e-03
 4.91010e+22	3.85e-25	1.10e-20	4.06e-15	6.11e-11	1.01e-07	2.13e-05	1.42e-03	2.30e-02	1.03e-01	1.74e-01	6.23e-01	7.34e-02	2.39e-03
 5.00599e+22	4.64e-25	1.34e-20	4.93e-15	7.34e-11	1.19e-07	2.45e-05	1.59e-03	2.51e-02	1.09e-01	1.78e-01	6.14e-01	6.97e-02	2.18e-03
 5.10728e+22	5.60e-25	1.64e-20	5.98e-15	8.79e-11	1.41e-07	2.81e-05	1.78e-03	2.72e-02	1.15e-01	1.82e-01	6.05e-01	6.61e-02	2.00e-03
 5.23896e+22	7.00e-25	2.10e-20	7.57e-15	1.10e-10	1.72e-07	3.35e-05	2.05e-03	3.02e-02	1.24e-01	1.87e-01	5.93e-01	6.17e-02	1.77e-03
 5.37272e+22	8.71e-25	2.70e-20	9.64e-15	1.39e-10	2.12e-07	4.00e-05	2.36e-03	3.37e-02	1.33e-01	1.93e-01	5.80e-01	5.73e-02	1.56e-03
 5.47863e+22	1.02e-24	3.27e-20	1.16e-14	1.65e-10	2.49e-07	4.58e-05	2.63e-03	3.65e-02	1.40e-01	1.97e-01	5.69e-01	5.41e-02	1.42e-03
 5.58575e+22	1.19e-24	3.91e-20	1.38e-14	1.95e-10	2.89e-07	5.20e-05	2.92e-03	3.93e-02	1.46e-01	2.00e-01	5.59e-01	5.11e-02	1.29e-03
 5.72501e+22	1.44e-24	4.90e-20	1.71e-14	2.39e-10	3.49e-07	6.10e-05	3.31e-03	4.32e-02	1.55e-01	2.04e-01	5.45e-01	4.75e-02	1.15e-03
 5.87550e+22	1.75e-24	6.23e-20	2.15e-14	2.98e-10	4.27e-07	7.24e-05	3.79e-03	4.77e-02	1.66e-01	2.09e-01	5.29e-01	4.38e-02	1.00e-03
 6.00704e+22	2.03e-24	7.61e-20	2.60e-14	3.59e-10	5.06e-07	8.37e-05	4.26e-03	5.20e-02	1.75e-01	2.13e-01	5.15e-01	4.07e-02	8.91e-04
 6.12574e+22	2.30e-24	9.09e-20	3.08e-14	4.21e-10	5.86e-07	9.48e-05	4.70e-03	5.58e-02	1.82e-01	2.16e-01	5.03e-01	3.82e-02	8.05e-04
 6.26129e+22	2.64e-24	1.10e-19	3.67e-14	5.00e-10	6.85e-07	1.08e-04	5.22e-03	6.02e-02	1.91e-01	2.19e-01	4.89e-01	3.56e-02	7.19e-04
 6.43751e+22	3.13e-24	1.39e-19	4.58e-14	6.19e-10	8.33e-07	1.28e-04	5.94e-03	6.60e-02	2.02e-01	2.22e-01	4.71e-01	3.25e-02	6.23e-04
 6.62338e+22	3.67e-24	1.77e-19	5.75e-14	7.74e-10	1.03e-06	1.52e-04	6.81e-03	7.28e-02	2.14e-01	2.25e-01	4.51e-01	2.94e-02	5.31e-04
 6.76931e+22	4.13e-24	2.15e-19	6.88e-14	9.21e-10	1.20e-06	1.75e-04	7.57e-03	7.84e-02	2.23e-01	2.27e-01	4.36e-01	2.71e-02	4.67e-04
 6.88442e+22	4.49e-24	2.48e-19	7.85e-14	1.05e-09	1.35e-06	1.93e-04	8.16e-03	8.27e-02	2.30e-01	2.29e-01	4.24e-01	2.55e-02	4.26e-04
 7.01195e+22	4.93e-24	2.88e-19	9.00e-14	1.20e-09	1.53e-06	2.14e-04	8.85e-03	8.75e-02	2.38e-01	2.30e-01	4.12e-01	2.39e-02	3.84e-04
 7.17774e+22	5.54e-24	3.48e-19	1.07e-13	1.41e-09	1.79e-06	2.44e-04	9.76e-03	9.36e-02	2.47e-01	2.31e-01	3.96e-01	2.20e-02	3.38e-04
 7.39327e+22	6.35e-24	4.43e-19	1.32e-13	1.74e-09	2.16e-06	2.86e-04	1.10e-02	1.02e-01	2.58e-01	2.32e-01	3.77e-01	1.97e-02	2.87e-04
 7.61130e+22	7.20e-24	5.71e-19	1.66e-13	2.16e-09	2.64e-06	3.39e-04	1.25e-02	1.11e-01	2.70e-01	2.33e-01	3.56e-01	1.76e-02	2.41e-04
 7.77702e+22	7.93e-24	6.92e-19	1.96e-13	2.55e-09	3.06e-06	3.83e-04	1.37e-02	1.18e-01	2.78e-01	2.33e-01	3.41e-01	1.61e-02	2.11e-04
 7.93689e+22	8.61e-24	8.15e-19	2.26e-13	2.92e-09	3.48e-06	4.26e-04	1.48e-02	1.24e-01	2.86e-01	2.33e-01	3.28e-01	1.48e-02	1.87e-04
 8.14473e+22	9.64e-24	1.01e-18	2.73e-13	3.49e-09	4.08e-06	4.86e-04	1.63e-02	1.32e-01	2.94e-01	2.32e-01	3.12e-01	1.35e-02	1.62e-04
 8.37501e+22	1.08e-23	1.29e-18	3.36e-13	4.25e-09	4.88e-06	5.64e-04	1.82e-02	1.41e-01	3.04e-01	2.31e-01	2.94e-01	1.20e-02	1.37e-04
 8.58242e+22	1.20e-23	1.62e-18	4.06e-13	5.08e-09	5.72e-06	6.43e-04	2.00e-02	1.49e-01	3.12e-01	2.29e-01	2.78e-01	1.08e-02	1.17e-04
 8.76843e+22	1.32e-23	1.96e-18	4.77e-13	5.90e-09	6.55e-06	7.19e-04	2.16e-02	1.57e-01	3.18e-01	2.27e-01	2.65e-01	9.89e-03	1.03e-04
 8.97869e+22	1.47e-23	2.41e-18	5.66e-13	6.92e-09	7.53e-06	8.05e-04	2.34e-02	1.64e-01	3.25e-01	2.25e-01	2.53e-01	9.02e-03	9.00e-05
 9.25204e+22	1.69e-23	3.13e-18	7.03e-13	8.44e-09	8.96e-06	9.27e-04	2.59e-02	1.74e-01	3.32e-01	2.22e-01	2.37e-01	8.02e-03	7.58e-05
 9.54742e+22	1.96e-23	4.22e-18	8.99e-13	1.05e-08	1.09e-05	1.09e-03	2.89e-02	1.85e-01	3.39e-01	2.18e-01	2.20e-01	7.01e-03	6.24e-05
 9.80322e+22	2.26e-23	5.47e-18	1.11e-12	1.28e-08	1.29e-05	1.24e-03	3.17e-02	1.95e-01	3.45e-01	2.15e-01	2.06e-01	6.22e-03	5.27e-05
 1.00308e+23	2.54e-23	6.80e-18	1.33e-12	1.50e-08	1.47e-05	1.38e-03	3.41e-02	2.03e-01	3.50e-01	2.11e-01	1.95e-01	5.66e-03	4.60e-05
 1.02900e+23	2.91e-23	8.54e-18	1.61e-12	1.77e-08	1.70e-05	1.55e-03	3.68e-02	2.12e-01	3.53e-01	2.08e-01	1.84e-01	5.11e-03	3.98e-05
 1.06270e+23	3.45e-23	1.14e-17	2.03e-12	2.17e-08	2.02e-05	1.77e-03	4.04e-02	2.22e-01	3.58e-01	2.03e-01	1.71e-01	4.51e-03	3.33e-05
 1.09662e+23	4.18e-23	1.56e-17	2.64e-12	2.73e-08	2.44e-05	2.06e-03	4.46e-02	2.34e-01	3.62e-01	1.97e-01	1.57e-01	3.91e-03	2.73e-05
 1.12216e+23	4.82e-23	1.97e-17	3.19e-12	3.22e-08	2.80e-05	2.29e-03	4.78e-02	2.42e-01	3.64e-01	1.93e-01	1.48e-01	3.54e-03	2.37e-05
 1.14666e+23	5.48e-23	2.40e-17	3.74e-12	3.70e-08	3.14e-05	2.50e-03	5.07e-02	2.49e-01	3.65e-01	1.89e-01	1.40e-01	3.24e-03	2.10e-05
 1.17852e+23	6.40e-23	3.04e-17	4.55e-12	4.37e-08	3.61e-05	2.78e-03	5.44e-02	2.57e-01	3.67e-01	1.85e-01	1.32e-01	2.92e-03	1.81e-05
 1.21993e+23	7.77e-23	4.08e-17	5.79e-12	5.37e-08	4.27e-05	3.16e-03	5.91e-02	2.67e-01	3.68e-01	1.79e-01	1.21e-01	2.56e-03	1.51e-05
 1.26387e+23	9.79e-23	5.72e-17	7.65e-12	6.80e-08	5.17e-05	3.66e-03	6.49e-02	2.79e-01	3.68e-01	1.72e-01	1.11e-01	2.20e-03	1.23e-05
 1.29986e+23	1.18e-22	7.51e-17	9.56e-12	8.20e-08	6.02e-05	4.11e-03	6.99e-02	2.88e-01	3.67e-01	1.66e-01	1.03e-01	1.95e-03	1.04e-05
 1.33049e+23	1.36e-22	9.23e-17	1.13e-11	9.46e-08	6.75e-05	4.48e-03	7.38e-02	2.94e-01	3.67e-01	1.62e-01	9.68e-02	1.78e-03	9.16e-06
 1.36535e+23	1.59e-22	1.14e-16	1.35e-11	1.10e-07	7.60e-05	4.89e-03	7.81e-02	3.01e-01	3.66e-01	1.58e-01	9.10e-02	1.61e-03	8.02e-06
 1.41068e+23	1.88e-22	1.47e-16	1.66e-11	1.30e-07	8.70e-05	5.42e-03	8.32e-02	3.09e-01	3.64e-01	1.52e-01	8.47e-02	1.44e-03	6.87e-06
 1.46564e+23	2.32e-22	1.98e-16	2.13e-11	1.60e-07	1.03e-04	6.12e-03	8.98e-02	3.18e-01	3.61e-01	1.46e-01	7.75e-02	1.25e-03	5.70e-06
 1.52194e+23	2.92e-22	2.72e-16	2.76e-11	1.99e-07	1.21e-04	6.94e-03	9.70e-02	3.27e-01	3.58e-01	1.39e-01	7.06e-02	1.08e-03	4.68e-06
 1.57275e+23	3.53e-22	3.54e-16	3.43e-11	2.38e-07	1.40e-04	7.71e-03	1.03e-01	3.35e-01	3.54e-01	1.34e-01	6.51e-02	9.58e-04	3.96e-06
 1.62760e+23	4.12e-22	4.46e-16	4.14e-11	2.78e-07	1.58e-04	8.44e-03	1.09e-01	3.41e-01	3.51e-01	1.29e-01	6.06e-02	8.59e-04	3.42e-06
 1.69240e+23	4.95e-22	5.82e-16	5.16e-11	3.33e-07	1.82e-04	9.36e-03	1.16e-01	3.48e-01	3.47e-01	1.23e-01	5.58e-02	7.56e-04	2.88e-06
 1.76133e+23	5.93e-22	7.60e-16	6.43e-11	3.99e-07	2.10e-04	1.04e-02	1.23e-01	3.55e-01	3.42e-01	1.18e-01	5.12e-02	6.65e-04	2.43e-06
 1.83302e+23	7.02e-22	9.77e-16	7.91e-11	4.73e-07	2.39e-04	1.14e-02	1.31e-01	3.61e-01	3.37e-01	1.12e-01	4.72e-02	5.88e-04	2.06e-06
 1.90757e+23	8.16e-22	1.24e-15	9.60e-11	5.55e-07	2.70e-04	1.25e-02	1.38e-01	3.66e-01	3.32e-01	1.08e-01	4.36e-02	5.23e-04	1.77e-06
 1.98511e+23	9.37e-22	1.54e-15	1.15e-10	6.44e-07	3.03e-04	1.35e-02	1.44e-01	3.71e-01	3.27e-01	1.03e-01	4.05e-02	4.69e-04	1.53e-06
 2.06575e+23	1.06e-21	1.89e-15	1.36e-10	7.39e-07	3.37e-04	1.46e-02	1.51e-01	3.75e-01	3.22e-01	9.91e-02	3.78e-02	4.23e-04	1.33e-06
 2.14961e+23	1.18e-21	2.30e-15	1.60e-10	8.42e-07	3.73e-04	1.57e-02	1.57e-01	3.78e-01	3.18e-01	9.53e-02	3.53e-02	3.83e-04	1.17e-06
 2.23549e+23	1.27e-21	2.69e-15	1.82e-10	9.37e-07	4.04e-04	1.66e-02	1.62e-01	3.81e-01	3.13e-01	9.21e-02	3.34e-02	3.52e-04	1.05e-06
 2.31742e+23	1.39e-21	3.17e-15	2.09e-10	1.04e-06	4.39e-04	1.77e-02	1.68e-01	3.84e-01	3.09e-01	8.90e-02	3.15e-02	3.24e-04	9.38e-07
 2.39116e+23	1.48e-21	3.63e-15	2.33e-10	1.14e-06	4.70e-04	1.85e-02	1.73e-01	3.86e-01	3.06e-01	8.65e-02	3.00e-02	3.02e-04	8.56e-07
 2.45753e+23	1.54e-21	4.02e-15	2.54e-10	1.22e-06	4.96e-04	1.92e-02	1.76e-01	3.87e-01	3.03e-01	8.46e-02	2.89e-02	2.86e-04	7.98e-07
 2.51725e+23	1.60e-21	4.39e-15	2.73e-10	1.30e-06	5.18e-04	1.99e-02	1.79e-01	3.89e-01	3.00e-01	8.29e-02	2.80e-02	2.73e-04	7.51e-07
 2.57101e+23	1.63e-21	4.69e-15	2.88e-10	1.36e-06	5.36e-04	2.03e-02	1.82e-01	3.90e-01	2.98e-01	8.17e-02	2.73e-02	2.63e-04	7.17e-07
 2.61939e+23	1.66e-21	4.98e-15	3.02e-10	1.41e-06	5.53e-04	2.08e-02	1.84e-01	3.90e-01	2.97e-01	8.06e-02	2.68e-02	2.55e-04	6.87e-07
 2.66293e+23	1.67e-21	5.21e-15	3.14e-10	1.46e-06	5.66e-04	2.11e-02	1.86e-01	3.91e-01	2.95e-01	7.98e-02	2.63e-02	2.49e-04	6.65e-07
 2.70212e+23	1.67e-21	5.41e-15	3.24e-10	1.49e-06	5.77e-04	2.14e-02	1.87e-01	3.92e-01	2.94e-01	7.91e-02	2.59e-02	2.44e-04	6.48e-07
 2.73739e+23	1.68e-21	5.59e-15	3.33e-10	1.53e-06	5.86e-04	2.17e-02	1.88e-01	3.92e-01	2.93e-01	7.85e-02	2.56e-02	2.40e-04	6.33e-07
 2.76937e+23	1.67e-21	5.72e-15	3.39e-10	1.55e-06	5.93e-04	2.19e-02	1.89e-01	3.92e-01	2.93e-01	7.80e-02	2.54e-02	2.36e-04	6.22e-07
 2.79992e+23	1.64e-21	5.79e-15	3.43e-10	1.56e-06	5.97e-04	2.20e-02	1.90e-01	3.92e-01	2.92e-01	7.78e-02	2.52e-02	2.35e-04	6.17e-07
 2.83047e+23	1.62e-21	5.88e-15	3.47e-10	1.58e-06	6.02e-04	2.21e-02	1.90e-01	3.93e-01	2.92e-01	7.75e-02	2.51e-02	2.33e-04	6.10e-07
 2.86102e+23	1.60e-21	5.96e-15	3.51e-10	1.59e-06	6.06e-04	2.22e-02	1.91e-01	3.93e-01	2.91e-01	7.72e-02	2.50e-02	2.31e-04	6.03e-07
 2.89156e+23	1.58e-21	6.05e-15	3.55e-10	1.61e-06	6.10e-04	2.23e-02	1.91e-01	3.93e-01	2.91e-01	7.70e-02	2.48e-02	2.29e-04	5.97e-07
 2.92211e+23	1.55e-21	6.09e-15	3.57e-10	1.62e-06	6.13e-04	2.24e-02	1.92e-01	3.93e-01	2.91e-01	7.68e-02	2.47e-02	2.28e-04	5.93e-07
 2.95266e+23	1.51e-21	6.12e-15	3.58e-10	1.62e-06	6.14e-04	2.24e-02	1.92e-01	3.93e-01	2.90e-01	7.67e-02	2.47e-02	2.27e-04	5.91e-07
 2.98321e+23	1.47e-21	6.14e-15	3.59e-10	1.62e-06	6.15e-04	2.25e-02	1.92e-01	3.93e-01	2.90e-01	7.66e-02	2.46e-02	2.27e-04	5.89e-07
 3.01376e+23	1.43e-21	6.16e-15	3.60e-10	1.63e-06	6.17e-04	2.25e-02	1.92e-01	3.93e-01	2.90e-01	7.65e-02	2.46e-02	2.26e-04	5.87e-07
 3.04192e+23	1.41e-21	6.21e-15	3.63e-10	1.64e-06	6.19e-04	2.26e-02	1.92e-01	3.94e-01	2.90e-01	7.63e-02	2.45e-02	2.25e-04	5.84e-07
