#depth	Ne	Ne+	Ne+2	Ne+3	Ne+4	Ne+5	Ne+6	Ne+7	Ne+8	Ne+9	Ne+10
 6.17135e+19	0.00e+00	0.00e+00	0.00e+00	7.72e-30	4.36e-24	4.81e-19	1.84e-14	3.09e-10	7.62e-06	5.52e-03	9.94e-01
 1.87609e+20	0.00e+00	0.00e+00	0.00e+00	1.47e-29	7.52e-24	7.49e-19	2.59e-14	3.94e-10	9.07e-06	6.05e-03	9.94e-01
 3.18540e+20	0.00e+00	0.00e+00	0.00e+00	2.84e-29	1.31e-23	1.17e-18	3.66e-14	5.04e-10	1.08e-05	6.64e-03	9.93e-01
 4.54709e+20	0.00e+00	0.00e+00	0.00e+00	5.52e-29	2.29e-23	1.85e-18	5.19e-14	6.45e-10	1.29e-05	7.30e-03	9.93e-01
 5.48444e+20	0.00e+00	0.00e+00	0.00e+00	8.67e-29	3.34e-23	2.52e-18	6.57e-14	7.62e-10	1.46e-05	7.78e-03	9.92e-01
 5.86615e+20	0.00e+00	0.00e+00	0.00e+00	1.05e-28	3.92e-23	2.87e-18	7.24e-14	8.16e-10	1.54e-05	7.99e-03	9.92e-01
 6.18482e+20	0.00e+00	0.00e+00	0.00e+00	1.21e-28	4.42e-23	3.16e-18	7.81e-14	8.61e-10	1.60e-05	8.15e-03	9.92e-01
 6.59909e+20	0.00e+00	0.00e+00	0.00e+00	1.47e-28	5.20e-23	3.61e-18	8.65e-14	9.25e-10	1.68e-05	8.38e-03	9.92e-01
 7.13764e+20	0.00e+00	0.00e+00	0.00e+00	1.89e-28	6.43e-23	4.29e-18	9.86e-14	1.01e-09	1.80e-05	8.68e-03	9.91e-01
 7.83775e+20	0.00e+00	0.00e+00	0.00e+00	2.61e-28	8.44e-23	5.34e-18	1.17e-13	1.14e-09	1.96e-05	9.08e-03	9.91e-01
 8.56032e+20	0.00e+00	0.00e+00	0.00e+00	3.63e-28	1.11e-22	6.70e-18	1.39e-13	1.29e-09	2.14e-05	9.51e-03	9.90e-01
 9.11646e+20	0.00e+00	0.00e+00	0.00e+00	4.69e-28	1.38e-22	7.97e-18	1.58e-13	1.42e-09	2.29e-05	9.86e-03	9.90e-01
 9.56469e+20	0.00e+00	0.00e+00	0.00e+00	5.73e-28	1.64e-22	9.15e-18	1.76e-13	1.52e-09	2.42e-05	1.01e-02	9.90e-01
 1.00683e+21	0.00e+00	0.00e+00	0.00e+00	7.19e-28	1.98e-22	1.07e-17	1.98e-13	1.66e-09	2.57e-05	1.05e-02	9.90e-01
 1.07229e+21	0.00e+00	0.00e+00	0.00e+00	9.62e-28	2.53e-22	1.30e-17	2.30e-13	1.84e-09	2.77e-05	1.09e-02	9.89e-01
 1.14077e+21	0.00e+00	0.00e+00	0.00e+00	1.30e-27	3.26e-22	1.60e-17	2.70e-13	2.06e-09	3.01e-05	1.14e-02	9.89e-01
 1.19834e+21	0.00e+00	0.00e+00	0.00e+00	1.68e-27	4.04e-22	1.91e-17	3.08e-13	2.26e-09	3.22e-05	1.18e-02	9.88e-01
 1.25834e+21	0.00e+00	0.00e+00	0.00e+00	2.17e-27	5.01e-22	2.27e-17	3.52e-13	2.49e-09	3.44e-05	1.22e-02	9.88e-01
 1.32479e+21	0.00e+00	0.00e+00	0.00e+00	2.91e-27	6.42e-22	2.78e-17	4.11e-13	2.77e-09	3.72e-05	1.27e-02	9.87e-01
 1.38443e+21	0.00e+00	0.00e+00	0.00e+00	3.77e-27	7.97e-22	3.31e-17	4.70e-13	3.04e-09	3.98e-05	1.31e-02	9.87e-01
 1.43810e+21	0.00e+00	0.00e+00	0.00e+00	4.76e-27	9.69e-22	3.88e-17	5.31e-13	3.31e-09	4.23e-05	1.36e-02	9.86e-01
 1.49918e+21	0.00e+00	0.00e+00	0.00e+00	6.15e-27	1.20e-21	4.63e-17	6.07e-13	3.64e-09	4.53e-05	1.41e-02	9.86e-01
 1.57859e+21	0.00e+00	0.00e+00	0.00e+00	8.60e-27	1.60e-21	5.82e-17	7.24e-13	4.13e-09	4.95e-05	1.47e-02	9.85e-01
 1.65777e+21	0.00e+00	0.00e+00	1.05e-32	1.20e-26	2.11e-21	7.32e-17	8.62e-13	4.67e-09	5.40e-05	1.54e-02	9.85e-01
 1.71686e+21	0.00e+00	0.00e+00	1.40e-32	1.54e-26	2.60e-21	8.67e-17	9.82e-13	5.11e-09	5.77e-05	1.59e-02	9.84e-01
 1.77389e+21	0.00e+00	0.00e+00	1.84e-32	1.95e-26	3.18e-21	1.02e-16	1.11e-12	5.58e-09	6.14e-05	1.64e-02	9.84e-01
 1.84803e+21	0.00e+00	0.00e+00	2.63e-32	2.64e-26	4.10e-21	1.26e-16	1.31e-12	6.26e-09	6.65e-05	1.71e-02	9.83e-01
 1.92504e+21	0.00e+00	0.00e+00	3.79e-32	3.62e-26	5.35e-21	1.56e-16	1.54e-12	7.04e-09	7.22e-05	1.78e-02	9.82e-01
 1.98899e+21	0.00e+00	0.00e+00	5.12e-32	4.69e-26	6.67e-21	1.87e-16	1.77e-12	7.76e-09	7.73e-05	1.85e-02	9.81e-01
 2.05532e+21	0.00e+00	0.00e+00	6.98e-32	6.12e-26	8.35e-21	2.25e-16	2.04e-12	8.58e-09	8.29e-05	1.91e-02	9.81e-01
 2.12807e+21	0.00e+00	0.00e+00	9.78e-32	8.19e-26	1.07e-20	2.75e-16	2.38e-12	9.57e-09	8.95e-05	1.99e-02	9.80e-01
 2.19391e+21	0.00e+00	0.00e+00	1.32e-31	1.06e-25	1.33e-20	3.29e-16	2.73e-12	1.06e-08	9.58e-05	2.06e-02	9.79e-01
 2.25472e+21	0.00e+00	0.00e+00	1.75e-31	1.35e-25	1.63e-20	3.88e-16	3.10e-12	1.16e-08	1.02e-04	2.12e-02	9.79e-01
 2.32425e+21	0.00e+00	0.00e+00	2.39e-31	1.77e-25	2.05e-20	4.68e-16	3.58e-12	1.28e-08	1.10e-04	2.20e-02	9.78e-01
 2.40189e+21	0.00e+00	0.00e+00	3.39e-31	2.39e-25	2.64e-20	5.76e-16	4.21e-12	1.44e-08	1.18e-04	2.29e-02	9.77e-01
 2.47412e+21	0.00e+00	0.00e+00	4.67e-31	3.16e-25	3.34e-20	6.99e-16	4.88e-12	1.60e-08	1.27e-04	2.37e-02	9.76e-01
 2.54135e+21	0.00e+00	0.00e+00	6.27e-31	4.07e-25	4.14e-20	8.34e-16	5.59e-12	1.76e-08	1.36e-04	2.45e-02	9.75e-01
 2.61800e+21	0.00e+00	0.00e+00	8.74e-31	5.42e-25	5.28e-20	1.02e-15	6.53e-12	1.97e-08	1.47e-04	2.55e-02	9.74e-01
 2.70110e+21	0.00e+00	0.00e+00	1.25e-30	7.38e-25	6.86e-20	1.26e-15	7.70e-12	2.22e-08	1.59e-04	2.65e-02	9.73e-01
 2.77537e+21	0.00e+00	0.00e+00	1.71e-30	9.69e-25	8.64e-20	1.52e-15	8.92e-12	2.46e-08	1.71e-04	2.75e-02	9.72e-01
 2.84283e+21	0.00e+00	0.00e+00	2.27e-30	1.24e-24	1.06e-19	1.81e-15	1.02e-11	2.70e-08	1.82e-04	2.83e-02	9.71e-01
 2.91866e+21	0.00e+00	0.00e+00	3.10e-30	1.62e-24	1.34e-19	2.18e-15	1.18e-11	3.00e-08	1.95e-04	2.93e-02	9.70e-01
 3.00376e+21	0.00e+00	0.00e+00	4.38e-30	2.18e-24	1.72e-19	2.69e-15	1.38e-11	3.38e-08	2.11e-04	3.05e-02	9.69e-01
 3.08370e+21	0.00e+00	0.00e+00	6.03e-30	2.88e-24	2.18e-19	3.27e-15	1.61e-11	3.76e-08	2.27e-04	3.16e-02	9.68e-01
 3.15857e+21	0.00e+00	0.00e+00	8.11e-30	3.72e-24	2.71e-19	3.91e-15	1.85e-11	4.16e-08	2.43e-04	3.27e-02	9.67e-01
 3.24405e+21	0.00e+00	0.00e+00	1.13e-29	4.96e-24	3.46e-19	4.77e-15	2.16e-11	4.66e-08	2.62e-04	3.39e-02	9.66e-01
 3.33588e+21	0.00e+00	0.00e+00	1.60e-29	6.72e-24	4.47e-19	5.91e-15	2.55e-11	5.25e-08	2.83e-04	3.52e-02	9.64e-01
 3.41660e+21	0.00e+00	0.00e+00	2.17e-29	8.73e-24	5.59e-19	7.10e-15	2.94e-11	5.82e-08	3.04e-04	3.65e-02	9.63e-01
 3.50222e+21	0.00e+00	0.00e+00	2.97e-29	1.15e-23	7.05e-19	8.60e-15	3.41e-11	6.48e-08	3.26e-04	3.77e-02	9.62e-01
 3.59845e+21	0.00e+00	0.00e+00	4.21e-29	1.55e-23	9.11e-19	1.06e-14	4.03e-11	7.30e-08	3.53e-04	3.92e-02	9.60e-01
 3.68922e+21	0.00e+00	0.00e+00	5.80e-29	2.05e-23	1.15e-18	1.29e-14	4.69e-11	8.16e-08	3.80e-04	4.07e-02	9.59e-01
 3.77469e+21	0.00e+00	0.00e+00	7.81e-29	2.65e-23	1.44e-18	1.55e-14	5.40e-11	9.04e-08	4.06e-04	4.20e-02	9.58e-01
 3.87258e+21	0.00e+00	0.00e+00	1.09e-28	3.53e-23	1.84e-18	1.90e-14	6.33e-11	1.01e-07	4.38e-04	4.36e-02	9.56e-01
 3.98205e+21	0.00e+00	0.00e+00	1.57e-28	4.85e-23	2.41e-18	2.37e-14	7.54e-11	1.15e-07	4.76e-04	4.54e-02	9.54e-01
 4.07972e+21	0.00e+00	0.00e+00	2.16e-28	6.40e-23	3.05e-18	2.89e-14	8.78e-11	1.29e-07	5.12e-04	4.70e-02	9.52e-01
 4.16431e+21	0.00e+00	0.00e+00	2.83e-28	8.09e-23	3.72e-18	3.41e-14	1.00e-10	1.41e-07	5.45e-04	4.85e-02	9.51e-01
 4.25874e+21	0.00e+00	0.00e+00	3.76e-28	1.04e-22	4.60e-18	4.06e-14	1.15e-10	1.56e-07	5.82e-04	5.01e-02	9.49e-01
 4.38151e+21	0.00e+00	0.00e+00	5.55e-28	1.45e-22	6.13e-18	5.15e-14	1.38e-10	1.79e-07	6.36e-04	5.22e-02	9.47e-01
 4.50589e+21	0.00e+00	0.00e+00	8.06e-28	2.01e-22	8.09e-18	6.48e-14	1.65e-10	2.04e-07	6.93e-04	5.45e-02	9.45e-01
 4.60680e+21	0.00e+00	0.00e+00	1.09e-27	2.60e-22	1.01e-17	7.77e-14	1.91e-10	2.26e-07	7.42e-04	5.63e-02	9.43e-01
 4.71243e+21	0.00e+00	0.00e+00	1.47e-27	3.38e-22	1.26e-17	9.37e-14	2.21e-10	2.51e-07	7.95e-04	5.82e-02	9.41e-01
 4.84974e+21	0.00e+00	0.00e+00	2.16e-27	4.72e-22	1.68e-17	1.19e-13	2.66e-10	2.88e-07	8.69e-04	6.07e-02	9.38e-01
 4.99074e+21	0.00e+00	0.00e+00	3.19e-27	6.62e-22	2.24e-17	1.51e-13	3.20e-10	3.30e-07	9.50e-04	6.34e-02	9.36e-01
 5.10119e+21	0.00e+00	0.00e+00	4.29e-27	8.58e-22	2.79e-17	1.81e-13	3.70e-10	3.67e-07	1.02e-03	6.55e-02	9.33e-01
 5.20941e+21	0.00e+00	0.00e+00	5.71e-27	1.10e-21	3.45e-17	2.16e-13	4.25e-10	4.05e-07	1.09e-03	6.76e-02	9.31e-01
 5.35010e+21	0.00e+00	0.00e+00	8.21e-27	1.51e-21	4.52e-17	2.70e-13	5.06e-10	4.61e-07	1.18e-03	7.04e-02	9.28e-01
 5.49610e+21	0.00e+00	0.00e+00	1.19e-26	2.08e-21	5.95e-17	3.40e-13	6.05e-10	5.25e-07	1.29e-03	7.33e-02	9.25e-01
 5.61797e+21	0.00e+00	0.00e+00	1.61e-26	2.70e-21	7.45e-17	4.09e-13	7.01e-10	5.84e-07	1.38e-03	7.58e-02	9.23e-01
 5.74535e+21	0.00e+00	1.45e-32	2.17e-26	3.51e-21	9.32e-17	4.93e-13	8.11e-10	6.50e-07	1.48e-03	7.83e-02	9.20e-01
 5.91095e+21	0.00e+00	2.28e-32	3.25e-26	4.98e-21	1.26e-16	6.31e-13	9.85e-10	7.49e-07	1.62e-03	8.18e-02	9.17e-01
 6.07820e+21	0.00e+00	3.55e-32	4.80e-26	6.99e-21	1.68e-16	8.04e-13	1.19e-09	8.60e-07	1.77e-03	8.54e-02	9.13e-01
 6.21238e+21	0.00e+00	5.03e-32	6.52e-26	9.12e-21	2.11e-16	9.71e-13	1.38e-09	9.59e-07	1.90e-03	8.83e-02	9.10e-01
 6.33197e+21	0.00e+00	6.82e-32	8.54e-26	1.15e-20	2.58e-16	1.15e-12	1.57e-09	1.05e-06	2.02e-03	9.09e-02	9.07e-01
 6.46778e+21	0.00e+00	9.57e-32	1.15e-25	1.49e-20	3.22e-16	1.38e-12	1.82e-09	1.17e-06	2.17e-03	9.39e-02	9.04e-01
 6.64434e+21	0.00e+00	1.47e-31	1.68e-25	2.08e-20	4.27e-16	1.75e-12	2.19e-09	1.34e-06	2.37e-03	9.79e-02	9.00e-01
 6.82393e+21	0.00e+00	2.27e-31	2.47e-25	2.90e-20	5.67e-16	2.21e-12	2.63e-09	1.54e-06	2.58e-03	1.02e-01	8.95e-01
 6.96856e+21	0.00e+00	3.20e-31	3.34e-25	3.77e-20	7.10e-16	2.66e-12	3.05e-09	1.71e-06	2.77e-03	1.05e-01	8.92e-01
 7.11770e+21	0.00e+00	4.52e-31	4.52e-25	4.92e-20	8.91e-16	3.22e-12	3.54e-09	1.90e-06	2.97e-03	1.09e-01	8.88e-01
 7.31157e+21	0.00e+00	7.02e-31	6.67e-25	6.89e-20	1.19e-15	4.09e-12	4.27e-09	2.18e-06	3.25e-03	1.13e-01	8.83e-01
 7.51183e+21	0.00e+00	1.10e-30	9.91e-25	9.72e-20	1.60e-15	5.23e-12	5.18e-09	2.51e-06	3.55e-03	1.18e-01	8.78e-01
 7.67549e+21	0.00e+00	1.58e-30	1.36e-24	1.28e-19	2.02e-15	6.36e-12	6.04e-09	2.81e-06	3.82e-03	1.22e-01	8.74e-01
 7.84337e+21	0.00e+00	2.26e-30	1.87e-24	1.69e-19	2.56e-15	7.75e-12	7.06e-09	3.15e-06	4.11e-03	1.27e-01	8.69e-01
 8.02051e+21	0.00e+00	3.30e-30	2.61e-24	2.26e-19	3.29e-15	9.53e-12	8.30e-09	3.54e-06	4.43e-03	1.31e-01	8.65e-01
 8.17151e+21	0.00e+00	4.54e-30	3.46e-24	2.88e-19	4.05e-15	1.13e-11	9.51e-09	3.91e-06	4.72e-03	1.35e-01	8.60e-01
 8.32961e+21	0.00e+00	6.28e-30	4.61e-24	3.70e-19	5.01e-15	1.35e-11	1.09e-08	4.33e-06	5.04e-03	1.39e-01	8.56e-01
 8.53513e+21	0.00e+00	9.54e-30	6.66e-24	5.10e-19	6.60e-15	1.70e-11	1.31e-08	4.93e-06	5.48e-03	1.44e-01	8.50e-01
 8.74141e+21	0.00e+00	1.45e-29	9.61e-24	7.01e-19	8.67e-15	2.14e-11	1.56e-08	5.61e-06	5.95e-03	1.50e-01	8.44e-01
 8.90282e+21	0.00e+00	1.99e-29	1.27e-23	8.96e-19	1.07e-14	2.54e-11	1.79e-08	6.19e-06	6.34e-03	1.54e-01	8.39e-01
 9.03680e+21	0.00e+00	2.59e-29	1.60e-23	1.09e-18	1.27e-14	2.93e-11	2.00e-08	6.72e-06	6.68e-03	1.58e-01	8.35e-01
 9.18097e+21	0.00e+00	3.42e-29	2.06e-23	1.36e-18	1.53e-14	3.42e-11	2.26e-08	7.33e-06	7.07e-03	1.62e-01	8.31e-01
 9.36839e+21	0.00e+00	4.89e-29	2.81e-23	1.78e-18	1.93e-14	4.16e-11	2.63e-08	8.18e-06	7.58e-03	1.67e-01	8.25e-01
 9.55953e+21	0.00e+00	7.03e-29	3.87e-23	2.36e-18	2.45e-14	5.07e-11	3.08e-08	9.16e-06	8.15e-03	1.73e-01	8.19e-01
 9.71261e+21	0.00e+00	9.37e-29	4.99e-23	2.94e-18	2.96e-14	5.93e-11	3.48e-08	1.00e-05	8.62e-03	1.77e-01	8.14e-01
 9.86870e+21	0.00e+00	1.25e-28	6.43e-23	3.66e-18	3.57e-14	6.95e-11	3.94e-08	1.09e-05	9.12e-03	1.82e-01	8.09e-01
 1.00347e+22	0.00e+00	1.70e-28	8.42e-23	4.63e-18	4.37e-14	8.21e-11	4.49e-08	1.20e-05	9.69e-03	1.86e-01	8.04e-01
 1.01775e+22	0.00e+00	2.20e-28	1.06e-22	5.66e-18	5.19e-14	9.48e-11	5.02e-08	1.30e-05	1.02e-02	1.91e-01	7.99e-01
 1.03072e+22	0.00e+00	2.77e-28	1.30e-22	6.75e-18	6.04e-14	1.08e-10	5.54e-08	1.40e-05	1.07e-02	1.94e-01	7.95e-01
 1.04561e+22	0.00e+00	3.63e-28	1.65e-22	8.29e-18	7.20e-14	1.25e-10	6.22e-08	1.52e-05	1.12e-02	1.99e-01	7.90e-01
 1.06238e+22	0.00e+00	4.89e-28	2.14e-22	1.04e-17	8.76e-14	1.47e-10	7.07e-08	1.67e-05	1.19e-02	2.04e-01	7.84e-01
 1.07818e+22	0.00e+00	6.46e-28	2.74e-22	1.29e-17	1.05e-13	1.71e-10	7.96e-08	1.82e-05	1.26e-02	2.09e-01	7.79e-01
 1.09284e+22	0.00e+00	8.35e-28	3.43e-22	1.57e-17	1.25e-13	1.97e-10	8.89e-08	1.97e-05	1.32e-02	2.13e-01	7.73e-01
 1.10943e+22	0.00e+00	1.10e-27	4.38e-22	1.94e-17	1.49e-13	2.29e-10	1.00e-07	2.14e-05	1.39e-02	2.18e-01	7.68e-01
 1.12706e+22	0.00e+00	1.51e-27	5.78e-22	2.47e-17	1.84e-13	2.72e-10	1.15e-07	2.36e-05	1.48e-02	2.24e-01	7.61e-01
 1.14174e+22	0.00e+00	1.94e-27	7.22e-22	3.00e-17	2.17e-13	3.12e-10	1.28e-07	2.55e-05	1.56e-02	2.29e-01	7.56e-01
 1.15656e+22	0.00e+00	2.50e-27	9.01e-22	3.63e-17	2.56e-13	3.59e-10	1.42e-07	2.76e-05	1.63e-02	2.33e-01	7.50e-01
 1.17582e+22	0.00e+00	3.45e-27	1.20e-21	4.65e-17	3.17e-13	4.28e-10	1.63e-07	3.04e-05	1.74e-02	2.39e-01	7.43e-01
 1.19524e+22	0.00e+00	4.78e-27	1.60e-21	5.98e-17	3.93e-13	5.13e-10	1.88e-07	3.37e-05	1.85e-02	2.46e-01	7.36e-01
 1.21045e+22	0.00e+00	6.17e-27	2.00e-21	7.27e-17	4.65e-13	5.90e-10	2.10e-07	3.64e-05	1.94e-02	2.51e-01	7.30e-01
 1.22582e+22	0.00e+00	7.95e-27	2.50e-21	8.83e-17	5.49e-13	6.78e-10	2.34e-07	3.93e-05	2.04e-02	2.56e-01	7.24e-01
 1.24580e+22	0.00e+00	1.10e-26	3.34e-21	1.13e-16	6.82e-13	8.12e-10	2.69e-07	4.35e-05	2.17e-02	2.62e-01	7.16e-01
 1.26623e+22	0.00e+00	1.54e-26	4.48e-21	1.47e-16	8.51e-13	9.78e-10	3.11e-07	4.82e-05	2.31e-02	2.69e-01	7.08e-01
 1.28203e+22	0.00e+00	2.00e-26	5.63e-21	1.79e-16	1.01e-12	1.13e-09	3.48e-07	5.22e-05	2.43e-02	2.75e-01	7.01e-01
 1.29534e+22	0.00e+00	2.48e-26	6.81e-21	2.11e-16	1.16e-12	1.27e-09	3.82e-07	5.57e-05	2.53e-02	2.79e-01	6.96e-01
 1.31063e+22	0.00e+00	3.17e-26	8.46e-21	2.55e-16	1.37e-12	1.46e-09	4.25e-07	6.01e-05	2.65e-02	2.84e-01	6.89e-01
 1.33050e+22	0.00e+00	4.35e-26	1.12e-20	3.25e-16	1.69e-12	1.73e-09	4.87e-07	6.62e-05	2.81e-02	2.91e-01	6.81e-01
 1.35060e+22	1.53e-32	6.00e-26	1.48e-20	4.16e-16	2.09e-12	2.07e-09	5.60e-07	7.31e-05	2.98e-02	2.98e-01	6.72e-01
 1.36644e+22	2.04e-32	7.77e-26	1.87e-20	5.07e-16	2.48e-12	2.39e-09	6.27e-07	7.91e-05	3.13e-02	3.03e-01	6.65e-01
 1.38246e+22	2.69e-32	9.92e-26	2.31e-20	6.12e-16	2.92e-12	2.74e-09	6.97e-07	8.52e-05	3.28e-02	3.09e-01	6.58e-01
 1.40329e+22	3.86e-32	1.37e-25	3.08e-20	7.85e-16	3.61e-12	3.29e-09	8.03e-07	9.42e-05	3.48e-02	3.16e-01	6.49e-01
 1.42441e+22	5.58e-32	1.91e-25	4.12e-20	1.01e-15	4.50e-12	3.95e-09	9.28e-07	1.04e-04	3.70e-02	3.23e-01	6.40e-01
 1.44110e+22	7.53e-32	2.50e-25	5.22e-20	1.24e-15	5.38e-12	4.59e-09	1.04e-06	1.13e-04	3.89e-02	3.29e-01	6.32e-01
 1.45796e+22	9.94e-32	3.20e-25	6.51e-20	1.51e-15	6.36e-12	5.28e-09	1.16e-06	1.22e-04	4.08e-02	3.35e-01	6.24e-01
 1.47988e+22	1.44e-31	4.46e-25	8.72e-20	1.94e-15	7.93e-12	6.36e-09	1.35e-06	1.35e-04	4.34e-02	3.42e-01	6.14e-01
 1.50226e+22	2.10e-31	6.27e-25	1.18e-19	2.53e-15	9.95e-12	7.70e-09	1.56e-06	1.50e-04	4.62e-02	3.50e-01	6.04e-01
 1.52016e+22	2.83e-31	8.20e-25	1.49e-19	3.11e-15	1.19e-11	8.96e-09	1.76e-06	1.63e-04	4.85e-02	3.56e-01	5.95e-01
 1.53837e+22	3.82e-31	1.07e-24	1.89e-19	3.82e-15	1.43e-11	1.04e-08	1.98e-06	1.77e-04	5.10e-02	3.62e-01	5.86e-01
 1.56204e+22	5.57e-31	1.51e-24	2.56e-19	4.97e-15	1.79e-11	1.26e-08	2.31e-06	1.97e-04	5.43e-02	3.70e-01	5.75e-01
 1.58623e+22	8.26e-31	2.14e-24	3.50e-19	6.53e-15	2.27e-11	1.55e-08	2.70e-06	2.20e-04	5.79e-02	3.78e-01	5.63e-01
 1.60566e+22	1.13e-30	2.85e-24	4.50e-19	8.14e-15	2.75e-11	1.82e-08	3.07e-06	2.41e-04	6.10e-02	3.85e-01	5.54e-01
 1.62550e+22	1.53e-30	3.73e-24	5.71e-19	1.00e-14	3.30e-11	2.12e-08	3.46e-06	2.62e-04	6.41e-02	3.91e-01	5.45e-01
 1.64767e+22	2.14e-30	5.06e-24	7.48e-19	1.27e-14	4.06e-11	2.52e-08	3.97e-06	2.88e-04	6.78e-02	3.98e-01	5.34e-01
 1.66786e+22	2.90e-30	6.65e-24	9.54e-19	1.57e-14	4.89e-11	2.95e-08	4.49e-06	3.14e-04	7.12e-02	4.04e-01	5.24e-01
 1.68587e+22	3.81e-30	8.48e-24	1.18e-18	1.90e-14	5.77e-11	3.40e-08	5.02e-06	3.39e-04	7.45e-02	4.10e-01	5.15e-01
 1.70608e+22	5.05e-30	1.10e-23	1.49e-18	2.32e-14	6.87e-11	3.94e-08	5.64e-06	3.67e-04	7.80e-02	4.15e-01	5.06e-01
 1.73236e+22	7.29e-30	1.53e-23	2.00e-18	3.00e-14	8.60e-11	4.77e-08	6.55e-06	4.07e-04	8.29e-02	4.23e-01	4.94e-01
 1.75885e+22	1.05e-29	2.12e-23	2.68e-18	3.88e-14	1.08e-10	5.78e-08	7.62e-06	4.52e-04	8.80e-02	4.30e-01	4.82e-01
 1.77968e+22	1.40e-29	2.75e-23	3.37e-18	4.75e-14	1.29e-10	6.72e-08	8.59e-06	4.91e-04	9.22e-02	4.36e-01	4.72e-01
 1.80080e+22	1.82e-29	3.50e-23	4.18e-18	5.73e-14	1.52e-10	7.73e-08	9.59e-06	5.30e-04	9.63e-02	4.41e-01	4.63e-01
 1.82827e+22	2.57e-29	4.77e-23	5.52e-18	7.31e-14	1.88e-10	9.27e-08	1.11e-05	5.85e-04	1.02e-01	4.47e-01	4.51e-01
 1.85712e+22	3.67e-29	6.59e-23	7.36e-18	9.42e-14	2.35e-10	1.12e-07	1.28e-05	6.49e-04	1.08e-01	4.54e-01	4.38e-01
 1.88147e+22	4.91e-29	8.58e-23	9.32e-18	1.16e-13	2.81e-10	1.31e-07	1.45e-05	7.06e-04	1.13e-01	4.59e-01	4.28e-01
 1.90683e+22	6.56e-29	1.12e-22	1.18e-17	1.42e-13	3.37e-10	1.52e-07	1.64e-05	7.68e-04	1.18e-01	4.64e-01	4.17e-01
 1.93980e+22	9.44e-29	1.55e-22	1.59e-17	1.85e-13	4.24e-10	1.85e-07	1.91e-05	8.53e-04	1.26e-01	4.70e-01	4.04e-01
 1.97356e+22	1.36e-28	2.17e-22	2.14e-17	2.40e-13	5.34e-10	2.25e-07	2.23e-05	9.50e-04	1.33e-01	4.75e-01	3.91e-01
 1.99965e+22	1.79e-28	2.78e-22	2.67e-17	2.92e-13	6.34e-10	2.61e-07	2.51e-05	1.03e-03	1.39e-01	4.79e-01	3.80e-01
 2.02094e+22	2.23e-28	3.40e-22	3.20e-17	3.43e-13	7.30e-10	2.94e-07	2.76e-05	1.10e-03	1.44e-01	4.82e-01	3.72e-01
 2.04463e+22	2.80e-28	4.18e-22	3.86e-17	4.03e-13	8.42e-10	3.32e-07	3.03e-05	1.17e-03	1.49e-01	4.86e-01	3.64e-01
 2.07544e+22	3.76e-28	5.46e-22	4.90e-17	4.98e-13	1.01e-09	3.88e-07	3.44e-05	1.28e-03	1.56e-01	4.89e-01	3.53e-01
 2.10812e+22	5.10e-28	7.22e-22	6.30e-17	6.21e-13	1.23e-09	4.58e-07	3.92e-05	1.40e-03	1.64e-01	4.93e-01	3.42e-01
 2.13615e+22	6.58e-28	9.11e-22	7.76e-17	7.47e-13	1.44e-09	5.25e-07	4.37e-05	1.50e-03	1.71e-01	4.95e-01	3.32e-01
 2.16552e+22	8.49e-28	1.15e-21	9.57e-17	8.97e-13	1.70e-09	6.02e-07	4.87e-05	1.62e-03	1.77e-01	4.98e-01	3.23e-01
 2.20369e+22	1.17e-27	1.54e-21	1.25e-16	1.13e-12	2.08e-09	7.16e-07	5.58e-05	1.78e-03	1.86e-01	5.01e-01	3.11e-01
 2.24254e+22	1.61e-27	2.07e-21	1.62e-16	1.43e-12	2.55e-09	8.52e-07	6.40e-05	1.95e-03	1.96e-01	5.03e-01	2.99e-01
 2.27365e+22	2.07e-27	2.60e-21	1.99e-16	1.71e-12	2.99e-09	9.74e-07	7.12e-05	2.10e-03	2.03e-01	5.05e-01	2.90e-01
 2.30022e+22	2.54e-27	3.14e-21	2.36e-16	1.99e-12	3.41e-09	1.09e-06	7.77e-05	2.23e-03	2.09e-01	5.06e-01	2.83e-01
 2.32951e+22	3.17e-27	3.83e-21	2.83e-16	2.33e-12	3.92e-09	1.22e-06	8.53e-05	2.38e-03	2.16e-01	5.06e-01	2.75e-01
 2.36758e+22	4.17e-27	4.94e-21	3.56e-16	2.85e-12	4.68e-09	1.42e-06	9.59e-05	2.57e-03	2.25e-01	5.07e-01	2.65e-01
 2.40693e+22	5.53e-27	6.39e-21	4.49e-16	3.50e-12	5.60e-09	1.66e-06	1.08e-04	2.79e-03	2.34e-01	5.08e-01	2.55e-01
 2.43933e+22	6.95e-27	7.88e-21	5.43e-16	4.13e-12	6.48e-09	1.87e-06	1.19e-04	2.98e-03	2.42e-01	5.08e-01	2.47e-01
 2.47282e+22	8.67e-27	9.64e-21	6.51e-16	4.85e-12	7.45e-09	2.11e-06	1.31e-04	3.18e-03	2.50e-01	5.08e-01	2.40e-01
 2.51636e+22	1.15e-26	1.25e-20	8.22e-16	5.95e-12	8.90e-09	2.45e-06	1.47e-04	3.44e-03	2.59e-01	5.07e-01	2.30e-01
 2.56164e+22	1.53e-26	1.63e-20	1.04e-15	7.34e-12	1.07e-08	2.86e-06	1.66e-04	3.73e-03	2.70e-01	5.06e-01	2.20e-01
 2.59939e+22	1.94e-26	2.02e-20	1.27e-15	8.72e-12	1.24e-08	3.25e-06	1.84e-04	3.99e-03	2.79e-01	5.05e-01	2.12e-01
 2.63868e+22	2.44e-26	2.49e-20	1.54e-15	1.03e-11	1.44e-08	3.67e-06	2.02e-04	4.26e-03	2.87e-01	5.03e-01	2.05e-01
 2.68976e+22	3.27e-26	3.26e-20	1.96e-15	1.27e-11	1.73e-08	4.29e-06	2.28e-04	4.62e-03	2.98e-01	5.01e-01	1.96e-01
 2.74263e+22	4.42e-26	4.30e-20	2.51e-15	1.58e-11	2.09e-08	5.03e-06	2.58e-04	5.02e-03	3.10e-01	4.98e-01	1.86e-01
 2.78415e+22	5.57e-26	5.30e-20	3.03e-15	1.87e-11	2.42e-08	5.67e-06	2.84e-04	5.34e-03	3.19e-01	4.96e-01	1.79e-01
 2.82443e+22	6.88e-26	6.45e-20	3.62e-15	2.18e-11	2.76e-08	6.34e-06	3.10e-04	5.66e-03	3.27e-01	4.94e-01	1.73e-01
 2.87680e+22	9.00e-26	8.24e-20	4.51e-15	2.65e-11	3.27e-08	7.30e-06	3.45e-04	6.08e-03	3.38e-01	4.90e-01	1.65e-01
 2.93224e+22	1.19e-25	1.07e-19	5.69e-15	3.25e-11	3.90e-08	8.46e-06	3.87e-04	6.56e-03	3.50e-01	4.86e-01	1.57e-01
 2.97999e+22	1.51e-25	1.32e-19	6.92e-15	3.85e-11	4.52e-08	9.56e-06	4.25e-04	6.98e-03	3.59e-01	4.82e-01	1.51e-01
 3.03036e+22	1.92e-25	1.65e-19	8.41e-15	4.56e-11	5.23e-08	1.08e-05	4.67e-04	7.42e-03	3.69e-01	4.79e-01	1.45e-01
 3.09586e+22	2.59e-25	2.17e-19	1.08e-14	5.67e-11	6.31e-08	1.26e-05	5.26e-04	8.03e-03	3.81e-01	4.73e-01	1.37e-01
 3.16425e+22	3.53e-25	2.88e-19	1.39e-14	7.09e-11	7.65e-08	1.48e-05	5.95e-04	8.70e-03	3.94e-01	4.67e-01	1.29e-01
 3.22221e+22	4.56e-25	3.64e-19	1.72e-14	8.51e-11	8.95e-08	1.69e-05	6.57e-04	9.29e-03	4.05e-01	4.62e-01	1.23e-01
 3.27369e+22	5.68e-25	4.44e-19	2.05e-14	9.95e-11	1.02e-07	1.89e-05	7.16e-04	9.81e-03	4.14e-01	4.57e-01	1.18e-01
 3.33097e+22	7.20e-25	5.52e-19	2.50e-14	1.18e-10	1.19e-07	2.13e-05	7.85e-04	1.04e-02	4.24e-01	4.52e-01	1.12e-01
 3.40544e+22	9.69e-25	7.24e-19	3.18e-14	1.46e-10	1.42e-07	2.47e-05	8.77e-04	1.12e-02	4.36e-01	4.46e-01	1.06e-01
 3.48357e+22	1.32e-24	9.61e-19	4.10e-14	1.82e-10	1.72e-07	2.89e-05	9.90e-04	1.21e-02	4.49e-01	4.38e-01	9.96e-02
 3.54665e+22	1.69e-24	1.20e-18	5.01e-14	2.16e-10	1.99e-07	3.26e-05	1.09e-03	1.28e-02	4.60e-01	4.32e-01	9.47e-02
 3.60059e+22	2.06e-24	1.44e-18	5.91e-14	2.50e-10	2.26e-07	3.61e-05	1.17e-03	1.35e-02	4.68e-01	4.27e-01	9.08e-02
 3.66245e+22	2.58e-24	1.77e-18	7.10e-14	2.93e-10	2.58e-07	4.04e-05	1.27e-03	1.42e-02	4.77e-01	4.21e-01	8.66e-02
 3.74288e+22	3.42e-24	2.29e-18	8.92e-14	3.57e-10	3.06e-07	4.64e-05	1.41e-03	1.52e-02	4.89e-01	4.13e-01	8.16e-02
 3.82799e+22	4.59e-24	3.00e-18	1.14e-13	4.41e-10	3.67e-07	5.38e-05	1.58e-03	1.63e-02	5.01e-01	4.05e-01	7.63e-02
 3.89988e+22	5.86e-24	3.74e-18	1.39e-13	5.25e-10	4.26e-07	6.08e-05	1.73e-03	1.73e-02	5.11e-01	3.98e-01	7.23e-02
 3.97402e+22	7.43e-24	4.65e-18	1.69e-13	6.22e-10	4.92e-07	6.84e-05	1.89e-03	1.82e-02	5.21e-01	3.91e-01	6.85e-02
 4.07041e+22	1.00e-23	6.12e-18	2.16e-13	7.69e-10	5.89e-07	7.92e-05	2.11e-03	1.95e-02	5.33e-01	3.82e-01	6.40e-02
 4.17037e+22	1.36e-23	8.11e-18	2.78e-13	9.59e-10	7.13e-07	9.25e-05	2.38e-03	2.10e-02	5.45e-01	3.72e-01	5.93e-02
 4.25196e+22	1.74e-23	1.01e-17	3.40e-13	1.14e-09	8.27e-07	1.04e-04	2.60e-03	2.22e-02	5.55e-01	3.64e-01	5.59e-02
 4.33500e+22	2.20e-23	1.26e-17	4.12e-13	1.35e-09	9.55e-07	1.18e-04	2.84e-03	2.35e-02	5.64e-01	3.57e-01	5.27e-02
 4.44295e+22	2.96e-23	1.65e-17	5.26e-13	1.67e-09	1.14e-06	1.36e-04	3.16e-03	2.51e-02	5.75e-01	3.47e-01	4.90e-02
 4.54938e+22	3.95e-23	2.15e-17	6.70e-13	2.06e-09	1.37e-06	1.58e-04	3.53e-03	2.69e-02	5.87e-01	3.37e-01	4.54e-02
 4.62781e+22	4.86e-23	2.60e-17	7.94e-13	2.39e-09	1.55e-06	1.75e-04	3.81e-03	2.82e-02	5.95e-01	3.30e-01	4.30e-02
 4.70374e+22	5.86e-23	3.09e-17	9.29e-13	2.74e-09	1.75e-06	1.93e-04	4.10e-03	2.94e-02	6.02e-01	3.24e-01	4.08e-02
 4.80246e+22	7.45e-23	3.86e-17	1.13e-12	3.26e-09	2.03e-06	2.17e-04	4.48e-03	3.11e-02	6.10e-01	3.16e-01	3.83e-02
 4.91010e+22	9.60e-23	4.88e-17	1.40e-12	3.93e-09	2.38e-06	2.48e-04	4.94e-03	3.30e-02	6.20e-01	3.07e-01	3.55e-02
 5.00599e+22	1.20e-22	6.00e-17	1.69e-12	4.62e-09	2.74e-06	2.78e-04	5.38e-03	3.48e-02	6.28e-01	2.99e-01	3.33e-02
 5.10728e+22	1.49e-22	7.35e-17	2.03e-12	5.43e-09	3.14e-06	3.11e-04	5.84e-03	3.65e-02	6.35e-01	2.91e-01	3.12e-02
 5.23896e+22	1.95e-22	9.45e-17	2.56e-12	6.64e-09	3.74e-06	3.59e-04	6.50e-03	3.90e-02	6.45e-01	2.81e-01	2.87e-02
 5.37272e+22	2.57e-22	1.22e-16	3.24e-12	8.17e-09	4.48e-06	4.16e-04	7.24e-03	4.16e-02	6.54e-01	2.71e-01	2.63e-02
 5.47863e+22	3.17e-22	1.49e-16	3.88e-12	9.57e-09	5.13e-06	4.65e-04	7.87e-03	4.38e-02	6.61e-01	2.63e-01	2.45e-02
 5.58575e+22	3.85e-22	1.79e-16	4.59e-12	1.11e-08	5.84e-06	5.17e-04	8.51e-03	4.59e-02	6.67e-01	2.55e-01	2.30e-02
 5.72501e+22	4.90e-22	2.24e-16	5.66e-12	1.34e-08	6.86e-06	5.90e-04	9.38e-03	4.87e-02	6.74e-01	2.46e-01	2.11e-02
 5.87550e+22	6.32e-22	2.86e-16	7.10e-12	1.63e-08	8.17e-06	6.82e-04	1.04e-02	5.19e-02	6.82e-01	2.36e-01	1.92e-02
 6.00704e+22	7.80e-22	3.51e-16	8.59e-12	1.94e-08	9.49e-06	7.71e-04	1.14e-02	5.49e-02	6.88e-01	2.27e-01	1.77e-02
 6.12574e+22	9.38e-22	4.18e-16	1.01e-11	2.24e-08	1.08e-05	8.56e-04	1.23e-02	5.75e-02	6.93e-01	2.20e-01	1.65e-02
 6.26129e+22	1.14e-21	5.03e-16	1.20e-11	2.61e-08	1.23e-05	9.58e-04	1.34e-02	6.04e-02	6.97e-01	2.13e-01	1.52e-02
 6.43751e+22	1.44e-21	6.33e-16	1.50e-11	3.17e-08	1.46e-05	1.10e-03	1.49e-02	6.43e-02	7.03e-01	2.03e-01	1.38e-02
 6.62338e+22	1.83e-21	8.02e-16	1.88e-11	3.89e-08	1.76e-05	1.28e-03	1.66e-02	6.88e-02	7.08e-01	1.93e-01	1.23e-02
 6.76931e+22	2.19e-21	9.62e-16	2.24e-11	4.56e-08	2.02e-05	1.44e-03	1.81e-02	7.24e-02	7.12e-01	1.85e-01	1.13e-02
 6.88442e+22	2.50e-21	1.10e-15	2.54e-11	5.12e-08	2.24e-05	1.57e-03	1.92e-02	7.51e-02	7.14e-01	1.79e-01	1.06e-02
 7.01195e+22	2.86e-21	1.26e-15	2.90e-11	5.78e-08	2.50e-05	1.72e-03	2.06e-02	7.82e-02	7.16e-01	1.73e-01	9.89e-03
 7.17774e+22	3.38e-21	1.49e-15	3.42e-11	6.72e-08	2.85e-05	1.92e-03	2.23e-02	8.21e-02	7.18e-01	1.66e-01	9.07e-03
 7.39327e+22	4.12e-21	1.83e-15	4.19e-11	8.09e-08	3.37e-05	2.20e-03	2.46e-02	8.72e-02	7.20e-01	1.57e-01	8.12e-03
 7.61130e+22	5.03e-21	2.26e-15	5.16e-11	9.82e-08	4.01e-05	2.54e-03	2.73e-02	9.28e-02	7.22e-01	1.48e-01	7.20e-03
 7.77702e+22	5.81e-21	2.63e-15	6.03e-11	1.13e-07	4.56e-05	2.83e-03	2.95e-02	9.72e-02	7.22e-01	1.42e-01	6.58e-03
 7.93689e+22	6.48e-21	2.97e-15	6.84e-11	1.28e-07	5.08e-05	3.09e-03	3.15e-02	1.01e-01	7.22e-01	1.36e-01	6.07e-03
 8.14473e+22	7.57e-21	3.51e-15	8.07e-11	1.49e-07	5.83e-05	3.46e-03	3.41e-02	1.06e-01	7.21e-01	1.30e-01	5.51e-03
 8.37501e+22	8.85e-21	4.17e-15	9.67e-11	1.77e-07	6.80e-05	3.92e-03	3.73e-02	1.12e-01	7.19e-01	1.22e-01	4.92e-03
 8.58242e+22	1.01e-20	4.87e-15	1.14e-10	2.05e-07	7.78e-05	4.38e-03	4.03e-02	1.17e-01	7.17e-01	1.16e-01	4.45e-03
 8.76843e+22	1.13e-20	5.51e-15	1.30e-10	2.33e-07	8.73e-05	4.81e-03	4.30e-02	1.22e-01	7.15e-01	1.11e-01	4.07e-03
 8.97869e+22	1.28e-20	6.32e-15	1.49e-10	2.66e-07	9.82e-05	5.29e-03	4.59e-02	1.27e-01	7.12e-01	1.06e-01	3.73e-03
 9.25204e+22	1.47e-20	7.46e-15	1.78e-10	3.14e-07	1.14e-04	5.95e-03	4.98e-02	1.33e-01	7.08e-01	9.97e-02	3.33e-03
 9.54742e+22	1.71e-20	8.91e-15	2.15e-10	3.76e-07	1.34e-04	6.77e-03	5.45e-02	1.40e-01	7.02e-01	9.31e-02	2.92e-03
 9.80322e+22	1.93e-20	1.03e-14	2.53e-10	4.40e-07	1.54e-04	7.57e-03	5.87e-02	1.47e-01	6.97e-01	8.76e-02	2.61e-03
 1.00308e+23	2.17e-20	1.18e-14	2.91e-10	5.01e-07	1.72e-04	8.27e-03	6.23e-02	1.52e-01	6.92e-01	8.35e-02	2.39e-03
 1.02900e+23	2.42e-20	1.35e-14	3.35e-10	5.72e-07	1.93e-04	9.06e-03	6.62e-02	1.57e-01	6.86e-01	7.93e-02	2.17e-03
 1.06270e+23	2.76e-20	1.58e-14	3.98e-10	6.75e-07	2.23e-04	1.01e-02	7.13e-02	1.64e-01	6.78e-01	7.43e-02	1.93e-03
 1.09662e+23	3.21e-20	1.89e-14	4.83e-10	8.09e-07	2.61e-04	1.14e-02	7.71e-02	1.71e-01	6.69e-01	6.91e-02	1.70e-03
 1.12216e+23	3.60e-20	2.16e-14	5.56e-10	9.23e-07	2.93e-04	1.25e-02	8.15e-02	1.77e-01	6.62e-01	6.56e-02	1.55e-03
 1.14666e+23	3.92e-20	2.41e-14	6.25e-10	1.03e-06	3.22e-04	1.34e-02	8.54e-02	1.81e-01	6.55e-01	6.27e-02	1.43e-03
 1.17852e+23	4.39e-20	2.76e-14	7.21e-10	1.18e-06	3.61e-04	1.46e-02	9.01e-02	1.87e-01	6.47e-01	5.94e-02	1.30e-03
 1.21993e+23	5.03e-20	3.25e-14	8.60e-10	1.39e-06	4.14e-04	1.62e-02	9.62e-02	1.93e-01	6.37e-01	5.55e-02	1.15e-03
 1.26387e+23	5.91e-20	3.94e-14	1.05e-09	1.68e-06	4.85e-04	1.82e-02	1.04e-01	2.01e-01	6.24e-01	5.13e-02	1.01e-03
 1.29986e+23	6.78e-20	4.61e-14	1.24e-09	1.95e-06	5.51e-04	2.00e-02	1.10e-01	2.07e-01	6.14e-01	4.82e-02	9.02e-04
 1.33049e+23	7.50e-20	5.20e-14	1.41e-09	2.19e-06	6.06e-04	2.15e-02	1.14e-01	2.11e-01	6.06e-01	4.59e-02	8.29e-04
 1.36535e+23	8.30e-20	5.87e-14	1.60e-09	2.47e-06	6.68e-04	2.31e-02	1.19e-01	2.16e-01	5.97e-01	4.36e-02	7.60e-04
 1.41068e+23	9.43e-20	6.80e-14	1.87e-09	2.83e-06	7.48e-04	2.50e-02	1.25e-01	2.21e-01	5.86e-01	4.11e-02	6.87e-04
 1.46564e+23	1.10e-19	8.12e-14	2.24e-09	3.35e-06	8.57e-04	2.76e-02	1.33e-01	2.27e-01	5.73e-01	3.82e-02	6.07e-04
 1.52194e+23	1.30e-19	9.81e-14	2.73e-09	3.99e-06	9.88e-04	3.06e-02	1.41e-01	2.33e-01	5.59e-01	3.53e-02	5.33e-04
 1.57275e+23	1.50e-19	1.16e-13	3.22e-09	4.63e-06	1.11e-03	3.33e-02	1.48e-01	2.38e-01	5.46e-01	3.30e-02	4.78e-04
 1.62760e+23	1.70e-19	1.33e-13	3.71e-09	5.26e-06	1.23e-03	3.58e-02	1.54e-01	2.42e-01	5.35e-01	3.12e-02	4.34e-04
 1.69240e+23	1.97e-19	1.57e-13	4.39e-09	6.11e-06	1.39e-03	3.89e-02	1.61e-01	2.47e-01	5.22e-01	2.91e-02	3.88e-04
 1.76133e+23	2.29e-19	1.86e-13	5.20e-09	7.09e-06	1.56e-03	4.23e-02	1.69e-01	2.51e-01	5.09e-01	2.71e-02	3.46e-04
 1.83302e+23	2.66e-19	2.18e-13	6.11e-09	8.17e-06	1.75e-03	4.57e-02	1.76e-01	2.55e-01	4.96e-01	2.53e-02	3.10e-04
 1.90757e+23	3.06e-19	2.55e-13	7.11e-09	9.33e-06	1.94e-03	4.91e-02	1.83e-01	2.59e-01	4.83e-01	2.38e-02	2.80e-04
 1.98511e+23	3.50e-19	2.94e-13	8.20e-09	1.06e-05	2.13e-03	5.24e-02	1.89e-01	2.62e-01	4.72e-01	2.23e-02	2.54e-04
 2.06575e+23	3.97e-19	3.37e-13	9.37e-09	1.19e-05	2.33e-03	5.58e-02	1.96e-01	2.64e-01	4.61e-01	2.11e-02	2.32e-04
 2.14961e+23	4.47e-19	3.83e-13	1.06e-08	1.32e-05	2.54e-03	5.91e-02	2.01e-01	2.67e-01	4.50e-01	1.99e-02	2.12e-04
 2.23549e+23	4.99e-19	4.28e-13	1.18e-08	1.45e-05	2.72e-03	6.19e-02	2.06e-01	2.68e-01	4.41e-01	1.90e-02	1.97e-04
 2.31742e+23	5.53e-19	4.78e-13	1.32e-08	1.59e-05	2.92e-03	6.50e-02	2.11e-01	2.70e-01	4.32e-01	1.81e-02	1.83e-04
 2.39116e+23	6.03e-19	5.24e-13	1.44e-08	1.71e-05	3.10e-03	6.75e-02	2.16e-01	2.71e-01	4.25e-01	1.74e-02	1.72e-04
 2.45753e+23	6.45e-19	5.62e-13	1.54e-08	1.81e-05	3.24e-03	6.96e-02	2.19e-01	2.72e-01	4.19e-01	1.69e-02	1.64e-04
 2.51725e+23	6.86e-19	5.98e-13	1.63e-08	1.91e-05	3.36e-03	7.14e-02	2.22e-01	2.73e-01	4.14e-01	1.64e-02	1.57e-04
 2.57101e+23	7.15e-19	6.25e-13	1.70e-08	1.98e-05	3.46e-03	7.27e-02	2.24e-01	2.74e-01	4.10e-01	1.61e-02	1.52e-04
 2.61939e+23	7.44e-19	6.51e-13	1.77e-08	2.04e-05	3.55e-03	7.40e-02	2.25e-01	2.74e-01	4.07e-01	1.58e-02	1.48e-04
 2.66293e+23	7.68e-19	6.73e-13	1.83e-08	2.10e-05	3.62e-03	7.50e-02	2.27e-01	2.74e-01	4.04e-01	1.56e-02	1.45e-04
 2.70212e+23	7.88e-19	6.91e-13	1.87e-08	2.14e-05	3.68e-03	7.58e-02	2.28e-01	2.75e-01	4.02e-01	1.54e-02	1.42e-04
 2.73739e+23	8.06e-19	7.07e-13	1.92e-08	2.18e-05	3.74e-03	7.65e-02	2.29e-01	2.75e-01	4.00e-01	1.52e-02	1.40e-04
 2.76937e+23	8.21e-19	7.20e-13	1.95e-08	2.21e-05	3.77e-03	7.71e-02	2.30e-01	2.75e-01	3.99e-01	1.51e-02	1.38e-04
 2.79992e+23	8.27e-19	7.25e-13	1.96e-08	2.23e-05	3.79e-03	7.73e-02	2.30e-01	2.75e-01	3.98e-01	1.51e-02	1.37e-04
 2.83047e+23	8.35e-19	7.32e-13	1.98e-08	2.25e-05	3.82e-03	7.77e-02	2.31e-01	2.75e-01	3.97e-01	1.50e-02	1.36e-04
 2.86102e+23	8.42e-19	7.39e-13	2.00e-08	2.26e-05	3.84e-03	7.80e-02	2.31e-01	2.75e-01	3.96e-01	1.49e-02	1.35e-04
 2.89156e+23	8.49e-19	7.46e-13	2.02e-08	2.28e-05	3.86e-03	7.83e-02	2.32e-01	2.75e-01	3.96e-01	1.49e-02	1.34e-04
 2.92211e+23	8.54e-19	7.50e-13	2.03e-08	2.29e-05	3.88e-03	7.85e-02	2.32e-01	2.76e-01	3.95e-01	1.48e-02	1.34e-04
 2.95266e+23	8.55e-19	7.52e-13	2.03e-08	2.30e-05	3.88e-03	7.86e-02	2.32e-01	2.76e-01	3.95e-01	1.48e-02	1.33e-04
 2.98321e+23	8.57e-19	7.54e-13	2.04e-08	2.30e-05	3.89e-03	7.86e-02	2.32e-01	2.76e-01	3.94e-01	1.48e-02	1.33e-04
 3.01376e+23	8.58e-19	7.55e-13	2.04e-08	2.31e-05	3.90e-03	7.87e-02	2.33e-01	2.76e-01	3.94e-01	1.47e-02	1.33e-04
 3.04192e+23	8.65e-19	7.60e-13	2.05e-08	2.32e-05	3.91e-03	7.89e-02	2.33e-01	2.76e-01	3.94e-01	1.47e-02	1.32e-04
