#depth	C	C+	C+2	C+3	C+4	C+5	C+6	C[1]	C[2]	C[3]	C+[1]	C+[2]	CO
 6.17135e+19	0.00e+00	1.10e-28	3.68e-21	1.18e-14	7.98e-09	1.03e-04	1.00e+00	0.00e+00	0.00e+00	0.00e+00	0.00e+00	0.00e+00	3.04e-92
 1.87609e+20	0.00e+00	1.73e-28	5.21e-21	1.50e-14	9.44e-09	1.13e-04	1.00e+00	0.00e+00	0.00e+00	0.00e+00	0.00e+00	0.00e+00	3.06e-92
 3.18540e+20	0.00e+00	2.73e-28	7.38e-21	1.92e-14	1.12e-08	1.24e-04	1.00e+00	0.00e+00	0.00e+00	0.00e+00	0.00e+00	0.00e+00	3.03e-92
 4.54709e+20	0.00e+00	4.33e-28	1.05e-20	2.46e-14	1.32e-08	1.36e-04	1.00e+00	0.00e+00	0.00e+00	0.00e+00	0.00e+00	0.00e+00	3.03e-92
 5.48444e+20	0.00e+00	5.91e-28	1.33e-20	2.90e-14	1.48e-08	1.46e-04	1.00e+00	0.00e+00	0.00e+00	0.00e+00	0.00e+00	0.00e+00	2.87e-92
 5.86615e+20	0.00e+00	6.73e-28	1.46e-20	3.09e-14	1.55e-08	1.50e-04	1.00e+00	0.00e+00	0.00e+00	0.00e+00	0.00e+00	0.00e+00	2.51e-92
 6.18482e+20	0.00e+00	7.42e-28	1.58e-20	3.26e-14	1.61e-08	1.53e-04	1.00e+00	0.00e+00	0.00e+00	0.00e+00	0.00e+00	0.00e+00	2.16e-92
 6.59909e+20	0.00e+00	8.47e-28	1.74e-20	3.49e-14	1.69e-08	1.57e-04	1.00e+00	0.00e+00	0.00e+00	0.00e+00	0.00e+00	0.00e+00	1.87e-92
 7.13764e+20	0.00e+00	1.00e-27	1.98e-20	3.82e-14	1.80e-08	1.63e-04	1.00e+00	0.00e+00	0.00e+00	0.00e+00	0.00e+00	0.00e+00	1.63e-92
 7.83775e+20	0.00e+00	1.25e-27	2.34e-20	4.27e-14	1.94e-08	1.71e-04	1.00e+00	0.00e+00	0.00e+00	0.00e+00	0.00e+00	0.00e+00	1.44e-92
 8.56032e+20	0.00e+00	1.56e-27	2.77e-20	4.79e-14	2.10e-08	1.79e-04	1.00e+00	0.00e+00	0.00e+00	0.00e+00	0.00e+00	0.00e+00	1.27e-92
 9.11646e+20	0.00e+00	1.85e-27	3.14e-20	5.22e-14	2.23e-08	1.86e-04	1.00e+00	0.00e+00	0.00e+00	0.00e+00	0.00e+00	0.00e+00	1.08e-92
 9.56469e+20	0.00e+00	2.12e-27	3.47e-20	5.59e-14	2.34e-08	1.91e-04	1.00e+00	0.00e+00	0.00e+00	0.00e+00	0.00e+00	0.00e+00	9.12e-93
 1.00683e+21	0.00e+00	2.46e-27	3.89e-20	6.03e-14	2.47e-08	1.97e-04	1.00e+00	0.00e+00	0.00e+00	0.00e+00	0.00e+00	0.00e+00	7.64e-93
 1.07229e+21	0.00e+00	2.99e-27	4.49e-20	6.64e-14	2.65e-08	2.06e-04	1.00e+00	0.00e+00	0.00e+00	0.00e+00	0.00e+00	0.00e+00	6.46e-93
 1.14077e+21	0.00e+00	3.64e-27	5.20e-20	7.34e-14	2.84e-08	2.15e-04	1.00e+00	0.00e+00	0.00e+00	0.00e+00	0.00e+00	0.00e+00	5.44e-93
 1.19834e+21	0.00e+00	4.30e-27	5.88e-20	7.96e-14	3.01e-08	2.23e-04	1.00e+00	0.00e+00	0.00e+00	0.00e+00	0.00e+00	0.00e+00	4.50e-93
 1.25834e+21	0.00e+00	5.08e-27	6.66e-20	8.65e-14	3.19e-08	2.31e-04	1.00e+00	0.00e+00	0.00e+00	0.00e+00	0.00e+00	0.00e+00	3.69e-93
 1.32479e+21	0.00e+00	6.14e-27	7.65e-20	9.48e-14	3.41e-08	2.41e-04	1.00e+00	0.00e+00	0.00e+00	0.00e+00	0.00e+00	0.00e+00	3.03e-93
 1.38443e+21	0.00e+00	7.24e-27	8.64e-20	1.03e-13	3.61e-08	2.50e-04	1.00e+00	0.00e+00	0.00e+00	0.00e+00	0.00e+00	0.00e+00	2.44e-93
 1.43810e+21	0.00e+00	8.39e-27	9.63e-20	1.10e-13	3.80e-08	2.58e-04	1.00e+00	0.00e+00	0.00e+00	0.00e+00	0.00e+00	0.00e+00	1.94e-93
 1.49918e+21	0.00e+00	9.88e-27	1.09e-19	1.19e-13	4.02e-08	2.68e-04	1.00e+00	0.00e+00	0.00e+00	0.00e+00	0.00e+00	0.00e+00	1.54e-93
 1.57859e+21	0.00e+00	1.22e-26	1.27e-19	1.32e-13	4.32e-08	2.81e-04	1.00e+00	0.00e+00	0.00e+00	0.00e+00	0.00e+00	0.00e+00	1.24e-93
 1.65777e+21	0.00e+00	1.50e-26	1.47e-19	1.45e-13	4.64e-08	2.94e-04	1.00e+00	0.00e+00	0.00e+00	0.00e+00	0.00e+00	0.00e+00	9.81e-94
 1.71686e+21	0.00e+00	1.75e-26	1.65e-19	1.56e-13	4.88e-08	3.04e-04	1.00e+00	0.00e+00	0.00e+00	0.00e+00	0.00e+00	0.00e+00	7.55e-94
 1.77389e+21	0.00e+00	2.02e-26	1.83e-19	1.67e-13	5.13e-08	3.15e-04	1.00e+00	0.00e+00	0.00e+00	0.00e+00	0.00e+00	0.00e+00	5.74e-94
 1.84803e+21	0.00e+00	2.44e-26	2.09e-19	1.81e-13	5.46e-08	3.28e-04	1.00e+00	0.00e+00	0.00e+00	0.00e+00	0.00e+00	0.00e+00	4.39e-94
 1.92504e+21	0.00e+00	2.95e-26	2.40e-19	1.98e-13	5.83e-08	3.43e-04	1.00e+00	0.00e+00	0.00e+00	0.00e+00	0.00e+00	0.00e+00	3.33e-94
 1.98899e+21	0.00e+00	3.45e-26	2.69e-19	2.12e-13	6.14e-08	3.56e-04	1.00e+00	0.00e+00	0.00e+00	0.00e+00	0.00e+00	0.00e+00	2.47e-94
 2.05532e+21	0.00e+00	4.05e-26	3.01e-19	2.28e-13	6.47e-08	3.69e-04	1.00e+00	0.00e+00	0.00e+00	0.00e+00	0.00e+00	0.00e+00	2.53e-94
 2.12807e+21	0.00e+00	4.81e-26	3.41e-19	2.46e-13	6.86e-08	3.84e-04	1.00e+00	0.00e+00	0.00e+00	0.00e+00	0.00e+00	0.00e+00	2.60e-94
 2.19391e+21	0.00e+00	5.61e-26	3.80e-19	2.63e-13	7.22e-08	3.98e-04	1.00e+00	0.00e+00	0.00e+00	0.00e+00	0.00e+00	0.00e+00	3.18e-93
 2.25472e+21	0.00e+00	6.46e-26	4.20e-19	2.79e-13	7.56e-08	4.11e-04	1.00e+00	0.00e+00	0.00e+00	0.00e+00	0.00e+00	0.00e+00	6.16e-93
 2.32425e+21	0.00e+00	7.56e-26	4.70e-19	2.99e-13	7.97e-08	4.27e-04	1.00e+00	0.00e+00	0.00e+00	0.00e+00	0.00e+00	0.00e+00	9.04e-93
 2.40189e+21	0.00e+00	8.99e-26	5.32e-19	3.22e-13	8.44e-08	4.45e-04	1.00e+00	0.00e+00	0.00e+00	0.00e+00	0.00e+00	0.00e+00	1.59e-92
 2.47412e+21	0.00e+00	1.05e-25	5.95e-19	3.44e-13	8.89e-08	4.62e-04	1.00e+00	0.00e+00	0.00e+00	0.00e+00	0.00e+00	0.00e+00	2.43e-92
 2.54135e+21	0.00e+00	1.22e-25	6.59e-19	3.66e-13	9.33e-08	4.79e-04	1.00e+00	0.00e+00	0.00e+00	0.00e+00	0.00e+00	0.00e+00	4.00e-92
 2.61800e+21	0.00e+00	1.44e-25	7.39e-19	3.92e-13	9.84e-08	4.98e-04	1.00e+00	0.00e+00	0.00e+00	0.00e+00	0.00e+00	0.00e+00	7.68e-92
 2.70110e+21	0.00e+00	1.71e-25	8.35e-19	4.21e-13	1.04e-07	5.19e-04	9.99e-01	0.00e+00	0.00e+00	0.00e+00	0.00e+00	0.00e+00	1.35e-91
 2.77537e+21	0.00e+00	1.99e-25	9.30e-19	4.49e-13	1.10e-07	5.39e-04	9.99e-01	0.00e+00	0.00e+00	0.00e+00	0.00e+00	0.00e+00	2.09e-91
 2.84283e+21	0.00e+00	2.28e-25	1.02e-18	4.74e-13	1.15e-07	5.57e-04	9.99e-01	0.00e+00	0.00e+00	0.00e+00	0.00e+00	0.00e+00	4.05e-91
 2.91866e+21	0.00e+00	2.66e-25	1.14e-18	5.05e-13	1.20e-07	5.78e-04	9.99e-01	0.00e+00	0.00e+00	0.00e+00	0.00e+00	0.00e+00	6.31e-91
 3.00376e+21	0.00e+00	3.14e-25	1.28e-18	5.40e-13	1.27e-07	6.02e-04	9.99e-01	0.00e+00	0.00e+00	0.00e+00	0.00e+00	0.00e+00	1.10e-90
 3.08370e+21	0.00e+00	3.66e-25	1.42e-18	5.75e-13	1.34e-07	6.25e-04	9.99e-01	0.00e+00	0.00e+00	0.00e+00	0.00e+00	0.00e+00	1.69e-90
 3.15857e+21	0.00e+00	4.22e-25	1.57e-18	6.09e-13	1.40e-07	6.47e-04	9.99e-01	0.00e+00	0.00e+00	0.00e+00	0.00e+00	0.00e+00	2.80e-90
 3.24405e+21	0.00e+00	4.95e-25	1.76e-18	6.49e-13	1.48e-07	6.73e-04	9.99e-01	0.00e+00	0.00e+00	0.00e+00	0.00e+00	0.00e+00	5.39e-90
 3.33588e+21	0.00e+00	5.85e-25	1.97e-18	6.94e-13	1.56e-07	7.01e-04	9.99e-01	0.00e+00	0.00e+00	0.00e+00	0.00e+00	0.00e+00	9.61e-90
 3.41660e+21	0.00e+00	6.77e-25	2.18e-18	7.36e-13	1.64e-07	7.27e-04	9.99e-01	0.00e+00	0.00e+00	0.00e+00	0.00e+00	0.00e+00	1.45e-89
 3.50222e+21	5.00e-33	7.87e-25	2.43e-18	7.83e-13	1.73e-07	7.54e-04	9.99e-01	0.00e+00	0.00e+00	0.00e+00	0.00e+00	0.00e+00	2.00e-89
 3.59845e+21	6.21e-33	9.30e-25	2.73e-18	8.37e-13	1.83e-07	7.86e-04	9.99e-01	0.00e+00	0.00e+00	0.00e+00	0.00e+00	0.00e+00	3.53e-89
 3.68922e+21	7.60e-33	1.09e-24	3.04e-18	8.92e-13	1.92e-07	8.16e-04	9.99e-01	0.00e+00	0.00e+00	0.00e+00	0.00e+00	0.00e+00	5.54e-89
 3.77469e+21	9.15e-33	1.25e-24	3.36e-18	9.45e-13	2.02e-07	8.45e-04	9.99e-01	0.00e+00	0.00e+00	0.00e+00	0.00e+00	0.00e+00	8.80e-89
 3.87258e+21	1.13e-32	1.47e-24	3.76e-18	1.01e-12	2.13e-07	8.79e-04	9.99e-01	0.00e+00	0.00e+00	0.00e+00	0.00e+00	0.00e+00	1.69e-88
 3.98205e+21	1.42e-32	1.76e-24	4.26e-18	1.09e-12	2.27e-07	9.18e-04	9.99e-01	0.00e+00	0.00e+00	0.00e+00	0.00e+00	0.00e+00	3.11e-88
 4.07972e+21	1.74e-32	2.05e-24	4.75e-18	1.16e-12	2.39e-07	9.53e-04	9.99e-01	0.00e+00	0.00e+00	0.00e+00	0.00e+00	0.00e+00	5.20e-88
 4.16431e+21	2.06e-32	2.34e-24	5.22e-18	1.22e-12	2.50e-07	9.84e-04	9.99e-01	0.00e+00	0.00e+00	0.00e+00	0.00e+00	0.00e+00	1.05e-87
 4.25874e+21	2.47e-32	2.70e-24	5.78e-18	1.30e-12	2.63e-07	1.02e-03	9.99e-01	0.00e+00	0.00e+00	0.00e+00	0.00e+00	0.00e+00	1.32e-87
 4.38151e+21	3.16e-32	3.26e-24	6.59e-18	1.40e-12	2.81e-07	1.07e-03	9.99e-01	0.00e+00	0.00e+00	0.00e+00	0.00e+00	0.00e+00	2.68e-87
 4.50589e+21	4.01e-32	3.92e-24	7.51e-18	1.52e-12	3.00e-07	1.12e-03	9.99e-01	0.00e+00	0.00e+00	0.00e+00	0.00e+00	0.00e+00	4.94e-87
 4.60680e+21	4.85e-32	4.54e-24	8.35e-18	1.62e-12	3.16e-07	1.16e-03	9.99e-01	0.00e+00	0.00e+00	0.00e+00	0.00e+00	0.00e+00	1.07e-86
 4.71243e+21	5.89e-32	5.29e-24	9.30e-18	1.73e-12	3.34e-07	1.20e-03	9.99e-01	0.00e+00	0.00e+00	0.00e+00	0.00e+00	0.00e+00	1.81e-86
 4.84974e+21	7.55e-32	6.41e-24	1.07e-17	1.88e-12	3.58e-07	1.25e-03	9.99e-01	0.00e+00	0.00e+00	0.00e+00	0.00e+00	0.00e+00	2.62e-86
 4.99074e+21	9.71e-32	7.80e-24	1.23e-17	2.04e-12	3.84e-07	1.31e-03	9.99e-01	0.00e+00	0.00e+00	0.00e+00	0.00e+00	0.00e+00	5.44e-86
 5.10119e+21	1.18e-31	9.07e-24	1.37e-17	2.18e-12	4.05e-07	1.36e-03	9.99e-01	0.00e+00	0.00e+00	0.00e+00	0.00e+00	0.00e+00	1.19e-85
 5.20941e+21	1.42e-31	1.05e-23	1.52e-17	2.33e-12	4.27e-07	1.41e-03	9.99e-01	0.00e+00	0.00e+00	0.00e+00	0.00e+00	0.00e+00	1.99e-85
 5.35010e+21	1.80e-31	1.26e-23	1.74e-17	2.53e-12	4.57e-07	1.47e-03	9.99e-01	0.00e+00	0.00e+00	0.00e+00	0.00e+00	0.00e+00	2.78e-85
 5.49610e+21	2.29e-31	1.53e-23	1.99e-17	2.75e-12	4.90e-07	1.54e-03	9.98e-01	0.00e+00	0.00e+00	0.00e+00	0.00e+00	0.00e+00	5.64e-85
 5.61797e+21	2.80e-31	1.78e-23	2.23e-17	2.95e-12	5.19e-07	1.60e-03	9.98e-01	0.00e+00	0.00e+00	0.00e+00	0.00e+00	0.00e+00	1.24e-84
 5.74535e+21	3.42e-31	2.09e-23	2.50e-17	3.17e-12	5.51e-07	1.66e-03	9.98e-01	0.00e+00	0.00e+00	0.00e+00	0.00e+00	0.00e+00	1.82e-84
 5.91095e+21	4.46e-31	2.57e-23	2.91e-17	3.48e-12	5.95e-07	1.74e-03	9.98e-01	0.00e+00	0.00e+00	0.00e+00	0.00e+00	0.00e+00	3.16e-84
 6.07820e+21	5.78e-31	3.16e-23	3.37e-17	3.82e-12	6.42e-07	1.82e-03	9.98e-01	0.00e+00	0.00e+00	0.00e+00	0.00e+00	0.00e+00	6.79e-84
 6.21238e+21	7.10e-31	3.71e-23	3.79e-17	4.11e-12	6.82e-07	1.89e-03	9.98e-01	0.00e+00	0.00e+00	0.00e+00	0.00e+00	0.00e+00	1.53e-83
 6.33197e+21	8.51e-31	4.28e-23	4.21e-17	4.39e-12	7.20e-07	1.96e-03	9.98e-01	0.00e+00	0.00e+00	0.00e+00	0.00e+00	0.00e+00	4.61e-83
 6.46778e+21	1.04e-30	5.01e-23	4.73e-17	4.73e-12	7.64e-07	2.03e-03	9.98e-01	0.00e+00	0.00e+00	0.00e+00	0.00e+00	0.00e+00	4.28e-83
 6.64434e+21	1.35e-30	6.14e-23	5.49e-17	5.19e-12	8.25e-07	2.12e-03	9.98e-01	0.00e+00	0.00e+00	0.00e+00	0.00e+00	0.00e+00	4.54e-83
 6.82393e+21	1.74e-30	7.53e-23	6.37e-17	5.71e-12	8.92e-07	2.23e-03	9.98e-01	0.00e+00	0.00e+00	0.00e+00	0.00e+00	0.00e+00	1.32e-82
 6.96856e+21	2.14e-30	8.86e-23	7.18e-17	6.17e-12	9.49e-07	2.31e-03	9.98e-01	0.00e+00	0.00e+00	0.00e+00	0.00e+00	0.00e+00	2.95e-82
 7.11770e+21	2.64e-30	1.05e-22	8.11e-17	6.66e-12	1.01e-06	2.40e-03	9.98e-01	0.00e+00	0.00e+00	0.00e+00	0.00e+00	0.00e+00	5.14e-82
 7.31157e+21	3.45e-30	1.29e-22	9.47e-17	7.36e-12	1.10e-06	2.51e-03	9.97e-01	0.00e+00	0.00e+00	0.00e+00	0.00e+00	0.00e+00	5.54e-82
 7.51183e+21	4.53e-30	1.60e-22	1.11e-16	8.16e-12	1.19e-06	2.64e-03	9.97e-01	0.00e+00	0.00e+00	0.00e+00	0.00e+00	0.00e+00	1.25e-81
 7.67549e+21	5.64e-30	1.91e-22	1.26e-16	8.87e-12	1.27e-06	2.74e-03	9.97e-01	0.00e+00	0.00e+00	0.00e+00	0.00e+00	0.00e+00	2.54e-81
 7.84337e+21	7.05e-30	2.28e-22	1.44e-16	9.64e-12	1.36e-06	2.85e-03	9.97e-01	0.00e+00	0.00e+00	0.00e+00	0.00e+00	0.00e+00	6.94e-81
 8.02051e+21	8.89e-30	2.74e-22	1.65e-16	1.05e-11	1.46e-06	2.97e-03	9.97e-01	0.00e+00	0.00e+00	0.00e+00	0.00e+00	0.00e+00	8.01e-81
 8.17151e+21	1.08e-29	3.20e-22	1.85e-16	1.14e-11	1.55e-06	3.08e-03	9.97e-01	0.00e+00	0.00e+00	0.00e+00	0.00e+00	0.00e+00	2.32e-80
 8.32961e+21	1.32e-29	3.76e-22	2.09e-16	1.23e-11	1.65e-06	3.19e-03	9.97e-01	0.00e+00	0.00e+00	0.00e+00	0.00e+00	0.00e+00	2.34e-80
 8.53513e+21	1.72e-29	4.62e-22	2.43e-16	1.36e-11	1.79e-06	3.33e-03	9.97e-01	0.00e+00	0.00e+00	0.00e+00	0.00e+00	0.00e+00	3.07e-80
 8.74141e+21	2.23e-29	5.68e-22	2.84e-16	1.50e-11	1.94e-06	3.49e-03	9.97e-01	0.00e+00	0.00e+00	0.00e+00	0.00e+00	0.00e+00	8.42e-80
 8.90282e+21	2.73e-29	6.67e-22	3.20e-16	1.62e-11	2.07e-06	3.61e-03	9.96e-01	0.00e+00	0.00e+00	0.00e+00	0.00e+00	0.00e+00	2.48e-79
 9.03680e+21	3.22e-29	7.61e-22	3.53e-16	1.73e-11	2.17e-06	3.72e-03	9.96e-01	0.00e+00	0.00e+00	0.00e+00	0.00e+00	0.00e+00	4.67e-79
 9.18097e+21	3.84e-29	8.77e-22	3.92e-16	1.85e-11	2.30e-06	3.83e-03	9.96e-01	0.00e+00	0.00e+00	0.00e+00	0.00e+00	0.00e+00	1.37e-78
 9.36839e+21	4.82e-29	1.05e-21	4.49e-16	2.02e-11	2.46e-06	3.98e-03	9.96e-01	0.00e+00	0.00e+00	0.00e+00	0.00e+00	0.00e+00	2.47e-78
 9.55953e+21	6.08e-29	1.27e-21	5.15e-16	2.21e-11	2.65e-06	4.14e-03	9.96e-01	0.00e+00	0.00e+00	0.00e+00	0.00e+00	0.00e+00	4.53e-78
 9.71261e+21	7.32e-29	1.47e-21	5.75e-16	2.38e-11	2.80e-06	4.28e-03	9.96e-01	0.00e+00	0.00e+00	0.00e+00	0.00e+00	0.00e+00	7.31e-78
 9.86870e+21	8.81e-29	1.70e-21	6.43e-16	2.56e-11	2.97e-06	4.41e-03	9.96e-01	0.00e+00	0.00e+00	0.00e+00	0.00e+00	0.00e+00	1.18e-77
 1.00347e+22	1.07e-28	1.99e-21	7.24e-16	2.77e-11	3.16e-06	4.56e-03	9.95e-01	0.00e+00	0.00e+00	0.00e+00	0.00e+00	0.00e+00	1.98e-77
 1.01775e+22	1.27e-28	2.29e-21	8.02e-16	2.96e-11	3.33e-06	4.70e-03	9.95e-01	0.00e+00	0.00e+00	0.00e+00	0.00e+00	0.00e+00	3.07e-77
 1.03072e+22	1.48e-28	2.58e-21	8.78e-16	3.15e-11	3.49e-06	4.82e-03	9.95e-01	0.00e+00	0.00e+00	0.00e+00	0.00e+00	0.00e+00	4.53e-77
 1.04561e+22	1.77e-28	2.97e-21	9.76e-16	3.38e-11	3.69e-06	4.96e-03	9.95e-01	0.00e+00	0.00e+00	0.00e+00	0.00e+00	0.00e+00	7.12e-77
 1.06238e+22	2.15e-28	3.48e-21	1.10e-15	3.65e-11	3.92e-06	5.13e-03	9.95e-01	0.00e+00	0.00e+00	0.00e+00	0.00e+00	0.00e+00	1.18e-76
 1.07818e+22	2.59e-28	4.04e-21	1.23e-15	3.93e-11	4.15e-06	5.29e-03	9.95e-01	0.00e+00	0.00e+00	0.00e+00	0.00e+00	0.00e+00	1.89e-76
 1.09284e+22	3.08e-28	4.63e-21	1.36e-15	4.22e-11	4.38e-06	5.44e-03	9.95e-01	0.00e+00	0.00e+00	0.00e+00	0.00e+00	0.00e+00	2.93e-76
 1.10943e+22	3.71e-28	5.38e-21	1.53e-15	4.55e-11	4.64e-06	5.61e-03	9.94e-01	0.00e+00	0.00e+00	0.00e+00	0.00e+00	0.00e+00	4.70e-76
 1.12706e+22	4.59e-28	6.39e-21	1.74e-15	4.95e-11	4.95e-06	5.81e-03	9.94e-01	0.00e+00	0.00e+00	0.00e+00	0.00e+00	0.00e+00	8.08e-76
 1.14174e+22	5.45e-28	7.33e-21	1.93e-15	5.31e-11	5.22e-06	5.97e-03	9.94e-01	0.00e+00	0.00e+00	0.00e+00	0.00e+00	0.00e+00	1.25e-75
 1.15656e+22	6.47e-28	8.42e-21	2.14e-15	5.70e-11	5.51e-06	6.14e-03	9.94e-01	0.00e+00	0.00e+00	0.00e+00	0.00e+00	0.00e+00	1.92e-75
 1.17582e+22	8.09e-28	1.01e-20	2.45e-15	6.24e-11	5.90e-06	6.37e-03	9.94e-01	0.00e+00	0.00e+00	0.00e+00	0.00e+00	0.00e+00	3.37e-75
 1.19524e+22	1.02e-27	1.21e-20	2.82e-15	6.85e-11	6.33e-06	6.60e-03	9.93e-01	0.00e+00	0.00e+00	0.00e+00	0.00e+00	0.00e+00	5.96e-75
 1.21045e+22	1.21e-27	1.40e-20	3.14e-15	7.37e-11	6.68e-06	6.79e-03	9.93e-01	0.00e+00	0.00e+00	0.00e+00	0.00e+00	0.00e+00	9.30e-75
 1.22582e+22	1.45e-27	1.61e-20	3.51e-15	7.94e-11	7.06e-06	6.99e-03	9.93e-01	0.00e+00	0.00e+00	0.00e+00	0.00e+00	0.00e+00	1.45e-74
 1.24580e+22	1.83e-27	1.95e-20	4.04e-15	8.74e-11	7.58e-06	7.25e-03	9.93e-01	0.00e+00	0.00e+00	0.00e+00	0.00e+00	0.00e+00	2.58e-74
 1.26623e+22	2.33e-27	2.37e-20	4.69e-15	9.66e-11	8.16e-06	7.53e-03	9.92e-01	0.00e+00	0.00e+00	0.00e+00	0.00e+00	0.00e+00	4.67e-74
 1.28203e+22	2.80e-27	2.75e-20	5.26e-15	1.04e-10	8.63e-06	7.75e-03	9.92e-01	0.00e+00	0.00e+00	0.00e+00	0.00e+00	0.00e+00	7.40e-74
 1.29534e+22	3.28e-27	3.12e-20	5.79e-15	1.12e-10	9.06e-06	7.94e-03	9.92e-01	0.00e+00	0.00e+00	0.00e+00	0.00e+00	0.00e+00	1.09e-73
 1.31063e+22	3.92e-27	3.61e-20	6.48e-15	1.20e-10	9.56e-06	8.17e-03	9.92e-01	0.00e+00	0.00e+00	0.00e+00	0.00e+00	0.00e+00	1.69e-73
 1.33050e+22	4.95e-27	4.36e-20	7.48e-15	1.33e-10	1.03e-05	8.46e-03	9.92e-01	0.00e+00	0.00e+00	0.00e+00	0.00e+00	0.00e+00	2.98e-73
 1.35060e+22	6.29e-27	5.30e-20	8.69e-15	1.47e-10	1.10e-05	8.78e-03	9.91e-01	0.00e+00	0.00e+00	0.00e+00	0.00e+00	0.00e+00	5.33e-73
 1.36644e+22	7.65e-27	6.21e-20	9.81e-15	1.60e-10	1.17e-05	9.04e-03	9.91e-01	0.00e+00	0.00e+00	0.00e+00	0.00e+00	0.00e+00	8.55e-73
 1.38246e+22	9.19e-27	7.22e-20	1.10e-14	1.73e-10	1.24e-05	9.30e-03	9.91e-01	0.00e+00	0.00e+00	0.00e+00	0.00e+00	0.00e+00	1.33e-72
 1.40329e+22	1.18e-26	8.83e-20	1.28e-14	1.92e-10	1.33e-05	9.65e-03	9.90e-01	0.00e+00	0.00e+00	0.00e+00	0.00e+00	0.00e+00	2.42e-72
 1.42441e+22	1.52e-26	1.09e-19	1.51e-14	2.15e-10	1.44e-05	1.00e-02	9.90e-01	0.00e+00	0.00e+00	0.00e+00	0.00e+00	0.00e+00	4.45e-72
 1.44110e+22	1.87e-26	1.29e-19	1.72e-14	2.35e-10	1.53e-05	1.03e-02	9.90e-01	0.00e+00	0.00e+00	0.00e+00	0.00e+00	0.00e+00	7.33e-72
 1.45796e+22	2.27e-26	1.51e-19	1.94e-14	2.56e-10	1.62e-05	1.07e-02	9.89e-01	0.00e+00	0.00e+00	0.00e+00	0.00e+00	0.00e+00	1.16e-71
 1.47988e+22	2.95e-26	1.87e-19	2.29e-14	2.87e-10	1.75e-05	1.11e-02	9.89e-01	0.00e+00	0.00e+00	0.00e+00	0.00e+00	0.00e+00	2.17e-71
 1.50226e+22	3.87e-26	2.33e-19	2.72e-14	3.23e-10	1.90e-05	1.15e-02	9.88e-01	0.00e+00	0.00e+00	0.00e+00	0.00e+00	0.00e+00	4.11e-71
 1.52016e+22	4.80e-26	2.79e-19	3.12e-14	3.55e-10	2.03e-05	1.19e-02	9.88e-01	0.00e+00	0.00e+00	0.00e+00	0.00e+00	0.00e+00	6.85e-71
 1.53837e+22	5.97e-26	3.33e-19	3.59e-14	3.91e-10	2.16e-05	1.23e-02	9.88e-01	0.00e+00	0.00e+00	0.00e+00	0.00e+00	0.00e+00	1.14e-70
 1.56204e+22	7.87e-26	4.18e-19	4.28e-14	4.42e-10	2.35e-05	1.28e-02	9.87e-01	0.00e+00	0.00e+00	0.00e+00	0.00e+00	0.00e+00	2.18e-70
 1.58623e+22	1.05e-25	5.32e-19	5.16e-14	5.04e-10	2.56e-05	1.34e-02	9.87e-01	0.00e+00	0.00e+00	0.00e+00	0.00e+00	0.00e+00	4.32e-70
 1.60566e+22	1.34e-25	6.47e-19	6.01e-14	5.60e-10	2.74e-05	1.38e-02	9.86e-01	0.00e+00	0.00e+00	0.00e+00	0.00e+00	0.00e+00	7.51e-70
 1.62550e+22	1.67e-25	7.78e-19	6.94e-14	6.19e-10	2.93e-05	1.43e-02	9.86e-01	0.00e+00	0.00e+00	0.00e+00	0.00e+00	0.00e+00	1.27e-69
 1.64767e+22	2.16e-25	9.62e-19	8.19e-14	6.95e-10	3.17e-05	1.48e-02	9.85e-01	0.00e+00	0.00e+00	0.00e+00	0.00e+00	0.00e+00	2.30e-69
 1.66786e+22	2.73e-25	1.17e-18	9.51e-14	7.72e-10	3.39e-05	1.54e-02	9.85e-01	0.00e+00	0.00e+00	0.00e+00	0.00e+00	0.00e+00	3.94e-69
 1.68587e+22	3.37e-25	1.39e-18	1.09e-13	8.49e-10	3.61e-05	1.58e-02	9.84e-01	0.00e+00	0.00e+00	0.00e+00	0.00e+00	0.00e+00	6.39e-69
 1.70608e+22	4.19e-25	1.66e-18	1.25e-13	9.38e-10	3.85e-05	1.63e-02	9.84e-01	0.00e+00	0.00e+00	0.00e+00	0.00e+00	0.00e+00	1.06e-68
 1.73236e+22	5.58e-25	2.10e-18	1.51e-13	1.07e-09	4.20e-05	1.70e-02	9.83e-01	0.00e+00	0.00e+00	0.00e+00	0.00e+00	0.00e+00	2.05e-68
 1.75885e+22	7.43e-25	2.67e-18	1.82e-13	1.22e-09	4.58e-05	1.78e-02	9.82e-01	0.00e+00	0.00e+00	0.00e+00	0.00e+00	0.00e+00	3.97e-68
 1.77968e+22	9.33e-25	3.23e-18	2.11e-13	1.35e-09	4.90e-05	1.84e-02	9.82e-01	0.00e+00	0.00e+00	0.00e+00	0.00e+00	0.00e+00	6.69e-68
 1.80080e+22	1.15e-24	3.85e-18	2.43e-13	1.49e-09	5.22e-05	1.90e-02	9.81e-01	0.00e+00	0.00e+00	0.00e+00	0.00e+00	0.00e+00	1.09e-67
 1.82827e+22	1.52e-24	4.84e-18	2.90e-13	1.70e-09	5.67e-05	1.98e-02	9.80e-01	0.00e+00	0.00e+00	0.00e+00	0.00e+00	0.00e+00	2.04e-67
 1.85712e+22	2.02e-24	6.14e-18	3.50e-13	1.94e-09	6.19e-05	2.06e-02	9.79e-01	0.00e+00	0.00e+00	0.00e+00	0.00e+00	0.00e+00	3.93e-67
 1.88147e+22	2.55e-24	7.47e-18	4.09e-13	2.16e-09	6.65e-05	2.14e-02	9.79e-01	0.00e+00	0.00e+00	0.00e+00	0.00e+00	0.00e+00	6.74e-67
 1.90683e+22	3.23e-24	9.10e-18	4.78e-13	2.42e-09	7.14e-05	2.21e-02	9.78e-01	0.00e+00	0.00e+00	0.00e+00	0.00e+00	0.00e+00	1.16e-66
 1.93980e+22	4.34e-24	1.17e-17	5.82e-13	2.78e-09	7.82e-05	2.31e-02	9.77e-01	0.00e+00	0.00e+00	0.00e+00	0.00e+00	0.00e+00	2.28e-66
 1.97356e+22	5.85e-24	1.50e-17	7.11e-13	3.20e-09	8.58e-05	2.42e-02	9.76e-01	0.00e+00	0.00e+00	0.00e+00	0.00e+00	0.00e+00	4.53e-66
 1.99965e+22	7.32e-24	1.82e-17	8.26e-13	3.57e-09	9.21e-05	2.51e-02	9.75e-01	0.00e+00	0.00e+00	0.00e+00	0.00e+00	0.00e+00	7.60e-66
 2.02094e+22	8.79e-24	2.12e-17	9.35e-13	3.90e-09	9.75e-05	2.58e-02	9.74e-01	0.00e+00	0.00e+00	0.00e+00	0.00e+00	0.00e+00	1.16e-65
 2.04463e+22	1.06e-23	2.48e-17	1.06e-12	4.26e-09	1.03e-04	2.65e-02	9.73e-01	0.00e+00	0.00e+00	0.00e+00	0.00e+00	0.00e+00	1.77e-65
 2.07544e+22	1.35e-23	3.05e-17	1.25e-12	4.79e-09	1.12e-04	2.75e-02	9.72e-01	0.00e+00	0.00e+00	0.00e+00	0.00e+00	0.00e+00	3.09e-65
 2.10812e+22	1.73e-23	3.79e-17	1.48e-12	5.42e-09	1.21e-04	2.86e-02	9.71e-01	0.00e+00	0.00e+00	0.00e+00	0.00e+00	0.00e+00	5.53e-65
 2.13615e+22	2.14e-23	4.54e-17	1.71e-12	6.01e-09	1.29e-04	2.96e-02	9.70e-01	0.00e+00	0.00e+00	0.00e+00	4.54e-17	9.87e-21	8.99e-65
 2.16552e+22	2.64e-23	5.44e-17	1.98e-12	6.67e-09	1.38e-04	3.06e-02	9.69e-01	0.00e+00	0.00e+00	0.00e+00	5.44e-17	1.18e-20	1.46e-64
 2.20369e+22	3.45e-23	6.84e-17	2.37e-12	7.61e-09	1.51e-04	3.19e-02	9.68e-01	0.00e+00	0.00e+00	0.00e+00	6.84e-17	1.48e-20	2.71e-64
 2.24254e+22	4.50e-23	8.63e-17	2.86e-12	8.70e-09	1.65e-04	3.33e-02	9.67e-01	0.00e+00	0.00e+00	0.00e+00	8.63e-17	1.87e-20	5.02e-64
 2.27365e+22	5.52e-23	1.03e-16	3.30e-12	9.65e-09	1.76e-04	3.44e-02	9.65e-01	0.00e+00	0.00e+00	0.00e+00	1.03e-16	2.24e-20	8.11e-64
 2.30022e+22	6.53e-23	1.20e-16	3.72e-12	1.05e-08	1.86e-04	3.54e-02	9.64e-01	0.00e+00	0.00e+00	0.00e+00	1.20e-16	2.60e-20	1.20e-63
 2.32951e+22	7.83e-23	1.41e-16	4.22e-12	1.15e-08	1.98e-04	3.64e-02	9.63e-01	0.00e+00	0.00e+00	0.00e+00	1.41e-16	3.04e-20	1.84e-63
 2.36758e+22	9.82e-23	1.72e-16	4.96e-12	1.30e-08	2.14e-04	3.78e-02	9.62e-01	0.00e+00	0.00e+00	0.00e+00	1.72e-16	3.72e-20	3.13e-63
 2.40693e+22	1.24e-22	2.12e-16	5.86e-12	1.46e-08	2.31e-04	3.93e-02	9.61e-01	0.00e+00	0.00e+00	0.00e+00	2.12e-16	4.56e-20	5.38e-63
 2.43933e+22	1.49e-22	2.51e-16	6.71e-12	1.61e-08	2.46e-04	4.05e-02	9.59e-01	0.00e+00	0.00e+00	0.00e+00	2.51e-16	5.40e-20	8.37e-63
 2.47282e+22	1.78e-22	2.94e-16	7.63e-12	1.77e-08	2.62e-04	4.17e-02	9.58e-01	0.00e+00	0.00e+00	0.00e+00	2.94e-16	6.33e-20	1.27e-62
 2.51636e+22	2.23e-22	3.62e-16	9.01e-12	2.00e-08	2.83e-04	4.34e-02	9.56e-01	0.00e+00	0.00e+00	0.00e+00	3.62e-16	7.78e-20	2.19e-62
 2.56164e+22	2.80e-22	4.48e-16	1.07e-11	2.27e-08	3.07e-04	4.51e-02	9.55e-01	0.00e+00	0.00e+00	0.00e+00	4.48e-16	9.61e-20	3.80e-62
 2.59939e+22	3.37e-22	5.35e-16	1.23e-11	2.52e-08	3.29e-04	4.66e-02	9.53e-01	0.00e+00	0.00e+00	0.00e+00	5.35e-16	1.15e-19	5.98e-62
 2.63868e+22	4.03e-22	6.33e-16	1.41e-11	2.78e-08	3.51e-04	4.81e-02	9.52e-01	0.00e+00	0.00e+00	0.00e+00	6.33e-16	1.35e-19	9.24e-62
 2.68976e+22	5.06e-22	7.86e-16	1.68e-11	3.16e-08	3.81e-04	5.01e-02	9.50e-01	0.00e+00	0.00e+00	0.00e+00	7.86e-16	1.68e-19	1.61e-61
 2.74263e+22	6.34e-22	9.82e-16	2.01e-11	3.60e-08	4.16e-04	5.22e-02	9.47e-01	0.00e+00	0.00e+00	0.00e+00	9.82e-16	2.09e-19	2.84e-61
 2.78415e+22	7.50e-22	1.16e-15	2.31e-11	3.98e-08	4.44e-04	5.39e-02	9.46e-01	0.00e+00	0.00e+00	0.00e+00	1.16e-15	2.47e-19	4.35e-61
 2.82443e+22	8.79e-22	1.36e-15	2.62e-11	4.37e-08	4.71e-04	5.55e-02	9.44e-01	0.00e+00	0.00e+00	0.00e+00	1.36e-15	2.89e-19	6.48e-61
 2.87680e+22	1.07e-21	1.66e-15	3.08e-11	4.92e-08	5.09e-04	5.76e-02	9.42e-01	0.00e+00	0.00e+00	0.00e+00	1.66e-15	3.52e-19	1.07e-60
 2.93224e+22	1.31e-21	2.05e-15	3.64e-11	5.56e-08	5.52e-04	5.99e-02	9.40e-01	0.00e+00	0.00e+00	0.00e+00	2.05e-15	4.32e-19	1.80e-60
 2.97999e+22	1.54e-21	2.44e-15	4.19e-11	6.17e-08	5.90e-04	6.18e-02	9.38e-01	0.00e+00	0.00e+00	0.00e+00	2.44e-15	5.14e-19	2.77e-60
 3.03036e+22	1.81e-21	2.90e-15	4.82e-11	6.83e-08	6.31e-04	6.38e-02	9.36e-01	0.00e+00	0.00e+00	0.00e+00	2.90e-15	6.09e-19	4.26e-60
 3.09586e+22	2.23e-21	3.63e-15	5.77e-11	7.81e-08	6.88e-04	6.66e-02	9.33e-01	0.00e+00	0.00e+00	0.00e+00	3.62e-15	7.59e-19	7.40e-60
 3.16425e+22	2.74e-21	4.56e-15	6.95e-11	8.96e-08	7.53e-04	6.95e-02	9.30e-01	0.00e+00	0.00e+00	0.00e+00	4.56e-15	9.52e-19	1.29e-59
 3.22221e+22	3.22e-21	5.51e-15	8.09e-11	1.00e-07	8.10e-04	7.20e-02	9.27e-01	0.00e+00	0.00e+00	0.00e+00	5.50e-15	1.15e-18	2.04e-59
 3.27369e+22	3.70e-21	6.47e-15	9.21e-11	1.10e-07	8.62e-04	7.41e-02	9.25e-01	0.00e+00	0.00e+00	0.00e+00	6.47e-15	1.34e-18	3.01e-59
 3.33097e+22	4.32e-21	7.72e-15	1.06e-10	1.23e-07	9.23e-04	7.66e-02	9.22e-01	0.00e+00	0.00e+00	0.00e+00	7.72e-15	1.60e-18	4.62e-59
 3.40544e+22	5.17e-21	9.55e-15	1.26e-10	1.39e-07	1.00e-03	7.97e-02	9.19e-01	0.00e+00	0.00e+00	0.00e+00	9.54e-15	1.97e-18	7.72e-59
 3.48357e+22	6.25e-21	1.21e-14	1.52e-10	1.60e-07	1.10e-03	8.32e-02	9.16e-01	0.00e+00	0.00e+00	0.00e+00	1.21e-14	2.47e-18	1.34e-58
 3.54665e+22	7.19e-21	1.44e-14	1.76e-10	1.78e-07	1.18e-03	8.60e-02	9.13e-01	0.00e+00	0.00e+00	0.00e+00	1.44e-14	2.95e-18	2.05e-58
 3.60059e+22	8.11e-21	1.67e-14	1.99e-10	1.95e-07	1.25e-03	8.84e-02	9.10e-01	0.00e+00	0.00e+00	0.00e+00	1.67e-14	3.42e-18	2.91e-58
 3.66245e+22	9.24e-21	1.98e-14	2.27e-10	2.15e-07	1.33e-03	9.12e-02	9.08e-01	0.00e+00	0.00e+00	0.00e+00	1.98e-14	4.02e-18	4.31e-58
 3.74288e+22	1.09e-20	2.43e-14	2.68e-10	2.43e-07	1.44e-03	9.47e-02	9.04e-01	0.00e+00	0.00e+00	0.00e+00	2.42e-14	4.90e-18	7.01e-58
 3.82799e+22	1.29e-20	3.04e-14	3.22e-10	2.78e-07	1.57e-03	9.86e-02	9.00e-01	0.00e+00	0.00e+00	0.00e+00	3.04e-14	6.11e-18	1.18e-57
 3.89988e+22	1.47e-20	3.65e-14	3.73e-10	3.10e-07	1.69e-03	1.02e-01	8.96e-01	0.00e+00	0.00e+00	0.00e+00	3.65e-14	7.32e-18	1.80e-57
 3.97402e+22	1.68e-20	4.36e-14	4.31e-10	3.45e-07	1.81e-03	1.05e-01	8.93e-01	0.00e+00	0.00e+00	0.00e+00	4.35e-14	8.70e-18	2.74e-57
 4.07041e+22	1.98e-20	5.43e-14	5.15e-10	3.94e-07	1.97e-03	1.10e-01	8.88e-01	0.00e+00	0.00e+00	0.00e+00	5.43e-14	1.08e-17	4.60e-57
 4.17037e+22	2.35e-20	6.91e-14	6.26e-10	4.55e-07	2.17e-03	1.15e-01	8.83e-01	0.00e+00	0.00e+00	0.00e+00	6.91e-14	1.36e-17	7.99e-57
 4.25196e+22	2.67e-20	8.33e-14	7.29e-10	5.09e-07	2.33e-03	1.19e-01	8.79e-01	0.00e+00	0.00e+00	0.00e+00	8.33e-14	1.64e-17	1.23e-56
 4.33500e+22	3.05e-20	9.99e-14	8.45e-10	5.68e-07	2.50e-03	1.22e-01	8.75e-01	0.00e+00	0.00e+00	0.00e+00	9.99e-14	1.95e-17	1.87e-56
 4.44295e+22	3.56e-20	1.25e-13	1.01e-09	6.49e-07	2.72e-03	1.27e-01	8.70e-01	0.00e+00	0.00e+00	0.00e+00	1.25e-13	2.43e-17	3.16e-56
 4.54938e+22	4.17e-20	1.58e-13	1.23e-09	7.48e-07	2.99e-03	1.33e-01	8.64e-01	0.00e+00	0.00e+00	0.00e+00	1.58e-13	3.06e-17	5.39e-56
 4.62781e+22	4.61e-20	1.86e-13	1.40e-09	8.24e-07	3.18e-03	1.37e-01	8.60e-01	0.00e+00	0.00e+00	0.00e+00	1.86e-13	3.58e-17	7.80e-56
 4.70374e+22	5.13e-20	2.16e-13	1.58e-09	9.04e-07	3.37e-03	1.41e-01	8.56e-01	0.00e+00	0.00e+00	0.00e+00	2.16e-13	4.15e-17	1.11e-55
 4.80246e+22	5.85e-20	2.62e-13	1.85e-09	1.01e-06	3.63e-03	1.45e-01	8.51e-01	0.00e+00	0.00e+00	0.00e+00	2.62e-13	4.98e-17	1.73e-55
 4.91010e+22	6.73e-20	3.24e-13	2.20e-09	1.15e-06	3.94e-03	1.51e-01	8.45e-01	0.00e+00	0.00e+00	0.00e+00	3.24e-13	6.13e-17	2.82e-55
 5.00599e+22	7.55e-20	3.90e-13	2.56e-09	1.29e-06	4.24e-03	1.56e-01	8.40e-01	0.00e+00	0.00e+00	0.00e+00	3.90e-13	7.34e-17	4.30e-55
 5.10728e+22	8.51e-20	4.67e-13	2.96e-09	1.44e-06	4.54e-03	1.61e-01	8.34e-01	0.00e+00	0.00e+00	0.00e+00	4.67e-13	8.74e-17	6.55e-55
 5.23896e+22	9.96e-20	5.90e-13	3.59e-09	1.66e-06	4.98e-03	1.68e-01	8.27e-01	0.00e+00	0.00e+00	0.00e+00	5.90e-13	1.10e-16	1.13e-54
 5.37272e+22	1.15e-19	7.52e-13	4.37e-09	1.92e-06	5.46e-03	1.75e-01	8.20e-01	0.00e+00	0.00e+00	0.00e+00	7.52e-13	1.39e-16	1.96e-54
 5.47863e+22	1.28e-19	9.05e-13	5.09e-09	2.15e-06	5.87e-03	1.81e-01	8.14e-01	0.00e+00	0.00e+00	0.00e+00	9.05e-13	1.66e-16	3.00e-54
 5.58575e+22	1.43e-19	1.08e-12	5.88e-09	2.39e-06	6.29e-03	1.86e-01	8.08e-01	0.00e+00	0.00e+00	0.00e+00	1.08e-12	1.97e-16	4.52e-54
 5.72501e+22	1.65e-19	1.35e-12	7.06e-09	2.74e-06	6.85e-03	1.93e-01	8.00e-01	0.00e+00	0.00e+00	0.00e+00	1.35e-12	2.43e-16	7.57e-54
 5.87550e+22	1.90e-19	1.72e-12	8.62e-09	3.18e-06	7.53e-03	2.01e-01	7.91e-01	0.00e+00	0.00e+00	0.00e+00	1.72e-12	3.08e-16	1.33e-53
 6.00704e+22	2.14e-19	2.13e-12	1.03e-08	3.62e-06	8.18e-03	2.09e-01	7.83e-01	0.00e+00	0.00e+00	0.00e+00	2.13e-12	3.78e-16	2.16e-53
 6.12574e+22	2.36e-19	2.54e-12	1.19e-08	4.03e-06	8.76e-03	2.15e-01	7.76e-01	0.00e+00	0.00e+00	0.00e+00	2.54e-12	4.49e-16	3.25e-53
 6.26129e+22	2.64e-19	3.08e-12	1.40e-08	4.55e-06	9.45e-03	2.22e-01	7.68e-01	0.00e+00	0.00e+00	0.00e+00	3.08e-12	5.42e-16	5.11e-53
 6.43751e+22	3.01e-19	3.93e-12	1.71e-08	5.28e-06	1.04e-02	2.31e-01	7.58e-01	0.00e+00	0.00e+00	0.00e+00	3.93e-12	6.83e-16	8.96e-53
 6.62338e+22	3.43e-19	5.13e-12	2.13e-08	6.24e-06	1.15e-02	2.42e-01	7.47e-01	0.00e+00	0.00e+00	0.00e+00	5.13e-12	8.85e-16	1.65e-52
 6.76931e+22	3.76e-19	6.31e-12	2.53e-08	7.09e-06	1.25e-02	2.50e-01	7.38e-01	0.00e+00	0.00e+00	0.00e+00	6.30e-12	1.08e-15	2.64e-52
 6.88442e+22	4.02e-19	7.32e-12	2.87e-08	7.78e-06	1.32e-02	2.56e-01	7.31e-01	0.00e+00	0.00e+00	0.00e+00	7.32e-12	1.25e-15	3.73e-52
 7.01195e+22	4.35e-19	8.60e-12	3.28e-08	8.61e-06	1.41e-02	2.63e-01	7.23e-01	0.00e+00	0.00e+00	0.00e+00	8.60e-12	1.46e-15	5.40e-52
 7.17774e+22	4.77e-19	1.05e-11	3.87e-08	9.74e-06	1.52e-02	2.71e-01	7.14e-01	0.00e+00	0.00e+00	0.00e+00	1.05e-11	1.76e-15	8.50e-52
 7.39327e+22	5.31e-19	1.34e-11	4.77e-08	1.14e-05	1.68e-02	2.82e-01	7.01e-01	0.00e+00	0.00e+00	0.00e+00	1.34e-11	2.23e-15	1.50e-51
 7.61130e+22	5.82e-19	1.74e-11	5.94e-08	1.34e-05	1.86e-02	2.94e-01	6.88e-01	0.00e+00	0.00e+00	0.00e+00	1.74e-11	2.87e-15	2.72e-51
 7.77702e+22	6.22e-19	2.11e-11	7.00e-08	1.52e-05	2.00e-02	3.03e-01	6.77e-01	0.00e+00	0.00e+00	0.00e+00	2.11e-11	3.45e-15	4.23e-51
 7.93689e+22	6.62e-19	2.50e-11	8.07e-08	1.69e-05	2.14e-02	3.11e-01	6.68e-01	0.00e+00	0.00e+00	0.00e+00	2.49e-11	4.05e-15	6.14e-51
 8.14473e+22	7.10e-19	3.05e-11	9.57e-08	1.92e-05	2.32e-02	3.20e-01	6.56e-01	0.00e+00	0.00e+00	0.00e+00	3.05e-11	4.89e-15	9.78e-51
 8.37501e+22	7.59e-19	3.84e-11	1.17e-07	2.23e-05	2.54e-02	3.32e-01	6.43e-01	0.00e+00	0.00e+00	0.00e+00	3.84e-11	6.09e-15	1.65e-50
 8.58242e+22	8.02e-19	4.70e-11	1.39e-07	2.55e-05	2.75e-02	3.42e-01	6.31e-01	0.00e+00	0.00e+00	0.00e+00	4.70e-11	7.40e-15	2.60e-50
 8.76843e+22	8.43e-19	5.59e-11	1.61e-07	2.85e-05	2.94e-02	3.50e-01	6.20e-01	0.00e+00	0.00e+00	0.00e+00	5.58e-11	8.71e-15	3.82e-50
 8.97869e+22	8.86e-19	6.63e-11	1.86e-07	3.18e-05	3.15e-02	3.59e-01	6.09e-01	0.00e+00	0.00e+00	0.00e+00	6.63e-11	1.02e-14	5.65e-50
 9.25204e+22	9.43e-19	8.21e-11	2.24e-07	3.66e-05	3.43e-02	3.70e-01	5.95e-01	0.00e+00	0.00e+00	0.00e+00	8.21e-11	1.24e-14	9.17e-50
 9.54742e+22	9.98e-19	1.04e-10	2.75e-07	4.29e-05	3.76e-02	3.83e-01	5.80e-01	0.00e+00	0.00e+00	0.00e+00	1.04e-10	1.56e-14	1.56e-49
 9.80322e+22	1.05e-18	1.27e-10	3.28e-07	4.91e-05	4.08e-02	3.93e-01	5.66e-01	0.00e+00	0.00e+00	0.00e+00	1.27e-10	1.89e-14	2.44e-49
 1.00308e+23	1.10e-18	1.49e-10	3.76e-07	5.44e-05	4.34e-02	4.02e-01	5.55e-01	0.00e+00	0.00e+00	0.00e+00	1.49e-10	2.18e-14	3.51e-49
 1.02900e+23	1.15e-18	1.76e-10	4.34e-07	6.08e-05	4.63e-02	4.11e-01	5.43e-01	0.00e+00	0.00e+00	0.00e+00	1.76e-10	2.54e-14	5.09e-49
 1.06270e+23	1.22e-18	2.15e-10	5.18e-07	6.95e-05	5.02e-02	4.21e-01	5.28e-01	0.00e+00	0.00e+00	0.00e+00	2.15e-10	3.04e-14	7.98e-49
 1.09662e+23	1.29e-18	2.67e-10	6.26e-07	8.04e-05	5.47e-02	4.33e-01	5.12e-01	0.00e+00	0.00e+00	0.00e+00	2.67e-10	3.72e-14	1.30e-48
 1.12216e+23	1.35e-18	3.11e-10	7.16e-07	8.91e-05	5.80e-02	4.41e-01	5.01e-01	0.00e+00	0.00e+00	0.00e+00	3.11e-10	4.29e-14	1.84e-48
 1.14666e+23	1.41e-18	3.54e-10	8.02e-07	9.73e-05	6.11e-02	4.48e-01	4.91e-01	0.00e+00	0.00e+00	0.00e+00	3.54e-10	4.81e-14	2.45e-48
 1.17852e+23	1.48e-18	4.12e-10	9.17e-07	1.08e-04	6.48e-02	4.55e-01	4.80e-01	0.00e+00	0.00e+00	0.00e+00	4.12e-10	5.49e-14	3.45e-48
 1.21993e+23	1.56e-18	4.95e-10	1.08e-06	1.22e-04	6.97e-02	4.65e-01	4.65e-01	0.00e+00	0.00e+00	0.00e+00	4.95e-10	6.43e-14	5.21e-48
 1.26387e+23	1.67e-18	6.08e-10	1.29e-06	1.41e-04	7.55e-02	4.75e-01	4.49e-01	0.00e+00	0.00e+00	0.00e+00	6.08e-10	7.74e-14	8.32e-48
 1.29986e+23	1.76e-18	7.15e-10	1.49e-06	1.57e-04	8.04e-02	4.83e-01	4.36e-01	0.00e+00	0.00e+00	0.00e+00	7.15e-10	8.95e-14	1.21e-47
 1.33049e+23	1.84e-18	8.07e-10	1.66e-06	1.70e-04	8.43e-02	4.89e-01	4.26e-01	0.00e+00	0.00e+00	0.00e+00	8.07e-10	9.94e-14	1.59e-47
 1.36535e+23	1.92e-18	9.14e-10	1.86e-06	1.86e-04	8.85e-02	4.95e-01	4.16e-01	0.00e+00	0.00e+00	0.00e+00	9.14e-10	1.10e-13	2.10e-47
 1.41068e+23	2.00e-18	1.05e-09	2.11e-06	2.05e-04	9.35e-02	5.02e-01	4.05e-01	0.00e+00	0.00e+00	0.00e+00	1.05e-09	1.23e-13	2.92e-47
 1.46564e+23	2.11e-18	1.25e-09	2.45e-06	2.30e-04	9.99e-02	5.09e-01	3.91e-01	0.00e+00	0.00e+00	0.00e+00	1.25e-09	1.41e-13	4.29e-47
 1.52194e+23	2.24e-18	1.49e-09	2.87e-06	2.60e-04	1.07e-01	5.16e-01	3.77e-01	0.00e+00	0.00e+00	0.00e+00	1.49e-09	1.63e-13	6.43e-47
 1.57275e+23	2.35e-18	1.72e-09	3.26e-06	2.87e-04	1.13e-01	5.22e-01	3.65e-01	0.00e+00	0.00e+00	0.00e+00	1.72e-09	1.84e-13	9.04e-47
 1.62760e+23	2.42e-18	1.95e-09	3.65e-06	3.13e-04	1.18e-01	5.27e-01	3.54e-01	0.00e+00	0.00e+00	0.00e+00	1.95e-09	2.01e-13	1.20e-46
 1.69240e+23	2.50e-18	2.24e-09	4.15e-06	3.45e-04	1.25e-01	5.32e-01	3.43e-01	0.00e+00	0.00e+00	0.00e+00	2.24e-09	2.23e-13	1.67e-46
 1.76133e+23	2.59e-18	2.59e-09	4.71e-06	3.81e-04	1.32e-01	5.37e-01	3.31e-01	0.00e+00	0.00e+00	0.00e+00	2.58e-09	2.46e-13	2.33e-46
 1.83302e+23	2.65e-18	2.95e-09	5.30e-06	4.17e-04	1.38e-01	5.41e-01	3.20e-01	0.00e+00	0.00e+00	0.00e+00	2.95e-09	2.69e-13	3.17e-46
 1.90757e+23	2.70e-18	3.33e-09	5.91e-06	4.54e-04	1.45e-01	5.45e-01	3.10e-01	0.00e+00	0.00e+00	0.00e+00	3.33e-09	2.90e-13	4.24e-46
 1.98511e+23	2.73e-18	3.74e-09	6.55e-06	4.92e-04	1.51e-01	5.48e-01	3.01e-01	0.00e+00	0.00e+00	0.00e+00	3.73e-09	3.10e-13	5.54e-46
 2.06575e+23	2.74e-18	4.15e-09	7.20e-06	5.29e-04	1.57e-01	5.50e-01	2.92e-01	0.00e+00	0.00e+00	0.00e+00	4.15e-09	3.28e-13	7.10e-46
 2.14961e+23	2.73e-18	4.57e-09	7.87e-06	5.67e-04	1.63e-01	5.52e-01	2.84e-01	0.00e+00	0.00e+00	0.00e+00	4.57e-09	3.44e-13	8.91e-46
 2.23549e+23	2.68e-18	4.96e-09	8.46e-06	6.00e-04	1.68e-01	5.54e-01	2.77e-01	0.00e+00	0.00e+00	0.00e+00	4.96e-09	3.53e-13	1.09e-45
 2.31742e+23	2.65e-18	5.38e-09	9.11e-06	6.36e-04	1.73e-01	5.56e-01	2.71e-01	0.00e+00	0.00e+00	0.00e+00	5.38e-09	3.65e-13	1.33e-45
 2.39116e+23	2.62e-18	5.75e-09	9.68e-06	6.66e-04	1.77e-01	5.57e-01	2.65e-01	0.00e+00	0.00e+00	0.00e+00	5.75e-09	3.74e-13	1.56e-45
 2.45753e+23	2.56e-18	6.05e-09	1.01e-05	6.91e-04	1.81e-01	5.57e-01	2.61e-01	0.00e+00	0.00e+00	0.00e+00	6.05e-09	3.78e-13	1.76e-45
 2.51725e+23	2.53e-18	6.32e-09	1.05e-05	7.12e-04	1.84e-01	5.58e-01	2.58e-01	0.00e+00	0.00e+00	0.00e+00	6.32e-09	3.82e-13	1.96e-45
 2.57101e+23	2.47e-18	6.53e-09	1.09e-05	7.29e-04	1.86e-01	5.58e-01	2.55e-01	0.00e+00	0.00e+00	0.00e+00	6.53e-09	3.81e-13	2.11e-45
 2.61939e+23	2.42e-18	6.72e-09	1.12e-05	7.45e-04	1.88e-01	5.59e-01	2.53e-01	0.00e+00	0.00e+00	0.00e+00	6.72e-09	3.82e-13	2.26e-45
 2.66293e+23	2.38e-18	6.88e-09	1.14e-05	7.57e-04	1.90e-01	5.59e-01	2.51e-01	0.00e+00	0.00e+00	0.00e+00	6.88e-09	3.81e-13	2.39e-45
 2.70212e+23	2.33e-18	7.00e-09	1.16e-05	7.67e-04	1.91e-01	5.59e-01	2.49e-01	0.00e+00	0.00e+00	0.00e+00	7.00e-09	3.79e-13	2.50e-45
 2.73739e+23	2.29e-18	7.12e-09	1.18e-05	7.76e-04	1.92e-01	5.59e-01	2.48e-01	0.00e+00	0.00e+00	0.00e+00	7.12e-09	3.77e-13	2.60e-45
 2.76937e+23	2.25e-18	7.21e-09	1.19e-05	7.82e-04	1.93e-01	5.59e-01	2.47e-01	0.00e+00	0.00e+00	0.00e+00	7.21e-09	3.74e-13	2.69e-45
 2.79992e+23	2.20e-18	7.25e-09	1.19e-05	7.86e-04	1.93e-01	5.60e-01	2.46e-01	0.00e+00	0.00e+00	0.00e+00	7.25e-09	3.69e-13	2.73e-45
 2.83047e+23	2.15e-18	7.30e-09	1.20e-05	7.90e-04	1.94e-01	5.60e-01	2.46e-01	0.00e+00	0.00e+00	0.00e+00	7.30e-09	3.64e-13	2.77e-45
 2.86102e+23	2.10e-18	7.35e-09	1.21e-05	7.94e-04	1.94e-01	5.60e-01	2.45e-01	0.00e+00	0.00e+00	0.00e+00	7.35e-09	3.60e-13	2.81e-45
 2.89156e+23	2.05e-18	7.40e-09	1.22e-05	7.98e-04	1.95e-01	5.60e-01	2.45e-01	0.00e+00	0.00e+00	0.00e+00	7.40e-09	3.55e-13	2.85e-45
 2.92211e+23	2.00e-18	7.42e-09	1.22e-05	8.00e-04	1.95e-01	5.60e-01	2.44e-01	0.00e+00	0.00e+00	0.00e+00	7.42e-09	3.50e-13	2.88e-45
 2.95266e+23	1.95e-18	7.44e-09	1.22e-05	8.02e-04	1.95e-01	5.60e-01	2.44e-01	0.00e+00	0.00e+00	0.00e+00	7.44e-09	3.44e-13	2.89e-45
 2.98321e+23	1.89e-18	7.45e-09	1.23e-05	8.03e-04	1.95e-01	5.60e-01	2.44e-01	0.00e+00	0.00e+00	0.00e+00	7.45e-09	3.37e-13	2.90e-45
 3.01376e+23	1.84e-18	7.46e-09	1.23e-05	8.04e-04	1.96e-01	5.60e-01	2.44e-01	0.00e+00	0.00e+00	0.00e+00	7.46e-09	3.31e-13	2.91e-45
 3.04192e+23	1.80e-18	7.50e-09	1.23e-05	8.06e-04	1.96e-01	5.60e-01	2.43e-01	0.00e+00	0.00e+00	0.00e+00	7.50e-09	3.27e-13	2.95e-45
