#depth	Cl	Cl+	Cl+2	Cl+3	Cl+4	Cl+5	Cl+6	Cl+7	Cl+8	Cl+9	Cl+10	Cl+11	Cl+12	Cl+13	Cl+14	Cl+15	Cl+16	Cl+17
 6.17135e+19	0.00e+00	0.00e+00	0.00e+00	0.00e+00	0.00e+00	0.00e+00	8.29e-30	2.30e-25	1.59e-21	4.25e-18	4.77e-15	2.64e-12	8.15e-10	1.78e-07	3.09e-05	9.36e-03	1.61e-01	8.30e-01
 1.87609e+20	0.00e+00	0.00e+00	0.00e+00	0.00e+00	0.00e+00	0.00e+00	2.16e-29	5.51e-25	3.48e-21	8.58e-18	8.83e-15	4.50e-12	1.27e-09	2.53e-07	4.01e-05	1.11e-02	1.73e-01	8.16e-01
 3.18540e+20	0.00e+00	0.00e+00	0.00e+00	0.00e+00	0.00e+00	0.00e+00	5.66e-29	1.33e-24	7.70e-21	1.74e-17	1.64e-14	7.69e-12	1.99e-09	3.60e-07	5.21e-05	1.31e-02	1.86e-01	8.01e-01
 4.54709e+20	0.00e+00	0.00e+00	0.00e+00	0.00e+00	0.00e+00	0.00e+00	1.49e-28	3.22e-24	1.71e-20	3.55e-17	3.08e-14	1.32e-11	3.14e-09	5.14e-07	6.79e-05	1.55e-02	2.00e-01	7.84e-01
 5.48444e+20	0.00e+00	0.00e+00	0.00e+00	0.00e+00	0.00e+00	0.00e+00	2.86e-28	5.84e-24	2.93e-20	5.73e-17	4.69e-14	1.90e-11	4.26e-09	6.54e-07	8.11e-05	1.73e-02	2.10e-01	7.72e-01
 5.86615e+20	0.00e+00	0.00e+00	0.00e+00	0.00e+00	0.00e+00	0.00e+00	3.75e-28	7.48e-24	3.67e-20	7.00e-17	5.60e-14	2.22e-11	4.85e-09	7.24e-07	8.74e-05	1.81e-02	2.15e-01	7.67e-01
 6.18482e+20	0.00e+00	0.00e+00	0.00e+00	0.00e+00	0.00e+00	0.00e+00	4.61e-28	9.02e-24	4.34e-20	8.14e-17	6.39e-14	2.49e-11	5.33e-09	7.80e-07	9.24e-05	1.88e-02	2.18e-01	7.63e-01
 6.59909e+20	0.00e+00	0.00e+00	0.00e+00	0.00e+00	0.00e+00	0.00e+00	6.09e-28	1.16e-23	5.46e-20	9.99e-17	7.65e-14	2.91e-11	6.08e-09	8.64e-07	9.96e-05	1.97e-02	2.22e-01	7.58e-01
 7.13764e+20	0.00e+00	0.00e+00	0.00e+00	0.00e+00	0.00e+00	0.00e+00	8.70e-28	1.61e-23	7.33e-20	1.30e-16	9.65e-14	3.55e-11	7.19e-09	9.87e-07	1.10e-04	2.10e-02	2.28e-01	7.51e-01
 7.83775e+20	0.00e+00	0.00e+00	0.00e+00	0.00e+00	0.00e+00	0.00e+00	1.37e-27	2.45e-23	1.07e-19	1.82e-16	1.30e-13	4.60e-11	8.93e-09	1.17e-06	1.24e-04	2.27e-02	2.36e-01	7.42e-01
 8.56032e+20	0.00e+00	0.00e+00	0.00e+00	0.00e+00	0.00e+00	0.00e+00	2.19e-27	3.75e-23	1.57e-19	2.57e-16	1.76e-13	5.98e-11	1.11e-08	1.39e-06	1.41e-04	2.45e-02	2.44e-01	7.32e-01
 9.11646e+20	0.00e+00	0.00e+00	0.00e+00	0.00e+00	0.00e+00	0.00e+00	3.12e-27	5.18e-23	2.11e-19	3.34e-16	2.22e-13	7.31e-11	1.32e-08	1.59e-06	1.56e-04	2.61e-02	2.50e-01	7.24e-01
 9.56469e+20	0.00e+00	0.00e+00	0.00e+00	0.00e+00	0.00e+00	0.00e+00	4.12e-27	6.70e-23	2.66e-19	4.11e-16	2.66e-13	8.56e-11	1.51e-08	1.76e-06	1.68e-04	2.74e-02	2.55e-01	7.18e-01
 1.00683e+21	0.00e+00	0.00e+00	0.00e+00	0.00e+00	0.00e+00	0.00e+00	5.63e-27	8.91e-23	3.44e-19	5.18e-16	3.26e-13	1.02e-10	1.75e-08	1.98e-06	1.83e-04	2.89e-02	2.60e-01	7.11e-01
 1.07229e+21	0.00e+00	0.00e+00	0.00e+00	0.00e+00	0.00e+00	0.00e+00	8.41e-27	1.29e-22	4.80e-19	6.97e-16	4.24e-13	1.28e-10	2.12e-08	2.30e-06	2.04e-04	3.09e-02	2.67e-01	7.02e-01
 1.14077e+21	0.00e+00	0.00e+00	0.00e+00	0.00e+00	0.00e+00	0.00e+00	1.27e-26	1.88e-22	6.78e-19	9.49e-16	5.57e-13	1.63e-10	2.58e-08	2.68e-06	2.29e-04	3.31e-02	2.75e-01	6.92e-01
 1.19834e+21	0.00e+00	0.00e+00	0.00e+00	0.00e+00	0.00e+00	0.00e+00	1.79e-26	2.58e-22	9.01e-19	1.22e-15	6.98e-13	1.98e-10	3.04e-08	3.05e-06	2.52e-04	3.51e-02	2.81e-01	6.84e-01
 1.25834e+21	0.00e+00	0.00e+00	0.00e+00	0.00e+00	0.00e+00	0.00e+00	2.54e-26	3.54e-22	1.20e-18	1.58e-15	8.76e-13	2.41e-10	3.59e-08	3.47e-06	2.77e-04	3.72e-02	2.88e-01	6.75e-01
 1.32479e+21	0.00e+00	0.00e+00	0.00e+00	0.00e+00	0.00e+00	0.00e+00	3.75e-26	5.07e-22	1.67e-18	2.12e-15	1.14e-12	3.02e-10	4.34e-08	4.02e-06	3.08e-04	3.98e-02	2.95e-01	6.65e-01
 1.38443e+21	0.00e+00	0.00e+00	0.00e+00	0.00e+00	0.00e+00	0.00e+00	5.27e-26	6.94e-22	2.21e-18	2.74e-15	1.42e-12	3.68e-10	5.12e-08	4.57e-06	3.38e-04	4.21e-02	3.01e-01	6.56e-01
 1.43810e+21	0.00e+00	0.00e+00	0.00e+00	0.00e+00	0.00e+00	0.00e+00	7.15e-26	9.19e-22	2.86e-18	3.45e-15	1.74e-12	4.39e-10	5.94e-08	5.13e-06	3.68e-04	4.43e-02	3.07e-01	6.48e-01
 1.49918e+21	0.00e+00	0.00e+00	0.00e+00	0.00e+00	0.00e+00	5.45e-30	1.00e-25	1.25e-21	3.79e-18	4.44e-15	2.18e-12	5.33e-10	7.00e-08	5.83e-06	4.04e-04	4.69e-02	3.14e-01	6.39e-01
 1.57859e+21	0.00e+00	0.00e+00	0.00e+00	0.00e+00	0.00e+00	8.87e-30	1.55e-25	1.87e-21	5.45e-18	6.16e-15	2.91e-12	6.86e-10	8.66e-08	6.88e-06	4.55e-04	5.04e-02	3.22e-01	6.27e-01
 1.65777e+21	0.00e+00	0.00e+00	0.00e+00	0.00e+00	0.00e+00	1.43e-29	2.38e-25	2.78e-21	7.81e-18	8.50e-15	3.88e-12	8.81e-10	1.07e-07	8.09e-06	5.12e-04	5.42e-02	3.30e-01	6.15e-01
 1.71686e+21	0.00e+00	0.00e+00	0.00e+00	0.00e+00	0.00e+00	2.04e-29	3.26e-25	3.72e-21	1.02e-17	1.08e-14	4.78e-12	1.06e-09	1.25e-07	9.12e-06	5.58e-04	5.70e-02	3.37e-01	6.06e-01
 1.77389e+21	0.00e+00	0.00e+00	0.00e+00	0.00e+00	0.00e+00	2.86e-29	4.39e-25	4.90e-21	1.31e-17	1.35e-14	5.85e-12	1.26e-09	1.45e-07	1.02e-05	6.06e-04	5.99e-02	3.42e-01	5.97e-01
 1.84803e+21	0.00e+00	0.00e+00	0.00e+00	0.00e+00	0.00e+00	4.40e-29	6.45e-25	6.98e-21	1.81e-17	1.81e-14	7.56e-12	1.58e-09	1.75e-07	1.18e-05	6.74e-04	6.38e-02	3.50e-01	5.86e-01
 1.92504e+21	0.00e+00	0.00e+00	0.00e+00	0.00e+00	0.00e+00	6.85e-29	9.55e-25	1.00e-20	2.51e-17	2.43e-14	9.85e-12	1.99e-09	2.12e-07	1.38e-05	7.51e-04	6.81e-02	3.58e-01	5.74e-01
 1.98899e+21	0.00e+00	0.00e+00	0.00e+00	0.00e+00	0.00e+00	9.84e-29	1.32e-24	1.35e-20	3.30e-17	3.11e-14	1.22e-11	2.41e-09	2.49e-07	1.56e-05	8.20e-04	7.17e-02	3.64e-01	5.64e-01
 2.05532e+21	0.00e+00	0.00e+00	0.00e+00	0.00e+00	0.00e+00	1.42e-28	1.83e-24	1.83e-20	4.35e-17	3.99e-14	1.53e-11	2.92e-09	2.93e-07	1.76e-05	8.97e-04	7.56e-02	3.70e-01	5.53e-01
 2.12807e+21	0.00e+00	0.00e+00	0.00e+00	0.00e+00	0.00e+00	2.12e-28	2.60e-24	2.54e-20	5.88e-17	5.23e-14	1.94e-11	3.61e-09	3.50e-07	2.02e-05	9.89e-04	8.01e-02	3.77e-01	5.42e-01
 2.19391e+21	0.00e+00	0.00e+00	0.00e+00	0.00e+00	0.00e+00	3.04e-28	3.57e-24	3.41e-20	7.68e-17	6.67e-14	2.41e-11	4.35e-09	4.10e-07	2.28e-05	1.08e-03	8.43e-02	3.83e-01	5.32e-01
 2.25472e+21	0.00e+00	0.00e+00	0.00e+00	0.00e+00	0.00e+00	4.20e-28	4.76e-24	4.45e-20	9.81e-17	8.32e-14	2.93e-11	5.17e-09	4.74e-07	2.55e-05	1.17e-03	8.82e-02	3.88e-01	5.23e-01
 2.32425e+21	0.00e+00	0.00e+00	0.00e+00	0.00e+00	0.00e+00	6.06e-28	6.58e-24	6.02e-20	1.29e-16	1.07e-13	3.66e-11	6.28e-09	5.57e-07	2.89e-05	1.28e-03	9.29e-02	3.94e-01	5.12e-01
 2.40189e+21	0.00e+00	0.00e+00	0.00e+00	0.00e+00	0.00e+00	9.06e-28	9.40e-24	8.38e-20	1.75e-16	1.40e-13	4.67e-11	7.77e-09	6.67e-07	3.32e-05	1.41e-03	9.83e-02	4.00e-01	5.00e-01
 2.47412e+21	0.00e+00	0.00e+00	0.00e+00	0.00e+00	0.00e+00	1.31e-27	1.30e-23	1.14e-19	2.31e-16	1.81e-13	5.85e-11	9.46e-09	7.87e-07	3.76e-05	1.54e-03	1.03e-01	4.06e-01	4.89e-01
 2.54135e+21	0.00e+00	0.00e+00	0.00e+00	0.00e+00	0.00e+00	1.84e-27	1.75e-23	1.50e-19	2.99e-16	2.28e-13	7.19e-11	1.13e-08	9.15e-07	4.22e-05	1.67e-03	1.08e-01	4.11e-01	4.79e-01
 2.61800e+21	0.00e+00	0.00e+00	0.00e+00	0.00e+00	0.00e+00	2.69e-27	2.45e-23	2.05e-19	3.98e-16	2.95e-13	9.05e-11	1.39e-08	1.08e-06	4.81e-05	1.83e-03	1.14e-01	4.17e-01	4.67e-01
 2.70110e+21	0.00e+00	0.00e+00	0.00e+00	0.00e+00	0.00e+00	4.03e-27	3.50e-23	2.86e-19	5.40e-16	3.89e-13	1.16e-10	1.72e-08	1.30e-06	5.52e-05	2.01e-03	1.21e-01	4.22e-01	4.55e-01
 2.77537e+21	0.00e+00	0.00e+00	0.00e+00	0.00e+00	0.00e+00	5.75e-27	4.79e-23	3.83e-19	7.07e-16	4.97e-13	1.44e-10	2.08e-08	1.52e-06	6.23e-05	2.19e-03	1.26e-01	4.27e-01	4.44e-01
 2.84283e+21	0.00e+00	0.00e+00	0.00e+00	0.00e+00	0.00e+00	7.89e-27	6.33e-23	4.98e-19	9.00e-16	6.18e-13	1.75e-10	2.47e-08	1.76e-06	6.94e-05	2.36e-03	1.32e-01	4.31e-01	4.34e-01
 2.91866e+21	0.00e+00	0.00e+00	0.00e+00	0.00e+00	0.00e+00	1.12e-26	8.62e-23	6.65e-19	1.17e-15	7.87e-13	2.17e-10	2.98e-08	2.06e-06	7.82e-05	2.56e-03	1.38e-01	4.36e-01	4.23e-01
 3.00376e+21	0.00e+00	0.00e+00	0.00e+00	0.00e+00	0.00e+00	1.65e-26	1.21e-22	9.16e-19	1.58e-15	1.03e-12	2.75e-10	3.67e-08	2.45e-06	8.93e-05	2.81e-03	1.45e-01	4.40e-01	4.11e-01
 3.08370e+21	0.00e+00	0.00e+00	0.00e+00	0.00e+00	0.00e+00	2.36e-26	1.66e-22	1.23e-18	2.07e-15	1.32e-12	3.43e-10	4.45e-08	2.87e-06	1.01e-04	3.05e-03	1.52e-01	4.44e-01	4.00e-01
 3.15857e+21	0.00e+00	0.00e+00	0.00e+00	0.00e+00	0.00e+00	3.28e-26	2.22e-22	1.61e-18	2.66e-15	1.65e-12	4.19e-10	5.31e-08	3.33e-06	1.13e-04	3.30e-03	1.58e-01	4.48e-01	3.90e-01
 3.24405e+21	0.00e+00	0.00e+00	0.00e+00	0.00e+00	0.00e+00	4.74e-26	3.06e-22	2.19e-18	3.52e-15	2.13e-12	5.26e-10	6.47e-08	3.92e-06	1.28e-04	3.59e-03	1.66e-01	4.52e-01	3.79e-01
 3.33588e+21	0.00e+00	0.00e+00	0.00e+00	0.00e+00	0.00e+00	6.99e-26	4.31e-22	3.02e-18	4.73e-15	2.79e-12	6.68e-10	7.97e-08	4.67e-06	1.45e-04	3.92e-03	1.74e-01	4.55e-01	3.67e-01
 3.41660e+21	0.00e+00	0.00e+00	0.00e+00	0.00e+00	7.03e-30	9.78e-26	5.79e-22	3.98e-18	6.11e-15	3.52e-12	8.21e-10	9.54e-08	5.42e-06	1.63e-04	4.23e-03	1.81e-01	4.58e-01	3.57e-01
 3.50222e+21	0.00e+00	0.00e+00	0.00e+00	0.00e+00	1.04e-29	1.39e-25	7.86e-22	5.31e-18	7.98e-15	4.48e-12	1.02e-09	1.15e-07	6.33e-06	1.83e-04	4.58e-03	1.89e-01	4.60e-01	3.46e-01
 3.59845e+21	0.00e+00	0.00e+00	0.00e+00	0.00e+00	1.61e-29	2.04e-25	1.10e-21	7.31e-18	1.07e-14	5.85e-12	1.29e-09	1.41e-07	7.50e-06	2.08e-04	5.00e-03	1.98e-01	4.63e-01	3.34e-01
 3.68922e+21	0.00e+00	0.00e+00	0.00e+00	0.00e+00	2.40e-29	2.90e-25	1.51e-21	9.81e-18	1.40e-14	7.49e-12	1.60e-09	1.71e-07	8.78e-06	2.34e-04	5.41e-03	2.06e-01	4.65e-01	3.24e-01
 3.77469e+21	0.00e+00	0.00e+00	0.00e+00	0.00e+00	3.48e-29	4.03e-25	2.01e-21	1.29e-17	1.81e-14	9.41e-12	1.96e-09	2.04e-07	1.02e-05	2.61e-04	5.82e-03	2.14e-01	4.66e-01	3.14e-01
 3.87258e+21	0.00e+00	0.00e+00	0.00e+00	0.00e+00	5.26e-29	5.83e-25	2.78e-21	1.75e-17	2.39e-14	1.22e-11	2.46e-09	2.48e-07	1.19e-05	2.94e-04	6.30e-03	2.23e-01	4.67e-01	3.03e-01
 3.98205e+21	0.00e+00	0.00e+00	0.00e+00	0.00e+00	8.30e-29	8.73e-25	3.96e-21	2.44e-17	3.26e-14	1.61e-11	3.16e-09	3.08e-07	1.42e-05	3.36e-04	6.88e-03	2.33e-01	4.68e-01	2.91e-01
 4.07972e+21	0.00e+00	0.00e+00	0.00e+00	0.00e+00	1.24e-28	1.24e-24	5.40e-21	3.28e-17	4.28e-14	2.06e-11	3.92e-09	3.71e-07	1.66e-05	3.77e-04	7.43e-03	2.42e-01	4.69e-01	2.81e-01
 4.16431e+21	0.00e+00	0.00e+00	0.00e+00	0.00e+00	1.73e-28	1.68e-24	7.02e-21	4.20e-17	5.38e-14	2.53e-11	4.71e-09	4.35e-07	1.89e-05	4.15e-04	7.92e-03	2.50e-01	4.69e-01	2.72e-01
 4.25874e+21	0.00e+00	0.00e+00	0.00e+00	0.00e+00	2.49e-28	2.32e-24	9.33e-21	5.49e-17	6.88e-14	3.16e-11	5.73e-09	5.15e-07	2.17e-05	4.60e-04	8.47e-03	2.59e-01	4.69e-01	2.63e-01
 4.38151e+21	0.00e+00	0.00e+00	0.00e+00	0.00e+00	4.02e-28	3.54e-24	1.35e-20	7.81e-17	9.54e-14	4.26e-11	7.44e-09	6.46e-07	2.61e-05	5.27e-04	9.26e-03	2.70e-01	4.68e-01	2.52e-01
 4.50589e+21	0.00e+00	0.00e+00	0.00e+00	0.00e+00	6.42e-28	5.36e-24	1.95e-20	1.10e-16	1.31e-13	5.68e-11	9.59e-09	8.03e-07	3.13e-05	6.02e-04	1.01e-02	2.82e-01	4.67e-01	2.40e-01
 4.60680e+21	0.00e+00	0.00e+00	0.00e+00	0.00e+00	9.32e-28	7.46e-24	2.61e-20	1.45e-16	1.69e-13	7.14e-11	1.17e-08	9.55e-07	3.60e-05	6.68e-04	1.08e-02	2.91e-01	4.66e-01	2.32e-01
 4.71243e+21	0.00e+00	0.00e+00	0.00e+00	0.00e+00	1.36e-27	1.05e-23	3.50e-20	1.92e-16	2.19e-13	9.02e-11	1.44e-08	1.14e-06	4.16e-05	7.43e-04	1.16e-02	3.01e-01	4.64e-01	2.23e-01
 4.84974e+21	0.00e+00	0.00e+00	0.00e+00	0.00e+00	2.21e-27	1.61e-23	5.11e-20	2.75e-16	3.04e-13	1.21e-10	1.87e-08	1.43e-06	4.99e-05	8.49e-04	1.26e-02	3.13e-01	4.62e-01	2.12e-01
 4.99074e+21	0.00e+00	0.00e+00	0.00e+00	0.00e+00	3.60e-27	2.48e-23	7.48e-20	3.94e-16	4.24e-13	1.64e-10	2.44e-08	1.79e-06	5.99e-05	9.71e-04	1.37e-02	3.25e-01	4.59e-01	2.01e-01
 5.10119e+21	0.00e+00	0.00e+00	0.00e+00	0.00e+00	5.23e-27	3.46e-23	1.00e-19	5.19e-16	5.47e-13	2.06e-10	2.98e-08	2.12e-06	6.88e-05	1.08e-03	1.47e-02	3.35e-01	4.56e-01	1.93e-01
 5.20941e+21	0.00e+00	0.00e+00	0.00e+00	0.00e+00	7.48e-27	4.75e-23	1.32e-19	6.76e-16	6.99e-13	2.57e-10	3.61e-08	2.50e-06	7.86e-05	1.19e-03	1.56e-02	3.44e-01	4.53e-01	1.86e-01
 5.35010e+21	0.00e+00	0.00e+00	0.00e+00	0.00e+00	1.18e-26	7.12e-23	1.89e-19	9.47e-16	9.53e-13	3.40e-10	4.61e-08	3.08e-06	9.30e-05	1.34e-03	1.68e-02	3.56e-01	4.49e-01	1.76e-01
 5.49610e+21	0.00e+00	0.00e+00	0.00e+00	0.00e+00	1.88e-26	1.08e-22	2.72e-19	1.34e-15	1.31e-12	4.53e-10	5.92e-08	3.81e-06	1.10e-04	1.52e-03	1.82e-02	3.68e-01	4.45e-01	1.67e-01
 5.61797e+21	0.00e+00	0.00e+00	0.00e+00	0.00e+00	2.75e-26	1.51e-22	3.66e-19	1.77e-15	1.70e-12	5.72e-10	7.26e-08	4.53e-06	1.27e-04	1.68e-03	1.94e-02	3.78e-01	4.41e-01	1.60e-01
 5.74535e+21	0.00e+00	0.00e+00	0.00e+00	0.00e+00	4.03e-26	2.12e-22	4.94e-19	2.35e-15	2.20e-12	7.22e-10	8.89e-08	5.39e-06	1.46e-04	1.86e-03	2.07e-02	3.89e-01	4.36e-01	1.53e-01
 5.91095e+21	0.00e+00	0.00e+00	0.00e+00	6.73e-30	6.64e-26	3.31e-22	7.28e-19	3.40e-15	3.09e-12	9.82e-10	1.16e-07	6.77e-06	1.75e-04	2.12e-03	2.24e-02	4.02e-01	4.30e-01	1.44e-01
 6.07820e+21	0.00e+00	0.00e+00	0.00e+00	1.16e-29	1.08e-25	5.12e-22	1.07e-18	4.89e-15	4.32e-12	1.33e-09	1.51e-07	8.45e-06	2.09e-04	2.41e-03	2.42e-02	4.15e-01	4.24e-01	1.35e-01
 6.21238e+21	0.00e+00	0.00e+00	0.00e+00	1.78e-29	1.59e-25	7.20e-22	1.44e-18	6.51e-15	5.62e-12	1.68e-09	1.85e-07	1.00e-05	2.40e-04	2.66e-03	2.58e-02	4.25e-01	4.18e-01	1.29e-01
 6.33197e+21	0.00e+00	0.00e+00	0.00e+00	2.59e-29	2.23e-25	9.72e-22	1.88e-18	8.36e-15	7.07e-12	2.07e-09	2.22e-07	1.17e-05	2.70e-04	2.91e-03	2.72e-02	4.33e-01	4.13e-01	1.23e-01
 6.46778e+21	0.00e+00	0.00e+00	0.00e+00	3.92e-29	3.25e-25	1.36e-21	2.52e-18	1.10e-14	9.13e-12	2.60e-09	2.71e-07	1.38e-05	3.09e-04	3.20e-03	2.88e-02	4.43e-01	4.08e-01	1.17e-01
 6.64434e+21	0.00e+00	0.00e+00	0.00e+00	6.66e-29	5.24e-25	2.07e-21	3.65e-18	1.57e-14	1.26e-11	3.48e-09	3.49e-07	1.71e-05	3.66e-04	3.61e-03	3.10e-02	4.55e-01	4.00e-01	1.10e-01
 6.82393e+21	0.00e+00	0.00e+00	0.00e+00	1.13e-28	8.45e-25	3.17e-21	5.30e-18	2.24e-14	1.75e-11	4.66e-09	4.49e-07	2.12e-05	4.34e-04	4.08e-03	3.33e-02	4.67e-01	3.92e-01	1.03e-01
 6.96856e+21	0.00e+00	0.00e+00	0.00e+00	1.72e-28	1.23e-24	4.44e-21	7.12e-18	2.96e-14	2.27e-11	5.87e-09	5.49e-07	2.51e-05	4.96e-04	4.49e-03	3.52e-02	4.77e-01	3.86e-01	9.76e-02
 7.11770e+21	0.00e+00	0.00e+00	0.00e+00	2.63e-28	1.80e-24	6.22e-21	9.57e-18	3.93e-14	2.94e-11	7.41e-09	6.71e-07	2.97e-05	5.66e-04	4.93e-03	3.73e-02	4.86e-01	3.79e-01	9.25e-02
 7.31157e+21	0.00e+00	0.00e+00	0.00e+00	4.51e-28	2.93e-24	9.57e-21	1.40e-17	5.63e-14	4.09e-11	9.96e-09	8.67e-07	3.68e-05	6.71e-04	5.57e-03	4.00e-02	4.97e-01	3.70e-01	8.62e-02
 7.51183e+21	0.00e+00	0.00e+00	0.00e+00	7.80e-28	4.80e-24	1.48e-20	2.05e-17	8.12e-14	5.73e-11	1.35e-08	1.12e-06	4.58e-05	7.97e-04	6.29e-03	4.29e-02	5.09e-01	3.61e-01	8.02e-02
 7.67549e+21	0.00e+00	0.00e+00	0.00e+00	1.21e-27	7.13e-24	2.11e-20	2.78e-17	1.09e-13	7.50e-11	1.72e-08	1.39e-06	5.45e-05	9.14e-04	6.93e-03	4.54e-02	5.18e-01	3.53e-01	7.56e-02
 7.84337e+21	0.00e+00	0.00e+00	0.00e+00	1.88e-27	1.06e-23	2.99e-20	3.79e-17	1.46e-13	9.83e-11	2.18e-08	1.71e-06	6.48e-05	1.05e-03	7.63e-03	4.80e-02	5.26e-01	3.46e-01	7.11e-02
 8.02051e+21	0.00e+00	0.00e+00	0.00e+00	2.98e-27	1.60e-23	4.32e-20	5.22e-17	1.98e-13	1.30e-10	2.81e-08	2.12e-06	7.77e-05	1.21e-03	8.43e-03	5.08e-02	5.35e-01	3.38e-01	6.67e-02
 8.17151e+21	0.00e+00	0.00e+00	0.00e+00	4.38e-27	2.26e-23	5.87e-20	6.82e-17	2.56e-13	1.65e-10	3.48e-08	2.55e-06	9.05e-05	1.36e-03	9.16e-03	5.32e-02	5.42e-01	3.31e-01	6.32e-02
 8.32961e+21	0.00e+00	0.00e+00	0.00e+00	6.50e-27	3.23e-23	8.04e-20	8.98e-17	3.34e-13	2.10e-10	4.32e-08	3.07e-06	1.06e-04	1.54e-03	9.98e-03	5.58e-02	5.49e-01	3.23e-01	5.97e-02
 8.53513e+21	0.00e+00	0.00e+00	0.00e+00	1.08e-26	5.09e-23	1.20e-19	1.27e-16	4.67e-13	2.87e-10	5.70e-08	3.89e-06	1.29e-04	1.80e-03	1.11e-02	5.93e-02	5.58e-01	3.14e-01	5.55e-02
 8.74141e+21	0.00e+00	0.00e+00	0.00e+00	1.78e-26	7.98e-23	1.79e-19	1.80e-16	6.53e-13	3.91e-10	7.50e-08	4.93e-06	1.57e-04	2.09e-03	1.24e-02	6.29e-02	5.66e-01	3.05e-01	5.15e-02
 8.90282e+21	0.00e+00	0.00e+00	0.00e+00	2.61e-26	1.13e-22	2.43e-19	2.36e-16	8.44e-13	4.95e-10	9.27e-08	5.92e-06	1.82e-04	2.35e-03	1.34e-02	6.58e-02	5.72e-01	2.98e-01	4.86e-02
 9.03680e+21	0.00e+00	0.00e+00	0.00e+00	3.58e-26	1.50e-22	3.12e-19	2.93e-16	1.04e-12	6.00e-10	1.10e-07	6.86e-06	2.06e-04	2.59e-03	1.43e-02	6.82e-02	5.77e-01	2.92e-01	4.63e-02
 9.18097e+21	0.00e+00	0.00e+00	0.00e+00	5.01e-26	2.02e-22	4.08e-19	3.69e-16	1.30e-12	7.38e-10	1.33e-07	8.04e-06	2.35e-04	2.87e-03	1.54e-02	7.09e-02	5.81e-01	2.85e-01	4.40e-02
 9.36839e+21	0.00e+00	0.00e+00	0.00e+00	7.68e-26	2.97e-22	5.72e-19	4.95e-16	1.73e-12	9.60e-10	1.68e-07	9.83e-06	2.78e-04	3.26e-03	1.68e-02	7.44e-02	5.87e-01	2.77e-01	4.11e-02
 9.55953e+21	0.00e+00	0.00e+00	8.29e-30	1.19e-25	4.38e-22	8.06e-19	6.67e-16	2.31e-12	1.25e-09	2.13e-07	1.21e-05	3.29e-04	3.72e-03	1.84e-02	7.80e-02	5.92e-01	2.69e-01	3.84e-02
 9.71261e+21	0.00e+00	0.00e+00	1.21e-29	1.67e-25	5.96e-22	1.06e-18	8.44e-16	2.90e-12	1.55e-09	2.57e-07	1.42e-05	3.76e-04	4.12e-03	1.98e-02	8.10e-02	5.96e-01	2.62e-01	3.63e-02
 9.86870e+21	0.00e+00	0.00e+00	1.76e-29	2.35e-25	8.09e-22	1.38e-18	1.07e-15	3.64e-12	1.91e-09	3.10e-07	1.67e-05	4.29e-04	4.57e-03	2.12e-02	8.40e-02	6.00e-01	2.56e-01	3.43e-02
 1.00347e+22	0.00e+00	0.00e+00	2.63e-29	3.38e-25	1.12e-21	1.84e-18	1.37e-15	4.64e-12	2.39e-09	3.79e-07	1.97e-05	4.94e-04	5.09e-03	2.28e-02	8.73e-02	6.03e-01	2.49e-01	3.23e-02
 1.01775e+22	0.00e+00	0.00e+00	3.70e-29	4.61e-25	1.48e-21	2.35e-18	1.69e-15	5.70e-12	2.89e-09	4.49e-07	2.28e-05	5.57e-04	5.58e-03	2.43e-02	9.02e-02	6.06e-01	2.43e-01	3.07e-02
 1.03072e+22	0.00e+00	0.00e+00	5.01e-29	6.06e-25	1.89e-21	2.92e-18	2.03e-15	6.84e-12	3.42e-09	5.22e-07	2.60e-05	6.18e-04	6.06e-03	2.57e-02	9.28e-02	6.08e-01	2.38e-01	2.93e-02
 1.04561e+22	0.00e+00	0.00e+00	7.09e-29	8.31e-25	2.50e-21	3.74e-18	2.52e-15	8.43e-12	4.15e-09	6.21e-07	3.01e-05	6.99e-04	6.65e-03	2.74e-02	9.59e-02	6.10e-01	2.32e-01	2.77e-02
 1.06238e+22	0.00e+00	0.00e+00	1.04e-28	1.18e-24	3.42e-21	4.92e-18	3.19e-15	1.06e-11	5.15e-09	7.53e-07	3.55e-05	7.99e-04	7.38e-03	2.94e-02	9.93e-02	6.12e-01	2.25e-01	2.61e-02
 1.07818e+22	0.00e+00	0.00e+00	1.50e-28	1.64e-24	4.59e-21	6.36e-18	3.98e-15	1.32e-11	6.30e-09	9.02e-07	4.14e-05	9.07e-04	8.13e-03	3.13e-02	1.03e-01	6.14e-01	2.19e-01	2.46e-02
 1.09284e+22	0.00e+00	0.00e+00	2.09e-28	2.21e-24	6.00e-21	8.05e-18	4.87e-15	1.61e-11	7.58e-09	1.06e-06	4.77e-05	1.02e-03	8.88e-03	3.33e-02	1.06e-01	6.15e-01	2.13e-01	2.33e-02
 1.10943e+22	0.00e+00	0.00e+00	3.00e-28	3.07e-24	8.03e-21	1.04e-17	6.09e-15	2.00e-11	9.26e-09	1.27e-06	5.55e-05	1.15e-03	9.76e-03	3.54e-02	1.09e-01	6.15e-01	2.07e-01	2.20e-02
 1.12706e+22	0.00e+00	0.00e+00	4.48e-28	4.41e-24	1.11e-20	1.38e-17	7.74e-15	2.55e-11	1.16e-08	1.55e-06	6.59e-05	1.33e-03	1.09e-02	3.81e-02	1.13e-01	6.16e-01	2.00e-01	2.05e-02
 1.14174e+22	0.00e+00	0.00e+00	6.19e-28	5.91e-24	1.44e-20	1.73e-17	9.42e-15	3.09e-11	1.39e-08	1.83e-06	7.56e-05	1.48e-03	1.18e-02	4.03e-02	1.16e-01	6.16e-01	1.95e-01	1.95e-02
 1.15656e+22	0.00e+00	0.00e+00	8.55e-28	7.90e-24	1.87e-20	2.17e-17	1.14e-14	3.75e-11	1.66e-08	2.14e-06	8.66e-05	1.66e-03	1.29e-02	4.27e-02	1.19e-01	6.16e-01	1.89e-01	1.84e-02
 1.17582e+22	0.00e+00	0.00e+00	1.29e-27	1.15e-23	2.60e-20	2.91e-17	1.46e-14	4.80e-11	2.09e-08	2.63e-06	1.03e-04	1.91e-03	1.44e-02	4.58e-02	1.23e-01	6.15e-01	1.83e-01	1.71e-02
 1.19524e+22	0.00e+00	0.00e+00	1.96e-27	1.67e-23	3.64e-20	3.89e-17	1.88e-14	6.16e-11	2.63e-08	3.24e-06	1.23e-04	2.20e-03	1.60e-02	4.92e-02	1.27e-01	6.13e-01	1.76e-01	1.59e-02
 1.21045e+22	0.00e+00	0.00e+00	2.71e-27	2.24e-23	4.72e-20	4.88e-17	2.28e-14	7.46e-11	3.15e-08	3.81e-06	1.41e-04	2.46e-03	1.74e-02	5.20e-02	1.31e-01	6.12e-01	1.70e-01	1.50e-02
 1.22582e+22	0.00e+00	0.00e+00	3.74e-27	3.00e-23	6.11e-20	6.11e-17	2.76e-14	9.04e-11	3.77e-08	4.47e-06	1.62e-04	2.75e-03	1.89e-02	5.50e-02	1.34e-01	6.10e-01	1.65e-01	1.41e-02
 1.24580e+22	0.00e+00	0.00e+00	5.67e-27	4.35e-23	8.51e-20	8.15e-17	3.52e-14	1.15e-10	4.73e-08	5.48e-06	1.92e-04	3.16e-03	2.10e-02	5.89e-02	1.38e-01	6.07e-01	1.59e-01	1.31e-02
 1.26623e+22	0.00e+00	0.00e+00	8.66e-27	6.38e-23	1.19e-19	1.09e-16	4.52e-14	1.48e-10	5.98e-08	6.76e-06	2.30e-04	3.65e-03	2.34e-02	6.32e-02	1.42e-01	6.03e-01	1.52e-01	1.21e-02
 1.28203e+22	0.00e+00	0.00e+00	1.20e-26	8.55e-23	1.55e-19	1.37e-16	5.47e-14	1.80e-10	7.16e-08	7.94e-06	2.63e-04	4.08e-03	2.55e-02	6.67e-02	1.45e-01	6.00e-01	1.47e-01	1.14e-02
 1.29534e+22	0.00e+00	0.00e+00	1.57e-26	1.09e-22	1.92e-19	1.65e-16	6.41e-14	2.11e-10	8.31e-08	9.08e-06	2.95e-04	4.47e-03	2.73e-02	6.97e-02	1.48e-01	5.97e-01	1.42e-01	1.08e-02
 1.31063e+22	0.00e+00	0.00e+00	2.14e-26	1.44e-22	2.45e-19	2.04e-16	7.66e-14	2.53e-10	9.84e-08	1.06e-05	3.35e-04	4.95e-03	2.95e-02	7.32e-02	1.51e-01	5.93e-01	1.38e-01	1.01e-02
 1.33050e+22	0.00e+00	0.00e+00	3.18e-26	2.05e-22	3.36e-19	2.68e-16	9.63e-14	3.18e-10	1.22e-07	1.28e-05	3.95e-04	5.65e-03	3.25e-02	7.80e-02	1.55e-01	5.87e-01	1.32e-01	9.35e-03
 1.35060e+22	0.00e+00	0.00e+00	4.75e-26	2.95e-22	4.62e-19	3.53e-16	1.21e-13	4.02e-10	1.52e-07	1.56e-05	4.67e-04	6.45e-03	3.59e-02	8.31e-02	1.59e-01	5.81e-01	1.26e-01	8.60e-03
 1.36644e+22	0.00e+00	0.00e+00	6.54e-26	3.93e-22	5.96e-19	4.38e-16	1.46e-13	4.84e-10	1.81e-07	1.83e-05	5.33e-04	7.18e-03	3.89e-02	8.73e-02	1.62e-01	5.75e-01	1.21e-01	8.04e-03
 1.38246e+22	0.00e+00	0.00e+00	8.88e-26	5.17e-22	7.60e-19	5.41e-16	1.74e-13	5.78e-10	2.14e-07	2.12e-05	6.04e-04	7.93e-03	4.19e-02	9.14e-02	1.65e-01	5.70e-01	1.16e-01	7.53e-03
 1.40329e+22	0.00e+00	0.00e+00	1.33e-25	7.41e-22	1.04e-18	7.11e-16	2.18e-13	7.29e-10	2.66e-07	2.58e-05	7.12e-04	9.04e-03	4.61e-02	9.71e-02	1.68e-01	5.62e-01	1.10e-01	6.90e-03
 1.42441e+22	0.00e+00	8.66e-30	2.00e-25	1.07e-21	1.44e-18	9.38e-16	2.76e-13	9.21e-10	3.31e-07	3.14e-05	8.41e-04	1.03e-02	5.09e-02	1.03e-01	1.72e-01	5.52e-01	1.05e-01	6.30e-03
 1.44110e+22	0.00e+00	1.24e-29	2.77e-25	1.44e-21	1.87e-18	1.17e-15	3.31e-13	1.11e-09	3.95e-07	3.68e-05	9.62e-04	1.15e-02	5.50e-02	1.08e-01	1.74e-01	5.44e-01	1.00e-01	5.84e-03
 1.45796e+22	0.00e+00	1.75e-29	3.78e-25	1.90e-21	2.39e-18	1.45e-15	3.95e-13	1.32e-09	4.65e-07	4.27e-05	1.09e-03	1.27e-02	5.91e-02	1.13e-01	1.76e-01	5.37e-01	9.57e-02	5.43e-03
 1.47988e+22	0.00e+00	2.75e-29	5.69e-25	2.73e-21	3.29e-18	1.90e-15	4.96e-13	1.66e-09	5.78e-07	5.19e-05	1.28e-03	1.44e-02	6.49e-02	1.19e-01	1.79e-01	5.25e-01	9.02e-02	4.93e-03
 1.50226e+22	0.00e+00	4.35e-29	8.64e-25	3.98e-21	4.58e-18	2.52e-15	6.27e-13	2.10e-09	7.19e-07	6.32e-05	1.51e-03	1.64e-02	7.13e-02	1.26e-01	1.82e-01	5.13e-01	8.47e-02	4.45e-03
 1.52016e+22	0.00e+00	6.27e-29	1.20e-24	5.35e-21	5.94e-18	3.15e-15	7.54e-13	2.52e-09	8.54e-07	7.38e-05	1.72e-03	1.81e-02	7.68e-02	1.32e-01	1.84e-01	5.03e-01	8.04e-02	4.10e-03
 1.53837e+22	0.00e+00	9.02e-29	1.67e-24	7.18e-21	7.70e-18	3.94e-15	9.06e-13	3.02e-09	1.01e-06	8.60e-05	1.96e-03	2.00e-02	8.25e-02	1.37e-01	1.85e-01	4.92e-01	7.63e-02	3.77e-03
 1.56204e+22	0.00e+00	1.43e-28	2.54e-24	1.05e-20	1.07e-17	5.22e-15	1.14e-12	3.80e-09	1.25e-06	1.04e-04	2.30e-03	2.27e-02	9.02e-02	1.45e-01	1.87e-01	4.78e-01	7.12e-02	3.38e-03
 1.58623e+22	0.00e+00	2.31e-28	3.93e-24	1.54e-20	1.51e-17	6.98e-15	1.46e-12	4.80e-09	1.56e-06	1.27e-04	2.72e-03	2.58e-02	9.88e-02	1.52e-01	1.89e-01	4.63e-01	6.60e-02	3.00e-03
 1.60566e+22	0.00e+00	3.39e-28	5.57e-24	2.11e-20	1.98e-17	8.81e-15	1.76e-12	5.77e-09	1.86e-06	1.49e-04	3.10e-03	2.86e-02	1.06e-01	1.58e-01	1.89e-01	4.50e-01	6.20e-02	2.73e-03
 1.62550e+22	0.00e+00	4.89e-28	7.77e-24	2.84e-20	2.58e-17	1.10e-14	2.12e-12	6.89e-09	2.19e-06	1.73e-04	3.51e-03	3.14e-02	1.13e-01	1.64e-01	1.90e-01	4.37e-01	5.83e-02	2.48e-03
 1.64767e+22	0.00e+00	7.41e-28	1.13e-23	3.98e-20	3.47e-17	1.42e-14	2.62e-12	8.39e-09	2.64e-06	2.04e-04	4.03e-03	3.49e-02	1.22e-01	1.70e-01	1.90e-01	4.22e-01	5.43e-02	2.23e-03
 1.66786e+22	0.00e+00	1.08e-27	1.59e-23	5.39e-20	4.53e-17	1.78e-14	3.16e-12	1.00e-08	3.11e-06	2.36e-04	4.56e-03	3.83e-02	1.30e-01	1.76e-01	1.90e-01	4.09e-01	5.08e-02	2.02e-03
 1.68587e+22	0.00e+00	1.50e-27	2.15e-23	7.06e-20	5.74e-17	2.18e-14	3.73e-12	1.17e-08	3.59e-06	2.69e-04	5.08e-03	4.16e-02	1.37e-01	1.81e-01	1.89e-01	3.96e-01	4.77e-02	1.84e-03
 1.70608e+22	0.00e+00	2.13e-27	2.96e-23	9.41e-20	7.39e-17	2.71e-14	4.46e-12	1.37e-08	4.17e-06	3.09e-04	5.69e-03	4.52e-02	1.45e-01	1.86e-01	1.89e-01	3.83e-01	4.47e-02	1.67e-03
 1.73236e+22	0.00e+00	3.35e-27	4.46e-23	1.36e-19	1.02e-16	3.58e-14	5.60e-12	1.69e-08	5.06e-06	3.67e-04	6.57e-03	5.03e-02	1.56e-01	1.92e-01	1.87e-01	3.65e-01	4.09e-02	1.46e-03
 1.75885e+22	0.00e+00	5.27e-27	6.74e-23	1.97e-19	1.42e-16	4.73e-14	7.05e-12	2.08e-08	6.12e-06	4.36e-04	7.56e-03	5.58e-02	1.67e-01	1.98e-01	1.85e-01	3.48e-01	3.73e-02	1.28e-03
 1.77968e+22	0.00e+00	7.50e-27	9.30e-23	2.63e-19	1.83e-16	5.87e-14	8.44e-12	2.43e-08	7.08e-06	4.97e-04	8.43e-03	6.04e-02	1.76e-01	2.02e-01	1.83e-01	3.34e-01	3.46e-02	1.15e-03
 1.80080e+22	0.00e+00	1.05e-26	1.26e-22	3.46e-19	2.33e-16	7.22e-14	1.00e-11	2.82e-08	8.13e-06	5.62e-04	9.33e-03	6.50e-02	1.85e-01	2.05e-01	1.81e-01	3.20e-01	3.22e-02	1.04e-03
 1.82827e+22	0.00e+00	1.61e-26	1.86e-22	4.92e-19	3.18e-16	9.42e-14	1.25e-11	3.42e-08	9.68e-06	6.57e-04	1.06e-02	7.13e-02	1.96e-01	2.10e-01	1.78e-01	3.03e-01	2.93e-02	9.07e-04
 1.85712e+22	0.00e+00	2.51e-26	2.80e-22	7.08e-19	4.39e-16	1.24e-13	1.57e-11	4.16e-08	1.16e-05	7.71e-04	1.21e-02	7.82e-02	2.07e-01	2.14e-01	1.75e-01	2.86e-01	2.64e-02	7.86e-04
 1.88147e+22	0.00e+00	3.62e-26	3.90e-22	9.56e-19	5.72e-16	1.56e-13	1.89e-11	4.89e-08	1.34e-05	8.77e-04	1.34e-02	8.43e-02	2.17e-01	2.17e-01	1.71e-01	2.72e-01	2.43e-02	6.96e-04
 1.90683e+22	0.00e+00	5.21e-26	5.44e-22	1.29e-18	7.46e-16	1.96e-13	2.29e-11	5.73e-08	1.55e-05	9.97e-04	1.49e-02	9.06e-02	2.26e-01	2.19e-01	1.68e-01	2.57e-01	2.22e-02	6.15e-04
 1.93980e+22	0.00e+00	8.23e-26	8.27e-22	1.88e-18	1.04e-15	2.61e-13	2.90e-11	7.00e-08	1.85e-05	1.17e-03	1.69e-02	9.90e-02	2.38e-01	2.22e-01	1.63e-01	2.40e-01	1.98e-02	5.24e-04
 1.97356e+22	0.00e+00	1.31e-25	1.26e-21	2.76e-18	1.46e-15	3.48e-13	3.69e-11	8.55e-08	2.21e-05	1.37e-03	1.92e-02	1.08e-01	2.50e-01	2.23e-01	1.58e-01	2.23e-01	1.75e-02	4.44e-04
 1.99965e+22	0.00e+00	1.85e-25	1.74e-21	3.67e-18	1.88e-15	4.34e-13	4.43e-11	9.94e-08	2.53e-05	1.54e-03	2.11e-02	1.15e-01	2.59e-01	2.24e-01	1.53e-01	2.10e-01	1.60e-02	3.91e-04
 2.02094e+22	0.00e+00	2.45e-25	2.24e-21	4.63e-18	2.31e-15	5.17e-13	5.12e-11	1.12e-07	2.82e-05	1.69e-03	2.27e-02	1.21e-01	2.66e-01	2.24e-01	1.50e-01	2.00e-01	1.48e-02	3.52e-04
 2.04463e+22	0.00e+00	3.27e-25	2.92e-21	5.88e-18	2.86e-15	6.21e-13	5.97e-11	1.27e-07	3.14e-05	1.86e-03	2.45e-02	1.27e-01	2.73e-01	2.24e-01	1.46e-01	1.90e-01	1.37e-02	3.16e-04
 2.07544e+22	0.00e+00	4.75e-25	4.11e-21	8.00e-18	3.76e-15	7.86e-13	7.26e-11	1.49e-07	3.62e-05	2.10e-03	2.70e-02	1.35e-01	2.81e-01	2.24e-01	1.41e-01	1.77e-01	1.23e-02	2.74e-04
 2.10812e+22	0.00e+00	7.01e-25	5.87e-21	1.11e-17	5.01e-15	1.01e-12	8.93e-11	1.76e-07	4.19e-05	2.38e-03	2.98e-02	1.44e-01	2.90e-01	2.23e-01	1.36e-01	1.65e-01	1.09e-02	2.35e-04
 2.13615e+22	0.00e+00	9.71e-25	7.92e-21	1.45e-17	6.37e-15	1.24e-12	1.06e-10	2.03e-07	4.73e-05	2.64e-03	3.23e-02	1.51e-01	2.97e-01	2.21e-01	1.31e-01	1.54e-01	9.93e-03	2.06e-04
 2.16552e+22	0.00e+00	1.34e-24	1.07e-20	1.90e-17	8.10e-15	1.52e-12	1.26e-10	2.33e-07	5.34e-05	2.93e-03	3.50e-02	1.59e-01	3.03e-01	2.19e-01	1.26e-01	1.44e-01	8.98e-03	1.80e-04
 2.20369e+22	0.00e+00	2.03e-24	1.56e-20	2.67e-17	1.10e-14	1.98e-12	1.57e-10	2.78e-07	6.22e-05	3.33e-03	3.87e-02	1.69e-01	3.11e-01	2.17e-01	1.20e-01	1.32e-01	7.89e-03	1.52e-04
 2.24254e+22	0.00e+00	3.07e-24	2.28e-20	3.77e-17	1.49e-14	2.58e-12	1.96e-10	3.33e-07	7.24e-05	3.79e-03	4.27e-02	1.79e-01	3.18e-01	2.13e-01	1.14e-01	1.21e-01	6.91e-03	1.27e-04
 2.27365e+22	0.00e+00	4.23e-24	3.06e-20	4.93e-17	1.89e-14	3.17e-12	2.33e-10	3.82e-07	8.15e-05	4.18e-03	4.60e-02	1.87e-01	3.23e-01	2.10e-01	1.10e-01	1.13e-01	6.22e-03	1.11e-04
 2.30022e+22	0.00e+00	5.51e-24	3.90e-20	6.15e-17	2.31e-14	3.75e-12	2.68e-10	4.28e-07	8.98e-05	4.54e-03	4.89e-02	1.94e-01	3.27e-01	2.07e-01	1.06e-01	1.06e-01	5.69e-03	9.86e-05
 2.32951e+22	0.00e+00	7.32e-24	5.06e-20	7.78e-17	2.84e-14	4.50e-12	3.13e-10	4.84e-07	9.95e-05	4.94e-03	5.22e-02	2.01e-01	3.31e-01	2.04e-01	1.02e-01	9.92e-02	5.17e-03	8.69e-05
 2.36758e+22	0.00e+00	1.05e-23	7.03e-20	1.05e-16	3.71e-14	5.67e-12	3.79e-10	5.64e-07	1.13e-04	5.50e-03	5.65e-02	2.11e-01	3.35e-01	2.00e-01	9.64e-02	9.11e-02	4.56e-03	7.39e-05
 2.40693e+22	0.00e+00	1.51e-23	9.84e-20	1.42e-16	4.87e-14	7.17e-12	4.62e-10	6.61e-07	1.29e-04	6.13e-03	6.12e-02	2.20e-01	3.39e-01	1.95e-01	9.11e-02	8.32e-02	4.01e-03	6.25e-05
 2.43933e+22	0.00e+00	2.03e-23	1.29e-19	1.82e-16	6.08e-14	8.69e-12	5.43e-10	7.51e-07	1.44e-04	6.69e-03	6.53e-02	2.28e-01	3.41e-01	1.91e-01	8.69e-02	7.72e-02	3.60e-03	5.44e-05
 2.47282e+22	0.00e+00	2.70e-23	1.68e-19	2.32e-16	7.53e-14	1.05e-11	6.34e-10	8.51e-07	1.60e-04	7.28e-03	6.94e-02	2.35e-01	3.43e-01	1.87e-01	8.30e-02	7.18e-02	3.25e-03	4.76e-05
 2.51636e+22	0.00e+00	3.90e-23	2.36e-19	3.15e-16	9.90e-14	1.33e-11	7.74e-10	9.97e-07	1.82e-04	8.09e-03	7.49e-02	2.44e-01	3.45e-01	1.81e-01	7.80e-02	6.52e-02	2.84e-03	3.99e-05
 2.56164e+22	0.00e+00	5.68e-23	3.33e-19	4.31e-16	1.31e-13	1.69e-11	9.51e-10	1.17e-06	2.08e-04	9.01e-03	8.09e-02	2.54e-01	3.46e-01	1.75e-01	7.30e-02	5.89e-02	2.46e-03	3.33e-05
 2.59939e+22	0.00e+00	7.73e-23	4.43e-19	5.59e-16	1.65e-13	2.07e-11	1.13e-09	1.34e-06	2.32e-04	9.83e-03	8.61e-02	2.62e-01	3.46e-01	1.70e-01	6.90e-02	5.41e-02	2.18e-03	2.86e-05
 2.63868e+22	0.00e+00	1.04e-22	5.84e-19	7.18e-16	2.07e-13	2.51e-11	1.33e-09	1.53e-06	2.58e-04	1.07e-02	9.14e-02	2.69e-01	3.46e-01	1.65e-01	6.52e-02	4.98e-02	1.94e-03	2.46e-05
 2.68976e+22	0.00e+00	1.53e-22	8.31e-19	9.90e-16	2.76e-13	3.22e-11	1.64e-09	1.81e-06	2.96e-04	1.19e-02	9.84e-02	2.78e-01	3.45e-01	1.59e-01	6.06e-02	4.46e-02	1.67e-03	2.03e-05
 2.74263e+22	0.00e+00	2.27e-22	1.19e-18	1.38e-15	3.70e-13	4.16e-11	2.03e-09	2.15e-06	3.40e-04	1.33e-02	1.06e-01	2.88e-01	3.44e-01	1.52e-01	5.60e-02	3.98e-02	1.43e-03	1.66e-05
 2.78415e+22	0.00e+00	3.06e-22	1.57e-18	1.77e-15	4.63e-13	5.05e-11	2.39e-09	2.45e-06	3.77e-04	1.44e-02	1.12e-01	2.94e-01	3.42e-01	1.47e-01	5.27e-02	3.64e-02	1.26e-03	1.42e-05
 2.82443e+22	0.00e+00	4.04e-22	2.03e-18	2.23e-15	5.70e-13	6.05e-11	2.78e-09	2.76e-06	4.16e-04	1.55e-02	1.18e-01	3.00e-01	3.40e-01	1.42e-01	4.97e-02	3.35e-02	1.13e-03	1.23e-05
 2.87680e+22	0.00e+00	5.74e-22	2.81e-18	3.00e-15	7.42e-13	7.61e-11	3.38e-09	3.22e-06	4.70e-04	1.70e-02	1.25e-01	3.08e-01	3.36e-01	1.35e-01	4.61e-02	3.01e-02	9.74e-04	1.02e-05
 2.93224e+22	6.68e-30	8.30e-22	3.95e-18	4.08e-15	9.78e-13	9.66e-11	4.13e-09	3.78e-06	5.34e-04	1.88e-02	1.34e-01	3.15e-01	3.32e-01	1.29e-01	4.25e-02	2.68e-02	8.33e-04	8.40e-06
 2.97999e+22	8.71e-30	1.13e-21	5.24e-18	5.28e-15	1.23e-12	1.18e-10	4.89e-09	4.32e-06	5.94e-04	2.03e-02	1.41e-01	3.21e-01	3.29e-01	1.24e-01	3.97e-02	2.43e-02	7.30e-04	7.12e-06
 3.03036e+22	1.14e-29	1.54e-21	6.96e-18	6.84e-15	1.55e-12	1.44e-10	5.79e-09	4.94e-06	6.60e-04	2.20e-02	1.48e-01	3.27e-01	3.24e-01	1.18e-01	3.69e-02	2.20e-02	6.39e-04	6.02e-06
 3.09586e+22	1.61e-29	2.28e-21	1.00e-17	9.50e-15	2.08e-12	1.86e-10	7.19e-09	5.86e-06	7.56e-04	2.43e-02	1.58e-01	3.34e-01	3.18e-01	1.11e-01	3.36e-02	1.94e-02	5.37e-04	4.85e-06
 3.16425e+22	2.27e-29	3.42e-21	1.45e-17	1.33e-14	2.82e-12	2.42e-10	8.97e-09	6.98e-06	8.67e-04	2.69e-02	1.68e-01	3.40e-01	3.11e-01	1.04e-01	3.05e-02	1.69e-02	4.48e-04	3.86e-06
 3.22221e+22	2.99e-29	4.76e-21	1.97e-17	1.76e-14	3.61e-12	3.00e-10	1.08e-08	8.06e-06	9.70e-04	2.93e-02	1.77e-01	3.45e-01	3.05e-01	9.90e-02	2.81e-02	1.51e-02	3.86e-04	3.20e-06
 3.27369e+22	3.79e-29	6.33e-21	2.57e-17	2.24e-14	4.46e-12	3.61e-10	1.26e-08	9.11e-06	1.07e-03	3.14e-02	1.85e-01	3.48e-01	3.00e-01	9.44e-02	2.61e-02	1.37e-02	3.39e-04	2.73e-06
 3.33097e+22	4.93e-29	8.63e-21	3.41e-17	2.90e-14	5.62e-12	4.41e-10	1.49e-08	1.04e-05	1.18e-03	3.38e-02	1.94e-01	3.52e-01	2.93e-01	8.94e-02	2.41e-02	1.23e-02	2.93e-04	2.28e-06
 3.40544e+22	6.80e-29	1.26e-20	4.84e-17	3.98e-14	7.46e-12	5.63e-10	1.83e-08	1.23e-05	1.34e-03	3.70e-02	2.04e-01	3.56e-01	2.85e-01	8.36e-02	2.18e-02	1.07e-02	2.46e-04	1.83e-06
 3.48357e+22	9.46e-29	1.89e-20	7.03e-17	5.58e-14	1.01e-11	7.32e-10	2.28e-08	1.46e-05	1.54e-03	4.08e-02	2.16e-01	3.59e-01	2.76e-01	7.75e-02	1.95e-02	9.28e-03	2.03e-04	1.44e-06
 3.54665e+22	1.22e-28	2.60e-20	9.40e-17	7.26e-14	1.28e-11	8.97e-10	2.71e-08	1.67e-05	1.70e-03	4.39e-02	2.25e-01	3.61e-01	2.69e-01	7.30e-02	1.79e-02	8.26e-03	1.74e-04	1.19e-06
 3.60059e+22	1.51e-28	3.37e-20	1.20e-16	9.03e-14	1.55e-11	1.06e-09	3.12e-08	1.87e-05	1.85e-03	4.66e-02	2.33e-01	3.63e-01	2.62e-01	6.94e-02	1.66e-02	7.50e-03	1.53e-04	1.02e-06
 3.66245e+22	1.91e-28	4.50e-20	1.56e-16	1.15e-13	1.92e-11	1.28e-09	3.65e-08	2.11e-05	2.04e-03	4.98e-02	2.42e-01	3.64e-01	2.55e-01	6.55e-02	1.53e-02	6.72e-03	1.33e-04	8.56e-07
 3.74288e+22	2.58e-28	6.46e-20	2.17e-16	1.55e-13	2.51e-11	1.61e-09	4.43e-08	2.46e-05	2.29e-03	5.39e-02	2.52e-01	3.65e-01	2.46e-01	6.08e-02	1.37e-02	5.86e-03	1.11e-04	6.88e-07
 3.82799e+22	3.50e-28	9.49e-20	3.10e-16	2.14e-13	3.34e-11	2.06e-09	5.45e-08	2.89e-05	2.59e-03	5.88e-02	2.64e-01	3.65e-01	2.36e-01	5.60e-02	1.22e-02	5.04e-03	9.15e-05	5.40e-07
 3.89988e+22	4.50e-28	1.30e-19	4.14e-16	2.79e-13	4.23e-11	2.53e-09	6.47e-08	3.31e-05	2.86e-03	6.30e-02	2.74e-01	3.64e-01	2.28e-01	5.22e-02	1.11e-02	4.45e-03	7.78e-05	4.43e-07
 3.97402e+22	5.77e-28	1.77e-19	5.50e-16	3.60e-13	5.31e-11	3.08e-09	7.63e-08	3.76e-05	3.15e-03	6.72e-02	2.83e-01	3.63e-01	2.20e-01	4.88e-02	1.01e-02	3.94e-03	6.64e-05	3.64e-07
 4.07041e+22	7.88e-28	2.60e-19	7.82e-16	4.96e-13	7.05e-11	3.93e-09	9.37e-08	4.42e-05	3.55e-03	7.29e-02	2.95e-01	3.61e-01	2.10e-01	4.47e-02	8.95e-03	3.37e-03	5.43e-05	2.85e-07
 4.17037e+22	1.08e-27	3.89e-19	1.14e-15	6.95e-13	9.53e-11	5.10e-09	1.17e-07	5.23e-05	4.03e-03	7.94e-02	3.07e-01	3.58e-01	1.99e-01	4.05e-02	7.85e-03	2.85e-03	4.37e-05	2.19e-07
 4.25196e+22	1.38e-27	5.34e-19	1.52e-15	9.05e-13	1.21e-10	6.25e-09	1.38e-07	5.97e-05	4.45e-03	8.47e-02	3.17e-01	3.56e-01	1.91e-01	3.75e-02	7.06e-03	2.49e-03	3.68e-05	1.77e-07
 4.33500e+22	1.77e-27	7.25e-19	2.01e-15	1.17e-12	1.51e-10	7.61e-09	1.63e-07	6.78e-05	4.89e-03	9.02e-02	3.26e-01	3.52e-01	1.83e-01	3.47e-02	6.37e-03	2.18e-03	3.11e-05	1.44e-07
 4.44295e+22	2.39e-27	1.06e-18	2.86e-15	1.60e-12	2.01e-10	9.69e-09	2.00e-07	7.94e-05	5.48e-03	9.72e-02	3.37e-01	3.48e-01	1.73e-01	3.15e-02	5.59e-03	1.85e-03	2.52e-05	0.00e+00
 4.54938e+22	3.21e-27	1.56e-18	4.08e-15	2.22e-12	2.68e-10	1.24e-08	2.46e-07	9.33e-05	6.17e-03	1.05e-01	3.49e-01	3.42e-01	1.63e-01	2.84e-02	4.87e-03	1.56e-03	2.02e-05	0.00e+00
 4.62781e+22	3.92e-27	2.04e-18	5.23e-15	2.78e-12	3.27e-10	1.48e-08	2.84e-07	1.04e-04	6.69e-03	1.11e-01	3.56e-01	3.38e-01	1.56e-01	2.64e-02	4.43e-03	1.38e-03	1.73e-05	0.00e+00
 4.70374e+22	4.77e-27	2.62e-18	6.58e-15	3.42e-12	3.94e-10	1.74e-08	3.25e-07	1.16e-04	7.21e-03	1.16e-01	3.63e-01	3.34e-01	1.50e-01	2.46e-02	4.04e-03	1.23e-03	1.49e-05	0.00e+00
 4.80246e+22	6.11e-27	3.58e-18	8.79e-15	4.45e-12	4.98e-10	2.12e-08	3.85e-07	1.32e-04	7.92e-03	1.23e-01	3.72e-01	3.28e-01	1.42e-01	2.25e-02	3.60e-03	1.06e-03	1.24e-05	0.00e+00
 4.91010e+22	7.93e-27	5.03e-18	1.21e-14	5.93e-12	6.44e-10	2.65e-08	4.64e-07	1.52e-04	8.78e-03	1.31e-01	3.81e-01	3.21e-01	1.33e-01	2.03e-02	3.16e-03	9.04e-04	1.01e-05	0.00e+00
 5.00599e+22	9.89e-27	6.77e-18	1.59e-14	7.61e-12	8.05e-10	3.21e-08	5.46e-07	1.72e-04	9.58e-03	1.39e-01	3.88e-01	3.15e-01	1.26e-01	1.86e-02	2.81e-03	7.83e-04	8.42e-06	0.00e+00
 5.10728e+22	1.24e-26	9.05e-18	2.07e-14	9.72e-12	1.00e-09	3.88e-08	6.38e-07	1.93e-04	1.04e-02	1.46e-01	3.95e-01	3.08e-01	1.20e-01	1.70e-02	2.51e-03	6.80e-04	7.03e-06	0.00e+00
 5.23896e+22	1.65e-26	1.31e-17	2.92e-14	1.33e-11	1.32e-09	4.93e-08	7.82e-07	2.25e-04	1.16e-02	1.56e-01	4.04e-01	2.99e-01	1.11e-01	1.51e-02	2.16e-03	5.64e-04	5.56e-06	0.00e+00
 5.37272e+22	2.17e-26	1.90e-17	4.14e-14	1.83e-11	1.76e-09	6.32e-08	9.63e-07	2.64e-04	1.30e-02	1.67e-01	4.12e-01	2.90e-01	1.03e-01	1.33e-02	1.85e-03	4.65e-04	4.35e-06	0.00e+00
 5.47863e+22	2.66e-26	2.53e-17	5.41e-14	2.33e-11	2.19e-09	7.63e-08	1.13e-06	2.97e-04	1.42e-02	1.76e-01	4.18e-01	2.82e-01	9.63e-02	1.21e-02	1.64e-03	4.00e-04	3.60e-06	0.00e+00
 5.58575e+22	3.25e-26	3.32e-17	6.95e-14	2.93e-11	2.69e-09	9.13e-08	1.31e-06	3.33e-04	1.53e-02	1.84e-01	4.23e-01	2.74e-01	9.06e-02	1.10e-02	1.45e-03	3.46e-04	3.00e-06	0.00e+00
 5.72501e+22	4.19e-26	4.64e-17	9.52e-14	3.91e-11	3.49e-09	1.14e-07	1.58e-06	3.84e-04	1.69e-02	1.95e-01	4.28e-01	2.65e-01	8.37e-02	9.73e-03	1.25e-03	2.87e-04	2.38e-06	0.00e+00
 5.87550e+22	5.42e-26	6.67e-17	1.34e-13	5.35e-11	4.62e-09	1.46e-07	1.95e-06	4.48e-04	1.88e-02	2.07e-01	4.34e-01	2.54e-01	7.65e-02	8.50e-03	1.06e-03	2.34e-04	1.84e-06	0.00e+00
 6.00704e+22	6.71e-26	9.08e-17	1.79e-13	6.99e-11	5.89e-09	1.80e-07	2.33e-06	5.11e-04	2.06e-02	2.18e-01	4.38e-01	2.44e-01	7.06e-02	7.53e-03	9.16e-04	1.95e-04	1.47e-06	0.00e+00
 6.12574e+22	8.02e-26	1.18e-16	2.29e-13	8.76e-11	7.22e-09	2.15e-07	2.70e-06	5.71e-04	2.22e-02	2.27e-01	4.40e-01	2.36e-01	6.59e-02	6.80e-03	8.09e-04	1.68e-04	1.21e-06	0.00e+00
 6.26129e+22	9.77e-26	1.56e-16	2.98e-13	1.12e-10	9.02e-09	2.60e-07	3.18e-06	6.45e-04	2.42e-02	2.38e-01	4.43e-01	2.27e-01	6.10e-02	6.06e-03	7.04e-04	1.41e-04	9.79e-07	0.00e+00
 6.43751e+22	1.24e-25	2.21e-16	4.14e-13	1.52e-10	1.19e-08	3.31e-07	3.90e-06	7.50e-04	2.67e-02	2.51e-01	4.45e-01	2.15e-01	5.52e-02	5.23e-03	5.91e-04	1.14e-04	7.50e-07	0.00e+00
 6.62338e+22	1.56e-25	3.19e-16	5.88e-13	2.10e-10	1.60e-08	4.29e-07	4.87e-06	8.84e-04	2.99e-02	2.66e-01	4.46e-01	2.03e-01	4.93e-02	4.44e-03	4.86e-04	8.98e-05	5.56e-07	0.00e+00
 6.76931e+22	1.86e-25	4.23e-16	7.71e-13	2.71e-10	2.01e-08	5.25e-07	5.78e-06	1.00e-03	3.25e-02	2.78e-01	4.46e-01	1.93e-01	4.51e-02	3.90e-03	4.16e-04	7.44e-05	4.40e-07	0.00e+00
 6.88442e+22	2.10e-25	5.19e-16	9.37e-13	3.25e-10	2.38e-08	6.07e-07	6.55e-06	1.10e-03	3.45e-02	2.87e-01	4.45e-01	1.86e-01	4.21e-02	3.54e-03	3.72e-04	6.48e-05	3.71e-07	0.00e+00
 7.01195e+22	2.40e-25	6.43e-16	1.15e-12	3.95e-10	2.84e-08	7.10e-07	7.50e-06	1.21e-03	3.68e-02	2.97e-01	4.44e-01	1.79e-01	3.91e-02	3.19e-03	3.29e-04	5.57e-05	3.08e-07	0.00e+00
 7.17774e+22	2.82e-25	8.36e-16	1.49e-12	5.00e-10	3.53e-08	8.59e-07	8.83e-06	1.37e-03	3.98e-02	3.08e-01	4.42e-01	1.70e-01	3.57e-02	2.80e-03	2.82e-04	4.63e-05	2.44e-07	0.00e+00
 7.39327e+22	3.41e-25	1.16e-15	2.04e-12	6.72e-10	4.64e-08	1.09e-06	1.09e-05	1.59e-03	4.39e-02	3.23e-01	4.39e-01	1.59e-01	3.17e-02	2.37e-03	2.32e-04	3.64e-05	1.82e-07	0.00e+00
 7.61130e+22	4.05e-25	1.61e-15	2.82e-12	9.15e-10	6.17e-08	1.40e-06	1.35e-05	1.86e-03	4.86e-02	3.39e-01	4.34e-01	1.47e-01	2.78e-02	1.98e-03	1.88e-04	2.82e-05	1.33e-07	0.00e+00
 7.77702e+22	4.59e-25	2.06e-15	3.59e-12	1.15e-09	7.62e-08	1.69e-06	1.59e-05	2.09e-03	5.24e-02	3.50e-01	4.29e-01	1.39e-01	2.52e-02	1.72e-03	1.61e-04	2.33e-05	0.00e+00	0.00e+00
 7.93689e+22	5.08e-25	2.52e-15	4.39e-12	1.39e-09	9.12e-08	1.99e-06	1.83e-05	2.31e-03	5.59e-02	3.61e-01	4.25e-01	1.32e-01	2.31e-02	1.53e-03	1.40e-04	1.97e-05	0.00e+00	0.00e+00
 8.14473e+22	5.80e-25	3.25e-15	5.64e-12	1.77e-09	1.14e-07	2.41e-06	2.16e-05	2.61e-03	6.03e-02	3.73e-01	4.19e-01	1.23e-01	2.07e-02	1.32e-03	1.18e-04	1.60e-05	0.00e+00	0.00e+00
 8.37501e+22	6.57e-25	4.30e-15	7.46e-12	2.30e-09	1.46e-07	3.01e-06	2.63e-05	3.00e-03	6.58e-02	3.86e-01	4.11e-01	1.14e-01	1.83e-02	1.11e-03	9.67e-05	1.26e-05	0.00e+00	0.00e+00
 8.58242e+22	7.29e-25	5.48e-15	9.52e-12	2.91e-09	1.81e-07	3.65e-06	3.12e-05	3.39e-03	7.10e-02	3.98e-01	4.04e-01	1.06e-01	1.63e-02	9.49e-04	8.10e-05	1.02e-05	0.00e+00	0.00e+00
 8.76843e+22	7.95e-25	6.68e-15	1.17e-11	3.54e-09	2.18e-07	4.31e-06	3.61e-05	3.77e-03	7.57e-02	4.08e-01	3.97e-01	9.98e-02	1.47e-02	8.30e-04	6.95e-05	8.43e-06	0.00e+00	0.00e+00
 8.97869e+22	8.76e-25	8.23e-15	1.44e-11	4.32e-09	2.63e-07	5.08e-06	4.18e-05	4.18e-03	8.06e-02	4.18e-01	3.90e-01	9.36e-02	1.33e-02	7.25e-04	5.96e-05	7.01e-06	0.00e+00	0.00e+00
 9.25204e+22	9.81e-25	1.06e-14	1.86e-11	5.52e-09	3.31e-07	6.24e-06	5.01e-05	4.75e-03	8.72e-02	4.30e-01	3.80e-01	8.62e-02	1.17e-02	6.10e-04	4.90e-05	5.53e-06	0.00e+00	0.00e+00
 9.54742e+22	1.09e-24	1.39e-14	2.46e-11	7.24e-09	4.28e-07	7.85e-06	6.15e-05	5.49e-03	9.50e-02	4.42e-01	3.68e-01	7.84e-02	1.01e-02	5.01e-04	3.92e-05	4.23e-06	0.00e+00	0.00e+00
 9.80322e+22	1.20e-24	1.74e-14	3.12e-11	9.10e-09	5.31e-07	9.53e-06	7.32e-05	6.20e-03	1.02e-01	4.53e-01	3.58e-01	7.20e-02	8.86e-03	4.22e-04	3.23e-05	3.35e-06	0.00e+00	0.00e+00
 1.00308e+23	1.30e-24	2.11e-14	3.78e-11	1.09e-08	6.31e-07	1.11e-05	8.38e-05	6.82e-03	1.08e-01	4.60e-01	3.49e-01	6.73e-02	8.00e-03	3.69e-04	2.78e-05	2.79e-06	0.00e+00	0.00e+00
 1.02900e+23	1.42e-24	2.55e-14	4.61e-11	1.32e-08	7.54e-07	1.30e-05	9.66e-05	7.53e-03	1.14e-01	4.68e-01	3.40e-01	6.26e-02	7.17e-03	3.20e-04	2.36e-05	2.30e-06	0.00e+00	0.00e+00
