#depth	Ar	Ar+	Ar+2	Ar+3	Ar+4	Ar+5	Ar+6	Ar+7	Ar+8	Ar+9	Ar+10	Ar+11	Ar+12	Ar+13	Ar+14	Ar+15	Ar+16	Ar+17	Ar+18
 6.17135e+19	0.00e+00	0.00e+00	0.00e+00	0.00e+00	0.00e+00	0.00e+00	0.00e+00	1.91e-27	2.31e-23	7.39e-20	1.11e-16	7.55e-14	2.88e-11	5.87e-09	8.71e-07	9.99e-05	1.84e-02	2.14e-01	7.67e-01
 1.87609e+20	0.00e+00	0.00e+00	0.00e+00	0.00e+00	0.00e+00	0.00e+00	0.00e+00	4.86e-27	5.42e-23	1.60e-19	2.21e-16	1.38e-13	4.85e-11	9.09e-09	1.23e-06	1.29e-04	2.16e-02	2.29e-01	7.49e-01
 3.18540e+20	0.00e+00	0.00e+00	0.00e+00	0.00e+00	0.00e+00	0.00e+00	6.53e-31	1.24e-26	1.28e-22	3.47e-19	4.42e-16	2.54e-13	8.21e-11	1.41e-08	1.74e-06	1.66e-04	2.54e-02	2.45e-01	7.30e-01
 4.54709e+20	0.00e+00	0.00e+00	0.00e+00	0.00e+00	0.00e+00	0.00e+00	1.86e-30	3.18e-26	3.02e-22	7.56e-19	8.88e-16	4.69e-13	1.40e-10	2.20e-08	2.46e-06	2.14e-04	2.98e-02	2.61e-01	7.09e-01
 5.48444e+20	0.00e+00	0.00e+00	0.00e+00	0.00e+00	0.00e+00	0.00e+00	3.75e-30	5.99e-26	5.39e-22	1.28e-18	1.42e-15	7.09e-13	2.00e-10	2.97e-08	3.11e-06	2.54e-04	3.31e-02	2.72e-01	6.94e-01
 5.86615e+20	0.00e+00	0.00e+00	0.00e+00	0.00e+00	0.00e+00	0.00e+00	5.02e-30	7.78e-26	6.85e-22	1.59e-18	1.72e-15	8.42e-13	2.32e-10	3.37e-08	3.43e-06	2.73e-04	3.46e-02	2.77e-01	6.88e-01
 6.18482e+20	0.00e+00	0.00e+00	0.00e+00	0.00e+00	0.00e+00	0.00e+00	6.28e-30	9.51e-26	8.23e-22	1.87e-18	2.00e-15	9.59e-13	2.60e-10	3.70e-08	3.69e-06	2.88e-04	3.58e-02	2.81e-01	6.83e-01
 6.59909e+20	0.00e+00	0.00e+00	0.00e+00	0.00e+00	0.00e+00	0.00e+00	8.46e-30	1.24e-25	1.05e-21	2.34e-18	2.44e-15	1.14e-12	3.02e-10	4.20e-08	4.08e-06	3.10e-04	3.74e-02	2.86e-01	6.76e-01
 7.13764e+20	0.00e+00	0.00e+00	0.00e+00	0.00e+00	0.00e+00	0.00e+00	1.24e-29	1.76e-25	1.44e-21	3.12e-18	3.15e-15	1.43e-12	3.68e-10	4.96e-08	4.64e-06	3.41e-04	3.96e-02	2.92e-01	6.68e-01
 7.83775e+20	0.00e+00	0.00e+00	0.00e+00	0.00e+00	0.00e+00	0.00e+00	2.03e-29	2.73e-25	2.17e-21	4.50e-18	4.38e-15	1.92e-12	4.74e-10	6.12e-08	5.46e-06	3.84e-04	4.27e-02	3.01e-01	6.56e-01
 8.56032e+20	0.00e+00	0.00e+00	0.00e+00	0.00e+00	0.00e+00	0.00e+00	3.36e-29	4.28e-25	3.27e-21	6.55e-18	6.12e-15	2.58e-12	6.13e-10	7.59e-08	6.46e-06	4.34e-04	4.60e-02	3.09e-01	6.45e-01
 9.11646e+20	0.00e+00	0.00e+00	0.00e+00	0.00e+00	0.00e+00	0.00e+00	4.92e-29	6.02e-25	4.48e-21	8.70e-18	7.90e-15	3.23e-12	7.46e-10	8.95e-08	7.34e-06	4.76e-04	4.87e-02	3.16e-01	6.35e-01
 9.56469e+20	0.00e+00	0.00e+00	0.00e+00	0.00e+00	0.00e+00	0.00e+00	6.65e-29	7.88e-25	5.74e-21	1.09e-17	9.67e-15	3.86e-12	8.70e-10	1.02e-07	8.12e-06	5.13e-04	5.09e-02	3.21e-01	6.28e-01
 1.00683e+21	0.00e+00	0.00e+00	0.00e+00	0.00e+00	0.00e+00	0.00e+00	9.31e-29	1.06e-24	7.56e-21	1.40e-17	1.21e-14	4.70e-12	1.03e-09	1.18e-07	9.09e-06	5.56e-04	5.34e-02	3.27e-01	6.19e-01
 1.07229e+21	0.00e+00	0.00e+00	0.00e+00	0.00e+00	0.00e+00	0.00e+00	1.43e-28	1.56e-24	1.08e-20	1.93e-17	1.62e-14	6.07e-12	1.29e-09	1.42e-07	1.05e-05	6.18e-04	5.69e-02	3.34e-01	6.09e-01
 1.14077e+21	0.00e+00	0.00e+00	0.00e+00	0.00e+00	0.00e+00	0.00e+00	2.24e-28	2.33e-24	1.55e-20	2.70e-17	2.18e-14	7.91e-12	1.63e-09	1.72e-07	1.22e-05	6.88e-04	6.08e-02	3.42e-01	5.97e-01
 1.19834e+21	0.00e+00	0.00e+00	0.00e+00	0.00e+00	0.00e+00	0.00e+00	3.24e-28	3.23e-24	2.10e-20	3.55e-17	2.79e-14	9.85e-12	1.97e-09	2.02e-07	1.38e-05	7.53e-04	6.41e-02	3.48e-01	5.87e-01
 1.25834e+21	0.00e+00	0.00e+00	0.00e+00	0.00e+00	0.00e+00	0.00e+00	4.70e-28	4.51e-24	2.86e-20	4.70e-17	3.59e-14	1.23e-11	2.39e-09	2.37e-07	1.56e-05	8.23e-04	6.76e-02	3.54e-01	5.77e-01
 1.32479e+21	0.00e+00	0.00e+00	0.00e+00	0.00e+00	0.00e+00	0.00e+00	7.17e-28	6.56e-24	4.04e-20	6.44e-17	4.76e-14	1.58e-11	2.98e-09	2.86e-07	1.80e-05	9.12e-04	7.19e-02	3.61e-01	5.66e-01
 1.38443e+21	0.00e+00	0.00e+00	0.00e+00	0.00e+00	0.00e+00	0.00e+00	1.03e-27	9.09e-24	5.46e-20	8.48e-17	6.10e-14	1.97e-11	3.61e-09	3.35e-07	2.04e-05	9.97e-04	7.57e-02	3.68e-01	5.56e-01
 1.43810e+21	0.00e+00	0.00e+00	0.00e+00	0.00e+00	0.00e+00	0.00e+00	1.44e-27	1.22e-23	7.15e-20	1.08e-16	7.62e-14	2.40e-11	4.28e-09	3.87e-07	2.28e-05	1.08e-03	7.94e-02	3.73e-01	5.46e-01
 1.49918e+21	0.00e+00	0.00e+00	0.00e+00	0.00e+00	0.00e+00	0.00e+00	2.07e-27	1.68e-23	9.65e-20	1.42e-16	9.74e-14	2.98e-11	5.18e-09	4.54e-07	2.58e-05	1.18e-03	8.36e-02	3.79e-01	5.36e-01
 1.57859e+21	0.00e+00	0.00e+00	0.00e+00	0.00e+00	0.00e+00	0.00e+00	3.31e-27	2.55e-23	1.42e-19	2.03e-16	1.34e-13	3.94e-11	6.62e-09	5.58e-07	3.02e-05	1.32e-03	8.93e-02	3.87e-01	5.23e-01
 1.65777e+21	0.00e+00	0.00e+00	0.00e+00	0.00e+00	0.00e+00	0.00e+00	5.25e-27	3.84e-23	2.07e-19	2.86e-16	1.83e-13	5.20e-11	8.44e-09	6.84e-07	3.53e-05	1.47e-03	9.52e-02	3.94e-01	5.09e-01
 1.71686e+21	0.00e+00	0.00e+00	0.00e+00	0.00e+00	0.00e+00	4.92e-31	7.37e-27	5.18e-23	2.74e-19	3.70e-16	2.30e-13	6.38e-11	1.01e-08	7.94e-07	3.96e-05	1.60e-03	9.98e-02	3.99e-01	4.99e-01
 1.77389e+21	0.00e+00	0.00e+00	0.00e+00	0.00e+00	0.00e+00	7.06e-31	1.02e-26	6.89e-23	3.57e-19	4.71e-16	2.86e-13	7.75e-11	1.20e-08	9.16e-07	4.42e-05	1.73e-03	1.04e-01	4.04e-01	4.90e-01
 1.84803e+21	0.00e+00	0.00e+00	0.00e+00	0.00e+00	0.00e+00	1.12e-30	1.54e-26	9.93e-23	5.01e-19	6.43e-16	3.79e-13	9.95e-11	1.49e-08	1.10e-06	5.08e-05	1.91e-03	1.10e-01	4.11e-01	4.77e-01
 1.92504e+21	0.00e+00	0.00e+00	0.00e+00	0.00e+00	0.00e+00	1.81e-30	2.35e-26	1.44e-22	7.09e-19	8.85e-16	5.06e-13	1.29e-10	1.87e-08	1.33e-06	5.87e-05	2.11e-03	1.17e-01	4.17e-01	4.64e-01
 1.98899e+21	0.00e+00	0.00e+00	0.00e+00	0.00e+00	0.00e+00	2.67e-30	3.32e-26	1.96e-22	9.43e-19	1.15e-15	6.42e-13	1.59e-10	2.24e-08	1.55e-06	6.60e-05	2.29e-03	1.22e-01	4.22e-01	4.54e-01
 2.05532e+21	0.00e+00	0.00e+00	0.00e+00	0.00e+00	0.00e+00	3.97e-30	4.73e-26	2.67e-22	1.26e-18	1.50e-15	8.17e-13	1.97e-10	2.71e-08	1.81e-06	7.44e-05	2.49e-03	1.28e-01	4.26e-01	4.43e-01
 2.12807e+21	0.00e+00	0.00e+00	0.00e+00	0.00e+00	0.00e+00	6.11e-30	6.94e-26	3.75e-22	1.73e-18	2.01e-15	1.06e-12	2.48e-10	3.32e-08	2.15e-06	8.48e-05	2.73e-03	1.35e-01	4.31e-01	4.31e-01
 2.19391e+21	0.00e+00	0.00e+00	0.00e+00	0.00e+00	0.00e+00	8.98e-30	9.76e-26	5.06e-22	2.29e-18	2.60e-15	1.34e-12	3.06e-10	3.99e-08	2.51e-06	9.52e-05	2.96e-03	1.41e-01	4.35e-01	4.20e-01
 2.25472e+21	0.00e+00	0.00e+00	0.00e+00	0.00e+00	0.00e+00	1.28e-29	1.33e-25	6.65e-22	2.95e-18	3.29e-15	1.66e-12	3.70e-10	4.72e-08	2.88e-06	1.06e-04	3.18e-03	1.47e-01	4.39e-01	4.11e-01
 2.32425e+21	0.00e+00	0.00e+00	0.00e+00	0.00e+00	0.00e+00	1.89e-29	1.89e-25	9.04e-22	3.94e-18	4.29e-15	2.12e-12	4.59e-10	5.70e-08	3.37e-06	1.19e-04	3.45e-03	1.54e-01	4.43e-01	4.00e-01
 2.40189e+21	0.00e+00	0.00e+00	0.00e+00	0.00e+00	0.00e+00	2.92e-29	2.78e-25	1.27e-21	5.41e-18	5.76e-15	2.76e-12	5.81e-10	7.01e-08	4.01e-06	1.36e-04	3.78e-03	1.62e-01	4.47e-01	3.88e-01
 2.47412e+21	0.00e+00	0.00e+00	0.00e+00	0.00e+00	0.00e+00	4.36e-29	3.96e-25	1.73e-21	7.24e-18	7.53e-15	3.53e-12	7.22e-10	8.49e-08	4.70e-06	1.53e-04	4.10e-03	1.69e-01	4.50e-01	3.77e-01
 2.54135e+21	0.00e+00	0.00e+00	0.00e+00	0.00e+00	0.00e+00	6.28e-29	5.47e-25	2.30e-21	9.45e-18	9.64e-15	4.42e-12	8.82e-10	1.01e-07	5.43e-06	1.71e-04	4.42e-03	1.76e-01	4.53e-01	3.67e-01
 2.61800e+21	0.00e+00	0.00e+00	0.00e+00	0.00e+00	0.00e+00	9.46e-29	7.86e-25	3.15e-21	1.27e-17	1.27e-14	5.68e-12	1.10e-09	1.23e-07	6.39e-06	1.93e-04	4.81e-03	1.84e-01	4.56e-01	3.55e-01
 2.70110e+21	0.00e+00	0.00e+00	0.00e+00	0.00e+00	0.00e+00	1.47e-28	1.16e-24	4.43e-21	1.75e-17	1.71e-14	7.43e-12	1.40e-09	1.52e-07	7.61e-06	2.20e-04	5.25e-03	1.93e-01	4.59e-01	3.43e-01
 2.77537e+21	0.00e+00	0.00e+00	0.00e+00	0.00e+00	0.00e+00	2.15e-28	1.63e-24	5.96e-21	2.32e-17	2.22e-14	9.42e-12	1.73e-09	1.83e-07	8.87e-06	2.47e-04	5.68e-03	2.01e-01	4.61e-01	3.33e-01
 2.84283e+21	0.00e+00	0.00e+00	0.00e+00	0.00e+00	0.00e+00	3.04e-28	2.21e-24	7.78e-21	2.99e-17	2.80e-14	1.16e-11	2.09e-09	2.15e-07	1.02e-05	2.74e-04	6.08e-03	2.08e-01	4.62e-01	3.23e-01
 2.91866e+21	0.00e+00	0.00e+00	0.00e+00	0.00e+00	0.00e+00	4.45e-28	3.09e-24	1.04e-20	3.95e-17	3.63e-14	1.47e-11	2.57e-09	2.58e-07	1.18e-05	3.06e-04	6.56e-03	2.16e-01	4.64e-01	3.13e-01
 3.00376e+21	0.00e+00	0.00e+00	0.00e+00	0.00e+00	0.00e+00	6.77e-28	4.47e-24	1.44e-20	5.36e-17	4.82e-14	1.91e-11	3.24e-09	3.16e-07	1.40e-05	3.47e-04	7.12e-03	2.26e-01	4.65e-01	3.02e-01
 3.08370e+21	0.00e+00	0.00e+00	0.00e+00	0.00e+00	0.00e+00	9.98e-28	6.30e-24	1.95e-20	7.13e-17	6.28e-14	2.43e-11	4.01e-09	3.81e-07	1.63e-05	3.89e-04	7.69e-03	2.34e-01	4.66e-01	2.92e-01
 3.15857e+21	0.00e+00	0.00e+00	0.00e+00	0.00e+00	0.00e+00	1.43e-27	8.64e-24	2.56e-20	9.25e-17	8.01e-14	3.03e-11	4.88e-09	4.52e-07	1.88e-05	4.32e-04	8.24e-03	2.43e-01	4.66e-01	2.82e-01
 3.24405e+21	0.00e+00	0.00e+00	0.00e+00	0.00e+00	0.00e+00	2.13e-27	1.23e-23	3.49e-20	1.24e-16	1.05e-13	3.88e-11	6.07e-09	5.48e-07	2.20e-05	4.86e-04	8.90e-03	2.52e-01	4.66e-01	2.72e-01
 3.33588e+21	0.00e+00	0.00e+00	0.00e+00	0.00e+00	0.00e+00	3.25e-27	1.79e-23	4.83e-20	1.69e-16	1.40e-13	5.05e-11	7.66e-09	6.71e-07	2.59e-05	5.50e-04	9.65e-03	2.62e-01	4.66e-01	2.61e-01
 3.41660e+21	0.00e+00	0.00e+00	0.00e+00	0.00e+00	4.26e-31	4.68e-27	2.47e-23	6.40e-20	2.21e-16	1.80e-13	6.33e-11	9.36e-09	7.99e-07	2.99e-05	6.11e-04	1.03e-02	2.71e-01	4.66e-01	2.52e-01
 3.50222e+21	0.00e+00	0.00e+00	0.00e+00	0.00e+00	6.50e-31	6.84e-27	3.45e-23	8.57e-20	2.92e-16	2.33e-13	8.01e-11	1.15e-08	9.57e-07	3.47e-05	6.82e-04	1.11e-02	2.81e-01	4.65e-01	2.43e-01
 3.59845e+21	0.00e+00	0.00e+00	0.00e+00	0.00e+00	1.04e-30	1.04e-26	4.99e-23	1.18e-19	3.97e-16	3.10e-13	1.04e-10	1.45e-08	1.17e-06	4.09e-05	7.69e-04	1.20e-02	2.91e-01	4.63e-01	2.33e-01
 3.68922e+21	0.00e+00	0.00e+00	0.00e+00	0.00e+00	1.60e-30	1.53e-26	7.03e-23	1.60e-19	5.27e-16	4.04e-13	1.32e-10	1.79e-08	1.41e-06	4.75e-05	8.59e-04	1.29e-02	3.01e-01	4.61e-01	2.23e-01
 3.77469e+21	0.00e+00	0.00e+00	0.00e+00	0.00e+00	2.38e-30	2.19e-26	9.65e-23	2.10e-19	6.86e-16	5.17e-13	1.65e-10	2.18e-08	1.67e-06	5.45e-05	9.51e-04	1.37e-02	3.11e-01	4.60e-01	2.15e-01
 3.87258e+21	0.00e+00	0.00e+00	0.00e+00	0.00e+00	3.73e-30	3.28e-26	1.38e-22	2.87e-19	9.22e-16	6.80e-13	2.12e-10	2.72e-08	2.01e-06	6.37e-05	1.07e-03	1.48e-02	3.21e-01	4.57e-01	2.06e-01
 3.98205e+21	0.00e+00	0.00e+00	0.00e+00	0.00e+00	6.10e-30	5.09e-26	2.03e-22	4.03e-19	1.28e-15	9.20e-13	2.79e-10	3.46e-08	2.48e-06	7.54e-05	1.21e-03	1.60e-02	3.33e-01	4.54e-01	1.96e-01
 4.07972e+21	0.00e+00	0.00e+00	0.00e+00	0.00e+00	9.39e-30	7.49e-26	2.86e-22	5.43e-19	1.70e-15	1.20e-12	3.54e-10	4.27e-08	2.97e-06	8.73e-05	1.34e-03	1.71e-02	3.43e-01	4.51e-01	1.88e-01
 4.16431e+21	0.00e+00	0.00e+00	0.00e+00	0.00e+00	1.35e-29	1.04e-25	3.82e-22	7.00e-19	2.16e-15	1.50e-12	4.34e-10	5.10e-08	3.47e-06	9.89e-05	1.47e-03	1.81e-02	3.51e-01	4.48e-01	1.81e-01
 4.25874e+21	0.00e+00	0.00e+00	0.00e+00	0.00e+00	2.00e-29	1.48e-25	5.22e-22	9.20e-19	2.80e-15	1.91e-12	5.39e-10	6.17e-08	4.08e-06	1.13e-04	1.62e-03	1.92e-02	3.61e-01	4.45e-01	1.74e-01
 4.38151e+21	0.00e+00	0.00e+00	0.00e+00	0.00e+00	3.36e-29	2.35e-25	7.86e-22	1.31e-18	3.94e-15	2.62e-12	7.20e-10	7.95e-08	5.08e-06	1.34e-04	1.84e-03	2.08e-02	3.73e-01	4.40e-01	1.64e-01
 4.50589e+21	0.00e+00	0.00e+00	0.00e+00	0.00e+00	5.57e-29	3.70e-25	1.18e-21	1.87e-18	5.51e-15	3.58e-12	9.54e-10	1.02e-07	6.27e-06	1.59e-04	2.08e-03	2.25e-02	3.85e-01	4.35e-01	1.56e-01
 4.60680e+21	0.00e+00	0.00e+00	0.00e+00	0.00e+00	8.32e-29	5.31e-25	1.62e-21	2.47e-18	7.20e-15	4.59e-12	1.19e-09	1.24e-07	7.41e-06	1.82e-04	2.29e-03	2.38e-02	3.95e-01	4.30e-01	1.49e-01
 4.71243e+21	0.00e+00	0.00e+00	0.00e+00	0.00e+00	1.26e-28	7.69e-25	2.25e-21	3.29e-18	9.46e-15	5.91e-12	1.50e-09	1.51e-07	8.79e-06	2.09e-04	2.53e-03	2.53e-02	4.05e-01	4.25e-01	1.42e-01
 4.84974e+21	0.00e+00	0.00e+00	0.00e+00	0.00e+00	2.12e-28	1.23e-24	3.40e-21	4.73e-18	1.34e-14	8.15e-12	2.00e-09	1.94e-07	1.09e-05	2.48e-04	2.87e-03	2.73e-02	4.17e-01	4.19e-01	1.34e-01
 4.99074e+21	0.00e+00	0.00e+00	0.00e+00	0.00e+00	3.59e-28	1.98e-24	5.18e-21	6.83e-18	1.90e-14	1.13e-11	2.69e-09	2.51e-07	1.36e-05	2.95e-04	3.25e-03	2.95e-02	4.29e-01	4.12e-01	1.26e-01
 5.10119e+21	0.00e+00	0.00e+00	0.00e+00	0.00e+00	5.38e-28	2.84e-24	7.16e-21	9.05e-18	2.49e-14	1.45e-11	3.36e-09	3.05e-07	1.60e-05	3.37e-04	3.57e-03	3.12e-02	4.39e-01	4.06e-01	1.20e-01
 5.20941e+21	0.00e+00	0.00e+00	0.00e+00	0.00e+00	7.93e-28	4.03e-24	9.75e-21	1.19e-17	3.22e-14	1.84e-11	4.17e-09	3.68e-07	1.88e-05	3.82e-04	3.91e-03	3.29e-02	4.48e-01	4.01e-01	1.14e-01
 5.35010e+21	0.00e+00	0.00e+00	0.00e+00	0.00e+00	1.30e-27	6.28e-24	1.44e-20	1.67e-17	4.47e-14	2.49e-11	5.48e-09	4.66e-07	2.29e-05	4.48e-04	4.38e-03	3.52e-02	4.59e-01	3.94e-01	1.07e-01
 5.49610e+21	0.00e+00	0.00e+00	0.00e+00	0.00e+00	2.15e-27	9.88e-24	2.16e-20	2.38e-17	6.26e-14	3.40e-11	7.24e-09	5.93e-07	2.81e-05	5.27e-04	4.91e-03	3.77e-02	4.70e-01	3.86e-01	1.01e-01
 5.61797e+21	0.00e+00	0.00e+00	0.00e+00	0.00e+00	3.25e-27	1.43e-23	3.00e-20	3.17e-17	8.23e-14	4.38e-11	9.09e-09	7.22e-07	3.32e-05	6.01e-04	5.40e-03	3.98e-02	4.79e-01	3.79e-01	9.57e-02
 5.74535e+21	0.00e+00	0.00e+00	0.00e+00	0.00e+00	4.92e-27	2.08e-23	4.18e-20	4.24e-17	1.09e-13	5.65e-11	1.14e-08	8.79e-07	3.92e-05	6.85e-04	5.92e-03	4.21e-02	4.88e-01	3.73e-01	9.08e-02
 5.91095e+21	0.00e+00	0.00e+00	0.00e+00	7.20e-31	8.45e-27	3.38e-23	6.43e-20	6.18e-17	1.56e-13	7.89e-11	1.54e-08	1.14e-06	4.88e-05	8.14e-04	6.69e-03	4.52e-02	4.99e-01	3.64e-01	8.45e-02
 6.07820e+21	0.00e+00	0.00e+00	0.00e+00	1.29e-30	1.44e-26	5.46e-23	9.83e-20	8.95e-17	2.22e-13	1.09e-10	2.07e-08	1.47e-06	6.04e-05	9.63e-04	7.53e-03	4.83e-02	5.10e-01	3.55e-01	7.86e-02
 6.21238e+21	0.00e+00	0.00e+00	0.00e+00	2.05e-30	2.19e-26	7.95e-23	1.37e-19	1.20e-16	2.93e-13	1.42e-10	2.60e-08	1.79e-06	7.14e-05	1.10e-03	8.26e-03	5.09e-02	5.18e-01	3.47e-01	7.43e-02
 6.33197e+21	0.00e+00	0.00e+00	0.00e+00	3.06e-30	3.15e-26	1.11e-22	1.84e-19	1.55e-16	3.74e-13	1.77e-10	3.18e-08	2.13e-06	8.25e-05	1.23e-03	8.95e-03	5.33e-02	5.25e-01	3.41e-01	7.06e-02
 6.46778e+21	0.00e+00	0.00e+00	0.00e+00	4.78e-30	4.73e-26	1.59e-22	2.54e-19	2.05e-16	4.91e-13	2.28e-10	3.98e-08	2.58e-06	9.70e-05	1.39e-03	9.77e-03	5.60e-02	5.32e-01	3.34e-01	6.67e-02
 6.64434e+21	0.00e+00	0.00e+00	0.00e+00	8.46e-30	7.95e-26	2.54e-22	3.84e-19	2.95e-16	6.94e-13	3.13e-10	5.28e-08	3.29e-06	1.19e-04	1.64e-03	1.09e-02	5.97e-02	5.42e-01	3.24e-01	6.19e-02
 6.82393e+21	0.00e+00	0.00e+00	0.00e+00	1.50e-29	1.34e-25	4.05e-22	5.81e-19	4.23e-16	9.81e-13	4.31e-10	7.02e-08	4.20e-06	1.46e-04	1.92e-03	1.22e-02	6.34e-02	5.50e-01	3.15e-01	5.74e-02
 6.96856e+21	0.00e+00	0.00e+00	0.00e+00	2.35e-29	2.01e-25	5.86e-22	8.06e-19	5.63e-16	1.29e-12	5.54e-10	8.79e-08	5.10e-06	1.71e-04	2.18e-03	1.33e-02	6.66e-02	5.57e-01	3.07e-01	5.41e-02
 7.11770e+21	0.00e+00	0.00e+00	0.00e+00	3.70e-29	3.04e-25	8.50e-22	1.12e-18	7.51e-16	1.70e-12	7.14e-10	1.10e-07	6.19e-06	2.02e-04	2.47e-03	1.45e-02	6.98e-02	5.63e-01	2.99e-01	5.08e-02
 7.31157e+21	0.00e+00	0.00e+00	0.00e+00	6.60e-29	5.15e-25	1.37e-21	1.71e-18	1.08e-15	2.41e-12	9.86e-10	1.47e-07	7.92e-06	2.48e-04	2.89e-03	1.62e-02	7.41e-02	5.70e-01	2.89e-01	4.69e-02
 7.51183e+21	0.00e+00	0.00e+00	0.00e+00	1.19e-28	8.81e-25	2.21e-21	2.61e-18	1.57e-15	3.45e-12	1.37e-09	1.97e-07	1.02e-05	3.05e-04	3.40e-03	1.81e-02	7.86e-02	5.77e-01	2.79e-01	4.31e-02
 7.67549e+21	0.00e+00	0.00e+00	0.00e+00	1.91e-28	1.35e-24	3.25e-21	3.68e-18	2.12e-15	4.59e-12	1.78e-09	2.49e-07	1.24e-05	3.60e-04	3.86e-03	1.98e-02	8.24e-02	5.82e-01	2.71e-01	4.03e-02
 7.84337e+21	0.00e+00	0.00e+00	0.00e+00	3.07e-28	2.08e-24	4.79e-21	5.18e-18	2.85e-15	6.11e-12	2.32e-09	3.15e-07	1.52e-05	4.25e-04	4.39e-03	2.16e-02	8.63e-02	5.87e-01	2.63e-01	3.76e-02
 8.02051e+21	0.00e+00	0.00e+00	0.00e+00	5.03e-28	3.26e-24	7.17e-21	7.40e-18	3.89e-15	8.25e-12	3.06e-09	4.02e-07	1.87e-05	5.05e-04	5.01e-03	2.36e-02	9.04e-02	5.91e-01	2.54e-01	3.50e-02
 8.17151e+21	0.00e+00	0.00e+00	0.00e+00	7.61e-28	4.76e-24	1.01e-20	9.98e-18	5.05e-15	1.06e-11	3.85e-09	4.93e-07	2.23e-05	5.84e-04	5.60e-03	2.55e-02	9.40e-02	5.94e-01	2.47e-01	3.29e-02
 8.32961e+21	0.00e+00	0.00e+00	0.00e+00	1.16e-27	7.00e-24	1.42e-20	1.36e-17	6.59e-15	1.37e-11	4.88e-09	6.09e-07	2.66e-05	6.77e-04	6.28e-03	2.75e-02	9.78e-02	5.97e-01	2.40e-01	3.08e-02
 8.53513e+21	0.00e+00	0.00e+00	0.00e+00	2.00e-27	1.15e-23	2.22e-20	2.01e-17	9.26e-15	1.90e-11	6.59e-09	7.95e-07	3.34e-05	8.17e-04	7.25e-03	3.03e-02	1.03e-01	6.00e-01	2.30e-01	2.83e-02
 8.74141e+21	0.00e+00	0.00e+00	0.00e+00	3.44e-27	1.87e-23	3.44e-20	2.96e-17	1.30e-14	2.63e-11	8.90e-09	1.04e-06	4.19e-05	9.85e-04	8.35e-03	3.34e-02	1.08e-01	6.03e-01	2.21e-01	2.60e-02
 8.90282e+21	0.00e+00	0.00e+00	6.04e-31	5.20e-27	2.73e-23	4.82e-20	3.98e-17	1.68e-14	3.38e-11	1.12e-08	1.27e-06	4.99e-05	1.14e-03	9.31e-03	3.59e-02	1.12e-01	6.04e-01	2.14e-01	2.43e-02
 9.03680e+21	0.00e+00	0.00e+00	8.74e-31	7.30e-27	3.71e-23	6.35e-20	5.08e-17	2.07e-14	4.14e-11	1.35e-08	1.50e-06	5.74e-05	1.28e-03	1.02e-02	3.80e-02	1.15e-01	6.04e-01	2.08e-01	2.30e-02
 9.18097e+21	0.00e+00	0.00e+00	1.30e-30	1.05e-26	5.15e-23	8.52e-20	6.58e-17	2.60e-14	5.15e-11	1.65e-08	1.79e-06	6.68e-05	1.44e-03	1.12e-02	4.05e-02	1.18e-01	6.05e-01	2.02e-01	2.17e-02
 9.36839e+21	0.00e+00	0.00e+00	2.14e-30	1.66e-26	7.81e-23	1.24e-19	9.15e-17	3.45e-14	6.79e-11	2.13e-08	2.25e-06	8.08e-05	1.69e-03	1.26e-02	4.38e-02	1.23e-01	6.04e-01	1.94e-01	2.01e-02
 9.55953e+21	0.00e+00	0.00e+00	3.56e-30	2.65e-26	1.19e-22	1.81e-19	1.28e-16	4.60e-14	8.98e-11	2.75e-08	2.82e-06	9.80e-05	1.98e-03	1.42e-02	4.74e-02	1.27e-01	6.04e-01	1.87e-01	1.86e-02
 9.71261e+21	0.00e+00	0.00e+00	5.33e-30	3.82e-26	1.67e-22	2.44e-19	1.66e-16	5.78e-14	1.12e-10	3.38e-08	3.38e-06	1.14e-04	2.24e-03	1.56e-02	5.04e-02	1.31e-01	6.02e-01	1.81e-01	1.74e-02
 9.86870e+21	0.00e+00	0.00e+00	7.97e-30	5.53e-26	2.33e-22	3.29e-19	2.16e-16	7.25e-14	1.40e-10	4.14e-08	4.05e-06	1.33e-04	2.54e-03	1.71e-02	5.36e-02	1.35e-01	6.01e-01	1.75e-01	1.63e-02
 1.00347e+22	0.00e+00	0.00e+00	1.22e-29	8.16e-26	3.31e-22	4.51e-19	2.85e-16	9.20e-14	1.76e-10	5.13e-08	4.89e-06	1.56e-04	2.90e-03	1.89e-02	5.71e-02	1.39e-01	5.99e-01	1.68e-01	1.52e-02
 1.01775e+22	0.00e+00	0.00e+00	1.75e-29	1.14e-25	4.48e-22	5.90e-19	3.61e-16	1.13e-13	2.15e-10	6.16e-08	5.75e-06	1.79e-04	3.24e-03	2.05e-02	6.03e-02	1.42e-01	5.96e-01	1.63e-01	1.43e-02
 1.03072e+22	0.00e+00	0.00e+00	2.42e-29	1.53e-25	5.84e-22	7.49e-19	4.45e-16	1.35e-13	2.56e-10	7.24e-08	6.64e-06	2.02e-04	3.57e-03	2.21e-02	6.32e-02	1.45e-01	5.94e-01	1.58e-01	1.36e-02
 1.04561e+22	0.00e+00	0.00e+00	3.51e-29	2.14e-25	7.94e-22	9.85e-19	5.66e-16	1.66e-13	3.13e-10	8.72e-08	7.82e-06	2.32e-04	4.00e-03	2.40e-02	6.67e-02	1.48e-01	5.91e-01	1.53e-01	1.28e-02
 1.06238e+22	0.00e+00	0.00e+00	5.29e-29	3.13e-25	1.12e-21	1.34e-18	7.38e-16	2.09e-13	3.92e-10	1.07e-07	9.39e-06	2.70e-04	4.53e-03	2.64e-02	7.08e-02	1.52e-01	5.87e-01	1.47e-01	1.19e-02
 1.07818e+22	0.00e+00	0.00e+00	7.77e-29	4.44e-25	1.53e-21	1.77e-18	9.46e-16	2.58e-13	4.83e-10	1.30e-07	1.11e-05	3.12e-04	5.09e-03	2.88e-02	7.48e-02	1.55e-01	5.83e-01	1.42e-01	1.11e-02
 1.09284e+22	0.00e+00	0.00e+00	1.11e-28	6.14e-25	2.05e-21	2.30e-18	1.19e-15	3.14e-13	5.85e-10	1.55e-07	1.30e-05	3.55e-04	5.66e-03	3.11e-02	7.86e-02	1.58e-01	5.79e-01	1.37e-01	1.04e-02
 1.10943e+22	0.00e+00	0.00e+00	1.62e-28	8.71e-25	2.82e-21	3.06e-18	1.52e-15	3.88e-13	7.20e-10	1.87e-07	1.54e-05	4.09e-04	6.34e-03	3.39e-02	8.28e-02	1.62e-01	5.73e-01	1.32e-01	9.73e-03
 1.12706e+22	0.00e+00	0.00e+00	2.49e-28	1.29e-24	4.01e-21	4.18e-18	2.00e-15	4.89e-13	9.05e-10	2.32e-07	1.85e-05	4.79e-04	7.21e-03	3.72e-02	8.78e-02	1.65e-01	5.67e-01	1.26e-01	8.99e-03
 1.14174e+22	0.00e+00	0.00e+00	3.51e-28	1.76e-24	5.33e-21	5.38e-18	2.49e-15	5.91e-13	1.09e-09	2.75e-07	2.16e-05	5.44e-04	7.99e-03	4.01e-02	9.20e-02	1.68e-01	5.62e-01	1.21e-01	8.43e-03
 1.15656e+22	0.00e+00	0.00e+00	4.94e-28	2.41e-24	7.07e-21	6.91e-18	3.10e-15	7.11e-13	1.31e-09	3.26e-07	2.50e-05	6.16e-04	8.83e-03	4.32e-02	9.63e-02	1.71e-01	5.56e-01	1.17e-01	7.89e-03
 1.17582e+22	0.00e+00	0.00e+00	7.67e-28	3.59e-24	1.01e-20	9.53e-18	4.10e-15	9.02e-13	1.65e-09	4.04e-07	3.03e-05	7.23e-04	1.00e-02	4.74e-02	1.02e-01	1.74e-01	5.48e-01	1.11e-01	7.25e-03
 1.19524e+22	0.00e+00	0.00e+00	1.19e-27	5.39e-24	1.46e-20	1.32e-17	5.43e-15	1.15e-12	2.09e-09	5.03e-07	3.67e-05	8.48e-04	1.14e-02	5.21e-02	1.08e-01	1.77e-01	5.39e-01	1.05e-01	6.64e-03
 1.21045e+22	0.00e+00	0.00e+00	1.68e-27	7.37e-24	1.94e-20	1.69e-17	6.76e-15	1.38e-12	2.51e-09	5.95e-07	4.25e-05	9.60e-04	1.26e-02	5.60e-02	1.13e-01	1.79e-01	5.31e-01	1.01e-01	6.19e-03
 1.22582e+22	0.00e+00	0.00e+00	2.37e-27	1.01e-23	2.56e-20	2.17e-17	8.38e-15	1.65e-12	3.00e-09	7.02e-07	4.92e-05	1.08e-03	1.39e-02	6.00e-02	1.17e-01	1.82e-01	5.23e-01	9.67e-02	5.77e-03
 1.24580e+22	0.00e+00	0.00e+00	3.67e-27	1.50e-23	3.68e-20	2.99e-17	1.11e-14	2.09e-12	3.78e-09	8.69e-07	5.94e-05	1.27e-03	1.58e-02	6.57e-02	1.24e-01	1.84e-01	5.13e-01	9.14e-02	5.26e-03
 1.26623e+22	0.00e+00	0.00e+00	5.75e-27	2.26e-23	5.31e-20	4.14e-17	1.47e-14	2.65e-12	4.78e-09	1.08e-06	7.18e-05	1.49e-03	1.79e-02	7.19e-02	1.30e-01	1.86e-01	5.01e-01	8.60e-02	4.77e-03
 1.28203e+22	0.00e+00	0.00e+00	8.12e-27	3.09e-23	7.05e-20	5.32e-17	1.82e-14	3.18e-12	5.71e-09	1.27e-06	8.30e-05	1.68e-03	1.97e-02	7.69e-02	1.35e-01	1.88e-01	4.92e-01	8.20e-02	4.42e-03
 1.29534e+22	0.00e+00	0.00e+00	1.08e-26	4.01e-23	8.91e-20	6.54e-17	2.18e-14	3.70e-12	6.62e-09	1.46e-06	9.36e-05	1.85e-03	2.13e-02	8.14e-02	1.40e-01	1.89e-01	4.84e-01	7.88e-02	4.15e-03
 1.31063e+22	0.00e+00	0.00e+00	1.50e-26	5.40e-23	1.16e-19	8.28e-17	2.67e-14	4.38e-12	7.83e-09	1.71e-06	1.07e-04	2.07e-03	2.33e-02	8.67e-02	1.45e-01	1.90e-01	4.74e-01	7.51e-02	3.85e-03
 1.33050e+22	0.00e+00	0.00e+00	2.28e-26	7.90e-23	1.64e-19	1.12e-16	3.46e-14	5.45e-12	9.70e-09	2.08e-06	1.28e-04	2.39e-03	2.61e-02	9.38e-02	1.51e-01	1.91e-01	4.61e-01	7.05e-02	3.49e-03
 1.35060e+22	0.00e+00	0.00e+00	3.48e-26	1.16e-22	2.32e-19	1.52e-16	4.50e-14	6.80e-12	1.20e-08	2.54e-06	1.52e-04	2.77e-03	2.92e-02	1.02e-01	1.57e-01	1.92e-01	4.48e-01	6.60e-02	3.15e-03
 1.36644e+22	0.00e+00	0.00e+00	4.88e-26	1.58e-22	3.06e-19	1.94e-16	5.55e-14	8.09e-12	1.43e-08	2.98e-06	1.75e-04	3.10e-03	3.20e-02	1.08e-01	1.63e-01	1.92e-01	4.36e-01	6.25e-02	2.90e-03
 1.38246e+22	0.00e+00	0.00e+00	6.74e-26	2.12e-22	3.98e-19	2.45e-16	6.78e-14	9.57e-12	1.68e-08	3.46e-06	1.99e-04	3.45e-03	3.48e-02	1.14e-01	1.67e-01	1.92e-01	4.25e-01	5.93e-02	2.68e-03
 1.40329e+22	0.00e+00	0.00e+00	1.03e-25	3.12e-22	5.62e-19	3.33e-16	8.81e-14	1.19e-11	2.07e-08	4.20e-06	2.36e-04	3.97e-03	3.88e-02	1.23e-01	1.74e-01	1.92e-01	4.10e-01	5.51e-02	2.40e-03
 1.42441e+22	0.00e+00	0.00e+00	1.59e-25	4.62e-22	7.99e-19	4.54e-16	1.15e-13	1.48e-11	2.56e-08	5.12e-06	2.80e-04	4.57e-03	4.32e-02	1.33e-01	1.80e-01	1.91e-01	3.95e-01	5.10e-02	2.14e-03
 1.44110e+22	0.00e+00	0.00e+00	2.24e-25	6.33e-22	1.06e-18	5.82e-16	1.42e-13	1.77e-11	3.03e-08	5.98e-06	3.21e-04	5.11e-03	4.71e-02	1.40e-01	1.85e-01	1.90e-01	3.82e-01	4.79e-02	1.95e-03
 1.45796e+22	0.00e+00	0.00e+00	3.11e-25	8.51e-22	1.38e-18	7.36e-16	1.74e-13	2.09e-11	3.55e-08	6.93e-06	3.64e-04	5.67e-03	5.10e-02	1.48e-01	1.89e-01	1.89e-01	3.70e-01	4.50e-02	1.78e-03
 1.47988e+22	0.00e+00	0.00e+00	4.78e-25	1.26e-21	1.96e-18	1.00e-15	2.26e-13	2.60e-11	4.36e-08	8.38e-06	4.29e-04	6.48e-03	5.65e-02	1.58e-01	1.95e-01	1.87e-01	3.53e-01	4.14e-02	1.58e-03
 1.50226e+22	0.00e+00	0.00e+00	7.42e-25	1.88e-21	2.81e-18	1.37e-15	2.96e-13	3.24e-11	5.37e-08	1.02e-05	5.07e-04	7.42e-03	6.27e-02	1.69e-01	2.00e-01	1.85e-01	3.36e-01	3.79e-02	1.39e-03
 1.52016e+22	0.00e+00	0.00e+00	1.05e-24	2.58e-21	3.74e-18	1.76e-15	3.66e-13	3.87e-11	6.32e-08	1.18e-05	5.78e-04	8.25e-03	6.79e-02	1.78e-01	2.04e-01	1.83e-01	3.22e-01	3.52e-02	1.25e-03
 1.53837e+22	0.00e+00	5.45e-31	1.49e-24	3.53e-21	4.95e-18	2.26e-15	4.52e-13	4.61e-11	7.43e-08	1.37e-05	6.57e-04	9.15e-03	7.33e-02	1.87e-01	2.08e-01	1.80e-01	3.09e-01	3.27e-02	1.12e-03
 1.56204e+22	0.00e+00	8.67e-31	2.30e-24	5.26e-21	7.09e-18	3.10e-15	5.92e-13	5.75e-11	9.09e-08	1.65e-05	7.71e-04	1.04e-02	8.07e-02	1.98e-01	2.12e-01	1.76e-01	2.91e-01	2.96e-02	9.80e-04
 1.58623e+22	0.00e+00	1.40e-30	3.64e-24	7.96e-21	1.03e-17	4.30e-15	7.82e-13	7.23e-11	1.12e-07	2.00e-05	9.08e-04	1.19e-02	8.89e-02	2.10e-01	2.15e-01	1.72e-01	2.73e-01	2.66e-02	8.45e-04
 1.60566e+22	0.00e+00	2.06e-30	5.24e-24	1.11e-20	1.38e-17	5.58e-15	9.77e-13	8.68e-11	1.32e-07	2.33e-05	1.03e-03	1.31e-02	9.58e-02	2.20e-01	2.18e-01	1.68e-01	2.59e-01	2.44e-02	7.49e-04
 1.62550e+22	0.00e+00	2.98e-30	7.41e-24	1.52e-20	1.84e-17	7.18e-15	1.21e-12	1.04e-10	1.54e-07	2.68e-05	1.17e-03	1.45e-02	1.03e-01	2.29e-01	2.20e-01	1.64e-01	2.46e-01	2.24e-02	6.66e-04
 1.64767e+22	0.00e+00	4.52e-30	1.10e-23	2.18e-20	2.54e-17	9.53e-15	1.54e-12	1.26e-10	1.83e-07	3.14e-05	1.33e-03	1.61e-02	1.11e-01	2.39e-01	2.22e-01	1.59e-01	2.31e-01	2.03e-02	5.81e-04
 1.66786e+22	0.00e+00	6.56e-30	1.56e-23	3.00e-20	3.39e-17	1.23e-14	1.91e-12	1.51e-10	2.14e-07	3.62e-05	1.50e-03	1.77e-02	1.19e-01	2.48e-01	2.23e-01	1.55e-01	2.18e-01	1.85e-02	5.12e-04
 1.68587e+22	0.00e+00	9.14e-30	2.14e-23	3.99e-20	4.38e-17	1.54e-14	2.32e-12	1.77e-10	2.45e-07	4.10e-05	1.67e-03	1.92e-02	1.26e-01	2.56e-01	2.23e-01	1.51e-01	2.06e-01	1.70e-02	4.57e-04
 1.70608e+22	0.00e+00	1.30e-29	2.98e-23	5.40e-20	5.75e-17	1.96e-14	2.85e-12	2.09e-10	2.83e-07	4.67e-05	1.86e-03	2.09e-02	1.33e-01	2.64e-01	2.23e-01	1.46e-01	1.95e-01	1.55e-02	4.05e-04
 1.73236e+22	0.00e+00	2.04e-29	4.56e-23	7.97e-20	8.17e-17	2.67e-14	3.71e-12	2.60e-10	3.40e-07	5.51e-05	2.13e-03	2.33e-02	1.44e-01	2.74e-01	2.23e-01	1.40e-01	1.80e-01	1.38e-02	3.44e-04
 1.75885e+22	0.00e+00	3.21e-29	6.99e-23	1.18e-19	1.16e-16	3.64e-14	4.83e-12	3.24e-10	4.09e-07	6.49e-05	2.45e-03	2.59e-02	1.54e-01	2.83e-01	2.22e-01	1.34e-01	1.66e-01	1.22e-02	2.92e-04
 1.77968e+22	0.00e+00	4.57e-29	9.75e-23	1.60e-19	1.53e-16	4.64e-14	5.94e-12	3.84e-10	4.71e-07	7.36e-05	2.72e-03	2.80e-02	1.63e-01	2.91e-01	2.20e-01	1.29e-01	1.55e-01	1.10e-02	2.55e-04
 1.80080e+22	0.00e+00	6.37e-29	1.33e-22	2.12e-19	1.98e-16	5.84e-14	7.22e-12	4.51e-10	5.38e-07	8.29e-05	2.99e-03	3.02e-02	1.71e-01	2.97e-01	2.18e-01	1.25e-01	1.46e-01	1.00e-02	2.25e-04
 1.82827e+22	0.00e+00	9.78e-29	1.99e-22	3.07e-19	2.76e-16	7.84e-14	9.29e-12	5.55e-10	6.39e-07	9.64e-05	3.38e-03	3.31e-02	1.82e-01	3.05e-01	2.16e-01	1.19e-01	1.34e-01	8.83e-03	1.91e-04
 1.85712e+22	0.00e+00	1.52e-28	3.03e-22	4.50e-19	3.90e-16	1.07e-13	1.21e-11	6.90e-10	7.63e-07	1.13e-04	3.84e-03	3.64e-02	1.93e-01	3.12e-01	2.12e-01	1.12e-01	1.22e-01	7.72e-03	1.60e-04
 1.88147e+22	0.00e+00	2.20e-28	4.26e-22	6.16e-19	5.19e-16	1.37e-13	1.50e-11	8.24e-10	8.82e-07	1.28e-04	4.25e-03	3.93e-02	2.03e-01	3.17e-01	2.09e-01	1.07e-01	1.13e-01	6.90e-03	1.38e-04
 1.90683e+22	0.00e+00	3.16e-28	6.00e-22	8.43e-19	6.89e-16	1.76e-13	1.86e-11	9.86e-10	1.02e-06	1.45e-04	4.70e-03	4.24e-02	2.12e-01	3.22e-01	2.06e-01	1.02e-01	1.04e-01	6.15e-03	1.19e-04
 1.93980e+22	0.00e+00	5.00e-28	9.21e-22	1.25e-18	9.85e-16	2.42e-13	2.44e-11	1.24e-09	1.22e-06	1.69e-04	5.32e-03	4.65e-02	2.25e-01	3.28e-01	2.01e-01	9.56e-02	9.42e-02	5.31e-03	9.82e-05
 1.97356e+22	0.00e+00	7.94e-28	1.42e-21	1.86e-18	1.41e-15	3.34e-13	3.21e-11	1.55e-09	1.47e-06	1.98e-04	6.02e-03	5.09e-02	2.37e-01	3.32e-01	1.95e-01	8.93e-02	8.46e-02	4.56e-03	8.06e-05
 1.99965e+22	0.00e+00	1.12e-27	1.97e-21	2.51e-18	1.86e-15	4.26e-13	3.96e-11	1.85e-09	1.69e-06	2.23e-04	6.61e-03	5.44e-02	2.47e-01	3.35e-01	1.91e-01	8.46e-02	7.79e-02	4.05e-03	6.93e-05
 2.02094e+22	0.00e+00	1.49e-27	2.56e-21	3.20e-18	2.31e-15	5.18e-13	4.68e-11	2.12e-09	1.89e-06	2.44e-04	7.11e-03	5.73e-02	2.54e-01	3.37e-01	1.87e-01	8.09e-02	7.27e-02	3.68e-03	6.11e-05
 2.04463e+22	0.00e+00	1.99e-27	3.35e-21	4.10e-18	2.90e-15	6.33e-13	5.56e-11	2.45e-09	2.12e-06	2.69e-04	7.66e-03	6.05e-02	2.62e-01	3.39e-01	1.83e-01	7.72e-02	6.77e-02	3.33e-03	5.38e-05
 2.07544e+22	0.00e+00	2.89e-27	4.75e-21	5.65e-18	3.88e-15	8.22e-13	6.96e-11	2.95e-09	2.46e-06	3.05e-04	8.43e-03	6.48e-02	2.72e-01	3.40e-01	1.77e-01	7.25e-02	6.17e-02	2.92e-03	4.54e-05
 2.10812e+22	0.00e+00	4.28e-27	6.84e-21	7.92e-18	5.28e-15	1.08e-12	8.81e-11	3.59e-09	2.87e-06	3.47e-04	9.31e-03	6.95e-02	2.83e-01	3.41e-01	1.71e-01	6.78e-02	5.57e-02	2.54e-03	3.80e-05
 2.13615e+22	0.00e+00	5.94e-27	9.28e-21	1.05e-17	6.82e-15	1.36e-12	1.07e-10	4.24e-09	3.27e-06	3.86e-04	1.01e-02	7.36e-02	2.91e-01	3.41e-01	1.66e-01	6.39e-02	5.11e-02	2.25e-03	3.26e-05
 2.16552e+22	0.00e+00	8.24e-27	1.26e-20	1.39e-17	8.81e-15	1.71e-12	1.31e-10	5.00e-09	3.73e-06	4.30e-04	1.10e-02	7.79e-02	3.00e-01	3.41e-01	1.61e-01	6.02e-02	4.68e-02	1.99e-03	2.79e-05
 2.20369e+22	0.00e+00	1.25e-26	1.85e-20	1.98e-17	1.22e-14	2.28e-12	1.68e-10	6.16e-09	4.40e-06	4.91e-04	1.21e-02	8.35e-02	3.11e-01	3.40e-01	1.54e-01	5.57e-02	4.18e-02	1.71e-03	2.29e-05
 2.24254e+22	0.00e+00	1.90e-26	2.72e-20	2.84e-17	1.69e-14	3.06e-12	2.16e-10	7.61e-09	5.20e-06	5.62e-04	1.34e-02	8.95e-02	3.21e-01	3.38e-01	1.47e-01	5.13e-02	3.72e-02	1.45e-03	1.87e-05
 2.27365e+22	0.00e+00	2.62e-26	3.68e-20	3.75e-17	2.18e-14	3.84e-12	2.63e-10	8.96e-09	5.92e-06	6.24e-04	1.45e-02	9.43e-02	3.29e-01	3.36e-01	1.42e-01	4.81e-02	3.39e-02	1.28e-03	1.60e-05
 2.30022e+22	0.00e+00	3.43e-26	4.72e-20	4.71e-17	2.69e-14	4.63e-12	3.09e-10	1.03e-08	6.59e-06	6.80e-04	1.55e-02	9.84e-02	3.36e-01	3.34e-01	1.38e-01	4.55e-02	3.14e-02	1.15e-03	1.40e-05
 2.32951e+22	0.00e+00	4.56e-26	6.15e-20	6.02e-17	3.37e-14	5.66e-12	3.68e-10	1.19e-08	7.40e-06	7.45e-04	1.66e-02	1.03e-01	3.43e-01	3.31e-01	1.33e-01	4.29e-02	2.89e-02	1.03e-03	1.21e-05
 2.36758e+22	0.00e+00	6.56e-26	8.59e-20	8.22e-17	4.47e-14	7.30e-12	4.58e-10	1.43e-08	8.55e-06	8.37e-04	1.80e-02	1.09e-01	3.51e-01	3.28e-01	1.27e-01	3.97e-02	2.59e-02	8.90e-04	1.01e-05
 2.40693e+22	0.00e+00	9.50e-26	1.21e-19	1.13e-16	5.97e-14	9.47e-12	5.73e-10	1.72e-08	9.92e-06	9.41e-04	1.97e-02	1.15e-01	3.59e-01	3.24e-01	1.21e-01	3.66e-02	2.32e-02	7.65e-04	8.33e-06
 2.43933e+22	0.00e+00	1.28e-25	1.60e-19	1.46e-16	7.56e-14	1.17e-11	6.88e-10	2.01e-08	1.12e-05	1.03e-03	2.11e-02	1.20e-01	3.66e-01	3.20e-01	1.16e-01	3.42e-02	2.11e-02	6.75e-04	7.12e-06
 2.47282e+22	0.00e+00	1.72e-25	2.09e-19	1.87e-16	9.49e-14	1.43e-11	8.20e-10	2.33e-08	1.26e-05	1.13e-03	2.25e-02	1.26e-01	3.72e-01	3.16e-01	1.11e-01	3.21e-02	1.93e-02	5.99e-04	6.13e-06
 2.51636e+22	0.00e+00	2.49e-25	2.94e-19	2.57e-16	1.27e-13	1.86e-11	1.03e-09	2.82e-08	1.46e-05	1.27e-03	2.45e-02	1.32e-01	3.79e-01	3.10e-01	1.05e-01	2.94e-02	1.72e-02	5.12e-04	5.04e-06
 2.56164e+22	0.00e+00	3.65e-25	4.18e-19	3.56e-16	1.71e-13	2.43e-11	1.30e-09	3.43e-08	1.70e-05	1.43e-03	2.66e-02	1.40e-01	3.86e-01	3.04e-01	9.94e-02	2.69e-02	1.52e-02	4.35e-04	4.11e-06
 2.59939e+22	0.00e+00	5.00e-25	5.58e-19	4.66e-16	2.19e-13	3.03e-11	1.57e-09	4.02e-08	1.93e-05	1.58e-03	2.86e-02	1.46e-01	3.92e-01	2.99e-01	9.46e-02	2.49e-02	1.37e-02	3.79e-04	3.47e-06
 2.63868e+22	0.00e+00	6.79e-25	7.39e-19	6.04e-16	2.78e-13	3.76e-11	1.89e-09	4.70e-08	2.19e-05	1.74e-03	3.05e-02	1.52e-01	3.96e-01	2.94e-01	9.01e-02	2.31e-02	1.24e-02	3.32e-04	2.94e-06
 2.68976e+22	0.00e+00	1.00e-24	1.06e-18	8.42e-16	3.76e-13	4.93e-11	2.39e-09	5.73e-08	2.56e-05	1.96e-03	3.32e-02	1.60e-01	4.02e-01	2.86e-01	8.45e-02	2.10e-02	1.09e-02	2.80e-04	2.38e-06
 2.74263e+22	0.00e+00	1.50e-24	1.53e-18	1.18e-15	5.15e-13	6.53e-11	3.04e-09	7.03e-08	3.00e-05	2.21e-03	3.62e-02	1.68e-01	4.08e-01	2.78e-01	7.89e-02	1.89e-02	9.54e-03	2.34e-04	1.90e-06
 2.78415e+22	0.00e+00	2.03e-24	2.02e-18	1.54e-15	6.53e-13	8.08e-11	3.66e-09	8.21e-08	3.39e-05	2.43e-03	3.86e-02	1.74e-01	4.11e-01	2.72e-01	7.47e-02	1.75e-02	8.59e-03	2.04e-04	1.61e-06
 2.82443e+22	0.00e+00	2.70e-24	2.62e-18	1.96e-15	8.14e-13	9.84e-11	4.34e-09	9.49e-08	3.80e-05	2.65e-03	4.09e-02	1.81e-01	4.14e-01	2.66e-01	7.10e-02	1.62e-02	7.79e-03	1.80e-04	1.37e-06
 2.87680e+22	0.00e+00	3.87e-24	3.64e-18	2.65e-15	1.08e-12	1.26e-10	5.39e-09	1.14e-07	4.38e-05	2.95e-03	4.41e-02	1.88e-01	4.18e-01	2.59e-01	6.65e-02	1.48e-02	6.88e-03	1.52e-04	1.12e-06
 2.93224e+22	0.00e+00	5.65e-24	5.14e-18	3.65e-15	1.44e-12	1.64e-10	6.76e-09	1.38e-07	5.09e-05	3.30e-03	4.76e-02	1.97e-01	4.20e-01	2.50e-01	6.20e-02	1.33e-02	6.02e-03	1.28e-04	9.03e-07
 2.97999e+22	0.00e+00	7.74e-24	6.86e-18	4.77e-15	1.84e-12	2.04e-10	8.16e-09	1.62e-07	5.76e-05	3.63e-03	5.07e-02	2.04e-01	4.22e-01	2.43e-01	5.83e-02	1.22e-02	5.38e-03	1.11e-04	7.54e-07
 3.03036e+22	5.78e-31	1.06e-23	9.16e-18	6.23e-15	2.35e-12	2.54e-10	9.85e-09	1.89e-07	6.53e-05	3.98e-03	5.40e-02	2.11e-01	4.24e-01	2.36e-01	5.48e-02	1.12e-02	4.81e-03	9.56e-05	6.30e-07
 3.09586e+22	8.95e-31	1.59e-23	1.32e-17	8.76e-15	3.21e-12	3.36e-10	1.25e-08	2.32e-07	7.65e-05	4.48e-03	5.85e-02	2.20e-01	4.25e-01	2.27e-01	5.05e-02	9.97e-03	4.15e-03	7.89e-05	4.97e-07
 3.16425e+22	1.41e-30	2.41e-23	1.93e-17	1.24e-14	4.42e-12	4.48e-10	1.61e-08	2.86e-07	9.01e-05	5.06e-03	6.34e-02	2.29e-01	4.26e-01	2.18e-01	4.64e-02	8.84e-03	3.56e-03	6.47e-05	3.90e-07
 3.22221e+22	2.05e-30	3.40e-23	2.64e-17	1.66e-14	5.75e-12	5.66e-10	1.97e-08	3.39e-07	1.03e-04	5.58e-03	6.76e-02	2.37e-01	4.25e-01	2.10e-01	4.31e-02	8.00e-03	3.14e-03	5.49e-05	3.19e-07
 3.27369e+22	2.82e-30	4.56e-23	3.45e-17	2.13e-14	7.21e-12	6.92e-10	2.34e-08	3.92e-07	1.15e-04	6.07e-03	7.15e-02	2.44e-01	4.25e-01	2.03e-01	4.05e-02	7.34e-03	2.81e-03	4.76e-05	2.68e-07
 3.33097e+22	3.99e-30	6.27e-23	4.61e-17	2.78e-14	9.21e-12	8.62e-10	2.83e-08	4.60e-07	1.31e-04	6.65e-03	7.58e-02	2.51e-01	4.23e-01	1.96e-01	3.78e-02	6.66e-03	2.49e-03	4.07e-05	2.21e-07
 3.40544e+22	6.14e-30	9.30e-23	6.59e-17	3.87e-14	1.24e-11	1.12e-09	3.56e-08	5.58e-07	1.52e-04	7.43e-03	8.15e-02	2.60e-01	4.21e-01	1.87e-01	3.46e-02	5.92e-03	2.14e-03	3.36e-05	1.75e-07
 3.48357e+22	9.68e-30	1.41e-22	9.63e-17	5.49e-14	1.71e-11	1.50e-09	4.55e-08	6.86e-07	1.79e-04	8.36e-03	8.78e-02	2.69e-01	4.18e-01	1.77e-01	3.14e-02	5.20e-03	1.82e-03	2.73e-05	1.35e-07
 3.54665e+22	1.38e-29	1.96e-22	1.29e-16	7.22e-14	2.20e-11	1.87e-09	5.51e-08	8.06e-07	2.02e-04	9.15e-03	9.30e-02	2.77e-01	4.16e-01	1.70e-01	2.91e-02	4.69e-03	1.60e-03	2.31e-05	0.00e+00
 3.60059e+22	1.86e-29	2.56e-22	1.65e-16	9.05e-14	2.70e-11	2.25e-09	6.46e-08	9.20e-07	2.24e-04	9.86e-03	9.75e-02	2.83e-01	4.13e-01	1.64e-01	2.73e-02	4.31e-03	1.44e-03	2.02e-05	0.00e+00
 3.66245e+22	2.58e-29	3.46e-22	2.17e-16	1.16e-13	3.39e-11	2.76e-09	7.69e-08	1.07e-06	2.51e-04	1.07e-02	1.03e-01	2.89e-01	4.09e-01	1.57e-01	2.54e-02	3.91e-03	1.28e-03	1.73e-05	0.00e+00
 3.74288e+22	3.88e-29	5.03e-22	3.05e-16	1.59e-13	4.51e-11	3.54e-09	9.55e-08	1.28e-06	2.89e-04	1.18e-02	1.09e-01	2.97e-01	4.04e-01	1.49e-01	2.32e-02	3.47e-03	1.10e-03	1.43e-05	0.00e+00
 3.82799e+22	6.00e-29	7.49e-22	4.37e-16	2.22e-13	6.11e-11	4.65e-09	1.21e-07	1.55e-06	3.36e-04	1.32e-02	1.17e-01	3.05e-01	3.99e-01	1.41e-01	2.10e-02	3.03e-03	9.33e-04	1.16e-05	0.00e+00
 3.89988e+22	8.59e-29	1.04e-21	5.87e-16	2.92e-13	7.84e-11	5.81e-09	1.46e-07	1.82e-06	3.81e-04	1.44e-02	1.23e-01	3.12e-01	3.93e-01	1.34e-01	1.93e-02	2.72e-03	8.14e-04	9.75e-06	0.00e+00
 3.97402e+22	1.22e-28	1.43e-21	7.83e-16	3.81e-13	9.99e-11	7.20e-09	1.75e-07	2.13e-06	4.29e-04	1.57e-02	1.30e-01	3.18e-01	3.88e-01	1.28e-01	1.77e-02	2.44e-03	7.12e-04	8.23e-06	0.00e+00
 4.07041e+22	1.89e-28	2.13e-21	1.12e-15	5.31e-13	1.35e-10	9.41e-09	2.21e-07	2.58e-06	4.97e-04	1.74e-02	1.38e-01	3.25e-01	3.80e-01	1.20e-01	1.59e-02	2.13e-03	6.02e-04	6.65e-06	0.00e+00
 4.17037e+22	2.99e-28	3.24e-21	1.64e-15	7.53e-13	1.86e-10	1.25e-08	2.82e-07	3.16e-06	5.82e-04	1.95e-02	1.48e-01	3.33e-01	3.72e-01	1.12e-01	1.42e-02	1.83e-03	5.01e-04	5.27e-06	0.00e+00
 4.25196e+22	4.28e-28	4.49e-21	2.20e-15	9.90e-13	2.39e-10	1.56e-08	3.41e-07	3.71e-06	6.58e-04	2.12e-02	1.55e-01	3.38e-01	3.65e-01	1.05e-01	1.29e-02	1.63e-03	4.34e-04	4.39e-06	0.00e+00
 4.33500e+22	6.07e-28	6.18e-21	2.93e-15	1.29e-12	3.04e-10	1.94e-08	4.10e-07	4.33e-06	7.40e-04	2.30e-02	1.63e-01	3.43e-01	3.57e-01	9.96e-02	1.18e-02	1.45e-03	3.76e-04	3.67e-06	0.00e+00
 4.44295e+22	9.40e-28	9.18e-21	4.19e-15	1.80e-12	4.10e-10	2.53e-08	5.15e-07	5.23e-06	8.55e-04	2.54e-02	1.72e-01	3.49e-01	3.48e-01	9.27e-02	1.05e-02	1.25e-03	3.16e-04	2.94e-06	0.00e+00
 4.54938e+22	1.46e-27	1.37e-20	6.00e-15	2.51e-12	5.57e-10	3.32e-08	6.50e-07	6.37e-06	9.93e-04	2.82e-02	1.82e-01	3.54e-01	3.38e-01	8.59e-02	9.31e-03	1.08e-03	2.62e-04	2.33e-06	0.00e+00
 4.62781e+22	1.98e-27	1.81e-20	7.71e-15	3.16e-12	6.88e-10	4.01e-08	7.64e-07	7.28e-06	1.10e-03	3.02e-02	1.90e-01	3.58e-01	3.30e-01	8.13e-02	8.55e-03	9.67e-04	2.30e-04	1.98e-06	0.00e+00
 4.70374e+22	2.63e-27	2.34e-20	9.72e-15	3.92e-12	8.38e-10	4.78e-08	8.88e-07	8.26e-06	1.21e-03	3.23e-02	1.97e-01	3.61e-01	3.23e-01	7.72e-02	7.88e-03	8.73e-04	2.03e-04	1.69e-06	0.00e+00
 4.80246e+22	3.77e-27	3.24e-20	1.30e-14	5.15e-12	1.07e-09	5.96e-08	1.07e-06	9.67e-06	1.36e-03	3.50e-02	2.05e-01	3.64e-01	3.14e-01	7.22e-02	7.10e-03	7.68e-04	1.74e-04	1.39e-06	0.00e+00
 4.91010e+22	5.57e-27	4.62e-20	1.79e-14	6.92e-12	1.41e-09	7.60e-08	1.32e-06	1.15e-05	1.56e-03	3.82e-02	2.15e-01	3.67e-01	3.04e-01	6.68e-02	6.31e-03	6.65e-04	1.46e-04	1.12e-06	0.00e+00
 5.00599e+22	7.82e-27	6.28e-20	2.36e-14	8.94e-12	1.78e-09	9.37e-08	1.58e-06	1.34e-05	1.74e-03	4.12e-02	2.24e-01	3.69e-01	2.95e-01	6.24e-02	5.69e-03	5.86e-04	1.25e-04	9.24e-07	0.00e+00
 5.10728e+22	1.09e-26	8.50e-20	3.09e-14	1.15e-11	2.25e-09	1.15e-07	1.88e-06	1.55e-05	1.95e-03	4.44e-02	2.33e-01	3.71e-01	2.86e-01	5.83e-02	5.14e-03	5.17e-04	1.08e-04	7.65e-07	0.00e+00
 5.23896e+22	1.66e-26	1.24e-19	4.34e-14	1.58e-11	3.01e-09	1.50e-07	2.36e-06	1.87e-05	2.24e-03	4.87e-02	2.44e-01	3.73e-01	2.74e-01	5.33e-02	4.48e-03	4.38e-04	8.83e-05	5.97e-07	0.00e+00
 5.37272e+22	2.56e-26	1.83e-19	6.14e-14	2.19e-11	4.07e-09	1.96e-07	2.97e-06	2.27e-05	2.59e-03	5.36e-02	2.56e-01	3.74e-01	2.62e-01	4.84e-02	3.89e-03	3.69e-04	7.18e-05	4.61e-07	0.00e+00
 5.47863e+22	3.55e-26	2.47e-19	8.00e-14	2.81e-11	5.12e-09	2.40e-07	3.54e-06	2.64e-05	2.89e-03	5.76e-02	2.65e-01	3.74e-01	2.52e-01	4.49e-02	3.48e-03	3.23e-04	6.12e-05	3.78e-07	0.00e+00
 5.58575e+22	4.84e-26	3.26e-19	1.03e-13	3.55e-11	6.35e-09	2.92e-07	4.18e-06	3.03e-05	3.21e-03	6.16e-02	2.73e-01	3.74e-01	2.43e-01	4.17e-02	3.12e-03	2.84e-04	5.24e-05	3.12e-07	0.00e+00
 5.72501e+22	7.13e-26	4.62e-19	1.40e-13	4.76e-11	8.33e-09	3.72e-07	5.14e-06	3.61e-05	3.65e-03	6.70e-02	2.84e-01	3.73e-01	2.32e-01	3.80e-02	2.72e-03	2.41e-04	4.31e-05	2.44e-07	0.00e+00
 5.87550e+22	1.08e-25	6.73e-19	1.95e-13	6.53e-11	1.12e-08	4.85e-07	6.45e-06	4.38e-05	4.21e-03	7.33e-02	2.96e-01	3.71e-01	2.19e-01	3.42e-02	2.34e-03	2.01e-04	3.46e-05	1.86e-07	0.00e+00
 6.00704e+22	1.54e-25	9.26e-19	2.59e-13	8.54e-11	1.44e-08	6.09e-07	7.84e-06	5.17e-05	4.75e-03	7.91e-02	3.06e-01	3.68e-01	2.09e-01	3.11e-02	2.04e-03	1.71e-04	2.85e-05	1.47e-07	0.00e+00
 6.12574e+22	2.09e-25	1.21e-18	3.29e-13	1.07e-10	1.78e-08	7.37e-07	9.22e-06	5.93e-05	5.26e-03	8.43e-02	3.14e-01	3.66e-01	2.00e-01	2.87e-02	1.82e-03	1.50e-04	2.43e-05	0.00e+00	0.00e+00
 6.26129e+22	2.89e-25	1.62e-18	4.25e-13	1.37e-10	2.24e-08	9.08e-07	1.10e-05	6.91e-05	5.88e-03	9.03e-02	3.23e-01	3.63e-01	1.90e-01	2.62e-02	1.59e-03	1.29e-04	2.02e-05	0.00e+00	0.00e+00
 6.43751e+22	4.33e-25	2.33e-18	5.85e-13	1.86e-10	2.97e-08	1.17e-06	1.37e-05	8.34e-05	6.74e-03	9.83e-02	3.34e-01	3.58e-01	1.78e-01	2.33e-02	1.35e-03	1.06e-04	1.61e-05	0.00e+00	0.00e+00
 6.62338e+22	6.63e-25	3.41e-18	8.17e-13	2.57e-10	4.04e-08	1.55e-06	1.75e-05	1.03e-04	7.83e-03	1.08e-01	3.46e-01	3.52e-01	1.65e-01	2.04e-02	1.12e-03	8.58e-05	1.25e-05	0.00e+00	0.00e+00
 6.76931e+22	9.22e-25	4.57e-18	1.06e-12	3.30e-10	5.11e-08	1.92e-06	2.10e-05	1.20e-04	8.77e-03	1.15e-01	3.54e-01	3.46e-01	1.56e-01	1.84e-02	9.73e-04	7.26e-05	1.02e-05	0.00e+00	0.00e+00
 6.88442e+22	1.17e-24	5.66e-18	1.27e-12	3.95e-10	6.07e-08	2.25e-06	2.40e-05	1.35e-04	9.53e-03	1.21e-01	3.60e-01	3.42e-01	1.49e-01	1.70e-02	8.74e-04	6.42e-05	8.81e-06	0.00e+00	0.00e+00
 7.01195e+22	1.51e-24	7.07e-18	1.55e-12	4.79e-10	7.28e-08	2.66e-06	2.77e-05	1.53e-04	1.04e-02	1.28e-01	3.67e-01	3.37e-01	1.41e-01	1.56e-02	7.76e-04	5.61e-05	7.49e-06	0.00e+00	0.00e+00
 7.17774e+22	2.05e-24	9.30e-18	1.96e-12	6.05e-10	9.09e-08	3.26e-06	3.30e-05	1.78e-04	1.16e-02	1.36e-01	3.74e-01	3.31e-01	1.33e-01	1.40e-02	6.71e-04	4.75e-05	6.15e-06	0.00e+00	0.00e+00
 7.39327e+22	3.01e-24	1.31e-17	2.64e-12	8.09e-10	1.20e-07	4.20e-06	4.11e-05	2.15e-04	1.33e-02	1.47e-01	3.83e-01	3.22e-01	1.22e-01	1.22e-02	5.57e-04	3.84e-05	4.77e-06	0.00e+00	0.00e+00
 7.61130e+22	4.48e-24	1.86e-17	3.57e-12	1.09e-09	1.60e-07	5.48e-06	5.16e-05	2.62e-04	1.53e-02	1.59e-01	3.91e-01	3.12e-01	1.12e-01	1.05e-02	4.55e-04	3.05e-05	3.63e-06	0.00e+00	0.00e+00
 7.77702e+22	6.00e-24	2.40e-17	4.46e-12	1.36e-09	1.98e-07	6.66e-06	6.10e-05	3.04e-04	1.70e-02	1.69e-01	3.96e-01	3.04e-01	1.04e-01	9.39e-03	3.90e-04	2.57e-05	2.95e-06	0.00e+00	0.00e+00
