nu sigma_atom_test
  1.9328026390087658E+15   1.2799821167711130E-19
  1.9328066302616480E+15   1.3087847073536484E-19
  1.9328106215145300E+15   1.3386174022803709E-19
  1.9328146127674122E+15   1.3695322954332713E-19
  1.9328186040202942E+15   1.4015853194097769E-19
  1.9328225952731765E+15   1.4348368062827304E-19
  1.9328265865260588E+15   1.4693522355949989E-19
  1.9328305777789408E+15   1.5052032594337065E-19
  1.9328345690318230E+15   1.5424691379881368E-19
  1.9328385602847050E+15   1.5812387836000761E-19
  1.9328425515375872E+15   1.6216137084094099E-19
  1.9328465427904695E+15   1.6637123076613115E-19
  1.9328505340433515E+15   1.7076761128743012E-19
  1.9328545252962338E+15   1.7536789354041013E-19
  1.9328585165491160E+15   1.8019402305054977E-19
  1.9328625078019980E+15   1.8527445882222976E-19
  1.9328664990548802E+15   1.9064700647218384E-19
  1.9328704903077622E+15   1.9636291896466476E-19
  1.9328744815606445E+15   2.0249280280430145E-19
  1.9328784728135268E+15   2.0913507846783012E-19
  1.9328824640664088E+15   2.1642362199586308E-19
  1.9328864553192910E+15   2.2455346995509162E-19
  1.9328904465721730E+15   2.3380020045803137E-19
  1.9328944378250552E+15   2.4455230571675953E-19
  1.9328984290779375E+15   2.5735868565187861E-19
  1.9329024203308195E+15   2.7299275520677644E-19
  1.9329064115837018E+15   2.9254028594678617E-19
  1.9329104028365838E+15   3.1751891735269123E-19
  1.9329143940894660E+15   3.5003958655435098E-19
  1.9329183853423482E+15   3.9302298705931284E-19
  1.9329223765952302E+15   4.5048766301264207E-19
  1.9329263678481125E+15   5.2793055872179403E-19
  1.9329303591009945E+15   6.3282584766197988E-19
  1.9329343503538768E+15   7.7527371536208730E-19
  1.9329383416067590E+15   9.6883748968651802E-19
  1.9329423328596410E+15   1.2316150758451959E-18
  1.9329463241125232E+15   1.5875989730188480E-18
  1.9329503153654055E+15   2.0683880474586962E-18
  1.9329543066182875E+15   2.7153234305510927E-18
  1.9329582978711698E+15   3.5811256693007839E-18
  1.9329622891240518E+15   4.7346885690116437E-18
  1.9329662803769340E+15   6.2655221643432317E-18
  1.9329702716298162E+15   8.2866672217066795E-18
  1.9329742628826982E+15   1.0941073637441067E-17
  1.9329782541355805E+15   1.4408228647086295E-17
  1.9329822453884625E+15   1.8911870653343690E-17
  1.9329862366413448E+15   2.4728858169481481E-17
  1.9329902278942270E+15   3.2199235005671738E-17
  1.9329942191471090E+15   4.1737493122634295E-17
  1.9329982103999912E+15   5.3844982062535589E-17
  1.9330022016528732E+15   6.9123347526415689E-17
  1.9330061929057555E+15   8.8288800895626925E-17
  1.9330101841586378E+15   1.1218692660532414E-16
  1.9330141754115198E+15   1.4180762630300415E-16
  1.9330181666644020E+15   1.7829968004292862E-16
  1.9330221579172840E+15   2.2298427889105971E-16
  1.9330261491701662E+15   2.7736675547239062E-16
  1.9330301404230485E+15   3.4314561531819091E-16
  1.9330341316759305E+15   4.2220323003510239E-16
  1.9330381229288128E+15   5.1661343850915021E-16
  1.9330421141816950E+15   6.2870245901944224E-16
  1.9330461054345770E+15   7.6094344077066954E-16
  1.9330500966874592E+15   9.1596993381435841E-16
  1.9330540879403412E+15   1.0965456043091916E-15
  1.9330580791932235E+15   1.3055237598456125E-15
  1.9330620704461058E+15   1.5457960850025038E-15
  1.9330660616989878E+15   1.8202303225806539E-15
  1.9330700529518700E+15   2.1315970490560931E-15
  1.9330740442047520E+15   2.4824861757490109E-15
  1.9330780354576342E+15   2.8752143512302408E-15
  1.9330820267105165E+15   3.3117250183765014E-15
  1.9330860179633985E+15   3.7934834814981199E-15
  1.9330900092162808E+15   4.3213699146567495E-15
  1.9330940004691628E+15   4.8955737854218553E-15
  1.9330979917220450E+15   5.5154936176104119E-15
  1.9331019829749272E+15   6.1796463518398335E-15
  1.9331059742278092E+15   6.8855907496352479E-15
  1.9331099654806915E+15   7.6299131224964004E-15
  1.9331139567335735E+15   8.4086425689588792E-15
  1.9331179479864558E+15   9.2152963742522762E-15
  1.9331219392393380E+15   1.0043257502443285E-14
  1.9331259304922200E+15   1.0884940450754226E-14
  1.9331299217451022E+15   1.1731877930163844E-14
  1.9331339129979845E+15   1.2574839705113993E-14
  1.9331379042508665E+15   1.3403982223680088E-14
  1.9331418955037488E+15   1.4209026363610342E-14
  1.9331458867566308E+15   1.4979459328195683E-14
  1.9331498780095130E+15   1.5704755530766598E-14
  1.9331538692623952E+15   1.6374610248811466E-14
  1.9331578605152772E+15   1.6979178994671213E-14
  1.9331618517681595E+15   1.7509314969471206E-14
  1.9331658430210415E+15   1.7956796701492896E-14
  1.9331698342739238E+15   1.8314538032754193E-14
  1.9331738255268060E+15   1.8576773023549598E-14
  1.9331778167796880E+15   1.8739209087054535E-14
  1.9331818080325702E+15   1.8799142716091171E-14
  1.9331857992854522E+15   1.8755533477636538E-14
  1.9331897905383345E+15   1.8605155419621587E-14
  1.9331937817912168E+15   1.8353682176190223E-14
  1.9331977730440988E+15   1.8006128942769255E-14
  1.9332017642969810E+15   1.7568122169266927E-14
  1.9332057555498630E+15   1.7046625670665446E-14
  1.9332097468027452E+15   1.6449758305896348E-14
  1.9332137380556275E+15   1.5786585925418913E-14
  1.9332177293085095E+15   1.5066894968078330E-14
  1.9332217205613918E+15   1.4300955527217548E-14
  1.9332257118142740E+15   1.3499281794619334E-14
  1.9332297030671560E+15   1.2672397551625708E-14
  1.9332336943200382E+15   1.1830613824003204E-14
  1.9332376855729202E+15   1.0983824999641999E-14
  1.9332416768258025E+15   1.0141328668891935E-14
  1.9332456680786848E+15   9.3116732614486992E-15
  1.9332496593315668E+15   8.5025362671431917E-15
  1.9332536505844490E+15   7.7206345232950043E-15
  1.9332576418373310E+15   6.9716667818672453E-15
  1.9332616330902132E+15   6.2599217759203504E-15
  1.9332656243430955E+15   5.5907305695128302E-15
  1.9332696155959775E+15   4.9655690407336960E-15
  1.9332736068488598E+15   4.3859954583263424E-15
  1.9332775981017418E+15   3.8527091266690273E-15
  1.9332815893546240E+15   3.3656074692124371E-15
  1.9332855806075062E+15   2.9238853691994879E-15
  1.9332895718603882E+15   2.5261403172196459E-15
  1.9332935631132705E+15   2.1704794009083475E-15
  1.9332975543661525E+15   1.8546246066710611E-15
  1.9333015456190348E+15   1.5760134398784152E-15
  1.9333055368719170E+15   1.3318924423949444E-15
  1.9333095281247990E+15   1.1194017866875891E-15
  1.9333135193776812E+15   9.3564970728145968E-16
  1.9333175106305635E+15   7.7777607935964631E-16
  1.9333215018834455E+15   6.4300494341532536E-16
  1.9333254931363278E+15   5.2868619740023544E-16
  1.9333294843892098E+15   4.3232702081102815E-16
  1.9333334756420920E+15   3.5161385885691412E-16
  1.9333374668949742E+15   2.8442598046526824E-16
  1.9333414581478562E+15   2.2882818110974289E-16
  1.9333454494007385E+15   1.8308929502569824E-16
  1.9333494406536205E+15   1.4570892444407510E-16
  1.9333534319065028E+15   1.1534509481868995E-16
  1.9333574231593850E+15   9.0829686816724326E-17
  1.9333614144122670E+15   7.1155072608758423E-17
  1.9333654056651492E+15   5.5459641703719490E-17
  1.9333693969180312E+15   4.3012876258127567E-17
  1.9333733881709135E+15   3.3200509433484640E-17
  1.9333773794237958E+15   2.5510180835854208E-17
  1.9333813706766778E+15   1.9517893681444867E-17
  1.9333853619295600E+15   1.4875482031671234E-17
  1.9333893531824420E+15   1.1299214033032156E-17
  1.9333933444353242E+15   8.5595891720638857E-18
  1.9333973356882065E+15   6.4723335593171259E-18
  1.9334013269410885E+15   4.8905561472228219E-18
  1.9334053181939708E+15   3.6979992310808428E-18
  1.9334093094468530E+15   2.8032969566506156E-18
  1.9334133006997350E+15   2.1351442029928601E-18
  1.9334172919526172E+15   1.6381683694095012E-18
  1.9334212832054992E+15   1.2692772347897190E-18
  1.9334252744583815E+15   9.9688031016367109E-19
  1.9334292657112638E+15   7.9618993121962223E-19
  1.9334332569641458E+15   6.4849286731815173E-19
  1.9334372482170280E+15   5.3975311082084266E-19
  1.9334412394699100E+15   4.5951000028486514E-19
  1.9334452307227922E+15   4.0001642510678901E-19
  1.9334492219756745E+15   3.5557025213980855E-19
  1.9334532132285565E+15   3.2199976622864364E-19
  1.9334572044814388E+15   2.9627073160026369E-19
  1.9334611957343208E+15   2.7618862692670979E-19
  1.9334651869872030E+15   2.6017470349969426E-19
  1.9334691782400852E+15   2.4709881459006407E-19
  1.9334731694929672E+15   2.3615553667771026E-19
  1.9334771607458495E+15   2.2677303266736830E-19
  1.9334811519987315E+15   2.1854647865643722E-19
  1.9334851432516138E+15   2.1118977297665648E-19
  1.9334891345044960E+15   2.0450074679817991E-19
  1.9334931257573780E+15   1.9833626957146980E-19
  1.9334971170102602E+15   1.9259305016978753E-19
  1.9335011082631425E+15   1.8720015523407634E-19
  1.9335050995160245E+15   1.8210467315375432E-19
  1.9335090907689068E+15   1.7726744770704676E-19
  1.9335130820217888E+15   1.7265907873168257E-19
  1.9335170732746710E+15   1.6825696266602936E-19
  1.9335210645275532E+15   1.6404325531360295E-19
  1.9335250557804352E+15   1.6000347430466279E-19
  1.9335290470333175E+15   1.5612554261485228E-19
  1.9335330382861995E+15   1.5239913437285722E-19
  1.9335370295390818E+15   1.4881522684568325E-19
  1.9335410207919640E+15   1.4536579231421264E-19
  1.9335450120448460E+15   1.4204358461918813E-19
  1.9335490032977282E+15   1.3884198952107754E-19
  1.9335529945506102E+15   1.3575491806165193E-19
  1.9335569858034925E+15   1.3277672899036681E-19
  1.9335609770563748E+15   1.2990217080107850E-19
  1.9335649683092568E+15   1.2712908800064090E-19
  1.9335689595621390E+15   1.2444531753063096E-19
  1.9335729508150210E+15   1.2185386786377651E-19
  1.9335769420679032E+15   1.1934931127073418E-19
  1.9335809333207855E+15   1.1692634869200795E-19
  1.9335849245736675E+15   1.1458141658858483E-19
  1.9335889158265498E+15   1.1231114875796591E-19
  1.9335929070794320E+15   1.1011236300319082E-19
  1.9335968983323140E+15   1.0798204887991010E-19
  1.9336008895851962E+15   1.0591735641278213E-19
  1.9336048808380782E+15   1.0391558569996394E-19
  1.9336088720909605E+15   1.0197417730809404E-19
  1.9336128633438428E+15   1.0009070339539898E-19
  1.9336168545967248E+15   9.8262859494048440E-20
  1.9336208458496070E+15   9.6488456917540963E-20
  1.9336248371024890E+15   9.4765415699854550E-20
  1.9336288283553712E+15   9.3091758046356911E-20
  1.9336328196082535E+15   9.1465602258996801E-20
  1.9336368108611355E+15   8.9885157095422795E-20
  1.9336408021140178E+15   8.8348716482138029E-20
  1.9336447933668998E+15   8.6854654635480044E-20
  1.9336487846197820E+15   8.5402164626249195E-20
  1.9336527758726642E+15   8.3990041138892098E-20
  1.9336567671255462E+15   8.2615736366971739E-20
  1.9336607583784285E+15   8.1277910634991667E-20
  1.9336647496313105E+15   7.9975284031153173E-20
  1.9336687408841928E+15   7.8706633149166421E-20
  1.9336727321370750E+15   7.7470788105583272E-20
  1.9336767233899570E+15   7.6266629706960206E-20
  1.9336807146428392E+15   7.5093086803778493E-20
  1.9336847058957215E+15   7.3949133803225147E-20
  1.9336886971486035E+15   7.2833788334444921E-20
  1.9336926884014858E+15   7.1746109052838343E-20
  1.9336966796543678E+15   7.0685193583277130E-20
  1.9337006709072500E+15   6.9650176570358405E-20
  1.9337046621601322E+15   6.8640227848565585E-20
  1.9337086534130142E+15   6.7654550730293776E-20
  1.9337126446658965E+15   6.6692380366313495E-20
  1.9337166359187785E+15   6.5752982221797398E-20
  1.9337206271716608E+15   6.4835650646356876E-20
  1.9337246184245430E+15   6.3939868743309799E-20
  1.9337286096774250E+15   6.3065601566003629E-20
  1.9337326009303072E+15   6.2211389790357785E-20
  1.9337365921831892E+15   6.1376633243139633E-20
  1.9337405834360715E+15   6.0560754340193835E-20
  1.9337445746889538E+15   5.9763197065194491E-20
  1.9337485659418358E+15   5.8983425995536036E-20
  1.9337525571947180E+15   5.8220925390738265E-20
  1.9337565484476000E+15   5.7475198322518861E-20
  1.9337605397004822E+15   5.6745765849833679E-20
  1.9337645309533645E+15   5.6032166241684146E-20
  1.9337685222062465E+15   5.5333954229834767E-20
  1.9337725134591288E+15   5.4650700307748380E-20
  1.9337765047120110E+15   5.3981990060592378E-20
  1.9337804959648930E+15   5.3327423528669460E-20
  1.9337844872177752E+15   5.2686614602699414E-20
  1.9337884784706572E+15   5.2059190449426087E-20
  1.9337924697235395E+15   5.1444790963449065E-20
  1.9337964609764218E+15   5.0843068248075317E-20
  1.9338004522293038E+15   5.0253686115806639E-20
  1.9338044434821860E+15   4.9676828749660685E-20
  1.9338084347350680E+15   4.9111684976983166E-20
  1.9338124259879502E+15   4.8557912775133945E-20
  1.9338164172408325E+15   4.8015219517050382E-20
  1.9338204084937145E+15   4.7483322073038110E-20
  1.9338243997465968E+15   4.6961946444562885E-20
  1.9338283909994788E+15   4.6450827410801104E-20
  1.9338323822523610E+15   4.5949708191524149E-20
  1.9338363735052432E+15   4.5458340126538201E-20
  1.9338403647581252E+15   4.4976482368586813E-20
  1.9338443560110075E+15   4.4503901588926891E-20
  1.9338483472638895E+15   4.4040371697287291E-20
  1.9338523385167718E+15   4.3585673573509159E-20
  1.9338563297696540E+15   4.3139594809995538E-20
  1.9338603210225360E+15   4.2701929466192010E-20
  1.9338643122754182E+15   4.2272477834007380E-20
  1.9338683035283002E+15   4.1851046211686886E-20
  1.9338722947811825E+15   4.1437446688477754E-20
  1.9338762860340648E+15   4.1031496937041281E-20
  1.9338802772869468E+15   4.0633255769498199E-20
  1.9338842685398290E+15   4.0242407153835324E-20
  1.9338882597927112E+15   3.9858678417347828E-20
  1.9338922510455932E+15   3.9481908265907860E-20
  1.9338962422984755E+15   3.9111940051832948E-20
  1.9339002335513575E+15   3.8748621612884372E-20
  1.9339042248042398E+15   3.8391805119032762E-20
  1.9339082160571220E+15   3.8041346925541278E-20
  1.9339122073100040E+15   3.7697107433243175E-20
  1.9339161985628862E+15   3.7358950951138352E-20
  1.9339201898157682E+15   3.7026745566567294E-20
  1.9339241810686505E+15   3.6700363020182251E-20
  1.9339281723215328E+15   3.6379678585730549E-20
  1.9339321635744148E+15   3.6064570953652882E-20
  1.9339361548272970E+15   3.5754922120533083E-20
  1.9339401460801790E+15   3.5450617280678353E-20
  1.9339441373330612E+15   3.5150891950566578E-20
  1.9339481285859435E+15   3.4857056363137804E-20
  1.9339521198388255E+15   3.4568245768347673E-20
  1.9339561110917078E+15   3.4284356625016048E-20
  1.9339601023445898E+15   3.4005288141128558E-20
  1.9339640935974720E+15   3.3730942186970800E-20
  1.9339680848503542E+15   3.3461223211727624E-20
  1.9339720761032362E+15   3.3196038162970552E-20
  1.9339760673561185E+15   3.2935296409086975E-20
  1.9339800586090008E+15   3.2678909664671844E-20
  1.9339840498618828E+15   3.2426791918466472E-20
  1.9339880411147650E+15   3.2178859363888825E-20
  1.9339920323676470E+15   3.1935030332200531E-20
  1.9339960236205292E+15   3.1695225227819318E-20
  1.9340000148734115E+15   3.1459366466146241E-20
  1.9340040061262935E+15   3.1227378413429632E-20
  1.9340079973791758E+15   3.0999187328736414E-20
  1.9340119886320578E+15   3.0774721308086371E-20
  1.9340159798849400E+15   3.0553910230309845E-20
  1.9340199711378222E+15   3.0336685704981305E-20
  1.9340239623907042E+15   3.0122981022000026E-20
  1.9340279536435865E+15   2.9912731102894009E-20
  1.9340319448964685E+15   2.9705872453908729E-20
  1.9340359361493508E+15   2.9502343120485830E-20
  1.9340399274022330E+15   2.9302082643465801E-20
  1.9340439186551150E+15   2.9105032016628285E-20
  1.9340479099079972E+15   2.8911133645649081E-20
  1.9340519011608792E+15   2.8720331308538265E-20
  1.9340558924137615E+15   2.8532570117203236E-20
  1.9340598836666438E+15   2.8347796480451759E-20
  1.9340638749195258E+15   2.8165958068086013E-20
  1.9340678661724080E+15   2.7987003776166659E-20
  1.9340718574252902E+15   2.7810883693501995E-20
  1.9340758486781722E+15   2.7637549069116018E-20
  1.9340798399310545E+15   2.7466952280761960E-20
  1.9340838311839365E+15   2.7299046804547652E-20
  1.9340878224368188E+15   2.7133787185367774E-20
  1.9340918136897010E+15   2.6971129008428424E-20
  1.9340958049425830E+15   2.6811028871564883E-20
  1.9340997961954652E+15   2.6653444358429427E-20
  1.9341037874483472E+15   2.6498334012614567E-20
  1.9341077787012295E+15   2.6345657312434064E-20
  1.9341117699541118E+15   2.6195374646629598E-20
  1.9341157612069938E+15   2.6047447290729772E-20
  1.9341197524598760E+15   2.5901837384136602E-20
  1.9341237437127580E+15   2.5758507908002647E-20
  1.9341277349656402E+15   2.5617422663645927E-20
  1.9341317262185225E+15   2.5478546251752692E-20
  1.9341357174714045E+15   2.5341844052118743E-20
  1.9341397087242868E+15   2.5207282204001263E-20
  1.9341436999771688E+15   2.5074827587142260E-20
  1.9341476912300510E+15   2.4944447803232443E-20
  1.9341516824829332E+15   2.4816111158048892E-20
  1.9341556737358152E+15   2.4689786644038702E-20
  1.9341596649886975E+15   2.4565443923416853E-20
  1.9341636562415798E+15   2.4443053311829695E-20
  1.9341676474944618E+15   2.4322585762425261E-20
  1.9341716387473440E+15   2.4204012850388537E-20
  1.9341756300002260E+15   2.4087306757998860E-20
  1.9341796212531082E+15   2.3972440260008363E-20
  1.9341836125059905E+15   2.3859386709550095E-20
  1.9341876037588725E+15   2.3748120024377509E-20
  1.9341915950117548E+15   2.3638614673498158E-20
  1.9341955862646368E+15   2.3530845664255855E-20
  1.9341995775175190E+15   2.3424788529676879E-20
  1.9342035687704012E+15   2.3320419316274287E-20
  1.9342075600232832E+15   2.3217714572128399E-20
  1.9342115512761655E+15   2.3116651335302779E-20
  1.9342155425290475E+15   2.3017207122646776E-20
  1.9342195337819298E+15   2.2919359918815711E-20
  1.9342235250348120E+15   2.2823088165688653E-20
  1.9342275162876940E+15   2.2728370752017010E-20
  1.9342315075405762E+15   2.2635187003359641E-20
  1.9342354987934582E+15   2.2543516672352415E-20
  1.9342394900463405E+15   2.2453339929157415E-20
  1.9342434812992228E+15   2.2364637352258412E-20
  1.9342474725521048E+15   2.2277389919449825E-20
  1.9342514638049870E+15   2.2191578999071136E-20
  1.9342554550578692E+15   2.2107186341526485E-20
  1.9342594463107512E+15   2.2024194070984146E-20
  1.9342634375636335E+15   2.1942584677300075E-20
  1.9342674288165155E+15   2.1862341008208809E-20
  1.9342714200693978E+15   2.1783446261646735E-20
  1.9342754113222800E+15   2.1705883978355084E-20
  1.9342794025751620E+15   2.1629638034629343E-20
  1.9342833938280442E+15   2.1554692635261923E-20
  1.9342873850809262E+15   2.1481032306717880E-20
  1.9342913763338085E+15   2.1408641890420619E-20
  1.9342953675866908E+15   2.1337506536283004E-20
  1.9342993588395728E+15   2.1267611696362220E-20
  1.9343033500924550E+15   2.1198943118681536E-20
  1.9343073413453370E+15   2.1131486841256124E-20
  1.9343113325982192E+15   2.1065229186210315E-20
  1.9343153238511015E+15   2.1000156754110744E-20
  1.9343193151039835E+15   2.0936256418404477E-20
  1.9343233063568658E+15   2.0873515320001739E-20
  1.9343272976097478E+15   2.0811920862037815E-20
  1.9343312888626300E+15   2.0751460704711093E-20
  1.9343352801155122E+15   2.0692122760311686E-20
  1.9343392713683942E+15   2.0633895188339201E-20
  1.9343432626212765E+15   2.0576766390746510E-20
  1.9343472538741588E+15   2.0520725007337331E-20
  1.9343512451270408E+15   2.0465759911248824E-20
  1.9343552363799230E+15   2.0411860204550199E-20
  1.9343592276328050E+15   2.0359015213987125E-20
  1.9343632188856872E+15   2.0307214486784029E-20
  1.9343672101385695E+15   2.0256447786602635E-20
  1.9343712013914515E+15   2.0206705089570080E-20
  1.9343751926443338E+15   2.0157976580408664E-20
  1.9343791838972158E+15   2.0110252648694029E-20
  1.9343831751500980E+15   2.0063523885162591E-20
  1.9343871664029802E+15   2.0017781078157210E-20
  1.9343911576558622E+15   1.9973015210132955E-20
  1.9343951489087445E+15   1.9929217454252059E-20
  1.9343991401616265E+15   1.9886379171092334E-20
  1.9344031314145088E+15   1.9844491905397830E-20
  1.9344071226673910E+15   1.9803547382951893E-20
  1.9344111139202730E+15   1.9763537507502587E-20
  1.9344151051731552E+15   1.9724454357766621E-20
  1.9344190964260372E+15   1.9686290184533601E-20
  1.9344230876789195E+15   1.9649037407807023E-20
  1.9344270789318018E+15   1.9612688614053767E-20
  1.9344310701846838E+15   1.9577236553499342E-20
  1.9344350614375660E+15   1.9542674137492833E-20
  1.9344390526904482E+15   1.9508994435958325E-20
  1.9344430439433302E+15   1.9476190674891412E-20
  1.9344470351962125E+15   1.9444256233920441E-20
  1.9344510264490945E+15   1.9413184643950081E-20
  1.9344550177019768E+15   1.9382969584835540E-20
  1.9344590089548590E+15   1.9353604883145748E-20
  1.9344630002077410E+15   1.9325084509964843E-20
  1.9344669914606232E+15   1.9297402578751214E-20
  1.9344709827135052E+15   1.9270553343269437E-20
  1.9344749739663875E+15   1.9244531195550095E-20
  1.9344789652192698E+15   1.9219330663928343E-20
  1.9344829564721518E+15   1.9194946411117014E-20
  1.9344869477250340E+15   1.9171373232331277E-20
  1.9344909389779160E+15   1.9148606053477752E-20
  1.9344949302307982E+15   1.9126639929369692E-20
  1.9344989214836805E+15   1.9105470042011438E-20
  1.9345029127365625E+15   1.9085091698914831E-20
  1.9345069039894448E+15   1.9065500331461751E-20
  1.9345108952423268E+15   1.9046691493323742E-20
  1.9345148864952090E+15   1.9028660858906462E-20
  1.9345188777480912E+15   1.9011404221855077E-20
  1.9345228690009732E+15   1.8994917493589355E-20
  1.9345268602538555E+15   1.8979196701880576E-20
  1.9345308515067378E+15   1.8964237989477780E-20
  1.9345348427596198E+15   1.8950037612763874E-20
  1.9345388340125020E+15   1.8936591940451206E-20
  1.9345428252653840E+15   1.8923897452323704E-20
  1.9345468165182662E+15   1.8911950738003319E-20
  1.9345508077711485E+15   1.8900748495765365E-20
  1.9345547990240305E+15   1.8890287531381526E-20
  1.9345587902769128E+15   1.8880564756998812E-20
  1.9345627815297948E+15   1.8871577190059389E-20
  1.9345667727826770E+15   1.8863321952245000E-20
  1.9345707640355592E+15   1.8855796268463715E-20
  1.9345747552884412E+15   1.8848997465863570E-20
  1.9345787465413235E+15   1.8842922972879290E-20
  1.9345827377942055E+15   1.8837570318314748E-20
  1.9345867290470878E+15   1.8832937130450687E-20
  1.9345907202999700E+15   1.8829021136188768E-20
  1.9345947115528520E+15   1.8825820160222204E-20
  1.9345987028057342E+15   1.8823332124236995E-20
  1.9346026940586162E+15   1.8821555046144308E-20
  1.9346066853114985E+15   1.8820487039339171E-20
  1.9346106765643808E+15   1.8820126311989949E-20
  1.9346146678172628E+15   1.8820471166354486E-20
  1.9346186590701450E+15   1.8821519998124832E-20
  1.9346226503230272E+15   1.8823271295799008E-20
  1.9346266415759092E+15   1.8825723640079776E-20
  1.9346306328287915E+15   1.8828875703300962E-20
  1.9346346240816735E+15   1.8832726248878306E-20
  1.9346386153345558E+15   1.8837274130789212E-20
  1.9346426065874380E+15   1.8842518293075108E-20
  1.9346465978403200E+15   1.8848457769371364E-20
  1.9346505890932022E+15   1.8855091682463389E-20
  1.9346545803460842E+15   1.8862419243863509E-20
  1.9346585715989665E+15   1.8870439753418814E-20
  1.9346625628518488E+15   1.8879152598936905E-20
  1.9346665541047308E+15   1.8888557255840369E-20
  1.9346705453576130E+15   1.8898653286846029E-20
  1.9346745366104950E+15   1.8909440341661916E-20
  1.9346785278633772E+15   1.8920918156717275E-20
  1.9346825191162595E+15   1.8933086554906325E-20
  1.9346865103691415E+15   1.8945945445361959E-20
  1.9346905016220238E+15   1.8959494823253321E-20
  1.9346944928749058E+15   1.8973734769598239E-20
  1.9346984841277880E+15   1.8988665451111017E-20
  1.9347024753806702E+15   1.9004287120060189E-20
  1.9347064666335522E+15   1.9020600114157654E-20
  1.9347104578864345E+15   1.9037604856471132E-20
  1.9347144491393168E+15   1.9055301855349818E-20
  1.9347184403921988E+15   1.9073691704381532E-20
  1.9347224316450810E+15   1.9092775082372972E-20
  1.9347264228979630E+15   1.9112552753340539E-20
  1.9347304141508452E+15   1.9133025566541205E-20
  1.9347344054037275E+15   1.9154194456507492E-20
  1.9347383966566095E+15   1.9176060443116735E-20
  1.9347423879094918E+15   1.9198624631683478E-20
  1.9347463791623738E+15   1.9221888213059932E-20
  1.9347503704152560E+15   1.9245852463779763E-20
  1.9347543616681382E+15   1.9270518746202705E-20
  1.9347583529210202E+15   1.9295888508695653E-20
  1.9347623441739025E+15   1.9321963285836931E-20
  1.9347663354267845E+15   1.9348744698626576E-20
  1.9347703266796668E+15   1.9376234454743483E-20
  1.9347743179325490E+15   1.9404434348800175E-20
  1.9347783091854310E+15   1.9433346262636659E-20
  1.9347823004383132E+15   1.9462972165637655E-20
  1.9347862916911952E+15   1.9493314115054172E-20
  1.9347902829440775E+15   1.9524374256375517E-20
  1.9347942741969598E+15   1.9556154823696207E-20
  1.9347982654498418E+15   1.9588658140124609E-20
  1.9348022567027240E+15   1.9621886618215688E-20
  1.9348062479556062E+15   1.9655842760408462E-20
  1.9348102392084882E+15   1.9690529159505145E-20
  1.9348142304613705E+15   1.9725948499174793E-20
  1.9348182217142525E+15   1.9762103554458748E-20
  1.9348222129671348E+15   1.9798997192333140E-20
  1.9348262042200170E+15   1.9836632372262247E-20
  1.9348301954728990E+15   1.9875012146798545E-20
  1.9348341867257812E+15   1.9914139662208315E-20
  1.9348381779786632E+15   1.9954018159097760E-20
  1.9348421692315455E+15   1.9994650973100877E-20
  1.9348461604844278E+15   2.0036041535555719E-20
  1.9348501517373098E+15   2.0078193374230999E-20
  1.9348541429901920E+15   2.0121110114079541E-20
  1.9348581342430740E+15   2.0164795477991166E-20
  1.9348621254959562E+15   2.0209253287612324E-20
  1.9348661167488385E+15   2.0254487464152044E-20
  1.9348701080017205E+15   2.0300502029242065E-20
  1.9348740992546028E+15   2.0347301105825401E-20
  1.9348780905074848E+15   2.0394888919043728E-20
  1.9348820817603670E+15   2.0443269797196639E-20
  1.9348860730132492E+15   2.0492448172685520E-20
  1.9348900642661312E+15   2.0542428583015781E-20
  1.9348940555190135E+15   2.0593215671829583E-20
  1.9348980467718958E+15   2.0644814189939908E-20
  1.9349020380247778E+15   2.0697228996423071E-20
  1.9349060292776600E+15   2.0750465059742720E-20
  1.9349100205305420E+15   2.0804527458872083E-20
  1.9349140117834242E+15   2.0859421384497585E-20
  1.9349180030363065E+15   2.0915152140204547E-20
  1.9349219942891885E+15   2.0971725143729068E-20
  1.9349259855420708E+15   2.1029145928244153E-20
  1.9349299767949528E+15   2.1087420143643894E-20
  1.9349339680478350E+15   2.1146553557915676E-20
  1.9349379593007172E+15   2.1206552058493295E-20
  1.9349419505535992E+15   2.1267421653681707E-20
  1.9349459418064815E+15   2.1329168474118947E-20
  1.9349499330593635E+15   2.1391798774236453E-20
  1.9349539243122458E+15   2.1455318933814637E-20
  1.9349579155651280E+15   2.1519735459518370E-20
  1.9349619068180100E+15   2.1585054986510166E-20
  1.9349658980708922E+15   2.1651284280104085E-20
  1.9349698893237742E+15   2.1718430237418579E-20
  1.9349738805766565E+15   2.1786499889132475E-20
  1.9349778718295388E+15   2.1855500401220345E-20
  1.9349818630824208E+15   2.1925439076772282E-20
  1.9349858543353030E+15   2.1996323357858214E-20
  1.9349898455881852E+15   2.2068160827397005E-20
  1.9349938368410672E+15   2.2140959211109942E-20
  1.9349978280939495E+15   2.2214726379521464E-20
  1.9350018193468315E+15   2.2289470349961112E-20
  1.9350058105997138E+15   2.2365199288682475E-20
  1.9350098018525960E+15   2.2441921512961709E-20
  1.9350137931054780E+15   2.2519645493292465E-20
  1.9350177843583602E+15   2.2598379855633159E-20
  1.9350217756112422E+15   2.2678133383657272E-20
  1.9350257668641245E+15   2.2758915021130651E-20
  1.9350297581170068E+15   2.2840733874269061E-20
  1.9350337493698888E+15   2.2923599214200775E-20
  1.9350377406227710E+15   2.3007520479487313E-20
  1.9350417318756530E+15   2.3092507278649704E-20
  1.9350457231285352E+15   2.3178569392832754E-20
  1.9350497143814175E+15   2.3265716778450876E-20
  1.9350537056342995E+15   2.3353959569948445E-20
  1.9350576968871818E+15   2.3443308082625081E-20
  1.9350616881400638E+15   2.3533772815469656E-20
  1.9350656793929460E+15   2.3625364454144492E-20
  1.9350696706458282E+15   2.3718093873952921E-20
  1.9350736618987102E+15   2.3811972142932341E-20
  1.9350776531515925E+15   2.3907010525019600E-20
  1.9350816444044748E+15   2.4003220483235542E-20
  1.9350856356573568E+15   2.4100613682996553E-20
  1.9350896269102390E+15   2.4199201995503288E-20
  1.9350936181631210E+15   2.4298997501145798E-20
  1.9350976094160032E+15   2.4400012493080360E-20
  1.9351016006688855E+15   2.4502259480795049E-20
  1.9351055919217675E+15   2.4605751193820653E-20
  1.9351095831746498E+15   2.4710500585528336E-20
  1.9351135744275318E+15   2.4816520836949615E-20
  1.9351175656804140E+15   2.4923825360783905E-20
  1.9351215569332962E+15   2.5032427805399150E-20
  1.9351255481861782E+15   2.5142342058992329E-20
  1.9351295394390605E+15   2.5253582253847829E-20
  1.9351335306919425E+15   2.5366162770625131E-20
  1.9351375219448248E+15   2.5480098242851792E-20
  1.9351415131977070E+15   2.5595403561415335E-20
  1.9351455044505890E+15   2.5712093879231249E-20
  1.9351494957034712E+15   2.5830184616021674E-20
  1.9351534869563532E+15   2.5949691463131933E-20
  1.9351574782092355E+15   2.6070630388572366E-20
  1.9351614694621178E+15   2.6193017642066159E-20
  1.9351654607149998E+15   2.6316869760292004E-20
  1.9351694519678820E+15   2.6442203572251840E-20
  1.9351734432207642E+15   2.6569036204695221E-20
  1.9351774344736462E+15   2.6697385087743165E-20
  1.9351814257265285E+15   2.6827267960646980E-20
  1.9351854169794105E+15   2.6958702877603148E-20
  1.9351894082322928E+15   2.7091708213830101E-20
  1.9351933994851750E+15   2.7226302671666968E-20
  1.9351973907380570E+15   2.7362505286901797E-20
  1.9352013819909392E+15   2.7500335435253602E-20
  1.9352053732438212E+15   2.7639812838924386E-20
  1.9352093644967035E+15   2.7780957573440374E-20
  1.9352133557495858E+15   2.7923790074527798E-20
  1.9352173470024678E+15   2.8068331145244158E-20
  1.9352213382553500E+15   2.8214601963285059E-20
  1.9352253295082320E+15   2.8362624088377728E-20
  1.9352293207611142E+15   2.8512419469994811E-20
  1.9352333120139965E+15   2.8664010455118158E-20
  1.9352373032668785E+15   2.8817419796288023E-20
  1.9352412945197608E+15   2.8972670659852760E-20
  1.9352452857726428E+15   2.9129786634325787E-20
  1.9352492770255250E+15   2.9288791739097889E-20
  1.9352532682784072E+15   2.9449710433218589E-20
  1.9352572595312892E+15   2.9612567624497112E-20
  1.9352612507841715E+15   2.9777388678833276E-20
  1.9352652420370538E+15   2.9944199429690683E-20
  1.9352692332899358E+15   3.0113026187902171E-20
  1.9352732245428180E+15   3.0283895751725627E-20
  1.9352772157957000E+15   3.0456835417048130E-20
  1.9352812070485822E+15   3.0631872988012700E-20
  1.9352851983014645E+15   3.0809036787753735E-20
  1.9352891895543465E+15   3.0988355669517968E-20
  1.9352931808072288E+15   3.1169859028073458E-20
  1.9352971720601108E+15   3.1353576811299867E-20
  1.9353011633129930E+15   3.1539539532251476E-20
  1.9353051545658752E+15   3.1727778281360945E-20
  1.9353091458187572E+15   3.1918324739078111E-20
  1.9353131370716395E+15   3.2111211188842167E-20
  1.9353171283245215E+15   3.2306470530273731E-20
  1.9353211195774038E+15   3.2504136292898312E-20
  1.9353251108302860E+15   3.2704242650048971E-20
  1.9353291020831680E+15   3.2906824433262322E-20
  1.9353330933360502E+15   3.3111917147060661E-20
  1.9353370845889322E+15   3.3319556984001161E-20
  1.9353410758418145E+15   3.3529780840324079E-20
  1.9353450670946968E+15   3.3742626331827172E-20
  1.9353490583475788E+15   3.3958131810301491E-20
  1.9353530496004610E+15   3.4176336380415969E-20
  1.9353570408533432E+15   3.4397279916939478E-20
  1.9353610321062252E+15   3.4621003082557623E-20
  1.9353650233591075E+15   3.4847547346181501E-20
  1.9353690146119895E+15   3.5076955001619277E-20
  1.9353730058648718E+15   3.5309269186979952E-20
  1.9353769971177540E+15   3.5544533904400161E-20
  1.9353809883706360E+15   3.5782794040466935E-20
  1.9353849796235182E+15   3.6024095387215292E-20
  1.9353889708764002E+15   3.6268484663564826E-20
  1.9353929621292825E+15   3.6516009537591086E-20
  1.9353969533821648E+15   3.6766718649197613E-20
  1.9354009446350468E+15   3.7020661633588461E-20
  1.9354049358879290E+15   3.7277889145414480E-20
  1.9354089271408110E+15   3.7538452883450972E-20
  1.9354129183936932E+15   3.7802405616230841E-20
  1.9354169096465755E+15   3.8069801208173489E-20
  1.9354209008994575E+15   3.8340694646638311E-20
  1.9354248921523398E+15   3.8615142069770441E-20
  1.9354288834052218E+15   3.8893200794989803E-20
  1.9354328746581040E+15   3.9174929348579385E-20
  1.9354368659109862E+15   3.9460387495885032E-20
  1.9354408571638682E+15   3.9749636272587912E-20
  1.9354448484167505E+15   4.0042738016912010E-20
  1.9354488396696328E+15   4.0339756402630028E-20
  1.9354528309225148E+15   4.0640756473227172E-20
  1.9354568221753970E+15   4.0945804677099305E-20
  1.9354608134282790E+15   4.1254968903626752E-20
  1.9354648046811612E+15   4.1568318520636586E-20
  1.9354687959340435E+15   4.1885924412718811E-20
  1.9354727871869255E+15   4.2207859020916108E-20
  1.9354767784398078E+15   4.2534196383641891E-20
  1.9354807696926898E+15   4.2865012178661720E-20
  1.9354847609455720E+15   4.3200383766692357E-20
  1.9354887521984542E+15   4.3540390236052120E-20
  1.9354927434513362E+15   4.3885112448924104E-20
  1.9354967347042185E+15   4.4234633089084181E-20
  1.9355007259571005E+15   4.4589036710922416E-20
  1.9355047172099828E+15   4.4948409790359084E-20
  1.9355087084628650E+15   4.5312840777055262E-20
  1.9355126997157470E+15   4.5682420148527864E-20
  1.9355166909686292E+15   4.6057240466017062E-20
  1.9355206822215112E+15   4.6437396431932012E-20
  1.9355246734743935E+15   4.6822984949526610E-20
  1.9355286647272758E+15   4.7214105184171866E-20
  1.9355326559801578E+15   4.7610858626887756E-20
  1.9355366472330400E+15   4.8013349159981862E-20
  1.9355406384859222E+15   4.8421683124643390E-20
  1.9355446297388042E+15   4.8835969391023367E-20
  1.9355486209916865E+15   4.9256319430672753E-20
  1.9355526122445685E+15   4.9682847391160828E-20
  1.9355566034974508E+15   5.0115670173624111E-20
  1.9355605947503330E+15   5.0554907512554936E-20
  1.9355645860032150E+15   5.1000682058594659E-20
  1.9355685772560972E+15   5.1453119464182153E-20
  1.9355725685089792E+15   5.1912348471881631E-20
  1.9355765597618615E+15   5.2378501006213041E-20
  1.9355805510147438E+15   5.2851712268258482E-20
  1.9355845422676258E+15   5.3332120833885058E-20
  1.9355885335205080E+15   5.3819868755442999E-20
  1.9355925247733900E+15   5.4315101666767840E-20
  1.9355965160262722E+15   5.4817968892394911E-20
  1.9356005072791545E+15   5.5328623560224397E-20
  1.9356044985320365E+15   5.5847222718565632E-20
  1.9356084897849188E+15   5.6373927457432301E-20
  1.9356124810378008E+15   5.6908903033929257E-20
  1.9356164722906830E+15   5.7452319002737293E-20
  1.9356204635435652E+15   5.8004349350901290E-20
  1.9356244547964472E+15   5.8565172637954309E-20
  1.9356284460493295E+15   5.9134972141270381E-20
  1.9356324373022118E+15   5.9713936006541674E-20
  1.9356364285550938E+15   6.0302257404248192E-20
  1.9356404198079760E+15   6.0900134692063537E-20
  1.9356444110608580E+15   6.1507771583073038E-20
  1.9356484023137402E+15   6.2125377321008534E-20
  1.9356523935666225E+15   6.2755009004645941E-20
  1.9356563848195045E+15   6.3393160445124430E-20
  1.9356603760723868E+15   6.4041916920955637E-20
  1.9356643673252688E+15   6.4701510043691818E-20
  1.9356683585781510E+15   6.5372177852433200E-20
  1.9356723498310332E+15   6.6054165025257095E-20
  1.9356763410839152E+15   6.6747723108218067E-20
  1.9356803323367975E+15   6.7453500324803620E-20
  1.9356843235896795E+15   6.8171554286186740E-20
  1.9356883148425618E+15   6.8902002167065894E-20
  1.9356923060954440E+15   6.9645126425721555E-20
  1.9356962973483260E+15   7.0401217696183769E-20
  1.9357002886012082E+15   7.1170575071211604E-20
  1.9357042798540902E+15   7.1953506401934647E-20
  1.9357082711069725E+15   7.2750328609555721E-20
  1.9357122623598548E+15   7.3561368009809973E-20
  1.9357162536127368E+15   7.4386960647714891E-20
  1.9357202448656190E+15   7.5227452650629142E-20
  1.9357242361185012E+15   7.6083200595596291E-20
  1.9357282273713832E+15   7.6954571890732000E-20
  1.9357322186242655E+15   7.7841945174611919E-20
  1.9357362098771475E+15   7.8745710731782204E-20
  1.9357402011300298E+15   7.9666270928946512E-20
  1.9357441923829120E+15   8.0604040668171778E-20
  1.9357481836357940E+15   8.1559447859731572E-20
  1.9357521748886762E+15   8.2532933916616439E-20
  1.9357561661415582E+15   8.3524954275238900E-20
  1.9357601573944405E+15   8.4536689574265612E-20
  1.9357641486473228E+15   8.5568131168292867E-20
  1.9357681399002048E+15   8.6619608697868954E-20
  1.9357721311530870E+15   8.7691641491704862E-20
  1.9357761224059690E+15   8.8784765970875854E-20
  1.9357801136588512E+15   8.9899536335658951E-20
  1.9357841049117335E+15   9.1036525280984551E-20
  1.9357880961646155E+15   9.2196324743992754E-20
  1.9357920874174978E+15   9.3379546695166871E-20
  1.9357960786703798E+15   9.4586823959408267E-20
  1.9358000699232620E+15   9.5818811083773786E-20
  1.9358040611761442E+15   9.7076185242326920E-20
  1.9358080524290262E+15   9.8359647188167902E-20
  1.9358120436819085E+15   9.9669922255126280E-20
  1.9358160349347905E+15   1.0100776140638113E-19
  1.9358200261876728E+15   1.0237394233835784E-19
  1.9358240174405550E+15   1.0376927063831676E-19
  1.9358280086934370E+15   1.0519458100424222E-19
  1.9358319999463192E+15   1.0665073852737513E-19
  1.9358359911992015E+15   1.0813864004445486E-19
  1.9358399824520835E+15   1.0966058473622099E-19
  1.9358439737049658E+15   1.1121641578755458E-19
  1.9358479649578478E+15   1.1280697836576483E-19
  1.9358519562107300E+15   1.1443331628345346E-19
  1.9358559474636122E+15   1.1609651329596090E-19
  1.9358599387164942E+15   1.1779769496661559E-19
  1.9358639299693765E+15   1.1953803065293149E-19
  1.9358679212222585E+15   1.2131873557290465E-19
  1.9358719124751408E+15   1.2314107299592271E-19
  1.9358759037280230E+15   1.2500635659881846E-19
  1.9358798949809050E+15   1.2691595289713729E-19
  1.9358838862337872E+15   1.2887128384636679E-19
  1.9358878774866692E+15   1.3087382962535485E-19
  1.9358918687395515E+15   1.3292513152116816E-19
  1.9358958599924338E+15   1.3502679502891684E-19
  1.9358998512453158E+15   1.3718049315179358E-19
  1.9359038424981980E+15   1.3938796982824599E-19
  1.9359078337510800E+15   1.4165104369030507E-19
  1.9359118250039622E+15   1.4397161192146694E-19
  1.9359158162568445E+15   1.4635165448022867E-19
  1.9359198075097265E+15   1.4879610056319511E-19
  1.9359237987626088E+15   1.5130448690510434E-19
  1.9359277900154910E+15   1.5387903936344294E-19
  1.9359317812683730E+15   1.5652212986568400E-19
  1.9359357725212552E+15   1.5923623929463156E-19
  1.9359397637741372E+15   1.6202396361803973E-19
  1.9359437550270195E+15   1.6488802053269726E-19
  1.9359477462799018E+15   1.6783125643195054E-19
  1.9359517375327838E+15   1.7085665395818529E-19
  1.9359557287856660E+15   1.7396734004052505E-19
  1.9359597200385480E+15   1.7716659452757416E-19
  1.9359637112914302E+15   1.8045785940893384E-19
  1.9359677025443125E+15   1.8384474873100673E-19
  1.9359716937971945E+15   1.8733105925656939E-19
  1.9359756850500768E+15   1.9092078188560974E-19
  1.9359796763029588E+15   1.9461811394308324E-19
  1.9359836675558410E+15   1.9842747244707166E-19
  1.9359876588087232E+15   2.0235350838311027E-19
  1.9359916500616052E+15   2.0640112206136394E-19
  1.9359956413144875E+15   2.1057594535396370E-19
  1.9359996325673695E+15   2.1488881145379730E-19
  1.9360036238202518E+15   2.1934015708312605E-19
  1.9360076150731340E+15   2.2393610394685340E-19
  1.9360116063260160E+15   2.2868312504071155E-19
  1.9360155975788982E+15   2.3358806989158099E-19
  1.9360195888317805E+15   2.3865819201645303E-19
  1.9360235800846625E+15   2.4390117880136249E-19
  1.9360275713375448E+15   2.4932518418136552E-19
  1.9360315625904268E+15   2.5491654722528845E-19
  1.9360355538433090E+15   2.6072827062385477E-19
  1.9360395450961912E+15   2.6674936727539064E-19
  1.9360435363490732E+15   2.7299050381585085E-19
  1.9360475276019555E+15   2.7946315281232340E-19
  1.9360515188548375E+15   2.8617971823786619E-19
  1.9360555101077198E+15   2.9315370469339545E-19
  1.9360595013606020E+15   3.0039995161165544E-19
  1.9360634926134840E+15   3.0793496330600092E-19
  1.9360674838663662E+15   3.1577738135915471E-19
  1.9360714751192482E+15   3.2394866760857586E-19
  1.9360754663721305E+15   3.3247396103251734E-19
  1.9360794576250128E+15   3.4138308330123262E-19
  1.9360834488778948E+15   3.5071437711237990E-19
  1.9360874401307770E+15   3.6051601621966774E-19
  1.9360914313836590E+15   3.7085105314198637E-19
  1.9360954226365412E+15   3.8180391124310149E-19
  1.9360994138894235E+15   3.9348976286915784E-19
  1.9361034051423055E+15   4.0606800750605347E-19
  1.9361073963951878E+15   4.1976153488063970E-19
  1.9361113876480700E+15   4.3488409338196471E-19
  1.9361153789009520E+15   4.5187893377117685E-19
  1.9361193701538342E+15   4.7137302422098199E-19
  1.9361233614067162E+15   4.9425261071900987E-19
  1.9361273526595985E+15   5.2176781828645287E-19
  1.9361313439124808E+15   5.5567646094373027E-19
  1.9361353351653628E+15   5.9844037785629177E-19
  1.9361393264182450E+15   6.5349158012146725E-19
  1.9361433176711270E+15   7.2559043352857305E-19
  1.9361473089240092E+15   8.2130418261814198E-19
  1.9361513001768915E+15   9.4964150699298913E-19
  1.9361552914297735E+15   1.1227637161326747E-18
  1.9361592826826558E+15   1.3569459483156966E-18
  1.9361632739355378E+15   1.6748279987371203E-18
  1.9361672651884200E+15   2.1063596978220356E-18
  1.9361712564413022E+15   2.6913966879811148E-18
  1.9361752476941842E+15   3.4826347358286637E-18
  1.9361792389470665E+15   4.5492909574147214E-18
  1.9361832301999485E+15   5.9816817887063643E-18
  1.9361872214528308E+15   7.8968650606822886E-18
  1.9361912127057130E+15   1.0445529141233490E-17
  1.9361952039585950E+15   1.3820324170417803E-17
  1.9361991952114772E+15   1.8265836906768415E-17
  1.9362031864643595E+15   2.4090409242657222E-17
  1.9362071777172415E+15   3.1679988245266769E-17
  1.9362111689701238E+15   4.1514169635219245E-17
  1.9362151602230058E+15   5.4184553630940718E-17
  1.9362191514758880E+15   7.0415468898191597E-17
  1.9362231427287702E+15   9.1087033784889823E-17
  1.9362271339816522E+15   1.1726041166077891E-16
  1.9362311252345345E+15   1.5020497715903457E-16
  1.9362351164874165E+15   1.9141145298435870E-16
  1.9362391077402988E+15   2.4263417246386410E-16
  1.9362430989931810E+15   3.0596750006126420E-16
  1.9362470902460630E+15   3.8380457217222870E-16
  1.9362510814989452E+15   4.7888871027425056E-16
  1.9362550727518272E+15   5.9433502732452471E-16
  1.9362590640047095E+15   7.3364602573347875E-16
  1.9362630552575918E+15   9.0071912645805411E-16
  1.9362670465104738E+15   1.0998439125943778E-15
  1.9362710377633560E+15   1.3356867846864083E-15
  1.9362750290162380E+15   1.6132607309601350E-15
  1.9362790202691202E+15   1.9378780341895068E-15
  1.9362830115220025E+15   2.3150839860894211E-15
  1.9362870027748845E+15   2.7505700757018598E-15
  1.9362909940277668E+15   3.2500656697791903E-15
  1.9362949852806490E+15   3.8192079079808533E-15
  1.9362989765335310E+15   4.4633903968539108E-15
  1.9363029677864132E+15   5.1875922708917954E-15
  1.9363069590392952E+15   5.9961902876843265E-15
  1.9363109502921775E+15   6.8927577744082573E-15
  1.9363149415450598E+15   7.8798555989593136E-15
  1.9363189327979418E+15   8.9588652193645296E-15
  1.9363229240508240E+15   1.0129709446788557E-14
  1.9363269153037060E+15   1.1390667539619967E-14
  1.9363309065565882E+15   1.2738220130859369E-14
  1.9363348978094705E+15   1.4172966194569065E-14
  1.9363388890623525E+15   1.5674867681766047E-14
  1.9363428803152348E+15   1.7240312328440646E-14
  1.9363468715681168E+15   1.8857665041487835E-14
  1.9363508628209990E+15   2.0513289151797027E-14
  1.9363548540738812E+15   2.2191669520870259E-14
  1.9363588453267632E+15   2.3875599497273774E-14
  1.9363628365796455E+15   2.5546430963675752E-14
  1.9363668278325275E+15   2.7184384199452808E-14
  1.9363708190854098E+15   2.8768911703772500E-14
  1.9363748103382920E+15   3.0279107609680296E-14
  1.9363788015911740E+15   3.1694152005113875E-14
  1.9363827928440562E+15   3.2993777479655124E-14
  1.9363867840969385E+15   3.4158743660362641E-14
  1.9363907753498205E+15   3.5171304482502376E-14
  1.9363947666027028E+15   3.6011180125823874E-14
  1.9363987578555848E+15   3.6664828324345204E-14
  1.9364027491084670E+15   3.7125418855927979E-14
  1.9364067403613492E+15   3.7385578109197604E-14
  1.9364107316142312E+15   3.7441148771721600E-14
  1.9364147228671135E+15   3.7291299882811435E-14
  1.9364187141199955E+15   3.6938547508585114E-14
  1.9364227053728778E+15   3.6388685322141985E-14
  1.9364266966257600E+15   3.5650627736396429E-14
  1.9364306878786420E+15   3.4736171481517737E-14
  1.9364346791315242E+15   3.3659684475772897E-14
  1.9364386703844062E+15   3.2437733378401685E-14
  1.9364426616372885E+15   3.1088663218249840E-14
  1.9364466528901708E+15   2.9632143890379322E-14
  1.9364506441430528E+15   2.8088699037070910E-14
  1.9364546353959350E+15   2.6479232885889851E-14
  1.9364586266488170E+15   2.4824570025045323E-14
  1.9364626179016992E+15   2.3145021891363028E-14
  1.9364666091545815E+15   2.1459992054459371E-14
  1.9364706004074635E+15   1.9787630251395406E-14
  1.9364745916603458E+15   1.8145819667396340E-14
  1.9364785829132280E+15   1.6549781286702024E-14
  1.9364825741661100E+15   1.5011649068982646E-14
  1.9364865654189922E+15   1.3536898735995327E-14
  1.9364905566718742E+15   1.2142756506398818E-14
  1.9364945479247565E+15   1.0832324617683897E-14
  1.9364985391776388E+15   9.6102014348941274E-15
  1.9365025304305208E+15   8.4791052321704505E-15
  1.9365065216834030E+15   7.4400294181938971E-15
  1.9365105129362850E+15   6.4924244245767626E-15
  1.9365145041891672E+15   5.6343975198948770E-15
  1.9365184954420495E+15   4.8629222195866165E-15
  1.9365224866949315E+15   4.1740496489667722E-15
  1.9365264779478138E+15   3.5631151271570434E-15
  1.9365304692006958E+15   3.0249343184128797E-15
  1.9365344604535780E+15   2.5539844401017868E-15
  1.9365384517064602E+15   2.1445671983748181E-15
  1.9365424429593422E+15   1.7909512559783431E-15
  1.9365464342122245E+15   1.4874930951808372E-15
  1.9365504254651065E+15   1.2287360772025320E-15
  1.9365544167179888E+15   1.0094091708880066E-15
  1.9365584079708710E+15   8.2469674041338438E-16
  1.9365623992237530E+15   6.7012636237438590E-16
  1.9365663904766352E+15   5.4157975462335763E-16
  1.9365703817295175E+15   4.3533296832237909E-16
  1.9365743729823995E+15   3.4805438122426697E-16
  1.9365783642352818E+15   2.7679341344768536E-16
  1.9365823554881638E+15   2.1896211525819952E-16
  1.9365863467410460E+15   1.7231159512331564E-16
  1.9365903379939282E+15   1.3490503534216560E-16
  1.9365943292468102E+15   1.0508879784115714E-16
  1.9365983204996925E+15   8.1462871024014323E-17
  1.9366023117525745E+15   6.2851661700848364E-17
  1.9366063030054568E+15   4.8275904037591541E-17
  1.9366102942583390E+15   3.6926246952632813E-17
  1.9366142855112210E+15   2.8138896792045946E-17
  1.9366182767641032E+15   2.1373535401164731E-17
  1.9366222680169852E+15   1.6193605312605959E-17
  1.9366262592698675E+15   1.2248952421320122E-17
  1.9366302505227498E+15   9.2607401637495042E-18
  1.9366342417756318E+15   7.0052967023103496E-18
  1.9366382330285140E+15   5.3132143851115830E-18
  1.9366422242813960E+15   4.0500919318896429E-18
  1.9366462155342782E+15   3.1111354864802888E-18
  1.9366502067871605E+15   2.4157077994623548E-18
  1.9366541980400425E+15   1.9021735732775191E-18
  1.9366581892929248E+15   1.5237323416174326E-18
  1.9366621805458070E+15   1.2450794490734074E-18
  1.9366661717986890E+15   1.0397535760314583E-18
  1.9366701630515712E+15   8.8804733025596025E-19
  1.9366741543044532E+15   7.7537488453986659E-19
  1.9366781455573355E+15   6.9100693713595023E-19
  1.9366821368102178E+15   6.2709807089118981E-19
  1.9366861280630998E+15   5.7794472097032413E-19
  1.9366901193159820E+15   5.3942338793876488E-19
  1.9366941105688640E+15   5.0856850201921641E-19
  1.9366981018217462E+15   4.8325756472308579E-19
  1.9367020930746285E+15   4.6197801240438859E-19
  1.9367060843275105E+15   4.4365582604991912E-19
  1.9367100755803928E+15   4.2753042090663668E-19
  1.9367140668332748E+15   4.1305605288397307E-19
  1.9367180580861570E+15   3.9986347207796246E-19
  1.9367220493390392E+15   3.8768245997890014E-19
  1.9367260405919212E+15   3.7631978110115392E-19
  1.9367300318448035E+15   3.6563668194800957E-19
  1.9367340230976855E+15   3.5553233892137610E-19
  1.9367380143505678E+15   3.4593229878407019E-19
  1.9367420056034500E+15   3.3678044926206177E-19
  1.9367459968563320E+15   3.2803346903177466E-19
  1.9367499881092142E+15   3.1965700754518100E-19
  1.9367539793620965E+15   3.1162306422450690E-19
  1.9367579706149785E+15   3.0390819422548866E-19
  1.9367619618678608E+15   2.9649228055875532E-19
  1.9367659531207428E+15   2.8935769239796921E-19
  1.9367699443736250E+15   2.8248870539441632E-19
  1.9367739356265072E+15   2.7587109935431171E-19
  1.9367779268793892E+15   2.6949187542681945E-19
  1.9367819181322715E+15   2.6333905397888760E-19
  1.9367859093851535E+15   2.5740152696785679E-19
  1.9367899006380358E+15   2.5166894717291581E-19
