1.029948825199024	4.3538e-29	8.2473664e-12
1.0555704262613712	4.9730000000000005e-29	9.7110552e-12
1.0975871297490176	5.8402e-29	1.2680440499999997e-11
1.1414899667831202	7.059e-29	1.6560990600000002e-11
1.1715319907962696	7.853e-29	1.9823832e-11
1.1831339806524805	8.3576e-29	2.1105892500000003e-11
1.1922081626629246	8.7355e-29	2.2201140499999998e-11
1.2040013584972127	9.1809e-29	2.3846095e-11
1.2193302445362846	9.789400000000001e-29	2.6040315e-11
1.2392610371663675	1.06335e-28	2.91422355e-11
1.265171067585475	1.1827e-28	3.3889502500000006e-11
1.2914635099607372	1.30433e-28	3.9180939e-11
1.3120294953315512	1.41527e-28	4.3929479999999994e-11
1.329202384786317	1.5183000000000002e-28	4.8120057999999986e-11
1.3481965922017503	1.64085e-28	5.32217175e-11
1.3728880896080269	1.80786e-28	6.0687774e-11
1.398085148583457	1.97864e-28	6.942467e-11
1.4179576071863296	2.13288e-28	7.707724500000001e-11
1.4378171026720448	2.3116699999999997e-28	8.5262058e-11
1.4636299097124692	2.54926e-28	9.72466495e-11
1.4907843993787235	2.80364e-28	1.1160034199999999e-10
1.5134925398598602	3.04395e-28	1.2486179999999998e-10
1.536816428405991	3.3312000000000004e-28	1.39934592e-10
1.5671339186587432	3.7196e-28	1.6221501449999996e-10
1.598491699063407	4.126e-28	1.8923996000000001e-10
1.6241035777878858	4.5044e-28	2.1280896e-10
1.6503117599016224	4.9559e-28	2.3993046000000005e-10
1.6843820725715508	5.5638e-28	2.7973022e-10
1.7199172174803083	6.2076e-28	3.2855210500000004e-10
1.7490129339409402	6.8016e-28	3.71916125e-10
1.7784943031370153	7.5107e-28	4.2242899999999995e-10
1.8117803472188982	8.2882e-28	4.855557e-10
1.8419195946107307	9.0326e-28	5.48670885e-10
1.8682347224410192	9.763e-28	6.09907655e-10
1.8976772022856214	1.06602e-27	6.836470199999999e-10
1.9359572872525381	1.1868800000000001e-27	7.933256800000001e-10
1.9740947779307192	1.30086e-27	9.155887649999998e-10
2.002992806854695	1.3994300000000001e-27	1.0126947599999998e-09
2.0315019422639367	1.5124200000000001e-27	1.120243635e-09
2.0685634942180227	1.6569499999999998e-27	1.2761452199999998e-09
2.108263040513716	1.80501e-27	1.457004955e-09
2.1425861339682215	1.94353e-27	1.6290135749999998e-09
2.178390263558003	2.1105e-27	1.8165304499999999e-09
2.2249375764922923	2.32364e-27	2.10200445e-09
2.2724927717855987	2.52146e-27	2.4234052499999997e-09
2.310565446877991	2.6981399999999997e-27	2.7087739e-09
2.3492733147111147	2.90369e-27	3.0108540000000002e-09
2.3995896539590276	3.1551e-27	3.45511495e-09
2.4533963125016727	3.3941e-27	3.9704699999999994e-09
2.4961745991223383	3.5817e-27	4.414569249999999e-09
2.530134725296426	3.7557000000000005e-27	4.786614e-09
2.5681944372716603	3.9472e-27	5.245944899999999e-09
2.6176714146836075	4.173e-27	5.881837499999999e-09
2.670862325161258	4.3659e-27	6.624055199999999e-09
2.7170401892565503	4.5309e-27	7.312470900000001e-09
2.7652402996284566	4.7256e-27	8.0863965e-09
2.8279007671898633	4.9176e-27	9.1933604e-09
2.891390874249368	5.0043e-27	1.0405015249999999e-08
2.941295634527522	5.07e-27	1.14059162e-08
2.9915082688381727	5.1557e-27	1.2490163699999999e-08
3.056787286065451	5.1828e-27	1.4007948499999999e-08
3.126097832728797	5.0826e-27	1.57723503e-08
3.1854559461942604	4.9623999999999994e-27	1.7358507249999996e-08
3.2474228869877257	4.8663e-27	1.9182201500000002e-08
3.327988660123313	4.6514e-27	2.1606794999999997e-08
3.411276687862033	4.2930999999999995e-27	2.43799745e-08
3.478782120461159	4.0065e-27	2.68055235e-08
3.5472273790542244	3.8131999999999995e-27	2.9388240000000002e-08
3.6362191783423663	3.54e-27	3.29923125e-08
3.729845292014414	3.1827e-27	3.71191905e-08
3.80814251964739	2.9406e-27	4.0721498999999995e-08
3.888449030439821	2.775e-27	4.464218499999999e-08
3.9782510245503246	2.5727e-27	4.9422135e-08
4.056353805425934	2.4141e-27	5.368146e-08
4.121266614593504	2.3208e-27	5.7417905999999995e-08
4.193017468061803	2.2462e-27	6.1818008e-08
4.286287096012012	2.15898e-27	6.771724050000001e-08
4.384320669517703	2.0639999999999997e-27	7.429968e-08
4.466701279055379	2.01142e-27	8.020491499999999e-08
4.5519985899535556	1.9825399999999997e-27	8.6386608e-08
4.662865649445447	1.94932e-27	9.506793799999999e-08
4.778367023321244	1.91408e-27	1.0475945199999998e-07
4.8744885370461635	1.89915e-27	1.13095136e-07
4.97407768461079	1.8989e-27	1.22011176e-07
5.103579225016985	1.90303e-27	1.3453694799999998e-07
5.238298420079189	1.90808e-27	1.482353635e-07
5.349943266600547	1.91899e-27	1.6007969249999998e-07
5.465152970340294	1.9398e-27	1.7328874499999999e-07
5.614941789098412	1.96456e-27	1.8947613999999997e-07
5.770045485891219	1.99132e-27	2.0901562500000004e-07
5.898639608096372	2.01804e-27	2.2520767499999997e-07
6.032386569371742	2.04656e-27	2.4280676e-07
6.206286786043326	2.0818799999999997e-27	2.6672709e-07
6.384108345655138	2.11773e-27	2.922801e-07
6.5161052861142075	2.14738e-27	3.1144743e-07
6.636791906853114	2.17212e-27	3.28692e-07
6.793710440048011	2.20014e-27	3.5371728e-07
6.958406843537574	2.22957e-27	3.8041444000000007e-07
7.098440916634464	2.25506e-27	4.0550023500000003e-07
7.245701927546817	2.27769e-27	4.3012812500000003e-07
7.437167167967189	2.3030899999999998e-27	4.6379774e-07
7.633817655250673	2.32873e-27	5.00829735e-07
7.791838053403981	2.34961e-27	5.315777249999999e-07
7.95177051133806	2.36553e-27	5.6323344e-07
8.159698910548812	2.3818599999999997e-27	6.067425000000001e-07
8.377317239835	2.39794e-27	6.5348556e-07
8.55847680211494	2.41108e-27	6.9247143e-07
8.74495124242957	2.41848e-27	7.3523079e-07
8.987361533280007	2.42327e-27	7.93858065e-07
9.237614510010902	2.42723e-27	8.557208099999998e-07
9.441913236417474	2.4309699999999998e-27	9.1009023e-07
9.65126757851558	2.42753e-27	9.660656249999999e-07
9.923460631036013	2.41822e-27	1.0445820000000003e-06
10.198862055052993	2.40964e-27	1.1267256e-06
10.422929535125178	2.4040199999999998e-27	1.19815241e-06
10.658631412846466	2.38874e-27	1.276592835e-06
10.965047094663431	2.36692e-27	1.3837306e-06
11.25778668787894	2.35269e-27	1.495208295e-06
11.46869660403598	2.3389e-27	1.5807938999999999e-06
11.678990772128024	2.32241e-27	1.6623152e-06
11.952350505192657	2.3133899999999997e-27	1.7849254499999998e-06
12.224057440819672	2.30719e-27	1.92345335e-06
12.445759152010561	2.30231e-27	2.0324024e-06
12.653493104463946	2.30708e-27	2.14037145e-06
12.89091259520864	2.28962e-27	2.2881480999999997e-06
13.14294800054873	2.31874e-27	2.4362702e-06
13.357844075231785	2.3399e-27	2.584701e-06
13.546684284427707	2.3593e-27	2.7180545e-06
13.75798309409948	2.39634e-27	2.8758639e-06
13.98464319760322	2.44536e-27	3.0619512e-06
14.178052905597259	2.4978799999999996e-27	3.2350143e-06
14.340091870069475	2.5665e-27	3.3804119999999998e-06
14.514640242598949	2.6061e-27	3.5632897999999997e-06
14.704873986889334	2.7215e-27	3.75988025e-06
14.86879260334943	2.8170800000000004e-27	3.9584062e-06
15.0048729257132	2.92134e-27	4.12941375e-06
15.151518188560557	3.0049e-27	4.3234464e-06
15.310348781536224	3.162e-27	4.5306968e-06
15.446429103899993	3.2792e-27	4.7407499999999995e-06
15.558786921865028	3.4331e-27	4.9231623e-06
15.678922610124733	3.5367000000000004e-27	5.1157323e-06
15.808683412874085	3.6675e-27	5.335512e-06
15.918837500922297	3.8485e-27	5.52980925e-06
16.009352466476482	3.9314e-27	5.7117241999999996e-06
16.106381398402444	4.0346e-27	5.889839199999999e-06
16.211771540895175	4.1226e-27	6.094277e-06
16.30231891424225	4.1957000000000004e-27	6.2752242e-06
16.377537401550253	4.2215e-27	6.428554999999999e-06
16.45855688378636	4.1959e-27	6.579029099999999e-06
16.54809961555371	4.1406e-27	6.7424e-06
16.6280820484172	4.0521e-27	6.8941824e-06
16.69724027845394	3.9329e-27	7.0198821e-06
16.77300969824115	3.7484e-27	7.1413286e-06
16.85733477535249	3.5164999999999996e-27	7.263613e-06
16.93478940037021	3.272e-27	7.3734269e-06
17.00550320446589	3.0238e-27	7.4575305e-06
17.085420821743586	2.7224800000000002e-27	7.537241249999999e-06
17.172792231387007	2.4029199999999998e-27	7.604692199999999e-06
17.252353362942866	2.1233999999999998e-27	7.6599936e-06
17.33823401411314	1.8322e-27	7.698977999999998e-06
17.434517566802533	1.54594e-27	7.723088449999998e-06
17.527365893445115	1.30529e-27	7.73525025e-06
17.625885583844223	1.08494e-27	7.7326802e-06
17.739118412217408	8.7887e-28	7.7140161e-06
17.84975861715904	7.2372e-28	7.671949599999999e-06
17.951454271261802	6.022100000000001e-28	7.64310085e-06
18.06475191522078	4.9397e-28	7.585297999999999e-06
18.200508159655605	3.9359e-28	7.5104064e-06
18.35049142517109	3.1126e-28	7.4228287e-06
18.5067293947152	2.47656e-28	7.321298249999998e-06
18.672884148885014	1.97027e-28	7.218898050000001e-06
18.85530761508784	1.5685199999999999e-28	7.101452400000001e-06
19.059541525908624	1.24074e-28	6.9678784e-06
19.28847017491497	9.794400000000001e-29	6.8057766e-06
19.54342228161556	7.7493e-29	6.643665e-06
19.830134025352702	6.102099999999999e-29	6.4526336e-06
20.151716554244267	4.8615e-29	6.2447854e-06
20.521100577655137	3.8865000000000004e-29	6.0096344e-06
20.965152155894803	3.0977e-29	5.7413447e-06
21.433606802183988	2.54366e-29	5.4716486999999995e-06
21.866283245117703	2.19194e-29	5.23317305e-06
22.345011161754424	1.8928399999999998e-29	4.9726767999999995e-06
22.967338008706427	1.62119e-29	4.6676322e-06
23.61870223809185	1.43081e-29	4.3560902e-06
24.161176283351942	1.33686e-29	4.129386799999999e-06
24.71982181726636	1.27043e-29	3.88400705e-06
25.446015640445054	1.23646e-29	3.59643585e-06
26.191621731567515	1.25996e-29	3.31632e-06
26.76945267887545	1.36695e-29	3.1197809999999994e-06
27.235800818626494	1.46629e-29	2.9514856000000003e-06
27.75020971524	1.60582e-29	2.7667017e-06
28.316633119449083	1.84662e-29	2.5778654999999997e-06
28.832597590121523	2.10626e-29	2.3952768e-06
29.28270942563245	2.3954500000000003e-29	2.2293236e-06
29.687126273162214	2.67427e-29	2.06731e-06
30.070089161795853	2.9530999999999996e-29	1.9187322e-06
30.43159809153337	3.2542999999999997e-29	1.7526025999999999e-06
30.753537106146773	3.4769e-29	1.6002714000000002e-06
30.957155268902564	3.6218e-29	1.495725e-06
31.0385960524463	3.6804e-29	1.4535359999999999e-06
31.099846781016797	3.7054e-29	1.4215267499999997e-06
31.179505135951338	3.7309e-29	1.37851455e-06
31.28308044204198	3.7533e-29	1.3152531e-06
31.417702413725504	3.7657000000000003e-29	1.2413268e-06
31.546004865794604	3.7820000000000004e-29	1.1586834e-06
31.63010308835569	3.7933e-29	1.1073804e-06
31.690511214310927	3.7836e-29	1.0661640499999999e-06
31.756201810507964	3.7902e-29	1.02479335e-06
31.841563936991932	3.6933e-29	9.731253e-07
31.932014086960326	3.6458e-29	9.129596700000001e-07
32.00493162097282	3.555e-29	8.623291949999999e-07
32.061969336467044	3.5128e-29	8.23891145e-07
32.122377462422286	3.4491e-29	7.831628349999999e-07
32.20090154460552	3.3105e-29	7.295512e-07
32.27887469430955	3.2435e-29	6.754733299999998e-07
32.33451887470932	3.1122e-29	6.344703749999999e-07
32.37626011195736	3.0238e-29	6.045081e-07
32.421404167459315	2.94211e-29	5.744465999999999e-07
32.480386350527205	2.76664e-29	5.3351984e-07
32.54196115702665	2.63076e-29	4.907345100000001e-07
32.59057284636831	2.47428e-29	4.5610915e-07
32.629138119912696	2.35444e-29	4.303375999999999e-07
32.669971938959705	2.23058e-29	4.0352578e-07
32.72344479723553	2.05913e-29	3.6895824e-07
32.7778898892982	1.9042e-29	3.3348420000000003e-07
32.81904778627414	1.7553900000000002e-29	3.0595060999999995e-07
32.85145557916858	1.6426300000000002e-29	2.8631925e-07
32.88645599549458	1.52055e-29	2.6566722e-07
32.93215098347575	1.35945e-29	2.3915136000000003e-07
32.98043859488847	1.1893200000000001e-29	2.1074606000000003e-07
33.01965202429074	1.05795e-29	1.8831386e-07
33.051087583398356	9.5421e-30	1.7168203499999998e-07
33.08543984386647	8.405700000000001e-30	1.5410598e-07
33.1301625980608	7.081e-30	1.3361711999999998e-07
33.17488535225513	5.7780999999999994e-30	1.1223057999999999e-07
33.20632091136274	4.8757e-30	9.766851499999999e-08
33.229330444317796	4.2785000000000005e-30	8.766381749999998e-08
33.253960366917575	3.713e-30	7.8248835e-08
33.28572000395413	3.0322e-30	6.670223e-08
33.318451874777516	2.38105e-30	5.4994170000000004e-08
33.342433641519406	1.92093e-30	4.667308799999999e-08
33.359933849682406	1.65606e-30	4.1455225000000005e-08
33.37775813577435	1.3846e-30	3.6529156999999996e-08
33.40109174665835	1.09006e-30	3.05301115e-08
33.42539759132918	8.2248e-31	2.4648960000000002e-08
33.44387003327901	6.3637e-31	2.0407225999999998e-08
33.45748130629468	5.265900000000001e-31	1.7803660000000003e-08
33.471416657239295	4.272600000000001e-31	1.5389920000000002e-08
33.48956502126018	3.2123e-31	1.25972875e-08
33.5086856190679	2.2966199999999998e-31	9.803577000000002e-09
33.523593203799344	1.68231e-31	7.946560299999999e-09
33.53461185338346	1.34679e-31	6.793492299999999e-09
33.545954580896506	1.03637e-31	5.752796000000001e-09
33.56086216562795	7.3616e-32	4.57993935e-09
33.57609382828834	4.9314e-32	3.5228696999999993e-09
33.588408789588236	3.4598e-32	2.8310117500000003e-09
33.59748297159867	2.60685e-32	2.38956585e-09
33.60688123153807	1.96399e-32	2.0339704000000003e-09
33.61757580319323	1.39874e-32	1.6689644999999998e-09
33.627946296919454	9.9088e-33	1.3808592e-09
33.63572416721412	7.5151e-33	1.1986625e-09
33.64188164786406	6.0242000000000004e-33	1.08331405e-09
33.64771505058506	4.8399e-33	9.778587e-10
33.65484476502184	3.7526e-33	8.7505572e-10
33.66035408981389	3.0862e-33	7.993389600000001e-10
33.6632707911744	2.74236e-33	7.657935600000001e-10
33.66586341460595	2.48689e-33	7.3972654e-10
33.6691041938954	2.19e-33	7.06189715e-10
33.673317206971674	1.89147e-33	6.688201099999999e-10
33.67720614211901	1.63213e-33	6.3320495e-10
33.680446921408446	1.4648400000000001e-33	6.0829825e-10
33.68336362276895	1.30515e-33	5.881813e-10
33.6866044020584	1.16509e-33	5.671064e-10
33.690169259276786	1.02321e-33	5.4397644e-10
33.69373411649517	9.2437e-34	5.248223399999999e-10
33.69665081785568	8.3132e-34	5.0949906e-10
33.699567519216174	7.5264999999999994e-34	4.9609119e-10
33.702808298505616	6.8256e-34	4.825598399999998e-10
33.70604907779506	6.197099999999999e-34	4.691553999999999e-10
33.70896577915556	5.682200000000001e-34	4.5766587999999993e-10
33.71188248051606	5.2673e-34	4.4904873999999993e-10
33.714799181876565	4.9250000000000004e-34	4.404315999999999e-10
33.71771588323706	4.5719e-34	4.3074675e-10
33.720956662526504	4.2855e-34	4.22131815e-10
33.72387336388701	4.0651e-34	4.1543131e-10
33.72646598731856	3.8881e-34	4.0968801999999993e-10
33.72938268867906	3.7298e-34	4.0384134e-10
33.7326234679685	3.5853e-34	3.9809952e-10
33.735540169329006	3.4794e-34	3.9331467e-10
33.73813279276056	3.4054e-34	3.8948679e-10
33.74072541619211	3.3438e-34	3.8565890999999994e-10
33.74364211755262	3.2923e-34	3.8269000000000005e-10
33.746558818913115	3.2526e-34	3.7886310000000003e-10
33.74915144234467	3.2269000000000004e-34	3.75992925e-10
33.75174406577622	3.2157000000000003e-34	3.7407947500000005e-10
33.75433668920778	3.2061e-34	3.7207071999999994e-10
33.75725339056828	3.2007e-34	3.7015775999999994e-10
33.75984601399984	3.2017e-34	3.6824479999999994e-10
33.762438637431394	3.2083000000000003e-34	3.6633184e-10
33.764707182934	3.2187e-34	3.6537535999999994e-10
33.76729980636556	3.2309e-34	3.64325535e-10
33.76989242979712	3.2450999999999996e-34	3.64325535e-10
33.77248505322867	3.2622000000000003e-34	3.6336930000000004e-10
33.77507767666023	3.2823e-34	3.62413065e-10
33.777670300091785	3.304e-34	3.62413065e-10
33.779938845594394	3.3274e-34	3.6232021e-10
33.782531469025955	3.353e-34	3.6232021e-10
33.78512409245751	3.3805e-34	3.6232021e-10
33.78739263796012	3.4097e-34	3.6232021e-10
33.78966118346273	3.44e-34	3.6232021e-10
33.791929728965336	3.4711000000000003e-34	3.632762e-10
33.79419827446795	3.503e-34	3.6318310000000004e-10
33.79646681997056	3.5363000000000003e-34	3.64138845e-10
33.79873536547317	3.5701e-34	3.64138845e-10
33.800679833046836	3.6039999999999997e-34	3.6509459000000005e-10
33.802948378549445	3.6400999999999998e-34	3.660503350000001e-10
33.80489284612311	3.6764e-34	3.660503350000001e-10
33.807161391625726	3.7143e-34	3.6691199999999994e-10
33.8091058591994	3.7504000000000003e-34	3.6786749999999997e-10
33.81105032677306	3.7876e-34	3.68823e-10
33.81331887227567	3.8265e-34	3.697785e-10
33.814939261920394	3.8661e-34	3.70734e-10
33.816559651565115	3.9006e-34	3.7168949999999993e-10
33.818180041209835	3.9341999999999995e-34	3.7168949999999993e-10
33.81947635292561	3.9663e-34	3.7254944999999995e-10
33.820772664641396	3.9984e-34	3.7350470499999997e-10
33.82206897635717	4.0302e-34	3.7445995999999994e-10
33.82336528807295	4.0524e-34	3.7541521499999997e-10
33.82498567771767	4.0812e-34	3.7637047e-10
33.8266060673624	4.116e-34	3.7637047e-10
33.82822645700712	4.1510000000000005e-34	3.7732572499999996e-10
33.82984684665184	4.1889000000000005e-34	3.7828098e-10
33.83114315836762	4.221e-34	3.79236235e-10
33.83243947008339	4.2479e-34	3.8009397999999997e-10
33.834059859728114	4.2798e-34	3.8104899000000004e-10
33.83568024937284	4.3167e-34	3.8200400000000006e-10
33.83697656108861	4.3485e-34	3.8200400000000006e-10
33.838272872804396	4.369199999999999e-34	3.8295901e-10
33.84021734037806	4.3998e-34	3.8391402000000004e-10
33.842161807951726	4.4348e-34	3.8486903e-10
33.84410627552539	4.4647e-34	3.8572506e-10
33.846050743099056	4.4912e-34	3.86679825e-10
33.84799521067272	4.5257e-34	3.86679825e-10
33.85058783410428	4.5578000000000005e-34	3.8763458999999996e-10
33.853180457535835	4.5931999999999995e-34	3.88589355e-10
33.855773080967396	4.6256e-34	3.8944416e-10
33.85868978232789	4.6616e-34	3.9039868e-10
33.862254639546286	4.6962e-34	3.913532e-10
33.86581949676467	4.7326e-34	3.9230772e-10
33.869708431912	4.765599999999999e-34	3.9316129999999996e-10
33.873921444988284	4.8e-34	3.9411557499999996e-10
33.8784585359935	4.8313e-34	3.9506984999999996e-10
33.88364378285661	4.8632e-34	3.9496842e-10
33.88882902971972	4.8927e-34	3.9592245e-10
33.89498651036967	4.9217e-34	3.958207749999999e-10
33.90146806894856	4.946500000000001e-34	3.9677455999999996e-10
33.90924593924322	4.9749e-34	3.9762618e-10
33.917671965395776	4.9957e-34	3.97524015e-10
33.92609799154834	5.0036e-34	3.97524015e-10
33.935820329416664	5.0208e-34	3.9742185e-10
33.948783446574446	5.0344e-34	3.9731968499999997e-10
33.96563549887956	5.0507e-34	3.9806767e-10
33.983783862900445	5.0587e-34	3.9701319e-10
34.003876694495	5.0519e-34	3.9585728e-10
34.029802928810554	5.0577e-34	3.9565344e-10
34.06350703342078	5.0606e-34	3.94397325e-10
34.107257553828276	5.0538e-34	3.9304125e-10
34.15457293145416	5.0356e-34	3.9083968e-10
34.20642540008527	5.010799999999999e-34	3.8844015e-10
34.27350953137677	4.9834e-34	3.8594556e-10
34.34642706538927	4.9476e-34	3.8261159999999993e-10
34.42582615798066	4.9044e-34	3.7908801000000006e-10
34.512030887079874	4.8568000000000005e-34	3.75672465e-10
34.60633756440271	4.8062e-34	3.71132125e-10
34.70809803409126	4.7514e-34	3.6670326000000003e-10
34.81958084164815	4.6749e-34	3.6106826e-10
34.93981375328653	4.589e-34	3.546179e-10
35.071713470366916	4.4869e-34	3.4698884499999993e-10
35.213983681173524	4.385800000000001e-34	3.3958029000000003e-10
35.3436148527513	4.2934e-34	3.332196e-10
35.461579218887074	4.2132e-34	3.2688537e-10
35.5908863125359	4.1196e-34	3.2040708e-10
35.73023982198201	4.032e-34	3.1404491999999993e-10
35.85727837012823	3.9502e-34	3.0871053499999997e-10
35.99630780164539	3.8594000000000005e-34	3.0232216e-10
36.14635588274667	3.7696e-34	2.9505546e-10
36.283116768761225	3.6888000000000002e-34	2.8979874e-10
36.43284077193355	3.6009000000000003e-34	2.83351075e-10
36.59455565847683	3.5095999999999996e-34	2.7701684500000005e-10
36.7416870382176	3.4281000000000003e-34	2.70865385e-10
36.87553122287165	3.3570999999999997e-34	2.6571328000000004e-10
37.02201444675453	3.2763999999999998e-34	2.60298045e-10
37.18048855400836	3.1973e-34	2.54163e-10
37.32470323238864	3.1262e-34	2.4901799999999997e-10
37.48252918378458	3.047e-34	2.4376275e-10
37.65299417440936	2.9684e-34	2.385369e-10
37.80822750237374	2.9008e-34	2.3347029999999996e-10
37.978044337140624	2.8212e-34	2.2817339999999995e-10
38.16147244492318	2.7424e-34	2.2209887e-10
38.3286966562585	2.6728e-34	2.1705578999999998e-10
38.48068920493344	2.6139000000000002e-34	2.12908675e-10
38.64726526041088	2.5445e-34	2.077992e-10
38.82680443304611	2.47568e-34	2.0364204e-10
38.990463787163044	2.41689e-34	1.9870504499999998e-10
39.16967888186932	2.3503e-34	1.9448565499999997e-10
39.36347748337809	2.28133e-34	1.8949476000000002e-10
39.53945179879492	2.2252799999999997e-34	1.8543952000000002e-10
39.7326022444458	2.1594200000000003e-34	1.8045573e-10
39.94098435275708	2.09248e-34	1.7635001999999998e-10
40.13056994118957	2.03589e-34	1.7232197500000001e-10
40.33830389364295	1.97255e-34	1.67335e-10
40.56256582047251	1.90727e-34	1.6326799999999998e-10
40.7667349157075	1.85263e-34	1.5932447999999997e-10
40.99034868667916	1.79122e-34	1.5439655e-10
41.23178674374277	1.72811e-34	1.5042142500000002e-10
41.4515115795671	1.6741499999999999e-34	1.46519555e-10
41.65146766172581	1.6283900000000003e-34	1.4268799999999998e-10
41.87054434169225	1.57684e-34	1.3956768e-10
42.10712122982169	1.52351e-34	1.3566336e-10
42.36638357297724	1.4692200000000001e-34	1.3166986e-10
42.64638690358524	1.41079e-34	1.2699329999999998e-10
42.90078807780662	1.36161e-34	1.231909e-10
43.179819174627774	1.3103999999999999e-34	1.1927188e-10
43.4812116485461	1.25582e-34	1.1546408999999999e-10
43.755381576433095	1.2097399999999998e-34	1.1250792e-10
44.05580181656458	1.16177e-34	1.0862809999999998e-10
44.38020382343797	1.11045e-34	1.0485803999999999e-10
44.6751147387774	1.0682e-34	1.0195846499999999e-10
44.998544511863955	1.02322e-34	9.819673499999999e-11
45.347900519266055	9.753400000000002e-35	9.450875e-11
45.665496889631605	9.3574e-35	9.170252e-11
46.01355658531793	8.950899999999999e-35	8.800204e-11
46.38948698289347	8.5117e-35	8.514485e-11
46.73138919792985	8.1499e-35	8.237488000000001e-11
47.10634736171856	7.7793e-35	7.9500785e-11
47.51079661704122	7.3795e-35	7.599165e-11
47.87927322225105	7.0513e-35	7.332066e-11
48.28275024378687	6.718e-35	7.065172799999999e-11
48.718310980288194	6.3554e-35	6.778463999999999e-11
49.11465828738724	6.061e-35	6.53981685e-11
49.54892271217279	5.761e-35	6.2745284e-11
50.017863475355384	5.4346e-35	6.0127704e-11
50.444674107775214	5.1719e-35	5.7929392499999996e-11
50.91231855924203	4.9027e-35	5.557060600000001e-11
51.41690789460852	4.6140999999999997e-35	5.3154097499999996e-11
51.87645039785172	4.3815000000000003e-35	5.111498700000001e-11
52.37974342150243	4.1454e-35	4.89565125e-11
52.92322210834225	3.8918e-35	4.67579315e-11
53.417765027911464	3.6886e-35	4.4903061e-11
53.95962332510657	3.4833e-35	4.29756215e-11
54.54458398685127	3.2623e-35	4.1050926e-11
55.07704402410698	3.0855000000000004e-35	3.9329556000000004e-11
55.66038429620697	2.9074e-35	3.75913055e-11
56.4190507278659	2.686e-35	3.543876e-11
57.31933921447354	2.44564e-35	3.312008e-11
58.28347105308324	2.21992e-35	3.09094695e-11
59.29589050310566	2.0111900000000003e-35	2.8748643e-11
60.3559494086829	1.81717e-35	2.6739030499999996e-11
61.46526815945971	1.6385499999999999e-35	2.4833836999999998e-11
62.63292093744653	1.4728100000000001e-35	2.2978010999999997e-11
63.85696327506966	1.32041e-35	2.1266783999999996e-11
65.14906197777113	1.18038e-35	1.9645079999999998e-11
66.51440229241403	1.05107e-35	1.8120935e-11
67.95914169964833	9.3308e-36	1.6644074999999997e-11
69.4933266152713	8.2477e-36	1.5291920000000003e-11
71.12570714336442	7.262299999999999e-36	1.3985874000000001e-11
72.87021863487233	6.3629e-36	1.2762980999999998e-11
74.74241683038434	5.5466e-36	1.16141515e-11
76.7572093146319	4.8063e-36	1.0544506e-11
78.94538349086473	4.1381e-36	9.53883e-12
81.21101229211529	3.5529999999999995e-36	8.618218e-12
83.33793573977762	3.0987e-36	7.8917685e-12
85.25258814398136	2.7559e-36	7.311829e-12
86.97538641424998	2.4852200000000002e-36	6.817124999999998e-12
88.52609930424912	2.26921e-36	6.427427999999999e-12
89.92190294421279	2.09394e-36	6.1090015e-12
91.17802899680143	1.9508e-36	5.842882499999999e-12
92.30841281295963	1.8317900000000002e-36	5.6013614999999995e-12
93.35097151037387	1.72989e-36	5.402838e-12
94.3656595058989	1.6370299999999997e-36	5.212375e-12
95.38034750142394	1.54999e-36	5.0252930000000004e-12
96.39471141902003	1.4682600000000001e-36	4.868639999999999e-12
97.40939941454506	1.39268e-36	4.692093e-12
98.42408741007007	1.32057e-36	4.54475e-12
99.43845132766619	1.25451e-36	4.4038014999999995e-12
100.45313932319121	1.19149e-36	4.264911e-12
101.46782731871625	1.13347e-36	4.1297347e-12
102.22876229587777	1.08678e-36	4.03953795e-12
