1.029948825199024	8.1787e-28	1.8183879999999998e-07
1.0555704262613712	8.3871e-28	1.9217919999999997e-07
1.0975871297490176	8.6055e-28	2.1077809999999998e-07
1.1414899667831202	8.9458e-28	2.315646e-07
1.1715319907962696	9.1691e-28	2.4723600000000003e-07
1.1831339806524805	9.3795e-28	2.5319580000000003e-07
1.1922081626629246	9.4839e-28	2.5762160000000003e-07
1.2040013584972127	9.5705e-28	2.642911e-07
1.2193302445362846	9.6837e-28	2.72454e-07
1.2392610371663675	9.8318e-28	2.835299e-07
1.265171067585475	1.0026e-27	2.9908000000000005e-07
1.2914635099607372	1.0221e-27	3.1536060000000005e-07
1.3120294953315512	1.0422e-27	3.28724e-07
1.329202384786317	1.0596e-27	3.39794e-07
1.3481965922017503	1.0764e-27	3.52348e-07
1.3728880896080269	1.0961e-27	3.700656e-07
1.398085148583457	1.1163e-27	3.885097e-07
1.4179576071863296	1.1364e-27	4.033155e-07
1.4378171026720448	1.1561e-27	4.188024e-07
1.4636299097124692	1.1772e-27	4.3937299999999997e-07
1.4907843993787235	1.1991e-27	4.6295459999999996e-07
1.5134925398598602	1.221e-27	4.82112e-07
1.536816428405991	1.2431e-27	5.034849000000001e-07
1.5671339186587432	1.2668e-27	5.313165e-07
1.598491699063407	1.2898e-27	5.622239e-07
1.6241035777878858	1.312e-27	5.879808e-07
1.6503117599016224	1.334e-27	6.157770000000001e-07
1.6843820725715508	1.356e-27	6.531734e-07
1.7199172174803083	1.3751e-27	6.934824e-07
1.7490129339409402	1.3924e-27	7.279115000000002e-07
1.7784943031370153	1.4101e-27	7.622e-07
1.8117803472188982	1.4211e-27	8.060550000000001e-07
1.8419195946107307	1.4291e-27	8.425740000000001e-07
1.8682347224410192	1.4367e-27	8.790530000000002e-07
1.8976772022856214	1.4443e-27	9.2275e-07
1.9359572872525381	1.4569e-27	9.736320000000001e-07
1.9740947779307192	1.4576e-27	1.0319399999999999e-06
2.002992806854695	1.4632e-27	1.0757279999999999e-06
2.0315019422639367	1.4727e-27	1.1191760000000002e-06
2.0685634942180227	1.4813e-27	1.17712e-06
2.108263040513716	1.4868e-27	1.2496700000000003e-06
2.1425861339682215	1.4939e-27	1.3004189999999998e-06
2.178390263558003	1.5053e-27	1.365426e-06
2.2249375764922923	1.5167e-27	1.4519340000000001e-06
2.2724927717855987	1.5235e-27	1.53867e-06
2.310565446877991	1.532e-27	1.61084e-06
2.3492733147111147	1.5441e-27	1.6824500000000003e-06
2.3995896539590276	1.5566e-27	1.782908e-06
2.4533963125016727	1.5671e-27	1.8907000000000002e-06
2.4961745991223383	1.5752e-27	1.9842400000000003e-06
2.530134725296426	1.5849e-27	2.0557800000000006e-06
2.5681944372716603	1.596e-27	2.1339190000000003e-06
2.6176714146836075	1.6089e-27	2.247975e-06
2.670862325161258	1.6199e-27	2.369368e-06
2.7170401892565503	1.6306e-27	2.4763420000000002e-06
2.7652402996284566	1.6448e-27	2.589678e-06
2.8279007671898633	1.6617e-27	2.745476e-06
2.891390874249368	1.6755e-27	2.9012349999999998e-06
2.941295634527522	1.6882e-27	3.028951e-06
2.9915082688381727	1.7033e-27	3.162798e-06
3.056787286065451	1.7203e-27	3.33823e-06
3.126097832728797	1.7359e-27	3.5284900000000003e-06
3.1854559461942604	1.7501e-27	3.690009e-06
3.2474228869877257	1.7669e-27	3.871637000000001e-06
3.327988660123313	1.7868e-27	4.10841e-06
3.411276687862033	1.8045e-27	4.359831e-06
3.478782120461159	1.82e-27	4.569489000000001e-06
3.5472273790542244	1.8372e-27	4.783800000000001e-06
3.6362191783423663	1.8576e-27	5.080124999999999e-06
3.729845292014414	1.8768e-27	5.391654e-06
3.80814251964739	1.8936e-27	5.653988e-06
3.888449030439821	1.9119e-27	5.941420000000001e-06
3.9782510245503246	1.9298e-27	6.26403e-06
4.056353805425934	1.9448e-27	6.544968000000001e-06
4.121266614593504	1.9578e-27	6.7836990000000006e-06
4.193017468061803	1.9725e-27	7.048000000000001e-06
4.286287096012012	1.9901e-27	7.454980000000001e-06
4.384320669517703	2.007e-27	7.792200000000001e-06
4.466701279055379	2.0213e-27	8.1316e-06
4.5519985899535556	2.0369e-27	8.465159999999999e-06
4.662865649445447	2.0555e-27	8.933120000000002e-06
4.778367023321244	2.0736e-27	9.47104e-06
4.8744885370461635	2.0886e-27	9.87184e-06
4.97407768461079	2.1039e-27	1.0334640000000002e-05
5.103579225016985	2.122e-27	1.092728e-05
5.238298420079189	2.1402e-27	1.152133e-05
5.349943266600547	2.1567e-27	1.2048749999999999e-05
5.465152970340294	2.1695e-27	1.263528e-05
5.614941789098412	2.1864e-27	1.33458e-05
5.770045485891219	2.2039e-27	1.412775e-05
5.898639608096372	2.2182e-27	1.477553e-05
6.032386569371742	2.2312e-27	1.5544519999999998e-05
6.206286786043326	2.2465e-27	1.6499280000000002e-05
6.384108345655138	2.2631e-27	1.74566e-05
6.5161052861142075	2.2755e-27	1.8160200000000003e-05
6.636791906853114	2.2846e-27	1.884948e-05
6.793710440048011	2.2961e-27	1.978464e-05
6.958406843537574	2.3091e-27	2.079168e-05
7.098440916634464	2.3196e-27	2.160275e-05
7.245701927546817	2.3286e-27	2.259125e-05
7.437167167967189	2.3393e-27	2.3811560000000005e-05
7.633817655250673	2.3524e-27	2.510886e-05
7.791838053403981	2.3625e-27	2.6154449999999998e-05
7.95177051133806	2.3697e-27	2.7299580000000004e-05
8.159698910548812	2.3785e-27	2.8860000000000005e-05
8.377317239835	2.3901e-27	3.0427800000000004e-05
8.55847680211494	2.3993e-27	3.187782e-05
8.74495124242957	2.4052e-27	3.34152e-05
8.987361533280007	2.4124e-27	3.547005e-05
9.237614510010902	2.4232e-27	3.772666e-05
9.441913236417474	2.4314e-27	3.961875000000001e-05
9.65126757851558	2.4356e-27	4.170249e-05
9.923460631036013	2.4406e-27	4.4642400000000005e-05
10.198862055052993	2.4504e-27	4.77984e-05
10.422929535125178	2.4564e-27	5.0519820000000005e-05
10.658631412846466	2.459e-27	5.371289e-05
10.965047094663431	2.4612e-27	5.819772000000001e-05
11.25778668787894	2.47e-27	6.29227e-05
11.46869660403598	2.4756e-27	6.6957e-05
11.678990772128024	2.475e-27	7.087860000000001e-05
11.952350505192657	2.4717e-27	7.70688e-05
12.224057440819672	2.4734e-27	8.3902e-05
12.445759152010561	2.4728e-27	9.01168e-05
12.653493104463946	2.4686e-27	9.62766e-05
12.89091259520864	2.4653e-27	0.0001052158
13.14294800054873	2.4562e-27	0.0001153264
13.357844075231785	2.4491e-27	0.00012601150000000002
13.546684284427707	2.4416e-27	0.00013663260000000002
13.75798309409948	2.4268e-27	0.0001499238
13.98464319760322	2.4118e-27	0.0001672154
14.178052905597259	2.3974e-27	0.0001850886
14.340091870069475	2.3806e-27	0.00020236480000000004
14.514640242598949	2.3637e-27	0.00022388660000000003
14.704873986889334	2.3353e-27	0.00025216100000000004
14.86879260334943	2.3117e-27	0.0002833122
15.0048729257132	2.287e-27	0.00031326
15.151518188560557	2.2596e-27	0.000350672
15.310348781536224	2.2204e-27	0.000400298
15.446429103899993	2.1869e-27	0.00045450000000000004
15.558786921865028	2.1494e-27	0.0005074152
15.678922610124733	2.1102e-27	0.000570996
15.808683412874085	2.0615e-27	0.000658912
15.918837500922297	2.0065e-27	0.0007523550000000001
16.009352466476482	1.9614e-27	0.000845728
16.106381398402444	1.9048e-27	0.000954944
16.211771540895175	1.8366e-27	0.00110246
16.30231891424225	1.7671e-27	0.0012502320000000002
16.377537401550253	1.7027e-27	0.0013920480000000001
16.45855688378636	1.6299e-27	0.001560462
16.54809961555371	1.5406e-27	0.0017722880000000001
16.6280820484172	1.4522e-27	0.001984056
16.69724027845394	1.3716e-27	0.0021846220000000006
16.77300969824115	1.2819e-27	0.002405281
16.85733477535249	1.1777e-27	0.00266389
16.93478940037021	1.0804e-27	0.0029112460000000006
17.00550320446589	9.9353e-28	0.0031257150000000003
17.085420821743586	9.0053e-28	0.003359565
17.172792231387007	8.0353e-28	0.003604068
17.252353362942866	7.2234e-28	0.0038050280000000002
17.33823401411314	6.4413e-28	0.003993066
17.434517566802533	5.6625e-28	0.004179611000000001
17.527365893445115	5.0144e-28	0.004328394
17.625885583844223	4.426e-28	0.004464994
17.739118412217408	3.8554e-28	0.004588542
17.84975861715904	3.3936e-28	0.0046863880000000005
17.951454271261802	3.0388e-28	0.004757039000000001
18.06475191522078	2.6999e-28	0.004820214
18.200508159655605	2.3602e-28	0.004880274
18.35049142517109	2.0548e-28	0.004929274000000001
18.5067293947152	1.7966e-28	0.004966371
18.672884148885014	1.5717e-28	0.004996908
18.85530761508784	1.3692e-28	0.005014705
19.059541525908624	1.1848e-28	0.005029336
19.28847017491497	1.0183e-28	0.005035536
19.54342228161556	8.7056e-29	0.005035275
19.830134025352702	7.3892e-29	0.005025688
20.151716554244267	6.2286e-29	0.005010948
20.521100577655137	5.1919e-29	0.0049869120000000005
20.965152155894803	4.2379e-29	0.004952766000000001
21.433606802183988	3.4866e-29	0.004919286
21.866283245117703	2.9596e-29	0.004888603
22.345011161754424	2.4885e-29	0.004839968000000001
22.967338008706427	2.004e-29	0.004782134
23.61870223809185	1.6286e-29	0.00473023
24.161176283351942	1.3939e-29	0.0046844600000000005
24.71982181726636	1.1934e-29	0.004630403999999999
25.446015640445054	9.7426e-30	0.004554708
26.191621731567515	8.013e-30	0.004498464000000001
26.76945267887545	6.9922e-30	0.004454596
27.235800818626494	6.3025e-30	0.004415713000000001
27.75020971524	5.5933e-30	0.004363869
28.316633119449083	4.8763e-30	0.00431701
28.832597590121523	4.3436e-30	0.0042751360000000006
29.28270942563245	3.941e-30	0.0042392440000000005
29.687126273162214	3.6157e-30	0.0042063429999999995
30.070089161795853	3.3284e-30	0.004175436
30.43159809153337	3.0726e-30	0.004146523
30.753537106146773	2.8649e-30	0.004121598000000001
30.957155268902564	2.7488e-30	0.004112625
31.0385960524463	2.7737e-30	0.00410764
31.099846781016797	2.7784e-30	0.004102654999999999
31.179505135951338	2.7438e-30	0.004094679
31.28308044204198	2.6756e-30	0.004085706
31.417702413725504	2.5764e-30	0.004073742
31.546004865794604	2.4732e-30	0.004064769
31.63010308835569	2.4437e-30	0.004059784
31.690511214310927	2.4327e-30	0.0040507320000000005
31.756201810507964	2.4074e-30	0.004044756
31.841563936991932	2.3554e-30	0.004036788
31.932014086960326	2.2881e-30	0.004029816
32.00493162097282	2.2487e-30	0.004024836
32.061969336467044	2.227e-30	0.004020852000000001
32.122377462422286	2.2009e-30	0.004014876
32.20090154460552	2.1525e-30	0.004007904
32.27887469430955	2.092e-30	0.004002924
32.33451887470932	2.0647e-30	0.003994925000000001
32.37626011195736	2.0508e-30	0.003991940000000001
32.421404167459315	2.0315e-30	0.0039879600000000005
32.480386350527205	1.997e-30	0.0039829850000000005
32.54196115702665	1.952e-30	0.003978010000000001
32.59057284636831	1.9229e-30	0.003975025
32.629138119912696	1.9058e-30	0.003968048
32.669971938959705	1.8856e-30	0.003964072
32.72344479723553	1.8521e-30	0.003960096000000001
32.7778898892982	1.8081e-30	0.00395612
32.81904778627414	1.7816e-30	0.0039491610000000005
32.85145557916858	1.7645e-30	0.003947175
32.88645599549458	1.7447e-30	0.003944196
32.93215098347575	1.7137e-30	0.003936256
32.98043859488847	1.6748e-30	0.003932288000000001
33.01965202429074	1.6447e-30	0.003926342
33.051087583398356	1.6228e-30	0.0039233689999999995
33.08543984386647	1.5981e-30	0.00391644
33.1301625980608	1.5619e-30	0.003908528
33.17488535225513	1.5176e-30	0.003901612
33.20632091136274	1.489e-30	0.003895689
33.229330444317796	1.47e-30	0.003893715
33.253960366917575	1.4496e-30	0.0038877980000000005
33.28572000395413	1.4177e-30	0.00387696
33.318451874777516	1.3829e-30	0.0038710539999999996
33.342433641519406	1.3571e-30	0.003861216
33.359933849682406	1.34e-30	0.0038563
33.37775813577435	1.3244e-30	0.003847452
33.40109174665835	1.303e-30	0.0038366559999999995
33.42539759132918	1.2789e-30	0.0038238900000000004
33.44387003327901	1.2608e-30	0.0038111300000000002
33.45748130629468	1.2498e-30	0.003802304
33.471416657239295	1.2396e-30	0.0037885900000000005
33.48956502126018	1.2265e-30	0.003771925
33.5086856190679	1.2128e-30	0.003750388
33.523593203799344	1.2033e-30	0.003729822
33.53461185338346	1.1965e-30	0.003714134
33.545954580896506	1.1914e-30	0.0036926399999999996
33.56086216562795	1.1851e-30	0.0036642650000000008
33.57609382828834	1.1786e-30	0.0036241500000000005
33.588408789588236	1.1757e-30	0.0035840550000000005
33.59748297159867	1.1731e-30	0.0035527190000000006
33.60688123153807	1.1697e-30	0.0035165680000000003
33.61757580319323	1.1654e-30	0.00346869
33.627946296919454	1.1628e-30	0.003413008
33.63572416721412	1.1595e-30	0.00336604
33.64188164786406	1.1563e-30	0.0033221369999999997
33.64771505058506	1.1517e-30	0.003275181
33.65484476502184	1.1455e-30	0.0032234880000000005
33.66035408981389	1.1417e-30	0.0031726320000000008
33.6632707911744	1.1366e-30	0.0031413360000000006
33.66586341460595	1.1312e-30	0.0031131560000000006
33.6691041938954	1.1254e-30	0.0030779570000000005
33.673317206971674	1.1194e-30	0.0030388470000000003
33.67720614211901	1.1137e-30	0.00299115
33.680446921408446	1.1084e-30	0.0029520500000000003
33.68336362276895	1.1019e-30	0.0029168600000000003
33.6866044020584	1.0938e-30	0.0028738500000000003
33.690169259276786	1.0856e-30	0.002826207
33.69373411649517	1.0781e-30	0.002779299
33.69665081785568	1.0696e-30	0.0027363
33.699567519216174	1.06e-30	0.002689392
33.702808298505616	1.0494e-30	0.0026418080000000003
33.70604907779506	1.0386e-30	0.002591004
33.70896577915556	1.0277e-30	0.0025402000000000003
33.71188248051606	1.0161e-30	0.002489396
33.714799181876565	1.0039e-30	0.002438592
33.71771588323706	9.8937e-31	0.002379363
33.720956662526504	9.7575e-31	0.0023246649999999996
33.72387336388701	9.6132e-31	0.002269967
33.72646598731856	9.461e-31	0.0022152689999999997
33.72938268867906	9.2942e-31	0.002156112
33.7326234679685	9.1212e-31	0.002093616
33.735540169329006	8.9504e-31	0.00203112
33.73813279276056	8.7783e-31	0.001976436
33.74072541619211	8.5918e-31	0.0019178459999999997
33.74364211755262	8.3906e-31	0.0018509700000000002
33.746558818913115	8.194e-31	0.0017884900000000002
33.74915144234467	7.9954e-31	0.0017299150000000003
33.75174406577622	7.799e-31	0.0016713400000000001
33.75433668920778	7.5883e-31	0.0016123519999999998
33.75725339056828	7.3651e-31	0.0015498880000000001
33.75984601399984	7.1493e-31	0.001487424
33.762438637431394	6.9388e-31	0.0014327679999999998
33.764707182934	6.7261e-31	0.001378112
33.76729980636556	6.5049e-31	0.0013192140000000002
33.76989242979712	6.2815e-31	0.001260669
33.77248505322867	6.0641e-31	0.0012060270000000001
33.77507767666023	5.8507e-31	0.001155288
33.777670300091785	5.634e-31	0.001100646
33.779938845594394	5.4176e-31	0.001049638
33.782531469025955	5.2046e-31	0.000998912
33.78512409245751	4.9976e-31	0.000952088
33.78739263796012	4.7981e-31	0.000905264
33.78966118346273	4.6065e-31	0.000862342
33.791929728965336	4.4225e-31	0.000823322
33.79419827446795	4.2457e-31	0.0007841010000000002
33.79646681997056	4.0765e-31	0.0007489920000000001
33.79873536547317	3.9152e-31	0.000713883
33.800679833046836	3.7578e-31	0.000678774
33.802948378549445	3.6092e-31	0.0006475660000000001
33.80489284612311	3.4652e-31	0.0006202590000000001
33.807161391625726	3.3327e-31	0.0005928
33.8091058591994	3.2027e-31	0.0005655
33.81105032677306	3.0793e-31	0.0005421000000000001
33.81331887227567	2.9599e-31	0.0005148
33.814939261920394	2.8569e-31	0.0004953000000000001
33.816559651565115	2.7645e-31	0.0004797
33.818180041209835	2.6826e-31	0.0004602
33.81947635292561	2.61e-31	0.000448385
33.820772664641396	2.5466e-31	0.00043668799999999996
33.82206897635717	2.495e-31	0.00042499099999999994
33.82336528807295	2.4259e-31	0.000413294
33.82498567771767	2.3522e-31	0.00039769799999999993
33.8266060673624	2.2833e-31	0.00038522119999999995
33.82822645700712	2.219e-31	0.00037313429999999995
33.82984684665184	2.1658e-31	0.000362607
33.83114315836762	2.1155e-31	0.00035324939999999995
33.83243947008339	2.0591e-31	0.00034302400000000004
33.834059859728114	2.0055e-31	0.00033288920000000007
33.83568024937284	1.9598e-31	0.0003243136
33.83697656108861	1.9206e-31	0.00031729720000000004
33.838272872804396	1.8756e-31	0.0003091114
33.84021734037806	1.8224e-31	0.0002993664
33.842161807951726	1.7765e-31	0.00029079080000000003
33.84410627552539	1.7336e-31	0.00028292219999999997
33.846050743099056	1.6841e-31	0.0002739591
33.84799521067272	1.6428e-31	0.0002665548
33.85058783410428	1.5926e-31	0.0002575917
33.853180457535835	1.5521e-31	0.00025057709999999996
33.855773080967396	1.5028e-31	0.0002419416
33.85868978232789	1.4635e-31	0.0002349288
33.862254639546286	1.4164e-31	0.0002267472
33.86581949676467	1.3799e-31	0.000220124
33.869708431912	1.3364e-31	0.00021266700000000002
33.873921444988284	1.3043e-31	0.000207214
33.8784585359935	1.2661e-31	0.0002005925
33.88364378285661	1.2376e-31	0.00019586820000000002
33.88882902971972	1.207e-31	0.00019080600000000002
33.89498651036967	1.1857e-31	0.00018686400000000002
33.90146806894856	1.1607e-31	0.000182971
33.90924593924322	1.1392e-31	0.00017942120000000004
33.917671965395776	1.1266e-31	0.0001774296
33.92609799154834	1.1132e-31	0.000175095
33.935820329416664	1.0991e-31	0.00017310499999999998
33.948783446574446	1.0888e-31	0.0001715049
33.96563549887956	1.0764e-31	0.00016947320000000002
33.983783862900445	1.0692e-31	0.0001686524
34.003876694495	1.0596e-31	0.0001674004
34.029802928810554	1.0488e-31	0.0001661496
34.06350703342078	1.0363e-31	0.0001644696
34.107257553828276	1.0213e-31	0.00016275
34.15457293145416	1.0077e-31	0.0001614624
34.20642540008527	9.9231e-32	0.00016009380000000002
34.27350953137677	9.7092e-32	0.0001579149
34.34642706538927	9.5147e-32	0.000156168
34.42582615798066	9.2963e-32	0.00015396000000000002
34.512030887079874	9.0838e-32	0.0001517985
34.60633756440271	8.8398e-32	0.00014956500000000002
34.70809803409126	8.6043e-32	0.000147378
34.81958084164815	8.3398e-32	0.0001447022
34.93981375328653	8.0883e-32	0.0001424566
35.071713470366916	7.8045e-32	0.00013934990000000002
35.213983681173524	7.5348e-32	0.00013708940000000002
35.3436148527513	7.2912e-32	0.0001348746
35.461579218887074	7.0958e-32	0.0001330457
35.5908863125359	6.8499e-32	0.00013040260000000002
35.73023982198201	6.6207e-32	0.0001281816
35.85727837012823	6.4304e-32	0.0001263782
35.99630780164539	6.1986e-32	0.00012376960000000002
36.14635588274667	5.98e-32	0.0001211742
36.283116768761225	5.7925e-32	0.00011939760000000001
36.43284077193355	5.5816e-32	0.0001171315
36.59455565847683	5.3733e-32	0.00011490960000000001
36.7416870382176	5.1958e-32	0.00011276110000000001
36.87553122287165	5.0473e-32	0.0001113856
37.02201444675453	4.8666e-32	0.00010916490000000001
37.18048855400836	4.6965e-32	0.000107016
37.32470323238864	4.5543e-32	0.000105633
37.48252918378458	4.3838e-32	0.0001034748
37.65299417440936	4.2238e-32	0.0001013286
37.80822750237374	4.0881e-32	9.99688e-05
37.978044337140624	3.9285e-32	9.778860000000001e-05
38.16147244492318	3.7778e-32	9.56492e-05
38.3286966562585	3.6458e-32	9.39312e-05
38.48068920493344	3.5383e-32	9.293140000000001e-05
38.64726526041088	3.408e-32	9.082380000000002e-05
38.82680443304611	3.2829e-32	8.910660000000001e-05
38.990463787163044	3.1774e-32	8.7775e-05
39.16967888186932	3.0592e-32	8.60262e-05
39.36347748337809	2.9366e-32	8.431280000000002e-05
39.53945179879492	2.8433e-32	8.298080000000001e-05
39.7326022444458	2.7274e-32	8.1263e-05
39.94098435275708	2.6167e-32	7.95564e-05
40.13056994118957	2.5299e-32	7.85699e-05
40.33830389364295	2.4214e-32	7.6496e-05
40.56256582047251	2.3187e-32	7.514000000000002e-05
40.7667349157075	2.2353e-32	7.383659999999999e-05
40.99034868667916	2.1404e-32	7.2118e-05
41.23178674374277	2.0472e-32	7.079050000000001e-05
41.4515115795671	1.9648e-32	6.91587e-05
41.65146766172581	1.899e-32	6.8224e-05
41.87054434169225	1.8217e-32	6.65712e-05
42.10712122982169	1.7468e-32	6.526080000000001e-05
42.36638357297724	1.664e-32	6.39015e-05
42.64638690358524	1.5867e-32	6.226599999999999e-05
42.90078807780662	1.5196e-32	6.09872e-05
43.179819174627774	1.4446e-32	5.9643999999999993e-05
43.4812116485461	1.3737e-32	5.834920000000001e-05
43.755381576433095	1.3139e-32	5.70831e-05
44.05580181656458	1.2472e-32	5.54225e-05
44.38020382343797	1.1829e-32	5.41284e-05
44.6751147387774	1.1292e-32	5.2880099999999995e-05
44.998544511863955	1.0715e-32	5.157620000000001e-05
45.347900519266055	1.0147e-32	5.03018e-05
45.665496889631605	9.6663e-33	4.9088e-05
46.01355658531793	9.1465e-33	4.7790799999999997e-05
46.38948698289347	8.6421e-33	4.653880000000001e-05
46.73138919792985	8.2176e-33	4.56304e-05
47.10634736171856	7.7607e-33	4.435730000000001e-05
47.51079661704122	7.3186e-33	4.31284e-05
47.87927322225105	6.9443e-33	4.19562e-05
48.28275024378687	6.5463e-33	4.0988699999999996e-05
48.718310980288194	6.1605e-33	3.97716e-05
49.11465828738724	5.8344e-33	3.8909600000000004e-05
49.54892271217279	5.4928e-33	3.76789e-05
50.017863475355384	5.1585e-33	3.6504e-05
50.444674107775214	4.8814e-33	3.5648e-05
50.91231855924203	4.5826e-33	3.4725600000000005e-05
51.41690789460852	4.2955e-33	3.35667e-05
51.87645039785172	4.0583e-33	3.27426e-05
52.37974342150243	3.8027e-33	3.1832500000000004e-05
52.92322210834225	3.5489e-33	3.07052e-05
53.417765027911464	3.3458e-33	2.9890800000000002e-05
53.95962332510657	3.1287e-33	2.9019199999999998e-05
54.54458398685127	2.919e-33	2.8182e-05
55.07704402410698	2.7489e-33	2.73888e-05
55.66038429620697	2.5661e-33	2.65318e-05
56.4190507278659	2.3499e-33	2.5338000000000004e-05
57.31933921447354	2.1258e-33	2.4140000000000003e-05
58.28347105308324	1.9156e-33	2.3078250000000002e-05
59.29589050310566	1.7223e-33	2.1960929999999997e-05
60.3559494086829	1.5448e-33	2.08748e-05
61.46526815945971	1.3824e-33	1.982892e-05
62.63292093744653	1.2337e-33	1.882254e-05
63.85696327506966	1.0982e-33	1.782528e-05
65.14906197777113	9.7462e-34	1.683864e-05
66.51440229241403	8.6209e-34	1.5912040000000002e-05
67.95914169964833	7.5994e-34	1.500393e-05
69.4933266152713	6.6731e-34	1.4118800000000001e-05
71.12570714336442	5.8357e-34	1.325322e-05
72.87021863487233	5.0793e-34	1.241832e-05
74.74241683038434	4.3976e-34	1.160656e-05
76.7572093146319	3.7855e-34	1.080824e-05
78.94538349086473	3.235e-34	1.002705e-05
81.21101229211529	2.771e-34	9.326180000000001e-06
83.33793573977762	2.4099e-34	8.726850000000001e-06
85.25258814398136	2.1346e-34	8.255070000000001e-06
86.97538641424998	1.9204e-34	7.844e-06
88.52609930424912	1.7505e-34	7.51024e-06
89.92190294421279	1.6114e-34	7.22981e-06
91.17802899680143	1.4984e-34	6.971100000000001e-06
92.30841281295963	1.4072e-34	6.775020000000001e-06
93.35097151037387	1.3251e-34	6.580530000000002e-06
94.3656595058989	1.2519e-34	6.4055e-06
95.38034750142394	1.1832e-34	6.232310000000001e-06
96.39471141902003	1.1192e-34	6.072e-06
97.40939941454506	1.0602e-34	5.9185400000000004e-06
98.42408741007007	1.0035e-34	5.7664e-06
99.43845132766619	9.5065e-35	5.62099e-06
100.45313932319121	8.9896e-35	5.47684e-06
101.46782731871625	8.4908e-35	5.33609e-06
102.22876229587777	8.0655e-35	5.262308999999999e-06
