1.025236732112172	4.0155e-27	1.39561065e-06
1.0272946269609693	4.0173e-27	1.40278866e-06
1.0355359286940264	4.0233999999999994e-27	1.43186232e-06
1.0629691253791729	4.0364e-27	1.5300230400000001e-06
1.1025195958275518	3.9907e-27	1.6796989299999997e-06
1.1333458884287466	3.9343000000000004e-27	1.8018664649999999e-06
1.1564558855417746	3.8933999999999996e-27	1.8911109e-06
1.1817404455580194	3.867e-27	1.99993745e-06
1.2146084291115642	3.7901e-27	2.1452886e-06
1.2502667236333205	3.6955e-27	2.29044375e-06
1.2825805339283702	3.5986e-27	2.4354029e-06
1.317623080385132	3.5003e-27	2.5981171999999995e-06
1.3563179851010978	3.3674e-27	2.7971307000000003e-06
1.3919341494920914	3.2347e-27	2.9783522999999995e-06
1.4304054404370854	3.1030000000000002e-27	3.1763613e-06
1.472788351984439	2.9357599999999997e-27	3.3926865e-06
1.5115351091690357	2.77707e-27	3.609144e-06
1.5454595867709393	2.63792e-27	3.7888759999999996e-06
1.5818470566328207	2.5067200000000002e-27	3.986029949999999e-06
1.6217799390373542	2.3513e-27	4.2192332e-06
1.6596516858138008	2.21057e-27	4.4338826000000004e-06
1.695569242678713	2.08213e-27	4.6306470000000004e-06
1.7356382378134032	1.96484e-27	4.8627796e-06
1.77881514028667	1.8358300000000003e-27	5.112659999999999e-06
1.8191822871159893	1.7282900000000002e-27	5.344013499999999e-06
1.857860987935508	1.63457e-27	5.5568842e-06
1.901203170152537	1.54941e-27	5.786704e-06
1.9501810675539093	1.4584099999999999e-27	6.052210500000001e-06
1.996611712433779	1.3976e-27	6.2811042e-06
2.0397464847762836	1.3299e-27	6.492401999999999e-06
2.0884780829516583	1.28805e-27	6.71953905e-06
2.1411050978329453	1.24863e-27	6.9461665000000005e-06
2.187652410767235	1.23058e-27	7.1202978e-06
2.2301325456932712	1.2260299999999998e-27	7.276169250000001e-06
2.278468768795334	1.23335e-27	7.4297474999999984e-06
2.3307684649683873	1.25382e-27	7.566080199999999e-06
2.3767648454234713	1.29753e-27	7.667363199999999e-06
2.416363927561192	1.3289399999999999e-27	7.7505701e-06
2.459087120933937	1.3730200000000002e-27	7.81467435e-06
2.505582581399595	1.43236e-27	7.861854e-06
2.5437071089606187	1.50883e-27	7.8921752e-06
2.5733505171211664	1.54855e-27	7.905689400000001e-06
2.6052462668878777	1.59128e-27	7.918096199999999e-06
2.6467120378963185	1.64034e-27	7.910481600000001e-06
2.6875620608397646	1.69452e-27	7.887238449999999e-06
2.718602244874063	1.7069e-27	7.88289705e-06
2.7499405806029897	1.68638e-27	7.8419061e-06
2.7852877603129595	1.6379000000000002e-27	7.817656e-06
2.8187390841386044	1.55812e-27	7.760071200000001e-06
2.8496399146634563	1.4522200000000001e-27	7.719227249999998e-06
2.8797402727038155	1.32507e-27	7.64402205e-06
2.909762852041228	1.18281e-27	7.5866209999999994e-06
2.939610429297011	1.03477e-27	7.492810499999999e-06
2.9692505966782687	8.8948e-28	7.4001466e-06
3.003278779217435	7.3139e-28	7.271185949999999e-06
3.039491246997686	5.8617e-28	7.1247176e-06
3.071568480404606	4.7630999999999995e-28	6.9784452499999996e-06
3.106115187630083	3.7675e-28	6.8323688999999994e-06
3.1482712446271757	2.8241400000000003e-28	6.631718799999999e-06
3.1917138910021774	2.10881e-28	6.4147173999999985e-06
3.233163458114171	1.60621e-28	6.21567695e-06
3.2770112019003528	1.21455e-28	6.016959900000001e-06
3.3261738237212235	9.0143e-29	5.781796650000001e-06
3.3805541001981005	6.6186e-29	5.547143000000001e-06
3.440022400159404	4.8478e-29	5.294724399999999e-06
3.506263928835647	3.5476e-29	5.042217599999999e-06
3.5828759512381123	2.58725e-29	4.7540976e-06
3.6627935685158097	1.9620000000000002e-29	4.48499695e-06
3.7381092792024977	1.5852500000000002e-29	4.23472455e-06
3.822920473207256	1.3104900000000002e-29	3.98289395e-06
3.933204192427048	1.10469e-29	3.6957416999999993e-06
4.047247215622596	1.0182e-29	3.3935733999999996e-06
4.140127950058071	1.01709e-29	3.1458245e-06
4.204425011160647	1.06512e-29	2.9877186499999995e-06
4.245712539308168	1.08489e-29	2.8820526e-06
4.2874537765562115	1.12187e-29	2.7929853e-06
4.3416720140686165	1.1882699999999999e-29	2.6688829999999997e-06
4.398968991905992	1.28047e-29	2.5458145999999994e-06
4.445571398088203	1.37545e-29	2.4233317499999995e-06
4.481803310544191	1.43942e-29	2.3360652000000004e-06
4.519234311337272	1.55594e-29	2.24825475e-06
4.560878325206632	1.6642200000000002e-29	2.1434437499999998e-06
4.597661170141826	1.77041e-29	2.0391006999999997e-06
4.627800417533659	1.85623e-29	1.9523070000000003e-06
4.655379449286831	1.94523e-29	1.8829965000000002e-06
4.687106678530491	2.052e-29	1.7961194999999998e-06
4.7209728221051845	2.14903e-29	1.7042369049999999e-06
4.749037970751773	2.23588e-29	1.6197812399999999e-06
4.771723425777883	2.3100300000000002e-29	1.5507686599999999e-06
4.79606167824161	2.36663e-29	1.47818839e-06
4.823219408687154	2.43712e-29	1.3954548299999999e-06
4.8474928455650925	2.46897e-29	1.3164144e-06
4.867715308331225	2.49362e-29	1.24955243e-06
4.889201675020241	2.51926e-29	1.1823886200000001e-06
4.912794548247397	2.53541e-29	1.105243755e-06
4.933341088942473	2.51567e-29	1.0351230399999998e-06
4.95045240359074	2.50197e-29	9.768159799999999e-07
4.9687628065761	2.47547e-29	9.169899200000001e-07
4.989179716099599	2.4651900000000003e-29	8.502724999999999e-07
5.007392895706277	2.3812e-29	7.871254649999999e-07
5.0226893739524545	2.3201299999999998e-29	7.35911645e-07
5.039120124949938	2.23798e-29	6.829296599999999e-07
5.057462935728193	2.1742099999999998e-29	6.23200865e-07
5.074023317897254	2.0509e-29	5.686976750000001e-07
5.088055892220548	1.9483800000000002e-29	5.227114199999999e-07
5.103157923709358	1.84241e-29	4.76751625e-07
5.122764638410497	1.7133599999999998e-29	4.2058072e-07
5.1423065375258465	1.5154099999999998e-29	3.611201999999999e-07
5.155885402748618	1.39293e-29	3.2033799e-07
5.165640148409846	1.30513e-29	2.9317704499999996e-07
5.176237496686329	1.20506e-29	2.6767965e-07
5.190043216459362	1.07073e-29	2.3372853e-07
5.205080432362383	9.3263e-30	1.98103815e-07
5.217881510555689	7.9955e-30	1.6895640999999997e-07
5.228122373110333	7.011700000000001e-30	1.47413266e-07
5.238946575937077	6.0662e-30	1.2793145400000001e-07
5.25071060475776	5.0114000000000005e-30	1.0657867499999999e-07
5.260530166004776	4.2362e-30	9.049418e-08
5.268275628506549	3.6263e-30	7.881155099999999e-08
5.276409984523054	3.0769e-30	6.8485095e-08
5.285581389912182	2.5113e-30	5.730795e-08
5.29381296930737	2.02976e-30	4.8003242e-08
5.3005213824365205	1.68164e-30	4.1242222e-08
5.306516824121992	1.4138e-30	3.5828212e-08
5.313419684008509	1.15911e-30	3.0753723e-08
5.322364234847375	8.8599e-31	2.48323425e-08
5.33108193113598	6.3649e-31	1.9423845e-08
5.337109780614346	4.924e-31	1.60964559e-08
5.341679279412463	4.0488e-31	1.40844669e-08
5.346767302896891	3.2869000000000003e-31	1.2208144199999999e-08
5.353410900440252	2.46264e-31	1.00284723e-08
5.359179487575463	1.8213399999999999e-31	8.15446485e-09
5.36229063569333	1.54062e-31	7.309256499999999e-09
5.364461957817257	1.3622000000000001e-31	6.819722e-09
5.3670221734559185	1.19344e-31	6.2964265e-09
5.370360176124046	9.954799999999999e-32	5.6710248e-09
5.374151887892697	8.0072e-32	4.9621467e-09
5.377716745111085	6.56e-32	4.387655999999999e-09
5.380860301021846	5.3915e-32	3.9320148e-09
5.383971449139712	4.4993e-32	3.5433615e-09
5.387341859600735	3.6444e-32	3.1552790499999996e-09
5.391036347990701	2.87627e-32	2.7836655e-09
5.394568797416195	2.28691e-32	2.4799929e-09
5.397906800084323	1.8349e-32	2.226609e-09
5.40130961833824	1.4593799999999998e-32	1.9904534999999998e-09
5.404193911905845	1.19138e-32	1.8215064e-09
5.406008748307935	1.03422e-32	1.7203116000000001e-09
5.407629137952656	9.1888e-33	1.65116182e-09
5.409638421112112	7.9177e-33	1.5651462400000001e-09
5.41210141337209	6.6413e-33	1.4654251149999998e-09
5.4144347744604895	5.5734e-33	1.3760493599999999e-09
5.4162820186554725	4.8748999999999996e-33	1.3136549649999998e-09
5.417999631678878	4.2176e-33	1.2647512499999998e-09
5.420041322631228	3.6168e-33	1.20892653e-09
5.4223422759267335	3.0215999999999998e-33	1.14822729e-09
5.424416374671978	2.53972e-33	1.0993306799999999e-09
5.426133987695383	2.21377e-33	1.06392279e-09
5.427819192925894	1.8965100000000002e-33	1.0317371399999999e-09
5.429925699464033	1.58719e-33	9.963343949999998e-10
5.432194244966644	1.31853e-33	9.592458049999998e-10
5.434106304747417	1.09425e-33	9.287655999999999e-10
5.435694286599245	9.1666e-34	9.085384e-10
5.437347084036861	7.7678e-34	8.899968e-10
5.439518406160789	6.2776e-34	8.663984e-10
5.4417869516634	4.9713999999999995e-34	8.40992145e-10
5.4436017880654886	3.9957e-34	8.241385950000001e-10
5.4450277309528445	3.3077e-34	8.140264650000001e-10
5.446615712804672	2.70138e-34	8.03914335e-10
5.4487222193428115	2.04935e-34	7.8863148e-10
5.450925949259633	1.5317600000000001e-34	7.734654899999999e-10
5.452643562283038	1.17253e-34	7.6335483e-10
5.454069505170394	9.2105e-35	7.566143899999999e-10
5.45572230260801	6.873e-35	7.497649249999999e-10
5.457796401353255	4.9329e-35	7.413406e-10
5.459935315684288	3.4058e-35	7.312314099999999e-10
5.4615881131219055	2.40807e-35	7.261768149999999e-10
5.462981648216366	1.6982599999999998e-35	7.22807085e-10
5.4645372222752995	1.24036e-35	7.1933274e-10
5.466546505434755	8.348099999999999e-36	7.142788800000001e-10
5.468685419765788	5.4704e-36	7.092250200000001e-10
5.4703382172034045	3.8167e-36	7.058557800000001e-10
5.471731752297866	2.78463e-36	7.05753125e-10
5.4731901029781165	2.20977e-36	7.040687499999999e-10
5.474940123794416	1.74151e-36	7.02384375e-10
5.476949406953872	1.44342e-36	7.007e-10
5.478829058941749	1.28352e-36	6.972298199999998e-10
5.480417040793577	1.20506e-36	6.972298199999998e-10
5.481875391473826	1.1698200000000001e-36	6.972298199999998e-10
5.483398557739865	1.15202e-36	6.972298199999998e-10
5.485018947384588	1.14861e-36	6.972298199999998e-10
5.486671744822205	1.1521800000000001e-36	6.971283899999999e-10
5.488356950052715	1.1601299999999999e-36	6.971283899999999e-10
5.490009747490332	1.17016e-36	6.971283899999999e-10
5.491630137135054	1.18136e-36	6.988122749999999e-10
5.493185711193988	1.19156e-36	6.987106e-10
5.49474128525292	1.2014999999999998e-36	7.003942400000001e-10
5.496361674897643	1.21178e-36	7.003942400000001e-10
5.4980792879210485	1.22224e-36	7.003942400000001e-10
5.499861716530243	1.23304e-36	7.0207788e-10
5.501644145139437	1.2442999999999999e-36	7.036591099999999e-10
5.503329350369948	1.25364e-36	7.036591099999999e-10
5.505046963393354	1.26189e-36	7.05342505e-10
5.506861799795443	1.2713e-36	7.070258999999999e-10
5.508709043990426	1.28032e-36	7.06923e-10
5.510394249220937	1.28732e-36	7.0860615e-10
5.511885007694081	1.29326e-36	7.0860615e-10
5.513278542788543	1.2981700000000001e-36	7.102893e-10
5.514542446711426	1.3020099999999999e-36	7.11868815e-10
5.515935981805887	1.30604e-36	7.11868815e-10
5.517718410415082	1.31311e-36	7.135517200000001e-10
5.519662877988748	1.31865e-36	7.135517200000001e-10
5.521769384526887	1.3224699999999999e-36	7.134478399999999e-10
5.524070337822392	1.3278899999999999e-36	7.151305e-10
5.526144436567637	1.33177e-36	7.151305e-10
5.528024088555514	1.33509e-36	7.168131599999999e-10
5.530098187300759	1.33677e-36	7.167087899999999e-10
5.532820441903892	1.3406100000000001e-36	7.167087899999999e-10
5.5357371432643925	1.34293e-36	7.166044199999999e-10
5.538913106968048	1.3428700000000001e-36	7.166044199999999e-10
5.543061304458536	1.34555e-36	7.1650005e-10
5.547565987670864	1.34537e-36	7.1650005e-10
5.552459564397925	1.3409099999999999e-36	7.1639568e-10
5.558876307391025	1.3371500000000002e-36	7.14609875e-10
5.565746759484647	1.33235e-36	7.128245600000001e-10
5.572033871306169	1.32557e-36	7.11039735e-10
5.578904323399791	1.31697e-36	7.109360999999998e-10
5.587848874238658	1.30544e-36	7.074715549999999e-10
5.599450864094869	1.2914299999999999e-36	7.039053350000001e-10
5.612025087737912	1.27779e-36	7.0202055e-10
5.623432630836756	1.26344e-36	6.985596800000001e-10
5.635942038894012	1.2470800000000001e-36	6.949983599999998e-10
5.649456088530995	1.23212e-36	6.91439e-10
5.66173864203799	1.21703e-36	6.878816e-10
5.675187876089183	1.20083e-36	6.843261599999999e-10
5.689738975098789	1.1851e-36	6.808721499999999e-10
5.702961354599721	1.17001e-36	6.78996675e-10
5.715017053556454	1.1569300000000001e-36	6.754461349999999e-10
5.725970887554777	1.14492e-36	6.719958000000001e-10
5.737961770925721	1.13215e-36	6.70124e-10
5.750924888083498	1.11959e-36	6.6657836e-10
5.762721324697075	1.10731e-36	6.64806275e-10
5.775652034061959	1.09368e-36	6.61263575e-10
5.78958738500657	1.08075e-36	6.593964299999999e-10
5.802291239821191	1.06783e-36	6.558571599999999e-10
5.813860821884508	1.05661e-36	6.524153999999999e-10
5.82649986111334	1.04394e-36	6.5055193e-10
5.840175949714795	1.03195e-36	6.4701756e-10
5.852620542186262	1.01987e-36	6.451565400000001e-10
5.866231815201929	0.0	6.416255999999999e-10
5.880977360968901	0.0	6.3809662e-10
5.8943617794343055	0.0	6.346627e-10
5.909010101822594	0.0	6.3271397e-10
5.924857512547977	0.0	6.2919038e-10
5.939278980386004	0.0	6.256687499999999e-10
5.952404136508254	0.0	6.2057226e-10
5.966760788760492	0.0	6.15386835e-10
5.985460085260587	0.0	6.084477e-10
6.005617732440931	0.0	6.01514445e-10
6.02399295101208	0.0	5.946745349999999e-10
6.040682964352719	0.0	5.8950381e-10
6.058993367338079	0.0	5.825854999999999e-10
6.07876212100369	0.0	5.7567307e-10
6.096748446060106	0.0	5.705136150000001e-10
6.1131143814718	0.0	5.653571e-10
6.131035890942427	0.0	5.584588799999999e-10
6.150415751093304	0.0	5.53227885e-10
6.168013182634987	0.0	5.464212949999999e-10
6.187328227200076	0.0	5.4119912e-10
6.208166438031204	0.0	5.3432197e-10
6.227157404667347	0.0	5.291875050000001e-10
6.2479307999126865	0.0	5.223204e-10
6.270356992595641	0.0	5.15459175e-10
6.29077390211914	0.0	5.1026052e-10
6.313167687009201	0.0	5.0341032e-10
6.337311492715562	0.0	4.965659999999999e-10
6.359283976297993	0.0	4.8972756e-10
6.379279584513866	0.0	4.845487500000001e-10
6.401219660303405	0.0	4.7937435e-10
6.424877349116349	0.0	4.7255208e-10
6.446396123598258	0.0	4.67387235e-10
6.470021404618308	0.0	4.6057598999999995e-10
6.495493929833341	0.0	4.5535307999999995e-10
6.518665501752868	0.0	4.4855383999999996e-10
6.544073211382111	0.0	4.434088400000001e-10
6.571490204170812	0.0	4.3655569999999996e-10
6.596444204699533	0.0	4.297743450000001e-10
6.6237963819024435	0.0	4.2458156999999996e-10
6.653319881229281	0.0	4.1774999e-10
6.680185941538776	0.0	4.1092625e-10
6.709612217486931	0.0	4.0411034999999997e-10
6.7414042623163795	0.0	3.9730229e-10
6.770312013578223	0.0	3.92142835e-10
6.796627141408511	0.0	3.8704708e-10
6.8254700770845655	0.0	3.8025959999999996e-10
6.856613966056126	0.0	3.7511803e-10
6.88493837704587	0.0	3.6998234e-10
6.915985042638748	0.0	3.6316203e-10
6.949494700491602	0.0	3.5640492999999997e-10
6.979990433605273	0.0	3.5128957500000005e-10
7.013435275872339	0.0	3.4449548000000003e-10
7.0495051493638545	0.0	3.3934263999999996e-10
7.082334243565927	0.0	3.3261690000000003e-10
7.118306893678759	0.0	3.2747925e-10
7.157163837359196	0.0	3.2072092499999994e-10
7.192520739407035	0.0	3.1564673e-10
7.2312480519158955	0.0	3.0885925000000003e-10
7.273054104749727	0.0	3.0208353e-10
7.311100853607805	0.0	2.9703187500000004e-10
7.3528096830629535	0.0	2.9023239000000004e-10
7.397824107393336	0.0	2.8515255999999997e-10
7.438787557611912	0.0	2.7846112e-10
7.476056519440522	0.0	2.7339721500000006e-10
7.516922746280416	0.0	2.6829999e-10
7.5700391188344085	0.0	2.6151741000000004e-10
7.6273685044646795	0.0	2.5478922000000005e-10
7.67951264323184	0.0	2.4807475e-10
7.726990059822199	0.0	2.4302015499999997e-10
7.770189647750493	0.0	2.3801064e-10
7.817537433169274	0.0	2.32937425e-10
7.879079831875823	0.0	2.2620065999999997e-10
7.945515807309433	0.0	2.19481535e-10
8.005988748850465	0.0	2.1284522e-10
8.06101718118523	0.0	2.0782124999999997e-10
8.111087221207146	0.0	2.0283868499999998e-10
8.156620170223839	0.0	1.99460625e-10
8.206560579074177	0.0	1.9446434000000004e-10
8.271473388241747	0.0	1.8939088e-10
8.341539036479535	0.0	1.8279939999999997e-10
8.405285165102905	0.0	1.7781119999999997e-10
8.463327522176854	0.0	1.744204e-10
8.526911611835752	0.0	1.69427545e-10
8.609551483716583	0.0	1.6279098499999998e-10
8.705478550684136	0.0	1.5615369e-10
8.801729695580633	0.0	1.50037461e-10
8.89577711056031	0.0	1.44100131e-10
8.99160695414918	0.0	1.38497667e-10
9.09070998482039	0.0	1.328943945e-10
9.192016745408418	0.0	1.27468992e-10
9.294911487848278	0.0	1.2220129599999997e-10
9.399783105654697	0.0	1.1712952649999998e-10
9.506988084549517	0.0	1.122150225e-10
9.61655883232563	0.0	1.07475963e-10
9.72843053339725	0.0	1.02911319e-10
9.842311517628325	0.0	9.85200615e-11
9.958299008397539	0.0	9.4132332e-11
10.07681430701252	0.0	9.007133450000001e-11
10.197241665408272	0.0	8.6028712e-11
10.31967830696348	0.0	8.2143992e-11
10.445161281050765	0.0	7.844299749999999e-11
10.573722995463024	0.0	7.48867e-11
10.705104187857097	0.0	7.151177599999999e-11
10.838915964718256	0.0	6.814226650000001e-11
10.974866655910448	0.0	6.4940925e-11
11.1133775627413	0.0	6.1906502e-11
11.254772763139757	0.0	5.8887906e-11
11.401774511708954	0.0	5.6016187500000004e-11
11.55629486822966	0.0	5.3161227000000004e-11
11.715255092376907	0.0	5.046314e-11
11.876710716577026	0.0	4.77896265e-11
12.04098581875896	0.0	4.5419374000000004e-11
12.209733196360329	0.0	4.2909692e-11
12.383892675375069	0.0	4.0709347e-11
12.563431848010286	0.0	3.851694e-11
12.748739607780715	0.0	3.6339625e-11
12.940399294958453	0.0	3.4316415e-11
13.1407766784248	0.0	3.2302368000000004e-11
13.350843991966585	0.0	3.029327e-11
13.568170651116723	0.0	2.8448542499999998e-11
13.791687198709699	0.0	2.6751648e-11
14.022463091911035	0.0	2.5069306499999998e-11
14.262475206087283	0.0	2.3397451e-11
14.5125985516466	0.0	2.1873306000000003e-11
14.773222022103717	0.0	2.0363861e-11
15.045901191517565	0.0	1.90011465e-11
15.331511070296296	0.0	1.7649408e-11
15.629954435061228	0.0	1.6309307e-11
15.941555363741303	0.0	1.5114981e-11
16.267480536880726	0.0	1.3934767e-11
16.609317936331315	0.0	1.2828849249999999e-11
16.969303699802797	0.0	0.0
17.331817271120045	0.0	0.0
17.699386458128824	0.0	0.0
18.096446736671545	0.0	0.0
18.519076763807984	0.0	0.0
18.95363285872958	0.0	0.0
19.396550164217942	0.0	0.0
19.850064817982783	0.0	0.0
20.32237599162641	0.0	0.0
20.821261555443474	0.0	0.0
21.343513137937432	0.0	0.0
21.884010307830962	0.0	0.0
22.44297991967433	0.0	0.0
23.025023880058534	0.0	0.0
23.633901492959343	0.0	0.0
24.26983961292701	0.0	0.0
24.93348639581943	0.0	0.0
25.626818717003157	0.0	0.0
26.35229956873817	0.0	0.0
27.11310491472813	0.0	0.0
27.91111440696091	0.0	0.0
28.74995771824069	0.0	0.0
29.633783046057953	0.0	0.0
30.565020974879793	0.0	0.0
31.53417602138813	0.0	0.0
32.5533038845397	0.0	0.0
33.65322437537712	0.0	0.0
34.837729205669035	0.0	0.0
36.09223486861295	0.0	0.0
37.419333987640414	0.0	0.0
38.842684251564386	0.0	0.0
40.34770215358235	0.0	0.0
41.90522068008931	0.0	0.0
43.51750837658788	0.0	0.0
45.198176516093724	0.0	0.0
46.95305850132785	0.0	0.0
48.77988578678764	0.0	0.0
50.67574167111259	0.0	0.0
52.640302076373764	0.0	0.0
54.678752249434275	0.0	0.0
56.80081452816244	0.0	0.0
59.00130366569517	0.0	0.0
61.271469557950944	0.0	0.0
63.6070991918535	0.0	0.0
66.01402597012383	0.0	0.0
68.50488893199076	0.0	0.0
71.07353059680437	0.0	0.0
73.71768241906203	0.0	0.0
76.42632574917963	0.0	0.0
79.02769928481662	0.0	0.0
81.3730512565875	0.0	0.0
83.48409488573157	0.0	0.0
85.38383970520385	0.0	0.0
87.0936748583147	0.0	0.0
88.63272094287183	0.0	0.0
90.0175059332514	0.0	0.0
91.26423372590065	0.0	0.0
92.38586743797735	0.0	0.0
93.42453720024426	0.0	0.0
94.4392251957693	0.0	0.0
95.45391319129432	0.0	0.0
96.46827710889042	0.0	0.0
97.48296510441544	0.0	0.0
98.49765309994048	0.0	0.0
99.51201701753656	0.0	0.0
100.52670501306159	0.0	0.0
101.54139300858662	0.0	0.0
102.2653831018485	0.0	0.0
