1.025564050820406	1.9491999999999999e-29	7.180582499999999e-07
1.029255298431083	1.96391e-29	7.2532642e-07
1.044023529653081	2.01582e-29	7.543795e-07
1.0769563287924147	2.13337e-29	8.199620799999999e-07
1.114685481280126	2.2665699999999998e-29	9.0025495e-07
1.1432788769508935	2.3667899999999997e-29	9.64044375e-07
1.1708384640283285	2.46356e-29	1.0259299050000002e-06
1.2066685198524254	2.58823e-29	1.1076303e-06
1.2447541580619754	2.71803e-29	1.2001925249999998e-06
1.278173074094726	2.83022e-29	1.2819624999999999e-06
1.3140258153738489	2.94991e-29	1.3742586550000002e-06
1.353534155691465	3.0779999999999996e-29	1.47737548e-06
1.3916359977974626	3.1992e-29	1.5803247249999997e-06
1.4271679019269305	3.3093999999999997e-29	1.6778550599999999e-06
1.4604539460088135	3.4108e-29	1.771604065e-06
1.4986627338313627	3.5252e-29	1.87773635e-06
1.5417521352638148	3.6495e-29	2.0037325e-06
1.5828484574332589	3.7638e-29	2.1295228499999998e-06
1.6279374196872987	3.886e-29	2.27268125e-06
1.677044948260249	4.0121e-29	2.4158519e-06
1.721453346863505	4.1212999999999997e-29	2.5590935999999994e-06
1.769258082162099	4.2362e-29	2.7013699999999997e-06
1.8226564025142737	4.3586e-29	2.8614432e-06
1.87277829500482	4.4627e-29	3.02157275e-06
1.9273983891491155	4.5730000000000005e-29	3.1986024e-06
1.987359287562415	4.6846e-29	3.3932402e-06
2.0421543837883407	4.7781e-29	3.552304e-06
2.101275920365674	4.8716e-29	3.7275524999999997e-06
2.1665063259036104	4.9636e-29	3.9208281e-06
2.226519076785541	5.0401000000000003e-29	4.0776918e-06
2.2828924325254256	5.1025e-29	4.2347368e-06
2.347695055197155	5.1675e-29	4.38962825e-06
2.4191834055430084	5.2184e-29	4.5446569e-06
2.4829554604006945	5.2599e-29	4.66478775e-06
2.5390014974323454	5.287e-29	4.76679105e-06
2.601412424988465	5.3033e-29	4.86722145e-06
2.670862325161258	5.3136e-29	4.93174955e-06
2.7353311475661743	5.3159e-29	4.978988000000001e-06
2.789886426124681	5.3133e-29	5.009715899999999e-06
2.8369166151730973	5.3041e-29	5.0048796e-06
2.8893005716076767	5.285799999999999e-29	4.999352399999998e-06
2.946519770742106	5.2595e-29	4.958408e-06
2.998028716768535	5.2322e-29	4.9182231e-06
3.0449357562039525	5.2054e-29	4.8604325e-06
3.097860922779869	5.1675e-29	4.801412000000001e-06
3.154730117751038	5.118100000000001e-29	4.7085717e-06
3.2046543227049287	5.0788e-29	4.6159029e-06
3.2500479182121755	5.038e-29	4.52403525e-06
3.2948030801994026	4.9745e-29	4.449283299999999e-06
3.339331387636368	4.921e-29	4.3577072000000005e-06
3.383730063901756	4.8456000000000006e-29	4.283237e-06
3.434772337710505	4.7528e-29	4.190781349999999e-06
3.489347060944748	4.6126e-29	4.1341299999999995e-06
3.53581983595538	4.4761e-29	4.0781524e-06
3.576102722523173	4.3382e-29	4.0397511e-06
3.6210523312677667	4.1596e-29	4.0183185e-06
3.670214953088638	3.9530999999999997e-29	3.9969202e-06
3.7099469071772258	3.781e-29	3.994675999999999e-06
3.7395676298827474	3.6485999999999997e-29	3.9924318e-06
3.7710031889903575	3.5039e-29	3.98962655e-06
3.8118370080373567	3.3185e-29	4.003104e-06
3.853772692042767	3.1391999999999997e-29	4.0002865e-06
3.889194409676393	2.9924e-29	3.9974690000000005e-06
3.927273566327365	2.83724e-29	4.0114536e-06
3.9767926738700745	2.64768e-29	4.006926e-06
4.02867755029408	2.468e-29	4.00296435e-06
4.075085509718923	2.31851e-29	3.999568649999999e-06
4.126905570557138	2.1625299999999998e-29	3.9950410499999995e-06
4.194281371984686	1.98118e-29	3.9715480000000005e-06
4.268981334606379	1.8026199999999999e-29	3.9486699e-06
4.351070274008004	1.6301e-29	3.889742500000001e-06
4.452150180045774	1.44718e-29	3.82936715e-06
4.562207044715304	1.2772700000000002e-29	3.7354953999999995e-06
4.679555662786085	1.12278e-29	3.6233344e-06
4.817548044930626	9.6868e-30	3.4931487499999997e-06
4.9775453184504945	8.1773e-30	3.3117630000000002e-06
5.1077598303003695	7.0723e-30	3.13603675e-06
5.180709772105762	6.5003e-30	3.0312575999999996e-06
5.244196638385977	6.0852e-30	2.9592324999999997e-06
5.32670687909523	5.5206e-30	2.8523904500000003e-06
5.41297642378024	4.9731e-30	2.7130270999999997e-06
5.482069838231193	4.5429e-30	2.6088824999999998e-06
5.537389940702009	4.2242e-30	2.5221525e-06
5.5968582406633125	3.9081e-30	2.4348835e-06
5.662937730375083	3.5351e-30	2.33106475e-06
5.721012495241927	3.233e-30	2.2281622999999997e-06
5.76800379493887	2.97911e-30	2.1257768e-06
5.81052281921638	2.76047e-30	2.0570151e-06
5.859102100765151	2.52905e-30	1.9546663500000002e-06
5.910695307053105	2.26861e-30	1.8525234e-06
5.952825437815882	2.06438e-30	1.75110075e-06
5.986108241118475	1.90274e-30	1.68340235e-06
6.02136791978763	1.7430299999999998e-30	1.5988896e-06
6.060548941397013	1.56331e-30	1.50262812e-06
6.095095648622489	1.4109799999999998e-30	1.4136010000000001e-06
6.12332283623355	1.28497e-30	1.3381716249999998e-06
6.149054623791739	1.17289e-30	1.267606235e-06
6.178578123118576	1.04831e-30	1.1888213399999999e-06
6.21011090560487	9.2266e-31	1.0968534850000002e-06
6.236393625642264	8.2044e-31	1.0184110999999999e-06
6.257653137781018	7.387100000000001e-31	9.549590399999998e-07
6.280435816185812	6.6019e-31	8.881171599999999e-07
6.30600556477953	5.6991e-31	8.098817999999999e-07
6.329047505527479	4.9258e-31	7.3833739e-07
6.348265326713883	4.333000000000001e-31	6.76884775e-07
6.365992389427144	3.8117e-31	6.236484799999999e-07
6.386344483364855	3.2588000000000003e-31	5.621917e-07
6.408025296811236	2.70905e-31	4.9748377e-07
6.425784767317392	2.28454e-31	4.4281104000000005e-07
6.439784933847792	1.97059e-31	4.01444505e-07
6.454530479614764	1.68614e-31	3.616347e-07
6.473715893008275	1.3532499999999999e-31	3.11956785e-07
6.492512412887052	1.04569e-31	2.6071184999999994e-07
6.505540345630619	8.5459e-32	2.2602670999999997e-07
6.515133052327374	7.3243e-32	2.0454853999999999e-07
6.525503546053596	6.2021e-32	1.8140044999999996e-07
6.538985187897684	4.9328e-32	1.5496887000000002e-07
6.553439063528606	3.7135000000000006e-32	1.2706966649999997e-07
6.564911422213239	2.85387e-32	1.05793254e-07
6.5731105938155325	2.35339e-32	9.24317625e-08
6.581277357624933	1.95074e-32	8.105109599999999e-08
6.591874705901416	1.50591e-32	6.7687179e-08
6.6024396463850055	1.12352e-32	5.516260750000001e-08
6.610120293300988	8.893899999999999e-33	4.675775999999999e-08
6.616018511607776	7.445e-33	4.148927999999999e-08
6.62246766239377	6.1493000000000005e-33	3.6215409999999995e-08
6.630796465167643	4.7592000000000006e-33	3.04448025e-08
6.639449345870459	3.5123e-33	2.46813e-08
6.646254982378292	2.7072e-33	2.05646875e-08
6.651764307170349	2.21252e-33	1.79324075e-08
6.6577597488558204	1.77449e-33	1.5445892700000002e-08
6.665570026943381	1.314e-33	1.25982871e-08
6.672148808900953	9.6097e-34	1.0211972399999999e-08
6.6753247726046085	8.2912e-34	9.241752799999998e-09
6.677463686935642	7.592599999999999e-34	8.7142335e-09
6.680056310367197	6.8208999999999995e-34	8.10588135e-09
6.683426720828219	5.890499999999999e-34	7.365993599999999e-09
6.687477694940025	4.9037e-34	6.510042e-09
6.691496261258935	4.0101e-34	5.720093399999999e-09
6.694963895098642	3.3778999999999995e-34	5.0954854999999995e-09
6.6981074510094025	2.89448e-34	4.602373999999999e-09
6.701510269263318	2.43924e-34	4.1415192e-09
6.70523716544618	2.01497e-34	3.6649158e-09
6.708996469421936	1.64827e-34	3.2207014000000003e-09
6.712528918847431	1.36882e-34	2.8756262500000004e-09
6.715996552687135	1.1346e-34	2.5630331999999998e-09
6.719658633284207	9.3231e-35	2.2672985999999998e-09
6.723450345052857	7.595499999999999e-35	2.0041244999999997e-09
6.727339280200191	6.1419e-35	1.7741429999999998e-09
6.730450428318057	5.1214e-35	1.6014179999999998e-09
6.732427303684619	4.6089e-35	1.50943912e-09
6.734274547879601	4.2143000000000006e-35	1.4355275199999998e-09
6.736705132346684	3.7257e-35	1.3433482299999999e-09
6.739492202535607	3.2104000000000004e-35	1.2415296599999999e-09
6.742052418174268	2.78344e-35	1.1544912050000001e-09
6.744094109126618	2.5125e-35	1.0952073299999999e-09
6.746070984493179	2.2937e-35	1.0459476299999999e-09
6.748533976753157	2.0239600000000003e-35	9.8847798e-10
6.751256231356289	1.75604e-35	9.2594418e-10
6.7535247768589	1.5623900000000002e-35	8.7997532e-10
6.75533961326099	1.43381e-35	8.4714042e-10
6.757284080834656	1.31717e-35	8.19230755e-10
6.7598118886804235	1.16886e-35	7.81354e-10
6.762469327697767	1.02243e-35	7.435995000000001e-10
6.764575834235907	9.293099999999999e-36	7.173355e-10
6.766228631673522	8.6574e-36	7.00815885e-10
6.768108283661402	7.9972e-36	6.8276208e-10
6.770571275921378	7.1822e-36	6.614257649999999e-10
6.773163899352934	6.3536e-36	6.383528899999998e-10
6.77517318251239	5.8082e-36	6.219427899999998e-10
6.776793572157111	5.4748e-36	6.120967299999999e-10
6.778640816352095	5.0763e-36	6.022506699999998e-10
6.781038993026284	4.5949999999999994e-36	5.8739387e-10
6.78356680087205	4.1011e-36	5.726269849999999e-10
6.785576084031506	3.7774e-36	5.627823949999999e-10
6.787196473676229	3.5700000000000005e-36	5.578600999999999e-10
6.789076125664106	3.3202000000000004e-36	5.512147199999999e-10
6.791539117924084	3.0155e-36	5.413716000000001e-10
6.794099333562745	2.7031e-36	5.315284800000001e-10
6.796076208929305	2.50304e-36	5.248879999999999e-10
6.797664190781133	2.37347e-36	5.216074499999999e-10
6.799479027183223	2.23349e-36	5.183269e-10
6.80187720385741	2.0432300000000002e-36	5.117657999999999e-10
6.8043726039102825	1.84558e-36	5.0512924e-10
6.806349479276844	1.7193e-36	5.018491799999999e-10
6.808002276714461	1.63783e-36	4.9856912e-10
6.809914336495233	1.53509e-36	4.9528906e-10
6.812409736548105	1.41151e-36	4.919355000000001e-10
6.815034767772556	1.2854599999999999e-36	4.87016145e-10
6.8171088665178	1.20366e-36	4.83736575e-10
6.818891295126994	1.14759e-36	4.836643e-10
6.821030209458027	1.08091e-36	4.803852199999999e-10
6.823817279646949	9.9697e-37	4.7710614e-10
6.8267339810074485	9.1508e-37	4.73756255e-10
6.829132157681639	8.6086e-37	4.7211696e-10
6.83140070318425	8.224999999999999e-37	4.7211696e-10
6.834187773373171	7.7255e-37	4.687683e-10
6.8377526305915595	7.1723e-37	4.6712925e-10
6.84154434236021	6.66e-37	4.6542062e-10
6.84504438399281	6.321699999999999e-37	4.63781815e-10
6.848900911347249	5.9752e-37	4.6207392e-10
6.853826895867204	5.656e-37	4.604353599999999e-10
6.859368628452154	5.3514e-37	4.5872819999999997e-10
6.8648131376584205	5.1498000000000005e-37	4.5702153000000003e-10
6.870257646864687	4.9783e-37	4.5531535000000005e-10
6.875669748278059	4.8552e-37	4.53677525e-10
6.881081849691431	4.7540000000000006e-37	4.5197208e-10
6.886461543311909	4.6937999999999996e-37	4.5026712499999995e-10
6.892619023961854	4.5856e-37	4.5019975e-10
6.90068856439257	4.5125e-37	4.4685868499999993e-10
6.911123873704581	4.4176e-37	4.4515519999999996e-10
6.924702738927353	4.3124e-37	4.417497e-10
6.942364986054825	4.2036e-37	4.382805e-10
6.96530970342409	4.0725e-37	4.3311467500000006e-10
6.995157280679873	3.9091e-37	4.2795472999999993e-10
7.033981816567416	3.7215e-37	4.1940986500000007e-10
7.084408342311171	3.4974e-37	4.09126235e-10
7.14996930733663	3.2358e-37	3.9717832e-10
7.235234210441912	2.92221e-37	3.817798249999999e-10
7.346036454348014	2.5644399999999998e-37	3.6297631999999997e-10
7.475505586961316	2.22394e-37	3.4264818e-10
7.605979361154347	1.9318300000000002e-37	3.240321e-10
7.732240122271099	1.6976299999999999e-37	3.0550764999999994e-10
7.86096387564783	1.48328e-37	2.9028237e-10
7.997757169455276	1.29394e-37	2.734486649999999e-10
8.141550546527922	1.12122e-37	2.5830252e-10
8.288973596404746	9.768e-38	2.43240165e-10
8.439410571020755	8.4766e-38	2.2822632e-10
8.594579083399351	7.368100000000001e-38	2.1488068000000002e-10
8.755483775120263	6.3776e-38	2.0158208e-10
8.921703344875866	5.5299e-38	1.8990587e-10
9.092881306944316	4.7776e-38	1.7830511999999995e-10
9.269147292497195	4.1371e-38	1.66753615e-10
9.450922602842128	3.5672999999999997e-38	1.5683381e-10
9.638401684736486	3.0823e-38	1.46316401e-10
9.831714169351843	2.65212e-38	1.366694035e-10
10.030924872273987	2.28884e-38	1.2766499200000001e-10
10.236131016881604	1.96528e-38	1.1918907e-10
10.447689088896533	1.69274e-38	1.1123590449999999e-10
10.665761127283245	1.45113e-38	1.03614714e-10
10.890476763213316	1.2473e-38	9.651039999999998e-11
11.121998035651222	1.06753e-38	8.975202600000001e-11
11.36055179914722	9.1576e-39	8.35014635e-11
11.606429723837365	7.8252e-39	7.757807399999999e-11
11.859793848686126	6.6982e-39	7.200660249999999e-11
12.120935843829553	5.7145e-39	6.677136899999999e-11
12.389985340439223	4.8809e-39	6.18804585e-11
12.66723400865119	4.1554e-39	5.7309861e-11
12.9529735186015	3.5445e-39	5.30768245e-11
13.24739831704752	3.0112e-39	4.9159593e-11
13.550897297503985	2.5631099999999997e-39	4.5437111999999994e-11
13.863762130106943	2.17349e-39	4.2018088e-11
14.186284484992447	1.84613e-39	3.87877875e-11
14.518756032296544	1.56187e-39	3.5723205e-11
14.86156566553397	1.3239300000000002e-39	3.2969307000000004e-11
15.214972647047878	1.11729e-39	3.038882e-11
15.579365870353001	9.4509e-40	2.7968807999999998e-11
15.955199044549865	7.9505e-40	2.5849215000000002e-11
16.342893470946095	6.711400000000001e-40	2.375912e-11
16.74267600409195	5.6225e-40	2.18244775e-11
17.15509757646664	4.738e-40	2.005129e-11
17.580385042620424	3.9642e-40	1.8429389999999998e-11
18.018343955795938	3.3144000000000003e-40	1.696331e-11
18.40367261331087	2.85725e-40	1.5814799e-11
18.70312061965553	2.54007e-40	1.4954604e-11
18.99054533483635	2.27274e-40	1.4225704500000001e-11
19.31753996514129	1.99245e-40	1.3361564999999998e-11
19.682678567682984	1.73054e-40	1.2591860749999998e-11
20.052937601502002	0.0	0.0
20.406539029773278	0.0	0.0
20.7522653643712	0.0	0.0
21.107033473186675	0.0	0.0
21.478491595342792	0.0	0.0
21.860093356674863	0.0	0.0
22.240366398498267	0.0	0.0
22.61804681689011	0.0	0.0
22.99822263533483	0.0	0.0
23.38533372145896	0.0	0.0
23.779931007741705	0.0	0.0
24.17676443173417	0.0	0.0
24.573338593383475	0.0	0.0
24.969232191381995	0.0	0.0
25.365514682895256	0.0	0.0
25.76707964465031	0.0	0.0
26.173181697410584	0.0	0.0
26.586283833436053	0.0	0.0
26.979584808003022	0.0	0.0
27.254953824227112	0.0	0.0
27.42827070062659	0.0	0.0
27.61574978252095	0.0	0.0
27.85948879288006	0.0	0.0
28.14633016778878	0.0	0.0
28.425069594473893	0.0	0.0
28.665632641129346	0.0	0.0
28.889505674444163	0.0	0.0
29.13146225619408	0.0	0.0
29.402585851549	0.0	0.0
29.683010483464617	0.0	0.0
29.948819200784847	0.0	0.0
30.19683603980602	0.0	0.0
30.440348195614874	0.0	0.0
30.693712320463632	0.0	0.0
30.95764138579598	0.0	0.0
31.225038084968034	0.0	0.0
31.4952866699148	0.0	0.0
31.769197335458635	0.0	0.0
32.043334855552736	0.0	0.0
32.313842702842656	0.0	0.0
32.57923011885526	0.0	0.0
32.840761007513414	0.0	0.0
33.10067150652686	0.0	0.0
33.347942966311464	0.0	0.0
33.573177126927845	0.0	0.0
33.77799437802073	0.0	0.0
33.96433918716378	0.0	0.0
34.134156021930664	0.0	0.0
34.288417116108214	0.0	0.0
34.45758579501721	0.0	0.0
34.67763470877048	0.0	0.0
34.91518383068676	0.0	0.0
35.13101973136375	0.0	0.0
35.32773503423302	0.0	0.0
35.50662605101035	0.0	0.0
35.6696372492694	0.0	0.0
35.81774086279701	0.0	0.0
35.98010390519817	0.0	0.0
36.191078636941	0.0	0.0
36.41890542098894	0.0	0.0
36.62631529551338	0.0	0.0
36.81492865015905	0.0	0.0
36.986689952499596	0.0	0.0
37.143219592179754	0.0	0.0
37.31433273866242	0.0	0.0
37.53697427584725	0.0	0.0
37.77711602119507	0.0	0.0
37.99586862323257	0.0	0.0
38.194852471604456	0.0	0.0
38.37601203388439	0.0	0.0
38.54064362178817	0.0	0.0
38.721479106139164	0.0	0.0
38.95611152669493	0.0	0.0
39.209540467129486	0.0	0.0
39.440283952537925	0.0	0.0
39.64996237256497	0.0	0.0
39.841168350642185	0.0	0.0
40.050522692740294	0.0	0.0
40.32242407512468	0.0	0.0
40.61603867874834	0.0	0.0
40.8834029701275	0.0	0.0
41.12678549476477	0.0	0.0
41.34813072023382	0.0	0.0
41.590541011084255	0.0	0.0
41.905868835947196	0.0	0.0
42.24615066133885	0.0	0.0
42.555969161409735	0.0	0.0
42.83791695959139	0.0	0.0
43.146763225875446	0.0	0.0
43.5482957798376	0.0	0.0
43.98191204876525	0.0	0.0
44.376314888290636	0.0	0.0
44.73539323356107	0.0	0.0
45.12882383929962	0.0	0.0
45.64021881117394	0.0	0.0
46.19212352416631	0.0	0.0
46.69444431403019	0.0	0.0
47.15171827177079	0.0	0.0
47.652742749918886	0.0	0.0
48.3041393870972	0.0	0.0
49.007064414977684	0.0	0.0
49.64679424671401	0.0	0.0
50.22916228502716	0.0	0.0
50.86727172711875	0.0	0.0
51.69658714728757	0.0	0.0
52.592014464961046	0.0	0.0
53.40674637832736	0.0	0.0
54.14823667975223	0.0	0.0
54.82296692781454	0.0	0.0
55.56251276166575	0.0	0.0
56.52372789891494	0.0	0.0
57.56142542739504	0.0	0.0
58.50578851233912	0.0	0.0
59.36524317989977	0.0	0.0
60.30668956348336	0.0	0.0
61.53105597903544	0.0	0.0
62.85264577327085	0.0	0.0
64.05497488965472	0.0	0.0
65.14938605570008	0.0	0.0
66.34879847072342	0.0	0.0
67.84863112587828	0.0	0.0
69.41878869161408	0.0	0.0
70.84764828033009	0.0	0.0
72.14784893125518	0.0	0.0
73.55985646766608	0.0	0.0
75.24603393196399	0.0	0.0
77.02198098257949	0.0	0.0
78.76454800651373	0.0	0.0
80.51489290074264	0.0	0.0
82.30931239330798	0.0	0.0
84.13905638012827	0.0	0.0
85.93574441819622	0.0	0.0
87.59048632338651	0.0	0.0
89.0796244068862	0.0	0.0
90.41968664307144	0.0	0.0
91.62622877253159	0.0	0.0
92.71188983449545	0.0	0.0
93.73338346652831	0.0	0.0
94.7477473841244	0.0	0.0
95.76243537964943	0.0	0.0
96.77712337517445	0.0	0.0
97.79148729277055	0.0	0.0
98.80617528829558	0.0	0.0
99.82086328382061	0.0	0.0
100.8352272014167	0.0	0.0
101.84991519694172	0.0	0.0
102.41964419602604	0.0	0.0
