#depth	N	N+	N+2	N+3	N+4	N+5	N+6	N+7
 6.17135e+19	2.52e-27	1.07e-20	1.23e-15	1.29e-11	2.78e-08	2.81e-04	4.02e-02	9.59e-01
 1.87609e+20	7.27e-27	2.65e-20	2.59e-15	2.32e-11	4.21e-08	3.68e-04	4.59e-02	9.54e-01
 2.83882e+20	1.59e-26	5.17e-20	4.52e-15	3.59e-11	5.75e-08	4.50e-04	5.05e-02	9.49e-01
 3.32018e+20	2.33e-26	7.15e-20	5.93e-15	4.45e-11	6.69e-08	4.96e-04	5.30e-02	9.47e-01
 3.58443e+20	2.85e-26	8.51e-20	6.86e-15	4.99e-11	7.26e-08	5.23e-04	5.43e-02	9.45e-01
 3.82315e+20	3.44e-26	1.00e-19	7.84e-15	5.55e-11	7.83e-08	5.49e-04	5.56e-02	9.44e-01
 4.13349e+20	4.32e-26	1.21e-19	9.22e-15	6.31e-11	8.58e-08	5.82e-04	5.72e-02	9.42e-01
 4.53692e+20	5.81e-26	1.56e-19	1.14e-14	7.47e-11	9.67e-08	6.29e-04	5.94e-02	9.40e-01
 4.96675e+20	7.91e-26	2.04e-19	1.42e-14	8.90e-11	1.10e-07	6.82e-04	6.18e-02	9.38e-01
 5.34116e+20	1.03e-25	2.55e-19	1.72e-14	1.03e-10	1.22e-07	7.31e-04	6.38e-02	9.35e-01
 5.73817e+20	1.35e-25	3.22e-19	2.09e-14	1.21e-10	1.36e-07	7.86e-04	6.61e-02	9.33e-01
 6.18609e+20	1.82e-25	4.16e-19	2.59e-14	1.43e-10	1.54e-07	8.51e-04	6.86e-02	9.31e-01
 6.61101e+20	2.40e-25	5.27e-19	3.16e-14	1.68e-10	1.73e-07	9.16e-04	7.11e-02	9.28e-01
 7.01149e+20	3.09e-25	6.56e-19	3.79e-14	1.95e-10	1.92e-07	9.80e-04	7.34e-02	9.26e-01
 7.40593e+20	3.95e-25	8.09e-19	4.53e-14	2.24e-10	2.13e-07	1.05e-03	7.57e-02	9.23e-01
 7.79060e+20	4.99e-25	9.88e-19	5.36e-14	2.57e-10	2.34e-07	1.11e-03	7.80e-02	9.21e-01
 8.22596e+20	6.45e-25	1.23e-18	6.46e-14	2.98e-10	2.61e-07	1.19e-03	8.06e-02	9.18e-01
 8.69940e+20	8.48e-25	1.56e-18	7.87e-14	3.50e-10	2.93e-07	1.29e-03	8.35e-02	9.15e-01
 9.12434e+20	1.08e-24	1.91e-18	9.36e-14	4.02e-10	3.24e-07	1.37e-03	8.61e-02	9.12e-01
 9.57876e+20	1.38e-24	2.37e-18	1.12e-13	4.65e-10	3.60e-07	1.47e-03	8.89e-02	9.10e-01
 1.00848e+21	1.81e-24	3.00e-18	1.37e-13	5.46e-10	4.04e-07	1.58e-03	9.21e-02	9.06e-01
 1.05561e+21	2.32e-24	3.71e-18	1.64e-13	6.30e-10	4.48e-07	1.69e-03	9.51e-02	9.03e-01
 1.09994e+21	2.91e-24	4.50e-18	1.93e-13	7.20e-10	4.94e-07	1.80e-03	9.79e-02	9.00e-01
 1.15084e+21	3.74e-24	5.60e-18	2.32e-13	8.36e-10	5.50e-07	1.93e-03	1.01e-01	8.97e-01
 1.20784e+21	4.93e-24	7.11e-18	2.84e-13	9.84e-10	6.19e-07	2.08e-03	1.05e-01	8.93e-01
 1.25782e+21	6.24e-24	8.71e-18	3.37e-13	1.13e-09	6.85e-07	2.23e-03	1.08e-01	8.90e-01
 1.29965e+21	7.57e-24	1.03e-17	3.89e-13	1.27e-09	7.45e-07	2.35e-03	1.11e-01	8.87e-01
 1.34582e+21	9.33e-24	1.23e-17	4.53e-13	1.44e-09	8.15e-07	2.49e-03	1.14e-01	8.84e-01
 1.40584e+21	1.21e-23	1.55e-17	5.50e-13	1.68e-09	9.14e-07	2.68e-03	1.18e-01	8.80e-01
 1.46798e+21	1.59e-23	1.95e-17	6.68e-13	1.97e-09	1.03e-06	2.89e-03	1.22e-01	8.75e-01
 1.51968e+21	1.98e-23	2.36e-17	7.86e-13	2.25e-09	1.13e-06	3.07e-03	1.25e-01	8.71e-01
 1.57366e+21	2.45e-23	2.84e-17	9.21e-13	2.55e-09	1.24e-06	3.26e-03	1.29e-01	8.68e-01
 1.64383e+21	3.24e-23	3.62e-17	1.13e-12	3.02e-09	1.40e-06	3.53e-03	1.34e-01	8.63e-01
 1.71603e+21	4.29e-23	4.60e-17	1.39e-12	3.56e-09	1.58e-06	3.81e-03	1.39e-01	8.58e-01
 1.77542e+21	5.38e-23	5.60e-17	1.64e-12	4.08e-09	1.75e-06	4.06e-03	1.43e-01	8.53e-01
 1.83719e+21	6.72e-23	6.79e-17	1.93e-12	4.66e-09	1.93e-06	4.32e-03	1.47e-01	8.49e-01
 1.90536e+21	8.59e-23	8.39e-17	2.31e-12	5.40e-09	2.15e-06	4.63e-03	1.51e-01	8.44e-01
 1.96781e+21	1.07e-22	1.01e-16	2.71e-12	6.15e-09	2.36e-06	4.92e-03	1.56e-01	8.39e-01
 2.03498e+21	1.34e-22	1.24e-16	3.21e-12	7.05e-09	2.61e-06	5.25e-03	1.60e-01	8.34e-01
 2.10992e+21	1.72e-22	1.53e-16	3.86e-12	8.18e-09	2.91e-06	5.63e-03	1.65e-01	8.29e-01
 2.18027e+21	2.17e-22	1.87e-16	4.56e-12	9.38e-09	3.22e-06	6.00e-03	1.70e-01	8.24e-01
 2.25702e+21	2.76e-22	2.30e-16	5.45e-12	1.08e-08	3.58e-06	6.43e-03	1.76e-01	8.18e-01
 2.34249e+21	3.59e-22	2.90e-16	6.62e-12	1.27e-08	4.03e-06	6.92e-03	1.81e-01	8.12e-01
 2.42277e+21	4.58e-22	3.57e-16	7.90e-12	1.47e-08	4.48e-06	7.40e-03	1.87e-01	8.06e-01
 2.51060e+21	5.92e-22	4.46e-16	9.54e-12	1.71e-08	5.01e-06	7.95e-03	1.93e-01	7.99e-01
 2.60915e+21	7.84e-22	5.68e-16	1.17e-11	2.02e-08	5.67e-06	8.60e-03	2.00e-01	7.92e-01
 2.69682e+21	1.00e-21	7.02e-16	1.40e-11	2.34e-08	6.31e-06	9.21e-03	2.06e-01	7.85e-01
 2.77220e+21	1.23e-21	8.38e-16	1.63e-11	2.64e-08	6.90e-06	9.74e-03	2.11e-01	7.80e-01
 2.85643e+21	1.54e-21	1.02e-15	1.93e-11	3.03e-08	7.62e-06	1.04e-02	2.17e-01	7.73e-01
 2.96592e+21	2.04e-21	1.30e-15	2.36e-11	3.57e-08	8.61e-06	1.12e-02	2.24e-01	7.65e-01
 3.07690e+21	2.72e-21	1.66e-15	2.92e-11	4.24e-08	9.77e-06	1.21e-02	2.31e-01	7.56e-01
 3.16467e+21	3.38e-21	2.01e-15	3.42e-11	4.83e-08	1.07e-05	1.29e-02	2.37e-01	7.50e-01
 3.25365e+21	4.20e-21	2.42e-15	4.01e-11	5.49e-08	1.18e-05	1.37e-02	2.43e-01	7.43e-01
 3.36932e+21	5.51e-21	3.06e-15	4.89e-11	6.45e-08	1.33e-05	1.47e-02	2.51e-01	7.34e-01
 3.48973e+21	7.33e-21	3.92e-15	6.03e-11	7.65e-08	1.51e-05	1.59e-02	2.59e-01	7.25e-01
 3.58979e+21	9.21e-21	4.78e-15	7.13e-11	8.76e-08	1.66e-05	1.69e-02	2.66e-01	7.17e-01
 3.69336e+21	1.16e-20	5.83e-15	8.45e-11	1.01e-07	1.84e-05	1.81e-02	2.73e-01	7.09e-01
 3.82801e+21	1.55e-20	7.49e-15	1.04e-10	1.19e-07	2.09e-05	1.95e-02	2.82e-01	6.99e-01
 3.96623e+21	2.09e-20	9.68e-15	1.30e-10	1.43e-07	2.38e-05	2.12e-02	2.91e-01	6.88e-01
 4.07873e+21	2.65e-20	1.19e-14	1.55e-10	1.64e-07	2.64e-05	2.26e-02	2.99e-01	6.79e-01
 4.19462e+21	3.36e-20	1.46e-14	1.84e-10	1.90e-07	2.93e-05	2.41e-02	3.06e-01	6.70e-01
 4.34528e+21	4.54e-20	1.90e-14	2.30e-10	2.27e-07	3.34e-05	2.61e-02	3.16e-01	6.58e-01
 4.49014e+21	6.04e-20	2.43e-14	2.83e-10	2.69e-07	3.78e-05	2.82e-02	3.25e-01	6.46e-01
 4.59474e+21	7.38e-20	2.89e-14	3.28e-10	3.03e-07	4.13e-05	2.97e-02	3.32e-01	6.38e-01
 4.69801e+21	8.97e-20	3.42e-14	3.79e-10	3.41e-07	4.50e-05	3.13e-02	3.39e-01	6.30e-01
 4.83227e+21	1.15e-19	4.23e-14	4.54e-10	3.95e-07	5.01e-05	3.34e-02	3.47e-01	6.20e-01
 4.97636e+21	1.49e-19	5.32e-14	5.53e-10	4.64e-07	5.64e-05	3.59e-02	3.56e-01	6.08e-01
 5.10217e+21	1.87e-19	6.46e-14	6.52e-10	5.32e-07	6.22e-05	3.81e-02	3.64e-01	5.98e-01
 5.23463e+21	2.35e-19	7.87e-14	7.72e-10	6.10e-07	6.88e-05	4.05e-02	3.72e-01	5.88e-01
 5.40683e+21	3.16e-19	1.02e-13	9.61e-10	7.30e-07	7.85e-05	4.38e-02	3.82e-01	5.74e-01
 5.57935e+21	4.22e-19	1.31e-13	1.19e-09	8.71e-07	8.93e-05	4.73e-02	3.92e-01	5.60e-01
 5.71494e+21	5.26e-19	1.59e-13	1.41e-09	9.98e-07	9.86e-05	5.02e-02	4.00e-01	5.50e-01
 5.85383e+21	6.56e-19	1.92e-13	1.66e-09	1.14e-06	1.09e-04	5.33e-02	4.08e-01	5.39e-01
 6.03439e+21	8.69e-19	2.45e-13	2.05e-09	1.36e-06	1.24e-04	5.74e-02	4.18e-01	5.25e-01
 6.22415e+21	1.16e-18	3.16e-13	2.54e-09	1.63e-06	1.41e-04	6.20e-02	4.28e-01	5.10e-01
 6.38499e+21	1.47e-18	3.89e-13	3.04e-09	1.89e-06	1.57e-04	6.60e-02	4.36e-01	4.98e-01
 6.55320e+21	1.88e-18	4.81e-13	3.66e-09	2.20e-06	1.76e-04	7.05e-02	4.45e-01	4.85e-01
 6.77188e+21	2.55e-18	6.29e-13	4.61e-09	2.67e-06	2.02e-04	7.65e-02	4.55e-01	4.68e-01
 6.99274e+21	3.44e-18	8.19e-13	5.80e-09	3.24e-06	2.33e-04	8.29e-02	4.65e-01	4.52e-01
 7.16796e+21	4.35e-18	1.01e-12	6.95e-09	3.77e-06	2.61e-04	8.83e-02	4.73e-01	4.39e-01
 7.31821e+21	5.26e-18	1.19e-12	8.04e-09	4.25e-06	2.85e-04	9.29e-02	4.79e-01	4.28e-01
 7.48448e+21	6.48e-18	1.43e-12	9.43e-09	4.87e-06	3.15e-04	9.82e-02	4.86e-01	4.16e-01
 7.70062e+21	8.41e-18	1.80e-12	1.16e-08	5.78e-06	3.57e-04	1.05e-01	4.94e-01	4.01e-01
 7.92328e+21	1.09e-17	2.27e-12	1.42e-08	6.88e-06	4.05e-04	1.13e-01	5.01e-01	3.85e-01
 8.10649e+21	1.35e-17	2.73e-12	1.67e-08	7.90e-06	4.49e-04	1.20e-01	5.07e-01	3.73e-01
 8.29679e+21	1.66e-17	3.28e-12	1.97e-08	9.09e-06	4.98e-04	1.27e-01	5.13e-01	3.60e-01
 8.54417e+21	2.15e-17	4.14e-12	2.42e-08	1.09e-05	5.67e-04	1.36e-01	5.19e-01	3.44e-01
 8.79269e+21	2.77e-17	5.19e-12	2.96e-08	1.29e-05	6.45e-04	1.46e-01	5.25e-01	3.29e-01
 8.98785e+21	3.35e-17	6.16e-12	3.45e-08	1.47e-05	7.11e-04	1.53e-01	5.29e-01	3.17e-01
 9.18669e+21	4.04e-17	7.29e-12	4.01e-08	1.68e-05	7.84e-04	1.61e-01	5.32e-01	3.05e-01
 9.44519e+21	5.11e-17	9.00e-12	4.84e-08	1.98e-05	8.85e-04	1.72e-01	5.36e-01	2.91e-01
 9.71496e+21	6.47e-17	1.11e-11	5.86e-08	2.34e-05	1.00e-03	1.83e-01	5.39e-01	2.76e-01
 9.94154e+21	7.83e-17	1.32e-11	6.85e-08	2.67e-05	1.11e-03	1.93e-01	5.41e-01	2.64e-01
 1.01783e+22	9.46e-17	1.57e-11	8.00e-08	3.06e-05	1.22e-03	2.03e-01	5.43e-01	2.53e-01
 1.04860e+22	1.20e-16	1.94e-11	9.72e-08	3.63e-05	1.39e-03	2.16e-01	5.44e-01	2.38e-01
 1.08018e+22	1.51e-16	2.40e-11	1.18e-07	4.30e-05	1.58e-03	2.30e-01	5.44e-01	2.24e-01
 1.10606e+22	1.81e-16	2.84e-11	1.37e-07	4.91e-05	1.74e-03	2.42e-01	5.43e-01	2.13e-01
 1.13296e+22	2.17e-16	3.35e-11	1.59e-07	5.61e-05	1.92e-03	2.54e-01	5.42e-01	2.02e-01
 1.16106e+22	2.61e-16	3.96e-11	1.86e-07	6.42e-05	2.12e-03	2.66e-01	5.40e-01	1.92e-01
 1.18466e+22	3.02e-16	4.53e-11	2.11e-07	7.17e-05	2.31e-03	2.77e-01	5.38e-01	1.83e-01
 1.20930e+22	3.51e-16	5.20e-11	2.39e-07	7.99e-05	2.50e-03	2.87e-01	5.36e-01	1.75e-01
 1.24133e+22	4.23e-16	6.17e-11	2.79e-07	9.17e-05	2.77e-03	3.01e-01	5.32e-01	1.64e-01
 1.27425e+22	5.10e-16	7.32e-11	3.27e-07	1.05e-04	3.07e-03	3.15e-01	5.27e-01	1.54e-01
 1.30096e+22	5.90e-16	8.36e-11	3.70e-07	1.17e-04	3.33e-03	3.27e-01	5.23e-01	1.47e-01
 1.32830e+22	6.80e-16	9.54e-11	4.17e-07	1.30e-04	3.60e-03	3.38e-01	5.19e-01	1.39e-01
 1.36385e+22	8.14e-16	1.13e-10	4.86e-07	1.49e-04	3.97e-03	3.53e-01	5.13e-01	1.30e-01
 1.40040e+22	9.74e-16	1.33e-10	5.65e-07	1.70e-04	4.38e-03	3.68e-01	5.06e-01	1.22e-01
 1.43031e+22	1.12e-15	1.51e-10	6.37e-07	1.88e-04	4.73e-03	3.80e-01	5.00e-01	1.15e-01
 1.46123e+22	1.29e-15	1.72e-10	7.18e-07	2.09e-04	5.11e-03	3.92e-01	4.94e-01	1.09e-01
 1.50142e+22	1.54e-15	2.03e-10	8.34e-07	2.38e-04	5.62e-03	4.08e-01	4.85e-01	1.01e-01
 1.54296e+22	1.84e-15	2.39e-10	9.70e-07	2.71e-04	6.19e-03	4.24e-01	4.76e-01	9.37e-02
 1.57729e+22	2.12e-15	2.72e-10	1.09e-06	3.00e-04	6.68e-03	4.36e-01	4.69e-01	8.80e-02
 1.61298e+22	2.44e-15	3.10e-10	1.23e-06	3.33e-04	7.20e-03	4.49e-01	4.61e-01	8.26e-02
 1.65937e+22	2.91e-15	3.65e-10	1.44e-06	3.79e-04	7.91e-03	4.65e-01	4.50e-01	7.62e-02
 1.70758e+22	3.48e-15	4.31e-10	1.67e-06	4.31e-04	8.70e-03	4.82e-01	4.39e-01	7.00e-02
 1.74793e+22	4.02e-15	4.93e-10	1.89e-06	4.78e-04	9.39e-03	4.95e-01	4.30e-01	6.53e-02
 1.79017e+22	4.64e-15	5.63e-10	2.14e-06	5.31e-04	1.01e-02	5.08e-01	4.20e-01	6.08e-02
 1.84508e+22	5.57e-15	6.67e-10	2.50e-06	6.05e-04	1.11e-02	5.25e-01	4.08e-01	5.54e-02
 1.89654e+22	6.55e-15	7.77e-10	2.89e-06	6.82e-04	1.22e-02	5.40e-01	3.96e-01	5.07e-02
 1.93177e+22	7.34e-15	8.62e-10	3.18e-06	7.37e-04	1.29e-02	5.50e-01	3.88e-01	4.79e-02
 1.96581e+22	8.13e-15	9.48e-10	3.47e-06	7.93e-04	1.36e-02	5.59e-01	3.81e-01	4.53e-02
 2.01005e+22	9.26e-15	1.07e-09	3.88e-06	8.69e-04	1.45e-02	5.71e-01	3.72e-01	4.22e-02
 2.05986e+22	1.07e-14	1.22e-09	4.39e-06	9.61e-04	1.56e-02	5.83e-01	3.61e-01	3.90e-02
 2.10651e+22	1.21e-14	1.38e-09	4.91e-06	1.05e-03	1.67e-02	5.95e-01	3.51e-01	3.62e-02
 2.14951e+22	1.37e-14	1.54e-09	5.43e-06	1.14e-03	1.77e-02	6.05e-01	3.43e-01	3.38e-02
 2.19814e+22	1.55e-14	1.73e-09	6.07e-06	1.25e-03	1.88e-02	6.16e-01	3.33e-01	3.14e-02
 2.26136e+22	1.82e-14	2.01e-09	6.97e-06	1.40e-03	2.04e-02	6.29e-01	3.21e-01	2.85e-02
 2.32527e+22	2.13e-14	2.33e-09	8.00e-06	1.56e-03	2.20e-02	6.42e-01	3.09e-01	2.59e-02
 2.37601e+22	2.41e-14	2.62e-09	8.90e-06	1.69e-03	2.34e-02	6.51e-01	3.00e-01	2.40e-02
 2.42790e+22	2.71e-14	2.93e-09	9.89e-06	1.84e-03	2.48e-02	6.60e-01	2.91e-01	2.23e-02
 2.49535e+22	3.16e-14	3.37e-09	1.13e-05	2.04e-03	2.67e-02	6.72e-01	2.79e-01	2.02e-02
 2.56675e+22	3.70e-14	3.91e-09	1.29e-05	2.27e-03	2.88e-02	6.83e-01	2.68e-01	1.83e-02
 2.62828e+22	4.22e-14	4.42e-09	1.45e-05	2.48e-03	3.06e-02	6.92e-01	2.58e-01	1.68e-02
 2.69325e+22	4.82e-14	5.02e-09	1.63e-05	2.70e-03	3.26e-02	7.01e-01	2.49e-01	1.54e-02
 2.77772e+22	5.72e-14	5.88e-09	1.89e-05	3.02e-03	3.52e-02	7.11e-01	2.37e-01	1.37e-02
 2.86542e+22	6.79e-14	6.91e-09	2.20e-05	3.38e-03	3.80e-02	7.21e-01	2.25e-01	1.22e-02
 2.93885e+22	7.78e-14	7.86e-09	2.48e-05	3.70e-03	4.05e-02	7.29e-01	2.16e-01	1.11e-02
 3.01584e+22	9.00e-14	9.00e-09	2.81e-05	4.05e-03	4.31e-02	7.36e-01	2.07e-01	1.01e-02
 3.11593e+22	1.08e-13	1.06e-08	3.28e-05	4.53e-03	4.65e-02	7.44e-01	1.96e-01	8.92e-03
 3.22116e+22	1.30e-13	1.26e-08	3.85e-05	5.08e-03	5.03e-02	7.52e-01	1.85e-01	7.84e-03
 3.30126e+22	1.49e-13	1.44e-08	4.33e-05	5.53e-03	5.33e-02	7.57e-01	1.77e-01	7.12e-03
 3.36187e+22	1.64e-13	1.58e-08	4.72e-05	5.89e-03	5.56e-02	7.61e-01	1.71e-01	6.63e-03
 3.42896e+22	1.84e-13	1.75e-08	5.19e-05	6.29e-03	5.81e-02	7.65e-01	1.65e-01	6.14e-03
 3.51618e+22	2.12e-13	1.99e-08	5.84e-05	6.83e-03	6.14e-02	7.69e-01	1.58e-01	5.58e-03
 3.61477e+22	2.48e-13	2.30e-08	6.67e-05	7.49e-03	6.52e-02	7.73e-01	1.50e-01	5.00e-03
 3.70877e+22	2.87e-13	2.63e-08	7.53e-05	8.15e-03	6.90e-02	7.76e-01	1.43e-01	4.51e-03
 3.79398e+22	3.28e-13	2.97e-08	8.39e-05	8.78e-03	7.24e-02	7.78e-01	1.36e-01	4.12e-03
 3.88717e+22	3.77e-13	3.37e-08	9.41e-05	9.50e-03	7.62e-02	7.80e-01	1.30e-01	3.74e-03
 4.00831e+22	4.50e-13	3.96e-08	1.09e-04	1.05e-02	8.10e-02	7.82e-01	1.23e-01	3.32e-03
 4.13200e+22	5.38e-13	4.65e-08	1.26e-04	1.16e-02	8.63e-02	7.84e-01	1.16e-01	2.92e-03
 4.23128e+22	6.19e-13	5.28e-08	1.41e-04	1.25e-02	9.06e-02	7.84e-01	1.10e-01	2.65e-03
 4.33262e+22	7.12e-13	5.99e-08	1.57e-04	1.34e-02	9.49e-02	7.84e-01	1.05e-01	2.41e-03
 4.46437e+22	8.55e-13	7.04e-08	1.81e-04	1.47e-02	1.00e-01	7.84e-01	9.90e-02	2.14e-03
 4.60550e+22	1.03e-12	8.31e-08	2.10e-04	1.62e-02	1.07e-01	7.82e-01	9.26e-02	1.88e-03
 4.72817e+22	1.21e-12	9.58e-08	2.38e-04	1.76e-02	1.12e-01	7.81e-01	8.76e-02	1.68e-03
 4.85698e+22	1.42e-12	1.11e-07	2.70e-04	1.91e-02	1.18e-01	7.78e-01	8.28e-02	1.50e-03
 5.02444e+22	1.76e-12	1.33e-07	3.16e-04	2.12e-02	1.25e-01	7.75e-01	7.72e-02	1.31e-03
 5.19746e+22	2.17e-12	1.60e-07	3.71e-04	2.36e-02	1.33e-01	7.70e-01	7.16e-02	1.13e-03
 5.33891e+22	2.57e-12	1.86e-07	4.21e-04	2.56e-02	1.40e-01	7.66e-01	6.74e-02	1.01e-03
 5.48397e+22	3.04e-12	2.15e-07	4.77e-04	2.77e-02	1.46e-01	7.61e-01	6.35e-02	9.01e-04
 5.67254e+22	3.78e-12	2.59e-07	5.58e-04	3.06e-02	1.55e-01	7.54e-01	5.90e-02	7.83e-04
 5.87402e+22	4.74e-12	3.15e-07	6.59e-04	3.40e-02	1.64e-01	7.46e-01	5.44e-02	6.71e-04
 6.04842e+22	5.75e-12	3.72e-07	7.58e-04	3.72e-02	1.73e-01	7.38e-01	5.07e-02	5.89e-04
 6.23127e+22	6.98e-12	4.40e-07	8.71e-04	4.06e-02	1.81e-01	7.30e-01	4.73e-02	5.19e-04
 6.46748e+22	8.94e-12	5.42e-07	1.03e-03	4.52e-02	1.91e-01	7.19e-01	4.34e-02	4.43e-04
 6.69596e+22	1.13e-11	6.64e-07	1.23e-03	5.02e-02	2.02e-01	7.06e-01	3.97e-02	3.76e-04
 6.86162e+22	1.34e-11	7.63e-07	1.38e-03	5.40e-02	2.10e-01	6.97e-01	3.73e-02	3.37e-04
 7.02275e+22	1.57e-11	8.74e-07	1.54e-03	5.78e-02	2.17e-01	6.88e-01	3.52e-02	3.04e-04
 7.23221e+22	1.93e-11	1.04e-06	1.77e-03	6.30e-02	2.27e-01	6.76e-01	3.27e-02	2.66e-04
 7.46527e+22	2.41e-11	1.25e-06	2.07e-03	6.92e-02	2.37e-01	6.61e-01	3.01e-02	2.29e-04
 7.68379e+22	2.96e-11	1.49e-06	2.38e-03	7.54e-02	2.47e-01	6.47e-01	2.78e-02	2.00e-04
 7.88266e+22	3.57e-11	1.74e-06	2.70e-03	8.14e-02	2.55e-01	6.34e-01	2.59e-02	1.77e-04
 8.10120e+22	4.34e-11	2.05e-06	3.09e-03	8.82e-02	2.64e-01	6.20e-01	2.40e-02	1.56e-04
 8.38531e+22	5.57e-11	2.53e-06	3.66e-03	9.76e-02	2.76e-01	6.01e-01	2.19e-02	1.33e-04
 8.66815e+22	7.19e-11	3.12e-06	4.35e-03	1.08e-01	2.87e-01	5.80e-01	1.97e-02	1.12e-04
 8.88247e+22	8.71e-11	3.67e-06	4.95e-03	1.16e-01	2.96e-01	5.64e-01	1.83e-02	9.88e-05
 9.09420e+22	1.04e-10	4.24e-06	5.58e-03	1.25e-01	3.03e-01	5.49e-01	1.71e-02	8.83e-05
 9.36945e+22	1.31e-10	5.14e-06	6.52e-03	1.36e-01	3.12e-01	5.29e-01	1.55e-02	7.61e-05
 9.66295e+22	1.68e-10	6.35e-06	7.73e-03	1.50e-01	3.22e-01	5.06e-01	1.40e-02	6.44e-05
 9.91290e+22	2.08e-10	7.58e-06	8.93e-03	1.63e-01	3.30e-01	4.86e-01	1.28e-02	5.59e-05
 1.01364e+23	2.50e-10	8.84e-06	1.01e-02	1.74e-01	3.35e-01	4.69e-01	1.18e-02	4.97e-05
 1.03927e+23	3.07e-10	1.05e-05	1.17e-02	1.88e-01	3.41e-01	4.48e-01	1.08e-02	4.33e-05
 1.06688e+23	3.85e-10	1.27e-05	1.36e-02	2.04e-01	3.47e-01	4.25e-01	9.76e-03	3.72e-05
 1.09067e+23	4.69e-10	1.50e-05	1.56e-02	2.19e-01	3.50e-01	4.06e-01	8.92e-03	3.27e-05
 1.11139e+23	5.56e-10	1.73e-05	1.75e-02	2.33e-01	3.53e-01	3.88e-01	8.25e-03	2.91e-05
 1.13449e+23	6.65e-10	2.02e-05	1.99e-02	2.49e-01	3.54e-01	3.69e-01	7.57e-03	2.58e-05
 1.16040e+23	8.17e-10	2.40e-05	2.30e-02	2.68e-01	3.55e-01	3.47e-01	6.84e-03	2.24e-05
 1.18369e+23	9.86e-10	2.82e-05	2.62e-02	2.86e-01	3.54e-01	3.27e-01	6.22e-03	1.96e-05
 1.20331e+23	1.15e-09	3.22e-05	2.93e-02	3.02e-01	3.53e-01	3.10e-01	5.72e-03	1.76e-05
 1.22442e+23	1.35e-09	3.70e-05	3.29e-02	3.19e-01	3.50e-01	2.93e-01	5.25e-03	1.57e-05
 1.24758e+23	1.62e-09	4.32e-05	3.74e-02	3.40e-01	3.45e-01	2.73e-01	4.74e-03	1.37e-05
 1.26770e+23	1.91e-09	4.97e-05	4.21e-02	3.59e-01	3.40e-01	2.55e-01	4.31e-03	1.21e-05
 1.28438e+23	2.17e-09	5.56e-05	4.63e-02	3.75e-01	3.34e-01	2.41e-01	3.97e-03	1.09e-05
 1.30226e+23	2.48e-09	6.24e-05	5.10e-02	3.93e-01	3.27e-01	2.26e-01	3.65e-03	9.83e-06
 1.32213e+23	2.88e-09	7.10e-05	5.70e-02	4.13e-01	3.18e-01	2.09e-01	3.30e-03	8.68e-06
 1.33977e+23	3.30e-09	8.00e-05	6.31e-02	4.33e-01	3.08e-01	1.93e-01	2.99e-03	7.71e-06
 1.35439e+23	3.69e-09	8.82e-05	6.86e-02	4.50e-01	2.99e-01	1.80e-01	2.74e-03	6.97e-06
 1.36782e+23	4.07e-09	9.61e-05	7.39e-02	4.65e-01	2.89e-01	1.69e-01	2.53e-03	6.35e-06
 1.38319e+23	4.55e-09	1.06e-04	8.03e-02	4.83e-01	2.78e-01	1.56e-01	2.30e-03	5.67e-06
 1.39964e+23	5.11e-09	1.17e-04	8.78e-02	5.03e-01	2.64e-01	1.42e-01	2.07e-03	5.03e-06
 1.41339e+23	5.65e-09	1.28e-04	9.47e-02	5.21e-01	2.51e-01	1.31e-01	1.87e-03	4.49e-06
 1.42457e+23	6.11e-09	1.37e-04	1.01e-01	5.36e-01	2.40e-01	1.21e-01	1.72e-03	4.09e-06
 1.43653e+23	6.62e-09	1.48e-04	1.07e-01	5.51e-01	2.28e-01	1.12e-01	1.57e-03	3.69e-06
 1.44972e+23	7.24e-09	1.60e-04	1.14e-01	5.69e-01	2.14e-01	1.02e-01	1.40e-03	3.27e-06
 1.46132e+23	7.82e-09	1.71e-04	1.21e-01	5.84e-01	2.00e-01	9.29e-02	1.27e-03	2.93e-06
 1.47099e+23	8.31e-09	1.80e-04	1.27e-01	5.97e-01	1.89e-01	8.60e-02	1.16e-03	2.67e-06
 1.48133e+23	8.83e-09	1.90e-04	1.33e-01	6.10e-01	1.76e-01	7.91e-02	1.06e-03	2.41e-06
 1.49277e+23	9.46e-09	2.02e-04	1.40e-01	6.25e-01	1.63e-01	7.17e-02	9.51e-04	2.14e-06
 1.50294e+23	1.01e-08	2.13e-04	1.46e-01	6.37e-01	1.50e-01	6.55e-02	8.59e-04	1.92e-06
 1.51159e+23	1.06e-08	2.23e-04	1.51e-01	6.48e-01	1.39e-01	6.07e-02	7.87e-04	1.75e-06
 1.52095e+23	1.11e-08	2.32e-04	1.57e-01	6.58e-01	1.29e-01	5.60e-02	7.20e-04	1.58e-06
 1.53148e+23	1.18e-08	2.43e-04	1.63e-01	6.68e-01	1.17e-01	5.12e-02	6.50e-04	1.42e-06
 1.54123e+23	1.24e-08	2.54e-04	1.69e-01	6.77e-01	1.06e-01	4.73e-02	5.92e-04	1.27e-06
 1.54995e+23	1.31e-08	2.64e-04	1.73e-01	6.84e-01	9.77e-02	4.41e-02	5.45e-04	1.16e-06
 1.55963e+23	1.37e-08	2.74e-04	1.79e-01	6.90e-01	8.91e-02	4.12e-02	5.01e-04	1.05e-06
 1.57221e+23	1.47e-08	2.88e-04	1.85e-01	6.97e-01	7.91e-02	3.79e-02	4.51e-04	9.34e-07
 1.58475e+23	1.58e-08	3.04e-04	1.92e-01	7.02e-01	7.03e-02	3.50e-02	4.07e-04	8.25e-07
 1.59439e+23	1.68e-08	3.16e-04	1.96e-01	7.05e-01	6.44e-02	3.31e-02	3.78e-04	7.52e-07
 1.60405e+23	1.77e-08	3.28e-04	2.01e-01	7.08e-01	5.93e-02	3.16e-02	3.53e-04	6.90e-07
 1.61660e+23	1.90e-08	3.43e-04	2.07e-01	7.09e-01	5.37e-02	2.98e-02	3.25e-04	6.21e-07
 1.63037e+23	2.06e-08	3.62e-04	2.13e-01	7.10e-01	4.84e-02	2.81e-02	2.98e-04	5.52e-07
 1.64327e+23	2.22e-08	3.79e-04	2.18e-01	7.10e-01	4.43e-02	2.67e-02	2.75e-04	4.97e-07
 1.65512e+23	2.38e-08	3.96e-04	2.23e-01	7.09e-01	4.11e-02	2.56e-02	2.57e-04	4.53e-07
 1.66797e+23	2.54e-08	4.12e-04	2.28e-01	7.09e-01	3.82e-02	2.45e-02	2.40e-04	4.14e-07
 1.68421e+23	2.76e-08	4.33e-04	2.34e-01	7.07e-01	3.51e-02	2.33e-02	2.22e-04	3.71e-07
 1.70221e+23	3.02e-08	4.57e-04	2.40e-01	7.05e-01	3.22e-02	2.22e-02	2.04e-04	3.29e-07
 1.72027e+23	3.29e-08	4.81e-04	2.46e-01	7.02e-01	2.98e-02	2.11e-02	1.88e-04	2.94e-07
 1.73923e+23	3.58e-08	5.05e-04	2.52e-01	6.99e-01	2.77e-02	2.02e-02	1.74e-04	2.63e-07
 1.76027e+23	3.90e-08	5.32e-04	2.58e-01	6.96e-01	2.58e-02	1.92e-02	1.60e-04	2.35e-07
 1.78404e+23	4.27e-08	5.61e-04	2.65e-01	6.92e-01	2.40e-02	1.83e-02	1.47e-04	2.08e-07
 1.81048e+23	4.69e-08	5.93e-04	2.72e-01	6.87e-01	2.23e-02	1.73e-02	1.34e-04	1.83e-07
 1.83949e+23	5.17e-08	6.28e-04	2.79e-01	6.83e-01	2.08e-02	1.64e-02	1.22e-04	1.61e-07
 1.87188e+23	5.70e-08	6.65e-04	2.87e-01	6.77e-01	1.94e-02	1.56e-02	1.11e-04	1.41e-07
 1.90891e+23	6.33e-08	7.07e-04	2.95e-01	6.71e-01	1.81e-02	1.47e-02	1.00e-04	1.22e-07
 1.95150e+23	7.07e-08	7.54e-04	3.04e-01	6.64e-01	1.69e-02	1.38e-02	9.01e-05	0.00e+00
 2.00066e+23	7.93e-08	8.06e-04	3.14e-01	6.57e-01	1.57e-02	1.29e-02	8.04e-05	0.00e+00
 2.05842e+23	8.95e-08	8.64e-04	3.24e-01	6.48e-01	1.46e-02	1.20e-02	7.13e-05	0.00e+00
 2.12847e+23	1.02e-07	9.30e-04	3.35e-01	6.39e-01	1.36e-02	1.12e-02	6.28e-05	0.00e+00
 2.21110e+23	1.17e-07	1.01e-03	3.48e-01	6.28e-01	1.26e-02	1.03e-02	5.47e-05	0.00e+00
 2.29505e+23	1.35e-07	1.09e-03	3.61e-01	6.17e-01	1.17e-02	9.49e-03	4.76e-05	0.00e+00
 2.37103e+23	1.51e-07	1.17e-03	3.71e-01	6.07e-01	1.11e-02	8.88e-03	4.25e-05	0.00e+00
 2.43941e+23	1.67e-07	1.24e-03	3.81e-01	5.99e-01	1.06e-02	8.38e-03	3.86e-05	0.00e+00
 2.50095e+23	1.81e-07	1.29e-03	3.89e-01	5.92e-01	1.02e-02	7.99e-03	3.56e-05	0.00e+00
 2.55633e+23	1.93e-07	1.34e-03	3.95e-01	5.86e-01	9.88e-03	7.71e-03	3.35e-05	0.00e+00
 2.60618e+23	2.05e-07	1.39e-03	4.01e-01	5.81e-01	9.62e-03	7.44e-03	3.16e-05	0.00e+00
 2.65105e+23	2.14e-07	1.42e-03	4.05e-01	5.77e-01	9.41e-03	7.24e-03	3.03e-05	0.00e+00
 2.69142e+23	2.23e-07	1.45e-03	4.09e-01	5.73e-01	9.25e-03	7.08e-03	2.91e-05	0.00e+00
 2.72776e+23	2.30e-07	1.48e-03	4.12e-01	5.70e-01	9.10e-03	6.94e-03	2.82e-05	0.00e+00
 2.76047e+23	2.37e-07	1.51e-03	4.15e-01	5.67e-01	8.99e-03	6.82e-03	2.75e-05	0.00e+00
 2.79123e+23	2.43e-07	1.53e-03	4.18e-01	5.65e-01	8.88e-03	6.72e-03	2.68e-05	0.00e+00
 2.82178e+23	2.49e-07	1.55e-03	4.20e-01	5.63e-01	8.78e-03	6.63e-03	2.62e-05	0.00e+00
 2.85233e+23	2.55e-07	1.57e-03	4.23e-01	5.60e-01	8.69e-03	6.53e-03	2.56e-05	0.00e+00
 2.88288e+23	2.61e-07	1.59e-03	4.25e-01	5.58e-01	8.60e-03	6.45e-03	2.51e-05	0.00e+00
 2.91343e+23	2.67e-07	1.60e-03	4.27e-01	5.56e-01	8.52e-03	6.37e-03	2.46e-05	0.00e+00
 2.94398e+23	2.72e-07	1.62e-03	4.29e-01	5.54e-01	8.45e-03	6.30e-03	2.42e-05	0.00e+00
 2.97452e+23	2.77e-07	1.64e-03	4.31e-01	5.53e-01	8.38e-03	6.24e-03	2.38e-05	0.00e+00
 3.00507e+23	2.82e-07	1.65e-03	4.33e-01	5.51e-01	8.31e-03	6.17e-03	2.34e-05	0.00e+00
 3.03562e+23	2.87e-07	1.67e-03	4.35e-01	5.49e-01	8.25e-03	6.11e-03	2.30e-05	0.00e+00
 3.05286e+23	2.93e-07	1.69e-03	4.37e-01	5.47e-01	8.18e-03	6.04e-03	2.26e-05	0.00e+00
