#depth	Mg	Mg+	Mg+2	Mg+3	Mg+4	Mg+5	Mg+6	Mg+7	Mg+8	Mg+9	Mg+10	Mg+11	Mg+12
 6.17135e+19	0.00e+00	1.05e-27	6.13e-22	2.39e-17	1.50e-13	1.89e-10	7.38e-08	8.11e-06	2.93e-04	5.82e-03	2.97e-01	4.85e-01	2.13e-01
 1.87609e+20	1.17e-32	3.04e-27	1.68e-21	6.05e-17	3.48e-13	3.96e-10	1.40e-07	1.38e-05	4.40e-04	7.54e-03	3.34e-01	4.76e-01	1.83e-01
 2.83882e+20	2.88e-32	6.50e-27	3.46e-21	1.19e-16	6.41e-13	6.77e-10	2.24e-07	2.04e-05	5.92e-04	9.09e-03	3.62e-01	4.66e-01	1.62e-01
 3.32018e+20	4.43e-32	9.32e-27	4.89e-21	1.64e-16	8.60e-13	8.76e-10	2.81e-07	2.46e-05	6.83e-04	9.95e-03	3.76e-01	4.61e-01	1.52e-01
 3.58443e+20	5.56e-32	1.13e-26	5.88e-21	1.95e-16	1.01e-12	1.01e-09	3.17e-07	2.72e-05	7.37e-04	1.04e-02	3.84e-01	4.58e-01	1.47e-01
 3.82315e+20	6.84e-32	1.34e-26	6.95e-21	2.27e-16	1.16e-12	1.14e-09	3.53e-07	2.98e-05	7.91e-04	1.09e-02	3.91e-01	4.55e-01	1.43e-01
 4.13349e+20	8.81e-32	1.66e-26	8.53e-21	2.75e-16	1.38e-12	1.33e-09	4.03e-07	3.33e-05	8.60e-04	1.15e-02	3.99e-01	4.51e-01	1.37e-01
 4.53692e+20	1.22e-31	2.18e-26	1.11e-20	3.53e-16	1.74e-12	1.62e-09	4.79e-07	3.84e-05	9.60e-04	1.23e-02	4.11e-01	4.45e-01	1.31e-01
 4.96675e+20	1.71e-31	2.89e-26	1.46e-20	4.56e-16	2.20e-12	1.99e-09	5.73e-07	4.46e-05	1.08e-03	1.32e-02	4.22e-01	4.40e-01	1.24e-01
 5.34116e+20	2.28e-31	3.67e-26	1.84e-20	5.67e-16	2.68e-12	2.37e-09	6.67e-07	5.05e-05	1.18e-03	1.40e-02	4.32e-01	4.34e-01	1.18e-01
 5.73817e+20	3.05e-31	4.69e-26	2.33e-20	7.09e-16	3.29e-12	2.84e-09	7.80e-07	5.75e-05	1.31e-03	1.49e-02	4.43e-01	4.29e-01	1.12e-01
 6.18609e+20	4.21e-31	6.12e-26	3.03e-20	9.07e-16	4.13e-12	3.46e-09	9.26e-07	6.63e-05	1.46e-03	1.59e-02	4.54e-01	4.22e-01	1.06e-01
 6.61101e+20	5.65e-31	7.82e-26	3.85e-20	1.14e-15	5.08e-12	4.15e-09	1.08e-06	7.55e-05	1.61e-03	1.70e-02	4.65e-01	4.16e-01	1.01e-01
 7.01149e+20	7.40e-31	9.78e-26	4.79e-20	1.40e-15	6.15e-12	4.90e-09	1.25e-06	8.51e-05	1.77e-03	1.79e-02	4.74e-01	4.10e-01	9.62e-02
 7.40593e+20	9.58e-31	1.21e-25	5.92e-20	1.71e-15	7.38e-12	5.75e-09	1.44e-06	9.55e-05	1.93e-03	1.89e-02	4.83e-01	4.04e-01	9.17e-02
 7.79060e+20	1.22e-30	1.49e-25	7.23e-20	2.07e-15	8.79e-12	6.70e-09	1.64e-06	1.06e-04	2.10e-03	1.99e-02	4.92e-01	3.98e-01	8.75e-02
 8.22596e+20	1.60e-30	1.86e-25	9.01e-20	2.54e-15	1.06e-11	7.92e-09	1.90e-06	1.20e-04	2.30e-03	2.11e-02	5.02e-01	3.92e-01	8.31e-02
 8.69940e+20	2.13e-30	2.35e-25	1.14e-19	3.17e-15	1.30e-11	9.46e-09	2.21e-06	1.36e-04	2.53e-03	2.24e-02	5.12e-01	3.85e-01	7.86e-02
 9.12434e+20	2.73e-30	2.89e-25	1.39e-19	3.85e-15	1.56e-11	1.11e-08	2.53e-06	1.52e-04	2.75e-03	2.35e-02	5.21e-01	3.78e-01	7.48e-02
 9.57876e+20	3.54e-30	3.57e-25	1.72e-19	4.71e-15	1.87e-11	1.30e-08	2.91e-06	1.71e-04	3.00e-03	2.48e-02	5.30e-01	3.71e-01	7.09e-02
 1.00848e+21	4.68e-30	4.50e-25	2.16e-19	5.85e-15	2.29e-11	1.55e-08	3.38e-06	1.93e-04	3.30e-03	2.63e-02	5.39e-01	3.64e-01	6.69e-02
 1.05561e+21	6.02e-30	5.54e-25	2.66e-19	7.13e-15	2.75e-11	1.81e-08	3.88e-06	2.16e-04	3.60e-03	2.77e-02	5.48e-01	3.57e-01	6.34e-02
 1.09994e+21	7.60e-30	6.71e-25	3.22e-19	8.54e-15	3.25e-11	2.10e-08	4.40e-06	2.40e-04	3.89e-03	2.90e-02	5.56e-01	3.51e-01	6.03e-02
 1.15084e+21	9.84e-30	8.31e-25	3.98e-19	1.05e-14	3.91e-11	2.47e-08	5.06e-06	2.69e-04	4.24e-03	3.06e-02	5.65e-01	3.43e-01	5.69e-02
 1.20784e+21	1.30e-29	1.05e-24	5.02e-19	1.30e-14	4.79e-11	2.94e-08	5.89e-06	3.04e-04	4.66e-03	3.24e-02	5.74e-01	3.35e-01	5.35e-02
 1.25782e+21	1.66e-29	1.28e-24	6.12e-19	1.57e-14	5.70e-11	3.43e-08	6.70e-06	3.38e-04	5.05e-03	3.40e-02	5.82e-01	3.28e-01	5.06e-02
 1.29965e+21	2.02e-29	1.50e-24	7.19e-19	1.84e-14	6.57e-11	3.88e-08	7.45e-06	3.69e-04	5.40e-03	3.54e-02	5.88e-01	3.23e-01	4.84e-02
 1.34582e+21	2.50e-29	1.79e-24	8.56e-19	2.17e-14	7.66e-11	4.43e-08	8.36e-06	4.05e-04	5.79e-03	3.69e-02	5.94e-01	3.16e-01	4.60e-02
 1.40584e+21	3.27e-29	2.24e-24	1.07e-18	2.68e-14	9.30e-11	5.25e-08	9.66e-06	4.56e-04	6.33e-03	3.89e-02	6.03e-01	3.09e-01	4.32e-02
 1.46798e+21	4.29e-29	2.80e-24	1.34e-18	3.32e-14	1.13e-10	6.22e-08	1.12e-05	5.13e-04	6.92e-03	4.11e-02	6.11e-01	3.01e-01	4.04e-02
 1.51968e+21	5.35e-29	3.36e-24	1.60e-18	3.95e-14	1.33e-10	7.15e-08	1.26e-05	5.66e-04	7.45e-03	4.29e-02	6.17e-01	2.94e-01	3.83e-02
 1.57366e+21	6.70e-29	4.06e-24	1.93e-18	4.71e-14	1.56e-10	8.22e-08	1.42e-05	6.23e-04	8.00e-03	4.47e-02	6.23e-01	2.87e-01	3.63e-02
 1.64383e+21	8.91e-29	5.14e-24	2.44e-18	5.89e-14	1.91e-10	9.83e-08	1.65e-05	7.05e-04	8.77e-03	4.72e-02	6.30e-01	2.79e-01	3.38e-02
 1.71603e+21	1.19e-28	6.52e-24	3.09e-18	7.37e-14	2.35e-10	1.18e-07	1.92e-05	7.97e-04	9.62e-03	4.98e-02	6.38e-01	2.71e-01	3.14e-02
 1.77542e+21	1.49e-28	7.88e-24	3.74e-18	8.83e-14	2.78e-10	1.36e-07	2.17e-05	8.80e-04	1.04e-02	5.20e-02	6.43e-01	2.64e-01	2.96e-02
 1.83719e+21	1.89e-28	9.60e-24	4.54e-18	1.06e-13	3.28e-10	1.57e-07	2.45e-05	9.70e-04	1.11e-02	5.43e-02	6.48e-01	2.57e-01	2.79e-02
 1.90536e+21	2.43e-28	1.19e-23	5.60e-18	1.29e-13	3.93e-10	1.83e-07	2.80e-05	1.08e-03	1.20e-02	5.68e-02	6.54e-01	2.50e-01	2.62e-02
 1.96781e+21	3.06e-28	1.44e-23	6.75e-18	1.54e-13	4.62e-10	2.11e-07	3.15e-05	1.19e-03	1.29e-02	5.92e-02	6.59e-01	2.43e-01	2.47e-02
 2.03498e+21	3.88e-28	1.75e-23	8.23e-18	1.86e-13	5.48e-10	2.44e-07	3.57e-05	1.31e-03	1.39e-02	6.17e-02	6.63e-01	2.37e-01	2.32e-02
 2.10992e+21	5.05e-28	2.19e-23	1.02e-17	2.28e-13	6.60e-10	2.87e-07	4.09e-05	1.46e-03	1.51e-02	6.45e-02	6.68e-01	2.30e-01	2.16e-02
 2.18027e+21	6.43e-28	2.68e-23	1.25e-17	2.75e-13	7.82e-10	3.33e-07	4.63e-05	1.61e-03	1.62e-02	6.73e-02	6.72e-01	2.23e-01	2.03e-02
 2.25702e+21	8.31e-28	3.33e-23	1.54e-17	3.36e-13	9.38e-10	3.89e-07	5.28e-05	1.79e-03	1.75e-02	7.02e-02	6.76e-01	2.16e-01	1.90e-02
 2.34249e+21	1.10e-27	4.22e-23	1.95e-17	4.18e-13	1.14e-09	4.62e-07	6.09e-05	2.01e-03	1.90e-02	7.35e-02	6.79e-01	2.09e-01	1.76e-02
 2.42277e+21	1.43e-27	5.26e-23	2.41e-17	5.12e-13	1.37e-09	5.40e-07	6.94e-05	2.23e-03	2.04e-02	7.67e-02	6.82e-01	2.02e-01	1.64e-02
 2.51060e+21	1.88e-27	6.66e-23	3.03e-17	6.34e-13	1.66e-09	6.38e-07	7.98e-05	2.49e-03	2.21e-02	8.01e-02	6.85e-01	1.95e-01	1.52e-02
 2.60915e+21	2.56e-27	8.63e-23	3.90e-17	8.02e-13	2.06e-09	7.66e-07	9.30e-05	2.80e-03	2.41e-02	8.40e-02	6.88e-01	1.87e-01	1.40e-02
 2.69682e+21	3.33e-27	1.08e-22	4.85e-17	9.85e-13	2.48e-09	8.97e-07	1.06e-04	3.11e-03	2.60e-02	8.75e-02	6.90e-01	1.81e-01	1.30e-02
 2.77220e+21	4.17e-27	1.31e-22	5.84e-17	1.17e-12	2.90e-09	1.03e-06	1.19e-04	3.39e-03	2.77e-02	9.05e-02	6.91e-01	1.75e-01	1.22e-02
 2.85643e+21	5.33e-27	1.62e-22	7.15e-17	1.41e-12	3.43e-09	1.19e-06	1.34e-04	3.73e-03	2.96e-02	9.39e-02	6.92e-01	1.69e-01	1.14e-02
 2.96592e+21	7.32e-27	2.13e-22	9.29e-17	1.80e-12	4.26e-09	1.43e-06	1.56e-04	4.20e-03	3.22e-02	9.81e-02	6.92e-01	1.62e-01	1.05e-02
 3.07690e+21	9.94e-27	2.77e-22	1.20e-16	2.28e-12	5.28e-09	1.72e-06	1.82e-04	4.74e-03	3.50e-02	1.03e-01	6.93e-01	1.55e-01	9.57e-03
 3.16467e+21	1.26e-26	3.40e-22	1.46e-16	2.75e-12	6.24e-09	1.98e-06	2.04e-04	5.19e-03	3.73e-02	1.06e-01	6.92e-01	1.50e-01	8.94e-03
 3.25365e+21	1.60e-26	4.18e-22	1.78e-16	3.30e-12	7.35e-09	2.28e-06	2.29e-04	5.68e-03	3.98e-02	1.10e-01	6.92e-01	1.45e-01	8.34e-03
 3.36932e+21	2.18e-26	5.45e-22	2.29e-16	4.17e-12	9.06e-09	2.72e-06	2.65e-04	6.36e-03	4.30e-02	1.14e-01	6.90e-01	1.38e-01	7.64e-03
 3.48973e+21	2.95e-26	7.08e-22	2.95e-16	5.28e-12	1.12e-08	3.27e-06	3.08e-04	7.14e-03	4.67e-02	1.19e-01	6.88e-01	1.32e-01	6.96e-03
 3.58979e+21	3.78e-26	8.80e-22	3.63e-16	6.40e-12	1.33e-08	3.79e-06	3.48e-04	7.84e-03	4.98e-02	1.23e-01	6.86e-01	1.27e-01	6.45e-03
 3.69336e+21	4.87e-26	1.09e-21	4.47e-16	7.78e-12	1.59e-08	4.39e-06	3.93e-04	8.62e-03	5.32e-02	1.27e-01	6.83e-01	1.22e-01	5.96e-03
 3.82801e+21	6.73e-26	1.46e-21	5.86e-16	9.98e-12	1.98e-08	5.30e-06	4.59e-04	9.70e-03	5.76e-02	1.32e-01	6.79e-01	1.15e-01	5.41e-03
 3.96623e+21	9.25e-26	1.92e-21	7.64e-16	1.28e-11	2.48e-08	6.41e-06	5.36e-04	1.09e-02	6.25e-02	1.38e-01	6.74e-01	1.09e-01	4.88e-03
 4.07873e+21	1.19e-25	2.38e-21	9.40e-16	1.55e-11	2.95e-08	7.45e-06	6.06e-04	1.20e-02	6.68e-02	1.42e-01	6.70e-01	1.04e-01	4.48e-03
 4.19462e+21	1.52e-25	2.97e-21	1.16e-15	1.89e-11	3.52e-08	8.67e-06	6.85e-04	1.32e-02	7.12e-02	1.47e-01	6.64e-01	9.96e-02	4.12e-03
 4.34528e+21	2.10e-25	3.93e-21	1.52e-15	2.43e-11	4.41e-08	1.05e-05	8.00e-04	1.49e-02	7.71e-02	1.52e-01	6.57e-01	9.38e-02	3.70e-03
 4.49014e+21	2.82e-25	5.10e-21	1.95e-15	3.07e-11	5.44e-08	1.25e-05	9.26e-04	1.66e-02	8.31e-02	1.58e-01	6.50e-01	8.85e-02	3.33e-03
 4.59474e+21	3.48e-25	6.14e-21	2.33e-15	3.62e-11	6.31e-08	1.42e-05	1.03e-03	1.79e-02	8.75e-02	1.61e-01	6.44e-01	8.49e-02	3.09e-03
 4.69801e+21	4.25e-25	7.33e-21	2.76e-15	4.24e-11	7.28e-08	1.61e-05	1.13e-03	1.93e-02	9.20e-02	1.65e-01	6.38e-01	8.14e-02	2.87e-03
 4.83227e+21	5.49e-25	9.22e-21	3.43e-15	5.20e-11	8.74e-08	1.88e-05	1.28e-03	2.12e-02	9.80e-02	1.70e-01	6.30e-01	7.71e-02	2.61e-03
 4.97636e+21	7.11e-25	1.16e-20	4.28e-15	6.42e-11	1.06e-07	2.21e-05	1.46e-03	2.35e-02	1.05e-01	1.75e-01	6.21e-01	7.26e-02	2.35e-03
 5.10217e+21	8.87e-25	1.41e-20	5.18e-15	7.68e-11	1.24e-07	2.53e-05	1.64e-03	2.55e-02	1.11e-01	1.79e-01	6.12e-01	6.90e-02	2.15e-03
 5.23463e+21	1.12e-24	1.74e-20	6.32e-15	9.25e-11	1.47e-07	2.92e-05	1.83e-03	2.78e-02	1.17e-01	1.83e-01	6.03e-01	6.54e-02	1.96e-03
 5.40683e+21	1.48e-24	2.24e-20	8.05e-15	1.16e-10	1.81e-07	3.49e-05	2.12e-03	3.10e-02	1.26e-01	1.88e-01	5.90e-01	6.08e-02	1.73e-03
 5.57935e+21	1.94e-24	2.87e-20	1.02e-14	1.46e-10	2.22e-07	4.16e-05	2.44e-03	3.44e-02	1.34e-01	1.94e-01	5.77e-01	5.65e-02	1.53e-03
 5.71494e+21	2.37e-24	3.46e-20	1.22e-14	1.73e-10	2.60e-07	4.75e-05	2.71e-03	3.72e-02	1.41e-01	1.97e-01	5.67e-01	5.34e-02	1.39e-03
 5.85383e+21	2.91e-24	4.18e-20	1.46e-14	2.06e-10	3.04e-07	5.42e-05	3.01e-03	4.02e-02	1.49e-01	2.01e-01	5.55e-01	5.03e-02	1.26e-03
 6.03439e+21	3.75e-24	5.29e-20	1.84e-14	2.56e-10	3.70e-07	6.41e-05	3.44e-03	4.44e-02	1.58e-01	2.06e-01	5.41e-01	4.66e-02	1.11e-03
 6.22415e+21	4.82e-24	6.73e-20	2.31e-14	3.19e-10	4.53e-07	7.61e-05	3.94e-03	4.91e-02	1.68e-01	2.10e-01	5.25e-01	4.29e-02	9.70e-04
 6.38499e+21	5.75e-24	8.20e-20	2.79e-14	3.82e-10	5.35e-07	8.77e-05	4.41e-03	5.32e-02	1.77e-01	2.14e-01	5.11e-01	4.00e-02	8.66e-04
 6.55320e+21	7.08e-24	1.00e-19	3.37e-14	4.59e-10	6.33e-07	1.01e-04	4.93e-03	5.77e-02	1.86e-01	2.17e-01	4.97e-01	3.71e-02	7.69e-04
 6.77188e+21	9.11e-24	1.29e-19	4.27e-14	5.78e-10	7.82e-07	1.21e-04	5.68e-03	6.39e-02	1.98e-01	2.21e-01	4.78e-01	3.37e-02	6.59e-04
 6.99274e+21	1.16e-23	1.65e-19	5.39e-14	7.24e-10	9.62e-07	1.44e-04	6.51e-03	7.05e-02	2.10e-01	2.24e-01	4.58e-01	3.05e-02	5.63e-04
 7.16796e+21	1.38e-23	1.99e-19	6.41e-14	8.59e-10	1.13e-06	1.65e-04	7.23e-03	7.59e-02	2.19e-01	2.26e-01	4.43e-01	2.81e-02	4.96e-04
 7.31821e+21	1.60e-23	2.35e-19	7.47e-14	9.96e-10	1.29e-06	1.85e-04	7.89e-03	8.07e-02	2.27e-01	2.28e-01	4.30e-01	2.63e-02	4.47e-04
 7.48448e+21	1.89e-23	2.80e-19	8.78e-14	1.16e-09	1.49e-06	2.09e-04	8.66e-03	8.61e-02	2.35e-01	2.29e-01	4.15e-01	2.44e-02	3.97e-04
 7.70062e+21	2.32e-23	3.51e-19	1.08e-13	1.42e-09	1.79e-06	2.44e-04	9.74e-03	9.33e-02	2.46e-01	2.31e-01	3.97e-01	2.21e-02	3.41e-04
 7.92328e+21	2.81e-23	4.42e-19	1.32e-13	1.73e-09	2.15e-06	2.85e-04	1.10e-02	1.01e-01	2.57e-01	2.32e-01	3.78e-01	1.99e-02	2.92e-04
 8.10649e+21	3.28e-23	5.33e-19	1.56e-13	2.04e-09	2.49e-06	3.22e-04	1.20e-02	1.08e-01	2.66e-01	2.33e-01	3.63e-01	1.83e-02	2.56e-04
 8.29679e+21	3.86e-23	6.46e-19	1.85e-13	2.40e-09	2.89e-06	3.65e-04	1.32e-02	1.14e-01	2.74e-01	2.33e-01	3.48e-01	1.68e-02	2.24e-04
 8.54417e+21	4.74e-23	8.29e-19	2.30e-13	2.95e-09	3.50e-06	4.28e-04	1.48e-02	1.23e-01	2.85e-01	2.32e-01	3.29e-01	1.49e-02	1.89e-04
 8.79269e+21	5.73e-23	1.07e-18	2.85e-13	3.63e-09	4.22e-06	5.00e-04	1.66e-02	1.33e-01	2.95e-01	2.32e-01	3.10e-01	1.33e-02	1.59e-04
 8.98785e+21	6.65e-23	1.30e-18	3.37e-13	4.26e-09	4.87e-06	5.63e-04	1.81e-02	1.40e-01	3.03e-01	2.31e-01	2.95e-01	1.21e-02	1.39e-04
 9.18669e+21	7.79e-23	1.59e-18	4.00e-13	4.99e-09	5.62e-06	6.33e-04	1.97e-02	1.48e-01	3.10e-01	2.29e-01	2.81e-01	1.11e-02	1.21e-04
 9.44519e+21	9.56e-23	2.06e-18	4.98e-13	6.13e-09	6.75e-06	7.35e-04	2.19e-02	1.58e-01	3.19e-01	2.27e-01	2.64e-01	9.82e-03	1.02e-04
 9.71496e+21	1.17e-22	2.72e-18	6.27e-13	7.58e-09	8.14e-06	8.56e-04	2.44e-02	1.68e-01	3.27e-01	2.24e-01	2.47e-01	8.66e-03	8.48e-05
 9.94154e+21	1.38e-22	3.43e-18	7.60e-13	9.03e-09	9.49e-06	9.69e-04	2.66e-02	1.77e-01	3.33e-01	2.21e-01	2.33e-01	7.80e-03	7.29e-05
 1.01783e+22	1.67e-22	4.37e-18	9.27e-13	1.08e-08	1.11e-05	1.10e-03	2.91e-02	1.86e-01	3.39e-01	2.18e-01	2.19e-01	7.00e-03	6.24e-05
 1.04860e+22	2.13e-22	5.98e-18	1.20e-12	1.36e-08	1.36e-05	1.29e-03	3.24e-02	1.97e-01	3.46e-01	2.14e-01	2.03e-01	6.09e-03	5.10e-05
 1.08018e+22	2.69e-22	8.27e-18	1.57e-12	1.73e-08	1.66e-05	1.51e-03	3.62e-02	2.09e-01	3.52e-01	2.09e-01	1.87e-01	5.27e-03	4.16e-05
 1.10606e+22	3.27e-22	1.08e-17	1.95e-12	2.09e-08	1.95e-05	1.72e-03	3.94e-02	2.19e-01	3.56e-01	2.04e-01	1.75e-01	4.69e-03	3.52e-05
 1.13296e+22	4.06e-22	1.41e-17	2.43e-12	2.54e-08	2.30e-05	1.96e-03	4.30e-02	2.29e-01	3.60e-01	2.00e-01	1.63e-01	4.16e-03	2.98e-05
 1.16106e+22	5.02e-22	1.88e-17	3.07e-12	3.11e-08	2.72e-05	2.23e-03	4.69e-02	2.39e-01	3.63e-01	1.95e-01	1.51e-01	3.67e-03	2.50e-05
 1.18466e+22	6.02e-22	2.39e-17	3.74e-12	3.68e-08	3.13e-05	2.49e-03	5.03e-02	2.47e-01	3.65e-01	1.90e-01	1.42e-01	3.30e-03	2.15e-05
 1.20930e+22	7.32e-22	3.04e-17	4.56e-12	4.37e-08	3.60e-05	2.77e-03	5.40e-02	2.56e-01	3.66e-01	1.85e-01	1.33e-01	2.97e-03	1.86e-05
 1.24133e+22	9.47e-22	4.15e-17	5.89e-12	5.44e-08	4.30e-05	3.17e-03	5.90e-02	2.66e-01	3.67e-01	1.79e-01	1.22e-01	2.59e-03	1.54e-05
 1.27425e+22	1.22e-21	5.72e-17	7.66e-12	6.80e-08	5.16e-05	3.64e-03	6.45e-02	2.77e-01	3.68e-01	1.73e-01	1.12e-01	2.25e-03	1.26e-05
 1.30096e+22	1.49e-21	7.39e-17	9.46e-12	8.12e-08	5.95e-05	4.06e-03	6.91e-02	2.86e-01	3.67e-01	1.68e-01	1.04e-01	2.01e-03	1.08e-05
 1.32830e+22	1.85e-21	9.54e-17	1.17e-11	9.69e-08	6.86e-05	4.52e-03	7.39e-02	2.94e-01	3.66e-01	1.62e-01	9.73e-02	1.79e-03	9.24e-06
 1.36385e+22	2.46e-21	1.32e-16	1.53e-11	1.21e-07	8.21e-05	5.17e-03	8.05e-02	3.04e-01	3.65e-01	1.55e-01	8.86e-02	1.55e-03	7.56e-06
 1.40040e+22	3.23e-21	1.85e-16	2.01e-11	1.53e-07	9.85e-05	5.92e-03	8.75e-02	3.14e-01	3.62e-01	1.48e-01	8.05e-02	1.33e-03	6.16e-06
 1.43031e+22	4.03e-21	2.41e-16	2.51e-11	1.83e-07	1.14e-04	6.59e-03	9.35e-02	3.22e-01	3.59e-01	1.43e-01	7.44e-02	1.18e-03	5.22e-06
 1.46123e+22	5.12e-21	3.16e-16	3.13e-11	2.20e-07	1.31e-04	7.33e-03	9.98e-02	3.30e-01	3.56e-01	1.37e-01	6.87e-02	1.04e-03	4.41e-06
 1.50142e+22	6.97e-21	4.45e-16	4.15e-11	2.78e-07	1.58e-04	8.37e-03	1.08e-01	3.39e-01	3.51e-01	1.30e-01	6.19e-02	8.86e-04	3.56e-06
 1.54296e+22	9.39e-21	6.30e-16	5.52e-11	3.52e-07	1.89e-04	9.58e-03	1.17e-01	3.48e-01	3.46e-01	1.23e-01	5.56e-02	7.52e-04	2.86e-06
 1.57729e+22	1.20e-20	8.35e-16	6.96e-11	4.26e-07	2.20e-04	1.07e-02	1.25e-01	3.55e-01	3.41e-01	1.17e-01	5.09e-02	6.57e-04	2.39e-06
 1.61298e+22	1.55e-20	1.11e-15	8.79e-11	5.15e-07	2.54e-04	1.19e-02	1.33e-01	3.61e-01	3.35e-01	1.11e-01	4.65e-02	5.74e-04	1.99e-06
 1.65937e+22	2.17e-20	1.58e-15	1.18e-10	6.56e-07	3.06e-04	1.35e-02	1.44e-01	3.69e-01	3.28e-01	1.04e-01	4.13e-02	4.82e-04	1.58e-06
 1.70758e+22	3.00e-20	2.28e-15	1.60e-10	8.38e-07	3.69e-04	1.55e-02	1.55e-01	3.76e-01	3.19e-01	9.72e-02	3.66e-02	4.02e-04	1.24e-06
 1.74793e+22	3.92e-20	3.07e-15	2.04e-10	1.02e-06	4.30e-04	1.73e-02	1.65e-01	3.81e-01	3.12e-01	9.15e-02	3.30e-02	3.46e-04	1.02e-06
 1.79017e+22	5.22e-20	4.15e-15	2.61e-10	1.25e-06	5.00e-04	1.92e-02	1.75e-01	3.85e-01	3.04e-01	8.60e-02	2.98e-02	2.97e-04	8.32e-07
 1.84508e+22	7.50e-20	6.05e-15	3.56e-10	1.61e-06	6.05e-04	2.20e-02	1.88e-01	3.90e-01	2.94e-01	7.93e-02	2.60e-02	2.44e-04	6.44e-07
 1.89654e+22	1.03e-19	8.62e-15	4.76e-10	2.03e-06	7.21e-04	2.48e-02	2.01e-01	3.93e-01	2.83e-01	7.32e-02	2.29e-02	2.02e-04	5.04e-07
 1.93177e+22	1.26e-19	1.08e-14	5.74e-10	2.36e-06	8.08e-04	2.69e-02	2.10e-01	3.95e-01	2.76e-01	6.94e-02	2.10e-02	1.79e-04	4.30e-07
 1.96581e+22	1.56e-19	1.34e-14	6.86e-10	2.72e-06	8.99e-04	2.89e-02	2.18e-01	3.97e-01	2.70e-01	6.59e-02	1.93e-02	1.59e-04	3.69e-07
 2.01005e+22	2.05e-19	1.77e-14	8.61e-10	3.27e-06	1.03e-03	3.18e-02	2.29e-01	3.98e-01	2.61e-01	6.16e-02	1.74e-02	1.37e-04	3.03e-07
 2.05986e+22	2.73e-19	2.40e-14	1.10e-09	3.99e-06	1.19e-03	3.52e-02	2.41e-01	3.98e-01	2.51e-01	5.70e-02	1.54e-02	1.15e-04	2.44e-07
 2.10651e+22	3.57e-19	3.18e-14	1.39e-09	4.79e-06	1.37e-03	3.86e-02	2.53e-01	3.98e-01	2.42e-01	5.30e-02	1.38e-02	9.85e-05	1.98e-07
 2.14951e+22	4.51e-19	4.06e-14	1.70e-09	5.62e-06	1.54e-03	4.18e-02	2.63e-01	3.97e-01	2.34e-01	4.96e-02	1.25e-02	8.56e-05	1.65e-07
 2.19814e+22	5.91e-19	5.33e-14	2.12e-09	6.71e-06	1.75e-03	4.57e-02	2.74e-01	3.96e-01	2.25e-01	4.60e-02	1.12e-02	7.31e-05	1.35e-07
 2.26136e+22	8.33e-19	7.50e-14	2.81e-09	8.38e-06	2.06e-03	5.09e-02	2.89e-01	3.93e-01	2.14e-01	4.17e-02	9.66e-03	5.97e-05	0.00e+00
 2.32527e+22	1.15e-18	1.05e-13	3.71e-09	1.04e-05	2.42e-03	5.67e-02	3.03e-01	3.90e-01	2.02e-01	3.77e-02	8.34e-03	4.87e-05	0.00e+00
 2.37601e+22	1.48e-18	1.37e-13	4.59e-09	1.23e-05	2.74e-03	6.14e-02	3.14e-01	3.86e-01	1.93e-01	3.48e-02	7.44e-03	4.15e-05	0.00e+00
 2.42790e+22	1.92e-18	1.77e-13	5.65e-09	1.46e-05	3.09e-03	6.65e-02	3.25e-01	3.82e-01	1.85e-01	3.21e-02	6.63e-03	3.54e-05	0.00e+00
 2.49535e+22	2.66e-18	2.44e-13	7.35e-09	1.79e-05	3.58e-03	7.32e-02	3.38e-01	3.76e-01	1.74e-01	2.89e-02	5.71e-03	2.89e-05	0.00e+00
 2.56675e+22	3.69e-18	3.41e-13	9.65e-09	2.21e-05	4.18e-03	8.09e-02	3.52e-01	3.69e-01	1.63e-01	2.59e-02	4.89e-03	2.33e-05	0.00e+00
 2.62828e+22	4.85e-18	4.51e-13	1.21e-08	2.64e-05	4.74e-03	8.77e-02	3.64e-01	3.62e-01	1.54e-01	2.35e-02	4.27e-03	1.94e-05	0.00e+00
 2.69325e+22	6.48e-18	5.96e-13	1.52e-08	3.16e-05	5.38e-03	9.51e-02	3.75e-01	3.55e-01	1.45e-01	2.13e-02	3.73e-03	1.61e-05	0.00e+00
 2.77772e+22	9.33e-18	8.48e-13	2.02e-08	3.94e-05	6.30e-03	1.05e-01	3.88e-01	3.45e-01	1.34e-01	1.87e-02	3.13e-03	1.27e-05	0.00e+00
 2.86542e+22	1.33e-17	1.21e-12	2.70e-08	4.93e-05	7.38e-03	1.16e-01	4.01e-01	3.34e-01	1.23e-01	1.63e-02	2.60e-03	9.92e-06	0.00e+00
 2.93885e+22	1.78e-17	1.63e-12	3.42e-08	5.92e-05	8.38e-03	1.25e-01	4.11e-01	3.24e-01	1.15e-01	1.46e-02	2.23e-03	8.08e-06	0.00e+00
 3.01584e+22	2.40e-17	2.16e-12	4.29e-08	7.05e-05	9.48e-03	1.35e-01	4.20e-01	3.14e-01	1.07e-01	1.30e-02	1.92e-03	6.60e-06	0.00e+00
 3.11593e+22	3.49e-17	3.09e-12	5.73e-08	8.80e-05	1.11e-02	1.48e-01	4.30e-01	3.01e-01	9.68e-02	1.12e-02	1.58e-03	5.08e-06	0.00e+00
 3.22116e+22	5.07e-17	4.46e-12	7.70e-08	1.10e-04	1.29e-02	1.62e-01	4.40e-01	2.87e-01	8.72e-02	9.54e-03	1.28e-03	3.87e-06	0.00e+00
 3.30126e+22	6.62e-17	5.84e-12	9.56e-08	1.30e-04	1.45e-02	1.74e-01	4.46e-01	2.76e-01	8.06e-02	8.46e-03	1.10e-03	3.15e-06	0.00e+00
 3.36187e+22	8.12e-17	7.13e-12	1.12e-07	1.47e-04	1.57e-02	1.82e-01	4.49e-01	2.68e-01	7.59e-02	7.73e-03	9.79e-04	2.70e-06	0.00e+00
 3.42896e+22	1.02e-16	8.79e-12	1.33e-07	1.67e-04	1.72e-02	1.91e-01	4.53e-01	2.59e-01	7.11e-02	7.02e-03	8.65e-04	2.30e-06	0.00e+00
 3.51618e+22	1.35e-16	1.14e-11	1.63e-07	1.96e-04	1.91e-02	2.03e-01	4.57e-01	2.48e-01	6.53e-02	6.19e-03	7.39e-04	1.87e-06	0.00e+00
 3.61477e+22	1.83e-16	1.53e-11	2.06e-07	2.33e-04	2.15e-02	2.17e-01	4.60e-01	2.36e-01	5.93e-02	5.38e-03	6.18e-04	1.48e-06	0.00e+00
 3.70877e+22	2.42e-16	2.00e-11	2.55e-07	2.74e-04	2.39e-02	2.30e-01	4.62e-01	2.25e-01	5.41e-02	4.70e-03	5.23e-04	1.19e-06	0.00e+00
 3.79398e+22	3.09e-16	2.53e-11	3.08e-07	3.15e-04	2.63e-02	2.42e-01	4.63e-01	2.15e-01	4.97e-02	4.17e-03	4.50e-04	9.77e-07	0.00e+00
 3.88717e+22	4.04e-16	3.23e-11	3.74e-07	3.65e-04	2.89e-02	2.55e-01	4.62e-01	2.04e-01	4.55e-02	3.67e-03	3.84e-04	7.95e-07	0.00e+00
 4.00831e+22	5.63e-16	4.38e-11	4.75e-07	4.36e-04	3.26e-02	2.71e-01	4.61e-01	1.91e-01	4.05e-02	3.12e-03	3.14e-04	6.14e-07	0.00e+00
 4.13200e+22	7.78e-16	5.98e-11	6.08e-07	5.24e-04	3.67e-02	2.87e-01	4.58e-01	1.78e-01	3.59e-02	2.63e-03	2.55e-04	4.69e-07	0.00e+00
 4.23128e+22	9.99e-16	7.57e-11	7.33e-07	6.01e-04	4.01e-02	3.00e-01	4.55e-01	1.68e-01	3.26e-02	2.30e-03	2.17e-04	3.80e-07	0.00e+00
 4.33262e+22	1.29e-15	9.54e-11	8.79e-07	6.88e-04	4.37e-02	3.13e-01	4.52e-01	1.59e-01	2.96e-02	2.02e-03	1.85e-04	3.09e-07	0.00e+00
 4.46437e+22	1.77e-15	1.26e-10	1.10e-06	8.10e-04	4.85e-02	3.29e-01	4.46e-01	1.48e-01	2.62e-02	1.71e-03	1.51e-04	2.39e-07	0.00e+00
 4.60550e+22	2.47e-15	1.72e-10	1.40e-06	9.67e-04	5.43e-02	3.46e-01	4.38e-01	1.36e-01	2.29e-02	1.42e-03	1.21e-04	1.81e-07	0.00e+00
 4.72817e+22	3.24e-15	2.21e-10	1.70e-06	1.12e-03	5.94e-02	3.60e-01	4.31e-01	1.27e-01	2.04e-02	1.22e-03	1.01e-04	1.42e-07	0.00e+00
 4.85698e+22	4.31e-15	2.84e-10	2.07e-06	1.29e-03	6.49e-02	3.74e-01	4.23e-01	1.18e-01	1.82e-02	1.04e-03	8.35e-05	0.00e+00	0.00e+00
 5.02444e+22	6.11e-15	3.86e-10	2.63e-06	1.53e-03	7.22e-02	3.91e-01	4.12e-01	1.07e-01	1.57e-02	8.53e-04	6.61e-05	0.00e+00	0.00e+00
 5.19746e+22	8.72e-15	5.34e-10	3.38e-06	1.84e-03	8.06e-02	4.08e-01	3.99e-01	9.66e-02	1.34e-02	6.91e-04	5.15e-05	0.00e+00	0.00e+00
 5.33891e+22	1.15e-14	6.85e-10	4.10e-06	2.11e-03	8.76e-02	4.21e-01	3.88e-01	8.88e-02	1.18e-02	5.85e-04	4.23e-05	0.00e+00	0.00e+00
 5.48397e+22	1.52e-14	8.71e-10	4.95e-06	2.42e-03	9.49e-02	4.33e-01	3.77e-01	8.17e-02	1.04e-02	4.96e-04	3.49e-05	0.00e+00	0.00e+00
 5.67254e+22	2.15e-14	1.17e-09	6.22e-06	2.85e-03	1.04e-01	4.47e-01	3.63e-01	7.36e-02	8.86e-03	4.04e-04	2.75e-05	0.00e+00	0.00e+00
 5.87402e+22	3.10e-14	1.61e-09	7.96e-06	3.39e-03	1.15e-01	4.61e-01	3.47e-01	6.53e-02	7.43e-03	3.23e-04	2.12e-05	0.00e+00	0.00e+00
 6.04842e+22	4.18e-14	2.09e-09	9.74e-06	3.91e-03	1.25e-01	4.72e-01	3.33e-01	5.90e-02	6.41e-03	2.67e-04	1.70e-05	0.00e+00	0.00e+00
 6.23127e+22	5.71e-14	2.71e-09	1.19e-05	4.50e-03	1.35e-01	4.82e-01	3.19e-01	5.32e-02	5.52e-03	2.21e-04	1.37e-05	0.00e+00	0.00e+00
 6.46748e+22	8.38e-14	3.71e-09	1.51e-05	5.32e-03	1.49e-01	4.93e-01	3.02e-01	4.68e-02	4.59e-03	1.75e-04	1.04e-05	0.00e+00	0.00e+00
 6.69596e+22	1.22e-13	5.10e-09	1.93e-05	6.30e-03	1.63e-01	5.02e-01	2.84e-01	4.09e-02	3.79e-03	1.38e-04	7.92e-06	0.00e+00	0.00e+00
 6.86162e+22	1.54e-13	6.30e-09	2.27e-05	7.04e-03	1.73e-01	5.07e-01	2.72e-01	3.72e-02	3.32e-03	1.17e-04	6.57e-06	0.00e+00	0.00e+00
 7.02275e+22	1.99e-13	7.68e-09	2.64e-05	7.81e-03	1.82e-01	5.12e-01	2.61e-01	3.41e-02	2.94e-03	1.00e-04	5.52e-06	0.00e+00	0.00e+00
 7.23221e+22	2.78e-13	9.89e-09	3.20e-05	8.91e-03	1.95e-01	5.16e-01	2.47e-01	3.04e-02	2.51e-03	8.26e-05	4.41e-06	0.00e+00	0.00e+00
 7.46527e+22	3.92e-13	1.30e-08	3.94e-05	1.03e-02	2.09e-01	5.19e-01	2.32e-01	2.67e-02	2.10e-03	6.66e-05	3.45e-06	0.00e+00	0.00e+00
 7.68379e+22	5.38e-13	1.67e-08	4.76e-05	1.17e-02	2.23e-01	5.21e-01	2.18e-01	2.37e-02	1.79e-03	5.46e-05	2.75e-06	0.00e+00	0.00e+00
 7.88266e+22	7.15e-13	2.09e-08	5.63e-05	1.30e-02	2.35e-01	5.22e-01	2.07e-01	2.13e-02	1.54e-03	4.57e-05	2.25e-06	0.00e+00	0.00e+00
 8.10120e+22	9.72e-13	2.63e-08	6.71e-05	1.46e-02	2.49e-01	5.22e-01	1.95e-01	1.90e-02	1.32e-03	3.80e-05	1.82e-06	0.00e+00	0.00e+00
 8.38531e+22	1.47e-12	3.53e-08	8.37e-05	1.69e-02	2.66e-01	5.20e-01	1.80e-01	1.64e-02	1.09e-03	3.01e-05	1.40e-06	0.00e+00	0.00e+00
 8.66815e+22	2.20e-12	4.75e-08	1.04e-04	1.95e-02	2.83e-01	5.16e-01	1.66e-01	1.41e-02	8.93e-04	2.37e-05	1.07e-06	0.00e+00	0.00e+00
 8.88247e+22	3.00e-12	5.92e-08	1.23e-04	2.17e-02	2.97e-01	5.12e-01	1.56e-01	1.25e-02	7.69e-04	1.98e-05	8.73e-07	0.00e+00	0.00e+00
 9.09420e+22	3.81e-12	7.23e-08	1.43e-04	2.38e-02	3.09e-01	5.08e-01	1.47e-01	1.13e-02	6.72e-04	1.69e-05	7.30e-07	0.00e+00	0.00e+00
 9.36945e+22	6.01e-12	9.37e-08	1.74e-04	2.69e-02	3.25e-01	5.02e-01	1.36e-01	9.87e-03	5.65e-04	1.38e-05	5.79e-07	0.00e+00	0.00e+00
 9.66295e+22	8.84e-12	1.25e-07	2.15e-04	3.07e-02	3.42e-01	4.94e-01	1.24e-01	8.48e-03	4.65e-04	1.10e-05	4.48e-07	0.00e+00	0.00e+00
 9.91290e+22	1.28e-11	1.58e-07	2.56e-04	3.41e-02	3.57e-01	4.86e-01	1.15e-01	7.46e-03	3.96e-04	9.09e-06	3.62e-07	0.00e+00	0.00e+00
 1.01364e+23	1.78e-11	1.94e-07	2.98e-04	3.73e-02	3.69e-01	4.78e-01	1.08e-01	6.70e-03	3.46e-04	7.76e-06	3.03e-07	0.00e+00	0.00e+00
 1.03927e+23	2.62e-11	2.45e-07	3.53e-04	4.13e-02	3.82e-01	4.69e-01	1.00e-01	5.91e-03	2.96e-04	6.49e-06	2.48e-07	0.00e+00	0.00e+00
 1.06688e+23	4.02e-11	3.15e-07	4.25e-04	4.60e-02	3.97e-01	4.59e-01	9.25e-02	5.17e-03	2.50e-04	5.34e-06	2.00e-07	0.00e+00	0.00e+00
 1.09067e+23	6.22e-11	3.91e-07	4.99e-04	5.04e-02	4.09e-01	4.49e-01	8.61e-02	4.61e-03	2.17e-04	4.54e-06	1.66e-07	0.00e+00	0.00e+00
 1.11139e+23	9.34e-11	4.72e-07	5.72e-04	5.44e-02	4.19e-01	4.41e-01	8.09e-02	4.17e-03	1.92e-04	3.94e-06	1.42e-07	0.00e+00	0.00e+00
 1.13449e+23	1.35e-10	5.78e-07	6.64e-04	5.90e-02	4.30e-01	4.31e-01	7.57e-02	3.76e-03	1.69e-04	3.41e-06	0.00e+00	0.00e+00	0.00e+00
 1.16040e+23	2.03e-10	7.30e-07	7.87e-04	6.48e-02	4.41e-01	4.20e-01	7.00e-02	3.32e-03	1.46e-04	2.88e-06	0.00e+00	0.00e+00	0.00e+00
 1.18369e+23	3.14e-10	9.02e-07	9.19e-04	7.03e-02	4.51e-01	4.09e-01	6.53e-02	2.98e-03	1.28e-04	2.48e-06	0.00e+00	0.00e+00	0.00e+00
 1.20331e+23	5.23e-10	1.08e-06	1.05e-03	7.53e-02	4.59e-01	4.00e-01	6.15e-02	2.72e-03	1.15e-04	2.19e-06	0.00e+00	0.00e+00	0.00e+00
 1.22442e+23	7.67e-10	1.30e-06	1.20e-03	8.07e-02	4.67e-01	3.90e-01	5.78e-02	2.48e-03	1.03e-04	1.93e-06	0.00e+00	0.00e+00	0.00e+00
 1.24758e+23	1.16e-09	1.62e-06	1.41e-03	8.73e-02	4.76e-01	3.79e-01	5.38e-02	2.23e-03	9.08e-05	1.67e-06	0.00e+00	0.00e+00	0.00e+00
 1.26770e+23	2.00e-09	1.97e-06	1.63e-03	9.36e-02	4.83e-01	3.69e-01	5.05e-02	2.03e-03	8.12e-05	1.47e-06	0.00e+00	0.00e+00	0.00e+00
 1.28438e+23	2.93e-09	2.31e-06	1.83e-03	9.90e-02	4.89e-01	3.61e-01	4.80e-02	1.89e-03	7.44e-05	1.33e-06	0.00e+00	0.00e+00	0.00e+00
 1.30226e+23	4.03e-09	2.74e-06	2.08e-03	1.05e-01	4.94e-01	3.52e-01	4.54e-02	1.74e-03	6.79e-05	1.20e-06	0.00e+00	0.00e+00	0.00e+00
 1.32213e+23	6.49e-09	3.34e-06	2.40e-03	1.12e-01	5.00e-01	3.41e-01	4.27e-02	1.60e-03	6.12e-05	1.07e-06	0.00e+00	0.00e+00	0.00e+00
 1.33977e+23	9.60e-09	4.02e-06	2.76e-03	1.19e-01	5.04e-01	3.32e-01	4.03e-02	1.47e-03	5.57e-05	9.63e-07	0.00e+00	0.00e+00	0.00e+00
 1.35439e+23	1.58e-08	4.71e-06	3.11e-03	1.26e-01	5.08e-01	3.24e-01	3.83e-02	1.37e-03	5.15e-05	8.82e-07	0.00e+00	0.00e+00	0.00e+00
 1.36782e+23	2.12e-08	5.46e-06	3.48e-03	1.32e-01	5.11e-01	3.16e-01	3.66e-02	1.29e-03	4.80e-05	8.15e-07	0.00e+00	0.00e+00	0.00e+00
 1.38319e+23	3.16e-08	6.51e-06	3.97e-03	1.39e-01	5.14e-01	3.07e-01	3.47e-02	1.20e-03	4.41e-05	7.43e-07	0.00e+00	0.00e+00	0.00e+00
 1.39964e+23	5.24e-08	7.88e-06	4.61e-03	1.48e-01	5.16e-01	2.97e-01	3.27e-02	1.11e-03	4.04e-05	6.74e-07	0.00e+00	0.00e+00	0.00e+00
 1.41339e+23	7.86e-08	9.41e-06	5.28e-03	1.56e-01	5.18e-01	2.88e-01	3.10e-02	1.03e-03	3.73e-05	6.17e-07	0.00e+00	0.00e+00	0.00e+00
 1.42457e+23	1.03e-07	1.09e-05	5.93e-03	1.63e-01	5.19e-01	2.81e-01	2.97e-02	9.76e-04	3.50e-05	5.75e-07	0.00e+00	0.00e+00	0.00e+00
 1.43653e+23	1.36e-07	1.29e-05	6.75e-03	1.72e-01	5.20e-01	2.73e-01	2.82e-02	9.13e-04	3.25e-05	5.31e-07	0.00e+00	0.00e+00	0.00e+00
 1.44972e+23	1.79e-07	1.56e-05	7.87e-03	1.82e-01	5.20e-01	2.63e-01	2.65e-02	8.46e-04	2.99e-05	4.85e-07	0.00e+00	0.00e+00	0.00e+00
 1.46132e+23	2.25e-07	1.87e-05	9.09e-03	1.92e-01	5.19e-01	2.54e-01	2.51e-02	7.88e-04	2.77e-05	4.46e-07	0.00e+00	0.00e+00	0.00e+00
 1.47099e+23	2.72e-07	2.18e-05	1.03e-02	2.01e-01	5.18e-01	2.46e-01	2.39e-02	7.40e-04	2.59e-05	4.15e-07	0.00e+00	0.00e+00	0.00e+00
 1.48133e+23	3.31e-07	2.59e-05	1.19e-02	2.11e-01	5.16e-01	2.38e-01	2.26e-02	6.91e-04	2.41e-05	3.84e-07	0.00e+00	0.00e+00	0.00e+00
 1.49277e+23	4.12e-07	3.18e-05	1.41e-02	2.24e-01	5.13e-01	2.27e-01	2.10e-02	6.33e-04	2.19e-05	3.49e-07	0.00e+00	0.00e+00	0.00e+00
 1.50294e+23	5.06e-07	3.87e-05	1.66e-02	2.37e-01	5.09e-01	2.17e-01	1.96e-02	5.81e-04	2.01e-05	3.17e-07	0.00e+00	0.00e+00	0.00e+00
 1.51159e+23	6.05e-07	4.60e-05	1.92e-02	2.50e-01	5.04e-01	2.08e-01	1.84e-02	5.37e-04	1.85e-05	2.91e-07	0.00e+00	0.00e+00	0.00e+00
 1.52095e+23	7.31e-07	5.56e-05	2.25e-02	2.64e-01	4.98e-01	1.98e-01	1.70e-02	4.91e-04	1.68e-05	2.64e-07	0.00e+00	0.00e+00	0.00e+00
 1.53148e+23	9.10e-07	6.93e-05	2.71e-02	2.81e-01	4.89e-01	1.86e-01	1.55e-02	4.39e-04	1.50e-05	2.35e-07	0.00e+00	0.00e+00	0.00e+00
 1.54123e+23	1.12e-06	8.58e-05	3.25e-02	2.98e-01	4.80e-01	1.75e-01	1.41e-02	3.91e-04	1.33e-05	2.08e-07	0.00e+00	0.00e+00	0.00e+00
 1.54995e+23	1.35e-06	1.04e-04	3.83e-02	3.15e-01	4.69e-01	1.64e-01	1.28e-02	3.49e-04	1.19e-05	1.85e-07	0.00e+00	0.00e+00	0.00e+00
 1.55963e+23	1.64e-06	1.29e-04	4.60e-02	3.34e-01	4.56e-01	1.52e-01	1.15e-02	3.06e-04	1.04e-05	1.61e-07	0.00e+00	0.00e+00	0.00e+00
 1.57221e+23	2.11e-06	1.69e-04	5.80e-02	3.59e-01	4.37e-01	1.36e-01	9.78e-03	2.54e-04	8.56e-06	1.32e-07	0.00e+00	0.00e+00	0.00e+00
 1.58475e+23	2.69e-06	2.21e-04	7.30e-02	3.85e-01	4.14e-01	1.20e-01	8.20e-03	2.06e-04	6.92e-06	0.00e+00	0.00e+00	0.00e+00	0.00e+00
 1.59439e+23	3.21e-06	2.71e-04	8.66e-02	4.03e-01	3.94e-01	1.08e-01	7.09e-03	1.74e-04	5.80e-06	0.00e+00	0.00e+00	0.00e+00	0.00e+00
 1.60405e+23	3.77e-06	3.27e-04	1.02e-01	4.21e-01	3.74e-01	9.70e-02	6.08e-03	1.46e-04	4.84e-06	0.00e+00	0.00e+00	0.00e+00	0.00e+00
 1.61660e+23	4.55e-06	4.11e-04	1.23e-01	4.41e-01	3.47e-01	8.35e-02	4.95e-03	1.15e-04	3.79e-06	0.00e+00	0.00e+00	0.00e+00	0.00e+00
 1.63037e+23	5.48e-06	5.20e-04	1.50e-01	4.59e-01	3.17e-01	7.02e-02	3.91e-03	8.76e-05	2.87e-06	0.00e+00	0.00e+00	0.00e+00	0.00e+00
 1.64327e+23	6.38e-06	6.35e-04	1.76e-01	4.72e-01	2.89e-01	5.93e-02	3.11e-03	6.76e-05	2.19e-06	0.00e+00	0.00e+00	0.00e+00	0.00e+00
 1.65512e+23	7.22e-06	7.51e-04	2.02e-01	4.80e-01	2.65e-01	5.07e-02	2.52e-03	5.32e-05	1.71e-06	0.00e+00	0.00e+00	0.00e+00	0.00e+00
 1.66797e+23	8.08e-06	8.84e-04	2.30e-01	4.85e-01	2.40e-01	4.26e-02	2.00e-03	4.10e-05	1.31e-06	0.00e+00	0.00e+00	0.00e+00	0.00e+00
 1.68421e+23	9.12e-06	1.06e-03	2.66e-01	4.86e-01	2.11e-01	3.42e-02	1.50e-03	2.97e-05	9.37e-07	0.00e+00	0.00e+00	0.00e+00	0.00e+00
 1.70221e+23	1.02e-05	1.27e-03	3.05e-01	4.83e-01	1.83e-01	2.69e-02	1.09e-03	2.09e-05	6.50e-07	0.00e+00	0.00e+00	0.00e+00	0.00e+00
 1.72027e+23	1.12e-05	1.48e-03	3.44e-01	4.74e-01	1.58e-01	2.12e-02	8.03e-04	1.49e-05	4.54e-07	0.00e+00	0.00e+00	0.00e+00	0.00e+00
 1.73923e+23	1.21e-05	1.71e-03	3.82e-01	4.63e-01	1.36e-01	1.66e-02	5.86e-04	1.05e-05	3.16e-07	0.00e+00	0.00e+00	0.00e+00	0.00e+00
 1.76027e+23	1.29e-05	1.97e-03	4.22e-01	4.47e-01	1.16e-01	1.28e-02	4.19e-04	7.29e-06	2.15e-07	0.00e+00	0.00e+00	0.00e+00	0.00e+00
 1.78404e+23	1.38e-05	2.25e-03	4.64e-01	4.27e-01	9.69e-02	9.67e-03	2.93e-04	4.93e-06	1.43e-07	0.00e+00	0.00e+00	0.00e+00	0.00e+00
 1.81048e+23	1.45e-05	2.56e-03	5.07e-01	4.03e-01	8.00e-02	7.19e-03	2.00e-04	3.27e-06	0.00e+00	0.00e+00	0.00e+00	0.00e+00	0.00e+00
 1.83949e+23	1.52e-05	2.89e-03	5.48e-01	3.78e-01	6.56e-02	5.30e-03	1.36e-04	2.16e-06	0.00e+00	0.00e+00	0.00e+00	0.00e+00	0.00e+00
 1.87188e+23	1.58e-05	3.24e-03	5.88e-01	3.51e-01	5.32e-02	3.86e-03	9.15e-05	1.41e-06	0.00e+00	0.00e+00	0.00e+00	0.00e+00	0.00e+00
 1.90891e+23	1.63e-05	3.62e-03	6.28e-01	3.23e-01	4.25e-02	2.77e-03	6.04e-05	9.06e-07	0.00e+00	0.00e+00	0.00e+00	0.00e+00	0.00e+00
 1.95150e+23	1.67e-05	4.03e-03	6.67e-01	2.93e-01	3.35e-02	1.96e-03	3.92e-05	5.74e-07	0.00e+00	0.00e+00	0.00e+00	0.00e+00	0.00e+00
 2.00066e+23	1.71e-05	4.48e-03	7.05e-01	2.63e-01	2.61e-02	1.37e-03	2.53e-05	3.61e-07	0.00e+00	0.00e+00	0.00e+00	0.00e+00	0.00e+00
 2.05842e+23	1.75e-05	4.95e-03	7.40e-01	2.34e-01	2.00e-02	9.54e-04	1.61e-05	2.26e-07	0.00e+00	0.00e+00	0.00e+00	0.00e+00	0.00e+00
 2.12847e+23	1.79e-05	5.47e-03	7.74e-01	2.05e-01	1.52e-02	6.56e-04	1.02e-05	1.40e-07	0.00e+00	0.00e+00	0.00e+00	0.00e+00	0.00e+00
 2.21110e+23	1.85e-05	6.04e-03	8.04e-01	1.78e-01	1.14e-02	4.53e-04	6.47e-06	0.00e+00	0.00e+00	0.00e+00	0.00e+00	0.00e+00	0.00e+00
 2.29505e+23	1.93e-05	6.60e-03	8.28e-01	1.56e-01	8.84e-03	3.28e-04	4.36e-06	0.00e+00	0.00e+00	0.00e+00	0.00e+00	0.00e+00	0.00e+00
 2.37103e+23	2.00e-05	7.08e-03	8.46e-01	1.40e-01	7.25e-03	2.56e-04	3.22e-06	0.00e+00	0.00e+00	0.00e+00	0.00e+00	0.00e+00	0.00e+00
 2.43941e+23	2.07e-05	7.49e-03	8.58e-01	1.28e-01	6.18e-03	2.10e-04	2.54e-06	0.00e+00	0.00e+00	0.00e+00	0.00e+00	0.00e+00	0.00e+00
 2.50095e+23	2.14e-05	7.84e-03	8.68e-01	1.18e-01	5.44e-03	1.80e-04	2.10e-06	0.00e+00	0.00e+00	0.00e+00	0.00e+00	0.00e+00	0.00e+00
 2.55633e+23	2.22e-05	8.11e-03	8.75e-01	1.11e-01	4.93e-03	1.59e-04	1.81e-06	0.00e+00	0.00e+00	0.00e+00	0.00e+00	0.00e+00	0.00e+00
 2.60618e+23	2.27e-05	8.38e-03	8.81e-01	1.05e-01	4.52e-03	1.44e-04	1.60e-06	0.00e+00	0.00e+00	0.00e+00	0.00e+00	0.00e+00	0.00e+00
 2.65105e+23	2.35e-05	8.59e-03	8.86e-01	1.01e-01	4.22e-03	1.32e-04	1.45e-06	0.00e+00	0.00e+00	0.00e+00	0.00e+00	0.00e+00	0.00e+00
 2.69142e+23	2.40e-05	8.77e-03	8.90e-01	9.71e-02	3.99e-03	1.23e-04	1.33e-06	0.00e+00	0.00e+00	0.00e+00	0.00e+00	0.00e+00	0.00e+00
 2.72776e+23	2.45e-05	8.92e-03	8.93e-01	9.40e-02	3.81e-03	1.16e-04	1.24e-06	0.00e+00	0.00e+00	0.00e+00	0.00e+00	0.00e+00	0.00e+00
 2.76047e+23	2.50e-05	9.06e-03	8.96e-01	9.14e-02	3.66e-03	1.11e-04	1.18e-06	0.00e+00	0.00e+00	0.00e+00	0.00e+00	0.00e+00	0.00e+00
 2.79123e+23	2.54e-05	9.18e-03	8.98e-01	8.91e-02	3.53e-03	1.06e-04	1.12e-06	0.00e+00	0.00e+00	0.00e+00	0.00e+00	0.00e+00	0.00e+00
 2.82178e+23	2.58e-05	9.30e-03	9.00e-01	8.69e-02	3.41e-03	1.02e-04	1.06e-06	0.00e+00	0.00e+00	0.00e+00	0.00e+00	0.00e+00	0.00e+00
 2.85233e+23	2.63e-05	9.42e-03	9.02e-01	8.49e-02	3.30e-03	9.76e-05	1.02e-06	0.00e+00	0.00e+00	0.00e+00	0.00e+00	0.00e+00	0.00e+00
 2.88288e+23	2.67e-05	9.53e-03	9.04e-01	8.30e-02	3.21e-03	9.40e-05	9.74e-07	0.00e+00	0.00e+00	0.00e+00	0.00e+00	0.00e+00	0.00e+00
 2.91343e+23	2.71e-05	9.64e-03	9.06e-01	8.12e-02	3.12e-03	9.07e-05	9.36e-07	0.00e+00	0.00e+00	0.00e+00	0.00e+00	0.00e+00	0.00e+00
 2.94398e+23	2.75e-05	9.73e-03	9.08e-01	7.96e-02	3.04e-03	8.78e-05	9.03e-07	0.00e+00	0.00e+00	0.00e+00	0.00e+00	0.00e+00	0.00e+00
 2.97452e+23	2.79e-05	9.83e-03	9.09e-01	7.80e-02	2.97e-03	8.52e-05	8.73e-07	0.00e+00	0.00e+00	0.00e+00	0.00e+00	0.00e+00	0.00e+00
 3.00507e+23	2.83e-05	9.92e-03	9.11e-01	7.65e-02	2.90e-03	8.27e-05	8.46e-07	0.00e+00	0.00e+00	0.00e+00	0.00e+00	0.00e+00	0.00e+00
 3.03562e+23	2.87e-05	1.00e-02	9.12e-01	7.51e-02	2.83e-03	8.03e-05	8.20e-07	0.00e+00	0.00e+00	0.00e+00	0.00e+00	0.00e+00	0.00e+00
 3.05286e+23	2.92e-05	1.01e-02	9.13e-01	7.40e-02	2.78e-03	7.83e-05	7.97e-07	0.00e+00	0.00e+00	0.00e+00	0.00e+00	0.00e+00	0.00e+00
