#depth	Cl	Cl+	Cl+2	Cl+3	Cl+4	Cl+5	Cl+6	Cl+7	Cl+8	Cl+9	Cl+10	Cl+11	Cl+12	Cl+13	Cl+14	Cl+15	Cl+16	Cl+17
 6.17135e+19	0.00e+00	1.20e-28	2.16e-24	9.04e-21	9.43e-18	4.68e-15	1.05e-12	3.48e-09	1.16e-06	9.69e-05	2.17e-03	2.17e-02	8.72e-02	1.42e-01	1.87e-01	4.84e-01	7.31e-02	3.52e-03
 1.87609e+20	0.00e+00	5.45e-28	8.57e-24	3.10e-20	2.79e-17	1.18e-14	2.24e-12	7.26e-09	2.30e-06	1.81e-04	3.64e-03	3.23e-02	1.16e-01	1.65e-01	1.90e-01	4.33e-01	5.72e-02	2.42e-03
 2.83882e+20	0.00e+00	1.65e-27	2.35e-23	7.66e-20	6.17e-17	2.32e-14	3.92e-12	1.22e-08	3.75e-06	2.80e-04	5.25e-03	4.26e-02	1.40e-01	1.82e-01	1.89e-01	3.92e-01	4.69e-02	1.79e-03
 3.32018e+20	0.00e+00	2.82e-27	3.82e-23	1.18e-19	9.06e-17	3.22e-14	5.14e-12	1.56e-08	4.71e-06	3.44e-04	6.22e-03	4.83e-02	1.52e-01	1.89e-01	1.88e-01	3.72e-01	4.23e-02	1.54e-03
 3.58443e+20	0.00e+00	3.76e-27	4.96e-23	1.50e-19	1.11e-16	3.84e-14	5.95e-12	1.78e-08	5.32e-06	3.84e-04	6.81e-03	5.17e-02	1.59e-01	1.93e-01	1.87e-01	3.61e-01	4.00e-02	1.42e-03
 3.82315e+20	0.00e+00	4.88e-27	6.28e-23	1.85e-19	1.34e-16	4.51e-14	6.78e-12	2.00e-08	5.93e-06	4.23e-04	7.39e-03	5.49e-02	1.66e-01	1.97e-01	1.86e-01	3.50e-01	3.79e-02	1.31e-03
 4.13349e+20	0.00e+00	6.71e-27	8.40e-23	2.40e-19	1.69e-16	5.49e-14	7.99e-12	2.32e-08	6.77e-06	4.77e-04	8.15e-03	5.90e-02	1.73e-01	2.00e-01	1.84e-01	3.38e-01	3.55e-02	1.19e-03
 4.53692e+20	0.00e+00	1.02e-26	1.23e-22	3.37e-19	2.28e-16	7.09e-14	9.87e-12	2.79e-08	8.03e-06	5.56e-04	9.24e-03	6.46e-02	1.84e-01	2.05e-01	1.81e-01	3.22e-01	3.24e-02	1.05e-03
 4.96675e+20	0.00e+00	1.56e-26	1.81e-22	4.80e-19	3.11e-16	9.26e-14	1.23e-11	3.38e-08	9.57e-06	6.50e-04	1.05e-02	7.09e-02	1.95e-01	2.10e-01	1.78e-01	3.04e-01	2.95e-02	9.16e-04
 5.34116e+20	0.00e+00	2.25e-26	2.53e-22	6.48e-19	4.05e-16	1.16e-13	1.48e-11	3.97e-08	1.11e-05	7.42e-04	1.17e-02	7.65e-02	2.04e-01	2.13e-01	1.76e-01	2.90e-01	2.71e-02	8.14e-04
 5.73817e+20	0.00e+00	3.28e-26	3.57e-22	8.83e-19	5.33e-16	1.47e-13	1.80e-11	4.69e-08	1.29e-05	8.48e-04	1.31e-02	8.27e-02	2.14e-01	2.16e-01	1.72e-01	2.75e-01	2.48e-02	7.19e-04
 6.18609e+20	0.00e+00	4.97e-26	5.21e-22	1.24e-18	7.21e-16	1.90e-13	2.23e-11	5.62e-08	1.52e-05	9.81e-04	1.47e-02	8.98e-02	2.25e-01	2.19e-01	1.68e-01	2.59e-01	2.25e-02	6.25e-04
 6.61101e+20	0.00e+00	7.29e-26	7.40e-22	1.70e-18	9.53e-16	2.42e-13	2.72e-11	6.64e-08	1.77e-05	1.12e-03	1.64e-02	9.67e-02	2.35e-01	2.21e-01	1.64e-01	2.44e-01	2.04e-02	5.47e-04
 7.01149e+20	0.00e+00	1.04e-25	1.02e-21	2.27e-18	1.23e-15	3.01e-13	3.27e-11	7.73e-08	2.02e-05	1.26e-03	1.80e-02	1.03e-01	2.44e-01	2.22e-01	1.60e-01	2.31e-01	1.86e-02	4.83e-04
 7.40593e+20	0.00e+00	1.45e-25	1.39e-21	3.00e-18	1.58e-15	3.72e-13	3.90e-11	8.95e-08	2.31e-05	1.42e-03	1.98e-02	1.10e-01	2.53e-01	2.23e-01	1.56e-01	2.19e-01	1.71e-02	4.28e-04
 7.79060e+20	0.00e+00	2.00e-25	1.86e-21	3.92e-18	1.99e-15	4.55e-13	4.61e-11	1.03e-07	2.61e-05	1.58e-03	2.15e-02	1.16e-01	2.61e-01	2.24e-01	1.52e-01	2.07e-01	1.56e-02	3.80e-04
 8.22596e+20	0.00e+00	2.85e-25	2.58e-21	5.25e-18	2.59e-15	5.69e-13	5.56e-11	1.20e-07	2.99e-05	1.78e-03	2.36e-02	1.24e-01	2.69e-01	2.24e-01	1.48e-01	1.95e-01	1.42e-02	3.33e-04
 8.69940e+20	0.00e+00	4.15e-25	3.63e-21	7.16e-18	3.41e-15	7.22e-13	6.77e-11	1.41e-07	3.44e-05	2.01e-03	2.61e-02	1.32e-01	2.78e-01	2.24e-01	1.43e-01	1.82e-01	1.28e-02	2.88e-04
 9.12434e+20	0.00e+00	5.76e-25	4.91e-21	9.40e-18	4.34e-15	8.88e-13	8.05e-11	1.62e-07	3.89e-05	2.24e-03	2.84e-02	1.39e-01	2.86e-01	2.23e-01	1.38e-01	1.71e-01	1.16e-02	2.54e-04
 9.57876e+20	0.00e+00	8.10e-25	6.71e-21	1.25e-17	5.58e-15	1.10e-12	9.65e-11	1.88e-07	4.43e-05	2.50e-03	3.09e-02	1.47e-01	2.93e-01	2.22e-01	1.34e-01	1.60e-01	1.05e-02	2.21e-04
 1.00848e+21	0.00e+00	1.17e-24	9.43e-21	1.70e-17	7.33e-15	1.40e-12	1.17e-10	2.20e-07	5.08e-05	2.81e-03	3.39e-02	1.56e-01	3.01e-01	2.20e-01	1.28e-01	1.48e-01	9.36e-03	1.91e-04
 1.05561e+21	0.00e+00	1.64e-24	1.28e-20	2.24e-17	9.40e-15	1.73e-12	1.40e-10	2.54e-07	5.76e-05	3.12e-03	3.68e-02	1.64e-01	3.07e-01	2.18e-01	1.23e-01	1.38e-01	8.44e-03	1.66e-04
 1.09994e+21	0.00e+00	2.24e-24	1.70e-20	2.90e-17	1.18e-14	2.11e-12	1.66e-10	2.91e-07	6.45e-05	3.44e-03	3.96e-02	1.72e-01	3.13e-01	2.16e-01	1.19e-01	1.30e-01	7.65e-03	1.46e-04
 1.15084e+21	0.00e+00	3.16e-24	2.34e-20	3.86e-17	1.53e-14	2.63e-12	1.99e-10	3.37e-07	7.33e-05	3.83e-03	4.30e-02	1.80e-01	3.19e-01	2.13e-01	1.14e-01	1.20e-01	6.84e-03	1.26e-04
 1.20784e+21	0.00e+00	4.60e-24	3.30e-20	5.29e-17	2.02e-14	3.34e-12	2.44e-10	3.96e-07	8.41e-05	4.30e-03	4.69e-02	1.90e-01	3.25e-01	2.09e-01	1.08e-01	1.10e-01	6.04e-03	1.07e-04
 1.25782e+21	0.00e+00	6.35e-24	4.44e-20	6.91e-17	2.56e-14	4.11e-12	2.90e-10	4.55e-07	9.46e-05	4.74e-03	5.05e-02	1.98e-01	3.29e-01	2.06e-01	1.04e-01	1.03e-01	5.42e-03	9.26e-05
 1.29965e+21	0.00e+00	8.26e-24	5.66e-20	8.61e-17	3.11e-14	4.87e-12	3.34e-10	5.10e-07	1.04e-04	5.13e-03	5.36e-02	2.05e-01	3.33e-01	2.03e-01	9.98e-02	9.63e-02	4.95e-03	8.23e-05
 1.34582e+21	0.00e+00	1.10e-23	7.35e-20	1.09e-16	3.85e-14	5.85e-12	3.89e-10	5.76e-07	1.15e-04	5.58e-03	5.71e-02	2.12e-01	3.36e-01	1.99e-01	9.57e-02	9.00e-02	4.49e-03	7.24e-05
 1.40584e+21	0.00e+00	1.57e-23	1.02e-19	1.47e-16	5.03e-14	7.37e-12	4.73e-10	6.73e-07	1.31e-04	6.21e-03	6.18e-02	2.21e-01	3.39e-01	1.95e-01	9.05e-02	8.23e-02	3.95e-03	6.13e-05
 1.46798e+21	0.00e+00	2.26e-23	1.43e-19	2.00e-16	6.60e-14	9.32e-12	5.76e-10	7.88e-07	1.50e-04	6.91e-03	6.68e-02	2.31e-01	3.42e-01	1.89e-01	8.54e-02	7.51e-02	3.47e-03	5.18e-05
 1.51968e+21	0.00e+00	3.05e-23	1.88e-19	2.56e-16	8.24e-14	1.13e-11	6.77e-10	8.96e-07	1.67e-04	7.54e-03	7.12e-02	2.38e-01	3.44e-01	1.85e-01	8.13e-02	6.95e-02	3.10e-03	4.49e-05
 1.57366e+21	0.00e+00	4.10e-23	2.47e-19	3.28e-16	1.03e-13	1.37e-11	7.96e-10	1.02e-06	1.85e-04	8.21e-03	7.57e-02	2.46e-01	3.45e-01	1.81e-01	7.73e-02	6.43e-02	2.78e-03	3.90e-05
 1.64383e+21	0.00e+00	5.99e-23	3.50e-19	4.51e-16	1.37e-13	1.75e-11	9.79e-10	1.20e-06	2.12e-04	9.15e-03	8.18e-02	2.55e-01	3.46e-01	1.74e-01	7.22e-02	5.80e-02	2.41e-03	3.24e-05
 1.71603e+21	0.00e+00	8.77e-23	4.98e-19	6.21e-16	1.82e-13	2.24e-11	1.21e-09	1.42e-06	2.43e-04	1.02e-02	8.83e-02	2.65e-01	3.46e-01	1.68e-01	6.74e-02	5.22e-02	2.08e-03	2.69e-05
 1.77542e+21	2.06e-30	1.19e-22	6.61e-19	8.04e-16	2.29e-13	2.74e-11	1.43e-09	1.62e-06	2.71e-04	1.11e-02	9.38e-02	2.72e-01	3.46e-01	1.63e-01	6.36e-02	4.79e-02	1.84e-03	2.30e-05
 1.83719e+21	2.84e-30	1.62e-22	8.76e-19	1.04e-15	2.88e-13	3.34e-11	1.69e-09	1.85e-06	3.02e-04	1.21e-02	9.95e-02	2.80e-01	3.45e-01	1.58e-01	5.99e-02	4.39e-02	1.63e-03	1.97e-05
 1.90536e+21	4.02e-30	2.26e-22	1.19e-18	1.37e-15	3.69e-13	4.15e-11	2.03e-09	2.14e-06	3.40e-04	1.32e-02	1.06e-01	2.88e-01	3.44e-01	1.52e-01	5.61e-02	3.98e-02	1.43e-03	1.66e-05
 1.96781e+21	5.46e-30	3.05e-22	1.57e-18	1.76e-15	4.62e-13	5.04e-11	2.39e-09	2.44e-06	3.77e-04	1.44e-02	1.12e-01	2.94e-01	3.42e-01	1.47e-01	5.27e-02	3.64e-02	1.27e-03	1.43e-05
 2.03498e+21	7.55e-30	4.17e-22	2.09e-18	2.29e-15	5.84e-13	6.18e-11	2.83e-09	2.80e-06	4.21e-04	1.56e-02	1.19e-01	3.01e-01	3.39e-01	1.41e-01	4.94e-02	3.32e-02	1.11e-03	1.21e-05
 2.10992e+21	1.07e-29	5.86e-22	2.87e-18	3.05e-15	7.54e-13	7.71e-11	3.42e-09	3.25e-06	4.74e-04	1.71e-02	1.26e-01	3.08e-01	3.36e-01	1.35e-01	4.59e-02	2.99e-02	9.65e-04	1.01e-05
 2.18027e+21	1.47e-29	8.02e-22	3.83e-18	3.97e-15	9.53e-13	9.45e-11	4.06e-09	3.72e-06	5.28e-04	1.86e-02	1.33e-01	3.15e-01	3.33e-01	1.30e-01	4.28e-02	2.71e-02	8.46e-04	8.56e-06
 2.25702e+21	2.06e-29	1.12e-21	5.20e-18	5.24e-15	1.22e-12	1.17e-10	4.87e-09	4.30e-06	5.92e-04	2.03e-02	1.41e-01	3.21e-01	3.29e-01	1.24e-01	3.97e-02	2.44e-02	7.33e-04	7.16e-06
 2.34249e+21	2.96e-29	1.60e-21	7.25e-18	7.09e-15	1.60e-12	1.48e-10	5.93e-09	5.03e-06	6.70e-04	2.23e-02	1.49e-01	3.28e-01	3.24e-01	1.17e-01	3.65e-02	2.17e-02	6.27e-04	5.88e-06
 2.42277e+21	4.12e-29	2.23e-21	9.84e-18	9.36e-15	2.05e-12	1.84e-10	7.11e-09	5.81e-06	7.51e-04	2.42e-02	1.58e-01	3.33e-01	3.19e-01	1.12e-01	3.38e-02	1.95e-02	5.42e-04	4.90e-06
 2.51060e+21	5.86e-29	3.18e-21	1.36e-17	1.26e-14	2.67e-12	2.31e-10	8.63e-09	6.77e-06	8.46e-04	2.65e-02	1.67e-01	3.39e-01	3.13e-01	1.06e-01	3.10e-02	1.73e-02	4.63e-04	4.03e-06
 2.60915e+21	8.56e-29	4.68e-21	1.94e-17	1.74e-14	3.56e-12	2.97e-10	1.06e-08	8.00e-06	9.64e-04	2.91e-02	1.77e-01	3.45e-01	3.06e-01	9.93e-02	2.82e-02	1.52e-02	3.89e-04	3.24e-06
 2.69682e+21	1.18e-28	6.54e-21	2.64e-17	2.30e-14	4.57e-12	3.68e-10	1.28e-08	9.24e-06	1.08e-03	3.16e-02	1.86e-01	3.49e-01	2.99e-01	9.38e-02	2.59e-02	1.35e-02	3.34e-04	2.68e-06
 2.77220e+21	1.55e-28	8.66e-21	3.42e-17	2.90e-14	5.63e-12	4.42e-10	1.49e-08	1.04e-05	1.18e-03	3.38e-02	1.94e-01	3.52e-01	2.93e-01	8.94e-02	2.41e-02	1.23e-02	2.93e-04	2.28e-06
 2.85643e+21	2.09e-28	1.18e-20	4.55e-17	3.76e-14	7.09e-12	5.39e-10	1.76e-08	1.19e-05	1.31e-03	3.64e-02	2.02e-01	3.55e-01	2.87e-01	8.46e-02	2.22e-02	1.10e-02	2.54e-04	1.90e-06
 2.96592e+21	3.03e-28	1.73e-20	6.48e-17	5.18e-14	9.44e-12	6.90e-10	2.17e-08	1.40e-05	1.49e-03	3.99e-02	2.13e-01	3.59e-01	2.78e-01	7.89e-02	2.00e-02	9.59e-03	2.12e-04	1.52e-06
 3.07690e+21	4.36e-28	2.56e-20	9.27e-17	7.17e-14	1.26e-11	8.88e-10	2.68e-08	1.66e-05	1.69e-03	4.37e-02	2.25e-01	3.61e-01	2.69e-01	7.32e-02	1.79e-02	8.31e-03	1.76e-04	1.21e-06
 3.16467e+21	5.73e-28	3.44e-20	1.22e-16	9.19e-14	1.57e-11	1.07e-09	3.15e-08	1.88e-05	1.87e-03	4.68e-02	2.33e-01	3.63e-01	2.62e-01	6.91e-02	1.65e-02	7.44e-03	1.52e-04	1.01e-06
 3.25365e+21	7.55e-28	4.62e-20	1.60e-16	1.18e-13	1.96e-11	1.30e-09	3.70e-08	2.13e-05	2.05e-03	5.00e-02	2.42e-01	3.64e-01	2.55e-01	6.51e-02	1.52e-02	6.66e-03	1.31e-04	8.44e-07
 3.36932e+21	1.07e-27	6.71e-20	2.25e-16	1.60e-13	2.58e-11	1.65e-09	4.52e-08	2.50e-05	2.31e-03	5.44e-02	2.53e-01	3.65e-01	2.45e-01	6.03e-02	1.36e-02	5.78e-03	1.09e-04	6.73e-07
 3.48973e+21	1.50e-27	9.84e-20	3.20e-16	2.21e-13	3.43e-11	2.11e-09	5.56e-08	2.94e-05	2.62e-03	5.92e-02	2.65e-01	3.65e-01	2.36e-01	5.55e-02	1.21e-02	4.97e-03	8.99e-05	5.29e-07
 3.58979e+21	1.98e-27	1.34e-19	4.26e-16	2.86e-13	4.32e-11	2.57e-09	6.56e-08	3.34e-05	2.89e-03	6.33e-02	2.75e-01	3.64e-01	2.28e-01	5.19e-02	1.10e-02	4.40e-03	7.67e-05	4.36e-07
 3.69336e+21	2.62e-27	1.83e-19	5.68e-16	3.71e-13	5.45e-11	3.14e-09	7.77e-08	3.81e-05	3.18e-03	6.77e-02	2.84e-01	3.63e-01	2.19e-01	4.84e-02	1.00e-02	3.88e-03	6.52e-05	3.57e-07
 3.82801e+21	3.72e-27	2.71e-19	8.14e-16	5.14e-13	7.28e-11	4.04e-09	9.58e-08	4.49e-05	3.60e-03	7.36e-02	2.96e-01	3.61e-01	2.09e-01	4.42e-02	8.83e-03	3.31e-03	5.32e-05	2.78e-07
 3.96623e+21	5.23e-27	4.04e-19	1.17e-15	7.16e-13	9.78e-11	5.21e-09	1.19e-07	5.31e-05	4.07e-03	7.99e-02	3.08e-01	3.58e-01	1.99e-01	4.02e-02	7.76e-03	2.81e-03	4.30e-05	2.14e-07
 4.07873e+21	6.82e-27	5.54e-19	1.57e-15	9.33e-13	1.24e-10	6.39e-09	1.41e-07	6.06e-05	4.49e-03	8.53e-02	3.18e-01	3.55e-01	1.90e-01	3.72e-02	6.98e-03	2.45e-03	3.61e-05	1.73e-07
 4.19462e+21	9.00e-27	7.60e-19	2.10e-15	1.22e-12	1.57e-10	7.83e-09	1.67e-07	6.91e-05	4.95e-03	9.10e-02	3.28e-01	3.52e-01	1.82e-01	3.43e-02	6.27e-03	2.14e-03	3.03e-05	1.40e-07
 4.34528e+21	1.27e-26	1.13e-18	3.04e-15	1.70e-12	2.11e-10	1.01e-08	2.07e-07	8.16e-05	5.60e-03	9.85e-02	3.39e-01	3.47e-01	1.71e-01	3.09e-02	5.46e-03	1.80e-03	2.43e-05	0.00e+00
 4.49014e+21	1.71e-26	1.65e-18	4.30e-15	2.33e-12	2.79e-10	1.29e-08	2.54e-07	9.54e-05	6.27e-03	1.06e-01	3.50e-01	3.41e-01	1.62e-01	2.79e-02	4.78e-03	1.52e-03	1.96e-05	0.00e+00
 4.59474e+21	2.12e-26	2.15e-18	5.49e-15	2.90e-12	3.40e-10	1.53e-08	2.92e-07	1.06e-04	6.79e-03	1.12e-01	3.58e-01	3.37e-01	1.55e-01	2.60e-02	4.35e-03	1.35e-03	1.68e-05	0.00e+00
 4.69801e+21	2.63e-26	2.78e-18	6.96e-15	3.60e-12	4.12e-10	1.80e-08	3.36e-07	1.18e-04	7.34e-03	1.17e-01	3.65e-01	3.33e-01	1.48e-01	2.42e-02	3.96e-03	1.20e-03	1.45e-05	0.00e+00
 4.83227e+21	3.44e-26	3.85e-18	9.38e-15	4.72e-12	5.24e-10	2.22e-08	4.00e-07	1.35e-04	8.08e-03	1.25e-01	3.74e-01	3.27e-01	1.40e-01	2.20e-02	3.51e-03	1.03e-03	1.19e-05	0.00e+00
 4.97636e+21	4.53e-26	5.42e-18	1.29e-14	6.30e-12	6.79e-10	2.77e-08	4.82e-07	1.56e-04	8.96e-03	1.33e-01	3.83e-01	3.20e-01	1.32e-01	1.99e-02	3.07e-03	8.75e-04	9.68e-06	0.00e+00
 5.10217e+21	5.68e-26	7.25e-18	1.69e-14	8.06e-12	8.46e-10	3.35e-08	5.65e-07	1.76e-04	9.77e-03	1.40e-01	3.90e-01	3.13e-01	1.25e-01	1.82e-02	2.74e-03	7.59e-04	8.09e-06	0.00e+00
 5.23463e+21	7.23e-26	9.76e-18	2.22e-14	1.03e-11	1.06e-09	4.06e-08	6.63e-07	1.99e-04	1.07e-02	1.48e-01	3.97e-01	3.07e-01	1.18e-01	1.66e-02	2.44e-03	6.57e-04	6.73e-06	0.00e+00
 5.40683e+21	9.79e-26	1.42e-17	3.16e-14	1.43e-11	1.41e-09	5.21e-08	8.18e-07	2.33e-04	1.19e-02	1.58e-01	4.06e-01	2.97e-01	1.09e-01	1.47e-02	2.09e-03	5.42e-04	5.28e-06	0.00e+00
 5.57935e+21	1.29e-25	2.06e-17	4.46e-14	1.95e-11	1.87e-09	6.64e-08	1.00e-06	2.72e-04	1.33e-02	1.69e-01	4.13e-01	2.88e-01	1.01e-01	1.30e-02	1.79e-03	4.47e-04	4.15e-06	0.00e+00
 5.71494e+21	1.59e-25	2.73e-17	5.79e-14	2.48e-11	2.31e-09	8.00e-08	1.17e-06	3.06e-04	1.44e-02	1.78e-01	4.19e-01	2.80e-01	9.48e-02	1.18e-02	1.59e-03	3.85e-04	3.44e-06	0.00e+00
 5.85383e+21	1.98e-25	3.62e-17	7.53e-14	3.15e-11	2.87e-09	9.63e-08	1.37e-06	3.44e-04	1.57e-02	1.86e-01	4.24e-01	2.72e-01	8.89e-02	1.07e-02	1.40e-03	3.31e-04	2.84e-06	0.00e+00
 6.03439e+21	2.61e-25	5.15e-17	1.05e-13	4.27e-11	3.77e-09	1.22e-07	1.67e-06	4.00e-04	1.74e-02	1.98e-01	4.30e-01	2.62e-01	8.18e-02	9.38e-03	1.20e-03	2.72e-04	2.22e-06	0.00e+00
 6.22415e+21	3.39e-25	7.41e-17	1.47e-13	5.84e-11	5.00e-09	1.56e-07	2.06e-06	4.67e-04	1.93e-02	2.10e-01	4.35e-01	2.51e-01	7.47e-02	8.19e-03	1.01e-03	2.22e-04	1.72e-06	0.00e+00
 6.38499e+21	4.20e-25	9.97e-17	1.95e-13	7.56e-11	6.30e-09	1.91e-07	2.44e-06	5.30e-04	2.11e-02	2.21e-01	4.38e-01	2.41e-01	6.91e-02	7.29e-03	8.81e-04	1.86e-04	1.38e-06	0.00e+00
 6.55320e+21	5.26e-25	1.35e-16	2.59e-13	9.82e-11	7.99e-09	2.34e-07	2.90e-06	6.03e-04	2.31e-02	2.32e-01	4.41e-01	2.32e-01	6.37e-02	6.46e-03	7.61e-04	1.56e-04	1.10e-06	0.00e+00
 6.77188e+21	6.89e-25	1.96e-16	3.70e-13	1.37e-10	1.08e-08	3.04e-07	3.62e-06	7.10e-04	2.58e-02	2.47e-01	4.44e-01	2.20e-01	5.73e-02	5.52e-03	6.30e-04	1.23e-04	8.27e-07	0.00e+00
 6.99274e+21	8.90e-25	2.84e-16	5.25e-13	1.89e-10	1.45e-08	3.93e-07	4.51e-06	8.35e-04	2.87e-02	2.61e-01	4.45e-01	2.07e-01	5.13e-02	4.70e-03	5.20e-04	9.76e-05	6.17e-07	0.00e+00
 7.16796e+21	1.06e-24	3.76e-16	6.88e-13	2.43e-10	1.82e-08	4.81e-07	5.37e-06	9.49e-04	3.13e-02	2.73e-01	4.46e-01	1.97e-01	4.69e-02	4.13e-03	4.46e-04	8.08e-05	4.88e-07	0.00e+00
 7.31821e+21	1.24e-24	4.75e-16	8.60e-13	2.99e-10	2.20e-08	5.67e-07	6.17e-06	1.05e-03	3.35e-02	2.83e-01	4.45e-01	1.90e-01	4.35e-02	3.71e-03	3.93e-04	6.93e-05	4.03e-07	0.00e+00
 7.48448e+21	1.48e-24	6.11e-16	1.09e-12	3.75e-10	2.71e-08	6.79e-07	7.20e-06	1.18e-03	3.61e-02	2.94e-01	4.44e-01	1.81e-01	4.00e-02	3.29e-03	3.41e-04	5.83e-05	3.25e-07	0.00e+00
 7.70062e+21	1.83e-24	8.36e-16	1.48e-12	4.98e-10	3.51e-08	8.53e-07	8.77e-06	1.36e-03	3.97e-02	3.08e-01	4.42e-01	1.70e-01	3.59e-02	2.82e-03	2.84e-04	4.67e-05	2.47e-07	0.00e+00
 7.92328e+21	2.23e-24	1.14e-15	2.01e-12	6.62e-10	4.57e-08	1.07e-06	1.07e-05	1.57e-03	4.36e-02	3.22e-01	4.39e-01	1.59e-01	3.20e-02	2.40e-03	2.36e-04	3.71e-05	1.86e-07	0.00e+00
 8.10649e+21	2.60e-24	1.46e-15	2.56e-12	8.31e-10	5.63e-08	1.29e-06	1.26e-05	1.76e-03	4.70e-02	3.34e-01	4.35e-01	1.51e-01	2.91e-02	2.10e-03	2.02e-04	3.08e-05	1.48e-07	0.00e+00
 8.29679e+21	3.06e-24	1.87e-15	3.25e-12	1.04e-09	6.96e-08	1.56e-06	1.48e-05	1.98e-03	5.07e-02	3.45e-01	4.31e-01	1.42e-01	2.64e-02	1.83e-03	1.73e-04	2.54e-05	0.00e+00	0.00e+00
 8.54417e+21	3.74e-24	2.54e-15	4.41e-12	1.39e-09	9.08e-08	1.97e-06	1.81e-05	2.30e-03	5.57e-02	3.60e-01	4.25e-01	1.32e-01	2.32e-02	1.54e-03	1.41e-04	1.99e-05	0.00e+00	0.00e+00
 8.79269e+21	4.44e-24	3.42e-15	5.92e-12	1.84e-09	1.18e-07	2.49e-06	2.22e-05	2.66e-03	6.10e-02	3.75e-01	4.18e-01	1.22e-01	2.04e-02	1.29e-03	1.15e-04	1.55e-05	0.00e+00	0.00e+00
 8.98785e+21	5.06e-24	4.28e-15	7.40e-12	2.28e-09	1.44e-07	2.97e-06	2.59e-05	2.97e-03	6.54e-02	3.85e-01	4.12e-01	1.15e-01	1.84e-02	1.12e-03	9.83e-05	1.28e-05	0.00e+00	0.00e+00
 9.18669e+21	5.82e-24	5.33e-15	9.22e-12	2.81e-09	1.75e-07	3.53e-06	3.02e-05	3.31e-03	7.00e-02	3.96e-01	4.05e-01	1.08e-01	1.66e-02	9.78e-04	8.39e-05	1.06e-05	0.00e+00	0.00e+00
 9.44519e+21	6.92e-24	7.00e-15	1.21e-11	3.66e-09	2.24e-07	4.40e-06	3.67e-05	3.80e-03	7.62e-02	4.09e-01	3.96e-01	9.92e-02	1.46e-02	8.19e-04	6.85e-05	8.29e-06	0.00e+00	0.00e+00
 9.71496e+21	8.08e-24	9.21e-15	1.60e-11	4.78e-09	2.88e-07	5.49e-06	4.47e-05	4.37e-03	8.30e-02	4.22e-01	3.86e-01	9.09e-02	1.27e-02	6.81e-04	5.56e-05	6.43e-06	0.00e+00	0.00e+00
 9.94154e+21	9.17e-24	1.15e-14	2.01e-11	5.93e-09	3.53e-07	6.59e-06	5.25e-05	4.90e-03	8.88e-02	4.33e-01	3.77e-01	8.44e-02	1.13e-02	5.84e-04	4.67e-05	5.22e-06	0.00e+00	0.00e+00
 1.01783e+22	1.05e-23	1.43e-14	2.52e-11	7.37e-09	4.33e-07	7.91e-06	6.17e-05	5.50e-03	9.51e-02	4.43e-01	3.68e-01	7.82e-02	1.01e-02	4.99e-04	3.91e-05	4.21e-06	0.00e+00	0.00e+00
 1.04860e+22	1.25e-23	1.89e-14	3.35e-11	9.68e-09	5.60e-07	9.95e-06	7.57e-05	6.34e-03	1.04e-01	4.55e-01	3.55e-01	7.08e-02	8.64e-03	4.08e-04	3.12e-05	3.20e-06	0.00e+00	0.00e+00
 1.08018e+22	1.46e-23	2.48e-14	4.45e-11	1.27e-08	7.23e-07	1.25e-05	9.29e-05	7.32e-03	1.13e-01	4.66e-01	3.42e-01	6.39e-02	7.39e-03	3.33e-04	2.47e-05	2.43e-06	0.00e+00	0.00e+00
 1.10606e+22	1.65e-23	3.07e-14	5.57e-11	1.58e-08	8.86e-07	1.50e-05	1.09e-04	8.19e-03	1.20e-01	4.74e-01	3.32e-01	5.88e-02	6.52e-03	2.82e-04	2.06e-05	1.95e-06	0.00e+00	0.00e+00
 1.13296e+22	1.90e-23	3.81e-14	6.96e-11	1.95e-08	1.08e-06	1.79e-05	1.28e-04	9.16e-03	1.28e-01	4.82e-01	3.21e-01	5.39e-02	5.73e-03	2.39e-04	1.71e-05	1.55e-06	0.00e+00	0.00e+00
 1.16106e+22	2.15e-23	4.73e-14	8.75e-11	2.43e-08	1.33e-06	2.16e-05	1.51e-04	1.03e-02	1.37e-01	4.89e-01	3.09e-01	4.92e-02	5.01e-03	2.01e-04	1.40e-05	1.23e-06	0.00e+00	0.00e+00
 1.18466e+22	2.38e-23	5.62e-14	1.05e-10	2.90e-08	1.58e-06	2.51e-05	1.74e-04	1.13e-02	1.44e-01	4.95e-01	2.99e-01	4.56e-02	4.48e-03	1.74e-04	1.19e-05	1.01e-06	0.00e+00	0.00e+00
 1.20930e+22	2.71e-23	6.76e-14	1.27e-10	3.48e-08	1.87e-06	2.91e-05	1.98e-04	1.24e-02	1.52e-01	5.00e-01	2.90e-01	4.23e-02	4.01e-03	1.51e-04	1.02e-05	8.36e-07	0.00e+00	0.00e+00
 1.24133e+22	3.17e-23	8.48e-14	1.62e-10	4.37e-08	2.31e-06	3.52e-05	2.35e-04	1.39e-02	1.62e-01	5.05e-01	2.77e-01	3.82e-02	3.46e-03	1.25e-04	8.26e-06	6.52e-07	0.00e+00	0.00e+00
 1.27425e+22	3.65e-23	1.06e-13	2.06e-10	5.49e-08	2.87e-06	4.26e-05	2.79e-04	1.56e-02	1.72e-01	5.10e-01	2.65e-01	3.45e-02	2.99e-03	1.04e-04	6.68e-06	5.07e-07	0.00e+00	0.00e+00
 1.30096e+22	4.10e-23	1.27e-13	2.49e-10	6.57e-08	3.40e-06	4.95e-05	3.19e-04	1.71e-02	1.81e-01	5.13e-01	2.55e-01	3.17e-02	2.65e-03	8.91e-05	5.65e-06	4.15e-07	0.00e+00	0.00e+00
 1.32830e+22	4.68e-23	1.52e-13	3.00e-10	7.85e-08	4.01e-06	5.73e-05	3.64e-04	1.87e-02	1.89e-01	5.15e-01	2.45e-01	2.92e-02	2.36e-03	7.67e-05	4.77e-06	3.40e-07	0.00e+00	0.00e+00
 1.36385e+22	5.55e-23	1.90e-13	3.81e-10	9.83e-08	4.95e-06	6.90e-05	4.30e-04	2.10e-02	2.01e-01	5.17e-01	2.33e-01	2.62e-02	2.02e-03	6.33e-05	3.86e-06	2.64e-07	0.00e+00	0.00e+00
 1.40040e+22	6.50e-23	2.39e-13	4.85e-10	1.23e-07	6.11e-06	8.31e-05	5.07e-04	2.34e-02	2.12e-01	5.18e-01	2.20e-01	2.34e-02	1.73e-03	5.21e-05	3.10e-06	2.04e-07	0.00e+00	0.00e+00
 1.43031e+22	7.39e-23	2.86e-13	5.87e-10	1.48e-07	7.22e-06	9.62e-05	5.79e-04	2.56e-02	2.22e-01	5.18e-01	2.11e-01	2.14e-02	1.53e-03	4.45e-05	2.61e-06	1.66e-07	0.00e+00	0.00e+00
 1.46123e+22	8.56e-23	3.42e-13	7.11e-10	1.77e-07	8.52e-06	1.11e-04	6.59e-04	2.79e-02	2.32e-01	5.17e-01	2.01e-01	1.95e-02	1.35e-03	3.81e-05	2.19e-06	1.35e-07	0.00e+00	0.00e+00
 1.50142e+22	1.03e-22	4.31e-13	9.07e-10	2.22e-07	1.05e-05	1.34e-04	7.77e-04	3.11e-02	2.44e-01	5.16e-01	1.89e-01	1.74e-02	1.15e-03	3.11e-05	1.75e-06	0.00e+00	0.00e+00	0.00e+00
 1.54296e+22	1.23e-22	5.44e-13	1.16e-09	2.79e-07	1.30e-05	1.61e-04	9.16e-04	3.47e-02	2.57e-01	5.13e-01	1.78e-01	1.54e-02	9.72e-04	2.54e-05	1.39e-06	0.00e+00	0.00e+00	0.00e+00
 1.57729e+22	1.43e-22	6.57e-13	1.42e-09	3.35e-07	1.54e-05	1.86e-04	1.04e-03	3.78e-02	2.68e-01	5.10e-01	1.69e-01	1.39e-02	8.50e-04	2.15e-05	1.16e-06	0.00e+00	0.00e+00	0.00e+00
 1.61298e+22	1.68e-22	7.94e-13	1.73e-09	4.03e-07	1.82e-05	2.16e-04	1.19e-03	4.12e-02	2.78e-01	5.06e-01	1.60e-01	1.26e-02	7.42e-04	1.82e-05	9.62e-07	0.00e+00	0.00e+00	0.00e+00
 1.65937e+22	2.08e-22	1.01e-12	2.23e-09	5.09e-07	2.25e-05	2.59e-04	1.40e-03	4.58e-02	2.92e-01	5.00e-01	1.49e-01	1.11e-02	6.24e-04	1.47e-05	7.60e-07	0.00e+00	0.00e+00	0.00e+00
 1.70758e+22	2.55e-22	1.29e-12	2.89e-09	6.46e-07	2.79e-05	3.12e-04	1.65e-03	5.09e-02	3.06e-01	4.93e-01	1.38e-01	9.66e-03	5.21e-04	1.18e-05	5.95e-07	0.00e+00	0.00e+00	0.00e+00
 1.74793e+22	3.02e-22	1.58e-12	3.57e-09	7.84e-07	3.33e-05	3.63e-04	1.88e-03	5.54e-02	3.17e-01	4.87e-01	1.29e-01	8.64e-03	4.50e-04	9.84e-06	4.88e-07	0.00e+00	0.00e+00	0.00e+00
 1.79017e+22	3.65e-22	1.94e-12	4.42e-09	9.52e-07	3.96e-05	4.22e-04	2.15e-03	6.03e-02	3.28e-01	4.79e-01	1.21e-01	7.70e-03	3.87e-04	8.20e-06	3.99e-07	0.00e+00	0.00e+00	0.00e+00
 1.84508e+22	4.65e-22	2.51e-12	5.80e-09	1.22e-06	4.94e-05	5.09e-04	2.54e-03	6.69e-02	3.42e-01	4.69e-01	1.11e-01	6.65e-03	3.20e-04	6.50e-06	3.08e-07	0.00e+00	0.00e+00	0.00e+00
 1.89654e+22	5.67e-22	3.18e-12	7.44e-09	1.53e-06	6.05e-05	6.05e-04	2.96e-03	7.37e-02	3.55e-01	4.59e-01	1.02e-01	5.78e-03	2.67e-04	5.21e-06	2.42e-07	0.00e+00	0.00e+00	0.00e+00
 1.93177e+22	6.54e-22	3.76e-12	8.80e-09	1.78e-06	6.91e-05	6.77e-04	3.26e-03	7.83e-02	3.63e-01	4.52e-01	9.70e-02	5.27e-03	2.37e-04	4.52e-06	2.07e-07	0.00e+00	0.00e+00	0.00e+00
 1.96581e+22	7.58e-22	4.37e-12	1.03e-08	2.04e-06	7.83e-05	7.53e-04	3.57e-03	8.29e-02	3.71e-01	4.45e-01	9.20e-02	4.83e-03	2.12e-04	3.94e-06	1.78e-07	0.00e+00	0.00e+00	0.00e+00
 2.01005e+22	9.16e-22	5.31e-12	1.26e-08	2.45e-06	9.18e-05	8.61e-04	4.01e-03	8.91e-02	3.80e-01	4.35e-01	8.58e-02	4.31e-03	1.83e-04	3.31e-06	1.47e-07	0.00e+00	0.00e+00	0.00e+00
 2.05986e+22	1.12e-21	6.58e-12	1.57e-08	2.98e-06	1.09e-04	9.96e-04	4.55e-03	9.63e-02	3.90e-01	4.24e-01	7.94e-02	3.79e-03	1.56e-04	2.72e-06	0.00e+00	0.00e+00	0.00e+00	0.00e+00
 2.10651e+22	1.34e-21	7.99e-12	1.91e-08	3.57e-06	1.28e-04	1.14e-03	5.12e-03	1.03e-01	3.99e-01	4.14e-01	7.37e-02	3.36e-03	1.34e-04	2.27e-06	0.00e+00	0.00e+00	0.00e+00	0.00e+00
 2.14951e+22	1.60e-21	9.60e-12	2.30e-08	4.20e-06	1.48e-04	1.28e-03	5.66e-03	1.10e-01	4.07e-01	4.04e-01	6.90e-02	3.02e-03	1.17e-04	1.93e-06	0.00e+00	0.00e+00	0.00e+00	0.00e+00
 2.19814e+22	1.95e-21	1.17e-11	2.81e-08	5.02e-06	1.72e-04	1.46e-03	6.32e-03	1.17e-01	4.15e-01	3.93e-01	6.39e-02	2.68e-03	1.01e-04	1.62e-06	0.00e+00	0.00e+00	0.00e+00	0.00e+00
 2.26136e+22	2.52e-21	1.50e-11	3.62e-08	6.29e-06	2.09e-04	1.71e-03	7.25e-03	1.27e-01	4.24e-01	3.79e-01	5.80e-02	2.30e-03	8.32e-05	1.29e-06	0.00e+00	0.00e+00	0.00e+00	0.00e+00
 2.32527e+22	3.20e-21	1.94e-11	4.66e-08	7.87e-06	2.54e-04	2.01e-03	8.30e-03	1.38e-01	4.33e-01	3.64e-01	5.24e-02	1.96e-03	6.86e-05	1.02e-06	0.00e+00	0.00e+00	0.00e+00	0.00e+00
 2.37601e+22	3.86e-21	2.36e-11	5.66e-08	9.35e-06	2.94e-04	2.27e-03	9.20e-03	1.46e-01	4.39e-01	3.53e-01	4.84e-02	1.74e-03	5.90e-05	8.56e-07	0.00e+00	0.00e+00	0.00e+00	0.00e+00
 2.42790e+22	4.73e-21	2.87e-11	6.86e-08	1.11e-05	3.40e-04	2.56e-03	1.02e-02	1.55e-01	4.44e-01	3.41e-01	4.47e-02	1.54e-03	5.09e-05	7.17e-07	0.00e+00	0.00e+00	0.00e+00	0.00e+00
 2.49535e+22	6.13e-21	3.68e-11	8.76e-08	1.37e-05	4.08e-04	2.97e-03	1.15e-02	1.66e-01	4.51e-01	3.26e-01	4.03e-02	1.32e-03	4.21e-05	5.72e-07	0.00e+00	0.00e+00	0.00e+00	0.00e+00
 2.56675e+22	7.94e-21	4.77e-11	1.13e-07	1.72e-05	4.93e-04	3.46e-03	1.31e-02	1.79e-01	4.56e-01	3.11e-01	3.61e-02	1.12e-03	3.44e-05	4.51e-07	0.00e+00	0.00e+00	0.00e+00	0.00e+00
 2.62828e+22	9.89e-21	5.95e-11	1.40e-07	2.07e-05	5.77e-04	3.93e-03	1.45e-02	1.90e-01	4.59e-01	2.98e-01	3.29e-02	9.69e-04	2.91e-05	3.69e-07	0.00e+00	0.00e+00	0.00e+00	0.00e+00
 2.69325e+22	1.26e-20	7.46e-11	1.74e-07	2.50e-05	6.76e-04	4.46e-03	1.61e-02	2.01e-01	4.62e-01	2.85e-01	2.98e-02	8.39e-04	2.45e-05	3.01e-07	0.00e+00	0.00e+00	0.00e+00	0.00e+00
 2.77772e+22	1.71e-20	9.94e-11	2.28e-07	3.18e-05	8.25e-04	5.23e-03	1.84e-02	2.15e-01	4.65e-01	2.68e-01	2.63e-02	6.98e-04	1.96e-05	2.33e-07	0.00e+00	0.00e+00	0.00e+00	0.00e+00
 2.86542e+22	2.30e-20	1.34e-10	3.02e-07	4.05e-05	1.01e-03	6.14e-03	2.09e-02	2.31e-01	4.66e-01	2.52e-01	2.30e-02	5.76e-04	1.56e-05	1.78e-07	0.00e+00	0.00e+00	0.00e+00	0.00e+00
 2.93885e+22	2.94e-20	1.70e-10	3.78e-07	4.93e-05	1.19e-03	6.99e-03	2.32e-02	2.44e-01	4.66e-01	2.38e-01	2.06e-02	4.90e-04	1.29e-05	1.42e-07	0.00e+00	0.00e+00	0.00e+00	0.00e+00
 3.01584e+22	3.84e-20	2.17e-10	4.75e-07	6.01e-05	1.39e-03	7.92e-03	2.56e-02	2.56e-01	4.65e-01	2.25e-01	1.84e-02	4.19e-04	1.07e-05	0.00e+00	0.00e+00	0.00e+00	0.00e+00	0.00e+00
 3.11593e+22	5.38e-20	2.95e-10	6.31e-07	7.69e-05	1.70e-03	9.27e-03	2.90e-02	2.73e-01	4.62e-01	2.09e-01	1.59e-02	3.42e-04	8.47e-06	0.00e+00	0.00e+00	0.00e+00	0.00e+00	0.00e+00
 3.22116e+22	7.54e-20	4.08e-10	8.48e-07	9.92e-05	2.09e-03	1.09e-02	3.28e-02	2.90e-01	4.57e-01	1.93e-01	1.37e-02	2.76e-04	6.59e-06	0.00e+00	0.00e+00	0.00e+00	0.00e+00	0.00e+00
 3.30126e+22	9.62e-20	5.18e-10	1.05e-06	1.20e-04	2.43e-03	1.22e-02	3.59e-02	3.03e-01	4.53e-01	1.81e-01	1.22e-02	2.34e-04	5.46e-06	0.00e+00	0.00e+00	0.00e+00	0.00e+00	0.00e+00
 3.36187e+22	1.16e-19	6.18e-10	1.24e-06	1.37e-04	2.72e-03	1.33e-02	3.83e-02	3.12e-01	4.49e-01	1.73e-01	1.11e-02	2.08e-04	4.75e-06	0.00e+00	0.00e+00	0.00e+00	0.00e+00	0.00e+00
 3.42896e+22	1.43e-19	7.48e-10	1.47e-06	1.59e-04	3.05e-03	1.46e-02	4.10e-02	3.22e-01	4.45e-01	1.64e-01	1.01e-02	1.83e-04	4.10e-06	0.00e+00	0.00e+00	0.00e+00	0.00e+00	0.00e+00
 3.51618e+22	1.88e-19	9.52e-10	1.82e-06	1.91e-04	3.54e-03	1.63e-02	4.45e-02	3.34e-01	4.38e-01	1.54e-01	9.00e-03	1.55e-04	3.40e-06	0.00e+00	0.00e+00	0.00e+00	0.00e+00	0.00e+00
 3.61477e+22	2.52e-19	1.25e-09	2.31e-06	2.34e-04	4.16e-03	1.84e-02	4.87e-02	3.48e-01	4.30e-01	1.43e-01	7.85e-03	1.29e-04	2.75e-06	0.00e+00	0.00e+00	0.00e+00	0.00e+00	0.00e+00
 3.70877e+22	3.31e-19	1.60e-09	2.88e-06	2.83e-04	4.82e-03	2.06e-02	5.29e-02	3.60e-01	4.22e-01	1.32e-01	6.90e-03	1.08e-04	2.25e-06	0.00e+00	0.00e+00	0.00e+00	0.00e+00	0.00e+00
 3.79398e+22	4.20e-19	2.00e-09	3.49e-06	3.34e-04	5.49e-03	2.26e-02	5.67e-02	3.70e-01	4.14e-01	1.24e-01	6.14e-03	9.29e-05	1.89e-06	0.00e+00	0.00e+00	0.00e+00	0.00e+00	0.00e+00
 3.88717e+22	5.48e-19	2.52e-09	4.29e-06	3.97e-04	6.28e-03	2.50e-02	6.09e-02	3.81e-01	4.05e-01	1.15e-01	5.43e-03	7.89e-05	1.57e-06	0.00e+00	0.00e+00	0.00e+00	0.00e+00	0.00e+00
 4.00831e+22	7.65e-19	3.38e-09	5.53e-06	4.93e-04	7.42e-03	2.83e-02	6.64e-02	3.94e-01	3.93e-01	1.05e-01	4.65e-03	6.42e-05	1.24e-06	0.00e+00	0.00e+00	0.00e+00	0.00e+00	0.00e+00
 4.13200e+22	1.06e-18	4.55e-09	7.15e-06	6.13e-04	8.79e-03	3.20e-02	7.24e-02	4.06e-01	3.80e-01	9.54e-02	3.94e-03	5.18e-05	9.73e-07	0.00e+00	0.00e+00	0.00e+00	0.00e+00	0.00e+00
 4.23128e+22	1.36e-18	5.73e-09	8.71e-06	7.24e-04	9.99e-03	3.51e-02	7.72e-02	4.15e-01	3.70e-01	8.83e-02	3.46e-03	4.38e-05	8.05e-07	0.00e+00	0.00e+00	0.00e+00	0.00e+00	0.00e+00
 4.33262e+22	1.77e-18	7.18e-09	1.06e-05	8.52e-04	1.13e-02	3.84e-02	8.20e-02	4.23e-01	3.59e-01	8.17e-02	3.05e-03	3.71e-05	6.69e-07	0.00e+00	0.00e+00	0.00e+00	0.00e+00	0.00e+00
 4.46437e+22	2.46e-18	9.53e-09	1.35e-05	1.04e-03	1.32e-02	4.28e-02	8.81e-02	4.33e-01	3.46e-01	7.40e-02	2.60e-03	3.03e-05	5.31e-07	0.00e+00	0.00e+00	0.00e+00	0.00e+00	0.00e+00
 4.60550e+22	3.45e-18	1.29e-08	1.73e-05	1.29e-03	1.55e-02	4.80e-02	9.50e-02	4.42e-01	3.30e-01	6.62e-02	2.17e-03	2.41e-05	4.11e-07	0.00e+00	0.00e+00	0.00e+00	0.00e+00	0.00e+00
 4.72817e+22	4.58e-18	1.65e-08	2.14e-05	1.54e-03	1.77e-02	5.26e-02	1.01e-01	4.48e-01	3.17e-01	6.02e-02	1.87e-03	1.99e-05	3.32e-07	0.00e+00	0.00e+00	0.00e+00	0.00e+00	0.00e+00
 4.85698e+22	6.17e-18	2.12e-08	2.65e-05	1.84e-03	2.02e-02	5.76e-02	1.07e-01	4.53e-01	3.04e-01	5.47e-02	1.60e-03	1.64e-05	2.68e-07	0.00e+00	0.00e+00	0.00e+00	0.00e+00	0.00e+00
 5.02444e+22	8.94e-18	2.90e-08	3.44e-05	2.28e-03	2.37e-02	6.42e-02	1.14e-01	4.59e-01	2.88e-01	4.84e-02	1.33e-03	1.30e-05	2.06e-07	0.00e+00	0.00e+00	0.00e+00	0.00e+00	0.00e+00
 5.19746e+22	1.30e-17	4.00e-08	4.50e-05	2.85e-03	2.79e-02	7.17e-02	1.22e-01	4.62e-01	2.70e-01	4.23e-02	1.08e-03	1.00e-05	1.54e-07	0.00e+00	0.00e+00	0.00e+00	0.00e+00	0.00e+00
 5.33891e+22	1.73e-17	5.14e-08	5.54e-05	3.38e-03	3.16e-02	7.79e-02	1.28e-01	4.64e-01	2.56e-01	3.80e-02	9.14e-04	8.19e-06	1.23e-07	0.00e+00	0.00e+00	0.00e+00	0.00e+00	0.00e+00
 5.48397e+22	2.33e-17	6.56e-08	6.77e-05	3.99e-03	3.56e-02	8.42e-02	1.34e-01	4.64e-01	2.43e-01	3.41e-02	7.78e-04	6.73e-06	0.00e+00	0.00e+00	0.00e+00	0.00e+00	0.00e+00	0.00e+00
 5.67254e+22	3.37e-17	8.86e-08	8.69e-05	4.88e-03	4.11e-02	9.24e-02	1.41e-01	4.63e-01	2.27e-01	2.98e-02	6.37e-04	5.28e-06	0.00e+00	0.00e+00	0.00e+00	0.00e+00	0.00e+00	0.00e+00
 5.87402e+22	4.96e-17	1.22e-07	1.13e-04	6.05e-03	4.79e-02	1.02e-01	1.48e-01	4.60e-01	2.10e-01	2.56e-02	5.08e-04	4.03e-06	0.00e+00	0.00e+00	0.00e+00	0.00e+00	0.00e+00	0.00e+00
 6.04842e+22	6.81e-17	1.59e-07	1.40e-04	7.21e-03	5.42e-02	1.10e-01	1.54e-01	4.56e-01	1.96e-01	2.25e-02	4.21e-04	3.21e-06	0.00e+00	0.00e+00	0.00e+00	0.00e+00	0.00e+00	0.00e+00
 6.23127e+22	9.49e-17	2.06e-07	1.74e-04	8.55e-03	6.09e-02	1.18e-01	1.59e-01	4.51e-01	1.82e-01	1.98e-02	3.49e-04	2.57e-06	0.00e+00	0.00e+00	0.00e+00	0.00e+00	0.00e+00	0.00e+00
 6.46748e+22	1.43e-16	2.84e-07	2.25e-04	1.05e-02	7.02e-02	1.28e-01	1.65e-01	4.42e-01	1.66e-01	1.68e-02	2.76e-04	1.96e-06	0.00e+00	0.00e+00	0.00e+00	0.00e+00	0.00e+00	0.00e+00
 6.69596e+22	2.11e-16	3.89e-07	2.91e-04	1.29e-02	8.06e-02	1.38e-01	1.71e-01	4.32e-01	1.51e-01	1.42e-02	2.16e-04	1.47e-06	0.00e+00	0.00e+00	0.00e+00	0.00e+00	0.00e+00	0.00e+00
 6.86162e+22	2.72e-16	4.80e-07	3.45e-04	1.47e-02	8.82e-02	1.45e-01	1.74e-01	4.23e-01	1.41e-01	1.26e-02	1.83e-04	1.21e-06	0.00e+00	0.00e+00	0.00e+00	0.00e+00	0.00e+00	0.00e+00
 7.02275e+22	3.54e-16	5.85e-07	4.04e-04	1.67e-02	9.57e-02	1.52e-01	1.77e-01	4.15e-01	1.32e-01	1.13e-02	1.57e-04	1.01e-06	0.00e+00	0.00e+00	0.00e+00	0.00e+00	0.00e+00	0.00e+00
 7.23221e+22	5.04e-16	7.51e-07	4.95e-04	1.96e-02	1.06e-01	1.60e-01	1.80e-01	4.03e-01	1.21e-01	9.77e-03	1.28e-04	8.04e-07	0.00e+00	0.00e+00	0.00e+00	0.00e+00	0.00e+00	0.00e+00
 7.46527e+22	7.22e-16	9.83e-07	6.15e-04	2.31e-02	1.18e-01	1.69e-01	1.82e-01	3.89e-01	1.10e-01	8.32e-03	1.03e-04	6.24e-07	0.00e+00	0.00e+00	0.00e+00	0.00e+00	0.00e+00	0.00e+00
 7.68379e+22	1.00e-15	1.26e-06	7.49e-04	2.69e-02	1.30e-01	1.76e-01	1.84e-01	3.76e-01	9.98e-02	7.15e-03	8.33e-05	4.93e-07	0.00e+00	0.00e+00	0.00e+00	0.00e+00	0.00e+00	0.00e+00
 7.88266e+22	1.35e-15	1.56e-06	8.91e-04	3.07e-02	1.40e-01	1.83e-01	1.85e-01	3.63e-01	9.16e-02	6.24e-03	6.92e-05	4.00e-07	0.00e+00	0.00e+00	0.00e+00	0.00e+00	0.00e+00	0.00e+00
 8.10120e+22	1.85e-15	1.95e-06	1.07e-03	3.52e-02	1.52e-01	1.89e-01	1.85e-01	3.49e-01	8.35e-02	5.40e-03	5.70e-05	3.21e-07	0.00e+00	0.00e+00	0.00e+00	0.00e+00	0.00e+00	0.00e+00
 8.38531e+22	2.83e-15	2.58e-06	1.33e-03	4.16e-02	1.68e-01	1.96e-01	1.84e-01	3.31e-01	7.41e-02	4.49e-03	4.45e-05	2.44e-07	0.00e+00	0.00e+00	0.00e+00	0.00e+00	0.00e+00	0.00e+00
 8.66815e+22	4.30e-15	3.43e-06	1.67e-03	4.91e-02	1.84e-01	2.02e-01	1.83e-01	3.11e-01	6.52e-02	3.70e-03	3.44e-05	1.83e-07	0.00e+00	0.00e+00	0.00e+00	0.00e+00	0.00e+00	0.00e+00
 8.88247e+22	5.90e-15	4.23e-06	1.97e-03	5.55e-02	1.97e-01	2.06e-01	1.81e-01	2.97e-01	5.91e-02	3.19e-03	2.83e-05	1.48e-07	0.00e+00	0.00e+00	0.00e+00	0.00e+00	0.00e+00	0.00e+00
 9.09420e+22	7.53e-15	5.09e-06	2.29e-03	6.18e-02	2.08e-01	2.09e-01	1.79e-01	2.83e-01	5.41e-02	2.80e-03	2.38e-05	0.00e+00	0.00e+00	0.00e+00	0.00e+00	0.00e+00	0.00e+00	0.00e+00
 9.36945e+22	1.19e-14	6.48e-06	2.78e-03	7.09e-02	2.23e-01	2.11e-01	1.76e-01	2.66e-01	4.80e-02	2.35e-03	1.90e-05	0.00e+00	0.00e+00	0.00e+00	0.00e+00	0.00e+00	0.00e+00	0.00e+00
 9.66295e+22	1.76e-14	8.42e-06	3.42e-03	8.22e-02	2.39e-01	2.13e-01	1.72e-01	2.47e-01	4.19e-02	1.93e-03	1.48e-05	0.00e+00	0.00e+00	0.00e+00	0.00e+00	0.00e+00	0.00e+00	0.00e+00
 9.91290e+22	2.55e-14	1.05e-05	4.07e-03	9.28e-02	2.52e-01	2.13e-01	1.67e-01	2.32e-01	3.73e-02	1.63e-03	1.19e-05	0.00e+00	0.00e+00	0.00e+00	0.00e+00	0.00e+00	0.00e+00	0.00e+00
 1.01364e+23	3.55e-14	1.26e-05	4.72e-03	1.03e-01	2.63e-01	2.12e-01	1.63e-01	2.18e-01	3.37e-02	1.42e-03	9.98e-06	0.00e+00	0.00e+00	0.00e+00	0.00e+00	0.00e+00	0.00e+00	0.00e+00
 1.03927e+23	5.21e-14	1.55e-05	5.56e-03	1.15e-01	2.75e-01	2.11e-01	1.58e-01	2.04e-01	3.00e-02	1.21e-03	8.14e-06	0.00e+00	0.00e+00	0.00e+00	0.00e+00	0.00e+00	0.00e+00	0.00e+00
 1.06688e+23	7.96e-14	1.94e-05	6.65e-03	1.30e-01	2.87e-01	2.08e-01	1.53e-01	1.88e-01	2.64e-02	1.01e-03	6.51e-06	0.00e+00	0.00e+00	0.00e+00	0.00e+00	0.00e+00	0.00e+00	0.00e+00
 1.09067e+23	1.22e-13	2.35e-05	7.76e-03	1.43e-01	2.97e-01	2.05e-01	1.47e-01	1.76e-01	2.36e-02	8.65e-04	5.38e-06	0.00e+00	0.00e+00	0.00e+00	0.00e+00	0.00e+00	0.00e+00	0.00e+00
 1.11139e+23	1.83e-13	2.77e-05	8.85e-03	1.56e-01	3.04e-01	2.01e-01	1.43e-01	1.65e-01	2.13e-02	7.57e-04	4.57e-06	0.00e+00	0.00e+00	0.00e+00	0.00e+00	0.00e+00	0.00e+00	0.00e+00
 1.13449e+23	2.61e-13	3.28e-05	1.02e-02	1.71e-01	3.11e-01	1.96e-01	1.38e-01	1.54e-01	1.92e-02	6.58e-04	3.85e-06	0.00e+00	0.00e+00	0.00e+00	0.00e+00	0.00e+00	0.00e+00	0.00e+00
 1.16040e+23	3.87e-13	3.99e-05	1.19e-02	1.89e-01	3.18e-01	1.91e-01	1.31e-01	1.42e-01	1.69e-02	5.57e-04	3.14e-06	0.00e+00	0.00e+00	0.00e+00	0.00e+00	0.00e+00	0.00e+00	0.00e+00
 1.18369e+23	5.87e-13	4.76e-05	1.37e-02	2.07e-01	3.23e-01	1.85e-01	1.26e-01	1.31e-01	1.51e-02	4.80e-04	2.63e-06	0.00e+00	0.00e+00	0.00e+00	0.00e+00	0.00e+00	0.00e+00	0.00e+00
 1.20331e+23	9.68e-13	5.52e-05	1.55e-02	2.23e-01	3.25e-01	1.79e-01	1.21e-01	1.22e-01	1.37e-02	4.23e-04	2.26e-06	0.00e+00	0.00e+00	0.00e+00	0.00e+00	0.00e+00	0.00e+00	0.00e+00
 1.22442e+23	1.39e-12	6.40e-05	1.75e-02	2.40e-01	3.27e-01	1.73e-01	1.15e-01	1.14e-01	1.24e-02	3.72e-04	1.94e-06	0.00e+00	0.00e+00	0.00e+00	0.00e+00	0.00e+00	0.00e+00	0.00e+00
 1.24758e+23	2.04e-12	7.55e-05	2.00e-02	2.61e-01	3.27e-01	1.66e-01	1.10e-01	1.05e-01	1.10e-02	3.20e-04	1.63e-06	0.00e+00	0.00e+00	0.00e+00	0.00e+00	0.00e+00	0.00e+00	0.00e+00
 1.26770e+23	3.48e-12	8.75e-05	2.26e-02	2.80e-01	3.26e-01	1.59e-01	1.04e-01	9.71e-02	9.89e-03	2.80e-04	1.39e-06	0.00e+00	0.00e+00	0.00e+00	0.00e+00	0.00e+00	0.00e+00	0.00e+00
 1.28438e+23	5.00e-12	9.85e-05	2.49e-02	2.97e-01	3.24e-01	1.54e-01	9.99e-02	9.10e-02	9.07e-03	2.52e-04	1.23e-06	0.00e+00	0.00e+00	0.00e+00	0.00e+00	0.00e+00	0.00e+00	0.00e+00
 1.30226e+23	6.67e-12	1.11e-04	2.75e-02	3.14e-01	3.21e-01	1.48e-01	9.54e-02	8.51e-02	8.29e-03	2.25e-04	1.08e-06	0.00e+00	0.00e+00	0.00e+00	0.00e+00	0.00e+00	0.00e+00	0.00e+00
 1.32213e+23	1.05e-11	1.26e-04	3.07e-02	3.35e-01	3.16e-01	1.41e-01	9.03e-02	7.87e-02	7.48e-03	1.99e-04	9.38e-07	0.00e+00	0.00e+00	0.00e+00	0.00e+00	0.00e+00	0.00e+00	0.00e+00
 1.33977e+23	1.52e-11	1.42e-04	3.40e-02	3.55e-01	3.10e-01	1.35e-01	8.57e-02	7.31e-02	6.79e-03	1.77e-04	8.20e-07	0.00e+00	0.00e+00	0.00e+00	0.00e+00	0.00e+00	0.00e+00	0.00e+00
 1.35439e+23	2.58e-11	1.57e-04	3.69e-02	3.72e-01	3.05e-01	1.30e-01	8.18e-02	6.86e-02	6.26e-03	1.60e-04	7.35e-07	0.00e+00	0.00e+00	0.00e+00	0.00e+00	0.00e+00	0.00e+00	0.00e+00
 1.36782e+23	3.43e-11	1.71e-04	3.97e-02	3.87e-01	2.99e-01	1.25e-01	7.84e-02	6.48e-02	5.82e-03	1.47e-04	6.67e-07	0.00e+00	0.00e+00	0.00e+00	0.00e+00	0.00e+00	0.00e+00	0.00e+00
 1.38319e+23	5.22e-11	1.88e-04	4.29e-02	4.05e-01	2.92e-01	1.20e-01	7.46e-02	6.06e-02	5.35e-03	1.33e-04	5.95e-07	0.00e+00	0.00e+00	0.00e+00	0.00e+00	0.00e+00	0.00e+00	0.00e+00
 1.39964e+23	9.77e-11	2.07e-04	4.67e-02	4.24e-01	2.83e-01	1.14e-01	7.06e-02	5.64e-02	4.89e-03	1.20e-04	5.31e-07	0.00e+00	0.00e+00	0.00e+00	0.00e+00	0.00e+00	0.00e+00	0.00e+00
 1.41339e+23	1.73e-10	2.25e-04	5.02e-02	4.41e-01	2.74e-01	1.10e-01	6.71e-02	5.29e-02	4.51e-03	1.09e-04	4.78e-07	0.00e+00	0.00e+00	0.00e+00	0.00e+00	0.00e+00	0.00e+00	0.00e+00
 1.42457e+23	2.57e-10	2.40e-04	5.31e-02	4.54e-01	2.67e-01	1.06e-01	6.44e-02	5.02e-02	4.23e-03	1.01e-04	4.40e-07	0.00e+00	0.00e+00	0.00e+00	0.00e+00	0.00e+00	0.00e+00	0.00e+00
 1.43653e+23	3.93e-10	2.56e-04	5.62e-02	4.68e-01	2.60e-01	1.03e-01	6.16e-02	4.75e-02	3.95e-03	9.34e-05	4.03e-07	0.00e+00	0.00e+00	0.00e+00	0.00e+00	0.00e+00	0.00e+00	0.00e+00
 1.44972e+23	5.98e-10	2.75e-04	5.98e-02	4.84e-01	2.51e-01	9.86e-02	5.85e-02	4.46e-02	3.65e-03	8.53e-05	3.64e-07	0.00e+00	0.00e+00	0.00e+00	0.00e+00	0.00e+00	0.00e+00	0.00e+00
 1.46132e+23	8.38e-10	2.93e-04	6.30e-02	4.97e-01	2.42e-01	9.52e-02	5.59e-02	4.22e-02	3.41e-03	7.87e-05	3.33e-07	0.00e+00	0.00e+00	0.00e+00	0.00e+00	0.00e+00	0.00e+00	0.00e+00
 1.47099e+23	1.06e-09	3.07e-04	6.57e-02	5.09e-01	2.36e-01	9.25e-02	5.38e-02	4.03e-02	3.22e-03	7.37e-05	3.10e-07	0.00e+00	0.00e+00	0.00e+00	0.00e+00	0.00e+00	0.00e+00	0.00e+00
 1.48133e+23	1.33e-09	3.22e-04	6.85e-02	5.20e-01	2.28e-01	8.99e-02	5.17e-02	3.84e-02	3.04e-03	6.89e-05	2.88e-07	0.00e+00	0.00e+00	0.00e+00	0.00e+00	0.00e+00	0.00e+00	0.00e+00
 1.49277e+23	1.63e-09	3.40e-04	7.17e-02	5.32e-01	2.21e-01	8.70e-02	4.94e-02	3.63e-02	2.83e-03	6.34e-05	2.62e-07	0.00e+00	0.00e+00	0.00e+00	0.00e+00	0.00e+00	0.00e+00	0.00e+00
 1.50294e+23	1.91e-09	3.57e-04	7.46e-02	5.43e-01	2.13e-01	8.44e-02	4.74e-02	3.45e-02	2.65e-03	5.87e-05	2.40e-07	0.00e+00	0.00e+00	0.00e+00	0.00e+00	0.00e+00	0.00e+00	0.00e+00
 1.51159e+23	2.17e-09	3.71e-04	7.71e-02	5.51e-01	2.07e-01	8.24e-02	4.57e-02	3.30e-02	2.50e-03	5.48e-05	2.23e-07	0.00e+00	0.00e+00	0.00e+00	0.00e+00	0.00e+00	0.00e+00	0.00e+00
 1.52095e+23	2.45e-09	3.86e-04	7.95e-02	5.60e-01	2.02e-01	8.04e-02	4.42e-02	3.15e-02	2.36e-03	5.12e-05	2.06e-07	0.00e+00	0.00e+00	0.00e+00	0.00e+00	0.00e+00	0.00e+00	0.00e+00
 1.53148e+23	2.79e-09	4.04e-04	8.23e-02	5.70e-01	1.95e-01	7.81e-02	4.24e-02	2.99e-02	2.20e-03	4.71e-05	1.87e-07	0.00e+00	0.00e+00	0.00e+00	0.00e+00	0.00e+00	0.00e+00	0.00e+00
 1.54123e+23	3.14e-09	4.21e-04	8.50e-02	5.78e-01	1.89e-01	7.61e-02	4.09e-02	2.83e-02	2.05e-03	4.33e-05	1.70e-07	0.00e+00	0.00e+00	0.00e+00	0.00e+00	0.00e+00	0.00e+00	0.00e+00
 1.54995e+23	3.46e-09	4.38e-04	8.74e-02	5.85e-01	1.84e-01	7.43e-02	3.96e-02	2.70e-02	1.93e-03	4.01e-05	1.56e-07	0.00e+00	0.00e+00	0.00e+00	0.00e+00	0.00e+00	0.00e+00	0.00e+00
 1.55963e+23	3.83e-09	4.56e-04	8.99e-02	5.92e-01	1.79e-01	7.24e-02	3.82e-02	2.57e-02	1.80e-03	3.68e-05	1.41e-07	0.00e+00	0.00e+00	0.00e+00	0.00e+00	0.00e+00	0.00e+00	0.00e+00
 1.57221e+23	4.33e-09	4.81e-04	9.31e-02	6.01e-01	1.73e-01	7.00e-02	3.66e-02	2.40e-02	1.64e-03	3.28e-05	1.23e-07	0.00e+00	0.00e+00	0.00e+00	0.00e+00	0.00e+00	0.00e+00	0.00e+00
 1.58475e+23	4.92e-09	5.11e-04	9.67e-02	6.10e-01	1.67e-01	6.75e-02	3.50e-02	2.22e-02	1.48e-03	2.88e-05	0.00e+00	0.00e+00	0.00e+00	0.00e+00	0.00e+00	0.00e+00	0.00e+00	0.00e+00
 1.59439e+23	5.44e-09	5.35e-04	9.95e-02	6.15e-01	1.63e-01	6.57e-02	3.38e-02	2.10e-02	1.36e-03	2.61e-05	0.00e+00	0.00e+00	0.00e+00	0.00e+00	0.00e+00	0.00e+00	0.00e+00	0.00e+00
 1.60405e+23	5.93e-09	5.59e-04	1.02e-01	6.21e-01	1.59e-01	6.39e-02	3.28e-02	1.98e-02	1.26e-03	2.36e-05	0.00e+00	0.00e+00	0.00e+00	0.00e+00	0.00e+00	0.00e+00	0.00e+00	0.00e+00
 1.61660e+23	6.62e-09	5.92e-04	1.06e-01	6.27e-01	1.54e-01	6.16e-02	3.15e-02	1.84e-02	1.13e-03	2.08e-05	0.00e+00	0.00e+00	0.00e+00	0.00e+00	0.00e+00	0.00e+00	0.00e+00	0.00e+00
 1.63037e+23	7.46e-09	6.32e-04	1.10e-01	6.34e-01	1.49e-01	5.92e-02	3.01e-02	1.70e-02	1.01e-03	1.79e-05	0.00e+00	0.00e+00	0.00e+00	0.00e+00	0.00e+00	0.00e+00	0.00e+00	0.00e+00
 1.64327e+23	8.30e-09	6.71e-04	1.14e-01	6.39e-01	1.44e-01	5.70e-02	2.89e-02	1.57e-02	9.04e-04	1.56e-05	0.00e+00	0.00e+00	0.00e+00	0.00e+00	0.00e+00	0.00e+00	0.00e+00	0.00e+00
 1.65512e+23	9.12e-09	7.09e-04	1.17e-01	6.43e-01	1.41e-01	5.50e-02	2.78e-02	1.46e-02	8.18e-04	1.38e-05	0.00e+00	0.00e+00	0.00e+00	0.00e+00	0.00e+00	0.00e+00	0.00e+00	0.00e+00
 1.66797e+23	9.99e-09	7.49e-04	1.21e-01	6.48e-01	1.37e-01	5.30e-02	2.67e-02	1.36e-02	7.39e-04	1.21e-05	0.00e+00	0.00e+00	0.00e+00	0.00e+00	0.00e+00	0.00e+00	0.00e+00	0.00e+00
 1.68421e+23	1.11e-08	8.00e-04	1.25e-01	6.52e-01	1.32e-01	5.06e-02	2.55e-02	1.25e-02	6.51e-04	1.04e-05	0.00e+00	0.00e+00	0.00e+00	0.00e+00	0.00e+00	0.00e+00	0.00e+00	0.00e+00
 1.70221e+23	1.25e-08	8.59e-04	1.31e-01	6.57e-01	1.27e-01	4.82e-02	2.42e-02	1.13e-02	5.67e-04	8.72e-06	0.00e+00	0.00e+00	0.00e+00	0.00e+00	0.00e+00	0.00e+00	0.00e+00	0.00e+00
 1.72027e+23	1.39e-08	9.20e-04	1.36e-01	6.61e-01	1.23e-01	4.58e-02	2.30e-02	1.03e-02	4.95e-04	7.37e-06	0.00e+00	0.00e+00	0.00e+00	0.00e+00	0.00e+00	0.00e+00	0.00e+00	0.00e+00
