#depth	Ne	Ne+	Ne+2	Ne+3	Ne+4	Ne+5	Ne+6	Ne+7	Ne+8	Ne+9	Ne+10
 6.17135e+19	4.81e-31	1.32e-24	2.27e-19	4.48e-15	1.64e-11	1.17e-08	2.17e-06	1.89e-04	5.30e-02	3.67e-01	5.80e-01
 1.87609e+20	1.67e-30	4.03e-24	6.12e-19	1.06e-14	3.48e-11	2.22e-08	3.58e-06	2.68e-04	6.50e-02	3.93e-01	5.42e-01
 2.83882e+20	4.11e-30	9.10e-24	1.26e-18	2.00e-14	6.05e-11	3.54e-08	5.18e-06	3.46e-04	7.54e-02	4.11e-01	5.13e-01
 3.32018e+20	6.34e-30	1.34e-23	1.78e-18	2.72e-14	7.89e-11	4.44e-08	6.19e-06	3.91e-04	8.10e-02	4.20e-01	4.99e-01
 3.58443e+20	7.99e-30	1.66e-23	2.15e-18	3.20e-14	9.11e-11	5.01e-08	6.81e-06	4.18e-04	8.41e-02	4.25e-01	4.91e-01
 3.82315e+20	9.87e-30	2.01e-23	2.55e-18	3.71e-14	1.04e-10	5.60e-08	7.43e-06	4.44e-04	8.71e-02	4.29e-01	4.84e-01
 4.13349e+20	1.28e-29	2.53e-23	3.13e-18	4.45e-14	1.22e-10	6.40e-08	8.26e-06	4.78e-04	9.08e-02	4.34e-01	4.75e-01
 4.53692e+20	1.78e-29	3.42e-23	4.09e-18	5.63e-14	1.49e-10	7.63e-08	9.49e-06	5.26e-04	9.59e-02	4.40e-01	4.63e-01
 4.96675e+20	2.51e-29	4.67e-23	5.41e-18	7.18e-14	1.85e-10	9.15e-08	1.10e-05	5.81e-04	1.01e-01	4.47e-01	4.51e-01
 5.34116e+20	3.36e-29	6.08e-23	6.85e-18	8.84e-14	2.22e-10	1.07e-07	1.24e-05	6.32e-04	1.06e-01	4.52e-01	4.41e-01
 5.73817e+20	4.54e-29	7.99e-23	8.75e-18	1.10e-13	2.68e-10	1.25e-07	1.40e-05	6.90e-04	1.12e-01	4.57e-01	4.30e-01
 6.18609e+20	6.32e-29	1.08e-22	1.14e-17	1.39e-13	3.29e-10	1.49e-07	1.61e-05	7.59e-04	1.18e-01	4.63e-01	4.19e-01
 6.61101e+20	8.56e-29	1.42e-22	1.46e-17	1.72e-13	3.99e-10	1.76e-07	1.83e-05	8.29e-04	1.24e-01	4.68e-01	4.08e-01
 7.01149e+20	1.13e-28	1.83e-22	1.84e-17	2.10e-13	4.75e-10	2.04e-07	2.06e-05	8.99e-04	1.29e-01	4.72e-01	3.97e-01
 7.40593e+20	1.48e-28	2.33e-22	2.28e-17	2.54e-13	5.61e-10	2.35e-07	2.31e-05	9.72e-04	1.35e-01	4.76e-01	3.88e-01
 7.79060e+20	1.90e-28	2.94e-22	2.81e-17	3.05e-13	6.59e-10	2.69e-07	2.57e-05	1.05e-03	1.40e-01	4.80e-01	3.78e-01
 8.22596e+20	2.51e-28	3.79e-22	3.53e-17	3.73e-13	7.85e-10	3.13e-07	2.90e-05	1.14e-03	1.47e-01	4.84e-01	3.68e-01
 8.69940e+20	3.38e-28	4.95e-22	4.49e-17	4.61e-13	9.46e-10	3.66e-07	3.28e-05	1.24e-03	1.54e-01	4.88e-01	3.57e-01
 9.12434e+20	4.37e-28	6.27e-22	5.54e-17	5.55e-13	1.11e-09	4.21e-07	3.66e-05	1.33e-03	1.60e-01	4.91e-01	3.48e-01
 9.57876e+20	5.71e-28	8.00e-22	6.90e-17	6.73e-13	1.32e-09	4.86e-07	4.11e-05	1.44e-03	1.67e-01	4.94e-01	3.38e-01
 1.00848e+21	7.63e-28	1.04e-21	8.76e-17	8.30e-13	1.59e-09	5.68e-07	4.65e-05	1.57e-03	1.74e-01	4.97e-01	3.27e-01
 1.05561e+21	9.92e-28	1.32e-21	1.09e-16	1.00e-12	1.87e-09	6.55e-07	5.20e-05	1.70e-03	1.82e-01	4.99e-01	3.17e-01
 1.09994e+21	1.26e-27	1.65e-21	1.33e-16	1.20e-12	2.18e-09	7.45e-07	5.76e-05	1.82e-03	1.88e-01	5.01e-01	3.09e-01
 1.15084e+21	1.65e-27	2.11e-21	1.65e-16	1.45e-12	2.59e-09	8.61e-07	6.46e-05	1.97e-03	1.96e-01	5.03e-01	2.99e-01
 1.20784e+21	2.21e-27	2.76e-21	2.10e-16	1.79e-12	3.12e-09	1.01e-06	7.32e-05	2.14e-03	2.05e-01	5.05e-01	2.88e-01
 1.25782e+21	2.83e-27	3.46e-21	2.58e-16	2.15e-12	3.66e-09	1.15e-06	8.14e-05	2.30e-03	2.13e-01	5.06e-01	2.79e-01
 1.29965e+21	3.47e-27	4.17e-21	3.06e-16	2.49e-12	4.16e-09	1.29e-06	8.87e-05	2.44e-03	2.19e-01	5.07e-01	2.72e-01
 1.34582e+21	4.33e-27	5.10e-21	3.66e-16	2.92e-12	4.78e-09	1.45e-06	9.74e-05	2.60e-03	2.26e-01	5.07e-01	2.64e-01
 1.40584e+21	5.71e-27	6.58e-21	4.61e-16	3.58e-12	5.71e-09	1.68e-06	1.10e-04	2.82e-03	2.35e-01	5.08e-01	2.54e-01
 1.46798e+21	7.55e-27	8.50e-21	5.81e-16	4.39e-12	6.82e-09	1.96e-06	1.23e-04	3.05e-03	2.45e-01	5.08e-01	2.44e-01
 1.51968e+21	9.49e-27	1.05e-20	7.02e-16	5.18e-12	7.90e-09	2.21e-06	1.36e-04	3.26e-03	2.53e-01	5.07e-01	2.36e-01
 1.57366e+21	1.19e-26	1.29e-20	8.48e-16	6.11e-12	9.12e-09	2.50e-06	1.50e-04	3.48e-03	2.61e-01	5.07e-01	2.29e-01
 1.64383e+21	1.60e-26	1.69e-20	1.08e-15	7.56e-12	1.10e-08	2.92e-06	1.69e-04	3.77e-03	2.71e-01	5.06e-01	2.19e-01
 1.71603e+21	2.14e-26	2.21e-20	1.37e-15	9.34e-12	1.32e-08	3.41e-06	1.91e-04	4.10e-03	2.82e-01	5.04e-01	2.09e-01
 1.77542e+21	2.70e-26	2.74e-20	1.67e-15	1.11e-11	1.53e-08	3.87e-06	2.11e-04	4.38e-03	2.91e-01	5.03e-01	2.02e-01
 1.83719e+21	3.42e-26	3.39e-20	2.03e-15	1.31e-11	1.78e-08	4.38e-06	2.32e-04	4.67e-03	3.00e-01	5.01e-01	1.94e-01
 1.90536e+21	4.41e-26	4.29e-20	2.50e-15	1.58e-11	2.09e-08	5.02e-06	2.58e-04	5.01e-03	3.10e-01	4.98e-01	1.87e-01
 1.96781e+21	5.55e-26	5.29e-20	3.02e-15	1.87e-11	2.41e-08	5.66e-06	2.83e-04	5.33e-03	3.19e-01	4.96e-01	1.80e-01
 2.03498e+21	7.04e-26	6.58e-20	3.68e-15	2.22e-11	2.80e-08	6.42e-06	3.12e-04	5.69e-03	3.28e-01	4.93e-01	1.73e-01
 2.10992e+21	9.15e-26	8.36e-20	4.57e-15	2.68e-11	3.30e-08	7.36e-06	3.47e-04	6.11e-03	3.39e-01	4.90e-01	1.65e-01
 2.18027e+21	1.16e-25	1.04e-19	5.57e-15	3.19e-11	3.83e-08	8.34e-06	3.83e-04	6.51e-03	3.48e-01	4.87e-01	1.58e-01
 2.25702e+21	1.50e-25	1.31e-19	6.87e-15	3.83e-11	4.49e-08	9.52e-06	4.24e-04	6.96e-03	3.59e-01	4.83e-01	1.51e-01
 2.34249e+21	1.98e-25	1.69e-19	8.63e-15	4.67e-11	5.34e-08	1.10e-05	4.73e-04	7.49e-03	3.70e-01	4.78e-01	1.44e-01
 2.42277e+21	2.55e-25	2.14e-19	1.06e-14	5.61e-11	6.25e-08	1.25e-05	5.23e-04	8.00e-03	3.81e-01	4.74e-01	1.37e-01
 2.51060e+21	3.34e-25	2.74e-19	1.33e-14	6.81e-11	7.39e-08	1.44e-05	5.82e-04	8.57e-03	3.92e-01	4.68e-01	1.31e-01
 2.60915e+21	4.50e-25	3.59e-19	1.70e-14	8.42e-11	8.87e-08	1.67e-05	6.53e-04	9.25e-03	4.04e-01	4.63e-01	1.23e-01
 2.69682e+21	5.82e-25	4.54e-19	2.09e-14	1.01e-10	1.04e-07	1.91e-05	7.22e-04	9.87e-03	4.15e-01	4.57e-01	1.17e-01
 2.77220e+21	7.23e-25	5.54e-19	2.50e-14	1.18e-10	1.19e-07	2.13e-05	7.85e-04	1.04e-02	4.24e-01	4.52e-01	1.13e-01
 2.85643e+21	9.16e-25	6.88e-19	3.04e-14	1.40e-10	1.37e-07	2.40e-05	8.60e-04	1.10e-02	4.34e-01	4.47e-01	1.07e-01
 2.96592e+21	1.24e-24	9.05e-19	3.88e-14	1.73e-10	1.65e-07	2.79e-05	9.63e-04	1.19e-02	4.46e-01	4.40e-01	1.01e-01
 3.07690e+21	1.67e-24	1.19e-18	4.96e-14	2.15e-10	1.98e-07	3.24e-05	1.08e-03	1.28e-02	4.59e-01	4.32e-01	9.51e-02
 3.16467e+21	2.10e-24	1.47e-18	5.99e-14	2.53e-10	2.28e-07	3.64e-05	1.18e-03	1.35e-02	4.68e-01	4.26e-01	9.06e-02
 3.25365e+21	2.64e-24	1.81e-18	7.22e-14	2.97e-10	2.62e-07	4.08e-05	1.28e-03	1.43e-02	4.78e-01	4.20e-01	8.63e-02
 3.36932e+21	3.53e-24	2.35e-18	9.15e-14	3.65e-10	3.12e-07	4.70e-05	1.43e-03	1.53e-02	4.90e-01	4.12e-01	8.12e-02
 3.48973e+21	4.73e-24	3.08e-18	1.17e-13	4.51e-10	3.73e-07	5.46e-05	1.60e-03	1.64e-02	5.02e-01	4.04e-01	7.60e-02
 3.58979e+21	6.01e-24	3.83e-18	1.42e-13	5.34e-10	4.32e-07	6.15e-05	1.75e-03	1.73e-02	5.12e-01	3.97e-01	7.21e-02
 3.69336e+21	7.64e-24	4.77e-18	1.73e-13	6.34e-10	5.00e-07	6.93e-05	1.91e-03	1.84e-02	5.22e-01	3.90e-01	6.82e-02
 3.82801e+21	1.04e-23	6.32e-18	2.22e-13	7.88e-10	6.02e-07	8.05e-05	2.14e-03	1.97e-02	5.34e-01	3.81e-01	6.36e-02
 3.96623e+21	1.41e-23	8.36e-18	2.85e-13	9.81e-10	7.25e-07	9.38e-05	2.40e-03	2.11e-02	5.46e-01	3.71e-01	5.91e-02
 4.07873e+21	1.80e-23	1.04e-17	3.48e-13	1.17e-09	8.42e-07	1.06e-04	2.63e-03	2.24e-02	5.56e-01	3.64e-01	5.57e-02
 4.19462e+21	2.29e-23	1.30e-17	4.26e-13	1.39e-09	9.77e-07	1.20e-04	2.88e-03	2.37e-02	5.65e-01	3.56e-01	5.24e-02
 4.34528e+21	3.11e-23	1.73e-17	5.48e-13	1.73e-09	1.18e-06	1.40e-04	3.23e-03	2.54e-02	5.77e-01	3.46e-01	4.85e-02
 4.49014e+21	4.15e-23	2.25e-17	6.96e-13	2.13e-09	1.41e-06	1.61e-04	3.59e-03	2.71e-02	5.88e-01	3.36e-01	4.50e-02
 4.59474e+21	5.07e-23	2.71e-17	8.23e-13	2.46e-09	1.60e-06	1.79e-04	3.87e-03	2.84e-02	5.96e-01	3.29e-01	4.26e-02
 4.69801e+21	6.16e-23	3.24e-17	9.67e-13	2.84e-09	1.80e-06	1.97e-04	4.17e-03	2.97e-02	6.03e-01	3.23e-01	4.05e-02
 4.83227e+21	7.90e-23	4.07e-17	1.19e-12	3.39e-09	2.10e-06	2.23e-04	4.57e-03	3.14e-02	6.12e-01	3.14e-01	3.78e-02
 4.97636e+21	1.02e-22	5.16e-17	1.47e-12	4.10e-09	2.47e-06	2.55e-04	5.05e-03	3.34e-02	6.21e-01	3.05e-01	3.51e-02
 5.10217e+21	1.27e-22	6.31e-17	1.77e-12	4.81e-09	2.84e-06	2.86e-04	5.49e-03	3.51e-02	6.29e-01	2.97e-01	3.29e-02
 5.23463e+21	1.59e-22	7.78e-17	2.14e-12	5.67e-09	3.26e-06	3.21e-04	5.97e-03	3.70e-02	6.37e-01	2.89e-01	3.08e-02
 5.40683e+21	2.09e-22	1.01e-16	2.71e-12	6.98e-09	3.91e-06	3.72e-04	6.66e-03	3.95e-02	6.46e-01	2.79e-01	2.83e-02
 5.57935e+21	2.74e-22	1.30e-16	3.42e-12	8.56e-09	4.66e-06	4.29e-04	7.41e-03	4.22e-02	6.55e-01	2.69e-01	2.59e-02
 5.71494e+21	3.37e-22	1.57e-16	4.08e-12	1.00e-08	5.33e-06	4.80e-04	8.04e-03	4.43e-02	6.62e-01	2.61e-01	2.42e-02
 5.85383e+21	4.12e-22	1.90e-16	4.86e-12	1.17e-08	6.10e-06	5.36e-04	8.73e-03	4.66e-02	6.68e-01	2.54e-01	2.26e-02
 6.03439e+21	5.31e-22	2.42e-16	6.07e-12	1.42e-08	7.23e-06	6.16e-04	9.67e-03	4.96e-02	6.76e-01	2.44e-01	2.07e-02
 6.22415e+21	6.86e-22	3.09e-16	7.61e-12	1.74e-08	8.61e-06	7.11e-04	1.08e-02	5.28e-02	6.83e-01	2.34e-01	1.88e-02
 6.38499e+21	8.44e-22	3.77e-16	9.16e-12	2.05e-08	9.95e-06	8.01e-04	1.17e-02	5.57e-02	6.89e-01	2.26e-01	1.74e-02
 6.55320e+21	1.04e-21	4.60e-16	1.10e-11	2.42e-08	1.15e-05	9.04e-04	1.28e-02	5.88e-02	6.94e-01	2.17e-01	1.60e-02
 6.77188e+21	1.34e-21	5.90e-16	1.40e-11	2.98e-08	1.39e-05	1.05e-03	1.44e-02	6.29e-02	7.01e-01	2.07e-01	1.44e-02
 6.99274e+21	1.71e-21	7.50e-16	1.76e-11	3.67e-08	1.66e-05	1.22e-03	1.60e-02	6.72e-02	7.06e-01	1.97e-01	1.29e-02
 7.16796e+21	2.04e-21	8.97e-16	2.09e-11	4.29e-08	1.91e-05	1.38e-03	1.75e-02	7.08e-02	7.10e-01	1.89e-01	1.18e-02
 7.31821e+21	2.39e-21	1.05e-15	2.42e-11	4.90e-08	2.15e-05	1.51e-03	1.87e-02	7.38e-02	7.12e-01	1.82e-01	1.10e-02
 7.48448e+21	2.81e-21	1.23e-15	2.83e-11	5.64e-08	2.44e-05	1.68e-03	2.02e-02	7.73e-02	7.15e-01	1.76e-01	1.02e-02
 7.70062e+21	3.42e-21	1.50e-15	3.44e-11	6.75e-08	2.86e-05	1.92e-03	2.23e-02	8.19e-02	7.18e-01	1.67e-01	9.15e-03
 7.92328e+21	4.14e-21	1.83e-15	4.18e-11	8.08e-08	3.36e-05	2.19e-03	2.45e-02	8.69e-02	7.20e-01	1.58e-01	8.23e-03
 8.10649e+21	4.81e-21	2.14e-15	4.89e-11	9.32e-08	3.82e-05	2.44e-03	2.65e-02	9.10e-02	7.21e-01	1.52e-01	7.54e-03
 8.29679e+21	5.57e-21	2.50e-15	5.71e-11	1.08e-07	4.35e-05	2.71e-03	2.86e-02	9.53e-02	7.21e-01	1.45e-01	6.89e-03
 8.54417e+21	6.67e-21	3.04e-15	6.95e-11	1.29e-07	5.12e-05	3.11e-03	3.15e-02	1.01e-01	7.21e-01	1.37e-01	6.14e-03
 8.79269e+21	7.92e-21	3.67e-15	8.41e-11	1.55e-07	6.02e-05	3.55e-03	3.46e-02	1.07e-01	7.20e-01	1.29e-01	5.47e-03
 8.98785e+21	9.01e-21	4.22e-15	9.74e-11	1.77e-07	6.81e-05	3.92e-03	3.72e-02	1.12e-01	7.19e-01	1.23e-01	4.99e-03
 9.18669e+21	1.02e-20	4.85e-15	1.12e-10	2.03e-07	7.69e-05	4.33e-03	3.99e-02	1.16e-01	7.17e-01	1.18e-01	4.56e-03
 9.44519e+21	1.19e-20	5.78e-15	1.35e-10	2.41e-07	8.98e-05	4.91e-03	4.35e-02	1.23e-01	7.14e-01	1.11e-01	4.06e-03
 9.71496e+21	1.39e-20	6.91e-15	1.63e-10	2.88e-07	1.05e-04	5.58e-03	4.76e-02	1.29e-01	7.10e-01	1.04e-01	3.60e-03
 9.94154e+21	1.57e-20	7.99e-15	1.90e-10	3.33e-07	1.20e-04	6.19e-03	5.11e-02	1.35e-01	7.06e-01	9.85e-02	3.26e-03
 1.01783e+22	1.78e-20	9.25e-15	2.22e-10	3.86e-07	1.37e-04	6.87e-03	5.49e-02	1.41e-01	7.01e-01	9.32e-02	2.94e-03
 1.04860e+22	2.09e-20	1.11e-14	2.71e-10	4.66e-07	1.61e-04	7.84e-03	6.00e-02	1.48e-01	6.95e-01	8.68e-02	2.57e-03
 1.08018e+22	2.45e-20	1.35e-14	3.31e-10	5.65e-07	1.91e-04	8.95e-03	6.55e-02	1.56e-01	6.87e-01	8.07e-02	2.25e-03
 1.10606e+22	2.78e-20	1.57e-14	3.90e-10	6.58e-07	2.18e-04	9.93e-03	7.01e-02	1.62e-01	6.80e-01	7.60e-02	2.02e-03
 1.13296e+22	3.16e-20	1.83e-14	4.60e-10	7.70e-07	2.50e-04	1.10e-02	7.51e-02	1.68e-01	6.72e-01	7.15e-02	1.81e-03
 1.16106e+22	3.61e-20	2.15e-14	5.46e-10	9.05e-07	2.87e-04	1.23e-02	8.04e-02	1.75e-01	6.63e-01	6.70e-02	1.61e-03
 1.18466e+22	4.00e-20	2.44e-14	6.29e-10	1.03e-06	3.22e-04	1.34e-02	8.51e-02	1.81e-01	6.56e-01	6.35e-02	1.46e-03
 1.20930e+22	4.53e-20	2.82e-14	7.29e-10	1.19e-06	3.62e-04	1.46e-02	8.99e-02	1.86e-01	6.48e-01	6.01e-02	1.33e-03
 1.24133e+22	5.26e-20	3.36e-14	8.80e-10	1.41e-06	4.19e-04	1.63e-02	9.64e-02	1.93e-01	6.37e-01	5.60e-02	1.17e-03
 1.27425e+22	6.14e-20	4.04e-14	1.07e-09	1.69e-06	4.87e-04	1.83e-02	1.03e-01	2.00e-01	6.25e-01	5.20e-02	1.03e-03
 1.30096e+22	6.95e-20	4.68e-14	1.25e-09	1.95e-06	5.49e-04	1.99e-02	1.09e-01	2.06e-01	6.15e-01	4.90e-02	9.31e-04
 1.32830e+22	7.89e-20	5.42e-14	1.46e-09	2.25e-06	6.18e-04	2.18e-02	1.15e-01	2.11e-01	6.05e-01	4.62e-02	8.40e-04
 1.36385e+22	9.30e-20	6.57e-14	1.78e-09	2.70e-06	7.17e-04	2.43e-02	1.22e-01	2.18e-01	5.91e-01	4.27e-02	7.37e-04
 1.40040e+22	1.10e-19	8.00e-14	2.18e-09	3.25e-06	8.35e-04	2.71e-02	1.31e-01	2.25e-01	5.77e-01	3.95e-02	6.44e-04
 1.43031e+22	1.27e-19	9.40e-14	2.57e-09	3.77e-06	9.42e-04	2.95e-02	1.37e-01	2.30e-01	5.65e-01	3.70e-02	5.77e-04
 1.46123e+22	1.47e-19	1.11e-13	3.04e-09	4.38e-06	1.06e-03	3.22e-02	1.44e-01	2.35e-01	5.53e-01	3.46e-02	5.17e-04
 1.50142e+22	1.77e-19	1.37e-13	3.77e-09	5.31e-06	1.24e-03	3.59e-02	1.53e-01	2.41e-01	5.36e-01	3.18e-02	4.49e-04
 1.54296e+22	2.16e-19	1.70e-13	4.69e-09	6.45e-06	1.45e-03	4.00e-02	1.63e-01	2.47e-01	5.19e-01	2.90e-02	3.88e-04
 1.57729e+22	2.54e-19	2.04e-13	5.61e-09	7.56e-06	1.64e-03	4.36e-02	1.71e-01	2.51e-01	5.05e-01	2.70e-02	3.45e-04
 1.61298e+22	3.00e-19	2.44e-13	6.73e-09	8.86e-06	1.85e-03	4.75e-02	1.79e-01	2.56e-01	4.91e-01	2.50e-02	3.05e-04
 1.65937e+22	3.74e-19	3.09e-13	8.48e-09	1.08e-05	2.17e-03	5.29e-02	1.89e-01	2.61e-01	4.72e-01	2.27e-02	2.62e-04
 1.70758e+22	4.71e-19	3.95e-13	1.08e-08	1.33e-05	2.54e-03	5.90e-02	2.00e-01	2.65e-01	4.53e-01	2.05e-02	2.23e-04
 1.74793e+22	5.71e-19	4.84e-13	1.31e-08	1.58e-05	2.89e-03	6.44e-02	2.09e-01	2.68e-01	4.37e-01	1.88e-02	1.95e-04
 1.79017e+22	6.98e-19	5.95e-13	1.60e-08	1.87e-05	3.29e-03	7.02e-02	2.18e-01	2.71e-01	4.20e-01	1.73e-02	1.70e-04
 1.84508e+22	9.04e-19	7.77e-13	2.05e-08	2.31e-05	3.87e-03	7.82e-02	2.30e-01	2.73e-01	3.99e-01	1.54e-02	1.43e-04
 1.89654e+22	1.16e-18	9.97e-13	2.60e-08	2.82e-05	4.50e-03	8.63e-02	2.40e-01	2.75e-01	3.80e-01	1.38e-02	1.21e-04
 1.93177e+22	1.37e-18	1.18e-12	3.04e-08	3.21e-05	4.96e-03	9.20e-02	2.47e-01	2.76e-01	3.67e-01	1.29e-02	1.08e-04
 1.96581e+22	1.61e-18	1.38e-12	3.52e-08	3.63e-05	5.44e-03	9.76e-02	2.54e-01	2.76e-01	3.54e-01	1.20e-02	9.75e-05
 2.01005e+22	1.98e-18	1.70e-12	4.25e-08	4.24e-05	6.10e-03	1.05e-01	2.62e-01	2.76e-01	3.39e-01	1.10e-02	8.50e-05
 2.05986e+22	2.50e-18	2.13e-12	5.23e-08	5.04e-05	6.93e-03	1.14e-01	2.71e-01	2.76e-01	3.22e-01	9.89e-03	7.30e-05
 2.10651e+22	3.11e-18	2.63e-12	6.34e-08	5.90e-05	7.78e-03	1.23e-01	2.79e-01	2.75e-01	3.06e-01	8.97e-03	6.32e-05
 2.14951e+22	3.80e-18	3.18e-12	7.52e-08	6.77e-05	8.61e-03	1.31e-01	2.86e-01	2.73e-01	2.93e-01	8.23e-03	5.56e-05
 2.19814e+22	4.75e-18	3.93e-12	9.08e-08	7.89e-05	9.62e-03	1.40e-01	2.94e-01	2.71e-01	2.78e-01	7.46e-03	4.82e-05
 2.26136e+22	6.33e-18	5.14e-12	1.15e-07	9.56e-05	1.10e-02	1.52e-01	3.03e-01	2.68e-01	2.59e-01	6.57e-03	4.01e-05
 2.32527e+22	8.48e-18	6.73e-12	1.46e-07	1.16e-04	1.27e-02	1.65e-01	3.11e-01	2.64e-01	2.41e-01	5.76e-03	3.32e-05
 2.37601e+22	1.07e-17	8.29e-12	1.75e-07	1.34e-04	1.40e-02	1.76e-01	3.17e-01	2.60e-01	2.28e-01	5.20e-03	2.86e-05
 2.42790e+22	1.34e-17	1.02e-11	2.10e-07	1.54e-04	1.55e-02	1.86e-01	3.22e-01	2.56e-01	2.15e-01	4.69e-03	2.47e-05
 2.49535e+22	1.79e-17	1.33e-11	2.63e-07	1.84e-04	1.76e-02	2.01e-01	3.29e-01	2.50e-01	1.99e-01	4.10e-03	2.05e-05
 2.56675e+22	2.44e-17	1.75e-11	3.33e-07	2.21e-04	2.00e-02	2.16e-01	3.34e-01	2.43e-01	1.83e-01	3.56e-03	1.67e-05
 2.62828e+22	3.17e-17	2.20e-11	4.05e-07	2.58e-04	2.22e-02	2.29e-01	3.38e-01	2.37e-01	1.70e-01	3.15e-03	1.41e-05
 2.69325e+22	4.14e-17	2.78e-11	4.94e-07	3.00e-04	2.47e-02	2.43e-01	3.42e-01	2.30e-01	1.57e-01	2.77e-03	1.18e-05
 2.77772e+22	5.81e-17	3.74e-11	6.33e-07	3.63e-04	2.82e-02	2.60e-01	3.45e-01	2.21e-01	1.43e-01	2.36e-03	9.44e-06
 2.86542e+22	8.24e-17	5.06e-11	8.15e-07	4.40e-04	3.21e-02	2.79e-01	3.47e-01	2.12e-01	1.28e-01	1.99e-03	7.46e-06
 2.93885e+22	1.10e-16	6.48e-11	1.00e-06	5.14e-04	3.56e-02	2.94e-01	3.47e-01	2.04e-01	1.17e-01	1.72e-03	6.13e-06
 3.01584e+22	1.46e-16	8.26e-11	1.22e-06	5.97e-04	3.94e-02	3.09e-01	3.47e-01	1.95e-01	1.07e-01	1.49e-03	5.05e-06
 3.11593e+22	2.10e-16	1.12e-10	1.57e-06	7.21e-04	4.46e-02	3.29e-01	3.46e-01	1.84e-01	9.48e-02	1.24e-03	3.93e-06
 3.22116e+22	3.06e-16	1.54e-10	2.03e-06	8.73e-04	5.06e-02	3.49e-01	3.43e-01	1.73e-01	8.34e-02	1.02e-03	3.01e-06
 3.30126e+22	4.04e-16	1.95e-10	2.46e-06	1.00e-03	5.54e-02	3.63e-01	3.40e-01	1.64e-01	7.56e-02	8.75e-04	2.47e-06
 3.36187e+22	4.96e-16	2.32e-10	2.83e-06	1.11e-03	5.91e-02	3.74e-01	3.37e-01	1.58e-01	7.02e-02	7.83e-04	2.12e-06
 3.42896e+22	6.17e-16	2.78e-10	3.27e-06	1.24e-03	6.33e-02	3.85e-01	3.33e-01	1.51e-01	6.48e-02	6.94e-04	1.81e-06
 3.51618e+22	8.12e-16	3.49e-10	3.93e-06	1.41e-03	6.89e-02	3.99e-01	3.28e-01	1.43e-01	5.84e-02	5.96e-04	1.48e-06
 3.61477e+22	1.10e-15	4.50e-10	4.81e-06	1.64e-03	7.56e-02	4.14e-01	3.22e-01	1.34e-01	5.19e-02	5.01e-04	1.18e-06
 3.70877e+22	1.46e-15	5.69e-10	5.80e-06	1.87e-03	8.22e-02	4.28e-01	3.16e-01	1.26e-01	4.64e-02	4.25e-04	9.47e-07
 3.79398e+22	1.88e-15	6.99e-10	6.82e-06	2.11e-03	8.84e-02	4.39e-01	3.09e-01	1.18e-01	4.20e-02	3.67e-04	7.82e-07
 3.88717e+22	2.44e-15	8.67e-10	8.09e-06	2.38e-03	9.52e-02	4.51e-01	3.02e-01	1.11e-01	3.77e-02	3.14e-04	6.38e-07
 4.00831e+22	3.37e-15	1.13e-09	9.98e-06	2.76e-03	1.04e-01	4.65e-01	2.93e-01	1.02e-01	3.29e-02	2.58e-04	4.94e-07
 4.13200e+22	4.70e-15	1.48e-09	1.24e-05	3.21e-03	1.14e-01	4.78e-01	2.83e-01	9.37e-02	2.85e-02	2.10e-04	3.78e-07
 4.23128e+22	6.06e-15	1.83e-09	1.45e-05	3.60e-03	1.22e-01	4.87e-01	2.74e-01	8.73e-02	2.54e-02	1.78e-04	3.07e-07
 4.33262e+22	7.76e-15	2.24e-09	1.70e-05	4.02e-03	1.30e-01	4.96e-01	2.66e-01	8.14e-02	2.27e-02	1.52e-04	2.50e-07
 4.46437e+22	1.05e-14	2.87e-09	2.07e-05	4.59e-03	1.41e-01	5.05e-01	2.55e-01	7.43e-02	1.97e-02	1.25e-04	1.94e-07
 4.60550e+22	1.47e-14	3.76e-09	2.55e-05	5.31e-03	1.53e-01	5.14e-01	2.43e-01	6.72e-02	1.68e-02	1.00e-04	1.46e-07
 4.72817e+22	1.93e-14	4.69e-09	3.03e-05	5.97e-03	1.63e-01	5.21e-01	2.33e-01	6.16e-02	1.47e-02	8.32e-05	0.00e+00
 4.85698e+22	2.53e-14	5.85e-09	3.59e-05	6.71e-03	1.74e-01	5.26e-01	2.23e-01	5.63e-02	1.29e-02	6.90e-05	0.00e+00
 5.02444e+22	3.53e-14	7.67e-09	4.42e-05	7.72e-03	1.88e-01	5.32e-01	2.11e-01	5.03e-02	1.09e-02	5.47e-05	0.00e+00
 5.19746e+22	5.02e-14	1.02e-08	5.50e-05	8.95e-03	2.04e-01	5.36e-01	1.97e-01	4.45e-02	9.08e-03	4.26e-05	0.00e+00
 5.33891e+22	6.57e-14	1.27e-08	6.51e-05	1.00e-02	2.17e-01	5.38e-01	1.87e-01	4.03e-02	7.87e-03	3.50e-05	0.00e+00
 5.48397e+22	8.56e-14	1.57e-08	7.66e-05	1.12e-02	2.29e-01	5.39e-01	1.77e-01	3.65e-02	6.83e-03	2.89e-05	0.00e+00
 5.67254e+22	1.18e-13	2.03e-08	9.35e-05	1.27e-02	2.45e-01	5.39e-01	1.66e-01	3.23e-02	5.73e-03	2.28e-05	0.00e+00
 5.87402e+22	1.67e-13	2.70e-08	1.16e-04	1.46e-02	2.63e-01	5.36e-01	1.53e-01	2.81e-02	4.71e-03	1.75e-05	0.00e+00
 6.04842e+22	2.23e-13	3.40e-08	1.38e-04	1.64e-02	2.78e-01	5.33e-01	1.43e-01	2.50e-02	4.00e-03	1.40e-05	0.00e+00
 6.23127e+22	2.96e-13	4.27e-08	1.64e-04	1.84e-02	2.94e-01	5.29e-01	1.33e-01	2.23e-02	3.40e-03	1.13e-05	0.00e+00
 6.46748e+22	4.18e-13	5.64e-08	2.03e-04	2.10e-02	3.13e-01	5.22e-01	1.22e-01	1.92e-02	2.77e-03	8.63e-06	0.00e+00
 6.69596e+22	5.93e-13	7.46e-08	2.51e-04	2.40e-02	3.33e-01	5.13e-01	1.10e-01	1.65e-02	2.25e-03	6.54e-06	0.00e+00
 6.86162e+22	7.47e-13	8.99e-08	2.88e-04	2.63e-02	3.47e-01	5.07e-01	1.03e-01	1.48e-02	1.96e-03	5.43e-06	0.00e+00
 7.02275e+22	9.30e-13	1.07e-07	3.29e-04	2.86e-02	3.59e-01	5.00e-01	9.70e-02	1.34e-02	1.71e-03	4.56e-06	0.00e+00
 7.23221e+22	1.23e-12	1.34e-07	3.90e-04	3.17e-02	3.76e-01	4.90e-01	8.92e-02	1.18e-02	1.44e-03	3.64e-06	0.00e+00
 7.46527e+22	1.66e-12	1.71e-07	4.68e-04	3.55e-02	3.93e-01	4.78e-01	8.12e-02	1.03e-02	1.19e-03	2.85e-06	0.00e+00
 7.68379e+22	2.19e-12	2.14e-07	5.53e-04	3.93e-02	4.10e-01	4.66e-01	7.43e-02	8.99e-03	1.00e-03	2.27e-06	0.00e+00
 7.88266e+22	2.80e-12	2.61e-07	6.41e-04	4.29e-02	4.24e-01	4.55e-01	6.85e-02	7.98e-03	8.59e-04	1.85e-06	0.00e+00
 8.10120e+22	3.62e-12	3.22e-07	7.49e-04	4.71e-02	4.39e-01	4.43e-01	6.28e-02	7.04e-03	7.29e-04	1.50e-06	0.00e+00
 8.38531e+22	5.00e-12	4.18e-07	9.11e-04	5.28e-02	4.57e-01	4.26e-01	5.61e-02	6.00e-03	5.93e-04	1.15e-06	0.00e+00
 8.66815e+22	6.94e-12	5.45e-07	1.11e-03	5.92e-02	4.75e-01	4.09e-01	4.98e-02	5.09e-03	4.79e-04	8.74e-07	0.00e+00
 8.88247e+22	8.86e-12	6.64e-07	1.28e-03	6.44e-02	4.88e-01	3.96e-01	4.55e-02	4.50e-03	4.09e-04	7.13e-07	0.00e+00
 9.09420e+22	1.10e-11	7.96e-07	1.47e-03	6.95e-02	4.99e-01	3.84e-01	4.19e-02	4.02e-03	3.55e-04	5.95e-07	0.00e+00
 9.36945e+22	1.47e-11	1.01e-06	1.75e-03	7.65e-02	5.13e-01	3.67e-01	3.76e-02	3.47e-03	2.94e-04	4.70e-07	0.00e+00
 9.66295e+22	2.02e-11	1.30e-06	2.11e-03	8.49e-02	5.27e-01	3.49e-01	3.32e-02	2.95e-03	2.40e-04	3.62e-07	0.00e+00
 9.91290e+22	2.63e-11	1.62e-06	2.48e-03	9.25e-02	5.38e-01	3.34e-01	2.99e-02	2.58e-03	2.02e-04	2.91e-07	0.00e+00
 1.01364e+23	3.29e-11	1.95e-06	2.85e-03	9.94e-02	5.47e-01	3.21e-01	2.73e-02	2.29e-03	1.75e-04	2.43e-07	0.00e+00
 1.03927e+23	4.26e-11	2.42e-06	3.33e-03	1.08e-01	5.56e-01	3.06e-01	2.46e-02	2.01e-03	1.48e-04	1.98e-07	0.00e+00
 1.06688e+23	5.65e-11	3.06e-06	3.96e-03	1.18e-01	5.65e-01	2.90e-01	2.19e-02	1.74e-03	1.24e-04	1.58e-07	0.00e+00
 1.09067e+23	7.17e-11	3.73e-06	4.59e-03	1.26e-01	5.71e-01	2.77e-01	1.98e-02	1.54e-03	1.06e-04	1.31e-07	0.00e+00
 1.11139e+23	8.84e-11	4.45e-06	5.22e-03	1.34e-01	5.75e-01	2.65e-01	1.82e-02	1.39e-03	9.32e-05	0.00e+00	0.00e+00
 1.13449e+23	1.11e-10	5.38e-06	6.02e-03	1.44e-01	5.79e-01	2.53e-01	1.66e-02	1.24e-03	8.12e-05	0.00e+00	0.00e+00
 1.16040e+23	1.43e-10	6.70e-06	7.09e-03	1.55e-01	5.83e-01	2.39e-01	1.48e-02	1.09e-03	6.92e-05	0.00e+00	0.00e+00
 1.18369e+23	1.81e-10	8.19e-06	8.23e-03	1.65e-01	5.85e-01	2.27e-01	1.35e-02	9.70e-04	6.00e-05	0.00e+00	0.00e+00
 1.20331e+23	2.21e-10	9.73e-06	9.37e-03	1.75e-01	5.85e-01	2.17e-01	1.24e-02	8.79e-04	5.32e-05	0.00e+00	0.00e+00
 1.22442e+23	2.72e-10	1.17e-05	1.08e-02	1.85e-01	5.85e-01	2.07e-01	1.13e-02	7.95e-04	4.71e-05	0.00e+00	0.00e+00
 1.24758e+23	3.45e-10	1.43e-05	1.26e-02	1.97e-01	5.84e-01	1.95e-01	1.03e-02	7.08e-04	4.10e-05	0.00e+00	0.00e+00
 1.26770e+23	4.28e-10	1.73e-05	1.46e-02	2.09e-01	5.81e-01	1.85e-01	9.36e-03	6.39e-04	3.62e-05	0.00e+00	0.00e+00
 1.28438e+23	5.10e-10	2.02e-05	1.64e-02	2.18e-01	5.79e-01	1.77e-01	8.70e-03	5.88e-04	3.28e-05	0.00e+00	0.00e+00
 1.30226e+23	6.15e-10	2.39e-05	1.88e-02	2.29e-01	5.75e-01	1.69e-01	8.03e-03	5.38e-04	2.95e-05	0.00e+00	0.00e+00
 1.32213e+23	7.62e-10	2.90e-05	2.19e-02	2.42e-01	5.69e-01	1.59e-01	7.34e-03	4.86e-04	2.62e-05	0.00e+00	0.00e+00
 1.33977e+23	9.33e-10	3.48e-05	2.54e-02	2.54e-01	5.62e-01	1.51e-01	6.73e-03	4.42e-04	2.35e-05	0.00e+00	0.00e+00
 1.35439e+23	1.11e-09	4.07e-05	2.88e-02	2.65e-01	5.56e-01	1.44e-01	6.25e-03	4.08e-04	2.14e-05	0.00e+00	0.00e+00
 1.36782e+23	1.30e-09	4.70e-05	3.25e-02	2.75e-01	5.49e-01	1.37e-01	5.84e-03	3.79e-04	1.96e-05	0.00e+00	0.00e+00
 1.38319e+23	1.57e-09	5.60e-05	3.76e-02	2.88e-01	5.39e-01	1.29e-01	5.36e-03	3.46e-04	1.77e-05	0.00e+00	0.00e+00
 1.39964e+23	1.92e-09	6.77e-05	4.42e-02	3.01e-01	5.28e-01	1.21e-01	4.89e-03	3.14e-04	1.59e-05	0.00e+00	0.00e+00
 1.41339e+23	2.31e-09	8.05e-05	5.13e-02	3.14e-01	5.16e-01	1.14e-01	4.49e-03	2.87e-04	1.43e-05	0.00e+00	0.00e+00
 1.42457e+23	2.70e-09	9.31e-05	5.82e-02	3.24e-01	5.05e-01	1.08e-01	4.17e-03	2.65e-04	1.31e-05	0.00e+00	0.00e+00
 1.43653e+23	3.20e-09	1.09e-04	6.69e-02	3.36e-01	4.92e-01	1.01e-01	3.82e-03	2.43e-04	1.19e-05	0.00e+00	0.00e+00
 1.44972e+23	3.91e-09	1.32e-04	7.88e-02	3.49e-01	4.75e-01	9.36e-02	3.44e-03	2.18e-04	1.05e-05	0.00e+00	0.00e+00
 1.46132e+23	4.68e-09	1.56e-04	9.18e-02	3.61e-01	4.57e-01	8.65e-02	3.11e-03	1.97e-04	9.42e-06	0.00e+00	0.00e+00
 1.47099e+23	5.47e-09	1.81e-04	1.05e-01	3.71e-01	4.41e-01	8.05e-02	2.84e-03	1.80e-04	8.51e-06	0.00e+00	0.00e+00
 1.48133e+23	6.46e-09	2.12e-04	1.21e-01	3.81e-01	4.21e-01	7.39e-02	2.55e-03	1.62e-04	7.58e-06	0.00e+00	0.00e+00
 1.49277e+23	7.87e-09	2.56e-04	1.43e-01	3.91e-01	3.97e-01	6.63e-02	2.23e-03	1.42e-04	6.54e-06	0.00e+00	0.00e+00
 1.50294e+23	9.44e-09	3.03e-04	1.67e-01	3.99e-01	3.72e-01	5.93e-02	1.94e-03	1.24e-04	5.64e-06	0.00e+00	0.00e+00
 1.51159e+23	1.11e-08	3.51e-04	1.90e-01	4.05e-01	3.50e-01	5.33e-02	1.71e-03	1.09e-04	4.90e-06	0.00e+00	0.00e+00
 1.52095e+23	1.30e-08	4.09e-04	2.18e-01	4.09e-01	3.24e-01	4.70e-02	1.47e-03	9.45e-05	4.17e-06	0.00e+00	0.00e+00
 1.53148e+23	1.57e-08	4.86e-04	2.55e-01	4.11e-01	2.93e-01	4.00e-02	1.21e-03	7.87e-05	3.40e-06	0.00e+00	0.00e+00
 1.54123e+23	1.86e-08	5.69e-04	2.93e-01	4.08e-01	2.63e-01	3.39e-02	9.94e-04	6.51e-05	2.76e-06	0.00e+00	0.00e+00
 1.54995e+23	2.16e-08	6.51e-04	3.30e-01	4.04e-01	2.36e-01	2.87e-02	8.19e-04	5.41e-05	2.24e-06	0.00e+00	0.00e+00
 1.55963e+23	2.53e-08	7.48e-04	3.72e-01	3.95e-01	2.07e-01	2.36e-02	6.51e-04	4.35e-05	1.76e-06	0.00e+00	0.00e+00
 1.57221e+23	3.05e-08	8.82e-04	4.29e-01	3.79e-01	1.72e-01	1.80e-02	4.73e-04	3.22e-05	1.26e-06	0.00e+00	0.00e+00
 1.58475e+23	3.65e-08	1.03e-03	4.87e-01	3.58e-01	1.40e-01	1.34e-02	3.36e-04	2.32e-05	8.74e-07	0.00e+00	0.00e+00
 1.59439e+23	4.14e-08	1.14e-03	5.30e-01	3.40e-01	1.19e-01	1.05e-02	2.55e-04	1.79e-05	6.53e-07	0.00e+00	0.00e+00
 1.60405e+23	4.64e-08	1.25e-03	5.69e-01	3.21e-01	1.01e-01	8.27e-03	1.93e-04	1.38e-05	4.88e-07	0.00e+00	0.00e+00
 1.61660e+23	5.29e-08	1.39e-03	6.16e-01	2.96e-01	8.08e-02	6.06e-03	1.35e-04	9.83e-06	3.35e-07	0.00e+00	0.00e+00
 1.63037e+23	6.03e-08	1.54e-03	6.62e-01	2.69e-01	6.36e-02	4.32e-03	9.22e-05	6.82e-06	2.22e-07	0.00e+00	0.00e+00
 1.64327e+23	6.74e-08	1.67e-03	6.99e-01	2.45e-01	5.12e-02	3.18e-03	6.50e-05	4.89e-06	1.53e-07	0.00e+00	0.00e+00
 1.65512e+23	7.39e-08	1.78e-03	7.29e-01	2.25e-01	4.22e-02	2.42e-03	4.79e-05	3.66e-06	0.00e+00	0.00e+00	0.00e+00
 1.66797e+23	8.06e-08	1.89e-03	7.56e-01	2.06e-01	3.46e-02	1.84e-03	3.51e-05	2.71e-06	0.00e+00	0.00e+00	0.00e+00
 1.68421e+23	8.90e-08	2.02e-03	7.85e-01	1.84e-01	2.74e-02	1.32e-03	2.43e-05	1.91e-06	0.00e+00	0.00e+00	0.00e+00
 1.70221e+23	9.83e-08	2.15e-03	8.12e-01	1.63e-01	2.16e-02	9.49e-04	1.68e-05	1.34e-06	0.00e+00	0.00e+00	0.00e+00
 1.72027e+23	1.08e-07	2.28e-03	8.34e-01	1.46e-01	1.73e-02	7.01e-04	1.20e-05	9.65e-07	0.00e+00	0.00e+00	0.00e+00
 1.73923e+23	1.17e-07	2.40e-03	8.53e-01	1.30e-01	1.41e-02	5.26e-04	8.71e-06	7.08e-07	0.00e+00	0.00e+00	0.00e+00
 1.76027e+23	1.27e-07	2.52e-03	8.70e-01	1.15e-01	1.15e-02	3.96e-04	6.37e-06	5.22e-07	0.00e+00	0.00e+00	0.00e+00
 1.78404e+23	1.39e-07	2.65e-03	8.86e-01	1.02e-01	9.37e-03	2.98e-04	4.67e-06	3.84e-07	0.00e+00	0.00e+00	0.00e+00
 1.81048e+23	1.51e-07	2.79e-03	9.00e-01	8.95e-02	7.69e-03	2.26e-04	3.45e-06	2.84e-07	0.00e+00	0.00e+00	0.00e+00
 1.83949e+23	1.65e-07	2.92e-03	9.12e-01	7.85e-02	6.40e-03	1.74e-04	2.60e-06	2.13e-07	0.00e+00	0.00e+00	0.00e+00
 1.87188e+23	1.79e-07	3.06e-03	9.23e-01	6.87e-02	5.38e-03	1.35e-04	1.98e-06	1.61e-07	0.00e+00	0.00e+00	0.00e+00
 1.90891e+23	1.96e-07	3.21e-03	9.32e-01	5.97e-02	4.56e-03	1.05e-04	1.53e-06	1.23e-07	0.00e+00	0.00e+00	0.00e+00
 1.95150e+23	2.14e-07	3.37e-03	9.41e-01	5.16e-02	3.92e-03	8.22e-05	1.20e-06	0.00e+00	0.00e+00	0.00e+00	0.00e+00
 2.00066e+23	2.35e-07	3.53e-03	9.49e-01	4.45e-02	3.40e-03	6.47e-05	9.53e-07	0.00e+00	0.00e+00	0.00e+00	0.00e+00
 2.05842e+23	2.58e-07	3.71e-03	9.55e-01	3.81e-02	3.00e-03	5.11e-05	7.71e-07	0.00e+00	0.00e+00	0.00e+00	0.00e+00
 2.12847e+23	2.84e-07	3.90e-03	9.61e-01	3.24e-02	2.67e-03	4.04e-05	6.33e-07	0.00e+00	0.00e+00	0.00e+00	0.00e+00
 2.21110e+23	3.14e-07	4.12e-03	9.66e-01	2.75e-02	2.41e-03	3.20e-05	5.29e-07	0.00e+00	0.00e+00	0.00e+00	0.00e+00
 2.29505e+23	3.48e-07	4.34e-03	9.70e-01	2.37e-02	2.22e-03	2.61e-05	4.54e-07	0.00e+00	0.00e+00	0.00e+00	0.00e+00
 2.37103e+23	3.78e-07	4.53e-03	9.72e-01	2.11e-02	2.09e-03	2.22e-05	4.06e-07	0.00e+00	0.00e+00	0.00e+00	0.00e+00
 2.43941e+23	4.05e-07	4.69e-03	9.74e-01	1.93e-02	1.99e-03	1.96e-05	3.73e-07	0.00e+00	0.00e+00	0.00e+00	0.00e+00
 2.50095e+23	4.28e-07	4.82e-03	9.75e-01	1.79e-02	1.93e-03	1.77e-05	3.50e-07	0.00e+00	0.00e+00	0.00e+00	0.00e+00
 2.55633e+23	4.46e-07	4.93e-03	9.76e-01	1.69e-02	1.88e-03	1.64e-05	3.34e-07	0.00e+00	0.00e+00	0.00e+00	0.00e+00
 2.60618e+23	4.64e-07	5.03e-03	9.77e-01	1.60e-02	1.84e-03	1.53e-05	3.20e-07	0.00e+00	0.00e+00	0.00e+00	0.00e+00
 2.65105e+23	4.78e-07	5.11e-03	9.78e-01	1.54e-02	1.81e-03	1.45e-05	3.11e-07	0.00e+00	0.00e+00	0.00e+00	0.00e+00
 2.69142e+23	4.90e-07	5.17e-03	9.78e-01	1.49e-02	1.78e-03	1.39e-05	3.04e-07	0.00e+00	0.00e+00	0.00e+00	0.00e+00
 2.72776e+23	5.00e-07	5.23e-03	9.79e-01	1.45e-02	1.76e-03	1.34e-05	2.98e-07	0.00e+00	0.00e+00	0.00e+00	0.00e+00
 2.76047e+23	5.09e-07	5.27e-03	9.79e-01	1.41e-02	1.75e-03	1.29e-05	2.93e-07	0.00e+00	0.00e+00	0.00e+00	0.00e+00
 2.79123e+23	5.17e-07	5.32e-03	9.79e-01	1.38e-02	1.74e-03	1.26e-05	2.89e-07	0.00e+00	0.00e+00	0.00e+00	0.00e+00
 2.82178e+23	5.25e-07	5.36e-03	9.79e-01	1.35e-02	1.72e-03	1.22e-05	2.86e-07	0.00e+00	0.00e+00	0.00e+00	0.00e+00
 2.85233e+23	5.32e-07	5.40e-03	9.80e-01	1.32e-02	1.71e-03	1.19e-05	2.83e-07	0.00e+00	0.00e+00	0.00e+00	0.00e+00
 2.88288e+23	5.39e-07	5.43e-03	9.80e-01	1.30e-02	1.70e-03	1.17e-05	2.80e-07	0.00e+00	0.00e+00	0.00e+00	0.00e+00
 2.91343e+23	5.46e-07	5.46e-03	9.80e-01	1.28e-02	1.69e-03	1.14e-05	2.77e-07	0.00e+00	0.00e+00	0.00e+00	0.00e+00
 2.94398e+23	5.51e-07	5.49e-03	9.80e-01	1.25e-02	1.69e-03	1.12e-05	2.76e-07	0.00e+00	0.00e+00	0.00e+00	0.00e+00
 2.97452e+23	5.57e-07	5.52e-03	9.80e-01	1.24e-02	1.68e-03	1.10e-05	2.74e-07	0.00e+00	0.00e+00	0.00e+00	0.00e+00
 3.00507e+23	5.62e-07	5.55e-03	9.81e-01	1.22e-02	1.67e-03	1.08e-05	2.72e-07	0.00e+00	0.00e+00	0.00e+00	0.00e+00
 3.03562e+23	5.67e-07	5.57e-03	9.81e-01	1.20e-02	1.67e-03	1.06e-05	2.71e-07	0.00e+00	0.00e+00	0.00e+00	0.00e+00
 3.05286e+23	5.75e-07	5.61e-03	9.81e-01	1.18e-02	1.66e-03	1.04e-05	2.68e-07	0.00e+00	0.00e+00	0.00e+00	0.00e+00
