#depth	He	He+	He+2
 6.17135e+19	2.49e-12	2.08e-06	1.00e+00
 1.87609e+20	3.18e-12	2.41e-06	1.00e+00
 2.83882e+20	3.78e-12	2.70e-06	1.00e+00
 3.32018e+20	4.10e-12	2.85e-06	1.00e+00
 3.58443e+20	4.29e-12	2.93e-06	1.00e+00
 3.82315e+20	4.46e-12	3.01e-06	1.00e+00
 4.13349e+20	4.68e-12	3.11e-06	1.00e+00
 4.53692e+20	4.98e-12	3.25e-06	1.00e+00
 4.96675e+20	5.32e-12	3.40e-06	1.00e+00
 5.34116e+20	5.62e-12	3.53e-06	1.00e+00
 5.73817e+20	5.94e-12	3.68e-06	1.00e+00
 6.18609e+20	6.31e-12	3.84e-06	1.00e+00
 6.61101e+20	6.68e-12	4.00e-06	1.00e+00
 7.01149e+20	7.03e-12	4.15e-06	1.00e+00
 7.40593e+20	7.39e-12	4.31e-06	1.00e+00
 7.79060e+20	7.74e-12	4.46e-06	1.00e+00
 8.22596e+20	8.15e-12	4.64e-06	1.00e+00
 8.69940e+20	8.60e-12	4.83e-06	1.00e+00
 9.12434e+20	9.01e-12	5.01e-06	1.00e+00
 9.57876e+20	9.47e-12	5.20e-06	1.00e+00
 1.00848e+21	9.98e-12	5.42e-06	1.00e+00
 1.05561e+21	1.05e-11	5.63e-06	1.00e+00
 1.09994e+21	1.09e-11	5.82e-06	1.00e+00
 1.15084e+21	1.15e-11	6.05e-06	1.00e+00
 1.20784e+21	1.21e-11	6.31e-06	1.00e+00
 1.25782e+21	1.27e-11	6.55e-06	1.00e+00
 1.29965e+21	1.32e-11	6.75e-06	1.00e+00
 1.34582e+21	1.37e-11	6.97e-06	1.00e+00
 1.40584e+21	1.44e-11	7.26e-06	1.00e+00
 1.46798e+21	1.52e-11	7.57e-06	1.00e+00
 1.51968e+21	1.58e-11	7.84e-06	1.00e+00
 1.57366e+21	1.65e-11	8.10e-06	1.00e+00
 1.64383e+21	1.74e-11	8.47e-06	1.00e+00
 1.71603e+21	1.84e-11	8.85e-06	1.00e+00
 1.77542e+21	1.92e-11	9.17e-06	1.00e+00
 1.83719e+21	2.01e-11	9.50e-06	1.00e+00
 1.90536e+21	2.10e-11	9.87e-06	1.00e+00
 1.96781e+21	2.20e-11	1.02e-05	1.00e+00
 2.03498e+21	2.30e-11	1.06e-05	1.00e+00
 2.10992e+21	2.41e-11	1.10e-05	1.00e+00
 2.18027e+21	2.53e-11	1.14e-05	1.00e+00
 2.25702e+21	2.65e-11	1.19e-05	1.00e+00
 2.34249e+21	2.80e-11	1.24e-05	1.00e+00
 2.42277e+21	2.94e-11	1.29e-05	1.00e+00
 2.51060e+21	3.10e-11	1.34e-05	1.00e+00
 2.60915e+21	3.28e-11	1.40e-05	1.00e+00
 2.69682e+21	3.45e-11	1.46e-05	1.00e+00
 2.77220e+21	3.60e-11	1.51e-05	1.00e+00
 2.85643e+21	3.78e-11	1.57e-05	1.00e+00
 2.96592e+21	4.01e-11	1.64e-05	1.00e+00
 3.07690e+21	4.25e-11	1.71e-05	1.00e+00
 3.16467e+21	4.45e-11	1.78e-05	1.00e+00
 3.25365e+21	4.66e-11	1.84e-05	1.00e+00
 3.36932e+21	4.95e-11	1.92e-05	1.00e+00
 3.48973e+21	5.24e-11	2.01e-05	1.00e+00
 3.58979e+21	5.50e-11	2.09e-05	1.00e+00
 3.69336e+21	5.77e-11	2.17e-05	1.00e+00
 3.82801e+21	6.15e-11	2.28e-05	1.00e+00
 3.96623e+21	6.54e-11	2.39e-05	1.00e+00
 4.07873e+21	6.86e-11	2.49e-05	1.00e+00
 4.19462e+21	7.20e-11	2.59e-05	1.00e+00
 4.34528e+21	7.66e-11	2.73e-05	1.00e+00
 4.49014e+21	8.11e-11	2.86e-05	1.00e+00
 4.59474e+21	8.45e-11	2.96e-05	1.00e+00
 4.69801e+21	8.78e-11	3.06e-05	1.00e+00
 4.83227e+21	9.24e-11	3.19e-05	1.00e+00
 4.97636e+21	9.70e-11	3.34e-05	1.00e+00
 5.10217e+21	1.01e-10	3.47e-05	1.00e+00
 5.23463e+21	1.06e-10	3.62e-05	1.00e+00
 5.40683e+21	1.12e-10	3.81e-05	1.00e+00
 5.57935e+21	1.18e-10	4.01e-05	1.00e+00
 5.71494e+21	1.22e-10	4.18e-05	1.00e+00
 5.85383e+21	1.27e-10	4.35e-05	1.00e+00
 6.03439e+21	1.33e-10	4.58e-05	1.00e+00
 6.22415e+21	1.40e-10	4.83e-05	1.00e+00
 6.38499e+21	1.45e-10	5.06e-05	1.00e+00
 6.55320e+21	1.51e-10	5.30e-05	1.00e+00
 6.77188e+21	1.58e-10	5.63e-05	1.00e+00
 6.99274e+21	1.65e-10	5.97e-05	1.00e+00
 7.16796e+21	1.71e-10	6.27e-05	1.00e+00
 7.31821e+21	1.76e-10	6.51e-05	1.00e+00
 7.48448e+21	1.81e-10	6.80e-05	1.00e+00
 7.70062e+21	1.87e-10	7.18e-05	1.00e+00
 7.92328e+21	1.94e-10	7.60e-05	1.00e+00
 8.10649e+21	2.00e-10	7.96e-05	1.00e+00
 8.29679e+21	2.05e-10	8.33e-05	1.00e+00
 8.54417e+21	2.13e-10	8.84e-05	1.00e+00
 8.79269e+21	2.21e-10	9.38e-05	1.00e+00
 8.98785e+21	2.27e-10	9.82e-05	1.00e+00
 9.18669e+21	2.34e-10	1.03e-04	1.00e+00
 9.44519e+21	2.43e-10	1.09e-04	1.00e+00
 9.71496e+21	2.54e-10	1.15e-04	1.00e+00
 9.94154e+21	2.64e-10	1.21e-04	1.00e+00
 1.01783e+22	2.75e-10	1.27e-04	1.00e+00
 1.04860e+22	2.90e-10	1.35e-04	1.00e+00
 1.08018e+22	3.08e-10	1.44e-04	1.00e+00
 1.10606e+22	3.25e-10	1.52e-04	1.00e+00
 1.13296e+22	3.43e-10	1.60e-04	1.00e+00
 1.16106e+22	3.65e-10	1.68e-04	1.00e+00
 1.18466e+22	3.84e-10	1.76e-04	1.00e+00
 1.20930e+22	4.06e-10	1.83e-04	1.00e+00
 1.24133e+22	4.37e-10	1.93e-04	1.00e+00
 1.27425e+22	4.72e-10	2.04e-04	1.00e+00
 1.30096e+22	5.03e-10	2.13e-04	1.00e+00
 1.32830e+22	5.38e-10	2.23e-04	1.00e+00
 1.36385e+22	5.86e-10	2.36e-04	1.00e+00
 1.40040e+22	6.41e-10	2.49e-04	1.00e+00
 1.43031e+22	6.89e-10	2.60e-04	1.00e+00
 1.46123e+22	7.43e-10	2.72e-04	1.00e+00
 1.50142e+22	8.18e-10	2.88e-04	1.00e+00
 1.54296e+22	9.04e-10	3.04e-04	1.00e+00
 1.57729e+22	9.82e-10	3.18e-04	1.00e+00
 1.61298e+22	1.07e-09	3.33e-04	1.00e+00
 1.65937e+22	1.19e-09	3.53e-04	1.00e+00
 1.70758e+22	1.33e-09	3.75e-04	1.00e+00
 1.74793e+22	1.45e-09	3.93e-04	1.00e+00
 1.79017e+22	1.59e-09	4.13e-04	1.00e+00
 1.84508e+22	1.79e-09	4.39e-04	1.00e+00
 1.89654e+22	2.00e-09	4.64e-04	1.00e+00
 1.93177e+22	2.15e-09	4.82e-04	1.00e+00
 1.96581e+22	2.30e-09	4.99e-04	1.00e+00
 2.01005e+22	2.51e-09	5.22e-04	9.99e-01
 2.05986e+22	2.77e-09	5.48e-04	9.99e-01
 2.10651e+22	3.03e-09	5.74e-04	9.99e-01
 2.14951e+22	3.29e-09	5.98e-04	9.99e-01
 2.19814e+22	3.59e-09	6.25e-04	9.99e-01
 2.26136e+22	4.02e-09	6.61e-04	9.99e-01
 2.32527e+22	4.50e-09	6.99e-04	9.99e-01
 2.37601e+22	4.90e-09	7.30e-04	9.99e-01
 2.42790e+22	5.34e-09	7.62e-04	9.99e-01
 2.49535e+22	5.96e-09	8.05e-04	9.99e-01
 2.56675e+22	6.67e-09	8.51e-04	9.99e-01
 2.62828e+22	7.33e-09	8.91e-04	9.99e-01
 2.69325e+22	8.07e-09	9.35e-04	9.99e-01
 2.77772e+22	9.12e-09	9.93e-04	9.99e-01
 2.86542e+22	1.03e-08	1.06e-03	9.99e-01
 2.93885e+22	1.14e-08	1.11e-03	9.99e-01
 3.01584e+22	1.26e-08	1.17e-03	9.99e-01
 3.11593e+22	1.43e-08	1.24e-03	9.99e-01
 3.22116e+22	1.63e-08	1.32e-03	9.99e-01
 3.30126e+22	1.80e-08	1.39e-03	9.99e-01
 3.36187e+22	1.93e-08	1.43e-03	9.99e-01
 3.42896e+22	2.08e-08	1.49e-03	9.99e-01
 3.51618e+22	2.29e-08	1.56e-03	9.98e-01
 3.61477e+22	2.55e-08	1.64e-03	9.98e-01
 3.70877e+22	2.82e-08	1.73e-03	9.98e-01
 3.79398e+22	3.07e-08	1.80e-03	9.98e-01
 3.88717e+22	3.36e-08	1.88e-03	9.98e-01
 4.00831e+22	3.77e-08	1.99e-03	9.98e-01
 4.13200e+22	4.24e-08	2.11e-03	9.98e-01
 4.23128e+22	4.63e-08	2.20e-03	9.98e-01
 4.33262e+22	5.06e-08	2.30e-03	9.98e-01
 4.46437e+22	5.64e-08	2.42e-03	9.98e-01
 4.60550e+22	6.34e-08	2.57e-03	9.97e-01
 4.72817e+22	6.99e-08	2.69e-03	9.97e-01
 4.85698e+22	7.71e-08	2.82e-03	9.97e-01
 5.02444e+22	8.70e-08	3.00e-03	9.97e-01
 5.19746e+22	9.88e-08	3.19e-03	9.97e-01
 5.33891e+22	1.09e-07	3.35e-03	9.97e-01
 5.48397e+22	1.20e-07	3.52e-03	9.96e-01
 5.67254e+22	1.35e-07	3.73e-03	9.96e-01
 5.87402e+22	1.54e-07	3.98e-03	9.96e-01
 6.04842e+22	1.71e-07	4.20e-03	9.96e-01
 6.23127e+22	1.91e-07	4.44e-03	9.96e-01
 6.46748e+22	2.17e-07	4.75e-03	9.95e-01
 6.69596e+22	2.48e-07	5.09e-03	9.95e-01
 6.86162e+22	2.71e-07	5.33e-03	9.95e-01
 7.02275e+22	2.95e-07	5.57e-03	9.94e-01
 7.23221e+22	3.29e-07	5.92e-03	9.94e-01
 7.46527e+22	3.71e-07	6.31e-03	9.94e-01
 7.68379e+22	4.14e-07	6.70e-03	9.93e-01
 7.88266e+22	4.57e-07	7.08e-03	9.93e-01
 8.10120e+22	5.08e-07	7.52e-03	9.92e-01
 8.38531e+22	5.80e-07	8.14e-03	9.92e-01
 8.66815e+22	6.66e-07	8.81e-03	9.91e-01
 8.88247e+22	7.38e-07	9.38e-03	9.91e-01
 9.09420e+22	8.13e-07	9.95e-03	9.90e-01
 9.36945e+22	9.22e-07	1.08e-02	9.89e-01
 9.66295e+22	1.06e-06	1.18e-02	9.88e-01
 9.91290e+22	1.20e-06	1.28e-02	9.87e-01
 1.01364e+23	1.33e-06	1.37e-02	9.86e-01
 1.03927e+23	1.51e-06	1.49e-02	9.85e-01
 1.06688e+23	1.73e-06	1.64e-02	9.84e-01
 1.09067e+23	1.96e-06	1.79e-02	9.82e-01
 1.11139e+23	2.18e-06	1.94e-02	9.81e-01
 1.13449e+23	2.46e-06	2.12e-02	9.79e-01
 1.16040e+23	2.83e-06	2.36e-02	9.76e-01
 1.18369e+23	3.23e-06	2.62e-02	9.74e-01
 1.20331e+23	3.63e-06	2.87e-02	9.71e-01
 1.22442e+23	4.10e-06	3.18e-02	9.68e-01
 1.24758e+23	4.75e-06	3.58e-02	9.64e-01
 1.26770e+23	5.44e-06	4.01e-02	9.60e-01
 1.28438e+23	6.11e-06	4.43e-02	9.56e-01
 1.30226e+23	6.91e-06	4.93e-02	9.51e-01
 1.32213e+23	8.01e-06	5.61e-02	9.44e-01
 1.33977e+23	9.25e-06	6.37e-02	9.36e-01
 1.35439e+23	1.05e-05	7.12e-02	9.29e-01
 1.36782e+23	1.18e-05	7.92e-02	9.21e-01
 1.38319e+23	1.35e-05	8.97e-02	9.10e-01
 1.39964e+23	1.58e-05	1.04e-01	8.96e-01
 1.41339e+23	1.82e-05	1.18e-01	8.82e-01
 1.42457e+23	2.05e-05	1.33e-01	8.67e-01
 1.43653e+23	2.33e-05	1.49e-01	8.51e-01
 1.44972e+23	2.71e-05	1.72e-01	8.28e-01
 1.46132e+23	3.11e-05	1.96e-01	8.04e-01
 1.47099e+23	3.49e-05	2.19e-01	7.81e-01
 1.48133e+23	3.94e-05	2.46e-01	7.54e-01
 1.49277e+23	4.53e-05	2.81e-01	7.19e-01
 1.50294e+23	5.14e-05	3.16e-01	6.84e-01
 1.51159e+23	5.72e-05	3.49e-01	6.51e-01
 1.52095e+23	6.37e-05	3.86e-01	6.14e-01
 1.53148e+23	7.18e-05	4.31e-01	5.69e-01
 1.54123e+23	7.99e-05	4.75e-01	5.24e-01
 1.54995e+23	8.75e-05	5.15e-01	4.85e-01
 1.55963e+23	9.57e-05	5.58e-01	4.42e-01
 1.57221e+23	1.07e-04	6.11e-01	3.89e-01
 1.58475e+23	1.18e-04	6.62e-01	3.38e-01
 1.59439e+23	1.26e-04	6.98e-01	3.02e-01
 1.60405e+23	1.34e-04	7.29e-01	2.71e-01
 1.61660e+23	1.43e-04	7.65e-01	2.35e-01
 1.63037e+23	1.53e-04	7.98e-01	2.02e-01
 1.64327e+23	1.62e-04	8.24e-01	1.75e-01
 1.65512e+23	1.70e-04	8.45e-01	1.55e-01
 1.66797e+23	1.77e-04	8.63e-01	1.37e-01
 1.68421e+23	1.85e-04	8.82e-01	1.18e-01
 1.70221e+23	1.94e-04	8.99e-01	1.01e-01
 1.72027e+23	2.03e-04	9.12e-01	8.74e-02
 1.73923e+23	2.11e-04	9.24e-01	7.59e-02
 1.76027e+23	2.19e-04	9.34e-01	6.58e-02
 1.78404e+23	2.28e-04	9.43e-01	5.66e-02
 1.81048e+23	2.37e-04	9.51e-01	4.86e-02
 1.83949e+23	2.46e-04	9.58e-01	4.18e-02
 1.87188e+23	2.55e-04	9.64e-01	3.58e-02
 1.90891e+23	2.65e-04	9.69e-01	3.05e-02
 1.95150e+23	2.76e-04	9.74e-01	2.59e-02
 2.00066e+23	2.88e-04	9.78e-01	2.18e-02
 2.05842e+23	3.00e-04	9.81e-01	1.83e-02
 2.12847e+23	3.13e-04	9.84e-01	1.53e-02
 2.21110e+23	3.28e-04	9.87e-01	1.27e-02
 2.29505e+23	3.43e-04	9.89e-01	1.08e-02
 2.37103e+23	3.56e-04	9.90e-01	9.47e-03
 2.43941e+23	3.68e-04	9.91e-01	8.55e-03
 2.50095e+23	3.78e-04	9.92e-01	7.87e-03
 2.55633e+23	3.85e-04	9.92e-01	7.38e-03
 2.60618e+23	3.93e-04	9.93e-01	6.98e-03
 2.65105e+23	3.99e-04	9.93e-01	6.67e-03
 2.69142e+23	4.03e-04	9.93e-01	6.43e-03
 2.72776e+23	4.07e-04	9.93e-01	6.24e-03
 2.76047e+23	4.11e-04	9.94e-01	6.09e-03
 2.79123e+23	4.14e-04	9.94e-01	5.95e-03
 2.82178e+23	4.17e-04	9.94e-01	5.81e-03
 2.85233e+23	4.20e-04	9.94e-01	5.68e-03
 2.88288e+23	4.23e-04	9.94e-01	5.55e-03
 2.91343e+23	4.26e-04	9.94e-01	5.44e-03
 2.94398e+23	4.28e-04	9.94e-01	5.34e-03
 2.97452e+23	4.31e-04	9.94e-01	5.24e-03
 3.00507e+23	4.33e-04	9.94e-01	5.15e-03
 3.03562e+23	4.35e-04	9.95e-01	5.06e-03
 3.05286e+23	4.38e-04	9.95e-01	5.00e-03
