#depth	O	O+	O+2	O+3	O+4	O+5	O+6	O+7	O+8	O[1]	O[2]	O[3]
 6.17135e+19	8.19e-29	3.52e-22	5.76e-17	7.13e-13	1.47e-09	9.10e-07	2.31e-03	1.04e-01	8.93e-01	0.00e+00	0.00e+00	0.00e+00
 1.87609e+20	2.61e-28	9.60e-22	1.36e-16	1.46e-12	2.60e-09	1.36e-06	2.99e-03	1.18e-01	8.79e-01	0.00e+00	0.00e+00	0.00e+00
 2.83882e+20	6.15e-28	2.01e-21	2.56e-16	2.49e-12	3.96e-09	1.84e-06	3.63e-03	1.29e-01	8.68e-01	0.00e+00	0.00e+00	0.00e+00
 3.32018e+20	9.29e-28	2.88e-21	3.48e-16	3.22e-12	4.86e-09	2.13e-06	3.98e-03	1.34e-01	8.62e-01	0.00e+00	0.00e+00	0.00e+00
 3.58443e+20	1.16e-27	3.48e-21	4.10e-16	3.71e-12	5.43e-09	2.31e-06	4.19e-03	1.37e-01	8.58e-01	0.00e+00	0.00e+00	0.00e+00
 3.82315e+20	1.42e-27	4.16e-21	4.77e-16	4.21e-12	6.01e-09	2.48e-06	4.38e-03	1.40e-01	8.55e-01	0.00e+00	0.00e+00	0.00e+00
 4.13349e+20	1.82e-27	5.14e-21	5.72e-16	4.91e-12	6.80e-09	2.71e-06	4.63e-03	1.44e-01	8.51e-01	0.00e+00	0.00e+00	0.00e+00
 4.53692e+20	2.50e-27	6.79e-21	7.27e-16	6.01e-12	7.98e-09	3.04e-06	4.99e-03	1.49e-01	8.46e-01	0.00e+00	0.00e+00	0.00e+00
 4.96675e+20	3.50e-27	9.07e-21	9.32e-16	7.42e-12	9.44e-09	3.43e-06	5.38e-03	1.54e-01	8.41e-01	0.00e+00	0.00e+00	0.00e+00
 5.34116e+20	4.64e-27	1.16e-20	1.15e-15	8.87e-12	1.09e-08	3.80e-06	5.75e-03	1.59e-01	8.36e-01	0.00e+00	0.00e+00	0.00e+00
 5.73817e+20	6.22e-27	1.50e-20	1.43e-15	1.07e-11	1.26e-08	4.23e-06	6.15e-03	1.63e-01	8.30e-01	0.00e+00	0.00e+00	0.00e+00
 6.18609e+20	8.59e-27	1.98e-20	1.82e-15	1.31e-11	1.49e-08	4.75e-06	6.62e-03	1.69e-01	8.24e-01	0.00e+00	0.00e+00	0.00e+00
 6.61101e+20	1.16e-26	2.56e-20	2.28e-15	1.58e-11	1.73e-08	5.30e-06	7.10e-03	1.74e-01	8.19e-01	0.00e+00	0.00e+00	0.00e+00
 7.01149e+20	1.52e-26	3.25e-20	2.80e-15	1.88e-11	1.99e-08	5.86e-06	7.56e-03	1.79e-01	8.13e-01	0.00e+00	0.00e+00	0.00e+00
 7.40593e+20	1.98e-26	4.08e-20	3.41e-15	2.23e-11	2.28e-08	6.46e-06	8.04e-03	1.84e-01	8.08e-01	0.00e+00	0.00e+00	0.00e+00
 7.79060e+20	2.54e-26	5.07e-20	4.11e-15	2.61e-11	2.59e-08	7.09e-06	8.52e-03	1.89e-01	8.03e-01	0.00e+00	0.00e+00	0.00e+00
 8.22596e+20	3.35e-26	6.45e-20	5.05e-15	3.12e-11	2.98e-08	7.85e-06	9.09e-03	1.94e-01	7.97e-01	0.00e+00	0.00e+00	0.00e+00
 8.69940e+20	4.49e-26	8.32e-20	6.30e-15	3.76e-11	3.47e-08	8.75e-06	9.74e-03	2.00e-01	7.90e-01	0.00e+00	0.00e+00	0.00e+00
 9.12434e+20	5.80e-26	1.04e-19	7.63e-15	4.43e-11	3.96e-08	9.63e-06	1.03e-02	2.06e-01	7.84e-01	0.00e+00	0.00e+00	0.00e+00
 9.57876e+20	7.57e-26	1.31e-19	9.33e-15	5.25e-11	4.55e-08	1.06e-05	1.10e-02	2.11e-01	7.78e-01	0.00e+00	0.00e+00	0.00e+00
 1.00848e+21	1.01e-25	1.69e-19	1.16e-14	6.33e-11	5.29e-08	1.19e-05	1.18e-02	2.17e-01	7.71e-01	0.00e+00	0.00e+00	0.00e+00
 1.05561e+21	1.32e-25	2.12e-19	1.42e-14	7.49e-11	6.06e-08	1.31e-05	1.25e-02	2.23e-01	7.64e-01	0.00e+00	0.00e+00	0.00e+00
 1.09994e+21	1.67e-25	2.62e-19	1.70e-14	8.75e-11	6.87e-08	1.43e-05	1.33e-02	2.29e-01	7.58e-01	0.00e+00	0.00e+00	0.00e+00
 1.15084e+21	2.19e-25	3.31e-19	2.08e-14	1.04e-10	7.91e-08	1.59e-05	1.42e-02	2.35e-01	7.51e-01	0.00e+00	0.00e+00	0.00e+00
 1.20784e+21	2.94e-25	4.27e-19	2.60e-14	1.26e-10	9.22e-08	1.78e-05	1.52e-02	2.42e-01	7.43e-01	0.00e+00	0.00e+00	0.00e+00
 1.25782e+21	3.78e-25	5.32e-19	3.14e-14	1.48e-10	1.05e-07	1.95e-05	1.61e-02	2.48e-01	7.36e-01	0.00e+00	0.00e+00	0.00e+00
 1.29965e+21	4.65e-25	6.37e-19	3.67e-14	1.69e-10	1.17e-07	2.11e-05	1.69e-02	2.53e-01	7.30e-01	0.00e+00	0.00e+00	0.00e+00
 1.34582e+21	5.80e-25	7.72e-19	4.34e-14	1.95e-10	1.32e-07	2.30e-05	1.78e-02	2.59e-01	7.24e-01	0.00e+00	0.00e+00	0.00e+00
 1.40584e+21	7.68e-25	9.87e-19	5.37e-14	2.34e-10	1.52e-07	2.56e-05	1.90e-02	2.66e-01	7.15e-01	0.00e+00	0.00e+00	0.00e+00
 1.46798e+21	1.02e-24	1.26e-18	6.65e-14	2.81e-10	1.77e-07	2.85e-05	2.04e-02	2.73e-01	7.07e-01	0.00e+00	0.00e+00	0.00e+00
 1.51968e+21	1.29e-24	1.55e-18	7.94e-14	3.27e-10	2.00e-07	3.12e-05	2.15e-02	2.79e-01	6.99e-01	0.00e+00	0.00e+00	0.00e+00
 1.57366e+21	1.62e-24	1.89e-18	9.45e-14	3.79e-10	2.26e-07	3.40e-05	2.27e-02	2.85e-01	6.92e-01	0.00e+00	0.00e+00	0.00e+00
 1.64383e+21	2.18e-24	2.45e-18	1.18e-13	4.59e-10	2.64e-07	3.81e-05	2.43e-02	2.93e-01	6.82e-01	0.00e+00	0.00e+00	0.00e+00
 1.71603e+21	2.93e-24	3.17e-18	1.48e-13	5.56e-10	3.08e-07	4.26e-05	2.61e-02	3.01e-01	6.73e-01	0.00e+00	0.00e+00	0.00e+00
 1.77542e+21	3.73e-24	3.91e-18	1.78e-13	6.49e-10	3.50e-07	4.67e-05	2.76e-02	3.08e-01	6.64e-01	0.00e+00	0.00e+00	0.00e+00
 1.83719e+21	4.72e-24	4.81e-18	2.12e-13	7.56e-10	3.96e-07	5.11e-05	2.92e-02	3.14e-01	6.56e-01	0.00e+00	0.00e+00	0.00e+00
 1.90536e+21	6.11e-24	6.03e-18	2.58e-13	8.94e-10	4.53e-07	5.64e-05	3.10e-02	3.22e-01	6.47e-01	0.00e+00	0.00e+00	0.00e+00
 1.96781e+21	7.71e-24	7.38e-18	3.08e-13	1.04e-09	5.11e-07	6.16e-05	3.27e-02	3.28e-01	6.39e-01	0.00e+00	0.00e+00	0.00e+00
 2.03498e+21	9.82e-24	9.11e-18	3.70e-13	1.21e-09	5.81e-07	6.75e-05	3.46e-02	3.35e-01	6.30e-01	0.00e+00	0.00e+00	0.00e+00
 2.10992e+21	1.28e-23	1.15e-17	4.52e-13	1.44e-09	6.67e-07	7.46e-05	3.67e-02	3.43e-01	6.20e-01	0.00e+00	0.00e+00	0.00e+00
 2.18027e+21	1.63e-23	1.42e-17	5.42e-13	1.68e-09	7.56e-07	8.18e-05	3.88e-02	3.50e-01	6.11e-01	0.00e+00	0.00e+00	0.00e+00
 2.25702e+21	2.11e-23	1.77e-17	6.59e-13	1.98e-09	8.64e-07	9.01e-05	4.12e-02	3.57e-01	6.02e-01	0.00e+00	0.00e+00	0.00e+00
 2.34249e+21	2.78e-23	2.26e-17	8.14e-13	2.37e-09	1.00e-06	1.00e-04	4.38e-02	3.65e-01	5.91e-01	0.00e+00	0.00e+00	0.00e+00
 2.42277e+21	3.59e-23	2.83e-17	9.87e-13	2.79e-09	1.14e-06	1.10e-04	4.64e-02	3.73e-01	5.81e-01	0.00e+00	0.00e+00	0.00e+00
 2.51060e+21	4.72e-23	3.58e-17	1.21e-12	3.33e-09	1.31e-06	1.22e-04	4.94e-02	3.81e-01	5.70e-01	0.00e+00	0.00e+00	0.00e+00
 2.60915e+21	6.35e-23	4.65e-17	1.52e-12	4.02e-09	1.53e-06	1.36e-04	5.27e-02	3.89e-01	5.58e-01	0.00e+00	0.00e+00	0.00e+00
 2.69682e+21	8.22e-23	5.82e-17	1.84e-12	4.74e-09	1.75e-06	1.50e-04	5.58e-02	3.97e-01	5.47e-01	0.00e+00	0.00e+00	0.00e+00
 2.77220e+21	1.02e-22	7.03e-17	2.17e-12	5.45e-09	1.96e-06	1.63e-04	5.85e-02	4.03e-01	5.39e-01	0.00e+00	0.00e+00	0.00e+00
 2.85643e+21	1.30e-22	8.66e-17	2.60e-12	6.34e-09	2.21e-06	1.78e-04	6.17e-02	4.10e-01	5.29e-01	0.00e+00	0.00e+00	0.00e+00
 2.96592e+21	1.74e-22	1.12e-16	3.25e-12	7.65e-09	2.57e-06	1.98e-04	6.57e-02	4.18e-01	5.16e-01	0.00e+00	0.00e+00	0.00e+00
 3.07690e+21	2.36e-22	1.46e-16	4.08e-12	9.28e-09	3.01e-06	2.21e-04	7.02e-02	4.26e-01	5.03e-01	0.00e+00	0.00e+00	0.00e+00
 3.16467e+21	2.97e-22	1.78e-16	4.85e-12	1.07e-08	3.38e-06	2.41e-04	7.37e-02	4.32e-01	4.94e-01	0.00e+00	0.00e+00	0.00e+00
 3.25365e+21	3.72e-22	2.17e-16	5.76e-12	1.24e-08	3.80e-06	2.62e-04	7.74e-02	4.39e-01	4.84e-01	0.00e+00	0.00e+00	0.00e+00
 3.36932e+21	4.96e-22	2.79e-16	7.14e-12	1.49e-08	4.39e-06	2.90e-04	8.22e-02	4.46e-01	4.71e-01	0.00e+00	0.00e+00	0.00e+00
 3.48973e+21	6.69e-22	3.62e-16	8.94e-12	1.80e-08	5.12e-06	3.24e-04	8.75e-02	4.54e-01	4.58e-01	0.00e+00	0.00e+00	0.00e+00
 3.58979e+21	8.49e-22	4.45e-16	1.07e-11	2.09e-08	5.78e-06	3.53e-04	9.19e-02	4.60e-01	4.48e-01	0.00e+00	0.00e+00	0.00e+00
 3.69336e+21	1.08e-21	5.50e-16	1.29e-11	2.44e-08	6.54e-06	3.86e-04	9.67e-02	4.66e-01	4.37e-01	0.00e+00	0.00e+00	0.00e+00
 3.82801e+21	1.47e-21	7.17e-16	1.61e-11	2.96e-08	7.62e-06	4.30e-04	1.03e-01	4.73e-01	4.24e-01	0.00e+00	0.00e+00	0.00e+00
 3.96623e+21	2.00e-21	9.39e-16	2.04e-11	3.60e-08	8.92e-06	4.81e-04	1.09e-01	4.80e-01	4.10e-01	0.00e+00	0.00e+00	0.00e+00
 4.07873e+21	2.56e-21	1.16e-15	2.46e-11	4.21e-08	1.01e-05	5.27e-04	1.15e-01	4.85e-01	3.99e-01	0.00e+00	0.00e+00	0.00e+00
 4.19462e+21	3.28e-21	1.44e-15	2.96e-11	4.93e-08	1.15e-05	5.76e-04	1.21e-01	4.91e-01	3.88e-01	0.00e+00	0.00e+00	0.00e+00
 4.34528e+21	4.48e-21	1.89e-15	3.74e-11	6.01e-08	1.34e-05	6.44e-04	1.29e-01	4.97e-01	3.74e-01	0.00e+00	0.00e+00	0.00e+00
 4.49014e+21	6.01e-21	2.45e-15	4.67e-11	7.24e-08	1.56e-05	7.16e-04	1.36e-01	5.02e-01	3.61e-01	0.00e+00	0.00e+00	0.00e+00
 4.59474e+21	7.39e-21	2.93e-15	5.45e-11	8.26e-08	1.74e-05	7.71e-04	1.42e-01	5.06e-01	3.52e-01	0.00e+00	0.00e+00	0.00e+00
 4.69801e+21	9.03e-21	3.49e-15	6.35e-11	9.38e-08	1.92e-05	8.29e-04	1.48e-01	5.09e-01	3.43e-01	0.00e+00	0.00e+00	0.00e+00
 4.83227e+21	1.16e-20	4.35e-15	7.68e-11	1.10e-07	2.19e-05	9.08e-04	1.55e-01	5.13e-01	3.31e-01	0.00e+00	0.00e+00	0.00e+00
 4.97636e+21	1.53e-20	5.51e-15	9.42e-11	1.31e-07	2.51e-05	1.00e-03	1.63e-01	5.17e-01	3.19e-01	0.00e+00	0.00e+00	0.00e+00
 5.10217e+21	1.92e-20	6.73e-15	1.12e-10	1.52e-07	2.83e-05	1.09e-03	1.71e-01	5.19e-01	3.09e-01	0.00e+00	0.00e+00	0.00e+00
 5.23463e+21	2.42e-20	8.24e-15	1.34e-10	1.76e-07	3.19e-05	1.18e-03	1.78e-01	5.22e-01	2.99e-01	0.00e+00	0.00e+00	0.00e+00
 5.40683e+21	3.26e-20	1.07e-14	1.68e-10	2.13e-07	3.72e-05	1.32e-03	1.89e-01	5.25e-01	2.85e-01	0.00e+00	0.00e+00	0.00e+00
 5.57935e+21	4.37e-20	1.38e-14	2.09e-10	2.57e-07	4.33e-05	1.47e-03	1.99e-01	5.27e-01	2.72e-01	0.00e+00	0.00e+00	0.00e+00
 5.71494e+21	5.46e-20	1.67e-14	2.48e-10	2.97e-07	4.86e-05	1.59e-03	2.08e-01	5.28e-01	2.63e-01	0.00e+00	0.00e+00	0.00e+00
 5.85383e+21	6.81e-20	2.03e-14	2.93e-10	3.43e-07	5.46e-05	1.73e-03	2.16e-01	5.29e-01	2.53e-01	0.00e+00	0.00e+00	0.00e+00
 6.03439e+21	9.01e-20	2.59e-14	3.63e-10	4.11e-07	6.33e-05	1.91e-03	2.28e-01	5.29e-01	2.41e-01	0.00e+00	0.00e+00	0.00e+00
 6.22415e+21	1.20e-19	3.33e-14	4.52e-10	4.96e-07	7.37e-05	2.13e-03	2.40e-01	5.29e-01	2.28e-01	0.00e+00	0.00e+00	0.00e+00
 6.38499e+21	1.52e-19	4.10e-14	5.42e-10	5.80e-07	8.35e-05	2.33e-03	2.51e-01	5.29e-01	2.18e-01	0.00e+00	0.00e+00	0.00e+00
 6.55320e+21	1.93e-19	5.04e-14	6.51e-10	6.78e-07	9.49e-05	2.54e-03	2.62e-01	5.27e-01	2.08e-01	0.00e+00	0.00e+00	0.00e+00
 6.77188e+21	2.59e-19	6.55e-14	8.20e-10	8.27e-07	1.12e-04	2.85e-03	2.76e-01	5.25e-01	1.96e-01	0.00e+00	0.00e+00	0.00e+00
 6.99274e+21	3.47e-19	8.46e-14	1.03e-09	1.01e-06	1.31e-04	3.19e-03	2.91e-01	5.22e-01	1.83e-01	0.00e+00	0.00e+00	0.00e+00
 7.16796e+21	4.34e-19	1.03e-13	1.22e-09	1.17e-06	1.49e-04	3.48e-03	3.03e-01	5.19e-01	1.74e-01	0.00e+00	0.00e+00	0.00e+00
 7.31821e+21	5.22e-19	1.21e-13	1.41e-09	1.33e-06	1.64e-04	3.74e-03	3.13e-01	5.16e-01	1.67e-01	0.00e+00	0.00e+00	0.00e+00
 7.48448e+21	6.36e-19	1.44e-13	1.65e-09	1.52e-06	1.84e-04	4.04e-03	3.24e-01	5.13e-01	1.59e-01	0.00e+00	0.00e+00	0.00e+00
 7.70062e+21	8.14e-19	1.79e-13	2.01e-09	1.80e-06	2.11e-04	4.46e-03	3.39e-01	5.07e-01	1.49e-01	0.00e+00	0.00e+00	0.00e+00
 7.92328e+21	1.04e-18	2.23e-13	2.44e-09	2.14e-06	2.44e-04	4.93e-03	3.54e-01	5.01e-01	1.39e-01	0.00e+00	0.00e+00	0.00e+00
 8.10649e+21	1.26e-18	2.65e-13	2.85e-09	2.45e-06	2.73e-04	5.34e-03	3.66e-01	4.96e-01	1.32e-01	0.00e+00	0.00e+00	0.00e+00
 8.29679e+21	1.53e-18	3.14e-13	3.33e-09	2.82e-06	3.06e-04	5.79e-03	3.79e-01	4.90e-01	1.25e-01	0.00e+00	0.00e+00	0.00e+00
 8.54417e+21	1.94e-18	3.89e-13	4.05e-09	3.35e-06	3.53e-04	6.40e-03	3.95e-01	4.82e-01	1.16e-01	0.00e+00	0.00e+00	0.00e+00
 8.79269e+21	2.45e-18	4.78e-13	4.89e-09	3.96e-06	4.06e-04	7.07e-03	4.11e-01	4.74e-01	1.07e-01	0.00e+00	0.00e+00	0.00e+00
 8.98785e+21	2.91e-18	5.58e-13	5.65e-09	4.50e-06	4.51e-04	7.62e-03	4.24e-01	4.67e-01	1.01e-01	0.00e+00	0.00e+00	0.00e+00
 9.18669e+21	3.45e-18	6.50e-13	6.49e-09	5.10e-06	5.01e-04	8.21e-03	4.36e-01	4.60e-01	9.53e-02	0.00e+00	0.00e+00	0.00e+00
 9.44519e+21	4.25e-18	7.85e-13	7.74e-09	5.97e-06	5.71e-04	9.01e-03	4.52e-01	4.50e-01	8.82e-02	0.00e+00	0.00e+00	0.00e+00
 9.71496e+21	5.24e-18	9.48e-13	9.23e-09	7.01e-06	6.51e-04	9.90e-03	4.68e-01	4.40e-01	8.14e-02	0.00e+00	0.00e+00	0.00e+00
 9.94154e+21	6.20e-18	1.10e-12	1.06e-08	7.98e-06	7.25e-04	1.07e-02	4.81e-01	4.31e-01	7.61e-02	0.00e+00	0.00e+00	0.00e+00
 1.01783e+22	7.33e-18	1.29e-12	1.23e-08	9.08e-06	8.07e-04	1.15e-02	4.94e-01	4.22e-01	7.10e-02	0.00e+00	0.00e+00	0.00e+00
 1.04860e+22	9.01e-18	1.55e-12	1.47e-08	1.07e-05	9.23e-04	1.27e-02	5.11e-01	4.11e-01	6.49e-02	0.00e+00	0.00e+00	0.00e+00
 1.08018e+22	1.10e-17	1.87e-12	1.75e-08	1.26e-05	1.05e-03	1.40e-02	5.27e-01	3.98e-01	5.92e-02	0.00e+00	0.00e+00	0.00e+00
 1.10606e+22	1.29e-17	2.17e-12	2.01e-08	1.43e-05	1.17e-03	1.50e-02	5.40e-01	3.88e-01	5.49e-02	0.00e+00	0.00e+00	0.00e+00
 1.13296e+22	1.51e-17	2.51e-12	2.31e-08	1.62e-05	1.30e-03	1.62e-02	5.53e-01	3.78e-01	5.09e-02	0.00e+00	0.00e+00	0.00e+00
 1.16106e+22	1.77e-17	2.90e-12	2.66e-08	1.85e-05	1.44e-03	1.75e-02	5.66e-01	3.68e-01	4.70e-02	0.00e+00	0.00e+00	0.00e+00
 1.18466e+22	2.01e-17	3.26e-12	2.98e-08	2.05e-05	1.57e-03	1.86e-02	5.77e-01	3.59e-01	4.39e-02	0.00e+00	0.00e+00	0.00e+00
 1.20930e+22	2.30e-17	3.69e-12	3.36e-08	2.28e-05	1.71e-03	1.98e-02	5.87e-01	3.50e-01	4.11e-02	2.30e-17	6.84e-23	7.06e-23
 1.24133e+22	2.70e-17	4.30e-12	3.88e-08	2.61e-05	1.90e-03	2.13e-02	6.00e-01	3.39e-01	3.77e-02	2.70e-17	8.01e-23	8.27e-23
 1.27425e+22	3.17e-17	5.00e-12	4.50e-08	2.99e-05	2.12e-03	2.30e-02	6.13e-01	3.28e-01	3.45e-02	3.17e-17	9.38e-23	9.68e-23
 1.30096e+22	3.60e-17	5.64e-12	5.05e-08	3.32e-05	2.30e-03	2.44e-02	6.22e-01	3.19e-01	3.21e-02	3.60e-17	1.06e-22	1.10e-22
 1.32830e+22	4.08e-17	6.34e-12	5.66e-08	3.69e-05	2.50e-03	2.59e-02	6.32e-01	3.10e-01	2.99e-02	4.08e-17	1.20e-22	1.24e-22
 1.36385e+22	4.77e-17	7.36e-12	6.53e-08	4.21e-05	2.77e-03	2.79e-02	6.43e-01	2.99e-01	2.73e-02	4.77e-17	1.40e-22	1.44e-22
 1.40040e+22	5.59e-17	8.54e-12	7.55e-08	4.81e-05	3.07e-03	3.00e-02	6.55e-01	2.87e-01	2.48e-02	5.59e-17	1.63e-22	1.68e-22
 1.43031e+22	6.33e-17	9.62e-12	8.48e-08	5.34e-05	3.33e-03	3.18e-02	6.63e-01	2.79e-01	2.30e-02	6.33e-17	1.84e-22	1.90e-22
 1.46123e+22	7.17e-17	1.08e-11	9.51e-08	5.94e-05	3.61e-03	3.37e-02	6.71e-01	2.70e-01	2.13e-02	7.17e-17	2.07e-22	2.14e-22
 1.50142e+22	8.38e-17	1.26e-11	1.10e-07	6.78e-05	4.00e-03	3.62e-02	6.82e-01	2.59e-01	1.93e-02	8.38e-17	2.42e-22	2.49e-22
 1.54296e+22	9.83e-17	1.47e-11	1.28e-07	7.76e-05	4.42e-03	3.89e-02	6.91e-01	2.48e-01	1.75e-02	9.83e-17	2.81e-22	2.91e-22
 1.57729e+22	1.12e-16	1.66e-11	1.44e-07	8.65e-05	4.79e-03	4.11e-02	6.99e-01	2.39e-01	1.61e-02	1.12e-16	3.18e-22	3.29e-22
 1.61298e+22	1.27e-16	1.88e-11	1.62e-07	9.64e-05	5.19e-03	4.35e-02	7.06e-01	2.31e-01	1.48e-02	1.27e-16	3.59e-22	3.72e-22
 1.65937e+22	1.49e-16	2.19e-11	1.89e-07	1.10e-04	5.74e-03	4.67e-02	7.14e-01	2.20e-01	1.34e-02	1.49e-16	4.19e-22	4.35e-22
 1.70758e+22	1.76e-16	2.57e-11	2.20e-07	1.27e-04	6.35e-03	5.02e-02	7.22e-01	2.10e-01	1.20e-02	1.76e-16	4.91e-22	5.11e-22
 1.74793e+22	2.01e-16	2.93e-11	2.50e-07	1.42e-04	6.89e-03	5.31e-02	7.28e-01	2.01e-01	1.09e-02	2.01e-16	5.58e-22	5.81e-22
 1.79017e+22	2.30e-16	3.35e-11	2.84e-07	1.59e-04	7.48e-03	5.62e-02	7.33e-01	1.93e-01	9.99e-03	2.30e-16	6.35e-22	6.63e-22
 1.84508e+22	2.73e-16	3.96e-11	3.34e-07	1.84e-04	8.28e-03	6.04e-02	7.39e-01	1.83e-01	8.89e-03	2.73e-16	7.47e-22	7.82e-22
 1.89654e+22	3.18e-16	4.62e-11	3.88e-07	2.10e-04	9.10e-03	6.45e-02	7.45e-01	1.74e-01	7.96e-03	3.18e-16	8.66e-22	9.08e-22
 1.93177e+22	3.55e-16	5.14e-11	4.29e-07	2.29e-04	9.67e-03	6.72e-02	7.48e-01	1.68e-01	7.41e-03	3.55e-16	9.65e-22	1.01e-21
 1.96581e+22	3.92e-16	5.67e-11	4.72e-07	2.49e-04	1.02e-02	6.99e-02	7.50e-01	1.62e-01	6.91e-03	3.92e-16	1.06e-21	1.11e-21
 2.01005e+22	4.45e-16	6.43e-11	5.32e-07	2.76e-04	1.10e-02	7.35e-02	7.53e-01	1.56e-01	6.33e-03	4.45e-16	1.20e-21	1.26e-21
 2.05986e+22	5.13e-16	7.40e-11	6.08e-07	3.10e-04	1.19e-02	7.77e-02	7.56e-01	1.48e-01	5.73e-03	5.13e-16	1.37e-21	1.44e-21
 2.10651e+22	5.80e-16	8.39e-11	6.87e-07	3.45e-04	1.28e-02	8.17e-02	7.58e-01	1.42e-01	5.22e-03	5.80e-16	1.54e-21	1.63e-21
 2.14951e+22	6.55e-16	9.46e-11	7.68e-07	3.79e-04	1.37e-02	8.53e-02	7.59e-01	1.36e-01	4.81e-03	6.55e-16	1.73e-21	1.83e-21
 2.19814e+22	7.45e-16	1.08e-10	8.68e-07	4.21e-04	1.47e-02	8.95e-02	7.61e-01	1.30e-01	4.39e-03	7.45e-16	1.96e-21	2.07e-21
 2.26136e+22	8.78e-16	1.27e-10	1.01e-06	4.80e-04	1.60e-02	9.50e-02	7.62e-01	1.23e-01	3.91e-03	8.78e-16	2.29e-21	2.43e-21
 2.32527e+22	1.04e-15	1.50e-10	1.18e-06	5.47e-04	1.75e-02	1.01e-01	7.62e-01	1.16e-01	3.48e-03	1.04e-15	2.69e-21	2.85e-21
 2.37601e+22	1.18e-15	1.70e-10	1.34e-06	6.05e-04	1.87e-02	1.05e-01	7.61e-01	1.11e-01	3.17e-03	1.18e-15	3.04e-21	3.23e-21
 2.42790e+22	1.34e-15	1.94e-10	1.51e-06	6.68e-04	1.99e-02	1.10e-01	7.61e-01	1.06e-01	2.90e-03	1.34e-15	3.43e-21	3.65e-21
 2.49535e+22	1.57e-15	2.29e-10	1.76e-06	7.57e-04	2.16e-02	1.16e-01	7.59e-01	9.98e-02	2.58e-03	1.57e-15	4.01e-21	4.27e-21
 2.56675e+22	1.87e-15	2.72e-10	2.06e-06	8.62e-04	2.35e-02	1.23e-01	7.57e-01	9.38e-02	2.28e-03	1.87e-15	4.74e-21	5.05e-21
 2.62828e+22	2.16e-15	3.16e-10	2.36e-06	9.62e-04	2.53e-02	1.29e-01	7.54e-01	8.89e-02	2.06e-03	2.16e-15	5.45e-21	5.82e-21
 2.69325e+22	2.52e-15	3.68e-10	2.71e-06	1.07e-03	2.71e-02	1.35e-01	7.51e-01	8.41e-02	1.85e-03	2.52e-15	6.29e-21	6.73e-21
 2.77772e+22	3.05e-15	4.46e-10	3.23e-06	1.23e-03	2.96e-02	1.43e-01	7.46e-01	7.84e-02	1.62e-03	3.05e-15	7.56e-21	8.10e-21
 2.86542e+22	3.72e-15	5.46e-10	3.87e-06	1.42e-03	3.24e-02	1.51e-01	7.41e-01	7.29e-02	1.41e-03	3.72e-15	9.16e-21	9.83e-21
 2.93885e+22	4.36e-15	6.43e-10	4.48e-06	1.60e-03	3.49e-02	1.58e-01	7.35e-01	6.85e-02	1.25e-03	4.36e-15	1.07e-20	1.15e-20
 3.01584e+22	5.18e-15	7.63e-10	5.20e-06	1.79e-03	3.75e-02	1.65e-01	7.30e-01	6.45e-02	1.12e-03	5.18e-15	1.26e-20	1.35e-20
 3.11593e+22	6.42e-15	9.47e-10	6.28e-06	2.07e-03	4.10e-02	1.75e-01	7.21e-01	5.96e-02	9.67e-04	6.42e-15	1.54e-20	1.66e-20
 3.22116e+22	8.05e-15	1.19e-09	7.65e-06	2.40e-03	4.49e-02	1.85e-01	7.12e-01	5.48e-02	8.30e-04	8.05e-15	1.92e-20	2.07e-20
 3.30126e+22	9.55e-15	1.41e-09	8.86e-06	2.68e-03	4.81e-02	1.93e-01	7.04e-01	5.15e-02	7.40e-04	9.55e-15	2.26e-20	2.45e-20
 3.36187e+22	1.08e-14	1.59e-09	9.87e-06	2.91e-03	5.05e-02	1.98e-01	6.98e-01	4.91e-02	6.79e-04	1.08e-14	2.55e-20	2.76e-20
 3.42896e+22	1.24e-14	1.83e-09	1.11e-05	3.17e-03	5.33e-02	2.05e-01	6.92e-01	4.67e-02	6.20e-04	1.24e-14	2.91e-20	3.15e-20
 3.51618e+22	1.48e-14	2.18e-09	1.29e-05	3.54e-03	5.69e-02	2.13e-01	6.83e-01	4.38e-02	5.52e-04	1.48e-14	3.45e-20	3.74e-20
 3.61477e+22	1.81e-14	2.65e-09	1.52e-05	3.99e-03	6.12e-02	2.22e-01	6.72e-01	4.07e-02	4.84e-04	1.81e-14	4.17e-20	4.53e-20
 3.70877e+22	2.18e-14	3.18e-09	1.77e-05	4.47e-03	6.55e-02	2.30e-01	6.62e-01	3.79e-02	4.28e-04	2.18e-14	5.00e-20	5.43e-20
 3.79398e+22	2.58e-14	3.74e-09	2.03e-05	4.93e-03	6.95e-02	2.38e-01	6.52e-01	3.57e-02	3.84e-04	2.58e-14	5.87e-20	6.39e-20
 3.88717e+22	3.08e-14	4.45e-09	2.34e-05	5.46e-03	7.39e-02	2.46e-01	6.41e-01	3.34e-02	3.42e-04	3.08e-14	6.96e-20	7.58e-20
 4.00831e+22	3.88e-14	5.55e-09	2.81e-05	6.22e-03	7.98e-02	2.55e-01	6.28e-01	3.07e-02	2.96e-04	3.88e-14	8.67e-20	9.45e-20
 4.13200e+22	4.89e-14	6.94e-09	3.37e-05	7.08e-03	8.62e-02	2.66e-01	6.13e-01	2.81e-02	2.54e-04	4.89e-14	1.08e-19	1.18e-19
 4.23128e+22	5.88e-14	8.27e-09	3.89e-05	7.83e-03	9.14e-02	2.74e-01	6.01e-01	2.62e-02	2.26e-04	5.88e-14	1.29e-19	1.41e-19
 4.33262e+22	7.06e-14	9.83e-09	4.48e-05	8.64e-03	9.68e-02	2.81e-01	5.88e-01	2.45e-02	2.01e-04	7.06e-14	1.54e-19	1.68e-19
 4.46437e+22	8.93e-14	1.22e-08	5.34e-05	9.77e-03	1.04e-01	2.91e-01	5.73e-01	2.24e-02	1.74e-04	8.93e-14	1.93e-19	2.11e-19
 4.60550e+22	1.14e-13	1.54e-08	6.44e-05	1.11e-02	1.12e-01	3.01e-01	5.55e-01	2.04e-02	1.48e-04	1.14e-13	2.44e-19	2.67e-19
 4.72817e+22	1.41e-13	1.88e-08	7.55e-05	1.24e-02	1.19e-01	3.09e-01	5.40e-01	1.88e-02	1.29e-04	1.41e-13	2.98e-19	3.28e-19
 4.85698e+22	1.75e-13	2.29e-08	8.84e-05	1.38e-02	1.27e-01	3.17e-01	5.25e-01	1.73e-02	1.13e-04	1.75e-13	3.66e-19	4.02e-19
 5.02444e+22	2.30e-13	2.93e-08	1.08e-04	1.58e-02	1.37e-01	3.26e-01	5.05e-01	1.55e-02	9.49e-05	2.30e-13	4.74e-19	5.22e-19
 5.19746e+22	3.04e-13	3.78e-08	1.32e-04	1.81e-02	1.48e-01	3.36e-01	4.84e-01	1.39e-02	7.90e-05	3.04e-13	6.20e-19	6.83e-19
 5.33891e+22	3.79e-13	4.63e-08	1.55e-04	2.01e-02	1.57e-01	3.43e-01	4.67e-01	1.27e-02	6.84e-05	3.79e-13	7.68e-19	8.47e-19
 5.48397e+22	4.73e-13	5.64e-08	1.81e-04	2.23e-02	1.66e-01	3.49e-01	4.51e-01	1.16e-02	5.93e-05	4.73e-13	9.46e-19	1.04e-18
 5.67254e+22	6.25e-13	7.21e-08	2.19e-04	2.53e-02	1.78e-01	3.56e-01	4.30e-01	1.03e-02	4.96e-05	6.25e-13	1.23e-18	1.36e-18
 5.87402e+22	8.39e-13	9.38e-08	2.69e-04	2.90e-02	1.91e-01	3.63e-01	4.07e-01	9.11e-03	4.07e-05	8.39e-13	1.63e-18	1.81e-18
 6.04842e+22	1.08e-12	1.17e-07	3.20e-04	3.24e-02	2.02e-01	3.68e-01	3.88e-01	8.18e-03	3.45e-05	1.08e-12	2.07e-18	2.29e-18
 6.23127e+22	1.38e-12	1.45e-07	3.79e-04	3.61e-02	2.14e-01	3.72e-01	3.70e-01	7.34e-03	2.93e-05	1.38e-12	2.62e-18	2.90e-18
 6.46748e+22	1.89e-12	1.90e-07	4.67e-04	4.12e-02	2.29e-01	3.76e-01	3.47e-01	6.41e-03	2.38e-05	1.89e-12	3.51e-18	3.89e-18
 6.69596e+22	2.56e-12	2.48e-07	5.74e-04	4.69e-02	2.45e-01	3.79e-01	3.24e-01	5.56e-03	1.92e-05	2.56e-12	4.70e-18	5.23e-18
 6.86162e+22	3.16e-12	2.97e-07	6.60e-04	5.12e-02	2.55e-01	3.80e-01	3.08e-01	5.04e-03	1.67e-05	3.16e-12	5.74e-18	6.39e-18
 7.02275e+22	3.86e-12	3.52e-07	7.53e-04	5.55e-02	2.65e-01	3.80e-01	2.94e-01	4.60e-03	1.45e-05	3.86e-12	6.92e-18	7.71e-18
 7.23221e+22	4.98e-12	4.37e-07	8.91e-04	6.15e-02	2.78e-01	3.79e-01	2.76e-01	4.07e-03	1.22e-05	4.98e-12	8.79e-18	9.79e-18
 7.46527e+22	6.57e-12	5.53e-07	1.07e-03	6.87e-02	2.93e-01	3.77e-01	2.57e-01	3.55e-03	1.00e-05	6.57e-12	1.14e-17	1.27e-17
 7.68379e+22	8.49e-12	6.87e-07	1.26e-03	7.59e-02	3.06e-01	3.75e-01	2.40e-01	3.13e-03	8.33e-06	8.49e-12	1.45e-17	1.62e-17
 7.88266e+22	1.06e-11	8.32e-07	1.46e-03	8.27e-02	3.17e-01	3.71e-01	2.25e-01	2.79e-03	7.08e-06	1.06e-11	1.80e-17	2.01e-17
 8.10120e+22	1.35e-11	1.02e-06	1.71e-03	9.06e-02	3.29e-01	3.67e-01	2.10e-01	2.47e-03	5.96e-06	1.35e-11	2.25e-17	2.52e-17
 8.38531e+22	1.83e-11	1.31e-06	2.08e-03	1.01e-01	3.43e-01	3.60e-01	1.91e-01	2.11e-03	4.78e-06	1.83e-11	2.97e-17	3.33e-17
 8.66815e+22	2.49e-11	1.70e-06	2.54e-03	1.13e-01	3.58e-01	3.51e-01	1.74e-01	1.79e-03	3.81e-06	2.49e-11	3.97e-17	4.46e-17
 8.88247e+22	3.13e-11	2.06e-06	2.94e-03	1.23e-01	3.68e-01	3.44e-01	1.61e-01	1.58e-03	3.21e-06	3.13e-11	4.93e-17	5.54e-17
 9.09420e+22	3.86e-11	2.45e-06	3.37e-03	1.32e-01	3.76e-01	3.37e-01	1.50e-01	1.41e-03	2.75e-06	3.86e-11	5.97e-17	6.72e-17
 9.36945e+22	5.06e-11	3.08e-06	4.02e-03	1.45e-01	3.87e-01	3.26e-01	1.37e-01	1.21e-03	2.24e-06	5.06e-11	7.68e-17	8.65e-17
 9.66295e+22	6.82e-11	3.95e-06	4.88e-03	1.61e-01	3.97e-01	3.14e-01	1.23e-01	1.03e-03	1.79e-06	6.82e-11	1.01e-16	1.15e-16
 9.91290e+22	8.78e-11	4.88e-06	5.76e-03	1.74e-01	4.04e-01	3.03e-01	1.12e-01	8.89e-04	1.48e-06	8.78e-11	1.28e-16	1.45e-16
 1.01364e+23	1.09e-10	5.85e-06	6.64e-03	1.87e-01	4.10e-01	2.93e-01	1.03e-01	7.86e-04	1.26e-06	1.09e-10	1.57e-16	1.77e-16
 1.03927e+23	1.39e-10	7.20e-06	7.81e-03	2.02e-01	4.15e-01	2.81e-01	9.35e-02	6.82e-04	1.04e-06	1.39e-10	1.97e-16	2.22e-16
 1.06688e+23	1.82e-10	9.03e-06	9.35e-03	2.20e-01	4.19e-01	2.67e-01	8.40e-02	5.83e-04	8.52e-07	1.82e-10	2.53e-16	2.86e-16
 1.09067e+23	2.29e-10	1.10e-05	1.09e-02	2.36e-01	4.21e-01	2.55e-01	7.64e-02	5.09e-04	7.16e-07	2.29e-10	3.14e-16	3.56e-16
 1.11139e+23	2.80e-10	1.30e-05	1.25e-02	2.50e-01	4.22e-01	2.45e-01	7.03e-02	4.52e-04	6.15e-07	2.80e-10	3.79e-16	4.29e-16
 1.13449e+23	3.48e-10	1.57e-05	1.46e-02	2.66e-01	4.21e-01	2.33e-01	6.41e-02	3.97e-04	5.23e-07	3.48e-10	4.62e-16	5.24e-16
 1.16040e+23	4.47e-10	1.95e-05	1.73e-02	2.86e-01	4.19e-01	2.19e-01	5.74e-02	3.42e-04	4.34e-07	4.47e-10	5.83e-16	6.62e-16
 1.18369e+23	5.62e-10	2.37e-05	2.04e-02	3.04e-01	4.16e-01	2.07e-01	5.19e-02	2.98e-04	3.66e-07	5.62e-10	7.23e-16	8.21e-16
 1.20331e+23	6.84e-10	2.81e-05	2.35e-02	3.21e-01	4.12e-01	1.96e-01	4.75e-02	2.65e-04	3.17e-07	6.84e-10	8.68e-16	9.87e-16
 1.22442e+23	8.37e-10	3.36e-05	2.73e-02	3.38e-01	4.06e-01	1.85e-01	4.32e-02	2.35e-04	2.73e-07	8.37e-10	1.05e-15	1.19e-15
 1.24758e+23	1.06e-09	4.12e-05	3.24e-02	3.58e-01	3.98e-01	1.72e-01	3.87e-02	2.03e-04	2.30e-07	1.06e-09	1.30e-15	1.48e-15
 1.26770e+23	1.31e-09	4.97e-05	3.80e-02	3.77e-01	3.89e-01	1.61e-01	3.49e-02	1.79e-04	1.97e-07	1.31e-09	1.59e-15	1.81e-15
 1.28438e+23	1.56e-09	5.81e-05	4.34e-02	3.92e-01	3.81e-01	1.51e-01	3.20e-02	1.60e-04	1.73e-07	1.56e-09	1.88e-15	2.14e-15
 1.30226e+23	1.87e-09	6.85e-05	5.01e-02	4.09e-01	3.70e-01	1.41e-01	2.90e-02	1.43e-04	1.52e-07	1.87e-09	2.22e-15	2.53e-15
 1.32213e+23	2.31e-09	8.30e-05	5.93e-02	4.27e-01	3.57e-01	1.30e-01	2.59e-02	1.25e-04	1.30e-07	2.31e-09	2.72e-15	3.09e-15
 1.33977e+23	2.83e-09	9.94e-05	6.95e-02	4.44e-01	3.43e-01	1.20e-01	2.32e-02	1.09e-04	0.00e+00	2.83e-09	3.28e-15	3.74e-15
 1.35439e+23	3.35e-09	1.16e-04	7.97e-02	4.58e-01	3.30e-01	1.11e-01	2.11e-02	9.76e-05	0.00e+00	3.35e-09	3.85e-15	4.39e-15
 1.36782e+23	3.91e-09	1.34e-04	9.05e-02	4.70e-01	3.17e-01	1.03e-01	1.92e-02	8.78e-05	0.00e+00	3.91e-09	4.46e-15	5.08e-15
 1.38319e+23	4.68e-09	1.58e-04	1.05e-01	4.83e-01	3.01e-01	9.41e-02	1.71e-02	7.70e-05	0.00e+00	4.68e-09	5.28e-15	6.01e-15
 1.39964e+23	5.70e-09	1.89e-04	1.24e-01	4.95e-01	2.81e-01	8.44e-02	1.50e-02	6.66e-05	0.00e+00	5.70e-09	6.36e-15	7.25e-15
 1.41339e+23	6.79e-09	2.22e-04	1.44e-01	5.04e-01	2.63e-01	7.59e-02	1.32e-02	5.79e-05	0.00e+00	6.79e-09	7.52e-15	8.57e-15
 1.42457e+23	7.84e-09	2.54e-04	1.62e-01	5.09e-01	2.47e-01	6.91e-02	1.19e-02	5.14e-05	0.00e+00	7.84e-09	8.62e-15	9.82e-15
 1.43653e+23	9.12e-09	2.92e-04	1.84e-01	5.13e-01	2.29e-01	6.20e-02	1.05e-02	4.48e-05	0.00e+00	9.12e-09	9.95e-15	1.13e-14
 1.44972e+23	1.08e-08	3.43e-04	2.14e-01	5.15e-01	2.08e-01	5.42e-02	8.96e-03	3.80e-05	0.00e+00	1.08e-08	1.17e-14	1.34e-14
 1.46132e+23	1.27e-08	3.95e-04	2.44e-01	5.12e-01	1.89e-01	4.75e-02	7.70e-03	3.23e-05	0.00e+00	1.27e-08	1.36e-14	1.55e-14
 1.47099e+23	1.44e-08	4.45e-04	2.72e-01	5.07e-01	1.72e-01	4.20e-02	6.72e-03	2.80e-05	0.00e+00	1.44e-08	1.53e-14	1.75e-14
 1.48133e+23	1.64e-08	5.02e-04	3.04e-01	4.99e-01	1.54e-01	3.66e-02	5.76e-03	2.38e-05	0.00e+00	1.64e-08	1.73e-14	1.97e-14
 1.49277e+23	1.90e-08	5.75e-04	3.43e-01	4.86e-01	1.34e-01	3.09e-02	4.76e-03	1.95e-05	0.00e+00	1.90e-08	1.99e-14	2.27e-14
 1.50294e+23	2.16e-08	6.48e-04	3.82e-01	4.70e-01	1.17e-01	2.62e-02	3.95e-03	1.60e-05	0.00e+00	2.16e-08	2.25e-14	2.57e-14
 1.51159e+23	2.41e-08	7.15e-04	4.17e-01	4.53e-01	1.03e-01	2.25e-02	3.33e-03	1.34e-05	0.00e+00	2.41e-08	2.50e-14	2.85e-14
 1.52095e+23	2.68e-08	7.87e-04	4.55e-01	4.34e-01	8.88e-02	1.90e-02	2.75e-03	1.10e-05	0.00e+00	2.68e-08	2.76e-14	3.15e-14
 1.53148e+23	3.02e-08	8.75e-04	4.99e-01	4.08e-01	7.43e-02	1.56e-02	2.19e-03	8.65e-06	0.00e+00	3.02e-08	3.08e-14	3.52e-14
 1.54123e+23	3.36e-08	9.59e-04	5.40e-01	3.82e-01	6.23e-02	1.28e-02	1.75e-03	6.84e-06	0.00e+00	3.36e-08	3.40e-14	3.90e-14
 1.54995e+23	3.67e-08	1.04e-03	5.75e-01	3.58e-01	5.29e-02	1.08e-02	1.43e-03	5.52e-06	0.00e+00	3.67e-08	3.70e-14	4.24e-14
 1.55963e+23	4.01e-08	1.12e-03	6.12e-01	3.32e-01	4.42e-02	8.91e-03	1.14e-03	4.36e-06	0.00e+00	4.01e-08	4.01e-14	4.60e-14
 1.57221e+23	4.47e-08	1.22e-03	6.56e-01	2.99e-01	3.51e-02	7.01e-03	8.58e-04	3.21e-06	0.00e+00	4.47e-08	4.42e-14	5.08e-14
 1.58475e+23	4.98e-08	1.33e-03	6.97e-01	2.68e-01	2.79e-02	5.55e-03	6.43e-04	2.35e-06	0.00e+00	4.98e-08	4.88e-14	5.61e-14
 1.59439e+23	5.37e-08	1.40e-03	7.25e-01	2.45e-01	2.36e-02	4.68e-03	5.20e-04	1.87e-06	0.00e+00	5.37e-08	5.22e-14	6.02e-14
 1.60405e+23	5.74e-08	1.47e-03	7.49e-01	2.25e-01	2.02e-02	4.00e-03	4.26e-04	1.51e-06	0.00e+00	5.74e-08	5.54e-14	6.39e-14
 1.61660e+23	6.22e-08	1.56e-03	7.76e-01	2.02e-01	1.68e-02	3.32e-03	3.35e-04	1.16e-06	0.00e+00	6.22e-08	5.94e-14	6.86e-14
 1.63037e+23	6.77e-08	1.65e-03	8.01e-01	1.80e-01	1.41e-02	2.75e-03	2.63e-04	8.82e-07	0.00e+00	6.77e-08	6.40e-14	7.40e-14
 1.64327e+23	7.29e-08	1.73e-03	8.21e-01	1.62e-01	1.21e-02	2.34e-03	2.13e-04	6.98e-07	0.00e+00	7.29e-08	6.82e-14	7.90e-14
 1.65512e+23	7.77e-08	1.80e-03	8.37e-01	1.48e-01	1.08e-02	2.05e-03	1.79e-04	5.72e-07	0.00e+00	7.77e-08	7.21e-14	8.36e-14
 1.66797e+23	8.25e-08	1.87e-03	8.51e-01	1.35e-01	9.66e-03	1.80e-03	1.51e-04	4.72e-07	0.00e+00	8.25e-08	7.58e-14	8.80e-14
 1.68421e+23	8.86e-08	1.95e-03	8.66e-01	1.22e-01	8.58e-03	1.55e-03	1.25e-04	3.79e-07	0.00e+00	8.86e-08	8.03e-14	9.33e-14
 1.70221e+23	9.55e-08	2.04e-03	8.80e-01	1.09e-01	7.68e-03	1.33e-03	1.03e-04	3.04e-07	0.00e+00	9.55e-08	8.54e-14	9.95e-14
 1.72027e+23	1.02e-07	2.12e-03	8.91e-01	9.86e-02	7.00e-03	1.17e-03	8.74e-05	2.49e-07	0.00e+00	1.02e-07	9.05e-14	1.05e-13
 1.73923e+23	1.10e-07	2.20e-03	9.01e-01	8.95e-02	6.45e-03	1.03e-03	7.50e-05	2.07e-07	0.00e+00	1.10e-07	9.55e-14	1.11e-13
 1.76027e+23	1.17e-07	2.28e-03	9.10e-01	8.11e-02	5.98e-03	9.04e-04	6.46e-05	1.73e-07	0.00e+00	1.17e-07	1.01e-13	1.17e-13
 1.78404e+23	1.26e-07	2.37e-03	9.18e-01	7.33e-02	5.57e-03	7.93e-04	5.58e-05	1.45e-07	0.00e+00	1.26e-07	1.06e-13	1.24e-13
 1.81048e+23	1.36e-07	2.46e-03	9.25e-01	6.62e-02	5.20e-03	6.95e-04	4.83e-05	0.00e+00	0.00e+00	1.36e-07	1.11e-13	1.30e-13
 1.83949e+23	1.46e-07	2.56e-03	9.32e-01	5.99e-02	4.89e-03	6.11e-04	4.22e-05	0.00e+00	0.00e+00	1.46e-07	1.16e-13	1.36e-13
 1.87188e+23	1.58e-07	2.65e-03	9.38e-01	5.42e-02	4.61e-03	5.36e-04	3.70e-05	0.00e+00	0.00e+00	1.58e-07	1.21e-13	1.42e-13
 1.90891e+23	1.71e-07	2.76e-03	9.44e-01	4.89e-02	4.35e-03	4.68e-04	3.25e-05	0.00e+00	0.00e+00	1.71e-07	1.26e-13	1.49e-13
 1.95150e+23	1.86e-07	2.87e-03	9.49e-01	4.40e-02	4.11e-03	4.08e-04	2.86e-05	0.00e+00	0.00e+00	1.86e-07	1.32e-13	1.56e-13
 2.00066e+23	2.03e-07	2.99e-03	9.53e-01	3.96e-02	3.89e-03	3.54e-04	2.52e-05	0.00e+00	0.00e+00	2.03e-07	1.38e-13	1.63e-13
 2.05842e+23	2.23e-07	3.12e-03	9.57e-01	3.55e-02	3.68e-03	3.06e-04	2.22e-05	0.00e+00	0.00e+00	2.23e-07	1.44e-13	1.71e-13
 2.12847e+23	2.47e-07	3.26e-03	9.61e-01	3.18e-02	3.48e-03	2.62e-04	1.96e-05	0.00e+00	0.00e+00	2.47e-07	1.50e-13	1.78e-13
 2.21110e+23	2.75e-07	3.41e-03	9.65e-01	2.84e-02	3.28e-03	2.24e-04	1.72e-05	0.00e+00	0.00e+00	2.75e-07	1.57e-13	1.86e-13
 2.29505e+23	3.08e-07	3.57e-03	9.67e-01	2.57e-02	3.10e-03	1.93e-04	1.52e-05	0.00e+00	0.00e+00	3.08e-07	1.66e-13	1.97e-13
 2.37103e+23	3.39e-07	3.71e-03	9.69e-01	2.37e-02	2.97e-03	1.71e-04	1.38e-05	0.00e+00	0.00e+00	3.39e-07	1.73e-13	2.06e-13
 2.43941e+23	3.67e-07	3.82e-03	9.71e-01	2.22e-02	2.86e-03	1.55e-04	1.28e-05	0.00e+00	0.00e+00	3.67e-07	1.80e-13	2.14e-13
 2.50095e+23	3.93e-07	3.92e-03	9.72e-01	2.11e-02	2.78e-03	1.43e-04	1.20e-05	0.00e+00	0.00e+00	3.93e-07	1.85e-13	2.20e-13
 2.55633e+23	4.15e-07	3.99e-03	9.73e-01	2.02e-02	2.72e-03	1.34e-04	1.14e-05	0.00e+00	0.00e+00	4.15e-07	1.88e-13	2.24e-13
 2.60618e+23	4.37e-07	4.07e-03	9.74e-01	1.95e-02	2.66e-03	1.27e-04	1.09e-05	0.00e+00	0.00e+00	4.37e-07	1.92e-13	2.29e-13
 2.65105e+23	4.55e-07	4.12e-03	9.74e-01	1.89e-02	2.62e-03	1.21e-04	1.05e-05	0.00e+00	0.00e+00	4.55e-07	1.95e-13	2.32e-13
 2.69142e+23	4.70e-07	4.17e-03	9.75e-01	1.85e-02	2.59e-03	1.17e-04	1.02e-05	0.00e+00	0.00e+00	4.70e-07	1.96e-13	2.34e-13
 2.72776e+23	4.85e-07	4.21e-03	9.75e-01	1.81e-02	2.56e-03	1.13e-04	1.00e-05	0.00e+00	0.00e+00	4.85e-07	1.98e-13	2.35e-13
 2.76047e+23	4.97e-07	4.24e-03	9.75e-01	1.78e-02	2.53e-03	1.10e-04	9.81e-06	0.00e+00	0.00e+00	4.97e-07	1.99e-13	2.37e-13
 2.79123e+23	5.09e-07	4.27e-03	9.76e-01	1.75e-02	2.51e-03	1.07e-04	9.64e-06	0.00e+00	0.00e+00	5.09e-07	1.99e-13	2.37e-13
 2.82178e+23	5.20e-07	4.30e-03	9.76e-01	1.72e-02	2.49e-03	1.05e-04	9.47e-06	0.00e+00	0.00e+00	5.20e-07	2.00e-13	2.38e-13
 2.85233e+23	5.31e-07	4.32e-03	9.76e-01	1.70e-02	2.47e-03	1.02e-04	9.33e-06	0.00e+00	0.00e+00	5.31e-07	2.00e-13	2.38e-13
 2.88288e+23	5.42e-07	4.35e-03	9.76e-01	1.67e-02	2.46e-03	1.00e-04	9.19e-06	0.00e+00	0.00e+00	5.42e-07	2.00e-13	2.39e-13
 2.91343e+23	5.53e-07	4.37e-03	9.77e-01	1.65e-02	2.44e-03	9.82e-05	9.07e-06	0.00e+00	0.00e+00	5.53e-07	2.00e-13	2.38e-13
 2.94398e+23	5.62e-07	4.39e-03	9.77e-01	1.63e-02	2.43e-03	9.64e-05	8.96e-06	0.00e+00	0.00e+00	5.62e-07	2.00e-13	2.38e-13
 2.97452e+23	5.72e-07	4.41e-03	9.77e-01	1.61e-02	2.42e-03	9.47e-05	8.86e-06	0.00e+00	0.00e+00	5.72e-07	1.99e-13	2.37e-13
 3.00507e+23	5.82e-07	4.43e-03	9.77e-01	1.59e-02	2.40e-03	9.31e-05	8.77e-06	0.00e+00	0.00e+00	5.82e-07	1.99e-13	2.37e-13
 3.03562e+23	5.91e-07	4.44e-03	9.77e-01	1.58e-02	2.39e-03	9.16e-05	8.68e-06	0.00e+00	0.00e+00	5.91e-07	1.98e-13	2.36e-13
 3.05286e+23	6.05e-07	4.48e-03	9.77e-01	1.56e-02	2.38e-03	9.00e-05	8.56e-06	0.00e+00	0.00e+00	6.05e-07	2.02e-13	2.41e-13
