   0.0000000E+00   3.5361904E+10   1.7745120E+10   5.3089699E+10   1.1565529E-06   2.2778648E-06   3.0457775E-08
   1.4492754E-02   2.1795538E+07   1.0750768E+07   3.2546306E+07   7.9236078E-04   3.7086880E-03   1.0418134E-03
   2.8985507E-02   2.1110165E+07   1.0457145E+07   3.1567310E+07   1.9611506E-03   9.0301222E-04   1.4213995E-03
   4.3478261E-02   1.9515003E+07   9.7043337E+06   2.9219084E+07   2.7115238E-04   3.6972909E-03   1.1941956E-03
   5.7971014E-02   1.6550674E+07   8.2958907E+06   2.4846754E+07   9.1174565E-04   7.4584105E-04   7.7864526E-04
   7.2463768E-02   1.3223869E+07   6.5356304E+06   1.9759196E+07   1.6448408E-03   2.1253325E-03   1.7914122E-03
   8.6956522E-02   1.0179182E+07   5.0835291E+06   1.5262585E+07   1.8106012E-03   8.3320527E-04   1.4688098E-03
   1.0144928E-01   7.8083683E+06   3.8616426E+06   1.1669903E+07   1.5590365E-03   1.7211256E-03   1.5447614E-03
   1.1594203E-01   5.9909504E+06   2.9690018E+06   8.9599521E+06   1.3013898E-03   2.1503348E-03   1.5798059E-03
   1.3043478E-01   4.5794237E+06   2.2640330E+06   6.8435410E+06   2.4914636E-03   1.3287070E-03   2.0217546E-03
   1.4492754E-01   3.4723284E+06   1.7425671E+06   5.2148196E+06   2.8447461E-03   2.0326877E-03   2.5689875E-03
   1.5942029E-01   2.5983480E+06   1.2990362E+06   3.8973842E+06   5.4509003E-03   4.3538863E-03   5.0392290E-03
   1.7391304E-01   1.9097490E+06   9.4502393E+05   2.8547730E+06   4.9465502E-03   4.8800376E-03   4.8087430E-03
   1.8840580E-01   1.3751172E+06   6.8138014E+05   2.0564974E+06   4.2593281E-03   6.6077052E-03   4.9368491E-03
   2.0289855E-01   1.0080063E+06   5.0546449E+05   1.5134708E+06   5.7079956E-03   8.6868088E-03   6.7020249E-03
   2.1739130E-01   7.6672849E+05   3.6997756E+05   1.1367061E+06   2.3401478E-03   2.0306473E-03   2.1749350E-03
   2.3188406E-01   5.9112933E+05   2.9021315E+05   8.8134248E+05   8.3219730E-03   6.9885646E-03   7.7786670E-03
   2.4637681E-01   4.4835725E+05   2.2246258E+05   6.7081983E+05   6.8980704E-03   7.1792761E-03   6.9574687E-03
   2.6086957E-01   3.4157086E+05   1.6897528E+05   5.1054614E+05   1.0303663E-02   8.1326935E-03   9.3367880E-03
   2.7536232E-01   2.5451976E+05   1.2414917E+05   3.7866894E+05   4.9515433E-03   5.7557326E-03   5.1308179E-03
   2.8985507E-01   1.7787869E+05   8.4563414E+04   2.6244210E+05   7.0017142E-03   1.0054729E-02   7.9810900E-03
   3.0434783E-01   1.0485632E+05   5.4412710E+04   1.5926903E+05   4.4235451E-03   1.2155796E-02   7.0560220E-03
   3.1884058E-01   5.2180503E+04   2.5900818E+04   7.8081321E+04   1.0066641E-02   9.2245808E-03   9.7202369E-03
   3.3333333E-01   1.2486183E+04   6.5560696E+03   1.9042252E+04   2.5172608E-02   1.7689424E-02   1.8282331E-02
   3.4782609E-01   1.5786181E+03   6.6301960E+02   2.2416377E+03   4.0716011E-02   9.1628039E-02   5.4188853E-02
   3.6231884E-01   1.3336166E+03   5.4557041E+02   1.8791870E+03   1.0412708E-01   8.9478761E-02   9.4944785E-02
   3.7681159E-01   1.2240362E+03   5.2458694E+02   1.7486231E+03   1.0657187E-01   1.1572730E-01   1.0775226E-01
   3.9130435E-01   1.1506372E+03   3.9290050E+02   1.5435377E+03   5.2112716E-02   6.4327685E-02   5.4957796E-02
   4.0579710E-01   8.3892276E+02   4.8711644E+02   1.3260392E+03   1.0488105E-01   1.1370299E-01   1.0811257E-01
   4.2028986E-01   7.3160783E+02   4.7031932E+02   1.2019272E+03   9.4143733E-02   5.6421906E-02   7.9380800E-02
   4.3478261E-01   5.8093146E+02   4.0412623E+02   9.8505769E+02   1.3348533E-01   9.1621927E-02   1.1144441E-01
   4.4927536E-01   9.7772475E+02   3.1776054E+02   1.2954853E+03   1.2662312E-01   1.2871523E-01   1.2712280E-01
   4.6376812E-01   8.5245377E+02   6.6301960E+02   1.5154734E+03   1.5845394E-01   1.0648555E-01   1.3557951E-01
   4.7826087E-01   9.4143043E+02   2.7554061E+02   1.2169710E+03   1.3221657E-01   1.5494379E-01   1.3626424E-01
   4.9275362E-01   8.2459580E+02   3.7886834E+02   1.2034641E+03   1.1187976E-01   1.9491504E-01   1.3802015E-01
   5.0724638E-01   7.1443744E+02   3.4639391E+02   1.0608314E+03   1.7302887E-01   2.0251372E-01   1.8255577E-01
   5.2173913E-01   8.6297789E+02   2.1048241E+02   1.0734603E+03   1.4262190E-01   1.9955441E-01   1.5356428E-01
   5.3623188E-01   9.8300975E+02   3.0719055E+02   1.2902003E+03   1.4942092E-01   1.5730571E-01   1.5119393E-01
   5.5072464E-01   8.1755800E+02   3.1904702E+02   1.1366050E+03   1.7518179E-01   1.2387721E-01   1.6070384E-01
   5.6521739E-01   7.1887839E+02   3.6915377E+02   1.0880322E+03   1.8305399E-01   1.9992328E-01   1.8862243E-01
   5.7971014E-01   6.4407618E+02   2.6520784E+02   9.0928402E+02   1.7924457E-01   1.1996923E-01   1.6195590E-01
   5.9420290E-01   7.3925530E+02   3.5114627E+02   1.0904016E+03   1.2471628E-01   1.5269322E-01   1.3370315E-01
   6.0869565E-01   5.9536454E+02   3.0670294E+02   9.0206748E+02   1.7383071E-01   1.4445674E-01   1.6372579E-01
   6.2318841E-01   6.1676242E+02   2.8194853E+02   8.9871095E+02   1.6629339E-01   1.6109550E-01   1.6465480E-01
   6.3768116E-01   6.5440895E+02   3.7886834E+02   1.0332773E+03   1.7625387E-01   1.5452185E-01   1.6828529E-01
   6.5217391E-01   6.2302794E+02   3.3677186E+02   9.5979980E+02   1.7715155E-01   1.6772327E-01   1.7383635E-01
   6.6666667E-01   5.4359371E+02   3.1297820E+02   8.5657190E+02   2.2039556E-01   1.6145520E-01   1.9851310E-01
   6.8115942E-01   4.6753966E+02   3.2244114E+02   7.8998080E+02   1.7853156E-01   2.4756526E-01   2.0670852E-01
   6.9565217E-01   5.0515779E+02   3.4729598E+02   8.5245377E+02   2.3087506E-01   7.9338045E-02   1.6913769E-01
   7.1014493E-01   3.4020831E+02   3.2474429E+02   6.6495260E+02   2.1700831E-01   2.0832112E-01   2.1275922E-01
   7.2463768E-01   5.4557041E+02   3.1824941E+02   8.6381982E+02   1.9488602E-01   2.2261896E-01   2.0506589E-01
   7.3913043E-01   4.1601230E+02   1.4857582E+02   5.6458812E+02   1.9927398E-01   2.3746426E-01   2.0932405E-01
   7.5362319E-01   4.9544322E+02   2.4772161E+02   7.4316482E+02   2.4143812E-01   2.2286931E-01   2.3524700E-01
   7.6811594E-01   4.0031372E+02   2.1445378E+02   6.1476750E+02   1.8670233E-01   2.2750955E-01   2.0093741E-01
   7.8260870E-01   4.2096482E+02   2.1048241E+02   6.3144724E+02   2.4349639E-01   2.6137206E-01   2.4945473E-01
   7.9710145E-01   3.8575686E+02   1.7910140E+02   5.6485826E+02   2.2246551E-01   2.3008217E-01   2.2488055E-01
   8.1159420E-01   2.9768227E+02   2.1649620E+02   5.1417846E+02   1.9733083E-01   2.5309640E-01   2.2081107E-01
   8.2608696E-01   2.9245977E+02   6.6468130E+01   3.5892790E+02   2.1491922E-01   3.2928901E-01   2.3609875E-01
   8.4057971E-01   2.4822409E+02   1.3064426E+02   3.7886834E+02   1.7773465E-01   2.3669319E-01   1.9806445E-01
   8.5507246E-01   2.4401690E+02   1.1558695E+02   3.5960385E+02   2.7302647E-01   1.6938432E-01   2.3971292E-01
   8.6956522E-01   2.3994995E+02   1.0103156E+02   3.4098151E+02   3.0597002E-01   2.4654292E-01   2.8833702E-01
   8.8405797E-01   3.1054782E+02   9.9375303E+01   4.0992312E+02   2.5366718E-01   2.9201247E-01   2.6296225E-01
   8.9855072E-01   1.9554495E+02   1.0999403E+02   3.0553899E+02   2.7134176E-01   2.1930702E-01   2.5260925E-01
   9.1304348E-01   1.6838593E+02   1.0824810E+02   2.7663403E+02   1.6829283E-01   2.2556844E-01   1.9070502E-01
   9.2753623E-01   1.4207563E+02   9.4717086E+01   2.3679271E+02   1.3392751E-01   2.4442523E-01   1.7812660E-01
   9.4202899E-01   2.2149226E+02   8.1602412E+01   3.0309467E+02   2.6104643E-01   3.4259477E-01   2.8300175E-01
   9.5652174E-01   1.6073202E+02   1.0332773E+02   2.6405975E+02   2.6364038E-01   3.2302178E-01   2.8687658E-01
   9.7101449E-01   1.0178552E+02   7.9166519E+01   1.8095204E+02   9.0778394E-02   3.5819877E-01   2.0777481E-01
   9.8550725E-01   3.3429560E+01   2.2286373E+01   5.5715933E+01   2.7649804E-01   2.1877111E-06   1.6589970E-01
   1.0000000E+00   2.1884092E+01   0.0000000E+00   2.1884092E+01   4.2858765E-01   0.0000000E+00   4.2858765E-01
