   0.0000000E+00   3.7217547E+10   1.8665158E+10   5.5850692E+10   1.4179884E-06   6.0632987E-06   1.9842892E-06
   1.4492754E-02   2.7174711E+07   1.3608951E+07   4.0783662E+07   1.5851006E-02   1.6906230E-02   1.6193707E-02
   2.8985507E-02   2.1582993E+07   1.0735992E+07   3.2318985E+07   1.7051838E-02   1.6202709E-02   1.6766709E-02
   4.3478261E-02   1.2471841E+07   6.2788587E+06   1.8750699E+07   3.6929170E-03   2.6418314E-03   3.3333847E-03
   5.7971014E-02   7.1240509E+06   3.5354099E+06   1.0659461E+07   3.1351567E-03   1.6251471E-03   2.6094692E-03
   7.2463768E-02   4.8179929E+06   2.4091480E+06   7.2271409E+06   7.3020672E-04   1.3032360E-03   9.2088906E-04
   8.6956522E-02   3.6666878E+06   1.8048025E+06   5.4714903E+06   3.0776617E-03   1.2742374E-03   1.9796267E-03
   1.0144928E-01   3.0150343E+06   1.4569111E+06   4.4719454E+06   3.6055214E-03   5.1709488E-03   4.1154872E-03
   1.1594203E-01   2.5222213E+06   1.2202402E+06   3.7423668E+06   5.2326340E-03   6.1883162E-03   5.5170342E-03
   1.3043478E-01   2.1337023E+06   1.0574636E+06   3.1911659E+06   3.7950330E-03   6.3238454E-03   4.6224157E-03
   1.4492754E-01   1.8357687E+06   9.0337367E+05   2.7391423E+06   1.0047815E-02   7.1682899E-03   9.0756596E-03
   1.5942029E-01   1.5599043E+06   7.7185814E+05   2.3317624E+06   9.1871493E-03   8.3481970E-03   8.8875608E-03
   1.7391304E-01   1.3026756E+06   6.4893833E+05   1.9516140E+06   1.1357717E-02   1.2577296E-02   1.1719237E-02
   1.8840580E-01   1.1102008E+06   5.4527898E+05   1.6554798E+06   1.1732132E-02   7.2425643E-03   1.0250620E-02
   2.0289855E-01   9.6357044E+05   4.7017561E+05   1.4337461E+06   1.0260253E-02   6.1522000E-03   8.9101382E-03
   2.1739130E-01   8.3073198E+05   3.9745815E+05   1.2281901E+06   9.2487798E-03   1.2503997E-02   1.0209513E-02
   2.3188406E-01   7.1014135E+05   3.4893774E+05   1.0590791E+06   7.8992285E-03   9.7503517E-03   8.4879983E-03
   2.4637681E-01   6.0520875E+05   2.9886026E+05   9.0406901E+05   9.8767354E-03   8.8510425E-03   9.4948963E-03
   2.6086957E-01   5.1585030E+05   2.5535726E+05   7.7120756E+05   5.8859331E-03   6.9570856E-03   6.0660861E-03
   2.7536232E-01   4.2118195E+05   2.0147820E+05   6.2266015E+05   1.0521387E-02   7.3711028E-03   9.1378646E-03
   2.8985507E-01   3.2525847E+05   1.5673783E+05   4.8199630E+05   1.0465568E-02   9.0270204E-03   9.7214942E-03
   3.0434783E-01   2.2187252E+05   1.0904192E+05   3.3091443E+05   1.1085180E-02   1.2929229E-02   1.1679706E-02
   3.1884058E-01   1.1314386E+05   5.7071349E+04   1.7021521E+05   2.0269501E-02   1.2097701E-02   1.7506233E-02
   3.3333333E-01   2.9617621E+04   1.5550075E+04   4.5167695E+04   7.0669051E-02   6.3612098E-02   6.8176184E-02
   3.4782609E-01   1.6291339E+04   7.8615181E+03   2.4152857E+04   1.6311494E-01   1.4919915E-01   1.5854411E-01
   3.6231884E-01   1.7033921E+04   8.2744846E+03   2.5308405E+04   1.7341351E-01   1.7551257E-01   1.7409068E-01
   3.7681159E-01   1.7194794E+04   9.7048583E+03   2.6899652E+04   1.9120475E-01   1.8647788E-01   1.8949693E-01
   3.9130435E-01   1.7343751E+04   8.8402613E+03   2.6184012E+04   2.0789373E-01   1.9114010E-01   2.0223582E-01
   4.0579710E-01   1.4180501E+04   6.6301960E+03   2.0810697E+04   2.0236135E-01   2.0155811E-01   2.0210505E-01
   4.2028986E-01   1.2672493E+04   6.0357646E+03   1.8708257E+04   2.0733972E-01   2.0656643E-01   2.0708963E-01
   4.3478261E-01   1.0330477E+04   4.5464201E+03   1.4876897E+04   2.1634545E-01   1.9817375E-01   2.1079191E-01
   4.4927536E-01   9.4594870E+03   4.0086715E+03   1.3468158E+04   2.0245637E-01   2.0394303E-01   2.0289854E-01
   4.6376812E-01   7.2695363E+03   3.7413249E+03   1.1010861E+04   2.2540149E-01   2.2365723E-01   2.2480850E-01
   4.7826087E-01   5.7174677E+03   2.8931764E+03   8.6106441E+03   2.1877968E-01   2.1280618E-01   2.1677229E-01
   4.9275362E-01   5.7498842E+03   2.4515010E+03   8.2013853E+03   2.2495625E-01   1.8118416E-01   2.1187218E-01
   5.0724638E-01   4.2649751E+03   2.2732101E+03   6.5381851E+03   1.9877933E-01   2.0572262E-01   2.0119253E-01
   5.2173913E-01   4.6095648E+03   1.9364382E+03   6.5460030E+03   2.1702744E-01   2.3038228E-01   2.2097786E-01
   5.3623188E-01   3.9115596E+03   1.5564321E+03   5.4679917E+03   2.0197670E-01   2.2046491E-01   2.0723561E-01
   5.5072464E-01   2.8315423E+03   1.5752947E+03   4.4068370E+03   2.2410298E-01   2.3422110E-01   2.2771518E-01
   5.6521739E-01   3.0309467E+03   1.3600402E+03   4.3909869E+03   2.0771836E-01   2.0219346E-01   2.0600700E-01
   5.7971014E-01   2.3300403E+03   1.0418879E+03   3.3719282E+03   2.1226298E-01   2.3604126E-01   2.1961020E-01
   5.9420290E-01   2.1808031E+03   7.3925530E+02   2.9200584E+03   1.9856530E-01   1.9166447E-01   1.9681783E-01
   6.0869565E-01   2.0386725E+03   1.0644396E+03   3.1031121E+03   1.8692948E-01   2.2794068E-01   2.0099678E-01
   6.2318841E-01   1.6740694E+03   9.1633273E+02   2.5904022E+03   1.8616371E-01   1.8644243E-01   1.8626183E-01
   6.3768116E-01   1.1710476E+03   6.1996638E+02   1.7910140E+03   1.8344935E-01   1.6521012E-01   1.7713539E-01
   6.5217391E-01   1.4312804E+03   5.2199638E+02   1.9532768E+03   2.1928130E-01   2.3275388E-01   2.2288173E-01
   6.6666667E-01   1.1695501E+03   6.0948385E+02   1.7790340E+03   1.8748862E-01   1.8480733E-01   1.8657003E-01
   6.8115942E-01   9.0283520E+02   7.0937051E+02   1.6122057E+03   1.9377461E-01   1.9883688E-01   1.9600201E-01
   6.9565217E-01   1.1839636E+03   4.7358543E+02   1.6575490E+03   1.6777735E-01   2.2003422E-01   1.8270746E-01
   7.1014493E-01   8.0412873E+02   4.4845640E+02   1.2525851E+03   2.1239229E-01   2.6597562E-01   2.3157645E-01
   7.2463768E-01   8.3351035E+02   4.2433254E+02   1.2578429E+03   1.6494739E-01   1.6886477E-01   1.6626892E-01
   7.3913043E-01   8.4688218E+02   2.8229406E+02   1.1291762E+03   2.2188869E-01   2.4722540E-01   2.2822287E-01
   7.5362319E-01   9.1802714E+02   4.0801206E+02   1.3260392E+03   1.6735904E-01   2.2897107E-01   1.8631659E-01
   7.6811594E-01   8.0062744E+02   3.0023529E+02   1.1008627E+03   2.0206628E-01   1.6006084E-01   1.9060930E-01
   7.8260870E-01   7.4370452E+02   2.9467538E+02   1.0383799E+03   1.6089018E-01   1.4018288E-01   1.5501378E-01
   7.9710145E-01   5.6485826E+02   2.8931764E+02   8.5417590E+02   1.3828522E-01   1.8048070E-01   1.5257724E-01
   8.1159420E-01   6.4948859E+02   2.0296518E+02   8.5245377E+02   1.7759692E-01   1.7383096E-01   1.7670026E-01
   8.2608696E-01   5.7162592E+02   2.6587252E+02   8.3749844E+02   1.3674907E-01   2.2246904E-01   1.6396176E-01
   8.4057971E-01   3.1354621E+02   2.7435294E+02   5.8789915E+02   2.0565942E-01   1.9403865E-01   2.0023639E-01
   8.5507246E-01   5.1371979E+02   1.6695893E+02   6.8067872E+02   1.5608364E-01   6.0048142E-02   1.3252776E-01
   8.6956522E-01   4.5464201E+02   1.3891839E+02   5.9356040E+02   2.5180371E-01   2.7707060E-01   2.5771723E-01
   8.8405797E-01   4.2234504E+02   1.9875061E+02   6.2109564E+02   1.5332331E-01   1.2364402E-01   1.4382594E-01
   8.9855072E-01   2.6887431E+02   1.3443715E+02   4.0331146E+02   1.3670415E-01   2.5460957E-01   1.7600595E-01
   9.1304348E-01   2.5257889E+02   8.4192965E+01   3.3677186E+02   1.6646912E-01   2.3362691E-01   1.8325857E-01
   9.2753623E-01   2.7231162E+02   1.0655672E+02   3.7886834E+02   1.7417975E-01   8.2546993E-02   1.4840804E-01
   9.4202899E-01   1.9817729E+02   1.2823236E+02   3.2640965E+02   1.4500699E-01   1.4620694E-01   1.4547840E-01
   9.5652174E-01   1.4925117E+02   3.4442577E+01   1.8369374E+02   2.1707516E-01   1.4214317E-01   2.0302541E-01
   9.7101449E-01   1.3571403E+02   5.6547514E+01   1.9226155E+02   2.0817753E-01   1.6752823E-01   1.9622185E-01
   9.8550725E-01   6.6859119E+01   4.4572746E+01   1.1143187E+02   2.1240285E-01   2.1174704E-01   2.1214053E-01
   1.0000000E+00   4.3768184E+01   2.1884092E+01   6.5652276E+01   9.5071053E-06   3.7777732E-06   5.3104271E-06
