   0.0000000E+00   3.8228125E+10   1.9166634E+10   5.7346088E+10   4.1513350E-07   2.2570961E-06   9.4118981E-07
   1.4492754E-02   1.8292521E+07   9.2565113E+06   2.7549033E+07   1.4731217E-02   1.6287437E-02   1.5224680E-02
   2.8985507E-02   1.4470119E+07   7.2416895E+06   2.1711808E+07   1.7231781E-02   1.5031372E-02   1.6491188E-02
   4.3478261E-02   8.4356299E+06   4.2130160E+06   1.2648646E+07   2.2468330E-03   5.1791701E-03   3.2046463E-03
   5.7971014E-02   4.7940106E+06   2.3811875E+06   7.1751981E+06   2.0336380E-03   3.4210668E-03   2.4429772E-03
   7.2463768E-02   3.2785751E+06   1.6450463E+06   4.9234699E+06   1.6640208E-03   2.7146109E-03   1.8852030E-03
   8.6956522E-02   2.4719896E+06   1.2204612E+06   3.6924509E+06   1.7940844E-03   4.1271570E-03   2.3770918E-03
   1.0144928E-01   2.0068115E+06   1.0023774E+06   3.0091889E+06   4.4779719E-03   5.1577448E-03   4.6811107E-03
   1.1594203E-01   1.6969513E+06   8.3938281E+05   2.5363341E+06   6.0141814E-03   5.2349248E-03   5.5997625E-03
   1.3043478E-01   1.4309436E+06   7.0949412E+05   2.1404377E+06   8.8719115E-03   7.2785265E-03   8.3067211E-03
   1.4492754E-01   1.2357928E+06   6.0793214E+05   1.8437249E+06   8.1917845E-03   5.8454577E-03   7.4126980E-03
   1.5942029E-01   1.0414746E+06   5.1601868E+05   1.5574933E+06   1.2469942E-02   9.5561204E-03   1.1500463E-02
   1.7391304E-01   8.8964601E+05   4.4207621E+05   1.3317222E+06   8.8635566E-03   1.0932388E-02   9.5131437E-03
   1.8840580E-01   7.4368941E+05   3.6557881E+05   1.1092682E+06   8.4637545E-03   1.0530504E-02   9.1259381E-03
   2.0289855E-01   6.5463037E+05   3.1732930E+05   9.7195967E+05   9.4192858E-03   1.0871586E-02   9.8883752E-03
   2.1739130E-01   5.5370345E+05   2.7657389E+05   8.3027734E+05   9.5376551E-03   9.9280544E-03   9.6438921E-03
   2.3188406E-01   4.7633222E+05   2.3551403E+05   7.1184626E+05   8.6676155E-03   1.0573858E-02   9.0665776E-03
   2.4637681E-01   4.0757319E+05   2.0427690E+05   6.1185009E+05   7.2092725E-03   7.2340485E-03   7.1851517E-03
   2.6086957E-01   3.3803475E+05   1.7099591E+05   5.0903067E+05   8.1227487E-03   1.0938706E-02   9.0520110E-03
   2.7536232E-01   2.7792984E+05   1.3754915E+05   4.1547899E+05   3.8466905E-03   6.0486013E-03   4.3826998E-03
   2.8985507E-01   2.1962998E+05   1.0835635E+05   3.2798632E+05   1.1903567E-02   1.1863780E-02   1.1760455E-02
   3.0434783E-01   1.4959887E+05   7.2814887E+04   2.2241376E+05   1.6066657E-02   1.3208380E-02   1.5061207E-02
   3.1884058E-01   7.3948212E+04   3.6026935E+04   1.0997515E+05   2.0306048E-02   2.9434524E-02   2.3258979E-02
   3.3333333E-01   2.1348407E+04   9.8505769E+03   3.1198984E+04   6.5460478E-02   5.8769424E-02   6.3318201E-02
   3.4782609E-01   1.0418879E+04   5.7145975E+03   1.6133477E+04   1.4881458E-01   1.4827354E-01   1.4862173E-01
   3.6231884E-01   1.0820480E+04   5.6072515E+03   1.6427731E+04   1.8983777E-01   1.6792466E-01   1.8235331E-01
   3.7681159E-01   1.2007212E+04   5.7413126E+03   1.7748525E+04   1.9851933E-01   1.8668984E-01   1.9468826E-01
   3.9130435E-01   1.1702822E+04   5.8373789E+03   1.7540201E+04   1.9707254E-01   2.1463247E-01   2.0291501E-01
   4.0579710E-01   1.0337693E+04   5.0605986E+03   1.5398292E+04   2.0944419E-01   2.1706804E-01   2.1194755E-01
   4.2028986E-01   7.8647842E+03   4.1806162E+03   1.2045400E+04   1.9622800E-01   2.0910160E-01   2.0069450E-01
   4.3478261E-01   7.6783984E+03   2.9046573E+03   1.0583056E+04   2.1020669E-01   2.1788663E-01   2.1230847E-01
   4.4927536E-01   6.7463008E+03   3.0065036E+03   9.7528044E+03   2.3306623E-01   2.0474727E-01   2.2433403E-01
   4.6376812E-01   4.7358543E+03   2.4863235E+03   7.2221778E+03   2.0700031E-01   2.3786328E-01   2.1762483E-01
   4.7826087E-01   3.8805303E+03   2.0206312E+03   5.9011614E+03   2.4961506E-01   2.2561601E-01   2.4139376E-01
   4.9275362E-01   3.5658197E+03   1.6491916E+03   5.2150113E+03   1.9454431E-01   2.1404270E-01   2.0070215E-01
   5.0724638E-01   3.2907422E+03   1.6020718E+03   4.8928140E+03   1.9119305E-01   1.9401689E-01   1.9211697E-01
   5.2173913E-01   2.3784513E+03   1.2207980E+03   3.5992492E+03   2.0938434E-01   2.3326587E-01   2.1748451E-01
   5.3623188E-01   2.1503338E+03   1.0649272E+03   3.2152611E+03   2.2660307E-01   1.8960117E-01   2.1433034E-01
   5.5072464E-01   1.9940439E+03   9.9702195E+02   2.9910659E+03   2.1272357E-01   2.0391035E-01   2.0978583E-01
   5.6521739E-01   1.8846271E+03   8.9374070E+02   2.7783678E+03   1.8845584E-01   1.6764157E-01   1.8175294E-01
   5.7971014E-01   1.4775865E+03   8.9034060E+02   2.3679271E+03   2.0783989E-01   2.1604985E-01   2.1087341E-01
   5.9420290E-01   1.2382526E+03   5.3596009E+02   1.7742127E+03   1.6949220E-01   2.1282199E-01   1.8258140E-01
   6.0869565E-01   1.6598042E+03   7.7577803E+02   2.4355822E+03   2.4405681E-01   1.9736528E-01   2.2918469E-01
   6.2318841E-01   1.0925506E+03   3.8767923E+02   1.4802298E+03   2.3967626E-01   2.1590757E-01   2.3345113E-01
   6.3768116E-01   1.0332773E+03   4.9941736E+02   1.5326947E+03   2.0735597E-01   2.3078775E-01   2.1498903E-01
   6.5217391E-01   9.7663839E+02   4.8831920E+02   1.4649576E+03   1.6065847E-01   1.4984606E-01   1.5705434E-01
   6.6666667E-01   6.9184654E+02   3.6239581E+02   1.0542423E+03   2.0985348E-01   1.6783246E-01   1.9540875E-01
   6.8115942E-01   8.2222491E+02   4.3529554E+02   1.2575205E+03   1.7121846E-01   2.0185895E-01   1.8182478E-01
   6.9565217E-01   6.3144724E+02   3.3150980E+02   9.6295704E+02   2.4590984E-01   1.4920010E-01   2.1261632E-01
   7.1014493E-01   5.2577647E+02   2.1649620E+02   7.4227267E+02   2.2652480E-01   2.3197603E-01   2.2811474E-01
   7.2463768E-01   5.7587988E+02   3.6371361E+02   9.3959349E+02   2.2044103E-01   2.2199536E-01   2.2104270E-01
   7.3913043E-01   5.2001537E+02   2.2286373E+02   7.4287910E+02   1.5930823E-01   1.9045804E-01   1.6865317E-01
   7.5362319E-01   3.9344020E+02   3.0600905E+02   6.9944925E+02   2.0526019E-01   1.7441457E-01   1.9176523E-01
   7.6811594E-01   4.4320448E+02   2.4304762E+02   6.8625209E+02   1.6858045E-01   1.2848298E-01   1.5437926E-01
   7.8260870E-01   3.6483618E+02   2.1048241E+02   5.7531859E+02   2.0798075E-01   1.5570630E-01   1.8885595E-01
   7.9710145E-01   3.8575686E+02   2.6176358E+02   6.4752044E+02   2.5260565E-01   1.5943751E-01   2.1494193E-01
   8.1159420E-01   3.1121328E+02   2.1649620E+02   5.2770948E+02   1.5422327E-01   1.2991890E-01   1.4425225E-01
   8.2608696E-01   2.3928527E+02   1.4622989E+02   3.8551516E+02   1.3050904E-01   2.4796349E-01   1.7506073E-01
   8.4057971E-01   3.2661064E+02   7.8386554E+01   4.0499719E+02   1.5444590E-01   1.9489495E-01   1.6227475E-01
   8.5507246E-01   3.2107487E+02   1.4127294E+02   4.6234781E+02   1.9368132E-01   3.2650047E-01   2.3426495E-01
   8.6956522E-01   2.1469206E+02   8.8402613E+01   3.0309467E+02   1.5588490E-01   2.1394423E-01   1.7281887E-01
   8.8405797E-01   2.1117252E+02   1.2421913E+02   3.3539165E+02   1.8917316E-01   1.1474290E-01   1.6160640E-01
   8.9855072E-01   2.6887431E+02   8.5550916E+01   3.5442522E+02   1.9991898E-01   1.1504905E-01   1.7943313E-01
   9.1304348E-01   2.7663403E+02   1.8041350E+02   4.5704752E+02   1.6539492E-01   1.3783223E-01   1.5451491E-01
   9.2753623E-01   1.7759454E+02   8.2877450E+01   2.6047199E+02   1.4029982E-01   1.0848179E-01   1.3017590E-01
   9.4202899E-01   1.7486231E+02   9.3259900E+01   2.6812221E+02   1.6538182E-01   2.0309332E-01   1.7849886E-01
   9.5652174E-01   1.1480859E+02   1.0332773E+02   2.1813632E+02   1.7076084E-01   1.7930625E-01   1.7480867E-01
   9.7101449E-01   6.7857016E+01   6.7857016E+01   1.3571403E+02   7.0995131E-02   6.8695356E-02   6.9845243E-02
   9.8550725E-01   6.6859119E+01   7.8002306E+01   1.4486142E+02   7.0234960E-02   2.4139758E-01   1.6239945E-01
   1.0000000E+00   4.3768184E+01   0.0000000E+00   4.3768184E+01   3.1043427E-06   0.0000000E+00   3.1043427E-06
