   0.0000000E+00   3.7256143E+10   1.8678288E+10   5.5925035E+10   9.4258239E-07   5.7087796E-07   8.1857693E-07
   1.4492754E-02   5.6148288E+06   2.8180227E+06   8.4328516E+06   1.3867789E-03   3.8777710E-03   7.4940463E-04
   2.8985507E-02   5.5811095E+06   2.8214325E+06   8.4025421E+06   2.5475488E-03   2.4983136E-04   1.6571471E-03
   4.3478261E-02   5.5974009E+06   2.7632131E+06   8.3606140E+06   5.9863128E-04   1.4344308E-03   7.6759611E-05
   5.7971014E-02   5.5057147E+06   2.7314513E+06   8.2371661E+06   1.7645949E-03   5.4314737E-04   1.0080442E-03
   7.2463768E-02   5.2309594E+06   2.5961574E+06   7.8271169E+06   6.7410938E-04   1.5807790E-03   8.2148316E-04
   8.6956522E-02   4.7291609E+06   2.3886386E+06   7.1177995E+06   1.3137374E-03   1.2198813E-03   8.6086151E-04
   1.0144928E-01   4.3398827E+06   2.1333535E+06   6.4732362E+06   1.0872815E-03   3.4162911E-03   1.7901153E-03
   1.1594203E-01   3.8768650E+06   1.9073180E+06   5.7841830E+06   1.4872921E-03   9.8834448E-04   1.3163694E-03
   1.3043478E-01   3.4195815E+06   1.7063388E+06   5.1259203E+06   2.5826988E-03   1.1579902E-03   2.0771077E-03
   1.4492754E-01   2.9558550E+06   1.4846335E+06   4.4404885E+06   2.3810513E-03   2.0648195E-03   2.1328418E-03
   1.5942029E-01   2.5214721E+06   1.2692089E+06   3.7906811E+06   2.7156027E-03   4.0785219E-03   3.0386628E-03
   1.7391304E-01   2.0360385E+06   1.0255966E+06   3.0616351E+06   3.1214000E-03   4.0651961E-03   2.6721612E-03
   1.8840580E-01   1.5840777E+06   8.0477465E+05   2.3888523E+06   4.0537357E-03   5.0429144E-03   4.3832230E-03
   2.0289855E-01   1.2606032E+06   6.3005805E+05   1.8906613E+06   4.2370393E-03   5.6024632E-03   4.6918269E-03
   2.1739130E-01   1.0047588E+06   5.0399593E+05   1.5087548E+06   2.8534167E-03   4.3060817E-03   3.3021756E-03
   2.3188406E-01   8.0353239E+05   4.0131629E+05   1.2048487E+06   4.8001252E-03   6.1269759E-03   5.1492435E-03
   2.4637681E-01   6.3654339E+05   3.1900714E+05   9.5555053E+05   4.0033920E-03   4.2882631E-03   4.0908803E-03
   2.6086957E-01   5.0448425E+05   2.5211583E+05   7.5660008E+05   4.2388560E-03   6.6964970E-03   4.6814699E-03
   2.7536232E-01   3.8221834E+05   1.9322285E+05   5.7544119E+05   6.1012607E-03   1.6775285E-03   4.6152191E-03
   2.8985507E-01   2.8187805E+05   1.3502868E+05   4.1690672E+05   5.5719731E-03   8.2732858E-03   6.2794409E-03
   3.0434783E-01   1.8124340E+05   9.0639740E+04   2.7188314E+05   8.1004240E-04   3.4072333E-03   1.0604486E-03
   3.1884058E-01   9.3132727E+04   4.7358543E+04   1.4049127E+05   9.2376101E-03   1.6518720E-03   5.6484238E-03
   3.3333333E-01   2.2402650E+04   1.1893171E+04   3.4295821E+04   1.6538410E-02   1.4236060E-02   1.5731985E-02
   3.4782609E-01   1.8311970E+03   7.8930905E+02   2.6205060E+03   2.0949960E-02   8.3942620E-02   3.9783251E-02
   3.6231884E-01   1.2426882E+03   6.0618935E+02   1.8488775E+03   1.0545847E-01   7.4330230E-02   9.4816791E-02
   3.7681159E-01   1.0783176E+03   4.0801206E+02   1.4863296E+03   1.0557333E-01   1.0562816E-01   1.0489153E-01
   3.9130435E-01   9.5418694E+02   3.9290050E+02   1.3470874E+03   9.9179040E-02   1.3635068E-01   1.0954845E-01
   4.0579710E-01   5.4124049E+02   2.9768227E+02   8.3892276E+02   1.0804345E-01   1.2931582E-01   1.0481959E-01
   4.2028986E-01   5.4870587E+02   2.6128851E+02   8.0999439E+02   9.9481280E-02   1.2728682E-01   1.0781663E-01
   4.3478261E-01   4.7989990E+02   1.7680523E+02   6.5670513E+02   4.7251175E-02   7.6437171E-02   5.2438505E-02
   4.4927536E-01   2.1998807E+02   2.9331743E+02   5.1330550E+02   2.5754198E-01   9.8045699E-02   1.6302597E-01
   4.6376812E-01   4.0254761E+02   1.4207563E+02   5.4462324E+02   8.3988568E-02   2.4493449E-01   1.2597215E-01
   4.7826087E-01   2.2961718E+02   1.1480859E+02   3.4442577E+02   1.7330902E-01   1.7740762E-01   1.7333070E-01
   4.9275362E-01   1.1143187E+02   1.1143187E+02   2.2286373E+02   1.2645230E-01   9.5970623E-02   1.0630421E-01
   5.0724638E-01   2.3814581E+02   8.6598478E+01   3.2474429E+02   9.5875086E-02   1.6353138E-01   1.1371493E-01
   5.2173913E-01   1.6838593E+02   4.2096482E+01   2.1048241E+02   1.7198045E-01   4.2103275E-01   2.0076055E-01
   5.3623188E-01   2.2527307E+02   1.2287622E+02   3.4814929E+02   9.5768385E-02   1.3456985E-01   1.0945615E-01
   5.5072464E-01   1.3958307E+02   2.1934483E+02   3.5892790E+02   1.0825795E-01   1.7004725E-01   1.4211297E-01
   5.6521739E-01   1.1657487E+02   1.1657487E+02   2.3314975E+02   4.9283175E-02   9.2843033E-02   7.0103040E-02
   5.7971014E-01   1.3260392E+02   7.5773668E+01   2.0837759E+02   1.7220687E-01   1.8737000E-01   1.6980173E-01
   5.9420290E-01   1.1088830E+02   5.5444148E+01   1.6633244E+02   1.1255065E-01   1.1522330E-01   1.1315798E-01
   6.0869565E-01   7.2165398E+01   7.2165398E+01   1.4433080E+02   2.0301212E-01   3.0631122E-01   2.4652098E-01
   6.2318841E-01   1.0573070E+02   7.0487133E+01   1.7621783E+02   2.1117520E-01   1.4712000E-01   1.8554954E-01
   6.3768116E-01   1.7221288E+02   3.4442577E+01   2.0665546E+02   9.2535361E-02   1.5646496E-01   1.0300743E-01
   6.5217391E-01   3.3677186E+01   3.3677186E+01   6.7354372E+01   4.1215717E-05   1.9068495E-01   9.5349037E-02
   6.6666667E-01   4.9417610E+01   4.9417610E+01   9.8835220E+01   1.6892236E-01   1.8059682E-01   1.6892939E-01
   6.8115942E-01   1.4509851E+02   4.8366171E+01   1.9346469E+02   2.4019535E-01   2.7406561E-01   2.4832343E-01
   6.9565217E-01   1.7364799E+02   1.5786181E+01   1.8943417E+02   1.8990120E-01   4.0923935E-01   2.0783974E-01
   7.1014493E-01   4.6392042E+01   3.0928028E+01   7.7320070E+01   2.4088740E-01   1.0834153E-01   1.8276542E-01
   7.2463768E-01   6.0618935E+01   0.0000000E+00   6.0618935E+01   2.7114679E-01   0.0000000E+00   2.7114679E-01
   7.3913043E-01   7.4287910E+01   4.4572746E+01   1.1886066E+02   1.0104174E-01   2.5252861E-01   1.5747233E-01
   7.5362319E-01   2.9143719E+01   1.4571859E+01   4.3715578E+01   4.5573984E-01   3.0521939E-01   4.0439553E-01
   7.6811594E-01   2.8593837E+01   4.2890756E+01   7.1484593E+01   3.4874385E-01   2.6632859E-01   2.9868831E-01
   7.8260870E-01   5.6128643E+01   2.8064322E+01   8.4192965E+01   2.7418887E-01   4.6188121E-01   3.3423477E-01
   7.9710145E-01   4.1331092E+01   1.3777031E+01   5.5108122E+01   3.6407433E-01   2.7523773E-01   3.3424735E-01
   8.1159420E-01   1.3531012E+01   2.7062024E+01   4.0593037E+01   4.2048678E-01   2.0161439E-01   2.7000184E-01
   8.2608696E-01   2.6587252E+01   1.3293626E+01   3.9880878E+01   1.4022092E-01   1.2816194E-06   9.3480200E-02
   8.4057971E-01   6.5322128E+01   0.0000000E+00   6.5322128E+01   2.4235755E-01   0.0000000E+00   2.4235755E-01
   8.5507246E-01   0.0000000E+00   2.5685989E+01   2.5685989E+01   0.0000000E+00   1.5101320E-01   1.5101320E-01
   8.6956522E-01   3.7886834E+01   2.5257889E+01   6.3144724E+01   1.3277823E-01   2.1228228E-01   1.5575694E-01
   8.8405797E-01   2.4843826E+01   3.7265739E+01   6.2109564E+01   4.3935523E-05   2.9068835E-01   1.7442929E-01
   8.9855072E-01   1.2221559E+01   1.2221559E+01   2.4443119E+01   3.7352527E-01   4.8064066E-01   4.1359067E-01
   9.1304348E-01   0.0000000E+00   0.0000000E+00   0.0000000E+00   0.0000000E+00   0.0000000E+00   0.0000000E+00
   9.2753623E-01   2.3679271E+01   0.0000000E+00   2.3679271E+01   3.5229217E-01   0.0000000E+00   3.5229217E-01
   9.4202899E-01   6.9944925E+01   1.1657487E+01   8.1602412E+01   1.9567992E-01   4.2835041E-01   2.2482742E-01
   9.5652174E-01   0.0000000E+00   0.0000000E+00   0.0000000E+00   0.0000000E+00   0.0000000E+00   0.0000000E+00
   9.7101449E-01   3.3928508E+01   0.0000000E+00   3.3928508E+01   2.6143982E-01   0.0000000E+00   2.6143982E-01
   9.8550725E-01   0.0000000E+00   3.3429560E+01   3.3429560E+01   0.0000000E+00   3.7895292E-01   3.7895292E-01
   1.0000000E+00   0.0000000E+00   0.0000000E+00   0.0000000E+00   0.0000000E+00   0.0000000E+00   0.0000000E+00
