   0.0000000E+00   3.7480803E+10   1.8796834E+10   5.6277637E+10   9.2817101E-07   4.0394103E-07   6.3794219E-07
   1.4492754E-02   3.0324622E+06   1.4730401E+06   4.5055023E+06   3.1064886E-03   3.4311842E-03   3.1302298E-03
   2.8985507E-02   3.0858826E+06   1.4919835E+06   4.5778662E+06   2.2405709E-03   4.7557486E-03   1.2666262E-03
   4.3478261E-02   3.0809574E+06   1.5637159E+06   4.6446733E+06   2.6162775E-04   5.0885828E-03   1.7446093E-03
   5.7971014E-02   3.2033318E+06   1.5721142E+06   4.7754460E+06   1.7947598E-03   1.3534791E-03   1.2114267E-03
   7.2463768E-02   3.2047715E+06   1.6174647E+06   4.8222363E+06   9.7362986E-04   1.0020400E-04   6.3004230E-04
   8.6956522E-02   3.1841358E+06   1.6101905E+06   4.7943263E+06   2.3099541E-03   1.2322949E-03   1.4305468E-03
   1.0144928E-01   3.1373546E+06   1.5659170E+06   4.7032716E+06   2.2625163E-03   2.4691146E-03   2.2323993E-03
   1.1594203E-01   3.0542471E+06   1.5351745E+06   4.5894217E+06   4.3508358E-03   1.3874237E-03   3.2972627E-03
   1.3043478E-01   2.9547521E+06   1.4960248E+06   4.4507769E+06   2.5829150E-03   3.5048779E-03   2.8886318E-03
   1.4492754E-01   2.8718978E+06   1.4174222E+06   4.2893200E+06   4.0213810E-03   4.1578585E-03   4.0631143E-03
   1.5942029E-01   2.6365792E+06   1.3025494E+06   3.9391286E+06   4.0047789E-03   3.9814764E-03   3.9497949E-03
   1.7391304E-01   2.2776933E+06   1.1264387E+06   3.4041321E+06   6.4358060E-03   4.8050750E-03   5.8777980E-03
   1.8840580E-01   1.8788373E+06   9.2228212E+05   2.8011194E+06   6.4054168E-03   3.8534553E-03   5.5389613E-03
   2.0289855E-01   1.5488679E+06   7.6201248E+05   2.3108804E+06   7.0705525E-03   8.5640888E-03   7.5597058E-03
   2.1739130E-01   1.2553171E+06   6.3169982E+05   1.8870169E+06   5.7599508E-03   5.5814605E-03   5.6984798E-03
   2.3188406E-01   1.0506493E+06   5.2828454E+05   1.5789338E+06   6.9952998E-03   4.3886954E-03   6.0435574E-03
   2.4637681E-01   8.6439927E+05   4.2442169E+05   1.2888210E+06   3.5348246E-03   3.3314739E-03   3.3649898E-03
   2.6086957E-01   6.9901209E+05   3.4851678E+05   1.0475289E+06   6.1422377E-03   8.4298413E-03   6.3265079E-03
   2.7536232E-01   5.5593944E+05   2.7796972E+05   8.3390916E+05   7.1135755E-03   7.3450663E-03   7.1500350E-03
   2.8985507E-01   4.0557856E+05   2.0333864E+05   6.0891720E+05   5.3875039E-03   9.0199599E-03   6.3730567E-03
   3.0434783E-01   2.7347078E+05   1.3877406E+05   4.1224484E+05   2.5445321E-03   4.5136583E-03   3.0517654E-03
   3.1884058E-01   1.4066348E+05   7.1055035E+04   2.1171852E+05   5.2956001E-03   4.0483931E-03   4.8732884E-03
   3.3333333E-01   3.5811295E+04   1.7559724E+04   5.3371019E+04   1.1987599E-02   7.9555572E-03   1.0282658E-02
   3.4782609E-01   3.2835256E+03   1.3576116E+03   4.6411372E+03   5.6055475E-02   6.6561155E-02   5.8913309E-02
   3.6231884E-01   2.1519722E+03   1.1820692E+03   3.3340414E+03   4.4498699E-02   6.5865874E-02   5.1715320E-02
   3.7681159E-01   1.6029045E+03   8.7431156E+02   2.4772161E+03   9.9326975E-02   1.0768100E-01   9.0398793E-02
   3.9130435E-01   1.3190231E+03   9.2612261E+02   2.2451457E+03   1.1595767E-01   1.0729375E-01   1.1238337E-01
   4.0579710E-01   1.0012949E+03   3.2474429E+02   1.3260392E+03   1.1759198E-01   9.1765039E-02   1.0867693E-01
   4.2028986E-01   8.8838094E+02   4.7031932E+02   1.3587003E+03   1.2117575E-01   1.1823578E-01   1.1816591E-01
   4.3478261E-01   7.8299457E+02   5.0515779E+02   1.2881524E+03   1.3662745E-01   1.2917976E-01   1.3358570E-01
   4.4927536E-01   6.8440733E+02   2.6887431E+02   9.5328163E+02   1.6727603E-01   1.1950167E-01   1.5268291E-01
   4.6376812E-01   6.1566106E+02   2.8415126E+02   8.9981231E+02   1.6980477E-01   9.4453945E-02   1.4551115E-01
   4.7826087E-01   2.0665546E+02   1.3777031E+02   3.4442577E+02   2.7570645E-01   1.6969299E-01   2.2687774E-01
   4.9275362E-01   3.5658197E+02   1.5600461E+02   5.1258658E+02   1.4805100E-01   1.3174643E-01   1.4017379E-01
   5.0724638E-01   3.2474429E+02   1.7319696E+02   4.9794125E+02   1.7068135E-01   1.5638330E-01   1.4723706E-01
   5.2173913E-01   3.3677186E+02   1.2628945E+02   4.6306131E+02   1.6860504E-01   1.5437781E-01   1.6458402E-01
   5.3623188E-01   1.4335559E+02   1.2287622E+02   2.6623181E+02   1.6453112E-01   1.7452423E-01   1.6860583E-01
   5.5072464E-01   2.5922571E+02   3.9880878E+01   2.9910659E+02   1.5319975E-01   4.1628235E-01   1.8650031E-01
   5.6521739E-01   1.7486231E+02   3.8858291E+01   2.1372060E+02   1.3830667E-01   2.1385449E-01   1.4831862E-01
   5.7971014E-01   5.6830251E+01   3.7886834E+01   9.4717086E+01   1.6049088E-01   2.5759318E-01   1.8444840E-01
   5.9420290E-01   9.2406913E+01   1.1088830E+02   2.0329521E+02   2.2957912E-01   1.3862628E-01   1.7415748E-01
   6.0869565E-01   7.2165398E+01   5.4124049E+01   1.2628945E+02   1.8805675E-01   1.5547291E-01   1.6899690E-01
   6.2318841E-01   3.5243567E+01   3.5243567E+01   7.0487133E+01   6.4344671E-02   9.7844961E-06   3.2174356E-02
   6.3768116E-01   1.0332773E+02   1.7221288E+01   1.2054902E+02   1.0148406E-01   4.2558075E-01   1.4769399E-01
   6.5217391E-01   1.0103156E+02   0.0000000E+00   1.0103156E+02   3.2338717E-01   0.0000000E+00   3.2338717E-01
   6.6666667E-01   4.9417610E+01   0.0000000E+00   4.9417610E+01   1.4513916E-01   0.0000000E+00   1.4513916E-01
   6.8115942E-01   1.2897646E+02   1.6122057E+01   1.4509851E+02   1.4225764E-01   9.0644182E-03   1.2646347E-01
   6.9565217E-01   6.3144724E+01   1.5786181E+01   7.8930905E+01   1.1276342E-01   2.6974321E-01   1.2017560E-01
   7.1014493E-01   6.1856056E+01   0.0000000E+00   6.1856056E+01   2.7040925E-01   0.0000000E+00   2.7040925E-01
   7.2463768E-01   3.0309467E+01   3.0309467E+01   6.0618935E+01   1.6115070E-01   1.5730484E-01   1.5453376E-01
   7.3913043E-01   1.4857582E+01   4.4572746E+01   5.9430328E+01   1.1622247E-05   2.9734630E-01   2.2301257E-01
   7.5362319E-01   4.3715578E+01   2.9143719E+01   7.2859297E+01   9.2694376E-02   3.2396245E-01   1.7944533E-01
   7.6811594E-01   1.4296919E+01   4.2890756E+01   5.7187674E+01   3.5615353E-01   1.5770071E-01   2.0589939E-01
   7.8260870E-01   2.8064322E+01   1.4032161E+01   4.2096482E+01   1.1056673E-01   3.0955803E-05   7.3708392E-02
   7.9710145E-01   0.0000000E+00   0.0000000E+00   0.0000000E+00   0.0000000E+00   0.0000000E+00   0.0000000E+00
   8.1159420E-01   0.0000000E+00   0.0000000E+00   0.0000000E+00   0.0000000E+00   0.0000000E+00   0.0000000E+00
   8.2608696E-01   3.9880878E+01   1.3293626E+01   5.3174504E+01   3.7562334E-01   5.5854294E-06   2.8171614E-01
   8.4057971E-01   1.3064426E+01   1.3064426E+01   2.6128851E+01   3.1216992E-01   1.3721014E-05   1.5608085E-01
   8.5507246E-01   1.2842995E+01   0.0000000E+00   1.2842995E+01   3.5153281E-01   0.0000000E+00   3.5153281E-01
   8.6956522E-01   0.0000000E+00   0.0000000E+00   0.0000000E+00   0.0000000E+00   0.0000000E+00   0.0000000E+00
   8.8405797E-01   1.2421913E+01   0.0000000E+00   1.2421913E+01   1.9651846E-05   0.0000000E+00   1.9651846E-05
   8.9855072E-01   0.0000000E+00   0.0000000E+00   0.0000000E+00   0.0000000E+00   0.0000000E+00   0.0000000E+00
   9.1304348E-01   0.0000000E+00   0.0000000E+00   0.0000000E+00   0.0000000E+00   0.0000000E+00   0.0000000E+00
   9.2753623E-01   0.0000000E+00   0.0000000E+00   0.0000000E+00   0.0000000E+00   0.0000000E+00   0.0000000E+00
   9.4202899E-01   0.0000000E+00   0.0000000E+00   0.0000000E+00   0.0000000E+00   0.0000000E+00   0.0000000E+00
   9.5652174E-01   1.1480859E+01   0.0000000E+00   1.1480859E+01   4.2444798E-01   0.0000000E+00   4.2444798E-01
   9.7101449E-01   0.0000000E+00   0.0000000E+00   0.0000000E+00   0.0000000E+00   0.0000000E+00   0.0000000E+00
   9.8550725E-01   0.0000000E+00   0.0000000E+00   0.0000000E+00   0.0000000E+00   0.0000000E+00   0.0000000E+00
   1.0000000E+00   0.0000000E+00   0.0000000E+00   0.0000000E+00   0.0000000E+00   0.0000000E+00   0.0000000E+00
