   0.0000000E+00   3.8082112E+10   1.9089575E+10   5.7136656E+10   1.8842340E-06   2.4448748E-06   1.6938034E-06
   1.4492754E-02   2.1536392E+07   1.0660597E+07   3.2196989E+07   9.2098274E-03   8.7292280E-03   9.0346522E-03
   2.8985507E-02   1.7572671E+07   8.6408503E+06   2.6213522E+07   9.1870779E-03   9.0913844E-03   9.1376129E-03
   4.3478261E-02   1.0798505E+07   5.3155228E+06   1.6114028E+07   2.4594106E-03   3.9912139E-03   2.9534248E-03
   5.7971014E-02   6.0412451E+06   2.9930599E+06   9.0341156E+06   2.5479011E-03   2.0649929E-03   2.3502049E-03
   7.2463768E-02   3.7324594E+06   1.8696395E+06   5.6020989E+06   2.1652964E-03   8.0727589E-04   1.4468826E-03
   8.6956522E-02   2.6332613E+06   1.2925725E+06   3.9258338E+06   3.9033857E-03   8.4204451E-03   5.3900105E-03
   1.0144928E-01   2.0733841E+06   1.0071403E+06   3.0804161E+06   6.1150960E-03   9.7251289E-03   7.2838200E-03
   1.1594203E-01   1.6913630E+06   8.2991110E+05   2.5212741E+06   1.0037703E-02   9.4612627E-03   9.8474174E-03
   1.3043478E-01   1.4566225E+06   7.2153371E+05   2.1781562E+06   1.4128938E-02   1.2825912E-02   1.3696958E-02
   1.4492754E-01   1.2186679E+06   6.1096309E+05   1.8296310E+06   1.6057729E-02   2.1427369E-02   1.7837922E-02
   1.5942029E-01   1.0508430E+06   5.1663865E+05   1.5674817E+06   2.4949684E-02   2.6710586E-02   2.5528421E-02
   1.7391304E-01   8.8831997E+05   4.2856324E+05   1.3168832E+06   2.6814652E-02   2.5704627E-02   2.6416152E-02
   1.8840580E-01   7.2544544E+05   3.5409618E+05   1.0795416E+06   2.5000030E-02   2.4658175E-02   2.4887757E-02
   2.0289855E-01   6.2156058E+05   3.0461015E+05   9.2617072E+05   2.0454301E-02   2.5820461E-02   2.2191870E-02
   2.1739130E-01   5.2233315E+05   2.5864079E+05   7.8097394E+05   2.2233259E-02   2.2441247E-02   2.2276356E-02
   2.3188406E-01   4.4341804E+05   2.2225364E+05   6.6567168E+05   1.9038035E-02   2.3089482E-02   2.0271922E-02
   2.4637681E-01   3.7280645E+05   1.8943417E+05   5.6224062E+05   1.6567003E-02   2.1369943E-02   1.8168560E-02
   2.6086957E-01   3.1492379E+05   1.5807229E+05   4.7299608E+05   2.4293506E-02   1.8890325E-02   2.2373694E-02
   2.7536232E-01   2.4993346E+05   1.2151704E+05   3.7145050E+05   1.6905382E-02   1.2310882E-02   1.5366254E-02
   2.8985507E-01   1.8928262E+05   9.2784857E+04   2.8206748E+05   2.3489796E-02   2.0374107E-02   2.2463663E-02
   3.0434783E-01   1.2553171E+05   6.2242656E+04   1.8777437E+05   1.2844614E-02   1.4396378E-02   1.3297040E-02
   3.1884058E-01   5.9551215E+04   2.9207305E+04   8.8758520E+04   2.9268518E-02   3.3576932E-02   3.0337420E-02
   3.3333333E-01   1.6900823E+04   7.4126415E+03   2.4313464E+04   5.2922664E-02   7.2195480E-02   5.8788184E-02
   3.4782609E-01   9.0928402E+03   4.1675518E+03   1.3260392E+04   1.2227209E-01   1.2645820E-01   1.2343912E-01
   3.6231884E-01   9.5474822E+03   4.5161106E+03   1.4063593E+04   1.3544425E-01   1.4695397E-01   1.3911763E-01
   3.7681159E-01   9.5591397E+03   4.6629950E+03   1.4222135E+04   1.6614374E-01   1.6021762E-01   1.6411098E-01
   3.9130435E-01   9.8505769E+03   4.3219055E+03   1.4172482E+04   1.7644652E-01   1.4673386E-01   1.6735641E-01
   4.0579710E-01   9.5799566E+03   4.8170403E+03   1.4396997E+04   1.9910760E-01   1.6773216E-01   1.8857352E-01
   4.2028986E-01   1.0738958E+04   4.4941624E+03   1.5233120E+04   1.9022025E-01   1.8720858E-01   1.8933136E-01
   4.3478261E-01   9.1180981E+03   4.1170360E+03   1.3235134E+04   2.0316164E-01   1.9555153E-01   2.0079323E-01
   4.4927536E-01   7.5284806E+03   3.8864559E+03   1.1414936E+04   2.0935617E-01   1.9918376E-01   2.0588889E-01
   4.6376812E-01   6.7249131E+03   3.5045322E+03   1.0229445E+04   2.3166554E-01   2.0445341E-01   2.2233408E-01
   4.7826087E-01   5.7633911E+03   3.0539085E+03   8.8172996E+03   2.2320013E-01   2.2996968E-01   2.2554396E-01
   4.9275362E-01   4.9252884E+03   2.6297920E+03   7.5550805E+03   2.2206122E-01   1.9572804E-01   2.1289350E-01
   5.0724638E-01   4.5680697E+03   1.9701154E+03   6.5381851E+03   2.2546782E-01   2.6165832E-01   2.3637273E-01
   5.2173913E-01   3.8518281E+03   1.8943417E+03   5.7461699E+03   2.2885366E-01   1.9619922E-01   2.1808797E-01
   5.3623188E-01   3.0719055E+03   1.5564321E+03   4.6283376E+03   2.2533310E-01   2.2962803E-01   2.2676559E-01
   5.5072464E-01   2.7318402E+03   1.3758903E+03   4.1077304E+03   2.1720653E-01   1.9885038E-01   2.1105801E-01
   5.6521739E-01   2.4286432E+03   1.2434653E+03   3.6721085E+03   2.1459647E-01   1.8620065E-01   2.0498086E-01
   5.7971014E-01   2.2163798E+03   1.1366050E+03   3.3529848E+03   2.0723827E-01   2.2186217E-01   2.1219552E-01
   5.9420290E-01   2.0144707E+03   1.0534388E+03   3.0679095E+03   2.0144066E-01   2.0166301E-01   2.0150104E-01
   6.0869565E-01   1.5335147E+03   1.0103156E+03   2.5438303E+03   2.4207379E-01   2.3839237E-01   2.4061166E-01
   6.2318841E-01   1.7093130E+03   8.1060203E+02   2.5199150E+03   2.3559711E-01   1.8366945E-01   2.1889290E-01
   6.3768116E-01   1.7049075E+03   6.8885153E+02   2.3937591E+03   2.5347531E-01   2.1456178E-01   2.4227475E-01
   6.5217391E-01   1.5323120E+03   7.5773668E+02   2.2900486E+03   2.4633638E-01   1.9889683E-01   2.3063947E-01
   6.6666667E-01   1.0377698E+03   3.6239581E+02   1.4001656E+03   2.4157221E-01   2.3044543E-01   2.3869165E-01
   6.8115942E-01   1.1607881E+03   5.1590583E+02   1.6766939E+03   2.3468646E-01   2.6891183E-01   2.4521735E-01
   6.9565217E-01   8.3666759E+02   4.2622688E+02   1.2628945E+03   2.5883741E-01   2.1692156E-01   2.4467919E-01
   7.1014493E-01   6.4948859E+02   2.3196021E+02   8.8144880E+02   2.4405799E-01   2.3372254E-01   2.4133814E-01
   7.2463768E-01   8.0320089E+02   4.0917781E+02   1.2123787E+03   2.4551066E-01   2.9313516E-01   2.6157564E-01
   7.3913043E-01   7.2802152E+02   2.3772131E+02   9.6574283E+02   2.0930845E-01   2.2179158E-01   2.1238122E-01
   7.5362319E-01   6.2658995E+02   2.4772161E+02   8.7431156E+02   1.7618156E-01   1.4308055E-01   1.6680294E-01
   7.6811594E-01   3.7171988E+02   1.7156302E+02   5.4328291E+02   2.9103230E-01   2.6569943E-01   2.8303244E-01
   7.8260870E-01   5.0515779E+02   1.8241809E+02   6.8757588E+02   2.0118959E-01   2.4960836E-01   2.1399349E-01
   7.9710145E-01   3.5820280E+02   2.3420952E+02   5.9241232E+02   2.8260443E-01   2.3961093E-01   2.6560700E-01
   8.1159420E-01   3.7886834E+02   2.0296518E+02   5.8183353E+02   2.4590063E-01   3.2764717E-01   2.7441686E-01
   8.2608696E-01   4.1210241E+02   1.8611076E+02   5.9821317E+02   2.0312556E-01   1.6491810E-01   1.9123879E-01
   8.4057971E-01   3.2661064E+02   1.5677311E+02   4.8338375E+02   2.7685137E-01   2.2092910E-01   2.5871442E-01
   8.5507246E-01   2.3117390E+02   1.0274396E+02   3.3391786E+02   2.1427539E-01   8.8583922E-02   1.7560109E-01
   8.6956522E-01   2.3994995E+02   1.0103156E+02   3.4098151E+02   2.2671124E-01   2.9105511E-01   2.4577609E-01
   8.8405797E-01   2.6086017E+02   6.2109564E+01   3.2296973E+02   2.2754100E-01   1.5461324E-01   2.1350538E-01
   8.9855072E-01   1.4665871E+02   1.3443715E+02   2.8109587E+02   1.9004357E-01   2.8014704E-01   2.3313654E-01
   9.1304348E-01   2.4055133E+02   8.4192965E+01   3.2474429E+02   3.0885236E-01   1.2243684E-01   2.6052241E-01
   9.2753623E-01   2.1311344E+02   3.5518907E+01   2.4863235E+02   2.9602190E-01   1.4196695E-01   2.7401405E-01
   9.4202899E-01   1.5154734E+02   6.9944925E+01   2.2149226E+02   3.4003133E-01   2.7160062E-01   3.1842163E-01
   9.5652174E-01   1.1480859E+02   4.5923435E+01   1.6073202E+02   2.0228251E-01   2.1271663E-01   2.0526368E-01
   9.7101449E-01   9.0476022E+01   3.3928508E+01   1.2440453E+02   3.5961400E-01   4.1062505E-01   3.7352611E-01
   9.8550725E-01   5.5715933E+01   3.3429560E+01   8.9145492E+01   3.3114929E-01   1.4206011E-01   2.6024085E-01
   1.0000000E+00   2.1884092E+01   0.0000000E+00   2.1884092E+01   4.2732994E-01   0.0000000E+00   4.2732994E-01
