   0.0000000E+00   3.2191716E+10   1.6339373E+10   4.8522796E+10   8.3520358E-06   7.0673922E-06   6.4106525E-06
   1.4492754E-02   6.6534585E+07   3.2296253E+07   9.8830080E+07   5.3613432E-03   4.7768806E-03   5.1701660E-03
   2.8985507E-02   5.9314112E+07   2.8781491E+07   8.8095225E+07   1.0075901E-02   8.4932335E-03   9.5547228E-03
   4.3478261E-02   4.4206863E+07   2.1554578E+07   6.5761694E+07   4.2527351E-03   4.6518770E-03   4.3828043E-03
   5.7971014E-02   2.8226260E+07   1.3774137E+07   4.2000018E+07   1.6211704E-03   1.4147904E-03   1.5522328E-03
   7.2463768E-02   1.7755286E+07   8.6689623E+06   2.6423794E+07   9.3784895E-04   9.0543080E-04   8.9011115E-04
   8.6956522E-02   1.1737215E+07   5.5792152E+06   1.7316304E+07   1.5415794E-03   1.4256782E-03   1.4263893E-03
   1.0144928E-01   8.2033656E+06   3.9007202E+06   1.2104194E+07   1.4338620E-03   2.5409846E-03   1.6835972E-03
   1.1594203E-01   6.1760276E+06   2.9399236E+06   9.1159512E+06   2.9683421E-03   2.8145526E-03   2.8331606E-03
   1.3043478E-01   4.8995254E+06   2.2899645E+06   7.1894899E+06   3.3973489E-03   2.9842343E-03   3.2657513E-03
   1.4492754E-01   3.9921357E+06   1.8644869E+06   5.8566226E+06   4.0877764E-03   5.5864145E-03   4.5597925E-03
   1.5942029E-01   3.2601965E+06   1.4982521E+06   4.7584486E+06   5.8897277E-03   6.4175333E-03   6.0556253E-03
   1.7391304E-01   2.6277677E+06   1.2070114E+06   3.8347791E+06   7.4547543E-03   5.1186260E-03   6.7117579E-03
   1.8840580E-01   2.1367592E+06   9.8068613E+05   3.1173870E+06   7.5767101E-03   6.6784379E-03   7.2885409E-03
   2.0289855E-01   1.7931839E+06   8.1949222E+05   2.6126761E+06   6.6470379E-03   5.6775006E-03   6.2012430E-03
   2.1739130E-01   1.5396199E+06   6.9883529E+05   2.2384552E+06   5.8783737E-03   5.1133792E-03   5.6345779E-03
   2.3188406E-01   1.2969137E+06   6.0708916E+05   1.9040029E+06   6.8221054E-03   7.6194138E-03   7.0736446E-03
   2.4637681E-01   1.0862378E+06   5.0768358E+05   1.5939214E+06   6.8254469E-03   6.0241030E-03   6.5695648E-03
   2.6086957E-01   8.9998070E+05   4.0875684E+05   1.3087375E+06   6.1333096E-03   4.1262073E-03   5.5019610E-03
   2.7536232E-01   7.2048794E+05   3.3196843E+05   1.0524564E+06   4.8174453E-03   2.1859983E-03   3.9218050E-03
   2.8985507E-01   5.2719530E+05   2.3751256E+05   7.6470786E+05   4.7354525E-03   5.3490254E-03   4.9259770E-03
   3.0434783E-01   3.4145058E+05   1.5039269E+05   4.9184327E+05   5.7056574E-03   7.6334825E-03   6.2909458E-03
   3.1884058E-01   1.5196065E+05   6.9711775E+04   2.2167242E+05   8.8258780E-03   1.3087083E-02   9.8049532E-03
   3.3333333E-01   3.7557383E+04   1.5418294E+04   5.2975678E+04   3.4367708E-02   1.9158266E-02   2.9936280E-02
   3.4782609E-01   1.3070958E+04   5.3673015E+03   1.8438259E+04   9.6822441E-02   9.4964013E-02   9.6274514E-02
   3.6231884E-01   1.2699667E+04   4.8798242E+03   1.7579491E+04   1.2335820E-01   1.0856226E-01   1.1924766E-01
   3.7681159E-01   1.2211218E+04   4.5464201E+03   1.6757638E+04   1.2154346E-01   1.1679535E-01   1.2025486E-01
   3.9130435E-01   1.1590565E+04   5.5567357E+03   1.7147301E+04   1.3843580E-01   1.2393921E-01   1.3370732E-01
   4.0579710E-01   1.1230740E+04   4.6276062E+03   1.5858346E+04   1.4630939E-01   1.5569613E-01   1.4903677E-01
   4.2028986E-01   1.1993143E+04   5.0167394E+03   1.7009882E+04   1.6841125E-01   1.4306480E-01   1.6093460E-01
   4.3478261E-01   1.1467082E+04   4.8747727E+03   1.6341854E+04   1.8185390E-01   1.6120477E-01   1.7569275E-01
   4.4927536E-01   1.1439380E+04   5.4997017E+03   1.6939081E+04   1.9749488E-01   1.6876886E-01   1.8816652E-01
   4.6376812E-01   1.0845106E+04   4.9489677E+03   1.5794074E+04   1.8354778E-01   1.7288948E-01   1.8020762E-01
   4.7826087E-01   1.0723122E+04   4.7530756E+03   1.5476198E+04   2.0681838E-01   1.7569834E-01   1.9726022E-01
   4.9275362E-01   9.9842951E+03   3.9669744E+03   1.3951270E+04   1.9559702E-01   1.7200845E-01   1.8888821E-01
   5.0724638E-01   8.6165486E+03   3.6154865E+03   1.2232035E+04   1.9586238E-01   1.5278374E-01   1.8312842E-01
   5.2173913E-01   8.6508271E+03   3.0519950E+03   1.1702822E+04   2.0856172E-01   1.8662112E-01   2.0283170E-01
   5.3623188E-01   6.7786714E+03   2.6008800E+03   9.3795514E+03   2.1676692E-01   2.0622463E-01   2.1384353E-01
   5.5072464E-01   5.7627869E+03   2.3130909E+03   8.0758778E+03   1.9768155E-01   1.7571112E-01   1.9138843E-01
   5.6521739E-01   6.1978975E+03   2.0206312E+03   8.2185287E+03   1.9933366E-01   2.0552937E-01   2.0085684E-01
   5.7971014E-01   4.6411372E+03   2.3300403E+03   6.9711775E+03   1.9043149E-01   2.0772798E-01   1.9621265E-01
   5.9420290E-01   4.1028669E+03   1.9220638E+03   6.0249307E+03   1.9756079E-01   1.4945889E-01   1.8221536E-01
   6.0869565E-01   4.0412623E+03   1.7319696E+03   5.7732319E+03   1.8959444E-01   1.9968323E-01   1.9261731E-01
   6.2318841E-01   4.0530102E+03   1.2863902E+03   5.3394004E+03   1.8680238E-01   1.7334993E-01   1.8356115E-01
   6.3768116E-01   3.1342745E+03   1.4293669E+03   4.5636414E+03   2.0372178E-01   2.0408613E-01   2.0383590E-01
   6.5217391E-01   3.1488169E+03   1.1281857E+03   4.2770026E+03   1.5818118E-01   1.9049157E-01   1.6670076E-01
   6.6666667E-01   2.8662214E+03   1.1860226E+03   4.0522440E+03   1.7902228E-01   1.6299734E-01   1.7433181E-01
   6.8115942E-01   2.4021865E+03   9.8344548E+02   3.3856320E+03   1.8583042E-01   1.8245870E-01   1.8485102E-01
   6.9565217E-01   2.1311344E+03   9.1559849E+02   3.0467329E+03   1.7467163E-01   1.4158832E-01   1.6472950E-01
   7.1014493E-01   2.0567139E+03   9.2784084E+02   2.9845547E+03   1.6723932E-01   1.2383611E-01   1.5374610E-01
   7.2463768E-01   1.6367112E+03   8.3351035E+02   2.4702216E+03   1.3178762E-01   1.2960093E-01   1.3104978E-01
   7.3913043E-01   1.4709006E+03   8.1716701E+02   2.2880676E+03   1.5940740E-01   1.3826200E-01   1.5185505E-01
   7.5362319E-01   1.5737608E+03   6.2658995E+02   2.2003508E+03   1.9323003E-01   7.9155647E-02   1.6074527E-01
   7.6811594E-01   1.3582073E+03   6.0047058E+02   1.9586778E+03   1.3246324E-01   1.2769187E-01   1.3100015E-01
   7.8260870E-01   1.5295055E+03   4.7709347E+02   2.0065990E+03   1.6040941E-01   1.2349103E-01   1.5163161E-01
   7.9710145E-01   1.2537098E+03   4.6841904E+02   1.7221288E+03   1.4493437E-01   9.1918876E-02   1.3051416E-01
   8.1159420E-01   1.2313221E+03   5.5477150E+02   1.7860936E+03   1.4456599E-01   8.4041184E-02   1.2576662E-01
   8.2608696E-01   1.1565455E+03   4.7857054E+02   1.6351160E+03   1.1376851E-01   1.2411520E-01   1.1679681E-01
   8.4057971E-01   1.0320896E+03   3.3967507E+02   1.3717647E+03   1.2765241E-01   1.2439856E-01   1.2684670E-01
   8.5507246E-01   9.1185262E+02   2.8254588E+02   1.1943985E+03   1.0441724E-01   1.2224867E-01   1.0863543E-01
   8.6956522E-01   8.2088141E+02   3.1572362E+02   1.1366050E+03   1.0028501E-01   1.2255493E-01   1.0647109E-01
   8.8405797E-01   6.8320521E+02   3.1054782E+02   9.9375303E+02   1.3354968E-01   1.1353725E-01   1.2729580E-01
   8.9855072E-01   6.9662889E+02   2.5665275E+02   9.5328163E+02   1.2220988E-01   9.7844095E-02   1.1564986E-01
   9.1304348E-01   5.1718536E+02   1.8041350E+02   6.9759885E+02   1.5110104E-01   1.3672294E-01   1.4738257E-01
   9.2753623E-01   2.9599089E+02   1.4207563E+02   4.3806652E+02   1.8854850E-01   1.0314291E-01   1.6084939E-01
   9.4202899E-01   2.7977970E+02   1.0491739E+02   3.8469709E+02   2.6766317E-01   1.7503427E-01   2.4240074E-01
   9.5652174E-01   2.1813632E+02   1.3777031E+02   3.5590662E+02   2.5161224E-01   3.0466907E-01   2.7215037E-01
   9.7101449E-01   2.4880906E+02   5.6547514E+01   3.0535657E+02   2.8203353E-01   1.6931026E-01   2.6115885E-01
   9.8550725E-01   7.8002306E+01   0.0000000E+00   7.8002306E+01   6.1075848E-02   0.0000000E+00   6.1075848E-02
   1.0000000E+00   4.3768184E+01   2.1884092E+01   6.5652276E+01   4.2541435E-01   4.2843001E-01   4.2641957E-01
