   0.0000000E+00   3.1605294E+10   1.5871547E+10   4.7476841E+10   1.4956342E-06   3.5524541E-06   9.1920283E-07
   1.4492754E-02   9.0579843E+06   4.5835492E+06   1.3641534E+07   2.0525272E-03   1.2803656E-03   1.6379043E-03
   2.8985507E-02   9.2705295E+06   4.5422526E+06   1.3812782E+07   1.3190496E-03   1.0458952E-03   1.2291840E-03
   4.3478261E-02   9.3666357E+06   4.6656373E+06   1.4032273E+07   1.4504200E-03   1.1596771E-03   7.5886169E-04
   5.7971014E-02   9.5755185E+06   4.7786664E+06   1.4354185E+07   1.1930620E-03   1.2042633E-03   1.0704477E-03
   7.2463768E-02   9.7247926E+06   4.8587592E+06   1.4583552E+07   1.0087812E-03   8.3821056E-04   8.1212118E-04
   8.6956522E-02   9.5215929E+06   4.7835917E+06   1.4305185E+07   1.2520938E-03   1.1110180E-03   1.0768771E-03
   1.0144928E-01   9.4647807E+06   4.7253542E+06   1.4190135E+07   7.6790267E-04   1.1723460E-03   7.7507887E-04
   1.1594203E-01   9.2721397E+06   4.6220991E+06   1.3894239E+07   1.2945613E-03   2.2309284E-03   1.5096410E-03
   1.3043478E-01   8.9605731E+06   4.5028081E+06   1.3463381E+07   2.0507879E-03   1.9548405E-03   2.0152110E-03
   1.4492754E-01   8.5530286E+06   4.2697704E+06   1.2822799E+07   1.1496691E-03   1.6065006E-03   1.2939545E-03
   1.5942029E-01   7.9501044E+06   3.9540767E+06   1.1904181E+07   1.7357517E-03   8.1750640E-04   1.3864181E-03
   1.7391304E-01   6.8056120E+06   3.3894825E+06   1.0195095E+07   1.9366567E-03   1.9005805E-03   1.9155122E-03
   1.8840580E-01   5.6432731E+06   2.8041503E+06   8.4474234E+06   2.3292480E-03   4.0202576E-03   2.8901663E-03
   2.0289855E-01   4.6311784E+06   2.3193237E+06   6.9505021E+06   2.0278243E-03   2.0012302E-03   1.9984900E-03
   2.1739130E-01   3.8162650E+06   1.9222264E+06   5.7384915E+06   2.4186608E-03   2.0193906E-03   2.2769469E-03
   2.3188406E-01   3.1911133E+06   1.6056914E+06   4.7968047E+06   2.1459838E-03   1.9422683E-03   2.0767530E-03
   2.4637681E-01   2.6444119E+06   1.3215819E+06   3.9659938E+06   1.3484874E-03   1.5798823E-03   1.4248991E-03
   2.6086957E-01   2.1420795E+06   1.0818375E+06   3.2239170E+06   3.2062209E-03   1.8404994E-03   2.7479303E-03
   2.7536232E-01   1.7138807E+06   8.4551450E+05   2.5593952E+06   1.5735758E-03   1.4556439E-03   1.3777531E-03
   2.8985507E-01   1.2800825E+06   6.3532432E+05   1.9154068E+06   2.7593040E-03   1.4191251E-03   2.2388344E-03
   3.0434783E-01   8.5876824E+05   4.3681716E+05   1.2955854E+06   2.3363224E-03   2.9872810E-03   2.5503411E-03
   3.1884058E-01   4.4957895E+05   2.2070803E+05   6.7028698E+05   3.5698249E-03   4.0755981E-03   3.3776987E-03
   3.3333333E-01   1.1754802E+05   5.8510450E+04   1.7605847E+05   1.2899725E-02   1.0154973E-02   1.1986854E-02
   3.4782609E-01   7.4826498E+03   3.9465452E+03   1.1429195E+04   7.3919819E-02   4.2297965E-02   6.2709331E-02
   3.6231884E-01   5.9406556E+03   2.5763047E+03   8.5169603E+03   7.3454842E-02   7.0718234E-02   7.2129617E-02
   3.7681159E-01   4.0801206E+03   2.5063598E+03   6.5864804E+03   8.8349422E-02   9.2917172E-02   9.0019189E-02
   3.9130435E-01   3.3957829E+03   1.4874090E+03   4.8831920E+03   9.6170117E-02   9.7250133E-02   9.6498803E-02
   4.0579710E-01   3.5180632E+03   9.4717086E+02   4.4652340E+03   1.0355767E-01   1.0254004E-01   1.0309867E-01
   4.2028986E-01   2.1164369E+03   1.0974117E+03   3.2138487E+03   1.2895016E-01   1.3245194E-01   1.2482861E-01
   4.3478261E-01   1.8943417E+03   8.3351035E+02   2.7278521E+03   1.3745738E-01   1.2957177E-01   1.3476446E-01
   4.4927536E-01   1.4421440E+03   7.3329357E+02   2.1754376E+03   1.4580403E-01   1.0524331E-01   1.2962985E-01
   4.6376812E-01   1.5391526E+03   6.1566106E+02   2.1548137E+03   1.4308793E-01   8.9971209E-02   1.2622906E-01
   4.7826087E-01   1.0103156E+03   4.3627264E+02   1.4465882E+03   1.4057001E-01   8.5465789E-02   1.2189476E-01
   4.9275362E-01   8.2459580E+02   3.1200922E+02   1.1366050E+03   1.5928282E-01   1.0988005E-01   1.2949842E-01
   5.0724638E-01   8.2268554E+02   3.8969315E+02   1.2123787E+03   1.4849983E-01   1.4826873E-01   1.4839390E-01
   5.2173913E-01   6.9459196E+02   2.9467538E+02   9.8926734E+02   1.5824227E-01   2.1184298E-01   1.7289073E-01
   5.3623188E-01   4.5054614E+02   2.6623181E+02   7.1677794E+02   1.5503376E-01   2.1268461E-01   1.7596636E-01
   5.5072464E-01   3.3898746E+02   4.1874922E+02   7.5773668E+02   1.6511097E-01   1.5742075E-01   1.6069355E-01
   5.6521739E-01   4.0801206E+02   1.5543317E+02   5.6344523E+02   2.2349720E-01   1.2269066E-01   1.9508446E-01
   5.7971014E-01   3.0309467E+02   2.0837759E+02   5.1147226E+02   1.3283912E-01   1.9184494E-01   1.5276027E-01
   5.9420290E-01   3.5114627E+02   1.2936968E+02   4.8051595E+02   2.2535475E-01   4.6738628E-02   1.7683578E-01
   6.0869565E-01   3.2474429E+02   1.9845485E+02   5.2319914E+02   1.3682474E-01   1.2264521E-01   1.3033559E-01
   6.2318841E-01   3.3481388E+02   1.4097427E+02   4.7578815E+02   1.9178431E-01   2.3088984E-01   2.0333290E-01
   6.3768116E-01   2.4109804E+02   1.3777031E+02   3.7886834E+02   1.8917603E-01   1.9024775E-01   1.8948092E-01
   6.5217391E-01   1.8522452E+02   1.0103156E+02   2.8625608E+02   1.9529731E-01   1.6965467E-01   1.8596779E-01
   6.6666667E-01   2.9650566E+02   9.8835220E+01   3.9534088E+02   1.0737349E-01   2.4921615E-01   1.3142123E-01
   6.8115942E-01   2.0958674E+02   6.4488228E+01   2.7407497E+02   2.2646254E-01   1.4781618E-01   2.0232986E-01
   6.9565217E-01   1.2628945E+02   4.7358543E+01   1.7364799E+02   2.2320376E-01   3.1118914E-02   1.7041074E-01
   7.1014493E-01   1.2371211E+02   6.1856056E+01   1.8556817E+02   2.1167921E-01   2.6710454E-01   2.3009282E-01
   7.2463768E-01   1.2123787E+02   4.5464201E+01   1.6670207E+02   2.1083279E-01   1.2942913E-01   1.8863140E-01
   7.3913043E-01   1.7829098E+02   5.9430328E+01   2.3772131E+02   2.3339523E-01   1.8254904E-05   1.7504212E-01
   7.5362319E-01   1.0200302E+02   7.2859297E+01   1.7486231E+02   2.3457977E-01   1.2136974E-01   1.8682111E-01
   7.6811594E-01   1.5726610E+02   4.2890756E+01   2.0015686E+02   2.5886440E-01   9.9800490E-02   2.1949967E-01
   7.8260870E-01   8.4192965E+01   2.8064322E+01   1.1225729E+02   2.2761687E-01   4.5637018E-01   2.6446653E-01
   7.9710145E-01   1.2399328E+02   5.5108122E+01   1.7910140E+02   2.0945312E-01   1.2995462E-01   1.8083733E-01
   8.1159420E-01   1.0824810E+02   2.7062024E+01   1.3531012E+02   2.9599672E-01   2.2035122E-01   2.7822688E-01
   8.2608696E-01   6.6468130E+01   0.0000000E+00   6.6468130E+01   1.6273600E-01   0.0000000E+00   1.6273600E-01
   8.4057971E-01   6.5322128E+01   2.6128851E+01   9.1450979E+01   5.9164526E-02   1.3655032E-01   7.3468004E-02
   8.5507246E-01   3.8528984E+01   2.5685989E+01   6.4214973E+01   3.2170219E-01   1.8326518E-01   2.6283701E-01
   8.6956522E-01   3.7886834E+01   1.2628945E+01   5.0515779E+01   1.9681867E-01   3.5208943E-01   2.1412010E-01
   8.8405797E-01   2.4843826E+01   3.7265739E+01   6.2109564E+01   1.8587320E-01   2.2569735E-01   1.8848824E-01
   8.9855072E-01   2.4443119E+01   1.2221559E+01   3.6664678E+01   1.3950023E-01   3.9523519E-06   9.2999068E-02
   9.1304348E-01   1.2027566E+01   0.0000000E+00   1.2027566E+01   5.8770146E-06   0.0000000E+00   5.8770146E-06
   9.2753623E-01   3.5518907E+01   0.0000000E+00   3.5518907E+01   4.1873519E-01   0.0000000E+00   4.1873519E-01
   9.4202899E-01   0.0000000E+00   0.0000000E+00   0.0000000E+00   0.0000000E+00   0.0000000E+00   0.0000000E+00
   9.5652174E-01   1.1480859E+01   1.1480859E+01   2.2961718E+01   2.9458157E-06   4.3963924E-01   2.1982078E-01
   9.7101449E-01   0.0000000E+00   0.0000000E+00   0.0000000E+00   0.0000000E+00   0.0000000E+00   0.0000000E+00
   9.8550725E-01   0.0000000E+00   1.1143187E+01   1.1143187E+01   0.0000000E+00   2.2698406E-06   2.2698406E-06
   1.0000000E+00   0.0000000E+00   0.0000000E+00   0.0000000E+00   0.0000000E+00   0.0000000E+00   0.0000000E+00
