   0.0000000E+00   3.4917889E+10   1.7537331E+10   5.2438670E+10   3.6868284E-06   2.0279690E-06   1.9896676E-06
   1.4492754E-02   4.4371545E+07   2.1955420E+07   6.6326965E+07   1.0177634E-02   1.1505517E-02   1.0616063E-02
   2.8985507E-02   3.7978899E+07   1.9004415E+07   5.6982178E+07   1.6500107E-02   1.6302929E-02   1.6431903E-02
   4.3478261E-02   2.6277803E+07   1.3089143E+07   3.9367957E+07   6.9204411E-03   6.9083413E-03   6.9141652E-03
   5.7971014E-02   1.5677004E+07   7.8014675E+06   2.3478661E+07   2.2602639E-03   3.0745630E-03   2.5267657E-03
   7.2463768E-02   9.6885728E+06   4.7807123E+06   1.4469285E+07   6.9913727E-04   1.8456359E-03   1.0305983E-03
   8.6956522E-02   6.6660622E+06   3.2907241E+06   9.9569126E+06   7.1497239E-04   1.7371408E-03   1.0402765E-03
   1.0144928E-01   5.0195725E+06   2.4622112E+06   7.4817838E+06   2.5044423E-03   1.0171958E-03   1.9519836E-03
   1.1594203E-01   4.0675305E+06   1.9748512E+06   6.0422870E+06   1.4034477E-03   3.7899591E-03   2.0722019E-03
   1.3043478E-01   3.3956707E+06   1.6516976E+06   5.0474524E+06   2.9951654E-03   8.2500362E-04   2.2759529E-03
   1.4492754E-01   2.8540152E+06   1.3884009E+06   4.2424161E+06   2.7572070E-03   2.4765305E-03   2.6169267E-03
   1.5942029E-01   2.3993388E+06   1.1857201E+06   3.5850589E+06   3.7462191E-03   3.8718343E-03   3.7795251E-03
   1.7391304E-01   1.9859016E+06   9.7697516E+05   2.9628767E+06   5.2344704E-03   4.4788328E-03   4.9350668E-03
   1.8840580E-01   1.7065979E+06   8.1707330E+05   2.5236712E+06   3.5336899E-03   4.2449449E-03   3.7490928E-03
   2.0289855E-01   1.4955016E+06   7.2596587E+05   2.2214133E+06   3.3482444E-03   3.3988130E-03   3.2848989E-03
   2.1739130E-01   1.3200783E+06   6.3149775E+05   1.9515761E+06   3.6886672E-03   3.0049151E-03   3.4673966E-03
   2.3188406E-01   1.1475922E+06   5.5665231E+05   1.7042445E+06   3.6315849E-03   3.9309389E-03   3.5905820E-03
   2.4637681E-01   9.9423967E+05   4.8767042E+05   1.4819101E+06   2.9003347E-03   3.8082954E-03   3.1233322E-03
   2.6086957E-01   8.4083514E+05   3.9873788E+05   1.2395730E+06   2.4492801E-03   4.6344085E-03   3.1511935E-03
   2.7536232E-01   6.8555229E+05   3.2869820E+05   1.0142505E+06   2.9118301E-03   5.9357367E-03   3.8917268E-03
   2.8985507E-01   5.1696585E+05   2.5357658E+05   7.7054243E+05   4.8722978E-03   6.9693229E-03   5.5599006E-03
   3.0434783E-01   3.4336297E+05   1.6821754E+05   5.1158051E+05   1.1645448E-03   6.1814215E-03   2.8126925E-03
   3.1884058E-01   1.6411888E+05   7.8287976E+04   2.4240685E+05   1.0389963E-02   9.1705219E-03   9.9886130E-03
   3.3333333E-01   3.8216285E+04   1.7263218E+04   5.5479503E+04   4.4336194E-02   3.3587536E-02   4.0885872E-02
   3.4782609E-01   1.3765550E+04   6.2829000E+03   2.0048450E+04   1.1678352E-01   1.1033146E-01   1.1455230E-01
   3.6231884E-01   1.2911833E+04   6.1528219E+03   1.9064655E+04   1.2274881E-01   1.1610236E-01   1.2059773E-01
   3.7681159E-01   1.4309566E+04   6.3533307E+03   2.0662896E+04   1.3751625E-01   1.4062286E-01   1.3847145E-01
   3.9130435E-01   1.5351184E+04   7.1564020E+03   2.2507586E+04   1.5482787E-01   1.4968753E-01   1.5319297E-01
   4.0579710E-01   1.4992362E+04   7.2255605E+03   2.2217922E+04   1.6547367E-01   1.6298603E-01   1.6466465E-01
   4.2028986E-01   1.3822162E+04   7.5512380E+03   2.1373400E+04   1.6000339E-01   1.5977573E-01   1.5992296E-01
   4.3478261E-01   1.3285650E+04   6.2892145E+03   1.9574864E+04   1.5790753E-01   1.5304129E-01   1.5634291E-01
   4.4927536E-01   1.0290553E+04   5.1819412E+03   1.5472494E+04   1.6160123E-01   1.3974293E-01   1.5428041E-01
   4.6376812E-01   1.0182087E+04   4.6884957E+03   1.4870582E+04   1.7696716E-01   1.7014099E-01   1.7481461E-01
   4.7826087E-01   9.2765340E+03   4.3627264E+03   1.3639260E+04   1.5022315E-01   1.5032116E-01   1.5025063E-01
   4.9275362E-01   8.3573899E+03   3.9892608E+03   1.2346651E+04   1.3969209E-01   1.2726285E-01   1.3567477E-01
   5.0724638E-01   6.0835431E+03   2.8577498E+03   8.9412929E+03   1.4032680E-01   1.3866449E-01   1.3979551E-01
   5.2173913E-01   5.4514945E+03   2.8836090E+03   8.3351035E+03   1.4602592E-01   1.3573247E-01   1.4246481E-01
   5.3623188E-01   5.1198425E+03   2.4370450E+03   7.5568875E+03   1.4646884E-01   1.4709795E-01   1.4667172E-01
   5.5072464E-01   3.7687430E+03   2.0339248E+03   5.8026678E+03   1.5723050E-01   1.5291005E-01   1.5571611E-01
   5.6521739E-01   3.3612422E+03   1.7097648E+03   5.0710070E+03   1.4565161E-01   1.5707465E-01   1.4950305E-01
   5.7971014E-01   3.2393243E+03   1.6480773E+03   4.8874016E+03   1.6430522E-01   1.7501270E-01   1.6791588E-01
   5.9420290E-01   2.4395425E+03   9.6103189E+02   3.4005744E+03   1.9438769E-01   2.2364158E-01   2.0265509E-01
   6.0869565E-01   1.9304244E+03   7.5773668E+02   2.6881611E+03   2.2018344E-01   2.4499853E-01   2.2717830E-01
   6.2318841E-01   1.5683387E+03   6.5200598E+02   2.2203447E+03   2.1504694E-01   2.2661843E-01   2.1844491E-01
   6.3768116E-01   1.1882689E+03   5.1663865E+02   1.7049075E+03   2.3117913E-01   2.2996859E-01   2.3081230E-01
   6.5217391E-01   1.0271542E+03   4.8831920E+02   1.5154734E+03   2.5410677E-01   2.3162131E-01   2.4686146E-01
   6.6666667E-01   9.3893459E+02   4.1181342E+02   1.3507480E+03   2.8380863E-01   2.5008367E-01   2.7352663E-01
   6.8115942E-01   7.8998080E+02   3.7080731E+02   1.1607881E+03   3.3702158E-01   3.2724868E-01   3.3389968E-01
   6.9565217E-01   6.7880578E+02   3.1572362E+02   9.9452940E+02   2.4437941E-01   3.2341778E-01   2.6947096E-01
   7.1014493E-01   6.1856056E+02   2.4742422E+02   8.6598478E+02   3.0272544E-01   2.8081262E-01   2.9646463E-01
   7.2463768E-01   6.2134408E+02   3.1824941E+02   9.3959349E+02   3.1524499E-01   3.4931928E-01   3.2678628E-01
   7.3913043E-01   4.0115472E+02   2.2286373E+02   6.2401845E+02   3.6493423E-01   3.7742589E-01   3.6939554E-01
   7.5362319E-01   3.0600905E+02   2.0400603E+02   5.1001508E+02   3.3529163E-01   3.5619995E-01   3.4365496E-01
   7.6811594E-01   2.8593837E+02   1.7156302E+02   4.5750139E+02   3.1288333E-01   2.9854497E-01   3.0750645E-01
   7.8260870E-01   3.5080402E+02   1.8241809E+02   5.3322211E+02   3.5070606E-01   2.7999022E-01   3.2651380E-01
   7.9710145E-01   2.0665546E+02   2.4798655E+02   4.5464201E+02   3.4334429E-01   3.3695693E-01   3.3986027E-01
   8.1159420E-01   2.9768227E+02   8.1186073E+01   3.7886834E+02   3.4766741E-01   2.6695289E-01   3.3036498E-01
   8.2608696E-01   3.1904702E+02   6.6468130E+01   3.8551516E+02   3.5366280E-01   3.8078342E-01   3.5833877E-01
   8.4057971E-01   1.9596638E+02   2.6128851E+01   2.2209523E+02   3.4438629E-01   3.7654103E-01   3.4816920E-01
   8.5507246E-01   2.3117390E+02   1.0274396E+02   3.3391786E+02   3.6395791E-01   3.7385575E-01   3.6700340E-01
   8.6956522E-01   1.0103156E+02   1.2628945E+01   1.1366050E+02   3.6677104E-01   3.5515378E-01   3.6548024E-01
   8.8405797E-01   2.1117252E+02   7.4531477E+01   2.8570400E+02   3.5095602E-01   3.8491313E-01   3.5981440E-01
   8.9855072E-01   8.5550916E+01   4.8886238E+01   1.3443715E+02   3.1652031E-01   4.1329615E-01   3.5171153E-01
   9.1304348E-01   1.0824810E+02   1.2027566E+01   1.2027566E+02   3.9604882E-01   4.0616756E-01   3.9706070E-01
   9.2753623E-01   7.1037814E+01   3.5518907E+01   1.0655672E+02   3.9899679E-01   4.1823083E-01   4.0540814E-01
   9.4202899E-01   1.3988985E+02   0.0000000E+00   1.3988985E+02   4.1157924E-01   0.0000000E+00   4.1157924E-01
   9.5652174E-01   1.1480859E+02   2.2961718E+01   1.3777031E+02   4.1218855E-01   1.9759512E-01   3.7642298E-01
   9.7101449E-01   6.7857016E+01   4.5238011E+01   1.1309503E+02   4.1819525E-01   3.1652665E-01   3.7752781E-01
   9.8550725E-01   2.2286373E+01   2.2286373E+01   4.4572746E+01   2.1197511E-01   4.2434935E-01   3.1816223E-01
   1.0000000E+00   4.3768184E+01   0.0000000E+00   4.3768184E+01   4.2504226E-01   0.0000000E+00   4.2504226E-01
