   0.0000000E+00   3.5885191E+10   1.8007837E+10   5.3865349E+10   2.1645296E-06   2.5329761E-06   2.0877190E-06
   1.4492754E-02   3.0142008E+07   1.5062290E+07   4.5204297E+07   7.6163921E-03   4.4643353E-03   6.4259567E-03
   2.8985507E-02   2.7642992E+07   1.3694575E+07   4.1337188E+07   1.0616386E-02   1.0102248E-02   1.0404833E-02
   4.3478261E-02   2.1756641E+07   1.0850789E+07   3.2607683E+07   6.6401497E-03   7.2751788E-03   6.8484365E-03
   5.7971014E-02   1.4604617E+07   7.2735144E+06   2.1878131E+07   2.3320838E-03   1.1705208E-03   1.8871172E-03
   7.2463768E-02   9.4820138E+06   4.6909963E+06   1.4172707E+07   1.6566723E-03   2.6375419E-03   1.8815387E-03
   8.6956522E-02   6.2911088E+06   3.1251587E+06   9.4162675E+06   2.4139580E-04   1.3917944E-03   5.6267179E-04
   1.0144928E-01   4.3861047E+06   2.1939724E+06   6.5798606E+06   9.0038458E-04   1.8280518E-03   1.2059387E-03
   1.1594203E-01   3.3239067E+06   1.6368060E+06   4.9607126E+06   1.2337389E-03   1.5723216E-03   1.2115990E-03
   1.3043478E-01   2.6391969E+06   1.3038123E+06   3.9429249E+06   2.0605578E-03   1.5053696E-03   1.8456921E-03
   1.4492754E-01   2.1920565E+06   1.0885645E+06   3.2806210E+06   2.9702766E-03   8.8645196E-04   2.2482371E-03
   1.5942029E-01   1.8083042E+06   9.0852628E+05   2.7168304E+06   3.9645111E-03   2.3901431E-03   3.3286355E-03
   1.7391304E-01   1.5460986E+06   7.5584234E+05   2.3019409E+06   3.4793877E-03   3.8486001E-03   3.5962243E-03
   1.8840580E-01   1.3087861E+06   6.3813086E+05   1.9469170E+06   3.5057251E-03   4.9025574E-03   3.8058508E-03
   2.0289855E-01   1.1473216E+06   5.7030510E+05   1.7176267E+06   2.8711359E-03   4.8776960E-03   3.5054682E-03
   2.1739130E-01   1.0333003E+06   5.1389702E+05   1.5471973E+06   3.1096667E-03   3.2958703E-03   3.1712548E-03
   2.3188406E-01   9.2519649E+05   4.4839068E+05   1.3735872E+06   2.7414887E-03   3.9656273E-03   3.1364608E-03
   2.4637681E-01   8.1363091E+05   4.0271476E+05   1.2163457E+06   2.7134397E-03   1.7721835E-03   2.3839583E-03
   2.6086957E-01   7.2069178E+05   3.5297901E+05   1.0736708E+06   1.9371697E-03   2.3530490E-03   2.0421718E-03
   2.7536232E-01   5.8525189E+05   2.9595600E+05   8.8120788E+05   2.9653223E-03   2.9945503E-03   2.9726444E-03
   2.8985507E-01   4.5748352E+05   2.2417640E+05   6.8165992E+05   3.2479396E-03   2.8195773E-03   3.0989409E-03
   3.0434783E-01   2.9021315E+05   1.4819165E+05   4.3840480E+05   6.0353585E-03   4.4361093E-03   5.3466818E-03
   3.1884058E-01   1.3821806E+05   6.6026419E+04   2.0424448E+05   3.9078430E-03   3.7747241E-03   3.6598998E-03
   3.3333333E-01   3.3867535E+04   1.6571372E+04   5.0438907E+04   1.7080279E-02   2.8385397E-02   2.0682097E-02
   3.4782609E-01   7.5142221E+03   3.9149729E+03   1.1429195E+04   6.4732678E-02   5.6886726E-02   6.1944853E-02
   3.6231884E-01   6.5771544E+03   3.6068266E+03   1.0183981E+04   7.0329826E-02   6.7708647E-02   6.9401389E-02
   3.7681159E-01   7.3733608E+03   3.5846774E+03   1.0958038E+04   8.1042629E-02   7.4351726E-02   7.8844113E-02
   3.9130435E-01   8.2789749E+03   3.7044905E+03   1.1983465E+04   9.5086753E-02   7.4839760E-02   8.8743239E-02
   4.0579710E-01   6.9549403E+03   3.8698695E+03   1.0824810E+04   9.4450707E-02   1.0352847E-01   9.7692950E-02
   4.2028986E-01   6.8196302E+03   3.5796526E+03   1.0399283E+04   9.5358639E-02   8.6635714E-02   9.2267272E-02
   4.3478261E-01   7.3247879E+03   3.5108466E+03   1.0835635E+04   1.1924702E-01   8.3028286E-02   1.0751173E-01
   4.4927536E-01   7.3084925E+03   3.2264917E+03   1.0534984E+04   1.1673721E-01   1.2081666E-01   1.1798055E-01
   4.6376812E-01   5.9671764E+03   2.9599089E+03   8.9270853E+03   1.0136042E-01   1.4040483E-01   1.1430489E-01
   4.7826087E-01   6.1537403E+03   2.5257889E+03   8.6795293E+03   1.2386101E-01   1.2588310E-01   1.2444945E-01
   4.9275362E-01   4.7469975E+03   2.6075056E+03   7.3545031E+03   1.1212097E-01   1.2684656E-01   1.1734176E-01
   5.0724638E-01   3.9185811E+03   2.3165093E+03   6.2350904E+03   1.1522004E-01   1.2664407E-01   1.1946439E-01
   5.2173913E-01   3.9991658E+03   1.7470040E+03   5.7461699E+03   1.3381729E-01   1.4269015E-01   1.3650745E-01
   5.3623188E-01   2.8466324E+03   1.7612258E+03   4.6078582E+03   1.6855351E-01   1.5769370E-01   1.6440260E-01
   5.5072464E-01   2.4127931E+03   1.0169624E+03   3.4297555E+03   1.7330389E-01   1.7930241E-01   1.7508139E-01
   5.6521739E-01   2.0789186E+03   8.1602412E+02   2.8949427E+03   1.8968638E-01   2.3226006E-01   2.0168694E-01
   5.7971014E-01   1.9890588E+03   5.6830251E+02   2.5573613E+03   2.2420938E-01   2.3689594E-01   2.2702691E-01
   5.9420290E-01   1.3306595E+03   5.1747871E+02   1.8481383E+03   2.0193058E-01   2.6566365E-01   2.1977584E-01
   6.0869565E-01   7.5773668E+02   3.9690969E+02   1.1546464E+03   2.9878036E-01   2.7746386E-01   2.9145281E-01
   6.2318841E-01   7.9298025E+02   3.5243567E+02   1.1454159E+03   3.0067118E-01   2.8820334E-01   2.9683406E-01
   6.3768116E-01   7.9217926E+02   4.1331092E+02   1.2054902E+03   2.5801377E-01   2.7075188E-01   2.6238112E-01
   6.5217391E-01   6.9038231E+02   2.3574030E+02   9.2612261E+02   3.2550142E-01   3.3132530E-01   3.2698386E-01
   6.6666667E-01   7.0831907E+02   2.6356059E+02   9.7187966E+02   3.0127914E-01   2.7778845E-01   2.9490879E-01
   6.8115942E-01   4.9978377E+02   3.0631909E+02   8.0610286E+02   3.3188603E-01   3.2040783E-01   3.2752431E-01
   6.9565217E-01   4.2622688E+02   1.1050327E+02   5.3673015E+02   3.1502364E-01   3.7421315E-01   3.2720972E-01
   7.1014493E-01   4.1752838E+02   1.5464014E+02   5.7216852E+02   3.3717972E-01   2.9379918E-01   3.2545525E-01
   7.2463768E-01   4.0917781E+02   1.8185680E+02   5.9103461E+02   3.1460947E-01   3.1612920E-01   3.1507708E-01
   7.3913043E-01   2.6743648E+02   7.4287910E+01   3.4172439E+02   3.7075369E-01   3.7301692E-01   3.7124569E-01
   7.5362319E-01   2.6229347E+02   1.0200302E+02   3.6429648E+02   3.5965073E-01   3.4737927E-01   3.5621472E-01
   7.6811594E-01   2.1445378E+02   1.5726610E+02   3.7171988E+02   3.1853137E-01   3.9021424E-01   3.4885874E-01
   7.8260870E-01   1.6838593E+02   1.2628945E+02   2.9467538E+02   3.7838912E-01   3.7500646E-01   3.7693941E-01
   7.9710145E-01   1.5154734E+02   8.2662184E+01   2.3420952E+02   3.6913825E-01   3.5748366E-01   3.6502487E-01
   8.1159420E-01   1.3531012E+02   1.6237215E+02   2.9768227E+02   3.7499988E-01   3.4586292E-01   3.5910699E-01
   8.2608696E-01   2.1269802E+02   1.4622989E+02   3.5892790E+02   3.7693274E-01   3.5909064E-01   3.6966374E-01
   8.4057971E-01   1.0451540E+02   9.1450979E+01   1.9596638E+02   2.9654405E-01   3.4107564E-01   3.1732546E-01
   8.5507246E-01   8.9900963E+01   7.7057968E+01   1.6695893E+02   3.9105112E-01   3.5893747E-01   3.7622943E-01
   8.6956522E-01   1.3891839E+02   6.3144724E+01   2.0206312E+02   3.7849172E-01   3.9015533E-01   3.8213660E-01
   8.8405797E-01   9.9375303E+01   4.9687651E+01   1.4906295E+02   3.8735027E-01   3.7992613E-01   3.8487555E-01
   8.9855072E-01   6.1107797E+01   1.2221559E+01   7.3329357E+01   3.0064192E-01   4.2729431E-01   3.2175065E-01
   9.1304348E-01   3.6082699E+01   4.8110266E+01   8.4192965E+01   3.8062199E-01   3.8929566E-01   3.8557837E-01
   9.2753623E-01   9.4717086E+01   4.7358543E+01   1.4207563E+02   4.1277773E-01   4.0793082E-01   4.1116210E-01
   9.4202899E-01   4.6629950E+01   5.8287437E+01   1.0491739E+02   3.9139544E-01   3.2202066E-01   3.5285390E-01
   9.5652174E-01   6.8885153E+01   0.0000000E+00   6.8885153E+01   4.0502684E-01   0.0000000E+00   4.0502684E-01
   9.7101449E-01   2.2619005E+01   3.3928508E+01   5.6547514E+01   4.0466557E-01   4.0056386E-01   4.0220454E-01
   9.8550725E-01   2.2286373E+01   0.0000000E+00   2.2286373E+01   4.2140412E-01   0.0000000E+00   4.2140412E-01
   1.0000000E+00   2.1884092E+01   0.0000000E+00   2.1884092E+01   4.2295577E-01   0.0000000E+00   4.2295577E-01
