   0.0000000E+00   3.9898286E+10   2.0127772E+10   5.9462926E+10   2.0451692E-08   6.2027198E-10   1.3932583E-08
   1.4492754E-02   5.3799305E+04   2.5763047E+04   7.9562352E+04   1.1280966E-01   6.8785499E-02   9.8553176E-02
   2.8985507E-02   2.5005311E+04   1.8564549E+04   4.3569859E+04   1.2140513E-01   8.1277722E-02   1.0430737E-01
   4.3478261E-02   1.5407313E+04   9.5979980E+03   2.5005311E+04   1.2175753E-01   1.3497782E-01   1.2681342E-01
   5.7971014E-02   1.0418879E+04   7.5773668E+03   1.7996246E+04   1.0304046E-01   1.6018779E-01   1.2710198E-01
   7.2463768E-02   1.1214503E+04   6.0618935E+03   1.7276396E+04   1.0428382E-01   1.0020533E-01   1.0285097E-01
   8.6956522E-02   7.7036563E+03   5.0515779E+03   1.2755234E+04   1.1761972E-01   9.9691071E-02   1.1051926E-01
   1.0144928E-01   8.1186073E+03   2.9226986E+03   1.1041306E+04   1.1204972E-01   1.1024143E-01   1.1157034E-01
   1.1594203E-01   4.9252884E+03   3.5045322E+03   8.4298206E+03   1.2067939E-01   1.3693147E-01   1.2743587E-01
   1.3043478E-01   4.8831920E+03   2.5257889E+03   7.4089809E+03   1.4809310E-01   1.1820752E-01   1.3790483E-01
   1.4492754E-01   5.5314778E+03   2.3489837E+03   7.8804615E+03   1.6644039E-01   1.9526767E-01   1.7501529E-01
   1.5942029E-01   4.8219607E+03   1.5843585E+03   6.4063192E+03   1.4443665E-01   1.4695980E-01   1.4497206E-01
   1.7391304E-01   4.0412623E+03   1.7049075E+03   5.7461699E+03   1.2184391E-01   9.9727571E-02   1.1527133E-01
   1.8840580E-01   3.4389588E+03   1.7486231E+03   5.1875819E+03   1.5921782E-01   1.5440584E-01   1.5759580E-01
   2.0289855E-01   3.9510556E+03   1.7319696E+03   5.6830251E+03   1.1303798E-01   1.0222749E-01   1.0964825E-01
   2.1739130E-01   3.0309467E+03   1.8690838E+03   4.9000306E+03   1.5825416E-01   1.6141955E-01   1.5946152E-01
   2.3188406E-01   3.1256638E+03   1.5154734E+03   4.6411372E+03   1.4747744E-01   1.2294514E-01   1.3933331E-01
   2.4637681E-01   2.7189375E+03   1.0697459E+03   3.7886834E+03   1.6553390E-01   1.4215256E-01   1.5890800E-01
   2.6086957E-01   2.7362714E+03   1.3049910E+03   4.0412623E+03   1.4939501E-01   1.4463655E-01   1.4785313E-01
   2.7536232E-01   1.9142821E+03   1.3958307E+03   3.3101129E+03   1.1562668E-01   1.1591412E-01   1.1570310E-01
   2.8985507E-01   2.0458890E+03   1.4396997E+03   3.4855887E+03   1.8116500E-01   1.3222549E-01   1.6094513E-01
   3.0434783E-01   2.4536235E+03   1.1546464E+03   3.6082699E+03   1.2287085E-01   1.6393514E-01   1.3600188E-01
   3.1884058E-01   1.7565714E+03   9.6439214E+02   2.7209635E+03   1.2970832E-01   1.7595762E-01   1.4604390E-01
   3.3333333E-01   1.4166381E+03   1.0542423E+03   2.4708805E+03   1.3882328E-01   1.6812938E-01   1.5132721E-01
   3.4782609E-01   1.6733352E+03   9.7874322E+02   2.6520784E+03   1.4969173E-01   1.3407176E-01   1.4391141E-01
   3.6231884E-01   1.6367112E+03   7.8804615E+02   2.4247574E+03   1.2198817E-01   1.0162869E-01   1.1537132E-01
   3.7681159E-01   1.3406111E+03   4.9544322E+02   1.8360543E+03   1.7405027E-01   1.6016123E-01   1.7030243E-01
   3.9130435E-01   1.3190231E+03   5.8935075E+02   1.9083739E+03   1.6761376E-01   1.4774075E-01   1.6144841E-01
   4.0579710E-01   1.6507835E+03   8.3892276E+02   2.4897062E+03   1.5275480E-01   1.6066257E-01   1.5541541E-01
   4.2028986E-01   1.1496695E+03   6.7935013E+02   1.8290196E+03   1.5673998E-01   1.3407647E-01   1.4832210E-01
   4.3478261E-01   1.3639260E+03   5.8093146E+02   1.9448575E+03   1.6978139E-01   1.7190279E-01   1.7041505E-01
   4.4927536E-01   1.3199284E+03   6.8440733E+02   2.0043357E+03   1.5752762E-01   1.6726679E-01   1.6085319E-01
   4.6376812E-01   9.4717086E+02   4.7358543E+02   1.4207563E+03   1.6290143E-01   1.8266374E-01   1.6948886E-01
   4.7826087E-01   1.1710476E+03   4.5923435E+02   1.6302820E+03   1.9714727E-01   1.5538369E-01   1.8538288E-01
   4.9275362E-01   1.3371824E+03   5.7944570E+02   1.9166281E+03   1.6564578E-01   1.4151536E-01   1.5818261E-01
   5.0724638E-01   1.2340283E+03   4.7629163E+02   1.7103199E+03   2.0629828E-01   1.6943200E-01   1.9603172E-01
   5.2173913E-01   7.9983317E+02   4.4201307E+02   1.2418462E+03   1.5078777E-01   1.9205062E-01   1.6547455E-01
   5.3623188E-01   1.0034891E+03   3.2766992E+02   1.3311590E+03   1.7652232E-01   1.2837421E-01   1.6466976E-01
   5.5072464E-01   8.7737932E+02   4.3868966E+02   1.3160690E+03   1.9523789E-01   1.9564600E-01   1.9537393E-01
   5.6521739E-01   8.9374070E+02   3.4972462E+02   1.2434653E+03   1.6984922E-01   1.7621375E-01   1.7163070E-01
   5.7971014E-01   8.1456694E+02   3.7886834E+02   1.1934353E+03   1.7166247E-01   1.5943549E-01   1.6778089E-01
   5.9420290E-01   7.5773668E+02   2.9570212E+02   1.0534388E+03   2.0014408E-01   1.6509650E-01   1.9030616E-01
   6.0869565E-01   7.2165398E+02   3.6082699E+02   1.0824810E+03   2.0170730E-01   2.2651743E-01   2.0997735E-01
   6.2318841E-01   5.6389707E+02   2.1146140E+02   7.7535847E+02   2.1493866E-01   2.5935039E-01   2.2705095E-01
   6.3768116E-01   6.3718767E+02   4.1331092E+02   1.0504986E+03   1.8447546E-01   2.3502079E-01   2.0436170E-01
   6.5217391E-01   5.3883498E+02   2.6941749E+02   8.0825246E+02   1.8822826E-01   2.2460050E-01   2.0035220E-01
   6.6666667E-01   8.5657190E+02   2.8003312E+02   1.1366050E+03   2.4697587E-01   1.9592066E-01   2.3439705E-01
   6.8115942E-01   5.3202788E+02   4.1917348E+02   9.5120137E+02   1.7079758E-01   2.3154136E-01   1.9756603E-01
   6.9565217E-01   5.3673015E+02   2.6836508E+02   8.0509523E+02   1.9668112E-01   2.2066282E-01   2.0467502E-01
   7.1014493E-01   4.9484845E+02   1.5464014E+02   6.4948859E+02   1.9519140E-01   2.6706356E-01   2.1230085E-01
   7.2463768E-01   5.9103461E+02   2.2732101E+02   8.1835562E+02   2.2492262E-01   2.3299866E-01   2.2716596E-01
   7.3913043E-01   6.3887603E+02   2.3772131E+02   8.7659734E+02   2.1191346E-01   1.1290248E-01   1.8506302E-01
   7.5362319E-01   3.7886834E+02   1.7486231E+02   5.5373065E+02   2.1030189E-01   2.2049088E-01   2.1351947E-01
   7.6811594E-01   5.7187674E+02   1.7156302E+02   7.4343977E+02   1.4341763E-01   2.3586215E-01   1.6474083E-01
   7.8260870E-01   2.5257889E+02   1.6838593E+02   4.2096482E+02   3.2883005E-01   2.0481079E-01   2.7921403E-01
   7.9710145E-01   3.5820280E+02   2.0665546E+02   5.6485826E+02   2.4042361E-01   1.5842345E-01   2.1042355E-01
   8.1159420E-01   5.1417846E+02   9.4717086E+01   6.0889555E+02   2.7200273E-01   2.7893348E-01   2.7306381E-01
   8.2608696E-01   3.0575340E+02   1.5952351E+02   4.6527691E+02   2.4625668E-01   1.4864867E-01   2.1279108E-01
   8.4057971E-01   4.4419047E+02   9.1450979E+01   5.3564145E+02   2.3889180E-01   2.7202708E-01   2.4454904E-01
   8.5507246E-01   3.8528984E+02   1.2842995E+02   5.1371979E+02   2.3725087E-01   2.9741706E-01   2.5229241E-01
   8.6956522E-01   4.2938412E+02   1.5154734E+02   5.8093146E+02   2.5591024E-01   3.1848230E-01   2.7222371E-01
   8.8405797E-01   1.8632869E+02   7.4531477E+01   2.6086017E+02   2.7265409E-01   2.5923660E-01   2.6882052E-01
   8.9855072E-01   1.5888027E+02   9.7772475E+01   2.5665275E+02   1.7797473E-01   2.4531744E-01   2.0362910E-01
   9.1304348E-01   2.4055133E+02   1.6838593E+02   4.0893726E+02   1.9088404E-01   2.5553181E-01   2.1750180E-01
   9.2753623E-01   1.7759454E+02   9.4717086E+01   2.7231162E+02   3.0539305E-01   5.0145693E-02   2.1658995E-01
   9.4202899E-01   1.0491739E+02   1.1657487E+02   2.2149226E+02   2.2959552E-01   2.3568647E-01   2.3280128E-01
   9.5652174E-01   1.3777031E+02   8.0366012E+01   2.1813632E+02   3.8076545E-01   2.3317418E-01   3.2638972E-01
   9.7101449E-01   9.0476022E+01   4.5238011E+01   1.3571403E+02   4.2259671E-01   3.1716275E-01   3.8745206E-01
   9.8550725E-01   1.1143187E+02   4.4572746E+01   1.5600461E+02   3.3919667E-01   3.5167628E-06   2.4228233E-01
   1.0000000E+00   0.0000000E+00   2.1884092E+01   2.1884092E+01   0.0000000E+00   5.2886202E-06   5.2886202E-06
