   0.0000000E+00   3.9757492E+10   2.0031630E+10   5.9220601E+10   4.1508369E-07   4.8259280E-07   4.4168740E-07
   1.4492754E-02   4.3569859E+05   2.1519722E+05   6.5089581E+05   9.3827991E-02   1.0395329E-01   9.7143441E-02
   2.8985507E-02   2.5763047E+05   1.2919410E+05   3.8682458E+05   1.2539041E-01   1.3627136E-01   1.2902298E-01
   4.3478261E-02   1.8413001E+05   8.7644876E+04   2.7177489E+05   1.1650560E-01   1.2389325E-01   1.1888656E-01
   5.7971014E-02   1.2540542E+05   6.2134408E+04   1.8753983E+05   1.0668136E-01   1.0792815E-01   1.0709100E-01
   7.2463768E-02   1.0017279E+05   5.4708589E+04   1.5488138E+05   1.1094658E-01   1.2259623E-01   1.1505133E-01
   8.6956522E-02   7.7668010E+04   3.8644571E+04   1.1631258E+05   1.2117748E-01   1.1616315E-01   1.1949308E-01
   1.0144928E-01   6.9278783E+04   3.5830120E+04   1.0510890E+05   1.1492129E-01   1.1964359E-01   1.1652931E-01
   1.1594203E-01   5.7303837E+04   2.7846823E+04   8.5150660E+04   1.3030959E-01   1.1217792E-01   1.2437961E-01
   1.3043478E-01   5.4978006E+04   2.8036257E+04   8.3014263E+04   1.3601687E-01   1.3546483E-01   1.3582305E-01
   1.4492754E-01   4.8495148E+04   2.4702216E+04   7.3197364E+04   1.2873761E-01   1.1618181E-01   1.2448447E-01
   1.5942029E-01   4.0297815E+04   2.2112134E+04   6.2409949E+04   1.2931653E-01   1.2325705E-01   1.2716024E-01
   1.7391304E-01   3.7760545E+04   2.1532351E+04   5.9292896E+04   1.0796207E-01   1.2665051E-01   1.1471369E-01
   1.8840580E-01   3.3981576E+04   1.7894243E+04   5.1875819E+04   1.2564228E-01   1.1683423E-01   1.2260397E-01
   2.0289855E-01   3.3286290E+04   1.7157323E+04   5.0443614E+04   1.3117009E-01   1.1953723E-01   1.2720389E-01
   2.1739130E-01   3.0056888E+04   1.5609376E+04   4.5666264E+04   1.0882999E-01   1.3462230E-01   1.1764039E-01
   2.3188406E-01   2.6710218E+04   1.2834165E+04   3.9544383E+04   1.3542583E-01   1.3179233E-01   1.3424451E-01
   2.4637681E-01   2.6030484E+04   1.3193533E+04   3.9224017E+04   1.4256708E-01   1.2949244E-01   1.3816895E-01
   2.6086957E-01   2.3068872E+04   1.2502655E+04   3.5571528E+04   1.2872803E-01   1.3975207E-01   1.3257618E-01
   2.7536232E-01   2.1655317E+04   1.1007122E+04   3.2662439E+04   1.3288970E-01   1.3859539E-01   1.3480983E-01
   2.8985507E-01   2.0421004E+04   1.0305219E+04   3.0726223E+04   1.3794304E-01   1.4023650E-01   1.3871217E-01
   3.0434783E-01   2.0422808E+04   1.0824810E+04   3.1247618E+04   1.4599947E-01   1.4841625E-01   1.4680522E-01
   3.1884058E-01   1.8047910E+04   9.1617254E+03   2.7209635E+04   1.4090579E-01   1.5106937E-01   1.4432716E-01
   3.3333333E-01   1.7131438E+04   8.7633895E+03   2.5894828E+04   1.3581501E-01   1.3180552E-01   1.3443746E-01
   3.4782609E-01   1.6891214E+04   8.2719588E+03   2.5163172E+04   1.4477020E-01   1.3473722E-01   1.4146986E-01
   3.6231884E-01   1.5639685E+04   8.1532467E+03   2.3792932E+04   1.3764707E-01   1.3356085E-01   1.3624033E-01
   3.7681159E-01   1.4717578E+04   7.1402111E+03   2.1857789E+04   1.3837637E-01   1.4041210E-01   1.3904120E-01
   3.9130435E-01   1.5042476E+04   7.0722091E+03   2.2114685E+04   1.4685971E-01   1.5685452E-01   1.5005512E-01
   4.0579710E-01   1.3828694E+04   6.4948859E+03   2.0323580E+04   1.5836888E-01   1.5722716E-01   1.5797909E-01
   4.2028986E-01   1.2306689E+04   5.9573781E+03   1.8264067E+04   1.4880846E-01   1.5125359E-01   1.4957449E-01
   4.3478261E-01   1.2906782E+04   5.7335409E+03   1.8640322E+04   1.5069257E-01   1.2219487E-01   1.4185330E-01
   4.4927536E-01   1.1903799E+04   5.5730311E+03   1.7476830E+04   1.4795916E-01   1.6277614E-01   1.5267442E-01
   4.6376812E-01   1.1531805E+04   5.9434971E+03   1.7475302E+04   1.6050513E-01   1.7431946E-01   1.6518462E-01
   4.7826087E-01   9.7816917E+03   4.6382670E+03   1.4419959E+04   1.4802058E-01   1.6861702E-01   1.5463653E-01
   4.9275362E-01   9.9620088E+03   5.1035794E+03   1.5065588E+04   1.5771700E-01   1.5354817E-01   1.5630413E-01
   5.0724638E-01   1.0002124E+04   4.6979674E+03   1.4700092E+04   1.6703672E-01   1.7473793E-01   1.6949243E-01
   5.2173913E-01   8.4824412E+03   4.4622271E+03   1.2944668E+04   1.5649612E-01   1.8070410E-01   1.6483782E-01
   5.3623188E-01   8.9494846E+03   4.0344359E+03   1.2983920E+04   1.6055747E-01   1.6376345E-01   1.6155360E-01
   5.5072464E-01   8.6142697E+03   4.2672540E+03   1.2881524E+04   1.7257867E-01   1.5980007E-01   1.6832790E-01
   5.6521739E-01   7.3830754E+03   4.2355538E+03   1.1618629E+04   1.5241293E-01   1.6450675E-01   1.5682154E-01
   5.7971014E-01   7.6720839E+03   4.0728347E+03   1.1744919E+04   1.9023504E-01   1.8237746E-01   1.8750997E-01
   5.9420290E-01   7.4479972E+03   3.6593137E+03   1.1107311E+04   1.6152480E-01   1.8785524E-01   1.7018619E-01
   6.0869565E-01   6.8557129E+03   3.8067248E+03   1.0662438E+04   1.7799422E-01   1.6038545E-01   1.7170604E-01
   6.2318841E-01   6.4319509E+03   3.4186260E+03   9.8505769E+03   1.9067849E-01   1.6185571E-01   1.8065206E-01
   6.3768116E-01   5.8207954E+03   3.2203809E+03   9.0411763E+03   1.9482595E-01   1.8649805E-01   1.9182970E-01
   6.5217391E-01   6.2302794E+03   3.4855887E+03   9.7158681E+03   1.8372916E-01   1.7352681E-01   1.8006902E-01
   6.6666667E-01   5.3041568E+03   2.9156390E+03   8.2197958E+03   1.8131003E-01   1.9460176E-01   1.8602465E-01
   6.8115942E-01   5.7394523E+03   2.7246277E+03   8.4640800E+03   1.8825410E-01   1.7179360E-01   1.8294875E-01
   6.9565217E-01   5.4304462E+03   2.6994369E+03   8.1298832E+03   2.0189516E-01   1.7553432E-01   1.9314227E-01
   7.1014493E-01   5.3350848E+03   2.6752744E+03   8.0103592E+03   1.8515264E-01   1.9522206E-01   1.8850440E-01
   7.2463768E-01   4.9707526E+03   2.5156858E+03   7.4864384E+03   1.8244205E-01   1.9133928E-01   1.8543001E-01
   7.3913043E-01   4.7544263E+03   2.1692070E+03   6.9236332E+03   2.0127864E-01   1.6209449E-01   1.8899754E-01
   7.5362319E-01   4.3861297E+03   2.4335005E+03   6.8196302E+03   2.0633865E-01   2.0149854E-01   2.0460511E-01
   7.6811594E-01   4.0031372E+03   1.5869580E+03   5.5900952E+03   2.1094265E-01   1.8980450E-01   2.0494167E-01
   7.8260870E-01   3.7606191E+03   2.0627276E+03   5.8233467E+03   1.9493187E-01   1.7092922E-01   1.8632670E-01
   7.9710145E-01   3.7060212E+03   1.7496829E+03   5.4557041E+03   2.1208258E-01   2.0382972E-01   2.0940436E-01
   8.1159420E-01   3.1933189E+03   1.6643145E+03   4.8576334E+03   2.0472329E-01   2.0439211E-01   2.0460761E-01
   8.2608696E-01   3.8285643E+03   1.1831327E+03   5.0116970E+03   2.4163224E-01   2.0918103E-01   2.3396033E-01
   8.4057971E-01   3.2661064E+03   1.4893445E+03   4.7554509E+03   2.0160653E-01   2.4168615E-01   2.1415703E-01
   8.5507246E-01   2.9795748E+03   1.2971425E+03   4.2767172E+03   2.1606167E-01   1.9823447E-01   2.1060689E-01
   8.6956522E-01   2.8541415E+03   1.3639260E+03   4.2180675E+03   2.1128201E-01   2.1736469E-01   2.1324568E-01
   8.8405797E-01   2.8073523E+03   1.3539885E+03   4.1613408E+03   2.1661404E-01   2.2249350E-01   2.1852425E-01
   8.9855072E-01   2.3587610E+03   1.0999403E+03   3.4587013E+03   1.9796164E-01   2.0189438E-01   1.9921219E-01
   9.1304348E-01   2.1409068E+03   9.8626045E+02   3.1271673E+03   2.0627525E-01   2.1625445E-01   2.0940980E-01
   9.2753623E-01   1.9061813E+03   9.4717086E+02   2.8533522E+03   1.9831840E-01   2.2300593E-01   2.0651098E-01
   9.4202899E-01   1.6437057E+03   8.9762653E+02   2.5413323E+03   2.3263345E-01   2.3070579E-01   2.3194352E-01
   9.5652174E-01   1.7106480E+03   5.8552380E+02   2.2961718E+03   2.2706967E-01   2.0797971E-01   2.2219910E-01
   9.7101449E-01   1.0970218E+03   5.0892762E+02   1.6059494E+03   2.4162151E-01   1.6645858E-01   2.1779633E-01
   9.8550725E-01   7.6887987E+02   3.9001153E+02   1.1588914E+03   2.2209735E-01   2.0868798E-01   2.1753496E-01
   1.0000000E+00   2.8449320E+02   1.7507274E+02   4.5956593E+02   2.6325073E-01   3.7408796E-01   3.0547443E-01
