   0.0000000E+00   3.9928619E+10   2.0100936E+10   5.9444213E+10   2.4440834E-12   0.0000000E+00   1.6416884E-12
   1.4492754E-02   3.7886834E+03   3.0309467E+03   6.8196302E+03   1.0484794E-01   7.9311149E-02   9.3498256E-02
   2.8985507E-02   3.4098151E+03   1.5154734E+03   4.9252884E+03   3.4608948E-02   9.9845826E-02   5.4681834E-02
   4.3478261E-02   1.5154734E+03   0.0000000E+00   1.5154734E+03   2.1005555E-01   0.0000000E+00   2.1005555E-01
   5.7971014E-02   1.8943417E+03   5.6830251E+02   2.4626442E+03   7.5287826E-02   1.8852821E-01   1.0142022E-01
   7.2463768E-02   9.0928402E+02   7.5773668E+02   1.6670207E+03   1.0756501E-01   1.0821303E-01   1.0785956E-01
   8.6956522E-02   8.8402613E+02   3.7886834E+02   1.2628945E+03   1.4098143E-01   1.2666012E-01   1.3668504E-01
   1.0144928E-01   5.4124049E+02   2.1649620E+02   7.5773668E+02   7.6751233E-02   6.4071871E-02   7.3128558E-02
   1.1594203E-01   2.8415126E+02   2.8415126E+02   5.6830251E+02   1.8374476E-01   1.0335230E-01   1.4354853E-01
   1.3043478E-01   8.4192965E+02   3.3677186E+02   1.1787015E+03   1.9648318E-01   3.4920688E-02   1.5032247E-01
   1.4492754E-01   3.0309467E+02   7.5773668E+01   3.7886834E+02   1.6300326E-01   9.2343010E-02   1.4887121E-01
   1.5942029E-01   1.3777031E+02   2.0665546E+02   3.4442577E+02   1.6707140E-01   2.6706826E-01   2.2706952E-01
   1.7391304E-01   2.5257889E+02   1.2628945E+02   3.7886834E+02   1.3900404E-01   5.6827351E-02   1.1161181E-01
   1.8840580E-01   4.6629950E+02   2.3314975E+02   6.9944925E+02   1.4147837E-01   5.5588268E-03   9.6171858E-02
   2.0289855E-01   5.9536454E+02   1.0824810E+02   7.0361264E+02   1.1860428E-01   2.5912283E-01   1.4022252E-01
   2.1739130E-01   3.0309467E+02   3.5361045E+02   6.5670513E+02   4.3596070E-02   9.6427212E-02   7.2043608E-02
   2.3188406E-01   2.3679271E+02   1.4207563E+02   3.7886834E+02   1.1785826E-01   8.6497012E-02   1.0609779E-01
   2.4637681E-01   1.7829098E+02   8.9145492E+01   2.6743648E+02   5.9013766E-02   2.7095729E-01   1.2966161E-01
   2.6086957E-01   5.0515779E+02   1.2628945E+02   6.3144724E+02   1.6644251E-01   1.6759156E-01   1.6667232E-01
   2.7536232E-01   1.1964263E+02   1.1964263E+02   2.3928527E+02   3.1122514E-02   1.1024987E-01   7.0686190E-02
   2.8985507E-01   2.6520784E+02   1.5154734E+02   4.1675518E+02   1.0644033E-01   1.7652444E-01   1.3192546E-01
   3.0434783E-01   1.4433080E+02   7.2165398E+01   2.1649620E+02   9.4460366E-02   5.5079690E-06   6.2971741E-02
   3.1884058E-01   3.4442577E+02   1.3777031E+02   4.8219607E+02   1.7170589E-01   1.9135778E-06   1.2264761E-01
   3.3333333E-01   1.6472537E+02   9.8835220E+01   2.6356059E+02   1.9993374E-01   8.5108042E-02   1.5687410E-01
   3.4782609E-01   2.2100653E+02   3.1572362E+01   2.5257889E+02   2.0764531E-01   9.5851522E-06   1.8169085E-01
   3.6231884E-01   1.5154734E+02   9.0928402E+01   2.4247574E+02   5.5827742E-02   1.2424752E-01   8.1485161E-02
   3.7681159E-01   1.1657487E+02   2.9143719E+01   1.4571859E+02   9.9546362E-02   5.2523810E-02   9.0141852E-02
   3.9130435E-01   1.1225729E+02   1.1225729E+02   2.2451457E+02   8.5329509E-02   3.0558393E-01   1.9545672E-01
   4.0579710E-01   1.3531012E+02   2.7062024E+01   1.6237215E+02   2.5261868E-01   2.4348854E-01   2.5109699E-01
   4.2028986E-01   5.2257702E+01   2.6128851E+01   7.8386554E+01   2.4059647E-01   1.8572399E-06   1.6039826E-01
   4.3478261E-01   7.5773668E+01   2.5257889E+01   1.0103156E+02   1.1697082E-01   2.2463206E-01   1.4388613E-01
   4.4927536E-01   1.9554495E+02   7.3329357E+01   2.6887431E+02   2.1559327E-01   1.1716747E-01   1.8874987E-01
   4.6376812E-01   1.1839636E+02   7.1037814E+01   1.8943417E+02   1.7664138E-01   2.1605301E-01   1.9142074E-01
   4.7826087E-01   9.1846871E+01   9.1846871E+01   1.8369374E+02   1.4956779E-01   9.5778735E-02   1.2267326E-01
   4.9275362E-01   1.1143187E+02   4.4572746E+01   1.5600461E+02   1.0360222E-01   2.4844078E-01   1.4498467E-01
   5.0724638E-01   1.9484658E+02   2.1649620E+01   2.1649620E+02   9.2386517E-02   7.9019543E-06   8.3147075E-02
   5.2173913E-01   6.3144724E+01   2.1048241E+01   8.4192965E+01   1.3084554E-01   3.9507773E-01   1.9690358E-01
   5.3623188E-01   1.0239685E+02   0.0000000E+00   1.0239685E+02   1.6121163E-01   0.0000000E+00   1.6121163E-01
   5.5072464E-01   7.9761756E+01   3.9880878E+01   1.1964263E+02   6.1856801E-02   2.8433310E-01   1.3601557E-01
   5.6521739E-01   7.7716583E+01   3.8858291E+01   1.1657487E+02   3.5986795E-01   2.1038436E-01   3.1004009E-01
   5.7971014E-01   7.5773668E+01   3.7886834E+01   1.1366050E+02   3.5473321E-01   8.3139449E-06   2.3649158E-01
   5.9420290E-01   7.3925530E+01   0.0000000E+00   7.3925530E+01   2.9261000E-01   0.0000000E+00   2.9261000E-01
   6.0869565E-01   9.0206748E+01   1.8041350E+01   1.0824810E+02   7.4816395E-02   1.7939693E-01   9.2246485E-02
   6.2318841E-01   1.0573070E+02   3.5243567E+01   1.4097427E+02   1.6698778E-01   3.0686498E-01   2.0195708E-01
   6.3768116E-01   1.7221288E+01   8.6106441E+01   1.0332773E+02   1.7522409E-05   1.6516674E-01   1.3764187E-01
   6.5217391E-01   8.4192965E+01   3.3677186E+01   1.1787015E+02   8.8629420E-02   1.9422277E-06   6.3307284E-02
   6.6666667E-01   4.9417610E+01   1.6472537E+01   6.5890146E+01   2.2428120E-01   1.1284553E-05   1.6821372E-01
   6.8115942E-01   1.6122057E+01   1.6122057E+01   3.2244114E+01   3.4430127E-06   2.8085512E-01   1.4042928E-01
   6.9565217E-01   4.7358543E+01   1.5786181E+01   6.3144724E+01   1.9973865E-01   3.3598258E-06   1.4980315E-01
   7.1014493E-01   1.0824810E+02   4.6392042E+01   1.5464014E+02   2.5665169E-01   2.2614780E-01   2.4716715E-01
   7.2463768E-01   4.5464201E+01   0.0000000E+00   4.5464201E+01   1.2062492E-01   0.0000000E+00   1.2062492E-01
   7.3913043E-01   2.9715164E+01   1.4857582E+01   4.4572746E+01   2.6438500E-01   2.0347939E-01   2.4408313E-01
   7.5362319E-01   1.4571859E+01   2.9143719E+01   4.3715578E+01   2.6617890E-06   1.7617215E-01   1.1744899E-01
   7.6811594E-01   5.7187674E+01   1.4296919E+01   7.1484593E+01   2.5379837E-01   3.2395789E-01   2.6783027E-01
   7.8260870E-01   2.8064322E+01   1.4032161E+01   4.2096482E+01   4.2656646E-01   4.2138797E-01   4.2484030E-01
   7.9710145E-01   1.3777031E+01   2.7554061E+01   4.1331092E+01   4.2718685E-01   3.7154728E-01   3.9009380E-01
   8.1159420E-01   4.0593037E+01   4.0593037E+01   8.1186073E+01   2.0102376E-01   3.9204365E-01   2.9653371E-01
   8.2608696E-01   3.9880878E+01   0.0000000E+00   3.9880878E+01   2.7229352E-01   0.0000000E+00   2.7229352E-01
   8.4057971E-01   0.0000000E+00   5.2257702E+01   5.2257702E+01   0.0000000E+00   2.1311843E-01   2.1311843E-01
   8.5507246E-01   2.5685989E+01   3.8528984E+01   6.4214973E+01   1.2869898E-04   3.9070059E-01   2.3447183E-01
   8.6956522E-01   2.5257889E+01   0.0000000E+00   2.5257889E+01   1.7536354E-01   0.0000000E+00   1.7536354E-01
   8.8405797E-01   1.2421913E+01   1.2421913E+01   2.4843826E+01   3.7410857E-01   1.9606965E-06   1.8705430E-01
   8.9855072E-01   3.6664678E+01   0.0000000E+00   3.6664678E+01   1.3164724E-01   0.0000000E+00   1.3164724E-01
   9.1304348E-01   1.2027566E+01   0.0000000E+00   1.2027566E+01   3.9436301E-01   0.0000000E+00   3.9436301E-01
   9.2753623E-01   1.1839636E+01   1.1839636E+01   2.3679271E+01   1.2295857E-05   3.1150651E-05   9.4273974E-06
   9.4202899E-01   1.1657487E+01   0.0000000E+00   1.1657487E+01   1.1246474E-05   0.0000000E+00   1.1246474E-05
   9.5652174E-01   0.0000000E+00   0.0000000E+00   0.0000000E+00   0.0000000E+00   0.0000000E+00   0.0000000E+00
   9.7101449E-01   0.0000000E+00   0.0000000E+00   0.0000000E+00   0.0000000E+00   0.0000000E+00   0.0000000E+00
   9.8550725E-01   0.0000000E+00   1.1143187E+01   1.1143187E+01   0.0000000E+00   4.7959179E-04   4.7959179E-04
   1.0000000E+00   0.0000000E+00   0.0000000E+00   0.0000000E+00   0.0000000E+00   0.0000000E+00   0.0000000E+00
