   0.0000000E+00   3.9786904E+10   2.0021004E+10   5.9255930E+10   3.4816748E-07   2.5799652E-07   3.1925326E-07
   1.4492754E-02   5.1677642E+05   2.4171800E+05   7.5849442E+05   1.1401663E-01   1.0662103E-01   1.1165773E-01
   2.8985507E-02   2.5914595E+05   1.3525600E+05   3.9440194E+05   1.0813394E-01   1.2349406E-01   1.1340146E-01
   4.3478261E-02   1.7958359E+05   8.0825246E+04   2.6040884E+05   1.1400099E-01   1.2172408E-01   1.1639770E-01
   5.7971014E-02   1.3620317E+05   6.6680828E+04   2.0288400E+05   1.1628090E-01   1.2369378E-01   1.1871539E-01
   7.2463768E-02   1.0274909E+05   5.0465263E+04   1.5321436E+05   1.2087131E-01   1.1419289E-01   1.1867075E-01
   8.6956522E-02   7.7036563E+04   4.0033755E+04   1.1707032E+05   1.2264732E-01   1.0502445E-01   1.1661943E-01
   1.0144928E-01   6.1268423E+04   3.7020849E+04   9.8289273E+04   1.3087721E-01   1.2047447E-01   1.2692519E-01
   1.1594203E-01   5.8914027E+04   3.0214750E+04   8.9128777E+04   1.2385474E-01   1.2127155E-01   1.2296209E-01
   1.3043478E-01   5.3883498E+04   2.4163381E+04   7.8046878E+04   1.2935587E-01   1.1117992E-01   1.2372324E-01
   1.4492754E-01   4.7358543E+04   2.3262516E+04   7.0621059E+04   1.2503403E-01   1.1149753E-01   1.2057476E-01
   1.5942029E-01   4.1537747E+04   2.0252235E+04   6.1789982E+04   1.2571485E-01   1.3344332E-01   1.2824692E-01
   1.7391304E-01   3.8391992E+04   1.9195996E+04   5.7587988E+04   1.2419846E-01   1.3403142E-01   1.2741606E-01
   1.8840580E-01   3.2757540E+04   1.6029045E+04   4.8786585E+04   1.2773524E-01   1.2818762E-01   1.2788107E-01
   2.0289855E-01   2.9822351E+04   1.6345463E+04   4.6167814E+04   1.2760333E-01   1.2078558E-01   1.2518649E-01
   2.1739130E-01   2.7531100E+04   1.5154734E+04   4.2685833E+04   1.2446811E-01   1.1478373E-01   1.2100232E-01
   2.3188406E-01   2.8320409E+04   1.2313221E+04   4.0633630E+04   1.4537645E-01   1.3271805E-01   1.4153792E-01
   2.4637681E-01   2.6119629E+04   1.2836951E+04   3.8956580E+04   1.2880993E-01   1.3407377E-01   1.3054242E-01
   2.6086957E-01   2.4500153E+04   1.2544752E+04   3.7044905E+04   1.1839429E-01   1.4738875E-01   1.2821282E-01
   2.7536232E-01   2.1575555E+04   1.0528552E+04   3.2104107E+04   1.3714033E-01   1.4472706E-01   1.3959771E-01
   2.8985507E-01   2.0610438E+04   9.4338217E+03   3.0044260E+04   1.2372105E-01   1.3682125E-01   1.2782162E-01
   3.0434783E-01   1.9809402E+04   8.9485094E+03   2.8757911E+04   1.4384288E-01   1.2778578E-01   1.3880246E-01
   3.1884058E-01   1.7324616E+04   8.1628906E+03   2.5487507E+04   1.3776179E-01   1.4200284E-01   1.3911867E-01
   3.3333333E-01   1.6439592E+04   9.1257853E+03   2.5565377E+04   1.5496161E-01   1.4107352E-01   1.4999486E-01
   3.4782609E-01   1.6196622E+04   7.9878075E+03   2.4184429E+04   1.5945919E-01   1.4276129E-01   1.5385711E-01
   3.6231884E-01   1.4700092E+04   7.5773668E+03   2.2277459E+04   1.4388746E-01   1.5241839E-01   1.4677771E-01
   3.7681159E-01   1.5242165E+04   7.0527799E+03   2.2294945E+04   1.5121826E-01   1.4550208E-01   1.4932987E-01
   3.9130435E-01   1.3246360E+04   7.1283377E+03   2.0374698E+04   1.5716502E-01   1.4060443E-01   1.5134566E-01
   4.0579710E-01   1.2313221E+04   6.6301960E+03   1.8943417E+04   1.3910423E-01   1.3777944E-01   1.3863305E-01
   4.2028986E-01   1.1757983E+04   6.0096358E+03   1.7767619E+04   1.3329907E-01   1.5781794E-01   1.4159060E-01
   4.3478261E-01   1.1719661E+04   5.1526095E+03   1.6872270E+04   1.5608421E-01   1.5549760E-01   1.5590464E-01
   4.4927536E-01   1.1146062E+04   5.4508155E+03   1.6596878E+04   1.5348222E-01   1.5262027E-01   1.5316824E-01
   4.6376812E-01   1.0276804E+04   5.0910433E+03   1.5367847E+04   1.4572808E-01   1.5612656E-01   1.4915452E-01
   4.7826087E-01   1.0034271E+04   4.7989990E+03   1.4833270E+04   1.4852146E-01   1.5718568E-01   1.5132412E-01
   4.9275362E-01   9.2934176E+03   4.7469975E+03   1.4040415E+04   1.6065341E-01   1.5183543E-01   1.5766615E-01
   5.0724638E-01   8.6598478E+03   4.0917781E+03   1.2751626E+04   1.6808022E-01   1.6029691E-01   1.6558192E-01
   5.2173913E-01   8.5876824E+03   4.1254553E+03   1.2713138E+04   1.6917442E-01   1.4837639E-01   1.6242495E-01
   5.3623188E-01   7.5978462E+03   4.3211470E+03   1.1918993E+04   1.6661589E-01   1.6992869E-01   1.6781608E-01
   5.5072464E-01   8.2952226E+03   4.4068370E+03   1.2702060E+04   1.7286452E-01   1.7325357E-01   1.7299821E-01
   5.6521739E-01   7.6162251E+03   3.7498251E+03   1.1366050E+04   1.6789431E-01   1.6174832E-01   1.6583471E-01
   5.7971014E-01   7.0090643E+03   3.4477019E+03   1.0456766E+04   1.6420818E-01   1.7171328E-01   1.6667580E-01
   5.9420290E-01   6.7272232E+03   3.2896861E+03   1.0016909E+04   1.5732408E-01   1.8459704E-01   1.6625802E-01
   6.0869565E-01   7.3428293E+03   3.0309467E+03   1.0373776E+04   1.6162930E-01   1.6450224E-01   1.6245238E-01
   6.2318841E-01   6.3967074E+03   3.2424081E+03   9.6391155E+03   1.7655287E-01   1.7288271E-01   1.7530075E-01
   6.3768116E-01   5.4247058E+03   3.0481680E+03   8.4728738E+03   1.8200371E-01   1.8090853E-01   1.8158464E-01
   6.5217391E-01   5.9271847E+03   2.9804310E+03   8.9076157E+03   1.6891064E-01   1.5823535E-01   1.6532871E-01
   6.6666667E-01   5.2053216E+03   3.0309467E+03   8.2362683E+03   1.7516835E-01   1.9072606E-01   1.8086821E-01
   6.8115942E-01   5.6588420E+03   2.8374821E+03   8.4963241E+03   1.8800601E-01   1.8707615E-01   1.8769431E-01
   6.9565217E-01   5.0042194E+03   2.6362922E+03   7.6405116E+03   1.7977818E-01   1.9693172E-01   1.8562015E-01
   7.1014493E-01   4.7629163E+03   2.4897062E+03   7.2526225E+03   1.9884482E-01   1.8467795E-01   1.9398117E-01
   7.2463768E-01   4.6221938E+03   2.4247574E+03   7.0469512E+03   1.8810782E-01   2.0200715E-01   1.9280699E-01
   7.3913043E-01   4.3384140E+03   2.1840646E+03   6.5224785E+03   2.1380412E-01   1.5672957E-01   1.9464590E-01
   7.5362319E-01   3.9781176E+03   1.8797699E+03   5.8578874E+03   1.9465435E-01   1.8640041E-01   1.9200128E-01
   7.6811594E-01   4.0317310E+03   1.9157871E+03   5.9475181E+03   2.0543018E-01   1.8763890E-01   1.9969798E-01
   7.8260870E-01   3.6483618E+03   1.8382131E+03   5.4865749E+03   2.0876972E-01   1.9734186E-01   2.0490923E-01
   7.9710145E-01   3.5131428E+03   1.9838924E+03   5.4970352E+03   2.1597036E-01   2.0991950E-01   2.1371596E-01
   8.1159420E-01   3.2880360E+03   1.7049075E+03   4.9929435E+03   2.2018680E-01   2.2055515E-01   2.2030503E-01
   8.2608696E-01   3.1904702E+03   1.5021797E+03   4.6926500E+03   2.1219368E-01   1.8878351E-01   2.0469372E-01
   8.4057971E-01   2.6912717E+03   1.1888627E+03   3.8801344E+03   2.1776160E-01   1.9235199E-01   2.0994242E-01
   8.5507246E-01   2.8254588E+03   1.2329275E+03   4.0583863E+03   2.2576038E-01   2.2960509E-01   2.2692245E-01
   8.6956522E-01   2.5889337E+03   1.0987182E+03   3.6876519E+03   2.1991628E-01   2.2867443E-01   2.2252468E-01
   8.8405797E-01   2.3974292E+03   1.1800817E+03   3.5775109E+03   1.9592754E-01   2.1351457E-01   2.0172697E-01
   8.9855072E-01   2.2854316E+03   9.8994631E+02   3.2753779E+03   2.4711161E-01   2.3633110E-01   2.4384980E-01
   9.1304348E-01   2.0567139E+03   9.5017775E+02   3.0068916E+03   2.1834097E-01   2.0592802E-01   2.1441722E-01
   9.2753623E-01   1.7996246E+03   9.2349158E+02   2.7231162E+03   2.2961822E-01   2.3816152E-01   2.3248487E-01
   9.4202899E-01   1.7253081E+03   7.4607920E+02   2.4713873E+03   2.2562289E-01   2.6114986E-01   2.3634751E-01
   9.5652174E-01   1.4236265E+03   5.3960037E+02   1.9632269E+03   2.0960661E-01   2.2148914E-01   2.1287027E-01
   9.7101449E-01   1.0744028E+03   4.2976110E+02   1.5041639E+03   2.1431229E-01   3.2763847E-01   2.4668477E-01
   9.8550725E-01   8.6916855E+02   3.5658197E+02   1.2257505E+03   2.5462942E-01   2.2447067E-01   2.4572295E-01
   1.0000000E+00   2.6260910E+02   4.3768184E+01   3.0637729E+02   3.5518815E-01   2.1280563E-01   3.3484779E-01
