   0.0000000E+00   3.7019729E+10   1.8660618E+10   5.5226335E+10   3.1431275E-06   2.8819074E-06   3.2391544E-06
   1.4492754E-02   1.5016826E+07   7.3917214E+06   2.2407789E+07   2.9775392E-02   2.7234861E-02   2.8938109E-02
   2.8985507E-02   7.9649492E+06   4.0561645E+06   1.2021114E+07   1.9362454E-02   1.9418690E-02   1.9388527E-02
   4.3478261E-02   4.7547977E+06   2.4234945E+06   7.1780396E+06   1.5603483E-02   1.3005978E-02   1.4555916E-02
   5.7971014E-02   3.1290736E+06   1.5611270E+06   4.6900112E+06   1.0225728E-02   1.2247991E-02   1.0803723E-02
   7.2463768E-02   2.1689455E+06   1.0700757E+06   3.2391728E+06   8.5337750E-03   1.0400179E-02   9.1273703E-03
   8.6956522E-02   1.5976878E+06   7.8817244E+05   2.3858602E+06   9.3172749E-03   1.0360488E-02   9.4733336E-03
   1.0144928E-01   1.2432294E+06   6.1106051E+05   1.8540734E+06   7.0051760E-03   8.8923681E-03   7.5789477E-03
   1.1594203E-01   9.6990296E+05   4.7784770E+05   1.4477507E+06   8.0796031E-03   9.6860229E-03   8.5644702E-03
   1.3043478E-01   8.1490371E+05   4.1254553E+05   1.2274492E+06   6.6441313E-03   5.4718434E-03   6.1593807E-03
   1.4492754E-01   6.8514551E+05   3.3007010E+05   1.0152156E+06   5.6104642E-03   6.4912019E-03   5.5441757E-03
   1.5942029E-01   5.9275674E+05   3.0027038E+05   8.9295824E+05   5.9647906E-03   7.4365074E-03   6.4492920E-03
   1.7391304E-01   5.1911277E+05   2.5699903E+05   7.7611180E+05   3.9871241E-03   8.8596394E-03   5.5680308E-03
   1.8840580E-01   4.6723210E+05   2.3623898E+05   7.0347108E+05   4.6918256E-03   5.5037628E-03   4.8906168E-03
   2.0289855E-01   4.1919076E+05   2.1709156E+05   6.3628232E+05   3.6849277E-03   9.8321798E-03   5.5406293E-03
   2.1739130E-01   3.9245709E+05   1.8867643E+05   5.8113352E+05   3.9110171E-03   5.5946675E-03   4.3293656E-03
   2.3188406E-01   3.5400511E+05   1.8384586E+05   5.3785097E+05   9.4642119E-03   6.5714686E-03   8.0860133E-03
   2.4637681E-01   3.3438474E+05   1.6335911E+05   4.9774386E+05   6.4905583E-03   1.2138978E-02   8.3437829E-03
   2.6086957E-01   3.1534475E+05   1.5209459E+05   4.6743934E+05   7.9146935E-03   1.1427550E-02   9.0507221E-03
   2.7536232E-01   2.9085124E+05   1.4564497E+05   4.3649621E+05   6.2373345E-03   3.6202955E-03   5.3284119E-03
   2.8985507E-01   2.6816301E+05   1.3419517E+05   4.0235818E+05   5.6315611E-03   8.0696257E-03   6.4208556E-03
   3.0434783E-01   2.5723356E+05   1.2755234E+05   3.8474982E+05   8.9213179E-03   7.8162052E-03   8.5498977E-03
   3.1884058E-01   2.4602332E+05   1.2106566E+05   3.6712342E+05   6.5689500E-03   9.7616845E-03   7.6298384E-03
   3.3333333E-01   2.3341584E+05   1.1672439E+05   3.5014024E+05   8.2464119E-03   3.5915867E-03   6.3429378E-03
   3.4782609E-01   2.1993307E+05   1.1116629E+05   3.3109936E+05   6.3442074E-03   4.9318442E-03   5.7559203E-03
   3.6231884E-01   2.0889285E+05   1.0811387E+05   3.1700672E+05   6.1085471E-03   7.1855376E-03   6.3853350E-03
   3.7681159E-01   2.0149967E+05   9.9380080E+04   3.0087975E+05   7.1729329E-03   1.0980437E-02   8.4246352E-03
   3.9130435E-01   1.9504704E+05   9.4997729E+04   2.9004476E+05   9.5886570E-03   6.8360516E-03   8.4196313E-03
   4.0579710E-01   1.8667384E+05   9.3986411E+04   2.8066026E+05   7.9487767E-03   4.1148932E-03   6.6529942E-03
   4.2028986E-01   1.7793748E+05   8.9256156E+04   2.6716750E+05   6.4208254E-03   8.8037071E-03   7.1783548E-03
   4.3478261E-01   1.6945518E+05   8.5144345E+04   2.5459953E+05   6.0145066E-03   9.6153985E-03   7.0959213E-03
   4.4927536E-01   1.6662874E+05   8.1957777E+04   2.4858652E+05   1.1559864E-02   6.8053893E-03   9.9922820E-03
   4.6376812E-01   1.5706461E+05   7.9704427E+04   2.3676903E+05   9.6993262E-03   9.0462188E-03   8.9246632E-03
   4.7826087E-01   1.5639226E+05   7.4878161E+04   2.3127042E+05   6.7654380E-03   7.1856924E-03   6.8886917E-03
   4.9275362E-01   1.4434884E+05   7.3545031E+04   2.1789387E+05   6.0254690E-03   9.5185578E-03   7.2008398E-03
   5.0724638E-01   1.3998644E+05   6.9993220E+04   2.0997966E+05   9.3460922E-03   1.1698009E-02   9.9445221E-03
   5.2173913E-01   1.3576116E+05   6.9543389E+04   2.0530454E+05   6.9368284E-03   4.8408520E-03   6.2140202E-03
   5.3623188E-01   1.3065838E+05   6.7397606E+04   1.9805599E+05   6.0306411E-03   6.7392656E-03   6.1389547E-03
   5.5072464E-01   1.2708042E+05   6.6521305E+04   1.9360172E+05   8.3570156E-03   1.0944018E-02   9.1701642E-03
   5.6521739E-01   1.2481283E+05   6.2367558E+04   1.8718039E+05   9.7703458E-03   1.1205499E-02   1.0248522E-02
   5.7971014E-01   1.1674828E+05   5.9652820E+04   1.7640110E+05   4.6324542E-03   6.9619449E-03   5.0421593E-03
   5.9420290E-01   1.1844718E+05   5.7828246E+04   1.7627543E+05   6.6467463E-03   1.0614477E-02   7.7054644E-03
   6.0869565E-01   1.1183833E+05   5.6198804E+04   1.6803713E+05   7.1631003E-03   5.0361475E-03   5.9170090E-03
   6.2318841E-01   1.0856781E+05   5.3041568E+04   1.6160938E+05   9.9086085E-03   7.1825706E-03   8.8906461E-03
   6.3768116E-01   1.0711641E+05   5.2972683E+04   1.6008910E+05   6.8254145E-03   9.5543034E-03   7.7175508E-03
   6.5217391E-01   1.0202503E+05   5.0768358E+04   1.5279339E+05   8.7041138E-03   9.6876591E-03   8.8350655E-03
   6.6666667E-01   9.9642374E+04   4.9285830E+04   1.4892820E+05   8.4823716E-03   9.7944190E-03   8.8963344E-03
   6.8115942E-01   9.5394212E+04   4.7527824E+04   1.4292204E+05   1.0626522E-02   1.0417881E-02   1.0556591E-02
   6.9565217E-01   9.2775385E+04   4.5906214E+04   1.3868160E+05   9.1500430E-03   1.3509268E-02   1.0583923E-02
   7.1014493E-01   8.9969633E+04   4.4428112E+04   1.3439775E+05   9.3046686E-03   1.0410233E-02   9.4438525E-03
   7.2463768E-01   8.6806315E+04   4.2812123E+04   1.2961844E+05   8.5721445E-03   1.0677676E-02   9.2450107E-03
   7.3913043E-01   8.3975054E+04   4.1556657E+04   1.2553171E+05   9.6421824E-03   8.1647951E-03   9.1427815E-03
   7.5362319E-01   8.0320089E+04   3.9314876E+04   1.1963496E+05   8.2962392E-03   1.0875867E-02   9.1433723E-03
   7.6811594E-01   8.1120716E+04   3.8830431E+04   1.1995115E+05   1.0756234E-02   1.0943066E-02   1.0801999E-02
   7.8260870E-01   7.2321757E+04   3.7269419E+04   1.0959118E+05   9.3891963E-03   5.3906489E-03   7.9784465E-03
   7.9710145E-01   7.5236364E+04   3.7321976E+04   1.1255834E+05   1.0945812E-02   1.0217524E-02   1.0701871E-02
   8.1159420E-01   6.8074522E+04   3.5072384E+04   1.0314691E+05   9.0651779E-03   4.7562227E-03   7.4980810E-03
   8.2608696E-01   6.7026462E+04   3.3553112E+04   1.0057957E+05   1.3248297E-02   1.1823322E-02   1.2675110E-02
   8.4057971E-01   6.3257949E+04   3.1851070E+04   9.5109018E+04   1.2473989E-02   8.1011106E-03   1.1008597E-02
   8.5507246E-01   6.2249995E+04   3.0951617E+04   9.3201612E+04   1.4161285E-02   1.1242533E-02   1.3184103E-02
   8.6956522E-01   5.7259635E+04   2.9008686E+04   8.6268321E+04   1.0214887E-02   1.1382227E-02   1.0532888E-02
   8.8405797E-01   5.2793130E+04   2.6645003E+04   7.9438133E+04   7.6534939E-03   1.5655841E-02   1.0330808E-02
   8.9855072E-01   4.9973956E+04   2.3905370E+04   7.3879327E+04   1.3965210E-02   1.5594973E-02   1.4219346E-02
   9.1304348E-01   4.5151484E+04   2.1649620E+04   6.6801104E+04   9.5932989E-03   1.1653978E-02   1.0049330E-02
   9.2753623E-01   4.0420516E+04   1.9547239E+04   5.9967755E+04   1.0073580E-02   1.2284338E-02   1.0748834E-02
   9.4202899E-01   3.3923288E+04   1.6483687E+04   5.0406976E+04   1.2281934E-02   1.0644505E-02   1.1682739E-02
   9.5652174E-01   2.8828437E+04   1.4488844E+04   4.3317280E+04   1.2918893E-02   1.4864153E-02   1.3564973E-02
   9.7101449E-01   2.1194008E+04   1.0823194E+04   3.2017202E+04   1.1549415E-02   1.3556326E-02   1.1537187E-02
   9.8550725E-01   1.4330138E+04   6.8419165E+03   2.1172054E+04   1.7704776E-02   1.1962861E-02   1.5821104E-02
   1.0000000E+00   7.0904458E+03   3.4576865E+03   1.0548132E+04   2.2470500E-02   1.1532394E-02   1.7898455E-02
