   0.0000000E+00   3.9767652E+10   2.0034819E+10   5.9243667E+10   2.0188296E-07   3.9132985E-07   2.6520846E-07
   1.4492754E-02   4.5918843E+05   2.0913532E+05   6.6832376E+05   1.1008277E-01   1.0798600E-01   1.0942518E-01
   2.8985507E-02   2.6179802E+05   1.2237447E+05   3.8417250E+05   1.0501606E-01   1.2136415E-01   1.1022183E-01
   4.3478261E-02   1.5861955E+05   8.3856193E+04   2.4247574E+05   1.0539111E-01   1.2185665E-01   1.1108519E-01
   5.7971014E-02   1.1669145E+05   6.2892145E+04   1.7958359E+05   1.2269914E-01   1.1172059E-01   1.1883160E-01
   7.2463768E-02   9.3201612E+04   4.8192053E+04   1.4139367E+05   1.0507491E-01   1.2390326E-01   1.1148772E-01
   8.6956522E-02   8.4108772E+04   4.4201307E+04   1.2831008E+05   1.1957387E-01   1.2815299E-01   1.2252442E-01
   1.0144928E-01   6.5923092E+04   2.8793994E+04   9.4717086E+04   1.2369488E-01   1.1846580E-01   1.2210243E-01
   1.1594203E-01   5.8440442E+04   2.8036257E+04   8.6476699E+04   1.2200763E-01   1.2096859E-01   1.2166824E-01
   1.3043478E-01   5.3462533E+04   2.3742416E+04   7.7204949E+04   1.1499962E-01   1.0608065E-01   1.1225439E-01
   1.4492754E-01   4.5009559E+04   2.4399121E+04   6.9408680E+04   1.3276145E-01   1.3013147E-01   1.3179908E-01
   1.5942029E-01   3.9746733E+04   1.7841255E+04   5.7587988E+04   1.1620222E-01   1.1379153E-01   1.1545491E-01
   1.7391304E-01   3.5424190E+04   1.8311970E+04   5.3736160E+04   1.1775524E-01   1.2694647E-01   1.2081366E-01
   1.8840580E-01   3.2407815E+04   1.5679321E+04   4.8087136E+04   1.2398675E-01   1.3745298E-01   1.2837712E-01
   2.0289855E-01   2.9768227E+04   1.5371230E+04   4.5139457E+04   1.2313176E-01   1.1074749E-01   1.1889507E-01
   2.1739130E-01   2.9602246E+04   1.4902155E+04   4.4504401E+04   1.2325151E-01   1.2262675E-01   1.2293150E-01
   2.3188406E-01   2.6047199E+04   1.2313221E+04   3.8360420E+04   1.2177292E-01   1.3420851E-01   1.2573193E-01
   2.4637681E-01   2.4292147E+04   1.2302078E+04   3.6594225E+04   1.1153126E-01   1.1634405E-01   1.1314868E-01
   2.6086957E-01   2.2016460E+04   1.1408147E+04   3.3424607E+04   1.2658155E-01   1.2665391E-01   1.2659432E-01
   2.7536232E-01   2.0299367E+04   1.0209505E+04   3.0508872E+04   1.3256840E-01   1.2077268E-01   1.2858169E-01
   2.8985507E-01   1.9398059E+04   9.6232559E+03   2.9021315E+04   1.2296084E-01   1.1559942E-01   1.2050334E-01
   3.0434783E-01   1.8402177E+04   9.9588250E+03   2.8361002E+04   1.2467849E-01   1.2247076E-01   1.2388100E-01
   3.1884058E-01   1.5395832E+04   8.0251203E+03   2.3420952E+04   1.3785205E-01   1.3382267E-01   1.3646742E-01
   3.3333333E-01   1.6604317E+04   8.1374331E+03   2.4741750E+04   1.3934011E-01   1.3509990E-01   1.3786275E-01
   3.4782609E-01   1.4018129E+04   7.7352286E+03   2.1753357E+04   1.3517062E-01   1.2980558E-01   1.3324974E-01
   3.6231884E-01   1.3881736E+04   8.0016994E+03   2.1883435E+04   1.4923952E-01   1.4598103E-01   1.4802354E-01
   3.7681159E-01   1.4251278E+04   7.0819236E+03   2.1333202E+04   1.3942140E-01   1.3242285E-01   1.3708241E-01
   3.9130435E-01   1.3863775E+04   6.3144724E+03   2.0178247E+04   1.3634184E-01   1.2707489E-01   1.3344008E-01
   4.0579710E-01   1.2394407E+04   6.0348314E+03   1.8429239E+04   1.4284674E-01   1.5143356E-01   1.4564037E-01
   4.2028986E-01   1.1548952E+04   5.4086722E+03   1.6957624E+04   1.3891218E-01   1.2576907E-01   1.3454450E-01
   4.3478261E-01   1.0785119E+04   5.8093146E+03   1.6594433E+04   1.4551923E-01   1.3148868E-01   1.4049185E-01
   4.4927536E-01   1.0950517E+04   4.8397375E+03   1.5790255E+04   1.5691530E-01   1.2695680E-01   1.4771123E-01
   4.6376812E-01   1.0134728E+04   4.3806652E+03   1.4515393E+04   1.4970319E-01   1.2941760E-01   1.4355244E-01
   4.7826087E-01   9.3683808E+03   4.7530756E+03   1.4121456E+04   1.4347983E-01   1.5237876E-01   1.4647481E-01
   4.9275362E-01   8.5802536E+03   4.0338335E+03   1.2614087E+04   1.4036079E-01   1.5716348E-01   1.4573352E-01
   5.0724638E-01   9.2443875E+03   4.3732231E+03   1.3617611E+04   1.5015962E-01   1.3975670E-01   1.4681412E-01
   5.2173913E-01   8.3772000E+03   4.7989990E+03   1.3176199E+04   1.4879303E-01   1.6575643E-01   1.5495934E-01
   5.3623188E-01   7.3316144E+03   3.5838897E+03   1.0915504E+04   1.7066224E-01   1.7525918E-01   1.7215654E-01
   5.5072464E-01   8.1157587E+03   4.0678496E+03   1.2183608E+04   1.6475627E-01   1.5896785E-01   1.6281208E-01
   5.6521739E-01   7.5579377E+03   3.4583879E+03   1.1016326E+04   1.4748614E-01   1.5734805E-01   1.5056028E-01
   5.7971014E-01   6.5733657E+03   3.2203809E+03   9.7937466E+03   1.6226009E-01   1.7301638E-01   1.6577539E-01
   5.9420290E-01   6.1358190E+03   3.2712047E+03   9.4070237E+03   1.6769317E-01   1.7271895E-01   1.6937278E-01
   6.0869565E-01   6.8557129E+03   2.9046573E+03   9.7603701E+03   1.8418406E-01   1.5512714E-01   1.7550265E-01
   6.2318841E-01   6.1147588E+03   2.7137546E+03   8.8285135E+03   1.5519006E-01   1.6992160E-01   1.5969631E-01
   6.3768116E-01   5.9930083E+03   2.8587339E+03   8.8517422E+03   1.6320598E-01   1.8560607E-01   1.7044021E-01
   6.5217391E-01   5.1189323E+03   3.1656555E+03   8.2845877E+03   1.7021917E-01   1.5677269E-01   1.6507451E-01
   6.6666667E-01   5.7653878E+03   2.5532432E+03   8.3186310E+03   1.6490191E-01   1.8064436E-01   1.6967713E-01
   6.8115942E-01   4.6431524E+03   2.4666747E+03   7.1098272E+03   1.8011786E-01   1.9556413E-01   1.8542131E-01
   6.9565217E-01   5.0989364E+03   2.2258515E+03   7.3247879E+03   1.6632368E-01   1.7928024E-01   1.7026003E-01
   7.1014493E-01   4.3453879E+03   2.5206343E+03   6.8660222E+03   1.7174731E-01   1.7327020E-01   1.7223324E-01
   7.2463768E-01   3.9099213E+03   2.2429006E+03   6.1528219E+03   1.7028876E-01   1.8937168E-01   1.7723321E-01
   7.3913043E-01   3.8481137E+03   2.0652039E+03   5.9133177E+03   1.8939297E-01   1.7124840E-01   1.8303954E-01
   7.5362319E-01   4.0801206E+03   1.9089136E+03   5.9890342E+03   1.9779105E-01   1.8224446E-01   1.9282078E-01
   7.6811594E-01   3.8601680E+03   1.7871148E+03   5.6472828E+03   1.6565814E-01   2.2484973E-01   1.8430464E-01
   7.8260870E-01   3.9149729E+03   1.8241809E+03   5.7391538E+03   2.0492167E-01   1.9276298E-01   2.0105691E-01
   7.9710145E-01   3.5131428E+03   1.7083518E+03   5.2214946E+03   2.0341655E-01   1.8221178E-01   1.9647657E-01
   8.1159420E-01   2.9768227E+03   1.4478183E+03   4.4246410E+03   1.7671551E-01   1.9754395E-01   1.8353091E-01
   8.2608696E-01   3.0575340E+03   1.5154734E+03   4.5730074E+03   1.8121059E-01   1.9714966E-01   1.8648955E-01
   8.4057971E-01   3.2399775E+03   1.2280560E+03   4.4680336E+03   2.1240133E-01   1.5932991E-01   1.9778099E-01
   8.5507246E-01   2.6071279E+03   1.2842995E+03   3.8914274E+03   1.8489433E-01   1.7649526E-01   1.8211863E-01
   8.6956522E-01   2.3110969E+03   1.3134103E+03   3.6245071E+03   2.2135961E-01   2.4296957E-01   2.2919029E-01
   8.8405797E-01   2.4098511E+03   1.1676598E+03   3.5775109E+03   1.9362935E-01   2.0340800E-01   1.9681043E-01
   8.9855072E-01   1.8698986E+03   1.0632757E+03   2.9331743E+03   2.3176595E-01   2.0381134E-01   2.2163127E-01
   9.1304348E-01   1.8281901E+03   1.0343707E+03   2.8625608E+03   2.1516012E-01   2.6726753E-01   2.3388822E-01
   9.2753623E-01   1.8351435E+03   7.2221778E+02   2.5573613E+03   2.2437413E-01   2.4355508E-01   2.2977404E-01
   9.4202899E-01   1.6320482E+03   6.2950432E+02   2.2615526E+03   2.0101764E-01   2.4759882E-01   2.1395111E-01
   9.5652174E-01   1.1710476E+03   5.3960037E+02   1.7106480E+03   2.1870288E-01   2.7547950E-01   2.3661020E-01
   9.7101449E-01   1.0857123E+03   6.2202265E+02   1.7077349E+03   2.4311432E-01   2.2526593E-01   2.3657088E-01
   9.8550725E-01   7.1316394E+02   3.3429560E+02   1.0474595E+03   2.7299311E-01   2.2500032E-01   2.5766071E-01
   1.0000000E+00   1.9695683E+02   1.9695683E+02   3.9391366E+02   2.3691530E-01   9.5047053E-02   1.6598118E-01
