   0.0000000E+00   3.9747466E+10   2.0045275E+10   5.9223056E+10   2.3106859E-07   2.8478240E-07   2.5144912E-07
   1.4492754E-02   5.0616810E+05   2.3262516E+05   7.3879327E+05   1.1381234E-01   1.1534556E-01   1.1428976E-01
   2.8985507E-02   2.7316407E+05   1.3715034E+05   4.1031441E+05   1.1788623E-01   1.2024594E-01   1.1866503E-01
   4.3478261E-02   1.8084649E+05   8.1330404E+04   2.6217689E+05   1.2037234E-01   1.0268494E-01   1.1478978E-01
   5.7971014E-02   1.2161674E+05   6.0429501E+04   1.8204624E+05   1.2562408E-01   1.0962440E-01   1.2029329E-01
   7.2463768E-02   1.0608314E+05   5.0010621E+04   1.5609376E+05   1.2084641E-01   1.0837795E-01   1.1685157E-01
   8.6956522E-02   8.4866509E+04   4.0917781E+04   1.2578429E+05   1.2172113E-01   1.0624833E-01   1.1665966E-01
   1.0144928E-01   6.5165355E+04   3.5505376E+04   1.0067073E+05   1.3311380E-01   1.2224447E-01   1.2928018E-01
   1.1594203E-01   5.8819310E+04   2.7752106E+04   8.6571416E+04   1.2357025E-01   1.1862848E-01   1.2198064E-01
   1.3043478E-01   5.5735743E+04   2.4752732E+04   8.0488474E+04   1.2770602E-01   1.2620020E-01   1.2724218E-01
   1.4492754E-01   4.4554917E+04   2.5308405E+04   6.9863322E+04   1.2469676E-01   1.2167615E-01   1.2360036E-01
   1.5942029E-01   4.3535417E+04   2.0872201E+04   6.4407618E+04   1.2613245E-01   1.2410975E-01   1.2546463E-01
   1.7391304E-01   3.5866203E+04   1.6859641E+04   5.2725844E+04   1.3993455E-01   1.2021986E-01   1.3362553E-01
   1.8840580E-01   3.3748426E+04   1.7486231E+04   5.1234657E+04   1.3727478E-01   1.2453878E-01   1.3291911E-01
   2.0289855E-01   3.3935779E+04   1.4829989E+04   4.8765768E+04   1.3800286E-01   1.3291744E-01   1.3644791E-01
   2.1739130E-01   2.9046573E+04   1.3588745E+04   4.2635317E+04   1.3354455E-01   1.3762181E-01   1.3480452E-01
   2.3188406E-01   2.8225691E+04   1.3923412E+04   4.2149103E+04   1.3190884E-01   1.2443420E-01   1.2943529E-01
   2.4637681E-01   2.5540184E+04   1.1276905E+04   3.6817088E+04   1.2599307E-01   1.2560884E-01   1.2585566E-01
   2.6086957E-01   2.2605811E+04   1.1366050E+04   3.3971861E+04   1.4693756E-01   1.3102629E-01   1.4159739E-01
   2.7536232E-01   2.0299367E+04   1.0568433E+04   3.0867800E+04   1.4067234E-01   1.3807136E-01   1.3977137E-01
   2.8985507E-01   1.8678209E+04   1.0343106E+04   2.9021315E+04   1.3579636E-01   1.4002018E-01   1.3730171E-01
   3.0434783E-01   1.8005267E+04   9.5619153E+03   2.7567182E+04   1.3455273E-01   1.5434089E-01   1.4136578E-01
   3.1884058E-01   1.6842420E+04   9.4028234E+03   2.6245243E+04   1.4047650E-01   1.4976856E-01   1.4379639E-01
   3.3333333E-01   1.6933768E+04   8.4339387E+03   2.5367706E+04   1.2895210E-01   1.4169306E-01   1.3314946E-01
   3.4782609E-01   1.5817753E+04   7.8615181E+03   2.3679271E+04   1.3249151E-01   1.4600219E-01   1.3695893E-01
   3.6231884E-01   1.5094115E+04   8.4260319E+03   2.3520147E+04   1.3972233E-01   1.4320899E-01   1.4095895E-01
   3.7681159E-01   1.4134704E+04   7.0819236E+03   2.1216627E+04   1.5536810E-01   1.4967673E-01   1.5342864E-01
   3.9130435E-01   1.4004096E+04   6.8196302E+03   2.0823727E+04   1.6587871E-01   1.5337199E-01   1.6175423E-01
   4.0579710E-01   1.2719151E+04   7.4149947E+03   2.0134146E+04   1.3754954E-01   1.5402213E-01   1.4361203E-01
   4.2028986E-01   1.2097658E+04   6.2186666E+03   1.8316325E+04   1.5388640E-01   1.6377205E-01   1.5721007E-01
   4.3478261E-01   1.2199561E+04   5.8093146E+03   1.8008875E+04   1.5418639E-01   1.4632651E-01   1.5164489E-01
   4.4927536E-01   1.1488266E+04   5.5241449E+03   1.7012411E+04   1.4549002E-01   1.6547605E-01   1.5196775E-01
   4.6376812E-01   1.0631993E+04   5.0200055E+03   1.5651998E+04   1.6078605E-01   1.5449651E-01   1.5876340E-01
   4.7826087E-01   9.6439214E+03   4.7301138E+03   1.4374035E+04   1.6026356E-01   1.5264788E-01   1.5774123E-01
   4.9275362E-01   9.7168587E+03   4.7692838E+03   1.4486142E+04   1.7144065E-01   1.6696274E-01   1.6996519E-01
   5.0724638E-01   9.1577891E+03   4.8278652E+03   1.3985654E+04   1.7262552E-01   1.5258168E-01   1.6569282E-01
   5.2173913E-01   8.5245377E+03   4.1675518E+03   1.2692089E+04   1.5932129E-01   1.8205235E-01   1.6675949E-01
   5.3623188E-01   8.3965416E+03   3.9934771E+03   1.2390019E+04   1.6339242E-01   1.5793813E-01   1.6162060E-01
   5.5072464E-01   8.8934358E+03   4.0080282E+03   1.2901464E+04   1.7542245E-01   1.6334797E-01   1.7166850E-01
   5.6521739E-01   7.6162251E+03   4.1384080E+03   1.1754633E+04   1.7623767E-01   1.7594082E-01   1.7611774E-01
   5.7971014E-01   7.6910273E+03   4.0538913E+03   1.1744919E+04   1.6836041E-01   1.6791141E-01   1.6818761E-01
   5.9420290E-01   8.0209200E+03   3.5484254E+03   1.1569345E+04   1.8943421E-01   1.6177740E-01   1.8094218E-01
   6.0869565E-01   6.9278783E+03   3.4458978E+03   1.0373776E+04   1.7447994E-01   1.5660704E-01   1.6853533E-01
   6.2318841E-01   6.7315212E+03   3.0485685E+03   9.7800898E+03   1.5697135E-01   1.9019346E-01   1.6729249E-01
   6.3768116E-01   5.8724593E+03   3.2720448E+03   9.1445041E+03   1.6993482E-01   1.8921574E-01   1.7682377E-01
   6.5217391E-01   5.9608619E+03   3.3172028E+03   9.2780647E+03   1.8490518E-01   1.8376961E-01   1.8445829E-01
   6.6666667E-01   5.5347723E+03   2.8003312E+03   8.3351035E+03   1.7793442E-01   1.7091462E-01   1.7552462E-01
   6.8115942E-01   5.2074244E+03   2.4505527E+03   7.6579771E+03   1.8861567E-01   1.7829835E-01   1.8527015E-01
   6.9565217E-01   5.4935910E+03   2.3837133E+03   7.8773043E+03   1.9053816E-01   1.9279596E-01   1.9122138E-01
   7.1014493E-01   5.3350848E+03   2.3814581E+03   7.7165430E+03   1.8776946E-01   2.0166862E-01   1.9203090E-01
   7.2463768E-01   5.0010621E+03   2.0610438E+03   7.0621059E+03   1.8268077E-01   1.8727704E-01   1.8399294E-01
   7.3913043E-01   4.3532715E+03   2.0949191E+03   6.4481906E+03   1.9829223E-01   2.0608992E-01   2.0081372E-01
   7.5362319E-01   4.2986985E+03   2.2586382E+03   6.5573367E+03   1.9763435E-01   1.9749155E-01   1.9757627E-01
   7.6811594E-01   4.1747002E+03   2.0730532E+03   6.2477534E+03   2.0281799E-01   2.0904376E-01   2.0484020E-01
   7.8260870E-01   3.7746513E+03   1.9925668E+03   5.7672181E+03   2.2162771E-01   2.2781697E-01   2.2375960E-01
   7.9710145E-01   4.0366700E+03   1.8323451E+03   5.8690150E+03   1.9592274E-01   2.0263667E-01   1.9798058E-01
   8.1159420E-01   3.3962841E+03   1.6237215E+03   5.0200055E+03   2.1605093E-01   2.0715944E-01   2.1317162E-01
   8.2608696E-01   3.0708276E+03   1.4224180E+03   4.4932456E+03   2.0212108E-01   1.8875308E-01   1.9787739E-01
   8.4057971E-01   3.1746554E+03   1.5285378E+03   4.7031932E+03   2.1769692E-01   2.1385154E-01   2.1644341E-01
   8.5507246E-01   2.9153598E+03   1.4127294E+03   4.3280892E+03   2.2921151E-01   2.2279105E-01   2.2711581E-01
   8.6956522E-01   2.6141916E+03   1.4649576E+03   4.0791491E+03   2.0840279E-01   2.0957561E-01   2.0882279E-01
   8.8405797E-01   2.4719607E+03   1.2918789E+03   3.7638396E+03   2.2714694E-01   2.4177936E-01   2.3215792E-01
   8.9855072E-01   2.1021082E+03   1.1366050E+03   3.2387132E+03   2.5711634E-01   2.1926559E-01   2.4382739E-01
   9.1304348E-01   2.2371274E+03   9.2612261E+02   3.1632500E+03   1.9937109E-01   2.4696387E-01   2.1330390E-01
   9.2753623E-01   2.0600966E+03   1.0655672E+03   3.1256638E+03   2.2168884E-01   2.0099006E-01   2.1461710E-01
   9.4202899E-01   1.6203908E+03   8.0436663E+02   2.4247574E+03   2.1800106E-01   2.6038428E-01   2.3203468E-01
   9.5652174E-01   1.4006648E+03   8.7254527E+02   2.2732101E+03   2.4155154E-01   2.0562256E-01   2.2775327E-01
   9.7101449E-01   1.0857123E+03   4.8630862E+02   1.5720209E+03   2.0853118E-01   2.8123311E-01   2.3094527E-01
   9.8550725E-01   8.2459580E+02   2.8972285E+02   1.1143187E+03   2.6098505E-01   2.1875829E-01   2.4989955E-01
   1.0000000E+00   3.9391366E+02   1.9695683E+02   5.9087048E+02   2.1360994E-01   2.6184403E-01   2.2968584E-01
