   0.0000000E+00   3.8967082E+10   1.9633370E+10   5.8105249E+10   1.1952294E-06   1.5833315E-06   1.3382981E-06
   1.4492754E-02   2.6050987E+06   1.3351320E+06   3.9402308E+06   1.8898178E-02   1.8883029E-02   1.8885137E-02
   2.8985507E-02   1.7465831E+06   8.6609303E+05   2.6126761E+06   1.3811865E-02   1.1106786E-02   1.2864665E-02
   4.3478261E-02   1.2586006E+06   6.2336471E+05   1.8819653E+06   3.7045625E-03   1.1634609E-02   6.3160221E-03
   5.7971014E-02   9.8638373E+05   4.8362544E+05   1.4700092E+06   1.1570469E-02   6.4257522E-03   8.9271409E-03
   7.2463768E-02   7.9031936E+05   3.8477869E+05   1.1750980E+06   3.3987332E-03   8.7793505E-03   4.0067205E-03
   8.6956522E-02   6.6137784E+05   3.2128035E+05   9.8265819E+05   6.9795355E-03   4.1461361E-03   5.6387525E-03
   1.0144928E-01   5.5628697E+05   2.8209454E+05   8.3838152E+05   1.7157737E-03   5.2187486E-03   1.9857835E-03
   1.1594203E-01   5.0076923E+05   2.4560140E+05   7.4637063E+05   4.2969996E-03   1.7286867E-03   3.1620637E-03
   1.3043478E-01   4.2517447E+05   2.0955629E+05   6.3473076E+05   2.6204386E-03   2.2476931E-03   2.4414318E-03
   1.4492754E-01   3.7894412E+05   1.8617590E+05   5.6512002E+05   1.6465041E-03   3.5880920E-03   2.1092009E-03
   1.5942029E-01   3.2183144E+05   1.6181122E+05   4.8371155E+05   4.8018573E-03   2.1395807E-03   3.7645249E-03
   1.7391304E-01   2.9368611E+05   1.4460142E+05   4.3828753E+05   2.0240039E-03   5.3763103E-03   2.9330762E-03
   1.8840580E-01   2.5745561E+05   1.3382796E+05   3.9128357E+05   5.0304503E-03   3.1710853E-03   3.3438519E-03
   2.0289855E-01   2.3706333E+05   1.1620433E+05   3.5326767E+05   2.4051079E-03   2.5105918E-03   2.1975886E-03
   2.1739130E-01   2.0964048E+05   1.0699242E+05   3.1663290E+05   3.9245718E-03   1.7331786E-03   3.1196381E-03
   2.3188406E-01   1.9435946E+05   9.5948408E+04   2.9030787E+05   5.2812366E-03   4.3876124E-03   3.8588656E-03
   2.4637681E-01   1.7739953E+05   8.6114546E+04   2.6351408E+05   3.1987110E-03   3.5917183E-03   3.1693058E-03
   2.6086957E-01   1.6085066E+05   8.0656860E+04   2.4150752E+05   3.2094074E-03   4.4180148E-03   2.9567376E-03
   2.7536232E-01   1.4811758E+05   7.3899267E+04   2.2201685E+05   5.5168857E-03   7.5158443E-03   6.1535555E-03
   2.8985507E-01   1.3237660E+05   6.8802491E+04   2.0117909E+05   4.8718569E-03   7.0366075E-03   5.3652967E-03
   3.0434783E-01   1.2369149E+05   6.2928227E+04   1.8661972E+05   7.4876517E-03   1.8416997E-03   4.3436983E-03
   3.1884058E-01   1.1538263E+05   5.6279170E+04   1.7166180E+05   2.3503903E-03   6.6727220E-04   1.4604825E-03
   3.3333333E-01   1.0621492E+05   5.2547392E+04   1.5876231E+05   1.7318014E-03   7.0981482E-03   2.5837363E-03
   3.4782609E-01   9.5411677E+04   4.9758042E+04   1.4516972E+05   3.2332786E-03   5.8402504E-03   3.8864938E-03
   3.6231884E-01   9.2595423E+04   4.6161319E+04   1.3875674E+05   6.3164962E-04   2.9423383E-03   6.8281494E-04
   3.7681159E-01   8.5303664E+04   4.1617230E+04   1.2692089E+05   4.3608042E-03   4.8135458E-04   2.9000419E-03
   3.9130435E-01   7.5380768E+04   4.0721331E+04   1.1610210E+05   3.1630269E-03   4.8206369E-03   6.1652720E-04
   4.0579710E-01   7.0496574E+04   3.4558205E+04   1.0505478E+05   3.2320100E-03   4.4314236E-03   3.5265155E-03
   4.2028986E-01   6.6889859E+04   3.4411697E+04   1.0130156E+05   7.4653511E-03   1.0645450E-02   6.2943313E-03
   4.3478261E-01   6.1831313E+04   3.0536788E+04   9.2368102E+04   6.3025003E-03   7.0968995E-03   6.5405487E-03
   4.4927536E-01   5.6659149E+04   2.8549563E+04   8.5208712E+04   3.6299229E-03   4.7612407E-03   8.6124907E-04
   4.6376812E-01   5.5741005E+04   2.7302200E+04   8.3043205E+04   3.5202212E-03   3.6527466E-03   1.3155839E-03
   4.7826087E-01   4.9895813E+04   2.6750401E+04   7.6646214E+04   1.8629933E-03   7.0222778E-03   2.1175150E-03
   4.9275362E-01   4.7447688E+04   2.4403579E+04   7.1851267E+04   6.0347775E-03   6.6591928E-03   6.0119037E-03
   5.0724638E-01   4.6092040E+04   2.2623852E+04   6.8715892E+04   3.2804384E-03   6.9561791E-03   3.7414874E-03
   5.2173913E-01   4.1928097E+04   2.2563715E+04   6.4491811E+04   8.5064141E-03   4.5506868E-03   5.5353498E-03
   5.3623188E-01   3.7763958E+04   2.0417932E+04   5.8181890E+04   1.0444583E-02   1.1069494E-02   7.6849675E-03
   5.5072464E-01   3.5414220E+04   1.8085978E+04   5.3500198E+04   1.5534360E-03   1.1675136E-02   4.1528134E-03
   5.6521739E-01   3.5244470E+04   1.6514774E+04   5.1759244E+04   2.1616900E-03   7.2047024E-03   2.6756227E-03
   5.7971014E-01   3.1389242E+04   1.6670207E+04   4.8059449E+04   6.7803942E-03   5.9284865E-03   2.6833114E-03
   5.9420290E-01   3.0309467E+04   1.4544848E+04   4.4854315E+04   5.6994039E-03   3.5484728E-03   4.3932532E-03
   6.0869565E-01   2.7946051E+04   1.3386681E+04   4.1332732E+04   1.0087161E-02   6.4366251E-03   8.4032142E-03
   6.2318841E-01   2.7507604E+04   1.3515908E+04   4.1023512E+04   5.1105851E-03   1.3920195E-02   7.6289925E-03
   6.3768116E-01   2.6038588E+04   1.2020459E+04   3.8059047E+04   7.3302070E-03   8.3718137E-03   6.9782526E-03
   6.5217391E-01   2.4011834E+04   1.1787015E+04   3.5798849E+04   1.1943660E-02   1.2352695E-02   5.3002712E-03
   6.6666667E-01   2.2122617E+04   1.1053072E+04   3.3175689E+04   1.1238552E-02   1.2127254E-02   9.1331784E-03
   6.8115942E-01   2.1168261E+04   1.0543825E+04   3.1712086E+04   6.9715717E-03   6.3539191E-03   5.9335047E-03
   6.9565217E-01   1.9653795E+04   1.0040011E+04   2.9693806E+04   1.0789858E-02   1.4919037E-02   8.2135789E-03
   7.1014493E-01   1.8866097E+04   8.7990239E+03   2.7665121E+04   9.3182214E-03   7.3869031E-03   8.7030782E-03
   7.2463768E-01   1.7700729E+04   8.2290204E+03   2.5929749E+04   1.2007134E-02   1.0815538E-02   5.0257092E-03
   7.3913043E-01   1.6803925E+04   8.7956886E+03   2.5599614E+04   4.1956630E-03   4.4779004E-03   2.8920657E-03
   7.5362319E-01   1.4921584E+04   7.5045075E+03   2.2426091E+04   4.4536662E-03   2.1149193E-02   9.4871312E-03
   7.6811594E-01   1.5011764E+04   6.9625993E+03   2.1974364E+04   5.4266276E-03   5.8663780E-05   3.6895947E-03
   7.8260870E-01   1.3134103E+04   6.3004402E+03   1.9434543E+04   8.9728803E-03   7.7664098E-03   8.5773620E-03
   7.9710145E-01   1.2674868E+04   6.2823260E+03   1.8957194E+04   7.0215802E-03   3.5767741E-03   4.9278763E-03
   8.1159420E-01   1.1555484E+04   5.6018391E+03   1.7157323E+04   6.5368497E-03   1.2873927E-02   5.0745186E-03
   8.2608696E-01   1.0727956E+04   5.5301484E+03   1.6258105E+04   1.6467435E-02   1.1238453E-02   1.3611377E-02
   8.4057971E-01   1.0386218E+04   4.7946442E+03   1.5180863E+04   6.9464590E-03   8.7593862E-03   2.3161773E-03
   8.5507246E-01   8.7717653E+03   4.5849491E+03   1.3356714E+04   9.9413665E-03   8.4682836E-03   5.9572447E-03
   8.6956522E-01   8.7392298E+03   4.2433254E+03   1.2982555E+04   9.3050459E-03   5.7201709E-03   7.7551182E-03
   8.8405797E-01   7.6146326E+03   3.7638396E+03   1.1378472E+04   9.7418092E-03   5.7966749E-03   8.1592027E-03
   8.9855072E-01   6.9662889E+03   3.4709229E+03   1.0437212E+04   1.0970437E-02   5.0194015E-03   7.4577930E-03
   9.1304348E-01   5.5086254E+03   3.6443526E+03   9.1529780E+03   3.6329379E-03   2.0524919E-02   6.8940611E-03
   9.2753623E-01   5.3988739E+03   2.9243900E+03   8.3232639E+03   2.4966625E-02   8.8008699E-03   1.8694430E-02
   9.4202899E-01   5.0010621E+03   2.5063598E+03   7.5074219E+03   1.6286412E-02   1.8072516E-02   1.6627706E-02
   9.5652174E-01   4.5464201E+03   2.2272866E+03   6.7737067E+03   1.0206489E-02   2.1991920E-02   1.2738176E-02
   9.7101449E-01   3.7095169E+03   1.6738064E+03   5.3833233E+03   1.7971231E-02   3.2651170E-02   2.1911298E-02
   9.8550725E-01   2.7189375E+03   1.3928983E+03   4.1118358E+03   1.8754092E-02   3.2918645E-02   5.7385264E-03
   1.0000000E+00   1.7507274E+03   1.0066682E+03   2.7573956E+03   2.5955670E-02   3.5328229E-02   2.7685404E-02
