   0.0000000E+00   3.6131886E+10   1.8211916E+10   5.3946712E+10   1.0419819E-06   1.5656072E-06   1.0610716E-06
   1.4492754E-02   1.1483499E+07   5.8610933E+06   1.7344593E+07   1.5205688E-02   1.3459006E-02   1.4613996E-02
   2.8985507E-02   6.0740173E+06   3.0229905E+06   9.0970078E+06   1.1417226E-02   1.3425503E-02   1.2082658E-02
   4.3478261E-02   3.9384627E+06   1.9327337E+06   5.8709438E+06   8.9713085E-03   9.4707281E-03   9.0800930E-03
   5.7971014E-02   2.9074357E+06   1.4493608E+06   4.3566071E+06   8.4387544E-03   7.8715440E-03   8.2429607E-03
   7.2463768E-02   2.3844458E+06   1.1740372E+06   3.5584830E+06   6.4035460E-03   6.5244405E-03   6.4348764E-03
   8.6956522E-02   1.9952470E+06   9.9402424E+05   2.9892712E+06   6.5480128E-03   7.5948046E-03   6.8804145E-03
   1.0144928E-01   1.7960524E+06   8.9023236E+05   2.6862848E+06   6.1976406E-03   7.4653995E-03   6.6153705E-03
   1.1594203E-01   1.5841433E+06   8.0623183E+05   2.3903751E+06   5.9798600E-03   5.7623655E-03   5.8959977E-03
   1.3043478E-01   1.4557806E+06   7.2725883E+05   2.1830394E+06   6.1171172E-03   5.7047813E-03   5.9784660E-03
   1.4492754E-01   1.3514234E+06   6.6514126E+05   2.0164889E+06   5.7764808E-03   4.8273850E-03   5.4613820E-03
   1.5942029E-01   1.2583251E+06   6.2967918E+05   1.8880043E+06   6.3206811E-03   5.5074183E-03   6.0489175E-03
   1.7391304E-01   1.1619892E+06   5.9002430E+05   1.7518872E+06   5.1301267E-03   5.3259858E-03   5.1840224E-03
   1.8840580E-01   1.0939386E+06   5.4306405E+05   1.6370027E+06   5.8707908E-03   5.3794976E-03   5.7051136E-03
   2.0289855E-01   9.8511181E+05   4.9691289E+05   1.4820247E+06   5.7971115E-03   5.4113731E-03   5.6481186E-03
   2.1739130E-01   8.6649716E+05   4.3443570E+05   1.3009329E+06   6.0780554E-03   6.8654587E-03   6.3001421E-03
   2.3188406E-01   7.5418479E+05   3.7863155E+05   1.1327690E+06   7.7964599E-03   7.5899075E-03   7.7026816E-03
   2.4637681E-01   6.4345216E+05   3.1651107E+05   9.5996323E+05   8.2763426E-03   7.6545771E-03   8.0599964E-03
   2.6086957E-01   5.5512631E+05   2.7931016E+05   8.3443648E+05   7.1563857E-03   8.2814972E-03   7.5318375E-03
   2.7536232E-01   4.8949790E+05   2.4478883E+05   7.3428673E+05   9.5706826E-03   8.2232290E-03   9.1199628E-03
   2.8985507E-01   4.3963882E+05   2.2182741E+05   6.6146624E+05   7.3839717E-03   8.9073037E-03   7.8924620E-03
   3.0434783E-01   4.0661594E+05   2.0343426E+05   6.1005020E+05   1.0551660E-02   7.5812723E-03   9.5376283E-03
   3.1884058E-01   3.7862724E+05   1.8306229E+05   5.6168954E+05   8.9271940E-03   1.2197428E-02   9.9928695E-03
   3.3333333E-01   3.4760347E+05   1.7869408E+05   5.2626460E+05   1.0410665E-02   1.0128551E-02   1.0294123E-02
   3.4782609E-01   3.2942602E+05   1.6670207E+05   4.9612809E+05   9.3414253E-03   1.1421672E-02   1.0018208E-02
   3.6231884E-01   3.1282401E+05   1.5200198E+05   4.6482599E+05   9.4084223E-03   1.0831614E-02   9.8723243E-03
   3.7681159E-01   2.8799823E+05   1.4440713E+05   4.3240535E+05   9.8369602E-03   1.1387603E-02   1.0288021E-02
   3.9130435E-01   2.7674228E+05   1.3953581E+05   4.1627808E+05   1.0424719E-02   1.1303037E-02   1.0701882E-02
   4.0579710E-01   2.5920007E+05   1.3154850E+05   3.9072151E+05   1.2642505E-02   1.1581852E-02   1.2269071E-02
   4.2028986E-01   2.4571572E+05   1.2330205E+05   3.6901777E+05   1.3379576E-02   1.1251490E-02   1.2657089E-02
   4.3478261E-01   2.3429218E+05   1.1722187E+05   3.5151405E+05   1.3748203E-02   1.2790435E-02   1.3416096E-02
   4.4927536E-01   2.2284791E+05   1.1036068E+05   3.3318415E+05   1.2406354E-02   9.1708562E-03   1.1334609E-02
   4.6376812E-01   2.1214259E+05   1.0629625E+05   3.1843884E+05   1.1938794E-02   1.3032011E-02   1.2302884E-02
   4.7826087E-01   2.0217792E+05   9.9653855E+04   3.0183178E+05   1.2856531E-02   1.2029035E-02   1.2582782E-02
   4.9275362E-01   1.9848244E+05   9.4917663E+04   2.9340010E+05   1.2776686E-02   1.3874984E-02   1.3102419E-02
   5.0724638E-01   1.8057948E+05   8.9261381E+04   2.6984086E+05   1.4255992E-02   1.4090720E-02   1.4187542E-02
   5.2173913E-01   1.7655265E+05   8.7813262E+04   2.6436591E+05   1.4241573E-02   1.2672249E-02   1.3710783E-02
   5.3623188E-01   1.6676351E+05   8.2572819E+04   2.4931585E+05   1.5973146E-02   1.4132868E-02   1.5327766E-02
   5.5072464E-01   1.6064018E+05   7.8006998E+04   2.3864717E+05   1.5577790E-02   1.6816654E-02   1.5934444E-02
   5.6521739E-01   1.5628805E+05   7.6162251E+04   2.3245030E+05   1.3062310E-02   1.5589611E-02   1.3875806E-02
   5.7971014E-01   1.4707669E+05   7.1795551E+04   2.1887224E+05   1.5199902E-02   1.2073104E-02   1.4168108E-02
   5.9420290E-01   1.4069877E+05   7.0173809E+04   2.1087257E+05   1.3940399E-02   1.5736693E-02   1.4481691E-02
   6.0869565E-01   1.3395702E+05   6.5760719E+04   1.9971774E+05   1.6657733E-02   2.0936879E-02   1.8063391E-02
   6.2318841E-01   1.2833945E+05   6.2786414E+04   1.9112586E+05   1.8456932E-02   1.5223671E-02   1.7394777E-02
   6.3768116E-01   1.2332165E+05   6.2478834E+04   1.8578326E+05   1.4819410E-02   1.6233961E-02   1.5296375E-02
   6.5217391E-01   1.1810589E+05   5.8834044E+04   1.7693994E+05   1.6442392E-02   1.8372274E-02   1.7083784E-02
   6.6666667E-01   1.1046483E+05   5.5808954E+04   1.6627378E+05   2.0417253E-02   2.0568862E-02   2.0451599E-02
   6.8115942E-01   1.0522867E+05   5.2686883E+04   1.5789943E+05   2.0615478E-02   2.2630077E-02   2.1282074E-02
   6.9565217E-01   1.0136307E+05   4.9410746E+04   1.5077381E+05   2.0822105E-02   2.0066354E-02   2.0574109E-02
   7.1014493E-01   9.3928421E+04   4.7443595E+04   1.4137202E+05   2.2258234E-02   2.3996383E-02   2.2835087E-02
   7.2463768E-01   9.0110046E+04   4.5676367E+04   1.3578641E+05   2.0005261E-02   2.4064888E-02   2.1370803E-02
   7.3913043E-01   8.7332867E+04   4.3086988E+04   1.3041986E+05   2.3413722E-02   2.1276715E-02   2.2707290E-02
   7.5362319E-01   8.1223544E+04   4.0903209E+04   1.2212675E+05   2.3182915E-02   2.5795118E-02   2.4047915E-02
   7.6811594E-01   7.7732346E+04   3.8873322E+04   1.1660567E+05   2.5035953E-02   2.8148052E-02   2.6061617E-02
   7.8260870E-01   7.1465795E+04   3.6708133E+04   1.0817393E+05   2.6469528E-02   2.8600297E-02   2.7190023E-02
   7.9710145E-01   6.7066585E+04   3.2982211E+04   1.0004880E+05   2.7157186E-02   2.8570604E-02   2.7623135E-02
   8.1159420E-01   6.4515866E+04   3.2352650E+04   9.6868516E+04   2.8731806E-02   3.0000667E-02   2.9126481E-02
   8.2608696E-01   5.8292550E+04   2.8700939E+04   8.6993489E+04   3.5385994E-02   3.0745731E-02   3.3854587E-02
   8.4057971E-01   5.3642531E+04   2.8036257E+04   8.1678789E+04   3.6172621E-02   3.2425952E-02   3.4881259E-02
   8.5507246E-01   5.0087679E+04   2.4774137E+04   7.4861816E+04   3.7647463E-02   2.8508844E-02   3.4621663E-02
   8.6956522E-01   4.7143851E+04   2.4335977E+04   7.1479827E+04   4.0050831E-02   3.4998440E-02   3.8325545E-02
   8.8405797E-01   4.2085441E+04   2.0881236E+04   6.2966676E+04   4.4025783E-02   4.1694153E-02   4.3216311E-02
   8.9855072E-01   4.0465583E+04   1.8967860E+04   5.9433443E+04   4.5318820E-02   3.8558708E-02   4.3142632E-02
   9.1304348E-01   3.6455554E+04   1.7488082E+04   5.3943635E+04   4.4618228E-02   4.6957891E-02   4.5349910E-02
   9.2753623E-01   3.1682865E+04   1.5711197E+04   4.7394062E+04   5.2384050E-02   5.8106391E-02   5.4275899E-02
   9.4202899E-01   2.8560844E+04   1.4117217E+04   4.2678062E+04   5.3809411E-02   4.8561713E-02   5.2068745E-02
   9.5652174E-01   2.4580519E+04   1.1297165E+04   3.5877684E+04   5.9922707E-02   5.8378910E-02   5.9185284E-02
   9.7101449E-01   1.9644606E+04   1.0336886E+04   2.9981492E+04   6.4735628E-02   6.8178040E-02   6.5815660E-02
   9.8550725E-01   1.3706119E+04   6.8307733E+03   2.0536893E+04   9.3472000E-02   1.0074897E-01   9.5891480E-02
   1.0000000E+00   7.3092867E+03   4.0485570E+03   1.1357844E+04   1.2129647E-01   1.5966032E-01   1.3497134E-01
