   0.0000000E+00   3.9927922E+10   2.0119097E+10   5.9477104E+10   8.1927803E-10   3.9919883E-13   5.5012935E-10
   1.4492754E-02   1.0608314E+04   4.5464201E+03   1.5154734E+04   1.1496641E-01   6.7610198E-02   1.0075955E-01
   2.8985507E-02   4.5464201E+03   2.6520784E+03   7.1984985E+03   1.9647711E-01   1.4470873E-01   1.7740454E-01
   4.3478261E-02   2.7783678E+03   1.7680523E+03   4.5464201E+03   1.8618464E-01   1.3393211E-01   1.6586421E-01
   5.7971014E-02   2.4626442E+03   1.1366050E+03   3.5992492E+03   7.6979289E-02   1.4689169E-01   9.9056888E-02
   7.2463768E-02   2.5763047E+03   1.0608314E+03   3.6371361E+03   1.0482358E-01   1.3464882E-01   1.1352261E-01
   8.6956522E-02   1.7680523E+03   1.1366050E+03   2.9046573E+03   6.6590747E-02   1.5680242E-01   1.0189097E-01
   1.0144928E-01   1.4072253E+03   8.6598478E+02   2.2732101E+03   9.5141863E-02   3.0842834E-02   7.0646995E-02
   1.1594203E-01   1.3260392E+03   6.6301960E+02   1.9890588E+03   6.9474279E-02   1.3827038E-01   9.2406312E-02
   1.3043478E-01   1.0103156E+03   6.7354372E+02   1.6838593E+03   1.5266960E-01   1.5056629E-01   1.5182827E-01
   1.4492754E-01   7.5773668E+02   6.0618935E+02   1.3639260E+03   1.2725929E-01   9.1986330E-02   1.1158242E-01
   1.5942029E-01   1.0332773E+03   5.5108122E+02   1.5843585E+03   1.4957010E-01   1.6475016E-01   1.5485012E-01
   1.7391304E-01   1.0103156E+03   3.1572362E+02   1.3260392E+03   1.5508284E-01   7.0963612E-02   1.3505445E-01
   1.8840580E-01   5.8287437E+02   4.0801206E+02   9.9088643E+02   1.2959982E-01   1.8434357E-01   1.5214136E-01
   2.0289855E-01   7.5773668E+02   1.6237215E+02   9.2010883E+02   1.6155507E-01   1.4782910E-01   1.5913284E-01
   2.1739130E-01   5.0515779E+02   3.0309467E+02   8.0825246E+02   1.6755118E-01   1.4167660E-01   1.5784821E-01
   2.3188406E-01   5.2094397E+02   3.7886834E+02   8.9981231E+02   2.1063728E-01   1.6606066E-01   1.9186818E-01
   2.4637681E-01   5.7944570E+02   2.6743648E+02   8.4688218E+02   1.4946573E-01   9.0263947E-02   1.3077043E-01
   2.6086957E-01   5.8935075E+02   2.5257889E+02   8.4192965E+02   2.0065462E-01   6.2175447E-02   1.5911087E-01
   2.7536232E-01   5.5833229E+02   3.1904702E+02   8.7737932E+02   1.7847854E-01   1.5405061E-01   1.6959566E-01
   2.8985507E-01   4.1675518E+02   2.2732101E+02   6.4407618E+02   2.1476172E-01   5.8139785E-02   1.5948339E-01
   3.0434783E-01   3.2474429E+02   3.2474429E+02   6.4948859E+02   1.5844030E-01   2.0580454E-01   1.8212242E-01
   3.1884058E-01   2.7554061E+02   2.0665546E+02   4.8219607E+02   9.8574494E-02   1.4750299E-01   1.1954385E-01
   3.3333333E-01   3.6239581E+02   9.8835220E+01   4.6123103E+02   1.2911430E-01   1.9129628E-01   1.4243901E-01
   3.4782609E-01   5.3673015E+02   1.5786181E+02   6.9459196E+02   1.3272060E-01   7.3598171E-02   1.1928368E-01
   3.6231884E-01   2.1216627E+02   3.0309467E+02   5.1526095E+02   1.6645793E-01   2.3213703E-01   2.0509270E-01
   3.7681159E-01   4.6629950E+02   8.7431156E+01   5.5373065E+02   1.3469166E-01   1.9047788E-01   1.4350001E-01
   3.9130435E-01   3.0870754E+02   2.2451457E+02   5.3322211E+02   2.0054667E-01   1.0033493E-01   1.5835225E-01
   4.0579710E-01   2.9768227E+02   2.1649620E+02   5.1417846E+02   1.2709428E-01   1.4005521E-01   1.3255151E-01
   4.2028986E-01   3.3967507E+02   1.3064426E+02   4.7031932E+02   2.2103009E-01   1.1415094E-01   1.9134144E-01
   4.3478261E-01   2.5257889E+02   2.0206312E+02   4.5464201E+02   1.4163375E-01   1.3343759E-01   1.3799101E-01
   4.4927536E-01   2.1998807E+02   1.4665871E+02   3.6664678E+02   1.7544860E-01   1.6430899E-01   1.7099276E-01
   4.6376812E-01   2.6047199E+02   7.1037814E+01   3.3150980E+02   2.3029683E-01   2.6607693E-01   2.3796399E-01
   4.7826087E-01   2.5257889E+02   1.3777031E+02   3.9034920E+02   2.5444294E-01   1.7908988E-01   2.2784774E-01
   4.9275362E-01   1.5600461E+02   8.9145492E+01   2.4515010E+02   3.3767792E-01   7.9503054E-02   2.4379615E-01
   5.0724638E-01   1.7319696E+02   1.0824810E+02   2.8144505E+02   1.5939475E-01   2.2840343E-01   1.8593655E-01
   5.2173913E-01   1.0524121E+02   2.1048241E+01   1.2628945E+02   1.4369122E-01   2.5100798E-01   1.6157735E-01
   5.3623188E-01   1.6383496E+02   1.4335559E+02   3.0719055E+02   2.2714482E-01   1.5089722E-01   1.9156260E-01
   5.5072464E-01   1.9940439E+02   1.1964263E+02   3.1904702E+02   1.8311435E-01   1.8782588E-01   1.8488117E-01
   5.6521739E-01   1.5543317E+02   3.8858291E+01   1.9429146E+02   1.8591678E-01   3.4025266E-06   1.4873274E-01
   5.7971014E-01   1.8943417E+02   7.5773668E+01   2.6520784E+02   7.7844713E-02   3.0715103E-01   1.4336080E-01
   5.9420290E-01   9.2406913E+01   5.5444148E+01   1.4785106E+02   1.7910602E-01   4.2144686E-01   2.6998383E-01
   6.0869565E-01   1.6237215E+02   9.0206748E+01   2.5257889E+02   2.3561018E-01   1.7025816E-01   2.1227017E-01
   6.2318841E-01   2.2908318E+02   5.2865350E+01   2.8194853E+02   2.7755274E-01   1.0358552E-01   2.4493389E-01
   6.3768116E-01   1.5499159E+02   1.3777031E+02   2.9276190E+02   1.9327498E-01   2.0487456E-01   1.9873361E-01
   6.5217391E-01   1.3470874E+02   1.1787015E+02   2.5257889E+02   2.2431485E-01   1.8814700E-01   2.0743652E-01
   6.6666667E-01   2.6356059E+02   6.5890146E+01   3.2945073E+02   2.2657523E-01   2.9658939E-01   2.4057806E-01
   6.8115942E-01   3.2244114E+01   1.6122057E+01   4.8366171E+01   3.0247738E-01   8.8049084E-07   2.0165188E-01
   6.9565217E-01   1.1050327E+02   1.5786181E+01   1.2628945E+02   1.6766319E-01   3.7402811E-01   1.9345881E-01
   7.1014493E-01   6.1856056E+01   7.7320070E+01   1.3917613E+02   1.4563108E-01   2.0477765E-01   1.7849028E-01
   7.2463768E-01   1.5154734E+02   1.5154734E+01   1.6670207E+02   2.5789290E-01   4.0613137E-01   2.7136912E-01
   7.3913043E-01   5.9430328E+01   7.4287910E+01   1.3371824E+02   2.6898841E-01   1.4549972E-01   2.0038358E-01
   7.5362319E-01   8.7431156E+01   5.8287437E+01   1.4571859E+02   1.7936725E-01   3.1113030E-01   2.3207247E-01
   7.6811594E-01   1.2867227E+02   5.7187674E+01   1.8585994E+02   2.2786831E-01   3.5073129E-01   2.6567230E-01
   7.8260870E-01   4.2096482E+01   4.2096482E+01   8.4192965E+01   2.5522120E-01   3.8716608E-01   3.2119364E-01
   7.9710145E-01   9.6439214E+01   0.0000000E+00   9.6439214E+01   1.8765720E-01   0.0000000E+00   1.8765720E-01
   8.1159420E-01   6.7655061E+01   2.7062024E+01   9.4717086E+01   2.0884943E-01   2.0757160E-01   2.0848434E-01
   8.2608696E-01   5.3174504E+01   3.9880878E+01   9.3055382E+01   3.8657224E-01   1.2993057E-01   2.7658296E-01
   8.4057971E-01   7.8386554E+01   2.6128851E+01   1.0451540E+02   2.6440933E-01   4.0941014E-01   3.0065953E-01
   8.5507246E-01   6.4214973E+01   0.0000000E+00   6.4214973E+01   3.0772115E-01   0.0000000E+00   3.0772115E-01
   8.6956522E-01   7.5773668E+01   0.0000000E+00   7.5773668E+01   1.7032322E-01   0.0000000E+00   1.7032322E-01
   8.8405797E-01   6.2109564E+01   2.4843826E+01   8.6953390E+01   3.9340296E-01   2.1183935E-01   3.4152764E-01
   8.9855072E-01   6.1107797E+01   2.4443119E+01   8.5550916E+01   1.5998862E-01   4.0516792E-01   2.3003985E-01
   9.1304348E-01   6.0137832E+01   2.4055133E+01   8.4192965E+01   2.4036516E-01   1.9881295E-01   2.2849310E-01
   9.2753623E-01   3.5518907E+01   0.0000000E+00   3.5518907E+01   2.7101608E-01   0.0000000E+00   2.7101608E-01
   9.4202899E-01   2.3314975E+01   2.3314975E+01   4.6629950E+01   1.1887048E-05   4.1376080E-01   2.0687446E-01
   9.5652174E-01   1.1480859E+01   0.0000000E+00   1.1480859E+01   6.5460446E-05   0.0000000E+00   6.5460446E-05
   9.7101449E-01   1.1309503E+01   2.2619005E+01   3.3928508E+01   4.1425509E-01   3.8985145E-01   3.9798600E-01
   9.8550725E-01   1.1143187E+01   0.0000000E+00   1.1143187E+01   4.2600927E-01   0.0000000E+00   4.2600927E-01
   1.0000000E+00   0.0000000E+00   0.0000000E+00   0.0000000E+00   0.0000000E+00   0.0000000E+00   0.0000000E+00
