   0.0000000E+00   3.9921442E+10   2.0116969E+10   5.9471394E+10   5.1260117E-09   0.0000000E+00   3.4409447E-09
   1.4492754E-02   1.1366050E+04   5.3041568E+03   1.6670207E+04   5.5687605E-02   8.9791769E-02   6.6538930E-02
   2.8985507E-02   5.6830251E+03   1.8943417E+03   7.5773668E+03   1.1110987E-01   1.7224530E-01   1.2639373E-01
   4.3478261E-02   2.5257889E+03   1.7680523E+03   4.2938412E+03   7.9163643E-02   1.9625480E-01   1.2737765E-01
   5.7971014E-02   2.6520784E+03   7.5773668E+02   3.4098151E+03   1.0306119E-01   2.1159001E-01   1.2717871E-01
   7.2463768E-02   3.3340414E+03   1.5154734E+03   4.8495148E+03   1.6184469E-01   2.3520594E-01   1.8477008E-01
   8.6956522E-02   1.7680523E+03   8.8402613E+02   2.6520784E+03   2.0019431E-01   1.3215251E-01   1.7751371E-01
   1.0144928E-01   1.1907291E+03   6.4948859E+02   1.8402177E+03   2.0690475E-01   1.2553440E-01   1.7818580E-01
   1.1594203E-01   1.0418879E+03   7.5773668E+02   1.7996246E+03   1.2818768E-01   8.7497584E-02   1.1105501E-01
   1.3043478E-01   1.3470874E+03   5.0515779E+02   1.8522452E+03   1.5489155E-01   2.2132565E-01   1.7300994E-01
   1.4492754E-01   1.5154734E+03   3.7886834E+02   1.8943417E+03   1.2141460E-01   5.9157615E-02   1.0896321E-01
   1.5942029E-01   6.1996638E+02   6.8885153E+02   1.3088179E+03   4.8786715E-02   1.8264495E-01   1.1923842E-01
   1.7391304E-01   6.9459196E+02   3.1572362E+02   1.0103156E+03   1.4502845E-01   2.1630934E-01   1.6730373E-01
   1.8840580E-01   5.8287437E+02   1.1657487E+02   6.9944925E+02   1.8804389E-01   1.2606211E-01   1.7771360E-01
   2.0289855E-01   7.0361264E+02   5.9536454E+02   1.2989772E+03   1.7453733E-01   1.9244106E-01   1.8274321E-01
   2.1739130E-01   7.5773668E+02   1.5154734E+02   9.0928402E+02   1.4814661E-01   1.0868754E-01   1.4157010E-01
   2.3188406E-01   7.5773668E+02   1.4207563E+02   8.9981231E+02   1.9270605E-01   1.5239619E-01   1.8634133E-01
   2.4637681E-01   4.9030021E+02   1.7829098E+02   6.6859119E+02   1.1573546E-01   1.5094952E-01   1.2512587E-01
   2.6086957E-01   5.8935075E+02   2.9467538E+02   8.8402613E+02   1.0128517E-01   9.1987726E-02   9.8186023E-02
   2.7536232E-01   3.1904702E+02   1.1964263E+02   4.3868966E+02   2.8317033E-01   6.9861365E-02   2.2499516E-01
   2.8985507E-01   4.5464201E+02   2.2732101E+02   6.8196302E+02   2.0498605E-01   1.6272567E-01   1.9089926E-01
   3.0434783E-01   4.3299239E+02   1.0824810E+02   5.4124049E+02   1.9210812E-01   1.2762692E-01   1.7921188E-01
   3.1884058E-01   2.7554061E+02   1.7221288E+02   4.4775350E+02   1.3654354E-01   7.9979302E-02   1.1478806E-01
   3.3333333E-01   3.9534088E+02   1.3178029E+02   5.2712117E+02   1.4089788E-01   1.0237684E-01   1.3126762E-01
   3.4782609E-01   4.7358543E+02   1.8943417E+02   6.6301960E+02   1.2318609E-01   1.9148918E-01   1.4270126E-01
   3.6231884E-01   3.9402308E+02   2.7278521E+02   6.6680828E+02   1.6658759E-01   1.3316750E-01   1.5291574E-01
   3.7681159E-01   2.0400603E+02   1.4571859E+02   3.4972462E+02   2.4563038E-01   1.4535830E-01   2.0385035E-01
   3.9130435E-01   3.0870754E+02   3.3677186E+02   6.4547940E+02   1.6366559E-01   1.8545511E-01   1.7503403E-01
   4.0579710E-01   4.0593037E+02   0.0000000E+00   4.0593037E+02   1.4358109E-01   0.0000000E+00   1.4358109E-01
   4.2028986E-01   4.7031932E+02   1.8290196E+02   6.5322128E+02   1.5182156E-01   1.7512227E-01   1.5834576E-01
   4.3478261E-01   1.2628945E+02   1.0103156E+02   2.2732101E+02   2.3285440E-01   2.8360510E-01   2.5541027E-01
   4.4927536E-01   2.9331743E+02   9.7772475E+01   3.9108990E+02   1.3400002E-01   1.2062397E-01   1.3065601E-01
   4.6376812E-01   4.2622688E+02   7.1037814E+01   4.9726470E+02   8.6761042E-02   2.5080932E-01   1.1019651E-01
   4.7826087E-01   2.2961718E+02   1.3777031E+02   3.6738748E+02   2.6995945E-01   1.3194919E-01   2.1820560E-01
   4.9275362E-01   8.9145492E+01   1.1143187E+02   2.0057736E+02   2.8038458E-01   2.5787306E-01   2.6787818E-01
   5.0724638E-01   3.0309467E+02   8.6598478E+01   3.8969315E+02   1.7131606E-01   1.3366355E-01   1.6294884E-01
   5.2173913E-01   2.1048241E+02   6.3144724E+01   2.7362714E+02   2.1285066E-01   2.7502948E-01   2.2719962E-01
   5.3623188E-01   3.2766992E+02   4.0958740E+01   3.6862866E+02   2.0497411E-01   1.6030635E-01   2.0001103E-01
   5.5072464E-01   2.3928527E+02   7.9761756E+01   3.1904702E+02   1.4868852E-01   2.6095823E-01   1.7675595E-01
   5.6521739E-01   2.1372060E+02   9.7145729E+01   3.1086633E+02   2.3850530E-01   1.8026103E-01   2.2030397E-01
   5.7971014E-01   1.8943417E+02   3.7886834E+01   2.2732101E+02   1.7483756E-01   2.1387850E-01   1.8134438E-01
   5.9420290E-01   1.6633244E+02   5.5444148E+01   2.2177659E+02   1.4405230E-01   1.1527308E-01   1.3685749E-01
   6.0869565E-01   1.8041350E+02   7.2165398E+01   2.5257889E+02   1.5215392E-01   2.5884538E-01   1.8263720E-01
   6.2318841E-01   7.0487133E+01   7.0487133E+01   1.4097427E+02   1.1605776E-01   2.0218987E-01   1.5912382E-01
   6.3768116E-01   1.2054902E+02   3.4442577E+01   1.5499159E+02   3.3679213E-02   4.1591706E-01   1.1862096E-01
   6.5217391E-01   1.0103156E+02   5.0515779E+01   1.5154734E+02   2.7123138E-01   2.6515941E-01   2.6920739E-01
   6.6666667E-01   1.3178029E+02   3.2945073E+01   1.6472537E+02   3.8567508E-01   1.9555187E-05   3.0854397E-01
   6.8115942E-01   1.1285440E+02   4.8366171E+01   1.6122057E+02   2.5104144E-01   2.6836220E-01   2.5623767E-01
   6.9565217E-01   1.2628945E+02   7.8930905E+01   2.0522035E+02   2.7803960E-01   2.8795345E-01   2.8185262E-01
   7.1014493E-01   9.2784084E+01   6.1856056E+01   1.5464014E+02   2.6952198E-01   3.0740029E-01   2.8467330E-01
   7.2463768E-01   9.0928402E+01   4.5464201E+01   1.3639260E+02   3.2101454E-01   8.8751232E-02   2.4359344E-01
   7.3913043E-01   7.4287910E+01   5.9430328E+01   1.3371824E+02   1.1230506E-01   2.9599289E-01   1.9394409E-01
   7.5362319E-01   7.2859297E+01   8.7431156E+01   1.6029045E+02   2.0524103E-01   3.4517752E-01   2.8157003E-01
   7.6811594E-01   7.1484593E+01   4.2890756E+01   1.1437535E+02   1.6417771E-01   2.0679193E-01   1.8015804E-01
   7.8260870E-01   7.0160804E+01   2.8064322E+01   9.8225126E+01   2.8332705E-01   6.7445602E-06   2.0237839E-01
   7.9710145E-01   8.2662184E+01   6.8885153E+01   1.5154734E+02   3.0444854E-01   3.1392343E-01   3.0875531E-01
   8.1159420E-01   2.7062024E+01   1.3531012E+01   4.0593037E+01   4.1178356E-01   3.9411743E-01   4.0589485E-01
   8.2608696E-01   1.1964263E+02   2.6587252E+01   1.4622989E+02   2.4590425E-01   1.9296080E-01   2.3627817E-01
   8.4057971E-01   3.9193277E+01   6.5322128E+01   1.0451540E+02   2.3767410E-01   2.5993194E-01   2.5158525E-01
   8.5507246E-01   8.9900963E+01   1.2842995E+01   1.0274396E+02   1.1962996E-01   3.8270486E-01   1.5251432E-01
   8.6956522E-01   1.2628945E+01   1.2628945E+01   2.5257889E+01   3.1500499E-01   3.0556319E-01   3.1028409E-01
   8.8405797E-01   6.2109564E+01   1.2421913E+01   7.4531477E+01   2.4008344E-01   3.9241623E-01   2.6547223E-01
   8.9855072E-01   3.6664678E+01   4.8886238E+01   8.5550916E+01   3.9080958E-01   3.9749929E-01   3.9463227E-01
   9.1304348E-01   6.0137832E+01   1.2027566E+01   7.2165398E+01   2.2617706E-01   9.2234798E-05   1.8849626E-01
   9.2753623E-01   4.7358543E+01   0.0000000E+00   4.7358543E+01   1.9850431E-01   0.0000000E+00   1.9850431E-01
   9.4202899E-01   6.9944925E+01   1.1657487E+01   8.1602412E+01   4.0663931E-01   1.8977752E-05   3.4854527E-01
   9.5652174E-01   4.5923435E+01   1.1480859E+01   5.7404294E+01   3.0832247E-01   1.8484889E-06   2.4665835E-01
   9.7101449E-01   1.1309503E+01   1.1309503E+01   2.2619005E+01   4.1840134E-01   4.0134260E-01   4.0987197E-01
   9.8550725E-01   0.0000000E+00   1.1143187E+01   1.1143187E+01   0.0000000E+00   4.2723085E-01   4.2723085E-01
   1.0000000E+00   0.0000000E+00   0.0000000E+00   0.0000000E+00   0.0000000E+00   0.0000000E+00   0.0000000E+00
