   0.0000000E+00   3.9894448E+10   2.0102203E+10   5.9436605E+10   6.5180214E-08   6.4012110E-08   6.5399312E-08
   1.4492754E-02   1.0002124E+05   4.6221938E+04   1.4624318E+05   9.8148209E-02   1.3029446E-01   1.0830842E-01
   2.8985507E-02   5.4557041E+04   2.7657389E+04   8.2214430E+04   1.2495141E-01   1.1957544E-01   1.2312577E-01
   4.3478261E-02   3.8391992E+04   1.8185680E+04   5.6577672E+04   1.3266630E-01   1.0513849E-01   1.2381789E-01
   5.7971014E-02   2.4437008E+04   1.3828694E+04   3.8265703E+04   1.1962449E-01   1.3621059E-01   1.2559612E-01
   7.2463768E-02   2.0761985E+04   1.0305219E+04   3.1067204E+04   1.1868027E-01   1.4699840E-01   1.2802817E-01
   8.6956522E-02   1.9069707E+04   1.0229445E+04   2.9299152E+04   1.2853975E-01   1.3086979E-01   1.2934191E-01
   1.0144928E-01   1.1799043E+04   7.3608706E+03   1.9159913E+04   1.0017748E-01   1.4731378E-01   1.1817135E-01
   1.1594203E-01   1.5249451E+04   6.0618935E+03   2.1311344E+04   1.2283310E-01   9.7813730E-02   1.1565606E-01
   1.3043478E-01   1.0608314E+04   5.6409286E+03   1.6249242E+04   1.2285944E-01   1.0127003E-01   1.1535159E-01
   1.4492754E-01   9.7748032E+03   5.1526095E+03   1.4927413E+04   1.5574331E-01   1.0586837E-01   1.3849788E-01
   1.5942029E-01   9.9883472E+03   4.1331092E+03   1.4121456E+04   1.2202512E-01   1.8617976E-01   1.4079365E-01
   1.7391304E-01   8.4613930E+03   4.2938412E+03   1.2755234E+04   1.2297423E-01   1.6744633E-01   1.3794158E-01
   1.8840580E-01   7.4607920E+03   3.0309467E+03   1.0491739E+04   1.2941013E-01   1.5798753E-01   1.3762580E-01
   2.0289855E-01   6.8196302E+03   3.8428075E+03   1.0662438E+04   1.3430023E-01   1.5563606E-01   1.4190709E-01
   2.1739130E-01   6.2639566E+03   3.5361045E+03   9.8000611E+03   1.2618907E-01   1.3717134E-01   1.3014839E-01
   2.3188406E-01   6.0618935E+03   3.1256638E+03   9.1875573E+03   1.3706019E-01   1.1527413E-01   1.2960412E-01
   2.4637681E-01   5.4378750E+03   2.8972285E+03   8.3351035E+03   1.5403260E-01   1.4255668E-01   1.4998356E-01
   2.6086957E-01   5.0936744E+03   2.3574030E+03   7.4510774E+03   1.4044913E-01   1.5838855E-01   1.4610693E-01
   2.7536232E-01   4.2273731E+03   1.9940439E+03   6.2214170E+03   1.5428648E-01   1.0664680E-01   1.3899038E-01
   2.8985507E-01   4.6600806E+03   2.1595495E+03   6.8196302E+03   1.3314392E-01   1.4586685E-01   1.3711716E-01
   3.0434783E-01   3.6443526E+03   2.5257889E+03   6.1701416E+03   1.1379619E-01   1.3591389E-01   1.2284037E-01
   3.1884058E-01   4.3053221E+03   1.9976694E+03   6.3029915E+03   1.5742957E-01   1.2754324E-01   1.4792764E-01
   3.3333333E-01   4.0522440E+03   1.9108142E+03   5.9630583E+03   1.7393862E-01   1.3748995E-01   1.6225835E-01
   3.4782609E-01   3.4413874E+03   1.5154734E+03   4.9568608E+03   1.6182971E-01   1.6738634E-01   1.6352854E-01
   3.6231884E-01   2.8793994E+03   1.6064018E+03   4.4858012E+03   1.5387206E-01   1.5982400E-01   1.5599298E-01
   3.7681159E-01   2.9143719E+03   1.5154734E+03   4.4298452E+03   1.4892419E-01   1.8217564E-01   1.6028902E-01
   3.9130435E-01   2.6380462E+03   1.5435377E+03   4.1815839E+03   1.4884162E-01   1.6205592E-01   1.5371292E-01
   4.0579710E-01   3.0309467E+03   1.3260392E+03   4.3569859E+03   1.8421646E-01   1.7982767E-01   1.8287757E-01
   4.2028986E-01   2.6651428E+03   1.6199888E+03   4.2851316E+03   1.5413813E-01   1.8081779E-01   1.6408322E-01
   4.3478261E-01   2.3994995E+03   1.1366050E+03   3.5361045E+03   1.8402610E-01   1.4768209E-01   1.7234323E-01
   4.4927536E-01   2.4198688E+03   1.1977128E+03   3.6175816E+03   1.4415165E-01   1.5998450E-01   1.4938574E-01
   4.6376812E-01   2.2258515E+03   9.2349158E+02   3.1493431E+03   2.0029978E-01   1.8218401E-01   1.9497780E-01
   4.7826087E-01   2.7094827E+03   1.0792007E+03   3.7886834E+03   1.8136965E-01   2.0405784E-01   1.8782889E-01
   4.9275362E-01   1.9389145E+03   1.1811778E+03   3.1200922E+03   1.7368736E-01   1.2356249E-01   1.5471121E-01
   5.0724638E-01   1.9051665E+03   7.5773668E+02   2.6629032E+03   2.2482820E-01   1.6896127E-01   2.0893110E-01
   5.2173913E-01   1.9995829E+03   8.4192965E+02   2.8415126E+03   1.6179448E-01   1.6091514E-01   1.6153038E-01
   5.3623188E-01   1.6383496E+03   9.2157164E+02   2.5599212E+03   1.6790281E-01   1.8791938E-01   1.7510521E-01
   5.5072464E-01   1.6949373E+03   7.9761756E+02   2.4925549E+03   1.8968846E-01   1.6932805E-01   1.8314853E-01
   5.6521739E-01   1.5737608E+03   9.1316985E+02   2.4869307E+03   1.6049857E-01   1.4650607E-01   1.5534857E-01
   5.7971014E-01   1.5533602E+03   7.1984985E+02   2.2732101E+03   2.0632672E-01   1.7123289E-01   1.9517193E-01
   5.9420290E-01   1.3491409E+03   6.4684839E+02   1.9959893E+03   2.0090866E-01   1.3046964E-01   1.7807820E-01
   6.0869565E-01   1.3891839E+03   7.7577803E+02   2.1649620E+03   1.9942670E-01   1.6967904E-01   1.8868700E-01
   6.2318841E-01   1.3921209E+03   7.5773668E+02   2.1498576E+03   2.0069606E-01   1.6400966E-01   1.8776320E-01
   6.3768116E-01   1.4121456E+03   7.2329411E+02   2.1354397E+03   2.1999946E-01   1.7254839E-01   2.0392581E-01
   6.5217391E-01   1.2460559E+03   7.2405950E+02   1.9701154E+03   1.9820767E-01   1.9070929E-01   1.9544982E-01
   6.6666667E-01   1.4331107E+03   7.4126415E+02   2.1743748E+03   2.4425233E-01   1.4059103E-01   2.0891284E-01
   6.8115942E-01   1.1124219E+03   4.3529554E+02   1.5477175E+03   1.7977248E-01   1.4899046E-01   1.7111207E-01
   6.9565217E-01   1.0892465E+03   5.3673015E+02   1.6259766E+03   2.1163848E-01   2.3084407E-01   2.1796456E-01
   7.1014493E-01   9.8969689E+02   4.6392042E+02   1.4536173E+03   1.9759359E-01   1.8171369E-01   1.9249785E-01
   7.2463768E-01   7.8804615E+02   4.2433254E+02   1.2123787E+03   2.6934784E-01   2.0164532E-01   2.4563484E-01
   7.3913043E-01   8.9145492E+02   4.4572746E+02   1.3371824E+03   1.8696892E-01   2.0827188E-01   1.9406979E-01
   7.5362319E-01   8.8888342E+02   5.2458694E+02   1.4134704E+03   1.9440494E-01   2.4421487E-01   2.1287453E-01
   7.6811594E-01   8.0062744E+02   4.2890756E+02   1.2295350E+03   2.0814212E-01   2.6277207E-01   2.2719208E-01
   7.8260870E-01   6.4547940E+02   6.0338292E+02   1.2488623E+03   2.2939933E-01   2.3646781E-01   2.3280071E-01
   7.9710145E-01   8.4039887E+02   4.2708795E+02   1.2674868E+03   2.6160199E-01   2.2065855E-01   2.4780502E-01
   8.1159420E-01   8.3892276E+02   3.6533733E+02   1.2042601E+03   2.0073578E-01   2.6478678E-01   2.2016698E-01
   8.2608696E-01   6.5138768E+02   2.3928527E+02   8.9067294E+02   2.4724142E-01   1.8353756E-01   2.2983835E-01
   8.4057971E-01   7.0547898E+02   2.7435294E+02   9.7983192E+02   2.3266833E-01   2.3703101E-01   2.3388974E-01
   8.5507246E-01   4.3666182E+02   3.7244684E+02   8.0910866E+02   2.4965605E-01   2.6168461E-01   2.5519039E-01
   8.6956522E-01   5.0515779E+02   2.7783678E+02   7.8299457E+02   1.9273035E-01   1.8440994E-01   1.8977081E-01
   8.8405797E-01   5.8382990E+02   2.8570400E+02   8.6953390E+02   2.4678240E-01   2.9049134E-01   2.6113299E-01
   8.9855072E-01   4.5219770E+02   2.4443119E+02   6.9662889E+02   2.8543758E-01   2.2151108E-01   2.6300723E-01
   9.1304348E-01   3.9690969E+02   3.0068916E+02   6.9759885E+02   2.9154264E-01   3.1933513E-01   3.0352216E-01
   9.2753623E-01   4.0254761E+02   1.3023599E+02   5.3278361E+02   2.6516150E-01   2.3029738E-01   2.5663901E-01
   9.4202899E-01   3.0309467E+02   1.8651980E+02   4.8961447E+02   2.5260430E-01   2.9932763E-01   2.7040366E-01
   9.5652174E-01   1.8369374E+02   2.1813632E+02   4.0183006E+02   2.5037602E-01   1.9248459E-01   2.1894924E-01
   9.7101449E-01   1.5833304E+02   1.4702354E+02   3.0535657E+02   2.9992939E-01   2.8865680E-01   2.9450184E-01
   9.8550725E-01   1.6714780E+02   7.8002306E+01   2.4515010E+02   3.3957509E-01   3.0199832E-01   3.2749550E-01
   1.0000000E+00   1.3130455E+02   2.1884092E+01   1.5318864E+02   2.1335598E-01   4.2825309E-01   2.4405557E-01
