   0.0000000E+00   3.9919769E+10   2.0131148E+10   5.9498582E+10   3.5176948E-08   0.0000000E+00   2.3601498E-08
   1.4492754E-02   4.5464201E+03   7.5773668E+02   5.3041568E+03   1.1452668E-01   5.0372488E-02   1.0536180E-01
   2.8985507E-02   4.9252884E+03   2.2732101E+03   7.1984985E+03   1.3842628E-01   9.4567674E-02   1.2457619E-01
   4.3478261E-02   2.0206312E+03   1.7680523E+03   3.7886834E+03   1.1683054E-01   6.1778122E-02   9.1139412E-02
   5.7971014E-02   1.1366050E+03   1.3260392E+03   2.4626442E+03   9.0477174E-02   7.1505032E-02   8.0261405E-02
   7.2463768E-02   4.5464201E+02   1.3639260E+03   1.8185680E+03   7.1341803E-02   1.6125247E-01   1.3877480E-01
   8.6956522E-02   7.5773668E+02   6.3144724E+02   1.3891839E+03   1.3686221E-01   9.5801622E-02   1.1819831E-01
   1.0144928E-01   8.6598478E+02   6.4948859E+02   1.5154734E+03   8.3028382E-02   7.5109562E-02   7.9634602E-02
   1.1594203E-01   6.6301960E+02   4.7358543E+02   1.1366050E+03   1.7779568E-01   1.1685655E-01   1.5240438E-01
   1.3043478E-01   7.5773668E+02   0.0000000E+00   7.5773668E+02   7.2263900E-02   0.0000000E+00   7.2263900E-02
   1.4492754E-01   2.2732101E+02   3.7886834E+02   6.0618935E+02   1.2050273E-01   1.7123411E-01   1.5220984E-01
   1.5942029E-01   3.4442577E+02   2.7554061E+02   6.1996638E+02   1.2491551E-01   2.7653304E-01   1.9230108E-01
   1.7391304E-01   6.3144724E+02   3.7886834E+02   1.0103156E+03   1.2523520E-01   1.0192902E-01   1.1649538E-01
   1.8840580E-01   6.4116181E+02   2.3314975E+02   8.7431156E+02   1.2149949E-01   2.1261137E-01   1.4579600E-01
   2.0289855E-01   2.7062024E+02   4.3299239E+02   7.0361264E+02   6.3787981E-02   5.9737307E-02   6.1295258E-02
   2.1739130E-01   2.5257889E+02   5.0515779E+01   3.0309467E+02   1.8527792E-01   5.5228715E-05   1.5438906E-01
   2.3188406E-01   1.4207563E+02   0.0000000E+00   1.4207563E+02   2.4963818E-01   0.0000000E+00   2.4963818E-01
   2.4637681E-01   3.5658197E+02   4.4572746E+01   4.0115472E+02   1.4794966E-01   1.9127279E-01   1.5276334E-01
   2.6086957E-01   2.9467538E+02   1.6838593E+02   4.6306131E+02   9.7066674E-02   9.3459158E-02   9.5754850E-02
   2.7536232E-01   2.3928527E+02   3.9880878E+01   2.7916615E+02   1.8749007E-01   3.0439512E-02   1.6505428E-01
   2.8985507E-01   1.8943417E+02   7.5773668E+01   2.6520784E+02   2.2604097E-01   2.2138978E-01   2.2471206E-01
   3.0434783E-01   2.5257889E+02   1.0824810E+02   3.6082699E+02   3.2969920E-01   1.7657301E-01   2.8376134E-01
   3.1884058E-01   1.3777031E+02   6.8885153E+01   2.0665546E+02   2.0036368E-01   1.9007133E-01   1.9693290E-01
   3.3333333E-01   9.8835220E+01   1.3178029E+02   2.3061551E+02   2.5383210E-01   1.7304169E-01   2.0766615E-01
   3.4782609E-01   1.8943417E+02   3.1572362E+01   2.2100653E+02   1.6806895E-01   3.9018349E-05   1.4406467E-01
   3.6231884E-01   1.2123787E+02   2.4247574E+02   3.6371361E+02   1.6380610E-01   1.6131119E-01   1.6214283E-01
   3.7681159E-01   1.7486231E+02   1.1657487E+02   2.9143719E+02   2.6066569E-01   2.1977118E-01   2.4430788E-01
   3.9130435E-01   8.4192965E+01   1.1225729E+02   1.9645025E+02   1.2447656E-01   2.2685524E-01   1.8297866E-01
   4.0579710E-01   1.6237215E+02   0.0000000E+00   1.6237215E+02   1.9459919E-01   0.0000000E+00   1.9459919E-01
   4.2028986E-01   2.6128851E+01   7.8386554E+01   1.0451540E+02   3.7268694E-01   2.0013306E-01   2.4327153E-01
   4.3478261E-01   1.7680523E+02   7.5773668E+01   2.5257889E+02   1.4409227E-01   1.7611590E-01   1.5369936E-01
   4.4927536E-01   7.3329357E+01   2.4443119E+01   9.7772475E+01   1.1008950E-01   2.2973473E-06   8.2567703E-02
   4.6376812E-01   1.1839636E+02   0.0000000E+00   1.1839636E+02   1.4648371E-01   0.0000000E+00   1.4648371E-01
   4.7826087E-01   6.8885153E+01   4.5923435E+01   1.1480859E+02   1.3992567E-01   7.3741771E-02   1.1345211E-01
   4.9275362E-01   1.7829098E+02   4.4572746E+01   2.2286373E+02   1.4298320E-01   1.9245078E-01   1.5287672E-01
   5.0724638E-01   4.3299239E+01   4.3299239E+01   8.6598478E+01   3.7350234E-01   2.6375517E-01   3.1862876E-01
   5.2173913E-01   1.2628945E+02   8.4192965E+01   2.1048241E+02   1.1584898E-01   1.0540038E-01   1.1166954E-01
   5.3623188E-01   2.0479370E+01   6.1438110E+01   8.1917479E+01   1.7564602E-05   2.2111882E-01   1.6583472E-01
   5.5072464E-01   1.7946395E+02   3.9880878E+01   2.1934483E+02   1.5918148E-01   2.7000209E-01   1.7933068E-01
   5.6521739E-01   5.8287437E+01   1.9429146E+01   7.7716583E+01   5.6907840E-02   2.4815662E-01   1.0472003E-01
   5.7971014E-01   3.7886834E+01   3.7886834E+01   7.5773668E+01   2.2773929E-01   2.7403591E-01   2.5088760E-01
   5.9420290E-01   9.2406913E+01   5.5444148E+01   1.4785106E+02   1.9500476E-01   1.8665674E-01   1.9187425E-01
   6.0869565E-01   7.2165398E+01   0.0000000E+00   7.2165398E+01   1.8011511E-01   0.0000000E+00   1.8011511E-01
   6.2318841E-01   3.5243567E+01   5.2865350E+01   8.8108917E+01   1.6833508E-01   1.9636111E-01   1.8515070E-01
   6.3768116E-01   3.4442577E+01   1.0332773E+02   1.3777031E+02   3.7403602E-01   2.7756396E-01   3.0168198E-01
   6.5217391E-01   1.0103156E+02   5.0515779E+01   1.5154734E+02   1.0779771E-01   3.4073854E-05   7.1853781E-02
   6.6666667E-01   1.6472537E+01   1.6472537E+01   3.2945073E+01   3.9940429E-01   9.0646216E-06   1.9970668E-01
   6.8115942E-01   6.4488228E+01   0.0000000E+00   6.4488228E+01   1.5910068E-01   0.0000000E+00   1.5910068E-01
   6.9565217E-01   1.1050327E+02   0.0000000E+00   1.1050327E+02   2.5083594E-01   0.0000000E+00   2.5083594E-01
   7.1014493E-01   4.6392042E+01   1.5464014E+01   6.1856056E+01   1.5798368E-01   3.2445538E-01   1.9960160E-01
   7.2463768E-01   4.5464201E+01   3.0309467E+01   7.5773668E+01   2.4943528E-01   3.3066002E-01   2.8192518E-01
   7.3913043E-01   1.4857582E+01   2.9715164E+01   4.4572746E+01   3.9222037E-01   4.1334066E-01   4.0630056E-01
   7.5362319E-01   1.4571859E+02   0.0000000E+00   1.4571859E+02   1.3891312E-01   0.0000000E+00   1.3891312E-01
   7.6811594E-01   7.1484593E+01   0.0000000E+00   7.1484593E+01   2.1327209E-01   0.0000000E+00   2.1327209E-01
   7.8260870E-01   4.2096482E+01   2.8064322E+01   7.0160804E+01   2.1305688E-01   2.9025454E-01   2.4393594E-01
   7.9710145E-01   4.1331092E+01   1.3777031E+01   5.5108122E+01   1.3707349E-01   2.9214789E-01   1.7584209E-01
   8.1159420E-01   1.3531012E+01   1.3531012E+01   2.7062024E+01   3.0948645E-01   3.2487353E-01   3.1717999E-01
   8.2608696E-01   6.6468130E+01   1.3293626E+01   7.9761756E+01   3.0986983E-01   3.1253347E-04   2.5827695E-01
   8.4057971E-01   7.8386554E+01   2.6128851E+01   1.0451540E+02   1.9609086E-01   3.1795113E-01   2.2655593E-01
   8.5507246E-01   2.5685989E+01   1.2842995E+01   3.8528984E+01   1.4098426E-01   4.2833878E-01   2.3676910E-01
   8.6956522E-01   2.5257889E+01   2.5257889E+01   5.0515779E+01   3.8788814E-01   3.5489787E-01   3.7139301E-01
   8.8405797E-01   2.4843826E+01   0.0000000E+00   2.4843826E+01   1.5841024E-01   0.0000000E+00   1.5841024E-01
   8.9855072E-01   3.6664678E+01   0.0000000E+00   3.6664678E+01   2.7568921E-01   0.0000000E+00   2.7568921E-01
   9.1304348E-01   1.2027566E+01   2.4055133E+01   3.6082699E+01   4.1016940E-01   4.0833760E-01   4.0894820E-01
   9.2753623E-01   1.1839636E+01   2.3679271E+01   3.5518907E+01   4.2268790E-01   3.7675945E-01   3.9206893E-01
   9.4202899E-01   1.1657487E+01   3.4972462E+01   4.6629950E+01   3.9931192E-01   1.2770780E-01   1.9560883E-01
   9.5652174E-01   2.2961718E+01   0.0000000E+00   2.2961718E+01   4.2185345E-01   0.0000000E+00   4.2185345E-01
   9.7101449E-01   0.0000000E+00   0.0000000E+00   0.0000000E+00   0.0000000E+00   0.0000000E+00   0.0000000E+00
   9.8550725E-01   1.1143187E+01   0.0000000E+00   1.1143187E+01   4.1945189E-01   0.0000000E+00   4.1945189E-01
   1.0000000E+00   2.1884092E+01   0.0000000E+00   2.1884092E+01   4.4016045E-06   0.0000000E+00   4.4016045E-06
