   0.0000000E+00   3.9924952E+10   2.0110689E+10   5.9459179E+10   4.3671741E-09   9.3985282E-10   3.2503023E-09
   1.4492754E-02   1.2123787E+04   5.3041568E+03   1.7427944E+04   7.7053057E-02   6.9796304E-03   5.5726362E-02
   2.8985507E-02   4.5464201E+03   3.7886834E+03   8.3351035E+03   1.5237460E-01   1.3798482E-01   1.4583379E-01
   4.3478261E-02   4.7989990E+03   1.2628945E+03   6.0618935E+03   1.3434811E-01   7.7390794E-02   1.2248200E-01
   5.7971014E-02   3.2203809E+03   5.6830251E+02   3.7886834E+03   7.5689790E-02   4.7270589E-03   6.5045380E-02
   7.2463768E-02   2.1216627E+03   1.2123787E+03   3.3340414E+03   2.1253551E-01   7.2524278E-02   1.6162234E-01
   8.6956522E-02   2.3994995E+03   1.1366050E+03   3.5361045E+03   1.3266503E-01   6.9874263E-02   1.1248228E-01
   1.0144928E-01   1.4072253E+03   5.4124049E+02   1.9484658E+03   1.0740218E-01   1.7278993E-01   1.2556544E-01
   1.1594203E-01   1.3260392E+03   7.5773668E+02   2.0837759E+03   1.4485218E-01   1.3217781E-01   1.4024332E-01
   1.3043478E-01   8.4192965E+02   5.8935075E+02   1.4312804E+03   2.3623696E-01   1.2474309E-01   1.9032772E-01
   1.4492754E-01   1.3639260E+03   2.2732101E+02   1.5912470E+03   1.0722969E-01   1.3609893E-01   1.1135386E-01
   1.5942029E-01   6.8885153E+02   2.0665546E+02   8.9550699E+02   9.0558496E-02   8.0481864E-02   8.8233120E-02
   1.7391304E-01   8.8402613E+02   4.4201307E+02   1.3260392E+03   1.7539167E-01   8.1187302E-02   1.4399021E-01
   1.8840580E-01   1.2240362E+03   2.3314975E+02   1.4571859E+03   1.7609365E-01   2.0286971E-01   1.8037291E-01
   2.0289855E-01   6.4948859E+02   4.3299239E+02   1.0824810E+03   1.4320917E-01   2.7371664E-01   1.9541216E-01
   2.1739130E-01   5.5567357E+02   3.0309467E+02   8.5876824E+02   1.8979458E-01   8.4394506E-02   1.5259456E-01
   2.3188406E-01   4.2622688E+02   2.8415126E+02   7.1037814E+02   1.7773252E-01   1.2794381E-01   1.5781703E-01
   2.4637681E-01   7.5773668E+02   1.7829098E+02   9.3602767E+02   9.7650112E-02   2.3923422E-01   1.2461851E-01
   2.6086957E-01   5.8935075E+02   4.2096482E+02   1.0103156E+03   1.3141792E-01   1.2659442E-01   1.2940813E-01
   2.7536232E-01   3.9880878E+02   2.7916615E+02   6.7797493E+02   2.0603034E-01   1.6908222E-01   1.9081641E-01
   2.8985507E-01   2.6520784E+02   2.6520784E+02   5.3041568E+02   2.0808873E-01   1.4921642E-01   1.7865258E-01
   3.0434783E-01   4.6907509E+02   2.1649620E+02   6.8557129E+02   1.9017352E-01   1.4583468E-01   1.7617178E-01
   3.1884058E-01   2.0665546E+02   1.7221288E+02   3.7886834E+02   1.1829869E-01   1.6147043E-01   1.3792221E-01
   3.3333333E-01   3.2945073E+02   2.3061551E+02   5.6006624E+02   1.6214720E-01   2.3916660E-01   1.9386107E-01
   3.4782609E-01   3.7886834E+02   2.2100653E+02   5.9987487E+02   1.6204334E-01   2.3256122E-01   1.8802361E-01
   3.6231884E-01   2.7278521E+02   1.5154734E+02   4.2433254E+02   1.8304235E-01   1.0924261E-01   1.5668530E-01
   3.7681159E-01   1.7486231E+02   8.7431156E+01   2.6229347E+02   1.7077258E-01   1.4177441E-01   1.6110652E-01
   3.9130435E-01   3.6483618E+02   2.8064322E+02   6.4547940E+02   1.7822242E-01   1.2697036E-01   1.5593891E-01
   4.0579710E-01   3.2474429E+02   1.3531012E+02   4.6005442E+02   1.4218633E-01   2.6790186E-01   1.7916149E-01
   4.2028986E-01   1.3064426E+02   2.0903081E+02   3.3967507E+02   1.7500774E-01   1.4025948E-01   1.5362420E-01
   4.3478261E-01   3.5361045E+02   1.5154734E+02   5.0515779E+02   1.9837300E-01   1.2731031E-01   1.7705419E-01
   4.4927536E-01   2.9331743E+02   4.8886238E+01   3.4220366E+02   2.0694669E-01   2.2839891E-06   1.7738320E-01
   4.6376812E-01   2.3679271E+02   7.1037814E+01   3.0783053E+02   2.6062794E-01   1.0542706E-01   2.2481236E-01
   4.7826087E-01   3.6738748E+02   1.1480859E+02   4.8219607E+02   1.3813238E-01   1.0321637E-01   1.2981904E-01
   4.9275362E-01   1.7829098E+02   8.9145492E+01   2.6743648E+02   1.4753643E-01   1.2888823E-01   1.4132036E-01
   5.0724638E-01   1.7319696E+02   8.6598478E+01   2.5979543E+02   2.6086859E-01   2.1649174E-01   2.4607631E-01
   5.2173913E-01   2.7362714E+02   1.6838593E+02   4.4201307E+02   2.2137541E-01   1.3871216E-01   1.8988465E-01
   5.3623188E-01   1.6383496E+02   6.1438110E+01   2.2527307E+02   2.9475116E-01   2.1444980E-05   2.1435863E-01
   5.5072464E-01   1.5952351E+02   1.3958307E+02   2.9910659E+02   1.4046635E-01   1.1912330E-01   1.3050626E-01
   5.6521739E-01   2.1372060E+02   1.1657487E+02   3.3029548E+02   1.1662884E-01   2.1775227E-01   1.5231946E-01
   5.7971014E-01   1.5154734E+02   1.3260392E+02   2.8415126E+02   2.1935644E-01   1.9908872E-01   2.0989817E-01
   5.9420290E-01   1.6633244E+02   5.5444148E+01   2.2177659E+02   2.3430396E-01   2.0244793E-01   2.2633995E-01
   6.0869565E-01   1.2628945E+02   1.0824810E+02   2.3453755E+02   5.8384925E-02   1.5730051E-01   1.0403827E-01
   6.2318841E-01   1.2335248E+02   8.8108917E+01   2.1146140E+02   2.9075574E-01   1.7682917E-01   2.4328634E-01
   6.3768116E-01   1.2054902E+02   3.4442577E+01   1.5499159E+02   1.8242302E-01   1.7153993E-01   1.8000455E-01
   6.5217391E-01   1.6838593E+02   5.0515779E+01   2.1890171E+02   1.6478711E-01   2.0515781E-01   1.7410343E-01
   6.6666667E-01   8.2362683E+01   3.2945073E+01   1.1530776E+02   2.5836868E-01   2.7768366E-01   2.6388724E-01
   6.8115942E-01   1.1285440E+02   3.2244114E+01   1.4509851E+02   3.0686146E-01   2.9043712E-01   3.0321160E-01
   6.9565217E-01   1.4207563E+02   7.8930905E+01   2.2100653E+02   2.3206873E-01   1.8319400E-01   2.1461347E-01
   7.1014493E-01   1.0824810E+02   7.7320070E+01   1.8556817E+02   3.3697595E-01   2.3042053E-01   2.9257786E-01
   7.2463768E-01   7.5773668E+01   9.0928402E+01   1.6670207E+02   1.3385292E-05   2.5090775E-01   1.3686486E-01
   7.3913043E-01   1.0400307E+02   4.4572746E+01   1.4857582E+02   2.0528852E-01   2.6015145E-01   2.2174740E-01
   7.5362319E-01   5.8287437E+01   1.4571859E+01   7.2859297E+01   1.9055435E-01   2.3175261E-06   1.5244395E-01
   7.6811594E-01   1.4296919E+01   0.0000000E+00   1.4296919E+01   5.2018816E-04   0.0000000E+00   5.2018816E-04
   7.8260870E-01   9.8225126E+01   2.8064322E+01   1.2628945E+02   1.4030611E-01   4.2567612E-01   2.0372167E-01
   7.9710145E-01   8.2662184E+01   2.7554061E+01   1.1021624E+02   3.1516995E-01   4.0683512E-01   3.3808624E-01
   8.1159420E-01   4.0593037E+01   4.0593037E+01   8.1186073E+01   3.2887116E-01   4.0536042E-01   3.6711579E-01
   8.2608696E-01   9.3055382E+01   1.3293626E+01   1.0634901E+02   1.3744457E-01   5.5042429E-06   1.2026469E-01
   8.4057971E-01   9.1450979E+01   2.6128851E+01   1.1757983E+02   3.2001033E-01   3.6412043E-01   3.2981257E-01
   8.5507246E-01   7.7057968E+01   5.1371979E+01   1.2842995E+02   2.0798926E-01   2.8650308E-01   2.3939479E-01
   8.6956522E-01   7.5773668E+01   3.7886834E+01   1.1366050E+02   1.7030966E-01   1.4220842E-01   1.6094258E-01
   8.8405797E-01   6.2109564E+01   2.4843826E+01   8.6953390E+01   3.3213557E-01   1.8767084E-01   2.9085993E-01
   8.9855072E-01   2.4443119E+01   2.4443119E+01   4.8886238E+01   7.4881201E-06   1.6931960E-01   8.4663544E-02
   9.1304348E-01   3.6082699E+01   6.0137832E+01   9.6220531E+01   2.5093259E-01   3.2017259E-01   2.9420759E-01
   9.2753623E-01   3.5518907E+01   3.5518907E+01   7.1037814E+01   2.6899847E-01   2.6211804E-01   2.6555826E-01
   9.4202899E-01   5.8287437E+01   2.3314975E+01   8.1602412E+01   2.3610933E-01   2.1367449E-01   2.2969938E-01
   9.5652174E-01   4.5923435E+01   2.2961718E+01   6.8885153E+01   3.1052640E-01   3.9859343E-01   3.3988208E-01
   9.7101449E-01   1.1309503E+01   1.1309503E+01   2.2619005E+01   4.1518885E-01   6.0624714E-06   2.0759140E-01
   9.8550725E-01   3.3429560E+01   2.2286373E+01   5.5715933E+01   8.5276604E-06   2.0766776E-01   8.3061988E-02
   1.0000000E+00   0.0000000E+00   0.0000000E+00   0.0000000E+00   0.0000000E+00   0.0000000E+00   0.0000000E+00
