   0.0000000E+00   3.9578199E+10   1.9950073E+10   5.8971821E+10   5.5873944E-07   1.0002791E-06   7.0916202E-07
   1.4492754E-02   9.4110896E+05   4.6297711E+05   1.4040861E+06   1.0459343E-01   1.0629269E-01   1.0513957E-01
   2.8985507E-02   5.1147226E+05   2.6445010E+05   7.7592236E+05   1.1894408E-01   1.1570162E-01   1.1783681E-01
   4.3478261E-02   3.4830630E+05   1.7276396E+05   5.2107026E+05   1.1629763E-01   1.1242590E-01   1.1500747E-01
   5.7971014E-02   2.6198746E+05   1.2407938E+05   3.8606684E+05   1.1765357E-01   1.1517847E-01   1.1685699E-01
   7.2463768E-02   2.0534664E+05   1.0123362E+05   3.0658026E+05   1.1459092E-01   1.2105935E-01   1.1671947E-01
   8.6956522E-02   1.6695465E+05   8.2845877E+04   2.4980053E+05   1.2132844E-01   1.2627126E-01   1.2296559E-01
   1.0144928E-01   1.4180501E+05   7.0686008E+04   2.1249102E+05   1.2974558E-01   1.2217961E-01   1.2722868E-01
   1.1594203E-01   1.1432352E+05   6.1281954E+04   1.7560548E+05   1.2462783E-01   1.2570792E-01   1.2500408E-01
   1.3043478E-01   1.0305219E+05   5.0852551E+04   1.5390474E+05   1.2472127E-01   1.1309463E-01   1.2087886E-01
   1.4492754E-01   9.5247501E+04   4.8419374E+04   1.4366688E+05   1.3286194E-01   1.2026231E-01   1.2861462E-01
   1.5942029E-01   8.5210934E+04   4.1675518E+04   1.2688645E+05   1.2352546E-01   1.2888120E-01   1.2527381E-01
   1.7391304E-01   7.7731155E+04   4.0538913E+04   1.1827007E+05   1.3111894E-01   1.2368967E-01   1.2856051E-01
   1.8840580E-01   7.1635260E+04   3.3690139E+04   1.0532540E+05   1.2487108E-01   1.2509947E-01   1.2494369E-01
   2.0289855E-01   6.4624114E+04   3.1229576E+04   9.5853691E+04   1.3392313E-01   1.2725642E-01   1.3175091E-01
   2.1739130E-01   6.1831313E+04   2.8945541E+04   9.0776855E+04   1.3422854E-01   1.3170362E-01   1.3341983E-01
   2.3188406E-01   5.7019685E+04   2.6710218E+04   8.3729904E+04   1.3134021E-01   1.2706167E-01   1.2996914E-01
   2.4637681E-01   4.9743185E+04   2.4604156E+04   7.4347341E+04   1.3827815E-01   1.3094186E-01   1.3584621E-01
   2.6086957E-01   4.7232253E+04   2.3363548E+04   7.0595801E+04   1.4309168E-01   1.4623431E-01   1.4413171E-01
   2.7536232E-01   4.4028489E+04   2.3210671E+04   6.7239160E+04   1.3973998E-01   1.3562623E-01   1.3831884E-01
   2.8985507E-01   4.0387365E+04   2.1216627E+04   6.1603992E+04   1.4669103E-01   1.3330576E-01   1.4208008E-01
   3.0434783E-01   4.1242525E+04   1.9881567E+04   6.1124093E+04   1.3506466E-01   1.4781748E-01   1.3921271E-01
   3.1884058E-01   3.8506801E+04   1.6773535E+04   5.5280335E+04   1.3984234E-01   1.4218885E-01   1.4054884E-01
   3.3333333E-01   3.3274524E+04   1.7559724E+04   5.0834248E+04   1.5183508E-01   1.4252213E-01   1.4861613E-01
   3.4782609E-01   3.4950605E+04   1.8438259E+04   5.3388864E+04   1.4479935E-01   1.5229537E-01   1.4738816E-01
   3.6231884E-01   3.0400396E+04   1.5851851E+04   4.6252247E+04   1.4359011E-01   1.4867350E-01   1.4530327E-01
   3.7681159E-01   3.1533504E+04   1.4163847E+04   4.5697351E+04   1.5145601E-01   1.4951495E-01   1.5083526E-01
   3.9130435E-01   2.8625608E+04   1.4593447E+04   4.3219055E+04   1.4376216E-01   1.5982426E-01   1.4918451E-01
   4.0579710E-01   2.7170273E+04   1.4045191E+04   4.1215463E+04   1.5734186E-01   1.4874400E-01   1.5441192E-01
   4.2028986E-01   2.6024336E+04   1.3587003E+04   3.9611338E+04   1.5343807E-01   1.5217134E-01   1.5300329E-01
   4.3478261E-01   2.6343979E+04   1.2426882E+04   3.8770860E+04   1.4796305E-01   1.7142446E-01   1.5548259E-01
   4.4927536E-01   2.4100915E+04   1.1903799E+04   3.6004714E+04   1.5460490E-01   1.5189051E-01   1.5370580E-01
   4.6376812E-01   2.2376911E+04   1.0513596E+04   3.2890508E+04   1.6693666E-01   1.6779634E-01   1.6721034E-01
   4.7826087E-01   2.0780355E+04   1.0677199E+04   3.1457553E+04   1.5644108E-01   1.7083117E-01   1.6132384E-01
   4.9275362E-01   2.0102309E+04   1.0073441E+04   3.0175749E+04   1.5788738E-01   1.6340719E-01   1.5972542E-01
   5.0724638E-01   1.8986716E+04   9.5258326E+03   2.8512549E+04   1.7413740E-01   1.6615088E-01   1.7146858E-01
   5.2173913E-01   1.9448575E+04   8.9875990E+03   2.8436174E+04   1.6831381E-01   1.6507959E-01   1.6729144E-01
   5.3623188E-01   1.7427944E+04   8.2122273E+03   2.5640171E+04   1.6967131E-01   1.7479898E-01   1.7131163E-01
   5.5072464E-01   1.7408003E+04   8.4946270E+03   2.5902630E+04   1.7064630E-01   1.7961551E-01   1.7358343E-01
   5.6521739E-01   1.6825640E+04   7.3247879E+03   2.4150428E+04   1.8008264E-01   1.9565529E-01   1.8480479E-01
   5.7971014E-01   1.5476772E+04   7.8425747E+03   2.3319346E+04   1.7545258E-01   1.6563732E-01   1.7215159E-01
   5.9420290E-01   1.4822069E+04   6.5608908E+03   2.1382960E+04   1.9179682E-01   1.8317673E-01   1.8914997E-01
   6.0869565E-01   1.3603178E+04   6.4407618E+03   2.0043939E+04   1.8714803E-01   1.7670969E-01   1.8379117E-01
   6.2318841E-01   1.3656882E+04   6.1147588E+03   1.9771641E+04   1.9061708E-01   1.9262517E-01   1.9123360E-01
   6.3768116E-01   1.2950409E+04   6.0446722E+03   1.8995081E+04   1.8870619E-01   1.8916965E-01   1.8885029E-01
   6.5217391E-01   1.2123787E+04   5.8093146E+03   1.7933102E+04   1.9998951E-01   1.7945081E-01   1.9333599E-01
   6.6666667E-01   1.1761391E+04   5.4029920E+03   1.7164383E+04   1.9798267E-01   1.8452711E-01   1.9374269E-01
   6.8115942E-01   1.2139909E+04   5.2074244E+03   1.7347333E+04   1.9903295E-01   1.9868156E-01   1.9892645E-01
   6.9565217E-01   1.0560955E+04   5.8882455E+03   1.6449201E+04   1.9620911E-01   2.0084441E-01   1.9786791E-01
   7.1014493E-01   1.0268105E+04   4.6237402E+03   1.4891845E+04   1.9756589E-01   2.0432906E-01   1.9966547E-01
   7.2463768E-01   9.3353159E+03   4.6828127E+03   1.4018129E+04   2.1166880E-01   1.9664769E-01   2.0665086E-01
   7.3913043E-01   9.2711312E+03   4.2938412E+03   1.3564972E+04   2.2174694E-01   1.9982281E-01   2.1480702E-01
   7.5362319E-01   8.4953940E+03   4.3278422E+03   1.2823236E+04   2.1450644E-01   2.1349275E-01   2.1416395E-01
   7.6811594E-01   8.2493220E+03   3.7029019E+03   1.1952224E+04   2.1579810E-01   2.1014062E-01   2.1404516E-01
   7.8260870E-01   8.0544603E+03   3.7465869E+03   1.1801047E+04   2.2875435E-01   2.1369082E-01   2.2397022E-01
   7.9710145E-01   7.0676167E+03   3.9815618E+03   1.1049179E+04   2.1213245E-01   2.0999475E-01   2.1136158E-01
   8.1159420E-01   7.1714365E+03   3.2474429E+03   1.0418879E+04   2.1343079E-01   2.2064225E-01   2.1567851E-01
   8.2608696E-01   6.6734003E+03   3.1904702E+03   9.8638705E+03   2.2882265E-01   2.3632516E-01   2.3124383E-01
   8.4057971E-01   5.9704425E+03   3.0570756E+03   9.0275181E+03   2.2489072E-01   2.0738422E-01   2.1896232E-01
   8.5507246E-01   5.9976785E+03   2.5942849E+03   8.5919634E+03   2.4086166E-01   2.2433324E-01   2.3586994E-01
   8.6956522E-01   5.5567357E+03   2.6015626E+03   8.1582983E+03   2.3093262E-01   2.4698048E-01   2.3604935E-01
   8.8405797E-01   4.6333735E+03   2.1489909E+03   6.7823644E+03   2.2563417E-01   2.2469653E-01   2.2533576E-01
   8.9855072E-01   4.3264320E+03   2.1265513E+03   6.4529834E+03   2.3731104E-01   2.4462643E-01   2.3972145E-01
   9.1304348E-01   4.0893726E+03   2.0326587E+03   6.1220313E+03   2.4790882E-01   2.4443870E-01   2.4675666E-01
   9.2753623E-01   3.7413249E+03   2.0364173E+03   5.7777422E+03   2.4015989E-01   2.4572805E-01   2.4211458E-01
   9.4202899E-01   3.3223839E+03   1.6553632E+03   4.9777471E+03   2.6114221E-01   2.2745918E-01   2.4993884E-01
   9.5652174E-01   3.0309467E+03   1.3432605E+03   4.3742072E+03   2.3930454E-01   2.5840495E-01   2.4515106E-01
   9.7101449E-01   2.1940435E+03   1.1196408E+03   3.3136843E+03   2.5234342E-01   2.7837999E-01   2.6113942E-01
   9.8550725E-01   1.6491916E+03   6.9087756E+02   2.3400692E+03   2.5823959E-01   2.9371913E-01   2.6871445E-01
   1.0000000E+00   4.5956593E+02   3.5014547E+02   8.0971140E+02   3.0458311E-01   3.2021317E-01   3.1134206E-01
