   0.0000000E+00   3.8881445E+10   1.9584741E+10   5.7952271E+10   1.0254583E-06   1.7288533E-06   1.0398348E-06
   1.4492754E-02   3.8977975E+06   1.9913320E+06   5.8883718E+06   3.0147963E-02   2.8072141E-02   2.9432144E-02
   2.8985507E-02   2.5406911E+06   1.2604950E+06   3.8011861E+06   2.2985598E-02   2.7303238E-02   2.4401728E-02
   4.3478261E-02   1.8135165E+06   8.9817055E+05   2.7114344E+06   1.1803817E-02   1.6416050E-02   1.3251659E-02
   5.7971014E-02   1.3487713E+06   6.8025811E+05   2.0290294E+06   1.2149023E-02   1.2410807E-02   1.2231050E-02
   7.2463768E-02   1.0656809E+06   5.2586926E+05   1.5915501E+06   1.3607015E-02   1.3344844E-02   1.3517041E-02
   8.6956522E-02   8.4272948E+05   4.1965983E+05   1.2623893E+06   1.2103268E-02   1.0440666E-02   1.1119302E-02
   1.0144928E-01   6.8380323E+05   3.4953311E+05   1.0331198E+06   7.2442807E-03   1.2177128E-02   8.8908379E-03
   1.1594203E-01   5.8137347E+05   2.8102559E+05   8.6239906E+05   5.5284413E-03   1.1332505E-02   6.9239587E-03
   1.3043478E-01   4.9084499E+05   2.4752732E+05   7.3837230E+05   1.0072800E-02   7.7695817E-03   9.2234780E-03
   1.4492754E-01   4.2857587E+05   2.0731676E+05   6.3589263E+05   6.9231852E-03   7.4718638E-03   7.1014760E-03
   1.5942029E-01   3.5820280E+05   1.7979025E+05   5.3799305E+05   3.7766325E-03   2.0788721E-03   2.7627964E-03
   1.7391304E-01   3.1957545E+05   1.5798810E+05   4.7756355E+05   5.4571860E-03   8.2801318E-03   6.3616502E-03
   1.8840580E-01   2.7604930E+05   1.4362025E+05   4.1961126E+05   6.7785085E-03   8.4332981E-03   7.3064941E-03
   2.0289855E-01   2.4101439E+05   1.2064250E+05   3.6165689E+05   4.5565153E-03   8.6297762E-03   5.4087610E-03
   2.1739130E-01   2.0999409E+05   1.0850789E+05   3.1850199E+05   4.2446600E-03   1.1942930E-02   6.1415085E-03
   2.3188406E-01   1.8507719E+05   9.7179730E+04   2.8225691E+05   6.5957959E-03   3.1416785E-03   5.3090293E-03
   2.4637681E-01   1.6661293E+05   8.7630019E+04   2.5424294E+05   5.9843806E-03   2.7819225E-03   4.5889516E-03
   2.6086957E-01   1.5007396E+05   7.4847546E+04   2.2492151E+05   4.0245620E-03   4.5645220E-03   3.5164937E-03
   2.7536232E-01   1.3587415E+05   6.9033800E+04   2.0490795E+05   1.0697414E-02   9.4957924E-03   1.0200805E-02
   2.8985507E-01   1.2332165E+05   6.1490332E+04   1.8481198E+05   5.9636161E-03   5.9917125E-03   5.4995953E-03
   3.0434783E-01   1.1073780E+05   5.5603440E+04   1.6630516E+05   7.0288269E-03   3.5905659E-03   5.8792012E-03
   3.1884058E-01   1.0167449E+05   5.0458375E+04   1.5213286E+05   7.3302576E-03   3.2816842E-03   5.7818784E-03
   3.3333333E-01   9.5343042E+04   4.5134750E+04   1.4047779E+05   4.6028096E-03   1.0082851E-02   4.6075118E-03
   3.4782609E-01   8.8970916E+04   4.3127846E+04   1.3209876E+05   4.5259895E-03   1.5184689E-02   7.5947051E-03
   3.6231884E-01   7.9774518E+04   4.0523758E+04   1.2029828E+05   2.5195961E-03   4.5243625E-03   3.1655930E-03
   3.7681159E-01   7.3908470E+04   3.6837660E+04   1.1074613E+05   4.4136830E-03   1.2781333E-02   7.0081337E-03
   3.9130435E-01   6.8420816E+04   3.5473303E+04   1.0389412E+05   8.1916848E-03   1.0591022E-02   8.7447356E-03
   4.0579710E-01   6.4461742E+04   3.2068499E+04   9.6530241E+04   1.7827063E-03   9.4424174E-03   4.1844126E-03
   4.2028986E-01   5.7561859E+04   3.0492369E+04   8.8054228E+04   1.0732287E-03   4.1897522E-03   1.6335794E-03
   4.3478261E-01   5.4127657E+04   2.8238320E+04   8.2365978E+04   6.1094634E-03   8.4783367E-03   6.9039017E-03
   4.4927536E-01   5.1477208E+04   2.5763047E+04   7.7240256E+04   1.8134994E-03   7.3530577E-03   2.6103023E-03
   4.6376812E-01   4.8613544E+04   2.5763047E+04   7.4376591E+04   7.9877711E-03   2.0785273E-03   5.9408666E-03
   4.7826087E-01   4.6130091E+04   2.3099488E+04   6.9229579E+04   7.2655215E-03   2.0862480E-03   5.5288405E-03
   4.9275362E-01   4.5263624E+04   2.1907505E+04   6.7171128E+04   6.6013249E-03   1.5337714E-02   8.3380844E-03
   5.0724638E-01   4.2952845E+04   2.0740336E+04   6.3693181E+04   2.8427983E-03   1.0661895E-02   4.6226266E-03
   5.2173913E-01   3.9675935E+04   2.0206312E+04   5.9882246E+04   7.5292578E-03   8.1932284E-03   4.9498588E-03
   5.3623188E-01   3.7395329E+04   1.9168690E+04   5.6564019E+04   7.6970596E-03   4.2460670E-03   6.4716064E-03
   5.5072464E-01   3.6311540E+04   1.8145800E+04   5.4457339E+04   7.3307862E-03   1.5503054E-02   9.6663222E-03
   5.6521739E-01   3.3612422E+04   1.7699952E+04   5.1312374E+04   4.6586456E-03   1.0420231E-03   3.3609316E-03
   5.7971014E-01   3.0820940E+04   1.6234508E+04   4.7055448E+04   3.5558983E-03   1.8656511E-02   7.9121409E-03
   5.9420290E-01   3.0863909E+04   1.4175220E+04   4.5039129E+04   5.5498922E-03   2.9498132E-03   4.5499971E-03
   6.0869565E-01   2.9263069E+04   1.3819674E+04   4.3082743E+04   3.1257874E-03   4.5684806E-03   3.0061959E-03
   6.2318841E-01   2.7842418E+04   1.3938831E+04   4.1781248E+04   2.2904664E-03   1.6364826E-02   6.9510832E-03
   6.3768116E-01   2.6606890E+04   1.3432605E+04   4.0039495E+04   8.0492565E-03   6.7467320E-03   7.4935263E-03
   6.5217391E-01   2.5358921E+04   1.2275334E+04   3.7634255E+04   1.1155118E-02   2.7720747E-03   8.1781587E-03
   6.6666667E-01   2.3012134E+04   1.2420293E+04   3.5432426E+04   2.2382885E-03   1.3003819E-02   5.0171388E-03
   6.8115942E-01   2.2715978E+04   1.1188708E+04   3.3904686E+04   8.7263391E-03   7.8559605E-03   8.0444532E-03
   6.9565217E-01   2.0774614E+04   1.0529383E+04   3.1303997E+04   3.7077848E-03   9.5279579E-03   5.6515861E-03
   7.1014493E-01   1.9979506E+04   9.2474803E+03   2.9226986E+04   6.9847169E-03   1.7860697E-02   8.3644692E-03
   7.2463768E-01   1.9610225E+04   8.8958287E+03   2.8506054E+04   1.8181739E-02   1.2780493E-02   1.5349445E-02
   7.3913043E-01   1.8720553E+04   9.2859888E+03   2.8006542E+04   6.8636381E-03   1.2779608E-02   8.0236742E-03
   7.5362319E-01   1.7631950E+04   8.3788191E+03   2.6010769E+04   9.9625464E-03   3.3982607E-03   6.0788679E-03
   7.6811594E-01   1.6555832E+04   8.4494789E+03   2.5005311E+04   9.7497868E-03   7.5788141E-03   9.0123817E-03
   7.8260870E-01   1.5042476E+04   7.3809166E+03   2.2423393E+04   1.4900432E-02   4.0767453E-03   1.0293859E-02
   7.9710145E-01   1.3832139E+04   7.1502789E+03   2.0982418E+04   8.6576995E-03   1.7334451E-02   1.1551105E-02
   8.1159420E-01   1.4221094E+04   6.5084169E+03   2.0729511E+04   5.6622504E-03   1.6332329E-02   8.7966574E-03
   8.2608696E-01   1.2828349E+04   6.2480042E+03   1.9076353E+04   3.9206015E-03   1.8507829E-02   5.1410093E-03
   8.4057971E-01   1.1836370E+04   5.8397982E+03   1.7676168E+04   1.6802305E-02   1.3221218E-02   1.5428413E-02
   8.5507246E-01   1.0621157E+04   5.6637606E+03   1.6284917E+04   1.4728427E-02   7.6509379E-03   1.1600426E-02
   8.6956522E-01   9.8253190E+03   4.9884332E+03   1.4813752E+04   5.6243630E-03   2.4852886E-02   1.1434797E-02
   8.8405797E-01   8.4717446E+03   4.4346229E+03   1.2906367E+04   1.3612665E-02   1.1112111E-02   1.0128837E-02
   8.9855072E-01   7.9317921E+03   4.0086715E+03   1.1940464E+04   1.5273750E-02   1.7446309E-02   1.3757196E-02
   9.1304348E-01   8.0344144E+03   3.5000218E+03   1.1534436E+04   1.6231455E-02   1.9004866E-02   1.5278929E-02
   9.2753623E-01   6.2158087E+03   3.1256638E+03   9.3414726E+03   2.4248318E-02   1.3476538E-02   1.7886645E-02
   9.4202899E-01   5.1059795E+03   3.0076318E+03   8.1136113E+03   1.8977448E-02   1.9991100E-02   1.7704146E-02
   9.5652174E-01   4.9252884E+03   2.2961718E+03   7.2214602E+03   1.5670051E-02   1.6465411E-02   1.5851745E-02
   9.7101449E-01   3.7999929E+03   1.7982109E+03   5.5982039E+03   2.9435141E-02   1.8752254E-02   2.4405420E-02
   9.8550725E-01   2.9640876E+03   1.3260392E+03   4.2901268E+03   1.8659917E-02   2.5190139E-02   2.0071299E-02
   1.0000000E+00   1.7726114E+03   7.2217503E+02   2.4947865E+03   3.1133474E-02   4.1727894E-02   3.4196137E-02
