   0.0000000E+00   3.8723127E+10   1.9491921E+10   5.7737771E+10   1.4894356E-06   1.5988954E-06   1.5553249E-06
   1.4492754E-02   3.1620352E+06   1.5177466E+06   4.6797818E+06   7.5429078E-02   7.8813439E-02   7.6526668E-02
   2.8985507E-02   1.6192833E+06   8.2290204E+05   2.4421853E+06   7.9652961E-02   8.1839776E-02   8.0388866E-02
   4.3478261E-02   1.0876047E+06   5.4607557E+05   1.6336803E+06   7.5309077E-02   7.7054323E-02   7.5887301E-02
   5.7971014E-02   8.0869448E+05   4.0122157E+05   1.2099161E+06   7.8482398E-02   7.9117201E-02   7.8690368E-02
   7.2463768E-02   6.5483604E+05   3.2916082E+05   9.8399686E+05   7.7309811E-02   7.3350068E-02   7.5977773E-02
   8.6956522E-02   5.4266576E+05   2.6836508E+05   8.1103083E+05   7.7530478E-02   7.2313438E-02   7.5802856E-02
   1.0144928E-01   4.6795653E+05   2.3663034E+05   7.0458687E+05   7.2235294E-02   7.4196317E-02   7.2889563E-02
   1.1594203E-01   4.0586271E+05   2.0098966E+05   6.0675765E+05   7.6041934E-02   7.6727185E-02   7.6273504E-02
   1.3043478E-01   3.6085105E+05   1.8387744E+05   5.4472848E+05   7.5026880E-02   7.4541872E-02   7.4855127E-02
   1.4492754E-01   3.2809998E+05   1.5829119E+05   4.8639118E+05   7.5167889E-02   7.7597022E-02   7.5918717E-02
   1.5942029E-01   2.9682612E+05   1.4734534E+05   4.4417147E+05   7.5869361E-02   7.4613721E-02   7.5450362E-02
   1.7391304E-01   2.6160859E+05   1.2881524E+05   3.9042383E+05   7.5755529E-02   8.0358327E-02   7.7270946E-02
   1.8840580E-01   2.5401665E+05   1.2356937E+05   3.7752773E+05   7.7867257E-02   8.2234681E-02   7.9297198E-02
   2.0289855E-01   2.2374882E+05   1.1214503E+05   3.3589385E+05   7.6867016E-02   7.3788496E-02   7.5838935E-02
   2.1739130E-01   2.1317659E+05   1.0421405E+05   3.1739064E+05   7.5183428E-02   7.8637845E-02   7.6317160E-02
   2.3188406E-01   1.9445418E+05   9.5143312E+04   2.8959749E+05   8.0493822E-02   7.9953320E-02   8.0316120E-02
   2.4637681E-01   1.8368429E+05   9.4315931E+04   2.7800022E+05   8.2249096E-02   7.9711160E-02   8.1388036E-02
   2.6086957E-01   1.7310074E+05   8.3898290E+04   2.5699903E+05   7.8210843E-02   7.5763458E-02   7.7379974E-02
   2.7536232E-01   1.6287351E+05   8.3191512E+04   2.4606502E+05   7.2285524E-02   8.1758833E-02   7.5487610E-02
   2.8985507E-01   1.5507081E+05   7.9107710E+04   2.3417852E+05   7.6982195E-02   8.0471668E-02   7.8152759E-02
   3.0434783E-01   1.4826381E+05   7.0649925E+04   2.1891374E+05   7.7827376E-02   7.4450816E-02   7.6731425E-02
   3.1884058E-01   1.4114568E+05   6.8747383E+04   2.0989306E+05   8.1385546E-02   7.4933636E-02   7.9261393E-02
   3.3333333E-01   1.3566781E+05   6.4671179E+04   2.0033899E+05   8.2348474E-02   8.0910223E-02   8.1876426E-02
   3.4782609E-01   1.2578429E+05   6.2986862E+04   1.8877115E+05   8.1721115E-02   8.2184336E-02   8.1874209E-02
   3.6231884E-01   1.2275334E+05   5.9255009E+04   1.8200835E+05   8.0938803E-02   8.2360101E-02   8.1401057E-02
   3.7681159E-01   1.1380622E+05   5.5635359E+04   1.6944158E+05   7.9825608E-02   8.0615593E-02   8.0068125E-02
   3.9130435E-01   1.1439017E+05   5.4472848E+04   1.6886302E+05   8.5427138E-02   8.7025539E-02   8.5942671E-02
   4.0579710E-01   1.0362049E+05   5.4638227E+04   1.5823166E+05   8.5806267E-02   8.3784577E-02   8.5061220E-02
   4.2028986E-01   1.0185026E+05   4.8782565E+04   1.5063283E+05   8.3875405E-02   8.3046884E-02   8.3601604E-02
   4.3478261E-01   9.6965038E+04   4.6979674E+04   1.4394471E+05   8.0075001E-02   8.7912324E-02   8.2603774E-02
   4.4927536E-01   9.0830630E+04   4.7395207E+04   1.3822584E+05   8.5677713E-02   9.3967819E-02   8.8495835E-02
   4.6376812E-01   8.8631513E+04   4.3404104E+04   1.3203562E+05   9.5389448E-02   8.8407861E-02   9.3085584E-02
   4.7826087E-01   8.2960686E+04   4.1101475E+04   1.2406216E+05   8.5345160E-02   9.1615731E-02   8.7401239E-02
   4.9275362E-01   7.8358888E+04   3.7708543E+04   1.1606743E+05   8.6216969E-02   8.5189410E-02   8.5862683E-02
   5.0724638E-01   6.9083936E+04   3.4422895E+04   1.0350683E+05   1.0014259E-01   1.0484729E-01   1.0170160E-01
   5.2173913E-01   6.4007702E+04   3.1845989E+04   9.5853691E+04   9.9409625E-02   1.0553373E-01   1.0140778E-01
   5.3623188E-01   6.1704341E+04   3.1865899E+04   9.3570241E+04   1.0994969E-01   1.0344175E-01   1.0772453E-01
   5.5072464E-01   5.7807333E+04   2.9711254E+04   8.7518587E+04   1.1415447E-01   1.0795416E-01   1.1203301E-01
   5.6521739E-01   5.4537612E+04   2.8288836E+04   8.2826448E+04   1.1141118E-01   1.0924970E-01   1.1067219E-01
   5.7971014E-01   5.3856135E+04   2.6104029E+04   7.9960164E+04   1.1979618E-01   1.1687730E-01   1.1882597E-01
   5.9420290E-01   4.9252884E+04   2.5227087E+04   7.4479972E+04   1.1782247E-01   1.1728027E-01   1.1763535E-01
   6.0869565E-01   4.7791535E+04   2.3345506E+04   7.1137042E+04   1.1976128E-01   1.2351028E-01   1.2098870E-01
   6.2318841E-01   4.4653599E+04   2.1991986E+04   6.6645585E+04   1.2319540E-01   1.2650030E-01   1.2428085E-01
   6.3768116E-01   4.2140492E+04   2.0510554E+04   6.2651047E+04   1.2544315E-01   1.1739165E-01   1.2280253E-01
   6.5217391E-01   3.9722241E+04   2.0627276E+04   6.0349517E+04   1.2500294E-01   1.2369859E-01   1.2454890E-01
   6.6666667E-01   4.0176517E+04   1.9585846E+04   5.9762363E+04   1.3783548E-01   1.2974709E-01   1.3516683E-01
   6.8115942E-01   3.6597070E+04   1.9507689E+04   5.6104759E+04   1.2818185E-01   1.3415350E-01   1.3025787E-01
   6.9565217E-01   3.4192868E+04   1.7349013E+04   5.1541881E+04   1.4130495E-01   1.3556145E-01   1.3937098E-01
   7.1014493E-01   3.4453823E+04   1.6469175E+04   5.0922998E+04   1.3862763E-01   1.3531064E-01   1.3754839E-01
   7.2463768E-01   3.1370299E+04   1.5230507E+04   4.6600806E+04   1.4408803E-01   1.4292114E-01   1.4370332E-01
   7.3913043E-01   3.0354040E+04   1.4337567E+04   4.4691607E+04   1.4302682E-01   1.4031687E-01   1.4215089E-01
   7.5362319E-01   2.8371410E+04   1.4484428E+04   4.2855838E+04   1.4683320E-01   1.4738579E-01   1.4701856E-01
   7.6811594E-01   2.6778128E+04   1.4525669E+04   4.1303798E+04   1.4595480E-01   1.4540910E-01   1.4576269E-01
   7.8260870E-01   2.6604977E+04   1.2909588E+04   3.9514565E+04   1.5513151E-01   1.5116166E-01   1.5382640E-01
   7.9710145E-01   2.4550669E+04   1.1586483E+04   3.6137151E+04   1.5892734E-01   1.6148720E-01   1.5974310E-01
   8.1159420E-01   2.3002721E+04   1.0919527E+04   3.3922248E+04   1.6405154E-01   1.5488374E-01   1.6104800E-01
   8.2608696E-01   2.1921189E+04   1.0462084E+04   3.2383273E+04   1.5703338E-01   1.6172594E-01   1.5854931E-01
   8.4057971E-01   1.9727283E+04   1.0503798E+04   3.0231081E+04   1.6728937E-01   1.6328173E-01   1.6585698E-01
   8.5507246E-01   1.8326953E+04   9.7093040E+03   2.8036257E+04   1.6517062E-01   1.6151542E-01   1.6390465E-01
   8.6956522E-01   1.8627693E+04   8.2719588E+03   2.6899652E+04   1.7325556E-01   1.7036698E-01   1.7236703E-01
   8.8405797E-01   1.5527391E+04   8.2854159E+03   2.3812807E+04   1.8060481E-01   1.8417200E-01   1.8184229E-01
   8.9855072E-01   1.4873638E+04   7.3573788E+03   2.2231017E+04   1.8003227E-01   1.6625361E-01   1.7546903E-01
   9.1304348E-01   1.3579122E+04   6.9519334E+03   2.0531056E+04   1.8913872E-01   1.9500588E-01   1.9110244E-01
   9.2753623E-01   1.2265863E+04   6.6538753E+03   1.8919738E+04   2.0072394E-01   1.8227492E-01   1.9423165E-01
   9.4202899E-01   1.1202845E+04   5.6888539E+03   1.6891699E+04   1.9850848E-01   1.8711448E-01   1.9466725E-01
   9.5652174E-01   9.2650531E+03   5.3271185E+03   1.4592172E+04   2.0434122E-01   2.0337131E-01   2.0398639E-01
   9.7101449E-01   8.0636755E+03   4.1166590E+03   1.2180334E+04   2.0062307E-01   2.0730373E-01   2.0285372E-01
   9.8550725E-01   5.4601614E+03   2.6186488E+03   8.0788102E+03   2.1579979E-01   2.1068780E-01   2.1414271E-01
   1.0000000E+00   2.3415978E+03   1.0723205E+03   3.4139183E+03   2.2227957E-01   2.5676887E-01   2.3308615E-01
