   0.0000000E+00   3.9906451E+10   2.0100523E+10   5.9422353E+10   2.9444481E-08   6.3000411E-08   4.1084976E-08
   1.4492754E-02   5.0010621E+04   3.3340414E+04   8.3351035E+04   1.2325073E-01   1.1667442E-01   1.2062021E-01
   2.8985507E-02   2.5005311E+04   1.2123787E+04   3.7129098E+04   1.4454489E-01   1.3884149E-01   1.4266748E-01
   4.3478261E-02   1.6922786E+04   9.3454191E+03   2.6268205E+04   1.3018305E-01   1.2357998E-01   1.2783388E-01
   5.7971014E-02   1.3070958E+04   7.0090643E+03   2.0080022E+04   1.0778377E-01   9.1937259E-02   1.0225244E-01
   7.2463768E-02   1.0911408E+04   5.4557041E+03   1.6367112E+04   1.1918565E-01   1.2835386E-01   1.2222606E-01
   8.6956522E-02   9.4717086E+03   4.1675518E+03   1.3639260E+04   9.4573872E-02   9.4754333E-02   9.4540396E-02
   1.0144928E-01   9.2010883E+03   4.5464201E+03   1.3747508E+04   1.4817517E-01   8.0607769E-02   1.2583005E-01
   1.1594203E-01   5.7777422E+03   3.5045322E+03   9.2822744E+03   1.0755526E-01   1.0878462E-01   1.0801941E-01
   1.3043478E-01   4.5464201E+03   2.9467538E+03   7.4931739E+03   1.3173735E-01   1.2732288E-01   1.3000132E-01
   1.4492754E-01   5.7587988E+03   2.6520784E+03   8.4108772E+03   1.4204674E-01   1.4247062E-01   1.4218039E-01
   1.5942029E-01   4.6841904E+03   2.2732101E+03   6.9574005E+03   1.4853806E-01   1.3781757E-01   1.4502394E-01
   1.7391304E-01   3.7886834E+03   2.5889337E+03   6.3776171E+03   1.2820180E-01   1.3261269E-01   1.2999207E-01
   1.8840580E-01   3.7886834E+03   1.9817729E+03   5.7704563E+03   1.3472656E-01   1.0301418E-01   1.2383530E-01
   2.0289855E-01   2.4897062E+03   1.3531012E+03   3.8428075E+03   1.5757457E-01   1.1387846E-01   1.4218862E-01
   2.1739130E-01   2.9804310E+03   1.7680523E+03   4.7484832E+03   1.4398911E-01   1.1288432E-01   1.3240754E-01
   2.3188406E-01   2.7941540E+03   1.4681148E+03   4.2622688E+03   1.3840388E-01   1.4817200E-01   1.4176845E-01
   2.4637681E-01   2.6743648E+03   1.4263279E+03   4.1006926E+03   1.3968265E-01   1.0344451E-01   1.2707808E-01
   2.6086957E-01   2.5257889E+03   1.4312804E+03   3.9570694E+03   1.2001765E-01   1.5874720E-01   1.3402621E-01
   2.7536232E-01   2.3928527E+03   1.1565455E+03   3.5493982E+03   1.2988237E-01   1.3981388E-01   1.3311848E-01
   2.8985507E-01   2.5005311E+03   1.0987182E+03   3.5992492E+03   1.4372157E-01   1.2538894E-01   1.3812530E-01
   3.0434783E-01   1.8041350E+03   1.1546464E+03   2.9587813E+03   1.4734750E-01   1.7019965E-01   1.5625101E-01
   3.1884058E-01   2.2043249E+03   1.1710476E+03   3.3753725E+03   1.2577168E-01   1.6222883E-01   1.3841321E-01
   3.3333333E-01   2.0755396E+03   7.5773668E+02   2.8332763E+03   1.2400553E-01   1.8516756E-01   1.4036282E-01
   3.4782609E-01   2.3679271E+03   1.3260392E+03   3.6939663E+03   1.6444647E-01   1.8011923E-01   1.7007259E-01
   3.6231884E-01   1.5457828E+03   5.4557041E+02   2.0913532E+03   1.5429921E-01   1.8239843E-01   1.6158711E-01
   3.7681159E-01   1.2531799E+03   5.5373065E+02   1.8069106E+03   1.6054827E-01   1.4150978E-01   1.5471102E-01
   3.9130435E-01   1.5435377E+03   7.0160804E+02   2.2451457E+03   1.7063870E-01   1.3631539E-01   1.5991266E-01
   4.0579710E-01   1.5425354E+03   7.8479871E+02   2.3273341E+03   1.6086897E-01   1.2752638E-01   1.4962554E-01
   4.2028986E-01   1.2019272E+03   6.7935013E+02   1.8812773E+03   1.5659446E-01   2.0749628E-01   1.7497568E-01
   4.3478261E-01   1.4144418E+03   6.5670513E+02   2.0711469E+03   1.5878267E-01   1.3679305E-01   1.5181035E-01
   4.4927536E-01   8.5550916E+02   6.3552109E+02   1.4910302E+03   1.6826787E-01   1.4680493E-01   1.5911973E-01
   4.6376812E-01   1.0655672E+03   6.1566106E+02   1.6812283E+03   1.5449241E-01   1.6472593E-01   1.5823989E-01
   4.7826087E-01   1.1480859E+03   4.3627264E+02   1.5843585E+03   1.5261985E-01   8.9130238E-02   1.3513567E-01
   4.9275362E-01   1.1366050E+03   4.6801383E+02   1.6046189E+03   2.0398629E-01   1.3052303E-01   1.8255951E-01
   5.0724638E-01   8.6598478E+02   5.4124049E+02   1.4072253E+03   1.2359870E-01   1.8128640E-01   1.4578628E-01
   5.2173913E-01   9.6821910E+02   5.2620603E+02   1.4944251E+03   2.2280978E-01   1.3970595E-01   1.9354787E-01
   5.3623188E-01   7.1677794E+02   4.0958740E+02   1.1263653E+03   1.7698430E-01   2.3094776E-01   1.9660712E-01
   5.5072464E-01   8.1755800E+02   4.1874922E+02   1.2363072E+03   2.4010400E-01   1.4385907E-01   2.0750491E-01
   5.6521739E-01   9.9088643E+02   3.4972462E+02   1.3406111E+03   1.7221264E-01   2.0852285E-01   1.8168487E-01
   5.7971014E-01   6.6301960E+02   5.3041568E+02   1.1934353E+03   1.8304799E-01   1.5984323E-01   1.7273476E-01
   5.9420290E-01   6.4684839E+02   3.6962765E+02   1.0164760E+03   2.1233354E-01   1.8432416E-01   2.0212842E-01
   6.0869565E-01   7.9381938E+02   4.1495104E+02   1.2087704E+03   2.0297395E-01   1.9446344E-01   2.0005243E-01
   6.2318841E-01   6.6962777E+02   3.3481388E+02   1.0044417E+03   1.6370923E-01   1.7252388E-01   1.6664745E-01
   6.3768116E-01   4.4775350E+02   4.3053221E+02   8.7828570E+02   2.2758059E-01   1.9638093E-01   2.1228664E-01
   6.5217391E-01   6.2302794E+02   3.7044905E+02   9.9347699E+02   1.6975340E-01   2.3280178E-01   1.9326296E-01
   6.6666667E-01   6.9184654E+02   2.6356059E+02   9.5540712E+02   2.1100341E-01   2.3494126E-01   2.1760695E-01
   6.8115942E-01   4.6753966E+02   3.8692937E+02   8.5446903E+02   1.2280746E-01   2.4449884E-01   1.7791299E-01
   6.9565217E-01   4.7358543E+02   2.8415126E+02   7.5773668E+02   2.2933874E-01   2.8635484E-01   2.5071978E-01
   7.1014493E-01   4.9484845E+02   4.0206436E+02   8.9691281E+02   2.1587739E-01   1.5692028E-01   1.8939275E-01
   7.2463768E-01   5.3041568E+02   3.1824941E+02   8.4866509E+02   2.1712313E-01   2.3191514E-01   2.2258920E-01
   7.3913043E-01   5.3487295E+02   2.5257889E+02   7.8745185E+02   2.0664212E-01   2.0648748E-01   2.0658861E-01
   7.5362319E-01   4.6629950E+02   1.4571859E+02   6.1201809E+02   1.6457150E-01   2.3285514E-01   1.8082951E-01
   7.6811594E-01   3.8601680E+02   2.1445378E+02   6.0047058E+02   1.8638877E-01   1.4747625E-01   1.7249144E-01
   7.8260870E-01   5.0515779E+02   1.1225729E+02   6.1741508E+02   2.1017464E-01   2.5808783E-01   2.1888613E-01
   7.9710145E-01   6.0618935E+02   1.5154734E+02   7.5773668E+02   2.3109258E-01   2.2948546E-01   2.3077114E-01
   8.1159420E-01   3.2474429E+02   1.6237215E+02   4.8711644E+02   2.2970813E-01   2.3378750E-01   2.3106792E-01
   8.2608696E-01   3.5892790E+02   1.8611076E+02   5.4503867E+02   2.6682170E-01   2.8342219E-01   2.7249016E-01
   8.4057971E-01   3.6580392E+02   1.4370868E+02   5.0951260E+02   2.1334739E-01   2.6109412E-01   2.2681442E-01
   8.5507246E-01   2.6970289E+02   7.7057968E+01   3.4676086E+02   1.8398655E-01   3.9101002E-01   2.2999177E-01
   8.6956522E-01   2.3994995E+02   1.2628945E+02   3.6623940E+02   2.0179640E-01   2.9309159E-01   2.3327750E-01
   8.8405797E-01   2.2359443E+02   1.6148487E+02   3.8507930E+02   2.7231732E-01   1.9030829E-01   2.3792644E-01
   8.9855072E-01   2.0776651E+02   1.5888027E+02   3.6664678E+02   2.0817421E-01   2.7247669E-01   2.3603862E-01
   9.1304348E-01   1.6838593E+02   6.0137832E+01   2.2852376E+02   2.4626455E-01   2.4263634E-01   2.4530976E-01
   9.2753623E-01   2.6047199E+02   1.3023599E+02   3.9070798E+02   2.3608172E-01   2.0714644E-01   2.2643663E-01
   9.4202899E-01   2.0983477E+02   8.1602412E+01   2.9143719E+02   2.0015855E-01   1.7722467E-01   1.9373706E-01
   9.5652174E-01   9.1846871E+01   1.0332773E+02   1.9517460E+02   2.0535093E-01   1.8479383E-01   1.9322329E-01
   9.7101449E-01   1.0178552E+02   5.6547514E+01   1.5833304E+02   2.7874655E-01   4.1942366E-01   3.2898837E-01
   9.8550725E-01   4.4572746E+01   1.1143187E+01   5.5715933E+01   3.1995740E-01   4.1493121E-01   3.3895216E-01
   1.0000000E+00   4.3768184E+01   2.1884092E+01   6.5652276E+01   4.2711405E-01   4.2844056E-01   4.2755622E-01
