   0.0000000E+00   3.9909203E+10   2.0109192E+10   5.9450978E+10   3.4424414E-08   5.3471855E-08   4.1195735E-08
   1.4492754E-02   4.5464201E+04   2.5763047E+04   7.1227248E+04   1.2910269E-01   1.3988919E-01   1.3296622E-01
   2.8985507E-02   2.7657389E+04   1.2881524E+04   4.0538913E+04   9.2380555E-02   9.0901117E-02   9.1906631E-02
   4.3478261E-02   1.9195996E+04   1.0608314E+04   2.9804310E+04   1.1451163E-01   1.1857139E-01   1.1593770E-01
   5.7971014E-02   1.4018129E+04   7.1984985E+03   2.1216627E+04   1.0150465E-01   1.2515374E-01   1.0952845E-01
   7.2463768E-02   8.4866509E+03   5.1526095E+03   1.3639260E+04   1.0859614E-01   1.1227345E-01   1.0998507E-01
   8.6956522E-02   8.3351035E+03   3.7886834E+03   1.2123787E+04   1.1073055E-01   1.1997979E-01   1.1362094E-01
   1.0144928E-01   6.9278783E+03   4.4381720E+03   1.1366050E+04   1.5214561E-01   1.3892142E-01   1.4694908E-01
   1.1594203E-01   7.1984985E+03   3.3150980E+03   1.0513596E+04   1.7320482E-01   1.1861255E-01   1.5599104E-01
   1.3043478E-01   4.6306131E+03   3.3677186E+03   7.9983317E+03   1.2570410E-01   1.3872846E-01   1.3118804E-01
   1.4492754E-01   4.3948728E+03   2.9551731E+03   7.3500458E+03   1.0035101E-01   1.1598349E-01   1.0663199E-01
   1.5942029E-01   5.0286162E+03   2.3420952E+03   7.3707114E+03   1.2970289E-01   1.4141242E-01   1.3342344E-01
   1.7391304E-01   3.7255387E+03   1.6417628E+03   5.3673015E+03   1.4987588E-01   1.3045702E-01   1.4393599E-01
   1.8840580E-01   3.3223839E+03   2.0400603E+03   5.3624442E+03   1.2407676E-01   1.4198081E-01   1.3088259E-01
   2.0289855E-01   4.5464201E+03   1.7860936E+03   6.3325137E+03   1.6622511E-01   1.4013729E-01   1.5880775E-01
   2.1739130E-01   2.7278521E+03   1.4144418E+03   4.1422939E+03   1.4871446E-01   1.3847327E-01   1.4521734E-01
   2.3188406E-01   3.1256638E+03   9.9452940E+02   4.1201932E+03   1.4107223E-01   1.3894079E-01   1.4051542E-01
   2.4637681E-01   2.5852193E+03   9.8060041E+02   3.5658197E+03   1.6115143E-01   1.1797612E-01   1.4898777E-01
   2.6086957E-01   2.1469206E+03   1.1787015E+03   3.3256221E+03   1.3261060E-01   1.0064649E-01   1.2102343E-01
   2.7536232E-01   2.3130909E+03   2.0339248E+03   4.3470157E+03   1.7337773E-01   1.3023990E-01   1.5318448E-01
   2.8985507E-01   2.1974364E+03   1.1744919E+03   3.3719282E+03   1.5682193E-01   1.4835404E-01   1.5387244E-01
   3.0434783E-01   1.6958869E+03   1.2268118E+03   2.9226986E+03   1.2842399E-01   1.0861308E-01   1.2010544E-01
   3.1884058E-01   1.3777031E+03   8.2662184E+02   2.2043249E+03   1.4539372E-01   2.2374817E-01   1.7477663E-01
   3.3333333E-01   1.7131438E+03   9.2246205E+02   2.6356059E+03   1.5833824E-01   1.3668072E-01   1.5075678E-01
   3.4782609E-01   1.4207563E+03   5.3673015E+02   1.9574864E+03   1.6930396E-01   1.7174198E-01   1.6997245E-01
   3.6231884E-01   1.7882586E+03   7.5773668E+02   2.5459953E+03   1.7888823E-01   1.5783078E-01   1.7262113E-01
   3.7681159E-01   1.6320482E+03   8.1602412E+02   2.4480724E+03   1.1820940E-01   1.5728233E-01   1.3123371E-01
   3.9130435E-01   1.0383799E+03   7.0160804E+02   1.7399879E+03   1.5629705E-01   1.5535347E-01   1.5591558E-01
   4.0579710E-01   1.1907291E+03   8.1186073E+02   2.0025898E+03   1.4979302E-01   1.8597651E-01   1.6443219E-01
   4.2028986E-01   1.4109580E+03   8.6225209E+02   2.2732101E+03   1.9243844E-01   1.8028099E-01   1.8782529E-01
   4.3478261E-01   1.4649576E+03   7.0722091E+02   2.1721785E+03   1.7959992E-01   1.4557085E-01   1.6850337E-01
   4.4927536E-01   1.4421440E+03   5.3774861E+02   1.9798926E+03   1.8088265E-01   1.5317193E-01   1.7335628E-01
   4.6376812E-01   1.0892465E+03   6.6301960E+02   1.7522661E+03   1.7969963E-01   2.0279653E-01   1.8837709E-01
   4.7826087E-01   1.2858562E+03   6.8885153E+02   1.9747077E+03   1.5395703E-01   1.9306545E-01   1.6759950E-01
   4.9275362E-01   8.9145492E+02   5.1258658E+02   1.4040415E+03   1.7819410E-01   1.0805421E-01   1.5258609E-01
   5.0724638E-01   9.0928402E+02   5.1959087E+02   1.4288749E+03   1.7584147E-01   1.6673799E-01   1.7253111E-01
   5.2173913E-01   9.6821910E+02   3.5782010E+02   1.3260392E+03   1.7916552E-01   1.9720028E-01   1.8403204E-01
   5.3623188E-01   1.1468447E+03   5.9390173E+02   1.7407464E+03   1.9597237E-01   2.2113886E-01   2.0455858E-01
   5.5072464E-01   1.0369028E+03   4.1874922E+02   1.4556521E+03   1.8348053E-01   1.9884947E-01   1.8788616E-01
   5.6521739E-01   7.7716583E+02   3.8858291E+02   1.1657487E+03   2.0478717E-01   2.5620809E-01   2.2192747E-01
   5.7971014E-01   8.9034060E+02   3.7886834E+02   1.2692089E+03   1.5881499E-01   1.5838515E-01   1.5868668E-01
   5.9420290E-01   8.3166221E+02   4.2507180E+02   1.2567340E+03   1.6865126E-01   2.0288655E-01   1.8023085E-01
   6.0869565E-01   8.4794343E+02   1.8041350E+02   1.0283569E+03   2.1272440E-01   1.5498969E-01   2.0258737E-01
   6.2318841E-01   6.3438420E+02   4.0530102E+02   1.0396852E+03   2.1920448E-01   1.3674948E-01   1.8706101E-01
   6.3768116E-01   6.0274509E+02   5.5108122E+02   1.1538263E+03   1.7953050E-01   2.1480771E-01   1.9637932E-01
   6.5217391E-01   6.3986653E+02   3.0309467E+02   9.4296121E+02   2.3605078E-01   2.5639455E-01   2.4258985E-01
   6.6666667E-01   7.0831907E+02   3.7886834E+02   1.0871874E+03   2.4084667E-01   2.1059078E-01   2.3030269E-01
   6.8115942E-01   5.4814994E+02   3.2244114E+02   8.7059108E+02   1.7412203E-01   1.7503941E-01   1.7446180E-01
   6.9565217E-01   6.3144724E+02   2.5257889E+02   8.8402613E+02   2.1713339E-01   1.4130242E-01   1.9546730E-01
   7.1014493E-01   4.4845640E+02   3.5567232E+02   8.0412873E+02   2.4971102E-01   2.3771565E-01   2.4440537E-01
   7.2463768E-01   5.3041568E+02   1.9701154E+02   7.2742722E+02   1.8246793E-01   1.7438278E-01   1.8027820E-01
   7.3913043E-01   4.4572746E+02   1.9314857E+02   6.3887603E+02   1.8973564E-01   1.6418813E-01   1.8200077E-01
   7.5362319E-01   3.2058090E+02   2.4772161E+02   5.6830251E+02   1.4998846E-01   2.2869109E-01   1.8429474E-01
   7.6811594E-01   4.1461064E+02   1.8585994E+02   6.0047058E+02   2.7687159E-01   1.6872532E-01   2.4339774E-01
   7.8260870E-01   4.9112563E+02   2.5257889E+02   7.4370452E+02   2.4079344E-01   2.8033646E-01   2.5422315E-01
   7.9710145E-01   2.6176358E+02   1.5154734E+02   4.1331092E+02   1.5495867E-01   3.0267770E-01   2.0912231E-01
   8.1159420E-01   3.6533733E+02   1.7590316E+02   5.4124049E+02   2.1351209E-01   2.5891244E-01   2.2826680E-01
   8.2608696E-01   3.8551516E+02   1.3293626E+02   5.1845142E+02   2.8219561E-01   1.8061736E-01   2.5614990E-01
   8.4057971E-01   4.4419047E+02   1.8290196E+02   6.2709243E+02   2.4993290E-01   1.2116582E-01   2.1235365E-01
   8.5507246E-01   1.5411594E+02   1.2842995E+02   2.8254588E+02   2.5909724E-01   2.4461525E-01   2.5251452E-01
   8.6956522E-01   2.5257889E+02   8.8402613E+01   3.4098151E+02   1.4722528E-01   1.6551296E-01   1.5196653E-01
   8.8405797E-01   2.1117252E+02   1.2421913E+02   3.3539165E+02   2.6112630E-01   2.3085632E-01   2.4991520E-01
   8.9855072E-01   1.5888027E+02   1.2221559E+02   2.8109587E+02   2.7172372E-01   2.6559988E-01   2.6906118E-01
   9.1304348E-01   2.8866159E+02   9.6220531E+01   3.8488213E+02   2.1365294E-01   1.6001860E-01   2.0024436E-01
   9.2753623E-01   2.0127381E+02   1.0655672E+02   3.0783053E+02   3.6475146E-01   2.1874056E-01   3.1420923E-01
   9.4202899E-01   1.3988985E+02   1.1657487E+02   2.5646472E+02   2.3459226E-01   2.4470397E-01   2.3918850E-01
   9.5652174E-01   1.4925117E+02   9.1846871E+01   2.4109804E+02   2.5679813E-01   3.0760410E-01   2.7615279E-01
   9.7101449E-01   1.4702354E+02   4.5238011E+01   1.9226155E+02   2.2471863E-01   2.5685081E-01   2.3196910E-01
   9.8550725E-01   1.1143187E+02   3.3429560E+01   1.4486142E+02   2.9524739E-01   4.2812858E-01   3.2591228E-01
   1.0000000E+00   4.3768184E+01   0.0000000E+00   4.3768184E+01   2.1328939E-01   0.0000000E+00   2.1328939E-01
