   0.0000000E+00   3.9945477E+10   2.0118127E+10   5.9529437E+10   3.3631907E-08   0.0000000E+00   2.2567702E-08
   1.4492754E-02   9.0928402E+03   8.3351035E+03   1.7427944E+04   9.5395090E-02   8.1116646E-02   8.8566269E-02
   2.8985507E-02   8.7139719E+03   3.7886834E+03   1.2502655E+04   1.3434297E-01   1.3282254E-01   1.3388223E-01
   4.3478261E-02   6.0618935E+03   1.5154734E+03   7.5773668E+03   1.0282823E-01   9.1543646E-02   1.0057131E-01
   5.7971014E-02   3.2203809E+03   1.7049075E+03   4.9252884E+03   1.0522400E-01   1.0932201E-01   1.0664254E-01
   7.2463768E-02   2.8793994E+03   9.0928402E+02   3.7886834E+03   1.2484621E-01   1.5996539E-01   1.3327481E-01
   8.6956522E-02   1.8943417E+03   1.2628945E+03   3.1572362E+03   1.0512199E-01   1.7106203E-01   1.3149801E-01
   1.0144928E-01   1.2989772E+03   9.7423288E+02   2.2732101E+03   1.3624681E-01   1.5394490E-01   1.4383171E-01
   1.1594203E-01   1.1366050E+03   1.0418879E+03   2.1784930E+03   1.6148117E-01   1.7437578E-01   1.6764815E-01
   1.3043478E-01   8.4192965E+02   5.0515779E+02   1.3470874E+03   1.9781416E-01   2.5305915E-01   2.1853103E-01
   1.4492754E-01   8.3351035E+02   3.0309467E+02   1.1366050E+03   1.7197155E-01   1.3732920E-01   1.6273359E-01
   1.5942029E-01   8.2662184E+02   6.8885153E+02   1.5154734E+03   3.2323168E-02   7.9821001E-02   5.3913092E-02
   1.7391304E-01   1.0103156E+03   3.7886834E+02   1.3891839E+03   1.5311675E-01   1.4422630E-01   1.5069209E-01
   1.8840580E-01   6.4116181E+02   4.6629950E+02   1.1074613E+03   1.3993667E-01   1.9883743E-01   1.6473699E-01
   2.0289855E-01   6.4948859E+02   2.1649620E+02   8.6598478E+02   9.5373845E-02   2.6093372E-01   1.3676381E-01
   2.1739130E-01   7.0722091E+02   3.5361045E+02   1.0608314E+03   1.4424111E-01   1.1535274E-01   1.3461165E-01
   2.3188406E-01   3.7886834E+02   1.4207563E+02   5.2094397E+02   1.4078322E-01   3.5901605E-01   2.0030127E-01
   2.4637681E-01   4.4572746E+02   2.6743648E+02   7.1316394E+02   1.7293864E-01   1.2580904E-01   1.5526504E-01
   2.6086957E-01   4.2096482E+02   2.5257889E+02   6.7354372E+02   8.6449509E-02   1.8728427E-01   1.2426255E-01
   2.7536232E-01   4.7857054E+02   2.7916615E+02   7.5773668E+02   1.7533465E-01   1.2338793E-01   1.5619639E-01
   2.8985507E-01   6.8196302E+02   1.5154734E+02   8.3351035E+02   1.9642053E-01   1.5105104E-01   1.8817153E-01
   3.0434783E-01   4.6907509E+02   1.0824810E+02   5.7732319E+02   1.2933477E-01   1.2735621E-01   1.2896379E-01
   3.1884058E-01   3.7886834E+02   6.8885153E+01   4.4775350E+02   1.4276685E-01   1.2246649E-05   1.2080083E-01
   3.3333333E-01   2.6356059E+02   1.3178029E+02   3.9534088E+02   8.7549360E-02   3.3047223E-01   1.6852365E-01
   3.4782609E-01   3.1572362E+02   6.3144724E+01   3.7886834E+02   1.3084942E-01   2.1265024E-01   1.4448289E-01
   3.6231884E-01   3.3340414E+02   2.1216627E+02   5.4557041E+02   1.0501950E-01   1.8832481E-01   1.3741601E-01
   3.7681159E-01   3.2058090E+02   1.4571859E+02   4.6629950E+02   1.6726484E-01   2.8348150E-01   2.0357973E-01
   3.9130435E-01   2.2451457E+02   1.9645025E+02   4.2096482E+02   7.4153935E-02   2.2227526E-01   1.4327722E-01
   4.0579710E-01   2.7062024E+02   1.8943417E+02   4.6005442E+02   1.5448251E-01   1.9752474E-01   1.7220578E-01
   4.2028986E-01   3.1354621E+02   1.5677311E+02   4.7031932E+02   1.4440804E-01   2.2928021E-01   1.7269877E-01
   4.3478261E-01   1.7680523E+02   2.0206312E+02   3.7886834E+02   1.3380322E-01   8.2079814E-02   1.0621740E-01
   4.4927536E-01   2.1998807E+02   1.4665871E+02   3.6664678E+02   1.7821440E-01   1.0175555E-01   1.4763086E-01
   4.6376812E-01   1.8943417E+02   4.7358543E+01   2.3679271E+02   1.1430464E-01   1.7201451E-01   1.2584661E-01
   4.7826087E-01   1.6073202E+02   9.1846871E+01   2.5257889E+02   2.9061507E-01   2.3688336E-01   2.7107627E-01
   4.9275362E-01   2.4515010E+02   8.9145492E+01   3.3429560E+02   1.6925192E-01   2.8511429E-01   2.0014855E-01
   5.0724638E-01   1.0824810E+02   1.2989772E+02   2.3814581E+02   2.0432239E-01   2.5404564E-01   2.3144416E-01
   5.2173913E-01   1.2628945E+02   6.3144724E+01   1.8943417E+02   1.6254664E-01   2.4660236E-01   1.9056521E-01
   5.3623188E-01   1.4335559E+02   1.6383496E+02   3.0719055E+02   1.5581878E-01   1.7666766E-01   1.6693818E-01
   5.5072464E-01   1.3958307E+02   9.9702195E+01   2.3928527E+02   1.5991713E-01   2.0790281E-01   1.7991117E-01
   5.6521739E-01   9.7145729E+01   1.3600402E+02   2.3314975E+02   1.8059024E-01   2.9894069E-01   2.4962800E-01
   5.7971014E-01   1.5154734E+02   7.5773668E+01   2.2732101E+02   1.7135082E-01   1.7502436E-01   1.7257533E-01
   5.9420290E-01   1.4785106E+02   1.8481383E+01   1.6633244E+02   3.0778990E-01   4.2829433E-01   3.2117928E-01
   6.0869565E-01   1.9845485E+02   3.6082699E+01   2.3453755E+02   1.1250934E-01   3.0190719E-01   1.4164747E-01
   6.2318841E-01   8.8108917E+01   8.8108917E+01   1.7621783E+02   3.0722253E-01   1.2966990E-01   2.1844622E-01
   6.3768116E-01   1.5499159E+02   5.1663865E+01   2.0665546E+02   2.4868714E-01   2.1491079E-01   2.4024305E-01
   6.5217391E-01   1.0103156E+02   3.3677186E+01   1.3470874E+02   1.5077308E-01   1.2250963E-01   1.4370722E-01
   6.6666667E-01   6.5890146E+01   0.0000000E+00   6.5890146E+01   7.3973724E-02   0.0000000E+00   7.3973724E-02
   6.8115942E-01   1.1285440E+02   9.6732343E+01   2.0958674E+02   1.9740416E-01   2.3918537E-01   2.1668780E-01
   6.9565217E-01   1.2628945E+02   1.4207563E+02   2.6836508E+02   2.3139018E-01   1.9133847E-01   2.1018634E-01
   7.1014493E-01   1.0824810E+02   4.6392042E+01   1.5464014E+02   1.8884190E-01   2.0004480E-01   1.9220277E-01
   7.2463768E-01   1.0608314E+02   6.0618935E+01   1.6670207E+02   2.4640487E-01   1.5884230E-01   2.1456393E-01
   7.3913043E-01   2.9715164E+01   7.4287910E+01   1.0400307E+02   1.4799278E-01   1.2145490E-01   1.2903715E-01
   7.5362319E-01   1.4571859E+02   1.4571859E+01   1.6029045E+02   2.4890021E-01   2.6633092E-01   2.5048482E-01
   7.6811594E-01   1.0007843E+02   4.2890756E+01   1.4296919E+02   2.0595041E-01   3.5976239E-01   2.5209401E-01
   7.8260870E-01   7.0160804E+01   4.2096482E+01   1.1225729E+02   1.5273966E-01   3.3336084E-01   2.2047261E-01
   7.9710145E-01   6.8885153E+01   4.1331092E+01   1.1021624E+02   2.2311612E-01   3.4669765E-01   2.6945919E-01
   8.1159420E-01   1.0824810E+02   1.3531012E+01   1.2177911E+02   2.8891864E-01   3.7322474E-01   2.9828598E-01
   8.2608696E-01   2.6587252E+01   3.9880878E+01   6.6468130E+01   1.6750731E-01   2.3850326E-01   2.1010488E-01
   8.4057971E-01   1.3064426E+02   2.6128851E+01   1.5677311E+02   1.8589659E-01   3.1311271E-01   2.0709927E-01
   8.5507246E-01   6.4214973E+01   3.8528984E+01   1.0274396E+02   2.8246683E-01   2.8197547E-01   2.8228257E-01
   8.6956522E-01   3.7886834E+01   5.0515779E+01   8.8402613E+01   1.3861461E-01   3.1847649E-01   2.4139283E-01
   8.8405797E-01   4.9687651E+01   3.7265739E+01   8.6953390E+01   2.5516320E-01   2.4453871E-01   2.5060985E-01
   8.9855072E-01   1.2221559E+01   0.0000000E+00   1.2221559E+01   3.6218017E-01   0.0000000E+00   3.6218017E-01
   9.1304348E-01   1.2027566E+01   1.2027566E+01   2.4055133E+01   4.1892513E-01   3.7584598E-01   3.9738556E-01
   9.2753623E-01   5.9198178E+01   0.0000000E+00   5.9198178E+01   2.4470794E-01   0.0000000E+00   2.4470794E-01
   9.4202899E-01   2.3314975E+01   2.3314975E+01   4.6629950E+01   3.9761809E-01   3.9618364E-01   3.9690086E-01
   9.5652174E-01   4.5923435E+01   2.2961718E+01   6.8885153E+01   2.0174241E-01   2.1304440E-01   2.0550974E-01
   9.7101449E-01   1.1309503E+01   1.1309503E+01   2.2619005E+01   4.2682341E-01   1.5509643E-06   2.1341093E-01
   9.8550725E-01   2.2286373E+01   0.0000000E+00   2.2286373E+01   4.2229059E-01   0.0000000E+00   4.2229059E-01
   1.0000000E+00   4.3768184E+01   0.0000000E+00   4.3768184E+01   2.1312214E-01   0.0000000E+00   2.1312214E-01
