   0.0000000E+00   3.3834319E+10   1.7068777E+10   5.0574432E+10   1.9465148E-06   1.2751300E-06   1.4709968E-06
   1.4492754E-02   1.7775745E+07   8.9003751E+06   2.6676120E+07   6.6201526E-03   5.7146748E-03   6.3176681E-03
   2.8985507E-02   8.8568052E+06   4.3914630E+06   1.3247510E+07   4.8962290E-03   5.0288404E-03   4.9402974E-03
   4.3478261E-02   5.5047044E+06   2.7877133E+06   8.2919125E+06   4.4190896E-03   4.0604581E-03   4.2813585E-03
   5.7971014E-02   4.0552173E+06   1.9860278E+06   6.0408663E+06   3.2391169E-03   2.7056672E-03   3.0279108E-03
   7.2463768E-02   3.3116124E+06   1.6342865E+06   4.9457473E+06   2.7378286E-03   3.4044018E-03   2.9519145E-03
   8.6956522E-02   2.8431543E+06   1.4145681E+06   4.2574698E+06   3.7793098E-03   3.0729725E-03   3.5298160E-03
   1.0144928E-01   2.4850516E+06   1.2400902E+06   3.7249253E+06   2.8325622E-03   2.9649039E-03   2.8613436E-03
   1.1594203E-01   2.2049190E+06   1.1071480E+06   3.3119723E+06   3.2752752E-03   3.7518216E-03   3.4195235E-03
   1.3043478E-01   2.0273666E+06   1.0047588E+06   3.0321254E+06   3.2314905E-03   3.4493611E-03   3.3025705E-03
   1.4492754E-01   1.8723673E+06   9.1958924E+05   2.7918808E+06   2.5520455E-03   2.3597643E-03   2.4810438E-03
   1.5942029E-01   1.7287418E+06   8.6395759E+05   2.5924927E+06   2.7563741E-03   3.0341945E-03   2.8377337E-03
   1.7391304E-01   1.6279341E+06   8.0686328E+05   2.4347343E+06   2.5091784E-03   2.7442213E-03   2.5833230E-03
   1.8840580E-01   1.5300452E+06   7.5802812E+05   2.2879568E+06   2.2768275E-03   2.0095714E-03   2.1821838E-03
   2.0289855E-01   1.4511199E+06   7.2179832E+05   2.1729182E+06   2.4579599E-03   1.5748827E-03   2.1553298E-03
   2.1739130E-01   1.3710993E+06   6.8438777E+05   2.0554870E+06   1.9891952E-03   2.4605919E-03   2.1417570E-03
   2.3188406E-01   1.3187460E+06   6.5942035E+05   1.9780716E+06   2.3085447E-03   2.7588705E-03   2.4522619E-03
   2.4637681E-01   1.2584223E+06   6.2954547E+05   1.8879232E+06   2.7205072E-03   3.0586395E-03   2.8210766E-03
   2.6086957E-01   1.2147782E+06   5.8177339E+05   1.7964674E+06   2.7176927E-03   1.8300596E-03   2.4303493E-03
   2.7536232E-01   1.1411514E+06   5.5705611E+05   1.6981677E+06   1.8805593E-03   2.0653555E-03   1.9344030E-03
   2.8985507E-01   1.0601115E+06   5.2632390E+05   1.5863596E+06   3.0434878E-03   2.7515040E-03   2.9392117E-03
   3.0434783E-01   9.4681003E+05   4.6485341E+05   1.4115552E+06   2.6755049E-03   3.6476986E-03   2.9938023E-03
   3.1884058E-01   8.0368308E+05   3.9850061E+05   1.2020804E+06   3.9850887E-03   3.2839262E-03   3.7456904E-03
   3.3333333E-01   6.8687183E+05   3.3963076E+05   1.0265026E+06   3.5275122E-03   4.4938691E-03   3.8292189E-03
   3.4782609E-01   6.0180079E+05   2.9198120E+05   8.9371885E+05   3.7505974E-03   3.3895918E-03   3.6094559E-03
   3.6231884E-01   5.3599262E+05   2.6675362E+05   8.0274624E+05   4.1235211E-03   3.3193550E-03   3.8380547E-03
   3.7681159E-01   4.9748328E+05   2.4340834E+05   7.4089161E+05   5.0032821E-03   5.0473496E-03   5.0174066E-03
   3.9130435E-01   4.6008649E+05   2.2148363E+05   6.8157012E+05   5.3334063E-03   5.2241349E-03   5.2978810E-03
   4.0579710E-01   4.3058387E+05   2.1148972E+05   6.4207359E+05   4.8278535E-03   4.9387921E-03   4.8474951E-03
   4.2028986E-01   4.0233205E+05   2.0061732E+05   6.0292324E+05   4.1594588E-03   4.9619500E-03   4.4204736E-03
   4.3478261E-01   3.8419776E+05   1.9367750E+05   5.7787525E+05   5.5334698E-03   5.9428405E-03   5.6213277E-03
   4.4927536E-01   3.5694286E+05   1.7753037E+05   5.3447324E+05   5.2800442E-03   6.0802828E-03   5.5215903E-03
   4.6376812E-01   3.4318368E+05   1.6246348E+05   5.0564716E+05   6.0638635E-03   6.4877695E-03   6.1650174E-03
   4.7826087E-01   3.2336987E+05   1.6022687E+05   4.8359674E+05   7.6671303E-03   4.0583382E-03   6.4329247E-03
   4.9275362E-01   3.0320611E+05   1.4882840E+05   4.5201222E+05   7.0212546E-03   8.4061747E-03   7.4116512E-03
   5.0724638E-01   2.9597195E+05   1.4533390E+05   4.4128420E+05   6.0954940E-03   5.4387958E-03   5.8794097E-03
   5.2173913E-01   2.8065725E+05   1.3508761E+05   4.1570276E+05   6.8255473E-03   7.7384977E-03   7.1217492E-03
   5.3623188E-01   2.6174683E+05   1.2895859E+05   3.9068494E+05   8.5592339E-03   6.3456314E-03   7.8120908E-03
   5.5072464E-01   2.5362244E+05   1.2263370E+05   3.7625614E+05   8.8541451E-03   6.4966237E-03   8.0571418E-03
   5.6521739E-01   2.4061054E+05   1.1855665E+05   3.5914776E+05   8.4735611E-03   8.8368970E-03   8.6011858E-03
   5.7971014E-01   2.3476577E+05   1.1178510E+05   3.4653193E+05   9.6283243E-03   1.0358796E-02   9.8614227E-03
   5.9420290E-01   2.1813576E+05   1.0741380E+05   3.2553107E+05   8.4622058E-03   9.6369445E-03   8.8503036E-03
   6.0869565E-01   2.1465598E+05   1.0267332E+05   3.1732930E+05   1.0541509E-02   1.0954985E-02   1.0629259E-02
   6.2318841E-01   1.9877372E+05   9.8928692E+04   2.9770241E+05   1.0914340E-02   1.2232941E-02   1.1351858E-02
   6.3768116E-01   1.8828034E+05   9.1238385E+04   2.7948429E+05   1.0289374E-02   9.7268032E-03   1.0094582E-02
   6.5217391E-01   1.8375957E+05   8.5573730E+04   2.6933329E+05   1.1439292E-02   1.1649259E-02   1.1493587E-02
   6.6666667E-01   1.7198975E+05   8.5657190E+04   2.5764695E+05   1.2163437E-02   1.3832978E-02   1.2717460E-02
   6.8115942E-01   1.6336480E+05   8.0723140E+04   2.4408794E+05   1.3632602E-02   1.2383048E-02   1.3213712E-02
   6.9565217E-01   1.5317331E+05   7.5457945E+04   2.2863126E+05   1.3350328E-02   1.5699286E-02   1.4096301E-02
   7.1014493E-01   1.4808340E+05   7.2340657E+04   2.2042405E+05   1.4733188E-02   1.7362439E-02   1.5583156E-02
   7.2463768E-01   1.3893860E+05   6.6650519E+04   2.0558912E+05   1.5234635E-02   1.3817356E-02   1.4768984E-02
   7.3913043E-01   1.3239591E+05   6.4630482E+04   1.9702640E+05   1.7154796E-02   1.6957407E-02   1.7086379E-02
   7.5362319E-01   1.2192275E+05   6.0983231E+04   1.8290598E+05   1.7843404E-02   1.7661108E-02   1.7765748E-02
   7.6811594E-01   1.1557629E+05   5.7559394E+04   1.7313568E+05   1.8838795E-02   2.0349845E-02   1.9329618E-02
   7.8260870E-01   1.1005424E+05   5.2382056E+04   1.6243629E+05   2.1506631E-02   2.4579890E-02   2.2497111E-02
   7.9710145E-01   1.0328640E+05   5.2077176E+04   1.5536357E+05   2.1166600E-02   1.8968465E-02   2.0417268E-02
   8.1159420E-01   9.6421993E+04   4.7345012E+04   1.4376700E+05   2.3207287E-02   2.3429957E-02   2.3243414E-02
   8.2608696E-01   8.9918087E+04   4.4733052E+04   1.3465114E+05   2.4875123E-02   1.9811575E-02   2.3172014E-02
   8.4057971E-01   8.3690710E+04   4.2302610E+04   1.2599332E+05   2.5014899E-02   2.4867005E-02   2.4938576E-02
   8.5507246E-01   7.9729311E+04   3.9145448E+04   1.1887476E+05   2.7094779E-02   3.1766030E-02   2.8629981E-02
   8.6956522E-01   7.3854069E+04   3.5929348E+04   1.0978342E+05   2.9077499E-02   2.9509344E-02   2.9214131E-02
   8.8405797E-01   6.9761463E+04   3.3029866E+04   1.0279133E+05   3.2775461E-02   3.3534736E-02   3.2995267E-02
   8.9855072E-01   6.2928809E+04   3.0052815E+04   9.2981624E+04   3.7696717E-02   3.7902389E-02   3.7737835E-02
   9.1304348E-01   5.8694524E+04   2.8324919E+04   8.7019443E+04   3.5464563E-02   4.0865896E-02   3.7219629E-02
   9.2753623E-01   5.4036097E+04   2.4437008E+04   7.8473105E+04   4.4568251E-02   3.8127320E-02   4.2562490E-02
   9.4202899E-01   4.9241227E+04   2.1962706E+04   7.1203933E+04   4.5355567E-02   4.7851895E-02   4.6110284E-02
   9.5652174E-01   4.1101475E+04   1.9115630E+04   6.0217105E+04   4.8674150E-02   5.5883729E-02   5.0876364E-02
   9.7101449E-01   3.3792794E+04   1.6919016E+04   5.0711810E+04   5.6949989E-02   6.0136921E-02   5.7984280E-02
   9.8550725E-01   2.4693301E+04   1.2636374E+04   3.7329675E+04   7.5232337E-02   7.2622480E-02   7.4246928E-02
   1.0000000E+00   1.0898278E+04   5.4929071E+03   1.6391185E+04   1.0366496E-01   9.4743820E-02   1.0053454E-01
