   0.0000000E+00   3.9582552E+10   1.9944108E+10   5.8971433E+10   4.4310560E-07   3.9698329E-07   4.3153085E-07
   1.4492754E-02   9.3807801E+05   4.7206995E+05   1.4101480E+06   1.1467418E-01   1.0978397E-01   1.1303675E-01
   2.8985507E-02   4.8874016E+05   2.5156858E+05   7.4030874E+05   1.1981220E-01   1.1691509E-01   1.1882432E-01
   4.3478261E-02   3.5512593E+05   1.8413001E+05   5.3925594E+05   1.1380943E-01   1.1329343E-01   1.1363324E-01
   5.7971014E-02   2.5914595E+05   1.2616316E+05   3.8530910E+05   1.1691464E-01   1.2285053E-01   1.1885610E-01
   7.2463768E-02   2.1322710E+05   1.0017279E+05   3.1339989E+05   1.1910227E-01   1.1974105E-01   1.1930642E-01
   8.6956522E-02   1.6329226E+05   8.2214430E+04   2.4550669E+05   1.2353678E-01   1.1193173E-01   1.1965039E-01
   1.0144928E-01   1.3704209E+05   7.3175714E+04   2.1021781E+05   1.2688712E-01   1.2113687E-01   1.2488385E-01
   1.1594203E-01   1.2227976E+05   5.7019685E+04   1.7929944E+05   1.2116495E-01   1.2132260E-01   1.2121135E-01
   1.3043478E-01   1.1138729E+05   5.4304462E+04   1.6569175E+05   1.2410576E-01   1.2083914E-01   1.2303511E-01
   1.4492754E-01   8.8806739E+04   4.7813185E+04   1.3661992E+05   1.2482046E-01   1.0704695E-01   1.1860022E-01
   1.5942029E-01   8.2042217E+04   4.3466532E+04   1.2550875E+05   1.2124968E-01   1.2688914E-01   1.2319325E-01
   1.7391304E-01   7.5457945E+04   3.6623940E+04   1.1208188E+05   1.2421279E-01   1.2683435E-01   1.2506692E-01
   1.8840580E-01   6.9245475E+04   3.4039863E+04   1.0328534E+05   1.3212745E-01   1.1516110E-01   1.2653155E-01
   2.0289855E-01   6.5165355E+04   3.0904832E+04   9.6070187E+04   1.2575245E-01   1.3237781E-01   1.2788203E-01
   2.1739130E-01   6.0568419E+04   2.9349668E+04   8.9918087E+04   1.3536413E-01   1.1630759E-01   1.2913797E-01
   2.3188406E-01   5.6735534E+04   2.7183804E+04   8.3919338E+04   1.3258090E-01   1.4381053E-01   1.3621747E-01
   2.4637681E-01   4.8183139E+04   2.5317320E+04   7.3500458E+04   1.4066245E-01   1.3393293E-01   1.3834426E-01
   2.6086957E-01   4.7737411E+04   2.3489837E+04   7.1227248E+04   1.3987210E-01   1.3014218E-01   1.3666302E-01
   2.7536232E-01   4.4068370E+04   2.0698176E+04   6.4766546E+04   1.3306345E-01   1.3135679E-01   1.3249817E-01
   2.8985507E-01   4.0728347E+04   2.1292401E+04   6.2020748E+04   1.3839685E-01   1.3039735E-01   1.3562763E-01
   3.0434783E-01   3.9041481E+04   2.1433123E+04   6.0474604E+04   1.3526005E-01   1.4211387E-01   1.3768899E-01
   3.1884058E-01   3.8920111E+04   1.7359059E+04   5.6279170E+04   1.4123560E-01   1.3274082E-01   1.3861501E-01
   3.3333333E-01   3.5580679E+04   1.8679857E+04   5.4260536E+04   1.3760368E-01   1.3315642E-01   1.3606687E-01
   3.4782609E-01   3.2677395E+04   1.6291339E+04   4.8968733E+04   1.4234484E-01   1.6054850E-01   1.4839861E-01
   3.6231884E-01   3.1915869E+04   1.5973089E+04   4.7888958E+04   1.4977128E-01   1.3989479E-01   1.4647682E-01
   3.7681159E-01   2.8998000E+04   1.4834153E+04   4.3832153E+04   1.4591351E-01   1.4922562E-01   1.4703442E-01
   3.9130435E-01   2.9186894E+04   1.4200547E+04   4.3387441E+04   1.4975918E-01   1.3820880E-01   1.4597822E-01
   4.0579710E-01   2.7143211E+04   1.3098020E+04   4.0241230E+04   1.5434005E-01   1.5560860E-01   1.5475262E-01
   4.2028986E-01   2.6703686E+04   1.3064426E+04   3.9768111E+04   1.5155002E-01   1.5623575E-01   1.5308136E-01
   4.3478261E-01   2.5182116E+04   1.2452140E+04   3.7634255E+04   1.5722913E-01   1.5393466E-01   1.5613264E-01
   4.4927536E-01   2.3220963E+04   1.2123787E+04   3.5344750E+04   1.6473699E-01   1.6343237E-01   1.6428896E-01
   4.6376812E-01   2.1595495E+04   1.1768598E+04   3.3364093E+04   1.5316529E-01   1.6520306E-01   1.5738906E-01
   4.7826087E-01   2.1836594E+04   9.4372660E+03   3.1273860E+04   1.5177615E-01   1.5810801E-01   1.5368307E-01
   4.9275362E-01   1.9946304E+04   9.9174360E+03   2.9863740E+04   1.6524706E-01   1.6946813E-01   1.6662519E-01
   5.0724638E-01   1.9116614E+04   8.9845921E+03   2.8101206E+04   1.6340298E-01   1.5770950E-01   1.6158144E-01
   5.2173913E-01   1.8396163E+04   8.8823578E+03   2.7278521E+04   1.6599767E-01   1.6194691E-01   1.6467315E-01
   5.3623188E-01   1.7202671E+04   8.9699640E+03   2.6172635E+04   1.7039469E-01   1.7819796E-01   1.7306840E-01
   5.5072464E-01   1.7108897E+04   8.3151631E+03   2.5424060E+04   1.7055480E-01   1.5338691E-01   1.6493979E-01
   5.6521739E-01   1.5582175E+04   8.1602412E+03   2.3742416E+04   1.8014344E-01   1.7436255E-01   1.7815628E-01
   5.7971014E-01   1.4321223E+04   7.4068761E+03   2.1728099E+04   1.6917570E-01   1.6543690E-01   1.6789510E-01
   5.9420290E-01   1.3898000E+04   6.5424094E+03   2.0440409E+04   1.7315499E-01   1.8344860E-01   1.7644958E-01
   6.0869565E-01   1.4072253E+04   7.2165398E+03   2.1288793E+04   1.7429897E-01   1.6943834E-01   1.7265128E-01
   6.2318841E-01   1.3392555E+04   6.7315212E+03   2.0124077E+04   1.7881354E-01   1.7201135E-01   1.7651314E-01
   6.3768116E-01   1.2296000E+04   6.8885153E+03   1.9184515E+04   1.8467433E-01   1.7030172E-01   1.7951296E-01
   6.5217391E-01   1.2325850E+04   6.1124093E+03   1.8438259E+04   1.7842794E-01   1.7288320E-01   1.7658970E-01
   6.6666667E-01   1.1333105E+04   5.9301132E+03   1.7263218E+04   1.8997973E-01   1.7638855E-01   1.8530889E-01
   6.8115942E-01   1.1559515E+04   5.7716964E+03   1.7331211E+04   1.8639847E-01   2.0610821E-01   1.9295779E-01
   6.9565217E-01   1.1239761E+04   5.1147226E+03   1.6354483E+04   1.9030621E-01   1.9345431E-01   1.9128957E-01
   7.1014493E-01   1.1134090E+04   4.9175564E+03   1.6051646E+04   2.0055787E-01   1.9506451E-01   1.9887491E-01
   7.2463768E-01   1.0244600E+04   4.5161106E+03   1.4760711E+04   2.0018589E-01   2.0146767E-01   2.0057745E-01
   7.3913043E-01   9.2859888E+03   4.6652808E+03   1.3951270E+04   1.9107270E-01   2.0363990E-01   1.9527055E-01
   7.5362319E-01   8.5391096E+03   4.4007015E+03   1.2939811E+04   2.0210925E-01   1.8552765E-01   1.9646453E-01
   7.6811594E-01   7.7918206E+03   4.1032156E+03   1.1895036E+04   2.0179053E-01   2.1511999E-01   2.0638659E-01
   7.8260870E-01   7.5633347E+03   3.9009407E+03   1.1464275E+04   2.0633743E-01   1.9900989E-01   2.0384363E-01
   7.9710145E-01   7.3431573E+03   3.6371361E+03   1.0980293E+04   2.0715861E-01   1.8296592E-01   1.9914466E-01
   8.1159420E-01   6.6031340E+03   3.4368771E+03   1.0040011E+04   2.0396091E-01   2.1580778E-01   2.0801030E-01
   8.2608696E-01   6.5138768E+03   3.3101129E+03   9.8239896E+03   2.2008613E-01   2.2184771E-01   2.2067600E-01
   8.4057971E-01   6.3623753E+03   2.9786890E+03   9.3410643E+03   2.1377417E-01   2.1394371E-01   2.1381859E-01
   8.5507246E-01   6.1517944E+03   2.8383018E+03   8.9900963E+03   2.1874879E-01   2.0755107E-01   2.1521227E-01
   8.6956522E-01   5.3041568E+03   2.7531100E+03   8.0572667E+03   2.3691469E-01   2.1712727E-01   2.3012934E-01
   8.8405797E-01   4.8445460E+03   2.3228977E+03   7.1674437E+03   2.4111392E-01   2.3687288E-01   2.3973845E-01
   8.9855072E-01   4.3875398E+03   2.0043357E+03   6.3918756E+03   2.3185828E-01   2.1495373E-01   2.2653983E-01
   9.1304348E-01   4.2457309E+03   1.9725209E+03   6.2182518E+03   2.3795151E-01   2.5467636E-01   2.4324961E-01
   9.2753623E-01   3.9425987E+03   1.6812283E+03   5.6238270E+03   2.5429536E-01   2.5261763E-01   2.5379298E-01
   9.4202899E-01   3.3806714E+03   1.7602806E+03   5.1409520E+03   2.6524042E-01   2.4071989E-01   2.5684172E-01
   9.5652174E-01   2.5372698E+03   1.2399328E+03   3.7772026E+03   2.5244725E-01   2.3131616E-01   2.4550653E-01
   9.7101449E-01   2.2053530E+03   9.8392674E+02   3.1892798E+03   2.5021914E-01   2.6312582E-01   2.5420039E-01
   9.8550725E-01   1.5711893E+03   7.5773668E+02   2.3289260E+03   2.2739527E-01   2.6869619E-01   2.4083284E-01
   1.0000000E+00   7.0029094E+02   3.2826138E+02   1.0285523E+03   2.4009083E-01   2.5447427E-01   2.4468129E-01
