   0.0000000E+00   3.9921078E+10   2.0118370E+10   5.9467302E+10   1.8556135E-08   0.0000000E+00   1.2456945E-08
   1.4492754E-02   5.3041568E+03   2.2732101E+03   7.5773668E+03   9.4896196E-02   7.3784476E-02   8.8562680E-02
   2.8985507E-02   1.8943417E+03   1.5154734E+03   3.4098151E+03   9.1289644E-02   2.3471704E-01   1.5503515E-01
   4.3478261E-02   3.0309467E+03   5.0515779E+02   3.5361045E+03   1.3111704E-01   1.7436133E-01   1.3729480E-01
   5.7971014E-02   3.7886834E+02   1.3260392E+03   1.7049075E+03   2.9766404E-06   9.3824806E-02   7.2975511E-02
   7.2463768E-02   1.3639260E+03   6.0618935E+02   1.9701154E+03   2.0751014E-01   2.3248350E-02   1.5081421E-01
   8.6956522E-02   1.0103156E+03   5.0515779E+02   1.5154734E+03   1.1035621E-01   1.3374389E-01   1.1815210E-01
   1.0144928E-01   9.7423288E+02   4.3299239E+02   1.4072253E+03   1.2893711E-01   2.3413522E-01   1.6130576E-01
   1.1594203E-01   3.7886834E+02   1.8943417E+02   5.6830251E+02   3.0642042E-02   2.0057230E-01   8.7285461E-02
   1.3043478E-01   5.8935075E+02   3.3677186E+02   9.2612261E+02   2.0662925E-01   1.9106800E-02   1.3843927E-01
   1.4492754E-01   5.3041568E+02   3.7886834E+02   9.0928402E+02   1.4352413E-01   1.0255414E-01   1.2645330E-01
   1.5942029E-01   7.5773668E+02   1.3777031E+02   8.9550699E+02   1.1865632E-01   1.9562606E-01   1.3049782E-01
   1.7391304E-01   3.1572362E+02   2.5257889E+02   5.6830251E+02   6.5381429E-02   9.4357232E-02   7.8259564E-02
   1.8840580E-01   4.0801206E+02   1.1657487E+02   5.2458694E+02   1.4107860E-01   1.4185900E-02   1.1288022E-01
   2.0289855E-01   3.2474429E+02   2.1649620E+02   5.4124049E+02   2.0643661E-01   1.6592648E-01   1.9023256E-01
   2.1739130E-01   2.5257889E+02   1.0103156E+02   3.5361045E+02   1.5604692E-01   3.3781043E-01   2.0797935E-01
   2.3188406E-01   1.8943417E+02   9.4717086E+01   2.8415126E+02   2.2076468E-01   2.9842374E-01   2.4665103E-01
   2.4637681E-01   1.7829098E+02   1.7829098E+02   3.5658197E+02   1.6583618E-01   2.0599972E-01   1.8591795E-01
   2.6086957E-01   5.4725427E+02   8.4192965E+01   6.3144724E+02   1.2610628E-01   1.5488004E-01   1.2994278E-01
   2.7536232E-01   2.7916615E+02   3.9880878E+01   3.1904702E+02   2.0287673E-01   4.4976811E-02   1.8313924E-01
   2.8985507E-01   7.5773668E+01   7.5773668E+01   1.5154734E+02   1.0881367E-01   8.9678030E-02   9.9245850E-02
   3.0434783E-01   2.8866159E+02   3.6082699E+01   3.2474429E+02   1.4055758E-01   1.7956382E-01   1.4489161E-01
   3.1884058E-01   1.7221288E+02   1.3777031E+02   3.0998319E+02   1.4238587E-01   3.0772826E-01   2.1587138E-01
   3.3333333E-01   1.9767044E+02   9.8835220E+01   2.9650566E+02   2.2287877E-01   1.5336064E-02   1.5369787E-01
   3.4782609E-01   1.8943417E+02   6.3144724E+01   2.5257889E+02   1.5623833E-01   2.5778917E-02   1.2362348E-01
   3.6231884E-01   9.0928402E+01   6.0618935E+01   1.5154734E+02   1.4119381E-01   2.1422228E-01   1.7040520E-01
   3.7681159E-01   1.7486231E+02   8.7431156E+01   2.6229347E+02   2.3260054E-01   4.0248764E-02   1.6848328E-01
   3.9130435E-01   1.1225729E+02   8.4192965E+01   1.9645025E+02   1.1781145E-01   6.2825216E-02   9.4245923E-02
   4.0579710E-01   1.0824810E+02   2.7062024E+01   1.3531012E+02   1.5694987E-01   2.4429277E-06   1.2555940E-01
   4.2028986E-01   2.3515966E+02   7.8386554E+01   3.1354621E+02   2.0726219E-01   1.9277412E-01   2.0364017E-01
   4.3478261E-01   1.0103156E+02   7.5773668E+01   1.7680523E+02   2.7427150E-01   2.7462769E-01   2.7442415E-01
   4.4927536E-01   1.2221559E+02   9.7772475E+01   2.1998807E+02   3.0891708E-01   9.7361166E-02   2.1489223E-01
   4.6376812E-01   1.4207563E+02   9.4717086E+01   2.3679271E+02   1.1393334E-01   1.0121086E-01   1.0884435E-01
   4.7826087E-01   2.2961718E+01   4.5923435E+01   6.8885153E+01   2.4855413E-01   2.8972672E-01   2.7600253E-01
   4.9275362E-01   1.1143187E+02   8.9145492E+01   2.0057736E+02   2.3946711E-01   9.4140939E-02   1.7487770E-01
   5.0724638E-01   1.0824810E+02   6.4948859E+01   1.7319696E+02   9.7252439E-02   1.5689952E-01   1.1297887E-01
   5.2173913E-01   8.4192965E+01   2.1048241E+01   1.0524121E+02   1.5613843E-01   9.0738874E-02   1.4305852E-01
   5.3623188E-01   6.1438110E+01   1.0239685E+02   1.6383496E+02   1.0416528E-01   2.7288258E-01   2.0961359E-01
   5.5072464E-01   7.9761756E+01   1.9940439E+01   9.9702195E+01   2.0519519E-01   8.4530280E-06   1.6415447E-01
   5.6521739E-01   3.8858291E+01   1.9429146E+01   5.8287437E+01   8.0860262E-02   1.7462721E-01   1.1211591E-01
   5.7971014E-01   3.7886834E+01   1.8943417E+01   5.6830251E+01   1.6318364E-01   3.3014337E-01   2.1883689E-01
   5.9420290E-01   3.6962765E+01   1.8481383E+01   5.5444148E+01   8.0575702E-02   3.6832933E-01   1.7649358E-01
   6.0869565E-01   5.4124049E+01   1.8041350E+01   7.2165398E+01   1.0407174E-01   3.7223596E-01   1.7111279E-01
   6.2318841E-01   5.2865350E+01   0.0000000E+00   5.2865350E+01   1.9936196E-01   0.0000000E+00   1.9936196E-01
   6.3768116E-01   3.4442577E+01   8.6106441E+01   1.2054902E+02   2.1213969E-01   1.9431684E-01   1.9940908E-01
   6.5217391E-01   6.7354372E+01   6.7354372E+01   1.3470874E+02   2.0524883E-01   1.0315078E-01   1.5419980E-01
   6.6666667E-01   8.2362683E+01   0.0000000E+00   8.2362683E+01   2.0799429E-01   0.0000000E+00   2.0799429E-01
   6.8115942E-01   1.6122057E+01   1.6122057E+01   3.2244114E+01   1.9398121E-01   7.6948287E-05   9.7029078E-02
   6.9565217E-01   1.1050327E+02   3.1572362E+01   1.4207563E+02   1.8184239E-01   3.3696349E-01   2.1631374E-01
   7.1014493E-01   6.1856056E+01   0.0000000E+00   6.1856056E+01   1.7922846E-01   0.0000000E+00   1.7922846E-01
   7.2463768E-01   3.0309467E+01   1.5154734E+01   4.5464201E+01   1.9573708E-01   2.4344221E-06   1.3049057E-01
   7.3913043E-01   1.4857582E+01   4.4572746E+01   5.9430328E+01   2.9688787E-01   1.1269978E-01   1.5874680E-01
   7.5362319E-01   2.9143719E+01   4.3715578E+01   7.2859297E+01   3.9138448E-01   1.9188117E-01   2.7168250E-01
   7.6811594E-01   1.4296919E+01   1.4296919E+01   2.8593837E+01   3.6664788E-01   2.3051172E-01   2.9857980E-01
   7.8260870E-01   2.8064322E+01   4.2096482E+01   7.0160804E+01   1.6369167E-05   1.5646608E-01   9.3873098E-02
   7.9710145E-01   2.7554061E+01   1.3777031E+01   4.1331092E+01   2.8501856E-01   1.2751289E-05   1.9000812E-01
   8.1159420E-01   4.0593037E+01   2.7062024E+01   6.7655061E+01   2.4133179E-01   3.7434945E-01   2.9453885E-01
   8.2608696E-01   2.6587252E+01   0.0000000E+00   2.6587252E+01   3.3408868E-01   0.0000000E+00   3.3408868E-01
   8.4057971E-01   2.6128851E+01   0.0000000E+00   2.6128851E+01   1.8605706E-01   0.0000000E+00   1.8605706E-01
   8.5507246E-01   7.7057968E+01   2.5685989E+01   1.0274396E+02   1.7188544E-01   1.4976137E-01   1.6635442E-01
   8.6956522E-01   2.5257889E+01   0.0000000E+00   2.5257889E+01   1.9611342E-06   0.0000000E+00   1.9611342E-06
   8.8405797E-01   4.9687651E+01   4.9687651E+01   9.9375303E+01   3.0477822E-01   2.1477063E-06   1.5239019E-01
   8.9855072E-01   3.6664678E+01   1.2221559E+01   4.8886238E+01   2.8263809E-01   4.1496957E-01   3.1572096E-01
   9.1304348E-01   2.4055133E+01   0.0000000E+00   2.4055133E+01   8.4471037E-05   0.0000000E+00   8.4471037E-05
   9.2753623E-01   3.5518907E+01   0.0000000E+00   3.5518907E+01   2.6064924E-01   0.0000000E+00   2.6064924E-01
   9.4202899E-01   3.4972462E+01   1.1657487E+01   4.6629950E+01   4.1162623E-01   4.2155460E-01   4.1410832E-01
   9.5652174E-01   0.0000000E+00   0.0000000E+00   0.0000000E+00   0.0000000E+00   0.0000000E+00   0.0000000E+00
   9.7101449E-01   0.0000000E+00   0.0000000E+00   0.0000000E+00   0.0000000E+00   0.0000000E+00   0.0000000E+00
   9.8550725E-01   2.2286373E+01   0.0000000E+00   2.2286373E+01   4.2821947E-01   0.0000000E+00   4.2821947E-01
   1.0000000E+00   0.0000000E+00   0.0000000E+00   0.0000000E+00   0.0000000E+00   0.0000000E+00   0.0000000E+00
