   0.0000000E+00   3.7535099E+10   1.8900893E+10   5.5978028E+10   3.5622319E-06   3.7913860E-06   3.6640839E-06
   1.4492754E-02   6.4786486E+06   3.0650449E+06   9.5429358E+06   8.0971695E-02   7.8686771E-02   8.0212583E-02
   2.8985507E-02   3.5295375E+06   1.7424155E+06   5.2719530E+06   8.1453688E-02   8.4124893E-02   8.2335878E-02
   4.3478261E-02   2.2469418E+06   1.1626207E+06   3.4095625E+06   7.9845406E-02   7.9694964E-02   7.9790872E-02
   5.7971014E-02   1.6745981E+06   8.3237375E+05   2.5067824E+06   7.8481633E-02   7.8165429E-02   7.8376796E-02
   7.2463768E-02   1.2783018E+06   6.4710713E+05   1.9254089E+06   7.9172848E-02   7.3552226E-02   7.7283803E-02
   8.6956522E-02   1.0860892E+06   5.4481268E+05   1.6309019E+06   7.7398887E-02   7.5301794E-02   7.6698187E-02
   1.0144928E-01   9.4143371E+05   4.6828127E+05   1.4097150E+06   7.7913450E-02   7.7916913E-02   7.7913343E-02
   1.1594203E-01   8.1011523E+05   4.0055855E+05   1.2106738E+06   7.7118287E-02   7.8724359E-02   7.7648666E-02
   1.3043478E-01   7.3264718E+05   3.5596786E+05   1.0886150E+06   7.7312826E-02   8.0470135E-02   7.8343805E-02
   1.4492754E-01   6.3771119E+05   3.2378089E+05   9.6141630E+05   7.6160652E-02   7.7610199E-02   7.6654632E-02
   1.5942029E-01   5.8676373E+05   2.9641281E+05   8.8317655E+05   7.5470122E-02   7.7727793E-02   7.6226839E-02
   1.7391304E-01   5.4039255E+05   2.6508155E+05   8.0541095E+05   7.5611114E-02   7.4122557E-02   7.5126652E-02
   1.8840580E-01   4.8652524E+05   2.4195115E+05   7.2847639E+05   7.5836084E-02   7.7236225E-02   7.6300691E-02
   2.0289855E-01   4.5393840E+05   2.2272046E+05   6.7665886E+05   7.8101427E-02   7.5169330E-02   7.7131840E-02
   2.1739130E-01   4.2913154E+05   2.0448787E+05   6.3361942E+05   8.0188069E-02   8.0004350E-02   8.0130397E-02
   2.3188406E-01   3.9506496E+05   1.9668003E+05   5.9174499E+05   7.5824779E-02   8.0320077E-02   7.7318846E-02
   2.4637681E-01   3.6897319E+05   1.8270369E+05   5.5163231E+05   7.6754067E-02   8.0123371E-02   7.7871809E-02
   2.6086957E-01   3.5158982E+05   1.6922786E+05   5.2081768E+05   7.4705201E-02   7.9152613E-02   7.6150056E-02
   2.7536232E-01   3.3029343E+05   1.6937409E+05   4.9966752E+05   7.7680924E-02   7.3951119E-02   7.6413454E-02
   2.8985507E-01   3.1249061E+05   1.5188832E+05   4.6434104E+05   8.0286841E-02   7.9503636E-02   8.0032070E-02
   3.0434783E-01   2.9255853E+05   1.4555761E+05   4.3808005E+05   7.7413764E-02   8.1274785E-02   7.8665505E-02
   3.1884058E-01   2.8084477E+05   1.3701257E+05   4.1785734E+05   7.7707391E-02   8.1200329E-02   7.8852558E-02
   3.3333333E-01   2.6468072E+05   1.2921058E+05   3.9385835E+05   8.1351525E-02   7.8121659E-02   8.0291644E-02
   3.4782609E-01   2.5128443E+05   1.2521599E+05   3.7650041E+05   7.7758268E-02   8.1273122E-02   7.8921234E-02
   3.6231884E-01   2.4026315E+05   1.1857064E+05   3.5880347E+05   8.0123344E-02   8.1907707E-02   8.0718391E-02
   3.7681159E-01   2.3317889E+05   1.1351478E+05   3.4669368E+05   7.7391864E-02   8.1986503E-02   7.8895723E-02
   3.9130435E-01   2.1831236E+05   1.0653216E+05   3.2484452E+05   8.2983936E-02   8.1273209E-02   8.2422869E-02
   4.0579710E-01   2.1316757E+05   1.0494653E+05   3.1811410E+05   8.2033838E-02   8.3422551E-02   8.2491225E-02
   4.2028986E-01   1.9677638E+05   9.9315763E+04   2.9609214E+05   8.1449339E-02   8.2261694E-02   8.1721564E-02
   4.3478261E-01   1.9193470E+05   9.6661943E+04   2.8859665E+05   8.2860701E-02   8.7015896E-02   8.4251980E-02
   4.4927536E-01   1.8190569E+05   9.0586198E+04   2.7246745E+05   8.6827979E-02   8.7742999E-02   8.7139620E-02
   4.6376812E-01   1.7276396E+05   8.5884717E+04   2.5864868E+05   9.0015106E-02   8.5616677E-02   8.8554600E-02
   4.7826087E-01   1.6353335E+05   7.9608275E+04   2.4314163E+05   9.0103491E-02   8.7140775E-02   8.9133369E-02
   4.9275362E-01   1.5132447E+05   7.6041105E+04   2.2736558E+05   9.4963762E-02   9.3174068E-02   9.4364600E-02
   5.0724638E-01   1.4072253E+05   7.0599409E+04   2.1132194E+05   9.4511890E-02   9.6305422E-02   9.5110452E-02
   5.2173913E-01   1.3102530E+05   6.6449298E+04   1.9747460E+05   9.6552295E-02   9.9548508E-02   9.7548616E-02
   5.3623188E-01   1.2414594E+05   6.2892145E+04   1.8703808E+05   1.0623446E-01   1.0663358E-01   1.0636866E-01
   5.5072464E-01   1.1465752E+05   5.7627869E+04   1.7228539E+05   1.0908944E-01   1.0668208E-01   1.0827568E-01
   5.6521739E-01   1.0981353E+05   5.4032454E+04   1.6384599E+05   1.1104455E-01   1.1195140E-01   1.1134271E-01
   5.7971014E-01   1.0403725E+05   5.3856135E+04   1.5789338E+05   1.1464097E-01   1.1441075E-01   1.1455953E-01
   5.9420290E-01   1.0048328E+05   4.9197440E+04   1.4968072E+05   1.1702336E-01   1.1899135E-01   1.1765152E-01
   6.0869565E-01   9.3670687E+04   4.7863701E+04   1.4153439E+05   1.2138003E-01   1.2026810E-01   1.2099234E-01
   6.2318841E-01   8.8990006E+04   4.4495003E+04   1.3348501E+05   1.2196376E-01   1.2268261E-01   1.2220249E-01
   6.3768116E-01   8.2248873E+04   4.0883338E+04   1.2313221E+05   1.2701226E-01   1.1637548E-01   1.2346873E-01
   6.5217391E-01   8.0538990E+04   4.0126367E+04   1.2066536E+05   1.2824463E-01   1.3345595E-01   1.2994930E-01
   6.6666667E-01   7.7898626E+04   3.8990494E+04   1.1688912E+05   1.2768395E-01   1.3618123E-01   1.3051139E-01
   6.8115942E-01   7.2903942E+04   3.5000986E+04   1.0790493E+05   1.3369986E-01   1.3778117E-01   1.3501854E-01
   6.9565217E-01   6.9506555E+04   3.4224440E+04   1.0373099E+05   1.3253709E-01   1.3310177E-01   1.3272336E-01
   7.1014493E-01   6.6464332E+04   3.2428037E+04   9.8892369E+04   1.4149298E-01   1.3340351E-01   1.3883894E-01
   7.2463768E-01   6.3543798E+04   3.0400396E+04   9.3944194E+04   1.4359529E-01   1.3733694E-01   1.4156835E-01
   7.3913043E-01   6.0351498E+04   2.9358582E+04   8.9710080E+04   1.4453046E-01   1.4105788E-01   1.4338875E-01
   7.5362319E-01   5.7558844E+04   2.8662847E+04   8.6221692E+04   1.4649749E-01   1.4341782E-01   1.4547370E-01
   7.6811594E-01   5.2827114E+04   2.6406409E+04   7.9233523E+04   1.5023369E-01   1.4685372E-01   1.4910701E-01
   7.8260870E-01   5.2452217E+04   2.5426275E+04   7.7878493E+04   1.5303467E-01   1.4146907E-01   1.4925866E-01
   7.9710145E-01   4.8564033E+04   2.3820486E+04   7.2384519E+04   1.5451093E-01   1.5930074E-01   1.5608693E-01
   8.1159420E-01   4.5572449E+04   2.2894473E+04   6.8466922E+04   1.4930910E-01   1.6498807E-01   1.5454645E-01
   8.2608696E-01   4.3217578E+04   2.1083691E+04   6.4301269E+04   1.6666459E-01   1.5917313E-01   1.6420711E-01
   8.4057971E-01   3.9898756E+04   2.0210666E+04   6.0109422E+04   1.6419664E-01   1.6011351E-01   1.6282048E-01
   8.5507246E-01   3.7642817E+04   1.8956260E+04   5.6599077E+04   1.6514404E-01   1.7504670E-01   1.6845727E-01
   8.6956522E-01   3.5209498E+04   1.7074333E+04   5.2283831E+04   1.6748508E-01   1.8135993E-01   1.7201618E-01
   8.8405797E-01   3.2532990E+04   1.5775829E+04   4.8308819E+04   1.7180817E-01   1.7787107E-01   1.7378803E-01
   8.9855072E-01   3.0346132E+04   1.4470326E+04   4.4816458E+04   1.7389242E-01   1.7466983E-01   1.7413714E-01
   9.1304348E-01   2.7627320E+04   1.3518985E+04   4.1146305E+04   1.8758120E-01   1.7802003E-01   1.8443652E-01
   9.2753623E-01   2.4496206E+04   1.1792277E+04   3.6288483E+04   1.8828265E-01   1.7983102E-01   1.8553619E-01
   9.4202899E-01   2.1682927E+04   1.1237818E+04   3.2909087E+04   1.8789934E-01   1.8518564E-01   1.8697226E-01
   9.5652174E-01   1.8713800E+04   9.4831894E+03   2.8196989E+04   2.0201698E-01   1.9022471E-01   1.9804369E-01
   9.7101449E-01   1.5301757E+04   7.5434383E+03   2.2845196E+04   2.0760105E-01   2.1355401E-01   2.0956271E-01
   9.8550725E-01   1.0719745E+04   4.9475748E+03   1.5667320E+04   2.2657568E-01   2.1975919E-01   2.2440003E-01
   1.0000000E+00   4.7707320E+03   2.2759456E+03   7.0466776E+03   2.3588148E-01   2.5886207E-01   2.4325495E-01
