   0.0000000E+00   3.8787153E+10   1.9537731E+10   5.7798693E+10   1.9379442E-06   2.0333008E-06   2.0010300E-06
   1.4492754E-02   2.8748530E+06   1.4389420E+06   4.3137949E+06   7.0132821E-02   7.0740095E-02   7.0327496E-02
   2.8985507E-02   1.5389632E+06   7.5015932E+05   2.2891225E+06   6.6796537E-02   6.9152771E-02   6.7562153E-02
   4.3478261E-02   9.7394422E+05   4.8646695E+05   1.4604112E+06   6.6438333E-02   7.0231324E-02   6.7697773E-02
   5.7971014E-02   7.2742722E+05   3.5765171E+05   1.0850789E+06   6.4428284E-02   6.4160103E-02   6.4326760E-02
   7.2463768E-02   5.6678704E+05   2.9218327E+05   8.5881876E+05   7.1061163E-02   6.8098890E-02   7.0065759E-02
   8.6956522E-02   4.8495148E+05   2.4171800E+05   7.2666948E+05   6.8175278E-02   5.8053292E-02   6.4805355E-02
   1.0144928E-01   3.9597154E+05   2.0242394E+05   5.9839548E+05   6.2888319E-02   6.8277900E-02   6.4691963E-02
   1.1594203E-01   3.5585209E+05   1.7911001E+05   5.3496210E+05   6.2991990E-02   6.8195925E-02   6.4706904E-02
   1.3043478E-01   3.1917553E+05   1.6131372E+05   4.8048925E+05   6.6549537E-02   6.9760660E-02   6.7623729E-02
   1.4492754E-01   2.8687911E+05   1.4639473E+05   4.3327384E+05   6.6337430E-02   6.4625732E-02   6.5757724E-02
   1.5942029E-01   2.5632165E+05   1.4031906E+05   3.9664071E+05   7.0386399E-02   7.4593841E-02   7.1845100E-02
   1.7391304E-01   2.3439321E+05   1.2218504E+05   3.5657825E+05   6.6807676E-02   6.6324523E-02   6.6640233E-02
   1.8840580E-01   2.2248315E+05   1.1488454E+05   3.3736769E+05   6.5321213E-02   6.2846683E-02   6.4477402E-02
   2.0289855E-01   2.0236982E+05   1.0245682E+05   3.0482664E+05   6.6485852E-02   5.9883108E-02   6.4258870E-02
   2.1739130E-01   1.8711045E+05   9.1787170E+04   2.7889762E+05   6.6585204E-02   7.1448266E-02   6.8182380E-02
   2.3188406E-01   1.7603170E+05   8.8655192E+04   2.6468690E+05   7.1509213E-02   7.3343227E-02   7.2123399E-02
   2.4637681E-01   1.6630092E+05   8.2281289E+04   2.4858221E+05   6.9187012E-02   6.5864513E-02   6.8072654E-02
   2.6086957E-01   1.5609376E+05   8.1246211E+04   2.3733997E+05   7.0168600E-02   6.1662365E-02   6.7248611E-02
   2.7536232E-01   1.4959317E+05   7.0469512E+04   2.2006269E+05   6.7241808E-02   6.7518994E-02   6.7329332E-02
   2.8985507E-01   1.3949932E+05   7.0014870E+04   2.0951419E+05   7.0638577E-02   6.7682815E-02   6.9644657E-02
   3.0434783E-01   1.2986163E+05   6.5562265E+04   1.9542390E+05   7.2726002E-02   7.1121284E-02   7.2186357E-02
   3.1884058E-01   1.2595650E+05   6.5199797E+04   1.9115630E+05   6.9163478E-02   6.8992879E-02   6.9105234E-02
   3.3333333E-01   1.2219328E+05   5.9202297E+04   1.8139557E+05   6.6912414E-02   6.9809768E-02   6.7852339E-02
   3.4782609E-01   1.1684931E+05   5.8535159E+04   1.7538447E+05   7.4643899E-02   7.6160988E-02   7.5146556E-02
   3.6231884E-01   1.1062956E+05   5.5072302E+04   1.6570186E+05   7.3230223E-02   7.1133990E-02   7.2522133E-02
   3.7681159E-01   1.0608314E+05   5.3216430E+04   1.5929957E+05   7.3337826E-02   7.4915782E-02   7.3864740E-02
   3.9130435E-01   1.0192962E+05   5.2368024E+04   1.5429764E+05   7.7732645E-02   7.1118549E-02   7.5486394E-02
   4.0579710E-01   1.0053542E+05   4.7114985E+04   1.4765041E+05   7.8415622E-02   7.6323884E-02   7.7748001E-02
   4.2028986E-01   9.4194508E+04   4.8207730E+04   1.4240224E+05   8.0448227E-02   7.3014823E-02   7.7931270E-02
   4.3478261E-01   9.0397986E+04   4.4428628E+04   1.3482661E+05   7.8092865E-02   7.5918440E-02   7.7375218E-02
   4.4927536E-01   8.5306485E+04   4.3655410E+04   1.2896190E+05   7.9177583E-02   7.0963610E-02   7.6395601E-02
   4.6376812E-01   8.0793674E+04   4.1059857E+04   1.2185353E+05   7.6519083E-02   7.8206208E-02   7.7073822E-02
   4.7826087E-01   7.8345381E+04   3.9746733E+04   1.1809211E+05   7.8241170E-02   7.2839639E-02   7.6423007E-02
   4.9275362E-01   7.6241682E+04   3.7730830E+04   1.1397251E+05   7.5195744E-02   7.5838218E-02   7.5404404E-02
   5.0724638E-01   7.2569525E+04   3.6371361E+04   1.0894089E+05   8.0405911E-02   7.8194995E-02   7.9667163E-02
   5.2173913E-01   6.9290810E+04   3.4687502E+04   1.0397831E+05   8.3429329E-02   8.2886105E-02   8.3245659E-02
   5.3623188E-01   6.8196302E+04   3.3688563E+04   1.0188486E+05   8.2170035E-02   8.1753122E-02   8.2031787E-02
   5.5072464E-01   6.6900173E+04   3.2243690E+04   9.9143863E+04   8.1420351E-02   9.2880934E-02   8.5144611E-02
   5.6521739E-01   6.2814428E+04   3.1319783E+04   9.4134211E+04   8.2353042E-02   8.6863857E-02   8.3835909E-02
   5.7971014E-01   5.9444443E+04   2.9854825E+04   8.9299268E+04   8.3099984E-02   8.2396269E-02   8.2864337E-02
   5.9420290E-01   5.6663919E+04   2.7666630E+04   8.4330549E+04   8.8384778E-02   8.0976489E-02   8.5920076E-02
   6.0869565E-01   5.2157542E+04   2.5925419E+04   7.8082961E+04   9.1648520E-02   9.9000140E-02   9.4082550E-02
   6.2318841E-01   4.8442282E+04   2.3965625E+04   7.2407908E+04   9.7040649E-02   9.3306553E-02   9.5801591E-02
   6.3768116E-01   4.4792571E+04   2.1509389E+04   6.6301960E+04   9.9128817E-02   9.6486356E-02   9.8269312E-02
   6.5217391E-01   4.3308861E+04   2.0778824E+04   6.4087685E+04   1.0462786E-01   1.1166949E-01   1.0688896E-01
   6.6666667E-01   3.7755054E+04   1.9487011E+04   5.7242065E+04   1.0699942E-01   1.1323747E-01   1.0910687E-01
   6.8115942E-01   3.7725614E+04   1.8379145E+04   5.6104759E+04   1.2181674E-01   1.1396120E-01   1.1924188E-01
   6.9565217E-01   3.5692555E+04   1.6322911E+04   5.2015466E+04   1.1940280E-01   1.1442055E-01   1.1783280E-01
   7.1014493E-01   3.3819799E+04   1.5958862E+04   4.9778661E+04   1.2142418E-01   1.2717607E-01   1.2325262E-01
   7.2463768E-01   3.1415763E+04   1.5882161E+04   4.7297924E+04   1.2796457E-01   1.1479778E-01   1.2354329E-01
   7.3913043E-01   2.8749421E+04   1.5184449E+04   4.3933870E+04   1.2843953E-01   1.2230014E-01   1.2631745E-01
   7.5362319E-01   2.7234805E+04   1.4528144E+04   4.1762949E+04   1.3641441E-01   1.2318552E-01   1.3181242E-01
   7.6811594E-01   2.5705860E+04   1.3910902E+04   3.9616761E+04   1.3649649E-01   1.3931432E-01   1.3747765E-01
   7.8260870E-01   2.4780796E+04   1.3092006E+04   3.7872802E+04   1.3512113E-01   1.3684151E-01   1.3571471E-01
   7.9710145E-01   2.3944479E+04   1.1476267E+04   3.5420746E+04   1.4063686E-01   1.4501857E-01   1.4205601E-01
   8.1159420E-01   2.2650914E+04   1.0757155E+04   3.3408069E+04   1.4219568E-01   1.4769241E-01   1.4396517E-01
   8.2608696E-01   2.0937461E+04   1.0648194E+04   3.1585655E+04   1.4650389E-01   1.4880813E-01   1.4728000E-01
   8.4057971E-01   1.8551484E+04   9.5762240E+03   2.8127708E+04   1.5124634E-01   1.3960594E-01   1.4727980E-01
   8.5507246E-01   1.8249895E+04   9.1442122E+03   2.7394108E+04   1.5604425E-01   1.5622364E-01   1.5610110E-01
   8.6956522E-01   1.7213252E+04   8.9034060E+03   2.6116658E+04   1.6157552E-01   1.6149122E-01   1.6153922E-01
   8.8405797E-01   1.5216843E+04   7.6767421E+03   2.2893585E+04   1.6147321E-01   1.6553605E-01   1.6283492E-01
   8.9855072E-01   1.5411386E+04   7.7851334E+03   2.3196520E+04   1.7857348E-01   1.5843089E-01   1.7181066E-01
   9.1304348E-01   1.3398709E+04   6.1220313E+03   1.9520740E+04   1.6373037E-01   1.6502024E-01   1.6413317E-01
   9.2753623E-01   1.2088268E+04   6.4052429E+03   1.8493511E+04   1.6961728E-01   1.8849113E-01   1.7615425E-01
   9.4202899E-01   1.0445109E+04   5.1409520E+03   1.5586061E+04   1.8142994E-01   1.7514662E-01   1.7933273E-01
   9.5652174E-01   1.0080194E+04   4.3627264E+03   1.4442920E+04   1.8995550E-01   1.6842498E-01   1.8345117E-01
   9.7101449E-01   7.2154628E+03   3.6190409E+03   1.0834504E+04   1.8956581E-01   1.8826216E-01   1.8903717E-01
   9.8550725E-01   4.6912815E+03   2.4403579E+03   7.1316394E+03   2.0375542E-01   2.1136634E-01   2.0635896E-01
   1.0000000E+00   2.1446410E+03   1.0285523E+03   3.1731933E+03   1.8918335E-01   1.6143505E-01   1.8012912E-01
