   0.0000000E+00   3.9903875E+10   2.0133482E+10   5.9462192E+10   4.9710155E-09   4.0017607E-09   4.6909161E-09
   1.4492754E-02   1.5154734E+04   7.5773668E+02   1.5912470E+04   1.1373131E-01   2.7761936E-06   1.0831540E-01
   2.8985507E-02   6.4407618E+03   2.6520784E+03   9.0928402E+03   1.1340253E-01   1.7547310E-01   1.3150645E-01
   4.3478261E-02   4.2938412E+03   4.2938412E+03   8.5876824E+03   9.4230201E-02   1.3435373E-01   1.1429196E-01
   5.7971014E-02   3.0309467E+03   1.5154734E+03   4.5464201E+03   6.2563095E-02   1.2120517E-01   8.2110454E-02
   7.2463768E-02   2.1216627E+03   7.5773668E+02   2.8793994E+03   1.0024483E-01   2.0550266E-01   1.2794426E-01
   8.6956522E-02   2.3994995E+03   8.8402613E+02   3.2835256E+03   9.4728076E-02   6.8877345E-02   8.7768264E-02
   1.0144928E-01   1.7319696E+03   6.4948859E+02   2.3814581E+03   1.1672274E-01   8.2214846E-02   1.0731150E-01
   1.1594203E-01   1.1366050E+03   1.2313221E+03   2.3679271E+03   9.2685391E-02   8.0121525E-02   8.6152181E-02
   1.3043478E-01   1.2628945E+03   4.2096482E+02   1.6838593E+03   1.3204032E-01   1.4790550E-01   1.3600661E-01
   1.4492754E-01   7.5773668E+02   3.0309467E+02   1.0608314E+03   1.9259019E-01   7.1771429E-02   1.5807054E-01
   1.5942029E-01   1.1710476E+03   1.3777031E+02   1.3088179E+03   1.1149547E-01   5.3098274E-02   1.0534839E-01
   1.7391304E-01   1.0103156E+03   2.5257889E+02   1.2628945E+03   5.3985309E-02   2.0549435E-01   8.4287117E-02
   1.8840580E-01   6.4116181E+02   5.8287437E+02   1.2240362E+03   2.3564792E-01   1.4748381E-01   1.9366501E-01
   2.0289855E-01   8.1186073E+02   3.7886834E+02   1.1907291E+03   1.3563073E-01   9.6661351E-02   1.2323138E-01
   2.1739130E-01   4.0412623E+02   6.0618935E+02   1.0103156E+03   1.9848141E-01   1.2161012E-01   1.5228994E-01
   2.3188406E-01   4.7358543E+02   1.4207563E+02   6.1566106E+02   1.0967961E-01   1.6129910E-01   1.2159180E-01
   2.4637681E-01   6.6859119E+02   1.7829098E+02   8.4688218E+02   1.2203923E-01   2.8253912E-01   1.5513121E-01
   2.6086957E-01   5.4725427E+02   1.6838593E+02   7.1564020E+02   1.5637806E-01   2.7747037E-01   1.8487037E-01
   2.7536232E-01   5.1845142E+02   1.9940439E+02   7.1785581E+02   1.6828248E-01   8.1289252E-02   1.4411770E-01
   2.8985507E-01   4.5464201E+02   3.0309467E+02   7.5773668E+02   1.9916672E-01   9.4729902E-02   1.5739199E-01
   3.0434783E-01   5.4124049E+02   3.2474429E+02   8.6598478E+02   1.4268966E-01   7.8754439E-02   1.1871395E-01
   3.1884058E-01   2.4109804E+02   1.7221288E+02   4.1331092E+02   2.8069718E-01   7.8381565E-02   1.9639901E-01
   3.3333333E-01   2.6356059E+02   1.9767044E+02   4.6123103E+02   1.4602783E-02   1.6038750E-01   7.5220337E-02
   3.4782609E-01   4.1044070E+02   2.2100653E+02   6.3144724E+02   1.5304225E-01   1.1754793E-01   1.4061924E-01
   3.6231884E-01   3.3340414E+02   2.1216627E+02   5.4557041E+02   2.2264883E-01   1.0277518E-01   1.7603130E-01
   3.7681159E-01   1.7486231E+02   8.7431156E+01   2.6229347E+02   9.6118997E-02   1.1137236E-01   1.0120345E-01
   3.9130435E-01   3.3677186E+02   1.4032161E+02   4.7709347E+02   1.9441809E-01   1.6392215E-01   1.8544869E-01
   4.0579710E-01   4.0593037E+02   1.6237215E+02   5.6830251E+02   1.2875615E-01   1.2731202E-01   1.2834354E-01
   4.2028986E-01   3.1354621E+02   1.5677311E+02   4.7031932E+02   1.6482341E-01   1.4456053E-01   1.5806911E-01
   4.3478261E-01   7.5773668E+01   1.7680523E+02   2.5257889E+02   6.1986811E-02   1.5118425E-01   1.2442502E-01
   4.4927536E-01   2.4443119E+02   1.2221559E+02   3.6664678E+02   1.5190208E-01   1.5473427E-01   1.5284614E-01
   4.6376812E-01   3.7886834E+02   1.4207563E+02   5.2094397E+02   1.9907773E-01   2.7029815E-01   2.1850148E-01
   4.7826087E-01   1.6073202E+02   1.1480859E+02   2.7554061E+02   1.5893229E-01   1.5436406E-01   1.5702886E-01
   4.9275362E-01   2.0057736E+02   1.1143187E+02   3.1200922E+02   1.6509112E-01   3.4085726E-01   2.2786474E-01
   5.0724638E-01   2.1649620E+02   8.6598478E+01   3.0309467E+02   1.3541259E-01   2.3501941E-01   1.6387168E-01
   5.2173913E-01   1.0524121E+02   8.4192965E+01   1.8943417E+02   2.1605315E-06   2.9775141E-01   1.3233276E-01
   5.3623188E-01   2.2527307E+02   1.4335559E+02   3.6862866E+02   3.0663233E-01   1.5489103E-01   2.4762182E-01
   5.5072464E-01   2.5922571E+02   9.9702195E+01   3.5892790E+02   1.9900824E-01   2.6628339E-01   2.1769578E-01
   5.6521739E-01   1.1657487E+02   1.9429146E+01   1.3600402E+02   2.3992458E-01   1.8689829E-01   2.3234939E-01
   5.7971014E-01   1.8943417E+02   7.5773668E+01   2.6520784E+02   2.0741777E-01   1.3917564E-01   1.8792002E-01
   5.9420290E-01   2.2177659E+02   7.3925530E+01   2.9570212E+02   1.2119332E-01   1.0558492E-01   1.1729122E-01
   6.0869565E-01   7.2165398E+01   5.4124049E+01   1.2628945E+02   2.3777641E-01   1.9644228E-01   2.2006178E-01
   6.2318841E-01   8.8108917E+01   1.0573070E+02   1.9383962E+02   1.8957714E-01   1.8125739E-01   1.8503909E-01
   6.3768116E-01   1.5499159E+02   3.4442577E+01   1.8943417E+02   2.5821903E-01   1.8418166E-01   2.4475769E-01
   6.5217391E-01   1.0103156E+02   3.3677186E+01   1.3470874E+02   1.1462682E-01   3.4475049E-01   1.7215774E-01
   6.6666667E-01   2.1414298E+02   6.5890146E+01   2.8003312E+02   1.8822330E-01   1.9666132E-01   1.9020872E-01
   6.8115942E-01   1.6122057E+02   9.6732343E+01   2.5795291E+02   1.3269813E-01   3.1548052E-01   2.0124153E-01
   6.9565217E-01   1.8943417E+02   1.4207563E+02   3.3150980E+02   2.1622514E-01   1.9241221E-01   2.0597944E-01
   7.1014493E-01   9.2784084E+01   4.6392042E+01   1.3917613E+02   1.4881608E-01   2.2638408E-01   1.7467208E-01
   7.2463768E-01   1.3639260E+02   4.5464201E+01   1.8185680E+02   6.2103983E-02   1.4366093E-01   8.2493220E-02
   7.3913043E-01   1.1886066E+02   4.4572746E+01   1.6343340E+02   2.0486425E-01   1.1557089E-01   1.8051151E-01
   7.5362319E-01   1.1657487E+02   8.7431156E+01   2.0400603E+02   2.0021382E-01   1.4432836E-01   1.7613364E-01
   7.6811594E-01   4.2890756E+01   5.7187674E+01   1.0007843E+02   1.4219567E-01   1.5377094E-01   1.4881011E-01
   7.8260870E-01   7.0160804E+01   4.2096482E+01   1.1225729E+02   3.1392328E-01   2.6619048E-01   2.9602348E-01
   7.9710145E-01   8.2662184E+01   0.0000000E+00   8.2662184E+01   1.7047956E-01   0.0000000E+00   1.7047956E-01
   8.1159420E-01   1.3531012E+01   0.0000000E+00   1.3531012E+01   2.7131436E-05   0.0000000E+00   2.7131436E-05
   8.2608696E-01   5.3174504E+01   1.3293626E+01   6.6468130E+01   1.9816805E-01   2.8866785E-01   2.1626801E-01
   8.4057971E-01   1.0451540E+02   3.9193277E+01   1.4370868E+02   2.2797419E-01   2.6435147E-01   2.3789527E-01
   8.5507246E-01   6.4214973E+01   2.5685989E+01   8.9900963E+01   3.3773441E-01   2.5656199E-05   2.4124619E-01
   8.6956522E-01   3.7886834E+01   5.0515779E+01   8.8402613E+01   2.3307257E-01   2.7186633E-01   2.5524043E-01
   8.8405797E-01   2.4843826E+01   3.7265739E+01   6.2109564E+01   3.9786553E-01   1.3840866E-01   2.4219141E-01
   8.9855072E-01   6.1107797E+01   1.2221559E+01   7.3329357E+01   3.1184581E-01   3.8979260E-01   3.2483694E-01
   9.1304348E-01   9.6220531E+01   1.2027566E+01   1.0824810E+02   2.4069058E-01   3.9192640E-01   2.5749456E-01
   9.2753623E-01   1.1839636E+02   1.1839636E+01   1.3023599E+02   1.9669089E-01   3.8092815E-01   2.1343973E-01
   9.4202899E-01   6.9944925E+01   1.1657487E+01   8.1602412E+01   4.0519178E-01   3.8937657E-01   4.0293246E-01
   9.5652174E-01   5.7404294E+01   0.0000000E+00   5.7404294E+01   2.5203813E-01   0.0000000E+00   2.5203813E-01
   9.7101449E-01   2.2619005E+01   2.2619005E+01   4.5238011E+01   4.2475457E-01   2.0792191E-01   3.1633824E-01
   9.8550725E-01   0.0000000E+00   1.1143187E+01   1.1143187E+01   0.0000000E+00   3.6342544E-05   3.6342544E-05
   1.0000000E+00   4.3768184E+01   0.0000000E+00   4.3768184E+01   5.9977562E-05   0.0000000E+00   5.9977562E-05
