   0.0000000E+00   3.9369998E+10   1.9830818E+10   5.8643170E+10   7.4626683E-07   7.3310723E-07   7.7486795E-07
   1.4492754E-02   1.0464344E+06   5.2511152E+05   1.5715459E+06   5.5174529E-02   6.0440480E-02   5.6933755E-02
   2.8985507E-02   6.1982861E+05   3.1142978E+05   9.3125838E+05   7.2319059E-02   6.3727155E-02   6.9408384E-02
   4.3478261E-02   4.5716780E+05   2.3717158E+05   6.9433938E+05   6.2999257E-02   6.0372390E-02   6.2078016E-02
   5.7971014E-02   3.5158982E+05   1.7446887E+05   5.2605869E+05   6.1527185E-02   5.3287329E-02   5.8792441E-02
   7.2463768E-02   2.8581828E+05   1.4791020E+05   4.3372848E+05   5.9428164E-02   4.5020511E-02   5.4473913E-02
   8.6956522E-02   2.5321034E+05   1.2755234E+05   3.8076268E+05   5.2830509E-02   4.7959107E-02   5.1180880E-02
   1.0144928E-01   2.2180035E+05   1.1463474E+05   3.3643509E+05   4.5788168E-02   5.0120442E-02   4.7166002E-02
   1.1594203E-01   1.8905530E+05   9.6516710E+04   2.8557201E+05   5.2182048E-02   4.6761426E-02   5.0268417E-02
   1.3043478E-01   1.7562652E+05   8.8486806E+04   2.6411333E+05   4.5098255E-02   4.9799119E-02   4.6301429E-02
   1.4492754E-01   1.5813965E+05   7.9335031E+04   2.3747468E+05   4.6610176E-02   4.3547276E-02   4.5542216E-02
   1.5942029E-01   1.4100791E+05   7.0882823E+04   2.1189073E+05   4.2018497E-02   4.9780690E-02   4.4553654E-02
   1.7391304E-01   1.3247763E+05   6.4975921E+04   1.9745355E+05   4.8061553E-02   4.3394621E-02   4.6511481E-02
   1.8840580E-01   1.2001383E+05   5.9977773E+04   1.7999161E+05   3.9673532E-02   4.0973980E-02   3.9882253E-02
   2.0289855E-01   1.0938470E+05   5.4015801E+04   1.6340050E+05   3.9795575E-02   3.9113860E-02   3.9540394E-02
   2.1739130E-01   1.0830583E+05   5.2334347E+04   1.6064018E+05   4.3019380E-02   5.7093215E-02   4.7470571E-02
   2.3188406E-01   9.2964819E+04   4.8068921E+04   1.4103374E+05   2.9573190E-02   3.2394974E-02   3.0527462E-02
   2.4637681E-01   9.2889603E+04   4.5419628E+04   1.3830923E+05   3.9644848E-02   4.0046297E-02   3.9744963E-02
   2.6086957E-01   8.4361351E+04   4.1170360E+04   1.2553171E+05   4.0308380E-02   3.4788607E-02   3.8361707E-02
   2.7536232E-01   7.7568308E+04   4.0957662E+04   1.1852597E+05   3.5856050E-02   3.2097859E-02   3.4433038E-02
   2.8985507E-01   7.2098645E+04   3.6106153E+04   1.0820480E+05   3.4383844E-02   4.2811812E-02   3.6923414E-02
   3.0434783E-01   6.9747858E+04   3.5433211E+04   1.0518107E+05   3.0600727E-02   3.2312897E-02   3.0952988E-02
   3.1884058E-01   6.8609612E+04   3.1721613E+04   1.0033123E+05   3.4733695E-02   3.5885595E-02   3.5070170E-02
   3.3333333E-01   5.9070516E+04   3.1198984E+04   9.0269501E+04   3.0441019E-02   3.0075645E-02   3.0245464E-02
   3.4782609E-01   5.7587988E+04   2.7499527E+04   8.5087515E+04   3.1589636E-02   3.6048648E-02   3.3013976E-02
   3.6231884E-01   5.5557254E+04   2.6005523E+04   8.1562777E+04   3.7024219E-02   3.8046139E-02   3.7343081E-02
   3.7681159E-01   5.1526095E+04   2.7453383E+04   7.8979477E+04   2.8991210E-02   3.0154022E-02   2.9381295E-02
   3.9130435E-01   4.7737411E+04   2.5033375E+04   7.2770786E+04   3.3853139E-02   3.1108900E-02   3.2727016E-02
   4.0579710E-01   4.7412667E+04   2.3841644E+04   7.1254310E+04   3.3791772E-02   3.3354279E-02   3.3407402E-02
   4.2028986E-01   4.2981960E+04   2.2209523E+04   6.5191484E+04   3.0520543E-02   2.9861619E-02   3.0237840E-02
   4.3478261E-01   4.0109528E+04   2.0585180E+04   6.0694708E+04   3.5103182E-02   3.0750622E-02   3.3598168E-02
   4.4927536E-01   3.9817841E+04   1.9994471E+04   5.9812312E+04   3.7761851E-02   4.5593723E-02   4.0059546E-02
   4.6376812E-01   3.7697400E+04   1.8446152E+04   5.6143552E+04   3.5971059E-02   3.0927272E-02   3.4197361E-02
   4.7826087E-01   3.4855887E+04   1.7519791E+04   5.2375678E+04   2.4090525E-02   2.6471181E-02   2.4838519E-02
   4.9275362E-01   3.2292955E+04   1.7316512E+04   4.9609466E+04   2.7747707E-02   2.9254564E-02   2.8249236E-02
   5.0724638E-01   3.2431130E+04   1.4267099E+04   4.6698229E+04   2.5293294E-02   2.5536415E-02   2.5339303E-02
   5.2173913E-01   3.0183178E+04   1.6017712E+04   4.6200889E+04   2.7788771E-02   3.9372366E-02   3.1791632E-02
   5.3623188E-01   2.7913381E+04   1.4151245E+04   4.2064626E+04   4.0260981E-02   3.9865133E-02   4.0062218E-02
   5.5072464E-01   2.7497865E+04   1.3599379E+04   4.1097245E+04   2.5956679E-02   2.9476968E-02   2.7115656E-02
   5.6521739E-01   2.6209918E+04   1.3095244E+04   3.9305162E+04   3.8258162E-02   4.2592519E-02   3.9563524E-02
   5.7971014E-01   2.5384179E+04   1.2048013E+04   3.7432192E+04   2.5495800E-02   3.0378666E-02   2.6894321E-02
   5.9420290E-01   2.3120210E+04   1.1828085E+04   3.4948294E+04   2.7201215E-02   5.1069054E-02   3.5277623E-02
   6.0869565E-01   2.2605811E+04   1.0933058E+04   3.3538869E+04   3.1051297E-02   2.8331379E-02   3.0152481E-02
   6.2318841E-01   2.0969922E+04   1.0379230E+04   3.1349153E+04   3.1326879E-02   2.4475078E-02   2.8842973E-02
   6.3768116E-01   2.0372784E+04   1.0298330E+04   3.0671114E+04   4.2759080E-02   5.0080782E-02   4.5062571E-02
   6.5217391E-01   2.0155796E+04   9.8168997E+03   2.9972696E+04   3.3187756E-02   3.5405263E-02   3.3876128E-02
   6.6666667E-01   1.8548076E+04   1.0064720E+04   2.8612796E+04   3.6760313E-02   3.0454654E-02   3.4506115E-02
   6.8115942E-01   1.8185680E+04   8.5446903E+03   2.6730371E+04   3.6204831E-02   3.8873432E-02   3.6673221E-02
   6.9565217E-01   1.6812283E+04   8.5087515E+03   2.5321034E+04   3.5946048E-02   4.9759619E-02   4.0517500E-02
   7.1014493E-01   1.6005254E+04   8.3505675E+03   2.4355822E+04   4.2835591E-02   3.4698613E-02   4.0032408E-02
   7.2463768E-01   1.5457828E+04   7.9865446E+03   2.3444373E+04   3.5397384E-02   3.2949543E-02   3.4421198E-02
   7.3913043E-01   1.3639260E+04   7.3099304E+03   2.0949191E+04   3.7209420E-02   3.6059474E-02   3.6798653E-02
   7.5362319E-01   1.3959841E+04   6.9216332E+03   2.0881474E+04   3.5898536E-02   3.3363730E-02   3.4959656E-02
   7.6811594E-01   1.2938711E+04   6.8339271E+03   1.9772638E+04   4.9432248E-02   2.5102619E-02   4.0031443E-02
   7.8260870E-01   1.2250076E+04   6.0478613E+03   1.8297938E+04   3.2063619E-02   3.2260746E-02   3.1980139E-02
   7.9710145E-01   1.1517598E+04   5.5796974E+03   1.7097295E+04   4.2508271E-02   4.5647733E-02   4.3452491E-02
   8.1159420E-01   1.0473003E+04   5.3041568E+03   1.5777160E+04   4.5084389E-02   4.3497518E-02   4.4505658E-02
   8.2608696E-01   1.0515258E+04   4.9585225E+03   1.5473781E+04   4.6478285E-02   3.9960694E-02   4.4347284E-02
   8.4057971E-01   9.8244480E+03   4.8469019E+03   1.4671350E+04   5.1586194E-02   5.4403045E-02   5.2133934E-02
   8.5507246E-01   8.8745093E+03   3.9813283E+03   1.2855838E+04   5.6279442E-02   4.1794065E-02   5.1698682E-02
   8.6956522E-01   8.5497956E+03   3.9402308E+03   1.2490026E+04   4.9312586E-02   4.4058661E-02   4.7653240E-02
   8.8405797E-01   7.6891641E+03   3.9998559E+03   1.1689020E+04   4.3470085E-02   5.4037840E-02   4.7019255E-02
   8.9855072E-01   6.8685164E+03   3.2998210E+03   1.0168337E+04   4.4359052E-02   4.0440523E-02   4.2896164E-02
   9.1304348E-01   6.6632718E+03   3.1271673E+03   9.7904391E+03   5.6926263E-02   6.6378284E-02   5.9627135E-02
   9.2753623E-01   5.7540629E+03   2.9125504E+03   8.6666133E+03   4.1156696E-02   7.0922624E-02   5.0989569E-02
   9.4202899E-01   5.0360346E+03   2.5763047E+03   7.6123393E+03   6.5281711E-02   7.1021724E-02   6.7201556E-02
   9.5652174E-01   4.6956713E+03   2.3076526E+03   7.0033239E+03   6.9804252E-02   7.0617245E-02   7.0069435E-02
   9.7101449E-01   3.9922545E+03   1.9904725E+03   5.9827270E+03   6.9953772E-02   6.7035442E-02   6.8981519E-02
   9.8550725E-01   2.9306581E+03   1.3371824E+03   4.2678404E+03   1.0649436E-01   7.4251918E-02   9.6391582E-02
   1.0000000E+00   1.7069592E+03   6.1275457E+02   2.3197137E+03   1.0409162E-01   1.3280759E-01   1.0970802E-01
