   0.0000000E+00   3.9096673E+10   1.9710489E+10   5.8283457E+10   1.4391950E-06   9.1235804E-07   1.2489732E-06
   1.4492754E-02   2.5535726E+06   1.3025494E+06   3.8561220E+06   7.5120010E-02   7.3124976E-02   7.4409397E-02
   2.8985507E-02   1.4836484E+06   7.5053819E+05   2.2341866E+06   7.7423329E-02   7.8577101E-02   7.7809365E-02
   4.3478261E-02   9.6712459E+05   5.0086395E+05   1.4679885E+06   7.4084439E-02   7.3784989E-02   7.3949781E-02
   5.7971014E-02   7.1530343E+05   3.6826003E+05   1.0835635E+06   7.2940394E-02   6.8802024E-02   7.1408102E-02
   7.2463768E-02   5.6754478E+05   2.7566461E+05   8.4320938E+05   6.7437458E-02   7.1619325E-02   6.8801021E-02
   8.6956522E-02   4.5653635E+05   2.2416377E+05   6.8070012E+05   6.3524822E-02   6.5060137E-02   6.4018687E-02
   1.0144928E-01   3.7616214E+05   1.8835169E+05   5.6451383E+05   6.0780432E-02   6.7237070E-02   6.2917390E-02
   1.1594203E-01   3.1370299E+05   1.5789338E+05   4.7159637E+05   6.6861750E-02   6.5003139E-02   6.6214133E-02
   1.3043478E-01   2.8145708E+05   1.4607479E+05   4.2753188E+05   6.4793796E-02   6.4063036E-02   6.4469952E-02
   1.4492754E-01   2.4156645E+05   1.1987394E+05   3.6144040E+05   5.7998326E-02   5.6799236E-02   5.7587709E-02
   1.5942029E-01   2.1774597E+05   1.0374104E+05   3.2148701E+05   5.9724638E-02   6.2967141E-02   6.0768829E-02
   1.7391304E-01   1.8577178E+05   9.6106269E+04   2.8187805E+05   5.2835178E-02   6.1045999E-02   5.5633654E-02
   1.8840580E-01   1.7363828E+05   8.5157946E+04   2.5879622E+05   5.9163215E-02   6.2483512E-02   6.0210681E-02
   2.0289855E-01   1.5322518E+05   7.7343266E+04   2.3056845E+05   5.9329102E-02   5.9051609E-02   5.9229986E-02
   2.1739130E-01   1.4412152E+05   6.7388049E+04   2.1150957E+05   6.1595868E-02   6.1728377E-02   6.1634104E-02
   2.3188406E-01   1.2644731E+05   6.6254601E+04   1.9270191E+05   5.7870811E-02   5.4394250E-02   5.6648716E-02
   2.4637681E-01   1.1927667E+05   6.1421244E+04   1.8069791E+05   5.9171233E-02   5.6132786E-02   5.8088767E-02
   2.6086957E-01   1.0759861E+05   5.3841401E+04   1.6144001E+05   6.3436130E-02   5.8327297E-02   6.1680914E-02
   2.7536232E-01   9.9981361E+04   4.8814195E+04   1.4879556E+05   6.2884997E-02   5.6658446E-02   6.0815655E-02
   2.8985507E-01   9.3163725E+04   4.3683520E+04   1.3684725E+05   5.8585356E-02   6.3074987E-02   5.9988578E-02
   3.0434783E-01   9.1289229E+04   4.4850795E+04   1.3614002E+05   5.9723848E-02   5.7184634E-02   5.8886550E-02
   3.1884058E-01   8.3936559E+04   4.2536582E+04   1.2647314E+05   5.9574948E-02   5.9502802E-02   5.9537071E-02
   3.3333333E-01   7.6267845E+04   3.8249230E+04   1.1451707E+05   6.1230114E-02   6.4170030E-02   6.2144584E-02
   3.4782609E-01   7.3532031E+04   3.6024065E+04   1.0955610E+05   6.4997959E-02   6.0444728E-02   6.3457173E-02
   3.6231884E-01   6.9226823E+04   3.3855675E+04   1.0308250E+05   6.6086888E-02   6.9211537E-02   6.7069400E-02
   3.7681159E-01   6.4582480E+04   3.3660995E+04   9.8243475E+04   6.5125607E-02   6.4643388E-02   6.4959128E-02
   3.9130435E-01   6.2134408E+04   3.1263654E+04   9.3398062E+04   6.5280906E-02   6.1858735E-02   6.4130621E-02
   4.0579710E-01   6.2594463E+04   3.2799174E+04   9.5393636E+04   6.7608481E-02   6.7763132E-02   6.7652861E-02
   4.2028986E-01   5.8110565E+04   2.8375932E+04   8.6486497E+04   6.5080230E-02   7.1111495E-02   6.7058322E-02
   4.3478261E-01   5.4784362E+04   2.6748105E+04   8.1532467E+04   6.4583019E-02   5.9815434E-02   6.3017796E-02
   4.4927536E-01   5.2430490E+04   2.6471898E+04   7.8902388E+04   6.2835249E-02   7.2695634E-02   6.6143048E-02
   4.6376812E-01   5.1076188E+04   2.5692009E+04   7.6768198E+04   6.3281815E-02   7.0111502E-02   6.5566994E-02
   4.7826087E-01   4.6107129E+04   2.4454229E+04   7.0538397E+04   6.6529838E-02   7.3312967E-02   6.8759078E-02
   4.9275362E-01   4.6756811E+04   2.3066396E+04   6.9823207E+04   6.3119410E-02   6.1426011E-02   6.2520624E-02
   5.0724638E-01   4.4230173E+04   2.2580553E+04   6.6810726E+04   6.8643699E-02   7.5319158E-02   7.0731414E-02
   5.2173913E-01   4.2391158E+04   2.1805978E+04   6.4197136E+04   7.1558939E-02   7.0512245E-02   7.1200025E-02
   5.3623188E-01   4.0917781E+04   1.9783071E+04   6.0700852E+04   6.9336771E-02   6.4322406E-02   6.7702528E-02
   5.5072464E-01   3.8604690E+04   1.8803834E+04   5.7408524E+04   7.1215248E-02   7.5040129E-02   7.2462726E-02
   5.6521739E-01   3.6993093E+04   1.7738810E+04   5.4731904E+04   7.3117628E-02   8.2252389E-02   7.6047251E-02
   5.7971014E-01   3.4628566E+04   1.7920473E+04   5.2549039E+04   6.5182408E-02   7.5005949E-02   6.8529944E-02
   5.9420290E-01   3.3266489E+04   1.6707170E+04   4.9973658E+04   7.4987963E-02   5.6299486E-02   6.8717280E-02
   6.0869565E-01   3.2672884E+04   1.5623809E+04   4.8296693E+04   7.8088725E-02   7.3781856E-02   7.6694902E-02
   6.2318841E-01   3.0979095E+04   1.6053445E+04   4.7032540E+04   7.6132886E-02   7.2481329E-02   7.4859569E-02
   6.3768116E-01   2.8363462E+04   1.6170790E+04   4.4534251E+04   7.2227508E-02   7.5228347E-02   7.3317140E-02
   6.5217391E-01   2.9299152E+04   1.4346481E+04   4.3645633E+04   8.1461781E-02   7.5000015E-02   7.9252385E-02
   6.6666667E-01   2.8184510E+04   1.3523953E+04   4.1708463E+04   7.5905844E-02   7.1863106E-02   7.4549499E-02
   6.8115942E-01   2.6472418E+04   1.3074988E+04   3.9547406E+04   7.4989964E-02   7.2413611E-02   7.4122944E-02
   6.9565217E-01   2.5163172E+04   1.2597372E+04   3.7760545E+04   7.7769976E-02   8.3431532E-02   7.9658666E-02
   7.1014493E-01   2.3629013E+04   1.1814507E+04   3.5443520E+04   7.7616933E-02   7.1502647E-02   7.5471895E-02
   7.2463768E-01   2.2247149E+04   1.1502443E+04   3.3749592E+04   8.8572212E-02   8.0732198E-02   8.5889403E-02
   7.3913043E-01   2.1959506E+04   1.0489453E+04   3.2448959E+04   7.5602003E-02   8.1928473E-02   7.7646729E-02
   7.5362319E-01   2.0560893E+04   1.0856035E+04   3.1416929E+04   8.3080914E-02   8.0499413E-02   8.2066148E-02
   7.6811594E-01   2.0759126E+04   9.9935461E+03   3.0752672E+04   8.4191499E-02   7.8722400E-02   8.2358743E-02
   7.8260870E-01   1.9167932E+04   9.4997729E+03   2.8653672E+04   8.8291943E-02   7.8958060E-02   8.5436849E-02
   7.9710145E-01   1.7414167E+04   8.2799954E+03   2.5694162E+04   8.7184367E-02   7.3814100E-02   8.2784112E-02
   8.1159420E-01   1.7211448E+04   8.7004409E+03   2.5911888E+04   8.2796817E-02   8.4318402E-02   8.3227619E-02
   8.2608696E-01   1.5819415E+04   7.3114943E+03   2.3130909E+04   8.3027111E-02   7.9878439E-02   8.2031750E-02
   8.4057971E-01   1.4462319E+04   7.2768851E+03   2.1739204E+04   9.1265245E-02   8.3307289E-02   8.8601214E-02
   8.5507246E-01   1.3138384E+04   7.2434490E+03   2.0381833E+04   9.2451579E-02   9.1965188E-02   9.2254057E-02
   8.6956522E-01   1.2793121E+04   6.3271013E+03   1.9120222E+04   8.8709323E-02   8.5998314E-02   8.7811634E-02
   8.8405797E-01   1.1366050E+04   5.4407978E+03   1.6806848E+04   9.7692089E-02   8.7340826E-02   9.4319799E-02
   8.9855072E-01   1.0816080E+04   5.3774861E+03   1.6193566E+04   8.6837834E-02   7.7457146E-02   8.3714196E-02
   9.1304348E-01   9.9227423E+03   5.1117157E+03   1.5034458E+04   9.3381082E-02   1.0298105E-01   9.6560200E-02
   9.2753623E-01   8.9270853E+03   4.3096274E+03   1.3236713E+04   8.7425575E-02   1.1609918E-01   9.6758876E-02
   9.4202899E-01   7.4258195E+03   3.5555337E+03   1.0981353E+04   1.0086731E-01   8.3770105E-02   9.5323942E-02
   9.5652174E-01   6.0504126E+03   3.0653893E+03   9.1158019E+03   1.0198565E-01   1.0670405E-01   1.0351265E-01
   9.7101449E-01   4.6142771E+03   2.4428526E+03   7.0571297E+03   1.0097658E-01   1.2039908E-01   1.0769088E-01
   9.8550725E-01   3.7663970E+03   1.8720553E+03   5.6384524E+03   8.6299036E-02   1.1284982E-01   9.5038833E-02
   1.0000000E+00   1.5100023E+03   8.0971140E+02   2.3197137E+03   1.5203164E-01   1.6066815E-01   1.5417876E-01
