   0.0000000E+00   3.8443316E+10   1.9371259E+10   5.7305631E+10   2.2060012E-06   1.7700762E-06   2.0268984E-06
   1.4492754E-02   4.2774236E+06   2.0322498E+06   6.3096734E+06   9.3663582E-02   9.6205689E-02   9.4477391E-02
   2.8985507E-02   2.2906380E+06   1.1184193E+06   3.4094362E+06   1.0250621E-01   9.9021904E-02   1.0134913E-01
   4.3478261E-02   1.5273446E+06   7.5420058E+05   2.2815452E+06   1.0359333E-01   1.0860217E-01   1.0524843E-01
   5.7971014E-02   1.1269439E+06   5.6337722E+05   1.6903211E+06   1.0356738E-01   1.0737318E-01   1.0483001E-01
   7.2463768E-02   8.9261381E+05   4.5115642E+05   1.3437702E+06   1.0908791E-01   1.0352043E-01   1.0721758E-01
   8.6956522E-02   7.5306397E+05   3.6207185E+05   1.1151358E+06   1.0370569E-01   1.0099156E-01   1.0282352E-01
   1.0144928E-01   6.3238539E+05   3.1294525E+05   9.4533064E+05   1.0398530E-01   1.0013770E-01   1.0271121E-01
   1.1594203E-01   5.4803306E+05   2.8036257E+05   8.2839563E+05   1.0415431E-01   1.0871760E-01   1.0569682E-01
   1.3043478E-01   4.7442736E+05   2.3683481E+05   7.1126217E+05   1.0551904E-01   1.0749187E-01   1.0617574E-01
   1.4492754E-01   4.3948728E+05   2.1140853E+05   6.5089581E+05   1.0986110E-01   1.0489351E-01   1.0824756E-01
   1.5942029E-01   3.8086601E+05   1.8991637E+05   5.7078238E+05   1.0821311E-01   1.1195519E-01   1.0945710E-01
   1.7391304E-01   3.5013749E+05   1.7181679E+05   5.2195429E+05   1.1668641E-01   1.1484609E-01   1.1608056E-01
   1.8840580E-01   3.0490158E+05   1.5498630E+05   4.5988788E+05   1.1368658E-01   1.1481343E-01   1.1406009E-01
   2.0289855E-01   2.7863060E+05   1.4694679E+05   4.2557740E+05   1.1333111E-01   1.1529245E-01   1.1400828E-01
   2.1739130E-01   2.6066142E+05   1.3553383E+05   3.9619525E+05   1.1661558E-01   1.1965304E-01   1.1765455E-01
   2.3188406E-01   2.4370706E+05   1.1872787E+05   3.6243493E+05   1.1442985E-01   1.2541404E-01   1.1802579E-01
   2.4637681E-01   2.2393348E+05   1.1276905E+05   3.3670252E+05   1.1950299E-01   1.2291080E-01   1.2064404E-01
   2.6086957E-01   2.0913532E+05   1.0174720E+05   3.1088252E+05   1.2164349E-01   1.2319338E-01   1.2215063E-01
   2.7536232E-01   1.9545618E+05   9.7508747E+04   2.9296493E+05   1.2379219E-01   1.2261813E-01   1.2340141E-01
   2.8985507E-01   1.8397847E+05   8.6836624E+04   2.7081509E+05   1.2869583E-01   1.2579187E-01   1.2776451E-01
   3.0434783E-01   1.6731548E+05   8.4144855E+04   2.5146033E+05   1.2841274E-01   1.2767870E-01   1.2816633E-01
   3.1884058E-01   1.5929692E+05   7.9631237E+04   2.3892815E+05   1.2640677E-01   1.2869340E-01   1.2716882E-01
   3.3333333E-01   1.4894468E+05   7.6794966E+04   2.2573964E+05   1.3168114E-01   1.2992061E-01   1.3108134E-01
   3.4782609E-01   1.4466456E+05   7.3753037E+04   2.1841760E+05   1.3019962E-01   1.2887703E-01   1.2975279E-01
   3.6231884E-01   1.3087628E+05   6.5013807E+04   1.9589009E+05   1.3132482E-01   1.2914012E-01   1.3059974E-01
   3.7681159E-01   1.2942725E+05   6.1114378E+04   1.9054163E+05   1.3488320E-01   1.3161524E-01   1.3382906E-01
   3.9130435E-01   1.1831918E+05   6.1404736E+04   1.7972392E+05   1.3372369E-01   1.3662847E-01   1.3471573E-01
   4.0579710E-01   1.1541953E+05   5.6667879E+04   1.7208741E+05   1.3914474E-01   1.3322612E-01   1.3719271E-01
   4.2028986E-01   1.0827796E+05   5.3799305E+04   1.6207726E+05   1.3791645E-01   1.4103770E-01   1.3895239E-01
   4.3478261E-01   1.0173878E+05   5.0414747E+04   1.5215353E+05   1.4442475E-01   1.3658894E-01   1.4182748E-01
   4.4927536E-01   9.8139122E+04   4.9790633E+04   1.4792976E+05   1.4424363E-01   1.4558061E-01   1.4468919E-01
   4.6376812E-01   9.4977557E+04   4.5937786E+04   1.4091534E+05   1.4981055E-01   1.3840967E-01   1.4608583E-01
   4.7826087E-01   8.6381982E+04   4.3833919E+04   1.3021590E+05   1.4470245E-01   1.4288140E-01   1.4407925E-01
   4.9275362E-01   8.7228864E+04   4.2767550E+04   1.2999641E+05   1.4803868E-01   1.5281619E-01   1.4959430E-01
   5.0724638E-01   8.3156189E+04   3.9272410E+04   1.2242860E+05   1.4756697E-01   1.5109009E-01   1.4869689E-01
   5.2173913E-01   7.6847129E+04   3.8770860E+04   1.1561799E+05   1.5184055E-01   1.5587421E-01   1.5319298E-01
   5.3623188E-01   7.5261684E+04   3.6453278E+04   1.1171496E+05   1.5298673E-01   1.4890793E-01   1.5165578E-01
   5.5072464E-01   7.2463556E+04   3.5773148E+04   1.0823670E+05   1.5699799E-01   1.6397728E-01   1.5930156E-01
   5.6521739E-01   6.6700257E+04   3.2776969E+04   9.9477226E+04   1.5854618E-01   1.6468476E-01   1.6056848E-01
   5.7971014E-01   6.4312901E+04   3.3738226E+04   9.8051127E+04   1.5802956E-01   1.6253882E-01   1.5956897E-01
   5.9420290E-01   6.1764780E+04   2.9921358E+04   9.1686139E+04   1.6262158E-01   1.6103085E-01   1.6209705E-01
   6.0869565E-01   5.9301916E+04   2.9858434E+04   8.9160350E+04   1.6934669E-01   1.6394291E-01   1.6753651E-01
   6.2318841E-01   5.8275238E+04   2.8670642E+04   8.6945879E+04   1.6185343E-01   1.7402015E-01   1.6586530E-01
   6.3768116E-01   5.3833747E+04   2.6383014E+04   8.0216761E+04   1.7377550E-01   1.7685442E-01   1.7478785E-01
   6.5217391E-01   5.1930221E+04   2.5662016E+04   7.7575398E+04   1.7016652E-01   1.6877183E-01   1.6967853E-01
   6.6666667E-01   5.0554215E+04   2.4016958E+04   7.4571173E+04   1.7502822E-01   1.7420534E-01   1.7476278E-01
   6.8115942E-01   4.8624124E+04   2.1377848E+04   7.0001972E+04   1.7014588E-01   1.7104744E-01   1.7042062E-01
   6.9565217E-01   4.4895899E+04   2.2305874E+04   6.7201772E+04   1.8284058E-01   1.7413120E-01   1.7994728E-01
   7.1014493E-01   4.2850783E+04   2.2531068E+04   6.5381851E+04   1.7602016E-01   1.7903042E-01   1.7705347E-01
   7.2463768E-01   4.1720982E+04   1.9276821E+04   6.0997803E+04   1.8298824E-01   1.9373676E-01   1.8638493E-01
   7.3913043E-01   3.8377134E+04   1.8126250E+04   5.6503384E+04   1.8084549E-01   1.7788169E-01   1.7989295E-01
   7.5362319E-01   3.7624541E+04   1.7748525E+04   5.5373065E+04   1.8511438E-01   1.8929896E-01   1.8645522E-01
   7.6811594E-01   3.4484168E+04   1.7299271E+04   5.1783439E+04   1.8593767E-01   1.8628883E-01   1.8604991E-01
   7.8260870E-01   3.3312350E+04   1.5716020E+04   4.9028370E+04   1.9034728E-01   1.9479104E-01   1.9177136E-01
   7.9710145E-01   3.0585008E+04   1.5609376E+04   4.6194384E+04   1.9486861E-01   1.9880338E-01   1.9619679E-01
   8.1159420E-01   2.9362297E+04   1.4965300E+04   4.4327596E+04   1.9098853E-01   2.0118196E-01   1.9442730E-01
   8.2608696E-01   2.7863440E+04   1.3187277E+04   4.1050717E+04   1.9223182E-01   2.0507460E-01   1.9635358E-01
   8.4057971E-01   2.5109826E+04   1.2620235E+04   3.7730061E+04   1.9977699E-01   1.9277327E-01   1.9742692E-01
   8.5507246E-01   2.2950431E+04   1.1956828E+04   3.4907259E+04   2.1025596E-01   2.0660241E-01   2.0900409E-01
   8.6956522E-01   2.0761985E+04   1.0052640E+04   3.0814625E+04   2.0865780E-01   2.1136848E-01   2.0954080E-01
   8.8405797E-01   2.0732173E+04   1.0161125E+04   3.0893297E+04   2.1551254E-01   2.1050362E-01   2.1386408E-01
   8.9855072E-01   1.8014579E+04   9.2761636E+03   2.7290742E+04   2.1086814E-01   2.2608812E-01   2.1603929E-01
   9.1304348E-01   1.6898731E+04   8.2388830E+03   2.5137614E+04   2.1317709E-01   2.2016044E-01   2.1546579E-01
   9.2753623E-01   1.5095536E+04   7.5300083E+03   2.2625544E+04   2.2058216E-01   2.0940716E-01   2.1685606E-01
   9.4202899E-01   1.3079701E+04   6.7846577E+03   1.9864359E+04   2.3491055E-01   2.2973639E-01   2.3314290E-01
   9.5652174E-01   1.1021624E+04   5.2237908E+03   1.6245415E+04   2.2905550E-01   2.2361354E-01   2.2729459E-01
   9.7101449E-01   8.3124845E+03   4.4785631E+03   1.2791048E+04   2.2873506E-01   2.1946092E-01   2.2548570E-01
   9.8550725E-01   6.3516163E+03   3.0198035E+03   9.3714199E+03   2.3779906E-01   2.6178030E-01   2.4552421E-01
   1.0000000E+00   3.1513092E+03   1.4662342E+03   4.6175434E+03   2.1358628E-01   2.7596850E-01   2.3338045E-01
