   0.0000000E+00   3.7257707E+10   1.8812947E+10   5.5585611E+10   4.3870419E-06   5.6156952E-06   4.8176355E-06
   1.4492754E-02   7.1424260E+06   3.5674243E+06   1.0709093E+07   8.5545828E-02   8.1719104E-02   8.4276766E-02
   2.8985507E-02   3.8777175E+06   1.9129063E+06   5.7906237E+06   9.0693801E-02   9.0104314E-02   9.0499045E-02
   4.3478261E-02   2.5533200E+06   1.2810802E+06   3.8344002E+06   8.9719443E-02   8.6913791E-02   8.8782069E-02
   5.7971014E-02   1.8975621E+06   9.4736029E+05   2.8449224E+06   8.9307303E-02   8.7870029E-02   8.8817936E-02
   7.2463768E-02   1.5107754E+06   7.6319239E+05   2.2735131E+06   9.0009280E-02   9.0279492E-02   9.0115272E-02
   8.6956522E-02   1.2747657E+06   6.1654508E+05   1.8913108E+06   8.7761020E-02   8.8591779E-02   8.8030773E-02
   1.0144928E-01   1.0836717E+06   5.4838486E+05   1.6320566E+06   8.8250040E-02   8.7174980E-02   8.7886120E-02
   1.1594203E-01   9.4556066E+05   4.7727939E+05   1.4228401E+06   8.9824668E-02   8.9303569E-02   8.9646815E-02
   1.3043478E-01   8.4967540E+05   4.0858846E+05   1.2582639E+06   9.1017728E-02   8.7906871E-02   9.0028317E-02
   1.4492754E-01   7.4500671E+05   3.5984915E+05   1.1048559E+06   8.8236374E-02   9.0416079E-02   8.8946299E-02
   1.5942029E-01   6.7087251E+05   3.4539016E+05   1.0161938E+06   9.0021717E-02   9.2174988E-02   9.0738185E-02
   1.7391304E-01   6.2595365E+05   3.0656763E+05   9.3258442E+05   8.9804794E-02   8.9425580E-02   8.9672777E-02
   1.8840580E-01   5.7774508E+05   2.7890539E+05   8.5665047E+05   9.1525061E-02   8.8875405E-02   9.0661352E-02
   2.0289855E-01   5.2787185E+05   2.6493722E+05   7.9280907E+05   9.0778338E-02   9.0108436E-02   9.0554155E-02
   2.1739130E-01   4.9535773E+05   2.3883860E+05   7.3414582E+05   9.2463928E-02   8.9656234E-02   9.1525500E-02
   2.3188406E-01   4.4962200E+05   2.2447949E+05   6.7410150E+05   9.2203139E-02   9.4840896E-02   9.3080862E-02
   2.4637681E-01   4.2210391E+05   2.1323602E+05   6.3533992E+05   9.4890544E-02   9.1752035E-02   9.3833928E-02
   2.6086957E-01   4.0450510E+05   1.9848491E+05   6.0294792E+05   9.2033813E-02   9.3265621E-02   9.2445224E-02
   2.7536232E-01   3.7890822E+05   1.8424966E+05   5.6315788E+05   9.5469024E-02   9.9389285E-02   9.6749935E-02
   2.8985507E-01   3.4863465E+05   1.7314283E+05   5.2177748E+05   9.6769876E-02   9.9328163E-02   9.7618795E-02
   3.0434783E-01   3.2698142E+05   1.6507835E+05   4.9202369E+05   1.0003573E-01   9.1202656E-02   9.7075795E-02
   3.1884058E-01   3.0523011E+05   1.5289060E+05   4.5812071E+05   9.6940706E-02   9.2952975E-02   9.5609860E-02
   3.3333333E-01   2.8454660E+05   1.4485949E+05   4.2940608E+05   1.0030991E-01   1.0426251E-01   1.0164197E-01
   3.4782609E-01   2.5848293E+05   1.3206719E+05   3.9055012E+05   1.0475737E-01   1.0358551E-01   1.0436103E-01
   3.6231884E-01   2.4356688E+05   1.1902528E+05   3.6256185E+05   1.1025748E-01   1.0538112E-01   1.0865903E-01
   3.7681159E-01   2.3023538E+05   1.1071699E+05   3.4095236E+05   1.1251861E-01   1.1085203E-01   1.1197743E-01
   3.9130435E-01   2.1359755E+05   1.0599894E+05   3.1959649E+05   1.0869349E-01   1.1120992E-01   1.0951162E-01
   4.0579710E-01   2.0282987E+05   9.9425878E+04   3.0225575E+05   1.1547322E-01   1.1455748E-01   1.1516855E-01
   4.2028986E-01   1.8946030E+05   9.5762240E+04   2.8522254E+05   1.1535662E-01   1.1252620E-01   1.1439817E-01
   4.3478261E-01   1.8428156E+05   9.2241812E+04   2.7652337E+05   1.1995584E-01   1.1878059E-01   1.1956380E-01
   4.4927536E-01   1.7762814E+05   8.5990892E+04   2.6361904E+05   1.1618956E-01   1.2217270E-01   1.1813845E-01
   4.6376812E-01   1.6423943E+05   8.2214430E+04   2.4645386E+05   1.2378275E-01   1.2147881E-01   1.2301077E-01
   4.7826087E-01   1.5859658E+05   7.4855200E+04   2.3345178E+05   1.2187057E-01   1.3144886E-01   1.2493700E-01
   4.9275362E-01   1.4782551E+05   7.5238795E+04   2.2306431E+05   1.2311108E-01   1.2166930E-01   1.2262461E-01
   5.0724638E-01   1.4407822E+05   6.9083936E+04   2.1316215E+05   1.2545634E-01   1.2527278E-01   1.2539672E-01
   5.2173913E-01   1.3792912E+05   6.6491394E+04   2.0442052E+05   1.2772903E-01   1.3371695E-01   1.2967573E-01
   5.3623188E-01   1.2824181E+05   6.2134408E+04   1.9037622E+05   1.3097821E-01   1.2997547E-01   1.3065074E-01
   5.5072464E-01   1.2145721E+05   6.2912085E+04   1.8436930E+05   1.3399409E-01   1.3350771E-01   1.3382304E-01
   5.6521739E-01   1.1892580E+05   5.8656591E+04   1.7758239E+05   1.3418623E-01   1.3814723E-01   1.3549221E-01
   5.7971014E-01   1.1148201E+05   5.3344663E+04   1.6482667E+05   1.3795579E-01   1.3336264E-01   1.3646752E-01
   5.9420290E-01   1.0815305E+05   5.4926669E+04   1.6307972E+05   1.3902713E-01   1.4241131E-01   1.4016593E-01
   6.0869565E-01   1.0317848E+05   5.0443614E+04   1.5362209E+05   1.4180290E-01   1.4930792E-01   1.4426722E-01
   6.2318841E-01   9.7783276E+04   4.8548013E+04   1.4633129E+05   1.4123555E-01   1.4157800E-01   1.4134140E-01
   6.3768116E-01   9.4596536E+04   4.7547977E+04   1.4214451E+05   1.4973928E-01   1.3945215E-01   1.4629813E-01
   6.5217391E-01   9.0339051E+04   4.3376216E+04   1.3371527E+05   1.4501746E-01   1.4651000E-01   1.4549978E-01
   6.6666667E-01   8.5228904E+04   4.1164869E+04   1.2639377E+05   1.5008617E-01   1.5231121E-01   1.5081058E-01
   6.8115942E-01   8.0432943E+04   3.9031500E+04   1.1946444E+05   1.5214504E-01   1.5250031E-01   1.5225808E-01
   6.9565217E-01   7.6626122E+04   3.7444821E+04   1.1407094E+05   1.5782828E-01   1.4760627E-01   1.5446730E-01
   7.1014493E-01   7.2928290E+04   3.5257952E+04   1.0818624E+05   1.5700567E-01   1.4744901E-01   1.5388919E-01
   7.2463768E-01   6.9711775E+04   3.5219601E+04   1.0493138E+05   1.5925553E-01   1.5534113E-01   1.5792829E-01
   7.3913043E-01   6.5789373E+04   3.2954117E+04   9.8743490E+04   1.6055177E-01   1.6303605E-01   1.6137791E-01
   7.5362319E-01   6.5383933E+04   3.0906914E+04   9.6290846E+04   1.6595988E-01   1.5951640E-01   1.6388988E-01
   7.6811594E-01   5.9003383E+04   2.8565243E+04   8.7568626E+04   1.7030857E-01   1.6367457E-01   1.6814189E-01
   7.8260870E-01   5.6058482E+04   2.7334649E+04   8.3393132E+04   1.7029328E-01   1.7251785E-01   1.7102113E-01
   7.9710145E-01   5.1581203E+04   2.6603446E+04   7.8184649E+04   1.7634910E-01   1.7221756E-01   1.7494309E-01
   8.1159420E-01   4.9997090E+04   2.2921535E+04   7.2918625E+04   1.7386230E-01   1.7732565E-01   1.7494832E-01
   8.2608696E-01   4.5145154E+04   2.3317020E+04   6.8462174E+04   1.7775576E-01   1.7970738E-01   1.7841255E-01
   8.4057971E-01   4.2511641E+04   2.1347271E+04   6.3858912E+04   1.8079604E-01   1.8163519E-01   1.8107607E-01
   8.5507246E-01   4.1662675E+04   2.0497419E+04   6.2160094E+04   1.8071299E-01   1.8123732E-01   1.8088212E-01
   8.6956522E-01   3.7457450E+04   1.7491088E+04   5.4948539E+04   1.9501662E-01   1.8762108E-01   1.9266225E-01
   8.8405797E-01   3.5986282E+04   1.7055286E+04   5.3041568E+04   1.9038036E-01   1.9038727E-01   1.9038168E-01
   8.9855072E-01   3.2790444E+04   1.5533602E+04   4.8324046E+04   1.9568618E-01   1.9406354E-01   1.9515847E-01
   9.1304348E-01   3.0357578E+04   1.4384969E+04   4.4742547E+04   1.9672812E-01   1.8215371E-01   1.9203961E-01
   9.2753623E-01   2.7314040E+04   1.3023599E+04   4.0337639E+04   1.9794130E-01   1.9983027E-01   1.9853717E-01
   9.4202899E-01   2.3746302E+04   1.1447653E+04   3.5193955E+04   2.0321833E-01   2.1597122E-01   2.0732994E-01
   9.5652174E-01   1.9781520E+04   9.1617254E+03   2.8943245E+04   2.0946858E-01   2.2074900E-01   2.1303909E-01
   9.7101449E-01   1.6104732E+04   7.7017714E+03   2.3806503E+04   2.2038738E-01   2.2156011E-01   2.2076631E-01
   9.8550725E-01   1.1510912E+04   5.6161660E+03   1.7127078E+04   2.2751125E-01   2.1974857E-01   2.2496044E-01
   1.0000000E+00   4.8582684E+03   2.4729024E+03   7.3311708E+03   2.5820946E-01   2.3372849E-01   2.4995153E-01
