   0.0000000E+00   3.0191830E+10   1.5342531E+10   4.5265413E+10   1.1160682E-05   1.2145158E-05   1.1341331E-05
   1.4492754E-02   3.1877225E+07   1.5973089E+07   4.7849556E+07   2.8297550E-02   2.8458297E-02   2.8347110E-02
   2.8985507E-02   1.6476605E+07   8.2460695E+06   2.4720780E+07   2.3372417E-02   2.3551606E-02   2.3432248E-02
   4.3478261E-02   1.1010924E+07   5.4362556E+06   1.6444654E+07   1.9142876E-02   2.0717617E-02   1.9657292E-02
   5.7971014E-02   8.4063308E+06   4.1681201E+06   1.2573504E+07   1.8520046E-02   1.6785479E-02   1.7944086E-02
   7.2463768E-02   6.9557197E+06   3.4824063E+06   1.0436610E+07   1.6386858E-02   1.6528650E-02   1.6432411E-02
   8.6956522E-02   6.0277953E+06   2.9457014E+06   8.9727389E+06   1.6631418E-02   1.5874152E-02   1.6384921E-02
   1.0144928E-01   5.3154146E+06   2.6644187E+06   7.9796168E+06   1.6511914E-02   1.5135276E-02   1.6043599E-02
   1.1594203E-01   4.7528086E+06   2.3380913E+06   7.0904263E+06   1.5111773E-02   1.6346417E-02   1.5519545E-02
   1.3043478E-01   4.2506502E+06   2.1080235E+06   6.3583369E+06   1.4837930E-02   1.5347931E-02   1.4999144E-02
   1.4492754E-01   3.6705523E+06   1.7943205E+06   5.4645696E+06   1.5129609E-02   1.6495416E-02   1.5576901E-02
   1.5942029E-01   3.0323933E+06   1.4946701E+06   4.5268567E+06   1.7653786E-02   1.6999099E-02   1.7427415E-02
   1.7391304E-01   2.5050143E+06   1.2424356E+06   3.7472605E+06   1.8488769E-02   1.9443823E-02   1.8810439E-02
   1.8840580E-01   2.1101218E+06   1.0431703E+06   3.1529423E+06   2.1268733E-02   2.3078749E-02   2.1876558E-02
   2.0289855E-01   1.8611095E+06   9.0733556E+05   2.7683369E+06   2.1498598E-02   2.3188295E-02   2.2053141E-02
   2.1739130E-01   1.6781342E+06   8.0916175E+05   2.4872959E+06   2.3139029E-02   2.4090068E-02   2.3440098E-02
   2.3188406E-01   1.4961984E+06   7.4035610E+05   2.2364598E+06   2.2956121E-02   2.3828601E-02   2.3232907E-02
   2.4637681E-01   1.3982916E+06   6.7549997E+05   2.0737470E+06   2.4905973E-02   2.3274607E-02   2.4373998E-02
   2.6086957E-01   1.2964033E+06   6.2555373E+05   1.9219991E+06   2.4261258E-02   2.4601946E-02   2.4371285E-02
   2.7536232E-01   1.2108233E+06   5.8959890E+05   1.8004222E+06   2.5482358E-02   2.4635491E-02   2.5198491E-02
   2.8985507E-01   1.1091371E+06   5.2867288E+05   1.6376963E+06   2.5326374E-02   2.6117563E-02   2.5575370E-02
   3.0434783E-01   1.0487437E+06   5.0919905E+05   1.5579427E+06   2.4077862E-02   2.5774299E-02   2.4630455E-02
   3.1884058E-01   9.7176285E+05   4.6655914E+05   1.4383220E+06   2.6793541E-02   2.5192999E-02   2.6274322E-02
   3.3333333E-01   9.1936521E+05   4.4347363E+05   1.3628388E+06   2.5126294E-02   2.6644332E-02   2.5615548E-02
   3.4782609E-01   8.6037843E+05   4.1855480E+05   1.2789332E+06   2.6210346E-02   2.8292099E-02   2.6891413E-02
   3.6231884E-01   8.1368796E+05   3.9314410E+05   1.2067714E+06   2.6595442E-02   2.6467219E-02   2.6543498E-02
   3.7681159E-01   7.6324485E+05   3.7015437E+05   1.1333701E+06   2.7881220E-02   2.9520087E-02   2.8415879E-02
   3.9130435E-01   7.3315234E+05   3.5203885E+05   1.0851631E+06   2.8067663E-02   2.8017752E-02   2.8046179E-02
   4.0579710E-01   6.9018987E+05   3.3862711E+05   1.0287899E+06   2.7376755E-02   2.8549906E-02   2.7754407E-02
   4.2028986E-01   6.5194097E+05   3.1733490E+05   9.6919748E+05   2.7720523E-02   2.8391653E-02   2.7938071E-02
   4.3478261E-01   6.1631776E+05   3.0013950E+05   9.1645726E+05   2.8535836E-02   3.0077491E-02   2.9040559E-02
   4.4927536E-01   5.9135237E+05   2.8488455E+05   8.7623692E+05   2.9540836E-02   2.9491677E-02   2.9524271E-02
   4.6376812E-01   5.6081986E+05   2.7055935E+05   8.3137922E+05   3.0501439E-02   3.0448122E-02   3.0480956E-02
   4.7826087E-01   5.3521468E+05   2.5515061E+05   7.9034232E+05   3.0936886E-02   3.0435807E-02   3.0763504E-02
   4.9275362E-01   5.0917677E+05   2.3812990E+05   7.4728438E+05   2.9511559E-02   3.1474361E-02   3.0128576E-02
   5.0724638E-01   4.8347930E+05   2.3693344E+05   7.2041274E+05   3.1870582E-02   3.2729111E-02   3.2150496E-02
   5.2173913E-01   4.6365066E+05   2.2262725E+05   6.8625686E+05   3.1875370E-02   3.1834362E-02   3.1845795E-02
   5.3623188E-01   4.4415657E+05   2.1017977E+05   6.5429539E+05   3.3041095E-02   3.0022112E-02   3.2065094E-02
   5.5072464E-01   4.2572837E+05   1.9665261E+05   6.2238098E+05   3.3071681E-02   3.1460238E-02   3.2548928E-02
   5.6521739E-01   3.9783119E+05   1.9023077E+05   5.8802310E+05   3.4376043E-02   3.1461126E-02   3.3431149E-02
   5.7971014E-01   3.8150148E+05   1.8244405E+05   5.6394553E+05   3.2949280E-02   3.4204726E-02   3.3355318E-02
   5.9420290E-01   3.6336246E+05   1.7416855E+05   5.3754949E+05   3.3722173E-02   3.4376143E-02   3.3922694E-02
   6.0869565E-01   3.4404854E+05   1.6617887E+05   5.1020937E+05   3.5113109E-02   3.6705944E-02   3.5620387E-02
   6.2318841E-01   3.3222348E+05   1.5662241E+05   4.8884589E+05   3.6030028E-02   3.7472057E-02   3.6492038E-02
   6.3768116E-01   3.1602786E+05   1.5035907E+05   4.6638693E+05   3.7347345E-02   3.5902659E-02   3.6877878E-02
   6.5217391E-01   3.0068675E+05   1.4637789E+05   4.4703097E+05   3.7270093E-02   3.5902317E-02   3.6823256E-02
   6.6666667E-01   2.8817056E+05   1.3589843E+05   4.2405251E+05   3.7088756E-02   3.9477119E-02   3.7861756E-02
   6.8115942E-01   2.7297867E+05   1.3031459E+05   4.0329326E+05   3.9321318E-02   3.8225477E-02   3.8964432E-02
   6.9565217E-01   2.5928802E+05   1.2297435E+05   3.8226237E+05   3.9401580E-02   3.8575137E-02   3.9127296E-02
   7.1014493E-01   2.4529019E+05   1.1899559E+05   3.6428578E+05   3.9591880E-02   4.0140166E-02   3.9763026E-02
   7.2463768E-01   2.3386785E+05   1.1172070E+05   3.4555824E+05   4.0063699E-02   4.1090118E-02   4.0402858E-02
   7.3913043E-01   2.2385919E+05   1.0397336E+05   3.2783255E+05   4.2874178E-02   4.3903561E-02   4.3198903E-02
   7.5362319E-01   2.1455606E+05   9.8709775E+04   3.1326583E+05   4.1396861E-02   4.1370403E-02   4.1353984E-02
   7.6811594E-01   1.9805521E+05   9.5145993E+04   2.9320121E+05   4.2444697E-02   4.3613064E-02   4.2821755E-02
   7.8260870E-01   1.9123029E+05   9.0872273E+04   2.8210256E+05   4.4258652E-02   4.3562407E-02   4.4024291E-02
   7.9710145E-01   1.7677308E+05   8.3075495E+04   2.5984857E+05   4.6386445E-02   4.8060783E-02   4.6921742E-02
   8.1159420E-01   1.6483479E+05   7.8155127E+04   2.4298992E+05   4.9101704E-02   4.7835397E-02   4.8693857E-02
   8.2608696E-01   1.5277035E+05   7.3354228E+04   2.2612458E+05   4.8238960E-02   5.0427831E-02   4.8948116E-02
   8.4057971E-01   1.4292482E+05   6.8614363E+04   2.1153918E+05   5.2256647E-02   5.3948632E-02   5.2804843E-02
   8.5507246E-01   1.3062610E+05   6.3277435E+04   1.9390353E+05   5.5268060E-02   5.1551039E-02   5.4054367E-02
   8.6956522E-01   1.1988657E+05   5.7335409E+04   1.7722198E+05   5.6833880E-02   6.0350008E-02   5.7960383E-02
   8.8405797E-01   1.0891533E+05   5.2246565E+04   1.6116190E+05   5.8457127E-02   6.0664633E-02   5.9167946E-02
   8.9855072E-01   9.6428104E+04   4.6637471E+04   1.4306557E+05   6.4106607E-02   6.3303951E-02   6.3842752E-02
   9.1304348E-01   8.7644876E+04   4.1410911E+04   1.2905579E+05   6.8082031E-02   6.4506108E-02   6.6932642E-02
   9.2753623E-01   7.8484945E+04   3.7022541E+04   1.1550749E+05   7.5554825E-02   6.9641118E-02   7.3659330E-02
   9.4202899E-01   6.8266246E+04   3.1265381E+04   9.9531628E+04   7.6954166E-02   7.6099646E-02   7.6676975E-02
   9.5652174E-01   5.7255043E+04   2.7267040E+04   8.4522083E+04   7.8337739E-02   8.5702693E-02   8.0712999E-02
   9.7101449E-01   4.6199319E+04   2.1759483E+04   6.7958802E+04   8.7410400E-02   8.5809331E-02   8.6871686E-02
   9.8550725E-01   3.2794398E+04   1.5388741E+04   4.8183139E+04   1.1230961E-01   1.0261552E-01   1.0920578E-01
   1.0000000E+00   1.6478721E+04   7.5937799E+03   2.4072501E+04   1.5023170E-01   1.4662315E-01   1.4903609E-01
