   0.0000000E+00   3.9934421E+10   2.0116133E+10   5.9526266E+10   0.0000000E+00   0.0000000E+00   0.0000000E+00
   1.4492754E-02   6.0618935E+03   1.5154734E+03   7.5773668E+03   1.3674906E-01   1.4451836E-01   1.3830292E-01
   2.8985507E-02   1.8943417E+03   1.8943417E+03   3.7886834E+03   1.1032523E-01   9.0546039E-02   1.0043563E-01
   4.3478261E-02   1.5154734E+03   5.0515779E+02   2.0206312E+03   1.3859852E-01   1.9105143E-01   1.5171174E-01
   5.7971014E-02   9.4717086E+02   3.7886834E+02   1.3260392E+03   9.5779562E-02   4.4995460E-03   6.9699558E-02
   7.2463768E-02   4.5464201E+02   4.5464201E+02   9.0928402E+02   9.6662511E-02   2.0043157E-01   1.4854704E-01
   8.6956522E-02   3.7886834E+02   1.2628945E+02   5.0515779E+02   1.4217389E-01   7.4531509E-02   1.2526329E-01
   1.0144928E-01   3.2474429E+02   3.2474429E+02   6.4948859E+02   1.8152631E-01   1.2219104E-01   1.5185868E-01
   1.1594203E-01   2.8415126E+02   2.8415126E+02   5.6830251E+02   1.9371267E-01   1.1445182E-01   1.5408224E-01
   1.3043478E-01   1.0103156E+03   3.3677186E+02   1.3470874E+03   3.3389874E-02   4.5822199E-02   3.6497955E-02
   1.4492754E-01   7.5773668E+02   2.2732101E+02   9.8505769E+02   1.0870671E-01   5.8497598E-02   9.7119993E-02
   1.5942029E-01   5.5108122E+02   1.3777031E+02   6.8885153E+02   1.1104261E-01   1.3228615E-02   9.1479809E-02
   1.7391304E-01   5.6830251E+02   2.5257889E+02   8.2088141E+02   9.6604948E-02   1.3701059E-01   1.0903745E-01
   1.8840580E-01   6.4116181E+02   5.8287437E+01   6.9944925E+02   1.6365573E-01   2.7591514E-02   1.5231704E-01
   2.0289855E-01   3.2474429E+02   2.7062024E+02   5.9536454E+02   1.2811582E-01   4.6517611E-02   9.1025726E-02
   2.1739130E-01   3.0309467E+02   1.5154734E+02   4.5464201E+02   1.0643263E-01   1.8010941E-01   1.3099156E-01
   2.3188406E-01   2.3679271E+02   1.4207563E+02   3.7886834E+02   1.1823537E-01   1.2980739E-01   1.2257488E-01
   2.4637681E-01   8.9145492E+01   1.7829098E+02   2.6743648E+02   3.6096888E-02   1.7066867E-01   1.2581141E-01
   2.6086957E-01   8.4192965E+01   4.2096482E+01   1.2628945E+02   7.3209067E-02   7.1269405E-02   7.2562513E-02
   2.7536232E-01   3.9880878E+01   2.3928527E+02   2.7916615E+02   2.4473132E-02   2.3961174E-01   2.0887765E-01
   2.8985507E-01   2.6520784E+02   7.5773668E+01   3.4098151E+02   1.4332843E-01   4.0066951E-02   1.2038144E-01
   3.0434783E-01   1.8041350E+02   1.0824810E+02   2.8866159E+02   5.0972375E-02   1.5904233E-01   9.1498608E-02
   3.1884058E-01   1.3777031E+02   1.3777031E+02   2.7554061E+02   1.5396080E-01   1.3936351E-01   1.4666215E-01
   3.3333333E-01   3.2945073E+02   1.3178029E+02   4.6123103E+02   1.2303092E-01   9.0730639E-02   1.1380227E-01
   3.4782609E-01   2.2100653E+02   1.8943417E+02   4.1044070E+02   1.6118875E-01   2.5258374E-01   2.0337105E-01
   3.6231884E-01   2.1216627E+02   1.5154734E+02   3.6371361E+02   1.2595992E-01   1.6876101E-01   1.4379371E-01
   3.7681159E-01   1.4571859E+02   5.8287437E+01   2.0400603E+02   2.0993110E-01   1.8531253E-01   2.0289722E-01
   3.9130435E-01   1.9645025E+02   8.4192965E+01   2.8064322E+02   1.1286005E-02   1.8864351E-01   6.4493256E-02
   4.0579710E-01   8.1186073E+01   1.0824810E+02   1.8943417E+02   1.9186969E-01   1.9656319E-01   1.9455169E-01
   4.2028986E-01   2.3515966E+02   2.6128851E+01   2.6128851E+02   1.9055071E-01   8.1441368E-02   1.7963977E-01
   4.3478261E-01   1.2628945E+02   7.5773668E+01   2.0206312E+02   1.7717793E-01   1.7689602E-01   1.7707222E-01
   4.4927536E-01   9.7772475E+01   2.4443119E+01   1.2221559E+02   2.2282257E-01   3.3445399E-06   1.7825738E-01
   4.6376812E-01   1.6575490E+02   4.7358543E+01   2.1311344E+02   1.1908523E-01   1.6345350E-01   1.2894484E-01
   4.7826087E-01   4.5923435E+01   2.2961718E+01   6.8885153E+01   1.7187382E-01   2.9314681E-05   1.1459232E-01
   4.9275362E-01   1.1143187E+02   1.1143187E+02   2.2286373E+02   2.4490926E-01   1.3419187E-01   1.8955056E-01
   5.0724638E-01   1.5154734E+02   4.3299239E+01   1.9484658E+02   2.4817278E-01   2.6656168E-01   2.5225920E-01
   5.2173913E-01   1.2628945E+02   6.3144724E+01   1.8943417E+02   1.4342089E-01   1.0343593E-01   1.3009257E-01
   5.3623188E-01   6.1438110E+01   1.2287622E+02   1.8431433E+02   1.6167981E-01   1.7532871E-01   1.7077908E-01
   5.5072464E-01   7.9761756E+01   3.9880878E+01   1.1964263E+02   2.6237999E-01   3.4282859E-01   2.8919619E-01
   5.6521739E-01   1.9429146E+01   0.0000000E+00   1.9429146E+01   3.2249878E-01   0.0000000E+00   3.2249878E-01
   5.7971014E-01   1.7049075E+02   1.8943417E+01   1.8943417E+02   1.9297862E-01   1.4853201E-01   1.8853396E-01
   5.9420290E-01   7.3925530E+01   1.8481383E+01   9.2406913E+01   1.5975954E-01   7.5389993E-06   1.2780613E-01
   6.0869565E-01   1.0824810E+02   3.6082699E+01   1.4433080E+02   1.4379755E-01   3.7240305E-01   2.0094892E-01
   6.2318841E-01   7.0487133E+01   3.5243567E+01   1.0573070E+02   1.6081559E-01   1.5117586E-01   1.5760234E-01
   6.3768116E-01   1.0332773E+02   3.4442577E+01   1.3777031E+02   1.6320068E-01   3.2598204E-07   1.2240043E-01
   6.5217391E-01   3.3677186E+01   0.0000000E+00   3.3677186E+01   1.2269637E-01   0.0000000E+00   1.2269637E-01
   6.6666667E-01   3.2945073E+01   3.2945073E+01   6.5890146E+01   4.0372054E-01   3.1018366E-01   3.5695210E-01
   6.8115942E-01   1.6122057E+01   1.6122057E+01   3.2244114E+01   2.0150476E-01   1.8494506E-01   1.9322491E-01
   6.9565217E-01   3.1572362E+01   3.1572362E+01   6.3144724E+01   2.1416060E-01   2.1427664E-01   2.1421862E-01
   7.1014493E-01   4.6392042E+01   1.5464014E+01   6.1856056E+01   2.1738990E-01   2.3339540E-01   2.2139128E-01
   7.2463768E-01   3.0309467E+01   4.5464201E+01   7.5773668E+01   2.3834513E-01   1.7782869E-01   2.0203527E-01
   7.3913043E-01   4.4572746E+01   2.9715164E+01   7.4287910E+01   2.2221808E-01   2.9432230E-01   2.5105977E-01
   7.5362319E-01   2.9143719E+01   2.9143719E+01   5.8287437E+01   3.2152071E-01   3.4674883E-01   3.3413477E-01
   7.6811594E-01   2.8593837E+01   1.4296919E+01   4.2890756E+01   2.0655397E-01   4.1026492E-01   2.7445762E-01
   7.8260870E-01   9.8225126E+01   0.0000000E+00   9.8225126E+01   2.5150910E-01   0.0000000E+00   2.5150910E-01
   7.9710145E-01   5.5108122E+01   2.7554061E+01   8.2662184E+01   1.9293607E-01   2.6174210E-01   2.1587141E-01
   8.1159420E-01   6.7655061E+01   1.3531012E+01   8.1186073E+01   3.1467528E-01   4.2733118E-01   3.3345126E-01
   8.2608696E-01   2.6587252E+01   3.9880878E+01   6.6468130E+01   2.1377171E-01   3.6571839E-01   3.0493972E-01
   8.4057971E-01   3.9193277E+01   0.0000000E+00   3.9193277E+01   2.0083869E-01   0.0000000E+00   2.0083869E-01
   8.5507246E-01   0.0000000E+00   0.0000000E+00   0.0000000E+00   0.0000000E+00   0.0000000E+00   0.0000000E+00
   8.6956522E-01   5.0515779E+01   2.5257889E+01   7.5773668E+01   1.8916436E-01   6.8676227E-06   1.2610729E-01
   8.8405797E-01   4.9687651E+01   0.0000000E+00   4.9687651E+01   3.9285230E-01   0.0000000E+00   3.9285230E-01
   8.9855072E-01   3.6664678E+01   1.2221559E+01   4.8886238E+01   1.6623609E-05   3.6274961E-01   9.0699869E-02
   9.1304348E-01   1.2027566E+01   0.0000000E+00   1.2027566E+01   2.7130405E-06   0.0000000E+00   2.7130405E-06
   9.2753623E-01   3.5518907E+01   0.0000000E+00   3.5518907E+01   2.6164805E-01   0.0000000E+00   2.6164805E-01
   9.4202899E-01   2.3314975E+01   0.0000000E+00   2.3314975E+01   2.1330378E-01   0.0000000E+00   2.1330378E-01
   9.5652174E-01   3.4442577E+01   0.0000000E+00   3.4442577E+01   2.7953241E-01   0.0000000E+00   2.7953241E-01
   9.7101449E-01   0.0000000E+00   1.1309503E+01   1.1309503E+01   0.0000000E+00   4.2584081E-01   4.2584081E-01
   9.8550725E-01   0.0000000E+00   0.0000000E+00   0.0000000E+00   0.0000000E+00   0.0000000E+00   0.0000000E+00
   1.0000000E+00   2.1884092E+01   0.0000000E+00   2.1884092E+01   4.2272118E-01   0.0000000E+00   4.2272118E-01
