   0.0000000E+00   3.9958165E+10   2.0111817E+10   5.9533577E+10   7.8134347E-10   0.0000000E+00   5.2442761E-10
   1.4492754E-02   7.5773668E+03   6.8196302E+03   1.4396997E+04   1.3739083E-01   1.0744683E-01   1.2320683E-01
   2.8985507E-02   5.6830251E+03   3.4098151E+03   9.0928402E+03   1.0556897E-01   5.8507310E-02   8.7920847E-02
   4.3478261E-02   3.0309467E+03   2.0206312E+03   5.0515779E+03   1.2227915E-01   2.4347137E-01   1.7075604E-01
   5.7971014E-02   1.7049075E+03   1.1366050E+03   2.8415126E+03   9.5833025E-02   3.7437622E-02   7.2474864E-02
   7.2463768E-02   1.9701154E+03   1.2123787E+03   3.1824941E+03   1.1356546E-01   1.8137270E-01   1.3939679E-01
   8.6956522E-02   2.7783678E+03   1.0103156E+03   3.7886834E+03   8.2085177E-02   2.3890378E-01   1.2390347E-01
   1.0144928E-01   1.2989772E+03   6.4948859E+02   1.9484658E+03   1.8281535E-01   1.7707455E-01   1.8090175E-01
   1.1594203E-01   7.5773668E+02   4.7358543E+02   1.2313221E+03   5.5146351E-02   1.8763911E-01   1.0610511E-01
   1.3043478E-01   1.0103156E+03   7.5773668E+02   1.7680523E+03   9.8129347E-02   1.2280214E-01   1.0870340E-01
   1.4492754E-01   1.2123787E+03   3.7886834E+02   1.5912470E+03   1.1443817E-01   8.6654639E-02   1.0782304E-01
   1.5942029E-01   8.2662184E+02   5.5108122E+02   1.3777031E+03   1.3997269E-01   1.5495407E-01   1.4596524E-01
   1.7391304E-01   7.5773668E+02   1.8943417E+02   9.4717086E+02   1.4304541E-01   3.1050474E-01   1.7653728E-01
   1.8840580E-01   4.0801206E+02   5.2458694E+02   9.3259900E+02   1.3635366E-01   8.8322809E-02   1.0933630E-01
   2.0289855E-01   7.5773668E+02   4.3299239E+02   1.1907291E+03   1.4852126E-01   1.0249732E-01   1.3178528E-01
   2.1739130E-01   1.5154734E+02   2.0206312E+02   3.5361045E+02   2.0093644E-01   2.1312329E-01   2.0790035E-01
   2.3188406E-01   6.6301960E+02   2.8415126E+02   9.4717086E+02   1.2921931E-01   1.8739864E-01   1.4667311E-01
   2.4637681E-01   3.1200922E+02   2.2286373E+02   5.3487295E+02   1.2017715E-01   1.9486421E-01   1.5129676E-01
   2.6086957E-01   5.4725427E+02   2.5257889E+02   7.9983317E+02   1.0659724E-01   7.3276210E-02   9.5827430E-02
   2.7536232E-01   6.3809405E+02   2.3928527E+02   8.7737932E+02   1.7262093E-01   1.2449116E-01   1.5949462E-01
   2.8985507E-01   4.9252884E+02   1.8943417E+02   6.8196302E+02   3.8235543E-02   4.7555958E-02   4.0824548E-02
   3.0434783E-01   6.1340589E+02   2.8866159E+02   9.0206748E+02   1.8887543E-01   8.4683214E-02   1.5553392E-01
   3.1884058E-01   3.4442577E+02   2.0665546E+02   5.5108122E+02   2.4391799E-01   1.5691968E-01   2.1129362E-01
   3.3333333E-01   2.3061551E+02   1.3178029E+02   3.6239581E+02   8.6435558E-02   1.1680941E-01   9.7480595E-02
   3.4782609E-01   5.3673015E+02   1.5786181E+02   6.9459196E+02   1.1541498E-01   1.7175052E-01   1.2821851E-01
   3.6231884E-01   6.0618935E+02   1.5154734E+02   7.5773668E+02   1.6057261E-01   9.2066391E-02   1.4687137E-01
   3.7681159E-01   2.3314975E+02   2.6229347E+02   4.9544322E+02   9.5479458E-02   1.8461959E-01   1.4267129E-01
   3.9130435E-01   3.0870754E+02   1.6838593E+02   4.7709347E+02   1.5983977E-01   1.4018301E-01   1.5290209E-01
   4.0579710E-01   4.0593037E+02   2.7062024E+01   4.3299239E+02   1.8751454E-01   3.0299630E-01   1.9473215E-01
   4.2028986E-01   2.8741736E+02   1.5677311E+02   4.4419047E+02   1.6232813E-01   6.4387330E-02   1.2776079E-01
   4.3478261E-01   4.0412623E+02   1.0103156E+02   5.0515779E+02   1.8073837E-01   3.2942686E-01   2.1047606E-01
   4.4927536E-01   1.9554495E+02   7.3329357E+01   2.6887431E+02   2.1596341E-01   1.9672850E-01   2.1071753E-01
   4.6376812E-01   1.6575490E+02   1.1839636E+02   2.8415126E+02   2.1340085E-01   9.8696775E-02   1.6560748E-01
   4.7826087E-01   2.0665546E+02   9.1846871E+01   2.9850233E+02   1.0368151E-01   2.6398666E-01   1.5300617E-01
   4.9275362E-01   6.6859119E+01   1.1143187E+02   1.7829098E+02   3.1483602E-01   1.2846988E-01   1.9835718E-01
   5.0724638E-01   2.8144505E+02   6.4948859E+01   3.4639391E+02   1.7661294E-01   3.6274878E-02   1.5029955E-01
   5.2173913E-01   1.0524121E+02   4.2096482E+01   1.4733769E+02   1.8653464E-01   3.2376046E-01   2.2574201E-01
   5.3623188E-01   2.2527307E+02   4.0958740E+01   2.6623181E+02   2.1335162E-01   3.2907631E-01   2.3115542E-01
   5.5072464E-01   2.3928527E+02   1.9940439E+02   4.3868966E+02   1.7022833E-01   1.8032502E-01   1.7481774E-01
   5.6521739E-01   9.7145729E+01   5.8287437E+01   1.5543317E+02   3.0545402E-01   2.6305140E-01   2.8955304E-01
   5.7971014E-01   1.8943417E+02   7.5773668E+01   2.6520784E+02   2.2244951E-01   2.4358670E-01   2.2847194E-01
   5.9420290E-01   2.2177659E+02   7.3925530E+01   2.9570212E+02   1.6382257E-01   3.6868046E-01   2.1503705E-01
   6.0869565E-01   1.2628945E+02   7.2165398E+01   1.9845485E+02   1.7074216E-01   3.6370503E-01   2.4091048E-01
   6.2318841E-01   1.5859605E+02   1.7621783E+01   1.7621783E+02   1.9358490E-01   1.6531541E-01   1.9075795E-01
   6.3768116E-01   1.0332773E+02   1.0332773E+02   2.0665546E+02   2.1182993E-01   1.7128683E-01   1.9155838E-01
   6.5217391E-01   1.8522452E+02   8.4192965E+01   2.6941749E+02   1.4509829E-01   2.6103878E-01   1.8132969E-01
   6.6666667E-01   1.8119790E+02   8.2362683E+01   2.6356059E+02   1.2042394E-01   1.8851298E-01   1.4170177E-01
   6.8115942E-01   9.6732343E+01   8.0610286E+01   1.7734263E+02   1.7592588E-01   1.9101839E-01   1.8278611E-01
   6.9565217E-01   7.8930905E+01   3.1572362E+01   1.1050327E+02   8.5094904E-02   2.7288042E-01   1.3874791E-01
   7.1014493E-01   7.7320070E+01   3.0928028E+01   1.0824810E+02   2.0434968E-01   2.8441845E-01   2.2722647E-01
   7.2463768E-01   9.0928402E+01   6.0618935E+01   1.5154734E+02   1.1193701E-01   9.5622932E-02   1.0541138E-01
   7.3913043E-01   7.4287910E+01   2.9715164E+01   1.0400307E+02   2.2443571E-01   1.5922912E-01   2.0580526E-01
   7.5362319E-01   2.9143719E+01   2.9143719E+01   5.8287437E+01   1.8233384E-01   1.6829510E-01   1.7531447E-01
   7.6811594E-01   1.1437535E+02   7.1484593E+01   1.8585994E+02   3.4984600E-01   1.9728117E-01   2.9116722E-01
   7.8260870E-01   5.6128643E+01   2.8064322E+01   8.4192965E+01   4.0520338E-01   1.8757674E-01   3.3266117E-01
   7.9710145E-01   9.6439214E+01   5.5108122E+01   1.5154734E+02   1.0156773E-01   2.7684271E-01   1.6530409E-01
   8.1159420E-01   5.4124049E+01   5.4124049E+01   1.0824810E+02   9.0613047E-02   1.6597034E-01   1.2829169E-01
   8.2608696E-01   3.9880878E+01   0.0000000E+00   3.9880878E+01   1.2927182E-01   0.0000000E+00   1.2927182E-01
   8.4057971E-01   1.1757983E+02   2.6128851E+01   1.4370868E+02   1.5915905E-01   3.4646121E-01   1.9321399E-01
   8.5507246E-01   2.5685989E+01   2.5685989E+01   5.1371979E+01   3.5213814E-01   1.7034539E-01   2.6124177E-01
   8.6956522E-01   6.3144724E+01   5.0515779E+01   1.1366050E+02   3.0176144E-01   1.7834895E-01   2.4691144E-01
   8.8405797E-01   3.7265739E+01   3.7265739E+01   7.4531477E+01   4.1780396E-01   1.2838421E-01   2.7309408E-01
   8.9855072E-01   7.3329357E+01   0.0000000E+00   7.3329357E+01   3.0469032E-01   0.0000000E+00   3.0469032E-01
   9.1304348E-01   0.0000000E+00   3.6082699E+01   3.6082699E+01   0.0000000E+00   1.3999608E-01   1.3999608E-01
   9.2753623E-01   5.9198178E+01   0.0000000E+00   5.9198178E+01   3.1242665E-01   0.0000000E+00   3.1242665E-01
   9.4202899E-01   4.6629950E+01   2.3314975E+01   6.9944925E+01   2.0822985E-01   4.1944872E-01   2.7863614E-01
   9.5652174E-01   3.4442577E+01   3.4442577E+01   6.8885153E+01   2.8525303E-01   4.1251813E-01   3.4888558E-01
   9.7101449E-01   3.3928508E+01   0.0000000E+00   3.3928508E+01   1.4285050E-01   0.0000000E+00   1.4285050E-01
   9.8550725E-01   1.1143187E+01   2.2286373E+01   3.3429560E+01   3.0145551E-06   2.0791907E-01   1.3861171E-01
   1.0000000E+00   0.0000000E+00   0.0000000E+00   0.0000000E+00   0.0000000E+00   0.0000000E+00   0.0000000E+00
