   0.0000000E+00   3.6454863E+10   1.8344484E+10   5.4363146E+10   2.4346448E-07   1.5101586E-07   2.0995518E-07
   1.4492754E-02   9.0178243E+06   4.5562707E+06   1.3574095E+07   1.5656225E-04   2.0287724E-04   1.2504811E-04
   2.8985507E-02   3.8955243E+06   1.9466255E+06   5.8421498E+06   4.2875069E-04   6.3299755E-04   3.1886686E-04
   4.3478261E-02   2.2231994E+06   1.1108420E+06   3.3340414E+06   6.7707099E-04   1.0700421E-03   2.5508919E-04
   5.7971014E-02   1.5669995E+06   7.9031936E+05   2.3573188E+06   3.2566308E-04   1.3631235E-03   2.4152985E-04
   7.2463768E-02   1.2511748E+06   6.2073789E+05   1.8719127E+06   9.0143637E-04   1.6588793E-03   3.9199393E-04
   8.6956522E-02   1.0401199E+06   5.2662700E+05   1.5667469E+06   4.0801698E-04   1.5193666E-03   3.0522159E-04
   1.0144928E-01   9.0224789E+05   4.6611631E+05   1.3683642E+06   1.1498311E-03   1.3401172E-03   9.5389560E-04
   1.1594203E-01   8.0755787E+05   4.1040913E+05   1.2178723E+06   1.1150122E-04   5.2185001E-04   1.3384019E-04
   1.3043478E-01   7.3323653E+05   3.6910196E+05   1.1023385E+06   1.7225137E-03   8.5944614E-04   1.1900474E-03
   1.4492754E-01   6.6938459E+05   3.3696550E+05   1.0063501E+06   9.5245115E-04   1.9445050E-03   1.2325259E-03
   1.5942029E-01   6.1314675E+05   3.0798552E+05   9.2106338E+05   6.1359469E-04   2.1535748E-03   1.1231376E-03
   1.7391304E-01   5.6198804E+05   2.8585616E+05   8.4784420E+05   2.9640430E-03   3.0161717E-03   2.6776871E-03
   1.8840580E-01   5.3006595E+05   2.7144460E+05   8.0151055E+05   5.0081236E-04   2.3468277E-03   6.3612209E-04
   2.0289855E-01   4.9810362E+05   2.5064847E+05   7.4875209E+05   3.8587179E-04   1.0998931E-03   5.8301910E-04
   2.1739130E-01   4.8581025E+05   2.3439321E+05   7.2020346E+05   2.8489055E-03   4.6435019E-03   3.3956612E-03
   2.3188406E-01   4.5090069E+05   2.2192213E+05   6.7277546E+05   1.5748670E-03   2.8747897E-03   1.9768242E-03
   2.4637681E-01   4.2116788E+05   2.0851131E+05   6.2963461E+05   1.3312538E-03   1.0147203E-03   1.0489602E-03
   2.6086957E-01   4.0328430E+05   2.0471519E+05   6.0795740E+05   2.1785579E-03   4.1619386E-03   2.1496844E-03
   2.7536232E-01   3.8377369E+05   1.9549606E+05   5.7922987E+05   2.7671505E-03   4.9257109E-03   3.2937822E-03
   2.8985507E-01   3.6803271E+05   1.8136428E+05   5.4939698E+05   3.0195543E-03   1.6468091E-03   2.4874290E-03
   3.0434783E-01   3.5739914E+05   1.7496501E+05   5.3236414E+05   5.5250005E-03   2.9166871E-03   4.6277812E-03
   3.1884058E-01   3.4490796E+05   1.7038743E+05   5.1529539E+05   3.7663505E-03   5.7893041E-03   4.3936410E-03
   3.3333333E-01   3.3083443E+05   1.5744450E+05   4.8827893E+05   2.7181875E-03   4.8789156E-03   3.4119852E-03
   3.4782609E-01   3.1155607E+05   1.5656734E+05   4.6812341E+05   3.7962944E-03   3.0614215E-03   3.5210234E-03
   3.6231884E-01   2.9903320E+05   1.5121393E+05   4.5024714E+05   5.0527190E-03   4.3563116E-03   4.8031863E-03
   3.7681159E-01   2.9449728E+05   1.4335795E+05   4.3785523E+05   2.7627853E-03   1.6972009E-03   2.3009118E-03
   3.9130435E-01   2.8364610E+05   1.4074257E+05   4.2436061E+05   5.8433866E-03   3.6995662E-03   5.0160661E-03
   4.0579710E-01   2.7641152E+05   1.3950474E+05   4.1591625E+05   4.7503367E-03   4.8977798E-03   4.7696770E-03
   4.2028986E-01   2.6324818E+05   1.3310037E+05   3.9634854E+05   3.5235849E-03   3.2624750E-03   3.4354047E-03
   4.3478261E-01   2.5664541E+05   1.2740079E+05   3.8404621E+05   3.0113312E-03   6.9247963E-03   4.1920340E-03
   4.4927536E-01   2.4770657E+05   1.2399994E+05   3.7170651E+05   5.3030696E-03   4.8387188E-03   5.0941816E-03
   4.6376812E-01   2.3956319E+05   1.1915409E+05   3.5869360E+05   3.9508082E-03   5.9601099E-03   4.5276113E-03
   4.7826087E-01   2.4077657E+05   1.1453305E+05   3.5530962E+05   5.5510035E-03   5.7334648E-03   5.6097305E-03
   4.9275362E-01   2.2689756E+05   1.1332621E+05   3.4022377E+05   3.3359339E-03   6.7194371E-03   4.4206801E-03
   5.0724638E-01   2.2167045E+05   1.1307596E+05   3.3474642E+05   4.9347858E-03   5.5774807E-03   5.1499388E-03
   5.2173913E-01   2.1450263E+05   1.0351525E+05   3.1801788E+05   6.5043157E-03   6.3410320E-03   6.4439357E-03
   5.3623188E-01   2.1009786E+05   1.0366657E+05   3.1376443E+05   5.8171107E-03   8.5008214E-03   6.6316147E-03
   5.5072464E-01   2.0608444E+05   1.0349088E+05   3.0957532E+05   4.8638503E-03   7.5775800E-03   5.6015607E-03
   5.6521739E-01   1.9959561E+05   9.6698858E+04   2.9627504E+05   7.7566068E-03   7.7549559E-03   7.7305825E-03
   5.7971014E-01   1.9606437E+05   9.8240561E+04   2.9430493E+05   5.5356544E-03   6.4966973E-03   5.8563962E-03
   5.9420290E-01   1.9290867E+05   9.5437859E+04   2.8832805E+05   8.0538260E-03   6.7530834E-03   7.6032648E-03
   6.0869565E-01   1.8615065E+05   9.0098500E+04   2.7624915E+05   7.8707011E-03   9.9187906E-03   8.5284510E-03
   6.2318841E-01   1.7745136E+05   8.9219089E+04   2.6665283E+05   5.4446864E-03   5.5234857E-03   5.4137804E-03
   6.3768116E-01   1.7383168E+05   8.8207439E+04   2.6203912E+05   5.3751129E-03   6.7893978E-03   5.8261749E-03
   6.5217391E-01   1.7109694E+05   8.5893663E+04   2.5699061E+05   8.4175533E-03   6.6622754E-03   7.8266989E-03
   6.6666667E-01   1.6971654E+05   8.5426575E+04   2.5514312E+05   6.9025425E-03   4.7663985E-03   6.0073915E-03
   6.8115942E-01   1.6265543E+05   8.1029459E+04   2.4368489E+05   8.2083887E-03   6.2711360E-03   7.5639247E-03
   6.9565217E-01   1.5944043E+05   7.9088766E+04   2.3852919E+05   7.7079991E-03   1.0118334E-02   8.4872640E-03
   7.1014493E-01   1.5494942E+05   7.8402551E+04   2.3335197E+05   7.4683614E-03   5.3098334E-03   6.7425404E-03
   7.2463768E-01   1.5325982E+05   7.6152537E+04   2.2941236E+05   7.6636692E-03   7.3031577E-03   7.5331486E-03
   7.3913043E-01   1.4918498E+05   7.3961043E+04   2.2314602E+05   6.2145047E-03   1.0212430E-02   7.5243013E-03
   7.5362319E-01   1.4500457E+05   7.0556943E+04   2.1556151E+05   7.3674949E-03   1.2042659E-02   8.8967716E-03
   7.6811594E-01   1.3933777E+05   6.8196302E+04   2.0753407E+05   9.7556489E-03   1.1080593E-02   1.0170029E-02
   7.8260870E-01   1.2925023E+05   6.3874396E+04   1.9312463E+05   8.1322832E-03   6.9457206E-03   7.7196766E-03
   7.9710145E-01   1.1477644E+05   5.6182731E+04   1.7095917E+05   1.0555077E-02   8.7064345E-03   9.7769678E-03
   8.1159420E-01   9.6286683E+04   4.7290888E+04   1.4357757E+05   9.5016262E-03   1.1432796E-02   1.0134845E-02
   8.2608696E-01   8.2606592E+04   4.0279687E+04   1.2288628E+05   1.4497337E-02   1.5127845E-02   1.4611628E-02
   8.4057971E-01   7.5002867E+04   3.6567327E+04   1.1157019E+05   1.3796706E-02   1.1244633E-02   1.2931419E-02
   8.5507246E-01   6.7425722E+04   3.2146016E+04   9.9571737E+04   1.3468759E-02   1.9603775E-02   1.5443595E-02
   8.6956522E-01   6.3245755E+04   3.0612562E+04   9.3858317E+04   1.5437431E-02   1.5561890E-02   1.5472733E-02
   8.8405797E-01   5.7662519E+04   2.6172970E+04   8.3835490E+04   1.7555768E-02   1.5876441E-02   1.7017535E-02
   8.9855072E-01   5.0719472E+04   2.6606335E+04   7.7325806E+04   1.8018050E-02   1.6368898E-02   1.7356754E-02
   9.1304348E-01   4.7833632E+04   2.3814581E+04   7.1648213E+04   1.9989180E-02   1.3765770E-02   1.7870425E-02
   9.2753623E-01   4.2930519E+04   2.0991674E+04   6.3922193E+04   2.0798202E-02   2.1412081E-02   2.0925409E-02
   9.4202899E-01   3.6487936E+04   1.8442145E+04   5.4930081E+04   1.7718284E-02   1.9270538E-02   1.7863828E-02
   9.5652174E-01   3.0527604E+04   1.5889509E+04   4.6417112E+04   2.1661784E-02   2.8638865E-02   2.4037389E-02
   9.7101449E-01   2.3659480E+04   1.1275574E+04   3.4935054E+04   1.5658405E-02   2.6749565E-02   1.9236957E-02
   9.8550725E-01   1.4274422E+04   6.8419165E+03   2.1116338E+04   3.1843770E-02   1.9343256E-02   2.7444235E-02
   1.0000000E+00   5.2302980E+03   2.4072501E+03   7.6375481E+03   2.6484862E-02   4.5951941E-02   3.1504533E-02
