   0.0000000E+00   3.9453343E+10   1.9866122E+10   5.8789570E+10   9.1917176E-07   9.2698959E-08   6.5245261E-07
   1.4492754E-02   1.3267969E+06   6.6377734E+05   1.9905743E+06   2.3480909E-02   1.9042232E-02   2.1482730E-02
   2.8985507E-02   9.0738968E+05   4.3721407E+05   1.3446037E+06   6.8102227E-03   1.2451615E-02   7.5399479E-03
   4.3478261E-02   6.3927718E+05   3.1269267E+05   9.5196985E+05   1.2300687E-02   1.1343378E-02   1.1975680E-02
   5.7971014E-02   4.8002619E+05   2.4626442E+05   7.2629061E+05   3.1216131E-03   9.3584144E-03   4.1528562E-03
   7.2463768E-02   4.0220663E+05   1.9670844E+05   5.9891508E+05   4.4038180E-03   6.8180495E-03   4.6194019E-03
   8.6956522E-02   3.3289898E+05   1.5760923E+05   4.9050821E+05   6.9411732E-03   3.3372076E-03   4.3885231E-03
   1.0144928E-01   2.8339352E+05   1.4039778E+05   4.2379130E+05   6.3011770E-03   8.6259336E-03   6.9848776E-03
   1.1594203E-01   2.4560140E+05   1.2227976E+05   3.6788116E+05   3.5322492E-03   9.4487203E-03   5.4512598E-03
   1.3043478E-01   2.1157692E+05   1.0641991E+05   3.1799683E+05   1.0181529E-02   1.2427839E-02   1.0928654E-02
   1.4492754E-01   1.8291764E+05   9.4186670E+04   2.7710431E+05   6.3368679E-03   6.5400786E-03   5.6638605E-03
   1.5942029E-01   1.6863085E+05   8.1973332E+04   2.5060419E+05   5.3001182E-03   1.3451200E-03   3.8347908E-03
   1.7391304E-01   1.4592746E+05   7.5015932E+04   2.2094339E+05   7.4116169E-03   7.7890804E-03   2.5829685E-03
   1.8840580E-01   1.3429426E+05   6.8546026E+04   2.0284028E+05   9.8884461E-03   4.1601108E-03   5.1552903E-03
   2.0289855E-01   1.1858579E+05   5.9861198E+04   1.7844699E+05   3.0102892E-03   3.7429935E-03   3.0143191E-03
   2.1739130E-01   1.0876047E+05   5.2283831E+04   1.6104430E+05   3.3884354E-03   3.9210211E-03   2.2796761E-03
   2.3188406E-01   9.8411052E+04   4.8731940E+04   1.4714299E+05   1.8156639E-03   6.8518178E-03   2.7843568E-03
   2.4637681E-01   8.8610619E+04   4.2165818E+04   1.3077644E+05   6.0046001E-03   6.3033205E-03   4.3045220E-03
   2.6086957E-01   8.0698957E+04   4.0454720E+04   1.2115368E+05   8.5905073E-04   4.5644093E-03   1.6754422E-03
   2.7536232E-01   7.1865342E+04   3.7687430E+04   1.0955277E+05   5.7472870E-03   3.3188161E-03   4.2937708E-03
   2.8985507E-01   6.9181359E+04   3.3491961E+04   1.0267332E+05   1.1719954E-02   3.6532322E-03   9.0668866E-03
   3.0434783E-01   5.8886965E+04   3.1391948E+04   9.0278914E+04   3.7994071E-03   5.8290274E-03   4.3159559E-03
   3.1884058E-01   5.8035741E+04   2.8552896E+04   8.6588637E+04   3.8490430E-03   8.1487655E-03   5.2376021E-03
   3.3333333E-01   5.2975678E+04   2.6421949E+04   7.9397626E+04   4.8649176E-03   5.4698555E-03   1.9677535E-03
   3.4782609E-01   4.7263826E+04   2.3773988E+04   7.1037814E+04   1.7292209E-03   7.7289197E-03   3.6573184E-03
   3.6231884E-01   4.5403582E+04   2.2247149E+04   6.7650731E+04   8.1458063E-03   8.8811494E-03   8.3838846E-03
   3.7681159E-01   4.1996099E+04   2.2469807E+04   6.4465906E+04   3.8583266E-03   6.3487725E-03   2.7722973E-03
   3.9130435E-01   3.8532314E+04   1.9869540E+04   5.8401853E+04   1.0509292E-02   6.2312016E-03   8.9250985E-03
   4.0579710E-01   3.6317237E+04   1.8050370E+04   5.4367607E+04   2.4563815E-03   3.4443043E-03   2.6828635E-03
   4.2028986E-01   3.5874913E+04   1.6539563E+04   5.2414475E+04   8.1265793E-03   5.2824696E-03   6.8012269E-03
   4.3478261E-01   3.3138351E+04   1.5483086E+04   4.8621437E+04   6.5774608E-03   9.2063063E-03   3.1694965E-03
   4.4927536E-01   2.9331743E+04   1.4225895E+04   4.3557638E+04   6.9554368E-03   5.4549024E-03   6.0089703E-03
   4.6376812E-01   2.8036257E+04   1.3165675E+04   4.1201932E+04   2.8546938E-03   4.4656628E-03   3.3601065E-03
   4.7826087E-01   2.5395660E+04   1.3202988E+04   3.8598647E+04   9.2283148E-03   6.5773904E-03   3.8288000E-03
   4.9275362E-01   2.3467551E+04   1.2056928E+04   3.5524479E+04   6.0376038E-03   7.0941820E-03   2.3896841E-03
   5.0724638E-01   2.2385707E+04   1.1669145E+04   3.4054852E+04   8.3728339E-03   7.0291071E-03   6.3363289E-03
   5.2173913E-01   2.0080022E+04   1.1281857E+04   3.1361879E+04   9.0199916E-03   4.9355180E-03   4.5717590E-03
   5.3623188E-01   1.9537319E+04   9.5433863E+03   2.9080705E+04   7.3186553E-03   7.2148171E-03   6.0689393E-03
   5.5072464E-01   1.8564549E+04   8.8136741E+03   2.7378223E+04   2.0393386E-03   1.0723235E-02   2.8321770E-03
   5.6521739E-01   1.7525089E+04   9.2094151E+03   2.6734505E+04   3.3215246E-03   1.3088502E-02   6.6065791E-03
   5.7971014E-01   1.5893527E+04   7.7857444E+03   2.3679271E+04   4.9578125E-03   3.4311368E-03   3.9775312E-03
   5.9420290E-01   1.5598287E+04   7.3555903E+03   2.2953877E+04   4.2948613E-03   1.1581668E-02   6.4038991E-03
   6.0869565E-01   1.4848031E+04   7.8119044E+03   2.2659935E+04   1.1781062E-02   1.1404966E-03   8.1077456E-03
   6.2318841E-01   1.2035678E+04   6.3262202E+03   1.8361898E+04   7.4716440E-03   2.0100410E-02   9.1327104E-03
   6.3768116E-01   1.2123787E+04   6.7679663E+03   1.8891753E+04   6.8596878E-03   1.1576867E-02   1.4353176E-03
   6.5217391E-01   1.1500759E+04   6.0282163E+03   1.7528975E+04   2.9567107E-03   7.3611019E-03   3.0886843E-03
   6.6666667E-01   1.1168380E+04   5.3535744E+03   1.6521954E+04   8.8674096E-03   1.8664672E-02   7.2115300E-04
   6.8115942E-01   1.0769534E+04   5.3364009E+03   1.6105935E+04   5.8068534E-03   1.4282566E-02   6.0743654E-03
   6.9565217E-01   1.0339949E+04   4.7200681E+03   1.5060017E+04   1.3042802E-02   9.0365349E-03   7.6283461E-03
   7.1014493E-01   8.3041755E+03   4.7010602E+03   1.3005236E+04   2.0206311E-02   2.1489434E-02   1.9126339E-02
   7.2463768E-01   8.7897455E+03   4.4403370E+03   1.3230083E+04   8.0934990E-03   1.5742199E-02   2.8086383E-03
   7.3913043E-01   8.0973822E+03   3.9075441E+03   1.2004926E+04   1.3251975E-02   8.4172422E-03   6.2067694E-03
   7.5362319E-01   7.4316482E+03   3.9052583E+03   1.1336907E+04   1.7576647E-02   1.6951642E-02   5.7055871E-03
   7.6811594E-01   6.9483024E+03   3.8458711E+03   1.0794174E+04   1.3496887E-02   8.4587740E-03   9.5870966E-03
   7.8260870E-01   6.4126975E+03   3.5641688E+03   9.9768663E+03   6.0238361E-03   3.8634915E-03   4.0911837E-03
   7.9710145E-01   5.9379002E+03   3.6371361E+03   9.5750363E+03   7.4954110E-03   1.2379433E-02   9.3298878E-03
   8.1159420E-01   6.0618935E+03   3.0850708E+03   9.1469643E+03   9.5848061E-03   2.4205563E-03   7.1684029E-03
   8.2608696E-01   5.5035612E+03   2.9511850E+03   8.4547462E+03   1.7607175E-02   1.6209321E-02   6.9898776E-03
   8.4057971E-01   5.2388347E+03   2.4299832E+03   7.6688178E+03   8.3355002E-03   1.2743172E-02   9.3997003E-03
   8.5507246E-01   4.8803380E+03   2.2475241E+03   7.1278620E+03   1.2876533E-02   6.3027137E-03   1.0686530E-02
   8.6956522E-01   4.3443570E+03   2.1090338E+03   6.4533908E+03   5.3238450E-03   5.2572832E-03   5.3007728E-03
   8.8405797E-01   3.8135272E+03   1.8881308E+03   5.7016580E+03   7.2828296E-03   1.4977938E-02   8.7444596E-03
   8.9855072E-01   3.7520187E+03   1.9187848E+03   5.6708036E+03   1.2118686E-02   1.5403253E-02   1.3081098E-02
   9.1304348E-01   3.2955532E+03   1.6116939E+03   4.9072471E+03   2.9804248E-02   1.4096104E-02   1.7054969E-02
   9.2753623E-01   2.8415126E+03   1.4325959E+03   4.2741085E+03   7.5601065E-03   1.3677277E-02   9.2697773E-03
   9.4202899E-01   2.9843168E+03   1.2007212E+03   4.1850380E+03   2.4375244E-02   2.5552720E-02   2.4017112E-02
   9.5652174E-01   2.1584015E+03   9.5291128E+02   3.1113127E+03   2.8893727E-02   1.2276279E-02   2.1245712E-02
   9.7101449E-01   1.6624969E+03   1.0404743E+03   2.7029712E+03   9.8791337E-03   2.4575359E-02   4.2776079E-03
   9.8550725E-01   1.2703233E+03   5.6830251E+02   1.8386258E+03   1.2679998E-02   1.7829743E-02   7.3144668E-03
   1.0000000E+00   1.0066682E+03   3.5014547E+02   1.3568137E+03   5.2180317E-02   3.1511278E-02   3.1476264E-02
