   0.0000000E+00   3.9864151E+10   2.0121249E+10   5.9410745E+10   6.7828854E-08   1.2068609E-07   8.6386640E-08
   1.4492754E-02   1.0911408E+05   4.6979674E+04   1.5609376E+05   1.0531856E-01   1.1783235E-01   1.0908485E-01
   2.8985507E-02   5.4178173E+04   3.2203809E+04   8.6381982E+04   1.1884128E-01   1.3829610E-01   1.2609399E-01
   4.3478261E-02   3.5108466E+04   1.5659891E+04   5.0768358E+04   1.2840685E-01   1.3904986E-01   1.3168977E-01
   5.7971014E-02   2.4247574E+04   1.2502655E+04   3.6750229E+04   1.0552496E-01   1.4253228E-01   1.1811508E-01
   7.2463768E-02   2.1822817E+04   8.6381982E+03   3.0461015E+04   1.4767704E-01   1.3132927E-01   1.4304110E-01
   8.6956522E-02   2.0458890E+04   7.8299457E+03   2.8288836E+04   1.0032535E-01   1.2134108E-01   1.0614220E-01
   1.0144928E-01   1.2989772E+04   6.8196302E+03   1.9809402E+04   1.4347360E-01   1.2049728E-01   1.3556370E-01
   1.1594203E-01   1.1934353E+04   8.2403864E+03   2.0174739E+04   1.1486955E-01   1.2702825E-01   1.1983578E-01
   1.3043478E-01   1.3049910E+04   5.2199638E+03   1.8269873E+04   1.3034065E-01   1.2821471E-01   1.2973246E-01
   1.4492754E-01   9.3201612E+03   4.9252884E+03   1.4245450E+04   1.2769015E-01   1.2360851E-01   1.2624989E-01
   1.5942029E-01   8.2662184E+03   3.9264537E+03   1.2192672E+04   1.3360816E-01   1.3106464E-01   1.3278906E-01
   1.7391304E-01   8.9665508E+03   3.7255387E+03   1.2692089E+04   1.5871782E-01   1.1245124E-01   1.4513708E-01
   1.8840580E-01   7.5773668E+03   3.9052583E+03   1.1482625E+04   1.2545112E-01   9.8504720E-02   1.1628658E-01
   2.0289855E-01   6.6572580E+03   3.6263113E+03   1.0283569E+04   1.2772227E-01   1.2577966E-01   1.2702601E-01
   2.1739130E-01   5.3546726E+03   2.8793994E+03   8.2340720E+03   1.4556825E-01   1.3435163E-01   1.4164587E-01
   2.3188406E-01   5.6830251E+03   2.9835882E+03   8.6666133E+03   1.3036064E-01   1.2867015E-01   1.2977867E-01
   2.4637681E-01   4.9921476E+03   2.4515010E+03   7.4436486E+03   1.3522149E-01   1.5714456E-01   1.4244137E-01
   2.6086957E-01   5.0094814E+03   2.2732101E+03   7.2826915E+03   1.3344042E-01   1.3100032E-01   1.3267877E-01
   2.7536232E-01   4.5065392E+03   2.8315423E+03   7.3380816E+03   1.2989084E-01   1.3634038E-01   1.3237952E-01
   2.8985507E-01   5.1526095E+03   2.6899652E+03   7.8425747E+03   1.5966539E-01   1.3817081E-01   1.5229285E-01
   3.0434783E-01   4.5825028E+03   1.9845485E+03   6.5670513E+03   1.6212937E-01   1.5154011E-01   1.5891429E-01
   3.1884058E-01   4.0986666E+03   1.8254566E+03   5.9241232E+03   1.4299298E-01   1.5223051E-01   1.4583933E-01
   3.3333333E-01   3.7227933E+03   1.7460889E+03   5.4688822E+03   1.6907021E-01   1.7801883E-01   1.7192730E-01
   3.4782609E-01   3.2519533E+03   1.6101905E+03   4.8621437E+03   1.5736490E-01   1.4232949E-01   1.5238564E-01
   3.6231884E-01   3.7280645E+03   1.4548544E+03   5.1829189E+03   1.5750063E-01   1.4317243E-01   1.5347868E-01
   3.7681159E-01   3.2932402E+03   1.6611920E+03   4.9544322E+03   1.3268921E-01   1.6262134E-01   1.4272528E-01
   3.9130435E-01   2.9748181E+03   2.0206312E+03   4.9954493E+03   1.8106305E-01   1.5950776E-01   1.7234406E-01
   4.0579710E-01   2.8685746E+03   1.7049075E+03   4.5734821E+03   1.9720249E-01   1.5586125E-01   1.8179126E-01
   4.2028986E-01   2.5083697E+03   1.4370868E+03   3.9454565E+03   1.6333560E-01   1.5738075E-01   1.6116662E-01
   4.3478261E-01   2.7025942E+03   1.4649576E+03   4.1675518E+03   1.7032483E-01   1.8324506E-01   1.7486634E-01
   4.4927536E-01   2.2976532E+03   1.4421440E+03   3.7397972E+03   1.8307177E-01   1.4635678E-01   1.6891364E-01
   4.6376812E-01   2.3205686E+03   1.2550014E+03   3.5755700E+03   1.7914716E-01   1.5849547E-01   1.7189855E-01
   4.7826087E-01   1.8139757E+03   8.9550699E+02   2.7094827E+03   1.5841793E-01   1.6635790E-01   1.6104215E-01
   4.9275362E-01   2.4960738E+03   1.0920323E+03   3.5881061E+03   1.5477466E-01   1.5366307E-01   1.5443635E-01
   5.0724638E-01   2.1866116E+03   1.3422764E+03   3.5288880E+03   1.9830634E-01   1.8246825E-01   1.9228203E-01
   5.2173913E-01   1.7259558E+03   9.6821910E+02   2.6941749E+03   2.2432450E-01   2.1997978E-01   2.2276312E-01
   5.3623188E-01   1.8021845E+03   1.1673241E+03   2.9695086E+03   1.9159975E-01   1.5448349E-01   1.7700877E-01
   5.5072464E-01   1.6949373E+03   9.5714107E+02   2.6520784E+03   1.9864922E-01   1.8448456E-01   1.9353204E-01
   5.6521739E-01   1.5737608E+03   9.1316985E+02   2.4869307E+03   1.7778684E-01   1.8266484E-01   1.7957798E-01
   5.7971014E-01   1.3449826E+03   7.0090643E+02   2.0458890E+03   1.9363480E-01   1.8838928E-01   1.9183773E-01
   5.9420290E-01   1.1088830E+03   7.0229254E+02   1.8111755E+03   1.6682588E-01   2.1122209E-01   1.8404074E-01
   6.0869565E-01   1.2087704E+03   6.3144724E+02   1.8402177E+03   1.7242572E-01   1.7401405E-01   1.7297074E-01
   6.2318841E-01   1.3216338E+03   5.9914063E+02   1.9207744E+03   2.2026359E-01   2.2090415E-01   2.2046340E-01
   6.3768116E-01   1.4810308E+03   5.1663865E+02   1.9976694E+03   1.9926772E-01   1.7059884E-01   1.9184129E-01
   6.5217391E-01   1.4312804E+03   7.7457528E+02   2.2058557E+03   1.9339964E-01   2.0427388E-01   1.9721808E-01
   6.6666667E-01   1.2189677E+03   6.5890146E+02   1.8778692E+03   2.0165328E-01   1.5060169E-01   1.8374042E-01
   6.8115942E-01   1.0156896E+03   5.8039406E+02   1.5960837E+03   2.2429836E-01   1.8699866E-01   2.1072068E-01
   6.9565217E-01   9.9452940E+02   6.3144724E+02   1.6259766E+03   2.2168448E-01   2.0377872E-01   2.1473078E-01
   7.1014493E-01   1.0670170E+03   3.2474429E+02   1.3917613E+03   2.5218574E-01   1.9380754E-01   2.3856416E-01
   7.2463768E-01   1.0608314E+03   4.0917781E+02   1.4700092E+03   2.0882180E-01   2.2947599E-01   2.1457091E-01
   7.3913043E-01   9.0631250E+02   4.3086988E+02   1.3371824E+03   2.3906473E-01   2.0864615E-01   2.2926319E-01
   7.5362319E-01   9.3259900E+02   4.0801206E+02   1.3406111E+03   2.0815193E-01   2.2080000E-01   2.1200135E-01
   7.6811594E-01   9.1500279E+02   4.0031372E+02   1.3153165E+03   2.4038288E-01   1.9192568E-01   2.2563504E-01
   7.8260870E-01   7.4370452E+02   3.7886834E+02   1.1225729E+03   1.8475311E-01   2.3673184E-01   2.0229317E-01
   7.9710145E-01   8.4039887E+02   4.9597310E+02   1.3363720E+03   1.8697677E-01   1.6798634E-01   1.7992878E-01
   8.1159420E-01   6.0889555E+02   4.3299239E+02   1.0418879E+03   2.3322842E-01   2.4479917E-01   2.3803705E-01
   8.2608696E-01   7.4444306E+02   4.2539603E+02   1.1698391E+03   2.5632032E-01   2.3416232E-01   2.4826286E-01
   8.4057971E-01   7.1854341E+02   3.6580392E+02   1.0843473E+03   2.9002934E-01   2.3915197E-01   2.7286589E-01
   8.5507246E-01   6.0362075E+02   3.0823187E+02   9.1185262E+02   2.3761107E-01   2.8304617E-01   2.5296942E-01
   8.6956522E-01   4.2938412E+02   1.3891839E+02   5.6830251E+02   1.8577450E-01   3.0158795E-01   2.1407774E-01
   8.8405797E-01   4.7203269E+02   2.7328208E+02   7.4531477E+02   2.4630727E-01   2.0287280E-01   2.3038130E-01
   8.9855072E-01   5.8663485E+02   2.3220963E+02   8.1884448E+02   2.4773874E-01   2.2917117E-01   2.4247331E-01
   9.1304348E-01   4.9313022E+02   2.0446863E+02   6.9759885E+02   2.3408081E-01   3.0543438E-01   2.5499479E-01
   9.2753623E-01   3.6702871E+02   2.6047199E+02   6.2750069E+02   2.5575119E-01   2.7264544E-01   2.6276390E-01
   9.4202899E-01   2.9143719E+02   1.3988985E+02   4.3132704E+02   2.5307435E-01   3.0216571E-01   2.6899587E-01
   9.5652174E-01   2.4109804E+02   1.2628945E+02   3.6738748E+02   3.3550522E-01   2.9655190E-01   3.2211502E-01
   9.7101449E-01   1.6964254E+02   1.3571403E+02   3.0535657E+02   2.5005252E-01   2.7787086E-01   2.6241623E-01
   9.8550725E-01   1.5600461E+02   7.8002306E+01   2.3400692E+02   3.3148150E-01   3.0141802E-01   3.2146034E-01
   1.0000000E+00   6.5652276E+01   0.0000000E+00   6.5652276E+01   4.2730812E-01   0.0000000E+00   4.2730812E-01
