   0.0000000E+00   3.9906087E+10   2.0117236E+10   5.9449589E+10   7.1296878E-08   9.6219441E-09   5.1114673E-08
   1.4492754E-02   5.8345725E+04   2.2732101E+04   8.1077825E+04   1.0355831E-01   1.4297922E-01   1.1461090E-01
   2.8985507E-02   2.8036257E+04   1.4018129E+04   4.2054386E+04   1.3406954E-01   1.1208412E-01   1.2674107E-01
   4.3478261E-02   2.0964048E+04   8.5876824E+03   2.9551731E+04   1.0981766E-01   1.1054549E-01   1.1002916E-01
   5.7971014E-02   1.2881524E+04   4.1675518E+03   1.7049075E+04   1.4053831E-01   1.6741777E-01   1.4710884E-01
   7.2463768E-02   1.1669145E+04   4.3948728E+03   1.6064018E+04   1.3551141E-01   1.2740286E-01   1.3329303E-01
   8.6956522E-02   7.9562352E+03   4.4201307E+03   1.2376366E+04   1.1525111E-01   1.2800638E-01   1.1980657E-01
   1.0144928E-01   8.6598478E+03   3.5721872E+03   1.2232035E+04   1.3065439E-01   1.4482184E-01   1.3479179E-01
   1.1594203E-01   5.1147226E+03   2.6520784E+03   7.7668010E+03   1.1113733E-01   1.3869355E-01   1.2050286E-01
   1.3043478E-01   5.9777005E+03   2.1048241E+03   8.0825246E+03   1.3536257E-01   1.8181933E-01   1.4746068E-01
   1.4492754E-01   4.7737411E+03   2.3489837E+03   7.1227248E+03   1.6884665E-01   1.0012201E-01   1.4618214E-01
   1.5942029E-01   4.6153053E+03   2.6176358E+03   7.2329411E+03   1.4490770E-01   1.4164095E-01   1.4372545E-01
   1.7391304E-01   4.2938412E+03   2.5257889E+03   6.8196302E+03   1.4008475E-01   1.1885613E-01   1.3222230E-01
   1.8840580E-01   4.0218332E+03   2.0400603E+03   6.0618935E+03   1.3903096E-01   1.1594090E-01   1.3122607E-01
   2.0289855E-01   2.9226986E+03   1.5154734E+03   4.4381720E+03   1.1782037E-01   1.0194712E-01   1.1240024E-01
   2.1739130E-01   3.4855887E+03   1.5659891E+03   5.0515779E+03   1.0186450E-01   1.2488951E-01   1.0900226E-01
   2.3188406E-01   3.0309467E+03   1.0892465E+03   4.1201932E+03   1.2890715E-01   1.1963193E-01   1.2645508E-01
   2.4637681E-01   2.4515010E+03   1.3371824E+03   3.7886834E+03   1.5817193E-01   1.1834962E-01   1.4411700E-01
   2.6086957E-01   2.4836925E+03   1.3049910E+03   3.7886834E+03   1.8134201E-01   1.6640507E-01   1.7619706E-01
   2.7536232E-01   2.0339248E+03   1.0767837E+03   3.1107085E+03   1.3781961E-01   1.1486726E-01   1.2987457E-01
   2.8985507E-01   2.5763047E+03   1.4775865E+03   4.0538913E+03   1.2496947E-01   1.4656787E-01   1.3284178E-01
   3.0434783E-01   2.2010447E+03   1.0463983E+03   3.2474429E+03   1.4847874E-01   1.1990978E-01   1.3927319E-01
   3.1884058E-01   1.5499159E+03   1.4465882E+03   2.9965042E+03   1.5906497E-01   1.5944517E-01   1.5924851E-01
   3.3333333E-01   1.8119790E+03   1.0542423E+03   2.8662214E+03   1.7301172E-01   1.3999657E-01   1.6086822E-01
   3.4782609E-01   1.3891839E+03   8.2088141E+02   2.2100653E+03   1.2151494E-01   1.7644301E-01   1.4191679E-01
   3.6231884E-01   1.5457828E+03   8.1835562E+02   2.3641385E+03   1.6049316E-01   9.8378810E-02   1.3899204E-01
   3.7681159E-01   1.1948925E+03   9.3259900E+02   2.1274915E+03   1.3672021E-01   1.6252207E-01   1.4803061E-01
   3.9130435E-01   1.7119236E+03   7.2967236E+02   2.4415960E+03   1.5565848E-01   1.4022278E-01   1.5104551E-01
   4.0579710E-01   1.3531012E+03   5.4124049E+02   1.8943417E+03   1.7852592E-01   1.9592787E-01   1.8349791E-01
   4.2028986E-01   1.9857927E+03   7.5773668E+02   2.7435294E+03   1.5973677E-01   1.5488747E-01   1.5839744E-01
   4.3478261E-01   1.3386681E+03   7.3247879E+02   2.0711469E+03   1.9485715E-01   1.8784545E-01   1.9237740E-01
   4.4927536E-01   1.1488266E+03   6.5996421E+02   1.8087908E+03   1.7710943E-01   2.0217545E-01   1.8625514E-01
   4.6376812E-01   1.1602843E+03   6.8669887E+02   1.8469832E+03   1.8956149E-01   2.0942190E-01   1.9694549E-01
   4.7826087E-01   1.1710476E+03   5.5108122E+02   1.7221288E+03   1.9838228E-01   1.1492738E-01   1.7155691E-01
   4.9275362E-01   1.0251732E+03   5.1258658E+02   1.5377597E+03   1.4052934E-01   2.1340069E-01   1.6481979E-01
   5.0724638E-01   7.5773668E+02   5.4124049E+02   1.2989772E+03   2.1391539E-01   1.8993324E-01   2.0392283E-01
   5.2173913E-01   8.8402613E+02   5.0515779E+02   1.3891839E+03   2.3165206E-01   2.1462804E-01   2.2546151E-01
   5.3623188E-01   1.1058860E+03   4.3006677E+02   1.5359527E+03   1.4172288E-01   1.6199487E-01   1.4739904E-01
   5.5072464E-01   7.1785581E+02   2.3928527E+02   9.5714107E+02   1.7900561E-01   2.1512740E-01   1.8803606E-01
   5.6521739E-01   8.9374070E+02   3.6915377E+02   1.2628945E+03   1.7027961E-01   1.8045371E-01   1.7325358E-01
   5.7971014E-01   7.5773668E+02   3.9781176E+02   1.1555484E+03   1.7596329E-01   1.8010796E-01   1.7739014E-01
   5.9420290E-01   8.3166221E+02   4.9899733E+02   1.3306595E+03   1.7875270E-01   2.1302038E-01   1.9160308E-01
   6.0869565E-01   6.1340589E+02   4.5103374E+02   1.0644396E+03   2.0219687E-01   2.3104933E-01   2.1442249E-01
   6.2318841E-01   6.6962777E+02   3.3481388E+02   1.0044417E+03   2.1810581E-01   1.3049942E-01   1.8890368E-01
   6.3768116E-01   5.6830251E+02   3.4442577E+02   9.1272828E+02   1.6104780E-01   1.8728151E-01   1.7094731E-01
   6.5217391E-01   6.0618935E+02   3.5361045E+02   9.5979980E+02   1.7176065E-01   2.2570127E-01   1.9163351E-01
   6.6666667E-01   4.6123103E+02   1.9767044E+02   6.5890146E+02   1.8787211E-01   2.0735801E-01   1.9371788E-01
   6.8115942E-01   5.3202788E+02   2.9019703E+02   8.2222491E+02   2.2428453E-01   2.7391164E-01   2.4179998E-01
   6.9565217E-01   5.3673015E+02   1.5786181E+02   6.9459196E+02   1.8737714E-01   2.6247282E-01   2.0444434E-01
   7.1014493E-01   6.3402457E+02   1.7010415E+02   8.0412873E+02   1.8322345E-01   1.8902554E-01   1.8445082E-01
   7.2463768E-01   3.4855887E+02   3.7886834E+02   7.2742722E+02   1.9140866E-01   2.3096474E-01   2.1201079E-01
   7.3913043E-01   5.3487295E+02   2.6743648E+02   8.0230943E+02   2.1357982E-01   2.0811438E-01   2.1175801E-01
   7.5362319E-01   4.5172764E+02   2.3314975E+02   6.8487739E+02   2.6341337E-01   2.0770017E-01   2.4444717E-01
   7.6811594E-01   3.7171988E+02   2.4304762E+02   6.1476750E+02   2.0445934E-01   2.5629960E-01   2.2495433E-01
   7.8260870E-01   3.5080402E+02   1.4032161E+02   4.9112563E+02   2.1427522E-01   1.9303353E-01   2.0820617E-01
   7.9710145E-01   3.7197983E+02   8.2662184E+01   4.5464201E+02   2.5114254E-01   2.9860260E-01   2.5977164E-01
   8.1159420E-01   4.1946138E+02   1.6237215E+02   5.8183353E+02   2.5480093E-01   2.2292797E-01   2.4590615E-01
   8.2608696E-01   4.2539603E+02   9.3055382E+01   5.1845142E+02   2.5063841E-01   1.5275572E-01   2.3306972E-01
   8.4057971E-01   3.9193277E+02   1.1757983E+02   5.0951260E+02   2.6045774E-01   2.5398195E-01   2.5896333E-01
   8.5507246E-01   3.0823187E+02   8.9900963E+01   3.9813283E+02   2.3986490E-01   2.7135974E-01   2.4697664E-01
   8.6956522E-01   4.6727096E+02   8.8402613E+01   5.5567357E+02   2.5893354E-01   1.9008124E-01   2.4797976E-01
   8.8405797E-01   1.6148487E+02   9.9375303E+01   2.6086017E+02   3.2899922E-01   1.7709212E-01   2.7112985E-01
   8.9855072E-01   2.9331743E+02   1.4665871E+02   4.3997614E+02   2.0304868E-01   1.5148117E-01   1.8585951E-01
   9.1304348E-01   2.5257889E+02   9.6220531E+01   3.4879943E+02   2.1684302E-01   2.5157157E-01   2.2642331E-01
   9.2753623E-01   1.0655672E+02   1.4207563E+02   2.4863235E+02   3.1379697E-01   2.2626337E-01   2.6377777E-01
   9.4202899E-01   1.1657487E+02   6.9944925E+01   1.8651980E+02   3.2071136E-01   2.7872528E-01   3.0496658E-01
   9.5652174E-01   1.4925117E+02   9.1846871E+01   2.4109804E+02   1.9365035E-01   2.5815669E-01   2.1822420E-01
   9.7101449E-01   1.1309503E+02   6.7857016E+01   1.8095204E+02   2.9370841E-01   2.1067542E-01   2.6257104E-01
   9.8550725E-01   1.0028868E+02   4.4572746E+01   1.4486142E+02   2.3471716E-01   3.1974982E-01   2.6088106E-01
   1.0000000E+00   0.0000000E+00   2.1884092E+01   2.1884092E+01   0.0000000E+00   9.3207219E-07   9.3207219E-07
