   0.0000000E+00   3.3893829E+10   1.7096116E+10   5.0623345E+10   1.1184591E-06   2.6141036E-06   1.5947031E-06
   1.4492754E-02   1.5661660E+07   7.9865446E+06   2.3647446E+07   6.1576976E-03   5.8137227E-03   6.0277019E-03
   2.8985507E-02   7.5955525E+06   3.8504390E+06   1.1445234E+07   3.5370314E-03   4.0638860E-03   3.7144532E-03
   4.3478261E-02   5.0296035E+06   2.5470056E+06   7.5753462E+06   4.2389448E-03   3.4961190E-03   3.9647146E-03
   5.7971014E-02   3.9277281E+06   1.9642429E+06   5.8917816E+06   3.0758727E-03   3.2422742E-03   3.1219947E-03
   7.2463768E-02   3.2246242E+06   1.6095843E+06   4.8343600E+06   2.9557765E-03   3.5152533E-03   3.1417455E-03
   8.6956522E-02   2.7473006E+06   1.3807225E+06   4.1277706E+06   3.1608476E-03   2.8261294E-03   2.9643053E-03
   1.0144928E-01   2.4434843E+06   1.2058838E+06   3.6490434E+06   3.1194709E-03   2.2717849E-03   2.8232698E-03
   1.1594203E-01   2.1746096E+06   1.0822374E+06   3.2567523E+06   4.0423190E-03   1.5963247E-03   3.1811196E-03
   1.3043478E-01   1.9948681E+06   9.8749929E+05   2.9821990E+06   2.5007392E-03   3.4083267E-03   2.7984728E-03
   1.4492754E-01   1.8237964E+06   9.0367677E+05   2.7273974E+06   2.6337702E-03   3.3705707E-03   2.8606194E-03
   1.5942029E-01   1.7046320E+06   8.3778123E+05   2.5423443E+06   2.5514554E-03   2.6411059E-03   2.5713753E-03
   1.7391304E-01   1.5820279E+06   7.8463634E+05   2.3664117E+06   2.0767864E-03   3.0363025E-03   2.3750499E-03
   1.8840580E-01   1.4818415E+06   7.4642892E+05   2.2281539E+06   1.7837734E-03   2.2779514E-03   1.9485198E-03
   2.0289855E-01   1.4163181E+06   7.0339614E+05   2.1196601E+06   2.1492399E-03   2.9412978E-03   2.3911365E-03
   2.1739130E-01   1.3461445E+06   6.6468662E+05   2.0105785E+06   2.7704791E-03   3.0019822E-03   2.8471728E-03
   2.3188406E-01   1.2651835E+06   6.3304164E+05   1.8980357E+06   2.3987996E-03   2.6599504E-03   2.4843561E-03
   2.4637681E-01   1.2209812E+06   5.9531360E+05   1.8162057E+06   2.2978347E-03   2.9641431E-03   2.4791913E-03
   2.6086957E-01   1.1572323E+06   5.7465908E+05   1.7318493E+06   2.4699442E-03   3.1270788E-03   2.6852606E-03
   2.7536232E-01   1.1058967E+06   5.4074483E+05   1.6466017E+06   2.9773921E-03   2.3563481E-03   2.7719008E-03
   2.8985507E-01   1.0468890E+06   5.2086820E+05   1.5677193E+06   2.1036920E-03   3.1341804E-03   2.4357672E-03
   3.0434783E-01   9.8779997E+05   4.9148245E+05   1.4792103E+06   3.0435419E-03   2.2207353E-03   2.7702011E-03
   3.1884058E-01   8.7749352E+05   4.3752405E+05   1.3149831E+06   2.1730252E-03   2.9804771E-03   2.4373807E-03
   3.3333333E-01   7.1994869E+05   3.5626802E+05   1.0762167E+06   3.5622443E-03   2.6459247E-03   3.2575056E-03
   3.4782609E-01   6.1168294E+05   3.0116876E+05   9.1285170E+05   2.9361606E-03   4.7934160E-03   3.5416189E-03
   3.6231884E-01   5.3944790E+05   2.6508660E+05   8.0453450E+05   3.8465645E-03   4.3017236E-03   3.9831492E-03
   3.7681159E-01   5.0488578E+05   2.4641014E+05   7.5126678E+05   3.8942837E-03   4.1955174E-03   3.9907290E-03
   3.9130435E-01   4.6494162E+05   2.3397225E+05   6.9891387E+05   4.3588697E-03   4.9398852E-03   4.5532956E-03
   4.0579710E-01   4.3642927E+05   2.1357350E+05   6.4994864E+05   4.4151091E-03   6.1448475E-03   4.9543495E-03
   4.2028986E-01   4.1061490E+05   2.0278601E+05   6.1337478E+05   4.9241578E-03   4.5415230E-03   4.7522697E-03
   4.3478261E-01   3.8780963E+05   1.9092439E+05   5.7870876E+05   5.5457888E-03   5.2797349E-03   5.4555405E-03
   4.4927536E-01   3.6461800E+05   1.7990135E+05   5.4451936E+05   6.5494096E-03   6.6490025E-03   6.5759852E-03
   4.6376812E-01   3.4834576E+05   1.6665471E+05   5.1497679E+05   7.4506075E-03   5.4769798E-03   6.7956793E-03
   4.7826087E-01   3.2203809E+05   1.5905582E+05   4.8109391E+05   6.6199447E-03   6.2787477E-03   6.4563173E-03
   4.9275362E-01   3.1363613E+05   1.4842724E+05   4.6204109E+05   8.7140595E-03   7.4019011E-03   8.2906964E-03
   5.0724638E-01   2.9603690E+05   1.4256274E+05   4.3859964E+05   6.7537446E-03   7.0501143E-03   6.8345624E-03
   5.2173913E-01   2.7310093E+05   1.3649784E+05   4.0957773E+05   8.3990137E-03   7.9550735E-03   8.2462207E-03
   5.3623188E-01   2.6948803E+05   1.3047407E+05   3.9994161E+05   6.3463950E-03   7.2976684E-03   6.6548798E-03
   5.5072464E-01   2.5477899E+05   1.2247418E+05   3.7725317E+05   9.3620524E-03   8.9727551E-03   9.2265248E-03
   5.6521739E-01   2.4395235E+05   1.1912009E+05   3.6307245E+05   9.9731201E-03   7.4641536E-03   9.1400524E-03
   5.7971014E-01   2.2965105E+05   1.1239129E+05   3.4204234E+05   8.3532747E-03   1.0025882E-02   8.8979289E-03
   5.9420290E-01   2.1673117E+05   1.0451222E+05   3.2124339E+05   9.1179971E-03   1.0571718E-02   9.5844697E-03
   6.0869565E-01   2.0623067E+05   1.0164496E+05   3.0787563E+05   1.1695050E-02   1.0182392E-02   1.1189283E-02
   6.2318841E-01   1.9963718E+05   9.6197315E+04   2.9583450E+05   1.1230290E-02   9.0830160E-03   1.0518115E-02
   6.3768116E-01   1.8750539E+05   9.3597702E+04   2.8110309E+05   1.0239676E-02   1.3097197E-02   1.1141014E-02
   6.5217391E-01   1.7995404E+05   8.5961017E+04   2.6589822E+05   1.0551117E-02   1.1041620E-02   1.0703142E-02
   6.6666667E-01   1.7070490E+05   8.2873332E+04   2.5356176E+05   1.1174982E-02   1.2397276E-02   1.1571117E-02
   6.8115942E-01   1.5944714E+05   7.9239911E+04   2.3868706E+05   1.1917817E-02   1.3312676E-02   1.2360750E-02
   6.9565217E-01   1.5202092E+05   7.4684422E+04   2.2670534E+05   1.5141419E-02   1.4599018E-02   1.4943498E-02
   7.1014493E-01   1.4197511E+05   7.1474673E+04   2.1344978E+05   1.5280934E-02   1.3414088E-02   1.4652376E-02
   7.2463768E-01   1.3890829E+05   6.5286593E+04   2.0417973E+05   1.7640499E-02   1.6282127E-02   1.7209329E-02
   7.3913043E-01   1.2710661E+05   6.3412160E+04   1.9051877E+05   1.7682575E-02   1.6354697E-02   1.7240062E-02
   7.5362319E-01   1.2386080E+05   5.9540617E+04   1.8340142E+05   1.7237018E-02   1.3957604E-02   1.6172004E-02
   7.6811594E-01   1.1461840E+05   5.4585635E+04   1.6920403E+05   1.8101747E-02   2.0724774E-02   1.8942271E-02
   7.8260870E-01   1.0757054E+05   5.2662700E+04   1.6023324E+05   2.0528525E-02   2.0438389E-02   2.0496130E-02
   7.9710145E-01   1.0316241E+05   5.1099007E+04   1.5426141E+05   2.1162155E-02   1.9839973E-02   2.0696115E-02
   8.1159420E-01   9.7504474E+04   4.6167814E+04   1.4367229E+05   2.7110976E-02   2.6981523E-02   2.7066787E-02
   8.2608696E-01   8.8734954E+04   4.3151110E+04   1.3188606E+05   2.5148398E-02   2.0932079E-02   2.3766086E-02
   8.4057971E-01   8.4435383E+04   4.0839394E+04   1.2527478E+05   2.4060715E-02   2.6907407E-02   2.4919211E-02
   8.5507246E-01   8.0422832E+04   3.8683100E+04   1.1910593E+05   3.0609348E-02   2.6808575E-02   2.9320969E-02
   8.6956522E-01   7.4043503E+04   3.5941977E+04   1.0998548E+05   3.2413146E-02   2.5978969E-02   3.0162507E-02
   8.8405797E-01   6.7860910E+04   3.3576430E+04   1.0143734E+05   3.2746917E-02   3.5265983E-02   3.3564793E-02
   8.9855072E-01   6.2452169E+04   3.0981653E+04   9.3433822E+04   3.3411376E-02   3.1177025E-02   3.2670471E-02
   9.1304348E-01   5.8405863E+04   2.8793994E+04   8.7199856E+04   3.4700443E-02   3.4971537E-02   3.4682494E-02
   9.2753623E-01   5.1798406E+04   2.5159226E+04   7.6957632E+04   3.7131494E-02   4.1339997E-02   3.8482780E-02
   9.4202899E-01   4.9252884E+04   2.2837018E+04   7.2089902E+04   4.5792042E-02   4.8422444E-02   4.6577173E-02
   9.5652174E-01   4.2008463E+04   2.0516295E+04   6.2524757E+04   5.0428806E-02   5.1870272E-02   5.0900399E-02
   9.7101449E-01   3.8327905E+04   1.7258301E+04   5.5586206E+04   6.1664536E-02   5.3487742E-02   5.8997458E-02
   9.8550725E-01   2.6520784E+04   1.3004099E+04   3.9524883E+04   6.5241242E-02   6.3455009E-02   6.4652306E-02
   1.0000000E+00   1.0876394E+04   5.6898639E+03   1.6566258E+04   8.4535232E-02   5.3688694E-02   7.3876122E-02
