   0.0000000E+00   3.9914441E+10   2.0100523E+10   5.9513591E+10   6.8917489E-08   1.0900829E-08   4.8530070E-08
   1.4492754E-02   1.1744919E+05   4.8495148E+04   1.6594433E+05   1.1766950E-01   1.2443495E-01   1.1964662E-01
   2.8985507E-02   5.6451383E+04   2.6520784E+04   8.2972167E+04   1.4412636E-01   1.0238674E-01   1.3078493E-01
   4.3478261E-02   3.6876519E+04   1.7680523E+04   5.4557041E+04   1.3850480E-01   1.1123317E-01   1.2966677E-01
   5.7971014E-02   2.6520784E+04   1.2881524E+04   3.9402308E+04   1.4301419E-01   8.5893533E-02   1.2434013E-01
   7.2463768E-02   1.6973302E+04   1.0608314E+04   2.7581615E+04   1.1401375E-01   1.0474011E-01   1.1044696E-01
   8.6956522E-02   1.6165049E+04   9.5979980E+03   2.5763047E+04   1.6778341E-01   1.3898731E-01   1.5705545E-01
   1.0144928E-01   1.3964005E+04   7.5773668E+03   2.1541371E+04   1.3958477E-01   1.2445574E-01   1.3425906E-01
   1.1594203E-01   1.2976241E+04   6.2513276E+03   1.9227568E+04   1.5916014E-01   1.4310208E-01   1.5393929E-01
   1.3043478E-01   1.0524121E+04   5.5567357E+03   1.6080856E+04   1.2002079E-01   1.2764924E-01   1.2265677E-01
   1.4492754E-01   9.7748032E+03   4.9252884E+03   1.4700092E+04   1.3686081E-01   1.2977071E-01   1.3448516E-01
   1.5942029E-01   8.5417590E+03   4.9597310E+03   1.3501490E+04   1.3060964E-01   1.1056949E-01   1.2324795E-01
   1.7391304E-01   7.2616432E+03   4.9252884E+03   1.2186932E+04   1.3301484E-01   1.3787472E-01   1.3497894E-01
   1.8840580E-01   7.2276422E+03   3.4972462E+03   1.0724888E+04   1.5734290E-01   1.4615015E-01   1.5369309E-01
   2.0289855E-01   7.0902504E+03   4.2757999E+03   1.1366050E+04   1.2060738E-01   1.2978772E-01   1.2404876E-01
   2.1739130E-01   5.8093146E+03   2.6268205E+03   8.4361351E+03   1.2737397E-01   1.1599014E-01   1.2382930E-01
   2.3188406E-01   6.0618935E+03   3.5045322E+03   9.5664256E+03   1.4969707E-01   1.3672214E-01   1.4492495E-01
   2.4637681E-01   5.4378750E+03   2.2286373E+03   7.6665123E+03   1.4473881E-01   1.7537779E-01   1.5364549E-01
   2.6086957E-01   4.5885166E+03   2.1048241E+03   6.6933407E+03   1.4837177E-01   1.3130251E-01   1.4300408E-01
   2.7536232E-01   5.2243950E+03   1.9541630E+03   7.1785581E+03   1.3655532E-01   1.0865190E-01   1.2895939E-01
   2.8985507E-01   4.5464201E+03   2.6520784E+03   7.1984985E+03   1.4219323E-01   1.8982792E-01   1.5974285E-01
   3.0434783E-01   4.5103374E+03   2.1649620E+03   6.6752994E+03   1.3311192E-01   1.9978038E-01   1.5473413E-01
   3.1884058E-01   3.8231260E+03   2.0665546E+03   5.8896806E+03   1.6144879E-01   1.5204214E-01   1.5814821E-01
   3.3333333E-01   3.6239581E+03   2.1414298E+03   5.7653878E+03   1.8516639E-01   1.4801461E-01   1.7136716E-01
   3.4782609E-01   3.5045322E+03   1.6733352E+03   5.1778673E+03   1.6268726E-01   1.3781631E-01   1.5464969E-01
   3.6231884E-01   3.3340414E+03   1.2426882E+03   4.5767296E+03   1.4399973E-01   1.2783847E-01   1.3961127E-01
   3.7681159E-01   2.8560844E+03   1.4863296E+03   4.3424141E+03   1.4840532E-01   1.6451672E-01   1.5391996E-01
   3.9130435E-01   3.0028824E+03   1.5435377E+03   4.5464201E+03   1.7415639E-01   1.6193182E-01   1.7000607E-01
   4.0579710E-01   2.8415126E+03   1.2989772E+03   4.1404897E+03   1.7304441E-01   1.4467576E-01   1.6414444E-01
   4.2028986E-01   2.6651428E+03   1.0712829E+03   3.7364257E+03   1.4367860E-01   1.3980799E-01   1.4256884E-01
   4.3478261E-01   2.6015626E+03   1.2123787E+03   3.8139413E+03   1.6027801E-01   1.6799772E-01   1.6273196E-01
   4.4927536E-01   2.4931981E+03   1.2221559E+03   3.7153541E+03   1.5784813E-01   1.4215832E-01   1.5268692E-01
   4.6376812E-01   2.2732101E+03   1.3497185E+03   3.6229285E+03   1.5346774E-01   1.6415016E-01   1.5744746E-01
   4.7826087E-01   2.2272866E+03   1.2169710E+03   3.4442577E+03   1.7266317E-01   1.8376567E-01   1.7657833E-01
   4.9275362E-01   2.1394918E+03   1.0251732E+03   3.1646650E+03   1.9052871E-01   1.6550911E-01   1.8242377E-01
   5.0724638E-01   2.0783635E+03   1.0824810E+03   3.1608445E+03   1.7062237E-01   2.0292427E-01   1.8167994E-01
   5.2173913E-01   1.7470040E+03   9.0507437E+02   2.6520784E+03   1.5548626E-01   1.8053747E-01   1.6403530E-01
   5.3623188E-01   1.4130765E+03   7.5773668E+02   2.1708132E+03   1.7556743E-01   1.9470023E-01   1.8224586E-01
   5.5072464E-01   1.9142821E+03   1.0169624E+03   2.9312445E+03   1.7825458E-01   1.9704054E-01   1.8477216E-01
   5.6521739E-01   1.8457688E+03   6.6059096E+02   2.5063598E+03   1.9184310E-01   1.8482707E-01   1.8999391E-01
   5.7971014E-01   1.4207563E+03   7.3879327E+02   2.1595495E+03   1.8454930E-01   1.6258457E-01   1.7703505E-01
   5.9420290E-01   1.5524361E+03   8.8710636E+02   2.4395425E+03   1.9084776E-01   1.6391372E-01   1.8105160E-01
   6.0869565E-01   1.1366050E+03   6.4948859E+02   1.7860936E+03   2.2296924E-01   1.7279985E-01   2.0472583E-01
   6.2318841E-01   1.4273645E+03   5.6389707E+02   1.9912615E+03   2.1830269E-01   1.9483227E-01   2.1165620E-01
   6.3768116E-01   1.3260392E+03   6.1996638E+02   1.9460056E+03   2.2259704E-01   1.6965793E-01   2.0572420E-01
   6.5217391E-01   1.2628945E+03   8.0825246E+02   2.0711469E+03   1.7375175E-01   2.2285185E-01   1.9290867E-01
   6.6666667E-01   1.0377698E+03   4.9417610E+02   1.5319459E+03   2.0533027E-01   1.9496022E-01   2.0198510E-01
   6.8115942E-01   1.0318117E+03   5.3202788E+02   1.5638395E+03   1.9517302E-01   1.7454626E-01   1.8815567E-01
   6.9565217E-01   1.1366050E+03   6.1566106E+02   1.7522661E+03   2.2039982E-01   1.9234044E-01   2.1054112E-01
   7.1014493E-01   8.9691281E+02   4.3299239E+02   1.3299052E+03   2.1139392E-01   2.3178254E-01   2.1801968E-01
   7.2463768E-01   8.9412929E+02   3.4855887E+02   1.2426882E+03   2.2735693E-01   2.0663307E-01   2.2154414E-01
   7.3913043E-01   8.1716701E+02   5.0515779E+02   1.3223248E+03   2.1615702E-01   1.6626337E-01   1.9709652E-01
   7.5362319E-01   8.1602412E+02   4.5172764E+02   1.2677518E+03   2.0387762E-01   2.1077077E-01   2.0630543E-01
   7.6811594E-01   9.4359663E+02   3.5742296E+02   1.3010196E+03   2.2902943E-01   2.1730702E-01   2.2580899E-01
   7.8260870E-01   7.9983317E+02   3.2273970E+02   1.1225729E+03   2.5390483E-01   2.1877667E-01   2.4380548E-01
   7.9710145E-01   7.3018262E+02   3.9953389E+02   1.1297165E+03   2.4888796E-01   2.6003799E-01   2.5283127E-01
   8.1159420E-01   7.7126770E+02   3.2474429E+02   1.0960120E+03   2.2666510E-01   2.3695695E-01   2.2971454E-01
   8.2608696E-01   7.4444306E+02   2.9245977E+02   1.0369028E+03   2.2121405E-01   2.2076579E-01   2.2108761E-01
   8.4057971E-01   5.3564145E+02   2.4822409E+02   7.8386554E+02   2.8022790E-01   2.7615259E-01   2.7893739E-01
   8.5507246E-01   5.7793476E+02   2.6970289E+02   8.4763765E+02   2.7190365E-01   3.1272142E-01   2.8489112E-01
   8.6956522E-01   5.8093146E+02   2.7783678E+02   8.5876824E+02   2.6377119E-01   2.9051286E-01   2.7242291E-01
   8.8405797E-01   4.7203269E+02   2.8570400E+02   7.5773668E+02   2.5453648E-01   2.0200945E-01   2.3473120E-01
   8.9855072E-01   3.7886834E+02   3.5442522E+02   7.3329357E+02   2.4803629E-01   2.1707309E-01   2.3307074E-01
   9.1304348E-01   5.8935075E+02   1.2027566E+02   7.0962642E+02   2.5264278E-01   3.1371393E-01   2.6299382E-01
   9.2753623E-01   3.1967016E+02   1.7759454E+02   4.9726470E+02   2.3036769E-01   2.5948737E-01   2.4076757E-01
   9.4202899E-01   3.3806714E+02   1.8651980E+02   5.2458694E+02   2.5375519E-01   2.7795436E-01   2.6235934E-01
   9.5652174E-01   2.4109804E+02   1.6073202E+02   4.0183006E+02   2.7198698E-01   2.3383675E-01   2.5672294E-01
   9.7101449E-01   3.5059459E+02   1.4702354E+02   4.9761812E+02   2.1451604E-01   2.5567693E-01   2.2667721E-01
   9.8550725E-01   2.1172054E+02   1.0028868E+02   3.1200922E+02   1.3230231E-01   2.3395483E-01   1.6497634E-01
   1.0000000E+00   8.7536368E+01   4.3768184E+01   1.3130455E+02   4.2738926E-01   2.1412502E-01   3.5630118E-01
