   0.0000000E+00   3.9910361E+10   2.0091503E+10   5.9454736E+10   9.3801253E-08   1.8700599E-08   6.9285734E-08
   1.4492754E-02   9.6232559E+04   5.9103461E+04   1.5533602E+05   1.2474095E-01   1.0274172E-01   1.1637051E-01
   2.8985507E-02   4.9252884E+04   2.5005311E+04   7.4258195E+04   1.2441417E-01   9.2949188E-02   1.1381882E-01
   4.3478261E-02   3.7886834E+04   1.7427944E+04   5.5314778E+04   1.5177294E-01   1.2228650E-01   1.4248269E-01
   5.7971014E-02   2.8983428E+04   1.2123787E+04   4.1107215E+04   1.2808126E-01   1.1480421E-01   1.2416545E-01
   7.2463768E-02   2.3792932E+04   9.0928402E+03   3.2885772E+04   1.2025910E-01   7.4560380E-02   1.0762333E-01
   8.6956522E-02   1.7680523E+04   8.7139719E+03   2.6394494E+04   1.2078198E-01   1.3439470E-01   1.2527045E-01
   1.0144928E-01   1.2232035E+04   1.0175321E+04   2.2407356E+04   1.5412912E-01   1.1919561E-01   1.3825408E-01
   1.1594203E-01   1.3165675E+04   6.1566106E+03   1.9322285E+04   1.3152310E-01   1.1728553E-01   1.2698569E-01
   1.3043478E-01   1.1534436E+04   5.3041568E+03   1.6838593E+04   1.2070918E-01   1.1333108E-01   1.1838306E-01
   1.4492754E-01   8.0320089E+03   4.8495148E+03   1.2881524E+04   1.3757805E-01   1.1313083E-01   1.2837439E-01
   1.5942029E-01   9.7128066E+03   3.7197983E+03   1.3432605E+04   1.2408617E-01   1.5882182E-01   1.3370527E-01
   1.7391304E-01   8.5876824E+03   4.2306965E+03   1.2818379E+04   1.2745821E-01   1.3867615E-01   1.3116068E-01
   1.8840580E-01   7.1110673E+03   3.0892342E+03   1.0200302E+04   1.2965609E-01   1.3808680E-01   1.3220903E-01
   2.0289855E-01   7.0902504E+03   3.5721872E+03   1.0662438E+04   1.3846728E-01   1.2211291E-01   1.3295577E-01
   2.1739130E-01   6.2134408E+03   3.2330099E+03   9.4464507E+03   1.5419444E-01   1.2207062E-01   1.4319893E-01
   2.3188406E-01   6.0145349E+03   2.6047199E+03   8.6192548E+03   1.5958519E-01   1.1848978E-01   1.4714353E-01
   2.4637681E-01   5.3933023E+03   3.2092377E+03   8.6025400E+03   1.2504346E-01   1.7715940E-01   1.4448515E-01
   2.6086957E-01   5.3462533E+03   3.0730432E+03   8.4192965E+03   1.3700972E-01   1.4610746E-01   1.4033040E-01
   2.7536232E-01   4.0279687E+03   2.5523762E+03   6.5803449E+03   1.3189724E-01   1.5775140E-01   1.4192552E-01
   2.8985507E-01   4.6979674E+03   2.4247574E+03   7.1227248E+03   1.2850777E-01   1.5788246E-01   1.3850765E-01
   3.0434783E-01   4.2216758E+03   2.3814581E+03   6.6031340E+03   1.6581405E-01   1.7140370E-01   1.6782999E-01
   3.1884058E-01   3.5131428E+03   1.5154734E+03   5.0286162E+03   1.7310227E-01   1.3003656E-01   1.6012278E-01
   3.3333333E-01   4.7770356E+03   1.6143086E+03   6.3913442E+03   1.7056978E-01   1.3638305E-01   1.6193489E-01
   3.4782609E-01   3.7571111E+03   1.8311970E+03   5.5883080E+03   1.4602877E-01   1.5046969E-01   1.4748399E-01
   3.6231884E-01   3.3340414E+03   1.6367112E+03   4.9707526E+03   1.6060131E-01   1.6083028E-01   1.6067670E-01
   3.7681159E-01   3.0600905E+03   1.3988985E+03   4.4589889E+03   1.6090324E-01   1.6138245E-01   1.6105040E-01
   3.9130435E-01   2.7503035E+03   1.2348302E+03   3.9851337E+03   1.8518204E-01   1.6097339E-01   1.7767940E-01
   4.0579710E-01   2.3814581E+03   1.5966594E+03   3.9781176E+03   1.5471915E-01   1.7897071E-01   1.6444997E-01
   4.2028986E-01   2.4299832E+03   1.4109580E+03   3.8409411E+03   1.4166723E-01   1.3710212E-01   1.3998435E-01
   4.3478261E-01   2.2984679E+03   1.0103156E+03   3.3087835E+03   1.8896837E-01   1.7144601E-01   1.8361050E-01
   4.4927536E-01   2.0776651E+03   1.3688147E+03   3.4464798E+03   1.7048075E-01   1.9629777E-01   1.8072368E-01
   4.6376812E-01   2.3442479E+03   1.0655672E+03   3.4098151E+03   1.7213178E-01   1.8326020E-01   1.7560892E-01
   4.7826087E-01   2.1354397E+03   9.4143043E+02   3.0768702E+03   1.9624755E-01   1.1582870E-01   1.7162939E-01
   4.9275362E-01   2.2286373E+03   1.3594688E+03   3.5881061E+03   2.1547614E-01   1.8479552E-01   2.0382758E-01
   5.0724638E-01   2.3814581E+03   7.7938630E+02   3.1608445E+03   1.6189045E-01   1.7486009E-01   1.6508844E-01
   5.2173913E-01   1.9995829E+03   1.0945085E+03   3.0940915E+03   1.6555127E-01   1.6713755E-01   1.6611107E-01
   5.3623188E-01   2.0274576E+03   1.1263653E+03   3.1538230E+03   1.7349260E-01   2.1819857E-01   1.8945501E-01
   5.5072464E-01   1.6550564E+03   9.5714107E+02   2.6121975E+03   1.7969766E-01   1.3938986E-01   1.6492839E-01
   5.6521739E-01   2.0012020E+03   6.2173266E+02   2.6229347E+03   2.0266463E-01   2.1842571E-01   2.0640059E-01
   5.7971014E-01   1.3828694E+03   5.8724593E+02   1.9701154E+03   1.9143367E-01   1.6686602E-01   1.8410133E-01
   5.9420290E-01   1.5154734E+03   9.2406913E+02   2.4395425E+03   1.6847588E-01   1.4315889E-01   1.5888611E-01
   6.0869565E-01   1.4252666E+03   6.8557129E+02   2.1108379E+03   2.0275128E-01   2.1322359E-01   2.0615255E-01
   6.2318841E-01   1.4097427E+03   5.6389707E+02   1.9736397E+03   1.6558672E-01   2.2335464E-01   1.8207658E-01
   6.3768116E-01   1.2743753E+03   7.4051540E+02   2.0148907E+03   1.9631974E-01   2.0465778E-01   1.9937445E-01
   6.5217391E-01   1.3470874E+03   7.5773668E+02   2.1048241E+03   2.0105100E-01   1.7424539E-01   1.9139719E-01
   6.6666667E-01   1.1695501E+03   7.0831907E+02   1.8778692E+03   2.3412384E-01   2.5032680E-01   2.4023485E-01
   6.8115942E-01   1.2091543E+03   4.5141760E+02   1.6605719E+03   1.9678119E-01   2.2104414E-01   2.0333080E-01
   6.9565217E-01   1.0103156E+03   6.1566106E+02   1.6259766E+03   1.8316478E-01   2.3859986E-01   2.0415413E-01
   7.1014493E-01   1.2061931E+03   4.7938443E+02   1.6855775E+03   1.9301384E-01   2.0645011E-01   1.9683517E-01
   7.2463768E-01   9.6990296E+02   5.4557041E+02   1.5154734E+03   1.9024582E-01   2.5277433E-01   2.1275608E-01
   7.3913043E-01   1.0103156E+03   5.6458812E+02   1.5749037E+03   2.1982594E-01   2.6190441E-01   2.3490746E-01
   7.5362319E-01   8.8888342E+02   3.7886834E+02   1.2677518E+03   2.3076659E-01   1.7877766E-01   2.1522967E-01
   7.6811594E-01   7.7203360E+02   4.0031372E+02   1.1723473E+03   2.0320163E-01   2.1286647E-01   2.0650173E-01
   7.8260870E-01   9.2612261E+02   2.8064322E+02   1.2067658E+03   2.1676806E-01   2.6976822E-01   2.2905505E-01
   7.9710145E-01   6.6129747E+02   3.9953389E+02   1.0608314E+03   2.6570638E-01   1.8263078E-01   2.3441817E-01
   8.1159420E-01   6.0889555E+02   3.6533733E+02   9.7423288E+02   2.3473390E-01   1.8473947E-01   2.1598599E-01
   8.2608696E-01   7.8432394E+02   3.7222153E+02   1.1565455E+03   2.2947937E-01   2.7427376E-01   2.4389595E-01
   8.4057971E-01   6.0096358E+02   2.7435294E+02   8.7531651E+02   2.2638503E-01   2.6974882E-01   2.3997667E-01
   8.5507246E-01   4.3666182E+02   1.9264492E+02   6.2930674E+02   2.3727149E-01   2.3701094E-01   2.3719173E-01
   8.6956522E-01   6.0618935E+02   3.6623940E+02   9.7242874E+02   2.3334598E-01   2.0572670E-01   2.2294392E-01
   8.8405797E-01   5.5898608E+02   2.9812591E+02   8.5711199E+02   2.4512655E-01   2.2901587E-01   2.3952283E-01
   8.9855072E-01   4.8886238E+02   3.1776054E+02   8.0662292E+02   2.6419483E-01   2.9989090E-01   2.7825692E-01
   9.1304348E-01   4.4501996E+02   2.6460646E+02   7.0962642E+02   2.8225276E-01   2.8219782E-01   2.8223227E-01
   9.2753623E-01   2.7231162E+02   1.4207563E+02   4.1438725E+02   2.0969190E-01   1.2609244E-01   1.8102923E-01
   9.4202899E-01   4.4298452E+02   1.9817729E+02   6.4116181E+02   2.4564254E-01   2.1911838E-01   2.3744417E-01
   9.5652174E-01   3.0998319E+02   1.1480859E+02   4.2479178E+02   2.7005823E-01   2.5014462E-01   2.6467618E-01
   9.7101449E-01   3.0535657E+02   1.2440453E+02   4.2976110E+02   2.1799854E-01   2.2774220E-01   2.2081907E-01
   9.8550725E-01   1.2257505E+02   5.5715933E+01   1.7829098E+02   2.6938274E-01   3.3575796E-01   2.9012500E-01
   1.0000000E+00   8.7536368E+01   8.7536368E+01   1.7507274E+02   2.1404477E-01   3.1698017E-01   2.6551247E-01
