   0.0000000E+00   3.9888574E+10   2.0114593E+10   5.9414006E+10   4.3084841E-08   4.0538057E-08   4.2649866E-08
   1.4492754E-02   5.0768358E+04   3.3340414E+04   8.4108772E+04   1.2467627E-01   1.1772587E-01   1.2192116E-01
   2.8985507E-02   2.5005311E+04   1.5912470E+04   4.0917781E+04   1.2436527E-01   1.4941212E-01   1.3407965E-01
   4.3478261E-02   1.5659891E+04   8.0825246E+03   2.3742416E+04   1.4223629E-01   8.1055034E-02   1.2140696E-01
   5.7971014E-02   1.6101905E+04   5.6830251E+03   2.1784930E+04   1.3573624E-01   9.3703721E-02   1.2473162E-01
   7.2463768E-02   1.1366050E+04   4.0917781E+03   1.5457828E+04   1.4836888E-01   1.3390228E-01   1.4453043E-01
   8.6956522E-02   8.9665508E+03   6.0618935E+03   1.5028444E+04   1.4034749E-01   7.2987348E-02   1.1314829E-01
   1.0144928E-01   7.2526225E+03   3.3556910E+03   1.0608314E+04   1.0188395E-01   9.7998767E-02   1.0060345E-01
   1.1594203E-01   5.8724593E+03   3.0309467E+03   8.9034060E+03   1.2101861E-01   1.3181526E-01   1.2465415E-01
   1.3043478E-01   4.7989990E+03   2.4415960E+03   7.2405950E+03   1.4093025E-01   1.5476400E-01   1.4546690E-01
   1.4492754E-01   5.0010621E+03   2.7278521E+03   7.7289142E+03   1.4354757E-01   1.3634456E-01   1.4100533E-01
   1.5942029E-01   3.9953389E+03   2.2732101E+03   6.2685489E+03   1.3237670E-01   1.4305605E-01   1.3624941E-01
   1.7391304E-01   3.9781176E+03   2.5889337E+03   6.5670513E+03   1.4874361E-01   1.1125191E-01   1.3394462E-01
   1.8840580E-01   4.3715578E+03   1.2240362E+03   5.5955940E+03   1.2799767E-01   1.8011118E-01   1.3939659E-01
   2.0289855E-01   4.3299239E+03   2.1108379E+03   6.4407618E+03   1.2401757E-01   1.5058645E-01   1.3271463E-01
   2.1739130E-01   3.0814625E+03   1.5154734E+03   4.5969359E+03   1.6623366E-01   1.6349328E-01   1.6533024E-01
   2.3188406E-01   3.2677395E+03   9.4717086E+02   4.2149103E+03   1.4455848E-01   1.4244387E-01   1.4407758E-01
   2.4637681E-01   2.8526558E+03   1.4263279E+03   4.2789836E+03   1.4898808E-01   1.2657454E-01   1.4148768E-01
   2.6086957E-01   2.4415960E+03   1.6417628E+03   4.0833588E+03   1.2879183E-01   1.5396315E-01   1.3846370E-01
   2.7536232E-01   1.7946395E+03   1.5154734E+03   3.3101129E+03   1.5805639E-01   1.6942047E-01   1.6325805E-01
   2.8985507E-01   1.9322285E+03   7.9562352E+02   2.7278521E+03   1.4742749E-01   1.5908504E-01   1.5081201E-01
   3.0434783E-01   2.5257889E+03   9.0206748E+02   3.4278564E+03   1.0945672E-01   1.5790669E-01   1.2205621E-01
   3.1884058E-01   2.1009972E+03   1.2054902E+03   3.3064873E+03   1.1523165E-01   1.5956337E-01   1.3135860E-01
   3.3333333E-01   1.8119790E+03   6.9184654E+02   2.5038256E+03   1.8866409E-01   1.2697790E-01   1.7158712E-01
   3.4782609E-01   1.7996246E+03   8.2088141E+02   2.6205060E+03   1.5065416E-01   1.3132212E-01   1.4427958E-01
   3.6231884E-01   2.0913532E+03   6.9711775E+02   2.7884710E+03   1.2298945E-01   1.9048204E-01   1.3984306E-01
   3.7681159E-01   1.8360543E+03   8.1602412E+02   2.6520784E+03   1.2352502E-01   1.6605634E-01   1.3657215E-01
   3.9130435E-01   1.4312804E+03   7.8580101E+02   2.2170814E+03   1.5569641E-01   1.0668135E-01   1.3826732E-01
   4.0579710E-01   1.4884113E+03   6.2242656E+02   2.1108379E+03   1.6549857E-01   8.0788056E-02   1.4044630E-01
   4.2028986E-01   1.3848291E+03   9.4063864E+02   2.3254678E+03   1.8377338E-01   1.6246473E-01   1.7497809E-01
   4.3478261E-01   1.2123787E+03   7.0722091E+02   1.9195996E+03   1.9821965E-01   1.2456588E-01   1.7107155E-01
   4.4927536E-01   1.3932578E+03   4.8886238E+02   1.8821202E+03   1.8395285E-01   1.6372838E-01   1.7856250E-01
   4.6376812E-01   1.1602843E+03   5.9198178E+02   1.7522661E+03   1.4167265E-01   1.6172437E-01   1.4841622E-01
   4.7826087E-01   1.3317796E+03   6.6588981E+02   1.9976694E+03   1.9172580E-01   2.0118360E-01   1.9487839E-01
   4.9275362E-01   1.3371824E+03   3.5658197E+02   1.6937644E+03   1.8309167E-01   5.2702473E-02   1.5488431E-01
   5.0724638E-01   1.1907291E+03   4.7629163E+02   1.6670207E+03   2.1709288E-01   1.8850650E-01   2.0885440E-01
   5.2173913E-01   9.0507437E+02   5.8935075E+02   1.4944251E+03   1.8689879E-01   1.5705846E-01   1.7512366E-01
   5.3623188E-01   9.4205101E+02   4.5054614E+02   1.3925971E+03   1.4323454E-01   2.1806697E-01   1.6742122E-01
   5.5072464E-01   8.3749844E+02   4.7857054E+02   1.3160690E+03   1.9565066E-01   1.9901950E-01   1.9687568E-01
   5.6521739E-01   1.0103156E+03   3.4972462E+02   1.3600402E+03   1.8542176E-01   2.4292105E-01   2.0019343E-01
   5.7971014E-01   8.3351035E+02   3.2203809E+02   1.1555484E+03   1.8354958E-01   2.0120276E-01   1.8846801E-01
   5.9420290E-01   6.8381115E+02   3.5114627E+02   1.0349574E+03   1.5691495E-01   2.0323572E-01   1.7247189E-01
   6.0869565E-01   7.7577803E+02   3.9690969E+02   1.1726877E+03   1.9543428E-01   2.1861314E-01   2.0324894E-01
   6.2318841E-01   5.2865350E+02   3.1719210E+02   8.4584560E+02   1.4371930E-01   2.0697687E-01   1.6741492E-01
   6.3768116E-01   7.2329411E+02   2.4109804E+02   9.6439214E+02   1.5374005E-01   1.9627716E-01   1.6435153E-01
   6.5217391E-01   5.7251216E+02   3.3677186E+02   9.0928402E+02   1.3864826E-01   1.7830658E-01   1.5329937E-01
   6.6666667E-01   5.4359371E+02   3.6239581E+02   9.0598951E+02   2.1050613E-01   1.5791503E-01   1.8946794E-01
   6.8115942E-01   5.1590583E+02   2.9019703E+02   8.0610286E+02   2.5887875E-01   2.2736016E-01   2.4746997E-01
   6.9565217E-01   5.9987487E+02   2.8415126E+02   8.8402613E+02   2.0015228E-01   2.2733767E-01   2.0884750E-01
   7.1014493E-01   4.6392042E+02   2.0103218E+02   6.6495260E+02   2.5449968E-01   2.2843134E-01   2.4661797E-01
   7.2463768E-01   5.1526095E+02   2.5763047E+02   7.7289142E+02   2.2633348E-01   2.2460231E-01   2.2574239E-01
   7.3913043E-01   5.7944570E+02   2.8229406E+02   8.6173976E+02   2.2637817E-01   2.1818688E-01   2.2358884E-01
   7.5362319E-01   3.2058090E+02   1.6029045E+02   4.8087136E+02   2.2202490E-01   2.8268914E-01   2.4224631E-01
   7.6811594E-01   4.5750139E+02   2.8593837E+02   7.4343977E+02   2.3817353E-01   2.6770756E-01   2.4946765E-01
   7.8260870E-01   4.6306131E+02   2.2451457E+02   6.8757588E+02   2.2144457E-01   2.2298106E-01   2.2194102E-01
   7.9710145E-01   3.3064873E+02   2.0665546E+02   5.3730419E+02   2.1697580E-01   1.7219043E-01   1.9915976E-01
   8.1159420E-01   3.3827531E+02   2.1649620E+02   5.5477150E+02   1.7853490E-01   2.1767500E-01   1.9380908E-01
   8.2608696E-01   3.7222153E+02   3.1904702E+02   6.9126855E+02   2.5368721E-01   2.1690418E-01   2.3670814E-01
   8.4057971E-01   2.3515966E+02   2.6128851E+02   4.9644817E+02   2.4248505E-01   2.1709857E-01   2.2897984E-01
   8.5507246E-01   2.8254588E+02   2.5685989E+01   3.0823187E+02   2.8814061E-01   4.2485680E-01   2.9949400E-01
   8.6956522E-01   2.9046573E+02   1.2628945E+02   4.1675518E+02   1.9471756E-01   1.8806746E-01   1.9270238E-01
   8.8405797E-01   2.6086017E+02   1.7390678E+02   4.3476695E+02   2.4939512E-01   2.3440724E-01   2.4322071E-01
   8.9855072E-01   3.0553899E+02   7.3329357E+01   3.7886834E+02   2.6451130E-01   2.0615108E-01   2.5321578E-01
   9.1304348E-01   2.6460646E+02   9.6220531E+01   3.6082699E+02   2.1236019E-01   3.0199588E-01   2.3626133E-01
   9.2753623E-01   1.5391526E+02   1.1839636E+02   2.7231162E+02   1.8543414E-01   2.6025019E-01   2.1794640E-01
   9.4202899E-01   1.2823236E+02   9.3259900E+01   2.2149226E+02   2.6052463E-01   3.5104160E-01   2.9854586E-01
   9.5652174E-01   1.6073202E+02   6.8885153E+01   2.2961718E+02   2.4030176E-01   2.2790174E-01   2.3643544E-01
   9.7101449E-01   7.9166519E+01   6.7857016E+01   1.4702354E+02   2.3768980E-01   2.7712178E-01   2.5588917E-01
   9.8550725E-01   7.8002306E+01   1.1143187E+01   8.9145492E+01   2.3472868E-01   4.1549638E-01   2.5732438E-01
   1.0000000E+00   2.1884092E+01   0.0000000E+00   2.1884092E+01   3.4675029E-01   0.0000000E+00   3.4675029E-01
