   0.0000000E+00   3.9924982E+10   2.0094080E+10   5.9450262E+10   1.3350100E-08   7.2500671E-08   3.3470614E-08
   1.4492754E-02   5.3799305E+04   2.4247574E+04   7.8046878E+04   9.3359525E-02   1.0170885E-01   9.5953490E-02
   2.8985507E-02   3.0688336E+04   1.2123787E+04   4.2812123E+04   1.6175781E-01   1.0719403E-01   1.4630612E-01
   4.3478261E-02   1.6922786E+04   8.3351035E+03   2.5257889E+04   1.3105971E-01   1.6278352E-01   1.4152752E-01
   5.7971014E-02   1.5154734E+04   5.3041568E+03   2.0458890E+04   1.1649483E-01   1.5464992E-01   1.2637743E-01
   7.2463768E-02   1.1820692E+04   5.9103461E+03   1.7731038E+04   1.0683082E-01   1.5032709E-01   1.2132404E-01
   8.6956522E-02   8.8402613E+03   2.5257889E+03   1.1366050E+04   1.1051797E-01   1.2613158E-01   1.1396798E-01
   1.0144928E-01   7.9021111E+03   3.6804353E+03   1.1582546E+04   1.1670799E-01   1.1723286E-01   1.1686171E-01
   1.1594203E-01   7.1984985E+03   1.9890588E+03   9.1875573E+03   1.2550630E-01   1.6048270E-01   1.3307836E-01
   1.3043478E-01   7.0722091E+03   2.6941749E+03   9.7663839E+03   1.0965430E-01   1.0735469E-01   1.0900511E-01
   1.4492754E-01   5.8345725E+03   2.0458890E+03   7.8804615E+03   1.5809046E-01   1.4606380E-01   1.5496808E-01
   1.5942029E-01   4.0642240E+03   2.4109804E+03   6.4752044E+03   1.1704780E-01   1.0652696E-01   1.1286657E-01
   1.7391304E-01   4.1044070E+03   1.8311970E+03   5.9356040E+03   1.4466698E-01   1.3160465E-01   1.4061497E-01
   1.8840580E-01   3.1475216E+03   1.6320482E+03   4.7795699E+03   1.1664649E-01   9.4907318E-02   1.0921859E-01
   2.0289855E-01   3.7886834E+03   2.0567139E+03   5.8453973E+03   1.2575852E-01   1.2027851E-01   1.2381918E-01
   2.1739130E-01   3.3845572E+03   2.3742416E+03   5.7587988E+03   1.1050409E-01   1.3800822E-01   1.2183638E-01
   2.3188406E-01   2.4626442E+03   1.0418879E+03   3.5045322E+03   1.5464697E-01   1.4823298E-01   1.5263947E-01
   2.4637681E-01   1.9166281E+03   1.5600461E+03   3.4766742E+03   1.5290608E-01   1.6111508E-01   1.5658909E-01
   2.6086957E-01   2.1890171E+03   1.3891839E+03   3.5782010E+03   1.5919538E-01   1.6772042E-01   1.6246467E-01
   2.7536232E-01   2.0738057E+03   1.2761881E+03   3.3499938E+03   1.2810025E-01   1.1581356E-01   1.2332098E-01
   2.8985507E-01   1.9701154E+03   1.2123787E+03   3.1824941E+03   1.6225812E-01   1.0577390E-01   1.4068374E-01
   3.0434783E-01   2.4175408E+03   1.5154734E+03   3.9330142E+03   1.7984582E-01   1.4750822E-01   1.6737371E-01
   3.1884058E-01   1.9632269E+03   8.2662184E+02   2.7898487E+03   1.8082003E-01   1.1347748E-01   1.6086668E-01
   3.3333333E-01   1.5813635E+03   8.2362683E+02   2.4049903E+03   1.4793471E-01   1.5207101E-01   1.4900227E-01
   3.4782609E-01   2.0206312E+03   4.1044070E+02   2.4310719E+03   1.4297273E-01   2.2931661E-01   1.5754880E-01
   3.6231884E-01   1.3639260E+03   9.0928402E+02   2.2732101E+03   1.5592284E-01   1.5108278E-01   1.5398275E-01
   3.7681159E-01   1.7486231E+03   6.9944925E+02   2.4480724E+03   1.6689178E-01   1.6501157E-01   1.6635289E-01
   3.9130435E-01   1.5716020E+03   5.3322211E+02   2.1048241E+03   1.3899068E-01   1.6990642E-01   1.4650966E-01
   4.0579710E-01   1.4072253E+03   7.0361264E+02   2.1108379E+03   1.5469873E-01   1.6050578E-01   1.5663083E-01
   4.2028986E-01   1.4370868E+03   4.1806162E+02   1.8551484E+03   1.5651001E-01   1.3282230E-01   1.5117191E-01
   4.3478261E-01   1.3386681E+03   7.0722091E+02   2.0458890E+03   1.6046111E-01   2.0741726E-01   1.7668802E-01
   4.4927536E-01   1.3932578E+03   5.1330550E+02   1.9065633E+03   1.7770943E-01   1.8458487E-01   1.7956045E-01
   4.6376812E-01   1.1129258E+03   7.1037814E+02   1.8233039E+03   1.7265529E-01   2.1678075E-01   1.8980241E-01
   4.7826087E-01   8.7254527E+02   6.8885153E+02   1.5613968E+03   1.9574894E-01   1.7464003E-01   1.8643379E-01
   4.9275362E-01   1.2034641E+03   6.4630482E+02   1.8497690E+03   1.6707855E-01   1.3525127E-01   1.5594259E-01
   5.0724638E-01   9.0928402E+02   6.4948859E+02   1.5587726E+03   1.3554515E-01   2.2706102E-01   1.7367510E-01
   5.2173913E-01   9.0507437E+02   5.8935075E+02   1.4944251E+03   1.6636184E-01   1.5798231E-01   1.6305720E-01
   5.3623188E-01   1.0034891E+03   4.3006677E+02   1.4335559E+03   1.4621619E-01   2.2563755E-01   1.7002633E-01
   5.5072464E-01   8.1755800E+02   5.7827273E+02   1.3958307E+03   1.7857016E-01   2.0429010E-01   1.8921240E-01
   5.6521739E-01   6.6059096E+02   4.4687035E+02   1.1074613E+03   1.6658537E-01   1.7190814E-01   1.6865744E-01
   5.7971014E-01   6.8196302E+02   3.5992492E+02   1.0418879E+03   1.6995472E-01   2.0996942E-01   1.8370963E-01
   5.9420290E-01   7.7621807E+02   6.2836701E+02   1.4045851E+03   1.8509536E-01   1.5226256E-01   1.7039687E-01
   6.0869565E-01   5.7732319E+02   4.3299239E+02   1.0103156E+03   2.0149229E-01   1.8255265E-01   1.9337530E-01
   6.2318841E-01   5.8151885E+02   2.8194853E+02   8.6346738E+02   2.1811020E-01   1.4488899E-01   1.9363868E-01
   6.3768116E-01   6.1996638E+02   4.1331092E+02   1.0332773E+03   2.1925776E-01   2.1859423E-01   2.1898975E-01
   6.5217391E-01   7.2405950E+02   2.5257889E+02   9.7663839E+02   1.9579655E-01   1.4150010E-01   1.8175436E-01
   6.6666667E-01   6.7537400E+02   3.7886834E+02   1.0542423E+03   1.8923443E-01   1.6145823E-01   1.7914116E-01
   6.8115942E-01   5.8039406E+02   3.3856320E+02   9.1895726E+02   2.0002305E-01   2.1873151E-01   2.0691206E-01
   6.9565217E-01   5.5251633E+02   2.5257889E+02   8.0509523E+02   2.1652676E-01   2.2043863E-01   2.1775164E-01
   7.1014493E-01   4.6392042E+02   2.9381627E+02   7.5773668E+02   2.6936425E-01   2.6639109E-01   2.6797775E-01
   7.2463768E-01   5.7587988E+02   2.1216627E+02   7.8804615E+02   1.6440301E-01   1.1337464E-01   1.5036759E-01
   7.3913043E-01   5.7944570E+02   2.2286373E+02   8.0230943E+02   1.8355017E-01   2.5927856E-01   2.0458300E-01
   7.5362319E-01   4.0801206E+02   1.6029045E+02   5.6830251E+02   1.9035847E-01   2.4918249E-01   2.0694802E-01
   7.6811594E-01   5.0039215E+02   2.2875070E+02   7.2914285E+02   1.9807468E-01   2.2307598E-01   2.0589037E-01
   7.8260870E-01   2.5257889E+02   1.5435377E+02   4.0693266E+02   2.0042990E-01   1.1417819E-01   1.6771373E-01
   7.9710145E-01   3.7197983E+02   1.5154734E+02   5.2352716E+02   2.2714697E-01   1.7021154E-01   2.1064475E-01
   8.1159420E-01   2.9768227E+02   1.8943417E+02   4.8711644E+02   1.9337747E-01   1.8341245E-01   1.8948426E-01
   8.2608696E-01   2.9245977E+02   1.7281714E+02   4.6527691E+02   1.3369896E-01   2.5152364E-01   1.7746241E-01
   8.4057971E-01   3.1354621E+02   1.1757983E+02   4.3112604E+02   2.8387296E-01   3.1412930E-01   2.9210339E-01
   8.5507246E-01   3.8528984E+02   1.5411594E+02   5.3940578E+02   1.9248211E-01   2.7162706E-01   2.1504755E-01
   8.6956522E-01   2.9046573E+02   1.5154734E+02   4.4201307E+02   2.8266199E-01   3.2903106E-01   2.9855996E-01
   8.8405797E-01   3.4781356E+02   8.6953390E+01   4.3476695E+02   2.0786504E-01   2.6031131E-01   2.1834964E-01
   8.9855072E-01   2.8109587E+02   1.2221559E+02   4.0331146E+02   2.1782553E-01   2.8464390E-01   2.3807093E-01
   9.1304348E-01   2.2852376E+02   2.1649620E+02   4.4501996E+02   2.9580702E-01   2.9027545E-01   2.9311277E-01
   9.2753623E-01   2.1311344E+02   9.4717086E+01   3.0783053E+02   2.3101345E-01   1.9428616E-01   2.1967026E-01
   9.4202899E-01   2.3314975E+02   4.6629950E+01   2.7977970E+02   2.2347429E-01   6.4198660E-02   1.9667885E-01
   9.5652174E-01   1.4925117E+02   9.1846871E+01   2.4109804E+02   1.9426777E-01   1.0018717E-01   1.5842754E-01
   9.7101449E-01   7.9166519E+01   9.0476022E+01   1.6964254E+02   5.7009384E-02   3.1880731E-01   1.9663495E-01
   9.8550725E-01   5.5715933E+01   5.5715933E+01   1.1143187E+02   2.5674704E-01   1.6726008E-01   2.0860845E-01
   1.0000000E+00   2.1884092E+01   0.0000000E+00   2.1884092E+01   3.5307428E-05   0.0000000E+00   3.5307428E-05
