   0.0000000E+00   3.9895200E+10   2.0127869E+10   5.9447589E+10   3.4224123E-08   2.6323345E-08   2.5301872E-08
   1.4492754E-02   5.3799305E+04   1.8185680E+04   7.1984985E+04   1.0322323E-01   9.2979417E-02   1.0063532E-01
   2.8985507E-02   2.6899652E+04   1.4396997E+04   4.1296649E+04   1.3383428E-01   7.6785394E-02   1.1394568E-01
   4.3478261E-02   1.9448575E+04   6.3144724E+03   2.5763047E+04   1.1647864E-01   1.4352619E-01   1.2310794E-01
   5.7971014E-02   1.4965300E+04   6.0618935E+03   2.1027193E+04   1.2405585E-01   1.3313041E-01   1.2667194E-01
   7.2463768E-02   9.6990296E+03   5.1526095E+03   1.4851639E+04   1.1302421E-01   1.1805176E-01   1.1476846E-01
   8.6956522E-02   7.8299457E+03   5.5567357E+03   1.3386681E+04   1.4316117E-01   1.4788013E-01   1.4511999E-01
   1.0144928E-01   6.8196302E+03   4.0051796E+03   1.0824810E+04   1.3646414E-01   1.0166250E-01   1.2358754E-01
   1.1594203E-01   4.9252884E+03   3.3150980E+03   8.2403864E+03   1.3088810E-01   1.3294313E-01   1.3171483E-01
   1.3043478E-01   5.3883498E+03   2.1048241E+03   7.4931739E+03   1.3087548E-01   1.1601303E-01   1.2669909E-01
   1.4492754E-01   4.5464201E+03   2.3489837E+03   6.8954038E+03   1.4316181E-01   1.3626296E-01   1.4081165E-01
   1.5942029E-01   4.1331092E+03   1.7221288E+03   5.8552380E+03   9.8409443E-02   1.4547175E-01   1.1225130E-01
   1.7391304E-01   3.9781176E+03   1.6417628E+03   5.6198804E+03   1.1334150E-01   1.1054701E-01   1.1252513E-01
   1.8840580E-01   2.7977970E+03   1.5154734E+03   4.3132704E+03   1.0117882E-01   1.0769230E-01   1.0346734E-01
   2.0289855E-01   2.7062024E+03   1.6778455E+03   4.3840480E+03   1.4745142E-01   1.2983640E-01   1.4070987E-01
   2.1739130E-01   2.5257889E+03   1.4144418E+03   3.9402308E+03   1.1305287E-01   1.8888802E-01   1.4027574E-01
   2.3188406E-01   2.8415126E+03   1.8469832E+03   4.6884957E+03   1.4557912E-01   1.2388745E-01   1.3703392E-01
   2.4637681E-01   2.8526558E+03   1.4263279E+03   4.2789836E+03   1.2046210E-01   1.7051779E-01   1.3714733E-01
   2.6086957E-01   3.5361045E+03   1.0103156E+03   4.5464201E+03   1.4338515E-01   1.3953204E-01   1.4252891E-01
   2.7536232E-01   1.9940439E+03   1.5553542E+03   3.5493982E+03   1.0970826E-01   1.4787262E-01   1.2640641E-01
   2.8985507E-01   2.0837759E+03   1.4396997E+03   3.5234756E+03   1.5162118E-01   1.0914581E-01   1.3421649E-01
   3.0434783E-01   2.0567139E+03   1.0463983E+03   3.1031121E+03   1.4258767E-01   1.5199137E-01   1.4575869E-01
   3.1884058E-01   2.1698823E+03   6.8885153E+02   2.8587339E+03   1.5262678E-01   1.6590593E-01   1.5582658E-01
   3.3333333E-01   1.4166381E+03   7.2479161E+02   2.1414298E+03   1.3731274E-01   1.5044820E-01   1.4175859E-01
   3.4782609E-01   2.1153482E+03   4.4201307E+02   2.5573613E+03   1.2455163E-01   1.9000154E-01   1.3586396E-01
   3.6231884E-01   1.7579491E+03   1.0002124E+03   2.7581615E+03   1.7925367E-01   1.3943524E-01   1.6481402E-01
   3.7681159E-01   1.5154734E+03   1.0783176E+03   2.5937910E+03   2.0602670E-01   1.7240615E-01   1.9204962E-01
   3.9130435E-01   1.2067658E+03   5.6128643E+02   1.7680523E+03   1.7232031E-01   1.6030949E-01   1.6837840E-01
   4.0579710E-01   1.1636671E+03   7.5773668E+02   1.9214037E+03   1.5532867E-01   1.9822923E-01   1.7224720E-01
   4.2028986E-01   1.9335350E+03   8.8838094E+02   2.8219159E+03   1.4476638E-01   1.5394993E-01   1.4765750E-01
   4.3478261E-01   9.3454191E+02   9.0928402E+02   1.8438259E+03   1.3341971E-01   1.8275293E-01   1.5774842E-01
   4.4927536E-01   1.1977128E+03   7.5773668E+02   1.9554495E+03   1.7052743E-01   1.9776821E-01   1.8108323E-01
   4.6376812E-01   9.7085013E+02   4.9726470E+02   1.4681148E+03   1.4728458E-01   1.9982546E-01   1.6508068E-01
   4.7826087E-01   1.1021624E+03   4.8219607E+02   1.5843585E+03   2.2454053E-01   1.3840650E-01   1.9832582E-01
   4.9275362E-01   9.1374130E+02   4.2344109E+02   1.3371824E+03   1.8666939E-01   2.2869807E-01   1.9997847E-01
   5.0724638E-01   1.0824810E+03   4.1134277E+02   1.4938237E+03   1.7447503E-01   1.4962908E-01   1.6763340E-01
   5.2173913E-01   6.9459196E+02   5.8935075E+02   1.2839427E+03   2.1816585E-01   1.6677654E-01   1.9441907E-01
   5.3623188E-01   9.0109227E+02   2.8671118E+02   1.1878035E+03   2.1685470E-01   2.2532027E-01   2.1889811E-01
   5.5072464E-01   8.7737932E+02   3.9880878E+02   1.2761881E+03   2.1339553E-01   2.6469875E-01   2.2942778E-01
   5.6521739E-01   9.7145729E+02   3.6915377E+02   1.3406111E+03   2.0536963E-01   2.5281241E-01   2.1843359E-01
   5.7971014E-01   1.0797748E+03   2.8415126E+02   1.3639260E+03   1.9663003E-01   2.3152701E-01   2.0389373E-01
   5.9420290E-01   7.5773668E+02   5.1747871E+02   1.2752154E+03   1.9405633E-01   1.9568972E-01   1.9471915E-01
   6.0869565E-01   8.2990208E+02   4.5103374E+02   1.2809358E+03   1.8152049E-01   2.2359797E-01   1.9633188E-01
   6.2318841E-01   5.1103172E+02   3.1719210E+02   8.2822382E+02   2.2833809E-01   1.8215184E-01   2.1064974E-01
   6.3768116E-01   6.7163024E+02   2.9276190E+02   9.6439214E+02   2.4902061E-01   1.4431866E-01   2.1723609E-01
   6.5217391E-01   6.2302794E+02   2.3574030E+02   8.5876824E+02   1.9177210E-01   2.0841414E-01   1.9634050E-01
   6.6666667E-01   7.0831907E+02   3.6239581E+02   1.0707149E+03   2.0762946E-01   1.8636374E-01   2.0043183E-01
   6.8115942E-01   6.1263817E+02   3.2244114E+02   9.3507931E+02   1.9454279E-01   2.3433688E-01   2.0826489E-01
   6.9565217E-01   4.2622688E+02   3.3150980E+02   7.5773668E+02   2.0935510E-01   2.1124122E-01   2.1018028E-01
   7.1014493E-01   5.7216852E+02   2.6288824E+02   8.3505675E+02   1.9741115E-01   1.9444824E-01   1.9647838E-01
   7.2463768E-01   6.2134408E+02   2.7278521E+02   8.9412929E+02   1.6004683E-01   2.3208577E-01   1.8195416E-01
   7.3913043E-01   3.5658197E+02   3.2686680E+02   6.8344877E+02   2.5016248E-01   1.8361946E-01   2.1833756E-01
   7.5362319E-01   5.1001508E+02   2.1857789E+02   7.2859297E+02   2.2796259E-01   1.4435471E-01   2.0288023E-01
   7.6811594E-01   4.4320448E+02   2.0015686E+02   6.4336134E+02   2.1234844E-01   2.6288615E-01   2.2807129E-01
   7.8260870E-01   4.4902915E+02   1.4032161E+02   5.8935075E+02   2.0216734E-01   2.2926429E-01   2.0861899E-01
   7.9710145E-01   3.3064873E+02   2.0665546E+02   5.3730419E+02   2.2612743E-01   2.0598863E-01   2.1838173E-01
   8.1159420E-01   4.8711644E+02   8.1186073E+01   5.6830251E+02   2.4887526E-01   2.4234265E-01   2.4794203E-01
   8.2608696E-01   3.5892790E+02   2.2599164E+02   5.8491955E+02   2.0991962E-01   2.5696967E-01   2.2809805E-01
   8.4057971E-01   2.3515966E+02   9.1450979E+01   3.2661064E+02   2.0586067E-01   1.5365126E-01   1.9124203E-01
   8.5507246E-01   3.0823187E+02   1.2842995E+02   4.3666182E+02   1.7263558E-01   3.4099861E-01   2.2215412E-01
   8.6956522E-01   3.2835256E+02   8.8402613E+01   4.1675518E+02   2.7452566E-01   2.9547437E-01   2.7896933E-01
   8.8405797E-01   3.2296973E+02   1.2421913E+02   4.4718886E+02   2.7183311E-01   2.9788103E-01   2.7896607E-01
   8.9855072E-01   1.7110183E+02   1.5888027E+02   3.2998210E+02   3.0376938E-01   2.3997783E-01   2.7305493E-01
   9.1304348E-01   1.5635836E+02   4.8110266E+01   2.0446863E+02   2.3483013E-01   3.9107506E-01   2.7153897E-01
   9.2753623E-01   3.3150980E+02   1.1839636E+02   4.4990616E+02   2.7812820E-01   2.4311922E-01   2.6891531E-01
   9.4202899E-01   1.7486231E+02   8.1602412E+01   2.5646472E+02   2.1857102E-01   1.2243389E-01   1.8798193E-01
   9.5652174E-01   1.8369374E+02   9.1846871E+01   2.7554061E+02   3.6062804E-01   3.5523189E-01   3.5882932E-01
   9.7101449E-01   9.0476022E+01   9.0476022E+01   1.8095204E+02   1.5804345E-01   2.5830560E-01   2.0817452E-01
   9.8550725E-01   5.5715933E+01   2.2286373E+01   7.8002306E+01   2.5308666E-01   2.0834229E-01   2.4030256E-01
   1.0000000E+00   4.3768184E+01   2.1884092E+01   6.5652276E+01   2.1201228E-01   4.2483956E-01   2.8295471E-01
