   0.0000000E+00   3.9933002E+10   2.0115199E+10   5.9482760E+10   7.5932847E-10   0.0000000E+00   5.0976561E-10
   1.4492754E-02   4.5464201E+03   1.5154734E+03   6.0618935E+03   4.5979819E-02   4.5903803E-02   4.5960815E-02
   2.8985507E-02   4.1675518E+03   3.7886834E+02   4.5464201E+03   1.7895901E-01   1.4498951E-01   1.7612822E-01
   4.3478261E-02   1.5154734E+03   1.2628945E+03   2.7783678E+03   6.0183639E-04   1.3344366E-01   6.0984481E-02
   5.7971014E-02   2.0837759E+03   3.7886834E+02   2.4626442E+03   7.5627839E-02   2.5684021E-01   1.0350666E-01
   7.2463768E-02   9.0928402E+02   4.5464201E+02   1.3639260E+03   2.1421511E-01   4.0804721E-02   1.5641164E-01
   8.6956522E-02   1.1366050E+03   1.2628945E+02   1.2628945E+03   1.2085384E-01   1.5755328E-02   1.1034399E-01
   1.0144928E-01   9.7423288E+02   4.3299239E+02   1.4072253E+03   1.6914146E-01   5.4158878E-02   1.3376220E-01
   1.1594203E-01   8.5245377E+02   3.7886834E+02   1.2313221E+03   4.9746222E-02   1.0822366E-01   6.7739279E-02
   1.3043478E-01   5.8935075E+02   2.5257889E+02   8.4192965E+02   1.5849406E-01   8.7129203E-02   1.3708461E-01
   1.4492754E-01   6.8196302E+02   0.0000000E+00   6.8196302E+02   8.5964267E-02   0.0000000E+00   8.5964267E-02
   1.5942029E-01   3.4442577E+02   2.0665546E+02   5.5108122E+02   2.3714326E-01   3.1600909E-01   2.6671794E-01
   1.7391304E-01   3.7886834E+02   2.5257889E+02   6.3144724E+02   5.7854968E-02   2.2166289E-01   1.2337814E-01
   1.8840580E-01   4.6629950E+02   2.9143719E+02   7.5773668E+02   1.6955224E-01   8.7661400E-02   1.3805576E-01
   2.0289855E-01   3.7886834E+02   1.0824810E+02   4.8711644E+02   7.9981294E-02   4.8126549E-02   7.2902462E-02
   2.1739130E-01   1.5154734E+02   5.0515779E+01   2.0206312E+02   1.8217685E-01   1.1708777E-01   1.6590458E-01
   2.3188406E-01   3.3150980E+02   9.4717086E+01   4.2622688E+02   1.3094880E-01   4.2033188E-01   1.9525615E-01
   2.4637681E-01   1.7829098E+02   1.3371824E+02   3.1200922E+02   8.8808138E-02   2.8561818E-01   1.7315530E-01
   2.6086957E-01   2.1048241E+02   4.2096482E+01   2.5257889E+02   1.8896709E-01   3.2086362E-05   1.5746722E-01
   2.7536232E-01   1.1964263E+02   1.9940439E+02   3.1904702E+02   1.9272179E-01   2.2719203E-01   2.1426569E-01
   2.8985507E-01   3.0309467E+02   0.0000000E+00   3.0309467E+02   1.5572734E-01   0.0000000E+00   1.5572734E-01
   3.0434783E-01   1.4433080E+02   0.0000000E+00   1.4433080E+02   4.9349618E-02   0.0000000E+00   4.9349618E-02
   3.1884058E-01   2.0665546E+02   6.8885153E+01   2.7554061E+02   1.5752693E-01   3.0453835E-01   1.9427979E-01
   3.3333333E-01   1.6472537E+02   3.2945073E+01   1.9767044E+02   1.6072423E-01   1.4959993E-01   1.5887018E-01
   3.4782609E-01   3.1572362E+02   6.3144724E+01   3.7886834E+02   1.2810625E-01   2.4802347E-01   1.4809246E-01
   3.6231884E-01   2.7278521E+02   1.5154734E+02   4.2433254E+02   1.7359343E-01   1.2769435E-01   1.5720090E-01
   3.7681159E-01   5.8287437E+01   0.0000000E+00   5.8287437E+01   2.3175852E-01   0.0000000E+00   2.3175852E-01
   3.9130435E-01   8.4192965E+01   5.6128643E+01   1.4032161E+02   1.3946650E-01   2.1214541E-01   1.6853806E-01
   4.0579710E-01   2.1649620E+02   5.4124049E+01   2.7062024E+02   2.4568700E-01   7.3614683E-02   2.1127254E-01
   4.2028986E-01   1.3064426E+02   2.6128851E+01   1.5677311E+02   1.7049661E-01   2.8401743E-01   1.8941675E-01
   4.3478261E-01   1.5154734E+02   2.5257889E+01   1.7680523E+02   1.2363644E-01   2.2473016E-01   1.3807840E-01
   4.4927536E-01   1.2221559E+02   4.8886238E+01   1.7110183E+02   8.3739402E-02   4.1992217E-02   7.1811635E-02
   4.6376812E-01   1.4207563E+02   7.1037814E+01   2.1311344E+02   1.7258026E-01   2.5626102E-01   2.0047384E-01
   4.7826087E-01   1.1480859E+02   2.2961718E+01   1.3777031E+02   7.2448919E-02   4.2813857E-01   1.3173053E-01
   4.9275362E-01   8.9145492E+01   6.6859119E+01   1.5600461E+02   2.8132263E-01   2.6970829E-01   2.7634506E-01
   5.0724638E-01   1.7319696E+02   6.4948859E+01   2.3814581E+02   2.3279730E-01   2.8386316E-01   2.4672435E-01
   5.2173913E-01   1.6838593E+02   6.3144724E+01   2.3153065E+02   1.1291138E-01   1.3220058E-01   1.1817207E-01
   5.3623188E-01   1.2287622E+02   4.0958740E+01   1.6383496E+02   1.6984328E-01   2.1170008E-01   1.8030748E-01
   5.5072464E-01   1.3958307E+02   3.9880878E+01   1.7946395E+02   1.9154237E-01   1.9832782E-01   1.9305025E-01
   5.6521739E-01   9.7145729E+01   3.8858291E+01   1.3600402E+02   9.5605662E-06   3.9445247E-01   1.1270753E-01
   5.7971014E-01   0.0000000E+00   1.8943417E+01   1.8943417E+01   0.0000000E+00   2.6807213E-01   2.6807213E-01
   5.9420290E-01   1.4785106E+02   3.6962765E+01   1.8481383E+02   2.5022491E-01   4.2070348E-01   2.8432063E-01
   6.0869565E-01   7.2165398E+01   1.8041350E+01   9.0206748E+01   3.9877320E-02   1.0561172E-05   3.1899744E-02
   6.2318841E-01   0.0000000E+00   1.0573070E+02   1.0573070E+02   0.0000000E+00   1.9030754E-01   1.9030754E-01
   6.3768116E-01   6.8885153E+01   5.1663865E+01   1.2054902E+02   1.8473634E-01   2.7543977E-01   2.2360924E-01
   6.5217391E-01   6.7354372E+01   1.6838593E+01   8.4192965E+01   5.4511674E-02   5.0217630E-06   4.3608335E-02
   6.6666667E-01   1.6472537E+01   3.2945073E+01   4.9417610E+01   3.7337874E-05   3.1548083E-06   1.0342752E-05
   6.8115942E-01   6.4488228E+01   1.6122057E+01   8.0610286E+01   2.8341550E-01   2.6411784E-01   2.7955597E-01
   6.9565217E-01   6.3144724E+01   9.4717086E+01   1.5786181E+02   1.0634753E-01   5.2546374E-02   7.4066838E-02
   7.1014493E-01   1.5464014E+01   1.5464014E+01   3.0928028E+01   3.1983949E-01   6.0798074E-06   1.5992279E-01
   7.2463768E-01   4.5464201E+01   1.5154734E+01   6.0618935E+01   9.8717961E-02   2.8448983E-01   1.4516093E-01
   7.3913043E-01   7.4287910E+01   0.0000000E+00   7.4287910E+01   3.1170122E-01   0.0000000E+00   3.1170122E-01
   7.5362319E-01   5.8287437E+01   2.9143719E+01   8.7431156E+01   1.8455582E-01   3.7199791E-01   2.4703651E-01
   7.6811594E-01   2.8593837E+01   0.0000000E+00   2.8593837E+01   1.2070714E-01   0.0000000E+00   1.2070714E-01
   7.8260870E-01   5.6128643E+01   1.4032161E+01   7.0160804E+01   2.7545102E-01   2.6821774E-01   2.7400436E-01
   7.9710145E-01   6.8885153E+01   0.0000000E+00   6.8885153E+01   2.2207699E-01   0.0000000E+00   2.2207699E-01
   8.1159420E-01   4.0593037E+01   1.3531012E+01   5.4124049E+01   2.4982336E-01   3.8402729E-01   2.8337434E-01
   8.2608696E-01   1.3293626E+01   2.6587252E+01   3.9880878E+01   4.9312954E-07   2.0197181E-01   1.3464771E-01
   8.4057971E-01   3.9193277E+01   2.6128851E+01   6.5322128E+01   2.8084929E-01   3.4173520E-01   3.0520365E-01
   8.5507246E-01   2.5685989E+01   0.0000000E+00   2.5685989E+01   1.4604047E-05   0.0000000E+00   1.4604047E-05
   8.6956522E-01   1.2628945E+01   2.5257889E+01   3.7886834E+01   3.5698429E-01   3.7688365E-01   3.7025053E-01
   8.8405797E-01   1.2421913E+01   1.2421913E+01   2.4843826E+01   4.4444743E-06   4.2855684E-01   2.1427620E-01
   8.9855072E-01   4.8886238E+01   2.4443119E+01   7.3329357E+01   1.8477002E-01   2.0872928E-01   1.9275644E-01
   9.1304348E-01   0.0000000E+00   0.0000000E+00   0.0000000E+00   0.0000000E+00   0.0000000E+00   0.0000000E+00
   9.2753623E-01   4.7358543E+01   2.3679271E+01   7.1037814E+01   2.0592734E-01   3.9471179E-01   2.6885549E-01
   9.4202899E-01   1.1657487E+01   1.1657487E+01   2.3314975E+01   7.0280430E-06   1.4044599E-05   3.5082778E-06
   9.5652174E-01   0.0000000E+00   0.0000000E+00   0.0000000E+00   0.0000000E+00   0.0000000E+00   0.0000000E+00
   9.7101449E-01   1.1309503E+01   0.0000000E+00   1.1309503E+01   4.2116303E-01   0.0000000E+00   4.2116303E-01
   9.8550725E-01   0.0000000E+00   1.1143187E+01   1.1143187E+01   0.0000000E+00   1.7837833E-06   1.7837833E-06
   1.0000000E+00   0.0000000E+00   0.0000000E+00   0.0000000E+00   0.0000000E+00   0.0000000E+00   0.0000000E+00
