   0.0000000E+00   3.9430859E+10   1.9870432E+10   5.8749156E+10   6.4158245E-07   7.1331640E-07   6.5232043E-07
   1.4492754E-02   6.0997803E+05   3.0309467E+05   9.1307270E+05   5.9513940E-02   7.6829830E-02   6.5255753E-02
   2.8985507E-02   4.0008497E+05   1.9852701E+05   5.9861198E+05   6.9789169E-02   6.2357167E-02   6.7284847E-02
   4.3478261E-02   2.8288836E+05   1.4674834E+05   4.2963670E+05   5.5295149E-02   7.5198251E-02   6.1939746E-02
   5.7971014E-02   2.1500778E+05   1.1460767E+05   3.2961546E+05   4.7890225E-02   4.6774281E-02   4.7435862E-02
   7.2463768E-02   1.7776503E+05   9.1383044E+04   2.6914807E+05   3.9175984E-02   4.7762294E-02   4.2003600E-02
   8.6956522E-02   1.6266081E+05   8.1582983E+04   2.4424379E+05   4.0683949E-02   4.3016261E-02   4.1275775E-02
   1.0144928E-01   1.4862464E+05   7.0469512E+04   2.1909415E+05   4.2323398E-02   3.2219438E-02   3.8978864E-02
   1.1594203E-01   1.3724506E+05   6.4028750E+04   2.0127381E+05   4.2781558E-02   3.2521408E-02   3.9332040E-02
   1.3043478E-01   1.2014336E+05   5.8850882E+04   1.7899424E+05   3.5261025E-02   4.4317392E-02   3.8189707E-02
   1.4492754E-01   1.1115997E+05   5.5769420E+04   1.6692939E+05   3.3807926E-02   3.5198916E-02   3.4268458E-02
   1.5942029E-01   1.0477432E+05   5.2697142E+04   1.5747146E+05   3.6255014E-02   3.2077285E-02   3.4833082E-02
   1.7391304E-01   9.4401362E+04   4.9505463E+04   1.4390683E+05   3.8850346E-02   3.0584099E-02   3.5930353E-02
   1.8840580E-01   8.9587791E+04   4.2025242E+04   1.3161303E+05   3.3674310E-02   2.3605567E-02   3.0456224E-02
   2.0289855E-01   8.3405159E+04   4.0755409E+04   1.2416057E+05   3.6124312E-02   3.6719035E-02   3.5941683E-02
   2.1739130E-01   7.8198426E+04   4.0311592E+04   1.1851002E+05   2.9152307E-02   3.5414677E-02   3.0588522E-02
   2.3188406E-01   7.5158007E+04   3.6939663E+04   1.1209767E+05   2.6340088E-02   2.2937997E-02   2.5218426E-02
   2.4637681E-01   6.7260274E+04   3.3474132E+04   1.0073441E+05   2.2489791E-02   3.1447703E-02   2.5315280E-02
   2.6086957E-01   6.5965188E+04   3.4013958E+04   9.9979146E+04   2.7354741E-02   2.8883553E-02   2.7873430E-02
   2.7536232E-01   6.2254051E+04   3.1266608E+04   9.3520659E+04   2.3595065E-02   2.6588370E-02   2.4585575E-02
   2.8985507E-01   5.8989801E+04   2.8869768E+04   8.7859569E+04   2.4589828E-02   3.3304303E-02   2.7453187E-02
   3.0434783E-01   5.4557041E+04   2.7747596E+04   8.2304637E+04   2.9297545E-02   2.5569161E-02   2.8007511E-02
   3.1884058E-01   5.4832582E+04   2.7519619E+04   8.2352201E+04   2.8580391E-02   2.7643117E-02   2.7987869E-02
   3.3333333E-01   5.0043566E+04   2.6850235E+04   7.6893801E+04   2.7423555E-02   3.2506436E-02   2.9093861E-02
   3.4782609E-01   4.8526720E+04   2.4310719E+04   7.2837439E+04   2.5137466E-02   3.7018320E-02   2.9017329E-02
   3.6231884E-01   4.7767721E+04   2.4399121E+04   7.2166842E+04   1.6416036E-02   2.6840551E-02   1.8946847E-02
   3.7681159E-01   4.5697351E+04   2.3810418E+04   6.9507769E+04   2.6113362E-02   2.0694390E-02   2.3148855E-02
   3.9130435E-01   4.4902915E+04   2.2030492E+04   6.6933407E+04   2.4280152E-02   3.1516377E-02   2.6595433E-02
   4.0579710E-01   4.0376540E+04   1.9647030E+04   6.0023570E+04   2.5709927E-02   1.4600833E-02   2.2072991E-02
   4.2028986E-01   3.9245534E+04   1.9779540E+04   5.9025075E+04   2.3666294E-02   2.6066504E-02   2.4350412E-02
   4.3478261E-01   3.7836318E+04   2.0610438E+04   5.8446756E+04   2.3638615E-02   3.4202249E-02   2.6835797E-02
   4.4927536E-01   3.5369193E+04   1.8039022E+04   5.3408215E+04   2.2314936E-02   1.5613333E-02   1.9831996E-02
   4.6376812E-01   3.4382302E+04   1.7546340E+04   5.1928642E+04   3.0342873E-02   3.7084334E-02   3.2613518E-02
   4.7826087E-01   3.3087835E+04   1.6119126E+04   4.9206961E+04   1.8606859E-02   1.8710961E-02   1.8476696E-02
   4.9275362E-01   3.4298728E+04   1.6246766E+04   5.0545494E+04   2.5957407E-02   1.3052682E-02   2.1776786E-02
   5.0724638E-01   3.1500196E+04   1.5024836E+04   4.6525032E+04   1.7743857E-02   3.6648665E-02   2.3678855E-02
   5.2173913E-01   2.9172862E+04   1.4817962E+04   4.3990824E+04   2.8637628E-02   2.3166717E-02   2.6794679E-02
   5.3623188E-01   2.8363927E+04   1.5584800E+04   4.3948728E+04   3.0903659E-02   2.8851019E-02   3.0175749E-02
   5.5072464E-01   2.7936555E+04   1.3719022E+04   4.1655577E+04   2.3320561E-02   2.5422264E-02   2.3999502E-02
   5.6521739E-01   2.6209918E+04   1.2376366E+04   3.8586283E+04   2.6427288E-02   2.7695787E-02   2.6830051E-02
   5.7971014E-01   2.6312406E+04   1.2729976E+04   3.9042383E+04   2.3003762E-02   2.7842065E-02   2.4426635E-02
   5.9420290E-01   2.3840983E+04   1.2973931E+04   3.6814914E+04   1.6319415E-02   2.8456695E-02   2.0596698E-02
   6.0869565E-01   2.3435713E+04   1.2628945E+04   3.6064658E+04   2.4075658E-02   2.0294749E-02   2.2666452E-02
   6.2318841E-01   2.2432530E+04   1.0608314E+04   3.3040844E+04   2.7759498E-02   4.2369668E-02   3.2398957E-02
   6.3768116E-01   2.0734431E+04   1.1469378E+04   3.2203809E+04   3.1088347E-02   2.6258161E-02   2.8330435E-02
   6.5217391E-01   2.0997725E+04   1.0389412E+04   3.1387137E+04   2.7236467E-02   2.3297045E-02   2.5650615E-02
   6.6666667E-01   1.9091670E+04   9.7682142E+03   2.8859884E+04   2.8002424E-02   1.8928214E-02   2.4736273E-02
   6.8115942E-01   1.8653220E+04   9.6732343E+03   2.8326454E+04   2.3446179E-02   2.8305954E-02   2.4256551E-02
   6.9565217E-01   1.8390901E+04   9.2980606E+03   2.7688961E+04   2.2489325E-02   2.9586546E-02   2.4813857E-02
   7.1014493E-01   1.6979487E+04   8.8454160E+03   2.5824903E+04   3.2257876E-02   2.0685295E-02   2.7141323E-02
   7.2463768E-01   1.6518660E+04   8.2138657E+03   2.4732525E+04   2.9005495E-02   3.0912848E-02   2.9555710E-02
   7.3913043E-01   1.6878213E+04   7.9933791E+03   2.4871592E+04   2.9014905E-02   3.0708260E-02   2.8124531E-02
   7.5362319E-01   1.5009015E+04   7.1110673E+03   2.2120082E+04   3.7540304E-02   3.0191027E-02   3.4759805E-02
   7.6811594E-01   1.4940280E+04   7.8061175E+03   2.2746397E+04   3.2319042E-02   3.7086308E-02   3.3631868E-02
   7.8260870E-01   1.4004096E+04   7.0020482E+03   2.1006145E+04   3.7037466E-02   3.3325122E-02   3.4414778E-02
   7.9710145E-01   1.2977963E+04   6.3512111E+03   1.9329174E+04   2.1365103E-02   1.3665796E-02   1.8699263E-02
   8.1159420E-01   1.1880229E+04   6.3866378E+03   1.8266866E+04   3.1364613E-02   5.1568536E-02   3.8413402E-02
   8.2608696E-01   1.1724978E+04   6.0220126E+03   1.7746991E+04   3.9201130E-02   4.2475237E-02   4.0303321E-02
   8.4057971E-01   1.1143955E+04   5.3825433E+03   1.6526498E+04   3.3904197E-02   3.1440312E-02   3.3053672E-02
   8.5507246E-01   9.9661638E+03   5.8050336E+03   1.5771197E+04   4.1518378E-02   3.0784872E-02   3.6815905E-02
   8.6956522E-01   1.0204187E+04   4.6853385E+03   1.4889526E+04   4.5528304E-02   4.5035511E-02   4.5317374E-02
   8.8405797E-01   9.6021386E+03   4.7451707E+03   1.4347309E+04   4.5287000E-02   3.6093610E-02   4.1350420E-02
   8.9855072E-01   8.4450976E+03   4.6197495E+03   1.3064847E+04   4.7123754E-02   4.2437850E-02   4.5454634E-02
   9.1304348E-01   7.7818355E+03   3.9931520E+03   1.1774988E+04   5.5826099E-02   4.4666824E-02   5.1682839E-02
   9.2753623E-01   7.3287345E+03   3.6584474E+03   1.0987182E+04   5.0597250E-02   5.7321202E-02   5.2279921E-02
   9.4202899E-01   6.5398505E+03   3.3340414E+03   9.8738919E+03   4.9474167E-02   3.8393223E-02   4.5063638E-02
   9.5652174E-01   5.9930083E+03   2.5831932E+03   8.5762016E+03   6.0063522E-02   5.9304337E-02   5.9360568E-02
   9.7101449E-01   4.7613007E+03   2.6690426E+03   7.4303433E+03   5.9933296E-02   5.9752284E-02   5.9849073E-02
   9.8550725E-01   3.7106811E+03   2.0726327E+03   5.7833138E+03   7.0948491E-02   4.4813142E-02   6.1469566E-02
   1.0000000E+00   2.0571046E+03   1.1379728E+03   3.1950774E+03   1.0673263E-01   9.2863041E-02   1.0156087E-01
