   0.0000000E+00   3.9892309E+10   2.0094395E+10   5.9403495E+10   7.7481975E-08   3.5990774E-08   6.4189488E-08
   1.4492754E-02   9.4717086E+04   4.0160044E+04   1.3487713E+05   1.1810977E-01   8.8999302E-02   1.0944204E-01
   2.8985507E-02   6.0240066E+04   2.6520784E+04   8.6760850E+04   1.1734940E-01   1.2944713E-01   1.2104739E-01
   4.3478261E-02   3.3340414E+04   1.9701154E+04   5.3041568E+04   9.5000228E-02   1.1979096E-01   1.0419923E-01
   5.7971014E-02   2.4437008E+04   1.2692089E+04   3.7129098E+04   1.4055247E-01   1.3251254E-01   1.3780381E-01
   7.2463768E-02   2.3186743E+04   9.2443875E+03   3.2431130E+04   1.1235386E-01   1.1443636E-01   1.1294202E-01
   8.6956522E-02   1.7301654E+04   9.4717086E+03   2.6773363E+04   1.2818882E-01   1.2216199E-01   1.2605651E-01
   1.0144928E-01   1.6128967E+04   6.6031340E+03   2.2732101E+04   1.2842476E-01   1.0927208E-01   1.2284938E-01
   1.1594203E-01   1.2881524E+04   5.0200055E+03   1.7901529E+04   1.3255276E-01   7.6030362E-02   1.1670257E-01
   1.3043478E-01   1.1618629E+04   6.0618935E+03   1.7680523E+04   1.3366857E-01   1.2582053E-01   1.3097497E-01
   1.4492754E-01   1.0911408E+04   4.8495148E+03   1.5760923E+04   1.3212721E-01   1.5969565E-01   1.4060932E-01
   1.5942029E-01   9.5750363E+03   3.7886834E+03   1.3363720E+04   1.5265494E-01   1.7656942E-01   1.5943482E-01
   1.7391304E-01   8.2719588E+03   3.9149729E+03   1.2186932E+04   1.2280486E-01   1.1474759E-01   1.2021651E-01
   1.8840580E-01   8.5099658E+03   3.1475216E+03   1.1657487E+04   1.6234634E-01   1.3534080E-01   1.5505484E-01
   2.0289855E-01   6.2242656E+03   3.5721872E+03   9.7964528E+03   1.3020468E-01   1.3148313E-01   1.3066223E-01
   2.1739130E-01   6.2639566E+03   4.1928097E+03   1.0456766E+04   1.4728499E-01   1.3838836E-01   1.4371676E-01
   2.3188406E-01   5.8251008E+03   2.7941540E+03   8.6192548E+03   1.3923598E-01   9.8630942E-02   1.2606850E-01
   2.4637681E-01   4.9921476E+03   3.2538105E+03   8.2459580E+03   1.2064398E-01   1.2360871E-01   1.2181384E-01
   2.6086957E-01   5.1357709E+03   3.0730432E+03   8.2088141E+03   1.3212012E-01   1.2571396E-01   1.2972191E-01
   2.7536232E-01   5.5434421E+03   2.5124953E+03   8.0559374E+03   1.4613463E-01   1.4553758E-01   1.4594842E-01
   2.8985507E-01   4.6221938E+03   2.3868706E+03   7.0090643E+03   1.5450672E-01   1.5452656E-01   1.5451348E-01
   3.0434783E-01   4.0773450E+03   1.8402177E+03   5.9175627E+03   1.4441248E-01   1.2413997E-01   1.3810809E-01
   3.1884058E-01   3.5131428E+03   2.2043249E+03   5.7174677E+03   1.6604115E-01   1.5535530E-01   1.6192130E-01
   3.3333333E-01   3.7557383E+03   2.0425945E+03   5.7983329E+03   1.5431183E-01   1.1240198E-01   1.3951341E-01
   3.4782609E-01   3.5361045E+03   1.5786181E+03   5.1147226E+03   1.3556001E-01   1.4819181E-01   1.3945871E-01
   3.6231884E-01   2.9097089E+03   1.5457828E+03   4.4554917E+03   1.6873776E-01   1.5878590E-01   1.6528507E-01
   3.7681159E-01   3.4681025E+03   1.6029045E+03   5.0710070E+03   1.4523408E-01   1.2121755E-01   1.3764246E-01
   3.9130435E-01   3.1712683E+03   1.5154734E+03   4.6867417E+03   1.5560313E-01   1.7634129E-01   1.6230888E-01
   4.0579710E-01   2.3543961E+03   1.3801632E+03   3.7345594E+03   1.3736709E-01   1.3861255E-01   1.3782737E-01
   4.2028986E-01   2.7174005E+03   1.0712829E+03   3.7886834E+03   1.7187087E-01   1.7036884E-01   1.7144566E-01
   4.3478261E-01   2.4752732E+03   1.2628945E+03   3.7381676E+03   1.7669283E-01   1.7087349E-01   1.7472684E-01
   4.4927536E-01   2.8109587E+03   1.2954853E+03   4.1064440E+03   1.6026167E-01   1.6869479E-01   1.6292212E-01
   4.6376812E-01   2.2968893E+03   1.1129258E+03   3.4098151E+03   1.7305463E-01   1.4512540E-01   1.6386854E-01
   4.7826087E-01   2.2043249E+03   1.4695499E+03   3.6738748E+03   1.8144609E-01   1.5410400E-01   1.7050790E-01
   4.9275362E-01   1.7606235E+03   9.3602767E+02   2.6966511E+03   1.4536496E-01   1.6093637E-01   1.5076328E-01
   5.0724638E-01   2.3165093E+03   9.9588250E+02   3.3123918E+03   1.3941648E-01   2.1572582E-01   1.6234870E-01
   5.2173913E-01   2.0206312E+03   1.1366050E+03   3.1572362E+03   1.7278414E-01   1.4800718E-01   1.6386269E-01
   5.3623188E-01   1.8636227E+03   7.5773668E+02   2.6213593E+03   1.4091414E-01   1.4472894E-01   1.4201686E-01
   5.5072464E-01   1.7148778E+03   6.1815361E+02   2.3330314E+03   1.5782814E-01   1.5458068E-01   1.5696770E-01
   5.6521739E-01   1.6126191E+03   8.3545327E+02   2.4480724E+03   1.8054795E-01   2.2391648E-01   1.9532516E-01
   5.7971014E-01   1.3639260E+03   7.0090643E+02   2.0648325E+03   1.6592356E-01   1.9447476E-01   1.7561525E-01
   5.9420290E-01   1.2197712E+03   7.5773668E+02   1.9775079E+03   2.0087004E-01   2.2473583E-01   2.1001488E-01
   6.0869565E-01   1.6237215E+03   7.2165398E+02   2.3453755E+03   2.0485296E-01   2.0925692E-01   2.0620803E-01
   6.2318841E-01   1.4978516E+03   8.6346738E+02   2.3613190E+03   1.9148711E-01   2.0750262E-01   1.9734348E-01
   6.3768116E-01   1.3260392E+03   9.4717086E+02   2.2732101E+03   2.2790837E-01   1.7284454E-01   2.0496268E-01
   6.5217391E-01   1.2123787E+03   5.5567357E+02   1.7680523E+03   1.7739491E-01   2.1385432E-01   1.8885358E-01
   6.6666667E-01   8.8951698E+02   6.5890146E+02   1.5484184E+03   1.7672979E-01   2.1508051E-01   1.9304322E-01
   6.8115942E-01   1.1930322E+03   7.7385874E+02   1.9668910E+03   1.7838882E-01   2.1077762E-01   1.9113196E-01
   6.9565217E-01   1.0734603E+03   6.1566106E+02   1.6891214E+03   2.2146405E-01   2.0937125E-01   2.1705526E-01
   7.1014493E-01   9.5876887E+02   5.7216852E+02   1.5309374E+03   2.4044684E-01   1.7806901E-01   2.1710343E-01
   7.2463768E-01   8.3351035E+02   3.4855887E+02   1.1820692E+03   2.1839377E-01   2.0281230E-01   2.1379583E-01
   7.3913043E-01   1.0697459E+03   4.9030021E+02   1.5600461E+03   2.2408378E-01   1.6970319E-01   2.0698896E-01
   7.5362319E-01   8.5973970E+02   4.8087136E+02   1.3406111E+03   2.1333739E-01   1.5169142E-01   1.9122525E-01
   7.6811594E-01   8.1492436E+02   4.2890756E+02   1.2438319E+03   2.3951454E-01   2.2294694E-01   2.3380157E-01
   7.8260870E-01   7.0160804E+02   3.6483618E+02   1.0664442E+03   2.2535681E-01   2.1135033E-01   2.2056512E-01
   7.9710145E-01   7.0262856E+02   2.7554061E+02   9.7816917E+02   2.3587876E-01   2.3499416E-01   2.3562958E-01
   8.1159420E-01   6.7655061E+02   2.7062024E+02   9.4717086E+02   2.4346757E-01   2.2304084E-01   2.3763136E-01
   8.2608696E-01   5.4503867E+02   3.7222153E+02   9.1726020E+02   1.7060129E-01   2.0622956E-01   1.8505914E-01
   8.4057971E-01   6.0096358E+02   2.6128851E+02   8.6225209E+02   2.3088145E-01   2.5203778E-01   2.3727099E-01
   8.5507246E-01   5.2656278E+02   2.3117390E+02   7.5773668E+02   2.5869841E-01   2.3812043E-01   2.5242038E-01
   8.6956522E-01   6.4407618E+02   3.0309467E+02   9.4717086E+02   2.6138771E-01   2.5970119E-01   2.6084802E-01
   8.8405797E-01   5.5898608E+02   2.3601634E+02   7.9500242E+02   2.5175756E-01   1.7560852E-01   2.2915082E-01
   8.9855072E-01   4.3997614E+02   2.1998807E+02   6.5996421E+02   2.3622346E-01   2.5414893E-01   2.4219862E-01
   9.1304348E-01   4.3299239E+02   1.9244106E+02   6.2543345E+02   2.4050343E-01   2.3824799E-01   2.3980945E-01
   9.2753623E-01   2.3679271E+02   2.6047199E+02   4.9726470E+02   2.5841520E-01   2.9542908E-01   2.7779018E-01
   9.4202899E-01   3.7303960E+02   1.1657487E+02   4.8961447E+02   2.3524134E-01   2.8888607E-01   2.4801389E-01
   9.5652174E-01   3.2146405E+02   1.3777031E+02   4.5923435E+02   2.7949043E-01   2.4191245E-01   2.6821703E-01
   9.7101449E-01   2.9404707E+02   1.2440453E+02   4.1845160E+02   2.5668485E-01   1.5208762E-01   2.2558837E-01
   9.8550725E-01   2.0057736E+02   8.9145492E+01   2.8972285E+02   2.5819116E-01   4.2051875E-01   3.0813811E-01
   1.0000000E+00   2.1884092E+01   0.0000000E+00   2.1884092E+01   4.2357202E-06   0.0000000E+00   4.2357202E-06
