   0.0000000E+00   3.6144955E+10   1.8224761E+10   5.3942656E+10   1.1239504E-07   6.2366383E-07   2.8470695E-07
   1.4492754E-02   9.9559023E+06   4.9230152E+06   1.4878918E+07   5.8774238E-04   4.2227442E-04   3.6882069E-04
   2.8985507E-02   4.2156680E+06   2.0170951E+06   6.2327631E+06   2.6740552E-04   5.5704569E-04   2.9852753E-04
   4.3478261E-02   2.4161697E+06   1.2447088E+06   3.6608785E+06   5.5800744E-04   4.0005913E-04   2.3244131E-04
   5.7971014E-02   1.8246299E+06   8.8655192E+05   2.7111819E+06   1.7024400E-03   4.0276776E-04   1.1812068E-03
   7.2463768E-02   1.4353048E+06   7.0136107E+05   2.1366659E+06   3.0877464E-04   5.1743347E-04   2.2814937E-04
   8.6956522E-02   1.2025281E+06   5.9899085E+05   1.8013927E+06   9.4176551E-04   1.2439889E-03   4.7739599E-04
   1.0144928E-01   1.0438364E+06   5.1504445E+05   1.5588809E+06   8.1540248E-04   9.9479724E-04   6.5717715E-04
   1.1594203E-01   9.3125838E+05   4.6240881E+05   1.3936672E+06   1.0756991E-03   1.2206341E-03   6.3348045E-04
   1.3043478E-01   8.4647607E+05   4.1212456E+05   1.2586006E+06   5.2771003E-04   7.1611771E-04   5.8839187E-04
   1.4492754E-01   7.4674950E+05   3.8455137E+05   1.1313009E+06   1.6466714E-03   9.1217862E-04   1.3323460E-03
   1.5942029E-01   7.0669279E+05   3.5689398E+05   1.0635868E+06   8.4661679E-04   6.6331169E-04   3.7417639E-04
   1.7391304E-01   6.5601053E+05   3.2538476E+05   9.8139530E+05   1.4631562E-03   1.2329412E-03   1.3777919E-03
   1.8840580E-01   6.0438244E+05   3.0461015E+05   9.0899258E+05   2.9654564E-04   2.5718191E-03   1.0230437E-03
   2.0289855E-01   5.7214532E+05   2.8388064E+05   8.5602596E+05   8.8418362E-04   1.8877310E-03   1.2159508E-03
   2.1739130E-01   5.3380024E+05   2.6485423E+05   7.9865446E+05   3.1246548E-04   2.5369455E-03   6.5907672E-04
   2.3188406E-01   5.1805510E+05   2.5980897E+05   7.7786406E+05   1.0190946E-03   1.8437708E-03   8.9050774E-04
   2.4637681E-01   4.9524778E+05   2.3770646E+05   7.3290966E+05   9.7212985E-04   1.3271486E-03   1.1023153E-03
   2.6086957E-01   4.6200889E+05   2.3270935E+05   6.9471825E+05   1.9252135E-03   1.7545289E-03   1.7887606E-03
   2.7536232E-01   4.4259799E+05   2.2488827E+05   6.6748626E+05   2.3606978E-03   1.3183153E-03   1.9030746E-03
   2.8985507E-01   4.2751504E+05   2.1803873E+05   6.4555377E+05   2.5626419E-03   2.0041136E-03   1.9884107E-03
   3.0434783E-01   4.0571387E+05   2.0596005E+05   6.1167392E+05   9.0265815E-04   2.4814112E-03   1.4342071E-03
   3.1884058E-01   4.0070494E+05   1.9546162E+05   5.9613211E+05   1.3781012E-03   2.5782776E-03   1.3483658E-03
   3.3333333E-01   3.8832358E+05   1.8805048E+05   5.7634111E+05   1.4021519E-03   1.5749764E-03   1.4290235E-03
   3.4782609E-01   3.6425034E+05   1.8551920E+05   5.4976954E+05   3.3972462E-03   1.9530832E-03   2.9081583E-03
   3.6231884E-01   3.5828821E+05   1.7652234E+05   5.3481055E+05   1.5769461E-03   1.7353208E-03   1.6203045E-03
   3.7681159E-01   3.4675196E+05   1.7387143E+05   5.2062339E+05   2.7089456E-03   2.5458833E-03   1.7928529E-03
   3.9130435E-01   3.3076609E+05   1.6701078E+05   4.9777687E+05   4.1118597E-03   3.4343131E-03   3.8794706E-03
   4.0579710E-01   3.2119917E+05   1.5931414E+05   4.8048624E+05   1.9913064E-03   4.2998638E-03   2.7537318E-03
   4.2028986E-01   3.1699522E+05   1.5611989E+05   4.7311511E+05   3.6102532E-03   2.3196720E-03   3.0246532E-03
   4.3478261E-01   3.1246535E+05   1.5344168E+05   4.6590703E+05   2.7888398E-03   3.7945335E-03   3.0528450E-03
   4.4927536E-01   2.8781772E+05   1.4656094E+05   4.3435422E+05   2.6106116E-03   2.9892217E-03   2.7076797E-03
   4.6376812E-01   2.8661390E+05   1.4105742E+05   4.2767132E+05   5.6277283E-03   3.2959953E-03   4.8582569E-03
   4.7826087E-01   2.7919153E+05   1.3864285E+05   4.1783438E+05   4.7055199E-03   4.6631638E-03   4.6064578E-03
   4.9275362E-01   2.7552643E+05   1.3650403E+05   4.1203047E+05   4.3293134E-03   4.5909877E-03   4.4150203E-03
   5.0724638E-01   2.6613877E+05   1.3152144E+05   3.9766021E+05   4.3757941E-03   3.3620805E-03   4.0155293E-03
   5.2173913E-01   2.5704112E+05   1.2563695E+05   3.8265703E+05   4.1685907E-03   3.2587865E-03   3.8495236E-03
   5.3623188E-01   2.4818948E+05   1.2547710E+05   3.7366658E+05   4.7895341E-03   5.3146682E-03   4.9203020E-03
   5.5072464E-01   2.4440996E+05   1.2197567E+05   3.6638563E+05   4.1908333E-03   4.2598570E-03   4.1632283E-03
   5.6521739E-01   2.3804589E+05   1.1828464E+05   3.5633053E+05   5.1251102E-03   4.5507020E-03   4.9279740E-03
   5.7971014E-01   2.3603498E+05   1.1354684E+05   3.4956288E+05   6.3401356E-03   5.2603078E-03   5.9849935E-03
   5.9420290E-01   2.2680353E+05   1.1131337E+05   3.3811689E+05   6.1950534E-03   5.7391503E-03   6.0340792E-03
   6.0869565E-01   2.2129519E+05   1.1061151E+05   3.3188867E+05   4.4700701E-03   8.5346855E-03   5.7621200E-03
   6.2318841E-01   2.1082702E+05   1.0428571E+05   3.1511273E+05   6.1467611E-03   5.0203079E-03   5.7713471E-03
   6.3768116E-01   2.0965196E+05   1.0520485E+05   3.1485681E+05   6.8370416E-03   4.5062868E-03   6.0498691E-03
   6.5217391E-01   2.0174318E+05   9.9768663E+04   3.0149501E+05   7.3224686E-03   5.0593606E-03   6.5319845E-03
   6.6666667E-01   1.9197094E+05   9.3926404E+04   2.8589735E+05   5.5940964E-03   5.4063642E-03   5.4642619E-03
   6.8115942E-01   1.7216745E+05   8.4785898E+04   2.5695335E+05   7.4326299E-03   6.2767821E-03   7.0509304E-03
   6.9565217E-01   1.5036337E+05   7.1779765E+04   2.2214314E+05   8.2109220E-03   1.0137533E-02   8.8326488E-03
   7.1014493E-01   1.2586161E+05   6.1423063E+04   1.8728467E+05   8.0177598E-03   8.9451176E-03   8.3218537E-03
   7.2463768E-01   1.1156915E+05   5.5617873E+04   1.6718702E+05   1.4676808E-02   1.1650384E-02   1.3669463E-02
   7.3913043E-01   1.0418137E+05   5.1035794E+04   1.5521716E+05   1.1240483E-02   1.3594244E-02   1.1985024E-02
   7.5362319E-01   9.7850035E+04   4.8014276E+04   1.4586431E+05   1.3495210E-02   1.2950572E-02   1.3271210E-02
   7.6811594E-01   9.1700436E+04   4.4434823E+04   1.3613526E+05   1.0473529E-02   1.4596592E-02   1.1779093E-02
   7.8260870E-01   8.3757968E+04   4.2812123E+04   1.2655606E+05   1.2257205E-02   1.2985616E-02   1.2474481E-02
   7.9710145E-01   7.8680622E+04   3.9677848E+04   1.1835847E+05   1.7969762E-02   1.1982851E-02   1.5941028E-02
   8.1159420E-01   7.4894153E+04   3.7169691E+04   1.1206384E+05   1.8793856E-02   2.1744258E-02   1.9709454E-02
   8.2608696E-01   7.0323282E+04   3.5613624E+04   1.0593691E+05   1.9029083E-02   1.6816502E-02   1.8277265E-02
   8.4057971E-01   6.5531159E+04   3.2870095E+04   9.8401254E+04   1.7874040E-02   1.2193554E-02   1.5684519E-02
   8.5507246E-01   6.1402357E+04   3.0617699E+04   9.2020057E+04   1.9566744E-02   1.3753135E-02   1.7599564E-02
   8.6956522E-01   5.6779736E+04   2.9387554E+04   8.6167290E+04   1.4516697E-02   2.0140451E-02   1.6386203E-02
   8.8405797E-01   5.4519776E+04   2.6272346E+04   8.0792121E+04   1.7863794E-02   1.3927194E-02   1.6476674E-02
   8.9855072E-01   5.1526095E+04   2.4443119E+04   7.5969213E+04   2.1957627E-02   2.8234472E-02   2.3810174E-02
   9.1304348E-01   4.7605108E+04   2.3080900E+04   7.0686008E+04   2.3409887E-02   2.2118748E-02   2.2915691E-02
   9.2753623E-01   4.4007926E+04   2.1784930E+04   6.5792856E+04   3.1436294E-02   2.5462926E-02   2.9451705E-02
   9.4202899E-01   3.7432192E+04   1.9036677E+04   5.6468869E+04   2.5059871E-02   2.4026018E-02   2.4711165E-02
   9.5652174E-01   3.2640082E+04   1.6188011E+04   4.8828093E+04   2.5492313E-02   3.2929280E-02   2.7633466E-02
   9.7101449E-01   2.5197572E+04   1.1388669E+04   3.6586241E+04   3.0043374E-02   3.0766424E-02   3.0228724E-02
   9.8550725E-01   1.4920727E+04   7.6553691E+03   2.2576096E+04   3.1130272E-02   2.9856843E-02   3.0471551E-02
   1.0000000E+00   6.1494298E+03   2.8230479E+03   8.9724777E+03   4.3476013E-02   1.8764003E-02   3.2552066E-02
