   0.0000000E+00   3.9873202E+10   2.0111611E+10   5.9414424E+10   1.3465763E-07   2.3090952E-08   9.8129000E-08
   1.4492754E-02   9.1686139E+04   4.9252884E+04   1.4093902E+05   1.1784498E-01   9.4622085E-02   1.0972945E-01
   2.8985507E-02   5.6451383E+04   2.8036257E+04   8.4487640E+04   1.3134831E-01   1.4780075E-01   1.3680731E-01
   4.3478261E-02   3.6371361E+04   1.9953733E+04   5.6325094E+04   1.3541222E-01   1.1476020E-01   1.2809165E-01
   5.7971014E-02   2.6331350E+04   1.4775865E+04   4.1107215E+04   1.1839941E-01   9.2621551E-02   1.0913364E-01
   7.2463768E-02   2.2125911E+04   1.1062956E+04   3.3188867E+04   1.1366056E-01   1.1078262E-01   1.1268858E-01
   8.6956522E-02   1.6165049E+04   1.0608314E+04   2.6773363E+04   1.1692309E-01   1.2093544E-01   1.1849558E-01
   1.0144928E-01   1.4180501E+04   6.6031340E+03   2.0783635E+04   1.2711094E-01   1.3987775E-01   1.3113226E-01
   1.1594203E-01   1.4018129E+04   6.9143472E+03   2.0932476E+04   1.3880619E-01   1.0733023E-01   1.2840903E-01
   1.3043478E-01   1.0860892E+04   5.1357709E+03   1.5996663E+04   1.0376724E-01   1.3610429E-01   1.1414696E-01
   1.4492754E-01   9.0170665E+03   3.7886834E+03   1.2805750E+04   1.1439407E-01   1.2194001E-01   1.1660987E-01
   1.5942029E-01   8.3351035E+03   3.7197983E+03   1.2054902E+04   1.2645931E-01   1.5469417E-01   1.3511102E-01
   1.7391304E-01   7.4510774E+03   4.7358543E+03   1.2186932E+04   1.3571689E-01   1.5717318E-01   1.4404782E-01
   1.8840580E-01   5.5373065E+03   3.3223839E+03   8.8596905E+03   1.2314670E-01   1.5492797E-01   1.3505868E-01
   2.0289855E-01   6.7655061E+03   3.6263113E+03   1.0391817E+04   1.3388356E-01   1.1987124E-01   1.2897455E-01
   2.1739130E-01   6.6175670E+03   3.0309467E+03   9.6485138E+03   1.2829251E-01   1.5547192E-01   1.3683049E-01
   2.3188406E-01   5.1620812E+03   2.7941540E+03   7.9562352E+03   1.7098945E-01   1.2313343E-01   1.5411236E-01
   2.4637681E-01   5.4378750E+03   3.1200922E+03   8.5579673E+03   1.5062576E-01   1.4131512E-01   1.4723041E-01
   2.6086957E-01   4.6306131E+03   2.5257889E+03   7.1564020E+03   1.5269221E-01   1.3706406E-01   1.4716823E-01
   2.7536232E-01   4.1077304E+03   2.6321380E+03   6.7398684E+03   1.3951376E-01   1.5119668E-01   1.4404294E-01
   2.8985507E-01   4.2433254E+03   2.4626442E+03   6.7059697E+03   1.2427216E-01   1.4374568E-01   1.3140082E-01
   3.0434783E-01   4.2216758E+03   1.7319696E+03   5.9536454E+03   1.1564848E-01   1.3758633E-01   1.2202910E-01
   3.1884058E-01   3.9953389E+03   1.5499159E+03   5.5452548E+03   1.5952570E-01   1.7901127E-01   1.6497177E-01
   3.3333333E-01   3.9863539E+03   1.7131438E+03   5.6994977E+03   1.4344969E-01   1.6978347E-01   1.5136225E-01
   3.4782609E-01   3.2835256E+03   1.6733352E+03   4.9568608E+03   1.4138226E-01   1.4819978E-01   1.4366137E-01
   3.6231884E-01   3.9099213E+03   1.9094964E+03   5.8194177E+03   1.6091017E-01   1.4719430E-01   1.5640691E-01
   3.7681159E-01   3.2640965E+03   1.8069106E+03   5.0710070E+03   1.4895045E-01   1.7260561E-01   1.5737929E-01
   3.9130435E-01   3.1432040E+03   1.7961166E+03   4.9393206E+03   1.5021352E-01   1.5236333E-01   1.5099070E-01
   4.0579710E-01   2.7873885E+03   1.5425354E+03   4.3299239E+03   1.4215865E-01   1.5797389E-01   1.4778886E-01
   4.2028986E-01   2.8480448E+03   1.3848291E+03   4.2328739E+03   1.6867035E-01   1.6088072E-01   1.6602116E-01
   4.3478261E-01   2.5763047E+03   1.0860892E+03   3.6623940E+03   1.5527774E-01   1.3668343E-01   1.4976326E-01
   4.4927536E-01   2.5176412E+03   1.2221559E+03   3.7397972E+03   1.5124001E-01   1.4964594E-01   1.5068720E-01
   4.6376812E-01   2.3916064E+03   1.0892465E+03   3.4808529E+03   1.5161946E-01   1.8392038E-01   1.6172280E-01
   4.7826087E-01   1.9747077E+03   9.6439214E+02   2.9390999E+03   1.8332227E-01   1.6323614E-01   1.7668751E-01
   4.9275362E-01   2.0057736E+03   8.6916855E+02   2.8749421E+03   1.3375117E-01   1.5124847E-01   1.3877606E-01
   5.0724638E-01   2.0134146E+03   1.2123787E+03   3.2257933E+03   1.6556647E-01   1.6991162E-01   1.6695378E-01
   5.2173913E-01   1.8311970E+03   6.9459196E+02   2.5257889E+03   1.9269638E-01   1.8334494E-01   1.9010101E-01
   5.3623188E-01   1.4335559E+03   1.0239685E+03   2.4575244E+03   2.3190178E-01   1.6593014E-01   2.0440524E-01
   5.5072464E-01   1.7946395E+03   9.3720064E+02   2.7318402E+03   1.7952494E-01   1.9477934E-01   1.8475754E-01
   5.6521739E-01   1.3988985E+03   6.9944925E+02   2.0983477E+03   1.7296080E-01   1.5477308E-01   1.6689793E-01
   5.7971014E-01   1.4965300E+03   7.9562352E+02   2.2921535E+03   2.1734097E-01   1.8604338E-01   2.0641175E-01
   5.9420290E-01   1.4230665E+03   6.8381115E+02   2.1068776E+03   1.6785428E-01   2.1013542E-01   1.8152354E-01
   6.0869565E-01   1.3711426E+03   8.2990208E+02   2.2010447E+03   1.7572946E-01   1.8468214E-01   1.7898601E-01
   6.2318841E-01   1.3216338E+03   1.0044417E+03   2.3260754E+03   2.3511250E-01   2.1351053E-01   2.2554773E-01
   6.3768116E-01   1.4982521E+03   6.0274509E+02   2.1009972E+03   1.3268745E-01   1.7546035E-01   1.4495398E-01
   6.5217391E-01   1.2292173E+03   5.2199638E+02   1.7512137E+03   1.6430310E-01   2.2900342E-01   1.8358450E-01
   6.6666667E-01   1.2024952E+03   5.2712117E+02   1.7296163E+03   2.1371878E-01   1.3461106E-01   1.8933033E-01
   6.8115942E-01   1.0801778E+03   4.9978377E+02   1.5799616E+03   1.9212054E-01   2.8592259E-01   2.2178811E-01
   6.9565217E-01   8.2088141E+02   5.2094397E+02   1.3418254E+03   2.4815186E-01   2.6375603E-01   2.5420242E-01
   7.1014493E-01   1.0670170E+03   5.4124049E+02   1.6082575E+03   1.9657191E-01   2.1396230E-01   2.0241657E-01
   7.2463768E-01   1.1820692E+03   5.6072515E+02   1.7427944E+03   2.3265768E-01   2.3897263E-01   2.3465576E-01
   7.3913043E-01   8.1716701E+02   2.6743648E+02   1.0846035E+03   1.9661681E-01   2.5190420E-01   2.1023652E-01
   7.5362319E-01   8.3059598E+02   4.0801206E+02   1.2386080E+03   2.4291974E-01   2.0418344E-01   2.3004145E-01
   7.6811594E-01   6.4336134E+02   3.0023529E+02   9.4359663E+02   2.2910124E-01   2.0675709E-01   2.2198968E-01
   7.8260870E-01   7.0160804E+02   3.7886834E+02   1.0804764E+03   2.4800687E-01   1.9492544E-01   2.2939388E-01
   7.9710145E-01   7.3018262E+02   3.9953389E+02   1.1297165E+03   2.2227537E-01   2.5337548E-01   2.3325728E-01
   8.1159420E-01   7.4420567E+02   4.8711644E+02   1.2313221E+03   2.2833053E-01   2.1361854E-01   2.2250473E-01
   8.2608696E-01   7.0456218E+02   3.1904702E+02   1.0236092E+03   2.2072904E-01   1.4899859E-01   1.9835765E-01
   8.4057971E-01   4.4419047E+02   2.7435294E+02   7.1854341E+02   2.6970539E-01   2.7633697E-01   2.7213916E-01
   8.5507246E-01   5.7793476E+02   3.2107487E+02   8.9900963E+02   2.6101492E-01   2.4557977E-01   2.5549347E-01
   8.6956522E-01   6.8196302E+02   3.1572362E+02   9.9768663E+02   2.2482736E-01   1.9620865E-01   2.1574678E-01
   8.8405797E-01   5.7140799E+02   2.3601634E+02   8.0742434E+02   3.0527588E-01   2.8867180E-01   3.0038740E-01
   8.9855072E-01   5.0108394E+02   2.8109587E+02   7.8217980E+02   2.5936154E-01   2.5953233E-01   2.5939839E-01
   9.1304348E-01   4.0893726E+02   3.1271673E+02   7.2165398E+02   2.6023197E-01   2.4961025E-01   2.5561215E-01
   9.2753623E-01   3.4334943E+02   1.4207563E+02   4.8542506E+02   2.8570227E-01   3.3844860E-01   3.0114022E-01
   9.4202899E-01   3.0309467E+02   9.3259900E+01   3.9635457E+02   2.4885823E-01   9.6010018E-02   2.1243562E-01
   9.5652174E-01   2.6405975E+02   1.2628945E+02   3.9034920E+02   2.4878955E-01   3.4349399E-01   2.7942912E-01
   9.7101449E-01   1.6964254E+02   1.6964254E+02   3.3928508E+02   2.7144677E-01   2.9646701E-01   2.8374426E-01
   9.8550725E-01   2.0057736E+02   2.2286373E+01   2.2286373E+02   2.3323445E-01   4.2514850E-01   2.5242586E-01
   1.0000000E+00   4.3768184E+01   6.5652276E+01   1.0942046E+02   2.1358160E-01   2.8554725E-01   2.5676099E-01
