   0.0000000E+00   3.9933045E+10   2.0115339E+10   5.9481978E+10   4.0094353E-09   0.0000000E+00   2.6917222E-09
   1.4492754E-02   3.7886834E+03   1.5154734E+03   5.3041568E+03   1.9696418E-01   3.2270314E-01   2.3288960E-01
   2.8985507E-02   2.2732101E+03   7.5773668E+02   3.0309467E+03   1.0511792E-02   1.0214504E-06   7.8835883E-03
   4.3478261E-02   1.7680523E+03   1.5154734E+03   3.2835256E+03   1.4850447E-01   7.1423044E-02   1.1292843E-01
   5.7971014E-02   1.5154734E+03   1.8943417E+02   1.7049075E+03   2.3498397E-01   1.2789659E-01   2.2308538E-01
   7.2463768E-02   1.0608314E+03   4.5464201E+02   1.5154734E+03   8.1994313E-02   1.6389746E-01   1.0656526E-01
   8.6956522E-02   5.0515779E+02   2.5257889E+02   7.5773668E+02   1.4453039E-01   1.0906767E-02   9.9989184E-02
   1.0144928E-01   5.4124049E+02   3.2474429E+02   8.6598478E+02   1.1574018E-01   2.6392404E-01   1.7130913E-01
   1.1594203E-01   6.6301960E+02   2.8415126E+02   9.4717086E+02   1.8431764E-01   6.0507463E-02   1.4717459E-01
   1.3043478E-01   3.3677186E+02   2.5257889E+02   5.8935075E+02   1.0731698E-01   2.2173312E-01   1.5635247E-01
   1.4492754E-01   3.7886834E+02   1.5154734E+02   5.3041568E+02   2.2004419E-01   1.4066350E-01   1.9736399E-01
   1.5942029E-01   2.7554061E+02   3.4442577E+02   6.1996638E+02   2.5922313E-01   7.0802700E-02   1.5454511E-01
   1.7391304E-01   5.0515779E+02   1.8943417E+02   6.9459196E+02   1.7392056E-01   1.3505171E-02   1.3017091E-01
   1.8840580E-01   4.6629950E+02   3.4972462E+02   8.1602412E+02   1.4542575E-01   1.7391816E-01   1.5763678E-01
   2.0289855E-01   3.7886834E+02   1.6237215E+02   5.4124049E+02   1.8092035E-01   2.0997808E-01   1.8963767E-01
   2.1739130E-01   2.5257889E+02   3.0309467E+02   5.5567357E+02   1.2162685E-01   8.8512345E-02   1.0353379E-01
   2.3188406E-01   3.7886834E+02   4.7358543E+01   4.2622688E+02   1.3567702E-01   2.1611307E-01   1.4461436E-01
   2.4637681E-01   3.5658197E+02   1.7829098E+02   5.3487295E+02   1.4773768E-01   1.0785325E-01   1.3444287E-01
   2.6086957E-01   2.5257889E+02   1.6838593E+02   4.2096482E+02   8.4477359E-02   2.0700754E-01   1.3348943E-01
   2.7536232E-01   1.9940439E+02   2.7916615E+02   4.7857054E+02   7.1674176E-02   1.4194882E-01   1.1266772E-01
   2.8985507E-01   4.1675518E+02   3.7886834E+01   4.5464201E+02   2.1971554E-01   2.7384477E-02   2.0368795E-01
   3.0434783E-01   4.3299239E+02   1.4433080E+02   5.7732319E+02   8.6926443E-02   2.1733358E-01   1.1952823E-01
   3.1884058E-01   1.0332773E+02   3.4442577E+01   1.3777031E+02   1.4994708E-01   3.3197556E-05   1.1246861E-01
   3.3333333E-01   3.6239581E+02   3.2945073E+01   3.9534088E+02   1.8314792E-01   1.5380224E-01   1.8070245E-01
   3.4782609E-01   1.5786181E+02   1.5786181E+02   3.1572362E+02   4.8599354E-02   2.0188974E-01   1.2524455E-01
   3.6231884E-01   3.6371361E+02   6.0618935E+01   4.2433254E+02   1.1143301E-01   3.4838409E-01   1.4528317E-01
   3.7681159E-01   1.4571859E+02   1.1657487E+02   2.6229347E+02   3.1093734E-01   2.4528287E-01   2.8175758E-01
   3.9130435E-01   1.4032161E+02   5.6128643E+01   1.9645025E+02   8.6368790E-02   9.1537596E-02   6.6121564E-02
   4.0579710E-01   1.8943417E+02   1.0824810E+02   2.9768227E+02   9.0020756E-02   1.0591932E-01   9.5802050E-02
   4.2028986E-01   1.0451540E+02   5.2257702E+01   1.5677311E+02   1.4179389E-01   7.3143333E-07   9.4529015E-02
   4.3478261E-01   1.2628945E+02   5.0515779E+01   1.7680523E+02   1.6197555E-01   3.8542614E-02   1.2670900E-01
   4.4927536E-01   1.2221559E+02   0.0000000E+00   1.2221559E+02   1.6564554E-01   0.0000000E+00   1.6564554E-01
   4.6376812E-01   9.4717086E+01   2.3679271E+01   1.1839636E+02   1.2317901E-01   8.4346048E-02   1.1541242E-01
   4.7826087E-01   9.1846871E+01   9.1846871E+01   1.8369374E+02   1.0462290E-01   2.4238385E-01   1.7350337E-01
   4.9275362E-01   1.1143187E+02   2.2286373E+01   1.3371824E+02   1.8893768E-01   1.4641768E-05   1.5745051E-01
   5.0724638E-01   8.6598478E+01   6.4948859E+01   1.5154734E+02   2.4332218E-01   5.3507127E-02   1.6179375E-01
   5.2173913E-01   1.2628945E+02   4.2096482E+01   1.6838593E+02   1.9448937E-01   8.5395196E-06   1.4586917E-01
   5.3623188E-01   1.0239685E+02   1.0239685E+02   2.0479370E+02   2.0712540E-01   1.7341493E-01   1.9027017E-01
   5.5072464E-01   5.9821317E+01   9.9702195E+01   1.5952351E+02   1.4133059E-01   8.5715056E-02   1.0657088E-01
   5.6521739E-01   7.7716583E+01   7.7716583E+01   1.5543317E+02   2.2671438E-01   1.4944579E-01   1.8808008E-01
   5.7971014E-01   5.6830251E+01   1.8943417E+01   7.5773668E+01   1.0454078E-05   4.1910299E-06   6.7928008E-06
   5.9420290E-01   3.6962765E+01   3.6962765E+01   7.3925530E+01   3.8858721E-01   3.9100797E-01   3.8979759E-01
   6.0869565E-01   7.2165398E+01   3.6082699E+01   1.0824810E+02   2.7519979E-01   1.4201059E-01   2.3080339E-01
   6.2318841E-01   1.7621783E+01   1.7621783E+01   3.5243567E+01   3.2629316E-05   1.6413509E-06   1.5493983E-05
   6.3768116E-01   8.6106441E+01   3.4442577E+01   1.2054902E+02   9.3645051E-02   3.0374783E-01   1.5367442E-01
   6.5217391E-01   6.7354372E+01   0.0000000E+00   6.7354372E+01   1.8206780E-01   0.0000000E+00   1.8206780E-01
   6.6666667E-01   4.9417610E+01   0.0000000E+00   4.9417610E+01   3.2966315E-01   0.0000000E+00   3.2966315E-01
   6.8115942E-01   1.6122057E+01   3.2244114E+01   4.8366171E+01   7.7119549E-06   3.6254838E-06   1.5366240E-07
   6.9565217E-01   3.1572362E+01   3.1572362E+01   6.3144724E+01   3.5401723E-01   1.4189632E-01   2.4795677E-01
   7.1014493E-01   9.2784084E+01   3.0928028E+01   1.2371211E+02   2.6444039E-01   3.6205480E-01   2.8884399E-01
   7.2463768E-01   3.0309467E+01   6.0618935E+01   9.0928402E+01   6.6080527E-06   1.0681044E-01   7.1209164E-02
   7.3913043E-01   1.0400307E+02   1.4857582E+01   1.1886066E+02   1.2978998E-01   2.7481488E-01   1.4791809E-01
   7.5362319E-01   4.3715578E+01   2.9143719E+01   7.2859297E+01   1.3813679E-05   3.0055982E-01   1.2021564E-01
   7.6811594E-01   4.2890756E+01   1.4296919E+01   5.7187674E+01   2.6157677E-01   3.2712741E-01   2.7796443E-01
   7.8260870E-01   4.2096482E+01   1.4032161E+01   5.6128643E+01   2.4654406E-01   4.0088662E-06   1.8490905E-01
   7.9710145E-01   6.8885153E+01   2.7554061E+01   9.6439214E+01   2.4267108E-01   1.4429787E-01   2.1456445E-01
   8.1159420E-01   2.7062024E+01   0.0000000E+00   2.7062024E+01   1.4283754E-01   0.0000000E+00   1.4283754E-01
   8.2608696E-01   1.3293626E+01   0.0000000E+00   1.3293626E+01   3.3336778E-01   0.0000000E+00   3.3336778E-01
   8.4057971E-01   0.0000000E+00   2.6128851E+01   2.6128851E+01   0.0000000E+00   4.1698689E-01   4.1698689E-01
   8.5507246E-01   2.5685989E+01   0.0000000E+00   2.5685989E+01   3.6035906E-01   0.0000000E+00   3.6035906E-01
   8.6956522E-01   0.0000000E+00   0.0000000E+00   0.0000000E+00   0.0000000E+00   0.0000000E+00   0.0000000E+00
   8.8405797E-01   1.2421913E+01   0.0000000E+00   1.2421913E+01   6.7466598E-05   0.0000000E+00   6.7466598E-05
   8.9855072E-01   2.4443119E+01   2.4443119E+01   4.8886238E+01   1.6836444E-01   2.1430197E-01   1.9133321E-01
   9.1304348E-01   4.8110266E+01   0.0000000E+00   4.8110266E+01   9.9176988E-02   0.0000000E+00   9.9176988E-02
   9.2753623E-01   2.3679271E+01   1.1839636E+01   3.5518907E+01   1.8725298E-01   3.9422071E-01   2.5624222E-01
   9.4202899E-01   3.4972462E+01   2.3314975E+01   5.8287437E+01   2.8446840E-01   2.0735582E-01   2.5362336E-01
   9.5652174E-01   2.2961718E+01   2.2961718E+01   4.5923435E+01   1.9995701E-01   5.2689829E-06   9.9975870E-02
   9.7101449E-01   1.1309503E+01   0.0000000E+00   1.1309503E+01   4.2470749E-01   0.0000000E+00   4.2470749E-01
   9.8550725E-01   0.0000000E+00   1.1143187E+01   1.1143187E+01   0.0000000E+00   4.2427956E-01   4.2427956E-01
   1.0000000E+00   0.0000000E+00   0.0000000E+00   0.0000000E+00   0.0000000E+00   0.0000000E+00   0.0000000E+00
