   0.0000000E+00   3.9929129E+10   2.0107858E+10   5.9470891E+10   0.0000000E+00   0.0000000E+00   0.0000000E+00
   1.4492754E-02   9.8505769E+03   4.5464201E+03   1.4396997E+04   5.6551284E-02   1.3976781E-01   8.2830187E-02
   2.8985507E-02   5.3041568E+03   2.6520784E+03   7.9562352E+03   1.0359824E-01   6.5052962E-02   9.0749817E-02
   4.3478261E-02   3.2835256E+03   1.5154734E+03   4.7989990E+03   1.0369880E-01   1.8283292E-01   1.2868852E-01
   5.7971014E-02   4.9252884E+03   1.7049075E+03   6.6301960E+03   1.1456527E-01   8.4779099E-02   1.0690597E-01
   7.2463768E-02   1.6670207E+03   1.0608314E+03   2.7278521E+03   9.3583268E-02   1.4138676E-01   1.1217352E-01
   8.6956522E-02   1.8943417E+03   1.0103156E+03   2.9046573E+03   1.3972359E-01   1.6390411E-01   1.4813421E-01
   1.0144928E-01   1.2989772E+03   8.6598478E+02   2.1649620E+03   1.0814126E-01   7.0943108E-02   9.3261997E-02
   1.1594203E-01   7.5773668E+02   9.4717086E+02   1.7049075E+03   1.2223739E-01   1.3855609E-01   1.3130333E-01
   1.3043478E-01   1.0103156E+03   8.4192965E+02   1.8522452E+03   1.3959164E-01   1.0071784E-01   1.2192173E-01
   1.4492754E-01   6.8196302E+02   6.0618935E+02   1.2881524E+03   6.5714467E-02   1.0120985E-01   8.2418174E-02
   1.5942029E-01   8.2662184E+02   4.1331092E+02   1.2399328E+03   1.2408636E-01   1.0812411E-01   1.1876561E-01
   1.7391304E-01   1.0103156E+03   3.1572362E+02   1.3260392E+03   1.4537523E-01   1.1069754E-01   1.3711864E-01
   1.8840580E-01   5.2458694E+02   2.3314975E+02   7.5773668E+02   1.9108133E-01   1.9844038E-01   1.9334565E-01
   2.0289855E-01   9.2010883E+02   2.7062024E+02   1.1907291E+03   1.1372412E-01   2.8260018E-01   1.5210504E-01
   2.1739130E-01   7.0722091E+02   3.5361045E+02   1.0608314E+03   1.6175310E-01   1.4151576E-01   1.5500732E-01
   2.3188406E-01   7.1037814E+02   3.7886834E+02   1.0892465E+03   2.0937484E-01   1.8349666E-01   2.0037373E-01
   2.4637681E-01   3.5658197E+02   2.6743648E+02   6.2401845E+02   1.1652162E-01   1.9462946E-01   1.4999641E-01
   2.6086957E-01   4.2096482E+02   3.7886834E+02   7.9983317E+02   1.4177372E-01   1.3654469E-01   1.3929681E-01
   2.7536232E-01   6.3809405E+02   2.3928527E+02   8.7737932E+02   1.0707468E-01   4.5757249E-02   9.0351745E-02
   2.8985507E-01   3.4098151E+02   2.2732101E+02   5.6830251E+02   1.6986781E-01   9.1237535E-02   1.3841570E-01
   3.0434783E-01   3.6082699E+02   1.4433080E+02   5.0515779E+02   1.0724316E-01   1.6763777E-01   1.2449876E-01
   3.1884058E-01   5.5108122E+02   3.4442577E+02   8.9550699E+02   1.6820953E-01   1.3810321E-01   1.5663018E-01
   3.3333333E-01   4.2828595E+02   1.6472537E+02   5.9301132E+02   1.5115438E-01   1.5821667E-01   1.5311613E-01
   3.4782609E-01   2.5257889E+02   1.8943417E+02   4.4201307E+02   2.5254576E-01   1.0217515E-01   1.8810121E-01
   3.6231884E-01   2.1216627E+02   2.7278521E+02   4.8495148E+02   1.7562824E-01   1.7755815E-01   1.7671382E-01
   3.7681159E-01   3.7886834E+02   1.4571859E+02   5.2458694E+02   2.5433461E-01   2.4112159E-01   2.5066432E-01
   3.9130435E-01   3.6483618E+02   1.1225729E+02   4.7709347E+02   2.5226565E-01   1.9217073E-01   2.3812567E-01
   4.0579710E-01   5.6830251E+02   1.0824810E+02   6.7655061E+02   1.0777342E-01   6.8010616E-02   1.0141137E-01
   4.2028986E-01   2.6128851E+02   1.0451540E+02   3.6580392E+02   1.5143430E-01   2.4956134E-01   1.7947059E-01
   4.3478261E-01   1.7680523E+02   1.0103156E+02   2.7783678E+02   1.0422984E-01   2.0590622E-01   1.4120307E-01
   4.4927536E-01   2.4443119E+02   1.4665871E+02   3.9108990E+02   1.7810360E-01   1.3160283E-01   1.6066581E-01
   4.6376812E-01   1.6575490E+02   7.1037814E+01   2.3679271E+02   1.4167609E-01   6.0576985E-02   1.1734636E-01
   4.7826087E-01   2.5257889E+02   9.1846871E+01   3.4442577E+02   1.5410806E-01   1.3143636E-01   1.4806228E-01
   4.9275362E-01   1.1143187E+02   2.2286373E+01   1.3371824E+02   1.0550062E-01   2.2466845E-01   1.2536193E-01
   5.0724638E-01   1.9484658E+02   1.7319696E+02   3.6804353E+02   1.5146284E-01   1.6289255E-01   1.5684153E-01
   5.2173913E-01   1.2628945E+02   8.4192965E+01   2.1048241E+02   1.1857743E-01   1.9124546E-01   1.4764464E-01
   5.3623188E-01   1.6383496E+02   4.0958740E+01   2.0479370E+02   3.1575137E-01   5.8807027E-02   2.6436250E-01
   5.5072464E-01   9.9702195E+01   9.9702195E+01   1.9940439E+02   2.2405364E-01   5.7612210E-02   1.4083292E-01
   5.6521739E-01   1.7486231E+02   3.8858291E+01   2.1372060E+02   1.9935522E-01   1.8247219E-01   1.9628557E-01
   5.7971014E-01   1.7049075E+02   5.6830251E+01   2.2732101E+02   1.9329434E-01   1.2525919E-01   1.7628555E-01
   5.9420290E-01   1.4785106E+02   3.6962765E+01   1.8481383E+02   8.7157433E-02   1.8366396E-01   1.0621054E-01
   6.0869565E-01   1.0824810E+02   7.2165398E+01   1.8041350E+02   2.3096720E-01   2.9114385E-01   2.5503786E-01
   6.2318841E-01   1.7621783E+02   8.8108917E+01   2.6432675E+02   1.3687153E-01   1.4446773E-01   1.3940359E-01
   6.3768116E-01   1.7221288E+02   6.8885153E+01   2.4109804E+02   2.2809542E-01   1.6443627E-01   2.0990709E-01
   6.5217391E-01   2.0206312E+02   3.3677186E+01   2.3574030E+02   2.5112807E-01   8.5707319E-02   2.2749654E-01
   6.6666667E-01   1.1530776E+02   4.9417610E+01   1.6472537E+02   1.9030551E-01   3.9338538E-01   2.5122947E-01
   6.8115942E-01   9.6732343E+01   3.2244114E+01   1.2897646E+02   2.0871529E-01   3.1823847E-01   2.3609609E-01
   6.9565217E-01   4.7358543E+01   6.3144724E+01   1.1050327E+02   2.2031280E-01   2.2708493E-01   2.2418259E-01
   7.1014493E-01   4.6392042E+01   3.0928028E+01   7.7320070E+01   2.5086650E-01   2.3233919E-01   2.4345557E-01
   7.2463768E-01   7.5773668E+01   6.0618935E+01   1.3639260E+02   1.2795723E-01   2.0483327E-01   1.6212436E-01
   7.3913043E-01   8.9145492E+01   2.9715164E+01   1.1886066E+02   1.6542232E-01   2.4837588E-01   1.8616071E-01
   7.5362319E-01   5.8287437E+01   2.9143719E+01   8.7431156E+01   1.6190528E-01   1.9059524E-01   1.7146860E-01
   7.6811594E-01   7.1484593E+01   1.4296919E+01   8.5781511E+01   1.8895735E-01   2.1126692E-05   1.5746094E-01
   7.8260870E-01   4.2096482E+01   2.8064322E+01   7.0160804E+01   2.3535159E-01   1.6161398E-01   2.0585655E-01
   7.9710145E-01   8.2662184E+01   1.3777031E+01   9.6439214E+01   3.2752011E-01   3.5650557E-01   3.3166089E-01
   8.1159420E-01   6.7655061E+01   1.3531012E+01   8.1186073E+01   8.1843968E-02   3.1878053E-06   6.8203838E-02
   8.2608696E-01   6.6468130E+01   6.6468130E+01   1.3293626E+02   1.8844595E-01   3.2929634E-01   2.5887115E-01
   8.4057971E-01   6.5322128E+01   5.2257702E+01   1.1757983E+02   2.0401927E-01   1.0708940E-01   1.6093933E-01
   8.5507246E-01   6.4214973E+01   7.7057968E+01   1.4127294E+02   3.1613906E-01   2.5322259E-01   2.8182098E-01
   8.6956522E-01   5.0515779E+01   1.2628945E+01   6.3144724E+01   2.8097575E-01   4.2268918E-01   3.0931844E-01
   8.8405797E-01   7.4531477E+01   0.0000000E+00   7.4531477E+01   3.2576391E-01   0.0000000E+00   3.2576391E-01
   8.9855072E-01   4.8886238E+01   2.4443119E+01   7.3329357E+01   2.8483596E-01   3.6219069E-01   3.1062087E-01
   9.1304348E-01   3.6082699E+01   1.2027566E+01   4.8110266E+01   2.7514682E-01   4.1704724E-01   3.1062193E-01
   9.2753623E-01   0.0000000E+00   5.9198178E+01   5.9198178E+01   0.0000000E+00   2.2057287E-01   2.2057287E-01
   9.4202899E-01   1.1657487E+01   3.4972462E+01   4.6629950E+01   4.0948143E-01   2.7112425E-01   3.0571354E-01
   9.5652174E-01   1.1480859E+01   1.1480859E+01   2.2961718E+01   4.1483632E-01   6.0568658E-05   2.0738787E-01
   9.7101449E-01   1.1309503E+01   1.1309503E+01   2.2619005E+01   4.2836555E-01   4.2592311E-01   4.2714433E-01
   9.8550725E-01   1.1143187E+01   1.1143187E+01   2.2286373E+01   4.2800410E-01   4.2249712E-01   4.2525061E-01
   1.0000000E+00   0.0000000E+00   2.1884092E+01   2.1884092E+01   0.0000000E+00   4.2856405E-01   4.2856405E-01
