   0.0000000E+00   3.9700789E+10   1.9994337E+10   5.9129212E+10   1.3564183E-07   8.0990495E-07   3.1114830E-07
   1.4492754E-02   7.3197364E+05   3.7129098E+05   1.1032646E+06   4.7213786E-02   4.9521314E-02   4.7946189E-02
   2.8985507E-02   4.3607746E+05   2.2959422E+05   6.6567168E+05   3.4264979E-02   5.3172239E-02   4.0394842E-02
   4.3478261E-02   3.2835256E+05   1.7175365E+05   5.0010621E+05   3.3459194E-02   3.2150674E-02   3.2992848E-02
   5.7971014E-02   2.4929537E+05   1.2635259E+05   3.7564796E+05   3.6715981E-02   3.2609363E-02   3.4776876E-02
   7.2463768E-02   1.9792082E+05   1.0320374E+05   3.0112456E+05   2.2658932E-02   2.2141770E-02   2.2399674E-02
   8.6956522E-02   1.6506031E+05   7.9941220E+04   2.4500153E+05   2.4987644E-02   3.8443261E-02   2.9229924E-02
   1.0144928E-01   1.3444414E+05   7.2093233E+04   2.0653737E+05   2.0285261E-02   1.6325186E-02   1.8848253E-02
   1.1594203E-01   1.1602843E+05   5.6451383E+04   1.7247981E+05   2.4760744E-02   2.8939160E-02   2.6101236E-02
   1.3043478E-01   1.0246284E+05   5.2452217E+04   1.5491506E+05   1.2161816E-02   1.5427754E-02   1.3266924E-02
   1.4492754E-01   8.8200550E+04   4.4251822E+04   1.3245237E+05   1.8921221E-02   2.7957814E-02   2.1926295E-02
   1.5942029E-01   7.7771338E+04   3.9333422E+04   1.1710476E+05   1.8672392E-02   6.3612729E-03   1.3448157E-02
   1.7391304E-01   6.8322591E+04   3.3971861E+04   1.0229445E+05   1.3903237E-02   2.5640797E-02   1.7573485E-02
   1.8840580E-01   5.8812024E+04   3.1533504E+04   9.0345528E+04   1.1916792E-02   2.0178771E-02   1.4363591E-02
   2.0289855E-01   5.1526095E+04   2.6791404E+04   7.8317499E+04   2.1261574E-02   2.4455458E-02   2.2277999E-02
   2.1739130E-01   4.6474517E+04   2.4348605E+04   7.0823122E+04   1.4845154E-02   1.0631991E-02   1.3293873E-02
   2.3188406E-01   4.1722876E+04   2.2542666E+04   6.4265543E+04   2.4907772E-02   2.2670069E-02   2.2390676E-02
   2.4637681E-01   3.6950807E+04   1.8363971E+04   5.5314778E+04   1.3670826E-02   8.0377034E-03   1.1776941E-02
   2.6086957E-01   3.4940080E+04   1.7006979E+04   5.1947059E+04   2.1615076E-02   2.3127144E-02   2.1772422E-02
   2.7536232E-01   3.0628514E+04   1.5114853E+04   4.5743367E+04   2.2231566E-02   1.7253941E-02   2.0585377E-02
   2.8985507E-01   2.8453012E+04   1.5306281E+04   4.3759294E+04   1.5997808E-02   2.0826227E-02   1.7601007E-02
   3.0434783E-01   2.8469250E+04   1.2845441E+04   4.1314691E+04   2.4870376E-02   1.6318886E-02   2.1710782E-02
   3.1884058E-01   2.4970868E+04   1.1400493E+04   3.6371361E+04   8.5250963E-03   1.5306065E-02   1.0341203E-02
   3.3333333E-01   2.3325112E+04   1.1300160E+04   3.4625272E+04   9.7841234E-03   2.5315497E-02   1.4577324E-02
   3.4782609E-01   2.0869331E+04   1.1050327E+04   3.1919658E+04   1.6498401E-02   1.2261955E-02   1.4008055E-02
   3.6231884E-01   1.9125274E+04   9.5777917E+03   2.8703066E+04   7.9036306E-03   1.8272664E-02   1.0482500E-02
   3.7681159E-01   1.8127393E+04   9.5882834E+03   2.7715676E+04   1.8880417E-02   2.4994354E-02   2.0923252E-02
   3.9130435E-01   1.7792780E+04   8.8121970E+03   2.6604977E+04   2.4209924E-02   2.1369900E-02   2.1588194E-02
   4.0579710E-01   1.6318401E+04   8.1456694E+03   2.4464070E+04   1.0726312E-02   3.0191335E-02   1.5966368E-02
   4.2028986E-01   1.4684414E+04   7.2115629E+03   2.1895977E+04   8.3704688E-03   1.2467030E-02   8.8937043E-03
   4.3478261E-01   1.4801123E+04   7.7036563E+03   2.2504780E+04   1.0038879E-02   1.0827504E-02   1.0156945E-02
   4.4927536E-01   1.2808194E+04   6.5996421E+03   1.9407836E+04   1.4964226E-02   2.2466527E-02   1.7510967E-02
   4.6376812E-01   1.2147466E+04   6.4881204E+03   1.8635587E+04   1.6959418E-02   1.4594304E-02   1.5896289E-02
   4.7826087E-01   1.0562390E+04   5.5337740E+03   1.6096164E+04   1.2983389E-02   1.0636642E-02   1.0709779E-02
   4.9275362E-01   1.1544341E+04   5.6161660E+03   1.7160507E+04   9.8004041E-03   2.1175114E-02   1.0098601E-02
   5.0724638E-01   1.0261920E+04   4.8928140E+03   1.5154734E+04   2.7075105E-02   1.7716209E-02   2.3053332E-02
   5.2173913E-01   1.0482024E+04   5.0305297E+03   1.5512554E+04   1.6423110E-02   7.3549593E-03   1.2990670E-02
   5.3623188E-01   9.9939325E+03   4.7512138E+03   1.4745146E+04   1.3543217E-02   9.4427675E-03   8.1669979E-03
   5.5072464E-01   8.3949248E+03   3.8285643E+03   1.2223489E+04   1.1545602E-02   2.1163727E-02   1.3590321E-02
   5.6521739E-01   9.2677025E+03   4.1189789E+03   1.3386681E+04   1.5574136E-02   1.1269469E-02   1.2548475E-02
   5.7971014E-01   8.3729904E+03   4.2054386E+03   1.2578429E+04   1.7486099E-02   2.1698792E-02   1.8844784E-02
   5.9420290E-01   7.9285131E+03   4.0104600E+03   1.1938973E+04   1.9483928E-02   1.3185528E-02   1.4665789E-02
   6.0869565E-01   7.4330360E+03   3.8969315E+03   1.1329968E+04   3.1630785E-02   5.1138046E-02   3.8145736E-02
   6.2318841E-01   6.9253609E+03   3.5419785E+03   1.0467339E+04   1.5206187E-02   2.6852446E-02   1.8335625E-02
   6.3768116E-01   5.9757870E+03   3.6336918E+03   9.6094789E+03   1.3476489E-02   2.0423315E-02   1.5345129E-02
   6.5217391E-01   6.2471180E+03   3.0477853E+03   9.2949033E+03   2.0508306E-02   4.3374296E-02   2.3528286E-02
   6.6666667E-01   5.8477505E+03   2.8662214E+03   8.7139719E+03   1.8215912E-02   2.1272191E-02   6.6832473E-03
   6.8115942E-01   5.6104759E+03   2.5311630E+03   8.1416388E+03   5.9088412E-03   1.1372051E-02   6.6819314E-03
   6.9565217E-01   5.1778673E+03   2.9678020E+03   8.1456694E+03   1.7310574E-02   3.4866157E-02   1.9555439E-02
   7.1014493E-01   5.4433329E+03   2.7525945E+03   8.1959274E+03   3.5746937E-03   2.6650416E-02   1.1128637E-02
   7.2463768E-01   4.3948728E+03   2.2732101E+03   6.6680828E+03   2.9951437E-02   2.1461867E-02   2.6515268E-02
   7.3913043E-01   4.7544263E+03   2.5852193E+03   7.3396455E+03   6.4447821E-03   9.0179385E-03   7.0345258E-03
   7.5362319E-01   4.4444171E+03   1.9380573E+03   6.3824744E+03   1.3367392E-02   3.2890048E-02   1.8454709E-02
   7.6811594E-01   3.9030588E+03   2.1302409E+03   6.0332996E+03   1.8264263E-02   1.8385381E-02   1.7156388E-02
   7.8260870E-01   3.8448121E+03   2.0206312E+03   5.8654432E+03   8.6036597E-03   1.1382083E-02   8.4185477E-03
   7.9710145E-01   3.8024605E+03   1.8598991E+03   5.6623596E+03   2.1586360E-02   2.2704888E-02   2.1816331E-02
   8.1159420E-01   3.4098151E+03   1.7455006E+03   5.1553157E+03   2.8071783E-02   6.9038219E-02   4.1862598E-02
   8.2608696E-01   3.1638830E+03   1.4357116E+03   4.5995946E+03   3.0795758E-02   3.4727022E-02   3.0376551E-02
   8.4057971E-01   3.1485266E+03   1.3717647E+03   4.5202913E+03   3.1559652E-02   2.2625385E-02   2.8124252E-02
   8.5507246E-01   2.6584999E+03   1.2200845E+03   3.8785844E+03   2.7445992E-02   1.7731842E-02   2.4357503E-02
   8.6956522E-01   2.2984679E+03   1.1492340E+03   3.4477019E+03   3.9471389E-02   3.5379337E-02   3.8024399E-02
   8.8405797E-01   2.6955551E+03   1.0682845E+03   3.7638396E+03   2.8140696E-02   6.1708562E-02   3.6783562E-02
   8.9855072E-01   2.0287789E+03   1.0388326E+03   3.0676114E+03   1.7207330E-02   3.6120726E-02   2.3288769E-02
   9.1304348E-01   1.6477766E+03   1.0223431E+03   2.6701197E+03   2.5982477E-02   1.3184662E-02   2.0464710E-02
   9.2753623E-01   1.6575490E+03   8.0509523E+02   2.4626442E+03   3.9082122E-02   3.9141988E-02   3.8326713E-02
   9.4202899E-01   1.3522685E+03   6.8779176E+02   2.0400603E+03   3.7301388E-02   3.2643624E-02   3.4515746E-02
   9.5652174E-01   1.1595667E+03   5.0515779E+02   1.6647245E+03   5.9200523E-02   2.6159277E-02   4.9174138E-02
   9.7101449E-01   8.4821271E+02   4.9761812E+02   1.3458308E+03   4.1006902E-02   2.5055673E-02   2.9431611E-02
   9.8550725E-01   6.7973438E+02   3.0086604E+02   9.8060041E+02   6.8726577E-02   4.0173564E-02   5.9518968E-02
   1.0000000E+00   6.1275457E+02   3.2826138E+02   9.4101595E+02   7.7688065E-02   4.2307513E-02   6.5173180E-02
