   0.0000000E+00   3.9781667E+10   2.0028629E+10   5.9304268E+10   3.7638694E-07   5.1498465E-07   4.2589348E-07
   1.4492754E-02   4.9707526E+05   2.3489837E+05   7.3197364E+05   1.0532012E-01   1.0427948E-01   1.0498534E-01
   2.8985507E-02   2.4512782E+05   1.3033071E+05   3.7545853E+05   1.2429103E-01   1.3398101E-01   1.2765210E-01
   4.3478261E-02   1.8286712E+05   8.0320089E+04   2.6318721E+05   1.2576259E-01   1.2084046E-01   1.2425717E-01
   5.7971014E-02   1.3980242E+05   6.7817433E+04   2.0761985E+05   1.1187823E-01   1.2573646E-01   1.1640489E-01
   7.2463768E-02   1.0456766E+05   5.2132284E+04   1.5669995E+05   1.3087136E-01   1.2255191E-01   1.2810280E-01
   8.6956522E-02   8.4613930E+04   4.4075017E+04   1.2868895E+05   1.2733337E-01   1.3234720E-01   1.2904938E-01
   1.0144928E-01   7.2309729E+04   3.6154865E+04   1.0846459E+05   1.2549553E-01   1.2229486E-01   1.2442862E-01
   1.1594203E-01   6.1187237E+04   3.0214750E+04   9.1401988E+04   1.2448699E-01   1.1814300E-01   1.2238985E-01
   1.3043478E-01   5.4978006E+04   2.7783678E+04   8.2761684E+04   1.3963290E-01   1.2764337E-01   1.3560772E-01
   1.4492754E-01   4.7964732E+04   2.4702216E+04   7.2666948E+04   1.3754386E-01   1.3705324E-01   1.3737463E-01
   1.5942029E-01   4.5395316E+04   2.2594330E+04   6.7989646E+04   1.3498357E-01   1.2594765E-01   1.3197260E-01
   1.7391304E-01   4.0412623E+04   1.9195996E+04   5.9608619E+04   1.2803230E-01   1.3269283E-01   1.2953314E-01
   1.8840580E-01   3.6954235E+04   1.7602806E+04   5.4557041E+04   1.2682486E-01   1.2545052E-01   1.2637914E-01
   2.0289855E-01   3.3286290E+04   1.7536192E+04   5.0822482E+04   1.4210578E-01   1.2254160E-01   1.3535501E-01
   2.1739130E-01   3.1218751E+04   1.6619691E+04   4.7838443E+04   1.3925176E-01   1.3668894E-01   1.3836007E-01
   2.3188406E-01   2.9220221E+04   1.3355109E+04   4.2575330E+04   1.5172174E-01   1.5058588E-01   1.5136488E-01
   2.4637681E-01   2.5763047E+04   1.3416397E+04   3.9179444E+04   1.2197135E-01   1.4248135E-01   1.2899162E-01
   2.6086957E-01   2.3868706E+04   1.2502655E+04   3.6371361E+04   1.2865009E-01   1.3855769E-01   1.3205117E-01
   2.7536232E-01   2.4925549E+04   1.0329147E+04   3.5254696E+04   1.5362730E-01   1.3804854E-01   1.4904884E-01
   2.8985507E-01   2.0799872E+04   9.9263506E+03   3.0726223E+04   1.5005127E-01   1.3573894E-01   1.4542654E-01
   3.0434783E-01   2.0891883E+04   9.6701634E+03   3.0562046E+04   1.5131648E-01   1.5008969E-01   1.5092797E-01
   3.1884058E-01   1.9838924E+04   1.0057232E+04   2.9896156E+04   1.5476178E-01   1.3604936E-01   1.4846526E-01
   3.3333333E-01   1.7658559E+04   8.7304444E+03   2.6389004E+04   1.5093697E-01   1.6794892E-01   1.5656505E-01
   3.4782609E-01   1.6543918E+04   8.6192548E+03   2.5163172E+04   1.6570614E-01   1.5935860E-01   1.6353188E-01
   3.6231884E-01   1.6124637E+04   7.4258195E+03   2.3550456E+04   1.4968067E-01   1.5744667E-01   1.5212917E-01
   3.7681159E-01   1.5970758E+04   7.1110673E+03   2.3081825E+04   1.6436829E-01   1.5584286E-01   1.6173437E-01
   3.9130435E-01   1.4902155E+04   7.8860744E+03   2.2788229E+04   1.6816666E-01   1.6187815E-01   1.6599044E-01
   4.0579710E-01   1.4099315E+04   6.9008162E+03   2.1000131E+04   1.6645428E-01   1.5460010E-01   1.6255684E-01
   4.2028986E-01   1.3090554E+04   6.6889859E+03   1.9779540E+04   1.5966151E-01   1.5273212E-01   1.5731745E-01
   4.3478261E-01   1.2073271E+04   5.7335409E+03   1.7806812E+04   1.6170504E-01   1.7207756E-01   1.6504417E-01
   4.4927536E-01   1.0754972E+04   5.3041568E+03   1.6059129E+04   1.6747739E-01   1.7338704E-01   1.6942716E-01
   4.6376812E-01   1.1460767E+04   5.8251008E+03   1.7285868E+04   1.7140263E-01   1.8409432E-01   1.7567912E-01
   4.7826087E-01   1.0126118E+04   5.4189654E+03   1.5545083E+04   1.6352064E-01   1.7547099E-01   1.6768643E-01
   4.9275362E-01   1.0118013E+04   5.4155887E+03   1.5533602E+04   1.6923530E-01   1.6712065E-01   1.6849319E-01
   5.0724638E-01   9.3742853E+03   4.9577629E+03   1.4332048E+04   1.8356674E-01   1.8433910E-01   1.8383023E-01
   5.2173913E-01   8.7350201E+03   5.0515779E+03   1.3786598E+04   1.7191896E-01   1.8043717E-01   1.7504014E-01
   5.3623188E-01   8.4784591E+03   3.7886834E+03   1.2267143E+04   1.8261966E-01   1.6604079E-01   1.7749736E-01
   5.5072464E-01   8.0958183E+03   4.4467179E+03   1.2542536E+04   1.7931711E-01   1.9662509E-01   1.8545319E-01
   5.6521739E-01   7.5967960E+03   4.4298452E+03   1.2026641E+04   1.8483017E-01   1.9158787E-01   1.8731867E-01
   5.7971014E-01   8.0888391E+03   3.5992492E+03   1.1688088E+04   1.9345205E-01   1.9903639E-01   1.9517051E-01
   5.9420290E-01   6.9674812E+03   2.7722074E+03   9.7396886E+03   1.8825011E-01   2.1171477E-01   1.9492883E-01
   6.0869565E-01   6.8015888E+03   3.0850708E+03   9.8866596E+03   2.0865712E-01   1.8342734E-01   2.0078377E-01
   6.2318841E-01   6.8724955E+03   2.9604596E+03   9.8329551E+03   1.9637316E-01   1.9339359E-01   1.9546902E-01
   6.3768116E-01   6.4235405E+03   2.7726274E+03   9.1961679E+03   1.9666016E-01   1.8083627E-01   1.9188898E-01
   6.5217391E-01   6.1797636E+03   2.9635924E+03   9.1433560E+03   1.9316752E-01   1.9215251E-01   1.9283695E-01
   6.6666667E-01   6.2595639E+03   3.0309467E+03   9.2905106E+03   2.0452152E-01   2.1063836E-01   2.0651482E-01
   6.8115942E-01   5.5782318E+03   2.8697262E+03   8.4479579E+03   1.8951240E-01   1.7797901E-01   1.8559349E-01
   6.9565217E-01   5.6356666E+03   2.5573613E+03   8.1930279E+03   2.0022250E-01   1.9164229E-01   1.9754423E-01
   7.1014493E-01   5.0103405E+03   2.2113540E+03   7.2216945E+03   2.2442740E-01   2.0174562E-01   2.1748162E-01
   7.2463768E-01   4.7585864E+03   2.2429006E+03   7.0014870E+03   2.0556659E-01   1.8324429E-01   1.9841573E-01
   7.3913043E-01   4.4869898E+03   2.3772131E+03   6.8642029E+03   2.1952095E-01   2.1827782E-01   2.1908978E-01
   7.5362319E-01   4.1092643E+03   2.1857789E+03   6.2950432E+03   2.2213452E-01   2.2806244E-01   2.2419267E-01
   7.6811594E-01   4.3462632E+03   2.0015686E+03   6.3478318E+03   2.0845937E-01   2.3382842E-01   2.1645853E-01
   7.8260870E-01   3.7746513E+03   1.9364382E+03   5.7110895E+03   2.2468527E-01   2.2389862E-01   2.2441803E-01
   7.9710145E-01   3.4993658E+03   1.5430274E+03   5.0423932E+03   2.3197666E-01   2.3483342E-01   2.3285085E-01
   8.1159420E-01   3.5857182E+03   1.5695974E+03   5.1553157E+03   2.0065163E-01   2.1380114E-01   2.0464124E-01
   8.2608696E-01   3.4031683E+03   1.6085288E+03   5.0116970E+03   2.4456055E-01   2.0942409E-01   2.3328323E-01
   8.4057971E-01   3.2269131E+03   1.4762801E+03   4.7031932E+03   2.3362766E-01   2.2371680E-01   2.3051629E-01
   8.5507246E-01   2.3631110E+03   1.4512584E+03   3.8143694E+03   2.4682093E-01   2.3824210E-01   2.4354749E-01
   8.6956522E-01   2.8036257E+03   1.4018129E+03   4.2054386E+03   2.3895123E-01   2.3410669E-01   2.3733623E-01
   8.8405797E-01   2.4346949E+03   1.1676598E+03   3.6023547E+03   2.4918054E-01   2.1443267E-01   2.3791698E-01
   8.9855072E-01   2.4443119E+03   1.0999403E+03   3.5442522E+03   2.3678627E-01   2.2185828E-01   2.3215205E-01
   9.1304348E-01   2.3333479E+03   8.0584695E+02   3.1391948E+03   2.4122643E-01   2.4882428E-01   2.4317289E-01
   9.2753623E-01   1.9772192E+03   8.7613304E+02   2.8533522E+03   2.3371584E-01   2.5464375E-01   2.4012962E-01
   9.4202899E-01   1.4222135E+03   6.6447678E+02   2.0866903E+03   2.5405471E-01   2.7972920E-01   2.6221916E-01
   9.5652174E-01   1.3317796E+03   7.2329411E+02   2.0550737E+03   2.5260517E-01   2.6608298E-01   2.5734868E-01
   9.7101449E-01   1.0065457E+03   5.0892762E+02   1.5154734E+03   2.1287475E-01   2.3174082E-01   2.1920984E-01
   9.8550725E-01   8.3573899E+02   3.7886834E+02   1.2146073E+03   2.8383775E-01   2.6159325E-01   2.7689692E-01
   1.0000000E+00   3.5014547E+02   1.5318864E+02   5.0333412E+02   2.7419064E-01   2.4423506E-01   2.6507372E-01
