   0.0000000E+00   3.9932954E+10   2.0129711E+10   5.9530110E+10   2.7963662E-09   0.0000000E+00   1.8758098E-09
   1.4492754E-02   1.5154734E+04   4.5464201E+03   1.9701154E+04   1.3707593E-01   1.3265026E-01   1.3605462E-01
   2.8985507E-02   7.5773668E+03   1.8943417E+03   9.4717086E+03   1.0028995E-01   1.2162292E-01   1.0455655E-01
   4.3478261E-02   3.7886834E+03   1.5154734E+03   5.3041568E+03   9.4426341E-02   1.3393012E-01   1.0571313E-01
   5.7971014E-02   2.6520784E+03   7.5773668E+02   3.4098151E+03   1.6024092E-01   9.3331978E-02   1.4537227E-01
   7.2463768E-02   2.4247574E+03   1.3639260E+03   3.7886834E+03   6.3873931E-02   1.0595371E-01   7.9022652E-02
   8.6956522E-02   2.1469206E+03   5.0515779E+02   2.6520784E+03   1.2758174E-01   9.7888378E-02   1.2192586E-01
   1.0144928E-01   1.6237215E+03   1.0824810E+03   2.7062024E+03   1.1048092E-01   1.6461048E-01   1.3213275E-01
   1.1594203E-01   1.2313221E+03   1.0418879E+03   2.2732101E+03   1.8284788E-01   1.2541782E-01   1.5652577E-01
   1.3043478E-01   9.2612261E+02   6.7354372E+02   1.5996663E+03   5.8495071E-02   1.5809102E-01   1.0043021E-01
   1.4492754E-01   5.3041568E+02   6.0618935E+02   1.1366050E+03   1.2648394E-01   1.1493095E-01   1.2032235E-01
   1.5942029E-01   1.3777031E+03   3.4442577E+02   1.7221288E+03   1.6177630E-01   2.9714480E-02   1.3536394E-01
   1.7391304E-01   6.9459196E+02   5.6830251E+02   1.2628945E+03   5.8338272E-02   1.3620014E-01   9.3376114E-02
   1.8840580E-01   7.5773668E+02   4.0801206E+02   1.1657487E+03   6.9887999E-02   1.1801879E-01   8.6733777E-02
   2.0289855E-01   6.4948859E+02   2.7062024E+02   9.2010883E+02   1.7622150E-01   1.4577938E-01   1.6726794E-01
   2.1739130E-01   7.0722091E+02   3.5361045E+02   1.0608314E+03   1.0986774E-01   1.8358539E-01   1.3444029E-01
   2.3188406E-01   5.2094397E+02   3.7886834E+02   8.9981231E+02   1.5750424E-01   5.7817875E-02   1.1553104E-01
   2.4637681E-01   5.3487295E+02   1.7829098E+02   7.1316394E+02   1.3070557E-01   2.2566427E-01   1.5444524E-01
   2.6086957E-01   2.9467538E+02   2.9467538E+02   5.8935075E+02   1.8910773E-01   1.7918735E-01   1.8414754E-01
   2.7536232E-01   3.9880878E+02   2.3928527E+02   6.3809405E+02   1.4962545E-01   1.6108750E-01   1.5392372E-01
   2.8985507E-01   4.5464201E+02   3.7886834E+02   8.3351035E+02   1.0502672E-01   1.2109783E-01   1.1233177E-01
   3.0434783E-01   8.2990208E+02   1.4433080E+02   9.7423288E+02   1.6679272E-01   1.2490389E-02   1.4393311E-01
   3.1884058E-01   4.1331092E+02   1.7221288E+02   5.8552380E+02   1.7549380E-01   6.6527277E-02   1.4344482E-01
   3.3333333E-01   3.9534088E+02   1.3178029E+02   5.2712117E+02   1.4100154E-01   1.7454508E-01   1.4938742E-01
   3.4782609E-01   3.7886834E+02   2.2100653E+02   5.9987487E+02   1.4470986E-01   5.9348672E-02   1.1326100E-01
   3.6231884E-01   3.6371361E+02   1.8185680E+02   5.4557041E+02   3.0621125E-01   2.2091151E-01   2.7777703E-01
   3.7681159E-01   2.3314975E+02   8.7431156E+01   3.2058090E+02   1.5688492E-01   1.1991085E-01   1.4680109E-01
   3.9130435E-01   5.3322211E+02   1.4032161E+02   6.7354372E+02   1.2609418E-01   1.6164889E-01   1.3350141E-01
   4.0579710E-01   2.9768227E+02   1.0824810E+02   4.0593037E+02   3.3549424E-02   1.0908744E-01   5.3692894E-02
   4.2028986E-01   4.1806162E+02   1.5677311E+02   5.7483473E+02   2.1620546E-01   2.3114278E-01   2.2027927E-01
   4.3478261E-01   2.0206312E+02   1.5154734E+02   3.5361045E+02   1.8139868E-01   9.9487681E-02   1.4629397E-01
   4.4927536E-01   2.4443119E+02   2.1998807E+02   4.6441926E+02   1.1097264E-01   2.1681310E-01   1.6110759E-01
   4.6376812E-01   2.6047199E+02   1.6575490E+02   4.2622688E+02   1.3789308E-01   1.4070223E-01   1.3898553E-01
   4.7826087E-01   2.7554061E+02   6.8885153E+01   3.4442577E+02   1.4715206E-01   1.9073634E-01   1.5584815E-01
   4.9275362E-01   2.4515010E+02   1.7829098E+02   4.2344109E+02   1.3838398E-01   1.9932802E-01   1.6404463E-01
   5.0724638E-01   1.9484658E+02   4.3299239E+01   2.3814581E+02   1.8302496E-01   2.8839028E-01   2.0218229E-01
   5.2173913E-01   1.6838593E+02   8.4192965E+01   2.5257889E+02   1.4373098E-01   1.0121777E-01   1.2955991E-01
   5.3623188E-01   2.0479370E+02   1.6383496E+02   3.6862866E+02   1.6231502E-01   2.2405790E-01   1.8975630E-01
   5.5072464E-01   1.9940439E+02   9.9702195E+01   2.9910659E+02   1.1947484E-01   6.8843605E-02   1.0259776E-01
   5.6521739E-01   1.1657487E+02   9.7145729E+01   2.1372060E+02   2.1982352E-01   1.3362019E-01   1.8064019E-01
   5.7971014E-01   1.5154734E+02   3.7886834E+01   1.8943417E+02   2.1663111E-01   3.7085938E-01   2.4747677E-01
   5.9420290E-01   1.6633244E+02   7.3925530E+01   2.4025797E+02   2.3631250E-01   1.3452261E-01   2.0499253E-01
   6.0869565E-01   1.0824810E+02   9.0206748E+01   1.9845485E+02   2.8771499E-01   2.3282250E-01   2.6276386E-01
   6.2318841E-01   1.0573070E+02   5.2865350E+01   1.5859605E+02   3.1667654E-01   1.4496728E-01   2.5944012E-01
   6.3768116E-01   2.0665546E+02   8.6106441E+01   2.9276190E+02   2.4831143E-01   1.6949342E-01   2.2512966E-01
   6.5217391E-01   8.4192965E+01   5.0515779E+01   1.3470874E+02   1.4664897E-01   2.7206510E-01   1.9368002E-01
   6.6666667E-01   2.1414298E+02   3.2945073E+01   2.4708805E+02   1.6874349E-01   3.5667025E-01   1.9380039E-01
   6.8115942E-01   1.6122057E+02   3.2244114E+01   1.9346469E+02   1.4990551E-01   1.5979565E-01   1.5155387E-01
   6.9565217E-01   7.8930905E+01   6.3144724E+01   1.4207563E+02   3.4151523E-07   7.0626109E-02   3.1389192E-02
   7.1014493E-01   3.0928028E+01   4.6392042E+01   7.7320070E+01   2.1012232E-01   1.3878139E-01   1.6731776E-01
   7.2463768E-01   9.0928402E+01   6.0618935E+01   1.5154734E+02   2.5765333E-01   3.1079574E-01   2.7891030E-01
   7.3913043E-01   1.1886066E+02   2.9715164E+01   1.4857582E+02   2.4828783E-01   1.2369781E-01   2.2336983E-01
   7.5362319E-01   7.2859297E+01   1.4571859E+01   8.7431156E+01   2.4629864E-01   4.2859953E-01   2.7668212E-01
   7.6811594E-01   4.2890756E+01   7.1484593E+01   1.1437535E+02   3.2035407E-01   3.6207319E-01   3.4642852E-01
   7.8260870E-01   8.4192965E+01   1.4032161E+01   9.8225126E+01   2.8289369E-01   4.2753611E-01   3.0355689E-01
   7.9710145E-01   9.6439214E+01   0.0000000E+00   9.6439214E+01   2.6248029E-01   0.0000000E+00   2.6248029E-01
   8.1159420E-01   4.0593037E+01   4.0593037E+01   8.1186073E+01   1.2122503E-01   3.4971109E-01   2.3546806E-01
   8.2608696E-01   6.6468130E+01   2.6587252E+01   9.3055382E+01   8.5278207E-02   5.4666788E-06   6.0911443E-02
   8.4057971E-01   5.2257702E+01   1.3064426E+01   6.5322128E+01   2.9349188E-01   3.2797175E-01   3.0038785E-01
   8.5507246E-01   1.1558695E+02   1.2842995E+01   1.2842995E+02   2.7221408E-01   3.5635598E-01   2.8062827E-01
   8.6956522E-01   1.0103156E+02   1.2628945E+01   1.1366050E+02   2.5021323E-01   3.0798759E-01   2.5663261E-01
   8.8405797E-01   4.9687651E+01   4.9687651E+01   9.9375303E+01   2.9210434E-01   2.1369615E-01   2.5290024E-01
   8.9855072E-01   2.4443119E+01   0.0000000E+00   2.4443119E+01   3.8988136E-01   0.0000000E+00   3.8988136E-01
   9.1304348E-01   1.2027566E+02   0.0000000E+00   1.2027566E+02   2.9684197E-01   0.0000000E+00   2.9684197E-01
   9.2753623E-01   4.7358543E+01   3.5518907E+01   8.2877450E+01   3.8627098E-01   3.9389739E-01   3.8953944E-01
   9.4202899E-01   3.4972462E+01   1.1657487E+01   4.6629950E+01   1.3473881E-01   3.6835663E-01   1.9314327E-01
   9.5652174E-01   3.4442577E+01   1.1480859E+01   4.5923435E+01   2.8576200E-01   3.9741151E-01   3.1367438E-01
   9.7101449E-01   3.3928508E+01   0.0000000E+00   3.3928508E+01   4.1385663E-01   0.0000000E+00   4.1385663E-01
   9.8550725E-01   0.0000000E+00   2.2286373E+01   2.2286373E+01   0.0000000E+00   2.1171326E-01   2.1171326E-01
   1.0000000E+00   4.3768184E+01   0.0000000E+00   4.3768184E+01   2.1239233E-01   0.0000000E+00   2.1239233E-01
