   0.0000000E+00   3.9761457E+10   2.0051792E+10   5.9268018E+10   6.0592621E-08   4.5504845E-07   1.8657424E-07
   1.4492754E-02   1.9852701E+05   1.1744919E+05   3.1597620E+05   7.8530023E-02   6.3609807E-02   7.2930180E-02
   2.8985507E-02   1.3677147E+05   6.0997803E+04   1.9776927E+05   5.1686458E-02   5.5178312E-02   5.2762943E-02
   4.3478261E-02   9.4464507E+04   4.6474517E+04   1.4093902E+05   6.6229494E-02   8.2169945E-02   7.1485436E-02
   5.7971014E-02   7.3121590E+04   3.5234756E+04   1.0835635E+05   7.0613677E-02   6.4817828E-02   6.8587017E-02
   7.2463768E-02   6.1528219E+04   2.5611500E+04   8.7139719E+04   6.3561559E-02   6.0958713E-02   6.2796363E-02
   8.6956522E-02   5.6956541E+04   2.6773363E+04   8.3729904E+04   5.5397900E-02   4.4015564E-02   5.1653086E-02
   1.0144928E-01   4.4165224E+04   2.3922830E+04   6.8088053E+04   5.8758731E-02   5.5124568E-02   5.7045795E-02
   1.1594203E-01   3.7507966E+04   1.8280398E+04   5.5788363E+04   4.1788889E-02   6.7152658E-02   5.0085722E-02
   1.3043478E-01   4.0075851E+04   1.9364382E+04   5.9440233E+04   6.0140096E-02   4.5480423E-02   5.5358991E-02
   1.4492754E-01   3.6144040E+04   1.7200623E+04   5.3344663E+04   5.6406121E-02   3.1965560E-02   4.7928166E-02
   1.5942029E-01   3.1549400E+04   1.5361389E+04   4.6910789E+04   4.7430971E-02   5.9179672E-02   5.1113551E-02
   1.7391304E-01   2.7657389E+04   1.3512971E+04   4.1170360E+04   5.0576036E-02   4.7587625E-02   4.8386662E-02
   1.8840580E-01   2.6345922E+04   1.3347823E+04   3.9693745E+04   5.9375045E-02   4.5723392E-02   5.4504587E-02
   2.0289855E-01   2.3165093E+04   1.2448531E+04   3.5613624E+04   6.4762289E-02   4.4484995E-02   5.7674162E-02
   2.1739130E-01   2.2024880E+04   1.2224819E+04   3.4249698E+04   5.3161150E-02   4.9702132E-02   5.1376286E-02
   2.3188406E-01   2.3916064E+04   1.2029070E+04   3.5945134E+04   4.2794741E-02   5.5023188E-02   4.6872816E-02
   2.4637681E-01   2.1350345E+04   1.1098614E+04   3.2448959E+04   3.7657863E-02   5.8593819E-02   4.4187586E-02
   2.6086957E-01   2.1511303E+04   1.0439928E+04   3.1951230E+04   5.6156468E-02   5.9375025E-02   5.7205624E-02
   2.7536232E-01   1.9621392E+04   9.3720064E+03   2.8993398E+04   4.0495738E-02   6.8657256E-02   4.9154003E-02
   2.8985507E-01   1.5912470E+04   1.0418879E+04   2.6331350E+04   5.1385162E-02   7.4732477E-02   6.0620207E-02
   3.0434783E-01   1.7536192E+04   8.6959305E+03   2.6232122E+04   4.9142021E-02   5.7501362E-02   5.1804937E-02
   3.1884058E-01   1.6773535E+04   8.4384313E+03   2.5211966E+04   4.7874621E-02   4.7205989E-02   4.7177627E-02
   3.3333333E-01   1.6966713E+04   8.5657190E+03   2.5532432E+04   6.4690696E-02   5.6668174E-02   6.1940725E-02
   3.4782609E-01   1.5470457E+04   8.8402613E+03   2.4310719E+04   4.4890887E-02   3.5131847E-02   4.1313590E-02
   3.6231884E-01   1.3760498E+04   7.7289142E+03   2.1489412E+04   4.0588874E-02   5.5217659E-02   4.5817710E-02
   3.7681159E-01   1.4396997E+04   7.4899357E+03   2.1886933E+04   5.4656174E-02   3.8942750E-02   4.8924587E-02
   3.9130435E-01   1.3723453E+04   7.1844663E+03   2.0907920E+04   4.9800076E-02   4.0204693E-02   4.5675326E-02
   4.0579710E-01   1.2908586E+04   6.8466922E+03   1.9755278E+04   5.0999868E-02   6.2949081E-02   5.4849361E-02
   4.2028986E-01   1.1940885E+04   6.8457590E+03   1.8786644E+04   5.4121649E-02   5.5108466E-02   5.4400946E-02
   4.3478261E-01   1.2856266E+04   6.3397303E+03   1.9195996E+04   5.5796940E-02   3.0649875E-02   4.7148232E-02
   4.4927536E-01   1.1732697E+04   6.1841091E+03   1.7916806E+04   4.4202052E-02   4.4148366E-02   4.4175374E-02
   4.6376812E-01   1.1721239E+04   6.4881204E+03   1.8209360E+04   5.2363983E-02   4.2484655E-02   4.8843772E-02
   4.7826087E-01   1.0470543E+04   5.3271185E+03   1.5797662E+04   4.6260300E-02   4.2816029E-02   4.4765784E-02
   4.9275362E-01   1.1232332E+04   5.6161660E+03   1.6848498E+04   6.4067431E-02   4.9590706E-02   5.9164026E-02
   5.0724638E-01   1.0759861E+04   5.4340545E+03   1.6193915E+04   5.2168218E-02   7.0625284E-02   5.8292492E-02
   5.2173913E-01   9.8505769E+03   5.1357709E+03   1.4986348E+04   5.3221746E-02   5.3040191E-02   5.3072805E-02
   5.3623188E-01   9.5229070E+03   4.6897757E+03   1.4212683E+04   6.1215949E-02   4.9992199E-02   5.7465588E-02
   5.5072464E-01   9.3919468E+03   4.6660627E+03   1.4058010E+04   5.2510573E-02   6.0413841E-02   5.4825340E-02
   5.6521739E-01   8.9179779E+03   3.9441166E+03   1.2862094E+04   6.3049824E-02   5.3194534E-02   6.0011275E-02
   5.7971014E-01   8.4487640E+03   4.6790240E+03   1.3127788E+04   5.7517579E-02   4.0438185E-02   5.0832443E-02
   5.9420290E-01   8.7786567E+03   4.4724946E+03   1.3251151E+04   5.0564647E-02   5.5585085E-02   5.2171822E-02
   6.0869565E-01   7.8660284E+03   4.0953864E+03   1.1961415E+04   5.7219536E-02   6.2869324E-02   5.9149458E-02
   6.2318841E-01   6.9782262E+03   3.8239270E+03   1.0802153E+04   6.1893917E-02   7.0866984E-02   6.4717823E-02
   6.3768116E-01   7.1812772E+03   3.7025770E+03   1.0883854E+04   5.3190110E-02   6.7185989E-02   5.7581395E-02
   6.5217391E-01   7.6783984E+03   3.7381676E+03   1.1416566E+04   5.3212126E-02   4.2473833E-02   4.9499870E-02
   6.6666667E-01   7.0008281E+03   2.9485841E+03   9.9494121E+03   6.3236683E-02   9.0929072E-02   7.0323464E-02
   6.8115942E-01   6.2069920E+03   3.7080731E+03   9.9150651E+03   6.1977491E-02   5.7164375E-02   6.0135456E-02
   6.9565217E-01   7.1669261E+03   3.6150354E+03   1.0781962E+04   5.3071518E-02   7.3729363E-02   5.9646415E-02
   7.1014493E-01   6.8505582E+03   3.1082668E+03   9.9588250E+03   5.8246078E-02   3.7069632E-02   5.1503008E-02
   7.2463768E-01   6.0618935E+03   2.9551731E+03   9.0170665E+03   6.5238740E-02   6.3576226E-02   6.4358683E-02
   7.3913043E-01   5.3933023E+03   2.8377982E+03   8.2311005E+03   6.6723555E-02   6.6451322E-02   6.5776245E-02
   7.5362319E-01   5.6684533E+03   3.0600905E+03   8.7285437E+03   8.3041967E-02   8.4630231E-02   8.3162722E-02
   7.6811594E-01   5.1325938E+03   2.7736022E+03   7.9061960E+03   6.0772203E-02   9.3569666E-02   7.2070557E-02
   7.8260870E-01   5.2480281E+03   2.5819176E+03   7.8299457E+03   6.6020290E-02   1.0184190E-01   7.7611350E-02
   7.9710145E-01   4.9597310E+03   2.6865210E+03   7.6462520E+03   8.2002087E-02   6.2187690E-02   7.4097294E-02
   8.1159420E-01   4.8846954E+03   2.4355822E+03   7.3202776E+03   6.2795909E-02   7.3285117E-02   6.5903416E-02
   8.2608696E-01   4.6394755E+03   1.9275758E+03   6.5670513E+03   7.1494196E-02   9.6107841E-02   7.8567030E-02
   8.4057971E-01   4.5594845E+03   1.9988571E+03   6.5583416E+03   8.1921408E-02   9.0119019E-02   8.4351340E-02
   8.5507246E-01   3.9427994E+03   2.0548791E+03   5.9976785E+03   7.3790753E-02   8.2066794E-02   7.6527750E-02
   8.6956522E-01   3.7002808E+03   1.8943417E+03   5.5946225E+03   8.9242144E-02   9.6271475E-02   9.0982147E-02
   8.8405797E-01   3.4905575E+03   1.5775829E+03   5.0681404E+03   7.5060430E-02   1.0275880E-01   8.3491928E-02
   8.9855072E-01   3.7031325E+03   1.5521380E+03   5.2552706E+03   7.6571061E-02   1.1096272E-01   8.6327576E-02
   9.1304348E-01   2.9708089E+03   1.5395285E+03   4.5103374E+03   9.1357816E-02   1.0592168E-01   9.6288341E-02
   9.2753623E-01   3.1611827E+03   1.2550014E+03   4.4161841E+03   9.4969933E-02   8.2086793E-02   9.1014362E-02
   9.4202899E-01   2.6695646E+03   1.2823236E+03   3.9518882E+03   1.1318117E-01   8.1963465E-02   1.0303904E-01
   9.5652174E-01   2.1584015E+03   1.3202988E+03   3.4787002E+03   1.0287757E-01   1.1030067E-01   1.0569161E-01
   9.7101449E-01   1.8547585E+03   9.1606972E+02   2.7708282E+03   1.0259135E-01   1.1254735E-01   1.0552147E-01
   9.8550725E-01   1.4709006E+03   7.3545031E+02   2.2063509E+03   1.2066087E-01   1.4337386E-01   1.2814084E-01
   1.0000000E+00   7.0029094E+02   2.8449320E+02   9.8478414E+02   9.7197669E-02   7.9454890E-02   9.1289308E-02
