   0.0000000E+00   3.9937615E+10   2.0106652E+10   5.9474461E+10   7.0933928E-16   3.5467564E-13   1.1942959E-13
   1.4492754E-02   1.0608314E+04   3.7886834E+03   1.4396997E+04   1.2844863E-01   9.1383073E-02   1.1869454E-01
   2.8985507E-02   7.9562352E+03   3.4098151E+03   1.1366050E+04   1.2757606E-01   6.8423914E-02   1.0983042E-01
   4.3478261E-02   2.5257889E+03   1.2628945E+03   3.7886834E+03   1.2631272E-01   3.7055103E-02   9.6560183E-02
   5.7971014E-02   2.6520784E+03   1.5154734E+03   4.1675518E+03   1.1019542E-01   8.6165960E-02   1.0145743E-01
   7.2463768E-02   1.6670207E+03   1.0608314E+03   2.7278521E+03   1.3987288E-01   1.1583777E-01   1.3052590E-01
   8.6956522E-02   2.3994995E+03   8.8402613E+02   3.2835256E+03   1.1494365E-01   1.3705610E-01   1.2089700E-01
   1.0144928E-01   1.7319696E+03   5.4124049E+02   2.2732101E+03   1.5890241E-01   1.9776677E-01   1.6815583E-01
   1.1594203E-01   1.3260392E+03   7.5773668E+02   2.0837759E+03   9.2356150E-02   1.1577775E-01   1.0087309E-01
   1.3043478E-01   1.2628945E+03   2.5257889E+02   1.5154734E+03   1.2096041E-01   1.8985685E-01   1.3244315E-01
   1.4492754E-01   9.8505769E+02   3.7886834E+02   1.3639260E+03   1.0075067E-01   9.7812909E-02   9.9934623E-02
   1.5942029E-01   1.1021624E+03   2.7554061E+02   1.3777031E+03   1.5050199E-01   1.5966636E-01   1.5233487E-01
   1.7391304E-01   6.9459196E+02   6.3144724E+01   7.5773668E+02   2.0756353E-01   3.8061302E-01   2.2198432E-01
   1.8840580E-01   5.8287437E+02   4.0801206E+02   9.9088643E+02   1.3459293E-01   7.8498001E-02   1.1149502E-01
   2.0289855E-01   4.8711644E+02   1.0824810E+02   5.9536454E+02   1.3366941E-01   2.1827513E-01   1.4905227E-01
   2.1739130E-01   6.0618935E+02   4.0412623E+02   1.0103156E+03   9.9749369E-02   1.5113039E-01   1.2030178E-01
   2.3188406E-01   4.2622688E+02   1.8943417E+02   6.1566106E+02   1.3503529E-01   8.7197333E-02   1.2031592E-01
   2.4637681E-01   3.5658197E+02   3.5658197E+02   7.1316394E+02   1.9230653E-01   1.2506873E-01   1.5868763E-01
   2.6086957E-01   6.3144724E+02   4.6306131E+02   1.0945085E+03   1.2711082E-01   1.6368229E-01   1.4258337E-01
   2.7536232E-01   4.7857054E+02   2.3928527E+02   7.1785581E+02   1.0700091E-01   2.2975990E-01   1.4792058E-01
   2.8985507E-01   2.2732101E+02   1.5154734E+02   3.7886834E+02   1.4543779E-01   2.0773111E-01   1.7035512E-01
   3.0434783E-01   3.2474429E+02   2.1649620E+02   5.4124049E+02   1.2279351E-01   7.6100430E-02   1.0411628E-01
   3.1884058E-01   2.7554061E+02   1.0332773E+02   3.7886834E+02   1.4755233E-01   1.8243048E-01   1.5706455E-01
   3.3333333E-01   1.6472537E+02   6.5890146E+01   2.3061551E+02   1.2386216E-01   3.6559131E-02   9.8918436E-02
   3.4782609E-01   1.8943417E+02   2.5257889E+02   4.4201307E+02   7.8889876E-02   1.0438141E-01   9.3456467E-02
   3.6231884E-01   2.7278521E+02   2.7278521E+02   5.4557041E+02   1.8773473E-01   2.0472172E-01   1.9622822E-01
   3.7681159E-01   2.6229347E+02   1.7486231E+02   4.3715578E+02   1.9233317E-01   1.1526080E-01   1.6150422E-01
   3.9130435E-01   3.3677186E+02   1.9645025E+02   5.3322211E+02   1.6845800E-01   1.2414098E-01   1.5213068E-01
   4.0579710E-01   2.9768227E+02   1.0824810E+02   4.0593037E+02   1.3958696E-01   1.8152303E-01   1.5076991E-01
   4.2028986E-01   2.8741736E+02   1.3064426E+02   4.1806162E+02   8.4318212E-02   9.3190519E-02   8.7090808E-02
   4.3478261E-01   4.0412623E+02   5.0515779E+01   4.5464201E+02   1.6959545E-01   1.5017960E-01   1.6743813E-01
   4.4927536E-01   2.4443119E+02   2.1998807E+02   4.6441926E+02   1.8891149E-01   1.5348842E-01   1.7213214E-01
   4.6376812E-01   9.4717086E+01   1.1839636E+02   2.1311344E+02   1.3133007E-01   1.9514063E-01   1.6678038E-01
   4.7826087E-01   2.5257889E+02   6.8885153E+01   3.2146405E+02   2.0290149E-01   2.0182503E-01   2.0267082E-01
   4.9275362E-01   6.6859119E+01   4.4572746E+01   1.1143187E+02   2.1061317E-01   2.1096609E-01   2.1075434E-01
   5.0724638E-01   1.5154734E+02   8.6598478E+01   2.3814581E+02   1.9592183E-01   9.6699886E-02   1.5984112E-01
   5.2173913E-01   2.1048241E+02   1.0524121E+02   3.1572362E+02   1.6048846E-01   2.2539975E-01   1.8212556E-01
   5.3623188E-01   1.4335559E+02   0.0000000E+00   1.4335559E+02   1.7796726E-01   0.0000000E+00   1.7796726E-01
   5.5072464E-01   1.7946395E+02   7.9761756E+01   2.5922571E+02   1.9584322E-01   3.3684377E-01   2.3922800E-01
   5.6521739E-01   2.1372060E+02   5.8287437E+01   2.7200804E+02   1.3955211E-01   1.0556467E-01   1.3226909E-01
   5.7971014E-01   1.7049075E+02   1.5154734E+02   3.2203809E+02   2.0154529E-01   2.0722890E-01   2.0421993E-01
   5.9420290E-01   7.3925530E+01   7.3925530E+01   1.4785106E+02   7.2262560E-02   2.0410186E-01   1.3818221E-01
   6.0869565E-01   5.4124049E+01   5.4124049E+01   1.0824810E+02   1.4280817E-01   6.1985809E-02   1.0239699E-01
   6.2318841E-01   5.2865350E+01   8.8108917E+01   1.4097427E+02   2.0667339E-01   2.3665801E-01   2.2541378E-01
   6.3768116E-01   1.2054902E+02   1.0332773E+02   2.2387675E+02   2.2829137E-01   1.7691236E-01   2.0457798E-01
   6.5217391E-01   6.7354372E+01   1.1787015E+02   1.8522452E+02   2.0009371E-01   1.4437029E-01   1.6463335E-01
   6.6666667E-01   1.4825283E+02   9.8835220E+01   2.4708805E+02   1.8320371E-01   2.8256243E-01   2.2294720E-01
   6.8115942E-01   1.2897646E+02   3.2244114E+01   1.6122057E+02   1.2240815E-01   3.3066655E-01   1.6405983E-01
   6.9565217E-01   1.4207563E+02   1.5786181E+01   1.5786181E+02   8.9207323E-02   3.7383733E-01   1.1767032E-01
   7.1014493E-01   1.0824810E+02   3.0928028E+01   1.3917613E+02   2.0738116E-01   3.4148986E-01   2.3718309E-01
   7.2463768E-01   7.5773668E+01   1.5154734E+01   9.0928402E+01   9.3364242E-02   1.6146415E-05   7.7800844E-02
   7.3913043E-01   7.4287910E+01   4.4572746E+01   1.1886066E+02   3.8999057E-01   1.3636922E-01   2.9488256E-01
   7.5362319E-01   8.7431156E+01   1.4571859E+01   1.0200302E+02   1.1074556E-01   4.2760981E-01   1.5601188E-01
   7.6811594E-01   1.4296919E+02   2.8593837E+01   1.7156302E+02   2.8633067E-01   3.2120838E-01   2.9214362E-01
   7.8260870E-01   8.4192965E+01   9.8225126E+01   1.8241809E+02   3.6440332E-01   2.8314336E-01   3.2064795E-01
   7.9710145E-01   5.5108122E+01   6.8885153E+01   1.2399328E+02   2.1254191E-01   1.3934154E-01   1.7187504E-01
   8.1159420E-01   1.0824810E+02   4.0593037E+01   1.4884113E+02   2.6020633E-01   2.0002980E-06   1.8924151E-01
   8.2608696E-01   3.9880878E+01   1.3293626E+01   5.3174504E+01   2.3184159E-01   4.2582825E-01   2.8033826E-01
   8.4057971E-01   7.8386554E+01   5.2257702E+01   1.3064426E+02   1.7977586E-01   3.9063252E-01   2.6411853E-01
   8.5507246E-01   8.9900963E+01   3.8528984E+01   1.2842995E+02   2.6898280E-01   3.4348681E-01   2.9133400E-01
   8.6956522E-01   6.3144724E+01   1.2628945E+01   7.5773668E+01   3.7288615E-01   4.2813206E-01   3.8209380E-01
   8.8405797E-01   4.9687651E+01   2.4843826E+01   7.4531477E+01   2.9743677E-01   3.7813408E-01   3.2433588E-01
   8.9855072E-01   7.3329357E+01   2.4443119E+01   9.7772475E+01   2.5245856E-01   3.8250218E-01   2.8496946E-01
   9.1304348E-01   2.4055133E+01   0.0000000E+00   2.4055133E+01   1.7502015E-01   0.0000000E+00   1.7502015E-01
   9.2753623E-01   2.3679271E+01   1.1839636E+01   3.5518907E+01   4.2799012E-01   4.0411028E-01   4.2003017E-01
   9.4202899E-01   4.6629950E+01   1.1657487E+01   5.8287437E+01   2.1271625E-01   4.1544083E-01   2.5326117E-01
   9.5652174E-01   1.1480859E+01   2.2961718E+01   3.4442577E+01   4.0599691E-01   2.0875312E-01   2.7450105E-01
   9.7101449E-01   3.3928508E+01   2.2619005E+01   5.6547514E+01   4.1286598E-01   8.1594035E-06   2.4771633E-01
   9.8550725E-01   0.0000000E+00   0.0000000E+00   0.0000000E+00   0.0000000E+00   0.0000000E+00   0.0000000E+00
   1.0000000E+00   0.0000000E+00   2.1884092E+01   2.1884092E+01   0.0000000E+00   4.2841532E-01   4.2841532E-01
