   0.0000000E+00   3.9916441E+10   2.0121946E+10   5.9470673E+10   5.7118782E-09   4.5062662E-09   5.3584848E-09
   1.4492754E-02   9.8505769E+03   5.3041568E+03   1.5154734E+04   1.8310272E-01   1.8676638E-01   1.8438500E-01
   2.8985507E-02   7.1984985E+03   1.8943417E+03   9.0928402E+03   1.0915370E-01   7.5477133E-02   1.0213775E-01
   4.3478261E-02   3.5361045E+03   2.5257889E+03   6.0618935E+03   1.5506539E-01   9.4817383E-02   1.2996205E-01
   5.7971014E-02   2.4626442E+03   7.5773668E+02   3.2203809E+03   1.6615656E-01   9.3289457E-02   1.4901136E-01
   7.2463768E-02   1.8185680E+03   1.0608314E+03   2.8793994E+03   1.8260992E-01   6.5150453E-02   1.3933538E-01
   8.6956522E-02   1.8943417E+03   2.5257889E+02   2.1469206E+03   1.1076050E-01   4.1261178E-02   1.0258411E-01
   1.0144928E-01   9.7423288E+02   7.5773668E+02   1.7319696E+03   1.1653934E-01   1.1375386E-01   1.1532069E-01
   1.1594203E-01   1.5154734E+03   3.7886834E+02   1.8943417E+03   1.0046089E-01   1.3625933E-01   1.0762058E-01
   1.3043478E-01   1.0103156E+03   5.0515779E+02   1.5154734E+03   1.1678515E-01   1.9522490E-01   1.4293174E-01
   1.4492754E-01   9.0928402E+02   1.2123787E+03   2.1216627E+03   1.1185717E-01   8.2010632E-02   9.4802007E-02
   1.5942029E-01   9.6439214E+02   2.0665546E+02   1.1710476E+03   6.7622375E-02   9.9618100E-02   7.3268680E-02
   1.7391304E-01   6.3144724E+02   1.2628945E+02   7.5773668E+02   9.8943982E-02   2.6792635E-01   1.2710771E-01
   1.8840580E-01   6.9944925E+02   4.6629950E+02   1.1657487E+03   1.8860902E-01   1.2260657E-01   1.6220804E-01
   2.0289855E-01   5.4124049E+02   1.6237215E+02   7.0361264E+02   1.5016832E-01   4.8660284E-02   1.2674339E-01
   2.1739130E-01   4.5464201E+02   3.5361045E+02   8.0825246E+02   1.5061456E-01   1.3618885E-01   1.4430331E-01
   2.3188406E-01   7.1037814E+02   3.3150980E+02   1.0418879E+03   1.6889527E-01   2.2313446E-01   1.8615319E-01
   2.4637681E-01   4.0115472E+02   4.0115472E+02   8.0230943E+02   1.1634212E-01   4.3290165E-02   7.9816144E-02
   2.6086957E-01   2.5257889E+02   1.2628945E+02   3.7886834E+02   2.6366482E-01   5.2991050E-02   1.9344023E-01
   2.7536232E-01   4.7857054E+02   2.3928527E+02   7.1785581E+02   1.7069980E-01   2.5442669E-01   1.9860877E-01
   2.8985507E-01   6.0618935E+02   1.8943417E+02   7.9562352E+02   1.0419738E-01   2.7687101E-01   1.4531015E-01
   3.0434783E-01   3.2474429E+02   1.4433080E+02   4.6907509E+02   1.9744103E-01   1.7409006E-01   1.9025612E-01
   3.1884058E-01   4.8219607E+02   2.4109804E+02   7.2329411E+02   1.6522428E-01   1.9193028E-01   1.7412628E-01
   3.3333333E-01   4.2828595E+02   9.8835220E+01   5.2712117E+02   1.5660728E-01   3.0532295E-05   1.2723769E-01
   3.4782609E-01   2.8415126E+02   1.5786181E+02   4.4201307E+02   1.0935876E-01   1.5478974E-01   1.2558411E-01
   3.6231884E-01   3.6371361E+02   1.5154734E+02   5.1526095E+02   2.2251081E-01   7.6157698E-02   1.7946578E-01
   3.7681159E-01   2.0400603E+02   8.7431156E+01   2.9143719E+02   2.3174161E-01   1.4557466E-01   2.0589152E-01
   3.9130435E-01   3.0870754E+02   1.9645025E+02   5.0515779E+02   1.4670621E-01   9.8881239E-02   1.2810761E-01
   4.0579710E-01   2.7062024E+02   1.0824810E+02   3.7886834E+02   1.2894814E-01   2.0160354E-01   1.4970682E-01
   4.2028986E-01   3.1354621E+02   1.3064426E+02   4.4419047E+02   2.2662732E-01   2.0156418E-01   2.1925581E-01
   4.3478261E-01   2.2732101E+02   1.5154734E+02   3.7886834E+02   2.6485581E-01   1.0065984E-01   1.9917742E-01
   4.4927536E-01   3.4220366E+02   4.8886238E+01   3.9108990E+02   1.2769414E-01   1.7641978E-01   1.3378485E-01
   4.6376812E-01   1.8943417E+02   4.7358543E+01   2.3679271E+02   2.3791006E-01   1.9797037E-01   2.2992212E-01
   4.7826087E-01   2.5257889E+02   6.8885153E+01   3.2146405E+02   1.0345812E-01   4.6140326E-02   9.1175734E-02
   4.9275362E-01   1.7829098E+02   1.3371824E+02   3.1200922E+02   2.6509020E-01   1.2763379E-01   2.0618031E-01
   5.0724638E-01   1.0824810E+02   1.5154734E+02   2.5979543E+02   2.0159509E-01   1.4882624E-01   1.7081326E-01
   5.2173913E-01   2.5257889E+02   1.4733769E+02   3.9991658E+02   1.9852653E-01   1.4367624E-01   1.7831852E-01
   5.3623188E-01   1.8431433E+02   6.1438110E+01   2.4575244E+02   2.4695259E-01   1.9148425E-01   2.3308551E-01
   5.5072464E-01   1.7946395E+02   9.9702195E+01   2.7916615E+02   6.7945336E-02   2.4305502E-01   1.3048451E-01
   5.6521739E-01   5.8287437E+01   3.8858291E+01   9.7145729E+01   3.5243343E-01   1.6122411E-01   2.7594970E-01
   5.7971014E-01   7.5773668E+01   9.4717086E+01   1.7049075E+02   3.3370720E-01   1.1974955E-01   2.1484184E-01
   5.9420290E-01   2.0329521E+02   3.6962765E+01   2.4025797E+02   1.6383647E-01   4.2823725E-01   2.0451351E-01
   6.0869565E-01   7.2165398E+01   1.2628945E+02   1.9845485E+02   2.2532999E-01   1.3028217E-01   1.6484501E-01
   6.2318841E-01   2.6432675E+02   5.2865350E+01   3.1719210E+02   1.6255329E-01   2.7061063E-01   1.8056284E-01
   6.3768116E-01   1.2054902E+02   8.6106441E+01   2.0665546E+02   2.0684667E-01   1.5012438E-01   1.8321238E-01
   6.5217391E-01   6.7354372E+01   6.7354372E+01   1.3470874E+02   2.2554642E-01   2.6207772E-01   2.4381207E-01
   6.6666667E-01   1.3178029E+02   8.2362683E+01   2.1414298E+02   1.5961984E-01   1.6906254E-01   1.6325165E-01
   6.8115942E-01   6.4488228E+01   1.1285440E+02   1.7734263E+02   6.3353412E-02   2.0587672E-01   1.5405006E-01
   6.9565217E-01   1.1050327E+02   6.3144724E+01   1.7364799E+02   2.6477344E-01   1.6488498E-01   2.2845036E-01
   7.1014493E-01   1.0824810E+02   1.5464014E+01   1.2371211E+02   2.1737874E-01   1.9156022E-01   2.1415143E-01
   7.2463768E-01   9.0928402E+01   3.0309467E+01   1.2123787E+02   2.0517128E-01   2.1260557E-01   2.0702985E-01
   7.3913043E-01   4.4572746E+01   5.9430328E+01   1.0400307E+02   3.5494180E-01   1.0379906E-01   2.1143166E-01
   7.5362319E-01   7.2859297E+01   5.8287437E+01   1.3114673E+02   2.8559800E-01   2.5873132E-01   2.7365725E-01
   7.6811594E-01   4.2890756E+01   2.8593837E+01   7.1484593E+01   3.1837083E-01   3.4011786E-01   3.2706964E-01
   7.8260870E-01   1.1225729E+02   4.2096482E+01   1.5435377E+02   2.7099846E-01   3.5993282E-01   2.9525328E-01
   7.9710145E-01   5.5108122E+01   2.7554061E+01   8.2662184E+01   2.2781264E-01   1.6792003E-01   2.0784844E-01
   8.1159420E-01   1.3531012E+02   6.7655061E+01   2.0296518E+02   2.2669466E-01   1.7120641E-01   2.0819857E-01
   8.2608696E-01   1.0634901E+02   0.0000000E+00   1.0634901E+02   1.8728342E-01   0.0000000E+00   1.8728342E-01
   8.4057971E-01   3.9193277E+01   2.6128851E+01   6.5322128E+01   2.5293568E-01   1.4954566E-01   2.1157967E-01
   8.5507246E-01   1.2842995E+02   3.8528984E+01   1.6695893E+02   2.2292433E-01   2.3796402E-01   2.2639503E-01
   8.6956522E-01   2.5257889E+01   1.2628945E+01   3.7886834E+01   1.8255704E-01   1.6253114E-06   1.2170524E-01
   8.8405797E-01   6.2109564E+01   2.4843826E+01   8.6953390E+01   3.0945194E-01   3.5357107E-01   3.2205740E-01
   8.9855072E-01   1.2221559E+01   1.2221559E+01   2.4443119E+01   6.2425418E-06   3.6582065E-01   1.8290720E-01
   9.1304348E-01   1.2027566E+01   2.4055133E+01   3.6082699E+01   1.1175578E-06   3.8769791E-01   2.5846565E-01
   9.2753623E-01   4.7358543E+01   0.0000000E+00   4.7358543E+01   4.1909587E-01   0.0000000E+00   4.1909587E-01
   9.4202899E-01   5.8287437E+01   0.0000000E+00   5.8287437E+01   2.3311791E-01   0.0000000E+00   2.3311791E-01
   9.5652174E-01   4.5923435E+01   0.0000000E+00   4.5923435E+01   1.9661881E-01   0.0000000E+00   1.9661881E-01
   9.7101449E-01   0.0000000E+00   1.1309503E+01   1.1309503E+01   0.0000000E+00   3.8953170E-01   3.8953170E-01
   9.8550725E-01   2.2286373E+01   0.0000000E+00   2.2286373E+01   2.1110874E-01   0.0000000E+00   2.1110874E-01
   1.0000000E+00   0.0000000E+00   0.0000000E+00   0.0000000E+00   0.0000000E+00   0.0000000E+00   0.0000000E+00
