   0.0000000E+00   3.9942434E+10   2.0103888E+10   5.9475146E+10   4.7888509E-10   6.0656310E-08   2.0824757E-08
   1.4492754E-02   4.5464201E+03   3.7886834E+03   8.3351035E+03   1.0141245E-01   5.5844991E-02   8.0699967E-02
   2.8985507E-02   5.6830251E+03   6.0618935E+03   1.1744919E+04   4.6516492E-02   1.0957621E-01   7.9063443E-02
   4.3478261E-02   4.5464201E+03   1.5154734E+03   6.0618935E+03   9.2491213E-02   7.2933512E-02   8.7601788E-02
   5.7971014E-02   3.0309467E+03   1.5154734E+03   4.5464201E+03   7.2298281E-02   1.7221934E-01   1.0560530E-01
   7.2463768E-02   1.8185680E+03   7.5773668E+02   2.5763047E+03   1.8153454E-01   1.9964471E-01   1.8686106E-01
   8.6956522E-02   2.1469206E+03   2.5257889E+02   2.3994995E+03   1.1921727E-01   3.6421370E-02   1.1050192E-01
   1.0144928E-01   1.1907291E+03   1.0824810E+03   2.2732101E+03   1.2797731E-01   1.3674843E-01   1.3215403E-01
   1.1594203E-01   6.6301960E+02   4.7358543E+02   1.1366050E+03   1.2912517E-01   2.0209954E-01   1.5953115E-01
   1.3043478E-01   6.7354372E+02   9.2612261E+02   1.5996663E+03   5.8171360E-02   1.7642703E-01   1.2663517E-01
   1.4492754E-01   6.8196302E+02   6.8196302E+02   1.3639260E+03   1.3819250E-01   9.3397625E-02   1.1579506E-01
   1.5942029E-01   1.1710476E+03   5.5108122E+02   1.7221288E+03   1.0964888E-01   9.6241959E-02   1.0535867E-01
   1.7391304E-01   9.4717086E+02   3.1572362E+02   1.2628945E+03   1.4348191E-01   2.1319996E-01   1.6091142E-01
   1.8840580E-01   6.4116181E+02   2.3314975E+02   8.7431156E+02   1.9665731E-01   3.1357365E-01   2.2783500E-01
   2.0289855E-01   3.2474429E+02   3.2474429E+02   6.4948859E+02   1.0382060E-01   1.5387924E-01   1.2884992E-01
   2.1739130E-01   8.5876824E+02   4.0412623E+02   1.2628945E+03   9.5682720E-02   1.5646722E-01   1.1513376E-01
   2.3188406E-01   8.5245377E+02   2.8415126E+02   1.1366050E+03   1.5093376E-01   1.4010646E-01   1.4822694E-01
   2.4637681E-01   9.8060041E+02   1.3371824E+02   1.1143187E+03   1.5526706E-01   1.9268022E-01   1.5975664E-01
   2.6086957E-01   2.9467538E+02   1.6838593E+02   4.6306131E+02   1.7401708E-01   1.3871979E-01   1.6118171E-01
   2.7536232E-01   3.5892790E+02   2.7916615E+02   6.3809405E+02   1.3255268E-01   9.4193293E-02   1.1577045E-01
   2.8985507E-01   3.7886834E+02   1.5154734E+02   5.3041568E+02   1.6297817E-01   6.4437902E-02   1.3482380E-01
   3.0434783E-01   4.6907509E+02   1.0824810E+02   5.7732319E+02   1.3049618E-01   1.2117756E-01   1.2874894E-01
   3.1884058E-01   2.7554061E+02   1.7221288E+02   4.4775350E+02   2.0960677E-01   1.5801116E-01   1.8976231E-01
   3.3333333E-01   3.6239581E+02   1.9767044E+02   5.6006624E+02   8.7307151E-02   1.5387218E-01   1.1080069E-01
   3.4782609E-01   2.8415126E+02   2.2100653E+02   5.0515779E+02   1.4211770E-01   1.7644686E-01   1.5713671E-01
   3.6231884E-01   2.1216627E+02   1.5154734E+02   3.6371361E+02   1.8072386E-01   1.0582951E-01   1.4951788E-01
   3.7681159E-01   2.3314975E+02   1.1657487E+02   3.4972462E+02   1.8482629E-01   8.2822075E-02   1.5082489E-01
   3.9130435E-01   3.6483618E+02   1.6838593E+02   5.3322211E+02   1.8010714E-01   9.3259101E-02   1.5268144E-01
   4.0579710E-01   2.1649620E+02   1.3531012E+02   3.5180632E+02   2.7416301E-01   1.5255431E-01   2.2739043E-01
   4.2028986E-01   1.8290196E+02   1.0451540E+02   2.8741736E+02   1.0297041E-01   4.2137768E-02   8.0849449E-02
   4.3478261E-01   3.2835256E+02   1.5154734E+02   4.7989990E+02   1.8687908E-01   1.0866534E-01   1.6218001E-01
   4.4927536E-01   2.1998807E+02   2.4443119E+01   2.4443119E+02   1.9855511E-01   2.7117916E-01   2.0581752E-01
   4.6376812E-01   2.1311344E+02   1.6575490E+02   3.7886834E+02   1.2502698E-01   1.8314495E-01   1.5045359E-01
   4.7826087E-01   2.0665546E+02   1.6073202E+02   3.6738748E+02   1.1439612E-01   1.6316614E-01   1.3573301E-01
   4.9275362E-01   2.0057736E+02   8.9145492E+01   2.8972285E+02   1.8876674E-01   1.9418598E-01   1.9043420E-01
   5.0724638E-01   1.7319696E+02   1.2989772E+02   3.0309467E+02   1.6583418E-01   1.2639162E-01   1.4893023E-01
   5.2173913E-01   1.6838593E+02   8.4192965E+01   2.5257889E+02   2.8380208E-01   1.0452540E-01   2.2404319E-01
   5.3623188E-01   1.6383496E+02   1.0239685E+02   2.6623181E+02   1.6708722E-01   1.6715745E-01   1.6711424E-01
   5.5072464E-01   1.7946395E+02   5.9821317E+01   2.3928527E+02   1.9539439E-01   3.0039574E-01   2.2164472E-01
   5.6521739E-01   9.7145729E+01   5.8287437E+01   1.5543317E+02   2.5385022E-01   3.4594121E-01   2.8838434E-01
   5.7971014E-01   2.4626442E+02   3.7886834E+01   2.8415126E+02   1.4073723E-01   1.1674014E-01   1.3753762E-01
   5.9420290E-01   1.1088830E+02   5.5444148E+01   1.6633244E+02   1.7981908E-01   8.5175620E-02   1.4827126E-01
   6.0869565E-01   1.0824810E+02   7.2165398E+01   1.8041350E+02   9.6381060E-02   8.0678481E-02   9.0100029E-02
   6.2318841E-01   1.0573070E+02   7.0487133E+01   1.7621783E+02   1.5427998E-01   2.8649582E-01   2.0716632E-01
   6.3768116E-01   1.5499159E+02   3.4442577E+01   1.8943417E+02   2.1075104E-01   1.5782259E-01   2.0112769E-01
   6.5217391E-01   3.3677186E+01   6.7354372E+01   1.0103156E+02   1.9191927E-01   2.4606598E-01   2.2801708E-01
   6.6666667E-01   1.4825283E+02   3.2945073E+01   1.8119790E+02   2.6987627E-01   2.1428265E-01   2.5976834E-01
   6.8115942E-01   8.0610286E+01   8.0610286E+01   1.6122057E+02   1.9960163E-01   1.0636985E-01   1.5298574E-01
   6.9565217E-01   6.3144724E+01   7.8930905E+01   1.4207563E+02   2.4180604E-01   2.1635383E-01   2.2766592E-01
   7.1014493E-01   7.7320070E+01   3.0928028E+01   1.0824810E+02   1.7563124E-01   3.2577901E-01   2.1853060E-01
   7.2463768E-01   1.3639260E+02   9.0928402E+01   2.2732101E+02   2.3032940E-01   2.0090076E-01   2.1855794E-01
   7.3913043E-01   4.4572746E+01   7.4287910E+01   1.1886066E+02   2.3357875E-01   2.5380409E-01   2.4621959E-01
   7.5362319E-01   7.2859297E+01   4.3715578E+01   1.1657487E+02   4.1132650E-01   1.3567808E-01   3.0795834E-01
   7.6811594E-01   5.7187674E+01   4.2890756E+01   1.0007843E+02   1.7947755E-01   3.4733335E-01   2.5141575E-01
   7.8260870E-01   8.4192965E+01   2.8064322E+01   1.1225729E+02   1.2395199E-01   6.5608312E-05   9.2980392E-02
   7.9710145E-01   9.6439214E+01   6.8885153E+01   1.6532437E+02   1.6853463E-01   4.4520804E-06   9.8310015E-02
   8.1159420E-01   8.1186073E+01   6.7655061E+01   1.4884113E+02   2.7514499E-01   8.1845021E-02   1.8728137E-01
   8.2608696E-01   6.6468130E+01   3.9880878E+01   1.0634901E+02   2.8398164E-01   2.3883760E-01   2.6705262E-01
   8.4057971E-01   6.5322128E+01   0.0000000E+00   6.5322128E+01   2.4281824E-01   0.0000000E+00   2.4281824E-01
   8.5507246E-01   6.4214973E+01   1.2842995E+01   7.7057968E+01   1.9209652E-01   3.3257020E-01   2.1550880E-01
   8.6956522E-01   8.8402613E+01   1.2628945E+01   1.0103156E+02   2.5849155E-01   1.8065569E-05   2.2617785E-01
   8.8405797E-01   2.4843826E+01   1.2421913E+01   3.7265739E+01   1.6128353E-01   7.9071769E-06   1.0752499E-01
   8.9855072E-01   0.0000000E+00   2.4443119E+01   2.4443119E+01   0.0000000E+00   2.1421012E-01   2.1421012E-01
   9.1304348E-01   7.2165398E+01   3.6082699E+01   1.0824810E+02   2.5183344E-01   2.7493250E-01   2.5953313E-01
   9.2753623E-01   3.5518907E+01   3.5518907E+01   7.1037814E+01   3.8984318E-01   1.4122417E-01   2.6553367E-01
   9.4202899E-01   2.3314975E+01   2.3314975E+01   4.6629950E+01   1.8852724E-01   1.9193525E-01   1.9023124E-01
   9.5652174E-01   0.0000000E+00   0.0000000E+00   0.0000000E+00   0.0000000E+00   0.0000000E+00   0.0000000E+00
   9.7101449E-01   0.0000000E+00   0.0000000E+00   0.0000000E+00   0.0000000E+00   0.0000000E+00   0.0000000E+00
   9.8550725E-01   0.0000000E+00   0.0000000E+00   0.0000000E+00   0.0000000E+00   0.0000000E+00   0.0000000E+00
   1.0000000E+00   2.1884092E+01   0.0000000E+00   2.1884092E+01   4.2294610E-01   0.0000000E+00   4.2294610E-01
