   0.0000000E+00   3.9644898E+10   1.9979073E+10   5.9078941E+10   3.7536237E-07   4.5438060E-07   4.0546308E-07
   1.4492754E-02   7.7440689E+05   3.8038382E+05   1.1547907E+06   9.9414287E-02   9.0467715E-02   9.6432276E-02
   2.8985507E-02   4.3380425E+05   2.2125911E+05   6.5506336E+05   1.0864964E-01   9.9232304E-02   1.0545551E-01
   4.3478261E-02   2.9703278E+05   1.5331539E+05   4.5034817E+05   1.0888821E-01   1.0359779E-01   1.0705304E-01
   5.7971014E-02   2.2163798E+05   9.8126901E+04   3.1976488E+05   1.0818892E-01   1.0764526E-01   1.0799401E-01
   7.2463768E-02   1.7276396E+05   8.4714961E+04   2.5747893E+05   1.1241266E-01   1.0482408E-01   1.0991580E-01
   8.6956522E-02   1.4876897E+05   7.9941220E+04   2.2871019E+05   1.1328653E-01   9.8679804E-02   1.0817249E-01
   1.0144928E-01   1.3422764E+05   5.3258064E+04   1.8748571E+05   1.0636460E-01   1.1002958E-01   1.0737338E-01
   1.1594203E-01   1.0788276E+05   5.1904963E+04   1.5978772E+05   1.0476998E-01   1.2482228E-01   1.1127424E-01
   1.3043478E-01   9.5895787E+04   4.3106798E+04   1.3900259E+05   1.1674960E-01   1.0492811E-01   1.1304562E-01
   1.4492754E-01   8.1002052E+04   4.0235818E+04   1.2123787E+05   1.0621707E-01   1.2087839E-01   1.1099375E-01
   1.5942029E-01   7.8873500E+04   3.7749064E+04   1.1662256E+05   1.1322163E-01   1.1294015E-01   1.1313051E-01
   1.7391304E-01   6.7122841E+04   3.4603309E+04   1.0172615E+05   1.1440130E-01   1.1309212E-01   1.1394984E-01
   1.8840580E-01   6.0735510E+04   3.0484330E+04   9.1219839E+04   1.1164361E-01   1.1757307E-01   1.1347709E-01
   2.0289855E-01   5.6884375E+04   2.7549141E+04   8.4433516E+04   1.1265893E-01   1.1701403E-01   1.1406184E-01
   2.1739130E-01   4.8747727E+04   2.4904279E+04   7.3652006E+04   1.0888915E-01   1.1446933E-01   1.1076871E-01
   2.3188406E-01   4.6979674E+04   2.3726630E+04   7.0706304E+04   1.1346194E-01   1.0751032E-01   1.1145733E-01
   2.4637681E-01   4.5776210E+04   2.1929791E+04   6.7706001E+04   1.1880669E-01   1.2406128E-01   1.2037652E-01
   2.6086957E-01   4.0117948E+04   2.0037926E+04   6.0155873E+04   1.1180235E-01   1.1996836E-01   1.1452244E-01
   2.7536232E-01   4.0319568E+04   1.8544608E+04   5.8864176E+04   1.2275809E-01   1.2002280E-01   1.2189611E-01
   2.8985507E-01   3.7242758E+04   1.7655265E+04   5.4898023E+04   1.0979284E-01   1.2117685E-01   1.1345387E-01
   3.0434783E-01   3.4422895E+04   1.7427944E+04   5.1850839E+04   1.1268413E-01   1.2486562E-01   1.1676734E-01
   3.1884058E-01   3.2134924E+04   1.6256896E+04   4.8391820E+04   1.1105705E-01   1.0841545E-01   1.1015903E-01
   3.3333333E-01   3.0210632E+04   1.4858228E+04   4.5068860E+04   1.2281216E-01   1.2795918E-01   1.2447442E-01
   3.4782609E-01   2.8857139E+04   1.3544543E+04   4.2401682E+04   1.1882687E-01   1.1561890E-01   1.1779864E-01
   3.6231884E-01   2.6308618E+04   1.3730189E+04   4.0038806E+04   1.1842704E-01   1.3815589E-01   1.2517714E-01
   3.7681159E-01   2.6637359E+04   1.2794092E+04   3.9431451E+04   1.2769352E-01   1.2095095E-01   1.2550432E-01
   3.9130435E-01   2.4275638E+04   1.2292173E+04   3.6567811E+04   1.3327111E-01   1.1370370E-01   1.2667131E-01
   4.0579710E-01   2.2921535E+04   1.2069663E+04   3.4991198E+04   1.2673580E-01   1.3486945E-01   1.2935812E-01
   4.2028986E-01   2.0903081E+04   1.0268639E+04   3.1171719E+04   1.3306271E-01   1.2525856E-01   1.3049045E-01
   4.3478261E-01   1.9600122E+04   9.8000611E+03   2.9374925E+04   1.2667378E-01   1.3568442E-01   1.2980313E-01
   4.4927536E-01   1.9212291E+04   9.1417264E+03   2.8354018E+04   1.2961595E-01   1.0471196E-01   1.2158458E-01
   4.6376812E-01   1.9464361E+04   9.1401988E+03   2.8604560E+04   1.2294259E-01   1.1272219E-01   1.1965899E-01
   4.7826087E-01   1.7336097E+04   8.8172996E+03   2.6153396E+04   1.3480799E-01   1.4866288E-01   1.3945962E-01
   4.9275362E-01   1.6558775E+04   8.6025400E+03   2.5161315E+04   1.3733951E-01   1.4079895E-01   1.3849907E-01
   5.0724638E-01   1.6518660E+04   7.6639653E+03   2.4182625E+04   1.2489778E-01   1.2439864E-01   1.2473175E-01
   5.2173913E-01   1.5386264E+04   7.6615598E+03   2.3047824E+04   1.3499347E-01   1.3120311E-01   1.3372537E-01
   5.3623188E-01   1.5052337E+04   7.1063413E+03   2.2158678E+04   1.3682550E-01   1.3583638E-01   1.3649120E-01
   5.5072464E-01   1.3918426E+04   7.5374860E+03   2.1455912E+04   1.4700031E-01   1.3013777E-01   1.4107638E-01
   5.6521739E-01   1.3775264E+04   6.3727598E+03   2.0148024E+04   1.3007854E-01   1.4308449E-01   1.3419051E-01
   5.7971014E-01   1.2294278E+04   5.8535159E+03   1.8147794E+04   1.4092976E-01   1.3598479E-01   1.3932892E-01
   5.9420290E-01   1.2123787E+04   6.1727818E+03   1.8296569E+04   1.5565227E-01   1.4160957E-01   1.5091359E-01
   6.0869565E-01   1.1420174E+04   5.5747770E+03   1.6994951E+04   1.4476140E-01   1.4572178E-01   1.4506225E-01
   6.2318841E-01   1.0925506E+04   5.3746439E+03   1.6300150E+04   1.4461062E-01   1.5173430E-01   1.4695935E-01
   6.3768116E-01   1.1107731E+04   5.3558207E+03   1.6463552E+04   1.4834946E-01   1.4505001E-01   1.4726934E-01
   6.5217391E-01   1.0844054E+04   5.4051883E+03   1.6249242E+04   1.4847385E-01   1.4937956E-01   1.4875506E-01
   6.6666667E-01   9.9658846E+03   4.9582335E+03   1.4924118E+04   1.5578472E-01   1.5901005E-01   1.5685262E-01
   6.8115942E-01   8.5285682E+03   4.0466363E+03   1.2575205E+04   1.4874234E-01   1.7446433E-01   1.5701931E-01
   6.9565217E-01   8.4929653E+03   4.6095648E+03   1.3102530E+04   1.5507350E-01   1.4559615E-01   1.5172646E-01
   7.1014493E-01   7.2680866E+03   4.1443557E+03   1.1412442E+04   1.6242540E-01   1.4044645E-01   1.5438260E-01
   7.2463768E-01   7.4864384E+03   3.7735287E+03   1.1259967E+04   1.5721334E-01   1.7989616E-01   1.6481292E-01
   7.3913043E-01   7.5773668E+03   3.9669744E+03   1.1544341E+04   1.6467495E-01   1.6832090E-01   1.6592775E-01
   7.5362319E-01   7.4462201E+03   3.2640965E+03   1.0710317E+04   1.7415017E-01   1.6457036E-01   1.7121857E-01
   7.6811594E-01   6.5336918E+03   3.3740728E+03   9.9077646E+03   1.6775862E-01   1.4540750E-01   1.6008901E-01
   7.8260870E-01   5.9075397E+03   3.2975578E+03   9.2050975E+03   1.7113285E-01   1.7046134E-01   1.7088789E-01
   7.9710145E-01   5.9654543E+03   2.9207305E+03   8.8861847E+03   1.7253284E-01   1.5714436E-01   1.6745478E-01
   8.1159420E-01   5.5071220E+03   2.7873885E+03   8.2945105E+03   1.6994619E-01   1.5994363E-01   1.6648080E-01
   8.2608696E-01   5.0648715E+03   2.4726144E+03   7.5374860E+03   1.7983228E-01   1.8289892E-01   1.8082019E-01
   8.4057971E-01   4.5986778E+03   2.4691764E+03   7.0678542E+03   1.7386509E-01   1.8212812E-01   1.7672818E-01
   8.5507246E-01   4.4179902E+03   2.3887970E+03   6.8067872E+03   1.8277303E-01   1.6027161E-01   1.7485178E-01
   8.6956522E-01   4.3064702E+03   2.3363548E+03   6.6428249E+03   1.7656241E-01   1.7758149E-01   1.7691711E-01
   8.8405797E-01   4.0992312E+03   2.2359443E+03   6.3351756E+03   1.8859108E-01   1.9231304E-01   1.8987506E-01
   8.9855072E-01   3.3609288E+03   1.7354614E+03   5.0963903E+03   1.7461433E-01   1.9635954E-01   1.8192508E-01
   9.1304348E-01   3.4759667E+03   1.6598042E+03   5.1357709E+03   1.7675432E-01   1.9542493E-01   1.8272536E-01
   9.2753623E-01   2.8651918E+03   1.5865112E+03   4.4517030E+03   1.8755248E-01   1.9513926E-01   1.9023465E-01
   9.4202899E-01   2.5413323E+03   1.3755835E+03   3.9169158E+03   2.0593853E-01   2.0122933E-01   2.0428441E-01
   9.5652174E-01   2.1928440E+03   1.1136433E+03   3.3064873E+03   1.9760322E-01   1.8672100E-01   1.9393742E-01
   9.7101449E-01   1.9226155E+03   9.2737923E+02   2.8499947E+03   2.2568440E-01   1.8894443E-01   2.1369828E-01
   9.8550725E-01   1.4151847E+03   5.9058889E+02   2.0057736E+03   2.1932577E-01   2.1395472E-01   2.1762473E-01
   1.0000000E+00   5.9087048E+02   2.8449320E+02   8.7536368E+02   1.6604987E-01   1.9708913E-01   1.7607828E-01
