   0.0000000E+00   3.9307269E+10   1.9829927E+10   5.8606071E+10   6.9058336E-07   1.9783771E-06   1.0870486E-06
   1.4492754E-02   2.5270518E+06   1.2502655E+06   3.7773174E+06   2.5088260E-02   2.2789431E-02   2.4302039E-02
   2.8985507E-02   1.6060229E+06   7.7857444E+05   2.3845973E+06   1.1554136E-02   1.0434147E-02   1.1115950E-02
   4.3478261E-02   1.0888676E+06   5.5062199E+05   1.6394896E+06   9.6636225E-03   2.8865392E-03   7.2408266E-03
   5.7971014E-02   8.1191486E+05   4.0557856E+05   1.2174934E+06   7.2185266E-03   9.0332061E-03   6.9995082E-03
   7.2463768E-02   6.3589263E+05   3.3507116E+05   9.7096379E+05   6.6181487E-03   1.0765618E-02   7.4624232E-03
   8.6956522E-02   5.2700586E+05   2.5712531E+05   7.8413118E+05   7.1990145E-03   8.8401496E-03   7.3787368E-03
   1.0144928E-01   4.2887896E+05   2.0989306E+05   6.3877202E+05   7.0299767E-03   8.3382276E-03   7.3781536E-03
   1.1594203E-01   3.5717813E+05   1.7522661E+05   5.3240474E+05   4.8927723E-03   6.6997146E-03   5.2642698E-03
   1.3043478E-01   2.9972696E+05   1.5222088E+05   4.5194784E+05   6.4423244E-03   5.0463978E-03   5.9592251E-03
   1.4492754E-01   2.5361447E+05   1.3177041E+05   3.8538488E+05   1.2444448E-03   8.0172705E-04   5.5225374E-04
   1.5942029E-01   2.1264847E+05   1.1180060E+05   3.2444907E+05   6.7618839E-03   3.1366552E-03   5.5126265E-03
   1.7391304E-01   1.8570863E+05   9.7748032E+04   2.8345666E+05   8.0750331E-03   5.1173482E-03   6.9582761E-03
   1.8840580E-01   1.6606091E+05   8.4283634E+04   2.5034454E+05   7.9391538E-03   1.1096509E-02   7.7547906E-03
   2.0289855E-01   1.4445709E+05   7.1606117E+04   2.1606320E+05   6.7498407E-04   7.4553016E-03   2.5017769E-03
   2.1739130E-01   1.2628945E+05   6.2437503E+04   1.8872695E+05   9.8709040E-04   3.1847340E-03   5.3137614E-04
   2.3188406E-01   1.1081899E+05   5.6451383E+04   1.6727037E+05   7.6235420E-03   5.6937745E-03   5.2559568E-03
   2.4637681E-01   1.0011039E+05   4.9342030E+04   1.4945242E+05   3.6206198E-03   3.3821835E-03   3.4105601E-03
   2.6086957E-01   8.7139719E+04   4.5001140E+04   1.3214086E+05   1.3242960E-03   4.5462322E-03   1.3669505E-03
   2.7536232E-01   8.1516515E+04   4.0399330E+04   1.2191584E+05   8.7358418E-03   7.5797824E-03   3.5801666E-03
   2.8985507E-01   7.1378796E+04   3.7053324E+04   1.0843212E+05   4.8421091E-03   4.5882795E-03   3.5254747E-03
   3.0434783E-01   6.5454016E+04   3.2330099E+04   9.7784115E+04   9.4646683E-03   8.4538826E-03   9.0912158E-03
   3.1884058E-01   5.8724593E+04   3.0309467E+04   8.9034060E+04   1.7511541E-03   8.9981067E-04   9.2117834E-04
   3.3333333E-01   5.2909788E+04   2.7311466E+04   8.0221253E+04   1.9752086E-03   6.1374446E-03   2.6363858E-03
   3.4782609E-01   4.8147852E+04   2.5478896E+04   7.3626748E+04   4.7367455E-03   6.7571468E-03   5.3237807E-03
   3.6231884E-01   4.5888534E+04   2.3762622E+04   6.9651156E+04   6.4031621E-03   9.6133033E-03   2.3775942E-03
   3.7681159E-01   4.1646374E+04   2.1129196E+04   6.2775570E+04   4.5360962E-03   1.2216084E-02   7.1204248E-03
   3.9130435E-01   3.7493934E+04   1.8101487E+04   5.5595421E+04   7.8967569E-04   1.4122513E-02   4.0687209E-03
   4.0579710E-01   3.3178042E+04   1.6724331E+04   4.9902373E+04   9.4931559E-03   1.1414227E-02   5.1884049E-03
   4.2028986E-01   3.4437826E+04   1.5990857E+04   5.0428683E+04   8.3685463E-03   3.0640776E-03   6.6593819E-03
   4.3478261E-01   3.0562046E+04   1.5129476E+04   4.5691522E+04   4.2020917E-03   1.7045188E-02   8.0228926E-03
   4.4927536E-01   2.8231802E+04   1.4494769E+04   4.2726572E+04   3.0262794E-03   6.5685183E-03   4.1694938E-03
   4.6376812E-01   2.7112766E+04   1.3686619E+04   4.0799385E+04   8.4579229E-03   1.0145355E-02   9.0196644E-03
   4.7826087E-01   2.4890502E+04   1.2812638E+04   3.7703140E+04   8.6222793E-03   6.6455950E-03   4.8081023E-03
   4.9275362E-01   2.3690415E+04   1.1811778E+04   3.5502192E+04   5.6873226E-03   1.4838247E-02   8.7084515E-03
   5.0724638E-01   2.3078494E+04   1.1820692E+04   3.4899187E+04   1.1222292E-02   7.8357655E-03   5.4663121E-03
   5.2173913E-01   2.0311553E+04   1.0145252E+04   3.0456805E+04   1.6523773E-03   2.3418961E-02   8.9000764E-03
   5.3623188E-01   1.9639716E+04   9.9734531E+03   2.9613169E+04   1.2597554E-03   6.9791185E-03   3.1859156E-03
   5.5072464E-01   1.8405025E+04   9.5913512E+03   2.7996376E+04   5.1595907E-03   2.9344082E-02   1.2391045E-02
   5.6521739E-01   1.7544519E+04   8.3545327E+03   2.5899051E+04   1.0802288E-02   1.1396632E-02   7.6577155E-03
   5.7971014E-01   1.6234508E+04   8.7708021E+03   2.5005311E+04   6.5462129E-03   6.0561287E-03   6.2221186E-03
   5.9420290E-01   1.5579805E+04   7.1707764E+03   2.2750582E+04   3.4040939E-03   9.6845171E-03   2.2984265E-03
   6.0869565E-01   1.5858346E+04   7.5232428E+03   2.3381589E+04   3.6165070E-03   1.1610621E-02   3.8856543E-03
   6.2318841E-01   1.3938831E+04   7.1368223E+03   2.1075653E+04   1.1762638E-02   9.0306412E-03   1.0242218E-02
   6.3768116E-01   1.3759809E+04   6.7507450E+03   2.0510554E+04   1.3787295E-02   1.7578068E-03   9.4203675E-03
   6.5217391E-01   1.2814169E+04   6.8701459E+03   1.9684315E+04   3.0115939E-03   6.2634688E-03   8.2413272E-04
   6.6666667E-01   1.2107314E+04   6.2266188E+03   1.8333933E+04   9.2084758E-03   1.5794031E-02   1.1390011E-02
   6.8115942E-01   1.1333806E+04   5.9329170E+03   1.7266723E+04   1.0728704E-02   1.3092829E-02   1.0748000E-02
   6.9565217E-01   1.1839636E+04   5.5567357E+03   1.7396371E+04   1.1244302E-02   4.9724398E-03   9.0878995E-03
   7.1014493E-01   1.0855738E+04   5.1185886E+03   1.5974326E+04   3.7521010E-03   6.2807970E-03   2.6731465E-03
   7.2463768E-01   9.9263506E+03   4.6979674E+03   1.4624318E+04   2.5851284E-03   6.7964608E-03   1.6132551E-03
   7.3913043E-01   9.1522705E+03   4.8435717E+03   1.3995842E+04   3.1377931E-03   1.7782985E-02   4.3945348E-03
   7.5362319E-01   8.6411126E+03   4.2112673E+03   1.2852380E+04   1.3067197E-02   7.9763714E-03   7.6881136E-03
   7.6811594E-01   8.3494004E+03   3.8029803E+03   1.2152381E+04   1.3152403E-02   6.5138149E-03   9.3500518E-03
   7.8260870E-01   7.6334955E+03   3.6202975E+03   1.1253793E+04   8.7380646E-03   7.0414090E-03   3.7209200E-03
   7.9710145E-01   7.4120425E+03   3.7060212E+03   1.1118064E+04   6.9432423E-03   2.3909498E-02   5.3119660E-03
   8.1159420E-01   6.7925681E+03   3.5315942E+03   1.0324162E+04   4.5867685E-03   1.9587981E-02   6.7456678E-03
   8.2608696E-01   6.1815361E+03   3.2037639E+03   9.3853000E+03   1.6731094E-02   1.9256226E-02   1.6794735E-02
   8.4057971E-01   5.7222184E+03   2.7827227E+03   8.5049411E+03   1.4105457E-02   2.5878084E-02   1.3278199E-03
   8.5507246E-01   5.2399418E+03   2.9153598E+03   8.1553016E+03   9.5904740E-03   8.6296504E-03   8.9224079E-03
   8.6956522E-01   4.5337912E+03   2.7025942E+03   7.2363853E+03   2.3116466E-02   1.5902257E-02   9.5097639E-03
   8.8405797E-01   4.7327488E+03   2.0868814E+03   6.8196302E+03   1.5082080E-02   9.8139623E-03   1.3458835E-02
   8.9855072E-01   4.2653242E+03   2.1265513E+03   6.3918756E+03   7.6223416E-03   2.4434186E-02   9.5504865E-03
   9.1304348E-01   3.5000218E+03   1.7680523E+03   5.2680741E+03   1.6666061E-02   8.1815202E-03   8.6941311E-03
   9.2753623E-01   3.3861358E+03   1.4444356E+03   4.8305714E+03   2.5553125E-02   2.3423059E-03   1.7972766E-02
   9.4202899E-01   2.6579071E+03   1.2590086E+03   3.9169158E+03   1.0953962E-02   5.8156112E-02   2.4289528E-02
   9.5652174E-01   2.3994995E+03   1.0906816E+03   3.4901811E+03   3.7585674E-02   4.2770944E-02   3.6899009E-02
   9.7101449E-01   1.7755919E+03   8.8214121E+02   2.6577331E+03   4.4451754E-03   3.7890876E-02   9.6420329E-03
   9.8550725E-01   1.3037528E+03   6.5744801E+02   1.9612008E+03   3.3280961E-02   5.4511250E-03   2.3324983E-02
   1.0000000E+00   8.0971140E+02   4.8145002E+02   1.2911614E+03   6.1136611E-02   9.4929112E-03   4.1546272E-02
