   0.0000000E+00   3.9895576E+10   2.0100069E+10   5.9430367E+10   1.4936043E-07   4.2361527E-08   9.8156038E-08
   1.4492754E-02   1.1062956E+05   4.9252884E+04   1.5988244E+05   1.0614458E-01   9.1918830E-02   1.0176224E-01
   2.8985507E-02   5.6451383E+04   3.1824941E+04   8.8276324E+04   1.3154685E-01   1.3745871E-01   1.3367817E-01
   4.3478261E-02   3.8139413E+04   1.7680523E+04   5.5819936E+04   1.2216977E-01   1.5645250E-01   1.3302855E-01
   5.7971014E-02   2.6899652E+04   1.6859641E+04   4.3759294E+04   1.2409236E-01   1.2658273E-01   1.2505185E-01
   7.2463768E-02   2.1065080E+04   1.4245450E+04   3.5310529E+04   1.3540350E-01   1.3677042E-01   1.3595496E-01
   8.6956522E-02   1.9953733E+04   1.0103156E+04   3.0056888E+04   1.3259493E-01   1.3332150E-01   1.3283915E-01
   1.0144928E-01   1.4288749E+04   7.4691187E+03   2.1757868E+04   1.3587017E-01   1.0661169E-01   1.2582622E-01
   1.1594203E-01   1.4681148E+04   7.4826498E+03   2.2163798E+04   1.3801160E-01   1.4155897E-01   1.3920918E-01
   1.3043478E-01   1.2544752E+04   5.3041568E+03   1.7848909E+04   1.2596431E-01   1.2810239E-01   1.2659968E-01
   1.4492754E-01   9.4717086E+03   5.3041568E+03   1.4775865E+04   1.2756779E-01   1.0662888E-01   1.2005126E-01
   1.5942029E-01   1.0195003E+04   4.0642240E+03   1.4259227E+04   1.3834264E-01   1.1409844E-01   1.3143246E-01
   1.7391304E-01   7.7668010E+03   4.6095648E+03   1.2376366E+04   1.4830009E-01   1.5771569E-01   1.5180692E-01
   1.8840580E-01   6.2367558E+03   3.4389588E+03   9.6757146E+03   1.3853998E-01   1.5643711E-01   1.4490101E-01
   2.0289855E-01   7.1443744E+03   3.3556910E+03   1.0500065E+04   1.4151322E-01   1.3103990E-01   1.3816607E-01
   2.1739130E-01   6.4660197E+03   2.8288836E+03   9.2949033E+03   1.4610073E-01   1.1899296E-01   1.3785052E-01
   2.3188406E-01   6.5828374E+03   2.9835882E+03   9.5664256E+03   1.4485243E-01   9.6410371E-02   1.2974426E-01
   2.4637681E-01   5.3933023E+03   2.0949191E+03   7.4882213E+03   1.4283624E-01   1.3768906E-01   1.4139625E-01
   2.6086957E-01   4.7989990E+03   2.5678854E+03   7.3668844E+03   1.3826108E-01   1.5547977E-01   1.4426189E-01
   2.7536232E-01   5.0249906E+03   2.1136865E+03   7.1386772E+03   1.7252294E-01   1.3182014E-01   1.6047127E-01
   2.8985507E-01   5.1904963E+03   1.9701154E+03   7.1606117E+03   1.4328810E-01   1.4130055E-01   1.4274126E-01
   3.0434783E-01   3.4278564E+03   1.9123831E+03   5.3402395E+03   1.6849933E-01   1.5478671E-01   1.6358873E-01
   3.1884058E-01   3.7197983E+03   2.0321120E+03   5.7519103E+03   1.5782936E-01   1.9244929E-01   1.7006036E-01
   3.3333333E-01   3.5910130E+03   2.4049903E+03   5.9960033E+03   1.5067910E-01   1.7005147E-01   1.5844933E-01
   3.4782609E-01   3.2203809E+03   1.7996246E+03   5.0200055E+03   1.6650920E-01   1.4381567E-01   1.5837378E-01
   3.6231884E-01   2.7278521E+03   2.0610438E+03   4.7888958E+03   1.7879045E-01   1.5861882E-01   1.7010899E-01
   3.7681159E-01   3.1766653E+03   1.3988985E+03   4.5755638E+03   1.6263646E-01   1.4270269E-01   1.5654206E-01
   3.9130435E-01   2.6099819E+03   1.1506372E+03   3.7606191E+03   1.4707012E-01   2.0653418E-01   1.6523547E-01
   4.0579710E-01   2.4897062E+03   1.5695974E+03   4.0593037E+03   1.6964148E-01   2.0052891E-01   1.8158462E-01
   4.2028986E-01   2.4038543E+03   1.0190252E+03   3.4228795E+03   1.4793706E-01   1.8464973E-01   1.5886678E-01
   4.3478261E-01   2.6015626E+03   1.1366050E+03   3.7381676E+03   1.6662381E-01   1.6238091E-01   1.6533280E-01
   4.4927536E-01   2.1021082E+03   1.2221559E+03   3.3242642E+03   1.7294455E-01   1.6122114E-01   1.6863447E-01
   4.6376812E-01   2.0364173E+03   1.2313221E+03   3.2677395E+03   1.7666996E-01   1.5045187E-01   1.6679068E-01
   4.7826087E-01   2.2272866E+03   6.8885153E+02   2.9161381E+03   1.8559511E-01   1.6083086E-01   1.7974529E-01
   4.9275362E-01   2.4960738E+03   8.9145492E+02   3.3875287E+03   1.6321474E-01   1.4377592E-01   1.5809926E-01
   5.0724638E-01   2.1649620E+03   8.2268554E+02   2.9876475E+03   1.7313436E-01   2.1997132E-01   1.8603149E-01
   5.2173913E-01   1.7680523E+03   9.2612261E+02   2.6941749E+03   2.0568756E-01   1.4909639E-01   1.8623435E-01
   5.3623188E-01   1.3106797E+03   6.5533983E+02   1.9660195E+03   2.0315397E-01   2.1716821E-01   2.0782539E-01
   5.5072464E-01   1.4157712E+03   8.1755800E+02   2.2333292E+03   2.0847341E-01   1.6806143E-01   1.9367974E-01
   5.6521739E-01   2.0789186E+03   6.8002010E+02   2.7589387E+03   1.9583491E-01   2.0291242E-01   1.9757937E-01
   5.7971014E-01   1.7996246E+03   6.4407618E+02   2.4437008E+03   1.7675474E-01   1.4721505E-01   1.6896908E-01
   5.9420290E-01   1.5339548E+03   7.0229254E+02   2.2362473E+03   1.9187226E-01   2.1007179E-01   1.9758782E-01
   6.0869565E-01   1.4613493E+03   6.4948859E+02   2.1108379E+03   2.0847415E-01   1.8827156E-01   2.0225797E-01
   6.2318841E-01   1.1277941E+03   5.6389707E+02   1.6916912E+03   2.0412196E-01   2.3758683E-01   2.1527692E-01
   6.3768116E-01   1.3432605E+03   3.0998319E+02   1.6532437E+03   2.0925934E-01   2.0373320E-01   2.0822319E-01
   6.5217391E-01   1.0608314E+03   7.2405950E+02   1.7848909E+03   1.9288763E-01   2.1072622E-01   2.0012404E-01
   6.6666667E-01   1.0377698E+03   5.7653878E+02   1.6143086E+03   1.8294019E-01   2.1127646E-01   1.9306028E-01
   6.8115942E-01   1.0962999E+03   4.9978377E+02   1.5960837E+03   2.1405729E-01   2.0476779E-01   2.1114845E-01
   6.9565217E-01   1.0103156E+03   3.6308216E+02   1.3733977E+03   2.3204462E-01   3.0200214E-01   2.5053914E-01
   7.1014493E-01   8.5052077E+02   2.6288824E+02   1.1134090E+03   1.8299827E-01   1.8279013E-01   1.8294912E-01
   7.2463768E-01   9.2443875E+02   4.2433254E+02   1.3487713E+03   2.3506898E-01   1.9384179E-01   2.2209863E-01
   7.3913043E-01   9.5088525E+02   6.5373361E+02   1.6046189E+03   2.0227195E-01   2.1654650E-01   2.0808751E-01
   7.5362319E-01   8.7431156E+02   3.9344020E+02   1.2677518E+03   1.9133546E-01   2.1362721E-01   1.9825359E-01
   7.6811594E-01   6.5765825E+02   4.4320448E+02   1.1008627E+03   2.4421570E-01   2.1293671E-01   2.3162286E-01
   7.8260870E-01   8.6999397E+02   5.0515779E+02   1.3751518E+03   1.9656551E-01   2.6834319E-01   2.2293282E-01
   7.9710145E-01   6.0618935E+02   4.2708795E+02   1.0332773E+03   2.1413767E-01   2.3969261E-01   2.2470038E-01
   8.1159420E-01   6.2242656E+02   3.1121328E+02   9.3363984E+02   2.5967836E-01   2.3339562E-01   2.5091745E-01
   8.2608696E-01   4.9186416E+02   4.5198329E+02   9.4384745E+02   2.0249570E-01   1.8978735E-01   1.9640967E-01
   8.4057971E-01   5.3564145E+02   2.3515966E+02   7.7080111E+02   2.0477593E-01   1.7522169E-01   1.9575938E-01
   8.5507246E-01   4.7519080E+02   2.3117390E+02   7.0636471E+02   2.5153241E-01   2.3933966E-01   2.4754206E-01
   8.6956522E-01   6.0618935E+02   2.5257889E+02   8.5876824E+02   2.0098888E-01   2.6356868E-01   2.1939470E-01
   8.8405797E-01   4.4718886E+02   2.1117252E+02   6.5836138E+02   2.2520409E-01   1.5392575E-01   2.0234122E-01
   8.9855072E-01   5.3774861E+02   2.1998807E+02   7.5773668E+02   2.7749068E-01   2.1113137E-01   2.5822508E-01
   9.1304348E-01   3.4879943E+02   1.3230323E+02   4.8110266E+02   2.6527017E-01   2.4864214E-01   2.6069746E-01
   9.2753623E-01   4.6174579E+02   1.1839636E+02   5.8014215E+02   2.7788741E-01   3.0090923E-01   2.8258574E-01
   9.4202899E-01   3.0309467E+02   1.0491739E+02   4.0801206E+02   3.1583775E-01   3.1035357E-01   3.1442753E-01
   9.5652174E-01   2.6405975E+02   1.3777031E+02   4.0183006E+02   3.3921163E-01   2.7230321E-01   3.1627160E-01
   9.7101449E-01   1.5833304E+02   9.0476022E+01   2.4880906E+02   3.5762281E-01   3.1617189E-01   3.4254975E-01
   9.8550725E-01   2.0057736E+02   5.5715933E+01   2.5629329E+02   2.8208598E-01   3.4159837E-01   2.9502346E-01
   1.0000000E+00   6.5652276E+01   0.0000000E+00   6.5652276E+01   4.2642816E-01   0.0000000E+00   4.2642816E-01
