   0.0000000E+00   3.9816086E+10   2.0039535E+10   5.9409920E+10   3.9919846E-07   2.7217400E-07   3.5934361E-07
   1.4492754E-02   4.2584802E+05   2.2050138E+05   6.4634939E+05   1.1713702E-01   9.4229947E-02   1.0931253E-01
   2.8985507E-02   2.4588555E+05   1.0911408E+05   3.5499964E+05   1.0175161E-01   9.7059925E-02   1.0030753E-01
   4.3478261E-02   1.6089276E+05   8.2593299E+04   2.4348605E+05   1.1120428E-01   1.2040747E-01   1.1431716E-01
   5.7971014E-02   1.2218504E+05   5.9103461E+04   1.8128850E+05   1.0138650E-01   1.2615844E-01   1.0945877E-01
   7.2463768E-02   9.4110896E+04   5.3041568E+04   1.4715246E+05   1.1340973E-01   1.2098067E-01   1.1612213E-01
   8.6956522E-02   8.0446378E+04   3.9907465E+04   1.2035384E+05   1.1398934E-01   1.2834619E-01   1.1874976E-01
   1.0144928E-01   6.6464332E+04   3.2366181E+04   9.8830513E+04   1.0648879E-01   1.1005214E-01   1.0765311E-01
   1.1594203E-01   6.0145349E+04   3.2487960E+04   9.2633310E+04   1.1828556E-01   1.1403409E-01   1.1678629E-01
   1.3043478E-01   5.0936744E+04   2.5089504E+04   7.6026247E+04   1.2083355E-01   1.1479438E-01   1.1883923E-01
   1.4492754E-01   4.4479143E+04   2.1898590E+04   6.6377734E+04   1.1739346E-01   1.2653516E-01   1.2040763E-01
   1.5942029E-01   4.0228929E+04   1.9563383E+04   5.9792313E+04   1.3282186E-01   1.0810948E-01   1.2468252E-01
   1.7391304E-01   4.0349478E+04   1.8627693E+04   5.8977172E+04   1.1851684E-01   1.3560519E-01   1.2389619E-01
   1.8840580E-01   3.5147325E+04   1.6670207E+04   5.1817532E+04   1.3168984E-01   1.1877073E-01   1.2752682E-01
   2.0289855E-01   3.3611034E+04   1.4234625E+04   4.7845659E+04   1.3405009E-01   1.3346396E-01   1.3385911E-01
   2.1739130E-01   2.9097089E+04   1.4144418E+04   4.3241507E+04   1.3428636E-01   1.3355133E-01   1.3402750E-01
   2.3188406E-01   2.6520784E+04   1.3639260E+04   4.0160044E+04   1.2752203E-01   1.0588542E-01   1.2008365E-01
   2.4637681E-01   2.4381292E+04   1.1945496E+04   3.6326788E+04   1.4174617E-01   1.3234806E-01   1.3865183E-01
   2.6086957E-01   2.4373863E+04   1.1113471E+04   3.5487335E+04   1.2469484E-01   1.2903502E-01   1.2605002E-01
   2.7536232E-01   2.1814840E+04   1.0488671E+04   3.2303511E+04   1.2048082E-01   1.2556633E-01   1.2211686E-01
   2.8985507E-01   1.9473833E+04   8.7139719E+03   2.8187805E+04   1.3635081E-01   1.3012912E-01   1.3442707E-01
   3.0434783E-01   1.9159913E+04   1.0139238E+04   2.9299152E+04   1.3483021E-01   1.4140527E-01   1.3709423E-01
   3.1884058E-01   1.6773535E+04   7.9562352E+03   2.4729770E+04   1.3195735E-01   1.3349333E-01   1.3244724E-01
   3.3333333E-01   1.6769042E+04   8.4339387E+03   2.5202981E+04   1.3958356E-01   1.3021340E-01   1.3638666E-01
   3.4782609E-01   1.7459516E+04   6.8512025E+03   2.4310719E+04   1.3355875E-01   1.4208543E-01   1.3596115E-01
   3.6231884E-01   1.4396997E+04   8.0016994E+03   2.2398696E+04   1.3245191E-01   1.3733389E-01   1.3419224E-01
   3.7681159E-01   1.4542716E+04   7.1402111E+03   2.1682927E+04   1.2786022E-01   1.2557397E-01   1.2709409E-01
   3.9130435E-01   1.2628945E+04   6.7915658E+03   1.9420511E+04   1.5570701E-01   1.4092462E-01   1.5051717E-01
   4.0579710E-01   1.3043896E+04   5.9536454E+03   1.8997541E+04   1.3583901E-01   1.5274226E-01   1.4099475E-01
   4.2028986E-01   1.2437333E+04   6.0357646E+03   1.8473098E+04   1.4815042E-01   1.5583516E-01   1.5066127E-01
   4.3478261E-01   1.1568113E+04   4.5211622E+03   1.6089276E+04   1.5256196E-01   1.3973359E-01   1.4895669E-01
   4.4927536E-01   9.9972356E+03   5.2797137E+03   1.5276949E+04   1.5106561E-01   1.2571945E-01   1.4221571E-01
   4.6376812E-01   1.0040011E+04   5.1147226E+03   1.5154734E+04   1.5450206E-01   1.6006405E-01   1.5637003E-01
   4.7826087E-01   9.3454191E+03   5.3960037E+03   1.4741423E+04   1.5585886E-01   1.4972468E-01   1.5360940E-01
   4.9275362E-01   9.6499995E+03   4.4572746E+03   1.4107274E+04   1.3852593E-01   1.3679175E-01   1.3795300E-01
   5.0724638E-01   8.6381982E+03   4.4814712E+03   1.3119669E+04   1.4996330E-01   1.7024573E-01   1.5689101E-01
   5.2173913E-01   8.5455859E+03   4.8410955E+03   1.3386681E+04   1.4845476E-01   1.4561349E-01   1.4741151E-01
   5.3623188E-01   8.1917479E+03   3.7682041E+03   1.1959952E+04   1.6056260E-01   1.4224010E-01   1.5478740E-01
   5.5072464E-01   7.3181411E+03   3.5493982E+03   1.0867539E+04   1.6275857E-01   1.7460856E-01   1.6662619E-01
   5.6521739E-01   7.4219337E+03   3.7692543E+03   1.1191188E+04   1.6257749E-01   1.5332264E-01   1.5945074E-01
   5.7971014E-01   6.9522341E+03   3.3529848E+03   1.0305219E+04   1.6881210E-01   1.7983813E-01   1.7239668E-01
   5.9420290E-01   6.3021514E+03   3.2527233E+03   9.5548748E+03   1.6347230E-01   1.5076036E-01   1.5914298E-01
   6.0869565E-01   6.0618935E+03   3.3917737E+03   9.4536672E+03   1.7491152E-01   1.7567017E-01   1.7517636E-01
   6.2318841E-01   6.2381113E+03   3.0133250E+03   9.2514363E+03   1.7065705E-01   1.6950718E-01   1.7027113E-01
   6.3768116E-01   5.7863529E+03   2.6520784E+03   8.4384313E+03   1.6769640E-01   1.7918584E-01   1.7129735E-01
   6.5217391E-01   5.6240901E+03   2.5763047E+03   8.2003948E+03   1.7998412E-01   1.6494831E-01   1.7526033E-01
   6.6666667E-01   5.6171350E+03   2.4544080E+03   8.0715429E+03   1.8762605E-01   1.8757785E-01   1.8758772E-01
   6.8115942E-01   5.2235465E+03   2.6762615E+03   7.8998080E+03   1.6693072E-01   1.8166729E-01   1.7192210E-01
   6.9565217E-01   4.7832128E+03   2.3994995E+03   7.1827123E+03   1.9301288E-01   1.4720915E-01   1.7771107E-01
   7.1014493E-01   4.2835319E+03   1.9793938E+03   6.2629257E+03   1.6774080E-01   1.9634228E-01   1.7677995E-01
   7.2463768E-01   4.5464201E+03   2.2732101E+03   6.8196302E+03   1.8847856E-01   1.7419003E-01   1.8370293E-01
   7.3913043E-01   4.6949959E+03   1.8274826E+03   6.5224785E+03   1.8718330E-01   1.4827170E-01   1.7625787E-01
   7.5362319E-01   4.2695548E+03   2.0692040E+03   6.3387588E+03   1.9674952E-01   2.0509621E-01   1.9946919E-01
   7.6811594E-01   3.8029803E+03   1.8728963E+03   5.6758767E+03   1.9345111E-01   1.7764196E-01   1.8822937E-01
   7.8260870E-01   3.3396543E+03   1.9925668E+03   5.3322211E+03   1.8924212E-01   1.9255633E-01   1.9038100E-01
   7.9710145E-01   3.7197983E+03   1.6394666E+03   5.3592649E+03   1.9125090E-01   1.9076783E-01   1.9098777E-01
   8.1159420E-01   2.8279816E+03   1.5425354E+03   4.3705169E+03   1.9166778E-01   1.9321978E-01   1.9201283E-01
   8.2608696E-01   3.1372957E+03   1.4888861E+03   4.6261819E+03   2.1653787E-01   1.5784768E-01   1.9764389E-01
   8.4057971E-01   2.7435294E+03   1.4109580E+03   4.1544873E+03   1.9558007E-01   1.7178943E-01   1.8747534E-01
   8.5507246E-01   2.6199709E+03   9.3753861E+02   3.5575095E+03   2.1524685E-01   1.8870628E-01   2.0811089E-01
   8.6956522E-01   2.3742416E+03   1.0734603E+03   3.4477019E+03   2.1202834E-01   2.4490280E-01   2.2226279E-01
   8.8405797E-01   2.3353196E+03   1.3912542E+03   3.7265739E+03   1.9941080E-01   2.1837052E-01   2.0645739E-01
   8.9855072E-01   2.0165573E+03   8.6773072E+02   2.8842880E+03   2.1403425E-01   2.3698773E-01   2.2093960E-01
   9.1304348E-01   1.7680523E+03   8.4192965E+02   2.6099819E+03   2.3929321E-01   2.1469104E-01   2.3134606E-01
   9.2753623E-01   1.6101905E+03   8.1693486E+02   2.4271253E+03   2.0478284E-01   2.6032703E-01   2.2347602E-01
   9.4202899E-01   1.4338710E+03   7.4607920E+02   2.1799502E+03   2.2364602E-01   2.3020551E-01   2.2587198E-01
   9.5652174E-01   1.2628945E+03   5.2811951E+02   1.7910140E+03   2.3638079E-01   2.2246066E-01   2.3225331E-01
   9.7101449E-01   9.1606972E+02   4.2976110E+02   1.3458308E+03   2.3273947E-01   1.9870485E-01   2.2187061E-01
   9.8550725E-01   5.6830251E+02   4.3458427E+02   1.0028868E+03   2.7094462E-01   2.2794080E-01   2.5230917E-01
   1.0000000E+00   3.7202956E+02   1.5318864E+02   5.2521821E+02   1.9072228E-01   1.2133908E-01   1.7022981E-01
