   0.0000000E+00   3.8510112E+10   1.9403291E+10   5.7403040E+10   2.5785297E-06   3.2439961E-06   2.7846794E-06
   1.4492754E-02   3.9750866E+06   1.9973939E+06   5.9724805E+06   9.2137198E-02   9.2833624E-02   9.2363236E-02
   2.8985507E-02   2.1053714E+06   1.0509808E+06   3.1563522E+06   9.5075770E-02   1.0149335E-01   9.7209570E-02
   4.3478261E-02   1.4045912E+06   6.9838064E+05   2.1029719E+06   9.7996419E-02   9.8996532E-02   9.8318515E-02
   5.7971014E-02   1.0426457E+06   5.2776360E+05   1.5704093E+06   9.5616071E-02   9.4581502E-02   9.5268374E-02
   7.2463768E-02   8.3138869E+05   4.0766234E+05   1.2388995E+06   9.9548445E-02   9.4161770E-02   9.7785169E-02
   8.6956522E-02   6.8714088E+05   3.3592993E+05   1.0230708E+06   9.6294596E-02   9.5657801E-02   9.6083960E-02
   1.0144928E-01   5.8735418E+05   2.9172862E+05   8.7908280E+05   1.0006294E-01   9.8335122E-02   9.9489090E-02
   1.1594203E-01   5.1772359E+05   2.5668330E+05   7.7440689E+05   9.7794371E-02   9.9633880E-02   9.8403928E-02
   1.3043478E-01   4.5329492E+05   2.2235362E+05   6.7564854E+05   9.3838848E-02   9.8391834E-02   9.5337100E-02
   1.4492754E-01   4.0887471E+05   2.0254302E+05   6.1141773E+05   9.8306799E-02   9.6130746E-02   9.7584703E-02
   1.5942029E-01   3.6894888E+05   1.8592103E+05   5.5486991E+05   9.9721721E-02   1.0018145E-01   9.9875629E-02
   1.7391304E-01   3.3119408E+05   1.6739666E+05   4.9859074E+05   9.7295000E-02   1.0103098E-01   9.8549016E-02
   1.8840580E-01   2.9924770E+05   1.6029045E+05   4.5953816E+05   1.0172246E-01   9.9617429E-02   1.0097656E-01
   2.0289855E-01   2.8934717E+05   1.4402409E+05   4.3337126E+05   1.0035745E-01   1.0301637E-01   1.0123983E-01
   2.1739130E-01   2.5707480E+05   1.3250289E+05   3.8957769E+05   1.0770584E-01   1.0217814E-01   1.0582338E-01
   2.3188406E-01   2.4460687E+05   1.1792277E+05   3.6252964E+05   1.0824010E-01   1.0535517E-01   1.0728223E-01
   2.4637681E-01   2.2700900E+05   1.0759861E+05   3.3460761E+05   1.0656959E-01   1.0990210E-01   1.0763974E-01
   2.6086957E-01   2.0808291E+05   9.8674155E+04   3.0675707E+05   1.0732295E-01   1.0986078E-01   1.0813928E-01
   2.7536232E-01   1.8855679E+05   9.0609355E+04   2.7916615E+05   1.1426261E-01   1.1220125E-01   1.1357584E-01
   2.8985507E-01   1.7568125E+05   8.5321151E+04   2.6100240E+05   1.1613121E-01   1.2191466E-01   1.1802178E-01
   3.0434783E-01   1.6309380E+05   8.3170622E+04   2.4626442E+05   1.1893902E-01   1.0942334E-01   1.1572475E-01
   3.1884058E-01   1.5244284E+05   7.4464850E+04   2.2690769E+05   1.1664773E-01   1.1909178E-01   1.1744942E-01
   3.3333333E-01   1.4004951E+05   7.0930743E+04   2.1098025E+05   1.1997003E-01   1.1768621E-01   1.1919512E-01
   3.4782609E-01   1.3509814E+05   6.5196927E+04   2.0029506E+05   1.2018301E-01   1.2193332E-01   1.2073336E-01
   3.6231884E-01   1.2963359E+05   6.4134833E+04   1.9376842E+05   1.2373765E-01   1.2285357E-01   1.2343692E-01
   3.7681159E-01   1.2257848E+05   6.1085234E+04   1.8366371E+05   1.2791707E-01   1.2472211E-01   1.2685332E-01
   3.9130435E-01   1.1495146E+05   5.6577672E+04   1.7152913E+05   1.3163557E-01   1.2280185E-01   1.2871341E-01
   4.0579710E-01   1.0765273E+05   5.3636932E+04   1.6128967E+05   1.2476610E-01   1.2312581E-01   1.2421975E-01
   4.2028986E-01   1.0286929E+05   5.1604481E+04   1.5447377E+05   1.3060136E-01   1.3569337E-01   1.3230230E-01
   4.3478261E-01   9.7040811E+04   4.7989990E+04   1.4503080E+05   1.3549913E-01   1.3244754E-01   1.3448000E-01
   4.4927536E-01   9.2614977E+04   4.6221938E+04   1.3883692E+05   1.3619910E-01   1.3392912E-01   1.3542018E-01
   4.6376812E-01   9.2443875E+04   4.5037974E+04   1.3748185E+05   1.3449120E-01   1.3393729E-01   1.3430593E-01
   4.7826087E-01   8.2731069E+04   4.1422939E+04   1.2415401E+05   1.3695355E-01   1.3669857E-01   1.3685203E-01
   4.9275362E-01   8.0453807E+04   3.7864548E+04   1.1831835E+05   1.3316519E-01   1.4846691E-01   1.3806137E-01
   5.0724638E-01   7.6769551E+04   3.7280645E+04   1.1405020E+05   1.3932606E-01   1.4099596E-01   1.3986896E-01
   5.2173913E-01   7.5647379E+04   3.7002808E+04   1.1265019E+05   1.4075597E-01   1.3980578E-01   1.4044196E-01
   5.3623188E-01   6.9322667E+04   3.4651094E+04   1.0397376E+05   1.5027563E-01   1.4802773E-01   1.4951677E-01
   5.5072464E-01   6.6820411E+04   3.2881784E+04   9.9702195E+04   1.4341496E-01   1.4505265E-01   1.4395506E-01
   5.6521739E-01   6.3125295E+04   3.0795196E+04   9.3920491E+04   1.5118474E-01   1.4928112E-01   1.5055619E-01
   5.7971014E-01   6.2683767E+04   2.9627504E+04   9.2311272E+04   1.4584640E-01   1.4958074E-01   1.4704490E-01
   5.9420290E-01   5.7698876E+04   2.8442848E+04   8.6141724E+04   1.5401379E-01   1.4696249E-01   1.5168394E-01
   6.0869565E-01   5.6144680E+04   2.8361002E+04   8.4505682E+04   1.5535566E-01   1.5845747E-01   1.5639664E-01
   6.2318841E-01   5.4662772E+04   2.5252016E+04   7.9914787E+04   1.5547332E-01   1.5663581E-01   1.5584049E-01
   6.3768116E-01   5.2593814E+04   2.4970868E+04   7.7564682E+04   1.5878577E-01   1.5778461E-01   1.5846272E-01
   6.5217391E-01   4.6962836E+04   2.4365444E+04   7.1328280E+04   1.6281300E-01   1.6200998E-01   1.6253598E-01
   6.6666667E-01   4.7556213E+04   2.2188507E+04   6.9744720E+04   1.6023997E-01   1.6045145E-01   1.6029802E-01
   6.8115942E-01   4.5577055E+04   2.2458026E+04   6.8035081E+04   1.6227775E-01   1.6110273E-01   1.6188941E-01
   6.9565217E-01   4.1138787E+04   2.0679897E+04   6.1818684E+04   1.6721621E-01   1.7507757E-01   1.6984541E-01
   7.1014493E-01   3.9170347E+04   1.8881561E+04   5.8051908E+04   1.6774755E-01   1.6944560E-01   1.6829889E-01
   7.2463768E-01   3.8644571E+04   1.9261667E+04   5.7906237E+04   1.7268519E-01   1.7046915E-01   1.7194385E-01
   7.3913043E-01   3.5613624E+04   1.7606235E+04   5.3219859E+04   1.7279298E-01   1.6609682E-01   1.7057462E-01
   7.5362319E-01   3.4447875E+04   1.6874213E+04   5.1322088E+04   1.7686181E-01   1.8555914E-01   1.7971960E-01
   7.6811594E-01   3.2511193E+04   1.6284190E+04   4.8795383E+04   1.7880004E-01   1.7911119E-01   1.7890372E-01
   7.8260870E-01   3.0169146E+04   1.5716020E+04   4.5885166E+04   1.7913794E-01   1.7873065E-01   1.7899703E-01
   7.9710145E-01   2.8821548E+04   1.4851639E+04   4.3673187E+04   1.8221895E-01   1.8774977E-01   1.8409661E-01
   8.1159420E-01   2.8049788E+04   1.4126377E+04   4.2176165E+04   1.8719672E-01   1.8527865E-01   1.8655412E-01
   8.2608696E-01   2.6268205E+04   1.1977557E+04   3.8245762E+04   1.9135901E-01   1.8777645E-01   1.9023452E-01
   8.4057971E-01   2.3738061E+04   1.2293624E+04   3.6031686E+04   2.0079194E-01   1.8550360E-01   1.9557519E-01
   8.5507246E-01   2.2642200E+04   1.1443108E+04   3.4085308E+04   1.9544235E-01   2.0292882E-01   1.9794593E-01
   8.6956522E-01   2.0522035E+04   1.0343106E+04   3.0865141E+04   1.9701885E-01   1.9346976E-01   1.9582905E-01
   8.8405797E-01   1.9701154E+04   9.7387797E+03   2.9439933E+04   2.0260923E-01   2.1342079E-01   2.0618118E-01
   8.9855072E-01   1.7721261E+04   8.2739957E+03   2.5995257E+04   1.9462512E-01   2.0940375E-01   1.9930909E-01
   9.1304348E-01   1.5912470E+04   8.0464419E+03   2.3958912E+04   2.0029999E-01   2.2059405E-01   2.0711112E-01
   9.2753623E-01   1.4314120E+04   6.4999600E+03   2.0814080E+04   2.1340540E-01   2.2671926E-01   2.1756226E-01
   9.4202899E-01   1.1913952E+04   6.0152635E+03   1.7929216E+04   2.2762929E-01   2.2006525E-01   2.2508583E-01
   9.5652174E-01   1.0516467E+04   5.4878505E+03   1.6004317E+04   2.1188561E-01   2.1837514E-01   2.1411043E-01
   9.7101449E-01   8.1315325E+03   4.6595151E+03   1.2791048E+04   2.1583711E-01   2.1132698E-01   2.1418272E-01
   9.8550725E-01   6.1621822E+03   2.9975172E+03   9.1596993E+03   2.3064518E-01   2.4967362E-01   2.3687224E-01
   1.0000000E+00   3.0418888E+03   1.6194228E+03   4.6613116E+03   2.6572164E-01   2.5074648E-01   2.6050388E-01
