   0.0000000E+00   3.9909961E+10   2.0126141E+10   5.9464908E+10   9.9461420E-09   1.1279615E-12   6.6757497E-09
   1.4492754E-02   9.8505769E+03   1.5154734E+03   1.1366050E+04   1.2504476E-01   1.5237573E-01   1.2868889E-01
   2.8985507E-02   5.3041568E+03   3.7886834E+03   9.0928402E+03   1.3775949E-01   1.3735852E-01   1.3759242E-01
   4.3478261E-02   3.0309467E+03   2.0206312E+03   5.0515779E+03   1.3000889E-01   1.6955710E-01   1.4582817E-01
   5.7971014E-02   3.4098151E+03   9.4717086E+02   4.3569859E+03   8.6351108E-02   1.3026234E-01   9.5897028E-02
   7.2463768E-02   1.5154734E+03   9.0928402E+02   2.4247574E+03   9.8803693E-02   1.8304122E-01   1.3039276E-01
   8.6956522E-02   8.8402613E+02   5.0515779E+02   1.3891839E+03   1.7130721E-01   1.6367764E-01   1.6853282E-01
   1.0144928E-01   1.0824810E+03   6.4948859E+02   1.7319696E+03   7.2101246E-02   8.9090466E-02   7.8472204E-02
   1.1594203E-01   1.3260392E+03   7.5773668E+02   2.0837759E+03   8.6977658E-02   1.5262473E-01   1.1084932E-01
   1.3043478E-01   1.0945085E+03   4.2096482E+02   1.5154734E+03   1.6483381E-01   1.8718113E-01   1.7104140E-01
   1.4492754E-01   1.2123787E+03   6.8196302E+02   1.8943417E+03   1.4966961E-01   8.3498288E-02   1.2584794E-01
   1.5942029E-01   8.2662184E+02   2.0665546E+02   1.0332773E+03   1.9610164E-01   1.5595931E-01   1.8807318E-01
   1.7391304E-01   7.5773668E+02   4.4201307E+02   1.1997497E+03   1.3017258E-01   1.0021097E-01   1.1913409E-01
   1.8840580E-01   2.9143719E+02   5.8287437E+01   3.4972462E+02   3.9956129E-02   1.7252599E-01   6.2051106E-02
   2.0289855E-01   4.8711644E+02   3.2474429E+02   8.1186073E+02   1.0092902E-01   2.0210801E-01   1.4140062E-01
   2.1739130E-01   4.5464201E+02   3.5361045E+02   8.0825246E+02   1.5020720E-01   1.0841044E-01   1.3192112E-01
   2.3188406E-01   3.3150980E+02   2.3679271E+02   5.6830251E+02   1.2064281E-01   9.9862199E-02   1.0974021E-01
   2.4637681E-01   6.6859119E+02   2.2286373E+02   8.9145492E+02   1.9180739E-01   9.2470915E-02   1.6697327E-01
   2.6086957E-01   5.8935075E+02   1.6838593E+02   7.5773668E+02   1.0845230E-01   5.3705401E-02   9.6286322E-02
   2.7536232E-01   5.1845142E+02   2.3928527E+02   7.5773668E+02   1.8404837E-01   5.4770676E-02   1.4322383E-01
   2.8985507E-01   6.8196302E+02   2.6520784E+02   9.4717086E+02   2.1226994E-01   2.4311295E-01   2.2090598E-01
   3.0434783E-01   3.9690969E+02   2.5257889E+02   6.4948859E+02   1.4876440E-01   2.8003662E-01   1.9981470E-01
   3.1884058E-01   4.8219607E+02   1.7221288E+02   6.5440895E+02   1.6026417E-01   1.6132192E-01   1.6054253E-01
   3.3333333E-01   5.2712117E+02   1.3178029E+02   6.5890146E+02   1.2457789E-01   1.7689574E-01   1.3504146E-01
   3.4782609E-01   4.4201307E+02   1.5786181E+02   5.9987487E+02   1.1085659E-01   6.3300074E-02   9.8341717E-02
   3.6231884E-01   4.2433254E+02   9.0928402E+01   5.1526095E+02   2.0408852E-01   1.1550021E-01   1.8845529E-01
   3.7681159E-01   2.6229347E+02   8.7431156E+01   3.4972462E+02   6.7309659E-02   2.5249058E-01   1.1360489E-01
   3.9130435E-01   2.8064322E+02   8.4192965E+01   3.6483618E+02   1.8102928E-01   1.5859784E-01   1.7585280E-01
   4.0579710E-01   1.3531012E+02   5.4124049E+01   1.8943417E+02   1.1637001E-01   7.3403715E-02   1.0409393E-01
   4.2028986E-01   3.3967507E+02   3.6580392E+02   7.0547898E+02   2.7275461E-01   1.7343207E-01   2.2125403E-01
   4.3478261E-01   2.5257889E+02   1.2628945E+02   3.7886834E+02   1.2980268E-01   2.4325926E-01   1.6762154E-01
   4.4927536E-01   1.9554495E+02   1.4665871E+02   3.4220366E+02   1.7885253E-01   2.2577937E-01   1.9896403E-01
   4.6376812E-01   2.6047199E+02   4.7358543E+01   3.0783053E+02   1.1980892E-01   2.5280987E-01   1.4027060E-01
   4.7826087E-01   2.9850233E+02   2.2961718E+01   3.2146405E+02   2.6169433E-01   4.9558437E-06   2.4300223E-01
   4.9275362E-01   2.4515010E+02   2.2286373E+01   2.6743648E+02   2.2996322E-01   1.1188149E-01   2.2012308E-01
   5.0724638E-01   1.0824810E+02   4.3299239E+01   1.5154734E+02   1.2138856E-01   6.3688320E-02   1.0490278E-01
   5.2173913E-01   6.3144724E+01   1.8943417E+02   2.5257889E+02   1.0406651E-05   1.8974594E-01   1.4230686E-01
   5.3623188E-01   2.6623181E+02   1.2287622E+02   3.8910803E+02   2.0023789E-01   1.5560168E-01   1.8614224E-01
   5.5072464E-01   1.9940439E+02   5.9821317E+01   2.5922571E+02   1.7476736E-01   2.0681602E-01   1.8216321E-01
   5.6521739E-01   1.7486231E+02   5.8287437E+01   2.3314975E+02   1.0294987E-01   1.9608086E-01   1.2623262E-01
   5.7971014E-01   1.3260392E+02   1.1366050E+02   2.4626442E+02   1.6413862E-01   1.6587673E-01   1.6494082E-01
   5.9420290E-01   1.8481383E+02   1.4785106E+02   3.3266489E+02   2.0876825E-01   2.2873733E-01   2.1764339E-01
   6.0869565E-01   1.2628945E+02   1.0824810E+02   2.3453755E+02   1.2268081E-01   1.2584599E-01   1.2414166E-01
   6.2318841E-01   2.2908318E+02   7.0487133E+01   2.9957032E+02   2.4954524E-01   1.1515775E-01   2.1792466E-01
   6.3768116E-01   8.6106441E+01   5.1663865E+01   1.3777031E+02   6.1035418E-02   1.3003988E-01   8.6912091E-02
   6.5217391E-01   6.7354372E+01   6.7354372E+01   1.3470874E+02   3.3799202E-01   1.9237621E-01   2.6518412E-01
   6.6666667E-01   2.1414298E+02   9.8835220E+01   3.1297820E+02   2.2905899E-01   2.5838403E-01   2.3831953E-01
   6.8115942E-01   9.6732343E+01   3.2244114E+01   1.2897646E+02   2.6658014E-01   4.2146627E-01   3.0530167E-01
   6.9565217E-01   2.0522035E+02   3.1572362E+01   2.3679271E+02   2.2257235E-01   2.1325385E-01   2.2132988E-01
   7.1014493E-01   1.0824810E+02   3.0928028E+01   1.3917613E+02   1.2903998E-01   3.5174193E-01   1.7852930E-01
   7.2463768E-01   1.3639260E+02   6.0618935E+01   1.9701154E+02   2.7456311E-01   2.1934309E-01   2.5757233E-01
   7.3913043E-01   8.9145492E+01   8.9145492E+01   1.7829098E+02   2.9090447E-01   1.6898797E-01   2.2994622E-01
   7.5362319E-01   8.7431156E+01   7.2859297E+01   1.6029045E+02   2.4491037E-01   2.3948262E-01   2.4244321E-01
   7.6811594E-01   5.7187674E+01   1.4296919E+01   7.1484593E+01   1.5086849E-01   4.0943514E-01   2.0258182E-01
   7.8260870E-01   4.2096482E+01   4.2096482E+01   8.4192965E+01   2.0565729E-01   1.9724558E-01   2.0145143E-01
   7.9710145E-01   6.8885153E+01   8.2662184E+01   1.5154734E+02   5.6680531E-02   3.7217624E-01   2.2876910E-01
   8.1159420E-01   4.0593037E+01   1.3531012E+01   5.4124049E+01   1.9002868E-01   3.0685968E-01   2.1923643E-01
   8.2608696E-01   7.9761756E+01   3.9880878E+01   1.1964263E+02   1.2341970E-01   2.5846813E-01   1.6843584E-01
   8.4057971E-01   5.2257702E+01   1.3064426E+01   6.5322128E+01   7.1380849E-02   2.2796478E-06   5.7105135E-02
   8.5507246E-01   1.0274396E+02   7.7057968E+01   1.7980193E+02   1.8086598E-01   2.2981063E-01   2.0184226E-01
   8.6956522E-01   5.0515779E+01   1.2628945E+01   6.3144724E+01   3.8399624E-01   1.3528168E-05   3.0719428E-01
   8.8405797E-01   8.6953390E+01   1.2421913E+01   9.9375303E+01   1.6008255E-01   1.0311288E-05   1.4007094E-01
   8.9855072E-01   4.8886238E+01   0.0000000E+00   4.8886238E+01   1.8889754E-01   0.0000000E+00   1.8889754E-01
   9.1304348E-01   6.0137832E+01   4.8110266E+01   1.0824810E+02   3.1145633E-01   3.8414063E-01   3.4376046E-01
   9.2753623E-01   3.5518907E+01   4.7358543E+01   8.2877450E+01   3.8625411E-01   4.0941490E-01   3.9948885E-01
   9.4202899E-01   2.3314975E+01   0.0000000E+00   2.3314975E+01   4.0002338E-01   0.0000000E+00   4.0002338E-01
   9.5652174E-01   2.2961718E+01   2.2961718E+01   4.5923435E+01   4.1109636E-01   4.1999670E-01   4.1554653E-01
   9.7101449E-01   2.2619005E+01   1.1309503E+01   3.3928508E+01   4.1323762E-01   4.2079800E-01   4.1575775E-01
   9.8550725E-01   1.1143187E+01   1.1143187E+01   2.2286373E+01   3.5726541E-06   4.1493936E-01   2.0746789E-01
   1.0000000E+00   2.1884092E+01   0.0000000E+00   2.1884092E+01   1.0508637E-05   0.0000000E+00   1.0508637E-05
