   0.0000000E+00   3.7848081E+10   1.9051767E+10   5.6420655E+10   1.2795556E-07   3.2092918E-07   1.7430530E-07
   1.4492754E-02   5.6928757E+06   2.9839671E+06   8.6768428E+06   9.1531428E-04   7.4083105E-04   8.4689235E-04
   2.8985507E-02   3.0036682E+06   1.5211564E+06   4.5248246E+06   4.9810530E-04   8.1373935E-04   5.5855425E-04
   4.3478261E-02   1.8031607E+06   8.9210866E+05   2.6952694E+06   5.1538819E-04   1.5350622E-03   3.8967673E-04
   5.7971014E-02   1.1987394E+06   6.1206181E+05   1.8108012E+06   1.0679979E-03   4.9483283E-04   5.7663404E-04
   7.2463768E-02   9.3550171E+05   4.8555767E+05   1.4209078E+06   2.3714835E-04   3.5311986E-04   2.4988356E-04
   8.6956522E-02   7.3348911E+05   3.6838632E+05   1.1018754E+06   2.4297822E-04   8.4392947E-04   2.9375099E-04
   1.0144928E-01   6.2708123E+05   3.1792466E+05   9.4500589E+05   9.4612035E-04   5.8032477E-04   8.2272556E-04
   1.1594203E-01   5.5523156E+05   2.8074144E+05   8.3597300E+05   6.8530800E-04   1.2348033E-03   4.1329070E-04
   1.3043478E-01   5.0263200E+05   2.4828505E+05   7.5091705E+05   7.7635914E-04   6.5437314E-04   6.9724192E-04
   1.4492754E-01   4.6585651E+05   2.2754833E+05   6.9340484E+05   3.3527468E-04   2.3037298E-03   6.1665412E-04
   1.5942029E-01   4.2137048E+05   2.0589772E+05   6.2726820E+05   6.8631368E-04   9.4253803E-04   2.6013600E-04
   1.7391304E-01   3.8549854E+05   2.0010563E+05   5.8560417E+05   1.7167770E-03   6.8044148E-04   1.3608717E-03
   1.8840580E-01   3.6522908E+05   1.8494604E+05   5.5017512E+05   4.4007287E-04   3.2256261E-03   1.1355372E-03
   2.0289855E-01   3.4379596E+05   1.7298046E+05   5.1677642E+05   4.5140645E-04   1.3077806E-03   2.7482434E-04
   2.1739130E-01   3.2052262E+05   1.6407525E+05   4.8459787E+05   8.3031784E-04   6.2214530E-04   6.0210045E-04
   2.3188406E-01   3.0977223E+05   1.5367847E+05   4.6345070E+05   4.4227343E-04   3.0729909E-04   3.8466562E-04
   2.4637681E-01   2.9832539E+05   1.4307852E+05   4.4140390E+05   1.2037786E-03   1.8802487E-03   1.1512600E-03
   2.6086957E-01   2.8200434E+05   1.4018129E+05   4.2218562E+05   1.5855348E-03   2.3697546E-03   5.1954688E-04
   2.7536232E-01   2.7350306E+05   1.3519618E+05   4.0869924E+05   7.7411261E-04   7.1094255E-04   6.9915453E-04
   2.8985507E-01   2.5952481E+05   1.3423305E+05   3.9375787E+05   6.0359214E-04   4.2577635E-04   4.6633397E-04
   3.0434783E-01   2.4308914E+05   1.2527913E+05   3.6836828E+05   9.0344566E-04   1.3438619E-03   1.0326471E-03
   3.1884058E-01   2.4285461E+05   1.1831025E+05   3.6116486E+05   9.5649156E-04   1.0428211E-03   9.5602633E-04
   3.3333333E-01   2.3736925E+05   1.1415468E+05   3.5152393E+05   1.0062690E-03   1.2577508E-03   7.0311379E-04
   3.4782609E-01   2.2814189E+05   1.1366050E+05   3.4180239E+05   2.2673553E-03   2.3216082E-03   2.2207780E-03
   3.6231884E-01   2.2095602E+05   1.0762892E+05   3.2858494E+05   9.6048687E-04   1.9320037E-03   1.2778245E-03
   3.7681159E-01   2.1411890E+05   1.0649115E+05   3.2061005E+05   1.1578186E-03   1.2311354E-03   9.9764236E-04
   3.9130435E-01   2.0296117E+05   1.0145252E+05   3.0441370E+05   2.7297292E-03   1.3686183E-03   1.9778062E-03
   4.0579710E-01   2.0374998E+05   9.9534126E+04   3.0328411E+05   1.5651840E-03   1.9869549E-03   1.6840145E-03
   4.2028986E-01   1.9695928E+05   9.8949959E+04   2.9590924E+05   1.3367251E-03   1.2921777E-03   1.1544796E-03
   4.3478261E-01   1.9231357E+05   9.4035122E+04   2.8634869E+05   1.7479293E-03   9.6996432E-04   1.3751698E-03
   4.4927536E-01   1.8872532E+05   9.1857241E+04   2.8058256E+05   1.9659843E-03   2.1283778E-03   1.7495729E-03
   4.6376812E-01   1.8455624E+05   8.9791797E+04   2.7434804E+05   4.4838724E-03   1.0220836E-03   3.3412073E-03
   4.7826087E-01   1.7540456E+05   9.0744708E+04   2.6614927E+05   1.2269810E-03   1.7957477E-03   1.4179587E-03
   4.9275362E-01   1.7285311E+05   8.6916855E+04   2.5976996E+05   3.3383878E-03   3.9414618E-03   3.4281799E-03
   5.0724638E-01   1.6700517E+05   8.4693312E+04   2.5169848E+05   1.5577822E-03   3.3476973E-03   2.1427398E-03
   5.2173913E-01   1.6064018E+05   8.0593716E+04   2.4123389E+05   3.0412516E-03   3.2951081E-03   3.1218129E-03
   5.3623188E-01   1.5035953E+05   7.3398062E+04   2.2375759E+05   2.8051063E-03   5.4292243E-03   3.6415497E-03
   5.5072464E-01   1.3511642E+05   6.6860292E+04   2.0197671E+05   4.6174383E-03   4.3981704E-03   4.5380454E-03
   5.6521739E-01   1.2504598E+05   6.4427047E+04   1.8947303E+05   4.9746421E-03   4.5832330E-03   4.8106336E-03
   5.7971014E-01   1.0920880E+05   5.6849195E+04   1.6605799E+05   4.9829317E-03   5.8536159E-03   5.2693830E-03
   5.9420290E-01   9.8191585E+04   4.9714919E+04   1.4790650E+05   5.0713857E-03   5.2658405E-03   5.0975470E-03
   6.0869565E-01   8.6526313E+04   4.2757999E+04   1.2928431E+05   6.7254382E-03   4.1606334E-03   5.8575113E-03
   6.2318841E-01   7.9086564E+04   3.8415488E+04   1.1750205E+05   6.0124175E-03   8.5187292E-03   6.8291902E-03
   6.3768116E-01   7.2398296E+04   3.6164705E+04   1.0856300E+05   7.8936086E-03   1.1188614E-02   8.9891176E-03
   6.5217391E-01   6.7337533E+04   3.4333891E+04   1.0167142E+05   1.0043270E-02   1.1791350E-02   1.0620267E-02
   6.6666667E-01   6.3188650E+04   3.1841413E+04   9.5030064E+04   1.1359985E-02   1.3511500E-02   1.1815857E-02
   6.8115942E-01   5.8781020E+04   2.9003581E+04   8.7784601E+04   1.0233382E-02   1.3366178E-02   1.1265451E-02
   6.9565217E-01   5.5646288E+04   2.8225691E+04   8.3871979E+04   1.3718795E-02   9.1587610E-03   1.2152389E-02
   7.1014493E-01   5.3258064E+04   2.5886759E+04   7.9144823E+04   1.2022603E-02   1.1701525E-02   1.1813002E-02
   7.2463768E-01   4.9586289E+04   2.4580978E+04   7.4167267E+04   1.5054946E-02   1.5868690E-02   1.5252388E-02
   7.3913043E-01   4.8257426E+04   2.2345803E+04   7.0603230E+04   1.5166873E-02   1.3969133E-02   1.4506871E-02
   7.5362319E-01   4.5231051E+04   2.1930648E+04   6.7161700E+04   1.3670771E-02   1.0890575E-02   1.2708913E-02
   7.6811594E-01   4.1947159E+04   2.1045064E+04   6.2992223E+04   1.1547163E-02   9.4581646E-03   1.0841571E-02
   7.8260870E-01   3.9107632E+04   1.9967765E+04   5.9075397E+04   1.7050462E-02   8.8863821E-03   1.4290136E-02
   7.9710145E-01   3.6605570E+04   1.8295897E+04   5.4901467E+04   1.3714807E-02   1.7020983E-02   1.4747210E-02
   8.1159420E-01   3.5194163E+04   1.7455006E+04   5.2649169E+04   1.8549781E-02   2.1310769E-02   1.9256896E-02
   8.2608696E-01   3.3074542E+04   1.6590445E+04   4.9664987E+04   1.7987279E-02   2.0090103E-02   1.8331521E-02
   8.4057971E-01   3.2386711E+04   1.5886342E+04   4.8273053E+04   2.0074134E-02   1.8967355E-02   1.9678689E-02
   8.5507246E-01   2.9782905E+04   1.4730915E+04   4.4513819E+04   1.6311963E-02   1.7398500E-02   1.6666567E-02
   8.6956522E-01   2.8048886E+04   1.3715034E+04   4.1763920E+04   1.9389023E-02   2.0172689E-02   1.9633437E-02
   8.8405797E-01   2.6893441E+04   1.3018165E+04   3.9911606E+04   2.2109474E-02   1.5240584E-02   1.9800762E-02
   8.9855072E-01   2.3807598E+04   1.2453769E+04   3.6261367E+04   2.6546437E-02   2.0816170E-02   2.4519704E-02
   9.1304348E-01   2.2635880E+04   1.1281857E+04   3.3917737E+04   2.8212192E-02   2.1683229E-02   2.6018253E-02
   9.2753623E-01   2.1121910E+04   1.0253125E+04   3.1375035E+04   2.1279849E-02   2.5141374E-02   2.2476278E-02
   9.4202899E-01   1.8978390E+04   9.1861001E+03   2.8164490E+04   3.3685811E-02   3.9742414E-02   3.5553042E-02
   9.5652174E-01   1.6188011E+04   8.0710438E+03   2.4259055E+04   3.1470026E-02   4.4662192E-02   3.5724409E-02
   9.7101449E-01   1.1829740E+04   6.0732030E+03   1.7902943E+04   3.6306569E-02   4.2277667E-02   3.8330058E-02
   9.8550725E-01   7.6442260E+03   3.6995379E+03   1.1343764E+04   4.7636459E-02   5.3617031E-02   4.9401658E-02
   1.0000000E+00   3.6765274E+03   1.6413069E+03   5.3178343E+03   6.8489093E-02   5.4510966E-02   6.4172678E-02
