#depth	Cl	Cl+	Cl+2	Cl+3	Cl+4	Cl+5	Cl+6	Cl+7	Cl+8	Cl+9	Cl+10	Cl+11	Cl+12	Cl+13	Cl+14	Cl+15	Cl+16	Cl+17
 6.17135e+19	0.00e+00	0.00e+00	0.00e+00	0.00e+00	0.00e+00	0.00e+00	0.00e+00	0.00e+00	0.00e+00	1.89e-26	2.31e-22	1.39e-18	4.70e-15	1.20e-11	2.37e-08	8.39e-05	1.66e-02	9.83e-01
 1.87609e+20	0.00e+00	0.00e+00	0.00e+00	0.00e+00	0.00e+00	0.00e+00	0.00e+00	0.00e+00	0.00e+00	3.54e-26	4.00e-22	2.22e-18	6.97e-15	1.65e-11	3.00e-08	9.81e-05	1.79e-02	9.82e-01
 3.18540e+20	0.00e+00	0.00e+00	0.00e+00	0.00e+00	0.00e+00	0.00e+00	0.00e+00	0.00e+00	0.00e+00	6.62e-26	6.92e-22	3.55e-18	1.03e-14	2.25e-11	3.79e-08	1.15e-04	1.94e-02	9.81e-01
 4.54709e+20	0.00e+00	0.00e+00	0.00e+00	0.00e+00	0.00e+00	0.00e+00	0.00e+00	0.00e+00	0.00e+00	1.24e-25	1.20e-21	5.69e-18	1.52e-14	3.08e-11	4.79e-08	1.34e-04	2.09e-02	9.79e-01
 5.86273e+20	0.00e+00	0.00e+00	0.00e+00	0.00e+00	0.00e+00	0.00e+00	0.00e+00	0.00e+00	0.00e+00	2.21e-25	1.99e-21	8.78e-18	2.19e-14	4.11e-11	5.95e-08	1.55e-04	2.25e-02	9.77e-01
 7.07693e+20	0.00e+00	0.00e+00	0.00e+00	0.00e+00	0.00e+00	0.00e+00	0.00e+00	0.00e+00	0.00e+00	3.72e-25	3.13e-21	1.30e-17	3.03e-14	5.33e-11	7.23e-08	1.76e-04	2.39e-02	9.76e-01
 8.44020e+20	0.00e+00	0.00e+00	0.00e+00	0.00e+00	0.00e+00	0.00e+00	0.00e+00	0.00e+00	0.00e+00	6.53e-25	5.13e-21	1.98e-17	4.31e-14	7.07e-11	8.93e-08	2.02e-04	2.57e-02	9.74e-01
 1.00121e+21	0.00e+00	0.00e+00	0.00e+00	0.00e+00	0.00e+00	0.00e+00	0.00e+00	0.00e+00	6.99e-29	1.22e-24	8.89e-21	3.17e-17	6.39e-14	9.67e-11	1.13e-07	2.36e-04	2.77e-02	9.72e-01
 1.15077e+21	0.00e+00	0.00e+00	0.00e+00	0.00e+00	0.00e+00	0.00e+00	0.00e+00	0.00e+00	1.34e-28	2.18e-24	1.47e-20	4.88e-17	9.15e-14	1.29e-10	1.40e-07	2.73e-04	2.97e-02	9.70e-01
 1.28715e+21	0.00e+00	0.00e+00	0.00e+00	0.00e+00	0.00e+00	0.00e+00	0.00e+00	0.00e+00	2.36e-28	3.62e-24	2.29e-20	7.15e-17	1.26e-13	1.66e-10	1.69e-07	3.09e-04	3.16e-02	9.68e-01
 1.44114e+21	0.00e+00	0.00e+00	0.00e+00	0.00e+00	0.00e+00	0.00e+00	0.00e+00	0.00e+00	4.42e-28	6.30e-24	3.73e-20	1.08e-16	1.78e-13	2.19e-10	2.08e-07	3.55e-04	3.38e-02	9.66e-01
 1.62045e+21	0.00e+00	0.00e+00	0.00e+00	0.00e+00	0.00e+00	0.00e+00	0.00e+00	0.00e+00	8.92e-28	1.18e-23	6.44e-20	1.73e-16	2.63e-13	2.99e-10	2.63e-07	4.14e-04	3.65e-02	9.63e-01
 1.78040e+21	0.00e+00	0.00e+00	0.00e+00	0.00e+00	0.00e+00	0.00e+00	0.00e+00	0.00e+00	1.63e-27	2.01e-23	1.03e-19	2.59e-16	3.68e-13	3.91e-10	3.21e-07	4.73e-04	3.89e-02	9.61e-01
 1.90772e+21	0.00e+00	0.00e+00	0.00e+00	0.00e+00	0.00e+00	0.00e+00	0.00e+00	0.00e+00	2.60e-27	3.05e-23	1.48e-19	3.54e-16	4.77e-13	4.81e-10	3.75e-07	5.24e-04	4.09e-02	9.59e-01
 2.04491e+21	0.00e+00	0.00e+00	0.00e+00	0.00e+00	0.00e+00	0.00e+00	0.00e+00	0.00e+00	4.26e-27	4.72e-23	2.17e-19	4.92e-16	6.27e-13	5.99e-10	4.42e-07	5.83e-04	4.32e-02	9.56e-01
 2.22327e+21	0.00e+00	0.00e+00	0.00e+00	0.00e+00	0.00e+00	0.00e+00	0.00e+00	0.00e+00	7.93e-27	8.21e-23	3.53e-19	7.45e-16	8.87e-13	7.89e-10	5.43e-07	6.69e-04	4.61e-02	9.53e-01
 2.40900e+21	0.00e+00	0.00e+00	0.00e+00	0.00e+00	0.00e+00	0.00e+00	0.00e+00	0.00e+00	1.48e-26	1.43e-22	5.74e-19	1.13e-15	1.26e-12	1.04e-09	6.68e-07	7.67e-04	4.93e-02	9.50e-01
 2.56604e+21	0.00e+00	0.00e+00	0.00e+00	0.00e+00	0.00e+00	0.00e+00	0.00e+00	0.00e+00	2.48e-26	2.26e-22	8.55e-19	1.59e-15	1.67e-12	1.31e-09	7.92e-07	8.58e-04	5.21e-02	9.47e-01
 2.73193e+21	0.00e+00	0.00e+00	0.00e+00	0.00e+00	0.00e+00	0.00e+00	0.00e+00	0.00e+00	4.20e-26	3.61e-22	1.29e-18	2.27e-15	2.24e-12	1.65e-09	9.44e-07	9.63e-04	5.51e-02	9.44e-01
 2.91918e+21	0.00e+00	0.00e+00	0.00e+00	0.00e+00	0.00e+00	0.00e+00	0.00e+00	0.00e+00	7.51e-26	6.05e-22	2.03e-18	3.34e-15	3.10e-12	2.14e-09	1.14e-06	1.09e-03	5.86e-02	9.40e-01
 3.09772e+21	0.00e+00	0.00e+00	0.00e+00	0.00e+00	0.00e+00	0.00e+00	0.00e+00	0.00e+00	1.28e-25	9.76e-22	3.08e-18	4.78e-15	4.18e-12	2.71e-09	1.37e-06	1.23e-03	6.20e-02	9.37e-01
 3.29335e+21	0.00e+00	0.00e+00	0.00e+00	0.00e+00	0.00e+00	0.00e+00	0.00e+00	0.00e+00	2.28e-25	1.62e-21	4.81e-18	7.01e-15	5.75e-12	3.50e-09	1.65e-06	1.39e-03	6.58e-02	9.33e-01
 3.50873e+21	0.00e+00	0.00e+00	0.00e+00	0.00e+00	0.00e+00	0.00e+00	0.00e+00	0.00e+00	4.20e-25	2.80e-21	7.75e-18	1.06e-14	8.09e-12	4.59e-09	2.02e-06	1.59e-03	7.02e-02	9.28e-01
 3.70222e+21	0.00e+00	0.00e+00	0.00e+00	0.00e+00	0.00e+00	0.00e+00	0.00e+00	0.00e+00	7.17e-25	4.50e-21	1.17e-17	1.51e-14	1.09e-11	5.81e-09	2.42e-06	1.79e-03	7.42e-02	9.24e-01
 3.86407e+21	0.00e+00	0.00e+00	0.00e+00	0.00e+00	0.00e+00	0.00e+00	0.00e+00	7.21e-29	1.11e-24	6.63e-21	1.65e-17	2.02e-14	1.39e-11	7.05e-09	2.79e-06	1.96e-03	7.76e-02	9.20e-01
 4.03235e+21	0.00e+00	0.00e+00	0.00e+00	0.00e+00	0.00e+00	0.00e+00	0.00e+00	1.18e-28	1.73e-24	9.85e-21	2.33e-17	2.72e-14	1.78e-11	8.59e-09	3.23e-06	2.16e-03	8.13e-02	9.17e-01
 4.25112e+21	0.00e+00	0.00e+00	0.00e+00	0.00e+00	0.00e+00	0.00e+00	0.00e+00	2.20e-28	3.02e-24	1.62e-20	3.60e-17	3.94e-14	2.43e-11	1.10e-08	3.89e-06	2.44e-03	8.61e-02	9.11e-01
 4.47480e+21	0.00e+00	0.00e+00	0.00e+00	0.00e+00	0.00e+00	0.00e+00	0.00e+00	4.10e-28	5.29e-24	2.66e-20	5.57e-17	5.74e-14	3.32e-11	1.41e-08	4.68e-06	2.76e-03	9.12e-02	9.06e-01
 4.65243e+21	0.00e+00	0.00e+00	0.00e+00	0.00e+00	0.00e+00	0.00e+00	0.00e+00	6.71e-28	8.25e-24	3.95e-20	7.87e-17	7.73e-14	4.26e-11	1.72e-08	5.43e-06	3.03e-03	9.54e-02	9.02e-01
 4.83089e+21	0.00e+00	0.00e+00	0.00e+00	0.00e+00	0.00e+00	0.00e+00	0.00e+00	1.08e-27	1.26e-23	5.77e-20	1.10e-16	1.03e-13	5.41e-11	2.08e-08	6.25e-06	3.33e-03	9.97e-02	8.97e-01
 5.06289e+21	0.00e+00	0.00e+00	0.00e+00	0.00e+00	0.00e+00	0.00e+00	0.00e+00	1.96e-27	2.17e-23	9.33e-20	1.67e-16	1.48e-13	7.31e-11	2.64e-08	7.47e-06	3.74e-03	1.05e-01	8.91e-01
 5.30279e+21	0.00e+00	0.00e+00	0.00e+00	0.00e+00	0.00e+00	0.00e+00	0.00e+00	3.61e-27	3.75e-23	1.52e-19	2.56e-16	2.13e-13	9.93e-11	3.36e-08	8.95e-06	4.21e-03	1.11e-01	8.85e-01
 5.49696e+21	0.00e+00	0.00e+00	0.00e+00	0.00e+00	0.00e+00	0.00e+00	0.00e+00	5.91e-27	5.85e-23	2.26e-19	3.63e-16	2.87e-13	1.27e-10	4.10e-08	1.04e-05	4.63e-03	1.16e-01	8.79e-01
 5.66734e+21	0.00e+00	0.00e+00	0.00e+00	0.00e+00	0.00e+00	0.00e+00	0.00e+00	9.01e-27	8.55e-23	3.16e-19	4.88e-16	3.71e-13	1.58e-10	4.85e-08	1.18e-05	5.02e-03	1.21e-01	8.74e-01
 5.83554e+21	0.00e+00	0.00e+00	0.00e+00	0.00e+00	0.00e+00	0.00e+00	0.00e+00	1.35e-26	1.23e-22	4.38e-19	6.49e-16	4.74e-13	1.94e-10	5.71e-08	1.33e-05	5.43e-03	1.25e-01	8.69e-01
 6.02690e+21	0.00e+00	0.00e+00	0.00e+00	0.00e+00	0.00e+00	0.00e+00	0.00e+00	2.11e-26	1.84e-22	6.25e-19	8.86e-16	6.20e-13	2.42e-10	6.82e-08	1.52e-05	5.92e-03	1.30e-01	8.64e-01
 6.23736e+21	0.00e+00	0.00e+00	0.00e+00	0.00e+00	0.00e+00	0.00e+00	0.00e+00	3.43e-26	2.85e-22	9.24e-19	1.25e-15	8.33e-13	3.10e-10	8.29e-08	1.75e-05	6.50e-03	1.36e-01	8.57e-01
 6.42678e+21	0.00e+00	0.00e+00	0.00e+00	0.00e+00	0.00e+00	0.00e+00	0.00e+00	5.29e-26	4.22e-22	1.31e-18	1.69e-15	1.08e-12	3.87e-10	9.86e-08	1.99e-05	7.06e-03	1.41e-01	8.52e-01
 6.59903e+21	0.00e+00	0.00e+00	0.00e+00	0.00e+00	0.00e+00	0.00e+00	0.00e+00	7.76e-26	5.95e-22	1.78e-18	2.22e-15	1.37e-12	4.69e-10	1.15e-07	2.23e-05	7.60e-03	1.46e-01	8.46e-01
 6.79481e+21	0.00e+00	0.00e+00	0.00e+00	0.00e+00	0.00e+00	0.00e+00	0.00e+00	1.20e-25	8.80e-22	2.52e-18	3.01e-15	1.78e-12	5.85e-10	1.37e-07	2.54e-05	8.26e-03	1.52e-01	8.40e-01
 7.00977e+21	0.00e+00	0.00e+00	0.00e+00	0.00e+00	0.00e+00	0.00e+00	0.00e+00	1.91e-25	1.34e-21	3.66e-18	4.18e-15	2.36e-12	7.42e-10	1.65e-07	2.92e-05	9.04e-03	1.58e-01	8.33e-01
 7.20535e+21	0.00e+00	0.00e+00	0.00e+00	0.00e+00	0.00e+00	0.00e+00	0.00e+00	2.89e-25	1.95e-21	5.10e-18	5.60e-15	3.03e-12	9.15e-10	1.95e-07	3.31e-05	9.78e-03	1.64e-01	8.26e-01
 7.41530e+21	0.00e+00	0.00e+00	0.00e+00	0.00e+00	0.00e+00	0.00e+00	0.00e+00	4.48e-25	2.89e-21	7.27e-18	7.63e-15	3.97e-12	1.15e-09	2.33e-07	3.77e-05	1.06e-02	1.70e-01	8.19e-01
 7.64595e+21	0.00e+00	0.00e+00	0.00e+00	0.00e+00	0.00e+00	0.00e+00	0.00e+00	7.21e-25	4.44e-21	1.06e-17	1.07e-14	5.30e-12	1.46e-09	2.82e-07	4.35e-05	1.16e-02	1.77e-01	8.11e-01
 7.85119e+21	0.00e+00	0.00e+00	0.00e+00	0.00e+00	0.00e+00	0.00e+00	0.00e+00	1.09e-24	6.44e-21	1.48e-17	1.43e-14	6.81e-12	1.80e-09	3.32e-07	4.91e-05	1.26e-02	1.83e-01	8.04e-01
 8.02347e+21	0.00e+00	0.00e+00	0.00e+00	0.00e+00	0.00e+00	0.00e+00	6.64e-29	1.54e-24	8.78e-21	1.96e-17	1.82e-14	8.41e-12	2.15e-09	3.82e-07	5.44e-05	1.34e-02	1.89e-01	7.98e-01
 8.20519e+21	0.00e+00	0.00e+00	0.00e+00	0.00e+00	0.00e+00	0.00e+00	9.78e-29	2.19e-24	1.21e-20	2.60e-17	2.34e-14	1.04e-11	2.57e-09	4.40e-07	6.05e-05	1.44e-02	1.94e-01	7.91e-01
 8.44142e+21	0.00e+00	0.00e+00	0.00e+00	0.00e+00	0.00e+00	0.00e+00	1.61e-28	3.45e-24	1.82e-20	3.75e-17	3.23e-14	1.38e-11	3.25e-09	5.29e-07	6.93e-05	1.57e-02	2.02e-01	7.83e-01
 8.67722e+21	0.00e+00	0.00e+00	0.00e+00	0.00e+00	0.00e+00	0.00e+00	2.64e-28	5.41e-24	2.74e-20	5.39e-17	4.45e-14	1.82e-11	4.10e-09	6.34e-07	7.93e-05	1.71e-02	2.09e-01	7.74e-01
 8.85977e+21	0.00e+00	0.00e+00	0.00e+00	0.00e+00	0.00e+00	0.00e+00	3.83e-28	7.61e-24	3.72e-20	7.09e-17	5.66e-14	2.24e-11	4.88e-09	7.28e-07	8.78e-05	1.82e-02	2.15e-01	7.67e-01
 9.04438e+21	0.00e+00	0.00e+00	0.00e+00	0.00e+00	0.00e+00	0.00e+00	5.55e-28	1.07e-23	5.06e-20	9.33e-17	7.21e-14	2.76e-11	5.82e-09	8.36e-07	9.72e-05	1.94e-02	2.21e-01	7.60e-01
 9.28437e+21	0.00e+00	0.00e+00	0.00e+00	0.00e+00	0.00e+00	0.00e+00	8.85e-28	1.64e-23	7.43e-20	1.31e-16	9.74e-14	3.58e-11	7.24e-09	9.92e-07	1.10e-04	2.10e-02	2.28e-01	7.51e-01
 9.53015e+21	0.00e+00	0.00e+00	0.00e+00	0.00e+00	0.00e+00	0.00e+00	1.44e-27	2.56e-23	1.12e-19	1.89e-16	1.34e-13	4.73e-11	9.14e-09	1.19e-06	1.26e-04	2.29e-02	2.36e-01	7.41e-01
 9.72381e+21	0.00e+00	0.00e+00	0.00e+00	0.00e+00	0.00e+00	0.00e+00	2.10e-27	3.61e-23	1.52e-19	2.49e-16	1.71e-13	5.85e-11	1.09e-08	1.37e-06	1.40e-04	2.44e-02	2.43e-01	7.33e-01
 9.88177e+21	0.00e+00	0.00e+00	0.00e+00	0.00e+00	0.00e+00	0.00e+00	2.83e-27	4.75e-23	1.95e-19	3.11e-16	2.08e-13	6.92e-11	1.26e-08	1.53e-06	1.52e-04	2.57e-02	2.48e-01	7.26e-01
 1.00530e+22	0.00e+00	0.00e+00	0.00e+00	0.00e+00	0.00e+00	0.00e+00	3.90e-27	6.36e-23	2.54e-19	3.94e-16	2.56e-13	8.29e-11	1.47e-08	1.72e-06	1.66e-04	2.71e-02	2.54e-01	7.19e-01
 1.02756e+22	0.00e+00	0.00e+00	0.00e+00	0.00e+00	0.00e+00	0.00e+00	5.82e-27	9.18e-23	3.54e-19	5.30e-16	3.33e-13	1.04e-10	1.77e-08	2.00e-06	1.85e-04	2.90e-02	2.61e-01	7.10e-01
 1.05083e+22	0.00e+00	0.00e+00	0.00e+00	0.00e+00	0.00e+00	0.00e+00	8.97e-27	1.36e-22	5.07e-19	7.31e-16	4.43e-13	1.33e-10	2.18e-08	2.35e-06	2.08e-04	3.12e-02	2.68e-01	7.00e-01
 1.06982e+22	0.00e+00	0.00e+00	0.00e+00	0.00e+00	0.00e+00	0.00e+00	1.26e-26	1.87e-22	6.73e-19	9.43e-16	5.54e-13	1.62e-10	2.57e-08	2.67e-06	2.28e-04	3.31e-02	2.75e-01	6.92e-01
 1.08893e+22	0.00e+00	0.00e+00	0.00e+00	0.00e+00	0.00e+00	0.00e+00	1.77e-26	2.54e-22	8.90e-19	1.21e-15	6.91e-13	1.96e-10	3.02e-08	3.03e-06	2.51e-04	3.50e-02	2.81e-01	6.84e-01
 1.11377e+22	0.00e+00	0.00e+00	0.00e+00	0.00e+00	0.00e+00	0.00e+00	2.71e-26	3.77e-22	1.27e-18	1.67e-15	9.17e-13	2.51e-10	3.72e-08	3.56e-06	2.82e-04	3.77e-02	2.89e-01	6.73e-01
 1.13835e+22	0.00e+00	0.00e+00	0.00e+00	0.00e+00	0.00e+00	0.00e+00	4.14e-26	5.56e-22	1.81e-18	2.29e-15	1.21e-12	3.20e-10	4.56e-08	4.18e-06	3.17e-04	4.04e-02	2.97e-01	6.62e-01
 1.15699e+22	0.00e+00	0.00e+00	0.00e+00	0.00e+00	0.00e+00	0.00e+00	5.68e-26	7.44e-22	2.36e-18	2.90e-15	1.49e-12	3.84e-10	5.31e-08	4.70e-06	3.45e-04	4.26e-02	3.03e-01	6.54e-01
 1.17561e+22	0.00e+00	0.00e+00	0.00e+00	0.00e+00	0.00e+00	0.00e+00	7.73e-26	9.87e-22	3.05e-18	3.65e-15	1.83e-12	4.59e-10	6.17e-08	5.28e-06	3.76e-04	4.49e-02	3.09e-01	6.46e-01
 1.19983e+22	0.00e+00	0.00e+00	0.00e+00	0.00e+00	0.00e+00	0.00e+00	1.15e-25	1.42e-21	4.24e-18	4.91e-15	2.38e-12	5.76e-10	7.48e-08	6.14e-06	4.19e-04	4.80e-02	3.16e-01	6.35e-01
 1.22510e+22	0.00e+00	0.00e+00	0.00e+00	0.00e+00	0.00e+00	0.00e+00	1.73e-25	2.07e-21	5.97e-18	6.68e-15	3.13e-12	7.31e-10	9.13e-08	7.17e-06	4.69e-04	5.14e-02	3.24e-01	6.24e-01
 1.24542e+22	0.00e+00	0.00e+00	0.00e+00	0.00e+00	0.00e+00	0.00e+00	2.39e-25	2.79e-21	7.84e-18	8.53e-15	3.89e-12	8.83e-10	1.07e-07	8.10e-06	5.13e-04	5.42e-02	3.31e-01	6.15e-01
 1.26277e+22	0.00e+00	0.00e+00	0.00e+00	0.00e+00	0.00e+00	0.00e+00	3.14e-25	3.59e-21	9.86e-18	1.05e-14	4.67e-12	1.04e-09	1.22e-07	8.99e-06	5.53e-04	5.67e-02	3.36e-01	6.07e-01
 1.28260e+22	0.00e+00	0.00e+00	0.00e+00	0.00e+00	0.00e+00	0.00e+00	4.25e-25	4.75e-21	1.27e-17	1.32e-14	5.72e-12	1.24e-09	1.42e-07	1.01e-05	6.01e-04	5.96e-02	3.42e-01	5.98e-01
 1.30837e+22	0.00e+00	0.00e+00	0.00e+00	0.00e+00	0.00e+00	0.00e+00	6.28e-25	6.81e-21	1.77e-17	1.77e-14	7.43e-12	1.55e-09	1.72e-07	1.17e-05	6.69e-04	6.36e-02	3.49e-01	5.86e-01
 1.33490e+22	0.00e+00	0.00e+00	0.00e+00	0.00e+00	0.00e+00	6.70e-29	9.36e-25	9.85e-21	2.47e-17	2.40e-14	9.72e-12	1.97e-09	2.10e-07	1.36e-05	7.46e-04	6.78e-02	3.57e-01	5.74e-01
 1.35652e+22	0.00e+00	0.00e+00	0.00e+00	0.00e+00	0.00e+00	9.60e-29	1.29e-24	1.32e-20	3.24e-17	3.06e-14	1.21e-11	2.37e-09	2.46e-07	1.54e-05	8.15e-04	7.15e-02	3.63e-01	5.64e-01
 1.37874e+22	0.00e+00	0.00e+00	0.00e+00	0.00e+00	0.00e+00	1.38e-28	1.77e-24	1.78e-20	4.25e-17	3.90e-14	1.50e-11	2.87e-09	2.89e-07	1.74e-05	8.90e-04	7.53e-02	3.69e-01	5.54e-01
 1.40339e+22	0.00e+00	0.00e+00	0.00e+00	0.00e+00	0.00e+00	2.05e-28	2.52e-24	2.47e-20	5.72e-17	5.11e-14	1.90e-11	3.54e-09	3.44e-07	2.00e-05	9.80e-04	7.97e-02	3.76e-01	5.43e-01
 1.42604e+22	0.00e+00	0.00e+00	0.00e+00	0.00e+00	0.00e+00	2.94e-28	3.47e-24	3.32e-20	7.50e-17	6.52e-14	2.36e-11	4.28e-09	4.04e-07	2.26e-05	1.07e-03	8.39e-02	3.82e-01	5.33e-01
 1.44696e+22	0.00e+00	0.00e+00	0.00e+00	0.00e+00	0.00e+00	4.07e-28	4.63e-24	4.34e-20	9.59e-17	8.14e-14	2.88e-11	5.09e-09	4.67e-07	2.52e-05	1.16e-03	8.79e-02	3.88e-01	5.23e-01
 1.47075e+22	0.00e+00	0.00e+00	0.00e+00	0.00e+00	0.00e+00	5.86e-28	6.39e-24	5.85e-20	1.26e-16	1.04e-13	3.59e-11	6.17e-09	5.49e-07	2.86e-05	1.27e-03	9.25e-02	3.93e-01	5.13e-01
 1.49740e+22	0.00e+00	0.00e+00	0.00e+00	0.00e+00	0.00e+00	8.77e-28	9.12e-24	8.16e-20	1.71e-16	1.37e-13	4.58e-11	7.64e-09	6.57e-07	3.28e-05	1.39e-03	9.78e-02	4.00e-01	5.01e-01
 1.52225e+22	0.00e+00	0.00e+00	0.00e+00	0.00e+00	0.00e+00	1.27e-27	1.27e-23	1.11e-19	2.26e-16	1.77e-13	5.74e-11	9.30e-09	7.76e-07	3.72e-05	1.53e-03	1.03e-01	4.06e-01	4.90e-01
 1.54530e+22	0.00e+00	0.00e+00	0.00e+00	0.00e+00	0.00e+00	1.78e-27	1.71e-23	1.46e-19	2.92e-16	2.23e-13	7.05e-11	1.11e-08	9.02e-07	4.18e-05	1.65e-03	1.08e-01	4.11e-01	4.80e-01
 1.57149e+22	0.00e+00	0.00e+00	0.00e+00	0.00e+00	0.00e+00	2.59e-27	2.37e-23	1.99e-19	3.87e-16	2.88e-13	8.85e-11	1.36e-08	1.07e-06	4.75e-05	1.81e-03	1.14e-01	4.16e-01	4.68e-01
 1.60008e+22	0.00e+00	0.00e+00	0.00e+00	0.00e+00	0.00e+00	3.88e-27	3.39e-23	2.77e-19	5.25e-16	3.79e-13	1.13e-10	1.69e-08	1.28e-06	5.45e-05	1.99e-03	1.20e-01	4.22e-01	4.56e-01
 1.62580e+22	0.00e+00	0.00e+00	0.00e+00	0.00e+00	0.00e+00	5.58e-27	4.66e-23	3.74e-19	6.92e-16	4.88e-13	1.42e-10	2.05e-08	1.51e-06	6.18e-05	2.18e-03	1.26e-01	4.27e-01	4.45e-01
 1.64875e+22	0.00e+00	0.00e+00	0.00e+00	0.00e+00	0.00e+00	7.59e-27	6.12e-23	4.82e-19	8.73e-16	6.02e-13	1.71e-10	2.42e-08	1.73e-06	6.85e-05	2.34e-03	1.31e-01	4.31e-01	4.36e-01
 1.67409e+22	0.00e+00	0.00e+00	0.00e+00	0.00e+00	0.00e+00	1.06e-26	8.23e-23	6.37e-19	1.13e-15	7.59e-13	2.10e-10	2.90e-08	2.01e-06	7.69e-05	2.53e-03	1.37e-01	4.35e-01	4.25e-01
 1.70704e+22	0.00e+00	0.00e+00	0.00e+00	0.00e+00	0.00e+00	1.63e-26	1.20e-22	9.08e-19	1.56e-15	1.02e-12	2.73e-10	3.65e-08	2.43e-06	8.89e-05	2.80e-03	1.45e-01	4.40e-01	4.12e-01
 1.74047e+22	0.00e+00	0.00e+00	0.00e+00	0.00e+00	0.00e+00	2.52e-26	1.76e-22	1.30e-18	2.17e-15	1.38e-12	3.56e-10	4.60e-08	2.95e-06	1.03e-04	3.10e-03	1.53e-01	4.45e-01	3.98e-01
 1.76713e+22	0.00e+00	0.00e+00	0.00e+00	0.00e+00	0.00e+00	3.53e-26	2.36e-22	1.71e-18	2.81e-15	1.74e-12	4.38e-10	5.52e-08	3.44e-06	1.15e-04	3.35e-03	1.60e-01	4.49e-01	3.88e-01
 1.79438e+22	0.00e+00	0.00e+00	0.00e+00	0.00e+00	0.00e+00	4.93e-26	3.17e-22	2.26e-18	3.62e-15	2.19e-12	5.38e-10	6.60e-08	3.99e-06	1.29e-04	3.62e-03	1.67e-01	4.52e-01	3.78e-01
 1.82982e+22	0.00e+00	0.00e+00	0.00e+00	0.00e+00	0.00e+00	7.53e-26	4.60e-22	3.21e-18	5.01e-15	2.94e-12	6.99e-10	8.29e-08	4.82e-06	1.49e-04	3.99e-03	1.76e-01	4.56e-01	3.65e-01
 1.86543e+22	0.00e+00	0.00e+00	0.00e+00	0.00e+00	0.00e+00	1.15e-25	6.67e-22	4.55e-18	6.92e-15	3.94e-12	9.07e-10	1.04e-07	5.82e-06	1.72e-04	4.39e-03	1.85e-01	4.59e-01	3.52e-01
 1.89332e+22	0.00e+00	0.00e+00	0.00e+00	0.00e+00	0.00e+00	1.59e-25	8.87e-22	5.95e-18	8.86e-15	4.93e-12	1.11e-09	1.24e-07	6.72e-06	1.91e-04	4.73e-03	1.92e-01	4.61e-01	3.42e-01
 1.92161e+22	0.00e+00	0.00e+00	0.00e+00	0.00e+00	0.00e+00	2.19e-25	1.17e-21	7.75e-18	1.13e-14	6.15e-12	1.35e-09	1.47e-07	7.74e-06	2.13e-04	5.08e-03	2.00e-01	4.63e-01	3.32e-01
 1.95838e+22	0.00e+00	0.00e+00	0.00e+00	0.00e+00	0.00e+00	3.27e-25	1.67e-21	1.08e-17	1.54e-14	8.14e-12	1.73e-09	1.82e-07	9.26e-06	2.43e-04	5.55e-03	2.09e-01	4.65e-01	3.20e-01
 1.99716e+22	0.00e+00	0.00e+00	0.00e+00	0.00e+00	0.00e+00	4.99e-25	2.42e-21	1.54e-17	2.13e-14	1.09e-11	2.24e-09	2.28e-07	1.11e-05	2.80e-04	6.09e-03	2.19e-01	4.67e-01	3.07e-01
 2.03022e+22	0.00e+00	0.00e+00	0.00e+00	0.00e+00	6.57e-29	7.10e-25	3.30e-21	2.06e-17	2.78e-14	1.39e-11	2.78e-09	2.76e-07	1.30e-05	3.14e-04	6.58e-03	2.28e-01	4.68e-01	2.97e-01
 2.06489e+22	0.00e+00	0.00e+00	0.00e+00	0.00e+00	9.81e-29	1.01e-24	4.51e-21	2.76e-17	3.65e-14	1.78e-11	3.46e-09	3.33e-07	1.52e-05	3.52e-04	7.11e-03	2.37e-01	4.69e-01	2.87e-01
 2.10278e+22	0.00e+00	0.00e+00	0.00e+00	0.00e+00	1.51e-28	1.49e-24	6.32e-21	3.80e-17	4.91e-14	2.33e-11	4.38e-09	4.08e-07	1.80e-05	3.99e-04	7.72e-03	2.47e-01	4.69e-01	2.76e-01
 2.13689e+22	0.00e+00	0.00e+00	0.00e+00	0.00e+00	2.22e-28	2.09e-24	8.51e-21	5.04e-17	6.37e-14	2.95e-11	5.39e-09	4.89e-07	2.08e-05	4.45e-04	8.29e-03	2.56e-01	4.69e-01	2.66e-01
 2.17326e+22	0.00e+00	0.00e+00	0.00e+00	0.00e+00	3.29e-28	2.96e-24	1.16e-20	6.73e-17	8.32e-14	3.76e-11	6.67e-09	5.87e-07	2.42e-05	4.98e-04	8.92e-03	2.65e-01	4.69e-01	2.57e-01
 2.21415e+22	0.00e+00	0.00e+00	0.00e+00	0.00e+00	5.09e-28	4.36e-24	1.63e-20	9.29e-17	1.12e-13	4.92e-11	8.46e-09	7.21e-07	2.86e-05	5.64e-04	9.67e-03	2.76e-01	4.68e-01	2.46e-01
 2.25266e+22	0.00e+00	0.00e+00	0.00e+00	0.00e+00	7.62e-28	6.24e-24	2.23e-20	1.25e-16	1.47e-13	6.31e-11	1.05e-08	8.70e-07	3.34e-05	6.31e-04	1.04e-02	2.86e-01	4.67e-01	2.36e-01
 2.28887e+22	0.00e+00	0.00e+00	0.00e+00	0.00e+00	1.10e-27	8.67e-24	2.97e-20	1.64e-16	1.90e-13	7.92e-11	1.29e-08	1.03e-06	3.84e-05	7.00e-04	1.11e-02	2.95e-01	4.65e-01	2.28e-01
 2.33032e+22	0.00e+00	0.00e+00	0.00e+00	0.00e+00	1.66e-27	1.25e-23	4.09e-20	2.23e-16	2.51e-13	1.02e-10	1.60e-08	1.25e-06	4.48e-05	7.85e-04	1.20e-02	3.06e-01	4.63e-01	2.18e-01
 2.37637e+22	0.00e+00	0.00e+00	0.00e+00	0.00e+00	2.61e-27	1.86e-23	5.82e-20	3.10e-16	3.41e-13	1.35e-10	2.05e-08	1.54e-06	5.31e-05	8.89e-04	1.30e-02	3.17e-01	4.61e-01	2.08e-01
 2.41719e+22	0.00e+00	0.00e+00	0.00e+00	0.00e+00	3.86e-27	2.64e-23	7.90e-20	4.15e-16	4.45e-13	1.71e-10	2.53e-08	1.85e-06	6.14e-05	9.90e-04	1.39e-02	3.27e-01	4.58e-01	2.00e-01
 2.45267e+22	0.00e+00	0.00e+00	0.00e+00	0.00e+00	5.39e-27	3.55e-23	1.02e-19	5.31e-16	5.59e-13	2.10e-10	3.03e-08	2.15e-06	6.96e-05	1.08e-03	1.47e-02	3.36e-01	4.56e-01	1.92e-01
 2.49243e+22	0.00e+00	0.00e+00	0.00e+00	0.00e+00	7.74e-27	4.89e-23	1.36e-19	6.93e-16	7.15e-13	2.63e-10	3.68e-08	2.54e-06	7.96e-05	1.20e-03	1.57e-02	3.45e-01	4.53e-01	1.85e-01
 2.54411e+22	0.00e+00	0.00e+00	0.00e+00	0.00e+00	1.22e-26	7.35e-23	1.94e-19	9.72e-16	9.76e-13	3.48e-10	4.70e-08	3.13e-06	9.42e-05	1.35e-03	1.69e-02	3.57e-01	4.49e-01	1.76e-01
 2.59772e+22	0.00e+00	0.00e+00	0.00e+00	0.00e+00	1.96e-26	1.12e-22	2.81e-19	1.38e-15	1.35e-12	4.65e-10	6.06e-08	3.89e-06	1.12e-04	1.54e-03	1.83e-02	3.70e-01	4.44e-01	1.66e-01
 2.64205e+22	0.00e+00	0.00e+00	0.00e+00	0.00e+00	2.88e-26	1.57e-22	3.79e-19	1.83e-15	1.75e-12	5.88e-10	7.43e-08	4.63e-06	1.29e-04	1.70e-03	1.95e-02	3.80e-01	4.40e-01	1.59e-01
 2.68789e+22	0.00e+00	0.00e+00	0.00e+00	0.00e+00	4.20e-26	2.20e-22	5.10e-19	2.43e-15	2.27e-12	7.42e-10	9.11e-08	5.50e-06	1.48e-04	1.88e-03	2.08e-02	3.90e-01	4.36e-01	1.52e-01
 2.74748e+22	0.00e+00	0.00e+00	0.00e+00	0.00e+00	6.81e-26	3.38e-22	7.43e-19	3.47e-15	3.15e-12	9.98e-10	1.18e-07	6.85e-06	1.76e-04	2.14e-03	2.25e-02	4.02e-01	4.30e-01	1.43e-01
 2.80891e+22	0.00e+00	0.00e+00	0.00e+00	0.00e+00	1.12e-25	5.25e-22	1.09e-18	5.00e-15	4.41e-12	1.35e-09	1.53e-07	8.56e-06	2.11e-04	2.43e-03	2.44e-02	4.15e-01	4.23e-01	1.34e-01
 2.85932e+22	0.00e+00	0.00e+00	0.00e+00	0.00e+00	1.66e-25	7.46e-22	1.49e-18	6.70e-15	5.77e-12	1.72e-09	1.89e-07	1.02e-05	2.43e-04	2.69e-03	2.59e-02	4.26e-01	4.18e-01	1.28e-01
 2.90347e+22	0.00e+00	0.00e+00	0.00e+00	0.00e+00	2.32e-25	1.01e-21	1.94e-18	8.60e-15	7.26e-12	2.12e-09	2.27e-07	1.19e-05	2.74e-04	2.94e-03	2.73e-02	4.34e-01	4.13e-01	1.22e-01
 2.95291e+22	0.00e+00	0.00e+00	0.00e+00	0.00e+00	3.35e-25	1.40e-21	2.58e-18	1.13e-14	9.33e-12	2.65e-09	2.75e-07	1.40e-05	3.13e-04	3.23e-03	2.89e-02	4.44e-01	4.07e-01	1.17e-01
 3.01718e+22	0.00e+00	0.00e+00	0.00e+00	6.80e-29	5.33e-25	2.11e-21	3.70e-18	1.59e-14	1.28e-11	3.52e-09	3.52e-07	1.73e-05	3.69e-04	3.63e-03	3.11e-02	4.56e-01	4.00e-01	1.10e-01
 3.08355e+22	0.00e+00	0.00e+00	0.00e+00	1.16e-28	8.62e-25	3.23e-21	5.38e-18	2.27e-14	1.78e-11	4.72e-09	4.54e-07	2.14e-05	4.37e-04	4.10e-03	3.34e-02	4.68e-01	3.92e-01	1.03e-01
 3.13795e+22	0.00e+00	0.00e+00	0.00e+00	1.77e-28	1.26e-24	4.54e-21	7.25e-18	3.02e-14	2.31e-11	5.96e-09	5.56e-07	2.53e-05	5.00e-04	4.51e-03	3.54e-02	4.77e-01	3.85e-01	9.73e-02
 3.19397e+22	0.00e+00	0.00e+00	0.00e+00	2.70e-28	1.85e-24	6.36e-21	9.75e-18	4.00e-14	2.99e-11	7.52e-09	6.80e-07	3.00e-05	5.71e-04	4.96e-03	3.74e-02	4.86e-01	3.79e-01	9.22e-02
 3.26680e+22	0.00e+00	0.00e+00	0.00e+00	4.59e-28	2.98e-24	9.72e-21	1.41e-17	5.70e-14	4.14e-11	1.01e-08	8.75e-07	3.71e-05	6.75e-04	5.59e-03	4.01e-02	4.98e-01	3.70e-01	8.60e-02
 3.34256e+22	0.00e+00	0.00e+00	0.00e+00	8.01e-28	4.92e-24	1.52e-20	2.09e-17	8.26e-14	5.82e-11	1.37e-08	1.14e-06	4.62e-05	8.04e-04	6.32e-03	4.31e-02	5.09e-01	3.61e-01	7.99e-02
 3.40459e+22	0.00e+00	0.00e+00	0.00e+00	1.25e-27	7.33e-24	2.16e-20	2.85e-17	1.11e-13	7.65e-11	1.74e-08	1.41e-06	5.51e-05	9.23e-04	6.97e-03	4.56e-02	5.18e-01	3.53e-01	7.53e-02
 3.46771e+22	0.00e+00	0.00e+00	0.00e+00	1.92e-27	1.08e-23	3.05e-20	3.85e-17	1.48e-13	9.97e-11	2.21e-08	1.73e-06	6.54e-05	1.06e-03	7.67e-03	4.81e-02	5.27e-01	3.45e-01	7.09e-02
 3.53498e+22	0.00e+00	0.00e+00	0.00e+00	3.05e-27	1.64e-23	4.41e-20	5.31e-17	2.02e-13	1.32e-10	2.85e-08	2.15e-06	7.85e-05	1.22e-03	8.48e-03	5.09e-02	5.36e-01	3.37e-01	6.65e-02
 3.59285e+22	0.00e+00	0.00e+00	0.00e+00	4.51e-27	2.33e-23	6.01e-20	6.96e-17	2.62e-13	1.68e-10	3.53e-08	2.58e-06	9.15e-05	1.37e-03	9.22e-03	5.34e-02	5.43e-01	3.30e-01	6.29e-02
 3.65329e+22	0.00e+00	0.00e+00	0.00e+00	6.66e-27	3.30e-23	8.20e-20	9.13e-17	3.39e-13	2.14e-10	4.38e-08	3.10e-06	1.07e-04	1.55e-03	1.00e-02	5.60e-02	5.50e-01	3.23e-01	5.95e-02
 3.73186e+22	0.00e+00	0.00e+00	0.00e+00	1.09e-26	5.15e-23	1.22e-19	1.29e-16	4.72e-13	2.90e-10	5.74e-08	3.92e-06	1.30e-04	1.80e-03	1.12e-02	5.94e-02	5.58e-01	3.14e-01	5.54e-02
 3.81156e+22	0.00e+00	0.00e+00	0.00e+00	1.82e-26	8.13e-23	1.82e-19	1.83e-16	6.62e-13	3.96e-10	7.59e-08	4.98e-06	1.58e-04	2.11e-03	1.24e-02	6.31e-02	5.66e-01	3.04e-01	5.13e-02
 3.87435e+22	0.00e+00	0.00e+00	0.00e+00	2.68e-26	1.16e-22	2.49e-19	2.40e-16	8.59e-13	5.03e-10	9.41e-08	5.99e-06	1.84e-04	2.37e-03	1.35e-02	6.60e-02	5.72e-01	2.97e-01	4.84e-02
 3.92570e+22	0.00e+00	0.00e+00	0.00e+00	3.66e-26	1.53e-22	3.18e-19	2.97e-16	1.06e-12	6.09e-10	1.12e-07	6.93e-06	2.08e-04	2.61e-03	1.44e-02	6.84e-02	5.77e-01	2.91e-01	4.62e-02
 3.98053e+22	0.00e+00	0.00e+00	0.00e+00	5.08e-26	2.05e-22	4.12e-19	3.72e-16	1.31e-12	7.44e-10	1.34e-07	8.09e-06	2.36e-04	2.88e-03	1.54e-02	7.10e-02	5.82e-01	2.85e-01	4.39e-02
 4.05181e+22	0.00e+00	0.00e+00	0.00e+00	7.59e-26	2.94e-22	5.67e-19	4.93e-16	1.72e-12	9.52e-10	1.66e-07	9.76e-06	2.76e-04	3.25e-03	1.68e-02	7.42e-02	5.87e-01	2.77e-01	4.12e-02
 4.12706e+22	0.00e+00	0.00e+00	0.00e+00	1.19e-25	4.39e-22	8.07e-19	6.68e-16	2.31e-12	1.26e-09	2.13e-07	1.21e-05	3.29e-04	3.72e-03	1.84e-02	7.80e-02	5.92e-01	2.69e-01	3.84e-02
 4.18864e+22	0.00e+00	0.00e+00	0.00e+00	1.69e-25	6.03e-22	1.07e-18	8.52e-16	2.93e-12	1.56e-09	2.59e-07	1.43e-05	3.78e-04	4.14e-03	1.98e-02	8.11e-02	5.96e-01	2.62e-01	3.62e-02
 4.24984e+22	0.00e+00	0.00e+00	0.00e+00	2.37e-25	8.14e-22	1.39e-18	1.07e-15	3.66e-12	1.92e-09	3.11e-07	1.67e-05	4.30e-04	4.58e-03	2.12e-02	8.41e-02	6.00e-01	2.56e-01	3.43e-02
 4.31560e+22	0.00e+00	0.00e+00	0.00e+00	3.41e-25	1.13e-21	1.86e-18	1.38e-15	4.67e-12	2.40e-09	3.81e-07	1.98e-05	4.96e-04	5.11e-03	2.29e-02	8.74e-02	6.03e-01	2.49e-01	3.23e-02
 4.37255e+22	0.00e+00	0.00e+00	0.00e+00	4.67e-25	1.49e-21	2.38e-18	1.70e-15	5.75e-12	2.91e-09	4.52e-07	2.30e-05	5.59e-04	5.61e-03	2.44e-02	9.04e-02	6.06e-01	2.43e-01	3.06e-02
 4.42378e+22	0.00e+00	0.00e+00	0.00e+00	6.11e-25	1.90e-21	2.94e-18	2.05e-15	6.88e-12	3.44e-09	5.24e-07	2.61e-05	6.20e-04	6.07e-03	2.57e-02	9.29e-02	6.08e-01	2.38e-01	2.92e-02
 4.48232e+22	0.00e+00	0.00e+00	7.10e-29	8.32e-25	2.51e-21	3.74e-18	2.52e-15	8.44e-12	4.16e-09	6.22e-07	3.02e-05	6.99e-04	6.66e-03	2.74e-02	9.59e-02	6.10e-01	2.32e-01	2.77e-02
 4.55841e+22	0.00e+00	0.00e+00	1.09e-28	1.22e-24	3.54e-21	5.07e-18	3.27e-15	1.09e-11	5.27e-09	7.69e-07	3.61e-05	8.11e-04	7.46e-03	2.96e-02	9.97e-02	6.12e-01	2.24e-01	2.59e-02
 4.63593e+22	0.00e+00	0.00e+00	1.70e-28	1.84e-24	5.08e-21	6.96e-18	4.30e-15	1.43e-11	6.76e-09	9.60e-07	4.37e-05	9.48e-04	8.41e-03	3.21e-02	1.04e-01	6.14e-01	2.17e-01	2.41e-02
 4.69692e+22	0.00e+00	0.00e+00	2.40e-28	2.51e-24	6.72e-21	8.89e-18	5.31e-15	1.75e-11	8.19e-09	1.14e-06	5.06e-05	1.07e-03	9.21e-03	3.41e-02	1.07e-01	6.15e-01	2.11e-01	2.28e-02
 4.75780e+22	0.00e+00	0.00e+00	3.34e-28	3.38e-24	8.77e-21	1.12e-17	6.49e-15	2.14e-11	9.85e-09	1.34e-06	5.82e-05	1.20e-03	1.01e-02	3.62e-02	1.10e-01	6.16e-01	2.05e-01	2.16e-02
 4.82552e+22	0.00e+00	0.00e+00	4.84e-28	4.73e-24	1.18e-20	1.46e-17	8.12e-15	2.67e-11	1.21e-08	1.62e-06	6.81e-05	1.36e-03	1.11e-02	3.86e-02	1.14e-01	6.16e-01	1.99e-01	2.03e-02
 4.88749e+22	0.00e+00	0.00e+00	6.78e-28	6.41e-24	1.55e-20	1.85e-17	9.94e-15	3.26e-11	1.46e-08	1.91e-06	7.85e-05	1.53e-03	1.21e-02	4.10e-02	1.17e-01	6.16e-01	1.93e-01	1.92e-02
 4.94390e+22	0.00e+00	0.00e+00	9.16e-28	8.41e-24	1.97e-20	2.28e-17	1.19e-14	3.91e-11	1.73e-08	2.22e-06	8.92e-05	1.70e-03	1.31e-02	4.32e-02	1.20e-01	6.16e-01	1.88e-01	1.82e-02
 5.00767e+22	0.00e+00	0.00e+00	1.26e-27	1.12e-23	2.56e-20	2.86e-17	1.45e-14	4.74e-11	2.06e-08	2.60e-06	1.02e-04	1.89e-03	1.43e-02	4.56e-02	1.23e-01	6.15e-01	1.83e-01	1.72e-02
 5.09058e+22	0.00e+00	0.00e+00	1.93e-27	1.65e-23	3.59e-20	3.84e-17	1.86e-14	6.09e-11	2.61e-08	3.21e-06	1.22e-04	2.19e-03	1.59e-02	4.91e-02	1.27e-01	6.13e-01	1.76e-01	1.60e-02
 5.17348e+22	0.00e+00	0.00e+00	2.98e-27	2.44e-23	5.09e-20	5.21e-17	2.41e-14	7.89e-11	3.32e-08	3.99e-06	1.47e-04	2.54e-03	1.78e-02	5.29e-02	1.32e-01	6.11e-01	1.69e-01	1.48e-02
 5.23670e+22	0.00e+00	0.00e+00	4.12e-27	3.27e-23	6.59e-20	6.53e-17	2.92e-14	9.56e-11	3.97e-08	4.68e-06	1.68e-04	2.84e-03	1.94e-02	5.58e-02	1.35e-01	6.09e-01	1.64e-01	1.39e-02
 5.29922e+22	0.00e+00	0.00e+00	5.59e-27	4.30e-23	8.42e-20	8.08e-17	3.50e-14	1.15e-10	4.70e-08	5.45e-06	1.91e-04	3.15e-03	2.10e-02	5.88e-02	1.38e-01	6.07e-01	1.59e-01	1.31e-02
 5.38049e+22	0.00e+00	0.00e+00	8.25e-27	6.11e-23	1.15e-19	1.06e-16	4.40e-14	1.44e-10	5.83e-08	6.60e-06	2.25e-04	3.59e-03	2.32e-02	6.27e-02	1.42e-01	6.04e-01	1.53e-01	1.22e-02
 5.46335e+22	0.00e+00	0.00e+00	1.25e-26	8.86e-23	1.60e-19	1.41e-16	5.60e-14	1.84e-10	7.32e-08	8.10e-06	2.68e-04	4.13e-03	2.57e-02	6.71e-02	1.46e-01	6.00e-01	1.46e-01	1.13e-02
 5.52852e+22	0.00e+00	0.00e+00	1.71e-26	1.18e-22	2.06e-19	1.75e-16	6.74e-14	2.22e-10	8.72e-08	9.48e-06	3.06e-04	4.60e-03	2.79e-02	7.07e-02	1.49e-01	5.96e-01	1.41e-01	1.06e-02
 5.59351e+22	0.00e+00	0.00e+00	2.33e-26	1.56e-22	2.63e-19	2.16e-16	8.05e-14	2.66e-10	1.03e-07	1.10e-05	3.48e-04	5.10e-03	3.01e-02	7.43e-02	1.52e-01	5.92e-01	1.36e-01	9.95e-03
 5.67799e+22	0.00e+00	0.00e+00	3.40e-26	2.19e-22	3.55e-19	2.81e-16	1.00e-13	3.31e-10	1.27e-07	1.33e-05	4.07e-04	5.78e-03	3.31e-02	7.88e-02	1.56e-01	5.86e-01	1.31e-01	9.22e-03
 5.76562e+22	0.00e+00	0.00e+00	5.15e-26	3.17e-22	4.94e-19	3.73e-16	1.27e-13	4.22e-10	1.59e-07	1.63e-05	4.83e-04	6.63e-03	3.67e-02	8.41e-02	1.60e-01	5.80e-01	1.24e-01	8.46e-03
 5.83577e+22	0.00e+00	0.00e+00	7.21e-26	4.29e-22	6.44e-19	4.69e-16	1.54e-13	5.13e-10	1.91e-07	1.92e-05	5.55e-04	7.41e-03	3.98e-02	8.86e-02	1.63e-01	5.74e-01	1.19e-01	7.88e-03
 5.89537e+22	0.00e+00	0.00e+00	9.36e-26	5.43e-22	7.93e-19	5.61e-16	1.79e-13	5.96e-10	2.20e-07	2.18e-05	6.17e-04	8.07e-03	4.24e-02	9.22e-02	1.65e-01	5.69e-01	1.16e-01	7.45e-03
 5.96283e+22	0.00e+00	0.00e+00	1.26e-25	7.07e-22	1.00e-18	6.86e-16	2.12e-13	7.07e-10	2.58e-07	2.51e-05	6.97e-04	8.89e-03	4.56e-02	9.64e-02	1.68e-01	5.63e-01	1.11e-01	6.98e-03
 6.05053e+22	0.00e+00	0.00e+00	1.83e-25	9.90e-22	1.35e-18	8.85e-16	2.62e-13	8.77e-10	3.16e-07	3.01e-05	8.12e-04	1.00e-02	4.98e-02	1.02e-01	1.71e-01	5.54e-01	1.06e-01	6.42e-03
 6.14285e+22	0.00e+00	0.00e+00	2.76e-25	1.43e-21	1.86e-18	1.17e-15	3.31e-13	1.11e-09	3.94e-07	3.67e-05	9.59e-04	1.14e-02	5.49e-02	1.08e-01	1.74e-01	5.45e-01	1.00e-01	5.85e-03
 6.21921e+22	0.00e+00	0.00e+00	3.90e-25	1.95e-21	2.44e-18	1.47e-15	4.01e-13	1.35e-09	4.73e-07	4.34e-05	1.10e-03	1.28e-02	5.95e-02	1.13e-01	1.77e-01	5.36e-01	9.53e-02	5.39e-03
 6.28504e+22	0.00e+00	0.00e+00	5.11e-25	2.48e-21	3.03e-18	1.77e-15	4.68e-13	1.57e-09	5.46e-07	4.93e-05	1.23e-03	1.39e-02	6.33e-02	1.18e-01	1.79e-01	5.28e-01	9.17e-02	5.06e-03
 6.35913e+22	0.00e+00	0.00e+00	6.93e-25	3.26e-21	3.85e-18	2.18e-15	5.55e-13	1.86e-09	6.41e-07	5.70e-05	1.39e-03	1.53e-02	6.79e-02	1.23e-01	1.81e-01	5.20e-01	8.76e-02	4.70e-03
 6.45545e+22	0.00e+00	0.00e+00	1.02e-24	4.60e-21	5.20e-18	2.82e-15	6.87e-13	2.30e-09	7.83e-07	6.82e-05	1.61e-03	1.72e-02	7.40e-02	1.29e-01	1.83e-01	5.08e-01	8.26e-02	4.28e-03
 6.55775e+22	0.00e+00	0.00e+00	1.55e-24	6.72e-21	7.26e-18	3.74e-15	8.70e-13	2.90e-09	9.75e-07	8.31e-05	1.90e-03	1.96e-02	8.12e-02	1.36e-01	1.85e-01	4.95e-01	7.72e-02	3.84e-03
 6.64371e+22	0.00e+00	1.23e-28	2.22e-24	9.24e-21	9.61e-18	4.75e-15	1.06e-12	3.52e-09	1.17e-06	9.80e-05	2.19e-03	2.18e-02	8.76e-02	1.42e-01	1.87e-01	4.83e-01	7.28e-02	3.50e-03
 6.71849e+22	0.00e+00	1.72e-28	3.00e-24	1.21e-20	1.22e-17	5.82e-15	1.25e-12	4.15e-09	1.36e-06	1.13e-04	2.46e-03	2.39e-02	9.35e-02	1.48e-01	1.88e-01	4.72e-01	6.92e-02	3.23e-03
 6.80282e+22	0.00e+00	2.40e-28	4.07e-24	1.59e-20	1.55e-17	7.16e-15	1.49e-12	4.90e-09	1.59e-06	1.29e-04	2.76e-03	2.61e-02	9.96e-02	1.53e-01	1.89e-01	4.61e-01	6.56e-02	2.97e-03
 6.91244e+22	0.00e+00	3.74e-28	6.09e-24	2.28e-20	2.13e-17	9.37e-15	1.86e-12	6.06e-09	1.94e-06	1.55e-04	3.21e-03	2.93e-02	1.08e-01	1.60e-01	1.90e-01	4.46e-01	6.10e-02	2.66e-03
 7.02949e+22	0.00e+00	6.06e-28	9.44e-24	3.38e-20	3.01e-17	1.26e-14	2.37e-12	7.64e-09	2.41e-06	1.88e-04	3.77e-03	3.32e-02	1.18e-01	1.67e-01	1.90e-01	4.30e-01	5.62e-02	2.35e-03
 7.12444e+22	0.00e+00	9.06e-28	1.36e-23	4.69e-20	4.01e-17	1.61e-14	2.90e-12	9.23e-09	2.88e-06	2.21e-04	4.31e-03	3.67e-02	1.26e-01	1.73e-01	1.90e-01	4.15e-01	5.24e-02	2.11e-03
 7.19918e+22	0.00e+00	1.22e-27	1.79e-23	5.99e-20	4.97e-17	1.93e-14	3.37e-12	1.06e-08	3.29e-06	2.49e-04	4.76e-03	3.96e-02	1.33e-01	1.78e-01	1.90e-01	4.04e-01	4.96e-02	1.95e-03
 7.27937e+22	0.00e+00	1.63e-27	2.32e-23	7.58e-20	6.12e-17	2.31e-14	3.90e-12	1.22e-08	3.73e-06	2.79e-04	5.23e-03	4.24e-02	1.39e-01	1.82e-01	1.89e-01	3.93e-01	4.70e-02	1.80e-03
 7.38362e+22	0.00e+00	2.38e-27	3.28e-23	1.03e-19	8.02e-17	2.91e-14	4.72e-12	1.45e-08	4.38e-06	3.22e-04	5.90e-03	4.64e-02	1.48e-01	1.87e-01	1.88e-01	3.78e-01	4.37e-02	1.62e-03
 7.49865e+22	0.00e+00	3.63e-27	4.80e-23	1.45e-19	1.08e-16	3.76e-14	5.84e-12	1.75e-08	5.24e-06	3.78e-04	6.74e-03	5.12e-02	1.58e-01	1.93e-01	1.87e-01	3.62e-01	4.02e-02	1.43e-03
 7.60270e+22	0.00e+00	5.29e-27	6.76e-23	1.98e-19	1.42e-16	4.74e-14	7.07e-12	2.08e-08	6.13e-06	4.36e-04	7.57e-03	5.59e-02	1.67e-01	1.98e-01	1.85e-01	3.47e-01	3.73e-02	1.28e-03
 7.69712e+22	0.00e+00	7.37e-27	9.15e-23	2.59e-19	1.81e-16	5.81e-14	8.37e-12	2.41e-08	7.04e-06	4.94e-04	8.39e-03	6.02e-02	1.76e-01	2.02e-01	1.83e-01	3.34e-01	3.47e-02	1.16e-03
 7.80403e+22	0.00e+00	1.03e-26	1.24e-22	3.42e-19	2.31e-16	7.17e-14	9.95e-12	2.81e-08	8.09e-06	5.59e-04	9.29e-03	6.48e-02	1.84e-01	2.05e-01	1.81e-01	3.21e-01	3.23e-02	1.04e-03
 7.94300e+22	0.00e+00	1.59e-26	1.84e-22	4.86e-19	3.15e-16	9.34e-14	1.24e-11	3.40e-08	9.63e-06	6.54e-04	1.06e-02	7.11e-02	1.95e-01	2.10e-01	1.78e-01	3.04e-01	2.94e-02	9.12e-04
 8.08906e+22	0.00e+00	2.53e-26	2.81e-22	7.13e-19	4.41e-16	1.25e-13	1.58e-11	4.18e-08	1.16e-05	7.73e-04	1.21e-02	7.84e-02	2.08e-01	2.14e-01	1.75e-01	2.86e-01	2.64e-02	7.84e-04
 8.20962e+22	0.00e+00	3.69e-26	3.98e-22	9.73e-19	5.81e-16	1.58e-13	1.91e-11	4.93e-08	1.35e-05	8.84e-04	1.35e-02	8.47e-02	2.17e-01	2.17e-01	1.71e-01	2.71e-01	2.41e-02	6.91e-04
 8.31523e+22	0.00e+00	5.03e-26	5.28e-22	1.26e-18	7.28e-16	1.92e-13	2.25e-11	5.64e-08	1.53e-05	9.86e-04	1.48e-02	9.00e-02	2.26e-01	2.19e-01	1.68e-01	2.59e-01	2.24e-02	6.22e-04
 8.43612e+22	0.00e+00	6.91e-26	7.05e-22	1.63e-18	9.17e-16	2.34e-13	2.65e-11	6.49e-08	1.73e-05	1.10e-03	1.61e-02	9.57e-02	2.34e-01	2.21e-01	1.65e-01	2.46e-01	2.07e-02	5.58e-04
 8.59328e+22	0.00e+00	1.03e-25	1.02e-21	2.27e-18	1.23e-15	3.01e-13	3.27e-11	7.73e-08	2.02e-05	1.26e-03	1.80e-02	1.03e-01	2.44e-01	2.22e-01	1.60e-01	2.31e-01	1.86e-02	4.83e-04
 8.75692e+22	0.00e+00	1.61e-25	1.52e-21	3.27e-18	1.70e-15	3.97e-13	4.11e-11	9.35e-08	2.40e-05	1.47e-03	2.03e-02	1.12e-01	2.55e-01	2.24e-01	1.55e-01	2.15e-01	1.66e-02	4.12e-04
 8.88574e+22	0.00e+00	2.28e-25	2.10e-21	4.36e-18	2.19e-15	4.94e-13	4.93e-11	1.09e-07	2.74e-05	1.65e-03	2.23e-02	1.19e-01	2.64e-01	2.24e-01	1.51e-01	2.03e-01	1.51e-02	3.62e-04
 8.99036e+22	0.00e+00	2.90e-25	2.62e-21	5.33e-18	2.62e-15	5.76e-13	5.61e-11	1.21e-07	3.01e-05	1.79e-03	2.38e-02	1.24e-01	2.70e-01	2.24e-01	1.48e-01	1.94e-01	1.41e-02	3.31e-04
 9.10677e+22	0.00e+00	3.79e-25	3.34e-21	6.64e-18	3.19e-15	6.81e-13	6.45e-11	1.35e-07	3.33e-05	1.95e-03	2.55e-02	1.30e-01	2.76e-01	2.24e-01	1.44e-01	1.85e-01	1.31e-02	2.99e-04
 9.25810e+22	0.00e+00	5.24e-25	4.50e-21	8.69e-18	4.04e-15	8.37e-13	7.66e-11	1.56e-07	3.76e-05	2.17e-03	2.77e-02	1.37e-01	2.83e-01	2.23e-01	1.40e-01	1.74e-01	1.19e-02	2.63e-04
 9.45483e+22	0.00e+00	7.85e-25	6.51e-21	1.21e-17	5.45e-15	1.08e-12	9.48e-11	1.85e-07	4.37e-05	2.47e-03	3.07e-02	1.47e-01	2.92e-01	2.22e-01	1.34e-01	1.61e-01	1.06e-02	2.24e-04
 9.65555e+22	0.00e+00	1.22e-24	9.75e-21	1.75e-17	7.54e-15	1.43e-12	1.20e-10	2.24e-07	5.15e-05	2.84e-03	3.42e-02	1.57e-01	3.02e-01	2.20e-01	1.28e-01	1.47e-01	9.26e-03	1.88e-04
 9.81094e+22	0.00e+00	1.70e-24	1.32e-20	2.31e-17	9.64e-15	1.77e-12	1.43e-10	2.58e-07	5.83e-05	3.16e-03	3.71e-02	1.65e-01	3.08e-01	2.18e-01	1.23e-01	1.37e-01	8.35e-03	1.64e-04
 9.96243e+22	0.00e+00	2.23e-24	1.70e-20	2.90e-17	1.18e-14	2.11e-12	1.65e-10	2.90e-07	6.45e-05	3.44e-03	3.96e-02	1.72e-01	3.13e-01	2.16e-01	1.19e-01	1.30e-01	7.65e-03	1.46e-04
 1.01594e+23	0.00e+00	3.14e-24	2.33e-20	3.85e-17	1.52e-14	2.62e-12	1.99e-10	3.36e-07	7.31e-05	3.82e-03	4.29e-02	1.80e-01	3.19e-01	2.13e-01	1.14e-01	1.20e-01	6.85e-03	1.26e-04
 1.03813e+23	0.00e+00	4.66e-24	3.34e-20	5.35e-17	2.04e-14	3.37e-12	2.45e-10	3.99e-07	8.45e-05	4.31e-03	4.71e-02	1.90e-01	3.25e-01	2.09e-01	1.08e-01	1.10e-01	6.02e-03	1.06e-04
 1.05728e+23	0.00e+00	6.65e-24	4.63e-20	7.18e-17	2.65e-14	4.23e-12	2.97e-10	4.64e-07	9.61e-05	4.80e-03	5.11e-02	1.99e-01	3.30e-01	2.05e-01	1.03e-01	1.01e-01	5.33e-03	9.07e-05
 1.07206e+23	0.00e+00	8.49e-24	5.80e-20	8.81e-17	3.18e-14	4.96e-12	3.39e-10	5.16e-07	1.05e-04	5.17e-03	5.40e-02	2.05e-01	3.33e-01	2.03e-01	9.94e-02	9.57e-02	4.91e-03	8.13e-05
 1.08747e+23	0.00e+00	1.07e-23	7.18e-20	1.07e-16	3.78e-14	5.75e-12	3.84e-10	5.71e-07	1.14e-04	5.54e-03	5.68e-02	2.11e-01	3.35e-01	2.00e-01	9.60e-02	9.05e-02	4.53e-03	7.32e-05
 1.10750e+23	0.00e+00	1.42e-23	9.28e-20	1.35e-16	4.65e-14	6.89e-12	4.47e-10	6.44e-07	1.27e-04	6.02e-03	6.04e-02	2.18e-01	3.38e-01	1.96e-01	9.20e-02	8.46e-02	4.11e-03	6.45e-05
 1.13354e+23	0.00e+00	2.03e-23	1.29e-19	1.82e-16	6.08e-14	8.68e-12	5.43e-10	7.52e-07	1.44e-04	6.69e-03	6.53e-02	2.28e-01	3.41e-01	1.91e-01	8.69e-02	7.72e-02	3.61e-03	5.45e-05
 1.16061e+23	0.00e+00	3.01e-23	1.86e-19	2.54e-16	8.17e-14	1.12e-11	6.73e-10	8.92e-07	1.66e-04	7.51e-03	7.10e-02	2.38e-01	3.44e-01	1.85e-01	8.14e-02	6.97e-02	3.12e-03	4.52e-05
 1.18237e+23	0.00e+00	4.09e-23	2.46e-19	3.28e-16	1.03e-13	1.37e-11	7.95e-10	1.02e-06	1.85e-04	8.20e-03	7.57e-02	2.46e-01	3.45e-01	1.81e-01	7.73e-02	6.43e-02	2.79e-03	3.91e-05
 1.20399e+23	0.00e+00	5.30e-23	3.13e-19	4.07e-16	1.25e-13	1.62e-11	9.16e-10	1.14e-06	2.03e-04	8.84e-03	7.98e-02	2.52e-01	3.46e-01	1.76e-01	7.38e-02	6.00e-02	2.53e-03	3.44e-05
 1.23210e+23	0.00e+00	7.26e-23	4.18e-19	5.30e-16	1.58e-13	1.98e-11	1.09e-09	1.31e-06	2.27e-04	9.66e-03	8.50e-02	2.60e-01	3.46e-01	1.71e-01	6.98e-02	5.51e-02	2.24e-03	2.95e-05
 1.26864e+23	0.00e+00	1.06e-22	5.95e-19	7.30e-16	2.10e-13	2.54e-11	1.34e-09	1.54e-06	2.60e-04	1.08e-02	9.17e-02	2.70e-01	3.46e-01	1.65e-01	6.50e-02	4.95e-02	1.93e-03	2.44e-05
 1.30630e+23	0.00e+00	1.65e-22	8.92e-19	1.05e-15	2.92e-13	3.38e-11	1.70e-09	1.87e-06	3.04e-04	1.22e-02	9.98e-02	2.80e-01	3.45e-01	1.57e-01	5.97e-02	4.36e-02	1.62e-03	1.96e-05
 1.33543e+23	0.00e+00	2.30e-22	1.21e-18	1.39e-15	3.74e-13	4.20e-11	2.05e-09	2.16e-06	3.42e-04	1.33e-02	1.06e-01	2.88e-01	3.44e-01	1.52e-01	5.58e-02	3.96e-02	1.42e-03	1.65e-05
 1.35821e+23	0.00e+00	2.87e-22	1.49e-18	1.68e-15	4.42e-13	4.85e-11	2.31e-09	2.38e-06	3.69e-04	1.41e-02	1.11e-01	2.93e-01	3.42e-01	1.48e-01	5.34e-02	3.71e-02	1.30e-03	1.47e-05
 1.38273e+23	0.00e+00	3.59e-22	1.82e-18	2.02e-15	5.22e-13	5.61e-11	2.61e-09	2.62e-06	3.99e-04	1.50e-02	1.15e-01	2.98e-01	3.41e-01	1.44e-01	5.10e-02	3.47e-02	1.18e-03	1.31e-05
 1.41461e+23	0.00e+00	4.66e-22	2.32e-18	2.52e-15	6.35e-13	6.64e-11	3.01e-09	2.94e-06	4.37e-04	1.61e-02	1.21e-01	3.04e-01	3.38e-01	1.39e-01	4.82e-02	3.20e-02	1.06e-03	1.14e-05
 1.45605e+23	0.00e+00	6.38e-22	3.10e-18	3.28e-15	8.03e-13	8.15e-11	3.58e-09	3.37e-06	4.88e-04	1.75e-02	1.28e-01	3.10e-01	3.35e-01	1.34e-01	4.50e-02	2.91e-02	9.31e-04	9.68e-06
 1.50281e+23	0.00e+00	9.20e-22	4.34e-18	4.45e-15	1.06e-12	1.03e-10	4.37e-09	3.95e-06	5.54e-04	1.93e-02	1.36e-01	3.18e-01	3.31e-01	1.27e-01	4.15e-02	2.59e-02	7.98e-04	7.96e-06
 1.54623e+23	0.00e+00	1.29e-21	5.94e-18	5.92e-15	1.36e-12	1.29e-10	5.27e-09	4.58e-06	6.23e-04	2.11e-02	1.44e-01	3.24e-01	3.27e-01	1.21e-01	3.84e-02	2.33e-02	6.89e-04	6.62e-06
 1.58544e+23	0.00e+00	1.69e-21	7.59e-18	7.39e-15	1.66e-12	1.53e-10	6.10e-09	5.14e-06	6.82e-04	2.25e-02	1.51e-01	3.29e-01	3.23e-01	1.17e-01	3.61e-02	2.14e-02	6.14e-04	5.73e-06
 1.62947e+23	0.00e+00	2.21e-21	9.75e-18	9.28e-15	2.04e-12	1.83e-10	7.07e-09	5.78e-06	7.48e-04	2.42e-02	1.57e-01	3.33e-01	3.19e-01	1.12e-01	3.39e-02	1.95e-02	5.44e-04	4.92e-06
 1.68670e+23	0.00e+00	2.98e-21	1.28e-17	1.19e-14	2.54e-12	2.22e-10	8.33e-09	6.58e-06	8.28e-04	2.60e-02	1.65e-01	3.38e-01	3.14e-01	1.07e-01	3.15e-02	1.77e-02	4.77e-04	4.17e-06
 1.75405e+23	0.00e+00	4.25e-21	1.78e-17	1.60e-14	3.31e-12	2.79e-10	1.01e-08	7.67e-06	9.34e-04	2.84e-02	1.74e-01	3.43e-01	3.07e-01	1.01e-01	2.89e-02	1.57e-02	4.07e-04	3.42e-06
 1.81943e+23	0.00e+00	6.09e-21	2.48e-17	2.17e-14	4.34e-12	3.52e-10	1.23e-08	8.96e-06	1.05e-03	3.11e-02	1.84e-01	3.48e-01	3.00e-01	9.49e-02	2.63e-02	1.39e-02	3.45e-04	2.78e-06
 1.87612e+23	0.00e+00	8.10e-21	3.22e-17	2.75e-14	5.36e-12	4.23e-10	1.44e-08	1.01e-05	1.16e-03	3.33e-02	1.92e-01	3.51e-01	2.95e-01	9.04e-02	2.45e-02	1.26e-02	3.03e-04	2.37e-06
 1.93661e+23	0.00e+00	9.93e-21	3.88e-17	3.25e-14	6.24e-12	4.82e-10	1.60e-08	1.11e-05	1.24e-03	3.50e-02	1.97e-01	3.54e-01	2.90e-01	8.73e-02	2.32e-02	1.17e-02	2.75e-04	2.11e-06
 2.01084e+23	0.00e+00	1.27e-20	4.86e-17	3.99e-14	7.48e-12	5.65e-10	1.83e-08	1.23e-05	1.35e-03	3.71e-02	2.04e-01	3.56e-01	2.85e-01	8.35e-02	2.17e-02	1.07e-02	2.45e-04	1.83e-06
 2.09251e+23	0.00e+00	1.66e-20	6.23e-17	5.00e-14	9.15e-12	6.72e-10	2.12e-08	1.38e-05	1.47e-03	3.95e-02	2.12e-01	3.58e-01	2.79e-01	7.95e-02	2.02e-02	9.73e-03	2.16e-04	1.56e-06
 2.17744e+23	0.00e+00	2.11e-20	7.76e-17	6.10e-14	1.09e-11	7.83e-10	2.41e-08	1.53e-05	1.59e-03	4.18e-02	2.19e-01	3.60e-01	2.74e-01	7.60e-02	1.89e-02	8.93e-03	1.93e-04	1.36e-06
