#depth	Si	Si+	Si+2	Si+3	Si+4	Si+5	Si+6	Si+7	Si+8	Si+9	Si+10	Si+11	Si+12	Si+13	Si+14
 6.17135e+19	0.00e+00	0.00e+00	0.00e+00	0.00e+00	0.00e+00	0.00e+00	0.00e+00	1.88e-27	9.99e-23	2.33e-18	3.59e-14	3.35e-10	6.42e-06	4.80e-03	9.95e-01
 1.87609e+20	0.00e+00	0.00e+00	0.00e+00	0.00e+00	0.00e+00	0.00e+00	0.00e+00	3.26e-27	1.60e-22	3.45e-18	4.92e-14	4.25e-10	7.51e-06	5.19e-03	9.95e-01
 3.18540e+20	0.00e+00	0.00e+00	0.00e+00	0.00e+00	0.00e+00	0.00e+00	0.00e+00	5.66e-27	2.57e-22	5.11e-18	6.73e-14	5.37e-10	8.78e-06	5.61e-03	9.94e-01
 4.54709e+20	0.00e+00	0.00e+00	0.00e+00	0.00e+00	0.00e+00	0.00e+00	0.00e+00	9.81e-27	4.12e-22	7.57e-18	9.21e-14	6.79e-10	1.03e-05	6.07e-03	9.94e-01
 5.86273e+20	0.00e+00	0.00e+00	0.00e+00	0.00e+00	0.00e+00	0.00e+00	0.00e+00	1.63e-26	6.37e-22	1.09e-17	1.23e-13	8.44e-10	1.19e-05	6.53e-03	9.93e-01
 7.07693e+20	0.00e+00	0.00e+00	0.00e+00	0.00e+00	0.00e+00	0.00e+00	0.00e+00	2.58e-26	9.42e-22	1.51e-17	1.60e-13	1.03e-09	1.35e-05	6.96e-03	9.93e-01
 8.44020e+20	0.00e+00	0.00e+00	0.00e+00	0.00e+00	0.00e+00	0.00e+00	4.33e-31	4.23e-26	1.44e-21	2.15e-17	2.12e-13	1.27e-09	1.56e-05	7.47e-03	9.93e-01
 1.00121e+21	0.00e+00	0.00e+00	0.00e+00	0.00e+00	0.00e+00	0.00e+00	8.14e-31	7.36e-26	2.31e-21	3.19e-17	2.90e-13	1.61e-09	1.82e-05	8.08e-03	9.92e-01
 1.15077e+21	0.00e+00	0.00e+00	0.00e+00	0.00e+00	0.00e+00	0.00e+00	1.45e-30	1.22e-25	3.57e-21	4.58e-17	3.88e-13	1.99e-09	2.10e-05	8.68e-03	9.91e-01
 1.28715e+21	0.00e+00	0.00e+00	0.00e+00	0.00e+00	0.00e+00	0.00e+00	2.42e-30	1.91e-25	5.24e-21	6.30e-17	5.00e-13	2.41e-09	2.39e-05	9.25e-03	9.91e-01
 1.44114e+21	0.00e+00	0.00e+00	0.00e+00	0.00e+00	0.00e+00	0.00e+00	4.24e-30	3.12e-25	7.97e-21	8.94e-17	6.61e-13	2.97e-09	2.75e-05	9.91e-03	9.90e-01
 1.62045e+21	0.00e+00	0.00e+00	0.00e+00	0.00e+00	0.00e+00	0.00e+00	7.96e-30	5.41e-25	1.28e-20	1.32e-16	9.05e-13	3.76e-09	3.21e-05	1.07e-02	9.89e-01
 1.78040e+21	0.00e+00	0.00e+00	0.00e+00	0.00e+00	0.00e+00	0.00e+00	1.37e-29	8.68e-25	1.92e-20	1.86e-16	1.19e-12	4.60e-09	3.67e-05	1.15e-02	9.89e-01
 1.90772e+21	0.00e+00	0.00e+00	0.00e+00	0.00e+00	0.00e+00	0.00e+00	2.08e-29	1.25e-24	2.63e-20	2.41e-16	1.46e-12	5.38e-09	4.08e-05	1.21e-02	9.88e-01
 2.04491e+21	0.00e+00	0.00e+00	0.00e+00	0.00e+00	0.00e+00	0.00e+00	3.24e-29	1.84e-24	3.66e-20	3.18e-16	1.82e-12	6.34e-09	4.55e-05	1.27e-02	9.87e-01
 2.22327e+21	0.00e+00	0.00e+00	0.00e+00	0.00e+00	0.00e+00	0.00e+00	5.67e-29	3.01e-24	5.57e-20	4.51e-16	2.40e-12	7.81e-09	5.22e-05	1.36e-02	9.86e-01
 2.40900e+21	0.00e+00	0.00e+00	0.00e+00	0.00e+00	0.00e+00	0.00e+00	9.96e-29	4.92e-24	8.49e-20	6.41e-16	3.18e-12	9.63e-09	6.01e-05	1.46e-02	9.85e-01
 2.56604e+21	0.00e+00	0.00e+00	0.00e+00	0.00e+00	0.00e+00	0.00e+00	1.58e-28	7.37e-24	1.20e-19	8.54e-16	4.00e-12	1.14e-08	6.73e-05	1.55e-02	9.84e-01
 2.73193e+21	0.00e+00	0.00e+00	0.00e+00	0.00e+00	0.00e+00	0.00e+00	2.54e-28	1.12e-23	1.71e-19	1.15e-15	5.07e-12	1.37e-08	7.57e-05	1.64e-02	9.84e-01
 2.91918e+21	0.00e+00	0.00e+00	0.00e+00	0.00e+00	0.00e+00	0.00e+00	4.30e-28	1.77e-23	2.54e-19	1.59e-15	6.58e-12	1.66e-08	8.62e-05	1.75e-02	9.82e-01
 3.09772e+21	0.00e+00	0.00e+00	0.00e+00	0.00e+00	0.00e+00	0.00e+00	6.98e-28	2.70e-23	3.65e-19	2.16e-15	8.37e-12	1.99e-08	9.72e-05	1.86e-02	9.81e-01
 3.29335e+21	0.00e+00	0.00e+00	0.00e+00	0.00e+00	0.00e+00	0.00e+00	1.17e-27	4.25e-23	5.38e-19	2.98e-15	1.08e-11	2.41e-08	1.10e-04	1.98e-02	9.80e-01
 3.50873e+21	0.00e+00	0.00e+00	0.00e+00	0.00e+00	0.00e+00	0.00e+00	2.04e-27	6.91e-23	8.16e-19	4.22e-15	1.43e-11	2.96e-08	1.27e-04	2.12e-02	9.79e-01
 3.70222e+21	0.00e+00	0.00e+00	0.00e+00	0.00e+00	0.00e+00	0.00e+00	3.31e-27	1.05e-22	1.17e-18	5.70e-15	1.81e-11	3.54e-08	1.43e-04	2.24e-02	9.77e-01
 3.86407e+21	0.00e+00	0.00e+00	0.00e+00	0.00e+00	0.00e+00	0.00e+00	4.92e-27	1.49e-22	1.58e-18	7.29e-15	2.21e-11	4.10e-08	1.57e-04	2.35e-02	9.76e-01
 4.03235e+21	0.00e+00	0.00e+00	0.00e+00	0.00e+00	0.00e+00	0.00e+00	7.39e-27	2.12e-22	2.14e-18	9.39e-15	2.70e-11	4.76e-08	1.74e-04	2.47e-02	9.75e-01
 4.25112e+21	0.00e+00	0.00e+00	0.00e+00	0.00e+00	0.00e+00	0.00e+00	1.23e-26	3.31e-22	3.12e-18	1.29e-14	3.47e-11	5.74e-08	1.97e-04	2.63e-02	9.73e-01
 4.47480e+21	0.00e+00	0.00e+00	0.00e+00	0.00e+00	0.00e+00	0.00e+00	2.04e-26	5.17e-22	4.58e-18	1.77e-14	4.46e-11	6.94e-08	2.23e-04	2.80e-02	9.72e-01
 4.65243e+21	0.00e+00	0.00e+00	0.00e+00	0.00e+00	0.00e+00	3.56e-31	3.08e-26	7.39e-22	6.21e-18	2.28e-14	5.46e-11	8.06e-08	2.47e-04	2.94e-02	9.70e-01
 4.83089e+21	0.00e+00	0.00e+00	0.00e+00	0.00e+00	0.00e+00	5.52e-31	4.54e-26	1.04e-21	8.32e-18	2.91e-14	6.63e-11	9.31e-08	2.71e-04	3.08e-02	9.69e-01
 5.06289e+21	0.00e+00	0.00e+00	0.00e+00	0.00e+00	0.00e+00	9.65e-31	7.45e-26	1.60e-21	1.21e-17	3.97e-14	8.47e-11	1.12e-07	3.06e-04	3.27e-02	9.67e-01
 5.30279e+21	0.00e+00	0.00e+00	0.00e+00	0.00e+00	0.00e+00	1.70e-30	1.23e-25	2.49e-21	1.76e-17	5.43e-14	1.09e-10	1.35e-07	3.46e-04	3.47e-02	9.65e-01
 5.49696e+21	0.00e+00	0.00e+00	0.00e+00	0.00e+00	0.00e+00	2.71e-30	1.86e-25	3.56e-21	2.39e-17	7.01e-14	1.33e-10	1.57e-07	3.83e-04	3.65e-02	9.63e-01
 5.66734e+21	0.00e+00	0.00e+00	0.00e+00	0.00e+00	0.00e+00	4.02e-30	2.64e-25	4.84e-21	3.11e-17	8.74e-14	1.58e-10	1.78e-07	4.17e-04	3.80e-02	9.62e-01
 5.83554e+21	0.00e+00	0.00e+00	0.00e+00	0.00e+00	0.00e+00	5.90e-30	3.71e-25	6.51e-21	4.01e-17	1.08e-13	1.87e-10	2.02e-07	4.53e-04	3.96e-02	9.60e-01
 6.02690e+21	0.00e+00	0.00e+00	0.00e+00	0.00e+00	0.00e+00	8.94e-30	5.37e-25	8.99e-21	5.29e-17	1.36e-13	2.25e-10	2.31e-07	4.95e-04	4.14e-02	9.58e-01
 6.23736e+21	0.00e+00	0.00e+00	0.00e+00	0.00e+00	0.00e+00	1.42e-29	8.07e-25	1.28e-20	7.18e-17	1.75e-13	2.75e-10	2.69e-07	5.47e-04	4.34e-02	9.56e-01
 6.42678e+21	0.00e+00	0.00e+00	0.00e+00	0.00e+00	0.00e+00	2.13e-29	1.16e-24	1.76e-20	9.42e-17	2.20e-13	3.29e-10	3.07e-07	5.98e-04	4.54e-02	9.54e-01
 6.59903e+21	0.00e+00	0.00e+00	0.00e+00	0.00e+00	0.00e+00	3.07e-29	1.60e-24	2.34e-20	1.20e-16	2.68e-13	3.85e-10	3.46e-07	6.46e-04	4.71e-02	9.52e-01
 6.79481e+21	0.00e+00	0.00e+00	0.00e+00	0.00e+00	0.00e+00	4.63e-29	2.31e-24	3.21e-20	1.58e-16	3.37e-13	4.61e-10	3.95e-07	7.06e-04	4.92e-02	9.50e-01
 7.00977e+21	0.00e+00	0.00e+00	0.00e+00	0.00e+00	0.00e+00	7.23e-29	3.42e-24	4.54e-20	2.12e-16	4.31e-13	5.60e-10	4.57e-07	7.77e-04	5.15e-02	9.48e-01
 7.20535e+21	0.00e+00	0.00e+00	0.00e+00	0.00e+00	0.00e+00	1.07e-28	4.85e-24	6.15e-20	2.75e-16	5.36e-13	6.66e-10	5.20e-07	8.45e-04	5.37e-02	9.45e-01
 7.41530e+21	0.00e+00	0.00e+00	0.00e+00	0.00e+00	0.00e+00	1.63e-28	7.05e-24	8.53e-20	3.64e-16	6.77e-13	8.00e-10	5.96e-07	9.25e-04	5.61e-02	9.43e-01
 7.64595e+21	0.00e+00	0.00e+00	0.00e+00	0.00e+00	0.00e+00	2.58e-28	1.06e-23	1.21e-19	4.93e-16	8.72e-13	9.77e-10	6.91e-07	1.02e-03	5.88e-02	9.40e-01
 7.85119e+21	0.00e+00	0.00e+00	0.00e+00	0.00e+00	0.00e+00	3.83e-28	1.50e-23	1.65e-19	6.41e-16	1.09e-12	1.16e-09	7.86e-07	1.11e-03	6.12e-02	9.38e-01
 8.02347e+21	0.00e+00	0.00e+00	0.00e+00	0.00e+00	0.00e+00	5.34e-28	2.01e-23	2.14e-19	8.00e-16	1.31e-12	1.34e-09	8.76e-07	1.19e-03	6.34e-02	9.35e-01
 8.20519e+21	0.00e+00	0.00e+00	0.00e+00	0.00e+00	0.00e+00	7.51e-28	2.73e-23	2.78e-19	1.00e-15	1.58e-12	1.56e-09	9.79e-07	1.28e-03	6.56e-02	9.33e-01
 8.44142e+21	0.00e+00	0.00e+00	0.00e+00	0.00e+00	0.00e+00	1.17e-27	4.03e-23	3.92e-19	1.35e-15	2.02e-12	1.89e-09	1.13e-06	1.41e-03	6.87e-02	9.30e-01
 8.67722e+21	0.00e+00	0.00e+00	0.00e+00	0.00e+00	0.00e+00	1.81e-27	5.94e-23	5.50e-19	1.80e-15	2.57e-12	2.29e-09	1.30e-06	1.55e-03	7.18e-02	9.27e-01
 8.85977e+21	0.00e+00	0.00e+00	0.00e+00	0.00e+00	0.00e+00	2.53e-27	7.98e-23	7.11e-19	2.25e-15	3.09e-12	2.65e-09	1.45e-06	1.66e-03	7.43e-02	9.24e-01
 9.04438e+21	0.00e+00	0.00e+00	0.00e+00	0.00e+00	0.00e+00	3.52e-27	1.07e-22	9.21e-19	2.81e-15	3.72e-12	3.06e-09	1.62e-06	1.78e-03	7.68e-02	9.21e-01
 9.28437e+21	0.00e+00	0.00e+00	0.00e+00	0.00e+00	0.00e+00	5.33e-27	1.55e-22	1.27e-18	3.70e-15	4.68e-12	3.67e-09	1.85e-06	1.94e-03	8.01e-02	9.18e-01
 9.53015e+21	0.00e+00	0.00e+00	0.00e+00	0.00e+00	0.00e+00	8.31e-27	2.29e-22	1.79e-18	4.97e-15	5.99e-12	4.46e-09	2.14e-06	2.14e-03	8.38e-02	9.14e-01
 9.72381e+21	0.00e+00	0.00e+00	0.00e+00	0.00e+00	0.00e+00	1.17e-26	3.10e-22	2.33e-18	6.23e-15	7.23e-12	5.18e-09	2.39e-06	2.30e-03	8.67e-02	9.11e-01
 9.88177e+21	0.00e+00	0.00e+00	0.00e+00	0.00e+00	0.00e+00	1.53e-26	3.93e-22	2.87e-18	7.46e-15	8.40e-12	5.82e-09	2.61e-06	2.43e-03	8.91e-02	9.09e-01
 1.00530e+22	0.00e+00	0.00e+00	0.00e+00	0.00e+00	0.00e+00	2.04e-26	5.08e-22	3.59e-18	9.05e-15	9.87e-12	6.61e-09	2.87e-06	2.58e-03	9.17e-02	9.06e-01
 1.02756e+22	0.00e+00	0.00e+00	0.00e+00	0.00e+00	3.34e-31	2.93e-26	7.01e-22	4.76e-18	1.15e-14	1.21e-11	7.75e-09	3.23e-06	2.79e-03	9.51e-02	9.02e-01
 1.05083e+22	0.00e+00	0.00e+00	0.00e+00	0.00e+00	5.21e-31	4.37e-26	9.97e-22	6.48e-18	1.50e-14	1.51e-11	9.23e-09	3.67e-06	3.04e-03	9.89e-02	8.98e-01
 1.06982e+22	0.00e+00	0.00e+00	0.00e+00	0.00e+00	7.38e-31	5.97e-26	1.32e-21	8.26e-18	1.85e-14	1.80e-11	1.06e-08	4.07e-06	3.24e-03	1.02e-01	8.95e-01
 1.08893e+22	0.00e+00	0.00e+00	0.00e+00	0.00e+00	1.04e-30	8.14e-26	1.73e-21	1.05e-17	2.28e-14	2.14e-11	1.21e-08	4.50e-06	3.46e-03	1.05e-01	8.91e-01
 1.11377e+22	0.00e+00	0.00e+00	0.00e+00	0.00e+00	1.62e-30	1.21e-25	2.46e-21	1.43e-17	2.97e-14	2.67e-11	1.44e-08	5.12e-06	3.76e-03	1.09e-01	8.87e-01
 1.13835e+22	0.00e+00	0.00e+00	0.00e+00	0.00e+00	2.51e-30	1.79e-25	3.48e-21	1.94e-17	3.86e-14	3.32e-11	1.71e-08	5.81e-06	4.09e-03	1.14e-01	8.82e-01
 1.15699e+22	0.00e+00	0.00e+00	0.00e+00	0.00e+00	3.48e-30	2.40e-25	4.52e-21	2.43e-17	4.70e-14	3.91e-11	1.95e-08	6.40e-06	4.35e-03	1.17e-01	8.79e-01
 1.17561e+22	0.00e+00	0.00e+00	0.00e+00	0.00e+00	4.79e-30	3.20e-25	5.83e-21	3.04e-17	5.70e-14	4.60e-11	2.21e-08	7.03e-06	4.62e-03	1.20e-01	8.75e-01
 1.19983e+22	0.00e+00	0.00e+00	0.00e+00	0.00e+00	7.23e-30	4.63e-25	8.09e-21	4.05e-17	7.29e-14	5.65e-11	2.60e-08	7.92e-06	4.99e-03	1.25e-01	8.70e-01
 1.22510e+22	0.00e+00	0.00e+00	0.00e+00	0.00e+00	1.11e-29	6.80e-25	1.14e-20	5.46e-17	9.44e-14	7.02e-11	3.08e-08	8.98e-06	5.41e-03	1.29e-01	8.65e-01
 1.24542e+22	0.00e+00	0.00e+00	0.00e+00	0.00e+00	1.56e-29	9.22e-25	1.49e-20	6.92e-17	1.16e-13	8.33e-11	3.52e-08	9.92e-06	5.77e-03	1.33e-01	8.61e-01
 1.26277e+22	0.00e+00	0.00e+00	0.00e+00	0.00e+00	2.08e-29	1.19e-24	1.87e-20	8.46e-17	1.38e-13	9.64e-11	3.95e-08	1.08e-05	6.09e-03	1.37e-01	8.57e-01
 1.28260e+22	0.00e+00	0.00e+00	0.00e+00	0.00e+00	2.86e-29	1.59e-24	2.42e-20	1.06e-16	1.67e-13	1.13e-10	4.48e-08	1.19e-05	6.47e-03	1.40e-01	8.53e-01
 1.30837e+22	0.00e+00	0.00e+00	0.00e+00	0.00e+00	4.32e-29	2.31e-24	3.36e-20	1.41e-16	2.15e-13	1.40e-10	5.28e-08	1.34e-05	6.99e-03	1.45e-01	8.48e-01
 1.33490e+22	0.00e+00	0.00e+00	0.00e+00	0.00e+00	6.60e-29	3.37e-24	4.71e-20	1.90e-16	2.77e-13	1.73e-10	6.25e-08	1.52e-05	7.57e-03	1.51e-01	8.42e-01
 1.35652e+22	0.00e+00	0.00e+00	0.00e+00	0.00e+00	9.28e-29	4.58e-24	6.18e-20	2.41e-16	3.41e-13	2.06e-10	7.15e-08	1.68e-05	8.07e-03	1.55e-01	8.37e-01
 1.37874e+22	0.00e+00	0.00e+00	0.00e+00	0.00e+00	1.31e-28	6.23e-24	8.12e-20	3.06e-16	4.19e-13	2.45e-10	8.19e-08	1.85e-05	8.61e-03	1.60e-01	8.32e-01
 1.40339e+22	0.00e+00	0.00e+00	0.00e+00	0.00e+00	1.91e-28	8.74e-24	1.10e-19	3.99e-16	5.27e-13	2.97e-10	9.52e-08	2.07e-05	9.24e-03	1.65e-01	8.26e-01
 1.42604e+22	0.00e+00	0.00e+00	0.00e+00	0.00e+00	2.69e-28	1.19e-23	1.44e-19	5.07e-16	6.49e-13	3.53e-10	1.09e-07	2.29e-05	9.85e-03	1.70e-01	8.21e-01
 1.44696e+22	0.00e+00	0.00e+00	0.00e+00	0.00e+00	3.67e-28	1.57e-23	1.85e-19	6.31e-16	7.85e-13	4.14e-10	1.24e-07	2.51e-05	1.04e-02	1.74e-01	8.15e-01
 1.47075e+22	0.00e+00	0.00e+00	0.00e+00	0.00e+00	5.19e-28	2.15e-23	2.44e-19	8.05e-16	9.69e-13	4.95e-10	1.42e-07	2.78e-05	1.11e-02	1.79e-01	8.10e-01
 1.49740e+22	0.00e+00	0.00e+00	0.00e+00	0.00e+00	7.63e-28	3.04e-23	3.32e-19	1.06e-15	1.23e-12	6.03e-10	1.66e-07	3.12e-05	1.20e-02	1.85e-01	8.03e-01
 1.52225e+22	0.00e+00	0.00e+00	0.00e+00	0.00e+00	1.09e-27	4.19e-23	4.41e-19	1.36e-15	1.52e-12	7.23e-10	1.91e-07	3.46e-05	1.28e-02	1.90e-01	7.97e-01
 1.54530e+22	0.00e+00	0.00e+00	0.00e+00	0.00e+00	1.51e-27	5.60e-23	5.72e-19	1.70e-15	1.86e-12	8.54e-10	2.17e-07	3.81e-05	1.36e-02	1.95e-01	7.91e-01
 1.57149e+22	0.00e+00	0.00e+00	0.00e+00	0.00e+00	2.15e-27	7.74e-23	7.62e-19	2.19e-15	2.31e-12	1.03e-09	2.51e-07	4.23e-05	1.45e-02	2.01e-01	7.84e-01
 1.60008e+22	0.00e+00	0.00e+00	0.00e+00	0.00e+00	3.18e-27	1.10e-22	1.04e-18	2.89e-15	2.93e-12	1.26e-09	2.93e-07	4.75e-05	1.56e-02	2.07e-01	7.77e-01
 1.62580e+22	0.00e+00	0.00e+00	0.00e+00	0.00e+00	4.52e-27	1.51e-22	1.38e-18	3.70e-15	3.64e-12	1.51e-09	3.38e-07	5.27e-05	1.67e-02	2.13e-01	7.70e-01
 1.64875e+22	0.00e+00	0.00e+00	0.00e+00	0.00e+00	6.07e-27	1.97e-22	1.75e-18	4.55e-15	4.36e-12	1.75e-09	3.80e-07	5.74e-05	1.76e-02	2.18e-01	7.64e-01
 1.67409e+22	0.00e+00	0.00e+00	0.00e+00	0.00e+00	8.40e-27	2.64e-22	2.27e-18	5.73e-15	5.33e-12	2.07e-09	4.34e-07	6.32e-05	1.87e-02	2.24e-01	7.57e-01
 1.70704e+22	0.00e+00	0.00e+00	0.00e+00	0.00e+00	1.27e-26	3.83e-22	3.16e-18	7.68e-15	6.87e-12	2.57e-09	5.12e-07	7.14e-05	2.02e-02	2.31e-01	7.49e-01
 1.74047e+22	0.00e+00	0.00e+00	0.00e+00	0.00e+00	1.93e-26	5.57e-22	4.42e-18	1.03e-14	8.88e-12	3.19e-09	6.06e-07	8.07e-05	2.18e-02	2.39e-01	7.39e-01
 1.76713e+22	0.00e+00	0.00e+00	0.00e+00	0.00e+00	2.67e-26	7.48e-22	5.74e-18	1.30e-14	1.09e-11	3.77e-09	6.91e-07	8.89e-05	2.31e-02	2.45e-01	7.32e-01
 1.79438e+22	0.00e+00	0.00e+00	0.00e+00	0.00e+00	3.69e-26	1.00e-21	7.43e-18	1.63e-14	1.32e-11	4.46e-09	7.86e-07	9.77e-05	2.45e-02	2.51e-01	7.25e-01
 1.82982e+22	0.00e+00	0.00e+00	0.00e+00	0.00e+00	5.55e-26	1.45e-21	1.03e-17	2.18e-14	1.70e-11	5.51e-09	9.27e-07	1.10e-04	2.64e-02	2.58e-01	7.15e-01
 1.86543e+22	0.00e+00	0.00e+00	0.00e+00	4.17e-31	8.36e-26	2.09e-21	1.44e-17	2.91e-14	2.19e-11	6.81e-09	1.09e-06	1.24e-04	2.85e-02	2.66e-01	7.05e-01
 1.89332e+22	0.00e+00	0.00e+00	0.00e+00	5.87e-31	1.14e-25	2.77e-21	1.85e-17	3.63e-14	2.66e-11	8.01e-09	1.24e-06	1.36e-04	3.01e-02	2.72e-01	6.98e-01
 1.92161e+22	0.00e+00	0.00e+00	0.00e+00	8.20e-31	1.55e-25	3.66e-21	2.36e-17	4.52e-14	3.22e-11	9.39e-09	1.40e-06	1.49e-04	3.18e-02	2.78e-01	6.90e-01
 1.95838e+22	0.00e+00	0.00e+00	0.00e+00	1.25e-30	2.29e-25	5.19e-21	3.23e-17	5.96e-14	4.09e-11	1.15e-08	1.64e-06	1.67e-04	3.41e-02	2.86e-01	6.80e-01
 1.99716e+22	0.00e+00	0.00e+00	0.00e+00	1.95e-30	3.44e-25	7.49e-21	4.48e-17	7.95e-14	5.26e-11	1.42e-08	1.93e-06	1.88e-04	3.67e-02	2.94e-01	6.69e-01
 2.03022e+22	0.00e+00	0.00e+00	0.00e+00	2.83e-30	4.82e-25	1.02e-20	5.89e-17	1.01e-13	6.48e-11	1.69e-08	2.21e-06	2.07e-04	3.90e-02	3.01e-01	6.60e-01
 2.06489e+22	0.00e+00	0.00e+00	0.00e+00	4.10e-30	6.78e-25	1.38e-20	7.75e-17	1.29e-13	8.00e-11	2.02e-08	2.54e-06	2.28e-04	4.14e-02	3.08e-01	6.51e-01
 2.10278e+22	0.00e+00	0.00e+00	0.00e+00	6.13e-30	9.80e-25	1.93e-20	1.04e-16	1.67e-13	1.00e-10	2.44e-08	2.94e-06	2.54e-04	4.42e-02	3.15e-01	6.40e-01
 2.13689e+22	0.00e+00	0.00e+00	0.00e+00	8.73e-30	1.36e-24	2.59e-20	1.36e-16	2.11e-13	1.23e-10	2.89e-08	3.35e-06	2.79e-04	4.67e-02	3.22e-01	6.31e-01
 2.17326e+22	0.00e+00	0.00e+00	0.00e+00	1.26e-29	1.89e-24	3.50e-20	1.77e-16	2.67e-13	1.51e-10	3.43e-08	3.83e-06	3.07e-04	4.95e-02	3.29e-01	6.21e-01
 2.21415e+22	0.00e+00	0.00e+00	0.00e+00	1.88e-29	2.74e-24	4.90e-20	2.39e-16	3.48e-13	1.90e-10	4.16e-08	4.44e-06	3.41e-04	5.28e-02	3.36e-01	6.11e-01
 2.25266e+22	0.00e+00	0.00e+00	0.00e+00	2.73e-29	3.86e-24	6.67e-20	3.16e-16	4.44e-13	2.35e-10	4.96e-08	5.09e-06	3.76e-04	5.60e-02	3.43e-01	6.00e-01
 2.28887e+22	0.00e+00	0.00e+00	0.00e+00	3.85e-29	5.29e-24	8.85e-20	4.06e-16	5.54e-13	2.85e-10	5.83e-08	5.77e-06	4.11e-04	5.90e-02	3.50e-01	5.91e-01
 2.33032e+22	0.00e+00	0.00e+00	0.00e+00	5.61e-29	7.48e-24	1.21e-19	5.38e-16	7.09e-13	3.53e-10	6.97e-08	6.62e-06	4.54e-04	6.26e-02	3.57e-01	5.80e-01
 2.37637e+22	0.00e+00	0.00e+00	0.00e+00	8.50e-29	1.10e-23	1.71e-19	7.31e-16	9.30e-13	4.46e-10	8.48e-08	7.70e-06	5.05e-04	6.68e-02	3.64e-01	5.68e-01
 2.41719e+22	0.00e+00	0.00e+00	0.00e+00	1.22e-28	1.53e-23	2.31e-19	9.56e-16	1.18e-12	5.47e-10	1.01e-07	8.78e-06	5.54e-04	7.05e-02	3.71e-01	5.58e-01
 2.45267e+22	0.00e+00	0.00e+00	0.00e+00	1.66e-28	2.02e-23	2.98e-19	1.20e-15	1.44e-12	6.51e-10	1.16e-07	9.81e-06	6.00e-04	7.39e-02	3.77e-01	5.49e-01
 2.49243e+22	0.00e+00	0.00e+00	0.00e+00	2.31e-28	2.74e-23	3.92e-19	1.53e-15	1.79e-12	7.85e-10	1.36e-07	1.11e-05	6.53e-04	7.77e-02	3.83e-01	5.39e-01
 2.54411e+22	0.00e+00	0.00e+00	0.00e+00	3.51e-28	4.03e-23	5.56e-19	2.09e-15	2.35e-12	9.95e-10	1.66e-07	1.29e-05	7.26e-04	8.27e-02	3.90e-01	5.26e-01
 2.59772e+22	0.00e+00	0.00e+00	0.00e+00	5.42e-28	6.01e-23	7.98e-19	2.89e-15	3.12e-12	1.27e-09	2.03e-07	1.51e-05	8.11e-04	8.82e-02	3.98e-01	5.13e-01
 2.64205e+22	0.00e+00	0.00e+00	0.00e+00	7.69e-28	8.29e-23	1.07e-18	3.75e-15	3.91e-12	1.55e-09	2.39e-07	1.71e-05	8.86e-04	9.28e-02	4.04e-01	5.03e-01
 2.68789e+22	0.00e+00	0.00e+00	0.00e+00	1.09e-27	1.14e-22	1.42e-18	4.85e-15	4.91e-12	1.89e-09	2.81e-07	1.93e-05	9.67e-04	9.76e-02	4.10e-01	4.92e-01
 2.74748e+22	0.00e+00	0.00e+00	0.00e+00	1.69e-27	1.71e-22	2.06e-18	6.73e-15	6.55e-12	2.42e-09	3.46e-07	2.27e-05	1.08e-03	1.04e-01	4.17e-01	4.78e-01
 2.80891e+22	0.00e+00	0.00e+00	0.00e+00	2.66e-27	2.59e-22	2.99e-18	9.41e-15	8.79e-12	3.12e-09	4.27e-07	2.66e-05	1.21e-03	1.11e-01	4.24e-01	4.64e-01
 2.85932e+22	0.00e+00	0.00e+00	0.00e+00	3.81e-27	3.61e-22	4.04e-18	1.23e-14	1.11e-11	3.82e-09	5.05e-07	3.03e-05	1.32e-03	1.17e-01	4.29e-01	4.53e-01
 2.90347e+22	0.00e+00	0.00e+00	0.00e+00	5.18e-27	4.79e-22	5.22e-18	1.55e-14	1.36e-11	4.54e-09	5.83e-07	3.38e-05	1.42e-03	1.22e-01	4.34e-01	4.43e-01
 2.95291e+22	0.00e+00	0.00e+00	0.00e+00	7.24e-27	6.52e-22	6.90e-18	1.98e-14	1.69e-11	5.48e-09	6.82e-07	3.80e-05	1.55e-03	1.27e-01	4.38e-01	4.33e-01
 3.01718e+22	0.00e+00	0.00e+00	0.00e+00	1.10e-26	9.62e-22	9.81e-18	2.71e-14	2.23e-11	6.95e-09	8.29e-07	4.41e-05	1.71e-03	1.35e-01	4.44e-01	4.19e-01
 3.08355e+22	0.00e+00	0.00e+00	3.79e-31	1.71e-26	1.44e-21	1.41e-17	3.75e-14	2.96e-11	8.89e-09	1.02e-06	5.15e-05	1.90e-03	1.43e-01	4.50e-01	4.05e-01
 3.13795e+22	0.00e+00	0.00e+00	5.61e-31	2.41e-26	1.98e-21	1.89e-17	4.86e-14	3.71e-11	1.08e-08	1.19e-06	5.82e-05	2.07e-03	1.50e-01	4.54e-01	3.94e-01
 3.19397e+22	0.00e+00	0.00e+00	8.26e-31	3.41e-26	2.72e-21	2.51e-17	6.29e-14	4.65e-11	1.31e-08	1.40e-06	6.57e-05	2.25e-03	1.57e-01	4.57e-01	3.83e-01
 3.26680e+22	0.00e+00	0.00e+00	1.34e-30	5.25e-26	4.06e-21	3.61e-17	8.68e-14	6.17e-11	1.67e-08	1.71e-06	7.65e-05	2.50e-03	1.66e-01	4.62e-01	3.70e-01
 3.34256e+22	0.00e+00	0.00e+00	2.24e-30	8.26e-26	6.16e-21	5.27e-17	1.22e-13	8.29e-11	2.16e-08	2.11e-06	8.96e-05	2.78e-03	1.76e-01	4.66e-01	3.55e-01
 3.40459e+22	0.00e+00	0.00e+00	3.36e-30	1.18e-25	8.60e-21	7.13e-17	1.59e-13	1.05e-10	2.65e-08	2.49e-06	1.02e-04	3.02e-03	1.84e-01	4.69e-01	3.44e-01
 3.46771e+22	0.00e+00	0.00e+00	4.99e-30	1.68e-25	1.19e-20	9.56e-17	2.07e-13	1.32e-10	3.22e-08	2.93e-06	1.15e-04	3.28e-03	1.92e-01	4.71e-01	3.33e-01
 3.53498e+22	0.00e+00	0.00e+00	7.61e-30	2.45e-25	1.68e-20	1.31e-16	2.74e-13	1.69e-10	3.98e-08	3.48e-06	1.31e-04	3.58e-03	2.01e-01	4.74e-01	3.22e-01
 3.59285e+22	0.00e+00	0.00e+00	1.09e-29	3.35e-25	2.25e-20	1.71e-16	3.47e-13	2.07e-10	4.75e-08	4.03e-06	1.46e-04	3.86e-03	2.09e-01	4.75e-01	3.12e-01
 3.65329e+22	0.00e+00	0.00e+00	1.55e-29	4.60e-25	3.01e-20	2.22e-16	4.40e-13	2.55e-10	5.68e-08	4.66e-06	1.63e-04	4.15e-03	2.17e-01	4.77e-01	3.02e-01
 3.73186e+22	0.00e+00	0.00e+00	2.43e-29	6.85e-25	4.36e-20	3.11e-16	5.94e-13	3.32e-10	7.11e-08	5.60e-06	1.87e-04	4.54e-03	2.27e-01	4.78e-01	2.90e-01
 3.81156e+22	0.00e+00	0.00e+00	3.87e-29	1.03e-24	6.38e-20	4.39e-16	8.09e-13	4.34e-10	8.96e-08	6.77e-06	2.15e-04	4.99e-03	2.38e-01	4.79e-01	2.78e-01
 3.87435e+22	0.00e+00	0.00e+00	5.52e-29	1.41e-24	8.54e-20	5.72e-16	1.03e-12	5.34e-10	1.07e-07	7.83e-06	2.40e-04	5.36e-03	2.47e-01	4.79e-01	2.68e-01
 3.92570e+22	0.00e+00	0.00e+00	7.31e-29	1.81e-24	1.08e-19	7.06e-16	1.24e-12	6.29e-10	1.23e-07	8.78e-06	2.61e-04	5.67e-03	2.54e-01	4.79e-01	2.61e-01
 3.98053e+22	0.00e+00	0.00e+00	9.84e-29	2.35e-24	1.37e-19	8.82e-16	1.51e-12	7.49e-10	1.43e-07	9.91e-06	2.86e-04	6.02e-03	2.61e-01	4.79e-01	2.53e-01
 4.05181e+22	0.00e+00	0.00e+00	1.42e-28	3.25e-24	1.85e-19	1.16e-15	1.92e-12	9.25e-10	1.71e-07	1.15e-05	3.19e-04	6.46e-03	2.71e-01	4.78e-01	2.44e-01
 4.12706e+22	0.00e+00	0.00e+00	2.13e-28	4.65e-24	2.59e-19	1.57e-15	2.53e-12	1.18e-09	2.10e-07	1.36e-05	3.61e-04	7.00e-03	2.81e-01	4.77e-01	2.34e-01
 4.18864e+22	0.00e+00	0.00e+00	2.93e-28	6.17e-24	3.37e-19	2.00e-15	3.13e-12	1.42e-09	2.47e-07	1.55e-05	3.98e-04	7.46e-03	2.90e-01	4.76e-01	2.26e-01
 4.24984e+22	0.00e+00	0.00e+00	3.97e-28	8.06e-24	4.33e-19	2.51e-15	3.84e-12	1.69e-09	2.88e-07	1.75e-05	4.37e-04	7.91e-03	2.98e-01	4.75e-01	2.19e-01
 4.31560e+22	0.00e+00	0.00e+00	5.53e-28	1.08e-23	5.68e-19	3.21e-15	4.79e-12	2.06e-09	3.40e-07	2.00e-05	4.82e-04	8.44e-03	3.07e-01	4.73e-01	2.11e-01
 4.37255e+22	0.00e+00	0.00e+00	7.33e-28	1.38e-23	7.17e-19	3.97e-15	5.80e-12	2.43e-09	3.92e-07	2.25e-05	5.25e-04	8.91e-03	3.15e-01	4.71e-01	2.04e-01
 4.42378e+22	0.00e+00	0.00e+00	9.36e-28	1.71e-23	8.75e-19	4.76e-15	6.83e-12	2.80e-09	4.43e-07	2.48e-05	5.65e-04	9.33e-03	3.22e-01	4.70e-01	1.99e-01
 4.48232e+22	0.00e+00	0.00e+00	1.24e-27	2.18e-23	1.10e-18	5.87e-15	8.24e-12	3.30e-09	5.09e-07	2.78e-05	6.15e-04	9.85e-03	3.30e-01	4.68e-01	1.92e-01
 4.55841e+22	0.00e+00	0.00e+00	1.75e-27	2.96e-23	1.47e-18	7.63e-15	1.04e-11	4.05e-09	6.07e-07	3.21e-05	6.82e-04	1.05e-02	3.40e-01	4.65e-01	1.84e-01
 4.63593e+22	0.00e+00	0.00e+00	2.52e-27	4.07e-23	1.98e-18	1.00e-14	1.33e-11	5.02e-09	7.30e-07	3.73e-05	7.62e-04	1.13e-02	3.50e-01	4.61e-01	1.76e-01
 4.69692e+22	0.00e+00	0.00e+00	3.33e-27	5.20e-23	2.50e-18	1.24e-14	1.61e-11	5.93e-09	8.41e-07	4.18e-05	8.29e-04	1.19e-02	3.58e-01	4.59e-01	1.70e-01
 4.75780e+22	0.00e+00	0.00e+00	4.36e-27	6.57e-23	3.11e-18	1.52e-14	1.93e-11	6.95e-09	9.64e-07	4.67e-05	8.98e-04	1.25e-02	3.66e-01	4.56e-01	1.65e-01
 4.82552e+22	0.00e+00	0.00e+00	5.88e-27	8.54e-23	3.99e-18	1.91e-14	2.37e-11	8.31e-09	1.12e-06	5.28e-05	9.83e-04	1.32e-02	3.75e-01	4.52e-01	1.58e-01
 4.88749e+22	0.00e+00	0.00e+00	7.73e-27	1.08e-22	5.00e-18	2.35e-14	2.86e-11	9.77e-09	1.29e-06	5.90e-05	1.07e-03	1.39e-02	3.83e-01	4.49e-01	1.53e-01
 4.94390e+22	0.00e+00	0.00e+00	9.86e-27	1.34e-22	6.11e-18	2.83e-14	3.38e-11	1.13e-08	1.46e-06	6.53e-05	1.15e-03	1.46e-02	3.91e-01	4.46e-01	1.48e-01
 5.00767e+22	0.00e+00	0.00e+00	1.28e-26	1.68e-22	7.58e-18	3.44e-14	4.03e-11	1.32e-08	1.67e-06	7.26e-05	1.24e-03	1.53e-02	3.98e-01	4.42e-01	1.43e-01
 5.09058e+22	0.00e+00	0.00e+00	1.80e-26	2.25e-22	1.01e-17	4.46e-14	5.10e-11	1.62e-08	1.99e-06	8.36e-05	1.38e-03	1.63e-02	4.09e-01	4.37e-01	1.36e-01
 5.17348e+22	0.00e+00	0.00e+00	2.55e-26	3.05e-22	1.34e-17	5.83e-14	6.49e-11	2.00e-08	2.38e-06	9.67e-05	1.53e-03	1.74e-02	4.19e-01	4.32e-01	1.29e-01
 5.23670e+22	0.00e+00	4.78e-31	3.30e-26	3.82e-22	1.67e-17	7.12e-14	7.77e-11	2.34e-08	2.72e-06	1.08e-04	1.65e-03	1.82e-02	4.27e-01	4.28e-01	1.25e-01
 5.29922e+22	0.00e+00	6.32e-31	4.22e-26	4.72e-22	2.04e-17	8.60e-14	9.22e-11	2.71e-08	3.09e-06	1.19e-04	1.78e-03	1.90e-02	4.35e-01	4.24e-01	1.20e-01
 5.38049e+22	0.00e+00	8.99e-31	5.76e-26	6.17e-22	2.65e-17	1.09e-13	1.14e-10	3.28e-08	3.63e-06	1.36e-04	1.96e-03	2.02e-02	4.44e-01	4.19e-01	1.15e-01
 5.46335e+22	0.00e+00	1.31e-30	8.00e-26	8.19e-22	3.48e-17	1.41e-13	1.44e-10	4.01e-08	4.30e-06	1.56e-04	2.16e-03	2.14e-02	4.54e-01	4.13e-01	1.09e-01
 5.52852e+22	0.00e+00	1.75e-30	1.03e-25	1.02e-21	4.31e-17	1.72e-13	1.72e-10	4.68e-08	4.91e-06	1.73e-04	2.33e-03	2.24e-02	4.62e-01	4.08e-01	1.05e-01
 5.59351e+22	0.00e+00	2.31e-30	1.31e-25	1.25e-21	5.28e-17	2.07e-13	2.05e-10	5.44e-08	5.59e-06	1.92e-04	2.52e-03	2.34e-02	4.70e-01	4.03e-01	1.01e-01
 5.67799e+22	0.00e+00	3.24e-30	1.77e-25	1.62e-21	6.78e-17	2.62e-13	2.53e-10	6.54e-08	6.54e-06	2.18e-04	2.75e-03	2.47e-02	4.79e-01	3.97e-01	9.61e-02
 5.76562e+22	0.00e+00	4.72e-30	2.46e-25	2.14e-21	8.93e-17	3.38e-13	3.19e-10	8.02e-08	7.77e-06	2.50e-04	3.05e-03	2.62e-02	4.89e-01	3.91e-01	9.10e-02
 5.83577e+22	0.00e+00	6.39e-30	3.20e-25	2.68e-21	1.11e-16	4.17e-13	3.86e-10	9.47e-08	8.95e-06	2.80e-04	3.30e-03	2.75e-02	4.97e-01	3.85e-01	8.70e-02
 5.89537e+22	0.00e+00	8.08e-30	3.93e-25	3.19e-21	1.32e-16	4.90e-13	4.46e-10	1.08e-07	9.98e-06	3.06e-04	3.52e-03	2.86e-02	5.03e-01	3.80e-01	8.40e-02
 5.96283e+22	0.00e+00	1.05e-29	4.95e-25	3.88e-21	1.61e-16	5.88e-13	5.27e-10	1.24e-07	1.13e-05	3.38e-04	3.78e-03	2.98e-02	5.10e-01	3.75e-01	8.07e-02
 6.05053e+22	0.00e+00	1.47e-29	6.62e-25	4.98e-21	2.06e-16	7.41e-13	6.52e-10	1.50e-07	1.32e-05	3.83e-04	4.13e-03	3.14e-02	5.19e-01	3.69e-01	7.66e-02
 6.14285e+22	0.00e+00	2.13e-29	9.10e-25	6.51e-21	2.70e-16	9.56e-13	8.22e-10	1.83e-07	1.57e-05	4.39e-04	4.56e-03	3.32e-02	5.28e-01	3.61e-01	7.23e-02
 6.21921e+22	0.00e+00	2.89e-29	1.19e-24	8.13e-21	3.38e-16	1.18e-12	1.00e-09	2.18e-07	1.82e-05	4.94e-04	4.96e-03	3.49e-02	5.36e-01	3.55e-01	6.87e-02
 6.28504e+22	0.00e+00	3.68e-29	1.46e-24	9.70e-21	4.04e-16	1.40e-12	1.16e-09	2.49e-07	2.03e-05	5.40e-04	5.29e-03	3.62e-02	5.42e-01	3.50e-01	6.61e-02
 6.35913e+22	0.00e+00	4.82e-29	1.84e-24	1.18e-20	4.93e-16	1.69e-12	1.39e-09	2.89e-07	2.31e-05	5.98e-04	5.69e-03	3.77e-02	5.49e-01	3.44e-01	6.31e-02
 6.45545e+22	0.00e+00	6.76e-29	2.47e-24	1.51e-20	6.33e-16	2.14e-12	1.72e-09	3.50e-07	2.71e-05	6.80e-04	6.24e-03	3.98e-02	5.57e-01	3.37e-01	5.96e-02
 6.55775e+22	0.00e+00	9.80e-29	3.40e-24	1.97e-20	8.33e-16	2.78e-12	2.19e-09	4.32e-07	3.24e-05	7.83e-04	6.91e-03	4.21e-02	5.66e-01	3.28e-01	5.58e-02
 6.64371e+22	0.00e+00	1.34e-28	4.44e-24	2.46e-20	1.05e-15	3.47e-12	2.68e-09	5.15e-07	3.76e-05	8.82e-04	7.52e-03	4.42e-02	5.73e-01	3.21e-01	5.28e-02
 6.71849e+22	0.00e+00	1.74e-28	5.56e-24	2.96e-20	1.28e-15	4.18e-12	3.19e-09	5.99e-07	4.28e-05	9.77e-04	8.09e-03	4.61e-02	5.79e-01	3.15e-01	5.03e-02
 6.80282e+22	0.00e+00	2.28e-28	7.00e-24	3.58e-20	1.55e-15	5.05e-12	3.79e-09	6.97e-07	4.86e-05	1.08e-03	8.70e-03	4.80e-02	5.85e-01	3.09e-01	4.79e-02
 6.91244e+22	0.00e+00	3.22e-28	9.42e-24	4.58e-20	2.01e-15	6.46e-12	4.76e-09	8.51e-07	5.75e-05	1.24e-03	9.56e-03	5.06e-02	5.93e-01	3.01e-01	4.49e-02
 7.02949e+22	0.00e+00	4.71e-28	1.30e-23	5.98e-20	2.66e-15	8.46e-12	6.10e-09	1.06e-06	6.90e-05	1.43e-03	1.06e-02	5.36e-02	6.01e-01	2.92e-01	4.17e-02
 7.12444e+22	0.00e+00	6.43e-28	1.70e-23	7.43e-20	3.36e-15	1.06e-11	7.50e-09	1.27e-06	8.04e-05	1.61e-03	1.16e-02	5.62e-02	6.07e-01	2.84e-01	3.92e-02
 7.19918e+22	0.00e+00	8.12e-28	2.07e-23	8.74e-20	3.99e-15	1.25e-11	8.76e-09	1.45e-06	9.01e-05	1.77e-03	1.23e-02	5.82e-02	6.12e-01	2.79e-01	3.74e-02
 7.27937e+22	0.00e+00	1.02e-27	2.51e-23	1.02e-19	4.72e-15	1.47e-11	1.02e-08	1.65e-06	1.00e-04	1.92e-03	1.31e-02	6.02e-02	6.16e-01	2.73e-01	3.57e-02
 7.38362e+22	0.00e+00	1.36e-27	3.21e-23	1.25e-19	5.86e-15	1.81e-11	1.23e-08	1.96e-06	1.16e-04	2.15e-03	1.42e-02	6.30e-02	6.21e-01	2.66e-01	3.36e-02
 7.49865e+22	0.00e+00	1.88e-27	4.23e-23	1.57e-19	7.45e-15	2.28e-11	1.53e-08	2.37e-06	1.36e-04	2.44e-03	1.55e-02	6.61e-02	6.26e-01	2.58e-01	3.13e-02
 7.60270e+22	0.00e+00	2.52e-27	5.41e-23	1.92e-19	9.24e-15	2.81e-11	1.85e-08	2.81e-06	1.56e-04	2.73e-03	1.68e-02	6.90e-02	6.31e-01	2.51e-01	2.94e-02
 7.69712e+22	0.00e+00	3.25e-27	6.72e-23	2.29e-19	1.12e-14	3.37e-11	2.20e-08	3.26e-06	1.77e-04	3.01e-03	1.80e-02	7.17e-02	6.35e-01	2.45e-01	2.78e-02
 7.80403e+22	0.00e+00	4.22e-27	8.39e-23	2.75e-19	1.35e-14	4.07e-11	2.61e-08	3.80e-06	2.01e-04	3.33e-03	1.93e-02	7.44e-02	6.38e-01	2.38e-01	2.63e-02
 7.94300e+22	0.00e+00	5.88e-27	1.11e-22	3.45e-19	1.73e-14	5.15e-11	3.25e-08	4.60e-06	2.36e-04	3.77e-03	2.11e-02	7.81e-02	6.42e-01	2.30e-01	2.44e-02
 8.08906e+22	0.00e+00	8.44e-27	1.51e-22	4.43e-19	2.25e-14	6.65e-11	4.13e-08	5.68e-06	2.81e-04	4.33e-03	2.32e-02	8.22e-02	6.46e-01	2.21e-01	2.24e-02
 8.20962e+22	0.00e+00	1.13e-26	1.93e-22	5.42e-19	2.79e-14	8.19e-11	5.01e-08	6.74e-06	3.23e-04	4.83e-03	2.51e-02	8.57e-02	6.49e-01	2.14e-01	2.09e-02
 8.31523e+22	0.00e+00	1.44e-26	2.37e-22	6.39e-19	3.32e-14	9.71e-11	5.87e-08	7.74e-06	3.63e-04	5.29e-03	2.67e-02	8.86e-02	6.51e-01	2.08e-01	1.98e-02
 8.43612e+22	0.00e+00	1.85e-26	2.93e-22	7.61e-19	3.98e-14	1.16e-10	6.90e-08	8.93e-06	4.08e-04	5.80e-03	2.85e-02	9.16e-02	6.52e-01	2.03e-01	1.86e-02
 8.59328e+22	0.00e+00	2.53e-26	3.83e-22	9.49e-19	5.00e-14	1.44e-10	8.48e-08	1.07e-05	4.73e-04	6.52e-03	3.09e-02	9.56e-02	6.54e-01	1.95e-01	1.72e-02
 8.75692e+22	0.00e+00	3.59e-26	5.15e-22	1.21e-18	6.42e-14	1.84e-10	1.06e-07	1.30e-05	5.57e-04	7.40e-03	3.37e-02	1.00e-01	6.55e-01	1.87e-01	1.58e-02
 8.88574e+22	0.00e+00	4.72e-26	6.50e-22	1.46e-18	7.81e-14	2.22e-10	1.27e-07	1.53e-05	6.34e-04	8.19e-03	3.62e-02	1.04e-01	6.56e-01	1.81e-01	1.48e-02
 8.99036e+22	0.00e+00	5.75e-26	7.70e-22	1.68e-18	9.00e-14	2.54e-10	1.44e-07	1.70e-05	6.93e-04	8.77e-03	3.79e-02	1.06e-01	6.56e-01	1.76e-01	1.41e-02
 9.10677e+22	0.00e+00	7.11e-26	9.22e-22	1.95e-18	1.05e-13	2.94e-10	1.65e-07	1.92e-05	7.64e-04	9.47e-03	4.00e-02	1.09e-01	6.56e-01	1.72e-01	1.33e-02
 9.25810e+22	0.00e+00	9.23e-26	1.15e-21	2.34e-18	1.26e-13	3.52e-10	1.94e-07	2.22e-05	8.61e-04	1.04e-02	4.26e-02	1.13e-01	6.55e-01	1.66e-01	1.25e-02
 9.45483e+22	0.00e+00	1.28e-25	1.53e-21	2.95e-18	1.58e-13	4.39e-10	2.39e-07	2.67e-05	9.98e-04	1.16e-02	4.60e-02	1.17e-01	6.54e-01	1.59e-01	1.15e-02
 9.65555e+22	0.00e+00	1.84e-25	2.08e-21	3.80e-18	2.04e-13	5.59e-10	2.99e-07	3.25e-05	1.17e-03	1.32e-02	5.01e-02	1.22e-01	6.51e-01	1.51e-01	1.04e-02
 9.81094e+22	0.00e+00	2.42e-25	2.63e-21	4.61e-18	2.46e-13	6.72e-10	3.54e-07	3.78e-05	1.32e-03	1.45e-02	5.33e-02	1.26e-01	6.49e-01	1.46e-01	9.72e-03
 9.96243e+22	0.00e+00	3.04e-25	3.19e-21	5.42e-18	2.88e-13	7.81e-10	4.08e-07	4.27e-05	1.46e-03	1.56e-02	5.61e-02	1.29e-01	6.47e-01	1.41e-01	9.15e-03
 1.01594e+23	0.00e+00	4.04e-25	4.08e-21	6.64e-18	3.50e-13	9.43e-10	4.85e-07	4.98e-05	1.66e-03	1.72e-02	5.98e-02	1.34e-01	6.44e-01	1.35e-01	8.48e-03
 1.03813e+23	0.00e+00	5.63e-25	5.44e-21	8.43e-18	4.40e-13	1.17e-09	5.94e-07	5.95e-05	1.91e-03	1.92e-02	6.43e-02	1.38e-01	6.40e-01	1.29e-01	7.75e-03
 1.05728e+23	0.00e+00	7.61e-25	7.04e-21	1.04e-17	5.39e-13	1.42e-09	7.12e-07	6.98e-05	2.17e-03	2.12e-02	6.86e-02	1.43e-01	6.35e-01	1.23e-01	7.13e-03
 1.07206e+23	6.27e-31	9.39e-25	8.44e-21	1.22e-17	6.21e-13	1.63e-09	8.07e-07	7.80e-05	2.37e-03	2.26e-02	7.17e-02	1.45e-01	6.32e-01	1.20e-01	6.74e-03
 1.08747e+23	7.79e-31	1.15e-24	1.00e-20	1.41e-17	7.11e-13	1.86e-09	9.08e-07	8.65e-05	2.58e-03	2.41e-02	7.47e-02	1.48e-01	6.28e-01	1.16e-01	6.38e-03
 1.10750e+23	1.01e-30	1.46e-24	1.24e-20	1.68e-17	8.39e-13	2.17e-09	1.05e-06	9.80e-05	2.85e-03	2.60e-02	7.84e-02	1.51e-01	6.23e-01	1.12e-01	5.97e-03
 1.13354e+23	1.42e-30	2.00e-24	1.62e-20	2.10e-17	1.03e-12	2.64e-09	1.26e-06	1.15e-04	3.24e-03	2.86e-02	8.34e-02	1.56e-01	6.17e-01	1.06e-01	5.47e-03
 1.16061e+23	2.06e-30	2.83e-24	2.20e-20	2.71e-17	1.30e-12	3.29e-09	1.54e-06	1.38e-04	3.73e-03	3.18e-02	8.93e-02	1.60e-01	6.09e-01	1.01e-01	4.95e-03
 1.18237e+23	2.76e-30	3.71e-24	2.78e-20	3.30e-17	1.56e-12	3.90e-09	1.80e-06	1.58e-04	4.16e-03	3.45e-02	9.39e-02	1.64e-01	6.02e-01	9.63e-02	4.59e-03
 1.20399e+23	3.53e-30	4.67e-24	3.40e-20	3.91e-17	1.81e-12	4.51e-09	2.06e-06	1.77e-04	4.56e-03	3.69e-02	9.81e-02	1.67e-01	5.96e-01	9.26e-02	4.29e-03
 1.23210e+23	4.75e-30	6.19e-24	4.34e-20	4.82e-17	2.18e-12	5.37e-09	2.41e-06	2.03e-04	5.09e-03	4.01e-02	1.03e-01	1.70e-01	5.89e-01	8.84e-02	3.96e-03
 1.26864e+23	6.82e-30	8.74e-24	5.86e-20	6.20e-17	2.74e-12	6.64e-09	2.93e-06	2.41e-04	5.82e-03	4.42e-02	1.10e-01	1.75e-01	5.79e-01	8.33e-02	3.58e-03
 1.30630e+23	1.03e-29	1.30e-23	8.30e-20	8.33e-17	3.56e-12	8.48e-09	3.66e-06	2.93e-04	6.78e-03	4.94e-02	1.17e-01	1.79e-01	5.66e-01	7.76e-02	3.18e-03
 1.33543e+23	1.42e-29	1.77e-23	1.08e-19	1.05e-16	4.35e-12	1.02e-08	4.34e-06	3.39e-04	7.60e-03	5.37e-02	1.23e-01	1.82e-01	5.56e-01	7.35e-02	2.90e-03
 1.35821e+23	1.75e-29	2.16e-23	1.30e-19	1.22e-16	4.97e-12	1.16e-08	4.85e-06	3.73e-04	8.19e-03	5.67e-02	1.27e-01	1.84e-01	5.49e-01	7.09e-02	2.73e-03
 1.38273e+23	2.15e-29	2.65e-23	1.55e-19	1.42e-16	5.67e-12	1.31e-08	5.43e-06	4.12e-04	8.84e-03	6.00e-02	1.32e-01	1.86e-01	5.42e-01	6.82e-02	2.56e-03
 1.41461e+23	2.75e-29	3.38e-23	1.91e-19	1.69e-16	6.64e-12	1.51e-08	6.20e-06	4.62e-04	9.65e-03	6.39e-02	1.37e-01	1.89e-01	5.33e-01	6.52e-02	2.38e-03
 1.45605e+23	3.69e-29	4.51e-23	2.47e-19	2.11e-16	8.03e-12	1.81e-08	7.26e-06	5.29e-04	1.07e-02	6.89e-02	1.43e-01	1.91e-01	5.22e-01	6.16e-02	2.17e-03
 1.50281e+23	5.20e-29	6.35e-23	3.33e-19	2.72e-16	1.00e-11	2.22e-08	8.72e-06	6.19e-04	1.21e-02	7.51e-02	1.50e-01	1.94e-01	5.09e-01	5.77e-02	1.95e-03
 1.54623e+23	7.14e-29	8.72e-23	4.41e-19	3.46e-16	1.23e-11	2.68e-08	1.03e-05	7.17e-04	1.35e-02	8.12e-02	1.57e-01	1.96e-01	4.96e-01	5.41e-02	1.77e-03
 1.58544e+23	9.12e-29	1.12e-22	5.49e-19	4.18e-16	1.45e-11	3.11e-08	1.18e-05	8.02e-04	1.48e-02	8.63e-02	1.62e-01	1.97e-01	4.86e-01	5.14e-02	1.63e-03
 1.62947e+23	1.17e-28	1.44e-22	6.86e-19	5.05e-16	1.71e-11	3.61e-08	1.35e-05	9.01e-04	1.61e-02	9.18e-02	1.67e-01	1.99e-01	4.75e-01	4.88e-02	1.50e-03
 1.68670e+23	1.54e-28	1.91e-22	8.79e-19	6.25e-16	2.06e-11	4.27e-08	1.57e-05	1.02e-03	1.77e-02	9.80e-02	1.73e-01	2.00e-01	4.63e-01	4.59e-02	1.37e-03
 1.75405e+23	2.12e-28	2.67e-22	1.18e-18	8.05e-16	2.55e-11	5.20e-08	1.87e-05	1.19e-03	1.98e-02	1.06e-01	1.80e-01	2.01e-01	4.48e-01	4.27e-02	1.22e-03
 1.81943e+23	2.94e-28	3.75e-22	1.59e-18	1.04e-15	3.18e-11	6.35e-08	2.23e-05	1.38e-03	2.22e-02	1.14e-01	1.87e-01	2.02e-01	4.32e-01	3.96e-02	1.08e-03
 1.87612e+23	3.79e-28	4.91e-22	2.02e-18	1.28e-15	3.79e-11	7.44e-08	2.56e-05	1.55e-03	2.42e-02	1.21e-01	1.93e-01	2.02e-01	4.20e-01	3.72e-02	9.89e-04
 1.93661e+23	4.52e-28	5.96e-22	2.40e-18	1.48e-15	4.30e-11	8.33e-08	2.83e-05	1.68e-03	2.58e-02	1.26e-01	1.97e-01	2.02e-01	4.11e-01	3.56e-02	9.24e-04
 2.01084e+23	5.58e-28	7.52e-22	2.94e-18	1.76e-15	4.99e-11	9.54e-08	3.19e-05	1.86e-03	2.78e-02	1.33e-01	2.02e-01	2.02e-01	4.00e-01	3.37e-02	8.51e-04
 2.09251e+23	7.04e-28	9.71e-22	3.69e-18	2.14e-15	5.89e-11	1.11e-07	3.63e-05	2.07e-03	3.01e-02	1.40e-01	2.07e-01	2.01e-01	3.87e-01	3.17e-02	7.76e-04
 2.17744e+23	8.62e-28	1.22e-21	4.51e-18	2.55e-15	6.84e-11	1.26e-07	4.07e-05	2.28e-03	3.23e-02	1.47e-01	2.11e-01	2.01e-01	3.77e-01	3.00e-02	7.15e-04
 2.26244e+23	1.05e-27	1.52e-21	5.49e-18	3.02e-15	7.89e-11	1.43e-07	4.55e-05	2.50e-03	3.46e-02	1.53e-01	2.15e-01	2.00e-01	3.66e-01	2.84e-02	6.59e-04
 2.34168e+23	1.23e-27	1.83e-21	6.46e-18	3.47e-15	8.89e-11	1.60e-07	5.00e-05	2.70e-03	3.66e-02	1.59e-01	2.18e-01	1.99e-01	3.57e-01	2.71e-02	6.15e-04
 2.41299e+23	1.41e-27	2.14e-21	7.43e-18	3.91e-15	9.84e-11	1.75e-07	5.40e-05	2.88e-03	3.83e-02	1.64e-01	2.21e-01	1.98e-01	3.49e-01	2.60e-02	5.79e-04
 2.47718e+23	1.56e-27	2.42e-21	8.28e-18	4.30e-15	1.06e-10	1.88e-07	5.75e-05	3.04e-03	3.98e-02	1.67e-01	2.23e-01	1.98e-01	3.43e-01	2.51e-02	5.52e-04
 2.53494e+23	1.70e-27	2.68e-21	9.06e-18	4.64e-15	1.14e-10	1.99e-07	6.04e-05	3.17e-03	4.10e-02	1.71e-01	2.25e-01	1.97e-01	3.38e-01	2.45e-02	5.31e-04
 2.58693e+23	1.82e-27	2.91e-21	9.75e-18	4.94e-15	1.20e-10	2.08e-07	6.30e-05	3.28e-03	4.20e-02	1.73e-01	2.26e-01	1.97e-01	3.34e-01	2.39e-02	5.14e-04
 2.63372e+23	1.93e-27	3.13e-21	1.04e-17	5.22e-15	1.26e-10	2.17e-07	6.53e-05	3.37e-03	4.29e-02	1.76e-01	2.27e-01	1.96e-01	3.31e-01	2.35e-02	5.00e-04
 2.67583e+23	2.01e-27	3.30e-21	1.09e-17	5.43e-15	1.30e-10	2.24e-07	6.70e-05	3.45e-03	4.36e-02	1.77e-01	2.28e-01	1.96e-01	3.28e-01	2.31e-02	4.90e-04
 2.71373e+23	2.07e-27	3.44e-21	1.13e-17	5.63e-15	1.34e-10	2.30e-07	6.84e-05	3.50e-03	4.41e-02	1.79e-01	2.29e-01	1.95e-01	3.26e-01	2.29e-02	4.84e-04
 2.74784e+23	2.10e-27	3.52e-21	1.16e-17	5.74e-15	1.36e-10	2.33e-07	6.92e-05	3.53e-03	4.44e-02	1.79e-01	2.29e-01	1.95e-01	3.25e-01	2.28e-02	4.80e-04
 2.77927e+23	2.18e-27	3.69e-21	1.20e-17	5.93e-15	1.40e-10	2.39e-07	7.08e-05	3.60e-03	4.50e-02	1.81e-01	2.30e-01	1.95e-01	3.23e-01	2.25e-02	4.70e-04
 2.80981e+23	2.17e-27	3.72e-21	1.21e-17	5.99e-15	1.41e-10	2.40e-07	7.10e-05	3.61e-03	4.51e-02	1.81e-01	2.30e-01	1.95e-01	3.23e-01	2.25e-02	4.70e-04
 2.84036e+23	2.19e-27	3.79e-21	1.23e-17	6.06e-15	1.43e-10	2.43e-07	7.17e-05	3.64e-03	4.53e-02	1.82e-01	2.30e-01	1.95e-01	3.22e-01	2.24e-02	4.66e-04
 2.87091e+23	2.21e-27	3.85e-21	1.25e-17	6.14e-15	1.44e-10	2.45e-07	7.23e-05	3.66e-03	4.56e-02	1.82e-01	2.30e-01	1.95e-01	3.21e-01	2.23e-02	4.63e-04
 2.90146e+23	2.23e-27	3.92e-21	1.27e-17	6.21e-15	1.46e-10	2.47e-07	7.29e-05	3.69e-03	4.58e-02	1.83e-01	2.30e-01	1.94e-01	3.20e-01	2.22e-02	4.60e-04
 2.93201e+23	2.21e-27	3.94e-21	1.28e-17	6.24e-15	1.46e-10	2.48e-07	7.30e-05	3.69e-03	4.58e-02	1.83e-01	2.31e-01	1.94e-01	3.20e-01	2.21e-02	4.59e-04
 2.96256e+23	2.21e-27	3.96e-21	1.28e-17	6.27e-15	1.47e-10	2.49e-07	7.33e-05	3.70e-03	4.59e-02	1.83e-01	2.31e-01	1.94e-01	3.20e-01	2.21e-02	4.58e-04
 2.99310e+23	2.19e-27	3.98e-21	1.29e-17	6.29e-15	1.47e-10	2.49e-07	7.34e-05	3.71e-03	4.60e-02	1.83e-01	2.31e-01	1.94e-01	3.19e-01	2.21e-02	4.57e-04
 3.02365e+23	2.19e-27	4.00e-21	1.29e-17	6.32e-15	1.48e-10	2.50e-07	7.37e-05	3.72e-03	4.61e-02	1.83e-01	2.31e-01	1.94e-01	3.19e-01	2.20e-02	4.56e-04
 3.04687e+23	2.30e-27	4.22e-21	1.36e-17	6.57e-15	1.53e-10	2.58e-07	7.56e-05	3.80e-03	4.68e-02	1.85e-01	2.32e-01	1.94e-01	3.16e-01	2.17e-02	4.46e-04
