#depth	Mg	Mg+	Mg+2	Mg+3	Mg+4	Mg+5	Mg+6	Mg+7	Mg+8	Mg+9	Mg+10	Mg+11	Mg+12
 6.17135e+19	0.00e+00	0.00e+00	0.00e+00	0.00e+00	0.00e+00	0.00e+00	3.49e-26	4.77e-21	3.36e-16	1.24e-11	8.34e-07	1.77e-03	9.98e-01
 1.87609e+20	0.00e+00	0.00e+00	0.00e+00	0.00e+00	0.00e+00	0.00e+00	5.61e-26	7.07e-21	4.60e-16	1.57e-11	9.76e-07	1.92e-03	9.98e-01
 3.18540e+20	0.00e+00	0.00e+00	0.00e+00	0.00e+00	0.00e+00	0.00e+00	8.98e-26	1.05e-20	6.29e-16	1.98e-11	1.14e-06	2.07e-03	9.98e-01
 4.54709e+20	0.00e+00	0.00e+00	0.00e+00	0.00e+00	0.00e+00	4.51e-31	1.44e-25	1.55e-20	8.61e-16	2.51e-11	1.33e-06	2.24e-03	9.98e-01
 5.86273e+20	0.00e+00	0.00e+00	0.00e+00	0.00e+00	0.00e+00	7.50e-31	2.22e-25	2.23e-20	1.15e-15	3.12e-11	1.54e-06	2.41e-03	9.98e-01
 7.07693e+20	0.00e+00	0.00e+00	0.00e+00	0.00e+00	0.00e+00	1.19e-30	3.29e-25	3.09e-20	1.49e-15	3.79e-11	1.76e-06	2.57e-03	9.97e-01
 8.44020e+20	0.00e+00	0.00e+00	0.00e+00	0.00e+00	0.00e+00	1.95e-30	5.03e-25	4.39e-20	1.98e-15	4.67e-11	2.02e-06	2.76e-03	9.97e-01
 1.00121e+21	0.00e+00	0.00e+00	0.00e+00	0.00e+00	0.00e+00	3.39e-30	8.08e-25	6.51e-20	2.71e-15	5.91e-11	2.37e-06	2.99e-03	9.97e-01
 1.15077e+21	0.00e+00	0.00e+00	0.00e+00	0.00e+00	0.00e+00	5.62e-30	1.25e-24	9.35e-20	3.61e-15	7.33e-11	2.74e-06	3.21e-03	9.97e-01
 1.28715e+21	0.00e+00	0.00e+00	0.00e+00	0.00e+00	0.00e+00	8.79e-30	1.83e-24	1.29e-19	4.66e-15	8.87e-11	3.11e-06	3.42e-03	9.97e-01
 1.44114e+21	0.00e+00	0.00e+00	0.00e+00	0.00e+00	0.00e+00	1.44e-29	2.78e-24	1.82e-19	6.15e-15	1.09e-10	3.57e-06	3.67e-03	9.96e-01
 1.62045e+21	0.00e+00	0.00e+00	0.00e+00	0.00e+00	0.00e+00	2.49e-29	4.46e-24	2.70e-19	8.41e-15	1.38e-10	4.18e-06	3.97e-03	9.96e-01
 1.78040e+21	0.00e+00	0.00e+00	0.00e+00	0.00e+00	0.00e+00	4.00e-29	6.70e-24	3.78e-19	1.10e-14	1.68e-10	4.78e-06	4.25e-03	9.96e-01
 1.90772e+21	0.00e+00	0.00e+00	0.00e+00	0.00e+00	0.00e+00	5.78e-29	9.16e-24	4.91e-19	1.35e-14	1.97e-10	5.30e-06	4.47e-03	9.96e-01
 2.04491e+21	0.00e+00	0.00e+00	0.00e+00	0.00e+00	0.00e+00	8.51e-29	1.28e-23	6.46e-19	1.69e-14	2.32e-10	5.91e-06	4.73e-03	9.95e-01
 2.22327e+21	0.00e+00	0.00e+00	0.00e+00	0.00e+00	0.00e+00	1.39e-28	1.94e-23	9.15e-19	2.22e-14	2.85e-10	6.79e-06	5.07e-03	9.95e-01
 2.40900e+21	0.00e+00	0.00e+00	0.00e+00	0.00e+00	0.00e+00	2.27e-28	2.96e-23	1.30e-18	2.94e-14	3.50e-10	7.81e-06	5.43e-03	9.95e-01
 2.56604e+21	0.00e+00	0.00e+00	0.00e+00	0.00e+00	0.00e+00	3.40e-28	4.18e-23	1.73e-18	3.69e-14	4.15e-10	8.76e-06	5.75e-03	9.94e-01
 2.73193e+21	0.00e+00	0.00e+00	0.00e+00	0.00e+00	0.00e+00	5.17e-28	5.97e-23	2.33e-18	4.67e-14	4.95e-10	9.85e-06	6.10e-03	9.94e-01
 2.91918e+21	0.00e+00	0.00e+00	0.00e+00	0.00e+00	0.00e+00	8.18e-28	8.84e-23	3.23e-18	6.05e-14	6.00e-10	1.12e-05	6.51e-03	9.93e-01
 3.09772e+21	0.00e+00	0.00e+00	0.00e+00	0.00e+00	0.00e+00	1.25e-27	1.27e-22	4.36e-18	7.69e-14	7.17e-10	1.26e-05	6.92e-03	9.93e-01
 3.29335e+21	0.00e+00	0.00e+00	0.00e+00	0.00e+00	0.00e+00	1.97e-27	1.87e-22	6.02e-18	9.93e-14	8.67e-10	1.44e-05	7.37e-03	9.93e-01
 3.50873e+21	0.00e+00	0.00e+00	0.00e+00	0.00e+00	0.00e+00	3.21e-27	2.84e-22	8.50e-18	1.31e-13	1.06e-09	1.65e-05	7.90e-03	9.92e-01
 3.70222e+21	0.00e+00	0.00e+00	0.00e+00	0.00e+00	0.00e+00	4.90e-27	4.08e-22	1.15e-17	1.66e-13	1.27e-09	1.86e-05	8.38e-03	9.92e-01
 3.86407e+21	0.00e+00	0.00e+00	0.00e+00	0.00e+00	0.00e+00	6.93e-27	5.49e-22	1.47e-17	2.01e-13	1.47e-09	2.05e-05	8.80e-03	9.91e-01
 4.03235e+21	0.00e+00	0.00e+00	0.00e+00	0.00e+00	0.00e+00	9.89e-27	7.44e-22	1.89e-17	2.46e-13	1.70e-09	2.26e-05	9.26e-03	9.91e-01
 4.25112e+21	0.00e+00	0.00e+00	0.00e+00	0.00e+00	0.00e+00	1.54e-26	1.09e-21	2.59e-17	3.16e-13	2.05e-09	2.56e-05	9.85e-03	9.90e-01
 4.47480e+21	0.00e+00	0.00e+00	0.00e+00	0.00e+00	0.00e+00	2.42e-26	1.59e-21	3.55e-17	4.06e-13	2.46e-09	2.91e-05	1.05e-02	9.89e-01
 4.65243e+21	0.00e+00	0.00e+00	0.00e+00	0.00e+00	0.00e+00	3.46e-26	2.16e-21	4.57e-17	4.95e-13	2.85e-09	3.21e-05	1.10e-02	9.89e-01
 4.83089e+21	0.00e+00	0.00e+00	0.00e+00	0.00e+00	0.00e+00	4.87e-26	2.90e-21	5.83e-17	6.00e-13	3.29e-09	3.53e-05	1.16e-02	9.88e-01
 5.06289e+21	0.00e+00	0.00e+00	0.00e+00	0.00e+00	3.23e-31	7.53e-26	4.20e-21	7.93e-17	7.65e-13	3.94e-09	3.99e-05	1.23e-02	9.88e-01
 5.30279e+21	0.00e+00	0.00e+00	0.00e+00	0.00e+00	5.37e-31	1.17e-25	6.13e-21	1.08e-16	9.80e-13	4.73e-09	4.52e-05	1.31e-02	9.87e-01
 5.49696e+21	0.00e+00	0.00e+00	0.00e+00	0.00e+00	8.14e-31	1.68e-25	8.35e-21	1.40e-16	1.20e-12	5.48e-09	4.99e-05	1.38e-02	9.86e-01
 5.66734e+21	0.00e+00	0.00e+00	0.00e+00	0.00e+00	1.16e-30	2.29e-25	1.09e-20	1.74e-16	1.42e-12	6.22e-09	5.44e-05	1.44e-02	9.86e-01
 5.83554e+21	0.00e+00	0.00e+00	0.00e+00	0.00e+00	1.64e-30	3.09e-25	1.40e-20	2.15e-16	1.68e-12	7.03e-09	5.91e-05	1.50e-02	9.85e-01
 6.02690e+21	0.00e+00	0.00e+00	0.00e+00	0.00e+00	2.38e-30	4.28e-25	1.85e-20	2.70e-16	2.01e-12	8.04e-09	6.47e-05	1.57e-02	9.84e-01
 6.23736e+21	0.00e+00	0.00e+00	0.00e+00	0.00e+00	3.60e-30	6.14e-25	2.52e-20	3.49e-16	2.46e-12	9.32e-09	7.15e-05	1.65e-02	9.83e-01
 6.42678e+21	0.00e+00	0.00e+00	0.00e+00	0.00e+00	5.21e-30	8.46e-25	3.31e-20	4.37e-16	2.94e-12	1.06e-08	7.81e-05	1.72e-02	9.83e-01
 6.59903e+21	0.00e+00	0.00e+00	0.00e+00	0.00e+00	7.22e-30	1.12e-24	4.22e-20	5.34e-16	3.44e-12	1.19e-08	8.45e-05	1.79e-02	9.82e-01
 6.79481e+21	0.00e+00	0.00e+00	0.00e+00	0.00e+00	1.05e-29	1.55e-24	5.56e-20	6.71e-16	4.12e-12	1.36e-08	9.24e-05	1.87e-02	9.81e-01
 7.00977e+21	0.00e+00	0.00e+00	0.00e+00	0.00e+00	1.57e-29	2.20e-24	7.48e-20	8.58e-16	4.99e-12	1.57e-08	1.02e-04	1.97e-02	9.80e-01
 7.20535e+21	0.00e+00	0.00e+00	0.00e+00	0.00e+00	2.23e-29	3.00e-24	9.74e-20	1.07e-15	5.93e-12	1.78e-08	1.11e-04	2.05e-02	9.79e-01
 7.41530e+21	0.00e+00	0.00e+00	0.00e+00	0.00e+00	3.27e-29	4.18e-24	1.29e-19	1.35e-15	7.12e-12	2.04e-08	1.21e-04	2.15e-02	9.78e-01
 7.64595e+21	0.00e+00	0.00e+00	0.00e+00	0.00e+00	4.95e-29	6.00e-24	1.76e-19	1.74e-15	8.69e-12	2.36e-08	1.34e-04	2.25e-02	9.77e-01
 7.85119e+21	0.00e+00	0.00e+00	0.00e+00	0.00e+00	7.08e-29	8.19e-24	2.29e-19	2.17e-15	1.03e-11	2.68e-08	1.46e-04	2.35e-02	9.76e-01
 8.02347e+21	0.00e+00	0.00e+00	0.00e+00	0.00e+00	9.58e-29	1.07e-23	2.87e-19	2.61e-15	1.20e-11	2.98e-08	1.57e-04	2.44e-02	9.75e-01
 8.20519e+21	0.00e+00	0.00e+00	0.00e+00	0.00e+00	1.31e-28	1.40e-23	3.61e-19	3.15e-15	1.39e-11	3.33e-08	1.69e-04	2.53e-02	9.75e-01
 8.44142e+21	0.00e+00	0.00e+00	0.00e+00	0.00e+00	1.96e-28	1.98e-23	4.87e-19	4.04e-15	1.68e-11	3.84e-08	1.86e-04	2.65e-02	9.73e-01
 8.67722e+21	0.00e+00	0.00e+00	0.00e+00	0.00e+00	2.92e-28	2.80e-23	6.54e-19	5.15e-15	2.04e-11	4.42e-08	2.04e-04	2.78e-02	9.72e-01
 8.85977e+21	0.00e+00	0.00e+00	0.00e+00	0.00e+00	3.95e-28	3.65e-23	8.19e-19	6.21e-15	2.36e-11	4.92e-08	2.20e-04	2.88e-02	9.71e-01
 9.04438e+21	0.00e+00	0.00e+00	0.00e+00	0.00e+00	5.36e-28	4.76e-23	1.03e-18	7.48e-15	2.73e-11	5.48e-08	2.36e-04	2.99e-02	9.70e-01
 9.28437e+21	0.00e+00	0.00e+00	0.00e+00	0.00e+00	7.83e-28	6.61e-23	1.36e-18	9.45e-15	3.28e-11	6.26e-08	2.58e-04	3.12e-02	9.69e-01
 9.53015e+21	0.00e+00	0.00e+00	0.00e+00	0.00e+00	1.18e-27	9.43e-23	1.84e-18	1.21e-14	3.99e-11	7.23e-08	2.84e-04	3.27e-02	9.67e-01
 9.72381e+21	0.00e+00	0.00e+00	0.00e+00	0.00e+00	1.61e-27	1.24e-22	2.32e-18	1.47e-14	4.64e-11	8.07e-08	3.06e-04	3.40e-02	9.66e-01
 9.88177e+21	0.00e+00	0.00e+00	0.00e+00	0.00e+00	2.06e-27	1.54e-22	2.79e-18	1.71e-14	5.23e-11	8.81e-08	3.25e-04	3.50e-02	9.65e-01
 1.00530e+22	0.00e+00	0.00e+00	0.00e+00	0.00e+00	2.70e-27	1.94e-22	3.40e-18	2.02e-14	5.95e-11	9.68e-08	3.46e-04	3.61e-02	9.64e-01
 1.02756e+22	0.00e+00	0.00e+00	0.00e+00	0.00e+00	3.77e-27	2.59e-22	4.36e-18	2.48e-14	6.99e-11	1.09e-07	3.74e-04	3.75e-02	9.62e-01
 1.05083e+22	0.00e+00	0.00e+00	0.00e+00	0.00e+00	5.45e-27	3.57e-22	5.73e-18	3.11e-14	8.34e-11	1.24e-07	4.08e-04	3.91e-02	9.60e-01
 1.06982e+22	0.00e+00	0.00e+00	0.00e+00	0.00e+00	7.29e-27	4.60e-22	7.11e-18	3.71e-14	9.59e-11	1.38e-07	4.37e-04	4.04e-02	9.59e-01
 1.08893e+22	0.00e+00	0.00e+00	0.00e+00	0.00e+00	9.71e-27	5.90e-22	8.80e-18	4.43e-14	1.10e-10	1.52e-07	4.67e-04	4.18e-02	9.58e-01
 1.11377e+22	0.00e+00	0.00e+00	0.00e+00	0.00e+00	1.40e-26	8.13e-22	1.16e-17	5.56e-14	1.32e-10	1.73e-07	5.10e-04	4.36e-02	9.56e-01
 1.13835e+22	0.00e+00	0.00e+00	0.00e+00	0.00e+00	2.03e-26	1.12e-21	1.52e-17	6.96e-14	1.57e-10	1.97e-07	5.55e-04	4.55e-02	9.54e-01
 1.15699e+22	0.00e+00	0.00e+00	0.00e+00	0.00e+00	2.66e-26	1.42e-21	1.86e-17	8.25e-14	1.79e-10	2.18e-07	5.92e-04	4.69e-02	9.52e-01
 1.17561e+22	0.00e+00	0.00e+00	0.00e+00	0.00e+00	3.49e-26	1.79e-21	2.27e-17	9.73e-14	2.04e-10	2.39e-07	6.30e-04	4.84e-02	9.51e-01
 1.19983e+22	0.00e+00	0.00e+00	0.00e+00	0.00e+00	4.93e-26	2.42e-21	2.94e-17	1.20e-13	2.41e-10	2.70e-07	6.84e-04	5.03e-02	9.49e-01
 1.22510e+22	0.00e+00	0.00e+00	0.00e+00	0.00e+00	7.07e-26	3.31e-21	3.85e-17	1.50e-13	2.87e-10	3.07e-07	7.44e-04	5.24e-02	9.47e-01
 1.24542e+22	0.00e+00	0.00e+00	0.00e+00	3.96e-31	9.42e-26	4.25e-21	4.76e-17	1.80e-13	3.30e-10	3.40e-07	7.95e-04	5.42e-02	9.45e-01
 1.26277e+22	0.00e+00	0.00e+00	0.00e+00	5.22e-31	1.20e-25	5.26e-21	5.71e-17	2.09e-13	3.71e-10	3.71e-07	8.42e-04	5.57e-02	9.43e-01
 1.28260e+22	0.00e+00	0.00e+00	0.00e+00	7.10e-31	1.58e-25	6.65e-21	6.99e-17	2.47e-13	4.23e-10	4.09e-07	8.97e-04	5.74e-02	9.42e-01
 1.30837e+22	0.00e+00	0.00e+00	0.00e+00	1.06e-30	2.24e-25	9.03e-21	9.07e-17	3.07e-13	5.01e-10	4.63e-07	9.73e-04	5.97e-02	9.39e-01
 1.33490e+22	0.00e+00	0.00e+00	0.00e+00	1.59e-30	3.21e-25	1.23e-20	1.19e-16	3.83e-13	5.96e-10	5.26e-07	1.06e-03	6.22e-02	9.37e-01
 1.35652e+22	0.00e+00	0.00e+00	0.00e+00	2.21e-30	4.29e-25	1.59e-20	1.47e-16	4.59e-13	6.86e-10	5.83e-07	1.13e-03	6.42e-02	9.35e-01
 1.37874e+22	0.00e+00	0.00e+00	0.00e+00	3.08e-30	5.74e-25	2.05e-20	1.83e-16	5.50e-13	7.91e-10	6.47e-07	1.21e-03	6.64e-02	9.32e-01
 1.40339e+22	0.00e+00	0.00e+00	0.00e+00	4.44e-30	7.93e-25	2.71e-20	2.33e-16	6.71e-13	9.25e-10	7.26e-07	1.31e-03	6.88e-02	9.30e-01
 1.42604e+22	0.00e+00	0.00e+00	0.00e+00	6.20e-30	1.06e-24	3.50e-20	2.90e-16	8.06e-13	1.07e-09	8.06e-07	1.40e-03	7.11e-02	9.28e-01
 1.44696e+22	0.00e+00	0.00e+00	0.00e+00	8.40e-30	1.39e-24	4.42e-20	3.54e-16	9.51e-13	1.21e-09	8.87e-07	1.49e-03	7.32e-02	9.25e-01
 1.47075e+22	0.00e+00	0.00e+00	0.00e+00	1.18e-29	1.87e-24	5.73e-20	4.42e-16	1.14e-12	1.40e-09	9.87e-07	1.60e-03	7.57e-02	9.23e-01
 1.49740e+22	0.00e+00	0.00e+00	0.00e+00	1.72e-29	2.61e-24	7.65e-20	5.67e-16	1.41e-12	1.65e-09	1.11e-06	1.73e-03	7.85e-02	9.20e-01
 1.52225e+22	0.00e+00	0.00e+00	0.00e+00	2.43e-29	3.55e-24	9.99e-20	7.13e-16	1.70e-12	1.92e-09	1.24e-06	1.85e-03	8.12e-02	9.17e-01
 1.54530e+22	0.00e+00	0.00e+00	0.00e+00	3.34e-29	4.69e-24	1.27e-19	8.78e-16	2.03e-12	2.20e-09	1.37e-06	1.98e-03	8.38e-02	9.14e-01
 1.57149e+22	0.00e+00	0.00e+00	0.00e+00	4.75e-29	6.39e-24	1.67e-19	1.11e-15	2.46e-12	2.55e-09	1.53e-06	2.13e-03	8.67e-02	9.11e-01
 1.60008e+22	0.00e+00	0.00e+00	0.00e+00	6.96e-29	8.96e-24	2.24e-19	1.43e-15	3.04e-12	3.01e-09	1.73e-06	2.30e-03	9.00e-02	9.08e-01
 1.62580e+22	0.00e+00	0.00e+00	0.00e+00	9.85e-29	1.22e-23	2.93e-19	1.79e-15	3.68e-12	3.50e-09	1.93e-06	2.47e-03	9.30e-02	9.04e-01
 1.64875e+22	0.00e+00	0.00e+00	0.00e+00	1.31e-28	1.57e-23	3.65e-19	2.17e-15	4.31e-12	3.96e-09	2.11e-06	2.62e-03	9.57e-02	9.02e-01
 1.67409e+22	0.00e+00	0.00e+00	0.00e+00	1.81e-28	2.08e-23	4.67e-19	2.68e-15	5.14e-12	4.55e-09	2.34e-06	2.80e-03	9.87e-02	8.99e-01
 1.70704e+22	0.00e+00	0.00e+00	0.00e+00	2.72e-28	2.98e-23	6.39e-19	3.51e-15	6.44e-12	5.43e-09	2.66e-06	3.04e-03	1.03e-01	8.94e-01
 1.74047e+22	0.00e+00	0.00e+00	0.00e+00	4.11e-28	4.29e-23	8.77e-19	4.61e-15	8.08e-12	6.48e-09	3.04e-06	3.31e-03	1.07e-01	8.90e-01
 1.76713e+22	0.00e+00	0.00e+00	0.00e+00	5.67e-28	5.70e-23	1.12e-18	5.71e-15	9.65e-12	7.45e-09	3.36e-06	3.54e-03	1.10e-01	8.86e-01
 1.79438e+22	0.00e+00	0.00e+00	0.00e+00	7.79e-28	7.54e-23	1.43e-18	7.04e-15	1.15e-11	8.55e-09	3.72e-06	3.77e-03	1.13e-01	8.83e-01
 1.82982e+22	0.00e+00	0.00e+00	0.00e+00	1.17e-27	1.08e-22	1.96e-18	9.21e-15	1.44e-11	1.02e-08	4.23e-06	4.10e-03	1.18e-01	8.78e-01
 1.86543e+22	0.00e+00	0.00e+00	0.00e+00	1.75e-27	1.54e-22	2.67e-18	1.20e-14	1.80e-11	1.21e-08	4.81e-06	4.45e-03	1.22e-01	8.73e-01
 1.89332e+22	0.00e+00	0.00e+00	0.00e+00	2.38e-27	2.02e-22	3.39e-18	1.48e-14	2.14e-11	1.39e-08	5.31e-06	4.74e-03	1.26e-01	8.69e-01
 1.92161e+22	0.00e+00	0.00e+00	0.00e+00	3.22e-27	2.64e-22	4.28e-18	1.81e-14	2.53e-11	1.58e-08	5.85e-06	5.05e-03	1.30e-01	8.65e-01
 1.95838e+22	0.00e+00	0.00e+00	0.00e+00	4.73e-27	3.71e-22	5.76e-18	2.33e-14	3.13e-11	1.87e-08	6.61e-06	5.46e-03	1.35e-01	8.60e-01
 1.99716e+22	0.00e+00	0.00e+00	0.00e+00	7.07e-27	5.29e-22	7.84e-18	3.05e-14	3.91e-11	2.23e-08	7.52e-06	5.93e-03	1.40e-01	8.54e-01
 2.03022e+22	0.00e+00	0.00e+00	0.00e+00	9.88e-27	7.10e-22	1.02e-17	3.81e-14	4.71e-11	2.58e-08	8.37e-06	6.35e-03	1.44e-01	8.50e-01
 2.06489e+22	0.00e+00	0.00e+00	0.00e+00	1.38e-26	9.56e-22	1.32e-17	4.76e-14	5.68e-11	2.99e-08	9.31e-06	6.80e-03	1.49e-01	8.45e-01
 2.10278e+22	0.00e+00	0.00e+00	0.00e+00	1.99e-26	1.32e-21	1.74e-17	6.07e-14	6.96e-11	3.50e-08	1.05e-05	7.33e-03	1.54e-01	8.39e-01
 2.13689e+22	0.00e+00	0.00e+00	0.00e+00	2.75e-26	1.75e-21	2.23e-17	7.51e-14	8.32e-11	4.03e-08	1.16e-05	7.82e-03	1.58e-01	8.34e-01
 2.17326e+22	0.00e+00	0.00e+00	0.00e+00	3.82e-26	2.35e-21	2.88e-17	9.36e-14	1.00e-10	4.65e-08	1.29e-05	8.37e-03	1.63e-01	8.28e-01
 2.21415e+22	0.00e+00	0.00e+00	0.00e+00	5.52e-26	3.24e-21	3.82e-17	1.19e-13	1.23e-10	5.46e-08	1.45e-05	9.01e-03	1.69e-01	8.22e-01
 2.25266e+22	0.00e+00	0.00e+00	0.00e+00	7.74e-26	4.37e-21	4.96e-17	1.50e-13	1.48e-10	6.33e-08	1.61e-05	9.65e-03	1.74e-01	8.16e-01
 2.28887e+22	0.00e+00	0.00e+00	0.00e+00	1.05e-25	5.75e-21	6.30e-17	1.84e-13	1.76e-10	7.24e-08	1.78e-05	1.03e-02	1.79e-01	8.11e-01
 2.33032e+22	0.00e+00	0.00e+00	4.63e-31	1.49e-25	7.79e-21	8.22e-17	2.31e-13	2.13e-10	8.41e-08	1.99e-05	1.10e-02	1.84e-01	8.05e-01
 2.37637e+22	0.00e+00	0.00e+00	7.05e-31	2.16e-25	1.09e-20	1.10e-16	2.97e-13	2.63e-10	9.91e-08	2.24e-05	1.19e-02	1.91e-01	7.97e-01
 2.41719e+22	0.00e+00	0.00e+00	1.02e-30	3.00e-25	1.45e-20	1.42e-16	3.70e-13	3.15e-10	1.14e-07	2.48e-05	1.27e-02	1.96e-01	7.91e-01
 2.45267e+22	0.00e+00	0.00e+00	1.39e-30	3.97e-25	1.86e-20	1.76e-16	4.45e-13	3.68e-10	1.29e-07	2.71e-05	1.34e-02	2.01e-01	7.86e-01
 2.49243e+22	0.00e+00	0.00e+00	1.94e-30	5.36e-25	2.42e-20	2.21e-16	5.44e-13	4.35e-10	1.47e-07	2.99e-05	1.43e-02	2.06e-01	7.79e-01
 2.54411e+22	0.00e+00	0.00e+00	2.97e-30	7.84e-25	3.39e-20	2.97e-16	7.01e-13	5.38e-10	1.74e-07	3.37e-05	1.54e-02	2.13e-01	7.71e-01
 2.59772e+22	0.00e+00	0.00e+00	4.62e-30	1.16e-24	4.81e-20	4.03e-16	9.12e-13	6.70e-10	2.06e-07	3.82e-05	1.67e-02	2.20e-01	7.63e-01
 2.64205e+22	0.00e+00	0.00e+00	6.58e-30	1.60e-24	6.37e-20	5.15e-16	1.13e-12	8.00e-10	2.37e-07	4.22e-05	1.77e-02	2.26e-01	7.56e-01
 2.68789e+22	0.00e+00	0.00e+00	9.37e-30	2.19e-24	8.42e-20	6.57e-16	1.39e-12	9.53e-10	2.72e-07	4.67e-05	1.89e-02	2.32e-01	7.49e-01
 2.74748e+22	0.00e+00	0.00e+00	1.47e-29	3.27e-24	1.20e-19	8.96e-16	1.82e-12	1.19e-09	3.24e-07	5.29e-05	2.05e-02	2.40e-01	7.39e-01
 2.80891e+22	0.00e+00	0.00e+00	2.32e-29	4.94e-24	1.73e-19	1.23e-15	2.39e-12	1.50e-09	3.87e-07	6.03e-05	2.22e-02	2.48e-01	7.29e-01
 2.85932e+22	0.00e+00	0.00e+00	3.34e-29	6.85e-24	2.31e-19	1.59e-15	2.97e-12	1.80e-09	4.47e-07	6.68e-05	2.36e-02	2.55e-01	7.21e-01
 2.90347e+22	0.00e+00	0.00e+00	4.57e-29	9.07e-24	2.96e-19	1.97e-15	3.59e-12	2.10e-09	5.05e-07	7.30e-05	2.50e-02	2.61e-01	7.14e-01
 2.95291e+22	0.00e+00	0.00e+00	6.42e-29	1.23e-23	3.87e-19	2.49e-15	4.39e-12	2.49e-09	5.76e-07	8.03e-05	2.65e-02	2.67e-01	7.06e-01
 3.01718e+22	0.00e+00	0.00e+00	9.87e-29	1.81e-23	5.45e-19	3.36e-15	5.68e-12	3.08e-09	6.81e-07	9.05e-05	2.86e-02	2.75e-01	6.96e-01
 3.08355e+22	0.00e+00	0.00e+00	1.54e-28	2.69e-23	7.75e-19	4.56e-15	7.40e-12	3.85e-09	8.09e-07	1.03e-04	3.08e-02	2.84e-01	6.85e-01
 3.13795e+22	0.00e+00	0.00e+00	2.19e-28	3.70e-23	1.03e-18	5.84e-15	9.15e-12	4.59e-09	9.29e-07	1.13e-04	3.28e-02	2.91e-01	6.77e-01
 3.19397e+22	0.00e+00	0.00e+00	3.12e-28	5.07e-23	1.36e-18	7.44e-15	1.13e-11	5.47e-09	1.06e-06	1.25e-04	3.48e-02	2.97e-01	6.68e-01
 3.26680e+22	0.00e+00	0.00e+00	4.86e-28	7.55e-23	1.93e-18	1.01e-14	1.47e-11	6.82e-09	1.26e-06	1.41e-04	3.75e-02	3.06e-01	6.56e-01
 3.34256e+22	0.00e+00	0.00e+00	7.73e-28	1.14e-22	2.78e-18	1.40e-14	1.94e-11	8.59e-09	1.51e-06	1.61e-04	4.06e-02	3.15e-01	6.44e-01
 3.40459e+22	0.00e+00	0.00e+00	1.12e-27	1.59e-22	3.73e-18	1.80e-14	2.42e-11	1.03e-08	1.75e-06	1.78e-04	4.32e-02	3.23e-01	6.34e-01
 3.46771e+22	0.00e+00	0.00e+00	1.60e-27	2.20e-22	4.97e-18	2.31e-14	3.00e-11	1.23e-08	2.01e-06	1.96e-04	4.59e-02	3.30e-01	6.24e-01
 3.53498e+22	0.00e+00	0.00e+00	2.36e-27	3.11e-22	6.75e-18	3.02e-14	3.78e-11	1.50e-08	2.33e-06	2.18e-04	4.90e-02	3.38e-01	6.13e-01
 3.59285e+22	0.00e+00	0.00e+00	3.26e-27	4.16e-22	8.73e-18	3.78e-14	4.59e-11	1.76e-08	2.64e-06	2.39e-04	5.17e-02	3.44e-01	6.04e-01
 3.65329e+22	0.00e+00	0.00e+00	4.52e-27	5.57e-22	1.13e-17	4.74e-14	5.58e-11	2.07e-08	2.99e-06	2.61e-04	5.45e-02	3.51e-01	5.95e-01
 3.73186e+22	0.00e+00	0.00e+00	6.83e-27	8.07e-22	1.57e-17	6.31e-14	7.14e-11	2.54e-08	3.51e-06	2.92e-04	5.83e-02	3.59e-01	5.83e-01
 3.81156e+22	0.00e+00	0.00e+00	1.04e-26	1.18e-21	2.20e-17	8.47e-14	9.20e-11	3.13e-08	4.14e-06	3.28e-04	6.25e-02	3.67e-01	5.70e-01
 3.87435e+22	0.00e+00	0.00e+00	1.45e-26	1.58e-21	2.85e-17	1.06e-13	1.12e-10	3.69e-08	4.69e-06	3.58e-04	6.58e-02	3.74e-01	5.60e-01
 3.92570e+22	0.00e+00	0.00e+00	1.87e-26	1.99e-21	3.50e-17	1.27e-13	1.30e-10	4.19e-08	5.18e-06	3.84e-04	6.86e-02	3.79e-01	5.52e-01
 3.98053e+22	0.00e+00	0.00e+00	2.46e-26	2.55e-21	4.34e-17	1.53e-13	1.54e-10	4.80e-08	5.75e-06	4.14e-04	7.17e-02	3.84e-01	5.44e-01
 4.05181e+22	0.00e+00	0.00e+00	3.44e-26	3.44e-21	5.66e-17	1.93e-13	1.88e-10	5.66e-08	6.54e-06	4.53e-04	7.56e-02	3.91e-01	5.33e-01
 4.12706e+22	0.00e+00	0.00e+00	5.02e-26	4.82e-21	7.64e-17	2.51e-13	2.35e-10	6.84e-08	7.56e-06	5.01e-04	8.02e-02	3.98e-01	5.22e-01
 4.18864e+22	0.00e+00	0.00e+00	6.74e-26	6.29e-21	9.67e-17	3.08e-13	2.81e-10	7.92e-08	8.47e-06	5.43e-04	8.40e-02	4.03e-01	5.12e-01
 4.24984e+22	0.00e+00	0.00e+00	8.93e-26	8.10e-21	1.21e-16	3.75e-13	3.32e-10	9.11e-08	9.44e-06	5.85e-04	8.77e-02	4.08e-01	5.03e-01
 4.31560e+22	0.00e+00	0.00e+00	1.21e-25	1.07e-20	1.54e-16	4.63e-13	3.99e-10	1.06e-07	1.06e-05	6.35e-04	9.20e-02	4.14e-01	4.93e-01
 4.37255e+22	0.00e+00	0.00e+00	1.58e-25	1.35e-20	1.90e-16	5.56e-13	4.67e-10	1.21e-07	1.17e-05	6.81e-04	9.57e-02	4.19e-01	4.85e-01
 4.42378e+22	0.00e+00	0.00e+00	1.97e-25	1.65e-20	2.27e-16	6.49e-13	5.34e-10	1.35e-07	1.28e-05	7.23e-04	9.91e-02	4.23e-01	4.78e-01
 4.48232e+22	0.00e+00	0.00e+00	2.56e-25	2.08e-20	2.79e-16	7.77e-13	6.24e-10	1.54e-07	1.41e-05	7.74e-04	1.03e-01	4.27e-01	4.69e-01
 4.55841e+22	0.00e+00	0.00e+00	3.53e-25	2.78e-20	3.61e-16	9.73e-13	7.58e-10	1.81e-07	1.60e-05	8.43e-04	1.08e-01	4.33e-01	4.58e-01
 4.63593e+22	0.00e+00	4.61e-31	4.96e-25	3.77e-20	4.73e-16	1.23e-12	9.29e-10	2.14e-07	1.82e-05	9.23e-04	1.14e-01	4.38e-01	4.47e-01
 4.69692e+22	0.00e+00	6.14e-31	6.44e-25	4.78e-20	5.83e-16	1.48e-12	1.09e-09	2.44e-07	2.01e-05	9.89e-04	1.18e-01	4.42e-01	4.38e-01
 4.75780e+22	0.00e+00	8.08e-31	8.28e-25	5.98e-20	7.11e-16	1.76e-12	1.26e-09	2.77e-07	2.22e-05	1.06e-03	1.23e-01	4.46e-01	4.30e-01
 4.82552e+22	0.00e+00	1.10e-30	1.10e-24	7.70e-20	8.90e-16	2.14e-12	1.50e-09	3.18e-07	2.47e-05	1.14e-03	1.28e-01	4.50e-01	4.21e-01
 4.88749e+22	0.00e+00	1.45e-30	1.41e-24	9.69e-20	1.09e-15	2.56e-12	1.75e-09	3.62e-07	2.73e-05	1.22e-03	1.33e-01	4.54e-01	4.12e-01
 4.94390e+22	0.00e+00	1.87e-30	1.78e-24	1.19e-19	1.31e-15	3.00e-12	2.01e-09	4.06e-07	2.98e-05	1.29e-03	1.37e-01	4.57e-01	4.04e-01
 5.00767e+22	0.00e+00	2.44e-30	2.27e-24	1.48e-19	1.59e-15	3.55e-12	2.32e-09	4.58e-07	3.26e-05	1.37e-03	1.42e-01	4.60e-01	3.96e-01
 5.09058e+22	0.00e+00	3.46e-30	3.13e-24	1.98e-19	2.06e-15	4.44e-12	2.82e-09	5.39e-07	3.70e-05	1.49e-03	1.49e-01	4.64e-01	3.86e-01
 5.17348e+22	0.00e+00	4.96e-30	4.35e-24	2.66e-19	2.68e-15	5.60e-12	3.45e-09	6.36e-07	4.20e-05	1.63e-03	1.56e-01	4.68e-01	3.74e-01
 5.23670e+22	0.00e+00	6.49e-30	5.56e-24	3.32e-19	3.26e-15	6.65e-12	4.00e-09	7.20e-07	4.61e-05	1.74e-03	1.61e-01	4.71e-01	3.66e-01
 5.29922e+22	0.00e+00	8.36e-30	7.01e-24	4.09e-19	3.93e-15	7.82e-12	4.61e-09	8.09e-07	5.05e-05	1.84e-03	1.66e-01	4.73e-01	3.58e-01
 5.38049e+22	0.00e+00	1.15e-29	9.40e-24	5.34e-19	4.97e-15	9.62e-12	5.51e-09	9.39e-07	5.65e-05	1.99e-03	1.73e-01	4.76e-01	3.48e-01
 5.46335e+22	0.00e+00	1.62e-29	1.29e-23	7.08e-19	6.40e-15	1.20e-11	6.67e-09	1.10e-06	6.38e-05	2.16e-03	1.81e-01	4.79e-01	3.38e-01
 5.52852e+22	0.00e+00	2.11e-29	1.64e-23	8.81e-19	7.77e-15	1.42e-11	7.73e-09	1.24e-06	7.00e-05	2.29e-03	1.87e-01	4.81e-01	3.30e-01
 5.59351e+22	0.00e+00	2.71e-29	2.07e-23	1.09e-18	9.38e-15	1.67e-11	8.92e-09	1.40e-06	7.67e-05	2.44e-03	1.93e-01	4.83e-01	3.22e-01
 5.67799e+22	0.00e+00	3.70e-29	2.75e-23	1.41e-18	1.18e-14	2.05e-11	1.06e-08	1.62e-06	8.57e-05	2.62e-03	2.00e-01	4.84e-01	3.13e-01
 5.76562e+22	0.00e+00	5.20e-29	3.76e-23	1.87e-18	1.52e-14	2.55e-11	1.29e-08	1.90e-06	9.68e-05	2.84e-03	2.09e-01	4.86e-01	3.02e-01
 5.83577e+22	0.00e+00	6.85e-29	4.84e-23	2.36e-18	1.87e-14	3.06e-11	1.51e-08	2.17e-06	1.07e-04	3.03e-03	2.16e-01	4.87e-01	2.94e-01
 5.89537e+22	0.00e+00	8.47e-29	5.89e-23	2.81e-18	2.19e-14	3.52e-11	1.70e-08	2.39e-06	1.15e-04	3.19e-03	2.22e-01	4.88e-01	2.87e-01
 5.96283e+22	0.00e+00	1.08e-28	7.36e-23	3.44e-18	2.63e-14	4.12e-11	1.95e-08	2.68e-06	1.26e-04	3.38e-03	2.28e-01	4.89e-01	2.80e-01
 6.05053e+22	0.00e+00	1.46e-28	9.76e-23	4.45e-18	3.30e-14	5.04e-11	2.32e-08	3.10e-06	1.41e-04	3.63e-03	2.36e-01	4.89e-01	2.71e-01
 6.14285e+22	0.00e+00	2.03e-28	1.33e-22	5.89e-18	4.25e-14	6.28e-11	2.82e-08	3.64e-06	1.59e-04	3.93e-03	2.46e-01	4.89e-01	2.61e-01
 6.21921e+22	0.00e+00	2.69e-28	1.72e-22	7.46e-18	5.25e-14	7.56e-11	3.31e-08	4.17e-06	1.76e-04	4.20e-03	2.54e-01	4.89e-01	2.52e-01
 6.28504e+22	0.00e+00	3.34e-28	2.10e-22	8.97e-18	6.19e-14	8.73e-11	3.76e-08	4.62e-06	1.91e-04	4.42e-03	2.60e-01	4.89e-01	2.46e-01
 6.35913e+22	0.00e+00	4.26e-28	2.64e-22	1.10e-17	7.47e-14	1.03e-10	4.33e-08	5.21e-06	2.09e-04	4.69e-03	2.68e-01	4.88e-01	2.39e-01
 6.45545e+22	0.00e+00	5.77e-28	3.51e-22	1.43e-17	9.45e-14	1.26e-10	5.18e-08	6.05e-06	2.34e-04	5.04e-03	2.77e-01	4.87e-01	2.30e-01
 6.55775e+22	0.00e+00	8.07e-28	4.80e-22	1.91e-17	1.22e-13	1.59e-10	6.32e-08	7.13e-06	2.65e-04	5.46e-03	2.88e-01	4.86e-01	2.20e-01
 6.64371e+22	0.00e+00	1.07e-27	6.24e-22	2.43e-17	1.52e-13	1.92e-10	7.47e-08	8.19e-06	2.95e-04	5.85e-03	2.97e-01	4.84e-01	2.12e-01
 6.71849e+22	0.00e+00	1.35e-27	7.80e-22	2.99e-17	1.83e-13	2.26e-10	8.61e-08	9.22e-06	3.23e-04	6.19e-03	3.05e-01	4.83e-01	2.05e-01
 6.80282e+22	0.00e+00	1.72e-27	9.76e-22	3.67e-17	2.21e-13	2.66e-10	9.93e-08	1.04e-05	3.53e-04	6.56e-03	3.14e-01	4.81e-01	1.99e-01
 6.91244e+22	0.00e+00	2.34e-27	1.31e-21	4.81e-17	2.82e-13	3.30e-10	1.20e-07	1.21e-05	3.98e-04	7.07e-03	3.24e-01	4.78e-01	1.90e-01
 7.02949e+22	0.00e+00	3.27e-27	1.80e-21	6.46e-17	3.69e-13	4.17e-10	1.47e-07	1.44e-05	4.53e-04	7.68e-03	3.36e-01	4.75e-01	1.80e-01
 7.12444e+22	0.00e+00	4.31e-27	2.34e-21	8.24e-17	4.60e-13	5.06e-10	1.74e-07	1.66e-05	5.04e-04	8.22e-03	3.47e-01	4.72e-01	1.73e-01
 7.19918e+22	0.00e+00	5.29e-27	2.84e-21	9.88e-17	5.43e-13	5.86e-10	1.98e-07	1.84e-05	5.47e-04	8.65e-03	3.55e-01	4.69e-01	1.67e-01
 7.27937e+22	0.00e+00	6.45e-27	3.43e-21	1.18e-16	6.37e-13	6.73e-10	2.23e-07	2.03e-05	5.90e-04	9.08e-03	3.62e-01	4.66e-01	1.62e-01
 7.38362e+22	0.00e+00	8.33e-27	4.39e-21	1.48e-16	7.84e-13	8.08e-10	2.62e-07	2.32e-05	6.53e-04	9.67e-03	3.72e-01	4.63e-01	1.55e-01
 7.49865e+22	0.00e+00	1.10e-26	5.75e-21	1.90e-16	9.88e-13	9.89e-10	3.12e-07	2.69e-05	7.30e-04	1.04e-02	3.83e-01	4.58e-01	1.48e-01
 7.60270e+22	0.00e+00	1.42e-26	7.32e-21	2.39e-16	1.21e-12	1.18e-09	3.65e-07	3.06e-05	8.07e-04	1.10e-02	3.93e-01	4.54e-01	1.41e-01
 7.69712e+22	0.00e+00	1.77e-26	9.05e-21	2.91e-16	1.46e-12	1.39e-09	4.20e-07	3.44e-05	8.82e-04	1.17e-02	4.02e-01	4.49e-01	1.36e-01
 7.80403e+22	0.00e+00	2.21e-26	1.12e-20	3.56e-16	1.75e-12	1.63e-09	4.83e-07	3.86e-05	9.64e-04	1.23e-02	4.11e-01	4.45e-01	1.30e-01
 7.94300e+22	0.00e+00	2.92e-26	1.47e-20	4.60e-16	2.21e-12	2.01e-09	5.77e-07	4.48e-05	1.08e-03	1.32e-02	4.23e-01	4.39e-01	1.24e-01
 8.08906e+22	0.00e+00	3.96e-26	1.98e-20	6.07e-16	2.86e-12	2.51e-09	7.00e-07	5.26e-05	1.22e-03	1.43e-02	4.36e-01	4.33e-01	1.16e-01
 8.20962e+22	0.00e+00	5.05e-26	2.51e-20	7.61e-16	3.51e-12	3.00e-09	8.20e-07	5.99e-05	1.35e-03	1.52e-02	4.46e-01	4.27e-01	1.11e-01
 8.31523e+22	0.00e+00	6.16e-26	3.05e-20	9.13e-16	4.15e-12	3.48e-09	9.32e-07	6.66e-05	1.46e-03	1.60e-02	4.54e-01	4.22e-01	1.06e-01
 8.43612e+22	5.34e-31	7.56e-26	3.72e-20	1.10e-15	4.94e-12	4.05e-09	1.06e-06	7.42e-05	1.59e-03	1.68e-02	4.63e-01	4.17e-01	1.02e-01
 8.59328e+22	7.27e-31	9.78e-26	4.79e-20	1.40e-15	6.15e-12	4.90e-09	1.25e-06	8.51e-05	1.77e-03	1.79e-02	4.74e-01	4.10e-01	9.62e-02
 8.75692e+22	1.02e-30	1.29e-25	6.31e-20	1.81e-15	7.80e-12	6.04e-09	1.50e-06	9.89e-05	1.98e-03	1.92e-02	4.86e-01	4.02e-01	9.04e-02
 8.88574e+22	1.32e-30	1.61e-25	7.82e-20	2.23e-15	9.42e-12	7.12e-09	1.73e-06	1.11e-04	2.17e-03	2.03e-02	4.96e-01	3.96e-01	8.59e-02
 8.99036e+22	1.59e-30	1.88e-25	9.12e-20	2.57e-15	1.08e-11	8.00e-09	1.91e-06	1.21e-04	2.31e-03	2.11e-02	5.02e-01	3.91e-01	8.29e-02
 9.10677e+22	1.94e-30	2.22e-25	1.07e-19	3.01e-15	1.24e-11	9.07e-09	2.13e-06	1.32e-04	2.47e-03	2.20e-02	5.09e-01	3.86e-01	7.97e-02
 9.25810e+22	2.48e-30	2.72e-25	1.31e-19	3.64e-15	1.48e-11	1.06e-08	2.44e-06	1.47e-04	2.68e-03	2.32e-02	5.18e-01	3.80e-01	7.59e-02
 9.45483e+22	3.36e-30	3.50e-25	1.69e-19	4.62e-15	1.84e-11	1.28e-08	2.87e-06	1.69e-04	2.98e-03	2.47e-02	5.29e-01	3.72e-01	7.13e-02
 9.65555e+22	4.66e-30	4.60e-25	2.21e-19	5.98e-15	2.34e-11	1.57e-08	3.44e-06	1.96e-04	3.33e-03	2.65e-02	5.40e-01	3.63e-01	6.65e-02
 9.81094e+22	5.96e-30	5.66e-25	2.72e-19	7.27e-15	2.80e-11	1.84e-08	3.93e-06	2.19e-04	3.63e-03	2.78e-02	5.49e-01	3.56e-01	6.30e-02
 9.96243e+22	7.30e-30	6.71e-25	3.22e-19	8.54e-15	3.24e-11	2.10e-08	4.39e-06	2.39e-04	3.89e-03	2.90e-02	5.56e-01	3.51e-01	6.03e-02
 1.01594e+23	9.40e-30	8.29e-25	3.97e-19	1.04e-14	3.90e-11	2.46e-08	5.05e-06	2.68e-04	4.24e-03	3.06e-02	5.64e-01	3.43e-01	5.70e-02
 1.03813e+23	1.26e-29	1.06e-24	5.06e-19	1.31e-14	4.83e-11	2.96e-08	5.92e-06	3.06e-04	4.68e-03	3.25e-02	5.74e-01	3.35e-01	5.33e-02
 1.05728e+23	1.63e-29	1.31e-24	6.28e-19	1.62e-14	5.84e-11	3.50e-08	6.83e-06	3.44e-04	5.11e-03	3.43e-02	5.83e-01	3.27e-01	5.02e-02
 1.07206e+23	1.95e-29	1.53e-24	7.31e-19	1.87e-14	6.67e-11	3.93e-08	7.54e-06	3.72e-04	5.43e-03	3.55e-02	5.88e-01	3.22e-01	4.81e-02
 1.08747e+23	2.31e-29	1.77e-24	8.44e-19	2.14e-14	7.56e-11	4.38e-08	8.27e-06	4.02e-04	5.75e-03	3.68e-02	5.94e-01	3.17e-01	4.62e-02
 1.10750e+23	2.85e-29	2.11e-24	1.01e-18	2.53e-14	8.79e-11	4.99e-08	9.26e-06	4.40e-04	6.16e-03	3.83e-02	6.00e-01	3.11e-01	4.40e-02
 1.13354e+23	3.69e-29	2.62e-24	1.25e-18	3.11e-14	1.07e-10	5.91e-08	1.07e-05	4.95e-04	6.73e-03	4.04e-02	6.08e-01	3.03e-01	4.13e-02
 1.16061e+23	4.92e-29	3.35e-24	1.60e-18	3.93e-14	1.32e-10	7.12e-08	1.25e-05	5.64e-04	7.42e-03	4.28e-02	6.17e-01	2.94e-01	3.84e-02
 1.18237e+23	6.15e-29	4.06e-24	1.93e-18	4.70e-14	1.56e-10	8.21e-08	1.42e-05	6.22e-04	7.99e-03	4.47e-02	6.23e-01	2.88e-01	3.63e-02
 1.20399e+23	7.42e-29	4.76e-24	2.26e-18	5.48e-14	1.79e-10	9.28e-08	1.57e-05	6.77e-04	8.52e-03	4.64e-02	6.28e-01	2.82e-01	3.46e-02
 1.23210e+23	9.34e-29	5.81e-24	2.76e-18	6.60e-14	2.12e-10	1.08e-07	1.78e-05	7.49e-04	9.18e-03	4.85e-02	6.34e-01	2.75e-01	3.26e-02
 1.26864e+23	1.23e-28	7.37e-24	3.49e-18	8.26e-14	2.61e-10	1.29e-07	2.08e-05	8.48e-04	1.01e-02	5.12e-02	6.41e-01	2.66e-01	3.03e-02
 1.30630e+23	1.69e-28	9.72e-24	4.59e-18	1.07e-13	3.31e-10	1.58e-07	2.47e-05	9.76e-04	1.12e-02	5.44e-02	6.49e-01	2.57e-01	2.78e-02
 1.33543e+23	2.16e-28	1.20e-23	5.67e-18	1.31e-13	3.97e-10	1.85e-07	2.82e-05	1.09e-03	1.21e-02	5.69e-02	6.54e-01	2.50e-01	2.61e-02
 1.35821e+23	2.54e-28	1.39e-23	6.53e-18	1.49e-13	4.48e-10	2.05e-07	3.08e-05	1.16e-03	1.27e-02	5.86e-02	6.58e-01	2.45e-01	2.50e-02
 1.38273e+23	2.97e-28	1.59e-23	7.49e-18	1.70e-13	5.05e-10	2.28e-07	3.37e-05	1.25e-03	1.34e-02	6.05e-02	6.61e-01	2.40e-01	2.39e-02
 1.41461e+23	3.59e-28	1.88e-23	8.83e-18	1.99e-13	5.82e-10	2.58e-07	3.73e-05	1.36e-03	1.43e-02	6.26e-02	6.65e-01	2.34e-01	2.27e-02
 1.45605e+23	4.50e-28	2.31e-23	1.08e-17	2.40e-13	6.91e-10	2.99e-07	4.23e-05	1.50e-03	1.54e-02	6.53e-02	6.69e-01	2.28e-01	2.13e-02
 1.50281e+23	5.87e-28	2.93e-23	1.36e-17	2.99e-13	8.44e-10	3.55e-07	4.89e-05	1.68e-03	1.67e-02	6.84e-02	6.73e-01	2.20e-01	1.97e-02
 1.54623e+23	7.51e-28	3.67e-23	1.70e-17	3.68e-13	1.02e-09	4.17e-07	5.59e-05	1.88e-03	1.81e-02	7.15e-02	6.77e-01	2.13e-01	1.84e-02
 1.58544e+23	9.12e-28	4.39e-23	2.02e-17	4.32e-13	1.18e-09	4.73e-07	6.21e-05	2.04e-03	1.92e-02	7.40e-02	6.80e-01	2.08e-01	1.74e-02
 1.62947e+23	1.10e-27	5.22e-23	2.39e-17	5.08e-13	1.36e-09	5.37e-07	6.92e-05	2.22e-03	2.04e-02	7.66e-02	6.82e-01	2.02e-01	1.64e-02
 1.68670e+23	1.37e-27	6.39e-23	2.91e-17	6.10e-13	1.61e-09	6.19e-07	7.78e-05	2.44e-03	2.18e-02	7.95e-02	6.85e-01	1.96e-01	1.54e-02
 1.75405e+23	1.77e-27	8.11e-23	3.66e-17	7.57e-13	1.95e-09	7.32e-07	8.95e-05	2.72e-03	2.36e-02	8.30e-02	6.87e-01	1.89e-01	1.43e-02
 1.81943e+23	2.27e-27	1.03e-22	4.61e-17	9.41e-13	2.38e-09	8.67e-07	1.03e-04	3.04e-03	2.56e-02	8.68e-02	6.89e-01	1.82e-01	1.32e-02
 1.87612e+23	2.80e-27	1.26e-22	5.59e-17	1.12e-12	2.79e-09	9.94e-07	1.15e-04	3.32e-03	2.72e-02	8.98e-02	6.91e-01	1.77e-01	1.24e-02
 1.93661e+23	3.23e-27	1.44e-22	6.40e-17	1.27e-12	3.12e-09	1.09e-06	1.25e-04	3.54e-03	2.85e-02	9.20e-02	6.91e-01	1.73e-01	1.19e-02
 2.01084e+23	3.82e-27	1.71e-22	7.52e-17	1.48e-12	3.58e-09	1.23e-06	1.38e-04	3.82e-03	3.01e-02	9.46e-02	6.92e-01	1.68e-01	1.12e-02
 2.09251e+23	4.60e-27	2.05e-22	8.98e-17	1.75e-12	4.16e-09	1.40e-06	1.53e-04	4.15e-03	3.19e-02	9.77e-02	6.92e-01	1.63e-01	1.06e-02
 2.17744e+23	5.45e-27	2.44e-22	1.06e-16	2.03e-12	4.75e-09	1.57e-06	1.68e-04	4.46e-03	3.36e-02	1.00e-01	6.93e-01	1.59e-01	1.00e-02
 2.26244e+23	6.41e-27	2.88e-22	1.24e-16	2.35e-12	5.41e-09	1.75e-06	1.84e-04	4.79e-03	3.53e-02	1.03e-01	6.93e-01	1.55e-01	9.51e-03
 2.34168e+23	7.30e-27	3.30e-22	1.41e-16	2.65e-12	6.03e-09	1.92e-06	1.99e-04	5.08e-03	3.68e-02	1.05e-01	6.92e-01	1.51e-01	9.09e-03
 2.41299e+23	8.16e-27	3.70e-22	1.58e-16	2.94e-12	6.62e-09	2.08e-06	2.12e-04	5.35e-03	3.81e-02	1.07e-01	6.92e-01	1.48e-01	8.75e-03
 2.47718e+23	8.88e-27	4.05e-22	1.72e-16	3.19e-12	7.11e-09	2.21e-06	2.24e-04	5.56e-03	3.92e-02	1.09e-01	6.92e-01	1.46e-01	8.49e-03
 2.53494e+23	9.50e-27	4.36e-22	1.84e-16	3.40e-12	7.55e-09	2.33e-06	2.33e-04	5.75e-03	4.01e-02	1.10e-01	6.91e-01	1.44e-01	8.28e-03
 2.58693e+23	1.00e-26	4.64e-22	1.96e-16	3.59e-12	7.92e-09	2.42e-06	2.41e-04	5.90e-03	4.08e-02	1.11e-01	6.91e-01	1.43e-01	8.11e-03
 2.63372e+23	1.05e-26	4.89e-22	2.06e-16	3.77e-12	8.27e-09	2.51e-06	2.48e-04	6.04e-03	4.15e-02	1.12e-01	6.91e-01	1.41e-01	7.96e-03
 2.67583e+23	1.09e-26	5.08e-22	2.14e-16	3.90e-12	8.53e-09	2.58e-06	2.54e-04	6.14e-03	4.20e-02	1.13e-01	6.91e-01	1.40e-01	7.86e-03
 2.71373e+23	1.14e-26	5.34e-22	2.23e-16	4.04e-12	8.77e-09	2.64e-06	2.58e-04	6.22e-03	4.23e-02	1.13e-01	6.90e-01	1.40e-01	7.80e-03
 2.74784e+23	1.15e-26	5.47e-22	2.27e-16	4.11e-12	8.90e-09	2.67e-06	2.61e-04	6.26e-03	4.25e-02	1.13e-01	6.90e-01	1.39e-01	7.76e-03
 2.77927e+23	1.18e-26	5.60e-22	2.33e-16	4.22e-12	9.13e-09	2.73e-06	2.66e-04	6.36e-03	4.30e-02	1.14e-01	6.90e-01	1.39e-01	7.66e-03
 2.80981e+23	1.19e-26	5.70e-22	2.36e-16	4.26e-12	9.19e-09	2.75e-06	2.67e-04	6.37e-03	4.30e-02	1.14e-01	6.90e-01	1.39e-01	7.65e-03
 2.84036e+23	1.20e-26	5.75e-22	2.39e-16	4.30e-12	9.28e-09	2.77e-06	2.69e-04	6.41e-03	4.32e-02	1.14e-01	6.90e-01	1.38e-01	7.62e-03
 2.87091e+23	1.20e-26	5.82e-22	2.42e-16	4.35e-12	9.38e-09	2.80e-06	2.71e-04	6.45e-03	4.34e-02	1.15e-01	6.90e-01	1.38e-01	7.58e-03
 2.90146e+23	1.21e-26	5.88e-22	2.44e-16	4.40e-12	9.46e-09	2.82e-06	2.73e-04	6.48e-03	4.35e-02	1.15e-01	6.90e-01	1.38e-01	7.55e-03
 2.93201e+23	1.21e-26	5.94e-22	2.46e-16	4.42e-12	9.50e-09	2.83e-06	2.73e-04	6.49e-03	4.36e-02	1.15e-01	6.90e-01	1.38e-01	7.55e-03
 2.96256e+23	1.21e-26	5.94e-22	2.46e-16	4.43e-12	9.53e-09	2.84e-06	2.74e-04	6.50e-03	4.36e-02	1.15e-01	6.90e-01	1.37e-01	7.53e-03
 2.99310e+23	1.20e-26	5.97e-22	2.47e-16	4.45e-12	9.56e-09	2.84e-06	2.74e-04	6.51e-03	4.37e-02	1.15e-01	6.90e-01	1.37e-01	7.52e-03
 3.02365e+23	1.20e-26	5.99e-22	2.48e-16	4.46e-12	9.59e-09	2.85e-06	2.75e-04	6.52e-03	4.37e-02	1.15e-01	6.90e-01	1.37e-01	7.51e-03
 3.04687e+23	1.25e-26	6.21e-22	2.57e-16	4.62e-12	9.89e-09	2.93e-06	2.81e-04	6.64e-03	4.43e-02	1.16e-01	6.89e-01	1.36e-01	7.41e-03
