#depth	S	S+	S+2	S+3	S+4	S+5	S+6	S+7	S+8	S+9	S+10	S+11	S+12	S+13	S+14	S+15	S+16
 6.17135e+19	0.00e+00	0.00e+00	0.00e+00	0.00e+00	0.00e+00	0.00e+00	0.00e+00	0.00e+00	2.23e-28	5.92e-24	7.21e-20	4.34e-16	1.96e-12	6.27e-09	3.76e-05	1.13e-02	9.89e-01
 1.87609e+20	0.00e+00	0.00e+00	0.00e+00	0.00e+00	0.00e+00	0.00e+00	0.00e+00	0.00e+00	4.19e-28	1.03e-23	1.16e-19	6.43e-16	2.68e-12	7.94e-09	4.40e-05	1.22e-02	9.88e-01
 3.18540e+20	0.00e+00	0.00e+00	0.00e+00	0.00e+00	0.00e+00	0.00e+00	0.00e+00	0.00e+00	7.84e-28	1.78e-23	1.85e-19	9.51e-16	3.67e-12	1.00e-08	5.15e-05	1.32e-02	9.87e-01
 4.54709e+20	0.00e+00	0.00e+00	0.00e+00	0.00e+00	0.00e+00	0.00e+00	0.00e+00	0.00e+00	1.47e-27	3.08e-23	2.96e-19	1.41e-15	5.02e-12	1.27e-08	6.02e-05	1.43e-02	9.86e-01
 5.86273e+20	0.00e+00	0.00e+00	0.00e+00	0.00e+00	0.00e+00	0.00e+00	0.00e+00	0.00e+00	2.62e-27	5.12e-23	4.58e-19	2.02e-15	6.71e-12	1.58e-08	6.95e-05	1.53e-02	9.85e-01
 7.07693e+20	0.00e+00	0.00e+00	0.00e+00	0.00e+00	0.00e+00	0.00e+00	0.00e+00	0.00e+00	4.42e-27	8.07e-23	6.77e-19	2.80e-15	8.70e-12	1.92e-08	7.91e-05	1.63e-02	9.84e-01
 8.44020e+20	0.00e+00	0.00e+00	0.00e+00	0.00e+00	0.00e+00	0.00e+00	0.00e+00	0.00e+00	7.78e-27	1.32e-22	1.03e-18	3.99e-15	1.15e-11	2.37e-08	9.11e-05	1.75e-02	9.82e-01
 1.00121e+21	0.00e+00	0.00e+00	0.00e+00	0.00e+00	0.00e+00	0.00e+00	0.00e+00	0.00e+00	1.46e-26	2.30e-22	1.66e-18	5.92e-15	1.58e-11	3.00e-08	1.06e-04	1.89e-02	9.81e-01
 1.15077e+21	0.00e+00	0.00e+00	0.00e+00	0.00e+00	0.00e+00	0.00e+00	0.00e+00	6.32e-31	2.60e-26	3.80e-22	2.56e-18	8.48e-15	2.11e-11	3.72e-08	1.23e-04	2.03e-02	9.80e-01
 1.28715e+21	0.00e+00	0.00e+00	0.00e+00	0.00e+00	0.00e+00	0.00e+00	0.00e+00	1.12e-30	4.33e-26	5.94e-22	3.75e-18	1.17e-14	2.72e-11	4.50e-08	1.39e-04	2.16e-02	9.78e-01
 1.44114e+21	0.00e+00	0.00e+00	0.00e+00	0.00e+00	0.00e+00	0.00e+00	0.00e+00	2.10e-30	7.55e-26	9.67e-22	5.69e-18	1.65e-14	3.59e-11	5.54e-08	1.60e-04	2.31e-02	9.77e-01
 1.62045e+21	0.00e+00	0.00e+00	0.00e+00	0.00e+00	0.00e+00	0.00e+00	0.00e+00	4.24e-30	1.41e-25	1.67e-21	9.11e-18	2.45e-14	4.91e-11	7.00e-08	1.87e-04	2.50e-02	9.75e-01
 1.78040e+21	0.00e+00	0.00e+00	0.00e+00	0.00e+00	0.00e+00	0.00e+00	0.00e+00	7.79e-30	2.42e-25	2.68e-21	1.36e-17	3.43e-14	6.42e-11	8.56e-08	2.14e-04	2.67e-02	9.73e-01
 1.90772e+21	0.00e+00	0.00e+00	0.00e+00	0.00e+00	0.00e+00	0.00e+00	0.00e+00	1.24e-29	3.67e-25	3.86e-21	1.87e-17	4.44e-14	7.90e-11	1.00e-07	2.37e-04	2.81e-02	9.72e-01
 2.04491e+21	0.00e+00	0.00e+00	0.00e+00	0.00e+00	0.00e+00	0.00e+00	0.00e+00	2.04e-29	5.70e-25	5.67e-21	2.59e-17	5.85e-14	9.84e-11	1.18e-07	2.64e-04	2.96e-02	9.70e-01
 2.22327e+21	0.00e+00	0.00e+00	0.00e+00	0.00e+00	0.00e+00	0.00e+00	0.00e+00	3.81e-29	9.94e-25	9.22e-21	3.94e-17	8.28e-14	1.30e-10	1.45e-07	3.03e-04	3.17e-02	9.68e-01
 2.40900e+21	0.00e+00	0.00e+00	0.00e+00	0.00e+00	0.00e+00	0.00e+00	0.00e+00	7.15e-29	1.74e-24	1.50e-20	5.99e-17	1.17e-13	1.72e-10	1.79e-07	3.48e-04	3.39e-02	9.66e-01
 2.56604e+21	0.00e+00	0.00e+00	0.00e+00	0.00e+00	0.00e+00	0.00e+00	0.00e+00	1.20e-28	2.75e-24	2.24e-20	8.44e-17	1.56e-13	2.16e-10	2.12e-07	3.90e-04	3.59e-02	9.64e-01
 2.73193e+21	0.00e+00	0.00e+00	0.00e+00	0.00e+00	0.00e+00	0.00e+00	0.00e+00	2.04e-28	4.40e-24	3.39e-20	1.20e-16	2.10e-13	2.73e-10	2.53e-07	4.38e-04	3.80e-02	9.62e-01
 2.91918e+21	0.00e+00	0.00e+00	0.00e+00	0.00e+00	0.00e+00	0.00e+00	0.00e+00	3.65e-28	7.40e-24	5.34e-20	1.78e-16	2.91e-13	3.54e-10	3.07e-07	4.98e-04	4.04e-02	9.59e-01
 3.09772e+21	0.00e+00	0.00e+00	0.00e+00	0.00e+00	0.00e+00	0.00e+00	0.00e+00	6.27e-28	1.20e-23	8.14e-20	2.55e-16	3.93e-13	4.49e-10	3.67e-07	5.60e-04	4.28e-02	9.57e-01
 3.29335e+21	0.00e+00	0.00e+00	0.00e+00	0.00e+00	0.00e+00	0.00e+00	0.00e+00	1.12e-27	2.00e-23	1.27e-19	3.74e-16	5.42e-13	5.80e-10	4.44e-07	6.35e-04	4.55e-02	9.54e-01
 3.50873e+21	0.00e+00	0.00e+00	0.00e+00	0.00e+00	0.00e+00	0.00e+00	0.00e+00	2.07e-27	3.46e-23	2.06e-19	5.65e-16	7.64e-13	7.63e-10	5.45e-07	7.27e-04	4.86e-02	9.51e-01
 3.70222e+21	0.00e+00	0.00e+00	0.00e+00	0.00e+00	0.00e+00	0.00e+00	0.00e+00	3.55e-27	5.58e-23	3.13e-19	8.09e-16	1.03e-12	9.68e-10	6.51e-07	8.18e-04	5.15e-02	9.48e-01
 3.86407e+21	0.00e+00	0.00e+00	0.00e+00	0.00e+00	0.00e+00	0.00e+00	0.00e+00	5.50e-27	8.24e-23	4.40e-19	1.09e-15	1.32e-12	1.18e-09	7.53e-07	9.00e-04	5.40e-02	9.45e-01
 4.03235e+21	0.00e+00	0.00e+00	0.00e+00	0.00e+00	0.00e+00	0.00e+00	0.00e+00	8.63e-27	1.23e-22	6.25e-19	1.47e-15	1.69e-12	1.44e-09	8.74e-07	9.93e-04	5.66e-02	9.42e-01
 4.25112e+21	0.00e+00	0.00e+00	0.00e+00	0.00e+00	0.00e+00	0.00e+00	0.00e+00	1.52e-26	2.03e-22	9.68e-19	2.13e-15	2.31e-12	1.84e-09	1.05e-06	1.12e-03	6.00e-02	9.39e-01
 4.47480e+21	0.00e+00	0.00e+00	0.00e+00	0.00e+00	0.00e+00	0.00e+00	7.62e-31	2.67e-26	3.35e-22	1.50e-18	3.11e-15	3.17e-12	2.37e-09	1.27e-06	1.27e-03	6.37e-02	9.35e-01
 4.65243e+21	0.00e+00	0.00e+00	0.00e+00	0.00e+00	0.00e+00	0.00e+00	1.26e-30	4.19e-26	5.00e-22	2.13e-18	4.21e-15	4.07e-12	2.89e-09	1.47e-06	1.40e-03	6.68e-02	9.32e-01
 4.83089e+21	0.00e+00	0.00e+00	0.00e+00	0.00e+00	0.00e+00	0.00e+00	2.03e-30	6.44e-26	7.34e-22	2.98e-18	5.61e-15	5.18e-12	3.50e-09	1.70e-06	1.54e-03	6.99e-02	9.29e-01
 5.06289e+21	0.00e+00	0.00e+00	0.00e+00	0.00e+00	0.00e+00	0.00e+00	3.73e-30	1.11e-25	1.19e-21	4.56e-18	8.08e-15	7.03e-12	4.46e-09	2.04e-06	1.73e-03	7.39e-02	9.24e-01
 5.30279e+21	0.00e+00	0.00e+00	0.00e+00	0.00e+00	0.00e+00	0.00e+00	6.92e-30	1.94e-25	1.95e-21	7.03e-18	1.17e-14	9.58e-12	5.70e-09	2.45e-06	1.95e-03	7.83e-02	9.20e-01
 5.49696e+21	0.00e+00	0.00e+00	0.00e+00	0.00e+00	0.00e+00	0.00e+00	1.14e-29	3.04e-25	2.92e-21	9.99e-18	1.58e-14	1.23e-11	6.96e-09	2.84e-06	2.15e-03	8.20e-02	9.16e-01
 5.66734e+21	0.00e+00	0.00e+00	0.00e+00	0.00e+00	0.00e+00	0.00e+00	1.75e-29	4.48e-25	4.11e-21	1.35e-17	2.05e-14	1.53e-11	8.26e-09	3.23e-06	2.34e-03	8.54e-02	9.12e-01
 5.83554e+21	0.00e+00	0.00e+00	0.00e+00	0.00e+00	0.00e+00	0.00e+00	2.65e-29	6.49e-25	5.72e-21	1.80e-17	2.63e-14	1.88e-11	9.75e-09	3.65e-06	2.54e-03	8.87e-02	9.09e-01
 6.02690e+21	0.00e+00	0.00e+00	0.00e+00	0.00e+00	0.00e+00	0.00e+00	4.16e-29	9.74e-25	8.20e-21	2.47e-17	3.45e-14	2.36e-11	1.17e-08	4.17e-06	2.77e-03	9.24e-02	9.05e-01
 6.23736e+21	0.00e+00	0.00e+00	0.00e+00	0.00e+00	0.00e+00	0.00e+00	6.83e-29	1.52e-24	1.22e-20	3.50e-17	4.65e-14	3.03e-11	1.42e-08	4.84e-06	3.05e-03	9.67e-02	9.00e-01
 6.42678e+21	0.00e+00	0.00e+00	0.00e+00	0.00e+00	0.00e+00	0.00e+00	1.06e-28	2.26e-24	1.74e-20	4.76e-17	6.07e-14	3.79e-11	1.70e-08	5.52e-06	3.32e-03	1.01e-01	8.96e-01
 6.59903e+21	0.00e+00	0.00e+00	0.00e+00	0.00e+00	0.00e+00	0.00e+00	1.57e-28	3.22e-24	2.37e-20	6.26e-17	7.69e-14	4.61e-11	1.98e-08	6.20e-06	3.58e-03	1.04e-01	8.92e-01
 6.79481e+21	0.00e+00	0.00e+00	0.00e+00	0.00e+00	0.00e+00	0.00e+00	2.44e-28	4.79e-24	3.38e-20	8.54e-17	1.00e-13	5.77e-11	2.37e-08	7.07e-06	3.90e-03	1.09e-01	8.87e-01
 7.00977e+21	0.00e+00	0.00e+00	0.00e+00	0.00e+00	0.00e+00	0.00e+00	3.93e-28	7.36e-24	4.95e-20	1.19e-16	1.34e-13	7.34e-11	2.86e-08	8.15e-06	4.27e-03	1.13e-01	8.82e-01
 7.20535e+21	0.00e+00	0.00e+00	0.00e+00	0.00e+00	0.00e+00	0.00e+00	6.00e-28	1.08e-23	6.94e-20	1.60e-16	1.73e-13	9.08e-11	3.39e-08	9.24e-06	4.64e-03	1.18e-01	8.78e-01
 7.41530e+21	0.00e+00	0.00e+00	0.00e+00	0.00e+00	0.00e+00	0.00e+00	9.41e-28	1.61e-23	9.94e-20	2.20e-16	2.27e-13	1.14e-10	4.06e-08	1.06e-05	5.06e-03	1.23e-01	8.72e-01
 7.64595e+21	0.00e+00	0.00e+00	0.00e+00	0.00e+00	0.00e+00	0.00e+00	1.53e-27	2.50e-23	1.47e-19	3.10e-16	3.05e-13	1.46e-10	4.93e-08	1.22e-05	5.56e-03	1.28e-01	8.66e-01
 7.85119e+21	0.00e+00	0.00e+00	0.00e+00	0.00e+00	0.00e+00	0.00e+00	2.33e-27	3.66e-23	2.06e-19	4.17e-16	3.93e-13	1.81e-10	5.84e-08	1.38e-05	6.02e-03	1.33e-01	8.61e-01
 8.02347e+21	0.00e+00	0.00e+00	0.00e+00	0.00e+00	0.00e+00	0.00e+00	3.32e-27	5.03e-23	2.73e-19	5.34e-16	4.87e-13	2.16e-10	6.73e-08	1.54e-05	6.45e-03	1.37e-01	8.56e-01
 8.20519e+21	0.00e+00	0.00e+00	0.00e+00	0.00e+00	0.00e+00	0.00e+00	4.78e-27	6.97e-23	3.65e-19	6.89e-16	6.07e-13	2.60e-10	7.78e-08	1.71e-05	6.91e-03	1.41e-01	8.52e-01
 8.44142e+21	0.00e+00	0.00e+00	0.00e+00	0.00e+00	0.00e+00	0.00e+00	7.63e-27	1.06e-22	5.32e-19	9.58e-16	8.07e-13	3.30e-10	9.39e-08	1.97e-05	7.56e-03	1.47e-01	8.45e-01
 8.67722e+21	0.00e+00	0.00e+00	0.00e+00	0.00e+00	0.00e+00	0.00e+00	1.21e-26	1.61e-22	7.71e-19	1.33e-15	1.07e-12	4.18e-10	1.13e-07	2.26e-05	8.26e-03	1.53e-01	8.38e-01
 8.85977e+21	0.00e+00	0.00e+00	0.00e+00	0.00e+00	0.00e+00	0.00e+00	1.72e-26	2.21e-22	1.02e-18	1.70e-15	1.32e-12	5.00e-10	1.30e-07	2.51e-05	8.84e-03	1.58e-01	8.33e-01
 9.04438e+21	0.00e+00	0.00e+00	0.00e+00	0.00e+00	0.00e+00	0.00e+00	2.44e-26	3.03e-22	1.35e-18	2.17e-15	1.64e-12	5.97e-10	1.50e-07	2.79e-05	9.45e-03	1.63e-01	8.28e-01
 9.28437e+21	0.00e+00	0.00e+00	0.00e+00	0.00e+00	0.00e+00	7.12e-31	3.79e-26	4.50e-22	1.92e-18	2.96e-15	2.14e-12	7.47e-10	1.79e-07	3.17e-05	1.03e-02	1.69e-01	8.21e-01
 9.53015e+21	0.00e+00	0.00e+00	0.00e+00	0.00e+00	0.00e+00	1.18e-30	6.02e-26	6.84e-22	2.79e-18	4.11e-15	2.84e-12	9.48e-10	2.16e-07	3.65e-05	1.12e-02	1.76e-01	8.13e-01
 9.72381e+21	0.00e+00	0.00e+00	0.00e+00	0.00e+00	0.00e+00	1.75e-30	8.59e-26	9.42e-22	3.71e-18	5.27e-15	3.53e-12	1.14e-09	2.49e-07	4.06e-05	1.20e-02	1.81e-01	8.07e-01
 9.88177e+21	0.00e+00	0.00e+00	0.00e+00	0.00e+00	0.00e+00	2.38e-30	1.14e-25	1.21e-21	4.65e-18	6.44e-15	4.19e-12	1.31e-09	2.79e-07	4.41e-05	1.27e-02	1.86e-01	8.02e-01
 1.00530e+22	0.00e+00	0.00e+00	0.00e+00	0.00e+00	0.00e+00	3.32e-30	1.54e-25	1.60e-21	5.93e-18	7.97e-15	5.04e-12	1.53e-09	3.15e-07	4.83e-05	1.34e-02	1.90e-01	7.96e-01
 1.02756e+22	0.00e+00	0.00e+00	0.00e+00	0.00e+00	0.00e+00	5.03e-30	2.25e-25	2.25e-21	8.05e-18	1.04e-14	6.36e-12	1.86e-09	3.67e-07	5.41e-05	1.44e-02	1.96e-01	7.89e-01
 1.05083e+22	0.00e+00	0.00e+00	0.00e+00	0.00e+00	0.00e+00	7.89e-30	3.40e-25	3.26e-21	1.12e-17	1.40e-14	8.19e-12	2.31e-09	4.34e-07	6.12e-05	1.56e-02	2.03e-01	7.81e-01
 1.06982e+22	0.00e+00	0.00e+00	0.00e+00	0.00e+00	0.00e+00	1.13e-29	4.71e-25	4.37e-21	1.46e-17	1.76e-14	1.00e-11	2.73e-09	4.95e-07	6.75e-05	1.66e-02	2.08e-01	7.75e-01
 1.08893e+22	0.00e+00	0.00e+00	0.00e+00	0.00e+00	0.00e+00	1.60e-29	6.48e-25	5.84e-21	1.89e-17	2.20e-14	1.22e-11	3.22e-09	5.64e-07	7.42e-05	1.76e-02	2.14e-01	7.68e-01
 1.11377e+22	0.00e+00	0.00e+00	0.00e+00	0.00e+00	0.00e+00	2.50e-29	9.77e-25	8.45e-21	2.63e-17	2.95e-14	1.57e-11	3.98e-09	6.66e-07	8.39e-05	1.90e-02	2.21e-01	7.60e-01
 1.13835e+22	0.00e+00	0.00e+00	0.00e+00	0.00e+00	0.00e+00	3.89e-29	1.46e-24	1.22e-20	3.64e-17	3.93e-14	2.01e-11	4.92e-09	7.85e-07	9.47e-05	2.05e-02	2.28e-01	7.51e-01
 1.15699e+22	0.00e+00	0.00e+00	0.00e+00	0.00e+00	0.00e+00	5.42e-29	1.98e-24	1.60e-20	4.64e-17	4.87e-14	2.43e-11	5.75e-09	8.87e-07	1.04e-04	2.17e-02	2.34e-01	7.45e-01
 1.17561e+22	0.00e+00	0.00e+00	0.00e+00	0.00e+00	0.00e+00	7.48e-29	2.66e-24	2.09e-20	5.89e-17	6.01e-14	2.91e-11	6.71e-09	1.00e-06	1.13e-04	2.29e-02	2.39e-01	7.38e-01
 1.19983e+22	0.00e+00	0.00e+00	0.00e+00	0.00e+00	0.00e+00	1.13e-28	3.88e-24	2.94e-20	8.00e-17	7.87e-14	3.68e-11	8.18e-09	1.17e-06	1.27e-04	2.46e-02	2.46e-01	7.29e-01
 1.22510e+22	0.00e+00	0.00e+00	0.00e+00	0.00e+00	0.00e+00	1.74e-28	5.76e-24	4.20e-20	1.10e-16	1.04e-13	4.70e-11	1.00e-08	1.37e-06	1.43e-04	2.65e-02	2.54e-01	7.20e-01
 1.24542e+22	0.00e+00	0.00e+00	0.00e+00	0.00e+00	0.00e+00	2.44e-28	7.86e-24	5.57e-20	1.42e-16	1.30e-13	5.71e-11	1.18e-08	1.56e-06	1.57e-04	2.81e-02	2.60e-01	7.12e-01
 1.26277e+22	0.00e+00	0.00e+00	0.00e+00	0.00e+00	0.00e+00	3.25e-28	1.02e-23	7.07e-20	1.75e-16	1.57e-13	6.73e-11	1.36e-08	1.74e-06	1.70e-04	2.95e-02	2.65e-01	7.06e-01
 1.28260e+22	0.00e+00	0.00e+00	0.00e+00	0.00e+00	0.00e+00	4.47e-28	1.37e-23	9.22e-20	2.22e-16	1.94e-13	8.08e-11	1.58e-08	1.96e-06	1.85e-04	3.12e-02	2.71e-01	6.98e-01
 1.30837e+22	0.00e+00	0.00e+00	0.00e+00	0.00e+00	0.00e+00	6.74e-28	2.00e-23	1.30e-19	3.02e-16	2.54e-13	1.02e-10	1.93e-08	2.29e-06	2.07e-04	3.34e-02	2.78e-01	6.88e-01
 1.33490e+22	0.00e+00	0.00e+00	0.00e+00	0.00e+00	0.00e+00	1.03e-27	2.94e-23	1.84e-19	4.13e-16	3.35e-13	1.30e-10	2.37e-08	2.68e-06	2.33e-04	3.59e-02	2.86e-01	6.78e-01
 1.35652e+22	0.00e+00	0.00e+00	0.00e+00	0.00e+00	0.00e+00	1.44e-27	4.01e-23	2.44e-19	5.31e-16	4.18e-13	1.58e-10	2.79e-08	3.04e-06	2.56e-04	3.80e-02	2.92e-01	6.69e-01
 1.37874e+22	0.00e+00	0.00e+00	0.00e+00	0.00e+00	0.00e+00	2.01e-27	5.47e-23	3.23e-19	6.84e-16	5.23e-13	1.92e-10	3.29e-08	3.46e-06	2.81e-04	4.02e-02	2.99e-01	6.61e-01
 1.40339e+22	0.00e+00	0.00e+00	0.00e+00	0.00e+00	0.00e+00	2.92e-27	7.70e-23	4.41e-19	9.04e-16	6.69e-13	2.38e-10	3.95e-08	3.99e-06	3.11e-04	4.28e-02	3.06e-01	6.51e-01
 1.42604e+22	0.00e+00	0.00e+00	0.00e+00	0.00e+00	0.00e+00	4.09e-27	1.05e-22	5.85e-19	1.16e-15	8.37e-13	2.90e-10	4.66e-08	4.53e-06	3.41e-04	4.53e-02	3.12e-01	6.42e-01
 1.44696e+22	0.00e+00	0.00e+00	0.00e+00	0.00e+00	0.00e+00	5.55e-27	1.39e-22	7.56e-19	1.47e-15	1.03e-12	3.47e-10	5.41e-08	5.09e-06	3.71e-04	4.76e-02	3.18e-01	6.34e-01
 1.47075e+22	0.00e+00	0.00e+00	0.00e+00	0.00e+00	0.00e+00	7.79e-27	1.90e-22	1.01e-18	1.89e-15	1.29e-12	4.23e-10	6.40e-08	5.80e-06	4.08e-04	5.04e-02	3.25e-01	6.24e-01
 1.49740e+22	0.00e+00	0.00e+00	0.00e+00	0.00e+00	0.00e+00	1.14e-26	2.70e-22	1.38e-18	2.52e-15	1.66e-12	5.27e-10	7.71e-08	6.70e-06	4.52e-04	5.37e-02	3.32e-01	6.14e-01
 1.52225e+22	0.00e+00	0.00e+00	0.00e+00	0.00e+00	0.00e+00	1.61e-26	3.72e-22	1.85e-18	3.27e-15	2.09e-12	6.46e-10	9.16e-08	7.65e-06	4.98e-04	5.69e-02	3.39e-01	6.04e-01
 1.54530e+22	0.00e+00	0.00e+00	0.00e+00	0.00e+00	8.53e-31	2.20e-26	4.98e-22	2.41e-18	4.16e-15	2.58e-12	7.78e-10	1.07e-07	8.63e-06	5.43e-04	5.99e-02	3.45e-01	5.94e-01
 1.57149e+22	0.00e+00	0.00e+00	0.00e+00	0.00e+00	1.27e-30	3.12e-26	6.87e-22	3.23e-18	5.42e-15	3.27e-12	9.56e-10	1.27e-07	9.87e-06	5.98e-04	6.34e-02	3.52e-01	5.84e-01
 1.60008e+22	0.00e+00	0.00e+00	0.00e+00	0.00e+00	1.94e-30	4.55e-26	9.75e-22	4.45e-18	7.22e-15	4.21e-12	1.20e-09	1.54e-07	1.14e-05	6.63e-04	6.75e-02	3.59e-01	5.72e-01
 1.62580e+22	0.00e+00	0.00e+00	0.00e+00	0.00e+00	2.85e-30	6.39e-26	1.34e-21	5.94e-18	9.37e-15	5.31e-12	1.46e-09	1.82e-07	1.30e-05	7.28e-04	7.13e-02	3.66e-01	5.62e-01
 1.64875e+22	0.00e+00	0.00e+00	0.00e+00	0.00e+00	3.95e-30	8.51e-26	1.74e-21	7.57e-18	1.16e-14	6.43e-12	1.73e-09	2.10e-07	1.45e-05	7.87e-04	7.47e-02	3.71e-01	5.53e-01
 1.67409e+22	0.00e+00	0.00e+00	0.00e+00	0.00e+00	5.63e-30	1.17e-25	2.33e-21	9.88e-18	1.48e-14	7.96e-12	2.09e-09	2.46e-07	1.64e-05	8.58e-04	7.85e-02	3.77e-01	5.43e-01
 1.70704e+22	0.00e+00	0.00e+00	0.00e+00	0.00e+00	8.87e-30	1.74e-25	3.39e-21	1.39e-17	2.01e-14	1.04e-11	2.65e-09	3.01e-07	1.91e-05	9.57e-04	8.37e-02	3.85e-01	5.30e-01
 1.74047e+22	0.00e+00	0.00e+00	0.00e+00	0.00e+00	1.40e-29	2.60e-25	4.92e-21	1.95e-17	2.74e-14	1.37e-11	3.37e-09	3.68e-07	2.23e-05	1.07e-03	8.92e-02	3.92e-01	5.17e-01
 1.76713e+22	0.00e+00	0.00e+00	0.00e+00	0.00e+00	2.00e-29	3.56e-25	6.60e-21	2.55e-17	3.49e-14	1.70e-11	4.06e-09	4.31e-07	2.52e-05	1.16e-03	9.37e-02	3.98e-01	5.07e-01
 1.79438e+22	0.00e+00	0.00e+00	0.00e+00	0.00e+00	2.85e-29	4.85e-25	8.81e-21	3.33e-17	4.43e-14	2.10e-11	4.89e-09	5.03e-07	2.84e-05	1.26e-03	9.84e-02	4.04e-01	4.97e-01
 1.82982e+22	0.00e+00	0.00e+00	0.00e+00	0.00e+00	4.45e-29	7.20e-25	1.27e-20	4.66e-17	6.01e-14	2.75e-11	6.19e-09	6.13e-07	3.31e-05	1.41e-03	1.05e-01	4.10e-01	4.84e-01
 1.86543e+22	0.00e+00	0.00e+00	0.00e+00	0.00e+00	6.96e-29	1.07e-24	1.84e-20	6.52e-17	8.14e-14	3.60e-11	7.84e-09	7.47e-07	3.84e-05	1.56e-03	1.11e-01	4.17e-01	4.70e-01
 1.89332e+22	0.00e+00	0.00e+00	0.00e+00	0.00e+00	9.79e-29	1.44e-24	2.43e-20	8.44e-17	1.03e-13	4.42e-11	9.38e-09	8.68e-07	4.31e-05	1.69e-03	1.16e-01	4.22e-01	4.60e-01
 1.92161e+22	0.00e+00	0.00e+00	0.00e+00	0.00e+00	1.37e-28	1.94e-24	3.20e-20	1.09e-16	1.29e-13	5.41e-11	1.12e-08	1.01e-06	4.83e-05	1.83e-03	1.21e-01	4.26e-01	4.50e-01
 1.95838e+22	0.00e+00	0.00e+00	0.00e+00	0.00e+00	2.09e-28	2.81e-24	4.55e-20	1.50e-16	1.72e-13	6.99e-11	1.40e-08	1.21e-06	5.57e-05	2.02e-03	1.28e-01	4.32e-01	4.38e-01
 1.99716e+22	0.00e+00	0.00e+00	0.00e+00	0.00e+00	3.27e-28	4.16e-24	6.55e-20	2.09e-16	2.33e-13	9.13e-11	1.77e-08	1.47e-06	6.46e-05	2.24e-03	1.36e-01	4.38e-01	4.24e-01
 2.03022e+22	0.00e+00	0.00e+00	0.00e+00	0.00e+00	4.73e-28	5.76e-24	8.89e-20	2.77e-16	3.00e-13	1.14e-10	2.15e-08	1.73e-06	7.31e-05	2.44e-03	1.42e-01	4.42e-01	4.13e-01
 2.06489e+22	0.00e+00	0.00e+00	0.00e+00	0.00e+00	6.86e-28	8.00e-24	1.21e-19	3.67e-16	3.87e-13	1.43e-10	2.61e-08	2.04e-06	8.27e-05	2.65e-03	1.49e-01	4.46e-01	4.02e-01
 2.10278e+22	0.00e+00	0.00e+00	0.00e+00	0.00e+00	1.03e-27	1.14e-23	1.69e-19	4.98e-16	5.10e-13	1.82e-10	3.23e-08	2.43e-06	9.46e-05	2.90e-03	1.57e-01	4.50e-01	3.90e-01
 2.13689e+22	0.00e+00	0.00e+00	0.00e+00	0.00e+00	1.47e-27	1.56e-23	2.26e-19	6.52e-16	6.51e-13	2.26e-10	3.89e-08	2.84e-06	1.06e-04	3.15e-03	1.64e-01	4.54e-01	3.79e-01
 2.17326e+22	0.00e+00	0.00e+00	0.00e+00	0.00e+00	2.11e-27	2.15e-23	3.06e-19	8.59e-16	8.35e-13	2.81e-10	4.71e-08	3.33e-06	1.20e-04	3.41e-03	1.71e-01	4.57e-01	3.68e-01
 2.21415e+22	0.00e+00	0.00e+00	0.00e+00	0.00e+00	3.17e-27	3.08e-23	4.27e-19	1.17e-15	1.10e-12	3.59e-10	5.83e-08	3.97e-06	1.37e-04	3.73e-03	1.80e-01	4.60e-01	3.56e-01
 2.25266e+22	0.00e+00	0.00e+00	0.00e+00	0.00e+00	4.62e-27	4.28e-23	5.83e-19	1.55e-15	1.42e-12	4.50e-10	7.09e-08	4.67e-06	1.55e-04	4.05e-03	1.88e-01	4.63e-01	3.45e-01
 2.28887e+22	0.00e+00	0.00e+00	0.00e+00	0.00e+00	6.51e-27	5.80e-23	7.74e-19	2.01e-15	1.80e-12	5.53e-10	8.48e-08	5.41e-06	1.73e-04	4.37e-03	1.95e-01	4.65e-01	3.35e-01
 2.33032e+22	0.00e+00	0.00e+00	0.00e+00	0.00e+00	9.53e-27	8.10e-23	1.06e-18	2.69e-15	2.34e-12	6.95e-10	1.03e-07	6.37e-06	1.96e-04	4.74e-03	2.04e-01	4.67e-01	3.24e-01
 2.37637e+22	0.00e+00	0.00e+00	0.00e+00	6.50e-31	1.45e-26	1.17e-22	1.50e-18	3.69e-15	3.11e-12	8.94e-10	1.28e-07	7.62e-06	2.24e-04	5.19e-03	2.13e-01	4.69e-01	3.12e-01
 2.41719e+22	0.00e+00	0.00e+00	0.00e+00	9.77e-31	2.08e-26	1.61e-22	2.02e-18	4.86e-15	3.99e-12	1.11e-09	1.55e-07	8.90e-06	2.51e-04	5.61e-03	2.22e-01	4.70e-01	3.02e-01
 2.45267e+22	0.00e+00	0.00e+00	0.00e+00	1.38e-30	2.83e-26	2.12e-22	2.61e-18	6.15e-15	4.93e-12	1.34e-09	1.82e-07	1.02e-05	2.78e-04	5.99e-03	2.30e-01	4.71e-01	2.93e-01
 2.49243e+22	0.00e+00	0.00e+00	0.00e+00	2.01e-30	3.96e-26	2.84e-22	3.45e-18	7.93e-15	6.19e-12	1.63e-09	2.16e-07	1.17e-05	3.09e-04	6.42e-03	2.38e-01	4.72e-01	2.84e-01
 2.54411e+22	0.00e+00	0.00e+00	0.00e+00	3.23e-30	6.05e-26	4.13e-22	4.89e-18	1.09e-14	8.27e-12	2.11e-09	2.69e-07	1.40e-05	3.53e-04	7.01e-03	2.49e-01	4.72e-01	2.72e-01
 2.59772e+22	0.00e+00	0.00e+00	0.00e+00	5.28e-30	9.38e-26	6.07e-22	7.03e-18	1.52e-14	1.12e-11	2.74e-09	3.37e-07	1.68e-05	4.05e-04	7.67e-03	2.60e-01	4.72e-01	2.60e-01
 2.64205e+22	0.00e+00	0.00e+00	0.00e+00	7.84e-30	1.34e-25	8.29e-22	9.42e-18	1.99e-14	1.42e-11	3.38e-09	4.04e-07	1.95e-05	4.52e-04	8.24e-03	2.69e-01	4.72e-01	2.51e-01
 2.68789e+22	0.00e+00	0.00e+00	0.00e+00	1.16e-29	1.90e-25	1.13e-21	1.26e-17	2.60e-14	1.80e-11	4.17e-09	4.84e-07	2.26e-05	5.04e-04	8.85e-03	2.79e-01	4.71e-01	2.41e-01
 2.74748e+22	0.00e+00	0.00e+00	0.00e+00	1.92e-29	2.96e-25	1.67e-21	1.82e-17	3.65e-14	2.45e-11	5.43e-09	6.08e-07	2.72e-05	5.79e-04	9.67e-03	2.91e-01	4.69e-01	2.30e-01
 2.80891e+22	0.00e+00	0.00e+00	0.00e+00	3.19e-29	4.67e-25	2.50e-21	2.66e-17	5.16e-14	3.34e-11	7.13e-09	7.67e-07	3.29e-05	6.66e-04	1.06e-02	3.03e-01	4.67e-01	2.18e-01
 2.85932e+22	0.00e+00	0.00e+00	0.00e+00	4.81e-29	6.73e-25	3.44e-21	3.60e-17	6.81e-14	4.28e-11	8.86e-09	9.24e-07	3.82e-05	7.45e-04	1.14e-02	3.13e-01	4.65e-01	2.09e-01
 2.90347e+22	0.00e+00	0.00e+00	0.00e+00	6.81e-29	9.18e-25	4.52e-21	4.66e-17	8.62e-14	5.30e-11	1.07e-08	1.08e-06	4.35e-05	8.19e-04	1.21e-02	3.22e-01	4.63e-01	2.02e-01
 2.95291e+22	0.00e+00	0.00e+00	0.00e+00	9.96e-29	1.29e-24	6.09e-21	6.17e-17	1.12e-13	6.68e-11	1.30e-08	1.29e-06	5.00e-05	9.07e-04	1.29e-02	3.32e-01	4.60e-01	1.94e-01
 3.01718e+22	0.00e+00	0.00e+00	0.00e+00	1.61e-28	1.97e-24	8.87e-21	8.79e-17	1.54e-13	8.94e-11	1.68e-08	1.60e-06	5.95e-05	1.03e-03	1.40e-02	3.44e-01	4.57e-01	1.84e-01
 3.08355e+22	0.00e+00	0.00e+00	0.00e+00	2.64e-28	3.07e-24	1.31e-20	1.27e-16	2.16e-13	1.21e-10	2.18e-08	2.00e-06	7.13e-05	1.18e-03	1.52e-02	3.57e-01	4.52e-01	1.74e-01
 3.13795e+22	0.00e+00	0.00e+00	0.00e+00	3.91e-28	4.37e-24	1.78e-20	1.70e-16	2.82e-13	1.54e-10	2.69e-08	2.38e-06	8.24e-05	1.31e-03	1.62e-02	3.67e-01	4.48e-01	1.66e-01
 3.19397e+22	0.00e+00	0.00e+00	0.00e+00	5.79e-28	6.19e-24	2.42e-20	2.27e-16	3.68e-13	1.95e-10	3.31e-08	2.84e-06	9.49e-05	1.45e-03	1.73e-02	3.78e-01	4.44e-01	1.59e-01
 3.26680e+22	0.00e+00	0.00e+00	0.00e+00	9.48e-28	9.60e-24	3.56e-20	3.27e-16	5.15e-13	2.64e-10	4.29e-08	3.55e-06	1.13e-04	1.65e-03	1.88e-02	3.91e-01	4.39e-01	1.50e-01
 3.34256e+22	0.00e+00	0.00e+00	0.00e+00	1.59e-27	1.52e-23	5.33e-20	4.79e-16	7.31e-13	3.61e-10	5.64e-08	4.47e-06	1.37e-04	1.89e-03	2.04e-02	4.04e-01	4.32e-01	1.41e-01
 3.40459e+22	0.00e+00	0.00e+00	0.00e+00	2.39e-27	2.19e-23	7.34e-20	6.50e-16	9.66e-13	4.64e-10	7.01e-08	5.38e-06	1.58e-04	2.11e-03	2.18e-02	4.15e-01	4.27e-01	1.34e-01
 3.46771e+22	0.00e+00	0.00e+00	0.00e+00	3.57e-27	3.13e-23	1.00e-19	8.74e-16	1.27e-12	5.92e-10	8.65e-08	6.43e-06	1.83e-04	2.34e-03	2.32e-02	4.25e-01	4.22e-01	1.27e-01
 3.53498e+22	0.00e+00	0.00e+00	0.00e+00	5.48e-27	4.58e-23	1.40e-19	1.20e-15	1.70e-12	7.68e-10	1.08e-07	7.78e-06	2.13e-04	2.61e-03	2.48e-02	4.37e-01	4.15e-01	1.20e-01
 3.59285e+22	0.00e+00	0.00e+00	0.00e+00	7.85e-27	6.30e-23	1.85e-19	1.57e-15	2.17e-12	9.56e-10	1.31e-07	9.14e-06	2.42e-04	2.87e-03	2.62e-02	4.46e-01	4.10e-01	1.15e-01
 3.65329e+22	0.00e+00	0.00e+00	7.21e-31	1.13e-26	8.68e-23	2.45e-19	2.05e-15	2.77e-12	1.19e-09	1.59e-07	1.07e-05	2.75e-04	3.15e-03	2.77e-02	4.55e-01	4.04e-01	1.09e-01
 3.73186e+22	0.00e+00	0.00e+00	1.20e-30	1.78e-26	1.30e-22	3.50e-19	2.87e-15	3.78e-12	1.58e-09	2.02e-07	1.32e-05	3.24e-04	3.54e-03	2.97e-02	4.67e-01	3.97e-01	1.03e-01
 3.81156e+22	0.00e+00	0.00e+00	2.02e-30	2.84e-26	1.98e-22	5.03e-19	4.06e-15	5.20e-12	2.10e-09	2.58e-07	1.62e-05	3.83e-04	3.99e-03	3.19e-02	4.79e-01	3.89e-01	9.64e-02
 3.87435e+22	0.00e+00	0.00e+00	3.01e-30	4.08e-26	2.72e-22	6.65e-19	5.31e-15	6.65e-12	2.62e-09	3.12e-07	1.90e-05	4.35e-04	4.37e-03	3.37e-02	4.88e-01	3.82e-01	9.16e-02
 3.92570e+22	0.00e+00	0.00e+00	4.14e-30	5.42e-26	3.51e-22	8.29e-19	6.56e-15	8.08e-12	3.12e-09	3.63e-07	2.16e-05	4.81e-04	4.69e-03	3.51e-02	4.95e-01	3.77e-01	8.79e-02
 3.98053e+22	0.00e+00	0.00e+00	5.79e-30	7.33e-26	4.58e-22	1.05e-18	8.20e-15	9.93e-12	3.75e-09	4.26e-07	2.47e-05	5.35e-04	5.06e-03	3.67e-02	5.02e-01	3.72e-01	8.41e-02
 4.05181e+22	0.00e+00	0.00e+00	8.74e-30	1.06e-25	6.36e-22	1.40e-18	1.08e-14	1.28e-11	4.70e-09	5.17e-07	2.91e-05	6.09e-04	5.55e-03	3.87e-02	5.11e-01	3.65e-01	7.97e-02
 4.12706e+22	0.00e+00	0.00e+00	1.38e-29	1.60e-25	9.15e-22	1.91e-18	1.47e-14	1.70e-11	6.06e-09	6.44e-07	3.50e-05	7.05e-04	6.16e-03	4.11e-02	5.20e-01	3.57e-01	7.48e-02
 4.18864e+22	0.00e+00	0.00e+00	1.99e-29	2.22e-25	1.22e-21	2.45e-18	1.87e-14	2.12e-11	7.40e-09	7.64e-07	4.04e-05	7.91e-04	6.68e-03	4.31e-02	5.28e-01	3.50e-01	7.12e-02
 4.24984e+22	0.00e+00	0.00e+00	2.80e-29	3.02e-25	1.60e-21	3.11e-18	2.35e-14	2.62e-11	8.94e-09	9.00e-07	4.64e-05	8.81e-04	7.22e-03	4.50e-02	5.35e-01	3.44e-01	6.79e-02
 4.31560e+22	0.00e+00	0.00e+00	4.08e-29	4.23e-25	2.16e-21	4.02e-18	3.01e-14	3.30e-11	1.10e-08	1.07e-06	5.38e-05	9.91e-04	7.85e-03	4.72e-02	5.42e-01	3.38e-01	6.44e-02
 4.37255e+22	0.00e+00	0.00e+00	5.61e-29	5.63e-25	2.78e-21	5.00e-18	3.72e-14	4.01e-11	1.31e-08	1.25e-06	6.11e-05	1.10e-03	8.43e-03	4.91e-02	5.48e-01	3.32e-01	6.15e-02
 4.42378e+22	0.00e+00	0.00e+00	7.40e-29	7.21e-25	3.46e-21	6.05e-18	4.48e-14	4.75e-11	1.53e-08	1.42e-06	6.82e-05	1.20e-03	8.95e-03	5.08e-02	5.53e-01	3.27e-01	5.91e-02
 4.48232e+22	0.00e+00	0.00e+00	1.01e-28	9.56e-25	4.43e-21	7.50e-18	5.52e-14	5.78e-11	1.82e-08	1.66e-06	7.74e-05	1.32e-03	9.61e-03	5.29e-02	5.59e-01	3.21e-01	5.64e-02
 4.55841e+22	0.00e+00	0.00e+00	1.51e-28	1.36e-24	6.05e-21	9.81e-18	7.18e-14	7.37e-11	2.26e-08	2.00e-06	9.05e-05	1.49e-03	1.05e-02	5.55e-02	5.66e-01	3.13e-01	5.32e-02
 4.63593e+22	0.00e+00	0.00e+00	2.28e-28	1.97e-24	8.38e-21	1.30e-17	9.45e-14	9.51e-11	2.85e-08	2.43e-06	1.07e-04	1.70e-03	1.15e-02	5.83e-02	5.73e-01	3.05e-01	4.99e-02
 4.69692e+22	0.00e+00	0.00e+00	3.14e-28	2.62e-24	1.08e-20	1.61e-17	1.17e-13	1.16e-10	3.40e-08	2.83e-06	1.21e-04	1.88e-03	1.23e-02	6.06e-02	5.78e-01	2.99e-01	4.76e-02
 4.75780e+22	0.00e+00	0.00e+00	4.26e-28	3.45e-24	1.37e-20	1.98e-17	1.43e-13	1.40e-10	4.03e-08	3.27e-06	1.37e-04	2.07e-03	1.32e-02	6.28e-02	5.83e-01	2.93e-01	4.53e-02
 4.82552e+22	0.00e+00	0.00e+00	6.00e-28	4.68e-24	1.79e-20	2.50e-17	1.80e-13	1.73e-10	4.87e-08	3.85e-06	1.57e-04	2.30e-03	1.42e-02	6.54e-02	5.88e-01	2.87e-01	4.30e-02
 4.88749e+22	0.00e+00	0.00e+00	8.19e-28	6.18e-24	2.28e-20	3.08e-17	2.21e-13	2.09e-10	5.79e-08	4.46e-06	1.77e-04	2.54e-03	1.52e-02	6.78e-02	5.93e-01	2.81e-01	4.09e-02
 4.94390e+22	0.00e+00	0.00e+00	1.08e-27	7.91e-24	2.84e-20	3.70e-17	2.66e-13	2.49e-10	6.76e-08	5.09e-06	1.98e-04	2.77e-03	1.61e-02	7.01e-02	5.96e-01	2.75e-01	3.91e-02
 5.00767e+22	0.00e+00	0.00e+00	1.46e-27	1.03e-23	3.58e-20	4.53e-17	3.24e-13	2.99e-10	7.97e-08	5.86e-06	2.23e-04	3.03e-03	1.72e-02	7.25e-02	6.00e-01	2.70e-01	3.72e-02
 5.09058e+22	0.00e+00	0.00e+00	2.15e-27	1.46e-23	4.85e-20	5.86e-17	4.19e-13	3.80e-10	9.91e-08	7.05e-06	2.60e-04	3.43e-03	1.87e-02	7.58e-02	6.05e-01	2.62e-01	3.49e-02
 5.17348e+22	0.00e+00	0.00e+00	3.21e-27	2.09e-23	6.62e-20	7.64e-17	5.47e-13	4.88e-10	1.24e-07	8.54e-06	3.05e-04	3.88e-03	2.04e-02	7.93e-02	6.09e-01	2.54e-01	3.26e-02
 5.23670e+22	0.00e+00	0.00e+00	4.34e-27	2.72e-23	8.35e-20	9.31e-17	6.67e-13	5.87e-10	1.47e-07	9.84e-06	3.43e-04	4.26e-03	2.17e-02	8.20e-02	6.12e-01	2.48e-01	3.10e-02
 5.29922e+22	0.00e+00	0.00e+00	5.75e-27	3.50e-23	1.04e-19	1.12e-16	8.04e-13	6.99e-10	1.71e-07	1.13e-05	3.84e-04	4.65e-03	2.31e-02	8.46e-02	6.15e-01	2.43e-01	2.95e-02
 5.38049e+22	0.00e+00	0.00e+00	8.23e-27	4.80e-23	1.37e-19	1.42e-16	1.02e-12	8.73e-10	2.09e-07	1.33e-05	4.42e-04	5.20e-03	2.49e-02	8.79e-02	6.18e-01	2.36e-01	2.77e-02
 5.46335e+22	0.00e+00	0.00e+00	1.20e-26	6.73e-23	1.84e-19	1.82e-16	1.31e-12	1.11e-09	2.59e-07	1.60e-05	5.14e-04	5.84e-03	2.70e-02	9.16e-02	6.21e-01	2.28e-01	2.59e-02
 5.52852e+22	0.00e+00	0.00e+00	1.61e-26	8.73e-23	2.30e-19	2.20e-16	1.59e-12	1.33e-09	3.05e-07	1.84e-05	5.77e-04	6.40e-03	2.87e-02	9.45e-02	6.23e-01	2.23e-01	2.45e-02
 5.59351e+22	0.00e+00	0.00e+00	2.14e-26	1.12e-22	2.86e-19	2.64e-16	1.92e-12	1.58e-09	3.58e-07	2.10e-05	6.46e-04	6.99e-03	3.05e-02	9.74e-02	6.24e-01	2.17e-01	2.33e-02
 5.67799e+22	0.00e+00	0.00e+00	3.04e-26	1.53e-22	3.73e-19	3.31e-16	2.41e-12	1.96e-09	4.34e-07	2.48e-05	7.40e-04	7.77e-03	3.28e-02	1.01e-01	6.26e-01	2.10e-01	2.18e-02
 5.76562e+22	0.00e+00	0.00e+00	4.45e-26	2.14e-22	5.00e-19	4.23e-16	3.10e-12	2.49e-09	5.38e-07	2.97e-05	8.60e-04	8.74e-03	3.55e-02	1.05e-01	6.27e-01	2.03e-01	2.03e-02
 5.83577e+22	0.00e+00	9.01e-31	6.06e-26	2.81e-22	6.32e-19	5.14e-16	3.79e-12	3.01e-09	6.40e-07	3.44e-05	9.72e-04	9.61e-03	3.79e-02	1.08e-01	6.27e-01	1.97e-01	1.91e-02
 5.89537e+22	0.00e+00	1.18e-30	7.71e-26	3.47e-22	7.60e-19	6.00e-16	4.44e-12	3.49e-09	7.31e-07	3.85e-05	1.07e-03	1.03e-02	3.98e-02	1.11e-01	6.27e-01	1.92e-01	1.82e-02
 5.96283e+22	0.00e+00	1.60e-30	1.01e-25	4.41e-22	9.34e-19	7.13e-16	5.30e-12	4.13e-09	8.51e-07	4.38e-05	1.19e-03	1.12e-02	4.21e-02	1.14e-01	6.27e-01	1.87e-01	1.72e-02
 6.05053e+22	0.00e+00	2.35e-30	1.43e-25	5.98e-22	1.21e-18	8.88e-16	6.64e-12	5.12e-09	1.03e-06	5.16e-05	1.36e-03	1.25e-02	4.52e-02	1.18e-01	6.26e-01	1.81e-01	1.61e-02
 6.14285e+22	0.00e+00	3.58e-30	2.08e-25	8.34e-22	1.61e-18	1.13e-15	8.49e-12	6.46e-09	1.27e-06	6.16e-05	1.57e-03	1.40e-02	4.89e-02	1.22e-01	6.25e-01	1.73e-01	1.49e-02
 6.21921e+22	0.00e+00	5.11e-30	2.86e-25	1.10e-21	2.05e-18	1.37e-15	1.04e-11	7.85e-09	1.52e-06	7.15e-05	1.78e-03	1.54e-02	5.21e-02	1.26e-01	6.24e-01	1.67e-01	1.39e-02
 6.28504e+22	0.00e+00	6.75e-30	3.67e-25	1.37e-21	2.47e-18	1.61e-15	1.22e-11	9.14e-09	1.74e-06	8.02e-05	1.96e-03	1.66e-02	5.48e-02	1.29e-01	6.22e-01	1.63e-01	1.32e-02
 6.35913e+22	0.00e+00	9.24e-30	4.86e-25	1.75e-21	3.06e-18	1.91e-15	1.47e-11	1.09e-08	2.04e-06	9.15e-05	2.18e-03	1.80e-02	5.79e-02	1.32e-01	6.20e-01	1.58e-01	1.24e-02
 6.45545e+22	0.00e+00	1.37e-29	6.92e-25	2.39e-21	3.99e-18	2.38e-15	1.84e-11	1.35e-08	2.47e-06	1.08e-04	2.49e-03	2.00e-02	6.21e-02	1.36e-01	6.17e-01	1.51e-01	1.15e-02
 6.55775e+22	0.00e+00	2.12e-29	1.02e-24	3.36e-21	5.34e-18	3.04e-15	2.35e-11	1.71e-08	3.06e-06	1.29e-04	2.89e-03	2.24e-02	6.70e-02	1.41e-01	6.12e-01	1.44e-01	1.05e-02
 6.64371e+22	0.00e+00	3.07e-29	1.42e-24	4.48e-21	6.83e-18	3.72e-15	2.90e-11	2.08e-08	3.66e-06	1.50e-04	3.27e-03	2.47e-02	7.14e-02	1.44e-01	6.08e-01	1.38e-01	9.76e-03
 6.71849e+22	0.00e+00	4.20e-29	1.88e-24	5.73e-21	8.41e-18	4.41e-15	3.45e-11	2.46e-08	4.26e-06	1.70e-04	3.63e-03	2.68e-02	7.53e-02	1.48e-01	6.04e-01	1.33e-01	9.14e-03
 6.80282e+22	0.00e+00	5.76e-29	2.49e-24	7.34e-21	1.04e-17	5.26e-15	4.12e-11	2.92e-08	4.96e-06	1.93e-04	4.03e-03	2.90e-02	7.94e-02	1.51e-01	5.99e-01	1.28e-01	8.55e-03
 6.91244e+22	0.00e+00	8.73e-29	3.61e-24	1.02e-20	1.37e-17	6.61e-15	5.18e-11	3.64e-08	6.06e-06	2.28e-04	4.61e-03	3.22e-02	8.50e-02	1.55e-01	5.93e-01	1.22e-01	7.82e-03
 7.02949e+22	0.00e+00	1.38e-28	5.42e-24	1.45e-20	1.86e-17	8.51e-15	6.66e-11	4.62e-08	7.52e-06	2.74e-04	5.34e-03	3.61e-02	9.15e-02	1.60e-01	5.85e-01	1.15e-01	7.07e-03
 7.12444e+22	0.00e+00	2.01e-28	7.59e-24	1.95e-20	2.40e-17	1.05e-14	8.18e-11	5.63e-08	8.99e-06	3.18e-04	6.03e-03	3.96e-02	9.72e-02	1.63e-01	5.77e-01	1.10e-01	6.50e-03
 7.19918e+22	0.00e+00	2.67e-28	9.78e-24	2.44e-20	2.90e-17	1.22e-14	9.53e-11	6.53e-08	1.03e-05	3.55e-04	6.60e-03	4.25e-02	1.02e-01	1.66e-01	5.71e-01	1.06e-01	6.09e-03
 7.27937e+22	0.00e+00	3.51e-28	1.25e-23	3.02e-20	3.49e-17	1.42e-14	1.10e-10	7.52e-08	1.17e-05	3.94e-04	7.19e-03	4.54e-02	1.06e-01	1.69e-01	5.65e-01	1.02e-01	5.71e-03
 7.38362e+22	0.00e+00	5.03e-28	1.72e-23	4.00e-20	4.43e-17	1.74e-14	1.34e-10	9.04e-08	1.38e-05	4.53e-04	8.03e-03	4.94e-02	1.12e-01	1.72e-01	5.56e-01	9.69e-02	5.25e-03
 7.49865e+22	0.00e+00	7.50e-28	2.46e-23	5.48e-20	5.79e-17	2.16e-14	1.65e-10	1.11e-07	1.65e-05	5.27e-04	9.07e-03	5.42e-02	1.19e-01	1.75e-01	5.46e-01	9.15e-02	4.77e-03
 7.60270e+22	0.00e+00	1.07e-27	3.39e-23	7.26e-20	7.38e-17	2.64e-14	1.99e-10	1.33e-07	1.94e-05	6.03e-04	1.01e-02	5.88e-02	1.25e-01	1.78e-01	5.37e-01	8.68e-02	4.37e-03
 7.69712e+22	0.00e+00	1.48e-27	4.51e-23	9.32e-20	9.13e-17	3.15e-14	2.35e-10	1.55e-07	2.24e-05	6.78e-04	1.11e-02	6.32e-02	1.30e-01	1.80e-01	5.28e-01	8.27e-02	4.04e-03
 7.80403e+22	0.00e+00	2.04e-27	6.03e-23	1.20e-19	1.14e-16	3.78e-14	2.78e-10	1.83e-07	2.59e-05	7.64e-04	1.22e-02	6.79e-02	1.36e-01	1.82e-01	5.18e-01	7.86e-02	3.72e-03
 7.94300e+22	0.00e+00	3.08e-27	8.72e-23	1.67e-19	1.50e-16	4.76e-14	3.43e-10	2.24e-07	3.11e-05	8.87e-04	1.38e-02	7.42e-02	1.44e-01	1.85e-01	5.05e-01	7.36e-02	3.35e-03
 8.08906e+22	0.00e+00	4.83e-27	1.31e-22	2.38e-19	2.04e-16	6.12e-14	4.32e-10	2.79e-07	3.78e-05	1.04e-03	1.56e-02	8.16e-02	1.52e-01	1.88e-01	4.90e-01	6.83e-02	2.98e-03
 8.20962e+22	0.00e+00	6.97e-27	1.81e-22	3.18e-19	2.61e-16	7.52e-14	5.20e-10	3.32e-07	4.43e-05	1.19e-03	1.73e-02	8.81e-02	1.59e-01	1.89e-01	4.78e-01	6.42e-02	2.70e-03
 8.31523e+22	0.00e+00	9.41e-27	2.37e-22	4.03e-19	3.20e-16	8.91e-14	6.04e-10	3.84e-07	5.04e-05	1.32e-03	1.88e-02	9.36e-02	1.65e-01	1.91e-01	4.67e-01	6.09e-02	2.48e-03
 8.43612e+22	0.00e+00	1.28e-26	3.13e-22	5.15e-19	3.96e-16	1.06e-13	7.06e-10	4.45e-07	5.75e-05	1.47e-03	2.04e-02	9.95e-02	1.71e-01	1.92e-01	4.56e-01	5.76e-02	2.28e-03
 8.59328e+22	0.00e+00	1.90e-26	4.46e-22	7.03e-19	5.18e-16	1.33e-13	8.58e-10	5.36e-07	6.78e-05	1.68e-03	2.27e-02	1.07e-01	1.79e-01	1.93e-01	4.42e-01	5.36e-02	2.04e-03
 8.75692e+22	0.00e+00	2.92e-26	6.57e-22	9.90e-19	6.96e-16	1.70e-13	1.06e-09	6.56e-07	8.12e-05	1.95e-03	2.54e-02	1.16e-01	1.87e-01	1.93e-01	4.25e-01	4.94e-02	1.80e-03
 8.88574e+22	0.00e+00	4.11e-26	8.93e-22	1.30e-18	8.78e-16	2.06e-13	1.26e-09	7.69e-07	9.34e-05	2.18e-03	2.77e-02	1.24e-01	1.93e-01	1.93e-01	4.12e-01	4.62e-02	1.63e-03
 8.99036e+22	0.00e+00	5.22e-26	1.11e-21	1.57e-18	1.04e-15	2.37e-13	1.42e-09	8.60e-07	1.03e-04	2.36e-03	2.94e-02	1.30e-01	1.98e-01	1.93e-01	4.02e-01	4.41e-02	1.51e-03
 9.10677e+22	0.00e+00	6.77e-26	1.40e-21	1.94e-18	1.24e-15	2.75e-13	1.61e-09	9.70e-07	1.15e-04	2.58e-03	3.14e-02	1.36e-01	2.02e-01	1.93e-01	3.92e-01	4.18e-02	1.40e-03
 9.25810e+22	0.00e+00	9.33e-26	1.87e-21	2.50e-18	1.55e-15	3.31e-13	1.88e-09	1.12e-06	1.31e-04	2.86e-03	3.39e-02	1.43e-01	2.08e-01	1.93e-01	3.79e-01	3.91e-02	1.27e-03
 9.45483e+22	0.00e+00	1.39e-25	2.68e-21	3.44e-18	2.04e-15	4.17e-13	2.29e-09	1.35e-06	1.53e-04	3.25e-03	3.74e-02	1.53e-01	2.15e-01	1.91e-01	3.62e-01	3.59e-02	1.12e-03
 9.65555e+22	0.00e+00	2.15e-25	3.97e-21	4.87e-18	2.75e-15	5.36e-13	2.83e-09	1.64e-06	1.82e-04	3.73e-03	4.14e-02	1.64e-01	2.22e-01	1.90e-01	3.45e-01	3.26e-02	9.69e-04
 9.81094e+22	0.00e+00	2.99e-25	5.34e-21	6.34e-18	3.46e-15	6.50e-13	3.32e-09	1.91e-06	2.08e-04	4.14e-03	4.47e-02	1.73e-01	2.27e-01	1.88e-01	3.31e-01	3.03e-02	8.69e-04
 9.96243e+22	0.00e+00	3.92e-25	6.83e-21	7.89e-18	4.18e-15	7.61e-13	3.78e-09	2.15e-06	2.31e-04	4.50e-03	4.75e-02	1.81e-01	2.32e-01	1.87e-01	3.20e-01	2.84e-02	7.93e-04
 1.01594e+23	0.00e+00	5.50e-25	9.27e-21	1.04e-17	5.29e-15	9.28e-13	4.46e-09	2.51e-06	2.63e-04	5.00e-03	5.12e-02	1.90e-01	2.36e-01	1.85e-01	3.06e-01	2.62e-02	7.06e-04
 1.03813e+23	0.00e+00	8.15e-25	1.32e-20	1.42e-17	6.96e-15	1.17e-12	5.40e-09	2.99e-06	3.06e-04	5.63e-03	5.58e-02	2.01e-01	2.42e-01	1.82e-01	2.90e-01	2.38e-02	6.16e-04
 1.05728e+23	0.00e+00	1.16e-24	1.82e-20	1.89e-17	8.90e-15	1.44e-12	6.40e-09	3.49e-06	3.51e-04	6.25e-03	6.02e-02	2.11e-01	2.46e-01	1.79e-01	2.75e-01	2.18e-02	5.43e-04
 1.07206e+23	0.00e+00	1.48e-24	2.27e-20	2.30e-17	1.06e-14	1.66e-12	7.21e-09	3.89e-06	3.85e-04	6.72e-03	6.33e-02	2.18e-01	2.49e-01	1.77e-01	2.65e-01	2.05e-02	4.97e-04
 1.08747e+23	0.00e+00	1.87e-24	2.80e-20	2.77e-17	1.24e-14	1.90e-12	8.08e-09	4.30e-06	4.20e-04	7.19e-03	6.64e-02	2.24e-01	2.51e-01	1.74e-01	2.56e-01	1.93e-02	4.57e-04
 1.10750e+23	0.00e+00	2.47e-24	3.61e-20	3.47e-17	1.51e-14	2.25e-12	9.27e-09	4.87e-06	4.66e-04	7.80e-03	7.03e-02	2.32e-01	2.54e-01	1.71e-01	2.46e-01	1.79e-02	4.13e-04
 1.13354e+23	0.00e+00	3.53e-24	4.99e-20	4.64e-17	1.94e-14	2.77e-12	1.10e-08	5.69e-06	5.32e-04	8.64e-03	7.55e-02	2.43e-01	2.57e-01	1.68e-01	2.32e-01	1.63e-02	3.61e-04
 1.16061e+23	0.00e+00	5.26e-24	7.15e-20	6.39e-17	2.57e-14	3.51e-12	1.34e-08	6.76e-06	6.16e-04	9.66e-03	8.15e-02	2.54e-01	2.59e-01	1.63e-01	2.17e-01	1.46e-02	3.10e-04
 1.18237e+23	0.00e+00	7.14e-24	9.44e-20	8.19e-17	3.19e-14	4.22e-12	1.55e-08	7.72e-06	6.89e-04	1.05e-02	8.63e-02	2.63e-01	2.61e-01	1.59e-01	2.06e-01	1.34e-02	2.75e-04
 1.20399e+23	1.26e-30	9.27e-24	1.20e-19	1.01e-16	3.83e-14	4.92e-12	1.76e-08	8.64e-06	7.57e-04	1.13e-02	9.06e-02	2.70e-01	2.62e-01	1.56e-01	1.96e-01	1.24e-02	2.48e-04
 1.23210e+23	1.70e-30	1.27e-23	1.59e-19	1.31e-16	4.79e-14	5.95e-12	2.06e-08	9.90e-06	8.49e-04	1.23e-02	9.59e-02	2.79e-01	2.63e-01	1.52e-01	1.85e-01	1.13e-02	2.19e-04
 1.26864e+23	2.44e-30	1.87e-23	2.26e-19	1.79e-16	6.29e-14	7.49e-12	2.48e-08	1.17e-05	9.73e-04	1.37e-02	1.03e-01	2.90e-01	2.63e-01	1.47e-01	1.72e-01	1.01e-02	1.87e-04
 1.30630e+23	3.70e-30	2.91e-23	3.37e-19	2.56e-16	8.60e-14	9.77e-12	3.08e-08	1.41e-05	1.14e-03	1.53e-02	1.11e-01	3.02e-01	2.63e-01	1.40e-01	1.58e-01	8.86e-03	1.56e-04
 1.33543e+23	5.05e-30	4.07e-23	4.58e-19	3.36e-16	1.09e-13	1.20e-11	3.64e-08	1.63e-05	1.28e-03	1.67e-02	1.17e-01	3.11e-01	2.63e-01	1.36e-01	1.48e-01	7.98e-03	1.36e-04
 1.35821e+23	6.21e-30	5.09e-23	5.61e-19	4.03e-16	1.28e-13	1.37e-11	4.06e-08	1.79e-05	1.38e-03	1.77e-02	1.21e-01	3.16e-01	2.62e-01	1.32e-01	1.42e-01	7.45e-03	1.24e-04
 1.38273e+23	7.64e-30	6.38e-23	6.88e-19	4.84e-16	1.50e-13	1.57e-11	4.53e-08	1.97e-05	1.49e-03	1.88e-02	1.26e-01	3.22e-01	2.61e-01	1.29e-01	1.35e-01	6.93e-03	1.12e-04
 1.41461e+23	9.71e-30	8.31e-23	8.75e-19	6.00e-16	1.81e-13	1.84e-11	5.16e-08	2.20e-05	1.64e-03	2.00e-02	1.31e-01	3.28e-01	2.60e-01	1.25e-01	1.28e-01	6.37e-03	1.00e-04
 1.45605e+23	1.29e-29	1.14e-22	1.17e-18	7.76e-16	2.27e-13	2.22e-11	6.03e-08	2.51e-05	1.82e-03	2.17e-02	1.38e-01	3.36e-01	2.58e-01	1.21e-01	1.19e-01	5.75e-03	8.74e-05
 1.50281e+23	1.80e-29	1.65e-22	1.63e-18	1.05e-15	2.95e-13	2.78e-11	7.24e-08	2.93e-05	2.07e-03	2.37e-02	1.46e-01	3.44e-01	2.55e-01	1.15e-01	1.10e-01	5.09e-03	7.43e-05
 1.54623e+23	2.46e-29	2.33e-22	2.24e-18	1.39e-15	3.77e-13	3.43e-11	8.59e-08	3.39e-05	2.32e-03	2.58e-02	1.53e-01	3.51e-01	2.52e-01	1.10e-01	1.02e-01	4.53e-03	6.37e-05
 1.58544e+23	3.11e-29	3.06e-22	2.86e-18	1.73e-15	4.57e-13	4.04e-11	9.82e-08	3.79e-05	2.54e-03	2.75e-02	1.59e-01	3.56e-01	2.49e-01	1.06e-01	9.57e-02	4.14e-03	5.65e-05
 1.62947e+23	3.97e-29	4.03e-22	3.67e-18	2.17e-15	5.55e-13	4.77e-11	1.12e-07	4.25e-05	2.78e-03	2.93e-02	1.65e-01	3.61e-01	2.46e-01	1.02e-01	8.97e-02	3.76e-03	4.98e-05
 1.68670e+23	5.15e-29	5.45e-22	4.83e-18	2.77e-15	6.89e-13	5.74e-11	1.31e-07	4.82e-05	3.07e-03	3.14e-02	1.72e-01	3.67e-01	2.42e-01	9.76e-02	8.34e-02	3.38e-03	4.34e-05
 1.75405e+23	7.03e-29	7.82e-22	6.71e-18	3.72e-15	8.91e-13	7.14e-11	1.56e-07	5.59e-05	3.45e-03	3.41e-02	1.80e-01	3.72e-01	2.38e-01	9.25e-02	7.65e-02	2.98e-03	3.67e-05
 1.81943e+23	9.67e-29	1.13e-21	9.36e-18	5.01e-15	1.16e-12	8.91e-11	1.87e-07	6.49e-05	3.88e-03	3.70e-02	1.89e-01	3.78e-01	2.33e-01	8.74e-02	6.98e-02	2.61e-03	3.09e-05
 1.87612e+23	1.24e-28	1.51e-21	1.22e-17	6.34e-15	1.42e-12	1.06e-10	2.16e-07	7.32e-05	4.26e-03	3.95e-02	1.96e-01	3.82e-01	2.28e-01	8.34e-02	6.49e-02	2.35e-03	2.70e-05
 1.93661e+23	1.47e-28	1.85e-21	1.47e-17	7.51e-15	1.65e-12	1.21e-10	2.39e-07	7.96e-05	4.55e-03	4.13e-02	2.01e-01	3.84e-01	2.25e-01	8.06e-02	6.16e-02	2.18e-03	2.44e-05
 2.01084e+23	1.79e-28	2.38e-21	1.84e-17	9.20e-15	1.97e-12	1.40e-10	2.70e-07	8.81e-05	4.92e-03	4.36e-02	2.06e-01	3.87e-01	2.21e-01	7.73e-02	5.77e-02	1.99e-03	2.17e-05
 2.09251e+23	2.25e-28	3.13e-21	2.37e-17	1.15e-14	2.39e-12	1.66e-10	3.10e-07	9.85e-05	5.36e-03	4.62e-02	2.13e-01	3.89e-01	2.17e-01	7.38e-02	5.37e-02	1.79e-03	1.90e-05
 2.17744e+23	2.73e-28	4.00e-21	2.95e-17	1.40e-14	2.85e-12	1.92e-10	3.49e-07	1.09e-04	5.78e-03	4.86e-02	2.19e-01	3.91e-01	2.13e-01	7.07e-02	5.04e-02	1.64e-03	1.69e-05
 2.26244e+23	3.30e-28	5.06e-21	3.66e-17	1.70e-14	3.37e-12	2.22e-10	3.92e-07	1.20e-04	6.22e-03	5.11e-02	2.25e-01	3.93e-01	2.09e-01	6.78e-02	4.73e-02	1.50e-03	1.50e-05
 2.34168e+23	3.85e-28	6.18e-21	4.39e-17	2.00e-14	3.88e-12	2.50e-10	4.33e-07	1.30e-04	6.62e-03	5.32e-02	2.29e-01	3.94e-01	2.05e-01	6.54e-02	4.48e-02	1.39e-03	1.36e-05
 2.41299e+23	4.41e-28	7.31e-21	5.11e-17	2.29e-14	4.37e-12	2.77e-10	4.70e-07	1.39e-04	6.97e-03	5.51e-02	2.33e-01	3.95e-01	2.02e-01	6.34e-02	4.28e-02	1.30e-03	1.25e-05
 2.47718e+23	4.88e-28	8.36e-21	5.77e-17	2.56e-14	4.81e-12	3.00e-10	5.02e-07	1.46e-04	7.26e-03	5.66e-02	2.37e-01	3.95e-01	2.00e-01	6.19e-02	4.12e-02	1.23e-03	1.17e-05
 2.53494e+23	5.30e-28	9.32e-21	6.37e-17	2.79e-14	5.19e-12	3.21e-10	5.30e-07	1.53e-04	7.50e-03	5.79e-02	2.39e-01	3.96e-01	1.98e-01	6.06e-02	4.00e-02	1.18e-03	1.11e-05
 2.58693e+23	5.65e-28	1.02e-20	6.91e-17	3.00e-14	5.53e-12	3.39e-10	5.54e-07	1.58e-04	7.71e-03	5.89e-02	2.41e-01	3.96e-01	1.96e-01	5.96e-02	3.90e-02	1.14e-03	1.06e-05
 2.63372e+23	5.99e-28	1.10e-20	7.42e-17	3.20e-14	5.85e-12	3.55e-10	5.75e-07	1.63e-04	7.89e-03	5.98e-02	2.43e-01	3.96e-01	1.95e-01	5.87e-02	3.82e-02	1.11e-03	1.02e-05
 2.67583e+23	6.22e-28	1.17e-20	7.81e-17	3.35e-14	6.09e-12	3.67e-10	5.91e-07	1.67e-04	8.03e-03	6.05e-02	2.45e-01	3.96e-01	1.94e-01	5.81e-02	3.76e-02	1.08e-03	9.89e-06
 2.71373e+23	6.40e-28	1.22e-20	8.12e-17	3.47e-14	6.28e-12	3.77e-10	6.05e-07	1.70e-04	8.13e-03	6.11e-02	2.46e-01	3.96e-01	1.93e-01	5.76e-02	3.72e-02	1.07e-03	9.71e-06
 2.74784e+23	6.45e-28	1.25e-20	8.30e-17	3.54e-14	6.39e-12	3.83e-10	6.13e-07	1.72e-04	8.19e-03	6.14e-02	2.46e-01	3.96e-01	1.92e-01	5.73e-02	3.69e-02	1.06e-03	9.60e-06
 2.77927e+23	6.71e-28	1.31e-20	8.69e-17	3.69e-14	6.62e-12	3.95e-10	6.27e-07	1.75e-04	8.32e-03	6.20e-02	2.47e-01	3.97e-01	1.91e-01	5.68e-02	3.64e-02	1.04e-03	9.35e-06
 2.80981e+23	6.67e-28	1.32e-20	8.76e-17	3.71e-14	6.66e-12	3.97e-10	6.30e-07	1.76e-04	8.34e-03	6.21e-02	2.48e-01	3.97e-01	1.91e-01	5.67e-02	3.63e-02	1.03e-03	9.32e-06
 2.84036e+23	6.73e-28	1.35e-20	8.91e-17	3.77e-14	6.75e-12	4.01e-10	6.36e-07	1.77e-04	8.39e-03	6.23e-02	2.48e-01	3.97e-01	1.91e-01	5.65e-02	3.61e-02	1.03e-03	9.22e-06
