#depth	N	N+	N+2	N+3	N+4	N+5	N+6	N+7
 6.17135e+19	0.00e+00	0.00e+00	9.86e-31	3.89e-23	3.00e-16	5.60e-10	2.98e-05	1.00e+00
 1.87609e+20	0.00e+00	0.00e+00	1.46e-30	5.33e-23	3.79e-16	6.55e-10	3.22e-05	1.00e+00
 3.18540e+20	0.00e+00	0.00e+00	2.16e-30	7.28e-23	4.79e-16	7.65e-10	3.49e-05	1.00e+00
 4.54709e+20	0.00e+00	0.00e+00	3.20e-30	9.95e-23	6.05e-16	8.95e-10	3.77e-05	1.00e+00
 5.86273e+20	0.00e+00	0.00e+00	4.60e-30	1.33e-22	7.51e-16	1.03e-09	4.06e-05	1.00e+00
 7.07693e+20	0.00e+00	0.00e+00	6.36e-30	1.72e-22	9.11e-16	1.18e-09	4.33e-05	1.00e+00
 8.44020e+20	0.00e+00	0.00e+00	9.06e-30	2.28e-22	1.12e-15	1.35e-09	4.65e-05	1.00e+00
 1.00121e+21	0.00e+00	0.00e+00	1.34e-29	3.12e-22	1.42e-15	1.58e-09	5.03e-05	1.00e+00
 1.15077e+21	0.00e+00	0.00e+00	1.92e-29	4.15e-22	1.76e-15	1.82e-09	5.41e-05	1.00e+00
 1.28715e+21	0.00e+00	0.00e+00	2.64e-29	5.35e-22	2.12e-15	2.07e-09	5.77e-05	1.00e+00
 1.44114e+21	0.00e+00	0.00e+00	3.74e-29	7.05e-22	2.60e-15	2.38e-09	6.19e-05	1.00e+00
 1.62045e+21	0.00e+00	0.00e+00	5.53e-29	9.61e-22	3.28e-15	2.77e-09	6.70e-05	1.00e+00
 1.78040e+21	0.00e+00	0.00e+00	7.74e-29	1.26e-21	4.00e-15	3.17e-09	7.17e-05	1.00e+00
 1.90772e+21	0.00e+00	0.00e+00	1.00e-28	1.54e-21	4.66e-15	3.51e-09	7.55e-05	1.00e+00
 2.04491e+21	0.00e+00	0.00e+00	1.32e-28	1.92e-21	5.47e-15	3.91e-09	7.98e-05	1.00e+00
 2.22327e+21	0.00e+00	0.00e+00	1.87e-28	2.52e-21	6.70e-15	4.48e-09	8.56e-05	1.00e+00
 2.40900e+21	0.00e+00	0.00e+00	2.64e-28	3.32e-21	8.21e-15	5.14e-09	9.18e-05	1.00e+00
 2.56604e+21	0.00e+00	0.00e+00	3.52e-28	4.17e-21	9.71e-15	5.75e-09	9.73e-05	1.00e+00
 2.73193e+21	0.00e+00	0.00e+00	4.72e-28	5.25e-21	1.15e-14	6.45e-09	1.03e-04	1.00e+00
 2.91918e+21	0.00e+00	0.00e+00	6.52e-28	6.78e-21	1.39e-14	7.33e-09	1.10e-04	1.00e+00
 3.09772e+21	0.00e+00	0.00e+00	8.79e-28	8.58e-21	1.65e-14	8.24e-09	1.17e-04	1.00e+00
 3.29335e+21	0.00e+00	0.00e+00	1.21e-27	1.10e-20	1.99e-14	9.33e-09	1.25e-04	1.00e+00
 3.50873e+21	0.00e+00	0.00e+00	1.70e-27	1.44e-20	2.42e-14	1.07e-08	1.34e-04	1.00e+00
 3.70222e+21	0.00e+00	0.00e+00	2.29e-27	1.82e-20	2.87e-14	1.20e-08	1.42e-04	1.00e+00
 3.86407e+21	0.00e+00	0.00e+00	2.91e-27	2.20e-20	3.30e-14	1.31e-08	1.50e-04	1.00e+00
 4.03235e+21	0.00e+00	0.00e+00	3.73e-27	2.68e-20	3.80e-14	1.45e-08	1.57e-04	1.00e+00
 4.25112e+21	0.00e+00	0.00e+00	5.09e-27	3.42e-20	4.54e-14	1.63e-08	1.68e-04	1.00e+00
 4.47480e+21	0.00e+00	0.00e+00	6.95e-27	4.36e-20	5.43e-14	1.84e-08	1.79e-04	1.00e+00
 4.65243e+21	0.00e+00	0.00e+00	8.90e-27	5.28e-20	6.23e-14	2.02e-08	1.88e-04	1.00e+00
 4.83089e+21	0.00e+00	0.00e+00	1.13e-26	6.35e-20	7.12e-14	2.22e-08	1.98e-04	1.00e+00
 5.06289e+21	0.00e+00	0.00e+00	1.52e-26	8.03e-20	8.43e-14	2.49e-08	2.10e-04	1.00e+00
 5.30279e+21	0.00e+00	0.00e+00	2.07e-26	1.02e-19	1.00e-13	2.80e-08	2.24e-04	1.00e+00
 5.49696e+21	0.00e+00	0.00e+00	2.64e-26	1.23e-19	1.14e-13	3.07e-08	2.36e-04	1.00e+00
 5.66734e+21	0.00e+00	0.00e+00	3.26e-26	1.45e-19	1.29e-13	3.33e-08	2.47e-04	1.00e+00
 5.83554e+21	0.00e+00	0.00e+00	4.00e-26	1.69e-19	1.44e-13	3.59e-08	2.57e-04	1.00e+00
 6.02690e+21	0.00e+00	0.00e+00	4.99e-26	2.01e-19	1.63e-13	3.91e-08	2.70e-04	1.00e+00
 6.23736e+21	0.00e+00	0.00e+00	6.37e-26	2.43e-19	1.86e-13	4.29e-08	2.84e-04	1.00e+00
 6.42678e+21	0.00e+00	0.00e+00	7.91e-26	2.86e-19	2.09e-13	4.65e-08	2.97e-04	1.00e+00
 6.59903e+21	0.00e+00	0.00e+00	9.58e-26	3.32e-19	2.32e-13	5.00e-08	3.09e-04	1.00e+00
 6.79481e+21	0.00e+00	0.00e+00	1.19e-25	3.92e-19	2.60e-13	5.42e-08	3.24e-04	1.00e+00
 7.00977e+21	0.00e+00	0.00e+00	1.50e-25	4.68e-19	2.95e-13	5.92e-08	3.40e-04	1.00e+00
 7.20535e+21	0.00e+00	0.00e+00	1.85e-25	5.48e-19	3.29e-13	6.39e-08	3.56e-04	1.00e+00
 7.41530e+21	0.00e+00	0.00e+00	2.30e-25	6.47e-19	3.70e-13	6.93e-08	3.73e-04	1.00e+00
 7.64595e+21	0.00e+00	0.00e+00	2.91e-25	7.75e-19	4.19e-13	7.57e-08	3.92e-04	1.00e+00
 7.85119e+21	0.00e+00	0.00e+00	3.58e-25	9.06e-19	4.66e-13	8.17e-08	4.10e-04	1.00e+00
 8.02347e+21	0.00e+00	0.00e+00	4.25e-25	1.03e-18	5.10e-13	8.71e-08	4.25e-04	1.00e+00
 8.20519e+21	0.00e+00	0.00e+00	5.07e-25	1.18e-18	5.59e-13	9.29e-08	4.42e-04	1.00e+00
 8.44142e+21	0.00e+00	0.00e+00	6.37e-25	1.40e-18	6.28e-13	1.01e-07	4.64e-04	1.00e+00
 8.67722e+21	0.00e+00	0.00e+00	7.97e-25	1.65e-18	7.04e-13	1.10e-07	4.88e-04	1.00e+00
 8.85977e+21	0.00e+00	0.00e+00	9.44e-25	1.88e-18	7.67e-13	1.17e-07	5.06e-04	9.99e-01
 9.04438e+21	0.00e+00	0.00e+00	1.12e-24	2.13e-18	8.35e-13	1.24e-07	5.26e-04	9.99e-01
 9.28437e+21	0.00e+00	0.00e+00	1.38e-24	2.50e-18	9.31e-13	1.34e-07	5.51e-04	9.99e-01
 9.53015e+21	0.00e+00	0.00e+00	1.73e-24	2.95e-18	1.04e-12	1.45e-07	5.79e-04	9.99e-01
 9.72381e+21	0.00e+00	0.00e+00	2.05e-24	3.34e-18	1.13e-12	1.54e-07	6.02e-04	9.99e-01
 9.88177e+21	0.00e+00	1.44e-31	2.35e-24	3.70e-18	1.21e-12	1.62e-07	6.20e-04	9.99e-01
 1.00530e+22	0.00e+00	1.73e-31	2.72e-24	4.12e-18	1.29e-12	1.71e-07	6.41e-04	9.99e-01
 1.02756e+22	0.00e+00	2.18e-31	3.27e-24	4.72e-18	1.42e-12	1.83e-07	6.68e-04	9.99e-01
 1.05083e+22	0.00e+00	2.80e-31	3.98e-24	5.45e-18	1.55e-12	1.96e-07	6.98e-04	9.99e-01
 1.06982e+22	0.00e+00	3.41e-31	4.65e-24	6.11e-18	1.67e-12	2.07e-07	7.24e-04	9.99e-01
 1.08893e+22	0.00e+00	4.15e-31	5.42e-24	6.83e-18	1.80e-12	2.19e-07	7.49e-04	9.99e-01
 1.11377e+22	0.00e+00	5.33e-31	6.60e-24	7.88e-18	1.97e-12	2.34e-07	7.84e-04	9.99e-01
 1.13835e+22	0.00e+00	6.82e-31	8.01e-24	9.07e-18	2.15e-12	2.51e-07	8.20e-04	9.99e-01
 1.15699e+22	0.00e+00	8.20e-31	9.26e-24	1.01e-17	2.30e-12	2.64e-07	8.48e-04	9.99e-01
 1.17561e+22	0.00e+00	9.83e-31	1.07e-23	1.12e-17	2.45e-12	2.78e-07	8.76e-04	9.99e-01
 1.19983e+22	0.00e+00	1.24e-30	1.28e-23	1.27e-17	2.66e-12	2.96e-07	9.14e-04	9.99e-01
 1.22510e+22	0.00e+00	1.58e-30	1.54e-23	1.45e-17	2.89e-12	3.16e-07	9.55e-04	9.99e-01
 1.24542e+22	0.00e+00	1.91e-30	1.79e-23	1.62e-17	3.09e-12	3.33e-07	9.89e-04	9.99e-01
 1.26277e+22	0.00e+00	2.25e-30	2.03e-23	1.77e-17	3.27e-12	3.48e-07	1.02e-03	9.99e-01
 1.28260e+22	0.00e+00	2.69e-30	2.34e-23	1.96e-17	3.48e-12	3.66e-07	1.05e-03	9.99e-01
 1.30837e+22	0.00e+00	3.40e-30	2.80e-23	2.23e-17	3.76e-12	3.90e-07	1.10e-03	9.99e-01
 1.33490e+22	0.00e+00	4.31e-30	3.37e-23	2.54e-17	4.07e-12	4.16e-07	1.15e-03	9.99e-01
 1.35652e+22	0.00e+00	5.22e-30	3.90e-23	2.82e-17	4.33e-12	4.38e-07	1.19e-03	9.99e-01
 1.37874e+22	0.00e+00	6.33e-30	4.53e-23	3.13e-17	4.62e-12	4.62e-07	1.23e-03	9.99e-01
 1.40339e+22	0.00e+00	7.83e-30	5.34e-23	3.52e-17	4.95e-12	4.89e-07	1.28e-03	9.99e-01
 1.42604e+22	0.00e+00	9.51e-30	6.20e-23	3.91e-17	5.27e-12	5.16e-07	1.33e-03	9.99e-01
 1.44696e+22	0.00e+00	1.13e-29	7.11e-23	4.30e-17	5.57e-12	5.41e-07	1.37e-03	9.99e-01
 1.47075e+22	0.00e+00	1.38e-29	8.27e-23	4.79e-17	5.93e-12	5.71e-07	1.43e-03	9.99e-01
 1.49740e+22	0.00e+00	1.72e-29	9.79e-23	5.39e-17	6.36e-12	6.06e-07	1.49e-03	9.99e-01
 1.52225e+22	0.00e+00	2.10e-29	1.14e-22	6.01e-17	6.78e-12	6.40e-07	1.54e-03	9.98e-01
 1.54530e+22	0.00e+00	2.53e-29	1.32e-22	6.64e-17	7.19e-12	6.73e-07	1.60e-03	9.98e-01
 1.57149e+22	0.00e+00	3.11e-29	1.54e-22	7.42e-17	7.67e-12	7.12e-07	1.66e-03	9.98e-01
 1.60008e+22	0.00e+00	3.88e-29	1.83e-22	8.37e-17	8.23e-12	7.58e-07	1.73e-03	9.98e-01
 1.62580e+22	0.00e+00	4.75e-29	2.14e-22	9.33e-17	8.76e-12	8.01e-07	1.80e-03	9.98e-01
 1.64875e+22	0.00e+00	5.64e-29	2.44e-22	1.02e-16	9.27e-12	8.40e-07	1.85e-03	9.98e-01
 1.67409e+22	0.00e+00	6.81e-29	2.83e-22	1.13e-16	9.84e-12	8.86e-07	1.92e-03	9.98e-01
 1.70704e+22	0.00e+00	8.67e-29	3.41e-22	1.29e-16	1.06e-11	9.48e-07	2.01e-03	9.98e-01
 1.74047e+22	0.00e+00	1.11e-28	4.12e-22	1.48e-16	1.15e-11	1.02e-06	2.10e-03	9.98e-01
 1.76713e+22	0.00e+00	1.34e-28	4.78e-22	1.64e-16	1.22e-11	1.07e-06	2.18e-03	9.98e-01
 1.79438e+22	0.00e+00	1.62e-28	5.54e-22	1.82e-16	1.30e-11	1.13e-06	2.25e-03	9.98e-01
 1.82982e+22	0.00e+00	2.07e-28	6.69e-22	2.09e-16	1.41e-11	1.22e-06	2.36e-03	9.98e-01
 1.86543e+22	0.00e+00	2.65e-28	8.09e-22	2.39e-16	1.53e-11	1.30e-06	2.46e-03	9.98e-01
 1.89332e+22	0.00e+00	3.19e-28	9.37e-22	2.65e-16	1.63e-11	1.38e-06	2.55e-03	9.97e-01
 1.92161e+22	0.00e+00	3.85e-28	1.08e-21	2.94e-16	1.74e-11	1.46e-06	2.64e-03	9.97e-01
 1.95838e+22	0.00e+00	4.88e-28	1.30e-21	3.36e-16	1.89e-11	1.56e-06	2.75e-03	9.97e-01
 1.99716e+22	0.00e+00	6.26e-28	1.59e-21	3.87e-16	2.06e-11	1.68e-06	2.88e-03	9.97e-01
 2.03022e+22	0.00e+00	7.72e-28	1.87e-21	4.36e-16	2.22e-11	1.79e-06	2.99e-03	9.97e-01
 2.06489e+22	0.00e+00	9.54e-28	2.21e-21	4.92e-16	2.39e-11	1.91e-06	3.10e-03	9.97e-01
 2.10278e+22	0.00e+00	1.20e-27	2.65e-21	5.62e-16	2.60e-11	2.04e-06	3.23e-03	9.97e-01
 2.13689e+22	0.00e+00	1.48e-27	3.11e-21	6.32e-16	2.80e-11	2.17e-06	3.35e-03	9.97e-01
 2.17326e+22	0.00e+00	1.82e-27	3.68e-21	7.15e-16	3.03e-11	2.32e-06	3.48e-03	9.97e-01
 2.21415e+22	0.00e+00	2.31e-27	4.44e-21	8.21e-16	3.31e-11	2.49e-06	3.62e-03	9.96e-01
 2.25266e+22	0.00e+00	2.88e-27	5.28e-21	9.33e-16	3.60e-11	2.67e-06	3.76e-03	9.96e-01
 2.28887e+22	0.00e+00	3.52e-27	6.20e-21	1.05e-15	3.88e-11	2.84e-06	3.90e-03	9.96e-01
 2.33032e+22	0.00e+00	4.41e-27	7.42e-21	1.20e-15	4.24e-11	3.04e-06	4.05e-03	9.96e-01
 2.37637e+22	0.00e+00	5.66e-27	9.05e-21	1.39e-15	4.67e-11	3.28e-06	4.23e-03	9.96e-01
 2.41719e+22	0.00e+00	7.03e-27	1.08e-20	1.58e-15	5.09e-11	3.51e-06	4.39e-03	9.96e-01
 2.45267e+22	0.00e+00	8.47e-27	1.25e-20	1.77e-15	5.47e-11	3.72e-06	4.53e-03	9.95e-01
 2.49243e+22	0.00e+00	1.04e-26	1.47e-20	2.00e-15	5.93e-11	3.96e-06	4.69e-03	9.95e-01
 2.54411e+22	0.00e+00	1.34e-26	1.80e-20	2.33e-15	6.58e-11	4.29e-06	4.90e-03	9.95e-01
 2.59772e+22	0.00e+00	1.75e-26	2.24e-20	2.74e-15	7.34e-11	4.67e-06	5.12e-03	9.95e-01
 2.64205e+22	0.00e+00	2.18e-26	2.66e-20	3.13e-15	8.02e-11	5.00e-06	5.31e-03	9.95e-01
 2.68789e+22	0.00e+00	2.70e-26	3.17e-20	3.57e-15	8.77e-11	5.35e-06	5.51e-03	9.94e-01
 2.74748e+22	0.00e+00	3.56e-26	3.96e-20	4.23e-15	9.83e-11	5.83e-06	5.77e-03	9.94e-01
 2.80891e+22	0.00e+00	4.74e-26	4.99e-20	5.03e-15	1.11e-10	6.37e-06	6.05e-03	9.94e-01
 2.85932e+22	0.00e+00	5.96e-26	6.00e-20	5.79e-15	1.22e-10	6.85e-06	6.28e-03	9.94e-01
 2.90347e+22	0.00e+00	7.25e-26	7.04e-20	6.54e-15	1.33e-10	7.29e-06	6.49e-03	9.94e-01
 2.95291e+22	0.00e+00	8.99e-26	8.37e-20	7.47e-15	1.45e-10	7.79e-06	6.72e-03	9.93e-01
 3.01718e+22	0.00e+00	1.18e-25	1.04e-19	8.84e-15	1.63e-10	8.49e-06	7.03e-03	9.93e-01
 3.08355e+22	0.00e+00	1.57e-25	1.31e-19	1.05e-14	1.84e-10	9.28e-06	7.36e-03	9.93e-01
 3.13795e+22	0.00e+00	1.97e-25	1.58e-19	1.21e-14	2.03e-10	9.97e-06	7.64e-03	9.92e-01
 3.19397e+22	0.00e+00	2.47e-25	1.90e-19	1.40e-14	2.24e-10	1.07e-05	7.92e-03	9.92e-01
 3.26680e+22	0.00e+00	3.28e-25	2.40e-19	1.67e-14	2.54e-10	1.17e-05	8.30e-03	9.92e-01
 3.34256e+22	0.00e+00	4.44e-25	3.06e-19	2.02e-14	2.89e-10	1.29e-05	8.71e-03	9.91e-01
 3.40459e+22	0.00e+00	5.66e-25	3.73e-19	2.35e-14	3.22e-10	1.39e-05	9.06e-03	9.91e-01
 3.46771e+22	0.00e+00	7.17e-25	4.53e-19	2.73e-14	3.57e-10	1.50e-05	9.41e-03	9.91e-01
 3.53498e+22	0.00e+00	9.26e-25	5.57e-19	3.20e-14	4.00e-10	1.62e-05	9.80e-03	9.90e-01
 3.59285e+22	0.00e+00	1.15e-24	6.65e-19	3.67e-14	4.40e-10	1.73e-05	1.01e-02	9.90e-01
 3.65329e+22	0.00e+00	1.43e-24	7.94e-19	4.21e-14	4.84e-10	1.86e-05	1.05e-02	9.89e-01
 3.73186e+22	0.00e+00	1.88e-24	9.96e-19	5.01e-14	5.48e-10	2.02e-05	1.10e-02	9.89e-01
 3.81156e+22	0.00e+00	2.51e-24	1.26e-18	6.01e-14	6.22e-10	2.21e-05	1.15e-02	9.89e-01
 3.87435e+22	1.71e-31	3.13e-24	1.51e-18	6.91e-14	6.87e-10	2.37e-05	1.19e-02	9.88e-01
 3.92570e+22	2.11e-31	3.74e-24	1.74e-18	7.73e-14	7.43e-10	2.51e-05	1.22e-02	9.88e-01
 3.98053e+22	2.63e-31	4.51e-24	2.03e-18	8.71e-14	8.08e-10	2.66e-05	1.26e-02	9.87e-01
 4.05181e+22	3.44e-31	5.66e-24	2.45e-18	1.01e-13	8.96e-10	2.85e-05	1.30e-02	9.87e-01
 4.12706e+22	4.70e-31	7.37e-24	3.04e-18	1.19e-13	1.01e-09	3.09e-05	1.36e-02	9.86e-01
 4.18864e+22	6.00e-31	9.05e-24	3.60e-18	1.36e-13	1.11e-09	3.30e-05	1.40e-02	9.86e-01
 4.24984e+22	7.57e-31	1.10e-23	4.23e-18	1.54e-13	1.21e-09	3.50e-05	1.45e-02	9.86e-01
 4.31560e+22	9.76e-31	1.37e-23	5.04e-18	1.76e-13	1.33e-09	3.75e-05	1.49e-02	9.85e-01
 4.37255e+22	1.22e-30	1.65e-23	5.87e-18	1.99e-13	1.45e-09	3.97e-05	1.54e-02	9.85e-01
 4.42378e+22	1.47e-30	1.93e-23	6.69e-18	2.20e-13	1.56e-09	4.17e-05	1.58e-02	9.84e-01
 4.48232e+22	1.83e-30	2.32e-23	7.79e-18	2.47e-13	1.69e-09	4.41e-05	1.62e-02	9.84e-01
 4.55841e+22	2.40e-30	2.93e-23	9.42e-18	2.87e-13	1.88e-09	4.74e-05	1.68e-02	9.83e-01
 4.63593e+22	3.21e-30	3.75e-23	1.15e-17	3.35e-13	2.10e-09	5.11e-05	1.74e-02	9.83e-01
 4.69692e+22	4.02e-30	4.53e-23	1.35e-17	3.79e-13	2.29e-09	5.41e-05	1.80e-02	9.82e-01
 4.75780e+22	4.99e-30	5.44e-23	1.57e-17	4.26e-13	2.49e-09	5.72e-05	1.85e-02	9.81e-01
 4.82552e+22	6.37e-30	6.69e-23	1.86e-17	4.86e-13	2.73e-09	6.10e-05	1.90e-02	9.81e-01
 4.88749e+22	7.95e-30	8.08e-23	2.17e-17	5.49e-13	2.98e-09	6.46e-05	1.96e-02	9.80e-01
 4.94390e+22	9.73e-30	9.59e-23	2.50e-17	6.12e-13	3.22e-09	6.80e-05	2.01e-02	9.80e-01
 5.00767e+22	1.20e-29	1.15e-22	2.89e-17	6.87e-13	3.49e-09	7.19e-05	2.07e-02	9.79e-01
 5.09058e+22	1.60e-29	1.46e-22	3.53e-17	8.03e-13	3.90e-09	7.74e-05	2.14e-02	9.78e-01
 5.17348e+22	2.15e-29	1.88e-22	4.34e-17	9.43e-13	4.37e-09	8.34e-05	2.22e-02	9.78e-01
 5.23670e+22	2.68e-29	2.27e-22	5.06e-17	1.06e-12	4.76e-09	8.83e-05	2.29e-02	9.77e-01
 5.29922e+22	3.31e-29	2.71e-22	5.87e-17	1.19e-12	5.16e-09	9.32e-05	2.35e-02	9.76e-01
 5.38049e+22	4.33e-29	3.40e-22	7.08e-17	1.38e-12	5.72e-09	9.98e-05	2.43e-02	9.76e-01
 5.46335e+22	5.77e-29	4.34e-22	8.65e-17	1.61e-12	6.39e-09	1.07e-04	2.52e-02	9.75e-01
 5.52852e+22	7.22e-29	5.25e-22	1.01e-16	1.82e-12	6.97e-09	1.14e-04	2.59e-02	9.74e-01
 5.59351e+22	8.99e-29	6.32e-22	1.18e-16	2.05e-12	7.59e-09	1.20e-04	2.66e-02	9.73e-01
 5.67799e+22	1.17e-28	7.92e-22	1.42e-16	2.38e-12	8.41e-09	1.29e-04	2.75e-02	9.72e-01
 5.76562e+22	1.58e-28	1.02e-21	1.75e-16	2.80e-12	9.44e-09	1.39e-04	2.86e-02	9.71e-01
 5.83577e+22	2.01e-28	1.25e-21	2.07e-16	3.20e-12	1.04e-08	1.48e-04	2.94e-02	9.70e-01
 5.89537e+22	2.43e-28	1.47e-21	2.36e-16	3.54e-12	1.12e-08	1.55e-04	3.01e-02	9.70e-01
 5.96283e+22	3.01e-28	1.76e-21	2.75e-16	3.98e-12	1.21e-08	1.64e-04	3.09e-02	9.69e-01
 6.05053e+22	3.96e-28	2.23e-21	3.33e-16	4.63e-12	1.35e-08	1.75e-04	3.20e-02	9.68e-01
 6.14285e+22	5.36e-28	2.88e-21	4.12e-16	5.47e-12	1.52e-08	1.89e-04	3.32e-02	9.67e-01
 6.21921e+22	6.95e-28	3.59e-21	4.94e-16	6.31e-12	1.68e-08	2.02e-04	3.43e-02	9.65e-01
 6.28504e+22	8.47e-28	4.25e-21	5.68e-16	7.03e-12	1.81e-08	2.13e-04	3.52e-02	9.65e-01
 6.35913e+22	1.06e-27	5.16e-21	6.68e-16	7.98e-12	1.98e-08	2.25e-04	3.62e-02	9.64e-01
 6.45545e+22	1.42e-27	6.60e-21	8.18e-16	9.36e-12	2.22e-08	2.42e-04	3.75e-02	9.62e-01
 6.55775e+22	1.96e-27	8.67e-21	1.03e-15	1.12e-11	2.51e-08	2.63e-04	3.90e-02	9.61e-01
 6.64371e+22	2.57e-27	1.09e-20	1.24e-15	1.30e-11	2.80e-08	2.82e-04	4.03e-02	9.59e-01
 6.71849e+22	3.25e-27	1.33e-20	1.47e-15	1.48e-11	3.07e-08	2.99e-04	4.15e-02	9.58e-01
 6.80282e+22	4.10e-27	1.62e-20	1.73e-15	1.68e-11	3.36e-08	3.17e-04	4.27e-02	9.57e-01
 6.91244e+22	5.58e-27	2.11e-20	2.15e-15	2.00e-11	3.79e-08	3.43e-04	4.44e-02	9.55e-01
 7.02949e+22	7.83e-27	2.82e-20	2.73e-15	2.41e-11	4.34e-08	3.75e-04	4.63e-02	9.53e-01
 7.12444e+22	1.04e-26	3.60e-20	3.34e-15	2.83e-11	4.85e-08	4.03e-04	4.79e-02	9.52e-01
 7.19918e+22	1.29e-26	4.32e-20	3.89e-15	3.19e-11	5.28e-08	4.26e-04	4.92e-02	9.50e-01
 7.27937e+22	1.58e-26	5.13e-20	4.50e-15	3.58e-11	5.73e-08	4.49e-04	5.05e-02	9.49e-01
 7.38362e+22	2.06e-26	6.46e-20	5.44e-15	4.16e-11	6.38e-08	4.81e-04	5.22e-02	9.47e-01
 7.49865e+22	2.78e-26	8.33e-20	6.73e-15	4.92e-11	7.19e-08	5.19e-04	5.42e-02	9.45e-01
 7.60270e+22	3.64e-26	1.05e-19	8.16e-15	5.73e-11	8.01e-08	5.57e-04	5.60e-02	9.43e-01
 7.69712e+22	4.62e-26	1.29e-19	9.68e-15	6.56e-11	8.82e-08	5.93e-04	5.77e-02	9.42e-01
 7.80403e+22	5.88e-26	1.58e-19	1.15e-14	7.52e-11	9.72e-08	6.31e-04	5.95e-02	9.40e-01
 7.94300e+22	7.99e-26	2.05e-19	1.43e-14	8.96e-11	1.10e-07	6.84e-04	6.18e-02	9.37e-01
 8.08906e+22	1.12e-25	2.74e-19	1.82e-14	1.09e-10	1.26e-07	7.48e-04	6.45e-02	9.35e-01
 8.20962e+22	1.47e-25	3.46e-19	2.22e-14	1.27e-10	1.41e-07	8.04e-04	6.68e-02	9.32e-01
 8.31523e+22	1.84e-25	4.20e-19	2.61e-14	1.44e-10	1.55e-07	8.53e-04	6.87e-02	9.30e-01
 8.43612e+22	2.31e-25	5.10e-19	3.07e-14	1.65e-10	1.70e-07	9.07e-04	7.07e-02	9.28e-01
 8.59328e+22	3.09e-25	6.55e-19	3.79e-14	1.95e-10	1.92e-07	9.80e-04	7.34e-02	9.26e-01
 8.75692e+22	4.25e-25	8.62e-19	4.78e-14	2.34e-10	2.19e-07	1.07e-03	7.65e-02	9.22e-01
 8.88574e+22	5.49e-25	1.07e-18	5.74e-14	2.72e-10	2.44e-07	1.14e-03	7.90e-02	9.20e-01
 8.99036e+22	6.54e-25	1.25e-18	6.52e-14	3.01e-10	2.62e-07	1.20e-03	8.08e-02	9.18e-01
 9.10677e+22	7.93e-25	1.47e-18	7.50e-14	3.37e-10	2.85e-07	1.26e-03	8.28e-02	9.16e-01
 9.25810e+22	1.00e-24	1.80e-18	8.90e-14	3.86e-10	3.14e-07	1.35e-03	8.54e-02	9.13e-01
 9.45483e+22	1.35e-24	2.33e-18	1.10e-13	4.59e-10	3.56e-07	1.46e-03	8.87e-02	9.10e-01
 9.65555e+22	1.86e-24	3.07e-18	1.39e-13	5.54e-10	4.08e-07	1.59e-03	9.24e-02	9.06e-01
 9.81094e+22	2.37e-24	3.78e-18	1.67e-13	6.40e-10	4.53e-07	1.70e-03	9.54e-02	9.03e-01
 9.96243e+22	2.90e-24	4.50e-18	1.93e-13	7.20e-10	4.93e-07	1.80e-03	9.79e-02	9.00e-01
 1.01594e+23	3.73e-24	5.58e-18	2.31e-13	8.34e-10	5.49e-07	1.93e-03	1.01e-01	8.97e-01
 1.03813e+23	4.98e-24	7.16e-18	2.86e-13	9.90e-10	6.22e-07	2.09e-03	1.05e-01	8.93e-01
 1.05728e+23	6.47e-24	8.98e-18	3.46e-13	1.16e-09	6.96e-07	2.25e-03	1.09e-01	8.89e-01
 1.07206e+23	7.73e-24	1.05e-17	3.95e-13	1.28e-09	7.52e-07	2.36e-03	1.11e-01	8.87e-01
 1.08747e+23	9.16e-24	1.21e-17	4.47e-13	1.42e-09	8.09e-07	2.48e-03	1.14e-01	8.84e-01
 1.10750e+23	1.12e-23	1.44e-17	5.18e-13	1.60e-09	8.83e-07	2.62e-03	1.17e-01	8.81e-01
 1.13354e+23	1.46e-23	1.82e-17	6.30e-13	1.88e-09	9.91e-07	2.82e-03	1.21e-01	8.76e-01
 1.16061e+23	1.96e-23	2.34e-17	7.80e-13	2.23e-09	1.12e-06	3.06e-03	1.25e-01	8.72e-01
 1.18237e+23	2.45e-23	2.83e-17	9.19e-13	2.55e-09	1.24e-06	3.26e-03	1.29e-01	8.68e-01
 1.20399e+23	2.96e-23	3.35e-17	1.06e-12	2.86e-09	1.35e-06	3.44e-03	1.32e-01	8.64e-01
 1.23210e+23	3.73e-23	4.08e-17	1.25e-12	3.28e-09	1.49e-06	3.67e-03	1.36e-01	8.60e-01
 1.26864e+23	4.94e-23	5.20e-17	1.54e-12	3.88e-09	1.68e-06	3.97e-03	1.41e-01	8.55e-01
 1.30630e+23	6.82e-23	6.87e-17	1.95e-12	4.70e-09	1.94e-06	4.34e-03	1.47e-01	8.49e-01
 1.33543e+23	8.70e-23	8.49e-17	2.33e-12	5.44e-09	2.16e-06	4.65e-03	1.52e-01	8.44e-01
 1.35821e+23	1.02e-22	9.75e-17	2.62e-12	5.98e-09	2.32e-06	4.86e-03	1.55e-01	8.40e-01
 1.38273e+23	1.20e-22	1.12e-16	2.96e-12	6.60e-09	2.49e-06	5.09e-03	1.58e-01	8.37e-01
 1.41461e+23	1.46e-22	1.33e-16	3.41e-12	7.41e-09	2.71e-06	5.37e-03	1.62e-01	8.33e-01
 1.45605e+23	1.83e-22	1.62e-16	4.03e-12	8.49e-09	2.99e-06	5.73e-03	1.67e-01	8.28e-01
 1.50281e+23	2.39e-22	2.04e-16	4.91e-12	9.96e-09	3.37e-06	6.18e-03	1.72e-01	8.21e-01
 1.54623e+23	3.07e-22	2.53e-16	5.89e-12	1.16e-08	3.76e-06	6.62e-03	1.78e-01	8.16e-01
 1.58544e+23	3.72e-22	2.98e-16	6.79e-12	1.30e-08	4.09e-06	6.99e-03	1.82e-01	8.11e-01
 1.62947e+23	4.55e-22	3.55e-16	7.87e-12	1.46e-08	4.46e-06	7.39e-03	1.87e-01	8.06e-01
 1.68670e+23	5.65e-22	4.28e-16	9.22e-12	1.66e-08	4.91e-06	7.85e-03	1.92e-01	8.00e-01
 1.75405e+23	7.32e-22	5.35e-16	1.11e-11	1.94e-08	5.50e-06	8.44e-03	1.98e-01	7.94e-01
 1.81943e+23	9.54e-22	6.73e-16	1.35e-11	2.27e-08	6.18e-06	9.09e-03	2.04e-01	7.86e-01
 1.87612e+23	1.17e-21	8.04e-16	1.57e-11	2.57e-08	6.76e-06	9.61e-03	2.10e-01	7.81e-01
 1.93661e+23	1.36e-21	9.14e-16	1.76e-11	2.81e-08	7.21e-06	1.00e-02	2.13e-01	7.77e-01
 2.01084e+23	1.63e-21	1.07e-15	2.00e-11	3.12e-08	7.80e-06	1.05e-02	2.18e-01	7.72e-01
 2.09251e+23	1.98e-21	1.27e-15	2.31e-11	3.51e-08	8.50e-06	1.11e-02	2.23e-01	7.66e-01
 2.17744e+23	2.35e-21	1.47e-15	2.62e-11	3.89e-08	9.16e-06	1.17e-02	2.28e-01	7.61e-01
 2.26244e+23	2.78e-21	1.70e-15	2.97e-11	4.29e-08	9.86e-06	1.22e-02	2.32e-01	7.56e-01
 2.34168e+23	3.21e-21	1.92e-15	3.29e-11	4.67e-08	1.05e-05	1.27e-02	2.36e-01	7.51e-01
 2.41299e+23	3.62e-21	2.13e-15	3.60e-11	5.02e-08	1.11e-05	1.31e-02	2.39e-01	7.48e-01
 2.47718e+23	3.99e-21	2.32e-15	3.86e-11	5.32e-08	1.15e-05	1.35e-02	2.42e-01	7.45e-01
 2.53494e+23	4.31e-21	2.48e-15	4.09e-11	5.57e-08	1.19e-05	1.38e-02	2.44e-01	7.42e-01
 2.58693e+23	4.60e-21	2.62e-15	4.28e-11	5.79e-08	1.23e-05	1.40e-02	2.46e-01	7.40e-01
 2.63372e+23	4.86e-21	2.75e-15	4.46e-11	5.98e-08	1.26e-05	1.42e-02	2.48e-01	7.38e-01
 2.67583e+23	5.06e-21	2.85e-15	4.59e-11	6.13e-08	1.28e-05	1.44e-02	2.49e-01	7.37e-01
 2.71373e+23	5.20e-21	2.91e-15	4.68e-11	6.21e-08	1.29e-05	1.45e-02	2.49e-01	7.36e-01
 2.74784e+23	5.29e-21	2.95e-15	4.73e-11	6.27e-08	1.30e-05	1.45e-02	2.50e-01	7.36e-01
 2.77927e+23	5.49e-21	3.05e-15	4.87e-11	6.42e-08	1.32e-05	1.47e-02	2.51e-01	7.34e-01
 2.80981e+23	5.51e-21	3.06e-15	4.88e-11	6.42e-08	1.32e-05	1.47e-02	2.51e-01	7.34e-01
 2.84036e+23	5.60e-21	3.10e-15	4.93e-11	6.48e-08	1.33e-05	1.48e-02	2.51e-01	7.34e-01
 2.87091e+23	5.67e-21	3.14e-15	4.98e-11	6.54e-08	1.34e-05	1.48e-02	2.52e-01	7.33e-01
 2.90146e+23	5.74e-21	3.17e-15	5.03e-11	6.59e-08	1.35e-05	1.49e-02	2.52e-01	7.33e-01
 2.93201e+23	5.76e-21	3.18e-15	5.03e-11	6.59e-08	1.35e-05	1.49e-02	2.52e-01	7.33e-01
 2.96256e+23	5.80e-21	3.20e-15	5.06e-11	6.62e-08	1.35e-05	1.49e-02	2.52e-01	7.33e-01
 2.99310e+23	5.81e-21	3.20e-15	5.07e-11	6.63e-08	1.36e-05	1.49e-02	2.52e-01	7.33e-01
 3.02365e+23	5.84e-21	3.22e-15	5.09e-11	6.65e-08	1.36e-05	1.49e-02	2.53e-01	7.32e-01
 3.04687e+23	6.09e-21	3.33e-15	5.25e-11	6.82e-08	1.38e-05	1.51e-02	2.54e-01	7.31e-01
