1.029948825199024	6.1481e-31	8.658005999999999e-10
1.0555704262613712	6.6581e-31	9.768934e-10
1.0975871297490176	7.5299e-31	1.1759999999999999e-09
1.1393089223213242	8.421500000000001e-31	1.3982738e-09
1.1694611328303146	9.083e-31	1.5738702e-09
1.1870099526826559	9.4683e-31	1.6795779e-09
1.204471271494182	9.851499999999999e-31	1.7962811999999999e-09
1.2271729304167398	1.0351500000000001e-30	1.9472796e-09
1.2566834666264204	1.10028e-30	2.1516659500000002e-09
1.2887607000333408	1.1715299999999999e-30	2.3959015499999996e-09
1.3178304902596565	1.23611e-30	2.6291195000000004e-09
1.349282253263714	1.30531e-30	2.8901964e-09
1.3845743397257633	1.3828900000000001e-30	3.2047861999999993e-09
1.4179316809520142	1.45575e-30	3.5176365e-09
1.4543742440618161	1.5339899999999999e-30	3.88250275e-09
1.4947057423189511	1.6200699999999997e-30	4.3050861e-09
1.5321723916842176	1.69882e-30	4.717279e-09
1.5729543582625853	1.7824e-30	5.191055099999999e-09
1.6187336065052764	1.87486e-30	5.74310625e-09
1.6623091248311452	1.96113e-30	6.278958e-09
1.7036744316816133	2.04099e-30	6.854561e-09
1.7508763820323703	2.12922e-30	7.545265e-09
1.7983051869333886	2.21676e-30	8.234793e-09
1.8357394285057604	2.28398e-30	8.80726e-09
1.874103773734203	2.35509e-30	9.378747e-09
1.9239761262194623	2.4342000000000003e-30	1.0180631999999999e-08
1.976207766027437	2.52053e-30	1.1092031999999998e-08
2.0205805160585095	2.59152e-30	1.183301e-08
2.067338479646613	2.66255e-30	1.268806e-08
2.1281257767787207	2.74965e-30	1.3823879999999998e-08
2.1904880926454986	2.8370900000000002e-30	1.5014286e-08
2.2417572210045082	2.9058600000000003e-30	1.6036083000000002e-08
2.2952624870732348	2.97251e-30	1.71636465e-08
2.3648193329625795	3.0544999999999997e-30	1.86242875e-08
2.437633162037815	3.1368e-30	2.0202895999999996e-08
2.4997589010164636	3.2026e-30	2.1672357000000005e-08
2.565595332281526	3.2661e-30	2.317651e-08
2.651181072536462	3.342e-30	2.5245240999999996e-08
2.7405585245600483	3.4158e-30	2.7477386999999996e-08
2.816671466951939	3.4722e-30	2.9417738e-08
2.897438168403471	3.5238e-30	3.1521308e-08
3.0019500597087623	3.581e-30	3.43382935e-08
3.105923981652006	3.6309e-30	3.727185e-08
3.181560529488348	3.661e-30	3.94793e-08
3.2423348635032982	3.6855e-30	4.123026599999999e-08
3.311914394847669	3.694e-30	4.3295175000000004e-08
3.402364544816061	3.7289e-30	4.59700605e-08
3.5001712637714917	3.7223e-30	4.9083593999999994e-08
3.5873482266575456	3.725e-30	5.1794421e-08
3.6805530390219654	3.7349e-30	5.4750591e-08
3.801693368861396	3.6999e-30	5.8447200000000005e-08
3.924227233795287	3.6721e-30	6.2761895e-08
4.022617293022818	3.642e-30	6.597776499999999e-08
4.124474986090054	3.6219e-30	6.970446e-08
4.256925635649646	3.5457999999999996e-30	7.390033e-08
4.3975754568115315	3.4751e-30	7.920359999999999e-08
4.520433399674367	3.4065e-30	8.341759999999999e-08
4.651684960896864	3.3276e-30	8.8080685e-08
4.820367522912443	3.2192e-30	9.376149999999998e-08
4.992776981110883	3.1002999999999997e-30	9.998743999999999e-08
5.136213872461691	2.9972e-30	1.0513636e-07
5.26004404911136	2.9063700000000003e-30	1.0976514500000001e-07
5.393985457144096	2.80881e-30	1.14268e-07
5.568112528365941	2.68154e-30	1.2029696e-07
5.75633698949687	2.54148e-30	1.2681396e-07
5.924727881376399	2.4179400000000003e-30	1.3227452000000002e-07
6.072377785803484	2.3119100000000002e-30	1.3722891e-07
6.231338009950731	2.20415e-30	1.4202258e-07
6.438002505238598	2.06984e-30	1.476958e-07
6.66650985293732	1.92545e-30	1.5436028999999998e-07
6.861637173954764	1.81132e-30	1.596126e-07
7.022865943604622	1.71983e-30	1.6333904999999997e-07
7.201886591553529	1.6306399999999997e-30	1.6732569e-07
7.4346069523285285	1.5348100000000002e-30	1.7214435e-07
7.684308996580217	1.41426e-30	1.7698799999999994e-07
7.9045199492979625	1.32183e-30	1.80840135e-07
8.139217185439522	1.2352999999999998e-30	1.8396559999999997e-07
8.402660133878454	1.14238e-30	1.87047945e-07
8.651746430065149	1.0609000000000001e-30	1.897672e-07
8.923842259206898	9.8001e-31	1.9157873000000002e-07
9.226109743533373	9.0165e-31	1.9344709999999996e-07
9.504589907875328	8.3004e-31	1.9388908000000002e-07
9.763495765309038	7.764599999999999e-31	1.9441142e-07
10.060059478086092	7.1556e-31	1.9354999999999998e-07
10.36540570273754	6.5578e-31	1.930698e-07
10.616890175598423	6.1209e-31	1.9161450000000002e-07
10.878485879842373	5.7228e-31	1.9006756999999998e-07
11.218573258476663	5.2434999999999996e-31	1.8718343e-07
11.566957032091933	4.7403e-31	1.84035915e-07
11.85246968749198	4.3835999999999995e-31	1.8128922e-07
12.149908410677185	4.113899999999999e-31	1.78188745e-07
12.536598195493688	3.7365e-31	1.7288229e-07
12.933366803900359	3.3465e-31	1.6790927999999998e-07
13.259680870554513	3.0826e-31	1.6371193999999997e-07
13.600319181668011	2.8676899999999998e-31	1.5883937999999999e-07
14.04313926377769	2.57528e-31	1.5179808e-07
14.498209491601468	2.2814800000000003e-31	1.4518602e-07
14.87439915152017	2.08702e-31	1.3978181e-07
15.268704767666865	1.92296e-31	1.34064e-07
15.781298827878281	1.6920200000000001e-31	1.2603289999999998e-07
16.3096106676435	1.50086e-31	1.1835019000000001e-07
16.75003257307899	1.36136e-31	1.1226831e-07
17.214371429670578	1.2157199999999999e-31	1.059625e-07
17.817998980122486	1.04722e-31	9.786230999999999e-08
18.451052806522547	8.9456e-32	9.010266999999999e-08
18.99190646213792	7.720199999999999e-32	8.387575e-08
19.56442253141116	6.5943e-32	7.756896e-08
20.285787593448582	5.3283e-32	7.0381395e-08
20.92107755755836	4.3603e-32	6.460944e-08
21.323128636206825	3.8040000000000003e-32	6.103734e-08
21.701489618249454	3.2875000000000004e-32	5.782391999999999e-08
22.19334269100843	2.73551e-32	5.409746999999999e-08
22.832748444815802	2.1553e-32	4.990062000000001e-08
23.50712220715628	1.63019e-32	4.555236e-08
24.075587302317714	1.28341e-32	4.214637e-08
24.663237810872666	9.986900000000001e-33	3.9034135000000004e-08
25.427219120566278	7.223e-33	3.5413378e-08
26.226362885550362	5.1689e-33	3.197274499999999e-08
26.890755047679352	3.9513e-33	2.9396325000000002e-08
27.57387891410133	3.0388e-33	2.7086317999999997e-08
28.461982070580664	2.21003e-33	2.438975e-08
29.392409804580137	1.62075e-33	2.1861839999999996e-08
30.152080877818797	1.28239e-33	2.0001995999999998e-08
30.8047090111271	1.07628e-33	1.85532375e-08
31.543930767049357	8.9563e-34	1.7069395e-08
32.505016273126984	7.2417e-34	1.5365542499999998e-08
33.48729647575757	6.1215e-34	1.3787129999999998e-08
34.24823145291911	5.3660999999999996e-34	1.26162995e-08
34.86851660891876	4.9374e-34	1.1758162499999999e-08
35.554913662423075	4.5518e-34	1.0900343999999999e-08
36.44710020080711	4.1555e-34	9.877616000000001e-09
37.37396307758819	3.8867e-34	8.870028999999997e-09
38.10702735286051	3.7244e-34	8.08549e-09
38.69976588489988	3.6452e-34	7.524562499999999e-09
39.34889397657559	3.5268e-34	6.9284774999999984e-09
40.19246882561796	3.4322e-34	6.237503999999999e-09
41.067803311696885	3.3418e-34	5.5365345e-09
41.75679298863275	3.2993e-34	5.0074815e-09
42.31582741606191	3.2615999999999997e-34	4.5916185e-09
42.933195870701056	3.1914e-34	4.201211e-09
43.60112048225554	3.1385999999999996e-34	3.7485000000000004e-09
44.177006961989804	3.0817e-34	3.4114289999999993e-09
44.67252211534585	3.0142e-34	3.10994425e-09
45.22248236076456	2.91722e-34	2.8300954499999998e-09
45.93707419408704	2.79374e-34	2.4751272e-09
46.67694410586719	2.62902e-34	2.1203162399999998e-09
47.26968263790656	2.4674e-34	1.8548033699999998e-09
47.780753531851936	2.3366e-34	1.64736922e-09
48.3653901156677	2.1555500000000002e-34	1.4370176099999998e-09
49.12502878111346	1.92691e-34	1.19173047e-09
49.91351038223528	1.62328e-34	9.482431e-10
50.52763805758499	1.38813e-34	7.8174404e-10
51.01343087307269	1.2383999999999999e-34	6.6665823e-10
51.54427052068368	1.07736e-34	5.606489349999999e-10
52.234556509335334	8.592799999999999e-35	4.4082359999999994e-10
52.903777432605594	6.6289e-35	3.3413859500000004e-10
53.269013258525966	5.6345e-35	2.7921915000000003e-10
53.39378326116958	5.3432e-35	2.6226833500000004e-10
53.48420100334508	5.1346e-35	2.53465485e-10
53.60151721362297	4.8564e-35	2.40470685e-10
53.75448199608474	4.5005999999999995e-35	2.232538e-10
53.9372619480094	4.1535e-35	2.0607636e-10
54.131060549518175	3.7393e-35	1.87398344e-10
54.311571955940224	3.4647e-35	1.7199933450000001e-10
54.47944432313344	3.1342999999999996e-35	1.5809122349999998e-10
54.64634445653982	2.8970900000000003e-35	1.45699932e-10
54.8168094471646	2.60595e-35	1.33370405e-10
54.988894827434095	2.38328e-35	1.22321052e-10
55.15903574012992	2.13783e-35	1.1174278499999999e-10
55.327232185252086	1.95757e-35	1.026366495e-10
55.4986694096637	1.7354199999999998e-35	9.3356172e-11
55.671727023720024	1.59412e-35	8.535599100000001e-11
55.84640502742108	1.40701e-35	7.758451749999999e-11
56.027564589701015	1.2416899999999998e-35	7.0258454e-11
56.20094628168629	1.10331e-35	6.37795515e-11
56.36946680473739	9.8713e-36	5.83149e-11
56.54868189944367	8.640500000000001e-36	5.2865904e-11
56.73891564373405	7.4808e-36	4.7456598e-11
56.92558453080604	6.4998e-36	4.2674393999999997e-11
57.10771632687282	5.65e-36	3.8499741e-11
57.29697783737637	4.8590999999999996e-36	3.4726692e-11
57.50049877675348	4.1186e-36	3.115959e-11
57.71114943056737	3.4586e-36	2.7621593999999997e-11
57.920827850594414	2.8973199999999998e-36	2.46778455e-11
58.13569151748458	2.4091799999999997e-36	2.1943057499999998e-11
58.36287014567462	1.97082e-36	1.9413212e-11
58.60366004688034	1.5847e-36	1.7089828e-11
58.852227818380726	1.261e-36	1.5008033599999997e-11
59.10792530431789	9.9378e-37	1.31635168e-11
59.36848395918921	7.754e-37	1.15420627e-11
59.620940665836926	6.053399999999999e-37	1.0193959999999999e-11
59.81603557906148	4.9914e-37	9.257545499999999e-12
59.94339820513664	4.3625e-37	8.7303937e-12
60.068816363638135	3.7843999999999996e-37	8.2721212e-12
60.232151639826135	3.2002e-37	7.719962250000001e-12
60.42270946204547	2.63104e-37	7.1159074e-12
60.60127640089385	2.1711e-37	6.592332600000001e-12
60.746139235132006	1.88218e-37	6.21877865e-12
60.88452051079128	1.5932799999999999e-37	5.91572835e-12
61.04915209869506	1.3392e-37	5.575122e-12
61.23258020647761	1.1006199999999999e-37	5.2199896000000004e-12
61.40142480745766	9.079799999999999e-38	4.9051547999999995e-12
61.54401909619321	7.7606e-38	4.6986296e-12
61.68855785250243	6.4925e-38	4.4919231e-12
61.85902284312721	5.3199e-38	4.283991600000001e-12
62.040506483336095	4.299e-38	4.0606839e-12
62.202869525737256	3.5231e-38	3.8929275e-12
62.34513973654386	2.93935e-38	3.761666300000001e-12
62.4971322852188	2.413e-38	3.628989e-12
62.67861592542769	1.92723e-38	3.4951014000000003e-12
62.867229280073346	1.49467e-38	3.3460335999999997e-12
63.02764785490084	1.18305e-38	3.25178455e-12
63.16473281884434	9.5683e-39	3.1749795000000004e-12
63.319317990950836	7.526900000000001e-39	3.0958567500000002e-12
63.51473698210434	5.5647e-39	2.9981874999999995e-12
63.71534122012094	4.0401e-39	2.90294865e-12
63.874787561161604	3.0143e-39	2.8451115e-12
64.01090029131826	2.30291e-39	2.8038191999999996e-12
64.16905032064315	1.69101e-39	2.7602729e-12
64.36868232487292	1.1811600000000001e-39	2.69840795e-12
64.57317549803686	7.9554e-40	2.6389439999999995e-12
64.73521446250908	5.5308e-40	2.5989894e-12
64.87262350438152	3.825e-40	2.5752317499999995e-12
65.02656052063013	2.80401e-40	2.5504206e-12
65.22100727799679	1.90318e-40	2.5067812000000002e-12
65.4326301655975	1.2677299999999999e-40	2.4803824499999998e-12
65.61022487065905	9.076699999999999e-41	2.44056015e-12
65.75897664004457	7.0812e-41	2.4339010499999998e-12
65.91680259144049	5.7551e-41	2.4096975e-12
66.09958254336516	4.852e-41	2.4001425e-12
66.29500153451866	4.3084e-41	2.37465025e-12
66.48782790224058	4.0061999999999997e-41	2.3496480000000002e-12
66.66995969830737	3.8467e-41	2.3413082000000004e-12
66.84204507857686	3.7616e-41	2.31756525e-12
67.00732482233852	3.7158e-41	2.3100021e-12
67.17163233231335	3.6879e-41	2.3020788e-12
67.34112508915129	3.6702e-41	2.2941555e-12
67.52001610592862	3.6543e-41	2.28587205e-12
67.7050646033559	3.6432e-41	2.2617371e-12
67.88687232149373	3.6324e-41	2.2538677e-12
68.06479110448423	3.6219000000000003e-41	2.2459983e-12
68.23946910818526	3.6103999999999997e-41	2.2381289e-12
68.41414711188632	3.5969e-41	2.2302595000000003e-12
68.59595483002416	3.5817e-41	2.2223901e-12
68.78554041845665	3.5668e-41	2.2138053000000004e-12
68.9777186303207	3.5489e-41	2.2055782e-12
69.1724894656163	3.5299000000000003e-41	2.1969934e-12
69.37374185949079	3.5092e-41	2.1876932e-12
69.56818861685746	3.4895e-41	2.1794661000000004e-12
69.74513516606112	3.47e-41	2.1719544e-12
69.90620189674651	3.4503999999999997e-41	2.1651581e-12
70.05300919855833	3.432e-41	2.1590772e-12
70.1862052273545	3.4146e-41	2.1537117000000003e-12
70.33236437330845	3.3936e-41	2.1465577e-12
70.49019032470437	3.3797e-41	2.1401191000000003e-12
70.63375684722676	3.3562e-41	2.1340382e-12
70.79125872069376	3.3325e-41	2.1265265000000002e-12
70.9957518938577	3.304e-41	2.1313676999999995e-12
71.2167730413978	3.2768e-41	2.1079261e-12
71.41770135734336	3.2515e-41	2.1000567000000004e-12
71.60048130926803	3.2264e-41	2.1072376499999997e-12
71.76705736474547	3.207e-41	2.1003948e-12
71.91840175756252	3.1788e-41	2.0946324e-12
72.08432965718207	3.1528000000000004e-41	2.0867091e-12
72.30016555785906	3.1206e-41	2.0769850499999996e-12
72.58081704432495	3.0779999999999997e-41	2.0636595e-12
72.88350582995905	3.0367e-41	2.0514143999999998e-12
73.15897206956181	2.99441e-41	2.0406098999999997e-12
73.4098083865648	2.95579e-41	2.0170703e-12
73.6846264703097	2.91204e-41	2.01792045e-12
74.04176034800646	2.85422e-41	1.9880966e-12
74.50616402018385	2.78471e-41	1.9677077e-12
75.00751257626088	2.71718e-41	1.9491073e-12
75.46349022228571	2.65273e-41	1.9322954e-12
75.87863404926352	2.59313e-41	1.917272e-12
76.25650891441273	2.54133e-41	1.9033217e-12
76.60035559702278	2.4912600000000003e-41	1.8904445000000003e-12
76.97693415045623	2.44033e-41	1.8743480000000004e-12
77.3836519512815	2.38731e-41	1.86004e-12
77.82925910358009	2.32532e-41	1.828827e-12
78.40871044053274	2.25553e-41	1.8050252500000001e-12
79.03385676546657	2.1869e-41	1.7840655e-12
79.60326168662195	2.12218e-41	1.7645267499999999e-12
80.12113821707516	2.0653e-41	1.7471194999999998e-12
80.59234752576036	2.01603e-41	1.73113325e-12
81.02110262575385	1.96972e-41	1.7172785e-12
81.49133970065222	1.9231200000000003e-41	1.69916075e-12
81.99852165945028	1.8698e-41	1.68281925e-12
82.55463938551893	1.81558e-41	1.66221475e-12
83.15483170992403	1.76555e-41	1.6433865000000001e-12
83.7009030201954	1.71535e-41	1.6259792499999999e-12
84.29947495495576	1.66191e-41	1.60395375e-12
84.94568634527097	0.0	1.5840597499999999e-12
85.65379662001456	0.0	1.55919225e-12
86.4182964543945	0.0	1.53716675e-12
87.11376768990925	0.0	1.5061031999999998e-12
87.74669188513774	0.0	1.4877576e-12
88.44054273100778	0.0	1.47464275e-12
89.3421275293312	0.0	1.445157e-12
90.4835299950735	0.0	1.3999103999999999e-12
91.68974804660469	0.0	1.3579566e-12
92.7873999919395	0.0	1.3299286e-12
93.78620816894626	0.0	1.2955796e-12
94.76946060536368	0.0	1.2701829e-12
95.78382452295976	0.0	1.2356746500000002e-12
96.75281753050362	0.0	1.21287495e-12
97.72181053804749	0.0	1.188348e-12
98.73649853357253	0.0	1.1648574e-12
99.75086245116862	0.0	1.1336150000000001e-12
100.76555044669365	0.0	1.1102909999999999e-12
101.78023844221867	0.0	1.0879960000000001e-12
102.38496785762898	0.0	1.0757974499999999e-12
