1.029948825199024	0.0	2.9213408e-26
1.0555704262613712	0.0	3.3779326000000004e-26
1.0975871297490176	0.0	4.2512399999999996e-26
1.1414899667831202	0.0	5.363966299999999e-26
1.1871493061921021	0.0	6.75073e-26
1.2346364451203302	0.0	8.504685e-26
1.284022680712173	0.0	1.0720048499999998e-25
1.3353825508912873	0.0	1.3520545499999999e-25
1.3887970751399092	0.0	1.7069444e-25
1.4443505137195647	0.0	2.1485128000000003e-25
1.5021238861124893	0.0	2.7067208e-25
1.5622079341387878	0.0	3.4140946e-25
1.624696640397854	0.0	4.300056249999999e-25
1.6896839874890819	0.0	5.4081324500000005e-25
1.7572704395704442	0.0	6.787871999999999e-25
1.8275629423584923	0.0	8.575489999999999e-25
1.900665200790489	0.0	1.0816921499999998e-24
1.9766906421415642	0.0	1.3576184999999997e-24
2.0557591752454276	0.0	1.7071208e-24
2.1318656360787394	0.0	2.1130025e-24
2.2025859217329944	0.0	2.55881675e-24
2.282253999005405	0.0	3.1457118e-24
2.3713041323207573	0.0	3.93688785e-24
2.4563648663308038	0.0	4.83403375e-24
2.5470710378630623	0.0	5.993925e-24
2.6453509105947517	0.0	7.465297e-24
2.7386659094550128	0.0	9.102239999999999e-24
2.839318032626576	0.0	1.1239766999999999e-23
2.9528911428251536	0.0	1.40982555e-23
3.0624651313805575	0.0	1.7457573e-23
3.1646728286110535	0.0	2.1093226e-23
3.2795066019532246	4.539799999999999e-44	2.5932171999999995e-23
3.407258121543122	5.6547e-44	3.231648e-23
3.529143830619125	6.9174e-44	3.9635609999999995e-23
3.6592935268832107	8.503900000000001e-44	4.8834625e-23
3.8027952338198063	1.0597800000000002e-43	6.12304e-23
3.92928284948682	1.27883e-43	7.3870195e-23
4.03473780756534	1.4874e-43	8.589945e-23
4.151341046399548	1.7499399999999999e-43	1.0114776e-22
4.301615982051083	2.14173e-43	1.2392099999999998e-22
4.456330785329158	2.62161e-43	1.5215333000000002e-22
4.58638325821456	3.0874999999999997e-43	1.7976532e-22
4.723662668915423	3.6485e-43	2.130765e-22
4.8972712154509574	4.4775e-43	2.61733745e-22
5.071722364601747	5.4681e-43	3.2057613e-22
5.217200946904906	6.4202e-43	3.7704911999999996e-22
5.371462041082458	7.5673e-43	4.4541637e-22
5.567820858229891	9.260700000000001e-43	5.4753089999999995e-22
5.750730441326131	1.11589e-42	6.5844975e-22
5.879940311596278	1.26944e-42	7.53081e-22
6.007529792221702	1.4318800000000001e-42	8.468817e-22
6.173392876255465	1.66582e-42	9.865905e-22
6.35364502033436	1.95791e-42	1.1631620000000001e-21
6.514841382191323	2.2617e-42	1.3497344e-21
6.662296839861042	2.56582e-42	1.52927775e-21
6.829553458989266	2.9488e-42	1.7644140499999997e-21
7.016416792818628	3.436e-42	2.0603397499999995e-21
7.19080312638363	3.9473e-42	2.3654995000000003e-21
7.340332682798592	4.4326e-42	2.6659381e-21
7.495436379591399	4.9826e-42	2.9968890000000002e-21
7.669369004055879	5.6724e-42	3.4195336e-21
7.832023716593091	6.3836e-42	3.8495625e-21
7.98443756657566	7.1098e-42	4.29404395e-21
8.15924520144829	8.0189e-42	4.8537244e-21
8.348830789880784	9.1163e-42	5.5359465e-21
8.51864762464767	1.02055e-41	6.178262999999999e-21
8.700422934992604	1.14574e-41	6.958097999999999e-21
8.90219385355341	1.3011e-41	7.93555e-21
9.084552504170444	1.45705e-41	8.859469500000001e-21
9.236480237259595	1.5983e-41	9.736544999999999e-21
9.394338596448431	1.75107e-41	1.0693025e-20
9.599544741056048	1.96386e-41	1.2032023499999998e-20
9.80938520004757	2.21713e-41	1.3569325e-20
9.974178826915816	2.4299e-41	1.4906388e-20
10.137384471932235	2.6482e-41	1.6267999999999997e-20
10.349558292012157	2.9512e-41	1.8145974e-20
10.568310894049652	3.3094e-41	2.0356486499999996e-20
10.742373149685708	3.6149999999999995e-41	2.2280789999999997e-20
10.915430763742037	3.9272999999999996e-41	2.4216730999999996e-20
11.105275614517689	4.3022e-41	2.6534088000000004e-20
11.276129498657195	4.6644e-41	2.8801121999999994e-20
11.431686904550524	5.0073e-41	3.09582e-20
11.608179744653665	5.4096e-41	3.3495615999999993e-20
11.837626918346327	5.9594e-41	3.6967854e-20
12.06927782195581	6.5909e-41	4.0915784e-20
12.250307753064172	7.1128e-41	4.4218531e-20
12.40651331481539	7.5721e-41	4.7312439999999996e-20
12.583913573119576	8.113100000000001e-41	5.0406299999999996e-20
12.814527427356436	8.8356e-41	5.524872499999999e-20
13.052951559680858	9.6804e-41	6.0563265e-20
13.246620530018053	1.0399600000000001e-40	6.49446e-20
13.413423440045756	1.10266e-40	6.88695e-20
13.600319181668011	1.17494e-40	7.360437e-20
13.843247997204761	1.27048e-40	8.003072e-20
14.094570431101172	1.3814e-40	8.688287999999998e-20
14.298933973093533	1.47594e-40	9.291527e-20
14.506732741132705	1.5691300000000002e-40	9.874479999999999e-20
14.776851694907892	1.6941899999999998e-40	1.0707479999999998e-19
15.04622526944651	1.83597e-40	1.1631228e-19
15.250977704953604	1.94603e-40	1.2344913000000002e-19
15.453558818336772	2.0505e-40	1.3039096e-19
15.716936951189917	2.1902200000000003e-40	1.3922516999999999e-19
15.997134728555274	2.35242e-40	1.4984984000000001e-19
16.237373697281786	2.49708e-40	1.595832e-19
16.447052117308836	2.6258100000000002e-40	1.6802271500000002e-19
16.678897467675686	2.76187e-40	1.7704876e-19
16.980289941594013	2.94198e-40	1.8949476e-19
17.28858527539885	3.1508e-40	2.0325885999999998e-19
17.533782636438215	3.321e-40	2.1469349999999997e-19
17.780600387122295	3.4798e-40	2.25633975e-19
18.101469944570184	3.6904e-40	2.39910125e-19
18.440876759553692	3.9384999999999995e-40	2.5701479999999995e-19
18.72395883048666	4.1542e-40	2.7189021999999997e-19
18.96487836286395	4.3392e-40	2.8455965999999997e-19
19.23136764383496	4.5352999999999995e-40	2.9878044e-19
19.577806949876564	4.7815e-40	3.16293285e-19
19.94288073683247	5.083e-40	3.3752130999999996e-19
20.25399554861913	5.3474e-40	3.5625744e-19
20.580309615273286	5.6025e-40	3.7507049999999994e-19
21.004495216468655	5.935699999999999e-40	4.0108950000000005e-19
21.450005145388573	6.3483e-40	4.29044e-19
21.80367138924564	6.6986e-40	4.573562e-19
22.09394799020117	6.9599e-40	4.740235499999999e-19
22.421363921813732	7.2621e-40	4.97497e-19
22.846975465896463	7.641299999999999e-40	5.268308499999999e-19
23.31640234597248	8.1179e-40	5.633775e-19
23.740555539374956	8.5793e-40	5.9995845e-19
24.12944905410828	8.9868e-40	6.321955499999999e-19
24.57460249730636	9.4374e-40	6.698349e-19
25.153276047229546	9.997800000000001e-40	7.186486999999999e-19
25.72332912424281	1.0716099999999999e-39	7.72632e-19
26.14203780843902	1.1252400000000001e-39	8.1707499999999985e-19
26.546325024797202	1.16928e-39	8.5551795e-19
27.071882202166396	1.22766e-39	9.080189999999999e-19
27.660407721129495	1.30377e-39	9.7277005e-19
28.227932990296992	1.3765099999999999e-39	1.037183e-18
28.759712463901916	1.4479e-39	1.1007801e-18
29.3477194581787	1.51666e-39	1.1660922e-18
30.112122069179946	1.60541e-39	1.2531455999999999e-18
30.922965047398925	1.72326e-39	1.3629056e-18
31.56275969472103	1.82863e-39	1.46079045e-18
32.06971479896881	1.90265e-39	1.5312401999999998e-18
32.63561967849159	1.9756100000000002e-39	1.6086455000000002e-18
33.370952499266515	2.06359e-39	1.7044478499999996e-18
34.32730646758154	2.17747e-39	1.8322667999999997e-18
35.30796628056741	2.33935e-39	2.000866e-18
36.07991990731306	2.47228e-39	2.13969525e-18
36.84247527411932	2.56125e-39	2.2548575e-18
37.83382965876035	2.67921e-39	2.4054540999999998e-18
39.12301166010132	2.81794e-39	2.5986022999999997e-18
40.31756290619051	3.0506e-39	2.8735559999999998e-18
41.07201632477316	3.1782e-39	3.0231774999999996e-18
41.734431611535584	3.2529e-39	3.1334765000000002e-18
42.59550666874095	3.3667e-39	3.3028449999999995e-18
43.71519591324398	3.4671e-39	3.46773e-18
45.17062989213345	3.5784e-39	3.6907486e-18
46.681805274801356	3.8035e-39	4.0333566000000005e-18
47.85399514379338	4.0127999999999995e-39	4.3221087e-18
48.72187583750659	4.1353e-39	4.526107949999999e-18
49.60628450559595	4.196e-39	4.680313399999999e-18
50.75611299749082	4.2684999999999996e-39	4.88132855e-18
52.25076040578256	4.2937e-39	5.0729308000000004e-18
54.157310861762674	4.322e-39	5.3208560999999995e-18
56.14682526755257	4.4947e-39	5.74099435e-18
57.72767740494353	4.6894e-39	6.1346824e-18
58.958849457003446	4.7619999999999995e-39	6.378672999999999e-18
60.28724488774669	4.7265e-39	6.508946849999999e-18
62.01393209316265	4.6819e-39	6.6882256e-18
64.25006980287925	4.538e-39	6.8119799999999994e-18
66.82000777940864	4.4529e-39	7.033641299999999e-18
69.35526941754097	4.4097e-39	7.31207155e-18
71.72557538984057	4.3506999999999996e-39	7.5456227e-18
74.32759708133545	4.0789999999999996e-39	7.4756997e-18
77.11985251712072	3.9272e-39	7.599336499999998e-18
79.65608638903988	3.7937e-39	7.6958175e-18
81.93889132052449	3.6676e-39	7.760460750000001e-18
83.99322131210327	3.5253e-39	7.757704499999999e-18
85.84208589673128	3.4015e-39	7.7371686e-18
87.50622606186097	3.2795e-39	7.701704849999999e-18
89.00379017151322	3.1633e-39	7.645065749999999e-18
90.35163027799311	3.0664e-39	7.5922119e-18
91.56465396603214	2.96888e-39	7.521353e-18
92.65647250864595	2.8797399999999998e-39	7.4504353e-18
93.68088284203931	2.78176e-39	7.347354e-18
94.69557083756435	2.6842e-39	7.2284604e-18
95.71025883308937	2.58606e-39	7.108479e-18
96.72462275068547	2.48878e-39	6.9808046e-18
97.73931074621049	2.3964799999999998e-39	6.8583976999999994e-18
98.75367466380659	2.3072999999999998e-39	6.737303999999999e-18
99.76836265933161	2.2177000000000002e-39	6.61144995e-18
100.78305065485665	2.12602e-39	6.469411199999999e-18
101.79741457245274	2.03714e-39	6.3239253e-18
102.39371796171048	2.08809e-39	6.501221999999998e-18
