1.0248575609353072	1.49944e-27	6.86758275e-06
1.025026081458358	1.494e-27	6.8859945e-06
1.0256936819919837	1.48201e-27	6.8859945e-06
1.0283673249057754	1.4545999999999998e-27	6.8850782e-06
1.0332900686464412	1.35755e-27	6.90256875e-06
1.0396873669638045	1.26036e-27	6.9200544e-06
1.0480064473998083	1.15826e-27	6.937535149999999e-06
1.058820927888684	1.05061e-27	6.93568785e-06
1.0728761876670043	9.3848e-28	6.93384055e-06
1.091150942080181	8.2432e-28	6.894299999999999e-06
1.1149090950510976	7.115000000000001e-28	6.8162160500000005e-06
1.1396978158360576	6.070800000000001e-28	6.721663199999999e-06
1.1609929765469966	5.4356e-28	6.59046815e-06
1.1838404705375793	4.9916999999999995e-28	6.440165549999999e-06
1.2083310396279103	4.5661e-28	6.2541787000000004e-06
1.2301933367145022	4.3175e-28	6.06833885e-06
1.2538380624102883	4.0454e-28	5.84521245e-06
1.2789152125520087	3.8302000000000003e-28	5.622321249999999e-06
1.300949270940941	3.6686e-28	5.400387999999999e-06
1.3246879792361208	3.4878e-28	5.159641199999998e-06
1.3501443005547062	3.2518e-28	4.9191492e-06
1.3728167924636592	3.0483e-28	4.69781865e-06
1.3972652314232274	2.76017e-28	4.47606425e-06
1.4242706452421674	2.38848e-28	4.21802535e-06
1.4490464029099694	2.00992e-28	4.01555e-06
1.47167352390887	1.6558e-28	3.8132363499999997e-06
1.4970715112002455	1.28026e-28	3.6101142000000002e-06
1.5246667468498643	9.4592e-29	3.3894966e-06
1.5500031593347405	7.0342e-29	3.1877562499999997e-06
1.5732816769708193	5.332100000000001e-29	3.0221877e-06
1.5986764234829052	3.9396000000000003e-29	2.85679555e-06
1.6267059235573096	2.86265e-29	2.67339345e-06
1.6531928126899385	2.1554599999999998e-29	2.5265404500000003e-06
1.6823306592813327	1.6108499999999998e-29	2.361359e-06
1.7136625134516807	1.2209100000000001e-29	2.1966945e-06
1.7412188597498262	9.858400000000001e-30	2.0684958e-06
1.7663770293737826	8.2811e-30	1.9588338e-06
1.7950384814096287	7.0213e-30	1.8487601999999998e-06
1.8260819062232163	6.0501e-30	1.7189094649999997e-06
1.8530387083528146	5.5864e-30	1.6204422499999997e-06
1.8761713909208684	5.1626e-30	1.5363249299999998e-06
1.9015078034057447	4.9476000000000006e-30	1.4504891799999998e-06
1.9287303494370769	4.7359000000000004e-30	1.3575151099999999e-06
1.9517463639507109	4.777100000000001e-30	1.2828812499999998e-06
1.9708313131862487	4.7578e-30	1.2193098750000003e-06
1.9914621141428517	4.7737e-30	1.1554592e-06
2.013914233060122	4.8887999999999995e-30	1.082802e-06
2.033255203859526	5.0405e-30	1.0211658799999998e-06
2.0493067836801444	5.2047000000000004e-30	9.684499649999998e-07
2.066554211058567	5.347600000000001e-30	9.14098185e-07
2.0853604532752126	5.6246999999999996e-30	8.542522799999999e-07
2.1016356468668023	5.7320999999999996e-30	7.999681199999999e-07
2.1152242344274423	5.8728000000000006e-30	7.565208e-07
2.1298790383743103	6.0636e-30	7.094954999999999e-07
2.1459468220913753	6.2071e-30	6.570054749999999e-07
2.1600312488833002	6.3598e-30	6.10038975e-07
2.17193463121343	6.44e-30	5.721710400000001e-07
2.1848361735647077	6.457e-30	5.306430499999999e-07
2.199085880100394	6.4865e-30	4.837427e-07
2.2117702902392797	6.461000000000001e-30	4.4405907e-07
2.222669030989681	6.3774e-30	4.0799164e-07
2.234562690981942	6.225e-30	3.7194381e-07
2.247859608406532	6.0555e-30	3.3232289999999993e-07
2.2590662231894307	5.7578e-30	2.9815177e-07
2.267505212459144	5.5805000000000006e-30	2.7476505e-07
2.276255316540644	5.3931999999999994e-30	2.5138469999999997e-07
2.2876304518465935	4.9452e-30	2.20799145e-07
2.299699113920484	4.5255e-30	1.9023024999999998e-07
2.3098265491999976	4.0786999999999996e-30	1.6454464599999998e-07
2.318353039510526	3.7366e-30	1.4478669450000001e-07
2.327637872174784	3.3504999999999996e-30	1.25196421e-07
2.3381023485003998	2.8818199999999998e-30	1.041823055e-07
2.3475524609084197	2.46314e-30	8.641826199999998e-08
2.3551358844457195	2.12493e-30	7.331999849999999e-08
2.3616336469210553	1.8563099999999997e-30	6.3093184e-08
2.368870307074385	1.5813500000000002e-30	5.340681500000001e-08
2.3766060472382886	1.2971100000000001e-30	4.3543898999999994e-08
2.382935289190573	1.0801e-30	3.6192037000000006e-08
2.3878547921519497	9.218599999999999e-31	3.1175319000000005e-08
2.392997908884298	7.8106e-31	2.6692455999999998e-08
2.399686877337711	6.1826999999999995e-31	2.1673459499999994e-08
2.4061878805923365	4.6988e-31	1.7067753499999997e-08
2.4099277398923555	3.9467000000000004e-31	1.468579e-08
2.4115546110956565	3.672e-31	1.38600567e-08
2.412951386969407	3.4229e-31	1.319749585e-08
2.414769464150785	3.1364e-31	1.23558645e-08
2.41713523303208	2.78581e-31	1.13157072e-08
2.419808875945871	2.46561e-31	1.02772404e-08
2.4224598334046368	2.14081e-31	9.274582800000001e-09
2.4249519926782193	1.8677099999999999e-31	8.39610835e-09
2.4272432236358568	1.6382e-31	7.6621202e-09
2.429476120566284	1.45706e-31	7.03554495e-09
2.4319261497091036	1.2617800000000001e-31	6.390192900000001e-09
2.4345771071678692	1.07273e-31	5.727904000000001e-09
2.4370887111171884	9.194e-32	5.1551136e-09
2.43941234986772	7.9768e-32	4.6890795e-09
2.441817008100488	6.778000000000001e-32	4.2416482499999996e-09
2.444348056725544	5.7472e-32	3.8115924e-09
2.446872623792021	4.8523e-32	3.4358015999999993e-09
2.449393950079209	4.0723e-32	3.0779055999999996e-09
2.4519412026007124	3.4009e-32	2.77331425e-09
2.454527344473689	2.81382e-32	2.4870366499999995e-09
2.45714589413956	2.31397e-32	2.2365437499999998e-09
2.4597936108190357	1.89498e-32	2.0036688e-09
2.462493179967143	1.5413300000000001e-32	1.8068799e-09
2.465264046259618	1.24145e-32	1.6152367350000001e-09
2.46810945047575	9.8883e-33	1.4488834500000001e-09
2.470436330005571	8.1513e-33	1.3218825549999999e-09
2.4719562554923207	7.1284e-33	1.2521214999999999e-09
2.4733919207175443	6.2985e-33	1.194718e-09
2.4752391649125274	5.3621e-33	1.1249664999999998e-09
2.4773748384642715	4.4663e-33	1.048061e-09
2.479332269155096	3.7465e-33	9.81751995e-10
2.480900806331187	3.305e-33	9.352573649999999e-10
2.482430454155805	2.84662e-33	8.95915755e-10
2.484300383805814	2.4121499999999997e-33	8.5120938e-10
2.4863517970960323	2.00665e-33	8.046045000000001e-10
2.488150429601674	1.66704e-33	7.670562900000001e-10
2.4895990579440554	1.45306e-33	7.4023614e-10
2.4911092610929364	1.24094e-33	7.169920100000001e-10
2.493037524770156	1.02776e-33	6.882895249999999e-10
2.4951116235154003	8.4165e-34	6.578975199999999e-10
2.4968259957595165	6.8998e-34	6.364443399999998e-10
2.4981806415025045	5.8482e-34	6.203544549999999e-10
2.4996422329620436	4.97e-34	6.078400999999999e-10
2.5015380888463685	3.9596e-34	5.898815999999999e-10
2.5035797797987187	3.1662e-34	5.720063999999999e-10
2.5052520219120717	2.54292e-34	5.577062399999999e-10
2.506609908434349	2.08693e-34	5.4876864e-10
2.508110389245362	1.67997e-34	5.3975705e-10
2.5100613383776076	1.2698e-34	5.290334e-10
2.5121386779021413	9.389600000000001e-35	5.16522475e-10
2.513797956898337	7.101400000000001e-35	5.09373375e-10
2.515139639524167	5.5482e-35	5.0394246e-10
2.516649842673048	4.1199000000000004e-35	5.003684e-10
2.5186072733638722	2.94233e-35	4.9322028e-10
2.5206684089919587	2.01719e-35	4.8600552e-10
2.5222985209745494	1.4175599999999999e-35	4.80645165e-10
2.5236337220418004	9.9594e-36	4.7885838e-10
2.5251244805149446	7.405400000000001e-36	4.77071595e-10
2.5270235771785594	5.0237e-36	4.734331e-10
2.5290749904687773	3.3653e-36	4.6807348e-10
2.5307828811543143	2.4050399999999998e-36	4.662869400000001e-10
2.5322315094966963	1.84896e-36	4.6450039999999997e-10
2.5337870835556293	1.46866e-36	4.6450039999999997e-10
2.5355630306062453	1.2244e-36	4.6265040500000005e-10
2.5374686088284384	1.07273e-36	4.6086411000000006e-10
2.5393806686092106	9.8862e-37	4.5907781500000007e-10
2.5412019865698783	9.468e-37	4.5722879999999996e-10
2.5429260811518626	9.2759e-37	4.5722879999999996e-10
2.5445723970309	9.2068e-37	4.5722879999999996e-10
2.5462057497927804	9.1948e-37	4.5722879999999996e-10
2.5479071589197386	9.2177e-37	4.571660799999999e-10
2.5497284768804063	9.2539e-37	4.553802749999999e-10
2.5516340551025998	9.3058e-37	4.553802749999999e-10
2.553539633324793	9.357999999999999e-37	4.553802749999999e-10
2.5554322484298284	9.4114e-37	4.5531779999999996e-10
2.55729245574197	9.4542e-37	4.5531779999999996e-10
2.5592012747434523	9.4918e-37	4.5531779999999996e-10
2.5612624103715387	9.5296e-37	4.55255325e-10
2.563517992756992	9.5614e-37	4.55255325e-10
2.5659032063140232	9.5944e-37	4.55255325e-10
2.5683143461053697	9.6239e-37	4.5519284999999993e-10
2.5707092820002693	9.6361e-37	4.5519284999999993e-10
2.5732565345217724	9.6432e-37	4.5519284999999993e-10
2.575862121070486	9.6566e-37	4.5513037499999997e-10
2.578234371510359	9.653100000000001e-37	4.5513037499999997e-10
2.580392730517129	9.6447e-37	4.5513037499999997e-10
2.5827584993984236	9.6194e-37	4.5328332000000007e-10
2.585833998944106	9.6035e-37	4.5328332000000007e-10
2.5891525569364973	9.5862e-37	4.5322109e-10
2.5921762040135485	9.5565e-37	4.5322109e-10
2.5949243848509975	9.528799999999999e-37	4.5143675499999996e-10
2.5979350688108913	9.4972e-37	4.513747699999999e-10
2.6018531709718293	9.4371e-37	4.513127849999999e-10
2.606079147165265	9.3854e-37	4.4952893999999993e-10
2.609929192961125	9.3285e-37	4.494672e-10
2.613429234593725	9.2775e-37	4.476836e-10
2.617266317272427	9.2061e-37	4.4762210499999997e-10
2.6222538765988817	9.1367e-37	4.457775e-10
2.627636810998649	9.0661e-37	4.4399438999999995e-10
2.632536869284289	8.987799999999999e-37	4.43933385e-10
2.6369961815865643	8.9205e-37	4.4208976000000004e-10
2.6410536372569484	8.8483e-37	4.4208976000000004e-10
2.6454999864420663	8.7686e-37	4.402466249999999e-10
2.6512782959151453	8.6778e-37	4.3840398e-10
2.6575200368266154	8.5875e-37	4.3834371000000004e-10
2.6631978821417217	8.4979e-37	4.365018e-10
2.6683636843290963	8.418400000000001e-37	4.3472016e-10
2.67306605507808	8.3497e-37	4.3466037999999996e-10
2.6782188941482965	8.2604e-37	4.3281945000000004e-10
2.6837800714089832	8.1917e-37	4.3097901000000003e-10
2.6888421686590953	8.1053e-37	4.3097901000000003e-10
2.694390382802624	8.016399999999999e-37	4.2913905999999993e-10
2.700379342929517	7.9409e-37	4.2729959999999994e-10
2.705827092915073	7.861799999999999e-37	4.272408e-10
2.7107887260072125	7.793e-37	4.2540207500000004e-10
2.7162202720963213	7.7143e-37	4.2362215e-10
2.722089323389505	7.6461e-37	4.2356384e-10
2.7274268868792197	7.5756e-37	4.2172609500000003e-10
2.7322848150340966	7.5125e-37	4.2166803e-10
2.737609415406654	7.4391e-37	4.1983102000000003e-10
2.7433553170868388	7.3753e-37	4.1983102000000003e-10
2.748585934860002	7.3092e-37	4.179944999999999e-10
2.7533433988569067	7.2493e-37	4.1793692499999996e-10
2.7585578127336223	7.1776e-37	4.1610114e-10
2.76533752300714	7.1027e-37	4.1426584499999995e-10
2.772658443421995	7.0239e-37	4.1420876e-10
2.779318244861803	2.3088e-37	4.1237420000000004e-10
2.7853785021330637	0.0	4.1237420000000004e-10
2.7908943084836983	0.0	4.1054012999999997e-10
2.796938361858512	0.0	4.087065499999999e-10
2.8034620505681636	0.0	4.086502e-10
2.8093991582264257	0.0	4.06817355e-10
2.8148047780812187	0.0	4.049849999999999e-10
2.8207256818430335	0.0	4.0315313499999995e-10
2.828422532655464	0.0	3.9954600000000005e-10
2.836731890753599	0.0	3.9593984500000006e-10
2.844292628835873	0.0	3.9410993999999994e-10
2.8511728032673633	0.0	3.9050549999999994e-10
2.8587140966739004	0.0	3.8690204e-10
2.866854934248985	0.0	3.8507409499999994e-10
2.8742633557046546	0.0	3.8147235e-10
2.881004176626699	0.0	3.7964563e-10
2.8883899126273427	0.0	3.7599366e-10
2.897992341661966	0.0	3.723950999999999e-10
2.9083595946088985	0.0	3.6874655999999997e-10
2.917793503120471	0.0	3.6515044999999996e-10
2.9263783274582096	0.0	3.6155532000000003e-10
2.9341918463250596	0.0	3.5973325500000003e-10
2.9427539852077715	0.0	3.5609059499999997e-10
2.951993446961978	0.0	3.5249864999999996e-10
2.960403269218086	0.0	3.5067878999999996e-10
2.969620045517266	0.0	3.4704054e-10
2.9816012065503417	0.0	3.4168141000000003e-10
2.9945351566945138	0.0	3.3804708e-10
3.0063056670737756	0.0	3.3441471e-10
3.0170164426253896	0.0	3.30830115e-10
3.0267614659487485	0.0	3.27201175e-10
3.0374430744867573	0.0	3.2361903e-10
3.0489737671986004	0.0	3.1999351999999996e-10
3.059467410537821	0.0	3.181815e-10
3.07096245467748	0.0	3.1455893e-10
3.0833778801353415	0.0	3.1093832e-10
3.094671995959055	0.0	3.0731967e-10
3.107048532065443	0.0	3.0370298e-10
3.1204135058551117	0.0	3.001299e-10
3.1325729097491073	0.0	2.9651664e-10
3.14363693024327	0.0	2.9290534e-10
3.155763926344371	0.0	2.8933617999999995e-10
3.1688534338944363	0.0	2.8749206499999995e-10
3.180766538562434	0.0	2.83885665e-10
3.193820397540316	0.0	2.80281225e-10
3.20791454667011	0.0	2.766787449999999e-10
3.220738310318441	0.0	2.73078225e-10
3.234790329317472	0.0	2.69479665e-10
3.249950694833492	0.0	2.65883065e-10
3.263756414606526	0.0	2.6228842499999994e-10
3.278890853888231	0.0	2.5865973e-10
3.29522438150703	0.0	2.550695e-10
3.3100995584455797	0.0	2.5148123e-10
3.3263682704785906	0.0	2.4789492e-10
3.3439657020202738	0.0	2.4427651500000005e-10
3.3599427439172342	0.0	2.4069461499999995e-10
3.377475359873128	0.0	2.3708159999999996e-10
3.3964015109234835	0.0	2.3350411000000003e-10
3.4136424567433274	0.0	2.2989648499999998e-10
3.429327828504238	0.0	2.2807784999999996e-10
3.4465039587382935	0.0	2.2447488000000003e-10
3.468832928042565	0.0	2.19121875e-10
3.4929119181631365	0.0	2.1549538500000002e-10
3.514851993952675	0.0	2.1190245999999999e-10
3.534815194375652	0.0	2.0834162999999997e-10
3.5566904545794014	0.0	2.0472542999999996e-10
3.5803157355994513	0.0	1.9939226999999998e-10
3.601802102288467	0.0	1.9581184000000002e-10
3.621344001403817	0.0	1.93981935e-10
3.642765552507044	0.0	1.9040665e-10
3.6659047166336767	0.0	1.8683430499999996e-10
3.6869697820150646	0.0	1.8326489999999998e-10
3.710044130555909	0.0	1.7967319999999997e-10
3.7349333154988416	0.0	1.7611016499999999e-10
3.7575863627320576	0.0	1.73421535e-10
3.778230126805818	0.0	1.7056089049999998e-10
3.8008183584532453	0.0	1.6750488299999997e-10
3.830212226608506	0.0	1.6375611349999998e-10
3.8619070480592717	0.0	1.5964111800000002e-10
3.8907823915282216	0.0	1.56248897e-10
3.917032703772721	0.0	1.5305568950000002e-10
3.945810823862986	0.0	1.4964923400000003e-10
3.983241824656069	0.0	1.4535947999999999e-10
4.025242324247268	0.0	1.4090346899999998e-10
4.067210416045572	0.0	1.36627974e-10
4.109437770187032	0.0	1.32359535e-10
4.152151241221909	0.0	1.28271024e-10
4.195934169422302	0.0	1.24189275e-10
4.240656923616635	0.0	1.20286866e-10
4.286222280426223	0.0	1.1637438749999998e-10
4.332630239851066	0.0	1.1265771299999998e-10
4.380075248648532	0.0	1.0893170400000001e-10
4.428492491232831	0.0	1.05212898e-10
4.4779467831897515	0.0	1.0167303999999999e-10
4.528373308933506	0.0	9.83116155e-11
4.579739660671199	0.0	9.4956708e-11
4.632013430609936	0.0	9.159520999999999e-11
4.685227026542613	0.0	8.842483649999999e-11
4.739542487433701	0.0	8.52484115e-11
4.794927405490305	0.0	8.2249685e-11
4.85141418850532	0.0	7.92576225e-11
4.909132467650324	0.0	7.627222399999999e-11
4.967985019546634	0.0	7.3463544e-11
5.02790702860846	0.0	7.083099449999999e-11
5.088995718214487	0.0	6.819447599999999e-11
5.151186272778924	0.0	6.55645725e-11
5.215224071538344	0.0	6.2941284e-11
5.281660046971954	0.0	6.0493587e-11
5.350170121150808	0.0	5.8043636e-11
5.4206570706962225	0.0	5.560863e-11
5.492667186507676	0.0	5.3340322e-11
5.566232876378064	0.0	5.1070936e-11
5.641645810443434	0.0	4.8983438e-11
5.719165251046943	0.0	4.6727478e-11
5.7991152761175355	0.0	4.46457375e-11
5.8817551479983665	0.0	4.2731135999999994e-11
5.967570983582854	0.0	4.0662356e-11
6.057178530935991	0.0	3.8755006500000007e-11
6.150350935507515	0.0	3.6854664e-11
6.2463428180608584	0.0	3.4961328499999996e-11
6.345154178596016	0.0	3.3240375e-11
6.447400765177986	0.0	3.151643249999999e-11
6.553601102493078	0.0	2.9804274500000005e-11
6.663949637298658	0.0	2.8094786999999998e-11
6.778997302073933	0.0	2.6552609999999996e-11
6.899327437091003	0.0	2.5017488999999996e-11
7.024875226764078	0.0	2.3482367999999996e-11
7.155608263300263	0.0	2.2121148e-11
7.291850624628505	0.0	2.076032e-11
7.434218058813795	0.0	1.9406939999999995e-11
7.583585576264286	0.0	1.8058264e-11
7.739531875672349	0.0	1.68756e-11
7.900177305050106	0.0	1.571615955e-11
8.064906116332564	0.0	0.0
8.226880265218993	0.0	0.0
8.390993328436455	0.0	0.0
8.570694540036145	0.0	0.0
8.762127372663624	0.0	0.0
8.957319509266858	0.0	0.0
9.155104269301647	0.0	0.0
9.359208548950853	0.0	0.0
9.572095340474455	0.0	0.0
9.790815534719053	0.0	0.0
10.015531170649128	0.0	0.0
10.25090897044147	0.0	0.0
10.49652763278846	0.0	0.0
10.750507505702213	0.0	0.0
11.01019115016539	0.0	0.0
11.278236005195335	0.0	0.0
11.559989356619628	0.0	0.0
11.854770640787487	0.0	0.0
12.160181681024724	0.0	0.0
12.476416924088706	0.0	0.0
12.805323614174414	0.0	0.0
13.14858695651236	0.0	0.0
13.506952330339118	0.0	0.0
13.880743813583631	0.0	0.0
14.27125771796168	0.0	0.0
14.680146840910872	0.0	0.0
15.107800075945951	0.0	0.0
15.555481326989796	0.0	0.0
16.02607488761001	0.0	0.0
16.51860852401977	0.0	0.0
17.035512820686144	0.0	0.0
17.560778327919287	0.0	0.0
18.054154566944298	0.0	0.0
18.49554870616662	0.0	0.0
18.89747015364351	0.0	0.0
19.285521065761575	0.0	0.0
19.675581261039103	0.0	0.0
20.06450718356532	0.0	0.0
20.438266259016938	0.0	0.0
20.788011159933774	0.0	0.0
21.11711229677685	0.0	0.0
21.43671795030185	0.0	0.0
21.756031933690807	0.0	0.0
22.075605179422915	0.0	0.0
22.389928362706122	0.0	0.0
22.694269945777844	0.0	0.0
22.98953734683912	0.0	0.0
23.282082493297263	0.0	0.0
23.578548982695633	0.0	0.0
23.880557204678954	0.0	0.0
24.18574139036593	0.0	0.0
24.492221887768682	0.0	0.0
24.80204038783956	0.0	0.0
25.120025651719846	0.0	0.0
25.451557373030003	0.0	0.0
25.800297632367112	0.0	0.0
26.167153847932212	0.0	0.0
26.55283899116899	0.0	0.0
26.96078828812424	0.0	0.0
27.398358307785024	0.0	0.0
27.872873211345468	0.0	0.0
28.39100900414183	0.0	0.0
28.95759444731539	0.0	0.0
29.578657390344507	0.0	0.0
30.26424424902646	0.0	0.0
31.027933888584027	0.0	0.0
31.884407039198386	0.0	0.0
32.85145557916858	0.0	0.0
33.95623723894017	0.0	0.0
35.235696902412805	0.0	0.0
36.64219511403166	0.0	0.0
38.107999586647345	0.0	0.0
39.63213808647303	0.0	0.0
41.21752731486921	0.0	0.0
42.86611173940956	0.0	0.0
44.580808061454576	0.0	0.0
46.36388482650686	0.0	0.0
48.218582813855875	0.0	0.0
50.14749464693316	0.0	0.0
52.153212949170275	0.0	0.0
54.239302577785615	0.0	0.0
56.40900431206862	0.0	0.0
58.665234853379786	0.0	0.0
61.01188313686645	0.0	0.0
63.452514019747	0.0	0.0
65.99036828131088	0.0	0.0
68.62998301256332	0.0	0.0
71.37524714865164	0.0	0.0
74.23037370265213	0.0	0.0
77.02554583979789	0.0	0.0
79.57117797165644	0.0	0.0
81.86240892929361	0.0	0.0
83.92451679116705	0.0	0.0
85.78018701230289	0.0	0.0
87.45048465808253	0.0	0.0
88.95355809252682	0.0	0.0
90.30658344586985	0.0	0.0
91.5241442249141	0.0	0.0
92.61985170267523	0.0	0.0
93.64620650364226	0.0	0.0
94.66089449916728	0.0	0.0
95.67558249469232	0.0	0.0
96.6899464122884	0.0	0.0
97.70463440781343	0.0	0.0
98.71932240333848	0.0	0.0
99.73368632093455	0.0	0.0
100.74837431645959	0.0	0.0
101.76306231198463	0.0	0.0
102.3762177535475	0.0	0.0
